windninja/windninja_output/Output_2025-08-24_1400-1450_Google earth_Fire_150m_10min/merlingen_7.5mi_point_08-24-2025_1430_150m_vel.asc
ncols	158
nrows	163
xllcorner	391686.332397
yllcorner	5160024.123721
cellsize	150.000000
NODATA_value	-32768.000000
[rows 114 to 151 of 163, columns 0 to 83 of 158]
3.36 3.61 3.88 4.02 4.23 4.23 4.02 3.94 3.95 4.09 4.45 5.25 5.29 4.68 5.23 5.60 3.66 1.09 1.05 2.58 4.56 7.03 7.81 5.68 4.69 5.02 4.91 4.53 4.46 4.57 5.92 8.85 10.63 11.26 10.80 8.49 6.45 5.17 3.78 2.75 2.41 3.03 3.99 4.01 2.79 1.75 1.51 1.42 1.32 1.28 1.16 0.83 0.32 0.99 1.88 2.32 2.38 2.65 3.31 3.77 3.64 3.43 3.70 4.05 3.82 3.71 4.01 4.16 4.10 3.74 3.31 3.18 3.16 3.07 3.25 3.51 3.36 2.99 2.72 2.78 2.93 2.63 2.00 1.63
3.02 3.53 4.07 4.16 4.24 4.29 4.27 4.05 3.86 4.01 4.53 5.02 4.78 4.69 5.79 6.37 4.22 1.10 0.43 1.52 3.29 5.46 7.30 7.48 6.59 5.64 5.08 4.96 5.54 4.72 4.54 7.41 10.96 12.56 11.20 8.51 6.39 5.08 3.94 2.91 2.76 3.65 4.24 3.99 3.03 2.09 1.66 1.38 1.22 1.15 1.11 1.00 0.57 0.43 1.52 2.20 2.38 2.50 3.00 3.61 3.69 3.51 3.68 4.10 4.04 3.75 3.90 4.17 4.25 4.09 3.81 3.67 3.62 3.31 3.08 3.40 3.65 3.38 2.90 2.74 3.02 2.95 2.41 2.03
2.64 3.32 4.06 4.26 4.26 4.21 4.26 4.27 4.30 4.47 4.91 4.67 3.92 4.21 6.05 7.20 4.90 1.25 0.10 0.76 2.37 3.92 5.48 7.17 7.66 6.72 5.35 5.33 6.51 5.25 3.95 6.04 9.93 12.84 11.99 8.84 6.36 4.62 4.03 3.59 3.49 4.13 4.17 3.87 3.34 2.27 1.43 1.07 1.01 0.97 0.96 1.03 0.86 0.17 1.02 1.99 2.38 2.45 2.77 3.36 3.58 3.54 3.72 4.06 4.12 3.86 3.89 4.14 4.32 4.30 4.15 4.11 4.23 4.11 3.44 3.19 3.50 3.69 3.29 2.84 2.97 3.05 2.54 2.21
2.40 3.09 3.91 4.24 4.28 4.15 3.97 4.16 4.70 5.22 5.47 4.38 3.08 3.47 6.02 7.89 5.61 1.59 0.32 0.60 1.70 2.96 4.06 5.59 7.13 7.54 6.36 6.03 7.37 5.84 4.09 4.98 7.81 11.75 12.24 9.02 6.14 4.21 4.12 4.46 4.28 4.20 3.93 3.83 3.55 2.38 1.33 1.00 0.99 0.96 0.88 0.96 0.99 0.55 0.50 1.71 2.37 2.50 2.68 3.13 3.37 3.44 3.74 4.12 4.18 3.96 3.96 4.16 4.33 4.40 4.36 4.35 4.57 4.84 4.59 3.81 3.39 3.63 3.70 3.30 3.16 3.15 2.64 2.23
2.28 2.82 3.74 4.26 4.31 4.12 3.81 3.98 4.68 5.41 5.95 4.63 2.67 2.91 5.43 8.17 7.11 2.73 1.00 1.20 1.46 2.35 3.34 4.26 5.41 6.65 6.48 6.63 7.64 7.00 5.44 5.10 6.57 10.51 11.61 9.79 7.14 4.65 4.62 5.01 4.49 4.11 3.91 3.88 3.66 2.79 1.72 1.21 1.05 0.93 0.76 0.80 1.00 0.82 0.28 1.35 2.27 2.57 2.71 3.02 3.22 3.21 3.52 4.04 4.26 4.17 4.14 4.31 4.45 4.48 4.41 4.36 4.54 5.00 5.37 5.01 4.09 3.74 3.85 3.74 3.61 3.41 2.83 2.31
2.20 2.60 3.54 4.32 4.31 3.97 3.88 4.13 4.70 5.09 5.86 5.33 2.88 2.70 4.57 7.55 8.37 4.76 1.79 1.61 1.81 2.20 3.02 3.95 4.78 5.40 5.61 6.03 7.06 7.45 7.33 6.90 8.03 10.29 10.62 10.04 8.61 6.17 5.54 5.41 4.82 4.44 4.26 4.16 3.88 3.23 2.18 1.44 1.05 0.77 0.53 0.59 0.95 0.97 0.52 0.99 2.08 2.60 2.76 3.01 3.19 3.12 3.24 3.66 3.95 4.15 4.19 4.34 4.62 4.66 4.44 4.24 4.33 4.73 5.39 5.77 5.30 4.50 4.16 3.99 3.86 3.66 3.08 2.52
2.04 2.41 3.38 4.45 4.47 3.88 4.06 4.48 4.90 4.73 5.24 5.79 3.57 2.55 3.89 6.72 8.83 6.92 3.07 1.90 2.08 2.37 3.06 4.06 4.90 5.36 5.61 5.87 6.74 7.85 8.67 8.57 8.94 9.71 9.73 9.55 8.70 7.53 6.12 5.27 5.40 5.34 5.12 4.81 4.30 3.62 2.73 1.82 1.08 0.63 0.33 0.33 0.85 1.05 0.77 0.78 1.86 2.55 2.75 3.00 3.25 3.14 3.21 3.42 3.39 3.61 3.64 3.55 4.11 4.66 4.57 4.24 4.11 4.28 4.88 5.70 6.07 5.64 4.98 4.53 4.14 3.85 3.31 2.76
1.81 2.23 3.20 4.36 4.76 4.36 4.65 5.21 5.33 4.47 4.68 6.23 4.43 2.29 3.26 6.04 8.89 8.27 4.71 2.45 2.16 2.62 3.29 4.21 5.23 5.70 5.80 6.22 7.87 9.49 9.63 9.36 9.38 9.18 9.55 9.28 8.20 7.95 5.98 4.55 5.04 5.65 6.12 5.56 4.79 4.12 3.34 2.30 1.21 0.69 0.33 0.19 0.74 1.11 0.98 0.75 1.77 2.54 2.75 3.01 3.27 3.16 3.24 3.48 3.42 3.60 3.52 2.79 2.85 3.88 4.36 4.27 4.07 3.93 4.16 4.92 5.90 6.39 6.14 5.51 4.83 4.29 3.62 3.03
1.54 2.10 2.97 3.73 4.48 4.87 5.45 6.24 6.28 4.76 4.59 6.72 5.22 2.18 2.44 4.73 8.37 9.21 5.97 3.44 2.57 2.94 3.55 4.34 5.54 5.92 6.05 7.07 9.51 10.83 9.74 9.44 9.60 8.71 9.34 9.29 7.85 7.96 6.25 4.20 4.06 4.99 6.61 6.52 5.36 4.61 3.80 2.49 1.44 0.96 0.64 0.35 0.67 1.16 1.09 0.80 1.66 2.55 2.81 3.13 3.29 3.20 3.33 3.56 3.73 4.23 4.28 3.21 2.42 2.67 3.48 3.92 4.02 3.86 3.68 3.95 4.84 6.00 6.67 6.61 5.99 5.16 4.16 3.46
1.37 1.98 2.77 3.01 3.56 4.43 5.25 6.41 7.30 6.22 5.57 7.49 5.89 2.13 1.95 3.63 6.84 9.43 7.97 5.25 4.03 3.66 3.84 4.60 5.63 6.10 6.32 7.98 11.38 11.81 9.25 8.91 9.23 8.30 8.98 9.26 7.55 7.66 7.17 4.45 3.37 4.03 6.00 7.33 6.48 5.22 4.12 2.62 1.58 1.16 0.96 0.68 0.76 1.24 1.17 0.89 1.47 2.48 2.76 3.06 3.31 3.38 3.54 3.65 3.81 4.48 4.92 4.40 3.14 2.32 2.58 3.25 3.59 3.66 3.47 3.30 3.64 4.68 5.90 6.72 6.95 6.49 5.28 4.14
1.45 2.01 2.66 2.66 2.98 3.91 4.62 5.63 7.24 7.16 7.35 8.38 5.59 2.25 2.03 3.19 5.14 8.06 9.34 7.83 6.04 5.05 4.56 4.96 5.61 6.04 6.76 9.89 13.80 11.89 7.90 8.10 8.87 8.14 8.57 9.16 7.54 7.04 7.30 5.12 3.36 3.20 4.50 7.11 7.78 6.31 4.66 3.03 1.68 1.33 1.26 1.06 1.01 1.35 1.35 1.20 1.59 2.57 2.93 2.81 3.10 3.64 3.78 3.77 4.01 4.48 4.91 5.12 4.57 3.07 2.47 2.85 3.09 3.08 3.11 2.92 2.82 3.37 4.47 5.49 6.43 7.12 6.67 5.19
1.56 2.12 2.64 2.56 2.78 3.60 4.26 4.98 6.50 7.01 8.06 9.44 6.66 2.92 2.51 3.16 4.04 5.58 8.01 9.41 9.28 7.50 6.01 5.69 6.38 7.20 9.66 14.36 14.19 9.53 6.19 7.28 8.75 7.97 7.95 9.02 7.79 6.61 6.98 5.70 3.73 2.80 3.25 5.90 8.11 7.55 5.57 3.47 1.92 1.49 1.43 1.32 1.30 1.53 1.61 1.61 2.06 3.01 3.59 3.16 3.09 3.71 3.94 3.97 4.31 4.69 4.82 5.12 5.32 4.62 3.44 3.15 3.18 2.87 2.68 2.54 2.33 2.41 3.05 3.86 4.60 6.08 7.11 6.49
1.51 2.11 2.69 2.49 2.64 3.35 4.05 4.71 5.64 6.33 7.65 10.01 9.04 4.73 3.76 3.56 3.42 4.11 5.73 8.09 9.90 10.38 8.35 7.40 9.53 12.08 13.44 13.77 10.47 6.44 5.18 6.53 8.55 7.82 7.49 8.72 8.09 6.57 6.29 5.70 4.21 2.86 2.72 4.55 7.53 8.27 6.53 4.11 2.41 1.78 1.64 1.48 1.49 1.73 1.84 1.81 2.13 3.08 3.93 3.80 3.53 3.82 3.99 4.08 4.48 4.85 4.93 5.05 5.35 5.39 4.97 4.39 3.84 3.24 2.79 2.47 2.18 2.05 2.25 2.77 3.34 4.46 6.04 6.73
1.38 2.03 2.74 2.45 2.44 3.08 3.96 4.75 5.04 5.49 6.58 9.11 10.19 8.26 6.40 4.43 3.15 3.78 5.13 6.73 9.07 11.22 10.95 9.92 11.02 12.47 11.59 8.89 6.70 5.24 4.67 5.81 7.98 7.83 7.53 8.36 8.17 6.96 5.81 5.37 4.53 3.25 2.83 3.58 6.33 8.36 7.16 4.59 2.91 2.13 1.91 1.74 1.70 1.91 2.00 1.94 2.07 2.91 3.83 3.97 3.87 3.99 4.07 4.23 4.60 4.91 5.02 5.08 5.24 5.40 5.65 5.58 4.87 4.01 3.36 2.85 2.28 2.05 2.17 2.27 2.65 3.49 4.48 5.53
1.31 1.98 2.76 2.50 2.30 2.79 3.78 4.67 4.80 4.78 5.26 7.09 9.37 10.27 9.44 6.07 4.08 4.65 6.30 9.91 11.66 11.49 11.26 10.22 10.31 10.43 8.92 6.95 5.46 4.73 4.73 5.55 6.96 7.34 7.70 8.38 8.26 7.20 5.75 5.26 4.74 3.91 3.43 3.39 5.07 7.80 7.62 4.93 3.30 2.61 2.16 1.99 2.03 2.18 2.20 2.15 2.20 2.86 3.75 4.01 4.05 4.17 4.25 4.47 4.76 5.01 5.10 5.15 5.27 5.35 5.72 6.20 5.93 4.91 4.06 3.50 2.71 2.29 2.31 2.26 2.28 2.68 3.37 4.17
1.30 1.95 2.79 2.58 2.28 2.75 3.55 4.36 4.54 4.34 4.37 5.23 6.95 9.06 10.34 9.86 7.19 7.07 10.68 14.06 12.28 9.63 9.80 10.07 10.55 10.72 9.08 6.66 5.09 4.79 5.10 5.30 5.60 5.99 7.16 8.80 8.92 7.27 5.91 5.53 5.12 4.61 4.18 3.95 4.45 6.46 7.29 5.46 3.94 3.24 2.60 2.30 2.28 2.39 2.37 2.32 2.39 3.01 3.81 4.12 4.18 4.30 4.45 4.66 4.92 5.12 5.18 5.21 5.30 5.43 5.77 6.37 6.68 6.05 4.96 4.29 3.48 2.63 2.45 2.51 2.44 2.30 2.38 2.96
1.28 1.94 2.90 2.77 2.37 2.95 3.76 4.24 4.31 4.08 3.99 4.15 4.82 6.24 8.33 10.60 11.39 12.50 14.40 13.25 9.19 7.55 8.14 9.71 11.39 11.63 9.20 6.41 5.51 5.34 5.29 4.89 4.45 4.60 5.62 8.05 9.67 8.40 6.48 5.97 5.66 5.22 4.98 4.77 4.63 4.98 5.86 5.25 4.53 3.81 3.02 2.71 2.55 2.53 2.45 2.33 2.46 3.16 3.94 4.28 4.28 4.34 4.59 4.81 5.02 5.23 5.28 5.25 5.30 5.48 5.83 6.36 6.84 6.85 6.21 5.40 4.38 3.17 2.75 2.77 2.63 2.43 2.17 2.04
1.27 1.88 2.91 3.04 2.66 3.15 3.92 4.42 4.59 4.25 3.90 3.78 4.02 5.04 6.62 9.10 13.62 16.36 14.45 9.77 7.79 7.37 7.46 8.51 11.40 12.34 8.59 6.62 6.29 5.61 5.28 4.90 4.31 3.86 4.38 6.18 8.79 9.60 7.97 6.72 6.41 5.90 5.63 5.42 4.78 3.93 3.59 4.06 4.55 4.08 3.23 2.98 2.85 2.71 2.55 2.39 2.46 3.11 3.95 4.39 4.41 4.39 4.52 4.84 5.06 5.26 5.40 5.31 5.28 5.43 5.87 6.40 6.72 7.03 7.00 6.58 5.51 3.87 3.17 3.16 2.99 2.60 2.16 1.85
1.32 1.85 2.68 3.16 3.21 3.33 3.62 4.34 5.21 4.91 3.98 3.67 3.90 4.78 6.56 8.93 14.71 17.84 13.58 9.15 8.14 7.64 7.46 8.00 10.50 12.40 9.89 7.29 6.84 5.81 5.17 4.80 4.18 3.69 4.07 5.11 6.86 8.89 8.92 8.22 7.69 6.63 6.04 5.78 4.63 2.80 1.85 2.60 3.92 4.01 3.33 3.14 3.02 2.86 2.72 2.59 2.63 3.18 4.00 4.43 4.59 4.68 4.48 4.75 5.10 5.23 5.43 5.36 5.21 5.32 5.78 6.31 6.60 7.07 7.32 7.21 6.65 4.81 3.60 3.74 3.48 2.70 2.09 1.86
1.44 1.89 2.47 3.05 3.72 3.62 3.24 3.71 5.20 5.91 4.79 3.88 4.09 5.33 7.00 10.14 16.02 17.62 14.34 10.39 8.81 8.09 7.90 8.09 9.05 10.95 10.99 8.81 7.35 6.21 5.29 4.70 4.03 4.08 4.45 4.95 5.96 7.27 8.08 9.03 9.07 7.43 6.48 6.12 4.56 2.50 1.57 1.85 3.11 3.66 3.34 3.14 3.06 2.96 2.89 2.85 2.91 3.40 4.18 4.61 4.90 5.08 4.79 4.83 5.23 5.31 5.45 5.42 5.10 5.17 5.64 6.06 6.31 6.90 7.61 7.87 7.51 5.62 3.99 4.11 4.01 2.90 1.99 1.80
1.60 2.06 2.47 2.99 3.89 3.83 3.29 3.36 4.16 5.77 5.98 4.65 4.97 6.56 9.37 14.66 17.39 16.42 13.89 11.77 9.65 8.02 7.69 7.44 6.92 8.05 10.58 10.82 8.69 6.88 5.75 5.02 4.51 4.67 4.83 4.83 5.37 5.92 6.98 8.99 9.72 8.24 7.03 6.27 4.53 3.28 2.39 2.04 2.77 3.53 3.52 3.25 3.11 3.04 2.98 3.00 3.15 3.62 4.22 4.64 5.09 5.26 5.09 5.09 5.40 5.59 5.62 5.65 5.29 4.95 5.24 5.75 6.02 6.33 7.43 8.54 8.48 6.59 4.49 4.21 4.24 3.37 2.17 1.67
1.64 2.27 2.71 3.05 3.82 3.95 3.64 3.63 3.71 4.83 5.98 5.62 5.72 8.47 14.72 17.99 16.56 14.41 12.94 12.25 10.76 7.78 6.85 6.42 5.60 5.97 8.47 11.11 10.72 8.20 6.30 5.52 5.28 5.13 5.01 4.87 4.70 4.88 6.69 9.10 9.48 8.51 7.55 5.93 4.62 4.11 3.36 2.74 2.99 3.62 3.77 3.55 3.30 3.15 3.04 3.03 3.26 3.81 4.28 4.64 5.08 5.27 5.26 5.31 5.55 5.85 5.87 6.04 6.06 5.24 4.72 5.12 5.57 5.78 6.78 8.45 9.17 8.06 5.48 4.50 4.21 3.48 2.65 1.98
1.30 2.31 3.12 3.15 3.75 3.98 3.91 3.93 3.95 4.61 5.41 5.92 6.03 10.19 17.87 17.81 14.14 13.18 12.21 11.96 11.07 8.31 6.61 6.21 5.58 5.50 6.91 9.82 11.50 10.03 7.23 6.00 5.88 5.49 5.30 5.20 4.54 4.36 6.80 9.37 8.77 8.12 7.57 5.40 4.62 4.50 3.94 3.22 3.20 3.60 3.78 3.69 3.51 3.32 3.17 3.11 3.35 3.99 4.42 4.77 5.10 5.28 5.41 5.47 5.67 6.05 6.11 6.38 6.99 6.36 4.97 4.50 4.77 4.95 5.73 7.60 9.14 9.08 7.45 5.45 4.29 3.48 2.95 2.54
0.86 1.97 3.24 3.48 3.96 4.13 3.90 3.91 4.26 4.85 5.34 6.11 6.60 12.08 18.81 16.79 13.50 12.52 11.22 11.14 10.84 8.84 7.17 6.64 5.81 5.49 6.27 8.71 11.10 10.80 8.25 6.80 6.49 6.05 5.77 5.36 4.59 4.15 6.72 9.47 8.28 7.11 6.55 5.25 4.68 4.66 4.21 3.55 3.44 3.67 3.77 3.72 3.61 3.44 3.25 3.18 3.47 4.14 4.46 4.76 5.11 5.32 5.54 5.54 5.69 6.15 6.38 6.68 7.51 7.65 6.13 4.74 4.46 4.32 4.20 5.71 8.07 9.09 8.79 7.64 5.41 3.71 3.18 2.97
0.94 1.66 2.72 3.62 4.44 4.41 3.88 3.76 4.23 4.98 5.84 6.79 8.57 15.84 19.34 15.94 12.92 11.37 9.96 10.52 10.90 9.34 7.93 7.17 6.15 5.78 6.30 8.19 9.99 9.90 8.93 8.31 7.54 6.73 6.33 5.35 4.34 4.29 6.46 9.16 7.93 5.70 5.24 4.93 4.71 4.90 4.60 3.95 3.75 3.86 3.89 3.86 3.73 3.58 3.37 3.28 3.63 4.17 4.44 4.69 4.99 5.29 5.61 5.62 5.76 6.22 6.63 7.10 7.75 8.31 7.70 5.94 4.92 4.44 3.90 4.06 6.14 7.87 8.50 8.83 7.61 4.67 3.78 3.26
1.47 1.76 2.16 3.21 4.53 4.82 4.31 4.07 4.35 5.04 6.31 8.36 13.67 19.49 18.51 13.71 11.70 10.64 9.78 10.59 11.26 10.04 8.57 7.46 6.59 6.38 6.81 7.74 8.57 8.10 7.85 9.18 9.11 7.41 6.96 5.65 4.33 4.87 6.47 8.09 6.75 4.80 4.60 4.48 4.54 4.93 4.84 4.32 4.10 4.07 4.02 4.03 3.93 3.84 3.69 3.53 3.77 4.15 4.43 4.70 4.89 5.21 5.47 5.53 5.94 6.51 6.93 7.51 8.02 8.45 8.65 7.72 5.87 4.70 4.12 3.84 4.59 6.27 7.11 8.27 8.51 6.60 4.92 3.52
1.81 2.02 2.34 2.93 3.67 4.60 5.15 4.95 4.82 5.92 7.24 10.80 18.77 20.02 14.26 11.05 10.80 10.15 9.26 10.62 11.93 10.84 9.12 7.89 7.16 7.13 7.30 7.36 7.54 6.88 6.51 8.60 9.67 8.81 8.17 6.40 4.76 5.10 5.67 5.94 5.18 4.60 4.57 4.29 4.34 4.75 4.79 4.52 4.37 4.29 4.21 4.12 3.92 3.92 4.04 3.92 3.89 4.12 4.46 4.70 4.87 5.19 5.20 5.14 5.85 6.86 7.43 7.91 8.29 8.70 9.09 8.87 7.21 5.25 4.41 3.74 3.73 5.12 6.07 7.07 8.15 7.47 5.60 3.92
1.57 2.42 3.17 2.94 2.84 3.58 5.19 5.55 5.81 7.89 9.64 15.67 20.69 16.06 10.39 9.86 9.97 9.81 9.06 10.08 11.81 11.59 10.05 8.75 7.96 7.75 7.60 7.11 6.90 6.46 6.27 7.48 8.73 9.60 9.59 7.39 5.14 4.66 4.10 3.63 4.10 4.52 4.60 4.35 4.34 4.62 4.71 4.65 4.61 4.54 4.50 4.44 4.00 3.70 4.04 4.07 3.97 4.16 4.51 4.75 4.95 5.19 4.97 4.64 5.24 6.55 7.60 8.20 8.65 9.24 9.48 9.52 8.76 6.68 4.84 3.31 3.05 4.51 5.77 6.54 7.74 7.63 5.71 4.02
1.00 2.62 4.01 3.26 2.95 3.51 4.46 5.29 6.86 9.10 12.62 19.81 20.10 11.44 9.04 9.41 9.62 10.38 10.28 10.12 10.60 10.96 10.70 10.18 9.20 8.26 7.54 6.65 6.41 6.48 6.55 7.02 7.76 9.22 10.26 8.47 5.52 4.12 3.20 2.94 3.85 4.68 4.83 4.68 4.62 4.70 4.73 4.79 4.87 4.83 4.84 5.11 4.89 3.96 3.68 3.63 3.76 4.16 4.41 4.75 5.08 5.14 4.80 4.33 4.53 5.54 6.68 7.54 8.41 9.44 9.87 9.91 10.09 8.70 5.08 2.76 2.71 4.45 6.14 7.11 7.48 7.27 6.07 4.22
0.55 2.35 4.33 4.14 3.61 3.94 4.59 5.37 7.14 8.81 14.80 20.04 16.19 10.23 9.28 9.35 9.90 11.34 11.44 9.77 9.19 9.72 10.46 10.97 10.24 9.01 7.93 6.96 6.56 6.87 7.13 7.56 7.51 8.01 9.97 9.10 5.86 3.94 3.33 3.37 3.97 4.76 5.05 5.01 4.95 4.94 4.95 5.00 5.08 5.11 5.23 5.85 6.10 5.12 3.84 2.84 3.21 4.04 4.24 4.59 5.02 5.06 4.77 4.33 4.38 5.04 5.67 6.22 7.01 8.40 9.54 10.07 10.84 10.00 6.09 2.91 2.98 4.45 6.76 7.72 6.65 6.50 6.45 4.45
0.86 2.05 3.91 4.80 4.51 4.60 5.24 6.11 7.40 8.13 13.63 20.42 16.30 10.61 9.75 9.38 10.34 12.10 11.35 8.68 8.53 9.30 10.11 10.87 10.29 8.98 8.11 8.02 7.59 7.28 7.57 7.99 7.15 6.86 9.05 8.45 5.62 4.06 3.65 3.83 4.19 4.73 5.07 5.19 5.15 5.16 5.23 5.25 5.29 5.49 5.85 6.48 6.95 6.40 4.42 2.48 2.71 3.67 4.19 4.56 4.77 4.88 4.87 4.61 4.52 5.21 5.88 5.98 6.09 6.64 7.94 9.67 11.27 10.83 7.52 4.23 3.39 4.33 7.14 8.06 6.27 6.33 6.43 4.14
1.87 2.41 3.26 4.33 5.14 5.73 6.45 7.15 8.05 8.18 11.54 20.45 19.15 11.28 9.54 9.21 10.54 11.99 10.05 8.43 8.89 9.46 10.08 10.30 9.58 8.67 8.19 8.51 8.29 7.60 7.73 7.82 6.47 6.05 7.41 6.84 5.15 4.07 3.82 4.09 4.47 4.84 5.17 5.35 5.33 5.33 5.41 5.42 5.52 6.01 6.66 7.21 7.70 7.17 5.02 2.93 2.62 3.14 4.14 4.77 4.53 4.47 4.85 4.87 4.73 5.51 6.35 6.11 5.95 6.22 6.53 8.21 11.06 11.28 8.38 5.55 4.13 4.28 6.93 8.17 7.01 6.86 6.03 3.54
3.46 3.37 3.27 3.45 4.60 6.23 7.49 8.61 9.36 8.75 12.35 20.33 18.52 10.83 8.89 9.06 10.36 11.09 9.58 9.00 9.43 9.63 10.01 9.71 9.11 9.07 8.81 8.60 8.33 7.51 7.70 7.94 6.19 4.92 5.17 5.59 4.81 4.10 3.87 4.12 4.60 4.99 5.34 5.59 5.61 5.54 5.59 5.61 5.88 6.54 7.25 8.02 8.56 7.67 5.82 4.13 3.10 3.15 4.29 4.97 4.39 4.04 4.48 4.79 5.01 5.85 6.58 6.30 6.14 6.48 6.54 7.22 9.86 11.15 8.96 6.49 5.40 5.01 5.87 7.53 7.96 7.06 5.22 3.93
5.31 4.44 3.49 3.45 4.18 5.55 7.13 9.74 11.12 11.63 17.01 19.95 14.69 9.24 8.23 8.75 10.17 10.21 9.27 9.50 10.01 9.97 9.82 9.54 9.35 9.63 9.18 8.66 8.46 7.18 6.74 7.86 6.59 4.20 4.18 5.06 4.84 4.26 4.05 4.21 4.66 5.08 5.40 5.74 5.95 5.82 5.74 5.93 6.51 7.05 7.67 8.86 9.51 8.28 6.64 5.27 3.99 3.83 4.37 4.85 4.31 3.83 4.11 4.50 5.02 5.82 6.46 6.47 6.46 6.74 6.95 7.25 8.81 10.33 8.96 7.09 6.86 6.42 5.34 6.33 7.90 6.83 5.69 4.69
6.49 5.32 3.88 3.95 4.56 5.21 5.93 8.62 12.97 16.24 18.26 16.00 10.97 8.54 7.63 8.10 9.59 9.76 8.94 9.25 10.13 10.30 10.14 10.55 10.96 10.27 9.45 8.90 8.38 6.58 5.42 6.68 6.52 4.56 4.11 4.83 4.98 4.53 4.26 4.36 4.75 5.17 5.36 5.67 6.10 6.08 5.96 6.48 7.15 7.45 8.14 9.61 10.34 9.32 7.74 6.48 5.18 4.46 4.52 4.65 4.16 3.85 4.14 4.59 4.98 5.61 6.25 6.55 6.56 6.81 7.12 7.04 8.04 9.32 8.84 7.64 7.73 7.28 5.50 6.08 7.39 7.42 7.39 6.09
6.20 5.99 5.11 4.77 5.17 5.79 6.08 8.01 15.12 18.33 15.87 12.08 10.20 8.67 7.62 7.65 8.66 9.35 9.00 8.81 9.25 9.52 9.21 10.37 12.53 12.78 10.68 8.83 7.56 6.03 4.39 4.86 5.76 4.78 4.22 4.64 5.01 4.86 4.62 4.60 4.86 5.32 5.46 5.58 6.00 6.19 6.18 6.87 7.50 7.71 8.62 10.18 11.03 10.69 9.44 7.65 6.04 4.93 4.81 4.55 4.05 4.05 4.42 4.87 5.26 5.72 6.21 6.48 6.67 7.09 7.16 6.50 6.66 7.97 8.63 8.54 8.49 7.20 5.34 5.98 6.87 7.36 8.51 8.03
4.77 5.76 6.36 6.13 6.91 7.03 6.33 9.06 17.59 19.26 13.70 11.18 10.45 8.96 8.04 7.55 7.64 8.39 9.20 8.99 8.38 8.10 7.55 8.64 11.94 14.61 13.70 9.05 6.75 5.77 4.03 4.01 4.94 4.89 4.46 4.46 4.85 4.99 4.93 4.89 5.01 5.47 5.67 5.61 5.97 6.47 6.58 6.89 7.47 7.93 8.82 10.48 11.73 12.11 11.15 8.65 6.75 5.62 5.07 4.80 4.28 4.28 4.77 5.27 5.71 5.87 6.08 6.29 6.70 7.56 7.55 5.92 4.78 5.79 7.61 9.40 9.29 6.56 4.54 5.43 5.87 6.13 8.09 9.41
3.56 4.75 6.19 7.36 8.76 7.69 6.12 10.07 18.82 18.26 11.55 10.44 10.79 9.95 8.86 7.90 7.20 7.59 8.63 8.85 8.07 7.26 6.77 7.61 10.14 14.19 16.08 11.82 6.79 5.58 4.62 4.14 4.52 4.85 4.72 4.38 4.56 4.80 4.92 5.05 5.22 5.66 5.86 5.66 5.97 6.99 7.40 6.88 7.10 7.97 8.76 10.29 12.26 13.26 12.47 9.77 7.51 6.17 5.47 5.31 4.89 4.63 5.21 5.77 6.06 5.89 5.93 6.15 6.59 7.85 7.92 5.50 3.55 4.40 6.71 9.83 9.88 6.32 4.21 4.52 4.91 5.21 6.75 9.59
