windninja/windninja_output/Output_2025-08-24_1400-1450_Google earth_Fire_150m_10min/merlingen_7.5mi_point_08-24-2025_1420_150m_ang.asc
ncols	158
nrows	163
xllcorner	391686.332397
yllcorner	5160024.123721
cellsize	150.000000
NODATA_value	-32768.000000
[rows 96 to 143 of 163, columns 0 to 95 of 158]
68 68 68 68 67 62 58 56 64 78 81 73 66 65 71 77 77 79 72 49 44 49 54 62 66 67 66 66 66 67 71 75 76 77 79 81 82 82 81 81 80 79 74 69 64 60 60 63 67 70 70 66 61 62 67 72 76 76 75 71 67 62 60 60 59 58 56 55 54 52 50 48 47 45 44 42 40 38 36 34 31 29 27 24 22 21 19 18 17 16 13 9 6 2 358 354
68 71 71 69 67 63 59 58 64 75 81 77 75 73 78 81 84 82 68 47 45 54 63 74 78 74 69 68 69 74 78 78 76 77 79 83 85 86 86 85 85 85 84 79 75 70 68 70 72 72 68 65 63 62 66 70 74 76 76 75 71 68 66 65 63 61 59 58 56 54 52 51 49 48 46 45 43 41 39 37 35 33 31 28 27 25 23 21 20 17 14 12 8 5 2 358
71 75 76 74 74 70 65 63 64 68 72 79 86 87 87 87 86 78 62 51 49 56 68 78 77 66 65 69 73 78 81 81 80 79 80 84 88 91 92 91 90 90 91 87 82 80 80 79 77 73 69 67 65 65 67 69 71 73 74 74 73 72 72 71 68 66 64 61 59 57 55 53 52 51 49 48 46 44 42 40 38 36 34 32 30 28 26 24 22 19 17 14 11 8 5 2
75 78 80 80 82 80 78 75 72 70 72 76 80 86 89 86 81 71 60 53 53 62 72 73 61 53 61 69 74 77 80 82 83 83 84 86 89 92 96 98 97 96 96 92 85 83 82 80 75 72 70 68 66 65 66 68 69 70 72 71 69 70 72 74 75 73 69 65 62 59 57 56 55 53 52 51 49 47 45 43 41 39 37 35 33 31 29 26 24 22 19 16 13 10 8 5
75 77 80 81 82 81 81 81 77 74 74 73 74 80 84 80 77 73 63 58 65 76 76 65 52 53 62 69 74 77 80 83 86 89 91 92 92 92 96 102 105 103 102 99 91 85 82 79 75 72 70 68 66 65 65 66 66 68 70 69 67 66 67 70 74 75 73 69 65 62 61 59 58 57 55 54 52 50 49 47 45 42 40 38 36 33 31 29 27 24 22 19 16 14 11 8
76 78 80 80 79 79 79 79 78 76 74 72 70 69 70 71 71 70 65 69 81 83 72 58 55 60 65 70 73 76 80 84 89 94 98 99 98 97 98 103 109 109 108 108 100 90 84 81 77 74 71 68 67 67 67 66 64 65 67 67 67 67 66 67 70 72 73 71 68 66 64 63 62 60 59 57 56 54 52 50 48 46 44 41 39 36 34 31 29 27 24 22 19 16 13 10
77 79 80 79 78 78 78 78 77 76 74 72 68 62 61 65 67 66 65 73 79 72 60 58 59 63 68 72 74 77 81 85 90 95 99 104 106 105 104 106 111 115 114 115 111 98 87 82 78 75 72 69 68 67 68 66 65 65 64 64 64 65 66 67 68 69 69 68 67 68 69 70 68 65 63 61 60 58 56 54 52 49 47 44 42 39 37 34 32 29 27 24 22 19 16 13
78 78 79 78 77 77 77 77 77 76 75 74 71 70 71 71 70 69 69 74 70 56 56 60 61 63 68 73 76 80 84 86 89 93 98 104 110 112 110 110 113 119 121 121 121 111 96 85 78 75 72 71 70 68 67 66 65 65 64 63 63 62 63 65 67 67 66 65 63 64 70 74 74 71 69 67 65 63 61 59 56 54 51 48 45 42 39 37 34 32 30 27 25 22 20 18
78 77 77 77 77 78 78 77 77 77 78 79 80 84 87 86 81 76 75 73 62 55 57 60 60 61 66 72 76 82 86 87 89 92 96 102 109 114 114 114 117 122 125 127 128 123 109 94 83 76 74 73 71 71 69 67 65 64 64 65 64 63 62 65 65 64 63 60 58 60 64 69 74 77 78 77 75 72 68 65 62 59 55 51 48 45 43 40 38 35 33 30 28 26 24 21
78 77 76 75 76 77 77 77 76 78 81 84 87 91 92 92 87 81 76 69 62 59 60 59 58 60 65 69 74 80 85 88 91 92 94 99 107 114 118 119 121 125 128 130 133 132 121 106 91 81 76 73 71 70 71 69 66 64 64 65 64 63 64 66 66 64 62 58 55 58 61 62 65 71 76 79 82 81 78 75 71 66 60 56 52 49 46 44 41 38 36 34 32 30 27 24
77 76 74 72 73 74 75 75 75 77 80 83 86 88 89 89 85 80 73 65 62 64 63 57 57 60 63 66 71 78 84 89 91 89 90 98 108 116 121 123 125 127 129 132 137 138 133 119 104 91 81 75 71 68 68 68 68 66 65 64 64 63 64 65 65 64 63 59 54 56 59 59 60 62 65 71 76 77 78 80 81 77 68 61 57 53 50 47 44 42 40 39 37 34 30 27
76 74 71 71 72 72 73 74 74 75 77 78 78 77 80 82 81 77 70 64 62 66 66 59 56 57 60 61 67 77 85 89 89 83 88 100 111 116 118 122 127 129 130 133 139 143 144 134 118 102 89 81 75 70 67 65 65 66 66 64 64 64 65 64 64 63 62 59 55 54 57 59 61 61 63 67 69 70 70 74 79 82 77 68 62 57 54 51 48 47 45 43 40 37 33 31
75 72 69 70 71 71 71 72 72 72 72 73 71 69 72 75 77 73 67 64 66 70 70 62 55 55 58 58 63 75 83 86 84 79 90 104 111 112 114 120 129 132 131 135 141 145 150 147 133 113 96 86 80 75 70 66 64 64 65 63 62 64 65 65 64 63 61 59 56 54 55 58 62 63 64 64 66 68 70 71 72 77 82 78 69 62 58 56 54 52 50 47 44 40 38 36
74 71 70 72 72 72 71 70 70 70 70 68 66 66 70 74 75 66 59 62 70 75 73 66 57 55 57 57 64 75 80 81 80 80 91 103 107 108 115 121 126 127 129 137 144 146 152 157 148 127 104 89 81 77 73 68 65 64 64 62 60 62 63 62 63 64 63 60 57 54 54 58 62 63 64 64 65 67 69 71 72 73 77 82 78 70 65 61 59 57 55 52 49 46 44 43
73 73 74 77 77 76 73 71 69 68 68 68 65 65 71 76 76 59 51 59 69 78 78 71 64 60 58 57 64 73 79 79 77 78 89 99 105 110 117 120 117 117 125 137 144 147 153 163 161 143 120 97 83 76 73 70 66 65 65 63 61 62 61 59 60 63 64 63 59 55 54 58 62 62 64 65 66 66 67 70 73 74 76 79 83 80 74 69 66 63 62 59 57 54 52 50
74 76 78 78 77 75 72 71 69 67 66 68 69 69 73 78 76 53 46 55 65 76 84 77 69 67 65 61 62 67 74 79 77 77 88 98 106 114 119 117 116 114 117 129 141 147 155 166 168 158 137 110 88 78 74 71 67 66 66 65 63 62 60 58 57 59 61 63 61 58 56 60 63 63 63 65 66 65 66 69 72 75 76 76 77 80 80 77 75 73 71 70 68 65 62 59
77 79 78 76 75 73 70 69 68 66 63 67 73 74 76 79 77 49 42 52 60 70 80 79 69 74 79 77 70 64 67 74 78 82 92 101 108 114 116 115 115 109 107 118 136 148 156 164 170 168 154 128 97 82 76 72 68 66 66 64 62 61 60 59 57 57 58 59 59 60 61 63 64 64 64 65 65 64 64 66 70 75 76 75 75 74 76 78 79 80 81 80 76 71 68 65
78 78 77 75 74 74 71 69 66 62 61 67 73 74 75 79 79 52 41 49 54 63 70 74 71 79 86 89 84 71 66 68 76 87 97 104 106 107 108 108 105 99 102 113 130 147 154 158 167 172 169 156 115 87 78 73 69 66 65 63 61 59 59 61 59 57 56 56 56 57 58 62 64 63 62 64 65 64 63 63 66 72 75 75 75 72 71 73 74 77 81 82 77 73 71 71
74 74 74 74 73 73 72 71 66 62 65 71 73 69 71 79 84 73 41 50 52 57 63 68 74 80 83 85 87 84 71 68 75 87 98 103 102 100 100 99 93 95 102 110 122 138 150 156 162 170 176 177 146 95 79 74 70 67 65 64 61 58 58 60 59 57 56 55 55 54 54 58 63 63 62 63 64 66 65 63 66 68 69 69 70 66 65 67 67 70 76 76 73 71 71 72
70 71 71 72 72 70 69 68 67 68 74 78 73 63 67 80 90 97 55 58 58 57 57 63 72 79 79 77 81 88 78 69 73 84 94 101 102 100 96 91 91 99 105 108 115 131 148 158 160 166 178 186 179 118 82 74 70 68 66 65 62 58 58 60 59 57 56 56 55 54 54 56 61 64 65 64 64 65 66 64 66 68 66 64 63 58 57 62 65 71 74 71 67 65 65 65
68 71 71 70 70 69 66 64 66 74 83 84 72 59 67 81 92 102 169 89 73 65 61 63 67 73 75 73 81 89 83 72 71 78 90 99 102 97 89 89 95 103 105 104 109 124 141 153 154 158 173 189 195 164 88 74 71 69 68 66 62 58 59 61 61 57 55 56 55 54 53 53 56 60 65 67 66 65 65 66 69 71 69 63 59 55 54 59 65 71 72 67 62 58 58 59
68 70 71 70 71 70 66 64 68 75 83 85 74 62 70 80 88 102 162 139 96 81 74 68 66 67 68 71 81 88 88 80 74 78 86 94 97 91 84 90 98 102 101 100 102 110 124 139 148 152 165 190 206 201 99 74 71 69 69 68 64 60 59 61 60 56 55 55 55 54 53 52 52 55 59 65 67 65 64 65 70 73 70 62 58 56 55 59 65 68 66 62 58 56 59 59
69 70 69 70 72 71 69 69 73 76 78 81 78 72 73 75 82 100 146 154 128 101 88 82 77 72 69 73 77 80 87 94 94 92 89 85 83 79 81 90 94 94 93 93 95 99 113 131 143 150 161 193 215 222 154 75 71 69 68 68 67 63 62 62 59 55 53 54 54 54 53 52 51 52 55 59 61 63 64 65 68 71 69 62 59 59 58 60 64 64 61 58 54 56 61 61
69 68 69 72 75 73 72 76 80 79 77 79 83 81 75 74 80 94 128 151 145 122 104 97 93 89 85 84 82 83 93 104 108 102 93 83 77 75 81 85 81 80 82 85 89 94 103 118 133 144 156 195 223 234 231 75 71 70 69 69 68 67 66 64 59 55 53 52 53 55 55 53 51 51 53 54 56 59 63 66 68 70 68 63 63 63 61 62 63 61 58 55 51 55 60 59
66 66 68 72 76 76 76 81 85 83 78 81 88 86 76 75 80 88 109 140 149 137 120 108 103 100 99 98 98 100 101 104 106 101 94 88 82 81 85 82 75 71 75 81 85 87 91 103 118 132 145 189 230 244 254 65 71 72 70 69 69 67 65 65 63 63 63 59 57 58 57 55 54 53 53 52 53 55 60 65 68 70 68 65 66 66 64 62 61 59 57 53 49 52 57 56
62 66 68 68 68 70 74 80 87 87 81 84 92 96 80 74 77 84 96 119 142 140 129 118 110 107 105 106 109 110 108 104 102 99 95 91 89 87 86 88 80 74 75 80 82 84 88 96 104 112 125 177 237 255 268 36 70 72 70 70 69 64 62 63 63 70 77 80 73 65 60 57 58 58 55 51 50 52 55 60 64 67 68 66 67 67 64 62 60 60 57 51 46 50 55 56
59 68 71 68 62 60 64 70 79 84 83 88 96 108 92 77 75 78 85 96 119 130 130 124 114 110 110 112 113 112 112 109 103 101 97 93 92 87 84 91 90 81 76 75 79 85 89 91 91 89 90 113 250 267 275 360 67 69 67 67 65 60 60 61 61 67 75 84 90 82 70 64 62 61 58 54 50 50 52 54 58 63 66 65 65 63 60 57 57 59 55 47 45 53 60 60
67 75 78 72 64 62 62 64 68 72 79 90 99 113 104 87 76 72 73 83 98 113 120 119 115 114 113 113 115 116 118 113 105 103 100 94 93 88 83 88 95 88 77 72 74 80 84 85 82 75 74 73 293 283 289 341 61 68 68 65 59 57 61 63 63 67 70 73 83 91 84 76 71 66 63 60 55 52 51 51 52 57 61 61 60 60 56 53 56 58 54 45 45 56 62 62
73 78 79 74 69 69 66 64 65 66 72 86 97 105 105 96 81 69 66 74 89 101 109 113 112 111 111 116 122 124 125 115 107 106 102 95 93 92 86 85 93 93 82 74 72 74 78 80 76 69 66 53 333 299 306 346 46 63 67 64 58 60 63 63 65 69 69 67 70 80 88 88 84 80 74 70 65 60 56 52 50 54 56 57 57 57 52 51 57 59 54 46 46 56 61 58
70 75 77 74 71 70 68 66 67 65 67 75 84 92 100 100 89 73 64 67 79 94 104 106 107 109 117 127 131 134 133 116 107 106 103 96 94 96 91 86 91 97 91 80 74 73 74 76 71 67 62 42 350 317 316 346 31 52 59 58 58 63 63 62 65 68 68 66 66 67 76 86 91 93 91 86 82 78 70 62 57 57 56 54 55 54 48 48 54 57 54 46 48 57 59 54
67 73 76 74 71 70 70 72 71 67 64 67 71 80 90 100 97 82 72 70 75 88 103 108 115 124 131 135 139 144 143 119 106 104 105 98 94 96 95 90 91 100 101 89 79 76 75 72 66 60 54 36 355 331 325 342 21 46 55 56 58 63 62 62 65 67 66 65 64 63 66 74 84 92 98 101 100 96 90 81 72 67 60 55 53 50 45 47 53 57 55 48 51 59 57 50
68 75 78 77 73 71 73 76 75 69 62 61 64 71 85 97 99 92 88 86 93 102 110 119 123 126 132 137 141 149 150 126 106 100 101 98 94 94 97 94 94 102 110 102 87 80 76 71 62 53 48 32 355 337 334 345 17 47 58 58 59 61 61 62 65 66 66 65 64 62 64 69 77 84 93 102 111 111 106 99 87 78 69 60 54 46 40 42 47 52 53 50 53 57 54 48
70 77 79 78 77 77 78 78 76 71 64 60 60 63 72 87 95 97 103 116 121 117 113 114 116 115 116 123 135 146 150 135 112 98 92 91 93 93 94 94 95 102 114 118 101 85 76 68 57 50 44 27 357 342 341 350 18 48 59 59 59 60 60 62 65 65 65 64 63 63 64 68 73 80 87 95 108 118 117 113 106 93 78 68 58 46 38 37 40 44 45 45 48 51 51 48
70 77 80 81 81 84 86 83 79 75 72 67 61 58 62 71 87 102 116 123 126 123 110 101 100 102 106 115 124 136 145 140 122 104 90 84 85 88 89 91 94 101 110 121 118 96 79 64 52 49 40 23 357 348 348 355 22 48 58 59 59 59 60 62 64 65 64 64 63 63 64 66 69 74 81 89 99 113 117 118 119 113 100 82 67 55 45 41 41 42 43 43 42 42 43 44
71 77 80 83 84 86 89 89 87 85 84 79 71 66 63 70 85 105 118 124 126 123 115 101 96 98 103 107 114 126 137 142 136 118 100 84 78 78 83 88 92 97 105 116 125 113 87 66 55 51 38 21 360 353 355 2 24 46 56 59 59 59 60 62 64 64 64 64 63 63 64 66 68 69 74 82 93 103 111 116 121 123 121 108 90 73 61 54 54 53 50 47 43 37 36 37
75 78 79 79 83 86 86 86 90 95 94 90 84 80 79 80 89 101 112 119 123 126 124 113 99 95 98 104 109 121 131 141 147 136 115 95 81 76 77 81 87 94 101 109 120 122 99 72 61 54 37 19 4 359 4 10 26 46 57 60 60 62 63 64 64 65 65 65 64 63 64 67 67 68 71 76 85 95 101 107 117 127 131 126 116 101 83 72 68 64 59 55 48 39 36 36
78 81 80 78 83 89 85 79 81 91 99 98 95 92 92 94 95 98 102 111 121 128 129 125 110 95 89 98 106 114 124 135 150 150 130 113 97 84 77 77 84 91 95 100 108 115 103 78 66 54 34 18 9 7 12 17 28 47 57 60 62 65 66 66 66 66 67 66 65 64 66 67 66 67 71 75 81 89 93 96 107 123 135 135 129 123 114 98 83 74 66 61 54 45 40 39
81 84 84 82 85 90 89 81 76 79 90 100 101 101 102 106 106 101 97 103 117 129 134 131 118 96 83 87 97 105 113 123 141 151 142 128 113 98 86 81 83 87 90 91 92 87 82 74 63 49 32 20 14 14 18 22 31 47 57 59 63 65 65 65 67 68 69 69 68 68 69 68 67 67 68 74 82 88 92 94 98 110 129 136 135 133 131 123 107 89 77 67 59 49 42 42
83 86 87 87 86 87 90 91 84 78 81 89 95 100 110 116 114 106 99 98 107 126 134 132 124 104 86 81 86 97 105 112 126 142 145 137 122 108 98 92 87 86 88 86 75 63 58 51 46 40 31 23 18 20 23 25 34 49 57 61 64 65 63 64 66 68 69 71 73 75 73 71 70 67 67 72 78 86 94 96 96 99 111 124 130 134 135 134 124 107 90 75 65 55 45 43
76 81 85 88 87 86 88 94 94 88 82 82 88 98 110 117 116 109 104 101 101 113 126 128 130 120 98 85 82 89 100 107 116 130 140 141 132 118 107 100 93 88 86 80 65 56 48 34 30 34 32 26 23 26 27 28 38 53 60 64 66 65 64 64 65 67 67 69 76 83 85 79 74 70 68 70 73 79 89 96 97 96 97 107 119 127 132 135 131 120 105 90 76 65 52 47
65 76 81 85 86 87 88 89 92 93 89 87 90 98 105 111 113 111 108 104 99 101 113 122 133 132 115 96 87 86 93 102 108 118 131 141 144 132 113 103 98 92 83 71 60 54 45 28 25 33 33 29 30 32 31 32 44 58 63 65 66 64 64 64 64 65 66 68 75 83 93 93 86 78 71 68 69 72 76 87 94 94 94 99 110 119 123 128 130 126 118 106 92 79 66 58
71 79 79 80 86 89 89 86 86 89 92 95 100 103 104 106 109 111 109 103 98 99 107 117 131 139 128 110 97 88 86 93 101 109 120 137 150 145 116 103 100 95 81 65 56 51 42 28 26 33 34 35 37 36 35 39 51 63 66 65 65 64 65 64 63 64 66 69 74 80 91 101 102 98 88 75 70 68 68 73 84 91 93 98 105 109 110 114 121 125 120 107 98 92 83 75
94 91 81 77 83 89 91 89 88 90 93 100 110 111 108 106 106 104 102 98 96 99 106 113 125 137 136 120 106 93 83 83 93 103 111 125 147 149 122 104 97 89 75 61 51 47 40 29 29 34 37 40 41 41 42 49 61 67 67 66 66 65 65 63 62 64 66 71 75 79 85 98 109 112 111 99 80 71 66 68 73 82 90 98 100 93 93 98 103 106 98 88 86 89 96 101
93 94 90 84 81 81 86 94 98 98 98 106 115 116 112 107 101 95 91 90 92 96 103 110 119 130 136 128 113 102 90 85 86 93 100 113 133 143 128 106 90 75 66 57 48 45 40 32 33 38 41 44 43 45 52 61 68 69 68 68 67 67 66 61 60 64 68 72 76 78 83 92 106 115 120 118 99 81 73 70 72 76 85 92 89 83 85 85 77 59 48 56 65 74 87 105
83 87 96 97 85 75 79 91 98 103 109 112 115 115 111 105 99 95 91 87 87 90 96 103 112 122 131 132 122 115 108 95 86 84 92 103 120 132 126 104 80 65 59 51 46 45 41 35 38 42 46 49 49 53 62 68 70 69 69 69 69 70 67 61 58 63 68 73 76 78 82 88 97 109 119 125 112 92 83 79 79 82 84 83 82 86 88 79 57 40 36 46 55 64 73 85
69 81 94 102 98 88 83 85 91 101 112 115 113 111 108 103 100 99 102 100 92 87 87 93 103 113 122 130 128 124 122 109 95 88 90 96 109 116 113 91 68 59 54 48 45 45 41 40 43 46 49 55 62 69 73 72 70 69 70 70 71 72 69 63 61 64 67 70 72 75 78 80 86 100 113 123 114 97 92 92 90 88 85 85 89 94 88 66 45 36 38 51 62 69 74 78
48 78 87 98 107 108 100 93 93 97 103 111 111 105 104 103 101 102 108 114 106 94 87 88 93 101 110 119 123 124 126 122 112 99 91 90 97 98 85 62 55 53 49 46 44 43 42 43 46 48 51 61 74 85 88 81 73 73 73 73 74 74 72 71 71 72 70 68 68 69 71 72 78 88 104 112 103 92 91 97 97 89 87 92 96 93 78 49 33 34 46 62 74 82 83 82
69 82 83 91 106 111 111 110 104 98 96 100 103 101 102 104 104 106 110 116 114 106 99 93 92 94 96 101 111 118 124 126 124 112 96 88 84 74 55 44 46 49 47 45 43 42 44 46 48 50 56 68 78 89 100 97 83 79 79 78 78 77 78 80 83 84 83 79 74 69 67 69 76 81 86 92 89 83 85 92 96 88 90 97 97 84 63 32 22 32 49 63 74 82 85 84
