windninja/windninja_output/Output_2025-08-24_1400-1450_Google earth_Fire_150m_10min/merlingen_7.5mi_point_08-24-2025_1400_150m_vel.asc
ncols	158
nrows	163
xllcorner	391686.332397
yllcorner	5160024.123721
cellsize	150.000000
NODATA_value	-32768.000000
[rows 37 to 73 of 163, columns 0 to 83 of 158]
2.43 2.41 2.36 2.30 2.25 2.22 2.19 2.15 2.12 2.12 2.12 2.11 2.10 2.10 2.10 2.10 2.10 2.10 2.11 2.11 2.10 2.10 2.10 2.10 2.12 2.13 2.13 2.16 2.32 2.63 2.80 2.78 2.65 2.48 2.46 2.51 2.55 2.47 2.27 2.10 2.05 2.07 2.15 2.26 2.31 2.33 2.35 2.37 2.36 2.33 2.33 2.45 2.61 2.68 2.63 2.65 2.79 2.88 2.84 2.84 2.90 2.75 2.51 2.41 2.41 2.62 2.96 3.08 2.88 2.44 2.04 1.90 2.12 2.48 2.58 2.43 2.38 2.52 2.55 2.31 2.08 2.13 2.45 2.85
2.44 2.43 2.38 2.30 2.23 2.20 2.18 2.15 2.14 2.14 2.15 2.14 2.13 2.11 2.10 2.09 2.10 2.10 2.10 2.11 2.11 2.11 2.11 2.12 2.12 2.13 2.17 2.31 2.55 2.67 2.58 2.42 2.28 2.22 2.29 2.34 2.29 2.31 2.36 2.36 2.37 2.39 2.43 2.53 2.64 2.67 2.70 2.83 2.94 2.99 2.97 2.97 3.03 3.04 2.98 3.01 3.21 3.44 3.60 3.66 3.74 3.64 3.23 2.76 2.50 2.47 2.60 2.63 2.49 2.38 2.46 2.79 3.10 3.02 2.68 2.48 2.61 2.85 2.98 2.88 2.55 2.39 2.45 2.73
2.41 2.38 2.32 2.27 2.23 2.19 2.16 2.15 2.17 2.17 2.15 2.13 2.12 2.12 2.11 2.10 2.10 2.09 2.09 2.10 2.10 2.11 2.12 2.11 2.11 2.12 2.17 2.28 2.34 2.21 2.06 2.04 2.05 2.07 2.08 2.15 2.34 2.62 2.76 2.70 2.58 2.55 2.62 2.79 2.97 3.05 3.00 2.99 3.14 3.31 3.32 3.31 3.49 3.82 4.02 4.03 4.11 4.29 4.43 4.49 4.55 4.52 4.12 3.29 2.75 2.62 2.58 2.47 2.37 2.48 2.90 3.19 3.09 2.82 2.69 2.78 3.03 3.17 3.29 3.46 3.33 2.87 2.56 2.57
2.42 2.39 2.32 2.27 2.25 2.23 2.22 2.21 2.19 2.17 2.15 2.14 2.14 2.15 2.15 2.14 2.13 2.11 2.11 2.10 2.11 2.12 2.12 2.11 2.11 2.11 2.11 2.08 1.98 1.87 1.85 1.83 1.80 1.77 1.79 1.93 2.20 2.56 2.91 3.08 3.07 3.01 3.01 3.03 3.09 3.25 3.36 3.36 3.41 3.49 3.52 3.56 3.85 4.20 4.41 4.47 4.42 4.30 4.21 4.14 4.05 4.17 4.30 3.78 3.04 2.87 2.85 2.73 2.68 2.94 3.07 2.74 2.36 2.39 2.70 3.16 3.45 3.48 3.43 3.47 3.62 3.55 3.26 2.98
2.45 2.43 2.38 2.32 2.28 2.26 2.26 2.26 2.22 2.18 2.16 2.16 2.16 2.16 2.16 2.16 2.15 2.14 2.13 2.12 2.12 2.11 2.10 2.09 2.09 2.07 2.03 1.97 1.90 1.87 1.86 1.78 1.69 1.64 1.73 1.97 2.15 2.28 2.66 3.24 3.64 3.80 3.77 3.58 3.51 3.73 3.98 4.03 3.95 3.89 3.89 3.91 3.88 3.69 3.51 3.55 3.49 3.25 3.07 2.98 3.02 3.29 3.87 4.15 3.71 3.27 3.23 3.36 3.47 3.52 3.13 2.63 2.47 2.63 3.04 3.49 3.60 3.47 3.26 3.10 3.22 3.52 3.67 3.64
2.45 2.44 2.41 2.36 2.32 2.30 2.28 2.26 2.24 2.22 2.20 2.19 2.18 2.17 2.16 2.15 2.15 2.14 2.13 2.12 2.10 2.09 2.08 2.08 2.06 2.03 2.00 1.96 1.95 1.96 1.91 1.82 1.74 1.71 1.83 2.09 2.40 2.72 3.04 3.39 3.65 3.75 3.81 3.91 3.98 3.99 3.86 3.67 3.53 3.45 3.48 3.49 3.31 3.00 2.74 2.66 2.62 2.45 2.30 2.32 2.47 2.75 3.32 4.02 4.27 4.00 3.97 4.33 4.46 4.16 3.72 3.44 3.38 3.43 3.69 3.80 3.59 3.36 3.16 3.08 3.17 3.27 3.45 3.86
2.45 2.44 2.41 2.38 2.37 2.36 2.32 2.27 2.25 2.24 2.22 2.20 2.19 2.17 2.15 2.14 2.13 2.12 2.12 2.11 2.09 2.08 2.08 2.07 2.05 2.03 2.01 1.99 1.97 1.90 1.83 1.78 1.78 1.83 1.95 2.16 2.53 2.94 3.16 3.16 3.09 3.11 3.29 3.49 3.48 3.24 3.04 2.96 2.95 2.97 3.06 3.14 3.07 2.88 2.64 2.45 2.35 2.27 2.21 2.27 2.37 2.50 2.78 3.30 4.03 4.53 4.82 5.02 5.17 5.23 5.11 5.01 4.81 4.63 4.55 4.23 3.82 3.47 3.20 3.06 3.15 3.37 3.71 4.21
2.45 2.42 2.38 2.38 2.38 2.36 2.32 2.28 2.26 2.24 2.22 2.20 2.19 2.16 2.15 2.14 2.13 2.13 2.13 2.13 2.12 2.10 2.08 2.06 2.05 2.05 2.04 2.03 1.97 1.88 1.82 1.80 1.83 1.89 1.97 2.13 2.35 2.45 2.44 2.47 2.57 2.79 2.98 2.99 2.83 2.69 2.65 2.74 2.98 3.24 3.35 3.31 3.18 2.98 2.73 2.49 2.33 2.28 2.32 2.46 2.61 2.68 2.73 3.00 3.64 4.35 4.72 4.79 4.97 5.40 5.66 5.66 5.58 5.33 4.86 4.29 3.86 3.56 3.27 3.06 3.12 3.58 4.12 4.13
2.45 2.43 2.41 2.40 2.37 2.33 2.30 2.29 2.27 2.25 2.23 2.20 2.19 2.18 2.17 2.17 2.17 2.17 2.16 2.14 2.13 2.12 2.09 2.07 2.05 2.06 2.05 1.99 1.94 1.90 1.88 1.88 1.90 1.92 1.96 2.02 2.01 1.96 1.99 2.15 2.41 2.65 2.72 2.64 2.59 2.67 2.79 2.94 3.20 3.33 3.18 3.01 2.89 2.68 2.52 2.44 2.34 2.29 2.42 2.71 2.97 3.15 3.32 3.64 3.98 4.11 4.12 4.08 3.95 4.02 4.33 4.56 4.72 4.66 4.32 3.94 3.63 3.51 3.49 3.53 3.74 3.94 3.75 3.13
2.48 2.47 2.45 2.42 2.35 2.30 2.27 2.26 2.26 2.25 2.25 2.23 2.21 2.20 2.19 2.18 2.18 2.16 2.15 2.13 2.11 2.10 2.09 2.08 2.07 2.04 2.01 1.96 1.93 1.90 1.88 1.88 1.88 1.91 1.95 1.95 1.88 1.86 1.94 2.10 2.24 2.36 2.44 2.46 2.44 2.57 2.85 3.13 3.17 2.96 2.75 2.69 2.65 2.49 2.34 2.38 2.43 2.44 2.60 2.96 3.38 3.71 4.00 4.19 4.13 3.89 3.64 3.47 3.33 3.24 3.29 3.46 3.67 3.80 3.84 3.78 3.62 3.54 3.66 3.77 3.71 3.36 2.72 2.28
2.52 2.49 2.44 2.39 2.33 2.24 2.19 2.20 2.23 2.23 2.24 2.24 2.23 2.20 2.19 2.18 2.16 2.14 2.13 2.12 2.10 2.07 2.06 2.06 2.04 2.01 1.98 1.97 1.95 1.92 1.89 1.86 1.83 1.83 1.83 1.83 1.84 1.85 1.87 1.93 2.02 2.14 2.27 2.41 2.53 2.64 2.83 2.92 2.80 2.62 2.56 2.54 2.56 2.61 2.57 2.60 2.72 2.84 3.00 3.28 3.61 3.85 3.90 3.74 3.49 3.28 3.09 3.06 3.10 3.11 3.06 3.04 3.15 3.34 3.50 3.58 3.53 3.39 3.28 3.15 2.84 2.45 2.25 2.30
2.50 2.47 2.42 2.37 2.33 2.25 2.16 2.14 2.17 2.19 2.19 2.19 2.19 2.18 2.16 2.15 2.13 2.12 2.11 2.09 2.08 2.07 2.06 2.05 2.02 2.00 1.99 1.98 1.96 1.94 1.91 1.88 1.85 1.82 1.79 1.77 1.78 1.78 1.78 1.80 1.85 1.90 2.00 2.23 2.56 2.78 2.83 2.72 2.60 2.53 2.48 2.45 2.44 2.51 2.61 2.75 2.94 3.22 3.57 3.75 3.72 3.57 3.33 3.04 2.82 2.71 2.72 2.81 2.89 2.90 2.86 2.84 2.88 3.04 3.22 3.34 3.35 3.23 3.03 2.83 2.67 2.53 2.52 2.66
2.49 2.46 2.42 2.37 2.31 2.28 2.20 2.11 2.11 2.16 2.18 2.17 2.16 2.16 2.16 2.14 2.12 2.11 2.10 2.09 2.08 2.07 2.07 2.06 2.05 2.03 2.01 1.99 1.98 1.96 1.94 1.92 1.89 1.86 1.82 1.81 1.81 1.82 1.81 1.79 1.74 1.70 1.78 2.05 2.35 2.55 2.56 2.48 2.42 2.38 2.43 2.56 2.64 2.74 2.89 3.05 3.26 3.56 3.76 3.73 3.54 3.23 2.94 2.72 2.59 2.56 2.58 2.63 2.70 2.74 2.76 2.77 2.79 2.87 3.06 3.27 3.42 3.46 3.37 3.20 3.09 3.04 2.98 2.97
2.50 2.45 2.41 2.43 2.42 2.40 2.35 2.21 2.11 2.11 2.15 2.17 2.17 2.17 2.17 2.16 2.14 2.12 2.11 2.10 2.10 2.09 2.08 2.07 2.07 2.06 2.03 2.00 1.98 1.96 1.95 1.92 1.89 1.87 1.84 1.82 1.82 1.83 1.81 1.77 1.72 1.73 1.84 1.98 2.13 2.22 2.23 2.18 2.10 2.00 2.06 2.35 2.70 3.03 3.28 3.48 3.67 3.71 3.50 3.20 2.96 2.75 2.60 2.53 2.53 2.51 2.48 2.47 2.47 2.50 2.54 2.56 2.61 2.73 2.93 3.18 3.41 3.54 3.53 3.45 3.35 3.28 3.20 3.13
2.50 2.41 2.35 2.42 2.51 2.56 2.54 2.41 2.21 2.12 2.14 2.17 2.17 2.16 2.15 2.15 2.14 2.12 2.11 2.11 2.10 2.10 2.09 2.07 2.06 2.05 2.03 2.01 1.99 1.97 1.95 1.92 1.90 1.87 1.85 1.81 1.76 1.72 1.71 1.71 1.72 1.76 1.82 1.91 1.99 2.01 2.02 2.04 2.03 1.96 2.03 2.39 2.67 2.89 3.16 3.43 3.52 3.35 3.08 2.81 2.58 2.46 2.46 2.48 2.49 2.47 2.45 2.45 2.45 2.43 2.43 2.46 2.56 2.70 2.86 3.00 3.12 3.26 3.43 3.53 3.48 3.28 3.05 2.97
2.58 2.40 2.28 2.34 2.39 2.44 2.52 2.52 2.38 2.23 2.16 2.15 2.15 2.13 2.11 2.11 2.11 2.11 2.10 2.10 2.08 2.07 2.06 2.05 2.03 2.02 2.01 2.00 1.98 1.97 1.95 1.93 1.91 1.89 1.86 1.82 1.75 1.69 1.67 1.68 1.72 1.75 1.79 1.85 1.89 1.87 1.87 2.00 2.32 2.56 2.80 3.02 3.14 3.13 3.14 3.15 3.04 2.87 2.76 2.64 2.53 2.52 2.55 2.55 2.53 2.52 2.53 2.53 2.51 2.49 2.52 2.61 2.72 2.83 2.88 2.89 2.88 2.94 3.08 3.27 3.39 3.34 3.12 2.85
2.75 2.55 2.34 2.38 2.44 2.43 2.48 2.55 2.46 2.25 2.11 2.08 2.10 2.11 2.11 2.10 2.09 2.09 2.08 2.07 2.05 2.03 2.03 2.03 2.02 2.01 2.00 2.00 1.98 1.97 1.95 1.93 1.91 1.89 1.86 1.83 1.79 1.73 1.68 1.67 1.72 1.78 1.82 1.81 1.78 1.79 1.88 2.11 2.55 2.95 3.12 3.13 3.21 3.28 3.17 2.94 2.75 2.66 2.66 2.64 2.61 2.61 2.65 2.68 2.69 2.69 2.70 2.72 2.71 2.70 2.76 2.88 2.95 2.95 2.92 2.89 2.85 2.78 2.74 2.83 3.07 3.35 3.48 3.32
2.83 2.74 2.50 2.38 2.47 2.51 2.50 2.56 2.52 2.29 2.07 2.00 2.02 2.06 2.08 2.09 2.09 2.08 2.07 2.06 2.05 2.03 2.02 2.02 2.01 2.01 2.00 1.99 1.98 1.96 1.95 1.94 1.92 1.89 1.87 1.84 1.80 1.75 1.70 1.67 1.68 1.72 1.71 1.63 1.56 1.64 1.89 2.17 2.49 2.73 2.85 2.87 2.90 2.97 2.97 2.83 2.69 2.66 2.74 2.83 2.87 2.87 2.89 2.92 2.95 2.99 3.03 3.10 3.18 3.20 3.16 3.06 2.94 2.89 2.91 2.94 2.92 2.89 2.84 2.85 3.05 3.41 3.72 3.86
2.70 2.75 2.60 2.26 2.12 2.17 2.19 2.31 2.49 2.44 2.17 1.97 1.94 1.97 2.00 2.02 2.03 2.04 2.05 2.06 2.06 2.03 2.01 2.00 2.00 2.00 1.99 1.99 1.98 1.97 1.95 1.94 1.92 1.90 1.87 1.85 1.82 1.78 1.73 1.67 1.60 1.53 1.47 1.44 1.44 1.54 1.77 2.09 2.32 2.46 2.62 2.79 2.86 2.85 2.85 2.81 2.72 2.72 2.82 2.97 3.14 3.27 3.29 3.22 3.13 3.11 3.13 3.18 3.30 3.34 3.21 2.98 2.88 2.91 2.98 3.04 3.08 3.13 3.18 3.23 3.34 3.52 3.68 3.84
2.59 2.64 2.65 2.41 2.09 1.94 1.89 1.97 2.23 2.43 2.34 2.11 1.94 1.88 1.91 1.96 1.97 1.98 1.99 2.00 2.02 2.03 2.01 1.99 1.98 1.98 1.98 1.98 1.97 1.96 1.95 1.94 1.92 1.90 1.88 1.85 1.83 1.79 1.75 1.70 1.61 1.51 1.46 1.49 1.54 1.61 1.76 1.94 2.07 2.20 2.40 2.59 2.69 2.74 2.75 2.72 2.73 2.80 2.91 3.08 3.26 3.37 3.40 3.31 3.10 2.90 2.84 2.86 2.86 2.85 2.88 2.99 3.12 3.20 3.22 3.26 3.34 3.43 3.52 3.59 3.55 3.48 3.48 3.58
2.59 2.58 2.62 2.64 2.51 2.29 2.05 1.91 2.01 2.30 2.47 2.41 2.19 1.95 1.83 1.87 1.93 1.95 1.95 1.95 1.97 2.00 2.01 2.00 1.98 1.98 1.97 1.97 1.96 1.95 1.94 1.93 1.92 1.90 1.88 1.86 1.84 1.81 1.77 1.73 1.68 1.63 1.59 1.57 1.58 1.61 1.63 1.66 1.75 1.89 2.08 2.28 2.41 2.50 2.59 2.65 2.77 2.95 3.13 3.26 3.31 3.25 3.21 3.21 3.10 2.87 2.72 2.66 2.61 2.66 2.90 3.20 3.35 3.41 3.47 3.58 3.70 3.82 3.90 3.91 3.80 3.60 3.44 3.34
2.65 2.61 2.57 2.58 2.60 2.56 2.40 2.15 2.03 2.15 2.36 2.49 2.45 2.18 1.86 1.75 1.81 1.88 1.92 1.94 1.94 1.94 1.95 1.97 1.97 1.96 1.96 1.95 1.95 1.94 1.93 1.92 1.91 1.90 1.88 1.86 1.84 1.82 1.79 1.76 1.72 1.69 1.64 1.60 1.57 1.53 1.47 1.43 1.46 1.56 1.73 1.99 2.24 2.39 2.52 2.61 2.69 2.85 3.03 3.14 3.17 3.15 3.15 3.21 3.20 3.01 2.83 2.78 2.86 3.02 3.17 3.31 3.42 3.51 3.64 3.77 3.90 4.04 4.11 4.08 3.97 3.79 3.54 3.29
2.68 2.65 2.58 2.51 2.47 2.47 2.46 2.33 2.11 1.98 1.98 2.14 2.37 2.40 2.14 1.85 1.73 1.76 1.84 1.89 1.91 1.93 1.93 1.94 1.95 1.95 1.94 1.94 1.93 1.93 1.92 1.92 1.91 1.90 1.89 1.87 1.85 1.83 1.81 1.78 1.75 1.72 1.69 1.65 1.60 1.55 1.49 1.43 1.39 1.42 1.56 1.80 2.10 2.28 2.41 2.49 2.51 2.61 2.74 2.83 2.88 2.96 3.08 3.19 3.21 3.11 3.00 2.99 3.06 3.16 3.21 3.29 3.45 3.61 3.76 3.87 3.93 3.94 3.88 3.78 3.70 3.66 3.58 3.47
2.68 2.65 2.59 2.53 2.46 2.38 2.34 2.29 2.14 1.98 1.88 1.93 2.18 2.47 2.50 2.23 1.89 1.72 1.73 1.81 1.88 1.93 1.95 1.94 1.93 1.92 1.92 1.92 1.91 1.91 1.91 1.91 1.90 1.89 1.88 1.87 1.86 1.84 1.82 1.80 1.77 1.74 1.71 1.68 1.65 1.61 1.57 1.52 1.48 1.47 1.51 1.61 1.80 2.00 2.18 2.34 2.42 2.46 2.50 2.54 2.57 2.62 2.76 2.98 3.16 3.16 3.00 2.87 2.92 3.03 3.14 3.26 3.45 3.62 3.77 3.91 3.92 3.78 3.59 3.46 3.40 3.40 3.41 3.40
2.72 2.69 2.61 2.55 2.51 2.45 2.36 2.29 2.21 2.11 2.00 1.94 2.03 2.28 2.54 2.56 2.28 1.94 1.75 1.71 1.77 1.83 1.88 1.90 1.90 1.89 1.88 1.88 1.89 1.89 1.90 1.89 1.89 1.88 1.88 1.87 1.86 1.85 1.83 1.81 1.79 1.77 1.74 1.71 1.68 1.65 1.62 1.59 1.55 1.50 1.46 1.43 1.47 1.64 1.84 2.01 2.15 2.21 2.21 2.20 2.22 2.29 2.46 2.74 3.00 3.11 3.03 2.86 2.87 3.04 3.21 3.34 3.46 3.59 3.71 3.76 3.71 3.61 3.53 3.48 3.41 3.32 3.24 3.19
2.75 2.69 2.59 2.51 2.49 2.50 2.48 2.41 2.31 2.19 2.05 1.91 1.86 1.96 2.22 2.52 2.57 2.32 1.99 1.75 1.69 1.73 1.78 1.83 1.85 1.86 1.86 1.86 1.87 1.87 1.88 1.88 1.88 1.87 1.87 1.87 1.86 1.85 1.83 1.82 1.80 1.78 1.76 1.74 1.71 1.69 1.66 1.62 1.58 1.52 1.46 1.42 1.41 1.46 1.61 1.80 1.93 1.98 2.01 2.03 2.07 2.19 2.38 2.63 2.87 3.01 3.06 3.04 3.06 3.16 3.29 3.40 3.48 3.57 3.66 3.62 3.53 3.52 3.55 3.55 3.50 3.41 3.33 3.24
2.88 2.72 2.52 2.43 2.37 2.40 2.46 2.47 2.40 2.28 2.11 1.91 1.79 1.79 1.93 2.23 2.52 2.56 2.34 2.03 1.80 1.71 1.73 1.78 1.83 1.87 1.87 1.85 1.85 1.85 1.86 1.86 1.86 1.86 1.86 1.86 1.85 1.85 1.84 1.83 1.81 1.79 1.78 1.75 1.73 1.70 1.67 1.64 1.59 1.54 1.49 1.49 1.49 1.50 1.64 1.85 1.95 1.95 1.97 2.07 2.22 2.36 2.40 2.38 2.38 2.48 2.57 2.86 3.13 3.27 3.35 3.43 3.52 3.58 3.62 3.61 3.62 3.67 3.74 3.76 3.73 3.66 3.64 3.68
3.12 2.85 2.52 2.40 2.30 2.23 2.26 2.31 2.31 2.28 2.18 1.98 1.81 1.80 1.81 1.94 2.25 2.55 2.60 2.38 2.08 1.84 1.72 1.70 1.76 1.83 1.86 1.84 1.82 1.82 1.83 1.84 1.85 1.85 1.85 1.85 1.85 1.84 1.83 1.83 1.82 1.80 1.79 1.77 1.75 1.72 1.69 1.66 1.62 1.58 1.53 1.49 1.47 1.49 1.58 1.75 1.97 2.05 2.04 2.11 2.21 2.22 2.08 1.92 1.86 1.97 2.31 2.75 3.07 3.27 3.42 3.50 3.56 3.59 3.58 3.65 3.80 3.97 4.08 4.10 4.03 3.98 4.00 4.14
3.34 3.09 2.73 2.53 2.41 2.31 2.23 2.23 2.20 2.13 2.12 2.02 1.80 1.73 1.77 1.80 1.92 2.22 2.52 2.58 2.38 2.12 1.89 1.73 1.68 1.74 1.82 1.84 1.83 1.82 1.81 1.82 1.82 1.83 1.84 1.84 1.84 1.83 1.83 1.83 1.82 1.81 1.80 1.78 1.76 1.73 1.71 1.68 1.64 1.60 1.55 1.47 1.40 1.37 1.40 1.55 1.83 2.08 2.14 2.06 1.90 1.78 1.92 2.14 2.36 2.55 2.77 2.94 3.04 3.17 3.33 3.45 3.50 3.48 3.50 3.66 3.89 4.04 4.10 4.10 4.10 4.14 4.31 4.67
3.34 3.33 3.14 2.80 2.55 2.43 2.39 2.44 2.45 2.29 2.16 2.12 1.92 1.70 1.70 1.78 1.79 1.87 2.16 2.48 2.59 2.47 2.26 1.99 1.79 1.73 1.77 1.81 1.83 1.83 1.80 1.80 1.80 1.81 1.81 1.82 1.82 1.82 1.82 1.82 1.82 1.81 1.80 1.79 1.77 1.75 1.72 1.70 1.67 1.63 1.57 1.49 1.40 1.31 1.28 1.34 1.47 1.73 1.91 1.86 1.74 1.85 2.28 2.73 3.01 3.11 3.07 2.99 2.98 3.03 3.14 3.26 3.37 3.45 3.57 3.68 3.77 3.85 3.93 4.11 4.41 4.75 5.24 5.90
3.02 3.46 3.79 3.49 3.04 2.64 2.54 2.67 2.73 2.57 2.31 2.17 2.10 1.92 1.71 1.70 1.78 1.78 1.88 2.16 2.46 2.61 2.59 2.39 2.11 1.87 1.74 1.69 1.68 1.71 1.74 1.75 1.76 1.78 1.79 1.80 1.81 1.81 1.82 1.82 1.82 1.81 1.80 1.79 1.78 1.76 1.74 1.71 1.68 1.64 1.60 1.53 1.45 1.36 1.27 1.19 1.12 1.13 1.31 1.51 1.69 1.95 2.25 2.58 2.88 3.04 3.04 2.95 2.88 2.90 2.98 3.06 3.18 3.34 3.49 3.55 3.58 3.70 3.97 4.39 4.94 5.48 5.89 6.03
2.46 3.09 3.97 4.28 4.19 3.71 3.22 3.23 3.22 2.89 2.53 2.30 2.21 2.14 1.96 1.79 1.78 1.81 1.79 1.88 2.06 2.28 2.51 2.61 2.49 2.28 2.01 1.75 1.59 1.57 1.61 1.67 1.71 1.74 1.76 1.77 1.79 1.80 1.80 1.81 1.81 1.81 1.80 1.80 1.79 1.77 1.75 1.73 1.70 1.67 1.63 1.58 1.52 1.45 1.36 1.23 1.07 0.96 0.99 1.20 1.41 1.60 1.80 2.06 2.38 2.66 2.85 2.93 2.95 2.94 2.92 2.90 2.96 3.06 3.16 3.26 3.36 3.49 3.83 4.28 4.70 5.01 4.96 4.32
1.84 2.00 2.75 3.52 4.03 4.16 3.93 3.81 3.91 3.76 3.40 3.18 2.99 2.75 2.56 2.35 2.13 1.97 1.82 1.77 1.84 1.95 2.11 2.34 2.50 2.55 2.41 2.06 1.73 1.56 1.51 1.54 1.62 1.68 1.72 1.75 1.76 1.78 1.79 1.80 1.80 1.80 1.80 1.80 1.79 1.78 1.76 1.74 1.72 1.69 1.66 1.62 1.58 1.52 1.45 1.36 1.26 1.16 1.10 1.13 1.20 1.29 1.42 1.58 1.74 1.99 2.34 2.68 2.89 2.94 2.88 2.85 2.91 3.02 3.07 3.07 3.07 3.21 3.50 3.86 4.03 3.90 3.43 3.01
1.78 1.64 1.63 1.93 2.47 3.02 3.11 3.06 3.39 3.72 3.64 3.52 3.47 3.32 3.10 2.87 2.65 2.40 2.10 1.86 1.79 1.83 1.89 1.97 2.09 2.38 2.64 2.48 2.10 1.82 1.62 1.50 1.51 1.58 1.65 1.71 1.74 1.76 1.77 1.78 1.79 1.79 1.80 1.80 1.79 1.78 1.77 1.76 1.74 1.71 1.69 1.66 1.62 1.58 1.53 1.48 1.43 1.37 1.32 1.28 1.26 1.23 1.18 1.12 1.15 1.32 1.66 1.97 2.23 2.45 2.69 2.88 2.97 3.00 2.97 2.91 2.92 3.04 3.23 3.35 3.27 2.93 2.66 2.78
2.28 2.07 1.79 1.77 1.97 2.15 2.04 1.88 2.19 2.67 2.63 2.53 2.59 2.68 2.74 2.69 2.67 2.66 2.52 2.25 1.99 1.86 1.85 1.86 1.87 2.11 2.62 2.85 2.61 2.25 1.96 1.71 1.53 1.49 1.55 1.63 1.68 1.72 1.75 1.77 1.78 1.79 1.79 1.79 1.79 1.79 1.78 1.77 1.75 1.73 1.71 1.69 1.66 1.63 1.59 1.56 1.53 1.50 1.47 1.44 1.41 1.35 1.26 1.16 1.10 1.10 1.14 1.24 1.45 1.78 2.24 2.59 2.70 2.68 2.68 2.76 2.88 2.96 2.96 2.78 2.55 2.46 2.62 2.98
2.74 2.54 2.23 2.07 2.05 2.07 1.91 1.71 1.86 2.12 2.03 1.94 1.94 1.95 2.03 2.09 2.17 2.35 2.48 2.48 2.36 2.18 2.04 1.98 1.91 1.93 2.26 2.74 2.86 2.64 2.35 2.09 1.80 1.55 1.48 1.54 1.61 1.68 1.72 1.74 1.76 1.77 1.78 1.79 1.79 1.78 1.78 1.77 1.76 1.75 1.73 1.71 1.69 1.67 1.65 1.62 1.60 1.58 1.56 1.55 1.52 1.49 1.45 1.41 1.34 1.25 1.16 1.12 1.18 1.36 1.59 1.78 1.97 2.03 2.20 2.38 2.59 2.69 2.64 2.50 2.41 2.54 2.94 3.30
3.23 2.95 2.50 2.25 2.19 2.15 2.01 1.87 1.86 1.92 1.93 1.92 1.88 1.83 1.82 1.82 1.84 1.92 2.04 2.18 2.31 2.36 2.31 2.19 2.02 1.90 2.01 2.39 2.73 2.78 2.60 2.40 2.19 1.88 1.61 1.55 1.57 1.61 1.66 1.71 1.74 1.76 1.77 1.78 1.78 1.78 1.78 1.77 1.77 1.76 1.75 1.73 1.72 1.70 1.69 1.67 1.65 1.64 1.63 1.61 1.60 1.58 1.56 1.54 1.50 1.45 1.41 1.37 1.34 1.31 1.26 1.21 1.24 1.47 1.76 2.01 2.24 2.36 2.38 2.45 2.59 2.91 3.34 3.35
