windninja/windninja_output/Output_2025-08-24_1400-1450_Google earth_Fire_150m_10min/merlingen_7.5mi_point_08-24-2025_1440_150m_ang.asc
ncols	158
nrows	163
xllcorner	391686.332397
yllcorner	5160024.123721
cellsize	150.000000
NODATA_value	-32768.000000
[rows 47 to 93 of 163, columns 0 to 95 of 158]
2 360 358 358 357 354 352 351 350 350 349 349 349 348 348 347 347 347 347 347 347 347 347 346 345 345 345 345 344 343 342 342 341 340 338 338 338 336 337 339 341 344 350 359 3 359 352 349 351 357 4 11 18 19 18 15 10 3 354 350 350 349 346 344 344 346 350 355 358 358 358 0 5 10 16 19 18 10 0 354 349 347 350 356 358 357 354 352 351 347 341 335 333 337 343 349
3 2 0 1 0 356 352 351 351 350 350 350 350 349 349 348 348 348 348 348 348 348 347 347 347 346 346 346 345 345 344 343 342 341 339 338 337 336 336 337 338 341 348 356 358 354 350 350 355 2 10 18 21 19 16 11 3 356 350 349 348 347 346 345 344 346 351 355 358 359 360 2 6 12 19 21 18 10 2 357 355 354 353 355 356 355 354 353 349 344 341 340 340 344 347 352
4 3 3 4 2 358 354 352 351 351 351 351 351 350 350 349 349 349 349 349 349 349 348 348 348 348 347 347 347 346 346 345 344 343 341 340 338 338 338 337 338 340 345 350 351 350 350 354 360 7 15 20 18 15 11 5 357 350 348 350 351 350 350 348 345 346 351 355 358 0 2 4 8 14 19 18 14 9 5 1 358 356 355 354 354 353 353 351 345 343 344 345 347 349 352 360
7 6 6 7 3 359 357 354 352 352 352 352 352 351 351 351 351 350 350 350 350 350 349 349 349 349 349 348 348 347 347 346 345 345 343 341 339 339 339 339 340 341 343 345 346 347 351 358 7 16 19 17 11 8 4 359 352 348 349 353 355 356 355 349 345 347 351 356 359 1 3 6 11 15 16 13 9 7 5 3 359 357 356 355 353 351 349 346 344 344 347 350 353 357 1 6
10 9 8 6 2 360 1 359 355 353 353 353 353 352 352 352 352 352 351 351 351 351 351 350 350 350 350 350 349 349 348 348 347 346 345 342 340 339 339 340 341 341 340 342 343 346 352 4 17 21 15 10 6 2 358 352 348 351 356 359 1 1 356 348 346 349 353 357 0 2 5 8 12 13 11 8 6 5 4 2 1 0 358 355 351 348 346 343 344 346 349 353 358 4 6 1
16 12 8 5 1 1 3 2 358 355 354 354 354 354 354 353 353 353 353 352 352 352 352 351 351 351 351 351 350 350 350 349 348 347 346 345 343 340 340 340 342 341 339 340 342 347 355 7 15 11 5 3 3 0 354 348 348 355 2 6 5 2 355 348 347 351 355 359 2 4 6 8 10 10 9 8 6 4 1 0 2 4 1 356 349 346 344 345 345 348 352 356 0 2 358 345
19 15 7 4 2 1 3 4 2 359 357 355 356 356 355 354 354 354 354 353 353 353 353 353 353 353 352 352 352 351 351 350 350 349 348 347 345 343 341 341 341 341 340 339 342 349 357 3 4 2 360 0 1 359 353 349 352 1 8 9 7 1 354 349 349 353 357 1 4 5 5 6 9 10 9 8 7 4 360 358 2 4 2 360 355 349 345 346 349 353 356 356 356 353 339 328
18 15 8 3 3 3 4 6 7 4 360 357 356 356 356 355 355 355 355 355 355 354 354 354 354 354 354 353 353 353 352 352 351 350 350 349 347 346 344 342 340 340 340 340 341 347 354 356 355 356 359 1 359 357 354 352 357 5 9 9 6 0 354 350 351 355 358 2 5 4 5 8 11 11 9 8 8 5 0 358 359 359 360 1 1 358 353 351 353 357 356 353 350 344 323 317
16 16 12 6 5 6 5 7 9 9 4 359 357 357 357 357 357 356 356 356 356 356 355 355 355 355 355 354 354 354 354 353 353 352 351 350 349 348 347 344 341 339 340 342 341 343 347 349 349 353 359 0 359 358 356 356 2 7 8 6 2 358 355 353 354 357 360 2 4 6 10 14 14 10 8 8 8 4 0 358 356 355 357 360 2 3 3 3 2 360 354 347 342 335 318 313
16 16 16 14 10 9 7 6 9 11 8 3 359 357 357 358 358 357 357 357 357 357 357 356 356 356 356 356 355 355 355 354 354 354 353 352 351 350 349 347 344 342 342 343 343 341 341 342 345 350 356 358 359 358 357 359 4 7 6 2 358 356 356 358 358 358 0 2 5 11 17 16 11 8 7 7 6 2 359 358 356 355 357 359 0 3 7 10 11 7 355 343 336 331 321 319
19 18 17 17 15 12 10 6 6 8 8 7 4 0 358 358 358 359 358 358 358 358 358 358 357 357 357 357 357 357 356 356 355 355 354 354 353 352 351 350 348 347 346 344 344 341 338 337 340 345 352 356 358 357 358 1 4 5 2 358 356 356 358 2 3 1 1 3 9 15 15 10 8 7 6 5 3 360 358 358 359 358 359 360 1 5 10 13 12 5 352 339 333 330 323 321
21 20 18 18 17 16 14 9 5 5 7 10 10 7 2 358 358 359 360 359 359 359 359 359 359 359 358 358 358 358 358 357 357 357 356 355 355 354 353 352 351 350 348 347 345 342 339 335 334 338 346 353 357 356 358 1 2 1 358 356 356 358 1 5 6 5 3 5 10 12 8 7 7 6 4 3 360 357 358 360 1 2 3 4 7 11 13 11 5 354 339 332 330 327 321 322
22 22 21 20 19 18 17 13 8 6 7 10 13 12 8 2 359 359 360 0 1 1 0 0 0 360 360 360 359 359 359 359 358 358 358 357 357 356 355 354 353 352 351 349 347 345 343 339 335 334 340 348 353 354 358 1 1 358 355 354 355 359 3 7 9 7 4 6 9 9 6 5 5 3 2 1 358 356 359 2 4 5 7 9 11 13 12 5 354 339 329 325 325 323 320 329
24 24 24 23 22 21 19 17 13 11 9 8 10 12 12 9 4 0 360 0 1 1 1 2 2 1 1 1 1 1 0 0 360 359 359 359 358 358 357 356 355 354 353 352 350 349 346 344 340 336 335 340 346 352 357 2 1 356 353 353 355 359 4 9 11 9 7 8 9 7 6 4 2 1 360 358 357 359 2 5 6 8 10 11 12 11 7 356 342 330 325 323 322 323 327 339
27 27 27 25 24 23 21 19 16 14 10 7 6 9 13 14 10 5 2 0 1 2 3 3 3 3 3 2 2 2 2 1 1 1 1 0 360 359 359 358 357 356 355 354 353 351 349 347 344 339 335 336 340 347 355 1 359 355 352 353 356 359 3 8 10 10 10 10 8 5 4 2 359 358 358 357 359 3 6 8 9 11 13 15 12 6 356 345 333 326 324 325 325 330 340 353
31 31 30 28 26 24 22 20 18 16 13 8 6 7 11 15 15 12 7 3 2 2 4 5 5 5 4 3 3 3 3 3 3 2 2 2 1 1 0 360 359 358 357 356 355 353 352 350 347 343 339 338 338 342 352 359 357 354 353 354 356 358 1 5 9 12 13 11 6 3 2 1 358 357 357 358 2 6 8 10 12 14 17 17 11 0 344 334 328 324 325 327 330 341 354 11
38 37 34 31 27 24 23 22 21 19 17 12 8 8 9 12 16 16 13 9 5 4 4 5 6 6 6 5 5 5 4 4 4 4 3 3 3 2 2 1 1 360 359 358 357 355 354 352 350 347 343 340 339 342 349 356 358 355 353 354 355 357 1 7 12 15 14 8 3 1 1 360 357 356 357 1 4 6 8 11 14 16 17 14 7 352 336 328 324 323 328 332 341 356 12 35
45 41 36 33 29 27 26 26 24 23 21 16 10 8 8 10 13 16 17 14 11 8 6 6 6 7 7 7 6 6 6 5 5 5 5 5 4 4 3 3 2 2 1 360 359 357 356 354 353 350 346 342 340 341 344 351 357 357 354 352 353 358 9 18 20 15 6 0 359 360 360 359 357 356 358 1 4 5 8 11 15 16 14 9 359 342 331 326 323 326 335 343 357 17 39 66
46 42 36 33 30 29 28 29 29 27 24 20 13 10 10 9 11 15 18 18 16 14 11 8 7 8 9 9 8 7 7 7 7 7 6 6 6 5 5 4 4 3 2 2 1 359 358 357 355 353 350 345 341 340 341 345 352 357 355 352 354 6 18 18 12 5 359 356 357 358 358 358 357 357 359 360 1 3 8 13 16 16 10 4 351 336 328 326 328 338 347 0 21 44 69 91
40 38 36 34 32 30 27 27 28 27 24 21 18 12 10 11 11 13 16 19 19 17 15 13 9 8 10 10 10 9 9 8 8 8 8 8 7 7 6 6 5 5 4 3 2 1 0 359 357 355 353 350 346 342 340 338 342 351 356 357 360 5 8 7 5 1 358 357 357 356 357 357 357 358 358 358 359 3 9 14 14 10 3 354 345 335 329 330 340 351 3 23 44 68 88 98
27 30 32 33 33 29 24 26 29 29 25 23 21 16 12 12 14 13 14 16 18 19 19 17 14 12 12 12 12 12 11 10 10 10 9 9 9 8 8 7 7 6 6 5 4 3 2 1 360 358 356 354 351 348 343 338 336 341 352 359 360 358 357 359 1 1 1 359 357 356 355 356 356 356 357 357 359 3 8 8 5 359 351 345 340 333 330 339 352 5 23 42 65 81 88 92
6 18 26 27 27 25 20 23 30 31 27 23 21 19 16 14 15 15 14 15 18 19 20 19 18 17 18 18 15 13 12 11 11 11 11 10 10 10 9 9 8 8 7 7 6 5 4 3 2 1 359 357 355 353 349 345 341 340 346 354 353 350 350 352 356 360 2 1 358 356 356 356 355 355 356 357 359 2 3 1 356 350 343 341 336 327 330 350 5 23 41 62 77 81 80 76
357 10 24 26 28 27 23 22 26 27 23 20 19 19 18 17 17 18 17 17 18 19 20 21 20 22 25 24 19 15 13 12 12 12 12 12 11 11 11 10 10 10 9 8 8 7 6 5 4 3 2 0 359 357 355 353 350 348 348 350 349 344 343 344 348 355 358 358 357 357 359 357 354 354 355 357 359 0 358 355 350 345 344 345 335 327 338 1 20 39 55 68 72 70 65 58
14 21 35 43 45 41 33 26 28 29 25 22 22 22 21 20 20 22 22 20 20 20 21 22 21 23 28 27 23 19 16 14 12 12 13 13 13 12 12 12 12 11 11 10 9 9 8 7 6 5 4 3 1 0 359 357 356 355 353 352 350 345 340 338 339 344 348 351 353 357 359 356 353 354 357 359 359 358 354 351 349 349 354 348 332 331 350 15 36 52 60 62 59 53 44 37
33 37 47 59 65 63 54 45 45 44 39 36 36 33 30 27 25 26 25 23 22 23 24 24 20 19 24 27 25 22 20 18 15 13 13 14 14 14 14 13 13 13 12 12 11 11 10 9 8 7 6 5 4 3 2 1 359 358 357 356 353 350 347 343 340 338 337 339 344 349 352 352 353 355 358 0 359 356 354 353 355 358 357 343 332 340 6 28 49 59 59 54 46 36 26 13
45 47 52 58 62 64 63 62 64 62 57 55 52 47 42 36 32 30 29 26 25 24 24 23 18 15 21 28 28 26 24 22 20 16 14 15 15 15 15 15 15 14 14 13 13 12 12 11 10 9 8 7 6 5 4 3 2 1 360 358 357 355 353 351 347 344 341 338 337 337 339 343 350 356 358 358 357 355 356 0 3 1 351 339 337 357 21 42 56 57 51 46 43 32 10 344
54 56 59 61 63 65 64 65 68 65 60 56 52 48 44 40 37 35 33 30 28 26 25 23 19 16 20 27 30 29 27 25 24 21 17 15 16 16 16 16 16 16 15 15 15 14 13 13 12 11 10 9 8 7 6 5 4 3 2 1 359 358 356 354 352 350 348 345 341 336 332 333 341 351 354 354 354 356 360 4 4 356 343 338 348 16 37 49 53 47 39 35 35 21 345 331
62 64 68 69 71 71 70 69 68 65 60 56 51 47 44 40 38 37 35 32 31 30 29 27 23 19 20 26 30 32 30 28 27 25 21 18 18 18 17 17 17 17 17 17 16 16 15 15 14 13 12 11 10 9 8 7 6 5 4 3 1 360 358 357 355 354 352 349 346 343 339 337 339 343 348 350 352 357 2 3 359 348 339 342 8 35 47 48 45 39 28 21 13 346 333 326
68 69 74 78 81 81 80 77 72 67 63 59 54 50 46 42 39 38 36 34 33 33 33 32 27 22 23 26 30 32 32 30 29 29 27 23 21 20 19 18 19 19 19 19 18 18 17 16 16 15 14 13 12 11 10 9 8 7 6 4 3 2 0 359 358 356 354 352 350 348 346 345 343 342 343 345 348 356 1 358 349 342 341 359 30 45 47 43 39 36 21 9 349 330 325 323
70 72 78 85 91 93 91 87 80 73 67 61 56 52 48 44 42 40 38 36 36 35 34 33 30 27 27 29 29 32 33 34 34 35 34 30 26 23 21 20 20 20 21 21 20 20 19 18 18 17 16 15 14 13 12 10 9 8 7 6 5 4 2 1 360 358 356 354 353 351 350 348 346 344 341 340 344 351 356 351 342 340 353 28 51 53 49 47 43 33 13 354 334 322 319 321
74 75 80 86 96 102 102 98 90 81 71 63 57 54 51 47 44 42 40 39 38 37 35 34 32 31 32 32 31 33 36 38 38 37 36 32 28 26 24 22 21 22 22 22 22 22 21 20 20 18 17 16 15 14 13 12 11 10 9 8 6 5 4 3 1 359 358 356 355 353 352 350 348 346 343 341 341 345 348 344 340 350 22 48 55 55 52 45 34 11 353 342 330 322 321 324
78 78 76 83 99 108 112 109 98 85 71 62 57 54 52 49 46 44 42 41 40 39 38 36 32 32 35 36 34 32 35 37 37 35 35 33 30 29 28 25 23 23 24 24 24 24 23 23 22 21 19 18 17 16 14 13 12 11 10 9 8 7 5 4 3 1 360 358 357 355 353 352 350 349 346 343 342 342 342 341 346 9 33 40 36 34 32 22 1 350 341 335 328 324 326 328
77 74 68 70 87 103 111 108 96 83 67 59 55 54 53 50 48 46 44 43 42 41 41 38 32 32 36 37 34 31 32 35 36 37 38 36 32 31 32 30 25 25 27 27 27 27 27 26 25 23 21 20 18 17 16 15 14 13 12 10 9 8 7 5 4 3 1 359 358 356 355 354 352 351 349 346 344 342 340 341 356 16 23 23 22 21 16 1 347 339 333 330 327 325 327 330
70 66 59 60 65 68 71 63 64 62 54 52 54 54 54 52 50 49 47 46 45 44 43 40 32 32 37 38 36 33 31 34 35 36 37 37 34 33 34 33 29 27 30 31 31 31 31 30 29 26 23 21 19 18 17 16 15 14 13 12 10 9 8 7 5 4 2 1 359 358 356 355 354 352 350 348 346 344 341 344 359 10 12 14 17 15 2 346 339 334 330 327 325 325 326 327
68 67 64 63 66 64 47 33 38 40 40 46 52 55 56 56 54 52 51 49 48 47 46 41 34 35 40 41 39 36 33 34 34 35 37 38 36 34 35 35 32 30 33 36 38 39 38 38 38 34 26 21 19 18 18 17 16 15 14 13 12 10 9 8 6 5 3 2 0 359 358 356 355 353 351 350 348 346 345 347 355 3 9 13 14 6 348 338 335 333 330 328 325 326 326 325
78 76 71 71 72 63 50 41 38 39 39 45 52 56 58 58 57 56 55 53 52 50 48 44 37 38 42 42 40 39 37 38 39 40 42 41 39 37 37 36 33 31 31 33 35 35 34 33 34 32 26 21 18 18 18 18 18 17 16 14 13 12 10 9 8 6 5 3 2 0 359 357 356 354 352 351 349 348 347 348 351 359 8 14 10 351 339 334 333 332 330 329 328 328 328 326
73 69 63 66 65 61 55 49 47 47 47 51 56 59 62 61 60 61 60 58 57 54 52 48 40 39 42 42 41 42 41 42 43 45 46 47 46 42 40 38 36 32 30 29 28 28 26 25 25 25 24 21 18 17 18 19 19 18 17 16 14 13 12 10 9 7 6 4 3 1 360 358 356 355 353 352 350 349 348 348 350 357 5 8 357 341 333 331 330 329 328 328 328 328 328 326
67 64 63 65 64 62 59 57 57 57 56 56 58 61 63 63 63 64 64 63 62 60 56 52 45 41 43 43 43 43 43 42 42 44 47 50 51 49 46 43 39 35 33 32 32 31 30 29 29 29 27 25 22 20 20 21 21 20 19 17 16 14 13 11 10 8 7 5 4 2 1 359 357 356 354 352 351 350 349 349 351 355 0 359 346 336 331 328 327 326 325 325 326 326 326 325
69 69 70 71 70 67 63 62 64 63 61 59 60 61 62 62 63 65 67 68 69 67 64 59 52 46 46 47 47 46 44 44 42 42 45 47 49 51 51 48 43 39 38 38 39 40 40 41 41 38 35 32 30 27 24 23 23 22 20 19 17 15 14 12 11 9 8 6 5 3 2 360 358 356 354 353 352 350 349 348 350 353 356 352 339 333 331 330 328 327 325 325 325 326 326 326
74 73 73 75 74 70 65 63 65 66 63 60 61 61 61 62 63 66 69 72 75 74 74 72 61 46 45 48 49 48 47 46 43 40 42 43 43 45 48 49 47 43 41 41 42 43 44 46 46 44 41 38 35 32 28 27 26 24 22 20 18 17 15 13 12 10 9 7 6 4 3 1 359 357 355 353 352 350 348 347 347 348 349 345 335 330 329 328 328 327 326 325 326 328 330 330
77 77 77 76 72 67 62 60 62 64 63 61 62 61 61 62 61 63 67 71 73 72 74 74 57 35 38 44 48 48 48 49 47 45 45 43 41 42 43 45 45 44 42 42 43 45 46 48 48 47 44 40 37 36 34 32 30 27 24 22 20 17 16 14 13 12 10 9 7 5 3 2 360 358 356 354 352 349 347 345 343 341 339 336 332 330 328 326 325 324 324 324 324 324 327 328
79 79 76 72 65 58 56 56 59 62 62 62 61 58 57 55 56 60 63 66 66 63 64 59 36 21 34 43 46 48 49 50 51 51 53 53 48 46 45 46 45 44 42 42 42 44 46 48 48 46 43 41 38 37 36 35 34 32 28 24 20 18 16 15 14 13 11 10 8 6 5 3 0 358 356 354 351 349 346 343 339 335 331 326 323 325 326 325 325 323 322 321 317 313 309 307
78 76 71 66 62 57 55 55 55 57 61 61 58 55 54 51 52 57 61 64 62 59 58 48 24 17 33 43 47 49 50 51 51 52 55 58 57 54 53 53 52 49 45 43 43 45 47 48 49 46 43 40 36 33 32 33 35 36 34 25 18 16 16 16 15 14 12 11 9 7 6 4 1 359 357 354 351 349 346 342 338 333 327 320 314 313 317 320 322 320 316 313 308 301 297 297
76 73 67 65 65 62 58 54 50 52 58 58 52 51 50 49 49 52 58 65 66 61 53 39 21 19 34 44 48 51 52 53 54 54 55 57 58 57 56 56 56 54 52 49 48 49 49 50 50 49 46 42 36 32 30 32 35 37 36 24 13 14 16 17 16 15 14 12 10 9 7 5 2 0 358 355 352 349 346 342 338 333 328 321 315 313 314 314 316 313 307 303 302 299 300 300
72 67 59 56 57 56 52 47 44 48 55 53 44 43 42 41 43 47 55 66 70 58 44 34 23 24 37 46 50 53 55 56 58 57 57 57 56 56 56 55 54 54 54 54 53 52 53 53 54 53 51 47 41 34 29 30 33 32 31 24 14 13 16 18 17 17 15 14 12 10 8 6 4 1 358 356 353 350 346 342 338 333 329 325 321 319 316 313 310 305 297 292 292 289 287 290
67 61 51 47 46 43 36 29 29 38 47 46 40 39 40 40 41 42 50 58 59 41 37 33 27 30 41 49 53 56 58 60 61 61 60 60 58 58 58 58 55 54 54 56 56 56 57 58 59 60 59 55 49 39 29 26 30 31 31 29 22 16 17 19 19 18 17 15 13 11 9 7 5 2 360 357 354 350 347 343 339 334 328 324 320 317 314 310 304 294 281 277 278 277 277 280
65 59 49 45 44 40 33 24 21 32 39 36 28 26 27 31 32 34 48 56 50 29 30 32 31 37 46 52 56 59 61 64 66 66 63 62 62 61 61 60 56 54 55 57 58 59 60 61 62 63 64 63 54 42 33 29 37 41 40 37 30 22 20 21 21 20 19 17 15 13 11 8 6 4 1 358 355 351 348 344 340 335 329 323 316 310 307 301 292 281 275 277 280 279 280 281
