windninja/windninja_output/Output_2025-08-24_1400-1450_Google earth_Fire_150m_10min/merlingen_7.5mi_point_08-24-2025_1420_150m_ang.asc
ncols	158
nrows	163
xllcorner	391686.332397
yllcorner	5160024.123721
cellsize	150.000000
NODATA_value	-32768.000000
[rows 0 to 47 of 163, columns 0 to 95 of 158]
14 13 10 8 8 10 10 9 9 10 10 11 12 15 18 22 26 23 20 18 11 7 9 12 15 16 16 13 13 14 16 17 19 18 17 20 24 25 24 21 19 20 21 22 22 23 25 20 13 11 12 12 12 14 15 16 16 16 16 15 14 14 15 14 12 12 13 15 15 14 13 14 14 13 12 13 15 16 15 12 13 14 14 16 17 15 13 14 15 13 13 13 12 12 14 16
15 13 9 7 8 10 11 11 10 9 9 9 10 13 17 20 19 15 12 11 8 3 5 10 15 17 15 12 13 15 17 18 18 17 16 19 21 20 19 17 16 17 18 18 17 17 18 15 11 10 12 12 14 16 17 17 16 16 15 15 14 14 14 13 12 12 14 16 16 14 13 14 14 12 12 13 15 16 14 12 13 15 15 17 17 14 12 14 16 15 14 13 13 13 13 15
14 12 8 7 8 10 12 12 9 6 5 6 8 11 15 17 14 11 9 9 7 1 359 7 15 18 15 13 14 17 19 18 17 16 15 16 17 16 15 14 13 13 13 13 13 12 12 12 11 10 10 12 15 18 18 16 15 14 15 15 14 13 12 12 12 12 14 16 16 15 14 14 13 12 12 13 15 15 14 12 14 16 16 17 17 13 10 12 16 16 14 13 12 12 11 11
7 9 9 8 8 9 9 7 5 3 4 5 7 9 12 13 12 10 11 12 10 5 359 2 11 15 15 14 14 15 17 17 16 14 13 13 14 15 15 12 11 10 10 10 10 10 10 12 13 11 10 12 14 16 15 14 14 14 14 15 14 12 12 13 13 12 13 15 16 16 14 14 13 13 13 13 13 14 16 14 13 15 17 15 15 13 8 9 11 13 13 12 9 8 8 7
360 5 9 9 8 7 4 2 2 4 7 7 6 8 9 10 12 13 14 16 14 8 1 359 4 9 12 13 13 13 14 15 15 12 11 12 13 13 11 9 8 7 7 8 9 10 11 12 13 13 13 14 15 15 16 15 15 14 14 14 14 13 13 13 13 12 13 15 17 16 16 15 14 14 14 14 13 14 16 16 14 15 16 14 14 14 8 4 5 7 10 11 8 5 4 3
358 0 6 8 8 5 2 1 3 7 9 7 5 6 7 10 14 17 18 19 17 10 1 355 357 3 8 11 12 12 12 13 13 12 12 12 11 9 8 7 7 6 7 8 10 12 13 13 14 15 16 16 16 17 17 16 15 14 13 13 13 13 13 13 13 13 13 15 16 16 17 17 14 12 13 15 14 13 15 18 18 15 14 13 14 15 10 1 358 360 3 5 5 2 1 1
0 360 1 4 5 5 4 3 6 9 8 6 4 4 7 10 14 18 18 17 16 13 4 354 352 358 5 8 9 10 11 11 11 13 13 11 8 7 8 8 8 8 9 11 13 14 15 15 15 16 17 17 17 17 18 16 15 13 12 12 11 11 12 13 13 13 13 14 16 15 15 15 13 11 11 13 15 14 15 18 18 14 11 12 14 16 13 4 356 352 352 355 359 0 0 1
2 1 360 360 2 4 6 8 9 8 6 3 2 3 7 10 13 16 17 16 16 14 8 358 351 354 0 3 5 8 9 9 11 13 12 10 9 9 11 11 12 13 13 15 15 15 16 16 16 16 17 17 17 18 18 16 14 13 11 9 8 9 11 13 14 14 13 13 14 14 13 14 14 13 12 13 15 17 17 17 17 13 10 11 12 14 13 7 1 352 346 348 353 357 0 359
1 2 2 0 1 3 7 10 9 6 3 0 358 0 6 10 11 13 15 16 15 14 11 5 356 352 356 0 4 7 8 8 10 12 12 11 12 14 15 16 17 18 17 17 16 16 16 17 16 16 17 17 17 18 18 15 13 11 10 9 9 9 10 13 16 16 13 12 13 14 13 14 16 16 15 14 17 20 20 18 16 12 7 6 7 8 9 7 2 358 354 354 354 355 356 355
1 2 3 3 3 4 6 8 6 4 2 359 356 357 3 9 11 10 12 13 14 14 12 8 2 355 354 0 4 5 6 6 8 12 13 14 16 17 19 20 20 19 18 17 18 17 17 18 17 15 17 18 17 16 17 16 13 12 13 14 15 13 11 13 16 15 13 11 12 16 17 18 17 17 17 17 19 19 17 14 13 11 6 2 1 2 3 2 360 360 1 359 356 355 356 354
2 2 3 3 4 5 5 5 5 3 2 359 356 355 0 6 9 9 8 10 11 12 11 9 6 1 358 1 4 4 5 8 9 12 15 17 19 20 20 20 19 19 19 19 21 20 18 19 20 19 19 20 18 17 18 20 20 20 23 24 23 20 16 14 13 13 12 12 14 19 20 19 16 16 18 21 22 17 9 7 9 11 9 3 358 356 356 356 356 0 4 1 357 358 359 358
2 2 3 4 4 4 4 4 4 3 2 0 357 356 358 2 5 7 7 7 8 10 12 11 9 7 5 4 5 6 8 11 12 13 17 20 21 20 19 19 20 21 20 21 23 23 22 26 30 30 29 28 28 29 32 34 36 36 38 39 42 40 28 15 10 10 12 14 16 17 17 17 16 15 16 17 16 12 4 1 5 9 9 5 359 356 356 356 356 359 3 2 359 358 359 359
2 2 3 4 4 4 3 4 4 3 2 1 359 358 358 358 360 3 5 5 6 8 12 13 14 14 12 10 8 9 11 12 12 13 17 21 21 19 19 19 21 21 21 22 25 27 30 36 43 45 45 48 52 58 63 61 55 52 54 61 65 62 51 27 8 8 11 11 7 8 11 15 15 11 8 7 8 7 5 3 4 6 6 4 0 359 359 360 359 360 3 5 3 359 359 1
3 2 3 3 3 3 4 4 4 3 2 2 1 0 360 358 357 357 1 4 5 8 13 18 20 19 15 12 10 11 12 12 13 14 17 20 19 19 20 21 23 26 30 34 38 40 40 40 43 46 49 51 54 62 72 78 74 64 57 54 51 43 33 23 14 10 2 346 340 350 4 10 10 5 2 2 4 5 7 6 4 2 2 3 4 4 3 4 4 3 4 8 8 5 4 8
3 3 2 3 3 3 4 4 4 3 3 2 0 0 2 2 358 355 356 1 6 11 16 20 21 19 15 13 12 13 14 13 12 14 14 16 19 22 25 29 36 45 52 58 57 54 49 38 35 38 40 38 36 39 42 45 43 37 31 30 29 23 17 15 16 13 3 347 325 323 344 358 1 2 2 2 3 6 10 8 2 360 1 4 8 8 7 10 13 11 12 18 22 21 19 18
3 2 2 3 3 3 4 4 4 3 2 2 360 358 359 1 1 360 358 1 6 11 15 19 19 16 13 13 14 13 12 12 11 13 16 21 30 36 41 48 55 56 52 48 43 39 38 33 30 31 30 25 20 19 21 25 25 19 14 17 18 16 13 13 15 14 7 0 352 331 324 337 350 358 1 1 4 10 11 5 360 359 3 8 13 16 18 22 25 25 26 30 32 31 29 25
2 2 2 3 3 3 3 3 3 3 2 1 360 356 355 357 2 4 3 4 6 9 13 16 16 15 13 12 13 11 10 13 17 23 32 40 47 49 48 47 43 36 30 31 29 27 28 27 23 20 20 18 15 15 18 22 24 19 11 10 13 14 14 12 12 14 11 5 1 354 336 324 332 345 353 359 5 8 5 3 3 6 10 15 23 32 37 42 40 29 22 22 24 24 24 23
2 2 3 3 3 3 3 3 3 3 2 1 360 357 354 354 360 4 6 7 8 11 13 14 14 15 14 11 11 12 14 20 27 34 38 38 36 33 30 29 27 24 25 27 27 25 23 21 17 13 13 14 15 17 19 21 22 18 11 9 12 15 15 12 10 12 12 8 6 3 354 342 337 337 342 353 360 2 4 8 15 17 20 28 37 44 47 43 33 18 11 16 20 20 20 21
2 2 2 3 3 3 3 3 2 3 3 2 0 358 356 355 358 3 8 10 12 12 12 13 15 16 16 13 12 16 22 27 30 31 30 30 28 26 24 24 24 25 26 26 25 24 20 14 14 15 14 14 15 18 18 17 18 17 13 10 13 16 16 12 9 9 12 12 10 5 358 353 351 348 344 344 351 2 16 28 32 33 32 31 30 31 29 27 24 16 5 9 16 16 17 19
2 2 2 2 3 3 3 2 2 2 3 2 1 360 358 357 360 4 8 11 11 11 11 12 13 14 15 15 16 18 23 26 28 29 31 31 28 24 21 20 21 21 22 22 21 20 17 13 14 18 18 16 14 13 13 13 15 16 15 13 16 20 18 13 10 10 12 13 9 3 360 359 359 359 356 353 358 14 30 34 32 29 22 18 18 21 22 22 22 18 7 4 10 14 15 16
2 2 2 2 2 3 3 3 3 2 2 2 2 1 0 0 2 5 7 8 8 9 10 10 11 13 15 16 17 18 20 22 25 26 24 22 20 17 15 16 17 19 20 21 19 17 17 17 15 17 18 17 13 9 9 11 13 15 17 17 18 21 19 13 10 9 9 8 5 3 4 5 5 4 1 1 6 13 19 22 20 17 15 12 12 17 20 22 22 17 9 3 8 14 14 11
2 2 2 2 2 2 3 3 3 3 2 2 2 2 1 2 3 5 6 6 7 8 9 9 11 13 15 16 17 18 17 18 19 17 14 14 15 15 14 16 18 19 20 19 19 19 19 17 14 14 16 16 13 10 9 9 11 13 16 19 19 20 19 13 9 6 4 4 5 7 11 12 10 7 2 360 3 9 15 18 17 17 17 13 9 12 17 19 18 14 9 5 8 13 12 8
1 1 2 2 2 2 2 3 3 3 2 2 2 2 2 2 3 4 5 5 6 7 8 9 11 13 14 16 17 17 15 12 12 11 11 13 16 18 18 18 18 19 19 20 21 19 16 14 13 14 15 15 15 14 10 8 9 10 13 18 20 19 18 12 5 2 1 4 9 14 16 15 13 10 3 357 358 4 10 16 19 19 19 16 9 7 10 12 13 12 9 6 9 12 11 8
1 1 1 1 1 2 2 3 3 2 1 2 2 3 2 2 3 3 4 5 6 7 7 9 10 12 15 18 19 17 12 8 7 11 14 17 19 21 21 18 16 16 18 20 18 14 13 15 15 15 16 16 16 14 11 8 9 9 11 15 18 19 17 8 0 0 3 9 16 20 20 17 14 8 4 0 357 359 4 13 19 20 20 20 13 5 2 5 10 13 12 10 10 12 12 10
1 1 1 1 1 2 2 3 2 2 1 1 2 2 2 2 2 2 3 4 5 6 7 8 10 13 17 21 21 17 11 7 6 11 15 19 21 21 19 16 14 14 15 15 14 14 16 18 17 16 16 16 15 13 11 10 10 11 11 13 17 17 12 5 1 3 10 18 25 27 25 17 9 6 6 8 3 356 359 8 15 18 19 20 18 9 1 2 8 12 13 12 12 12 12 11
1 1 1 1 1 2 2 2 1 1 2 2 1 1 2 2 2 2 3 4 4 5 7 8 10 13 17 21 21 17 12 8 5 6 11 16 19 20 17 13 11 10 10 10 13 16 19 19 18 17 16 17 15 13 11 9 11 14 15 14 12 9 6 6 8 10 15 22 28 30 23 11 4 6 9 12 11 1 354 359 6 11 14 17 18 13 6 5 8 11 10 9 11 12 13 12
1 1 1 1 1 1 1 1 1 1 2 2 1 1 1 2 2 2 2 3 4 5 6 7 8 11 15 19 20 19 16 11 5 2 5 12 16 18 16 10 8 7 6 8 13 15 18 19 17 16 16 18 17 13 8 6 12 18 19 13 5 1 2 9 15 18 20 23 26 25 17 7 4 7 9 11 14 11 355 350 356 4 9 12 14 13 10 10 12 12 7 3 6 11 13 13
0 0 0 0 1 1 1 0 1 1 2 2 1 1 1 1 1 1 2 3 3 3 4 5 7 9 12 15 18 19 19 16 10 4 1 5 10 15 15 10 6 5 4 7 10 11 13 17 18 15 14 16 16 12 8 6 12 17 15 8 3 2 6 14 21 24 24 23 22 19 14 10 7 8 8 8 12 14 5 351 349 357 3 6 8 12 13 14 16 16 9 0 359 6 11 12
0 0 0 1 1 1 0 0 1 1 1 1 1 1 360 360 360 0 1 1 2 2 3 3 5 6 7 8 12 17 20 19 14 9 3 359 3 9 11 8 5 3 4 5 6 8 10 15 18 15 10 13 15 14 12 7 7 12 12 7 5 8 13 17 21 24 23 21 18 14 12 12 11 11 10 7 8 14 14 1 349 350 357 1 6 13 17 16 18 19 15 4 356 359 5 8
360 360 0 1 1 0 360 0 1 1 1 1 1 0 359 359 359 360 360 360 0 1 2 2 2 2 1 2 7 12 16 19 17 11 2 357 359 4 6 4 2 2 4 5 5 6 9 10 12 11 9 10 14 16 15 10 5 8 12 11 8 14 21 23 24 24 21 17 16 13 12 14 17 17 13 8 7 14 19 12 355 347 351 359 8 14 16 14 15 19 18 12 0 354 356 1
360 360 0 1 1 360 359 0 0 0 0 360 360 360 359 358 358 358 359 359 360 0 1 1 0 358 356 358 4 9 14 18 16 9 0 357 359 1 2 2 1 2 4 7 7 7 7 6 7 10 11 11 15 19 20 15 11 10 14 17 16 19 27 31 30 24 17 14 16 16 16 20 22 18 10 6 7 13 19 17 4 352 350 358 5 9 9 9 12 17 20 19 11 357 350 351
360 360 360 1 0 359 360 0 360 360 360 359 359 359 358 358 358 357 358 358 359 359 359 359 358 356 355 357 3 10 15 14 10 6 1 358 358 359 360 1 2 4 6 9 9 8 6 5 7 12 14 15 19 24 25 20 17 16 17 23 23 22 27 32 32 22 12 11 18 22 22 21 17 10 5 5 7 12 17 18 12 2 357 357 1 3 5 10 15 20 23 24 22 11 354 345
360 360 0 0 359 359 360 360 360 359 359 359 358 358 358 358 358 357 357 357 357 357 357 358 356 354 354 356 1 6 7 6 6 8 5 358 356 357 359 3 7 8 9 10 11 10 9 9 14 18 19 20 21 26 27 20 17 19 23 28 28 22 22 27 29 22 9 6 16 23 20 13 7 4 3 4 6 9 15 20 18 13 6 1 1 4 8 14 20 24 26 27 25 18 4 350
360 0 0 359 358 359 360 360 359 358 358 358 358 358 357 358 357 357 356 356 356 355 355 355 355 354 353 354 356 357 359 2 6 11 9 357 352 357 2 6 9 10 11 12 13 13 13 16 19 21 21 22 23 26 27 21 16 18 25 30 28 18 14 20 26 24 12 3 11 19 15 9 7 5 4 2 2 5 11 19 22 20 15 8 3 6 12 13 16 21 23 24 20 13 4 355
360 0 1 359 358 359 359 359 359 358 357 357 357 357 357 357 357 356 356 356 355 355 354 353 353 353 353 352 351 351 354 359 5 9 9 1 353 358 5 9 12 14 16 18 18 18 19 22 23 23 24 25 26 27 27 24 19 18 26 32 30 19 9 13 24 27 21 8 5 10 12 12 11 9 5 2 360 1 7 17 23 21 19 15 8 7 13 14 13 16 19 17 13 7 2 358
360 360 360 359 359 359 359 359 358 358 357 356 356 356 356 356 356 355 355 355 355 354 353 351 351 352 352 352 352 351 350 355 360 3 6 6 2 2 9 14 17 21 22 22 22 22 21 21 21 22 24 25 25 24 22 21 21 21 27 35 35 24 10 8 19 26 25 14 3 4 11 17 17 14 8 2 360 2 7 16 21 21 22 24 19 9 9 13 13 11 11 10 9 8 3 358
360 359 358 358 359 360 359 358 358 357 356 356 356 356 356 355 355 355 355 354 354 354 353 352 351 350 350 352 354 350 347 349 353 357 5 10 10 11 17 22 24 25 24 22 21 21 19 18 20 22 22 21 21 20 18 18 20 22 25 32 36 28 12 4 11 22 24 19 10 9 16 24 23 15 7 3 3 8 14 14 15 21 25 29 28 15 3 9 11 7 5 7 9 9 4 359
360 359 358 358 359 0 359 358 357 357 356 356 356 355 355 355 355 355 355 354 354 354 353 352 351 350 350 352 352 347 345 346 349 357 6 11 15 21 26 27 25 23 21 20 19 19 17 17 19 21 20 17 17 18 18 16 18 21 23 27 31 27 16 5 6 17 24 23 19 19 21 22 16 7 6 7 4 6 14 16 13 17 23 27 28 20 4 3 7 5 3 5 7 5 3 4
359 359 358 359 360 359 359 358 357 356 355 356 356 355 355 354 354 354 354 354 354 354 353 352 351 350 350 349 346 344 344 346 350 357 6 12 21 28 28 24 21 19 17 16 17 16 14 14 15 17 16 13 13 17 17 13 12 16 19 21 24 24 19 11 8 15 25 28 26 23 19 12 8 8 10 10 2 360 11 19 15 13 17 20 24 21 11 2 2 4 5 5 3 2 6 12
359 358 359 360 360 359 359 357 356 355 355 356 355 355 355 354 354 354 354 354 354 354 353 353 351 350 348 345 342 341 343 344 349 356 5 15 20 22 23 22 20 18 14 12 13 15 13 11 11 14 15 11 8 11 13 10 7 10 14 16 18 22 25 21 13 15 26 31 28 19 11 8 11 15 14 8 0 357 5 16 18 17 18 18 22 23 14 3 360 4 7 6 3 5 11 13
0 359 359 360 360 359 358 357 356 355 356 356 355 355 355 355 355 354 354 354 354 353 353 353 352 350 347 343 341 342 342 343 346 354 6 14 15 15 18 19 18 15 12 10 10 13 13 10 8 12 15 10 2 3 8 10 7 7 12 17 20 26 30 29 20 16 26 30 23 13 9 13 19 17 10 4 360 357 1 12 19 20 20 19 21 19 11 3 1 4 6 7 9 14 14 11
3 1 1 1 1 360 358 357 356 356 356 356 355 355 355 355 355 355 354 354 354 354 354 353 352 351 349 346 344 344 344 345 347 353 3 9 11 12 13 13 12 11 11 11 9 7 8 9 8 10 13 9 2 360 6 13 12 12 17 25 28 29 30 30 25 19 23 24 17 12 15 20 18 9 2 1 1 360 1 11 18 18 18 18 16 12 9 7 6 4 4 7 16 20 14 8
5 4 4 3 2 360 358 358 358 357 357 356 356 355 355 356 355 355 355 355 354 354 354 354 353 352 350 348 346 345 346 348 350 353 357 2 6 6 4 4 6 9 11 10 6 5 8 11 12 11 12 12 7 5 10 16 20 21 27 33 33 27 25 26 25 21 16 16 14 14 18 18 12 4 359 0 3 3 5 11 16 16 16 14 10 9 13 15 13 8 5 8 16 17 11 7
8 7 7 5 3 1 360 359 359 358 357 357 356 356 356 356 356 356 356 355 355 355 355 355 354 353 352 350 348 346 348 350 352 352 352 355 357 358 359 0 6 11 11 7 6 9 14 17 17 14 13 13 11 11 14 20 25 27 31 34 32 26 22 21 21 18 12 10 14 15 15 14 11 5 2 4 7 7 9 12 14 14 12 8 7 13 20 22 19 13 9 8 11 12 12 11
11 10 9 6 4 3 2 1 360 359 358 358 357 357 357 357 357 356 356 356 356 356 356 355 355 355 353 352 351 350 350 351 352 351 349 349 349 351 356 1 7 10 9 8 11 16 20 19 16 11 11 14 15 15 19 25 28 30 31 30 28 24 20 17 14 13 11 10 12 14 13 14 14 11 9 12 12 13 14 14 12 9 6 6 12 22 25 25 23 19 14 9 7 10 15 17
14 13 10 8 6 5 4 2 1 1 360 359 358 358 358 358 357 357 357 357 357 357 357 357 356 355 355 354 353 352 352 352 352 351 349 345 344 348 355 360 4 7 9 11 14 18 19 16 10 8 12 18 21 22 26 30 31 31 28 24 22 20 16 10 8 8 11 12 12 13 15 18 19 19 19 20 17 16 16 14 8 4 5 13 24 26 25 24 25 24 19 10 6 11 18 21
17 15 11 10 9 7 5 4 3 2 1 0 359 359 359 358 358 358 358 358 358 358 358 358 357 356 356 356 355 354 353 353 352 351 348 347 346 347 351 355 359 4 10 14 16 17 15 11 8 10 17 23 27 30 31 33 33 29 23 17 15 14 10 6 7 9 12 15 15 15 17 20 24 26 26 24 20 16 13 11 8 8 15 25 28 26 23 22 23 25 20 11 8 14 21 22
18 16 14 13 13 10 7 5 4 3 2 1 1 0 360 359 359 359 359 359 359 359 359 359 358 358 358 358 357 356 355 354 353 351 348 348 348 347 348 351 356 2 9 14 16 15 11 9 11 15 21 26 30 32 30 30 28 24 18 10 8 10 10 8 10 13 16 18 17 16 18 21 26 28 29 28 23 17 14 14 16 19 24 26 25 23 21 20 22 22 18 15 14 18 22 23
