windninja/windninja_output/Output_2025-08-24_1400-1450_Google earth_Fire_150m_10min/merlingen_7.5mi_point_08-24-2025_1440_150m_vel.asc
ncols	158
nrows	163
xllcorner	391686.332397
yllcorner	5160024.123721
cellsize	150.000000
NODATA_value	-32768.000000
[rows 76 to 113 of 163, columns 0 to 83 of 158]
3.51 3.11 2.42 1.86 1.54 1.42 1.25 1.11 1.07 1.04 1.05 1.07 1.09 1.13 1.15 1.16 1.19 1.25 1.29 1.31 1.33 1.35 1.39 1.43 1.42 1.36 1.34 1.38 1.52 1.78 1.95 1.94 1.86 1.79 1.64 1.47 1.37 1.32 1.30 1.30 1.32 1.35 1.38 1.39 1.40 1.40 1.41 1.41 1.41 1.41 1.41 1.42 1.42 1.42 1.43 1.43 1.43 1.43 1.44 1.44 1.44 1.44 1.44 1.44 1.44 1.44 1.45 1.45 1.44 1.43 1.42 1.44 1.46 1.47 1.50 1.54 1.60 1.73 1.98 2.30 2.50 2.20 1.55 1.23
3.97 3.54 2.84 2.28 1.83 1.52 1.25 1.06 0.97 0.93 0.94 0.99 1.04 1.09 1.11 1.11 1.13 1.18 1.23 1.27 1.31 1.34 1.37 1.41 1.43 1.41 1.35 1.31 1.32 1.48 1.77 1.92 1.89 1.85 1.80 1.60 1.46 1.37 1.30 1.28 1.30 1.34 1.37 1.38 1.39 1.39 1.40 1.39 1.40 1.40 1.40 1.40 1.41 1.42 1.43 1.43 1.44 1.45 1.45 1.46 1.46 1.46 1.46 1.47 1.47 1.48 1.48 1.48 1.48 1.49 1.51 1.52 1.53 1.53 1.52 1.51 1.54 1.63 1.85 2.10 2.01 1.49 1.18 1.27
4.52 3.81 3.10 2.91 2.36 1.70 1.25 0.98 0.86 0.80 0.82 0.91 1.00 1.07 1.10 1.09 1.10 1.13 1.18 1.23 1.28 1.31 1.33 1.35 1.39 1.48 1.50 1.39 1.30 1.33 1.57 1.88 2.00 2.00 1.98 1.86 1.66 1.52 1.39 1.28 1.26 1.31 1.36 1.38 1.39 1.39 1.39 1.38 1.38 1.38 1.38 1.39 1.40 1.42 1.43 1.44 1.45 1.46 1.46 1.47 1.48 1.48 1.49 1.50 1.50 1.51 1.51 1.52 1.53 1.54 1.55 1.56 1.55 1.55 1.55 1.55 1.56 1.60 1.74 1.82 1.59 1.27 1.33 1.53
4.88 4.04 3.29 3.67 3.10 2.02 1.21 0.81 0.72 0.66 0.69 0.85 0.98 1.07 1.12 1.11 1.10 1.11 1.14 1.19 1.24 1.28 1.30 1.29 1.29 1.43 1.60 1.58 1.46 1.38 1.47 1.75 1.97 2.04 2.02 1.94 1.84 1.72 1.58 1.38 1.23 1.24 1.30 1.34 1.35 1.36 1.35 1.34 1.34 1.33 1.34 1.35 1.38 1.40 1.42 1.44 1.45 1.46 1.47 1.48 1.49 1.50 1.50 1.51 1.52 1.53 1.54 1.55 1.56 1.57 1.58 1.58 1.59 1.60 1.61 1.62 1.63 1.65 1.70 1.64 1.42 1.40 1.65 2.00
4.63 4.09 3.66 3.70 3.57 2.61 1.14 0.71 0.70 0.64 0.67 0.83 1.00 1.09 1.13 1.13 1.12 1.11 1.11 1.15 1.21 1.25 1.28 1.25 1.21 1.31 1.53 1.64 1.60 1.48 1.44 1.59 1.84 2.07 2.17 2.08 1.93 1.87 1.82 1.65 1.37 1.23 1.24 1.26 1.27 1.28 1.29 1.28 1.26 1.24 1.26 1.30 1.34 1.38 1.41 1.43 1.45 1.46 1.48 1.49 1.50 1.51 1.52 1.53 1.54 1.55 1.56 1.57 1.58 1.59 1.60 1.61 1.62 1.65 1.67 1.68 1.69 1.70 1.68 1.59 1.54 1.74 1.99 2.21
4.11 3.70 3.22 3.22 3.36 2.99 2.04 1.47 1.20 0.99 0.88 0.93 1.07 1.14 1.16 1.14 1.11 1.12 1.09 1.10 1.16 1.22 1.26 1.24 1.17 1.22 1.38 1.52 1.59 1.55 1.47 1.52 1.67 1.90 2.17 2.27 2.11 1.95 1.95 1.91 1.70 1.47 1.36 1.29 1.22 1.17 1.14 1.15 1.13 1.05 1.05 1.15 1.27 1.35 1.40 1.43 1.45 1.46 1.47 1.49 1.50 1.51 1.52 1.53 1.55 1.56 1.57 1.59 1.60 1.61 1.62 1.64 1.66 1.68 1.71 1.73 1.75 1.76 1.76 1.74 1.83 2.03 2.15 2.17
4.19 3.52 2.91 2.98 2.96 2.78 2.43 2.07 1.69 1.41 1.17 1.10 1.15 1.21 1.24 1.19 1.13 1.12 1.10 1.06 1.10 1.17 1.22 1.20 1.14 1.19 1.32 1.42 1.52 1.55 1.49 1.43 1.44 1.53 1.78 2.08 2.18 2.07 1.98 1.97 1.93 1.82 1.71 1.65 1.55 1.45 1.37 1.36 1.40 1.29 1.13 1.09 1.15 1.27 1.37 1.42 1.45 1.46 1.47 1.48 1.50 1.51 1.52 1.54 1.55 1.57 1.58 1.59 1.61 1.62 1.64 1.66 1.68 1.71 1.74 1.77 1.79 1.81 1.83 1.86 1.93 2.01 2.13 2.29
4.45 3.65 3.06 3.16 3.01 2.72 2.39 2.11 1.88 1.60 1.34 1.23 1.24 1.27 1.29 1.24 1.18 1.16 1.12 1.06 1.05 1.09 1.16 1.14 1.08 1.18 1.34 1.40 1.47 1.53 1.52 1.47 1.44 1.44 1.52 1.69 1.89 1.97 1.95 1.92 1.90 1.89 1.90 1.95 1.99 1.99 1.95 1.93 1.95 1.94 1.80 1.53 1.34 1.31 1.37 1.41 1.43 1.45 1.47 1.48 1.49 1.50 1.52 1.54 1.55 1.57 1.58 1.60 1.61 1.63 1.65 1.68 1.70 1.73 1.76 1.79 1.82 1.85 1.88 1.89 1.89 1.94 2.19 2.64
4.30 3.83 3.28 3.30 3.24 2.89 2.37 2.02 1.88 1.66 1.44 1.32 1.31 1.37 1.38 1.30 1.24 1.22 1.17 1.08 1.04 1.03 1.07 1.10 1.01 1.05 1.27 1.39 1.45 1.53 1.57 1.58 1.58 1.60 1.61 1.62 1.67 1.73 1.77 1.78 1.77 1.76 1.76 1.77 1.81 1.84 1.83 1.79 1.77 1.84 1.90 1.85 1.69 1.50 1.41 1.41 1.43 1.44 1.45 1.46 1.48 1.50 1.51 1.53 1.55 1.57 1.58 1.60 1.62 1.64 1.66 1.69 1.71 1.73 1.77 1.81 1.84 1.88 1.93 1.96 2.00 2.10 2.36 2.86
4.27 3.94 3.40 3.28 3.31 2.99 2.39 2.07 1.96 1.74 1.52 1.40 1.38 1.45 1.49 1.44 1.35 1.33 1.26 1.16 1.08 1.00 0.96 0.99 0.95 0.91 1.08 1.29 1.38 1.46 1.54 1.61 1.64 1.72 1.84 1.84 1.80 1.76 1.68 1.62 1.60 1.62 1.64 1.63 1.61 1.59 1.56 1.50 1.43 1.40 1.46 1.56 1.60 1.52 1.43 1.40 1.41 1.42 1.43 1.44 1.46 1.48 1.50 1.52 1.54 1.56 1.58 1.60 1.62 1.64 1.66 1.68 1.71 1.74 1.78 1.82 1.86 1.91 1.97 2.07 2.19 2.38 2.67 3.13
4.70 4.23 3.50 3.28 3.30 3.07 2.50 2.24 2.14 1.86 1.59 1.48 1.47 1.49 1.57 1.57 1.50 1.48 1.40 1.30 1.16 1.02 0.94 0.89 0.81 0.83 1.01 1.22 1.36 1.40 1.44 1.55 1.59 1.68 1.93 2.11 2.14 2.13 1.99 1.75 1.53 1.47 1.56 1.65 1.67 1.65 1.61 1.56 1.45 1.30 1.23 1.28 1.37 1.42 1.40 1.37 1.36 1.38 1.39 1.40 1.43 1.46 1.49 1.51 1.54 1.56 1.58 1.60 1.62 1.64 1.66 1.68 1.71 1.74 1.77 1.81 1.86 1.93 2.02 2.15 2.33 2.61 3.04 3.53
5.34 4.53 3.63 3.33 3.17 3.10 2.75 2.49 2.41 2.15 1.72 1.56 1.56 1.51 1.62 1.67 1.63 1.69 1.64 1.51 1.32 1.12 1.05 0.92 0.68 0.77 1.07 1.29 1.44 1.48 1.46 1.50 1.50 1.48 1.64 1.93 2.16 2.35 2.42 2.26 1.89 1.56 1.48 1.59 1.72 1.76 1.73 1.68 1.60 1.40 1.22 1.18 1.22 1.29 1.31 1.29 1.27 1.28 1.31 1.35 1.38 1.42 1.46 1.50 1.53 1.55 1.57 1.59 1.61 1.63 1.66 1.68 1.70 1.73 1.77 1.81 1.87 1.94 2.04 2.16 2.33 2.61 3.00 3.43
5.81 4.81 3.71 3.34 3.04 3.05 3.08 2.91 2.73 2.52 2.00 1.69 1.64 1.57 1.68 1.80 1.83 1.93 1.93 1.80 1.53 1.32 1.28 1.08 0.80 0.86 1.12 1.35 1.50 1.58 1.58 1.56 1.52 1.44 1.41 1.50 1.67 2.00 2.35 2.49 2.34 1.99 1.65 1.58 1.71 1.87 1.92 1.85 1.76 1.62 1.43 1.26 1.19 1.24 1.30 1.30 1.26 1.20 1.18 1.21 1.29 1.37 1.43 1.48 1.51 1.54 1.56 1.58 1.60 1.62 1.64 1.66 1.69 1.72 1.75 1.80 1.86 1.93 2.00 2.09 2.22 2.40 2.63 2.95
5.71 4.90 3.79 3.33 3.03 2.94 3.10 3.19 3.05 2.94 2.56 1.97 1.73 1.69 1.73 1.84 2.01 2.17 2.21 2.09 1.75 1.53 1.46 1.25 1.04 1.04 1.19 1.41 1.54 1.63 1.67 1.67 1.64 1.60 1.55 1.47 1.38 1.52 1.89 2.24 2.32 2.17 1.90 1.67 1.65 1.81 2.00 2.04 1.91 1.76 1.64 1.49 1.37 1.35 1.43 1.49 1.46 1.33 1.13 1.04 1.15 1.31 1.41 1.47 1.50 1.53 1.55 1.57 1.59 1.61 1.63 1.65 1.67 1.70 1.73 1.77 1.82 1.87 1.94 2.02 2.12 2.23 2.33 2.44
5.33 4.71 3.89 3.44 3.08 2.79 2.82 3.09 3.21 3.35 3.15 2.34 1.87 1.84 1.83 1.87 2.11 2.43 2.61 2.43 1.93 1.59 1.50 1.40 1.26 1.22 1.32 1.49 1.60 1.68 1.73 1.74 1.72 1.69 1.72 1.69 1.49 1.40 1.61 2.04 2.26 2.15 1.96 1.74 1.61 1.67 1.88 2.08 2.07 1.87 1.69 1.57 1.47 1.44 1.48 1.60 1.65 1.60 1.41 1.14 1.12 1.26 1.39 1.46 1.49 1.52 1.54 1.55 1.57 1.59 1.61 1.63 1.66 1.68 1.71 1.74 1.78 1.82 1.87 1.94 2.04 2.12 2.17 2.22
5.01 4.55 4.09 3.91 3.58 3.01 2.73 2.93 3.31 3.72 3.67 2.89 2.31 2.19 2.16 2.19 2.34 2.64 3.01 2.90 2.04 1.49 1.51 1.60 1.47 1.40 1.47 1.58 1.66 1.73 1.78 1.80 1.78 1.70 1.74 1.82 1.72 1.55 1.51 1.81 2.25 2.32 2.11 1.85 1.65 1.60 1.73 1.95 2.08 1.99 1.73 1.53 1.40 1.35 1.42 1.63 1.82 1.91 1.91 1.67 1.38 1.31 1.37 1.44 1.48 1.51 1.52 1.54 1.55 1.57 1.59 1.61 1.63 1.65 1.68 1.71 1.74 1.78 1.83 1.88 1.95 2.01 2.11 2.23
4.51 4.27 4.17 4.36 4.42 4.00 3.56 3.66 4.12 4.72 4.55 3.55 2.89 2.62 2.45 2.43 2.52 2.84 3.43 3.54 2.56 1.51 1.49 1.64 1.54 1.50 1.58 1.68 1.74 1.80 1.84 1.86 1.85 1.76 1.73 1.81 1.82 1.73 1.58 1.57 1.94 2.37 2.40 2.11 1.78 1.61 1.65 1.82 2.00 2.01 1.77 1.47 1.28 1.18 1.20 1.44 1.76 1.91 2.01 1.95 1.67 1.44 1.40 1.43 1.46 1.48 1.50 1.51 1.53 1.55 1.56 1.58 1.60 1.62 1.64 1.66 1.69 1.73 1.77 1.82 1.86 1.91 1.99 2.08
3.84 3.74 3.77 4.10 4.46 4.47 4.30 4.31 4.63 5.36 5.76 5.11 4.41 4.19 4.05 3.91 3.65 3.65 3.97 4.07 3.43 1.99 1.74 1.71 1.62 1.60 1.67 1.77 1.83 1.89 1.92 1.95 1.92 1.78 1.71 1.78 1.82 1.80 1.72 1.57 1.60 2.08 2.55 2.47 2.05 1.76 1.68 1.78 1.99 2.07 1.91 1.52 1.16 1.08 1.01 1.01 1.25 1.47 1.62 1.74 1.66 1.49 1.41 1.41 1.43 1.46 1.47 1.49 1.50 1.52 1.53 1.55 1.57 1.59 1.61 1.63 1.65 1.67 1.70 1.73 1.77 1.82 1.86 1.90
3.28 3.30 3.34 3.53 3.82 3.82 3.65 3.39 3.28 4.12 5.41 5.72 5.49 5.29 5.22 5.10 4.84 4.58 4.68 4.58 3.76 2.97 2.47 2.07 1.80 1.74 1.77 1.85 1.93 2.01 2.06 2.11 2.04 1.80 1.67 1.74 1.83 1.82 1.78 1.66 1.51 1.71 2.39 2.78 2.52 2.18 1.95 1.90 2.04 2.16 2.17 1.79 1.20 1.10 1.06 0.91 0.97 1.16 1.32 1.46 1.49 1.41 1.37 1.37 1.39 1.42 1.44 1.45 1.47 1.48 1.50 1.51 1.53 1.54 1.56 1.58 1.60 1.62 1.65 1.67 1.69 1.71 1.75 1.78
2.71 2.95 3.18 3.28 3.53 3.38 2.92 2.29 1.84 2.37 3.48 4.20 4.08 3.49 3.39 3.86 4.53 4.92 5.38 4.76 3.81 3.61 2.98 2.33 1.90 1.79 1.82 1.91 2.00 2.13 2.29 2.37 2.25 1.92 1.69 1.73 1.83 1.84 1.80 1.68 1.47 1.42 1.91 2.62 2.85 2.75 2.52 2.32 2.29 2.33 2.40 2.18 1.56 1.28 1.22 1.11 1.06 1.12 1.20 1.31 1.38 1.34 1.32 1.33 1.35 1.37 1.40 1.42 1.44 1.45 1.46 1.48 1.50 1.51 1.52 1.53 1.55 1.56 1.58 1.60 1.63 1.65 1.66 1.67
2.01 2.56 3.07 3.25 3.59 3.54 3.03 2.23 1.58 1.52 2.12 2.76 2.76 2.64 2.76 3.49 4.10 5.18 5.84 4.41 3.72 3.85 3.37 2.57 1.93 1.71 1.75 1.90 2.00 2.12 2.43 2.60 2.49 2.16 1.83 1.77 1.85 1.86 1.81 1.71 1.48 1.25 1.43 2.01 2.51 2.76 2.83 2.76 2.66 2.60 2.56 2.43 1.99 1.55 1.43 1.32 1.19 1.14 1.13 1.18 1.26 1.27 1.27 1.27 1.29 1.31 1.35 1.38 1.40 1.41 1.42 1.43 1.44 1.46 1.47 1.49 1.50 1.51 1.52 1.54 1.55 1.57 1.59 1.60
1.58 2.20 2.90 3.11 3.52 3.73 3.44 2.82 2.14 1.78 1.90 1.92 1.91 2.41 2.86 3.57 4.24 5.28 5.90 4.86 4.12 4.07 4.00 3.06 2.00 1.59 1.65 1.87 2.01 2.13 2.39 2.60 2.60 2.39 2.07 1.91 1.90 1.88 1.81 1.71 1.54 1.25 1.18 1.55 1.97 2.23 2.50 2.67 2.67 2.62 2.53 2.47 2.22 1.79 1.62 1.55 1.37 1.20 1.13 1.10 1.11 1.14 1.17 1.19 1.22 1.26 1.30 1.32 1.34 1.35 1.37 1.39 1.40 1.41 1.42 1.43 1.44 1.45 1.46 1.48 1.49 1.50 1.52 1.53
1.29 1.86 2.66 2.77 3.09 3.47 3.45 3.21 2.85 2.39 2.09 1.79 1.69 2.10 2.93 3.74 4.48 4.99 4.63 4.74 4.68 4.54 4.62 3.57 2.13 1.64 1.76 1.93 2.09 2.30 2.48 2.55 2.59 2.52 2.29 2.12 2.06 1.98 1.81 1.67 1.56 1.32 1.13 1.34 1.72 1.90 2.13 2.45 2.58 2.55 2.45 2.42 2.32 2.01 1.79 1.73 1.64 1.42 1.24 1.17 1.10 1.06 1.06 1.05 1.08 1.14 1.19 1.23 1.28 1.30 1.32 1.35 1.36 1.36 1.37 1.38 1.38 1.39 1.40 1.41 1.42 1.44 1.45 1.46
1.20 1.78 2.49 2.59 2.75 2.86 2.85 3.03 3.03 2.71 2.46 2.16 1.88 2.09 2.92 3.98 4.55 4.22 3.75 3.98 4.57 4.97 4.96 4.09 2.64 2.13 2.12 2.15 2.26 2.48 2.64 2.63 2.62 2.58 2.43 2.32 2.27 2.16 1.94 1.69 1.53 1.36 1.15 1.20 1.59 1.91 2.12 2.38 2.54 2.56 2.50 2.41 2.36 2.26 2.03 1.88 1.82 1.69 1.44 1.27 1.24 1.21 1.16 1.05 0.96 0.97 1.04 1.13 1.21 1.26 1.27 1.28 1.29 1.30 1.31 1.32 1.32 1.33 1.34 1.35 1.36 1.38 1.39 1.41
1.63 2.05 2.59 2.74 2.74 2.70 2.71 2.85 2.90 2.75 2.69 2.44 2.15 2.33 2.89 3.82 4.47 3.93 3.31 3.47 4.13 4.85 4.91 3.91 2.98 2.61 2.51 2.45 2.46 2.64 2.82 2.85 2.78 2.67 2.53 2.43 2.38 2.33 2.19 1.83 1.52 1.37 1.17 1.07 1.39 1.86 2.13 2.29 2.43 2.53 2.58 2.47 2.36 2.38 2.31 2.13 1.99 1.95 1.72 1.41 1.33 1.39 1.40 1.29 1.11 0.97 0.96 1.01 1.10 1.17 1.20 1.22 1.23 1.24 1.24 1.25 1.26 1.26 1.27 1.28 1.30 1.31 1.32 1.35
2.12 2.37 2.78 2.93 2.82 2.76 2.81 2.85 2.83 2.76 2.74 2.57 2.34 2.54 3.03 3.71 4.37 4.00 3.23 3.65 4.45 4.76 4.46 3.88 3.30 2.94 2.81 2.75 2.69 2.81 3.05 3.15 3.08 2.92 2.70 2.50 2.41 2.42 2.42 2.07 1.58 1.37 1.21 1.03 1.17 1.63 2.04 2.20 2.28 2.41 2.55 2.55 2.42 2.38 2.39 2.29 2.17 2.17 2.04 1.67 1.41 1.39 1.50 1.52 1.38 1.17 1.02 0.97 1.00 1.07 1.12 1.14 1.16 1.17 1.17 1.18 1.18 1.19 1.20 1.21 1.22 1.24 1.26 1.28
2.55 2.68 2.93 3.03 2.94 2.88 2.90 2.91 2.88 2.80 2.73 2.62 2.38 2.45 3.04 3.78 4.32 4.19 3.74 4.24 4.95 4.42 4.14 4.07 3.70 3.34 3.14 3.00 2.90 3.02 3.30 3.48 3.42 3.25 2.97 2.68 2.51 2.55 2.57 2.26 1.73 1.42 1.27 1.09 1.04 1.36 1.86 2.13 2.21 2.32 2.46 2.55 2.51 2.46 2.47 2.34 2.26 2.28 2.26 2.06 1.71 1.53 1.56 1.65 1.60 1.38 1.18 1.07 1.02 1.03 1.03 1.02 1.02 1.06 1.09 1.09 1.09 1.09 1.11 1.12 1.14 1.17 1.20 1.22
2.97 2.99 3.06 3.12 3.07 3.03 3.01 2.98 2.96 2.85 2.74 2.64 2.33 2.16 2.49 3.23 4.03 4.09 3.92 4.70 5.22 4.65 4.37 4.31 4.02 3.80 3.66 3.36 3.16 3.33 3.54 3.69 3.77 3.60 3.34 3.03 2.77 2.71 2.65 2.37 1.91 1.55 1.37 1.19 1.04 1.12 1.52 1.90 2.11 2.27 2.40 2.50 2.52 2.49 2.57 2.51 2.39 2.35 2.33 2.28 2.08 1.83 1.74 1.79 1.79 1.61 1.38 1.23 1.16 1.16 1.14 1.01 0.89 0.89 0.94 0.97 0.98 0.99 1.00 1.02 1.04 1.06 1.10 1.13
3.28 3.23 3.20 3.23 3.20 3.16 3.11 3.06 3.03 2.96 2.80 2.65 2.40 2.20 2.31 2.74 3.59 3.86 3.86 4.55 4.95 4.92 4.85 4.65 4.32 4.22 4.31 4.03 3.66 3.79 3.80 3.83 4.05 3.97 3.74 3.49 3.12 2.86 2.71 2.46 2.09 1.72 1.49 1.32 1.15 1.04 1.21 1.53 1.82 2.14 2.35 2.47 2.52 2.46 2.47 2.53 2.53 2.50 2.43 2.35 2.20 2.00 1.86 1.90 1.94 1.83 1.62 1.44 1.37 1.39 1.42 1.30 1.01 0.80 0.74 0.73 0.75 0.79 0.84 0.89 0.93 0.97 1.01 1.05
3.47 3.37 3.30 3.38 3.42 3.33 3.21 3.13 3.13 3.18 3.00 2.79 2.63 2.43 2.44 2.71 3.28 3.62 3.73 4.10 4.36 4.63 4.92 4.87 4.67 4.64 4.87 4.75 4.43 4.44 4.23 4.17 4.25 4.20 4.11 4.01 3.64 3.13 2.85 2.59 2.26 1.87 1.63 1.49 1.26 1.07 1.04 1.19 1.45 1.87 2.27 2.44 2.55 2.60 2.50 2.41 2.46 2.55 2.58 2.51 2.32 2.14 2.00 1.95 1.96 1.94 1.79 1.61 1.55 1.56 1.62 1.64 1.47 1.09 0.85 0.75 0.66 0.61 0.61 0.64 0.72 0.83 0.91 0.96
3.60 3.47 3.36 3.51 3.67 3.59 3.40 3.25 3.26 3.43 3.31 3.08 2.88 2.65 2.61 2.71 3.09 3.39 3.47 3.68 4.08 4.49 4.54 4.67 4.93 4.99 5.25 5.38 5.40 5.24 4.95 4.71 4.32 4.20 4.57 4.77 4.26 3.48 3.01 2.69 2.33 1.95 1.77 1.62 1.35 1.16 1.00 0.97 1.11 1.46 1.99 2.31 2.49 2.71 2.77 2.57 2.43 2.47 2.60 2.66 2.51 2.30 2.19 2.12 2.04 2.00 1.92 1.70 1.61 1.70 1.75 1.77 1.80 1.64 1.37 1.14 0.92 0.72 0.63 0.58 0.57 0.65 0.76 0.85
3.59 3.51 3.45 3.62 3.83 3.84 3.67 3.44 3.44 3.70 3.68 3.44 3.18 2.99 2.94 2.82 3.00 3.20 3.18 3.32 3.93 4.59 4.25 4.01 4.71 5.31 5.48 5.72 6.33 6.26 5.66 5.08 4.12 4.19 5.34 5.61 4.70 3.57 3.06 2.80 2.38 2.07 1.92 1.71 1.46 1.29 1.07 0.90 0.90 1.12 1.60 2.00 2.22 2.52 2.82 2.87 2.69 2.55 2.59 2.69 2.68 2.48 2.30 2.26 2.21 2.12 2.06 1.85 1.63 1.73 1.92 1.91 1.87 1.86 1.70 1.47 1.22 1.00 0.91 0.85 0.69 0.58 0.62 0.72
3.44 3.43 3.53 3.77 3.90 3.98 3.98 3.74 3.70 3.90 4.03 3.78 3.36 3.29 3.40 3.20 3.07 3.08 3.06 3.22 3.84 4.58 4.20 3.44 3.96 5.09 5.53 5.62 6.82 7.35 6.18 5.34 4.09 4.44 6.28 6.16 4.67 3.53 3.28 3.07 2.47 2.13 2.06 1.87 1.60 1.39 1.19 0.96 0.76 0.87 1.30 1.74 1.97 2.19 2.52 2.85 2.95 2.80 2.70 2.73 2.84 2.81 2.50 2.30 2.31 2.22 2.15 2.05 1.77 1.70 1.96 2.13 2.02 1.90 1.85 1.74 1.53 1.26 1.04 0.96 0.87 0.67 0.56 0.59
3.25 3.27 3.52 3.84 3.91 3.97 4.01 3.97 3.92 3.96 4.17 4.07 3.59 3.54 3.80 3.67 3.20 2.87 3.12 3.69 4.24 4.58 4.06 3.21 3.19 4.32 5.27 5.48 6.84 7.86 6.65 5.69 4.70 5.07 7.02 6.39 4.53 3.82 3.68 3.17 2.31 2.14 2.28 2.03 1.69 1.50 1.32 1.07 0.77 0.68 1.00 1.50 1.87 2.05 2.24 2.57 2.90 3.01 2.88 2.77 2.92 3.13 2.91 2.50 2.44 2.35 2.14 2.10 1.97 1.76 1.85 2.17 2.25 2.06 1.96 1.89 1.77 1.53 1.19 0.99 0.92 0.82 0.63 0.53
3.08 3.17 3.53 3.79 3.83 3.86 3.82 3.89 3.99 4.02 4.23 4.23 3.79 3.76 4.13 4.07 3.22 2.45 3.09 4.25 5.03 4.91 3.83 3.04 2.81 3.38 4.54 5.36 7.06 8.24 7.08 6.01 5.41 6.02 7.65 6.80 4.96 4.42 3.89 2.81 2.11 2.36 2.50 2.07 1.76 1.62 1.40 1.16 0.89 0.64 0.69 1.13 1.65 2.02 2.20 2.35 2.67 3.02 3.04 2.76 2.78 3.17 3.25 2.88 2.70 2.63 2.31 2.05 1.98 1.89 1.88 2.17 2.41 2.30 2.12 1.97 1.86 1.72 1.45 1.18 0.98 0.87 0.73 0.54
2.95 3.20 3.60 3.82 3.87 3.83 3.78 3.87 3.97 4.00 4.25 4.41 3.96 3.84 4.37 4.40 3.16 1.99 2.77 4.39 5.73 5.74 3.91 2.75 2.70 3.01 3.62 4.51 6.51 8.45 8.12 6.52 5.76 6.73 8.28 7.47 5.77 4.78 3.67 2.49 2.21 2.51 2.56 2.12 1.86 1.69 1.42 1.22 1.05 0.75 0.52 0.74 1.25 1.83 2.18 2.27 2.48 2.93 3.15 2.87 2.68 3.00 3.30 3.23 3.05 3.01 2.80 2.31 1.97 1.88 1.91 2.12 2.39 2.44 2.32 2.16 1.97 1.85 1.68 1.40 1.13 0.95 0.79 0.62
2.99 3.24 3.61 3.85 3.92 3.85 3.82 3.92 4.03 3.98 4.25 4.82 4.45 3.92 4.44 4.63 3.10 1.63 2.28 4.10 5.92 6.68 4.90 2.68 2.63 3.32 3.31 3.49 4.73 7.27 8.74 7.82 6.45 7.31 8.75 7.94 6.21 4.73 3.13 2.46 2.27 2.36 2.66 2.55 2.04 1.68 1.38 1.21 1.13 0.92 0.57 0.39 0.86 1.56 2.06 2.19 2.34 2.81 3.24 3.12 2.81 2.91 3.22 3.30 3.24 3.27 3.27 2.94 2.36 1.96 1.87 2.03 2.29 2.44 2.46 2.37 2.17 1.99 1.92 1.76 1.42 1.14 0.91 0.71
3.25 3.38 3.59 3.81 3.96 3.86 3.74 3.84 4.02 4.01 4.24 5.04 4.95 4.15 4.55 4.85 3.16 1.34 1.82 3.46 5.45 7.15 6.44 3.54 2.91 3.92 3.82 3.66 3.78 5.05 7.61 8.76 8.24 8.56 9.31 7.99 6.01 4.42 3.01 2.42 2.07 2.25 2.98 3.07 2.17 1.46 1.19 1.08 1.06 1.02 0.79 0.33 0.46 1.25 1.89 2.13 2.22 2.61 3.19 3.33 3.07 2.98 3.23 3.36 3.21 3.29 3.47 3.41 3.08 2.54 2.22 2.24 2.36 2.47 2.60 2.59 2.37 2.12 2.04 2.04 1.86 1.46 1.06 0.82
