windninja/windninja_output/Output_2025-08-24_1400-1450_Google earth_Fire_150m_10min/merlingen_7.5mi_point_08-24-2025_1450_150m_vel.asc
ncols	158
nrows	163
xllcorner	391686.332397
yllcorner	5160024.123721
cellsize	150.000000
NODATA_value	-32768.000000
[rows 38 to 75 of 163, columns 0 to 83 of 158]
2.34 2.33 2.26 2.15 2.04 1.99 1.95 1.93 1.93 1.95 1.95 1.92 1.89 1.89 1.88 1.87 1.86 1.86 1.86 1.86 1.87 1.86 1.86 1.87 1.88 1.89 1.90 2.02 2.30 2.51 2.42 2.26 2.09 1.90 1.78 1.60 1.38 1.31 1.38 1.46 1.53 1.61 1.69 1.79 1.87 1.89 1.93 2.01 2.04 2.07 2.11 2.15 2.16 2.11 2.08 2.16 2.26 2.34 2.40 2.42 2.41 2.32 2.12 1.89 1.74 1.71 1.81 1.83 1.64 1.50 1.58 1.92 2.18 2.07 1.77 1.65 1.79 1.91 1.92 1.83 1.65 1.54 1.53 1.66
2.32 2.30 2.20 2.11 2.04 1.99 1.95 1.97 2.00 2.00 1.96 1.92 1.90 1.91 1.91 1.89 1.88 1.87 1.87 1.87 1.87 1.87 1.88 1.88 1.88 1.89 1.95 2.09 2.22 2.15 2.01 1.95 1.88 1.79 1.63 1.41 1.43 1.62 1.73 1.72 1.71 1.76 1.89 2.05 2.14 2.16 2.15 2.16 2.24 2.32 2.35 2.40 2.53 2.71 2.83 2.87 2.92 2.98 3.01 3.00 2.96 2.84 2.54 2.10 1.84 1.79 1.79 1.67 1.50 1.61 2.01 2.26 2.13 1.83 1.71 1.86 2.09 2.14 2.14 2.15 2.03 1.77 1.60 1.65
2.31 2.30 2.20 2.12 2.07 2.04 2.03 2.04 2.04 2.01 1.96 1.93 1.94 1.95 1.94 1.93 1.91 1.90 1.90 1.89 1.89 1.90 1.89 1.88 1.89 1.90 1.94 1.97 1.92 1.84 1.84 1.81 1.70 1.58 1.37 1.27 1.44 1.71 1.91 2.02 2.08 2.14 2.22 2.25 2.25 2.33 2.40 2.43 2.46 2.48 2.48 2.60 2.87 3.09 3.15 3.13 3.10 3.00 2.88 2.74 2.58 2.52 2.52 2.26 1.97 1.94 1.91 1.77 1.75 2.03 2.19 1.90 1.55 1.51 1.74 2.17 2.37 2.32 2.24 2.18 2.17 2.12 1.99 1.90
2.31 2.30 2.23 2.16 2.10 2.08 2.10 2.10 2.07 2.01 1.98 1.98 1.99 1.98 1.96 1.95 1.93 1.93 1.92 1.92 1.92 1.90 1.88 1.87 1.88 1.88 1.88 1.86 1.82 1.83 1.84 1.73 1.60 1.46 1.34 1.40 1.52 1.61 1.88 2.30 2.60 2.75 2.73 2.60 2.59 2.77 2.89 2.89 2.83 2.77 2.78 2.85 2.90 2.76 2.55 2.46 2.39 2.22 2.06 1.89 1.82 1.94 2.27 2.47 2.32 2.16 2.14 2.19 2.35 2.42 2.10 1.69 1.59 1.73 2.06 2.43 2.44 2.28 2.11 1.96 1.95 2.11 2.23 2.26
2.28 2.27 2.22 2.17 2.14 2.14 2.14 2.11 2.08 2.04 2.03 2.02 2.01 2.00 1.98 1.96 1.94 1.93 1.93 1.92 1.91 1.88 1.87 1.87 1.86 1.85 1.84 1.83 1.85 1.89 1.84 1.71 1.59 1.50 1.49 1.61 1.80 2.06 2.35 2.60 2.73 2.74 2.72 2.84 2.97 2.97 2.79 2.58 2.48 2.47 2.53 2.55 2.41 2.18 1.97 1.83 1.73 1.59 1.44 1.37 1.45 1.67 2.07 2.47 2.64 2.59 2.67 2.91 2.99 2.73 2.33 2.15 2.20 2.29 2.55 2.63 2.37 2.17 2.02 1.94 1.95 2.00 2.14 2.48
2.24 2.23 2.19 2.17 2.19 2.21 2.17 2.12 2.09 2.07 2.05 2.04 2.02 2.00 1.97 1.95 1.93 1.92 1.93 1.92 1.89 1.87 1.87 1.87 1.85 1.84 1.84 1.85 1.86 1.83 1.74 1.66 1.61 1.60 1.66 1.78 2.05 2.40 2.55 2.49 2.34 2.27 2.41 2.62 2.59 2.32 2.10 2.01 2.03 2.13 2.27 2.28 2.16 2.00 1.83 1.64 1.49 1.39 1.32 1.33 1.44 1.61 1.84 2.14 2.59 3.00 3.29 3.42 3.39 3.32 3.21 3.17 3.10 3.05 3.07 2.82 2.45 2.20 2.01 1.91 1.96 2.12 2.43 2.86
2.20 2.18 2.15 2.18 2.21 2.19 2.14 2.11 2.09 2.07 2.05 2.04 2.02 1.99 1.97 1.95 1.94 1.94 1.95 1.93 1.91 1.89 1.88 1.86 1.85 1.85 1.86 1.87 1.83 1.77 1.71 1.67 1.65 1.67 1.72 1.85 2.06 2.14 2.04 1.96 1.96 2.09 2.27 2.27 2.03 1.81 1.76 1.87 2.12 2.41 2.50 2.35 2.16 1.99 1.79 1.58 1.43 1.37 1.40 1.52 1.67 1.78 1.87 2.08 2.56 3.04 3.26 3.26 3.25 3.44 3.60 3.60 3.55 3.43 3.14 2.72 2.40 2.20 2.01 1.90 1.99 2.37 2.81 2.85
2.16 2.15 2.17 2.20 2.18 2.14 2.12 2.12 2.10 2.07 2.06 2.04 2.02 2.00 1.99 1.99 1.98 1.99 1.97 1.94 1.92 1.91 1.88 1.86 1.85 1.87 1.87 1.83 1.78 1.75 1.74 1.72 1.71 1.72 1.75 1.83 1.86 1.79 1.72 1.77 1.92 2.09 2.11 1.95 1.78 1.78 1.89 2.10 2.41 2.53 2.32 2.04 1.87 1.70 1.56 1.47 1.39 1.39 1.54 1.79 1.99 2.15 2.32 2.62 2.92 2.99 2.89 2.75 2.59 2.60 2.78 2.89 2.95 2.89 2.65 2.38 2.20 2.13 2.13 2.22 2.46 2.69 2.60 2.08
2.16 2.17 2.21 2.19 2.12 2.09 2.09 2.10 2.09 2.08 2.07 2.06 2.04 2.02 2.01 2.01 2.00 1.98 1.95 1.93 1.91 1.89 1.87 1.87 1.87 1.85 1.81 1.77 1.75 1.74 1.73 1.72 1.71 1.73 1.77 1.78 1.74 1.72 1.75 1.82 1.89 1.93 1.89 1.75 1.65 1.76 2.05 2.36 2.44 2.20 1.90 1.74 1.63 1.50 1.40 1.41 1.45 1.55 1.77 2.08 2.36 2.60 2.87 3.06 3.02 2.80 2.53 2.30 2.16 2.11 2.12 2.19 2.26 2.29 2.27 2.22 2.15 2.14 2.27 2.42 2.47 2.29 1.82 1.39
2.18 2.18 2.17 2.11 2.05 2.01 2.03 2.05 2.06 2.07 2.07 2.07 2.05 2.02 2.01 2.00 1.99 1.96 1.94 1.92 1.89 1.86 1.85 1.85 1.84 1.81 1.78 1.77 1.76 1.74 1.72 1.70 1.67 1.67 1.69 1.68 1.70 1.73 1.73 1.73 1.76 1.81 1.77 1.70 1.74 1.90 2.16 2.27 2.10 1.84 1.69 1.58 1.53 1.55 1.56 1.60 1.73 1.91 2.14 2.40 2.62 2.77 2.84 2.74 2.54 2.32 2.11 2.01 2.00 2.01 1.97 1.93 1.93 1.97 2.02 2.06 2.07 2.05 2.05 2.02 1.87 1.60 1.41 1.37
2.14 2.13 2.10 2.04 2.00 1.98 1.99 2.01 2.03 2.04 2.04 2.03 2.01 2.00 1.99 1.97 1.95 1.93 1.91 1.89 1.86 1.86 1.85 1.84 1.81 1.79 1.78 1.77 1.76 1.74 1.72 1.69 1.68 1.67 1.65 1.64 1.66 1.67 1.66 1.65 1.68 1.67 1.60 1.63 1.86 2.10 2.20 2.08 1.86 1.70 1.57 1.47 1.45 1.50 1.61 1.76 1.98 2.29 2.61 2.75 2.72 2.60 2.41 2.20 2.04 1.91 1.85 1.85 1.87 1.86 1.82 1.78 1.75 1.77 1.84 1.91 1.95 1.94 1.87 1.77 1.67 1.58 1.58 1.64
2.10 2.10 2.07 2.00 1.96 1.98 1.99 1.98 2.00 2.02 2.02 2.00 1.98 1.99 1.98 1.96 1.94 1.92 1.90 1.88 1.86 1.86 1.85 1.84 1.82 1.81 1.79 1.77 1.75 1.74 1.72 1.71 1.70 1.68 1.67 1.67 1.68 1.68 1.67 1.65 1.60 1.52 1.50 1.63 1.85 2.01 1.99 1.82 1.67 1.55 1.50 1.55 1.62 1.73 1.87 2.05 2.30 2.63 2.78 2.70 2.53 2.29 2.05 1.91 1.85 1.80 1.75 1.73 1.74 1.75 1.74 1.71 1.67 1.67 1.76 1.89 2.02 2.09 2.05 1.97 1.91 1.89 1.88 1.86
2.08 2.06 2.03 2.03 2.05 2.08 2.06 2.01 1.99 1.99 2.00 1.99 1.99 1.99 1.98 1.96 1.94 1.92 1.90 1.88 1.88 1.87 1.86 1.84 1.83 1.82 1.80 1.77 1.75 1.74 1.72 1.71 1.69 1.67 1.66 1.67 1.69 1.69 1.66 1.61 1.56 1.54 1.59 1.67 1.77 1.81 1.71 1.55 1.37 1.24 1.25 1.46 1.75 2.02 2.24 2.46 2.69 2.75 2.54 2.25 2.05 1.87 1.75 1.76 1.81 1.76 1.68 1.62 1.60 1.59 1.58 1.56 1.55 1.59 1.71 1.89 2.05 2.15 2.14 2.10 2.06 2.04 1.99 1.96
2.03 2.00 1.98 2.05 2.16 2.22 2.19 2.11 2.03 2.00 2.00 2.00 1.99 1.97 1.95 1.94 1.93 1.91 1.90 1.89 1.89 1.87 1.85 1.83 1.82 1.80 1.77 1.76 1.74 1.73 1.71 1.70 1.68 1.66 1.65 1.64 1.62 1.60 1.58 1.56 1.55 1.57 1.61 1.66 1.70 1.66 1.52 1.37 1.25 1.19 1.29 1.59 1.82 2.01 2.26 2.54 2.63 2.43 2.12 1.89 1.71 1.62 1.65 1.75 1.77 1.71 1.65 1.60 1.57 1.53 1.50 1.49 1.52 1.60 1.71 1.82 1.91 1.99 2.09 2.15 2.12 1.99 1.86 1.86
2.02 1.95 1.94 2.01 2.08 2.12 2.15 2.13 2.10 2.05 2.00 1.98 1.96 1.93 1.91 1.90 1.90 1.89 1.88 1.88 1.86 1.84 1.82 1.81 1.79 1.77 1.75 1.74 1.73 1.72 1.70 1.68 1.67 1.66 1.64 1.62 1.59 1.56 1.54 1.53 1.54 1.57 1.61 1.65 1.63 1.53 1.38 1.34 1.50 1.72 1.96 2.13 2.20 2.23 2.32 2.40 2.25 1.99 1.82 1.71 1.64 1.65 1.73 1.80 1.78 1.72 1.68 1.64 1.59 1.56 1.56 1.59 1.65 1.72 1.75 1.76 1.77 1.82 1.91 2.02 2.04 1.97 1.86 1.77
2.13 2.05 2.01 2.08 2.12 2.11 2.13 2.14 2.09 1.99 1.93 1.91 1.90 1.90 1.90 1.89 1.88 1.87 1.86 1.84 1.81 1.80 1.80 1.79 1.77 1.75 1.74 1.73 1.72 1.71 1.69 1.67 1.66 1.65 1.63 1.61 1.59 1.56 1.54 1.53 1.56 1.61 1.63 1.61 1.54 1.45 1.40 1.50 1.81 2.11 2.25 2.25 2.28 2.35 2.34 2.21 1.98 1.79 1.71 1.68 1.69 1.73 1.81 1.87 1.86 1.82 1.78 1.75 1.71 1.70 1.73 1.79 1.82 1.80 1.78 1.77 1.75 1.72 1.72 1.77 1.85 1.99 2.07 2.01
2.21 2.18 2.12 2.12 2.16 2.17 2.15 2.13 2.04 1.91 1.84 1.83 1.84 1.86 1.88 1.88 1.87 1.85 1.84 1.82 1.80 1.79 1.78 1.77 1.75 1.74 1.73 1.72 1.71 1.69 1.68 1.66 1.65 1.63 1.62 1.60 1.58 1.55 1.53 1.52 1.54 1.57 1.54 1.44 1.36 1.35 1.45 1.63 1.88 2.04 2.07 2.06 2.09 2.15 2.16 2.05 1.87 1.77 1.78 1.83 1.88 1.93 1.99 2.03 2.01 2.00 1.99 2.00 2.02 2.03 2.00 1.91 1.81 1.76 1.78 1.80 1.80 1.79 1.79 1.80 1.90 2.10 2.26 2.31
2.13 2.16 2.11 1.94 1.83 1.83 1.86 1.92 1.97 1.94 1.84 1.77 1.77 1.79 1.81 1.81 1.81 1.81 1.81 1.81 1.80 1.78 1.76 1.75 1.73 1.72 1.71 1.70 1.69 1.68 1.67 1.65 1.64 1.62 1.60 1.59 1.57 1.54 1.52 1.50 1.47 1.42 1.34 1.27 1.27 1.32 1.45 1.67 1.83 1.88 1.92 2.02 2.07 2.07 2.06 1.98 1.85 1.81 1.86 1.97 2.11 2.24 2.26 2.19 2.11 2.06 2.05 2.07 2.12 2.12 1.99 1.82 1.76 1.79 1.85 1.88 1.91 1.95 2.01 2.06 2.14 2.23 2.28 2.32
2.06 2.07 2.07 1.94 1.72 1.60 1.59 1.66 1.80 1.91 1.90 1.81 1.74 1.72 1.74 1.76 1.76 1.76 1.76 1.76 1.76 1.76 1.75 1.73 1.72 1.71 1.70 1.69 1.67 1.66 1.65 1.64 1.62 1.61 1.59 1.57 1.56 1.54 1.51 1.49 1.43 1.36 1.31 1.31 1.35 1.40 1.51 1.63 1.68 1.72 1.80 1.92 1.97 2.00 1.97 1.88 1.84 1.88 1.97 2.11 2.26 2.35 2.31 2.19 2.03 1.90 1.86 1.86 1.84 1.78 1.75 1.83 1.93 2.00 2.01 2.04 2.09 2.17 2.25 2.29 2.28 2.22 2.17 2.18
2.03 2.02 2.05 2.08 2.01 1.85 1.70 1.64 1.71 1.88 2.01 2.00 1.86 1.73 1.68 1.69 1.72 1.73 1.72 1.71 1.72 1.73 1.73 1.71 1.70 1.69 1.68 1.67 1.66 1.65 1.64 1.62 1.61 1.59 1.58 1.56 1.55 1.53 1.50 1.48 1.44 1.41 1.38 1.37 1.38 1.41 1.44 1.45 1.48 1.53 1.63 1.72 1.78 1.83 1.84 1.82 1.89 2.02 2.16 2.29 2.33 2.26 2.15 2.07 1.98 1.86 1.77 1.72 1.66 1.65 1.79 2.00 2.11 2.15 2.19 2.26 2.35 2.44 2.50 2.49 2.40 2.26 2.13 2.03
2.06 2.04 2.01 2.03 2.05 2.03 1.94 1.81 1.77 1.85 1.97 2.03 1.97 1.80 1.64 1.61 1.63 1.67 1.69 1.69 1.69 1.67 1.68 1.69 1.68 1.67 1.66 1.65 1.64 1.63 1.62 1.61 1.60 1.58 1.57 1.55 1.53 1.52 1.50 1.48 1.45 1.43 1.40 1.38 1.36 1.34 1.30 1.28 1.29 1.33 1.41 1.54 1.68 1.78 1.80 1.81 1.88 2.00 2.14 2.24 2.23 2.17 2.09 2.04 2.01 1.92 1.84 1.80 1.82 1.91 2.02 2.11 2.17 2.23 2.31 2.41 2.51 2.61 2.63 2.58 2.48 2.33 2.15 1.96
2.07 2.06 2.00 1.95 1.93 1.93 1.94 1.89 1.80 1.71 1.67 1.76 1.88 1.89 1.77 1.64 1.57 1.59 1.62 1.65 1.66 1.66 1.66 1.66 1.65 1.65 1.64 1.63 1.62 1.61 1.60 1.59 1.58 1.57 1.55 1.54 1.53 1.51 1.49 1.47 1.45 1.43 1.41 1.39 1.36 1.33 1.30 1.26 1.24 1.25 1.32 1.48 1.64 1.73 1.74 1.74 1.77 1.86 1.98 2.03 2.03 2.03 2.03 2.03 2.02 1.97 1.94 1.93 1.96 2.02 2.07 2.12 2.21 2.32 2.42 2.49 2.55 2.55 2.46 2.36 2.29 2.22 2.14 2.04
2.05 2.04 2.00 1.95 1.90 1.84 1.82 1.80 1.73 1.64 1.59 1.64 1.81 1.98 1.99 1.83 1.63 1.55 1.56 1.60 1.64 1.66 1.67 1.65 1.63 1.61 1.60 1.60 1.59 1.59 1.58 1.57 1.56 1.55 1.54 1.53 1.51 1.50 1.49 1.47 1.45 1.43 1.41 1.39 1.37 1.35 1.32 1.30 1.29 1.29 1.32 1.39 1.49 1.55 1.59 1.64 1.71 1.79 1.83 1.84 1.82 1.80 1.82 1.90 1.99 2.00 1.93 1.85 1.88 1.96 2.03 2.11 2.24 2.36 2.45 2.54 2.54 2.42 2.25 2.14 2.08 2.05 2.02 1.98
2.08 2.06 1.99 1.95 1.92 1.87 1.82 1.77 1.75 1.71 1.67 1.68 1.76 1.89 2.01 2.00 1.85 1.67 1.56 1.53 1.56 1.59 1.60 1.60 1.59 1.57 1.56 1.56 1.56 1.56 1.56 1.55 1.54 1.53 1.52 1.51 1.50 1.49 1.48 1.46 1.45 1.43 1.41 1.40 1.38 1.36 1.35 1.33 1.32 1.31 1.30 1.27 1.29 1.33 1.37 1.44 1.55 1.63 1.62 1.59 1.57 1.58 1.65 1.77 1.91 1.98 1.94 1.85 1.86 1.98 2.10 2.19 2.28 2.36 2.43 2.46 2.39 2.27 2.19 2.14 2.07 1.99 1.91 1.85
2.10 2.05 1.97 1.91 1.91 1.92 1.91 1.87 1.81 1.75 1.69 1.65 1.64 1.68 1.81 1.97 2.00 1.86 1.67 1.53 1.50 1.50 1.52 1.53 1.54 1.53 1.53 1.54 1.54 1.54 1.53 1.53 1.52 1.52 1.51 1.50 1.49 1.48 1.47 1.46 1.44 1.43 1.41 1.40 1.39 1.37 1.36 1.34 1.32 1.30 1.27 1.25 1.24 1.23 1.24 1.33 1.42 1.47 1.48 1.47 1.48 1.53 1.63 1.75 1.86 1.93 1.96 1.97 2.01 2.09 2.17 2.24 2.30 2.36 2.40 2.36 2.25 2.20 2.20 2.18 2.12 2.04 1.96 1.90
2.18 2.05 1.90 1.84 1.81 1.85 1.90 1.90 1.86 1.78 1.69 1.60 1.55 1.55 1.64 1.80 1.96 1.99 1.85 1.68 1.55 1.48 1.47 1.49 1.52 1.54 1.54 1.52 1.51 1.51 1.50 1.50 1.50 1.49 1.49 1.48 1.48 1.47 1.46 1.45 1.44 1.42 1.41 1.40 1.38 1.37 1.35 1.34 1.31 1.29 1.27 1.28 1.29 1.27 1.31 1.41 1.45 1.44 1.45 1.51 1.60 1.67 1.66 1.58 1.53 1.58 1.65 1.87 2.08 2.18 2.22 2.28 2.34 2.38 2.38 2.33 2.30 2.31 2.33 2.32 2.27 2.20 2.17 2.20
2.36 2.15 1.89 1.80 1.74 1.70 1.71 1.74 1.76 1.75 1.69 1.60 1.55 1.56 1.56 1.63 1.81 1.98 2.00 1.87 1.69 1.53 1.45 1.44 1.47 1.50 1.51 1.50 1.48 1.47 1.48 1.48 1.48 1.47 1.47 1.46 1.46 1.45 1.45 1.44 1.43 1.42 1.41 1.40 1.38 1.37 1.35 1.33 1.31 1.29 1.27 1.27 1.26 1.26 1.30 1.38 1.47 1.50 1.51 1.56 1.61 1.56 1.39 1.22 1.17 1.27 1.54 1.86 2.08 2.19 2.28 2.33 2.37 2.38 2.36 2.37 2.44 2.52 2.57 2.54 2.47 2.41 2.42 2.54
2.55 2.35 2.07 1.92 1.83 1.75 1.68 1.66 1.62 1.59 1.61 1.59 1.51 1.49 1.52 1.53 1.59 1.76 1.94 1.97 1.85 1.68 1.54 1.44 1.41 1.44 1.47 1.48 1.47 1.47 1.46 1.45 1.45 1.45 1.45 1.45 1.44 1.44 1.44 1.43 1.42 1.41 1.40 1.39 1.38 1.36 1.35 1.33 1.31 1.29 1.27 1.23 1.20 1.18 1.18 1.27 1.42 1.54 1.57 1.52 1.38 1.22 1.26 1.38 1.56 1.72 1.90 2.02 2.08 2.15 2.24 2.31 2.34 2.31 2.31 2.39 2.52 2.59 2.59 2.56 2.52 2.54 2.67 2.95
2.58 2.55 2.38 2.11 1.92 1.85 1.84 1.86 1.85 1.73 1.66 1.65 1.55 1.44 1.46 1.51 1.49 1.53 1.71 1.90 1.98 1.91 1.76 1.59 1.47 1.43 1.44 1.46 1.46 1.45 1.44 1.43 1.43 1.42 1.42 1.42 1.42 1.42 1.42 1.42 1.41 1.41 1.40 1.39 1.38 1.36 1.35 1.33 1.32 1.29 1.26 1.22 1.17 1.11 1.09 1.14 1.22 1.33 1.41 1.34 1.23 1.29 1.58 1.87 2.05 2.13 2.11 2.05 2.04 2.07 2.14 2.21 2.26 2.30 2.36 2.42 2.46 2.49 2.51 2.59 2.76 3.00 3.37 3.88
2.38 2.68 2.89 2.65 2.29 2.02 1.99 2.07 2.06 1.93 1.77 1.69 1.66 1.57 1.45 1.43 1.46 1.47 1.53 1.71 1.90 2.01 1.98 1.85 1.67 1.50 1.39 1.34 1.34 1.35 1.37 1.38 1.39 1.39 1.40 1.40 1.40 1.40 1.41 1.41 1.40 1.40 1.39 1.38 1.37 1.36 1.35 1.33 1.31 1.29 1.26 1.23 1.18 1.12 1.07 1.03 0.99 0.96 1.00 1.10 1.22 1.41 1.62 1.82 2.00 2.09 2.08 2.01 1.98 2.00 2.04 2.09 2.15 2.24 2.32 2.35 2.36 2.41 2.56 2.82 3.19 3.57 3.92 4.08
2.00 2.44 3.08 3.31 3.23 2.89 2.57 2.54 2.44 2.15 1.92 1.78 1.74 1.71 1.61 1.48 1.46 1.48 1.47 1.51 1.61 1.76 1.92 1.99 1.92 1.76 1.54 1.34 1.24 1.24 1.27 1.32 1.34 1.36 1.37 1.37 1.38 1.39 1.39 1.39 1.39 1.39 1.38 1.38 1.37 1.36 1.35 1.33 1.32 1.29 1.27 1.24 1.20 1.16 1.10 1.02 0.92 0.83 0.81 0.91 1.06 1.21 1.35 1.51 1.69 1.85 1.95 2.01 2.04 2.04 2.01 1.98 2.01 2.06 2.12 2.19 2.24 2.31 2.51 2.82 3.11 3.36 3.38 2.97
1.53 1.63 2.15 2.74 3.10 3.21 3.10 3.02 3.02 2.87 2.65 2.52 2.37 2.19 2.06 1.90 1.72 1.58 1.47 1.42 1.45 1.52 1.62 1.78 1.90 1.92 1.78 1.52 1.32 1.22 1.20 1.22 1.27 1.31 1.34 1.35 1.36 1.36 1.37 1.37 1.38 1.37 1.37 1.37 1.36 1.35 1.34 1.33 1.31 1.30 1.28 1.25 1.22 1.19 1.14 1.08 1.02 0.94 0.89 0.89 0.94 1.02 1.11 1.21 1.29 1.43 1.65 1.88 2.01 2.03 1.97 1.94 1.99 2.06 2.09 2.08 2.07 2.16 2.35 2.60 2.73 2.67 2.33 2.04
1.42 1.29 1.23 1.42 1.79 2.23 2.39 2.41 2.62 2.83 2.82 2.77 2.72 2.60 2.44 2.27 2.09 1.88 1.65 1.47 1.41 1.43 1.45 1.49 1.59 1.79 1.93 1.81 1.57 1.39 1.26 1.19 1.19 1.24 1.28 1.31 1.33 1.34 1.35 1.35 1.36 1.36 1.36 1.36 1.35 1.35 1.34 1.33 1.32 1.30 1.28 1.26 1.24 1.21 1.18 1.14 1.10 1.07 1.03 1.00 0.99 0.98 0.94 0.90 0.90 1.01 1.23 1.43 1.58 1.71 1.86 1.99 2.05 2.06 2.03 1.98 1.99 2.08 2.21 2.29 2.23 1.98 1.76 1.90
1.76 1.58 1.32 1.25 1.37 1.49 1.45 1.39 1.58 1.90 1.92 1.89 1.93 2.02 2.09 2.07 2.06 2.04 1.93 1.74 1.54 1.44 1.41 1.42 1.45 1.63 1.96 2.09 1.92 1.69 1.49 1.32 1.20 1.17 1.21 1.25 1.29 1.31 1.33 1.34 1.34 1.35 1.35 1.35 1.35 1.34 1.34 1.33 1.32 1.31 1.29 1.27 1.25 1.23 1.21 1.19 1.16 1.14 1.12 1.10 1.08 1.05 0.99 0.92 0.88 0.88 0.91 0.96 1.08 1.29 1.60 1.84 1.90 1.86 1.85 1.89 1.97 2.04 2.04 1.91 1.73 1.64 1.76 2.15
2.09 1.93 1.66 1.51 1.47 1.45 1.34 1.18 1.25 1.43 1.40 1.36 1.37 1.39 1.48 1.55 1.63 1.77 1.88 1.89 1.80 1.67 1.56 1.52 1.50 1.54 1.73 2.01 2.10 1.95 1.76 1.58 1.37 1.20 1.15 1.19 1.24 1.28 1.30 1.31 1.33 1.33 1.34 1.34 1.34 1.34 1.33 1.33 1.32 1.31 1.30 1.28 1.27 1.25 1.24 1.22 1.21 1.19 1.18 1.16 1.15 1.13 1.10 1.08 1.04 0.98 0.92 0.89 0.92 1.03 1.19 1.32 1.43 1.45 1.55 1.66 1.80 1.87 1.82 1.71 1.64 1.73 2.07 2.42
2.44 2.22 1.87 1.67 1.60 1.55 1.43 1.30 1.27 1.32 1.34 1.36 1.34 1.32 1.32 1.34 1.36 1.43 1.52 1.65 1.76 1.80 1.77 1.69 1.58 1.51 1.56 1.77 2.00 2.04 1.92 1.78 1.63 1.42 1.25 1.20 1.20 1.22 1.26 1.29 1.31 1.32 1.33 1.33 1.33 1.33 1.33 1.32 1.32 1.31 1.30 1.29 1.28 1.27 1.26 1.24 1.23 1.22 1.21 1.20 1.19 1.18 1.17 1.16 1.13 1.10 1.08 1.05 1.03 1.01 0.99 0.96 0.96 1.09 1.27 1.44 1.58 1.66 1.66 1.70 1.79 2.04 2.43 2.43
2.87 2.57 2.05 1.73 1.64 1.58 1.47 1.39 1.33 1.28 1.29 1.33 1.35 1.34 1.33 1.33 1.34 1.35 1.36 1.40 1.48 1.58 1.65 1.65 1.57 1.50 1.52 1.65 1.83 1.96 1.95 1.87 1.80 1.68 1.49 1.33 1.25 1.23 1.23 1.26 1.29 1.30 1.31 1.32 1.32 1.32 1.32 1.32 1.31 1.31 1.30 1.30 1.29 1.28 1.28 1.27 1.26 1.25 1.24 1.24 1.23 1.22 1.22 1.21 1.19 1.18 1.17 1.17 1.16 1.12 1.06 0.99 0.96 1.06 1.24 1.43 1.56 1.62 1.64 1.75 2.05 2.44 2.53 2.07
3.37 2.98 2.32 1.87 1.67 1.60 1.46 1.37 1.32 1.26 1.23 1.24 1.26 1.28 1.28 1.29 1.32 1.36 1.37 1.36 1.36 1.39 1.45 1.50 1.47 1.41 1.41 1.50 1.69 1.88 1.94 1.90 1.85 1.77 1.61 1.43 1.31 1.26 1.24 1.24 1.26 1.29 1.30 1.31 1.32 1.32 1.31 1.31 1.31 1.30 1.30 1.30 1.29 1.29 1.28 1.28 1.28 1.27 1.27 1.27 1.26 1.26 1.25 1.24 1.24 1.24 1.24 1.24 1.23 1.21 1.18 1.16 1.16 1.20 1.30 1.44 1.54 1.62 1.74 1.93 2.33 2.50 2.12 1.49
