windninja/windninja_output/Output_2025-08-24_1400-1450_Google earth_Fire_150m_10min/merlingen_7.5mi_point_08-24-2025_1420_150m_vel.asc
ncols	158
nrows	163
xllcorner	391686.332397
yllcorner	5160024.123721
cellsize	150.000000
NODATA_value	-32768.000000
[rows 0 to 37 of 163, columns 0 to 83 of 158]
1.86 1.80 1.77 1.86 1.96 2.01 2.00 2.00 2.03 2.05 2.03 2.01 1.95 1.83 1.62 1.37 1.09 0.94 1.00 1.10 1.25 1.56 1.89 2.02 1.93 1.75 1.61 1.62 1.75 1.81 1.77 1.69 1.59 1.51 1.53 1.53 1.38 1.23 1.18 1.21 1.33 1.42 1.43 1.39 1.37 1.36 1.31 1.29 1.53 1.89 2.13 2.27 2.35 2.37 2.31 2.20 2.08 2.00 1.95 1.97 2.03 2.08 2.08 2.10 2.18 2.27 2.30 2.24 2.13 2.07 2.08 2.10 2.08 2.07 2.12 2.16 2.11 1.96 1.84 1.87 1.94 1.93 1.88 1.78
1.92 1.86 1.82 1.84 1.88 1.91 1.89 1.82 1.78 1.80 1.87 1.97 2.04 2.05 1.96 1.78 1.59 1.47 1.48 1.54 1.55 1.65 1.86 2.02 2.03 1.91 1.78 1.73 1.73 1.72 1.69 1.66 1.64 1.61 1.58 1.61 1.59 1.54 1.52 1.50 1.52 1.57 1.63 1.67 1.70 1.72 1.76 1.72 1.71 1.79 1.91 1.99 2.04 2.06 2.05 2.05 2.05 2.07 2.07 2.02 1.99 2.02 2.07 2.11 2.15 2.19 2.23 2.22 2.17 2.12 2.10 2.10 2.11 2.13 2.16 2.16 2.13 2.08 2.02 1.99 1.98 1.94 1.89 1.85
2.02 2.01 1.97 1.91 1.86 1.83 1.83 1.80 1.76 1.82 1.97 2.09 2.16 2.23 2.31 2.33 2.29 2.23 2.14 2.04 1.93 1.79 1.77 1.91 2.09 2.12 2.01 1.86 1.74 1.69 1.66 1.65 1.67 1.70 1.72 1.77 1.88 1.93 1.91 1.87 1.83 1.85 1.91 2.01 2.08 2.15 2.24 2.27 2.13 1.92 1.86 1.88 1.88 1.88 1.91 1.99 2.08 2.14 2.18 2.17 2.11 2.10 2.14 2.16 2.13 2.12 2.15 2.21 2.23 2.19 2.13 2.12 2.14 2.16 2.16 2.17 2.23 2.28 2.23 2.14 2.10 2.07 1.99 1.97
2.07 2.13 2.15 2.07 2.01 1.97 2.03 2.19 2.32 2.38 2.36 2.28 2.22 2.22 2.31 2.46 2.50 2.47 2.39 2.24 2.06 1.91 1.81 1.84 2.08 2.30 2.32 2.21 2.10 2.05 2.00 1.91 1.81 1.80 1.86 1.92 1.95 1.96 1.97 2.01 2.09 2.15 2.20 2.25 2.31 2.36 2.39 2.43 2.43 2.36 2.26 2.18 2.15 2.14 2.12 2.10 2.08 2.07 2.10 2.17 2.21 2.18 2.16 2.15 2.13 2.12 2.15 2.19 2.21 2.19 2.15 2.12 2.10 2.06 2.03 2.06 2.15 2.26 2.26 2.16 2.14 2.21 2.19 2.12
2.01 2.10 2.22 2.20 2.16 2.16 2.23 2.33 2.41 2.40 2.31 2.22 2.21 2.25 2.30 2.39 2.42 2.34 2.25 2.19 2.06 1.91 1.84 1.87 2.05 2.32 2.55 2.64 2.61 2.57 2.54 2.47 2.35 2.21 2.11 2.07 2.04 2.08 2.17 2.25 2.32 2.40 2.48 2.51 2.52 2.49 2.44 2.41 2.43 2.43 2.33 2.21 2.17 2.18 2.16 2.10 2.05 2.03 2.05 2.10 2.13 2.14 2.12 2.12 2.13 2.13 2.14 2.17 2.19 2.17 2.12 2.06 2.02 2.02 2.01 1.96 1.89 1.95 2.11 2.15 2.05 2.05 2.19 2.23
1.89 1.93 2.08 2.23 2.27 2.28 2.26 2.22 2.13 2.03 2.02 2.03 2.06 2.13 2.20 2.22 2.23 2.16 2.02 1.97 1.94 1.82 1.72 1.75 1.86 2.05 2.27 2.47 2.61 2.68 2.75 2.81 2.83 2.75 2.58 2.42 2.41 2.48 2.55 2.57 2.54 2.50 2.48 2.45 2.41 2.36 2.31 2.28 2.25 2.24 2.24 2.19 2.11 2.07 2.07 2.07 2.06 2.07 2.08 2.10 2.12 2.14 2.15 2.15 2.15 2.14 2.14 2.18 2.23 2.24 2.20 2.11 2.04 2.07 2.13 2.14 2.05 1.96 1.98 2.05 1.98 1.89 2.00 2.15
1.87 1.83 1.85 2.02 2.20 2.27 2.23 2.10 1.95 1.88 1.89 1.94 1.98 2.01 2.04 2.06 2.14 2.21 2.19 2.13 2.07 1.92 1.72 1.61 1.63 1.71 1.83 2.04 2.27 2.45 2.58 2.69 2.80 2.87 2.89 2.85 2.83 2.81 2.74 2.65 2.56 2.44 2.29 2.18 2.12 2.11 2.12 2.11 2.11 2.12 2.16 2.19 2.18 2.12 2.08 2.06 2.06 2.06 2.08 2.12 2.20 2.29 2.32 2.30 2.23 2.18 2.17 2.21 2.25 2.31 2.39 2.43 2.36 2.27 2.27 2.34 2.36 2.26 2.11 2.08 2.11 2.09 2.08 2.11
1.93 1.90 1.82 1.80 1.87 1.95 1.97 1.89 1.79 1.78 1.83 1.92 2.00 2.04 2.04 2.04 2.08 2.22 2.32 2.32 2.29 2.20 1.97 1.70 1.58 1.59 1.71 1.86 2.00 2.11 2.22 2.33 2.42 2.52 2.64 2.72 2.70 2.62 2.52 2.42 2.30 2.19 2.08 1.99 1.93 1.92 1.94 1.96 1.97 1.99 2.01 2.07 2.16 2.20 2.17 2.11 2.09 2.10 2.13 2.19 2.28 2.36 2.43 2.46 2.42 2.31 2.23 2.23 2.29 2.32 2.39 2.51 2.55 2.45 2.32 2.27 2.30 2.29 2.18 2.13 2.15 2.15 2.19 2.25
1.95 1.94 1.88 1.78 1.69 1.64 1.64 1.68 1.72 1.75 1.79 1.85 1.93 2.02 2.08 2.11 2.10 2.17 2.29 2.34 2.33 2.32 2.23 2.04 1.82 1.72 1.76 1.80 1.81 1.86 1.94 2.02 2.13 2.23 2.27 2.24 2.20 2.15 2.10 2.04 1.96 1.88 1.84 1.83 1.84 1.83 1.82 1.81 1.82 1.87 1.94 1.96 1.97 2.05 2.14 2.15 2.16 2.19 2.20 2.16 2.08 2.01 2.07 2.23 2.33 2.34 2.29 2.29 2.36 2.36 2.28 2.21 2.24 2.27 2.22 2.15 2.15 2.19 2.17 2.12 2.12 2.10 2.17 2.39
1.93 1.91 1.89 1.85 1.77 1.68 1.65 1.68 1.74 1.78 1.79 1.78 1.79 1.82 1.91 2.02 2.09 2.13 2.24 2.39 2.45 2.44 2.41 2.32 2.15 1.95 1.85 1.83 1.83 1.85 1.91 1.93 1.95 2.02 2.06 2.01 1.93 1.89 1.86 1.83 1.81 1.80 1.78 1.77 1.75 1.72 1.71 1.72 1.72 1.72 1.76 1.82 1.82 1.87 1.99 2.05 2.03 2.00 1.94 1.80 1.68 1.60 1.55 1.61 1.83 2.07 2.19 2.24 2.28 2.29 2.19 2.06 2.02 2.07 2.11 2.07 2.02 2.04 2.19 2.39 2.47 2.44 2.31 2.29
1.93 1.93 1.91 1.88 1.84 1.81 1.80 1.81 1.82 1.81 1.79 1.75 1.70 1.67 1.69 1.82 1.96 2.05 2.13 2.27 2.46 2.56 2.58 2.51 2.40 2.26 2.07 1.92 1.88 1.85 1.81 1.76 1.70 1.71 1.78 1.82 1.81 1.78 1.78 1.82 1.86 1.86 1.80 1.73 1.66 1.59 1.54 1.56 1.52 1.43 1.42 1.51 1.58 1.62 1.62 1.65 1.55 1.42 1.35 1.32 1.28 1.21 1.12 1.14 1.33 1.57 1.75 1.85 1.89 1.99 2.07 2.10 2.08 2.08 2.08 2.03 1.97 1.96 2.15 2.53 2.80 2.85 2.67 2.39
1.95 1.94 1.92 1.89 1.87 1.85 1.86 1.87 1.86 1.84 1.81 1.76 1.70 1.63 1.62 1.70 1.85 1.98 2.02 2.05 2.17 2.34 2.47 2.49 2.42 2.26 2.00 1.79 1.68 1.61 1.54 1.49 1.47 1.49 1.54 1.59 1.64 1.68 1.73 1.77 1.79 1.79 1.77 1.73 1.70 1.60 1.43 1.30 1.23 1.09 0.97 0.96 0.96 0.98 0.97 1.02 1.03 0.98 0.93 0.90 0.85 0.75 0.65 0.68 0.82 0.95 1.12 1.27 1.41 1.67 1.97 2.14 2.16 2.16 2.27 2.42 2.55 2.58 2.56 2.65 2.81 2.98 3.06 3.01
1.95 1.94 1.92 1.91 1.90 1.89 1.87 1.84 1.83 1.81 1.78 1.75 1.69 1.60 1.53 1.55 1.64 1.78 1.91 1.96 1.98 2.03 2.12 2.17 2.09 1.90 1.73 1.58 1.48 1.42 1.41 1.43 1.44 1.43 1.44 1.47 1.50 1.55 1.61 1.64 1.68 1.72 1.74 1.73 1.70 1.64 1.49 1.28 1.11 0.95 0.78 0.67 0.61 0.62 0.62 0.62 0.68 0.75 0.76 0.74 0.70 0.58 0.39 0.26 0.27 0.37 0.51 0.71 1.03 1.43 1.74 1.98 2.13 2.25 2.51 2.86 3.09 3.18 3.14 3.01 2.90 2.96 3.15 3.27
1.95 1.94 1.92 1.91 1.91 1.91 1.88 1.84 1.81 1.78 1.75 1.72 1.69 1.64 1.55 1.45 1.40 1.49 1.66 1.78 1.81 1.78 1.76 1.73 1.71 1.68 1.63 1.57 1.52 1.46 1.39 1.35 1.35 1.36 1.39 1.48 1.52 1.51 1.49 1.50 1.52 1.49 1.39 1.31 1.28 1.27 1.29 1.34 1.32 1.15 0.92 0.76 0.68 0.68 0.66 0.55 0.49 0.56 0.69 0.82 0.84 0.75 0.64 0.48 0.32 0.23 0.22 0.35 0.65 0.99 1.34 1.67 1.99 2.24 2.39 2.45 2.56 2.71 2.78 2.76 2.73 2.78 2.89 2.93
1.97 1.96 1.93 1.91 1.89 1.87 1.86 1.85 1.82 1.79 1.76 1.73 1.72 1.73 1.73 1.66 1.55 1.47 1.45 1.49 1.51 1.49 1.50 1.54 1.58 1.60 1.62 1.62 1.56 1.49 1.42 1.35 1.32 1.34 1.40 1.49 1.54 1.48 1.37 1.23 1.14 1.10 1.05 0.98 0.96 1.00 1.00 1.12 1.44 1.59 1.38 1.12 1.02 1.05 1.07 0.90 0.70 0.66 0.83 1.10 1.28 1.26 1.27 1.25 1.06 0.80 0.65 0.59 0.61 0.72 0.96 1.41 1.78 1.97 1.95 1.91 1.94 1.96 1.96 2.01 2.17 2.31 2.34 2.31
1.97 1.96 1.94 1.91 1.88 1.84 1.82 1.81 1.80 1.78 1.77 1.75 1.73 1.76 1.84 1.92 1.89 1.74 1.54 1.42 1.40 1.43 1.49 1.56 1.61 1.62 1.62 1.64 1.61 1.56 1.59 1.63 1.59 1.51 1.39 1.25 1.17 1.15 1.08 1.00 0.95 0.97 1.06 1.12 1.09 1.16 1.17 1.02 1.12 1.54 1.81 1.76 1.73 1.84 1.93 1.94 1.66 1.32 1.27 1.42 1.61 1.70 1.70 1.68 1.68 1.59 1.39 1.23 1.06 0.89 0.91 1.08 1.29 1.44 1.57 1.69 1.69 1.64 1.70 1.85 1.93 1.86 1.74 1.66
1.98 1.97 1.94 1.91 1.88 1.86 1.84 1.81 1.79 1.78 1.77 1.75 1.73 1.71 1.73 1.80 1.85 1.83 1.72 1.58 1.50 1.49 1.52 1.58 1.66 1.68 1.64 1.63 1.69 1.73 1.71 1.65 1.54 1.36 1.14 0.96 0.91 0.94 1.00 1.07 1.13 1.19 1.36 1.50 1.49 1.46 1.53 1.45 1.25 1.39 1.82 2.10 2.17 2.18 2.21 2.28 2.24 1.96 1.75 1.82 1.90 1.89 1.83 1.78 1.83 1.88 1.79 1.66 1.57 1.35 1.08 0.94 0.89 1.05 1.36 1.52 1.58 1.71 1.89 1.96 1.84 1.58 1.40 1.26
1.99 1.98 1.96 1.93 1.90 1.88 1.86 1.84 1.83 1.81 1.77 1.74 1.70 1.65 1.60 1.55 1.57 1.63 1.65 1.60 1.50 1.42 1.41 1.47 1.54 1.58 1.56 1.53 1.55 1.58 1.52 1.41 1.32 1.27 1.23 1.17 1.15 1.18 1.28 1.39 1.47 1.49 1.48 1.52 1.58 1.56 1.58 1.74 1.81 1.75 1.76 1.90 2.02 2.03 2.03 2.13 2.30 2.34 2.23 2.16 2.13 2.09 2.01 1.93 1.92 2.00 2.03 1.92 1.77 1.60 1.44 1.25 1.13 1.10 1.13 1.28 1.53 1.74 1.75 1.55 1.33 1.21 1.10 1.02
2.00 1.99 1.96 1.94 1.92 1.89 1.86 1.85 1.83 1.82 1.78 1.73 1.68 1.63 1.56 1.47 1.41 1.39 1.37 1.35 1.32 1.30 1.30 1.32 1.34 1.38 1.41 1.38 1.31 1.26 1.25 1.26 1.29 1.37 1.45 1.48 1.43 1.38 1.38 1.43 1.46 1.48 1.49 1.52 1.57 1.61 1.60 1.68 1.85 1.88 1.74 1.65 1.71 1.86 1.98 2.12 2.29 2.38 2.33 2.25 2.23 2.19 2.11 2.05 2.03 2.05 2.08 2.01 1.84 1.77 1.81 1.79 1.65 1.39 1.14 1.07 1.08 1.04 0.96 0.87 0.83 0.81 0.81 0.92
1.99 1.98 1.96 1.95 1.93 1.90 1.87 1.84 1.81 1.78 1.76 1.74 1.70 1.64 1.56 1.46 1.35 1.28 1.26 1.26 1.29 1.32 1.33 1.33 1.34 1.38 1.39 1.37 1.30 1.24 1.24 1.30 1.33 1.33 1.34 1.38 1.42 1.42 1.45 1.54 1.61 1.67 1.72 1.73 1.72 1.78 1.81 1.73 1.67 1.71 1.71 1.62 1.60 1.74 1.98 2.18 2.31 2.36 2.30 2.19 2.11 2.07 1.98 1.93 1.93 1.92 1.96 2.03 2.10 2.19 2.21 2.10 1.94 1.75 1.55 1.30 0.98 0.76 0.76 0.82 0.85 0.87 0.94 1.07
2.01 2.00 1.98 1.95 1.93 1.91 1.88 1.85 1.81 1.77 1.74 1.73 1.70 1.65 1.59 1.51 1.42 1.37 1.36 1.39 1.41 1.42 1.42 1.43 1.44 1.44 1.42 1.39 1.37 1.35 1.36 1.41 1.47 1.50 1.57 1.69 1.76 1.82 1.85 1.88 1.88 1.86 1.83 1.83 1.85 1.86 1.84 1.75 1.67 1.71 1.77 1.76 1.71 1.71 1.79 1.91 2.07 2.24 2.31 2.20 2.10 2.09 2.01 1.92 1.91 1.96 2.07 2.24 2.39 2.44 2.34 2.11 1.88 1.75 1.70 1.65 1.59 1.54 1.49 1.37 1.29 1.30 1.27 1.22
2.04 2.02 1.99 1.95 1.92 1.90 1.89 1.86 1.82 1.78 1.75 1.72 1.68 1.64 1.61 1.56 1.52 1.50 1.49 1.48 1.48 1.48 1.49 1.49 1.48 1.47 1.46 1.45 1.43 1.41 1.43 1.50 1.64 1.81 1.96 2.09 2.16 2.11 2.02 1.96 1.93 1.92 1.91 1.91 1.88 1.80 1.74 1.78 1.83 1.87 1.91 1.93 1.88 1.76 1.65 1.67 1.78 1.96 2.17 2.26 2.22 2.20 2.15 2.05 2.03 2.12 2.30 2.46 2.49 2.37 2.17 2.01 1.85 1.69 1.60 1.66 1.85 2.04 2.12 2.06 1.85 1.63 1.46 1.34
2.02 2.01 1.99 1.96 1.94 1.92 1.89 1.87 1.83 1.80 1.77 1.75 1.72 1.67 1.63 1.60 1.58 1.57 1.57 1.57 1.55 1.55 1.54 1.52 1.52 1.53 1.53 1.52 1.49 1.47 1.48 1.58 1.74 1.87 1.90 1.87 1.90 1.93 1.86 1.81 1.84 1.92 1.98 1.97 1.89 1.87 1.95 1.99 1.98 1.96 1.96 1.95 1.92 1.83 1.75 1.74 1.77 1.85 1.99 2.19 2.26 2.25 2.23 2.20 2.30 2.48 2.60 2.59 2.48 2.32 2.13 2.00 1.92 1.84 1.76 1.76 1.83 2.02 2.29 2.47 2.40 2.15 1.89 1.62
2.03 2.02 2.00 1.99 1.96 1.92 1.88 1.84 1.82 1.80 1.78 1.76 1.75 1.72 1.67 1.64 1.62 1.61 1.61 1.61 1.61 1.60 1.60 1.59 1.58 1.57 1.55 1.51 1.46 1.42 1.43 1.49 1.58 1.64 1.64 1.60 1.56 1.61 1.68 1.72 1.79 1.90 1.98 2.04 2.09 2.16 2.18 2.12 2.00 1.95 1.96 1.95 1.93 1.93 1.90 1.85 1.83 1.82 1.87 2.06 2.23 2.26 2.24 2.30 2.47 2.57 2.54 2.39 2.24 2.14 2.04 1.95 1.91 1.96 2.01 1.90 1.75 1.80 1.99 2.27 2.52 2.53 2.37 2.09
2.04 2.03 2.00 1.97 1.94 1.90 1.87 1.84 1.82 1.81 1.78 1.74 1.72 1.72 1.71 1.68 1.64 1.63 1.62 1.62 1.62 1.63 1.63 1.62 1.62 1.60 1.56 1.49 1.41 1.35 1.34 1.34 1.34 1.42 1.53 1.59 1.59 1.57 1.61 1.68 1.76 1.86 2.01 2.19 2.34 2.33 2.23 2.13 2.04 1.95 1.93 1.95 1.98 2.01 2.01 1.97 1.93 1.87 1.81 1.85 2.02 2.20 2.33 2.42 2.35 2.13 1.96 1.88 1.85 1.81 1.75 1.77 1.94 2.07 2.03 1.85 1.62 1.52 1.60 1.86 2.27 2.60 2.73 2.66
2.05 2.03 1.99 1.96 1.93 1.90 1.87 1.86 1.84 1.81 1.77 1.73 1.70 1.69 1.69 1.68 1.67 1.65 1.63 1.62 1.62 1.62 1.62 1.63 1.64 1.67 1.67 1.65 1.59 1.44 1.30 1.24 1.27 1.38 1.56 1.70 1.76 1.73 1.66 1.67 1.75 1.87 2.04 2.21 2.29 2.27 2.23 2.17 2.13 2.09 2.04 1.99 1.92 1.88 1.93 2.02 2.06 1.98 1.79 1.67 1.82 2.21 2.55 2.65 2.50 2.19 1.92 1.82 1.82 1.79 1.71 1.79 1.97 2.02 2.00 1.95 1.77 1.48 1.43 1.66 2.06 2.48 2.80 3.01
2.06 2.04 2.00 1.97 1.94 1.90 1.88 1.86 1.84 1.81 1.77 1.74 1.71 1.68 1.66 1.65 1.65 1.65 1.64 1.63 1.62 1.62 1.64 1.67 1.70 1.75 1.83 1.89 1.84 1.69 1.48 1.30 1.19 1.19 1.34 1.60 1.82 1.93 1.88 1.83 1.88 1.95 2.04 2.14 2.20 2.30 2.43 2.42 2.33 2.31 2.30 2.20 2.04 1.93 1.97 2.10 2.14 2.08 1.95 1.90 2.04 2.25 2.36 2.40 2.41 2.30 2.11 1.99 2.01 2.05 2.02 2.00 1.97 1.92 1.96 2.05 2.08 1.80 1.51 1.58 1.82 2.10 2.42 2.78
2.08 2.06 2.03 1.98 1.94 1.91 1.88 1.86 1.83 1.80 1.77 1.74 1.70 1.66 1.64 1.64 1.64 1.64 1.65 1.64 1.65 1.67 1.70 1.73 1.77 1.82 1.90 2.04 2.14 2.09 1.88 1.58 1.32 1.19 1.14 1.27 1.58 1.90 2.01 1.97 1.97 2.05 2.12 2.21 2.35 2.51 2.70 2.79 2.67 2.49 2.52 2.61 2.55 2.41 2.27 2.20 2.25 2.37 2.40 2.42 2.42 2.26 1.99 1.84 1.91 2.02 2.03 2.04 2.10 2.18 2.21 2.11 1.97 1.89 1.87 1.93 2.12 2.16 1.89 1.63 1.58 1.71 1.95 2.25
2.08 2.07 2.03 1.99 1.94 1.91 1.89 1.85 1.81 1.77 1.74 1.72 1.69 1.67 1.66 1.65 1.65 1.64 1.65 1.67 1.70 1.71 1.73 1.74 1.79 1.88 2.02 2.24 2.46 2.55 2.44 2.14 1.80 1.54 1.40 1.44 1.68 1.98 2.22 2.31 2.35 2.43 2.45 2.46 2.55 2.66 2.75 2.90 2.98 2.84 2.81 2.95 2.99 2.85 2.60 2.38 2.44 2.65 2.68 2.57 2.48 2.37 2.14 1.88 1.81 1.89 1.96 2.04 2.13 2.21 2.29 2.31 2.20 2.00 1.81 1.73 1.81 2.03 1.98 1.65 1.47 1.49 1.65 1.79
2.09 2.07 2.03 1.99 1.94 1.90 1.87 1.83 1.79 1.76 1.74 1.72 1.71 1.70 1.69 1.67 1.66 1.66 1.67 1.69 1.70 1.71 1.71 1.73 1.76 1.87 2.06 2.25 2.44 2.69 2.85 2.79 2.46 2.14 2.11 2.25 2.36 2.50 2.66 2.78 2.89 2.96 2.96 2.90 2.80 2.79 2.84 2.98 3.25 3.43 3.43 3.37 3.34 3.24 3.01 2.75 2.60 2.56 2.57 2.41 2.18 2.10 2.12 2.00 1.82 1.78 1.86 2.02 2.11 2.10 2.13 2.20 2.19 2.05 1.87 1.80 1.85 1.93 1.91 1.66 1.43 1.36 1.38 1.42
2.10 2.08 2.04 1.99 1.94 1.90 1.86 1.82 1.79 1.76 1.74 1.73 1.71 1.70 1.68 1.67 1.67 1.68 1.68 1.69 1.69 1.70 1.73 1.75 1.80 1.87 1.94 2.00 2.07 2.18 2.37 2.64 2.77 2.76 2.81 2.86 2.84 2.83 2.91 3.02 3.08 3.09 3.08 3.04 2.96 2.88 2.88 2.97 3.10 3.26 3.35 3.31 3.27 3.26 3.14 2.87 2.54 2.29 2.27 2.23 1.94 1.71 1.78 1.84 1.72 1.62 1.68 1.82 1.91 1.85 1.72 1.68 1.76 1.88 2.01 2.12 2.12 2.13 2.14 1.94 1.59 1.37 1.27 1.29
2.12 2.10 2.05 2.00 1.97 1.94 1.89 1.84 1.81 1.78 1.75 1.73 1.71 1.69 1.69 1.68 1.66 1.65 1.65 1.67 1.69 1.71 1.75 1.79 1.84 1.89 1.90 1.89 1.89 1.89 2.00 2.32 2.69 2.85 2.83 2.77 2.76 2.82 2.90 2.93 2.83 2.67 2.56 2.55 2.60 2.61 2.59 2.52 2.37 2.28 2.32 2.41 2.55 2.79 2.88 2.76 2.60 2.33 2.08 2.03 1.93 1.76 1.76 1.87 1.79 1.61 1.61 1.73 1.85 1.79 1.57 1.47 1.59 1.86 2.08 2.19 2.22 2.29 2.39 2.31 2.01 1.66 1.41 1.33
2.12 2.09 2.03 1.99 1.97 1.94 1.88 1.83 1.80 1.77 1.76 1.74 1.74 1.73 1.72 1.70 1.67 1.65 1.64 1.65 1.68 1.72 1.76 1.80 1.83 1.87 1.92 1.98 2.07 2.27 2.54 2.74 2.81 2.72 2.48 2.39 2.50 2.60 2.52 2.40 2.31 2.21 2.14 2.14 2.17 2.18 2.14 2.03 1.89 1.83 1.80 1.83 1.98 2.28 2.60 2.66 2.67 2.64 2.41 2.11 1.85 1.74 1.88 2.11 2.10 1.80 1.66 1.79 1.98 2.02 1.86 1.84 1.99 2.10 2.14 2.18 2.29 2.41 2.52 2.52 2.31 1.94 1.60 1.39
2.14 2.10 2.04 1.98 1.94 1.90 1.85 1.82 1.78 1.76 1.74 1.74 1.74 1.73 1.72 1.70 1.70 1.70 1.69 1.69 1.70 1.72 1.75 1.82 1.89 1.91 1.92 1.95 2.08 2.34 2.58 2.72 2.73 2.70 2.52 2.34 2.41 2.43 2.29 2.15 2.11 2.08 2.03 1.98 1.90 1.85 1.80 1.72 1.67 1.69 1.69 1.68 1.68 1.82 2.13 2.29 2.31 2.49 2.68 2.57 2.15 1.87 1.99 2.29 2.46 2.19 1.77 1.65 1.83 2.18 2.35 2.37 2.33 2.23 2.17 2.20 2.31 2.47 2.67 2.81 2.70 2.30 1.92 1.62
2.16 2.14 2.09 2.04 1.98 1.92 1.87 1.83 1.79 1.76 1.75 1.73 1.72 1.72 1.71 1.71 1.71 1.72 1.73 1.72 1.72 1.72 1.74 1.79 1.86 1.89 1.88 1.85 1.88 1.95 2.07 2.23 2.42 2.66 2.83 2.74 2.53 2.35 2.25 2.18 2.10 1.98 1.84 1.73 1.63 1.55 1.51 1.50 1.52 1.55 1.57 1.57 1.54 1.55 1.68 1.82 1.86 1.93 2.27 2.66 2.55 2.15 2.03 2.23 2.56 2.55 2.08 1.66 1.67 2.06 2.42 2.47 2.33 2.18 2.07 2.04 2.09 2.17 2.31 2.63 2.91 2.84 2.51 2.09
2.16 2.15 2.13 2.10 2.04 1.96 1.89 1.85 1.82 1.80 1.77 1.75 1.73 1.72 1.70 1.71 1.72 1.72 1.72 1.72 1.73 1.74 1.75 1.74 1.73 1.74 1.78 1.80 1.76 1.73 1.83 2.04 2.34 2.64 2.89 2.91 2.63 2.27 2.08 1.97 1.86 1.78 1.68 1.61 1.60 1.55 1.49 1.53 1.60 1.65 1.67 1.68 1.69 1.69 1.74 1.83 1.83 1.73 1.82 2.26 2.43 2.12 1.91 2.01 2.40 2.74 2.55 2.08 1.88 1.89 1.97 2.07 2.05 1.95 1.86 1.84 1.80 1.68 1.54 1.74 2.34 2.76 2.78 2.46
2.18 2.15 2.11 2.08 2.02 1.94 1.88 1.85 1.83 1.81 1.78 1.77 1.75 1.73 1.72 1.73 1.73 1.73 1.73 1.73 1.74 1.74 1.74 1.72 1.70 1.70 1.73 1.74 1.73 1.80 2.00 2.18 2.36 2.43 2.42 2.48 2.46 2.22 1.93 1.72 1.61 1.63 1.69 1.70 1.71 1.75 1.73 1.73 1.74 1.73 1.77 1.85 1.95 2.00 2.02 2.06 2.08 2.02 1.96 2.16 2.35 2.11 1.83 1.83 2.10 2.59 2.77 2.53 2.19 1.84 1.58 1.54 1.59 1.67 1.80 1.81 1.73 1.63 1.48 1.42 1.62 2.03 2.43 2.57
2.21 2.19 2.12 2.05 1.97 1.93 1.89 1.85 1.81 1.80 1.80 1.79 1.77 1.76 1.76 1.76 1.76 1.75 1.75 1.75 1.74 1.74 1.73 1.73 1.74 1.75 1.75 1.76 1.89 2.15 2.28 2.25 2.14 2.00 1.98 2.04 2.08 2.02 1.88 1.74 1.70 1.71 1.77 1.85 1.89 1.90 1.91 1.93 1.94 1.92 1.91 1.98 2.11 2.17 2.12 2.12 2.26 2.37 2.37 2.43 2.55 2.36 2.00 1.82 1.84 2.13 2.50 2.52 2.26 1.95 1.68 1.58 1.65 1.82 1.91 1.82 1.76 1.89 1.99 1.80 1.57 1.69 2.07 2.50
