windninja/windninja_output/Output_2025-08-24_1400-1450_Google earth_Fire_150m_10min/merlingen_7.5mi_point_08-24-2025_1410_150m_ang.asc
ncols	158
nrows	163
xllcorner	391686.332397
yllcorner	5160024.123721
cellsize	150.000000
NODATA_value	-32768.000000
[rows 48 to 95 of 163, columns 0 to 95 of 158]
328 328 329 331 329 325 324 326 327 326 326 326 326 326 325 325 325 325 325 326 326 327 327 327 327 328 329 329 329 329 330 330 330 329 329 329 328 327 328 328 329 331 337 346 350 346 343 343 348 355 4 13 16 15 13 8 2 355 350 349 349 348 348 347 347 349 354 358 1 2 3 5 10 16 21 23 19 13 6 3 3 3 2 3 4 3 2 2 359 355 355 355 357 360 3 7
329 330 333 335 331 326 326 327 329 328 328 328 328 327 327 327 327 327 327 328 328 328 329 329 329 330 330 331 331 331 331 332 332 331 331 331 330 329 329 329 329 330 335 342 344 342 342 346 353 1 10 15 14 11 8 3 356 349 347 350 351 351 353 351 348 349 353 358 1 3 5 7 11 17 21 20 16 12 9 7 5 4 2 2 1 1 1 359 354 354 357 2 5 6 9 16
331 333 338 340 333 329 329 329 330 331 330 330 330 330 329 329 329 329 329 330 330 330 331 331 331 332 332 333 333 333 333 333 333 333 333 332 331 331 331 331 332 332 335 338 339 339 343 350 359 9 13 11 7 5 2 357 351 348 349 353 355 357 357 353 349 350 354 358 1 4 6 10 14 18 18 15 12 10 9 8 6 4 4 2 0 358 356 354 353 356 0 7 12 15 19 22
333 337 342 342 334 333 334 332 332 333 333 333 332 332 332 331 331 331 332 332 332 332 333 333 333 334 334 335 335 335 335 335 335 335 335 333 332 331 331 333 334 333 333 336 337 338 345 356 10 14 10 5 2 360 356 351 348 350 356 359 1 3 360 353 350 352 356 360 3 5 8 12 15 16 14 11 9 8 8 8 7 8 6 3 359 356 354 353 355 358 3 10 18 23 23 17
338 341 345 341 334 335 338 336 335 336 337 335 335 334 334 333 333 334 334 333 334 334 334 334 335 335 336 336 336 337 337 337 337 337 337 336 334 333 332 334 335 334 333 334 336 340 347 1 9 6 1 359 0 358 352 347 348 355 2 6 6 4 359 353 351 354 358 2 5 7 9 11 12 13 12 11 9 7 6 6 9 12 10 5 359 355 354 355 357 2 7 13 18 20 15 360
344 345 346 343 337 338 341 339 337 339 339 337 337 337 336 335 335 336 336 335 336 336 336 336 337 337 338 338 338 339 339 339 339 339 339 338 337 336 335 335 335 335 334 334 337 342 350 358 360 358 357 357 358 357 352 348 351 0 8 10 8 4 358 354 353 355 359 3 7 7 8 9 11 12 12 11 10 8 5 5 8 11 10 8 4 359 356 357 1 7 11 12 12 10 355 337
349 348 346 344 341 342 345 343 341 341 341 339 339 339 338 338 338 338 338 338 338 338 338 338 339 340 340 340 340 341 341 341 341 341 341 340 340 339 337 336 335 334 335 335 336 341 349 352 351 352 356 358 357 356 354 352 356 5 9 9 7 3 358 355 355 357 360 3 6 7 7 10 13 14 13 12 11 10 6 4 5 6 7 8 9 7 3 1 5 9 10 8 3 358 335 324
351 349 348 346 343 343 346 346 346 345 343 342 341 340 340 340 340 340 340 340 340 340 340 341 341 342 342 342 342 343 343 343 343 343 343 343 342 342 340 338 335 334 335 337 337 338 343 345 346 350 356 358 357 356 355 356 1 7 8 7 4 1 359 358 357 359 1 3 5 8 12 16 16 13 12 12 11 9 6 4 2 2 4 7 9 11 11 11 12 11 8 2 355 346 328 320
353 352 352 352 348 345 346 347 347 347 347 346 343 342 342 342 342 342 342 342 343 343 343 343 343 344 344 344 345 345 345 345 345 345 345 345 345 344 343 342 340 338 338 339 339 338 338 339 342 347 353 356 357 357 356 359 4 7 6 3 360 359 0 2 1 0 2 3 6 13 19 18 14 11 11 11 10 7 4 3 1 1 4 6 8 10 14 17 18 17 9 357 346 338 330 327
357 356 355 357 356 353 351 349 348 348 350 351 349 345 344 344 344 344 344 344 345 345 345 346 346 346 346 347 347 347 347 348 348 348 348 348 347 347 346 345 344 343 342 341 340 338 335 335 337 343 349 354 357 357 358 1 3 5 3 360 358 359 3 6 6 3 2 5 10 16 16 13 11 10 9 8 7 4 3 3 4 4 5 7 10 14 18 20 19 14 3 348 338 335 330 331
1 0 359 0 0 359 357 354 350 348 351 356 356 352 347 345 345 346 347 347 347 347 347 348 348 348 349 349 349 349 350 350 350 350 350 350 350 349 349 348 347 346 345 344 342 340 336 333 332 336 344 352 356 356 359 1 2 2 360 357 358 1 5 9 10 7 4 6 11 13 10 9 9 9 7 6 3 2 2 4 6 7 9 11 15 19 21 20 14 3 348 338 335 332 329 335
5 5 4 4 4 3 1 358 353 350 352 357 360 358 354 350 347 347 348 349 350 350 350 350 351 351 351 351 352 352 352 352 352 352 353 352 352 352 352 351 350 350 349 347 346 344 341 337 333 333 338 347 352 355 359 2 1 359 357 356 358 2 7 11 13 10 6 7 10 10 8 8 8 6 5 4 2 1 3 6 8 11 13 15 17 20 20 14 3 347 335 331 331 330 331 348
10 10 10 9 8 6 5 2 359 356 355 357 359 359 360 358 353 350 350 351 352 352 352 353 353 354 354 354 354 354 354 355 355 355 355 355 355 355 354 354 353 352 352 350 349 348 346 343 339 335 335 339 347 352 358 2 2 358 355 356 358 2 8 13 14 12 8 8 10 10 8 7 5 4 3 2 1 3 7 9 11 13 15 17 18 18 14 5 350 337 331 330 330 333 343 1
15 15 15 14 13 11 8 6 3 2 360 358 357 359 3 4 1 356 353 352 353 354 355 356 356 356 356 356 356 357 357 357 357 357 357 357 357 357 357 356 356 355 354 353 352 351 349 347 344 339 335 336 340 348 357 2 1 357 355 357 359 3 7 12 14 13 12 10 9 8 7 5 3 2 1 1 3 7 10 12 13 15 19 20 19 14 4 353 341 332 331 333 336 346 360 14
22 22 20 18 16 14 11 9 8 6 4 1 359 360 3 6 7 4 0 357 355 356 357 359 359 360 359 359 359 359 360 360 360 360 360 360 360 360 359 359 359 358 357 356 355 354 352 350 348 344 339 338 339 344 354 1 1 358 357 358 360 2 5 9 12 14 14 12 8 5 5 4 2 0 0 2 6 9 11 13 16 18 22 22 19 9 354 341 334 331 333 338 347 1 13 27
31 29 26 22 19 16 14 13 13 11 9 5 2 2 2 6 9 10 8 4 0 359 360 1 2 2 2 2 2 2 2 2 2 2 3 2 2 2 2 2 1 1 360 359 358 357 355 354 351 348 344 341 340 344 350 358 1 360 358 358 358 0 4 10 16 18 15 9 5 4 4 3 1 359 0 4 8 9 11 14 17 20 22 20 14 1 345 335 330 331 339 348 0 15 28 41
40 36 30 26 23 20 19 19 18 17 15 11 6 5 4 5 8 12 13 10 8 5 3 3 4 5 5 5 5 5 5 5 5 5 5 5 5 5 5 4 4 3 3 2 1 360 358 357 355 352 348 343 342 343 346 354 2 2 359 356 356 2 12 22 24 19 9 3 2 3 3 2 1 360 1 4 6 8 10 14 18 20 19 15 7 351 339 334 331 337 350 1 15 31 43 57
43 39 32 29 26 24 24 24 24 22 20 16 11 8 8 6 7 12 15 16 14 12 9 7 6 7 8 8 8 8 7 8 8 8 8 8 8 7 7 7 6 6 5 4 4 3 1 0 358 356 353 348 344 343 344 347 357 2 0 357 357 9 21 22 16 9 1 359 360 1 1 2 1 1 1 2 4 6 10 15 19 19 16 10 359 344 336 335 339 351 2 16 32 46 60 74
39 37 34 32 30 27 25 25 26 25 22 20 17 12 10 10 10 12 15 18 18 17 15 13 10 9 11 11 11 11 11 10 11 11 10 10 10 10 10 9 9 8 8 7 6 5 4 3 2 360 357 354 350 347 344 342 347 357 2 2 3 7 11 11 9 5 1 359 359 359 360 0 1 1 1 0 2 6 11 16 17 14 8 0 352 344 339 341 353 5 16 31 44 59 73 82
27 30 32 33 33 29 24 26 29 29 26 24 22 18 14 14 15 14 14 17 19 19 20 19 16 15 15 15 15 15 14 14 13 13 13 13 13 12 12 12 11 11 10 10 9 8 7 6 5 3 1 359 356 353 349 343 341 349 1 6 3 0 1 4 5 5 4 2 0 359 359 360 0 360 359 360 1 5 9 10 8 4 357 351 348 344 343 354 6 17 29 42 57 68 74 78
9 20 27 28 28 26 22 25 31 32 29 26 25 23 20 18 18 18 17 18 20 21 22 22 21 20 22 22 20 19 17 16 16 16 16 16 15 15 15 14 14 13 13 12 12 11 10 9 8 7 5 4 1 359 356 352 348 348 356 3 359 354 354 357 1 4 5 4 1 359 359 360 359 358 358 359 1 3 5 3 360 355 350 349 348 344 349 5 17 29 41 55 66 69 68 66
3 15 28 29 30 30 25 24 29 30 26 23 23 23 22 21 21 22 22 22 23 23 24 24 24 25 29 29 26 23 20 19 19 19 18 18 18 18 17 17 16 16 15 15 14 14 13 12 11 10 9 7 6 4 2 0 359 357 357 359 356 350 348 350 354 360 2 2 1 1 2 1 358 357 358 360 1 2 0 358 355 352 354 358 351 346 357 13 28 39 50 59 63 61 59 55
23 30 44 49 50 46 37 31 33 33 29 26 26 26 25 25 25 27 28 27 26 27 28 28 26 27 32 33 29 27 25 23 21 21 21 21 20 20 20 19 19 18 18 17 17 16 15 15 14 13 12 10 9 8 7 6 4 3 2 1 358 353 348 345 347 351 354 356 358 0 3 1 358 357 359 2 2 359 356 355 355 358 5 3 350 349 6 24 37 48 54 55 53 50 44 40
41 45 56 66 71 68 61 54 53 51 45 42 42 39 35 32 31 32 32 30 30 31 31 31 26 24 30 33 32 30 29 27 25 24 23 23 23 23 22 22 21 21 20 20 19 19 18 17 16 16 15 14 12 11 10 9 8 7 6 5 2 359 356 352 349 346 345 346 350 354 356 357 358 359 1 3 1 358 356 357 1 8 9 358 350 358 16 32 46 53 53 50 44 37 31 21
52 55 60 65 69 71 71 72 73 69 64 62 60 55 50 44 40 38 36 34 32 33 33 32 26 22 28 34 35 33 32 31 30 28 26 26 25 25 25 24 24 23 23 22 22 21 21 20 19 18 17 16 15 14 13 12 11 10 9 7 6 4 2 359 356 352 349 346 344 342 344 349 356 360 1 1 0 358 359 4 9 10 3 353 354 10 26 40 51 52 47 45 43 35 20 353
60 63 67 69 71 73 73 75 77 74 68 65 62 58 55 51 47 46 43 39 36 35 34 33 28 24 29 35 37 37 35 34 34 32 29 28 28 28 27 27 26 26 26 25 24 24 23 23 22 21 20 19 18 17 16 15 14 13 11 10 9 7 5 3 1 359 357 353 348 342 338 339 348 356 358 358 358 359 2 8 10 5 355 352 3 23 37 46 49 46 39 36 38 29 354 337
67 70 74 77 78 79 79 79 77 75 71 67 63 59 56 53 51 50 48 44 42 41 39 38 33 29 30 35 39 40 39 37 37 35 32 30 30 30 30 29 29 29 28 28 27 27 26 25 24 23 22 21 20 19 18 17 16 15 14 13 11 10 8 6 5 3 1 358 354 350 347 344 345 348 352 354 355 0 4 6 6 357 350 357 18 36 44 45 44 40 31 25 18 354 340 332
72 74 79 84 87 87 87 85 82 78 75 71 67 63 60 56 54 52 50 48 47 47 46 44 39 34 34 37 40 42 41 40 39 39 38 35 34 33 32 31 31 31 31 30 30 29 28 28 27 26 25 24 23 22 21 19 18 17 16 15 13 12 10 9 7 5 3 1 358 356 354 352 349 346 346 348 352 359 3 2 356 351 353 12 33 42 44 42 40 38 29 15 356 337 332 330
73 76 82 89 95 97 96 94 89 84 80 76 71 68 65 61 58 56 53 51 50 49 48 47 44 40 40 42 42 43 43 43 44 45 45 42 39 38 36 34 33 33 33 33 32 32 31 30 29 28 27 26 25 24 23 21 20 19 18 17 15 14 12 11 9 7 5 3 2 360 358 355 352 348 345 344 347 354 358 356 350 351 8 33 48 50 47 46 44 40 25 2 340 329 327 330
76 78 82 89 98 104 104 102 98 92 86 80 74 71 69 66 63 60 57 55 54 52 51 49 45 43 46 48 46 46 46 47 47 47 47 45 42 41 39 37 36 35 36 35 35 34 34 33 32 31 30 29 27 26 25 24 22 21 20 19 17 16 14 13 11 9 8 6 4 2 360 357 355 352 348 344 344 347 351 351 350 2 30 48 53 54 52 47 40 21 1 347 336 329 330 334
80 79 77 84 99 108 111 110 105 99 91 83 77 74 71 69 66 64 61 59 57 56 55 52 46 45 49 51 50 47 47 48 47 46 46 45 43 43 43 41 38 37 38 38 38 37 37 36 35 34 33 31 30 28 27 25 24 23 22 20 19 18 16 15 13 11 10 8 6 4 2 360 358 355 352 348 345 344 345 348 357 18 36 41 38 37 36 27 9 357 348 341 334 331 334 337
78 75 69 73 89 104 112 112 108 104 94 83 78 75 73 71 69 67 64 62 61 60 59 55 48 46 50 51 50 47 46 48 47 48 49 48 44 43 45 45 42 40 41 41 41 41 41 40 39 37 36 34 32 30 29 27 26 25 23 22 21 19 18 16 15 13 11 10 8 6 4 2 360 358 355 352 348 344 343 348 4 20 26 26 25 25 21 8 355 346 340 337 334 333 336 338
71 67 62 65 74 84 99 100 100 100 91 81 78 76 75 74 72 70 68 66 65 63 62 58 51 50 53 53 51 48 47 49 49 48 49 48 46 44 46 46 44 43 46 46 46 46 45 45 44 42 39 36 34 32 30 29 28 27 25 24 22 21 19 18 16 15 13 11 9 7 6 4 2 360 357 354 351 347 344 349 4 13 15 17 20 19 9 354 346 341 338 336 333 333 335 335
69 69 69 72 80 82 74 70 77 80 78 77 77 76 77 77 74 73 72 70 68 67 65 61 55 55 58 57 54 52 50 51 50 49 49 48 46 46 46 46 44 43 46 50 52 53 53 53 54 52 46 40 36 33 32 31 30 28 27 26 24 23 21 20 18 16 15 13 11 9 7 5 3 1 359 356 354 350 348 350 358 5 12 16 18 12 355 346 342 341 339 337 335 335 335 334
80 79 80 85 88 80 68 62 64 67 68 72 76 77 78 77 77 76 76 74 73 71 69 65 59 59 62 60 57 56 55 56 56 56 54 52 49 48 48 47 44 42 43 45 47 49 49 48 49 50 46 42 37 35 33 32 31 30 29 27 26 24 23 21 19 18 16 14 13 11 9 7 5 2 0 358 355 353 350 350 353 0 11 17 14 358 347 342 340 340 339 338 337 337 337 335
80 79 80 83 81 74 70 65 64 65 67 73 76 78 79 79 78 79 79 79 78 76 73 70 64 62 63 61 60 59 58 58 59 60 60 59 57 54 52 50 47 44 42 41 41 40 39 38 40 40 38 37 35 33 34 34 33 32 31 29 28 26 24 23 21 19 18 16 14 12 10 8 6 4 1 359 357 354 352 350 351 357 7 11 3 349 341 339 338 337 337 338 338 338 338 336
76 75 76 77 74 72 70 68 68 69 72 75 76 77 79 79 79 80 81 82 82 81 78 75 72 68 66 63 61 61 59 58 57 58 60 63 63 61 58 55 51 48 47 46 46 45 44 45 45 44 40 38 35 34 35 36 35 34 33 31 30 28 26 24 23 21 19 17 16 14 12 9 7 5 3 0 358 356 353 351 351 355 1 2 353 344 339 337 336 334 334 335 336 337 337 336
76 76 76 77 76 73 69 68 72 75 76 76 76 77 77 77 78 80 82 84 86 86 85 82 80 76 71 67 65 64 61 59 57 55 57 60 61 62 63 61 57 53 52 52 53 54 55 57 57 55 50 46 43 40 38 38 38 37 35 33 31 30 28 26 24 22 21 19 17 15 13 11 9 6 4 1 359 356 354 351 351 353 357 355 346 341 339 339 337 335 334 334 336 337 337 337
78 77 77 79 77 73 69 68 73 78 78 76 76 76 76 76 76 78 81 85 88 89 90 91 89 80 72 70 69 67 64 62 59 55 55 55 55 57 59 62 62 59 56 54 55 56 58 60 62 60 57 53 49 46 43 42 41 40 38 36 34 31 29 27 26 24 22 20 18 17 14 12 10 7 5 2 360 357 354 350 348 348 350 348 343 339 338 338 337 337 336 335 336 336 338 339
80 80 79 79 76 71 67 68 72 76 76 75 77 76 74 74 72 74 77 82 85 86 89 95 96 80 69 68 68 66 65 66 64 62 61 57 54 53 54 56 59 59 58 57 56 57 59 61 62 62 60 57 53 51 49 48 47 44 42 39 36 33 31 29 27 25 24 22 20 18 16 14 11 9 6 3 0 357 353 349 345 341 340 339 338 339 338 336 335 335 335 334 331 332 334 336
82 81 80 77 72 66 64 66 69 71 73 75 76 74 71 68 66 69 73 78 80 81 88 95 93 69 65 66 66 65 65 66 67 68 70 68 63 58 56 56 56 56 57 57 56 57 59 61 61 59 58 57 55 53 52 51 51 50 47 43 38 34 32 30 28 27 25 23 22 20 17 15 13 10 7 4 1 357 353 349 343 336 331 329 329 334 338 337 336 334 331 328 325 320 316 315
83 82 79 75 71 67 65 64 63 66 71 75 74 71 68 63 62 66 71 77 80 86 93 91 70 48 59 64 65 65 66 66 67 67 70 73 72 68 65 63 62 60 58 58 58 58 59 60 61 59 57 55 52 50 48 48 50 52 54 49 40 34 33 31 30 28 27 25 23 21 19 17 14 12 9 5 2 358 354 349 343 335 328 321 318 320 329 333 334 331 325 321 317 311 306 304
82 80 75 72 72 71 67 63 59 61 69 72 68 65 63 60 60 62 69 79 90 96 93 76 45 38 55 63 65 66 67 68 68 68 69 71 72 72 69 66 65 64 63 62 62 62 61 61 61 61 60 57 53 50 46 46 48 51 54 49 36 33 33 32 31 30 29 27 25 23 21 18 16 13 10 7 4 360 356 351 344 337 331 324 318 318 321 325 326 322 316 312 313 311 311 310
78 74 66 64 66 68 64 59 54 59 66 66 58 57 55 54 55 58 66 81 96 100 80 55 36 38 54 62 65 67 69 70 71 71 71 70 70 71 71 68 65 64 64 65 66 65 65 64 64 64 64 63 60 54 46 44 46 47 48 43 32 30 33 34 33 32 30 29 27 25 23 20 18 15 12 9 5 2 357 352 346 340 334 329 326 324 323 321 319 313 305 302 303 299 296 299
75 70 61 58 57 56 52 44 41 49 58 58 52 51 52 54 55 57 66 78 86 79 58 46 36 42 56 63 66 69 71 72 73 74 74 73 71 71 73 72 67 63 63 66 68 68 68 68 69 70 71 71 68 61 49 44 48 48 47 44 36 31 33 35 35 34 33 31 29 27 24 22 20 17 14 11 8 4 359 355 349 343 336 329 325 323 320 317 312 303 289 283 283 281 280 283
75 70 63 59 58 56 49 38 32 42 49 46 39 37 38 44 49 54 69 75 67 42 39 39 39 48 59 65 68 71 72 75 77 78 77 75 74 74 74 74 70 64 63 65 67 69 70 70 71 72 74 78 74 65 58 56 60 59 56 51 43 36 36 38 37 36 35 33 31 29 27 24 22 19 16 13 10 6 2 358 353 347 340 331 323 317 314 308 299 288 282 283 285 284 284 286
74 71 66 65 67 65 58 46 35 45 50 45 38 33 34 43 50 58 69 67 51 35 33 38 43 54 63 66 68 70 72 77 81 82 80 78 77 77 77 75 72 65 63 62 62 64 67 69 70 71 73 76 71 63 63 67 72 69 63 57 51 43 40 41 40 39 37 35 33 31 29 26 24 21 19 16 12 9 5 1 356 351 345 338 330 321 314 307 300 298 299 300 299 298 298 297
72 70 68 70 72 70 65 58 55 62 63 58 52 51 53 63 65 71 71 60 45 42 42 48 55 62 66 68 68 68 71 77 81 83 82 81 81 80 79 78 76 71 66 62 58 58 60 64 67 69 71 69 61 59 64 67 70 69 65 60 55 48 45 44 43 42 40 38 36 34 31 29 26 24 21 18 15 12 8 4 360 355 350 344 339 333 326 320 318 316 314 313 312 311 309 307
