windninja/windninja_output/Output_2025-08-24_1400-1450_Google earth_Fire_150m_10min/merlingen_7.5mi_point_08-24-2025_1450_150m_ang.asc
ncols	158
nrows	163
xllcorner	391686.332397
yllcorner	5160024.123721
cellsize	150.000000
NODATA_value	-32768.000000
[rows 94 to 140 of 163, columns 0 to 95 of 158]
69 66 60 59 60 57 50 38 29 38 44 40 32 28 28 36 42 49 62 62 47 33 31 34 38 48 56 60 63 65 68 72 77 77 75 74 73 73 73 71 67 62 60 60 60 61 64 67 68 69 71 74 67 59 58 62 68 66 59 53 47 39 36 35 35 34 32 30 27 25 22 20 17 14 11 8 4 0 356 351 346 341 335 329 322 314 307 300 292 288 288 289 289 288 288 288
67 65 63 65 67 64 58 50 45 53 57 53 47 46 48 58 60 67 67 58 44 41 40 45 50 56 60 62 63 63 67 73 77 78 77 77 77 77 76 75 72 67 63 59 56 56 58 62 65 67 69 67 58 55 60 63 67 66 61 56 51 44 40 40 38 37 34 32 30 27 25 22 19 16 13 10 6 2 358 354 349 344 338 333 327 321 314 307 303 301 299 298 297 296 294 293
66 67 67 67 66 61 57 56 63 77 81 73 66 64 71 77 76 79 71 49 44 49 54 62 66 66 65 64 64 65 70 74 75 76 78 80 81 81 80 79 79 77 72 66 61 58 57 59 63 66 66 61 56 55 60 64 67 67 64 60 55 48 45 44 42 40 37 35 33 30 27 25 22 19 16 13 9 5 1 356 352 347 342 337 331 326 321 316 312 309 306 304 302 301 299 297
66 70 70 68 66 62 58 58 64 75 81 78 75 73 77 80 83 82 68 47 46 54 64 74 78 73 68 67 68 73 77 77 76 76 78 82 85 86 86 85 84 84 82 77 73 68 66 67 69 69 66 62 60 58 60 64 67 69 67 65 60 55 52 49 46 43 41 39 36 33 30 27 25 22 19 15 12 8 4 359 355 350 345 340 335 330 326 321 318 314 312 309 306 304 302 300
69 74 75 74 74 70 65 63 65 68 72 79 86 88 87 87 86 78 62 51 49 57 68 78 77 65 64 68 73 77 80 80 79 79 80 83 88 91 93 92 90 90 90 86 81 79 78 77 75 71 67 65 63 61 62 64 65 66 67 65 63 62 61 57 52 49 46 43 40 36 33 30 28 25 22 19 15 11 7 3 358 353 349 344 339 335 330 326 322 318 315 312 310 307 305 303
74 78 80 81 82 81 78 76 72 70 72 76 80 86 89 86 81 71 60 53 53 62 72 73 61 52 61 69 74 77 80 82 83 83 84 86 89 92 96 99 98 97 97 92 85 82 81 79 74 70 68 66 63 62 63 64 64 65 66 64 60 60 62 62 61 58 52 47 42 39 36 34 32 29 26 22 18 14 10 6 1 357 352 347 342 338 333 329 326 322 318 315 313 310 308 306
74 77 80 82 82 81 81 81 78 75 74 73 74 79 83 80 77 73 64 58 65 76 76 66 52 54 62 69 73 77 79 83 86 90 92 93 93 93 97 103 106 105 104 101 91 85 81 78 74 70 68 67 64 62 62 62 62 63 65 63 59 57 58 60 62 61 57 51 46 44 41 38 36 33 29 26 22 18 14 10 5 0 355 351 346 341 337 333 328 325 322 318 315 312 310 307
75 78 80 81 80 79 79 79 78 77 75 72 70 69 70 71 71 70 65 69 81 84 73 58 55 60 65 70 73 76 80 84 89 94 98 100 99 98 99 104 111 111 111 111 102 90 84 80 77 73 70 67 65 65 64 63 61 62 62 61 60 59 58 59 60 59 58 54 51 48 46 43 40 37 34 31 27 23 18 13 9 4 359 354 349 344 340 336 332 328 324 321 318 315 312 310
77 79 81 79 78 78 79 78 77 76 75 72 68 62 61 65 67 66 64 73 79 72 60 58 59 63 68 72 74 77 82 86 90 95 100 104 106 106 106 108 113 117 117 118 114 100 88 82 78 74 71 68 66 65 66 64 62 62 60 59 58 58 58 59 60 60 57 54 51 52 53 51 47 43 39 36 32 28 23 18 13 8 3 357 352 348 343 338 334 331 326 323 320 317 314 311
78 79 79 78 77 77 78 78 77 76 75 74 71 70 71 71 70 69 69 74 69 56 56 60 61 63 68 73 76 81 85 86 89 93 98 105 111 113 111 111 115 121 124 124 124 114 98 86 79 74 72 70 69 66 65 63 63 62 61 59 58 56 56 58 60 59 56 52 50 51 56 59 56 50 47 43 39 34 29 23 18 12 6 1 356 351 346 342 337 333 329 325 322 319 315 312
78 78 77 77 77 78 78 77 77 77 79 79 80 84 87 86 81 76 75 73 62 54 57 60 60 61 66 72 77 82 86 87 89 92 97 102 110 115 116 116 119 124 128 130 131 127 112 96 84 77 74 72 71 70 68 65 62 61 61 62 60 58 57 59 59 57 54 50 47 48 53 57 59 61 60 57 51 44 36 29 23 16 10 4 359 354 349 344 340 335 331 328 324 321 317 314
78 78 76 75 76 77 78 77 76 78 81 84 87 91 92 92 87 81 76 69 61 59 60 58 58 60 65 70 74 80 85 88 91 92 94 100 108 116 120 121 123 128 131 133 137 136 125 109 94 82 76 73 71 69 69 68 64 62 62 62 61 59 59 61 60 58 55 49 45 48 51 52 55 58 61 63 62 56 49 42 31 21 14 7 2 357 353 347 342 338 334 330 327 323 318 315
78 76 74 73 73 75 75 75 75 78 81 84 86 88 89 88 84 79 72 65 62 64 62 57 57 60 63 66 71 78 84 90 92 89 91 99 109 117 122 125 127 130 132 135 140 142 138 124 108 93 82 76 71 68 67 67 66 64 63 62 61 60 60 61 60 59 57 51 46 48 51 51 52 52 53 56 58 56 54 52 42 27 17 11 6 1 356 351 345 341 337 333 329 325 320 317
76 74 71 71 72 72 73 74 74 75 77 78 78 77 80 82 81 77 70 63 62 66 66 59 56 57 60 61 67 78 85 90 89 84 89 101 111 117 120 124 130 132 133 136 142 146 148 139 124 107 91 82 75 70 66 64 64 64 64 62 61 62 62 61 60 58 57 53 48 47 50 52 53 53 53 55 56 52 48 48 47 36 19 13 9 5 360 354 349 344 341 336 332 327 321 318
75 72 69 70 71 71 72 72 72 72 73 73 71 69 72 75 76 73 67 63 66 70 70 62 54 55 58 58 63 75 84 87 85 80 91 105 112 114 115 122 131 134 134 138 144 148 153 152 139 119 99 88 81 75 69 65 63 63 63 61 60 62 63 61 60 59 56 54 50 46 48 52 55 56 55 55 54 53 51 51 50 44 29 15 11 8 4 359 354 349 345 340 334 329 323 319
74 72 70 72 73 73 72 70 70 70 70 68 66 66 70 74 75 66 58 62 70 75 74 66 57 55 57 57 64 75 81 82 81 81 92 104 108 110 116 123 129 129 132 140 147 149 155 161 154 134 110 92 83 77 72 68 64 63 63 61 59 60 61 59 60 61 59 56 52 48 49 53 56 57 56 56 55 56 55 55 54 51 43 26 13 12 9 5 0 356 350 343 336 330 324 320
74 73 75 77 77 76 74 71 70 68 68 68 65 66 71 76 76 60 51 59 69 78 78 71 65 60 58 57 64 74 79 79 78 79 90 101 107 112 119 123 121 120 127 139 147 150 157 167 166 150 127 102 85 76 73 70 66 64 64 62 59 60 59 57 58 60 61 60 55 50 49 53 57 57 57 58 58 58 57 58 58 57 53 43 29 19 17 14 9 4 357 347 338 331 324 321
75 76 78 79 78 75 73 71 69 67 67 68 69 70 74 79 77 53 46 55 65 76 84 77 69 68 66 62 63 68 75 79 78 78 89 100 108 116 121 120 119 118 120 131 143 150 158 169 172 163 144 117 92 79 75 71 67 66 66 64 61 61 59 56 55 57 59 60 58 53 52 55 58 58 58 60 60 59 59 60 61 62 60 53 42 33 32 30 25 19 11 354 339 331 324 320
78 79 79 77 75 73 71 69 68 66 63 67 73 74 76 80 78 49 42 52 60 70 80 79 69 75 79 78 70 65 68 75 79 83 93 102 110 116 120 119 119 113 110 120 138 151 159 167 173 172 160 138 103 84 77 72 67 65 65 63 61 60 59 57 56 55 56 56 57 57 57 59 61 60 60 60 60 58 58 59 61 64 64 60 52 44 44 48 52 53 41 3 343 336 328 325
78 78 77 75 75 74 72 69 66 63 61 67 73 74 75 80 80 53 42 49 55 63 71 74 71 79 86 89 85 72 66 69 77 88 98 105 108 109 112 112 109 103 105 115 133 150 158 162 170 175 173 164 124 90 79 73 69 65 64 63 60 58 58 59 57 55 55 54 54 54 55 58 60 60 59 61 61 59 58 58 60 64 65 64 61 54 52 57 60 58 45 15 355 354 348 340
74 74 75 75 74 73 73 71 66 63 65 71 73 70 72 80 85 77 44 51 53 58 63 69 75 81 84 86 88 85 72 68 76 88 99 105 104 103 104 103 98 99 105 113 125 142 154 160 166 173 179 182 156 100 81 74 70 66 64 63 60 56 57 59 58 55 54 54 53 52 52 56 60 60 59 60 61 62 60 59 61 63 62 60 60 54 53 57 53 46 41 27 18 27 34 24
71 72 72 73 72 70 69 68 67 68 75 79 73 64 68 80 91 100 74 60 59 57 58 64 74 80 80 78 83 89 79 70 74 84 95 102 104 102 99 95 96 103 108 112 119 135 152 163 165 170 181 189 184 128 85 75 70 67 66 65 61 56 57 60 58 55 54 54 54 53 52 54 59 62 63 61 61 62 62 60 63 64 61 57 56 50 47 51 49 49 49 42 39 44 40 27
70 72 72 71 71 69 66 64 67 75 83 84 73 60 67 82 93 105 173 94 74 66 62 64 68 75 76 74 82 90 85 74 72 79 91 101 105 101 93 93 100 107 109 108 113 129 147 160 160 163 177 191 198 175 92 75 71 69 67 66 61 57 58 60 60 56 54 55 54 53 52 52 54 59 64 65 64 63 63 64 66 68 65 58 55 50 46 48 51 54 55 51 48 42 31 26
70 71 71 71 71 70 67 64 69 75 83 86 74 63 70 80 89 105 164 141 99 83 76 70 67 69 70 72 82 90 90 82 76 80 87 96 100 95 88 94 103 106 105 104 106 115 132 147 155 158 169 192 207 206 111 75 72 69 68 67 64 59 59 60 60 55 54 54 54 53 52 50 51 54 58 63 65 64 63 64 68 71 68 60 56 52 49 50 54 56 55 52 47 39 34 35
71 71 70 71 72 71 69 70 74 76 79 82 79 73 73 76 83 102 148 154 129 103 90 84 79 73 72 75 79 82 90 96 96 93 91 88 86 84 86 94 99 99 98 98 99 105 121 140 150 157 167 195 215 222 185 77 71 69 68 68 66 63 61 61 58 54 52 53 53 54 53 51 50 51 54 58 60 62 63 63 66 69 67 61 57 56 53 53 56 56 53 50 46 43 45 44
71 70 70 73 75 74 72 76 80 80 77 79 84 82 76 74 81 95 129 151 145 123 105 98 95 90 87 86 84 85 96 107 110 104 95 86 80 79 86 90 87 86 87 90 94 99 110 126 141 153 165 197 222 233 233 77 71 69 68 68 68 66 65 63 58 54 52 51 52 55 55 52 51 50 52 54 55 58 62 65 68 69 67 63 61 60 57 56 57 55 52 49 45 47 49 43
69 68 69 73 77 76 77 81 85 84 79 82 89 88 77 75 80 89 110 140 148 137 120 109 103 101 100 99 100 102 103 106 107 102 95 90 85 84 89 87 79 76 80 86 90 92 98 112 130 145 159 195 229 242 251 64 70 71 70 69 69 66 64 64 62 62 62 58 56 57 56 54 53 53 52 52 52 55 60 65 68 69 68 65 65 65 61 58 57 56 53 50 45 46 47 37
65 68 69 69 69 70 74 81 87 88 81 85 93 97 82 75 78 84 97 120 142 140 129 117 110 107 106 107 110 111 109 105 103 101 96 93 91 89 89 92 84 77 79 84 86 89 94 105 118 131 147 192 235 251 263 23 70 72 69 69 68 63 61 62 62 70 77 79 72 65 60 57 57 57 54 51 50 52 55 60 64 67 68 66 67 66 62 59 58 57 55 49 43 43 43 35
63 70 73 69 63 61 64 70 79 85 83 88 96 110 93 78 75 78 86 97 119 130 130 124 114 110 110 112 113 113 113 110 104 102 98 94 94 89 86 95 94 85 79 78 82 88 93 98 103 106 114 158 242 261 270 336 66 69 66 66 64 59 59 60 61 67 75 83 89 81 70 64 62 61 58 54 51 50 52 55 58 63 66 65 64 63 58 55 56 57 54 45 41 45 46 39
71 78 79 73 65 63 63 64 69 73 80 90 100 114 105 87 76 72 74 84 98 113 120 119 115 114 113 113 115 117 119 114 106 104 101 96 94 90 85 91 99 91 79 73 76 83 88 90 91 86 86 95 271 276 282 325 59 67 66 64 58 56 60 62 63 67 69 73 82 90 84 76 70 66 63 60 56 53 52 51 53 57 61 61 60 60 56 52 56 57 53 45 42 48 49 43
78 81 81 76 71 69 67 64 66 67 72 86 98 106 106 96 82 69 66 74 89 101 110 113 112 111 111 116 122 124 126 116 108 107 103 96 94 94 88 87 97 97 84 75 73 76 81 84 83 77 75 60 313 291 299 337 43 62 66 63 57 59 63 63 65 69 69 67 70 79 88 87 84 79 74 70 66 61 57 53 51 54 57 57 58 58 52 51 57 59 54 45 42 47 49 43
74 78 78 75 72 71 69 67 68 66 68 76 84 93 100 100 90 74 65 68 79 94 104 107 107 109 117 127 131 135 134 117 108 108 105 97 95 98 92 88 94 101 93 81 76 74 77 79 78 75 68 43 338 309 310 339 28 51 59 58 58 63 63 62 65 68 68 66 66 67 76 86 91 93 91 86 82 78 71 63 58 57 56 54 55 55 49 49 55 57 53 44 43 49 48 42
71 75 78 76 73 71 71 73 72 67 65 67 71 81 91 100 97 83 73 70 76 89 103 108 115 125 131 136 140 146 144 121 107 106 106 99 95 98 97 92 94 104 104 91 80 77 77 75 71 65 57 35 346 323 320 337 19 46 55 56 58 63 62 62 65 67 66 65 64 63 66 75 84 92 98 101 100 96 90 81 73 68 61 55 54 51 46 48 53 56 54 46 45 50 47 41
73 78 80 79 75 73 74 77 76 70 63 61 64 72 86 98 100 93 88 87 95 103 111 120 124 127 133 138 142 150 151 128 108 101 102 99 95 95 98 96 95 105 113 105 89 81 78 73 65 56 49 30 348 331 329 340 14 46 57 58 58 61 61 62 66 67 66 65 64 63 64 70 77 85 93 102 110 111 106 99 88 79 69 61 55 47 41 42 47 51 52 47 46 49 45 41
75 79 81 80 79 78 79 79 77 72 64 60 60 64 73 88 96 98 104 116 122 118 114 116 118 116 118 124 137 148 151 137 114 100 94 92 94 94 95 95 96 104 116 120 103 86 78 69 58 51 44 24 351 338 337 347 15 47 59 59 59 59 60 63 65 66 65 64 63 63 65 68 74 81 88 95 108 117 116 113 106 93 79 69 59 47 39 38 39 43 44 42 42 44 45 43
75 80 82 83 83 85 87 84 80 76 73 68 62 59 63 71 88 103 117 124 127 124 111 102 102 103 108 116 126 138 146 142 124 106 92 85 86 89 90 92 96 102 112 123 119 97 80 65 53 49 39 20 353 344 345 352 20 47 57 59 59 59 60 62 64 65 65 64 63 63 65 67 70 75 82 90 100 113 117 118 118 112 99 82 68 55 46 41 41 42 41 40 38 37 39 40
76 79 82 84 86 87 89 90 88 86 84 80 72 66 64 70 86 106 118 125 126 124 116 103 97 99 105 109 116 128 138 143 138 120 102 86 79 79 85 89 93 99 106 118 126 114 88 67 56 51 37 18 356 350 352 359 23 45 56 59 59 59 61 63 64 65 65 65 64 64 65 67 69 70 75 83 93 103 110 116 120 123 121 107 89 73 61 55 54 52 48 45 40 34 34 35
78 81 81 81 84 87 86 86 90 95 95 90 84 80 79 81 89 102 113 120 124 127 125 114 100 96 100 106 111 123 133 142 149 139 118 97 82 77 78 83 89 96 102 110 122 124 100 73 61 54 35 16 1 357 2 8 25 46 56 60 60 62 64 65 65 65 66 65 65 64 65 67 68 69 72 77 86 96 102 107 117 127 130 125 115 100 83 72 68 63 57 53 46 37 35 35
82 84 81 79 84 90 86 79 81 91 99 99 96 93 93 94 96 98 103 112 121 128 130 126 111 96 90 100 108 115 126 137 151 153 133 115 98 85 78 78 85 92 96 102 110 118 106 79 65 54 32 16 7 4 10 16 27 46 57 60 62 65 67 66 67 67 67 67 66 65 67 68 67 68 72 76 83 91 95 98 108 124 134 134 129 121 112 97 82 72 64 59 52 43 39 39
85 86 85 83 86 91 90 82 77 80 91 101 101 101 103 106 106 102 98 104 118 129 135 132 120 97 85 88 99 106 115 125 143 153 143 130 115 99 87 83 85 88 91 93 94 90 85 74 62 48 30 18 12 12 17 21 30 47 57 59 63 66 66 66 67 68 69 70 69 69 70 70 69 68 69 75 83 90 94 96 99 111 129 135 133 132 129 122 105 88 76 66 57 48 42 43
86 88 89 88 88 88 91 92 85 79 82 90 96 101 111 117 114 107 100 100 108 127 135 133 126 105 87 82 88 99 106 114 128 143 146 138 124 110 99 92 88 87 89 88 77 64 57 50 44 38 29 21 16 19 22 24 33 48 58 61 64 65 64 65 67 68 70 71 74 76 74 73 72 69 68 73 79 88 96 98 98 101 112 124 129 133 134 132 123 106 89 75 65 55 46 44
79 84 88 90 88 87 89 95 96 89 83 83 89 99 111 117 116 110 105 102 102 114 127 130 131 121 100 86 83 91 102 109 117 131 141 142 134 120 108 101 94 89 87 81 66 55 47 32 27 32 30 24 22 25 27 28 38 53 61 65 66 65 64 65 66 68 68 70 77 84 86 81 76 72 70 71 74 80 91 98 99 98 99 108 119 127 132 134 130 119 105 90 77 66 54 49
71 79 84 87 88 88 89 90 93 94 89 87 91 98 106 111 113 111 109 105 100 103 114 124 134 134 117 98 88 88 95 104 110 119 133 142 145 134 114 104 99 92 84 71 60 53 44 27 23 32 32 28 29 31 30 32 44 58 64 66 66 65 65 65 65 66 67 69 75 84 94 95 87 80 74 70 71 73 78 89 97 97 96 101 112 121 124 129 130 126 117 105 92 80 67 60
79 82 80 81 87 90 90 87 86 89 92 95 101 103 104 106 110 111 110 104 98 100 109 118 132 140 129 112 98 90 87 94 102 110 122 138 151 147 117 104 100 96 81 64 55 50 41 26 24 32 33 33 36 36 35 40 52 64 67 66 66 65 66 65 64 65 66 70 75 81 92 102 103 99 90 77 72 70 70 74 86 94 96 101 108 112 113 115 122 125 120 108 99 92 84 74
100 94 83 78 83 89 91 90 89 90 94 101 111 112 109 107 107 105 103 99 97 100 107 114 126 138 137 121 107 94 84 85 95 105 112 127 148 151 123 105 98 90 75 61 51 46 38 27 27 33 36 39 41 41 43 50 62 68 68 67 67 66 66 64 63 65 67 71 76 79 86 99 109 112 112 100 82 73 68 69 75 85 93 101 104 98 97 101 106 109 101 90 88 90 95 96
97 97 92 85 82 82 87 94 98 98 99 107 116 116 113 108 102 96 92 91 92 97 103 111 120 131 137 128 115 104 92 86 88 94 102 114 135 145 129 107 91 75 66 56 47 44 38 30 31 37 40 44 44 45 53 62 69 70 69 69 68 68 67 62 61 65 69 73 77 79 84 93 106 116 121 118 100 83 75 72 74 79 88 96 96 89 91 91 84 66 55 61 67 74 85 100
87 90 98 99 86 76 80 91 98 103 110 113 115 116 112 106 100 96 92 88 88 91 97 104 113 122 131 133 124 117 110 96 87 85 93 105 122 133 127 105 80 65 59 50 45 44 40 34 37 42 46 49 49 54 63 69 71 70 70 70 70 71 69 62 60 64 70 74 77 80 83 89 98 110 119 125 113 94 85 81 81 84 87 88 89 93 95 86 63 44 41 50 56 63 71 80
