windninja/windninja_output/Output_2025-08-24_1400-1450_Google earth_Fire_150m_10min/merlingen_7.5mi_point_08-24-2025_1410_150m_vel.asc
ncols	158
nrows	163
xllcorner	391686.332397
yllcorner	5160024.123721
cellsize	150.000000
NODATA_value	-32768.000000
[rows 76 to 113 of 163, columns 0 to 83 of 158]
2.48 2.25 1.82 1.47 1.29 1.24 1.12 1.01 0.97 0.93 0.92 0.91 0.90 0.92 0.92 0.91 0.93 0.97 0.98 1.00 1.02 1.03 1.06 1.10 1.08 1.02 1.02 1.07 1.19 1.41 1.57 1.57 1.52 1.49 1.38 1.21 1.11 1.07 1.05 1.05 1.07 1.11 1.14 1.16 1.17 1.19 1.19 1.20 1.21 1.21 1.22 1.22 1.23 1.23 1.24 1.25 1.25 1.26 1.26 1.27 1.27 1.27 1.27 1.27 1.28 1.28 1.28 1.28 1.27 1.26 1.26 1.28 1.29 1.30 1.32 1.37 1.45 1.62 1.88 2.15 2.27 2.02 1.64 1.53
2.79 2.55 2.14 1.81 1.54 1.36 1.17 1.04 0.97 0.92 0.90 0.89 0.90 0.93 0.93 0.91 0.92 0.95 0.97 1.00 1.03 1.05 1.07 1.09 1.10 1.08 1.07 1.05 1.05 1.20 1.45 1.60 1.58 1.56 1.53 1.35 1.20 1.13 1.07 1.05 1.06 1.10 1.15 1.17 1.19 1.20 1.20 1.21 1.21 1.21 1.22 1.22 1.23 1.24 1.25 1.26 1.27 1.28 1.29 1.29 1.29 1.30 1.31 1.31 1.32 1.32 1.32 1.32 1.32 1.33 1.34 1.36 1.36 1.35 1.34 1.33 1.38 1.49 1.71 1.92 1.83 1.48 1.41 1.57
3.16 2.71 2.32 2.29 1.97 1.53 1.22 1.05 0.97 0.89 0.84 0.86 0.90 0.94 0.96 0.94 0.93 0.94 0.96 1.00 1.03 1.05 1.07 1.07 1.07 1.15 1.21 1.15 1.07 1.08 1.29 1.57 1.67 1.67 1.68 1.57 1.38 1.27 1.17 1.07 1.04 1.09 1.16 1.19 1.20 1.21 1.22 1.22 1.21 1.21 1.21 1.22 1.23 1.25 1.26 1.27 1.28 1.29 1.30 1.31 1.32 1.33 1.34 1.34 1.35 1.35 1.36 1.36 1.37 1.38 1.39 1.39 1.39 1.39 1.38 1.38 1.38 1.45 1.58 1.64 1.51 1.39 1.55 1.81
3.36 2.82 2.44 2.85 2.59 1.88 1.30 1.01 0.95 0.85 0.77 0.82 0.90 0.96 0.99 0.97 0.96 0.96 0.96 1.00 1.04 1.07 1.08 1.05 1.00 1.12 1.31 1.31 1.19 1.11 1.19 1.45 1.66 1.73 1.74 1.67 1.55 1.45 1.37 1.19 1.04 1.05 1.13 1.17 1.20 1.21 1.21 1.21 1.20 1.20 1.20 1.20 1.22 1.24 1.26 1.28 1.29 1.31 1.32 1.33 1.34 1.35 1.36 1.36 1.37 1.38 1.39 1.40 1.41 1.41 1.42 1.42 1.43 1.44 1.44 1.45 1.45 1.48 1.53 1.49 1.40 1.52 1.82 2.22
3.14 2.83 2.67 2.85 2.93 2.30 1.25 0.88 0.88 0.77 0.69 0.78 0.92 0.99 1.03 1.02 1.00 0.99 0.97 1.00 1.05 1.08 1.11 1.05 0.95 1.04 1.27 1.37 1.33 1.20 1.17 1.32 1.54 1.75 1.86 1.79 1.64 1.59 1.58 1.45 1.19 1.07 1.11 1.15 1.16 1.18 1.20 1.20 1.18 1.15 1.14 1.17 1.20 1.23 1.25 1.28 1.30 1.31 1.33 1.34 1.35 1.37 1.38 1.39 1.40 1.40 1.41 1.42 1.43 1.44 1.45 1.46 1.47 1.49 1.50 1.52 1.52 1.52 1.51 1.46 1.53 1.80 2.10 2.36
2.76 2.60 2.46 2.61 2.86 2.50 1.45 0.95 0.90 0.78 0.71 0.80 0.96 1.05 1.09 1.07 1.03 1.03 1.01 1.00 1.05 1.09 1.12 1.06 0.94 1.00 1.20 1.32 1.35 1.29 1.21 1.27 1.40 1.61 1.86 1.96 1.81 1.68 1.70 1.68 1.49 1.28 1.23 1.21 1.17 1.15 1.13 1.15 1.15 1.06 1.00 1.04 1.13 1.21 1.25 1.28 1.30 1.32 1.34 1.35 1.36 1.37 1.39 1.40 1.41 1.42 1.44 1.45 1.46 1.46 1.47 1.49 1.50 1.52 1.55 1.56 1.58 1.59 1.59 1.61 1.77 2.03 2.21 2.28
2.92 2.61 2.40 2.66 2.67 2.22 1.69 1.35 1.11 0.98 0.84 0.89 1.03 1.12 1.17 1.14 1.08 1.08 1.07 1.03 1.05 1.10 1.13 1.07 0.95 1.02 1.18 1.26 1.32 1.34 1.27 1.25 1.27 1.36 1.59 1.84 1.92 1.81 1.75 1.75 1.69 1.58 1.51 1.49 1.43 1.37 1.30 1.30 1.35 1.25 1.07 0.98 1.02 1.13 1.23 1.28 1.31 1.33 1.34 1.35 1.37 1.38 1.40 1.41 1.42 1.44 1.45 1.46 1.47 1.48 1.49 1.51 1.53 1.55 1.58 1.60 1.62 1.64 1.67 1.72 1.83 1.96 2.16 2.36
3.52 2.92 2.54 2.69 2.50 2.13 1.78 1.50 1.33 1.17 1.02 1.03 1.11 1.20 1.25 1.21 1.15 1.16 1.14 1.08 1.07 1.10 1.13 1.07 0.94 1.02 1.20 1.25 1.30 1.36 1.35 1.32 1.31 1.34 1.42 1.58 1.75 1.80 1.77 1.73 1.69 1.66 1.66 1.70 1.74 1.74 1.70 1.67 1.72 1.72 1.58 1.34 1.16 1.15 1.22 1.28 1.31 1.33 1.35 1.36 1.37 1.38 1.40 1.42 1.43 1.44 1.46 1.47 1.48 1.50 1.52 1.53 1.55 1.57 1.60 1.63 1.65 1.68 1.71 1.74 1.77 1.86 2.16 2.64
3.66 3.22 2.70 2.69 2.59 2.29 1.84 1.55 1.46 1.32 1.20 1.16 1.19 1.29 1.34 1.29 1.24 1.25 1.23 1.16 1.13 1.10 1.11 1.10 0.96 0.96 1.16 1.26 1.30 1.38 1.41 1.42 1.42 1.46 1.51 1.56 1.62 1.67 1.68 1.66 1.62 1.59 1.57 1.59 1.63 1.66 1.65 1.62 1.62 1.68 1.71 1.65 1.49 1.32 1.27 1.29 1.32 1.33 1.34 1.36 1.37 1.39 1.40 1.42 1.44 1.45 1.47 1.48 1.50 1.51 1.53 1.55 1.56 1.58 1.61 1.64 1.67 1.71 1.75 1.79 1.85 1.97 2.26 2.75
3.94 3.51 2.89 2.76 2.75 2.46 1.93 1.68 1.63 1.49 1.34 1.26 1.27 1.37 1.44 1.41 1.35 1.37 1.34 1.27 1.22 1.15 1.11 1.11 1.01 0.91 1.04 1.22 1.29 1.35 1.40 1.46 1.47 1.54 1.69 1.73 1.72 1.72 1.66 1.58 1.52 1.51 1.52 1.53 1.53 1.54 1.53 1.51 1.44 1.39 1.42 1.48 1.50 1.41 1.32 1.30 1.32 1.33 1.34 1.35 1.36 1.38 1.40 1.42 1.43 1.45 1.47 1.49 1.50 1.52 1.53 1.55 1.57 1.59 1.62 1.65 1.69 1.73 1.79 1.88 2.01 2.20 2.48 2.89
4.41 3.84 3.05 2.84 2.82 2.59 2.08 1.89 1.87 1.68 1.45 1.34 1.37 1.42 1.51 1.53 1.48 1.52 1.50 1.44 1.34 1.23 1.19 1.16 1.01 0.86 0.97 1.18 1.31 1.34 1.35 1.44 1.44 1.49 1.73 1.91 1.95 1.98 1.90 1.71 1.51 1.42 1.48 1.57 1.62 1.62 1.62 1.61 1.52 1.35 1.26 1.29 1.35 1.38 1.34 1.31 1.31 1.32 1.32 1.33 1.34 1.36 1.39 1.41 1.43 1.46 1.47 1.49 1.51 1.52 1.54 1.55 1.57 1.59 1.62 1.65 1.68 1.74 1.82 1.94 2.11 2.37 2.76 3.18
4.87 4.07 3.21 2.94 2.75 2.64 2.34 2.14 2.13 1.93 1.55 1.43 1.48 1.45 1.56 1.62 1.59 1.70 1.71 1.65 1.50 1.35 1.36 1.30 0.95 0.72 0.94 1.19 1.36 1.40 1.37 1.43 1.42 1.37 1.53 1.77 1.95 2.14 2.24 2.13 1.81 1.51 1.43 1.54 1.67 1.74 1.76 1.75 1.68 1.48 1.28 1.22 1.24 1.30 1.31 1.29 1.27 1.26 1.27 1.29 1.31 1.33 1.37 1.40 1.43 1.45 1.47 1.49 1.51 1.52 1.54 1.56 1.57 1.59 1.61 1.64 1.69 1.74 1.82 1.92 2.06 2.31 2.66 3.01
5.12 4.28 3.32 2.97 2.64 2.58 2.59 2.47 2.36 2.22 1.80 1.58 1.57 1.48 1.58 1.69 1.73 1.90 1.98 1.93 1.71 1.54 1.64 1.43 0.82 0.56 0.91 1.22 1.39 1.47 1.49 1.50 1.48 1.42 1.42 1.49 1.61 1.88 2.20 2.35 2.22 1.89 1.58 1.52 1.66 1.84 1.93 1.90 1.83 1.68 1.47 1.30 1.22 1.26 1.33 1.33 1.30 1.24 1.19 1.19 1.23 1.29 1.34 1.39 1.43 1.45 1.47 1.49 1.51 1.52 1.53 1.55 1.57 1.58 1.60 1.63 1.67 1.72 1.77 1.83 1.92 2.07 2.25 2.48
4.96 4.32 3.39 2.92 2.63 2.51 2.63 2.70 2.59 2.56 2.32 1.84 1.61 1.55 1.59 1.68 1.88 2.12 2.26 2.24 1.97 1.85 1.81 1.34 0.65 0.58 0.93 1.26 1.42 1.53 1.59 1.60 1.59 1.57 1.56 1.52 1.44 1.54 1.87 2.21 2.29 2.12 1.84 1.61 1.61 1.80 2.01 2.09 1.98 1.81 1.67 1.50 1.35 1.33 1.40 1.48 1.49 1.40 1.22 1.06 1.08 1.21 1.32 1.38 1.42 1.45 1.47 1.49 1.50 1.52 1.53 1.54 1.56 1.57 1.59 1.61 1.63 1.66 1.70 1.75 1.81 1.88 1.94 1.98
4.71 4.17 3.41 3.00 2.73 2.48 2.46 2.64 2.71 2.89 2.83 2.13 1.65 1.63 1.64 1.69 1.96 2.34 2.67 2.71 2.38 2.05 1.65 1.09 0.75 0.76 1.04 1.32 1.48 1.59 1.66 1.70 1.69 1.66 1.72 1.73 1.55 1.46 1.65 2.06 2.28 2.17 1.96 1.74 1.62 1.70 1.92 2.15 2.15 1.95 1.76 1.60 1.45 1.38 1.42 1.56 1.67 1.67 1.51 1.14 0.99 1.13 1.29 1.37 1.42 1.45 1.47 1.48 1.50 1.51 1.52 1.54 1.55 1.56 1.57 1.58 1.60 1.61 1.64 1.68 1.72 1.77 1.78 1.76
4.52 4.03 3.51 3.35 3.10 2.64 2.36 2.45 2.71 3.15 3.22 2.50 1.90 1.82 1.82 1.88 2.08 2.46 3.03 3.30 2.64 1.79 1.22 1.10 0.95 0.96 1.19 1.42 1.56 1.67 1.74 1.79 1.79 1.72 1.77 1.85 1.75 1.59 1.56 1.83 2.26 2.33 2.14 1.90 1.70 1.67 1.82 2.06 2.21 2.12 1.85 1.62 1.45 1.32 1.33 1.55 1.78 1.89 1.90 1.59 1.20 1.15 1.27 1.37 1.42 1.45 1.47 1.48 1.49 1.50 1.51 1.52 1.53 1.54 1.55 1.56 1.57 1.58 1.60 1.62 1.63 1.65 1.71 1.77
4.15 3.82 3.52 3.60 3.63 3.23 2.75 2.65 2.99 3.68 3.77 2.93 2.31 2.11 2.02 2.06 2.19 2.52 3.30 3.65 2.74 1.18 1.03 1.17 1.10 1.13 1.34 1.54 1.66 1.76 1.83 1.88 1.90 1.81 1.79 1.87 1.86 1.78 1.65 1.64 1.97 2.37 2.43 2.18 1.87 1.71 1.77 1.98 2.19 2.23 1.99 1.67 1.41 1.22 1.11 1.31 1.69 1.87 1.99 1.90 1.54 1.29 1.29 1.37 1.41 1.44 1.46 1.47 1.48 1.49 1.50 1.51 1.52 1.53 1.53 1.53 1.53 1.54 1.55 1.56 1.56 1.57 1.58 1.62
3.69 3.47 3.25 3.40 3.64 3.54 3.18 2.91 3.08 3.91 4.48 3.92 3.26 3.05 2.97 2.99 2.85 2.96 3.65 3.88 2.98 1.42 1.28 1.30 1.24 1.30 1.49 1.66 1.77 1.88 1.94 2.01 2.02 1.89 1.81 1.87 1.91 1.88 1.81 1.66 1.66 2.09 2.58 2.54 2.14 1.88 1.82 1.95 2.21 2.33 2.22 1.82 1.35 1.15 0.99 0.98 1.33 1.59 1.73 1.80 1.65 1.41 1.33 1.36 1.40 1.43 1.45 1.46 1.47 1.48 1.48 1.49 1.50 1.51 1.51 1.51 1.51 1.50 1.49 1.49 1.49 1.49 1.47 1.45
3.35 3.22 3.02 3.11 3.36 3.28 2.90 2.38 2.11 2.92 4.16 4.34 3.98 3.74 3.67 3.79 3.77 3.76 4.28 4.18 3.15 2.39 2.00 1.68 1.48 1.50 1.62 1.76 1.89 2.00 2.09 2.22 2.21 1.97 1.81 1.87 1.95 1.95 1.91 1.76 1.56 1.72 2.39 2.80 2.55 2.24 2.06 2.06 2.26 2.41 2.48 2.09 1.32 1.15 1.12 1.02 1.18 1.39 1.50 1.59 1.57 1.40 1.34 1.36 1.39 1.42 1.44 1.45 1.45 1.46 1.47 1.47 1.48 1.48 1.48 1.48 1.48 1.47 1.47 1.45 1.44 1.42 1.40 1.37
3.01 3.06 3.04 3.11 3.36 3.15 2.57 1.84 1.32 1.85 2.92 3.48 3.28 2.78 2.71 3.33 3.96 4.49 5.04 4.34 3.28 3.13 2.60 2.04 1.69 1.64 1.72 1.85 1.96 2.10 2.32 2.49 2.42 2.09 1.84 1.89 2.00 2.01 1.96 1.83 1.57 1.46 1.93 2.61 2.81 2.71 2.53 2.40 2.43 2.53 2.64 2.35 1.58 1.29 1.32 1.25 1.25 1.33 1.38 1.46 1.49 1.38 1.34 1.35 1.37 1.40 1.42 1.44 1.44 1.44 1.45 1.46 1.46 1.46 1.46 1.45 1.45 1.44 1.42 1.42 1.40 1.38 1.35 1.31
2.51 2.89 3.14 3.21 3.48 3.31 2.76 2.00 1.47 1.55 2.14 2.63 2.52 2.38 2.54 3.29 3.88 4.96 5.56 4.06 3.39 3.54 3.11 2.40 1.86 1.69 1.72 1.88 1.98 2.13 2.50 2.73 2.63 2.30 1.99 1.96 2.06 2.07 2.02 1.90 1.65 1.38 1.52 2.07 2.53 2.72 2.79 2.76 2.73 2.75 2.72 2.53 2.02 1.58 1.53 1.49 1.38 1.36 1.32 1.35 1.40 1.36 1.33 1.34 1.35 1.36 1.39 1.41 1.42 1.42 1.43 1.43 1.43 1.44 1.44 1.43 1.42 1.41 1.40 1.38 1.36 1.34 1.32 1.29
2.21 2.73 3.16 3.19 3.46 3.55 3.21 2.63 2.08 1.81 1.94 1.91 1.82 2.24 2.71 3.42 4.10 5.10 5.61 4.56 3.87 3.82 3.82 3.02 2.06 1.65 1.67 1.88 2.05 2.24 2.57 2.77 2.76 2.55 2.25 2.13 2.16 2.16 2.08 1.96 1.77 1.46 1.36 1.73 2.13 2.34 2.60 2.82 2.88 2.84 2.70 2.61 2.33 1.88 1.75 1.74 1.59 1.44 1.35 1.32 1.29 1.28 1.30 1.29 1.31 1.33 1.36 1.38 1.40 1.40 1.40 1.41 1.41 1.41 1.41 1.40 1.39 1.38 1.37 1.35 1.33 1.31 1.29 1.27
2.20 2.66 3.10 3.01 3.19 3.45 3.33 3.08 2.76 2.35 2.08 1.80 1.65 2.01 2.82 3.64 4.38 4.83 4.42 4.49 4.42 4.31 4.50 3.62 2.21 1.61 1.74 1.96 2.18 2.46 2.68 2.76 2.80 2.73 2.50 2.37 2.36 2.31 2.16 1.99 1.85 1.58 1.38 1.59 1.97 2.16 2.42 2.76 2.89 2.82 2.66 2.61 2.49 2.15 1.95 1.93 1.86 1.64 1.46 1.38 1.30 1.27 1.27 1.23 1.22 1.26 1.30 1.33 1.36 1.37 1.38 1.39 1.39 1.39 1.39 1.37 1.36 1.35 1.33 1.32 1.30 1.29 1.27 1.25
2.40 2.73 3.00 2.90 2.95 2.98 2.90 3.02 2.99 2.67 2.43 2.13 1.83 2.02 2.83 3.86 4.42 4.08 3.62 3.82 4.36 4.80 4.92 4.07 2.48 1.95 2.05 2.18 2.36 2.64 2.84 2.86 2.87 2.84 2.70 2.62 2.60 2.53 2.32 2.08 1.90 1.70 1.47 1.48 1.85 2.19 2.43 2.69 2.82 2.80 2.72 2.61 2.53 2.42 2.20 2.08 2.03 1.91 1.65 1.47 1.41 1.40 1.38 1.28 1.18 1.16 1.19 1.25 1.31 1.35 1.36 1.36 1.36 1.36 1.36 1.35 1.33 1.32 1.30 1.29 1.27 1.26 1.25 1.23
2.62 2.84 3.06 3.05 2.95 2.84 2.79 2.87 2.91 2.74 2.67 2.41 2.12 2.27 2.81 3.72 4.34 3.78 3.19 3.36 4.03 4.89 4.96 3.77 2.77 2.47 2.47 2.50 2.57 2.81 3.04 3.10 3.08 3.00 2.87 2.79 2.75 2.72 2.61 2.28 1.95 1.78 1.55 1.41 1.70 2.16 2.43 2.58 2.69 2.75 2.80 2.67 2.52 2.55 2.48 2.31 2.18 2.17 1.94 1.58 1.48 1.55 1.61 1.51 1.34 1.18 1.13 1.15 1.22 1.29 1.32 1.34 1.34 1.33 1.32 1.31 1.30 1.28 1.26 1.25 1.24 1.23 1.22 1.21
2.81 2.94 3.18 3.21 2.99 2.88 2.89 2.89 2.84 2.77 2.73 2.54 2.31 2.49 2.97 3.63 4.25 3.86 3.10 3.58 4.56 4.92 4.45 3.76 3.20 2.88 2.82 2.82 2.82 2.99 3.28 3.44 3.42 3.30 3.11 2.92 2.83 2.86 2.90 2.56 2.06 1.83 1.64 1.44 1.55 1.96 2.36 2.50 2.54 2.65 2.77 2.74 2.59 2.56 2.59 2.47 2.33 2.38 2.26 1.85 1.57 1.57 1.70 1.75 1.62 1.37 1.20 1.12 1.14 1.23 1.29 1.30 1.30 1.30 1.29 1.28 1.26 1.25 1.23 1.21 1.20 1.19 1.18 1.18
3.00 3.08 3.23 3.25 3.08 2.97 2.98 2.97 2.90 2.80 2.73 2.60 2.34 2.39 2.94 3.66 4.18 4.03 3.57 4.22 5.05 4.44 4.06 3.99 3.64 3.33 3.18 3.10 3.05 3.22 3.56 3.80 3.80 3.67 3.42 3.14 2.99 3.06 3.12 2.79 2.22 1.90 1.75 1.56 1.48 1.74 2.19 2.42 2.46 2.56 2.67 2.75 2.70 2.64 2.68 2.53 2.43 2.48 2.45 2.24 1.87 1.68 1.75 1.88 1.86 1.61 1.37 1.23 1.18 1.23 1.28 1.25 1.22 1.23 1.25 1.24 1.22 1.19 1.18 1.16 1.15 1.15 1.15 1.15
3.21 3.22 3.26 3.26 3.17 3.10 3.07 3.03 2.99 2.86 2.75 2.64 2.32 2.15 2.47 3.20 3.97 4.00 3.84 4.70 5.21 4.58 4.30 4.26 3.99 3.80 3.71 3.47 3.33 3.57 3.84 4.05 4.18 4.05 3.82 3.54 3.30 3.27 3.23 2.92 2.43 2.06 1.89 1.71 1.56 1.60 1.92 2.21 2.35 2.49 2.61 2.72 2.73 2.67 2.76 2.68 2.56 2.54 2.52 2.46 2.23 1.96 1.89 2.00 2.05 1.85 1.57 1.40 1.32 1.37 1.43 1.33 1.16 1.12 1.17 1.18 1.17 1.14 1.12 1.10 1.09 1.07 1.08 1.09
3.35 3.31 3.28 3.30 3.26 3.21 3.15 3.10 3.07 2.99 2.82 2.68 2.43 2.26 2.40 2.84 3.66 3.90 3.89 4.55 4.92 4.86 4.79 4.61 4.30 4.23 4.37 4.15 3.85 4.06 4.12 4.20 4.49 4.46 4.26 4.04 3.70 3.45 3.30 3.05 2.66 2.27 2.04 1.88 1.70 1.58 1.69 1.91 2.10 2.36 2.58 2.70 2.74 2.68 2.68 2.71 2.70 2.67 2.62 2.56 2.39 2.16 2.03 2.11 2.19 2.07 1.82 1.60 1.51 1.57 1.71 1.64 1.34 1.12 1.07 1.07 1.03 1.01 1.01 1.01 1.01 1.01 1.01 1.03
3.42 3.34 3.28 3.38 3.43 3.34 3.23 3.14 3.16 3.21 3.03 2.84 2.70 2.52 2.54 2.82 3.38 3.69 3.77 4.11 4.35 4.61 4.88 4.84 4.65 4.65 4.94 4.87 4.62 4.71 4.57 4.58 4.72 4.72 4.66 4.62 4.29 3.77 3.49 3.23 2.88 2.45 2.21 2.07 1.84 1.63 1.58 1.65 1.78 2.12 2.49 2.66 2.76 2.81 2.72 2.62 2.65 2.73 2.78 2.73 2.53 2.33 2.20 2.20 2.22 2.19 2.01 1.76 1.67 1.75 1.89 1.98 1.84 1.44 1.22 1.16 1.04 0.93 0.88 0.86 0.85 0.88 0.92 0.95
3.42 3.32 3.25 3.43 3.61 3.56 3.38 3.23 3.28 3.47 3.34 3.14 2.96 2.74 2.71 2.81 3.17 3.46 3.51 3.69 4.08 4.50 4.54 4.65 4.91 5.00 5.30 5.49 5.58 5.52 5.32 5.17 4.80 4.71 5.16 5.48 5.01 4.19 3.70 3.36 2.98 2.56 2.39 2.24 1.94 1.74 1.57 1.50 1.54 1.79 2.26 2.53 2.67 2.88 2.95 2.76 2.62 2.67 2.81 2.88 2.72 2.50 2.41 2.37 2.29 2.26 2.16 1.87 1.74 1.90 2.03 2.09 2.17 2.00 1.71 1.52 1.29 1.04 0.95 0.89 0.76 0.69 0.76 0.85
3.30 3.25 3.25 3.46 3.71 3.75 3.61 3.40 3.43 3.71 3.68 3.46 3.19 3.00 2.98 2.89 3.07 3.26 3.20 3.33 3.95 4.62 4.27 4.00 4.70 5.32 5.52 5.80 6.52 6.57 6.06 5.53 4.53 4.65 6.02 6.45 5.52 4.29 3.77 3.51 3.05 2.71 2.58 2.36 2.09 1.90 1.66 1.49 1.43 1.54 1.95 2.28 2.43 2.70 2.98 3.03 2.86 2.74 2.80 2.91 2.91 2.72 2.54 2.50 2.46 2.36 2.30 2.05 1.77 1.91 2.19 2.23 2.24 2.25 2.10 1.88 1.62 1.31 1.17 1.15 0.95 0.67 0.59 0.70
3.06 3.09 3.26 3.56 3.73 3.84 3.85 3.64 3.62 3.84 3.96 3.72 3.29 3.24 3.38 3.23 3.11 3.10 3.05 3.22 3.87 4.64 4.25 3.45 3.96 5.11 5.56 5.68 7.00 7.68 6.57 5.74 4.44 4.90 7.09 7.06 5.45 4.22 4.01 3.84 3.18 2.81 2.76 2.57 2.27 2.03 1.81 1.58 1.36 1.36 1.68 2.05 2.24 2.41 2.70 3.01 3.10 2.97 2.89 2.92 3.05 3.05 2.75 2.54 2.57 2.47 2.39 2.28 1.94 1.85 2.20 2.47 2.42 2.32 2.29 2.19 1.97 1.63 1.34 1.30 1.23 0.91 0.59 0.54
2.81 2.88 3.22 3.61 3.73 3.82 3.86 3.81 3.80 3.87 4.07 3.97 3.50 3.47 3.77 3.68 3.22 2.84 3.06 3.65 4.28 4.66 4.12 3.24 3.21 4.35 5.31 5.54 7.04 8.22 7.01 6.04 5.04 5.58 7.87 7.25 5.25 4.55 4.52 3.98 2.98 2.82 3.03 2.76 2.37 2.17 1.96 1.67 1.36 1.24 1.42 1.81 2.12 2.27 2.43 2.74 3.06 3.18 3.06 2.92 3.08 3.36 3.16 2.72 2.70 2.63 2.40 2.34 2.17 1.92 2.07 2.53 2.69 2.49 2.40 2.36 2.25 1.98 1.59 1.40 1.36 1.20 0.84 0.54
2.58 2.76 3.24 3.60 3.71 3.75 3.71 3.77 3.87 3.92 4.13 4.12 3.69 3.69 4.11 4.10 3.23 2.35 2.96 4.17 5.04 4.98 3.90 3.07 2.84 3.44 4.60 5.42 7.26 8.58 7.43 6.34 5.74 6.54 8.49 7.67 5.76 5.30 4.76 3.53 2.73 3.08 3.30 2.81 2.45 2.32 2.06 1.72 1.45 1.25 1.23 1.49 1.87 2.19 2.37 2.52 2.83 3.20 3.24 2.92 2.93 3.39 3.50 3.09 2.94 2.92 2.60 2.31 2.20 2.07 2.08 2.50 2.85 2.75 2.58 2.47 2.38 2.25 1.94 1.65 1.46 1.35 1.11 0.73
2.45 2.80 3.34 3.64 3.73 3.70 3.65 3.74 3.85 3.89 4.14 4.32 3.89 3.80 4.37 4.45 3.15 1.83 2.58 4.28 5.68 5.77 3.98 2.81 2.75 3.11 3.74 4.62 6.67 8.69 8.42 6.86 6.11 7.27 9.14 8.43 6.72 5.74 4.50 3.14 2.89 3.28 3.35 2.89 2.61 2.40 2.05 1.76 1.57 1.33 1.13 1.17 1.49 2.01 2.35 2.41 2.60 3.11 3.37 3.05 2.84 3.21 3.54 3.44 3.27 3.28 3.10 2.58 2.20 2.09 2.11 2.43 2.84 2.92 2.82 2.69 2.52 2.40 2.25 1.96 1.67 1.49 1.27 0.95
2.51 2.86 3.34 3.61 3.73 3.68 3.65 3.76 3.88 3.84 4.11 4.72 4.40 3.91 4.47 4.68 3.08 1.41 2.05 3.91 5.77 6.59 4.90 2.70 2.65 3.48 3.57 3.79 5.00 7.49 8.99 8.12 6.84 7.95 9.72 8.96 7.18 5.60 3.82 3.10 2.93 3.01 3.37 3.38 2.86 2.40 1.99 1.74 1.62 1.43 1.16 0.93 1.10 1.75 2.25 2.33 2.44 2.95 3.43 3.30 2.96 3.08 3.42 3.51 3.44 3.50 3.55 3.21 2.60 2.19 2.12 2.37 2.73 2.93 2.98 2.93 2.73 2.55 2.51 2.38 2.03 1.73 1.43 1.13
2.71 2.95 3.27 3.54 3.74 3.68 3.57 3.67 3.84 3.82 4.07 4.93 4.90 4.11 4.56 4.90 3.15 1.10 1.49 3.18 5.20 6.94 6.28 3.44 2.92 4.12 4.13 4.05 4.17 5.36 7.86 9.05 8.69 9.36 10.38 8.99 6.81 5.06 3.57 2.97 2.57 2.80 3.73 3.95 3.01 2.17 1.80 1.65 1.58 1.51 1.28 0.88 0.80 1.44 2.07 2.26 2.31 2.71 3.35 3.50 3.20 3.09 3.40 3.58 3.41 3.50 3.73 3.67 3.34 2.77 2.46 2.56 2.77 2.92 3.11 3.16 2.95 2.68 2.62 2.67 2.55 2.13 1.62 1.32
