windninja/windninja_output/Output_2025-08-24_1400-1450_Google earth_Fire_150m_10min/merlingen_7.5mi_point_08-24-2025_1400_150m_ang.asc
ncols	158
nrows	163
xllcorner	391686.332397
yllcorner	5160024.123721
cellsize	150.000000
NODATA_value	-32768.000000
[rows 48 to 95 of 163, columns 0 to 95 of 158]
20 18 17 17 17 15 11 8 7 7 6 6 5 5 4 4 3 3 3 3 3 3 2 2 1 1 360 359 359 358 357 355 354 352 349 347 347 346 345 346 349 353 1 7 8 5 2 2 7 12 19 26 29 28 24 20 14 6 0 357 356 357 358 358 357 359 3 6 8 8 10 12 16 21 25 26 22 16 10 8 8 8 7 8 8 7 6 6 3 359 359 0 2 4 8 11
21 20 19 19 19 17 13 9 7 7 7 7 6 6 5 5 4 4 4 4 4 3 3 3 2 2 1 0 360 359 358 357 356 354 351 349 347 347 346 347 348 352 357 0 2 2 2 6 11 16 22 27 26 23 19 14 7 360 357 358 359 1 4 3 359 359 2 5 8 10 11 14 17 22 25 23 19 15 12 11 10 8 7 6 5 5 4 2 358 357 1 7 10 11 13 19
24 22 21 21 19 17 15 12 8 7 8 7 7 6 6 6 6 5 5 5 4 4 3 3 3 3 2 2 1 0 359 358 357 356 354 350 348 348 348 348 350 352 353 354 357 360 4 11 18 24 26 25 20 16 12 7 1 358 358 1 4 7 10 6 0 360 3 6 8 11 13 16 20 22 22 19 15 13 13 12 10 9 8 6 4 2 359 357 356 359 4 11 16 19 22 24
28 25 22 20 18 17 17 15 11 7 8 8 8 7 7 7 7 6 6 6 5 5 5 4 4 4 3 3 2 1 1 360 359 357 355 353 349 348 348 350 351 351 350 351 354 359 6 16 26 28 24 19 15 11 7 2 358 1 5 8 11 13 13 6 1 1 4 7 9 12 15 18 20 20 18 15 13 12 12 11 11 12 10 7 2 359 357 356 359 2 7 14 21 26 26 20
33 29 22 20 18 17 18 18 14 9 8 9 9 9 8 8 8 7 7 6 6 6 6 5 5 5 5 4 3 3 2 1 0 359 357 355 353 350 349 349 351 351 349 348 352 360 7 16 22 18 12 10 11 9 3 359 359 6 12 15 16 14 12 6 1 1 4 8 11 13 15 16 17 17 17 15 13 11 9 10 13 15 14 9 3 359 358 359 1 6 11 16 21 23 18 2
35 30 21 18 18 17 18 19 18 14 11 10 10 10 9 9 9 8 8 8 7 7 7 6 6 6 5 5 4 4 3 3 2 1 359 358 356 353 351 349 350 351 349 347 351 0 7 10 11 8 7 7 8 8 4 0 3 10 17 19 17 14 10 6 2 2 4 9 12 13 13 14 15 16 17 15 14 12 10 9 12 14 14 12 8 3 360 0 4 10 14 15 15 12 358 339
33 30 23 17 18 18 17 20 22 19 14 11 11 11 10 10 10 9 9 9 9 8 7 7 7 7 6 6 6 5 5 4 3 2 1 360 358 356 354 351 349 349 350 349 350 357 3 3 2 3 6 9 8 7 7 4 6 13 17 18 16 12 9 5 2 2 4 8 11 11 11 14 17 18 17 16 15 13 10 8 8 9 10 11 12 10 6 5 8 12 13 11 6 0 338 325
30 30 27 21 21 22 20 21 24 24 19 13 11 11 11 11 11 10 10 10 10 9 9 8 8 8 8 7 7 6 6 5 4 4 3 2 1 359 357 354 350 349 351 352 351 351 355 355 356 360 5 8 7 8 8 7 9 14 16 15 12 9 8 7 4 3 5 7 9 12 16 20 20 17 16 15 14 12 9 7 5 5 7 10 11 13 13 13 14 14 11 5 357 349 330 322
31 31 31 28 27 26 24 22 24 26 22 17 14 12 11 12 12 11 11 11 11 11 10 9 9 9 9 8 8 7 7 6 6 5 4 3 2 1 360 357 355 353 353 353 351 349 347 348 351 356 2 6 7 8 9 10 11 14 14 11 7 6 9 10 8 5 6 7 11 17 22 21 17 15 14 14 12 10 7 6 4 4 6 9 10 13 16 18 19 18 12 360 348 340 331 329
33 32 31 30 28 27 25 22 22 24 23 20 18 15 12 12 12 12 12 12 12 12 11 11 10 10 10 9 9 9 8 8 7 7 6 5 4 3 2 0 359 357 355 354 352 348 344 343 345 351 358 5 8 9 11 10 10 11 10 6 5 6 10 14 12 8 6 9 14 20 20 16 14 13 12 11 9 7 5 5 6 6 8 9 12 16 20 22 20 15 5 349 339 336 331 333
35 34 32 31 30 29 27 23 20 21 21 21 22 21 16 13 13 13 13 13 12 13 12 12 11 11 11 11 10 10 9 9 8 8 7 7 6 5 4 3 1 360 358 356 354 350 345 341 339 343 351 2 7 8 10 10 8 8 6 4 5 8 12 16 15 11 8 9 15 16 14 12 13 12 10 8 6 4 4 6 8 10 11 13 17 21 23 21 15 4 349 339 336 333 330 338
36 35 34 33 33 31 30 27 23 22 22 22 24 25 21 16 13 13 13 13 14 14 13 13 12 12 12 12 11 11 11 10 10 9 9 8 7 7 6 5 4 2 1 359 357 354 350 345 340 338 343 354 2 6 9 10 8 6 4 3 5 9 14 18 18 14 9 10 13 13 12 11 11 9 7 6 4 3 5 8 10 12 15 16 19 22 21 15 4 348 336 332 332 331 334 352
37 37 36 35 35 34 33 31 28 26 23 21 22 24 24 21 17 14 13 13 14 14 14 14 14 14 13 13 13 12 12 11 11 11 10 10 9 8 7 6 5 4 3 1 360 357 355 351 345 339 338 345 356 3 8 10 8 5 3 3 5 9 15 19 19 16 12 11 13 13 11 10 8 6 5 4 4 5 8 11 13 15 17 19 20 19 16 6 351 338 332 331 331 335 347 5
39 39 38 37 36 35 34 33 31 28 24 19 18 21 24 25 22 18 15 14 14 15 15 15 15 15 15 14 14 13 13 13 12 12 11 11 10 10 9 8 7 6 5 4 2 0 358 354 350 344 338 340 348 358 6 10 9 5 3 4 6 10 14 18 19 17 15 13 12 11 9 8 5 4 3 3 5 9 12 13 15 17 20 22 20 15 5 354 342 333 332 334 338 349 3 17
42 42 41 39 37 36 35 33 32 30 26 21 19 20 23 25 25 23 19 16 15 15 16 17 17 17 16 15 15 14 14 14 14 13 13 12 12 11 11 10 9 8 7 6 4 2 0 358 354 349 343 342 345 352 3 8 9 6 4 5 7 8 11 14 17 18 17 14 10 8 7 6 4 2 2 4 8 11 13 15 17 20 23 24 20 10 355 342 335 332 334 339 350 4 16 30
48 47 45 42 39 37 36 35 33 32 30 25 21 20 20 24 26 26 24 20 17 16 17 17 17 18 17 17 16 16 16 15 15 15 14 14 13 13 12 11 11 10 9 7 6 4 3 0 358 354 349 344 345 349 356 5 9 7 4 4 4 5 9 16 21 22 18 12 8 6 6 5 3 1 2 6 9 11 13 15 18 21 23 21 15 2 346 336 331 332 341 351 4 19 31 44
52 50 47 44 42 40 39 38 37 35 33 29 23 20 20 21 24 26 26 24 22 20 18 18 18 19 19 18 18 17 17 16 16 16 15 15 15 14 13 13 12 11 10 9 8 6 5 3 1 358 353 347 345 348 350 359 8 8 4 1 1 6 17 27 30 23 13 6 4 5 5 4 2 1 2 6 8 9 11 15 19 21 20 16 7 351 340 334 332 338 352 4 18 34 46 59
53 50 46 44 42 41 41 41 41 39 36 33 26 21 21 21 22 25 27 27 26 23 21 20 18 19 20 20 19 18 18 18 17 17 17 16 16 15 15 14 14 13 12 11 10 8 7 5 3 1 357 352 348 347 347 351 2 7 5 1 2 13 25 26 20 12 4 1 2 2 3 3 2 2 3 3 5 7 11 16 20 20 16 11 360 345 337 335 340 353 5 18 35 48 61 74
47 46 44 44 43 41 38 38 39 38 36 34 30 24 22 22 23 24 26 28 27 25 24 23 20 19 21 21 21 20 20 19 19 19 18 18 17 17 16 16 15 14 13 13 12 10 9 8 6 4 1 357 353 350 346 344 351 2 6 7 7 11 14 14 11 7 3 1 1 1 1 2 2 2 2 1 3 6 11 16 18 14 8 0 352 344 340 342 355 7 18 33 47 61 74 82
34 37 39 40 42 39 34 35 38 39 37 34 31 27 23 23 25 24 24 26 27 26 26 26 23 23 23 24 23 23 22 21 20 20 19 19 19 18 17 17 16 16 15 14 13 12 11 10 8 7 5 2 359 355 351 345 343 352 6 10 7 3 3 6 8 7 6 4 2 0 360 1 1 1 0 0 2 6 10 11 8 4 356 351 348 344 344 355 8 19 31 44 58 69 74 78
15 27 33 34 34 33 28 30 37 40 37 33 31 29 26 24 26 26 24 26 28 28 28 27 26 26 27 29 27 25 23 22 22 21 21 20 20 19 19 18 18 17 17 16 15 14 13 12 11 9 8 6 4 1 358 354 350 351 360 6 1 356 356 359 2 6 7 5 2 0 0 1 360 359 359 0 1 4 5 3 359 355 350 349 348 344 351 6 18 31 43 56 67 70 68 67
9 22 34 35 35 34 28 27 33 35 30 27 26 26 25 24 25 28 27 27 29 29 29 29 27 28 32 33 30 27 25 23 23 22 22 22 21 21 20 20 19 19 18 17 17 16 15 14 13 12 10 9 7 5 4 2 360 358 359 1 357 351 349 351 355 1 3 3 2 1 2 2 359 357 358 0 1 2 0 358 355 352 353 358 351 346 358 15 29 41 52 60 63 62 60 56
28 37 51 56 55 49 40 33 36 37 32 28 28 27 26 26 27 29 31 30 29 30 31 31 29 30 34 35 32 29 27 25 23 23 23 23 22 22 22 21 21 20 19 19 18 18 17 16 15 14 13 11 10 9 7 6 5 4 3 2 358 353 347 345 347 350 354 356 358 1 3 1 358 357 359 2 2 360 357 354 355 358 5 2 349 350 7 25 39 49 55 56 54 50 45 41
44 48 60 70 73 70 63 55 56 53 47 43 42 39 36 33 32 32 32 31 31 32 33 33 28 25 31 34 33 30 29 27 25 24 24 24 24 23 23 22 22 22 21 20 20 19 18 18 17 16 15 14 12 11 10 9 8 7 6 4 2 358 355 351 347 344 343 345 350 353 356 357 357 359 1 3 1 358 356 357 1 7 8 357 349 358 17 33 47 54 54 51 46 38 31 21
53 56 62 67 70 72 71 72 73 69 63 61 59 54 49 43 39 37 35 33 32 32 33 31 25 21 28 34 35 33 31 30 29 27 25 25 24 24 24 24 23 23 22 22 21 21 20 19 18 18 17 16 15 14 12 11 10 9 8 7 5 2 0 358 354 350 347 343 341 340 342 347 355 359 1 1 360 358 358 3 8 9 1 352 353 11 27 42 52 54 49 46 44 35 19 353
60 62 66 69 71 72 72 73 75 72 66 63 59 56 53 49 45 44 41 37 35 33 32 31 26 23 28 34 36 36 33 32 32 30 26 25 25 25 25 25 25 24 24 24 23 22 22 21 20 19 18 17 16 15 14 13 12 11 10 9 7 5 3 1 359 357 354 350 345 339 334 336 345 354 357 357 358 359 1 7 9 3 353 350 3 23 38 47 51 47 40 37 38 28 354 337
66 69 73 75 76 77 76 76 75 71 67 63 59 55 52 49 47 46 44 41 39 37 36 34 30 26 28 33 37 38 36 34 34 32 28 26 27 27 26 26 26 26 26 25 25 24 23 23 22 21 20 19 18 17 16 15 14 13 11 10 9 7 5 4 2 0 358 354 351 347 343 340 341 345 350 352 354 359 3 5 4 355 349 355 18 37 46 47 45 41 32 25 18 353 340 332
71 73 78 82 85 85 84 82 77 73 70 66 62 58 54 51 48 46 44 43 42 42 41 39 35 30 30 34 37 39 38 36 36 36 33 31 29 29 28 27 27 27 27 27 26 26 25 24 24 23 22 21 20 19 18 17 15 14 13 12 10 9 7 6 4 2 360 357 355 353 351 348 345 343 343 346 350 357 3 1 354 349 351 11 34 44 46 43 41 39 29 14 356 337 332 330
73 75 80 87 93 95 94 90 85 79 74 69 64 61 57 53 50 48 46 44 43 43 42 41 38 34 35 37 37 38 39 40 40 41 40 37 34 32 30 29 28 28 29 29 28 28 27 26 25 25 24 22 21 20 19 18 17 16 14 13 12 11 9 7 6 4 2 360 358 356 354 352 349 345 342 341 345 352 357 354 347 348 6 34 50 52 49 48 45 39 23 1 340 328 327 330
75 77 81 88 97 102 103 100 94 86 78 71 65 62 59 56 53 51 49 47 46 44 43 41 39 37 39 41 40 40 42 43 43 43 42 39 36 34 33 31 29 30 30 30 30 30 29 28 27 26 25 24 23 22 21 19 18 17 16 15 13 12 10 9 7 5 4 2 0 358 356 354 351 349 345 341 341 345 349 348 347 359 30 50 55 55 54 48 39 19 360 346 335 328 329 333
80 79 77 84 99 108 111 109 101 92 80 71 66 63 60 58 55 53 50 49 47 46 45 43 38 38 42 43 42 40 41 43 42 41 41 39 37 36 36 34 31 31 32 32 32 32 31 31 30 29 27 26 24 23 22 21 19 18 17 16 15 13 12 10 9 7 5 3 2 360 358 356 354 351 348 344 341 341 343 345 353 16 36 43 39 37 36 26 8 356 346 340 334 330 333 337
78 75 69 72 88 104 112 110 102 93 79 69 64 62 61 58 56 54 52 51 50 49 48 45 39 38 42 43 41 39 39 41 42 42 43 41 38 37 38 37 33 33 34 35 35 35 34 34 33 31 29 27 26 24 23 22 21 20 18 17 16 14 13 11 10 8 7 5 3 1 359 358 356 354 351 348 344 341 340 344 1 20 26 25 25 25 20 7 353 344 339 336 333 332 335 337
70 67 61 63 69 75 83 80 80 77 67 62 62 62 61 59 58 56 54 53 52 51 51 47 40 39 44 44 42 39 38 40 41 41 42 42 39 38 39 39 36 35 38 39 39 39 39 38 37 35 32 29 27 25 24 23 22 21 20 18 17 16 14 13 11 9 8 6 4 2 1 359 357 355 353 350 347 344 341 346 1 12 14 16 19 18 6 352 344 340 337 334 332 332 334 334
69 68 66 67 71 70 54 41 48 51 50 55 59 61 63 62 60 59 57 56 55 54 52 48 42 42 47 47 45 42 40 40 41 41 42 42 40 39 40 40 37 35 39 43 45 47 46 46 46 44 36 30 27 26 25 24 23 22 21 19 18 17 15 14 12 11 9 7 6 4 2 0 358 356 354 352 349 347 345 347 356 4 11 15 16 9 352 343 340 339 337 335 333 333 334 333
79 78 75 76 77 68 54 45 43 45 45 52 59 62 63 63 62 62 61 60 58 57 55 51 44 45 49 49 47 45 44 45 46 47 47 46 43 42 41 41 38 35 36 39 40 42 41 40 41 40 35 30 27 26 25 25 24 23 22 21 19 18 16 15 13 12 10 8 7 5 3 1 359 357 355 353 351 349 347 347 351 359 9 15 12 356 344 339 338 338 337 337 336 336 336 334
76 73 70 72 70 64 58 52 50 50 51 55 61 64 66 65 65 66 66 64 63 61 59 55 48 47 49 48 48 48 48 48 49 51 52 52 50 47 45 43 40 37 35 34 33 33 31 30 31 31 30 27 25 24 25 26 26 25 24 22 21 19 18 16 14 13 11 9 8 6 4 2 0 358 356 354 352 350 348 347 349 356 6 9 0 346 338 336 335 334 335 336 336 337 336 335
71 68 67 69 66 64 61 58 59 58 58 60 62 64 66 67 67 68 69 68 68 66 63 59 53 49 50 50 49 49 49 48 48 49 52 55 56 54 51 47 44 40 38 37 37 37 36 35 36 35 32 30 27 26 26 27 27 26 25 24 22 20 19 17 15 14 12 11 9 7 5 3 1 359 357 355 353 351 349 348 349 354 360 360 349 340 336 333 332 331 331 332 334 335 335 334
72 71 71 72 71 68 64 62 64 65 64 62 63 64 64 65 66 69 70 72 73 73 70 66 60 55 54 53 53 52 50 49 47 47 49 52 54 55 56 53 48 45 43 44 45 46 47 48 48 45 41 38 35 32 30 30 30 28 27 25 23 21 20 18 16 15 13 12 10 8 6 4 2 360 357 355 354 352 349 348 348 351 355 353 342 337 336 335 334 332 331 332 333 334 335 335
75 75 74 75 74 70 65 63 66 67 65 62 63 63 64 64 65 68 71 75 77 78 78 78 70 56 53 55 55 54 52 51 49 45 46 47 47 49 52 54 53 49 46 46 47 48 50 52 53 51 48 45 41 38 35 33 32 31 29 27 25 23 21 19 17 16 14 13 11 9 7 5 3 0 358 356 354 351 349 347 345 346 348 346 338 334 334 334 334 333 332 332 333 334 337 338
78 78 77 77 73 67 63 61 63 65 64 63 64 63 63 63 63 65 69 73 75 76 78 81 69 46 46 51 53 54 53 54 53 50 50 48 45 46 47 49 50 49 48 47 48 49 52 53 54 53 51 48 44 42 40 39 37 35 32 29 26 24 22 20 18 17 15 14 12 10 8 6 4 1 359 356 354 351 348 345 341 339 338 337 334 334 333 331 331 331 331 330 329 330 333 335
80 80 77 73 66 60 57 57 60 63 63 64 63 60 59 57 57 61 65 68 69 67 70 69 49 30 41 49 52 52 53 55 56 57 58 58 53 50 49 49 49 48 47 47 47 49 51 53 53 51 49 48 45 44 43 42 41 39 36 31 27 24 22 21 19 18 16 15 13 11 9 7 5 2 360 357 354 351 347 344 338 333 329 326 325 329 332 331 331 329 327 325 322 318 313 313
80 78 73 69 64 59 57 57 56 58 62 63 60 57 56 53 54 58 63 66 66 65 66 58 31 23 38 48 52 53 54 55 56 57 59 63 62 59 57 56 55 52 50 48 49 50 51 53 53 51 49 46 42 40 39 39 41 43 43 35 26 23 22 21 20 19 18 16 14 12 10 8 6 3 0 357 354 351 348 343 338 331 325 319 314 315 322 326 329 326 321 318 313 307 302 301
78 75 69 67 67 64 60 56 52 53 60 60 54 52 52 51 51 54 60 68 72 70 62 45 25 22 38 48 52 54 56 57 58 58 59 61 62 62 61 59 59 58 55 53 53 54 54 54 54 53 51 47 42 38 36 38 40 43 43 33 21 20 22 22 22 21 19 17 16 13 11 9 7 4 1 358 355 352 348 343 338 332 327 320 314 313 315 318 320 317 312 308 308 306 306 306
74 70 61 59 59 59 55 50 46 51 57 55 46 45 44 43 45 49 57 70 76 68 50 36 24 26 40 49 53 56 58 60 61 61 61 61 61 61 61 59 58 57 58 58 57 57 57 58 57 57 56 53 48 41 35 35 38 38 37 31 20 18 22 23 23 22 21 19 17 15 13 10 8 5 2 359 356 353 349 344 339 333 328 324 321 319 317 316 314 308 300 296 296 293 291 293
70 64 54 50 49 47 40 32 32 41 50 48 42 41 42 43 43 45 53 62 65 47 40 35 28 32 44 52 56 59 61 63 64 64 64 63 62 62 63 62 59 57 58 60 60 60 61 62 63 64 63 61 56 47 35 32 36 37 37 34 26 21 23 25 25 24 22 20 18 16 14 12 9 7 4 1 358 354 350 346 341 335 329 323 319 317 315 312 306 297 282 276 277 275 274 278
69 63 54 50 48 45 37 27 24 34 41 38 30 28 29 34 35 38 53 60 53 31 31 33 32 39 48 54 58 61 63 67 69 69 67 66 65 65 65 64 60 57 57 60 61 62 64 64 65 66 68 69 61 51 41 39 45 48 46 42 35 27 26 27 27 26 24 22 20 18 16 13 11 8 5 2 359 356 352 347 343 337 331 324 316 310 307 302 293 281 274 275 277 277 278 280
66 62 56 55 55 53 46 34 25 34 41 37 29 25 25 33 38 44 57 59 45 31 30 34 37 45 53 57 59 62 65 70 74 73 71 69 69 68 68 66 61 56 56 57 56 58 60 62 64 64 65 66 57 49 48 51 59 59 54 48 42 34 30 30 29 28 26 24 22 20 18 15 13 10 7 4 1 357 354 350 345 340 335 328 321 312 306 298 291 287 288 290 291 291 290 290
63 61 59 60 62 60 54 45 38 47 52 49 44 43 44 55 56 64 65 56 43 40 40 44 48 54 57 59 60 60 64 70 73 73 72 72 72 72 71 69 65 59 57 55 52 52 53 56 59 60 61 59 49 46 51 54 57 58 54 50 46 38 34 33 32 30 28 26 24 22 19 17 14 12 9 6 3 360 356 352 348 343 338 333 328 322 315 309 305 304 303 303 303 302 301 300
