windninja/windninja_output/Output_2025-08-24_1400-1450_Google earth_Fire_150m_10min/merlingen_7.5mi_point_08-24-2025_1430_150m_ang.asc
ncols	158
nrows	163
xllcorner	391686.332397
yllcorner	5160024.123721
cellsize	150.000000
NODATA_value	-32768.000000
[rows 48 to 95 of 163, columns 0 to 95 of 158]
339 338 338 339 336 331 329 330 330 330 329 329 329 328 328 327 327 327 327 327 327 327 327 327 327 327 327 328 327 327 327 327 327 326 326 326 325 324 324 325 325 326 330 340 344 340 336 336 340 348 358 7 9 7 6 1 353 347 343 343 343 342 340 339 338 341 346 352 355 357 358 0 4 11 18 21 18 10 3 358 356 356 355 357 359 358 357 357 354 350 348 349 350 353 357 2
340 340 341 342 338 332 330 331 331 331 331 330 330 330 329 328 328 328 328 328 328 328 328 328 328 328 329 329 329 329 329 329 328 328 328 328 326 326 326 325 325 325 329 336 337 335 334 338 345 354 4 9 6 4 1 355 348 342 341 344 345 344 343 341 339 341 346 351 355 358 359 2 7 13 18 18 14 9 5 2 360 358 357 356 356 356 356 354 350 348 351 355 358 359 2 10
341 342 345 346 339 334 333 332 333 332 332 332 332 331 331 330 330 330 330 330 330 329 330 330 330 330 330 330 330 330 330 330 329 329 329 328 327 327 327 327 326 327 329 333 333 331 333 341 351 2 7 4 359 358 355 350 343 341 342 346 348 348 346 341 339 342 347 352 356 358 1 4 10 14 15 12 9 7 5 3 1 359 358 357 356 354 352 349 348 350 354 360 4 8 12 16
343 345 348 346 339 337 337 335 334 334 334 334 333 333 332 332 331 331 331 331 331 331 331 331 331 331 331 331 331 331 331 331 331 330 330 329 327 326 327 328 328 327 328 330 330 330 335 347 1 7 3 357 354 352 349 343 340 342 348 352 353 353 347 340 340 344 349 354 357 360 3 6 10 12 10 8 6 5 4 3 2 2 0 357 354 351 349 347 349 352 356 3 10 16 17 11
348 348 349 345 338 338 340 338 336 337 337 335 335 334 333 333 332 333 332 332 332 332 332 332 332 332 332 332 332 332 332 332 332 332 331 330 329 328 327 328 329 327 327 329 330 331 338 353 2 360 355 353 353 351 344 338 339 346 354 358 358 354 346 340 341 346 351 356 360 2 4 6 8 9 8 7 5 3 1 1 4 6 4 358 353 349 348 349 351 355 0 5 11 13 9 354
353 351 349 345 340 340 342 340 338 339 338 337 336 336 335 334 334 334 334 333 333 333 333 333 333 333 333 333 333 333 333 333 333 333 332 332 331 330 329 329 329 328 328 328 330 334 342 351 354 352 351 351 351 349 343 338 342 352 359 1 359 353 345 341 344 349 353 359 2 2 3 5 7 9 8 7 6 4 360 359 3 5 5 2 358 352 349 351 354 360 3 5 5 3 349 334
355 352 349 346 342 343 345 344 341 341 339 338 337 337 336 335 335 335 335 335 335 334 334 334 335 335 335 335 335 335 335 335 334 334 334 333 333 332 331 330 329 327 327 328 330 333 341 346 345 346 350 351 349 347 343 341 347 357 2 1 358 352 346 343 347 351 356 360 3 3 3 7 10 10 8 8 7 5 1 359 360 1 2 3 4 2 357 355 358 3 3 1 357 352 331 321
354 353 350 347 343 343 345 345 344 343 341 339 338 337 337 336 336 336 336 336 336 336 336 336 336 336 336 336 336 336 336 336 336 336 335 335 334 334 333 331 328 326 327 328 329 331 336 339 340 343 349 350 349 347 343 345 353 0 1 359 355 351 348 347 349 354 357 360 2 4 8 13 12 9 7 7 7 4 1 359 357 357 359 2 4 6 6 6 6 5 2 355 349 341 324 318
355 354 353 352 347 343 344 345 345 344 344 342 339 338 338 338 337 337 337 337 337 337 337 337 337 337 337 337 337 337 337 337 337 337 337 337 336 336 335 333 331 329 329 331 331 331 332 334 336 341 347 348 348 346 344 348 357 1 359 355 351 349 350 352 354 355 358 360 3 9 15 14 9 7 6 7 5 2 359 358 357 356 358 1 3 6 10 13 14 11 2 350 342 335 327 324
357 356 355 356 354 350 347 345 344 344 346 347 344 340 339 338 338 339 339 338 338 339 339 339 339 339 339 339 339 339 339 339 339 339 338 338 338 337 337 336 335 334 333 332 332 331 329 329 331 337 343 345 347 345 344 350 357 358 355 352 349 349 352 356 358 358 359 1 7 13 13 9 6 6 5 4 2 360 358 359 359 359 0 2 4 8 13 16 15 10 358 344 336 333 327 328
360 359 357 357 357 355 353 349 345 343 346 351 350 345 341 339 339 339 340 340 340 340 340 340 340 340 340 340 340 340 340 340 340 340 340 340 340 339 339 338 337 336 335 334 333 331 329 327 327 331 338 343 345 344 345 351 355 354 351 349 349 351 354 359 2 2 1 3 8 10 6 5 5 4 3 2 359 357 358 360 2 3 4 6 10 14 16 15 9 358 344 335 333 330 326 331
2 2 1 360 359 357 355 352 347 344 345 350 352 350 346 342 340 340 340 341 341 341 341 341 342 342 342 342 342 342 342 342 342 342 342 341 341 341 341 340 339 339 338 337 336 334 332 329 327 328 333 339 341 342 346 352 354 350 347 347 348 352 357 2 5 4 2 4 8 7 4 4 3 2 1 360 357 356 359 2 4 6 8 10 13 15 15 9 358 343 332 329 329 327 327 343
5 5 4 3 2 359 357 354 350 347 347 349 351 351 351 349 344 341 340 341 342 343 343 343 343 343 343 343 343 343 343 343 343 343 343 343 343 343 342 342 342 341 340 339 338 337 336 334 331 329 330 333 336 339 345 352 352 347 345 345 348 352 358 3 6 6 4 6 7 5 3 2 0 359 359 358 357 358 2 5 7 9 11 13 14 14 10 360 346 333 328 327 327 329 338 356
9 9 8 6 5 2 359 355 353 351 350 349 349 350 354 354 351 346 342 342 342 343 344 345 345 345 344 344 344 344 345 345 345 345 345 345 345 345 344 344 344 343 342 342 341 340 339 337 335 332 330 329 330 334 343 350 349 345 343 345 348 352 357 2 6 7 8 8 6 3 2 0 358 357 357 356 358 3 6 8 9 11 14 16 14 9 359 348 337 329 328 330 332 341 355 10
15 14 12 9 7 4 1 358 356 354 352 350 348 349 353 355 356 353 348 345 343 344 345 346 347 346 346 346 346 346 346 346 346 346 346 346 346 346 346 346 345 345 344 344 343 342 341 339 338 335 332 331 329 331 341 348 347 344 344 345 348 351 354 360 5 8 11 9 3 0 360 359 357 356 356 357 1 5 7 10 12 14 18 18 14 4 348 337 331 328 330 333 342 356 9 25
23 21 16 12 7 4 2 1 359 358 355 352 350 350 351 354 357 357 355 351 347 346 346 347 348 348 348 347 347 348 348 348 348 348 348 348 348 348 348 348 347 347 347 346 345 344 343 342 340 338 335 333 331 332 340 346 347 345 344 346 348 350 355 1 7 11 11 5 0 359 359 358 356 355 356 360 3 6 8 11 14 17 18 16 10 356 340 332 327 327 335 343 355 11 26 41
32 28 20 14 9 5 4 3 2 1 359 355 352 352 351 352 355 359 360 357 353 351 348 348 349 349 349 349 349 349 349 349 350 350 350 350 350 350 350 349 349 349 348 348 347 346 345 344 343 341 338 334 332 333 337 343 347 347 345 344 346 352 2 12 14 10 3 357 357 358 358 357 355 355 357 1 3 4 7 11 15 17 15 11 2 345 335 330 327 332 345 355 11 29 44 60
35 30 22 16 11 9 7 6 5 4 1 357 354 353 353 351 352 357 1 1 360 357 353 350 350 350 351 351 351 351 351 351 351 351 351 352 352 351 351 351 351 351 350 350 349 348 348 347 345 343 341 337 334 332 334 338 343 347 347 345 347 360 13 13 7 1 355 353 355 356 356 356 355 356 358 359 0 3 7 13 16 16 12 6 354 339 332 330 334 346 357 12 30 47 63 78
32 29 24 19 15 11 9 9 8 6 2 360 359 355 353 354 353 355 359 2 3 2 360 356 353 351 352 353 353 353 353 353 353 353 353 353 353 353 353 353 353 353 352 352 351 351 350 349 348 346 344 341 337 334 332 332 335 342 347 348 353 1 3 2 1 358 355 354 354 354 355 355 355 356 357 357 358 3 8 13 14 11 4 356 348 339 334 336 348 0 12 29 45 62 77 86
20 21 22 21 18 12 9 11 12 9 4 3 3 360 356 355 356 356 356 359 3 5 5 2 359 356 355 355 355 355 355 355 355 355 355 355 355 355 355 355 355 355 354 354 353 353 352 351 350 349 347 345 342 339 335 331 328 332 341 350 353 353 353 355 357 358 358 357 355 353 353 354 354 355 356 356 358 2 7 8 5 0 353 347 343 338 337 348 1 14 28 43 60 72 78 81
0 10 17 18 17 13 9 13 16 13 8 6 5 4 1 359 358 358 356 358 2 4 6 6 5 4 3 0 357 355 355 356 356 356 357 357 357 357 357 357 357 357 356 356 356 355 354 354 353 351 350 349 347 344 341 337 332 330 336 344 346 345 345 347 352 356 359 358 356 354 354 354 353 353 354 356 358 1 2 0 356 351 345 343 341 335 340 359 13 28 42 58 70 73 71 69
349 358 12 16 17 17 14 14 16 14 9 8 7 7 6 4 3 2 0 0 2 3 4 6 8 11 12 8 2 358 356 356 357 357 358 358 358 358 359 359 359 358 358 358 358 357 357 356 355 354 353 352 350 349 347 344 342 340 339 341 341 338 337 339 343 350 355 355 355 355 356 355 352 352 354 356 358 359 357 354 351 347 347 350 341 335 348 8 25 40 52 62 66 63 60 55
2 5 14 21 26 28 23 17 16 15 13 12 13 12 11 10 9 9 7 5 4 4 5 6 8 13 16 13 8 3 0 358 357 358 359 360 0 0 0 0 0 0 0 360 360 359 359 358 357 357 356 355 353 352 351 350 348 347 346 345 343 339 334 331 333 339 344 347 350 354 357 355 352 352 355 358 358 356 354 351 350 351 357 353 339 339 359 20 37 49 56 58 55 50 44 39
21 23 28 37 45 46 38 28 24 25 24 24 24 22 19 16 15 15 13 11 8 8 7 8 7 8 13 15 13 10 7 3 0 359 360 1 1 2 2 2 2 2 2 2 2 1 1 0 360 359 358 357 356 355 354 353 352 352 351 349 347 345 341 338 334 332 332 335 340 346 350 350 351 354 357 359 357 355 353 353 355 0 1 348 340 349 12 31 47 55 55 51 45 37 29 19
35 36 38 41 46 48 45 40 40 42 42 41 38 33 28 23 19 18 17 15 13 12 10 10 6 4 9 16 17 15 12 10 7 3 1 2 2 3 4 4 4 4 4 4 4 4 3 3 2 1 1 360 359 358 357 357 356 355 354 353 351 350 348 346 343 339 336 333 332 333 336 340 348 354 356 356 356 354 355 360 3 3 355 344 344 4 24 41 53 54 48 45 43 34 16 350
46 46 48 49 50 50 48 46 47 48 45 42 37 33 29 25 22 21 19 17 16 14 13 12 9 6 8 15 19 19 17 15 14 10 5 3 4 5 5 6 6 6 6 6 6 6 5 5 4 4 3 2 2 1 0 359 358 358 357 356 354 353 352 350 348 347 345 341 337 332 329 329 338 348 352 352 353 355 358 4 5 358 347 343 355 19 37 47 51 46 39 36 36 26 351 335
55 57 59 59 59 58 56 54 52 49 45 40 36 32 28 25 24 22 20 18 17 17 17 16 13 9 9 14 19 22 21 19 17 15 11 8 7 7 7 7 8 8 8 8 8 8 8 7 7 6 5 5 4 3 2 2 1 0 359 358 357 356 355 353 352 351 349 347 344 340 337 334 336 341 346 348 350 355 0 3 0 351 343 348 12 35 46 47 44 39 30 23 16 351 338 330
63 65 68 71 72 71 68 63 57 52 47 43 39 34 30 27 25 24 21 20 20 20 21 20 16 12 12 15 19 23 23 21 20 20 18 14 12 10 9 9 10 10 11 11 10 10 10 9 9 8 8 7 6 5 5 4 3 2 1 0 359 358 357 356 355 354 352 350 348 346 344 343 341 339 340 343 347 354 360 358 351 344 345 4 31 43 45 42 39 37 26 12 353 334 330 327
67 69 74 80 85 86 83 76 67 58 51 45 40 37 33 29 27 26 24 23 23 22 22 21 19 17 16 17 18 22 25 25 26 27 26 21 16 14 12 12 12 12 13 13 13 13 12 12 11 10 10 9 8 7 7 6 5 4 3 2 2 1 360 358 357 356 354 353 351 350 348 347 345 342 339 339 343 350 355 351 343 343 358 30 49 51 48 47 43 37 19 358 338 326 324 327
72 73 77 84 93 98 97 90 79 65 54 46 41 38 35 32 30 28 27 26 26 25 24 23 22 21 21 20 19 22 27 30 30 29 28 24 20 18 16 14 13 14 15 15 15 15 15 14 14 13 12 11 10 9 9 8 7 6 5 4 4 3 2 0 359 358 356 355 354 352 351 349 347 345 342 339 339 344 347 345 342 353 24 48 54 54 52 46 37 17 357 345 334 326 327 331
77 77 75 82 97 107 110 103 85 65 51 45 41 39 38 35 32 30 29 29 28 27 26 25 23 24 26 25 22 22 26 30 30 28 29 27 23 22 20 18 15 16 17 18 18 18 17 17 16 15 14 13 12 11 10 10 9 8 7 6 5 4 3 2 1 360 358 357 356 354 353 351 350 348 345 342 340 340 341 342 348 11 33 40 37 35 34 24 5 354 345 338 332 329 331 335
76 74 68 69 85 101 107 96 74 56 44 41 40 40 40 37 35 33 32 32 31 31 30 28 23 24 28 27 25 22 23 27 29 30 31 30 27 25 26 23 19 18 20 21 21 21 21 20 19 18 16 15 14 13 12 11 11 10 9 8 7 6 5 4 3 2 0 359 357 356 355 353 352 350 348 346 343 341 339 341 357 16 23 23 23 23 18 5 351 342 337 334 331 330 333 336
69 65 57 57 59 57 51 36 38 37 34 37 40 42 42 40 38 37 36 35 35 34 34 30 24 24 29 30 28 25 23 26 29 30 32 32 29 28 29 28 24 22 24 25 26 26 25 25 24 21 19 17 15 14 14 13 12 11 11 10 9 8 7 6 4 3 2 0 359 358 356 355 354 352 350 348 346 343 340 344 359 10 12 15 18 16 5 350 343 338 335 332 330 331 332 333
67 66 61 57 58 54 37 24 27 29 29 34 41 44 46 45 43 43 41 39 38 38 37 33 26 27 32 33 32 29 25 26 27 29 32 33 32 30 30 31 28 25 28 31 33 34 33 33 33 28 21 17 16 15 15 15 14 13 12 11 10 9 8 7 6 5 3 2 1 359 358 357 355 353 352 350 348 346 344 346 354 2 9 13 15 8 351 342 339 337 335 334 331 332 332 331
77 75 67 62 62 57 45 36 33 34 33 38 44 48 50 49 48 48 47 44 42 41 40 36 30 30 34 34 34 32 30 31 32 34 36 37 35 33 33 32 30 28 28 30 31 31 30 30 30 28 22 17 15 15 16 16 16 15 14 13 12 11 10 9 7 6 5 4 2 1 360 358 356 355 353 351 350 348 346 347 350 358 8 14 11 354 343 338 337 336 335 335 334 334 334 333
70 65 56 58 59 57 52 47 44 44 43 46 49 53 55 55 53 54 53 50 48 46 45 41 33 32 35 35 35 36 36 36 37 39 42 43 42 39 37 35 33 30 27 26 26 25 23 22 23 23 21 18 15 15 16 18 18 17 16 15 14 13 11 10 9 8 6 5 4 2 1 359 357 356 354 353 351 349 348 347 349 356 5 9 359 345 337 335 334 333 333 334 335 335 335 333
64 60 57 61 61 60 57 56 57 55 53 53 54 57 59 58 57 58 58 56 55 53 49 45 37 33 36 37 37 38 38 38 38 40 43 46 47 46 43 40 36 33 30 29 29 29 28 27 27 27 26 23 20 18 18 20 20 19 18 17 15 14 13 11 10 9 8 6 5 4 2 0 359 357 355 353 352 350 349 348 350 354 360 360 349 339 334 333 332 330 330 331 333 334 334 333
67 67 68 69 69 67 63 62 64 62 59 57 57 58 58 58 59 61 62 62 63 61 57 52 45 38 40 42 42 41 40 40 38 39 42 44 46 48 48 45 40 36 35 36 36 37 38 39 38 36 33 31 29 25 23 22 22 21 20 18 17 16 14 13 12 10 9 8 6 5 3 2 360 358 356 354 353 351 349 348 349 351 355 353 342 336 335 334 333 332 330 331 332 333 334 334
72 72 73 75 74 71 66 64 65 65 62 59 59 59 59 59 60 63 65 68 70 70 68 65 53 40 40 43 45 44 43 43 40 37 39 40 41 43 45 46 44 40 38 38 39 41 42 44 45 42 39 37 34 31 28 26 25 24 22 20 19 17 16 14 13 12 10 9 8 6 5 3 1 359 357 355 353 351 349 347 346 347 348 346 338 334 333 333 333 333 332 332 332 334 336 337
76 77 77 77 73 67 63 60 62 63 62 60 61 59 59 60 59 61 65 68 70 69 70 68 49 30 34 41 44 45 45 46 44 42 42 41 39 40 42 43 43 42 40 40 41 43 45 46 47 46 43 40 37 35 33 32 30 27 25 22 20 18 17 15 14 13 12 10 9 7 6 4 2 0 358 356 354 351 348 345 342 340 339 337 334 334 333 331 331 331 331 330 329 329 332 334
78 78 76 72 65 59 56 56 58 61 62 61 61 57 55 54 54 58 62 64 64 60 59 53 31 19 32 40 44 45 47 48 48 49 51 50 46 44 44 44 44 43 41 41 41 43 46 47 47 46 43 41 38 37 36 35 34 32 29 25 21 19 18 17 16 15 13 12 10 9 7 5 3 1 359 357 354 351 348 345 340 334 330 327 325 329 332 331 331 329 327 325 322 318 314 313
78 76 71 66 62 57 55 55 55 57 61 61 57 54 53 51 51 56 59 62 60 56 54 44 23 17 31 41 45 47 49 49 50 51 53 56 55 52 52 52 51 48 45 42 43 44 46 48 48 46 43 40 36 33 33 33 35 37 36 27 20 18 18 18 17 16 15 13 12 10 9 7 5 2 360 357 354 352 348 344 339 333 326 320 315 316 322 326 329 326 321 318 313 307 303 302
76 73 66 65 65 62 58 54 50 52 58 58 52 50 50 49 48 51 57 63 64 59 51 38 22 20 33 43 47 50 51 52 53 52 54 56 56 56 55 55 55 54 51 48 47 48 49 50 50 49 46 42 37 33 31 33 36 38 37 27 15 16 18 19 19 18 16 15 13 12 10 8 6 4 1 358 356 352 349 345 340 334 328 321 315 314 316 319 321 318 312 309 309 307 307 306
72 67 59 56 57 57 53 47 44 49 55 53 45 44 42 41 42 46 54 65 68 57 44 34 24 25 37 45 49 52 54 56 57 57 57 57 56 56 55 54 54 54 54 54 53 52 52 53 54 53 51 47 42 36 30 31 34 34 32 26 16 15 18 20 20 19 18 17 15 13 12 10 8 5 3 360 357 354 350 346 341 335 330 326 323 320 319 317 315 309 301 297 298 295 292 295
67 61 51 47 46 43 36 29 29 39 48 46 40 40 40 40 41 42 49 57 59 42 38 35 28 31 42 49 53 56 58 60 61 60 60 59 58 57 58 57 55 53 54 56 56 56 57 58 60 60 59 56 50 41 30 28 32 33 33 31 24 18 20 22 22 21 20 19 17 15 13 11 9 7 4 1 358 355 351 347 343 337 331 326 322 319 316 313 308 299 284 279 280 278 277 281
65 59 50 46 45 41 33 24 22 32 39 36 29 26 27 32 33 34 48 56 50 31 32 34 32 38 47 52 56 59 61 64 66 65 63 62 62 61 61 60 56 54 55 57 58 59 60 61 62 63 65 64 55 44 35 32 40 43 43 39 32 25 23 24 24 24 22 21 19 17 15 13 11 9 6 3 0 357 353 349 345 340 334 326 319 313 309 304 295 283 277 279 281 281 281 283
62 57 51 51 51 49 42 31 23 32 39 35 28 24 24 31 36 41 54 57 45 32 31 35 38 45 52 55 58 60 63 68 71 71 68 66 66 65 64 62 57 52 53 54 54 55 57 59 61 61 63 62 51 43 42 44 53 54 49 45 39 31 28 27 27 26 25 23 21 19 17 15 13 10 8 5 2 359 356 352 347 343 337 331 324 316 309 302 295 291 292 294 294 294 293 293
57 56 54 56 59 56 50 41 35 43 49 47 42 42 43 52 55 63 64 55 43 41 41 46 49 54 56 58 58 59 62 68 71 71 70 70 70 69 68 66 62 55 53 52 50 49 51 53 56 57 58 55 45 42 47 49 52 53 50 47 42 36 32 31 30 28 27 25 23 21 19 17 15 13 10 7 5 1 358 354 350 346 341 336 331 325 319 313 310 308 307 306 306 305 303 302
