windninja/windninja_output/Output_2025-10-23_1500-1550_Google earth_Fire_150m_10min/merlingen_7.5mi_point_10-23-2025_1500_150m_vel.asc
ncols	158
nrows	163
xllcorner	391686.332397
yllcorner	5160024.123721
cellsize	150.000000
NODATA_value	-32768.000000
[rows 111 to 147 of 163, columns 0 to 83 of 158]
4.81 6.04 7.99 9.02 9.28 9.20 9.01 9.21 9.47 9.57 10.18 10.65 9.67 9.61 11.28 11.60 8.14 4.08 5.72 10.20 13.95 14.43 10.24 7.31 7.17 8.27 9.96 12.07 17.29 22.44 22.01 18.47 16.81 20.62 26.79 25.54 21.35 19.01 15.32 11.17 10.79 12.30 12.72 11.45 10.73 10.21 9.04 8.04 7.70 7.48 7.23 7.01 6.96 7.72 8.47 8.32 8.41 9.70 10.48 9.46 8.79 9.78 10.45 9.92 9.56 9.96 9.83 8.58 7.45 6.95 7.15 8.82 10.64 10.94 10.87 10.97 10.70 10.41 10.26 9.90 9.54 9.53 8.67 7.19
4.87 6.07 7.67 8.44 8.81 8.77 8.72 8.98 9.29 9.18 9.82 11.45 10.93 9.96 11.56 12.10 7.82 2.88 4.15 8.95 13.54 15.74 12.04 6.86 6.79 9.34 10.09 10.96 13.76 19.30 22.87 21.14 18.61 22.66 28.55 27.08 22.54 18.16 12.91 10.98 10.78 11.08 12.36 12.91 11.66 10.12 8.70 7.91 7.69 7.51 7.19 6.55 6.30 7.34 8.33 8.10 7.97 9.15 10.38 9.88 8.87 9.13 9.97 10.10 9.82 10.07 10.43 9.60 8.19 7.35 7.44 8.71 10.25 10.93 11.17 11.33 10.97 10.50 10.76 10.83 10.40 10.02 8.89 7.59
4.91 5.84 7.06 7.89 8.54 8.57 8.41 8.62 8.96 8.83 9.49 11.94 12.13 10.36 11.59 12.53 7.97 2.43 2.96 6.89 11.66 15.88 14.35 7.94 7.32 11.05 11.63 11.90 12.23 14.60 20.12 23.02 23.04 26.54 30.33 26.73 20.59 15.56 11.61 10.16 9.07 9.98 13.36 14.60 12.06 9.38 8.24 7.93 7.76 7.62 7.25 6.44 6.08 6.90 7.92 7.96 7.71 8.44 9.93 10.12 9.17 8.72 9.57 10.30 9.77 9.86 10.46 10.27 9.55 8.36 7.92 8.92 10.04 10.55 11.18 11.73 11.42 10.73 10.77 11.20 11.57 10.81 8.94 7.84
4.35 5.33 6.68 7.58 8.34 8.52 8.37 8.27 8.17 8.45 9.71 12.16 12.23 10.43 11.90 13.45 9.23 3.59 2.71 5.07 9.14 14.27 15.56 11.34 10.71 12.73 12.86 12.28 12.59 13.00 15.25 21.54 26.68 30.30 30.45 24.45 18.65 15.23 11.79 9.24 8.46 11.22 15.07 15.58 12.13 9.31 8.88 8.71 8.23 7.87 7.39 6.64 6.08 6.31 7.37 7.86 7.56 7.85 9.19 10.06 9.44 8.51 9.24 10.56 9.94 9.48 10.11 10.43 10.36 9.53 8.76 9.39 10.24 10.19 10.76 11.97 12.06 11.35 10.60 10.95 12.31 11.81 9.41 8.13
3.28 4.73 6.64 7.50 8.06 8.27 8.39 8.06 7.76 8.59 10.65 12.26 11.01 9.77 12.66 15.28 11.23 4.88 3.10 3.85 7.14 11.06 14.03 14.71 14.33 13.58 12.45 12.06 14.19 13.19 12.11 17.99 26.92 32.34 30.45 24.27 18.92 15.30 12.05 9.36 9.88 13.84 16.17 15.31 12.72 10.76 9.81 8.77 8.15 7.88 7.41 6.90 6.19 5.80 6.73 7.53 7.45 7.51 8.46 9.73 9.44 8.51 9.09 10.51 10.35 9.31 9.62 10.34 10.61 10.17 9.60 9.91 10.73 10.65 10.37 11.53 12.54 12.21 10.90 10.56 12.38 12.56 10.19 8.47
2.45 4.25 6.41 7.31 7.78 7.85 7.97 7.98 8.45 9.96 12.27 11.87 8.98 8.40 13.21 17.36 12.80 5.09 3.62 4.19 6.56 9.00 11.38 14.54 15.66 14.55 11.98 12.04 16.05 14.36 11.27 15.07 23.84 31.69 31.57 25.14 19.33 14.34 12.25 11.73 12.88 15.74 15.69 14.35 13.21 10.91 8.63 7.48 7.66 7.80 7.54 7.17 6.46 5.65 5.86 6.90 7.41 7.42 8.01 9.23 9.16 8.54 9.12 10.39 10.54 9.35 9.30 10.14 10.58 10.44 10.09 10.22 11.20 11.88 11.08 11.05 12.08 12.76 11.76 10.75 12.19 13.02 10.59 8.47
2.10 3.73 5.89 7.05 7.68 7.63 7.30 7.74 9.53 11.74 13.36 11.06 7.14 7.14 13.58 18.62 13.69 5.62 5.05 6.44 7.82 9.66 11.20 13.11 14.99 15.36 12.64 12.61 17.48 15.38 11.79 13.55 19.29 28.90 31.63 25.70 18.88 13.21 12.70 14.83 15.76 15.71 14.29 13.72 13.08 10.20 8.14 7.97 8.40 8.55 8.24 7.47 6.60 5.57 4.97 6.22 7.37 7.46 7.80 8.73 8.85 8.41 9.08 10.37 10.46 9.34 9.20 9.92 10.36 10.46 10.29 10.26 11.11 12.50 12.86 11.99 11.44 12.28 12.55 11.75 12.51 13.24 10.68 8.10
1.91 2.98 5.28 6.91 7.63 7.54 7.10 7.96 10.27 12.31 13.72 10.94 6.52 6.95 12.68 18.66 16.47 8.26 6.96 8.18 8.87 10.10 11.34 12.68 14.35 15.45 14.27 15.26 17.55 16.12 14.26 15.27 19.65 29.26 30.65 24.91 18.98 13.25 14.26 16.79 15.76 14.19 13.21 13.06 12.57 10.85 9.36 9.22 9.29 9.00 8.24 7.07 6.31 5.44 4.59 5.56 7.08 7.47 7.70 8.43 8.74 8.32 8.91 10.14 10.15 9.35 9.17 9.72 10.22 10.49 10.35 10.12 10.57 12.08 13.79 13.73 12.01 11.81 12.61 12.68 13.25 13.28 10.71 8.06
1.72 2.32 4.71 7.05 7.77 7.37 7.53 8.83 10.90 11.95 13.25 12.08 7.29 7.23 10.96 17.10 19.24 12.55 8.13 8.33 8.96 9.83 11.27 13.19 15.05 16.01 16.14 16.94 17.91 18.39 20.76 22.89 26.74 30.72 28.06 23.38 19.09 15.11 15.95 16.22 13.96 12.84 12.61 13.03 13.08 11.91 10.07 9.36 9.01 8.17 7.19 6.18 5.72 5.20 4.39 4.83 6.55 7.47 7.73 8.34 8.84 8.47 8.76 9.60 9.42 9.24 9.10 9.31 10.19 10.82 10.54 9.95 10.02 11.12 13.22 14.57 13.79 12.66 12.89 13.27 13.64 13.35 11.09 8.78
1.62 1.88 4.25 7.22 8.00 7.28 8.22 9.89 11.58 11.31 12.00 13.39 9.13 7.15 9.35 15.28 20.25 16.66 9.82 8.40 8.87 9.68 11.41 13.75 15.77 16.85 17.23 17.58 19.91 23.36 25.86 26.37 27.16 27.11 24.82 22.67 19.42 17.44 15.97 13.39 12.28 12.22 13.06 13.77 13.30 11.83 10.51 9.76 8.67 7.47 6.54 5.69 5.30 5.01 4.19 4.03 6.01 7.52 7.75 8.32 9.05 8.47 8.48 8.97 8.51 9.05 9.18 8.52 9.52 11.00 10.90 10.02 9.78 10.28 11.74 13.70 14.82 14.51 14.08 14.07 13.85 13.48 11.63 9.71
1.75 1.86 4.19 6.86 7.72 7.45 8.93 11.13 12.37 10.77 10.91 14.77 11.42 7.21 8.38 13.73 20.05 19.01 12.06 8.58 8.42 9.61 11.45 13.82 16.47 17.72 17.81 18.88 23.63 28.29 28.23 26.47 25.68 24.35 24.06 22.56 19.56 18.50 14.34 11.45 11.30 11.79 13.66 13.65 12.48 11.49 10.81 9.59 7.71 6.70 5.93 5.26 5.01 4.83 4.08 3.56 5.79 7.47 7.63 8.34 8.86 7.89 7.81 8.46 8.40 9.53 10.09 8.54 8.40 10.25 10.81 10.28 10.08 9.95 10.23 11.60 13.82 15.42 15.78 15.39 14.65 14.01 12.31 10.66
2.20 2.45 4.69 6.17 6.97 7.69 9.44 11.89 13.19 10.76 10.69 16.18 13.50 7.57 7.48 11.33 18.67 20.21 13.33 8.88 8.37 9.92 11.56 13.64 16.98 17.98 18.32 21.23 28.02 31.65 28.37 26.59 25.90 22.92 23.49 22.69 19.03 18.43 14.66 11.06 10.30 10.98 13.69 13.94 12.59 11.94 10.76 8.16 6.30 5.53 5.04 4.83 4.53 4.35 3.89 3.49 5.38 7.12 7.33 8.06 8.00 7.22 7.59 8.24 8.73 10.66 11.75 9.98 8.60 8.86 9.81 10.21 10.43 10.11 9.46 9.61 11.27 14.02 16.09 16.66 16.26 15.41 13.40 11.69
2.44 2.94 4.96 5.48 6.00 7.57 9.15 11.56 13.87 12.16 12.14 17.85 14.87 7.11 6.50 9.66 15.66 20.02 16.40 11.55 10.47 10.90 11.83 14.04 17.04 18.23 18.80 23.52 33.21 34.51 27.25 25.19 24.80 21.74 22.64 22.65 18.36 17.77 16.37 11.32 9.44 9.87 12.36 14.64 14.06 12.77 10.93 7.83 5.76 4.88 4.77 4.57 3.78 3.74 3.36 2.83 4.29 6.48 6.92 7.22 7.16 7.19 7.86 8.28 8.86 11.07 12.59 11.84 9.82 8.31 8.62 9.85 10.34 10.15 9.44 8.71 9.00 11.17 14.06 16.00 17.15 17.37 15.37 12.63
2.48 3.17 4.81 4.88 5.37 7.29 8.55 10.30 13.51 13.28 14.70 18.60 13.26 6.29 6.25 8.88 12.45 17.14 18.80 16.19 14.05 13.29 13.15 14.83 16.88 18.04 20.16 29.31 40.70 35.33 23.68 22.70 23.66 21.46 21.72 22.30 18.31 16.82 16.79 12.31 9.42 8.86 9.97 14.12 15.86 14.00 11.50 8.45 5.69 4.93 4.87 4.16 3.10 3.25 2.82 1.81 2.99 5.77 6.85 6.24 6.35 7.69 8.35 8.48 9.43 11.19 12.25 12.68 11.81 9.01 8.24 9.56 10.22 9.91 9.59 8.76 8.16 9.18 11.49 13.34 15.40 18.06 17.78 14.15
2.54 3.34 4.62 4.68 5.21 6.88 8.00 9.40 12.55 13.19 15.47 18.88 13.66 6.66 6.71 8.62 10.40 12.61 16.41 19.17 20.01 18.14 16.14 16.32 18.83 21.56 29.10 43.26 42.61 29.00 18.97 20.20 22.97 20.88 20.16 21.82 18.87 16.27 16.47 13.49 9.87 8.28 8.41 12.45 16.54 15.83 12.70 8.88 5.86 5.08 4.57 3.47 2.52 2.75 2.56 1.33 2.20 5.23 7.08 6.16 6.21 8.11 8.63 8.64 9.91 11.31 11.69 12.31 12.73 11.30 9.46 9.96 10.67 10.18 9.80 9.20 8.51 8.62 9.80 11.14 12.30 16.05 18.62 16.66
2.38 3.21 4.67 4.70 5.01 6.36 7.72 9.63 11.69 12.36 14.35 18.56 16.56 9.23 8.70 9.26 9.13 9.99 12.80 17.27 21.45 24.35 22.10 21.34 28.87 37.35 41.49 42.08 31.95 20.19 16.55 18.39 21.98 20.10 19.08 21.17 19.39 16.18 15.35 13.62 10.65 8.48 8.19 10.79 15.90 17.46 14.33 9.46 6.03 4.75 3.99 2.82 1.85 2.11 2.21 1.15 1.49 4.68 7.13 6.96 6.95 8.18 8.48 8.71 10.09 11.26 11.50 11.80 12.43 12.46 11.96 11.87 11.78 11.05 10.41 9.84 9.15 8.75 9.22 10.09 10.78 13.32 16.58 17.32
2.44 3.30 4.97 4.78 4.87 6.04 7.94 10.33 11.11 11.22 12.15 16.06 17.72 14.79 13.21 10.64 8.54 9.80 12.74 16.52 23.12 30.21 31.41 31.03 34.26 38.15 35.28 26.75 20.36 16.48 15.18 17.08 20.50 19.53 18.74 20.19 19.33 16.75 14.31 13.13 11.37 9.26 8.98 10.17 14.53 18.14 15.46 9.75 5.84 4.12 3.49 2.35 1.19 1.73 1.89 1.03 1.10 4.48 7.17 7.53 7.51 8.08 8.30 8.91 10.19 11.11 11.39 11.56 11.93 12.32 13.24 13.99 13.43 12.30 11.47 10.84 9.61 9.17 9.76 9.97 10.36 12.02 13.74 15.18
2.61 3.43 5.09 4.92 4.91 6.20 8.42 10.48 10.74 10.15 10.13 12.66 16.20 17.70 17.20 12.72 10.16 12.35 17.67 29.76 35.97 34.44 32.07 29.16 28.88 28.11 24.13 19.44 16.09 14.43 14.78 16.82 18.68 17.94 17.80 19.18 19.24 17.01 13.81 12.83 11.93 10.70 10.50 10.84 13.49 17.63 16.20 9.75 5.60 4.13 3.20 1.79 0.71 1.63 1.72 0.97 1.17 4.47 7.12 7.64 7.77 8.09 8.39 9.23 10.25 11.02 11.25 11.40 11.73 12.09 13.36 15.14 15.39 13.86 12.59 11.98 10.57 9.96 10.54 10.73 11.01 11.59 12.06 12.97
2.47 3.19 5.00 5.06 4.93 6.46 8.59 10.37 10.49 9.73 9.60 10.98 13.22 15.91 17.93 17.95 15.77 19.14 31.60 42.26 37.25 28.02 25.22 23.87 24.90 25.77 22.78 17.86 14.49 14.14 15.29 16.01 15.93 15.13 15.87 18.64 19.43 16.50 13.76 13.26 12.81 12.30 12.09 12.32 13.61 16.10 15.63 9.97 6.04 4.80 3.14 1.39 0.77 1.69 1.64 0.90 1.55 4.52 6.93 7.69 7.86 8.13 8.64 9.43 10.29 10.97 11.14 11.28 11.56 12.05 13.22 15.20 16.58 15.83 14.15 13.51 12.27 10.66 10.75 11.57 11.93 11.82 11.52 11.70
2.46 3.06 5.08 5.35 5.09 6.77 8.91 10.25 10.51 10.01 10.01 10.24 10.86 12.87 16.03 20.47 25.38 33.01 40.83 38.19 26.17 20.91 21.07 22.72 25.75 27.12 22.44 16.42 15.06 15.49 15.54 14.53 13.38 12.88 13.46 16.68 19.30 17.41 14.50 14.05 13.95 13.64 13.93 14.36 14.67 14.62 13.45 9.31 6.84 5.50 3.09 1.27 1.43 1.89 1.48 0.75 1.79 4.46 6.81 7.84 7.94 8.12 8.81 9.57 10.31 10.91 11.18 11.23 11.38 11.93 13.12 14.93 16.55 17.05 16.33 15.68 14.21 11.66 11.38 12.35 12.51 12.30 11.54 10.72
2.72 3.28 5.16 5.60 5.53 7.24 8.87 9.94 10.84 10.66 10.12 9.66 9.81 11.64 14.91 20.38 31.69 40.64 37.88 26.23 21.18 20.26 20.17 21.35 25.92 27.71 20.25 16.44 16.38 15.86 15.41 14.57 13.24 11.95 12.00 14.07 17.55 18.71 16.34 15.07 15.43 15.35 15.64 15.95 15.04 12.63 9.69 7.56 7.18 5.86 3.10 1.91 2.10 2.01 1.44 1.06 1.95 4.42 6.81 7.94 8.13 8.37 8.85 9.69 10.31 10.85 11.32 11.25 11.22 11.64 12.99 14.82 15.94 17.13 17.81 17.87 16.50 13.20 12.14 13.25 13.76 12.84 11.11 9.96
2.82 3.35 4.78 5.71 6.66 7.97 8.40 9.11 10.96 11.29 9.96 9.40 9.84 11.80 15.95 21.59 35.15 42.71 33.23 23.41 21.58 20.80 20.49 21.42 25.17 27.11 21.18 16.95 16.66 15.02 14.20 13.80 12.53 11.59 12.26 13.85 16.09 18.38 17.56 16.77 17.44 16.75 16.23 16.33 14.16 9.48 6.11 5.56 6.51 5.57 3.13 2.58 2.44 2.08 1.71 1.64 2.28 4.50 6.86 7.91 8.43 9.09 8.90 9.52 10.40 10.80 11.39 11.36 11.05 11.39 12.85 14.47 15.30 16.98 18.42 19.19 19.11 15.21 12.65 14.22 14.86 12.91 10.59 9.82
2.74 3.29 4.66 5.99 7.96 8.64 8.01 8.39 10.62 11.98 10.86 9.87 10.45 13.47 17.75 25.71 39.84 42.54 33.97 25.80 23.44 22.26 21.93 22.13 22.74 23.58 22.00 18.68 16.86 14.94 13.48 12.70 11.66 12.25 13.73 14.79 16.06 17.15 16.95 18.38 19.41 17.36 16.20 15.83 12.36 7.11 4.70 4.23 4.99 4.65 3.37 2.87 2.60 2.26 2.08 2.14 2.72 4.72 6.92 7.97 8.94 9.73 9.15 9.40 10.53 10.91 11.48 11.62 10.99 11.29 12.69 13.91 14.61 16.30 18.62 20.60 21.27 17.02 13.40 14.77 15.33 12.63 10.07 9.37
3.05 3.86 5.22 6.57 8.58 8.68 7.99 8.68 9.97 12.09 12.58 10.88 12.19 16.28 24.26 38.40 44.53 40.28 32.50 27.47 24.37 22.14 21.28 20.23 18.02 18.06 20.91 21.19 18.49 16.02 14.23 13.30 12.81 13.61 14.41 14.66 15.25 15.21 16.12 19.56 20.82 18.12 16.35 14.50 9.38 5.93 4.25 3.03 3.22 4.04 3.70 3.05 2.75 2.55 2.44 2.56 3.24 5.12 6.97 8.10 9.39 9.85 9.40 9.61 10.60 11.25 11.65 12.07 11.75 11.46 12.19 13.39 14.11 14.83 17.82 21.71 23.05 19.25 14.71 14.91 15.37 12.85 9.59 8.46
3.19 4.28 5.80 7.05 8.53 8.74 8.55 9.38 9.98 11.78 13.18 12.36 13.41 20.76 37.41 46.36 42.12 35.13 30.29 27.79 24.72 19.80 18.33 16.93 14.81 14.89 18.00 21.58 21.20 18.02 15.42 14.45 14.56 14.65 14.53 14.45 13.83 13.38 16.34 20.89 21.08 18.39 16.24 12.04 7.63 5.90 4.26 2.38 2.64 3.84 3.99 3.51 3.12 2.95 2.78 2.81 3.68 5.66 7.24 8.35 9.44 9.69 9.61 9.90 10.60 11.51 11.80 12.57 13.53 12.71 12.00 12.73 13.41 13.56 16.12 20.93 23.75 22.08 16.80 15.29 14.86 12.56 10.11 8.90
2.98 4.33 6.16 6.92 8.31 8.93 9.08 9.41 9.86 11.38 12.66 13.52 14.22 24.68 43.76 44.12 34.90 31.89 28.78 27.11 24.31 18.74 16.25 15.77 14.70 14.49 16.33 20.39 22.83 20.59 16.46 14.99 15.25 14.93 15.09 15.06 13.50 12.76 17.03 21.89 20.16 17.73 15.45 9.54 6.85 6.08 4.66 3.00 3.06 3.91 4.20 3.99 3.66 3.38 3.11 3.09 4.14 6.27 7.64 8.57 9.28 9.50 9.81 10.02 10.53 11.55 11.98 13.03 15.33 15.07 13.03 12.32 12.69 12.66 14.13 18.64 22.91 23.48 20.33 16.74 14.53 12.37 10.99 10.64
3.02 4.12 6.01 6.73 8.36 9.23 8.97 8.86 9.56 11.07 12.34 14.31 16.08 29.37 45.31 40.64 32.89 30.16 26.34 25.04 23.55 19.36 16.58 16.14 14.99 14.55 15.86 19.76 23.26 21.69 16.75 15.05 15.37 15.35 15.76 15.36 13.59 12.66 17.11 22.13 19.34 15.82 12.72 8.48 6.66 6.26 5.22 3.90 3.80 4.31 4.45 4.33 4.12 3.81 3.44 3.49 4.82 6.98 7.88 8.47 9.07 9.41 9.96 9.98 10.31 11.43 12.30 13.59 16.27 17.52 15.18 12.94 12.87 12.77 12.15 15.07 20.52 22.91 22.36 20.59 16.55 12.81 11.99 12.35
3.30 3.98 5.22 6.46 8.70 9.34 8.58 8.49 9.58 11.34 13.53 16.34 21.60 39.49 47.31 38.46 30.91 26.58 22.61 23.09 23.53 20.45 17.94 16.80 15.12 14.74 16.07 19.62 22.16 20.17 17.00 16.42 16.65 16.34 16.27 14.80 12.82 12.95 17.19 21.68 18.20 12.12 9.47 7.70 6.60 6.65 5.97 4.78 4.48 4.70 4.73 4.70 4.48 4.18 3.89 4.16 5.78 7.38 7.85 8.32 8.81 9.29 9.94 9.80 10.11 11.34 12.67 14.39 16.65 18.66 18.16 15.39 14.02 13.38 12.25 12.57 17.00 20.51 21.47 22.82 20.83 14.51 13.88 13.46
3.49 3.95 4.65 6.35 8.67 9.18 8.67 9.08 10.34 12.14 15.22 20.82 34.76 49.06 45.70 32.57 26.54 23.21 20.71 22.17 23.87 21.72 19.06 17.11 15.62 15.62 16.96 19.04 20.01 17.72 15.65 17.72 18.51 16.57 16.61 14.75 12.80 14.56 17.85 19.53 14.62 8.84 7.67 6.79 6.33 6.80 6.48 5.50 5.12 5.11 5.09 5.15 4.85 4.67 4.83 5.43 6.61 7.33 7.77 8.30 8.57 9.20 9.57 9.20 9.88 11.47 13.00 15.06 16.96 18.66 19.99 19.11 16.14 14.11 13.06 12.48 14.13 17.65 19.03 21.99 23.03 19.21 17.01 13.87
3.23 3.74 5.19 6.95 7.69 8.29 9.61 10.54 11.19 14.37 18.27 27.38 47.05 49.73 34.46 25.34 23.68 21.61 19.23 21.42 24.24 22.84 19.80 17.63 16.62 17.06 17.79 18.16 18.31 16.40 15.01 17.78 18.81 17.48 18.04 16.14 14.06 15.30 15.91 14.40 10.21 7.67 7.24 6.42 6.22 6.74 6.60 6.00 5.73 5.66 5.67 5.61 5.14 5.25 6.19 6.70 6.82 7.14 7.80 8.25 8.51 9.25 9.05 8.23 9.20 11.49 13.42 15.38 17.03 18.70 20.59 21.23 18.59 15.17 13.95 12.40 12.12 15.41 17.59 20.26 23.69 22.89 18.26 13.08
2.58 3.77 6.23 6.92 6.78 7.91 10.74 11.62 12.79 18.79 24.29 39.21 50.82 38.81 24.22 22.20 21.82 21.20 19.93 21.78 24.21 23.31 20.62 18.94 18.14 18.29 18.24 17.37 16.96 15.91 15.52 17.07 18.02 19.09 19.99 17.16 14.30 13.64 11.51 8.32 7.13 7.14 7.06 6.43 6.25 6.57 6.56 6.35 6.27 6.27 6.37 6.58 6.27 6.33 7.32 7.27 6.85 7.17 7.84 8.27 8.78 9.34 8.66 7.50 8.37 11.06 13.52 15.19 16.80 19.06 20.54 21.42 21.00 18.27 15.18 11.42 10.25 13.91 17.55 20.41 24.68 24.36 17.99 12.83
2.60 3.68 6.74 6.70 7.13 9.07 11.20 12.53 16.11 21.46 30.33 47.98 48.23 26.66 20.56 21.05 21.21 22.88 23.29 23.42 23.37 22.41 21.16 20.60 19.88 19.01 17.94 16.19 15.66 15.84 16.19 17.22 18.13 19.71 20.79 17.73 13.32 10.51 7.11 4.62 5.61 6.89 7.04 6.71 6.52 6.61 6.67 6.70 6.84 6.91 7.12 8.12 8.69 8.02 7.95 7.26 6.78 7.43 7.88 8.50 9.29 9.41 8.64 7.84 8.79 11.29 13.34 14.60 16.37 18.80 20.04 20.73 22.78 21.83 15.19 9.70 9.00 13.20 18.38 22.59 24.44 23.24 19.50 14.61
3.57 3.56 6.89 7.72 8.38 9.94 11.82 14.04 18.19 21.40 34.31 46.27 37.37 23.29 20.98 21.14 22.21 25.40 26.01 22.63 20.81 21.02 21.63 22.10 21.01 19.23 17.35 15.94 15.80 16.77 17.59 18.69 18.48 18.39 20.48 18.11 11.66 6.91 4.32 3.92 5.20 6.65 7.13 7.07 6.89 6.89 7.02 7.15 7.30 7.49 8.02 9.90 11.27 10.58 9.04 6.88 6.55 7.80 8.17 8.84 9.60 9.63 9.26 9.03 9.96 11.90 13.45 14.45 15.39 17.21 18.98 20.73 24.19 23.41 15.02 8.58 8.83 12.24 19.28 23.63 21.36 20.73 21.33 16.02
4.24 4.24 7.01 8.71 9.21 10.39 12.84 15.63 18.79 20.42 31.68 45.44 36.32 24.38 22.42 21.46 23.29 27.03 25.42 19.47 18.89 20.32 21.71 22.75 21.25 18.46 16.60 16.74 17.17 17.67 18.56 19.55 17.79 16.59 19.10 16.29 9.51 5.61 4.25 4.56 5.41 6.46 7.07 7.28 7.18 7.24 7.47 7.61 7.68 8.23 9.60 11.69 13.31 13.11 9.98 6.59 6.69 7.88 8.52 9.49 10.07 9.99 10.00 10.04 10.30 12.08 14.12 14.71 14.74 15.29 17.07 20.67 25.11 24.48 16.64 9.70 8.82 11.28 19.67 23.26 18.88 20.23 21.64 14.29
4.22 5.28 7.48 8.72 9.78 11.73 14.65 17.29 20.06 20.59 27.35 46.15 43.34 26.80 22.73 21.31 23.74 26.61 21.94 18.19 19.20 20.46 21.73 21.94 20.17 18.27 17.57 18.25 18.11 17.24 17.93 18.71 16.25 14.76 15.70 12.63 8.30 5.68 4.87 5.20 5.89 6.59 7.16 7.51 7.53 7.59 7.82 7.89 8.13 9.46 11.57 13.42 15.10 14.57 10.70 7.52 7.48 7.98 9.38 11.13 10.98 10.29 10.45 10.37 10.30 12.43 14.77 14.55 14.32 15.10 15.82 19.03 24.89 25.08 18.09 11.83 9.82 11.46 19.07 22.41 20.07 22.07 19.95 9.99
5.13 6.59 8.41 9.11 10.60 13.39 16.13 19.51 22.54 21.99 30.18 48.27 43.69 26.19 21.58 21.29 23.54 24.33 20.13 18.85 20.20 20.69 21.35 20.52 19.29 19.41 19.21 18.96 18.33 16.64 16.68 17.14 14.29 11.54 10.26 9.69 7.55 5.84 5.18 5.45 6.18 6.81 7.38 7.84 7.95 7.89 8.05 8.20 9.06 10.96 12.94 15.05 16.87 15.61 12.50 10.24 9.16 9.45 11.49 12.73 11.50 10.40 10.46 10.49 11.11 13.28 14.83 14.35 14.38 15.49 16.01 17.77 23.01 24.95 19.19 13.43 12.29 13.77 16.90 20.58 22.97 21.99 14.98 9.18
7.58 8.06 8.85 9.80 11.91 14.36 16.33 21.16 25.05 28.67 42.78 48.98 35.12 21.94 19.62 20.26 22.43 21.73 19.22 19.26 20.26 20.35 20.03 19.49 19.46 20.48 19.89 19.01 18.78 16.28 14.61 15.43 12.60 7.83 7.05 8.16 7.35 5.99 5.39 5.57 6.31 6.96 7.39 7.96 8.38 8.25 8.22 8.86 10.57 12.17 13.76 16.67 18.67 16.86 14.35 12.56 11.19 11.65 12.60 12.94 11.47 10.34 10.62 11.35 12.57 14.04 15.03 15.22 15.55 16.19 16.90 17.90 20.99 23.34 19.07 14.40 15.44 17.40 16.41 18.88 22.98 18.07 12.56 10.20
