windninja/windninja_output/Output_2025-10-23_1500-1550_Google earth_Fire_150m_10min/merlingen_7.5mi_point_10-23-2025_1510_150m_ang.asc
ncols	158
nrows	163
xllcorner	391686.332397
yllcorner	5160024.123721
cellsize	150.000000
NODATA_value	-32768.000000
[rows 0 to 41 of 163, columns 0 to 93 of 158]
205 204 202 199 199 200 200 199 198 199 199 198 198 201 206 212 217 217 215 214 206 197 197 200 204 206 205 203 202 203 205 206 208 208 207 211 215 217 218 215 212 212 214 216 217 218 221 219 209 205 205 204 205 206 208 209 210 212 212 212 211 211 211 210 208 208 209 213 215 216 215 215 215 214 214 215 217 220 222 220 219 219 221 224 227 226 222 223 225 223 222 223 222 221
205 204 201 199 199 201 201 201 201 200 199 197 196 199 204 209 210 207 205 206 200 193 193 199 204 206 204 202 203 205 206 207 208 207 207 210 212 211 211 209 209 210 210 211 211 211 212 211 206 205 206 207 208 210 211 211 211 211 211 212 211 211 211 210 208 208 211 214 216 215 214 214 214 214 214 215 217 219 220 218 218 219 221 224 226 225 221 222 225 224 224 225 224 223
203 202 199 198 199 201 202 202 201 197 194 192 193 197 202 206 204 201 200 200 197 190 188 196 204 206 204 202 204 207 208 208 207 207 206 207 207 206 206 205 205 205 205 206 205 205 205 205 204 204 205 207 210 212 212 211 210 209 210 211 210 209 209 209 209 209 212 215 217 215 213 213 214 213 214 215 215 218 218 216 215 218 221 222 223 222 217 218 221 223 224 225 223 222
196 198 199 198 199 199 198 197 194 192 190 190 192 195 200 203 203 201 201 202 200 194 188 191 200 203 203 202 202 204 206 207 207 205 204 204 205 206 206 204 202 201 201 202 202 202 202 203 204 203 203 204 207 209 209 209 209 210 210 211 209 208 208 210 210 210 212 215 217 216 213 213 214 215 216 215 215 217 219 216 213 216 220 219 221 221 213 212 215 216 218 219 218 216
189 194 198 198 198 196 193 192 191 192 193 191 191 194 198 202 204 204 204 205 204 198 190 186 193 198 200 200 199 200 202 204 204 203 202 203 204 204 203 200 198 198 199 199 200 201 202 203 204 204 205 206 207 209 210 210 210 210 210 210 210 209 209 210 210 210 211 215 218 216 215 215 216 216 216 217 218 220 220 218 214 217 220 218 220 221 214 209 209 209 211 213 212 209
188 191 196 197 197 195 192 191 192 195 195 192 190 192 197 202 206 208 208 209 207 202 192 184 187 193 197 199 199 199 200 201 201 201 201 201 201 199 198 198 197 197 198 200 202 204 205 205 206 206 207 208 209 210 211 211 211 210 209 209 210 209 209 210 210 210 211 215 217 215 215 217 217 214 214 216 218 219 219 219 219 219 220 219 220 222 218 211 209 207 207 209 207 204
191 191 192 194 195 194 194 194 195 196 195 192 189 191 198 202 206 209 208 207 207 205 196 184 182 189 195 197 198 198 199 200 200 201 201 200 198 197 198 199 199 200 202 204 205 207 207 207 207 207 208 209 210 210 212 212 211 210 209 208 207 206 207 209 210 210 211 214 215 213 212 214 214 211 210 213 215 217 215 216 219 219 218 219 220 223 222 217 213 209 207 208 208 207
193 192 191 191 193 195 197 198 198 196 193 189 187 191 198 202 204 207 207 206 206 205 200 190 181 184 191 194 196 197 199 200 201 202 202 201 199 200 202 203 203 205 206 208 209 209 209 209 209 208 209 210 209 210 212 212 210 210 208 206 204 204 205 208 209 210 211 213 214 211 210 212 213 211 210 213 216 218 215 215 220 219 215 216 218 219 219 217 215 211 209 212 215 215
192 193 193 192 193 196 200 201 199 195 191 187 185 188 196 202 203 204 206 206 206 205 202 195 186 181 186 192 194 197 200 200 202 204 204 204 205 206 207 209 210 211 211 211 211 210 211 211 210 209 209 211 210 211 213 212 209 208 207 206 206 206 206 208 211 212 212 211 212 211 212 215 216 215 213 214 218 219 216 217 222 221 214 211 211 211 212 212 208 204 202 205 209 209
192 193 195 194 195 196 198 199 197 194 191 187 183 185 194 201 202 202 203 204 205 205 203 198 192 184 183 191 194 196 199 200 201 204 207 208 209 210 212 213 213 213 212 212 213 213 212 213 211 209 211 213 212 212 214 214 211 211 212 213 214 213 211 212 215 215 213 211 211 213 216 218 218 217 216 217 220 219 214 215 217 218 213 208 209 208 208 208 203 201 202 203 203 202
193 194 195 195 195 196 196 196 195 193 191 188 184 184 192 199 202 202 200 201 203 203 202 199 195 190 186 190 194 195 199 202 203 207 210 211 212 212 213 213 213 213 213 213 216 216 214 216 216 215 217 217 215 216 219 221 221 222 224 224 225 224 221 220 222 220 217 215 213 216 219 219 217 216 217 219 222 219 211 210 212 214 213 210 209 208 207 209 206 204 207 209 206 205
194 194 195 196 196 196 195 195 195 193 192 190 186 185 189 196 199 200 200 200 201 203 203 201 198 195 193 194 197 199 203 207 207 210 213 215 215 214 214 213 214 215 215 215 217 218 219 222 226 227 230 231 231 234 237 238 237 237 238 239 242 244 241 238 236 232 228 223 218 218 219 218 216 213 213 214 214 212 207 204 208 211 211 209 206 203 206 212 209 204 211 217 214 210
194 194 195 195 195 195 195 195 195 194 193 191 189 187 190 194 197 198 200 200 200 202 205 205 204 203 201 200 202 204 206 208 209 210 214 217 217 215 215 214 215 216 216 216 219 221 223 228 235 240 243 247 251 256 259 259 253 249 247 251 256 258 261 267 267 259 249 236 221 217 217 217 216 211 206 205 206 207 205 203 205 209 209 208 206 204 207 213 209 203 211 221 219 215
194 195 195 195 195 195 195 195 195 194 193 192 190 190 192 196 197 196 198 200 201 204 207 210 211 209 205 203 203 205 208 210 211 211 213 216 216 216 216 216 219 221 224 227 231 232 230 229 233 239 243 247 250 256 263 268 266 257 248 246 248 248 248 254 263 268 268 261 238 217 217 217 215 208 202 203 206 209 209 207 207 208 209 211 212 210 213 217 214 210 217 227 227 226
195 195 195 195 195 195 196 196 195 195 194 193 190 189 193 198 198 195 195 201 205 207 211 213 213 209 206 204 205 206 210 211 211 211 211 213 216 218 221 224 230 236 241 246 246 243 239 231 227 229 233 234 234 237 241 246 248 241 231 230 231 230 227 226 229 236 241 245 251 226 213 215 213 209 206 208 212 216 218 217 214 212 214 218 219 219 221 224 223 222 232 241 243 243
195 195 195 195 195 196 196 196 196 195 194 193 190 187 190 195 198 197 196 200 205 207 209 211 211 209 205 205 207 207 207 208 207 209 213 218 226 230 233 238 243 243 241 240 236 232 232 230 226 225 223 220 215 216 218 220 222 218 213 218 222 221 218 215 216 220 220 220 222 209 186 210 215 213 211 212 215 220 223 222 219 218 222 226 228 230 233 235 234 234 240 247 248 248
195 195 195 195 196 196 196 196 196 195 194 193 191 187 186 193 198 199 199 200 203 205 207 209 209 208 205 204 205 205 205 208 211 217 226 234 239 240 238 237 234 229 225 225 223 222 222 222 220 219 217 212 209 210 212 215 217 213 206 210 216 218 217 212 213 217 217 215 214 210 196 200 220 215 211 213 216 219 220 221 220 223 229 233 238 242 244 245 247 243 238 238 239 240
195 195 195 195 196 196 196 196 195 195 195 194 192 190 187 191 199 201 202 203 204 206 207 208 209 209 208 205 205 207 210 214 219 225 229 230 230 228 225 223 221 220 221 222 221 220 218 215 212 211 211 211 210 212 213 215 215 212 205 207 213 216 214 210 210 214 216 215 214 212 206 198 204 209 207 211 212 217 223 227 230 233 236 238 242 246 247 246 246 246 239 235 234 235
195 195 195 196 196 196 196 195 195 195 195 195 194 192 190 192 198 203 205 207 208 208 208 209 211 212 210 208 209 213 217 219 221 221 222 223 223 221 219 220 220 220 221 221 220 219 216 211 210 212 212 212 212 213 213 212 212 211 208 207 212 215 214 211 210 212 216 217 215 212 206 198 200 205 205 209 219 231 240 243 245 247 244 240 236 236 235 236 239 240 238 234 234 234
196 196 195 195 196 196 196 196 195 195 196 196 195 194 194 195 199 204 207 208 208 208 207 208 210 210 210 210 211 214 216 218 219 221 223 225 223 220 217 216 216 215 216 216 216 215 213 210 211 215 216 214 212 210 209 208 209 211 211 210 214 218 217 213 212 214 217 216 212 208 203 199 202 205 204 206 221 239 246 246 246 245 240 233 229 230 230 231 235 237 231 225 231 234
196 196 195 195 196 196 196 196 196 196 196 196 196 195 196 197 200 203 205 205 205 205 206 206 207 209 210 211 212 212 213 213 216 218 217 217 216 212 209 210 211 212 214 215 214 213 214 213 212 214 215 214 211 207 207 208 209 210 212 213 215 219 219 214 213 213 213 211 209 206 204 204 207 209 206 203 208 218 227 233 234 233 231 228 226 228 229 230 234 235 228 219 226 232
196 195 195 196 196 196 196 196 196 196 196 197 197 196 197 198 199 201 202 203 203 204 204 205 206 208 210 210 211 211 210 209 210 210 208 208 209 208 207 209 211 212 213 213 214 215 216 213 210 210 212 212 210 209 208 208 209 210 212 214 214 217 218 214 211 210 207 207 208 208 208 209 211 213 209 199 200 208 216 222 225 226 228 227 222 224 226 228 232 232 224 213 218 228
195 196 196 196 195 195 196 196 197 196 196 196 197 197 197 198 199 200 201 202 202 203 204 204 206 207 209 210 211 210 207 204 205 206 207 208 211 212 211 211 211 211 212 214 215 215 212 209 208 209 211 212 211 211 208 207 207 208 209 213 214 217 218 213 208 204 202 205 209 211 211 211 214 215 208 195 193 202 210 216 220 221 224 225 220 219 220 223 228 228 221 209 213 225
196 195 195 195 195 196 196 197 197 197 196 196 197 198 197 198 198 199 200 201 201 202 203 203 205 206 208 211 212 211 207 202 203 208 211 214 216 216 215 212 210 210 211 213 213 210 208 209 210 210 212 212 212 211 208 206 207 207 207 210 214 217 218 212 204 202 203 209 214 215 215 214 216 214 206 197 192 199 207 214 218 219 221 222 221 218 216 221 226 227 220 209 214 225
196 195 195 196 196 196 196 197 197 197 196 196 197 198 198 198 198 199 200 200 201 201 202 203 204 206 209 213 216 213 208 204 205 209 212 215 216 216 215 211 208 208 208 209 209 208 209 211 212 211 212 212 211 209 208 206 206 207 207 209 214 217 216 211 206 206 211 216 220 222 221 218 216 212 207 203 200 201 205 211 216 217 217 218 220 219 217 222 229 229 219 209 215 225
196 196 195 196 196 196 196 197 197 197 197 197 197 197 198 198 198 198 199 200 200 201 202 202 203 205 208 213 215 214 210 207 205 205 209 211 213 215 214 210 207 205 204 206 208 209 211 212 212 211 212 213 212 211 208 205 205 209 210 211 213 213 211 209 208 208 212 216 220 223 223 218 214 211 207 205 209 209 203 205 210 212 212 214 217 216 213 216 226 228 216 206 213 221
196 196 196 196 196 196 196 196 196 197 197 197 197 197 197 198 198 198 199 199 200 200 200 200 201 202 205 210 214 214 212 210 208 204 205 207 210 213 212 207 204 203 202 205 208 207 209 211 210 209 209 212 213 211 206 201 204 210 213 210 209 210 210 211 212 212 212 213 217 220 220 217 213 210 204 202 210 215 205 197 204 209 210 211 214 214 210 212 222 225 214 202 208 217
196 196 196 196 196 196 196 196 196 197 197 197 197 197 197 197 198 198 199 199 199 199 199 199 199 199 201 207 210 211 213 213 210 207 205 204 206 211 212 206 202 201 200 202 204 202 204 208 210 208 206 208 209 208 204 198 201 208 208 205 207 211 213 215 218 217 214 213 215 217 219 217 212 207 201 198 207 216 212 198 199 206 209 211 214 215 212 213 221 223 216 203 204 214
195 196 196 196 196 196 196 196 197 197 198 198 198 197 197 197 197 197 198 198 198 198 197 197 197 196 197 200 204 207 211 212 210 207 203 197 199 205 208 203 198 197 197 198 199 198 200 205 209 206 201 204 207 207 205 196 195 202 207 206 208 212 214 214 216 217 214 212 214 217 218 216 210 207 202 199 206 218 219 211 201 201 207 214 219 221 219 219 223 223 219 211 206 212
196 196 196 196 196 196 196 196 197 197 197 198 198 197 197 197 197 197 197 197 197 197 197 196 195 192 191 194 199 202 206 209 210 206 197 190 191 197 201 197 194 194 195 197 196 196 198 200 203 202 198 200 204 207 206 198 193 200 209 213 214 216 217 216 217 217 212 210 216 220 220 217 213 210 205 201 205 217 224 222 210 198 206 218 225 226 224 223 224 223 221 218 213 214
196 196 196 196 197 196 196 197 197 197 197 197 197 197 197 197 196 196 196 196 197 197 196 195 193 190 188 192 196 200 206 210 208 202 193 187 188 193 196 194 192 193 194 197 197 196 197 197 198 200 200 201 205 209 209 203 200 204 213 220 221 219 221 223 222 219 211 210 220 226 225 222 219 213 203 199 203 212 222 224 216 202 205 218 222 221 220 221 222 223 223 223 223 225
196 196 195 196 197 196 196 196 197 197 197 197 197 197 197 197 196 196 196 196 196 195 195 194 191 189 188 190 195 202 208 208 205 202 195 188 188 191 193 194 194 195 197 200 200 198 198 198 201 206 207 208 210 215 214 207 206 211 218 226 224 217 218 223 225 219 209 210 222 230 228 223 218 208 199 198 201 209 218 222 218 207 206 215 220 222 223 225 227 228 229 229 230 234
196 196 196 196 197 196 196 197 197 197 197 197 197 197 197 197 196 196 195 195 195 194 193 193 191 188 187 188 191 196 200 200 201 204 201 189 186 191 194 197 200 200 201 203 203 202 203 205 209 212 214 214 215 218 217 209 206 212 220 227 226 216 211 217 223 220 207 206 219 227 222 213 209 202 197 197 199 205 214 221 219 212 212 216 221 227 231 232 232 233 234 234 233 236
196 196 196 196 196 196 196 197 197 197 197 197 197 197 197 197 196 196 195 194 194 193 192 191 190 188 186 185 186 188 192 197 201 206 205 189 183 191 197 200 203 203 204 206 206 207 210 212 214 216 217 217 218 220 219 212 208 212 219 225 223 211 203 210 219 220 211 205 216 221 215 208 206 201 197 195 195 200 209 217 218 216 216 217 216 219 225 227 227 228 230 233 235 236
196 196 196 196 196 196 196 197 197 197 196 196 197 197 197 197 196 196 195 194 194 193 191 189 189 188 186 184 183 184 190 197 201 204 204 194 184 191 199 201 204 207 209 212 213 215 216 217 218 219 220 221 222 222 221 218 215 215 221 225 223 211 198 204 216 220 218 211 213 217 213 210 209 204 199 196 195 198 206 214 216 215 216 219 216 214 220 222 221 222 225 227 230 234
195 196 196 196 196 196 196 197 197 197 196 196 197 197 197 196 196 196 195 194 194 193 191 189 188 187 186 185 184 185 189 193 197 199 201 199 192 195 202 206 210 213 215 216 216 218 217 216 217 217 218 219 220 219 217 217 217 219 224 229 228 217 200 199 211 219 220 215 212 214 214 216 215 210 204 198 197 203 212 217 217 216 217 222 223 216 216 219 218 217 220 222 227 233
196 196 195 196 197 197 197 197 197 197 197 196 196 197 197 196 196 195 195 194 193 193 191 190 188 186 185 185 187 186 184 186 190 196 202 204 201 202 209 214 216 217 217 216 215 215 213 213 215 216 216 215 214 213 212 212 215 217 220 227 229 221 205 197 205 215 219 218 214 214 218 223 223 214 205 200 200 207 216 221 219 218 220 224 227 222 212 214 215 214 216 221 227 233
196 196 195 196 197 198 197 197 197 197 197 196 196 196 196 196 195 195 195 194 193 193 192 190 188 186 184 184 185 182 181 182 188 197 205 206 207 211 216 218 216 216 214 213 213 213 211 211 212 214 214 211 209 211 211 210 210 213 216 220 224 220 209 198 200 213 221 223 219 216 217 221 218 209 203 203 200 200 211 218 216 217 219 222 226 224 210 207 213 214 215 220 227 232
196 195 196 197 198 198 198 198 197 197 196 196 196 196 196 196 195 195 195 194 194 193 192 191 189 186 184 181 179 179 180 183 190 198 204 207 210 216 218 215 213 212 210 209 209 209 207 205 206 208 208 205 204 208 210 206 204 207 210 212 215 214 210 202 200 212 225 228 223 216 213 211 207 204 203 205 198 191 205 216 213 211 215 219 225 224 213 203 208 213 215 220 230 236
196 196 197 198 198 198 198 198 197 196 196 196 196 196 196 196 195 195 195 194 194 193 192 191 189 187 183 178 176 179 183 185 189 196 204 208 209 211 213 213 212 210 207 204 205 206 205 202 201 205 206 202 198 200 203 200 196 198 203 206 208 210 213 210 205 211 226 230 223 214 209 208 208 207 205 205 196 184 195 210 211 210 215 220 227 227 217 204 204 211 214 221 234 238
198 197 197 198 198 198 198 197 196 196 197 197 196 196 196 196 195 195 195 194 194 193 192 191 190 187 184 179 178 182 185 185 188 196 204 207 206 206 209 210 209 207 204 201 202 203 203 200 198 202 206 201 192 191 198 199 195 196 202 206 209 212 217 217 210 210 223 227 219 211 209 212 215 209 203 203 194 183 188 204 210 210 214 220 226 227 218 206 204 209 212 223 234 238
198 198 198 198 198 198 197 197 197 197 196 196 196 196 196 196 195 195 195 194 193 193 193 192 191 188 186 183 182 183 186 187 188 194 200 202 203 205 204 204 202 201 201 200 198 197 197 197 196 198 203 200 191 189 197 203 202 202 208 215 217 216 217 218 214 212 218 219 213 209 211 214 213 203 198 199 193 184 188 202 210 209 212 216 219 218 213 207 207 210 213 223 232 236
