windninja/windninja_output/Output_2025-10-23_1500-1550_Google earth_Fire_150m_10min/merlingen_7.5mi_point_10-23-2025_1510_150m_vel.asc
ncols	158
nrows	163
xllcorner	391686.332397
yllcorner	5160024.123721
cellsize	150.000000
NODATA_value	-32768.000000
[rows 111 to 147 of 163, columns 0 to 83 of 158]
6.79 6.54 6.08 5.63 5.16 4.80 4.63 4.62 4.67 4.64 4.81 4.90 4.40 4.26 4.59 4.51 3.90 3.66 4.43 5.58 6.38 5.84 3.98 3.38 3.47 3.56 4.24 5.52 7.18 8.51 7.91 6.39 5.86 5.86 5.75 5.02 4.46 4.32 4.10 3.81 3.80 3.76 3.33 2.96 3.07 3.16 3.14 3.17 3.32 3.47 3.62 3.88 4.32 4.89 5.26 5.40 5.64 6.05 6.22 5.89 5.69 6.08 6.57 6.59 6.32 6.17 5.70 4.79 4.25 4.19 4.26 4.59 5.09 5.22 5.09 4.93 4.72 4.60 4.40 3.92 3.46 3.24 2.90 2.35
6.67 6.32 5.85 5.63 5.31 5.02 4.96 4.99 4.97 4.86 5.09 5.47 4.95 4.48 4.75 4.83 4.13 3.81 4.48 6.04 7.56 7.82 5.63 3.77 3.71 3.67 3.56 3.94 5.25 7.60 8.82 7.78 6.37 6.13 6.16 6.17 5.87 5.13 4.48 4.21 4.07 3.76 3.46 3.48 3.51 3.31 3.14 3.16 3.34 3.50 3.63 3.82 4.16 4.67 5.12 5.35 5.58 6.03 6.43 6.27 5.90 5.96 6.36 6.58 6.62 6.70 6.64 6.02 4.97 4.24 4.05 4.26 4.74 5.13 5.24 5.21 5.01 4.85 4.87 4.66 4.05 3.54 3.10 2.67
7.24 6.65 5.92 5.70 5.48 5.12 4.91 5.04 5.27 5.32 5.46 5.90 5.75 5.15 5.17 5.09 4.29 4.08 5.18 6.67 8.19 9.29 8.21 5.14 4.05 4.02 3.76 3.64 3.81 5.20 7.69 8.70 7.54 6.16 5.68 5.64 5.68 5.28 4.62 4.23 3.84 3.55 3.62 3.85 3.83 3.56 3.40 3.47 3.57 3.65 3.68 3.79 4.17 4.66 5.09 5.30 5.46 5.87 6.45 6.61 6.33 6.20 6.44 6.53 6.45 6.71 7.01 6.95 6.42 5.47 4.83 4.70 4.85 5.15 5.45 5.51 5.25 4.96 5.01 5.18 4.99 4.20 3.35 2.91
7.72 7.30 6.51 6.01 5.89 5.65 5.17 5.00 5.09 5.23 5.35 5.78 6.13 6.06 5.96 5.52 4.61 4.74 5.49 6.20 7.43 9.36 10.13 7.75 6.10 5.85 5.67 4.88 4.12 4.26 5.72 7.86 8.32 7.05 5.60 4.71 4.71 4.95 4.87 4.63 4.35 4.41 4.75 4.80 4.47 4.23 4.29 4.26 4.06 3.93 3.89 3.88 4.13 4.58 5.09 5.38 5.44 5.62 6.15 6.61 6.59 6.44 6.62 6.84 6.60 6.58 6.98 7.23 7.16 6.70 6.02 5.55 5.26 5.08 5.39 5.79 5.63 5.15 4.87 5.12 5.47 5.07 4.06 3.46
7.69 7.62 7.27 6.69 6.36 6.22 5.95 5.51 5.08 4.91 5.03 5.46 6.08 6.59 6.82 6.24 5.12 4.97 5.00 5.07 6.07 8.24 10.65 10.95 9.42 7.85 7.33 7.02 6.61 5.58 5.91 7.68 9.10 8.44 6.64 5.42 5.07 5.22 5.18 5.08 5.31 5.89 6.18 5.86 5.36 5.22 5.10 4.73 4.39 4.27 4.23 4.19 4.19 4.37 4.88 5.30 5.38 5.43 5.80 6.36 6.60 6.54 6.60 6.88 6.86 6.64 6.83 7.13 7.21 7.02 6.66 6.30 5.93 5.27 4.94 5.49 5.97 5.64 5.00 4.89 5.44 5.47 4.74 4.15
7.47 7.59 7.51 7.08 6.59 6.29 6.20 6.20 5.90 5.35 5.12 5.20 5.69 6.45 7.15 6.84 5.52 4.82 4.69 5.01 6.13 7.96 10.12 11.82 11.98 10.31 8.67 8.05 7.49 7.03 7.41 8.57 9.90 9.97 7.81 6.33 6.26 6.40 6.35 6.28 6.60 7.06 6.95 6.47 6.01 5.56 4.94 4.52 4.59 4.70 4.69 4.64 4.48 4.41 4.65 5.08 5.28 5.30 5.49 5.97 6.35 6.48 6.56 6.74 6.86 6.75 6.77 7.01 7.22 7.23 7.06 6.96 6.96 6.53 5.36 4.96 5.54 5.99 5.48 4.84 5.09 5.34 4.78 4.40
7.19 7.35 7.35 7.01 6.57 6.18 6.01 6.32 6.63 6.52 5.89 5.15 5.17 5.86 6.95 7.23 5.73 4.57 4.98 5.86 6.94 8.11 9.05 10.41 12.14 12.92 12.06 10.46 9.97 8.25 7.46 7.63 9.39 11.52 11.42 9.57 8.63 8.15 8.02 8.31 8.75 8.33 7.56 7.13 6.65 5.85 5.44 5.43 5.53 5.56 5.48 5.24 4.92 4.69 4.67 5.06 5.39 5.39 5.38 5.64 5.98 6.30 6.65 6.90 6.95 6.83 6.83 7.00 7.19 7.31 7.31 7.34 7.60 7.82 7.25 5.93 5.28 5.75 5.98 5.46 5.22 5.27 4.70 4.29
7.13 7.13 7.19 7.04 6.62 6.25 5.95 5.99 6.28 6.64 6.61 5.63 4.90 5.27 6.30 7.48 6.54 4.51 5.10 5.70 6.06 6.53 7.00 7.69 9.20 11.75 13.46 13.69 13.71 12.63 9.90 8.98 10.59 12.75 13.97 14.83 14.13 12.19 11.37 11.40 10.84 9.79 8.61 7.64 7.00 6.70 6.60 6.67 6.60 6.37 5.98 5.50 5.14 4.87 4.75 5.01 5.39 5.49 5.44 5.53 5.70 5.88 6.31 6.88 7.23 7.26 7.20 7.25 7.28 7.26 7.24 7.29 7.55 8.13 8.53 7.89 6.49 5.92 6.09 6.06 5.94 5.69 4.91 4.23
7.35 7.17 7.13 7.06 6.48 6.08 5.87 5.57 5.42 5.64 6.33 6.06 4.95 4.91 5.51 6.99 7.21 5.09 4.52 4.67 4.63 4.65 5.00 5.57 6.37 7.63 9.33 10.62 12.50 14.05 13.95 13.74 13.24 12.35 12.63 14.73 16.17 16.21 15.61 15.19 14.01 12.01 10.37 9.28 8.86 8.41 7.61 7.10 6.85 6.41 5.91 5.45 5.14 4.90 4.75 4.85 5.19 5.42 5.48 5.54 5.61 5.62 5.72 6.13 6.65 6.98 7.04 7.17 7.36 7.26 6.98 6.88 7.10 7.66 8.52 9.03 8.37 7.15 6.51 6.21 6.09 5.93 5.23 4.45
7.43 7.22 7.20 7.34 6.60 5.68 5.36 5.08 4.87 4.91 5.50 5.81 5.11 5.02 5.45 6.62 7.33 6.11 4.36 4.00 3.86 3.73 3.83 4.13 4.56 5.06 5.57 6.28 7.90 10.06 11.81 12.19 10.84 9.69 9.89 11.48 13.90 15.21 14.95 15.11 15.64 15.05 13.64 12.48 11.62 10.59 9.46 8.67 7.82 6.82 6.14 5.71 5.36 5.12 4.90 4.78 4.97 5.26 5.40 5.52 5.60 5.52 5.35 5.10 4.78 4.84 4.90 5.19 6.11 6.82 6.83 6.57 6.50 6.80 7.64 8.84 9.43 8.80 7.69 6.85 6.29 5.99 5.40 4.72
7.32 7.21 7.35 8.11 8.31 7.24 6.59 6.01 5.14 4.57 4.94 5.46 4.95 5.00 5.71 6.74 7.51 6.78 4.93 3.71 3.15 3.11 3.08 3.04 3.31 3.75 4.24 4.92 5.91 6.74 7.04 7.26 7.41 7.71 8.61 9.60 10.32 11.31 10.83 10.95 12.99 14.46 14.15 12.52 11.37 10.75 10.20 9.54 8.56 7.51 6.57 5.96 5.69 5.44 5.13 4.98 5.13 5.30 5.33 5.32 5.26 4.95 4.57 4.30 3.88 3.67 3.26 2.70 3.42 5.14 6.08 6.22 6.04 5.95 6.42 7.60 9.06 9.82 9.42 8.38 7.35 6.59 5.74 5.05
7.06 7.15 7.31 8.01 9.03 9.36 9.29 8.87 7.44 5.44 4.84 5.23 4.76 4.45 4.81 5.69 7.08 7.22 5.34 3.60 2.53 2.55 2.71 2.72 2.83 2.90 3.20 3.94 5.05 5.74 5.73 5.84 6.36 6.72 7.48 8.17 8.34 9.28 8.97 8.14 8.95 10.73 12.34 11.51 9.62 8.75 8.36 7.99 7.72 7.27 6.63 6.15 5.81 5.45 5.21 5.17 5.27 5.37 5.27 5.04 4.68 4.25 4.02 4.07 4.25 4.54 4.23 2.85 2.09 2.76 4.21 5.12 5.47 5.46 5.48 6.05 7.38 9.11 10.18 10.17 9.25 7.95 6.58 5.81
6.37 6.44 6.41 6.53 7.21 8.10 8.88 9.59 9.61 8.10 6.14 5.60 4.61 3.71 3.49 3.88 5.38 7.19 6.48 4.16 2.55 2.11 2.23 2.63 3.04 2.98 2.94 3.50 5.00 5.78 5.54 5.25 5.30 5.68 6.51 7.32 7.55 8.58 8.99 7.79 7.29 8.48 10.92 12.04 10.31 8.39 7.45 7.05 7.12 7.10 6.86 6.50 5.96 5.51 5.22 4.86 4.56 4.51 4.27 4.21 4.28 4.21 4.23 4.42 4.66 5.21 5.55 4.84 3.09 2.00 2.43 3.45 4.20 4.63 4.70 4.80 5.53 7.06 8.88 10.33 10.86 10.17 8.49 7.08
6.13 6.08 5.90 5.73 5.97 6.66 7.35 8.24 9.44 9.55 8.73 7.17 4.51 3.11 2.74 2.71 3.50 5.96 7.45 5.92 3.44 2.15 2.18 2.60 2.96 3.17 3.60 4.99 7.06 6.79 5.49 4.99 4.96 5.17 5.78 6.67 6.82 7.37 8.40 7.90 7.06 7.26 8.92 11.55 11.87 9.96 8.32 7.53 7.37 7.52 7.53 7.12 6.38 5.82 5.44 4.94 4.45 4.26 3.95 3.66 4.08 4.72 4.95 5.06 5.15 5.28 5.64 5.88 5.07 3.09 1.97 2.07 2.44 2.91 3.47 3.74 4.07 5.02 6.59 8.27 9.90 10.96 10.45 8.61
6.18 6.30 6.25 6.04 6.17 6.54 6.90 7.45 8.69 9.56 9.97 9.47 6.36 3.21 2.26 1.97 2.37 3.93 6.39 7.61 6.59 3.92 2.83 2.95 3.60 4.33 6.11 9.29 9.12 6.97 5.46 5.05 4.87 4.73 5.17 6.06 6.18 6.31 7.45 7.69 6.86 6.43 7.12 9.52 11.56 11.03 9.40 8.27 7.82 7.68 7.48 7.21 6.83 6.30 5.84 5.60 5.57 5.66 5.58 4.96 4.90 5.36 5.60 5.63 5.62 5.57 5.52 5.80 6.00 5.15 3.38 2.32 1.93 1.64 1.80 2.29 2.63 3.09 4.07 5.33 6.55 8.75 10.59 10.21
5.70 5.97 6.08 5.94 6.03 6.30 6.67 7.08 7.92 8.86 9.79 11.04 9.72 5.17 3.31 2.49 2.47 3.05 4.47 6.54 7.55 7.37 5.93 5.76 8.23 10.66 11.35 10.78 8.33 6.20 5.77 5.67 5.46 4.86 4.78 5.67 5.99 5.54 5.92 6.56 6.26 5.79 6.03 7.58 10.28 11.20 10.32 9.37 8.64 7.99 7.40 6.97 6.73 6.41 5.93 5.64 5.74 6.13 6.51 6.41 6.06 5.83 5.70 5.57 5.53 5.57 5.54 5.60 5.95 6.08 5.45 4.29 3.11 2.02 1.33 1.08 1.26 1.56 2.02 2.94 4.06 5.79 8.48 10.17
5.55 5.77 5.89 5.69 5.77 6.25 6.82 7.07 7.26 7.91 9.11 11.19 12.09 9.68 6.53 4.28 3.56 3.80 4.50 5.89 8.88 11.89 13.04 13.34 13.10 12.59 10.77 7.77 6.10 5.55 5.65 6.05 6.59 6.45 5.62 5.40 5.61 5.25 4.82 5.12 5.24 4.83 4.87 5.93 8.44 10.42 10.31 9.47 8.75 7.97 7.44 7.07 6.56 6.18 5.82 5.45 5.35 5.71 6.16 6.25 6.02 5.75 5.51 5.35 5.35 5.44 5.50 5.54 5.68 5.90 6.03 5.61 4.51 3.27 2.18 1.21 0.57 0.59 0.98 1.63 2.68 4.12 5.87 7.94
5.58 5.70 5.77 5.53 5.42 5.73 6.35 6.79 6.92 7.16 8.01 10.01 12.56 13.39 11.46 6.93 5.07 5.23 6.52 9.97 12.72 13.29 13.58 13.08 11.58 9.61 7.37 5.60 4.83 4.64 5.00 5.63 6.68 7.68 7.60 6.44 5.39 4.95 4.45 4.21 4.16 3.99 3.91 4.42 6.23 9.10 10.04 9.10 8.31 7.72 7.22 7.01 6.74 6.38 5.99 5.65 5.45 5.51 5.72 5.75 5.63 5.55 5.49 5.43 5.41 5.45 5.47 5.51 5.60 5.66 5.87 6.04 5.48 4.17 2.97 1.98 0.86 0.17 0.22 0.61 1.30 2.54 4.10 5.72
5.43 5.44 5.29 4.91 4.65 4.60 4.77 5.36 5.87 6.22 6.79 8.07 10.02 12.36 13.43 12.42 8.71 7.50 9.71 12.19 11.30 8.81 8.59 8.93 8.24 7.44 6.83 5.76 4.59 4.21 4.49 4.76 5.27 6.69 8.31 8.69 7.16 5.09 4.14 3.82 3.59 3.37 3.14 3.26 4.23 7.06 9.51 9.82 9.09 8.40 7.77 7.23 6.72 6.38 6.01 5.73 5.62 5.56 5.58 5.57 5.56 5.58 5.54 5.49 5.47 5.48 5.47 5.49 5.59 5.67 5.81 6.17 6.28 5.44 3.98 2.83 1.68 0.50 0.16 0.23 0.07 0.63 1.76 3.46
5.51 5.53 5.45 4.99 4.53 4.39 4.18 3.95 4.08 4.55 5.02 5.35 5.87 7.25 9.77 12.19 11.62 10.58 10.89 9.87 6.88 5.67 6.30 7.92 8.54 7.78 6.95 6.30 5.63 5.03 4.50 4.13 4.13 5.16 6.96 9.09 9.73 7.59 5.19 4.36 3.90 3.47 3.22 3.18 3.48 4.73 7.93 9.75 9.71 8.85 8.01 7.39 6.54 6.03 5.76 5.52 5.48 5.56 5.65 5.62 5.49 5.42 5.43 5.41 5.42 5.47 5.47 5.46 5.54 5.68 5.84 6.10 6.48 6.49 5.66 4.31 2.86 1.44 0.51 0.23 0.47 0.53 0.26 0.68
5.78 5.82 5.98 5.75 5.14 5.04 5.13 4.71 3.74 2.98 2.84 2.90 3.23 4.14 5.65 7.91 9.63 9.25 8.03 6.00 5.33 5.43 5.73 6.92 8.70 8.80 7.36 6.79 6.56 6.07 5.22 4.54 4.31 4.56 5.56 7.58 10.23 10.96 9.12 7.03 5.98 5.36 5.02 4.45 3.90 3.80 5.44 7.75 8.83 8.42 7.55 7.04 6.48 5.97 5.63 5.26 5.00 5.10 5.29 5.31 5.13 4.91 4.90 5.11 5.22 5.33 5.42 5.38 5.41 5.57 5.84 6.11 6.39 6.70 6.60 5.96 4.55 2.81 1.82 1.05 0.17 0.52 0.72 0.57
5.75 5.62 5.66 5.88 5.66 5.48 5.84 6.28 5.94 4.11 2.67 2.41 2.68 3.39 4.51 5.67 7.13 7.34 5.77 4.64 4.92 5.41 5.78 6.29 7.46 9.07 8.48 6.43 5.46 5.08 4.65 4.28 4.02 4.17 4.99 6.36 8.51 11.10 12.09 11.36 9.85 8.61 7.71 6.65 5.48 4.21 3.94 5.32 7.19 7.68 7.04 6.61 6.31 5.95 5.61 5.24 4.93 4.87 4.96 4.99 4.96 4.83 4.60 4.76 4.95 5.04 5.17 5.18 5.19 5.34 5.63 6.02 6.37 6.73 6.79 6.54 5.79 4.30 3.31 2.73 1.66 0.37 0.53 0.78
5.71 5.42 5.24 5.67 5.95 5.70 5.57 6.17 7.24 7.30 5.45 4.14 3.68 3.70 4.15 5.39 7.43 8.53 8.65 7.21 6.22 6.24 6.44 6.58 6.74 8.51 9.17 6.85 4.82 4.00 3.58 3.33 3.36 3.83 4.67 5.63 6.71 8.44 10.59 11.84 11.53 10.53 9.75 9.00 7.86 6.12 4.76 4.67 5.88 6.71 6.43 6.10 5.97 5.80 5.60 5.36 5.13 5.05 5.18 5.35 5.43 5.41 5.14 4.96 4.97 4.92 4.91 4.85 4.77 4.96 5.33 5.72 6.12 6.73 7.20 6.97 6.20 4.74 3.66 3.41 2.94 1.64 0.41 0.54
6.13 5.89 5.64 5.85 6.15 5.94 5.51 5.50 6.36 7.88 8.32 7.37 6.74 5.92 5.69 7.09 8.10 8.67 9.54 9.63 8.61 7.24 6.48 6.02 5.92 7.40 9.63 9.65 7.31 5.42 4.54 3.97 3.65 3.81 4.12 4.53 5.31 6.30 7.66 9.27 10.44 10.54 10.05 9.57 8.89 7.83 6.47 5.54 5.72 6.35 6.33 5.97 5.72 5.57 5.41 5.25 5.13 5.10 5.19 5.36 5.52 5.54 5.39 5.22 5.17 5.11 4.95 4.76 4.36 4.21 4.71 5.33 5.72 6.18 7.07 7.65 7.16 5.29 3.48 3.10 3.18 2.60 1.36 0.40
6.30 6.43 6.33 6.24 6.31 6.32 6.06 5.61 5.45 6.07 7.48 8.14 7.94 7.51 7.28 7.46 6.90 6.51 7.11 8.29 8.69 7.51 5.90 4.85 4.74 5.61 7.97 10.35 10.13 8.19 6.80 6.02 5.15 4.29 3.89 3.78 3.95 4.82 6.05 7.34 8.65 9.37 9.18 8.85 8.81 8.38 7.34 6.27 6.05 6.42 6.45 6.14 5.70 5.38 5.14 4.99 4.98 5.02 5.01 5.06 5.22 5.35 5.37 5.34 5.34 5.34 5.19 5.04 4.49 3.61 3.53 4.32 5.11 5.72 6.65 7.89 8.36 7.19 4.44 3.16 2.92 2.65 2.07 1.22
5.92 6.44 6.61 6.13 6.01 6.09 6.08 5.82 5.16 4.53 4.65 5.34 6.05 6.44 6.48 5.73 4.78 4.70 5.20 5.88 6.53 6.28 5.34 4.55 4.39 4.71 5.88 8.42 10.33 10.18 8.89 7.62 6.58 5.35 4.29 3.90 3.69 3.99 4.93 5.91 6.62 7.67 8.33 8.22 8.14 7.91 7.18 6.21 5.86 6.01 6.04 5.85 5.57 5.29 5.05 4.84 4.81 4.96 5.09 5.23 5.36 5.45 5.51 5.51 5.53 5.52 5.36 5.25 5.05 3.94 2.62 2.50 3.47 4.61 5.87 7.48 8.79 8.88 7.28 4.73 3.23 2.69 2.43 2.02
5.16 5.60 6.25 6.02 5.41 5.09 5.04 5.12 4.98 4.50 4.01 4.05 4.60 5.42 6.26 6.03 5.37 4.71 4.29 4.25 4.49 4.55 4.59 4.51 4.32 4.37 4.94 6.49 8.68 10.07 9.39 7.62 6.38 5.69 5.08 4.42 4.02 3.89 4.43 5.21 5.55 6.23 7.34 7.52 7.21 7.04 6.60 5.85 5.51 5.54 5.53 5.42 5.28 5.08 4.88 4.72 4.75 4.99 5.16 5.30 5.47 5.56 5.58 5.51 5.50 5.55 5.42 5.19 5.18 4.64 2.95 1.52 1.28 1.82 3.05 5.21 7.62 9.14 9.38 8.08 5.32 3.52 2.91 2.62
4.70 4.69 5.19 5.81 5.48 4.57 3.88 3.73 4.11 4.67 4.92 4.93 5.10 6.49 7.69 8.08 7.67 6.29 4.50 3.53 3.35 3.30 3.40 3.60 3.67 3.78 4.14 5.13 6.77 8.78 9.86 8.86 6.96 6.04 5.44 4.61 3.98 3.86 4.34 5.31 5.59 5.59 6.22 6.63 6.65 6.72 6.44 5.77 5.42 5.38 5.34 5.27 5.14 4.97 4.77 4.65 4.78 5.00 5.11 5.17 5.32 5.51 5.64 5.63 5.53 5.47 5.38 5.21 5.16 5.16 4.30 2.34 0.87 0.46 0.82 2.03 4.67 7.16 8.80 9.47 8.19 5.16 3.82 3.25
5.18 4.67 4.29 5.09 5.99 5.73 4.41 3.38 3.23 3.77 4.74 5.53 6.45 7.64 7.81 7.62 7.70 7.54 6.91 5.38 4.01 3.23 2.99 2.93 2.93 3.20 3.62 4.08 5.06 6.81 9.06 10.24 9.46 7.46 5.83 4.77 4.30 4.35 4.44 5.03 5.59 5.55 5.59 5.78 6.02 6.30 6.25 5.78 5.44 5.29 5.18 5.16 5.14 5.11 5.01 4.89 4.93 5.01 5.08 5.13 5.19 5.34 5.57 5.80 5.91 5.83 5.69 5.69 5.68 5.66 5.37 4.12 2.16 0.99 0.68 0.82 2.00 4.36 6.28 8.20 8.96 7.62 6.27 5.27
5.94 5.37 4.47 4.42 5.36 6.51 6.54 5.31 4.20 3.77 4.28 5.48 6.94 7.06 5.71 5.27 5.81 6.58 7.33 7.88 7.22 5.48 4.05 3.16 2.89 3.08 3.36 3.50 3.84 4.89 6.51 8.72 10.14 9.55 7.90 6.70 5.98 5.31 4.49 4.37 5.16 5.41 5.36 5.22 5.29 5.63 5.75 5.55 5.34 5.16 4.96 4.81 4.84 5.10 5.30 5.24 5.09 5.05 5.10 5.11 5.15 5.30 5.50 5.88 6.53 7.06 7.06 6.99 6.85 6.73 6.59 5.91 4.05 2.05 1.24 1.08 1.16 2.51 4.13 5.99 7.66 7.79 7.08 6.54
6.17 6.07 4.97 3.73 3.56 4.63 6.57 7.34 6.88 6.03 5.26 5.68 6.11 4.95 3.84 3.76 4.10 4.70 5.59 7.27 8.88 9.18 7.80 5.74 4.48 3.72 3.36 3.22 3.22 3.64 4.52 6.27 8.71 10.23 9.94 8.78 7.66 6.63 5.19 4.47 4.92 5.26 5.27 5.07 4.99 5.18 5.34 5.30 5.17 5.01 4.78 4.42 4.03 4.21 4.84 5.18 5.24 5.24 5.30 5.35 5.41 5.58 5.74 6.10 7.05 8.34 9.23 9.57 9.49 9.39 9.07 8.55 6.93 4.20 2.89 2.22 1.80 2.13 2.94 3.85 5.27 6.12 5.77 5.18
5.83 6.24 5.60 3.67 2.76 2.95 3.98 5.93 7.50 7.70 6.87 5.87 4.79 3.00 2.59 2.72 3.16 3.83 4.60 5.49 7.01 9.11 10.14 9.91 8.69 6.79 4.89 3.51 2.94 2.90 3.28 4.32 6.25 8.39 9.67 9.41 8.43 7.45 6.29 5.29 5.27 5.55 5.54 5.37 5.18 5.08 5.08 5.09 5.01 4.84 4.64 4.36 3.68 3.04 3.34 4.21 4.81 5.09 5.35 5.67 5.83 5.92 6.03 6.25 6.85 7.89 9.09 10.18 10.91 11.27 11.16 10.75 9.92 8.06 5.33 4.16 3.58 3.78 3.89 3.72 4.16 5.15 5.03 4.10
5.67 6.26 6.53 5.17 3.53 2.78 2.55 3.18 4.78 6.29 6.80 5.75 3.56 2.45 2.44 2.81 3.32 3.88 4.29 4.29 4.27 5.28 7.34 9.39 10.15 9.90 8.74 6.44 4.33 3.56 3.52 3.76 4.24 5.56 7.78 8.68 8.14 7.03 6.29 5.75 5.59 5.77 5.77 5.61 5.43 5.20 5.01 4.93 4.85 4.70 4.55 4.47 4.19 3.43 3.01 3.27 3.95 4.55 4.91 5.28 5.66 5.90 5.97 6.01 6.05 5.96 6.04 6.77 8.03 9.59 10.73 10.95 10.64 9.79 7.83 6.06 5.67 5.77 5.95 5.50 4.68 5.09 5.21 4.23
6.12 6.06 6.58 6.87 5.45 3.68 2.53 2.22 2.39 3.14 4.34 5.12 4.35 3.86 3.79 3.69 3.62 3.75 3.62 3.03 2.70 2.79 3.54 5.20 6.80 8.03 8.99 9.16 8.12 6.48 5.08 4.19 3.79 3.79 5.55 6.74 6.65 6.12 5.85 5.71 5.58 5.66 5.68 5.58 5.43 5.21 4.99 4.87 4.81 4.72 4.60 4.51 4.45 4.08 3.38 2.96 3.31 3.97 4.35 4.63 5.24 5.86 6.02 5.75 5.33 4.85 4.44 4.30 4.62 5.76 7.85 9.47 10.08 10.00 8.92 7.47 6.68 6.56 6.99 6.87 5.77 5.53 5.48 4.65
6.74 5.65 5.22 6.65 7.38 6.36 4.46 2.96 2.37 2.45 2.78 4.90 6.74 7.33 6.93 6.05 5.30 4.63 3.45 2.41 2.01 1.99 2.13 2.41 3.02 3.99 5.47 7.58 8.77 8.85 7.68 5.89 4.55 3.76 4.25 5.31 5.49 5.28 5.25 5.39 5.49 5.55 5.56 5.48 5.32 5.12 4.93 4.84 4.85 4.83 4.74 4.55 4.29 3.94 3.40 3.01 3.17 3.69 4.42 5.01 5.49 6.01 6.35 6.14 5.55 5.03 4.53 3.88 3.43 3.52 4.47 6.61 9.04 9.87 9.02 7.71 6.53 6.12 6.98 7.75 6.96 6.26 5.95 5.33
7.52 5.63 4.08 5.17 7.25 8.55 8.41 6.58 4.80 3.71 4.21 6.61 8.39 9.54 9.92 9.62 9.07 8.32 7.02 5.40 4.28 3.36 2.46 1.79 1.75 2.15 2.73 3.53 5.03 6.86 7.96 7.56 6.14 4.53 4.12 4.81 5.00 4.88 4.83 5.00 5.28 5.44 5.50 5.48 5.35 5.17 5.02 4.89 4.83 4.76 4.68 4.50 4.14 3.81 3.60 3.51 3.60 3.94 4.74 5.38 5.65 5.82 6.15 6.55 6.68 6.52 6.06 5.23 4.55 4.10 3.73 4.32 6.84 9.05 8.98 7.89 6.51 5.19 5.60 7.57 8.12 7.50 6.95 6.23
8.43 5.93 3.60 3.71 4.83 7.08 8.87 9.27 8.05 6.46 7.67 8.42 7.98 8.08 8.81 9.52 9.67 9.75 10.00 10.00 9.51 8.30 6.38 4.32 2.66 2.16 2.21 2.27 2.51 3.08 4.25 6.01 5.93 4.76 4.44 4.88 5.03 4.96 4.92 4.93 5.10 5.31 5.47 5.61 5.60 5.40 5.22 5.08 4.95 4.79 4.71 4.60 4.19 3.59 3.26 3.21 3.52 4.04 4.41 4.77 5.10 5.27 5.51 6.12 6.90 7.46 7.81 7.90 7.77 7.43 6.83 6.35 7.07 8.72 9.15 8.66 7.99 6.64 6.05 7.50 8.99 9.16 8.54 6.95
