windninja/windninja_output/Output_2025-10-23_1500-1550_Google earth_Fire_150m_10min/merlingen_7.5mi_point_10-23-2025_1540_150m_ang.asc
ncols	158
nrows	163
xllcorner	391686.332397
yllcorner	5160024.123721
cellsize	150.000000
NODATA_value	-32768.000000
[rows 0 to 41 of 163, columns 0 to 93 of 158]
225 225 223 219 218 219 218 215 215 216 215 212 209 211 216 224 232 235 236 240 235 219 214 217 222 226 226 222 221 222 223 225 227 227 226 232 237 239 241 238 235 234 236 238 241 243 248 248 241 235 232 231 231 232 233 234 234 236 238 238 237 235 235 234 231 230 231 235 240 243 242 241 239 238 238 239 240 243 245 245 243 241 241 244 247 245 241 240 241 239 237 238 237 235
224 224 222 219 219 220 219 218 219 218 215 210 206 209 216 222 227 227 228 231 226 214 212 217 222 224 223 221 222 224 225 226 227 227 228 231 233 234 234 233 232 233 233 235 236 237 239 240 238 236 235 235 235 236 235 235 235 235 237 238 237 236 235 235 233 232 234 237 240 242 241 240 239 239 239 239 239 242 244 244 242 241 242 243 245 245 242 241 241 240 240 241 240 238
220 221 219 218 220 220 218 220 220 217 211 204 202 207 215 220 221 220 222 223 218 211 209 216 222 223 221 221 223 225 227 228 227 228 229 229 229 228 229 228 229 230 230 232 232 231 232 232 232 234 235 236 236 237 236 235 235 235 236 236 236 235 235 235 235 235 237 239 241 241 239 239 240 240 241 239 238 241 243 241 238 239 243 242 243 244 241 239 240 241 244 244 242 241
213 216 217 216 218 216 214 214 213 209 205 200 201 207 214 220 221 220 221 221 219 214 209 211 219 220 219 219 219 221 224 226 227 228 227 227 228 228 228 227 227 226 228 230 229 229 229 229 228 228 229 230 231 233 234 234 236 236 236 236 235 234 235 235 235 236 238 240 242 241 238 239 241 242 242 241 240 242 242 240 235 238 241 240 243 245 239 237 237 237 239 242 242 240
207 212 215 215 215 213 211 211 210 208 205 201 200 206 215 221 223 223 223 223 222 219 212 207 214 217 216 215 215 216 218 221 223 224 225 225 227 227 227 225 224 224 225 227 227 227 228 228 228 228 228 229 230 232 233 235 236 237 237 237 236 235 235 236 236 236 238 241 243 240 239 240 242 242 241 242 245 246 243 239 237 239 241 240 244 245 242 239 238 235 235 237 239 238
207 210 213 214 214 212 211 212 212 210 207 203 200 207 217 222 225 226 226 226 226 224 217 207 211 215 216 215 215 214 215 218 220 220 221 222 223 223 223 222 222 223 226 227 227 229 229 229 229 229 228 229 231 233 235 235 236 237 237 237 236 235 235 236 236 237 238 241 242 239 237 240 243 241 239 240 243 246 244 239 239 243 245 243 244 245 245 246 246 242 238 238 236 235
210 211 212 213 213 212 213 214 213 211 208 204 201 208 219 224 225 225 225 225 226 226 221 211 210 215 217 218 217 216 216 218 220 219 219 219 220 220 221 222 223 225 228 229 230 231 231 231 230 229 228 230 231 232 235 237 237 237 237 236 235 233 232 234 235 236 238 241 241 237 235 238 240 238 237 238 240 242 239 236 240 244 245 245 245 246 247 250 254 255 252 249 244 241
211 211 212 213 215 215 217 217 215 212 208 203 201 208 219 224 224 224 224 223 224 225 223 216 210 212 216 218 218 217 219 222 222 222 222 222 222 223 224 225 227 228 230 232 233 234 233 233 232 230 230 231 231 231 235 237 237 237 237 236 234 231 230 231 233 235 238 240 240 237 236 238 238 236 236 238 241 240 235 235 243 246 244 243 244 244 246 248 252 258 261 260 256 253
210 211 213 214 216 219 220 219 216 212 208 204 200 206 217 222 222 223 224 223 224 225 223 218 211 206 212 217 218 220 224 225 224 225 227 228 228 228 229 230 231 233 234 234 235 235 234 235 233 231 231 233 232 233 237 238 237 237 237 236 235 234 233 233 234 236 238 239 238 236 238 241 240 238 237 239 242 239 235 238 246 249 246 243 241 241 242 243 245 246 249 253 255 254
210 211 213 214 215 217 219 218 215 212 209 205 201 205 216 222 222 223 222 222 223 224 222 218 212 206 207 215 217 220 225 226 225 228 231 231 231 231 232 233 234 235 235 235 236 236 235 236 235 232 234 236 234 237 240 240 239 239 239 239 240 240 240 239 241 241 241 240 237 236 239 243 242 240 239 240 242 240 236 239 244 247 247 246 246 245 244 244 242 239 239 243 248 248
210 211 213 214 214 215 215 215 214 212 210 208 204 205 216 223 224 224 222 222 223 222 222 218 214 209 206 212 217 220 226 228 228 232 234 233 232 233 234 234 234 235 235 236 238 239 238 238 238 238 241 241 240 242 245 246 245 246 246 245 246 248 247 249 252 251 247 243 238 238 241 243 242 240 239 240 243 244 241 242 242 243 244 247 251 252 251 252 249 241 241 246 249 247
210 211 213 213 213 214 214 214 213 212 211 210 207 206 215 223 224 224 223 224 224 224 223 220 216 213 210 214 221 225 229 232 233 236 237 236 235 235 235 235 235 236 236 235 237 239 240 242 243 246 251 252 252 255 256 255 253 252 252 252 255 257 259 264 266 263 258 251 243 243 244 243 241 239 236 237 239 241 243 243 242 241 241 242 248 250 251 254 250 242 246 251 251 250
210 211 212 213 213 213 214 214 214 213 213 211 209 209 216 225 227 226 225 225 226 226 226 224 222 220 218 220 225 229 231 233 235 236 237 238 238 238 237 236 236 237 236 235 237 238 238 241 246 252 257 260 262 264 266 266 262 257 254 256 260 263 269 277 279 275 270 263 257 252 248 244 243 240 236 235 236 238 239 239 241 242 242 244 246 245 248 251 246 239 247 252 251 252
210 211 212 212 212 213 214 214 214 214 213 213 211 211 217 227 232 230 228 228 228 228 229 229 228 224 222 223 226 228 232 235 237 237 236 237 238 239 239 238 239 240 240 242 245 244 241 239 243 250 254 258 260 262 267 271 270 262 254 252 257 261 265 272 277 278 278 279 280 271 256 250 247 244 240 240 242 243 241 240 243 246 247 248 246 244 248 250 245 242 250 254 253 253
210 211 211 212 212 213 214 214 214 214 214 214 211 209 215 225 230 230 230 232 232 231 232 231 229 226 223 224 226 228 232 236 237 236 236 237 237 239 240 242 246 247 248 253 254 251 249 244 240 241 246 249 249 252 256 260 263 258 248 247 251 254 256 257 258 264 271 278 287 294 277 261 255 249 246 247 250 250 247 249 253 253 252 251 248 247 251 250 246 246 254 259 257 257
210 210 211 212 212 213 214 214 215 215 214 214 212 208 212 221 225 226 227 231 232 231 230 229 229 227 224 224 226 227 230 232 231 232 236 240 243 245 246 248 250 249 248 250 249 245 246 248 243 240 239 238 237 239 240 242 244 243 240 244 249 251 251 247 245 251 258 264 272 290 298 280 266 256 252 252 252 251 252 257 259 257 256 255 252 251 252 252 249 248 253 258 258 258
210 210 211 212 212 213 214 214 215 215 215 214 213 210 212 221 225 225 225 226 228 228 227 228 228 227 224 224 225 226 229 231 231 235 241 247 250 250 248 247 245 243 242 242 240 239 240 240 242 243 239 234 232 234 235 235 236 235 234 241 247 249 248 243 242 247 251 256 260 266 285 290 279 270 262 256 252 252 256 258 255 254 255 255 255 255 254 253 256 256 254 254 254 254
210 210 211 211 212 213 213 214 214 215 215 215 215 214 215 223 228 227 226 226 227 228 228 229 229 229 227 226 227 229 232 233 234 237 240 243 244 243 240 239 239 238 240 240 238 238 238 235 235 239 240 237 235 235 235 235 235 234 232 238 244 246 244 240 242 246 249 252 253 255 262 274 278 278 274 263 257 257 259 257 254 254 255 253 253 254 254 254 258 263 261 255 252 252
209 210 210 211 212 212 213 214 214 215 216 216 216 217 218 224 229 230 230 230 230 230 230 231 232 232 231 230 231 234 235 234 233 233 235 237 239 239 238 238 239 239 240 239 238 239 239 237 236 238 240 241 239 237 235 235 235 235 234 237 242 243 241 240 243 246 249 249 249 251 254 256 261 267 272 271 268 265 261 258 258 259 258 253 250 249 250 251 255 261 264 259 255 253
209 210 210 211 211 212 213 214 215 215 216 217 217 218 220 224 229 231 231 231 230 230 230 230 231 231 231 231 232 233 233 232 232 234 238 240 240 239 237 237 236 235 236 236 236 237 238 238 238 240 241 241 241 238 236 234 234 235 236 239 242 243 243 243 245 248 249 247 247 249 249 246 248 252 255 260 262 262 261 259 260 261 259 255 250 248 248 249 253 257 260 258 256 255
210 209 210 210 211 212 213 214 215 215 216 217 218 218 220 223 226 228 229 228 228 228 228 228 228 229 230 230 230 230 229 227 229 232 234 235 235 233 230 230 231 232 233 234 235 237 238 237 237 240 240 240 240 240 239 237 236 236 237 238 240 242 245 245 246 248 248 247 248 248 243 240 244 249 249 245 243 246 250 254 257 257 256 255 252 250 249 249 253 257 258 254 253 254
209 209 209 210 211 212 213 214 215 215 216 217 218 219 220 222 223 225 226 226 226 226 226 226 227 228 229 229 229 229 226 224 225 228 228 228 229 229 227 228 229 230 232 234 236 238 239 238 236 237 238 239 239 240 241 241 240 239 237 237 237 241 245 245 246 248 247 248 248 244 239 237 242 249 250 241 234 237 242 246 250 252 253 254 253 250 248 249 254 257 255 247 247 252
208 209 209 210 211 212 213 214 215 215 216 217 218 219 220 221 222 223 224 224 224 225 225 225 226 227 227 228 228 228 225 221 223 227 228 230 231 231 230 230 230 230 231 234 237 238 236 235 234 235 238 239 238 239 240 240 241 240 237 236 237 241 245 245 247 248 246 246 243 238 235 236 241 247 248 240 231 235 239 241 242 243 247 251 252 251 249 250 253 254 251 240 241 250
208 208 209 210 211 212 213 214 215 216 216 216 217 218 219 220 220 222 223 223 223 223 223 223 224 225 226 227 229 229 226 222 225 230 232 234 236 235 233 232 230 230 231 233 236 235 233 233 234 235 238 238 238 239 239 238 240 240 236 235 238 242 246 250 251 248 245 243 240 236 235 237 244 248 245 236 231 239 242 240 239 239 242 245 249 253 254 254 253 253 248 235 240 250
208 208 209 210 211 212 213 214 215 216 216 216 217 218 218 219 220 221 222 222 222 222 222 222 222 224 225 228 232 232 229 227 230 232 233 234 235 235 235 233 231 230 230 232 234 232 231 233 235 236 238 239 239 239 238 237 238 238 236 236 240 244 249 252 252 249 245 242 239 239 240 243 249 250 241 232 236 248 248 243 240 238 237 239 243 251 256 257 257 255 246 232 241 250
208 208 209 210 211 212 212 214 215 216 216 217 217 218 218 219 220 220 221 221 221 222 221 221 221 221 222 226 231 233 232 232 232 231 231 231 231 234 236 234 231 230 229 233 234 230 231 234 234 235 237 239 240 241 240 237 235 235 236 240 244 250 252 249 244 241 239 236 236 239 244 251 254 249 236 227 236 250 255 248 244 240 235 234 239 243 247 251 256 255 245 231 238 247
208 208 209 210 211 211 212 214 215 215 216 217 217 218 219 219 220 220 220 221 221 221 220 219 218 217 217 223 229 231 231 233 236 235 232 229 228 232 235 232 230 229 230 233 233 228 228 232 233 233 233 236 240 241 241 234 229 232 237 241 250 257 256 248 240 235 231 229 232 238 248 255 254 246 231 221 233 246 256 258 252 245 238 236 238 239 237 240 249 252 246 234 238 243
207 208 209 209 211 211 212 214 215 215 216 217 218 218 219 219 220 220 220 220 220 219 218 217 215 213 213 220 225 226 228 233 236 236 236 231 229 232 234 232 228 229 230 230 228 223 224 227 231 231 229 231 234 237 237 228 221 228 235 241 251 257 255 248 241 236 229 227 232 241 250 253 249 241 227 218 231 243 250 259 260 252 246 245 245 241 235 236 243 247 245 241 243 245
207 207 209 210 211 211 212 214 215 215 216 217 218 218 218 219 219 219 219 219 219 218 217 215 213 209 210 215 219 220 224 228 230 231 231 227 226 230 232 228 224 225 225 225 224 220 221 224 229 229 224 227 231 233 233 220 213 225 236 245 252 252 247 241 238 235 228 227 237 247 251 248 242 235 225 222 234 245 248 254 263 261 255 254 252 247 241 241 244 244 243 244 251 252
207 208 209 210 211 212 213 214 215 216 216 217 218 218 218 218 218 218 218 218 218 218 216 215 211 207 207 211 213 214 218 223 225 226 223 214 214 222 227 222 218 219 218 220 219 217 219 222 225 223 219 222 227 230 228 217 211 227 240 249 254 250 242 236 236 235 229 230 244 253 254 247 238 232 225 226 237 245 248 253 262 267 262 258 255 251 248 249 248 244 241 244 252 260
207 207 208 210 211 212 213 214 215 215 216 217 218 218 218 218 218 218 218 218 218 217 216 214 210 206 206 210 212 214 219 223 224 223 218 207 207 218 223 219 216 216 215 218 218 215 219 221 224 223 219 222 226 229 228 218 218 233 245 252 253 248 241 237 238 238 233 236 249 257 257 249 241 235 227 227 232 239 245 251 257 262 264 261 256 252 251 251 249 244 241 243 249 262
208 207 208 210 212 212 212 213 215 215 216 217 218 218 218 218 218 218 218 218 217 216 215 213 210 207 206 208 211 216 223 226 225 225 220 206 207 218 222 219 218 218 219 222 221 219 223 228 230 230 230 231 231 233 231 221 223 237 249 254 251 241 235 236 241 243 238 240 251 256 255 247 244 239 229 226 228 235 242 247 249 250 257 261 260 258 256 253 251 248 246 245 247 257
208 208 208 210 212 212 212 214 215 215 216 217 217 218 218 218 218 218 218 217 217 216 214 212 210 207 205 204 205 210 217 221 223 227 225 210 208 221 224 223 224 223 223 226 226 226 231 234 234 236 238 238 237 237 233 224 226 236 246 252 249 237 227 231 240 245 242 242 249 252 248 243 244 238 229 225 226 232 240 245 244 241 248 258 261 261 260 256 253 251 251 249 249 255
207 208 209 210 212 213 213 214 215 216 216 217 217 218 218 218 218 217 217 217 217 215 213 211 210 207 204 202 200 204 212 219 222 227 228 214 207 221 224 223 225 224 225 228 229 232 237 237 237 239 240 241 241 241 236 232 232 237 242 245 245 233 220 227 238 243 245 248 250 249 244 241 241 234 227 225 226 231 237 240 238 236 243 253 257 255 255 254 251 249 249 250 254 258
207 207 209 211 212 212 213 214 215 216 216 217 218 218 218 218 217 217 217 216 216 215 213 211 210 208 205 201 199 205 216 222 224 226 226 217 207 218 223 223 225 226 229 232 235 239 241 240 240 242 242 243 244 244 242 241 242 244 243 243 242 232 218 224 236 240 244 250 256 254 246 241 239 233 229 228 230 235 238 236 233 232 237 246 252 250 249 250 249 246 246 249 255 261
207 207 209 211 212 212 213 214 215 216 216 217 217 218 218 218 218 218 217 217 216 215 214 213 211 209 206 203 202 210 220 223 224 225 225 219 211 216 224 225 227 230 233 235 237 241 241 239 241 241 241 241 242 242 242 243 245 247 247 247 245 238 224 224 233 238 242 248 258 259 250 243 240 236 235 234 235 241 245 243 237 233 235 241 247 250 249 247 246 245 247 250 255 260
207 208 209 211 213 213 214 214 215 216 216 217 217 218 218 218 218 218 217 217 216 216 215 214 212 210 206 204 206 214 218 219 222 226 227 223 217 218 225 230 232 233 234 235 237 238 236 237 239 239 239 239 238 238 239 240 241 242 245 247 247 242 231 226 232 237 241 247 253 254 248 247 246 243 239 235 233 238 245 251 246 239 237 239 245 252 253 247 245 247 250 252 255 258
208 208 210 212 213 214 214 215 216 217 217 217 217 217 217 217 217 217 217 217 217 216 216 214 212 209 206 203 205 212 213 216 223 229 230 226 221 223 229 232 232 233 234 234 236 236 234 235 235 237 239 238 235 237 239 238 237 237 239 242 244 241 235 229 232 239 245 249 249 243 240 244 247 245 236 233 232 229 238 246 247 242 238 238 243 250 251 246 247 250 253 253 256 261
208 208 210 212 214 215 215 216 216 216 216 216 217 217 218 217 217 217 217 217 217 216 216 215 213 210 206 201 203 211 215 219 225 228 230 226 221 226 231 230 230 231 231 232 233 233 231 229 228 231 234 233 231 233 237 235 231 231 233 235 236 235 232 228 230 241 250 253 247 237 237 241 243 237 228 233 234 221 230 239 240 238 238 239 245 248 245 244 248 251 251 254 261 265
210 210 212 213 214 215 216 216 216 216 216 216 217 217 218 217 217 217 217 217 217 217 216 216 214 211 207 203 207 217 222 224 225 228 229 223 218 223 227 228 230 231 231 229 228 229 230 227 225 228 232 230 225 226 229 227 222 223 226 228 228 227 228 229 230 239 251 253 245 239 242 244 242 232 225 235 234 210 220 232 231 231 238 245 250 250 247 245 247 248 247 254 264 265
212 212 213 214 215 215 216 216 216 216 216 217 217 217 217 217 217 217 217 217 217 217 216 216 215 213 211 210 213 222 227 227 227 229 228 222 219 221 224 226 227 228 229 227 226 228 227 224 222 226 231 230 222 220 224 224 219 219 225 228 227 226 228 232 233 238 248 249 243 243 246 245 242 231 228 238 232 201 210 227 227 227 235 245 250 252 251 246 245 247 247 254 260 260
213 213 214 214 215 215 215 216 216 216 216 216 216 217 217 217 217 217 217 217 217 217 217 217 217 215 214 214 215 221 227 228 227 228 223 219 221 224 225 224 222 222 223 223 223 222 220 218 217 222 229 230 223 221 227 229 226 225 231 234 232 228 230 233 234 238 244 244 242 241 240 239 238 230 231 239 226 197 205 223 228 227 233 241 247 250 246 240 242 247 250 253 253 255
