windninja/windninja_output/Output_2025-10-23_1500-1550_Google earth_Fire_150m_10min/merlingen_7.5mi_point_10-23-2025_1530_150m_vel.asc
ncols	158
nrows	163
xllcorner	391686.332397
yllcorner	5160024.123721
cellsize	150.000000
NODATA_value	-32768.000000
[rows 111 to 147 of 163, columns 0 to 83 of 158]
6.64 6.95 7.47 7.74 7.73 7.67 7.63 7.78 7.95 7.98 8.41 8.73 7.86 7.59 8.48 8.47 6.22 4.27 5.74 8.70 11.08 10.89 7.36 5.31 5.22 5.66 6.72 8.47 12.14 15.61 14.92 11.93 10.55 12.08 14.34 12.59 9.39 7.49 5.61 3.91 3.48 4.06 4.13 3.05 2.46 2.20 1.76 1.43 1.19 0.89 1.31 2.30 3.53 4.84 5.59 5.71 6.13 7.18 7.72 7.02 6.60 7.40 8.15 7.94 7.58 7.65 7.26 6.09 5.22 4.91 4.97 5.93 7.11 7.33 7.23 7.22 6.98 6.79 6.61 6.18 5.78 5.65 5.08 4.13
6.62 6.89 7.37 7.75 7.80 7.66 7.69 7.85 7.99 7.88 8.36 9.37 8.61 7.59 8.45 8.71 6.07 3.69 4.88 8.18 11.47 12.71 9.23 5.14 5.04 5.98 5.76 6.05 8.49 13.28 15.95 14.15 11.52 12.60 14.61 13.09 10.05 7.46 4.95 3.95 3.61 4.04 4.51 3.91 2.62 1.98 1.56 1.36 1.31 0.99 0.69 1.39 2.64 4.18 5.26 5.47 5.73 6.78 7.74 7.45 6.75 6.99 7.74 7.95 7.81 7.97 8.08 7.31 5.98 5.08 4.97 5.70 6.74 7.27 7.43 7.51 7.24 6.90 7.00 6.92 6.41 5.96 5.22 4.41
7.16 7.16 7.28 7.64 7.82 7.59 7.41 7.61 7.94 7.94 8.29 9.64 9.42 7.96 8.57 8.97 6.03 3.23 4.25 7.14 10.66 13.65 12.25 6.80 5.45 6.85 6.44 6.05 6.32 8.82 13.63 15.69 14.39 14.18 15.00 12.92 9.90 7.41 5.09 4.14 3.70 4.05 4.95 4.75 2.90 1.48 1.12 1.04 1.13 1.13 0.70 0.45 1.75 3.47 4.85 5.26 5.37 6.19 7.46 7.75 7.14 6.91 7.54 7.92 7.59 7.81 8.29 8.16 7.44 6.21 5.57 5.94 6.57 7.01 7.51 7.82 7.53 7.01 7.00 7.29 7.36 6.59 5.33 4.62
7.35 7.48 7.56 7.65 7.92 7.86 7.47 7.29 7.35 7.58 8.04 9.22 9.40 8.55 9.24 9.55 6.25 2.81 3.23 5.36 8.54 12.74 14.12 10.27 8.08 8.19 7.89 7.10 6.68 6.78 9.40 14.21 16.54 16.62 15.31 11.97 9.29 7.64 5.73 4.37 4.02 4.48 5.30 5.12 3.18 1.30 0.73 0.65 0.70 0.94 0.94 0.44 0.78 2.59 4.32 5.10 5.17 5.63 6.84 7.66 7.40 6.93 7.41 8.14 7.67 7.46 8.03 8.34 8.20 7.48 6.66 6.61 6.85 6.76 7.24 8.05 7.99 7.36 6.83 7.12 7.91 7.44 5.80 4.93
6.87 7.45 8.03 7.98 8.00 8.04 7.95 7.54 7.09 7.19 7.82 8.47 8.43 8.63 10.16 10.58 6.80 2.49 2.30 3.44 6.11 9.92 13.28 13.52 11.57 9.47 8.55 8.32 8.75 7.13 7.19 11.82 16.92 18.59 15.93 11.70 8.73 7.24 6.02 4.77 4.44 5.04 5.55 5.31 3.83 1.97 0.83 0.37 0.30 0.48 0.82 0.87 0.35 1.52 3.57 4.83 5.09 5.28 6.14 7.24 7.36 6.97 7.25 8.08 7.97 7.33 7.65 8.20 8.35 8.01 7.50 7.40 7.56 7.14 6.79 7.63 8.36 8.01 7.01 6.78 7.90 7.98 6.46 5.32
6.18 7.09 8.03 8.16 8.03 7.84 7.90 7.96 7.84 7.76 8.08 7.62 6.94 7.76 10.40 11.63 7.67 2.51 1.82 2.28 4.60 7.38 10.17 13.02 13.74 11.78 9.38 9.12 10.16 8.01 6.52 9.84 15.51 19.22 17.03 11.86 8.41 6.69 6.37 5.66 5.08 5.45 5.64 5.55 4.64 2.67 1.19 0.49 0.35 0.13 0.49 0.95 0.90 0.78 2.66 4.39 5.05 5.12 5.60 6.64 7.02 6.91 7.20 7.87 7.99 7.38 7.44 8.00 8.33 8.26 7.98 7.97 8.39 8.42 7.36 7.10 7.90 8.45 7.69 6.85 7.66 8.13 6.66 5.45
5.65 6.64 7.73 8.04 8.01 7.66 7.32 7.67 8.41 8.97 8.92 7.08 5.51 6.35 9.99 12.52 8.81 2.79 1.40 1.54 3.35 5.55 7.29 9.92 12.76 13.65 11.89 10.81 11.85 9.01 6.49 7.73 12.14 17.70 17.76 12.39 8.50 6.74 6.88 6.82 6.20 6.01 5.90 5.93 5.43 3.57 1.98 1.23 0.85 0.67 0.51 0.97 1.25 1.00 1.86 3.86 4.98 5.13 5.36 6.11 6.52 6.57 7.10 7.83 7.94 7.43 7.40 7.85 8.19 8.30 8.20 8.17 8.68 9.43 9.23 8.02 7.41 8.09 8.32 7.63 7.83 8.15 6.62 5.24
5.42 6.17 7.39 7.98 7.94 7.53 6.91 7.06 8.01 9.08 9.78 7.63 4.72 5.12 8.78 12.86 11.06 4.00 0.81 0.54 1.30 3.27 5.01 6.58 8.76 11.56 12.09 12.14 13.30 12.18 8.94 7.57 9.44 14.73 17.01 15.70 12.48 9.25 8.58 8.32 7.53 7.09 6.69 6.42 5.98 4.64 2.97 2.00 1.47 1.18 0.96 1.14 1.51 1.45 1.52 3.21 4.74 5.20 5.33 5.82 6.13 6.04 6.56 7.55 7.90 7.64 7.56 7.90 8.19 8.27 8.13 8.02 8.38 9.39 10.37 9.91 8.30 7.91 8.35 8.29 8.43 8.32 6.73 5.17
5.39 5.85 7.05 8.00 7.76 7.15 6.86 6.93 7.57 8.17 9.50 8.70 4.83 4.46 7.26 11.75 12.75 6.85 1.44 0.33 0.60 1.59 3.29 4.81 6.16 7.45 8.36 9.32 11.60 12.70 11.55 9.62 9.93 13.06 15.29 16.55 15.78 12.93 11.48 11.03 10.30 9.18 8.28 7.57 6.88 5.83 4.18 2.82 2.06 1.69 1.47 1.42 1.67 1.73 1.52 2.60 4.33 5.14 5.32 5.71 5.99 5.75 5.95 6.72 7.21 7.47 7.48 7.73 8.28 8.45 8.05 7.69 7.82 8.61 10.06 10.97 10.22 8.97 8.65 8.63 8.74 8.52 7.08 5.57
5.23 5.61 6.80 8.20 7.94 6.84 6.89 7.17 7.54 7.33 8.29 9.05 5.61 4.14 6.17 10.27 13.13 9.99 3.67 0.85 1.19 1.57 2.53 3.99 5.26 5.98 6.44 7.05 8.36 9.83 11.06 10.71 10.78 12.48 13.71 14.70 14.96 14.01 12.14 11.71 12.42 12.09 10.95 9.78 8.72 7.54 5.97 4.39 3.16 2.44 2.04 1.82 1.88 2.00 1.81 2.27 3.91 4.94 5.21 5.63 5.98 5.70 5.81 6.18 6.11 6.48 6.50 6.28 7.25 8.27 8.14 7.52 7.31 7.66 8.84 10.47 11.31 10.75 9.86 9.38 8.99 8.63 7.40 6.09
4.91 5.35 6.55 8.22 8.84 7.95 8.00 8.38 8.11 6.79 7.22 9.30 6.49 3.56 5.22 9.18 13.05 11.83 6.27 2.37 1.36 2.07 2.81 3.84 5.07 5.69 5.95 6.51 8.13 9.73 10.30 10.82 11.38 11.78 13.12 13.48 12.73 13.03 10.75 9.31 10.99 12.44 12.61 11.06 9.66 8.56 7.24 5.69 4.28 3.41 2.71 2.23 2.15 2.30 2.17 2.25 3.74 4.83 5.11 5.53 5.89 5.61 5.72 6.11 5.97 6.33 6.25 5.00 5.08 6.85 7.66 7.47 7.18 6.99 7.39 8.76 10.62 11.75 11.61 10.79 9.86 9.12 7.83 6.60
4.46 5.11 6.09 7.25 8.69 9.34 9.95 10.68 10.14 7.45 6.92 9.60 7.25 2.84 3.59 6.99 12.13 13.16 8.32 4.42 2.38 2.45 3.17 4.00 5.21 5.58 5.72 6.74 9.14 10.52 9.74 10.32 11.29 10.89 12.42 12.88 11.48 12.35 10.41 7.56 7.92 10.13 12.73 12.22 9.90 8.48 7.26 5.69 4.59 3.94 3.30 2.69 2.42 2.52 2.39 2.29 3.55 4.79 5.14 5.60 5.80 5.57 5.72 6.03 6.29 7.18 7.35 5.61 4.37 4.79 6.11 6.80 7.01 6.77 6.43 6.86 8.45 10.67 12.12 12.29 11.54 10.38 8.63 7.27
3.90 4.58 5.36 5.68 6.76 8.19 9.48 11.16 12.26 10.35 8.55 10.50 7.97 2.61 2.44 4.86 9.59 13.46 11.37 7.14 4.72 3.49 3.44 4.21 5.19 5.56 5.74 7.31 10.38 10.77 8.63 9.26 10.53 10.07 11.51 12.44 10.78 11.63 11.46 7.74 6.25 7.87 11.49 13.53 11.63 9.12 7.37 5.54 4.59 4.23 3.82 3.26 2.83 2.80 2.59 2.32 3.15 4.54 4.93 5.30 5.67 5.73 5.90 6.03 6.25 7.39 8.23 7.42 5.38 4.09 4.54 5.67 6.24 6.35 6.00 5.66 6.22 8.09 10.38 12.00 12.72 12.31 10.35 8.23
3.85 4.41 5.00 4.91 5.47 6.88 8.02 9.61 12.03 11.99 11.71 12.19 7.72 3.02 2.46 3.87 6.80 11.33 13.34 10.82 7.54 5.47 4.23 4.36 4.93 5.24 5.78 8.41 11.59 9.87 6.85 8.31 9.89 9.50 10.61 12.03 10.41 10.26 11.29 8.66 6.12 6.20 8.80 13.02 13.84 11.10 8.36 6.17 4.83 4.59 4.45 4.02 3.45 3.21 3.01 2.80 3.30 4.64 5.11 4.77 5.18 5.99 6.15 6.13 6.46 7.24 8.03 8.46 7.60 5.10 4.20 4.99 5.45 5.43 5.42 5.03 4.80 5.77 7.73 9.49 11.30 13.00 12.53 9.86
4.00 4.63 5.12 4.87 5.22 6.38 7.33 8.39 10.65 11.59 12.97 14.41 9.94 4.20 3.11 3.67 4.96 7.48 11.18 13.06 12.22 8.77 6.08 5.08 5.33 5.77 7.43 10.81 10.73 7.02 4.92 7.53 9.67 9.06 9.62 11.56 10.32 9.13 10.33 9.19 6.53 5.32 6.35 10.58 14.01 13.02 9.88 6.99 5.29 4.84 4.68 4.42 4.03 3.73 3.52 3.50 4.13 5.40 6.17 5.37 5.17 6.02 6.31 6.33 6.83 7.44 7.71 8.27 8.68 7.52 5.60 5.35 5.52 5.09 4.83 4.56 4.18 4.36 5.47 6.82 8.08 11.00 13.10 11.96
3.73 4.47 5.08 4.71 4.95 5.92 6.91 7.73 9.09 10.35 12.34 15.69 14.10 7.18 5.02 4.24 4.05 5.17 7.47 10.85 12.96 12.53 8.64 6.51 7.33 8.49 9.20 9.50 7.10 3.98 3.52 6.72 9.66 8.92 8.80 10.87 10.52 8.73 8.79 8.66 6.88 5.00 4.95 7.90 12.60 13.80 11.31 8.21 6.22 5.34 4.95 4.53 4.25 4.10 3.86 3.74 4.22 5.50 6.65 6.36 5.87 6.15 6.32 6.40 6.94 7.55 7.72 7.95 8.53 8.65 7.96 7.14 6.42 5.54 4.93 4.51 4.11 3.96 4.40 5.25 6.14 8.23 11.09 12.25
3.53 4.27 5.00 4.51 4.56 5.51 6.68 7.53 7.94 8.88 10.78 14.61 16.23 12.90 9.22 5.78 3.85 4.58 6.24 8.20 10.68 12.31 11.05 8.63 8.76 9.24 8.21 6.15 4.31 2.83 2.56 5.49 9.26 9.54 9.07 10.22 10.44 9.09 7.78 7.64 6.83 4.95 4.15 5.61 10.12 13.37 11.99 8.87 6.93 5.83 5.32 4.90 4.43 4.24 4.05 3.82 3.98 5.08 6.29 6.44 6.24 6.32 6.35 6.47 6.97 7.48 7.70 7.84 8.16 8.48 8.89 8.88 7.91 6.61 5.68 5.04 4.28 4.03 4.35 4.56 5.11 6.60 8.32 10.07
3.45 4.12 4.93 4.47 4.17 4.81 6.08 7.22 7.45 7.65 8.69 11.63 15.21 16.47 14.58 8.71 5.28 5.42 6.59 8.56 9.32 10.22 11.25 10.34 9.96 9.91 8.03 5.58 3.67 2.54 2.33 4.19 7.75 9.61 10.39 10.79 10.40 9.25 7.64 7.12 6.58 5.27 4.10 4.08 7.27 11.98 12.38 9.18 7.25 6.25 5.49 5.13 4.82 4.61 4.37 4.12 4.12 4.88 5.98 6.30 6.31 6.41 6.48 6.69 7.08 7.47 7.64 7.77 8.01 8.22 8.85 9.72 9.45 7.92 6.68 5.95 4.86 4.39 4.60 4.68 4.83 5.45 6.41 7.69
3.40 3.97 4.77 4.31 3.81 4.22 5.10 6.24 6.72 6.65 6.87 8.32 11.10 14.50 16.34 15.09 9.92 7.64 8.83 10.33 8.59 7.58 9.97 11.39 11.55 11.12 8.91 5.94 3.91 2.85 2.64 3.21 5.30 7.73 10.37 12.37 11.86 9.43 7.77 7.25 6.63 5.73 4.70 3.93 5.07 9.31 11.69 10.12 8.27 7.18 6.17 5.53 5.07 4.86 4.57 4.32 4.37 5.02 5.94 6.29 6.35 6.47 6.62 6.85 7.19 7.50 7.61 7.70 7.91 8.16 8.72 9.80 10.45 9.58 7.98 7.09 5.97 4.78 4.70 5.06 5.21 5.15 5.19 5.88
3.43 4.01 4.92 4.50 3.83 4.38 5.13 5.56 5.73 5.57 5.47 5.74 6.87 9.05 12.39 15.49 14.76 12.67 11.81 9.82 6.66 5.83 7.59 10.75 12.84 12.25 9.21 6.48 5.03 3.67 2.92 2.63 3.09 5.09 7.84 11.78 13.90 11.69 8.64 7.71 7.10 6.26 5.52 4.63 4.29 6.03 9.35 9.92 9.15 7.94 6.69 6.01 5.27 4.87 4.56 4.28 4.39 5.14 6.03 6.39 6.35 6.40 6.65 6.91 7.21 7.50 7.63 7.63 7.75 8.07 8.67 9.59 10.50 10.69 9.83 8.74 7.31 5.46 5.03 5.38 5.43 5.34 5.00 4.74
3.53 4.04 5.11 5.14 4.37 4.78 5.64 6.10 5.99 5.23 4.64 4.55 4.99 6.42 8.49 11.59 15.77 16.52 12.80 7.74 5.75 5.23 5.78 8.20 12.57 13.57 9.16 6.97 6.27 4.70 3.43 2.55 2.12 3.03 5.27 8.74 13.00 14.21 11.66 9.28 8.26 7.18 6.44 5.60 4.32 3.97 5.71 7.82 8.81 8.05 6.72 6.12 5.55 5.03 4.65 4.26 4.20 4.94 5.89 6.35 6.36 6.26 6.35 6.79 7.11 7.38 7.62 7.57 7.56 7.83 8.56 9.46 10.10 10.80 10.95 10.50 9.04 6.49 5.52 5.87 5.96 5.54 4.81 4.34
3.56 3.85 4.68 5.33 5.12 4.96 5.44 6.59 7.52 6.42 4.75 4.27 4.52 5.60 7.54 9.95 15.64 18.09 12.67 7.42 5.83 4.99 4.97 6.09 10.26 13.89 11.69 7.88 6.74 5.32 3.96 2.91 1.85 1.78 3.64 6.04 9.40 13.02 13.73 12.60 10.88 8.95 7.86 6.92 5.09 3.19 3.22 5.19 7.45 7.70 6.58 6.02 5.62 5.18 4.82 4.46 4.33 4.90 5.80 6.26 6.44 6.48 6.13 6.49 6.98 7.16 7.47 7.45 7.29 7.51 8.28 9.16 9.72 10.65 11.26 11.36 10.75 7.92 6.09 6.66 6.65 5.53 4.53 4.23
3.66 3.82 4.23 4.98 5.64 5.26 4.76 5.65 7.86 8.65 6.52 4.82 4.81 5.95 7.47 10.20 15.60 17.41 14.34 9.32 6.18 4.81 4.59 5.28 7.81 12.45 13.61 10.17 7.35 5.70 4.38 3.37 2.07 1.73 2.59 4.32 6.69 9.58 11.92 13.43 13.00 10.77 9.38 8.65 6.91 4.77 3.59 4.04 6.01 6.92 6.30 5.75 5.48 5.21 4.97 4.74 4.67 5.13 5.94 6.43 6.78 6.94 6.51 6.52 7.01 7.12 7.34 7.34 6.95 7.10 7.88 8.62 9.12 10.21 11.54 12.23 12.00 9.11 6.65 7.18 7.32 5.61 4.16 3.94
3.94 4.12 4.25 4.77 5.76 5.63 4.76 4.67 5.96 8.46 8.78 6.78 6.61 7.57 9.30 13.04 15.42 15.40 14.08 12.07 8.55 4.89 4.22 4.57 5.39 8.95 13.32 13.58 9.99 6.84 5.16 4.06 2.85 2.25 2.34 3.10 5.04 7.00 9.20 11.93 13.11 11.72 10.27 9.57 8.22 6.86 5.41 4.66 5.54 6.52 6.36 5.76 5.38 5.16 4.96 4.82 4.86 5.31 5.89 6.36 6.88 7.07 6.85 6.80 7.14 7.37 7.46 7.51 7.00 6.56 7.10 7.97 8.49 9.17 11.08 13.10 13.38 10.58 7.40 7.26 7.56 6.17 4.16 3.46
4.08 4.51 4.68 4.88 5.68 5.90 5.33 4.87 4.78 6.26 8.23 8.06 7.74 9.44 13.67 15.45 13.98 12.85 12.22 12.25 10.82 6.62 4.40 4.01 3.68 5.38 9.95 13.98 13.43 9.51 6.50 5.26 4.20 2.91 2.49 2.64 3.42 5.09 7.85 10.79 11.91 11.57 10.74 9.46 8.64 8.04 6.82 5.69 5.79 6.50 6.54 6.08 5.53 5.17 4.88 4.71 4.89 5.41 5.80 6.16 6.69 6.93 6.94 6.99 7.25 7.63 7.69 7.93 7.88 6.73 6.11 6.84 7.67 8.18 9.91 12.77 14.30 12.88 8.95 7.61 7.39 6.25 4.82 3.83
3.72 4.60 5.26 5.01 5.50 5.75 5.58 5.42 5.11 5.50 6.52 7.18 7.24 10.53 16.69 15.62 11.77 11.16 10.71 11.10 10.83 8.05 5.44 4.20 3.22 3.63 6.58 11.31 13.99 12.36 8.77 6.70 5.84 4.44 3.05 2.67 2.43 3.54 7.19 10.30 10.29 10.54 10.67 9.03 8.44 8.22 7.33 6.09 5.80 6.22 6.31 6.04 5.64 5.25 4.93 4.68 4.84 5.46 5.85 6.22 6.66 6.85 7.01 7.09 7.34 7.80 7.91 8.27 9.04 8.10 6.23 5.70 6.26 6.74 8.21 11.33 14.05 14.40 12.09 9.07 7.38 6.13 5.28 4.78
2.94 3.84 5.32 5.46 5.55 5.49 5.20 5.32 5.67 6.04 6.29 6.83 7.05 11.77 17.53 14.89 11.20 10.23 9.45 10.00 10.09 8.16 6.15 4.94 3.40 2.89 4.52 8.44 12.24 13.04 10.73 8.27 6.98 5.80 4.40 2.87 2.02 2.47 6.66 10.07 9.26 8.94 9.54 8.76 8.10 7.95 7.29 6.16 5.79 6.00 6.02 5.84 5.57 5.25 4.91 4.67 4.83 5.47 5.79 6.14 6.58 6.84 7.07 7.10 7.30 7.85 8.15 8.52 9.62 9.76 7.69 5.85 5.54 5.46 5.60 8.28 12.20 14.21 14.16 12.58 9.13 6.41 5.65 5.51
2.57 3.00 4.34 5.62 6.23 5.76 4.86 4.70 5.32 6.21 6.93 7.42 8.32 14.28 17.27 14.09 11.34 9.96 8.73 9.43 9.85 8.15 6.43 5.37 3.90 3.00 3.57 6.51 9.78 11.51 11.84 10.75 8.48 6.76 5.73 3.80 1.96 2.17 5.76 9.54 9.00 7.63 8.06 8.11 7.84 7.94 7.48 6.42 5.98 6.02 5.97 5.83 5.57 5.28 4.93 4.64 4.82 5.36 5.67 5.95 6.32 6.69 7.08 7.14 7.33 7.84 8.36 8.93 9.78 10.57 9.77 7.38 5.99 5.46 4.88 5.36 8.88 11.97 13.42 14.37 12.64 7.96 6.70 5.98
3.23 3.08 3.28 4.74 6.53 6.80 5.69 4.92 4.93 5.62 6.90 8.36 11.99 16.42 15.69 12.18 11.17 10.67 9.99 10.26 10.30 8.63 6.84 5.55 4.36 3.62 3.70 5.10 7.26 8.48 10.11 11.99 11.27 8.55 7.09 4.86 2.57 2.51 4.93 8.33 8.44 7.23 7.25 7.25 7.30 7.68 7.50 6.70 6.24 6.09 5.95 5.85 5.65 5.48 5.20 4.81 4.85 5.24 5.58 5.85 6.07 6.46 6.82 7.04 7.54 8.15 8.65 9.40 10.07 10.71 11.04 9.78 7.22 5.67 5.02 4.77 6.19 9.17 10.91 13.27 13.98 11.12 8.63 6.38
4.02 3.79 3.41 3.82 5.22 6.88 7.40 6.45 5.63 6.19 6.93 9.67 15.91 16.51 11.86 9.87 10.27 10.17 9.82 11.27 11.99 9.96 7.58 6.00 4.89 4.33 4.10 4.29 5.25 5.71 6.71 10.20 12.26 11.28 9.29 6.48 3.97 3.21 4.28 6.48 7.33 7.17 7.11 6.71 6.67 7.10 7.12 6.70 6.41 6.20 5.96 5.69 5.40 5.39 5.42 5.12 4.95 5.15 5.54 5.78 5.94 6.30 6.41 6.58 7.54 8.75 9.40 10.01 10.52 11.07 11.69 11.48 9.19 6.42 5.31 4.50 4.74 7.18 9.00 11.08 13.26 12.55 9.72 6.96
4.05 4.55 4.49 3.59 3.48 4.71 7.06 7.67 7.52 8.50 8.85 13.35 17.47 13.38 8.72 8.57 8.95 8.97 8.17 9.57 12.08 12.22 10.15 7.61 5.91 5.02 4.44 4.03 4.12 4.19 4.70 7.34 10.31 11.98 11.53 8.70 5.70 4.66 4.39 5.17 6.44 7.02 7.04 6.62 6.42 6.65 6.75 6.64 6.48 6.31 6.10 5.74 5.00 4.59 4.98 5.10 5.02 5.17 5.55 5.81 5.96 6.21 6.12 5.98 6.89 8.58 9.95 10.80 11.39 12.11 12.52 12.75 11.66 8.52 5.82 3.82 3.75 6.20 8.35 9.97 12.46 12.77 9.91 7.16
3.49 4.89 5.85 4.17 3.20 3.57 4.77 6.32 8.14 9.90 12.17 17.24 17.08 9.64 7.53 7.86 8.14 8.65 8.03 7.63 9.25 11.35 11.88 11.02 9.00 6.86 5.14 3.91 3.74 3.86 4.09 5.09 7.20 10.19 12.11 10.45 7.31 6.12 5.70 5.51 6.35 7.18 7.24 6.95 6.67 6.57 6.57 6.59 6.55 6.42 6.28 6.25 5.55 4.18 3.81 4.14 4.57 5.01 5.33 5.75 6.06 6.12 5.86 5.43 5.71 6.96 8.57 9.95 11.29 12.71 13.39 13.61 13.80 11.77 6.51 3.29 3.47 6.23 8.97 10.81 11.92 12.10 10.46 7.51
2.95 4.64 6.65 5.72 4.11 3.88 4.32 4.91 6.79 8.86 14.46 18.49 14.15 8.58 7.54 7.46 7.88 8.87 8.50 6.82 6.77 8.14 9.95 11.35 10.88 9.58 8.24 6.21 4.41 4.07 4.19 4.59 5.14 7.42 11.02 11.00 8.41 6.95 6.42 6.19 6.58 7.28 7.44 7.26 7.01 6.77 6.63 6.59 6.59 6.53 6.49 6.78 6.64 5.17 3.49 2.74 3.56 4.52 4.83 5.27 5.78 5.89 5.61 5.08 4.96 5.53 6.27 7.20 8.69 11.00 12.85 13.73 14.77 13.81 8.70 4.22 4.22 6.40 10.04 11.81 10.52 10.75 11.03 7.87
3.10 4.06 6.01 7.04 5.99 5.10 5.07 5.46 6.54 7.20 12.83 19.46 14.83 8.70 7.72 7.29 7.97 9.24 8.50 6.29 6.14 6.84 7.85 9.22 9.52 9.11 9.03 8.86 7.37 5.53 4.82 4.82 4.30 5.29 9.24 10.00 8.20 6.93 6.46 6.47 6.67 7.13 7.35 7.30 7.12 6.91 6.75 6.70 6.69 6.75 6.88 7.15 7.29 6.40 4.09 2.08 2.50 3.75 4.40 4.76 5.12 5.46 5.54 5.11 4.85 5.46 6.05 6.20 6.64 7.86 10.16 12.84 15.13 14.87 10.79 6.43 5.08 6.29 10.64 12.42 9.94 10.40 10.91 7.31
4.24 3.98 4.33 6.22 7.44 7.39 7.01 6.85 7.14 7.03 10.37 18.90 17.31 9.38 7.74 7.48 8.34 9.32 7.88 6.51 6.51 6.79 7.28 7.66 7.57 7.18 7.02 8.07 8.37 7.74 7.00 5.82 4.14 4.53 7.44 8.45 7.49 6.50 6.18 6.43 6.76 7.07 7.28 7.28 7.16 6.98 6.82 6.76 6.84 7.08 7.41 7.65 7.78 7.01 4.76 2.39 1.80 2.68 3.97 4.59 4.47 4.75 5.39 5.46 5.22 5.88 6.59 6.30 6.26 6.75 7.50 10.29 14.58 15.32 11.81 8.15 6.07 6.10 10.29 12.62 11.13 11.19 10.15 6.24
6.14 4.89 3.45 3.98 6.29 8.38 9.38 9.41 8.81 7.44 10.43 17.25 15.69 9.41 8.20 8.40 9.22 9.83 8.82 7.84 7.39 7.13 7.33 7.08 6.69 6.64 6.23 6.18 6.66 6.97 7.86 7.95 5.94 4.70 6.09 7.39 6.98 6.26 5.93 6.17 6.67 7.03 7.27 7.40 7.31 7.10 6.96 6.86 7.00 7.33 7.75 8.26 8.42 7.33 5.41 3.33 1.81 1.90 3.36 4.31 4.01 3.98 4.75 5.40 5.69 6.44 7.15 6.82 6.66 7.05 7.23 8.46 12.48 14.89 12.48 9.37 7.74 6.94 8.48 11.55 12.58 11.50 8.91 6.91
8.44 6.18 3.47 2.87 3.73 6.17 8.79 11.44 11.69 10.19 13.40 15.81 12.01 8.06 7.51 8.25 9.60 10.04 9.74 10.01 10.13 9.51 8.73 7.87 7.06 6.87 6.30 5.78 5.65 4.94 5.80 8.21 7.59 5.61 5.85 6.97 6.92 6.37 6.08 6.13 6.54 6.95 7.22 7.53 7.63 7.36 7.14 7.14 7.41 7.63 8.04 8.97 9.21 7.72 5.94 4.18 2.31 1.89 2.65 3.64 3.54 3.41 3.97 4.60 5.34 6.35 7.23 7.39 7.43 7.78 8.07 8.62 11.00 13.61 12.42 10.23 9.87 9.05 7.58 9.59 12.49 11.34 9.78 8.11
