windninja/windninja_output/Output_2025-10-23_1500-1550_Google earth_Fire_150m_10min/merlingen_7.5mi_point_10-23-2025_1520_150m_vel.asc
ncols	158
nrows	163
xllcorner	391686.332397
yllcorner	5160024.123721
cellsize	150.000000
NODATA_value	-32768.000000
[rows 37 to 73 of 163, columns 0 to 83 of 158]
6.16 6.12 6.03 5.98 5.98 5.95 5.83 5.68 5.60 5.59 5.53 5.45 5.40 5.36 5.31 5.25 5.19 5.13 5.08 4.99 4.87 4.77 4.66 4.51 4.35 4.16 4.01 3.98 4.16 4.44 4.56 4.66 4.94 5.55 6.41 6.68 6.65 6.65 6.52 6.13 5.80 5.71 5.76 5.86 5.97 5.91 5.67 5.65 5.75 5.79 5.70 5.56 5.76 6.02 5.88 5.74 6.08 6.58 6.79 7.41 8.05 6.93 4.94 3.78 3.98 5.71 7.57 7.58 6.18 4.98 4.48 4.54 4.46 3.91 3.64 3.52 3.19 3.43 4.31 4.28 3.57 4.02 5.32 6.70
6.22 6.20 6.15 6.05 5.94 5.87 5.81 5.71 5.59 5.56 5.54 5.48 5.43 5.37 5.28 5.21 5.16 5.10 5.04 4.98 4.89 4.79 4.68 4.55 4.37 4.17 4.02 4.01 4.15 4.30 4.24 4.18 4.43 5.00 5.87 6.26 6.21 6.52 6.81 6.53 6.26 6.13 6.02 6.07 6.35 6.32 6.05 6.11 6.39 6.67 6.48 5.98 6.00 6.48 6.47 5.95 6.13 6.97 7.62 8.09 8.62 8.24 6.61 4.78 4.13 5.11 7.05 7.54 6.21 5.24 5.06 5.04 4.91 4.45 4.00 3.86 3.36 3.27 4.51 5.32 4.26 3.88 4.59 5.71
6.23 6.17 6.07 6.03 5.95 5.83 5.75 5.69 5.60 5.54 5.52 5.45 5.39 5.37 5.31 5.20 5.13 5.07 5.00 4.94 4.87 4.78 4.68 4.57 4.38 4.14 3.94 3.75 3.61 3.60 3.59 3.62 3.95 4.52 5.25 5.77 6.13 6.88 7.34 7.10 6.65 6.34 6.17 6.17 6.56 6.84 6.51 6.14 6.34 6.98 7.13 6.44 6.24 7.05 7.69 7.23 6.93 7.54 8.34 8.86 9.31 9.69 8.99 6.69 4.92 5.26 7.10 7.44 6.08 5.26 5.09 5.04 4.94 4.63 4.37 4.27 3.68 3.33 4.26 5.86 5.68 4.73 4.56 5.15
6.37 6.29 6.11 6.01 5.96 5.89 5.82 5.74 5.62 5.50 5.47 5.44 5.37 5.37 5.36 5.27 5.18 5.11 5.01 4.94 4.87 4.78 4.69 4.59 4.42 4.16 3.84 3.45 3.15 3.18 3.32 3.27 3.35 3.83 4.53 5.01 5.45 6.28 7.28 7.67 7.47 7.06 6.65 6.35 6.46 6.96 7.05 6.62 6.47 7.04 7.50 6.81 6.19 6.72 7.79 8.02 7.48 7.30 7.80 8.37 8.67 9.37 10.09 8.73 6.04 5.67 7.39 7.56 6.20 5.53 5.09 4.84 4.58 4.13 4.26 4.51 3.99 3.65 4.01 5.39 6.22 6.04 5.68 5.69
6.50 6.45 6.27 6.10 5.99 5.89 5.82 5.79 5.69 5.52 5.44 5.44 5.38 5.34 5.34 5.29 5.21 5.14 5.06 4.96 4.87 4.77 4.68 4.57 4.42 4.17 3.86 3.50 3.23 3.22 3.35 3.27 3.17 3.42 3.99 4.60 5.02 5.37 6.19 7.38 8.02 8.15 7.94 7.41 6.99 7.22 7.68 7.68 7.36 7.42 7.86 7.43 6.27 5.72 6.20 6.96 6.71 6.13 6.40 7.07 7.36 7.75 9.16 9.75 7.96 6.58 7.47 7.88 6.79 6.13 5.64 5.21 4.76 4.03 4.15 4.56 4.17 3.87 3.89 4.58 5.49 5.95 6.36 6.57
6.56 6.51 6.36 6.19 6.05 5.92 5.77 5.74 5.74 5.61 5.47 5.43 5.38 5.32 5.30 5.27 5.20 5.14 5.08 4.96 4.84 4.74 4.66 4.57 4.42 4.20 3.96 3.68 3.42 3.37 3.48 3.48 3.34 3.34 3.63 4.23 5.01 5.62 6.08 6.79 7.51 7.96 8.13 8.01 7.63 7.42 7.46 7.42 7.06 6.78 7.18 7.17 6.10 5.24 5.26 5.81 5.92 5.58 5.70 6.30 6.48 6.45 7.42 9.02 9.31 8.15 7.63 8.13 7.89 7.17 6.80 6.43 5.68 4.74 4.59 4.74 4.37 4.06 3.97 4.43 5.08 5.35 5.84 6.52
6.60 6.53 6.40 6.25 6.11 6.03 5.88 5.73 5.70 5.63 5.50 5.42 5.38 5.30 5.25 5.22 5.16 5.09 5.04 4.97 4.85 4.73 4.64 4.58 4.49 4.29 4.09 3.86 3.57 3.38 3.41 3.48 3.44 3.37 3.43 3.80 4.51 5.36 5.83 6.06 6.42 6.90 7.18 7.18 6.99 6.66 6.56 6.62 6.48 6.27 6.60 6.82 6.22 5.60 5.47 5.63 5.70 5.63 5.73 6.12 6.14 5.79 5.99 6.99 8.41 8.75 8.09 8.14 8.66 8.72 8.55 8.38 7.55 6.39 5.89 5.53 5.02 4.55 4.22 4.34 4.80 5.20 5.62 6.15
6.65 6.55 6.37 6.23 6.10 6.01 5.91 5.76 5.66 5.61 5.50 5.40 5.36 5.30 5.24 5.19 5.15 5.10 5.04 5.00 4.92 4.80 4.67 4.58 4.52 4.38 4.20 4.01 3.78 3.54 3.46 3.48 3.45 3.35 3.26 3.33 3.63 4.09 4.51 4.95 5.50 6.16 6.49 6.45 6.25 6.17 6.19 6.26 6.41 6.47 6.75 7.05 6.73 6.18 6.03 5.97 5.77 5.70 5.85 6.13 6.21 5.93 5.62 5.77 6.71 7.71 7.88 7.68 8.00 8.66 9.00 9.18 8.95 8.04 7.15 6.36 5.57 5.06 4.67 4.47 4.55 4.90 5.47 6.01
6.71 6.61 6.42 6.26 6.10 5.97 5.88 5.78 5.68 5.60 5.51 5.39 5.34 5.31 5.27 5.22 5.18 5.15 5.09 5.01 4.95 4.87 4.75 4.62 4.53 4.43 4.29 4.09 3.89 3.71 3.61 3.57 3.49 3.35 3.18 2.98 2.90 3.15 3.64 4.15 4.81 5.58 6.11 6.09 5.89 6.11 6.35 6.31 6.29 6.37 6.57 6.82 6.68 6.15 6.03 6.17 5.94 5.69 5.76 6.03 6.29 6.35 6.04 5.86 6.29 6.71 7.04 7.02 6.49 6.48 7.18 7.86 8.32 8.14 7.51 6.68 5.69 5.25 5.15 5.03 4.91 4.91 5.25 5.74
6.79 6.66 6.48 6.34 6.15 5.95 5.80 5.70 5.64 5.59 5.54 5.45 5.36 5.32 5.28 5.24 5.18 5.13 5.09 5.01 4.92 4.85 4.78 4.69 4.57 4.44 4.31 4.16 3.99 3.81 3.65 3.57 3.47 3.30 3.14 2.96 2.79 2.84 3.20 3.64 4.13 4.85 5.66 5.86 5.61 5.76 6.13 6.31 6.19 6.07 6.22 6.45 6.54 6.22 5.89 6.07 6.13 5.85 5.66 5.70 6.14 6.56 6.46 6.19 6.36 6.47 6.43 6.47 5.89 5.49 5.87 6.46 7.20 7.57 7.41 6.90 6.01 5.39 5.31 5.30 5.09 5.00 5.18 5.35
6.87 6.72 6.47 6.35 6.24 5.97 5.64 5.52 5.53 5.51 5.49 5.46 5.39 5.32 5.27 5.21 5.15 5.10 5.06 5.01 4.92 4.82 4.75 4.68 4.57 4.45 4.34 4.23 4.10 3.94 3.75 3.58 3.43 3.20 2.96 2.85 2.82 2.78 2.84 3.11 3.52 4.21 5.09 5.57 5.64 5.66 5.74 5.91 5.96 5.85 6.02 6.25 6.43 6.54 6.27 6.21 6.35 6.22 5.89 5.42 5.62 6.32 6.45 6.10 6.07 6.19 5.99 5.98 5.76 5.51 5.64 5.89 6.49 7.00 7.08 6.82 6.14 5.37 4.96 5.05 5.10 5.00 5.10 5.16
6.87 6.74 6.50 6.33 6.32 6.17 5.65 5.32 5.34 5.39 5.37 5.34 5.32 5.29 5.23 5.16 5.10 5.07 5.02 4.97 4.91 4.83 4.76 4.69 4.60 4.49 4.38 4.29 4.18 4.05 3.89 3.72 3.54 3.30 3.00 2.80 2.76 2.73 2.67 2.76 3.06 3.56 4.25 4.81 5.32 5.67 5.72 5.76 5.84 5.80 5.94 6.13 6.21 6.30 6.23 6.22 6.36 6.33 6.19 5.72 5.47 6.02 6.45 6.14 5.80 5.72 5.54 5.51 5.49 5.41 5.53 5.71 6.03 6.44 6.64 6.53 6.07 5.45 5.07 5.19 5.44 5.30 5.08 5.06
6.91 6.74 6.53 6.39 6.34 6.32 5.88 5.29 5.11 5.24 5.31 5.27 5.24 5.23 5.23 5.18 5.09 5.05 5.02 4.96 4.91 4.84 4.77 4.74 4.69 4.57 4.44 4.35 4.26 4.14 4.00 3.86 3.69 3.48 3.20 2.94 2.84 2.83 2.75 2.72 2.85 3.14 3.48 3.93 4.53 5.20 5.53 5.57 5.59 5.58 5.79 6.22 6.41 6.39 6.33 6.35 6.44 6.28 6.10 5.91 5.70 6.04 6.63 6.53 5.85 5.37 5.18 5.10 5.18 5.29 5.45 5.65 5.82 6.02 6.25 6.29 6.12 5.87 5.74 5.80 5.89 5.75 5.34 5.03
7.03 6.73 6.44 6.50 6.58 6.55 6.30 5.67 5.07 5.04 5.20 5.25 5.23 5.21 5.23 5.23 5.15 5.06 5.04 4.99 4.94 4.89 4.80 4.75 4.74 4.67 4.53 4.42 4.32 4.21 4.09 3.94 3.79 3.61 3.36 3.07 2.89 2.86 2.83 2.79 2.87 3.05 3.18 3.34 3.87 4.67 5.14 5.24 5.20 4.98 5.04 5.68 6.19 6.35 6.49 6.57 6.60 6.40 6.02 5.71 5.63 6.00 6.74 6.84 5.91 5.13 4.91 4.81 4.86 5.01 5.21 5.42 5.55 5.66 5.79 5.88 5.90 5.94 6.08 6.23 6.20 6.01 5.65 5.18
7.19 6.67 6.20 6.36 6.67 6.77 6.73 6.35 5.48 5.00 5.08 5.22 5.22 5.17 5.17 5.19 5.17 5.08 5.04 5.01 4.94 4.91 4.85 4.76 4.72 4.68 4.58 4.47 4.37 4.27 4.15 4.02 3.88 3.71 3.50 3.22 2.91 2.75 2.72 2.76 2.89 2.99 2.95 3.00 3.47 4.22 4.71 5.00 5.18 4.87 4.73 5.37 5.75 5.76 5.96 6.25 6.37 6.35 6.11 5.77 5.64 5.95 6.86 7.01 5.82 4.95 4.77 4.73 4.81 4.92 5.07 5.22 5.31 5.39 5.45 5.41 5.35 5.47 5.89 6.34 6.49 6.30 5.83 5.20
7.52 6.68 5.91 6.07 6.34 6.43 6.62 6.73 6.12 5.33 5.06 5.15 5.19 5.15 5.10 5.09 5.11 5.07 5.02 4.99 4.92 4.86 4.83 4.76 4.69 4.65 4.59 4.51 4.41 4.32 4.21 4.09 3.97 3.82 3.64 3.41 3.12 2.84 2.69 2.68 2.83 2.98 2.84 2.76 3.17 3.91 4.28 4.63 5.35 5.50 5.45 5.79 6.11 5.98 5.82 5.96 5.97 6.01 6.07 5.97 5.82 6.04 7.07 7.18 5.74 4.85 4.72 4.76 4.89 5.00 5.09 5.20 5.26 5.33 5.37 5.21 4.99 4.93 5.25 5.90 6.43 6.68 6.35 5.45
7.95 7.07 5.95 5.97 6.37 6.29 6.39 6.80 6.54 5.65 5.06 4.98 5.07 5.11 5.10 5.07 5.05 5.03 4.99 4.95 4.89 4.81 4.78 4.76 4.70 4.64 4.59 4.53 4.45 4.36 4.27 4.16 4.04 3.91 3.75 3.57 3.36 3.09 2.81 2.64 2.73 2.99 2.93 2.69 2.88 3.59 4.00 4.24 5.03 5.55 5.65 5.77 6.04 6.27 6.24 6.04 5.69 5.72 6.00 6.13 6.02 6.22 7.25 7.25 5.78 4.91 4.77 4.92 5.16 5.20 5.19 5.28 5.37 5.41 5.41 5.25 4.95 4.80 4.86 5.15 5.75 6.56 6.86 6.32
7.93 7.57 6.46 5.83 6.31 6.44 6.30 6.73 6.88 6.08 5.16 4.83 4.87 4.96 5.03 5.05 5.03 5.01 4.99 4.96 4.91 4.83 4.77 4.74 4.71 4.66 4.60 4.54 4.48 4.40 4.31 4.22 4.11 3.99 3.85 3.70 3.52 3.30 3.02 2.72 2.60 2.82 2.89 2.64 2.53 3.00 3.57 3.81 4.28 4.82 5.20 5.46 5.55 5.92 6.52 6.22 5.55 5.57 5.96 6.29 6.33 6.62 7.45 7.27 5.92 5.16 5.03 5.19 5.62 5.75 5.57 5.47 5.42 5.39 5.39 5.30 5.08 5.03 5.07 4.89 5.14 6.02 6.75 6.88
7.39 7.56 7.02 5.78 5.54 5.78 5.66 6.06 6.82 6.68 5.64 4.86 4.68 4.73 4.83 4.92 4.92 4.92 4.93 4.95 4.95 4.87 4.77 4.72 4.68 4.65 4.61 4.56 4.50 4.44 4.36 4.27 4.17 4.07 3.94 3.81 3.66 3.48 3.25 2.94 2.64 2.58 2.67 2.57 2.38 2.46 2.82 3.21 3.62 4.13 4.66 5.28 5.48 5.79 6.60 6.29 5.53 5.52 5.88 6.23 6.47 6.96 7.72 7.47 6.13 5.26 5.09 5.13 5.58 5.95 5.83 5.59 5.45 5.38 5.36 5.32 5.22 5.29 5.38 5.06 4.97 5.56 6.23 6.58
7.03 7.23 7.28 6.50 5.63 5.33 5.08 5.14 6.01 6.72 6.25 5.33 4.77 4.54 4.58 4.75 4.81 4.79 4.80 4.82 4.88 4.88 4.80 4.72 4.67 4.64 4.61 4.57 4.52 4.45 4.39 4.31 4.22 4.13 4.03 3.91 3.77 3.62 3.44 3.20 2.94 2.72 2.66 2.64 2.51 2.34 2.34 2.58 2.93 3.40 3.98 4.85 5.25 5.71 6.53 6.08 5.44 5.54 5.82 6.08 6.35 6.90 7.76 7.79 6.40 5.11 4.70 4.67 4.94 5.39 5.56 5.65 5.65 5.56 5.50 5.39 5.39 5.52 5.54 5.33 5.12 5.31 5.75 6.07
7.03 7.01 7.13 7.11 6.68 6.11 5.46 4.92 5.22 6.19 6.52 6.14 5.54 4.83 4.41 4.48 4.68 4.72 4.72 4.71 4.75 4.82 4.82 4.76 4.67 4.63 4.61 4.57 4.53 4.48 4.41 4.35 4.27 4.19 4.09 3.99 3.87 3.74 3.59 3.42 3.25 3.06 2.87 2.72 2.59 2.35 2.07 1.99 2.21 2.57 3.16 4.24 4.86 5.45 6.32 5.79 5.25 5.55 5.87 6.02 6.30 6.77 7.50 7.86 6.84 5.35 4.59 4.47 4.69 5.05 5.36 5.65 5.75 5.70 5.66 5.52 5.58 5.77 5.70 5.61 5.52 5.52 5.64 5.75
7.16 7.02 6.90 6.91 6.91 6.76 6.32 5.53 5.09 5.54 6.07 6.33 6.31 5.65 4.65 4.22 4.35 4.54 4.64 4.66 4.67 4.68 4.71 4.72 4.67 4.62 4.60 4.57 4.53 4.48 4.43 4.37 4.31 4.24 4.16 4.06 3.96 3.85 3.72 3.58 3.44 3.27 3.08 2.87 2.67 2.42 2.06 1.72 1.59 1.74 2.27 3.44 4.49 5.26 6.01 5.54 4.96 5.20 5.61 5.81 6.13 6.71 7.35 7.79 7.24 5.88 4.89 4.66 4.92 5.29 5.40 5.54 5.70 5.68 5.63 5.53 5.60 5.79 5.79 5.78 5.83 5.93 5.92 5.83
7.18 7.07 6.89 6.72 6.60 6.57 6.52 6.07 5.40 5.10 5.13 5.46 6.15 6.33 5.53 4.56 4.16 4.23 4.41 4.54 4.61 4.65 4.65 4.64 4.63 4.61 4.59 4.56 4.52 4.48 4.44 4.39 4.34 4.27 4.20 4.13 4.04 3.94 3.83 3.71 3.58 3.43 3.27 3.08 2.87 2.64 2.34 1.95 1.53 1.31 1.54 2.56 4.00 4.93 5.58 5.27 4.71 4.83 5.23 5.46 5.75 6.35 7.12 7.65 7.37 6.27 5.26 4.89 5.05 5.35 5.35 5.34 5.55 5.60 5.52 5.50 5.56 5.58 5.60 5.60 5.67 5.96 6.15 6.10
7.11 7.05 6.90 6.75 6.56 6.37 6.27 6.11 5.68 5.19 4.84 4.81 5.45 6.37 6.47 5.66 4.65 4.15 4.14 4.32 4.49 4.62 4.68 4.66 4.61 4.58 4.56 4.53 4.50 4.48 4.44 4.40 4.35 4.30 4.24 4.18 4.10 4.01 3.92 3.81 3.69 3.56 3.42 3.26 3.08 2.87 2.63 2.31 1.88 1.40 1.19 1.76 3.22 4.36 4.96 4.94 4.69 4.76 4.93 5.11 5.33 5.73 6.48 7.19 7.23 6.51 5.42 4.70 4.80 5.18 5.21 5.16 5.31 5.40 5.32 5.39 5.59 5.53 5.45 5.44 5.43 5.70 6.00 6.04
7.11 7.06 6.90 6.73 6.65 6.50 6.30 6.13 5.88 5.50 5.06 4.71 4.89 5.68 6.49 6.57 5.78 4.80 4.21 4.07 4.22 4.40 4.52 4.59 4.58 4.55 4.52 4.49 4.46 4.45 4.43 4.40 4.36 4.32 4.27 4.21 4.15 4.08 3.99 3.90 3.79 3.68 3.55 3.40 3.24 3.07 2.86 2.59 2.23 1.73 1.24 1.38 2.42 3.55 4.16 4.33 4.53 4.69 4.68 4.73 4.89 5.19 5.76 6.47 6.77 6.49 5.60 4.77 4.72 5.07 5.13 5.11 5.14 5.17 5.10 5.16 5.46 5.53 5.47 5.49 5.48 5.60 5.80 5.82
7.15 7.02 6.79 6.59 6.52 6.57 6.52 6.36 6.08 5.70 5.21 4.67 4.49 4.80 5.59 6.46 6.56 5.85 4.91 4.23 4.04 4.14 4.30 4.42 4.49 4.52 4.49 4.44 4.43 4.42 4.41 4.39 4.36 4.33 4.29 4.24 4.19 4.12 4.05 3.97 3.88 3.77 3.66 3.53 3.38 3.22 3.03 2.80 2.51 2.09 1.58 1.43 2.06 2.84 3.37 3.86 4.43 4.61 4.52 4.53 4.58 4.82 5.24 5.78 6.26 6.28 5.66 5.12 4.96 5.00 5.05 5.11 5.10 4.97 4.95 5.08 5.28 5.42 5.43 5.49 5.59 5.67 5.84 5.84
7.42 7.03 6.57 6.37 6.20 6.26 6.42 6.45 6.28 5.94 5.43 4.77 4.35 4.34 4.72 5.60 6.42 6.52 5.89 5.00 4.36 4.11 4.15 4.28 4.41 4.52 4.53 4.44 4.39 4.39 4.38 4.37 4.35 4.33 4.29 4.26 4.21 4.16 4.10 4.03 3.95 3.86 3.76 3.64 3.50 3.35 3.19 2.99 2.74 2.42 1.96 1.66 2.00 2.46 2.76 3.57 4.48 4.62 4.39 4.37 4.41 4.64 5.00 5.28 5.59 5.55 4.90 4.80 4.92 4.96 4.99 5.08 5.11 4.86 4.80 5.04 5.27 5.38 5.45 5.59 5.78 5.85 6.00 6.11
7.95 7.28 6.51 6.25 5.99 5.83 5.91 6.08 6.07 5.95 5.67 5.03 4.42 4.30 4.38 4.75 5.63 6.43 6.57 5.96 5.13 4.48 4.15 4.09 4.22 4.43 4.52 4.45 4.36 4.34 4.33 4.34 4.33 4.32 4.29 4.26 4.23 4.19 4.14 4.08 4.01 3.93 3.84 3.73 3.61 3.48 3.33 3.16 2.95 2.69 2.31 1.91 1.96 2.24 2.24 2.92 4.34 4.76 4.41 4.17 4.07 4.30 4.75 5.04 5.12 4.68 4.22 4.28 4.55 4.77 4.94 5.09 5.13 4.83 4.65 4.88 5.20 5.39 5.55 5.79 6.00 6.02 6.08 6.22
8.36 7.75 6.93 6.48 6.19 5.95 5.78 5.86 5.81 5.59 5.54 5.22 4.45 4.15 4.29 4.37 4.70 5.52 6.36 6.52 5.95 5.22 4.63 4.20 4.03 4.21 4.43 4.44 4.40 4.35 4.30 4.30 4.31 4.30 4.29 4.26 4.24 4.20 4.16 4.12 4.06 3.99 3.91 3.82 3.71 3.60 3.46 3.31 3.13 2.92 2.63 2.25 2.05 2.11 1.94 2.20 3.62 4.64 4.59 4.16 3.67 3.71 4.48 5.22 5.32 4.79 4.27 4.13 4.25 4.44 4.67 4.97 5.07 4.75 4.49 4.58 4.94 5.19 5.36 5.70 5.95 5.96 6.01 6.17
8.18 8.20 7.86 7.07 6.46 6.16 6.05 6.22 6.32 5.91 5.56 5.42 4.81 4.11 4.09 4.33 4.37 4.61 5.41 6.25 6.46 6.11 5.54 4.86 4.29 4.15 4.29 4.38 4.41 4.38 4.30 4.27 4.27 4.27 4.26 4.25 4.23 4.21 4.18 4.14 4.09 4.04 3.97 3.89 3.80 3.70 3.58 3.45 3.30 3.12 2.90 2.62 2.35 2.19 1.95 1.88 2.63 3.85 4.46 4.25 3.53 3.40 4.35 5.28 5.54 5.22 4.64 4.19 4.09 4.16 4.28 4.63 4.90 4.67 4.43 4.36 4.54 4.80 5.00 5.43 5.88 6.00 6.07 6.26
7.22 8.35 9.28 8.65 7.60 6.61 6.27 6.63 6.91 6.54 5.88 5.46 5.24 4.71 4.11 4.13 4.36 4.36 4.62 5.38 6.08 6.42 6.37 5.85 5.11 4.54 4.26 4.17 4.14 4.18 4.19 4.18 4.20 4.22 4.23 4.23 4.22 4.21 4.19 4.16 4.12 4.08 4.02 3.96 3.88 3.79 3.69 3.57 3.44 3.30 3.13 2.93 2.72 2.48 2.23 2.02 2.21 2.86 3.70 3.96 3.29 3.03 3.62 4.54 5.11 5.15 4.85 4.37 4.05 3.99 4.01 4.31 4.60 4.42 4.23 4.18 4.19 4.38 4.71 5.13 5.61 5.90 6.06 6.12
5.71 7.33 9.56 10.38 10.26 9.08 7.81 7.87 8.02 7.32 6.39 5.74 5.47 5.27 4.77 4.32 4.36 4.41 4.36 4.63 5.10 5.64 6.19 6.38 6.07 5.54 4.96 4.40 4.00 3.89 3.93 4.01 4.09 4.14 4.17 4.19 4.19 4.19 4.18 4.16 4.14 4.11 4.06 4.01 3.95 3.87 3.78 3.69 3.58 3.46 3.33 3.18 3.02 2.84 2.64 2.45 2.38 2.52 2.99 3.31 2.80 2.46 2.85 3.50 4.15 4.56 4.68 4.51 4.22 4.04 3.96 4.13 4.29 4.01 3.77 3.80 3.82 3.85 4.09 4.51 4.87 5.31 6.00 6.03
4.21 4.65 6.55 8.45 9.79 10.14 9.52 9.21 9.58 9.30 8.35 7.77 7.30 6.69 6.20 5.67 5.15 4.81 4.46 4.34 4.55 4.84 5.24 5.76 6.10 6.23 5.99 5.18 4.33 3.90 3.72 3.74 3.88 4.00 4.09 4.13 4.16 4.16 4.16 4.16 4.15 4.12 4.09 4.05 4.00 3.94 3.87 3.78 3.69 3.59 3.48 3.37 3.25 3.12 2.99 2.87 2.78 2.70 2.78 2.88 2.59 2.27 2.40 2.76 3.11 3.46 3.86 4.11 4.13 4.08 4.02 4.12 4.15 3.78 3.53 3.53 3.43 3.32 3.37 3.83 4.37 4.98 5.93 6.40
4.06 3.76 3.81 4.61 6.01 7.40 7.57 7.40 8.30 9.17 8.93 8.60 8.46 8.09 7.53 6.96 6.44 5.88 5.17 4.56 4.41 4.53 4.71 4.91 5.15 5.81 6.55 6.19 5.18 4.46 3.97 3.66 3.63 3.78 3.94 4.05 4.10 4.13 4.14 4.15 4.14 4.13 4.11 4.08 4.04 4.00 3.94 3.87 3.79 3.71 3.62 3.52 3.43 3.33 3.24 3.15 3.08 3.02 2.95 2.87 2.69 2.46 2.35 2.39 2.43 2.51 2.82 3.13 3.32 3.50 3.74 4.11 4.10 3.63 3.44 3.44 3.29 3.03 2.94 3.30 4.07 4.96 5.63 6.80
5.18 4.71 4.10 4.13 4.70 5.19 4.92 4.57 5.41 6.66 6.54 6.27 6.41 6.63 6.74 6.59 6.52 6.51 6.17 5.49 4.87 4.60 4.59 4.64 4.55 5.06 6.39 7.00 6.36 5.45 4.76 4.14 3.70 3.57 3.70 3.88 3.99 4.06 4.10 4.13 4.13 4.13 4.12 4.10 4.08 4.04 3.99 3.94 3.88 3.81 3.74 3.66 3.58 3.50 3.42 3.36 3.29 3.23 3.17 3.07 2.92 2.78 2.62 2.47 2.35 2.27 2.28 2.38 2.45 2.53 2.90 3.59 3.82 3.35 3.19 3.31 3.27 2.97 2.77 3.05 3.74 4.72 5.51 7.31
6.20 5.72 5.03 4.70 4.71 4.81 4.49 4.04 4.49 5.22 5.01 4.81 4.81 4.84 5.05 5.18 5.35 5.75 6.07 6.04 5.74 5.32 5.00 4.85 4.58 4.56 5.45 6.70 6.98 6.38 5.65 5.03 4.36 3.73 3.54 3.68 3.83 3.95 4.04 4.09 4.12 4.12 4.13 4.12 4.10 4.07 4.04 4.00 3.95 3.89 3.83 3.77 3.70 3.63 3.56 3.50 3.44 3.39 3.32 3.24 3.14 3.04 2.93 2.78 2.61 2.46 2.31 2.22 2.07 1.94 2.05 2.62 3.10 2.80 2.73 2.89 3.05 2.86 2.64 2.97 3.58 4.42 5.73 7.71
7.24 6.59 5.57 5.03 4.91 4.87 4.60 4.31 4.36 4.57 4.63 4.65 4.58 4.48 4.48 4.48 4.52 4.72 5.02 5.34 5.63 5.72 5.59 5.30 4.83 4.50 4.83 5.83 6.66 6.75 6.26 5.75 5.27 4.50 3.83 3.66 3.73 3.81 3.93 4.02 4.07 4.11 4.12 4.12 4.12 4.10 4.07 4.04 4.00 3.95 3.90 3.85 3.79 3.74 3.68 3.62 3.57 3.51 3.45 3.38 3.29 3.21 3.12 3.01 2.89 2.75 2.58 2.40 2.16 1.97 1.91 2.08 2.24 2.13 2.21 2.39 2.61 2.61 2.45 2.80 3.56 4.53 6.14 7.50
