windninja/windninja_output/Output_2025-10-23_1500-1550_Google earth_Fire_150m_10min/merlingen_7.5mi_point_10-23-2025_1550_150m_ang.asc
ncols	158
nrows	163
xllcorner	391686.332397
yllcorner	5160024.123721
cellsize	150.000000
NODATA_value	-32768.000000
[rows 42 to 83 of 163, columns 0 to 94 of 158]
219 219 219 220 220 221 221 222 222 222 222 223 224 224 225 226 226 227 228 229 229 230 231 232 233 234 236 238 241 246 249 249 248 243 236 231 233 239 241 240 239 239 239 241 243 242 240 239 241 248 255 256 253 252 255 254 249 248 250 250 248 247 249 248 249 256 262 262 262 258 251 253 259 263 271 273 265 238 239 249 254 256 261 267 273 272 265 261 268 275 277 272 266 268 274
222 222 221 221 221 221 221 222 223 223 222 223 224 224 225 226 226 227 228 229 230 230 231 232 233 234 236 238 241 245 248 247 245 242 237 234 238 242 241 241 242 242 244 247 245 240 240 243 247 254 259 256 249 247 250 251 248 246 247 250 253 257 259 256 255 260 264 265 259 248 244 250 255 259 266 266 248 218 230 250 257 262 270 275 275 265 252 254 262 270 275 274 272 273 274
224 224 224 223 222 222 223 223 223 223 223 223 224 224 225 226 226 227 228 229 229 230 231 232 233 234 236 238 240 243 246 246 245 243 241 243 249 249 247 245 245 247 250 250 244 239 241 247 252 257 258 252 244 241 243 245 245 245 248 253 257 261 265 266 269 268 267 265 257 247 247 250 251 254 257 251 230 210 228 252 263 272 277 276 267 253 248 254 260 267 272 275 277 276 272
227 226 225 225 224 224 224 223 223 224 224 224 224 225 225 226 226 227 228 229 229 230 231 232 234 235 236 238 240 242 244 245 245 244 245 252 258 257 253 251 250 252 253 249 240 238 244 252 258 258 254 247 242 238 240 243 244 247 254 258 260 263 268 274 276 274 269 264 257 254 255 254 253 252 248 240 220 209 233 257 271 278 277 268 255 249 252 256 259 263 269 277 280 277 269
229 228 227 226 226 226 225 225 224 224 224 224 224 225 225 226 226 227 228 229 230 230 231 232 234 235 237 238 240 242 244 246 246 247 249 254 259 261 259 256 256 256 254 247 239 243 251 257 259 255 249 244 239 238 241 243 246 253 261 265 265 267 272 276 276 273 268 261 256 257 259 258 255 251 244 234 218 215 243 263 272 273 268 261 254 253 257 260 259 261 268 278 280 275 268
230 229 228 227 228 229 228 226 225 225 225 225 224 225 226 226 227 228 228 229 230 231 232 233 235 236 237 238 239 241 243 246 248 250 253 255 258 261 263 262 261 259 254 244 241 250 258 260 256 249 244 239 236 239 241 244 251 259 267 272 272 271 273 274 273 270 265 260 256 257 259 258 255 249 241 232 222 228 251 263 267 266 263 260 258 259 262 263 262 264 269 275 276 272 266
232 231 230 229 229 231 230 228 227 226 226 226 225 226 226 227 228 228 229 230 230 231 232 234 235 236 237 238 240 241 243 245 248 250 253 256 259 262 265 267 266 262 255 247 247 256 260 258 251 244 238 236 239 243 244 249 257 265 270 273 273 272 270 270 271 268 264 260 257 257 257 256 253 247 239 232 229 239 253 261 263 264 264 263 262 263 264 265 267 270 270 269 269 267 264
234 233 231 230 231 233 232 230 228 227 227 226 226 227 227 228 228 229 230 230 231 232 233 234 235 236 237 238 240 241 243 245 247 249 252 255 259 262 265 267 267 264 260 256 257 261 260 254 247 238 232 235 242 246 249 255 264 271 272 269 268 268 266 267 269 268 264 260 257 256 255 254 251 244 238 234 236 243 251 258 261 263 265 266 265 266 267 269 272 271 267 263 261 262 262
236 235 232 230 231 232 232 231 229 228 228 227 227 227 227 228 228 229 230 230 231 232 233 234 235 236 237 238 240 241 243 245 246 248 251 255 260 263 264 265 265 265 265 264 265 264 258 251 244 236 234 242 248 250 253 262 269 271 267 263 262 262 263 267 269 267 264 260 258 256 255 253 248 243 240 240 242 245 250 256 261 263 264 266 268 270 272 273 272 268 263 258 256 256 256
240 237 232 231 232 231 230 231 230 228 228 228 228 228 228 229 229 229 230 231 231 232 233 234 236 236 237 238 240 241 243 245 246 248 251 255 260 263 264 264 265 267 269 269 268 264 256 246 240 239 243 252 255 257 262 269 270 266 259 257 257 259 264 268 269 266 262 258 256 255 254 251 247 244 245 247 247 248 252 257 259 260 263 266 270 273 274 273 269 265 260 255 252 251 254
243 239 234 233 234 233 231 232 231 228 227 228 228 229 229 230 230 230 231 232 232 233 234 235 236 237 238 239 240 242 243 245 246 248 251 254 258 262 264 265 266 268 271 272 269 263 254 242 239 243 249 253 256 260 268 272 269 261 254 252 254 260 266 269 268 265 260 256 254 253 252 250 247 246 248 250 251 253 257 259 257 257 261 267 271 274 274 271 268 263 258 254 251 251 258
242 240 235 233 235 233 231 232 232 230 229 230 230 230 230 231 231 231 232 233 233 234 235 236 236 237 238 239 241 242 243 245 247 248 251 253 256 260 263 266 268 269 270 272 269 261 252 243 245 249 251 253 256 261 268 270 264 256 251 251 256 262 268 268 266 263 258 252 251 252 251 249 246 246 250 252 253 256 262 262 258 258 260 263 268 272 275 273 267 261 258 256 254 255 269
240 239 236 234 235 233 230 232 234 233 232 231 231 231 231 231 232 232 232 233 234 235 235 236 237 238 239 240 241 242 244 245 247 248 250 252 255 258 262 266 270 271 270 270 269 264 256 252 257 256 253 255 260 264 267 266 259 251 250 253 258 265 269 268 265 260 254 248 249 250 249 245 244 248 251 253 253 258 264 266 264 263 262 261 262 266 271 272 267 261 259 261 263 266 278
239 239 238 238 239 238 235 234 234 234 234 233 233 233 233 233 233 233 233 234 234 235 236 237 238 238 239 240 241 243 244 245 247 248 250 252 254 257 260 264 269 271 270 269 271 271 268 266 265 260 255 259 262 265 266 263 253 249 252 257 262 267 268 266 262 257 251 247 249 248 242 240 246 252 254 254 255 261 265 268 269 268 265 262 260 260 261 263 264 263 264 268 274 280 284
241 240 239 239 241 242 241 238 236 236 235 234 235 235 234 234 235 235 235 235 235 236 237 238 238 239 240 241 242 243 244 246 247 248 250 252 254 256 258 262 265 268 269 269 272 276 278 277 272 264 260 262 263 266 266 260 249 250 257 263 268 269 267 263 259 254 250 248 248 244 239 243 251 254 255 255 258 264 267 269 270 269 266 263 261 259 254 252 255 261 269 277 290 297 291
242 242 240 238 237 239 240 239 238 238 235 232 233 236 236 236 236 236 236 236 237 237 237 238 239 239 241 241 242 244 245 246 247 249 250 252 253 255 257 260 262 265 267 269 272 276 282 284 280 274 268 266 266 268 266 258 250 254 262 268 270 269 265 260 255 250 247 245 243 241 243 250 254 255 257 258 262 267 268 268 267 266 265 263 261 258 254 251 253 262 276 293 305 305 296
243 242 241 239 238 237 237 238 239 240 236 232 232 235 238 239 238 237 237 237 238 238 239 239 239 240 241 242 243 244 245 246 247 249 250 252 253 255 257 258 261 263 265 268 271 275 280 285 287 286 280 272 270 270 265 258 254 261 268 271 269 267 263 259 253 247 243 239 236 242 250 254 256 257 260 262 266 269 268 265 263 262 261 260 258 257 256 257 264 277 291 299 304 303 293
243 242 241 241 240 239 239 239 240 242 240 235 234 235 237 239 240 240 239 239 239 239 240 240 240 241 242 243 244 245 246 247 248 249 250 252 253 254 256 258 260 262 264 266 269 272 276 281 288 295 296 283 275 271 265 258 258 268 272 272 269 266 262 257 252 246 242 233 234 247 254 256 259 261 263 265 269 269 265 262 259 258 258 256 255 255 258 267 281 293 297 296 297 295 281
244 243 242 242 242 242 242 242 242 243 241 237 235 235 235 236 239 241 241 240 240 240 240 240 241 242 243 243 244 245 246 247 248 249 250 252 253 254 256 257 259 261 263 265 267 270 273 278 285 295 303 294 280 273 266 260 263 272 273 272 269 266 262 257 252 248 242 230 239 253 257 260 263 266 266 268 269 266 261 258 257 257 256 254 254 257 265 279 292 297 296 292 290 283 268
244 244 243 243 242 242 243 243 243 242 241 238 237 236 234 234 236 239 242 242 242 242 242 241 241 242 244 245 245 246 247 248 249 250 251 252 253 254 256 257 259 260 262 264 266 268 271 275 281 290 300 298 286 277 268 264 268 273 273 272 269 266 263 259 254 249 240 231 246 258 261 264 267 268 269 270 267 261 258 257 256 256 255 255 257 264 277 290 295 296 294 289 281 266 254
246 246 245 245 243 243 243 243 243 243 242 241 240 239 236 235 235 237 240 242 244 244 243 243 243 243 245 246 246 247 247 248 249 250 251 252 253 254 256 257 258 260 261 263 265 267 270 273 277 284 293 298 290 281 273 269 272 274 273 271 270 268 266 261 255 249 238 237 254 262 264 267 269 271 270 268 264 259 257 256 255 255 255 258 264 274 286 295 296 293 290 280 265 253 245
249 248 248 247 246 245 244 244 243 243 243 243 242 241 239 238 237 236 237 240 243 244 244 244 243 244 246 246 247 247 248 249 250 251 251 252 253 254 256 257 258 259 261 263 264 267 269 272 275 280 288 294 290 285 280 275 273 273 273 273 271 269 265 260 256 251 244 251 262 265 266 268 271 272 270 266 262 261 258 255 254 254 256 264 274 284 292 297 294 287 276 265 254 244 236
250 250 250 249 249 248 248 247 245 244 244 245 243 242 241 240 239 237 236 238 240 243 245 245 245 245 247 247 247 248 249 250 250 251 252 253 254 255 256 257 258 259 261 262 264 266 268 270 273 277 283 290 290 287 287 281 274 272 274 275 273 267 259 256 259 258 259 266 268 268 268 270 272 272 270 267 265 263 257 253 253 256 263 272 282 290 293 293 288 276 263 255 244 235 229
249 249 248 249 249 249 248 248 248 247 247 247 246 243 243 243 242 239 237 237 238 240 243 246 247 247 248 247 248 249 250 250 251 252 252 253 254 255 256 257 258 259 260 262 263 265 267 269 272 275 279 285 288 288 290 290 280 273 273 274 270 259 254 258 262 266 270 273 272 271 271 272 272 271 270 270 268 264 256 252 255 263 274 282 289 290 289 286 277 263 253 243 233 228 223
245 244 245 247 248 248 246 245 246 247 248 247 246 245 244 244 244 243 241 239 237 237 239 243 246 248 249 248 249 250 250 251 252 252 253 254 254 255 256 257 258 259 260 262 263 264 266 268 270 273 276 280 284 286 290 293 287 278 272 269 264 258 262 265 266 267 270 272 273 274 274 273 272 271 272 273 271 264 256 257 265 277 287 293 291 287 283 277 262 251 241 231 225 219 217
236 237 239 241 245 247 244 241 243 246 248 247 244 243 245 245 245 245 244 243 239 236 237 239 242 246 249 251 251 252 252 252 253 253 254 254 255 256 256 257 258 259 260 261 263 264 265 267 269 271 273 276 279 282 286 290 290 283 274 268 266 271 274 272 269 267 267 269 273 275 276 275 273 272 273 273 271 266 263 270 279 287 291 292 287 280 273 260 250 241 230 221 217 213 215
227 233 235 234 236 238 235 233 240 245 247 245 243 242 242 243 245 246 246 246 243 240 239 239 238 240 245 250 254 255 254 254 254 254 255 255 255 256 257 257 258 259 260 261 262 264 265 266 268 270 272 274 276 278 281 284 285 284 279 274 274 281 283 280 274 269 267 268 272 275 276 275 275 275 275 274 274 272 274 281 286 288 284 281 281 274 262 249 242 231 221 213 212 214 218
235 242 244 240 239 237 230 227 235 239 238 235 234 235 234 236 241 245 247 247 246 245 244 242 238 236 241 248 253 256 257 257 256 256 256 256 256 257 257 258 259 259 260 261 262 263 264 266 267 269 270 272 274 276 277 279 280 281 281 278 279 285 287 284 280 275 273 273 274 274 274 275 277 277 276 276 277 280 285 287 286 283 275 273 279 273 258 244 234 222 214 209 212 217 224
247 255 263 262 258 250 241 236 241 242 237 232 231 231 231 232 235 240 243 246 247 247 248 247 241 236 240 246 249 253 256 258 259 258 257 257 257 257 258 258 259 259 260 261 262 263 264 265 266 268 269 270 272 273 275 276 277 278 278 278 280 284 286 285 283 283 281 279 277 276 275 276 277 277 276 275 278 285 290 288 282 275 271 276 278 271 252 237 225 216 210 210 215 220 231
251 256 265 269 269 264 260 259 261 256 248 244 243 240 238 236 237 238 239 241 244 247 249 248 243 237 241 243 245 247 251 255 259 260 259 258 258 258 258 259 259 260 260 261 262 263 264 265 266 267 268 269 271 272 273 274 275 275 276 277 279 281 282 283 285 286 286 284 282 282 283 280 277 275 274 275 279 285 289 285 278 273 277 281 276 262 242 228 218 213 212 215 222 228 239
254 257 263 266 267 266 266 269 270 264 257 255 255 253 250 247 245 243 241 240 241 244 247 247 243 240 244 244 244 245 247 250 255 259 261 260 260 259 259 259 259 260 261 261 262 263 264 265 266 267 268 269 270 271 272 272 273 274 275 276 277 278 279 281 283 284 285 286 287 290 291 286 278 273 275 277 280 283 285 281 278 280 285 283 273 249 229 220 217 217 218 224 231 238 257
257 260 264 266 266 267 268 269 270 265 260 258 257 256 254 253 252 250 248 245 243 243 244 245 243 243 246 247 245 245 245 247 250 255 259 261 261 260 260 260 260 260 261 261 262 263 263 264 265 266 267 268 269 270 271 271 272 273 274 275 276 277 278 279 280 281 283 285 288 290 292 289 282 279 281 283 283 284 284 283 284 288 289 280 263 237 220 216 220 224 226 235 244 264 298
259 262 267 269 270 270 270 270 268 266 263 260 258 256 255 254 254 253 252 251 250 248 247 246 245 244 247 248 247 246 246 246 249 251 255 258 259 260 261 261 260 260 261 261 262 263 263 264 265 266 267 268 268 269 270 271 272 272 273 274 275 276 276 277 278 280 281 283 285 287 289 289 289 291 292 291 290 288 288 290 292 292 286 273 248 226 216 219 226 230 239 249 271 298 303
261 263 268 273 274 274 274 273 270 268 266 263 261 259 258 257 255 254 254 253 253 252 251 250 248 247 248 250 249 248 247 247 249 251 252 255 258 260 261 262 261 261 261 261 262 263 263 264 265 266 267 267 268 269 270 270 271 272 272 273 274 275 275 276 277 279 280 282 283 284 286 288 292 297 300 297 296 295 296 298 296 290 278 258 232 216 216 224 231 239 254 274 297 297 297
261 263 268 274 278 280 279 278 274 271 269 267 264 262 261 259 258 256 255 254 253 253 252 252 250 249 251 254 252 250 248 248 249 251 253 255 258 260 262 262 262 261 261 262 262 263 263 264 265 266 267 267 268 269 269 270 270 271 272 273 273 274 275 276 277 278 279 280 281 283 285 287 290 296 301 301 301 303 304 300 293 282 265 242 221 217 224 229 236 252 274 302 305 296 291
262 263 265 271 279 284 285 283 280 277 274 270 267 265 263 262 260 259 257 256 255 254 254 253 250 248 252 257 257 254 250 249 249 250 252 255 257 260 262 262 262 261 261 262 262 263 264 264 265 266 267 267 268 269 269 270 270 271 271 272 273 273 274 275 276 277 278 279 281 282 284 286 289 293 298 302 305 310 308 296 286 272 251 233 226 233 241 244 256 281 302 311 305 295 289
264 262 259 266 279 287 289 289 287 284 279 273 269 266 265 264 262 261 259 257 256 256 256 254 249 247 252 256 258 256 252 250 249 250 252 253 255 257 260 263 263 262 262 262 262 263 264 264 265 266 267 268 268 269 269 270 270 271 271 272 272 273 274 275 276 277 278 279 280 282 283 285 288 291 295 300 306 313 310 295 280 260 240 236 239 247 256 272 293 301 304 305 301 293 288
261 257 251 256 271 286 293 294 292 290 284 275 270 267 265 264 263 263 261 259 258 257 257 255 250 249 252 254 256 255 254 252 251 251 252 253 252 253 256 261 263 263 262 262 263 263 264 265 266 267 268 269 269 269 269 270 270 270 271 272 272 273 273 274 275 276 277 278 280 281 282 284 286 289 292 297 304 312 310 296 278 256 247 250 251 256 274 294 299 300 298 296 294 291 289
254 250 247 251 261 274 291 294 291 290 284 275 269 267 266 265 264 263 262 260 259 259 258 256 253 253 254 254 254 254 256 256 253 251 251 252 251 251 253 256 259 261 262 263 263 264 264 265 267 269 270 270 270 270 270 270 270 271 271 271 272 273 273 274 275 276 277 278 279 280 282 284 286 288 291 295 301 308 309 299 285 272 268 265 261 272 292 300 299 296 293 291 289 289 288
251 253 255 260 269 273 271 272 277 278 274 270 267 266 266 265 264 263 263 262 261 260 259 258 256 256 258 257 255 255 257 258 257 253 251 249 249 250 252 252 253 256 259 261 263 265 265 265 268 272 274 274 272 271 270 270 270 271 271 271 272 272 273 274 275 275 276 277 278 280 281 283 285 287 290 293 298 305 308 307 306 295 284 276 277 292 300 300 297 294 291 289 286 286 287
263 264 267 274 277 268 256 252 255 258 260 262 264 264 264 264 264 264 264 264 264 262 261 260 257 258 260 259 257 257 258 260 260 258 255 251 249 250 252 252 250 251 253 256 259 262 263 264 266 270 274 276 275 273 271 270 270 270 271 271 272 272 273 274 274 275 276 277 278 279 281 283 284 286 289 292 296 302 307 313 320 314 295 291 301 302 300 298 296 293 290 287 285 284 287
266 268 271 273 269 259 252 248 246 249 252 258 262 263 263 263 263 264 265 266 266 265 264 262 261 261 261 260 258 257 258 258 259 259 259 257 255 253 253 253 252 251 253 255 256 258 260 263 265 266 267 271 274 274 272 270 270 271 271 271 272 272 273 274 274 275 276 277 278 279 280 282 284 286 288 291 295 300 307 315 328 332 316 310 307 302 298 295 294 291 288 286 284 283 284
