windninja/windninja_output/Output_2025-10-23_1500-1550_Google earth_Fire_150m_10min/merlingen_7.5mi_point_10-23-2025_1520_150m_ang.asc
ncols	158
nrows	163
xllcorner	391686.332397
yllcorner	5160024.123721
cellsize	150.000000
NODATA_value	-32768.000000
[rows 84 to 125 of 163, columns 0 to 93 of 158]
242 237 234 237 236 234 231 229 229 227 224 222 224 227 230 230 229 230 229 227 226 224 222 219 212 210 215 217 218 220 220 221 222 224 228 232 233 232 229 227 224 222 221 221 222 222 223 224 225 225 224 223 223 224 227 230 231 232 233 233 234 234 234 234 235 235 236 236 237 237 238 238 239 240 240 241 241 241 240 235 211 198 217 241 263 267 266 264 263 263 261 259 256 254
244 243 244 245 244 241 237 236 236 233 227 224 224 226 228 228 228 231 231 230 230 227 223 219 214 210 215 219 220 220 220 220 220 221 224 227 229 232 232 230 227 224 224 225 228 229 231 234 236 235 232 230 228 227 228 230 232 233 233 234 234 234 234 234 235 235 236 236 237 237 238 238 239 240 240 241 242 242 241 237 215 198 230 260 268 267 264 262 261 262 261 260 258 256
249 249 249 250 249 246 240 236 235 233 227 224 225 225 226 228 228 232 234 236 236 234 230 224 212 206 211 216 219 220 220 221 219 217 219 221 222 225 228 229 229 226 225 226 228 230 233 236 238 238 237 235 233 231 231 232 233 234 234 235 234 234 234 235 235 235 236 236 237 237 238 238 239 240 241 242 242 243 243 242 234 228 263 271 269 266 264 262 260 260 260 260 260 259
254 254 254 252 248 241 235 230 230 230 227 225 225 224 226 228 227 230 233 235 235 231 227 215 195 193 203 211 216 219 220 222 221 219 220 220 219 220 222 224 225 225 225 226 228 230 233 236 237 238 238 237 235 234 235 236 237 237 236 236 235 235 234 234 235 235 236 236 237 237 238 239 239 240 241 242 243 244 246 250 260 299 305 283 270 264 263 263 261 261 262 263 265 264
256 255 251 244 236 229 226 225 227 230 229 225 222 220 220 222 223 227 230 230 225 215 205 194 185 187 200 209 215 218 219 221 222 223 226 226 224 223 223 224 224 223 223 224 226 228 231 234 235 234 234 235 235 235 235 236 238 240 240 239 237 235 234 234 235 235 236 236 237 238 238 239 240 241 242 243 244 246 250 255 268 301 315 298 281 268 263 261 262 264 266 268 267 263
254 250 242 236 230 226 224 225 225 227 228 222 217 216 218 218 220 224 226 223 213 199 194 192 188 189 200 210 215 218 220 221 222 223 226 229 229 228 229 230 229 227 225 224 225 228 230 232 234 233 232 230 229 229 230 231 234 239 244 244 238 234 234 234 235 235 236 237 237 238 238 239 240 241 242 244 245 248 251 257 267 289 308 303 291 281 272 266 266 269 270 268 263 259
250 245 237 235 234 230 226 223 220 221 224 219 213 214 216 216 216 218 222 219 203 192 194 197 193 193 202 210 215 218 220 222 223 223 225 227 228 228 229 231 232 231 229 228 228 230 231 233 233 233 232 230 228 226 225 227 231 235 240 241 234 232 232 233 234 235 236 237 237 238 239 240 240 241 243 244 246 249 252 257 265 279 295 298 293 289 283 276 274 274 271 263 260 259
244 238 229 226 224 222 217 213 212 216 221 217 209 209 209 207 209 212 217 216 197 191 199 201 197 197 205 212 216 220 222 224 225 225 226 227 226 226 226 228 229 230 231 231 231 231 233 235 235 236 235 234 231 227 223 224 227 229 231 230 225 227 231 233 234 235 236 237 238 238 239 240 241 242 243 245 247 249 252 257 263 273 285 292 291 290 287 282 278 275 267 260 263 264
236 228 218 214 212 208 200 195 198 207 215 212 207 206 206 206 205 204 207 207 201 196 204 206 202 203 210 215 219 222 224 226 227 227 226 227 226 226 227 227 227 228 230 232 233 234 235 238 240 241 241 239 236 230 223 221 226 228 230 228 224 224 229 232 234 236 236 237 238 239 239 240 241 242 243 245 247 249 252 256 261 268 278 287 289 288 286 283 278 271 262 262 267 267
227 220 211 209 208 204 198 192 193 202 208 205 198 196 197 199 197 195 203 210 209 200 204 207 206 208 214 218 221 224 227 230 231 229 227 227 228 228 228 227 225 227 230 232 233 235 237 239 241 242 244 244 238 231 227 228 235 238 237 234 230 227 229 233 235 236 237 238 238 239 240 241 242 243 244 245 247 249 252 255 259 265 272 280 285 285 284 281 275 266 262 264 267 267
214 211 208 207 208 206 202 196 192 199 206 203 198 195 195 199 200 202 212 220 215 207 206 210 210 214 217 220 223 226 230 234 235 231 228 229 229 229 229 226 223 222 226 228 229 230 233 235 237 238 239 239 231 228 230 237 245 246 242 239 235 231 231 234 236 237 237 238 239 240 240 241 242 243 244 246 247 249 252 254 258 262 266 272 276 279 279 277 271 266 264 265 265 265
195 201 206 208 211 210 206 199 193 199 209 211 209 209 209 217 219 228 230 226 219 218 218 220 220 220 220 222 223 225 228 231 232 230 228 230 231 231 230 228 223 219 222 224 223 223 224 226 229 230 232 231 224 224 231 236 241 244 242 240 238 234 233 236 237 237 238 239 240 240 241 241 242 243 245 246 247 249 251 254 256 259 263 266 269 271 272 271 268 266 265 264 264 263
167 189 204 207 212 213 210 205 203 215 233 233 231 232 238 245 245 249 243 225 226 232 234 237 232 226 223 224 223 223 226 229 231 231 230 232 234 233 232 230 226 221 221 223 222 220 220 221 223 226 229 229 226 225 230 236 240 243 243 242 239 236 236 237 238 239 239 240 240 241 241 242 243 244 245 246 248 249 251 253 255 257 260 262 264 266 266 266 265 264 263 263 262 262
147 172 201 209 218 221 219 217 219 231 245 250 252 245 249 252 255 255 243 228 230 238 245 249 240 227 223 224 225 228 234 237 237 236 235 236 238 238 236 232 229 224 221 226 227 225 225 226 229 232 233 232 230 228 231 236 239 242 243 243 242 240 240 240 240 240 240 241 241 241 242 243 244 245 246 247 248 249 251 252 254 256 258 259 261 262 263 263 262 262 261 261 261 260
130 152 206 224 234 233 230 229 231 236 246 259 270 270 267 266 264 257 245 236 233 238 243 243 226 214 219 225 231 237 242 244 243 241 239 240 243 244 241 236 232 227 223 226 231 234 236 239 239 238 236 234 232 231 232 234 236 238 240 241 242 243 245 245 244 243 243 242 242 242 243 244 244 245 246 247 248 250 251 252 254 255 256 258 259 260 260 260 260 260 260 260 259 259
116 133 232 246 253 253 253 250 248 248 252 258 264 271 272 269 264 256 248 239 233 234 236 231 217 214 223 230 236 242 245 247 248 246 244 243 243 244 245 242 236 231 225 224 230 233 236 238 237 235 234 233 231 230 231 232 234 236 237 237 237 239 243 246 248 248 246 244 243 243 244 244 245 246 247 248 249 250 251 252 253 254 255 256 257 258 258 259 259 259 259 258 258 258
130 156 239 253 259 261 263 263 260 257 258 258 261 268 271 266 262 258 248 237 235 238 238 232 225 226 231 236 241 245 249 252 255 255 253 249 246 245 245 245 240 234 227 223 226 231 233 234 234 232 232 231 229 229 229 230 231 233 235 234 233 234 237 241 246 248 248 247 245 244 245 246 247 247 248 249 250 251 252 252 253 254 255 256 256 257 257 257 257 257 257 257 257 257
165 192 238 252 257 260 262 262 261 260 259 257 255 255 255 254 250 247 239 236 243 246 242 236 235 237 239 243 246 250 254 258 261 264 265 262 257 252 250 247 242 236 231 224 226 231 234 234 232 231 230 229 229 229 230 229 228 230 232 232 232 233 235 237 240 243 245 246 246 246 247 248 249 249 250 250 251 252 252 253 254 254 255 255 256 256 256 256 256 256 256 256 256 256
198 214 239 248 253 256 259 259 259 258 256 254 249 242 236 235 236 234 229 235 243 243 240 240 240 242 246 249 251 253 256 259 262 266 270 273 271 266 260 255 248 242 235 227 224 226 229 229 228 229 229 229 228 228 229 229 228 229 229 229 229 230 232 235 238 240 241 242 244 247 250 252 252 252 252 252 253 253 254 254 255 255 255 255 255 256 256 256 256 256 256 255 255 255
217 224 237 245 249 252 254 256 256 256 255 253 248 242 238 237 237 234 233 240 242 237 239 242 242 243 247 251 253 255 258 259 261 264 269 275 281 280 273 266 260 253 244 233 223 223 226 227 226 227 228 229 228 227 227 226 227 228 228 228 227 226 228 232 236 237 237 238 238 242 249 254 256 256 255 255 256 256 256 256 256 256 256 256 256 256 255 255 255 255 255 255 255 255
225 229 236 242 247 251 253 255 256 257 258 257 256 258 260 259 253 248 249 251 244 238 239 241 241 241 244 248 251 256 259 260 261 263 266 272 280 286 284 277 270 264 254 241 227 222 226 227 226 226 227 227 228 227 227 226 225 226 227 228 228 227 228 231 233 234 233 232 232 236 242 248 255 260 261 262 262 261 260 259 259 258 258 257 256 256 256 255 255 255 255 255 254 254
231 233 236 241 246 251 253 254 255 257 260 264 267 270 271 271 267 263 259 254 246 242 240 239 237 237 240 244 247 253 257 260 262 262 263 268 275 282 286 282 276 270 262 250 228 216 219 222 221 222 224 224 225 226 227 227 226 226 227 228 229 228 229 232 233 233 232 229 228 233 237 240 244 251 257 262 265 266 265 265 264 262 260 258 257 256 256 255 255 255 255 254 254 254
235 234 236 239 243 246 249 251 251 253 255 256 259 261 265 267 265 261 255 248 244 245 242 235 233 234 237 239 244 249 253 257 258 256 258 265 272 277 281 284 279 269 261 252 221 199 204 213 216 219 222 222 222 223 225 225 226 226 227 228 228 228 229 231 232 232 232 229 227 230 234 237 238 240 245 252 258 261 263 266 270 269 264 261 259 258 257 256 256 255 255 254 254 254
235 234 234 237 240 242 243 243 240 239 239 239 240 244 251 256 258 256 251 245 242 244 242 233 229 231 232 233 238 246 251 253 250 245 252 263 269 269 271 277 278 268 256 238 200 173 177 196 208 215 221 223 222 222 223 223 224 225 227 228 228 229 229 229 230 230 231 229 226 228 232 235 238 239 242 246 250 253 255 259 265 271 270 265 261 259 258 257 256 256 255 255 254 254
234 233 232 234 235 234 231 229 227 230 234 237 238 240 244 248 250 248 244 242 242 244 242 232 226 227 229 227 232 242 247 248 242 237 250 262 263 258 257 262 262 258 249 222 184 162 152 170 192 206 216 221 223 223 223 223 223 224 225 225 226 228 229 229 230 230 229 229 227 225 229 233 238 240 241 243 245 249 252 255 257 264 271 271 265 261 259 258 257 256 256 255 255 255
234 232 231 230 228 227 226 227 229 233 238 239 238 238 242 244 243 236 232 235 241 246 243 233 224 223 225 223 230 241 243 240 236 234 250 260 256 249 248 246 240 243 249 211 164 154 142 146 171 194 208 215 219 221 222 223 223 224 224 222 223 226 228 227 230 232 231 230 227 225 227 233 237 238 240 241 243 246 249 253 255 258 265 271 270 265 261 259 258 257 257 256 256 256
233 231 230 231 231 233 235 237 238 238 240 240 237 236 240 243 239 224 221 229 239 247 245 234 224 219 221 220 227 237 240 236 232 234 248 256 250 244 242 232 222 225 235 201 139 142 139 136 150 176 196 208 214 218 220 220 221 224 225 222 222 225 227 226 227 231 232 231 228 225 225 231 235 237 239 241 243 244 246 250 254 257 260 265 270 269 265 262 260 259 259 258 258 258
232 232 233 235 238 239 240 241 240 239 239 241 240 237 238 241 234 213 212 223 234 244 245 231 223 220 218 214 220 229 235 236 230 232 242 247 244 239 233 220 210 215 221 206 150 133 132 128 134 155 180 198 209 216 218 218 219 223 226 224 223 225 226 225 225 227 229 230 229 226 225 230 235 236 238 240 242 242 244 248 252 256 257 259 262 266 266 264 263 262 261 261 262 261
235 236 237 238 239 238 237 237 237 235 233 236 238 234 236 239 231 205 204 215 224 235 240 228 219 224 221 216 217 223 229 233 230 232 242 243 239 235 225 216 211 215 221 215 180 143 131 125 124 135 161 184 201 212 217 217 217 221 224 224 222 223 225 225 223 224 226 227 227 227 228 232 236 236 237 239 240 240 241 244 249 254 256 256 257 257 260 262 262 263 265 266 265 263
238 238 239 239 239 239 237 234 232 229 227 231 234 230 232 238 230 197 191 203 214 226 234 230 220 227 228 225 221 220 224 229 232 239 248 249 242 235 223 216 212 213 218 218 197 160 142 134 128 127 140 165 189 205 214 216 215 218 222 223 221 220 223 225 223 223 224 224 224 224 225 229 233 234 235 238 239 239 239 240 244 250 252 253 254 252 252 254 256 259 266 269 266 262
236 236 237 237 237 236 235 234 230 227 226 229 229 225 229 236 227 188 178 193 205 218 226 229 224 223 224 224 225 221 220 225 233 242 251 253 244 235 223 212 206 205 209 212 200 173 156 149 143 133 132 146 172 196 210 214 214 216 220 222 221 218 220 224 223 221 222 223 223 222 222 226 232 233 233 236 238 240 239 239 242 245 245 246 247 243 244 247 249 256 263 264 261 257
233 233 233 233 233 231 231 231 230 228 229 229 224 219 225 234 226 188 171 185 201 210 216 220 222 220 218 217 221 219 212 218 229 240 246 244 236 227 219 207 199 199 204 207 201 182 167 160 155 145 138 138 154 182 204 212 214 214 218 221 220 218 219 223 222 220 221 222 223 223 222 225 230 234 235 236 237 239 239 239 242 244 242 240 239 234 235 242 247 256 260 256 252 248
230 231 232 232 231 230 228 227 227 229 231 228 218 214 223 234 230 195 172 178 194 201 204 211 216 219 216 215 222 217 203 208 221 233 241 237 225 214 209 202 195 197 203 207 204 191 176 165 159 155 147 142 147 167 195 210 214 214 217 220 220 218 219 222 222 219 219 221 222 222 222 223 226 231 236 238 238 238 239 240 244 246 243 237 234 231 231 239 247 254 254 249 243 242
229 231 232 233 232 230 226 222 223 226 230 227 213 209 221 234 234 200 168 168 181 190 195 202 209 212 212 213 219 217 204 205 213 224 227 221 210 202 200 198 194 197 202 205 206 197 181 168 163 162 158 150 149 159 184 205 213 214 216 219 219 217 218 221 221 219 218 220 221 221 221 220 222 226 230 235 237 237 238 239 243 247 244 236 232 231 231 238 245 249 247 243 238 241
230 231 232 233 232 229 224 221 222 224 229 227 211 206 219 232 235 211 164 155 163 178 189 196 202 206 204 204 210 213 210 205 205 215 219 215 206 197 194 195 196 199 202 205 206 198 184 174 169 168 166 159 153 156 175 199 211 214 215 218 219 217 217 219 219 217 216 218 220 221 220 219 219 222 226 230 232 234 236 237 240 244 242 235 233 233 233 238 243 243 240 237 234 240
231 230 231 234 233 228 224 224 227 227 229 228 213 205 217 229 235 226 176 146 142 161 184 195 200 202 199 200 206 209 207 201 203 214 222 221 214 202 198 199 200 200 201 202 200 197 190 180 175 173 172 164 157 156 168 192 208 214 215 217 218 217 217 219 218 217 216 217 219 222 222 220 219 220 223 226 228 230 235 238 241 243 240 236 235 236 236 238 240 239 236 233 230 236
229 228 228 233 235 231 230 231 233 230 229 231 218 204 212 225 234 233 207 156 129 132 168 195 204 206 207 208 209 209 209 207 212 223 229 228 221 213 208 208 207 205 203 202 202 200 195 187 181 178 176 170 162 158 165 187 206 213 214 216 218 217 218 223 225 228 228 223 222 224 223 221 220 220 221 223 225 228 232 238 241 242 241 237 237 238 236 237 237 236 234 230 227 233
227 225 223 224 225 225 227 232 237 232 227 234 226 202 205 219 231 235 225 196 143 103 97 196 219 216 213 214 219 222 223 226 229 231 233 231 228 225 219 215 215 212 212 212 211 208 203 197 190 186 182 175 167 162 166 182 203 212 214 217 220 220 225 231 235 243 249 245 235 229 225 223 223 222 221 220 222 224 228 233 237 239 239 237 237 237 234 234 235 235 233 227 224 231
220 220 217 215 214 214 217 223 230 230 227 237 232 201 199 213 228 235 233 222 203 115 55 20 307 255 232 228 233 233 230 234 234 233 237 235 232 230 222 216 218 221 222 221 219 217 214 206 198 192 187 180 171 166 167 179 199 210 214 219 224 227 232 234 232 236 242 249 250 242 233 228 226 225 222 220 220 221 224 227 231 235 236 234 234 232 229 229 231 233 230 222 223 235
218 219 218 213 212 213 214 218 224 226 227 240 240 207 199 214 228 233 235 235 233 228 324 8 356 335 307 269 252 238 229 235 239 237 239 237 232 231 226 215 214 220 224 224 221 219 216 207 198 194 190 184 176 169 170 178 199 215 222 225 227 229 231 229 227 230 233 236 242 249 245 239 234 229 226 222 219 220 221 222 225 229 231 230 230 230 226 225 229 231 228 220 224 239
219 220 219 214 212 215 215 217 222 222 225 239 243 220 209 221 229 230 231 235 241 242 238 253 313 343 351 301 245 225 221 235 240 238 241 239 233 232 230 219 212 215 222 225 224 219 214 205 196 193 191 189 181 173 173 182 201 220 229 229 226 225 224 223 224 229 230 232 234 240 251 254 251 244 236 229 223 222 222 220 221 225 228 228 228 228 223 223 229 232 228 221 225 239
214 216 216 211 209 213 215 216 219 218 222 233 240 231 226 233 232 227 225 227 233 240 237 225 211 195 179 188 200 202 212 233 240 240 241 241 236 233 232 223 215 213 218 227 227 223 215 205 195 193 194 192 185 178 176 184 198 212 220 219 216 219 219 219 222 227 229 230 232 233 240 253 262 263 257 246 238 232 229 226 224 228 229 227 227 225 220 221 227 230 227 221 227 240
