windninja/windninja_output/Output_2025-10-23_1500-1550_Google earth_Fire_150m_10min/merlingen_7.5mi_point_10-23-2025_1500_150m_ang.asc
ncols	158
nrows	163
xllcorner	391686.332397
yllcorner	5160024.123721
cellsize	150.000000
NODATA_value	-32768.000000
[rows 42 to 83 of 163, columns 0 to 93 of 158]
208 207 207 207 206 205 204 203 203 203 202 203 203 203 203 204 205 205 206 207 207 208 209 210 211 210 210 210 210 215 223 225 224 220 213 210 215 222 223 223 224 226 226 227 227 224 224 225 227 233 241 242 236 232 238 240 236 235 239 241 239 235 236 236 236 240 244 244 241 236 231 233 234 229 234 237 217 195 200 218 226 229 234 240 244 241 232 230 235 240 245 246 246 249
212 211 211 209 207 206 205 205 204 204 203 203 203 203 204 205 205 206 207 208 208 209 210 211 212 212 212 213 213 217 223 225 222 215 208 205 213 220 220 222 227 230 231 232 230 226 228 231 235 241 246 244 235 230 235 238 237 235 238 242 243 244 244 241 240 242 243 241 235 225 222 226 228 225 229 227 209 195 202 218 227 232 239 246 245 236 228 231 236 241 245 246 248 252
216 215 214 212 209 208 208 207 206 205 205 204 204 205 205 206 206 207 207 208 209 210 211 212 213 214 214 215 216 219 223 224 222 216 208 206 217 225 226 228 231 234 237 237 231 228 231 235 240 243 244 239 231 227 231 235 235 235 238 243 245 247 249 249 251 250 246 241 232 222 221 225 226 225 225 221 206 198 206 221 231 238 244 247 241 231 229 234 239 243 246 248 255 257
220 219 216 214 212 211 210 209 208 207 206 206 206 206 206 206 206 207 208 209 210 211 212 213 214 215 216 217 219 220 222 223 222 218 213 216 226 233 234 233 234 238 241 237 229 228 233 239 244 244 240 236 231 228 231 234 235 238 242 245 246 248 250 254 257 255 249 242 233 228 230 232 231 230 227 220 206 200 211 223 234 242 247 245 237 231 232 236 240 243 247 253 259 257
223 221 218 217 216 214 213 211 210 209 208 207 207 207 207 207 208 208 210 210 211 212 213 214 216 217 218 220 221 222 223 224 225 222 219 223 232 238 238 236 238 242 242 236 228 232 238 244 246 242 237 234 231 230 232 235 237 243 248 249 247 249 252 256 257 254 249 242 234 234 238 237 237 234 228 220 208 203 214 228 238 244 246 243 237 235 236 238 239 242 247 255 259 254
225 223 221 220 219 218 216 213 212 211 210 209 208 208 209 209 209 210 211 212 213 214 215 216 218 219 220 221 222 224 225 227 228 228 227 230 235 239 241 241 244 245 242 233 229 237 246 248 244 237 234 231 229 231 232 234 240 246 252 254 251 252 255 257 256 253 248 242 236 235 238 238 238 234 227 220 212 210 222 235 243 246 245 242 238 238 239 239 240 243 247 252 253 249
227 226 224 223 222 222 219 216 214 213 212 211 211 211 211 211 211 212 213 214 215 215 217 218 220 221 221 223 224 225 226 229 231 231 231 234 239 242 244 248 250 249 242 234 235 243 248 247 240 233 229 228 231 234 234 238 245 251 254 253 252 254 256 256 257 254 248 242 238 236 238 238 237 233 227 221 217 219 228 238 243 244 243 240 237 237 238 238 241 244 246 247 247 245
230 228 226 225 225 224 222 219 216 215 214 213 213 212 212 213 213 214 215 216 216 217 218 219 221 222 223 224 225 226 228 230 231 233 234 236 240 243 247 251 253 251 246 241 243 249 249 244 237 228 224 228 234 236 237 243 250 255 254 249 248 252 254 256 257 254 248 242 239 237 237 237 234 230 225 222 220 222 228 235 239 241 241 239 237 237 237 238 241 243 242 243 243 242
233 231 228 226 226 225 224 221 218 217 216 215 215 214 214 215 215 215 216 217 218 219 220 221 222 223 224 225 227 228 230 231 233 234 236 238 242 246 248 250 252 252 250 249 252 253 249 242 234 228 227 234 237 237 240 247 254 255 251 246 246 249 254 257 257 253 247 242 239 238 238 237 233 229 226 223 222 223 228 234 238 240 239 238 238 239 239 240 242 242 240 240 240 240
237 234 230 227 226 225 224 223 221 218 218 217 217 216 216 217 217 217 218 219 219 220 221 222 224 225 226 227 228 230 231 233 234 236 238 241 245 249 251 250 251 255 256 255 256 255 247 237 232 231 234 241 243 243 248 255 257 252 245 242 244 248 256 259 258 251 245 240 238 238 237 235 231 228 228 227 225 225 229 234 237 239 241 241 241 242 243 244 243 242 239 239 239 239
241 237 231 230 229 227 226 226 223 220 219 219 219 219 219 219 220 220 220 221 222 222 223 224 226 226 227 229 230 231 233 234 236 237 239 242 246 250 252 253 254 257 260 260 257 254 244 232 229 231 235 239 242 246 255 260 256 248 242 241 244 249 258 260 256 249 242 237 236 236 235 233 229 228 229 230 228 229 233 236 236 237 241 244 247 248 247 246 244 242 239 238 237 238
241 238 232 230 231 229 227 227 227 224 222 222 222 221 221 221 222 222 222 223 224 225 225 227 227 228 229 230 231 233 234 235 237 239 241 243 246 249 253 255 257 259 261 261 257 251 242 230 231 234 235 238 242 248 257 259 253 244 240 241 245 252 259 260 254 245 237 232 233 234 232 229 227 228 230 231 230 233 239 240 237 237 240 241 245 249 250 247 244 241 239 238 236 236
239 238 234 231 231 230 227 228 229 229 226 225 224 224 224 224 224 224 224 225 226 227 227 228 229 230 231 232 233 234 236 237 239 240 242 244 246 249 252 257 261 262 261 261 259 253 243 235 240 240 238 242 247 252 257 256 247 239 239 243 247 254 259 258 250 240 231 226 229 230 228 226 226 230 232 232 231 235 241 241 238 239 239 237 238 242 247 247 244 240 239 239 238 238
239 239 237 236 237 236 232 231 231 231 230 228 228 227 227 226 226 226 227 227 228 229 230 230 231 232 233 234 235 236 237 238 240 241 243 245 247 249 252 256 262 264 263 261 263 261 254 248 249 243 239 245 250 254 258 253 241 237 241 245 250 255 257 255 247 236 227 223 227 228 225 225 229 232 233 232 232 236 241 240 239 240 239 236 235 236 236 237 239 240 243 244 245 248
241 241 239 238 240 241 239 236 234 234 232 230 230 231 229 229 229 229 229 230 230 231 231 232 233 233 234 235 236 237 238 240 241 242 244 246 247 249 252 255 258 262 262 262 264 267 266 263 257 247 244 250 252 256 258 250 237 238 244 250 254 257 256 252 245 234 226 224 228 228 226 228 231 232 232 231 233 238 240 239 238 240 239 237 236 234 231 230 232 238 247 253 258 262
243 243 241 238 237 239 239 238 236 236 233 230 231 233 232 232 232 232 232 232 232 233 233 234 234 235 236 237 238 239 240 241 242 244 245 246 248 250 251 254 256 258 261 263 265 269 274 275 269 258 251 254 256 259 258 248 237 241 249 254 257 257 255 250 242 232 225 224 225 226 227 230 232 231 232 231 233 238 238 236 235 237 238 238 238 237 234 232 231 236 247 259 270 271
245 244 242 240 239 238 238 238 238 238 235 231 231 234 235 236 235 234 234 234 235 235 236 236 236 237 238 238 239 240 241 242 243 245 246 247 249 250 252 253 255 257 260 262 265 268 274 280 282 276 265 260 261 262 258 248 240 247 255 258 257 255 253 248 241 232 223 219 219 224 229 231 232 232 232 232 235 238 235 232 231 233 235 236 237 238 237 237 238 243 256 266 270 271
245 244 243 243 242 241 240 239 240 242 240 235 234 235 236 237 238 238 237 237 237 237 238 238 238 238 239 240 241 242 243 244 245 246 247 248 249 251 252 253 255 257 259 261 264 267 270 276 285 291 287 273 267 264 258 249 246 255 260 260 258 255 251 247 241 232 223 214 215 227 232 232 233 234 233 233 237 238 234 231 230 232 233 233 233 235 237 240 247 259 268 269 267 266
246 246 245 244 244 243 243 243 243 244 242 238 236 235 235 236 239 240 241 240 239 239 239 240 239 240 241 242 243 243 244 245 246 247 248 249 250 251 252 254 255 257 259 260 262 265 268 272 280 293 301 288 273 266 259 251 252 261 264 262 259 256 252 247 241 234 225 211 219 232 235 234 237 237 234 235 238 235 232 231 231 233 233 232 232 235 239 246 259 269 270 266 261 253
247 247 247 246 245 245 245 245 245 244 243 240 239 238 236 236 237 240 242 243 242 242 242 241 241 242 243 244 245 245 246 247 247 248 249 250 251 252 253 254 255 257 258 260 262 264 266 270 276 287 299 295 281 271 262 256 260 265 265 263 260 256 253 249 243 236 225 213 225 236 236 237 240 239 236 237 237 233 230 230 230 233 234 234 236 239 247 257 267 271 268 261 252 240
249 249 249 248 247 245 245 246 246 246 245 244 243 242 239 237 237 239 241 244 245 245 244 243 243 244 245 246 246 247 247 248 249 249 250 251 252 253 254 255 256 257 258 260 261 263 266 269 273 280 290 295 287 277 267 263 266 267 266 263 260 258 255 249 244 237 224 219 232 238 238 240 242 240 237 237 234 231 229 229 230 232 234 237 241 248 259 269 272 269 262 252 242 234
252 252 251 251 250 248 248 247 247 246 247 247 247 246 243 240 239 239 240 242 245 246 246 245 245 246 247 248 248 248 249 249 250 251 251 252 253 254 254 255 256 257 258 260 262 263 265 268 271 276 284 291 288 281 274 268 267 267 266 264 261 258 253 248 246 240 229 231 238 239 239 242 243 241 237 234 232 230 228 227 229 230 233 239 244 255 268 274 273 264 250 243 237 232
254 254 253 253 253 253 252 250 249 248 248 249 249 247 246 245 242 240 239 241 243 246 248 248 247 247 248 249 249 250 251 251 251 252 252 253 254 254 255 256 257 258 259 260 261 263 265 267 269 273 279 287 287 284 282 275 268 266 267 267 263 256 249 248 251 248 242 244 243 241 241 243 244 241 235 231 230 228 223 224 227 230 235 242 250 263 270 270 266 252 240 236 232 230
253 253 252 253 253 253 253 252 252 252 251 252 252 250 249 249 247 244 241 240 242 244 246 249 250 250 250 250 250 252 252 252 253 253 254 254 255 255 256 257 257 258 259 260 262 263 264 266 268 271 276 282 286 285 287 285 274 267 266 266 261 248 246 250 252 251 250 248 245 244 243 245 245 241 234 231 230 225 220 222 228 233 240 247 257 267 268 263 252 238 233 230 228 228
249 249 250 252 253 253 252 250 250 252 253 253 252 252 251 250 250 249 245 243 242 241 244 247 250 252 252 252 252 253 253 254 254 255 255 256 256 256 257 257 258 259 260 261 262 263 264 266 267 270 273 277 281 284 287 290 284 273 266 262 254 244 249 253 251 250 249 247 246 247 247 248 246 240 234 231 228 223 219 223 231 238 246 253 260 263 261 252 239 232 228 225 225 226
243 243 244 246 250 253 251 248 249 251 254 253 251 251 253 252 251 252 251 248 244 241 242 244 247 251 253 254 255 255 255 255 256 256 256 257 257 257 258 258 259 259 260 261 262 263 264 265 267 269 271 273 276 280 284 288 288 280 270 263 256 255 261 259 255 251 248 246 248 250 250 250 248 241 234 230 227 221 218 225 234 243 252 257 260 259 253 240 233 228 224 222 224 224
239 242 242 241 243 246 244 242 246 252 254 252 251 250 250 252 253 253 254 253 249 245 244 244 243 245 249 254 258 259 258 258 258 258 258 258 258 258 259 259 259 260 261 261 262 263 264 265 266 268 269 271 273 275 279 282 284 282 277 269 267 272 273 269 262 254 249 247 249 251 250 251 250 245 236 232 228 222 220 231 241 250 255 256 262 260 247 234 229 225 222 221 223 225
250 254 253 248 247 245 239 236 243 247 247 245 244 245 244 246 249 253 255 254 253 252 251 248 244 241 245 252 257 260 261 261 260 260 259 259 259 260 260 260 260 261 261 262 262 263 264 265 266 267 268 270 271 273 274 276 277 278 278 275 275 280 281 277 270 262 257 254 252 250 248 251 253 246 237 236 233 227 228 240 249 254 253 255 265 260 243 231 226 222 219 219 222 225
258 263 269 268 263 256 248 246 250 251 247 242 241 241 241 242 245 248 252 254 255 255 254 254 247 241 245 250 254 258 261 263 264 263 261 261 261 261 261 261 261 261 262 262 263 263 264 265 266 266 267 268 270 271 272 273 273 274 274 275 276 279 282 281 278 275 270 266 260 254 250 254 254 245 238 237 237 235 238 246 251 253 253 260 266 258 238 228 223 220 217 218 221 223
259 263 270 273 272 268 265 266 267 262 255 252 251 249 247 246 245 247 248 250 253 255 256 255 250 245 246 249 250 253 257 261 264 265 264 263 263 262 262 262 262 262 262 263 263 263 264 265 265 266 267 268 269 269 270 271 271 272 272 273 274 276 277 279 280 282 281 277 272 266 262 261 256 246 239 239 241 240 241 247 251 253 258 267 264 248 230 223 220 219 218 220 222 222
261 264 268 271 271 270 271 274 275 269 262 261 262 260 257 255 253 252 250 249 250 253 255 255 252 250 251 250 249 250 253 256 260 265 266 266 264 264 263 263 263 263 263 263 263 264 264 265 265 266 267 267 268 269 269 270 270 270 271 271 272 273 274 275 277 279 281 281 280 281 280 274 263 251 245 245 246 244 240 245 252 259 267 269 259 235 222 220 221 221 221 223 226 227
263 265 269 271 271 272 273 274 274 270 265 264 264 263 262 261 260 260 257 254 252 253 253 254 254 254 255 254 251 250 251 253 256 261 265 267 266 265 265 264 264 264 264 264 264 264 265 265 265 266 266 267 267 268 268 269 269 269 270 270 271 271 272 272 273 274 276 277 280 284 287 284 274 263 257 256 255 250 242 246 256 267 272 266 248 227 219 219 223 223 222 225 230 238
264 267 271 273 274 274 274 274 273 271 269 267 265 264 264 263 263 263 262 261 259 257 256 255 255 255 256 255 253 252 252 253 255 258 261 264 266 266 266 266 265 264 264 264 265 265 265 265 266 266 266 267 267 268 268 268 269 269 269 269 270 270 271 271 272 272 273 274 276 280 282 283 281 277 272 268 264 255 245 252 266 273 270 256 235 221 218 220 225 225 226 226 230 253
265 267 272 276 277 277 277 277 275 274 272 271 269 267 267 266 265 264 263 263 262 261 260 259 258 258 258 258 256 254 253 254 255 257 258 261 264 266 267 267 266 265 265 265 265 265 265 266 266 266 267 267 267 268 268 268 268 269 269 269 269 269 270 270 270 271 272 273 274 275 276 277 280 284 285 280 272 259 252 264 274 272 262 243 225 216 218 222 226 230 236 236 246 263
264 266 271 276 280 281 282 281 279 277 275 274 272 271 270 269 268 266 265 264 264 263 262 261 260 259 260 262 261 257 255 255 255 256 258 261 264 267 267 267 267 266 265 265 265 266 266 266 266 267 267 267 268 268 268 268 268 268 268 268 269 269 269 269 270 270 271 272 272 273 274 275 277 283 289 288 282 271 266 274 275 266 251 234 222 220 224 227 231 241 251 263 274 270
265 266 268 273 280 285 285 284 283 282 280 278 275 274 273 271 271 270 268 266 265 265 264 263 260 258 262 266 266 262 257 255 255 256 258 261 264 266 268 268 268 267 266 266 266 266 266 267 267 267 268 268 268 268 268 268 268 268 268 268 268 269 269 269 269 270 270 271 271 272 273 274 276 279 285 289 291 289 282 277 270 256 240 231 227 233 237 238 242 253 265 276 277 269
267 265 260 267 280 287 289 289 289 288 286 281 278 275 274 273 273 272 270 268 267 267 267 265 260 258 261 266 267 265 260 257 256 257 258 259 262 264 266 269 269 268 267 266 266 266 267 267 268 268 268 269 269 269 269 268 268 268 268 268 268 268 268 269 269 269 270 270 270 271 272 273 274 276 280 285 292 298 291 277 264 245 231 230 230 234 238 243 255 263 268 272 271 264
264 259 252 257 272 286 294 295 294 295 291 284 279 277 276 275 274 273 272 270 269 268 268 267 263 261 262 264 266 266 264 261 258 258 259 259 260 260 263 267 270 269 267 267 266 266 267 267 268 269 270 270 270 269 269 269 269 269 268 268 268 268 268 269 269 269 269 270 270 271 271 272 273 274 277 281 288 298 296 278 258 236 228 229 228 230 238 253 264 268 268 266 265 260
257 254 251 256 267 282 299 301 298 299 294 286 281 278 277 276 275 274 273 272 271 270 269 268 267 266 265 264 264 265 267 265 262 259 258 259 258 258 260 263 266 268 267 267 267 267 267 268 269 271 272 272 271 271 270 269 269 269 269 269 269 268 268 268 268 269 269 269 270 270 271 271 272 273 275 277 283 292 294 279 254 234 231 229 228 235 253 268 271 269 265 263 261 257
255 256 260 267 277 283 292 298 297 295 292 286 280 277 277 276 275 274 274 274 273 271 271 270 270 270 269 267 265 266 269 269 267 263 259 257 256 258 259 259 260 263 264 266 267 268 268 268 270 273 276 276 274 272 271 270 270 269 269 269 269 269 269 269 269 269 269 269 269 270 270 271 272 272 274 276 280 286 289 281 257 238 234 232 234 251 271 275 271 267 264 261 258 254
267 268 273 282 285 281 275 279 284 284 284 281 278 276 275 275 274 274 275 275 274 273 273 272 272 272 271 270 268 268 269 270 269 267 263 258 257 258 259 259 257 257 260 262 264 266 267 268 269 273 277 279 277 275 272 271 270 270 269 269 269 269 269 269 269 269 269 269 269 269 270 271 271 272 273 275 277 282 286 286 274 243 235 238 253 272 276 275 271 267 262 259 256 252
273 278 283 284 280 271 267 266 267 269 271 274 275 274 274 273 273 274 275 276 277 276 275 274 276 275 274 272 270 268 268 269 268 268 266 264 261 260 260 260 259 259 260 261 263 264 266 268 270 270 272 274 277 276 273 271 270 270 270 270 270 270 269 269 269 269 269 269 269 269 270 270 271 272 273 274 277 280 285 292 299 264 240 251 273 280 278 274 271 268 263 259 255 251
