windninja/windninja_output/Output_2025-10-23_1500-1550_Google earth_Fire_150m_10min/merlingen_7.5mi_point_10-23-2025_1540_150m_vel.asc
ncols	158
nrows	163
xllcorner	391686.332397
yllcorner	5160024.123721
cellsize	150.000000
NODATA_value	-32768.000000
[rows 0 to 36 of 163, columns 0 to 83 of 158]
6.28 6.23 6.23 6.47 6.86 7.04 6.95 7.10 7.45 7.55 7.58 7.81 8.36 8.83 8.57 7.62 6.42 5.55 5.53 5.53 4.97 5.51 7.09 7.83 7.55 6.86 6.32 6.44 6.92 7.06 6.96 6.87 6.67 6.39 6.45 6.55 6.03 5.64 5.57 5.43 5.66 5.99 5.99 5.92 5.80 5.64 5.56 5.21 5.17 5.72 6.12 6.33 6.51 6.52 6.40 6.36 6.30 6.27 6.21 6.04 5.98 6.15 6.29 6.33 6.43 6.66 6.88 6.82 6.49 6.08 5.90 5.97 6.11 6.21 6.35 6.38 6.31 6.29 6.11 5.92 5.96 6.05 6.32 6.36
6.34 6.30 6.19 6.25 6.53 6.78 6.79 6.70 6.76 6.85 6.99 7.38 8.06 8.82 9.09 8.63 7.62 6.60 6.36 6.27 5.48 5.28 6.31 7.48 7.87 7.44 6.74 6.48 6.69 6.82 6.80 6.76 6.73 6.54 6.40 6.66 6.48 6.13 6.02 5.77 5.78 6.02 6.14 6.25 6.18 6.04 6.10 5.74 5.25 5.39 5.72 5.90 6.10 6.23 6.18 6.20 6.24 6.30 6.36 6.16 5.90 5.97 6.14 6.19 6.16 6.30 6.63 6.84 6.71 6.26 5.90 5.90 6.03 6.11 6.24 6.30 6.34 6.50 6.32 5.93 5.88 6.01 6.27 6.44
6.33 6.46 6.35 6.21 6.33 6.44 6.63 6.68 6.56 6.53 6.71 7.07 7.56 8.33 9.32 9.79 9.25 8.36 7.85 7.41 6.53 5.42 5.21 6.42 7.89 8.15 7.46 6.77 6.58 6.66 6.72 6.66 6.61 6.60 6.53 6.72 6.93 6.85 6.64 6.32 6.14 6.15 6.29 6.57 6.58 6.50 6.65 6.60 6.00 5.48 5.49 5.66 5.88 6.07 6.04 6.05 6.16 6.25 6.46 6.43 6.07 5.88 5.98 6.07 5.91 5.92 6.32 6.83 7.01 6.52 5.95 5.84 5.94 5.98 6.07 6.10 6.30 6.78 6.68 6.00 5.74 6.15 6.35 6.33
6.07 6.57 6.81 6.60 6.65 6.56 6.75 7.23 7.47 7.48 7.38 7.25 7.35 7.75 8.61 9.65 9.58 9.03 8.72 8.21 7.24 6.08 5.19 5.55 7.22 8.29 8.28 7.78 7.39 7.35 7.40 7.20 6.83 6.65 6.66 6.74 6.85 6.93 6.79 6.54 6.46 6.47 6.57 6.73 6.75 6.71 6.73 6.85 6.78 6.41 6.08 6.01 6.19 6.37 6.27 6.11 6.10 6.12 6.24 6.39 6.26 5.96 5.91 6.03 5.92 5.87 6.17 6.74 7.07 6.61 6.02 5.91 5.96 5.91 5.89 5.80 5.96 6.67 6.88 6.09 5.52 6.23 6.69 6.23
5.55 6.22 6.98 7.02 6.99 6.84 6.80 7.08 7.33 7.43 7.31 7.01 7.05 7.49 8.12 9.08 9.42 8.97 8.63 8.46 7.71 6.52 5.36 5.09 6.27 7.64 8.48 8.72 8.53 8.44 8.53 8.48 8.10 7.48 6.99 6.94 6.97 7.00 7.00 6.79 6.63 6.69 6.92 7.03 7.00 6.96 6.86 6.79 6.81 6.77 6.49 6.22 6.23 6.43 6.46 6.28 6.17 6.10 6.06 6.16 6.18 5.97 5.88 5.97 5.92 5.87 6.06 6.67 7.08 6.59 6.10 6.02 6.00 5.90 5.83 5.77 5.73 6.13 6.59 6.20 5.43 5.78 6.63 6.42
5.11 5.46 6.31 6.98 7.18 7.02 6.76 6.64 6.60 6.59 6.58 6.42 6.37 6.85 7.68 8.42 9.10 9.00 8.40 8.18 7.84 6.82 5.28 4.51 5.08 6.24 7.26 8.06 8.41 8.54 8.80 9.11 9.19 8.82 8.17 7.68 7.56 7.50 7.45 7.30 6.99 6.82 6.90 6.96 6.95 6.97 6.86 6.68 6.62 6.61 6.58 6.46 6.30 6.33 6.44 6.41 6.27 6.15 6.05 6.04 6.08 5.97 5.90 5.98 5.96 5.89 6.01 6.62 7.02 6.60 6.34 6.34 6.13 5.78 5.79 6.08 6.12 6.01 5.98 6.02 5.77 5.64 6.12 6.35
5.23 5.15 5.32 6.06 6.76 6.95 6.82 6.56 6.32 6.18 6.10 6.02 5.93 6.26 7.26 7.91 8.64 9.21 8.95 8.56 8.31 7.52 5.78 4.22 4.11 4.89 5.75 6.57 7.25 7.72 8.13 8.59 8.98 9.15 9.05 8.65 8.25 8.04 7.85 7.61 7.29 6.99 6.83 6.73 6.64 6.71 6.67 6.54 6.49 6.39 6.42 6.61 6.60 6.50 6.54 6.49 6.32 6.17 6.02 5.95 5.97 5.97 6.05 6.17 6.15 5.99 6.02 6.56 6.87 6.48 6.48 6.85 6.61 5.86 5.69 6.18 6.59 6.45 5.79 5.80 6.26 6.06 5.88 6.11
5.53 5.45 5.19 5.18 5.63 6.12 6.40 6.35 6.07 5.84 5.73 5.68 5.72 6.13 7.13 7.76 8.09 8.87 9.22 8.99 8.89 8.47 7.00 4.97 3.85 4.11 4.97 5.66 6.16 6.64 7.12 7.59 8.00 8.30 8.50 8.47 8.18 7.94 7.79 7.53 7.25 7.01 6.84 6.68 6.52 6.45 6.41 6.35 6.26 6.14 6.15 6.37 6.54 6.68 6.85 6.67 6.38 6.23 6.02 5.87 5.80 5.76 6.02 6.39 6.52 6.33 6.17 6.49 6.71 6.28 6.21 6.83 6.94 6.28 5.78 5.95 6.56 6.65 5.86 5.75 6.55 6.35 5.76 5.97
5.58 5.65 5.56 5.22 5.11 5.32 5.68 5.91 5.84 5.63 5.43 5.23 5.23 5.74 6.96 7.81 7.89 8.28 8.89 9.03 9.00 8.90 8.08 6.51 4.85 4.14 4.64 5.29 5.49 5.83 6.38 6.72 7.10 7.57 7.79 7.71 7.50 7.39 7.37 7.26 7.06 6.87 6.68 6.57 6.51 6.34 6.21 6.19 6.00 5.79 6.01 6.19 6.09 6.38 6.96 6.84 6.43 6.31 6.11 5.82 5.58 5.26 5.29 5.90 6.48 6.63 6.43 6.41 6.55 6.35 6.20 6.47 6.59 6.35 5.97 5.88 6.36 6.45 5.90 5.94 6.76 6.52 5.52 5.55
5.54 5.62 5.71 5.59 5.42 5.42 5.56 5.69 5.69 5.55 5.32 4.97 4.68 4.94 6.12 7.39 7.80 7.90 8.30 8.93 9.22 9.16 8.75 7.69 6.34 4.97 4.58 5.19 5.43 5.55 6.19 6.37 6.44 7.03 7.53 7.52 7.22 7.08 7.13 7.13 7.02 6.89 6.69 6.50 6.47 6.25 6.03 6.09 5.83 5.39 5.64 6.02 5.78 5.97 6.68 6.82 6.32 6.13 6.06 5.71 5.42 5.02 4.55 4.77 5.68 6.33 6.41 6.27 6.19 6.38 6.58 6.51 6.25 6.09 5.99 5.94 6.22 6.03 5.70 6.30 7.02 6.88 5.72 5.01
5.60 5.65 5.76 5.77 5.70 5.73 5.80 5.82 5.73 5.56 5.34 4.96 4.48 4.38 5.18 6.51 7.30 7.55 7.59 8.15 8.96 9.30 9.20 8.44 7.40 6.29 5.33 5.32 5.57 5.55 5.96 6.13 5.97 6.39 7.04 7.30 7.16 6.98 7.02 7.10 7.10 7.05 6.86 6.57 6.53 6.23 5.75 5.86 5.73 5.07 5.14 5.49 5.42 5.70 6.20 6.56 6.16 5.72 5.65 5.45 5.33 5.01 4.23 4.07 4.92 5.57 5.86 5.79 5.49 6.00 6.71 6.72 6.24 5.92 5.95 6.07 6.26 5.84 5.22 5.95 6.92 7.27 6.53 5.39
5.67 5.70 5.79 5.84 5.80 5.79 5.84 5.88 5.82 5.63 5.41 5.10 4.62 4.32 4.70 5.72 6.59 7.16 7.21 7.25 7.83 8.51 8.94 8.67 7.89 6.98 5.91 5.35 5.34 5.36 5.58 5.79 5.72 5.97 6.49 6.81 6.90 6.84 6.86 6.89 6.96 7.07 6.92 6.68 6.77 6.57 5.83 5.60 5.62 5.11 4.86 4.83 4.83 5.34 5.74 6.05 5.95 5.53 5.27 5.15 5.29 5.03 4.19 3.99 4.58 4.86 5.09 5.00 4.61 5.31 6.36 6.68 6.38 5.84 5.86 6.28 6.63 6.37 5.52 5.45 6.28 7.11 7.11 6.48
5.72 5.73 5.78 5.86 5.88 5.87 5.82 5.78 5.74 5.60 5.43 5.19 4.81 4.42 4.46 5.10 5.69 6.29 6.84 6.96 7.08 7.49 8.01 8.14 7.67 6.83 5.93 5.37 5.20 5.21 5.40 5.67 5.76 5.83 6.15 6.50 6.57 6.54 6.59 6.60 6.74 6.96 6.85 6.75 6.96 6.94 6.43 5.96 5.83 5.54 5.04 4.69 4.69 5.25 5.69 5.61 5.47 5.27 5.05 5.17 5.49 5.22 4.60 4.40 4.46 4.45 4.44 4.16 3.80 4.50 5.50 6.17 6.33 5.69 5.43 6.01 6.60 6.86 6.37 5.71 5.88 6.56 6.94 7.02
5.78 5.77 5.78 5.83 5.88 5.93 5.91 5.83 5.72 5.59 5.42 5.22 4.94 4.72 4.72 5.00 5.10 5.13 5.84 6.52 6.68 6.85 7.19 7.35 7.18 6.67 6.06 5.68 5.50 5.44 5.46 5.52 5.66 5.69 5.86 6.40 6.56 6.44 6.37 6.26 6.50 6.70 6.43 6.32 6.55 6.54 6.27 6.32 6.56 6.32 5.54 4.96 4.83 5.38 5.99 5.56 4.94 4.62 4.64 5.34 5.92 5.59 5.23 4.88 4.44 4.28 4.15 3.95 3.52 3.45 4.32 5.29 5.89 5.43 4.86 5.08 5.78 6.47 6.49 5.99 5.86 6.13 6.45 6.95
5.86 5.84 5.82 5.81 5.81 5.84 5.88 5.88 5.81 5.66 5.49 5.30 5.02 4.94 5.28 5.71 5.59 4.94 4.92 5.69 6.15 6.29 6.65 6.94 6.91 6.55 6.13 5.96 5.78 5.65 5.78 5.71 5.56 5.56 5.64 6.16 6.60 6.63 6.39 6.06 6.17 6.27 6.24 6.18 6.07 6.02 5.66 5.54 6.51 7.28 6.68 5.58 5.18 5.78 6.42 5.97 4.86 4.04 4.13 5.38 6.39 6.14 5.77 5.31 4.83 4.63 4.35 4.23 3.79 2.97 3.05 4.36 5.21 5.06 4.55 4.62 5.26 5.83 6.04 5.97 5.83 5.77 6.04 6.60
5.91 5.89 5.88 5.85 5.82 5.80 5.78 5.79 5.79 5.69 5.55 5.39 5.08 4.83 5.26 6.23 6.54 5.92 5.24 5.34 5.79 6.03 6.36 6.76 6.89 6.55 6.05 6.03 6.07 5.88 6.08 6.25 5.98 5.86 5.78 5.82 6.15 6.43 6.29 6.11 6.08 5.94 6.30 6.57 6.00 5.92 5.94 5.06 5.13 6.74 7.51 6.64 6.05 6.51 7.01 7.14 6.13 4.45 4.07 5.31 6.50 6.58 6.07 5.34 5.45 5.73 5.11 4.74 4.35 2.99 2.58 3.52 4.40 4.38 4.28 4.53 4.99 5.42 5.80 6.24 5.91 5.44 5.76 6.12
5.96 5.95 5.93 5.91 5.89 5.88 5.85 5.80 5.78 5.71 5.58 5.43 5.17 4.68 4.62 5.62 6.53 6.57 6.12 5.77 5.80 5.95 6.15 6.50 6.82 6.71 6.14 5.91 6.18 6.22 6.24 6.35 6.17 6.06 6.00 5.82 5.88 6.10 6.13 6.23 6.24 6.01 6.40 6.90 6.45 6.08 6.41 5.94 5.08 5.59 6.78 6.97 6.67 6.75 7.05 7.55 7.45 5.89 4.66 5.58 6.65 6.79 6.18 5.21 5.51 6.38 6.06 5.36 4.93 3.75 2.72 2.99 3.62 3.64 3.79 4.21 4.55 5.21 5.93 6.39 5.93 5.40 5.63 5.78
6.00 6.01 6.01 5.99 5.97 5.95 5.94 5.90 5.87 5.81 5.67 5.46 5.23 4.78 4.38 4.80 5.73 6.20 6.24 6.09 5.90 5.79 5.79 6.02 6.39 6.51 6.16 5.69 5.71 6.00 6.18 6.17 6.11 6.28 6.48 6.42 6.24 6.15 6.20 6.41 6.47 6.33 6.40 6.63 6.62 6.31 6.23 6.32 6.18 5.92 5.93 6.20 6.44 6.60 6.72 7.10 7.57 6.97 5.80 6.00 6.89 7.05 6.30 5.44 5.52 6.41 6.72 6.01 5.26 4.57 3.66 2.94 3.28 3.41 3.15 3.51 4.05 5.02 6.11 6.20 5.73 5.58 5.51 5.53
6.03 6.04 6.05 6.05 6.03 6.00 5.96 5.93 5.89 5.87 5.80 5.59 5.32 5.00 4.63 4.63 5.17 5.60 5.75 5.81 5.74 5.62 5.53 5.62 5.87 6.05 5.97 5.62 5.35 5.52 5.86 6.00 6.10 6.41 6.82 7.03 6.78 6.31 6.09 6.29 6.33 6.32 6.47 6.42 6.47 6.54 6.14 5.78 6.16 6.47 6.03 5.65 5.77 6.18 6.48 6.75 7.17 7.16 6.50 6.32 7.02 7.27 6.52 5.84 5.76 6.27 6.92 6.53 5.61 5.18 4.46 3.44 3.47 3.49 2.90 2.97 3.61 4.68 5.86 5.88 5.58 5.59 5.19 5.07
6.06 6.04 6.04 6.07 6.10 6.08 6.03 5.97 5.89 5.82 5.83 5.76 5.52 5.25 5.00 4.88 5.06 5.33 5.50 5.62 5.64 5.62 5.58 5.61 5.76 5.90 5.91 5.76 5.55 5.52 5.69 5.90 6.07 6.23 6.55 6.88 6.87 6.37 6.01 6.30 6.43 6.49 6.73 6.68 6.58 6.70 6.54 5.82 5.70 6.38 6.38 5.78 5.40 5.51 6.03 6.47 6.87 7.18 6.94 6.58 6.94 7.30 6.68 5.98 5.90 6.19 6.70 6.67 6.12 5.68 4.85 3.93 3.94 3.95 3.34 3.03 3.42 4.41 5.46 5.76 5.68 5.58 5.01 4.62
6.15 6.12 6.09 6.10 6.11 6.13 6.11 6.05 5.95 5.82 5.79 5.80 5.67 5.48 5.33 5.25 5.31 5.45 5.58 5.68 5.70 5.71 5.72 5.74 5.84 5.95 5.95 5.88 5.79 5.72 5.67 5.85 6.25 6.56 6.82 7.14 7.26 6.86 6.47 6.67 6.76 6.75 6.85 6.86 6.81 6.75 6.70 6.20 5.77 6.20 6.51 6.17 5.58 5.16 5.34 5.76 6.26 6.87 7.22 7.00 6.97 7.47 7.12 6.16 6.02 6.25 6.39 6.56 6.40 5.86 5.07 4.37 4.29 4.30 3.77 3.22 3.59 4.66 5.66 6.01 5.91 5.61 5.09 4.47
6.24 6.22 6.17 6.13 6.11 6.12 6.16 6.15 6.07 5.93 5.85 5.84 5.74 5.58 5.52 5.51 5.55 5.67 5.74 5.75 5.76 5.77 5.79 5.79 5.86 5.99 6.04 5.99 5.91 5.79 5.62 5.70 6.29 6.90 7.11 7.45 7.79 7.46 6.86 6.81 6.90 6.97 7.05 7.02 7.00 6.86 6.64 6.33 6.05 6.22 6.58 6.48 6.03 5.43 5.09 5.19 5.56 6.11 6.85 7.29 7.20 7.66 7.61 6.51 6.21 6.25 6.10 6.40 6.47 5.85 5.17 4.82 4.78 4.71 3.88 2.94 3.28 4.65 5.97 6.64 6.43 5.75 5.36 4.72
6.23 6.23 6.23 6.22 6.19 6.18 6.19 6.22 6.19 6.05 5.93 5.95 5.94 5.77 5.65 5.64 5.65 5.76 5.86 5.86 5.86 5.86 5.86 5.85 5.90 6.05 6.14 6.14 6.07 5.88 5.57 5.48 6.05 6.72 6.84 6.92 7.28 7.37 6.93 6.61 6.69 6.92 7.17 7.30 7.27 7.04 6.79 6.53 6.28 6.29 6.62 6.57 6.31 5.91 5.36 5.12 5.31 5.57 5.99 6.99 7.42 7.82 7.93 6.96 6.43 6.21 5.97 6.29 6.43 6.00 5.46 5.17 5.30 5.29 4.18 2.78 2.64 3.93 5.57 6.88 7.20 6.50 6.11 5.31
6.28 6.27 6.29 6.30 6.27 6.23 6.20 6.20 6.21 6.14 5.99 5.95 6.05 6.00 5.83 5.74 5.72 5.79 5.88 5.91 5.93 5.96 5.96 5.96 6.00 6.11 6.18 6.21 6.12 5.80 5.33 5.02 5.45 6.19 6.54 6.66 6.68 6.78 6.78 6.48 6.38 6.68 7.08 7.48 7.63 7.27 6.95 6.87 6.51 6.33 6.65 6.64 6.41 6.24 5.73 5.28 5.34 5.37 5.30 6.23 7.33 7.99 8.19 7.37 6.42 5.91 5.83 6.11 6.25 6.08 5.72 5.46 5.67 5.56 4.50 3.08 2.41 3.17 4.48 6.00 7.24 7.25 6.96 6.28
6.35 6.32 6.29 6.30 6.29 6.25 6.23 6.23 6.22 6.18 6.06 5.92 5.94 6.04 6.00 5.89 5.81 5.80 5.86 5.87 5.89 5.97 5.98 5.98 6.06 6.18 6.28 6.37 6.27 5.71 5.07 4.69 4.84 5.57 6.29 6.72 6.78 6.67 6.52 6.29 6.13 6.35 6.83 7.48 7.86 7.48 7.14 7.18 6.87 6.51 6.61 6.66 6.49 6.36 6.02 5.56 5.51 5.42 5.06 5.45 6.74 7.96 8.38 7.71 6.33 5.49 5.47 5.72 5.93 5.96 5.73 5.61 5.88 5.54 4.46 3.50 2.84 2.88 3.52 4.63 6.23 7.14 7.32 7.25
6.40 6.36 6.31 6.30 6.31 6.29 6.28 6.30 6.28 6.21 6.13 5.99 5.89 5.92 5.97 5.96 5.91 5.85 5.85 5.84 5.83 5.89 5.92 5.94 6.05 6.27 6.56 6.86 6.90 6.13 5.12 4.64 4.56 4.98 5.91 6.65 7.06 7.13 6.61 6.05 5.93 6.04 6.42 7.18 7.64 7.45 7.41 7.43 7.19 6.95 6.81 6.79 6.58 6.25 5.94 5.61 5.61 5.69 5.38 5.22 6.10 7.60 8.26 7.78 6.68 5.79 5.42 5.47 5.90 6.19 6.06 5.93 5.78 5.13 4.25 3.86 3.94 3.50 2.97 3.46 4.91 6.19 6.82 7.49
6.48 6.45 6.39 6.37 6.36 6.33 6.30 6.32 6.33 6.28 6.21 6.11 5.97 5.87 5.86 5.88 5.87 5.87 5.86 5.83 5.80 5.82 5.87 5.93 6.05 6.25 6.74 7.44 7.68 7.00 5.88 5.04 4.49 4.24 4.84 5.89 6.86 7.63 7.21 6.17 5.89 5.96 6.12 6.86 7.28 7.25 7.77 7.98 7.62 7.32 7.25 7.33 7.01 6.45 5.86 5.32 5.54 6.05 6.00 5.72 6.38 7.53 7.64 7.13 6.81 6.40 5.81 5.58 6.04 6.69 6.91 6.40 5.47 4.67 3.84 3.82 4.85 4.87 3.26 2.72 3.75 4.84 5.58 6.55
6.55 6.55 6.51 6.45 6.42 6.37 6.33 6.32 6.32 6.29 6.25 6.17 6.04 5.89 5.80 5.81 5.81 5.81 5.84 5.85 5.83 5.82 5.83 5.88 6.00 6.14 6.56 7.60 8.33 8.11 7.35 6.24 5.09 4.30 4.04 4.47 5.70 7.36 7.65 6.50 5.88 6.07 6.12 6.61 7.08 7.12 7.85 8.61 8.46 7.61 7.37 7.97 7.92 7.30 6.27 5.01 5.34 6.48 6.77 6.56 7.26 7.81 6.95 6.08 6.16 6.25 5.84 5.67 6.12 6.94 7.54 6.74 5.28 4.33 3.48 3.38 4.78 6.02 4.69 2.87 2.93 3.65 4.40 5.33
6.58 6.59 6.59 6.53 6.47 6.42 6.37 6.35 6.31 6.26 6.23 6.19 6.11 5.98 5.83 5.79 5.79 5.76 5.77 5.83 5.84 5.81 5.76 5.73 5.79 5.94 6.41 7.48 8.66 9.20 9.10 8.18 6.59 5.39 4.51 4.11 5.02 6.83 7.81 7.04 6.44 6.63 6.57 6.72 6.90 7.01 7.50 8.47 9.22 8.36 7.44 8.24 8.74 8.34 7.14 5.21 5.14 6.61 7.47 7.35 7.71 7.93 7.00 5.86 5.69 5.86 5.57 5.60 6.27 7.10 7.67 6.93 5.51 4.45 3.47 3.07 3.97 6.11 6.01 3.96 2.81 2.82 3.63 4.68
6.62 6.62 6.62 6.61 6.53 6.42 6.37 6.36 6.31 6.25 6.23 6.22 6.16 6.07 5.93 5.81 5.77 5.75 5.71 5.73 5.74 5.73 5.67 5.58 5.50 5.53 5.93 6.81 7.97 9.12 10.09 10.22 8.83 7.15 5.85 5.18 5.64 7.05 8.04 7.57 7.29 7.45 7.42 7.52 7.16 7.01 7.39 8.00 9.15 9.25 8.49 8.72 9.33 9.39 8.35 6.28 5.34 6.26 7.87 8.32 7.79 7.28 7.00 6.33 5.74 5.52 5.12 5.38 6.65 7.39 7.33 6.60 5.71 4.83 3.77 3.28 3.93 5.75 6.64 5.36 3.35 2.45 3.03 4.25
6.71 6.68 6.67 6.69 6.63 6.47 6.37 6.37 6.35 6.27 6.22 6.20 6.16 6.08 5.97 5.82 5.73 5.70 5.67 5.67 5.65 5.63 5.60 5.52 5.37 5.21 5.24 5.73 6.50 7.31 8.56 9.94 9.95 8.83 7.29 6.26 6.41 7.26 8.06 7.79 7.53 7.65 7.69 7.97 7.71 7.21 7.30 7.52 8.16 8.71 8.65 8.73 9.27 9.89 9.24 7.26 6.01 6.20 7.80 9.10 7.98 6.30 6.32 6.52 6.03 5.30 4.60 5.03 7.00 7.85 6.84 5.73 5.34 4.80 3.97 3.78 4.16 5.49 6.95 6.56 4.30 2.57 2.69 3.76
6.82 6.75 6.70 6.76 6.76 6.62 6.49 6.45 6.42 6.34 6.26 6.21 6.15 6.08 5.99 5.85 5.70 5.59 5.54 5.56 5.57 5.52 5.51 5.44 5.26 5.08 5.01 5.22 5.70 6.33 7.35 8.58 9.32 9.21 7.80 6.27 6.22 7.04 7.68 7.64 7.37 7.07 6.91 7.24 7.28 6.93 6.85 6.87 6.96 7.10 7.17 7.47 8.11 9.31 9.28 7.68 7.05 7.22 8.05 9.35 8.23 6.00 5.81 6.60 6.62 5.41 4.27 4.81 7.23 8.23 6.48 5.17 4.99 4.44 3.78 3.82 4.19 5.26 6.95 7.40 5.55 3.32 2.86 3.50
6.93 6.85 6.71 6.72 6.77 6.67 6.54 6.47 6.41 6.33 6.27 6.25 6.21 6.13 6.04 5.91 5.76 5.61 5.46 5.41 5.42 5.36 5.33 5.34 5.16 4.91 4.90 5.12 5.65 6.62 7.85 8.66 9.11 9.41 7.92 5.67 5.54 6.57 6.93 6.86 6.92 6.59 6.36 6.58 6.55 6.38 6.49 6.58 6.48 6.56 6.57 6.59 6.97 8.14 8.78 7.76 7.46 8.39 9.24 9.63 7.99 5.69 5.46 6.75 7.51 6.10 4.23 4.53 7.17 8.44 6.63 5.30 5.03 4.22 3.60 3.63 3.99 5.02 6.73 7.80 6.50 4.45 3.71 3.67
7.03 7.00 6.85 6.73 6.71 6.62 6.50 6.45 6.40 6.28 6.19 6.19 6.18 6.13 6.06 5.94 5.83 5.72 5.56 5.41 5.34 5.23 5.11 5.16 5.18 4.92 4.74 4.78 5.13 5.97 7.15 8.27 8.90 9.75 8.90 5.79 5.05 6.30 6.79 6.58 6.75 6.56 6.33 6.44 6.21 6.10 6.34 6.37 6.28 6.46 6.53 6.39 6.40 6.91 7.62 7.27 6.85 8.04 9.95 10.54 8.49 5.59 4.94 6.49 8.23 7.41 4.98 4.23 6.22 8.10 7.11 5.80 5.27 4.30 3.61 3.47 3.67 4.53 6.29 7.87 7.46 5.86 5.00 4.39
7.11 7.14 7.11 6.98 6.84 6.70 6.59 6.51 6.45 6.31 6.16 6.10 6.08 6.04 6.01 5.93 5.82 5.72 5.60 5.46 5.34 5.18 4.96 4.84 4.90 4.86 4.65 4.43 4.32 4.53 5.48 6.89 7.99 9.27 9.72 7.56 5.60 6.14 6.89 6.76 6.82 6.62 6.32 6.28 6.10 6.03 6.07 6.04 6.15 6.32 6.38 6.37 6.30 6.25 6.52 6.70 6.48 6.88 8.85 10.79 9.70 6.31 4.54 5.57 8.17 8.67 6.74 4.87 5.43 7.03 6.86 6.14 5.56 4.54 3.73 3.31 3.28 3.83 5.15 7.03 7.89 7.32 6.55 5.77
7.13 7.15 7.20 7.22 7.09 6.86 6.68 6.58 6.54 6.41 6.23 6.11 6.05 6.00 5.93 5.85 5.77 5.68 5.55 5.43 5.35 5.19 4.95 4.68 4.49 4.43 4.38 4.24 3.99 3.92 4.55 5.68 6.98 8.28 9.46 8.90 7.05 6.33 6.71 6.66 6.60 6.60 6.45 6.26 6.30 6.34 5.94 5.94 6.23 6.36 6.43 6.52 6.51 6.29 6.33 6.60 6.69 6.62 7.51 9.84 10.05 6.95 4.34 4.52 7.12 9.11 8.53 6.56 5.83 6.04 5.79 5.87 5.66 4.71 3.90 3.27 3.07 3.50 4.10 5.12 6.62 7.37 7.59 7.32
7.22 7.16 7.10 7.16 7.14 6.95 6.71 6.57 6.53 6.45 6.28 6.13 6.04 5.99 5.91 5.82 5.73 5.66 5.55 5.41 5.30 5.16 4.95 4.71 4.43 4.20 4.07 4.02 3.97 4.03 4.35 4.98 6.05 7.21 8.25 8.51 7.81 7.05 6.86 6.63 6.32 6.41 6.59 6.45 6.52 6.66 6.20 6.11 6.34 6.36 6.48 6.55 6.63 6.62 6.55 6.70 6.99 7.10 7.39 9.03 9.85 7.47 4.63 3.92 5.52 8.29 9.43 8.43 6.88 5.58 4.97 5.41 5.46 4.66 3.95 3.41 3.16 3.59 4.18 4.42 4.84 5.90 7.24 8.15
