windninja/windninja_output/Output_2025-10-23_1500-1550_Google earth_Fire_150m_10min/merlingen_7.5mi_point_10-23-2025_1500_150m_vel.asc
ncols	158
nrows	163
xllcorner	391686.332397
yllcorner	5160024.123721
cellsize	150.000000
NODATA_value	-32768.000000
[rows 74 to 110 of 163, columns 0 to 83 of 158]
9.91 9.39 8.26 7.45 7.43 7.46 7.18 7.02 6.79 6.34 6.11 6.02 5.74 5.49 5.30 5.11 5.08 5.15 5.07 4.94 5.02 5.18 5.24 5.08 4.46 3.95 4.36 5.24 6.13 6.62 6.34 5.99 5.96 5.63 4.95 4.53 4.52 4.56 4.60 4.66 4.71 4.77 4.83 4.88 4.91 4.95 4.97 4.99 5.00 5.00 5.01 5.00 5.00 4.98 4.97 4.95 4.92 4.89 4.86 4.81 4.76 4.71 4.64 4.56 4.46 4.33 4.17 4.01 3.91 3.78 3.61 3.41 3.05 2.52 2.40 2.67 2.75 2.63 2.37 2.91 4.83 7.35 9.50 9.51
11.02 10.34 8.96 7.88 7.60 7.69 7.38 7.00 6.73 6.34 6.08 5.93 5.71 5.56 5.39 5.17 5.15 5.21 5.11 4.98 4.98 5.08 5.18 5.14 4.69 4.15 4.31 4.93 5.74 6.45 6.52 6.28 6.26 6.12 5.52 4.96 4.74 4.74 4.72 4.67 4.73 4.84 4.91 4.98 5.02 5.06 5.09 5.11 5.13 5.13 5.14 5.13 5.13 5.11 5.09 5.07 5.04 5.01 4.97 4.93 4.88 4.84 4.76 4.69 4.58 4.46 4.32 4.21 4.12 3.95 3.71 3.41 3.04 2.59 2.42 2.61 2.49 2.20 2.20 3.13 5.66 8.01 8.80 7.77
11.79 11.20 9.89 8.53 7.96 7.98 7.50 6.93 6.69 6.35 6.10 5.90 5.67 5.61 5.47 5.20 5.14 5.22 5.16 5.06 5.05 5.09 5.14 5.17 4.83 4.30 4.41 4.89 5.33 6.03 6.53 6.55 6.46 6.44 6.07 5.43 5.07 4.96 4.86 4.74 4.74 4.87 4.99 5.07 5.13 5.17 5.22 5.24 5.25 5.26 5.26 5.25 5.24 5.23 5.20 5.18 5.15 5.12 5.08 5.05 5.00 4.95 4.89 4.80 4.71 4.60 4.48 4.38 4.25 4.07 3.83 3.54 3.24 2.87 2.59 2.55 2.24 1.79 2.08 3.92 6.29 7.36 7.42 6.52
12.26 11.75 10.74 9.66 8.87 8.32 7.50 6.94 6.70 6.36 6.09 5.81 5.64 5.65 5.51 5.24 5.16 5.23 5.14 5.08 5.11 5.14 5.18 5.15 4.82 4.50 4.77 5.10 5.11 5.45 6.20 6.72 6.68 6.65 6.63 5.94 5.42 5.25 5.02 4.86 4.76 4.87 5.06 5.16 5.23 5.30 5.34 5.36 5.38 5.39 5.39 5.38 5.35 5.33 5.31 5.29 5.25 5.23 5.19 5.16 5.12 5.06 5.00 4.92 4.84 4.74 4.63 4.52 4.37 4.20 3.97 3.71 3.48 3.18 2.81 2.56 2.13 1.67 2.16 4.36 6.16 6.01 5.87 5.96
12.64 11.41 10.87 11.50 10.55 8.86 7.65 7.05 6.86 6.44 5.93 5.63 5.59 5.64 5.54 5.32 5.25 5.23 5.09 5.08 5.16 5.21 5.28 5.07 4.56 4.66 5.31 5.45 5.16 5.03 5.57 6.54 6.85 6.85 6.99 6.56 5.83 5.54 5.35 5.06 4.77 4.84 5.11 5.25 5.34 5.41 5.47 5.50 5.52 5.53 5.52 5.49 5.46 5.43 5.41 5.38 5.36 5.33 5.30 5.26 5.22 5.17 5.11 5.04 4.97 4.87 4.77 4.66 4.51 4.34 4.12 3.89 3.66 3.42 3.06 2.68 2.18 1.79 2.23 4.11 5.37 4.76 4.92 5.70
12.10 10.64 10.70 13.47 13.43 10.80 8.32 7.19 7.05 6.38 5.52 5.32 5.46 5.61 5.60 5.42 5.33 5.23 5.04 5.08 5.21 5.31 5.36 4.98 4.29 4.61 5.65 5.84 5.41 4.91 5.11 6.10 6.76 7.03 7.21 6.93 6.25 5.86 5.85 5.47 4.82 4.78 5.16 5.33 5.42 5.53 5.62 5.67 5.70 5.69 5.66 5.60 5.56 5.52 5.49 5.47 5.45 5.42 5.40 5.37 5.33 5.28 5.22 5.16 5.09 5.00 4.90 4.79 4.65 4.49 4.29 4.04 3.81 3.61 3.29 2.88 2.38 1.98 2.23 3.43 4.10 3.87 4.35 5.22
10.19 9.79 10.83 13.09 14.89 13.28 8.90 6.97 6.80 5.87 4.92 4.93 5.37 5.58 5.64 5.51 5.37 5.25 5.04 5.09 5.26 5.40 5.43 4.97 4.23 4.53 5.67 6.02 5.70 5.14 5.06 5.73 6.39 6.94 7.40 7.20 6.44 6.14 6.32 6.07 5.13 4.79 5.21 5.40 5.50 5.66 5.75 5.86 5.94 5.91 5.80 5.68 5.63 5.59 5.56 5.54 5.52 5.51 5.48 5.46 5.43 5.38 5.33 5.27 5.20 5.12 5.03 4.93 4.79 4.63 4.44 4.19 3.97 3.78 3.48 3.11 2.66 2.20 2.19 2.62 2.77 3.10 3.66 4.36
8.13 9.03 10.77 12.95 15.44 13.46 7.71 5.70 5.73 5.01 4.37 4.59 5.23 5.55 5.70 5.56 5.37 5.30 5.16 5.13 5.30 5.45 5.49 5.06 4.31 4.58 5.61 5.94 5.86 5.55 5.30 5.62 6.00 6.50 7.23 7.44 6.81 6.40 6.56 6.53 5.74 5.07 5.34 5.57 5.68 5.83 5.83 6.00 6.35 6.32 5.96 5.71 5.62 5.60 5.60 5.60 5.60 5.60 5.58 5.55 5.52 5.48 5.43 5.38 5.32 5.24 5.16 5.06 4.93 4.76 4.58 4.35 4.12 3.93 3.67 3.33 2.93 2.42 2.16 1.96 1.67 2.27 3.08 3.63
9.16 9.86 11.75 14.80 15.04 10.63 6.70 5.18 4.68 4.40 3.99 4.38 5.12 5.58 5.79 5.59 5.38 5.44 5.36 5.21 5.34 5.49 5.57 5.15 4.41 4.75 5.62 5.82 5.88 5.84 5.63 5.71 5.82 6.08 6.66 7.20 7.22 6.81 6.70 6.64 6.14 5.61 5.62 5.88 6.01 6.11 5.99 6.13 6.77 6.82 6.22 5.76 5.54 5.52 5.58 5.62 5.66 5.68 5.68 5.65 5.62 5.58 5.54 5.48 5.43 5.36 5.28 5.19 5.06 4.90 4.73 4.51 4.28 4.08 3.85 3.54 3.17 2.65 2.18 1.67 1.05 1.38 2.50 3.23
14.76 13.11 13.02 14.08 12.14 9.05 6.93 5.46 4.77 4.37 4.07 4.51 5.16 5.61 5.87 5.65 5.50 5.64 5.57 5.40 5.46 5.55 5.62 5.26 4.58 4.91 5.67 5.77 5.81 5.94 5.90 5.84 5.81 5.97 6.30 6.76 7.17 7.11 6.91 6.63 6.22 5.94 5.90 6.12 6.33 6.45 6.35 6.46 7.02 7.11 6.53 5.94 5.57 5.40 5.47 5.63 5.73 5.77 5.77 5.75 5.71 5.67 5.63 5.58 5.53 5.47 5.39 5.30 5.19 5.04 4.87 4.67 4.44 4.24 4.02 3.74 3.38 2.87 2.31 1.68 0.86 0.61 1.67 2.90
16.99 14.96 12.50 11.80 10.66 9.15 7.05 5.66 5.31 4.89 4.75 4.89 5.18 5.72 5.99 5.80 5.66 5.87 5.87 5.67 5.68 5.64 5.61 5.48 4.98 4.97 5.56 5.71 5.72 5.96 6.01 5.92 5.85 5.99 6.33 6.72 7.05 7.15 6.99 6.67 6.31 6.10 6.09 6.25 6.49 6.67 6.73 6.91 7.15 7.07 6.67 6.30 5.86 5.40 5.39 5.64 5.81 5.87 5.87 5.84 5.81 5.77 5.73 5.68 5.63 5.57 5.50 5.42 5.31 5.17 5.01 4.83 4.61 4.40 4.19 3.94 3.58 3.09 2.53 1.81 0.95 0.61 0.96 2.73
19.12 16.24 12.45 11.55 11.07 9.63 7.31 6.20 6.04 5.69 5.39 5.17 5.29 5.78 6.13 6.06 5.88 6.17 6.20 6.01 5.98 5.80 5.71 5.78 5.43 4.95 5.22 5.59 5.78 5.96 5.91 5.91 5.80 5.89 6.52 6.95 7.11 7.25 7.10 6.79 6.44 6.23 6.28 6.43 6.64 6.84 7.09 7.37 7.33 6.95 6.58 6.39 6.13 5.69 5.53 5.72 5.93 5.98 5.98 5.96 5.92 5.87 5.81 5.76 5.72 5.67 5.61 5.53 5.43 5.31 5.15 4.99 4.78 4.58 4.37 4.13 3.79 3.33 2.79 2.04 1.24 1.11 1.47 3.54
20.77 17.24 12.86 11.75 11.21 9.94 7.78 7.04 7.08 6.53 5.75 5.33 5.52 5.77 6.22 6.29 6.16 6.49 6.56 6.47 6.29 6.01 6.06 6.24 5.73 4.84 4.87 5.45 5.92 5.91 5.71 5.90 5.78 5.68 6.47 7.05 7.19 7.47 7.54 7.21 6.66 6.26 6.28 6.52 6.81 7.05 7.42 7.76 7.62 7.01 6.43 6.18 6.15 6.01 5.83 5.92 6.07 6.11 6.11 6.09 6.02 5.95 5.88 5.83 5.80 5.75 5.71 5.64 5.55 5.44 5.30 5.14 4.96 4.76 4.55 4.32 4.01 3.59 3.09 2.44 1.80 1.85 2.43 4.77
21.16 17.25 13.26 12.00 10.83 10.02 8.65 7.95 8.07 7.39 5.96 5.53 5.86 5.74 6.20 6.45 6.32 6.83 7.10 7.10 6.70 6.34 6.84 7.21 5.98 4.48 4.58 5.34 5.84 5.83 5.69 5.93 5.90 5.71 6.19 6.72 6.97 7.51 8.01 7.93 7.24 6.47 6.14 6.41 6.87 7.30 7.77 8.04 7.91 7.21 6.45 6.12 6.05 6.11 6.15 6.19 6.25 6.29 6.27 6.20 6.11 6.01 5.94 5.89 5.87 5.84 5.80 5.74 5.67 5.57 5.44 5.30 5.13 4.95 4.74 4.51 4.24 3.90 3.49 3.00 2.55 2.70 3.36 5.09
20.32 17.21 13.55 11.96 10.29 9.66 9.45 8.94 8.59 8.06 6.61 6.07 6.13 5.69 6.05 6.39 6.48 7.27 7.85 8.03 7.44 7.20 8.53 8.37 5.76 3.67 4.17 5.15 5.59 5.80 5.89 6.03 6.08 6.01 6.15 6.39 6.51 7.04 7.93 8.41 8.09 7.19 6.36 6.27 6.72 7.45 8.09 8.27 8.08 7.51 6.84 6.32 6.00 6.12 6.36 6.43 6.53 6.58 6.47 6.33 6.18 6.02 5.95 5.93 5.93 5.91 5.89 5.85 5.78 5.69 5.58 5.45 5.30 5.13 4.94 4.73 4.51 4.25 3.93 3.56 3.21 3.27 3.89 5.37
18.75 16.79 13.53 11.44 10.04 9.36 9.51 9.53 8.92 8.87 8.32 6.93 6.08 5.68 5.77 6.01 6.76 7.87 8.80 9.23 8.80 9.36 9.98 7.84 3.91 2.54 3.71 4.90 5.42 5.81 6.07 6.21 6.27 6.29 6.42 6.55 6.33 6.47 7.35 8.37 8.56 7.92 7.01 6.39 6.60 7.34 8.11 8.55 8.36 7.82 7.31 6.68 6.21 6.19 6.32 6.50 6.76 6.97 7.03 6.68 6.13 5.89 5.89 5.93 5.97 5.98 5.97 5.95 5.89 5.82 5.72 5.61 5.47 5.32 5.15 4.98 4.80 4.58 4.33 4.04 3.77 3.70 4.14 5.24
17.76 15.89 12.95 11.24 10.26 9.26 8.93 9.17 9.02 9.74 9.96 7.67 5.82 5.62 5.60 5.76 6.84 8.42 10.24 11.45 11.59 11.22 9.12 5.17 2.25 1.96 3.52 4.77 5.42 5.86 6.19 6.40 6.47 6.45 6.73 6.93 6.49 6.26 6.77 7.97 8.69 8.30 7.57 6.86 6.74 7.13 7.82 8.66 8.81 8.27 7.70 7.13 6.63 6.29 6.04 6.29 6.82 7.50 8.08 7.22 5.88 5.56 5.76 5.91 6.01 6.05 6.06 6.05 6.01 5.94 5.85 5.76 5.64 5.51 5.37 5.22 5.07 4.89 4.69 4.48 4.31 4.18 4.37 5.13
17.03 14.96 12.53 11.84 11.12 9.57 8.46 8.32 8.66 10.27 10.85 8.26 5.90 5.65 5.69 5.95 6.86 8.52 11.35 14.12 13.34 10.09 5.62 3.17 1.85 2.15 3.67 4.83 5.50 5.99 6.35 6.60 6.73 6.64 6.87 7.18 6.86 6.53 6.56 7.28 8.42 8.57 8.07 7.47 7.04 7.04 7.56 8.48 9.10 8.97 8.28 7.61 7.06 6.38 5.60 5.83 6.96 8.12 8.84 7.59 5.56 5.17 5.57 5.88 6.04 6.13 6.16 6.15 6.12 6.06 5.98 5.91 5.81 5.70 5.58 5.45 5.32 5.17 5.03 4.90 4.79 4.68 4.75 5.27
15.82 14.16 12.25 12.04 11.98 10.64 8.84 7.68 7.93 10.42 11.46 8.83 6.57 6.06 5.97 6.39 7.06 8.49 12.29 15.05 12.41 5.38 2.90 2.62 2.21 2.70 4.02 5.05 5.68 6.19 6.54 6.86 7.07 6.95 6.97 7.21 7.15 6.99 6.82 6.80 7.50 8.46 8.74 8.21 7.47 7.11 7.40 8.24 9.21 9.63 9.11 8.28 7.45 6.47 5.36 5.65 7.49 8.53 8.71 7.63 5.77 5.07 5.41 5.86 6.08 6.21 6.27 6.26 6.22 6.17 6.12 6.06 5.98 5.88 5.78 5.68 5.57 5.46 5.35 5.27 5.20 5.15 5.22 5.51
14.70 13.45 11.76 11.59 12.08 11.45 9.59 7.34 6.47 9.46 11.89 10.16 7.84 7.12 6.92 7.69 8.28 9.78 13.68 14.56 9.95 3.19 2.81 2.92 2.76 3.32 4.45 5.33 5.94 6.44 6.76 7.24 7.55 7.28 7.05 7.19 7.33 7.33 7.22 6.80 6.56 7.51 9.00 9.09 8.04 7.39 7.44 8.12 9.28 9.98 10.11 9.33 7.64 6.44 5.68 6.08 7.73 8.35 8.10 7.59 6.42 5.39 5.43 5.89 6.16 6.32 6.37 6.35 6.32 6.29 6.26 6.20 6.13 6.05 5.97 5.89 5.80 5.72 5.65 5.59 5.55 5.54 5.61 5.79
14.28 13.17 11.50 11.46 12.30 11.67 9.53 6.60 4.53 7.15 10.97 10.82 8.92 7.82 7.55 9.16 10.29 11.69 14.55 13.27 8.54 5.95 4.99 4.15 3.66 4.06 4.89 5.59 6.16 6.64 7.10 7.86 8.22 7.60 7.05 7.18 7.51 7.58 7.49 7.02 6.25 6.39 8.25 9.48 8.74 8.05 7.89 8.29 9.35 10.21 11.18 10.38 7.29 6.17 6.21 6.48 7.45 7.84 7.63 7.40 6.81 5.82 5.64 6.03 6.28 6.41 6.44 6.45 6.45 6.44 6.39 6.33 6.26 6.20 6.15 6.09 6.03 5.96 5.91 5.86 5.84 5.86 5.93 6.09
13.86 13.12 11.89 11.98 12.81 11.61 9.03 6.07 4.32 6.17 9.26 10.08 8.84 7.33 7.19 9.81 11.71 13.75 15.78 12.91 8.91 8.58 7.10 5.52 4.63 4.78 5.25 5.81 6.25 6.76 7.66 8.70 8.86 7.86 7.02 7.23 7.70 7.79 7.67 7.28 6.45 5.92 7.07 8.78 9.11 8.89 8.73 8.93 9.73 10.82 11.74 10.37 6.90 5.99 6.59 6.84 7.23 7.50 7.32 7.16 6.90 6.12 5.92 6.26 6.41 6.47 6.52 6.59 6.60 6.56 6.50 6.43 6.38 6.36 6.33 6.29 6.23 6.18 6.13 6.10 6.09 6.12 6.18 6.29
12.90 13.16 12.73 12.49 12.85 11.51 9.28 6.77 5.41 6.01 7.74 8.72 7.74 7.07 7.64 10.16 11.93 15.32 17.05 11.89 9.82 10.25 8.91 6.86 5.53 5.23 5.39 5.92 6.31 6.92 8.37 9.35 9.20 8.16 7.25 7.41 7.89 8.00 7.88 7.57 6.87 6.07 6.36 7.74 8.79 9.10 9.41 9.92 10.71 11.42 11.10 9.60 7.49 6.35 6.89 7.32 7.31 7.35 7.11 6.99 6.84 6.33 6.24 6.47 6.53 6.55 6.64 6.73 6.74 6.65 6.57 6.54 6.52 6.52 6.50 6.46 6.42 6.38 6.34 6.32 6.31 6.32 6.37 6.44
12.67 13.35 13.27 12.36 12.31 11.84 10.39 8.51 7.03 6.40 6.80 6.43 5.72 6.71 8.23 10.50 12.59 15.61 16.86 13.42 11.38 11.12 11.12 8.99 6.44 5.32 5.34 5.93 6.58 7.47 8.76 9.40 9.32 8.69 7.89 7.80 8.17 8.33 8.17 7.83 7.34 6.47 6.18 7.33 8.53 8.93 9.71 10.78 11.39 11.16 10.08 9.43 8.46 7.15 7.30 7.78 7.64 7.36 7.10 6.98 6.73 6.51 6.55 6.63 6.63 6.68 6.78 6.84 6.81 6.71 6.64 6.66 6.66 6.67 6.65 6.62 6.59 6.55 6.53 6.50 6.49 6.50 6.52 6.57
13.57 13.76 13.08 11.61 11.41 11.69 10.84 9.82 8.86 7.67 6.89 5.94 5.20 6.07 8.53 11.12 13.39 14.57 13.10 13.17 12.86 12.40 13.18 11.03 7.04 5.01 5.35 6.13 6.99 8.07 8.96 9.26 9.38 9.21 8.62 8.44 8.73 8.88 8.55 8.08 7.71 6.96 6.41 7.13 8.27 8.85 9.83 11.07 11.30 10.67 9.80 9.50 9.04 8.07 7.83 8.12 8.12 7.67 7.25 7.02 6.73 6.70 6.87 6.84 6.75 6.81 6.87 6.88 6.85 6.77 6.74 6.78 6.80 6.80 6.80 6.78 6.75 6.72 6.69 6.67 6.65 6.65 6.65 6.66
14.57 13.81 12.33 11.08 10.64 10.38 9.73 9.85 9.62 8.52 7.70 6.71 5.67 6.08 8.43 11.53 13.23 12.20 10.78 11.28 12.61 13.88 14.72 12.25 7.05 5.34 5.96 6.68 7.39 8.44 9.27 9.44 9.55 9.56 9.25 9.19 9.44 9.52 9.09 8.44 7.97 7.45 6.84 6.87 7.88 8.99 9.90 10.65 10.76 10.33 9.95 9.54 9.14 8.84 8.49 8.42 8.39 8.18 7.59 7.04 6.80 6.93 7.20 7.13 7.01 6.95 6.91 6.87 6.83 6.82 6.85 6.89 6.92 6.93 6.94 6.93 6.90 6.88 6.85 6.82 6.79 6.78 6.77 6.76
13.88 13.19 12.10 11.34 10.45 9.76 9.30 9.33 9.31 8.65 8.33 7.48 6.52 6.86 8.32 10.98 12.75 11.01 9.32 9.80 11.84 14.84 15.02 10.73 7.49 6.79 7.12 7.48 7.86 8.76 9.70 10.04 10.10 10.10 9.91 9.85 9.95 10.00 9.89 9.10 8.28 7.87 7.21 6.78 7.60 8.95 9.73 10.08 10.17 10.09 10.12 9.64 9.10 9.20 9.14 8.78 8.44 8.65 8.24 7.18 6.81 7.07 7.47 7.58 7.45 7.14 6.97 6.81 6.71 6.84 6.94 7.00 7.04 7.07 7.08 7.08 7.05 7.03 7.00 6.96 6.92 6.89 6.87 6.85
12.72 12.32 12.00 11.46 10.24 9.64 9.49 9.28 8.95 8.59 8.41 7.76 7.01 7.47 8.74 10.59 12.27 10.97 8.70 10.41 13.97 15.14 13.02 10.55 8.89 8.06 8.12 8.33 8.47 9.17 10.28 10.96 11.08 11.04 10.72 10.31 10.18 10.44 10.80 10.01 8.63 8.04 7.53 7.02 7.34 8.40 9.42 9.77 9.74 9.85 10.01 9.76 9.29 9.28 9.46 9.06 8.60 9.03 8.83 7.61 6.95 7.08 7.62 8.08 8.00 7.45 7.06 6.71 6.53 6.77 7.05 7.17 7.18 7.19 7.21 7.21 7.20 7.18 7.14 7.09 7.05 7.00 6.96 6.92
11.93 11.70 11.51 11.08 10.14 9.61 9.55 9.37 8.96 8.54 8.28 7.81 6.96 6.97 8.39 10.36 11.81 11.23 9.85 12.33 15.15 12.89 11.41 11.11 10.09 9.27 9.07 9.05 9.04 9.72 11.00 11.98 12.21 12.10 11.58 10.88 10.63 11.11 11.56 10.70 9.03 8.16 7.87 7.43 7.28 8.00 9.13 9.56 9.47 9.57 9.65 9.75 9.55 9.39 9.64 9.19 8.92 9.17 9.02 8.37 7.51 7.24 7.68 8.30 8.49 7.86 7.13 6.61 6.34 6.70 7.29 7.46 7.28 7.24 7.32 7.35 7.35 7.34 7.29 7.22 7.16 7.11 7.04 6.98
11.39 11.19 10.89 10.58 10.07 9.68 9.51 9.32 9.06 8.57 8.19 7.86 6.83 6.31 7.22 9.26 11.39 11.32 10.82 13.49 14.82 12.81 11.93 11.74 10.96 10.50 10.43 9.95 9.73 10.66 11.75 12.62 13.23 13.12 12.64 12.00 11.56 11.74 11.84 11.03 9.56 8.57 8.27 7.91 7.63 7.89 8.64 9.09 9.06 9.20 9.40 9.72 9.72 9.48 9.72 9.45 9.18 9.16 9.08 8.97 8.31 7.65 7.68 8.33 8.81 8.24 7.25 6.57 6.24 6.71 7.73 7.92 7.37 7.24 7.41 7.48 7.53 7.51 7.43 7.35 7.28 7.20 7.12 7.04
10.84 10.59 10.30 10.21 9.98 9.72 9.46 9.23 9.12 8.82 8.29 7.91 7.17 6.78 7.25 8.49 10.78 11.27 11.09 12.82 13.67 13.43 13.11 12.51 11.68 11.58 12.06 11.63 11.09 12.00 12.47 12.97 14.03 14.18 13.82 13.46 12.74 12.20 11.94 11.35 10.25 9.19 8.67 8.43 8.06 7.81 8.10 8.41 8.42 8.81 9.34 9.69 9.84 9.68 9.61 9.51 9.34 9.24 9.30 9.29 8.78 8.04 7.82 8.49 8.90 8.45 7.52 6.64 6.25 6.85 8.04 8.36 7.73 7.32 7.43 7.70 7.81 7.71 7.56 7.47 7.40 7.29 7.18 7.06
10.18 9.93 9.69 9.91 10.04 9.80 9.45 9.10 9.15 9.32 8.80 8.29 7.93 7.49 7.57 8.37 9.90 10.65 10.71 11.47 12.01 12.63 13.25 12.93 12.42 12.53 13.39 13.38 13.03 13.64 13.54 13.92 14.64 14.81 14.93 15.16 14.47 13.16 12.50 11.90 10.97 9.73 9.14 8.99 8.42 7.92 7.88 7.92 7.88 8.42 9.26 9.60 9.76 9.88 9.68 9.37 9.26 9.32 9.57 9.58 9.01 8.37 8.28 8.69 8.78 8.59 7.90 6.78 6.31 7.02 8.01 8.54 8.52 7.76 7.66 8.18 8.22 7.81 7.60 7.67 7.60 7.39 7.18 7.05
9.36 9.17 9.04 9.54 10.10 9.98 9.53 9.09 9.28 9.87 9.53 8.99 8.57 7.95 7.88 8.19 9.10 9.82 9.82 10.18 11.12 12.24 12.26 12.30 12.95 13.25 14.11 14.78 15.39 15.63 15.49 15.46 14.70 14.61 16.32 17.77 16.68 14.43 13.13 12.28 11.25 10.06 9.72 9.48 8.70 8.21 7.85 7.66 7.66 8.08 9.02 9.39 9.40 9.76 9.91 9.48 9.15 9.24 9.60 9.78 9.29 8.75 8.77 8.91 8.76 8.64 8.21 6.96 6.29 7.08 7.96 8.45 9.01 8.79 8.49 8.84 8.57 7.76 7.68 8.16 8.06 7.43 7.05 6.98
8.28 8.29 8.48 9.18 9.96 10.14 9.81 9.29 9.44 10.29 10.27 9.64 8.81 8.25 8.29 8.09 8.56 9.03 8.78 9.06 10.63 12.42 11.41 10.53 12.27 13.84 14.41 15.34 17.58 18.24 17.38 16.25 13.57 14.21 18.85 20.73 18.21 14.59 13.23 12.68 11.40 10.49 10.34 9.87 9.17 8.71 8.11 7.79 7.67 7.77 8.52 9.00 8.97 9.33 9.80 9.77 9.38 9.23 9.46 9.69 9.67 9.37 9.09 9.03 8.95 8.61 8.33 7.38 6.33 6.78 8.00 8.62 9.13 9.48 9.42 9.42 8.98 8.09 7.98 8.63 8.52 7.50 6.88 6.80
7.09 7.28 8.00 9.02 9.69 10.06 10.18 9.71 9.73 10.32 10.58 9.87 8.62 8.49 9.00 8.67 8.44 8.32 8.09 8.54 10.32 12.40 11.27 9.05 10.29 13.17 14.37 14.74 18.59 20.98 18.47 16.43 12.95 14.77 21.98 22.38 17.69 14.17 13.95 13.72 11.77 10.79 10.96 10.54 9.73 9.13 8.59 8.11 7.63 7.46 7.96 8.54 8.69 8.86 9.25 9.64 9.72 9.51 9.45 9.45 9.79 10.10 9.53 8.99 9.06 8.68 8.30 7.88 6.73 6.41 7.68 9.07 9.59 9.73 9.95 9.99 9.67 8.93 8.31 8.64 8.80 7.93 6.97 6.57
5.95 6.34 7.63 9.04 9.66 10.03 10.10 9.87 9.86 9.98 10.42 10.14 8.84 8.87 9.80 9.71 8.53 7.28 7.67 9.31 11.22 12.34 10.85 8.44 8.31 11.21 13.62 14.20 18.63 22.28 19.24 16.83 14.38 16.61 23.93 22.47 16.74 15.14 15.66 14.16 10.99 10.74 11.81 11.09 9.95 9.56 9.10 8.22 7.48 7.28 7.55 8.08 8.42 8.51 8.69 9.11 9.58 9.89 9.76 9.25 9.50 10.55 10.21 8.97 9.06 9.02 8.34 8.06 7.31 6.42 7.07 9.17 10.35 10.10 10.16 10.33 10.29 9.72 8.74 8.64 8.95 8.70 7.51 6.50
5.11 5.88 7.77 9.18 9.67 9.77 9.50 9.52 9.74 9.83 10.34 10.32 9.19 9.28 10.57 10.75 8.43 5.72 6.98 10.23 12.81 12.91 10.15 7.97 7.41 9.02 11.83 13.76 18.95 22.82 20.05 17.37 16.00 18.94 25.23 23.35 18.30 17.63 16.28 12.49 10.08 11.59 12.66 11.14 10.15 10.08 9.33 8.16 7.52 7.36 7.37 7.59 7.83 8.15 8.47 8.64 9.03 9.97 10.23 9.19 9.04 10.39 10.63 9.36 9.20 9.54 8.88 8.10 7.45 6.70 6.89 8.98 10.75 10.61 10.45 10.60 10.57 10.21 9.47 9.09 9.08 9.21 8.23 6.74
