windninja/windninja_output/Output_2025-10-23_1500-1550_Google earth_Fire_150m_10min/merlingen_7.5mi_point_10-23-2025_1530_150m_ang.asc
ncols	158
nrows	163
xllcorner	391686.332397
yllcorner	5160024.123721
cellsize	150.000000
NODATA_value	-32768.000000
[rows 84 to 125 of 163, columns 0 to 93 of 158]
254 252 252 251 247 244 240 237 238 237 239 242 244 247 249 250 250 251 253 254 254 253 250 247 244 242 242 241 240 240 240 239 240 241 244 246 247 246 244 241 239 238 237 238 239 240 241 243 245 244 241 240 242 244 246 248 249 249 249 250 250 250 250 250 250 251 251 251 252 252 253 254 254 255 257 258 259 262 264 268 272 264 253 263 275 277 274 271 269 268 266 263 259 256
254 253 252 252 250 247 242 240 242 243 243 243 243 245 246 247 248 251 253 255 257 257 255 252 249 246 245 243 242 242 240 239 238 237 239 242 244 246 247 246 244 242 241 243 245 246 249 251 253 252 249 246 244 244 246 248 249 250 250 250 250 250 250 250 251 251 251 251 252 252 253 253 254 255 257 258 259 261 264 268 281 302 294 284 278 276 272 268 267 267 266 263 260 258
256 255 254 254 253 248 243 241 243 245 244 241 242 243 244 245 246 249 253 256 259 260 261 262 256 245 242 243 244 243 241 240 238 236 236 236 237 239 242 246 247 245 243 243 244 246 249 252 254 255 254 251 248 247 247 249 250 251 251 251 251 251 251 251 251 251 251 251 252 252 253 253 254 255 256 258 259 262 265 273 294 321 314 290 279 274 271 268 266 265 264 263 263 262
259 258 256 255 251 245 240 238 241 243 241 240 242 241 242 243 242 245 249 253 256 256 260 263 255 236 234 238 240 241 241 242 242 241 240 237 235 234 236 239 242 244 244 243 243 245 248 250 252 253 254 253 252 250 250 252 253 254 254 253 253 252 251 251 251 251 251 251 252 252 253 254 254 255 257 258 260 263 267 276 297 323 320 298 280 272 269 268 266 264 265 267 268 267
260 259 256 251 244 237 235 235 237 240 240 240 240 237 237 236 237 241 245 248 249 248 251 251 234 217 227 235 237 238 239 241 243 245 247 246 242 239 237 237 238 239 241 242 243 244 246 248 249 249 250 252 252 251 251 252 254 256 257 257 255 253 252 251 251 251 251 252 252 252 253 254 254 255 257 258 261 264 268 276 291 314 319 304 287 274 268 266 265 267 269 271 270 265
260 258 252 247 241 236 234 234 234 236 240 240 236 233 233 231 232 237 242 245 245 245 245 237 212 206 222 232 235 237 239 240 242 243 246 249 250 247 244 243 242 241 240 241 243 244 244 246 247 248 247 248 248 249 248 248 250 254 259 263 259 254 252 251 251 251 251 252 252 253 253 254 255 256 257 259 261 264 268 274 285 302 312 305 293 283 275 269 269 271 272 270 264 259
258 254 248 245 244 241 236 233 229 231 236 236 229 228 229 228 230 233 240 246 249 246 237 222 204 203 219 230 234 237 239 241 242 242 243 246 248 249 248 246 245 244 244 244 245 246 246 246 247 248 248 248 248 247 245 244 245 249 256 262 260 255 252 251 251 251 252 252 252 253 253 254 255 256 257 259 261 263 267 272 280 292 303 302 295 291 285 278 276 276 272 264 260 259
253 248 239 236 236 235 231 226 222 227 234 231 222 221 221 220 223 228 236 247 250 239 224 214 203 206 220 229 234 238 240 242 243 244 245 245 245 247 247 245 243 243 244 246 247 248 248 248 248 249 251 252 252 250 244 241 243 247 250 252 251 251 251 251 251 251 252 252 253 253 254 254 255 256 257 259 261 263 266 271 277 285 294 298 296 293 290 284 280 276 268 260 262 263
248 242 231 227 225 222 214 208 208 218 226 224 217 217 218 219 220 222 230 237 238 218 215 212 207 211 223 231 235 239 241 243 245 246 246 246 245 246 248 248 244 241 243 246 248 249 250 251 251 253 255 257 257 254 248 244 247 249 248 245 243 245 249 250 251 252 252 253 253 253 254 255 255 256 257 259 261 263 266 269 273 279 287 293 293 291 288 284 279 272 261 261 265 266
245 239 229 224 223 219 211 203 200 211 218 214 206 204 205 210 211 213 227 234 227 207 208 211 210 216 226 233 237 240 243 246 249 249 248 247 247 247 248 248 245 241 241 244 247 249 251 252 252 254 257 261 262 257 255 258 259 256 252 248 244 244 247 250 251 252 253 253 253 254 254 255 256 256 257 259 260 262 265 267 271 275 280 286 289 287 285 282 275 266 261 263 266 266
241 236 229 228 228 225 218 208 200 209 217 213 206 202 202 209 214 219 231 234 222 209 208 212 214 222 229 234 237 240 244 249 253 253 250 249 249 249 249 248 245 241 240 240 241 243 247 249 251 252 255 259 258 254 256 263 265 262 257 252 249 247 248 251 252 253 253 253 254 254 255 255 256 257 258 259 260 262 264 266 269 272 275 279 282 282 282 278 272 266 265 265 265 265
234 232 230 232 234 231 225 216 208 217 225 224 219 219 220 230 232 240 241 233 221 219 218 222 224 229 233 235 237 238 242 248 251 251 250 250 251 251 251 250 247 243 240 238 236 237 239 243 247 250 252 251 246 247 253 258 262 262 259 255 252 250 250 252 253 254 254 254 255 255 255 256 256 257 258 259 260 261 263 265 267 269 271 274 275 276 276 274 270 268 266 265 265 265
225 231 233 233 234 230 226 223 226 242 251 246 240 240 246 252 252 255 248 227 224 230 233 238 239 238 237 237 237 239 243 246 248 249 250 253 254 254 253 252 251 249 246 243 239 236 236 239 243 247 248 245 241 243 249 255 259 261 260 258 255 252 253 254 255 255 255 255 255 256 256 256 256 257 258 259 260 261 262 264 266 267 269 270 271 272 271 270 269 267 266 265 264 264
211 228 236 235 236 234 231 229 233 245 254 254 253 250 254 257 261 259 246 227 227 235 243 251 250 242 238 238 241 245 250 251 250 250 252 255 258 258 258 256 255 254 252 251 248 245 243 245 248 249 246 244 243 243 247 252 256 259 260 260 258 256 256 257 257 256 256 256 256 256 256 257 257 258 258 259 260 261 262 263 264 266 267 268 268 269 268 268 267 266 265 264 264 263
201 230 244 245 247 244 239 237 238 242 249 258 266 267 267 267 265 257 243 232 230 236 246 251 243 231 234 240 245 251 255 256 254 253 253 256 260 263 264 262 259 258 257 256 255 254 255 255 253 250 247 245 244 244 247 249 252 255 257 258 258 259 260 261 260 259 259 258 257 257 257 257 258 258 259 260 260 261 262 263 264 265 265 266 266 267 267 266 266 265 264 264 263 263
209 242 255 256 259 258 256 253 250 248 251 255 260 268 270 267 261 253 243 235 232 238 245 244 230 223 233 242 247 252 255 257 258 258 257 258 261 264 267 268 266 263 261 258 256 255 256 254 251 248 247 246 244 243 245 248 249 251 254 254 254 256 259 262 264 264 262 261 259 258 258 258 258 259 259 260 261 261 262 263 263 264 265 265 265 265 265 265 264 264 263 263 262 262
224 243 255 259 260 260 260 261 257 254 254 254 256 262 266 262 258 255 245 237 241 249 249 239 228 229 237 244 249 253 256 259 263 265 265 265 264 264 267 271 273 270 267 263 258 255 254 252 250 247 246 245 243 243 243 245 246 248 251 252 251 251 253 257 262 265 265 264 261 259 259 259 259 260 260 261 261 262 262 263 263 264 264 264 265 264 264 264 264 263 263 262 262 261
234 244 254 257 258 258 259 259 258 256 255 253 251 250 251 252 251 249 242 243 254 257 248 237 234 238 243 247 250 254 257 262 266 271 274 274 272 270 270 273 277 276 273 271 264 258 255 253 250 247 246 244 243 244 244 244 243 245 247 248 250 251 251 253 257 261 263 264 262 261 260 261 261 261 261 262 262 263 263 264 264 264 264 264 264 264 264 264 263 263 262 262 261 261
241 247 254 255 255 257 258 257 257 256 254 252 248 242 239 240 243 241 238 245 253 248 240 238 239 242 247 250 253 255 259 263 267 272 277 281 281 279 277 277 280 282 280 278 273 262 255 251 249 247 245 244 243 243 244 244 243 244 244 244 246 248 250 251 254 256 259 260 260 261 262 264 265 264 263 263 264 264 264 265 265 265 265 265 264 264 264 263 263 262 262 261 261 260
244 247 251 253 254 255 256 256 255 255 254 253 250 247 246 245 245 243 242 248 247 236 237 241 241 242 247 252 255 259 262 264 266 271 275 281 287 288 285 283 285 288 288 286 283 273 260 252 248 246 245 245 244 243 242 242 242 243 243 243 243 244 246 249 251 253 254 254 254 256 260 265 268 267 266 266 266 266 266 266 266 266 266 265 265 264 264 263 263 262 262 261 261 260
245 247 249 251 253 255 256 256 256 256 258 258 258 261 265 264 258 253 253 252 243 236 238 240 240 241 245 250 254 260 264 265 266 269 273 279 286 291 291 289 290 294 296 295 294 286 271 258 250 246 245 245 245 245 244 242 241 241 243 244 244 243 244 247 249 249 249 248 248 250 255 259 265 269 270 270 270 270 270 269 268 268 267 266 266 265 264 264 263 262 262 261 261 260
247 247 248 249 252 254 255 255 255 257 260 263 267 270 272 272 267 262 257 251 244 240 240 239 238 239 243 247 251 257 263 266 268 268 270 275 283 291 294 294 295 297 300 301 303 298 282 266 254 247 245 244 243 243 244 244 242 241 242 243 243 243 245 248 248 248 247 245 244 247 250 251 254 261 266 270 273 274 273 273 273 272 270 268 267 266 265 264 263 263 262 261 261 260
247 246 246 247 249 251 252 253 253 255 258 260 263 266 268 268 265 261 254 247 243 245 243 237 236 238 240 243 249 255 261 266 267 265 266 274 283 291 296 298 298 300 301 304 308 308 296 276 261 252 247 244 241 240 241 242 242 242 242 242 242 243 244 246 247 247 246 244 242 244 247 248 249 251 257 263 268 271 272 274 278 278 275 271 269 267 266 265 264 263 262 262 261 260
245 244 243 244 246 248 249 249 248 248 250 251 251 252 257 260 260 257 251 245 243 246 245 237 233 235 237 238 244 253 260 264 262 257 264 276 285 289 292 297 301 302 302 305 311 315 312 292 271 259 252 247 243 241 239 239 240 241 242 242 242 243 244 244 245 245 244 244 242 241 244 246 249 250 253 258 262 265 268 270 275 281 280 275 271 269 267 266 265 264 263 262 261 261
244 242 241 243 244 243 242 241 241 242 244 246 245 245 249 253 254 251 246 243 245 248 247 238 232 233 235 234 239 250 258 259 256 251 264 277 283 283 285 292 302 305 304 308 313 318 323 312 282 262 254 250 247 244 241 239 238 239 240 240 240 242 244 244 244 244 243 242 241 240 241 244 249 251 252 254 257 261 266 267 268 274 282 281 276 271 269 267 265 264 263 263 262 262
243 241 240 241 241 240 240 239 240 243 245 245 243 243 246 250 250 242 236 239 247 252 250 241 233 231 233 232 239 250 254 253 251 250 264 275 277 278 284 289 294 298 303 312 317 319 328 333 305 270 254 248 245 244 242 240 238 238 239 238 237 239 241 241 243 244 244 243 241 239 240 244 248 250 252 253 255 258 261 265 265 268 276 282 281 275 271 268 266 265 264 264 263 263
242 241 242 244 245 245 245 245 244 244 244 244 242 242 246 251 249 233 227 235 245 254 253 244 236 232 231 231 238 248 252 250 247 249 262 271 274 278 283 283 277 282 296 311 321 323 331 347 337 288 260 248 243 241 241 240 239 239 240 238 237 239 239 238 239 243 245 245 242 239 239 244 247 248 250 253 254 255 257 261 264 267 270 277 281 279 274 271 268 266 266 265 265 265
241 242 245 248 248 248 247 247 246 244 243 245 245 244 247 251 247 223 220 231 241 252 256 247 239 237 234 230 234 240 247 250 246 248 259 268 273 278 280 272 269 272 279 297 316 325 336 355 359 323 271 251 242 241 241 239 238 239 241 239 238 239 238 236 236 239 241 243 243 241 241 245 247 247 249 251 252 252 254 258 262 266 268 271 275 277 275 273 270 268 268 268 268 267
245 246 248 248 247 246 244 243 243 241 239 243 246 246 248 251 246 216 213 225 233 243 252 246 237 243 245 243 237 236 240 246 247 251 262 268 272 274 271 266 266 264 267 279 303 325 338 356 8 1 301 251 240 241 241 239 237 238 239 239 237 237 238 237 235 236 238 238 240 242 244 247 248 248 248 249 250 250 251 254 259 264 266 268 270 270 270 270 269 268 270 272 271 269
246 247 247 247 247 247 245 242 240 236 235 240 245 244 246 251 246 211 203 216 225 235 244 244 238 247 252 254 250 240 237 240 247 257 268 272 270 266 261 258 254 254 262 274 289 314 333 349 10 18 8 263 237 239 240 238 236 236 238 237 236 234 236 238 236 235 235 235 236 238 240 244 247 247 246 248 250 250 250 250 254 260 263 264 266 264 262 262 262 265 271 276 274 269
243 244 245 245 245 245 244 243 238 235 236 242 243 238 241 250 248 208 188 209 219 229 235 239 241 245 247 249 252 249 239 239 246 258 269 273 268 262 255 246 240 247 259 267 273 281 307 330 360 22 33 45 227 234 238 238 236 236 237 237 235 233 234 237 236 235 234 234 234 234 235 240 245 246 245 246 249 251 251 249 251 255 257 258 259 256 255 256 258 265 272 275 272 266
239 240 241 242 242 241 240 240 238 239 243 246 240 232 238 249 252 215 176 204 219 224 227 232 238 242 240 239 244 248 238 236 244 255 264 268 265 258 250 239 235 246 255 258 259 261 274 295 327 23 50 64 120 224 235 237 236 236 237 237 235 232 233 237 236 234 233 234 235 234 234 237 242 246 248 247 247 249 250 250 251 253 253 252 251 247 247 253 259 267 270 268 263 259
236 238 240 240 240 239 237 235 237 243 250 249 236 227 236 250 255 224 173 199 220 222 222 226 231 236 236 235 244 246 233 232 238 248 259 264 260 248 239 235 237 246 250 250 252 252 246 228 225 198 84 82 97 189 229 235 236 236 237 238 235 232 234 237 237 233 233 234 234 234 233 234 237 242 247 250 248 248 249 251 253 255 254 248 245 242 244 252 260 266 266 261 256 254
234 238 240 241 241 240 236 233 236 242 249 249 234 225 237 249 254 233 172 186 214 221 222 224 226 229 228 231 241 245 236 234 236 243 250 252 246 233 229 233 235 240 242 243 245 241 225 209 204 200 156 109 107 142 212 231 235 236 237 238 236 233 233 236 236 233 232 233 234 233 232 231 233 236 241 247 249 247 247 248 253 257 255 247 243 242 246 252 258 261 259 255 251 254
235 237 239 241 241 240 236 235 239 242 245 246 234 228 238 246 251 249 195 159 216 229 230 230 229 227 223 225 232 235 237 239 241 247 246 239 230 218 220 226 228 230 232 237 239 234 222 211 204 199 183 135 120 131 187 226 234 235 236 238 238 235 235 236 234 230 230 231 232 233 232 231 231 232 236 240 243 245 246 247 251 254 252 246 245 246 248 252 256 255 252 249 248 253
235 235 238 242 243 240 238 241 245 246 244 245 239 234 238 243 250 255 253 3 334 266 250 248 245 239 232 231 232 232 237 240 249 254 249 240 232 220 219 221 220 221 224 228 229 228 222 215 207 199 188 155 132 131 164 218 233 235 235 237 239 237 237 237 233 231 230 229 231 234 234 232 231 231 233 235 237 240 245 248 251 252 250 247 248 251 251 252 253 251 248 246 243 248
233 233 236 241 245 243 244 248 252 249 246 249 245 235 236 242 249 254 258 298 348 320 285 270 263 259 255 252 250 250 249 249 255 256 253 248 239 231 228 225 222 220 221 224 225 223 219 213 205 199 190 170 145 136 154 206 231 236 236 237 239 237 238 240 239 241 241 236 235 236 235 234 233 233 233 232 233 236 241 246 250 251 250 248 251 253 253 252 251 249 247 243 238 243
229 231 232 234 235 236 241 248 254 252 247 252 253 237 233 239 247 252 255 265 322 332 315 294 281 274 268 267 270 272 268 263 261 259 256 251 247 244 238 233 230 226 228 229 230 228 225 219 208 202 194 179 157 144 152 193 227 235 236 238 239 237 238 241 242 250 257 258 251 243 239 236 237 237 234 231 231 232 236 241 245 249 250 249 252 253 252 250 248 248 246 239 235 243
222 227 229 227 225 225 229 236 245 249 248 256 259 247 236 238 244 249 252 255 280 314 318 310 296 288 283 281 281 279 276 271 265 261 259 255 251 247 240 238 237 236 236 235 236 237 235 227 215 207 200 188 165 150 154 185 222 233 234 238 238 237 239 241 240 245 253 262 268 260 248 242 241 240 238 234 231 230 232 235 239 245 248 248 249 249 247 244 244 246 243 234 235 248
221 229 232 228 225 225 227 230 236 239 245 258 265 256 247 247 245 244 246 252 264 285 302 307 302 298 294 290 289 286 282 275 268 264 262 257 252 248 243 236 236 238 237 235 235 237 236 227 215 207 202 194 173 156 159 181 220 235 239 239 236 236 239 239 239 243 246 250 260 269 263 254 250 245 243 239 235 232 232 231 233 238 243 244 245 245 241 238 242 244 241 233 237 251
224 231 234 229 227 230 230 230 234 234 239 254 264 257 257 259 250 242 240 247 259 271 283 292 294 295 296 296 297 294 286 276 270 267 264 258 253 252 246 238 235 236 237 237 235 234 232 225 211 205 203 197 180 163 164 183 214 234 241 240 235 236 237 237 240 244 244 244 247 257 267 268 264 259 253 249 245 241 237 233 231 235 238 239 240 241 236 234 241 244 241 236 241 254
220 227 230 226 225 229 230 230 233 232 235 245 254 254 262 268 258 244 236 238 248 263 273 278 281 285 293 302 303 300 286 273 270 268 265 260 255 254 250 242 237 236 237 240 239 236 232 223 210 205 205 199 185 171 168 182 206 224 232 231 230 235 235 235 238 242 243 242 242 244 253 265 271 274 272 266 263 258 251 243 239 238 238 236 237 237 230 231 238 243 243 239 246 256
