windninja/windninja_output/Output_2025-10-23_1500-1550_Google earth_Fire_150m_10min/merlingen_7.5mi_point_10-23-2025_1530_150m_vel.asc
ncols	158
nrows	163
xllcorner	391686.332397
yllcorner	5160024.123721
cellsize	150.000000
NODATA_value	-32768.000000
[rows 74 to 110 of 163, columns 0 to 83 of 158]
11.10 10.22 8.53 7.42 7.32 7.30 6.97 6.83 6.67 6.31 6.20 6.25 6.09 5.92 5.78 5.64 5.58 5.64 5.65 5.63 5.82 6.14 6.29 6.16 5.52 4.95 5.28 6.28 7.34 7.92 7.66 7.20 6.94 6.36 5.41 4.78 4.66 4.64 4.67 4.77 4.87 4.94 4.99 5.01 5.01 5.01 4.99 4.97 4.94 4.91 4.88 4.84 4.80 4.75 4.71 4.67 4.62 4.57 4.52 4.45 4.37 4.30 4.22 4.13 4.01 3.88 3.73 3.55 3.42 3.29 3.07 2.88 2.68 2.33 2.32 2.63 2.75 2.73 2.54 2.93 4.42 6.37 8.12 8.30
12.73 11.55 9.40 7.83 7.31 7.32 6.91 6.54 6.38 6.02 5.83 5.83 5.73 5.66 5.57 5.42 5.40 5.51 5.54 5.43 5.44 5.62 5.80 5.85 5.46 4.89 5.01 5.69 6.67 7.54 7.67 7.36 7.20 6.89 6.09 5.30 4.90 4.77 4.69 4.66 4.76 4.90 4.97 5.01 5.03 5.03 5.02 5.01 4.98 4.95 4.92 4.89 4.85 4.81 4.77 4.73 4.69 4.64 4.59 4.53 4.46 4.39 4.32 4.22 4.11 3.98 3.86 3.72 3.62 3.46 3.22 2.94 2.63 2.25 2.12 2.36 2.36 2.32 2.36 2.98 4.93 6.85 7.62 6.91
14.18 12.97 10.65 8.61 7.61 7.40 6.75 6.13 5.94 5.68 5.50 5.45 5.36 5.36 5.33 5.18 5.14 5.27 5.36 5.35 5.35 5.44 5.56 5.63 5.38 4.89 4.87 5.25 5.82 6.83 7.52 7.47 7.27 7.13 6.50 5.61 5.11 4.88 4.73 4.63 4.65 4.83 4.95 5.01 5.04 5.05 5.05 5.04 5.01 4.99 4.96 4.93 4.89 4.86 4.82 4.78 4.74 4.69 4.65 4.59 4.53 4.47 4.40 4.30 4.20 4.09 3.97 3.85 3.73 3.57 3.35 3.08 2.82 2.44 2.14 2.13 1.98 1.82 2.10 3.47 5.38 6.39 6.57 5.83
15.37 14.11 11.94 10.03 8.57 7.59 6.53 5.81 5.51 5.23 5.07 5.01 5.04 5.11 5.08 4.94 4.88 4.99 5.09 5.15 5.23 5.31 5.39 5.44 5.33 5.11 5.09 5.14 5.15 5.76 6.87 7.50 7.40 7.31 7.05 6.10 5.42 5.11 4.79 4.61 4.56 4.73 4.93 5.00 5.05 5.07 5.07 5.06 5.04 5.01 4.98 4.95 4.91 4.88 4.85 4.81 4.78 4.74 4.70 4.65 4.60 4.53 4.46 4.38 4.29 4.19 4.07 3.96 3.82 3.67 3.46 3.22 3.01 2.70 2.32 2.07 1.77 1.48 1.93 3.76 5.33 5.37 5.31 5.30
16.68 14.43 12.49 12.26 10.45 8.02 6.34 5.44 5.09 4.70 4.45 4.51 4.71 4.90 4.90 4.77 4.70 4.74 4.82 4.94 5.06 5.16 5.24 5.16 5.04 5.28 5.60 5.42 5.05 5.07 5.95 7.16 7.55 7.50 7.45 6.85 5.98 5.53 5.14 4.68 4.42 4.59 4.88 4.99 5.06 5.10 5.10 5.08 5.06 5.02 4.98 4.94 4.91 4.88 4.86 4.83 4.80 4.77 4.74 4.69 4.65 4.59 4.52 4.45 4.37 4.27 4.17 4.05 3.91 3.76 3.56 3.35 3.16 2.91 2.56 2.19 1.76 1.43 1.87 3.53 4.74 4.39 4.47 5.05
17.13 14.44 12.67 14.86 13.41 9.46 6.31 4.87 4.56 4.04 3.67 3.97 4.40 4.68 4.76 4.67 4.62 4.58 4.56 4.71 4.89 5.03 5.11 4.90 4.57 5.03 5.87 5.92 5.40 4.94 5.27 6.40 7.25 7.57 7.57 7.18 6.53 6.07 5.78 5.12 4.38 4.39 4.76 4.93 5.02 5.09 5.11 5.10 5.06 5.01 4.96 4.91 4.87 4.86 4.85 4.83 4.82 4.79 4.77 4.73 4.69 4.63 4.58 4.51 4.43 4.34 4.24 4.13 4.00 3.86 3.67 3.47 3.28 3.08 2.77 2.39 1.92 1.56 1.82 2.94 3.73 3.64 3.97 4.63
15.51 14.00 13.37 14.47 14.74 11.29 5.67 3.73 3.75 3.27 2.97 3.49 4.19 4.52 4.63 4.59 4.56 4.49 4.36 4.47 4.72 4.90 4.99 4.71 4.23 4.57 5.58 6.03 5.77 5.17 5.01 5.69 6.59 7.41 7.83 7.50 6.78 6.48 6.45 5.95 4.86 4.39 4.69 4.86 4.94 5.04 5.09 5.12 5.09 4.97 4.85 4.80 4.79 4.80 4.81 4.82 4.82 4.81 4.79 4.76 4.72 4.68 4.62 4.56 4.49 4.41 4.32 4.21 4.09 3.94 3.78 3.57 3.40 3.21 2.93 2.60 2.18 1.76 1.77 2.26 2.61 2.96 3.41 3.93
13.19 12.54 12.05 12.85 13.92 11.91 6.89 4.41 3.87 3.31 2.96 3.37 4.12 4.51 4.59 4.51 4.46 4.42 4.26 4.26 4.50 4.73 4.84 4.59 4.08 4.29 5.14 5.64 5.75 5.43 5.09 5.30 5.83 6.67 7.63 7.96 7.30 6.72 6.74 6.64 5.82 4.99 4.97 5.03 4.99 5.01 4.98 5.08 5.22 4.99 4.60 4.50 4.58 4.67 4.75 4.79 4.81 4.81 4.80 4.78 4.74 4.70 4.66 4.60 4.54 4.46 4.38 4.28 4.16 4.02 3.87 3.67 3.50 3.32 3.07 2.78 2.42 1.97 1.76 1.70 1.67 2.25 2.93 3.32
13.62 12.27 11.35 12.49 12.42 10.36 8.17 6.57 5.27 4.44 3.71 3.73 4.22 4.57 4.68 4.53 4.40 4.40 4.23 4.11 4.26 4.48 4.64 4.43 3.99 4.22 4.90 5.23 5.46 5.49 5.24 5.14 5.25 5.65 6.49 7.38 7.59 7.11 6.83 6.76 6.42 5.89 5.66 5.68 5.56 5.43 5.22 5.27 5.63 5.40 4.70 4.30 4.24 4.41 4.61 4.73 4.80 4.82 4.81 4.79 4.76 4.72 4.68 4.63 4.58 4.51 4.44 4.35 4.23 4.10 3.95 3.77 3.59 3.42 3.21 2.94 2.60 2.17 1.80 1.42 1.06 1.48 2.42 2.97
15.98 13.21 11.48 12.23 11.36 9.79 8.30 7.09 6.22 5.28 4.39 4.17 4.38 4.63 4.74 4.56 4.44 4.43 4.23 4.04 4.06 4.18 4.38 4.22 3.79 4.11 4.79 5.02 5.21 5.45 5.41 5.28 5.25 5.39 5.73 6.28 6.88 6.99 6.82 6.58 6.33 6.12 6.01 6.12 6.21 6.18 5.99 5.90 6.17 6.18 5.64 4.88 4.35 4.25 4.46 4.68 4.79 4.82 4.81 4.80 4.77 4.74 4.70 4.66 4.61 4.55 4.48 4.40 4.30 4.17 4.03 3.87 3.68 3.52 3.32 3.07 2.75 2.34 1.89 1.36 0.74 0.80 1.71 2.64
15.99 14.05 11.88 12.00 11.61 10.27 8.32 6.94 6.36 5.59 4.88 4.50 4.51 4.81 4.89 4.65 4.51 4.54 4.34 4.05 3.97 3.91 4.04 4.06 3.62 3.69 4.48 4.89 5.04 5.35 5.49 5.47 5.50 5.64 5.82 6.01 6.27 6.44 6.42 6.25 6.02 5.83 5.73 5.77 5.91 6.01 5.97 5.89 5.97 6.07 5.98 5.67 5.12 4.55 4.46 4.66 4.79 4.83 4.82 4.80 4.77 4.74 4.71 4.67 4.63 4.58 4.52 4.45 4.35 4.24 4.11 3.96 3.78 3.61 3.43 3.20 2.89 2.49 2.03 1.41 0.63 0.44 1.00 2.33
16.27 14.65 12.33 11.81 11.74 10.55 8.36 7.07 6.57 5.81 5.12 4.70 4.60 4.89 5.13 4.98 4.70 4.73 4.56 4.21 3.99 3.75 3.68 3.77 3.53 3.28 3.87 4.56 4.84 5.07 5.27 5.44 5.51 5.79 6.26 6.42 6.41 6.43 6.21 5.88 5.64 5.54 5.57 5.60 5.68 5.77 5.83 5.85 5.71 5.47 5.36 5.46 5.38 4.95 4.63 4.69 4.80 4.82 4.82 4.79 4.76 4.73 4.70 4.67 4.64 4.60 4.55 4.49 4.40 4.30 4.18 4.04 3.88 3.71 3.53 3.31 3.02 2.65 2.19 1.54 0.72 0.50 0.93 2.70
17.44 15.40 12.50 11.59 11.47 10.58 8.53 7.52 7.12 6.17 5.29 4.86 4.79 4.87 5.23 5.27 5.04 5.06 4.87 4.52 4.14 3.75 3.60 3.50 3.14 2.96 3.49 4.23 4.73 4.84 4.91 5.21 5.26 5.44 6.23 6.83 7.01 7.13 6.86 6.18 5.50 5.18 5.33 5.64 5.84 5.94 6.06 6.11 5.87 5.34 4.95 4.95 5.09 5.03 4.81 4.75 4.80 4.81 4.80 4.77 4.73 4.70 4.68 4.66 4.64 4.61 4.57 4.52 4.45 4.36 4.25 4.11 3.97 3.80 3.63 3.42 3.15 2.81 2.37 1.77 1.04 0.91 1.39 3.42
18.85 15.86 12.63 11.52 10.82 10.45 9.18 8.23 7.92 7.03 5.64 5.06 5.00 4.87 5.26 5.43 5.32 5.55 5.43 5.04 4.46 3.93 3.86 3.53 2.58 2.49 3.41 4.22 4.76 4.91 4.82 4.98 5.01 4.87 5.34 6.18 6.84 7.47 7.80 7.39 6.35 5.34 5.04 5.42 5.90 6.19 6.36 6.37 6.19 5.60 4.93 4.67 4.73 4.87 4.87 4.81 4.79 4.77 4.73 4.70 4.67 4.64 4.63 4.63 4.63 4.62 4.59 4.55 4.49 4.41 4.31 4.19 4.06 3.90 3.73 3.53 3.30 3.00 2.61 2.12 1.54 1.48 2.01 3.52
19.55 16.23 12.56 11.26 10.15 10.11 10.12 9.48 8.85 8.07 6.40 5.38 5.14 4.92 5.34 5.70 5.73 6.09 6.15 5.78 4.94 4.35 4.39 3.72 2.47 2.43 3.37 4.26 4.77 5.04 5.06 5.05 5.04 4.83 4.75 5.04 5.53 6.43 7.49 7.95 7.51 6.43 5.39 5.23 5.73 6.33 6.71 6.68 6.46 6.02 5.34 4.79 4.56 4.70 4.90 4.93 4.90 4.82 4.66 4.56 4.50 4.49 4.53 4.58 4.61 4.62 4.61 4.58 4.52 4.46 4.37 4.26 4.14 4.00 3.84 3.66 3.46 3.20 2.89 2.49 2.06 1.96 2.47 3.72
18.47 15.96 12.46 10.92 9.89 9.53 10.01 10.24 9.70 9.24 7.95 6.09 5.31 5.19 5.39 5.70 6.14 6.63 6.81 6.47 5.46 4.86 4.68 3.91 2.97 2.91 3.53 4.29 4.75 5.06 5.24 5.26 5.24 5.17 5.04 4.91 4.76 5.13 6.25 7.34 7.57 7.01 6.08 5.39 5.48 6.08 6.77 7.07 6.76 6.26 5.79 5.20 4.75 4.68 4.87 5.11 5.26 5.22 4.94 4.46 4.13 4.22 4.40 4.51 4.58 4.61 4.62 4.60 4.56 4.50 4.42 4.33 4.22 4.09 3.95 3.79 3.62 3.41 3.16 2.86 2.54 2.38 2.73 3.66
16.81 14.96 12.42 10.99 9.79 8.84 8.94 9.75 10.08 10.40 9.69 7.15 5.67 5.55 5.55 5.63 6.31 7.21 7.80 7.34 5.89 4.95 4.60 4.23 3.74 3.54 3.90 4.45 4.82 5.09 5.29 5.37 5.36 5.32 5.43 5.41 4.93 4.70 5.34 6.65 7.36 7.03 6.37 5.68 5.40 5.68 6.34 7.09 7.14 6.54 5.94 5.43 4.97 4.70 4.71 5.13 5.57 5.83 5.71 4.63 3.70 3.82 4.22 4.44 4.56 4.61 4.63 4.62 4.59 4.54 4.47 4.39 4.30 4.19 4.06 3.93 3.78 3.61 3.41 3.20 2.98 2.81 2.92 3.57
15.46 14.03 12.64 12.14 11.06 9.29 8.45 9.07 10.19 11.34 11.08 8.70 6.89 6.50 6.39 6.45 6.85 7.66 8.78 8.51 6.02 4.52 4.64 4.84 4.39 4.11 4.29 4.65 4.92 5.15 5.33 5.44 5.43 5.29 5.41 5.63 5.37 4.95 4.91 5.77 7.08 7.35 6.76 6.04 5.52 5.44 5.89 6.68 7.18 6.95 6.18 5.48 4.98 4.52 4.29 4.86 5.68 6.19 6.41 5.33 3.76 3.58 4.05 4.38 4.54 4.61 4.64 4.64 4.62 4.57 4.52 4.45 4.37 4.28 4.18 4.06 3.94 3.80 3.65 3.50 3.36 3.21 3.22 3.64
13.57 12.85 12.55 13.20 13.39 12.13 10.89 11.18 12.50 14.16 13.51 10.53 8.53 7.69 7.16 7.06 7.28 8.16 9.85 10.18 7.40 4.66 4.66 5.00 4.60 4.39 4.59 4.85 5.03 5.22 5.36 5.49 5.51 5.34 5.29 5.49 5.52 5.32 5.00 5.01 6.05 7.31 7.48 6.69 5.85 5.43 5.62 6.28 6.96 7.15 6.54 5.63 4.90 4.25 3.67 4.15 5.42 6.10 6.48 6.02 4.60 3.81 4.00 4.34 4.52 4.62 4.65 4.65 4.63 4.60 4.56 4.51 4.44 4.36 4.28 4.18 4.08 3.97 3.86 3.77 3.67 3.59 3.59 3.82
11.21 10.95 11.11 12.16 13.28 13.36 12.96 13.07 14.01 15.97 16.98 15.04 12.99 12.31 11.80 11.27 10.43 10.48 11.34 11.61 9.93 6.08 5.31 5.14 4.77 4.62 4.78 5.02 5.20 5.34 5.45 5.60 5.58 5.29 5.14 5.30 5.44 5.43 5.28 4.92 4.99 6.33 7.75 7.60 6.48 5.75 5.61 6.04 6.83 7.28 7.06 6.01 4.68 4.02 3.46 3.56 4.82 5.65 5.96 5.96 5.18 4.25 4.10 4.36 4.52 4.62 4.66 4.66 4.65 4.63 4.60 4.56 4.50 4.44 4.37 4.30 4.22 4.14 4.06 3.99 3.93 3.90 3.93 4.06
9.26 9.34 9.56 10.20 11.10 11.18 10.85 10.26 9.94 12.20 15.81 16.66 15.98 15.42 15.16 14.65 13.79 13.02 13.17 12.93 10.87 8.71 7.23 6.01 5.18 4.89 4.95 5.13 5.36 5.55 5.69 5.88 5.78 5.19 4.87 5.09 5.36 5.39 5.34 5.02 4.58 5.13 7.05 8.21 7.53 6.66 6.15 6.16 6.80 7.31 7.63 6.63 4.41 3.88 3.84 3.77 4.48 5.11 5.34 5.47 5.20 4.48 4.25 4.41 4.52 4.61 4.66 4.67 4.67 4.65 4.63 4.59 4.54 4.50 4.45 4.40 4.34 4.28 4.22 4.18 4.15 4.15 4.19 4.31
7.38 8.07 8.80 9.18 9.91 9.59 8.43 6.81 5.53 6.90 9.96 11.95 11.62 9.95 9.64 10.81 12.61 13.54 14.77 13.24 10.81 10.19 8.40 6.54 5.28 4.90 4.96 5.14 5.38 5.74 6.14 6.40 6.18 5.37 4.76 4.91 5.26 5.32 5.26 5.00 4.43 4.24 5.58 7.54 8.18 7.89 7.36 6.99 7.13 7.47 7.89 7.16 4.94 4.14 4.34 4.27 4.44 4.77 4.87 5.03 5.02 4.52 4.33 4.47 4.53 4.59 4.63 4.67 4.68 4.67 4.65 4.62 4.58 4.56 4.53 4.49 4.44 4.40 4.35 4.33 4.31 4.33 4.38 4.48
5.26 6.70 8.18 8.81 9.79 9.72 8.44 6.30 4.40 4.13 5.74 7.52 7.58 7.23 7.47 9.42 11.04 13.83 15.64 12.05 10.14 10.42 9.03 6.83 5.10 4.55 4.67 5.00 5.25 5.60 6.35 6.81 6.65 5.83 4.96 4.88 5.15 5.23 5.15 4.95 4.40 3.79 4.28 5.83 7.19 7.80 8.00 7.92 7.85 7.95 7.97 7.52 6.09 4.86 4.83 4.81 4.63 4.67 4.61 4.68 4.74 4.48 4.37 4.48 4.52 4.55 4.59 4.65 4.69 4.68 4.65 4.63 4.62 4.61 4.59 4.56 4.53 4.50 4.47 4.45 4.45 4.46 4.51 4.58
3.99 5.46 7.38 8.12 9.23 9.86 9.24 7.62 5.68 4.60 4.97 5.12 5.17 6.45 7.51 9.36 11.09 13.84 15.55 12.90 10.91 10.68 10.31 7.73 4.99 4.11 4.33 4.81 5.15 5.40 6.05 6.62 6.75 6.25 5.40 5.04 5.13 5.13 4.99 4.82 4.46 3.77 3.60 4.63 5.79 6.47 7.24 7.86 8.07 8.07 7.81 7.62 6.86 5.64 5.35 5.37 5.03 4.74 4.57 4.53 4.45 4.37 4.38 4.43 4.46 4.50 4.55 4.61 4.67 4.66 4.64 4.64 4.65 4.65 4.64 4.62 4.60 4.57 4.55 4.54 4.54 4.56 4.59 4.65
2.99 4.18 6.36 6.80 7.75 8.84 8.90 8.36 7.38 6.12 5.35 4.64 4.41 5.45 7.51 9.55 11.47 12.89 12.04 12.27 12.11 11.63 11.59 8.76 5.27 4.31 4.55 4.85 5.18 5.61 6.06 6.30 6.49 6.37 5.80 5.40 5.33 5.19 4.83 4.56 4.38 3.86 3.42 4.05 5.12 5.69 6.42 7.43 7.91 7.85 7.51 7.42 7.14 6.30 5.79 5.75 5.59 5.10 4.71 4.56 4.39 4.33 4.40 4.37 4.33 4.38 4.47 4.54 4.60 4.63 4.63 4.64 4.67 4.68 4.68 4.67 4.65 4.64 4.62 4.61 4.61 4.63 4.65 4.69
2.24 3.54 5.58 6.01 6.56 6.96 7.01 7.54 7.57 6.78 6.18 5.44 4.75 5.29 7.39 9.99 11.48 10.77 9.54 10.06 11.54 12.34 12.12 10.07 6.78 5.57 5.33 5.24 5.40 5.89 6.27 6.29 6.29 6.23 5.93 5.70 5.65 5.48 4.94 4.38 4.12 3.84 3.39 3.61 4.70 5.62 6.28 7.08 7.61 7.65 7.49 7.24 7.12 6.87 6.32 6.03 5.94 5.66 5.06 4.63 4.52 4.54 4.60 4.47 4.30 4.25 4.30 4.38 4.47 4.57 4.61 4.64 4.68 4.70 4.71 4.70 4.69 4.68 4.67 4.67 4.66 4.67 4.69 4.71
3.14 4.11 5.66 6.19 6.35 6.39 6.46 6.85 7.04 6.67 6.57 6.02 5.34 5.77 7.15 9.39 11.04 9.83 8.23 8.57 10.10 11.58 11.73 9.64 7.50 6.52 6.11 5.81 5.72 6.10 6.51 6.56 6.40 6.17 5.87 5.69 5.71 5.68 5.37 4.53 3.88 3.68 3.32 3.20 4.12 5.38 6.17 6.69 7.13 7.40 7.53 7.25 6.97 7.06 6.90 6.49 6.19 6.18 5.64 4.79 4.57 4.76 4.97 4.88 4.56 4.25 4.17 4.16 4.25 4.48 4.59 4.63 4.68 4.71 4.72 4.73 4.72 4.72 4.71 4.70 4.69 4.69 4.70 4.71
4.34 4.91 6.02 6.51 6.39 6.40 6.55 6.67 6.67 6.52 6.54 6.18 5.69 6.18 7.33 8.91 10.55 9.73 7.83 8.75 10.35 11.01 10.58 9.31 7.93 7.02 6.61 6.31 6.08 6.32 6.82 7.01 6.79 6.47 5.99 5.58 5.49 5.62 5.68 4.90 3.83 3.48 3.24 2.94 3.45 4.72 5.82 6.32 6.60 6.98 7.33 7.32 7.01 6.95 7.05 6.79 6.47 6.60 6.31 5.32 4.70 4.73 5.10 5.34 5.08 4.53 4.22 4.03 4.03 4.33 4.56 4.62 4.65 4.69 4.72 4.74 4.75 4.74 4.72 4.71 4.70 4.70 4.70 4.70
5.39 5.65 6.30 6.66 6.56 6.53 6.66 6.67 6.57 6.45 6.39 6.15 5.64 5.84 7.24 9.00 10.27 10.00 8.94 9.91 11.30 10.24 9.69 9.49 8.55 7.68 7.15 6.70 6.36 6.57 7.17 7.49 7.34 6.99 6.37 5.70 5.38 5.53 5.70 5.12 3.97 3.34 3.17 2.86 2.91 3.91 5.26 6.01 6.29 6.63 6.97 7.23 7.14 7.03 7.12 6.81 6.61 6.74 6.70 6.17 5.28 4.88 5.10 5.51 5.56 4.99 4.43 4.09 3.96 4.25 4.63 4.68 4.57 4.61 4.70 4.74 4.76 4.75 4.73 4.71 4.70 4.69 4.68 4.67
6.41 6.42 6.60 6.76 6.75 6.76 6.77 6.69 6.59 6.43 6.26 6.04 5.35 4.98 5.71 7.43 9.30 9.46 9.08 10.70 11.87 10.62 9.95 9.77 9.03 8.47 8.10 7.32 6.73 7.01 7.46 7.76 7.89 7.55 6.93 6.19 5.64 5.55 5.55 5.13 4.16 3.39 3.13 2.85 2.64 3.09 4.27 5.34 5.92 6.38 6.71 7.01 7.06 6.97 7.21 7.07 6.80 6.75 6.76 6.63 6.06 5.42 5.30 5.65 5.88 5.45 4.74 4.27 4.08 4.37 4.92 4.92 4.51 4.46 4.63 4.72 4.76 4.75 4.72 4.69 4.68 4.66 4.64 4.62
7.11 6.98 6.93 6.99 6.96 6.94 6.86 6.72 6.63 6.50 6.23 5.88 5.25 4.82 5.02 5.99 7.95 8.59 8.60 10.18 11.11 11.01 10.79 10.25 9.51 9.22 9.30 8.60 7.65 7.77 7.79 7.88 8.24 8.06 7.53 6.93 6.18 5.63 5.38 5.04 4.31 3.54 3.13 2.88 2.60 2.61 3.30 4.30 5.14 5.96 6.52 6.83 6.97 6.83 6.86 7.02 7.02 6.94 6.88 6.75 6.38 5.86 5.57 5.82 6.06 5.83 5.17 4.54 4.29 4.62 5.30 5.40 4.83 4.47 4.54 4.73 4.78 4.71 4.65 4.65 4.64 4.60 4.57 4.55
7.55 7.30 7.15 7.29 7.33 7.19 6.96 6.75 6.71 6.80 6.52 6.00 5.55 5.17 5.16 5.76 7.05 7.85 8.18 9.01 9.57 10.15 10.72 10.52 10.04 9.94 10.29 9.93 9.17 9.00 8.49 8.31 8.36 8.26 8.10 7.81 6.98 5.91 5.35 4.95 4.37 3.61 3.17 2.96 2.59 2.35 2.63 3.31 4.13 5.21 6.20 6.66 6.95 7.07 6.82 6.66 6.79 6.99 7.14 7.03 6.59 6.15 5.90 5.94 6.02 5.99 5.52 4.79 4.51 4.87 5.46 5.84 5.68 4.91 4.70 4.94 4.90 4.65 4.56 4.64 4.60 4.50 4.44 4.43
7.85 7.54 7.29 7.56 7.83 7.67 7.28 6.90 6.86 7.21 7.02 6.48 6.00 5.52 5.42 5.66 6.46 7.24 7.50 7.94 8.72 9.56 9.69 9.91 10.40 10.49 10.85 11.05 10.97 10.48 9.75 9.11 8.29 8.10 8.80 9.03 7.89 6.30 5.39 4.85 4.26 3.57 3.26 3.02 2.56 2.25 2.15 2.52 3.17 4.17 5.47 6.23 6.68 7.21 7.32 6.89 6.60 6.74 7.10 7.27 6.92 6.44 6.28 6.23 6.06 6.00 5.75 4.95 4.57 5.07 5.57 5.88 6.20 5.90 5.44 5.42 5.14 4.61 4.56 4.82 4.71 4.34 4.19 4.26
7.89 7.68 7.49 7.77 8.15 8.13 7.78 7.24 7.15 7.73 7.75 7.23 6.69 6.29 6.10 5.82 6.18 6.70 6.73 7.03 8.24 9.54 8.81 8.34 9.83 10.96 11.15 11.59 12.64 12.28 10.91 9.68 7.86 7.98 9.96 10.26 8.42 6.27 5.36 4.88 4.10 3.53 3.34 3.00 2.56 2.23 1.91 1.95 2.46 3.27 4.48 5.45 5.98 6.69 7.37 7.45 7.03 6.78 6.95 7.22 7.24 6.84 6.46 6.41 6.33 6.10 5.96 5.30 4.56 4.92 5.74 6.01 6.21 6.39 6.21 5.99 5.56 4.87 4.70 5.08 4.97 4.27 3.92 3.99
7.59 7.56 7.68 8.04 8.27 8.39 8.43 7.94 7.73 8.13 8.47 7.95 7.06 6.92 7.02 6.53 6.27 6.34 6.36 6.69 7.84 9.29 8.51 7.01 8.12 10.30 11.07 11.24 13.40 14.20 11.77 10.12 7.81 8.36 11.38 10.94 8.19 6.10 5.60 5.14 3.99 3.43 3.38 3.02 2.55 2.20 1.87 1.62 1.81 2.58 3.72 4.77 5.33 5.86 6.63 7.33 7.51 7.23 7.04 7.10 7.43 7.45 6.79 6.38 6.47 6.22 6.03 5.74 4.89 4.64 5.56 6.42 6.50 6.44 6.55 6.49 6.14 5.47 4.92 5.14 5.27 4.59 3.88 3.71
7.23 7.21 7.60 8.11 8.22 8.34 8.46 8.39 8.15 8.10 8.58 8.45 7.43 7.32 7.72 7.37 6.46 5.89 6.45 7.51 8.46 9.01 8.07 6.45 6.39 8.58 10.37 10.73 13.16 14.86 12.53 10.74 8.90 9.37 12.51 11.22 7.87 6.46 6.01 5.13 3.64 3.38 3.59 3.08 2.50 2.21 1.90 1.50 1.27 1.85 2.95 4.17 5.01 5.45 5.91 6.58 7.29 7.59 7.32 7.00 7.38 8.02 7.59 6.64 6.63 6.47 5.95 5.79 5.32 4.69 5.12 6.45 7.02 6.65 6.64 6.73 6.62 6.13 5.36 5.19 5.39 5.16 4.25 3.59
6.94 7.00 7.47 7.83 7.83 7.84 7.81 7.99 8.13 8.11 8.52 8.58 7.71 7.60 8.20 8.01 6.39 5.08 6.37 8.52 9.85 9.44 7.41 5.98 5.51 6.57 8.74 10.30 13.37 15.32 13.15 11.20 10.10 10.96 13.45 11.77 8.39 7.20 6.08 4.42 3.40 3.74 3.87 3.02 2.47 2.26 1.87 1.44 1.09 1.23 2.08 3.28 4.47 5.31 5.70 6.00 6.66 7.50 7.58 6.87 6.94 7.95 8.22 7.33 7.02 7.00 6.28 5.63 5.32 4.92 4.98 6.22 7.26 7.07 6.88 6.89 6.83 6.59 6.01 5.57 5.46 5.47 4.79 3.78
