windninja/windninja_output/Output_2025-10-23_1500-1550_Google earth_Fire_150m_10min/merlingen_7.5mi_point_10-23-2025_1550_150m_vel.asc
ncols	158
nrows	163
xllcorner	391686.332397
yllcorner	5160024.123721
cellsize	150.000000
NODATA_value	-32768.000000
[rows 0 to 36 of 163, columns 0 to 83 of 158]
3.66 3.68 3.71 3.78 3.96 4.04 3.93 4.01 4.24 4.29 4.26 4.40 4.78 5.22 5.21 4.73 4.11 3.62 3.62 3.66 3.18 3.13 3.95 4.43 4.37 4.05 3.73 3.77 4.06 4.14 4.09 4.11 4.07 3.94 3.99 4.16 3.91 3.75 3.80 3.67 3.75 3.95 3.97 3.98 4.00 3.93 3.98 3.82 3.67 3.83 3.93 3.99 4.10 4.11 4.04 4.06 4.10 4.18 4.24 4.17 4.06 4.14 4.24 4.24 4.26 4.36 4.55 4.63 4.57 4.39 4.25 4.26 4.30 4.36 4.50 4.54 4.49 4.56 4.57 4.47 4.41 4.38 4.62 4.76
3.62 3.66 3.63 3.64 3.81 3.93 3.88 3.84 3.94 3.98 3.97 4.10 4.47 5.03 5.35 5.20 4.65 4.03 3.91 3.89 3.27 2.88 3.42 4.19 4.53 4.32 3.88 3.73 3.92 4.03 4.03 4.06 4.08 3.97 3.95 4.19 4.07 3.89 3.88 3.71 3.72 3.90 3.96 4.08 4.10 4.03 4.10 3.94 3.65 3.68 3.82 3.90 4.02 4.06 3.99 4.01 4.08 4.17 4.29 4.20 4.00 4.03 4.14 4.16 4.11 4.19 4.46 4.70 4.73 4.47 4.21 4.16 4.23 4.30 4.45 4.48 4.45 4.66 4.69 4.41 4.26 4.31 4.59 4.76
3.50 3.66 3.63 3.54 3.69 3.73 3.80 3.85 3.82 3.76 3.68 3.71 3.96 4.50 5.27 5.69 5.38 4.80 4.54 4.30 3.64 2.83 2.68 3.51 4.49 4.65 4.20 3.83 3.82 3.94 4.01 4.02 4.00 4.00 4.00 4.14 4.21 4.14 4.03 3.83 3.77 3.84 3.94 4.17 4.20 4.12 4.19 4.15 3.82 3.60 3.69 3.79 3.89 3.99 3.95 3.95 4.05 4.13 4.28 4.27 4.04 3.94 4.01 4.07 3.96 3.99 4.33 4.76 4.96 4.61 4.14 4.06 4.18 4.25 4.35 4.30 4.34 4.81 4.87 4.32 3.95 4.28 4.61 4.58
3.25 3.64 3.80 3.69 3.80 3.69 3.74 4.02 4.11 4.02 3.83 3.65 3.74 4.08 4.75 5.56 5.53 5.16 4.99 4.67 4.03 3.26 2.62 2.87 4.00 4.63 4.57 4.27 4.08 4.12 4.23 4.21 4.09 4.03 4.02 4.06 4.13 4.18 4.11 3.93 3.86 3.87 4.01 4.20 4.21 4.16 4.15 4.16 4.05 3.86 3.75 3.72 3.83 4.00 4.01 3.97 4.03 4.08 4.15 4.24 4.14 3.94 3.93 4.02 3.96 3.96 4.22 4.73 5.04 4.64 4.12 4.10 4.24 4.24 4.23 4.12 4.22 4.78 4.94 4.26 3.68 4.23 4.72 4.42
2.91 3.39 3.84 3.87 3.92 3.76 3.68 3.85 3.96 3.95 3.79 3.53 3.53 3.87 4.48 5.26 5.50 5.22 5.00 4.87 4.41 3.64 2.79 2.51 3.33 4.15 4.54 4.61 4.48 4.46 4.59 4.68 4.60 4.33 4.08 4.08 4.14 4.18 4.19 4.03 3.87 3.90 4.12 4.23 4.22 4.21 4.13 4.06 4.05 4.03 3.85 3.73 3.80 4.00 4.10 4.07 4.07 4.08 4.07 4.13 4.14 3.95 3.88 3.97 3.97 3.96 4.14 4.69 5.04 4.58 4.16 4.21 4.29 4.22 4.14 4.14 4.23 4.55 4.76 4.28 3.64 3.99 4.70 4.55
2.71 2.97 3.46 3.82 3.97 3.83 3.67 3.65 3.62 3.55 3.45 3.25 3.15 3.53 4.31 4.92 5.39 5.33 4.96 4.82 4.61 3.99 2.93 2.25 2.63 3.37 3.89 4.27 4.41 4.46 4.62 4.89 5.02 4.83 4.50 4.31 4.30 4.29 4.29 4.18 3.97 3.96 4.12 4.19 4.20 4.22 4.14 4.03 4.00 3.95 3.89 3.86 3.86 3.97 4.13 4.17 4.14 4.11 4.06 4.05 4.06 3.93 3.87 3.96 3.99 3.96 4.08 4.65 4.96 4.49 4.23 4.39 4.39 4.13 4.01 4.23 4.42 4.48 4.35 4.11 3.89 4.03 4.53 4.62
2.83 2.81 2.92 3.33 3.73 3.82 3.76 3.65 3.49 3.34 3.20 3.06 2.91 3.24 4.16 4.66 5.10 5.41 5.21 4.98 4.87 4.46 3.35 2.23 2.15 2.69 3.18 3.59 3.89 4.07 4.31 4.67 4.93 4.96 4.88 4.70 4.53 4.46 4.41 4.30 4.15 4.10 4.14 4.14 4.12 4.16 4.11 4.02 3.95 3.82 3.80 3.95 4.00 4.03 4.18 4.26 4.21 4.14 4.06 3.99 3.95 3.85 3.85 3.99 4.05 3.98 4.08 4.60 4.82 4.33 4.22 4.62 4.60 4.05 3.85 4.20 4.58 4.58 3.98 3.82 4.26 4.39 4.39 4.53
2.99 2.97 2.84 2.86 3.17 3.46 3.64 3.59 3.38 3.18 3.01 2.86 2.79 3.15 4.05 4.56 4.71 5.15 5.32 5.16 5.14 4.96 4.04 2.75 2.04 2.20 2.73 3.14 3.37 3.61 3.96 4.31 4.52 4.64 4.77 4.77 4.61 4.49 4.46 4.38 4.28 4.22 4.20 4.16 4.12 4.09 4.03 3.98 3.85 3.69 3.70 3.89 3.97 4.08 4.35 4.39 4.26 4.20 4.08 3.96 3.83 3.66 3.71 3.99 4.14 4.11 4.19 4.55 4.66 4.21 4.12 4.65 4.69 4.16 3.86 4.06 4.55 4.56 3.78 3.72 4.63 4.70 4.28 4.38
3.01 3.08 3.05 2.90 2.91 3.10 3.32 3.39 3.28 3.08 2.86 2.64 2.53 2.90 3.89 4.52 4.55 4.77 5.12 5.18 5.21 5.18 4.62 3.59 2.53 2.06 2.46 2.94 3.03 3.26 3.74 3.98 4.11 4.39 4.62 4.64 4.49 4.39 4.41 4.40 4.33 4.28 4.20 4.16 4.17 4.05 3.94 3.94 3.75 3.51 3.67 3.87 3.77 3.96 4.50 4.55 4.31 4.25 4.14 3.94 3.74 3.46 3.40 3.75 4.11 4.32 4.39 4.48 4.47 4.21 4.20 4.53 4.54 4.25 3.98 4.01 4.41 4.33 3.74 3.94 4.94 4.96 4.27 4.16
2.99 3.07 3.15 3.10 3.04 3.10 3.21 3.23 3.17 3.04 2.83 2.54 2.28 2.47 3.41 4.28 4.49 4.54 4.74 5.09 5.29 5.28 4.98 4.23 3.33 2.46 2.29 2.80 2.95 3.09 3.68 3.81 3.77 4.19 4.61 4.63 4.41 4.31 4.37 4.41 4.38 4.34 4.24 4.16 4.19 4.03 3.86 3.91 3.71 3.33 3.54 3.85 3.66 3.86 4.49 4.66 4.34 4.22 4.15 3.90 3.72 3.49 3.18 3.29 3.89 4.39 4.52 4.39 4.15 4.17 4.44 4.57 4.39 4.17 4.04 4.04 4.30 4.07 3.68 4.29 5.11 5.18 4.46 4.05
3.02 3.08 3.18 3.20 3.17 3.20 3.26 3.24 3.16 3.04 2.87 2.60 2.25 2.21 2.88 3.80 4.26 4.38 4.36 4.67 5.12 5.29 5.19 4.64 3.91 3.16 2.56 2.72 3.00 3.11 3.57 3.72 3.60 3.96 4.43 4.54 4.40 4.28 4.33 4.39 4.42 4.42 4.33 4.19 4.24 4.09 3.77 3.82 3.73 3.29 3.41 3.69 3.61 3.91 4.38 4.68 4.41 4.10 4.01 3.84 3.81 3.65 3.13 3.09 3.81 4.29 4.44 4.21 3.71 3.98 4.60 4.70 4.35 4.04 3.98 4.06 4.31 4.13 3.73 4.33 5.02 5.24 4.80 4.28
3.06 3.09 3.18 3.23 3.21 3.22 3.25 3.25 3.19 3.07 2.93 2.71 2.38 2.19 2.59 3.37 3.88 4.18 4.19 4.23 4.57 4.90 5.08 4.81 4.25 3.63 2.98 2.80 2.99 3.14 3.41 3.62 3.59 3.80 4.16 4.30 4.30 4.26 4.28 4.30 4.36 4.46 4.38 4.22 4.34 4.28 3.82 3.71 3.74 3.47 3.44 3.50 3.52 3.93 4.28 4.50 4.39 4.05 3.83 3.76 3.92 3.81 3.30 3.33 3.91 4.12 4.16 3.84 3.29 3.76 4.54 4.69 4.42 3.94 3.81 4.06 4.43 4.49 4.16 4.27 4.69 5.08 5.03 4.83
3.09 3.11 3.16 3.22 3.24 3.24 3.23 3.20 3.17 3.07 2.95 2.79 2.53 2.30 2.48 3.09 3.47 3.75 4.05 4.13 4.21 4.43 4.67 4.66 4.31 3.75 3.20 2.97 3.03 3.14 3.32 3.55 3.65 3.73 3.92 4.13 4.18 4.17 4.18 4.16 4.26 4.42 4.31 4.22 4.41 4.44 4.10 3.87 3.90 3.83 3.62 3.45 3.48 3.92 4.32 4.29 4.13 3.90 3.68 3.79 4.10 4.02 3.72 3.76 3.95 3.94 3.82 3.51 3.18 3.63 4.18 4.45 4.50 3.97 3.66 3.98 4.42 4.77 4.58 4.21 4.41 4.88 5.10 5.36
3.13 3.13 3.15 3.19 3.23 3.27 3.27 3.22 3.17 3.08 2.97 2.84 2.63 2.49 2.65 3.09 3.29 3.25 3.59 3.96 4.04 4.11 4.29 4.36 4.18 3.78 3.38 3.20 3.18 3.23 3.36 3.49 3.63 3.64 3.70 4.04 4.19 4.14 4.08 3.99 4.17 4.31 4.14 4.09 4.28 4.28 4.03 4.03 4.28 4.29 3.88 3.54 3.50 3.96 4.51 4.26 3.78 3.46 3.37 3.87 4.41 4.33 4.21 4.13 3.92 3.79 3.66 3.65 3.50 3.37 3.64 4.13 4.51 4.13 3.67 3.79 4.34 4.87 4.72 4.31 4.49 4.89 5.13 5.55
3.17 3.17 3.17 3.18 3.19 3.22 3.25 3.25 3.21 3.12 3.01 2.89 2.67 2.57 2.89 3.40 3.52 3.17 3.14 3.59 3.82 3.85 4.02 4.14 4.06 3.77 3.46 3.37 3.33 3.32 3.52 3.61 3.55 3.53 3.55 3.89 4.17 4.22 4.09 3.93 4.06 4.11 4.11 4.13 4.08 4.04 3.76 3.62 4.19 4.73 4.44 3.79 3.59 4.11 4.67 4.43 3.68 3.02 2.95 3.86 4.72 4.69 4.54 4.25 3.92 3.90 3.87 4.00 3.85 3.25 3.18 3.96 4.46 4.16 3.63 3.71 4.33 4.66 4.61 4.68 4.91 4.98 5.07 5.35
3.20 3.20 3.20 3.20 3.19 3.20 3.20 3.21 3.21 3.15 3.05 2.94 2.72 2.49 2.78 3.57 3.89 3.57 3.21 3.34 3.60 3.67 3.80 3.98 4.02 3.79 3.43 3.40 3.47 3.41 3.63 3.80 3.63 3.57 3.62 3.73 3.98 4.18 4.08 4.00 4.01 3.90 4.13 4.36 3.99 3.89 3.92 3.40 3.40 4.37 4.84 4.24 3.89 4.30 4.67 4.75 4.14 3.04 2.77 3.80 4.83 4.98 4.65 4.00 3.98 4.41 4.27 4.23 4.18 3.36 3.11 3.79 4.21 3.86 3.57 3.79 4.13 4.29 4.57 5.23 5.23 4.76 4.84 4.99
3.22 3.23 3.23 3.23 3.23 3.23 3.23 3.21 3.21 3.16 3.08 2.97 2.80 2.46 2.46 3.26 3.87 3.87 3.60 3.43 3.48 3.53 3.60 3.77 3.96 3.87 3.48 3.32 3.49 3.56 3.68 3.80 3.68 3.69 3.78 3.76 3.85 4.00 3.98 4.01 4.02 3.86 4.10 4.43 4.10 3.85 4.08 3.79 3.33 3.75 4.43 4.37 4.15 4.30 4.47 4.74 4.70 3.69 3.00 3.94 4.92 5.10 4.60 3.75 3.94 4.76 4.75 4.49 4.37 3.64 3.17 3.43 3.79 3.65 3.56 3.69 3.73 4.17 4.95 5.50 5.03 4.42 4.55 4.60
3.25 3.26 3.26 3.26 3.26 3.26 3.26 3.25 3.24 3.21 3.13 3.00 2.87 2.61 2.43 2.86 3.50 3.72 3.68 3.57 3.48 3.42 3.41 3.53 3.75 3.80 3.54 3.25 3.29 3.52 3.69 3.70 3.66 3.80 3.99 4.04 3.95 3.89 3.89 3.99 4.03 3.97 4.06 4.21 4.16 3.98 3.94 3.94 3.88 3.90 3.99 4.06 4.11 4.22 4.27 4.48 4.77 4.33 3.63 4.10 4.96 5.13 4.50 3.81 3.99 4.79 5.15 4.81 4.33 3.87 3.49 3.26 3.60 3.71 3.37 3.35 3.56 4.31 5.21 5.17 4.59 4.39 4.31 4.26
3.26 3.27 3.28 3.29 3.29 3.29 3.27 3.27 3.24 3.23 3.20 3.09 2.95 2.79 2.63 2.76 3.19 3.44 3.48 3.48 3.43 3.36 3.30 3.35 3.51 3.59 3.51 3.30 3.19 3.34 3.54 3.57 3.60 3.79 4.09 4.28 4.16 3.90 3.78 3.92 3.96 3.97 4.09 4.05 4.06 4.13 3.95 3.72 3.93 4.21 4.04 3.82 3.82 3.99 4.14 4.30 4.58 4.55 4.17 4.25 4.95 5.14 4.51 4.06 4.20 4.73 5.27 4.98 4.35 4.22 3.92 3.34 3.50 3.57 3.08 3.08 3.47 4.14 4.88 4.74 4.45 4.44 4.06 3.89
3.28 3.27 3.28 3.30 3.32 3.33 3.31 3.29 3.25 3.21 3.22 3.19 3.07 2.94 2.85 2.87 3.08 3.27 3.34 3.37 3.35 3.34 3.30 3.31 3.41 3.48 3.47 3.38 3.29 3.29 3.35 3.42 3.52 3.68 3.97 4.24 4.24 3.93 3.71 3.88 3.94 3.96 4.13 4.10 4.08 4.23 4.20 3.75 3.70 4.21 4.25 3.90 3.64 3.66 3.94 4.16 4.38 4.60 4.53 4.45 4.83 5.11 4.69 4.30 4.40 4.74 5.11 5.02 4.72 4.62 4.08 3.33 3.36 3.41 3.04 2.89 3.10 3.70 4.41 4.61 4.54 4.47 3.99 3.62
3.33 3.31 3.30 3.31 3.33 3.35 3.35 3.33 3.29 3.21 3.20 3.23 3.16 3.06 3.02 3.02 3.12 3.25 3.30 3.32 3.32 3.33 3.33 3.32 3.38 3.45 3.46 3.42 3.36 3.30 3.22 3.28 3.55 3.81 4.04 4.27 4.36 4.09 3.79 3.91 3.97 4.00 4.12 4.17 4.22 4.28 4.28 3.93 3.70 4.09 4.31 4.10 3.78 3.55 3.66 3.87 4.11 4.45 4.71 4.66 4.72 5.17 5.08 4.52 4.53 4.82 4.90 5.05 5.11 4.71 3.87 3.24 3.28 3.46 3.14 2.58 2.70 3.46 4.27 4.67 4.70 4.49 4.02 3.55
3.37 3.36 3.34 3.33 3.33 3.34 3.37 3.38 3.35 3.27 3.23 3.25 3.20 3.12 3.11 3.12 3.18 3.27 3.31 3.30 3.30 3.31 3.31 3.31 3.34 3.42 3.46 3.44 3.39 3.28 3.11 3.11 3.48 3.91 4.06 4.26 4.49 4.30 3.91 3.90 3.98 4.07 4.19 4.28 4.37 4.36 4.25 4.01 3.83 4.02 4.30 4.25 4.03 3.72 3.54 3.62 3.85 4.12 4.49 4.75 4.76 5.29 5.45 4.74 4.71 4.93 4.84 5.10 5.16 4.38 3.56 3.26 3.43 3.70 3.20 2.32 2.30 3.16 4.16 4.83 4.87 4.41 4.09 3.72
3.37 3.38 3.38 3.38 3.37 3.37 3.38 3.41 3.40 3.33 3.26 3.28 3.29 3.20 3.15 3.16 3.18 3.27 3.32 3.30 3.30 3.30 3.30 3.29 3.32 3.39 3.45 3.47 3.44 3.29 3.03 2.92 3.31 3.80 3.94 4.04 4.27 4.30 4.01 3.82 3.88 4.02 4.23 4.44 4.53 4.46 4.28 4.06 3.93 4.00 4.31 4.31 4.18 3.97 3.66 3.57 3.73 3.86 3.94 4.52 4.90 5.44 5.71 5.13 5.04 5.06 4.82 4.95 4.76 4.04 3.51 3.38 3.73 4.05 3.38 2.28 1.92 2.71 3.85 4.77 5.01 4.54 4.41 4.03
3.40 3.39 3.40 3.42 3.41 3.39 3.39 3.40 3.41 3.38 3.28 3.26 3.33 3.31 3.22 3.18 3.19 3.24 3.29 3.28 3.30 3.31 3.30 3.29 3.32 3.37 3.42 3.49 3.46 3.27 2.93 2.71 3.05 3.58 3.85 3.99 4.02 4.06 4.01 3.79 3.72 3.89 4.17 4.52 4.72 4.54 4.24 4.18 4.04 4.02 4.33 4.36 4.22 4.16 3.87 3.61 3.72 3.72 3.48 4.03 4.91 5.60 6.03 5.79 5.39 4.90 4.55 4.49 4.23 3.91 3.65 3.61 4.12 4.34 3.55 2.28 1.74 2.44 3.37 4.19 4.85 4.81 4.74 4.42
3.45 3.42 3.41 3.43 3.43 3.40 3.40 3.41 3.41 3.39 3.32 3.23 3.25 3.32 3.28 3.23 3.20 3.21 3.24 3.23 3.24 3.28 3.27 3.26 3.29 3.35 3.42 3.55 3.59 3.27 2.84 2.63 2.79 3.27 3.71 3.97 4.02 4.00 3.91 3.72 3.60 3.70 3.99 4.49 4.85 4.54 4.24 4.33 4.25 4.14 4.31 4.38 4.30 4.24 4.02 3.73 3.74 3.65 3.31 3.61 4.66 5.75 6.44 6.32 5.35 4.43 4.08 3.92 3.86 3.89 3.83 3.99 4.58 4.43 3.29 2.23 1.97 2.48 2.97 3.45 4.29 4.77 4.78 4.73
3.48 3.45 3.43 3.43 3.44 3.43 3.42 3.44 3.44 3.40 3.35 3.27 3.21 3.24 3.26 3.25 3.23 3.20 3.21 3.19 3.18 3.21 3.21 3.20 3.24 3.31 3.47 3.76 3.92 3.51 2.90 2.67 2.65 2.89 3.42 3.83 4.08 4.23 4.00 3.62 3.50 3.53 3.78 4.40 4.71 4.41 4.35 4.48 4.43 4.37 4.37 4.46 4.43 4.26 4.05 3.76 3.64 3.62 3.47 3.57 4.50 5.98 6.72 6.20 4.98 4.10 3.67 3.49 3.73 4.07 4.30 4.69 4.81 4.05 2.86 2.20 2.59 2.92 2.79 2.93 3.70 4.32 4.40 4.72
3.53 3.51 3.47 3.46 3.46 3.44 3.42 3.44 3.45 3.43 3.38 3.32 3.25 3.20 3.19 3.20 3.20 3.19 3.19 3.17 3.14 3.14 3.14 3.13 3.17 3.21 3.45 3.99 4.28 3.93 3.29 2.91 2.68 2.54 2.83 3.35 3.89 4.49 4.33 3.66 3.44 3.51 3.70 4.26 4.42 4.17 4.47 4.73 4.63 4.49 4.46 4.68 4.66 4.42 4.10 3.52 3.33 3.66 3.83 3.96 5.09 6.52 6.51 5.48 4.63 4.08 3.51 3.29 3.68 4.43 5.18 5.30 4.54 3.55 2.39 1.97 3.04 3.68 3.05 2.79 3.32 3.74 3.86 4.34
3.57 3.57 3.54 3.51 3.49 3.46 3.44 3.45 3.44 3.42 3.39 3.35 3.28 3.20 3.15 3.15 3.14 3.13 3.15 3.15 3.13 3.09 3.06 3.04 3.05 3.05 3.26 3.97 4.52 4.39 4.01 3.52 2.99 2.58 2.43 2.62 3.27 4.36 4.61 3.84 3.40 3.62 3.71 3.99 4.13 3.93 4.34 4.92 5.02 4.58 4.36 4.86 5.00 4.80 4.25 3.03 2.85 3.76 4.33 4.70 5.94 6.73 5.80 4.56 4.17 3.95 3.45 3.26 3.76 4.84 5.87 5.43 4.14 3.13 2.04 1.68 2.98 4.34 3.80 2.91 2.99 3.21 3.49 4.09
3.59 3.60 3.59 3.56 3.52 3.48 3.46 3.45 3.43 3.40 3.38 3.35 3.31 3.23 3.15 3.12 3.11 3.08 3.08 3.11 3.10 3.05 2.99 2.92 2.88 2.87 3.08 3.76 4.50 4.80 4.82 4.47 3.67 3.05 2.60 2.33 2.80 3.99 4.66 4.03 3.58 3.80 3.76 3.85 3.86 3.73 4.04 4.72 5.35 4.89 4.21 4.81 5.31 5.24 4.50 2.77 2.44 3.79 4.95 5.54 6.31 6.36 5.24 4.07 3.74 3.67 3.26 3.26 4.15 5.34 6.04 5.31 3.95 2.91 1.92 1.63 2.64 4.49 4.55 3.38 2.90 2.86 3.29 4.03
3.62 3.62 3.61 3.61 3.56 3.49 3.46 3.46 3.42 3.38 3.37 3.35 3.32 3.27 3.18 3.10 3.08 3.05 3.02 3.04 3.03 2.99 2.92 2.82 2.69 2.61 2.78 3.31 4.00 4.63 5.22 5.43 4.74 3.88 3.15 2.54 2.74 3.85 4.61 4.14 3.85 3.97 3.88 4.03 3.80 3.60 3.89 4.34 5.18 5.16 4.47 4.82 5.46 5.62 4.90 3.18 2.49 3.73 5.44 6.42 6.36 5.57 4.81 4.10 3.64 3.45 3.02 3.28 4.79 5.88 5.90 4.92 3.80 2.94 2.05 1.88 2.71 4.20 4.95 4.26 3.17 2.70 3.03 3.80
3.68 3.66 3.64 3.65 3.62 3.52 3.46 3.46 3.43 3.38 3.35 3.34 3.31 3.26 3.19 3.09 3.03 3.00 2.98 2.99 2.96 2.91 2.87 2.76 2.60 2.44 2.44 2.75 3.21 3.68 4.46 5.31 5.33 4.75 3.76 2.79 2.87 3.79 4.51 4.18 3.91 3.95 3.89 4.16 3.99 3.63 3.84 4.14 4.70 4.87 4.60 4.82 5.35 5.84 5.34 3.74 3.09 3.97 5.67 7.00 6.24 4.62 4.23 4.20 3.90 3.45 2.88 3.34 5.33 6.36 5.56 4.25 3.62 3.05 2.27 2.23 2.68 3.75 5.01 5.01 3.68 2.65 2.77 3.43
3.75 3.71 3.67 3.69 3.69 3.60 3.51 3.48 3.46 3.41 3.35 3.33 3.29 3.25 3.19 3.10 3.01 2.94 2.90 2.92 2.89 2.82 2.79 2.70 2.53 2.37 2.32 2.45 2.74 3.16 3.86 4.64 5.07 5.09 4.13 2.77 2.77 3.73 4.29 4.11 3.92 3.76 3.66 3.94 3.92 3.65 3.83 4.15 4.32 4.32 4.31 4.53 4.90 5.67 5.48 4.09 3.88 4.73 5.99 7.17 6.15 4.08 3.68 4.22 4.40 3.71 2.86 3.39 5.58 6.55 5.09 3.82 3.60 3.10 2.35 2.29 2.54 3.42 4.88 5.44 4.26 2.79 2.67 3.22
3.83 3.77 3.68 3.68 3.70 3.63 3.53 3.49 3.45 3.39 3.35 3.33 3.30 3.25 3.20 3.12 3.03 2.94 2.86 2.83 2.81 2.73 2.68 2.64 2.49 2.29 2.23 2.30 2.56 3.12 3.94 4.55 4.92 5.31 4.43 2.65 2.53 3.65 4.00 3.82 3.87 3.65 3.52 3.73 3.71 3.62 3.95 4.20 4.09 4.16 4.23 4.25 4.44 5.12 5.29 4.32 4.26 5.41 6.58 7.17 5.79 3.70 3.22 4.18 5.01 4.27 3.04 3.38 5.50 6.45 4.97 3.90 3.77 3.06 2.29 2.16 2.36 3.18 4.63 5.58 4.61 3.12 2.93 3.21
3.89 3.87 3.77 3.69 3.68 3.60 3.52 3.48 3.44 3.37 3.29 3.29 3.28 3.24 3.20 3.12 3.05 2.98 2.89 2.80 2.75 2.66 2.55 2.53 2.51 2.30 2.14 2.09 2.20 2.68 3.52 4.34 4.80 5.49 5.08 2.91 2.33 3.53 3.90 3.68 3.81 3.68 3.55 3.72 3.64 3.68 4.03 4.07 3.96 4.17 4.27 4.19 4.23 4.50 4.76 4.38 4.25 5.29 6.80 7.37 5.89 3.56 2.73 3.87 5.39 5.07 3.66 3.44 4.91 6.14 5.25 4.24 3.84 2.92 2.24 2.10 2.24 2.91 4.27 5.34 4.86 3.76 3.52 3.51
3.95 3.96 3.92 3.84 3.75 3.64 3.56 3.51 3.46 3.37 3.28 3.24 3.22 3.19 3.16 3.10 3.03 2.98 2.90 2.82 2.75 2.63 2.47 2.38 2.37 2.29 2.11 1.92 1.81 2.03 2.81 3.74 4.37 5.19 5.49 3.96 2.61 3.30 3.84 3.71 3.80 3.74 3.64 3.72 3.72 3.82 3.93 3.88 3.96 4.16 4.22 4.23 4.22 4.15 4.29 4.43 4.43 4.83 6.13 7.39 6.53 3.97 2.44 3.23 5.27 5.78 4.78 3.95 4.63 5.73 5.22 4.37 3.80 2.92 2.36 2.17 2.22 2.77 3.67 4.62 4.92 4.49 4.26 4.16
3.98 3.98 3.98 3.98 3.89 3.73 3.61 3.54 3.50 3.42 3.31 3.23 3.20 3.16 3.12 3.06 3.01 2.96 2.88 2.81 2.75 2.64 2.48 2.32 2.19 2.11 1.99 1.85 1.71 1.83 2.42 3.12 3.85 4.65 5.32 4.74 3.47 3.29 3.71 3.71 3.72 3.80 3.80 3.76 3.88 4.04 3.81 3.79 4.01 4.13 4.18 4.26 4.27 4.13 4.20 4.48 4.65 4.71 5.33 6.89 6.89 4.55 2.51 2.62 4.55 6.00 5.87 5.02 5.12 5.32 4.54 4.16 3.83 3.08 2.63 2.31 2.23 2.71 3.19 3.67 4.36 4.59 4.80 4.93
4.05 4.00 3.94 3.95 3.92 3.78 3.63 3.53 3.50 3.44 3.33 3.24 3.19 3.15 3.10 3.04 2.99 2.95 2.88 2.80 2.73 2.64 2.51 2.36 2.17 2.00 1.85 1.76 1.75 1.94 2.29 2.68 3.36 4.15 4.76 4.68 4.06 3.69 3.80 3.77 3.62 3.73 3.92 3.88 4.00 4.15 3.85 3.84 4.04 4.06 4.17 4.22 4.24 4.26 4.30 4.45 4.68 4.83 5.11 6.33 6.85 5.07 2.93 2.38 3.54 5.52 6.52 6.28 5.63 4.59 3.73 3.91 3.89 3.35 2.85 2.38 2.18 2.54 3.11 3.42 3.58 3.95 4.69 5.37
