windninja/windninja_output/Output_2025-10-23_0900-0950_Google earth_Fire_150m_10min/merlingen_7.5mi_point_10-23-2025_0920_150m_ang.asc
ncols	158
nrows	163
xllcorner	391686.332397
yllcorner	5160024.123721
cellsize	150.000000
NODATA_value	-32768.000000
[rows 0 to 41 of 163, columns 0 to 93 of 158]
148 145 142 143 143 145 147 145 142 142 143 140 131 109 97 98 102 105 110 121 133 138 136 136 138 138 137 132 132 136 136 134 131 127 127 131 133 127 123 128 136 144 152 155 159 169 177 175 174 180 186 189 192 196 201 205 209 213 216 217 217 218 219 220 218 217 220 225 231 233 232 232 232 232 231 233 235 239 242 241 240 238 239 243 247 246 241 240 241 239 237 238 237 235
151 147 143 143 142 143 145 143 138 138 140 143 143 131 120 117 120 124 127 131 138 142 140 139 140 141 141 138 135 135 135 134 134 134 133 136 141 143 144 146 147 151 158 161 164 171 176 175 173 177 184 188 193 199 204 206 208 209 212 214 215 216 218 218 217 218 221 226 229 230 230 230 231 230 231 232 234 237 239 238 238 238 239 242 244 244 241 239 240 240 240 240 239 238
154 149 146 145 143 143 145 142 139 139 144 152 156 149 140 135 136 139 138 139 143 145 144 144 143 144 145 144 141 139 138 137 138 140 141 144 149 152 154 156 156 158 161 163 166 171 174 177 178 178 180 186 194 200 202 202 203 204 207 210 210 211 212 214 214 217 221 225 227 227 226 227 228 228 229 230 230 233 235 233 231 234 238 238 239 240 236 235 236 238 241 241 239 238
151 149 148 147 145 147 148 147 146 148 152 159 160 153 145 138 139 142 142 142 144 145 146 147 147 149 151 151 151 150 148 146 144 143 145 148 151 153 155 157 159 161 162 163 167 170 173 177 181 182 181 186 192 195 196 197 200 202 205 207 207 207 209 212 213 214 218 223 226 225 223 225 227 228 229 229 229 231 233 231 227 230 234 234 237 238 231 228 230 230 232 235 235 233
147 147 149 149 148 149 149 146 147 151 157 163 162 154 144 138 138 140 141 142 143 143 146 149 148 150 154 157 159 158 158 157 154 151 151 152 153 154 156 158 160 162 163 165 168 171 174 177 181 183 185 188 191 193 196 197 199 201 202 203 205 206 208 210 211 213 215 221 224 223 223 225 227 227 228 230 232 234 233 230 228 231 233 232 235 237 231 227 226 225 225 228 228 227
144 144 147 149 148 149 147 144 145 151 158 161 160 152 141 137 135 136 138 138 138 138 142 147 146 146 151 155 158 159 160 160 158 158 159 158 157 157 158 160 161 162 162 165 169 172 175 178 180 184 188 191 191 193 196 197 198 198 198 200 203 204 206 208 210 211 213 218 221 220 221 224 226 223 223 226 229 232 231 230 230 233 234 233 234 236 234 232 231 227 225 225 223 221
144 143 143 146 146 147 146 144 146 152 156 158 159 151 139 136 136 137 140 140 139 137 139 142 142 142 145 149 153 156 157 156 157 160 162 161 159 159 160 162 163 163 163 165 169 172 175 178 180 184 188 191 191 193 195 196 195 195 196 197 198 199 202 206 208 209 211 215 218 216 216 219 220 218 218 221 224 227 225 226 229 231 231 232 234 236 236 236 238 236 233 231 228 225
144 143 142 142 142 142 143 143 146 150 153 155 157 151 140 136 138 139 141 143 142 140 141 142 141 143 144 145 148 151 151 150 152 156 158 157 158 159 161 162 163 163 164 166 168 170 173 177 180 183 186 188 190 192 194 193 192 193 193 193 194 195 199 203 206 208 209 213 215 213 213 216 217 216 216 220 224 226 222 223 230 231 228 228 230 231 233 233 235 237 240 242 240 237
143 143 142 141 140 138 138 141 145 148 150 152 154 151 142 138 139 140 141 143 142 141 143 145 145 146 145 144 146 148 145 145 149 152 151 151 153 156 158 160 161 162 163 164 166 169 172 175 177 181 184 186 188 192 193 191 190 191 191 192 194 196 198 202 207 208 208 209 211 212 214 218 220 219 219 220 225 225 222 225 231 232 227 223 223 224 225 226 224 222 224 229 234 233
143 142 141 141 141 140 139 141 144 146 148 149 150 148 142 138 139 139 141 143 143 143 144 146 149 149 147 146 148 148 144 144 147 148 147 148 150 154 156 157 159 160 160 162 165 168 171 173 175 178 182 185 186 187 188 189 189 191 194 198 201 201 200 205 210 210 208 208 209 212 217 220 221 220 220 222 226 225 220 222 226 228 225 222 223 223 223 223 219 216 217 221 224 224
143 142 141 142 142 142 142 143 144 146 146 147 148 147 141 137 136 137 140 142 142 144 145 148 151 152 153 151 149 147 142 142 143 142 142 145 148 152 153 155 158 160 160 162 165 165 168 172 175 177 179 182 184 184 186 191 195 199 205 210 212 212 208 209 212 211 211 210 210 215 220 220 219 218 220 223 227 225 218 217 220 223 223 222 226 225 226 228 224 219 222 227 227 225
143 142 141 142 142 143 143 143 144 145 146 146 147 147 142 136 135 136 137 138 139 141 143 147 151 153 155 151 145 142 138 136 137 137 138 140 144 148 150 152 156 158 159 163 166 167 167 172 178 177 173 177 182 186 192 203 211 218 224 231 238 240 234 223 219 219 219 216 213 216 218 218 217 215 215 217 218 217 214 213 216 220 220 219 220 219 224 231 227 220 227 234 233 230
142 142 142 142 143 143 142 143 143 144 144 145 146 146 140 133 132 134 135 136 136 137 139 142 146 149 152 147 140 137 136 135 135 135 137 137 139 143 146 150 153 155 159 164 166 170 176 183 189 182 172 176 192 222 251 251 243 242 247 257 264 264 267 279 277 257 243 228 214 212 215 216 216 211 207 207 209 211 210 209 213 218 219 219 220 218 223 230 225 217 227 237 236 234
142 142 141 142 142 142 142 142 142 143 143 144 146 147 140 130 127 130 132 133 133 134 134 134 138 143 146 144 140 137 134 132 132 133 136 137 138 140 142 146 148 149 154 158 159 164 180 191 192 189 187 189 195 223 268 298 287 259 246 241 238 232 229 233 252 270 273 261 218 205 211 215 215 209 203 205 210 214 215 214 216 219 220 223 224 223 227 232 228 223 232 241 241 241
142 142 141 141 142 141 142 142 142 142 143 143 146 148 143 133 129 129 130 128 128 129 129 129 133 137 142 142 139 138 134 130 131 133 136 138 138 138 137 135 132 127 116 110 122 139 156 169 180 188 189 184 184 189 195 200 199 198 201 205 206 204 202 202 208 217 219 223 219 162 199 211 212 209 207 211 217 222 224 226 225 224 226 230 230 230 234 236 233 233 243 251 251 251
141 141 141 141 141 141 141 141 141 141 142 142 144 147 145 137 133 133 131 128 127 128 130 131 132 135 140 141 139 139 137 136 138 138 135 131 125 121 116 107 98 98 115 131 143 156 158 155 163 177 181 180 179 180 185 191 193 187 185 191 195 196 196 197 202 206 204 205 206 179 158 202 213 213 213 215 220 226 230 232 230 230 234 237 237 239 242 243 241 241 247 253 253 253
141 141 141 141 141 141 141 141 140 141 141 142 142 144 142 135 132 133 133 132 130 131 132 133 133 135 138 140 140 140 138 136 137 132 120 109 104 103 107 114 124 137 145 151 157 161 163 165 162 162 170 176 176 178 183 190 194 190 184 185 190 194 196 196 199 204 205 204 204 201 184 183 217 216 213 216 219 224 228 230 230 233 238 241 244 247 248 249 251 249 245 246 246 247
141 141 141 141 141 141 141 141 141 140 140 140 140 141 139 132 128 129 131 131 130 129 130 131 130 131 134 136 136 135 132 130 128 122 116 116 120 124 131 138 143 146 147 151 157 159 161 165 165 162 163 169 174 178 183 188 192 190 185 184 189 194 196 196 197 202 205 205 206 207 201 192 201 209 210 214 217 223 230 234 237 240 241 243 245 249 250 249 251 254 249 244 242 242
141 141 141 141 141 141 140 140 140 140 140 139 139 138 136 132 127 125 125 125 125 125 126 126 125 126 128 130 129 126 123 122 123 126 128 129 130 133 137 138 141 144 146 150 155 157 157 158 162 164 163 165 170 176 181 183 186 188 186 185 190 196 197 196 196 200 206 208 208 207 202 195 199 206 207 213 225 238 245 247 249 251 248 243 240 240 240 242 246 249 250 245 243 242
140 140 140 140 140 140 140 139 139 139 139 138 138 137 135 131 127 124 122 122 123 125 126 126 125 126 126 127 126 124 123 125 125 123 122 124 128 133 139 141 144 148 150 154 155 156 157 157 159 162 165 166 167 171 175 178 183 187 188 187 192 199 200 197 197 201 206 208 206 203 200 197 202 206 205 208 225 242 249 249 249 249 245 239 235 235 235 237 242 245 243 239 242 243
141 140 140 140 140 140 139 139 138 139 138 137 136 136 134 131 129 126 125 125 127 128 128 128 128 127 126 127 127 127 129 132 132 130 131 134 137 141 146 148 149 151 152 154 154 155 156 159 160 161 165 167 167 167 169 174 179 185 189 191 194 200 201 198 198 200 201 203 202 201 201 203 207 210 208 204 209 220 230 236 239 239 237 234 232 235 235 237 241 244 240 232 237 242
140 140 140 140 140 139 139 138 138 138 137 136 135 135 134 132 131 129 128 128 128 129 129 129 129 128 127 127 128 129 132 137 138 137 139 141 142 145 148 149 150 151 152 153 153 154 155 158 161 162 165 168 168 168 169 170 175 181 187 192 195 199 201 198 196 196 196 199 202 204 206 208 211 214 210 200 201 210 219 226 230 232 233 233 230 232 233 235 241 242 236 225 229 238
140 140 140 140 140 139 139 138 138 137 137 136 135 134 133 132 132 131 130 129 129 130 129 129 130 129 129 129 129 130 133 139 138 136 136 136 137 140 144 146 148 150 151 152 152 154 157 159 161 164 166 168 170 171 170 170 173 177 183 191 195 198 200 197 192 191 192 198 204 208 210 210 213 216 209 196 193 204 214 220 224 225 229 232 228 228 228 232 238 239 232 219 223 235
140 140 140 140 139 139 139 138 137 136 136 136 135 134 133 133 132 131 130 130 130 130 130 131 131 130 129 128 126 127 131 135 133 130 130 129 129 133 138 142 145 148 150 153 153 155 159 161 162 164 166 168 171 172 171 172 174 176 180 187 194 198 199 194 189 190 195 202 210 213 213 213 216 215 208 198 193 201 211 218 221 222 225 228 228 228 228 233 237 238 231 217 223 236
140 140 139 139 139 139 138 137 136 135 135 135 134 133 133 133 132 131 130 130 130 130 131 132 132 130 128 125 122 124 128 130 128 126 127 128 129 131 135 139 143 146 149 152 153 157 162 163 163 164 165 168 170 171 172 174 176 179 180 184 192 196 195 192 191 195 203 211 217 219 219 217 216 213 208 204 202 204 210 215 220 221 221 223 226 228 230 235 240 240 229 216 224 235
140 140 139 139 138 138 138 137 135 135 135 134 134 133 132 132 131 131 130 130 130 130 130 131 132 133 132 128 124 125 126 126 127 128 129 132 133 133 135 138 142 145 148 149 152 159 164 164 164 166 167 169 169 169 171 173 178 183 185 185 187 188 189 193 197 200 205 212 217 221 220 218 215 212 208 205 211 213 209 211 216 218 217 219 222 224 223 228 238 239 226 213 222 232
140 139 139 139 138 138 138 136 135 135 134 134 133 132 131 131 130 130 130 130 130 130 131 132 134 137 138 132 128 128 128 126 125 126 127 131 135 134 137 141 144 145 145 147 152 161 165 165 165 167 170 172 172 169 168 172 181 189 189 185 181 181 187 196 203 206 207 209 213 216 218 217 214 211 204 201 212 219 213 206 213 216 215 217 220 221 218 221 232 236 225 211 218 228
140 140 139 139 138 138 137 135 134 134 133 132 131 131 131 130 129 130 129 129 130 130 132 134 136 141 141 135 133 134 133 130 128 127 126 128 132 133 136 142 145 145 146 149 154 161 165 168 168 168 171 174 175 173 171 174 183 188 186 182 181 184 192 201 209 211 209 209 211 214 218 218 213 208 201 198 209 220 219 208 211 215 217 219 223 223 219 220 229 232 226 215 218 227
140 139 139 138 138 137 136 135 134 134 132 131 130 130 130 129 129 129 129 129 130 131 132 134 138 144 144 138 139 142 140 136 135 133 132 135 137 136 138 145 149 148 150 152 155 161 164 168 170 169 170 174 176 176 177 177 180 184 184 181 183 191 198 204 209 211 208 208 211 214 217 216 211 207 202 199 209 222 225 220 214 213 218 225 230 229 226 226 231 231 228 223 223 229
140 140 139 138 137 137 136 134 133 133 132 131 130 130 130 129 129 129 129 129 130 131 132 134 138 143 143 139 139 144 144 141 141 139 141 146 148 144 143 148 152 153 156 157 158 162 164 166 168 170 172 174 177 180 182 181 179 181 185 185 187 197 206 208 210 210 206 205 212 217 219 217 214 211 205 202 209 222 229 230 222 212 220 230 235 234 232 233 233 231 229 228 229 235
140 140 139 138 137 136 135 134 133 132 131 130 129 129 128 128 129 129 129 129 130 130 132 134 138 140 139 137 137 139 137 136 139 141 145 152 153 147 144 149 152 154 158 159 161 163 163 162 162 168 173 174 178 184 187 187 184 182 185 192 196 203 211 215 216 211 204 204 217 224 225 222 220 214 204 201 205 217 227 230 226 214 219 231 233 231 231 232 232 231 230 231 235 243
140 140 140 138 136 135 136 134 133 132 131 130 129 128 128 128 128 128 128 128 129 130 132 135 137 139 138 137 138 138 133 133 136 137 143 153 153 145 143 148 150 151 155 156 159 161 159 156 157 163 168 172 178 187 192 191 189 186 188 198 203 203 208 215 218 211 200 203 219 228 227 223 220 211 201 200 204 212 223 228 226 216 218 229 234 234 235 236 236 235 235 235 237 245
140 140 140 138 135 135 135 134 132 131 131 129 128 128 128 128 128 127 127 128 129 130 133 134 135 138 139 141 145 146 141 138 137 134 137 148 150 142 140 144 147 149 152 151 154 157 153 152 156 161 164 168 175 185 192 190 187 189 195 204 208 202 202 209 215 211 198 199 216 225 221 215 211 205 199 198 201 209 220 227 225 219 221 229 235 239 241 241 239 239 240 240 240 245
140 140 140 137 135 134 135 133 131 130 130 129 128 128 127 127 127 127 128 129 129 130 133 134 135 138 139 142 146 145 139 135 135 133 134 143 146 140 139 144 145 148 151 150 151 152 149 151 156 159 163 167 171 180 188 187 183 187 198 207 207 197 193 202 212 213 203 198 212 220 215 210 209 204 199 197 198 205 215 222 223 220 223 228 230 231 235 237 235 235 237 240 244 247
141 141 140 137 135 135 135 133 131 130 129 128 127 127 127 127 127 127 128 129 129 130 132 133 135 137 138 141 142 139 133 130 132 134 136 143 147 142 142 146 146 148 149 146 146 146 146 151 154 157 162 167 171 176 182 184 181 184 198 209 209 198 189 195 209 215 212 205 210 217 214 212 212 207 202 198 198 203 212 219 220 219 222 227 227 225 230 232 230 230 233 237 242 248
142 142 140 137 136 136 135 133 131 130 129 128 127 127 127 127 127 127 128 128 129 130 131 132 132 134 137 140 141 137 131 131 133 134 136 143 149 145 143 144 145 146 145 145 145 145 148 152 155 159 164 169 173 176 178 180 182 186 196 211 214 204 189 190 204 213 215 211 211 215 216 218 217 213 207 202 201 209 219 223 222 220 222 228 231 227 227 229 227 227 231 235 241 248
143 142 140 137 136 136 134 133 131 129 129 128 128 127 127 127 127 127 128 128 129 130 130 131 132 134 137 141 142 136 133 134 134 132 131 137 146 147 143 140 141 143 144 146 147 149 153 155 157 161 165 169 173 175 176 179 184 189 195 207 214 208 193 187 196 210 215 216 215 216 219 225 225 218 210 205 204 211 223 229 226 223 224 229 233 233 226 225 226 227 231 236 241 247
143 142 140 137 136 135 134 132 131 129 129 129 128 128 128 128 128 128 128 129 129 130 130 131 133 135 138 142 143 137 135 134 131 128 127 131 141 147 143 141 143 143 145 148 150 152 155 158 162 165 165 167 171 175 176 178 183 190 195 202 209 208 198 187 190 206 218 222 220 217 218 223 223 214 207 207 204 204 217 226 224 223 224 227 232 234 224 220 227 230 232 236 242 248
143 142 140 138 137 135 134 132 131 130 130 130 129 128 128 128 128 128 129 129 129 130 131 131 133 135 138 143 141 135 133 132 129 128 127 131 143 147 143 144 146 147 148 150 153 155 157 161 166 169 168 168 172 177 178 177 181 187 192 197 202 205 201 193 192 206 222 228 224 217 215 215 213 209 206 210 204 194 210 222 219 217 221 225 233 233 224 216 225 229 231 237 248 254
143 141 140 138 137 136 134 132 132 131 130 130 130 129 128 129 129 129 129 129 130 130 131 132 132 134 137 139 136 130 127 128 128 128 128 133 147 149 148 148 147 148 148 151 156 158 159 162 165 168 169 169 171 176 179 178 178 183 189 193 197 203 206 203 197 205 223 230 224 216 213 213 214 211 208 211 204 187 200 215 216 215 222 229 237 237 229 219 221 227 229 238 252 254
144 142 141 140 138 137 136 134 133 133 132 131 131 130 130 130 130 130 130 130 130 131 132 132 132 134 135 135 132 128 125 126 127 127 127 135 144 146 149 151 152 151 151 153 156 159 162 164 165 168 170 169 167 170 176 180 179 181 188 194 199 205 211 212 205 206 222 227 220 214 214 218 220 212 208 212 202 184 191 210 214 214 220 229 236 238 232 222 220 225 228 239 249 251
146 144 144 142 140 139 137 135 134 134 134 132 132 132 131 131 131 131 131 131 131 132 132 132 132 133 134 133 133 130 127 126 127 127 132 139 143 143 145 150 154 155 156 158 158 159 163 166 168 170 170 169 166 167 173 181 183 185 192 201 206 208 211 213 210 208 217 220 215 213 215 218 218 208 206 211 200 185 190 207 214 214 219 226 231 233 227 220 221 226 231 239 244 247
