windninja/windninja_output/Output_2025-10-23_0900-0950_Google earth_Fire_150m_10min/merlingen_7.5mi_point_10-23-2025_0900_150m_vel.asc
ncols	158
nrows	163
xllcorner	391686.332397
yllcorner	5160024.123721
cellsize	150.000000
NODATA_value	-32768.000000
[rows 37 to 73 of 163, columns 0 to 83 of 158]
4.69 4.68 4.74 4.81 4.80 4.73 4.64 4.57 4.56 4.58 4.52 4.42 4.37 4.35 4.31 4.24 4.17 4.10 4.03 3.94 3.84 3.72 3.57 3.38 3.13 2.81 2.48 2.20 2.39 3.18 3.50 3.77 4.46 5.27 5.98 5.75 5.23 5.25 5.46 5.29 5.00 5.03 5.19 5.28 5.41 5.36 5.05 5.03 5.12 5.19 5.24 5.03 5.03 5.31 5.29 5.11 5.28 5.72 6.00 6.73 7.36 6.14 4.05 2.80 3.11 5.00 6.92 7.07 5.59 4.09 3.67 3.93 3.94 3.33 2.73 2.56 2.33 2.46 3.37 3.57 2.99 3.28 4.25 5.34
4.75 4.74 4.82 4.83 4.76 4.71 4.67 4.64 4.57 4.55 4.53 4.42 4.37 4.38 4.32 4.24 4.17 4.10 4.03 3.97 3.88 3.75 3.61 3.45 3.20 2.87 2.49 2.16 2.46 3.27 3.48 3.60 4.11 4.72 5.42 5.32 4.86 5.25 5.77 5.53 5.28 5.25 5.26 5.34 5.55 5.48 5.18 5.06 5.15 5.56 5.62 5.04 4.86 5.42 5.65 5.09 4.94 5.62 6.25 6.81 7.28 6.82 5.24 3.54 3.15 4.52 6.77 7.27 5.51 4.17 4.03 4.18 4.06 3.42 2.81 2.85 2.48 2.06 3.28 4.20 3.33 3.01 3.61 4.58
4.82 4.80 4.81 4.82 4.78 4.70 4.66 4.68 4.60 4.52 4.50 4.42 4.37 4.40 4.36 4.25 4.17 4.11 4.04 3.99 3.90 3.78 3.65 3.52 3.29 2.95 2.57 2.27 2.52 3.18 3.45 3.45 3.69 4.23 4.77 4.71 4.64 5.37 5.99 5.87 5.59 5.42 5.35 5.27 5.45 5.69 5.42 4.92 4.88 5.66 6.04 5.25 4.63 5.27 6.03 5.48 4.88 5.42 6.30 6.90 7.25 7.52 6.97 5.12 3.74 4.54 6.86 7.15 5.33 4.31 4.19 4.18 3.96 3.38 3.05 3.24 2.68 1.84 2.79 4.38 4.22 3.50 3.54 4.23
4.95 4.90 4.82 4.81 4.81 4.73 4.70 4.73 4.65 4.50 4.46 4.44 4.37 4.39 4.40 4.29 4.19 4.14 4.07 4.00 3.92 3.80 3.69 3.58 3.40 3.08 2.75 2.52 2.55 3.03 3.46 3.36 3.30 3.70 4.02 3.97 4.12 4.85 5.78 6.18 6.06 5.84 5.59 5.21 5.20 5.65 5.66 5.05 4.74 5.49 6.32 5.61 4.40 4.62 5.75 5.87 5.13 5.06 5.88 6.58 6.79 7.29 7.96 6.98 4.76 4.79 6.92 7.02 5.39 4.69 4.33 4.06 3.74 3.05 3.05 3.51 2.77 1.91 2.40 3.88 4.56 4.39 4.29 4.59
5.05 5.01 4.91 4.84 4.82 4.76 4.72 4.76 4.71 4.52 4.42 4.45 4.39 4.36 4.39 4.33 4.22 4.18 4.12 4.03 3.95 3.82 3.72 3.65 3.51 3.23 2.99 2.77 2.63 2.97 3.45 3.34 3.11 3.19 3.25 3.45 3.81 4.23 4.94 5.80 6.16 6.28 6.10 5.64 5.35 5.44 5.62 5.44 5.08 5.44 6.44 6.12 4.58 4.03 4.83 5.56 5.15 4.68 5.24 5.98 6.10 6.22 7.37 7.92 6.40 5.48 6.68 7.01 5.79 5.06 4.53 4.19 3.82 2.93 3.01 3.56 2.71 2.09 2.32 3.21 4.07 4.39 4.80 5.16
5.11 5.09 5.00 4.91 4.88 4.84 4.73 4.72 4.75 4.59 4.44 4.45 4.42 4.36 4.37 4.33 4.25 4.20 4.17 4.09 3.97 3.84 3.75 3.72 3.60 3.37 3.19 2.99 2.80 3.00 3.37 3.33 3.07 2.81 2.66 2.91 3.55 4.17 4.56 5.09 5.71 6.15 6.20 6.06 5.68 5.29 5.36 5.50 5.27 5.32 6.31 6.37 4.88 3.99 4.37 5.04 5.00 4.66 4.92 5.55 5.60 5.38 6.14 7.40 7.55 6.71 6.44 6.81 6.34 5.40 5.04 4.88 4.31 3.33 3.31 3.52 2.71 2.33 2.41 3.01 3.74 4.01 4.51 5.21
5.18 5.14 5.06 4.98 4.94 4.93 4.81 4.70 4.73 4.65 4.48 4.45 4.44 4.37 4.35 4.33 4.26 4.22 4.20 4.14 4.01 3.87 3.79 3.76 3.69 3.50 3.34 3.20 3.00 3.02 3.24 3.28 3.03 2.63 2.35 2.38 3.00 3.90 4.28 4.58 5.18 5.69 5.90 5.96 5.59 5.07 5.08 5.34 5.38 5.49 6.23 6.28 5.10 4.34 4.50 4.85 4.88 4.80 4.97 5.41 5.44 5.11 5.28 5.98 7.06 7.29 6.56 6.44 6.48 6.05 5.88 5.95 5.34 4.33 4.07 3.77 3.11 2.77 2.63 2.96 3.55 3.93 4.42 5.08
5.25 5.19 5.11 5.05 4.98 4.95 4.88 4.75 4.71 4.67 4.53 4.46 4.45 4.39 4.36 4.33 4.28 4.25 4.22 4.17 4.06 3.95 3.84 3.78 3.75 3.62 3.48 3.36 3.20 3.09 3.17 3.20 2.97 2.60 2.24 2.13 2.64 3.38 3.77 4.13 4.67 5.32 5.81 5.82 5.25 4.92 5.05 5.27 5.54 5.76 6.10 6.10 5.37 4.78 4.88 5.06 4.90 4.85 5.08 5.42 5.52 5.34 5.11 5.21 6.11 6.84 6.59 6.06 5.77 5.87 6.10 6.41 6.26 5.56 4.97 4.32 3.58 3.22 3.05 3.14 3.42 3.79 4.46 5.06
5.33 5.27 5.18 5.12 5.03 4.95 4.90 4.81 4.72 4.67 4.59 4.49 4.44 4.41 4.39 4.35 4.29 4.29 4.26 4.18 4.10 4.02 3.92 3.84 3.79 3.72 3.60 3.47 3.34 3.20 3.17 3.17 2.97 2.62 2.30 2.22 2.49 2.94 3.33 3.66 4.18 5.03 5.79 5.59 4.82 4.82 5.23 5.44 5.64 5.72 5.78 5.82 5.48 4.94 4.98 5.25 5.07 4.90 5.09 5.37 5.54 5.60 5.37 5.31 5.95 6.26 6.16 5.71 4.78 4.60 5.22 5.78 6.13 5.98 5.46 4.72 3.81 3.45 3.47 3.57 3.67 3.91 4.46 4.87
5.41 5.34 5.26 5.20 5.10 5.01 4.91 4.81 4.73 4.67 4.64 4.54 4.45 4.42 4.40 4.37 4.32 4.30 4.29 4.21 4.12 4.04 3.98 3.92 3.86 3.79 3.69 3.57 3.45 3.32 3.22 3.17 3.00 2.67 2.42 2.39 2.50 2.70 2.97 3.29 3.79 4.66 5.51 5.29 4.54 4.68 5.24 5.71 5.75 5.45 5.42 5.51 5.45 5.17 4.98 5.21 5.29 5.14 5.16 5.16 5.32 5.68 5.73 5.62 5.91 5.95 5.64 5.34 4.52 4.12 4.57 5.04 5.60 5.82 5.55 4.99 4.14 3.62 3.63 3.87 3.97 4.15 4.45 4.53
5.51 5.43 5.30 5.20 5.21 5.19 4.94 4.75 4.69 4.65 4.63 4.56 4.47 4.44 4.42 4.38 4.34 4.32 4.29 4.24 4.15 4.06 4.02 3.99 3.94 3.84 3.74 3.65 3.55 3.44 3.32 3.22 3.07 2.79 2.52 2.45 2.59 2.67 2.74 3.04 3.50 4.23 4.92 4.83 4.54 4.80 5.32 5.74 5.61 5.12 5.14 5.27 5.34 5.48 5.26 5.26 5.50 5.53 5.50 5.02 4.87 5.64 6.03 5.79 5.77 5.75 5.25 4.95 4.51 4.24 4.46 4.69 5.17 5.47 5.38 5.03 4.35 3.71 3.57 3.98 4.26 4.27 4.36 4.31
5.63 5.52 5.35 5.18 5.30 5.48 5.09 4.66 4.59 4.61 4.59 4.52 4.47 4.45 4.44 4.41 4.35 4.33 4.30 4.25 4.18 4.10 4.06 4.04 4.00 3.90 3.79 3.71 3.63 3.54 3.43 3.32 3.17 2.95 2.65 2.49 2.63 2.72 2.70 2.90 3.29 3.78 4.14 4.13 4.37 5.07 5.56 5.57 5.29 4.92 4.94 5.14 5.25 5.40 5.28 5.31 5.65 5.80 5.77 5.07 4.66 5.59 6.26 6.02 5.70 5.43 4.91 4.58 4.38 4.28 4.43 4.58 4.83 5.06 5.09 4.90 4.44 3.96 3.84 4.21 4.55 4.45 4.28 4.16
5.77 5.56 5.33 5.21 5.39 5.72 5.38 4.73 4.46 4.52 4.56 4.49 4.45 4.44 4.46 4.45 4.37 4.33 4.32 4.27 4.21 4.16 4.10 4.08 4.07 3.97 3.84 3.76 3.71 3.63 3.53 3.43 3.30 3.11 2.83 2.60 2.66 2.78 2.77 2.85 3.14 3.44 3.50 3.51 4.04 5.11 5.56 5.24 4.91 4.63 4.71 5.17 5.43 5.42 5.32 5.48 5.91 6.02 5.68 5.04 4.80 5.56 6.40 6.46 5.82 5.09 4.58 4.25 4.17 4.24 4.38 4.54 4.64 4.72 4.82 4.77 4.54 4.34 4.37 4.62 4.80 4.73 4.40 4.09
5.98 5.60 5.18 5.23 5.59 5.85 5.66 5.07 4.45 4.37 4.48 4.48 4.44 4.42 4.46 4.48 4.43 4.34 4.33 4.29 4.23 4.21 4.13 4.09 4.12 4.05 3.91 3.82 3.78 3.70 3.62 3.52 3.41 3.25 3.03 2.79 2.72 2.81 2.82 2.84 3.02 3.25 3.23 3.18 3.85 4.97 5.25 4.88 4.57 4.19 4.17 4.86 5.33 5.29 5.37 5.76 6.25 6.17 5.48 4.92 4.92 5.52 6.54 6.91 5.92 4.79 4.30 4.03 3.97 4.09 4.24 4.39 4.43 4.44 4.49 4.50 4.42 4.43 4.66 4.95 5.03 4.91 4.61 4.18
6.26 5.63 4.95 5.13 5.69 5.87 5.82 5.57 4.78 4.30 4.32 4.44 4.44 4.41 4.43 4.47 4.47 4.37 4.33 4.33 4.26 4.24 4.19 4.12 4.13 4.09 3.98 3.90 3.85 3.78 3.70 3.61 3.50 3.37 3.21 3.02 2.86 2.81 2.80 2.78 2.96 3.23 3.16 3.05 3.70 4.60 4.72 4.47 4.46 4.11 3.95 4.69 5.08 4.98 5.27 6.04 6.38 6.04 5.42 5.01 5.01 5.50 6.78 7.25 5.82 4.52 4.10 3.90 3.91 4.03 4.14 4.24 4.24 4.23 4.26 4.20 4.10 4.17 4.58 5.07 5.26 5.15 4.82 4.29
6.64 5.70 4.74 5.03 5.64 5.68 5.70 5.89 5.34 4.48 4.21 4.37 4.44 4.42 4.42 4.45 4.47 4.39 4.34 4.36 4.28 4.23 4.22 4.18 4.14 4.09 4.03 3.97 3.91 3.85 3.77 3.69 3.60 3.49 3.37 3.23 3.05 2.90 2.80 2.71 2.90 3.31 3.21 2.96 3.41 4.17 4.13 3.89 4.35 4.39 4.29 4.73 5.15 5.19 5.58 6.32 6.14 5.62 5.35 5.22 5.18 5.60 7.15 7.47 5.63 4.30 3.95 3.83 3.94 4.07 4.12 4.16 4.15 4.16 4.22 4.12 3.89 3.85 4.21 4.81 5.22 5.46 5.26 4.56
6.89 6.03 4.80 4.92 5.64 5.52 5.42 5.94 5.81 4.85 4.26 4.29 4.39 4.41 4.43 4.45 4.44 4.40 4.37 4.37 4.32 4.25 4.23 4.22 4.16 4.10 4.07 4.02 3.97 3.91 3.84 3.77 3.68 3.60 3.50 3.39 3.24 3.07 2.88 2.70 2.85 3.35 3.31 2.91 3.03 3.63 3.61 3.32 3.89 4.30 4.35 4.63 5.06 5.56 6.25 6.48 5.65 5.12 5.22 5.39 5.41 5.90 7.46 7.51 5.50 4.18 3.81 3.82 4.07 4.16 4.12 4.13 4.16 4.23 4.29 4.18 3.92 3.85 4.06 4.33 4.74 5.38 5.64 5.18
6.70 6.42 5.35 4.77 5.46 5.50 5.19 5.78 6.13 5.40 4.51 4.24 4.30 4.35 4.41 4.45 4.43 4.41 4.40 4.39 4.36 4.28 4.24 4.23 4.18 4.13 4.10 4.07 4.02 3.97 3.90 3.84 3.77 3.69 3.61 3.51 3.40 3.25 3.06 2.83 2.86 3.28 3.34 2.93 2.72 3.02 3.10 2.92 3.39 3.88 4.11 4.57 4.95 5.60 6.76 6.52 5.15 4.75 5.08 5.48 5.68 6.36 7.66 7.36 5.43 4.18 3.77 3.82 4.28 4.45 4.28 4.19 4.21 4.28 4.31 4.24 4.03 4.08 4.28 4.11 4.25 4.98 5.52 5.52
6.26 6.51 6.07 5.02 5.11 5.33 4.97 5.30 6.09 6.01 5.06 4.37 4.25 4.26 4.31 4.41 4.41 4.39 4.38 4.39 4.40 4.35 4.28 4.23 4.19 4.16 4.14 4.11 4.07 4.02 3.97 3.91 3.84 3.78 3.70 3.62 3.52 3.40 3.25 3.06 3.00 3.17 3.24 2.96 2.66 2.59 2.59 2.65 3.03 3.36 3.67 4.56 5.00 5.59 6.96 6.37 4.78 4.57 4.98 5.44 5.86 6.70 7.72 7.29 5.46 4.13 3.72 3.69 4.18 4.56 4.47 4.34 4.32 4.31 4.30 4.24 4.14 4.30 4.50 4.19 4.09 4.61 5.12 5.31
6.08 6.34 6.43 5.74 5.23 5.22 4.88 4.72 5.50 6.20 5.69 4.77 4.38 4.23 4.16 4.32 4.40 4.36 4.35 4.34 4.39 4.40 4.33 4.26 4.20 4.17 4.17 4.14 4.11 4.06 4.02 3.97 3.91 3.85 3.79 3.71 3.63 3.53 3.42 3.29 3.20 3.15 3.13 2.98 2.75 2.52 2.38 2.43 2.65 2.76 3.13 4.39 4.94 5.65 6.95 5.95 4.51 4.55 4.96 5.40 5.97 6.73 7.59 7.38 5.64 4.03 3.48 3.45 3.79 4.23 4.35 4.46 4.51 4.42 4.38 4.25 4.27 4.51 4.57 4.36 4.19 4.40 4.76 4.97
6.21 6.21 6.31 6.17 5.80 5.55 5.14 4.58 4.85 5.83 5.89 5.27 4.89 4.47 4.10 4.16 4.33 4.34 4.33 4.30 4.34 4.39 4.37 4.32 4.22 4.18 4.19 4.17 4.14 4.11 4.07 4.03 3.97 3.92 3.87 3.80 3.72 3.64 3.55 3.45 3.36 3.25 3.15 3.03 2.87 2.67 2.42 2.28 2.31 2.21 2.58 4.05 4.82 5.67 6.79 5.51 4.24 4.56 5.07 5.50 6.07 6.65 7.29 7.39 6.03 4.27 3.43 3.36 3.64 3.97 4.21 4.49 4.58 4.49 4.46 4.29 4.39 4.68 4.63 4.51 4.45 4.51 4.66 4.76
6.37 6.23 6.12 6.09 6.03 5.92 5.65 5.00 4.72 5.32 5.50 5.33 5.42 5.13 4.42 4.08 4.15 4.25 4.29 4.29 4.32 4.34 4.36 4.34 4.24 4.20 4.21 4.19 4.17 4.15 4.11 4.07 4.03 3.98 3.93 3.88 3.81 3.73 3.65 3.56 3.48 3.37 3.26 3.12 2.99 2.83 2.57 2.31 2.13 1.86 2.06 3.46 4.69 5.66 6.43 5.20 4.02 4.45 5.18 5.59 5.99 6.49 7.03 7.24 6.37 4.73 3.68 3.45 3.70 4.07 4.23 4.42 4.57 4.51 4.44 4.30 4.43 4.69 4.64 4.57 4.63 4.78 4.86 4.82
6.42 6.28 6.10 6.04 5.96 5.93 5.92 5.55 5.12 5.08 4.94 4.83 5.34 5.71 5.15 4.35 4.05 4.09 4.18 4.25 4.28 4.33 4.36 4.32 4.25 4.22 4.23 4.22 4.20 4.18 4.15 4.11 4.08 4.04 4.00 3.94 3.88 3.82 3.74 3.66 3.58 3.49 3.38 3.26 3.13 2.97 2.76 2.48 2.16 1.81 1.76 2.87 4.48 5.48 5.93 4.97 4.04 4.53 5.26 5.51 5.69 6.13 6.73 7.06 6.50 5.13 4.00 3.56 3.73 4.15 4.27 4.30 4.48 4.50 4.37 4.32 4.49 4.58 4.52 4.49 4.55 4.83 5.04 4.99
6.38 6.30 6.15 6.09 6.02 5.93 5.94 5.87 5.58 5.17 4.71 4.35 4.76 5.64 5.76 5.09 4.38 4.07 4.04 4.11 4.19 4.30 4.37 4.31 4.25 4.25 4.26 4.24 4.22 4.20 4.18 4.15 4.12 4.08 4.05 4.00 3.95 3.89 3.82 3.75 3.67 3.59 3.48 3.38 3.26 3.11 2.93 2.70 2.38 1.99 1.80 2.49 4.03 5.10 5.33 4.71 4.32 4.85 5.25 5.30 5.38 5.62 6.17 6.67 6.41 5.43 4.21 3.45 3.60 4.13 4.24 4.20 4.35 4.40 4.23 4.28 4.57 4.53 4.42 4.44 4.44 4.69 4.96 4.96
6.33 6.30 6.20 6.11 6.09 6.08 6.04 6.04 5.84 5.38 4.81 4.23 4.30 5.02 5.66 5.76 5.16 4.47 4.11 3.97 4.05 4.21 4.30 4.28 4.26 4.28 4.28 4.26 4.24 4.22 4.20 4.18 4.15 4.13 4.09 4.05 4.00 3.95 3.89 3.83 3.76 3.67 3.58 3.48 3.37 3.24 3.10 2.91 2.65 2.28 1.97 2.33 3.52 4.55 4.66 4.35 4.65 5.15 5.18 5.05 5.04 5.16 5.57 6.09 6.06 5.49 4.42 3.56 3.64 4.13 4.19 4.21 4.30 4.27 4.11 4.18 4.50 4.53 4.44 4.48 4.50 4.65 4.85 4.84
6.37 6.30 6.20 6.10 6.05 6.14 6.21 6.22 5.99 5.58 5.03 4.35 4.14 4.39 4.93 5.69 5.79 5.24 4.57 4.07 3.98 4.07 4.17 4.21 4.24 4.32 4.33 4.29 4.24 4.22 4.22 4.20 4.18 4.16 4.13 4.10 4.06 4.01 3.96 3.90 3.83 3.75 3.67 3.58 3.48 3.37 3.25 3.10 2.88 2.59 2.20 2.30 3.24 3.95 3.93 4.13 4.93 5.27 5.07 4.87 4.75 4.81 5.11 5.45 5.61 5.35 4.49 3.91 3.93 4.09 4.12 4.24 4.33 4.14 4.03 4.17 4.36 4.44 4.43 4.48 4.59 4.71 4.88 4.89
6.59 6.37 6.18 6.09 5.96 6.03 6.21 6.31 6.12 5.79 5.35 4.65 4.16 4.07 4.28 5.01 5.73 5.78 5.25 4.59 4.17 4.01 4.04 4.10 4.17 4.33 4.40 4.32 4.24 4.23 4.24 4.22 4.20 4.19 4.16 4.13 4.10 4.06 4.01 3.96 3.90 3.83 3.75 3.67 3.58 3.49 3.38 3.26 3.08 2.86 2.51 2.43 3.08 3.50 3.29 3.89 5.07 5.32 4.94 4.71 4.51 4.52 4.77 4.97 5.16 4.89 4.05 3.84 4.01 4.05 4.09 4.27 4.39 4.06 3.89 4.10 4.28 4.37 4.40 4.51 4.73 4.83 4.98 5.11
6.93 6.57 6.20 6.11 6.01 5.94 6.05 6.23 6.14 5.90 5.66 5.07 4.26 3.98 4.03 4.37 5.12 5.68 5.73 5.30 4.68 4.21 4.04 4.00 4.05 4.28 4.46 4.36 4.25 4.25 4.24 4.23 4.22 4.21 4.19 4.17 4.14 4.11 4.06 4.02 3.96 3.90 3.83 3.76 3.68 3.60 3.51 3.40 3.26 3.08 2.85 2.67 2.98 3.28 2.90 3.34 4.93 5.39 4.94 4.58 4.16 4.06 4.43 4.84 4.92 4.32 3.66 3.61 3.80 3.91 4.06 4.30 4.42 4.03 3.74 3.90 4.16 4.29 4.38 4.60 4.85 4.92 5.02 5.21
7.08 6.82 6.46 6.26 6.16 6.05 5.96 6.12 6.15 5.87 5.78 5.49 4.46 3.87 3.99 4.14 4.47 5.02 5.61 5.78 5.31 4.68 4.34 4.10 3.96 4.17 4.43 4.37 4.30 4.30 4.24 4.22 4.24 4.23 4.21 4.19 4.17 4.14 4.11 4.06 4.02 3.96 3.91 3.84 3.77 3.70 3.62 3.52 3.42 3.28 3.14 2.96 3.02 3.19 2.83 2.95 4.37 5.27 5.10 4.58 3.73 3.37 4.09 4.97 5.02 4.31 3.69 3.49 3.54 3.67 3.87 4.25 4.41 3.98 3.61 3.64 3.91 4.09 4.19 4.53 4.83 4.90 5.01 5.22
6.69 6.93 7.03 6.66 6.38 6.20 5.94 6.08 6.32 6.08 5.86 5.66 4.80 3.95 3.88 4.11 4.22 4.39 4.95 5.62 5.65 5.22 4.91 4.53 4.11 4.13 4.33 4.33 4.34 4.35 4.26 4.23 4.24 4.25 4.23 4.21 4.20 4.17 4.14 4.11 4.07 4.02 3.97 3.92 3.86 3.79 3.72 3.64 3.56 3.46 3.36 3.24 3.18 3.19 2.98 3.01 3.78 4.74 5.08 4.61 3.41 2.91 3.87 4.88 5.02 4.56 3.94 3.49 3.41 3.51 3.63 4.05 4.31 3.91 3.58 3.46 3.58 3.77 3.91 4.31 4.77 4.94 5.09 5.38
5.53 6.67 7.72 7.48 7.09 6.48 5.78 5.96 6.57 6.57 6.12 5.57 5.05 4.43 3.90 3.94 4.22 4.23 4.39 5.02 5.35 5.37 5.44 5.15 4.60 4.34 4.32 4.32 4.33 4.33 4.27 4.23 4.25 4.25 4.24 4.23 4.21 4.20 4.17 4.14 4.11 4.07 4.03 3.98 3.93 3.88 3.81 3.75 3.68 3.61 3.54 3.46 3.38 3.31 3.23 3.24 3.55 4.05 4.57 4.41 3.20 2.64 3.42 4.37 4.73 4.57 4.16 3.68 3.46 3.45 3.48 3.85 4.09 3.75 3.45 3.34 3.30 3.41 3.65 4.03 4.53 4.91 5.27 5.47
3.95 5.62 7.50 8.07 8.29 7.53 5.98 6.06 7.06 7.18 6.43 5.55 5.13 4.80 4.24 3.94 4.21 4.32 4.24 4.50 4.76 4.97 5.38 5.50 5.17 4.85 4.71 4.60 4.40 4.28 4.22 4.18 4.22 4.24 4.24 4.24 4.23 4.22 4.20 4.17 4.15 4.12 4.08 4.04 4.00 3.95 3.90 3.85 3.79 3.73 3.67 3.62 3.56 3.50 3.46 3.45 3.53 3.66 3.98 4.00 3.10 2.64 3.20 3.82 4.14 4.19 4.10 3.88 3.65 3.50 3.46 3.72 3.90 3.51 3.14 3.09 3.04 3.01 3.18 3.60 4.09 4.70 5.53 5.56
3.28 4.18 5.92 7.08 8.12 8.22 6.81 6.29 7.57 8.02 6.96 6.02 5.64 5.22 4.79 4.47 4.46 4.56 4.34 4.24 4.40 4.60 4.93 5.24 5.19 5.21 5.49 5.29 4.70 4.36 4.17 4.09 4.14 4.19 4.21 4.23 4.23 4.23 4.21 4.20 4.18 4.15 4.13 4.10 4.06 4.02 3.98 3.94 3.89 3.84 3.79 3.74 3.70 3.66 3.63 3.61 3.61 3.60 3.68 3.67 3.20 2.87 3.16 3.47 3.49 3.49 3.65 3.72 3.63 3.53 3.51 3.74 3.83 3.33 2.95 2.92 2.78 2.64 2.68 3.21 3.94 4.66 5.53 5.88
4.23 4.48 5.20 5.94 6.91 7.48 6.46 5.65 7.06 8.16 7.23 6.29 6.17 5.91 5.47 5.15 5.05 5.08 4.74 4.30 4.30 4.46 4.68 4.85 4.54 4.83 5.97 6.09 5.26 4.67 4.34 4.11 4.04 4.08 4.13 4.20 4.23 4.23 4.22 4.21 4.20 4.18 4.16 4.14 4.12 4.09 4.05 4.02 3.97 3.93 3.89 3.85 3.81 3.78 3.75 3.73 3.71 3.68 3.64 3.56 3.34 3.15 3.22 3.27 3.11 3.03 3.19 3.28 3.25 3.20 3.33 3.79 3.80 3.14 2.87 2.90 2.74 2.50 2.43 2.91 3.84 4.68 5.22 6.25
5.53 5.44 5.58 5.94 6.44 6.67 5.92 5.32 6.50 7.62 6.61 5.75 5.77 5.72 5.56 5.30 5.29 5.49 5.31 4.80 4.52 4.53 4.66 4.65 3.99 4.08 5.70 6.58 6.03 5.25 4.78 4.39 4.12 3.99 4.00 4.12 4.19 4.21 4.22 4.22 4.21 4.21 4.19 4.18 4.16 4.14 4.11 4.08 4.05 4.01 3.98 3.94 3.91 3.87 3.84 3.81 3.78 3.75 3.69 3.60 3.48 3.37 3.32 3.24 3.07 2.99 2.98 2.96 2.85 2.69 2.86 3.53 3.64 2.94 2.72 2.85 2.82 2.55 2.38 2.78 3.57 4.44 5.15 6.82
6.56 6.37 6.18 6.11 6.23 6.38 6.03 5.73 6.47 6.95 6.02 5.51 5.42 5.22 5.17 5.02 5.01 5.28 5.40 5.20 5.00 4.89 4.81 4.59 3.89 3.62 4.89 6.35 6.53 5.94 5.33 4.91 4.54 4.10 3.92 4.03 4.10 4.15 4.19 4.22 4.23 4.23 4.22 4.21 4.20 4.18 4.17 4.14 4.11 4.08 4.05 4.02 3.98 3.95 3.91 3.88 3.84 3.80 3.74 3.67 3.59 3.50 3.43 3.34 3.19 3.08 2.95 2.84 2.68 2.51 2.54 2.99 3.22 2.64 2.47 2.63 2.77 2.57 2.34 2.71 3.39 4.21 5.48 7.26
7.54 7.24 6.65 6.25 6.29 6.40 6.22 6.13 6.31 6.16 5.76 5.57 5.34 5.08 4.98 4.85 4.80 4.92 5.02 4.99 5.08 5.17 5.06 4.74 4.05 3.62 4.37 5.65 6.39 6.37 5.83 5.40 5.16 4.60 4.07 3.98 4.03 4.07 4.14 4.20 4.23 4.23 4.24 4.24 4.24 4.23 4.21 4.19 4.17 4.15 4.11 4.08 4.05 4.01 3.98 3.94 3.90 3.85 3.80 3.74 3.66 3.59 3.52 3.44 3.32 3.19 3.04 2.88 2.74 2.66 2.56 2.62 2.62 2.25 2.19 2.38 2.55 2.46 2.23 2.56 3.37 4.42 5.97 7.07
