windninja/windninja_output/Output_2025-10-23_0900-0950_Google earth_Fire_150m_10min/merlingen_7.5mi_point_10-23-2025_0930_150m_vel.asc
ncols	158
nrows	163
xllcorner	391686.332397
yllcorner	5160024.123721
cellsize	150.000000
NODATA_value	-32768.000000
[rows 0 to 36 of 163, columns 0 to 83 of 158]
1.36 1.34 1.34 1.40 1.51 1.58 1.61 1.71 1.86 1.96 2.04 2.14 2.25 2.28 2.16 1.92 1.62 1.48 1.59 1.76 1.98 2.35 2.72 2.86 2.80 2.67 2.57 2.60 2.77 2.86 2.83 2.74 2.63 2.56 2.61 2.66 2.53 2.37 2.34 2.39 2.47 2.58 2.59 2.58 2.68 2.76 2.79 2.91 3.27 3.66 3.88 4.01 4.11 4.10 3.94 3.70 3.48 3.38 3.43 3.53 3.52 3.42 3.34 3.32 3.32 3.26 3.28 3.38 3.52 3.58 3.53 3.39 3.24 3.18 3.27 3.31 3.19 3.12 3.20 3.25 3.16 2.95 2.96 3.05
1.41 1.39 1.35 1.37 1.46 1.54 1.59 1.61 1.66 1.74 1.86 2.05 2.26 2.42 2.44 2.30 2.09 1.98 2.05 2.16 2.23 2.41 2.67 2.85 2.87 2.77 2.69 2.69 2.72 2.70 2.68 2.67 2.67 2.66 2.68 2.72 2.70 2.69 2.74 2.73 2.76 2.82 2.87 2.99 3.12 3.20 3.30 3.39 3.51 3.59 3.62 3.68 3.67 3.57 3.46 3.41 3.41 3.47 3.53 3.51 3.41 3.36 3.37 3.39 3.34 3.29 3.32 3.42 3.54 3.57 3.46 3.32 3.26 3.30 3.37 3.29 3.10 3.18 3.37 3.29 3.03 2.87 2.98 3.01
1.46 1.48 1.44 1.40 1.44 1.49 1.57 1.60 1.60 1.66 1.83 2.05 2.26 2.47 2.67 2.75 2.72 2.68 2.65 2.60 2.55 2.50 2.54 2.69 2.86 2.91 2.85 2.74 2.63 2.56 2.54 2.57 2.63 2.73 2.82 2.89 3.01 3.12 3.14 3.14 3.16 3.20 3.29 3.48 3.62 3.73 3.86 3.92 3.81 3.61 3.52 3.47 3.29 3.15 3.16 3.31 3.47 3.57 3.58 3.50 3.44 3.44 3.46 3.45 3.37 3.32 3.36 3.47 3.60 3.53 3.30 3.21 3.31 3.42 3.40 3.20 3.09 3.37 3.51 3.20 2.80 2.81 3.00 2.90
1.41 1.53 1.57 1.52 1.53 1.53 1.62 1.78 1.89 1.98 2.07 2.16 2.25 2.38 2.57 2.78 2.84 2.84 2.81 2.73 2.61 2.53 2.50 2.59 2.84 3.06 3.12 3.03 2.95 2.89 2.83 2.75 2.71 2.80 2.95 3.03 3.06 3.06 3.10 3.24 3.40 3.52 3.65 3.79 3.88 3.96 4.00 3.94 3.86 3.84 3.77 3.58 3.41 3.37 3.40 3.43 3.45 3.45 3.43 3.44 3.47 3.46 3.41 3.35 3.28 3.29 3.35 3.47 3.58 3.40 3.16 3.17 3.29 3.28 3.17 3.09 3.18 3.40 3.36 2.99 2.68 2.82 3.01 2.88
1.29 1.46 1.63 1.63 1.64 1.62 1.65 1.75 1.87 1.96 2.02 2.08 2.19 2.35 2.49 2.65 2.73 2.68 2.64 2.64 2.57 2.48 2.46 2.56 2.79 3.06 3.31 3.43 3.44 3.42 3.38 3.32 3.24 3.19 3.14 3.09 3.06 3.13 3.32 3.52 3.67 3.81 3.97 4.05 4.04 3.99 3.88 3.76 3.74 3.71 3.54 3.37 3.32 3.33 3.31 3.29 3.30 3.31 3.33 3.36 3.35 3.29 3.25 3.24 3.24 3.27 3.29 3.41 3.48 3.23 3.02 3.08 3.17 3.13 3.03 3.00 3.10 3.22 3.17 2.85 2.57 2.71 3.00 3.03
1.21 1.30 1.50 1.64 1.69 1.66 1.63 1.63 1.66 1.72 1.81 1.90 2.02 2.19 2.34 2.45 2.57 2.55 2.44 2.42 2.42 2.34 2.28 2.38 2.55 2.76 3.00 3.22 3.40 3.51 3.58 3.65 3.70 3.65 3.50 3.38 3.44 3.60 3.76 3.84 3.87 3.91 3.92 3.85 3.74 3.62 3.51 3.46 3.40 3.30 3.18 3.13 3.10 3.08 3.09 3.16 3.24 3.30 3.33 3.31 3.27 3.22 3.20 3.22 3.23 3.21 3.22 3.37 3.42 3.13 2.94 3.03 3.19 3.16 3.01 3.02 3.13 3.21 3.01 2.59 2.45 2.72 3.07 3.18
1.28 1.26 1.28 1.44 1.60 1.65 1.64 1.60 1.58 1.61 1.70 1.80 1.90 2.02 2.19 2.30 2.45 2.59 2.59 2.55 2.52 2.40 2.24 2.19 2.26 2.38 2.53 2.76 3.03 3.23 3.38 3.52 3.63 3.70 3.74 3.80 3.89 3.93 3.88 3.80 3.74 3.65 3.50 3.32 3.21 3.17 3.15 3.14 3.10 3.02 2.98 3.00 3.03 3.01 3.03 3.10 3.19 3.25 3.29 3.33 3.38 3.37 3.30 3.24 3.20 3.16 3.20 3.37 3.38 3.13 3.06 3.27 3.41 3.23 3.09 3.16 3.26 3.23 2.77 2.38 2.65 3.07 3.21 3.23
1.39 1.36 1.28 1.25 1.36 1.48 1.55 1.56 1.52 1.53 1.60 1.71 1.84 1.99 2.16 2.27 2.37 2.58 2.71 2.72 2.72 2.65 2.45 2.21 2.11 2.17 2.35 2.55 2.71 2.86 3.02 3.16 3.23 3.31 3.46 3.62 3.66 3.58 3.46 3.35 3.26 3.14 3.02 2.92 2.87 2.87 2.87 2.87 2.85 2.79 2.77 2.87 2.96 2.96 3.01 3.13 3.21 3.27 3.36 3.48 3.52 3.42 3.30 3.24 3.19 3.14 3.21 3.36 3.33 3.15 3.20 3.44 3.41 3.16 3.05 3.06 3.12 2.96 2.41 2.33 3.01 3.35 3.29 3.29
1.42 1.44 1.40 1.29 1.26 1.32 1.41 1.48 1.48 1.49 1.51 1.58 1.69 1.89 2.15 2.33 2.38 2.50 2.66 2.74 2.75 2.75 2.66 2.48 2.30 2.28 2.40 2.50 2.53 2.61 2.73 2.82 2.89 2.98 3.05 3.05 2.98 2.91 2.85 2.78 2.69 2.64 2.63 2.66 2.71 2.72 2.68 2.66 2.65 2.63 2.69 2.77 2.74 2.77 3.00 3.20 3.30 3.39 3.45 3.38 3.18 2.98 2.94 2.96 2.96 3.07 3.27 3.41 3.31 3.11 3.11 3.18 3.03 2.87 2.83 2.84 2.90 2.62 2.20 2.46 3.23 3.53 3.48 3.53
1.45 1.47 1.49 1.41 1.34 1.35 1.40 1.43 1.45 1.46 1.47 1.48 1.52 1.66 1.94 2.25 2.38 2.44 2.58 2.77 2.85 2.86 2.84 2.77 2.64 2.50 2.45 2.48 2.52 2.58 2.66 2.68 2.70 2.77 2.79 2.72 2.62 2.55 2.50 2.45 2.44 2.48 2.52 2.54 2.53 2.50 2.49 2.50 2.49 2.47 2.51 2.56 2.55 2.72 2.98 3.12 3.15 3.12 2.98 2.70 2.49 2.48 2.44 2.39 2.62 3.01 3.27 3.32 3.06 2.81 2.83 2.89 2.82 2.72 2.65 2.62 2.64 2.47 2.43 3.01 3.62 3.84 3.72 3.70
1.49 1.51 1.53 1.48 1.42 1.42 1.45 1.46 1.45 1.45 1.46 1.44 1.43 1.49 1.70 2.03 2.26 2.37 2.44 2.62 2.85 2.98 3.00 2.94 2.85 2.74 2.61 2.54 2.56 2.57 2.54 2.49 2.45 2.46 2.48 2.48 2.44 2.39 2.39 2.44 2.49 2.50 2.47 2.40 2.32 2.28 2.27 2.25 2.16 2.08 2.14 2.23 2.33 2.53 2.63 2.62 2.45 2.28 2.09 1.94 1.97 2.04 1.93 2.05 2.56 2.93 3.04 2.90 2.47 2.37 2.66 2.89 2.86 2.70 2.51 2.39 2.50 2.69 3.01 3.67 4.01 4.02 3.85 3.80
1.55 1.56 1.56 1.52 1.47 1.45 1.46 1.48 1.48 1.47 1.47 1.45 1.43 1.44 1.58 1.84 2.09 2.28 2.34 2.38 2.54 2.75 2.90 2.94 2.88 2.77 2.59 2.44 2.37 2.32 2.26 2.22 2.22 2.22 2.21 2.21 2.24 2.28 2.34 2.39 2.39 2.38 2.35 2.28 2.23 2.15 1.98 1.79 1.63 1.55 1.62 1.66 1.67 1.81 1.86 1.85 1.74 1.61 1.47 1.40 1.52 1.60 1.63 2.01 2.52 2.66 2.65 2.36 2.01 2.35 2.86 2.97 2.89 2.74 2.65 2.79 3.15 3.51 3.87 4.15 4.14 4.10 4.09 4.30
1.62 1.61 1.59 1.55 1.51 1.48 1.47 1.46 1.47 1.46 1.47 1.47 1.46 1.44 1.50 1.66 1.84 2.05 2.24 2.29 2.32 2.43 2.59 2.70 2.66 2.51 2.36 2.25 2.17 2.12 2.12 2.16 2.17 2.15 2.11 2.07 2.09 2.16 2.22 2.23 2.24 2.27 2.25 2.18 2.08 1.92 1.67 1.35 1.14 1.16 1.21 1.15 1.14 1.28 1.42 1.45 1.40 1.25 1.06 1.07 1.34 1.51 1.70 2.06 2.32 2.37 2.31 2.15 2.22 2.71 2.93 2.90 2.98 3.05 3.30 3.70 3.98 4.25 4.40 4.30 4.20 4.28 4.45 4.83
1.69 1.67 1.62 1.57 1.53 1.52 1.50 1.49 1.48 1.47 1.47 1.47 1.47 1.50 1.55 1.62 1.65 1.70 1.93 2.13 2.20 2.26 2.32 2.37 2.38 2.35 2.31 2.26 2.22 2.18 2.11 2.07 2.06 2.05 2.05 2.10 2.14 2.14 2.11 2.09 2.04 1.91 1.69 1.52 1.40 1.29 1.22 1.19 1.15 1.12 1.06 1.01 0.99 1.10 1.31 1.35 1.25 1.05 0.87 1.07 1.50 1.77 2.06 2.28 2.25 2.22 2.20 2.37 2.67 2.81 2.79 2.93 3.29 3.51 3.62 3.68 3.87 4.10 3.97 3.82 4.08 4.42 4.60 4.73
1.76 1.73 1.67 1.60 1.55 1.53 1.52 1.52 1.52 1.51 1.50 1.49 1.48 1.55 1.72 1.86 1.82 1.64 1.65 1.86 2.01 2.06 2.15 2.25 2.31 2.33 2.34 2.35 2.29 2.22 2.15 2.06 2.01 2.01 2.07 2.16 2.17 2.06 1.88 1.66 1.44 1.18 0.96 0.83 0.81 0.82 0.90 1.14 1.36 1.37 1.27 1.22 1.19 1.31 1.52 1.51 1.37 1.16 1.11 1.49 2.04 2.36 2.66 2.61 2.35 2.38 2.53 2.80 2.97 2.78 2.80 3.27 3.64 3.53 3.23 3.25 3.53 3.49 3.21 3.44 4.05 4.31 4.26 4.12
1.83 1.80 1.73 1.66 1.59 1.56 1.53 1.52 1.54 1.53 1.52 1.52 1.49 1.50 1.70 2.02 2.13 1.99 1.82 1.82 1.94 2.04 2.16 2.31 2.40 2.38 2.34 2.37 2.36 2.31 2.32 2.34 2.29 2.21 2.07 1.86 1.67 1.54 1.37 1.17 0.98 0.91 0.96 1.07 1.13 1.17 1.22 1.22 1.27 1.48 1.73 1.81 1.91 2.16 2.26 2.16 1.92 1.69 1.69 2.07 2.60 2.95 3.01 2.68 2.53 2.85 3.04 3.17 3.29 3.00 2.95 3.38 3.49 3.10 2.94 3.17 3.18 2.94 3.11 3.90 4.20 3.85 3.63 3.42
1.90 1.86 1.79 1.71 1.64 1.60 1.57 1.55 1.56 1.56 1.54 1.54 1.52 1.45 1.51 1.86 2.15 2.20 2.11 2.02 2.04 2.13 2.22 2.34 2.46 2.48 2.40 2.38 2.45 2.48 2.43 2.36 2.24 2.01 1.71 1.41 1.25 1.21 1.21 1.23 1.27 1.37 1.57 1.65 1.61 1.60 1.63 1.57 1.51 1.75 2.09 2.29 2.46 2.53 2.44 2.28 2.18 2.14 2.22 2.65 3.04 3.16 2.97 2.60 2.67 3.07 3.27 3.43 3.51 3.25 3.09 3.15 3.19 3.06 3.10 3.07 2.84 3.05 3.80 4.25 3.77 3.15 3.03 2.78
1.96 1.93 1.85 1.77 1.70 1.64 1.61 1.59 1.60 1.60 1.59 1.57 1.55 1.48 1.44 1.62 1.93 2.10 2.15 2.15 2.13 2.12 2.14 2.23 2.35 2.41 2.36 2.28 2.28 2.33 2.28 2.15 2.02 1.91 1.79 1.68 1.61 1.60 1.65 1.70 1.76 1.78 1.75 1.69 1.69 1.69 1.73 1.87 2.08 2.23 2.29 2.33 2.37 2.29 2.16 2.15 2.30 2.49 2.70 2.97 3.18 3.17 2.89 2.67 2.87 3.23 3.51 3.59 3.37 3.18 3.23 3.20 3.32 3.35 3.09 2.92 3.00 3.48 3.91 3.53 2.81 2.63 2.49 2.23
2.03 1.99 1.91 1.82 1.75 1.69 1.66 1.64 1.63 1.64 1.66 1.64 1.61 1.57 1.52 1.58 1.79 1.95 2.03 2.08 2.09 2.09 2.10 2.13 2.19 2.26 2.28 2.22 2.11 2.07 2.07 2.06 2.06 2.09 2.11 2.07 1.96 1.84 1.78 1.78 1.76 1.73 1.69 1.66 1.68 1.72 1.83 2.02 2.18 2.23 2.19 2.13 2.08 2.09 2.17 2.34 2.53 2.65 2.80 2.99 3.12 3.03 2.80 2.81 3.08 3.38 3.58 3.39 3.12 3.34 3.59 3.51 3.53 3.36 2.89 2.78 2.85 2.96 3.01 2.61 2.41 2.46 2.19 1.99
2.10 2.05 1.96 1.87 1.80 1.75 1.71 1.69 1.67 1.66 1.70 1.73 1.71 1.68 1.67 1.70 1.81 1.92 2.00 2.08 2.13 2.15 2.16 2.19 2.24 2.30 2.32 2.27 2.17 2.11 2.12 2.16 2.16 2.10 2.05 2.01 1.95 1.87 1.84 1.89 1.92 1.92 1.91 1.86 1.85 1.94 2.08 2.09 2.01 1.98 1.99 1.98 2.01 2.14 2.40 2.59 2.64 2.66 2.75 2.83 2.81 2.69 2.65 2.81 3.06 3.31 3.39 3.30 3.52 3.99 3.96 3.56 3.38 3.21 2.94 2.69 2.37 2.30 2.46 2.48 2.51 2.55 2.33 2.16
2.18 2.13 2.02 1.92 1.85 1.80 1.78 1.76 1.72 1.69 1.73 1.78 1.79 1.78 1.81 1.85 1.92 2.00 2.10 2.19 2.23 2.25 2.28 2.32 2.36 2.39 2.39 2.36 2.31 2.29 2.27 2.30 2.35 2.33 2.31 2.33 2.30 2.27 2.26 2.25 2.20 2.11 2.01 1.97 2.02 2.09 2.07 1.99 1.95 1.98 2.01 2.06 2.15 2.29 2.41 2.44 2.49 2.60 2.67 2.62 2.50 2.57 2.78 2.92 3.13 3.41 3.54 3.78 4.22 4.27 3.68 3.11 2.95 2.99 2.91 2.57 2.29 2.31 2.51 2.69 2.84 2.81 2.57 2.34
2.25 2.20 2.08 1.97 1.90 1.84 1.83 1.82 1.80 1.77 1.78 1.84 1.86 1.86 1.91 1.98 2.05 2.13 2.21 2.27 2.29 2.32 2.36 2.38 2.40 2.45 2.49 2.46 2.40 2.37 2.36 2.39 2.51 2.62 2.66 2.70 2.71 2.60 2.45 2.34 2.25 2.16 2.10 2.07 2.05 1.98 1.92 1.98 2.07 2.11 2.15 2.23 2.29 2.30 2.27 2.26 2.36 2.50 2.52 2.44 2.40 2.67 3.01 3.10 3.38 3.78 4.03 4.34 4.38 3.74 2.93 2.57 2.63 2.86 2.78 2.50 2.43 2.52 2.68 2.94 3.06 2.79 2.57 2.47
2.32 2.26 2.14 2.04 1.96 1.89 1.86 1.87 1.87 1.85 1.84 1.90 1.96 1.96 1.99 2.05 2.12 2.21 2.29 2.35 2.38 2.40 2.45 2.47 2.49 2.54 2.58 2.57 2.52 2.47 2.43 2.46 2.58 2.66 2.61 2.51 2.49 2.46 2.31 2.18 2.15 2.18 2.18 2.11 2.02 2.03 2.15 2.21 2.19 2.17 2.22 2.25 2.23 2.23 2.30 2.36 2.45 2.51 2.39 2.30 2.41 2.80 3.19 3.44 4.00 4.45 4.55 4.44 3.85 2.96 2.43 2.32 2.59 2.98 2.96 2.67 2.49 2.58 2.85 3.06 3.00 2.68 2.68 2.62
2.39 2.32 2.20 2.11 2.02 1.94 1.90 1.91 1.94 1.94 1.91 1.93 2.03 2.09 2.10 2.13 2.19 2.27 2.37 2.43 2.47 2.50 2.54 2.56 2.56 2.62 2.66 2.65 2.58 2.48 2.39 2.34 2.38 2.46 2.44 2.34 2.22 2.18 2.17 2.13 2.14 2.18 2.18 2.14 2.19 2.33 2.34 2.24 2.15 2.14 2.18 2.19 2.21 2.34 2.43 2.44 2.48 2.47 2.32 2.31 2.49 2.90 3.46 4.18 4.72 4.66 4.27 3.70 2.85 2.26 2.08 2.21 2.79 3.33 3.20 2.66 2.36 2.59 2.85 2.87 2.80 2.71 2.76 2.69
2.45 2.38 2.26 2.17 2.07 1.99 1.94 1.96 2.00 2.01 1.99 1.98 2.05 2.16 2.20 2.23 2.27 2.33 2.41 2.47 2.51 2.56 2.60 2.62 2.65 2.73 2.78 2.76 2.65 2.46 2.30 2.19 2.17 2.30 2.40 2.40 2.33 2.19 2.10 2.10 2.12 2.15 2.24 2.37 2.52 2.48 2.29 2.16 2.11 2.09 2.11 2.17 2.32 2.46 2.50 2.51 2.51 2.39 2.23 2.24 2.49 3.15 4.12 4.80 4.62 3.86 3.15 2.42 1.87 1.71 1.84 2.43 3.41 3.64 2.93 2.20 2.12 2.51 2.69 2.63 2.75 2.86 2.82 2.74
2.53 2.45 2.32 2.22 2.13 2.03 1.98 2.02 2.07 2.07 2.07 2.07 2.10 2.18 2.26 2.32 2.37 2.42 2.48 2.51 2.53 2.58 2.64 2.67 2.72 2.83 2.95 3.00 2.93 2.64 2.31 2.15 2.10 2.20 2.39 2.51 2.53 2.39 2.17 2.09 2.10 2.17 2.32 2.46 2.46 2.32 2.19 2.12 2.09 2.12 2.16 2.19 2.26 2.34 2.47 2.57 2.49 2.23 2.03 2.11 2.73 4.03 5.00 4.87 4.03 3.21 2.46 1.78 1.48 1.62 2.22 3.33 3.94 3.41 2.52 1.96 2.10 2.53 2.65 2.71 3.00 3.10 2.91 2.88
2.59 2.52 2.38 2.27 2.17 2.07 2.03 2.09 2.14 2.14 2.15 2.17 2.19 2.22 2.29 2.37 2.43 2.49 2.54 2.56 2.59 2.64 2.70 2.75 2.79 2.88 3.10 3.30 3.28 2.99 2.58 2.24 2.02 1.93 2.08 2.34 2.55 2.57 2.37 2.21 2.19 2.24 2.33 2.38 2.32 2.30 2.34 2.29 2.27 2.34 2.34 2.27 2.28 2.43 2.71 2.70 2.35 2.05 2.09 2.53 3.67 4.99 5.08 4.12 3.19 2.57 2.00 1.55 1.50 2.10 3.28 4.09 3.83 3.02 2.29 1.95 2.17 2.71 2.86 2.98 3.18 3.13 2.93 3.09
2.63 2.57 2.45 2.32 2.21 2.12 2.10 2.16 2.18 2.18 2.22 2.27 2.30 2.31 2.34 2.43 2.48 2.53 2.60 2.64 2.68 2.71 2.74 2.77 2.83 2.90 3.11 3.47 3.61 3.45 3.12 2.65 2.20 1.92 1.81 1.93 2.25 2.54 2.51 2.31 2.24 2.30 2.37 2.41 2.48 2.59 2.68 2.67 2.58 2.53 2.53 2.60 2.71 2.89 3.00 2.69 2.32 2.31 2.80 3.57 4.57 5.07 4.27 3.06 2.34 1.91 1.54 1.41 1.81 2.86 4.00 4.10 3.41 2.70 2.07 1.86 2.22 2.97 3.19 3.10 3.09 2.99 2.98 3.27
2.66 2.63 2.50 2.37 2.26 2.17 2.17 2.22 2.22 2.23 2.30 2.36 2.40 2.41 2.42 2.47 2.54 2.59 2.65 2.71 2.74 2.75 2.74 2.74 2.78 2.86 3.10 3.51 3.85 3.94 3.81 3.38 2.76 2.31 2.01 1.92 2.19 2.54 2.71 2.65 2.61 2.69 2.69 2.69 2.75 2.82 2.85 2.87 2.87 2.87 2.92 3.04 3.15 3.22 3.06 2.67 2.58 2.85 3.42 4.20 4.80 4.57 3.55 2.56 2.04 1.71 1.44 1.57 2.45 3.64 4.29 3.93 3.14 2.41 1.81 1.73 2.18 3.00 3.16 3.00 2.99 2.93 3.01 3.29
2.70 2.67 2.54 2.41 2.32 2.24 2.23 2.26 2.27 2.29 2.36 2.44 2.49 2.52 2.53 2.55 2.61 2.65 2.68 2.71 2.74 2.77 2.76 2.76 2.75 2.75 2.91 3.27 3.68 4.02 4.25 4.20 3.62 2.96 2.58 2.50 2.65 2.88 3.01 3.07 3.16 3.22 3.22 3.16 3.05 3.00 3.02 3.14 3.38 3.57 3.58 3.52 3.46 3.32 3.07 2.82 2.79 2.99 3.53 4.27 4.47 3.70 2.73 2.09 1.74 1.58 1.56 1.97 3.12 4.14 4.28 3.51 2.62 2.05 1.76 1.92 2.39 2.82 3.04 3.07 2.99 2.82 2.85 3.02
2.79 2.71 2.53 2.43 2.40 2.34 2.28 2.29 2.33 2.36 2.42 2.52 2.57 2.62 2.65 2.64 2.66 2.69 2.72 2.74 2.77 2.81 2.81 2.79 2.75 2.66 2.66 2.88 3.18 3.41 3.76 4.14 4.05 3.58 3.17 3.02 3.08 3.15 3.24 3.33 3.40 3.41 3.37 3.30 3.22 3.14 3.18 3.35 3.48 3.48 3.48 3.45 3.28 3.08 2.89 2.66 2.54 2.79 3.47 4.07 3.78 2.72 1.90 1.52 1.50 1.64 1.77 2.23 3.39 4.22 3.79 2.65 2.03 1.97 2.09 2.39 2.52 2.65 3.08 3.35 3.09 2.70 2.64 2.81
2.89 2.75 2.51 2.44 2.49 2.43 2.30 2.32 2.40 2.44 2.51 2.60 2.66 2.70 2.74 2.73 2.71 2.72 2.74 2.78 2.83 2.84 2.81 2.77 2.70 2.64 2.65 2.79 2.98 3.16 3.43 3.74 3.86 3.70 3.31 3.02 3.03 3.14 3.25 3.30 3.21 3.03 2.90 2.86 2.89 2.94 2.99 2.99 2.77 2.50 2.50 2.55 2.50 2.49 2.40 2.30 2.36 2.73 3.37 3.81 3.27 2.16 1.46 1.33 1.69 1.98 2.07 2.45 3.54 4.05 3.13 2.26 2.31 2.53 2.52 2.52 2.46 2.63 3.20 3.55 3.20 2.65 2.56 2.77
2.93 2.77 2.49 2.47 2.59 2.48 2.32 2.37 2.46 2.52 2.58 2.68 2.75 2.79 2.83 2.82 2.81 2.81 2.78 2.77 2.81 2.80 2.76 2.78 2.74 2.64 2.63 2.74 2.95 3.32 3.72 3.86 3.83 3.73 3.23 2.76 2.81 2.95 2.93 2.84 2.75 2.62 2.54 2.51 2.51 2.53 2.53 2.39 2.12 1.98 1.97 1.98 2.04 2.11 2.09 2.21 2.52 2.87 3.29 3.50 2.79 1.81 1.41 1.52 2.11 2.40 2.46 2.84 3.64 3.85 3.03 2.78 3.17 3.06 2.70 2.56 2.57 2.79 3.25 3.57 3.04 2.40 2.46 2.71
2.90 2.78 2.53 2.54 2.64 2.49 2.37 2.41 2.53 2.60 2.63 2.74 2.81 2.87 2.92 2.90 2.89 2.90 2.87 2.82 2.81 2.78 2.70 2.73 2.78 2.65 2.56 2.57 2.68 3.03 3.49 3.81 3.85 3.87 3.46 2.74 2.66 2.80 2.78 2.65 2.60 2.55 2.45 2.35 2.24 2.18 2.11 1.95 1.81 1.80 1.80 1.78 1.80 1.77 1.82 2.09 2.49 2.84 3.08 3.12 2.63 1.91 1.69 1.88 2.45 2.70 2.73 3.00 3.55 3.91 3.64 3.57 3.53 3.03 2.69 2.67 2.77 3.00 3.35 3.36 2.73 2.25 2.48 2.80
2.85 2.75 2.59 2.66 2.66 2.48 2.40 2.46 2.63 2.69 2.70 2.79 2.87 2.92 2.96 2.96 2.95 2.95 2.92 2.88 2.85 2.81 2.70 2.63 2.66 2.63 2.57 2.48 2.41 2.50 2.88 3.35 3.62 3.82 3.80 3.28 2.83 2.75 2.78 2.71 2.61 2.46 2.23 2.04 1.90 1.78 1.69 1.62 1.62 1.65 1.64 1.63 1.61 1.56 1.64 1.94 2.30 2.53 2.68 2.83 2.66 2.17 2.00 2.16 2.56 2.78 2.88 3.12 3.79 4.40 4.06 3.59 3.19 2.71 2.55 2.60 2.74 2.99 3.11 2.87 2.51 2.39 2.62 2.94
2.80 2.74 2.67 2.74 2.67 2.48 2.43 2.52 2.71 2.78 2.80 2.85 2.91 2.96 2.99 3.00 2.99 2.99 2.96 2.91 2.88 2.83 2.73 2.63 2.56 2.53 2.50 2.42 2.35 2.34 2.56 2.94 3.33 3.61 3.81 3.67 3.19 2.80 2.66 2.53 2.40 2.25 2.04 1.91 1.83 1.74 1.66 1.67 1.73 1.74 1.70 1.71 1.72 1.74 1.91 2.15 2.29 2.31 2.38 2.62 2.58 2.18 2.07 2.24 2.55 2.85 3.16 3.60 4.43 4.57 3.59 2.94 2.65 2.35 2.39 2.51 2.52 2.54 2.45 2.39 2.46 2.42 2.55 2.83
2.79 2.78 2.74 2.75 2.64 2.49 2.50 2.58 2.74 2.86 2.90 2.92 2.95 3.00 3.02 3.03 3.02 3.02 2.99 2.93 2.88 2.83 2.76 2.67 2.55 2.46 2.39 2.34 2.36 2.45 2.58 2.74 2.99 3.23 3.40 3.46 3.31 2.95 2.61 2.34 2.16 2.10 2.04 1.98 1.95 1.96 1.93 1.90 1.87 1.81 1.84 1.94 2.02 2.14 2.34 2.43 2.40 2.35 2.37 2.56 2.67 2.34 2.15 2.31 2.54 2.94 3.53 4.20 4.57 3.82 2.63 2.31 2.33 2.40 2.56 2.48 2.28 2.12 2.19 2.44 2.43 2.25 2.33 2.62
