windninja/windninja_output/Output_2025-10-23_0900-0950_Google earth_Fire_150m_10min/merlingen_7.5mi_point_10-23-2025_0940_150m_ang.asc
ncols	158
nrows	163
xllcorner	391686.332397
yllcorner	5160024.123721
cellsize	150.000000
NODATA_value	-32768.000000
[rows 0 to 41 of 163, columns 0 to 93 of 158]
334 332 328 329 329 331 333 333 331 333 334 334 332 325 318 316 315 316 318 323 329 332 331 330 330 330 329 327 325 326 326 324 322 320 318 318 320 317 314 314 313 312 313 311 312 313 314 315 316 318 320 321 321 321 321 318 314 310 309 310 310 308 305 303 302 300 298 299 301 304 304 302 298 294 293 293 293 290 290 291 290 286 281 281 281 279 274 270 268 266 262 262 261 258
341 337 332 331 331 332 335 333 330 331 333 337 339 336 331 327 326 326 326 327 331 334 333 332 331 331 331 329 327 326 326 325 324 323 321 320 321 321 320 320 318 317 317 316 317 318 318 318 319 319 318 318 318 317 317 316 314 312 310 310 310 309 307 306 305 303 300 299 300 303 304 302 300 297 296 295 293 291 292 293 291 286 283 282 281 280 279 274 271 269 267 266 265 262
348 343 338 336 333 334 337 335 331 331 334 341 345 343 339 335 333 333 331 331 334 335 335 334 333 333 333 332 329 328 326 325 324 324 323 323 324 324 324 325 324 322 322 321 321 322 322 322 323 321 318 317 316 314 315 315 315 314 312 311 311 311 310 308 308 307 303 301 300 302 304 303 301 301 299 297 295 293 293 295 292 288 286 284 282 285 287 282 277 275 276 275 274 273
347 345 343 341 338 339 340 338 336 337 340 345 347 344 340 335 334 334 333 334 335 335 335 336 334 335 336 335 334 333 330 328 326 324 325 325 324 324 324 325 325 325 324 322 323 323 323 323 324 324 322 321 320 318 317 316 314 313 312 311 312 312 311 309 308 308 305 301 299 301 303 302 301 300 298 298 298 294 292 293 295 290 287 287 286 287 292 289 285 284 283 283 284 284
344 345 347 345 343 342 340 337 337 339 344 348 348 345 338 333 333 333 334 335 334 333 335 337 334 335 337 339 339 338 336 334 330 328 327 326 325 325 325 326 327 327 325 325 325 324 324 324 324 323 323 322 320 318 316 315 313 312 312 311 311 311 310 309 308 308 306 302 299 300 302 300 299 299 298 297 296 294 292 292 294 291 288 289 288 287 293 297 294 292 290 289 292 295
344 344 347 348 345 343 339 336 336 340 345 347 347 343 336 333 333 333 334 333 332 331 332 334 333 333 335 337 339 339 338 336 333 332 332 330 328 327 327 327 328 327 325 324 324 323 323 323 322 322 322 321 319 316 314 313 313 313 312 312 311 311 311 309 309 308 306 302 300 301 301 299 299 301 300 298 296 295 294 291 290 291 290 290 289 287 292 297 298 298 297 296 298 302
348 346 345 346 345 343 341 339 339 343 345 345 346 342 336 334 334 336 336 335 333 330 330 331 331 330 332 333 335 337 336 333 332 333 334 332 330 329 328 328 327 326 323 322 321 320 320 321 320 321 322 320 318 317 314 312 312 312 312 312 313 314 313 311 309 308 307 303 301 303 303 301 301 303 303 300 298 296 296 292 290 293 294 292 290 287 289 294 298 300 299 297 297 299
353 351 346 343 342 342 342 342 343 343 344 344 345 342 338 336 337 338 338 338 336 332 331 331 330 330 331 331 332 334 333 330 330 331 330 329 328 328 327 326 325 323 321 320 319 318 318 318 319 321 321 319 318 317 313 312 312 312 313 314 315 316 316 312 309 308 307 304 302 304 305 302 301 303 304 301 296 294 295 293 291 294 297 295 293 291 291 295 298 300 300 297 295 295
356 355 351 346 343 341 342 344 344 343 343 342 342 342 340 339 339 339 339 339 337 334 334 333 332 333 332 331 332 333 329 328 329 329 326 324 324 324 323 322 321 319 318 318 317 317 317 317 318 321 320 317 317 316 312 311 313 313 313 313 313 313 314 311 308 306 306 305 304 304 303 300 298 299 300 299 295 292 293 293 291 294 299 301 300 299 299 300 304 307 307 305 302 303
359 358 355 351 348 345 345 346 345 344 342 341 341 340 340 340 341 340 340 340 339 337 335 336 336 335 333 333 334 333 328 327 329 327 324 322 322 322 321 320 318 317 317 317 315 315 316 315 316 320 318 315 316 315 310 309 311 310 308 307 306 307 309 307 304 303 304 304 304 302 298 296 297 297 298 296 293 293 297 297 295 296 301 304 302 302 302 303 308 312 312 310 308 309
4 2 359 355 352 350 349 348 346 345 343 342 341 340 339 340 341 340 340 339 339 339 338 338 338 337 337 336 335 332 328 327 327 325 322 321 322 322 321 320 319 318 317 316 314 313 314 313 313 316 314 312 313 310 306 303 301 300 298 296 296 297 300 303 301 301 300 300 301 298 295 296 298 299 297 294 291 295 303 303 300 299 300 303 302 303 303 301 304 308 306 304 305 307
8 6 2 359 356 353 351 349 348 347 345 344 342 341 340 340 340 341 340 338 337 338 338 339 339 340 341 337 334 331 328 326 326 323 321 320 321 321 321 320 319 317 316 316 313 311 311 308 305 305 304 303 301 297 294 291 289 288 286 284 283 283 290 297 297 296 295 294 297 298 297 296 298 301 302 301 301 303 307 308 304 301 302 304 306 308 305 299 300 307 302 296 297 302
14 11 6 2 359 356 353 351 350 348 347 345 344 343 341 339 338 339 340 338 337 337 337 339 340 341 341 337 333 330 328 327 325 324 323 321 320 320 320 320 318 317 317 316 312 309 306 300 294 293 294 292 289 285 283 284 283 279 274 270 272 276 282 289 291 290 289 292 300 302 299 297 298 304 310 310 308 307 309 311 308 304 304 304 305 308 305 298 300 308 301 292 292 298
19 16 11 6 2 358 356 354 352 350 349 347 346 346 344 340 337 336 338 338 337 337 337 338 340 342 341 338 335 333 329 327 325 324 325 323 321 320 319 320 317 313 311 307 302 299 298 296 292 290 290 289 286 281 279 281 281 277 271 270 275 282 286 290 291 288 287 292 300 305 301 299 300 305 310 309 305 303 303 306 306 305 304 301 299 301 300 294 293 299 296 288 285 287
25 22 16 10 5 1 359 356 354 352 351 349 348 348 348 346 341 337 336 337 337 338 339 340 342 342 341 339 337 335 331 327 325 326 326 324 322 320 318 314 308 301 293 289 289 289 292 299 298 294 293 295 293 289 287 287 290 290 288 284 287 292 296 298 296 293 294 296 299 306 308 303 302 304 306 305 301 297 294 296 300 302 300 296 292 292 291 287 282 283 284 278 274 274
32 29 21 15 9 5 1 359 357 355 353 351 349 348 349 349 347 344 341 339 340 341 343 344 344 342 341 341 340 338 334 331 331 330 327 322 317 313 309 303 296 293 293 296 300 301 301 304 303 298 300 305 308 305 303 301 302 307 306 297 295 298 301 304 300 298 300 301 301 309 312 305 300 300 302 303 299 294 293 295 298 298 294 289 286 283 279 276 272 270 272 272 270 270
39 35 27 20 14 9 4 1 359 357 355 353 351 348 347 348 349 349 347 345 344 345 346 346 345 344 343 343 342 339 335 333 334 331 324 316 309 306 306 306 308 311 312 310 312 312 309 310 310 307 307 311 313 310 308 305 304 310 313 305 300 300 302 306 302 298 300 303 304 308 311 306 299 300 303 302 300 297 298 297 295 292 287 282 277 273 268 264 267 272 275 274 273 272
45 41 33 25 18 12 8 4 2 359 357 355 353 350 347 347 350 351 351 350 349 348 348 347 346 345 345 343 341 339 336 335 337 334 328 323 320 320 321 320 320 320 316 313 314 313 312 314 315 313 312 312 312 309 307 304 304 309 314 308 302 301 303 306 304 300 299 302 304 305 308 310 305 304 306 304 304 301 296 290 284 282 279 273 267 266 264 265 272 281 284 279 275 274
51 48 39 31 23 16 11 7 4 2 0 358 356 353 351 350 351 352 353 353 353 352 350 348 347 347 346 344 341 338 338 341 343 341 336 331 328 326 325 322 321 319 316 315 314 313 314 316 315 312 311 310 309 308 308 308 307 308 310 308 303 300 303 305 304 302 299 299 301 302 307 313 311 307 307 304 301 293 283 275 274 275 274 272 269 269 271 273 277 283 289 285 279 278
58 54 45 36 28 21 15 11 7 4 3 1 359 357 355 354 355 355 356 357 356 354 353 352 350 349 348 347 344 343 344 348 347 342 336 331 328 328 328 325 325 324 321 320 318 315 315 317 314 309 308 309 310 310 310 310 309 307 306 305 301 297 298 302 302 300 297 298 301 305 310 315 311 308 309 307 297 285 277 275 276 278 281 283 280 276 275 275 277 281 290 292 283 280
64 60 51 41 32 25 19 15 10 7 5 4 2 0 359 359 359 359 359 360 359 357 356 355 353 352 352 351 349 349 351 353 352 347 341 337 334 333 334 332 330 328 324 322 319 316 315 316 315 310 308 309 311 312 311 309 308 306 304 303 299 295 296 301 301 300 301 302 304 308 312 313 308 306 309 312 305 293 286 283 284 286 287 289 288 282 278 276 277 282 291 296 286 280
69 65 56 46 37 29 23 18 14 10 8 7 5 4 3 3 3 2 2 3 2 360 359 358 356 356 356 355 352 353 355 356 353 347 343 340 338 337 337 335 333 331 327 322 318 315 314 315 316 313 310 310 311 311 310 308 307 305 303 301 299 295 296 301 302 303 306 306 306 307 308 307 303 301 305 314 314 302 292 288 288 288 287 290 292 287 281 279 281 285 291 299 290 282
73 70 61 51 42 33 26 21 17 13 11 9 8 7 6 6 5 5 5 6 4 3 2 2 360 359 360 358 356 356 357 356 351 345 342 339 338 338 338 336 334 332 328 322 317 316 317 318 318 315 311 310 310 309 310 310 308 307 306 301 298 295 296 301 305 308 310 309 306 305 304 302 299 299 305 316 320 308 298 291 288 287 287 290 294 292 289 286 285 286 292 300 292 283
78 74 65 56 46 37 29 24 20 17 14 11 11 10 9 8 7 8 8 8 7 6 6 5 3 3 4 3 0 358 357 353 348 345 344 340 338 338 337 336 335 332 329 323 319 319 321 319 318 315 311 309 309 309 311 312 309 308 309 304 298 294 295 302 308 311 311 308 302 298 297 297 297 300 307 317 322 311 302 293 286 286 287 288 293 296 296 291 286 286 290 297 290 283
82 78 70 60 50 40 32 27 24 20 17 14 13 13 12 11 10 10 11 10 9 9 9 7 6 7 9 9 5 359 357 353 349 348 346 344 343 339 336 335 335 333 330 325 321 322 323 319 317 314 310 309 309 310 311 312 310 309 310 306 298 295 298 303 307 308 305 299 292 287 288 293 298 303 308 314 315 309 304 297 290 288 288 287 290 295 297 292 286 285 289 295 288 284
85 82 74 64 54 43 35 30 27 23 20 17 16 15 14 14 13 13 13 13 12 12 11 10 9 10 14 13 8 3 359 354 350 349 348 348 348 342 336 335 335 333 330 324 321 324 323 318 316 314 311 309 307 307 309 312 313 310 307 304 300 300 302 305 307 306 302 295 285 281 287 296 302 305 310 313 305 304 307 305 298 294 292 289 289 293 298 295 289 287 292 301 291 285
88 85 77 67 57 46 38 33 29 25 22 20 19 17 17 17 16 16 17 16 15 14 12 12 11 13 15 15 12 8 4 357 351 348 347 349 350 343 337 337 336 332 329 323 323 328 325 320 317 316 315 310 306 307 310 316 317 310 306 306 304 303 304 305 304 303 301 296 287 287 293 299 303 306 314 319 301 297 306 311 305 299 296 293 291 293 297 294 288 288 295 306 297 287
91 88 80 70 59 49 41 36 32 27 25 23 22 20 19 19 19 19 19 18 16 15 14 14 14 13 14 15 14 13 10 3 355 351 348 347 347 341 337 337 336 331 328 326 328 332 330 325 320 318 319 314 311 310 313 322 326 315 310 310 306 302 302 301 298 295 295 294 292 293 295 298 303 307 317 321 301 294 302 311 309 303 299 296 293 290 290 288 284 284 292 305 302 291
94 91 82 72 62 52 44 39 34 29 27 26 24 23 22 22 22 21 21 19 18 17 17 16 14 13 12 13 13 15 14 9 3 357 351 348 347 342 338 340 338 333 332 331 331 334 333 329 322 321 324 319 314 312 314 328 334 318 309 308 305 302 301 300 297 294 295 296 296 296 296 299 303 307 316 318 303 291 293 303 309 308 303 297 291 285 282 283 281 280 285 297 303 297
97 94 85 75 64 55 47 41 35 31 29 28 27 26 25 24 24 23 23 22 21 21 20 17 15 11 10 11 12 13 13 12 9 360 352 350 350 344 339 341 339 337 338 335 335 337 335 331 325 326 330 324 317 314 316 329 333 317 305 302 302 302 299 296 294 293 299 300 296 296 297 298 301 304 313 315 305 291 286 293 305 311 304 295 287 283 283 285 283 279 279 286 297 299
101 97 88 76 66 58 49 42 37 34 32 31 30 29 28 27 26 26 25 24 23 23 20 18 15 12 10 11 13 13 13 13 9 358 351 352 351 344 339 340 339 339 340 338 338 339 334 329 324 326 329 324 318 313 314 328 327 311 301 296 297 298 292 285 285 292 301 299 292 292 294 293 292 298 312 315 308 295 286 289 300 310 306 297 291 290 290 289 285 278 274 276 284 292
103 100 90 78 69 60 50 43 39 36 34 33 32 31 31 30 29 29 28 26 25 24 21 19 17 14 11 12 14 17 17 12 3 354 351 353 350 342 338 339 339 339 339 336 337 337 330 324 319 318 318 316 313 307 308 323 319 306 298 293 293 297 291 280 283 294 304 300 290 289 290 290 292 303 314 315 310 299 289 289 296 307 307 300 295 293 290 285 280 275 271 269 272 281
104 101 92 81 72 62 51 45 41 38 36 36 35 34 34 33 32 31 29 28 27 26 23 21 18 14 12 12 14 15 12 6 0 354 351 351 348 339 336 339 339 340 338 334 334 332 324 319 316 313 311 310 309 304 304 316 314 304 296 291 290 296 298 286 285 294 307 305 292 287 290 296 301 309 317 317 314 304 292 288 291 299 301 299 296 291 287 282 277 274 272 269 270 276
107 103 94 84 75 63 52 46 44 41 39 39 38 37 37 35 34 33 31 30 29 28 24 21 19 16 13 12 10 8 6 4 2 358 351 348 344 339 338 341 340 341 338 334 333 327 320 316 315 311 308 307 305 302 302 308 310 303 294 288 289 300 311 297 288 292 303 305 295 290 296 303 306 312 318 319 317 309 297 288 285 289 292 296 298 294 288 285 281 276 273 273 275 279
110 106 96 86 77 65 54 48 46 44 42 42 41 40 39 38 36 36 34 33 31 28 25 22 21 18 15 13 8 5 3 4 3 358 351 348 345 341 342 344 344 343 338 333 329 321 316 314 312 309 307 304 302 301 300 301 303 301 292 285 287 301 318 307 290 288 295 302 300 297 301 304 304 309 314 316 315 309 299 287 281 283 287 291 297 297 289 287 286 280 277 279 281 285
114 110 100 89 78 65 55 50 49 47 46 45 44 43 42 40 39 39 37 35 32 30 27 25 22 19 17 13 10 7 3 2 359 354 351 351 351 348 346 347 348 345 338 334 327 319 318 317 314 312 309 306 305 305 304 303 301 299 293 284 283 295 315 312 295 287 290 298 302 302 301 299 297 302 307 312 312 303 294 287 282 280 280 281 288 297 293 288 289 288 285 285 284 284
119 114 104 92 78 65 58 54 52 51 49 48 47 46 45 44 42 41 39 37 34 32 30 27 23 20 16 13 13 8 2 357 353 351 350 353 357 357 353 352 351 346 339 334 328 323 324 320 316 314 311 310 310 310 309 307 304 300 296 287 285 292 309 314 302 289 288 295 301 302 297 289 288 296 305 310 310 301 292 291 288 280 274 272 277 292 300 293 291 294 292 288 284 283
122 118 108 94 79 68 62 58 56 55 53 51 50 49 48 47 45 43 41 39 36 34 31 27 24 20 15 13 10 3 358 354 351 351 351 355 4 8 4 358 353 346 339 335 328 325 326 323 321 317 314 315 315 312 309 309 308 304 299 293 289 293 304 313 307 293 288 291 296 297 291 287 292 301 309 308 309 309 297 293 294 288 278 272 275 287 303 302 294 295 295 289 285 287
125 121 110 96 82 72 66 62 61 60 58 55 53 52 51 49 47 45 43 41 38 36 32 29 25 20 14 9 3 359 357 354 354 353 353 1 16 17 6 358 352 345 340 336 331 329 329 329 329 323 319 321 322 316 311 313 315 311 307 302 298 298 303 312 310 296 288 287 290 291 293 298 302 307 311 304 309 320 303 292 296 295 285 279 279 285 300 308 300 296 295 290 288 288
128 123 113 99 86 77 71 69 67 64 61 58 56 55 54 52 50 48 46 43 40 37 33 29 25 19 13 6 0 358 357 355 353 353 356 10 18 12 4 358 351 343 338 336 334 331 330 331 331 325 320 322 327 325 320 321 324 321 315 310 306 302 299 304 309 297 288 286 287 292 300 304 305 307 308 302 310 329 315 295 294 295 289 285 282 283 294 307 305 297 294 291 288 286
132 126 118 106 94 85 80 76 73 69 65 63 60 59 57 55 52 50 47 44 41 38 34 29 24 18 12 6 2 360 357 353 352 354 2 14 13 6 1 357 351 343 338 338 336 332 332 334 333 327 320 321 327 327 323 322 325 324 316 308 304 297 289 293 304 299 288 286 290 298 302 301 298 304 305 303 314 338 326 300 291 292 291 288 284 285 294 305 305 299 295 289 284 281
144 136 128 117 104 95 89 83 78 74 70 67 64 63 60 57 54 52 49 46 42 38 34 29 24 18 13 7 3 359 355 353 353 357 4 11 9 2 355 352 348 343 342 341 337 334 335 337 337 331 321 320 325 326 320 316 318 318 308 298 293 292 289 291 298 299 292 291 297 302 301 296 295 306 307 305 318 343 331 304 292 291 289 289 289 292 298 303 302 298 295 286 277 276
