windninja/windninja_output/Output_2025-10-23_0900-0950_Google earth_Fire_150m_10min/merlingen_7.5mi_point_10-23-2025_0900_150m_ang.asc
ncols	158
nrows	163
xllcorner	391686.332397
yllcorner	5160024.123721
cellsize	150.000000
NODATA_value	-32768.000000
[rows 0 to 41 of 163, columns 0 to 93 of 158]
246 245 244 241 240 241 240 236 234 235 233 227 220 219 225 234 243 248 249 256 256 239 230 231 236 241 241 236 234 235 235 236 238 237 236 241 246 248 249 247 243 242 243 245 247 250 254 255 249 243 240 238 238 239 239 238 238 239 240 241 239 237 236 234 232 229 231 234 239 241 240 238 237 235 235 235 236 239 241 240 238 235 235 239 241 239 235 234 235 233 232 232 231 229
245 245 244 242 242 242 239 238 239 238 234 226 218 219 226 234 240 243 247 251 249 238 232 233 236 239 238 236 237 237 237 237 238 238 239 242 243 244 245 243 242 242 242 243 245 246 248 249 248 245 243 242 242 241 240 239 239 239 240 240 239 238 237 235 233 232 234 237 240 241 239 238 237 236 236 236 236 238 240 239 237 236 237 238 239 239 236 235 236 235 234 235 233 232
243 244 244 243 244 242 238 239 242 240 233 221 216 220 228 234 237 238 242 244 240 236 234 235 237 237 236 236 238 238 239 240 240 240 241 242 240 240 240 240 241 241 241 243 243 242 242 242 242 243 244 243 243 242 241 240 240 239 239 239 238 238 237 237 236 236 237 239 241 240 238 237 238 238 238 236 235 238 239 237 233 235 238 237 238 239 235 233 234 235 238 238 236 235
239 241 241 240 242 239 237 237 237 234 227 216 215 222 230 237 239 239 240 240 238 237 235 234 236 235 234 233 234 235 237 239 241 242 242 241 241 241 241 240 240 240 241 243 242 241 241 239 237 238 239 238 238 239 239 240 241 241 240 239 238 237 237 237 237 237 238 241 242 240 237 238 239 240 239 238 237 239 239 236 231 234 237 236 239 239 233 230 231 232 233 236 235 233
237 239 239 238 239 237 237 239 238 232 224 216 215 224 235 241 241 241 240 240 239 240 237 234 236 235 232 230 229 230 231 234 237 240 240 240 240 241 241 240 239 239 240 241 240 240 239 238 237 237 236 236 237 238 239 240 241 242 241 241 240 238 238 238 238 238 239 242 243 240 238 240 241 240 240 240 242 243 241 236 233 235 237 236 239 240 235 232 231 229 229 231 232 230
240 241 240 238 238 238 240 242 239 233 226 220 218 227 239 243 243 242 241 241 242 244 243 238 239 238 234 231 230 229 230 232 234 235 235 237 238 239 239 238 238 239 241 241 240 240 239 239 239 237 236 236 238 239 240 241 242 242 242 241 240 239 238 238 239 239 239 242 243 239 237 240 242 240 238 239 241 243 241 237 236 239 241 239 240 241 239 239 238 234 231 231 229 227
242 244 244 242 240 240 241 241 238 232 228 224 222 231 242 244 243 241 240 240 242 244 245 243 244 242 239 237 234 232 232 234 235 233 233 234 236 237 237 237 238 240 241 242 242 242 241 240 239 237 236 236 237 239 241 242 243 243 242 241 240 237 236 237 238 239 239 242 242 238 236 238 240 238 236 237 239 240 237 234 237 241 241 241 241 242 242 244 247 246 243 240 235 232
241 243 245 246 246 244 243 241 238 234 231 228 225 233 242 245 243 241 240 239 241 243 243 244 246 244 242 241 238 236 237 239 238 237 237 238 238 238 238 239 240 241 242 243 243 244 243 242 240 238 237 238 238 238 241 243 243 243 243 242 240 236 234 235 236 238 240 242 242 238 237 239 238 236 236 237 239 239 233 233 241 243 241 240 240 241 242 243 246 250 253 251 248 244
241 242 244 246 248 248 246 243 239 237 236 233 230 234 242 244 242 242 241 240 242 242 242 240 241 241 242 242 240 239 243 244 241 241 243 243 242 241 241 242 242 244 244 244 245 244 243 243 241 238 239 241 239 239 243 244 243 243 243 242 241 239 237 236 236 239 241 242 240 238 239 242 241 238 237 238 241 238 233 236 244 246 243 239 238 237 238 239 238 238 240 243 245 244
241 242 244 245 246 246 246 243 241 240 239 237 235 238 244 244 243 243 242 241 241 241 240 238 236 236 238 240 240 241 245 245 243 244 245 245 243 243 243 244 244 245 245 245 246 245 244 244 243 240 241 243 241 243 246 247 246 245 244 243 243 244 243 242 243 244 244 242 239 237 240 243 243 241 239 240 241 239 235 238 243 245 244 243 242 241 239 239 236 231 231 234 238 237
242 243 244 244 244 244 243 243 242 241 241 240 240 242 246 247 246 245 244 243 242 241 240 238 235 233 232 236 239 242 246 245 245 247 248 246 244 243 244 244 244 244 245 245 246 247 246 246 245 244 247 247 246 249 251 251 250 250 249 247 248 250 250 251 254 253 250 246 240 239 242 244 243 241 239 240 243 243 240 240 241 241 242 243 247 247 246 246 242 234 234 238 240 236
242 243 244 243 243 243 243 243 242 242 242 242 242 244 248 251 249 248 247 247 246 244 241 238 235 233 230 235 241 245 247 248 248 250 250 247 245 245 246 245 245 245 245 244 245 246 246 247 248 250 255 256 256 258 259 258 255 254 253 253 255 257 260 265 267 264 259 252 244 244 246 244 242 240 237 237 239 241 242 242 241 240 239 240 244 245 246 248 244 234 239 245 244 240
242 243 243 243 243 243 244 244 243 243 243 243 242 244 250 255 255 252 249 249 249 247 245 241 238 235 234 238 244 247 248 249 250 250 249 248 249 249 248 246 246 246 244 243 244 244 243 244 249 254 259 261 263 264 266 266 262 257 254 255 259 262 268 275 278 275 270 263 257 254 250 246 244 241 237 236 236 238 239 238 240 241 240 241 242 240 243 246 240 232 240 246 244 243
242 243 243 243 243 243 243 243 244 244 244 244 243 243 249 256 260 259 255 252 251 249 247 244 241 238 237 240 243 245 248 251 251 250 249 249 250 250 249 248 248 248 247 247 249 248 244 242 246 252 256 259 260 262 266 270 269 262 253 252 257 262 266 272 277 277 277 278 280 272 258 251 249 246 242 241 243 243 241 239 242 244 244 245 243 240 244 245 240 236 243 249 247 247
243 243 243 244 244 244 244 243 244 244 244 244 243 242 246 253 258 260 260 256 253 250 247 245 242 240 239 240 242 244 247 251 252 250 249 249 248 248 249 249 251 250 250 254 255 253 251 247 243 245 249 253 253 255 259 263 265 261 251 250 254 258 260 261 262 267 272 278 287 293 278 263 257 251 247 248 251 250 247 248 252 251 250 249 246 244 247 246 242 241 250 255 254 254
243 243 243 244 244 244 244 244 244 244 245 245 245 244 245 250 253 254 256 256 253 249 246 244 243 242 240 240 241 243 246 248 247 247 249 251 251 251 250 251 252 251 250 253 253 250 251 253 249 244 245 245 244 246 247 248 250 250 246 250 254 256 257 253 250 255 262 267 274 291 298 281 267 257 252 253 253 251 251 255 257 255 254 253 250 249 249 249 246 245 250 256 256 255
242 243 243 243 244 244 244 244 245 245 245 246 246 247 251 253 252 250 250 251 250 248 245 244 243 243 241 240 241 243 246 246 244 246 249 252 255 254 251 250 250 248 248 248 247 246 246 247 249 250 247 243 242 243 243 242 243 243 243 249 253 255 255 250 248 252 256 261 264 270 287 290 279 271 263 257 252 252 255 257 254 252 253 253 253 253 252 251 254 253 250 251 251 251
242 242 243 243 243 244 244 244 245 245 246 246 247 250 254 257 255 251 249 248 248 247 246 246 246 244 243 243 244 245 246 245 243 243 246 249 250 250 248 247 247 247 248 248 246 246 246 244 245 250 251 247 245 244 243 242 242 241 241 247 251 253 251 247 249 252 254 257 258 259 266 277 280 280 276 264 257 257 258 256 252 253 253 251 251 253 253 252 256 260 257 252 249 249
242 242 243 243 243 244 244 245 245 245 245 246 248 250 254 257 257 254 251 250 248 248 248 249 248 247 245 246 247 248 247 243 240 240 243 245 247 248 247 248 248 248 248 248 246 247 249 248 247 248 250 251 248 245 244 243 243 243 243 246 250 250 248 247 250 252 254 253 253 256 259 262 266 270 274 272 268 265 261 257 257 258 256 252 249 248 248 250 253 258 261 256 252 250
243 243 243 243 243 243 244 245 245 245 245 246 248 249 252 254 255 254 252 250 249 248 248 248 248 247 246 246 246 246 244 240 240 242 246 248 249 249 248 248 247 245 245 245 246 247 249 250 249 250 250 251 251 248 246 244 243 243 245 247 249 249 249 250 252 254 254 252 252 255 255 252 253 255 258 261 263 262 261 259 259 260 258 253 249 247 246 247 251 255 257 254 252 252
243 243 243 243 243 244 244 245 245 245 246 247 247 248 250 251 252 251 250 249 248 247 247 246 246 246 245 245 244 243 240 237 238 242 245 246 247 246 244 243 243 243 244 244 246 249 249 248 248 250 250 250 251 252 251 248 245 244 244 246 246 248 251 252 253 255 254 253 254 254 249 246 248 252 252 248 245 247 251 254 257 257 255 254 251 249 247 247 251 255 254 249 249 251
242 242 242 243 243 244 244 244 245 245 246 247 247 248 248 249 249 249 249 248 247 246 246 245 245 244 244 243 243 242 239 235 237 241 242 242 243 242 241 241 241 241 243 245 248 249 250 249 248 248 249 249 250 252 252 252 250 248 245 244 244 247 251 252 253 256 255 255 254 250 244 241 245 251 253 245 237 239 242 247 251 252 252 253 251 249 246 247 252 254 251 242 243 248
242 242 242 243 243 244 244 244 245 245 246 246 246 247 247 248 248 248 247 247 246 245 245 244 243 243 242 242 241 241 238 235 238 242 243 244 244 243 241 241 241 241 243 245 247 249 249 248 247 247 249 249 249 250 251 252 252 250 246 243 244 248 251 253 256 257 255 254 250 243 239 239 244 250 251 244 235 237 240 241 243 243 247 250 251 250 247 248 251 251 247 235 237 246
242 242 242 243 243 243 244 244 245 245 246 246 246 246 246 247 247 247 247 246 245 244 244 242 242 241 241 241 242 243 241 240 243 245 245 247 247 245 244 243 243 242 243 244 247 249 247 246 247 247 249 249 249 250 251 251 251 251 246 243 245 248 253 257 260 258 254 250 245 240 238 240 247 251 248 240 234 241 243 241 239 239 242 245 248 251 252 251 251 250 245 232 236 246
242 242 242 243 243 243 244 244 245 246 246 246 246 246 246 246 246 246 246 245 244 244 243 241 240 239 238 240 244 246 245 245 247 247 246 246 246 247 247 246 245 244 243 245 248 246 243 245 246 248 249 250 250 250 250 249 250 249 246 245 247 251 256 261 261 257 252 246 242 241 242 246 253 253 245 235 238 250 250 244 240 239 237 238 243 249 254 255 255 252 243 229 237 246
242 242 243 243 243 243 243 244 245 246 245 246 246 246 246 245 246 246 246 245 244 243 242 240 238 236 234 237 244 247 248 249 251 249 246 243 243 246 249 248 247 245 245 248 248 243 242 244 246 247 248 250 252 252 252 249 247 245 245 248 253 258 261 258 252 248 244 239 238 241 247 255 258 252 240 230 238 252 257 249 244 240 235 234 238 242 245 248 253 253 242 227 234 243
242 242 242 243 243 243 244 245 245 245 245 245 246 246 246 246 246 245 245 244 244 243 241 239 236 231 229 235 242 244 246 250 254 254 250 243 241 245 249 249 247 247 249 250 247 241 240 243 245 245 245 247 251 253 254 249 241 241 245 250 260 266 265 256 246 241 236 232 234 241 251 259 258 249 235 224 235 248 258 259 252 244 238 236 237 238 235 238 246 249 242 229 233 239
241 242 242 243 243 243 244 245 245 245 245 245 246 246 246 246 246 245 244 244 243 242 240 238 234 228 227 234 238 239 241 247 253 256 255 249 244 246 249 249 247 249 250 248 244 238 237 239 243 244 242 243 246 250 252 243 232 237 245 253 261 266 263 255 246 240 233 229 235 245 254 257 253 245 231 221 233 244 251 260 260 251 245 244 243 240 233 234 241 244 241 235 236 239
241 242 242 243 243 243 244 245 245 245 245 245 246 246 246 246 246 245 244 243 243 242 240 237 233 227 227 232 234 233 236 242 246 250 253 252 247 247 249 247 245 247 247 245 242 237 236 237 240 242 239 240 243 246 246 234 224 236 247 256 262 260 255 248 243 239 231 230 241 251 255 252 246 238 228 224 236 246 249 254 263 260 254 252 251 245 239 239 242 242 240 239 243 245
241 242 242 242 243 244 245 245 245 245 245 245 245 246 246 246 245 245 244 244 243 242 240 237 233 228 228 231 230 227 230 235 239 244 247 245 241 244 247 244 241 242 239 240 238 234 235 236 239 237 233 235 239 241 239 228 222 238 250 259 263 258 248 242 240 239 233 234 248 257 258 251 242 235 228 229 239 246 249 253 262 267 261 257 254 249 247 247 245 241 238 240 246 252
242 242 242 242 243 244 245 245 245 245 245 245 246 246 246 246 246 245 244 244 243 241 239 237 234 231 232 233 230 229 232 236 238 242 244 237 234 243 246 243 240 238 235 236 234 232 235 239 241 237 232 235 237 238 236 227 227 244 254 259 260 255 246 241 242 242 238 241 253 260 261 252 244 238 229 230 235 240 246 251 257 263 264 259 254 250 249 249 246 242 239 240 245 256
242 242 242 242 244 244 244 244 245 245 245 245 246 246 246 246 246 245 245 244 243 242 240 238 236 234 234 233 230 231 238 241 242 245 245 234 234 245 247 242 240 239 237 238 236 235 240 245 246 243 241 242 241 241 237 227 231 246 257 260 257 247 239 240 244 247 244 246 255 260 258 250 247 242 233 230 231 236 243 248 250 250 256 259 258 256 254 252 249 246 244 243 245 254
242 242 241 242 244 244 244 244 245 245 245 245 246 246 246 245 245 245 245 245 244 243 240 239 238 236 234 230 225 228 236 241 243 246 247 238 238 248 248 243 242 240 239 241 240 241 246 248 246 246 248 248 246 244 239 231 234 244 253 258 255 243 232 236 244 250 249 249 254 255 252 247 247 243 233 229 229 234 242 246 245 242 248 257 259 260 259 255 251 250 249 248 247 252
241 241 241 243 245 245 244 244 245 245 245 246 246 246 246 245 245 245 245 245 245 244 242 240 240 238 235 229 224 228 237 241 241 244 246 242 241 248 246 242 241 239 239 242 243 246 249 248 247 249 249 250 250 248 243 239 241 246 248 251 250 240 227 232 242 247 251 256 255 253 249 246 245 239 231 229 229 233 239 241 238 236 243 252 255 253 253 253 249 247 247 248 251 255
240 240 241 243 245 244 244 244 245 245 246 246 246 246 246 245 245 245 245 245 245 244 244 243 242 238 235 231 229 237 245 246 244 244 245 240 237 243 242 239 239 239 241 244 246 250 251 249 249 251 251 251 252 251 249 249 251 252 250 248 247 240 227 231 240 244 249 257 262 258 251 245 242 237 233 233 233 238 240 237 234 233 237 245 251 249 248 249 247 244 244 247 251 257
240 240 241 243 244 243 243 244 245 245 246 246 246 246 246 246 246 246 245 245 245 245 245 245 244 241 237 234 235 245 253 251 248 248 245 238 232 237 240 239 239 240 243 245 247 251 251 249 250 251 250 250 250 250 250 252 253 254 254 252 249 244 233 232 239 242 246 254 264 265 255 247 243 239 238 237 238 244 247 244 238 233 235 241 247 249 247 246 244 243 244 247 251 256
241 241 242 244 244 243 243 244 245 245 246 246 246 246 246 246 246 246 246 246 246 246 246 246 245 244 241 237 238 250 257 255 253 251 247 239 232 232 237 240 241 242 244 245 248 249 248 249 250 249 249 249 248 248 250 250 250 250 252 252 251 248 240 236 239 242 246 252 259 259 252 249 248 246 243 238 236 240 247 251 247 239 237 239 244 251 251 245 243 244 246 248 251 254
241 241 243 244 244 243 244 245 245 246 246 246 246 246 246 246 246 246 246 246 246 246 246 246 246 245 242 238 243 254 257 256 255 252 248 241 233 231 237 240 241 243 245 246 248 248 247 247 247 247 250 250 247 248 250 249 247 246 247 249 249 247 243 239 240 245 250 254 254 247 243 247 250 248 240 236 236 233 239 247 248 242 238 237 243 248 248 244 245 247 248 249 251 256
241 241 243 243 244 244 244 245 245 246 246 245 245 246 246 246 246 246 246 246 247 246 246 247 247 246 244 243 251 257 257 256 255 252 248 239 230 232 238 240 241 243 245 246 246 246 246 244 241 243 247 247 244 244 248 248 243 241 242 243 243 241 239 236 239 247 255 257 251 240 240 245 247 242 232 235 237 224 232 240 240 238 237 239 245 246 243 240 244 246 246 249 256 260
241 242 243 243 244 244 245 245 246 246 246 245 246 246 246 247 247 247 247 247 247 247 247 247 247 247 248 252 258 259 259 258 256 252 247 235 226 232 237 239 242 244 246 246 244 244 245 243 239 242 245 245 241 240 242 241 236 234 236 237 235 233 233 234 237 246 255 256 248 242 246 249 246 235 227 237 237 213 222 233 232 232 238 244 249 249 244 241 242 243 243 249 259 260
242 242 243 243 244 244 244 246 246 246 246 246 246 246 246 246 246 247 247 247 247 247 247 248 248 249 251 256 260 260 261 261 258 254 245 233 230 233 236 238 240 243 246 245 243 243 243 240 238 240 244 246 241 238 239 236 231 231 235 236 233 230 232 236 239 245 252 252 247 247 250 250 245 234 230 241 235 204 212 228 227 227 235 244 249 250 248 242 240 241 241 249 255 256
242 242 243 243 244 244 245 246 246 246 246 246 246 246 247 246 246 246 247 247 248 247 247 248 249 250 252 255 258 260 261 260 258 253 242 234 235 239 240 239 238 240 240 240 241 241 238 234 233 237 243 245 242 240 242 240 236 235 239 240 236 232 233 237 238 244 249 248 247 246 244 242 241 233 234 242 229 200 207 223 228 228 233 240 245 247 243 236 237 241 244 248 250 252
