windninja/windninja_output/Output_2025-10-23_0900-0950_Google earth_Fire_150m_10min/merlingen_7.5mi_point_10-23-2025_0900_150m_vel.asc
ncols	158
nrows	163
xllcorner	391686.332397
yllcorner	5160024.123721
cellsize	150.000000
NODATA_value	-32768.000000
[rows 111 to 147 of 163, columns 0 to 83 of 158]
4.67 5.28 6.35 6.98 7.13 7.17 7.18 7.37 7.57 7.64 8.07 8.43 7.65 7.50 8.59 8.72 6.20 3.55 4.97 8.27 11.00 11.13 7.67 5.43 5.28 5.88 7.01 8.67 12.56 16.29 15.73 12.79 11.37 13.46 16.83 15.42 12.21 10.34 8.02 5.61 5.18 6.01 6.26 5.34 4.82 4.51 3.87 3.35 3.08 2.83 2.72 2.92 3.53 4.56 5.23 5.24 5.53 6.53 7.05 6.35 5.91 6.62 7.22 6.93 6.59 6.72 6.42 5.40 4.61 4.27 4.33 5.26 6.32 6.45 6.31 6.29 6.04 5.79 5.59 5.24 4.93 4.81 4.28 3.46
4.76 5.32 6.26 6.86 7.05 7.02 7.12 7.33 7.51 7.46 7.93 9.08 8.51 7.61 8.69 9.03 5.97 2.74 3.90 7.51 11.03 12.58 9.36 5.17 5.03 6.46 6.61 7.08 9.38 13.92 16.60 14.96 12.55 14.46 17.56 16.14 12.83 9.90 6.69 5.43 5.18 5.53 6.21 6.09 5.11 4.32 3.62 3.23 3.11 2.87 2.51 2.29 2.76 4.03 4.99 5.03 5.15 6.14 7.05 6.74 6.04 6.24 6.89 7.02 6.83 6.95 7.05 6.37 5.23 4.49 4.44 5.13 6.06 6.46 6.52 6.57 6.28 5.90 5.93 5.86 5.47 5.09 4.42 3.70
5.12 5.45 6.03 6.64 7.00 6.92 6.86 7.08 7.36 7.35 7.77 9.38 9.37 7.94 8.75 9.34 6.01 2.16 2.86 6.04 9.83 13.14 11.90 6.50 5.45 7.60 7.59 7.51 7.76 9.84 14.41 16.52 15.72 16.74 18.44 15.97 12.04 8.83 6.18 5.17 4.57 5.09 6.69 7.02 5.30 3.79 3.25 3.08 3.01 2.89 2.53 2.01 2.12 3.40 4.60 4.86 4.85 5.58 6.78 6.99 6.37 6.10 6.69 7.09 6.73 6.84 7.22 7.05 6.41 5.38 4.90 5.33 5.93 6.25 6.61 6.87 6.58 6.05 5.97 6.17 6.23 5.61 4.51 3.87
5.10 5.49 6.06 6.54 7.00 7.06 6.86 6.77 6.77 7.02 7.71 9.20 9.36 8.25 9.20 9.99 6.54 1.82 1.40 4.15 7.65 12.04 13.37 9.66 8.10 8.86 8.74 8.14 8.04 8.17 10.34 15.20 18.23 19.45 18.70 14.71 11.07 8.85 6.51 4.82 4.36 5.56 7.30 7.43 5.28 3.47 3.17 3.09 2.89 2.80 2.61 2.13 1.71 2.57 4.06 4.72 4.68 5.08 6.22 6.94 6.62 6.08 6.55 7.32 6.85 6.56 7.03 7.25 7.10 6.42 5.72 5.83 6.16 6.06 6.41 7.09 7.02 6.44 5.89 6.06 6.72 6.29 4.86 4.09
4.50 5.30 6.30 6.66 6.94 7.07 7.10 6.83 6.48 6.84 7.94 8.81 8.33 8.04 9.98 11.19 7.50 2.03 0.37 2.40 5.47 9.22 12.22 12.58 11.25 9.74 8.81 8.55 9.56 8.29 7.87 12.59 18.55 21.28 19.02 14.38 10.77 8.60 6.73 4.98 4.85 6.50 7.57 7.21 5.56 3.95 3.29 2.86 2.65 2.60 2.49 2.25 1.68 1.70 3.35 4.46 4.63 4.80 5.61 6.62 6.63 6.14 6.44 7.32 7.17 6.47 6.71 7.21 7.32 6.94 6.46 6.45 6.72 6.43 6.12 6.80 7.38 7.04 6.11 5.83 6.78 6.79 5.40 4.35
3.74 4.93 6.24 6.69 6.88 6.83 6.92 7.02 7.12 7.61 8.66 8.20 6.73 7.05 10.29 12.52 8.55 2.21 0.42 1.39 4.07 6.66 9.08 11.95 12.88 11.36 9.06 8.98 11.02 9.03 6.83 10.21 16.64 21.44 19.99 14.63 10.53 7.70 6.75 6.07 6.00 7.17 7.26 6.82 5.98 4.16 2.76 2.21 2.25 2.28 2.21 2.17 1.83 1.21 2.41 4.01 4.63 4.69 5.15 6.15 6.38 6.13 6.46 7.21 7.28 6.54 6.55 7.09 7.35 7.21 6.92 6.90 7.33 7.48 6.66 6.45 7.08 7.46 6.73 5.96 6.68 7.05 5.64 4.45
3.21 4.52 5.97 6.58 6.88 6.70 6.36 6.72 7.74 8.87 9.48 7.60 5.22 5.71 10.17 13.50 9.60 2.76 1.15 1.76 3.23 5.33 6.92 9.30 11.85 12.57 10.55 10.00 12.29 9.85 6.97 8.37 12.99 19.43 20.12 14.67 9.90 6.85 6.79 7.34 7.13 7.11 6.74 6.66 6.24 4.21 2.48 2.08 2.21 2.24 2.09 1.99 1.85 1.14 1.35 3.41 4.56 4.72 4.97 5.72 6.01 5.90 6.41 7.20 7.27 6.61 6.55 7.00 7.27 7.31 7.16 7.09 7.52 8.23 8.17 7.23 6.70 7.20 7.30 6.66 6.90 7.17 5.68 4.31
2.95 4.03 5.65 6.53 6.83 6.59 6.04 6.39 7.76 9.12 10.08 7.90 4.52 4.84 9.17 13.75 11.96 4.74 2.30 2.72 3.10 4.51 5.92 7.29 9.13 11.12 10.76 10.98 12.62 11.56 9.01 8.46 10.86 17.15 18.85 15.86 11.59 7.58 7.53 8.12 7.35 6.84 6.60 6.64 6.33 4.83 3.05 2.41 2.30 2.16 1.87 1.64 1.69 1.25 0.55 2.66 4.32 4.79 4.94 5.49 5.76 5.55 6.03 6.99 7.20 6.78 6.67 7.03 7.30 7.36 7.20 7.03 7.28 8.17 9.09 8.75 7.36 7.04 7.39 7.29 7.44 7.31 5.77 4.30
2.79 3.59 5.27 6.64 6.77 6.30 6.18 6.66 7.82 8.54 9.81 8.98 4.85 4.55 7.72 12.60 13.96 8.08 3.40 3.20 3.55 4.19 5.38 6.83 8.21 9.14 9.40 10.01 11.61 12.21 11.91 11.12 12.84 16.43 17.02 16.23 14.08 10.24 9.15 8.93 8.06 7.46 7.17 7.04 6.61 5.49 3.79 2.72 2.19 1.73 1.30 1.06 1.39 1.34 0.37 1.91 3.92 4.78 4.95 5.42 5.73 5.42 5.63 6.37 6.64 6.73 6.69 6.88 7.42 7.64 7.27 6.86 6.91 7.57 8.85 9.61 8.91 7.86 7.68 7.68 7.76 7.49 6.10 4.71
2.58 3.26 4.96 6.83 6.99 6.14 6.55 7.29 8.09 7.90 8.74 9.69 5.99 4.25 6.44 11.09 14.57 11.43 5.21 3.45 3.79 4.32 5.36 6.85 8.23 8.97 9.27 9.59 10.86 12.52 13.74 13.49 14.01 15.30 15.41 15.29 14.10 12.27 10.14 8.97 9.29 9.15 8.71 8.16 7.33 6.17 4.71 3.30 2.10 1.40 0.91 0.50 1.06 1.34 0.69 1.28 3.50 4.68 4.91 5.40 5.80 5.44 5.56 6.00 5.90 6.27 6.29 5.92 6.71 7.66 7.49 6.84 6.61 6.89 7.87 9.21 9.87 9.38 8.68 8.34 8.02 7.65 6.46 5.25
2.22 2.98 4.68 6.60 7.33 6.80 7.41 8.42 8.74 7.43 7.75 10.35 7.41 3.83 5.33 9.82 14.46 13.38 7.53 4.10 3.78 4.56 5.63 6.96 8.52 9.25 9.31 9.88 12.28 14.61 14.82 14.48 14.50 14.27 14.98 14.67 13.06 12.75 9.83 7.73 8.69 9.76 10.42 9.41 8.15 7.03 5.75 4.09 2.34 1.52 0.89 0.17 0.75 1.32 1.01 0.84 3.25 4.56 4.86 5.39 5.78 5.38 5.50 5.98 5.92 6.44 6.52 5.28 5.22 6.70 7.26 6.94 6.69 6.51 6.73 7.80 9.34 10.27 10.15 9.49 8.74 8.11 6.91 5.80
1.79 2.79 4.33 5.57 6.86 7.57 8.59 9.93 10.17 7.82 7.49 11.05 8.66 3.69 4.02 7.63 13.47 14.67 9.33 5.45 4.25 4.91 5.85 7.01 8.83 9.33 9.43 10.91 14.41 16.27 14.62 14.31 14.61 13.35 14.48 14.46 12.30 12.65 10.18 6.96 6.83 8.61 11.21 10.98 8.99 7.72 6.43 4.39 2.77 1.99 1.35 0.62 0.59 1.36 1.18 0.64 2.90 4.46 4.88 5.46 5.66 5.37 5.57 5.94 6.22 7.27 7.65 6.07 4.91 5.19 6.15 6.60 6.75 6.50 6.06 6.29 7.57 9.44 10.63 10.72 10.10 9.19 7.67 6.43
1.49 2.62 4.02 4.39 5.42 6.89 8.25 10.14 11.71 10.05 8.96 12.19 9.62 3.54 3.27 5.92 10.99 14.88 12.37 8.17 6.37 5.82 6.09 7.25 8.81 9.36 9.59 12.04 16.85 17.32 13.53 13.19 13.86 12.55 13.71 14.25 11.73 12.06 11.55 7.36 5.60 6.90 10.24 12.31 10.79 8.64 6.87 4.54 2.99 2.31 1.88 1.23 0.83 1.47 1.27 0.77 2.49 4.32 4.83 5.20 5.49 5.54 5.77 5.95 6.20 7.48 8.38 7.65 5.86 4.65 4.95 5.93 6.37 6.33 5.88 5.44 5.79 7.37 9.29 10.53 11.07 10.77 9.11 7.20
1.64 2.69 3.84 3.79 4.46 6.08 7.23 8.85 11.49 11.45 11.77 13.49 8.97 3.64 3.40 5.22 8.27 12.65 14.45 12.04 9.33 7.80 6.95 7.60 8.61 9.08 10.02 14.48 19.85 16.91 11.22 11.78 13.10 12.12 12.89 13.96 11.59 10.94 11.64 8.44 5.60 5.46 7.77 11.95 12.92 10.40 7.72 5.17 3.15 2.59 2.38 1.88 1.39 1.69 1.61 1.36 2.47 4.34 5.05 4.67 4.99 5.82 6.03 6.03 6.45 7.41 8.19 8.54 7.76 5.44 4.68 5.54 5.97 5.82 5.67 5.16 4.82 5.59 7.23 8.60 9.99 11.43 10.96 8.51
1.85 2.89 3.80 3.60 4.12 5.58 6.62 7.77 10.27 11.10 12.81 14.99 10.54 4.66 4.08 5.09 6.49 8.76 12.28 14.37 14.14 11.39 9.05 8.44 9.38 10.46 13.78 20.13 19.73 13.03 8.40 10.44 12.74 11.70 11.81 13.59 11.81 10.11 10.94 9.24 6.20 4.78 5.61 9.85 13.36 12.38 9.19 5.90 3.55 2.89 2.71 2.33 1.97 2.05 2.06 2.00 2.94 4.70 5.78 5.01 4.86 5.87 6.17 6.19 6.82 7.60 7.89 8.37 8.73 7.57 5.87 5.89 6.15 5.73 5.46 5.09 4.65 4.74 5.63 6.65 7.56 10.01 11.63 10.36
1.78 2.87 3.86 3.49 3.85 5.12 6.28 7.36 8.92 10.01 12.07 15.73 14.16 7.41 5.89 5.63 5.50 6.43 8.69 12.29 14.98 15.49 12.24 10.62 13.34 16.60 18.30 18.66 13.94 8.20 6.57 9.21 12.40 11.39 10.97 12.96 12.18 9.97 9.70 9.07 6.88 4.76 4.55 7.50 12.28 13.47 10.69 6.97 4.37 3.36 3.05 2.59 2.33 2.44 2.45 2.34 2.95 4.63 6.08 5.81 5.43 5.96 6.18 6.30 6.99 7.73 7.91 8.08 8.61 8.64 7.99 7.45 6.96 6.22 5.71 5.29 4.85 4.64 4.98 5.60 6.18 7.91 10.18 10.84
1.63 2.78 3.94 3.44 3.54 4.67 6.11 7.42 7.97 8.71 10.37 14.23 15.88 12.80 9.92 6.91 4.98 5.84 7.81 10.18 13.49 16.27 15.46 13.60 14.93 16.79 15.43 11.60 8.48 6.29 5.55 7.83 11.51 11.50 11.00 12.25 12.18 10.51 8.86 8.38 7.27 5.20 4.39 5.69 10.16 13.43 11.62 7.71 5.20 3.98 3.51 3.05 2.69 2.76 2.75 2.58 2.82 4.33 5.86 6.06 5.94 6.16 6.25 6.46 7.11 7.72 7.92 8.01 8.30 8.56 8.96 9.10 8.30 7.18 6.42 5.88 5.10 4.82 5.12 5.24 5.56 6.74 8.05 9.26
1.55 2.68 3.98 3.53 3.30 4.23 5.86 7.29 7.56 7.56 8.30 11.10 14.59 15.92 14.57 9.32 6.21 6.97 9.30 14.16 16.25 15.94 15.59 13.99 13.96 14.08 11.87 8.98 6.76 5.55 5.47 6.97 9.78 10.93 11.57 12.37 12.17 10.75 8.71 8.07 7.44 6.05 5.05 5.02 7.90 12.39 12.27 8.20 5.77 4.67 3.86 3.41 3.16 3.18 3.10 2.90 3.00 4.23 5.70 6.10 6.17 6.33 6.44 6.73 7.26 7.74 7.89 7.98 8.21 8.39 9.02 9.98 9.82 8.41 7.31 6.72 5.69 5.22 5.46 5.53 5.64 6.05 6.62 7.47
1.59 2.61 3.99 3.68 3.27 4.17 5.51 6.79 7.15 6.81 6.83 8.19 10.79 14.00 15.96 15.05 10.77 10.32 15.06 19.35 16.57 12.86 13.45 14.05 14.57 14.59 12.11 8.60 6.32 5.66 5.91 6.32 7.39 8.79 11.01 13.34 13.28 10.82 8.89 8.38 7.81 6.95 6.12 5.62 6.60 10.11 11.67 9.07 6.76 5.63 4.52 3.86 3.56 3.54 3.36 3.13 3.30 4.40 5.70 6.18 6.29 6.45 6.64 6.96 7.42 7.80 7.90 7.97 8.14 8.38 8.96 10.10 10.79 9.97 8.51 7.79 6.80 5.65 5.58 5.97 6.13 6.02 5.89 6.21
1.62 2.61 4.13 3.94 3.41 4.49 5.77 6.52 6.75 6.41 6.22 6.48 7.48 9.58 12.80 16.10 16.83 17.77 19.85 17.83 12.06 9.79 10.82 13.40 15.80 15.80 12.19 8.39 7.00 6.38 6.09 5.63 5.38 6.32 8.42 12.33 14.76 12.72 9.72 8.91 8.42 7.71 7.24 6.71 6.53 7.48 9.40 8.81 7.68 6.46 5.11 4.45 3.96 3.74 3.45 3.18 3.41 4.56 5.81 6.33 6.36 6.46 6.76 7.10 7.50 7.83 7.97 7.96 8.03 8.32 8.97 9.96 10.86 11.01 10.22 9.33 8.09 6.29 5.91 6.35 6.40 6.26 5.83 5.42
1.68 2.53 4.16 4.40 3.85 4.81 5.99 6.74 7.13 6.64 6.06 5.85 6.18 7.66 9.97 13.61 19.80 23.06 19.78 12.85 9.92 9.21 9.43 11.20 15.61 16.88 11.47 8.67 8.12 6.87 6.08 5.50 4.82 4.68 6.06 9.23 13.50 14.75 12.22 10.10 9.42 8.58 8.12 7.67 6.59 5.58 5.83 6.95 7.67 6.81 5.36 4.82 4.40 3.99 3.64 3.31 3.39 4.51 5.79 6.41 6.51 6.50 6.64 7.12 7.49 7.77 8.04 7.98 7.90 8.13 8.93 9.91 10.49 11.15 11.33 10.97 9.70 7.27 6.37 6.85 7.03 6.52 5.61 5.02
1.81 2.43 3.77 4.62 4.71 5.06 5.50 6.60 8.04 7.58 6.13 5.65 5.93 7.19 9.69 12.97 21.00 24.99 18.41 11.87 10.16 9.24 9.04 9.89 13.77 16.96 13.65 9.64 8.83 7.28 6.08 5.40 4.52 4.00 5.01 7.02 10.13 13.50 13.83 12.69 11.45 9.78 8.88 8.35 6.55 3.97 3.10 4.61 6.66 6.68 5.42 4.93 4.60 4.20 3.89 3.61 3.63 4.58 5.81 6.43 6.70 6.86 6.54 6.92 7.47 7.66 8.01 7.98 7.73 7.90 8.76 9.67 10.14 11.08 11.73 11.88 11.40 8.60 6.79 7.51 7.67 6.53 5.33 4.91
2.01 2.53 3.45 4.43 5.48 5.44 4.86 5.58 7.94 9.00 7.30 5.96 6.20 7.95 10.27 14.46 22.34 24.31 19.47 13.51 10.79 9.52 9.19 9.54 11.32 14.96 15.48 12.01 9.47 7.74 6.35 5.48 4.44 4.37 5.03 6.19 8.14 10.59 12.33 13.78 13.57 11.19 9.76 9.16 7.00 4.18 2.90 3.39 5.33 6.08 5.38 4.84 4.59 4.34 4.13 3.97 4.04 4.84 5.95 6.59 7.06 7.35 6.87 6.93 7.54 7.70 8.01 8.03 7.55 7.65 8.49 9.22 9.63 10.67 12.00 12.84 12.76 9.79 7.32 7.95 8.14 6.46 4.99 4.65
2.23 2.79 3.45 4.32 5.71 5.72 4.86 5.00 6.30 8.69 9.02 7.06 7.48 9.67 13.42 20.26 23.64 22.18 18.69 15.60 12.12 9.21 8.72 8.57 8.21 10.72 14.92 15.21 11.71 8.66 6.99 6.06 5.23 5.16 5.40 5.72 6.95 8.30 10.28 13.22 14.29 12.36 10.63 9.66 7.47 5.78 4.36 3.69 4.73 5.77 5.59 4.96 4.60 4.41 4.24 4.15 4.33 5.10 5.94 6.58 7.27 7.51 7.22 7.23 7.69 7.99 8.18 8.33 7.85 7.41 7.88 8.68 9.13 9.67 11.55 13.71 14.10 11.29 8.15 8.08 8.29 6.79 4.81 4.15
2.37 3.11 3.77 4.43 5.59 5.89 5.36 5.35 5.59 7.16 8.90 8.39 8.46 12.14 20.37 24.35 22.02 19.07 17.04 16.10 13.93 9.33 7.79 7.29 6.26 7.27 11.51 15.56 15.03 10.97 7.87 6.80 6.30 5.75 5.59 5.63 5.71 6.54 9.45 12.89 13.67 12.60 11.37 9.34 7.77 7.02 5.78 4.69 4.94 5.76 5.83 5.36 4.84 4.54 4.29 4.16 4.49 5.35 6.00 6.54 7.20 7.41 7.37 7.47 7.81 8.28 8.41 8.77 8.96 7.92 7.26 7.83 8.46 8.75 10.41 13.32 14.86 13.45 9.62 8.40 8.10 6.76 5.27 4.44
2.02 3.24 4.38 4.58 5.49 5.88 5.76 5.80 5.91 6.83 7.99 8.63 8.72 14.30 24.48 23.90 18.45 17.09 15.77 15.44 14.26 10.44 7.86 7.02 6.07 6.12 8.59 13.23 15.92 13.89 9.73 7.71 7.34 6.50 5.99 5.85 5.12 5.40 9.27 12.95 12.40 11.88 11.41 8.75 7.74 7.47 6.54 5.30 5.11 5.63 5.77 5.52 5.11 4.74 4.44 4.23 4.57 5.54 6.15 6.65 7.17 7.32 7.47 7.61 7.88 8.46 8.64 9.16 10.25 9.50 7.68 7.10 7.47 7.62 8.84 11.88 14.52 14.75 12.41 9.62 8.03 6.66 5.76 5.38
1.32 2.70 4.60 5.06 5.74 6.02 5.71 5.77 6.33 7.20 7.86 8.80 9.39 16.74 25.55 22.29 17.39 15.91 14.23 14.24 13.80 11.06 8.65 7.63 6.31 5.83 7.07 10.98 14.76 14.85 11.65 9.25 8.42 7.60 6.84 5.90 4.93 4.77 8.96 12.93 11.50 10.28 10.05 8.57 7.67 7.51 6.81 5.63 5.32 5.61 5.66 5.48 5.21 4.88 4.55 4.33 4.69 5.72 6.17 6.57 7.07 7.30 7.59 7.65 7.86 8.51 8.95 9.54 10.93 11.28 9.23 7.43 7.17 7.00 6.82 9.13 12.84 14.55 14.22 12.68 9.54 6.92 6.21 6.20
1.25 2.16 3.84 5.25 6.46 6.44 5.60 5.48 6.24 7.39 8.55 9.73 11.92 21.50 25.84 20.78 16.56 14.42 12.57 13.34 13.78 11.56 9.51 8.36 6.80 6.12 6.78 9.71 12.70 13.32 12.72 11.75 10.03 8.63 7.92 6.19 4.59 4.76 8.32 12.39 11.02 8.43 8.30 8.03 7.60 7.70 7.21 6.11 5.68 5.76 5.74 5.60 5.32 5.03 4.69 4.44 4.86 5.72 6.10 6.43 6.83 7.20 7.61 7.66 7.89 8.53 9.25 10.07 11.17 12.15 11.39 9.06 7.76 7.21 6.51 6.75 9.97 12.68 13.65 14.39 12.69 8.20 7.27 6.74
2.05 2.32 2.94 4.60 6.63 7.08 6.24 5.90 6.33 7.32 9.05 11.67 18.40 25.82 24.23 17.67 15.10 13.80 12.67 13.54 14.21 12.35 10.24 8.73 7.42 6.89 7.29 8.73 10.36 10.35 10.89 12.95 12.61 10.03 9.08 6.90 4.77 5.38 7.89 10.88 9.76 7.51 7.37 7.22 7.18 7.59 7.40 6.56 6.09 5.96 5.84 5.76 5.50 5.31 5.10 4.81 5.05 5.61 6.02 6.36 6.60 7.03 7.36 7.44 8.00 8.83 9.56 10.58 11.45 12.24 12.70 11.56 9.08 7.54 6.81 6.42 7.64 10.30 11.62 13.63 14.11 11.25 9.09 6.94
2.65 2.77 3.13 4.11 5.33 6.74 7.55 7.22 6.97 8.43 10.07 14.65 24.92 26.17 18.31 14.12 13.88 13.13 12.06 13.78 15.29 13.49 10.91 9.19 8.15 7.88 7.88 8.09 8.61 8.07 8.13 11.57 13.53 12.44 11.00 8.18 5.58 5.72 6.80 8.16 7.97 7.35 7.25 6.76 6.68 7.16 7.17 6.71 6.41 6.24 6.04 5.77 5.37 5.34 5.51 5.31 5.19 5.48 6.00 6.31 6.50 6.94 6.94 6.85 7.80 9.21 10.15 11.06 11.76 12.46 13.26 13.20 10.96 8.25 7.22 6.26 6.24 8.52 10.12 11.94 13.92 13.09 10.05 6.97
2.39 3.38 4.34 4.14 4.03 5.11 7.48 8.10 8.43 11.13 13.16 20.87 27.24 20.81 13.13 12.43 12.58 12.35 11.21 12.54 15.07 14.95 12.67 10.40 9.08 8.65 8.28 7.76 7.60 7.11 7.15 9.35 11.78 13.32 13.14 9.96 6.54 5.74 5.36 5.57 6.64 7.23 7.26 6.76 6.54 6.78 6.92 6.80 6.65 6.54 6.39 6.10 5.36 4.94 5.41 5.46 5.27 5.47 5.99 6.34 6.55 6.85 6.58 6.10 6.92 8.76 10.31 11.32 12.10 13.08 13.66 13.98 13.09 10.31 7.79 5.55 5.12 7.54 9.74 11.36 13.82 13.70 10.21 7.19
1.66 3.73 5.67 4.62 4.12 4.94 6.28 7.48 9.69 12.67 17.19 26.25 26.26 14.62 11.33 11.71 11.93 12.70 12.23 11.87 12.83 13.96 13.91 12.97 11.17 9.57 8.33 7.24 7.03 7.10 7.27 8.02 9.50 12.14 13.99 11.70 7.66 6.04 5.35 5.14 6.31 7.36 7.47 7.17 6.85 6.76 6.83 6.87 6.86 6.83 6.77 6.93 6.49 5.20 4.81 4.81 4.93 5.42 5.80 6.28 6.67 6.72 6.30 5.61 5.91 7.41 9.07 10.32 11.69 13.29 14.03 14.31 14.86 13.18 8.02 4.49 4.46 7.28 10.28 12.46 13.48 13.07 11.01 7.95
0.98 3.41 6.28 5.93 5.06 5.49 6.41 7.43 9.81 12.07 20.06 26.64 21.01 12.93 11.51 11.50 12.07 13.65 13.48 11.26 10.66 11.60 12.91 13.83 12.89 11.21 9.74 8.17 7.26 7.50 7.85 8.32 8.43 9.94 13.32 12.55 8.62 6.54 5.89 5.81 6.48 7.44 7.71 7.57 7.30 7.05 6.98 7.01 7.06 7.10 7.18 7.81 8.02 6.66 4.95 3.70 4.13 5.20 5.52 6.00 6.55 6.60 6.26 5.65 5.75 6.81 7.80 8.60 9.78 11.81 13.49 14.46 15.94 14.94 9.21 4.39 4.55 6.93 11.07 13.29 11.81 11.61 11.82 8.51
1.13 2.91 5.62 6.97 6.49 6.39 7.27 8.45 10.15 11.03 18.30 27.15 21.21 13.29 12.01 11.45 12.45 14.44 13.43 10.08 9.84 10.76 11.82 12.98 12.55 11.15 10.31 10.11 9.08 8.11 8.24 8.70 7.81 8.12 11.78 11.61 8.50 6.70 6.13 6.26 6.66 7.33 7.66 7.68 7.52 7.31 7.19 7.24 7.29 7.45 7.87 8.58 9.07 8.28 5.63 3.16 3.41 4.68 5.34 5.86 6.21 6.31 6.36 6.03 5.94 7.05 8.09 8.30 8.55 9.41 11.30 13.98 16.58 16.06 11.09 6.17 4.99 6.49 11.51 13.54 10.74 11.23 11.82 7.73
2.65 3.32 4.51 6.22 7.48 8.16 9.01 9.87 10.97 11.06 15.36 26.97 24.90 14.05 11.64 11.16 12.65 14.32 12.01 9.99 10.31 10.87 11.58 11.87 11.22 10.27 9.66 10.26 10.12 9.18 9.05 8.79 7.10 7.02 9.55 9.66 7.87 6.48 6.08 6.40 6.88 7.35 7.65 7.74 7.68 7.53 7.38 7.39 7.55 8.01 8.77 9.46 9.98 9.20 6.40 3.71 3.25 3.89 5.18 6.11 5.89 5.73 6.25 6.34 6.25 7.48 8.68 8.42 8.32 8.83 9.40 12.00 16.28 16.63 12.26 8.05 6.09 6.52 11.20 13.44 11.75 12.15 10.92 6.01
5.03 4.72 4.38 4.70 6.57 8.90 10.63 11.99 12.65 11.65 16.19 26.32 23.63 13.37 10.84 10.97 12.52 13.47 11.74 10.87 11.06 11.08 11.54 11.12 10.44 10.43 9.99 9.76 9.65 8.94 9.44 9.76 7.48 5.97 7.08 8.20 7.38 6.38 5.96 6.25 6.90 7.40 7.74 7.95 7.94 7.73 7.60 7.57 7.90 8.58 9.42 10.43 11.00 9.77 7.43 5.17 3.77 3.83 5.31 6.31 5.63 5.16 5.72 6.23 6.62 7.87 8.90 8.61 8.56 9.13 9.35 10.60 14.52 16.42 13.11 9.39 7.99 7.88 9.61 12.31 13.34 12.27 8.86 6.22
7.79 6.29 4.66 4.55 5.60 7.63 10.03 13.60 15.09 15.30 21.86 25.38 18.42 11.36 9.99 10.57 12.35 12.56 11.55 11.84 12.38 12.15 11.80 11.28 10.78 10.98 10.37 9.69 9.43 8.03 8.00 10.03 8.74 5.95 6.20 7.53 7.33 6.56 6.18 6.27 6.83 7.38 7.74 8.15 8.32 8.04 7.83 7.98 8.60 9.13 9.88 11.43 12.13 10.46 8.43 6.55 4.83 4.70 5.37 6.04 5.39 4.84 5.32 5.91 6.66 7.74 8.65 8.82 8.94 9.39 9.84 10.52 12.89 15.14 13.08 10.24 10.18 10.12 8.83 10.52 13.21 11.16 8.88 7.28
