windninja/windninja_output/Output_2025-10-23_0900-0950_Google earth_Fire_150m_10min/merlingen_7.5mi_point_10-23-2025_0940_150m_vel.asc
ncols	158
nrows	163
xllcorner	391686.332397
yllcorner	5160024.123721
cellsize	150.000000
NODATA_value	-32768.000000
[rows 76 to 113 of 163, columns 0 to 83 of 158]
4.38 4.49 4.48 4.22 4.22 4.42 4.31 4.08 3.98 3.82 3.69 3.56 3.43 3.40 3.35 3.24 3.20 3.21 3.17 3.11 3.08 3.09 3.09 3.07 2.91 2.66 2.72 3.03 3.20 3.30 3.33 3.31 3.30 3.28 3.25 3.20 3.23 3.32 3.33 3.27 3.24 3.25 3.28 3.31 3.34 3.36 3.40 3.43 3.46 3.49 3.51 3.52 3.54 3.54 3.54 3.54 3.53 3.52 3.51 3.50 3.49 3.47 3.44 3.41 3.39 3.35 3.32 3.29 3.23 3.14 3.04 2.93 2.86 2.77 2.70 2.69 2.45 2.10 2.21 3.44 4.95 4.99 3.80 2.33
3.95 4.17 4.43 4.44 4.55 4.62 4.40 4.23 4.19 4.07 3.94 3.73 3.60 3.60 3.51 3.38 3.35 3.37 3.30 3.22 3.20 3.22 3.25 3.20 2.92 2.66 2.91 3.25 3.28 3.24 3.25 3.30 3.31 3.38 3.55 3.50 3.44 3.46 3.42 3.38 3.31 3.30 3.35 3.38 3.41 3.45 3.49 3.52 3.55 3.58 3.60 3.62 3.63 3.63 3.62 3.62 3.61 3.60 3.58 3.57 3.56 3.54 3.52 3.49 3.46 3.43 3.40 3.36 3.29 3.23 3.14 3.05 2.99 2.90 2.80 2.72 2.48 2.23 2.51 3.71 4.46 3.45 2.28 1.97
3.26 3.33 4.08 5.01 5.16 4.89 4.64 4.58 4.64 4.49 4.17 3.87 3.76 3.74 3.65 3.56 3.54 3.51 3.40 3.33 3.33 3.36 3.41 3.26 2.85 2.75 3.18 3.44 3.37 3.21 3.19 3.42 3.55 3.66 3.83 3.76 3.58 3.52 3.52 3.49 3.35 3.33 3.40 3.44 3.48 3.52 3.56 3.60 3.64 3.68 3.71 3.72 3.72 3.72 3.71 3.70 3.68 3.67 3.66 3.65 3.63 3.61 3.59 3.57 3.54 3.51 3.47 3.43 3.38 3.32 3.24 3.15 3.06 2.98 2.87 2.75 2.56 2.41 2.66 3.46 3.54 2.10 1.49 1.68
2.23 2.25 3.63 5.51 6.54 6.18 5.45 5.16 5.26 4.89 4.25 3.93 3.87 3.88 3.83 3.73 3.68 3.61 3.46 3.41 3.44 3.50 3.53 3.27 2.86 2.95 3.46 3.65 3.53 3.31 3.31 3.61 3.76 3.84 3.98 3.93 3.68 3.53 3.61 3.59 3.37 3.31 3.42 3.47 3.50 3.55 3.61 3.68 3.74 3.80 3.84 3.84 3.83 3.81 3.80 3.78 3.76 3.75 3.73 3.72 3.70 3.69 3.67 3.64 3.61 3.58 3.55 3.52 3.46 3.40 3.32 3.21 3.14 3.07 2.96 2.83 2.68 2.59 2.73 3.01 2.51 1.36 1.14 1.38
1.40 1.77 3.56 5.69 7.97 8.80 7.15 6.04 5.78 5.01 4.18 3.92 3.96 3.99 3.94 3.83 3.76 3.67 3.52 3.51 3.57 3.63 3.62 3.37 3.04 3.18 3.68 3.81 3.65 3.47 3.53 3.78 3.91 3.98 4.12 4.07 3.71 3.56 3.70 3.70 3.39 3.25 3.41 3.46 3.50 3.59 3.66 3.74 3.87 3.98 4.00 3.97 3.95 3.92 3.89 3.86 3.84 3.83 3.81 3.80 3.78 3.76 3.74 3.72 3.69 3.66 3.63 3.60 3.54 3.47 3.39 3.30 3.23 3.17 3.06 2.94 2.82 2.69 2.67 2.55 1.83 1.24 1.25 1.34
0.96 1.91 4.52 7.02 9.68 9.21 6.92 6.11 5.66 4.80 4.07 3.86 3.94 3.98 3.98 3.87 3.76 3.70 3.62 3.62 3.69 3.76 3.76 3.55 3.21 3.34 3.81 3.89 3.79 3.74 3.79 3.99 4.07 4.09 4.16 4.04 3.74 3.68 3.80 3.78 3.46 3.23 3.34 3.42 3.49 3.61 3.61 3.71 4.02 4.24 4.22 4.16 4.09 4.02 3.97 3.94 3.91 3.90 3.89 3.88 3.86 3.84 3.82 3.80 3.77 3.74 3.71 3.68 3.62 3.55 3.48 3.39 3.32 3.26 3.16 3.06 2.93 2.78 2.67 2.40 1.87 1.56 1.43 1.29
1.53 3.08 6.36 9.73 10.30 7.00 4.85 4.72 4.57 4.14 3.67 3.58 3.80 3.95 3.99 3.85 3.73 3.76 3.75 3.72 3.82 3.89 3.92 3.70 3.33 3.52 3.98 4.03 3.99 3.97 3.94 4.00 3.96 3.93 3.97 3.95 3.90 3.84 3.89 3.84 3.55 3.33 3.40 3.58 3.71 3.84 3.85 3.98 4.46 4.69 4.55 4.36 4.20 4.10 4.05 4.00 3.99 3.98 3.97 3.96 3.94 3.92 3.90 3.88 3.86 3.83 3.80 3.75 3.70 3.63 3.57 3.49 3.42 3.35 3.27 3.17 3.04 2.88 2.72 2.46 2.07 1.68 1.43 1.51
6.91 7.38 8.97 9.65 7.90 5.20 3.97 3.47 3.22 3.05 2.95 3.27 3.63 3.82 3.92 3.77 3.72 3.87 3.87 3.86 3.98 4.04 4.06 3.87 3.61 3.85 4.22 4.20 4.09 4.04 3.98 3.92 3.82 3.80 3.84 3.92 4.02 3.99 3.99 3.87 3.63 3.57 3.73 4.01 4.24 4.43 4.54 4.76 5.14 5.18 4.86 4.55 4.37 4.21 4.07 4.04 4.05 4.06 4.06 4.04 4.03 4.01 3.99 3.96 3.94 3.91 3.87 3.83 3.78 3.72 3.66 3.59 3.51 3.45 3.38 3.28 3.16 2.99 2.81 2.55 2.15 1.81 1.66 2.27
9.47 8.85 7.89 6.65 5.32 4.39 3.29 2.51 2.35 2.43 2.83 3.25 3.46 3.72 3.87 3.78 3.77 3.96 4.06 4.07 4.18 4.21 4.18 4.14 4.07 4.15 4.31 4.22 4.07 4.11 4.08 3.92 3.77 3.71 3.79 3.96 4.12 4.18 4.09 3.92 3.82 3.87 4.03 4.23 4.41 4.56 4.70 4.98 5.18 5.02 4.68 4.50 4.36 4.11 3.99 4.05 4.10 4.13 4.14 4.13 4.12 4.10 4.08 4.05 4.02 3.99 3.96 3.91 3.86 3.81 3.75 3.69 3.61 3.55 3.48 3.40 3.28 3.12 2.96 2.71 2.40 2.28 2.33 3.23
11.25 9.01 6.21 5.47 4.87 3.99 2.76 2.32 2.54 2.85 3.23 3.33 3.42 3.70 3.89 3.89 3.84 4.10 4.24 4.25 4.35 4.33 4.37 4.53 4.47 4.23 4.16 4.11 4.14 4.23 4.08 3.92 3.76 3.66 3.87 4.13 4.23 4.29 4.25 4.19 4.13 4.10 4.15 4.24 4.34 4.47 4.69 4.96 5.00 4.75 4.45 4.24 4.03 3.88 3.91 4.06 4.18 4.22 4.23 4.22 4.22 4.20 4.17 4.13 4.10 4.07 4.03 3.99 3.95 3.90 3.84 3.78 3.71 3.66 3.60 3.52 3.41 3.27 3.13 2.94 2.80 2.91 3.28 4.45
12.04 9.31 6.19 5.51 4.89 4.01 2.95 2.88 3.37 3.62 3.53 3.34 3.49 3.67 3.90 3.92 3.87 4.16 4.33 4.41 4.45 4.40 4.61 4.99 4.86 4.32 4.10 4.20 4.35 4.27 4.00 3.98 3.92 3.87 4.18 4.36 4.29 4.35 4.48 4.51 4.42 4.28 4.22 4.24 4.36 4.53 4.82 5.06 5.04 4.74 4.36 4.09 3.99 3.94 3.97 4.13 4.26 4.30 4.33 4.35 4.34 4.30 4.26 4.21 4.18 4.14 4.11 4.08 4.03 3.98 3.93 3.87 3.82 3.76 3.71 3.63 3.55 3.45 3.37 3.29 3.29 3.61 4.29 5.72
11.30 8.80 6.39 5.71 4.88 4.22 3.64 3.74 4.25 4.17 3.50 3.33 3.65 3.62 3.81 3.91 3.81 4.17 4.50 4.72 4.66 4.65 5.32 6.09 5.65 4.64 4.26 4.38 4.41 4.20 4.01 4.09 4.12 4.11 4.33 4.41 4.33 4.46 4.68 4.76 4.66 4.44 4.24 4.23 4.38 4.61 4.95 5.14 5.07 4.71 4.31 4.14 4.07 4.04 4.10 4.24 4.34 4.44 4.50 4.50 4.47 4.41 4.35 4.29 4.25 4.22 4.19 4.15 4.11 4.07 4.02 3.97 3.92 3.87 3.82 3.76 3.71 3.66 3.63 3.62 3.72 4.12 4.83 6.03
9.69 8.44 6.83 6.05 5.09 4.58 4.51 4.46 4.39 4.12 3.59 3.71 3.95 3.66 3.76 3.79 3.71 4.27 4.88 5.35 5.32 5.64 7.38 7.97 6.36 4.63 4.19 4.27 4.21 4.11 4.09 4.17 4.21 4.21 4.30 4.39 4.37 4.44 4.69 4.87 4.82 4.59 4.33 4.30 4.43 4.72 5.06 5.19 5.07 4.79 4.51 4.30 4.13 4.18 4.31 4.37 4.49 4.63 4.68 4.69 4.64 4.52 4.42 4.36 4.32 4.29 4.26 4.23 4.19 4.15 4.11 4.07 4.03 3.98 3.93 3.90 3.88 3.85 3.84 3.85 3.95 4.23 4.77 5.82
8.80 8.44 7.37 6.15 5.33 4.88 4.78 4.59 4.10 4.19 4.53 4.44 4.08 3.65 3.50 3.37 3.74 4.61 5.60 6.46 6.91 8.39 9.61 8.19 5.24 3.84 3.75 3.97 4.01 4.08 4.15 4.24 4.29 4.29 4.37 4.52 4.42 4.34 4.53 4.86 4.94 4.73 4.49 4.35 4.48 4.77 5.02 5.21 5.19 5.00 4.80 4.57 4.47 4.54 4.54 4.49 4.53 4.70 4.99 5.09 4.86 4.60 4.48 4.41 4.37 4.34 4.32 4.30 4.27 4.24 4.21 4.16 4.12 4.08 4.05 4.03 4.02 4.01 4.00 4.03 4.12 4.29 4.60 5.25
8.99 8.30 6.88 5.80 5.41 5.02 4.73 4.51 4.14 4.79 5.62 4.94 3.91 3.47 3.19 3.15 3.88 5.01 6.67 8.56 10.18 10.99 9.45 6.02 3.68 3.03 3.32 3.71 3.89 4.03 4.19 4.31 4.35 4.34 4.49 4.66 4.49 4.37 4.50 4.87 5.11 4.93 4.63 4.43 4.51 4.69 4.90 5.25 5.39 5.26 5.11 4.98 4.93 4.84 4.54 4.33 4.39 4.89 5.74 5.72 5.02 4.59 4.47 4.43 4.41 4.40 4.39 4.38 4.36 4.33 4.29 4.25 4.21 4.19 4.17 4.15 4.14 4.13 4.14 4.19 4.28 4.38 4.54 4.95
9.10 7.94 6.45 6.09 6.10 5.62 5.10 4.81 4.61 5.47 6.17 5.05 3.71 3.39 3.34 3.51 4.13 5.18 7.44 11.00 12.38 10.61 6.53 3.91 2.68 2.46 2.97 3.46 3.75 4.00 4.21 4.35 4.44 4.48 4.63 4.79 4.67 4.61 4.68 4.86 5.10 5.02 4.82 4.68 4.62 4.64 4.83 5.24 5.54 5.62 5.51 5.39 5.28 5.00 4.44 4.24 4.83 5.86 6.60 6.05 4.91 4.44 4.40 4.42 4.45 4.45 4.46 4.45 4.43 4.40 4.36 4.33 4.31 4.29 4.27 4.26 4.25 4.25 4.27 4.33 4.41 4.49 4.65 5.02
9.15 8.20 7.12 7.06 7.21 7.05 6.95 6.69 5.99 6.07 6.34 5.15 3.87 3.60 3.62 4.08 4.79 5.95 9.21 12.51 11.64 6.59 3.55 2.27 1.76 1.94 2.69 3.30 3.71 4.03 4.23 4.44 4.65 4.73 4.82 4.92 4.86 4.84 4.86 4.81 4.80 4.90 5.01 4.94 4.74 4.61 4.71 5.10 5.62 5.98 5.96 5.82 5.59 5.12 4.55 4.79 5.96 6.65 6.48 5.53 4.52 4.21 4.29 4.41 4.46 4.51 4.53 4.53 4.50 4.47 4.44 4.42 4.41 4.39 4.37 4.35 4.35 4.36 4.39 4.44 4.50 4.59 4.77 5.02
9.69 8.98 8.08 8.02 8.48 8.71 8.55 8.06 7.20 6.67 6.90 6.40 5.64 5.63 5.50 5.95 7.23 9.12 11.78 11.84 7.98 2.81 1.58 1.20 1.21 1.77 2.68 3.33 3.74 4.05 4.25 4.62 4.98 5.03 4.96 4.97 4.99 5.01 5.03 4.85 4.55 4.61 5.07 5.19 4.83 4.58 4.66 5.06 5.74 6.23 6.59 6.62 5.91 5.18 4.83 5.26 6.15 6.16 5.57 4.96 4.35 4.05 4.17 4.37 4.49 4.58 4.61 4.59 4.56 4.54 4.53 4.52 4.50 4.47 4.45 4.44 4.44 4.46 4.49 4.52 4.58 4.66 4.78 4.95
10.66 9.78 8.61 8.66 9.35 9.13 8.00 6.79 6.14 6.82 7.57 7.42 7.17 7.16 7.17 7.82 8.77 10.01 10.85 7.98 3.58 1.29 0.71 0.73 1.08 1.97 2.87 3.38 3.72 3.98 4.29 4.96 5.51 5.37 5.05 5.01 5.15 5.23 5.23 5.01 4.61 4.46 4.98 5.36 4.99 4.79 4.92 5.28 5.99 6.62 7.60 7.61 5.91 5.05 5.03 5.26 5.69 5.62 5.21 4.89 4.52 4.11 4.13 4.39 4.57 4.66 4.66 4.64 4.63 4.63 4.63 4.61 4.57 4.54 4.53 4.53 4.54 4.55 4.57 4.60 4.64 4.70 4.79 4.92
11.50 10.41 9.03 9.16 9.58 8.56 6.74 5.21 4.93 6.07 7.00 6.50 5.50 4.37 4.67 6.10 7.02 7.73 8.51 5.66 2.49 2.31 1.88 1.49 1.67 2.44 3.02 3.41 3.68 3.97 4.65 5.66 6.06 5.57 5.02 5.07 5.35 5.44 5.40 5.24 4.87 4.62 4.96 5.40 5.36 5.36 5.55 5.96 6.71 7.75 8.58 7.62 5.41 4.76 5.04 5.27 5.49 5.50 5.21 4.95 4.70 4.28 4.26 4.54 4.67 4.71 4.70 4.71 4.74 4.75 4.72 4.67 4.63 4.61 4.61 4.62 4.62 4.63 4.64 4.66 4.69 4.73 4.79 4.86
11.97 11.23 10.00 9.61 9.28 7.69 6.02 4.79 4.39 4.71 5.19 5.08 3.83 3.23 3.65 5.06 5.88 7.64 8.16 4.69 3.67 3.96 3.38 2.66 2.62 2.95 3.20 3.51 3.80 4.35 5.45 6.17 6.10 5.48 5.00 5.19 5.53 5.63 5.60 5.48 5.20 4.90 5.00 5.48 5.87 6.03 6.41 7.11 7.99 8.54 7.94 6.32 4.92 4.55 4.99 5.34 5.39 5.35 5.12 4.96 4.78 4.46 4.48 4.69 4.75 4.76 4.78 4.83 4.87 4.83 4.76 4.70 4.68 4.69 4.70 4.71 4.70 4.70 4.70 4.72 4.74 4.76 4.79 4.82
12.96 12.27 10.76 9.32 8.26 7.08 5.88 4.89 4.38 4.12 4.15 3.54 2.72 3.04 3.94 5.18 6.28 7.69 7.76 5.74 4.99 4.79 4.90 4.36 3.68 3.38 3.37 3.63 4.12 4.88 5.75 6.00 5.84 5.51 5.20 5.36 5.71 5.91 5.90 5.76 5.58 5.23 5.11 5.65 6.23 6.39 6.87 7.63 8.02 7.49 6.21 5.50 5.03 4.66 4.99 5.34 5.34 5.23 5.07 4.97 4.76 4.61 4.70 4.82 4.86 4.87 4.91 4.95 4.94 4.86 4.78 4.76 4.76 4.78 4.78 4.78 4.77 4.77 4.77 4.78 4.78 4.79 4.80 4.80
14.48 13.12 10.47 8.39 7.44 6.99 6.05 5.29 4.83 4.27 3.83 3.26 2.61 2.82 4.09 5.52 6.69 7.00 5.99 5.96 5.75 5.42 6.31 6.16 4.68 3.40 3.29 3.74 4.35 5.07 5.68 5.85 5.88 5.81 5.58 5.66 6.04 6.34 6.28 6.09 5.93 5.58 5.35 5.69 6.15 6.35 6.88 7.48 7.31 6.55 5.80 5.56 5.33 5.01 5.13 5.39 5.48 5.35 5.15 4.98 4.76 4.75 4.91 5.00 4.99 5.00 5.03 5.02 4.96 4.88 4.83 4.84 4.85 4.85 4.86 4.86 4.85 4.85 4.84 4.83 4.83 4.82 4.81 4.80
15.38 12.98 9.66 7.95 7.08 6.54 5.79 5.55 5.27 4.57 4.11 3.57 2.90 2.96 4.08 5.63 6.49 5.95 5.27 5.40 5.73 6.69 8.19 7.25 4.16 2.67 3.15 3.85 4.42 5.11 5.76 5.97 6.09 6.16 6.07 6.21 6.58 6.84 6.74 6.46 6.22 5.97 5.73 5.71 6.08 6.59 7.04 7.23 6.94 6.40 6.08 5.83 5.55 5.45 5.46 5.59 5.61 5.52 5.29 5.02 4.86 4.92 5.14 5.18 5.16 5.15 5.13 5.07 4.97 4.92 4.90 4.91 4.92 4.92 4.93 4.93 4.93 4.92 4.91 4.90 4.88 4.86 4.84 4.81
13.74 11.82 9.28 8.04 6.94 6.19 5.65 5.42 5.27 4.78 4.53 4.04 3.47 3.56 4.21 5.49 6.29 5.28 4.45 4.66 6.04 8.59 8.81 5.39 2.92 2.83 3.54 4.12 4.55 5.22 5.95 6.31 6.48 6.65 6.71 6.85 7.05 7.20 7.29 6.99 6.60 6.40 6.09 5.86 6.21 6.77 7.00 6.98 6.76 6.47 6.37 6.08 5.77 5.83 5.87 5.79 5.57 5.67 5.61 5.18 4.99 5.08 5.27 5.40 5.45 5.35 5.27 5.13 4.96 4.94 4.95 4.96 4.98 5.00 5.01 5.01 5.00 5.00 4.98 4.96 4.94 4.91 4.87 4.83
11.54 10.35 8.92 7.93 6.65 6.01 5.78 5.47 5.10 4.78 4.61 4.17 3.70 3.89 4.47 5.32 6.00 5.17 3.98 5.47 8.39 9.19 6.96 4.88 4.02 3.75 4.15 4.56 4.83 5.42 6.28 6.90 7.16 7.39 7.42 7.31 7.32 7.57 7.95 7.66 6.97 6.66 6.37 6.12 6.21 6.52 6.83 6.89 6.72 6.61 6.53 6.25 5.99 6.00 6.10 5.88 5.63 5.93 5.88 5.33 5.06 5.11 5.35 5.67 5.76 5.56 5.38 5.10 4.84 4.86 4.98 5.06 5.08 5.09 5.09 5.09 5.09 5.08 5.06 5.04 5.01 4.97 4.92 4.87
9.85 9.15 8.19 7.38 6.41 5.86 5.73 5.52 5.11 4.74 4.53 4.20 3.63 3.51 4.11 5.16 5.97 5.60 5.03 7.09 8.97 6.98 5.56 5.34 4.85 4.58 4.73 5.01 5.21 5.79 6.79 7.62 7.99 8.18 8.09 7.79 7.76 8.20 8.61 8.17 7.24 6.77 6.64 6.44 6.36 6.67 7.09 7.11 6.86 6.69 6.47 6.35 6.22 6.14 6.26 6.04 5.95 6.09 5.91 5.60 5.33 5.30 5.54 5.83 5.95 5.70 5.31 4.91 4.61 4.72 5.09 5.26 5.18 5.13 5.15 5.17 5.18 5.18 5.16 5.13 5.08 5.04 4.98 4.91
8.57 8.11 7.34 6.76 6.20 5.76 5.58 5.42 5.18 4.78 4.50 4.29 3.66 3.38 3.98 5.11 6.22 6.06 5.88 7.54 7.88 6.40 5.94 5.80 5.43 5.32 5.51 5.53 5.66 6.46 7.38 8.14 8.71 8.88 8.78 8.57 8.50 8.77 8.91 8.43 7.55 7.02 6.96 6.84 6.76 6.92 7.14 7.07 6.72 6.50 6.41 6.50 6.50 6.40 6.51 6.33 6.17 6.09 6.00 5.99 5.80 5.60 5.59 5.84 6.08 5.76 5.19 4.72 4.42 4.63 5.28 5.51 5.23 5.14 5.20 5.24 5.30 5.30 5.27 5.22 5.18 5.12 5.04 4.96
7.50 7.14 6.54 6.24 5.96 5.67 5.47 5.24 5.18 4.98 4.63 4.44 4.06 3.97 4.35 5.03 6.19 6.27 6.05 6.78 7.01 6.80 6.58 6.24 5.85 5.95 6.41 6.42 6.46 7.38 7.95 8.45 9.30 9.58 9.54 9.56 9.37 9.18 9.10 8.77 8.10 7.53 7.31 7.26 7.10 6.93 6.95 6.84 6.47 6.39 6.57 6.71 6.75 6.68 6.61 6.43 6.24 6.14 6.20 6.22 5.96 5.59 5.50 5.91 6.09 5.75 5.20 4.68 4.39 4.68 5.35 5.55 5.27 5.07 5.14 5.35 5.50 5.48 5.39 5.33 5.29 5.22 5.12 5.01
6.46 6.19 5.77 5.72 5.73 5.56 5.37 5.06 5.12 5.29 4.98 4.75 4.66 4.49 4.56 5.00 5.76 6.03 5.89 6.14 6.27 6.50 6.76 6.46 6.21 6.45 7.13 7.34 7.52 8.34 8.60 9.12 9.81 10.04 10.28 10.77 10.66 10.01 9.71 9.38 8.81 8.03 7.70 7.73 7.42 7.11 7.03 6.86 6.58 6.64 6.93 6.99 6.92 6.84 6.68 6.47 6.28 6.21 6.30 6.30 5.97 5.60 5.65 5.97 5.94 5.71 5.32 4.71 4.38 4.73 5.21 5.38 5.40 5.14 5.23 5.68 5.82 5.57 5.40 5.48 5.50 5.37 5.20 5.05
5.41 5.26 5.04 5.20 5.49 5.43 5.21 4.95 5.13 5.59 5.43 5.19 5.07 4.73 4.70 4.87 5.26 5.54 5.37 5.43 5.86 6.46 6.38 6.19 6.53 6.86 7.48 8.05 8.82 9.45 9.81 10.19 9.92 9.94 11.30 12.72 12.40 11.10 10.33 9.82 9.16 8.37 8.22 8.18 7.71 7.42 7.18 6.95 6.83 6.91 7.20 7.19 6.93 6.85 6.79 6.54 6.31 6.23 6.31 6.30 6.00 5.80 5.91 6.03 5.91 5.75 5.44 4.75 4.34 4.64 5.04 5.25 5.54 5.58 5.71 6.11 6.03 5.52 5.45 5.84 5.91 5.55 5.23 5.07
4.45 4.40 4.42 4.73 5.17 5.32 5.22 5.06 5.27 5.94 6.04 5.66 5.10 4.65 4.72 4.64 4.85 5.02 4.75 4.81 5.63 6.66 6.06 5.41 6.27 7.17 7.59 8.32 10.01 11.02 11.09 10.70 9.11 9.67 13.23 15.06 13.68 11.31 10.44 10.20 9.40 8.83 8.84 8.61 8.19 7.92 7.52 7.30 7.15 7.01 7.12 7.09 6.82 6.77 6.76 6.58 6.35 6.27 6.30 6.22 6.13 6.12 6.11 6.09 6.01 5.72 5.42 4.88 4.35 4.43 4.95 5.33 5.70 5.98 6.09 6.27 6.13 5.75 5.79 6.22 6.23 5.65 5.22 5.07
3.71 3.67 3.92 4.52 5.05 5.40 5.72 5.69 5.87 6.13 6.00 5.40 4.54 4.44 4.84 4.78 4.72 4.51 4.23 4.48 5.57 6.84 6.17 4.83 5.40 6.91 7.67 8.03 10.62 12.68 11.74 10.67 8.62 10.11 15.64 16.40 13.33 11.01 11.09 11.16 9.86 9.20 9.44 9.26 8.74 8.36 8.04 7.76 7.39 7.07 7.01 6.99 6.83 6.73 6.66 6.54 6.43 6.37 6.36 6.22 6.24 6.46 6.35 6.06 5.94 5.62 5.32 5.03 4.50 4.32 4.79 5.49 5.98 6.20 6.36 6.47 6.44 6.21 6.00 6.15 6.20 5.77 5.30 5.04
3.17 3.21 3.89 4.96 5.70 6.09 6.06 5.76 5.61 5.43 5.40 5.13 4.37 4.51 5.22 5.36 4.79 3.79 3.74 4.78 6.21 7.02 6.09 4.64 4.56 6.13 7.47 7.86 10.91 13.64 12.10 10.81 9.55 11.49 16.95 16.29 12.57 11.84 12.69 11.71 9.29 9.14 10.13 9.74 8.95 8.77 8.55 7.93 7.36 7.14 7.13 7.12 6.97 6.74 6.57 6.49 6.45 6.56 6.62 6.34 6.24 6.66 6.54 5.85 5.72 5.66 5.33 5.15 4.73 4.29 4.50 5.56 6.41 6.48 6.58 6.69 6.71 6.45 5.97 5.97 6.15 6.05 5.53 5.01
3.20 3.40 4.52 5.53 5.88 5.76 5.26 4.96 4.96 4.97 5.22 5.16 4.55 4.77 5.75 6.13 4.87 2.86 3.17 5.16 7.00 7.37 5.87 4.58 4.39 5.38 6.81 7.84 11.29 14.00 12.62 11.21 10.55 12.91 17.68 16.84 13.93 14.06 13.35 10.55 8.65 9.86 10.84 9.80 9.17 9.28 8.79 7.90 7.44 7.36 7.29 7.16 6.87 6.65 6.62 6.52 6.42 6.72 6.88 6.33 6.12 6.57 6.45 5.66 5.56 5.79 5.60 5.28 4.84 4.37 4.54 5.74 6.78 6.72 6.67 6.78 6.72 6.45 6.09 6.06 6.17 6.29 5.77 4.98
3.45 3.79 4.72 5.18 5.08 4.83 4.55 4.58 4.70 4.77 5.08 5.36 4.99 5.21 6.46 6.89 4.88 2.13 2.51 5.13 7.47 8.08 6.11 4.59 4.54 5.37 6.50 7.77 10.71 13.59 13.54 11.91 11.15 13.99 18.89 18.80 16.63 15.45 12.82 9.72 9.56 10.67 10.96 10.13 9.74 9.42 8.52 7.77 7.61 7.57 7.36 6.97 6.50 6.52 6.78 6.56 6.32 6.69 6.94 6.40 6.03 6.27 6.25 5.79 5.64 5.93 5.95 5.45 4.90 4.66 4.91 5.87 6.76 6.77 6.72 6.83 6.66 6.39 6.32 6.33 6.36 6.44 5.92 5.09
3.30 3.53 4.12 4.30 4.35 4.33 4.30 4.40 4.56 4.51 4.81 5.87 6.01 5.84 6.98 7.36 4.82 2.03 2.17 4.65 7.12 8.53 7.02 4.56 4.49 6.33 7.34 8.24 9.69 12.04 13.75 13.23 12.46 15.90 20.70 20.33 17.74 14.80 11.01 9.65 9.57 9.53 10.39 11.22 10.62 9.40 8.24 7.65 7.58 7.59 7.42 6.87 6.39 6.60 6.89 6.55 6.28 6.58 6.95 6.59 6.05 5.99 6.11 6.04 5.91 5.99 6.10 5.69 5.17 4.96 5.13 5.84 6.58 6.78 6.81 6.91 6.73 6.42 6.54 6.69 6.70 6.65 6.01 5.23
3.21 3.18 3.42 3.70 4.06 4.20 4.22 4.32 4.39 4.25 4.73 6.47 7.01 6.33 7.09 7.70 5.16 2.80 3.24 4.48 6.40 8.40 7.62 4.72 4.84 7.61 8.55 9.16 9.38 10.21 12.61 14.19 15.11 18.82 22.13 19.91 15.73 12.22 9.70 8.76 7.85 8.36 11.07 12.45 10.96 8.97 8.06 7.89 7.79 7.70 7.47 6.93 6.61 6.73 6.85 6.60 6.34 6.44 6.84 6.71 6.18 5.82 5.99 6.37 6.13 6.01 6.11 5.89 5.69 5.41 5.39 6.01 6.63 6.69 6.79 7.06 6.95 6.65 6.64 6.77 7.09 6.90 5.88 5.17
