windninja/windninja_output/Output_2025-10-23_0900-0950_Google earth_Fire_150m_10min/merlingen_7.5mi_point_10-23-2025_0950_150m_ang.asc
ncols	158
nrows	163
xllcorner	391686.332397
yllcorner	5160024.123721
cellsize	150.000000
NODATA_value	-32768.000000
[rows 0 to 45 of 163, columns 0 to 95 of 158]
226 225 223 220 218 219 218 215 215 215 214 212 209 210 215 223 230 232 231 234 228 214 211 214 218 221 220 217 216 217 217 219 221 220 219 224 228 229 231 228 225 225 226 228 230 231 235 234 226 222 220 219 219 221 222 222 223 224 226 226 225 224 224 224 222 221 223 226 230 232 232 231 230 230 230 232 233 236 239 239 238 237 237 241 244 244 241 241 243 242 242 244 244 243 243 244
225 225 222 220 220 220 219 218 219 218 215 210 206 209 215 221 225 224 225 226 221 210 209 214 218 220 218 216 217 219 219 220 221 220 220 224 225 225 225 224 223 223 224 225 226 226 227 227 224 223 222 222 223 224 224 224 224 224 226 226 226 225 225 225 223 223 225 228 231 232 231 231 231 231 232 233 233 236 239 238 237 237 239 241 243 245 243 243 244 245 246 247 247 248 247 248
221 222 220 219 221 220 219 220 221 218 211 205 203 207 214 219 219 217 219 219 215 208 206 213 218 219 218 217 219 220 222 222 221 221 222 222 221 221 221 220 220 221 221 222 222 221 221 221 221 222 223 224 225 226 226 225 224 225 226 226 225 225 225 226 225 226 228 231 233 232 231 231 232 233 234 233 233 237 239 238 235 238 242 242 243 246 245 244 245 247 251 253 253 254 255 256
214 217 218 217 219 217 215 215 213 210 206 201 202 207 213 219 219 217 218 218 216 211 206 208 216 217 216 216 216 217 220 221 222 222 221 220 221 222 221 220 219 218 219 221 220 219 220 220 219 219 219 220 222 224 224 224 225 226 227 227 226 225 226 227 227 227 229 233 235 233 231 232 234 236 236 236 236 239 240 238 235 238 241 241 245 248 245 244 246 248 251 255 258 259 261 264
208 213 216 216 216 214 212 212 211 209 206 202 201 207 214 220 221 221 221 221 219 216 209 204 211 214 214 213 212 213 215 217 219 219 219 220 221 221 220 218 217 216 217 218 218 219 220 220 220 220 220 220 222 224 225 226 227 228 228 228 228 227 227 228 228 229 230 234 236 234 233 235 236 237 237 238 241 243 241 239 237 240 243 243 247 249 249 250 251 250 251 255 260 264 267 271
208 211 214 215 215 213 212 213 213 211 208 204 201 207 216 221 223 224 223 224 223 221 214 204 208 213 213 213 213 212 213 215 216 216 216 217 218 217 217 216 215 216 218 219 220 221 221 221 222 222 221 222 224 225 227 227 228 228 228 228 228 228 228 229 229 230 231 234 236 233 233 236 238 237 236 238 241 244 243 240 240 244 247 247 248 250 252 256 260 259 258 260 263 268 273 275
212 213 214 214 214 214 214 215 214 212 209 205 202 208 219 223 223 224 223 223 223 223 218 208 207 213 215 216 215 213 213 215 216 216 215 215 215 215 216 216 217 218 221 222 223 224 224 224 223 223 222 223 224 225 227 229 229 229 229 228 228 226 226 228 230 230 232 235 236 233 231 235 237 236 235 237 239 242 240 238 242 247 249 250 251 252 254 259 266 269 270 269 268 270 273 276
212 213 214 215 216 217 218 218 216 213 209 205 202 208 219 223 222 223 222 221 222 223 220 213 208 210 214 216 215 215 216 218 219 218 218 218 217 218 219 220 221 222 224 225 226 226 226 225 225 224 224 225 225 225 228 230 229 229 229 228 227 225 225 227 228 230 233 236 236 233 233 236 236 235 235 238 241 241 237 237 246 250 249 250 251 252 255 259 265 272 276 276 274 274 276 280
211 213 214 215 217 220 221 220 217 213 210 205 201 206 217 222 221 222 222 222 222 223 221 216 209 204 210 215 215 217 220 221 220 221 223 223 223 223 224 225 226 227 227 227 228 227 227 227 226 224 224 227 226 226 230 231 229 229 229 228 228 227 227 228 229 232 234 235 235 233 235 239 239 237 237 240 243 241 237 241 249 253 253 252 252 253 255 259 264 269 274 277 278 281 283 286
211 213 215 215 216 218 220 219 216 213 211 207 203 206 216 221 221 221 221 221 222 222 220 216 211 205 205 213 215 216 221 221 220 223 226 226 226 226 227 228 229 229 229 229 229 229 228 229 228 225 226 229 227 229 232 233 231 231 231 231 232 233 232 233 235 236 236 236 234 234 237 241 241 240 240 241 244 243 240 244 249 252 255 257 258 259 259 262 266 268 270 275 280 284 286 286
212 213 215 215 215 216 217 216 215 213 212 209 205 206 215 222 223 222 220 220 221 220 220 217 212 208 204 210 214 217 222 223 223 227 229 228 227 227 228 228 228 229 229 229 231 232 230 231 231 229 232 233 231 233 237 237 237 238 238 237 238 240 239 240 244 244 242 239 235 236 240 242 241 241 240 242 245 247 246 248 249 250 252 257 263 265 266 268 269 268 268 273 278 281 283 284
212 213 214 215 215 215 216 215 215 213 213 211 208 207 214 222 223 223 222 222 222 222 221 218 215 212 209 212 218 221 225 227 227 230 231 231 230 229 229 229 229 230 230 229 231 232 232 234 236 238 242 243 243 245 248 247 245 245 245 244 247 249 249 253 255 253 250 244 238 240 242 242 241 240 238 240 243 246 250 252 251 250 251 254 262 266 267 268 268 268 270 272 275 280 283 283
212 213 214 214 214 215 215 215 215 214 214 212 210 210 216 223 225 224 223 223 224 224 224 222 220 218 216 218 222 225 227 228 229 230 231 232 232 232 231 230 230 231 229 228 231 232 232 235 240 245 248 251 253 256 258 258 254 250 247 249 254 256 260 266 268 265 260 254 248 246 245 243 243 241 239 240 241 244 246 248 250 252 253 256 260 262 265 266 266 268 272 272 273 280 282 281
212 213 213 214 214 215 215 216 216 215 215 214 212 211 217 226 230 227 226 226 225 225 227 227 225 222 220 220 222 224 228 230 231 231 230 232 232 232 232 231 233 234 234 236 239 239 235 234 238 244 248 250 252 255 260 264 262 255 247 247 251 254 257 263 267 268 268 269 268 260 251 247 246 245 243 245 247 248 247 247 252 256 258 259 259 259 264 264 263 266 272 272 271 274 278 277
213 213 213 214 214 215 215 216 216 215 215 214 212 210 215 224 229 228 228 229 229 228 229 228 227 224 221 221 223 224 228 231 232 230 229 230 231 232 234 236 240 241 243 248 249 246 243 238 234 236 240 243 243 246 250 254 256 250 241 241 245 247 249 249 250 256 262 267 276 279 265 255 252 249 247 250 253 253 251 254 259 261 261 261 258 259 263 262 259 262 269 270 268 269 273 276
213 213 213 214 214 215 216 216 216 216 215 215 213 209 212 220 224 224 225 228 229 228 227 226 226 224 221 221 223 224 226 227 226 227 230 234 238 240 240 243 246 245 244 245 243 240 241 242 237 235 235 234 232 233 235 237 239 237 233 238 243 245 245 241 239 245 250 255 262 275 282 269 260 253 250 253 254 253 255 260 263 263 263 262 260 259 260 260 259 259 264 268 268 269 273 277
212 213 213 214 214 215 215 216 216 216 216 215 214 211 212 220 224 223 222 224 225 225 224 225 225 224 222 221 222 222 225 226 227 230 237 242 246 246 244 242 241 238 236 237 235 234 235 235 236 237 235 230 228 230 231 232 233 232 229 235 242 244 243 238 238 243 246 250 253 257 270 277 270 263 258 256 253 254 259 261 260 259 260 260 260 260 259 258 262 265 267 269 270 272 275 278
212 212 213 214 214 215 215 215 216 216 216 216 216 214 215 222 227 226 224 224 224 225 225 226 227 226 224 223 224 225 228 229 230 233 236 239 239 238 236 235 234 233 235 236 234 234 233 231 231 234 235 232 231 232 232 232 233 231 228 233 240 242 240 236 238 242 245 248 248 249 255 264 269 270 268 260 257 258 261 259 256 257 259 257 257 259 259 260 265 273 276 273 272 274 276 278
212 212 213 213 214 215 215 216 216 216 217 217 217 217 218 223 228 228 228 228 228 227 227 228 229 229 228 227 228 230 232 231 230 230 232 234 235 234 233 234 235 235 236 235 234 235 235 232 231 233 235 236 235 233 232 232 232 232 231 234 238 240 238 236 239 242 245 246 245 248 251 251 256 262 266 266 265 264 261 258 258 261 260 258 257 258 260 263 267 274 281 279 276 278 279 280
212 212 213 213 214 214 215 216 216 216 217 218 218 218 220 223 227 229 229 229 228 227 227 227 228 228 228 228 228 230 230 229 229 231 235 237 237 235 233 233 232 231 232 232 232 233 234 233 233 236 237 237 237 234 232 231 231 232 234 236 239 240 240 240 242 245 246 245 244 247 248 245 247 251 254 258 261 262 261 260 261 263 264 263 261 260 261 263 267 273 281 284 280 280 282 284
213 212 212 213 214 214 215 216 216 216 217 218 218 219 220 222 224 226 227 226 225 225 225 225 226 227 227 227 227 228 226 225 227 230 232 232 232 230 227 227 228 229 230 231 232 234 235 234 233 236 237 236 236 235 235 234 233 233 234 236 237 240 242 242 243 245 245 245 246 246 243 241 245 249 251 249 248 251 255 259 262 263 264 265 265 264 263 263 268 274 282 287 283 281 284 288
212 212 212 213 214 214 215 216 216 216 217 218 219 219 220 221 222 223 224 224 224 224 224 224 225 226 227 227 227 226 224 222 223 226 226 225 227 226 224 226 227 228 230 231 234 235 236 234 233 233 235 235 235 236 237 237 237 236 235 235 235 239 242 242 243 245 244 245 246 243 239 238 243 250 253 248 245 246 250 254 258 261 262 266 268 266 265 266 271 276 282 289 285 283 287 292
212 212 212 213 213 214 215 216 216 217 217 218 219 219 220 220 221 222 223 223 223 223 223 223 224 225 225 225 226 225 223 219 221 225 226 228 229 228 228 228 228 228 229 232 234 235 234 232 231 232 234 235 235 236 236 236 237 237 235 234 235 239 242 243 244 245 243 244 243 238 236 238 243 249 252 249 246 248 249 251 253 255 259 265 269 271 270 270 273 277 282 289 287 285 288 293
212 212 212 213 213 214 215 216 217 217 217 217 218 219 219 220 220 221 222 222 222 222 222 222 222 224 224 226 227 227 224 220 223 228 230 232 233 233 231 230 228 228 229 231 233 233 231 231 232 232 235 236 235 236 236 235 237 237 234 233 235 240 244 247 247 244 242 242 239 237 236 239 246 251 250 246 247 253 254 252 251 252 256 261 268 274 277 275 274 276 281 287 287 285 288 294
212 212 212 213 214 214 215 216 217 217 217 217 218 219 219 219 220 221 221 221 221 222 222 221 221 223 224 227 230 231 227 225 227 230 231 232 233 234 234 231 229 228 228 230 232 230 229 231 232 233 235 236 236 236 235 234 235 235 233 234 237 242 246 249 248 245 243 241 239 239 241 245 251 253 248 242 248 259 260 256 253 253 254 256 263 272 279 278 277 277 281 286 287 287 290 294
212 212 212 213 214 214 215 216 217 217 217 218 218 219 219 219 220 220 221 221 221 221 221 221 220 220 221 225 230 232 230 230 230 229 229 229 230 233 234 232 230 228 228 231 232 229 229 232 232 233 235 236 238 239 237 234 232 233 234 237 241 246 248 246 241 238 238 236 236 240 245 252 256 253 244 237 246 260 266 263 260 257 254 254 260 268 276 278 278 280 284 292 290 290 292 296
212 212 212 213 214 214 215 216 217 217 217 218 218 219 219 220 220 220 221 221 221 221 220 219 218 217 217 223 228 230 230 232 234 233 230 227 227 231 234 231 228 228 229 232 232 227 228 231 232 231 231 235 238 239 238 232 228 231 235 238 246 252 251 244 237 234 231 230 233 239 248 256 256 250 240 233 243 255 268 273 268 263 259 259 262 266 270 273 276 280 287 297 296 293 295 298
211 212 212 213 214 214 215 216 217 217 217 218 219 219 219 220 220 220 220 220 220 219 219 217 216 213 214 221 225 226 228 232 235 235 235 230 228 232 234 231 227 228 229 230 228 223 223 227 230 230 228 230 233 235 235 226 221 227 233 238 246 252 251 244 239 235 230 228 233 242 251 254 252 247 238 233 242 252 261 273 275 270 267 267 268 267 266 268 272 277 286 298 301 297 297 301
211 212 212 213 214 214 215 216 217 217 218 218 219 219 219 220 220 220 219 219 219 219 218 217 214 211 211 216 219 220 224 228 230 231 231 227 226 230 232 228 223 225 225 225 223 220 221 224 228 228 224 226 230 232 232 219 212 224 234 241 247 247 243 238 237 235 229 228 238 248 252 250 246 242 237 236 246 253 257 265 276 277 273 272 271 268 266 269 272 274 281 294 302 301 301 304
211 212 213 213 214 214 215 216 217 217 218 218 219 219 219 219 219 219 219 219 219 219 218 216 213 209 209 213 215 215 219 223 226 226 223 215 215 223 227 223 218 219 218 220 219 217 219 221 225 223 218 221 226 228 227 216 210 225 237 246 250 246 239 234 235 235 230 231 244 253 254 249 243 239 236 240 250 254 256 262 274 281 278 274 271 269 270 275 276 275 277 287 299 302 302 304
212 212 212 213 215 215 215 216 217 217 218 218 219 219 219 219 219 219 219 219 219 218 217 215 212 209 209 213 214 215 220 224 225 224 219 208 209 219 224 220 216 216 215 218 218 216 219 221 224 222 219 221 225 228 227 218 217 231 242 248 249 244 239 236 237 238 234 236 249 256 257 251 245 242 238 242 247 250 254 260 270 279 280 276 273 274 277 279 279 277 277 281 289 297 299 299
212 212 212 213 215 215 215 216 217 217 218 218 219 219 220 219 219 219 219 219 219 218 216 215 213 210 210 211 213 218 225 227 226 226 221 208 208 219 222 219 218 219 219 222 221 219 222 227 229 229 229 230 230 232 230 220 222 235 246 251 247 238 233 235 240 242 238 240 251 256 255 249 248 247 242 242 244 248 253 258 264 271 276 277 277 278 279 278 277 276 276 277 281 290 295 298
212 212 212 213 215 215 215 216 217 217 217 218 219 219 219 219 219 219 219 219 219 218 216 215 214 211 209 208 208 212 218 222 224 228 226 211 209 222 224 223 224 223 223 226 225 225 229 233 233 234 236 236 235 235 232 223 224 234 243 249 247 235 227 231 240 244 242 242 249 252 249 246 249 248 243 242 244 248 253 257 259 261 269 276 278 278 278 277 276 276 278 278 281 287 296 302
212 212 212 214 216 216 216 216 217 218 218 218 219 219 220 219 219 219 219 219 219 218 216 214 214 211 209 206 203 207 215 220 223 227 228 215 208 222 225 223 225 224 224 227 228 230 235 235 235 237 238 239 239 239 235 230 230 235 239 243 243 233 220 227 237 243 244 247 250 250 246 245 247 244 242 243 246 250 253 254 253 254 263 273 279 278 278 279 280 279 280 282 285 290 300 310
211 212 213 214 216 215 215 216 218 218 218 219 219 220 220 219 219 219 219 218 219 218 216 215 214 212 209 206 203 209 219 224 225 227 227 217 207 219 223 222 224 225 228 231 233 237 239 237 238 240 240 240 242 242 240 239 240 241 241 242 240 232 218 224 236 240 244 250 255 254 248 244 244 242 243 247 251 256 256 252 249 250 258 268 277 280 277 280 284 283 284 288 292 297 303 312
211 211 213 214 215 215 215 216 217 218 218 219 219 220 220 219 219 219 219 219 218 218 217 216 215 213 210 207 207 214 223 225 225 226 225 219 212 217 223 225 227 229 232 234 235 239 239 237 238 239 238 239 240 240 240 241 243 244 245 246 244 237 224 224 234 238 242 248 257 259 251 246 245 244 246 250 254 259 261 258 254 251 254 261 270 281 282 281 285 289 291 294 296 297 302 310
212 212 213 215 216 216 216 217 218 218 219 219 219 219 220 220 219 219 219 219 219 219 218 217 216 214 211 208 210 218 222 221 223 226 227 223 217 218 225 229 231 232 233 234 235 236 235 235 237 237 237 237 236 236 237 238 239 240 243 245 246 241 231 227 233 237 241 246 253 254 249 249 250 249 250 250 252 254 259 265 263 257 254 256 264 279 288 285 287 294 297 297 296 297 304 315
212 212 214 215 216 216 217 217 218 219 219 219 219 219 219 219 219 219 219 219 219 219 218 217 216 214 211 208 210 216 217 218 224 229 230 226 221 223 228 231 231 232 233 233 234 235 233 233 234 235 237 236 234 235 237 237 235 236 238 241 243 241 235 230 232 240 245 249 249 243 241 247 252 253 248 248 251 251 254 262 266 263 258 257 263 276 290 292 290 294 299 298 298 301 308 320
212 213 214 216 216 217 217 218 218 219 219 218 219 219 220 220 219 219 219 219 219 219 218 218 216 214 210 206 208 216 218 221 226 228 229 226 221 226 230 230 229 230 231 231 231 231 230 228 227 230 233 232 229 232 235 234 231 231 232 235 236 235 232 229 230 241 250 253 247 238 239 246 250 247 241 246 254 251 251 257 262 264 262 262 267 274 286 296 295 296 299 300 299 302 307 318
214 214 215 216 217 218 218 219 219 218 219 219 219 220 220 220 220 220 220 220 219 219 219 218 217 215 212 208 212 220 224 225 226 228 229 224 219 223 227 228 229 230 230 229 227 228 229 226 224 227 231 229 224 225 228 226 221 222 226 228 228 227 228 229 230 240 251 253 245 240 245 249 249 241 236 248 256 250 249 253 253 258 264 268 271 274 283 296 299 298 300 301 299 301 306 316
215 215 216 217 217 217 218 219 219 218 219 219 219 219 220 219 219 219 220 220 219 219 219 219 218 216 214 214 217 224 228 228 227 229 228 222 220 222 224 226 227 228 228 226 225 227 226 223 221 225 230 229 220 219 223 223 218 219 225 228 227 226 229 233 233 239 248 249 245 245 249 250 248 240 240 252 256 245 248 251 249 252 261 269 272 276 285 296 300 300 302 301 298 299 305 315
216 216 216 217 218 218 218 218 219 219 218 219 219 219 220 219 219 219 220 219 219 219 219 219 219 218 217 217 218 223 228 227 227 227 223 220 221 224 225 224 222 222 222 222 222 221 220 218 217 220 228 228 221 219 226 228 225 225 231 234 232 229 230 234 234 239 245 245 244 245 244 244 245 241 246 255 252 236 242 249 251 253 260 267 274 281 288 294 297 300 302 299 296 297 306 318
217 217 217 217 218 218 218 218 219 219 218 219 219 219 219 219 219 219 220 220 220 219 219 220 220 219 219 219 218 221 225 226 225 222 218 216 218 220 220 220 220 221 221 221 219 217 218 220 221 224 231 232 225 223 229 233 231 231 236 239 237 234 234 234 234 238 241 242 240 236 234 237 241 240 249 254 243 228 236 248 254 258 264 271 278 282 283 286 292 298 301 300 299 303 313 326
218 218 218 218 218 218 218 218 219 219 218 219 219 219 219 220 220 220 220 220 220 220 220 220 220 220 219 219 219 221 225 225 223 219 214 212 214 217 217 218 222 225 225 224 222 220 222 226 228 231 236 234 226 223 228 233 233 233 236 239 240 240 240 238 237 238 239 238 234 227 225 231 234 236 243 245 232 223 234 249 256 262 270 278 280 276 272 278 287 295 300 303 303 305 316 331
219 219 219 219 219 219 219 219 219 219 219 219 219 219 219 220 220 220 220 220 220 220 220 220 220 220 220 220 220 221 223 224 222 218 214 211 215 220 222 223 225 227 229 228 224 223 226 229 230 231 232 229 224 222 226 231 232 233 236 239 240 242 244 244 245 244 241 238 231 225 226 230 232 234 237 235 225 220 233 250 260 269 276 278 273 267 269 276 283 291 299 304 304 306 315 330
221 220 220 219 219 219 219 219 219 219 219 219 219 219 219 219 219 219 220 220 220 219 220 220 220 220 220 220 221 221 222 222 221 218 215 215 219 224 226 226 226 229 231 229 223 223 227 230 231 230 229 229 226 225 228 232 233 235 238 239 239 241 242 244 248 247 243 238 232 231 234 236 237 237 236 232 223 220 236 252 265 273 275 271 263 264 271 278 283 289 297 303 305 307 316 330
