windninja/windninja_output/Output_2025-10-23_0900-0950_Google earth_Fire_150m_10min/merlingen_7.5mi_point_10-23-2025_0910_150m_ang.asc
ncols	158
nrows	163
xllcorner	391686.332397
yllcorner	5160024.123721
cellsize	150.000000
NODATA_value	-32768.000000
[rows 0 to 41 of 163, columns 0 to 93 of 158]
245 245 243 240 239 241 239 235 234 234 232 226 220 219 224 233 243 247 249 255 255 238 229 230 235 240 240 235 233 234 234 235 237 237 236 241 245 247 248 246 242 241 242 244 247 249 254 255 248 243 240 238 238 239 239 238 238 239 241 241 239 237 236 235 232 230 231 235 240 242 241 239 238 236 236 237 238 240 242 242 240 237 237 240 242 241 237 236 237 234 233 234 232 230
244 245 244 241 241 241 239 237 238 238 233 225 218 219 225 233 239 242 246 250 248 237 230 232 235 238 237 235 236 236 236 237 237 237 238 241 242 243 244 243 241 242 241 243 245 246 247 248 247 245 243 242 241 241 240 239 239 239 240 241 240 238 237 236 234 233 234 237 240 242 240 239 238 237 237 237 237 239 241 240 238 237 238 240 241 241 238 236 237 236 236 236 235 234
242 243 243 242 243 241 237 239 241 239 232 220 215 219 227 234 237 237 241 243 239 235 233 234 236 236 235 235 237 238 238 239 239 239 240 241 240 239 240 239 240 241 241 242 243 242 242 241 242 243 244 243 242 242 241 240 240 240 240 239 239 238 238 237 236 236 238 240 242 241 239 238 239 239 239 238 236 239 241 238 235 236 240 239 240 240 237 235 236 237 239 240 238 236
238 240 240 239 241 238 236 236 236 233 225 215 214 221 229 237 238 238 239 239 237 235 233 233 235 234 233 232 233 234 236 238 240 241 241 240 240 240 240 239 239 239 240 242 241 241 240 239 237 237 238 238 238 239 239 240 241 241 240 240 239 238 238 238 237 238 239 241 243 241 238 239 240 241 241 239 239 240 241 237 233 235 238 237 240 241 235 232 233 233 235 237 237 235
236 238 238 237 238 236 236 238 236 231 223 215 214 223 234 240 240 240 239 239 238 238 236 232 235 233 231 229 228 229 230 233 236 239 239 239 239 240 240 239 238 238 239 240 239 239 239 238 237 236 236 236 237 238 239 240 241 242 242 241 240 239 238 239 238 239 240 242 244 241 239 240 242 241 241 241 243 244 242 238 234 237 239 238 240 242 237 234 233 231 230 233 234 232
239 240 239 237 237 237 238 240 238 232 225 219 217 226 238 242 242 241 240 241 241 243 241 236 237 236 233 230 228 228 229 231 233 234 234 236 237 238 238 237 237 238 240 240 239 239 239 238 238 237 235 236 238 239 240 241 242 242 242 241 240 239 238 239 239 239 240 242 243 240 238 241 243 241 239 240 242 245 242 238 237 241 242 241 241 242 241 241 241 236 233 233 231 229
241 242 243 241 239 239 240 240 237 231 227 223 220 230 241 243 242 240 239 239 241 243 244 241 241 240 237 235 233 231 231 233 234 232 232 233 235 236 236 236 237 239 241 241 241 241 240 240 239 237 235 236 237 238 241 242 243 243 242 242 240 238 236 237 239 239 240 243 243 239 236 239 241 239 237 238 240 241 238 235 239 242 243 243 243 244 244 246 249 249 246 243 238 235
240 242 244 245 245 243 242 240 237 233 230 226 223 232 241 244 242 240 239 238 240 242 242 242 244 242 240 240 237 234 236 238 237 236 236 237 237 237 237 238 239 240 241 242 243 243 242 241 240 237 237 238 238 238 241 243 243 243 243 242 240 236 234 235 237 238 241 243 242 239 237 240 239 237 237 238 240 240 234 234 242 244 242 242 242 242 243 245 248 252 255 254 251 247
240 241 243 245 247 247 245 242 238 236 234 231 228 232 241 243 241 241 240 239 241 242 240 239 239 238 240 240 238 238 242 242 240 240 242 242 241 240 241 241 242 243 244 244 244 244 243 243 241 238 238 240 239 239 242 244 243 243 243 242 241 239 237 236 237 239 241 243 241 238 240 243 241 239 238 239 242 239 234 237 245 247 245 241 239 239 239 240 241 241 243 246 248 247
240 242 243 244 245 245 245 242 240 238 237 236 233 236 242 243 242 242 241 240 240 240 239 237 235 234 236 239 238 240 244 244 241 243 244 244 243 242 242 243 243 244 244 245 245 245 244 244 243 240 241 242 241 243 246 247 246 245 244 243 244 244 243 243 243 244 244 243 239 238 241 244 244 241 240 240 242 240 236 239 244 246 246 244 244 242 241 241 238 234 233 237 241 240
241 242 243 243 243 243 242 242 241 240 239 239 238 240 245 246 245 244 243 242 241 240 239 236 233 232 230 235 238 241 245 244 244 246 247 245 243 243 243 243 243 244 244 245 246 247 246 246 245 244 247 247 246 248 251 251 250 250 249 248 248 250 250 252 255 253 250 246 240 240 243 244 243 241 240 241 243 244 241 241 242 242 243 245 249 249 248 248 244 236 236 241 242 240
241 242 243 242 242 242 242 242 241 240 240 240 240 241 247 249 248 246 246 246 245 243 240 237 234 232 229 233 240 243 246 247 247 249 249 247 245 244 245 245 244 245 244 243 244 246 246 247 248 250 255 256 256 258 259 258 255 254 253 253 255 257 260 265 267 264 259 252 245 245 246 244 243 240 238 238 240 242 243 244 242 241 240 241 246 247 248 250 246 237 241 247 246 243
241 242 242 242 242 242 243 242 242 241 241 241 241 242 248 253 253 250 248 248 248 246 243 240 237 234 233 237 243 246 247 248 249 249 248 248 248 248 247 246 246 246 244 242 244 244 242 244 249 254 259 261 263 264 266 266 262 257 254 255 259 263 268 275 278 275 270 264 258 254 250 246 245 242 238 237 237 239 240 239 241 242 241 242 244 242 245 248 242 234 242 248 247 246
242 242 242 242 242 242 242 242 242 242 242 242 241 241 248 255 258 257 253 251 249 248 246 243 240 237 236 239 242 244 247 250 250 249 248 248 249 249 249 247 248 247 246 247 249 247 244 241 245 252 256 259 260 263 267 270 269 262 253 252 257 262 266 273 277 278 277 279 281 272 258 252 250 246 243 242 244 244 242 240 243 246 246 246 245 242 245 247 242 238 246 250 249 249
242 242 242 243 243 243 242 242 243 243 243 243 242 240 244 252 257 259 258 255 252 249 247 244 241 239 237 239 241 243 246 250 251 249 248 249 248 248 248 249 251 250 250 254 255 253 251 247 243 244 249 252 253 255 259 263 265 261 251 250 254 258 260 261 262 267 273 278 287 293 279 264 257 252 248 249 252 251 248 249 253 253 251 250 247 245 248 248 243 243 251 256 255 255
242 242 242 243 243 243 243 243 243 243 243 243 243 242 244 249 251 252 254 255 252 248 245 243 242 241 239 239 240 242 245 247 246 246 248 250 251 251 250 251 252 251 250 253 252 250 251 252 248 244 244 244 244 246 247 248 250 250 246 250 254 256 257 253 250 255 262 267 275 291 299 281 267 258 253 254 254 252 252 256 258 256 255 254 251 250 250 250 247 246 251 256 256 256
242 242 242 242 243 243 243 243 244 244 244 244 245 245 249 251 250 249 248 250 249 246 244 242 242 242 240 239 240 241 245 245 243 245 248 252 254 253 251 250 249 248 248 248 246 245 246 246 249 250 247 243 242 243 243 242 242 243 243 249 253 255 254 250 248 252 256 261 265 271 287 291 280 271 264 258 253 253 256 258 255 253 254 254 253 254 253 252 254 254 251 252 252 252
242 242 242 242 242 243 243 243 244 244 244 245 246 248 252 255 254 250 248 247 247 246 245 245 245 243 241 242 243 244 245 244 242 243 245 248 250 249 247 246 246 246 248 247 245 246 246 244 245 249 250 247 244 244 243 242 242 241 241 247 251 253 251 247 249 252 254 257 258 260 267 278 280 280 276 265 258 258 259 257 253 253 254 252 252 254 254 253 257 261 259 253 250 250
242 242 242 242 242 243 243 243 244 244 244 245 246 248 252 255 255 253 250 249 247 247 247 247 247 246 244 244 246 247 246 242 240 240 242 245 246 247 246 247 247 247 248 247 246 246 248 248 247 248 250 251 248 245 243 243 243 242 243 246 249 250 248 247 250 252 254 254 253 256 260 262 266 271 274 273 269 265 262 258 258 259 257 253 249 248 249 250 254 259 262 257 253 251
242 242 242 242 242 242 243 244 244 244 244 245 246 248 250 253 254 253 251 249 248 247 247 247 246 246 245 245 245 245 243 240 239 242 245 247 248 248 247 247 246 245 245 245 245 247 249 249 248 249 250 251 251 248 246 244 243 243 244 247 249 249 249 250 252 254 254 252 252 255 256 253 254 256 259 262 264 263 261 259 259 260 258 254 250 247 247 248 252 256 258 255 254 253
242 242 242 242 242 243 243 244 244 244 245 246 246 247 248 250 250 250 249 248 247 246 246 245 245 245 244 244 243 242 240 237 237 241 244 245 246 245 243 243 242 242 243 244 246 248 249 248 248 249 250 250 251 251 250 247 245 244 244 246 246 248 251 252 253 255 254 253 254 254 250 246 249 253 253 249 245 248 251 255 257 257 256 255 252 250 248 248 252 256 256 251 251 252
242 242 242 242 242 243 243 243 244 244 245 245 246 246 247 247 248 248 247 247 246 245 245 244 244 243 243 242 242 241 238 234 236 240 241 241 242 242 240 240 240 241 242 245 247 249 249 248 247 248 249 249 250 251 252 251 250 247 245 243 244 247 251 252 253 256 255 255 254 250 244 242 246 252 253 246 238 239 243 247 251 252 253 254 252 250 247 248 253 255 252 244 244 249
242 242 241 242 242 243 243 243 243 244 244 245 245 246 246 246 246 246 246 245 245 244 244 243 242 242 241 241 241 240 237 234 238 242 243 244 244 242 241 241 241 241 242 244 247 248 248 247 247 247 248 249 249 250 251 251 251 250 245 243 244 248 251 252 255 257 255 254 250 243 239 240 245 250 251 245 236 238 240 242 243 244 247 251 252 251 248 249 252 252 248 237 238 247
242 241 241 242 242 242 243 243 244 244 244 244 244 244 245 245 245 246 245 244 243 243 242 241 241 240 240 240 241 242 240 239 242 244 245 246 246 245 244 243 242 242 242 244 247 248 246 245 246 247 249 249 249 249 250 250 251 250 246 243 244 248 253 257 260 258 254 250 245 240 239 241 247 252 249 241 236 243 244 241 240 240 242 246 249 252 253 252 252 251 246 233 238 248
242 242 242 242 242 242 243 243 244 245 244 244 244 244 244 244 245 245 245 244 243 242 241 240 239 238 237 239 243 246 245 244 246 246 245 245 245 246 247 245 244 243 242 244 247 246 243 244 246 247 249 249 249 250 249 249 249 248 246 245 247 251 256 260 261 257 252 246 242 241 243 247 253 253 246 236 239 251 251 245 241 239 238 239 243 250 255 256 256 253 244 230 238 247
242 242 242 242 242 242 242 243 244 244 244 244 245 245 244 244 244 244 244 244 243 242 241 239 237 235 233 237 243 246 247 248 250 248 245 243 242 245 248 248 246 245 245 248 247 243 241 244 245 246 248 249 251 252 251 249 246 244 245 248 252 258 260 258 252 248 244 239 238 241 247 255 258 253 240 230 239 253 258 250 245 240 235 235 238 243 246 250 254 254 243 228 236 244
241 242 242 242 242 242 242 244 244 244 244 244 245 245 245 245 244 244 244 243 242 242 240 238 235 231 229 235 241 244 245 249 253 253 249 243 240 244 248 248 246 246 248 249 246 240 239 242 244 245 244 247 250 252 253 248 241 240 245 250 259 266 264 256 246 241 236 232 234 241 251 259 258 250 235 224 236 249 259 260 253 245 238 236 238 239 236 239 247 250 243 230 234 241
241 241 242 242 242 242 243 244 244 244 244 244 244 245 245 245 245 244 243 242 242 241 239 236 233 227 226 233 238 238 241 247 252 255 254 248 244 245 248 248 246 248 249 248 243 238 236 239 242 243 241 243 246 249 251 243 232 237 245 252 261 266 263 254 246 240 233 230 235 245 254 257 253 245 232 222 234 245 252 261 262 253 246 245 244 241 234 235 242 245 242 237 238 241
241 241 241 242 242 242 243 244 244 244 244 244 244 245 245 245 244 244 243 242 242 241 239 236 231 226 226 231 233 232 235 241 246 249 252 251 246 246 248 246 244 246 246 244 241 236 235 237 240 241 238 239 242 245 245 233 224 236 247 256 262 260 254 247 243 239 232 230 241 251 255 252 246 239 229 225 237 247 249 255 264 262 255 253 252 246 240 240 243 243 241 241 245 247
241 241 241 242 242 243 244 244 244 244 244 244 244 244 244 244 244 243 243 243 242 240 238 236 232 227 227 230 229 227 230 235 239 243 246 243 240 243 246 243 240 241 238 239 237 233 234 236 238 237 232 235 238 240 238 227 222 238 249 258 263 258 248 242 240 239 233 234 248 257 258 251 242 235 228 229 240 246 249 254 263 268 263 258 255 250 247 248 246 242 239 241 248 255
241 241 241 242 243 243 244 244 244 244 244 244 244 244 245 244 244 244 243 243 242 240 238 236 232 230 231 232 230 228 231 235 237 242 243 235 233 241 245 242 239 237 234 235 234 231 235 238 240 236 232 234 237 238 236 226 227 243 254 259 260 254 246 241 242 243 238 241 253 260 261 252 244 238 230 230 235 241 246 252 258 264 265 261 255 251 250 250 247 243 240 241 247 258
242 241 241 241 243 243 243 243 243 243 244 244 244 245 245 245 244 244 243 243 242 240 238 237 234 233 232 232 229 231 237 241 241 244 244 233 232 243 245 241 239 238 236 237 236 234 239 244 245 242 241 241 240 241 237 227 231 246 257 260 257 247 239 240 245 247 244 246 255 260 258 251 247 243 233 230 232 237 244 248 251 251 257 261 259 257 255 253 249 247 245 244 246 255
241 241 241 242 244 244 243 243 244 244 244 244 244 244 245 244 244 244 244 244 243 241 239 238 237 235 233 229 225 227 235 240 242 245 246 236 236 247 247 242 241 239 239 241 240 240 245 248 246 246 247 247 246 244 239 230 234 244 253 258 255 243 232 236 244 250 249 249 254 255 252 248 248 243 233 230 230 235 242 247 245 242 249 258 260 261 259 256 252 250 250 248 248 253
241 241 241 243 244 244 243 243 244 244 244 244 245 244 244 244 243 244 244 244 244 242 240 239 238 236 233 228 223 227 236 240 241 243 245 240 239 247 245 241 241 239 239 242 242 245 249 248 246 248 249 249 250 248 243 239 241 245 248 250 250 240 227 232 242 247 251 255 255 253 249 246 245 239 232 230 230 233 239 241 239 237 243 252 256 254 254 254 250 248 248 249 252 256
240 240 240 243 244 243 243 243 244 244 244 245 245 245 244 244 244 244 244 244 244 243 242 242 240 237 234 230 228 235 244 245 243 244 244 239 235 242 241 238 239 239 240 243 245 250 251 249 249 251 251 250 251 250 249 248 251 252 250 248 246 239 226 231 240 244 249 257 261 258 251 245 242 237 234 233 234 238 240 238 234 233 238 246 252 250 249 249 248 245 245 248 252 258
240 240 241 242 243 242 242 243 244 244 244 245 245 245 245 245 245 245 244 244 244 244 244 244 243 240 236 233 234 244 251 250 247 247 244 237 231 236 239 238 239 239 242 244 247 250 250 249 250 250 249 249 250 249 250 251 253 254 253 252 249 244 233 232 239 242 246 253 264 265 255 247 243 240 239 238 238 245 248 244 238 234 235 242 248 250 248 246 245 244 245 248 252 257
240 241 242 243 243 242 242 243 244 244 245 245 245 245 245 245 245 245 245 245 245 245 244 244 244 243 240 235 237 249 255 254 252 250 246 238 231 231 237 239 240 242 243 245 247 249 247 248 249 249 249 248 247 248 249 249 249 250 251 252 251 248 240 236 239 242 245 252 259 259 252 250 248 246 243 239 237 241 247 252 247 240 237 239 245 252 252 246 243 245 247 249 252 255
240 241 242 244 243 242 243 244 244 245 245 245 245 245 245 245 245 245 245 245 245 245 245 245 244 243 241 237 241 252 255 255 254 251 247 241 232 231 237 240 241 243 245 245 247 248 246 247 247 247 249 249 246 247 249 249 246 245 246 248 249 247 243 239 240 245 249 254 254 247 243 247 250 249 241 236 236 233 240 248 248 243 239 238 243 249 250 245 246 248 250 250 253 257
241 241 242 243 243 243 243 244 245 245 245 245 244 245 245 245 245 245 245 245 245 245 245 245 245 244 242 241 249 255 256 255 254 251 247 239 230 232 238 239 240 243 244 245 246 246 245 243 241 243 247 246 243 244 247 247 243 241 241 243 243 240 238 236 238 247 254 256 251 240 240 245 247 242 232 235 238 225 232 241 241 239 238 239 245 247 244 242 246 247 248 251 258 262
241 242 243 243 243 244 244 245 245 245 245 245 245 245 246 246 246 246 246 246 246 246 246 246 246 246 246 250 256 258 257 257 254 251 246 235 226 232 237 239 241 244 245 245 243 243 244 242 239 241 245 244 240 239 241 240 235 234 235 236 234 232 233 234 237 246 255 256 248 242 246 249 246 235 228 237 238 214 222 233 232 232 238 245 250 249 245 242 244 245 244 251 260 261
242 242 243 243 243 243 244 245 246 246 245 245 245 245 246 246 246 246 246 246 246 246 246 246 247 248 250 254 258 259 260 260 257 253 244 233 230 233 235 237 240 242 245 244 242 242 242 239 237 239 244 245 240 237 238 236 231 231 235 235 233 230 232 236 239 244 252 252 247 247 250 249 245 234 230 241 236 204 213 228 228 227 235 245 249 251 249 243 241 243 243 251 256 257
242 242 242 243 244 244 245 245 246 245 245 245 245 246 246 246 245 246 246 247 247 247 247 247 248 249 250 253 256 259 260 259 257 252 241 234 235 239 240 239 238 239 239 239 240 240 237 234 232 236 243 244 241 239 241 239 235 235 239 240 236 232 233 236 238 243 248 248 247 246 244 242 241 233 235 243 230 200 207 224 229 228 234 241 246 248 244 238 239 243 246 249 251 253
