windninja/windninja_output/Output_2025-10-23_0900-0950_Google earth_Fire_150m_10min/merlingen_7.5mi_point_10-23-2025_0930_150m_ang.asc
ncols	158
nrows	163
xllcorner	391686.332397
yllcorner	5160024.123721
cellsize	150.000000
NODATA_value	-32768.000000
[rows 0 to 41 of 163, columns 0 to 93 of 158]
39 39 36 32 30 30 27 23 21 20 18 16 15 16 19 20 20 16 12 9 3 0 1 3 3 2 360 357 356 356 356 355 353 351 349 348 348 345 342 341 340 339 339 337 335 335 334 333 333 335 337 337 337 338 338 336 333 330 327 327 328 327 324 323 322 321 319 318 318 319 320 318 315 312 310 310 310 306 304 305 305 301 296 294 294 291 286 282 280 277 273 272 271 267
43 42 39 35 33 32 30 27 26 23 20 16 14 16 20 21 20 14 10 8 3 359 360 3 5 4 2 358 357 357 357 356 355 353 350 349 350 348 345 344 343 341 341 340 339 339 338 337 335 335 335 335 335 336 336 335 333 331 329 328 328 327 325 324 323 322 320 318 318 319 320 319 317 314 312 312 311 308 307 308 306 302 298 296 294 293 292 287 283 280 278 277 275 272
43 43 39 36 36 33 31 30 28 23 16 12 11 14 18 20 17 12 9 8 5 359 357 1 6 7 4 1 359 360 359 357 355 353 351 350 351 350 349 348 346 344 343 341 341 341 340 340 339 337 335 335 335 335 335 334 333 332 331 330 329 329 328 326 326 324 322 319 317 319 321 320 318 317 315 315 314 310 309 310 310 305 302 300 297 298 302 297 291 289 288 287 286 286
40 41 40 37 36 32 28 26 23 18 13 9 10 13 16 19 17 13 12 11 8 2 358 359 4 6 6 4 3 2 1 359 356 353 351 351 350 350 349 347 346 346 344 342 342 341 341 342 343 341 339 339 339 338 336 335 333 331 331 330 330 330 329 327 326 325 323 319 317 318 321 320 317 316 315 315 314 311 309 311 314 308 304 304 301 301 307 306 302 301 299 297 298 298
38 41 40 38 36 31 26 24 21 18 14 10 9 12 15 18 19 17 16 15 12 6 359 357 360 3 5 5 4 3 3 2 359 355 353 352 351 350 348 347 346 346 344 343 343 342 342 343 343 342 342 342 340 338 337 335 333 331 330 330 329 330 329 327 327 326 324 320 317 319 321 318 316 316 315 314 311 309 308 310 313 309 305 306 303 302 308 311 309 309 308 307 309 311
43 44 42 39 36 32 28 26 23 20 16 11 8 11 16 19 21 21 20 19 16 10 1 355 356 359 2 4 4 3 3 2 360 358 357 355 352 350 348 348 347 345 344 343 343 343 343 343 342 343 344 343 340 338 336 334 333 332 331 330 330 330 330 328 327 326 324 320 318 320 321 318 316 317 318 315 312 310 310 310 310 308 305 306 304 302 306 309 309 311 312 311 314 318
50 49 47 42 39 35 33 30 26 21 16 12 8 11 19 21 22 23 21 19 18 13 4 355 353 356 360 2 2 2 2 0 359 360 359 356 353 351 350 349 348 346 344 344 343 343 343 343 343 344 344 343 341 339 336 333 332 331 331 331 331 332 332 330 328 327 325 321 319 322 324 320 319 321 321 319 315 313 315 313 309 309 309 307 305 302 303 306 308 309 309 308 310 312
52 52 50 47 44 41 38 35 29 22 17 11 8 12 20 23 22 23 22 20 18 15 9 359 353 354 358 359 360 1 0 359 359 359 358 355 353 352 351 350 349 347 346 345 343 342 342 342 342 344 344 342 341 341 337 333 332 331 331 331 332 334 334 333 330 328 325 321 320 323 324 321 320 322 322 319 315 313 317 315 308 309 312 311 309 307 306 308 309 309 307 305 304 305
55 55 53 51 49 47 44 38 31 24 18 11 7 10 19 23 22 22 22 21 19 18 14 6 358 354 356 358 360 0 359 358 359 359 356 354 353 353 353 352 350 348 346 345 343 342 342 341 342 344 344 341 341 340 335 333 332 332 331 330 330 331 332 332 330 327 325 323 323 324 322 318 317 319 320 318 314 313 318 314 306 307 313 315 315 315 314 315 317 318 317 315 312 312
58 58 56 53 50 47 44 39 33 26 20 14 7 8 18 23 23 22 21 21 20 18 15 10 3 357 355 359 1 360 359 358 359 359 357 356 356 355 355 354 352 349 347 345 343 342 342 341 341 344 342 340 340 337 333 331 330 330 328 328 327 326 327 327 324 323 322 322 324 324 319 315 315 317 318 316 312 314 319 316 311 311 314 316 314 315 315 316 320 324 325 322 319 320
61 61 59 55 51 47 44 40 34 28 23 17 10 8 16 23 25 23 20 19 20 18 17 13 8 2 359 0 2 0 0 0 360 359 359 359 359 358 356 355 353 350 348 347 344 342 341 341 341 342 339 337 337 333 328 325 324 322 320 320 318 317 320 320 317 316 316 318 322 321 316 315 317 318 318 316 311 313 319 318 316 315 316 316 313 313 313 311 314 321 320 316 316 319
64 63 61 57 53 49 45 41 36 31 26 21 14 10 16 23 25 24 21 19 19 19 19 16 11 8 5 3 4 3 3 4 2 360 0 1 1 359 357 355 354 352 350 350 347 344 342 341 340 338 332 329 326 320 316 313 311 310 309 306 301 300 305 309 308 307 307 310 318 318 315 315 317 321 323 323 320 320 321 320 318 317 318 318 317 318 315 309 311 319 315 308 308 314
67 66 63 59 55 52 48 44 39 34 29 24 18 14 18 25 26 24 23 21 20 20 20 19 17 15 12 9 7 7 6 6 4 2 3 4 1 359 357 356 355 353 352 352 350 349 349 347 340 331 324 319 313 303 299 299 299 298 294 286 283 285 291 295 296 296 297 302 313 316 314 314 316 321 326 326 325 323 323 324 321 318 318 318 317 320 316 309 313 321 314 304 304 310
70 68 66 62 58 54 50 46 41 37 32 27 21 18 22 29 30 25 24 24 23 22 23 23 22 20 15 12 11 10 9 8 6 5 5 5 2 360 358 357 356 355 356 355 353 353 355 355 347 335 327 321 314 301 292 291 292 292 290 287 289 294 296 297 296 293 292 297 306 312 313 313 314 320 323 322 319 317 318 321 319 317 316 314 312 315 312 306 307 314 309 299 296 298
72 71 68 65 61 57 52 48 44 39 35 30 24 19 23 31 33 28 25 26 26 26 26 26 25 21 16 15 14 13 13 11 8 7 5 4 4 4 3 2 2 6 9 2 355 355 353 351 349 346 339 334 329 319 311 307 307 311 314 308 306 308 310 312 309 303 302 301 303 309 314 313 313 316 319 317 313 310 308 309 312 313 311 308 306 306 304 299 296 297 294 286 280 280
74 73 70 67 63 59 55 50 46 42 37 33 27 20 22 31 33 29 26 27 28 27 26 26 25 22 17 17 17 15 14 12 10 9 8 8 12 14 15 16 18 19 13 2 358 357 352 347 345 345 343 343 340 334 332 331 330 332 329 319 314 315 317 321 319 313 312 310 309 312 315 310 308 310 314 314 311 307 306 306 308 308 304 300 298 294 290 286 282 280 280 277 275 275
76 75 72 69 65 61 57 52 49 45 40 35 31 24 23 32 34 31 28 27 27 26 25 25 25 23 20 18 18 16 14 15 16 18 21 24 25 26 24 22 18 11 4 1 1 358 354 354 348 340 340 343 342 338 337 337 337 338 334 324 318 317 319 324 320 314 314 314 314 317 316 309 303 307 312 313 313 310 309 307 305 303 297 292 286 280 275 270 272 279 284 283 281 279
78 77 74 70 67 63 59 54 51 47 43 38 35 30 28 33 37 35 31 29 28 27 26 26 27 26 24 21 19 19 20 22 25 28 30 28 24 20 17 15 11 7 3 3 3 358 354 354 349 342 339 340 340 339 338 337 336 337 335 328 321 319 322 325 321 316 314 315 316 316 317 316 310 310 312 312 314 312 306 300 295 292 288 281 274 271 269 270 278 288 292 288 284 284
80 79 76 72 69 65 61 57 53 48 44 41 38 35 33 36 39 38 35 34 33 30 29 29 30 29 27 25 23 24 27 28 29 28 28 25 22 19 16 13 11 9 7 5 3 359 353 349 346 343 340 338 338 339 338 336 335 334 333 328 322 320 323 324 321 317 314 314 316 314 318 322 319 314 314 311 308 301 290 282 281 281 281 280 279 278 280 283 285 291 296 293 288 287
82 81 78 74 70 66 63 59 55 50 46 43 40 37 37 38 39 38 37 36 34 32 31 31 31 30 29 28 27 27 29 30 30 30 30 29 26 22 17 13 12 10 8 6 3 356 352 349 346 343 341 338 337 337 336 336 335 333 330 327 322 318 319 320 318 315 312 313 316 317 321 325 322 319 319 316 306 293 283 281 283 285 290 294 292 288 287 287 286 290 300 302 293 289
84 83 80 76 72 68 64 60 56 52 48 46 43 40 39 39 39 38 37 36 34 32 31 31 30 31 31 31 29 29 29 29 30 30 29 26 23 19 14 12 12 11 10 7 1 355 352 352 349 344 342 340 337 335 333 333 333 331 329 327 323 318 316 318 317 315 315 316 317 320 324 327 322 318 320 324 320 308 299 294 294 296 298 300 300 294 290 287 287 292 301 308 297 290
85 84 81 77 74 70 66 61 57 53 50 47 45 42 40 39 38 37 36 36 35 33 33 32 32 32 33 32 31 30 29 28 28 27 23 21 20 18 15 15 15 14 12 7 1 357 354 352 350 346 342 340 338 335 332 330 329 328 329 328 325 318 316 318 317 316 319 318 318 321 325 325 319 314 317 326 328 320 311 304 302 301 299 301 304 299 294 291 291 295 303 313 304 293
87 85 82 79 76 71 67 62 58 54 51 48 46 43 41 40 38 37 38 37 35 34 34 33 32 33 34 33 32 32 29 26 25 25 24 23 24 23 21 19 18 15 12 8 3 358 354 352 351 348 343 340 338 336 333 332 329 328 329 328 325 317 314 317 318 320 322 321 321 323 325 323 317 313 317 327 331 324 316 309 306 305 302 303 307 305 302 298 296 297 305 317 309 296
88 87 84 80 77 72 68 63 59 56 53 49 46 44 42 40 39 39 38 37 36 35 35 34 33 34 35 35 35 34 31 26 26 28 29 29 30 28 25 21 17 14 13 10 3 357 355 355 353 348 343 341 339 336 335 333 330 329 331 330 323 316 313 315 319 322 324 322 322 322 322 319 313 313 320 330 333 323 316 311 307 307 305 305 308 308 307 301 296 297 305 317 308 296
90 89 86 82 78 73 68 64 61 58 54 50 47 45 43 41 40 40 39 38 37 36 36 35 34 34 36 38 40 39 34 30 30 32 32 32 32 31 27 21 17 14 12 6 360 359 360 358 354 349 343 340 338 335 335 335 332 331 332 329 321 314 312 315 318 320 320 319 317 314 312 311 311 315 322 331 329 320 315 312 308 308 309 308 307 308 307 301 296 296 305 318 306 296
92 90 87 83 79 74 69 65 63 59 55 51 49 47 44 42 41 41 41 39 38 38 37 35 34 34 36 39 42 41 38 35 33 31 32 32 33 32 27 21 17 13 8 2 0 4 4 360 356 350 345 340 335 333 333 334 335 335 333 327 319 314 315 318 321 322 322 321 316 308 306 309 312 318 327 334 323 316 316 316 313 311 313 312 309 310 312 307 299 298 308 322 310 300
93 91 88 84 80 75 70 67 64 59 55 52 50 47 45 44 43 42 42 41 40 38 36 35 34 33 34 38 42 43 41 40 38 34 32 31 31 31 27 21 16 10 5 1 3 6 5 1 356 350 348 343 336 332 331 336 342 340 333 327 318 314 315 319 323 326 328 330 322 311 308 310 314 320 332 340 323 312 316 319 315 312 313 313 310 311 315 311 301 300 310 322 314 303
94 92 89 85 81 76 72 68 64 59 56 53 51 48 46 46 45 44 43 41 40 38 37 36 34 31 31 37 41 41 42 43 42 39 36 32 30 30 27 21 15 8 4 2 4 4 3 2 357 352 350 346 340 335 333 341 349 343 333 326 318 313 313 316 319 323 330 332 322 311 308 310 315 322 334 341 323 310 314 319 317 314 312 310 307 307 311 308 300 299 308 318 315 305
96 94 90 86 82 77 73 69 64 60 56 54 52 50 48 47 47 45 43 42 40 40 39 37 34 29 30 35 37 38 40 42 42 40 37 30 27 27 25 19 12 6 4 2 2 2 2 2 358 353 351 347 343 338 338 347 351 341 330 323 318 315 316 320 321 323 332 330 317 311 309 312 319 325 336 337 321 306 307 314 317 316 312 307 302 298 299 300 296 295 302 312 314 308
97 96 91 87 82 78 74 69 64 60 57 55 53 51 50 49 47 46 44 44 43 42 40 37 33 29 29 33 35 34 36 40 40 38 31 22 19 21 20 15 8 5 5 3 2 2 1 359 355 354 353 349 345 342 343 350 350 337 324 317 315 316 320 322 322 323 330 326 312 308 309 313 320 327 336 334 321 306 300 305 314 317 312 304 297 294 296 298 296 294 296 302 309 308
99 98 93 87 83 79 74 69 64 61 58 56 54 53 51 50 48 47 46 45 44 43 40 37 34 31 32 35 35 34 38 41 40 35 26 17 15 16 16 11 6 5 5 4 4 3 359 354 350 352 354 350 347 346 347 354 350 333 319 312 311 315 318 316 315 318 325 319 305 303 305 308 312 321 333 332 325 313 302 302 311 318 314 306 301 301 302 301 297 293 290 291 296 300
100 99 94 88 84 80 74 69 65 61 59 57 55 54 53 52 50 50 48 46 45 43 41 39 37 35 34 34 35 37 42 43 40 35 28 17 14 14 13 10 8 8 7 6 6 3 357 350 348 351 350 348 347 345 348 357 349 330 315 308 309 319 324 314 309 315 323 317 303 299 302 305 309 319 330 331 329 318 306 303 310 319 316 309 304 302 300 295 291 286 283 281 283 289
101 100 95 90 85 80 74 69 65 62 60 58 56 55 55 53 52 51 49 48 47 46 43 40 39 36 34 33 32 34 38 39 38 38 33 18 12 14 13 13 13 13 10 8 7 3 356 352 352 351 347 345 344 343 348 353 345 330 316 307 308 323 335 322 309 313 322 319 305 300 305 312 315 323 331 333 331 322 310 303 308 316 314 309 304 299 295 291 286 283 281 278 279 284
102 100 96 91 87 81 74 69 66 64 61 60 58 57 56 54 53 52 51 50 49 48 44 41 41 38 36 33 29 30 35 38 38 39 35 19 9 14 17 16 17 15 12 11 9 3 358 357 357 352 348 344 341 340 343 343 337 329 318 309 310 326 341 329 313 312 318 317 307 303 311 318 319 326 332 333 331 325 314 306 306 311 309 308 308 304 298 295 292 287 284 282 283 287
105 102 97 92 88 81 75 70 67 65 63 62 60 59 57 56 54 54 53 52 50 48 46 45 44 41 38 34 30 32 38 41 40 38 34 22 10 15 19 18 19 19 16 17 15 6 2 2 358 353 349 344 340 339 336 332 328 323 316 309 312 327 341 332 315 310 313 314 309 308 314 319 320 326 330 330 328 322 314 307 305 308 307 305 309 310 302 299 299 293 289 290 291 293
107 104 99 94 88 81 75 71 68 66 65 63 62 61 59 58 57 56 55 53 52 50 49 48 46 43 40 36 34 38 43 42 38 35 32 25 17 18 22 24 26 26 24 23 17 9 6 2 357 354 351 346 343 341 336 331 326 321 315 306 306 321 336 332 318 310 309 312 311 311 314 315 315 320 324 325 324 316 307 302 302 304 302 298 302 309 306 302 304 302 298 296 294 292
110 107 102 95 88 80 76 73 70 68 67 65 64 62 61 60 59 58 56 55 54 53 52 50 47 45 42 37 37 42 42 38 35 35 34 30 26 25 29 32 33 31 27 23 15 9 6 1 358 356 351 346 345 342 337 334 330 326 319 309 306 316 330 330 321 311 307 309 311 313 311 304 304 312 320 324 324 317 307 304 302 299 294 289 292 304 311 306 305 307 304 299 294 291
112 110 104 97 88 81 77 74 72 71 69 67 65 64 63 62 61 60 58 57 56 55 53 51 49 47 42 37 37 40 38 35 36 39 37 34 33 34 37 37 34 30 25 19 12 8 6 2 0 357 349 346 345 341 336 335 334 331 326 317 312 316 325 329 324 310 303 304 309 314 310 303 305 314 323 324 324 326 315 307 308 304 296 290 291 301 314 314 307 307 305 299 295 295
114 112 105 97 90 84 79 77 75 74 72 69 67 67 66 64 63 61 60 59 58 56 54 53 51 47 42 37 37 40 40 38 39 38 37 36 38 40 39 36 31 26 20 15 11 7 3 1 1 356 349 347 348 344 338 336 338 337 333 327 323 324 328 331 327 312 300 299 304 312 313 312 315 321 329 322 322 332 322 311 314 313 304 296 293 299 315 320 311 308 306 301 296 295
115 113 106 98 92 86 82 80 79 77 74 72 70 69 68 67 65 64 62 61 59 58 56 55 52 48 44 41 41 45 45 41 38 37 38 38 36 36 35 33 29 23 16 11 8 5 2 360 358 354 349 347 348 347 342 341 342 341 337 333 332 333 333 332 329 314 300 297 303 311 314 316 319 327 331 319 323 339 332 317 318 319 309 299 293 295 308 319 316 310 307 301 295 293
118 115 109 102 95 90 87 85 83 80 77 75 73 72 70 69 67 66 64 63 61 59 57 56 53 50 47 46 46 48 47 42 38 39 40 39 35 33 31 29 25 19 12 9 6 3 1 359 356 354 348 344 344 343 342 343 343 342 337 333 334 338 334 328 326 316 302 300 306 312 314 314 315 326 325 316 325 345 339 321 320 321 313 303 296 296 306 317 317 311 308 299 292 288
122 119 114 107 100 96 93 89 86 83 80 78 76 75 73 71 69 67 66 65 63 61 58 57 55 52 50 48 46 46 46 41 38 38 36 35 35 32 27 23 18 13 11 9 3 358 359 359 358 354 346 342 342 341 339 339 341 340 334 329 331 336 331 324 324 318 307 306 312 316 317 314 313 324 321 316 330 350 344 327 318 318 311 305 302 304 311 318 316 311 306 296 286 284
