windninja/windninja_output/Output_2025-10-23_0900-0950_Google earth_Fire_150m_10min/merlingen_7.5mi_point_10-23-2025_0920_150m_vel.asc
ncols	158
nrows	163
xllcorner	391686.332397
yllcorner	5160024.123721
cellsize	150.000000
NODATA_value	-32768.000000
[rows 0 to 37 of 163, columns 0 to 83 of 158]
1.92 1.89 1.88 1.90 1.95 2.00 1.92 1.79 1.77 1.74 1.63 1.39 1.04 0.87 0.94 0.99 0.99 0.98 1.04 1.19 1.23 1.13 1.09 1.10 1.08 1.01 0.88 0.83 0.85 0.82 0.74 0.67 0.60 0.55 0.53 0.52 0.44 0.36 0.35 0.34 0.34 0.34 0.31 0.28 0.29 0.29 0.26 0.28 0.40 0.56 0.66 0.72 0.75 0.76 0.73 0.69 0.64 0.62 0.61 0.62 0.65 0.69 0.73 0.75 0.79 0.86 0.91 0.91 0.87 0.83 0.83 0.88 0.91 0.94 0.98 1.02 1.03 1.03 1.00 0.99 1.03 1.07 1.12 1.14
1.94 1.96 1.99 1.97 1.98 1.95 1.78 1.66 1.68 1.67 1.59 1.40 1.13 1.01 1.07 1.16 1.23 1.25 1.37 1.48 1.38 1.25 1.23 1.21 1.15 1.06 0.97 0.93 0.91 0.82 0.73 0.69 0.66 0.63 0.62 0.61 0.55 0.53 0.53 0.50 0.48 0.48 0.47 0.49 0.51 0.52 0.53 0.53 0.53 0.55 0.58 0.61 0.63 0.64 0.64 0.64 0.65 0.66 0.67 0.66 0.65 0.68 0.72 0.75 0.77 0.82 0.88 0.92 0.91 0.87 0.85 0.88 0.92 0.94 0.97 1.02 1.05 1.08 1.06 1.01 1.03 1.07 1.13 1.18
2.03 2.11 2.14 2.08 2.04 1.88 1.66 1.66 1.77 1.82 1.77 1.54 1.34 1.32 1.40 1.58 1.73 1.75 1.81 1.74 1.52 1.39 1.36 1.30 1.21 1.13 1.07 1.03 0.94 0.82 0.77 0.77 0.76 0.77 0.79 0.77 0.77 0.79 0.77 0.73 0.71 0.71 0.72 0.78 0.81 0.82 0.85 0.85 0.77 0.66 0.62 0.62 0.60 0.60 0.61 0.65 0.69 0.72 0.75 0.76 0.73 0.73 0.76 0.78 0.78 0.79 0.85 0.93 0.97 0.93 0.89 0.89 0.93 0.94 0.97 1.01 1.08 1.16 1.15 1.06 1.05 1.13 1.17 1.19
2.18 2.24 2.23 2.16 2.11 1.96 1.93 2.14 2.31 2.29 2.03 1.66 1.48 1.47 1.62 1.93 2.04 2.00 1.92 1.72 1.52 1.46 1.42 1.34 1.33 1.32 1.27 1.19 1.10 1.02 0.99 0.94 0.92 0.95 0.96 0.95 0.91 0.87 0.86 0.89 0.94 0.97 0.99 1.01 1.02 1.01 1.00 0.99 0.96 0.92 0.87 0.81 0.77 0.76 0.75 0.73 0.73 0.73 0.75 0.79 0.81 0.80 0.80 0.81 0.81 0.82 0.86 0.94 1.00 0.97 0.93 0.92 0.93 0.94 0.95 0.96 1.02 1.16 1.22 1.11 1.04 1.18 1.27 1.20
2.27 2.29 2.27 2.22 2.19 2.16 2.29 2.50 2.51 2.25 1.85 1.60 1.54 1.62 1.88 2.11 2.08 1.94 1.74 1.57 1.48 1.50 1.49 1.46 1.51 1.52 1.51 1.47 1.41 1.37 1.32 1.26 1.23 1.22 1.16 1.08 1.02 1.03 1.09 1.15 1.18 1.20 1.23 1.22 1.18 1.13 1.07 1.02 1.01 0.99 0.92 0.85 0.82 0.82 0.81 0.77 0.75 0.74 0.76 0.79 0.82 0.82 0.82 0.84 0.84 0.85 0.88 0.95 1.01 0.99 0.95 0.94 0.94 0.95 0.96 0.96 0.95 1.03 1.16 1.15 1.03 1.09 1.26 1.25
2.29 2.30 2.29 2.29 2.32 2.37 2.47 2.50 2.26 1.83 1.56 1.52 1.54 1.68 2.00 2.09 1.94 1.72 1.50 1.41 1.44 1.51 1.51 1.50 1.55 1.55 1.50 1.47 1.48 1.51 1.50 1.52 1.56 1.52 1.39 1.30 1.31 1.38 1.42 1.40 1.36 1.32 1.28 1.21 1.14 1.07 1.01 0.97 0.94 0.91 0.89 0.86 0.81 0.79 0.79 0.79 0.79 0.79 0.80 0.82 0.84 0.85 0.86 0.88 0.88 0.88 0.90 0.97 1.04 1.04 1.03 1.01 0.98 0.96 1.01 1.06 1.06 1.03 1.06 1.13 1.10 1.05 1.15 1.23
2.29 2.30 2.28 2.31 2.41 2.45 2.46 2.32 1.96 1.63 1.54 1.56 1.59 1.74 2.00 2.02 1.86 1.69 1.58 1.56 1.56 1.59 1.55 1.48 1.51 1.47 1.37 1.37 1.44 1.48 1.51 1.59 1.64 1.59 1.56 1.60 1.65 1.64 1.56 1.46 1.38 1.29 1.18 1.07 0.99 0.95 0.93 0.90 0.88 0.87 0.88 0.89 0.87 0.84 0.82 0.82 0.82 0.83 0.84 0.86 0.90 0.95 0.98 0.97 0.95 0.93 0.94 1.00 1.06 1.07 1.13 1.18 1.14 1.05 1.05 1.15 1.21 1.19 1.10 1.13 1.21 1.15 1.12 1.20
2.34 2.34 2.33 2.31 2.32 2.30 2.22 1.99 1.71 1.60 1.64 1.69 1.76 1.87 2.01 2.01 1.84 1.76 1.74 1.71 1.72 1.75 1.67 1.57 1.53 1.45 1.40 1.45 1.43 1.37 1.42 1.51 1.49 1.44 1.51 1.61 1.61 1.52 1.40 1.29 1.20 1.11 1.02 0.94 0.89 0.86 0.85 0.84 0.84 0.83 0.83 0.86 0.91 0.92 0.90 0.88 0.88 0.89 0.89 0.92 0.96 1.00 1.06 1.09 1.09 1.04 1.00 1.03 1.08 1.08 1.11 1.21 1.26 1.18 1.10 1.12 1.22 1.26 1.16 1.16 1.26 1.20 1.14 1.21
2.38 2.38 2.36 2.30 2.22 2.11 1.96 1.78 1.69 1.70 1.76 1.81 1.86 1.95 2.06 2.02 1.88 1.86 1.83 1.78 1.82 1.84 1.79 1.73 1.64 1.55 1.52 1.49 1.35 1.28 1.39 1.44 1.38 1.36 1.41 1.40 1.30 1.18 1.10 1.02 0.95 0.90 0.86 0.85 0.85 0.83 0.80 0.78 0.78 0.79 0.82 0.83 0.83 0.87 0.92 0.94 0.95 0.96 0.96 0.94 0.90 0.86 0.89 1.00 1.08 1.09 1.05 1.06 1.12 1.13 1.09 1.10 1.15 1.16 1.12 1.10 1.18 1.23 1.19 1.19 1.28 1.22 1.09 1.16
2.39 2.38 2.36 2.31 2.21 2.08 1.95 1.86 1.84 1.85 1.87 1.87 1.86 1.90 1.98 1.97 1.94 1.97 1.94 1.93 1.96 1.94 1.92 1.86 1.76 1.67 1.60 1.50 1.37 1.37 1.48 1.45 1.34 1.32 1.32 1.23 1.10 0.99 0.93 0.88 0.85 0.85 0.86 0.85 0.82 0.78 0.77 0.75 0.75 0.75 0.76 0.77 0.77 0.80 0.87 0.91 0.91 0.89 0.86 0.79 0.73 0.68 0.66 0.71 0.84 0.97 1.02 1.05 1.09 1.14 1.14 1.09 1.07 1.10 1.12 1.12 1.15 1.15 1.17 1.29 1.39 1.36 1.16 1.04
2.41 2.42 2.40 2.32 2.22 2.14 2.09 2.05 2.00 1.95 1.93 1.90 1.86 1.83 1.87 1.94 2.00 2.04 2.02 2.04 2.09 2.09 2.07 1.97 1.87 1.81 1.67 1.50 1.42 1.43 1.45 1.33 1.21 1.20 1.17 1.09 0.98 0.91 0.89 0.92 0.93 0.91 0.88 0.82 0.75 0.71 0.70 0.69 0.65 0.60 0.59 0.63 0.67 0.70 0.70 0.70 0.66 0.60 0.57 0.56 0.55 0.51 0.46 0.47 0.59 0.72 0.83 0.89 0.93 1.03 1.12 1.13 1.09 1.09 1.12 1.15 1.16 1.10 1.06 1.24 1.46 1.55 1.40 1.15
2.46 2.46 2.42 2.33 2.25 2.20 2.19 2.15 2.08 2.02 1.99 1.93 1.87 1.81 1.86 2.02 2.12 2.11 2.06 2.07 2.11 2.09 2.04 1.92 1.81 1.66 1.42 1.30 1.29 1.28 1.22 1.12 1.09 1.11 1.06 0.95 0.89 0.88 0.93 0.94 0.90 0.88 0.85 0.79 0.75 0.70 0.60 0.50 0.42 0.35 0.32 0.32 0.33 0.34 0.32 0.34 0.36 0.37 0.36 0.37 0.37 0.33 0.26 0.25 0.33 0.42 0.53 0.62 0.69 0.85 1.05 1.15 1.15 1.12 1.18 1.29 1.37 1.33 1.19 1.19 1.37 1.57 1.61 1.48
2.50 2.48 2.44 2.36 2.30 2.27 2.24 2.17 2.09 2.04 1.99 1.93 1.85 1.76 1.83 2.07 2.18 2.12 2.10 2.12 2.12 2.02 1.87 1.69 1.47 1.23 1.09 1.10 1.15 1.13 1.12 1.11 1.12 1.10 0.99 0.90 0.90 0.94 0.95 0.90 0.87 0.87 0.83 0.77 0.71 0.65 0.53 0.38 0.27 0.21 0.16 0.11 0.07 0.06 0.07 0.10 0.17 0.24 0.29 0.32 0.33 0.29 0.21 0.14 0.14 0.19 0.26 0.34 0.45 0.66 0.88 1.06 1.15 1.13 1.20 1.38 1.52 1.56 1.48 1.36 1.35 1.47 1.58 1.60
2.52 2.51 2.47 2.40 2.36 2.33 2.26 2.17 2.10 2.05 1.99 1.94 1.85 1.76 1.83 2.04 2.17 2.14 2.12 2.12 2.03 1.84 1.62 1.37 1.13 1.01 1.01 1.09 1.13 1.12 1.10 1.12 1.13 1.06 0.95 0.96 1.00 0.97 0.90 0.83 0.79 0.72 0.56 0.45 0.39 0.33 0.32 0.34 0.33 0.28 0.20 0.14 0.10 0.08 0.08 0.08 0.09 0.15 0.25 0.34 0.38 0.36 0.31 0.22 0.16 0.17 0.17 0.14 0.15 0.33 0.62 0.86 1.03 1.07 1.08 1.13 1.24 1.37 1.42 1.36 1.31 1.34 1.41 1.50
2.56 2.55 2.50 2.44 2.39 2.32 2.24 2.18 2.14 2.08 2.02 1.98 1.91 1.87 1.92 2.13 2.30 2.23 2.11 2.02 1.82 1.58 1.38 1.19 1.06 1.04 1.08 1.13 1.14 1.09 1.09 1.15 1.14 1.06 1.04 1.07 1.00 0.88 0.76 0.62 0.50 0.33 0.20 0.19 0.19 0.17 0.19 0.32 0.49 0.53 0.46 0.40 0.38 0.39 0.40 0.33 0.25 0.25 0.36 0.52 0.64 0.65 0.66 0.65 0.56 0.43 0.31 0.22 0.09 0.09 0.28 0.62 0.84 0.93 0.91 0.91 0.98 1.08 1.16 1.15 1.11 1.14 1.22 1.34
2.60 2.58 2.53 2.47 2.39 2.31 2.24 2.19 2.15 2.10 2.07 2.03 2.00 1.98 2.08 2.36 2.46 2.28 2.07 1.92 1.72 1.51 1.34 1.20 1.16 1.19 1.19 1.16 1.14 1.14 1.25 1.34 1.25 1.12 1.03 0.88 0.73 0.62 0.49 0.39 0.32 0.24 0.24 0.35 0.39 0.39 0.42 0.43 0.46 0.62 0.80 0.86 0.91 0.98 1.02 1.02 0.87 0.70 0.67 0.74 0.85 0.91 0.91 0.91 0.92 0.87 0.72 0.60 0.45 0.20 0.16 0.30 0.54 0.68 0.76 0.82 0.89 0.98 1.05 1.10 1.04 1.00 1.08 1.17
2.64 2.61 2.55 2.48 2.40 2.34 2.28 2.22 2.18 2.15 2.12 2.08 2.06 2.05 2.15 2.38 2.39 2.19 2.01 1.87 1.72 1.52 1.34 1.27 1.31 1.32 1.24 1.20 1.25 1.33 1.41 1.32 1.06 0.85 0.69 0.59 0.56 0.53 0.46 0.43 0.44 0.51 0.67 0.73 0.69 0.68 0.71 0.68 0.64 0.76 0.99 1.15 1.22 1.23 1.22 1.23 1.21 1.08 0.97 1.00 1.03 1.03 1.00 0.96 1.00 1.05 0.99 0.88 0.79 0.60 0.31 0.17 0.25 0.40 0.58 0.73 0.83 0.97 1.07 1.13 1.09 1.03 1.05 1.09
2.67 2.64 2.58 2.51 2.44 2.39 2.33 2.28 2.25 2.21 2.15 2.10 2.08 2.07 2.13 2.25 2.24 2.07 1.90 1.76 1.61 1.43 1.31 1.32 1.36 1.30 1.22 1.23 1.28 1.30 1.23 1.00 0.73 0.59 0.58 0.63 0.68 0.70 0.71 0.75 0.82 0.85 0.85 0.81 0.78 0.80 0.84 0.94 1.04 1.09 1.09 1.12 1.15 1.13 1.10 1.14 1.24 1.30 1.26 1.22 1.19 1.16 1.11 1.06 1.05 1.12 1.14 1.05 0.95 0.83 0.64 0.43 0.35 0.33 0.38 0.55 0.74 0.92 1.06 1.08 1.05 1.04 1.02 1.06
2.71 2.68 2.61 2.54 2.48 2.41 2.36 2.33 2.29 2.23 2.16 2.11 2.09 2.08 2.10 2.15 2.13 1.94 1.71 1.57 1.44 1.34 1.31 1.33 1.31 1.24 1.21 1.20 1.18 1.11 0.96 0.76 0.62 0.64 0.75 0.83 0.88 0.90 0.88 0.91 0.92 0.88 0.87 0.85 0.85 0.89 0.97 1.08 1.16 1.15 1.07 1.00 0.99 1.03 1.08 1.17 1.27 1.33 1.32 1.28 1.26 1.24 1.19 1.14 1.11 1.13 1.18 1.14 1.04 0.96 0.89 0.80 0.70 0.56 0.41 0.39 0.50 0.70 0.92 0.98 0.98 0.99 0.93 0.97
2.73 2.70 2.64 2.58 2.51 2.45 2.40 2.36 2.30 2.22 2.16 2.14 2.12 2.09 2.07 2.06 1.99 1.80 1.62 1.53 1.46 1.41 1.38 1.36 1.33 1.30 1.26 1.20 1.12 1.02 0.88 0.73 0.67 0.72 0.80 0.90 0.98 1.03 1.03 1.07 1.07 1.05 1.05 1.02 1.02 1.10 1.18 1.16 1.08 1.03 1.01 0.98 0.97 1.03 1.16 1.26 1.31 1.33 1.30 1.24 1.20 1.17 1.13 1.09 1.07 1.07 1.12 1.18 1.18 1.16 1.11 1.02 0.95 0.86 0.71 0.58 0.54 0.68 0.88 0.97 1.00 0.99 0.91 0.89
2.76 2.75 2.70 2.61 2.54 2.48 2.43 2.38 2.31 2.22 2.18 2.17 2.13 2.08 2.05 2.00 1.90 1.77 1.69 1.65 1.59 1.52 1.46 1.44 1.41 1.35 1.29 1.20 1.10 1.02 0.91 0.80 0.78 0.89 1.07 1.22 1.32 1.38 1.34 1.30 1.25 1.19 1.13 1.12 1.19 1.24 1.20 1.11 1.05 1.06 1.07 1.07 1.07 1.09 1.11 1.14 1.20 1.28 1.30 1.25 1.20 1.20 1.16 1.09 1.08 1.10 1.17 1.26 1.30 1.29 1.24 1.12 1.01 0.93 0.86 0.81 0.86 0.99 1.11 1.14 1.11 1.07 1.00 0.89
2.83 2.81 2.72 2.62 2.57 2.52 2.46 2.40 2.32 2.25 2.21 2.18 2.13 2.07 2.04 1.98 1.89 1.82 1.79 1.75 1.67 1.58 1.54 1.51 1.43 1.36 1.30 1.21 1.12 1.06 0.99 0.91 1.00 1.29 1.51 1.60 1.63 1.55 1.42 1.33 1.26 1.19 1.19 1.23 1.24 1.18 1.12 1.14 1.21 1.23 1.22 1.21 1.19 1.12 1.04 1.02 1.06 1.14 1.25 1.30 1.28 1.28 1.26 1.18 1.15 1.18 1.25 1.34 1.36 1.32 1.23 1.16 1.08 0.97 0.84 0.80 0.94 1.17 1.37 1.45 1.36 1.21 1.12 0.97
2.86 2.81 2.72 2.67 2.62 2.56 2.49 2.41 2.34 2.29 2.26 2.21 2.16 2.10 2.04 1.98 1.92 1.89 1.87 1.81 1.72 1.64 1.61 1.53 1.44 1.40 1.33 1.24 1.17 1.13 1.10 1.11 1.32 1.57 1.60 1.56 1.49 1.36 1.25 1.22 1.21 1.22 1.27 1.27 1.22 1.25 1.34 1.37 1.35 1.30 1.26 1.24 1.20 1.14 1.10 1.10 1.09 1.12 1.17 1.27 1.31 1.32 1.31 1.28 1.29 1.36 1.40 1.41 1.42 1.37 1.28 1.20 1.17 1.10 0.94 0.82 0.86 1.06 1.36 1.62 1.67 1.51 1.38 1.17
2.88 2.84 2.78 2.73 2.66 2.58 2.48 2.40 2.35 2.34 2.30 2.24 2.18 2.12 2.06 2.01 1.96 1.94 1.92 1.85 1.76 1.70 1.65 1.56 1.47 1.41 1.30 1.19 1.15 1.17 1.20 1.26 1.44 1.51 1.44 1.38 1.30 1.19 1.18 1.22 1.25 1.30 1.33 1.32 1.42 1.57 1.54 1.43 1.34 1.29 1.27 1.23 1.20 1.21 1.21 1.19 1.15 1.12 1.13 1.21 1.30 1.32 1.31 1.32 1.36 1.40 1.39 1.35 1.35 1.34 1.28 1.22 1.19 1.16 1.08 0.93 0.82 0.87 1.09 1.43 1.73 1.76 1.67 1.49
2.93 2.90 2.83 2.75 2.66 2.57 2.47 2.41 2.41 2.39 2.32 2.23 2.17 2.14 2.09 2.03 2.00 1.98 1.95 1.86 1.79 1.75 1.68 1.58 1.47 1.36 1.21 1.10 1.17 1.28 1.30 1.33 1.39 1.42 1.39 1.35 1.28 1.25 1.29 1.33 1.36 1.39 1.43 1.57 1.73 1.67 1.48 1.36 1.32 1.28 1.26 1.25 1.26 1.30 1.30 1.26 1.21 1.15 1.08 1.09 1.17 1.29 1.37 1.39 1.30 1.18 1.14 1.17 1.20 1.21 1.17 1.14 1.17 1.17 1.12 1.01 0.82 0.71 0.82 1.10 1.50 1.75 1.84 1.83
2.97 2.92 2.84 2.76 2.68 2.58 2.50 2.47 2.48 2.42 2.31 2.23 2.20 2.17 2.10 2.06 2.04 2.01 1.96 1.89 1.83 1.77 1.68 1.57 1.46 1.32 1.16 1.15 1.34 1.41 1.35 1.37 1.45 1.49 1.48 1.41 1.34 1.38 1.45 1.46 1.47 1.51 1.63 1.78 1.75 1.53 1.40 1.39 1.40 1.37 1.33 1.28 1.24 1.23 1.26 1.31 1.30 1.21 1.07 0.99 1.07 1.29 1.48 1.53 1.46 1.29 1.17 1.16 1.22 1.23 1.17 1.11 1.11 1.13 1.13 1.12 1.03 0.79 0.66 0.83 1.19 1.54 1.78 1.97
2.99 2.95 2.87 2.80 2.71 2.60 2.54 2.54 2.52 2.42 2.31 2.26 2.24 2.18 2.11 2.09 2.07 2.03 1.98 1.91 1.85 1.79 1.71 1.62 1.51 1.32 1.20 1.33 1.50 1.48 1.41 1.45 1.52 1.52 1.50 1.44 1.41 1.56 1.66 1.66 1.65 1.70 1.81 1.83 1.69 1.57 1.56 1.55 1.54 1.53 1.48 1.39 1.31 1.28 1.33 1.39 1.34 1.24 1.16 1.14 1.23 1.32 1.36 1.41 1.46 1.42 1.31 1.26 1.32 1.37 1.33 1.20 1.10 1.08 1.08 1.16 1.28 1.12 0.71 0.63 0.88 1.19 1.45 1.73
3.02 2.99 2.92 2.83 2.73 2.63 2.59 2.59 2.53 2.40 2.32 2.28 2.24 2.17 2.13 2.13 2.11 2.07 2.01 1.95 1.89 1.85 1.79 1.70 1.56 1.36 1.30 1.52 1.68 1.61 1.53 1.56 1.59 1.55 1.51 1.44 1.47 1.70 1.83 1.83 1.79 1.88 1.97 1.91 1.82 1.79 1.81 1.79 1.71 1.66 1.66 1.66 1.63 1.59 1.54 1.46 1.41 1.42 1.45 1.48 1.47 1.34 1.17 1.11 1.19 1.28 1.29 1.30 1.35 1.41 1.42 1.30 1.15 1.08 1.04 1.07 1.28 1.42 1.08 0.67 0.64 0.85 1.09 1.32
3.05 3.03 2.94 2.84 2.75 2.67 2.64 2.62 2.51 2.39 2.33 2.29 2.25 2.21 2.20 2.19 2.16 2.09 2.04 2.01 1.97 1.94 1.86 1.76 1.62 1.47 1.55 1.86 1.95 1.77 1.68 1.76 1.74 1.69 1.69 1.69 1.77 1.93 2.12 2.12 2.10 2.21 2.17 2.07 2.01 1.94 1.91 1.90 1.88 1.88 1.90 1.92 1.91 1.84 1.69 1.54 1.54 1.63 1.63 1.57 1.50 1.43 1.30 1.15 1.13 1.20 1.24 1.29 1.34 1.38 1.45 1.43 1.31 1.18 1.03 0.96 1.06 1.39 1.35 0.90 0.59 0.61 0.83 1.05
3.09 3.06 2.96 2.85 2.77 2.71 2.68 2.60 2.48 2.40 2.36 2.33 2.31 2.29 2.28 2.24 2.20 2.14 2.10 2.09 2.04 1.99 1.89 1.78 1.66 1.64 1.86 2.10 2.03 1.87 1.91 1.99 1.93 2.02 2.28 2.36 2.31 2.40 2.57 2.55 2.56 2.58 2.44 2.30 2.17 2.04 2.00 2.04 2.17 2.28 2.27 2.19 2.12 2.02 1.87 1.73 1.64 1.59 1.57 1.46 1.31 1.26 1.31 1.25 1.15 1.13 1.16 1.25 1.32 1.32 1.34 1.40 1.38 1.27 1.09 0.99 1.05 1.32 1.47 1.16 0.69 0.50 0.63 0.88
3.14 3.10 2.98 2.86 2.80 2.77 2.69 2.58 2.50 2.44 2.39 2.38 2.36 2.33 2.32 2.28 2.24 2.21 2.17 2.14 2.08 2.01 1.93 1.84 1.79 1.85 2.00 2.04 1.86 1.68 1.74 1.95 2.21 2.64 2.93 2.82 2.65 2.72 2.85 2.79 2.72 2.62 2.44 2.31 2.18 2.07 2.07 2.17 2.22 2.18 2.16 2.12 2.03 1.94 1.85 1.74 1.56 1.41 1.39 1.34 1.17 1.04 1.12 1.19 1.12 1.03 1.03 1.12 1.25 1.27 1.18 1.16 1.20 1.19 1.15 1.16 1.19 1.38 1.61 1.46 0.95 0.58 0.56 0.78
3.20 3.13 2.98 2.87 2.88 2.85 2.70 2.60 2.54 2.48 2.44 2.42 2.40 2.38 2.37 2.33 2.29 2.25 2.21 2.16 2.12 2.07 2.01 1.95 1.97 2.02 2.03 1.95 1.70 1.51 1.67 2.13 2.61 2.98 2.97 2.63 2.57 2.84 2.93 2.69 2.46 2.22 1.99 1.91 1.86 1.85 1.91 1.92 1.74 1.50 1.46 1.48 1.50 1.57 1.61 1.60 1.54 1.40 1.26 1.21 1.16 1.08 1.11 1.22 1.18 1.02 0.96 1.05 1.26 1.33 1.15 1.05 1.07 1.10 1.13 1.19 1.25 1.42 1.69 1.73 1.34 0.87 0.68 0.75
3.21 3.13 2.95 2.90 2.97 2.88 2.68 2.60 2.56 2.52 2.48 2.47 2.47 2.46 2.44 2.38 2.31 2.28 2.24 2.20 2.20 2.18 2.10 2.05 2.09 2.10 2.10 2.02 1.84 1.89 2.33 2.77 2.91 2.90 2.64 2.32 2.45 2.78 2.64 2.19 1.95 1.76 1.62 1.60 1.57 1.56 1.62 1.53 1.29 1.15 1.11 1.10 1.14 1.26 1.42 1.52 1.58 1.58 1.44 1.27 1.13 1.07 1.18 1.36 1.39 1.15 0.97 1.04 1.32 1.49 1.31 1.18 1.18 1.14 1.13 1.16 1.25 1.43 1.70 1.87 1.63 1.22 0.95 0.83
3.21 3.12 2.96 2.97 3.01 2.84 2.67 2.60 2.59 2.56 2.52 2.54 2.54 2.51 2.48 2.41 2.36 2.35 2.33 2.31 2.30 2.27 2.18 2.18 2.24 2.22 2.18 2.06 2.01 2.28 2.69 2.91 2.79 2.69 2.60 2.41 2.50 2.61 2.28 1.87 1.72 1.59 1.49 1.47 1.38 1.36 1.36 1.20 1.06 1.05 1.04 1.02 0.98 1.00 1.16 1.30 1.38 1.49 1.59 1.55 1.32 1.16 1.24 1.45 1.61 1.43 1.07 0.94 1.16 1.52 1.53 1.43 1.34 1.23 1.16 1.15 1.21 1.37 1.68 2.00 1.95 1.60 1.31 1.06
3.23 3.14 3.04 3.08 3.05 2.86 2.70 2.63 2.64 2.62 2.59 2.60 2.58 2.55 2.52 2.46 2.43 2.44 2.42 2.38 2.36 2.31 2.27 2.32 2.34 2.26 2.15 2.02 2.00 2.19 2.55 2.71 2.64 2.72 2.85 2.71 2.53 2.39 2.05 1.77 1.62 1.41 1.29 1.23 1.17 1.17 1.12 0.99 0.97 0.99 0.96 0.91 0.87 0.86 0.93 1.04 1.12 1.17 1.34 1.59 1.57 1.34 1.25 1.38 1.67 1.70 1.35 0.98 0.99 1.30 1.49 1.50 1.42 1.27 1.14 1.07 1.07 1.14 1.38 1.83 2.11 2.01 1.78 1.49
3.22 3.18 3.15 3.18 3.08 2.88 2.72 2.68 2.70 2.69 2.66 2.65 2.63 2.60 2.55 2.52 2.52 2.51 2.47 2.43 2.41 2.39 2.38 2.37 2.30 2.21 2.11 2.02 1.97 2.14 2.58 2.76 2.84 3.04 3.02 2.63 2.28 2.05 1.76 1.49 1.31 1.15 1.11 1.12 1.12 1.14 1.08 1.04 1.08 1.08 1.02 0.98 0.97 0.99 1.04 1.11 1.11 1.04 1.07 1.34 1.49 1.32 1.17 1.23 1.53 1.83 1.71 1.32 1.08 1.09 1.21 1.35 1.35 1.22 1.08 0.98 0.94 0.93 0.99 1.26 1.72 1.99 2.06 1.93
3.25 3.25 3.23 3.21 3.04 2.82 2.74 2.74 2.75 2.74 2.73 2.71 2.68 2.64 2.62 2.61 2.60 2.56 2.52 2.49 2.47 2.46 2.43 2.38 2.31 2.25 2.16 2.02 1.98 2.40 2.92 3.05 3.14 3.11 2.73 2.18 1.85 1.62 1.37 1.16 1.04 1.05 1.14 1.19 1.23 1.27 1.24 1.22 1.19 1.12 1.11 1.16 1.21 1.25 1.28 1.29 1.27 1.21 1.18 1.31 1.45 1.31 1.12 1.10 1.30 1.70 1.88 1.68 1.36 1.12 1.05 1.14 1.18 1.10 1.05 0.99 0.94 0.98 1.02 1.02 1.17 1.53 1.91 2.15
3.33 3.33 3.30 3.18 2.97 2.83 2.80 2.78 2.77 2.81 2.81 2.77 2.72 2.71 2.72 2.70 2.66 2.62 2.59 2.56 2.54 2.51 2.46 2.42 2.40 2.34 2.22 2.08 2.28 2.98 3.26 3.16 3.05 2.74 2.34 1.89 1.46 1.15 1.06 1.08 1.11 1.20 1.29 1.35 1.39 1.41 1.40 1.38 1.31 1.23 1.25 1.33 1.39 1.38 1.35 1.36 1.41 1.45 1.44 1.49 1.59 1.48 1.24 1.10 1.11 1.37 1.73 1.76 1.53 1.31 1.18 1.17 1.16 1.10 1.09 1.06 0.98 1.06 1.29 1.25 1.05 1.20 1.60 2.04
