windninja/windninja_output/Output_2025-10-23_0900-0950_Google earth_Fire_150m_10min/merlingen_7.5mi_point_10-23-2025_0910_150m_vel.asc
ncols	158
nrows	163
xllcorner	391686.332397
yllcorner	5160024.123721
cellsize	150.000000
NODATA_value	-32768.000000
[rows 111 to 147 of 163, columns 0 to 83 of 158]
4.88 5.35 6.21 6.71 6.82 6.85 6.86 7.03 7.21 7.27 7.68 8.01 7.27 7.08 8.05 8.13 5.83 3.52 4.88 7.90 10.37 10.42 7.13 5.06 4.92 5.43 6.46 8.04 11.65 15.08 14.51 11.73 10.38 12.17 14.99 13.55 10.53 8.75 6.69 4.64 4.24 4.97 5.17 4.27 3.78 3.50 2.96 2.52 2.27 2.04 2.06 2.49 3.31 4.43 5.09 5.14 5.47 6.46 6.96 6.29 5.88 6.60 7.24 6.99 6.67 6.78 6.46 5.43 4.65 4.34 4.40 5.31 6.39 6.54 6.43 6.44 6.21 6.00 5.82 5.46 5.13 5.00 4.48 3.64
4.94 5.37 6.12 6.64 6.78 6.74 6.83 7.02 7.17 7.12 7.56 8.61 8.03 7.14 8.08 8.38 5.62 2.81 3.92 7.23 10.48 11.87 8.76 4.84 4.70 5.89 5.91 6.29 8.50 12.85 15.36 13.75 11.41 12.92 15.48 14.10 11.06 8.41 5.61 4.50 4.26 4.65 5.23 4.97 3.97 3.29 2.72 2.41 2.31 2.07 1.76 1.76 2.50 3.86 4.83 4.92 5.09 6.07 6.96 6.67 6.01 6.22 6.88 7.04 6.88 7.02 7.12 6.44 5.29 4.53 4.46 5.15 6.09 6.52 6.62 6.70 6.44 6.10 6.15 6.09 5.67 5.28 4.62 3.89
5.34 5.53 5.95 6.47 6.76 6.65 6.58 6.77 7.05 7.05 7.42 8.86 8.79 7.44 8.15 8.65 5.63 2.28 3.04 5.95 9.45 12.49 11.28 6.18 5.08 6.87 6.73 6.56 6.80 8.88 13.25 15.21 14.27 14.82 16.13 13.93 10.50 7.71 5.32 4.39 3.92 4.37 5.65 5.79 4.13 2.78 2.35 2.21 2.18 2.09 1.75 1.30 1.74 3.20 4.44 4.75 4.78 5.52 6.68 6.92 6.34 6.10 6.68 7.06 6.74 6.89 7.29 7.15 6.51 5.46 4.94 5.34 5.94 6.29 6.70 6.98 6.72 6.22 6.17 6.41 6.48 5.83 4.71 4.07
5.39 5.66 6.05 6.40 6.78 6.81 6.58 6.48 6.49 6.72 7.29 8.60 8.76 7.79 8.62 9.22 6.00 1.83 1.75 4.17 7.39 11.49 12.78 9.24 7.55 8.04 7.87 7.26 7.08 7.18 9.35 13.90 16.49 17.26 16.37 12.84 9.72 7.81 5.73 4.25 3.87 4.75 6.09 6.11 4.15 2.45 2.14 2.07 1.96 1.95 1.81 1.37 1.09 2.34 3.91 4.59 4.60 5.01 6.12 6.85 6.57 6.09 6.53 7.26 6.82 6.58 7.07 7.32 7.19 6.53 5.82 5.87 6.16 6.07 6.47 7.19 7.14 6.57 6.05 6.27 6.97 6.55 5.09 4.31
4.88 5.54 6.34 6.57 6.76 6.86 6.87 6.58 6.22 6.48 7.36 8.10 7.79 7.67 9.38 10.27 6.74 1.76 0.75 2.43 5.24 8.81 11.76 12.05 10.58 8.96 8.09 7.86 8.62 7.31 7.07 11.49 16.79 18.99 16.73 12.50 9.32 7.50 5.96 4.47 4.25 5.44 6.26 5.98 4.47 2.85 2.14 1.80 1.67 1.68 1.66 1.49 0.93 1.35 3.19 4.33 4.54 4.71 5.50 6.50 6.56 6.12 6.40 7.23 7.11 6.46 6.73 7.24 7.37 7.02 6.57 6.53 6.75 6.43 6.13 6.85 7.48 7.16 6.24 6.00 7.00 7.04 5.65 4.61
4.19 5.20 6.31 6.64 6.73 6.65 6.73 6.82 6.85 7.13 7.88 7.44 6.30 6.77 9.63 11.41 7.66 1.89 0.28 1.25 3.81 6.35 8.75 11.46 12.27 10.70 8.50 8.38 9.96 8.00 6.13 9.33 15.14 19.27 17.65 12.65 8.99 6.70 6.05 5.38 5.09 5.91 6.05 5.79 4.97 3.16 1.81 1.29 1.31 1.32 1.30 1.38 1.12 0.56 2.27 3.91 4.52 4.58 5.03 5.99 6.28 6.09 6.39 7.09 7.17 6.52 6.55 7.09 7.37 7.27 7.00 7.00 7.42 7.52 6.66 6.44 7.12 7.56 6.85 6.10 6.83 7.24 5.86 4.71
3.70 4.81 6.06 6.54 6.72 6.50 6.19 6.53 7.39 8.27 8.64 6.88 4.90 5.47 9.40 12.29 8.67 2.38 0.32 0.86 2.68 4.82 6.40 8.75 11.28 12.03 10.22 9.54 11.25 8.81 6.19 7.47 11.77 17.50 17.89 12.75 8.54 6.14 6.18 6.44 6.04 6.00 5.80 5.81 5.40 3.50 1.81 1.21 1.19 1.19 1.03 1.12 1.18 0.47 1.27 3.34 4.45 4.60 4.82 5.55 5.87 5.82 6.32 7.06 7.14 6.57 6.53 6.97 7.26 7.33 7.21 7.17 7.62 8.33 8.23 7.24 6.70 7.27 7.42 6.79 7.02 7.31 5.86 4.54
3.46 4.37 5.75 6.49 6.67 6.39 5.85 6.11 7.27 8.45 9.28 7.24 4.19 4.51 8.39 12.54 10.86 4.07 1.29 1.53 1.96 3.55 5.05 6.40 8.25 10.40 10.36 10.49 11.88 10.88 8.22 7.39 9.43 14.99 16.79 14.57 10.92 7.45 7.15 7.33 6.61 6.21 5.99 5.97 5.65 4.25 2.47 1.59 1.26 1.07 0.79 0.78 1.12 0.83 0.53 2.65 4.21 4.66 4.79 5.30 5.58 5.41 5.89 6.82 7.07 6.74 6.65 7.00 7.28 7.34 7.20 7.08 7.36 8.27 9.18 8.83 7.42 7.09 7.47 7.40 7.56 7.44 5.94 4.51
3.36 4.00 5.41 6.56 6.57 6.09 5.91 6.23 7.17 7.80 9.02 8.26 4.42 4.10 7.00 11.46 12.62 7.08 2.40 2.08 2.39 3.01 4.24 5.60 6.86 7.83 8.24 8.91 10.66 11.38 10.71 9.45 10.60 13.91 15.12 15.15 13.64 10.36 9.14 8.83 8.12 7.41 6.94 6.61 6.09 5.04 3.39 2.15 1.42 0.93 0.51 0.38 1.01 1.07 0.42 1.96 3.83 4.63 4.79 5.22 5.49 5.23 5.43 6.15 6.49 6.64 6.62 6.84 7.37 7.57 7.20 6.84 6.93 7.61 8.92 9.72 9.04 7.96 7.75 7.75 7.85 7.63 6.27 4.89
3.19 3.73 5.15 6.74 6.76 5.90 6.16 6.71 7.33 7.14 7.97 8.80 5.38 3.80 5.84 10.05 13.10 10.15 4.26 2.38 2.70 3.16 4.08 5.41 6.63 7.29 7.61 7.98 9.12 10.54 11.63 11.33 11.71 13.14 13.68 13.98 13.39 11.95 10.02 9.24 9.74 9.54 8.84 8.05 7.17 6.08 4.64 3.15 1.89 1.19 0.74 0.40 0.91 1.21 0.81 1.47 3.42 4.49 4.72 5.17 5.53 5.21 5.33 5.73 5.66 6.02 6.03 5.74 6.56 7.50 7.35 6.75 6.55 6.85 7.87 9.28 10.01 9.52 8.79 8.41 8.09 7.76 6.60 5.40
2.88 3.48 4.88 6.59 7.24 6.65 7.04 7.78 7.90 6.68 7.02 9.28 6.55 3.33 4.81 8.88 12.99 11.93 6.53 3.16 2.75 3.45 4.34 5.46 6.76 7.38 7.49 7.98 9.91 11.80 12.11 12.11 12.31 12.33 13.23 13.19 12.00 11.93 9.44 7.71 8.91 10.07 10.48 9.31 8.07 7.02 5.77 4.21 2.68 1.89 1.27 0.79 0.93 1.35 1.18 1.25 3.20 4.37 4.65 5.12 5.48 5.16 5.28 5.71 5.62 6.06 6.08 4.90 4.89 6.40 7.03 6.78 6.54 6.37 6.66 7.81 9.43 10.41 10.30 9.61 8.84 8.20 7.01 5.91
2.49 3.28 4.50 5.63 6.91 7.56 8.38 9.44 9.42 7.12 6.75 9.80 7.57 3.01 3.46 6.82 12.08 13.14 8.30 4.66 3.32 3.77 4.56 5.52 6.99 7.39 7.48 8.67 11.51 13.04 11.80 11.83 12.35 11.49 12.70 12.85 11.12 11.66 9.55 6.64 6.72 8.58 11.03 10.71 8.69 7.42 6.23 4.48 3.16 2.50 1.90 1.29 1.12 1.52 1.40 1.19 2.91 4.29 4.68 5.19 5.39 5.15 5.32 5.65 5.90 6.84 7.13 5.57 4.45 4.76 5.81 6.33 6.49 6.27 5.90 6.21 7.57 9.51 10.77 10.90 10.27 9.30 7.75 6.52
2.12 2.99 4.07 4.40 5.40 6.77 8.03 9.73 11.05 9.42 8.16 10.77 8.39 2.89 2.67 5.10 9.75 13.37 11.15 7.22 5.35 4.63 4.78 5.71 6.95 7.39 7.57 9.51 13.33 13.70 10.75 10.79 11.64 10.73 11.92 12.57 10.54 11.06 10.72 6.95 5.39 6.77 10.04 11.97 10.37 8.21 6.56 4.55 3.33 2.83 2.43 1.87 1.50 1.75 1.58 1.29 2.54 4.13 4.59 4.94 5.25 5.30 5.49 5.64 5.86 7.02 7.86 7.14 5.36 4.18 4.52 5.50 5.98 6.00 5.62 5.25 5.68 7.32 9.31 10.67 11.28 10.95 9.25 7.34
2.18 2.98 3.85 3.79 4.40 5.85 6.93 8.44 10.84 10.81 10.90 12.11 7.92 3.12 2.80 4.38 7.19 11.32 13.05 10.76 8.04 6.44 5.52 5.94 6.73 7.09 7.80 11.26 15.41 13.09 8.76 9.62 10.96 10.27 11.12 12.26 10.33 9.92 10.70 7.92 5.34 5.32 7.64 11.58 12.42 9.95 7.41 5.14 3.52 3.14 2.98 2.55 2.08 2.09 1.97 1.81 2.62 4.19 4.78 4.44 4.78 5.55 5.72 5.71 6.07 6.91 7.67 8.03 7.27 5.01 4.24 5.03 5.45 5.36 5.27 4.83 4.55 5.38 7.08 8.56 10.09 11.59 11.16 8.74
2.36 3.17 3.87 3.66 4.10 5.37 6.33 7.38 9.63 10.45 11.94 13.75 9.60 4.15 3.45 4.25 5.52 7.70 11.02 12.88 12.45 9.65 7.35 6.64 7.26 8.02 10.48 15.24 14.96 9.81 6.42 8.56 10.66 9.86 10.14 11.87 10.42 9.02 9.94 8.57 5.85 4.60 5.48 9.47 12.74 11.80 8.82 5.88 3.94 3.41 3.27 2.98 2.64 2.52 2.44 2.43 3.21 4.68 5.58 4.84 4.68 5.57 5.85 5.86 6.40 7.09 7.36 7.86 8.23 7.13 5.43 5.36 5.57 5.17 4.92 4.60 4.20 4.32 5.27 6.38 7.41 9.97 11.75 10.62
2.24 3.11 3.89 3.54 3.85 4.95 5.99 6.90 8.28 9.37 11.28 14.61 13.15 6.79 5.16 4.75 4.61 5.53 7.62 10.87 13.16 13.27 9.99 8.29 10.08 12.32 13.53 13.85 10.31 5.91 4.81 7.53 10.45 9.63 9.36 11.26 10.70 8.79 8.66 8.27 6.37 4.46 4.33 7.12 11.59 12.70 10.20 6.95 4.77 3.89 3.58 3.18 2.92 2.89 2.79 2.71 3.25 4.66 5.91 5.65 5.25 5.65 5.85 5.95 6.54 7.19 7.37 7.56 8.09 8.16 7.53 6.92 6.37 5.61 5.08 4.68 4.29 4.10 4.48 5.16 5.84 7.65 10.11 10.98
2.09 3.00 3.92 3.44 3.53 4.53 5.80 6.85 7.32 8.10 9.75 13.36 14.88 11.93 8.95 6.00 4.19 4.94 6.65 8.68 11.38 13.44 12.41 10.39 11.23 12.53 11.45 8.59 6.18 4.40 3.85 6.26 9.79 9.91 9.46 10.60 10.67 9.23 7.82 7.51 6.58 4.69 3.90 5.21 9.45 12.50 10.97 7.62 5.52 4.44 3.99 3.58 3.19 3.13 3.05 2.87 3.07 4.33 5.64 5.81 5.68 5.84 5.90 6.06 6.61 7.16 7.36 7.47 7.77 8.05 8.42 8.51 7.69 6.55 5.76 5.21 4.49 4.23 4.52 4.67 5.06 6.33 7.77 9.19
2.02 2.88 3.91 3.49 3.24 4.01 5.42 6.67 6.90 6.99 7.80 10.46 13.76 14.98 13.52 8.40 5.36 5.83 7.54 10.93 12.29 12.36 12.51 11.25 11.15 11.28 9.40 6.91 4.99 3.90 3.77 5.27 8.22 9.61 10.29 10.89 10.63 9.42 7.69 7.14 6.59 5.30 4.26 4.23 7.08 11.39 11.49 8.03 5.97 4.99 4.25 3.87 3.60 3.51 3.36 3.17 3.23 4.20 5.43 5.78 5.82 5.97 6.05 6.29 6.73 7.16 7.31 7.42 7.65 7.84 8.44 9.32 9.13 7.75 6.64 6.04 5.05 4.59 4.80 4.86 4.98 5.46 6.19 7.20
2.03 2.80 3.88 3.54 3.12 3.79 4.90 6.05 6.43 6.20 6.28 7.58 10.09 13.16 14.94 13.95 9.60 8.47 11.55 14.49 12.27 9.79 11.01 11.90 12.26 12.10 9.89 6.83 4.82 4.08 4.15 4.58 5.95 7.71 9.99 12.05 11.80 9.52 7.84 7.36 6.81 5.98 5.11 4.52 5.49 9.09 10.89 8.88 6.92 5.88 4.88 4.27 3.92 3.81 3.59 3.37 3.49 4.34 5.41 5.81 5.90 6.05 6.21 6.48 6.86 7.20 7.30 7.38 7.57 7.80 8.34 9.41 10.05 9.26 7.82 7.07 6.09 4.98 4.90 5.26 5.40 5.32 5.26 5.73
2.06 2.82 4.01 3.75 3.21 4.05 5.08 5.67 5.87 5.61 5.45 5.70 6.69 8.68 11.72 14.68 14.75 14.44 15.29 13.44 9.06 7.48 8.69 11.32 13.44 13.19 10.04 6.91 5.58 4.72 4.32 3.99 4.01 5.30 7.57 11.27 13.43 11.45 8.63 7.81 7.31 6.59 6.04 5.39 5.15 6.36 8.74 8.67 7.77 6.62 5.41 4.78 4.22 3.92 3.65 3.39 3.56 4.48 5.50 5.93 5.94 6.02 6.29 6.57 6.91 7.21 7.34 7.35 7.44 7.73 8.32 9.23 10.10 10.27 9.49 8.57 7.33 5.60 5.21 5.59 5.64 5.52 5.15 4.82
2.13 2.77 4.09 4.25 3.65 4.36 5.37 5.98 6.20 5.66 5.11 4.96 5.31 6.65 8.69 11.85 16.82 18.87 15.64 9.89 7.51 6.91 7.22 9.10 13.21 14.29 9.63 7.24 6.65 5.33 4.43 3.85 3.33 3.56 5.24 8.37 12.38 13.53 11.15 9.05 8.26 7.38 6.83 6.26 5.17 4.50 5.36 6.85 7.64 6.86 5.56 5.03 4.56 4.12 3.79 3.46 3.47 4.37 5.44 5.96 6.02 5.99 6.10 6.53 6.86 7.12 7.37 7.32 7.28 7.52 8.25 9.15 9.73 10.38 10.54 10.17 8.89 6.54 5.65 6.06 6.19 5.74 4.95 4.44
2.22 2.65 3.71 4.45 4.41 4.55 4.99 6.05 7.25 6.61 5.19 4.75 4.99 6.08 8.19 10.90 17.46 20.55 14.84 9.24 7.67 6.82 6.68 7.55 11.28 14.46 11.83 8.15 7.26 5.85 4.66 3.91 3.06 2.72 3.97 6.04 9.08 12.35 12.83 11.75 10.36 8.68 7.76 7.10 5.41 3.29 2.90 4.55 6.57 6.67 5.54 5.04 4.70 4.30 4.00 3.70 3.66 4.40 5.41 5.93 6.16 6.26 5.95 6.30 6.80 6.97 7.28 7.27 7.08 7.26 8.04 8.89 9.37 10.27 10.88 11.01 10.50 7.83 6.10 6.73 6.82 5.74 4.68 4.33
2.37 2.70 3.37 4.20 5.03 4.87 4.36 5.11 7.28 8.19 6.45 5.08 5.22 6.62 8.48 11.81 18.15 19.87 15.99 10.78 8.09 6.87 6.59 7.02 8.97 12.83 13.60 10.36 7.87 6.29 5.03 4.18 3.12 2.94 3.58 4.87 6.89 9.38 11.29 12.66 12.34 10.17 8.84 8.22 6.40 4.08 2.96 3.43 5.27 6.04 5.41 4.88 4.64 4.40 4.18 4.01 4.01 4.63 5.53 6.08 6.48 6.69 6.27 6.32 6.83 6.97 7.23 7.25 6.83 6.95 7.72 8.43 8.85 9.86 11.12 11.87 11.73 8.95 6.62 7.18 7.34 5.73 4.34 4.07
2.59 2.95 3.36 4.04 5.19 5.17 4.36 4.40 5.62 7.91 8.20 6.35 6.53 8.14 10.89 16.05 18.76 17.89 15.43 12.93 9.63 6.64 6.17 6.22 6.34 9.15 13.17 13.43 10.12 7.21 5.66 4.75 3.83 3.57 3.74 4.18 5.60 7.12 9.10 11.76 12.78 11.20 9.69 8.90 7.24 5.82 4.50 3.85 4.76 5.71 5.54 4.96 4.60 4.41 4.24 4.13 4.24 4.83 5.51 6.04 6.62 6.83 6.59 6.58 6.96 7.22 7.37 7.47 7.01 6.59 7.07 7.86 8.32 8.89 10.70 12.68 13.02 10.36 7.37 7.29 7.52 6.15 4.25 3.61
2.72 3.26 3.68 4.13 5.09 5.36 4.84 4.66 4.78 6.23 7.93 7.57 7.48 10.17 16.33 19.18 17.31 15.22 13.84 13.30 11.54 7.36 5.71 5.33 4.63 5.85 9.99 13.77 13.27 9.50 6.61 5.55 4.87 4.10 3.90 3.98 4.31 5.42 8.11 11.11 11.98 11.28 10.30 8.73 7.61 6.98 5.83 4.80 4.97 5.68 5.74 5.29 4.79 4.48 4.23 4.09 4.33 5.00 5.50 5.93 6.50 6.71 6.70 6.78 7.06 7.47 7.57 7.88 7.96 6.93 6.33 6.92 7.61 7.98 9.59 12.33 13.79 12.47 8.79 7.60 7.36 6.17 4.78 3.93
2.43 3.39 4.25 4.27 4.98 5.30 5.17 5.13 5.10 5.79 6.84 7.43 7.47 11.81 19.74 18.98 14.49 13.50 12.58 12.53 11.77 8.61 6.17 5.25 4.36 4.54 7.06 11.44 13.95 12.21 8.52 6.60 6.06 5.06 4.28 4.10 3.61 4.18 7.74 10.95 10.66 10.50 10.32 8.28 7.52 7.29 6.44 5.28 5.06 5.50 5.61 5.36 4.98 4.62 4.33 4.12 4.36 5.12 5.59 6.01 6.46 6.63 6.77 6.89 7.14 7.64 7.78 8.22 9.11 8.32 6.60 6.08 6.50 6.78 8.05 10.96 13.50 13.79 11.60 8.86 7.32 6.06 5.23 4.82
1.76 2.81 4.42 4.74 5.17 5.31 5.03 5.11 5.57 6.22 6.69 7.41 7.80 13.63 20.62 17.78 13.66 12.46 11.25 11.47 11.26 9.03 6.91 5.86 4.56 4.11 5.39 9.07 12.61 13.00 10.39 8.11 7.14 6.22 5.24 4.16 3.35 3.42 7.36 10.84 9.76 9.01 9.16 8.09 7.35 7.21 6.57 5.49 5.16 5.39 5.43 5.25 5.00 4.69 4.38 4.16 4.41 5.20 5.57 5.92 6.38 6.61 6.85 6.91 7.11 7.67 8.04 8.52 9.70 9.95 8.02 6.32 6.05 5.92 5.89 8.22 11.83 13.60 13.42 11.95 8.85 6.32 5.62 5.55
1.54 2.17 3.64 4.92 5.83 5.67 4.87 4.76 5.41 6.38 7.29 8.11 9.64 17.15 20.62 16.58 13.20 11.51 10.06 10.76 11.17 9.30 7.51 6.46 5.04 4.33 4.89 7.61 10.52 11.57 11.43 10.47 8.61 7.16 6.36 4.66 3.12 3.30 6.64 10.34 9.40 7.52 7.66 7.55 7.21 7.29 6.85 5.84 5.42 5.48 5.45 5.31 5.05 4.78 4.46 4.20 4.48 5.15 5.48 5.77 6.14 6.49 6.86 6.93 7.14 7.68 8.29 8.96 9.89 10.73 10.01 7.80 6.54 6.03 5.43 5.75 8.92 11.66 12.81 13.61 11.98 7.64 6.61 6.02
2.22 2.30 2.74 4.23 6.04 6.41 5.54 5.08 5.32 6.13 7.56 9.53 14.57 20.28 19.09 14.12 12.33 11.45 10.59 11.17 11.56 9.90 8.06 6.74 5.56 4.99 5.22 6.54 8.26 8.76 9.74 11.59 11.11 8.64 7.54 5.47 3.41 3.75 6.06 9.05 8.54 6.90 6.85 6.77 6.76 7.12 6.95 6.18 5.74 5.61 5.49 5.39 5.17 5.00 4.78 4.45 4.57 5.03 5.41 5.68 5.91 6.30 6.62 6.77 7.28 7.97 8.57 9.41 10.15 10.84 11.22 10.10 7.74 6.29 5.63 5.32 6.56 9.22 10.67 12.74 13.28 10.57 8.37 6.28
2.88 2.84 2.88 3.59 4.81 6.24 6.89 6.36 5.92 6.95 8.14 11.66 19.62 20.49 14.39 11.33 11.36 10.92 10.19 11.67 12.77 11.01 8.68 7.16 6.17 5.79 5.70 5.89 6.53 6.42 6.85 10.11 12.00 11.04 9.44 6.77 4.33 4.14 5.21 6.88 7.18 6.81 6.72 6.30 6.23 6.65 6.66 6.26 5.98 5.80 5.59 5.33 4.99 4.97 5.06 4.82 4.68 4.93 5.37 5.63 5.80 6.18 6.23 6.27 7.17 8.41 9.18 9.91 10.49 11.09 11.77 11.65 9.53 6.97 5.97 5.12 5.21 7.44 9.05 10.90 12.87 12.12 9.33 6.55
2.79 3.48 3.97 3.55 3.45 4.50 6.70 7.26 7.40 9.26 10.53 16.45 21.47 16.37 10.39 9.94 10.16 10.03 9.08 10.30 12.65 12.65 10.61 8.39 7.02 6.46 6.04 5.61 5.56 5.31 5.52 7.76 10.27 11.77 11.47 8.62 5.55 4.71 4.49 5.01 6.13 6.69 6.71 6.26 6.05 6.26 6.37 6.27 6.12 6.00 5.83 5.51 4.81 4.42 4.80 4.88 4.75 4.92 5.35 5.65 5.82 6.08 5.91 5.61 6.42 8.07 9.45 10.34 11.01 11.83 12.31 12.59 11.67 8.90 6.46 4.46 4.22 6.51 8.57 10.11 12.46 12.53 9.52 6.78
2.21 3.81 5.25 4.05 3.42 4.01 5.18 6.39 8.27 10.59 13.96 20.85 20.76 11.57 8.97 9.29 9.50 10.08 9.55 9.17 10.31 11.76 11.95 11.08 9.30 7.60 6.29 5.27 5.12 5.20 5.38 6.14 7.76 10.39 12.16 10.29 6.87 5.57 5.12 4.97 5.92 6.81 6.89 6.61 6.31 6.21 6.25 6.28 6.26 6.19 6.10 6.15 5.62 4.39 4.01 4.14 4.39 4.82 5.15 5.58 5.91 5.95 5.63 5.09 5.35 6.64 8.18 9.43 10.71 12.16 12.85 13.12 13.48 11.74 6.82 3.63 3.72 6.39 9.11 11.03 12.05 11.92 10.17 7.33
1.63 3.55 5.90 5.36 4.27 4.45 5.13 5.91 7.89 9.88 16.40 21.52 16.77 10.24 9.07 9.01 9.46 10.66 10.40 8.55 8.21 9.24 10.64 11.68 10.97 9.54 8.25 6.62 5.45 5.47 5.72 6.11 6.37 8.11 11.38 10.98 7.90 6.26 5.74 5.60 6.10 6.89 7.08 6.94 6.69 6.45 6.34 6.34 6.38 6.37 6.39 6.82 6.86 5.54 3.94 2.98 3.54 4.49 4.79 5.23 5.72 5.79 5.49 4.94 4.93 5.73 6.56 7.36 8.61 10.67 12.34 13.24 14.44 13.52 8.38 3.94 4.05 6.25 9.97 11.89 10.57 10.59 10.83 7.76
1.71 3.01 5.26 6.41 5.76 5.39 5.89 6.71 8.04 8.76 14.83 22.16 17.13 10.46 9.38 8.90 9.68 11.22 10.39 7.74 7.56 8.31 9.26 10.40 10.28 9.37 8.89 8.71 7.54 6.27 6.10 6.38 5.73 6.31 9.85 10.11 7.80 6.37 5.88 5.95 6.23 6.77 7.02 7.00 6.84 6.64 6.49 6.49 6.53 6.64 6.89 7.36 7.66 6.87 4.53 2.42 2.72 3.89 4.51 4.93 5.25 5.43 5.50 5.14 4.99 5.85 6.65 6.82 7.14 8.10 10.07 12.61 14.93 14.56 10.27 5.85 4.64 5.97 10.45 12.28 9.77 10.23 10.77 7.11
2.95 3.19 3.99 5.67 6.84 7.21 7.55 7.99 8.72 8.72 12.30 21.83 20.06 11.05 9.10 8.75 9.89 11.17 9.40 7.79 7.96 8.35 8.92 9.21 8.83 8.17 7.75 8.45 8.49 7.72 7.36 6.78 5.25 5.41 7.96 8.49 7.19 6.06 5.72 5.99 6.38 6.75 6.98 7.02 6.94 6.78 6.62 6.60 6.72 7.05 7.56 8.02 8.34 7.60 5.22 2.83 2.34 3.02 4.22 4.95 4.78 4.81 5.36 5.45 5.31 6.25 7.18 6.94 6.88 7.36 7.97 10.50 14.54 15.04 11.31 7.58 5.67 5.90 10.14 12.31 10.81 11.04 9.97 5.80
5.00 4.33 3.59 3.94 5.86 7.94 9.28 10.06 10.21 9.16 12.75 20.81 18.69 10.61 8.74 8.89 10.06 10.85 9.57 8.74 8.66 8.58 8.91 8.59 8.08 8.05 7.64 7.49 7.60 7.33 7.96 8.17 6.18 4.93 6.15 7.31 6.73 5.91 5.55 5.80 6.34 6.75 7.01 7.17 7.13 6.93 6.79 6.73 6.96 7.44 8.03 8.77 9.12 8.03 6.02 3.97 2.61 2.65 4.00 4.91 4.42 4.16 4.79 5.35 5.68 6.65 7.51 7.24 7.17 7.64 7.83 9.01 12.74 14.75 12.04 8.80 7.39 6.98 8.54 11.27 12.24 11.23 8.39 6.21
7.41 5.72 3.77 3.48 4.36 6.36 8.68 11.67 12.59 12.13 16.91 19.71 14.43 9.04 8.04 8.62 10.11 10.42 9.78 10.05 10.39 10.03 9.56 8.97 8.39 8.42 7.87 7.31 7.12 6.10 6.43 8.50 7.60 5.38 5.63 6.78 6.67 6.05 5.73 5.78 6.24 6.69 6.98 7.32 7.46 7.19 6.98 7.06 7.48 7.83 8.39 9.57 10.03 8.55 6.77 5.05 3.39 3.15 3.77 4.51 4.11 3.76 4.25 4.82 5.51 6.50 7.36 7.53 7.61 8.01 8.39 9.00 11.25 13.54 11.99 9.61 9.42 9.02 7.72 9.47 12.11 10.61 8.82 7.28
