windninja/windninja_output/Output_2025-10-23_0900-0950_Google earth_Fire_150m_10min/merlingen_7.5mi_point_10-23-2025_0950_150m_vel.asc
ncols	158
nrows	163
xllcorner	391686.332397
yllcorner	5160024.123721
cellsize	150.000000
NODATA_value	-32768.000000
[rows 76 to 113 of 163, columns 0 to 83 of 158]
1.27 1.13 0.89 0.69 0.58 0.55 0.50 0.46 0.46 0.46 0.47 0.48 0.49 0.51 0.52 0.51 0.52 0.54 0.56 0.56 0.56 0.57 0.59 0.60 0.58 0.54 0.53 0.55 0.61 0.71 0.77 0.76 0.74 0.71 0.65 0.57 0.52 0.50 0.49 0.48 0.49 0.50 0.51 0.51 0.51 0.51 0.50 0.50 0.49 0.49 0.48 0.47 0.47 0.46 0.45 0.45 0.44 0.43 0.43 0.42 0.41 0.40 0.39 0.38 0.37 0.36 0.35 0.34 0.33 0.32 0.31 0.29 0.28 0.26 0.24 0.24 0.23 0.21 0.21 0.27 0.37 0.40 0.37 0.29
1.41 1.27 1.03 0.83 0.66 0.56 0.47 0.41 0.40 0.40 0.41 0.44 0.46 0.48 0.49 0.49 0.49 0.51 0.53 0.54 0.55 0.56 0.58 0.59 0.59 0.57 0.55 0.53 0.53 0.59 0.71 0.76 0.75 0.74 0.71 0.62 0.55 0.52 0.49 0.48 0.48 0.50 0.51 0.51 0.51 0.51 0.51 0.50 0.49 0.49 0.48 0.48 0.47 0.46 0.46 0.45 0.45 0.44 0.43 0.42 0.42 0.41 0.40 0.39 0.38 0.37 0.36 0.35 0.34 0.33 0.32 0.30 0.29 0.27 0.25 0.24 0.22 0.19 0.21 0.30 0.38 0.35 0.30 0.27
1.58 1.34 1.10 1.04 0.84 0.60 0.44 0.35 0.33 0.33 0.35 0.39 0.43 0.47 0.48 0.47 0.47 0.49 0.51 0.53 0.54 0.55 0.56 0.56 0.57 0.60 0.61 0.57 0.53 0.53 0.62 0.74 0.78 0.77 0.76 0.70 0.62 0.57 0.53 0.48 0.46 0.48 0.51 0.51 0.51 0.51 0.51 0.50 0.50 0.49 0.48 0.48 0.47 0.47 0.46 0.45 0.45 0.44 0.44 0.43 0.42 0.41 0.41 0.40 0.39 0.38 0.37 0.36 0.35 0.34 0.32 0.31 0.30 0.28 0.26 0.24 0.22 0.19 0.21 0.30 0.35 0.30 0.26 0.25
1.69 1.39 1.14 1.29 1.10 0.70 0.41 0.27 0.26 0.25 0.29 0.36 0.42 0.45 0.47 0.47 0.47 0.47 0.48 0.50 0.52 0.54 0.55 0.54 0.53 0.58 0.65 0.64 0.58 0.54 0.57 0.68 0.76 0.79 0.77 0.73 0.68 0.64 0.60 0.52 0.45 0.46 0.49 0.50 0.50 0.51 0.50 0.50 0.49 0.48 0.48 0.47 0.47 0.47 0.46 0.46 0.45 0.45 0.44 0.43 0.43 0.42 0.41 0.40 0.39 0.38 0.37 0.36 0.35 0.34 0.33 0.32 0.31 0.29 0.28 0.26 0.23 0.20 0.21 0.28 0.30 0.26 0.24 0.23
1.59 1.39 1.24 1.28 1.24 0.92 0.41 0.26 0.26 0.25 0.27 0.34 0.41 0.45 0.47 0.47 0.47 0.47 0.47 0.48 0.51 0.53 0.54 0.52 0.49 0.53 0.62 0.66 0.64 0.58 0.56 0.61 0.70 0.79 0.82 0.78 0.71 0.69 0.67 0.62 0.51 0.45 0.47 0.48 0.49 0.49 0.49 0.49 0.48 0.47 0.46 0.46 0.46 0.46 0.46 0.46 0.46 0.45 0.45 0.44 0.43 0.42 0.42 0.41 0.40 0.39 0.38 0.37 0.36 0.35 0.34 0.32 0.31 0.30 0.28 0.27 0.24 0.22 0.22 0.24 0.25 0.23 0.22 0.22
1.39 1.23 1.05 1.07 1.14 1.05 0.78 0.60 0.49 0.41 0.36 0.38 0.43 0.46 0.47 0.46 0.46 0.46 0.45 0.46 0.48 0.51 0.53 0.52 0.48 0.50 0.56 0.62 0.64 0.61 0.57 0.58 0.64 0.72 0.82 0.85 0.78 0.72 0.71 0.70 0.62 0.53 0.51 0.50 0.48 0.47 0.46 0.47 0.47 0.44 0.41 0.42 0.44 0.45 0.46 0.46 0.46 0.45 0.45 0.44 0.44 0.43 0.42 0.41 0.40 0.40 0.39 0.38 0.37 0.35 0.34 0.33 0.32 0.30 0.29 0.27 0.26 0.23 0.22 0.22 0.20 0.20 0.21 0.20
1.40 1.15 0.92 0.96 0.99 0.99 0.91 0.81 0.68 0.57 0.48 0.44 0.46 0.48 0.49 0.47 0.45 0.45 0.44 0.44 0.45 0.48 0.50 0.50 0.47 0.49 0.54 0.58 0.61 0.61 0.59 0.56 0.56 0.59 0.68 0.78 0.81 0.76 0.73 0.72 0.69 0.64 0.61 0.60 0.57 0.54 0.51 0.51 0.53 0.49 0.42 0.39 0.40 0.43 0.45 0.46 0.46 0.46 0.45 0.44 0.44 0.43 0.42 0.42 0.41 0.40 0.39 0.38 0.37 0.36 0.35 0.34 0.32 0.31 0.30 0.28 0.26 0.24 0.22 0.20 0.17 0.17 0.19 0.19
1.45 1.18 1.01 1.06 1.04 0.97 0.88 0.81 0.73 0.63 0.52 0.47 0.47 0.48 0.49 0.47 0.45 0.45 0.44 0.42 0.42 0.44 0.47 0.47 0.45 0.49 0.55 0.57 0.59 0.61 0.60 0.58 0.56 0.56 0.58 0.64 0.71 0.73 0.72 0.70 0.68 0.67 0.66 0.67 0.68 0.67 0.64 0.63 0.64 0.63 0.58 0.49 0.43 0.42 0.44 0.46 0.46 0.46 0.46 0.45 0.44 0.43 0.43 0.42 0.41 0.40 0.40 0.39 0.38 0.37 0.35 0.34 0.33 0.32 0.30 0.29 0.27 0.25 0.23 0.20 0.16 0.15 0.16 0.18
1.35 1.23 1.09 1.12 1.12 1.02 0.86 0.74 0.69 0.61 0.53 0.49 0.48 0.50 0.50 0.48 0.46 0.45 0.44 0.41 0.40 0.40 0.43 0.45 0.42 0.44 0.52 0.57 0.58 0.61 0.62 0.62 0.62 0.61 0.61 0.61 0.63 0.65 0.65 0.65 0.64 0.63 0.62 0.62 0.63 0.63 0.62 0.60 0.60 0.62 0.62 0.60 0.54 0.47 0.45 0.46 0.46 0.46 0.46 0.45 0.44 0.44 0.43 0.42 0.42 0.41 0.40 0.39 0.38 0.37 0.36 0.35 0.34 0.32 0.31 0.30 0.28 0.26 0.24 0.21 0.16 0.13 0.14 0.18
1.27 1.20 1.09 1.07 1.10 1.02 0.83 0.72 0.67 0.60 0.53 0.50 0.49 0.51 0.53 0.52 0.48 0.47 0.45 0.41 0.39 0.37 0.37 0.40 0.39 0.39 0.45 0.52 0.55 0.58 0.61 0.63 0.63 0.66 0.69 0.69 0.67 0.66 0.62 0.59 0.58 0.58 0.59 0.58 0.58 0.57 0.57 0.55 0.53 0.52 0.52 0.54 0.55 0.51 0.47 0.46 0.47 0.46 0.46 0.45 0.44 0.44 0.43 0.43 0.42 0.41 0.40 0.40 0.39 0.38 0.36 0.35 0.34 0.33 0.32 0.30 0.29 0.27 0.24 0.21 0.16 0.13 0.14 0.22
1.35 1.26 1.09 1.03 1.06 1.01 0.84 0.75 0.71 0.62 0.55 0.51 0.51 0.51 0.54 0.55 0.52 0.51 0.48 0.43 0.39 0.35 0.33 0.32 0.32 0.36 0.43 0.50 0.54 0.55 0.56 0.60 0.61 0.64 0.72 0.78 0.79 0.78 0.73 0.64 0.56 0.53 0.56 0.59 0.60 0.59 0.59 0.58 0.54 0.49 0.46 0.47 0.50 0.50 0.48 0.46 0.46 0.46 0.45 0.45 0.44 0.44 0.43 0.43 0.42 0.41 0.41 0.40 0.39 0.38 0.37 0.36 0.35 0.33 0.32 0.31 0.29 0.27 0.25 0.22 0.17 0.14 0.16 0.26
1.57 1.34 1.09 1.02 0.99 1.00 0.91 0.82 0.80 0.72 0.59 0.53 0.52 0.51 0.55 0.56 0.55 0.57 0.54 0.49 0.42 0.37 0.34 0.30 0.29 0.37 0.47 0.53 0.57 0.58 0.56 0.57 0.57 0.56 0.61 0.71 0.79 0.85 0.87 0.81 0.68 0.56 0.53 0.57 0.62 0.63 0.62 0.61 0.59 0.52 0.46 0.44 0.45 0.47 0.47 0.46 0.45 0.44 0.44 0.44 0.44 0.43 0.43 0.43 0.42 0.42 0.41 0.40 0.39 0.39 0.37 0.36 0.35 0.34 0.33 0.31 0.30 0.28 0.26 0.23 0.19 0.17 0.19 0.27
1.75 1.43 1.09 1.01 0.96 1.00 1.03 0.97 0.91 0.84 0.67 0.56 0.54 0.53 0.57 0.61 0.61 0.63 0.62 0.57 0.48 0.43 0.44 0.43 0.42 0.44 0.50 0.56 0.59 0.61 0.60 0.59 0.58 0.54 0.52 0.55 0.61 0.72 0.84 0.88 0.83 0.71 0.59 0.56 0.61 0.66 0.68 0.66 0.63 0.58 0.52 0.46 0.43 0.45 0.47 0.47 0.45 0.44 0.42 0.41 0.41 0.42 0.42 0.43 0.42 0.42 0.41 0.41 0.40 0.39 0.38 0.37 0.36 0.35 0.33 0.32 0.31 0.29 0.27 0.25 0.22 0.19 0.21 0.28
1.73 1.46 1.14 1.03 0.97 0.95 1.02 1.06 1.02 0.97 0.83 0.64 0.58 0.58 0.59 0.62 0.66 0.69 0.69 0.64 0.55 0.52 0.56 0.57 0.54 0.51 0.52 0.57 0.60 0.62 0.63 0.62 0.61 0.59 0.56 0.52 0.50 0.54 0.67 0.78 0.81 0.76 0.67 0.59 0.58 0.63 0.70 0.71 0.67 0.62 0.57 0.52 0.47 0.47 0.49 0.51 0.50 0.48 0.43 0.38 0.37 0.40 0.42 0.42 0.42 0.42 0.42 0.41 0.40 0.39 0.38 0.37 0.36 0.35 0.34 0.33 0.31 0.30 0.28 0.26 0.24 0.22 0.22 0.26
1.58 1.41 1.19 1.07 0.95 0.87 0.90 1.01 1.07 1.11 1.02 0.78 0.65 0.63 0.62 0.62 0.69 0.77 0.79 0.71 0.59 0.60 0.65 0.66 0.61 0.57 0.57 0.59 0.61 0.63 0.64 0.64 0.63 0.62 0.62 0.60 0.53 0.50 0.57 0.71 0.79 0.75 0.68 0.61 0.56 0.58 0.65 0.71 0.71 0.65 0.59 0.54 0.50 0.49 0.49 0.53 0.55 0.55 0.50 0.39 0.33 0.37 0.41 0.42 0.43 0.42 0.42 0.41 0.41 0.40 0.39 0.38 0.37 0.36 0.34 0.33 0.32 0.31 0.29 0.28 0.26 0.24 0.23 0.26
1.45 1.36 1.28 1.25 1.14 0.96 0.89 0.99 1.14 1.25 1.21 0.99 0.82 0.77 0.75 0.75 0.78 0.84 0.90 0.81 0.63 0.65 0.71 0.72 0.67 0.62 0.60 0.61 0.62 0.63 0.64 0.64 0.63 0.61 0.62 0.64 0.61 0.55 0.54 0.63 0.78 0.80 0.72 0.64 0.57 0.55 0.59 0.66 0.71 0.68 0.60 0.53 0.49 0.46 0.47 0.53 0.59 0.61 0.61 0.51 0.38 0.36 0.40 0.42 0.43 0.43 0.42 0.42 0.41 0.40 0.39 0.38 0.37 0.36 0.35 0.34 0.33 0.31 0.30 0.29 0.27 0.26 0.24 0.25
1.29 1.28 1.36 1.48 1.52 1.41 1.34 1.42 1.57 1.70 1.56 1.23 1.03 0.92 0.85 0.83 0.85 0.95 1.10 1.13 0.91 0.72 0.68 0.71 0.66 0.62 0.62 0.62 0.63 0.63 0.64 0.64 0.63 0.61 0.60 0.62 0.63 0.61 0.56 0.55 0.67 0.81 0.81 0.71 0.60 0.55 0.55 0.61 0.66 0.67 0.60 0.51 0.46 0.42 0.40 0.46 0.56 0.61 0.64 0.61 0.49 0.41 0.40 0.42 0.43 0.43 0.43 0.42 0.41 0.40 0.39 0.38 0.37 0.36 0.35 0.34 0.33 0.32 0.31 0.29 0.28 0.27 0.26 0.25
1.06 1.11 1.25 1.42 1.58 1.64 1.68 1.77 1.89 2.05 2.09 1.87 1.66 1.60 1.54 1.46 1.36 1.37 1.39 1.38 1.26 0.85 0.73 0.70 0.66 0.63 0.63 0.64 0.64 0.64 0.64 0.64 0.62 0.59 0.58 0.60 0.62 0.61 0.59 0.55 0.56 0.71 0.86 0.82 0.68 0.58 0.55 0.58 0.65 0.68 0.63 0.52 0.41 0.39 0.35 0.35 0.44 0.52 0.56 0.58 0.53 0.45 0.42 0.42 0.43 0.43 0.43 0.42 0.41 0.41 0.40 0.39 0.38 0.37 0.36 0.35 0.34 0.33 0.31 0.30 0.29 0.28 0.27 0.26
0.87 0.96 1.09 1.19 1.29 1.34 1.38 1.40 1.41 1.66 2.03 2.15 2.12 2.08 2.06 1.97 1.83 1.70 1.58 1.51 1.35 1.12 0.93 0.78 0.68 0.65 0.64 0.64 0.66 0.66 0.66 0.65 0.62 0.56 0.54 0.57 0.60 0.61 0.60 0.57 0.54 0.61 0.81 0.93 0.84 0.72 0.63 0.61 0.65 0.69 0.70 0.60 0.42 0.39 0.38 0.34 0.38 0.45 0.49 0.52 0.51 0.46 0.43 0.43 0.43 0.43 0.43 0.42 0.41 0.41 0.40 0.39 0.38 0.37 0.36 0.35 0.34 0.33 0.32 0.31 0.30 0.29 0.28 0.27
0.72 0.83 0.98 1.04 1.10 1.09 1.02 0.91 0.82 0.98 1.28 1.51 1.50 1.29 1.26 1.35 1.55 1.59 1.67 1.53 1.32 1.25 1.03 0.81 0.67 0.62 0.62 0.64 0.66 0.70 0.73 0.72 0.68 0.59 0.53 0.54 0.58 0.59 0.59 0.56 0.52 0.51 0.66 0.88 0.96 0.92 0.83 0.76 0.74 0.75 0.77 0.72 0.54 0.45 0.44 0.40 0.40 0.42 0.44 0.47 0.48 0.45 0.43 0.43 0.43 0.42 0.42 0.42 0.42 0.41 0.40 0.39 0.38 0.37 0.36 0.35 0.34 0.33 0.32 0.31 0.30 0.29 0.28 0.27
0.62 0.70 0.89 0.99 1.09 1.11 1.00 0.79 0.57 0.49 0.63 0.86 0.89 0.86 0.87 1.06 1.24 1.53 1.74 1.39 1.18 1.22 1.07 0.81 0.60 0.54 0.57 0.61 0.64 0.68 0.75 0.79 0.76 0.66 0.55 0.53 0.56 0.57 0.57 0.55 0.50 0.45 0.50 0.68 0.84 0.93 0.95 0.92 0.87 0.84 0.83 0.80 0.67 0.53 0.49 0.46 0.43 0.42 0.42 0.43 0.45 0.44 0.43 0.42 0.42 0.42 0.42 0.42 0.42 0.41 0.40 0.39 0.38 0.37 0.37 0.36 0.35 0.34 0.33 0.31 0.30 0.29 0.28 0.27
0.69 0.63 0.78 0.88 1.01 1.10 1.06 0.89 0.65 0.50 0.51 0.54 0.58 0.75 0.86 1.05 1.23 1.53 1.75 1.48 1.25 1.24 1.19 0.88 0.55 0.48 0.52 0.58 0.62 0.63 0.68 0.73 0.75 0.69 0.59 0.54 0.53 0.53 0.53 0.52 0.49 0.43 0.42 0.52 0.64 0.73 0.82 0.86 0.85 0.83 0.81 0.80 0.73 0.60 0.55 0.53 0.47 0.43 0.41 0.41 0.41 0.41 0.41 0.41 0.41 0.41 0.41 0.41 0.41 0.41 0.40 0.39 0.38 0.38 0.37 0.36 0.35 0.34 0.33 0.32 0.31 0.29 0.28 0.27
0.74 0.51 0.55 0.63 0.77 0.93 0.98 0.95 0.83 0.68 0.57 0.48 0.47 0.60 0.83 1.05 1.26 1.43 1.36 1.41 1.40 1.35 1.32 0.98 0.62 0.55 0.57 0.58 0.60 0.63 0.65 0.67 0.70 0.69 0.62 0.57 0.54 0.51 0.47 0.46 0.46 0.42 0.39 0.45 0.55 0.59 0.65 0.74 0.78 0.79 0.77 0.77 0.75 0.66 0.59 0.57 0.54 0.48 0.43 0.42 0.40 0.39 0.39 0.38 0.38 0.39 0.40 0.40 0.41 0.40 0.40 0.39 0.39 0.38 0.37 0.36 0.35 0.34 0.33 0.32 0.31 0.29 0.28 0.27
0.69 0.32 0.34 0.46 0.57 0.65 0.69 0.79 0.81 0.74 0.67 0.58 0.51 0.58 0.82 1.12 1.29 1.22 1.08 1.15 1.34 1.43 1.40 1.19 0.88 0.73 0.66 0.62 0.62 0.65 0.68 0.67 0.66 0.65 0.62 0.59 0.57 0.54 0.47 0.41 0.40 0.40 0.37 0.40 0.52 0.60 0.65 0.72 0.78 0.80 0.78 0.76 0.75 0.72 0.65 0.61 0.59 0.55 0.48 0.44 0.43 0.42 0.41 0.38 0.36 0.36 0.37 0.38 0.39 0.40 0.39 0.39 0.38 0.38 0.37 0.36 0.35 0.34 0.33 0.32 0.31 0.29 0.28 0.27
0.54 0.30 0.36 0.48 0.55 0.59 0.62 0.70 0.74 0.72 0.72 0.66 0.59 0.65 0.81 1.07 1.26 1.13 0.94 0.98 1.16 1.30 1.34 1.17 0.94 0.81 0.74 0.68 0.65 0.67 0.70 0.69 0.66 0.61 0.57 0.56 0.56 0.56 0.52 0.41 0.35 0.35 0.34 0.35 0.46 0.59 0.66 0.71 0.76 0.80 0.81 0.78 0.75 0.76 0.74 0.68 0.64 0.62 0.55 0.47 0.45 0.46 0.47 0.44 0.39 0.35 0.35 0.35 0.37 0.38 0.39 0.38 0.38 0.37 0.37 0.36 0.35 0.34 0.33 0.32 0.30 0.29 0.28 0.27
0.47 0.38 0.45 0.54 0.58 0.61 0.64 0.68 0.71 0.71 0.72 0.69 0.65 0.71 0.85 1.02 1.23 1.15 0.94 1.02 1.14 1.21 1.22 1.12 0.96 0.84 0.77 0.72 0.68 0.69 0.73 0.73 0.69 0.62 0.55 0.50 0.50 0.52 0.53 0.44 0.32 0.30 0.30 0.29 0.37 0.51 0.63 0.68 0.72 0.76 0.81 0.81 0.77 0.75 0.75 0.72 0.69 0.68 0.64 0.54 0.46 0.45 0.48 0.49 0.46 0.39 0.36 0.34 0.34 0.36 0.38 0.38 0.37 0.37 0.36 0.36 0.35 0.34 0.33 0.32 0.30 0.29 0.28 0.26
0.52 0.49 0.53 0.60 0.63 0.65 0.68 0.69 0.70 0.71 0.71 0.70 0.66 0.70 0.89 1.11 1.26 1.25 1.14 1.19 1.28 1.18 1.15 1.14 1.03 0.91 0.83 0.76 0.71 0.72 0.76 0.78 0.74 0.68 0.58 0.49 0.45 0.46 0.48 0.43 0.32 0.26 0.26 0.25 0.29 0.43 0.59 0.69 0.72 0.75 0.78 0.81 0.80 0.78 0.77 0.73 0.71 0.71 0.70 0.64 0.54 0.48 0.49 0.52 0.51 0.44 0.39 0.36 0.34 0.35 0.37 0.36 0.35 0.36 0.36 0.35 0.34 0.34 0.32 0.31 0.30 0.29 0.27 0.26
0.66 0.64 0.63 0.66 0.68 0.70 0.72 0.71 0.71 0.71 0.71 0.69 0.62 0.60 0.69 0.90 1.13 1.17 1.13 1.28 1.40 1.26 1.19 1.17 1.09 1.01 0.95 0.84 0.75 0.76 0.79 0.81 0.80 0.74 0.65 0.54 0.46 0.43 0.43 0.40 0.31 0.23 0.21 0.20 0.21 0.30 0.47 0.62 0.70 0.75 0.78 0.79 0.79 0.79 0.81 0.79 0.75 0.73 0.72 0.70 0.64 0.57 0.53 0.55 0.55 0.50 0.43 0.39 0.36 0.37 0.39 0.37 0.33 0.33 0.34 0.34 0.34 0.33 0.32 0.31 0.30 0.28 0.27 0.26
0.79 0.76 0.74 0.74 0.73 0.74 0.75 0.74 0.73 0.72 0.70 0.66 0.59 0.53 0.54 0.65 0.90 1.00 1.00 1.20 1.33 1.32 1.31 1.25 1.15 1.11 1.10 1.00 0.87 0.85 0.83 0.82 0.84 0.79 0.71 0.62 0.51 0.43 0.40 0.36 0.29 0.21 0.16 0.15 0.14 0.19 0.32 0.48 0.62 0.72 0.78 0.79 0.80 0.78 0.78 0.80 0.80 0.78 0.75 0.72 0.67 0.61 0.57 0.57 0.58 0.55 0.49 0.43 0.40 0.41 0.44 0.42 0.36 0.32 0.32 0.32 0.32 0.31 0.30 0.30 0.29 0.28 0.26 0.25
0.89 0.85 0.81 0.82 0.81 0.79 0.77 0.77 0.76 0.76 0.74 0.67 0.61 0.56 0.55 0.62 0.79 0.90 0.96 1.08 1.15 1.22 1.30 1.29 1.23 1.21 1.24 1.18 1.06 1.01 0.92 0.86 0.84 0.81 0.77 0.71 0.59 0.45 0.38 0.32 0.27 0.19 0.14 0.11 0.09 0.12 0.22 0.36 0.51 0.66 0.77 0.81 0.84 0.83 0.78 0.75 0.77 0.80 0.80 0.76 0.70 0.65 0.60 0.58 0.58 0.57 0.53 0.46 0.43 0.44 0.46 0.48 0.44 0.36 0.33 0.33 0.31 0.30 0.29 0.28 0.28 0.26 0.26 0.24
0.99 0.93 0.88 0.90 0.92 0.89 0.84 0.81 0.79 0.83 0.81 0.75 0.68 0.62 0.60 0.63 0.73 0.84 0.89 0.96 1.06 1.16 1.18 1.22 1.29 1.29 1.32 1.33 1.30 1.20 1.07 0.95 0.84 0.80 0.85 0.83 0.67 0.48 0.37 0.30 0.24 0.17 0.13 0.10 0.05 0.07 0.14 0.26 0.39 0.53 0.70 0.79 0.85 0.90 0.89 0.82 0.76 0.77 0.80 0.81 0.76 0.69 0.65 0.63 0.60 0.58 0.55 0.48 0.44 0.47 0.49 0.49 0.50 0.45 0.40 0.37 0.33 0.29 0.28 0.29 0.27 0.24 0.24 0.23
1.06 1.02 0.96 0.97 1.00 0.99 0.94 0.89 0.88 0.95 0.96 0.91 0.85 0.79 0.74 0.69 0.73 0.80 0.82 0.87 1.02 1.17 1.08 1.03 1.24 1.38 1.38 1.42 1.52 1.43 1.22 1.04 0.83 0.81 0.96 0.94 0.72 0.49 0.37 0.30 0.21 0.15 0.12 0.08 0.04 0.05 0.10 0.19 0.31 0.43 0.57 0.69 0.77 0.85 0.93 0.93 0.86 0.80 0.80 0.82 0.80 0.74 0.68 0.66 0.64 0.61 0.58 0.52 0.44 0.46 0.51 0.51 0.50 0.49 0.46 0.42 0.37 0.31 0.29 0.30 0.28 0.23 0.21 0.21
1.08 1.06 1.04 1.05 1.07 1.08 1.11 1.06 1.04 1.07 1.11 1.05 0.93 0.91 0.90 0.82 0.78 0.79 0.80 0.85 0.98 1.15 1.06 0.87 1.02 1.30 1.39 1.41 1.64 1.68 1.35 1.13 0.86 0.86 1.10 1.01 0.72 0.50 0.40 0.32 0.19 0.12 0.10 0.06 0.05 0.07 0.11 0.16 0.25 0.37 0.51 0.63 0.69 0.75 0.85 0.94 0.95 0.89 0.84 0.83 0.86 0.83 0.73 0.67 0.67 0.63 0.61 0.57 0.48 0.45 0.51 0.55 0.53 0.50 0.48 0.46 0.41 0.35 0.30 0.30 0.30 0.25 0.20 0.19
1.08 1.05 1.07 1.11 1.12 1.14 1.16 1.16 1.11 1.07 1.13 1.12 0.99 0.97 1.01 0.95 0.83 0.78 0.87 0.99 1.08 1.13 1.02 0.82 0.81 1.09 1.32 1.36 1.61 1.77 1.48 1.24 1.00 0.98 1.23 1.08 0.73 0.54 0.44 0.34 0.20 0.12 0.10 0.04 0.04 0.08 0.13 0.17 0.21 0.31 0.46 0.61 0.70 0.74 0.77 0.86 0.94 0.96 0.90 0.86 0.89 0.93 0.85 0.73 0.70 0.66 0.60 0.58 0.53 0.46 0.48 0.56 0.58 0.53 0.50 0.48 0.45 0.40 0.32 0.30 0.30 0.28 0.22 0.18
1.09 1.06 1.07 1.08 1.06 1.04 1.03 1.05 1.08 1.08 1.13 1.14 1.03 1.02 1.09 1.05 0.85 0.72 0.91 1.18 1.32 1.23 0.95 0.77 0.70 0.83 1.12 1.33 1.68 1.88 1.58 1.32 1.17 1.18 1.36 1.15 0.77 0.60 0.47 0.35 0.28 0.23 0.15 0.03 0.05 0.09 0.14 0.20 0.22 0.27 0.38 0.53 0.69 0.77 0.79 0.82 0.89 0.97 0.95 0.86 0.86 0.94 0.95 0.83 0.77 0.73 0.63 0.56 0.53 0.49 0.48 0.55 0.61 0.57 0.53 0.49 0.47 0.43 0.37 0.32 0.30 0.29 0.25 0.19
1.07 1.07 1.08 1.07 1.04 1.02 1.01 1.03 1.06 1.08 1.13 1.17 1.05 1.02 1.13 1.12 0.86 0.66 0.87 1.24 1.54 1.48 0.98 0.70 0.69 0.72 0.86 1.10 1.57 1.99 1.87 1.44 1.24 1.34 1.49 1.24 0.85 0.63 0.48 0.39 0.35 0.36 0.31 0.12 0.07 0.11 0.16 0.21 0.24 0.26 0.33 0.45 0.60 0.74 0.81 0.82 0.86 0.95 0.98 0.89 0.83 0.89 0.96 0.93 0.86 0.84 0.76 0.62 0.52 0.49 0.48 0.53 0.60 0.60 0.57 0.53 0.48 0.45 0.41 0.36 0.32 0.30 0.26 0.20
1.07 1.06 1.06 1.09 1.08 1.05 1.06 1.08 1.10 1.10 1.17 1.29 1.17 1.03 1.14 1.18 0.87 0.62 0.79 1.23 1.69 1.83 1.31 0.73 0.70 0.77 0.71 0.73 1.07 1.72 2.06 1.78 1.37 1.39 1.51 1.31 0.98 0.71 0.51 0.43 0.39 0.41 0.41 0.29 0.13 0.14 0.17 0.22 0.26 0.28 0.31 0.40 0.54 0.69 0.79 0.82 0.85 0.94 1.02 0.98 0.88 0.88 0.94 0.95 0.92 0.90 0.88 0.78 0.62 0.51 0.47 0.51 0.57 0.60 0.59 0.56 0.51 0.46 0.44 0.42 0.36 0.32 0.26 0.21
1.18 1.13 1.08 1.10 1.11 1.07 1.04 1.08 1.14 1.15 1.20 1.36 1.32 1.13 1.20 1.24 0.88 0.60 0.78 1.19 1.67 2.06 1.84 1.03 0.78 0.91 0.81 0.72 0.74 1.10 1.77 2.03 1.76 1.55 1.52 1.28 1.01 0.80 0.58 0.48 0.43 0.44 0.46 0.39 0.23 0.20 0.22 0.25 0.29 0.31 0.32 0.37 0.49 0.65 0.79 0.83 0.83 0.91 1.03 1.05 0.96 0.92 0.96 0.97 0.91 0.92 0.94 0.90 0.80 0.65 0.56 0.55 0.58 0.59 0.61 0.60 0.54 0.48 0.45 0.45 0.42 0.35 0.27 0.22
