windninja/windninja_output/Output_2025-10-23_0900-0950_Google earth_Fire_150m_10min/merlingen_7.5mi_point_10-23-2025_0950_150m_vel.asc
ncols	158
nrows	163
xllcorner	391686.332397
yllcorner	5160024.123721
cellsize	150.000000
NODATA_value	-32768.000000
[rows 114 to 151 of 163, columns 0 to 83 of 158]
1.26 1.23 1.17 1.14 1.17 1.15 1.08 1.05 1.08 1.12 1.17 1.31 1.35 1.27 1.34 1.34 0.92 0.60 0.71 0.98 1.41 2.00 2.21 1.62 1.23 1.18 1.12 0.96 0.83 0.82 1.20 1.84 2.06 1.89 1.59 1.19 0.95 0.83 0.67 0.57 0.53 0.53 0.54 0.51 0.39 0.32 0.34 0.35 0.34 0.35 0.36 0.37 0.44 0.60 0.77 0.85 0.84 0.87 0.99 1.07 1.03 0.96 0.99 1.03 0.95 0.91 0.95 0.96 0.91 0.81 0.70 0.65 0.63 0.59 0.60 0.64 0.60 0.51 0.45 0.44 0.46 0.41 0.29 0.23
1.23 1.28 1.30 1.25 1.23 1.23 1.21 1.14 1.06 1.06 1.12 1.20 1.26 1.35 1.52 1.51 0.99 0.57 0.59 0.70 1.06 1.64 2.19 2.23 1.88 1.49 1.34 1.29 1.27 0.97 1.00 1.61 2.20 2.24 1.76 1.20 0.89 0.80 0.73 0.65 0.64 0.65 0.68 0.66 0.56 0.46 0.44 0.42 0.39 0.39 0.41 0.43 0.44 0.53 0.71 0.84 0.85 0.85 0.94 1.04 1.05 1.00 1.00 1.05 1.01 0.93 0.94 0.97 0.95 0.89 0.80 0.75 0.71 0.63 0.57 0.61 0.64 0.58 0.47 0.43 0.47 0.45 0.33 0.25
1.17 1.27 1.34 1.32 1.27 1.24 1.24 1.25 1.22 1.15 1.14 1.09 1.09 1.27 1.59 1.68 1.13 0.56 0.52 0.58 0.90 1.35 1.83 2.27 2.36 2.00 1.58 1.49 1.52 1.20 1.08 1.51 2.17 2.49 1.99 1.25 0.92 0.86 0.88 0.82 0.78 0.78 0.80 0.80 0.71 0.56 0.47 0.44 0.45 0.46 0.48 0.50 0.50 0.51 0.64 0.82 0.87 0.85 0.89 0.99 1.04 1.02 1.03 1.06 1.04 0.97 0.95 0.97 0.98 0.94 0.88 0.84 0.83 0.78 0.64 0.57 0.61 0.63 0.54 0.44 0.46 0.47 0.36 0.26
1.12 1.22 1.32 1.32 1.28 1.22 1.18 1.24 1.34 1.37 1.30 1.05 0.92 1.08 1.54 1.84 1.31 0.57 0.50 0.59 0.85 1.17 1.43 1.84 2.31 2.48 2.21 1.94 1.96 1.46 1.11 1.23 1.82 2.50 2.39 1.60 1.18 1.08 1.10 1.09 1.07 1.01 0.96 0.94 0.86 0.70 0.61 0.59 0.59 0.59 0.58 0.58 0.57 0.56 0.62 0.80 0.91 0.89 0.89 0.95 0.99 1.01 1.06 1.10 1.08 1.01 0.98 0.99 0.99 0.98 0.94 0.90 0.90 0.92 0.85 0.68 0.58 0.61 0.60 0.51 0.49 0.48 0.37 0.26
1.11 1.18 1.29 1.33 1.29 1.23 1.15 1.16 1.27 1.40 1.48 1.18 0.83 0.90 1.37 1.94 1.67 0.67 0.44 0.48 0.56 0.76 1.00 1.24 1.63 2.18 2.41 2.42 2.53 2.31 1.67 1.37 1.65 2.27 2.61 2.61 2.27 1.81 1.63 1.58 1.47 1.34 1.19 1.07 0.99 0.89 0.80 0.77 0.74 0.71 0.67 0.64 0.63 0.61 0.63 0.76 0.91 0.94 0.93 0.95 0.97 0.96 1.01 1.11 1.15 1.10 1.06 1.05 1.04 1.00 0.96 0.91 0.91 0.96 1.00 0.90 0.70 0.61 0.61 0.57 0.54 0.50 0.38 0.27
1.15 1.17 1.27 1.35 1.28 1.19 1.15 1.11 1.15 1.24 1.45 1.35 0.85 0.80 1.15 1.80 1.94 1.05 0.35 0.31 0.29 0.33 0.56 0.80 1.04 1.33 1.61 1.85 2.29 2.56 2.36 2.06 1.93 2.08 2.44 2.82 2.90 2.65 2.43 2.32 2.15 1.84 1.58 1.40 1.30 1.19 1.01 0.87 0.81 0.76 0.71 0.67 0.66 0.65 0.64 0.72 0.88 0.96 0.96 0.97 0.97 0.93 0.94 1.01 1.09 1.11 1.09 1.08 1.10 1.06 0.97 0.90 0.88 0.92 1.01 1.03 0.91 0.74 0.66 0.62 0.58 0.53 0.41 0.30
1.16 1.17 1.28 1.42 1.33 1.14 1.12 1.11 1.11 1.10 1.27 1.38 0.93 0.78 1.05 1.62 2.01 1.53 0.58 0.21 0.19 0.12 0.20 0.44 0.66 0.82 0.96 1.13 1.43 1.75 2.02 2.01 1.83 1.93 2.15 2.41 2.68 2.70 2.48 2.48 2.60 2.50 2.23 1.98 1.79 1.60 1.38 1.19 1.03 0.89 0.80 0.76 0.73 0.71 0.69 0.71 0.84 0.94 0.96 0.99 1.00 0.95 0.93 0.93 0.89 0.91 0.89 0.87 0.97 1.06 1.01 0.91 0.85 0.85 0.92 1.03 1.05 0.93 0.79 0.69 0.62 0.55 0.44 0.34
1.14 1.17 1.29 1.52 1.61 1.42 1.36 1.34 1.22 1.03 1.12 1.39 1.00 0.72 0.98 1.52 2.05 1.84 1.01 0.38 0.07 0.14 0.11 0.19 0.40 0.54 0.68 0.84 1.02 1.17 1.32 1.53 1.66 1.77 2.02 2.17 2.16 2.26 1.99 1.89 2.27 2.55 2.49 2.15 1.89 1.74 1.58 1.40 1.22 1.06 0.92 0.83 0.80 0.78 0.74 0.75 0.86 0.96 0.97 0.98 0.99 0.94 0.90 0.90 0.85 0.85 0.79 0.62 0.64 0.87 0.97 0.92 0.85 0.80 0.80 0.91 1.04 1.07 0.98 0.84 0.71 0.61 0.49 0.38
1.10 1.16 1.26 1.44 1.69 1.79 1.84 1.88 1.68 1.21 1.09 1.41 1.07 0.57 0.71 1.19 1.93 2.09 1.37 0.73 0.26 0.11 0.21 0.27 0.33 0.36 0.42 0.58 0.83 0.99 1.05 1.30 1.56 1.62 1.87 2.00 1.88 2.05 1.83 1.48 1.61 2.00 2.39 2.22 1.78 1.55 1.40 1.26 1.18 1.10 0.99 0.90 0.84 0.81 0.78 0.78 0.88 0.99 1.00 1.00 0.97 0.91 0.89 0.90 0.92 1.00 0.96 0.69 0.50 0.56 0.76 0.84 0.85 0.79 0.73 0.74 0.87 1.02 1.08 1.01 0.87 0.73 0.56 0.43
0.99 1.05 1.11 1.16 1.34 1.57 1.78 2.03 2.15 1.81 1.42 1.56 1.16 0.48 0.46 0.77 1.51 2.17 1.90 1.18 0.68 0.32 0.22 0.32 0.38 0.36 0.33 0.43 0.67 0.80 0.85 1.11 1.38 1.45 1.70 1.90 1.77 1.96 1.99 1.51 1.33 1.60 2.19 2.48 2.08 1.62 1.35 1.18 1.14 1.13 1.07 0.99 0.91 0.86 0.81 0.76 0.78 0.90 0.90 0.93 0.96 0.94 0.93 0.93 0.95 1.07 1.14 0.99 0.66 0.46 0.52 0.68 0.75 0.75 0.70 0.64 0.67 0.82 0.98 1.05 1.02 0.91 0.71 0.51
0.97 1.01 1.04 1.02 1.10 1.31 1.50 1.76 2.14 2.16 2.05 1.94 1.19 0.52 0.40 0.55 1.02 1.83 2.25 1.83 1.16 0.69 0.37 0.28 0.29 0.30 0.30 0.34 0.49 0.57 0.72 1.05 1.30 1.33 1.55 1.82 1.68 1.72 1.94 1.65 1.33 1.36 1.78 2.45 2.53 2.03 1.58 1.32 1.22 1.23 1.23 1.15 1.03 0.95 0.89 0.83 0.82 0.91 0.91 0.84 0.91 1.02 1.02 1.00 1.01 1.07 1.14 1.17 1.02 0.64 0.47 0.56 0.61 0.61 0.62 0.57 0.54 0.62 0.77 0.89 0.98 1.03 0.91 0.65
1.01 1.07 1.11 1.07 1.12 1.27 1.40 1.57 1.93 2.13 2.33 2.47 1.69 0.73 0.46 0.47 0.69 1.17 1.88 2.25 2.05 1.30 0.72 0.44 0.33 0.25 0.21 0.34 0.43 0.54 0.72 1.06 1.30 1.24 1.40 1.73 1.61 1.50 1.76 1.70 1.37 1.21 1.39 2.04 2.57 2.39 1.89 1.51 1.34 1.30 1.27 1.23 1.16 1.07 0.99 0.98 1.04 1.16 1.20 1.04 0.98 1.07 1.10 1.08 1.10 1.13 1.12 1.16 1.19 1.01 0.70 0.61 0.60 0.54 0.51 0.49 0.45 0.47 0.57 0.67 0.75 0.93 1.01 0.84
0.95 1.04 1.10 1.06 1.09 1.22 1.36 1.47 1.70 1.94 2.28 2.81 2.53 1.30 0.84 0.62 0.57 0.79 1.22 1.85 2.20 2.04 1.26 0.82 0.88 0.93 0.86 0.72 0.63 0.63 0.76 1.12 1.43 1.29 1.27 1.63 1.64 1.39 1.43 1.52 1.33 1.11 1.15 1.60 2.34 2.53 2.18 1.80 1.56 1.41 1.31 1.23 1.18 1.13 1.05 1.01 1.07 1.23 1.36 1.29 1.17 1.15 1.13 1.10 1.13 1.17 1.15 1.14 1.19 1.18 1.05 0.88 0.73 0.59 0.51 0.45 0.41 0.41 0.45 0.53 0.60 0.74 0.91 0.92
0.93 1.01 1.09 1.02 1.04 1.19 1.36 1.46 1.52 1.71 2.07 2.74 3.04 2.43 1.67 1.00 0.67 0.77 1.03 1.38 1.87 2.25 2.19 1.93 1.78 1.54 1.19 0.83 0.64 0.61 0.73 1.08 1.59 1.64 1.46 1.55 1.62 1.42 1.22 1.25 1.19 0.97 0.91 1.18 1.91 2.45 2.29 1.91 1.67 1.49 1.38 1.30 1.21 1.14 1.08 1.01 1.02 1.16 1.30 1.30 1.23 1.18 1.14 1.11 1.14 1.17 1.16 1.15 1.16 1.17 1.19 1.12 0.94 0.74 0.61 0.51 0.41 0.39 0.43 0.45 0.50 0.62 0.73 0.82
0.93 1.01 1.08 1.02 0.97 1.07 1.25 1.41 1.45 1.52 1.75 2.30 2.99 3.24 2.83 1.66 1.02 0.99 1.14 1.36 1.61 1.97 2.30 2.25 2.01 1.77 1.32 0.85 0.57 0.50 0.58 0.84 1.46 1.89 1.99 1.84 1.62 1.43 1.20 1.10 1.04 0.87 0.72 0.79 1.35 2.19 2.36 1.95 1.69 1.53 1.41 1.35 1.29 1.23 1.15 1.09 1.07 1.14 1.25 1.26 1.23 1.20 1.17 1.16 1.17 1.19 1.18 1.17 1.16 1.15 1.19 1.24 1.14 0.91 0.73 0.62 0.47 0.41 0.43 0.44 0.46 0.52 0.59 0.68
0.92 0.98 1.03 0.94 0.86 0.88 0.97 1.15 1.27 1.32 1.42 1.72 2.27 2.93 3.29 3.04 1.98 1.39 1.26 1.24 1.14 1.20 1.76 2.10 2.02 1.84 1.50 1.05 0.69 0.47 0.44 0.56 0.99 1.58 2.15 2.41 2.10 1.53 1.21 1.09 0.98 0.83 0.64 0.52 0.79 1.67 2.27 2.20 1.93 1.74 1.57 1.45 1.34 1.27 1.19 1.13 1.13 1.18 1.25 1.27 1.25 1.24 1.22 1.21 1.21 1.22 1.20 1.18 1.17 1.17 1.19 1.27 1.29 1.13 0.90 0.75 0.60 0.45 0.43 0.46 0.47 0.47 0.48 0.55
0.94 1.00 1.08 0.99 0.86 0.89 0.93 0.94 0.97 1.00 1.04 1.13 1.34 1.77 2.44 3.06 2.80 2.09 1.49 1.05 0.76 0.80 1.25 1.96 2.29 2.07 1.61 1.31 1.04 0.71 0.48 0.42 0.58 1.07 1.70 2.45 2.77 2.20 1.49 1.24 1.08 0.89 0.73 0.54 0.50 0.98 1.87 2.22 2.15 1.91 1.69 1.54 1.36 1.25 1.18 1.12 1.12 1.20 1.29 1.30 1.26 1.23 1.23 1.23 1.23 1.24 1.22 1.19 1.16 1.17 1.20 1.26 1.32 1.29 1.14 0.95 0.75 0.52 0.45 0.48 0.48 0.47 0.45 0.44
0.99 1.05 1.17 1.15 1.00 1.02 1.12 1.13 1.00 0.80 0.70 0.71 0.83 1.11 1.52 2.09 2.63 2.39 1.58 0.88 0.69 0.69 0.88 1.47 2.29 2.43 1.75 1.47 1.33 1.05 0.74 0.53 0.54 0.76 1.21 1.91 2.78 3.01 2.44 1.84 1.52 1.27 1.10 0.87 0.60 0.64 1.20 1.79 2.04 1.90 1.66 1.54 1.41 1.28 1.20 1.10 1.06 1.15 1.26 1.29 1.25 1.19 1.17 1.20 1.22 1.23 1.23 1.19 1.15 1.15 1.21 1.26 1.29 1.32 1.28 1.17 0.95 0.64 0.51 0.52 0.51 0.47 0.41 0.39
1.00 1.02 1.11 1.20 1.15 1.09 1.19 1.39 1.46 1.11 0.73 0.63 0.69 0.90 1.23 1.58 2.30 2.51 1.65 0.85 0.61 0.59 0.71 1.00 1.78 2.56 2.29 1.55 1.24 1.01 0.76 0.56 0.48 0.58 0.92 1.40 2.11 2.92 3.15 2.90 2.43 1.99 1.72 1.43 1.07 0.78 0.81 1.22 1.72 1.81 1.61 1.50 1.41 1.32 1.23 1.14 1.09 1.14 1.23 1.27 1.26 1.22 1.13 1.15 1.20 1.20 1.21 1.18 1.13 1.12 1.18 1.24 1.27 1.32 1.33 1.27 1.14 0.80 0.58 0.61 0.57 0.46 0.38 0.36
1.02 1.01 1.02 1.15 1.24 1.15 1.09 1.28 1.67 1.77 1.29 0.90 0.84 0.94 1.11 1.43 2.10 2.51 2.31 1.53 0.84 0.64 0.69 0.87 1.35 2.38 2.70 1.95 1.28 0.93 0.68 0.48 0.38 0.46 0.69 1.04 1.50 2.14 2.76 3.10 2.96 2.54 2.26 2.06 1.75 1.34 1.03 1.06 1.43 1.65 1.53 1.42 1.37 1.32 1.27 1.20 1.16 1.19 1.29 1.34 1.35 1.33 1.23 1.19 1.22 1.20 1.20 1.16 1.08 1.07 1.13 1.19 1.21 1.30 1.39 1.39 1.27 0.92 0.64 0.66 0.65 0.47 0.34 0.33
1.11 1.10 1.07 1.15 1.28 1.24 1.09 1.08 1.33 1.82 1.92 1.57 1.45 1.38 1.34 1.50 1.84 2.22 2.45 2.31 1.69 0.94 0.71 0.76 1.04 1.85 2.76 2.81 2.02 1.32 0.97 0.72 0.50 0.41 0.46 0.66 1.06 1.52 2.02 2.55 2.84 2.70 2.46 2.32 2.14 1.86 1.51 1.29 1.40 1.59 1.56 1.43 1.35 1.30 1.26 1.21 1.20 1.23 1.29 1.34 1.38 1.38 1.31 1.26 1.26 1.26 1.23 1.19 1.07 0.97 1.02 1.11 1.15 1.19 1.36 1.51 1.45 1.08 0.70 0.65 0.67 0.54 0.35 0.28
1.15 1.21 1.21 1.21 1.30 1.33 1.23 1.11 1.07 1.32 1.75 1.83 1.75 1.75 1.78 1.63 1.51 1.70 1.92 2.19 2.11 1.42 0.84 0.64 0.71 1.15 2.11 2.98 2.89 2.10 1.52 1.25 0.94 0.56 0.40 0.40 0.62 1.07 1.59 2.11 2.44 2.54 2.44 2.28 2.23 2.11 1.82 1.54 1.51 1.63 1.63 1.52 1.39 1.30 1.23 1.18 1.19 1.25 1.27 1.29 1.35 1.36 1.33 1.31 1.31 1.32 1.29 1.27 1.19 0.96 0.84 0.94 1.04 1.09 1.25 1.51 1.60 1.36 0.88 0.69 0.65 0.54 0.42 0.32
1.08 1.24 1.32 1.22 1.25 1.29 1.27 1.22 1.09 1.04 1.20 1.37 1.44 1.71 2.11 1.72 1.23 1.30 1.46 1.74 1.89 1.55 1.04 0.70 0.56 0.73 1.35 2.36 2.99 2.77 2.15 1.70 1.40 1.00 0.56 0.40 0.44 0.72 1.29 1.81 1.95 2.20 2.36 2.22 2.15 2.09 1.88 1.59 1.50 1.56 1.57 1.50 1.41 1.31 1.24 1.17 1.18 1.25 1.29 1.32 1.37 1.37 1.36 1.35 1.34 1.37 1.34 1.34 1.37 1.15 0.82 0.72 0.81 0.89 1.06 1.38 1.62 1.58 1.26 0.86 0.65 0.53 0.45 0.39
0.91 1.06 1.30 1.28 1.21 1.15 1.11 1.15 1.18 1.15 1.12 1.16 1.19 1.66 2.24 1.84 1.33 1.19 1.22 1.45 1.58 1.35 1.05 0.83 0.56 0.52 0.86 1.65 2.51 2.87 2.53 1.94 1.54 1.26 0.92 0.56 0.49 0.58 1.14 1.69 1.68 1.82 2.14 2.12 2.01 1.97 1.82 1.57 1.47 1.50 1.49 1.44 1.38 1.30 1.23 1.17 1.17 1.26 1.29 1.33 1.38 1.39 1.40 1.37 1.36 1.39 1.39 1.38 1.45 1.39 1.02 0.71 0.64 0.62 0.65 1.00 1.43 1.60 1.53 1.29 0.86 0.56 0.47 0.44
0.82 0.87 1.08 1.31 1.33 1.15 0.96 0.92 1.03 1.20 1.29 1.30 1.26 1.77 2.20 2.04 1.81 1.58 1.31 1.37 1.45 1.19 0.90 0.73 0.50 0.34 0.47 1.07 1.86 2.51 2.79 2.50 1.87 1.45 1.19 0.79 0.53 0.52 0.96 1.64 1.71 1.65 1.85 1.94 1.92 1.95 1.84 1.61 1.50 1.50 1.47 1.44 1.38 1.31 1.23 1.16 1.17 1.24 1.28 1.30 1.34 1.38 1.41 1.40 1.38 1.41 1.43 1.44 1.48 1.52 1.33 0.92 0.67 0.58 0.50 0.56 1.01 1.36 1.48 1.52 1.28 0.74 0.56 0.47
0.96 0.89 0.86 1.12 1.44 1.45 1.16 0.92 0.86 0.98 1.22 1.36 1.49 1.80 1.92 1.90 2.01 2.04 1.94 1.80 1.62 1.26 0.92 0.66 0.42 0.22 0.22 0.57 1.21 1.81 2.47 2.89 2.67 1.99 1.49 1.01 0.68 0.58 0.77 1.47 1.74 1.67 1.69 1.73 1.79 1.88 1.84 1.67 1.56 1.51 1.47 1.45 1.41 1.37 1.30 1.20 1.18 1.23 1.27 1.29 1.31 1.34 1.38 1.41 1.45 1.49 1.49 1.52 1.54 1.56 1.52 1.26 0.83 0.59 0.50 0.46 0.63 1.00 1.19 1.40 1.43 1.08 0.77 0.54
1.15 1.06 0.90 0.91 1.21 1.57 1.64 1.35 1.08 1.01 1.03 1.29 1.74 1.74 1.48 1.52 1.76 1.91 2.01 2.30 2.29 1.76 1.21 0.82 0.50 0.27 0.11 0.20 0.62 1.07 1.58 2.41 2.93 2.74 2.17 1.59 1.19 0.89 0.80 1.24 1.62 1.68 1.67 1.60 1.61 1.72 1.74 1.65 1.58 1.53 1.46 1.39 1.34 1.36 1.36 1.28 1.22 1.23 1.28 1.29 1.29 1.32 1.33 1.36 1.51 1.67 1.69 1.69 1.67 1.66 1.65 1.53 1.14 0.70 0.51 0.42 0.45 0.73 0.94 1.14 1.32 1.20 0.90 0.64
1.20 1.25 1.09 0.80 0.77 1.06 1.58 1.75 1.66 1.55 1.26 1.47 1.87 1.50 1.15 1.24 1.40 1.50 1.48 1.91 2.51 2.62 2.17 1.49 0.96 0.56 0.24 0.07 0.24 0.53 0.86 1.59 2.44 2.93 2.81 2.27 1.74 1.44 1.18 1.25 1.52 1.67 1.67 1.58 1.54 1.61 1.65 1.63 1.58 1.53 1.47 1.36 1.19 1.11 1.22 1.28 1.26 1.26 1.30 1.32 1.32 1.34 1.32 1.30 1.46 1.73 1.91 1.97 1.96 1.95 1.89 1.82 1.56 1.01 0.59 0.33 0.34 0.61 0.84 0.97 1.17 1.18 0.91 0.65
1.10 1.32 1.35 0.90 0.63 0.63 0.90 1.36 1.75 1.91 1.90 2.02 1.89 1.17 0.97 1.05 1.17 1.27 1.17 1.19 1.77 2.49 2.77 2.63 2.15 1.52 0.89 0.37 0.19 0.22 0.37 0.80 1.54 2.36 2.86 2.64 2.12 1.86 1.67 1.51 1.61 1.76 1.77 1.70 1.63 1.60 1.60 1.61 1.58 1.53 1.49 1.44 1.23 0.90 0.85 1.02 1.15 1.23 1.28 1.35 1.37 1.36 1.31 1.23 1.27 1.46 1.72 1.92 2.07 2.18 2.17 2.09 1.97 1.57 0.81 0.41 0.40 0.67 0.92 1.03 1.09 1.10 0.93 0.64
1.02 1.30 1.57 1.28 0.84 0.64 0.60 0.69 1.09 1.56 2.23 2.52 1.79 1.09 0.95 0.95 1.06 1.19 1.09 0.86 0.98 1.44 2.06 2.59 2.65 2.46 2.14 1.48 0.77 0.41 0.32 0.40 0.71 1.46 2.42 2.61 2.27 1.96 1.80 1.70 1.72 1.83 1.86 1.81 1.73 1.66 1.61 1.60 1.58 1.54 1.51 1.53 1.43 1.07 0.72 0.67 0.89 1.10 1.16 1.23 1.32 1.33 1.27 1.16 1.09 1.11 1.17 1.31 1.56 1.91 2.14 2.16 2.14 1.91 1.23 0.67 0.62 0.79 1.10 1.17 0.97 0.98 0.97 0.66
1.10 1.21 1.49 1.65 1.34 0.98 0.74 0.61 0.70 0.86 1.79 2.81 2.12 1.19 1.05 0.99 1.07 1.19 1.07 0.78 0.75 0.87 1.15 1.62 1.93 2.12 2.32 2.33 1.92 1.32 0.84 0.52 0.41 0.79 1.81 2.21 2.04 1.82 1.74 1.73 1.74 1.81 1.84 1.82 1.76 1.69 1.63 1.61 1.59 1.58 1.56 1.57 1.53 1.31 0.86 0.52 0.63 0.90 1.04 1.09 1.17 1.26 1.27 1.14 1.03 1.04 1.04 1.01 1.07 1.28 1.65 1.99 2.19 2.08 1.54 1.00 0.78 0.85 1.21 1.30 0.99 0.95 0.95 0.63
1.31 1.14 1.10 1.52 1.77 1.62 1.28 0.97 0.80 0.72 1.30 2.64 2.54 1.64 1.47 1.37 1.36 1.36 1.13 0.89 0.81 0.80 0.87 0.99 1.11 1.21 1.41 1.91 2.16 2.11 1.78 1.21 0.73 0.74 1.40 1.82 1.77 1.63 1.60 1.67 1.74 1.80 1.83 1.81 1.76 1.70 1.64 1.62 1.62 1.63 1.64 1.63 1.57 1.39 0.98 0.55 0.44 0.66 0.95 1.06 1.06 1.16 1.27 1.25 1.13 1.13 1.15 1.03 0.97 1.01 1.11 1.53 2.10 2.16 1.69 1.20 0.89 0.81 1.18 1.38 1.16 1.04 0.91 0.61
1.64 1.24 0.80 1.01 1.58 1.99 2.08 1.79 1.35 0.90 1.23 2.18 2.27 2.01 2.07 2.09 2.08 2.08 1.88 1.53 1.24 1.04 0.97 0.90 0.84 0.83 0.78 0.88 1.24 1.67 2.01 1.95 1.46 1.06 1.29 1.64 1.64 1.54 1.51 1.58 1.70 1.78 1.83 1.84 1.80 1.73 1.68 1.64 1.63 1.65 1.67 1.71 1.65 1.42 1.08 0.69 0.42 0.48 0.78 0.99 0.99 1.01 1.16 1.28 1.30 1.33 1.36 1.22 1.11 1.09 1.05 1.19 1.75 2.09 1.78 1.36 1.07 0.85 0.95 1.29 1.32 1.13 0.90 0.73
2.04 1.44 0.73 0.60 0.83 1.45 2.04 2.40 2.21 1.54 1.53 1.90 1.85 1.74 1.86 2.09 2.29 2.42 2.49 2.55 2.50 2.23 1.84 1.43 1.05 0.86 0.71 0.60 0.58 0.62 1.11 1.82 1.76 1.35 1.37 1.62 1.66 1.58 1.55 1.56 1.65 1.75 1.83 1.88 1.89 1.81 1.74 1.70 1.70 1.68 1.71 1.81 1.77 1.45 1.10 0.74 0.36 0.30 0.51 0.77 0.85 0.87 0.96 1.08 1.23 1.38 1.50 1.49 1.43 1.40 1.34 1.32 1.60 1.95 1.81 1.51 1.37 1.13 0.87 1.09 1.36 1.26 1.10 0.87
2.31 1.67 0.84 0.54 0.43 0.58 1.06 1.92 2.52 2.27 1.88 1.78 1.64 1.39 1.22 1.44 1.90 2.06 2.06 2.30 2.72 2.92 2.95 2.85 2.35 1.52 1.06 0.87 0.73 0.52 0.66 1.33 1.65 1.48 1.47 1.68 1.77 1.69 1.63 1.62 1.67 1.75 1.79 1.85 1.92 1.88 1.80 1.80 1.81 1.77 1.80 1.93 1.93 1.60 1.17 0.79 0.36 0.11 0.26 0.54 0.69 0.76 0.82 0.88 0.96 1.11 1.30 1.43 1.48 1.53 1.56 1.57 1.75 1.99 1.94 1.68 1.55 1.39 1.14 1.18 1.40 1.52 1.47 1.15
2.23 2.01 1.41 0.91 0.58 0.40 0.53 1.11 2.14 2.44 2.13 1.84 1.66 1.36 1.06 1.02 1.40 1.75 1.71 1.61 1.87 2.33 2.71 3.14 3.36 3.00 2.10 1.50 1.27 1.07 0.87 1.12 1.52 1.53 1.51 1.66 1.82 1.82 1.76 1.71 1.72 1.78 1.79 1.79 1.84 1.85 1.79 1.83 1.85 1.83 1.91 2.06 2.08 1.83 1.39 0.89 0.47 0.16 0.09 0.20 0.46 0.65 0.72 0.77 0.81 0.89 1.03 1.16 1.23 1.26 1.29 1.34 1.56 1.90 2.03 1.84 1.58 1.36 1.20 1.28 1.43 1.55 1.71 1.54
1.73 2.04 2.30 1.89 1.32 0.77 0.50 0.82 1.87 2.30 2.05 2.00 1.86 1.47 1.14 0.90 0.94 1.34 1.65 1.58 1.44 1.57 1.79 2.21 2.99 3.49 3.08 1.94 1.43 1.29 1.06 1.10 1.38 1.52 1.52 1.59 1.75 1.84 1.86 1.83 1.79 1.82 1.84 1.80 1.84 1.86 1.76 1.75 1.84 1.87 1.97 2.19 2.26 2.08 1.67 1.05 0.59 0.25 0.23 0.19 0.08 0.44 0.64 0.71 0.75 0.80 0.90 1.01 1.11 1.18 1.08 0.88 0.96 1.34 1.73 1.87 1.67 1.25 1.01 1.18 1.28 1.31 1.62 1.80
1.06 1.41 2.10 2.35 2.24 1.54 0.73 0.86 1.86 2.03 1.71 1.93 2.15 1.90 1.40 1.01 0.76 0.83 1.18 1.44 1.39 1.30 1.27 1.50 2.12 3.06 3.46 2.51 1.46 1.31 1.29 1.25 1.36 1.50 1.56 1.57 1.66 1.77 1.83 1.87 1.87 1.88 1.87 1.82 1.86 1.97 1.90 1.70 1.73 1.87 1.97 2.17 2.39 2.34 1.95 1.29 0.73 0.36 0.17 0.30 0.26 0.10 0.48 0.65 0.71 0.73 0.82 0.93 1.05 1.21 1.13 0.78 0.63 0.87 1.28 1.78 1.81 1.29 0.95 1.01 1.09 1.11 1.35 1.82
