windninja/windninja_output/Output_2025-10-23_0900-0950_Google earth_Fire_150m_10min/merlingen_7.5mi_point_10-23-2025_0910_150m_vel.asc
ncols	158
nrows	163
xllcorner	391686.332397
yllcorner	5160024.123721
cellsize	150.000000
NODATA_value	-32768.000000
[rows 74 to 110 of 163, columns 0 to 83 of 158]
8.98 8.44 7.32 6.54 6.55 6.66 6.45 6.37 6.25 5.86 5.69 5.67 5.45 5.25 5.13 5.01 4.94 4.98 4.99 4.93 5.04 5.26 5.33 5.16 4.53 4.00 4.41 5.37 6.30 6.76 6.49 6.09 5.94 5.52 4.77 4.29 4.25 4.26 4.29 4.36 4.43 4.47 4.51 4.52 4.53 4.53 4.52 4.51 4.49 4.46 4.44 4.41 4.37 4.34 4.31 4.27 4.23 4.18 4.13 4.07 4.00 3.94 3.87 3.78 3.67 3.55 3.42 3.27 3.17 3.07 2.85 2.66 2.46 2.14 2.11 2.37 2.46 2.41 2.25 2.57 3.85 5.51 6.96 7.07
10.14 9.41 8.00 6.88 6.61 6.76 6.49 6.18 6.03 5.69 5.47 5.43 5.28 5.15 5.06 4.93 4.84 4.90 4.92 4.84 4.84 4.99 5.09 5.08 4.65 4.08 4.25 4.92 5.77 6.48 6.56 6.27 6.17 5.98 5.30 4.65 4.40 4.35 4.31 4.27 4.34 4.44 4.50 4.53 4.55 4.55 4.55 4.54 4.53 4.50 4.48 4.45 4.42 4.38 4.35 4.31 4.27 4.23 4.18 4.12 4.06 4.00 3.93 3.84 3.74 3.63 3.52 3.40 3.31 3.18 2.94 2.68 2.43 2.11 1.98 2.17 2.13 2.07 2.10 2.61 4.30 5.93 6.55 5.91
11.03 10.35 8.91 7.48 6.89 6.91 6.46 5.94 5.79 5.53 5.31 5.21 5.08 5.03 4.97 4.82 4.71 4.77 4.84 4.81 4.78 4.85 4.93 4.96 4.68 4.17 4.24 4.69 5.16 5.92 6.48 6.42 6.29 6.26 5.76 4.99 4.61 4.47 4.35 4.24 4.24 4.38 4.49 4.54 4.56 4.58 4.58 4.57 4.56 4.54 4.51 4.48 4.45 4.42 4.38 4.35 4.30 4.26 4.21 4.16 4.11 4.04 3.98 3.90 3.81 3.71 3.60 3.50 3.38 3.24 3.04 2.80 2.58 2.27 2.01 1.98 1.81 1.65 1.88 3.05 4.70 5.54 5.65 5.02
11.67 11.00 9.79 8.57 7.69 7.13 6.34 5.79 5.59 5.33 5.13 4.96 4.90 4.93 4.85 4.69 4.58 4.63 4.69 4.70 4.71 4.76 4.83 4.83 4.59 4.34 4.50 4.73 4.75 5.16 6.00 6.50 6.43 6.41 6.23 5.42 4.87 4.66 4.41 4.23 4.16 4.29 4.47 4.54 4.58 4.61 4.61 4.61 4.59 4.57 4.54 4.51 4.47 4.44 4.40 4.37 4.33 4.29 4.25 4.20 4.15 4.09 4.02 3.95 3.87 3.78 3.68 3.57 3.44 3.31 3.12 2.92 2.74 2.48 2.15 1.92 1.65 1.38 1.75 3.32 4.66 4.68 4.59 4.61
12.30 10.89 10.01 10.35 9.26 7.53 6.29 5.69 5.50 5.15 4.77 4.61 4.69 4.80 4.75 4.60 4.50 4.49 4.51 4.55 4.61 4.69 4.77 4.63 4.29 4.44 4.94 4.97 4.69 4.61 5.24 6.22 6.53 6.52 6.52 5.98 5.25 4.93 4.67 4.32 4.05 4.17 4.43 4.53 4.59 4.64 4.65 4.64 4.63 4.60 4.56 4.52 4.48 4.45 4.41 4.38 4.35 4.32 4.28 4.23 4.19 4.13 4.07 4.00 3.92 3.84 3.74 3.63 3.51 3.38 3.20 3.02 2.86 2.65 2.33 2.00 1.63 1.34 1.71 3.12 4.17 3.85 3.90 4.41
12.14 10.44 9.91 12.36 11.94 9.11 6.64 5.56 5.40 4.84 4.19 4.19 4.45 4.63 4.65 4.52 4.46 4.39 4.31 4.38 4.52 4.64 4.73 4.42 3.91 4.27 5.16 5.30 4.89 4.42 4.65 5.62 6.31 6.60 6.65 6.27 5.65 5.27 5.14 4.67 4.02 4.02 4.35 4.51 4.59 4.66 4.69 4.69 4.67 4.63 4.58 4.51 4.47 4.44 4.41 4.39 4.36 4.33 4.30 4.26 4.22 4.16 4.11 4.04 3.97 3.89 3.80 3.70 3.58 3.45 3.29 3.11 2.96 2.77 2.50 2.17 1.77 1.46 1.67 2.61 3.29 3.21 3.50 4.07
10.53 9.79 10.18 11.95 13.13 11.06 6.66 4.93 4.86 4.18 3.52 3.70 4.22 4.48 4.53 4.46 4.41 4.33 4.16 4.22 4.42 4.59 4.66 4.30 3.69 4.00 5.00 5.39 5.13 4.56 4.46 5.08 5.78 6.43 6.80 6.51 5.83 5.54 5.60 5.26 4.35 3.99 4.32 4.48 4.56 4.66 4.71 4.75 4.76 4.67 4.55 4.46 4.42 4.40 4.39 4.38 4.37 4.35 4.32 4.28 4.24 4.19 4.14 4.08 4.02 3.94 3.85 3.76 3.64 3.51 3.36 3.19 3.04 2.87 2.63 2.34 1.98 1.63 1.63 2.03 2.33 2.64 3.03 3.49
8.60 8.85 9.65 11.21 13.02 11.17 6.00 3.86 3.88 3.40 2.98 3.31 4.02 4.39 4.47 4.40 4.34 4.28 4.11 4.10 4.31 4.50 4.56 4.23 3.63 3.87 4.75 5.16 5.16 4.82 4.56 4.79 5.20 5.82 6.58 6.81 6.21 5.73 5.80 5.73 5.02 4.35 4.47 4.61 4.63 4.69 4.68 4.78 4.97 4.82 4.46 4.30 4.28 4.30 4.33 4.35 4.36 4.35 4.33 4.30 4.26 4.22 4.17 4.12 4.06 3.98 3.90 3.81 3.70 3.58 3.43 3.27 3.12 2.96 2.74 2.49 2.18 1.80 1.62 1.56 1.51 2.01 2.62 2.96
9.28 9.19 9.88 12.01 12.16 8.99 6.02 4.50 3.68 3.29 2.90 3.24 3.93 4.35 4.48 4.36 4.27 4.29 4.14 4.04 4.19 4.37 4.46 4.15 3.60 3.87 4.61 4.88 4.98 4.95 4.76 4.74 4.84 5.17 5.80 6.42 6.50 6.08 5.89 5.81 5.44 4.95 4.85 4.97 4.97 4.93 4.79 4.87 5.26 5.14 4.55 4.18 4.05 4.12 4.23 4.30 4.35 4.35 4.34 4.31 4.28 4.24 4.19 4.14 4.09 4.02 3.95 3.86 3.76 3.63 3.50 3.34 3.19 3.04 2.85 2.62 2.32 1.95 1.64 1.31 0.99 1.36 2.18 2.66
13.02 11.07 10.38 11.35 10.13 8.00 6.32 5.08 4.36 3.79 3.31 3.49 3.97 4.34 4.51 4.36 4.29 4.37 4.21 4.07 4.14 4.21 4.33 4.08 3.55 3.84 4.52 4.69 4.77 4.96 4.93 4.82 4.82 4.99 5.28 5.70 6.12 6.13 5.96 5.71 5.41 5.17 5.07 5.20 5.31 5.32 5.18 5.16 5.48 5.50 5.02 4.44 4.05 3.94 4.07 4.25 4.34 4.36 4.35 4.32 4.29 4.25 4.21 4.16 4.11 4.06 3.98 3.91 3.81 3.69 3.57 3.42 3.26 3.12 2.94 2.72 2.44 2.09 1.71 1.25 0.70 0.77 1.58 2.36
14.12 12.33 10.31 10.17 9.55 8.28 6.47 5.24 4.82 4.28 3.90 3.85 4.01 4.40 4.59 4.43 4.36 4.48 4.37 4.18 4.16 4.09 4.13 4.06 3.62 3.63 4.27 4.56 4.61 4.87 4.96 4.89 4.91 5.07 5.30 5.52 5.77 5.88 5.80 5.55 5.27 5.08 4.99 5.05 5.20 5.32 5.31 5.31 5.42 5.42 5.22 4.93 4.51 4.06 4.02 4.22 4.33 4.37 4.36 4.33 4.30 4.26 4.22 4.18 4.13 4.08 4.02 3.94 3.85 3.75 3.63 3.49 3.34 3.19 3.03 2.82 2.55 2.22 1.82 1.29 0.60 0.45 0.94 2.05
15.29 13.31 10.66 10.08 9.84 8.67 6.69 5.59 5.25 4.75 4.34 4.07 4.03 4.40 4.72 4.66 4.48 4.64 4.60 4.38 4.25 4.06 3.99 4.04 3.75 3.42 3.83 4.33 4.53 4.70 4.78 4.84 4.85 5.06 5.53 5.76 5.82 5.90 5.73 5.40 5.11 4.97 4.97 5.03 5.16 5.29 5.40 5.48 5.38 5.11 4.89 4.88 4.76 4.37 4.14 4.24 4.35 4.38 4.37 4.34 4.30 4.26 4.22 4.18 4.14 4.10 4.04 3.98 3.90 3.80 3.69 3.56 3.42 3.27 3.11 2.92 2.66 2.34 1.94 1.39 0.67 0.44 0.79 2.30
16.49 14.09 10.93 10.04 9.77 8.85 6.98 6.14 5.94 5.28 4.58 4.17 4.18 4.36 4.77 4.85 4.69 4.89 4.89 4.68 4.42 4.13 4.11 4.14 3.69 3.17 3.43 4.06 4.48 4.54 4.50 4.69 4.68 4.74 5.41 5.91 6.07 6.27 6.17 5.68 5.11 4.78 4.83 5.07 5.28 5.45 5.62 5.71 5.53 5.05 4.64 4.55 4.61 4.51 4.33 4.32 4.39 4.39 4.38 4.34 4.30 4.25 4.21 4.18 4.14 4.11 4.06 4.01 3.93 3.85 3.74 3.62 3.49 3.35 3.19 3.01 2.77 2.47 2.09 1.57 0.92 0.74 1.12 2.84
17.23 14.25 11.12 10.07 9.28 8.77 7.59 6.81 6.69 6.03 4.81 4.34 4.42 4.32 4.76 4.95 4.86 5.24 5.32 5.12 4.68 4.30 4.50 4.48 3.43 2.61 3.11 3.88 4.39 4.50 4.40 4.56 4.58 4.45 4.81 5.42 5.85 6.39 6.75 6.50 5.70 4.89 4.60 4.89 5.32 5.64 5.87 5.91 5.76 5.25 4.62 4.35 4.36 4.45 4.45 4.42 4.42 4.40 4.36 4.32 4.26 4.22 4.18 4.15 4.14 4.11 4.08 4.03 3.97 3.89 3.80 3.69 3.57 3.43 3.27 3.10 2.89 2.62 2.29 1.86 1.34 1.22 1.62 2.87
17.13 14.33 11.12 9.85 8.65 8.36 8.29 7.77 7.34 6.79 5.43 4.71 4.56 4.29 4.69 5.01 5.07 5.61 5.90 5.78 5.10 4.73 5.25 4.73 2.85 1.87 2.80 3.75 4.26 4.51 4.54 4.60 4.66 4.55 4.51 4.73 5.03 5.67 6.54 6.93 6.57 5.67 4.81 4.70 5.16 5.72 6.11 6.13 5.94 5.54 4.92 4.43 4.23 4.34 4.50 4.54 4.55 4.50 4.36 4.26 4.17 4.11 4.10 4.11 4.12 4.11 4.09 4.06 4.00 3.93 3.85 3.75 3.63 3.50 3.36 3.20 3.02 2.79 2.52 2.16 1.77 1.62 2.00 3.02
15.86 13.90 10.95 9.41 8.36 7.88 8.23 8.39 7.93 7.69 6.81 5.33 4.57 4.38 4.58 4.86 5.36 6.06 6.53 6.51 5.75 5.57 5.60 4.19 1.91 1.58 2.67 3.65 4.15 4.48 4.67 4.75 4.79 4.77 4.71 4.70 4.59 4.82 5.70 6.62 6.77 6.22 5.39 4.82 4.95 5.50 6.12 6.41 6.17 5.72 5.27 4.73 4.35 4.30 4.43 4.62 4.78 4.82 4.67 4.29 3.92 3.88 3.99 4.05 4.10 4.11 4.11 4.08 4.03 3.97 3.90 3.81 3.70 3.58 3.46 3.32 3.16 2.97 2.74 2.46 2.17 1.99 2.22 2.96
14.58 12.98 10.69 9.39 8.40 7.51 7.47 8.01 8.14 8.55 8.23 6.06 4.62 4.53 4.59 4.73 5.48 6.50 7.49 7.68 6.86 6.03 4.83 3.09 1.99 1.96 2.82 3.67 4.15 4.47 4.73 4.86 4.89 4.86 4.99 5.05 4.69 4.50 5.00 6.10 6.70 6.37 5.75 5.14 4.94 5.20 5.78 6.44 6.50 5.99 5.44 4.96 4.55 4.29 4.22 4.54 4.96 5.28 5.36 4.49 3.57 3.53 3.82 3.98 4.07 4.11 4.12 4.10 4.06 4.01 3.94 3.86 3.77 3.67 3.55 3.43 3.29 3.14 2.95 2.74 2.53 2.35 2.40 2.89
13.56 12.11 10.58 10.11 9.26 7.77 6.96 7.24 7.97 9.16 9.23 7.04 5.27 5.01 4.99 5.12 5.68 6.69 8.31 9.14 7.36 5.03 3.36 2.99 2.56 2.52 3.15 3.81 4.22 4.54 4.79 4.95 4.98 4.90 5.03 5.24 5.00 4.67 4.64 5.32 6.41 6.63 6.13 5.52 5.09 5.04 5.43 6.15 6.59 6.40 5.74 5.12 4.67 4.18 3.82 4.23 5.00 5.57 5.87 4.92 3.46 3.26 3.65 3.92 4.05 4.11 4.13 4.12 4.09 4.04 3.98 3.91 3.83 3.75 3.65 3.54 3.42 3.28 3.14 3.00 2.85 2.69 2.65 2.95
12.05 11.09 10.25 10.53 10.60 9.41 8.04 7.77 8.73 10.56 10.65 8.20 6.35 5.75 5.45 5.53 5.86 6.76 8.91 9.88 7.33 3.15 2.88 3.24 2.95 2.95 3.50 4.02 4.35 4.64 4.86 5.04 5.11 5.01 5.00 5.15 5.13 4.96 4.73 4.73 5.52 6.55 6.72 6.09 5.41 5.06 5.24 5.85 6.49 6.71 6.19 5.40 4.73 4.05 3.37 3.71 4.91 5.57 5.85 5.32 4.00 3.35 3.56 3.88 4.03 4.12 4.15 4.14 4.11 4.07 4.02 3.96 3.90 3.82 3.74 3.64 3.54 3.43 3.32 3.22 3.11 3.00 2.97 3.11
10.33 9.72 9.15 9.65 10.39 10.11 9.17 8.52 9.02 11.19 12.59 10.94 9.05 8.44 8.10 8.03 7.58 7.89 9.72 10.29 7.94 4.01 3.60 3.56 3.29 3.33 3.78 4.22 4.53 4.77 4.97 5.22 5.31 5.10 4.93 5.00 5.11 5.10 4.98 4.67 4.62 5.69 6.94 6.86 5.93 5.33 5.24 5.66 6.41 6.86 6.76 5.89 4.64 3.89 3.35 3.51 4.67 5.31 5.44 5.31 4.53 3.70 3.63 3.89 4.03 4.12 4.16 4.16 4.13 4.10 4.06 4.01 3.95 3.88 3.81 3.73 3.65 3.57 3.49 3.40 3.33 3.27 3.25 3.32
9.03 8.67 8.18 8.50 9.24 9.02 8.12 6.90 6.22 8.30 11.60 12.00 10.99 10.34 10.11 10.26 10.04 9.98 11.24 10.98 8.50 6.55 5.42 4.46 3.80 3.73 4.03 4.36 4.68 4.95 5.20 5.57 5.64 5.14 4.74 4.85 5.08 5.13 5.08 4.76 4.26 4.61 6.27 7.29 6.71 6.01 5.64 5.73 6.38 6.89 7.31 6.47 4.33 3.70 3.69 3.75 4.42 4.89 4.97 4.97 4.65 3.96 3.77 3.95 4.05 4.13 4.17 4.17 4.15 4.13 4.10 4.05 4.00 3.94 3.88 3.82 3.75 3.69 3.62 3.56 3.51 3.48 3.48 3.53
7.78 7.91 7.91 8.16 8.88 8.35 6.94 5.12 3.69 4.99 7.87 9.32 8.79 7.50 7.27 8.78 10.38 11.63 12.99 11.28 8.69 8.23 6.74 5.19 4.17 3.98 4.17 4.42 4.70 5.08 5.59 6.05 6.00 5.25 4.62 4.74 5.07 5.15 5.08 4.81 4.21 3.91 5.01 6.65 7.12 6.88 6.50 6.31 6.59 7.02 7.49 6.70 4.47 3.77 4.07 4.11 4.32 4.58 4.58 4.63 4.56 4.06 3.88 4.02 4.08 4.13 4.16 4.17 4.18 4.16 4.13 4.08 4.03 3.99 3.95 3.90 3.85 3.79 3.73 3.69 3.65 3.63 3.64 3.68
6.15 7.10 7.82 8.13 8.90 8.53 7.23 5.27 3.73 3.85 5.41 6.72 6.50 6.15 6.45 8.38 9.86 12.48 14.02 10.33 8.58 8.85 7.64 5.78 4.36 3.96 4.07 4.37 4.63 5.01 5.87 6.42 6.32 5.57 4.78 4.76 5.06 5.15 5.05 4.85 4.31 3.71 4.06 5.33 6.39 6.80 6.98 7.02 7.14 7.37 7.34 6.73 5.34 4.30 4.44 4.53 4.42 4.46 4.36 4.37 4.37 4.07 3.96 4.07 4.11 4.13 4.13 4.17 4.20 4.19 4.14 4.10 4.07 4.04 4.01 3.97 3.92 3.88 3.83 3.79 3.76 3.74 3.75 3.78
5.01 6.35 7.56 7.79 8.54 8.84 8.14 6.70 5.15 4.37 4.75 4.76 4.61 5.63 6.68 8.46 10.12 12.59 13.91 11.31 9.51 9.27 9.06 6.97 4.61 3.75 3.85 4.27 4.66 5.08 5.84 6.36 6.45 5.98 5.20 4.97 5.15 5.19 5.03 4.82 4.47 3.81 3.62 4.52 5.50 5.99 6.62 7.25 7.51 7.47 7.07 6.79 6.07 5.00 4.86 4.96 4.72 4.49 4.34 4.28 4.16 4.03 4.03 4.08 4.10 4.10 4.11 4.15 4.20 4.19 4.14 4.11 4.10 4.08 4.06 4.03 3.99 3.95 3.91 3.88 3.85 3.84 3.83 3.84
4.60 5.82 7.08 7.01 7.54 8.28 8.13 7.58 6.73 5.65 5.01 4.35 4.00 4.87 6.79 8.77 10.58 11.74 10.75 10.84 10.66 10.23 10.43 8.16 4.88 3.68 3.95 4.37 4.82 5.39 5.93 6.17 6.33 6.19 5.64 5.34 5.41 5.38 5.05 4.75 4.52 3.98 3.55 4.11 5.07 5.58 6.25 7.15 7.49 7.29 6.85 6.68 6.39 5.65 5.25 5.27 5.15 4.76 4.43 4.29 4.12 4.06 4.11 4.10 4.04 4.03 4.08 4.12 4.17 4.18 4.14 4.12 4.13 4.12 4.10 4.08 4.05 4.01 3.98 3.94 3.92 3.90 3.89 3.89
4.77 5.66 6.52 6.44 6.66 6.86 6.72 7.10 7.07 6.29 5.73 5.03 4.32 4.77 6.70 9.12 10.50 9.79 8.58 8.98 10.26 11.04 11.12 9.17 5.67 4.51 4.60 4.77 5.08 5.67 6.13 6.22 6.26 6.19 5.88 5.71 5.76 5.70 5.26 4.74 4.43 4.08 3.63 3.77 4.69 5.54 6.14 6.81 7.17 7.07 6.84 6.56 6.40 6.16 5.71 5.50 5.43 5.21 4.69 4.30 4.20 4.22 4.30 4.21 4.06 3.97 3.98 4.03 4.07 4.14 4.14 4.13 4.16 4.16 4.14 4.12 4.09 4.06 4.03 4.00 3.97 3.95 3.93 3.92
5.18 5.77 6.48 6.60 6.47 6.33 6.26 6.53 6.65 6.24 6.11 5.58 4.90 5.27 6.51 8.57 10.07 8.89 7.38 7.70 9.18 10.83 10.97 8.52 6.32 5.54 5.44 5.35 5.41 5.89 6.39 6.54 6.46 6.29 6.03 5.89 5.93 5.93 5.70 4.96 4.34 4.09 3.70 3.51 4.24 5.33 5.99 6.40 6.71 6.83 6.88 6.57 6.27 6.32 6.19 5.85 5.60 5.62 5.17 4.42 4.21 4.37 4.56 4.53 4.28 4.01 3.92 3.88 3.90 4.06 4.14 4.14 4.17 4.19 4.18 4.16 4.13 4.10 4.07 4.04 4.00 3.98 3.95 3.93
5.57 5.93 6.61 6.80 6.42 6.29 6.37 6.39 6.31 6.12 6.11 5.74 5.25 5.67 6.72 8.16 9.65 8.80 6.96 7.97 9.90 10.63 9.80 8.32 7.01 6.24 6.04 5.90 5.78 6.12 6.74 7.05 6.93 6.73 6.35 5.99 5.89 6.01 6.09 5.37 4.38 4.03 3.75 3.42 3.76 4.77 5.69 6.09 6.25 6.49 6.72 6.63 6.33 6.27 6.35 6.10 5.79 5.94 5.70 4.84 4.32 4.34 4.66 4.89 4.70 4.22 3.96 3.77 3.71 3.94 4.14 4.17 4.17 4.19 4.19 4.19 4.17 4.14 4.10 4.07 4.03 3.99 3.96 3.93
5.98 6.17 6.60 6.75 6.48 6.36 6.44 6.40 6.22 6.07 5.99 5.73 5.19 5.33 6.55 8.14 9.32 8.96 7.89 9.16 10.80 9.57 8.81 8.57 7.72 6.99 6.63 6.33 6.11 6.42 7.14 7.58 7.55 7.34 6.83 6.22 5.94 6.12 6.28 5.68 4.58 3.99 3.80 3.47 3.41 4.13 5.22 5.77 5.93 6.17 6.40 6.56 6.45 6.33 6.44 6.14 5.93 6.04 5.99 5.51 4.77 4.44 4.65 5.02 5.09 4.59 4.09 3.78 3.63 3.87 4.22 4.26 4.13 4.14 4.19 4.21 4.21 4.17 4.13 4.08 4.05 4.01 3.96 3.92
6.43 6.45 6.58 6.64 6.55 6.50 6.49 6.39 6.25 6.06 5.89 5.67 4.97 4.61 5.30 6.88 8.61 8.65 8.27 10.02 11.07 9.73 9.08 8.92 8.25 7.79 7.56 6.97 6.52 6.92 7.51 7.92 8.14 7.93 7.40 6.75 6.31 6.27 6.26 5.81 4.83 4.11 3.87 3.58 3.35 3.62 4.47 5.22 5.58 5.92 6.17 6.42 6.42 6.30 6.48 6.33 6.09 6.05 6.04 5.91 5.39 4.84 4.76 5.09 5.34 4.96 4.31 3.86 3.67 3.94 4.48 4.49 4.11 4.05 4.16 4.22 4.23 4.19 4.14 4.09 4.05 4.00 3.95 3.90
6.67 6.60 6.59 6.66 6.63 6.60 6.52 6.36 6.28 6.16 5.91 5.60 5.00 4.67 4.94 5.88 7.68 8.17 8.15 9.58 10.30 10.12 9.90 9.41 8.72 8.52 8.71 8.17 7.42 7.74 7.91 8.10 8.55 8.45 7.99 7.51 6.90 6.42 6.19 5.83 5.08 4.34 3.97 3.73 3.44 3.34 3.77 4.42 4.93 5.54 6.03 6.28 6.38 6.24 6.23 6.30 6.26 6.18 6.16 6.05 5.69 5.21 4.96 5.23 5.46 5.23 4.63 4.03 3.79 4.11 4.76 4.87 4.38 4.06 4.11 4.27 4.29 4.20 4.12 4.08 4.04 3.98 3.92 3.86
6.75 6.61 6.56 6.76 6.86 6.77 6.58 6.34 6.33 6.47 6.22 5.78 5.40 5.10 5.12 5.71 6.90 7.59 7.81 8.49 8.92 9.41 9.92 9.67 9.22 9.21 9.65 9.40 8.85 8.94 8.62 8.59 8.74 8.67 8.57 8.44 7.79 6.81 6.29 5.89 5.28 4.50 4.08 3.90 3.52 3.23 3.31 3.67 4.13 4.92 5.75 6.11 6.33 6.42 6.21 6.05 6.10 6.23 6.37 6.29 5.89 5.47 5.28 5.35 5.42 5.36 4.91 4.21 3.94 4.30 4.85 5.18 5.05 4.41 4.25 4.48 4.44 4.18 4.06 4.11 4.05 3.93 3.83 3.78
6.71 6.54 6.47 6.82 7.15 7.09 6.78 6.43 6.45 6.86 6.72 6.24 5.85 5.43 5.35 5.59 6.30 6.99 7.14 7.47 8.17 8.96 9.06 9.13 9.57 9.74 10.15 10.43 10.57 10.35 9.86 9.42 8.66 8.48 9.32 9.81 8.85 7.33 6.43 5.88 5.26 4.53 4.24 4.03 3.57 3.23 3.03 3.12 3.47 4.15 5.18 5.75 6.04 6.47 6.58 6.21 5.94 6.06 6.36 6.50 6.17 5.74 5.61 5.59 5.45 5.37 5.11 4.35 3.97 4.44 4.92 5.19 5.47 5.23 4.86 4.88 4.64 4.15 4.07 4.30 4.19 3.83 3.65 3.66
6.45 6.41 6.44 6.85 7.31 7.38 7.14 6.68 6.63 7.25 7.30 6.80 6.30 5.93 5.85 5.64 5.96 6.43 6.39 6.62 7.75 9.02 8.29 7.71 9.07 10.17 10.38 10.89 12.12 12.09 11.01 9.91 8.09 8.27 10.60 11.25 9.51 7.30 6.39 5.96 5.17 4.58 4.41 4.08 3.64 3.31 2.95 2.82 3.03 3.51 4.43 5.17 5.49 6.03 6.58 6.63 6.26 6.08 6.24 6.46 6.46 6.13 5.79 5.75 5.66 5.42 5.28 4.67 3.98 4.28 5.03 5.31 5.50 5.66 5.51 5.34 4.97 4.36 4.20 4.53 4.43 3.80 3.45 3.47
5.98 6.09 6.43 6.95 7.30 7.47 7.55 7.13 6.98 7.42 7.78 7.31 6.48 6.39 6.58 6.20 5.98 6.00 5.96 6.27 7.44 8.88 8.09 6.52 7.50 9.57 10.33 10.51 12.82 13.93 11.77 10.19 7.88 8.59 12.17 12.00 9.17 7.01 6.63 6.31 5.16 4.57 4.55 4.21 3.72 3.35 3.01 2.71 2.63 2.96 3.78 4.62 5.01 5.40 6.00 6.52 6.65 6.44 6.29 6.32 6.61 6.67 6.10 5.73 5.78 5.53 5.33 5.05 4.28 4.04 4.87 5.66 5.77 5.74 5.82 5.76 5.45 4.88 4.40 4.57 4.67 4.06 3.44 3.27
5.51 5.64 6.26 6.92 7.16 7.34 7.47 7.44 7.32 7.37 7.85 7.73 6.78 6.74 7.22 6.98 6.13 5.42 5.85 6.97 8.06 8.70 7.73 6.06 5.94 8.00 9.70 10.05 12.67 14.64 12.39 10.63 8.85 9.60 13.30 12.15 8.68 7.38 7.21 6.33 4.68 4.45 4.81 4.32 3.70 3.42 3.11 2.67 2.31 2.46 3.12 4.04 4.69 5.04 5.40 5.92 6.49 6.77 6.53 6.19 6.51 7.13 6.77 5.91 5.90 5.78 5.30 5.12 4.67 4.08 4.48 5.71 6.25 5.93 5.91 5.98 5.87 5.44 4.76 4.61 4.77 4.54 3.75 3.19
5.14 5.37 6.16 6.74 6.91 7.02 7.03 7.21 7.38 7.39 7.79 7.86 7.05 7.02 7.71 7.65 6.05 4.49 5.61 7.80 9.33 9.12 7.15 5.66 5.17 6.20 8.22 9.65 12.86 15.02 12.95 11.02 9.93 11.11 14.14 12.64 9.31 8.35 7.31 5.41 4.17 4.74 5.11 4.26 3.70 3.54 3.13 2.59 2.21 2.15 2.52 3.28 4.15 4.85 5.19 5.42 5.96 6.72 6.80 6.11 6.13 7.07 7.30 6.47 6.21 6.25 5.63 5.03 4.70 4.29 4.36 5.53 6.48 6.30 6.13 6.15 6.07 5.82 5.30 4.93 4.84 4.83 4.22 3.34
