windninja/windninja_output/Output_2025-10-23_0900-0950_Google earth_Fire_150m_10min/merlingen_7.5mi_point_10-23-2025_0930_150m_vel.asc
ncols	158
nrows	163
xllcorner	391686.332397
yllcorner	5160024.123721
cellsize	150.000000
NODATA_value	-32768.000000
[rows 74 to 110 of 163, columns 0 to 83 of 158]
6.67 6.62 6.28 5.89 5.89 5.94 5.79 5.63 5.40 4.99 4.70 4.55 4.33 4.15 4.10 4.06 4.09 4.11 4.00 3.96 4.02 4.05 4.06 4.00 3.81 3.73 3.88 4.03 4.17 4.26 4.17 4.23 4.49 4.61 4.52 4.41 4.39 4.42 4.46 4.48 4.47 4.47 4.50 4.54 4.58 4.63 4.67 4.72 4.76 4.80 4.83 4.86 4.89 4.90 4.91 4.92 4.92 4.90 4.89 4.86 4.85 4.83 4.80 4.75 4.68 4.61 4.53 4.50 4.53 4.45 4.24 3.96 3.57 3.15 3.15 3.42 3.43 3.02 2.48 2.82 4.68 7.39 8.98 7.28
6.61 6.61 6.36 6.00 5.99 6.17 6.05 5.77 5.55 5.28 5.03 4.83 4.62 4.51 4.45 4.38 4.38 4.37 4.30 4.26 4.21 4.19 4.18 4.12 3.98 3.83 3.88 4.08 4.32 4.49 4.50 4.54 4.70 4.72 4.55 4.47 4.52 4.61 4.68 4.63 4.59 4.62 4.65 4.69 4.73 4.77 4.82 4.86 4.90 4.94 4.98 5.00 5.02 5.04 5.05 5.05 5.04 5.03 5.01 5.00 4.97 4.95 4.91 4.86 4.80 4.75 4.71 4.68 4.65 4.49 4.29 4.09 3.90 3.72 3.71 3.84 3.62 3.05 2.77 3.77 6.45 8.28 7.59 4.47
6.19 6.38 6.45 6.13 6.17 6.46 6.30 5.98 5.81 5.58 5.36 5.15 4.95 4.90 4.82 4.66 4.62 4.62 4.54 4.44 4.40 4.42 4.42 4.38 4.17 3.84 3.91 4.32 4.57 4.66 4.67 4.64 4.62 4.56 4.57 4.60 4.68 4.83 4.86 4.78 4.74 4.75 4.78 4.82 4.86 4.90 4.96 5.01 5.05 5.09 5.13 5.16 5.18 5.19 5.20 5.19 5.18 5.16 5.14 5.13 5.10 5.07 5.04 4.99 4.95 4.90 4.86 4.81 4.72 4.59 4.44 4.29 4.20 4.09 4.01 3.99 3.65 3.16 3.36 5.06 7.10 6.98 5.02 2.75
5.47 5.83 6.30 6.41 6.65 6.79 6.50 6.27 6.19 6.01 5.80 5.48 5.27 5.26 5.11 4.92 4.90 4.91 4.78 4.66 4.64 4.67 4.71 4.64 4.24 3.86 4.19 4.68 4.72 4.63 4.58 4.61 4.63 4.74 5.05 5.06 5.02 5.06 5.03 4.99 4.90 4.87 4.92 4.96 5.00 5.06 5.12 5.16 5.20 5.25 5.30 5.33 5.34 5.35 5.34 5.33 5.32 5.30 5.28 5.25 5.23 5.20 5.17 5.13 5.09 5.04 4.99 4.92 4.83 4.74 4.62 4.50 4.41 4.28 4.15 4.04 3.69 3.36 3.76 5.38 6.31 4.69 2.77 2.31
4.32 4.49 5.74 7.18 7.50 7.22 6.94 6.86 6.96 6.73 6.24 5.76 5.57 5.52 5.38 5.24 5.23 5.18 4.99 4.89 4.89 4.93 5.00 4.78 4.19 4.03 4.62 5.00 4.91 4.69 4.61 4.88 5.08 5.27 5.54 5.50 5.28 5.20 5.21 5.18 4.99 4.94 5.03 5.08 5.13 5.19 5.23 5.30 5.37 5.44 5.49 5.51 5.52 5.51 5.50 5.48 5.46 5.44 5.43 5.40 5.37 5.34 5.30 5.26 5.22 5.17 5.12 5.06 4.98 4.90 4.78 4.65 4.52 4.42 4.27 4.10 3.82 3.62 3.95 4.99 4.94 2.70 1.67 1.88
2.83 2.83 5.05 7.81 9.48 9.15 8.22 7.83 7.99 7.43 6.46 5.94 5.81 5.80 5.72 5.56 5.49 5.38 5.14 5.06 5.10 5.18 5.21 4.85 4.27 4.39 5.09 5.37 5.21 4.92 4.92 5.29 5.49 5.58 5.79 5.78 5.46 5.25 5.34 5.34 5.04 4.94 5.08 5.14 5.16 5.23 5.32 5.42 5.53 5.63 5.70 5.72 5.71 5.69 5.67 5.64 5.61 5.58 5.55 5.53 5.50 5.48 5.44 5.40 5.36 5.31 5.26 5.20 5.13 5.04 4.92 4.76 4.65 4.56 4.40 4.22 4.02 3.89 4.06 4.37 3.48 1.68 1.28 1.60
2.05 2.35 5.03 8.24 11.82 13.35 11.04 9.37 8.93 7.74 6.46 6.00 6.02 6.04 5.95 5.76 5.65 5.51 5.28 5.27 5.34 5.42 5.39 5.04 4.61 4.81 5.50 5.66 5.44 5.23 5.33 5.67 5.83 5.89 6.08 6.02 5.53 5.31 5.50 5.51 5.08 4.87 5.05 5.10 5.15 5.29 5.39 5.51 5.71 5.91 5.98 5.95 5.92 5.88 5.84 5.80 5.76 5.74 5.71 5.69 5.65 5.61 5.58 5.54 5.50 5.45 5.41 5.35 5.27 5.16 5.04 4.90 4.81 4.72 4.57 4.41 4.24 4.05 4.01 3.77 2.66 1.76 1.77 1.83
1.85 2.61 6.63 10.55 14.69 14.13 10.94 9.76 8.96 7.56 6.40 6.00 6.05 6.06 6.05 5.86 5.69 5.59 5.49 5.48 5.57 5.66 5.68 5.38 4.92 5.09 5.73 5.82 5.69 5.68 5.78 6.08 6.18 6.17 6.22 6.01 5.58 5.52 5.69 5.65 5.21 4.87 4.97 5.04 5.13 5.30 5.30 5.44 5.92 6.29 6.32 6.27 6.19 6.08 6.00 5.94 5.90 5.87 5.85 5.83 5.79 5.76 5.72 5.69 5.64 5.59 5.54 5.48 5.40 5.29 5.19 5.07 4.97 4.87 4.73 4.60 4.43 4.21 4.05 3.64 2.89 2.45 2.19 1.90
2.30 4.41 9.63 14.92 15.83 10.85 7.78 7.68 7.39 6.65 5.85 5.63 5.87 6.07 6.11 5.87 5.67 5.73 5.72 5.67 5.81 5.92 5.97 5.66 5.13 5.41 6.05 6.12 6.06 6.05 6.01 6.10 6.00 5.91 5.93 5.86 5.82 5.79 5.86 5.78 5.37 5.07 5.16 5.38 5.56 5.74 5.77 5.97 6.68 7.08 6.91 6.65 6.40 6.26 6.17 6.08 6.04 6.01 5.99 5.97 5.94 5.91 5.87 5.83 5.79 5.75 5.69 5.62 5.53 5.44 5.34 5.23 5.12 5.02 4.91 4.77 4.60 4.38 4.16 3.80 3.25 2.69 2.26 2.33
10.43 11.41 14.02 15.00 12.24 8.08 6.29 5.61 5.24 4.91 4.69 5.12 5.63 5.88 6.02 5.78 5.68 5.92 5.94 5.93 6.11 6.21 6.24 5.96 5.60 5.98 6.50 6.47 6.28 6.17 6.08 5.98 5.80 5.71 5.74 5.83 5.97 5.97 6.01 5.84 5.52 5.48 5.77 6.21 6.57 6.88 7.08 7.44 8.00 8.06 7.56 7.06 6.77 6.51 6.26 6.16 6.16 6.17 6.16 6.13 6.10 6.06 6.02 5.98 5.94 5.88 5.82 5.76 5.68 5.59 5.49 5.40 5.28 5.19 5.09 4.96 4.79 4.56 4.31 3.95 3.37 2.88 2.66 3.54
14.50 13.69 12.32 10.26 8.11 6.70 5.08 3.90 3.64 3.78 4.42 5.08 5.37 5.75 5.96 5.81 5.79 6.09 6.26 6.29 6.46 6.52 6.48 6.44 6.36 6.52 6.72 6.54 6.30 6.33 6.27 6.03 5.77 5.61 5.69 5.93 6.16 6.25 6.14 5.92 5.83 5.95 6.23 6.55 6.82 7.05 7.29 7.73 8.04 7.78 7.28 7.03 6.81 6.40 6.17 6.21 6.27 6.30 6.30 6.28 6.26 6.23 6.19 6.14 6.09 6.03 5.97 5.90 5.82 5.74 5.65 5.55 5.44 5.35 5.25 5.14 4.97 4.77 4.55 4.20 3.76 3.60 3.69 4.99
17.28 13.77 9.39 8.20 7.23 5.88 4.01 3.39 3.81 4.38 5.03 5.22 5.35 5.77 6.01 6.00 5.93 6.32 6.57 6.59 6.76 6.75 6.82 7.09 7.03 6.68 6.51 6.40 6.43 6.57 6.33 6.07 5.81 5.61 5.89 6.26 6.41 6.47 6.41 6.36 6.33 6.31 6.41 6.54 6.66 6.84 7.16 7.58 7.66 7.28 6.83 6.50 6.18 5.98 6.04 6.23 6.40 6.45 6.46 6.45 6.44 6.40 6.35 6.29 6.23 6.17 6.10 6.04 5.97 5.89 5.80 5.70 5.60 5.52 5.44 5.33 5.18 5.00 4.81 4.57 4.39 4.56 5.12 6.81
18.51 14.18 9.30 8.24 7.21 5.82 4.26 4.26 5.14 5.63 5.54 5.25 5.48 5.73 6.06 6.07 5.98 6.44 6.70 6.85 6.93 6.87 7.23 7.85 7.71 6.90 6.51 6.61 6.81 6.66 6.23 6.19 6.11 6.06 6.52 6.77 6.62 6.65 6.82 6.91 6.81 6.63 6.55 6.56 6.69 6.93 7.36 7.74 7.71 7.27 6.67 6.24 6.08 6.03 6.10 6.34 6.54 6.60 6.64 6.68 6.65 6.59 6.52 6.44 6.37 6.31 6.25 6.19 6.11 6.03 5.94 5.86 5.78 5.69 5.61 5.51 5.39 5.27 5.17 5.09 5.13 5.62 6.65 8.72
17.24 13.35 9.62 8.60 7.27 6.25 5.44 5.73 6.60 6.50 5.49 5.25 5.75 5.68 5.94 6.06 5.90 6.44 6.97 7.35 7.29 7.30 8.41 9.69 9.10 7.53 6.88 7.00 6.98 6.60 6.30 6.41 6.44 6.47 6.81 6.90 6.77 6.93 7.24 7.36 7.23 6.93 6.62 6.57 6.74 7.06 7.59 7.89 7.77 7.22 6.61 6.35 6.24 6.18 6.28 6.49 6.66 6.81 6.92 6.93 6.88 6.79 6.68 6.58 6.51 6.44 6.38 6.31 6.25 6.18 6.10 6.02 5.94 5.86 5.79 5.70 5.64 5.58 5.56 5.57 5.76 6.36 7.42 9.15
14.62 12.79 10.42 9.28 7.84 7.07 7.00 6.95 6.82 6.37 5.59 5.86 6.27 5.80 5.92 5.93 5.75 6.60 7.59 8.40 8.43 9.01 11.87 12.94 10.46 7.67 6.87 6.89 6.70 6.50 6.46 6.56 6.61 6.61 6.74 6.88 6.83 6.94 7.27 7.53 7.49 7.18 6.82 6.75 6.89 7.30 7.81 7.99 7.79 7.35 6.95 6.65 6.38 6.44 6.64 6.72 6.89 7.12 7.22 7.25 7.18 7.00 6.84 6.72 6.64 6.57 6.51 6.45 6.39 6.32 6.25 6.18 6.11 6.03 5.97 5.92 5.89 5.87 5.86 5.89 6.06 6.48 7.24 8.74
13.38 13.00 11.50 9.63 8.37 7.69 7.50 7.14 6.31 6.43 7.08 7.09 6.56 5.84 5.53 5.27 5.81 7.18 8.79 10.26 11.11 13.64 15.71 13.49 8.80 6.50 6.21 6.42 6.42 6.48 6.58 6.70 6.77 6.75 6.87 7.10 6.93 6.78 7.02 7.48 7.60 7.35 7.05 6.86 7.03 7.44 7.78 8.02 8.00 7.73 7.47 7.15 7.02 7.13 7.11 6.98 6.99 7.21 7.68 7.91 7.59 7.18 6.95 6.82 6.74 6.68 6.63 6.58 6.52 6.47 6.40 6.33 6.26 6.20 6.15 6.12 6.10 6.09 6.08 6.13 6.28 6.51 6.93 7.82
13.92 12.95 10.78 9.06 8.50 7.94 7.47 7.05 6.45 7.48 8.89 7.96 6.36 5.59 5.06 4.95 6.10 7.88 10.55 13.73 16.60 18.07 15.64 10.11 6.33 5.22 5.53 6.03 6.24 6.43 6.65 6.82 6.87 6.87 7.10 7.35 7.09 6.89 7.07 7.57 7.90 7.64 7.21 6.94 7.09 7.35 7.61 8.11 8.32 8.17 7.99 7.84 7.82 7.70 7.21 6.78 6.78 7.53 8.90 8.98 7.94 7.23 7.00 6.88 6.83 6.79 6.76 6.72 6.67 6.61 6.54 6.47 6.41 6.37 6.33 6.30 6.27 6.26 6.27 6.34 6.48 6.62 6.82 7.36
14.26 12.48 10.18 9.63 9.74 9.06 8.27 7.81 7.49 8.77 9.88 8.22 6.15 5.57 5.43 5.68 6.61 8.24 11.86 17.79 20.35 17.64 11.03 6.76 4.76 4.31 4.94 5.61 6.02 6.37 6.69 6.90 7.04 7.11 7.36 7.60 7.41 7.34 7.46 7.70 7.98 7.79 7.49 7.31 7.25 7.28 7.54 8.12 8.56 8.72 8.63 8.50 8.38 7.98 7.14 6.75 7.61 9.26 10.44 9.62 7.86 7.08 6.93 6.90 6.90 6.89 6.88 6.85 6.80 6.74 6.67 6.61 6.57 6.53 6.50 6.46 6.44 6.44 6.46 6.54 6.65 6.75 6.97 7.46
14.58 13.13 11.57 11.57 11.87 11.76 11.78 11.55 10.43 10.25 10.37 8.50 6.51 6.02 5.98 6.68 7.84 9.73 15.03 20.54 19.29 11.21 6.20 4.07 3.23 3.39 4.42 5.32 5.93 6.42 6.73 7.06 7.40 7.54 7.69 7.84 7.75 7.72 7.78 7.71 7.60 7.63 7.78 7.71 7.44 7.23 7.36 7.91 8.69 9.27 9.30 9.17 8.88 8.19 7.36 7.75 9.56 10.63 10.29 8.75 7.23 6.74 6.78 6.90 6.95 6.99 7.01 6.98 6.93 6.86 6.80 6.76 6.73 6.68 6.64 6.61 6.59 6.60 6.63 6.69 6.76 6.87 7.11 7.44
15.73 14.66 13.37 13.36 14.19 14.73 14.70 14.18 12.92 11.80 11.80 11.04 9.95 9.95 9.69 10.26 12.31 15.40 19.59 19.57 13.34 5.08 2.98 2.29 2.27 3.00 4.35 5.35 5.99 6.46 6.76 7.34 7.95 8.05 7.96 7.96 7.99 8.04 8.08 7.80 7.30 7.27 7.87 8.06 7.54 7.15 7.27 7.89 8.94 9.69 10.30 10.47 9.45 8.32 7.80 8.48 9.81 9.72 8.71 7.71 6.82 6.43 6.58 6.85 7.00 7.11 7.14 7.09 7.02 6.98 6.95 6.93 6.87 6.82 6.77 6.75 6.73 6.75 6.77 6.80 6.86 6.95 7.10 7.30
17.54 16.14 14.31 14.43 15.58 15.30 13.62 11.86 10.94 12.01 13.06 12.95 12.79 12.85 12.87 13.66 15.03 16.91 17.94 12.95 5.79 2.16 1.08 1.18 1.82 3.22 4.63 5.44 5.96 6.34 6.81 7.90 8.82 8.64 8.14 8.08 8.29 8.43 8.43 8.09 7.47 7.20 7.89 8.40 7.79 7.51 7.73 8.32 9.41 10.43 12.03 12.18 9.56 8.17 8.09 8.43 9.02 8.82 8.12 7.58 7.03 6.45 6.49 6.88 7.13 7.25 7.23 7.17 7.15 7.14 7.12 7.07 6.99 6.93 6.90 6.88 6.88 6.88 6.88 6.90 6.94 7.01 7.10 7.24
19.13 17.29 15.02 15.24 15.88 14.20 11.26 8.89 8.55 10.41 11.78 10.92 9.35 7.44 7.96 10.06 11.51 12.42 13.51 8.69 3.44 3.06 2.47 2.02 2.55 3.91 4.85 5.47 5.90 6.34 7.43 9.09 9.78 9.01 8.15 8.22 8.65 8.80 8.73 8.48 7.95 7.58 8.05 8.62 8.52 8.57 8.89 9.56 10.76 12.49 13.83 12.29 8.80 7.71 8.09 8.42 8.74 8.70 8.19 7.75 7.34 6.70 6.68 7.11 7.31 7.34 7.30 7.31 7.34 7.34 7.28 7.17 7.08 7.04 7.03 7.02 7.01 7.00 6.99 7.00 7.01 7.04 7.09 7.14
20.12 18.77 16.66 15.99 15.35 12.65 9.91 7.99 7.38 7.84 8.48 8.17 6.03 5.03 5.70 7.89 9.16 11.88 12.61 6.96 5.39 5.87 4.99 3.96 4.09 4.72 5.13 5.64 6.12 7.02 8.83 9.99 9.86 8.86 8.11 8.43 8.97 9.13 9.10 8.92 8.51 8.07 8.21 8.91 9.51 9.81 10.47 11.62 13.05 13.91 12.84 10.11 7.89 7.33 7.99 8.52 8.58 8.48 8.08 7.80 7.48 6.99 7.05 7.36 7.43 7.42 7.45 7.52 7.56 7.49 7.34 7.23 7.18 7.17 7.18 7.16 7.14 7.12 7.09 7.09 7.09 7.08 7.09 7.09
21.97 20.66 17.96 15.50 13.57 11.48 9.48 7.92 7.14 6.72 6.69 5.61 4.18 4.67 6.14 8.07 9.79 11.94 11.89 8.69 7.63 7.31 7.51 6.80 5.90 5.48 5.46 5.87 6.66 7.92 9.32 9.68 9.39 8.87 8.42 8.71 9.28 9.62 9.62 9.42 9.15 8.63 8.43 9.26 10.15 10.41 11.19 12.40 12.99 12.03 9.84 8.62 7.93 7.41 7.95 8.48 8.47 8.29 8.02 7.83 7.49 7.25 7.39 7.58 7.62 7.63 7.69 7.74 7.70 7.54 7.38 7.33 7.32 7.32 7.31 7.29 7.26 7.23 7.21 7.18 7.15 7.13 7.11 7.07
24.65 22.17 17.47 13.88 12.17 11.31 9.70 8.44 7.71 6.82 6.11 5.16 4.07 4.34 6.35 8.62 10.43 10.82 9.19 9.18 8.85 8.30 9.84 9.86 7.68 5.61 5.36 6.06 7.03 8.20 9.18 9.43 9.47 9.37 9.04 9.19 9.85 10.36 10.30 10.00 9.75 9.22 8.87 9.39 10.04 10.31 11.12 12.02 11.65 10.34 9.10 8.73 8.38 7.91 8.14 8.56 8.70 8.50 8.18 7.87 7.51 7.48 7.73 7.86 7.85 7.86 7.89 7.85 7.73 7.57 7.48 7.47 7.47 7.45 7.44 7.41 7.37 7.35 7.31 7.28 7.24 7.19 7.14 7.08
26.20 21.95 16.10 13.15 11.62 10.67 9.36 8.91 8.41 7.27 6.52 5.65 4.56 4.64 6.35 8.79 10.13 9.27 8.24 8.43 8.86 10.50 13.16 11.78 6.86 4.33 5.03 6.21 7.12 8.25 9.32 9.67 9.86 9.98 9.87 10.15 10.78 11.22 11.09 10.66 10.28 9.90 9.53 9.49 9.99 10.76 11.45 11.67 11.10 10.17 9.65 9.25 8.79 8.63 8.71 8.92 8.93 8.77 8.43 7.99 7.71 7.79 8.10 8.16 8.13 8.12 8.07 7.95 7.78 7.66 7.61 7.59 7.58 7.56 7.56 7.54 7.51 7.48 7.43 7.39 7.33 7.27 7.20 7.11
23.37 19.98 15.49 13.32 11.42 10.12 9.20 8.77 8.48 7.67 7.23 6.43 5.53 5.66 6.64 8.64 9.85 8.22 6.95 7.27 9.56 13.89 14.27 8.56 4.44 4.35 5.59 6.61 7.32 8.44 9.64 10.24 10.53 10.85 11.00 11.26 11.60 11.85 12.03 11.59 10.97 10.67 10.16 9.79 10.30 11.14 11.43 11.32 10.91 10.39 10.20 9.73 9.25 9.34 9.42 9.30 8.91 9.02 8.95 8.31 8.00 8.09 8.35 8.53 8.61 8.46 8.33 8.09 7.79 7.70 7.68 7.69 7.69 7.70 7.70 7.68 7.64 7.61 7.57 7.51 7.44 7.37 7.27 7.17
19.56 17.45 14.90 13.13 10.94 9.85 9.43 8.89 8.24 7.69 7.40 6.67 5.91 6.20 7.09 8.41 9.42 8.06 6.20 8.73 13.64 14.96 11.13 7.61 6.26 5.87 6.59 7.32 7.80 8.78 10.20 11.24 11.71 12.14 12.23 12.07 12.09 12.50 13.16 12.74 11.65 11.15 10.66 10.25 10.36 10.78 11.19 11.25 10.93 10.72 10.54 10.07 9.66 9.65 9.80 9.45 9.04 9.50 9.42 8.56 8.13 8.16 8.51 8.99 9.15 8.85 8.55 8.07 7.61 7.58 7.73 7.84 7.86 7.85 7.83 7.81 7.79 7.76 7.70 7.64 7.57 7.47 7.37 7.25
16.64 15.40 13.66 12.21 10.54 9.59 9.37 9.01 8.30 7.65 7.29 6.74 5.79 5.57 6.50 8.20 9.49 8.92 8.07 11.51 14.59 11.20 8.78 8.42 7.66 7.25 7.56 8.08 8.45 9.42 11.08 12.49 13.13 13.47 13.36 12.89 12.86 13.62 14.31 13.61 12.11 11.35 11.14 10.83 10.69 11.15 11.76 11.73 11.28 10.95 10.53 10.28 10.07 9.93 10.10 9.74 9.62 9.82 9.49 8.99 8.59 8.54 8.88 9.29 9.47 9.07 8.45 7.77 7.24 7.35 7.90 8.17 8.04 7.93 7.95 7.94 7.95 7.93 7.88 7.80 7.70 7.60 7.48 7.34
14.44 13.62 12.23 11.19 10.19 9.43 9.11 8.84 8.43 7.74 7.26 6.92 5.88 5.44 6.43 8.25 10.03 9.76 9.50 12.19 12.65 10.20 9.46 9.23 8.64 8.50 8.85 8.94 9.23 10.58 12.12 13.39 14.37 14.66 14.55 14.24 14.16 14.64 14.86 14.08 12.63 11.80 11.71 11.51 11.39 11.64 11.94 11.75 11.11 10.67 10.47 10.59 10.59 10.44 10.59 10.29 10.02 9.86 9.67 9.65 9.39 9.09 9.03 9.36 9.69 9.17 8.25 7.49 6.97 7.24 8.22 8.56 8.13 7.96 8.04 8.07 8.13 8.13 8.07 7.96 7.87 7.75 7.61 7.45
12.61 11.97 10.89 10.32 9.80 9.28 8.93 8.56 8.46 8.11 7.50 7.21 6.60 6.48 7.09 8.18 10.05 10.13 9.74 10.87 11.22 10.89 10.52 9.98 9.36 9.56 10.34 10.41 10.58 12.14 13.09 13.94 15.38 15.88 15.84 15.93 15.67 15.38 15.24 14.68 13.60 12.67 12.33 12.24 11.99 11.70 11.68 11.44 10.76 10.55 10.80 11.00 11.05 10.94 10.82 10.50 10.17 9.98 10.03 10.05 9.64 9.04 8.88 9.50 9.74 9.15 8.28 7.46 6.96 7.37 8.35 8.60 8.16 7.86 7.93 8.24 8.46 8.43 8.28 8.15 8.08 7.94 7.77 7.56
10.83 10.36 9.57 9.43 9.42 9.11 8.78 8.27 8.38 8.65 8.12 7.75 7.62 7.34 7.46 8.18 9.38 9.79 9.53 9.90 10.10 10.45 10.86 10.37 9.98 10.40 11.54 11.93 12.31 13.73 14.19 15.09 16.29 16.71 17.13 18.00 17.86 16.83 16.35 15.80 14.86 13.56 13.03 13.07 12.57 12.05 11.89 11.55 11.06 11.09 11.52 11.58 11.42 11.23 10.96 10.59 10.26 10.11 10.21 10.18 9.63 9.03 9.10 9.60 9.51 9.10 8.49 7.54 7.00 7.48 8.15 8.33 8.33 7.95 8.09 8.78 8.99 8.59 8.29 8.40 8.42 8.22 7.93 7.67
9.08 8.79 8.35 8.56 9.00 8.89 8.52 8.09 8.41 9.16 8.88 8.50 8.33 7.76 7.72 7.97 8.58 9.01 8.71 8.79 9.47 10.45 10.31 9.98 10.54 11.10 12.15 13.12 14.45 15.58 16.24 16.95 16.55 16.60 18.88 21.33 20.87 18.74 17.47 16.61 15.50 14.19 13.96 13.88 13.10 12.62 12.20 11.79 11.56 11.65 12.08 12.01 11.53 11.32 11.17 10.75 10.34 10.16 10.24 10.19 9.69 9.37 9.55 9.72 9.50 9.20 8.69 7.62 6.97 7.35 7.89 8.16 8.58 8.66 8.90 9.51 9.37 8.55 8.40 9.00 9.10 8.55 8.03 7.74
7.49 7.35 7.32 7.79 8.48 8.71 8.54 8.30 8.69 9.80 9.94 9.34 8.40 7.62 7.74 7.60 7.93 8.17 7.71 7.81 9.13 10.82 9.85 8.78 10.18 11.65 12.37 13.60 16.45 18.22 18.46 17.87 15.25 16.19 22.21 25.38 23.12 19.16 17.71 17.31 15.98 15.02 15.04 14.65 13.96 13.52 12.85 12.46 12.18 11.89 11.99 11.86 11.38 11.26 11.17 10.84 10.45 10.29 10.27 10.08 9.91 9.91 9.91 9.86 9.70 9.20 8.68 7.82 6.99 7.05 7.76 8.33 8.90 9.32 9.50 9.76 9.55 8.96 9.04 9.66 9.63 8.74 8.07 7.79
6.32 6.19 6.51 7.48 8.34 8.94 9.50 9.48 9.82 10.20 9.90 8.87 7.41 7.23 7.91 7.83 7.72 7.34 6.87 7.28 9.10 11.19 10.09 7.90 8.81 11.29 12.57 13.18 17.51 21.05 19.59 17.86 14.45 17.00 26.39 27.74 22.59 18.71 18.86 19.00 16.84 15.71 16.11 15.82 14.96 14.31 13.77 13.32 12.65 12.06 11.89 11.75 11.43 11.22 11.05 10.80 10.59 10.46 10.42 10.17 10.15 10.46 10.30 9.83 9.58 9.04 8.52 8.04 7.23 6.95 7.58 8.59 9.35 9.71 9.93 10.09 10.04 9.72 9.40 9.56 9.57 8.93 8.23 7.79
5.50 5.50 6.54 8.33 9.59 10.25 10.18 9.62 9.34 8.97 8.82 8.35 7.10 7.34 8.54 8.81 7.87 6.17 6.05 7.78 10.19 11.55 10.01 7.63 7.50 10.10 12.32 12.97 18.09 22.74 20.24 18.13 16.06 19.38 28.65 27.58 21.36 20.19 21.69 20.03 15.92 15.64 17.32 16.68 15.37 15.06 14.69 13.64 12.66 12.26 12.19 12.09 11.77 11.31 10.97 10.78 10.66 10.79 10.90 10.47 10.25 10.84 10.62 9.49 9.21 9.07 8.55 8.25 7.61 6.93 7.17 8.73 10.06 10.22 10.35 10.48 10.49 10.06 9.30 9.27 9.49 9.35 8.59 7.78
5.64 5.91 7.69 9.38 9.93 9.67 8.74 8.17 8.14 8.15 8.53 8.41 7.41 7.79 9.47 10.15 8.06 4.68 5.12 8.43 11.52 12.18 9.70 7.58 7.30 8.97 11.31 13.03 18.83 23.40 21.17 18.86 17.78 21.82 29.93 28.58 23.75 24.06 22.90 18.13 14.88 16.90 18.57 16.83 15.78 15.97 15.14 13.63 12.84 12.67 12.52 12.26 11.69 11.23 11.11 10.93 10.68 11.08 11.34 10.49 10.10 10.72 10.44 9.15 8.94 9.26 8.99 8.50 7.80 7.06 7.31 9.14 10.73 10.63 10.51 10.63 10.50 10.01 9.43 9.40 9.56 9.72 8.94 7.73
