windninja/windninja_output/Output_2025-08-09_0400-0450_Google earth_Fire_150m_10min/merlingen_7.5mi_point_08-09-2025_0450_150m_ang.asc
ncols	158
nrows	163
xllcorner	391686.332397
yllcorner	5160024.123721
cellsize	150.000000
NODATA_value	-32768.000000
[rows 0 to 41 of 163, columns 0 to 93 of 158]
242 243 243 242 243 246 246 242 242 244 243 237 229 227 233 243 253 258 260 267 270 254 242 242 248 254 254 248 246 247 247 247 249 248 247 252 257 258 259 257 252 251 252 253 256 258 262 263 258 251 248 246 245 246 246 246 245 246 247 248 246 243 242 241 238 235 236 240 245 247 246 244 242 240 240 241 242 244 246 246 244 241 241 244 246 245 240 239 240 238 236 237 235 233
242 243 244 244 245 246 245 245 247 247 244 237 228 228 234 242 249 253 258 262 263 254 245 244 247 250 250 249 249 248 248 249 249 248 249 252 253 254 254 253 251 251 250 251 253 254 255 257 256 254 251 250 249 248 247 246 245 245 246 247 246 244 243 242 239 238 239 242 245 246 245 243 242 241 241 241 241 243 245 244 242 241 242 243 244 244 241 240 240 239 239 239 238 237
240 243 244 244 247 246 244 246 249 249 243 233 227 230 237 243 246 248 252 254 253 252 251 248 247 246 246 248 249 249 249 250 250 250 251 251 249 249 249 249 249 250 249 250 250 249 249 248 249 251 251 250 249 248 247 246 246 245 245 244 244 244 243 242 241 241 242 244 245 245 243 242 242 243 243 241 239 242 243 241 238 239 242 241 242 243 239 238 238 239 242 242 240 239
237 240 241 242 245 243 242 243 244 243 237 228 227 233 240 246 247 247 248 249 248 249 250 249 247 244 242 243 243 244 246 247 249 251 250 249 249 248 248 248 247 247 248 249 248 247 247 245 243 243 245 244 244 244 245 245 246 246 245 244 243 242 242 242 241 241 242 244 246 244 241 242 243 244 243 242 241 242 243 239 235 237 240 239 242 243 237 234 234 234 236 239 238 236
237 239 240 240 242 242 242 245 245 241 234 227 227 235 244 248 248 248 248 247 247 250 250 249 247 244 240 238 237 238 239 241 244 247 248 247 247 247 247 247 245 245 246 246 245 245 244 243 242 242 241 241 242 243 244 244 245 246 245 245 244 242 242 242 242 242 242 245 246 243 241 243 244 244 243 243 245 246 243 239 236 238 240 239 241 243 239 235 234 231 231 233 234 232
240 242 242 241 242 242 245 248 246 241 236 232 230 238 248 250 249 248 248 248 249 252 254 253 251 247 243 239 237 236 237 238 240 241 241 243 244 244 244 244 243 244 245 245 244 244 243 243 243 241 240 240 242 243 244 244 245 245 245 244 243 241 241 241 241 241 242 244 245 241 240 242 244 243 240 241 244 246 244 239 238 242 243 241 241 243 242 241 241 236 232 232 230 227
243 245 246 245 244 244 246 247 245 241 238 236 235 242 250 251 249 246 246 246 248 251 254 257 257 253 248 245 242 239 238 240 240 238 238 239 240 241 241 241 242 244 245 246 246 245 244 243 242 240 239 239 240 242 243 245 245 245 244 243 242 239 238 239 240 240 241 244 244 239 237 239 241 239 237 238 240 241 238 236 239 242 243 242 242 243 244 245 249 248 244 241 236 233
243 245 247 249 249 248 248 247 244 243 241 239 238 243 250 251 249 246 245 244 246 248 249 253 257 255 251 249 245 242 243 244 243 241 241 241 241 241 242 242 243 244 245 246 246 246 245 244 243 240 240 241 240 240 242 244 244 244 244 242 240 237 235 236 237 238 241 243 242 239 237 239 239 236 236 238 240 240 234 234 241 244 241 240 240 241 242 243 246 250 253 252 249 245
243 244 247 249 252 252 251 248 246 245 245 244 242 244 249 249 248 247 246 245 246 247 246 247 250 252 251 249 246 246 248 248 245 244 246 246 245 244 244 245 245 246 247 247 247 246 245 245 244 240 241 242 241 240 243 244 244 243 243 242 241 239 237 236 236 238 241 241 240 237 239 242 241 238 237 239 241 239 234 236 244 246 243 238 237 236 237 237 237 237 239 242 244 243
244 245 247 248 249 250 250 249 247 247 247 247 247 248 250 249 248 248 246 245 245 245 245 243 243 245 247 247 246 247 250 249 246 247 248 247 246 245 245 246 246 247 247 247 247 247 246 246 245 242 243 243 242 243 246 246 245 244 244 243 243 244 243 241 242 243 242 241 237 236 240 243 242 240 239 239 241 239 234 237 242 244 243 241 241 239 237 237 234 229 229 232 236 235
245 246 247 247 248 248 248 248 248 247 248 249 249 252 253 252 250 249 248 247 246 244 243 242 240 239 239 242 244 247 250 249 248 250 250 247 246 245 246 246 245 246 246 246 247 248 248 247 246 245 248 248 246 248 250 250 249 249 249 247 248 249 249 250 253 251 248 243 238 238 241 243 241 239 238 239 242 242 239 238 239 239 240 241 245 245 243 244 240 232 232 237 238 234
246 246 247 247 247 248 248 248 248 248 248 249 250 252 255 255 253 251 250 251 249 247 244 241 239 237 236 241 246 249 250 250 251 252 251 249 247 246 247 246 246 246 245 244 246 247 247 248 249 251 256 257 256 258 259 257 255 254 253 253 255 257 259 264 265 262 257 249 242 242 243 242 240 237 235 235 237 239 239 239 238 237 236 237 240 241 242 246 242 232 237 243 242 238
246 247 247 247 247 248 249 249 248 248 249 249 249 251 256 258 258 255 252 252 252 250 247 244 241 239 238 243 248 250 251 251 251 252 250 249 249 249 248 247 246 246 244 243 244 244 243 245 250 255 260 262 263 265 267 266 262 257 254 255 259 263 268 275 277 273 268 261 254 249 246 242 241 237 233 232 233 234 234 234 236 237 236 237 238 236 239 244 238 229 238 244 243 241
247 247 248 248 248 248 248 248 249 249 249 250 249 249 254 260 262 261 257 254 253 251 250 247 244 241 240 243 246 248 250 252 253 251 249 249 250 250 249 248 248 248 246 247 249 248 244 242 246 252 257 259 261 263 267 270 269 262 253 252 256 260 264 270 275 276 275 277 277 266 252 247 245 241 236 236 238 239 237 235 238 240 240 241 240 237 241 243 238 234 241 247 246 246
247 248 248 248 249 249 249 248 249 249 250 250 249 248 251 256 260 262 262 258 255 252 250 247 245 243 242 243 245 246 249 252 253 251 249 249 248 248 248 249 251 250 251 255 256 253 251 246 243 244 248 251 251 254 257 261 263 259 249 247 251 254 256 256 257 262 268 274 284 289 272 256 250 245 241 243 246 246 244 245 248 247 246 246 243 242 245 245 240 240 249 254 253 253
248 248 248 249 249 249 249 249 249 249 250 250 250 249 250 253 255 256 258 258 255 251 249 246 245 244 243 242 243 244 247 248 247 247 249 250 251 251 250 252 253 251 250 253 252 249 250 251 247 242 242 241 240 242 243 244 246 245 242 245 249 251 251 247 244 249 255 260 268 285 293 274 260 251 246 247 248 247 248 252 253 251 251 250 248 247 248 248 245 244 250 255 255 255
248 248 249 249 249 249 249 250 250 250 250 250 251 252 254 255 253 251 251 253 252 250 247 245 245 244 242 241 242 243 246 246 244 246 249 253 255 254 251 250 249 247 246 246 244 243 244 244 246 247 243 239 237 238 238 238 239 238 237 243 248 250 249 243 242 246 250 253 256 261 278 284 274 264 255 250 247 247 251 252 250 248 251 251 251 252 251 251 253 252 249 249 249 250
248 248 249 249 249 249 249 250 250 250 251 251 252 253 257 259 256 253 250 250 249 249 248 247 247 245 243 243 244 245 246 245 243 243 246 248 250 249 246 245 244 244 245 245 243 243 243 240 241 245 246 242 240 239 239 238 238 237 235 240 246 247 245 241 242 246 248 250 251 251 257 267 272 272 267 256 250 251 253 252 249 250 251 250 250 252 252 251 255 258 255 249 246 246
249 249 249 249 249 250 250 250 250 250 250 251 252 254 256 259 258 255 253 251 250 249 249 249 249 247 246 246 247 248 247 243 240 240 242 244 245 245 244 245 245 245 245 244 243 244 245 243 242 243 245 245 243 240 239 239 238 238 237 240 244 245 242 241 243 246 248 248 247 249 251 250 255 261 264 264 262 260 258 255 255 256 254 250 246 246 246 247 251 255 257 252 248 247
249 249 249 249 249 250 250 250 251 250 250 251 252 253 254 256 257 255 253 251 250 249 249 248 248 247 246 246 246 246 244 240 239 241 244 246 247 246 244 244 243 242 242 241 241 243 244 244 243 245 245 246 245 243 240 238 237 238 239 241 243 245 244 244 245 248 248 246 245 247 246 242 244 247 249 252 257 259 258 257 257 257 255 250 245 244 243 244 248 252 252 249 249 249
250 250 250 250 250 250 250 251 251 251 251 251 251 252 252 253 253 253 251 250 249 248 247 246 246 246 245 244 244 242 239 236 237 240 242 243 243 242 239 239 238 239 240 240 241 243 244 243 243 244 245 245 245 245 244 241 239 238 239 240 241 244 246 246 246 248 247 246 247 246 241 238 241 245 244 239 238 242 247 251 253 253 251 249 246 245 244 244 248 251 250 243 245 248
250 250 250 250 250 251 250 250 251 251 251 251 251 251 251 251 251 250 250 248 247 247 246 245 245 244 243 242 242 241 237 234 235 238 238 238 238 238 236 236 236 237 238 240 243 244 244 243 242 242 243 243 244 245 245 245 243 241 239 238 239 242 246 245 246 248 247 247 247 243 238 236 240 246 246 236 229 233 237 242 246 247 248 249 246 244 242 243 248 250 246 236 238 244
250 250 250 250 251 251 251 250 250 251 251 250 250 250 250 250 249 249 248 247 246 245 245 244 243 242 241 240 240 239 236 232 235 238 239 240 240 238 237 237 236 236 238 240 243 244 243 241 240 241 243 243 243 243 244 244 244 243 239 237 238 242 245 246 247 248 246 245 243 237 234 235 239 244 244 234 226 230 234 237 238 239 243 246 245 244 241 243 247 247 242 229 232 242
251 250 250 251 251 251 251 251 251 251 251 250 249 249 249 249 248 248 247 246 245 244 243 242 241 240 239 239 240 240 238 235 238 240 241 242 243 241 240 238 237 237 237 239 242 242 240 239 240 241 243 243 243 243 243 243 243 243 238 237 239 243 247 250 251 248 244 243 239 236 234 236 242 245 241 231 225 233 237 236 235 235 238 241 243 245 245 246 247 246 240 227 232 243
251 251 251 251 251 251 251 251 251 251 251 250 250 249 248 248 248 247 246 245 244 243 241 240 239 238 237 238 242 244 242 241 242 242 241 241 241 242 242 240 238 237 236 238 241 239 237 239 240 242 243 243 243 243 242 241 242 241 238 238 241 245 250 253 252 249 245 242 239 238 239 242 247 246 238 230 231 241 242 238 236 234 233 234 238 244 248 249 250 248 238 225 233 242
251 251 252 252 252 251 251 251 251 251 250 250 250 249 248 247 247 246 245 244 243 242 241 239 237 234 233 236 242 244 244 244 245 242 240 238 238 241 243 242 239 238 238 241 241 237 236 239 240 240 242 243 245 245 244 241 238 237 238 241 245 250 252 250 244 241 239 236 235 238 243 249 251 245 234 225 233 246 248 241 238 234 230 230 234 237 239 242 249 249 237 222 230 239
252 252 252 252 252 252 251 252 252 251 250 250 249 249 248 247 246 245 244 243 242 241 240 237 234 230 228 233 239 241 242 245 248 247 242 237 235 239 242 241 239 239 240 242 240 234 234 237 238 239 238 241 244 246 246 239 233 234 238 242 251 258 256 248 240 235 231 229 231 237 246 252 251 243 229 220 231 242 249 248 243 237 232 230 233 233 230 232 242 245 237 222 228 235
252 252 252 252 252 252 252 252 252 250 250 249 249 249 248 247 246 245 243 242 242 240 238 235 231 226 225 231 235 236 238 243 247 248 247 241 237 240 242 240 238 240 241 240 236 230 230 233 237 237 234 236 239 242 243 233 225 231 237 243 252 258 256 248 241 236 229 226 231 240 248 250 246 239 226 217 229 240 244 248 249 243 238 237 238 235 229 229 237 240 236 228 229 234
252 252 252 252 252 252 252 252 251 250 250 249 248 248 247 246 245 244 243 242 240 239 237 234 230 224 223 228 230 229 232 238 241 243 244 241 238 240 242 238 235 237 236 236 233 228 228 231 234 235 230 232 236 239 238 225 217 229 239 247 253 252 247 241 238 235 228 227 236 245 249 246 239 233 224 220 231 241 244 246 252 249 245 245 245 241 235 235 239 238 236 233 235 238
253 253 253 253 253 253 253 252 251 250 250 249 248 247 246 246 244 243 242 241 240 238 236 233 229 224 223 226 225 223 226 231 234 237 237 231 228 235 238 234 231 231 229 230 229 225 227 229 232 230 225 228 232 234 232 221 215 230 242 251 256 251 242 237 236 235 229 229 242 251 252 245 236 231 224 224 233 241 245 248 253 254 251 250 249 245 242 242 241 238 235 236 239 245
253 253 253 253 253 253 253 252 251 250 249 248 247 247 246 245 244 242 241 241 239 237 235 233 229 225 225 226 225 223 227 231 232 235 233 222 221 231 236 232 229 228 225 227 226 223 227 230 232 229 225 227 231 233 231 221 221 236 247 253 254 249 241 238 238 238 232 235 248 255 255 247 239 233 225 224 228 235 242 247 250 251 253 252 248 244 243 243 241 238 235 237 241 251
254 254 253 253 253 253 252 251 251 250 249 248 247 246 245 244 243 242 241 240 238 236 234 232 229 226 226 225 224 226 232 235 235 237 234 220 221 233 236 232 230 229 228 230 228 227 231 236 237 235 235 235 235 236 233 223 226 240 251 255 251 242 235 236 241 242 236 238 249 255 253 245 242 236 226 224 225 231 239 243 244 241 246 251 251 250 248 246 244 242 241 240 242 250
254 254 254 254 254 253 252 251 250 249 248 247 246 245 244 243 242 241 241 240 238 236 234 232 230 228 225 221 218 221 228 232 235 238 238 225 224 237 238 234 233 232 232 234 233 233 238 240 239 240 242 241 240 239 234 225 228 238 247 253 250 237 227 232 241 244 240 240 247 250 246 241 240 235 226 223 223 228 236 242 240 236 241 249 252 253 253 250 247 246 246 244 244 249
254 254 254 254 255 253 252 251 250 249 248 247 246 244 243 242 241 240 239 239 238 236 234 232 230 227 224 219 214 217 226 231 233 237 238 229 225 236 236 233 234 232 232 235 235 238 242 241 240 242 243 243 244 243 238 233 234 239 243 246 245 234 221 227 238 242 243 245 248 247 242 238 237 231 224 222 222 226 233 236 234 232 238 245 247 246 247 247 244 242 243 245 247 251
255 254 254 255 254 253 251 250 249 248 247 246 245 244 242 241 240 240 238 237 237 236 234 233 231 227 223 219 216 222 232 235 234 236 237 230 222 232 233 231 232 232 234 237 239 244 245 243 243 245 245 245 246 245 243 243 244 245 244 244 242 233 219 224 235 240 243 248 253 251 243 238 236 231 227 225 225 229 233 233 231 229 233 240 243 241 241 242 241 239 239 242 246 252
255 255 254 254 254 252 250 249 248 247 246 245 244 243 242 241 240 239 238 237 237 236 234 234 232 229 225 221 220 228 237 238 236 237 236 229 222 227 232 232 233 234 237 239 241 244 244 242 243 243 243 243 244 243 244 245 246 248 248 248 245 239 225 224 233 237 241 246 255 256 247 241 238 234 232 230 230 237 241 239 234 230 231 238 242 242 240 239 237 236 238 241 245 251
256 256 255 255 253 251 249 248 247 246 245 244 243 242 241 240 239 238 237 237 236 236 235 234 232 230 226 222 223 233 239 238 238 239 238 232 224 225 231 234 235 236 238 238 241 242 240 241 242 242 242 241 240 240 241 242 242 243 245 247 247 243 232 227 231 236 240 245 251 251 246 245 244 240 236 231 230 234 242 247 242 235 234 236 241 245 242 237 236 236 238 241 245 249
256 256 256 255 252 250 248 247 246 245 244 242 241 241 240 239 238 238 237 236 236 235 234 234 232 230 226 222 224 234 236 236 239 240 239 233 226 226 232 235 235 237 238 238 240 240 238 239 239 240 242 241 238 239 241 240 238 238 240 243 245 242 236 229 231 239 244 248 247 241 238 242 245 241 233 230 229 226 234 242 242 237 235 234 239 243 239 234 237 239 240 242 246 251
256 256 255 253 251 249 247 246 245 244 243 241 240 240 239 238 238 237 236 236 236 235 234 234 232 230 227 223 227 235 236 237 239 239 238 231 224 228 234 234 234 235 236 237 237 237 236 234 232 235 238 237 234 236 239 238 234 233 234 236 237 235 232 228 229 240 249 252 246 235 235 239 240 234 226 230 230 217 227 236 235 233 233 235 241 242 235 230 236 238 239 242 251 256
256 256 254 252 249 248 246 245 244 243 241 240 239 239 238 238 237 237 236 236 235 235 234 234 233 231 229 228 233 239 240 240 239 238 236 227 221 226 231 232 234 236 237 235 234 234 235 232 229 232 236 235 229 229 232 230 225 225 228 229 229 228 228 229 229 238 250 252 243 236 239 241 239 230 224 232 230 207 217 229 228 227 233 239 245 244 238 231 232 235 235 243 254 256
256 255 253 250 248 246 244 244 243 241 240 239 238 238 238 237 236 236 236 236 235 235 234 234 234 233 232 233 236 240 243 242 240 239 233 225 222 225 228 230 232 234 235 233 232 233 232 229 227 230 235 235 227 225 228 227 221 222 227 229 227 226 228 232 232 237 247 248 241 240 243 243 240 230 226 235 228 200 208 224 224 223 230 239 244 246 242 233 231 233 234 243 251 253
254 254 251 248 246 245 243 242 242 240 239 239 238 237 237 236 236 236 236 235 235 235 234 234 234 234 234 235 236 239 243 242 239 236 229 223 225 229 230 229 228 229 229 229 230 229 226 224 222 226 234 234 228 226 231 231 228 227 232 235 232 228 229 232 233 236 242 242 240 239 238 237 237 228 228 236 223 198 204 221 225 224 228 235 240 241 236 229 230 234 237 243 246 248
