windninja/windninja_output/Output_2025-08-09_0400-0450_Google earth_Fire_150m_10min/merlingen_7.5mi_point_08-09-2025_0420_150m_ang.asc
ncols	158
nrows	163
xllcorner	391686.332397
yllcorner	5160024.123721
cellsize	150.000000
NODATA_value	-32768.000000
[rows 42 to 83 of 163, columns 0 to 94 of 158]
222 222 222 222 223 223 223 224 225 224 225 225 226 226 227 228 228 229 230 230 231 231 231 233 233 234 235 236 238 242 245 244 243 238 231 227 230 235 236 235 235 235 234 235 237 234 233 233 235 240 248 248 244 242 246 246 242 241 244 245 243 240 242 241 241 247 251 251 250 245 239 242 246 244 252 255 239 212 217 233 240 242 247 253 258 256 247 243 250 257 261 259 256 258 262
224 224 223 223 223 223 224 224 225 225 225 225 226 227 227 228 228 229 230 231 231 231 232 233 233 234 235 237 239 242 244 243 241 236 231 228 232 236 235 235 237 238 239 241 238 234 234 237 241 247 252 249 241 238 242 244 242 240 242 246 247 249 250 247 246 249 251 251 245 234 231 236 239 240 247 246 226 208 215 233 242 246 254 260 260 249 239 241 248 255 260 260 260 262 261
226 226 225 225 224 224 225 225 225 225 225 226 226 227 228 228 229 229 230 231 231 231 232 233 234 234 235 237 238 240 242 242 240 237 234 235 241 242 240 239 240 242 245 245 238 234 237 241 246 250 250 245 237 234 237 240 240 240 243 247 250 253 255 256 258 257 254 251 242 231 231 236 236 237 240 234 218 207 218 236 247 254 261 261 254 241 238 243 249 254 259 262 267 267 261
228 227 227 226 226 226 226 226 226 226 226 226 227 227 228 228 228 229 230 230 231 231 232 233 234 235 236 237 238 239 240 241 240 239 238 242 248 248 246 244 243 246 248 244 235 233 239 245 250 250 246 241 236 233 236 239 239 242 247 250 251 253 257 261 264 262 257 250 242 238 241 241 241 240 237 230 215 207 222 239 252 260 262 256 246 240 242 246 249 253 258 265 270 267 259
230 229 228 227 227 227 227 227 226 226 226 227 227 227 228 228 229 230 230 231 231 232 232 233 234 235 236 237 238 239 241 242 242 241 241 245 249 251 249 247 248 249 248 241 233 237 244 250 251 247 243 239 235 234 237 239 242 247 253 255 254 255 259 262 263 260 256 249 242 243 247 247 245 242 236 228 215 211 228 245 255 259 258 252 245 244 247 249 249 251 257 267 270 265 257
231 230 229 229 229 230 230 228 228 227 227 227 227 228 228 229 229 230 231 231 232 232 233 234 235 236 237 237 238 239 241 242 243 244 245 246 249 251 252 252 252 251 247 239 235 243 251 253 249 242 239 235 233 235 237 239 244 250 257 260 258 258 261 262 261 259 254 248 243 244 247 247 246 242 235 228 219 221 237 249 255 256 254 251 248 248 250 251 251 253 258 264 265 260 254
233 232 231 230 230 232 232 230 229 229 229 228 228 228 229 230 230 231 231 232 232 233 234 235 236 236 237 237 238 239 240 242 243 244 246 247 250 252 254 256 256 254 248 240 240 248 253 251 244 238 234 232 235 239 239 242 249 255 259 259 258 259 259 260 261 258 253 248 245 245 247 246 245 241 234 228 225 230 241 250 253 254 254 252 249 250 251 251 254 257 258 258 258 256 253
235 233 231 230 232 234 234 232 230 230 230 229 229 229 230 230 231 231 232 232 233 233 234 235 236 236 237 237 238 239 241 242 243 244 245 247 250 252 254 256 256 255 251 246 248 253 252 247 241 233 228 232 238 241 242 247 254 260 260 255 253 256 257 258 260 258 253 249 246 245 245 245 243 238 233 230 229 233 240 247 250 252 253 252 251 251 251 253 257 257 254 253 252 252 251
237 235 232 231 232 234 233 233 231 231 230 230 230 230 230 231 231 232 232 233 233 234 234 235 236 236 237 238 239 240 241 242 243 244 245 247 251 253 253 254 254 255 254 253 255 256 252 244 239 233 231 238 242 242 244 251 258 259 255 250 250 252 256 259 260 257 253 249 247 246 246 245 241 237 234 233 233 234 239 245 249 251 251 252 252 254 255 257 257 255 251 249 248 247 248
240 237 233 231 233 233 232 233 232 231 231 230 230 231 231 231 232 232 232 233 234 234 235 235 236 237 237 238 239 240 241 242 243 244 246 248 251 254 254 253 254 256 257 257 258 257 249 240 236 235 238 245 248 248 251 258 260 255 249 246 247 250 257 262 260 255 251 247 246 246 245 243 240 237 237 238 237 237 240 245 248 249 252 253 255 257 258 258 256 253 250 247 245 245 247
243 240 234 233 236 234 233 233 233 231 230 231 231 232 232 233 233 233 233 234 234 235 236 236 237 237 238 239 240 240 241 242 243 244 246 248 250 253 254 254 255 258 259 259 258 255 246 236 234 236 240 244 246 250 258 262 259 251 245 243 246 251 259 262 259 253 248 244 243 244 243 241 239 238 240 241 241 241 245 247 246 247 251 255 259 261 261 259 256 253 248 246 244 244 248
242 240 235 234 236 235 233 234 234 233 232 232 233 233 233 233 234 234 234 235 235 236 236 237 237 238 238 239 240 241 241 242 243 245 246 247 249 251 254 255 256 258 259 259 257 252 243 234 237 239 240 243 246 251 258 261 255 246 242 243 247 254 261 261 257 250 245 240 241 243 242 239 237 238 241 242 242 245 251 251 247 247 249 252 256 261 263 260 256 251 248 247 245 245 255
240 239 236 235 236 235 232 234 235 235 234 234 234 234 234 234 234 235 235 236 236 237 237 238 238 238 239 240 240 241 242 243 244 245 246 247 249 250 253 256 259 260 259 258 257 253 245 240 244 244 241 245 250 254 258 258 249 241 241 244 249 256 261 260 254 246 239 235 237 239 238 235 236 239 242 243 242 246 252 253 251 251 250 248 249 253 259 260 255 250 249 250 250 251 265
239 239 239 238 241 240 236 235 236 236 236 236 236 236 236 236 236 236 236 236 237 237 238 238 239 239 240 240 241 242 242 243 244 245 246 247 248 250 252 255 259 261 260 258 259 258 253 250 251 246 242 248 251 255 259 254 243 239 242 247 252 257 259 257 251 243 236 233 236 237 233 233 238 242 244 243 243 248 252 253 253 253 251 248 246 247 248 249 251 251 253 255 258 263 272
241 241 240 239 241 243 242 239 238 238 237 236 238 239 238 237 237 237 237 237 238 238 238 239 239 240 240 241 241 242 243 244 244 245 246 247 248 250 251 253 256 259 259 258 259 261 262 260 256 248 245 251 252 256 258 251 238 239 246 251 257 259 258 254 248 241 235 234 237 236 232 235 241 243 243 242 244 250 252 252 253 253 252 249 247 245 242 240 242 248 257 265 274 281 278
242 242 240 238 238 240 241 241 240 240 237 234 236 239 239 239 239 238 239 239 239 239 239 240 240 240 241 241 242 243 243 244 245 246 246 247 248 249 251 252 254 256 257 258 260 263 266 267 263 255 250 254 255 259 258 248 237 242 250 256 259 259 256 252 246 238 233 233 234 233 235 240 242 242 243 243 246 251 251 250 250 250 251 250 249 247 244 240 241 247 260 276 290 291 283
243 242 241 240 238 238 239 240 241 242 238 234 235 238 241 242 241 240 240 240 240 240 241 241 241 241 242 242 243 243 244 244 245 246 247 247 248 249 250 252 253 254 256 258 260 263 266 270 271 266 260 258 259 261 257 247 240 248 255 259 258 257 255 251 244 236 231 228 227 232 238 242 243 243 244 245 248 251 249 247 245 246 247 247 247 246 246 246 249 258 273 284 290 289 280
243 242 242 241 241 240 240 240 242 245 242 237 236 237 240 242 243 243 242 241 241 241 242 242 241 242 242 243 243 244 244 245 246 246 247 248 248 249 250 251 252 254 255 256 258 260 263 267 272 277 275 267 264 261 256 248 245 255 261 260 258 256 253 249 244 237 230 222 224 235 242 243 244 246 246 246 251 251 247 244 243 244 244 243 243 244 246 252 262 275 283 283 283 281 269
243 243 242 242 242 242 243 243 244 245 244 240 238 237 237 239 242 244 244 243 242 242 242 242 242 242 243 244 244 245 245 245 246 247 247 248 249 249 250 251 252 253 254 255 257 259 261 264 270 278 285 278 269 263 256 249 251 260 263 261 259 256 253 249 244 239 231 220 228 240 244 245 248 249 247 248 251 249 245 243 243 244 244 242 242 244 250 260 274 283 283 279 276 268 255
244 244 244 243 243 243 244 245 245 244 243 241 240 239 237 237 239 242 245 245 244 244 243 243 243 243 244 245 245 245 246 246 247 247 248 248 249 250 250 251 252 253 254 255 256 258 260 263 267 274 283 284 275 267 258 253 257 263 263 262 259 257 254 251 246 240 230 221 234 244 246 248 250 251 249 250 249 245 242 242 242 243 244 243 245 250 260 272 280 283 281 275 266 252 244
246 246 246 245 244 243 244 245 245 245 245 244 244 242 239 238 238 239 242 245 246 246 245 244 244 244 245 246 246 246 246 247 247 248 248 249 249 250 251 251 252 253 254 255 256 257 259 261 264 269 277 283 279 271 262 258 262 264 263 262 260 258 256 252 246 240 229 226 240 247 247 249 252 252 250 249 246 243 241 241 241 242 243 246 250 259 271 282 283 280 275 265 253 243 239
248 248 248 248 247 246 245 245 245 245 245 246 246 245 242 240 239 239 240 242 245 247 246 245 245 245 246 246 246 247 247 247 248 248 249 249 250 250 251 251 252 253 254 255 256 257 259 260 263 266 272 279 278 273 267 262 263 264 263 262 260 257 254 250 248 243 235 237 246 248 248 251 253 252 249 246 244 243 241 239 240 241 243 249 256 267 279 285 283 275 262 253 245 239 235
250 250 250 250 250 250 249 248 247 246 246 247 247 245 245 244 242 239 238 240 242 245 247 247 246 246 247 247 247 248 248 248 248 249 249 250 250 251 251 252 252 253 254 255 256 257 258 260 261 264 269 276 278 275 272 267 264 263 263 264 261 254 249 250 253 250 246 250 250 249 249 252 254 252 248 245 244 242 237 236 238 240 246 253 263 275 280 281 276 263 251 245 239 234 232
249 249 249 249 249 250 250 250 250 249 249 249 249 247 246 246 245 242 239 239 240 242 245 248 248 248 248 248 248 249 249 249 249 249 250 250 251 251 251 252 252 253 254 255 255 256 258 259 261 263 267 272 276 276 277 276 269 263 262 262 258 247 246 251 253 253 254 254 252 251 251 253 254 251 247 246 244 240 234 234 239 245 253 261 270 277 278 273 263 249 243 237 232 231 229
244 244 245 248 249 250 248 247 247 249 250 250 249 248 248 247 247 246 243 241 239 239 241 245 247 249 250 249 249 249 249 250 250 250 250 251 251 251 252 252 253 253 254 255 255 256 257 259 260 262 264 268 272 274 278 282 278 268 262 258 251 243 249 253 253 252 252 252 253 254 254 255 254 250 247 246 244 239 233 235 243 252 262 270 273 273 270 263 249 240 235 230 228 226 226
235 237 239 241 246 249 246 243 245 248 251 250 247 247 249 248 248 248 247 245 241 238 239 241 244 247 250 251 252 251 251 251 251 251 251 251 252 252 252 253 253 254 254 255 255 256 257 258 260 261 263 265 268 271 275 280 281 275 266 259 252 252 258 258 255 252 250 250 253 255 256 257 255 251 248 246 243 238 234 240 250 260 268 272 271 268 261 249 241 235 228 225 223 222 225
226 233 235 235 237 240 236 235 241 247 249 248 246 245 245 247 248 249 249 249 245 242 241 240 240 242 246 251 254 255 254 253 252 252 252 252 252 252 253 253 253 254 254 255 255 256 257 258 259 260 262 263 265 268 271 274 277 277 272 265 262 266 269 266 260 254 250 250 252 254 255 257 257 254 250 247 245 239 239 249 259 265 267 265 269 265 253 241 236 229 224 220 221 223 226
234 243 245 241 240 238 231 228 237 241 241 237 237 238 238 239 244 248 250 250 248 247 246 244 240 237 242 249 254 256 256 256 254 254 253 253 253 253 253 253 254 254 255 255 256 256 257 258 259 260 261 262 263 265 267 269 271 272 272 269 269 273 276 273 267 261 257 255 254 253 253 256 258 255 250 249 248 246 249 258 263 265 261 261 270 265 249 237 231 224 220 218 221 225 230
248 255 263 263 258 251 242 238 243 244 240 235 234 234 234 235 238 243 246 248 249 250 250 249 242 237 241 247 250 253 256 257 257 256 255 254 254 254 254 254 254 254 255 255 256 256 257 258 258 259 260 261 262 263 264 266 267 267 268 268 270 273 276 275 273 272 268 264 260 256 254 258 259 253 249 249 250 252 256 262 263 260 259 265 271 263 244 233 226 221 217 218 222 226 232
251 256 265 270 269 264 260 260 262 257 250 246 245 242 240 239 239 240 242 243 247 249 251 250 244 239 242 244 245 248 251 255 258 258 257 256 255 255 254 255 255 255 255 255 256 256 257 257 258 259 260 260 261 262 263 264 264 265 266 266 268 270 272 273 275 277 276 273 269 266 264 263 259 252 248 249 252 254 257 260 260 259 264 272 269 254 236 227 222 220 219 222 226 228 233
254 257 263 266 267 266 267 270 271 265 257 256 256 254 251 248 247 245 243 242 243 246 249 248 245 242 245 245 244 245 247 250 254 258 259 258 257 256 255 255 255 255 255 256 256 256 257 257 258 259 259 260 261 261 262 263 263 264 264 265 266 267 268 269 271 273 275 275 276 277 278 273 263 253 251 253 255 256 255 256 260 265 273 274 264 241 226 222 222 223 223 227 232 235 244
257 260 264 266 267 267 268 270 270 265 260 259 258 257 256 254 253 252 250 247 245 245 246 246 245 244 248 248 246 245 245 246 250 254 257 259 258 257 256 256 256 256 256 256 256 257 257 258 258 259 259 260 260 261 261 262 262 263 263 264 264 265 266 267 268 269 270 272 275 279 282 279 270 261 259 261 261 258 254 256 264 273 278 271 254 231 221 220 225 227 227 232 238 250 277
259 262 267 269 270 270 270 269 268 266 263 261 259 257 257 256 255 255 254 253 252 250 248 247 246 246 248 248 248 247 246 246 248 250 253 256 257 258 258 257 256 256 256 256 257 257 257 258 258 259 259 260 260 260 261 261 262 262 263 263 264 264 265 265 266 267 268 269 272 274 276 276 275 273 271 270 267 261 256 261 272 278 275 262 240 225 220 222 228 230 234 237 246 275 286
261 263 268 273 274 274 274 272 270 268 266 264 262 260 259 258 257 256 255 255 255 254 252 251 249 248 250 250 249 248 247 247 248 250 251 253 256 257 258 258 257 257 257 257 257 257 258 258 258 259 259 260 260 260 261 261 261 262 262 262 263 263 264 264 265 266 267 268 269 270 271 272 275 279 280 277 271 264 260 270 279 277 267 248 229 219 220 226 231 236 245 252 270 281 282
260 263 268 274 278 280 279 277 274 271 269 267 265 263 262 260 259 258 257 256 255 254 254 253 251 250 252 254 253 250 248 248 249 250 252 254 256 258 259 258 258 257 257 257 257 257 258 258 259 259 259 260 260 260 261 261 261 261 262 262 262 263 263 264 264 265 266 266 267 268 269 270 273 277 282 281 278 272 271 278 279 271 255 237 224 222 227 231 235 246 261 281 289 283 276
261 262 265 271 279 284 285 283 280 277 274 270 267 266 264 263 261 260 259 257 256 256 255 254 251 249 253 257 257 254 250 249 249 250 252 254 256 258 259 259 258 258 257 257 257 258 258 259 259 259 260 260 260 260 261 261 261 261 261 262 262 262 263 263 264 264 265 265 266 267 268 269 271 274 278 282 283 282 281 279 273 260 244 233 230 235 241 242 248 264 282 293 291 282 273
264 262 258 265 279 287 289 288 286 284 279 273 269 267 266 264 263 262 261 259 257 257 257 255 250 248 253 257 258 256 252 250 249 250 251 252 253 255 258 260 260 258 258 258 258 258 259 259 260 260 260 261 261 261 261 261 261 261 261 262 262 262 262 263 263 264 264 265 266 266 267 268 269 271 275 279 284 289 288 279 267 249 235 234 235 240 245 253 269 279 285 288 286 277 270
261 257 250 255 271 285 293 293 292 290 284 276 270 268 266 265 264 264 262 260 259 258 258 256 251 250 253 255 256 256 254 252 250 250 251 252 251 252 255 258 260 260 259 259 259 259 259 260 261 261 262 262 262 261 261 261 261 261 261 262 262 262 262 263 263 263 264 264 265 266 266 267 268 270 272 275 281 289 290 278 261 242 235 237 237 239 249 268 279 282 281 279 278 274 269
253 250 246 251 261 275 291 293 291 291 285 276 270 268 267 266 265 264 263 261 260 260 259 257 254 254 255 254 254 255 256 255 253 250 250 251 250 249 251 254 257 259 259 260 260 260 260 261 262 264 264 264 263 262 262 262 261 261 261 262 262 262 262 263 263 263 264 264 265 265 266 267 268 269 271 273 278 284 286 277 259 244 242 240 238 246 266 280 282 279 276 274 272 270 268
251 252 255 261 270 274 274 275 279 279 276 272 269 267 267 267 265 264 264 263 262 261 260 259 257 257 258 257 255 255 257 258 256 253 250 248 248 249 250 251 251 253 256 258 260 262 262 262 264 268 269 268 265 264 262 262 262 262 262 262 262 262 262 262 263 263 263 264 264 265 266 266 267 268 270 272 275 279 282 278 265 251 247 243 245 263 281 283 280 276 273 271 269 267 266
262 264 268 275 278 271 259 256 259 261 263 265 266 266 266 266 265 265 265 265 265 263 262 260 258 259 261 259 257 257 258 259 259 258 255 250 248 249 250 250 248 248 250 253 255 258 260 260 262 266 269 270 269 266 263 262 262 262 262 262 262 262 262 263 263 263 263 264 264 265 265 266 267 268 269 271 273 276 280 281 276 258 248 249 264 281 283 282 279 275 272 269 266 264 264
266 268 272 274 270 261 255 251 249 251 255 261 264 265 265 264 264 265 266 267 267 266 264 263 262 261 261 260 258 257 258 258 258 259 258 256 254 252 252 251 250 249 249 250 252 253 255 257 259 260 261 264 266 266 264 262 262 262 262 262 262 262 263 263 263 263 263 264 264 264 265 266 267 268 269 270 272 275 279 282 285 273 255 262 281 286 283 280 278 275 271 268 265 262 262
