windninja/windninja_output/Output_2025-08-09_0400-0450_Google earth_Fire_150m_10min/merlingen_7.5mi_point_08-09-2025_0400_150m_ang.asc
ncols	158
nrows	163
xllcorner	391686.332397
yllcorner	5160024.123721
cellsize	150.000000
NODATA_value	-32768.000000
[rows 42 to 83 of 163, columns 0 to 93 of 158]
203 205 205 205 205 204 202 202 201 200 198 198 197 196 195 195 194 193 192 191 190 189 188 187 186 184 182 180 177 176 176 178 179 181 183 186 188 186 183 182 182 184 186 184 179 178 181 184 184 180 177 175 174 174 175 179 183 186 189 194 195 191 187 189 188 181 174 174 175 178 183 181 176 171 165 165 174 180 181 182 183 182 179 175 170 171 179 183 178 172 167 167 171 171
196 198 200 201 202 202 201 200 200 199 198 197 197 196 195 195 194 193 192 191 190 189 188 187 186 184 183 180 178 176 177 179 180 179 179 180 180 178 178 179 181 185 184 179 178 182 186 188 186 180 175 175 178 179 180 183 188 192 195 195 191 184 179 180 181 177 173 172 178 184 184 181 178 173 169 172 180 185 185 183 181 179 174 168 167 176 188 189 182 175 170 169 167 166
190 192 195 197 198 199 200 199 199 198 198 197 196 196 195 194 194 193 192 191 190 189 188 187 186 185 183 181 179 178 178 179 179 178 176 174 172 172 175 179 183 184 180 178 182 189 192 188 182 176 174 178 182 184 187 190 193 195 194 190 186 180 176 173 170 169 170 172 178 184 183 182 182 179 177 181 187 191 189 184 178 173 167 165 172 186 191 188 184 178 173 168 162 162
185 187 190 192 194 196 197 197 197 197 197 196 195 195 194 194 193 192 191 190 190 189 188 187 186 184 183 182 181 180 179 179 178 177 175 171 169 170 175 178 180 180 179 181 187 191 190 183 175 173 176 183 188 191 194 196 197 194 188 183 181 178 174 169 165 164 168 173 177 181 182 183 185 185 187 190 193 194 190 183 174 167 164 168 183 191 189 185 184 181 176 166 159 162
181 182 185 189 192 194 194 195 195 195 195 195 194 194 194 193 192 192 191 190 189 189 188 187 185 184 184 183 182 180 179 178 177 176 174 172 170 170 172 174 175 177 180 185 190 189 184 177 173 175 182 189 196 200 200 199 197 189 180 176 175 174 170 166 165 165 169 175 179 180 180 183 186 190 193 196 196 192 185 178 171 167 169 178 187 188 184 181 182 182 176 165 161 167
178 179 181 185 190 192 192 192 193 193 194 193 193 193 193 192 192 191 191 190 189 188 188 187 186 185 184 183 182 181 179 178 177 175 173 172 171 170 170 171 172 174 180 187 189 184 177 173 175 181 187 195 201 201 199 196 191 183 174 170 170 169 167 165 165 167 172 177 180 180 180 182 187 192 197 200 198 191 182 176 172 172 176 182 184 183 180 179 180 178 174 169 168 174
174 176 179 183 187 190 189 188 190 191 192 192 192 192 192 192 191 191 190 190 189 188 187 186 186 185 184 183 182 181 180 179 177 175 173 172 171 170 169 169 170 172 178 185 184 179 174 174 179 186 194 202 203 200 197 191 183 175 170 169 169 168 167 166 165 167 173 177 180 181 182 184 187 193 199 202 199 191 184 179 178 178 178 179 181 180 179 179 176 173 173 175 176 180
172 173 176 181 185 188 188 186 186 188 190 190 191 191 191 191 190 190 190 189 188 188 187 186 186 185 184 183 182 181 180 179 178 176 175 172 171 170 169 169 169 172 175 178 177 174 174 178 184 191 199 202 199 195 191 185 176 169 167 170 171 170 170 168 165 167 172 177 180 182 183 185 189 195 199 199 194 190 186 183 181 179 178 178 178 178 178 176 172 171 175 180 184 185
171 171 174 178 182 185 186 185 183 185 187 188 189 189 190 190 189 189 189 188 187 187 186 185 185 184 183 183 182 181 180 179 178 177 175 173 171 170 170 170 171 172 172 173 172 172 175 182 192 200 202 198 192 188 184 178 170 167 169 173 175 175 173 168 165 168 173 177 180 182 184 187 192 196 196 193 189 187 186 184 181 180 179 178 177 175 173 171 170 173 178 184 190 193
171 170 171 174 178 181 185 186 183 181 184 186 187 188 188 189 189 188 188 187 186 186 186 185 184 184 184 183 182 181 180 179 178 177 175 173 171 169 170 170 171 170 169 169 170 171 177 189 201 204 198 190 185 182 177 170 167 169 175 179 181 180 174 166 165 170 174 178 181 183 185 189 192 193 191 188 187 185 184 183 182 182 181 178 175 172 170 169 171 175 180 187 194 200
173 170 168 170 174 178 182 186 184 181 181 184 185 186 187 187 187 187 187 186 186 185 185 184 184 184 183 182 182 181 180 179 178 177 176 174 172 170 169 170 170 169 167 167 169 173 180 192 198 193 186 183 182 180 172 165 166 173 181 185 185 181 171 164 166 171 175 180 183 184 186 188 190 190 189 187 186 184 181 181 184 186 184 179 173 170 169 170 173 177 183 188 194 197
174 170 165 167 172 175 179 184 185 182 180 182 184 185 185 186 186 186 186 185 185 185 184 184 183 183 183 182 181 181 180 179 178 177 176 175 173 172 170 169 169 168 166 166 168 174 182 187 187 182 180 180 180 177 170 165 169 179 186 188 185 178 169 165 167 172 176 182 184 184 184 186 188 189 188 187 186 184 179 179 182 185 184 182 178 173 170 171 175 181 185 187 188 187
171 169 165 164 169 173 176 181 186 184 180 180 181 182 183 184 185 185 185 185 185 184 183 183 183 182 182 181 181 180 180 179 178 177 176 175 174 173 171 168 167 166 166 167 168 173 179 180 177 177 180 181 178 175 170 168 174 184 188 187 183 176 168 166 169 174 178 182 184 184 184 188 191 190 188 187 187 184 180 178 179 180 181 183 184 181 177 175 178 183 184 183 180 176
166 167 167 164 165 170 173 178 185 186 182 179 179 180 181 183 183 183 184 184 184 183 183 182 182 182 181 181 180 180 179 179 178 177 176 175 174 173 172 169 166 165 166 168 168 169 172 172 171 174 180 180 177 174 170 171 179 186 186 183 179 173 169 168 171 175 179 182 183 185 190 194 193 188 187 187 187 183 179 178 176 176 178 181 184 185 186 185 185 185 182 177 172 165
162 164 167 168 166 167 168 172 180 185 183 180 178 177 178 181 182 182 182 182 183 183 182 182 181 181 181 180 180 179 179 178 178 177 176 175 175 174 172 171 168 167 167 168 167 166 165 166 168 172 177 177 176 173 170 174 183 186 183 178 173 170 171 172 174 177 180 182 184 191 197 195 189 186 186 186 185 180 178 177 176 175 177 180 181 184 189 192 193 191 183 172 164 158
161 162 166 169 170 170 169 168 173 179 181 182 180 177 176 178 179 180 181 181 181 181 181 181 180 180 180 180 179 179 178 178 177 177 176 175 175 174 173 172 171 169 168 167 167 164 162 161 163 168 173 175 175 172 170 176 182 183 179 174 171 170 172 175 178 179 181 183 189 195 194 188 186 185 185 184 181 178 177 177 178 178 178 180 182 186 191 195 194 189 179 166 158 155
161 162 164 167 170 172 172 170 169 172 177 182 183 182 177 174 176 178 179 179 180 180 180 180 180 180 179 179 179 178 178 178 177 176 176 175 175 174 173 172 171 170 169 168 166 164 161 159 159 162 168 172 172 170 171 176 180 178 173 170 170 172 174 178 181 182 182 185 191 191 186 184 184 184 182 181 178 176 176 178 180 181 182 184 187 191 194 194 188 178 165 158 156 154
160 161 164 165 167 170 172 172 169 168 173 178 183 184 181 175 173 175 177 178 178 179 179 179 179 179 179 178 178 178 177 177 177 176 176 175 175 174 173 173 172 171 170 169 167 166 164 161 159 159 163 167 167 168 171 176 178 174 169 168 169 172 176 180 184 184 183 186 189 187 184 183 182 181 180 179 176 174 177 180 182 184 186 188 191 193 193 187 177 164 154 151 152 152
160 161 163 165 167 168 170 171 170 169 170 172 176 181 183 180 175 173 173 175 176 177 178 178 178 178 178 178 177 177 177 176 176 176 175 175 174 174 173 173 172 171 170 169 168 167 166 164 161 159 159 160 162 164 170 176 176 169 166 166 169 172 176 181 185 185 185 188 189 185 182 181 179 178 178 177 175 176 180 183 185 186 188 190 191 191 188 179 166 155 151 151 152 157
160 162 163 165 167 168 169 169 169 169 169 169 171 175 182 184 180 175 172 172 174 175 176 177 178 177 177 177 176 176 176 176 176 175 175 175 174 174 173 173 172 171 171 170 169 168 167 165 163 160 158 157 157 160 168 175 172 166 164 165 168 172 175 180 184 186 189 190 187 182 180 179 176 176 176 175 176 181 184 186 187 188 191 193 191 186 177 168 158 151 151 154 159 171
162 162 163 163 165 167 168 168 169 169 169 168 167 170 177 182 183 180 176 172 171 172 174 176 177 177 176 176 175 175 175 175 175 175 174 174 174 173 173 173 172 171 171 170 169 168 167 166 164 162 160 159 156 157 166 172 168 164 164 165 168 170 173 177 183 187 191 190 183 179 178 177 175 174 175 176 179 183 185 187 189 191 194 195 190 180 166 157 152 150 153 160 172 186
167 164 161 161 162 164 166 167 169 170 169 167 166 167 171 177 181 182 180 176 172 171 172 174 175 176 175 175 175 175 175 175 174 174 174 174 173 173 173 172 172 171 171 170 169 168 167 166 165 164 162 159 156 157 164 169 167 164 164 165 167 169 173 179 185 189 191 185 179 177 177 176 173 173 174 178 182 183 186 189 191 194 195 192 185 173 159 152 148 150 160 171 184 198
173 167 160 159 159 160 162 165 167 169 169 167 166 166 168 171 176 180 182 180 176 173 172 172 173 174 174 174 174 174 174 174 174 174 173 173 173 173 172 172 172 171 171 170 169 169 168 167 166 164 162 159 156 156 160 165 166 165 164 163 165 172 181 189 190 187 182 176 175 176 176 175 173 173 175 179 181 182 185 189 192 194 192 187 178 163 154 151 149 156 172 183 196 211
177 171 162 159 159 160 161 163 165 166 167 166 165 165 167 167 170 175 180 182 180 177 174 171 171 172 173 173 174 173 173 173 173 173 173 173 172 172 172 172 171 171 171 170 169 169 168 167 166 165 163 160 157 155 157 160 162 164 164 162 166 180 191 189 182 178 173 172 173 174 174 173 172 174 176 177 178 181 186 191 194 193 188 182 171 158 152 151 157 170 182 196 211 223
175 171 165 162 160 160 162 165 166 166 164 165 166 164 164 167 167 170 175 179 180 180 178 174 171 170 171 172 173 172 172 172 172 172 172 172 172 172 172 171 171 171 170 170 169 169 168 167 166 165 164 161 158 156 155 154 154 158 162 165 172 182 181 178 177 174 173 172 173 172 172 172 172 174 175 175 177 181 187 191 191 187 180 173 165 157 154 157 171 183 194 209 222 237
165 167 170 169 165 160 162 167 169 167 164 165 167 166 164 165 167 167 169 173 178 181 180 178 175 172 171 171 170 171 171 171 171 171 171 171 171 171 171 171 171 170 170 170 169 169 168 168 167 166 164 163 161 158 155 151 148 149 156 164 172 173 170 170 173 174 175 175 173 171 171 170 171 172 174 175 177 181 185 186 182 177 169 164 161 156 156 169 184 195 207 220 236 247
150 158 167 172 171 168 168 172 174 169 166 166 167 167 167 166 165 166 166 169 173 177 178 179 179 177 175 172 168 168 168 169 170 170 170 171 171 171 170 170 170 170 170 170 169 169 168 168 167 166 165 164 163 161 158 154 150 148 151 158 164 164 162 163 167 172 175 175 174 172 171 171 169 170 173 175 177 179 181 178 173 167 161 159 157 151 158 179 193 207 220 235 247 249
138 142 154 164 169 171 174 176 176 173 171 172 172 171 172 171 169 168 167 168 170 172 173 176 179 183 182 175 169 166 166 166 168 169 169 170 170 170 170 170 170 170 170 169 169 169 168 168 167 166 166 165 164 162 161 159 157 154 154 155 157 156 154 155 159 166 170 172 172 172 173 171 168 169 173 175 176 177 176 172 167 162 161 163 156 150 165 187 204 219 231 241 244 240
137 136 136 141 151 163 171 172 171 171 173 175 177 177 177 176 175 173 171 169 168 169 170 172 177 183 184 178 172 169 166 164 165 166 168 168 169 169 169 169 169 169 169 169 169 168 168 168 167 167 166 165 164 164 163 162 160 159 158 158 157 154 150 148 149 154 159 163 166 171 174 170 167 170 174 176 176 175 172 168 166 165 169 165 152 153 175 198 216 229 235 236 232 226
144 141 137 134 136 141 150 155 157 161 169 174 176 178 178 178 177 177 176 173 171 170 169 170 173 177 179 179 177 174 170 167 164 164 165 167 168 168 169 169 169 169 169 169 169 168 168 168 167 167 166 166 165 164 164 163 162 162 161 161 160 157 154 152 149 148 148 150 156 162 166 165 166 171 176 177 175 173 171 170 170 173 172 160 151 161 188 209 227 236 235 230 221 211
151 148 145 143 141 142 143 143 143 147 158 164 167 170 172 173 173 174 175 176 175 173 170 170 171 171 173 177 179 177 174 171 168 164 163 164 166 167 168 168 168 168 168 168 168 168 168 167 167 167 166 166 165 165 164 164 163 163 163 162 161 160 159 158 156 153 150 148 148 150 152 155 162 171 175 174 173 172 173 176 177 174 166 155 155 177 201 220 233 235 228 222 217 207
158 154 149 147 146 145 145 144 142 146 155 160 163 165 166 166 167 168 170 173 174 173 173 172 171 170 171 174 178 178 177 175 172 168 164 164 165 166 167 167 168 168 168 168 168 168 167 167 167 167 166 166 166 165 165 165 164 164 163 163 162 162 161 160 159 158 157 155 152 148 145 145 152 164 169 169 170 171 176 180 179 170 159 154 165 194 215 228 231 225 216 211 211 200
166 161 152 147 144 142 143 143 144 147 152 156 160 163 164 164 164 165 166 167 168 170 171 172 171 170 170 172 175 177 177 176 174 171 168 166 165 165 165 166 167 167 168 168 167 167 167 167 167 166 166 166 166 165 165 165 165 164 164 164 163 163 162 162 161 161 160 159 156 154 152 150 151 157 163 165 167 172 178 179 173 163 154 157 184 213 227 228 223 217 205 197 191 170
180 171 156 146 139 136 136 138 142 145 149 152 156 159 160 162 163 164 165 165 165 166 168 169 170 169 169 170 172 175 176 175 174 173 171 169 167 165 165 165 166 167 167 167 167 167 167 167 166 166 166 166 166 165 165 165 165 165 164 164 164 163 163 163 162 162 161 160 159 159 158 157 156 156 158 160 164 171 178 174 163 156 154 172 208 226 228 222 218 213 197 184 170 154
198 188 164 146 131 125 126 130 135 140 145 149 153 155 157 159 160 161 163 164 165 165 166 167 168 169 168 166 168 172 175 175 174 174 172 168 166 165 164 165 166 166 167 167 167 167 166 166 166 166 166 165 165 165 165 165 165 165 165 164 164 164 164 163 163 163 162 162 161 161 161 160 159 158 157 156 159 167 173 166 155 152 164 203 235 237 229 226 221 208 187 172 156 146
216 208 183 146 121 115 116 119 126 134 141 147 151 153 154 156 157 159 161 162 163 164 164 166 169 171 167 163 163 167 173 176 176 174 172 168 166 165 164 164 165 166 166 166 166 166 166 166 165 165 165 165 165 165 165 165 165 165 165 165 164 164 164 164 164 163 163 162 162 162 162 161 161 160 158 156 157 162 165 158 152 158 195 231 241 237 231 223 209 187 172 163 153 147
235 233 213 152 111 106 107 114 123 133 141 147 150 151 153 155 156 157 159 161 162 162 162 164 169 171 168 164 163 165 170 174 174 173 172 171 169 167 165 163 164 165 166 166 166 166 166 165 165 164 164 164 164 164 165 165 165 165 165 165 165 164 164 164 164 164 163 163 163 163 162 162 162 161 160 158 157 159 159 155 155 180 213 221 215 211 208 196 178 170 163 158 153 150
242 241 225 180 130 117 119 123 128 136 144 148 150 152 153 155 155 156 158 159 160 160 161 163 167 169 167 166 165 165 167 169 172 173 172 171 171 170 168 164 163 164 165 165 165 165 165 164 163 163 163 163 164 164 164 164 165 165 165 165 165 165 164 164 164 164 164 163 163 163 163 163 162 162 161 160 159 158 157 155 165 191 200 198 198 197 192 177 165 159 156 154 152 153
237 230 200 170 152 150 148 144 142 145 149 151 152 152 153 154 155 155 156 157 158 159 160 162 164 165 165 166 167 166 165 166 169 172 173 172 172 172 171 169 166 164 163 164 164 163 163 162 161 160 160 161 162 163 164 164 164 165 165 165 165 165 164 164 164 164 164 164 164 163 163 163 163 163 162 162 161 160 157 158 172 185 188 189 192 189 176 163 158 155 153 153 152 154
238 228 178 154 151 160 170 165 160 159 158 156 154 154 153 153 154 154 155 155 156 157 158 160 162 162 161 163 166 166 164 164 166 169 172 175 174 173 172 172 171 169 166 165 162 160 159 158 155 153 154 157 160 162 163 164 164 164 164 164 164 164 164 164 164 164 164 164 164 164 164 164 163 163 163 162 162 162 160 162 171 179 185 189 189 180 163 156 155 155 155 154 154 156
243 222 156 148 152 170 182 179 174 170 167 162 157 155 154 154 153 152 152 153 153 154 155 158 161 161 159 161 163 164 164 162 162 164 168 173 175 174 172 173 174 174 172 170 168 165 163 162 159 156 154 154 157 160 162 164 164 164 164 164 164 164 164 164 164 164 164 164 164 164 164 164 163 163 163 163 163 163 162 164 168 176 185 189 184 166 156 153 153 155 156 157 157 160
185 173 160 159 165 176 183 184 183 179 173 165 159 155 153 153 152 150 149 149 149 151 153 155 158 159 159 160 162 163 163 163 163 163 164 166 169 171 171 172 173 173 172 171 170 169 168 167 166 166 166 163 160 161 163 164 164 164 164 164 164 164 164 164 164 164 164 164 164 164 164 164 164 163 163 163 163 163 163 164 168 175 182 184 172 157 151 150 151 152 154 157 159 162
