windninja/windninja_output/Output_2025-08-09_0400-0450_Google earth_Fire_150m_10min/merlingen_7.5mi_point_08-09-2025_0450_150m_vel.asc
ncols	158
nrows	163
xllcorner	391686.332397
yllcorner	5160024.123721
cellsize	150.000000
NODATA_value	-32768.000000
[rows 114 to 151 of 163, columns 0 to 83 of 158]
0.83 0.83 0.82 0.83 0.85 0.85 0.81 0.79 0.80 0.83 0.87 1.00 1.03 0.94 1.02 1.06 0.71 0.36 0.42 0.66 1.00 1.46 1.62 1.18 0.93 0.93 0.89 0.79 0.72 0.72 1.02 1.54 1.77 1.73 1.56 1.24 1.00 0.87 0.69 0.57 0.54 0.58 0.66 0.63 0.42 0.22 0.15 0.12 0.08 0.03 0.05 0.10 0.26 0.50 0.73 0.82 0.82 0.87 1.03 1.14 1.11 1.05 1.12 1.22 1.16 1.14 1.24 1.30 1.29 1.20 1.08 1.06 1.09 1.08 1.16 1.30 1.30 1.21 1.14 1.21 1.36 1.29 1.05 0.92
0.79 0.84 0.89 0.88 0.88 0.88 0.87 0.83 0.78 0.79 0.85 0.91 0.93 0.97 1.13 1.17 0.77 0.33 0.32 0.44 0.74 1.16 1.54 1.57 1.34 1.09 0.99 0.96 0.99 0.78 0.79 1.30 1.82 1.95 1.64 1.20 0.92 0.81 0.72 0.61 0.59 0.64 0.69 0.68 0.53 0.33 0.22 0.19 0.16 0.10 0.08 0.11 0.17 0.36 0.63 0.79 0.82 0.83 0.94 1.09 1.11 1.06 1.10 1.21 1.20 1.12 1.18 1.27 1.30 1.27 1.20 1.19 1.20 1.13 1.08 1.22 1.35 1.31 1.16 1.14 1.34 1.38 1.16 1.01
0.73 0.82 0.90 0.91 0.89 0.87 0.88 0.89 0.87 0.85 0.87 0.82 0.77 0.88 1.16 1.28 0.86 0.33 0.27 0.33 0.59 0.91 1.22 1.54 1.61 1.38 1.11 1.07 1.15 0.90 0.76 1.12 1.71 2.06 1.77 1.22 0.89 0.77 0.78 0.71 0.65 0.68 0.72 0.74 0.65 0.43 0.29 0.23 0.22 0.19 0.15 0.16 0.18 0.26 0.51 0.74 0.82 0.81 0.87 1.00 1.06 1.05 1.09 1.18 1.20 1.13 1.15 1.24 1.29 1.30 1.27 1.28 1.34 1.34 1.16 1.12 1.26 1.37 1.27 1.14 1.28 1.38 1.18 1.03
0.68 0.78 0.88 0.90 0.89 0.85 0.82 0.86 0.94 0.99 0.97 0.77 0.63 0.73 1.11 1.38 0.99 0.36 0.24 0.27 0.48 0.73 0.91 1.20 1.53 1.64 1.45 1.30 1.38 1.04 0.76 0.89 1.36 1.94 1.91 1.33 0.96 0.83 0.86 0.85 0.80 0.78 0.78 0.80 0.76 0.56 0.40 0.33 0.29 0.28 0.25 0.22 0.23 0.26 0.42 0.68 0.82 0.82 0.84 0.93 0.99 1.01 1.08 1.18 1.20 1.14 1.14 1.21 1.27 1.30 1.30 1.31 1.40 1.51 1.48 1.27 1.18 1.31 1.37 1.27 1.30 1.37 1.16 0.99
0.67 0.74 0.85 0.91 0.89 0.85 0.78 0.80 0.89 1.01 1.08 0.85 0.55 0.60 0.98 1.42 1.24 0.47 0.18 0.17 0.24 0.45 0.64 0.80 1.06 1.41 1.51 1.52 1.63 1.50 1.09 0.90 1.10 1.63 1.90 1.83 1.53 1.21 1.12 1.08 1.01 0.96 0.90 0.87 0.83 0.70 0.53 0.44 0.39 0.36 0.33 0.29 0.28 0.29 0.36 0.60 0.79 0.84 0.84 0.89 0.93 0.93 1.00 1.14 1.20 1.18 1.18 1.23 1.27 1.29 1.28 1.28 1.35 1.51 1.67 1.59 1.34 1.28 1.36 1.37 1.40 1.40 1.18 0.97
0.68 0.72 0.83 0.92 0.88 0.81 0.78 0.78 0.83 0.90 1.05 0.97 0.56 0.52 0.82 1.31 1.42 0.78 0.19 0.06 0.04 0.18 0.39 0.56 0.70 0.87 1.01 1.15 1.44 1.59 1.45 1.21 1.17 1.43 1.72 1.96 1.95 1.70 1.54 1.49 1.41 1.26 1.13 1.04 0.97 0.87 0.69 0.54 0.46 0.42 0.39 0.34 0.32 0.32 0.34 0.51 0.74 0.83 0.84 0.88 0.91 0.88 0.91 1.02 1.10 1.15 1.16 1.21 1.29 1.31 1.26 1.22 1.25 1.38 1.61 1.77 1.66 1.46 1.41 1.41 1.44 1.43 1.24 1.02
0.68 0.71 0.82 0.95 0.90 0.78 0.77 0.79 0.82 0.80 0.92 1.00 0.64 0.49 0.71 1.15 1.46 1.13 0.43 0.07 0.05 0.08 0.22 0.40 0.54 0.62 0.68 0.77 0.94 1.12 1.28 1.25 1.20 1.36 1.54 1.71 1.83 1.78 1.60 1.59 1.70 1.66 1.51 1.36 1.24 1.12 0.94 0.76 0.61 0.52 0.46 0.41 0.37 0.36 0.36 0.47 0.68 0.80 0.83 0.87 0.91 0.87 0.88 0.92 0.91 0.96 0.96 0.95 1.11 1.27 1.26 1.18 1.16 1.22 1.42 1.69 1.84 1.76 1.61 1.53 1.47 1.44 1.27 1.09
0.65 0.69 0.80 0.98 1.04 0.93 0.92 0.94 0.89 0.74 0.80 1.02 0.72 0.44 0.63 1.05 1.46 1.33 0.73 0.28 0.08 0.15 0.22 0.32 0.45 0.53 0.57 0.65 0.79 0.93 1.02 1.13 1.21 1.28 1.47 1.55 1.51 1.58 1.36 1.24 1.49 1.69 1.70 1.50 1.34 1.23 1.10 0.94 0.78 0.66 0.55 0.47 0.42 0.41 0.40 0.46 0.66 0.79 0.81 0.86 0.89 0.85 0.86 0.90 0.87 0.91 0.88 0.70 0.73 1.03 1.17 1.16 1.12 1.10 1.18 1.42 1.74 1.93 1.91 1.77 1.62 1.52 1.33 1.16
0.61 0.67 0.76 0.89 1.05 1.12 1.17 1.23 1.14 0.83 0.77 1.04 0.79 0.34 0.44 0.80 1.36 1.48 0.96 0.52 0.25 0.20 0.26 0.34 0.44 0.47 0.49 0.59 0.81 0.94 0.90 1.03 1.19 1.18 1.38 1.46 1.34 1.48 1.29 0.98 1.06 1.35 1.68 1.61 1.32 1.16 1.04 0.89 0.79 0.72 0.63 0.53 0.46 0.44 0.43 0.46 0.63 0.79 0.82 0.86 0.88 0.84 0.85 0.89 0.92 1.04 1.04 0.77 0.58 0.66 0.90 1.03 1.08 1.05 1.02 1.11 1.39 1.76 2.00 2.04 1.92 1.73 1.46 1.26
0.55 0.61 0.68 0.71 0.83 0.98 1.12 1.30 1.41 1.19 0.96 1.14 0.86 0.30 0.29 0.54 1.07 1.52 1.30 0.83 0.53 0.34 0.30 0.36 0.44 0.46 0.47 0.60 0.85 0.90 0.77 0.91 1.09 1.08 1.27 1.40 1.26 1.40 1.41 1.00 0.84 1.06 1.52 1.77 1.53 1.22 1.02 0.84 0.76 0.74 0.69 0.61 0.52 0.48 0.45 0.44 0.56 0.74 0.77 0.81 0.86 0.86 0.88 0.89 0.92 1.07 1.19 1.07 0.75 0.54 0.62 0.81 0.92 0.96 0.93 0.90 1.02 1.33 1.71 2.00 2.14 2.07 1.76 1.44
0.54 0.59 0.64 0.62 0.68 0.83 0.95 1.12 1.39 1.39 1.34 1.35 0.85 0.35 0.27 0.41 0.74 1.28 1.53 1.25 0.85 0.58 0.40 0.38 0.41 0.43 0.45 0.64 0.87 0.75 0.60 0.83 1.03 1.01 1.16 1.35 1.21 1.23 1.38 1.11 0.83 0.85 1.19 1.72 1.81 1.48 1.16 0.92 0.79 0.78 0.78 0.72 0.61 0.55 0.51 0.50 0.58 0.75 0.79 0.73 0.79 0.90 0.92 0.92 0.95 1.05 1.16 1.24 1.11 0.72 0.56 0.67 0.74 0.76 0.79 0.76 0.76 0.93 1.26 1.58 1.90 2.19 2.13 1.73
0.56 0.63 0.67 0.63 0.67 0.78 0.88 0.99 1.23 1.35 1.49 1.63 1.13 0.49 0.34 0.38 0.53 0.83 1.27 1.50 1.39 0.96 0.62 0.47 0.45 0.44 0.51 0.71 0.72 0.50 0.46 0.79 1.02 0.96 1.05 1.30 1.18 1.08 1.26 1.17 0.88 0.74 0.88 1.40 1.83 1.72 1.35 1.03 0.85 0.81 0.80 0.77 0.70 0.63 0.59 0.61 0.71 0.88 0.96 0.84 0.80 0.91 0.95 0.96 1.01 1.08 1.11 1.20 1.27 1.11 0.80 0.72 0.73 0.66 0.63 0.62 0.58 0.63 0.84 1.08 1.32 1.81 2.20 2.08
0.53 0.61 0.67 0.62 0.64 0.74 0.84 0.92 1.06 1.21 1.43 1.80 1.63 0.84 0.57 0.45 0.43 0.57 0.83 1.23 1.46 1.38 0.90 0.63 0.64 0.65 0.64 0.62 0.48 0.32 0.38 0.75 1.06 0.97 0.96 1.22 1.21 1.02 1.05 1.08 0.90 0.69 0.70 1.06 1.65 1.81 1.53 1.19 0.98 0.87 0.83 0.77 0.72 0.68 0.63 0.63 0.71 0.89 1.04 1.00 0.92 0.94 0.95 0.96 1.02 1.09 1.11 1.15 1.25 1.28 1.18 1.03 0.89 0.73 0.62 0.55 0.50 0.49 0.58 0.75 0.94 1.30 1.83 2.10
0.51 0.59 0.66 0.60 0.61 0.71 0.83 0.91 0.94 1.05 1.27 1.70 1.89 1.51 1.07 0.66 0.44 0.51 0.69 0.91 1.19 1.38 1.26 1.01 0.96 0.89 0.72 0.53 0.38 0.26 0.30 0.65 1.08 1.11 1.03 1.14 1.19 1.05 0.92 0.93 0.86 0.65 0.57 0.76 1.33 1.74 1.60 1.27 1.06 0.93 0.87 0.82 0.74 0.69 0.66 0.63 0.66 0.82 0.98 0.99 0.96 0.96 0.95 0.96 1.01 1.08 1.11 1.13 1.18 1.24 1.30 1.29 1.13 0.91 0.75 0.62 0.49 0.46 0.51 0.57 0.71 0.99 1.33 1.69
0.51 0.58 0.66 0.60 0.56 0.63 0.76 0.88 0.89 0.92 1.05 1.39 1.81 1.96 1.73 1.03 0.62 0.62 0.72 0.84 0.92 1.11 1.30 1.24 1.15 1.09 0.86 0.58 0.36 0.23 0.21 0.47 0.94 1.20 1.27 1.26 1.18 1.06 0.90 0.85 0.80 0.65 0.51 0.52 0.94 1.56 1.65 1.30 1.08 0.97 0.88 0.84 0.78 0.74 0.70 0.67 0.68 0.78 0.92 0.96 0.95 0.96 0.96 0.98 1.02 1.07 1.10 1.12 1.16 1.19 1.28 1.40 1.35 1.12 0.91 0.78 0.59 0.49 0.51 0.52 0.56 0.72 0.97 1.25
0.50 0.56 0.63 0.57 0.51 0.54 0.62 0.74 0.80 0.80 0.84 1.01 1.34 1.74 1.96 1.81 1.18 0.85 0.82 0.83 0.70 0.73 1.10 1.30 1.29 1.21 0.99 0.68 0.44 0.26 0.17 0.28 0.63 0.99 1.33 1.53 1.41 1.10 0.91 0.85 0.78 0.67 0.54 0.43 0.60 1.20 1.57 1.43 1.22 1.09 0.97 0.88 0.81 0.77 0.73 0.70 0.71 0.80 0.91 0.95 0.95 0.96 0.98 1.00 1.04 1.08 1.09 1.11 1.14 1.18 1.25 1.40 1.50 1.37 1.12 0.96 0.77 0.56 0.53 0.56 0.57 0.56 0.63 0.86
0.51 0.57 0.66 0.60 0.52 0.56 0.61 0.64 0.65 0.65 0.64 0.68 0.81 1.07 1.46 1.83 1.69 1.32 1.04 0.78 0.54 0.53 0.80 1.22 1.45 1.34 1.03 0.80 0.63 0.41 0.23 0.18 0.33 0.65 1.03 1.50 1.73 1.43 1.03 0.91 0.83 0.73 0.62 0.49 0.44 0.75 1.28 1.43 1.35 1.19 1.04 0.95 0.83 0.76 0.72 0.69 0.71 0.81 0.92 0.96 0.94 0.95 0.97 1.00 1.04 1.07 1.09 1.09 1.12 1.17 1.24 1.36 1.50 1.54 1.41 1.22 0.98 0.69 0.59 0.61 0.60 0.58 0.54 0.55
0.53 0.59 0.70 0.69 0.59 0.62 0.70 0.73 0.68 0.57 0.50 0.49 0.55 0.72 0.95 1.30 1.69 1.64 1.17 0.67 0.49 0.46 0.56 0.90 1.43 1.53 1.07 0.86 0.79 0.60 0.40 0.24 0.20 0.40 0.71 1.14 1.67 1.81 1.48 1.16 1.01 0.87 0.77 0.64 0.46 0.47 0.80 1.14 1.30 1.20 1.03 0.95 0.86 0.78 0.73 0.68 0.67 0.77 0.89 0.94 0.93 0.91 0.92 0.97 1.02 1.05 1.09 1.08 1.08 1.13 1.23 1.34 1.44 1.55 1.57 1.50 1.27 0.87 0.70 0.71 0.68 0.61 0.53 0.48
0.54 0.56 0.65 0.72 0.68 0.65 0.71 0.84 0.92 0.74 0.51 0.45 0.48 0.60 0.80 1.04 1.57 1.77 1.20 0.65 0.47 0.40 0.44 0.60 1.12 1.59 1.39 0.94 0.79 0.64 0.47 0.32 0.16 0.22 0.50 0.80 1.23 1.69 1.80 1.66 1.41 1.17 1.03 0.89 0.65 0.44 0.49 0.78 1.10 1.15 1.00 0.92 0.87 0.80 0.76 0.71 0.69 0.76 0.87 0.92 0.94 0.93 0.88 0.92 0.99 1.01 1.05 1.05 1.04 1.08 1.18 1.30 1.39 1.52 1.60 1.61 1.51 1.11 0.85 0.89 0.82 0.62 0.49 0.46
0.55 0.56 0.59 0.67 0.74 0.68 0.63 0.74 0.99 1.07 0.79 0.56 0.54 0.63 0.76 1.00 1.48 1.71 1.49 0.96 0.55 0.38 0.38 0.50 0.84 1.45 1.63 1.20 0.83 0.64 0.49 0.36 0.17 0.11 0.30 0.56 0.86 1.23 1.56 1.76 1.69 1.43 1.27 1.18 0.98 0.73 0.56 0.62 0.90 1.04 0.96 0.88 0.84 0.81 0.78 0.75 0.73 0.79 0.89 0.95 0.99 1.00 0.94 0.93 0.99 1.00 1.02 1.02 0.98 1.00 1.11 1.22 1.30 1.46 1.64 1.71 1.66 1.26 0.93 0.99 0.99 0.71 0.45 0.42
0.60 0.61 0.60 0.66 0.76 0.73 0.63 0.61 0.77 1.07 1.11 0.88 0.83 0.85 0.92 1.15 1.37 1.49 1.51 1.37 0.98 0.49 0.36 0.43 0.60 1.09 1.63 1.66 1.21 0.81 0.61 0.47 0.29 0.12 0.13 0.33 0.63 0.90 1.18 1.50 1.66 1.53 1.38 1.31 1.19 1.03 0.83 0.72 0.84 0.98 0.96 0.87 0.82 0.80 0.77 0.75 0.76 0.81 0.88 0.93 1.00 1.02 0.99 0.97 1.01 1.03 1.04 1.03 0.95 0.89 0.98 1.12 1.20 1.31 1.58 1.84 1.86 1.46 1.00 0.97 1.04 0.87 0.54 0.39
0.62 0.66 0.67 0.68 0.76 0.78 0.71 0.63 0.61 0.77 1.02 1.03 0.98 1.06 1.27 1.31 1.18 1.20 1.24 1.34 1.25 0.80 0.47 0.38 0.40 0.65 1.23 1.73 1.67 1.20 0.85 0.70 0.53 0.28 0.13 0.16 0.37 0.65 0.98 1.31 1.47 1.48 1.41 1.30 1.24 1.18 1.01 0.86 0.87 0.97 0.98 0.92 0.84 0.79 0.76 0.73 0.76 0.82 0.86 0.90 0.96 0.99 0.99 1.00 1.03 1.07 1.07 1.09 1.05 0.87 0.79 0.92 1.07 1.17 1.42 1.81 2.02 1.82 1.23 1.02 1.01 0.89 0.70 0.51
0.57 0.68 0.74 0.69 0.73 0.75 0.73 0.70 0.64 0.64 0.75 0.83 0.85 1.10 1.54 1.35 0.99 0.98 1.01 1.13 1.19 0.94 0.63 0.44 0.32 0.40 0.79 1.38 1.72 1.56 1.17 0.92 0.79 0.57 0.29 0.15 0.18 0.42 0.85 1.20 1.24 1.33 1.39 1.25 1.20 1.18 1.07 0.90 0.86 0.92 0.94 0.90 0.85 0.80 0.76 0.72 0.74 0.82 0.86 0.91 0.96 0.98 1.00 1.01 1.04 1.09 1.10 1.14 1.21 1.04 0.75 0.68 0.80 0.93 1.18 1.62 2.01 2.08 1.75 1.28 1.02 0.87 0.77 0.68
0.47 0.57 0.74 0.74 0.72 0.69 0.66 0.68 0.71 0.72 0.71 0.75 0.76 1.15 1.63 1.35 0.98 0.89 0.87 0.98 1.05 0.88 0.68 0.54 0.34 0.27 0.51 0.99 1.47 1.62 1.39 1.08 0.90 0.74 0.53 0.26 0.13 0.26 0.77 1.16 1.10 1.12 1.26 1.21 1.14 1.13 1.04 0.90 0.85 0.88 0.89 0.87 0.84 0.80 0.75 0.72 0.74 0.82 0.86 0.90 0.95 0.99 1.01 1.01 1.04 1.10 1.13 1.16 1.27 1.26 0.94 0.66 0.60 0.61 0.70 1.14 1.73 2.06 2.10 1.87 1.34 0.93 0.81 0.77
0.42 0.46 0.61 0.76 0.80 0.71 0.59 0.57 0.64 0.74 0.80 0.82 0.83 1.29 1.58 1.35 1.14 1.00 0.86 0.93 0.99 0.82 0.65 0.54 0.37 0.23 0.30 0.70 1.13 1.43 1.54 1.39 1.07 0.85 0.71 0.45 0.18 0.18 0.64 1.11 1.09 0.99 1.09 1.12 1.10 1.11 1.06 0.92 0.86 0.87 0.87 0.86 0.83 0.80 0.75 0.72 0.74 0.80 0.84 0.87 0.92 0.97 1.01 1.02 1.04 1.09 1.15 1.20 1.29 1.37 1.24 0.87 0.64 0.56 0.48 0.61 1.18 1.68 1.97 2.14 1.89 1.20 0.97 0.84
0.51 0.47 0.48 0.65 0.85 0.87 0.71 0.58 0.56 0.63 0.77 0.88 1.08 1.39 1.39 1.21 1.21 1.20 1.14 1.10 1.05 0.86 0.66 0.52 0.38 0.26 0.24 0.46 0.80 1.05 1.34 1.57 1.45 1.10 0.88 0.59 0.31 0.22 0.51 0.98 1.07 0.98 0.99 1.00 1.02 1.07 1.05 0.95 0.89 0.88 0.86 0.86 0.84 0.82 0.79 0.74 0.74 0.79 0.83 0.86 0.88 0.93 0.98 1.02 1.09 1.15 1.19 1.26 1.33 1.40 1.42 1.22 0.82 0.58 0.48 0.45 0.71 1.20 1.53 1.92 2.07 1.68 1.30 0.99
0.62 0.57 0.49 0.52 0.70 0.91 0.96 0.80 0.66 0.66 0.70 0.90 1.36 1.38 1.05 0.98 1.09 1.14 1.16 1.32 1.35 1.07 0.78 0.59 0.43 0.32 0.26 0.30 0.50 0.67 0.87 1.32 1.59 1.48 1.19 0.85 0.56 0.39 0.47 0.80 0.97 0.98 0.97 0.92 0.92 0.98 0.99 0.94 0.91 0.88 0.86 0.82 0.80 0.81 0.82 0.78 0.76 0.78 0.83 0.85 0.87 0.91 0.93 0.98 1.11 1.26 1.32 1.37 1.42 1.47 1.53 1.48 1.14 0.71 0.52 0.40 0.48 0.87 1.17 1.52 1.87 1.81 1.47 1.17
0.63 0.68 0.62 0.47 0.45 0.61 0.91 1.00 0.95 0.95 0.85 1.14 1.48 1.15 0.80 0.83 0.90 0.94 0.89 1.09 1.42 1.46 1.22 0.87 0.62 0.45 0.32 0.25 0.31 0.40 0.53 0.91 1.33 1.57 1.50 1.18 0.84 0.68 0.61 0.71 0.88 0.96 0.96 0.91 0.89 0.92 0.94 0.93 0.91 0.89 0.86 0.81 0.72 0.68 0.75 0.78 0.78 0.80 0.84 0.87 0.88 0.91 0.91 0.92 1.06 1.29 1.47 1.57 1.62 1.69 1.72 1.74 1.55 1.05 0.63 0.35 0.38 0.73 1.02 1.25 1.62 1.74 1.45 1.14
0.56 0.72 0.79 0.54 0.39 0.41 0.55 0.79 1.00 1.13 1.23 1.51 1.46 0.86 0.69 0.73 0.78 0.84 0.77 0.74 1.02 1.37 1.49 1.40 1.15 0.84 0.55 0.32 0.27 0.29 0.35 0.54 0.88 1.29 1.55 1.39 1.06 0.92 0.85 0.80 0.89 0.99 0.99 0.96 0.92 0.90 0.90 0.91 0.91 0.89 0.88 0.86 0.76 0.57 0.54 0.63 0.71 0.77 0.82 0.87 0.91 0.92 0.89 0.86 0.91 1.07 1.30 1.49 1.67 1.83 1.90 1.93 1.91 1.60 0.86 0.47 0.48 0.82 1.14 1.33 1.50 1.63 1.48 1.09
0.50 0.69 0.90 0.75 0.51 0.42 0.43 0.49 0.70 0.96 1.46 1.74 1.28 0.77 0.68 0.67 0.72 0.81 0.76 0.59 0.64 0.86 1.16 1.40 1.40 1.28 1.11 0.81 0.47 0.34 0.32 0.37 0.51 0.88 1.37 1.43 1.18 1.01 0.94 0.89 0.92 1.01 1.02 0.99 0.96 0.93 0.90 0.90 0.90 0.90 0.89 0.91 0.88 0.68 0.46 0.42 0.56 0.69 0.74 0.80 0.87 0.89 0.86 0.79 0.76 0.79 0.86 0.99 1.22 1.56 1.82 1.93 2.02 1.90 1.29 0.75 0.72 0.96 1.37 1.54 1.36 1.46 1.53 1.12
0.54 0.62 0.83 0.94 0.78 0.60 0.52 0.50 0.58 0.65 1.23 1.89 1.42 0.80 0.70 0.66 0.72 0.83 0.75 0.56 0.54 0.61 0.76 0.98 1.10 1.15 1.22 1.22 1.01 0.71 0.51 0.41 0.36 0.56 1.10 1.27 1.12 0.98 0.92 0.92 0.93 0.98 1.00 0.99 0.97 0.94 0.91 0.91 0.91 0.92 0.92 0.94 0.94 0.83 0.54 0.33 0.40 0.58 0.67 0.71 0.77 0.84 0.85 0.78 0.71 0.73 0.75 0.74 0.81 1.02 1.38 1.75 2.02 2.03 1.58 1.07 0.88 1.00 1.49 1.69 1.37 1.43 1.50 1.08
0.67 0.59 0.60 0.85 1.00 0.94 0.80 0.68 0.63 0.59 0.94 1.80 1.67 0.96 0.82 0.78 0.82 0.87 0.75 0.61 0.57 0.59 0.64 0.70 0.75 0.77 0.82 1.03 1.13 1.08 0.94 0.69 0.44 0.49 0.89 1.08 1.01 0.90 0.87 0.90 0.94 0.97 0.99 0.99 0.97 0.94 0.92 0.91 0.92 0.94 0.97 0.98 0.97 0.88 0.63 0.35 0.29 0.43 0.61 0.69 0.69 0.76 0.85 0.84 0.78 0.79 0.82 0.75 0.72 0.78 0.91 1.32 1.91 2.06 1.68 1.25 0.97 0.93 1.44 1.76 1.57 1.53 1.43 1.05
0.88 0.68 0.44 0.54 0.86 1.11 1.18 1.08 0.88 0.65 0.90 1.54 1.47 1.08 1.05 1.06 1.09 1.12 1.02 0.86 0.74 0.67 0.66 0.63 0.61 0.61 0.58 0.61 0.76 0.91 1.06 1.05 0.80 0.62 0.79 0.97 0.94 0.86 0.82 0.86 0.92 0.96 0.98 1.00 0.98 0.95 0.93 0.92 0.93 0.95 0.99 1.03 1.02 0.90 0.69 0.45 0.27 0.31 0.51 0.65 0.65 0.67 0.77 0.86 0.89 0.93 0.97 0.89 0.83 0.84 0.84 1.00 1.57 1.97 1.74 1.38 1.14 0.94 1.14 1.62 1.77 1.62 1.38 1.19
1.14 0.81 0.42 0.33 0.45 0.79 1.13 1.38 1.31 0.98 1.11 1.34 1.15 0.93 0.95 1.05 1.18 1.24 1.26 1.29 1.27 1.15 0.99 0.83 0.68 0.62 0.55 0.50 0.50 0.48 0.69 1.04 1.00 0.77 0.79 0.93 0.93 0.87 0.84 0.85 0.89 0.94 0.97 1.01 1.02 0.98 0.95 0.95 0.97 0.97 1.01 1.10 1.10 0.92 0.71 0.50 0.25 0.20 0.35 0.52 0.56 0.58 0.64 0.74 0.84 0.96 1.06 1.08 1.06 1.07 1.06 1.10 1.41 1.80 1.73 1.51 1.43 1.23 1.02 1.34 1.77 1.73 1.60 1.36
1.30 0.95 0.49 0.34 0.30 0.37 0.61 1.11 1.49 1.41 1.25 1.15 0.97 0.78 0.67 0.77 1.01 1.09 1.05 1.16 1.36 1.44 1.45 1.43 1.23 0.87 0.66 0.57 0.52 0.40 0.45 0.81 0.97 0.84 0.83 0.94 0.97 0.92 0.88 0.86 0.89 0.94 0.95 0.99 1.03 1.02 0.99 1.00 1.02 1.02 1.06 1.17 1.19 1.01 0.77 0.54 0.27 0.10 0.19 0.37 0.47 0.51 0.56 0.61 0.66 0.77 0.92 1.03 1.09 1.15 1.22 1.28 1.49 1.79 1.81 1.62 1.57 1.47 1.24 1.38 1.76 1.99 2.03 1.69
1.25 1.13 0.80 0.54 0.39 0.32 0.35 0.68 1.37 1.57 1.33 1.10 0.97 0.78 0.61 0.58 0.78 0.95 0.92 0.86 0.98 1.17 1.32 1.53 1.67 1.52 1.09 0.80 0.70 0.61 0.51 0.67 0.88 0.86 0.84 0.91 0.97 0.96 0.93 0.90 0.91 0.95 0.95 0.95 0.99 1.01 0.98 1.02 1.05 1.05 1.12 1.24 1.28 1.16 0.92 0.62 0.35 0.13 0.08 0.16 0.32 0.45 0.51 0.54 0.57 0.63 0.73 0.83 0.90 0.94 0.99 1.07 1.29 1.66 1.84 1.74 1.58 1.42 1.27 1.45 1.72 1.95 2.28 2.16
0.94 1.12 1.26 1.04 0.77 0.47 0.28 0.58 1.35 1.58 1.27 1.15 1.07 0.85 0.67 0.54 0.56 0.75 0.91 0.86 0.78 0.82 0.89 1.09 1.48 1.75 1.57 1.01 0.77 0.72 0.60 0.63 0.78 0.84 0.84 0.86 0.93 0.97 0.96 0.95 0.94 0.97 0.98 0.96 0.99 1.01 0.97 0.98 1.04 1.07 1.15 1.31 1.38 1.31 1.10 0.74 0.44 0.21 0.14 0.10 0.08 0.31 0.46 0.51 0.54 0.57 0.65 0.73 0.81 0.89 0.83 0.68 0.76 1.14 1.54 1.76 1.67 1.28 1.06 1.31 1.48 1.59 2.08 2.43
0.55 0.77 1.15 1.30 1.27 0.87 0.41 0.65 1.40 1.43 1.04 1.10 1.21 1.07 0.82 0.61 0.48 0.51 0.69 0.81 0.76 0.70 0.66 0.77 1.08 1.56 1.77 1.31 0.78 0.71 0.69 0.68 0.75 0.82 0.84 0.84 0.88 0.92 0.95 0.97 0.97 0.99 0.99 0.97 1.00 1.07 1.05 0.96 0.98 1.07 1.15 1.30 1.45 1.46 1.27 0.88 0.55 0.30 0.14 0.17 0.14 0.09 0.35 0.48 0.51 0.53 0.60 0.68 0.78 0.93 0.88 0.59 0.48 0.71 1.13 1.68 1.79 1.31 0.99 1.11 1.23 1.30 1.67 2.40
