windninja/windninja_output/Output_2025-08-09_0400-0450_Google earth_Fire_150m_10min/merlingen_7.5mi_point_08-09-2025_0440_150m_ang.asc
ncols	158
nrows	163
xllcorner	391686.332397
yllcorner	5160024.123721
cellsize	150.000000
NODATA_value	-32768.000000
[rows 84 to 125 of 163, columns 0 to 93 of 158]
227 220 218 226 227 227 225 224 225 222 216 213 213 215 217 217 217 217 215 212 210 208 207 206 200 199 203 206 207 209 209 209 211 214 217 220 221 220 218 216 213 210 208 207 208 208 208 207 208 209 208 207 206 205 207 210 211 211 211 211 211 211 211 211 211 211 211 210 210 210 209 208 208 207 206 204 202 199 195 189 181 182 191 199 206 206 207 209 210 212 214 216 217 218
228 231 235 237 238 237 234 232 231 226 219 215 213 215 217 217 217 218 218 215 213 210 207 204 199 197 203 207 208 208 209 210 210 211 215 216 218 220 221 218 213 211 211 211 213 215 216 216 217 216 214 214 213 211 210 211 212 212 212 212 211 211 211 211 211 211 211 210 210 210 209 209 208 207 206 205 203 200 196 189 181 179 185 196 205 207 208 211 211 212 214 217 219 220
236 240 243 245 246 243 238 232 229 225 219 216 214 215 217 218 218 221 223 222 219 215 210 202 195 194 199 205 208 208 209 210 209 208 209 211 212 215 217 217 214 212 211 212 214 216 217 219 220 219 218 217 217 214 213 212 213 213 212 212 212 211 211 211 211 211 211 211 210 210 210 209 209 208 207 205 203 201 197 190 180 174 178 190 204 209 210 212 213 214 216 217 217 215
246 248 250 249 244 237 230 224 222 222 219 217 216 214 217 219 219 222 224 223 220 213 205 190 180 185 195 201 206 208 209 210 209 207 208 209 209 211 213 214 213 211 210 212 214 216 218 220 221 221 219 218 217 217 216 216 215 214 213 212 212 211 211 211 211 211 211 211 211 210 210 210 209 208 207 206 205 202 198 192 180 169 169 182 201 210 212 214 217 219 220 218 214 209
250 249 244 236 228 222 219 218 220 223 222 217 213 211 212 215 217 220 221 218 211 199 187 180 178 183 193 201 205 208 209 210 211 211 211 212 211 212 213 214 213 211 209 209 212 215 217 219 219 219 217 216 216 216 216 217 217 217 215 213 211 210 210 211 211 211 211 211 211 211 210 210 209 209 208 207 206 204 201 195 184 170 163 174 198 211 216 218 220 222 221 216 213 213
246 241 230 226 222 218 217 219 220 222 221 214 209 209 212 213 215 217 217 211 198 184 181 183 185 187 195 202 206 208 210 210 211 212 213 214 214 215 218 220 219 216 212 210 211 214 217 219 219 217 215 213 211 210 211 213 216 219 220 214 209 208 209 210 211 211 211 211 211 211 211 210 210 209 209 208 207 205 203 198 191 179 168 174 204 224 229 228 225 225 223 218 220 226
241 235 227 227 226 222 218 218 215 216 217 213 207 209 211 211 211 212 212 204 185 179 184 192 191 192 198 203 207 209 211 211 212 212 213 214 213 213 216 219 221 220 217 214 213 215 217 219 220 218 216 212 209 207 207 211 215 218 217 210 203 205 208 210 211 211 211 212 212 211 211 211 211 210 210 209 208 207 205 202 198 191 184 187 210 231 239 237 233 233 230 224 229 234
234 229 221 219 217 213 209 207 206 211 215 212 206 205 204 203 204 206 208 199 180 181 194 198 196 196 201 206 208 211 212 213 214 213 214 214 213 212 211 214 218 220 219 218 217 216 218 221 222 221 218 214 210 207 205 208 211 210 210 206 200 202 207 209 211 211 212 212 212 212 212 211 211 211 211 210 209 208 207 206 204 200 195 196 208 220 230 236 238 240 236 234 242 247
224 218 209 207 206 201 194 191 194 204 211 209 204 203 203 201 199 197 197 195 189 190 201 204 201 201 206 209 211 213 214 215 215 214 214 214 213 212 211 212 215 219 221 221 220 219 221 224 226 227 224 219 213 207 202 202 205 207 209 210 205 203 206 209 211 212 212 212 212 212 212 212 212 212 211 211 211 210 210 209 208 206 204 204 212 222 231 241 246 246 246 250 257 259
212 208 202 201 201 197 193 189 190 200 206 202 195 193 194 196 192 188 193 200 202 198 203 206 205 206 209 211 213 215 217 219 219 216 214 213 214 214 213 212 211 216 220 222 222 222 223 224 227 228 228 222 212 206 201 200 208 214 217 217 213 208 208 210 211 212 212 213 213 213 213 213 213 212 212 212 212 212 211 211 211 211 211 214 222 234 244 253 256 253 252 254 257 257
196 197 197 198 199 198 196 192 189 196 203 200 195 192 192 196 196 195 203 213 211 205 206 209 209 210 212 213 215 217 221 223 222 216 213 213 215 215 214 212 208 209 215 219 219 219 220 221 222 222 221 216 206 205 206 207 215 222 222 221 217 212 210 211 212 213 213 213 213 213 213 213 213 213 213 213 213 213 213 213 213 214 215 218 224 234 244 252 253 250 248 247 247 247
175 186 195 198 201 200 198 193 188 194 204 206 204 205 205 211 213 221 223 222 217 218 218 220 217 215 214 215 216 217 219 219 217 214 213 214 216 216 215 212 208 204 209 214 214 213 213 213 213 212 212 212 207 205 209 211 214 219 219 219 218 214 212 213 213 213 213 214 214 214 214 214 214 214 214 214 214 214 214 214 215 216 217 220 223 228 234 239 241 241 240 240 240 240
153 172 191 196 202 203 202 197 193 201 221 225 225 226 231 238 239 243 238 222 226 233 235 235 227 219 216 215 215 214 214 216 218 218 216 216 217 217 215 214 209 204 205 210 211 210 209 208 207 208 212 216 213 210 212 214 216 218 219 219 218 215 214 214 214 214 214 214 214 215 214 214 214 215 215 215 215 215 215 216 216 217 218 220 222 225 228 231 233 234 235 235 235 236
138 157 185 197 207 212 211 209 207 214 231 239 241 237 241 245 249 250 240 228 232 240 245 246 232 216 213 215 215 216 220 224 225 224 221 220 221 220 217 214 211 205 203 208 211 210 210 211 213 217 221 221 219 214 214 217 219 220 220 221 220 218 217 216 215 215 215 215 215 215 215 215 215 216 216 216 216 216 216 217 217 218 219 220 222 224 226 227 229 230 231 231 232 232
124 138 184 206 221 224 222 221 222 225 238 252 262 263 262 262 260 255 245 237 235 238 240 236 213 205 211 216 220 225 230 232 231 228 225 224 225 224 219 215 211 206 202 206 213 216 219 223 226 227 225 223 221 218 217 218 219 219 218 219 220 220 220 219 217 216 215 215 215 216 216 216 216 216 216 217 217 217 217 218 218 219 219 220 222 223 224 226 227 228 228 229 229 230
111 118 192 229 242 244 246 244 243 244 248 255 262 270 271 268 264 258 251 241 232 229 227 222 210 209 216 221 226 231 234 235 235 233 228 225 224 224 221 215 211 207 202 204 211 215 218 222 224 223 222 221 219 218 217 217 218 218 218 217 217 218 220 220 220 218 216 216 216 217 217 217 217 217 217 218 218 218 218 218 219 219 220 221 222 222 223 224 225 226 227 227 228 228
120 130 204 238 249 254 259 260 258 254 254 255 259 267 272 268 264 261 250 235 229 228 228 225 222 222 226 229 231 235 239 242 243 240 235 229 226 224 222 216 209 206 202 200 206 212 216 219 220 220 220 219 217 217 216 216 216 218 218 214 213 214 216 218 219 218 217 216 216 217 218 218 218 219 219 219 219 219 219 219 220 220 220 221 222 222 223 224 224 225 226 226 227 227
145 160 211 237 248 254 257 259 258 256 254 253 251 251 253 253 247 243 233 227 231 234 235 234 233 234 235 236 238 241 245 248 250 251 248 242 234 229 226 218 208 204 201 198 202 211 216 218 218 218 218 217 216 216 217 216 215 216 216 214 213 213 215 216 217 216 215 215 216 219 220 221 220 220 220 220 220 220 220 220 220 221 221 221 222 222 223 223 224 224 225 225 226 226
174 188 219 237 245 250 253 253 253 252 251 248 243 235 229 228 229 225 219 223 232 236 238 239 238 239 243 245 246 247 249 251 252 255 256 254 246 237 231 223 211 203 200 196 196 204 211 213 213 215 216 217 216 215 216 215 214 214 215 214 212 211 213 215 217 216 215 215 217 221 225 225 223 222 222 222 222 222 222 222 221 221 221 222 222 222 223 223 223 224 224 225 225 226
198 206 222 233 240 244 247 249 250 250 249 246 239 230 225 225 227 225 223 230 236 236 239 241 241 242 245 249 249 250 250 250 251 253 254 256 256 249 240 231 218 205 199 194 190 195 205 210 212 214 215 216 215 214 214 213 213 214 214 214 212 210 211 214 217 217 215 215 216 219 225 228 227 226 226 226 225 225 224 223 223 222 222 222 222 222 223 223 223 224 224 224 225 225
212 215 224 232 238 244 247 249 250 252 252 250 246 244 246 247 244 240 242 247 243 237 238 239 239 239 242 244 246 249 250 251 251 251 252 255 258 259 251 238 222 205 195 189 184 187 199 207 210 213 214 215 215 214 213 213 213 213 214 214 214 212 212 213 216 216 215 213 212 215 221 227 230 234 235 235 233 230 227 226 225 224 223 223 223 223 223 223 223 224 224 224 225 225
221 222 227 233 239 244 247 248 249 252 255 257 259 261 262 263 261 258 256 253 245 240 238 237 235 234 237 239 241 245 249 251 251 249 250 252 253 250 240 229 216 200 190 183 178 179 189 199 204 208 211 212 212 213 214 214 213 213 214 215 215 214 214 215 216 217 215 212 211 214 218 222 226 229 233 236 237 236 234 233 230 226 224 223 223 223 223 223 224 224 224 224 225 225
226 226 228 231 235 240 243 244 245 246 247 247 249 250 254 258 259 257 253 246 243 243 239 233 230 231 233 235 238 242 245 247 246 244 245 249 248 239 229 219 208 196 186 178 171 169 177 189 197 202 207 209 210 212 213 213 213 214 215 216 216 215 214 215 216 216 216 213 210 213 217 220 221 221 222 226 229 231 233 236 235 229 225 224 224 223 223 224 224 224 225 225 225 225
228 227 227 230 233 236 237 235 232 230 228 228 230 234 242 248 251 251 247 242 239 241 238 228 225 227 228 228 233 240 242 243 237 233 239 245 243 233 225 216 198 188 182 175 168 163 166 177 189 197 204 208 209 210 212 212 212 213 214 216 216 216 215 214 215 215 216 214 210 212 216 219 220 221 221 223 225 223 222 226 231 230 226 225 224 224 224 224 225 225 225 225 225 226
228 227 226 227 228 226 223 219 217 219 224 228 230 233 237 240 241 241 239 237 237 239 236 225 220 223 224 221 227 236 239 238 230 223 235 243 238 226 218 209 191 181 177 171 167 162 159 166 179 191 200 207 209 210 211 212 213 213 213 213 215 216 215 215 216 216 216 215 211 210 214 218 220 221 222 222 223 222 221 224 228 228 227 226 225 225 225 226 226 226 226 226 226 227
229 227 224 223 219 217 217 218 220 226 232 234 233 233 235 237 234 228 227 230 236 240 237 226 217 218 220 218 225 235 235 231 224 220 236 242 233 219 209 205 195 184 173 166 163 161 156 157 169 183 194 201 205 208 210 211 212 213 212 210 212 215 216 215 217 218 217 216 213 210 212 218 220 220 220 221 222 223 223 225 228 228 227 225 226 226 227 227 228 228 228 228 228 228
228 226 223 222 221 223 227 230 233 234 235 236 233 231 234 236 230 217 216 224 234 242 238 226 216 213 215 215 222 231 232 227 222 222 235 239 226 214 207 203 196 190 180 164 156 156 155 153 159 173 185 195 202 206 208 209 210 213 213 211 211 214 216 215 216 219 219 216 214 211 210 215 219 219 220 222 224 225 225 226 228 230 229 226 227 229 230 230 230 231 231 231 231 231
226 225 225 227 230 232 235 236 235 234 234 237 235 231 231 233 226 207 208 219 230 239 238 223 215 212 209 207 214 223 229 228 221 221 229 230 220 211 206 199 192 193 193 175 155 151 151 149 151 162 175 187 197 205 207 207 208 212 215 213 211 214 216 215 215 216 218 217 214 211 209 213 219 220 221 223 224 225 226 228 229 230 230 227 225 227 232 235 236 237 237 238 237 236
230 230 231 232 233 232 231 231 231 231 229 232 232 227 228 232 224 201 200 211 220 230 235 221 212 215 209 203 207 216 223 226 221 220 227 226 218 213 206 199 195 198 200 188 167 156 151 145 143 150 164 179 192 202 206 206 206 210 214 213 211 212 215 215 214 214 216 216 214 212 211 215 219 221 222 223 224 223 224 226 228 230 230 228 225 224 230 236 241 244 245 243 239 237
234 233 233 233 234 233 231 228 227 224 222 226 227 222 225 230 222 194 189 199 210 222 231 226 214 219 216 211 207 210 218 223 224 227 233 232 226 219 209 202 200 199 198 193 179 164 155 148 142 142 151 167 183 196 204 205 204 207 212 213 211 210 213 215 213 213 214 214 213 211 210 213 216 218 220 223 223 222 221 223 226 229 229 230 228 225 228 233 236 239 242 240 235 234
232 232 232 232 231 230 229 227 224 222 220 222 222 218 222 229 219 185 176 189 201 215 224 226 219 216 215 214 213 208 211 219 225 232 238 238 230 221 211 202 196 191 190 192 184 170 161 158 153 146 145 155 172 189 200 204 203 205 210 212 211 209 210 214 212 211 212 213 213 211 210 212 216 217 218 222 223 223 221 222 226 228 226 225 225 222 223 227 226 229 232 230 229 231
230 229 228 227 226 225 225 225 224 222 221 219 216 214 220 228 218 185 172 182 196 207 213 216 217 214 211 210 213 208 203 211 222 231 235 229 219 213 208 199 189 185 188 193 189 176 168 166 162 154 148 149 160 179 196 203 204 205 208 211 211 208 209 213 212 209 210 212 213 213 212 213 217 220 219 220 223 224 222 221 226 228 224 221 221 217 217 220 221 226 229 227 225 226
226 227 227 226 226 224 223 222 222 222 221 217 211 209 217 227 221 191 174 177 190 197 200 206 212 214 211 210 215 208 195 200 214 226 231 221 208 202 200 192 184 184 190 195 193 183 175 169 164 160 154 151 155 170 190 202 205 204 206 209 210 208 209 212 212 209 209 211 213 212 212 212 215 219 221 222 223 224 224 224 228 231 226 221 220 216 213 216 220 226 228 225 222 220
225 227 228 228 227 225 221 217 217 219 221 217 206 203 215 227 227 196 171 168 178 186 189 196 204 208 208 209 213 209 196 196 205 215 216 207 197 193 191 188 184 187 192 196 197 189 178 169 166 165 162 158 157 164 182 198 204 204 205 208 209 207 208 211 211 209 208 210 211 211 211 210 212 216 219 221 222 223 224 224 228 231 227 220 219 216 212 214 220 224 225 222 218 217
227 227 228 229 227 224 218 214 215 217 221 218 203 198 212 226 229 204 166 157 162 175 183 189 195 200 199 199 205 208 204 196 195 204 209 207 199 191 187 187 188 191 194 196 197 191 180 173 170 170 169 164 160 162 176 193 203 205 205 207 207 205 206 208 208 207 206 208 210 211 210 209 209 212 216 219 219 221 223 223 225 229 226 220 218 216 213 215 220 222 221 218 216 218
228 227 227 229 228 222 218 216 218 219 222 222 205 197 209 222 229 218 173 149 145 160 176 185 189 192 191 193 200 203 200 193 191 201 212 214 209 197 192 193 194 195 195 195 193 191 185 177 174 174 173 169 164 163 171 188 201 205 204 206 207 204 204 207 207 207 206 207 210 212 211 209 208 209 213 217 218 219 221 224 227 229 227 220 217 216 214 215 219 220 219 216 215 220
227 225 225 228 229 226 224 224 224 221 221 224 210 197 205 218 228 226 199 157 138 140 160 178 187 190 192 195 198 197 198 196 199 210 218 220 215 207 203 203 203 201 198 197 196 195 190 183 179 178 177 173 168 165 170 185 199 204 204 206 206 204 206 210 214 218 216 211 211 213 212 209 208 208 210 214 217 219 222 226 229 230 227 221 218 216 214 215 218 219 218 216 214 218
225 223 219 219 220 221 222 226 228 222 219 226 215 194 198 211 225 229 216 189 150 122 124 156 180 187 191 195 199 199 203 209 214 218 223 222 219 218 213 210 210 209 208 206 205 203 198 193 188 185 182 177 171 168 171 182 197 203 204 206 208 209 214 222 228 236 239 229 217 215 213 211 210 208 208 210 213 216 220 223 225 227 225 220 217 215 213 214 217 219 218 214 211 214
219 217 213 210 210 210 213 218 224 223 219 228 221 191 190 205 222 230 226 215 191 136 101 91 126 170 184 192 199 201 204 214 219 220 226 225 223 223 216 209 212 216 218 217 214 211 208 202 196 191 187 181 174 171 172 180 194 202 205 209 214 219 225 227 225 227 231 231 223 218 216 214 212 210 207 206 209 213 216 218 221 224 222 216 214 213 211 211 214 217 215 210 210 214
216 216 213 208 207 208 210 214 220 221 220 232 229 196 189 204 221 229 231 230 223 200 137 72 58 71 116 173 190 194 199 214 222 223 228 228 223 224 220 209 207 214 220 220 216 213 210 202 196 193 189 184 178 174 174 180 194 208 213 217 221 224 224 221 217 219 221 222 222 219 219 218 215 212 209 205 205 208 211 213 215 218 217 214 213 213 211 210 214 217 214 208 208 215
216 217 214 210 208 210 211 213 218 218 219 232 234 210 198 206 220 226 228 232 235 228 200 163 123 82 81 122 162 177 194 215 224 224 229 230 224 224 223 213 205 209 217 222 219 214 208 200 193 191 190 188 183 177 177 184 198 214 222 222 220 218 215 213 213 216 218 220 222 221 224 230 228 220 214 207 202 204 207 208 210 215 217 215 214 214 211 211 217 218 213 205 205 213
212 213 212 207 205 208 210 211 214 213 217 229 235 224 214 215 219 220 220 222 228 232 220 193 171 153 144 154 164 176 194 216 226 225 229 232 227 224 225 217 208 206 212 222 223 218 210 200 192 191 192 192 187 181 180 186 197 208 214 213 209 210 209 209 211 215 217 219 221 222 223 233 241 239 227 214 205 202 205 207 209 215 219 217 216 214 211 211 216 217 210 202 203 212
