windninja/windninja_output/Output_2025-08-09_0400-0450_Google earth_Fire_150m_10min/merlingen_7.5mi_point_08-09-2025_0450_150m_ang.asc
ncols	158
nrows	163
xllcorner	391686.332397
yllcorner	5160024.123721
cellsize	150.000000
NODATA_value	-32768.000000
[rows 42 to 83 of 163, columns 0 to 93 of 158]
253 252 249 247 245 244 243 242 241 239 238 238 237 237 237 236 236 235 236 235 235 235 234 235 235 234 234 235 235 238 240 239 236 232 225 221 223 228 229 227 227 228 227 227 227 224 224 225 226 230 238 238 232 229 234 237 234 233 236 239 237 233 233 232 232 235 238 237 235 231 227 230 231 224 229 232 216 198 203 217 225 227 231 236 239 236 228 226 231 236 240 242 243 246
252 251 249 246 245 244 242 241 240 239 238 238 237 237 236 236 236 236 236 236 235 235 235 235 235 234 235 235 236 238 239 238 235 230 224 220 223 227 226 226 229 231 232 232 229 226 227 230 233 238 242 240 231 227 232 236 234 234 236 239 240 239 239 236 235 236 235 234 229 221 219 223 224 220 224 224 210 199 204 217 225 229 235 240 239 232 226 228 233 237 240 241 245 249
251 250 248 247 245 244 242 241 240 239 238 238 237 237 236 236 236 236 236 235 235 235 235 235 235 235 235 235 236 236 238 237 234 230 226 224 228 232 231 230 232 234 237 236 230 227 230 234 237 239 239 235 228 225 229 233 233 233 236 239 240 242 243 242 243 241 237 233 226 218 218 222 222 221 222 219 208 201 208 220 228 233 238 241 237 229 227 232 236 240 242 244 251 253
249 249 248 247 245 243 242 241 240 239 238 238 237 236 236 236 236 236 236 235 235 235 235 235 235 235 235 236 236 236 236 236 234 231 228 230 235 236 235 234 234 237 239 236 227 227 232 236 239 238 236 233 229 227 230 233 233 235 238 239 240 240 241 243 246 245 240 235 226 223 226 228 228 227 225 220 208 203 211 222 229 236 242 241 234 230 230 234 237 240 243 249 256 254
249 248 247 246 245 244 243 242 240 239 238 238 237 237 236 236 236 236 236 235 235 235 235 235 235 236 236 236 236 236 236 236 235 233 231 233 236 238 237 235 236 239 240 234 226 229 235 239 240 236 234 231 229 229 232 234 235 238 242 241 238 239 241 243 245 244 240 235 229 228 233 234 234 232 227 220 210 205 214 225 233 239 243 241 235 233 234 235 236 239 243 251 255 251
248 248 247 245 244 245 244 243 241 240 239 238 237 237 237 236 236 236 236 236 236 235 235 236 236 236 236 236 236 236 236 237 237 236 235 235 237 238 238 239 240 241 238 231 227 233 240 242 238 233 231 229 228 230 231 232 236 240 243 242 238 241 244 245 246 244 240 235 230 230 234 235 235 233 227 221 213 211 221 232 240 243 242 239 236 235 236 236 237 239 243 248 250 246
247 247 246 244 244 245 245 244 242 241 240 239 238 237 237 237 237 237 236 236 236 236 236 236 236 236 236 236 236 236 236 237 237 237 236 236 238 239 240 242 243 242 238 231 230 237 241 240 235 229 227 228 230 233 232 234 238 242 243 239 237 243 246 247 248 246 240 235 232 232 234 235 235 232 227 222 218 219 227 235 240 241 240 237 234 233 234 235 237 240 242 244 244 242
247 247 245 243 244 246 246 245 243 241 240 239 238 238 238 238 237 237 237 236 236 236 236 236 236 236 236 236 236 236 236 237 237 237 236 236 238 240 240 242 243 243 239 234 236 242 242 237 232 226 223 227 232 233 233 236 241 244 241 236 235 241 245 248 249 245 240 235 233 233 233 234 232 229 226 222 220 221 226 233 236 238 237 235 233 233 232 233 236 238 239 240 240 240
248 247 244 242 244 245 245 245 244 242 241 240 239 238 238 238 237 237 237 237 236 236 236 236 236 236 236 236 236 236 237 237 237 237 237 237 239 240 240 240 241 242 240 238 241 245 241 235 232 227 226 231 233 231 232 237 242 243 238 235 236 241 246 250 249 244 239 235 234 234 234 234 232 228 226 223 221 221 226 231 235 236 235 234 234 234 233 234 237 238 237 238 238 238
249 247 243 242 244 244 243 243 243 243 241 240 239 239 238 238 238 237 237 237 237 237 236 236 237 236 236 236 237 237 237 237 237 237 238 239 240 241 241 240 240 243 242 240 244 245 239 232 231 230 231 236 237 235 237 243 244 241 235 234 236 241 249 252 249 242 237 233 233 234 234 233 230 228 227 226 224 223 226 231 233 235 237 237 236 236 237 238 239 238 236 236 237 237
250 248 243 244 246 245 242 243 243 242 241 240 240 239 239 239 239 238 237 238 237 237 237 237 237 237 237 237 237 237 237 237 237 238 238 239 240 241 242 240 241 244 244 242 243 243 236 228 227 228 228 231 233 236 243 248 245 238 234 234 236 241 250 253 247 239 234 231 231 232 232 230 228 227 228 228 227 226 229 232 232 234 238 240 242 242 242 241 240 239 236 236 235 236
248 247 244 244 246 245 242 242 243 242 241 241 241 240 240 239 239 238 238 238 238 238 238 238 237 237 237 237 237 237 237 237 238 238 239 239 240 241 242 241 242 244 244 242 241 239 233 224 226 227 226 229 232 237 245 248 242 235 233 235 237 243 251 251 244 235 229 226 229 230 229 227 225 226 229 229 228 230 235 236 233 234 236 237 240 244 245 242 240 238 237 236 234 233
244 244 245 245 245 243 241 241 242 242 243 242 242 241 240 240 239 239 239 238 238 238 238 238 238 237 237 237 237 238 238 238 238 238 239 239 240 240 241 242 244 246 245 243 241 239 232 225 228 229 227 232 236 240 246 245 236 230 231 235 238 244 251 249 240 230 223 220 224 226 224 223 225 228 230 229 228 231 237 236 233 234 234 233 233 238 242 242 240 237 236 236 234 234
243 244 245 246 248 247 244 242 242 242 243 243 243 243 242 241 240 240 239 239 238 238 238 238 238 238 238 238 238 238 238 238 238 239 239 239 240 240 241 242 245 248 247 244 243 241 235 231 231 229 227 234 237 242 247 242 230 228 232 235 239 244 247 245 237 226 220 218 222 224 223 224 228 230 230 229 228 232 235 234 233 234 234 231 230 232 232 233 235 237 239 240 239 242
244 244 244 244 247 249 248 245 243 243 242 243 244 244 243 242 241 241 240 239 239 239 239 239 238 238 238 238 238 238 238 238 239 239 239 239 240 240 241 242 244 246 246 244 243 242 240 237 234 228 228 236 238 243 247 239 227 228 233 238 242 245 245 242 235 225 220 219 224 226 224 226 228 228 229 227 228 232 234 232 232 233 234 232 231 230 228 227 229 234 243 248 250 253
245 245 244 242 243 245 247 247 246 245 242 240 242 244 244 243 242 241 241 240 240 239 239 239 239 238 238 238 238 238 239 239 239 239 239 240 240 240 241 241 242 243 244 244 244 244 244 243 239 231 230 239 241 246 247 236 225 229 235 239 243 245 245 241 234 225 219 220 223 225 225 227 228 227 227 226 227 231 231 229 229 231 233 233 234 234 232 229 228 232 241 251 258 260
244 244 244 243 242 242 244 245 247 247 243 239 239 242 245 246 244 243 241 241 241 240 240 240 239 239 239 239 239 239 239 239 239 239 239 240 240 240 241 241 242 242 243 244 244 246 247 249 247 239 235 241 245 248 246 235 226 232 239 242 243 243 243 240 234 225 218 216 217 222 225 227 228 227 227 225 228 230 228 226 225 228 231 232 234 235 234 234 233 237 247 255 258 262
244 244 243 244 244 244 244 245 247 249 246 241 239 241 243 245 246 245 243 242 241 241 241 240 239 239 239 239 239 239 239 239 239 240 240 240 240 240 241 241 241 242 242 243 244 245 246 248 250 249 244 246 248 248 244 235 230 239 244 244 243 242 241 239 234 226 218 211 214 223 226 227 228 228 226 226 229 229 227 225 225 228 230 229 230 232 233 236 240 249 258 260 258 259
243 243 243 244 244 245 246 246 248 248 247 243 241 240 240 241 244 246 245 243 242 241 241 240 240 240 240 240 240 240 240 240 240 240 240 240 240 240 241 241 241 242 242 242 243 244 244 246 248 251 253 254 252 249 244 236 236 244 247 246 244 243 242 239 234 228 219 210 216 226 228 228 229 229 226 226 229 228 226 226 227 229 230 229 229 231 234 239 249 259 261 258 255 249
243 243 244 244 244 245 246 247 248 247 246 244 243 241 239 239 240 243 245 245 243 243 242 241 240 240 240 240 240 240 240 240 240 240 240 240 240 240 241 241 241 241 242 242 243 243 244 245 247 250 254 259 259 253 245 240 244 248 249 247 246 244 243 240 235 230 220 212 220 228 228 229 230 229 227 228 229 227 225 226 227 229 231 231 232 234 240 247 257 262 259 253 247 238
244 245 245 245 245 245 245 247 247 247 247 246 246 244 241 239 239 240 243 244 245 244 243 242 241 241 241 241 241 240 240 240 240 240 240 240 240 241 241 241 241 241 242 242 242 243 244 245 246 248 252 258 261 257 248 245 249 251 250 248 246 244 243 239 235 230 220 216 224 229 228 230 231 229 227 228 227 226 225 225 227 229 231 233 236 241 251 259 262 260 254 247 240 234
247 247 247 247 247 247 246 246 246 246 247 247 247 246 243 241 239 239 240 242 244 245 244 242 241 241 242 242 241 241 241 241 241 241 241 241 241 241 241 241 241 241 242 242 243 243 244 245 246 247 250 255 259 256 248 246 250 251 250 247 244 241 240 238 238 234 225 223 227 228 228 230 232 229 226 226 225 225 223 223 225 227 230 234 238 246 258 265 264 256 245 241 236 232
248 248 248 248 249 249 249 249 248 247 247 248 247 245 245 243 241 239 238 239 241 243 244 244 242 242 242 242 242 242 241 241 241 241 241 241 241 241 241 241 241 242 242 242 243 243 244 244 245 247 249 254 258 257 251 248 250 250 249 247 243 238 238 242 245 241 232 230 229 228 228 231 232 228 224 223 223 222 219 220 223 226 230 235 241 253 260 261 257 246 238 236 232 231
246 246 246 247 248 249 249 249 250 249 249 249 249 246 245 245 244 240 238 238 239 240 242 244 244 243 243 242 242 242 242 241 241 241 241 241 241 241 241 241 241 242 242 242 243 243 244 244 245 246 249 252 257 258 256 255 252 249 247 246 241 235 237 242 242 238 233 230 229 229 229 232 233 228 223 221 221 219 216 219 224 228 234 238 247 257 259 254 245 235 233 231 230 230
241 241 242 246 248 249 247 246 247 248 250 249 248 247 246 245 245 244 241 239 237 236 238 241 243 244 244 243 242 242 242 242 242 242 242 242 241 241 241 242 242 242 242 242 243 243 243 244 245 246 248 250 254 257 260 263 261 254 249 245 236 229 234 238 236 234 231 229 229 230 231 233 233 227 222 220 219 217 215 219 226 231 235 240 248 253 253 246 236 231 228 227 227 228
229 232 235 239 244 247 244 242 244 247 250 249 246 245 246 246 245 245 244 242 238 235 236 238 239 242 244 245 245 244 243 243 242 242 242 242 242 242 242 242 242 242 242 242 243 243 243 244 245 246 247 249 251 254 258 264 268 263 255 248 237 231 238 240 237 234 231 229 230 232 232 235 234 228 222 220 218 215 213 218 225 231 238 242 249 252 247 237 232 229 225 224 226 227
215 226 230 231 234 237 233 233 240 246 247 246 244 243 243 244 245 245 245 244 241 238 237 236 236 237 241 245 248 247 246 244 243 243 243 242 242 242 242 242 242 242 242 242 243 243 243 244 245 245 246 247 249 251 254 259 263 265 261 254 246 244 248 247 242 236 232 230 231 231 232 235 236 230 224 222 219 214 213 220 228 236 242 245 255 255 244 232 229 226 224 223 225 227
219 231 238 236 236 235 228 225 234 239 238 234 234 235 235 236 240 244 245 245 243 242 241 239 235 233 238 244 247 248 248 246 245 244 243 243 243 242 242 242 242 242 242 242 243 243 243 244 244 245 246 247 248 249 251 253 256 258 259 257 254 256 259 256 250 243 238 234 232 230 231 235 237 230 224 224 221 217 216 226 235 242 245 249 260 257 240 229 227 223 222 222 224 227
236 246 257 258 254 247 238 233 239 241 236 231 230 230 230 231 234 238 241 243 244 244 244 243 237 232 237 241 243 245 247 248 247 246 244 243 243 243 243 242 242 242 242 243 243 243 243 244 244 245 245 246 247 248 249 250 251 253 254 254 255 258 262 263 261 257 251 245 239 234 233 237 237 228 223 224 224 221 222 231 239 244 247 255 262 254 235 227 224 222 220 221 223 225
243 249 259 266 266 261 257 256 258 254 246 242 241 239 236 235 235 236 237 238 241 243 245 244 237 232 236 238 239 240 243 245 248 247 246 245 244 243 243 243 243 243 243 243 243 243 243 244 244 244 245 246 246 247 248 248 249 250 250 251 252 254 257 260 262 264 264 260 253 246 241 242 238 228 224 226 227 224 225 233 241 246 252 261 259 244 228 224 222 222 221 222 223 223
247 251 257 261 263 263 263 266 267 262 254 253 253 250 247 244 242 240 238 236 237 239 242 241 236 233 237 239 238 238 239 241 244 247 247 246 245 244 243 243 243 243 243 243 243 243 243 244 244 244 245 245 246 246 247 247 248 248 249 249 250 251 252 254 256 259 261 263 263 262 260 255 245 233 229 230 231 228 226 233 243 251 259 263 253 232 221 221 223 224 223 225 227 227
251 254 259 261 262 263 263 265 266 261 256 254 253 252 250 249 247 246 244 240 238 238 238 238 236 234 238 240 239 238 238 238 241 243 245 246 246 245 244 243 243 243 243 243 243 243 243 244 244 244 245 245 245 246 246 246 247 247 247 248 248 249 250 251 252 253 254 257 260 265 269 267 257 244 239 238 238 233 228 234 245 256 263 259 242 225 220 221 225 225 223 226 230 236
254 257 262 264 265 266 265 265 263 261 258 255 253 251 250 249 248 248 247 245 244 242 241 239 237 235 238 240 240 240 238 238 239 240 241 243 244 245 245 244 243 243 243 243 243 243 244 244 244 244 244 245 245 245 246 246 246 246 247 247 247 248 248 249 249 250 251 252 255 258 261 263 261 254 248 245 241 235 229 236 251 260 261 249 231 222 220 222 226 226 226 225 227 245
256 259 264 269 271 271 270 268 265 262 260 258 255 253 252 250 249 248 247 246 246 245 244 243 240 238 239 241 241 240 239 239 239 240 241 241 243 244 245 244 244 243 243 243 243 243 244 244 244 244 244 245 245 245 245 245 246 246 246 246 247 247 247 248 248 248 249 250 251 252 253 254 256 257 256 251 243 234 230 242 257 260 253 238 225 219 221 224 227 231 235 232 238 255
256 259 264 271 276 277 276 273 269 266 263 260 257 255 254 252 250 249 248 247 246 245 245 244 242 240 241 244 243 241 240 240 241 242 243 244 244 245 245 244 244 243 243 243 244 244 244 244 244 244 245 245 245 245 245 245 245 245 246 246 246 246 247 247 247 248 248 249 249 250 250 250 252 254 257 257 249 236 235 251 260 256 245 233 225 224 227 229 232 240 248 255 264 264
258 259 263 269 278 283 283 280 275 271 267 262 259 257 256 254 252 251 249 247 246 246 245 244 241 239 243 246 246 244 241 241 241 242 243 243 244 245 245 245 244 243 243 244 244 244 244 244 245 245 245 245 245 245 245 245 245 245 245 245 246 246 246 246 247 247 247 248 248 248 248 249 250 252 254 257 255 245 246 258 258 249 238 233 231 235 239 238 240 247 255 262 266 262
261 259 257 264 278 286 288 286 282 277 270 264 260 258 256 254 253 252 250 248 247 246 246 244 239 238 242 246 247 244 242 240 240 240 241 241 241 243 244 246 244 244 244 244 244 244 245 245 245 246 246 245 245 245 245 245 245 245 245 245 245 245 246 246 246 246 247 247 247 248 248 248 249 250 251 254 255 254 257 260 253 239 231 231 230 232 235 238 245 250 255 258 261 257
258 255 249 253 269 283 290 290 286 282 272 264 260 257 256 254 253 252 250 249 248 247 247 245 239 238 241 243 244 242 241 241 240 240 241 241 239 239 242 245 245 245 245 245 245 245 246 246 247 247 247 246 246 245 245 245 245 245 245 245 245 245 245 245 246 246 246 246 247 247 247 247 248 248 249 250 252 256 261 259 247 232 226 227 225 226 231 242 251 255 255 256 256 253
250 247 242 247 255 266 279 280 278 277 268 261 258 257 256 254 253 252 251 249 249 248 248 245 240 240 243 243 242 241 241 242 240 239 239 240 238 238 240 242 243 244 246 247 247 247 247 248 249 250 249 248 247 246 245 245 245 245 245 245 245 245 245 245 245 246 246 246 246 246 247 247 247 247 248 248 250 253 257 253 238 227 225 224 224 229 241 254 257 257 255 255 254 252
248 249 250 253 261 263 253 247 254 256 254 254 255 255 256 255 254 253 252 251 250 249 248 245 241 242 245 244 242 241 241 242 241 239 238 237 237 237 238 239 238 239 243 247 249 251 251 251 254 256 255 251 248 246 245 245 245 245 245 245 245 245 245 245 245 245 246 246 246 246 246 246 247 247 247 248 248 249 250 244 228 222 224 225 227 239 256 260 258 255 254 253 252 249
259 259 260 265 267 258 244 237 238 240 242 247 252 254 254 254 254 253 253 252 252 250 249 246 242 243 246 245 244 243 243 244 245 245 243 240 237 237 238 238 236 235 237 240 243 245 246 247 249 252 253 253 251 248 246 245 245 245 245 245 245 245 245 245 245 245 245 246 246 246 246 246 246 246 247 247 247 247 245 239 222 217 223 228 237 255 261 261 258 255 253 251 249 247
258 256 256 260 257 249 243 238 237 238 241 247 251 253 254 254 254 255 255 255 254 253 251 248 244 244 245 245 243 243 243 244 245 246 247 246 243 241 240 239 237 235 234 235 235 236 236 237 239 240 241 243 246 246 245 245 245 245 245 245 245 245 245 245 245 245 245 245 246 246 246 246 246 246 247 247 247 246 245 240 220 212 220 231 251 264 264 261 258 257 254 251 249 247
