windninja/windninja_output/Output_2025-08-09_0400-0450_Google earth_Fire_150m_10min/merlingen_7.5mi_point_08-09-2025_0410_150m_ang.asc
ncols	158
nrows	163
xllcorner	391686.332397
yllcorner	5160024.123721
cellsize	150.000000
NODATA_value	-32768.000000
[rows 0 to 41 of 163, columns 0 to 95 of 158]
283 282 281 281 281 283 284 281 278 279 278 270 253 243 245 254 263 268 272 281 289 281 267 264 269 274 273 266 263 264 263 262 261 260 258 262 266 265 265 264 260 259 259 260 263 265 268 270 267 264 262 260 260 260 259 257 254 254 255 256 254 252 250 248 245 243 243 246 251 254 253 251 247 245 245 246 246 247 249 249 247 243 243 245 247 245 241 240 241 238 236 237 236 234 232 233
284 283 283 284 283 283 282 280 279 279 278 273 259 251 253 259 267 273 277 282 287 286 276 270 270 271 271 269 267 265 264 263 262 262 262 263 264 265 266 265 263 262 261 262 265 266 267 269 269 267 264 263 261 260 258 256 255 255 255 256 255 253 251 250 248 246 246 248 251 253 252 250 248 247 247 246 245 247 249 248 246 244 245 245 246 246 243 241 242 240 240 240 239 238 236 236
287 286 286 287 286 284 281 280 281 282 283 280 272 267 265 268 273 278 281 282 284 289 289 279 271 269 270 272 270 267 266 266 266 266 268 267 265 266 266 266 267 267 266 267 268 268 267 267 267 267 266 264 262 259 258 258 258 257 256 256 255 254 253 253 252 251 251 252 253 253 251 249 250 251 250 248 246 248 249 247 243 244 246 245 245 247 244 242 242 242 244 245 243 242 241 239
288 286 285 286 285 285 285 286 288 289 289 286 280 276 274 275 277 280 280 279 280 285 290 286 276 272 271 271 270 268 268 268 269 270 271 270 269 267 267 269 269 269 270 271 270 270 269 266 264 264 265 263 260 259 259 259 259 259 258 257 256 255 254 254 253 253 253 254 255 254 251 250 252 253 252 250 249 250 250 247 242 243 246 245 247 248 244 241 240 240 242 244 244 242 242 241
288 286 284 285 286 288 290 291 291 290 288 288 286 282 280 279 278 278 277 275 277 282 290 293 284 278 274 273 272 271 269 268 270 272 273 271 270 270 271 272 273 273 273 272 271 269 268 266 264 263 262 260 260 259 259 259 260 260 259 258 257 256 255 255 254 254 254 255 256 253 251 252 254 253 252 251 253 254 251 246 244 245 247 246 248 250 247 244 243 240 239 241 242 241 241 241
289 288 287 286 287 289 292 291 289 286 285 289 291 287 283 280 276 274 274 273 274 279 288 296 291 284 279 275 273 273 271 270 271 271 271 271 272 274 274 274 275 275 274 272 270 268 266 265 264 262 259 258 260 260 260 259 260 261 260 259 258 257 256 256 255 255 255 256 256 252 250 252 255 254 251 251 253 255 252 246 245 250 251 249 249 250 250 251 252 247 244 243 241 240 241 240
288 289 290 289 288 290 290 289 287 286 287 291 295 290 284 281 277 274 274 274 275 277 284 294 295 289 283 279 277 275 273 274 273 271 270 273 275 276 275 274 274 273 272 271 269 267 266 265 264 261 259 259 259 259 260 260 261 262 262 261 260 257 256 255 255 256 256 257 256 252 250 252 255 253 251 251 252 253 249 244 247 252 253 251 251 251 252 254 259 259 257 253 248 245 244 244
288 288 290 291 290 289 287 285 285 287 290 295 299 294 285 281 279 276 275 276 276 277 281 289 296 293 287 283 281 278 277 277 274 272 272 274 275 274 272 271 271 270 269 268 268 267 266 265 264 262 260 261 260 258 259 262 263 263 263 263 261 258 255 254 254 255 257 258 256 254 253 254 253 251 251 252 252 250 245 244 251 255 253 251 251 251 252 253 257 262 265 263 258 254 250 252
288 288 288 290 289 287 285 284 285 289 292 297 302 297 287 282 281 280 277 276 276 276 278 284 293 297 292 286 283 281 280 279 276 274 274 274 273 271 269 268 267 267 267 267 267 267 266 265 264 262 261 262 260 259 261 263 264 264 264 263 261 260 258 255 253 254 257 258 256 254 255 256 254 251 251 252 253 249 244 247 254 257 256 252 251 250 249 251 253 255 257 258 258 257 255 257
288 287 287 288 289 288 286 286 287 290 293 298 302 299 290 283 281 281 280 279 278 278 279 282 288 295 295 288 285 284 282 280 278 276 274 272 270 269 267 266 267 267 268 268 267 267 267 266 265 264 263 263 261 263 265 265 265 264 263 260 260 261 260 258 257 259 259 258 255 252 253 256 255 253 252 252 253 250 247 250 255 257 258 257 257 255 253 253 253 249 247 250 254 253 254 258
288 288 288 288 288 288 288 288 290 292 294 297 301 300 292 285 283 283 284 283 281 280 280 281 285 290 295 290 285 285 282 279 278 276 273 270 268 267 267 267 267 267 267 266 266 267 267 266 264 264 266 265 264 266 267 265 263 263 261 259 259 261 261 263 266 265 263 259 254 252 254 255 256 254 252 252 253 255 255 256 255 254 254 258 262 262 260 260 257 250 248 252 253 251 253 256
289 289 288 288 289 289 290 290 291 292 294 296 299 300 295 289 286 285 285 286 284 282 280 280 282 284 287 286 283 282 279 276 276 275 273 270 267 267 269 269 267 266 266 264 264 264 265 263 261 263 267 267 267 268 267 265 262 261 260 259 260 261 264 271 273 271 267 262 256 256 257 256 255 254 251 251 253 256 260 261 257 253 252 255 260 262 261 261 257 250 252 255 254 252 255 256
289 289 289 289 289 290 290 290 291 292 293 295 297 299 296 290 288 287 286 286 286 284 281 278 277 275 277 279 280 279 277 276 276 276 273 270 269 270 271 269 267 267 265 263 262 260 257 256 258 262 266 266 267 267 268 268 265 261 257 257 260 263 268 276 278 276 272 268 266 265 262 258 257 256 255 255 254 255 257 258 257 255 255 256 258 257 257 258 253 247 252 255 253 253 257 258
289 289 289 289 290 290 290 291 291 292 293 294 296 298 294 289 288 290 288 286 286 283 279 274 270 269 273 277 278 277 277 277 277 275 273 271 271 272 271 269 268 265 262 261 260 258 253 251 254 260 262 264 265 265 268 271 270 263 256 256 260 265 270 275 278 277 275 277 282 279 269 263 262 261 262 261 260 258 256 255 258 260 259 259 256 253 256 256 251 248 254 256 254 254 258 258
289 289 290 290 290 290 290 291 291 292 292 294 297 299 295 289 289 291 291 286 283 280 276 271 270 271 275 277 277 276 275 276 277 275 275 274 271 268 267 265 264 259 256 260 261 259 258 258 255 255 259 263 263 264 266 269 271 267 260 259 263 267 271 271 270 272 276 280 286 292 284 273 268 266 264 264 264 261 258 260 264 264 263 260 255 254 257 255 249 248 256 259 257 256 260 261
289 290 290 290 290 290 291 291 291 292 292 294 297 301 298 292 289 290 290 287 283 280 277 273 272 274 277 276 275 275 276 277 277 275 274 271 266 264 261 259 258 256 257 262 263 260 262 266 262 257 259 262 263 265 264 264 266 268 265 264 266 269 271 269 264 267 272 276 281 292 297 285 275 268 265 265 263 261 261 265 267 266 264 261 257 256 256 254 250 249 254 259 258 257 260 263
290 290 290 290 291 291 291 291 291 292 293 294 296 300 300 293 288 287 287 287 284 281 278 275 274 275 276 277 276 277 278 276 272 267 264 262 263 263 260 259 259 261 264 264 263 263 263 263 266 268 266 264 265 266 264 260 260 263 267 267 269 270 270 267 264 265 269 273 276 281 291 290 281 276 272 268 264 263 266 267 264 261 261 259 258 257 255 254 255 256 255 255 255 255 257 260
290 290 290 291 291 291 291 292 292 292 293 294 295 297 299 293 288 285 285 284 282 280 278 277 277 275 275 278 279 277 274 269 263 259 258 261 264 265 264 264 265 266 267 265 263 264 265 264 267 272 272 269 267 265 263 260 260 262 266 268 269 269 268 266 266 266 268 271 272 272 278 285 284 283 281 273 269 268 267 264 259 259 259 256 255 255 255 255 259 264 263 256 253 253 254 254
291 291 291 291 291 292 292 292 293 293 292 293 294 295 296 293 288 285 282 280 278 278 278 278 276 274 275 276 277 274 269 262 259 258 260 263 265 267 266 266 267 266 266 265 264 265 268 271 270 270 271 271 269 265 263 263 263 263 266 268 268 267 265 265 267 268 268 268 268 270 275 279 279 279 281 280 276 271 265 261 260 261 260 257 253 252 253 255 258 263 266 260 256 255 253 251
291 291 291 292 292 292 292 292 293 293 292 292 293 293 293 292 288 284 281 279 279 279 279 278 277 276 275 274 273 271 267 262 259 260 263 265 266 268 269 269 268 267 266 265 266 268 271 273 271 268 268 270 271 270 268 267 264 263 265 267 266 264 264 266 268 269 268 266 267 272 274 274 272 271 273 275 271 267 264 262 263 263 263 260 256 253 253 254 257 261 264 261 258 257 256 252
291 292 292 292 292 292 292 292 292 293 292 292 292 292 292 290 287 285 283 282 281 281 280 279 278 276 275 273 272 270 267 263 260 263 266 268 270 272 272 271 269 267 266 266 268 270 270 270 270 270 269 270 273 274 273 269 266 265 264 264 264 263 265 268 269 270 269 269 271 273 270 267 266 268 269 267 261 258 260 262 264 264 263 262 260 256 254 254 257 261 262 260 257 257 257 256
292 292 292 292 293 293 293 292 292 293 293 292 291 292 291 290 288 286 285 283 282 282 281 280 278 276 274 273 271 270 268 265 265 269 272 272 271 271 271 269 266 265 265 267 269 270 269 270 271 271 270 270 272 273 273 272 270 268 264 262 261 263 265 268 270 272 273 273 272 269 263 259 261 266 269 266 259 255 255 257 260 261 261 263 261 258 255 255 258 261 260 255 253 255 257 257
292 292 292 293 293 293 293 293 292 293 293 292 291 291 291 290 288 287 286 284 283 282 281 280 278 276 274 272 271 270 270 271 272 273 273 272 270 267 266 266 265 265 266 267 268 269 271 272 272 272 270 270 270 270 273 274 273 271 266 261 260 262 265 269 274 276 276 274 268 261 255 255 259 264 268 268 262 258 255 254 254 254 257 261 262 261 257 256 258 259 257 249 248 254 256 257
293 293 293 293 294 294 293 293 292 293 293 293 292 291 291 290 289 288 286 285 284 283 282 280 278 276 273 270 269 271 273 276 276 273 270 270 268 266 265 267 268 268 267 266 269 273 272 271 271 271 270 269 269 271 273 274 273 271 268 263 261 263 267 273 279 279 276 270 261 254 252 255 261 266 267 265 264 264 260 254 250 250 252 256 260 264 263 261 259 259 255 244 248 255 256 257
293 293 294 294 294 294 294 293 293 293 293 293 292 291 290 290 289 288 287 285 284 283 282 280 278 274 270 267 268 272 275 277 277 273 270 268 266 267 269 270 270 270 268 270 273 272 269 268 269 270 270 270 271 272 272 273 272 271 269 265 263 265 270 276 279 277 271 262 255 252 253 259 267 269 264 257 262 269 266 258 252 250 249 249 254 262 266 265 262 260 252 241 248 255 256 257
294 294 294 294 294 294 294 294 293 293 293 293 292 291 290 289 289 288 287 286 285 283 282 280 277 273 267 266 269 273 276 277 279 276 272 268 265 267 271 273 273 273 273 274 273 269 266 267 268 269 270 270 271 272 273 274 271 267 266 267 269 273 276 276 272 268 263 254 250 251 258 268 272 268 259 250 256 268 272 266 259 254 248 246 249 255 259 260 262 261 252 241 246 252 254 255
294 294 294 295 295 295 295 294 294 293 293 292 292 291 290 289 289 288 287 286 285 283 282 280 278 273 267 267 269 271 273 277 280 280 276 270 265 267 271 275 276 277 278 276 272 267 265 266 268 269 268 268 270 273 276 276 268 262 264 270 277 281 280 274 265 259 253 247 247 253 264 272 273 267 256 245 251 261 273 276 268 260 252 248 249 250 249 250 256 258 254 246 246 249 250 252
295 295 295 295 295 295 295 295 294 293 293 292 291 291 290 289 289 288 287 286 285 284 283 281 279 275 270 269 269 269 270 275 279 281 280 276 270 269 272 276 278 279 279 277 273 270 267 266 267 270 268 267 269 273 277 276 264 260 267 274 279 281 278 271 262 254 248 244 249 259 267 270 269 264 254 245 250 258 266 277 276 267 260 257 255 251 245 245 251 253 253 252 252 250 248 248
295 295 295 295 295 296 295 295 294 293 292 292 291 291 291 290 289 288 287 286 285 285 284 283 282 280 277 275 271 267 266 271 276 279 282 284 279 274 275 278 280 280 280 278 276 273 270 266 265 269 270 268 268 270 272 271 263 263 269 276 279 277 271 264 258 253 247 246 257 266 268 267 263 257 250 249 255 259 261 269 278 275 267 264 261 255 249 249 251 250 250 253 258 257 252 249
296 296 296 296 296 296 296 295 294 293 293 292 291 291 291 290 289 288 288 287 286 285 284 284 284 285 285 280 273 267 265 266 270 277 286 292 288 280 279 281 283 282 280 278 276 274 271 270 268 268 269 267 266 265 265 263 264 267 269 275 278 274 264 256 254 254 250 252 263 270 270 265 257 251 249 252 259 259 259 265 275 279 273 267 263 258 255 256 254 249 247 250 258 263 261 256
297 297 297 296 296 296 296 295 294 294 293 292 291 291 290 290 289 289 288 287 286 285 285 284 285 288 288 283 275 268 264 264 269 278 288 296 293 284 281 282 283 281 278 275 273 272 273 274 273 269 265 265 263 261 259 255 258 268 271 272 273 269 258 252 254 257 256 259 265 270 271 263 256 253 252 254 256 255 257 262 270 276 274 269 264 260 259 258 255 250 246 247 253 264 269 267
298 298 298 297 296 296 297 296 295 294 293 292 291 290 290 289 289 289 288 287 286 286 285 285 287 290 289 285 277 270 268 270 274 279 285 294 292 286 283 281 279 277 274 271 270 271 274 275 272 267 265 264 262 259 255 249 254 266 272 271 268 262 252 250 256 262 263 263 266 268 267 261 260 260 257 255 253 253 255 259 263 266 270 270 268 265 262 259 256 253 250 249 250 259 269 272
298 298 298 298 296 297 297 296 295 294 293 292 291 291 290 289 289 288 288 287 286 287 287 287 288 290 291 288 284 279 278 279 277 275 278 289 292 285 281 277 273 272 270 270 269 270 272 271 267 265 266 265 264 261 255 250 256 263 267 269 266 258 248 249 256 264 269 268 265 264 262 261 264 264 260 255 252 253 255 257 256 255 261 268 269 267 265 261 257 255 254 252 251 256 263 270
299 299 299 298 297 297 297 296 294 294 293 292 291 290 290 289 288 288 288 288 287 288 288 289 289 291 292 292 292 288 283 279 275 272 274 286 293 283 277 273 270 268 268 268 267 269 270 267 265 265 265 266 266 263 258 258 263 264 262 262 262 259 250 249 255 261 269 273 268 263 262 263 264 262 258 256 255 255 254 252 249 248 255 263 267 263 261 260 256 253 253 253 255 258 262 266
300 300 300 299 297 297 297 296 294 293 293 292 291 290 289 289 288 288 288 288 288 288 289 290 290 291 292 293 294 290 284 278 275 273 274 280 290 281 273 270 267 265 265 264 265 268 268 265 265 266 265 265 265 264 263 264 268 268 263 259 259 259 253 252 255 258 264 273 274 270 265 262 260 257 256 258 260 260 256 249 244 243 249 257 263 260 257 257 256 252 250 252 256 261 264 264
301 301 301 299 299 298 298 296 294 294 293 292 291 290 289 288 288 288 288 288 288 288 288 290 290 290 291 292 293 291 287 283 280 279 275 273 276 275 269 265 263 261 261 262 264 267 267 266 267 266 265 264 264 265 267 268 268 268 266 262 260 259 258 257 256 255 259 268 277 276 268 260 257 255 257 261 262 261 260 255 248 244 245 251 256 260 258 255 253 252 252 253 256 260 263 264
303 303 302 300 299 298 297 296 295 293 293 292 291 290 289 289 288 288 288 288 287 287 288 289 289 290 292 293 293 292 292 290 286 281 274 268 264 263 262 260 259 260 261 263 266 267 268 268 267 266 266 266 265 267 268 268 266 266 266 263 262 261 262 265 260 256 258 265 273 273 265 259 259 259 260 260 259 256 259 263 259 250 246 247 252 261 264 255 252 253 255 255 255 258 260 261
304 304 302 301 299 298 297 296 294 293 292 292 291 290 290 289 289 288 288 287 287 288 288 288 289 291 293 296 297 295 294 292 286 279 272 265 258 253 255 258 259 262 264 265 268 268 268 268 266 266 268 269 268 267 268 268 265 263 263 263 261 261 263 268 266 260 260 264 266 260 255 257 262 264 260 257 257 252 253 259 261 254 248 245 250 258 263 257 254 256 257 255 256 260 260 254
305 305 303 301 300 298 296 295 294 293 293 292 291 290 290 289 288 288 288 287 287 288 287 288 289 291 294 300 300 294 292 289 284 278 271 262 250 250 256 260 262 265 267 269 269 269 269 268 266 266 269 271 269 266 267 269 267 263 261 260 259 257 258 262 264 262 264 265 261 252 253 260 264 260 252 254 258 252 249 253 255 253 250 248 252 255 255 254 255 256 255 255 260 264 260 251
306 305 304 302 300 298 296 295 295 294 293 292 291 290 289 289 288 288 288 287 287 287 287 287 288 290 294 299 297 291 287 286 283 278 270 258 248 255 259 261 264 267 270 272 270 268 269 270 268 266 268 271 271 267 266 268 267 262 259 258 254 249 248 253 258 261 264 264 257 255 262 266 262 251 245 255 260 249 244 247 245 246 250 254 257 256 254 254 255 254 251 255 263 263 257 251
308 307 305 302 300 299 297 296 295 294 293 292 291 291 290 289 289 288 288 288 287 287 287 287 288 289 292 295 293 288 285 285 283 277 268 258 257 260 260 262 265 269 272 273 271 269 269 270 270 267 267 271 275 273 267 264 262 261 259 255 250 244 243 248 256 260 262 261 258 262 267 264 258 249 248 258 259 241 240 244 240 238 246 254 257 257 257 255 253 252 249 255 259 259 257 255
310 309 306 304 301 300 298 297 295 294 294 293 292 291 290 289 289 288 288 288 288 287 287 287 287 288 290 291 291 289 285 283 282 278 270 264 265 266 267 267 268 270 270 271 273 272 270 268 267 267 267 270 274 274 268 261 258 257 257 254 249 243 244 248 252 259 260 259 260 263 259 255 255 251 254 260 254 231 235 244 242 239 244 249 253 256 253 248 249 252 252 254 253 254 257 256
