windninja/windninja_output/Output_2025-08-09_0400-0450_Google earth_Fire_150m_10min/merlingen_7.5mi_point_08-09-2025_0430_150m_ang.asc
ncols	158
nrows	163
xllcorner	391686.332397
yllcorner	5160024.123721
cellsize	150.000000
NODATA_value	-32768.000000
[rows 0 to 41 of 163, columns 0 to 93 of 158]
229 229 227 224 223 224 223 220 220 220 219 216 212 213 219 227 235 238 238 243 238 222 216 219 224 228 228 224 222 223 224 225 228 227 226 231 236 238 239 237 233 233 234 236 238 240 244 244 237 230 228 227 227 228 229 230 230 231 233 233 232 230 230 229 227 225 227 230 235 237 236 235 233 232 232 233 234 237 240 239 237 235 236 239 241 240 236 236 237 235 234 235 234 232
228 228 227 224 225 225 224 223 224 224 220 214 210 212 218 225 230 230 232 235 230 218 215 219 224 226 225 223 224 225 226 227 227 227 228 231 232 233 233 232 231 231 231 233 234 234 236 236 234 232 231 230 231 232 231 231 231 231 232 233 232 231 231 230 228 227 229 232 235 236 235 234 233 233 233 234 234 237 238 238 236 235 237 239 240 240 237 236 238 237 237 237 236 235
225 226 225 224 226 225 223 225 226 223 216 209 206 211 218 224 225 223 225 226 222 215 213 219 224 225 223 223 225 227 228 229 228 228 229 229 228 228 228 227 228 228 229 230 230 229 229 229 228 230 232 232 233 233 232 231 231 231 231 231 231 230 230 230 230 230 232 235 236 236 233 233 234 234 235 234 233 236 237 235 232 234 238 237 238 239 235 235 236 237 240 240 238 237
219 222 222 222 224 222 220 220 219 215 210 204 205 211 218 224 225 223 224 224 222 218 213 215 222 222 221 221 221 223 225 227 228 229 228 227 228 228 228 227 226 225 226 228 227 227 227 226 225 225 226 227 228 229 230 230 231 232 232 232 231 230 230 231 231 231 233 235 237 236 233 233 235 236 236 235 235 237 237 234 230 233 236 235 238 239 233 231 232 233 234 237 237 235
214 218 221 220 221 219 217 218 217 214 210 205 204 211 219 225 227 226 226 226 225 222 216 211 217 219 218 217 216 217 220 222 224 225 225 226 227 227 226 225 223 223 224 225 225 225 226 225 225 225 225 226 227 229 230 231 232 233 233 232 232 231 231 231 231 231 233 236 238 236 234 235 237 237 236 237 239 240 238 235 232 234 236 235 238 240 235 232 231 230 230 232 233 231
215 218 220 220 220 218 218 219 219 216 212 208 205 212 222 227 229 229 228 229 229 227 221 212 215 219 218 218 217 216 217 219 221 221 221 222 223 223 223 222 221 222 224 225 226 227 227 227 227 227 226 227 228 230 231 232 232 233 232 232 232 231 230 231 232 232 233 236 237 234 233 236 238 236 234 235 238 241 239 235 235 238 240 238 239 240 239 238 239 234 231 231 230 228
219 220 221 220 220 219 220 221 219 216 213 209 206 213 225 228 229 228 227 227 228 229 225 216 215 219 221 221 219 218 218 220 221 220 220 220 220 220 221 222 222 224 226 228 229 229 229 228 228 227 226 227 228 229 231 233 233 233 232 232 230 228 228 230 231 232 233 236 236 232 231 233 235 233 231 233 235 237 234 232 236 239 239 239 240 241 242 243 246 246 243 240 236 233
219 220 221 222 223 223 224 223 221 218 214 209 206 213 224 228 227 227 226 225 227 228 226 220 216 217 220 222 220 220 221 223 223 223 223 223 222 223 224 225 226 227 229 230 231 231 231 230 229 228 227 229 228 228 231 233 233 233 232 231 229 226 226 227 229 231 233 235 235 232 231 233 233 231 231 233 236 236 231 231 238 241 238 238 238 239 240 242 245 249 252 251 249 245
218 220 221 223 225 227 227 225 222 219 215 211 207 212 223 227 226 226 226 226 227 228 226 221 215 211 216 221 221 222 226 227 225 226 228 228 228 228 228 229 230 232 232 232 233 232 232 232 231 228 228 230 229 230 233 234 232 232 231 231 230 229 228 228 229 231 233 234 233 231 233 236 236 234 233 234 237 236 231 234 241 243 240 236 235 235 235 236 236 236 239 242 245 244
219 220 222 222 223 225 226 225 222 219 217 213 209 212 222 226 226 226 225 225 226 226 225 221 216 211 212 219 220 222 227 227 226 228 231 231 230 230 231 232 233 233 233 233 234 234 233 233 232 229 231 232 231 232 236 236 234 234 234 234 235 235 234 234 235 236 235 234 231 231 235 238 238 236 235 236 238 236 231 234 239 241 240 238 239 237 236 236 233 229 229 233 237 236
219 220 222 222 222 222 223 222 221 219 218 216 212 213 222 227 228 227 225 225 225 225 224 221 217 212 209 215 220 222 227 229 228 232 234 233 232 232 232 233 232 233 233 234 235 236 235 235 235 234 236 237 235 237 241 241 241 241 241 240 241 242 241 242 245 244 241 237 233 233 237 238 237 235 235 236 239 239 235 235 236 237 237 239 243 243 242 243 239 232 233 237 239 236
219 220 222 222 222 222 222 221 221 219 219 217 214 214 221 228 229 228 227 227 228 227 225 222 219 216 213 216 223 226 230 232 233 235 236 235 234 233 234 233 233 234 234 233 235 236 236 238 240 242 247 248 248 250 252 251 249 248 248 248 250 252 253 257 258 256 251 244 237 237 239 238 236 234 232 233 235 236 236 236 235 235 234 235 239 239 241 245 241 233 238 244 243 239
220 220 221 221 221 221 222 222 221 220 220 219 217 216 223 230 232 230 229 229 229 229 228 226 224 222 220 222 227 230 232 233 235 236 236 237 237 236 235 234 234 235 233 232 234 235 235 238 244 249 253 256 258 260 262 262 258 253 250 252 257 260 264 271 273 269 263 256 248 244 241 239 237 234 229 229 230 231 232 231 233 235 235 236 237 235 238 243 238 230 238 245 244 242
220 220 221 221 221 221 221 222 222 221 221 220 218 217 224 233 237 235 232 231 231 231 231 231 229 226 223 225 227 229 233 235 236 236 235 236 237 237 237 236 237 238 238 240 242 242 238 237 241 247 251 254 256 259 264 268 266 259 250 249 253 256 260 266 272 273 272 273 271 260 247 243 241 236 232 232 235 236 234 233 235 238 238 240 239 236 240 243 238 234 242 247 246 246
220 220 221 221 221 222 222 222 222 221 221 221 218 216 221 230 235 235 235 235 234 233 233 232 230 227 225 225 227 229 233 236 237 235 234 235 236 237 238 240 243 244 246 250 251 249 246 241 237 239 243 246 246 249 252 257 259 254 244 243 246 249 250 250 251 258 264 270 280 284 265 251 246 240 237 239 243 243 241 243 245 245 244 244 242 241 244 244 240 240 249 254 253 253
220 220 221 221 221 222 222 222 222 222 221 221 219 215 218 226 230 230 231 234 234 233 231 230 230 228 225 225 227 228 230 232 231 232 235 238 242 243 244 246 248 247 246 248 246 243 244 244 240 237 237 235 233 235 237 238 240 239 234 239 244 245 245 240 239 244 250 255 262 278 286 268 256 247 243 244 245 245 246 250 251 249 249 249 247 246 248 247 245 244 249 255 255 255
220 220 221 221 221 222 222 222 223 222 222 221 220 217 219 227 229 228 228 229 231 230 229 229 229 228 226 225 226 227 229 231 231 234 240 245 249 249 246 245 243 241 239 240 238 236 237 237 239 239 237 232 229 231 232 232 233 232 229 236 242 244 243 237 236 241 244 247 250 254 270 279 269 260 251 247 244 245 248 250 248 247 249 250 250 252 251 250 253 252 249 249 249 250
220 220 220 221 221 221 222 222 222 222 222 222 222 221 222 229 233 231 229 229 229 230 230 230 231 230 228 227 228 230 232 233 234 236 239 241 242 241 238 237 237 236 238 238 236 236 236 233 233 236 237 234 232 233 233 233 233 231 228 233 239 241 239 235 236 240 243 245 245 246 250 259 266 267 262 252 247 248 251 250 248 249 250 249 250 252 252 251 254 258 255 249 247 247
220 220 220 221 221 221 222 222 222 222 222 223 223 223 225 230 234 234 233 233 232 232 232 233 233 233 231 231 232 234 235 234 232 233 234 236 237 237 236 237 237 237 238 238 236 237 237 235 234 235 237 238 236 234 233 233 233 232 231 233 238 239 237 235 237 240 243 243 242 244 245 243 248 255 259 260 258 258 256 254 254 256 254 250 246 246 246 247 251 256 258 253 250 248
220 220 220 220 221 221 221 222 222 222 223 223 223 224 226 229 233 234 234 234 232 231 231 232 232 232 232 231 232 234 233 231 231 234 237 239 239 238 236 236 235 234 234 234 234 235 236 235 235 238 239 239 238 235 233 232 231 232 233 235 238 240 239 238 240 242 244 242 240 242 240 236 238 242 244 248 254 257 257 256 256 256 254 249 245 244 243 244 249 253 253 250 250 250
220 220 220 220 221 221 222 222 223 222 223 224 224 224 226 228 230 231 231 231 230 230 230 230 230 231 231 231 231 231 229 227 229 232 234 235 235 233 229 230 230 231 232 233 234 236 236 235 235 238 238 238 237 237 236 234 233 233 234 235 236 239 241 241 241 243 242 241 241 240 236 233 237 241 240 235 235 240 246 250 252 252 251 249 246 245 244 244 248 252 251 246 247 249
220 220 220 220 221 221 221 222 222 222 223 224 225 225 225 226 227 228 229 229 229 228 228 228 229 230 230 230 230 229 227 224 226 229 228 228 229 228 227 228 229 230 231 233 235 237 238 236 234 235 236 236 236 237 238 238 237 235 234 234 234 238 241 240 241 242 241 241 241 238 233 232 236 242 242 232 227 231 237 241 245 247 248 249 246 245 243 244 249 251 248 239 240 247
220 220 220 220 220 221 221 222 222 223 223 223 224 224 225 226 226 227 227 227 227 227 227 227 227 228 228 229 229 228 225 222 224 228 229 230 232 231 230 230 230 230 231 233 236 237 235 234 233 234 236 237 236 237 237 237 237 237 234 233 234 238 241 241 241 241 239 239 238 234 231 232 236 242 241 231 224 229 233 236 238 239 243 246 246 245 242 244 248 249 244 232 235 245
220 219 219 220 220 221 221 222 223 223 223 223 223 224 224 225 225 226 226 226 226 226 226 226 226 227 227 229 230 230 227 224 227 230 232 235 236 235 233 232 230 230 231 233 235 234 232 232 233 234 236 237 236 237 236 235 237 237 233 232 235 239 243 244 244 240 238 238 236 233 232 233 239 243 238 228 223 232 236 235 235 235 238 241 244 246 246 247 248 248 242 229 235 245
219 219 219 220 220 221 221 222 223 223 223 223 223 224 224 224 225 225 226 226 225 225 225 225 225 226 226 229 233 234 230 229 231 233 234 234 235 236 235 233 231 230 230 231 234 232 230 233 234 235 237 237 237 237 236 234 235 235 233 233 236 241 245 247 245 242 240 238 236 236 237 239 244 243 236 228 230 240 241 237 236 235 234 235 239 245 249 251 252 250 240 227 236 245
219 219 220 220 221 221 221 222 223 223 223 223 223 224 224 224 224 225 225 225 225 225 225 224 223 223 223 227 233 235 233 233 233 232 232 231 232 235 236 234 232 230 230 233 234 231 231 233 234 234 236 237 239 239 237 234 232 232 234 236 240 245 247 244 238 235 235 233 233 237 241 246 248 242 231 224 232 244 246 241 238 235 231 231 235 238 240 244 251 251 239 225 233 242
219 219 219 220 220 220 221 222 223 223 223 223 223 224 224 224 225 225 225 225 225 224 224 222 221 219 219 225 231 233 233 235 237 236 233 229 229 233 236 233 230 230 231 234 233 228 228 231 233 232 232 235 238 239 238 232 227 230 234 237 245 251 250 242 235 231 228 227 229 235 243 249 247 240 227 219 230 241 248 247 243 238 233 232 234 235 232 234 244 247 240 227 232 238
219 219 219 220 220 220 221 222 222 222 223 223 224 224 224 224 225 224 224 224 224 223 222 221 219 216 216 223 227 228 230 234 238 238 238 233 230 233 236 233 229 231 231 231 229 224 224 227 231 231 229 231 233 235 236 226 220 226 232 237 245 252 250 243 237 233 227 225 229 238 245 247 243 236 224 216 228 239 244 248 249 244 239 239 239 236 230 231 239 242 239 233 235 239
218 219 219 220 220 220 221 222 222 222 223 223 224 224 224 224 224 224 224 223 223 222 221 220 217 213 213 218 221 222 225 230 232 234 234 230 228 232 234 230 225 227 227 227 225 221 222 225 229 229 224 226 230 232 232 219 212 223 233 240 246 246 242 237 235 232 226 225 234 242 246 243 237 231 223 219 230 241 243 246 252 250 246 247 247 242 237 237 240 240 238 238 241 244
218 219 219 220 220 221 221 222 222 222 223 223 224 224 224 224 224 223 223 223 223 222 221 219 216 211 211 215 217 216 220 225 227 229 226 218 217 225 229 225 220 221 220 222 221 218 220 222 225 223 218 221 226 229 227 216 209 224 237 245 250 245 238 233 233 232 227 227 239 248 249 242 234 229 223 223 232 241 244 248 253 255 252 252 250 246 244 244 243 240 237 239 244 251
219 219 219 220 221 221 221 222 222 222 223 223 224 224 224 224 223 223 223 223 223 222 220 218 215 212 212 215 216 217 221 226 226 226 221 210 211 221 226 222 218 218 217 220 219 216 219 222 224 223 219 221 225 228 227 217 216 230 242 248 249 244 238 235 236 236 230 232 245 252 252 245 238 232 224 223 228 235 241 246 250 251 254 253 250 246 245 245 244 240 238 239 244 255
219 219 218 219 221 221 221 221 222 222 222 223 224 224 224 224 224 223 223 223 222 221 220 218 215 213 212 214 215 220 226 229 228 228 224 210 210 221 225 222 220 220 220 223 222 220 223 228 230 230 229 230 230 232 230 220 222 235 246 251 247 237 232 234 239 239 233 235 247 253 250 243 241 235 225 223 225 231 238 243 244 242 247 253 253 251 250 248 246 245 243 242 244 253
219 219 218 220 221 221 221 221 222 222 222 223 223 223 224 224 223 223 223 223 223 221 219 218 217 214 212 210 210 214 220 224 226 230 229 214 212 224 227 225 225 224 225 227 226 226 231 234 234 235 237 237 236 236 232 223 224 233 243 249 247 234 225 230 238 241 236 236 245 248 244 238 238 233 224 222 223 228 237 242 240 236 242 250 254 255 255 252 249 248 248 246 246 251
219 219 219 220 222 222 221 222 222 223 223 223 223 223 224 223 223 223 223 223 223 221 219 218 217 214 211 208 205 209 217 223 225 230 231 218 211 225 227 225 227 226 226 229 230 232 236 236 236 238 239 239 240 239 235 230 230 235 239 243 242 231 218 225 235 240 239 241 245 245 239 235 235 229 223 221 222 226 233 237 235 233 238 246 249 248 249 249 246 245 245 247 250 253
218 218 218 220 222 221 221 221 223 223 223 223 224 224 224 223 223 223 223 222 222 221 220 218 217 215 212 208 206 211 222 226 227 229 229 220 210 221 225 224 226 227 229 233 235 239 240 239 240 241 241 241 242 242 241 239 240 241 241 241 239 230 215 221 233 238 240 244 249 248 241 235 234 229 225 225 225 230 234 233 231 230 234 241 245 243 244 245 244 241 242 245 249 255
217 218 218 220 221 220 220 221 222 223 223 223 224 224 224 224 223 223 223 222 222 222 221 220 219 217 213 210 210 217 227 228 228 228 228 222 214 219 225 227 228 230 233 235 237 240 240 239 240 240 240 240 240 240 240 241 242 244 245 245 243 236 221 220 231 235 238 243 251 253 244 239 236 233 231 230 230 237 242 240 235 231 232 239 243 244 243 242 240 240 242 244 249 254
218 218 219 221 221 221 221 221 222 223 223 223 223 224 224 224 224 223 223 223 223 222 222 221 220 217 214 211 213 221 226 226 227 230 230 225 219 220 227 231 232 233 234 235 237 238 236 236 238 238 238 238 237 237 237 238 238 240 242 245 245 240 228 222 228 234 238 242 247 248 243 243 243 239 235 231 230 235 242 247 243 236 235 237 242 247 245 241 239 240 243 245 248 252
218 218 219 221 221 221 221 222 223 223 223 223 223 223 224 223 223 223 223 223 223 223 222 221 220 217 214 211 213 220 221 223 228 232 233 228 223 224 230 232 232 234 234 234 236 236 234 234 235 236 238 236 234 235 237 236 235 235 237 240 242 239 232 225 227 236 242 246 245 238 236 241 244 240 232 230 229 227 235 243 244 239 236 236 241 246 243 239 241 243 245 246 249 255
218 218 220 221 222 222 222 223 223 223 223 223 223 224 224 224 224 223 223 223 223 223 222 222 220 218 214 210 212 220 223 225 229 232 232 227 222 227 232 231 231 232 232 232 233 233 231 229 228 230 233 232 229 232 235 233 229 229 231 233 234 233 230 225 226 237 247 250 244 234 233 237 238 233 226 230 230 218 228 237 237 235 235 236 242 244 239 235 240 243 243 247 255 259
219 219 221 221 222 222 223 223 223 223 223 223 223 224 224 224 224 224 224 224 223 223 222 222 221 219 216 213 217 225 229 229 230 231 231 225 220 224 228 229 231 232 232 230 229 230 230 227 224 228 231 229 224 224 227 225 220 221 224 226 226 225 226 227 226 236 248 250 241 235 237 239 237 229 223 232 230 208 218 230 229 229 235 242 247 246 241 236 238 240 240 247 258 259
220 220 221 222 222 222 222 223 223 223 223 223 223 223 224 223 223 224 224 224 224 223 223 223 222 220 219 219 222 229 233 232 231 232 230 224 221 223 225 227 228 229 230 228 227 228 227 224 221 225 231 229 220 218 223 222 217 217 223 226 225 225 227 230 230 234 245 246 240 238 241 241 239 229 225 234 228 202 210 225 226 225 232 241 246 248 245 238 236 239 239 247 254 255
221 221 221 222 222 222 223 223 223 223 223 223 223 223 224 224 223 224 224 224 224 223 223 223 223 222 222 222 223 228 233 232 231 231 225 221 223 226 226 225 224 224 224 223 224 223 221 219 217 221 228 229 221 219 226 227 224 223 229 233 231 227 228 231 231 234 241 241 238 237 236 236 236 227 227 235 223 200 206 223 227 226 231 237 242 244 240 233 235 239 242 247 249 251
