windninja/windninja_output/Output_2025-08-09_0400-0450_Google earth_Fire_150m_10min/merlingen_7.5mi_point_08-09-2025_0420_150m_ang.asc
ncols	158
nrows	163
xllcorner	391686.332397
yllcorner	5160024.123721
cellsize	150.000000
NODATA_value	-32768.000000
[rows 84 to 125 of 163, columns 0 to 94 of 158]
262 263 266 264 258 255 252 249 249 250 254 260 262 262 263 264 264 265 267 269 270 269 267 266 267 266 263 260 259 258 257 256 255 255 257 258 258 258 256 254 253 253 254 255 256 256 258 260 262 260 257 257 259 261 262 262 262 262 262 263 263 263 263 263 263 263 263 264 264 264 265 266 266 267 268 270 272 274 278 283 293 298 283 281 285 284 281 277 275 274 272 269 265 262 261
260 259 259 259 256 253 248 246 250 254 258 260 260 260 260 261 262 264 266 269 271 272 271 271 271 271 266 262 261 260 258 256 254 252 253 255 257 258 259 259 258 257 257 258 259 260 262 264 266 265 262 259 258 258 260 262 263 263 263 263 263 263 263 263 263 263 263 264 264 264 265 266 266 267 268 270 271 274 277 283 299 313 310 295 286 282 278 275 273 273 271 269 266 263 262
261 259 258 258 256 252 246 246 252 258 260 258 259 259 259 259 259 261 264 267 270 272 274 276 277 273 267 264 263 262 259 257 256 254 252 251 251 252 255 259 262 261 259 257 258 259 261 264 265 266 266 263 260 259 260 262 263 264 264 264 264 264 264 264 264 263 264 264 264 264 265 266 266 267 268 269 271 274 278 286 303 320 318 299 285 279 276 274 271 270 269 268 268 269 267
262 261 258 258 254 249 246 247 252 256 257 256 258 257 257 256 255 256 260 264 267 268 272 280 285 277 266 263 261 260 259 259 259 260 258 254 250 249 250 252 257 260 260 258 257 258 260 262 263 264 265 265 263 262 262 264 265 266 266 266 266 265 265 264 264 264 264 264 264 264 265 266 266 267 268 269 271 274 279 286 301 318 318 302 285 277 274 272 270 269 269 271 274 274 271
263 262 260 257 252 246 245 246 249 252 253 256 258 255 253 251 249 252 255 260 264 266 274 283 288 276 264 261 259 257 257 259 260 262 263 262 258 254 251 251 252 254 258 259 258 257 258 259 260 261 262 264 265 264 263 264 265 267 269 269 268 267 265 265 264 264 264 264 264 265 265 266 266 267 268 270 272 274 278 284 295 310 314 303 289 278 272 269 269 270 273 276 274 270 267
265 264 260 256 252 248 246 245 244 246 253 258 256 252 250 245 244 249 254 260 265 273 281 283 275 257 257 258 257 256 256 258 259 260 261 265 266 262 257 255 254 254 255 258 259 258 257 257 259 260 260 262 263 264 263 261 262 264 270 274 273 269 266 265 264 264 264 264 264 265 265 266 266 267 268 270 271 274 277 282 290 301 308 301 291 283 275 271 271 274 275 274 267 261 259
264 262 256 253 254 252 248 244 239 242 251 255 251 247 245 242 243 246 253 263 275 284 283 270 243 236 249 254 255 256 257 258 258 258 259 261 264 265 262 258 256 256 256 258 260 260 258 257 257 260 261 263 264 265 262 258 257 260 268 276 277 272 267 265 265 264 264 264 265 265 265 266 266 267 268 269 271 273 275 279 285 293 300 299 293 288 284 278 277 278 274 266 261 260 258
260 257 249 246 248 249 247 241 236 241 249 249 241 239 238 238 240 243 250 266 282 288 272 245 225 228 245 251 254 256 257 258 259 259 260 260 261 263 264 260 256 254 256 259 261 261 260 259 258 260 263 266 268 268 263 258 258 262 266 269 272 270 267 265 265 264 264 265 265 265 265 266 266 267 268 269 271 272 275 278 282 287 294 296 294 292 289 283 280 277 268 259 261 261 260
257 253 244 241 240 240 236 229 226 233 241 241 235 234 236 239 241 243 252 264 274 270 245 230 220 228 243 250 254 256 257 258 260 261 262 262 261 262 264 264 258 253 253 257 261 262 262 261 260 262 265 269 272 272 270 266 266 267 264 261 261 265 266 265 265 265 265 265 265 265 265 266 266 267 268 269 270 272 274 276 279 283 288 292 292 290 288 284 279 271 260 258 262 262 261
258 254 246 243 242 240 234 224 216 226 233 230 223 221 223 230 236 243 256 261 253 224 220 221 220 232 245 250 254 256 257 260 263 265 264 263 262 262 263 264 261 254 252 254 258 260 262 261 261 262 265 272 277 275 276 278 274 270 264 260 258 261 264 265 265 265 265 265 265 265 266 266 267 267 268 269 270 271 272 274 277 279 283 287 288 286 284 281 274 264 259 260 263 263 263
257 254 250 249 250 249 243 231 219 229 234 229 221 218 218 229 237 245 254 250 233 216 213 218 224 237 247 251 253 254 256 261 266 268 267 264 263 264 264 264 263 258 252 251 252 255 259 261 262 262 266 272 276 274 274 278 277 272 267 263 261 261 263 264 265 266 266 265 265 266 266 266 267 267 268 268 269 271 272 273 275 276 279 281 282 282 280 277 270 265 263 263 264 264 264
255 253 251 253 255 252 247 241 239 247 248 241 236 234 236 247 248 254 253 241 226 222 221 227 234 244 250 252 252 252 256 261 265 267 267 266 265 266 266 266 266 264 258 252 249 250 254 258 262 265 267 267 266 267 269 273 275 273 270 266 264 263 264 265 266 266 266 266 266 266 267 267 267 267 268 268 269 270 271 272 273 274 276 277 277 278 277 274 270 268 266 266 265 265 265
255 255 254 254 253 247 243 243 252 265 266 257 250 248 254 260 259 262 253 229 224 229 233 243 250 253 254 253 253 255 258 261 262 263 265 267 268 268 268 268 269 270 267 260 255 252 253 257 262 265 264 259 256 260 265 269 272 272 271 269 267 265 265 267 267 267 267 266 267 267 267 267 267 267 268 268 269 270 270 271 272 273 274 274 275 274 274 272 271 269 268 267 266 266 266
257 258 257 254 251 246 242 241 247 257 262 259 257 255 260 262 266 264 249 226 224 232 243 255 262 260 256 255 256 260 263 262 261 261 264 267 270 271 271 271 271 274 274 269 265 261 260 261 263 262 258 254 254 256 261 265 268 270 271 270 269 268 268 269 269 268 268 268 268 267 267 267 267 267 268 268 269 269 270 271 271 272 272 273 273 273 272 271 270 269 268 267 267 266 266
260 261 259 256 256 252 247 244 245 249 253 259 264 266 267 268 267 258 241 229 227 236 249 260 262 254 252 255 259 262 264 264 263 262 263 267 270 274 276 276 275 276 278 275 270 268 267 266 263 260 257 255 255 256 260 262 264 267 269 269 269 269 271 272 272 271 270 269 269 268 268 267 268 268 268 269 269 269 270 270 271 271 272 272 272 272 271 271 270 269 268 268 267 267 266
260 261 260 260 262 261 258 255 252 249 251 254 258 266 269 266 260 250 239 231 232 244 255 257 247 238 246 254 258 261 263 265 266 266 266 268 271 274 278 281 280 280 281 278 272 270 269 266 262 258 257 257 255 255 258 260 262 263 266 267 267 268 270 272 274 274 273 271 270 269 268 268 268 268 268 269 269 270 270 270 271 271 271 271 271 271 271 270 270 269 268 268 267 267 267
259 259 260 261 261 260 260 260 256 252 252 251 253 259 263 259 256 252 242 237 247 259 260 249 234 235 245 253 257 260 262 265 268 270 272 273 274 274 277 283 286 285 285 284 277 271 268 265 262 259 258 257 256 256 257 258 259 260 264 266 266 265 266 269 273 275 276 274 272 270 269 269 269 269 269 269 270 270 270 271 271 271 271 271 271 271 270 270 269 269 269 268 268 267 267
259 260 261 260 258 258 258 258 256 254 253 251 249 248 249 250 252 252 247 251 264 267 255 239 235 241 248 252 255 258 261 265 270 274 278 280 279 278 279 283 289 290 289 290 283 274 268 266 263 261 258 257 257 257 257 257 257 258 260 263 266 266 265 266 269 273 275 275 273 271 269 270 270 270 270 270 270 270 271 271 271 271 271 271 271 271 270 270 270 269 269 268 268 267 267
260 261 261 259 257 257 257 257 256 255 254 252 248 243 242 246 249 249 248 256 262 254 241 238 240 244 249 253 255 258 262 266 270 275 280 284 286 285 284 285 290 293 293 294 291 281 272 267 264 262 259 257 257 257 258 258 258 258 258 259 262 264 265 265 266 269 272 272 271 270 270 272 273 272 271 271 271 271 271 272 272 272 272 272 271 271 271 270 270 269 269 269 268 268 267
260 260 259 258 257 257 257 256 256 255 255 254 252 252 253 253 253 251 252 257 251 237 236 241 242 243 249 254 258 262 265 267 270 274 279 284 289 291 289 288 292 296 297 298 299 291 279 270 264 261 259 259 258 258 257 257 257 258 257 258 259 262 263 263 264 266 267 268 267 266 269 273 275 274 273 272 272 273 273 273 273 273 273 272 272 272 271 271 270 270 269 269 268 268 267
259 259 258 257 257 257 258 257 256 257 258 259 261 266 269 268 263 258 257 254 243 235 238 241 240 242 248 253 258 263 267 269 270 273 277 282 288 293 293 292 294 299 302 302 304 300 288 276 267 262 260 260 260 260 259 257 256 256 257 259 259 259 261 262 263 263 263 263 263 263 265 267 272 275 274 274 275 276 275 275 275 275 274 274 273 272 272 271 271 270 270 269 269 268 268
259 258 256 255 256 257 258 256 256 258 261 264 268 272 274 273 268 262 257 250 243 240 241 240 239 242 247 251 255 262 267 270 272 272 274 279 287 294 297 297 298 302 304 305 308 307 298 285 274 266 263 261 259 259 260 259 258 256 256 257 258 258 260 262 262 261 261 261 260 261 261 261 263 269 272 275 278 279 277 277 278 278 277 275 274 273 272 272 271 271 270 269 269 268 268
258 257 254 253 254 255 255 255 255 257 261 264 267 270 271 270 266 261 254 247 243 246 244 239 239 242 245 247 253 260 266 271 273 270 271 278 288 295 299 301 302 304 305 307 311 312 308 296 284 274 267 262 259 257 257 258 258 257 256 256 256 257 259 261 261 261 261 260 259 258 258 258 259 261 267 272 276 277 277 279 282 283 281 278 276 275 273 273 272 271 270 270 269 269 269
256 255 252 251 252 252 254 255 255 256 258 260 259 259 262 264 262 259 252 246 244 249 249 241 238 240 242 243 249 259 266 271 270 264 270 281 291 296 297 300 304 306 306 309 313 316 317 308 295 283 273 266 262 258 255 254 255 257 257 255 255 257 259 259 260 259 259 259 259 257 256 258 260 261 263 267 271 274 277 278 281 286 286 282 279 276 275 273 272 272 271 270 270 269 269
255 252 249 250 252 252 252 253 254 254 254 254 252 251 254 257 259 255 249 246 248 253 253 245 238 238 241 240 245 257 265 267 265 260 271 284 291 292 293 299 307 308 307 311 315 318 322 319 306 290 278 270 265 262 258 254 253 255 256 255 254 256 259 259 258 258 257 257 257 257 255 256 260 262 263 264 267 272 276 276 276 281 287 287 283 279 276 274 273 272 271 271 271 270 270
254 252 251 253 254 254 253 252 252 251 251 250 247 247 251 256 257 249 241 244 252 257 256 250 241 238 240 239 246 257 262 262 262 261 272 283 287 288 294 300 304 304 306 313 317 319 324 328 318 300 284 273 267 263 260 257 254 253 255 254 252 253 255 256 256 257 258 257 256 256 255 256 259 262 263 264 266 268 272 274 274 276 283 289 287 282 278 276 274 273 272 272 271 271 271
254 253 256 258 258 257 255 252 250 249 249 249 246 247 252 258 258 243 233 241 251 260 261 254 248 244 241 240 246 255 261 261 259 260 269 279 285 290 297 299 295 295 302 313 319 320 325 334 330 312 294 279 268 262 261 259 255 254 255 255 253 253 252 251 252 255 258 260 258 255 256 257 259 261 262 264 264 265 267 271 273 275 278 285 288 285 281 277 275 273 272 272 272 272 271
255 256 259 259 258 256 253 252 251 249 248 249 250 251 255 260 259 237 229 238 247 258 266 261 254 252 249 244 245 249 256 260 258 258 268 279 287 293 298 296 293 292 294 306 316 321 327 336 338 325 306 287 271 263 261 259 256 255 255 255 255 253 251 249 249 252 254 258 259 258 258 260 259 259 260 262 263 262 264 267 272 274 276 280 284 285 282 279 275 273 273 273 274 274 273
258 259 259 257 255 253 251 250 249 247 244 248 254 255 257 261 260 234 226 235 242 251 262 263 254 258 262 261 253 246 248 255 259 263 273 281 288 293 295 293 293 287 285 295 312 322 327 334 339 335 320 299 278 267 263 260 257 255 254 254 253 252 251 250 249 250 251 252 255 259 261 261 261 259 259 260 261 261 261 264 269 273 276 278 280 281 279 276 273 272 274 277 277 276 274
258 258 257 255 255 254 253 250 247 244 242 248 254 256 257 261 261 238 226 232 236 244 252 257 255 262 268 272 267 254 247 249 257 268 278 284 286 286 287 286 282 277 280 290 306 321 325 328 337 340 334 319 290 271 263 260 258 255 254 252 252 250 250 251 251 250 249 249 250 254 258 260 261 260 258 259 261 262 262 261 264 270 274 275 277 276 272 270 269 271 277 282 282 277 274
254 254 254 254 254 253 253 252 247 243 246 252 254 251 253 260 266 260 231 233 234 239 244 250 256 262 265 268 269 267 253 249 256 268 278 284 282 279 279 277 270 273 280 288 299 313 321 326 332 339 343 339 311 277 264 260 259 257 254 252 251 249 249 251 252 250 249 248 249 250 252 257 260 260 258 257 260 262 263 261 262 265 269 270 272 271 267 266 268 274 280 284 282 275 270
250 250 251 252 252 251 249 249 247 249 255 259 254 245 249 261 272 281 268 243 240 238 239 244 253 260 260 258 263 269 260 250 254 264 275 281 281 278 274 268 268 276 282 285 291 305 320 327 328 334 344 349 337 292 268 261 258 257 255 253 251 249 249 251 251 250 249 249 249 249 249 252 255 259 261 259 258 260 263 262 262 264 266 266 266 264 263 266 272 277 281 281 277 271 268
247 249 251 250 251 250 247 244 247 255 264 265 254 241 248 262 273 285 343 274 255 246 241 242 247 253 255 254 261 269 263 252 251 258 270 279 281 275 266 266 272 280 282 280 284 298 312 320 320 324 339 353 356 318 272 260 258 258 257 255 252 249 250 252 252 249 249 249 249 248 248 248 250 254 260 262 260 259 260 262 263 265 267 264 260 260 263 268 274 278 278 276 272 270 272
245 249 250 250 251 250 247 244 249 256 263 266 255 243 250 260 268 282 339 318 275 260 252 246 244 246 247 250 259 267 267 260 253 257 264 272 274 267 260 267 274 278 276 275 277 284 294 306 314 318 331 354 8 349 280 261 258 257 257 257 254 251 250 252 252 249 248 249 248 247 247 246 246 248 252 259 262 259 258 260 264 267 268 263 258 260 265 270 273 275 273 271 270 272 275
246 248 249 250 252 251 249 250 254 256 258 262 259 252 253 255 262 280 325 333 306 278 266 259 254 249 246 248 253 257 264 270 270 268 266 261 257 251 254 263 268 268 267 268 270 273 284 299 310 317 325 356 18 17 296 263 258 257 257 257 256 254 253 253 250 247 246 247 247 247 247 247 245 245 248 252 256 258 258 259 263 266 266 263 262 264 268 271 272 271 269 268 268 270 273
246 247 248 252 255 253 252 256 260 260 257 259 264 262 255 253 260 274 307 332 325 300 282 274 270 264 260 259 256 257 266 277 282 277 268 258 251 245 251 255 252 252 255 259 263 266 273 287 300 309 316 352 27 36 337 264 259 257 256 257 257 257 257 255 250 247 246 245 245 247 249 248 247 246 246 247 248 253 257 260 262 263 263 263 266 269 270 271 270 268 266 266 264 265 269
242 244 247 252 256 256 257 261 265 264 258 261 267 266 256 254 259 268 287 320 330 317 299 287 280 277 275 273 273 274 274 277 279 275 268 263 256 253 255 251 245 242 247 253 257 258 261 270 283 291 298 328 32 50 38 262 259 258 257 257 258 257 256 255 252 252 253 251 249 249 250 249 250 249 247 244 244 247 253 258 260 262 263 264 268 272 273 272 269 267 265 263 259 260 267
236 242 247 248 248 249 254 260 267 267 261 264 271 274 259 253 257 264 275 298 323 321 310 298 289 285 282 282 285 286 283 278 276 273 269 265 263 260 257 256 250 245 248 252 255 256 259 263 265 268 275 293 35 68 81 254 258 258 257 258 257 253 251 249 249 255 263 268 265 257 252 250 252 253 251 245 242 243 247 252 256 260 263 265 269 273 274 271 267 266 265 260 256 260 270
228 243 249 246 240 239 243 249 258 264 263 267 275 288 270 256 254 258 264 275 298 311 311 305 295 290 288 289 290 289 287 283 277 274 271 267 265 260 256 260 258 253 250 250 253 258 262 261 256 252 253 259 88 93 100 245 256 256 255 255 252 247 246 247 247 253 261 271 279 273 261 256 255 256 255 251 245 242 243 246 250 257 262 266 269 271 271 267 265 265 264 257 256 265 274
233 250 255 249 242 241 241 242 247 251 258 270 279 292 283 266 256 251 253 262 277 293 301 301 296 295 293 292 293 293 293 287 279 276 273 268 265 261 256 256 261 257 250 247 248 254 258 256 250 244 244 244 185 118 125 225 253 255 255 251 245 243 247 249 251 254 257 260 272 280 274 266 263 260 259 258 253 248 245 244 245 251 258 263 265 267 266 262 262 264 262 257 258 268 277
241 253 257 251 247 247 245 242 244 245 250 265 276 283 285 276 261 248 245 254 268 280 289 293 293 292 292 296 300 301 299 289 281 278 275 269 265 264 259 254 259 259 252 248 247 248 251 251 245 239 239 232 191 142 147 203 240 249 253 251 244 246 250 251 254 257 256 254 258 269 277 276 273 270 267 266 265 261 254 249 246 248 252 255 258 260 258 256 260 263 264 263 265 271 278
237 249 253 249 247 248 246 244 246 244 246 254 263 271 280 280 269 253 243 246 257 273 283 285 287 289 297 306 309 310 305 288 281 279 276 269 267 268 263 257 258 261 258 253 249 247 248 247 240 237 236 225 195 160 156 190 224 239 245 245 246 250 251 251 253 255 255 253 252 254 264 273 277 280 280 278 278 276 269 260 254 251 249 249 252 255 250 250 256 262 267 270 272 275 277
