windninja/windninja_output/Output_2025-08-09_0400-0450_Google earth_Fire_150m_10min/merlingen_7.5mi_point_08-09-2025_0430_150m_vel.asc
ncols	158
nrows	163
xllcorner	391686.332397
yllcorner	5160024.123721
cellsize	150.000000
NODATA_value	-32768.000000
[rows 38 to 75 of 163, columns 0 to 83 of 158]
0.79 0.79 0.79 0.79 0.78 0.77 0.77 0.76 0.74 0.74 0.74 0.73 0.73 0.72 0.71 0.70 0.70 0.69 0.68 0.67 0.66 0.65 0.63 0.61 0.58 0.54 0.51 0.48 0.50 0.55 0.55 0.56 0.62 0.70 0.82 0.85 0.81 0.86 0.91 0.86 0.82 0.80 0.79 0.80 0.83 0.82 0.78 0.78 0.80 0.85 0.83 0.76 0.75 0.82 0.83 0.75 0.74 0.85 0.93 0.99 1.06 1.01 0.79 0.56 0.48 0.64 0.93 1.00 0.79 0.65 0.63 0.64 0.63 0.55 0.48 0.48 0.42 0.36 0.54 0.67 0.53 0.47 0.56 0.69
0.80 0.79 0.78 0.78 0.78 0.77 0.76 0.76 0.74 0.74 0.74 0.73 0.72 0.72 0.72 0.70 0.69 0.68 0.68 0.67 0.66 0.65 0.63 0.62 0.59 0.55 0.50 0.46 0.45 0.49 0.52 0.52 0.56 0.64 0.74 0.78 0.80 0.90 0.96 0.93 0.87 0.83 0.80 0.79 0.84 0.87 0.83 0.77 0.78 0.87 0.91 0.80 0.74 0.84 0.94 0.86 0.79 0.87 0.98 1.05 1.10 1.15 1.07 0.79 0.57 0.65 0.93 0.98 0.77 0.65 0.63 0.63 0.62 0.56 0.52 0.54 0.45 0.34 0.48 0.71 0.67 0.55 0.55 0.63
0.81 0.81 0.79 0.78 0.78 0.77 0.77 0.76 0.75 0.73 0.73 0.73 0.72 0.72 0.72 0.71 0.70 0.69 0.68 0.67 0.66 0.65 0.64 0.62 0.60 0.56 0.50 0.45 0.42 0.46 0.50 0.49 0.49 0.56 0.65 0.68 0.72 0.82 0.95 0.99 0.96 0.90 0.85 0.80 0.81 0.87 0.88 0.81 0.77 0.86 0.95 0.84 0.71 0.77 0.92 0.95 0.85 0.83 0.92 1.00 1.03 1.11 1.21 1.05 0.71 0.69 0.95 0.97 0.78 0.69 0.64 0.61 0.58 0.50 0.51 0.57 0.47 0.36 0.42 0.63 0.73 0.69 0.66 0.69
0.83 0.83 0.81 0.79 0.78 0.77 0.76 0.77 0.76 0.73 0.72 0.73 0.72 0.72 0.72 0.71 0.70 0.70 0.69 0.67 0.66 0.65 0.64 0.63 0.60 0.57 0.52 0.48 0.44 0.46 0.51 0.49 0.47 0.50 0.56 0.62 0.67 0.71 0.81 0.94 1.01 1.01 0.98 0.91 0.85 0.87 0.92 0.91 0.86 0.89 0.98 0.92 0.73 0.65 0.75 0.86 0.81 0.73 0.79 0.88 0.90 0.94 1.10 1.18 0.95 0.79 0.93 0.99 0.83 0.74 0.68 0.64 0.59 0.48 0.49 0.57 0.47 0.38 0.40 0.53 0.65 0.69 0.74 0.78
0.84 0.83 0.82 0.80 0.79 0.78 0.76 0.76 0.76 0.74 0.73 0.72 0.72 0.71 0.71 0.71 0.70 0.70 0.69 0.68 0.66 0.65 0.64 0.63 0.61 0.58 0.55 0.51 0.47 0.48 0.52 0.52 0.49 0.48 0.49 0.56 0.65 0.73 0.77 0.85 0.94 0.99 1.01 0.98 0.92 0.88 0.89 0.90 0.86 0.83 0.92 0.92 0.75 0.63 0.66 0.75 0.75 0.70 0.73 0.81 0.82 0.79 0.90 1.09 1.12 0.98 0.92 0.98 0.93 0.83 0.79 0.76 0.67 0.54 0.53 0.57 0.47 0.41 0.41 0.50 0.60 0.62 0.69 0.78
0.84 0.84 0.82 0.81 0.80 0.79 0.77 0.76 0.76 0.75 0.73 0.72 0.72 0.71 0.71 0.71 0.70 0.69 0.69 0.68 0.66 0.65 0.64 0.63 0.62 0.60 0.57 0.54 0.50 0.48 0.51 0.52 0.50 0.47 0.45 0.48 0.57 0.68 0.74 0.77 0.83 0.90 0.92 0.91 0.87 0.82 0.82 0.84 0.82 0.81 0.87 0.89 0.78 0.69 0.69 0.72 0.73 0.72 0.73 0.79 0.78 0.73 0.75 0.86 1.02 1.05 0.95 0.95 0.99 0.97 0.94 0.94 0.85 0.70 0.66 0.62 0.53 0.47 0.45 0.49 0.56 0.61 0.67 0.75
0.85 0.84 0.82 0.81 0.79 0.79 0.78 0.76 0.75 0.75 0.73 0.72 0.72 0.71 0.71 0.70 0.70 0.69 0.69 0.68 0.67 0.66 0.64 0.63 0.63 0.61 0.59 0.56 0.53 0.51 0.51 0.52 0.50 0.47 0.43 0.42 0.46 0.55 0.61 0.66 0.74 0.82 0.86 0.85 0.81 0.79 0.80 0.81 0.83 0.83 0.87 0.90 0.84 0.76 0.76 0.77 0.74 0.73 0.75 0.79 0.79 0.76 0.71 0.73 0.84 0.95 0.95 0.90 0.90 0.95 0.98 1.02 0.99 0.89 0.80 0.71 0.60 0.54 0.51 0.51 0.54 0.58 0.67 0.74
0.86 0.85 0.83 0.81 0.80 0.78 0.77 0.76 0.75 0.75 0.74 0.72 0.72 0.71 0.71 0.71 0.70 0.70 0.69 0.68 0.68 0.67 0.65 0.64 0.63 0.62 0.60 0.58 0.55 0.53 0.52 0.52 0.50 0.47 0.43 0.39 0.40 0.45 0.52 0.58 0.66 0.76 0.84 0.83 0.77 0.78 0.82 0.82 0.82 0.82 0.85 0.88 0.85 0.78 0.77 0.79 0.76 0.73 0.74 0.77 0.80 0.80 0.76 0.73 0.80 0.85 0.87 0.84 0.74 0.73 0.82 0.90 0.95 0.93 0.86 0.76 0.62 0.56 0.57 0.57 0.57 0.59 0.66 0.72
0.87 0.85 0.83 0.82 0.80 0.78 0.77 0.76 0.75 0.74 0.74 0.73 0.72 0.71 0.71 0.71 0.70 0.70 0.69 0.69 0.67 0.67 0.66 0.65 0.64 0.62 0.61 0.59 0.57 0.55 0.53 0.52 0.50 0.47 0.43 0.41 0.40 0.41 0.46 0.51 0.58 0.69 0.80 0.81 0.74 0.75 0.80 0.83 0.82 0.79 0.81 0.84 0.84 0.80 0.76 0.78 0.79 0.76 0.74 0.73 0.77 0.82 0.81 0.77 0.81 0.82 0.81 0.79 0.70 0.64 0.70 0.77 0.86 0.90 0.87 0.79 0.66 0.58 0.59 0.61 0.61 0.62 0.66 0.67
0.88 0.86 0.83 0.82 0.82 0.79 0.75 0.73 0.74 0.73 0.73 0.73 0.72 0.72 0.71 0.71 0.70 0.69 0.69 0.69 0.68 0.66 0.66 0.65 0.64 0.63 0.61 0.60 0.58 0.57 0.54 0.52 0.50 0.46 0.42 0.41 0.41 0.41 0.42 0.46 0.52 0.62 0.73 0.77 0.75 0.75 0.77 0.80 0.80 0.77 0.79 0.81 0.83 0.84 0.80 0.80 0.82 0.80 0.77 0.69 0.70 0.80 0.83 0.79 0.79 0.80 0.76 0.74 0.70 0.66 0.68 0.72 0.79 0.84 0.84 0.79 0.69 0.59 0.56 0.61 0.64 0.64 0.65 0.64
0.88 0.87 0.84 0.82 0.83 0.83 0.76 0.71 0.71 0.72 0.72 0.72 0.71 0.71 0.71 0.70 0.70 0.69 0.69 0.68 0.68 0.67 0.66 0.65 0.65 0.63 0.62 0.61 0.60 0.58 0.56 0.54 0.52 0.48 0.44 0.41 0.41 0.42 0.40 0.42 0.47 0.54 0.62 0.67 0.72 0.77 0.79 0.79 0.79 0.76 0.77 0.80 0.81 0.82 0.80 0.80 0.82 0.82 0.80 0.71 0.67 0.77 0.85 0.82 0.78 0.76 0.71 0.69 0.68 0.66 0.68 0.70 0.74 0.78 0.79 0.76 0.69 0.62 0.60 0.64 0.68 0.66 0.63 0.62
0.89 0.87 0.84 0.83 0.83 0.85 0.79 0.71 0.68 0.70 0.71 0.71 0.71 0.71 0.71 0.71 0.69 0.69 0.69 0.68 0.68 0.67 0.66 0.66 0.66 0.64 0.62 0.61 0.61 0.59 0.58 0.56 0.54 0.51 0.47 0.43 0.42 0.43 0.42 0.42 0.45 0.49 0.52 0.56 0.63 0.74 0.79 0.77 0.75 0.74 0.76 0.81 0.84 0.83 0.81 0.81 0.84 0.82 0.78 0.73 0.70 0.78 0.88 0.88 0.79 0.71 0.67 0.65 0.65 0.66 0.68 0.70 0.72 0.73 0.75 0.74 0.71 0.67 0.67 0.70 0.72 0.70 0.65 0.60
0.91 0.87 0.82 0.84 0.86 0.87 0.85 0.76 0.67 0.67 0.70 0.70 0.70 0.70 0.71 0.71 0.70 0.69 0.69 0.69 0.68 0.68 0.66 0.66 0.66 0.65 0.64 0.62 0.61 0.60 0.59 0.57 0.55 0.53 0.49 0.45 0.43 0.43 0.43 0.43 0.45 0.48 0.48 0.49 0.56 0.69 0.75 0.74 0.71 0.67 0.67 0.75 0.81 0.81 0.82 0.84 0.86 0.84 0.77 0.72 0.72 0.78 0.90 0.93 0.80 0.68 0.64 0.61 0.61 0.63 0.66 0.68 0.69 0.69 0.69 0.69 0.68 0.68 0.71 0.74 0.75 0.73 0.68 0.62
0.94 0.86 0.79 0.82 0.87 0.89 0.89 0.85 0.73 0.66 0.67 0.70 0.70 0.70 0.70 0.71 0.71 0.69 0.69 0.69 0.68 0.68 0.67 0.66 0.66 0.66 0.64 0.63 0.62 0.61 0.60 0.58 0.57 0.55 0.52 0.48 0.44 0.42 0.42 0.43 0.45 0.47 0.46 0.45 0.53 0.64 0.69 0.70 0.72 0.66 0.63 0.72 0.76 0.75 0.77 0.83 0.85 0.83 0.79 0.74 0.73 0.78 0.92 0.96 0.79 0.65 0.62 0.60 0.61 0.62 0.64 0.66 0.66 0.66 0.66 0.65 0.63 0.64 0.69 0.76 0.78 0.76 0.70 0.63
0.99 0.87 0.75 0.78 0.84 0.85 0.87 0.90 0.82 0.70 0.67 0.69 0.70 0.70 0.69 0.70 0.70 0.69 0.69 0.69 0.68 0.67 0.67 0.66 0.66 0.65 0.65 0.64 0.63 0.62 0.61 0.59 0.58 0.56 0.54 0.51 0.47 0.44 0.42 0.42 0.44 0.48 0.45 0.43 0.49 0.60 0.63 0.65 0.73 0.73 0.71 0.75 0.79 0.78 0.77 0.82 0.81 0.79 0.79 0.77 0.75 0.79 0.96 0.99 0.77 0.63 0.60 0.60 0.62 0.63 0.64 0.65 0.65 0.65 0.65 0.63 0.60 0.59 0.63 0.71 0.77 0.80 0.77 0.66
1.04 0.92 0.75 0.76 0.84 0.83 0.83 0.91 0.88 0.75 0.67 0.67 0.68 0.69 0.69 0.69 0.69 0.69 0.69 0.68 0.68 0.67 0.67 0.67 0.66 0.65 0.65 0.64 0.63 0.62 0.61 0.60 0.59 0.57 0.56 0.53 0.51 0.47 0.44 0.41 0.43 0.48 0.47 0.42 0.45 0.55 0.59 0.58 0.68 0.73 0.73 0.75 0.79 0.82 0.85 0.84 0.77 0.75 0.78 0.79 0.78 0.82 0.99 1.00 0.77 0.63 0.60 0.61 0.64 0.65 0.65 0.65 0.65 0.66 0.66 0.64 0.60 0.58 0.60 0.64 0.69 0.78 0.82 0.75
1.03 0.98 0.82 0.73 0.82 0.84 0.81 0.89 0.93 0.82 0.69 0.65 0.66 0.67 0.69 0.69 0.69 0.69 0.69 0.69 0.68 0.67 0.67 0.66 0.66 0.65 0.65 0.64 0.64 0.63 0.62 0.61 0.60 0.58 0.57 0.55 0.53 0.50 0.47 0.42 0.41 0.46 0.47 0.43 0.41 0.47 0.52 0.53 0.58 0.65 0.69 0.73 0.74 0.80 0.91 0.87 0.74 0.72 0.77 0.81 0.82 0.87 1.01 0.99 0.77 0.64 0.61 0.62 0.69 0.71 0.68 0.66 0.66 0.66 0.66 0.65 0.61 0.61 0.63 0.60 0.62 0.72 0.80 0.80
0.95 0.98 0.91 0.74 0.73 0.77 0.75 0.80 0.92 0.91 0.77 0.66 0.64 0.64 0.66 0.68 0.68 0.68 0.68 0.69 0.69 0.68 0.67 0.66 0.66 0.65 0.65 0.65 0.64 0.63 0.63 0.62 0.61 0.59 0.58 0.57 0.55 0.53 0.50 0.46 0.43 0.44 0.46 0.43 0.40 0.40 0.43 0.46 0.51 0.57 0.63 0.72 0.75 0.79 0.93 0.87 0.72 0.71 0.76 0.80 0.84 0.92 1.03 1.00 0.79 0.65 0.61 0.61 0.68 0.73 0.71 0.68 0.67 0.66 0.66 0.65 0.63 0.65 0.66 0.62 0.60 0.67 0.74 0.77
0.91 0.94 0.95 0.85 0.75 0.72 0.69 0.69 0.81 0.92 0.85 0.72 0.65 0.62 0.63 0.66 0.67 0.67 0.67 0.67 0.68 0.68 0.67 0.66 0.66 0.65 0.65 0.65 0.64 0.64 0.63 0.62 0.61 0.60 0.59 0.58 0.56 0.55 0.53 0.50 0.47 0.45 0.45 0.44 0.41 0.38 0.36 0.38 0.43 0.48 0.54 0.68 0.73 0.80 0.93 0.84 0.70 0.71 0.75 0.79 0.83 0.91 1.03 1.03 0.82 0.63 0.57 0.56 0.61 0.67 0.69 0.70 0.70 0.68 0.67 0.65 0.65 0.67 0.68 0.64 0.61 0.64 0.69 0.71
0.91 0.91 0.93 0.93 0.87 0.81 0.73 0.66 0.70 0.85 0.89 0.82 0.75 0.66 0.61 0.62 0.65 0.66 0.66 0.66 0.67 0.68 0.68 0.67 0.66 0.65 0.65 0.65 0.65 0.64 0.63 0.63 0.62 0.61 0.60 0.59 0.58 0.56 0.55 0.53 0.51 0.49 0.47 0.45 0.43 0.39 0.34 0.32 0.35 0.38 0.45 0.62 0.70 0.79 0.91 0.79 0.68 0.71 0.76 0.79 0.83 0.90 1.00 1.04 0.89 0.67 0.56 0.55 0.58 0.63 0.66 0.70 0.71 0.69 0.68 0.66 0.67 0.70 0.68 0.66 0.65 0.65 0.67 0.68
0.93 0.91 0.90 0.90 0.91 0.89 0.84 0.73 0.68 0.75 0.82 0.84 0.85 0.78 0.65 0.59 0.61 0.64 0.65 0.65 0.66 0.66 0.67 0.67 0.66 0.65 0.65 0.65 0.65 0.64 0.64 0.63 0.62 0.62 0.61 0.60 0.59 0.58 0.56 0.55 0.53 0.51 0.49 0.47 0.44 0.41 0.36 0.31 0.29 0.28 0.34 0.52 0.67 0.78 0.87 0.76 0.65 0.68 0.75 0.78 0.82 0.90 0.98 1.03 0.94 0.74 0.60 0.56 0.60 0.65 0.66 0.68 0.70 0.69 0.68 0.66 0.67 0.70 0.69 0.67 0.68 0.69 0.70 0.69
0.93 0.92 0.90 0.88 0.87 0.87 0.87 0.81 0.73 0.70 0.70 0.74 0.83 0.87 0.77 0.63 0.58 0.59 0.62 0.64 0.65 0.66 0.66 0.66 0.65 0.65 0.65 0.65 0.65 0.64 0.64 0.63 0.63 0.62 0.62 0.61 0.60 0.59 0.58 0.56 0.55 0.53 0.51 0.49 0.47 0.44 0.40 0.35 0.29 0.24 0.25 0.41 0.62 0.75 0.82 0.74 0.63 0.66 0.73 0.76 0.78 0.85 0.95 1.01 0.96 0.79 0.65 0.59 0.61 0.66 0.67 0.66 0.69 0.69 0.67 0.66 0.67 0.68 0.67 0.66 0.66 0.70 0.72 0.71
0.93 0.92 0.90 0.89 0.87 0.85 0.85 0.83 0.78 0.71 0.66 0.65 0.73 0.87 0.89 0.78 0.64 0.58 0.58 0.61 0.63 0.65 0.66 0.66 0.65 0.65 0.65 0.65 0.65 0.64 0.64 0.64 0.63 0.63 0.62 0.61 0.61 0.60 0.59 0.57 0.56 0.55 0.53 0.51 0.49 0.47 0.44 0.40 0.33 0.26 0.21 0.31 0.53 0.69 0.75 0.70 0.65 0.68 0.71 0.72 0.74 0.79 0.87 0.96 0.95 0.84 0.67 0.57 0.58 0.65 0.66 0.65 0.66 0.67 0.65 0.65 0.68 0.67 0.65 0.65 0.64 0.67 0.71 0.70
0.92 0.92 0.90 0.89 0.88 0.87 0.85 0.84 0.81 0.75 0.69 0.63 0.65 0.76 0.88 0.90 0.79 0.66 0.59 0.57 0.59 0.62 0.64 0.65 0.65 0.65 0.65 0.64 0.64 0.64 0.64 0.64 0.63 0.63 0.62 0.62 0.61 0.60 0.60 0.59 0.57 0.56 0.55 0.53 0.51 0.49 0.47 0.43 0.38 0.31 0.23 0.27 0.43 0.59 0.65 0.64 0.66 0.70 0.69 0.69 0.70 0.72 0.79 0.88 0.90 0.84 0.71 0.58 0.59 0.65 0.65 0.65 0.65 0.65 0.63 0.63 0.67 0.67 0.66 0.65 0.65 0.66 0.68 0.68
0.93 0.91 0.89 0.87 0.86 0.88 0.88 0.87 0.83 0.78 0.71 0.63 0.60 0.65 0.76 0.88 0.90 0.80 0.68 0.59 0.57 0.59 0.61 0.63 0.64 0.65 0.65 0.64 0.64 0.64 0.64 0.64 0.63 0.63 0.63 0.62 0.62 0.61 0.60 0.59 0.58 0.57 0.56 0.55 0.53 0.51 0.49 0.46 0.42 0.37 0.29 0.27 0.39 0.50 0.55 0.59 0.68 0.70 0.68 0.67 0.66 0.68 0.73 0.79 0.84 0.82 0.72 0.64 0.63 0.64 0.64 0.65 0.66 0.63 0.62 0.63 0.65 0.66 0.65 0.65 0.66 0.67 0.69 0.68
0.96 0.92 0.87 0.85 0.83 0.84 0.86 0.88 0.86 0.81 0.75 0.65 0.59 0.59 0.64 0.76 0.88 0.90 0.81 0.69 0.61 0.58 0.59 0.61 0.63 0.65 0.65 0.64 0.63 0.63 0.64 0.63 0.63 0.63 0.63 0.62 0.62 0.61 0.61 0.60 0.59 0.58 0.57 0.56 0.54 0.53 0.51 0.49 0.46 0.41 0.34 0.30 0.37 0.44 0.46 0.56 0.69 0.71 0.67 0.65 0.64 0.66 0.70 0.73 0.77 0.75 0.64 0.61 0.63 0.64 0.64 0.66 0.66 0.62 0.60 0.63 0.65 0.65 0.65 0.66 0.68 0.68 0.70 0.71
1.03 0.95 0.86 0.83 0.81 0.79 0.81 0.84 0.84 0.82 0.79 0.70 0.60 0.58 0.59 0.65 0.77 0.88 0.90 0.82 0.71 0.62 0.59 0.58 0.60 0.63 0.65 0.64 0.63 0.63 0.63 0.63 0.63 0.63 0.63 0.63 0.62 0.62 0.61 0.61 0.60 0.59 0.58 0.57 0.56 0.54 0.53 0.51 0.48 0.45 0.40 0.34 0.37 0.41 0.38 0.47 0.68 0.74 0.67 0.63 0.60 0.61 0.67 0.72 0.73 0.65 0.57 0.57 0.60 0.62 0.64 0.66 0.67 0.62 0.58 0.60 0.64 0.65 0.65 0.67 0.70 0.70 0.70 0.72
1.07 1.00 0.91 0.86 0.83 0.80 0.79 0.81 0.81 0.78 0.78 0.73 0.61 0.56 0.58 0.60 0.65 0.76 0.87 0.90 0.82 0.72 0.65 0.59 0.57 0.60 0.64 0.64 0.64 0.63 0.63 0.63 0.63 0.63 0.63 0.63 0.62 0.62 0.62 0.61 0.61 0.60 0.59 0.58 0.57 0.56 0.54 0.53 0.51 0.48 0.44 0.40 0.38 0.39 0.35 0.38 0.59 0.72 0.71 0.64 0.55 0.54 0.64 0.74 0.75 0.66 0.58 0.55 0.56 0.58 0.61 0.66 0.67 0.62 0.56 0.57 0.60 0.62 0.63 0.66 0.69 0.69 0.69 0.71
1.04 1.05 1.02 0.93 0.86 0.83 0.81 0.83 0.86 0.81 0.77 0.76 0.66 0.55 0.55 0.59 0.60 0.63 0.74 0.86 0.89 0.83 0.76 0.68 0.60 0.59 0.62 0.63 0.64 0.64 0.63 0.62 0.63 0.63 0.63 0.63 0.62 0.62 0.62 0.62 0.61 0.60 0.60 0.59 0.58 0.57 0.56 0.54 0.53 0.51 0.48 0.45 0.42 0.40 0.37 0.35 0.46 0.63 0.70 0.66 0.53 0.49 0.62 0.75 0.77 0.71 0.63 0.56 0.55 0.56 0.57 0.63 0.66 0.61 0.56 0.54 0.56 0.58 0.59 0.63 0.68 0.69 0.70 0.73
0.91 1.06 1.19 1.12 1.00 0.87 0.81 0.86 0.92 0.89 0.81 0.75 0.71 0.64 0.55 0.56 0.60 0.60 0.64 0.74 0.83 0.87 0.87 0.80 0.70 0.64 0.61 0.61 0.61 0.61 0.61 0.61 0.62 0.62 0.62 0.62 0.62 0.62 0.62 0.62 0.61 0.61 0.60 0.60 0.59 0.58 0.57 0.56 0.54 0.53 0.51 0.49 0.46 0.44 0.41 0.38 0.41 0.50 0.61 0.63 0.51 0.44 0.53 0.66 0.72 0.72 0.67 0.59 0.55 0.55 0.55 0.60 0.63 0.59 0.55 0.53 0.52 0.53 0.55 0.59 0.65 0.68 0.72 0.74
0.69 0.92 1.21 1.31 1.30 1.15 0.97 0.99 1.05 0.99 0.87 0.77 0.73 0.70 0.63 0.58 0.60 0.61 0.60 0.64 0.71 0.77 0.85 0.87 0.83 0.76 0.70 0.64 0.60 0.58 0.58 0.59 0.61 0.61 0.62 0.62 0.62 0.62 0.62 0.62 0.62 0.61 0.61 0.60 0.60 0.59 0.58 0.57 0.56 0.55 0.53 0.52 0.50 0.48 0.46 0.44 0.43 0.45 0.52 0.55 0.46 0.40 0.46 0.55 0.62 0.66 0.66 0.63 0.59 0.56 0.55 0.58 0.61 0.55 0.50 0.50 0.49 0.47 0.49 0.54 0.59 0.65 0.75 0.75
0.50 0.58 0.84 1.08 1.25 1.29 1.18 1.13 1.22 1.21 1.08 0.99 0.93 0.86 0.80 0.74 0.69 0.66 0.61 0.60 0.64 0.67 0.73 0.80 0.83 0.85 0.84 0.75 0.64 0.58 0.56 0.56 0.58 0.59 0.61 0.61 0.62 0.62 0.62 0.62 0.62 0.62 0.61 0.61 0.60 0.60 0.59 0.58 0.57 0.56 0.55 0.54 0.53 0.51 0.50 0.49 0.48 0.47 0.48 0.50 0.44 0.39 0.42 0.47 0.50 0.53 0.58 0.60 0.59 0.58 0.57 0.59 0.60 0.53 0.48 0.48 0.45 0.42 0.42 0.48 0.57 0.65 0.76 0.80
0.52 0.51 0.55 0.66 0.84 1.01 0.98 0.93 1.07 1.20 1.15 1.09 1.08 1.03 0.96 0.90 0.84 0.79 0.71 0.63 0.62 0.64 0.67 0.70 0.71 0.79 0.92 0.89 0.74 0.65 0.59 0.55 0.54 0.56 0.59 0.60 0.61 0.61 0.62 0.62 0.62 0.62 0.61 0.61 0.61 0.60 0.60 0.59 0.58 0.58 0.57 0.56 0.55 0.54 0.53 0.52 0.51 0.51 0.50 0.49 0.46 0.43 0.42 0.43 0.43 0.43 0.47 0.50 0.51 0.52 0.54 0.60 0.60 0.51 0.48 0.48 0.45 0.41 0.38 0.44 0.55 0.66 0.72 0.86
0.69 0.64 0.60 0.62 0.70 0.76 0.71 0.65 0.78 0.95 0.91 0.85 0.87 0.89 0.90 0.88 0.87 0.88 0.84 0.75 0.67 0.65 0.66 0.66 0.62 0.68 0.88 0.98 0.89 0.77 0.68 0.60 0.55 0.53 0.55 0.58 0.60 0.61 0.61 0.62 0.62 0.62 0.62 0.61 0.61 0.61 0.60 0.60 0.59 0.59 0.58 0.57 0.56 0.56 0.55 0.54 0.54 0.53 0.52 0.51 0.49 0.47 0.45 0.44 0.42 0.41 0.41 0.42 0.42 0.42 0.46 0.56 0.58 0.49 0.46 0.47 0.46 0.41 0.38 0.43 0.52 0.63 0.72 0.94
0.84 0.78 0.71 0.68 0.69 0.72 0.67 0.62 0.69 0.80 0.75 0.71 0.71 0.71 0.73 0.73 0.75 0.80 0.84 0.83 0.79 0.74 0.70 0.68 0.62 0.60 0.75 0.94 0.98 0.89 0.79 0.72 0.63 0.55 0.53 0.55 0.57 0.59 0.60 0.61 0.61 0.62 0.62 0.62 0.62 0.61 0.61 0.61 0.60 0.60 0.59 0.58 0.58 0.57 0.56 0.56 0.55 0.54 0.54 0.53 0.51 0.50 0.49 0.47 0.45 0.43 0.41 0.40 0.38 0.36 0.38 0.45 0.51 0.44 0.42 0.44 0.45 0.42 0.38 0.42 0.50 0.60 0.76 1.01
0.97 0.90 0.78 0.72 0.71 0.72 0.69 0.66 0.68 0.70 0.70 0.70 0.68 0.67 0.66 0.66 0.66 0.68 0.72 0.75 0.78 0.79 0.77 0.73 0.65 0.59 0.66 0.82 0.94 0.95 0.87 0.81 0.75 0.65 0.56 0.54 0.56 0.57 0.59 0.60 0.61 0.61 0.62 0.62 0.62 0.62 0.61 0.61 0.61 0.60 0.60 0.59 0.59 0.58 0.58 0.57 0.56 0.56 0.55 0.54 0.53 0.52 0.51 0.50 0.48 0.47 0.45 0.42 0.40 0.38 0.37 0.39 0.41 0.37 0.37 0.39 0.42 0.40 0.36 0.40 0.50 0.62 0.83 0.99
1.12 1.02 0.84 0.72 0.71 0.72 0.69 0.68 0.67 0.65 0.65 0.67 0.67 0.66 0.65 0.64 0.64 0.65 0.66 0.66 0.68 0.73 0.75 0.74 0.67 0.61 0.64 0.74 0.86 0.92 0.90 0.85 0.82 0.76 0.66 0.58 0.57 0.57 0.57 0.59 0.60 0.61 0.62 0.62 0.62 0.62 0.62 0.61 0.61 0.61 0.60 0.60 0.59 0.59 0.58 0.58 0.57 0.57 0.56 0.55 0.54 0.54 0.53 0.52 0.50 0.49 0.47 0.45 0.43 0.41 0.39 0.37 0.35 0.32 0.32 0.36 0.38 0.38 0.35 0.38 0.52 0.70 0.87 0.89
1.30 1.16 0.92 0.76 0.70 0.71 0.67 0.65 0.64 0.62 0.61 0.62 0.63 0.63 0.63 0.62 0.63 0.64 0.65 0.64 0.64 0.66 0.69 0.70 0.66 0.60 0.61 0.68 0.79 0.88 0.90 0.87 0.85 0.82 0.73 0.64 0.60 0.58 0.58 0.57 0.59 0.61 0.61 0.62 0.62 0.62 0.62 0.62 0.62 0.61 0.61 0.60 0.60 0.60 0.59 0.59 0.58 0.58 0.57 0.56 0.56 0.55 0.54 0.53 0.52 0.50 0.49 0.48 0.46 0.45 0.42 0.39 0.35 0.31 0.29 0.33 0.34 0.33 0.33 0.38 0.57 0.75 0.83 0.77
