windninja/windninja_output/Output_2025-08-24_0300-0350_Google earth_Fire_150m_10min/merlingen_7.5mi_point_08-24-2025_0340_150m_vel.asc
ncols	158
nrows	163
xllcorner	391686.332397
yllcorner	5160024.123721
cellsize	150.000000
NODATA_value	-32768.000000
[rows 0 to 37 of 163, columns 0 to 83 of 158]
0.57 0.56 0.55 0.57 0.60 0.61 0.60 0.61 0.63 0.64 0.64 0.65 0.68 0.69 0.66 0.58 0.48 0.41 0.42 0.43 0.41 0.49 0.62 0.67 0.64 0.58 0.54 0.55 0.59 0.61 0.60 0.59 0.56 0.54 0.55 0.55 0.51 0.46 0.45 0.45 0.48 0.51 0.51 0.50 0.49 0.48 0.46 0.44 0.46 0.54 0.60 0.63 0.65 0.66 0.64 0.63 0.61 0.59 0.58 0.57 0.58 0.60 0.61 0.61 0.63 0.65 0.67 0.65 0.61 0.58 0.57 0.58 0.59 0.60 0.61 0.61 0.61 0.59 0.56 0.54 0.56 0.57 0.59 0.57
0.58 0.57 0.55 0.56 0.57 0.59 0.58 0.57 0.57 0.57 0.59 0.62 0.67 0.72 0.72 0.68 0.60 0.53 0.51 0.51 0.47 0.48 0.57 0.65 0.68 0.64 0.58 0.56 0.57 0.58 0.58 0.58 0.57 0.56 0.55 0.57 0.56 0.53 0.52 0.51 0.51 0.53 0.54 0.55 0.55 0.54 0.55 0.52 0.49 0.51 0.55 0.57 0.59 0.60 0.60 0.60 0.60 0.60 0.60 0.58 0.57 0.58 0.59 0.60 0.60 0.62 0.64 0.65 0.63 0.59 0.57 0.58 0.59 0.60 0.60 0.61 0.62 0.62 0.59 0.56 0.57 0.58 0.58 0.59
0.60 0.60 0.58 0.56 0.56 0.56 0.58 0.57 0.55 0.56 0.58 0.62 0.66 0.71 0.77 0.80 0.76 0.70 0.67 0.63 0.58 0.51 0.49 0.58 0.68 0.70 0.65 0.59 0.57 0.57 0.57 0.57 0.57 0.57 0.57 0.59 0.61 0.62 0.60 0.58 0.57 0.57 0.58 0.61 0.62 0.62 0.64 0.64 0.59 0.53 0.52 0.54 0.55 0.57 0.57 0.58 0.60 0.61 0.63 0.62 0.60 0.58 0.59 0.60 0.59 0.59 0.61 0.65 0.65 0.62 0.59 0.58 0.59 0.59 0.59 0.61 0.63 0.66 0.64 0.59 0.58 0.61 0.60 0.60
0.59 0.63 0.63 0.61 0.60 0.59 0.60 0.64 0.67 0.67 0.67 0.66 0.66 0.68 0.73 0.80 0.79 0.76 0.74 0.70 0.63 0.55 0.50 0.52 0.65 0.73 0.74 0.69 0.66 0.65 0.65 0.62 0.59 0.58 0.59 0.60 0.61 0.62 0.62 0.61 0.61 0.62 0.63 0.64 0.65 0.66 0.66 0.68 0.68 0.65 0.62 0.60 0.61 0.62 0.61 0.60 0.59 0.59 0.60 0.62 0.62 0.60 0.59 0.60 0.59 0.59 0.60 0.64 0.66 0.63 0.60 0.59 0.58 0.57 0.57 0.57 0.59 0.65 0.66 0.61 0.58 0.63 0.65 0.62
0.55 0.60 0.66 0.65 0.64 0.63 0.63 0.65 0.67 0.68 0.67 0.64 0.64 0.67 0.70 0.75 0.77 0.74 0.72 0.71 0.66 0.58 0.51 0.50 0.59 0.70 0.78 0.80 0.79 0.78 0.78 0.77 0.73 0.67 0.63 0.63 0.63 0.63 0.65 0.65 0.65 0.66 0.68 0.69 0.70 0.69 0.68 0.68 0.68 0.68 0.66 0.63 0.62 0.63 0.63 0.61 0.60 0.59 0.59 0.60 0.61 0.60 0.59 0.59 0.59 0.59 0.60 0.63 0.66 0.63 0.60 0.59 0.58 0.57 0.57 0.56 0.54 0.57 0.63 0.62 0.56 0.58 0.65 0.64
0.51 0.54 0.60 0.65 0.67 0.65 0.63 0.61 0.60 0.60 0.60 0.59 0.59 0.62 0.66 0.70 0.74 0.73 0.69 0.67 0.65 0.58 0.49 0.45 0.50 0.59 0.67 0.75 0.78 0.80 0.82 0.84 0.84 0.81 0.76 0.71 0.70 0.71 0.71 0.71 0.69 0.68 0.68 0.68 0.68 0.68 0.67 0.66 0.65 0.65 0.66 0.64 0.62 0.61 0.62 0.62 0.61 0.60 0.59 0.59 0.60 0.60 0.60 0.60 0.60 0.59 0.60 0.63 0.66 0.65 0.63 0.62 0.59 0.57 0.59 0.61 0.59 0.57 0.58 0.60 0.58 0.55 0.59 0.62
0.52 0.51 0.52 0.58 0.64 0.65 0.63 0.60 0.58 0.56 0.56 0.56 0.56 0.58 0.62 0.66 0.71 0.75 0.74 0.71 0.69 0.63 0.51 0.42 0.41 0.47 0.54 0.61 0.67 0.72 0.76 0.79 0.83 0.85 0.85 0.82 0.79 0.78 0.76 0.74 0.71 0.68 0.65 0.64 0.63 0.63 0.63 0.63 0.63 0.63 0.64 0.65 0.65 0.63 0.63 0.62 0.61 0.60 0.59 0.59 0.61 0.62 0.64 0.64 0.62 0.61 0.60 0.63 0.66 0.65 0.67 0.69 0.66 0.60 0.60 0.64 0.66 0.64 0.59 0.60 0.63 0.59 0.58 0.60
0.55 0.54 0.51 0.50 0.53 0.57 0.59 0.58 0.55 0.54 0.54 0.54 0.55 0.58 0.62 0.65 0.67 0.73 0.77 0.75 0.75 0.71 0.61 0.47 0.39 0.41 0.48 0.53 0.58 0.62 0.66 0.69 0.73 0.76 0.78 0.79 0.77 0.75 0.73 0.71 0.68 0.65 0.63 0.61 0.60 0.60 0.60 0.60 0.60 0.60 0.61 0.63 0.65 0.66 0.66 0.64 0.62 0.61 0.60 0.60 0.61 0.63 0.66 0.68 0.68 0.65 0.62 0.63 0.65 0.64 0.65 0.69 0.71 0.66 0.62 0.62 0.66 0.67 0.62 0.61 0.64 0.61 0.58 0.61
0.55 0.55 0.54 0.50 0.48 0.49 0.51 0.53 0.53 0.52 0.52 0.51 0.52 0.55 0.62 0.67 0.67 0.70 0.74 0.76 0.76 0.75 0.70 0.59 0.48 0.43 0.47 0.51 0.52 0.55 0.58 0.61 0.64 0.68 0.69 0.68 0.67 0.66 0.66 0.65 0.63 0.61 0.60 0.59 0.59 0.58 0.58 0.58 0.57 0.57 0.59 0.60 0.60 0.63 0.66 0.65 0.63 0.63 0.62 0.60 0.58 0.56 0.57 0.63 0.68 0.68 0.65 0.64 0.66 0.66 0.63 0.63 0.65 0.65 0.62 0.60 0.63 0.65 0.63 0.61 0.64 0.61 0.55 0.59
0.55 0.55 0.55 0.53 0.51 0.50 0.51 0.52 0.53 0.52 0.51 0.49 0.47 0.49 0.56 0.64 0.67 0.67 0.71 0.76 0.78 0.78 0.76 0.70 0.61 0.51 0.48 0.51 0.53 0.53 0.57 0.58 0.59 0.63 0.66 0.65 0.63 0.62 0.62 0.62 0.61 0.60 0.59 0.58 0.58 0.56 0.56 0.56 0.55 0.53 0.55 0.58 0.57 0.58 0.63 0.64 0.61 0.60 0.59 0.56 0.53 0.49 0.46 0.49 0.56 0.62 0.64 0.63 0.64 0.66 0.65 0.62 0.60 0.61 0.61 0.60 0.61 0.61 0.61 0.66 0.69 0.67 0.57 0.53
0.55 0.55 0.55 0.55 0.54 0.54 0.54 0.54 0.54 0.53 0.51 0.49 0.45 0.44 0.49 0.57 0.63 0.65 0.66 0.70 0.77 0.80 0.80 0.76 0.70 0.62 0.55 0.53 0.54 0.54 0.55 0.55 0.54 0.56 0.60 0.63 0.62 0.61 0.61 0.62 0.63 0.62 0.61 0.58 0.57 0.55 0.52 0.53 0.52 0.48 0.48 0.51 0.52 0.53 0.55 0.58 0.54 0.51 0.50 0.49 0.48 0.45 0.39 0.38 0.44 0.50 0.55 0.56 0.57 0.61 0.65 0.65 0.62 0.60 0.61 0.61 0.61 0.58 0.55 0.63 0.72 0.75 0.68 0.56
0.56 0.55 0.56 0.56 0.55 0.55 0.55 0.55 0.55 0.54 0.52 0.50 0.46 0.44 0.45 0.51 0.58 0.62 0.62 0.63 0.67 0.73 0.78 0.77 0.73 0.67 0.58 0.53 0.51 0.50 0.50 0.51 0.50 0.51 0.55 0.57 0.59 0.59 0.60 0.60 0.61 0.62 0.61 0.59 0.60 0.57 0.51 0.49 0.48 0.44 0.40 0.40 0.40 0.42 0.44 0.47 0.48 0.45 0.43 0.43 0.43 0.40 0.33 0.30 0.34 0.37 0.41 0.45 0.46 0.53 0.62 0.66 0.64 0.61 0.64 0.68 0.70 0.68 0.60 0.60 0.68 0.76 0.77 0.71
0.56 0.55 0.55 0.56 0.56 0.55 0.55 0.54 0.54 0.53 0.52 0.50 0.48 0.44 0.43 0.46 0.50 0.55 0.60 0.60 0.61 0.64 0.69 0.71 0.68 0.62 0.55 0.50 0.48 0.47 0.48 0.50 0.50 0.50 0.52 0.55 0.55 0.56 0.57 0.57 0.59 0.61 0.61 0.61 0.62 0.61 0.57 0.51 0.48 0.44 0.39 0.35 0.35 0.38 0.40 0.40 0.41 0.41 0.41 0.41 0.42 0.39 0.32 0.28 0.27 0.28 0.30 0.31 0.34 0.43 0.53 0.61 0.64 0.61 0.63 0.71 0.77 0.78 0.74 0.68 0.67 0.71 0.76 0.77
0.56 0.56 0.55 0.55 0.56 0.56 0.56 0.55 0.54 0.53 0.52 0.50 0.49 0.47 0.45 0.44 0.43 0.44 0.51 0.56 0.57 0.58 0.60 0.62 0.61 0.59 0.55 0.52 0.50 0.49 0.48 0.48 0.48 0.49 0.51 0.54 0.56 0.55 0.54 0.54 0.56 0.57 0.55 0.53 0.54 0.54 0.54 0.55 0.56 0.52 0.44 0.39 0.37 0.40 0.43 0.39 0.35 0.35 0.38 0.43 0.47 0.43 0.38 0.33 0.28 0.26 0.25 0.23 0.20 0.26 0.40 0.51 0.58 0.58 0.57 0.58 0.63 0.69 0.70 0.68 0.65 0.65 0.68 0.71
0.56 0.56 0.56 0.55 0.55 0.55 0.55 0.55 0.54 0.53 0.52 0.51 0.49 0.49 0.51 0.51 0.48 0.43 0.43 0.48 0.51 0.53 0.55 0.58 0.59 0.57 0.56 0.55 0.53 0.51 0.51 0.49 0.47 0.48 0.49 0.54 0.57 0.56 0.54 0.50 0.50 0.50 0.49 0.48 0.47 0.48 0.46 0.47 0.57 0.64 0.57 0.47 0.44 0.47 0.50 0.45 0.37 0.32 0.36 0.47 0.54 0.51 0.48 0.45 0.41 0.35 0.30 0.25 0.18 0.12 0.21 0.39 0.49 0.52 0.50 0.49 0.51 0.55 0.58 0.57 0.55 0.55 0.58 0.62
0.57 0.56 0.56 0.55 0.55 0.54 0.54 0.54 0.54 0.53 0.52 0.51 0.50 0.49 0.52 0.58 0.58 0.53 0.47 0.46 0.49 0.51 0.54 0.58 0.59 0.57 0.55 0.55 0.55 0.54 0.55 0.56 0.54 0.53 0.51 0.49 0.50 0.51 0.50 0.48 0.47 0.47 0.50 0.52 0.48 0.49 0.50 0.42 0.44 0.59 0.67 0.62 0.58 0.61 0.65 0.66 0.57 0.43 0.41 0.49 0.57 0.58 0.55 0.52 0.54 0.53 0.45 0.38 0.31 0.15 0.09 0.21 0.34 0.41 0.43 0.45 0.48 0.51 0.53 0.54 0.51 0.48 0.50 0.53
0.57 0.57 0.56 0.56 0.55 0.55 0.54 0.54 0.54 0.53 0.52 0.52 0.50 0.47 0.47 0.52 0.58 0.59 0.55 0.51 0.51 0.52 0.54 0.57 0.60 0.59 0.56 0.55 0.57 0.58 0.57 0.57 0.55 0.52 0.49 0.46 0.45 0.47 0.48 0.50 0.51 0.50 0.54 0.59 0.57 0.54 0.57 0.53 0.45 0.49 0.62 0.67 0.67 0.67 0.69 0.73 0.73 0.60 0.50 0.55 0.60 0.60 0.57 0.53 0.56 0.60 0.56 0.49 0.45 0.34 0.18 0.13 0.20 0.27 0.34 0.41 0.45 0.51 0.54 0.56 0.53 0.49 0.48 0.49
0.57 0.57 0.57 0.56 0.56 0.55 0.55 0.55 0.55 0.54 0.53 0.52 0.50 0.47 0.43 0.45 0.50 0.54 0.55 0.54 0.52 0.51 0.51 0.53 0.56 0.57 0.55 0.52 0.52 0.54 0.55 0.54 0.53 0.53 0.54 0.52 0.51 0.51 0.52 0.55 0.56 0.56 0.56 0.57 0.59 0.56 0.56 0.59 0.59 0.55 0.55 0.59 0.63 0.64 0.65 0.68 0.73 0.71 0.62 0.61 0.64 0.65 0.61 0.56 0.56 0.61 0.63 0.56 0.51 0.45 0.35 0.24 0.22 0.22 0.23 0.32 0.40 0.48 0.53 0.53 0.50 0.48 0.47 0.47
0.57 0.57 0.57 0.56 0.56 0.56 0.55 0.55 0.55 0.54 0.54 0.52 0.50 0.48 0.44 0.43 0.45 0.48 0.49 0.50 0.49 0.49 0.48 0.49 0.50 0.52 0.52 0.50 0.48 0.48 0.50 0.52 0.53 0.56 0.59 0.60 0.57 0.54 0.53 0.54 0.55 0.55 0.56 0.56 0.57 0.58 0.55 0.54 0.58 0.60 0.56 0.52 0.54 0.59 0.63 0.66 0.70 0.71 0.67 0.63 0.66 0.68 0.64 0.59 0.58 0.60 0.64 0.61 0.55 0.51 0.46 0.40 0.36 0.31 0.24 0.23 0.29 0.37 0.46 0.47 0.45 0.45 0.43 0.44
0.57 0.57 0.56 0.56 0.56 0.56 0.56 0.55 0.54 0.54 0.54 0.53 0.51 0.49 0.47 0.45 0.45 0.46 0.47 0.48 0.49 0.49 0.49 0.49 0.50 0.51 0.52 0.51 0.49 0.48 0.50 0.52 0.53 0.54 0.55 0.57 0.57 0.54 0.53 0.55 0.57 0.58 0.60 0.60 0.60 0.61 0.60 0.55 0.53 0.58 0.57 0.53 0.50 0.53 0.59 0.64 0.68 0.71 0.68 0.64 0.65 0.67 0.62 0.57 0.56 0.57 0.61 0.63 0.60 0.57 0.53 0.49 0.47 0.44 0.37 0.31 0.30 0.35 0.43 0.46 0.46 0.45 0.42 0.41
0.58 0.57 0.57 0.56 0.56 0.56 0.56 0.55 0.54 0.53 0.53 0.53 0.52 0.51 0.49 0.48 0.47 0.48 0.49 0.50 0.50 0.51 0.51 0.51 0.52 0.53 0.53 0.52 0.52 0.51 0.51 0.53 0.56 0.58 0.60 0.62 0.63 0.62 0.60 0.62 0.63 0.62 0.62 0.62 0.62 0.61 0.61 0.57 0.54 0.56 0.59 0.57 0.52 0.50 0.52 0.56 0.61 0.67 0.70 0.67 0.66 0.68 0.64 0.57 0.56 0.57 0.59 0.63 0.63 0.61 0.58 0.53 0.50 0.47 0.43 0.41 0.43 0.49 0.54 0.54 0.51 0.49 0.45 0.41
0.58 0.58 0.57 0.56 0.56 0.56 0.56 0.56 0.55 0.54 0.54 0.53 0.52 0.51 0.51 0.50 0.50 0.51 0.51 0.51 0.52 0.52 0.52 0.52 0.53 0.54 0.54 0.54 0.53 0.52 0.52 0.54 0.59 0.63 0.66 0.69 0.72 0.69 0.65 0.64 0.64 0.64 0.65 0.64 0.63 0.61 0.59 0.58 0.57 0.58 0.61 0.61 0.57 0.52 0.48 0.49 0.53 0.59 0.66 0.70 0.69 0.71 0.69 0.61 0.58 0.58 0.59 0.63 0.64 0.62 0.59 0.56 0.53 0.49 0.42 0.39 0.46 0.56 0.65 0.67 0.62 0.54 0.50 0.44
0.58 0.57 0.57 0.57 0.57 0.56 0.56 0.56 0.56 0.55 0.54 0.54 0.54 0.53 0.52 0.52 0.52 0.52 0.53 0.53 0.53 0.53 0.53 0.53 0.54 0.55 0.55 0.56 0.55 0.54 0.53 0.54 0.58 0.63 0.63 0.63 0.65 0.67 0.63 0.61 0.62 0.64 0.66 0.66 0.64 0.63 0.62 0.61 0.60 0.60 0.62 0.61 0.60 0.56 0.52 0.50 0.51 0.54 0.59 0.68 0.71 0.72 0.71 0.64 0.61 0.61 0.62 0.65 0.67 0.65 0.61 0.58 0.57 0.54 0.46 0.39 0.41 0.51 0.64 0.74 0.75 0.68 0.61 0.52
0.58 0.57 0.57 0.57 0.57 0.56 0.56 0.56 0.56 0.55 0.54 0.54 0.55 0.55 0.53 0.53 0.52 0.53 0.54 0.54 0.54 0.55 0.55 0.55 0.55 0.56 0.56 0.56 0.55 0.53 0.50 0.49 0.52 0.56 0.58 0.58 0.58 0.59 0.60 0.59 0.59 0.62 0.65 0.68 0.68 0.67 0.66 0.65 0.62 0.60 0.62 0.61 0.60 0.59 0.56 0.53 0.52 0.52 0.53 0.62 0.70 0.72 0.71 0.65 0.60 0.60 0.62 0.63 0.65 0.65 0.62 0.59 0.58 0.56 0.51 0.44 0.38 0.42 0.51 0.66 0.78 0.78 0.73 0.65
0.58 0.58 0.57 0.57 0.57 0.56 0.56 0.56 0.56 0.55 0.55 0.54 0.54 0.55 0.55 0.54 0.53 0.53 0.54 0.54 0.54 0.55 0.55 0.55 0.56 0.57 0.57 0.57 0.55 0.51 0.47 0.45 0.45 0.50 0.56 0.59 0.59 0.58 0.57 0.57 0.57 0.59 0.64 0.69 0.72 0.70 0.68 0.67 0.64 0.61 0.61 0.61 0.61 0.60 0.59 0.56 0.55 0.54 0.51 0.54 0.63 0.71 0.71 0.66 0.58 0.53 0.54 0.57 0.60 0.60 0.58 0.56 0.57 0.56 0.53 0.47 0.39 0.34 0.39 0.51 0.67 0.78 0.81 0.79
0.58 0.58 0.57 0.57 0.57 0.56 0.56 0.56 0.56 0.56 0.55 0.54 0.53 0.54 0.54 0.54 0.54 0.54 0.54 0.54 0.54 0.54 0.55 0.55 0.57 0.58 0.60 0.62 0.61 0.54 0.46 0.43 0.42 0.46 0.54 0.60 0.63 0.63 0.58 0.55 0.55 0.57 0.61 0.67 0.70 0.70 0.70 0.68 0.67 0.65 0.63 0.62 0.60 0.57 0.56 0.56 0.58 0.58 0.53 0.50 0.55 0.65 0.70 0.71 0.67 0.60 0.56 0.57 0.60 0.61 0.58 0.54 0.54 0.54 0.53 0.52 0.49 0.38 0.32 0.39 0.54 0.69 0.78 0.85
0.58 0.58 0.57 0.57 0.57 0.56 0.56 0.56 0.56 0.56 0.56 0.55 0.54 0.53 0.53 0.54 0.54 0.54 0.54 0.54 0.54 0.54 0.55 0.56 0.57 0.59 0.63 0.68 0.68 0.62 0.53 0.45 0.40 0.39 0.45 0.55 0.63 0.68 0.64 0.57 0.56 0.57 0.58 0.63 0.67 0.70 0.74 0.75 0.71 0.69 0.69 0.68 0.63 0.58 0.55 0.56 0.60 0.62 0.59 0.55 0.56 0.60 0.62 0.66 0.69 0.67 0.63 0.61 0.63 0.67 0.64 0.57 0.52 0.51 0.51 0.54 0.59 0.52 0.34 0.31 0.41 0.54 0.64 0.75
0.58 0.58 0.58 0.57 0.57 0.56 0.56 0.56 0.56 0.56 0.56 0.55 0.54 0.53 0.53 0.53 0.53 0.54 0.54 0.54 0.55 0.55 0.56 0.56 0.58 0.60 0.63 0.70 0.75 0.73 0.66 0.55 0.45 0.39 0.36 0.41 0.53 0.66 0.68 0.61 0.57 0.59 0.59 0.63 0.68 0.71 0.78 0.83 0.80 0.73 0.72 0.77 0.75 0.69 0.61 0.56 0.61 0.68 0.69 0.65 0.64 0.62 0.56 0.55 0.60 0.64 0.63 0.62 0.65 0.68 0.68 0.61 0.53 0.50 0.47 0.49 0.59 0.65 0.50 0.32 0.31 0.40 0.49 0.58
0.58 0.58 0.58 0.57 0.57 0.57 0.56 0.56 0.56 0.55 0.55 0.55 0.55 0.54 0.53 0.53 0.53 0.53 0.54 0.55 0.55 0.55 0.55 0.56 0.57 0.59 0.63 0.72 0.81 0.85 0.83 0.73 0.60 0.50 0.42 0.41 0.49 0.63 0.71 0.68 0.65 0.66 0.66 0.67 0.70 0.73 0.76 0.84 0.88 0.81 0.76 0.82 0.85 0.81 0.71 0.60 0.62 0.72 0.74 0.69 0.66 0.68 0.64 0.57 0.57 0.60 0.60 0.61 0.64 0.66 0.69 0.67 0.60 0.54 0.47 0.44 0.48 0.63 0.61 0.42 0.29 0.30 0.39 0.47
0.58 0.58 0.58 0.58 0.57 0.56 0.56 0.56 0.55 0.55 0.55 0.55 0.55 0.55 0.54 0.53 0.53 0.54 0.54 0.54 0.55 0.55 0.55 0.55 0.55 0.57 0.61 0.67 0.76 0.86 0.93 0.93 0.81 0.67 0.59 0.57 0.62 0.70 0.77 0.76 0.77 0.78 0.78 0.78 0.75 0.74 0.77 0.82 0.91 0.94 0.90 0.90 0.93 0.92 0.84 0.72 0.65 0.68 0.74 0.70 0.63 0.63 0.67 0.63 0.58 0.56 0.56 0.59 0.64 0.64 0.64 0.65 0.63 0.58 0.50 0.45 0.48 0.59 0.65 0.52 0.32 0.25 0.30 0.39
0.58 0.58 0.58 0.58 0.57 0.56 0.56 0.56 0.56 0.55 0.55 0.55 0.55 0.55 0.54 0.54 0.53 0.53 0.54 0.54 0.54 0.55 0.55 0.55 0.55 0.55 0.55 0.58 0.64 0.70 0.78 0.89 0.90 0.83 0.75 0.71 0.72 0.75 0.80 0.80 0.80 0.81 0.82 0.83 0.81 0.77 0.77 0.79 0.83 0.89 0.91 0.90 0.92 0.96 0.91 0.79 0.67 0.62 0.68 0.73 0.64 0.55 0.59 0.63 0.58 0.52 0.49 0.53 0.62 0.64 0.57 0.54 0.56 0.55 0.52 0.52 0.54 0.61 0.70 0.63 0.42 0.28 0.27 0.34
0.59 0.58 0.58 0.58 0.58 0.57 0.56 0.56 0.56 0.56 0.56 0.55 0.55 0.55 0.54 0.54 0.53 0.53 0.53 0.53 0.54 0.54 0.55 0.55 0.55 0.54 0.54 0.54 0.57 0.61 0.67 0.77 0.84 0.85 0.77 0.70 0.70 0.73 0.77 0.78 0.76 0.73 0.71 0.73 0.74 0.72 0.71 0.68 0.67 0.67 0.69 0.71 0.77 0.86 0.88 0.79 0.73 0.68 0.66 0.72 0.67 0.56 0.57 0.63 0.62 0.52 0.45 0.49 0.62 0.66 0.56 0.49 0.50 0.51 0.51 0.53 0.56 0.62 0.73 0.74 0.58 0.40 0.32 0.33
0.59 0.58 0.57 0.57 0.58 0.57 0.57 0.56 0.56 0.56 0.56 0.56 0.56 0.55 0.55 0.54 0.54 0.53 0.52 0.52 0.53 0.53 0.54 0.55 0.54 0.53 0.53 0.55 0.60 0.68 0.77 0.82 0.84 0.84 0.73 0.61 0.62 0.67 0.68 0.67 0.67 0.65 0.63 0.64 0.64 0.63 0.62 0.61 0.59 0.59 0.58 0.59 0.63 0.74 0.82 0.78 0.76 0.79 0.78 0.76 0.66 0.55 0.57 0.67 0.71 0.57 0.44 0.47 0.64 0.72 0.61 0.54 0.53 0.52 0.51 0.52 0.55 0.62 0.73 0.79 0.69 0.53 0.42 0.36
0.59 0.59 0.58 0.57 0.57 0.56 0.56 0.56 0.56 0.55 0.55 0.55 0.56 0.55 0.55 0.55 0.54 0.54 0.53 0.53 0.53 0.52 0.53 0.54 0.55 0.54 0.53 0.53 0.57 0.65 0.73 0.80 0.83 0.87 0.80 0.60 0.58 0.63 0.65 0.64 0.64 0.64 0.62 0.61 0.59 0.57 0.57 0.57 0.56 0.57 0.57 0.56 0.56 0.61 0.69 0.70 0.67 0.75 0.87 0.89 0.73 0.56 0.56 0.68 0.79 0.70 0.49 0.42 0.55 0.72 0.70 0.63 0.60 0.55 0.51 0.51 0.53 0.60 0.72 0.84 0.82 0.67 0.55 0.45
0.59 0.60 0.59 0.58 0.58 0.57 0.57 0.56 0.56 0.55 0.55 0.55 0.55 0.55 0.55 0.55 0.55 0.54 0.54 0.53 0.53 0.52 0.51 0.51 0.53 0.53 0.52 0.51 0.50 0.51 0.57 0.66 0.74 0.84 0.88 0.76 0.63 0.63 0.66 0.66 0.65 0.63 0.60 0.58 0.55 0.53 0.53 0.53 0.54 0.55 0.55 0.55 0.54 0.54 0.57 0.59 0.57 0.60 0.76 0.92 0.85 0.63 0.54 0.62 0.80 0.82 0.64 0.45 0.46 0.61 0.68 0.67 0.63 0.56 0.51 0.48 0.47 0.50 0.60 0.77 0.88 0.84 0.74 0.61
0.59 0.59 0.60 0.60 0.59 0.58 0.57 0.57 0.57 0.56 0.55 0.55 0.55 0.55 0.54 0.54 0.54 0.54 0.54 0.53 0.53 0.53 0.51 0.50 0.49 0.49 0.50 0.49 0.47 0.45 0.48 0.57 0.67 0.78 0.87 0.86 0.73 0.64 0.64 0.63 0.62 0.61 0.59 0.56 0.56 0.55 0.52 0.53 0.55 0.56 0.57 0.58 0.58 0.56 0.56 0.58 0.58 0.56 0.62 0.81 0.85 0.66 0.50 0.52 0.71 0.87 0.80 0.61 0.49 0.50 0.56 0.61 0.61 0.55 0.48 0.44 0.42 0.41 0.43 0.53 0.71 0.82 0.84 0.77
0.59 0.58 0.58 0.59 0.59 0.58 0.57 0.57 0.57 0.56 0.56 0.55 0.55 0.55 0.54 0.54 0.54 0.54 0.54 0.53 0.53 0.52 0.51 0.50 0.48 0.47 0.47 0.48 0.47 0.47 0.49 0.54 0.62 0.69 0.75 0.79 0.76 0.69 0.64 0.60 0.57 0.58 0.60 0.59 0.59 0.60 0.57 0.56 0.57 0.58 0.59 0.60 0.62 0.62 0.61 0.62 0.64 0.63 0.63 0.75 0.82 0.67 0.49 0.45 0.57 0.79 0.88 0.77 0.61 0.50 0.48 0.52 0.53 0.50 0.47 0.44 0.42 0.43 0.44 0.43 0.49 0.62 0.77 0.85
0.59 0.59 0.58 0.58 0.58 0.58 0.57 0.56 0.56 0.56 0.56 0.55 0.55 0.55 0.55 0.55 0.54 0.54 0.54 0.53 0.53 0.52 0.52 0.51 0.50 0.48 0.47 0.47 0.50 0.53 0.54 0.54 0.55 0.59 0.66 0.68 0.69 0.69 0.67 0.62 0.59 0.59 0.60 0.62 0.62 0.62 0.60 0.61 0.61 0.61 0.60 0.60 0.63 0.65 0.63 0.62 0.66 0.71 0.72 0.77 0.84 0.74 0.56 0.45 0.47 0.63 0.81 0.82 0.69 0.58 0.52 0.52 0.52 0.49 0.48 0.47 0.44 0.47 0.56 0.53 0.44 0.49 0.64 0.80
