windninja/windninja_output/Output_2025-08-24_0300-0350_Google earth_Fire_150m_10min/merlingen_7.5mi_point_08-24-2025_0320_150m_ang.asc
ncols	158
nrows	163
xllcorner	391686.332397
yllcorner	5160024.123721
cellsize	150.000000
NODATA_value	-32768.000000
[rows 0 to 41 of 163, columns 0 to 93 of 158]
226 226 225 222 222 223 222 219 219 219 218 215 212 213 219 227 235 238 237 241 236 220 215 218 222 227 226 222 221 222 223 224 226 226 225 229 234 236 237 234 230 230 231 233 234 236 240 240 231 225 223 221 221 223 223 224 225 226 228 227 225 224 224 223 220 219 221 224 227 229 228 227 226 225 224 225 227 230 231 230 229 227 228 232 233 232 229 228 230 228 227 227 226 225
226 226 225 223 223 224 223 222 223 223 219 213 209 212 218 225 229 229 231 233 228 217 214 218 223 225 224 222 222 224 224 225 226 225 226 229 230 230 231 229 228 228 228 229 230 230 232 232 229 226 225 225 226 226 226 226 225 226 227 227 226 225 224 223 221 221 223 226 228 228 227 226 225 225 225 226 226 229 230 228 227 227 229 231 232 232 228 228 230 229 229 230 229 228
223 224 223 222 224 224 222 224 225 222 215 208 206 210 217 223 224 222 224 225 221 213 211 217 223 224 222 222 224 225 227 227 226 226 226 227 226 225 225 224 224 225 225 226 225 224 224 224 223 224 226 226 227 228 227 226 225 225 225 225 224 224 223 223 223 223 225 228 229 228 225 225 225 225 226 225 225 227 228 226 224 226 229 229 230 230 225 225 228 229 230 231 229 228
217 221 221 220 223 221 219 219 217 214 209 204 204 210 217 223 223 222 222 223 221 216 210 213 220 221 220 219 219 221 223 225 226 226 225 224 225 225 224 223 222 221 222 223 222 222 221 221 220 220 221 221 223 224 224 225 225 226 226 225 224 223 223 224 223 223 225 228 230 228 225 225 227 227 227 226 225 228 229 225 221 224 228 227 229 229 222 220 222 223 224 226 225 223
212 218 220 219 221 218 216 216 215 213 209 204 203 210 218 224 225 225 225 225 223 220 213 209 215 217 216 216 215 215 217 220 222 222 222 223 224 224 223 221 219 218 219 219 220 220 220 220 220 220 220 221 222 223 225 225 226 226 226 226 225 224 223 224 224 224 225 228 230 228 226 227 228 228 227 228 230 231 230 226 223 225 228 226 228 230 223 218 218 217 218 221 220 217
214 217 219 219 219 217 217 218 218 216 212 207 204 211 220 225 227 228 227 227 227 225 218 209 212 216 216 216 215 214 215 217 218 218 218 219 220 219 219 218 216 217 219 220 221 222 222 222 222 222 221 222 223 225 226 226 226 226 226 225 225 224 223 224 224 224 225 228 229 226 225 228 229 227 225 226 229 231 229 227 226 228 230 228 228 230 227 223 222 218 216 217 216 212
218 219 220 220 219 218 219 220 218 216 213 209 206 212 223 226 227 227 226 226 227 227 223 213 211 216 218 218 217 215 216 217 218 217 217 217 216 216 217 217 218 219 221 223 224 225 224 224 223 222 222 223 223 224 226 227 227 226 225 224 223 221 221 222 223 223 224 228 228 224 223 225 226 223 222 223 226 227 225 224 227 228 228 228 229 231 231 229 229 225 222 221 219 216
219 220 220 221 223 222 223 222 220 217 213 209 206 212 223 226 226 226 225 224 225 226 224 217 212 214 218 219 218 217 219 220 220 220 220 219 218 218 220 221 222 223 225 226 227 227 226 226 224 223 223 224 223 223 226 227 227 226 224 222 220 218 218 220 222 223 224 227 227 223 222 224 224 222 221 223 227 227 223 223 229 230 226 226 227 228 229 229 228 228 229 229 229 227
218 220 221 222 225 226 227 225 221 218 215 210 206 210 221 225 225 225 225 225 226 226 223 218 212 208 213 217 217 219 223 223 222 223 224 225 224 224 225 226 227 228 228 228 228 227 227 227 225 223 223 225 224 224 227 227 225 224 223 222 222 221 220 221 222 224 225 225 224 223 224 227 227 225 224 225 228 227 224 225 232 232 226 222 221 221 222 222 220 216 216 219 223 223
219 220 222 222 223 225 226 224 222 219 216 212 207 210 220 225 225 224 224 224 224 224 223 218 213 207 208 215 217 219 224 224 223 225 227 227 227 227 228 229 229 229 229 229 230 229 228 228 227 224 225 227 225 226 229 229 227 226 227 227 227 227 225 225 227 228 227 225 223 223 227 230 229 228 226 227 230 228 223 224 228 229 226 222 222 221 220 219 215 211 212 213 215 214
219 220 222 222 222 222 223 222 220 219 217 214 210 211 220 226 226 225 223 223 223 223 222 219 215 210 206 212 217 219 224 225 225 228 230 229 228 228 229 229 229 229 229 230 231 232 230 231 230 229 231 231 229 231 234 235 235 235 235 235 235 236 234 234 237 235 232 228 224 226 230 230 228 226 227 229 231 230 223 222 224 225 225 223 225 223 222 224 219 214 217 219 218 215
220 221 222 222 222 222 222 221 220 219 218 216 213 212 220 226 227 226 225 225 225 224 223 220 217 213 210 214 219 223 227 229 229 231 233 232 231 230 230 230 229 230 230 229 231 232 232 234 236 238 242 243 243 245 248 247 245 244 244 245 247 249 249 250 251 247 242 235 229 229 230 229 227 224 223 224 225 225 221 219 221 222 222 220 220 218 220 226 222 214 221 227 225 219
221 221 222 222 221 222 222 221 221 220 219 218 216 215 221 228 229 228 227 227 227 227 226 224 222 219 218 219 224 227 229 230 231 232 233 234 234 233 232 231 231 231 230 229 231 232 232 235 242 247 251 254 256 259 261 261 256 251 249 251 255 258 262 268 270 265 258 248 237 233 231 229 228 223 218 217 218 219 217 216 218 221 220 220 219 216 220 226 220 212 221 230 227 223
221 221 222 222 221 221 222 221 221 221 220 219 216 216 222 231 234 232 230 229 228 228 229 229 227 224 221 222 224 226 229 232 233 232 232 233 233 233 233 232 233 234 235 237 239 239 236 234 238 245 249 252 254 258 263 267 265 257 249 247 251 253 256 262 269 271 270 268 261 245 235 232 230 224 217 217 221 223 221 219 220 222 222 224 224 221 224 228 223 218 226 234 233 232
221 222 222 222 222 222 222 222 221 221 220 220 217 214 219 228 233 233 232 233 232 231 231 231 229 226 223 223 224 226 230 233 234 232 231 231 232 233 235 237 241 242 245 249 250 247 244 238 234 236 240 242 243 245 249 254 256 250 240 238 241 243 242 242 244 250 256 263 273 274 247 236 232 226 222 224 228 230 230 230 229 227 227 230 229 228 231 232 229 228 237 245 245 245
222 222 222 222 222 222 222 222 222 222 221 220 218 214 216 225 228 228 229 232 232 231 230 228 228 226 223 223 225 225 227 229 227 228 231 235 239 241 242 244 247 246 245 245 243 240 241 241 237 234 233 231 228 229 231 233 235 232 227 232 236 237 236 231 230 235 239 243 250 264 270 251 240 232 228 229 231 233 235 236 235 232 234 237 236 236 238 239 238 237 242 249 249 249
222 222 222 222 222 222 222 222 222 222 222 220 219 216 217 225 228 227 226 227 228 228 227 227 227 226 223 222 223 224 226 227 228 232 238 243 247 247 244 243 241 238 236 236 234 233 234 234 234 234 231 226 223 225 226 227 228 226 221 227 233 235 234 228 227 232 234 235 237 238 247 263 257 244 234 231 231 232 235 235 233 233 238 240 243 245 245 246 248 245 240 241 241 242
222 222 222 222 222 222 222 222 222 222 222 221 221 220 221 227 231 229 227 227 227 228 228 228 228 228 226 224 225 227 229 230 232 234 237 240 240 239 236 234 233 233 234 234 233 232 232 229 228 229 230 228 226 226 227 227 227 225 220 224 230 233 230 226 227 231 233 233 233 233 233 238 247 249 243 235 231 233 237 238 238 239 241 242 245 248 248 246 248 249 243 239 237 238
222 222 222 222 222 222 222 222 222 222 222 222 222 222 223 228 232 232 231 230 230 230 230 230 231 231 229 228 229 232 233 232 231 231 232 234 235 234 233 233 234 234 234 234 233 233 232 229 227 229 231 231 229 228 227 226 226 225 223 224 229 232 229 226 227 230 233 233 232 232 229 224 228 235 239 241 243 246 248 249 249 250 247 243 240 239 239 239 243 245 244 240 239 238
222 222 222 222 222 222 222 222 222 222 222 223 223 223 224 227 231 233 232 231 231 230 229 230 230 230 229 229 230 231 230 229 229 231 235 237 237 235 233 232 231 230 231 230 230 231 231 229 229 232 233 232 231 228 226 225 225 225 226 227 230 233 232 230 230 232 234 233 230 228 224 220 222 226 226 230 240 249 252 251 250 249 246 240 235 235 234 235 240 242 238 233 237 239
222 222 222 222 222 222 222 223 223 222 223 223 223 223 224 226 229 230 230 229 228 228 227 227 228 228 229 229 229 228 227 225 227 230 231 232 231 229 226 226 226 227 229 229 229 230 231 230 229 232 233 232 231 229 227 226 226 226 227 228 230 233 234 231 231 232 231 230 229 226 222 221 224 227 225 220 222 230 236 241 243 242 240 237 234 235 235 235 239 241 236 227 232 237
222 222 222 222 222 222 222 223 223 222 223 224 224 224 224 225 226 227 227 227 227 227 226 226 227 227 228 228 228 227 224 222 224 226 225 224 225 225 223 224 225 226 227 229 231 232 232 230 228 229 231 230 229 229 229 229 229 227 227 228 228 231 233 231 230 231 228 228 228 225 223 222 225 230 227 216 213 220 226 231 235 236 237 236 232 232 232 234 239 239 232 221 225 234
222 222 222 222 222 222 222 222 223 223 222 223 223 223 224 224 225 225 226 225 225 225 225 225 225 226 226 227 227 226 222 219 221 224 225 226 228 228 226 226 226 226 227 229 232 232 230 228 227 227 229 230 230 230 229 228 229 228 226 227 228 231 233 231 229 227 224 225 226 224 223 223 227 230 226 213 207 215 222 226 228 229 232 234 231 230 228 231 235 236 229 216 220 231
222 222 221 222 222 222 222 223 223 223 222 222 223 223 223 223 224 224 225 224 224 224 224 224 224 224 225 227 228 227 224 220 223 227 229 231 232 232 230 228 226 226 227 229 230 229 226 227 227 228 230 231 230 230 228 227 228 227 224 225 228 232 235 233 229 225 224 226 227 226 225 225 229 230 224 213 207 215 221 224 226 226 228 230 230 230 228 231 235 235 228 216 221 232
222 222 221 222 222 222 222 223 223 223 223 222 223 223 223 223 223 224 224 224 224 224 223 223 223 223 224 227 231 231 227 225 227 229 230 231 232 232 232 229 227 226 225 227 228 226 225 227 229 229 231 231 230 229 228 226 226 226 224 225 229 233 235 235 231 228 229 229 230 230 230 230 232 229 223 216 215 221 224 224 225 225 224 226 228 230 231 235 238 237 227 215 222 232
222 222 222 222 222 222 222 222 223 223 223 223 223 223 223 223 223 223 224 223 223 223 223 222 221 221 221 226 231 232 230 229 229 228 228 228 228 232 233 230 227 225 225 227 228 226 226 228 229 229 230 231 232 231 229 226 224 225 226 228 232 235 235 231 227 225 226 226 228 231 234 235 233 228 220 215 221 228 226 222 223 222 220 221 224 226 224 227 236 237 225 212 219 228
222 222 222 222 222 222 222 223 223 223 223 223 223 223 223 223 223 223 223 223 223 222 221 220 219 217 217 224 229 230 230 232 233 231 229 226 226 230 232 228 226 225 225 228 228 224 224 226 227 227 227 230 232 232 229 223 220 224 227 228 233 239 237 231 226 224 222 221 224 229 234 236 232 227 216 210 220 229 228 220 222 222 220 220 222 222 218 220 230 233 223 209 215 224
222 222 222 222 222 222 222 223 223 223 223 223 223 223 223 223 223 223 223 222 222 221 220 219 217 214 214 221 226 226 228 232 234 234 233 228 226 230 232 228 224 225 225 225 223 219 219 223 226 225 223 225 227 228 226 217 214 220 224 226 233 240 239 233 230 227 222 220 223 229 235 235 229 223 213 207 218 228 228 221 223 223 222 223 225 224 219 220 228 230 224 212 213 222
221 221 222 222 222 222 222 223 223 223 223 223 223 223 223 223 223 222 222 222 221 221 219 218 215 211 211 216 219 220 223 228 229 230 229 225 223 227 230 225 220 221 221 221 219 216 217 220 224 223 218 220 223 225 224 211 206 216 224 229 234 236 232 229 228 226 221 219 225 232 235 231 225 220 213 209 218 230 232 228 225 223 225 229 231 230 226 226 229 229 225 219 216 221
221 222 222 222 222 222 222 223 223 223 223 223 223 223 223 222 222 222 221 222 221 220 219 217 214 210 209 212 215 215 218 223 225 225 221 213 212 220 224 220 215 215 214 216 215 213 215 217 220 218 213 215 220 222 221 209 203 216 228 236 239 236 231 227 227 226 220 219 230 237 237 231 225 220 214 212 219 230 235 235 231 225 229 234 236 234 232 231 231 229 226 225 222 225
222 222 221 222 223 223 222 223 223 223 223 223 223 223 223 222 222 222 221 222 221 220 218 216 213 210 209 212 214 215 219 223 224 223 217 206 206 216 220 216 213 213 212 214 213 211 214 215 218 217 214 215 219 223 222 212 210 222 233 240 241 236 233 231 231 229 222 222 235 243 242 235 230 223 214 211 215 224 232 235 233 225 229 235 234 231 230 230 230 229 227 228 230 235
222 222 221 222 223 222 222 222 222 222 222 223 223 223 223 223 222 222 221 221 221 219 218 216 213 210 209 211 213 218 224 226 224 224 219 206 205 216 219 216 215 215 215 218 217 215 217 221 223 224 223 224 225 227 225 216 217 227 238 244 241 231 228 231 234 232 223 225 238 244 242 235 231 223 212 210 213 219 228 233 231 223 225 233 235 234 235 234 234 234 233 233 234 240
222 222 221 222 223 222 222 222 223 222 222 223 223 223 223 222 222 222 222 221 221 219 217 216 214 211 209 208 208 211 218 221 223 227 225 209 206 218 221 220 221 220 220 222 221 221 224 227 228 230 231 231 231 231 227 218 218 227 236 243 241 228 220 225 233 233 224 224 235 240 235 228 225 218 211 209 211 216 225 232 230 223 226 232 236 240 242 240 238 238 239 238 237 240
222 221 221 222 224 223 222 222 223 223 223 223 223 223 223 222 222 222 221 221 221 219 217 216 215 211 209 205 203 206 214 219 222 227 227 213 205 219 222 221 223 222 221 224 225 227 231 231 231 233 234 234 234 234 230 224 223 228 233 237 236 224 213 219 229 232 228 226 234 236 230 223 221 216 210 208 208 212 221 227 226 224 226 230 231 232 236 236 234 234 235 237 239 241
221 221 221 222 223 222 222 222 223 223 223 223 223 223 223 222 222 222 221 221 220 220 218 216 215 212 209 206 203 207 217 222 223 226 226 216 205 216 221 220 222 223 225 229 231 234 235 234 235 236 236 236 237 237 235 233 232 233 235 236 234 223 209 214 227 231 232 232 236 236 229 224 222 217 213 210 209 213 219 224 223 222 224 229 229 226 230 231 229 229 230 232 236 240
221 220 221 222 223 222 221 222 223 223 223 223 223 223 223 223 222 222 222 221 221 220 218 217 216 214 211 207 207 213 222 224 223 224 224 218 210 215 222 223 225 227 230 231 233 236 235 234 234 234 234 235 235 234 234 234 235 237 239 240 239 229 213 211 223 229 231 233 236 238 232 229 227 222 219 214 213 220 228 229 226 223 224 229 232 227 227 228 226 225 227 229 234 239
221 221 221 223 223 222 222 222 223 223 223 223 223 223 223 223 222 222 222 221 221 220 219 218 217 214 211 209 210 216 220 220 222 225 226 222 216 217 224 228 230 231 231 231 233 233 231 231 233 233 233 232 231 230 230 230 231 233 236 240 240 234 220 211 219 227 231 233 235 235 234 236 234 228 221 216 214 221 230 235 231 227 227 230 233 233 225 224 224 223 224 228 233 239
221 221 222 223 223 222 222 223 223 224 223 223 223 223 223 223 222 222 222 222 221 221 220 219 217 214 211 208 209 215 216 217 223 228 229 225 220 222 228 230 230 230 230 230 231 231 229 229 230 231 232 230 227 229 230 229 227 229 231 234 236 233 224 214 216 227 234 237 235 229 229 233 233 226 218 217 215 213 223 231 230 227 227 228 232 233 223 218 224 224 225 229 234 238
221 221 222 223 223 223 223 223 223 223 223 223 223 223 223 223 223 222 222 222 221 221 220 219 218 215 211 206 208 215 217 220 224 228 229 224 221 225 229 229 228 228 228 228 228 228 226 224 222 225 227 224 222 225 228 225 221 222 224 226 228 226 222 215 215 228 240 243 236 226 225 225 224 220 215 218 215 203 216 226 224 221 223 226 232 232 222 214 220 224 224 229 238 243
222 222 223 223 223 223 223 224 224 223 223 223 223 223 223 223 223 223 222 222 222 221 220 220 219 217 213 209 212 220 224 224 225 227 227 222 218 222 226 227 227 228 227 225 224 224 224 221 219 222 225 222 216 217 220 217 212 213 217 219 219 220 221 220 217 226 241 243 234 226 225 225 224 219 215 219 213 194 206 220 219 218 223 229 236 235 226 215 215 220 222 229 242 245
222 223 223 223 223 223 223 224 224 223 223 223 223 223 223 223 223 223 223 222 222 221 221 220 220 218 216 215 217 224 228 227 227 228 226 221 219 220 223 224 225 225 225 222 222 222 222 218 215 219 225 222 211 210 215 214 209 210 216 219 219 220 223 226 222 225 237 239 231 227 227 229 229 220 215 219 210 191 198 214 217 217 222 229 235 236 229 217 214 218 221 230 240 243
223 223 223 223 223 223 223 224 224 223 223 223 223 223 223 223 223 223 223 222 222 222 221 221 221 220 219 219 219 223 228 228 227 226 222 219 220 223 223 221 220 219 219 219 219 217 215 213 212 215 222 221 212 209 217 220 217 216 222 227 226 223 224 226 225 225 232 233 228 225 225 227 226 215 213 218 207 191 196 211 218 217 220 225 229 229 223 216 216 219 222 230 237 240
