windninja/windninja_output/Output_2025-08-24_0300-0350_Google earth_Fire_150m_10min/merlingen_7.5mi_point_08-24-2025_0310_150m_vel.asc
ncols	158
nrows	163
xllcorner	391686.332397
yllcorner	5160024.123721
cellsize	150.000000
NODATA_value	-32768.000000
[rows 76 to 113 of 163, columns 0 to 83 of 158]
0.74 0.73 0.70 0.63 0.62 0.66 0.64 0.61 0.60 0.58 0.57 0.56 0.55 0.55 0.55 0.53 0.52 0.53 0.53 0.53 0.52 0.53 0.53 0.53 0.50 0.45 0.47 0.52 0.55 0.59 0.62 0.61 0.60 0.60 0.58 0.54 0.53 0.53 0.53 0.52 0.52 0.53 0.53 0.54 0.54 0.54 0.55 0.55 0.55 0.55 0.55 0.55 0.55 0.55 0.55 0.55 0.55 0.55 0.55 0.54 0.54 0.54 0.53 0.53 0.52 0.52 0.51 0.51 0.50 0.49 0.47 0.45 0.43 0.40 0.38 0.38 0.35 0.29 0.30 0.49 0.73 0.79 0.71 0.55
0.70 0.71 0.71 0.68 0.67 0.67 0.63 0.60 0.60 0.59 0.58 0.56 0.55 0.55 0.55 0.53 0.52 0.53 0.53 0.52 0.52 0.53 0.53 0.53 0.49 0.45 0.49 0.54 0.54 0.55 0.59 0.61 0.60 0.61 0.62 0.57 0.55 0.54 0.53 0.52 0.51 0.52 0.53 0.54 0.54 0.55 0.55 0.55 0.55 0.55 0.56 0.56 0.56 0.55 0.55 0.55 0.55 0.55 0.55 0.54 0.54 0.54 0.54 0.53 0.53 0.52 0.52 0.51 0.50 0.49 0.47 0.46 0.44 0.42 0.40 0.38 0.34 0.29 0.33 0.55 0.70 0.62 0.53 0.49
0.65 0.62 0.67 0.78 0.77 0.69 0.64 0.62 0.63 0.61 0.57 0.55 0.55 0.55 0.55 0.53 0.53 0.53 0.52 0.52 0.52 0.53 0.54 0.52 0.46 0.45 0.53 0.56 0.54 0.52 0.53 0.59 0.61 0.62 0.64 0.60 0.56 0.55 0.54 0.52 0.50 0.51 0.52 0.53 0.54 0.55 0.55 0.55 0.56 0.56 0.56 0.56 0.56 0.55 0.55 0.55 0.55 0.55 0.55 0.55 0.54 0.54 0.54 0.53 0.53 0.53 0.52 0.51 0.51 0.50 0.48 0.47 0.45 0.43 0.41 0.39 0.35 0.31 0.36 0.52 0.60 0.46 0.41 0.45
0.54 0.49 0.61 0.88 0.97 0.85 0.71 0.66 0.67 0.63 0.55 0.53 0.54 0.55 0.55 0.54 0.53 0.52 0.51 0.51 0.52 0.53 0.54 0.50 0.43 0.45 0.55 0.57 0.54 0.50 0.50 0.57 0.61 0.63 0.64 0.62 0.57 0.54 0.55 0.54 0.49 0.49 0.52 0.53 0.54 0.54 0.55 0.56 0.56 0.56 0.56 0.56 0.56 0.56 0.55 0.55 0.55 0.55 0.55 0.55 0.54 0.54 0.54 0.54 0.53 0.53 0.52 0.52 0.51 0.50 0.49 0.47 0.46 0.45 0.42 0.40 0.36 0.33 0.36 0.45 0.46 0.36 0.35 0.40
0.37 0.40 0.59 0.85 1.08 1.10 0.84 0.69 0.68 0.60 0.50 0.50 0.52 0.54 0.54 0.53 0.53 0.52 0.50 0.50 0.52 0.53 0.54 0.50 0.43 0.46 0.55 0.58 0.55 0.50 0.51 0.56 0.59 0.62 0.64 0.63 0.57 0.54 0.57 0.56 0.50 0.48 0.51 0.52 0.53 0.54 0.55 0.56 0.57 0.58 0.57 0.56 0.56 0.55 0.55 0.55 0.55 0.55 0.55 0.55 0.55 0.54 0.54 0.54 0.54 0.53 0.53 0.52 0.51 0.51 0.49 0.48 0.47 0.45 0.43 0.41 0.38 0.35 0.35 0.37 0.32 0.29 0.30 0.34
0.22 0.38 0.65 0.90 1.19 1.10 0.73 0.61 0.60 0.53 0.46 0.46 0.50 0.52 0.53 0.53 0.51 0.51 0.49 0.50 0.51 0.53 0.53 0.50 0.44 0.46 0.55 0.57 0.55 0.53 0.52 0.55 0.57 0.59 0.62 0.62 0.57 0.55 0.57 0.57 0.51 0.47 0.50 0.52 0.53 0.54 0.54 0.56 0.59 0.60 0.58 0.56 0.56 0.55 0.55 0.55 0.55 0.55 0.55 0.55 0.55 0.55 0.54 0.54 0.54 0.54 0.53 0.53 0.52 0.51 0.50 0.49 0.47 0.46 0.44 0.42 0.40 0.36 0.34 0.31 0.25 0.24 0.27 0.29
0.32 0.49 0.79 1.14 1.20 0.82 0.52 0.46 0.45 0.43 0.39 0.42 0.47 0.51 0.52 0.51 0.50 0.50 0.50 0.49 0.51 0.52 0.53 0.50 0.44 0.47 0.55 0.56 0.55 0.55 0.54 0.55 0.55 0.56 0.58 0.60 0.59 0.57 0.57 0.56 0.52 0.49 0.49 0.52 0.54 0.55 0.55 0.56 0.62 0.63 0.60 0.57 0.55 0.54 0.54 0.54 0.55 0.55 0.55 0.55 0.55 0.55 0.55 0.54 0.54 0.54 0.53 0.53 0.52 0.51 0.51 0.49 0.48 0.47 0.46 0.44 0.41 0.37 0.34 0.29 0.22 0.19 0.23 0.27
0.88 0.86 0.97 1.08 0.91 0.63 0.47 0.39 0.35 0.34 0.34 0.39 0.45 0.49 0.51 0.50 0.49 0.50 0.50 0.50 0.51 0.52 0.53 0.50 0.45 0.49 0.55 0.55 0.54 0.55 0.54 0.54 0.53 0.54 0.55 0.58 0.59 0.59 0.58 0.56 0.52 0.50 0.51 0.53 0.56 0.57 0.57 0.59 0.64 0.64 0.60 0.57 0.54 0.53 0.53 0.54 0.55 0.55 0.55 0.55 0.55 0.55 0.55 0.54 0.54 0.54 0.54 0.53 0.53 0.52 0.51 0.50 0.49 0.48 0.46 0.45 0.42 0.39 0.35 0.29 0.21 0.17 0.19 0.28
1.12 1.01 0.87 0.79 0.68 0.58 0.44 0.35 0.33 0.33 0.35 0.40 0.43 0.47 0.50 0.49 0.49 0.51 0.51 0.51 0.52 0.52 0.52 0.52 0.49 0.50 0.54 0.54 0.53 0.54 0.54 0.53 0.52 0.52 0.54 0.57 0.59 0.59 0.58 0.55 0.53 0.52 0.53 0.55 0.57 0.58 0.59 0.61 0.63 0.62 0.59 0.56 0.54 0.51 0.51 0.53 0.54 0.55 0.55 0.55 0.55 0.55 0.55 0.55 0.54 0.54 0.54 0.54 0.53 0.52 0.52 0.51 0.50 0.49 0.47 0.46 0.43 0.40 0.36 0.30 0.22 0.19 0.20 0.35
1.30 1.06 0.77 0.71 0.67 0.58 0.43 0.37 0.38 0.39 0.40 0.41 0.42 0.46 0.49 0.50 0.49 0.51 0.52 0.52 0.53 0.52 0.52 0.54 0.52 0.49 0.50 0.52 0.53 0.54 0.53 0.51 0.50 0.50 0.54 0.57 0.58 0.59 0.58 0.57 0.55 0.53 0.54 0.55 0.57 0.58 0.61 0.63 0.63 0.60 0.57 0.56 0.54 0.51 0.51 0.53 0.54 0.55 0.55 0.55 0.55 0.55 0.55 0.55 0.55 0.54 0.54 0.54 0.54 0.53 0.52 0.51 0.50 0.49 0.48 0.47 0.45 0.42 0.38 0.32 0.26 0.25 0.28 0.46
1.38 1.11 0.78 0.71 0.67 0.59 0.46 0.42 0.46 0.46 0.43 0.40 0.42 0.45 0.49 0.49 0.48 0.51 0.53 0.53 0.53 0.52 0.54 0.57 0.54 0.48 0.47 0.51 0.53 0.53 0.51 0.51 0.50 0.49 0.54 0.57 0.57 0.59 0.60 0.59 0.56 0.53 0.53 0.54 0.56 0.59 0.62 0.64 0.63 0.60 0.55 0.54 0.53 0.52 0.52 0.53 0.55 0.55 0.56 0.56 0.55 0.55 0.55 0.55 0.55 0.55 0.54 0.54 0.54 0.53 0.53 0.52 0.51 0.50 0.49 0.48 0.46 0.44 0.40 0.36 0.31 0.32 0.39 0.60
1.34 1.06 0.79 0.72 0.65 0.59 0.51 0.49 0.53 0.51 0.42 0.39 0.43 0.44 0.47 0.48 0.47 0.51 0.55 0.56 0.54 0.53 0.59 0.65 0.58 0.47 0.45 0.50 0.52 0.51 0.49 0.51 0.51 0.50 0.53 0.55 0.55 0.58 0.61 0.61 0.58 0.54 0.52 0.53 0.56 0.59 0.62 0.64 0.64 0.60 0.55 0.53 0.52 0.53 0.53 0.54 0.55 0.56 0.56 0.56 0.56 0.55 0.55 0.55 0.55 0.55 0.55 0.54 0.54 0.54 0.53 0.53 0.52 0.51 0.50 0.49 0.47 0.46 0.43 0.40 0.37 0.39 0.47 0.64
1.19 1.02 0.81 0.72 0.61 0.57 0.56 0.55 0.55 0.52 0.44 0.43 0.45 0.43 0.45 0.46 0.45 0.52 0.58 0.61 0.58 0.59 0.74 0.77 0.58 0.41 0.42 0.47 0.49 0.49 0.49 0.50 0.51 0.51 0.52 0.53 0.53 0.55 0.60 0.62 0.61 0.56 0.51 0.51 0.54 0.59 0.63 0.64 0.63 0.60 0.56 0.53 0.51 0.52 0.54 0.55 0.56 0.57 0.57 0.57 0.56 0.55 0.55 0.55 0.55 0.55 0.55 0.55 0.54 0.54 0.54 0.53 0.53 0.52 0.51 0.50 0.49 0.48 0.46 0.44 0.43 0.44 0.50 0.65
1.06 0.98 0.82 0.69 0.60 0.56 0.57 0.57 0.53 0.54 0.55 0.49 0.44 0.41 0.41 0.41 0.45 0.54 0.63 0.69 0.69 0.79 0.88 0.73 0.43 0.31 0.37 0.44 0.46 0.48 0.49 0.50 0.51 0.51 0.52 0.53 0.52 0.52 0.56 0.62 0.62 0.59 0.54 0.51 0.53 0.57 0.61 0.64 0.64 0.61 0.58 0.54 0.52 0.53 0.54 0.55 0.56 0.59 0.61 0.59 0.56 0.54 0.54 0.54 0.54 0.55 0.55 0.55 0.55 0.55 0.54 0.54 0.53 0.53 0.52 0.52 0.51 0.50 0.49 0.48 0.47 0.47 0.51 0.61
1.01 0.92 0.76 0.65 0.60 0.56 0.54 0.54 0.52 0.59 0.65 0.53 0.41 0.39 0.38 0.38 0.45 0.56 0.71 0.85 0.93 0.96 0.81 0.50 0.27 0.24 0.33 0.41 0.45 0.47 0.49 0.50 0.51 0.51 0.52 0.54 0.52 0.50 0.53 0.59 0.63 0.61 0.56 0.53 0.53 0.55 0.59 0.64 0.65 0.62 0.60 0.57 0.55 0.53 0.51 0.52 0.55 0.61 0.67 0.64 0.54 0.51 0.53 0.53 0.54 0.55 0.55 0.55 0.55 0.55 0.55 0.54 0.54 0.54 0.53 0.53 0.52 0.52 0.51 0.50 0.50 0.50 0.52 0.58
0.98 0.85 0.70 0.66 0.65 0.58 0.52 0.50 0.50 0.62 0.69 0.53 0.38 0.36 0.36 0.38 0.45 0.55 0.76 1.02 1.06 0.87 0.52 0.30 0.19 0.20 0.31 0.39 0.43 0.46 0.49 0.50 0.51 0.51 0.52 0.54 0.53 0.51 0.51 0.55 0.61 0.61 0.58 0.55 0.53 0.53 0.57 0.62 0.66 0.66 0.63 0.60 0.57 0.53 0.47 0.48 0.56 0.65 0.72 0.65 0.51 0.48 0.51 0.53 0.54 0.55 0.55 0.55 0.55 0.55 0.55 0.55 0.55 0.54 0.54 0.54 0.54 0.53 0.53 0.53 0.53 0.53 0.54 0.59
0.92 0.81 0.68 0.68 0.69 0.64 0.57 0.51 0.47 0.59 0.68 0.54 0.39 0.37 0.37 0.41 0.47 0.56 0.83 1.07 0.95 0.49 0.27 0.19 0.14 0.20 0.31 0.39 0.43 0.46 0.48 0.50 0.52 0.52 0.53 0.54 0.53 0.53 0.52 0.52 0.55 0.59 0.61 0.58 0.55 0.53 0.55 0.60 0.66 0.69 0.67 0.63 0.59 0.53 0.46 0.48 0.61 0.69 0.70 0.62 0.49 0.46 0.49 0.52 0.54 0.54 0.55 0.55 0.55 0.55 0.55 0.55 0.55 0.55 0.55 0.55 0.55 0.55 0.55 0.55 0.55 0.56 0.57 0.60
0.88 0.80 0.70 0.68 0.73 0.71 0.63 0.51 0.41 0.51 0.65 0.57 0.44 0.42 0.41 0.48 0.57 0.70 0.95 0.99 0.67 0.20 0.15 0.15 0.15 0.22 0.32 0.39 0.43 0.46 0.48 0.51 0.54 0.54 0.53 0.53 0.53 0.53 0.53 0.51 0.49 0.53 0.61 0.62 0.56 0.53 0.54 0.58 0.65 0.70 0.73 0.70 0.60 0.53 0.48 0.52 0.63 0.67 0.64 0.60 0.52 0.46 0.48 0.51 0.53 0.55 0.55 0.55 0.56 0.56 0.56 0.56 0.56 0.56 0.56 0.56 0.56 0.56 0.56 0.57 0.57 0.58 0.59 0.61
0.89 0.81 0.70 0.70 0.77 0.75 0.62 0.46 0.35 0.47 0.64 0.61 0.50 0.46 0.45 0.57 0.67 0.77 0.92 0.77 0.43 0.25 0.20 0.18 0.19 0.26 0.34 0.39 0.42 0.45 0.48 0.54 0.58 0.55 0.52 0.52 0.53 0.54 0.54 0.52 0.47 0.47 0.56 0.63 0.58 0.55 0.55 0.58 0.65 0.71 0.79 0.76 0.57 0.50 0.51 0.53 0.60 0.62 0.60 0.58 0.54 0.48 0.48 0.52 0.54 0.55 0.55 0.56 0.56 0.56 0.56 0.56 0.56 0.56 0.56 0.57 0.57 0.57 0.57 0.58 0.58 0.59 0.61 0.63
0.90 0.82 0.72 0.74 0.80 0.73 0.57 0.41 0.35 0.47 0.62 0.61 0.52 0.42 0.42 0.58 0.67 0.76 0.87 0.67 0.40 0.38 0.32 0.26 0.25 0.30 0.36 0.39 0.41 0.44 0.50 0.58 0.61 0.55 0.50 0.51 0.54 0.54 0.54 0.53 0.48 0.45 0.51 0.59 0.60 0.58 0.59 0.61 0.67 0.75 0.83 0.74 0.52 0.47 0.52 0.54 0.57 0.59 0.58 0.57 0.55 0.50 0.49 0.52 0.54 0.55 0.55 0.56 0.56 0.56 0.56 0.56 0.57 0.57 0.57 0.57 0.57 0.58 0.58 0.59 0.59 0.60 0.62 0.63
0.87 0.84 0.78 0.77 0.78 0.69 0.56 0.43 0.38 0.43 0.52 0.55 0.46 0.40 0.43 0.57 0.65 0.83 0.90 0.58 0.46 0.49 0.44 0.36 0.33 0.34 0.36 0.39 0.41 0.45 0.55 0.61 0.60 0.54 0.49 0.50 0.54 0.55 0.55 0.53 0.50 0.45 0.47 0.55 0.59 0.60 0.63 0.67 0.74 0.79 0.76 0.66 0.52 0.47 0.52 0.56 0.56 0.57 0.56 0.55 0.54 0.51 0.51 0.53 0.54 0.55 0.55 0.56 0.57 0.57 0.56 0.57 0.57 0.57 0.58 0.58 0.58 0.58 0.59 0.59 0.60 0.61 0.62 0.63
0.89 0.88 0.82 0.75 0.72 0.67 0.59 0.49 0.43 0.41 0.44 0.40 0.34 0.38 0.46 0.58 0.70 0.84 0.87 0.65 0.55 0.54 0.57 0.50 0.40 0.36 0.36 0.39 0.43 0.48 0.56 0.59 0.58 0.55 0.51 0.51 0.54 0.56 0.55 0.54 0.52 0.47 0.46 0.53 0.59 0.61 0.65 0.72 0.76 0.74 0.66 0.62 0.56 0.50 0.53 0.57 0.57 0.56 0.55 0.55 0.53 0.52 0.53 0.54 0.55 0.55 0.56 0.56 0.57 0.56 0.56 0.57 0.57 0.58 0.58 0.58 0.59 0.59 0.59 0.60 0.61 0.61 0.62 0.63
0.98 0.93 0.81 0.69 0.66 0.66 0.60 0.55 0.50 0.44 0.41 0.36 0.31 0.35 0.48 0.61 0.74 0.78 0.66 0.64 0.62 0.60 0.68 0.64 0.46 0.34 0.34 0.39 0.44 0.50 0.55 0.56 0.57 0.56 0.53 0.53 0.56 0.58 0.56 0.55 0.53 0.49 0.47 0.51 0.57 0.60 0.66 0.73 0.73 0.69 0.63 0.61 0.59 0.55 0.55 0.57 0.58 0.57 0.55 0.54 0.52 0.52 0.54 0.55 0.55 0.55 0.56 0.56 0.56 0.56 0.56 0.57 0.57 0.58 0.58 0.59 0.59 0.59 0.60 0.60 0.61 0.62 0.62 0.63
1.05 0.92 0.75 0.65 0.62 0.60 0.55 0.55 0.54 0.47 0.43 0.38 0.32 0.34 0.47 0.62 0.70 0.64 0.54 0.55 0.60 0.69 0.80 0.70 0.41 0.29 0.34 0.39 0.44 0.50 0.54 0.56 0.57 0.57 0.56 0.56 0.59 0.60 0.59 0.56 0.54 0.51 0.48 0.49 0.55 0.61 0.66 0.69 0.69 0.66 0.64 0.61 0.60 0.59 0.57 0.58 0.59 0.58 0.56 0.53 0.52 0.53 0.56 0.56 0.56 0.56 0.56 0.56 0.56 0.56 0.57 0.57 0.58 0.58 0.59 0.59 0.59 0.60 0.60 0.61 0.61 0.62 0.62 0.63
0.95 0.85 0.72 0.66 0.60 0.55 0.52 0.52 0.51 0.47 0.46 0.41 0.36 0.37 0.45 0.58 0.66 0.56 0.46 0.47 0.60 0.80 0.82 0.54 0.33 0.31 0.37 0.41 0.44 0.49 0.55 0.57 0.58 0.59 0.59 0.59 0.60 0.62 0.62 0.58 0.54 0.53 0.50 0.48 0.53 0.60 0.64 0.65 0.65 0.64 0.64 0.62 0.59 0.60 0.60 0.59 0.58 0.60 0.58 0.53 0.51 0.53 0.56 0.58 0.58 0.56 0.56 0.55 0.55 0.56 0.56 0.57 0.58 0.58 0.59 0.59 0.60 0.60 0.61 0.61 0.61 0.62 0.62 0.63
0.82 0.76 0.70 0.65 0.57 0.53 0.52 0.51 0.49 0.47 0.46 0.42 0.37 0.39 0.45 0.54 0.62 0.55 0.42 0.54 0.77 0.84 0.67 0.49 0.40 0.38 0.41 0.43 0.45 0.49 0.56 0.60 0.62 0.63 0.62 0.61 0.61 0.63 0.66 0.62 0.55 0.53 0.51 0.49 0.51 0.56 0.62 0.63 0.63 0.63 0.64 0.62 0.60 0.60 0.62 0.60 0.58 0.61 0.61 0.54 0.52 0.53 0.56 0.60 0.60 0.58 0.56 0.54 0.53 0.55 0.57 0.58 0.58 0.59 0.59 0.60 0.60 0.60 0.61 0.61 0.61 0.62 0.62 0.63
0.72 0.69 0.65 0.61 0.55 0.52 0.51 0.50 0.48 0.46 0.44 0.42 0.36 0.35 0.41 0.52 0.60 0.57 0.50 0.66 0.82 0.65 0.53 0.51 0.46 0.44 0.45 0.46 0.46 0.51 0.58 0.64 0.66 0.67 0.65 0.62 0.62 0.65 0.68 0.64 0.56 0.52 0.52 0.50 0.49 0.54 0.60 0.62 0.61 0.61 0.61 0.62 0.61 0.60 0.62 0.60 0.59 0.61 0.60 0.58 0.54 0.53 0.56 0.60 0.62 0.59 0.55 0.52 0.50 0.53 0.57 0.59 0.58 0.58 0.59 0.60 0.60 0.61 0.61 0.61 0.62 0.62 0.62 0.62
0.65 0.63 0.60 0.57 0.54 0.51 0.50 0.49 0.48 0.45 0.43 0.42 0.36 0.34 0.40 0.50 0.60 0.58 0.56 0.70 0.73 0.58 0.53 0.53 0.50 0.49 0.50 0.49 0.49 0.55 0.61 0.66 0.70 0.71 0.69 0.67 0.65 0.67 0.68 0.65 0.58 0.53 0.53 0.52 0.51 0.53 0.58 0.60 0.59 0.59 0.60 0.61 0.61 0.60 0.62 0.61 0.60 0.60 0.60 0.60 0.57 0.55 0.55 0.59 0.63 0.60 0.55 0.51 0.49 0.52 0.59 0.62 0.58 0.57 0.59 0.60 0.61 0.61 0.61 0.62 0.62 0.62 0.62 0.62
0.59 0.57 0.54 0.53 0.52 0.51 0.49 0.48 0.47 0.46 0.44 0.42 0.39 0.39 0.42 0.48 0.59 0.59 0.57 0.63 0.64 0.60 0.58 0.56 0.52 0.52 0.56 0.56 0.54 0.60 0.64 0.67 0.72 0.74 0.73 0.72 0.70 0.68 0.68 0.66 0.60 0.56 0.54 0.54 0.52 0.51 0.54 0.56 0.55 0.57 0.59 0.61 0.62 0.61 0.61 0.61 0.59 0.59 0.60 0.61 0.59 0.55 0.55 0.59 0.62 0.60 0.55 0.50 0.48 0.52 0.60 0.63 0.59 0.57 0.58 0.61 0.62 0.62 0.62 0.62 0.62 0.62 0.62 0.62
0.52 0.51 0.49 0.50 0.51 0.50 0.48 0.46 0.46 0.48 0.46 0.44 0.43 0.42 0.43 0.47 0.54 0.56 0.54 0.55 0.55 0.57 0.59 0.57 0.54 0.55 0.61 0.62 0.61 0.66 0.67 0.70 0.74 0.75 0.76 0.79 0.77 0.71 0.69 0.67 0.63 0.57 0.55 0.56 0.53 0.51 0.52 0.53 0.53 0.55 0.59 0.61 0.61 0.62 0.61 0.60 0.59 0.59 0.61 0.62 0.59 0.56 0.56 0.59 0.60 0.60 0.56 0.50 0.47 0.52 0.59 0.62 0.62 0.58 0.59 0.63 0.64 0.62 0.61 0.63 0.63 0.62 0.61 0.61
0.46 0.45 0.44 0.46 0.49 0.49 0.47 0.44 0.46 0.50 0.49 0.47 0.46 0.44 0.44 0.45 0.48 0.50 0.48 0.48 0.51 0.56 0.55 0.53 0.55 0.58 0.62 0.66 0.70 0.73 0.74 0.76 0.72 0.72 0.81 0.90 0.86 0.76 0.71 0.68 0.63 0.58 0.57 0.57 0.54 0.52 0.51 0.51 0.51 0.54 0.59 0.60 0.59 0.61 0.61 0.59 0.58 0.58 0.60 0.61 0.59 0.57 0.58 0.59 0.59 0.59 0.57 0.50 0.46 0.51 0.57 0.60 0.64 0.63 0.63 0.66 0.66 0.61 0.61 0.65 0.66 0.62 0.60 0.60
0.39 0.39 0.40 0.43 0.47 0.48 0.47 0.45 0.46 0.52 0.54 0.50 0.46 0.43 0.43 0.42 0.44 0.46 0.43 0.42 0.48 0.57 0.52 0.46 0.52 0.59 0.61 0.65 0.77 0.82 0.81 0.77 0.65 0.68 0.91 1.02 0.92 0.75 0.70 0.68 0.63 0.59 0.60 0.58 0.55 0.53 0.51 0.50 0.51 0.52 0.56 0.58 0.57 0.59 0.60 0.60 0.58 0.58 0.59 0.60 0.60 0.60 0.59 0.59 0.59 0.58 0.57 0.51 0.46 0.48 0.56 0.60 0.63 0.66 0.67 0.69 0.67 0.62 0.62 0.68 0.68 0.61 0.58 0.58
0.32 0.33 0.36 0.41 0.45 0.48 0.50 0.49 0.50 0.53 0.53 0.48 0.42 0.41 0.43 0.43 0.42 0.41 0.38 0.39 0.47 0.58 0.52 0.40 0.44 0.55 0.60 0.61 0.79 0.91 0.83 0.74 0.59 0.68 1.03 1.07 0.86 0.71 0.72 0.73 0.64 0.60 0.62 0.61 0.57 0.55 0.52 0.51 0.50 0.50 0.53 0.56 0.56 0.57 0.58 0.58 0.58 0.58 0.58 0.58 0.60 0.62 0.60 0.58 0.59 0.57 0.55 0.53 0.47 0.45 0.53 0.61 0.65 0.67 0.69 0.71 0.70 0.66 0.63 0.67 0.69 0.63 0.57 0.56
0.26 0.28 0.35 0.43 0.48 0.50 0.51 0.49 0.48 0.47 0.48 0.46 0.40 0.40 0.46 0.47 0.43 0.35 0.34 0.41 0.52 0.58 0.51 0.38 0.37 0.48 0.57 0.58 0.78 0.95 0.83 0.73 0.63 0.74 1.08 1.04 0.79 0.74 0.79 0.73 0.58 0.59 0.66 0.62 0.57 0.56 0.54 0.50 0.48 0.49 0.51 0.54 0.55 0.55 0.55 0.56 0.58 0.59 0.59 0.56 0.57 0.63 0.62 0.56 0.57 0.58 0.55 0.53 0.49 0.44 0.48 0.61 0.69 0.68 0.69 0.71 0.72 0.70 0.65 0.65 0.69 0.68 0.60 0.54
0.23 0.27 0.38 0.46 0.48 0.48 0.46 0.44 0.44 0.44 0.46 0.46 0.41 0.42 0.49 0.52 0.43 0.27 0.29 0.44 0.57 0.59 0.48 0.37 0.35 0.41 0.50 0.56 0.78 0.95 0.84 0.73 0.68 0.82 1.10 1.04 0.85 0.85 0.81 0.64 0.53 0.63 0.69 0.61 0.57 0.58 0.55 0.49 0.47 0.48 0.50 0.51 0.52 0.53 0.54 0.54 0.55 0.60 0.61 0.56 0.55 0.62 0.63 0.56 0.56 0.59 0.57 0.53 0.49 0.45 0.46 0.59 0.70 0.69 0.70 0.72 0.72 0.71 0.68 0.67 0.68 0.70 0.65 0.55
0.24 0.29 0.39 0.44 0.44 0.43 0.41 0.41 0.42 0.42 0.44 0.46 0.43 0.44 0.53 0.56 0.41 0.20 0.23 0.43 0.59 0.63 0.48 0.36 0.35 0.39 0.46 0.53 0.72 0.90 0.88 0.76 0.70 0.86 1.14 1.12 0.97 0.90 0.75 0.56 0.56 0.65 0.68 0.62 0.60 0.58 0.53 0.47 0.46 0.48 0.49 0.48 0.48 0.51 0.54 0.53 0.52 0.58 0.61 0.56 0.53 0.58 0.60 0.57 0.56 0.60 0.60 0.54 0.49 0.46 0.48 0.58 0.69 0.70 0.70 0.72 0.72 0.71 0.71 0.70 0.70 0.71 0.67 0.58
0.24 0.28 0.36 0.39 0.39 0.39 0.39 0.40 0.40 0.39 0.41 0.49 0.49 0.46 0.54 0.58 0.39 0.17 0.19 0.38 0.55 0.65 0.53 0.34 0.33 0.44 0.49 0.53 0.62 0.78 0.88 0.83 0.75 0.94 1.20 1.17 1.01 0.84 0.62 0.55 0.55 0.58 0.65 0.69 0.64 0.56 0.50 0.46 0.46 0.47 0.47 0.45 0.44 0.50 0.54 0.52 0.50 0.55 0.60 0.58 0.53 0.54 0.57 0.58 0.57 0.59 0.61 0.57 0.51 0.48 0.49 0.56 0.65 0.69 0.70 0.73 0.72 0.70 0.73 0.75 0.74 0.73 0.67 0.60
0.23 0.26 0.31 0.35 0.37 0.38 0.38 0.38 0.38 0.37 0.39 0.52 0.54 0.48 0.53 0.59 0.40 0.19 0.22 0.33 0.48 0.62 0.57 0.34 0.34 0.51 0.55 0.56 0.57 0.63 0.79 0.87 0.90 1.08 1.26 1.13 0.89 0.70 0.55 0.50 0.46 0.51 0.68 0.76 0.64 0.52 0.48 0.47 0.47 0.47 0.46 0.43 0.43 0.48 0.52 0.51 0.49 0.52 0.58 0.58 0.53 0.51 0.54 0.59 0.56 0.57 0.60 0.59 0.56 0.52 0.50 0.57 0.63 0.66 0.69 0.74 0.73 0.70 0.71 0.75 0.79 0.76 0.66 0.60
