windninja/windninja_output/Output_2025-08-24_0300-0350_Google earth_Fire_150m_10min/merlingen_7.5mi_point_08-24-2025_0320_150m_vel.asc
ncols	158
nrows	163
xllcorner	391686.332397
yllcorner	5160024.123721
cellsize	150.000000
NODATA_value	-32768.000000
[rows 38 to 75 of 163, columns 0 to 83 of 158]
0.67 0.67 0.68 0.67 0.67 0.67 0.66 0.66 0.65 0.65 0.65 0.64 0.64 0.63 0.63 0.62 0.62 0.61 0.61 0.60 0.59 0.58 0.57 0.55 0.53 0.50 0.47 0.45 0.47 0.50 0.51 0.51 0.56 0.64 0.74 0.77 0.75 0.79 0.83 0.80 0.76 0.74 0.74 0.75 0.78 0.77 0.74 0.75 0.78 0.82 0.80 0.74 0.74 0.81 0.81 0.74 0.76 0.86 0.95 1.01 1.08 1.04 0.84 0.61 0.53 0.65 0.91 0.99 0.81 0.70 0.69 0.69 0.69 0.64 0.59 0.57 0.50 0.49 0.67 0.78 0.63 0.57 0.67 0.82
0.67 0.67 0.67 0.67 0.67 0.66 0.66 0.66 0.65 0.64 0.64 0.64 0.63 0.64 0.63 0.62 0.61 0.61 0.60 0.60 0.59 0.58 0.57 0.56 0.53 0.50 0.47 0.43 0.42 0.45 0.47 0.47 0.50 0.58 0.67 0.71 0.74 0.83 0.89 0.86 0.80 0.76 0.75 0.75 0.80 0.83 0.79 0.74 0.77 0.85 0.88 0.79 0.75 0.86 0.94 0.88 0.84 0.92 1.02 1.09 1.15 1.21 1.13 0.85 0.63 0.67 0.92 0.97 0.80 0.70 0.69 0.69 0.69 0.66 0.63 0.63 0.55 0.50 0.63 0.86 0.84 0.70 0.66 0.73
0.69 0.68 0.67 0.67 0.67 0.66 0.66 0.66 0.65 0.64 0.64 0.64 0.63 0.63 0.64 0.63 0.62 0.61 0.60 0.60 0.59 0.58 0.57 0.56 0.54 0.51 0.46 0.42 0.39 0.42 0.45 0.44 0.44 0.51 0.59 0.62 0.67 0.76 0.88 0.92 0.89 0.84 0.79 0.76 0.78 0.83 0.84 0.79 0.77 0.85 0.92 0.83 0.73 0.80 0.94 0.97 0.91 0.89 0.96 1.03 1.07 1.16 1.27 1.10 0.76 0.72 0.95 0.98 0.81 0.73 0.68 0.66 0.64 0.59 0.61 0.66 0.59 0.54 0.60 0.79 0.91 0.88 0.82 0.81
0.70 0.69 0.68 0.67 0.67 0.66 0.66 0.66 0.66 0.64 0.63 0.64 0.63 0.63 0.63 0.63 0.62 0.62 0.61 0.60 0.59 0.58 0.57 0.56 0.55 0.52 0.48 0.44 0.41 0.42 0.46 0.44 0.43 0.46 0.51 0.57 0.62 0.66 0.75 0.88 0.95 0.96 0.93 0.87 0.82 0.84 0.90 0.90 0.86 0.88 0.95 0.90 0.75 0.68 0.75 0.85 0.82 0.75 0.79 0.88 0.91 0.96 1.15 1.23 1.01 0.83 0.95 1.02 0.89 0.81 0.75 0.71 0.66 0.57 0.59 0.66 0.61 0.57 0.57 0.67 0.80 0.87 0.92 0.94
0.70 0.70 0.69 0.68 0.67 0.66 0.65 0.65 0.66 0.65 0.63 0.63 0.63 0.63 0.63 0.63 0.62 0.62 0.61 0.60 0.59 0.58 0.57 0.56 0.55 0.52 0.50 0.47 0.43 0.44 0.47 0.47 0.45 0.44 0.46 0.52 0.61 0.68 0.72 0.80 0.88 0.94 0.95 0.94 0.89 0.86 0.87 0.88 0.84 0.81 0.88 0.88 0.74 0.63 0.64 0.72 0.73 0.69 0.71 0.79 0.81 0.80 0.93 1.14 1.18 1.03 0.97 1.05 1.03 0.94 0.90 0.87 0.78 0.66 0.65 0.68 0.63 0.59 0.58 0.65 0.74 0.78 0.84 0.93
0.70 0.70 0.69 0.68 0.68 0.67 0.66 0.65 0.66 0.65 0.64 0.63 0.63 0.62 0.62 0.62 0.62 0.61 0.61 0.60 0.59 0.58 0.57 0.57 0.56 0.54 0.52 0.49 0.45 0.44 0.46 0.47 0.46 0.44 0.43 0.46 0.54 0.64 0.69 0.72 0.77 0.83 0.86 0.86 0.83 0.79 0.78 0.80 0.79 0.76 0.81 0.84 0.76 0.68 0.67 0.70 0.71 0.70 0.72 0.77 0.77 0.72 0.75 0.88 1.07 1.11 1.03 1.04 1.12 1.14 1.13 1.11 1.01 0.88 0.82 0.78 0.72 0.66 0.62 0.64 0.71 0.76 0.81 0.88
0.71 0.70 0.69 0.68 0.67 0.67 0.67 0.65 0.65 0.65 0.64 0.63 0.63 0.62 0.62 0.62 0.61 0.61 0.61 0.61 0.60 0.58 0.57 0.57 0.56 0.55 0.53 0.51 0.48 0.46 0.46 0.47 0.46 0.43 0.41 0.40 0.44 0.51 0.56 0.61 0.68 0.75 0.79 0.79 0.76 0.74 0.75 0.76 0.78 0.79 0.83 0.86 0.82 0.76 0.75 0.75 0.72 0.71 0.74 0.77 0.78 0.75 0.71 0.73 0.85 0.98 1.01 0.99 1.03 1.13 1.18 1.21 1.19 1.09 0.98 0.89 0.79 0.73 0.68 0.65 0.67 0.71 0.79 0.86
0.72 0.70 0.69 0.68 0.67 0.66 0.66 0.65 0.65 0.64 0.64 0.63 0.62 0.62 0.62 0.62 0.62 0.62 0.61 0.61 0.60 0.59 0.58 0.57 0.56 0.55 0.54 0.52 0.50 0.48 0.48 0.48 0.46 0.43 0.40 0.37 0.37 0.41 0.47 0.53 0.61 0.70 0.76 0.76 0.72 0.74 0.77 0.77 0.77 0.78 0.81 0.84 0.82 0.76 0.75 0.77 0.74 0.71 0.73 0.77 0.79 0.80 0.77 0.74 0.80 0.85 0.90 0.90 0.84 0.84 0.94 1.04 1.10 1.09 1.02 0.92 0.80 0.75 0.74 0.74 0.72 0.71 0.74 0.81
0.72 0.71 0.69 0.69 0.68 0.66 0.65 0.65 0.64 0.64 0.64 0.63 0.62 0.62 0.62 0.62 0.61 0.61 0.61 0.61 0.60 0.59 0.59 0.58 0.57 0.56 0.54 0.53 0.51 0.49 0.48 0.47 0.46 0.43 0.40 0.38 0.37 0.38 0.42 0.47 0.53 0.62 0.73 0.74 0.69 0.71 0.75 0.78 0.76 0.74 0.77 0.80 0.81 0.77 0.74 0.76 0.77 0.73 0.71 0.72 0.78 0.83 0.82 0.79 0.81 0.82 0.83 0.84 0.77 0.72 0.77 0.85 0.95 1.01 1.00 0.95 0.83 0.76 0.76 0.77 0.73 0.70 0.72 0.76
0.73 0.72 0.69 0.69 0.69 0.67 0.64 0.63 0.63 0.63 0.63 0.63 0.63 0.62 0.62 0.62 0.61 0.61 0.61 0.61 0.60 0.59 0.58 0.58 0.57 0.56 0.55 0.54 0.53 0.51 0.49 0.48 0.46 0.42 0.39 0.38 0.38 0.38 0.38 0.42 0.47 0.56 0.66 0.71 0.70 0.70 0.72 0.74 0.74 0.73 0.75 0.77 0.79 0.81 0.79 0.78 0.80 0.78 0.74 0.69 0.71 0.80 0.82 0.77 0.77 0.79 0.77 0.78 0.75 0.72 0.74 0.78 0.86 0.94 0.96 0.94 0.85 0.75 0.70 0.72 0.71 0.69 0.71 0.73
0.74 0.72 0.70 0.69 0.69 0.70 0.64 0.60 0.61 0.62 0.62 0.62 0.62 0.62 0.62 0.61 0.61 0.61 0.60 0.60 0.60 0.59 0.58 0.58 0.57 0.56 0.55 0.54 0.53 0.52 0.51 0.49 0.47 0.44 0.40 0.38 0.38 0.38 0.37 0.38 0.42 0.48 0.57 0.62 0.67 0.71 0.73 0.72 0.73 0.72 0.74 0.76 0.77 0.79 0.78 0.78 0.79 0.79 0.78 0.72 0.69 0.76 0.81 0.78 0.74 0.73 0.72 0.72 0.72 0.71 0.73 0.76 0.80 0.87 0.90 0.90 0.84 0.76 0.71 0.73 0.76 0.74 0.72 0.73
0.74 0.72 0.70 0.69 0.70 0.72 0.67 0.60 0.58 0.60 0.61 0.61 0.61 0.61 0.62 0.62 0.61 0.60 0.60 0.60 0.60 0.59 0.58 0.58 0.58 0.57 0.56 0.55 0.54 0.53 0.52 0.51 0.49 0.46 0.43 0.39 0.39 0.39 0.38 0.38 0.40 0.44 0.47 0.52 0.58 0.67 0.71 0.70 0.70 0.70 0.72 0.78 0.80 0.80 0.79 0.79 0.81 0.78 0.76 0.74 0.72 0.76 0.83 0.83 0.75 0.69 0.67 0.67 0.68 0.70 0.73 0.75 0.78 0.81 0.85 0.87 0.85 0.82 0.81 0.82 0.82 0.81 0.76 0.73
0.76 0.72 0.69 0.70 0.72 0.73 0.71 0.64 0.57 0.57 0.60 0.61 0.61 0.61 0.61 0.62 0.61 0.60 0.60 0.60 0.60 0.59 0.59 0.58 0.59 0.58 0.56 0.56 0.55 0.54 0.53 0.52 0.50 0.48 0.45 0.41 0.39 0.40 0.39 0.39 0.40 0.43 0.44 0.45 0.51 0.62 0.67 0.67 0.66 0.63 0.63 0.71 0.78 0.79 0.81 0.82 0.82 0.80 0.75 0.71 0.71 0.76 0.84 0.87 0.76 0.66 0.64 0.63 0.64 0.67 0.70 0.72 0.75 0.77 0.79 0.81 0.82 0.83 0.85 0.87 0.87 0.85 0.81 0.75
0.78 0.72 0.66 0.68 0.73 0.75 0.75 0.72 0.62 0.56 0.58 0.60 0.60 0.60 0.61 0.61 0.62 0.61 0.60 0.60 0.60 0.60 0.59 0.58 0.58 0.58 0.57 0.56 0.55 0.55 0.53 0.52 0.51 0.49 0.47 0.44 0.40 0.39 0.39 0.39 0.41 0.42 0.42 0.41 0.48 0.58 0.62 0.65 0.67 0.62 0.59 0.67 0.72 0.72 0.74 0.78 0.80 0.79 0.76 0.72 0.71 0.75 0.86 0.89 0.74 0.64 0.63 0.63 0.64 0.66 0.68 0.70 0.72 0.74 0.75 0.75 0.75 0.77 0.83 0.89 0.91 0.88 0.82 0.75
0.82 0.72 0.63 0.65 0.70 0.71 0.73 0.76 0.69 0.59 0.57 0.59 0.60 0.60 0.60 0.60 0.61 0.60 0.60 0.60 0.59 0.59 0.59 0.58 0.58 0.58 0.57 0.57 0.56 0.55 0.54 0.53 0.52 0.50 0.49 0.46 0.43 0.40 0.38 0.38 0.40 0.43 0.41 0.39 0.45 0.54 0.57 0.60 0.69 0.70 0.68 0.72 0.77 0.75 0.73 0.75 0.75 0.75 0.76 0.75 0.74 0.76 0.89 0.91 0.73 0.63 0.63 0.63 0.65 0.67 0.68 0.70 0.72 0.73 0.74 0.72 0.70 0.69 0.74 0.83 0.90 0.94 0.89 0.77
0.86 0.76 0.63 0.64 0.70 0.69 0.70 0.76 0.74 0.63 0.57 0.57 0.59 0.59 0.60 0.60 0.60 0.60 0.60 0.60 0.59 0.59 0.58 0.59 0.58 0.58 0.57 0.57 0.56 0.55 0.55 0.54 0.53 0.51 0.50 0.48 0.46 0.43 0.40 0.37 0.39 0.43 0.42 0.38 0.41 0.50 0.54 0.56 0.65 0.70 0.71 0.72 0.76 0.79 0.78 0.76 0.72 0.72 0.75 0.77 0.76 0.78 0.91 0.92 0.74 0.64 0.63 0.66 0.69 0.70 0.70 0.72 0.73 0.74 0.75 0.73 0.69 0.67 0.68 0.72 0.80 0.92 0.96 0.89
0.85 0.82 0.68 0.61 0.68 0.70 0.68 0.75 0.78 0.69 0.59 0.55 0.56 0.58 0.59 0.60 0.60 0.60 0.60 0.60 0.60 0.59 0.58 0.58 0.58 0.58 0.57 0.57 0.56 0.56 0.55 0.54 0.53 0.52 0.51 0.50 0.48 0.45 0.42 0.38 0.37 0.41 0.42 0.39 0.37 0.43 0.49 0.50 0.56 0.62 0.66 0.69 0.70 0.75 0.83 0.79 0.70 0.70 0.75 0.79 0.80 0.83 0.94 0.92 0.76 0.68 0.67 0.69 0.75 0.77 0.75 0.74 0.74 0.74 0.74 0.73 0.71 0.70 0.71 0.68 0.72 0.85 0.95 0.98
0.79 0.82 0.76 0.62 0.61 0.64 0.62 0.68 0.78 0.77 0.65 0.56 0.54 0.55 0.57 0.58 0.59 0.59 0.59 0.60 0.60 0.59 0.58 0.58 0.58 0.58 0.57 0.57 0.57 0.56 0.55 0.55 0.54 0.53 0.52 0.51 0.49 0.47 0.45 0.41 0.38 0.39 0.40 0.38 0.35 0.36 0.39 0.43 0.48 0.54 0.60 0.68 0.70 0.73 0.84 0.80 0.70 0.69 0.74 0.78 0.82 0.88 0.97 0.95 0.79 0.69 0.67 0.68 0.75 0.80 0.79 0.76 0.74 0.74 0.74 0.74 0.73 0.74 0.75 0.71 0.71 0.79 0.88 0.94
0.75 0.78 0.80 0.71 0.63 0.61 0.57 0.58 0.69 0.78 0.72 0.61 0.56 0.53 0.54 0.56 0.57 0.58 0.58 0.58 0.59 0.60 0.59 0.58 0.57 0.57 0.57 0.57 0.57 0.56 0.56 0.55 0.54 0.54 0.53 0.52 0.51 0.49 0.47 0.45 0.42 0.40 0.40 0.39 0.37 0.34 0.33 0.36 0.41 0.46 0.52 0.63 0.68 0.73 0.84 0.77 0.69 0.70 0.73 0.76 0.80 0.87 0.98 0.99 0.82 0.67 0.62 0.62 0.66 0.72 0.75 0.77 0.77 0.76 0.76 0.75 0.75 0.77 0.78 0.76 0.73 0.75 0.81 0.86
0.76 0.76 0.78 0.78 0.73 0.68 0.61 0.55 0.59 0.71 0.75 0.70 0.64 0.56 0.52 0.53 0.56 0.57 0.57 0.57 0.58 0.59 0.59 0.59 0.57 0.57 0.57 0.57 0.57 0.56 0.56 0.55 0.55 0.54 0.53 0.53 0.52 0.50 0.49 0.47 0.45 0.44 0.42 0.40 0.38 0.35 0.31 0.29 0.32 0.36 0.42 0.57 0.64 0.71 0.82 0.74 0.67 0.70 0.74 0.76 0.80 0.85 0.94 1.00 0.88 0.70 0.61 0.60 0.63 0.68 0.72 0.77 0.79 0.78 0.78 0.77 0.78 0.81 0.81 0.80 0.79 0.79 0.80 0.81
0.78 0.76 0.75 0.76 0.76 0.75 0.70 0.62 0.57 0.63 0.69 0.72 0.72 0.66 0.55 0.50 0.52 0.54 0.56 0.56 0.57 0.57 0.58 0.58 0.57 0.57 0.57 0.57 0.57 0.57 0.56 0.56 0.55 0.55 0.54 0.53 0.52 0.51 0.50 0.49 0.48 0.46 0.44 0.42 0.39 0.36 0.32 0.27 0.25 0.26 0.32 0.48 0.60 0.69 0.78 0.71 0.63 0.66 0.71 0.74 0.78 0.85 0.93 0.99 0.93 0.77 0.65 0.62 0.66 0.71 0.73 0.76 0.78 0.78 0.78 0.77 0.79 0.81 0.82 0.83 0.84 0.84 0.84 0.83
0.78 0.76 0.75 0.74 0.73 0.73 0.73 0.68 0.61 0.58 0.59 0.63 0.71 0.74 0.65 0.54 0.49 0.51 0.53 0.55 0.56 0.57 0.57 0.57 0.57 0.57 0.57 0.57 0.57 0.56 0.56 0.56 0.55 0.55 0.54 0.54 0.53 0.52 0.51 0.50 0.49 0.48 0.46 0.44 0.42 0.39 0.36 0.31 0.25 0.21 0.23 0.37 0.55 0.66 0.73 0.69 0.61 0.62 0.67 0.70 0.73 0.81 0.91 0.98 0.95 0.82 0.69 0.65 0.68 0.72 0.73 0.73 0.77 0.78 0.77 0.77 0.78 0.78 0.79 0.80 0.81 0.84 0.87 0.87
0.77 0.77 0.75 0.74 0.73 0.71 0.71 0.70 0.65 0.60 0.56 0.55 0.62 0.73 0.75 0.66 0.55 0.49 0.50 0.52 0.54 0.56 0.57 0.57 0.57 0.57 0.57 0.57 0.57 0.56 0.56 0.56 0.56 0.55 0.55 0.54 0.54 0.53 0.52 0.51 0.50 0.49 0.48 0.46 0.44 0.42 0.39 0.35 0.30 0.23 0.19 0.26 0.46 0.60 0.67 0.65 0.61 0.62 0.64 0.65 0.68 0.73 0.83 0.92 0.94 0.85 0.72 0.63 0.65 0.70 0.71 0.71 0.74 0.75 0.75 0.76 0.78 0.77 0.77 0.77 0.77 0.80 0.85 0.86
0.77 0.76 0.75 0.74 0.74 0.73 0.71 0.70 0.68 0.63 0.58 0.53 0.55 0.65 0.75 0.77 0.68 0.56 0.50 0.49 0.51 0.54 0.55 0.56 0.56 0.57 0.56 0.56 0.56 0.56 0.56 0.56 0.56 0.55 0.55 0.55 0.54 0.53 0.53 0.52 0.51 0.50 0.49 0.47 0.46 0.44 0.42 0.39 0.34 0.28 0.20 0.21 0.36 0.51 0.57 0.58 0.60 0.62 0.61 0.61 0.63 0.67 0.74 0.84 0.88 0.85 0.74 0.64 0.64 0.69 0.70 0.71 0.72 0.72 0.72 0.72 0.76 0.77 0.77 0.78 0.77 0.79 0.82 0.82
0.77 0.76 0.74 0.73 0.72 0.73 0.74 0.73 0.70 0.66 0.60 0.53 0.51 0.55 0.64 0.75 0.77 0.68 0.58 0.50 0.49 0.50 0.53 0.54 0.56 0.56 0.56 0.56 0.56 0.56 0.56 0.56 0.56 0.55 0.55 0.55 0.54 0.54 0.53 0.52 0.52 0.51 0.50 0.49 0.47 0.46 0.44 0.41 0.38 0.33 0.25 0.23 0.32 0.42 0.48 0.53 0.59 0.61 0.60 0.59 0.59 0.62 0.68 0.76 0.82 0.82 0.76 0.69 0.67 0.68 0.69 0.70 0.71 0.70 0.70 0.71 0.74 0.76 0.77 0.78 0.79 0.80 0.82 0.82
0.80 0.76 0.72 0.71 0.69 0.70 0.72 0.73 0.72 0.68 0.63 0.55 0.50 0.50 0.54 0.65 0.75 0.76 0.69 0.59 0.52 0.49 0.50 0.52 0.54 0.56 0.57 0.56 0.55 0.55 0.55 0.55 0.55 0.55 0.55 0.55 0.55 0.54 0.54 0.53 0.52 0.51 0.51 0.50 0.48 0.47 0.45 0.43 0.41 0.37 0.30 0.26 0.31 0.37 0.40 0.50 0.61 0.62 0.59 0.58 0.58 0.61 0.65 0.70 0.74 0.73 0.66 0.65 0.67 0.68 0.69 0.70 0.71 0.69 0.68 0.71 0.74 0.76 0.78 0.80 0.82 0.83 0.85 0.86
0.85 0.79 0.72 0.69 0.67 0.66 0.67 0.70 0.70 0.68 0.66 0.59 0.51 0.49 0.50 0.55 0.66 0.75 0.76 0.70 0.61 0.53 0.50 0.50 0.52 0.55 0.56 0.56 0.55 0.55 0.55 0.55 0.55 0.55 0.55 0.55 0.55 0.54 0.54 0.53 0.53 0.52 0.51 0.50 0.49 0.48 0.47 0.45 0.43 0.40 0.35 0.30 0.31 0.34 0.33 0.42 0.60 0.65 0.59 0.56 0.54 0.57 0.63 0.67 0.68 0.62 0.57 0.58 0.63 0.66 0.68 0.70 0.71 0.68 0.66 0.70 0.74 0.77 0.80 0.83 0.86 0.86 0.87 0.88
0.89 0.84 0.76 0.71 0.69 0.67 0.65 0.67 0.68 0.65 0.65 0.62 0.52 0.47 0.49 0.50 0.55 0.64 0.74 0.77 0.70 0.61 0.55 0.51 0.49 0.52 0.55 0.55 0.55 0.55 0.54 0.55 0.55 0.55 0.55 0.55 0.55 0.54 0.54 0.54 0.53 0.53 0.52 0.51 0.50 0.49 0.48 0.47 0.45 0.42 0.39 0.34 0.32 0.32 0.29 0.32 0.51 0.64 0.63 0.56 0.50 0.50 0.60 0.70 0.71 0.64 0.58 0.57 0.59 0.62 0.65 0.69 0.71 0.67 0.64 0.66 0.71 0.75 0.78 0.82 0.86 0.86 0.86 0.88
0.87 0.88 0.85 0.77 0.71 0.68 0.67 0.69 0.71 0.68 0.65 0.63 0.56 0.47 0.46 0.50 0.51 0.54 0.63 0.73 0.76 0.71 0.65 0.58 0.51 0.51 0.53 0.54 0.55 0.55 0.54 0.54 0.55 0.55 0.55 0.55 0.55 0.55 0.54 0.54 0.54 0.53 0.52 0.52 0.51 0.50 0.49 0.48 0.47 0.45 0.42 0.39 0.36 0.33 0.30 0.28 0.37 0.54 0.62 0.59 0.49 0.47 0.59 0.71 0.75 0.71 0.63 0.58 0.57 0.58 0.59 0.65 0.69 0.66 0.64 0.64 0.66 0.70 0.73 0.79 0.86 0.87 0.88 0.89
0.76 0.88 0.99 0.93 0.83 0.73 0.67 0.72 0.77 0.74 0.67 0.63 0.60 0.53 0.46 0.47 0.51 0.51 0.53 0.63 0.71 0.74 0.74 0.69 0.60 0.54 0.52 0.52 0.52 0.53 0.53 0.53 0.54 0.54 0.54 0.54 0.54 0.54 0.54 0.54 0.54 0.53 0.53 0.52 0.52 0.51 0.50 0.49 0.48 0.47 0.45 0.43 0.40 0.37 0.34 0.30 0.32 0.40 0.51 0.55 0.47 0.43 0.50 0.62 0.70 0.70 0.67 0.61 0.57 0.56 0.56 0.61 0.64 0.63 0.62 0.62 0.62 0.65 0.70 0.77 0.83 0.87 0.86 0.84
0.59 0.77 1.01 1.09 1.08 0.96 0.81 0.82 0.87 0.82 0.72 0.65 0.61 0.59 0.53 0.49 0.50 0.51 0.50 0.54 0.60 0.65 0.72 0.74 0.71 0.65 0.60 0.55 0.51 0.50 0.50 0.51 0.52 0.53 0.54 0.54 0.54 0.54 0.54 0.54 0.54 0.54 0.53 0.53 0.52 0.52 0.51 0.50 0.49 0.48 0.47 0.45 0.44 0.41 0.39 0.36 0.35 0.36 0.42 0.47 0.40 0.35 0.40 0.49 0.58 0.63 0.65 0.64 0.60 0.57 0.56 0.58 0.60 0.57 0.55 0.56 0.57 0.58 0.63 0.68 0.72 0.76 0.80 0.77
0.43 0.49 0.70 0.90 1.04 1.07 0.98 0.95 1.01 1.01 0.90 0.83 0.78 0.72 0.67 0.62 0.58 0.55 0.51 0.51 0.53 0.57 0.62 0.68 0.71 0.73 0.72 0.64 0.54 0.49 0.48 0.48 0.50 0.51 0.53 0.53 0.54 0.54 0.54 0.54 0.54 0.54 0.54 0.53 0.53 0.52 0.52 0.51 0.50 0.49 0.49 0.47 0.46 0.45 0.43 0.42 0.40 0.39 0.40 0.41 0.37 0.32 0.34 0.39 0.43 0.48 0.55 0.58 0.59 0.59 0.58 0.59 0.58 0.54 0.53 0.53 0.52 0.51 0.53 0.58 0.63 0.67 0.76 0.80
0.44 0.42 0.46 0.55 0.69 0.83 0.81 0.77 0.89 1.00 0.96 0.91 0.90 0.87 0.81 0.76 0.71 0.67 0.60 0.53 0.52 0.53 0.56 0.59 0.60 0.68 0.78 0.75 0.63 0.55 0.50 0.47 0.47 0.49 0.51 0.52 0.53 0.53 0.54 0.54 0.54 0.54 0.54 0.53 0.53 0.53 0.52 0.52 0.51 0.51 0.50 0.49 0.48 0.47 0.46 0.45 0.44 0.43 0.42 0.42 0.39 0.35 0.33 0.34 0.34 0.35 0.40 0.44 0.48 0.51 0.55 0.59 0.58 0.53 0.52 0.52 0.50 0.47 0.46 0.49 0.57 0.66 0.72 0.84
0.58 0.54 0.50 0.51 0.57 0.63 0.58 0.53 0.63 0.78 0.75 0.71 0.72 0.75 0.75 0.74 0.73 0.74 0.71 0.63 0.57 0.55 0.55 0.56 0.53 0.58 0.75 0.83 0.76 0.65 0.58 0.51 0.47 0.46 0.47 0.50 0.52 0.53 0.53 0.54 0.54 0.54 0.54 0.54 0.53 0.53 0.53 0.52 0.52 0.51 0.51 0.50 0.50 0.49 0.48 0.47 0.47 0.46 0.45 0.44 0.42 0.40 0.38 0.36 0.33 0.32 0.31 0.33 0.35 0.37 0.43 0.52 0.55 0.51 0.50 0.51 0.50 0.46 0.43 0.45 0.52 0.63 0.71 0.88
0.69 0.65 0.59 0.56 0.57 0.59 0.55 0.51 0.56 0.65 0.61 0.58 0.58 0.58 0.60 0.61 0.63 0.67 0.70 0.70 0.66 0.62 0.59 0.57 0.52 0.51 0.63 0.79 0.83 0.76 0.67 0.61 0.54 0.47 0.45 0.47 0.49 0.51 0.52 0.53 0.53 0.54 0.54 0.54 0.54 0.53 0.53 0.53 0.53 0.52 0.52 0.51 0.51 0.50 0.50 0.49 0.48 0.48 0.47 0.46 0.45 0.44 0.42 0.41 0.38 0.35 0.32 0.31 0.29 0.28 0.29 0.37 0.45 0.43 0.42 0.45 0.47 0.44 0.41 0.44 0.51 0.59 0.72 0.92
0.80 0.74 0.64 0.59 0.59 0.59 0.57 0.54 0.56 0.58 0.57 0.57 0.56 0.55 0.55 0.55 0.55 0.57 0.60 0.63 0.66 0.67 0.65 0.61 0.55 0.50 0.56 0.69 0.79 0.80 0.74 0.69 0.64 0.55 0.48 0.46 0.48 0.49 0.51 0.52 0.53 0.53 0.54 0.54 0.54 0.54 0.54 0.53 0.53 0.53 0.52 0.52 0.51 0.51 0.51 0.50 0.50 0.49 0.49 0.48 0.47 0.46 0.45 0.44 0.42 0.40 0.37 0.34 0.32 0.29 0.26 0.28 0.32 0.32 0.34 0.38 0.41 0.41 0.39 0.44 0.51 0.60 0.75 0.91
0.92 0.84 0.68 0.60 0.58 0.59 0.56 0.56 0.56 0.54 0.54 0.55 0.55 0.54 0.54 0.54 0.53 0.53 0.54 0.55 0.57 0.61 0.63 0.62 0.57 0.51 0.54 0.63 0.72 0.77 0.76 0.72 0.70 0.65 0.56 0.50 0.49 0.49 0.49 0.51 0.52 0.53 0.54 0.54 0.54 0.54 0.54 0.54 0.53 0.53 0.53 0.52 0.52 0.52 0.51 0.51 0.51 0.50 0.50 0.49 0.48 0.48 0.47 0.46 0.44 0.43 0.41 0.39 0.37 0.34 0.30 0.28 0.27 0.26 0.28 0.33 0.36 0.38 0.38 0.41 0.52 0.64 0.77 0.85
1.05 0.95 0.76 0.62 0.57 0.57 0.54 0.52 0.53 0.51 0.50 0.51 0.52 0.52 0.52 0.52 0.52 0.53 0.53 0.53 0.53 0.55 0.57 0.58 0.55 0.50 0.51 0.57 0.66 0.74 0.75 0.73 0.72 0.69 0.62 0.55 0.51 0.50 0.49 0.49 0.51 0.52 0.53 0.54 0.54 0.54 0.54 0.54 0.54 0.53 0.53 0.53 0.53 0.52 0.52 0.52 0.51 0.51 0.51 0.50 0.49 0.49 0.48 0.47 0.46 0.45 0.44 0.42 0.40 0.39 0.36 0.32 0.29 0.24 0.23 0.27 0.31 0.34 0.37 0.41 0.52 0.66 0.76 0.78
