windninja/windninja_output/Output_2025-08-24_0300-0350_Google earth_Fire_150m_10min/merlingen_7.5mi_point_08-24-2025_0350_150m_vel.asc
ncols	158
nrows	163
xllcorner	391686.332397
yllcorner	5160024.123721
cellsize	150.000000
NODATA_value	-32768.000000
[rows 38 to 75 of 163, columns 0 to 83 of 158]
0.43 0.43 0.43 0.43 0.43 0.43 0.44 0.44 0.44 0.44 0.45 0.45 0.46 0.46 0.46 0.46 0.46 0.46 0.47 0.47 0.47 0.47 0.47 0.47 0.46 0.46 0.46 0.47 0.50 0.51 0.49 0.48 0.48 0.52 0.58 0.62 0.62 0.65 0.67 0.66 0.64 0.64 0.64 0.66 0.69 0.69 0.69 0.71 0.75 0.78 0.76 0.72 0.74 0.79 0.78 0.74 0.78 0.88 0.96 1.01 1.08 1.06 0.88 0.67 0.59 0.67 0.88 0.95 0.83 0.74 0.74 0.75 0.77 0.74 0.68 0.65 0.59 0.62 0.79 0.88 0.72 0.66 0.76 0.93
0.42 0.42 0.42 0.42 0.43 0.43 0.43 0.44 0.44 0.45 0.45 0.45 0.46 0.46 0.46 0.46 0.46 0.46 0.46 0.47 0.47 0.47 0.47 0.47 0.46 0.46 0.45 0.45 0.44 0.43 0.42 0.42 0.44 0.48 0.53 0.58 0.63 0.71 0.75 0.73 0.69 0.66 0.66 0.68 0.74 0.77 0.74 0.72 0.76 0.83 0.84 0.78 0.79 0.89 0.96 0.93 0.92 0.99 1.08 1.14 1.20 1.26 1.18 0.90 0.69 0.70 0.89 0.94 0.81 0.75 0.75 0.76 0.78 0.76 0.73 0.72 0.66 0.65 0.78 1.00 0.97 0.82 0.76 0.83
0.42 0.41 0.41 0.42 0.43 0.44 0.44 0.44 0.45 0.45 0.45 0.45 0.46 0.46 0.47 0.47 0.47 0.47 0.47 0.47 0.47 0.47 0.47 0.47 0.47 0.46 0.44 0.42 0.39 0.38 0.38 0.38 0.38 0.42 0.48 0.53 0.58 0.66 0.76 0.80 0.79 0.75 0.72 0.71 0.73 0.79 0.81 0.78 0.78 0.84 0.88 0.82 0.80 0.88 1.00 1.03 0.99 0.97 1.01 1.07 1.10 1.20 1.30 1.14 0.82 0.76 0.94 0.98 0.84 0.78 0.74 0.71 0.69 0.66 0.71 0.76 0.72 0.71 0.75 0.93 1.06 1.04 0.96 0.92
0.42 0.42 0.42 0.43 0.43 0.44 0.44 0.45 0.45 0.45 0.45 0.46 0.46 0.47 0.47 0.47 0.47 0.48 0.48 0.47 0.47 0.47 0.47 0.47 0.47 0.46 0.44 0.41 0.39 0.39 0.39 0.38 0.37 0.39 0.44 0.51 0.55 0.58 0.66 0.79 0.87 0.90 0.89 0.84 0.80 0.84 0.90 0.92 0.89 0.89 0.93 0.90 0.81 0.76 0.79 0.86 0.85 0.79 0.80 0.86 0.91 0.98 1.17 1.26 1.06 0.88 0.97 1.04 0.95 0.89 0.83 0.77 0.72 0.66 0.70 0.76 0.75 0.73 0.72 0.80 0.93 1.02 1.08 1.09
0.42 0.42 0.43 0.43 0.44 0.44 0.44 0.45 0.46 0.46 0.46 0.46 0.47 0.47 0.47 0.48 0.48 0.48 0.48 0.48 0.47 0.47 0.47 0.47 0.47 0.46 0.44 0.43 0.41 0.41 0.41 0.41 0.40 0.40 0.43 0.50 0.58 0.64 0.69 0.76 0.84 0.88 0.90 0.91 0.89 0.88 0.88 0.87 0.84 0.81 0.84 0.84 0.75 0.67 0.65 0.70 0.71 0.68 0.69 0.75 0.79 0.81 0.95 1.17 1.23 1.09 1.03 1.12 1.13 1.06 1.02 0.97 0.88 0.78 0.77 0.80 0.78 0.74 0.72 0.78 0.88 0.92 0.98 1.08
0.42 0.42 0.43 0.44 0.44 0.45 0.45 0.45 0.46 0.46 0.46 0.46 0.47 0.47 0.47 0.47 0.47 0.48 0.48 0.48 0.47 0.47 0.47 0.47 0.47 0.46 0.45 0.44 0.43 0.41 0.41 0.41 0.41 0.42 0.44 0.48 0.56 0.64 0.69 0.70 0.72 0.75 0.79 0.81 0.80 0.77 0.75 0.75 0.74 0.72 0.75 0.79 0.75 0.70 0.67 0.67 0.68 0.68 0.69 0.74 0.74 0.72 0.76 0.91 1.12 1.18 1.14 1.17 1.27 1.31 1.30 1.28 1.18 1.05 0.99 0.94 0.88 0.82 0.76 0.77 0.84 0.90 0.95 1.02
0.42 0.42 0.43 0.44 0.44 0.45 0.45 0.46 0.46 0.46 0.46 0.47 0.47 0.47 0.47 0.47 0.48 0.48 0.48 0.48 0.48 0.48 0.48 0.47 0.47 0.47 0.46 0.46 0.44 0.42 0.41 0.42 0.42 0.43 0.43 0.44 0.48 0.52 0.54 0.57 0.62 0.68 0.71 0.72 0.70 0.69 0.69 0.71 0.74 0.76 0.79 0.83 0.81 0.76 0.74 0.72 0.69 0.69 0.72 0.75 0.77 0.74 0.72 0.75 0.88 1.04 1.10 1.10 1.18 1.31 1.38 1.41 1.39 1.29 1.16 1.06 0.96 0.89 0.83 0.79 0.79 0.85 0.93 0.99
0.43 0.43 0.43 0.44 0.44 0.45 0.45 0.46 0.46 0.46 0.47 0.47 0.47 0.47 0.48 0.48 0.48 0.49 0.49 0.49 0.49 0.49 0.48 0.48 0.48 0.48 0.47 0.46 0.45 0.44 0.43 0.44 0.43 0.43 0.42 0.41 0.40 0.41 0.44 0.49 0.56 0.63 0.67 0.67 0.66 0.69 0.72 0.73 0.74 0.76 0.78 0.80 0.79 0.74 0.73 0.74 0.71 0.69 0.71 0.76 0.80 0.82 0.80 0.80 0.84 0.90 0.97 0.99 0.95 0.97 1.08 1.18 1.25 1.25 1.18 1.08 0.96 0.91 0.90 0.88 0.87 0.85 0.86 0.92
0.44 0.43 0.44 0.44 0.44 0.44 0.45 0.45 0.46 0.47 0.47 0.47 0.47 0.48 0.48 0.48 0.48 0.49 0.49 0.49 0.49 0.49 0.49 0.48 0.48 0.48 0.47 0.46 0.46 0.45 0.44 0.43 0.43 0.43 0.42 0.41 0.39 0.38 0.41 0.46 0.51 0.56 0.63 0.65 0.64 0.66 0.71 0.74 0.73 0.71 0.73 0.76 0.77 0.74 0.71 0.73 0.74 0.71 0.70 0.74 0.82 0.88 0.88 0.86 0.87 0.87 0.88 0.90 0.85 0.81 0.86 0.95 1.05 1.13 1.14 1.09 0.99 0.92 0.92 0.92 0.87 0.81 0.81 0.84
0.44 0.44 0.44 0.44 0.45 0.44 0.43 0.44 0.45 0.46 0.47 0.48 0.48 0.48 0.48 0.48 0.48 0.48 0.49 0.49 0.49 0.48 0.48 0.48 0.48 0.48 0.47 0.47 0.47 0.46 0.45 0.44 0.43 0.41 0.40 0.39 0.39 0.39 0.39 0.42 0.45 0.50 0.58 0.65 0.67 0.67 0.67 0.69 0.69 0.69 0.71 0.73 0.76 0.78 0.76 0.76 0.78 0.77 0.74 0.72 0.78 0.86 0.86 0.82 0.80 0.82 0.81 0.83 0.83 0.81 0.82 0.85 0.94 1.03 1.08 1.07 1.00 0.90 0.84 0.83 0.80 0.77 0.79 0.82
0.45 0.45 0.44 0.44 0.45 0.45 0.43 0.43 0.44 0.45 0.46 0.47 0.47 0.48 0.48 0.48 0.48 0.48 0.48 0.49 0.49 0.49 0.49 0.49 0.48 0.48 0.48 0.48 0.47 0.47 0.46 0.45 0.44 0.42 0.40 0.39 0.39 0.38 0.38 0.38 0.40 0.44 0.51 0.58 0.65 0.68 0.68 0.67 0.68 0.69 0.71 0.72 0.73 0.75 0.76 0.77 0.79 0.80 0.80 0.79 0.77 0.80 0.82 0.77 0.73 0.74 0.75 0.77 0.79 0.79 0.80 0.83 0.88 0.96 1.01 1.02 0.97 0.89 0.83 0.83 0.85 0.82 0.81 0.83
0.45 0.45 0.45 0.45 0.45 0.45 0.44 0.42 0.43 0.44 0.46 0.46 0.47 0.47 0.48 0.48 0.48 0.48 0.49 0.49 0.49 0.49 0.49 0.49 0.49 0.49 0.48 0.48 0.48 0.47 0.47 0.46 0.45 0.44 0.42 0.40 0.40 0.40 0.39 0.38 0.38 0.40 0.44 0.50 0.56 0.62 0.65 0.65 0.66 0.66 0.70 0.75 0.77 0.78 0.79 0.80 0.81 0.81 0.81 0.81 0.79 0.79 0.82 0.80 0.73 0.70 0.70 0.72 0.74 0.77 0.80 0.83 0.86 0.91 0.96 0.99 0.99 0.96 0.94 0.94 0.94 0.92 0.88 0.85
0.45 0.45 0.45 0.46 0.47 0.47 0.47 0.45 0.42 0.43 0.45 0.46 0.47 0.48 0.48 0.49 0.49 0.49 0.49 0.49 0.49 0.50 0.49 0.50 0.50 0.50 0.49 0.49 0.49 0.48 0.48 0.47 0.46 0.45 0.44 0.42 0.40 0.40 0.40 0.39 0.39 0.41 0.43 0.45 0.49 0.56 0.60 0.61 0.61 0.59 0.60 0.68 0.75 0.80 0.83 0.85 0.85 0.83 0.80 0.76 0.74 0.76 0.81 0.82 0.73 0.68 0.67 0.68 0.70 0.73 0.76 0.79 0.82 0.86 0.90 0.93 0.96 0.98 1.00 1.01 1.00 0.98 0.94 0.89
0.46 0.44 0.44 0.46 0.48 0.50 0.51 0.49 0.45 0.43 0.45 0.46 0.47 0.47 0.48 0.49 0.49 0.49 0.49 0.50 0.50 0.50 0.50 0.50 0.50 0.50 0.50 0.49 0.49 0.49 0.48 0.48 0.47 0.46 0.45 0.43 0.40 0.39 0.39 0.39 0.40 0.41 0.41 0.42 0.46 0.51 0.56 0.60 0.62 0.59 0.57 0.65 0.71 0.73 0.76 0.80 0.81 0.81 0.79 0.75 0.72 0.74 0.82 0.83 0.72 0.67 0.67 0.68 0.70 0.72 0.74 0.77 0.80 0.83 0.85 0.86 0.87 0.90 0.97 1.03 1.05 1.02 0.95 0.87
0.47 0.44 0.42 0.44 0.46 0.48 0.50 0.52 0.49 0.46 0.45 0.46 0.47 0.47 0.47 0.48 0.49 0.49 0.49 0.50 0.50 0.50 0.50 0.50 0.50 0.50 0.50 0.50 0.49 0.49 0.49 0.48 0.48 0.47 0.46 0.44 0.42 0.39 0.38 0.39 0.40 0.41 0.40 0.40 0.44 0.49 0.53 0.57 0.66 0.70 0.71 0.75 0.79 0.77 0.74 0.73 0.74 0.75 0.77 0.76 0.75 0.76 0.84 0.85 0.72 0.67 0.68 0.70 0.72 0.73 0.75 0.78 0.80 0.83 0.84 0.83 0.80 0.80 0.86 0.95 1.04 1.08 1.02 0.89
0.51 0.47 0.43 0.45 0.47 0.48 0.50 0.53 0.52 0.47 0.45 0.45 0.46 0.47 0.48 0.48 0.49 0.49 0.49 0.49 0.49 0.49 0.50 0.50 0.50 0.50 0.50 0.50 0.50 0.50 0.49 0.49 0.48 0.48 0.47 0.46 0.44 0.42 0.40 0.38 0.40 0.42 0.42 0.40 0.41 0.47 0.52 0.56 0.66 0.73 0.75 0.76 0.79 0.81 0.77 0.73 0.70 0.72 0.76 0.78 0.77 0.78 0.86 0.87 0.75 0.69 0.70 0.73 0.76 0.77 0.78 0.81 0.84 0.85 0.85 0.83 0.80 0.78 0.77 0.82 0.93 1.06 1.11 1.04
0.53 0.51 0.47 0.45 0.48 0.50 0.50 0.53 0.54 0.49 0.44 0.43 0.45 0.46 0.47 0.48 0.49 0.49 0.49 0.50 0.50 0.50 0.50 0.50 0.50 0.50 0.50 0.50 0.50 0.50 0.50 0.49 0.49 0.48 0.48 0.47 0.46 0.44 0.42 0.39 0.38 0.40 0.41 0.38 0.37 0.42 0.49 0.54 0.60 0.66 0.69 0.71 0.72 0.74 0.78 0.75 0.71 0.72 0.77 0.81 0.82 0.84 0.90 0.89 0.80 0.76 0.76 0.80 0.86 0.87 0.86 0.85 0.84 0.84 0.84 0.84 0.82 0.81 0.81 0.79 0.85 0.99 1.11 1.16
0.51 0.52 0.50 0.43 0.42 0.44 0.44 0.48 0.54 0.54 0.48 0.43 0.43 0.44 0.46 0.47 0.48 0.48 0.49 0.50 0.50 0.50 0.50 0.50 0.50 0.50 0.50 0.50 0.50 0.50 0.50 0.50 0.50 0.49 0.49 0.48 0.47 0.46 0.44 0.41 0.38 0.36 0.37 0.36 0.35 0.36 0.42 0.48 0.53 0.58 0.64 0.69 0.71 0.72 0.78 0.77 0.72 0.73 0.77 0.81 0.85 0.90 0.96 0.95 0.84 0.78 0.78 0.80 0.86 0.91 0.90 0.86 0.84 0.83 0.84 0.85 0.85 0.86 0.87 0.84 0.84 0.93 1.04 1.12
0.49 0.50 0.51 0.47 0.42 0.40 0.39 0.41 0.48 0.54 0.52 0.47 0.43 0.42 0.43 0.45 0.47 0.47 0.48 0.49 0.50 0.50 0.50 0.50 0.50 0.50 0.51 0.51 0.51 0.51 0.51 0.50 0.50 0.50 0.49 0.49 0.48 0.47 0.46 0.43 0.41 0.38 0.38 0.38 0.37 0.37 0.38 0.42 0.46 0.51 0.57 0.65 0.68 0.71 0.78 0.75 0.72 0.74 0.77 0.80 0.83 0.89 0.98 1.00 0.87 0.75 0.72 0.72 0.76 0.81 0.84 0.87 0.88 0.88 0.88 0.88 0.88 0.90 0.91 0.90 0.88 0.90 0.96 1.03
0.49 0.49 0.51 0.52 0.50 0.47 0.43 0.40 0.43 0.51 0.55 0.54 0.50 0.44 0.42 0.43 0.46 0.47 0.48 0.48 0.49 0.50 0.51 0.51 0.50 0.50 0.51 0.51 0.51 0.51 0.51 0.51 0.51 0.50 0.50 0.49 0.49 0.48 0.47 0.46 0.44 0.42 0.41 0.40 0.39 0.37 0.34 0.34 0.36 0.41 0.48 0.57 0.63 0.67 0.76 0.74 0.72 0.76 0.79 0.81 0.83 0.87 0.95 1.01 0.93 0.78 0.70 0.69 0.72 0.76 0.82 0.88 0.91 0.91 0.91 0.91 0.93 0.96 0.96 0.96 0.95 0.94 0.95 0.97
0.50 0.50 0.50 0.51 0.52 0.52 0.50 0.45 0.43 0.47 0.52 0.56 0.56 0.51 0.44 0.41 0.43 0.45 0.47 0.48 0.48 0.49 0.50 0.50 0.51 0.51 0.51 0.51 0.51 0.51 0.51 0.51 0.51 0.51 0.50 0.50 0.50 0.49 0.48 0.47 0.46 0.45 0.43 0.42 0.39 0.37 0.33 0.29 0.29 0.31 0.38 0.49 0.59 0.65 0.73 0.72 0.68 0.71 0.75 0.77 0.81 0.87 0.94 1.01 0.98 0.84 0.74 0.72 0.76 0.82 0.84 0.87 0.91 0.91 0.92 0.93 0.94 0.98 0.99 1.01 1.01 1.02 1.00 0.98
0.51 0.51 0.50 0.50 0.50 0.51 0.51 0.49 0.45 0.43 0.44 0.48 0.55 0.57 0.51 0.44 0.41 0.42 0.45 0.47 0.48 0.49 0.49 0.50 0.50 0.51 0.51 0.51 0.51 0.51 0.51 0.51 0.51 0.51 0.51 0.51 0.50 0.50 0.49 0.48 0.48 0.47 0.46 0.44 0.42 0.39 0.36 0.32 0.28 0.27 0.30 0.40 0.53 0.62 0.70 0.69 0.65 0.66 0.69 0.71 0.75 0.82 0.93 1.01 1.00 0.89 0.79 0.77 0.80 0.83 0.84 0.85 0.89 0.91 0.92 0.93 0.93 0.94 0.96 0.96 0.98 1.01 1.04 1.04
0.51 0.51 0.51 0.51 0.50 0.49 0.49 0.49 0.47 0.44 0.42 0.44 0.50 0.58 0.60 0.54 0.45 0.42 0.42 0.45 0.47 0.49 0.50 0.50 0.50 0.51 0.51 0.51 0.51 0.51 0.51 0.52 0.52 0.52 0.51 0.51 0.51 0.50 0.50 0.49 0.49 0.48 0.47 0.46 0.44 0.42 0.40 0.37 0.33 0.28 0.26 0.30 0.44 0.56 0.64 0.66 0.64 0.63 0.64 0.66 0.69 0.75 0.84 0.95 0.99 0.93 0.81 0.74 0.76 0.80 0.82 0.83 0.86 0.89 0.90 0.92 0.94 0.93 0.92 0.92 0.92 0.96 1.01 1.02
0.52 0.52 0.51 0.51 0.51 0.51 0.50 0.49 0.49 0.47 0.45 0.44 0.46 0.53 0.60 0.62 0.56 0.47 0.43 0.43 0.44 0.47 0.48 0.50 0.50 0.50 0.50 0.51 0.51 0.51 0.52 0.52 0.52 0.52 0.52 0.52 0.51 0.51 0.51 0.50 0.50 0.49 0.48 0.47 0.46 0.45 0.43 0.40 0.36 0.31 0.27 0.25 0.33 0.46 0.55 0.58 0.60 0.60 0.60 0.60 0.62 0.67 0.75 0.86 0.93 0.92 0.84 0.75 0.74 0.79 0.81 0.83 0.84 0.86 0.86 0.87 0.91 0.92 0.92 0.93 0.93 0.94 0.97 0.98
0.52 0.51 0.50 0.50 0.50 0.52 0.52 0.52 0.51 0.49 0.46 0.43 0.43 0.46 0.53 0.61 0.63 0.57 0.49 0.44 0.42 0.44 0.46 0.48 0.49 0.50 0.50 0.50 0.51 0.51 0.52 0.52 0.52 0.52 0.52 0.52 0.52 0.52 0.51 0.51 0.50 0.50 0.49 0.48 0.47 0.46 0.45 0.42 0.40 0.35 0.30 0.27 0.30 0.38 0.46 0.53 0.57 0.57 0.57 0.58 0.59 0.63 0.70 0.79 0.87 0.90 0.86 0.81 0.78 0.79 0.81 0.83 0.83 0.83 0.84 0.86 0.88 0.91 0.92 0.94 0.95 0.96 0.98 0.98
0.55 0.52 0.49 0.48 0.48 0.49 0.52 0.53 0.53 0.51 0.48 0.44 0.42 0.42 0.46 0.54 0.62 0.63 0.58 0.51 0.46 0.44 0.45 0.47 0.49 0.50 0.51 0.51 0.51 0.51 0.51 0.52 0.52 0.52 0.52 0.52 0.52 0.52 0.52 0.52 0.51 0.51 0.50 0.49 0.49 0.48 0.46 0.44 0.42 0.39 0.34 0.31 0.31 0.36 0.41 0.51 0.58 0.58 0.56 0.57 0.60 0.64 0.69 0.73 0.77 0.78 0.73 0.75 0.78 0.80 0.81 0.82 0.84 0.82 0.83 0.86 0.89 0.92 0.94 0.97 1.00 1.01 1.03 1.04
0.59 0.54 0.48 0.47 0.46 0.46 0.47 0.50 0.51 0.51 0.50 0.46 0.43 0.42 0.43 0.47 0.55 0.63 0.65 0.60 0.53 0.47 0.45 0.45 0.47 0.49 0.51 0.51 0.50 0.51 0.51 0.52 0.52 0.52 0.52 0.52 0.53 0.52 0.52 0.52 0.52 0.51 0.51 0.50 0.49 0.49 0.48 0.46 0.44 0.42 0.37 0.33 0.32 0.34 0.36 0.44 0.58 0.62 0.59 0.57 0.57 0.61 0.66 0.68 0.68 0.65 0.63 0.67 0.73 0.78 0.81 0.83 0.84 0.82 0.81 0.85 0.91 0.95 0.99 1.03 1.05 1.06 1.06 1.08
0.63 0.59 0.52 0.49 0.48 0.47 0.46 0.47 0.48 0.47 0.48 0.47 0.42 0.41 0.43 0.44 0.48 0.55 0.63 0.65 0.61 0.54 0.49 0.45 0.45 0.47 0.50 0.51 0.51 0.51 0.51 0.51 0.52 0.52 0.52 0.53 0.53 0.53 0.53 0.53 0.52 0.52 0.52 0.51 0.50 0.50 0.49 0.48 0.46 0.44 0.41 0.36 0.32 0.32 0.31 0.34 0.50 0.63 0.63 0.57 0.52 0.54 0.63 0.72 0.74 0.70 0.67 0.67 0.70 0.73 0.77 0.81 0.82 0.80 0.79 0.82 0.89 0.94 0.98 1.02 1.06 1.06 1.06 1.08
0.65 0.64 0.61 0.55 0.50 0.49 0.49 0.51 0.53 0.50 0.49 0.49 0.45 0.41 0.41 0.44 0.44 0.47 0.54 0.63 0.66 0.64 0.59 0.52 0.47 0.46 0.48 0.50 0.51 0.51 0.51 0.51 0.52 0.52 0.52 0.53 0.53 0.53 0.53 0.53 0.53 0.53 0.52 0.52 0.51 0.51 0.50 0.49 0.48 0.46 0.43 0.40 0.36 0.33 0.29 0.27 0.35 0.51 0.60 0.58 0.52 0.53 0.65 0.78 0.82 0.80 0.74 0.69 0.68 0.68 0.71 0.76 0.80 0.80 0.79 0.80 0.83 0.88 0.92 0.99 1.07 1.10 1.11 1.14
0.61 0.69 0.75 0.69 0.61 0.54 0.53 0.56 0.58 0.56 0.51 0.49 0.49 0.46 0.41 0.42 0.44 0.44 0.47 0.55 0.63 0.67 0.67 0.62 0.56 0.50 0.47 0.47 0.47 0.49 0.50 0.50 0.51 0.52 0.52 0.53 0.53 0.53 0.53 0.53 0.53 0.53 0.53 0.53 0.52 0.52 0.51 0.50 0.49 0.48 0.46 0.44 0.41 0.37 0.32 0.28 0.27 0.34 0.47 0.53 0.50 0.50 0.57 0.69 0.77 0.80 0.77 0.71 0.67 0.66 0.66 0.71 0.75 0.76 0.76 0.77 0.78 0.82 0.90 0.98 1.07 1.11 1.11 1.07
0.54 0.65 0.81 0.88 0.87 0.78 0.69 0.70 0.69 0.63 0.56 0.52 0.51 0.50 0.47 0.44 0.44 0.45 0.45 0.48 0.53 0.59 0.65 0.68 0.66 0.61 0.55 0.49 0.45 0.45 0.46 0.48 0.50 0.51 0.52 0.52 0.53 0.53 0.53 0.53 0.54 0.53 0.53 0.53 0.53 0.52 0.52 0.51 0.50 0.49 0.48 0.46 0.44 0.42 0.38 0.34 0.30 0.30 0.36 0.43 0.41 0.39 0.43 0.52 0.62 0.71 0.75 0.74 0.71 0.68 0.67 0.68 0.70 0.68 0.68 0.70 0.72 0.75 0.81 0.88 0.93 0.96 0.97 0.91
0.43 0.44 0.57 0.73 0.84 0.87 0.85 0.84 0.85 0.83 0.77 0.74 0.70 0.65 0.61 0.57 0.53 0.49 0.46 0.45 0.48 0.51 0.56 0.62 0.66 0.68 0.65 0.57 0.48 0.45 0.44 0.45 0.47 0.49 0.51 0.52 0.53 0.53 0.53 0.54 0.54 0.54 0.54 0.54 0.53 0.53 0.53 0.52 0.51 0.51 0.50 0.49 0.47 0.46 0.43 0.41 0.39 0.36 0.36 0.38 0.36 0.32 0.33 0.39 0.45 0.52 0.61 0.67 0.70 0.70 0.69 0.68 0.67 0.65 0.65 0.65 0.65 0.66 0.69 0.75 0.79 0.80 0.87 0.90
0.38 0.34 0.31 0.36 0.47 0.60 0.65 0.67 0.74 0.82 0.82 0.82 0.81 0.79 0.75 0.70 0.66 0.60 0.53 0.48 0.47 0.48 0.50 0.52 0.56 0.64 0.71 0.67 0.57 0.51 0.46 0.44 0.44 0.47 0.49 0.51 0.52 0.53 0.53 0.54 0.54 0.54 0.54 0.54 0.54 0.54 0.53 0.53 0.53 0.52 0.51 0.50 0.49 0.48 0.47 0.46 0.44 0.43 0.42 0.40 0.38 0.33 0.30 0.30 0.31 0.33 0.41 0.48 0.54 0.59 0.64 0.68 0.67 0.64 0.64 0.64 0.62 0.60 0.60 0.63 0.68 0.75 0.82 0.94
0.45 0.40 0.32 0.30 0.33 0.39 0.39 0.38 0.45 0.56 0.58 0.57 0.60 0.63 0.66 0.66 0.66 0.67 0.64 0.58 0.52 0.49 0.49 0.50 0.50 0.56 0.70 0.77 0.71 0.62 0.55 0.49 0.45 0.44 0.46 0.49 0.51 0.52 0.53 0.54 0.54 0.54 0.54 0.54 0.54 0.54 0.54 0.54 0.53 0.53 0.52 0.52 0.51 0.50 0.50 0.49 0.48 0.47 0.46 0.45 0.43 0.40 0.36 0.33 0.30 0.28 0.28 0.31 0.35 0.40 0.49 0.59 0.63 0.61 0.61 0.63 0.62 0.59 0.56 0.55 0.61 0.71 0.80 0.97
0.51 0.47 0.41 0.37 0.36 0.37 0.35 0.32 0.35 0.41 0.42 0.42 0.43 0.45 0.48 0.51 0.54 0.59 0.63 0.64 0.62 0.58 0.54 0.53 0.51 0.52 0.61 0.73 0.77 0.72 0.65 0.59 0.52 0.46 0.44 0.46 0.49 0.51 0.52 0.53 0.54 0.54 0.55 0.55 0.55 0.55 0.55 0.54 0.54 0.54 0.53 0.53 0.53 0.52 0.51 0.51 0.50 0.50 0.49 0.48 0.47 0.45 0.43 0.41 0.38 0.34 0.30 0.28 0.27 0.26 0.29 0.38 0.49 0.49 0.51 0.54 0.56 0.54 0.52 0.54 0.59 0.68 0.80 1.00
0.59 0.53 0.44 0.41 0.39 0.39 0.38 0.35 0.35 0.38 0.40 0.42 0.42 0.42 0.43 0.45 0.46 0.48 0.52 0.57 0.61 0.62 0.61 0.59 0.55 0.52 0.55 0.64 0.73 0.75 0.71 0.67 0.62 0.54 0.47 0.46 0.47 0.49 0.51 0.53 0.54 0.54 0.55 0.55 0.55 0.55 0.55 0.55 0.55 0.55 0.54 0.54 0.54 0.53 0.53 0.53 0.52 0.52 0.51 0.50 0.50 0.48 0.47 0.46 0.44 0.41 0.38 0.35 0.31 0.26 0.23 0.24 0.31 0.35 0.39 0.44 0.48 0.49 0.49 0.53 0.60 0.69 0.82 0.99
0.68 0.60 0.47 0.40 0.38 0.38 0.37 0.36 0.37 0.37 0.38 0.41 0.42 0.43 0.44 0.45 0.45 0.46 0.47 0.49 0.51 0.55 0.58 0.58 0.55 0.52 0.54 0.60 0.67 0.72 0.72 0.70 0.68 0.64 0.57 0.51 0.50 0.49 0.50 0.51 0.53 0.54 0.55 0.55 0.55 0.55 0.55 0.55 0.55 0.55 0.55 0.55 0.55 0.54 0.54 0.54 0.54 0.53 0.53 0.52 0.51 0.51 0.50 0.49 0.48 0.46 0.44 0.41 0.38 0.34 0.30 0.26 0.26 0.27 0.32 0.38 0.43 0.47 0.48 0.51 0.62 0.72 0.84 0.96
0.79 0.69 0.52 0.40 0.36 0.35 0.34 0.33 0.35 0.35 0.36 0.38 0.40 0.41 0.43 0.44 0.45 0.46 0.47 0.47 0.48 0.50 0.52 0.54 0.53 0.50 0.51 0.55 0.62 0.69 0.72 0.71 0.70 0.68 0.62 0.55 0.52 0.51 0.50 0.50 0.52 0.54 0.55 0.55 0.55 0.56 0.56 0.56 0.56 0.56 0.56 0.55 0.55 0.55 0.55 0.55 0.55 0.54 0.54 0.54 0.53 0.52 0.52 0.51 0.50 0.49 0.47 0.45 0.43 0.41 0.38 0.35 0.31 0.27 0.27 0.32 0.37 0.43 0.48 0.51 0.60 0.73 0.84 0.89
