windninja/windninja_output/Output_2025-08-24_0300-0350_Google earth_Fire_150m_10min/merlingen_7.5mi_point_08-24-2025_0310_150m_ang.asc
ncols	158
nrows	163
xllcorner	391686.332397
yllcorner	5160024.123721
cellsize	150.000000
NODATA_value	-32768.000000
[rows 84 to 125 of 163, columns 0 to 93 of 158]
279 285 292 287 280 277 276 275 273 277 283 287 286 283 282 283 283 283 284 286 287 288 287 287 291 293 289 286 285 284 283 282 281 279 278 277 277 276 276 276 277 279 280 281 281 281 282 284 284 283 282 282 283 285 284 282 281 281 281 281 281 280 280 280 280 280 280 280 280 281 281 282 282 283 284 286 288 291 295 303 319 327 315 301 294 291 287 283 281 280 277 274 271 267
271 271 273 271 268 265 260 259 265 274 282 285 284 282 281 281 281 281 283 284 286 287 288 289 292 294 290 286 285 285 284 282 281 279 277 277 277 277 277 279 280 281 281 280 280 280 280 281 282 282 281 279 278 280 281 281 281 281 281 281 281 281 281 280 280 280 280 280 280 281 281 282 282 283 284 285 287 290 295 303 321 333 329 310 294 289 285 281 280 279 278 275 272 269
269 267 265 265 262 257 252 256 267 277 283 283 282 281 279 278 278 278 279 281 282 284 285 288 293 296 292 288 286 286 284 283 283 283 280 278 276 275 276 279 282 283 282 280 279 279 279 279 280 282 282 280 278 278 280 281 281 281 281 281 281 281 281 281 281 280 280 280 280 281 281 281 282 283 284 285 287 290 294 303 320 332 330 310 293 286 283 281 278 277 276 275 275 275
269 266 262 262 260 257 257 264 272 277 280 279 280 280 277 275 274 272 274 277 279 280 283 291 300 304 297 291 288 285 285 284 284 286 284 281 278 276 275 276 279 283 283 281 278 277 278 278 278 279 281 281 280 278 279 280 281 281 282 282 282 282 282 281 281 281 280 280 280 280 281 281 282 283 284 285 287 290 294 302 315 328 326 310 293 284 281 279 277 275 276 278 280 281
270 269 267 268 266 264 265 268 271 271 274 279 281 281 277 273 269 268 271 275 279 282 290 301 311 314 300 292 287 284 284 284 284 285 285 284 282 278 275 274 275 279 282 282 280 277 276 277 277 277 279 281 281 280 279 280 280 282 283 284 284 283 282 282 281 281 280 280 280 280 281 281 282 282 283 285 286 289 293 299 308 319 321 310 296 285 279 277 276 277 279 282 281 276
276 276 276 275 272 270 268 266 264 264 273 282 284 281 276 269 265 266 270 277 284 293 301 308 319 318 300 290 286 284 283 283 283 283 283 284 285 282 277 274 273 275 279 282 281 279 276 275 276 277 278 280 283 283 282 280 278 278 282 286 288 286 283 282 281 281 281 280 280 280 281 281 281 282 283 284 286 288 291 295 302 311 315 308 297 289 281 277 278 281 281 280 273 267
278 278 275 270 271 272 269 265 262 265 274 283 284 278 272 267 265 266 270 280 293 303 309 312 317 311 296 289 285 284 282 282 282 282 282 282 284 285 282 276 274 274 276 279 281 280 277 274 274 277 279 282 284 286 284 279 275 275 281 289 292 289 285 283 282 281 281 280 280 280 281 281 281 282 283 284 285 287 289 292 297 303 308 305 299 294 289 284 283 283 279 272 268 266
275 274 269 267 270 274 274 271 268 269 275 280 280 276 274 272 270 268 269 282 300 312 314 308 307 300 290 286 284 282 282 281 281 282 282 281 282 285 285 281 275 273 275 278 280 280 278 275 274 275 279 283 285 287 286 281 279 281 283 287 292 290 285 283 282 281 281 280 280 280 280 281 281 281 282 283 284 286 287 290 293 298 303 304 301 298 295 289 285 282 274 266 267 267
274 274 273 273 274 278 283 287 282 274 274 276 275 275 275 275 277 276 279 290 301 317 310 292 288 286 284 282 282 281 281 280 281 283 283 282 282 283 285 285 278 272 272 275 278 279 278 275 273 274 278 283 287 289 291 290 287 286 283 281 284 287 285 283 282 281 281 281 280 280 280 280 281 281 282 282 283 284 286 288 290 293 297 300 298 296 293 289 284 276 265 264 268 268
277 278 280 280 281 284 290 297 297 281 275 277 280 283 285 285 289 292 292 292 291 292 276 268 270 277 280 280 280 279 279 279 281 283 284 283 282 282 283 285 283 275 270 271 275 277 277 275 274 274 276 284 290 291 293 295 289 284 279 276 277 282 283 282 281 281 281 281 280 280 280 280 281 281 281 282 282 283 284 286 287 289 291 294 294 291 289 285 278 269 264 266 269 269
278 279 282 284 284 286 289 296 307 295 282 281 285 291 294 291 292 293 288 278 262 241 235 245 259 273 278 279 278 276 275 277 281 285 286 284 283 283 283 284 286 282 274 270 271 274 276 277 276 276 279 286 293 291 291 292 288 283 279 277 277 279 281 281 281 281 281 280 280 280 280 280 280 280 281 281 282 282 283 284 285 286 287 288 289 287 285 281 274 269 268 269 269 269
276 276 279 283 282 281 282 289 304 300 288 280 279 279 284 283 282 280 273 258 241 230 228 241 259 273 277 277 276 274 276 280 283 286 286 284 283 283 284 284 287 288 282 274 272 273 276 279 281 283 284 285 288 288 287 288 287 285 283 280 279 280 281 281 281 281 281 281 280 280 280 280 280 280 280 281 281 281 282 282 283 284 284 284 284 284 282 279 275 272 271 270 270 270
276 276 279 281 278 273 271 276 287 291 285 276 269 268 274 275 274 274 264 238 225 228 234 251 267 276 278 277 277 279 280 281 281 281 284 284 284 284 284 285 287 291 289 282 278 277 279 282 285 286 284 278 278 282 283 284 286 285 283 282 281 280 281 282 282 281 281 281 281 281 280 280 280 280 280 280 280 281 281 281 282 282 282 282 281 281 279 277 275 274 272 271 270 270
279 279 278 277 272 266 262 263 270 276 276 270 268 269 272 274 276 273 256 228 219 228 243 261 276 282 281 279 279 281 281 278 276 276 280 282 283 284 285 286 288 292 293 288 284 282 281 282 282 279 274 271 272 276 279 280 282 283 283 283 282 281 282 282 282 282 282 281 281 281 280 280 280 280 280 280 280 280 280 280 280 280 280 280 280 279 278 276 275 273 272 271 270 270
278 276 273 270 269 265 261 259 260 262 262 263 267 270 272 273 272 262 240 226 223 236 256 272 286 287 281 279 279 278 277 276 274 275 277 280 282 284 287 288 289 292 295 291 285 283 282 279 276 273 271 271 271 274 277 278 279 281 283 282 282 281 282 283 284 283 283 282 281 281 280 280 280 280 280 279 280 280 280 280 280 279 279 279 278 278 277 275 274 273 272 271 270 269
272 270 266 266 268 266 263 261 257 254 255 257 261 267 270 268 260 247 233 227 235 255 271 279 282 274 272 274 275 274 274 275 275 276 277 280 282 284 287 290 291 293 296 294 288 285 283 280 276 273 273 273 273 273 276 277 278 279 281 282 281 281 282 283 284 285 284 283 282 281 280 280 280 280 279 279 279 279 279 279 279 279 278 278 277 277 276 275 274 273 272 271 270 269
272 269 266 265 264 262 261 261 257 254 253 253 253 258 260 256 252 248 240 242 260 275 277 268 250 253 262 268 270 270 271 272 275 278 280 283 283 284 286 291 294 295 297 297 292 286 283 280 278 275 274 275 275 275 275 277 277 276 279 282 282 281 280 281 284 286 286 285 283 281 280 280 280 280 279 279 279 279 279 279 278 278 278 277 277 276 275 274 273 272 272 271 270 269
275 273 268 265 262 259 259 258 257 256 255 253 251 250 250 252 257 260 260 268 279 281 267 244 239 249 259 263 265 265 267 271 275 279 283 285 285 284 286 291 296 297 297 299 296 288 283 281 280 278 276 276 276 276 276 276 276 276 277 280 282 281 279 280 282 285 286 286 284 281 280 280 280 280 279 279 279 279 279 279 278 278 278 277 276 276 275 274 273 272 271 270 269 269
278 275 270 265 262 261 260 259 259 259 258 257 254 252 256 263 266 269 273 277 277 266 245 240 244 251 256 259 261 264 267 271 275 279 282 286 288 288 288 290 295 298 298 300 300 294 288 284 283 280 278 276 276 276 276 277 277 277 276 277 280 282 281 279 280 282 284 284 283 280 279 281 282 281 280 279 279 279 279 279 278 278 278 277 276 275 275 274 273 272 271 270 269 268
280 277 272 267 264 263 263 261 261 260 260 261 262 268 273 273 271 271 274 274 263 240 237 244 247 248 253 259 263 267 270 272 274 277 281 286 290 291 290 290 294 298 300 301 303 300 293 287 283 280 278 278 278 278 278 278 278 277 276 277 279 282 281 279 279 280 281 281 280 278 278 280 283 282 280 280 279 279 279 279 279 278 278 277 276 275 275 274 273 272 271 270 269 268
281 279 273 269 266 265 264 263 261 262 264 266 270 276 279 278 273 269 267 260 245 236 241 246 245 247 254 260 265 269 272 273 274 276 280 284 289 292 291 291 294 299 301 302 304 303 297 290 285 282 280 279 279 280 280 278 278 277 277 278 278 279 279 279 278 278 278 279 278 276 275 276 279 281 280 279 280 281 281 280 280 279 279 278 277 276 275 274 273 272 271 270 269 268
283 280 274 269 266 266 265 262 261 262 265 268 272 277 279 278 272 266 259 252 244 244 246 245 246 250 255 259 263 268 272 274 276 276 277 281 288 293 295 296 297 300 302 303 305 306 302 296 291 287 283 282 281 280 280 280 279 277 277 277 277 277 278 279 277 276 277 278 277 276 273 271 272 276 278 279 282 282 281 281 282 281 280 279 277 276 275 274 273 272 271 270 268 267
284 281 274 269 266 265 264 262 262 264 269 273 276 278 279 276 271 265 258 251 248 251 251 248 248 252 254 256 261 267 273 277 278 275 275 282 290 296 299 299 300 301 302 304 306 308 307 302 297 293 288 285 283 280 279 280 280 278 277 275 276 277 277 278 277 277 276 277 277 274 272 270 269 271 275 278 281 282 280 281 284 286 283 280 278 277 275 274 273 272 270 269 268 267
287 283 275 270 267 265 266 269 270 273 277 279 279 276 275 274 270 266 260 253 251 256 259 255 250 251 253 254 258 268 275 279 279 272 275 285 294 298 297 299 302 303 303 305 308 310 312 308 303 298 291 287 284 282 279 278 279 279 278 275 274 276 278 278 277 276 275 276 277 273 270 270 270 270 272 275 277 280 281 281 284 287 287 283 280 278 276 274 273 272 270 269 268 267
292 286 277 273 272 273 277 280 281 279 276 274 271 267 267 270 271 267 260 256 258 263 265 262 254 251 254 254 256 267 276 278 278 271 278 290 296 296 296 300 305 305 304 306 309 311 314 314 309 303 295 289 287 285 281 278 277 278 278 277 275 275 278 278 276 275 274 274 276 275 270 268 270 271 271 272 274 278 281 280 279 283 288 287 283 279 277 275 273 272 270 269 269 268
299 291 283 282 284 285 283 281 278 273 267 264 262 262 264 270 274 269 258 258 264 269 270 267 262 256 256 255 258 267 274 276 276 273 279 289 294 294 298 303 305 301 303 308 311 311 315 318 314 307 301 294 290 287 285 281 278 277 279 279 276 274 275 276 274 274 275 274 274 275 271 268 269 272 272 272 273 275 277 278 277 278 284 289 286 282 278 275 273 272 271 270 269 268
308 300 291 289 287 283 278 272 267 264 262 262 261 262 267 273 278 273 258 259 265 272 276 274 272 266 260 258 261 268 274 276 274 272 277 287 293 297 303 305 301 297 302 308 311 312 316 321 319 312 306 299 293 288 286 285 281 278 279 280 278 275 272 272 271 272 274 276 275 274 273 271 270 271 271 272 271 271 272 275 276 277 280 285 287 284 279 276 274 272 271 270 269 269
314 304 294 288 282 276 271 268 266 264 261 262 265 268 272 277 283 285 265 259 262 272 283 285 279 275 273 269 264 265 270 275 274 271 278 288 296 302 307 306 303 300 300 305 310 313 315 321 322 317 310 304 296 290 288 287 284 280 278 279 280 276 272 270 270 270 271 275 276 276 276 273 271 269 269 270 270 269 269 272 275 276 278 280 283 283 280 276 273 271 270 270 270 270
314 303 291 284 278 275 272 270 268 266 262 264 272 277 277 279 287 301 281 266 264 270 282 292 283 279 283 282 274 264 263 271 275 276 284 293 300 305 308 306 304 297 293 300 311 315 316 318 321 320 315 310 303 294 289 288 287 282 279 279 280 277 273 271 271 270 269 270 273 277 277 274 272 269 268 268 269 268 267 268 272 275 277 278 280 279 276 274 271 270 271 273 273 271
315 303 290 282 278 277 276 274 271 268 266 269 276 281 279 280 290 317 308 283 270 268 274 288 283 281 287 289 285 273 264 265 272 280 287 295 300 301 304 302 298 290 289 297 310 316 315 315 319 321 319 317 310 299 292 290 290 286 280 278 279 278 275 274 274 272 269 268 270 274 276 275 274 271 268 267 268 269 268 266 268 272 275 275 276 275 270 268 266 268 273 277 275 271
319 306 291 285 282 280 279 278 274 270 273 277 280 281 277 280 294 324 327 298 277 268 269 280 286 288 291 290 288 286 274 265 270 279 287 293 293 295 298 298 292 289 292 298 308 314 316 318 319 321 322 323 317 305 295 292 292 289 283 279 279 279 277 275 275 274 271 269 269 270 272 273 273 272 269 266 267 269 269 266 265 268 270 271 272 270 265 264 265 270 276 278 274 268
332 312 294 290 286 283 281 279 276 277 281 285 285 279 274 282 298 327 338 311 289 277 275 281 289 294 295 292 290 295 289 273 270 276 286 292 295 295 295 295 294 295 298 301 306 314 320 322 319 320 323 326 324 313 300 293 292 291 286 282 280 280 279 276 276 276 273 271 269 269 269 269 269 271 271 268 266 267 269 267 266 267 268 267 266 263 261 264 268 273 275 274 268 262
348 320 298 291 288 285 281 278 279 284 289 292 291 282 275 283 299 329 346 327 307 298 293 289 289 294 297 292 289 299 303 287 274 274 283 293 299 299 294 294 298 300 302 301 304 313 319 319 316 317 322 328 330 322 305 295 291 292 290 285 282 281 280 278 277 277 275 272 270 269 267 266 265 266 271 271 268 265 266 267 267 268 268 264 261 259 261 265 270 273 272 268 262 259
356 326 300 290 287 286 286 284 285 287 290 295 300 292 280 281 293 325 342 333 319 310 304 297 293 295 303 298 294 301 306 295 283 281 287 296 301 302 296 298 303 304 303 301 302 308 314 316 317 318 323 331 335 330 315 299 293 293 291 287 285 285 283 280 279 277 276 274 271 269 268 266 264 262 264 270 270 266 263 265 267 269 269 263 259 259 263 266 269 270 267 263 260 261
4 336 302 292 289 290 293 292 290 288 286 293 307 301 284 277 284 312 332 331 322 310 304 300 298 298 306 307 304 307 310 309 305 298 297 300 305 308 303 304 308 307 304 300 299 304 313 318 320 322 324 333 338 336 324 305 295 293 293 290 288 289 287 284 281 279 278 275 271 270 269 268 265 261 260 263 266 266 264 264 267 268 267 263 261 263 265 267 267 266 262 260 258 260
13 349 307 293 293 294 295 293 290 289 284 288 308 306 288 276 280 300 323 327 322 311 304 300 299 298 301 303 304 309 313 318 314 305 300 299 303 312 313 314 313 308 304 301 302 305 311 316 320 323 324 332 338 340 331 311 298 294 294 291 290 291 291 287 283 280 278 274 271 270 270 270 268 264 260 258 259 262 264 265 266 265 264 263 265 267 267 267 266 263 260 257 254 256
19 359 314 295 294 295 292 291 291 291 286 287 305 312 296 282 280 291 313 323 322 314 306 300 297 297 297 299 302 305 308 310 308 302 297 296 300 308 315 320 318 313 309 308 309 310 311 316 322 324 324 330 338 343 337 316 300 295 295 293 292 292 290 284 278 275 275 276 273 271 271 271 271 269 263 257 254 256 260 263 264 264 264 264 267 270 270 267 264 261 258 254 249 251
25 3 322 305 300 299 294 291 292 295 290 287 301 319 306 287 280 286 303 318 321 314 306 300 296 295 296 299 302 302 301 299 299 298 295 295 298 299 305 316 317 313 307 306 308 309 312 318 325 325 325 329 337 345 342 323 304 297 296 294 290 287 280 272 266 268 274 282 283 277 272 271 272 272 269 261 254 252 254 258 261 263 265 266 269 271 271 267 262 260 258 251 247 251
22 356 324 314 307 303 298 292 291 296 293 288 300 322 313 293 279 279 291 304 311 309 305 300 294 292 294 298 299 299 301 300 297 298 295 293 296 292 295 309 314 310 299 294 297 301 305 313 321 323 323 325 336 347 344 328 307 298 295 290 283 274 268 265 266 270 276 285 292 288 278 274 274 274 273 268 259 253 251 253 256 261 265 268 270 270 268 264 260 260 256 248 247 256
14 348 322 315 308 300 296 290 286 291 291 290 301 323 316 297 280 271 274 286 296 301 300 296 291 291 292 294 297 300 305 303 297 298 296 292 295 293 291 303 314 312 300 289 289 293 297 306 316 320 319 322 336 348 343 328 306 293 289 283 272 267 270 274 276 277 276 279 288 293 287 281 278 276 275 275 269 261 256 252 252 256 263 267 267 267 264 258 258 259 255 248 249 260
8 343 321 317 311 301 296 290 284 287 288 289 300 318 313 299 283 269 264 274 286 293 296 295 293 290 289 295 302 306 311 305 298 299 297 291 293 296 291 298 312 315 308 292 287 290 295 304 316 320 320 323 336 348 344 329 306 288 283 280 274 276 282 283 283 281 278 274 276 285 289 284 282 281 279 280 281 275 267 260 254 254 257 260 261 262 258 253 257 258 256 253 255 263
0 340 324 322 317 306 300 295 290 290 286 283 291 306 305 298 288 276 267 270 280 291 297 295 293 293 299 309 312 317 320 307 298 299 298 291 292 298 294 296 307 316 316 300 288 287 294 304 315 320 320 324 336 348 348 335 312 293 287 289 290 289 288 287 285 281 278 274 270 272 279 282 283 286 286 286 288 286 279 270 264 258 254 253 256 257 251 249 254 258 260 260 262 267
