windninja/windninja_output/Output_2025-08-24_0300-0350_Google earth_Fire_150m_10min/merlingen_7.5mi_point_08-24-2025_0340_150m_ang.asc
ncols	158
nrows	163
xllcorner	391686.332397
yllcorner	5160024.123721
cellsize	150.000000
NODATA_value	-32768.000000
[rows 42 to 83 of 163, columns 0 to 93 of 158]
206 206 205 205 205 205 204 204 205 204 204 204 204 204 204 204 204 204 204 204 204 203 203 203 203 202 200 199 197 198 202 204 204 203 202 202 205 206 204 203 204 206 207 206 203 201 203 206 207 208 213 213 206 203 210 216 217 217 223 227 226 220 219 219 219 218 217 217 215 212 213 215 213 204 203 207 199 191 194 206 213 214 217 220 220 217 214 214 216 217 220 225 230 234
207 207 206 206 205 205 205 205 205 205 204 204 204 204 204 205 205 205 205 205 204 204 203 203 203 203 202 200 198 199 203 205 203 200 196 195 197 199 199 201 206 210 210 207 205 206 209 213 214 214 217 216 209 207 212 218 220 221 225 228 227 223 221 219 218 217 212 211 211 208 207 209 207 202 202 204 198 194 197 206 211 214 217 219 219 217 216 219 221 221 223 224 230 235
208 208 207 207 206 205 206 205 205 205 205 204 204 205 205 205 205 205 205 205 204 204 204 204 204 203 202 201 201 201 203 204 202 199 194 191 193 197 201 205 209 211 212 210 209 212 215 216 214 212 212 213 210 209 214 219 221 222 224 225 225 223 222 219 218 217 213 210 208 205 205 208 208 206 206 206 201 197 202 209 213 213 216 219 220 219 219 222 225 226 226 227 234 239
209 209 208 207 206 206 206 206 205 205 205 205 205 205 205 205 204 205 205 205 204 204 204 204 204 204 203 203 203 202 202 203 201 198 195 192 193 199 204 206 208 211 213 213 211 212 215 214 211 210 212 215 215 214 218 222 223 223 223 222 221 220 217 215 216 216 216 213 209 208 211 213 215 214 213 211 203 200 205 209 210 212 218 224 224 222 221 224 227 229 229 231 238 239
211 209 208 208 208 207 207 206 206 205 205 205 205 205 205 205 205 205 205 205 205 205 205 205 204 204 204 204 204 203 203 203 202 199 196 195 196 199 201 203 206 211 215 214 211 213 214 212 211 211 215 217 218 220 222 224 224 224 222 217 215 215 213 211 214 216 217 216 212 212 217 219 221 220 218 214 206 201 205 209 213 218 226 229 226 223 223 224 225 228 230 234 238 237
211 210 209 209 209 210 208 207 206 206 205 205 205 205 205 205 205 205 205 206 205 205 205 205 205 205 205 205 205 204 204 203 203 200 198 197 198 198 199 202 205 210 214 213 211 213 213 213 213 213 216 218 220 221 221 221 222 221 219 213 209 213 215 215 218 220 219 218 215 214 217 220 223 222 220 216 209 205 208 216 223 227 229 228 225 223 223 224 225 228 230 233 234 233
212 211 210 210 211 212 209 207 206 206 206 206 205 205 206 206 206 206 206 206 206 206 206 206 206 206 205 205 205 205 204 204 204 202 200 198 199 200 199 201 205 210 212 211 210 212 213 214 214 213 216 220 222 223 221 219 220 218 214 208 207 214 220 222 224 224 221 218 216 216 219 221 223 222 220 217 213 211 215 221 226 228 226 224 221 221 221 222 223 225 228 232 232 230
213 212 211 211 212 213 211 207 206 206 206 206 206 206 206 206 206 206 206 206 206 206 206 206 206 206 206 206 206 205 205 205 204 203 201 199 199 200 200 202 206 210 211 209 210 214 215 215 214 214 215 219 221 220 218 217 217 214 211 208 209 217 224 227 227 224 220 218 217 218 219 221 221 221 219 216 213 212 215 220 223 224 223 220 219 219 218 218 220 222 226 230 231 230
215 213 211 211 212 212 211 209 206 205 206 206 206 206 206 206 206 206 206 206 206 206 206 206 206 206 206 206 206 206 206 206 205 205 203 201 200 200 201 203 206 208 207 206 210 216 218 217 218 218 219 221 219 215 214 214 214 213 211 211 215 221 229 232 228 222 219 218 218 220 221 222 222 220 218 215 212 212 215 219 222 222 221 220 219 218 217 217 221 224 226 229 231 231
219 215 211 210 211 210 210 210 207 204 205 206 206 206 206 207 207 206 206 207 206 206 206 206 207 207 207 207 207 207 206 206 206 206 205 203 202 202 203 203 205 207 206 204 210 216 217 218 221 222 220 220 218 215 214 215 215 214 214 216 219 225 232 234 228 220 218 217 218 220 222 222 221 219 218 216 213 212 215 219 221 223 224 223 220 219 219 221 224 226 226 229 231 232
222 217 210 210 211 211 211 212 209 205 204 206 206 206 207 207 207 207 207 207 207 207 207 207 207 207 207 207 207 207 207 207 207 206 206 205 204 204 203 203 205 208 206 203 208 216 216 215 217 215 211 211 213 214 215 218 217 217 218 219 222 225 233 234 226 218 215 215 217 219 220 219 218 217 218 217 215 215 217 219 221 224 226 227 226 225 225 225 227 228 227 229 230 230
223 218 209 208 211 210 209 212 212 208 205 206 207 207 207 207 207 207 207 208 208 207 207 208 208 208 208 208 208 208 208 207 207 207 207 207 206 205 204 202 204 207 206 203 206 213 213 209 210 208 206 208 211 214 218 220 218 217 219 222 223 226 233 233 223 214 212 212 216 218 217 215 215 216 218 218 217 218 221 222 221 223 225 225 227 229 229 227 227 228 228 228 226 226
219 217 211 206 209 209 208 211 214 212 208 207 207 207 207 207 207 207 208 208 208 208 208 208 208 208 208 208 208 208 208 208 208 208 208 208 207 207 206 204 203 207 208 206 207 211 209 205 205 206 207 211 213 216 222 221 215 215 218 221 222 226 231 229 219 211 207 208 212 214 213 213 216 218 219 219 217 219 223 221 220 221 222 221 222 225 228 228 228 227 227 227 224 223
216 217 214 210 212 213 211 212 215 215 211 208 207 207 207 208 208 208 208 208 208 208 208 208 208 208 208 208 209 209 209 209 209 209 209 209 208 208 207 206 206 209 212 211 209 207 205 202 202 204 207 212 214 218 224 220 213 214 217 219 220 223 227 226 217 209 206 205 210 213 213 216 219 219 219 218 217 219 221 219 217 219 220 219 219 221 222 223 225 227 229 229 226 225
216 217 217 215 215 217 214 212 214 216 214 210 209 208 207 208 209 208 208 208 209 209 209 209 208 208 209 209 209 209 209 209 209 209 209 209 209 209 209 208 209 210 212 211 208 204 200 199 201 202 205 213 215 219 225 219 212 214 217 218 219 222 226 225 218 209 206 207 212 216 217 218 218 217 217 216 216 218 219 216 215 218 220 220 219 220 219 219 221 226 232 234 229 225
218 217 217 215 214 215 214 211 212 215 213 210 210 209 208 208 209 209 209 209 209 209 209 209 209 209 209 209 209 209 209 210 210 210 210 210 210 210 210 210 210 210 210 209 208 205 201 199 200 199 203 214 218 222 226 217 210 212 215 216 219 223 226 226 220 211 207 208 213 217 217 216 216 215 215 213 214 216 215 214 214 217 219 221 223 224 224 222 221 223 228 229 222 222
218 217 216 216 215 214 214 212 210 212 212 210 212 213 210 208 209 209 209 209 209 210 210 210 209 209 209 210 210 210 210 210 210 210 210 210 210 210 211 210 211 210 210 210 209 208 206 203 200 197 201 214 220 223 225 216 209 213 216 217 219 223 225 226 221 213 207 206 209 213 214 214 215 215 214 212 213 214 212 212 213 216 219 222 225 227 227 226 224 223 225 224 220 225
218 218 217 217 217 216 216 214 212 213 213 211 213 215 213 210 209 209 209 209 209 210 210 210 209 209 210 210 210 210 210 210 211 211 211 211 211 211 211 211 211 211 211 211 210 210 209 206 202 196 196 210 220 223 223 217 212 216 219 220 220 223 225 225 222 215 207 203 206 212 214 214 215 214 212 211 213 213 212 213 214 217 219 220 222 224 225 225 224 225 228 229 228 232
219 219 218 218 218 218 218 217 216 215 213 210 210 213 213 212 210 209 209 209 209 209 210 210 210 210 210 210 210 211 211 211 211 211 211 211 211 212 212 212 212 212 212 211 211 211 210 208 205 198 193 205 219 224 222 217 216 219 221 221 222 224 226 226 223 217 209 203 208 215 215 214 214 214 211 211 213 213 214 215 216 219 221 221 221 222 224 224 226 229 232 231 230 230
219 219 219 219 218 218 218 218 217 215 212 207 207 210 212 213 212 210 209 208 209 210 210 210 210 211 211 211 211 211 211 211 211 212 212 212 212 212 212 212 212 212 212 212 212 212 211 210 208 203 197 204 220 225 223 220 222 224 224 224 225 225 227 226 223 219 211 206 210 215 214 214 214 213 211 211 214 214 215 216 217 220 222 223 224 224 225 226 229 232 230 229 229 227
222 222 221 220 219 218 218 217 217 215 213 209 207 208 211 213 213 212 211 209 209 210 210 211 211 212 212 211 211 211 211 212 212 212 212 212 212 212 213 213 213 213 213 213 213 212 212 212 210 208 203 204 218 224 223 223 227 228 226 226 225 225 225 224 222 219 212 208 212 214 213 214 214 212 211 212 214 215 215 216 218 220 223 225 226 228 231 231 233 232 228 230 230 227
226 226 224 222 220 218 218 218 217 216 215 211 208 208 208 211 213 213 212 211 209 209 210 210 211 211 212 212 211 212 212 212 212 212 212 213 213 213 213 213 213 213 213 213 213 213 213 213 212 211 207 205 214 219 216 220 227 229 226 224 221 220 222 224 227 224 216 212 212 212 212 214 214 211 210 212 213 214 213 215 217 219 222 225 225 228 233 235 235 233 229 230 229 228
231 229 226 223 222 220 220 220 219 218 217 214 209 207 207 209 211 213 213 212 211 210 210 210 210 211 212 212 212 212 212 212 212 213 213 213 213 213 213 213 214 214 214 214 214 214 214 214 214 213 211 209 213 216 212 217 226 227 225 222 218 218 224 232 236 230 219 213 212 211 212 213 214 211 209 210 211 211 210 212 216 218 221 223 225 231 234 233 233 229 227 228 228 229
230 228 224 222 221 221 221 222 222 221 219 217 211 207 208 208 209 211 213 214 213 211 211 211 210 211 213 212 212 212 212 212 213 213 213 213 213 214 214 214 214 214 214 214 214 215 215 215 215 214 214 213 215 218 214 215 224 226 224 221 218 220 227 231 228 221 213 210 210 211 211 214 215 212 208 208 208 208 207 212 217 219 221 223 226 233 234 231 227 224 225 226 228 230
224 223 222 222 222 220 217 218 219 219 218 216 213 208 207 208 209 210 212 214 213 211 212 212 210 211 212 212 212 213 213 213 213 213 213 214 214 214 214 214 214 214 215 215 215 215 215 215 215 216 216 216 217 219 218 218 225 228 226 224 218 214 219 221 219 215 212 209 210 211 212 215 216 211 207 206 206 207 207 212 216 218 218 218 224 231 232 228 224 224 223 225 227 230
210 214 217 218 219 217 213 214 218 219 218 215 213 209 207 208 210 210 210 212 212 211 212 212 211 212 213 215 215 214 214 213 214 214 214 214 214 214 214 215 215 215 215 215 215 216 216 216 216 217 217 217 218 220 221 224 231 236 234 229 218 210 215 219 218 216 213 211 211 212 212 215 216 211 207 206 205 205 205 209 211 213 215 216 225 234 233 226 225 224 223 224 228 230
189 202 210 211 212 210 205 208 216 219 217 213 211 210 208 207 209 210 209 211 212 212 212 212 211 212 215 217 217 216 215 214 214 214 214 214 214 214 215 215 215 215 215 216 216 216 216 217 217 217 218 218 219 220 222 225 231 237 239 234 223 216 219 221 220 217 215 213 212 212 212 216 217 212 208 207 206 203 203 207 210 214 219 224 238 243 234 225 224 223 224 225 229 230
180 193 208 210 212 211 206 204 211 213 209 206 205 205 205 205 207 210 211 211 212 213 213 213 212 212 217 219 218 217 216 214 214 214 214 214 215 215 215 215 215 216 216 216 216 216 217 217 217 218 218 219 219 220 222 224 227 230 234 233 229 225 227 227 224 221 218 215 213 212 213 217 218 211 207 208 207 204 203 208 214 221 228 235 248 246 231 224 224 223 223 225 227 229
196 203 219 226 228 224 215 208 212 214 209 206 206 206 206 206 207 210 212 211 212 213 215 215 213 213 218 219 217 216 216 215 214 214 214 215 215 215 215 215 216 216 216 216 217 217 217 217 218 218 219 219 220 221 222 223 224 226 228 229 228 229 233 236 235 231 226 222 217 215 214 218 217 210 207 210 209 206 204 210 219 228 234 242 250 243 228 224 224 223 223 223 225 225
213 216 227 239 244 242 234 226 228 227 222 219 218 216 213 211 211 212 212 211 212 214 215 216 211 208 214 217 216 215 215 215 215 214 214 215 215 215 215 216 216 216 216 217 217 217 218 218 218 219 219 219 220 221 221 222 223 224 225 225 226 227 230 233 236 238 238 235 228 221 217 220 218 211 209 211 211 207 206 214 225 233 239 248 247 234 223 222 223 224 224 224 224 221
223 225 230 235 239 241 240 239 242 241 236 234 232 228 224 220 216 215 214 212 212 212 213 213 208 204 211 217 217 216 215 215 215 215 214 215 215 215 215 216 216 216 217 217 217 218 218 218 219 219 219 220 220 221 221 222 223 223 224 224 225 225 226 228 229 232 235 237 235 231 229 229 225 217 214 214 214 211 209 217 228 236 243 248 241 225 219 221 225 226 224 225 226 225
231 232 234 236 238 239 238 239 242 240 236 233 230 227 225 222 220 219 217 215 213 212 212 211 207 205 210 216 218 217 216 215 216 215 213 214 215 215 216 216 216 217 217 217 218 218 218 219 219 219 220 220 220 221 221 222 222 223 223 224 224 224 225 226 226 227 228 229 231 235 240 243 236 224 220 219 218 215 212 219 229 238 245 244 232 221 219 222 226 226 222 224 227 230
238 239 242 242 243 243 242 241 240 237 234 231 227 225 223 220 219 219 219 217 215 215 214 213 210 206 209 214 218 219 218 216 216 215 213 212 214 215 215 216 216 217 217 218 218 218 219 219 219 220 220 220 221 221 221 222 222 222 223 223 223 224 224 225 225 225 226 226 227 230 233 236 234 226 221 220 218 215 213 219 230 238 242 236 225 221 222 224 226 225 223 220 219 226
244 245 248 251 252 251 249 245 241 236 233 231 228 225 223 220 219 218 217 216 216 217 217 216 213 209 210 214 217 219 218 217 217 217 216 215 214 215 215 215 216 217 217 218 218 219 219 219 220 220 220 220 221 221 221 222 222 222 222 223 223 223 224 224 224 224 225 225 226 227 227 226 225 222 219 219 216 213 212 219 231 237 237 230 223 220 222 224 226 228 230 223 219 230
247 248 253 258 262 263 259 252 246 239 234 231 228 225 223 220 219 218 217 216 216 217 217 216 214 212 213 215 216 217 219 219 220 222 222 219 217 216 216 215 216 217 218 218 219 219 220 220 220 220 221 221 221 221 221 222 222 222 222 223 223 223 223 224 224 224 224 225 225 225 224 224 223 221 219 219 214 209 211 223 234 237 235 230 227 226 227 229 231 236 239 234 234 239
250 252 255 262 270 275 272 263 253 242 234 229 226 224 223 221 219 218 217 217 216 216 216 215 214 213 215 217 216 218 220 222 222 222 222 219 217 217 217 216 215 217 218 219 219 220 220 220 221 221 221 221 221 221 221 222 222 222 222 222 223 223 223 223 224 224 224 224 224 224 224 223 223 222 220 218 214 207 212 229 237 236 234 233 233 236 238 236 236 236 233 229 233 237
256 255 253 260 275 284 284 274 255 239 229 225 224 223 222 220 218 217 217 216 216 216 216 215 213 213 217 218 217 216 218 220 220 219 220 218 217 217 218 217 216 216 218 219 220 220 221 221 221 222 222 221 221 221 221 222 222 222 222 222 223 223 223 223 223 224 224 224 224 224 223 223 223 222 221 219 214 207 214 233 237 231 229 230 228 229 231 230 229 228 227 227 231 234
255 252 246 247 263 277 279 261 238 224 218 219 220 220 220 218 218 217 216 216 217 217 217 215 211 212 216 217 215 213 214 217 219 220 221 219 217 217 219 219 217 217 219 220 221 222 222 223 223 223 222 222 222 222 222 222 222 222 222 222 223 223 223 223 223 223 224 224 224 224 223 223 223 222 221 219 215 209 214 230 232 225 222 221 220 220 222 225 227 228 229 231 232 232
247 243 234 234 236 231 216 199 202 204 205 211 216 218 219 218 217 217 216 216 217 217 217 215 210 211 215 217 215 213 212 215 217 218 219 219 217 217 218 219 217 217 221 223 224 224 225 226 226 226 224 223 222 222 222 222 222 222 222 222 223 223 223 223 223 223 223 224 224 223 223 223 222 222 221 219 217 213 214 223 221 217 216 216 217 220 225 229 230 232 233 233 234 232
245 244 238 232 231 226 209 196 197 199 199 206 214 217 219 219 219 218 217 216 217 217 217 214 210 211 216 217 216 214 212 213 214 216 218 219 217 217 218 218 217 216 221 225 228 230 231 231 233 233 228 224 222 221 221 222 222 222 222 223 223 223 223 223 223 223 223 224 224 223 223 223 222 222 221 220 218 214 212 211 207 209 214 216 218 224 231 232 231 232 233 233 234 232
255 252 241 232 230 227 218 209 204 204 203 207 214 218 220 220 220 220 219 217 217 217 217 214 210 212 216 216 216 215 214 215 217 219 221 221 219 218 218 218 216 215 216 219 222 224 224 224 226 227 226 223 222 221 221 221 222 222 222 223 223 223 223 223 223 223 224 224 224 223 223 223 222 222 222 221 219 215 211 205 198 202 212 217 221 230 233 232 232 232 232 232 232 230
244 235 222 225 227 227 222 217 215 214 212 213 217 220 223 222 222 222 221 219 218 217 217 215 210 210 213 214 215 216 217 217 219 222 224 226 225 222 220 219 218 215 214 213 213 213 213 213 215 216 216 216 217 218 219 221 222 222 223 223 223 223 223 223 223 224 224 224 224 224 223 223 223 222 222 221 219 217 212 205 194 196 207 215 225 234 236 235 233 234 234 234 233 231
