windninja/windninja_output/Output_2025-08-24_0300-0350_Google earth_Fire_150m_10min/merlingen_7.5mi_point_08-24-2025_0300_150m_ang.asc
ncols	158
nrows	163
xllcorner	391686.332397
yllcorner	5160024.123721
cellsize	150.000000
NODATA_value	-32768.000000
[rows 84 to 125 of 163, columns 0 to 93 of 158]
263 264 268 265 259 256 253 251 251 253 258 264 265 265 265 266 266 267 268 269 270 269 266 264 265 264 260 258 256 255 254 253 252 252 254 255 255 254 252 249 247 246 246 246 246 246 247 248 249 247 244 243 244 245 247 247 248 247 247 247 246 246 245 245 245 244 244 243 243 243 242 242 241 241 240 239 238 236 232 223 204 198 208 223 244 249 248 246 244 243 242 241 239 236
260 259 259 258 256 253 249 247 251 256 261 263 263 262 262 263 264 265 267 269 271 271 270 269 268 267 263 259 258 257 254 252 250 248 249 251 252 254 255 254 252 250 249 249 251 252 253 255 256 254 251 248 245 244 246 247 248 248 248 247 247 246 246 245 245 244 244 243 243 243 242 242 241 241 240 239 238 236 232 224 205 195 207 232 248 249 246 244 243 242 242 241 240 238
260 259 257 258 256 251 246 246 253 259 262 261 261 261 261 261 261 262 265 268 270 271 272 274 273 268 263 260 259 257 255 253 251 248 247 246 245 247 250 253 255 253 250 249 250 251 253 255 256 256 255 252 249 247 247 248 249 249 248 248 247 247 246 245 245 244 244 243 243 243 242 242 242 241 241 240 239 237 235 229 213 195 206 237 249 249 246 245 242 241 241 241 240 237
262 260 258 257 253 248 245 247 253 257 259 258 260 260 259 258 256 257 261 264 266 267 270 277 279 269 259 258 256 255 255 254 254 253 251 247 243 242 243 246 249 252 251 249 249 250 252 253 254 255 255 254 252 250 250 251 251 251 250 249 248 247 246 245 245 244 244 243 243 243 242 242 242 241 241 240 240 239 238 236 227 209 218 245 250 247 246 246 245 244 245 244 243 237
263 261 258 255 250 244 243 246 249 252 254 257 259 257 255 252 251 253 256 260 262 263 270 277 277 262 255 255 253 252 252 253 254 256 257 255 251 246 244 244 244 245 247 248 248 248 249 250 251 251 251 252 252 251 251 251 252 254 254 253 250 248 246 245 245 244 244 243 243 243 243 242 242 242 241 241 241 241 241 240 239 242 266 271 261 251 247 246 246 247 249 247 244 241
263 262 258 254 250 246 244 244 244 246 252 258 256 253 251 247 245 249 254 259 262 268 274 272 257 243 249 252 252 251 251 252 253 253 255 258 258 255 251 249 247 246 246 247 248 248 247 248 249 249 248 248 248 248 247 247 248 252 256 258 254 249 246 245 245 244 244 244 243 243 243 243 242 242 242 242 242 242 242 243 246 255 278 285 277 268 259 254 251 253 253 249 245 245
262 260 254 251 251 250 246 243 238 242 250 254 250 248 246 243 243 246 252 261 270 276 272 255 231 229 243 249 250 250 251 251 252 252 252 254 256 257 254 251 249 249 248 249 250 249 248 248 248 249 249 248 247 246 244 243 244 247 253 258 254 248 246 245 244 244 244 244 244 243 243 243 243 243 243 243 243 243 244 245 249 256 270 281 281 278 272 265 261 262 258 248 247 248
258 253 245 243 244 246 243 238 234 240 247 247 240 238 237 237 240 242 248 262 276 276 256 235 221 225 240 246 249 250 251 252 252 252 252 253 253 254 254 251 248 247 248 250 251 251 251 250 249 250 251 252 251 248 242 239 241 244 246 247 244 244 244 244 244 244 244 244 244 244 243 243 243 243 243 243 243 244 245 247 250 255 263 272 276 277 274 270 267 265 257 250 255 257
254 248 239 236 235 234 230 223 221 230 239 239 233 233 235 237 239 239 246 257 263 251 235 226 219 226 239 246 249 250 251 252 253 253 254 253 252 252 253 253 248 245 246 249 251 252 253 252 252 253 255 257 256 253 245 241 244 245 244 241 238 239 242 244 244 244 244 244 244 244 244 244 243 244 244 244 244 245 246 247 250 254 261 270 274 275 274 273 270 264 256 258 263 264
252 247 239 236 235 232 226 216 211 222 229 226 219 217 219 226 230 234 247 252 243 219 218 221 220 230 241 246 248 250 252 254 256 257 256 254 253 252 252 252 250 245 244 247 249 252 253 253 253 254 257 261 260 255 252 254 255 252 249 244 240 239 241 244 245 245 245 245 244 244 244 244 244 244 244 244 245 245 246 247 250 253 258 266 273 275 275 274 270 262 258 261 264 264
250 246 241 240 242 240 233 221 211 222 229 224 216 213 213 223 229 235 246 244 229 214 213 219 224 235 243 246 248 249 251 255 259 260 257 254 253 253 253 252 249 244 242 242 243 246 249 251 252 252 254 257 256 252 253 259 262 259 254 249 245 242 242 244 245 245 245 245 245 245 245 244 244 244 244 245 245 246 246 248 249 251 255 259 265 269 271 270 266 261 259 259 259 259
246 244 242 244 247 244 238 230 225 236 240 235 230 229 231 241 242 248 248 238 225 222 222 228 234 241 245 247 247 247 250 255 257 258 256 255 255 254 254 253 251 247 244 241 238 238 241 244 247 249 251 250 245 245 251 255 258 258 255 251 248 245 244 246 246 246 246 246 245 245 245 245 245 245 245 245 245 246 247 248 249 250 252 255 258 261 263 263 260 258 257 256 255 255
243 244 244 245 245 240 236 234 241 256 260 252 246 244 250 257 256 259 251 229 225 231 235 243 248 250 249 248 247 248 251 253 253 254 255 256 257 257 256 254 253 252 249 245 241 237 237 239 243 246 247 244 240 241 247 252 256 257 255 254 251 247 247 247 247 247 247 246 246 246 246 245 245 245 245 246 246 246 247 247 248 249 251 252 254 255 256 256 256 255 254 253 253 252
239 245 247 245 243 240 236 235 240 251 259 257 256 252 257 260 263 262 247 227 226 235 245 255 259 255 250 249 250 253 256 256 254 254 255 258 259 260 259 257 256 255 254 252 249 245 244 245 247 248 246 243 242 242 246 250 253 255 256 256 254 251 250 250 250 249 248 247 247 247 246 246 246 246 246 246 246 247 247 247 248 249 250 251 251 252 253 253 252 252 251 251 250 250
240 248 251 250 250 247 242 240 241 245 251 258 264 266 266 267 266 258 242 231 229 237 248 257 254 245 245 249 253 257 259 259 257 256 256 258 261 263 263 261 259 257 256 255 254 254 254 254 253 250 247 245 244 243 245 247 249 252 253 254 253 254 255 255 253 251 250 249 248 247 247 246 246 246 247 247 247 247 247 248 248 248 249 249 250 250 250 250 250 250 249 249 248 248
244 253 257 258 260 258 256 253 250 248 250 255 260 267 270 267 261 252 242 234 233 241 250 251 239 233 242 249 254 257 259 260 261 260 258 259 261 263 266 267 264 260 258 256 254 254 255 253 250 248 246 245 243 243 244 246 247 248 250 250 249 251 254 256 257 256 253 251 249 248 248 247 247 247 247 247 247 247 248 248 248 248 248 249 249 249 249 249 249 248 248 248 247 247
244 251 256 258 259 259 259 259 256 252 252 253 255 262 265 261 258 255 245 238 244 254 254 244 232 235 244 250 254 257 259 262 264 265 265 264 263 263 265 268 268 265 262 258 255 253 252 251 248 246 245 244 243 242 242 243 243 245 247 247 246 246 248 251 255 256 256 254 251 250 249 248 248 248 248 248 248 248 248 248 248 248 248 248 248 248 248 248 248 247 247 247 246 246
245 250 256 257 256 256 257 257 256 254 254 252 250 249 251 252 252 251 245 247 259 262 252 239 236 241 247 251 254 256 259 263 267 270 273 273 270 267 267 268 270 269 266 263 259 254 252 251 248 246 244 243 242 242 243 242 241 242 244 245 246 246 246 247 250 252 254 254 253 251 251 251 251 250 249 249 249 249 249 249 249 249 248 248 248 248 248 247 247 247 246 246 245 245
248 252 255 255 254 255 256 256 255 254 254 252 248 242 240 243 245 244 242 250 257 252 242 240 241 245 250 254 255 257 261 264 267 271 276 279 279 276 273 271 272 273 270 268 263 256 251 248 246 245 244 243 242 241 242 242 241 241 241 241 242 243 244 246 247 249 250 251 251 252 254 255 254 253 252 251 251 251 250 250 250 249 249 248 248 248 247 247 246 246 246 245 245 244
249 251 253 253 253 254 255 255 255 255 254 253 251 249 249 249 248 246 246 252 249 238 239 243 244 245 250 255 258 260 263 264 267 270 274 279 284 283 279 276 277 278 276 274 270 262 254 248 245 244 243 243 242 241 240 240 240 240 240 240 239 239 241 243 245 246 246 246 246 248 253 257 258 257 256 255 254 253 253 252 251 251 250 249 248 248 247 247 246 246 245 245 244 244
249 249 251 252 253 255 255 255 255 256 258 258 259 263 266 265 260 255 255 254 244 237 240 243 242 243 248 253 257 262 265 266 267 269 272 277 283 287 285 282 281 283 282 280 278 272 261 252 246 243 243 243 243 242 242 240 238 239 240 241 240 239 240 242 243 243 242 241 240 242 247 252 257 261 261 261 260 259 257 255 254 253 251 250 249 248 247 247 246 246 245 245 244 244
249 249 249 250 252 255 256 255 255 257 260 263 267 271 273 272 268 263 258 252 245 242 242 241 240 242 246 249 253 259 264 267 269 268 269 274 280 287 289 287 285 286 286 285 284 279 267 256 248 243 242 241 240 241 242 241 239 238 239 240 240 239 240 243 243 243 241 238 237 240 243 244 247 254 258 262 264 264 262 261 260 257 254 252 250 249 248 247 247 246 245 245 244 244
249 248 247 248 250 251 253 253 253 255 259 261 264 267 269 270 266 262 256 249 246 247 245 240 238 241 243 246 251 257 262 267 268 264 265 272 281 287 289 290 288 287 287 287 288 286 275 261 252 246 243 240 238 238 239 240 240 239 239 239 239 239 240 241 242 242 241 238 235 237 240 241 242 243 247 253 258 260 261 263 266 263 258 254 251 250 249 248 247 246 246 245 244 244
246 245 244 246 247 248 250 250 250 250 252 253 253 255 259 262 262 259 253 247 245 249 249 240 236 238 240 241 246 255 262 265 263 258 263 274 282 285 286 289 291 289 287 288 289 290 283 268 256 250 247 243 240 238 237 237 237 239 239 239 239 240 240 240 240 240 239 238 235 235 237 240 241 242 244 247 250 252 253 256 262 266 263 258 254 251 250 248 248 247 246 245 245 244
245 243 242 244 245 245 245 245 244 246 248 249 248 248 251 255 257 254 249 246 247 251 251 243 236 236 238 236 241 252 259 261 257 252 264 276 281 279 280 285 291 290 288 289 289 289 290 277 259 250 247 245 243 241 238 236 236 237 237 237 237 239 240 240 240 239 238 237 235 234 235 238 242 243 243 244 246 249 251 253 255 260 265 263 257 253 251 250 249 248 247 246 246 245
243 242 242 243 243 243 243 242 244 246 247 247 245 245 249 253 253 246 239 242 250 255 253 246 238 235 236 235 241 252 255 254 252 251 264 274 275 274 278 282 283 285 289 293 292 289 292 289 265 251 245 242 240 240 239 237 236 236 236 234 234 236 238 237 239 240 240 238 236 233 234 238 241 242 243 243 244 247 249 252 253 254 259 264 262 257 253 251 250 249 248 248 247 247
242 242 244 246 247 248 248 247 247 246 247 246 244 244 249 254 253 238 230 238 248 257 257 249 242 237 235 234 240 249 253 251 248 250 261 270 272 274 278 274 266 272 284 294 296 293 294 298 275 254 246 241 238 238 238 237 236 237 237 235 234 235 236 235 236 239 241 240 237 233 232 237 240 240 242 244 245 245 247 249 252 254 256 259 262 261 257 255 253 251 251 250 250 249
242 243 247 249 250 249 249 249 248 246 245 247 248 247 250 255 252 229 224 234 244 254 260 252 245 243 239 234 236 242 248 251 247 248 258 267 271 275 275 263 258 261 268 282 295 298 297 304 294 261 247 240 237 237 237 236 235 237 238 236 235 236 235 233 233 235 237 239 238 235 233 237 240 240 241 243 244 244 245 248 251 254 254 255 256 258 259 258 256 255 255 255 254 253
245 247 249 249 249 247 246 246 245 243 241 244 249 249 251 255 251 223 219 229 236 246 255 252 243 247 250 247 241 238 241 246 248 251 261 267 269 271 265 258 257 256 259 268 283 293 295 304 316 283 248 236 234 237 238 235 233 235 236 235 234 234 234 233 232 232 234 234 235 236 236 239 241 240 240 242 242 242 242 244 248 252 253 253 252 252 254 256 257 258 260 260 257 254
247 247 248 248 248 248 247 245 242 239 237 243 247 247 249 254 251 219 211 221 228 238 246 248 243 250 256 258 253 242 238 241 247 257 267 271 268 263 257 252 249 249 256 265 272 276 278 285 307 311 255 231 230 234 236 235 233 233 235 234 232 231 232 234 233 231 231 231 231 232 233 237 239 238 239 241 242 241 240 241 244 249 251 251 251 248 248 250 252 255 259 261 257 253
244 244 245 246 246 246 246 245 241 238 239 245 245 241 244 253 253 220 198 216 223 232 238 242 244 248 250 252 255 251 240 239 246 258 268 272 266 259 252 243 237 242 252 259 260 252 250 251 256 274 260 218 223 230 234 234 232 232 234 234 232 229 230 233 232 230 230 230 230 229 229 233 237 238 237 239 241 242 241 240 242 245 245 245 245 242 242 244 245 250 255 255 252 249
239 240 241 243 243 242 242 242 241 241 246 249 243 235 240 252 257 229 188 213 224 228 230 234 240 244 242 241 246 250 240 237 243 254 263 266 262 255 247 236 231 240 247 250 249 243 237 232 233 233 203 168 202 223 232 233 233 232 233 234 232 229 230 233 232 229 229 230 230 229 228 231 235 239 240 239 239 241 241 240 242 244 242 239 239 235 234 239 243 249 252 249 244 243
235 238 240 241 242 241 239 237 239 245 253 252 240 230 238 252 258 235 185 211 225 226 224 228 233 238 238 236 245 246 233 231 237 247 258 262 257 245 236 232 231 239 243 243 244 241 232 224 224 221 199 161 168 209 227 233 234 233 233 234 232 229 230 233 232 228 228 229 229 228 228 228 231 235 240 241 240 240 241 241 244 247 243 237 235 232 231 236 242 248 249 244 239 237
233 237 240 241 242 242 238 235 238 244 252 252 237 228 239 251 256 241 191 205 221 224 223 224 227 229 229 231 241 244 235 233 234 241 247 248 241 229 225 228 229 233 236 237 240 235 221 213 213 213 202 174 160 186 217 230 233 232 232 234 232 229 229 231 231 227 227 228 228 227 226 225 226 230 234 239 241 240 239 240 244 248 244 236 233 231 231 235 241 244 243 239 235 235
234 237 240 242 243 241 238 237 241 244 247 248 238 231 240 247 252 253 228 212 229 232 231 230 229 227 222 223 230 233 235 236 236 242 242 235 225 214 215 221 223 225 228 232 235 230 218 212 209 209 204 182 164 171 203 225 232 232 232 233 233 230 229 230 228 225 224 226 227 227 226 224 224 226 229 233 235 237 238 238 241 245 242 235 233 233 232 235 239 240 237 234 231 235
234 235 238 243 245 242 240 243 248 247 246 247 242 237 240 244 250 257 261 321 308 261 247 244 242 236 229 228 228 229 231 232 239 247 244 236 228 215 214 217 216 218 221 224 225 224 219 214 210 208 204 188 170 166 189 220 231 232 231 233 233 231 231 231 228 225 224 224 225 228 227 225 223 224 226 229 230 233 236 239 242 243 241 236 235 236 234 235 237 236 234 230 228 234
232 233 236 242 246 245 246 250 253 251 247 250 247 237 238 243 250 255 259 290 334 306 276 263 257 253 249 246 244 242 241 240 246 250 247 243 234 227 223 221 219 217 218 220 221 220 216 211 207 205 203 193 176 167 181 213 230 233 232 233 233 231 232 234 234 236 235 230 228 229 228 226 225 224 225 226 227 230 234 239 242 243 241 237 237 237 235 235 235 234 233 229 225 230
228 230 233 235 236 238 242 249 255 254 248 253 254 239 234 239 247 253 255 262 310 322 306 287 275 267 261 258 262 263 260 255 254 252 250 246 242 239 233 229 226 224 225 227 227 225 222 217 209 206 204 197 182 171 177 205 227 232 232 234 235 233 235 238 241 248 254 253 243 235 231 228 227 227 225 223 224 226 230 234 237 240 240 237 237 236 234 233 233 234 232 226 223 227
221 227 230 228 227 226 230 237 246 250 249 256 260 248 236 238 244 249 251 253 274 306 312 305 292 283 276 273 273 272 267 262 258 254 253 249 246 243 236 232 232 233 233 233 233 234 233 226 216 211 207 201 186 174 177 199 223 231 232 235 236 236 238 239 238 242 248 256 259 250 238 233 231 229 226 222 222 223 225 228 232 236 237 234 233 232 229 228 230 232 229 222 221 230
220 229 234 229 226 227 228 231 237 240 245 259 265 256 247 247 245 244 246 252 262 279 297 304 300 295 291 285 283 279 272 266 261 257 256 252 246 243 239 231 231 234 235 234 233 234 234 226 217 212 209 204 190 177 180 197 223 235 238 238 236 236 238 237 235 238 240 243 251 258 251 243 238 233 229 225 222 222 223 223 225 229 231 230 230 230 226 224 228 231 227 219 221 232
223 231 235 230 229 231 231 231 235 235 239 254 264 257 258 259 250 241 239 247 259 269 278 287 291 294 294 293 292 286 273 266 262 259 258 253 248 246 242 233 229 232 234 235 233 231 230 223 213 209 209 206 193 181 183 199 221 235 241 240 235 234 234 233 234 237 238 237 240 247 257 259 254 247 238 232 226 224 223 221 221 225 229 228 228 228 223 223 229 231 226 218 220 232
219 227 231 227 226 230 231 231 234 232 235 246 254 254 262 267 258 243 235 237 247 262 270 272 275 280 288 294 294 285 267 263 262 260 258 255 250 249 245 237 231 230 233 238 237 233 229 222 211 209 210 207 197 186 184 196 212 225 232 231 229 231 230 229 232 235 236 236 236 237 245 257 264 265 259 248 239 234 230 226 224 227 229 227 227 226 220 221 227 230 225 217 221 232
