windninja/windninja_output/Output_2025-08-24_0300-0350_Google earth_Fire_150m_10min/merlingen_7.5mi_point_08-24-2025_0310_150m_vel.asc
ncols	158
nrows	163
xllcorner	391686.332397
yllcorner	5160024.123721
cellsize	150.000000
NODATA_value	-32768.000000
[rows 38 to 75 of 163, columns 0 to 83 of 158]
0.52 0.52 0.54 0.54 0.53 0.52 0.52 0.52 0.52 0.53 0.53 0.51 0.51 0.51 0.51 0.51 0.50 0.50 0.50 0.49 0.49 0.48 0.47 0.46 0.45 0.42 0.38 0.35 0.44 0.56 0.57 0.55 0.58 0.60 0.64 0.55 0.42 0.46 0.54 0.54 0.53 0.55 0.56 0.58 0.62 0.62 0.59 0.56 0.55 0.61 0.66 0.60 0.56 0.62 0.67 0.63 0.58 0.63 0.70 0.78 0.83 0.76 0.59 0.42 0.40 0.60 0.92 0.99 0.73 0.53 0.53 0.61 0.62 0.51 0.37 0.41 0.39 0.28 0.45 0.60 0.49 0.43 0.51 0.65
0.53 0.53 0.53 0.53 0.53 0.52 0.52 0.53 0.53 0.53 0.52 0.51 0.51 0.52 0.52 0.51 0.50 0.50 0.50 0.50 0.49 0.48 0.48 0.47 0.46 0.43 0.40 0.41 0.47 0.53 0.54 0.53 0.53 0.56 0.56 0.46 0.38 0.47 0.56 0.56 0.56 0.57 0.59 0.59 0.60 0.63 0.61 0.55 0.53 0.62 0.69 0.62 0.54 0.59 0.69 0.64 0.55 0.59 0.68 0.74 0.76 0.75 0.70 0.54 0.43 0.58 0.93 0.96 0.69 0.56 0.61 0.64 0.59 0.44 0.38 0.48 0.44 0.22 0.34 0.59 0.54 0.45 0.49 0.63
0.53 0.53 0.53 0.53 0.53 0.52 0.52 0.54 0.54 0.52 0.52 0.51 0.51 0.52 0.52 0.51 0.50 0.50 0.50 0.50 0.50 0.49 0.48 0.48 0.47 0.45 0.43 0.44 0.45 0.50 0.54 0.53 0.50 0.50 0.47 0.38 0.37 0.46 0.54 0.58 0.59 0.61 0.62 0.59 0.58 0.62 0.62 0.55 0.52 0.60 0.72 0.68 0.56 0.57 0.66 0.65 0.55 0.54 0.63 0.70 0.69 0.70 0.78 0.72 0.53 0.60 0.91 0.92 0.70 0.66 0.66 0.60 0.53 0.39 0.40 0.56 0.45 0.18 0.26 0.50 0.56 0.52 0.56 0.67
0.54 0.53 0.53 0.53 0.53 0.53 0.53 0.54 0.54 0.52 0.51 0.52 0.52 0.52 0.52 0.51 0.51 0.51 0.51 0.50 0.50 0.49 0.48 0.48 0.48 0.46 0.45 0.45 0.44 0.49 0.54 0.52 0.47 0.45 0.38 0.35 0.38 0.44 0.51 0.58 0.62 0.65 0.63 0.59 0.59 0.62 0.61 0.56 0.51 0.57 0.73 0.74 0.59 0.53 0.60 0.64 0.56 0.51 0.58 0.65 0.63 0.61 0.73 0.82 0.69 0.66 0.85 0.89 0.77 0.70 0.61 0.56 0.53 0.39 0.45 0.59 0.40 0.16 0.22 0.40 0.51 0.53 0.62 0.72
0.54 0.54 0.53 0.53 0.53 0.54 0.54 0.54 0.54 0.52 0.51 0.52 0.52 0.52 0.52 0.51 0.51 0.51 0.51 0.51 0.50 0.49 0.48 0.49 0.49 0.47 0.46 0.46 0.45 0.49 0.52 0.50 0.45 0.40 0.35 0.33 0.38 0.47 0.53 0.58 0.62 0.64 0.62 0.63 0.63 0.59 0.56 0.55 0.53 0.59 0.76 0.78 0.59 0.48 0.54 0.60 0.56 0.50 0.54 0.61 0.60 0.56 0.66 0.78 0.80 0.78 0.81 0.87 0.81 0.66 0.57 0.59 0.57 0.44 0.52 0.58 0.34 0.16 0.20 0.35 0.47 0.51 0.61 0.75
0.54 0.54 0.53 0.53 0.54 0.55 0.54 0.53 0.54 0.53 0.52 0.52 0.52 0.52 0.52 0.51 0.51 0.51 0.51 0.51 0.50 0.49 0.49 0.49 0.49 0.48 0.47 0.47 0.47 0.48 0.50 0.48 0.44 0.39 0.35 0.34 0.41 0.52 0.55 0.55 0.59 0.61 0.64 0.68 0.64 0.53 0.51 0.54 0.57 0.64 0.78 0.77 0.58 0.47 0.51 0.55 0.53 0.50 0.53 0.59 0.61 0.59 0.63 0.69 0.80 0.87 0.83 0.82 0.76 0.61 0.58 0.65 0.62 0.52 0.56 0.51 0.30 0.19 0.21 0.33 0.45 0.52 0.63 0.79
0.54 0.54 0.53 0.54 0.55 0.55 0.54 0.53 0.53 0.53 0.52 0.52 0.52 0.52 0.52 0.52 0.51 0.51 0.52 0.51 0.50 0.50 0.49 0.49 0.49 0.49 0.49 0.49 0.48 0.47 0.48 0.48 0.45 0.40 0.37 0.37 0.45 0.52 0.52 0.51 0.54 0.61 0.69 0.69 0.57 0.48 0.50 0.55 0.63 0.71 0.76 0.71 0.56 0.48 0.50 0.53 0.51 0.50 0.54 0.60 0.63 0.64 0.64 0.66 0.81 0.91 0.86 0.77 0.65 0.55 0.58 0.67 0.67 0.61 0.58 0.47 0.30 0.23 0.26 0.36 0.45 0.55 0.70 0.81
0.54 0.54 0.54 0.55 0.55 0.54 0.54 0.54 0.53 0.53 0.53 0.52 0.52 0.52 0.52 0.52 0.51 0.52 0.52 0.51 0.51 0.50 0.50 0.49 0.50 0.50 0.50 0.49 0.48 0.47 0.47 0.47 0.45 0.42 0.39 0.41 0.45 0.48 0.49 0.49 0.52 0.62 0.71 0.65 0.49 0.46 0.53 0.61 0.70 0.73 0.69 0.63 0.55 0.47 0.49 0.53 0.51 0.51 0.56 0.62 0.66 0.68 0.68 0.73 0.86 0.90 0.83 0.73 0.54 0.49 0.57 0.65 0.68 0.67 0.60 0.48 0.32 0.26 0.32 0.41 0.51 0.61 0.72 0.74
0.54 0.54 0.55 0.55 0.55 0.55 0.55 0.54 0.53 0.53 0.53 0.52 0.52 0.52 0.52 0.52 0.52 0.52 0.52 0.51 0.51 0.50 0.50 0.50 0.50 0.50 0.50 0.49 0.48 0.48 0.47 0.47 0.46 0.43 0.41 0.42 0.44 0.46 0.47 0.49 0.53 0.61 0.68 0.59 0.45 0.47 0.59 0.70 0.74 0.66 0.60 0.57 0.52 0.49 0.48 0.52 0.54 0.56 0.62 0.64 0.66 0.72 0.77 0.81 0.86 0.84 0.76 0.67 0.52 0.48 0.56 0.61 0.66 0.67 0.61 0.50 0.36 0.29 0.36 0.49 0.58 0.64 0.68 0.65
0.55 0.55 0.55 0.54 0.54 0.56 0.56 0.54 0.53 0.53 0.53 0.53 0.52 0.52 0.52 0.52 0.52 0.52 0.52 0.52 0.51 0.50 0.50 0.51 0.51 0.50 0.50 0.49 0.49 0.48 0.48 0.48 0.47 0.45 0.43 0.42 0.44 0.46 0.47 0.49 0.52 0.59 0.61 0.52 0.45 0.54 0.67 0.74 0.69 0.57 0.53 0.51 0.49 0.52 0.50 0.51 0.58 0.64 0.70 0.68 0.66 0.76 0.84 0.82 0.81 0.79 0.68 0.61 0.53 0.49 0.54 0.57 0.62 0.63 0.58 0.51 0.40 0.34 0.41 0.54 0.62 0.63 0.63 0.61
0.57 0.56 0.55 0.53 0.54 0.59 0.57 0.54 0.53 0.53 0.53 0.52 0.52 0.52 0.52 0.52 0.52 0.52 0.52 0.52 0.51 0.51 0.51 0.51 0.51 0.51 0.50 0.50 0.49 0.49 0.49 0.48 0.47 0.46 0.44 0.43 0.45 0.47 0.47 0.48 0.52 0.55 0.54 0.47 0.49 0.62 0.72 0.70 0.61 0.52 0.47 0.47 0.49 0.52 0.51 0.54 0.64 0.72 0.77 0.70 0.65 0.76 0.84 0.82 0.79 0.74 0.64 0.57 0.52 0.51 0.54 0.56 0.58 0.58 0.55 0.50 0.44 0.41 0.46 0.57 0.64 0.63 0.60 0.58
0.58 0.56 0.53 0.51 0.55 0.61 0.60 0.55 0.53 0.53 0.53 0.52 0.52 0.52 0.52 0.53 0.52 0.52 0.52 0.52 0.51 0.51 0.51 0.51 0.52 0.51 0.50 0.50 0.50 0.49 0.49 0.49 0.48 0.47 0.45 0.44 0.46 0.47 0.47 0.48 0.50 0.51 0.49 0.46 0.53 0.67 0.71 0.63 0.54 0.45 0.42 0.46 0.52 0.53 0.53 0.59 0.72 0.81 0.78 0.66 0.62 0.72 0.82 0.85 0.79 0.69 0.60 0.53 0.51 0.51 0.53 0.55 0.54 0.53 0.51 0.49 0.46 0.46 0.51 0.59 0.64 0.65 0.61 0.56
0.60 0.56 0.51 0.50 0.57 0.62 0.61 0.57 0.53 0.52 0.53 0.52 0.52 0.52 0.52 0.53 0.52 0.52 0.52 0.52 0.51 0.52 0.51 0.51 0.52 0.52 0.50 0.50 0.50 0.50 0.50 0.49 0.49 0.48 0.47 0.46 0.46 0.48 0.47 0.47 0.48 0.50 0.49 0.47 0.55 0.68 0.67 0.57 0.48 0.40 0.38 0.47 0.54 0.54 0.57 0.68 0.82 0.84 0.72 0.60 0.59 0.67 0.82 0.90 0.80 0.65 0.56 0.50 0.49 0.50 0.51 0.53 0.51 0.49 0.48 0.47 0.47 0.48 0.54 0.61 0.66 0.66 0.62 0.57
0.63 0.56 0.49 0.51 0.59 0.62 0.61 0.60 0.55 0.52 0.51 0.52 0.52 0.52 0.52 0.53 0.53 0.52 0.52 0.52 0.52 0.52 0.52 0.51 0.52 0.52 0.51 0.50 0.50 0.50 0.50 0.50 0.49 0.49 0.48 0.48 0.47 0.47 0.47 0.46 0.47 0.51 0.50 0.49 0.56 0.64 0.59 0.49 0.44 0.39 0.38 0.50 0.56 0.56 0.63 0.79 0.86 0.77 0.64 0.56 0.57 0.64 0.85 0.96 0.79 0.60 0.53 0.48 0.47 0.49 0.50 0.50 0.48 0.47 0.47 0.47 0.45 0.46 0.53 0.63 0.67 0.67 0.65 0.59
0.65 0.56 0.48 0.52 0.61 0.61 0.59 0.61 0.58 0.52 0.50 0.51 0.52 0.52 0.52 0.53 0.53 0.52 0.52 0.53 0.52 0.52 0.52 0.52 0.52 0.51 0.51 0.51 0.51 0.51 0.50 0.50 0.50 0.49 0.49 0.49 0.48 0.47 0.47 0.45 0.47 0.53 0.52 0.49 0.53 0.58 0.51 0.40 0.41 0.43 0.45 0.52 0.57 0.61 0.72 0.86 0.81 0.67 0.59 0.56 0.57 0.65 0.90 0.99 0.76 0.57 0.49 0.45 0.46 0.48 0.49 0.48 0.46 0.46 0.48 0.47 0.45 0.45 0.51 0.61 0.66 0.69 0.70 0.64
0.65 0.58 0.49 0.53 0.61 0.59 0.56 0.61 0.61 0.54 0.49 0.50 0.51 0.52 0.52 0.53 0.53 0.52 0.52 0.53 0.52 0.52 0.52 0.52 0.52 0.51 0.51 0.51 0.51 0.51 0.51 0.51 0.50 0.50 0.50 0.50 0.49 0.48 0.47 0.46 0.48 0.54 0.54 0.49 0.48 0.51 0.44 0.35 0.42 0.48 0.49 0.52 0.58 0.66 0.81 0.86 0.71 0.57 0.55 0.57 0.59 0.70 0.95 0.99 0.73 0.54 0.45 0.43 0.46 0.48 0.47 0.46 0.45 0.46 0.49 0.48 0.45 0.46 0.52 0.57 0.60 0.68 0.74 0.70
0.62 0.61 0.55 0.53 0.60 0.59 0.54 0.59 0.62 0.57 0.51 0.50 0.51 0.52 0.52 0.53 0.52 0.52 0.52 0.52 0.52 0.52 0.52 0.52 0.52 0.51 0.51 0.51 0.51 0.51 0.51 0.51 0.51 0.51 0.50 0.50 0.50 0.49 0.48 0.47 0.49 0.54 0.54 0.48 0.44 0.45 0.41 0.37 0.45 0.49 0.48 0.52 0.59 0.69 0.86 0.83 0.60 0.49 0.52 0.58 0.63 0.76 0.98 0.97 0.70 0.51 0.42 0.39 0.46 0.49 0.46 0.44 0.44 0.47 0.49 0.49 0.46 0.49 0.56 0.54 0.54 0.64 0.72 0.71
0.59 0.62 0.60 0.54 0.57 0.58 0.53 0.55 0.61 0.61 0.55 0.51 0.51 0.52 0.52 0.52 0.52 0.52 0.52 0.52 0.53 0.53 0.52 0.52 0.52 0.52 0.52 0.52 0.52 0.52 0.51 0.51 0.51 0.51 0.51 0.51 0.50 0.50 0.49 0.49 0.50 0.52 0.51 0.46 0.43 0.43 0.41 0.42 0.46 0.45 0.44 0.54 0.61 0.70 0.88 0.78 0.51 0.45 0.52 0.60 0.68 0.82 0.98 0.93 0.68 0.47 0.39 0.36 0.44 0.48 0.45 0.44 0.46 0.49 0.50 0.48 0.47 0.52 0.58 0.54 0.53 0.61 0.67 0.68
0.59 0.61 0.62 0.57 0.55 0.57 0.54 0.51 0.57 0.63 0.59 0.53 0.52 0.52 0.51 0.52 0.53 0.52 0.52 0.52 0.53 0.53 0.53 0.52 0.52 0.52 0.52 0.52 0.52 0.52 0.52 0.52 0.52 0.51 0.51 0.51 0.51 0.51 0.50 0.50 0.50 0.50 0.49 0.47 0.45 0.44 0.44 0.44 0.45 0.41 0.41 0.56 0.61 0.71 0.87 0.70 0.45 0.45 0.54 0.63 0.73 0.85 0.95 0.91 0.67 0.45 0.36 0.35 0.40 0.44 0.43 0.46 0.49 0.49 0.50 0.48 0.49 0.56 0.58 0.55 0.54 0.58 0.62 0.64
0.60 0.60 0.61 0.59 0.57 0.57 0.55 0.51 0.54 0.62 0.61 0.55 0.54 0.53 0.51 0.51 0.53 0.52 0.52 0.52 0.53 0.53 0.53 0.53 0.52 0.52 0.52 0.52 0.52 0.52 0.52 0.52 0.52 0.52 0.52 0.52 0.51 0.51 0.51 0.51 0.50 0.50 0.49 0.48 0.47 0.47 0.45 0.44 0.43 0.38 0.39 0.54 0.61 0.73 0.85 0.63 0.43 0.48 0.59 0.68 0.77 0.84 0.90 0.88 0.69 0.46 0.35 0.34 0.36 0.40 0.42 0.48 0.50 0.50 0.50 0.47 0.51 0.58 0.58 0.55 0.55 0.57 0.60 0.61
0.61 0.60 0.59 0.59 0.58 0.58 0.57 0.54 0.54 0.61 0.59 0.54 0.55 0.56 0.53 0.51 0.52 0.52 0.52 0.52 0.52 0.53 0.53 0.53 0.52 0.52 0.52 0.52 0.52 0.52 0.52 0.52 0.52 0.52 0.52 0.52 0.52 0.52 0.51 0.51 0.51 0.50 0.50 0.49 0.48 0.48 0.46 0.44 0.42 0.37 0.37 0.50 0.63 0.74 0.80 0.60 0.43 0.51 0.65 0.72 0.76 0.80 0.84 0.85 0.71 0.50 0.36 0.32 0.33 0.39 0.44 0.48 0.50 0.50 0.50 0.48 0.53 0.59 0.57 0.54 0.54 0.57 0.60 0.60
0.61 0.60 0.59 0.58 0.58 0.58 0.59 0.58 0.57 0.59 0.55 0.51 0.54 0.59 0.57 0.53 0.51 0.51 0.52 0.52 0.52 0.53 0.53 0.53 0.52 0.52 0.52 0.52 0.52 0.52 0.52 0.52 0.52 0.52 0.52 0.52 0.52 0.52 0.52 0.51 0.51 0.51 0.50 0.50 0.49 0.48 0.47 0.45 0.42 0.39 0.37 0.47 0.64 0.74 0.74 0.58 0.46 0.57 0.70 0.73 0.73 0.76 0.80 0.80 0.71 0.54 0.38 0.29 0.31 0.42 0.46 0.47 0.50 0.51 0.50 0.50 0.56 0.58 0.54 0.52 0.52 0.56 0.60 0.59
0.60 0.60 0.58 0.58 0.58 0.58 0.59 0.60 0.60 0.58 0.54 0.49 0.51 0.59 0.59 0.56 0.52 0.51 0.52 0.52 0.52 0.53 0.53 0.53 0.52 0.52 0.52 0.52 0.53 0.53 0.53 0.53 0.53 0.53 0.53 0.52 0.52 0.52 0.52 0.52 0.51 0.51 0.51 0.50 0.50 0.49 0.48 0.46 0.44 0.41 0.40 0.47 0.62 0.71 0.68 0.56 0.52 0.64 0.71 0.70 0.69 0.70 0.73 0.76 0.70 0.57 0.40 0.27 0.32 0.44 0.47 0.47 0.51 0.52 0.49 0.51 0.57 0.55 0.51 0.50 0.50 0.54 0.58 0.58
0.59 0.59 0.58 0.58 0.58 0.59 0.60 0.62 0.62 0.59 0.54 0.50 0.51 0.55 0.58 0.58 0.56 0.53 0.52 0.51 0.51 0.53 0.53 0.52 0.52 0.52 0.53 0.53 0.53 0.53 0.53 0.53 0.53 0.53 0.53 0.53 0.53 0.52 0.52 0.52 0.52 0.52 0.51 0.51 0.50 0.49 0.49 0.48 0.46 0.44 0.41 0.45 0.58 0.66 0.61 0.54 0.59 0.69 0.70 0.68 0.65 0.65 0.67 0.70 0.67 0.58 0.42 0.28 0.35 0.46 0.47 0.49 0.52 0.52 0.50 0.52 0.55 0.52 0.49 0.49 0.50 0.52 0.56 0.56
0.58 0.58 0.58 0.58 0.58 0.60 0.61 0.63 0.62 0.60 0.56 0.51 0.51 0.52 0.53 0.58 0.59 0.56 0.53 0.51 0.51 0.52 0.52 0.51 0.51 0.52 0.53 0.53 0.53 0.53 0.53 0.53 0.53 0.53 0.53 0.53 0.53 0.53 0.53 0.52 0.52 0.52 0.52 0.51 0.51 0.50 0.50 0.49 0.48 0.46 0.43 0.45 0.56 0.61 0.55 0.54 0.66 0.71 0.68 0.65 0.62 0.62 0.64 0.64 0.63 0.57 0.41 0.33 0.41 0.47 0.48 0.51 0.54 0.52 0.49 0.50 0.51 0.49 0.48 0.48 0.49 0.51 0.54 0.56
0.58 0.58 0.58 0.59 0.59 0.60 0.62 0.64 0.63 0.60 0.58 0.54 0.50 0.50 0.51 0.54 0.58 0.59 0.56 0.53 0.52 0.51 0.51 0.51 0.51 0.53 0.54 0.54 0.53 0.53 0.53 0.53 0.53 0.53 0.53 0.53 0.53 0.53 0.53 0.53 0.52 0.52 0.52 0.52 0.51 0.51 0.51 0.50 0.49 0.48 0.46 0.46 0.54 0.57 0.50 0.54 0.68 0.71 0.67 0.64 0.61 0.60 0.60 0.58 0.59 0.53 0.39 0.38 0.46 0.48 0.48 0.52 0.56 0.51 0.47 0.47 0.47 0.47 0.46 0.46 0.49 0.50 0.53 0.58
0.58 0.58 0.58 0.59 0.60 0.61 0.62 0.63 0.63 0.61 0.60 0.57 0.51 0.49 0.50 0.52 0.56 0.58 0.58 0.56 0.53 0.51 0.51 0.51 0.50 0.52 0.54 0.54 0.52 0.53 0.53 0.53 0.53 0.53 0.53 0.53 0.53 0.53 0.53 0.53 0.53 0.53 0.52 0.52 0.52 0.52 0.51 0.51 0.50 0.50 0.49 0.48 0.52 0.55 0.49 0.51 0.68 0.72 0.68 0.65 0.58 0.53 0.52 0.55 0.58 0.51 0.42 0.43 0.47 0.47 0.49 0.53 0.57 0.51 0.44 0.43 0.46 0.45 0.43 0.44 0.48 0.50 0.54 0.60
0.57 0.58 0.59 0.61 0.61 0.61 0.61 0.62 0.63 0.61 0.61 0.61 0.53 0.48 0.49 0.51 0.53 0.55 0.57 0.58 0.56 0.52 0.52 0.51 0.50 0.52 0.55 0.53 0.53 0.53 0.53 0.53 0.53 0.53 0.53 0.53 0.53 0.53 0.53 0.53 0.53 0.53 0.53 0.53 0.52 0.52 0.52 0.52 0.51 0.51 0.51 0.50 0.52 0.54 0.49 0.50 0.64 0.72 0.70 0.64 0.51 0.40 0.45 0.57 0.60 0.53 0.47 0.46 0.45 0.46 0.48 0.54 0.57 0.49 0.42 0.41 0.43 0.42 0.38 0.42 0.47 0.50 0.56 0.64
0.53 0.57 0.62 0.62 0.62 0.62 0.60 0.61 0.63 0.62 0.63 0.62 0.55 0.49 0.49 0.51 0.51 0.52 0.54 0.58 0.57 0.54 0.53 0.53 0.51 0.52 0.54 0.53 0.53 0.54 0.53 0.53 0.53 0.53 0.53 0.53 0.53 0.53 0.53 0.53 0.53 0.53 0.53 0.53 0.53 0.53 0.52 0.52 0.52 0.52 0.52 0.52 0.52 0.53 0.51 0.52 0.61 0.69 0.70 0.62 0.44 0.33 0.45 0.59 0.61 0.57 0.50 0.45 0.44 0.46 0.47 0.53 0.56 0.48 0.41 0.39 0.40 0.38 0.34 0.39 0.46 0.52 0.61 0.74
0.45 0.54 0.63 0.64 0.65 0.65 0.59 0.58 0.63 0.66 0.65 0.61 0.55 0.52 0.49 0.49 0.51 0.51 0.52 0.56 0.56 0.54 0.55 0.55 0.52 0.52 0.53 0.53 0.53 0.54 0.53 0.53 0.53 0.53 0.53 0.53 0.53 0.53 0.54 0.53 0.53 0.53 0.53 0.53 0.53 0.53 0.53 0.53 0.53 0.53 0.53 0.53 0.53 0.53 0.53 0.54 0.58 0.62 0.65 0.60 0.42 0.35 0.47 0.58 0.61 0.57 0.51 0.45 0.45 0.46 0.47 0.52 0.54 0.47 0.41 0.38 0.36 0.33 0.31 0.37 0.47 0.59 0.74 0.82
0.40 0.51 0.62 0.65 0.70 0.69 0.56 0.53 0.63 0.70 0.66 0.59 0.56 0.53 0.49 0.48 0.51 0.52 0.52 0.54 0.53 0.53 0.55 0.56 0.54 0.52 0.53 0.54 0.54 0.54 0.53 0.53 0.53 0.53 0.53 0.53 0.54 0.54 0.54 0.54 0.54 0.54 0.54 0.53 0.53 0.53 0.53 0.53 0.53 0.53 0.53 0.53 0.54 0.54 0.54 0.55 0.56 0.57 0.59 0.57 0.45 0.41 0.50 0.57 0.58 0.55 0.50 0.48 0.47 0.47 0.46 0.51 0.54 0.47 0.39 0.36 0.34 0.29 0.29 0.39 0.51 0.66 0.81 0.82
0.44 0.50 0.60 0.65 0.71 0.71 0.55 0.49 0.64 0.74 0.67 0.58 0.56 0.53 0.50 0.49 0.51 0.53 0.52 0.51 0.51 0.52 0.55 0.56 0.53 0.50 0.55 0.58 0.56 0.55 0.54 0.53 0.53 0.53 0.53 0.53 0.54 0.54 0.54 0.54 0.54 0.54 0.54 0.54 0.54 0.54 0.54 0.54 0.54 0.54 0.54 0.54 0.54 0.54 0.55 0.55 0.55 0.55 0.56 0.55 0.49 0.47 0.52 0.56 0.54 0.50 0.50 0.49 0.48 0.46 0.45 0.51 0.54 0.45 0.37 0.35 0.32 0.28 0.29 0.41 0.56 0.68 0.78 0.82
0.51 0.54 0.60 0.64 0.70 0.69 0.55 0.50 0.66 0.77 0.67 0.56 0.55 0.53 0.50 0.49 0.50 0.53 0.52 0.50 0.50 0.52 0.54 0.55 0.48 0.45 0.57 0.63 0.59 0.56 0.54 0.53 0.53 0.53 0.53 0.53 0.54 0.54 0.54 0.54 0.54 0.54 0.54 0.54 0.54 0.54 0.54 0.54 0.54 0.54 0.54 0.54 0.54 0.54 0.55 0.55 0.55 0.55 0.54 0.54 0.52 0.51 0.53 0.53 0.51 0.49 0.50 0.50 0.47 0.44 0.44 0.53 0.55 0.42 0.35 0.35 0.33 0.30 0.31 0.42 0.54 0.64 0.70 0.89
0.58 0.58 0.61 0.63 0.66 0.66 0.58 0.55 0.68 0.77 0.63 0.53 0.53 0.52 0.51 0.49 0.50 0.53 0.53 0.51 0.50 0.51 0.54 0.53 0.44 0.42 0.57 0.66 0.62 0.57 0.55 0.54 0.53 0.52 0.52 0.53 0.53 0.53 0.53 0.54 0.54 0.54 0.54 0.54 0.54 0.54 0.54 0.54 0.54 0.54 0.54 0.55 0.55 0.55 0.55 0.55 0.55 0.55 0.54 0.54 0.53 0.52 0.53 0.52 0.51 0.50 0.50 0.49 0.46 0.43 0.44 0.54 0.53 0.39 0.33 0.34 0.35 0.33 0.32 0.39 0.48 0.59 0.70 1.02
0.62 0.62 0.63 0.62 0.63 0.64 0.61 0.60 0.69 0.71 0.59 0.54 0.54 0.52 0.52 0.50 0.50 0.53 0.54 0.52 0.51 0.53 0.54 0.52 0.45 0.42 0.53 0.64 0.64 0.60 0.57 0.55 0.55 0.53 0.52 0.53 0.53 0.53 0.53 0.53 0.54 0.54 0.54 0.54 0.54 0.54 0.54 0.54 0.55 0.55 0.55 0.55 0.55 0.55 0.55 0.55 0.55 0.55 0.54 0.54 0.53 0.53 0.53 0.52 0.51 0.51 0.49 0.48 0.46 0.45 0.46 0.51 0.49 0.37 0.32 0.35 0.37 0.35 0.30 0.35 0.44 0.57 0.80 1.13
0.67 0.66 0.64 0.61 0.62 0.64 0.63 0.64 0.66 0.63 0.58 0.56 0.54 0.52 0.52 0.51 0.51 0.53 0.53 0.52 0.52 0.54 0.54 0.52 0.46 0.43 0.50 0.60 0.63 0.63 0.59 0.57 0.57 0.55 0.53 0.52 0.53 0.53 0.53 0.53 0.54 0.54 0.54 0.54 0.54 0.54 0.55 0.55 0.55 0.55 0.55 0.55 0.55 0.55 0.55 0.55 0.55 0.55 0.54 0.54 0.54 0.53 0.53 0.52 0.52 0.51 0.50 0.48 0.48 0.47 0.47 0.47 0.44 0.35 0.33 0.36 0.38 0.35 0.28 0.32 0.45 0.64 0.94 1.10
0.72 0.70 0.65 0.61 0.62 0.64 0.64 0.64 0.63 0.59 0.57 0.57 0.55 0.53 0.53 0.52 0.52 0.53 0.53 0.52 0.53 0.54 0.54 0.53 0.48 0.44 0.48 0.55 0.61 0.63 0.60 0.58 0.59 0.58 0.54 0.52 0.52 0.52 0.53 0.53 0.53 0.53 0.54 0.54 0.54 0.54 0.55 0.55 0.55 0.55 0.55 0.55 0.55 0.55 0.55 0.55 0.55 0.55 0.54 0.54 0.54 0.53 0.53 0.53 0.52 0.51 0.50 0.49 0.49 0.48 0.46 0.44 0.41 0.36 0.35 0.37 0.37 0.33 0.27 0.31 0.52 0.79 0.99 0.93
0.74 0.72 0.67 0.61 0.62 0.65 0.64 0.62 0.61 0.59 0.57 0.56 0.55 0.54 0.54 0.53 0.52 0.53 0.53 0.53 0.53 0.54 0.54 0.53 0.50 0.45 0.47 0.52 0.58 0.62 0.62 0.60 0.60 0.60 0.56 0.52 0.52 0.53 0.53 0.52 0.52 0.53 0.54 0.54 0.54 0.54 0.55 0.55 0.55 0.55 0.55 0.55 0.55 0.55 0.55 0.55 0.55 0.55 0.54 0.54 0.54 0.54 0.53 0.53 0.52 0.51 0.51 0.50 0.50 0.48 0.46 0.44 0.42 0.38 0.37 0.38 0.36 0.30 0.27 0.37 0.65 0.87 0.90 0.71
