windninja/windninja_output/Output_2025-08-24_0300-0350_Google earth_Fire_150m_10min/merlingen_7.5mi_point_08-24-2025_0350_150m_ang.asc
ncols	158
nrows	163
xllcorner	391686.332397
yllcorner	5160024.123721
cellsize	150.000000
NODATA_value	-32768.000000
[rows 84 to 125 of 163, columns 0 to 93 of 158]
229 223 221 228 229 228 226 226 227 224 220 218 218 220 223 223 223 223 222 220 218 216 215 213 208 206 210 213 213 215 215 215 217 220 223 226 228 227 224 222 219 216 215 214 215 215 215 216 217 217 216 215 214 215 217 220 221 221 222 222 222 222 222 222 222 222 222 222 221 221 221 220 220 220 219 217 215 211 206 197 184 183 194 207 222 228 230 231 231 232 233 233 233 232
230 233 237 239 239 238 235 234 233 229 224 220 218 220 222 223 223 224 224 223 222 219 216 213 208 206 210 214 215 215 215 215 215 217 220 222 224 227 227 225 221 218 218 219 221 223 224 226 226 225 223 222 221 219 219 220 222 222 222 222 222 222 222 222 222 222 222 222 222 221 221 221 220 220 219 218 216 212 207 198 184 180 189 207 226 229 229 230 231 232 233 234 235 234
238 241 244 246 246 244 238 234 231 228 223 220 219 220 222 223 223 226 229 229 228 225 222 216 207 203 207 213 215 215 216 216 215 213 215 216 217 220 223 224 222 220 219 220 221 224 226 228 229 229 228 227 225 223 222 222 223 223 223 223 222 222 222 222 222 222 222 222 222 222 222 221 221 220 220 219 217 214 210 201 185 176 183 206 226 231 231 232 232 232 234 235 235 232
247 249 251 249 245 238 232 226 225 225 223 221 220 219 222 224 223 227 229 230 228 224 219 207 192 193 202 208 213 215 215 217 216 214 214 215 214 216 218 219 220 218 218 219 221 224 226 228 229 230 229 228 227 226 226 226 226 226 225 224 223 222 222 222 222 222 222 222 222 222 222 222 221 221 221 220 219 217 213 206 190 173 175 202 226 231 233 235 235 237 238 238 236 230
251 250 245 238 230 224 221 221 223 226 226 221 218 216 217 219 221 224 226 225 219 210 200 190 185 188 200 208 212 214 215 216 218 218 219 219 218 217 219 219 219 217 216 217 219 222 225 227 227 227 226 226 226 226 226 227 228 229 228 226 224 222 222 222 222 222 223 223 223 223 223 222 222 222 222 221 220 219 217 212 200 180 174 213 235 235 236 237 238 241 242 240 238 236
247 242 233 228 224 220 220 222 223 225 225 219 214 214 216 217 218 221 222 219 208 194 190 190 189 192 201 208 212 214 216 217 217 218 220 222 222 222 224 225 224 221 218 217 219 221 224 226 226 225 224 222 221 220 220 222 226 230 232 229 223 221 221 222 222 223 223 223 223 223 223 223 223 223 223 222 222 221 220 217 212 203 201 246 260 256 251 247 244 246 246 242 241 242
242 237 230 229 228 225 221 220 218 218 221 217 211 213 216 215 215 217 218 213 196 187 191 196 195 195 203 209 212 215 217 218 218 218 219 221 221 222 223 225 227 226 223 221 221 222 224 226 227 226 224 221 218 217 216 219 224 227 229 226 218 218 220 221 222 223 223 223 224 224 224 224 224 224 224 224 223 223 222 222 221 220 224 250 267 269 265 258 255 256 252 244 245 247
236 231 223 221 219 217 213 210 209 214 218 216 209 208 208 207 208 210 213 208 190 187 198 202 199 199 206 211 214 216 218 219 220 220 220 221 220 219 219 221 224 225 225 225 224 224 226 228 229 228 226 224 221 217 214 216 219 220 220 218 213 214 219 221 222 223 224 224 224 224 224 224 224 224 225 225 225 225 225 225 226 228 232 244 257 264 265 262 261 261 254 248 254 257
227 221 212 209 208 204 197 193 197 206 213 212 207 206 206 205 203 201 202 201 195 194 204 207 204 205 210 214 216 218 220 221 222 221 221 221 220 219 219 219 222 224 226 227 227 227 229 231 233 234 233 230 225 219 212 212 215 217 220 219 215 214 218 221 223 223 224 224 225 225 225 225 225 225 225 226 226 226 227 228 230 232 237 247 257 263 265 266 265 261 256 259 264 265
217 212 205 204 204 200 195 191 192 201 208 204 197 195 196 199 195 192 198 205 206 200 205 209 207 210 214 216 218 220 222 225 225 223 221 221 221 221 220 219 219 222 225 227 228 229 231 232 234 235 236 234 226 220 214 214 222 226 228 226 222 217 219 222 223 224 225 225 225 225 225 226 226 226 226 227 227 228 229 230 232 234 239 248 260 266 270 271 268 262 259 262 264 265
203 203 202 202 203 202 199 194 191 198 205 202 197 194 194 198 199 199 207 217 213 206 207 211 211 214 216 218 220 222 226 229 229 224 221 221 222 222 221 219 216 216 221 224 224 225 227 228 230 230 230 228 219 217 219 223 232 235 233 231 227 222 221 223 224 225 225 225 226 226 226 226 227 227 227 228 228 229 230 231 233 235 239 245 253 261 266 267 264 260 258 258 258 258
184 193 200 203 206 205 202 197 191 198 207 209 207 208 207 214 216 224 227 224 218 218 219 221 219 219 219 219 220 222 224 225 224 222 220 222 223 223 222 220 216 212 216 219 219 218 219 220 221 221 222 222 216 216 221 225 229 233 232 231 229 225 223 225 225 226 226 226 226 227 227 227 227 228 228 229 229 230 231 232 234 236 238 242 246 251 256 257 256 255 254 253 253 253
161 181 198 202 207 208 206 202 198 208 227 229 229 229 234 241 241 245 240 223 226 233 235 236 230 224 220 220 220 218 220 222 223 224 223 224 225 225 223 222 218 213 213 217 217 215 214 214 215 217 221 223 220 218 222 226 229 232 232 232 230 227 226 227 227 227 226 227 227 228 228 228 228 228 229 229 230 231 232 233 234 236 238 240 243 246 248 249 250 250 250 249 249 249
145 166 194 203 212 216 215 212 212 220 236 242 243 239 243 247 251 252 241 228 232 239 245 247 236 222 218 219 220 221 226 229 230 229 227 227 228 228 225 223 220 215 212 217 219 218 218 219 222 225 228 228 225 222 224 227 230 232 233 234 233 230 229 229 228 228 228 228 228 228 228 228 229 229 230 230 231 231 232 233 234 236 237 239 241 242 244 245 246 246 246 246 246 246
128 146 197 215 226 227 225 224 225 228 240 252 260 262 262 262 260 255 245 236 234 237 241 238 218 209 215 220 224 230 235 236 235 233 231 230 232 232 229 225 222 217 213 217 223 226 228 231 233 233 231 229 228 226 225 227 229 230 231 232 232 233 234 233 232 230 229 229 229 229 229 229 230 230 231 231 232 232 233 234 235 236 237 238 239 240 242 242 243 243 244 244 244 244
114 126 217 237 246 247 247 246 244 244 248 254 261 269 270 267 264 257 249 240 232 230 230 225 213 211 220 225 230 235 237 239 239 237 234 231 231 232 231 227 223 219 214 215 221 224 228 231 231 230 229 228 226 225 225 226 227 228 229 228 228 230 233 235 235 233 231 230 230 230 230 230 231 231 232 232 233 233 234 234 235 236 237 238 238 239 240 241 241 242 242 242 242 242
126 143 224 244 251 254 258 260 257 253 253 254 258 265 270 267 263 260 249 235 231 231 231 227 223 224 228 231 234 238 242 244 246 244 240 236 233 232 232 228 223 219 215 212 217 222 225 227 228 227 227 226 224 224 224 224 225 227 228 225 224 225 228 231 233 234 234 232 231 232 231 232 232 233 233 233 234 234 235 235 236 236 237 237 238 238 239 240 240 240 241 241 241 241
155 175 224 242 249 253 256 258 257 255 253 252 250 250 252 252 248 243 234 229 234 238 237 234 233 234 236 237 239 243 246 250 252 253 252 248 241 237 235 230 223 219 216 211 214 221 225 226 226 225 225 224 224 224 224 224 223 224 225 224 224 224 226 228 230 230 231 232 232 233 234 235 235 234 234 235 235 235 235 236 236 236 237 237 238 238 238 239 239 239 240 240 240 240
185 200 228 241 246 251 253 253 252 251 250 248 243 235 230 229 230 227 221 226 235 237 238 238 238 239 243 245 246 248 250 251 254 256 259 258 252 246 241 235 226 220 217 212 211 216 220 221 222 222 223 224 223 223 224 223 222 223 223 223 222 222 224 227 229 229 229 230 232 235 239 240 238 237 237 237 237 237 237 237 237 237 237 238 238 238 238 238 239 239 239 239 239 239
207 214 228 237 242 246 248 249 249 249 249 246 240 231 227 228 229 227 225 233 237 236 239 241 240 241 245 249 249 250 251 251 252 254 257 259 261 257 251 244 234 225 219 213 208 210 217 219 220 221 223 224 223 221 221 221 221 222 222 222 221 220 221 224 227 228 227 228 228 232 238 243 243 242 241 241 241 240 240 239 239 238 238 238 238 238 238 238 238 238 238 238 239 239
218 221 229 235 241 245 247 249 250 251 252 250 246 245 247 248 245 241 243 248 243 237 237 239 238 239 242 244 246 249 251 252 252 253 254 257 262 265 260 251 241 230 221 214 207 207 214 219 219 221 222 222 223 222 222 221 220 221 222 223 222 221 221 223 226 227 225 224 223 226 233 238 244 248 249 249 248 246 244 242 241 240 239 239 238 238 238 238 238 238 238 238 238 239
225 226 230 236 241 245 248 248 249 251 254 256 258 260 261 262 261 257 255 251 245 240 238 237 235 235 237 240 242 246 250 252 252 251 252 255 258 259 255 249 240 229 221 214 206 202 208 213 215 217 219 219 220 221 222 222 221 221 222 223 223 223 223 225 226 227 225 222 221 224 229 232 236 241 246 250 252 252 250 250 247 244 241 240 239 239 238 238 238 238 238 238 238 239
229 229 230 234 237 241 244 245 245 247 248 248 249 251 254 258 258 256 252 245 242 242 239 233 230 231 233 235 239 244 247 250 249 246 248 253 255 252 248 244 237 227 219 212 202 195 198 206 210 213 216 217 217 219 220 221 221 222 223 223 223 223 223 224 225 226 225 222 220 223 227 229 230 231 233 239 244 247 249 252 253 249 244 241 240 239 239 239 238 238 238 238 238 239
230 229 229 232 235 237 238 237 233 232 231 230 231 235 242 248 251 250 246 241 239 241 238 228 225 228 229 229 234 241 244 245 241 237 243 251 252 246 243 242 232 221 215 208 198 188 187 196 204 210 216 218 218 218 219 219 220 221 222 223 224 224 223 223 224 224 225 223 220 221 225 228 229 230 231 235 237 237 238 243 249 251 248 244 242 240 239 239 239 239 239 239 239 239
230 229 228 230 230 228 225 222 219 222 227 230 232 234 238 241 242 241 238 237 237 239 237 226 221 224 225 222 228 238 241 240 233 228 241 249 247 238 235 233 222 214 211 202 194 186 178 183 195 205 212 217 218 219 219 219 219 220 220 220 222 224 224 223 224 224 224 223 220 219 222 227 229 231 231 232 234 235 236 239 243 246 250 248 244 242 241 240 240 240 240 239 239 239
231 229 227 225 222 220 220 220 222 228 233 235 234 234 236 238 235 229 227 231 236 240 237 227 218 219 221 220 226 237 237 233 228 225 241 248 241 232 226 224 217 215 211 198 190 184 174 172 184 197 206 212 215 217 218 219 219 220 219 218 219 222 223 222 225 227 225 224 221 218 220 226 229 229 230 231 232 234 236 239 241 242 245 248 247 245 243 242 241 241 241 241 241 241
230 228 225 224 224 226 229 232 234 235 236 236 233 232 235 237 232 218 217 225 235 242 239 227 218 215 217 217 224 233 234 230 225 226 239 245 236 227 222 217 211 212 212 197 183 179 174 166 172 188 199 206 212 215 217 217 218 220 221 218 218 221 223 222 223 226 227 225 222 219 218 223 227 228 230 232 234 235 236 238 241 243 244 245 248 248 247 245 244 243 244 244 244 243
228 228 228 230 232 234 236 237 236 235 235 237 236 232 233 235 227 208 209 220 231 240 239 225 217 215 211 209 216 225 231 230 224 225 234 236 229 223 218 210 204 208 212 201 180 173 170 162 162 176 190 200 208 214 216 215 216 220 222 220 218 221 223 221 221 223 225 225 223 220 218 222 227 228 229 232 233 234 235 238 240 243 243 242 243 246 248 249 248 248 248 249 248 247
232 232 233 234 234 234 233 232 233 231 230 232 233 228 230 233 226 202 202 212 221 231 236 223 215 218 213 207 210 218 225 228 224 225 233 233 227 223 216 209 206 211 215 209 188 175 169 159 153 161 178 191 202 211 215 214 214 218 221 220 218 219 221 221 220 220 222 222 222 221 221 224 228 229 229 231 232 231 232 235 238 242 242 241 240 240 244 248 251 253 254 254 251 248
235 235 234 235 235 234 232 230 228 225 223 227 228 224 227 232 224 196 191 201 211 224 232 227 216 222 220 215 212 213 219 224 227 231 239 239 233 226 217 212 211 211 214 212 197 180 172 162 152 151 162 179 194 206 213 214 212 215 219 219 217 216 219 221 219 219 220 220 220 218 218 222 225 226 228 230 231 230 230 231 235 239 241 241 240 238 239 243 245 248 253 253 249 246
234 233 233 233 232 231 231 229 225 223 222 224 223 220 224 231 221 188 178 191 203 216 225 227 220 219 218 218 217 212 213 221 228 235 243 244 236 228 219 210 205 203 205 208 199 182 174 170 164 155 153 163 182 199 210 212 212 213 217 219 217 215 216 220 218 217 218 219 219 217 216 219 224 225 226 229 231 231 230 230 234 236 235 235 235 232 233 236 237 241 246 245 242 242
231 230 230 229 228 227 226 227 226 224 223 222 218 215 221 229 221 187 174 185 198 208 214 217 219 216 214 213 216 212 206 214 224 234 240 236 227 221 216 207 198 197 201 205 201 187 178 177 174 164 156 155 167 189 206 212 213 212 215 218 217 214 215 219 218 215 216 218 219 218 217 219 224 227 227 228 229 231 230 230 233 236 232 230 230 226 226 230 233 240 242 239 236 236
227 228 228 228 227 226 224 223 223 224 224 220 213 211 219 229 224 193 175 180 193 199 201 208 214 216 213 212 218 211 198 203 216 228 235 229 217 209 207 201 193 195 201 206 204 194 186 180 176 171 162 156 160 178 199 211 213 212 213 217 216 214 215 218 218 215 215 217 218 218 217 218 221 225 228 230 230 231 231 231 235 238 234 228 227 224 222 226 232 238 239 235 231 229
226 228 229 229 229 227 222 218 219 221 224 219 208 205 217 229 229 199 173 171 181 189 192 198 206 210 210 211 216 212 199 199 208 219 221 214 204 199 198 196 193 196 201 205 206 199 187 179 175 174 170 163 161 170 190 207 212 212 213 216 215 213 214 217 217 214 214 216 217 217 216 215 217 221 225 228 229 230 231 231 235 239 235 227 226 223 221 225 231 235 234 231 227 227
228 228 229 230 229 226 219 216 217 219 223 221 206 201 214 227 231 207 169 159 165 179 186 192 197 203 201 201 207 210 206 199 199 209 214 211 203 195 193 193 195 198 201 205 207 200 188 181 178 178 177 170 164 167 182 202 211 212 212 214 215 212 212 214 214 212 212 214 215 216 215 214 214 217 221 224 225 227 229 229 232 236 233 227 225 224 222 225 230 231 229 226 224 227
229 228 228 231 229 224 220 219 221 221 223 223 207 200 211 224 230 221 177 152 149 166 182 190 194 196 195 196 203 206 203 196 196 207 217 218 212 200 197 198 199 200 201 202 201 198 192 186 182 182 181 175 168 166 177 197 209 212 212 214 214 211 212 214 213 212 211 212 215 216 216 214 213 214 218 221 223 224 227 230 233 235 232 227 225 225 224 225 228 228 226 223 222 227
228 226 226 229 231 227 226 226 227 223 223 226 212 199 207 220 229 228 202 162 141 146 169 186 194 197 198 201 203 202 203 201 205 217 224 225 219 211 207 207 207 204 203 202 202 200 196 190 186 185 184 180 172 168 174 192 207 212 212 213 214 211 213 217 220 223 222 217 216 218 217 214 213 213 215 218 220 222 226 230 234 235 233 228 227 226 224 224 226 226 225 222 219 224
226 224 221 221 222 222 224 228 231 225 221 228 218 196 200 213 226 230 219 194 156 129 134 175 196 199 201 204 208 209 212 218 222 225 229 228 225 223 218 215 215 212 212 211 211 208 204 199 194 191 188 184 176 172 175 188 205 211 212 214 215 216 220 227 232 240 244 237 224 221 218 216 215 214 213 214 217 220 223 227 230 232 231 227 226 224 222 222 224 226 224 220 217 221
219 218 215 212 212 212 214 220 226 225 221 230 224 194 193 207 224 231 228 217 198 150 107 94 195 206 204 208 214 216 217 225 228 228 233 232 229 229 222 216 218 221 222 221 219 217 215 209 201 197 193 188 180 175 176 185 201 210 212 216 221 224 229 231 229 231 236 239 235 228 223 219 217 215 212 211 213 216 219 221 225 228 227 223 222 221 219 218 221 224 221 215 215 222
216 217 215 210 209 210 212 215 221 222 222 234 232 199 193 207 222 230 231 231 225 211 175 56 26 9 231 223 221 216 214 226 232 232 236 234 229 229 225 215 214 220 224 224 221 219 216 209 202 199 196 191 183 177 178 185 202 216 220 223 226 228 228 225 222 224 226 228 230 232 229 226 222 218 214 210 209 212 214 216 219 222 223 220 220 220 217 216 220 223 220 213 214 224
218 218 217 212 210 212 212 214 219 219 221 233 236 212 201 210 222 226 228 232 236 232 213 196 187 57 57 163 196 200 209 227 233 233 237 237 231 230 229 218 212 216 222 226 223 219 214 207 199 197 196 194 187 180 181 189 204 220 228 228 224 223 220 218 218 221 223 225 227 228 234 240 236 228 220 214 208 209 211 211 213 218 221 220 220 220 216 216 222 224 219 211 212 222
213 215 214 209 207 210 212 213 216 215 218 230 236 225 216 219 222 221 220 223 229 235 225 206 192 177 162 169 180 191 206 227 235 235 237 239 233 231 231 223 215 213 219 227 227 222 215 206 198 196 198 197 191 184 183 190 201 213 219 217 214 215 214 213 216 220 222 224 225 226 229 241 249 248 238 224 214 210 212 212 213 219 222 221 220 219 214 215 220 222 216 208 211 222
