windninja/windninja_output/Output_2025-08-24_0300-0350_Google earth_Fire_150m_10min/merlingen_7.5mi_point_08-24-2025_0320_150m_vel.asc
ncols	158
nrows	163
xllcorner	391686.332397
yllcorner	5160024.123721
cellsize	150.000000
NODATA_value	-32768.000000
[rows 114 to 151 of 163, columns 0 to 83 of 158]
0.72 0.70 0.68 0.67 0.68 0.67 0.63 0.61 0.62 0.64 0.66 0.73 0.75 0.70 0.74 0.75 0.52 0.33 0.37 0.52 0.73 1.03 1.13 0.83 0.64 0.63 0.61 0.53 0.47 0.47 0.67 1.01 1.14 1.08 0.95 0.77 0.64 0.58 0.49 0.42 0.41 0.42 0.44 0.42 0.29 0.19 0.16 0.14 0.11 0.09 0.09 0.12 0.21 0.36 0.49 0.55 0.55 0.58 0.67 0.75 0.73 0.70 0.74 0.80 0.77 0.76 0.82 0.87 0.87 0.81 0.73 0.71 0.71 0.70 0.76 0.85 0.84 0.78 0.74 0.79 0.88 0.84 0.68 0.60
0.68 0.71 0.73 0.71 0.69 0.69 0.68 0.64 0.60 0.60 0.62 0.66 0.68 0.72 0.81 0.82 0.55 0.30 0.30 0.37 0.54 0.82 1.07 1.08 0.92 0.75 0.68 0.66 0.66 0.52 0.54 0.85 1.16 1.22 1.01 0.75 0.59 0.55 0.51 0.45 0.43 0.46 0.48 0.47 0.38 0.27 0.21 0.19 0.17 0.13 0.11 0.12 0.16 0.27 0.43 0.53 0.54 0.54 0.61 0.70 0.72 0.70 0.72 0.79 0.79 0.74 0.78 0.84 0.87 0.85 0.81 0.79 0.79 0.73 0.69 0.79 0.88 0.85 0.75 0.75 0.87 0.89 0.76 0.67
0.63 0.69 0.73 0.72 0.70 0.67 0.67 0.68 0.66 0.63 0.63 0.59 0.58 0.66 0.83 0.88 0.60 0.30 0.26 0.30 0.45 0.66 0.86 1.06 1.10 0.94 0.76 0.73 0.76 0.60 0.54 0.75 1.09 1.29 1.09 0.76 0.58 0.53 0.54 0.50 0.47 0.48 0.50 0.52 0.46 0.33 0.25 0.21 0.20 0.18 0.16 0.15 0.16 0.21 0.36 0.49 0.54 0.53 0.56 0.64 0.69 0.69 0.71 0.76 0.78 0.74 0.76 0.81 0.85 0.86 0.85 0.85 0.89 0.88 0.75 0.72 0.81 0.89 0.82 0.74 0.82 0.88 0.77 0.70
0.59 0.65 0.71 0.71 0.70 0.66 0.63 0.66 0.71 0.73 0.69 0.56 0.48 0.55 0.78 0.94 0.68 0.30 0.24 0.27 0.40 0.55 0.65 0.82 1.03 1.10 0.98 0.87 0.90 0.68 0.52 0.59 0.87 1.22 1.19 0.85 0.64 0.57 0.59 0.59 0.56 0.54 0.54 0.55 0.52 0.40 0.31 0.27 0.25 0.24 0.22 0.20 0.19 0.21 0.30 0.45 0.53 0.53 0.54 0.59 0.63 0.65 0.70 0.76 0.77 0.74 0.75 0.80 0.83 0.86 0.86 0.87 0.93 1.00 0.97 0.82 0.76 0.84 0.89 0.82 0.83 0.87 0.75 0.67
0.57 0.61 0.68 0.71 0.69 0.65 0.59 0.60 0.66 0.73 0.76 0.61 0.42 0.45 0.68 0.96 0.83 0.35 0.20 0.20 0.24 0.35 0.46 0.55 0.70 0.93 1.01 1.01 1.07 0.98 0.72 0.59 0.70 1.02 1.19 1.17 1.01 0.81 0.76 0.73 0.69 0.65 0.62 0.59 0.56 0.48 0.39 0.35 0.31 0.29 0.27 0.24 0.22 0.22 0.27 0.40 0.51 0.54 0.54 0.57 0.59 0.59 0.65 0.74 0.78 0.77 0.77 0.81 0.83 0.84 0.84 0.85 0.90 1.00 1.10 1.05 0.88 0.83 0.88 0.89 0.91 0.90 0.77 0.65
0.57 0.59 0.66 0.71 0.67 0.62 0.58 0.57 0.60 0.63 0.74 0.68 0.42 0.39 0.57 0.88 0.94 0.53 0.18 0.12 0.10 0.16 0.28 0.37 0.46 0.56 0.66 0.74 0.92 1.02 0.93 0.78 0.74 0.88 1.06 1.23 1.24 1.10 1.01 0.98 0.93 0.83 0.75 0.69 0.65 0.59 0.48 0.39 0.35 0.32 0.30 0.26 0.24 0.24 0.25 0.35 0.48 0.53 0.54 0.56 0.58 0.56 0.57 0.65 0.71 0.74 0.76 0.79 0.84 0.85 0.82 0.80 0.83 0.92 1.06 1.16 1.10 0.96 0.91 0.91 0.93 0.93 0.81 0.68
0.56 0.58 0.64 0.72 0.68 0.58 0.57 0.57 0.57 0.56 0.63 0.69 0.46 0.37 0.50 0.77 0.95 0.74 0.31 0.10 0.05 0.04 0.14 0.25 0.34 0.39 0.43 0.48 0.58 0.69 0.79 0.77 0.73 0.82 0.93 1.05 1.14 1.12 1.02 1.02 1.08 1.06 0.97 0.88 0.81 0.74 0.63 0.52 0.44 0.38 0.34 0.30 0.27 0.25 0.26 0.32 0.44 0.51 0.52 0.55 0.57 0.55 0.55 0.57 0.56 0.59 0.60 0.61 0.72 0.82 0.82 0.77 0.76 0.81 0.93 1.11 1.21 1.16 1.05 0.98 0.95 0.93 0.83 0.72
0.54 0.56 0.63 0.74 0.77 0.68 0.66 0.66 0.61 0.51 0.55 0.68 0.50 0.33 0.45 0.70 0.94 0.85 0.49 0.21 0.05 0.03 0.09 0.17 0.26 0.31 0.35 0.40 0.47 0.55 0.60 0.67 0.72 0.77 0.88 0.94 0.92 0.97 0.85 0.78 0.93 1.06 1.07 0.94 0.85 0.79 0.72 0.63 0.53 0.46 0.39 0.33 0.30 0.28 0.28 0.31 0.42 0.49 0.51 0.53 0.55 0.53 0.53 0.55 0.53 0.54 0.52 0.41 0.45 0.65 0.75 0.75 0.73 0.72 0.78 0.93 1.14 1.27 1.25 1.15 1.05 0.98 0.87 0.76
0.50 0.54 0.60 0.67 0.78 0.82 0.84 0.86 0.79 0.57 0.52 0.68 0.52 0.26 0.32 0.54 0.87 0.94 0.62 0.36 0.17 0.08 0.12 0.17 0.24 0.27 0.28 0.35 0.47 0.55 0.54 0.62 0.71 0.71 0.82 0.87 0.81 0.90 0.79 0.61 0.65 0.83 1.03 0.99 0.82 0.72 0.66 0.58 0.52 0.48 0.42 0.36 0.32 0.30 0.29 0.31 0.41 0.49 0.50 0.53 0.53 0.51 0.51 0.54 0.56 0.63 0.62 0.45 0.33 0.39 0.56 0.66 0.69 0.68 0.67 0.73 0.92 1.16 1.32 1.34 1.26 1.13 0.95 0.84
0.45 0.49 0.52 0.53 0.61 0.71 0.80 0.90 0.96 0.81 0.64 0.73 0.55 0.23 0.21 0.36 0.68 0.96 0.82 0.53 0.34 0.21 0.15 0.18 0.24 0.25 0.26 0.34 0.49 0.53 0.46 0.54 0.65 0.65 0.75 0.83 0.75 0.84 0.85 0.61 0.51 0.64 0.92 1.07 0.92 0.74 0.64 0.53 0.49 0.48 0.45 0.40 0.34 0.31 0.30 0.29 0.35 0.45 0.47 0.49 0.52 0.52 0.53 0.54 0.56 0.66 0.73 0.65 0.44 0.31 0.36 0.49 0.57 0.62 0.61 0.59 0.68 0.88 1.13 1.32 1.41 1.36 1.16 0.96
0.44 0.47 0.49 0.47 0.50 0.59 0.66 0.77 0.93 0.93 0.88 0.86 0.54 0.24 0.19 0.26 0.47 0.80 0.95 0.77 0.52 0.35 0.23 0.21 0.23 0.23 0.25 0.36 0.50 0.44 0.37 0.50 0.61 0.60 0.69 0.80 0.72 0.73 0.83 0.67 0.50 0.51 0.71 1.02 1.08 0.88 0.70 0.57 0.50 0.50 0.50 0.46 0.40 0.35 0.33 0.32 0.36 0.45 0.47 0.44 0.48 0.55 0.56 0.56 0.58 0.63 0.71 0.76 0.68 0.43 0.32 0.38 0.43 0.46 0.50 0.49 0.50 0.62 0.83 1.04 1.26 1.44 1.40 1.16
0.44 0.49 0.51 0.47 0.49 0.56 0.61 0.68 0.82 0.89 0.97 1.04 0.72 0.32 0.22 0.23 0.33 0.52 0.79 0.92 0.84 0.57 0.37 0.28 0.26 0.26 0.29 0.40 0.42 0.31 0.29 0.48 0.61 0.57 0.62 0.76 0.70 0.64 0.75 0.70 0.52 0.44 0.52 0.82 1.07 1.01 0.81 0.62 0.52 0.50 0.50 0.48 0.44 0.40 0.37 0.38 0.44 0.53 0.58 0.51 0.49 0.56 0.58 0.59 0.61 0.65 0.67 0.73 0.78 0.68 0.48 0.41 0.41 0.36 0.35 0.36 0.36 0.41 0.54 0.70 0.86 1.18 1.44 1.38
0.41 0.47 0.50 0.46 0.47 0.53 0.58 0.62 0.71 0.79 0.92 1.14 1.02 0.53 0.36 0.28 0.27 0.35 0.51 0.75 0.87 0.82 0.53 0.38 0.39 0.40 0.38 0.37 0.30 0.21 0.24 0.45 0.63 0.57 0.56 0.71 0.71 0.60 0.62 0.64 0.54 0.41 0.41 0.62 0.95 1.05 0.89 0.71 0.59 0.53 0.51 0.48 0.45 0.42 0.39 0.39 0.44 0.54 0.62 0.60 0.56 0.57 0.58 0.58 0.61 0.66 0.67 0.70 0.76 0.79 0.72 0.62 0.52 0.41 0.33 0.28 0.26 0.28 0.34 0.46 0.58 0.82 1.18 1.38
0.39 0.45 0.49 0.44 0.44 0.50 0.57 0.61 0.62 0.68 0.81 1.07 1.18 0.94 0.66 0.41 0.28 0.33 0.43 0.55 0.71 0.82 0.75 0.61 0.58 0.54 0.44 0.34 0.25 0.18 0.19 0.40 0.63 0.64 0.59 0.66 0.69 0.61 0.54 0.55 0.52 0.39 0.34 0.44 0.76 1.00 0.92 0.74 0.62 0.55 0.52 0.49 0.44 0.42 0.40 0.38 0.40 0.49 0.58 0.59 0.57 0.57 0.57 0.57 0.60 0.64 0.66 0.68 0.72 0.76 0.80 0.79 0.68 0.54 0.42 0.33 0.24 0.22 0.26 0.32 0.43 0.62 0.84 1.10
0.39 0.44 0.48 0.44 0.41 0.44 0.52 0.58 0.59 0.60 0.67 0.87 1.11 1.20 1.05 0.63 0.39 0.39 0.44 0.51 0.55 0.66 0.77 0.73 0.68 0.65 0.52 0.36 0.24 0.16 0.15 0.29 0.55 0.68 0.72 0.71 0.68 0.61 0.52 0.50 0.48 0.40 0.31 0.31 0.55 0.89 0.94 0.74 0.63 0.56 0.52 0.49 0.46 0.44 0.42 0.40 0.41 0.46 0.54 0.56 0.56 0.57 0.58 0.58 0.61 0.64 0.66 0.67 0.70 0.72 0.77 0.85 0.81 0.66 0.53 0.44 0.30 0.23 0.23 0.24 0.29 0.42 0.61 0.81
0.38 0.42 0.46 0.41 0.36 0.37 0.42 0.49 0.52 0.52 0.54 0.64 0.82 1.05 1.18 1.08 0.71 0.51 0.49 0.49 0.41 0.43 0.64 0.75 0.75 0.71 0.58 0.41 0.28 0.18 0.13 0.20 0.38 0.57 0.74 0.85 0.79 0.62 0.52 0.50 0.46 0.41 0.33 0.27 0.36 0.69 0.89 0.81 0.69 0.62 0.56 0.51 0.47 0.45 0.43 0.41 0.42 0.47 0.53 0.55 0.55 0.57 0.58 0.59 0.61 0.64 0.65 0.66 0.69 0.71 0.75 0.84 0.90 0.82 0.66 0.56 0.43 0.28 0.24 0.26 0.26 0.26 0.35 0.53
0.38 0.42 0.47 0.43 0.37 0.38 0.41 0.42 0.42 0.42 0.41 0.43 0.50 0.64 0.87 1.08 0.99 0.77 0.60 0.45 0.33 0.32 0.47 0.70 0.83 0.77 0.60 0.47 0.38 0.26 0.17 0.15 0.22 0.39 0.57 0.82 0.94 0.78 0.58 0.52 0.48 0.43 0.38 0.30 0.28 0.44 0.72 0.80 0.75 0.67 0.59 0.54 0.47 0.44 0.42 0.40 0.42 0.47 0.53 0.55 0.55 0.55 0.57 0.59 0.61 0.63 0.65 0.65 0.67 0.70 0.75 0.82 0.90 0.93 0.85 0.72 0.57 0.38 0.29 0.29 0.28 0.26 0.24 0.26
0.40 0.43 0.49 0.48 0.41 0.42 0.47 0.47 0.43 0.36 0.31 0.31 0.34 0.43 0.56 0.75 0.97 0.93 0.67 0.40 0.30 0.28 0.34 0.52 0.81 0.86 0.61 0.50 0.46 0.36 0.25 0.17 0.15 0.25 0.40 0.62 0.89 0.96 0.79 0.63 0.56 0.49 0.45 0.38 0.29 0.29 0.46 0.64 0.72 0.67 0.57 0.53 0.49 0.45 0.42 0.39 0.39 0.45 0.51 0.54 0.54 0.53 0.53 0.57 0.59 0.62 0.64 0.64 0.65 0.68 0.74 0.80 0.86 0.93 0.94 0.90 0.75 0.51 0.39 0.37 0.32 0.27 0.23 0.21
0.40 0.41 0.45 0.49 0.46 0.44 0.47 0.54 0.58 0.46 0.32 0.28 0.29 0.36 0.47 0.59 0.88 0.99 0.68 0.39 0.29 0.25 0.27 0.36 0.64 0.89 0.77 0.53 0.46 0.38 0.29 0.21 0.13 0.15 0.29 0.44 0.65 0.88 0.94 0.86 0.74 0.62 0.56 0.49 0.37 0.26 0.28 0.43 0.61 0.64 0.55 0.51 0.49 0.46 0.43 0.41 0.40 0.44 0.49 0.52 0.53 0.53 0.50 0.53 0.57 0.59 0.62 0.62 0.62 0.65 0.71 0.78 0.83 0.91 0.96 0.96 0.90 0.66 0.51 0.52 0.45 0.29 0.21 0.19
0.40 0.40 0.41 0.46 0.49 0.45 0.42 0.48 0.63 0.67 0.49 0.35 0.33 0.37 0.44 0.56 0.83 0.95 0.84 0.56 0.33 0.24 0.24 0.30 0.48 0.81 0.89 0.66 0.47 0.38 0.30 0.24 0.14 0.10 0.19 0.33 0.47 0.65 0.80 0.90 0.87 0.74 0.66 0.62 0.52 0.39 0.30 0.34 0.49 0.57 0.52 0.48 0.47 0.45 0.44 0.42 0.42 0.45 0.50 0.54 0.56 0.57 0.54 0.54 0.57 0.58 0.60 0.60 0.58 0.60 0.67 0.73 0.78 0.88 0.98 1.02 0.97 0.75 0.56 0.59 0.58 0.39 0.20 0.17
0.43 0.43 0.42 0.44 0.50 0.48 0.41 0.39 0.48 0.66 0.68 0.54 0.50 0.50 0.52 0.64 0.76 0.84 0.85 0.77 0.56 0.29 0.23 0.27 0.35 0.60 0.88 0.89 0.65 0.45 0.35 0.29 0.20 0.12 0.13 0.22 0.36 0.48 0.62 0.78 0.85 0.79 0.71 0.68 0.61 0.53 0.43 0.38 0.45 0.53 0.52 0.48 0.45 0.44 0.43 0.42 0.43 0.46 0.49 0.53 0.56 0.58 0.57 0.56 0.58 0.60 0.60 0.60 0.56 0.53 0.59 0.67 0.72 0.79 0.95 1.09 1.10 0.85 0.58 0.56 0.61 0.51 0.31 0.19
0.43 0.46 0.46 0.45 0.50 0.50 0.46 0.40 0.38 0.47 0.61 0.62 0.58 0.62 0.72 0.72 0.66 0.68 0.70 0.76 0.70 0.46 0.29 0.24 0.25 0.38 0.67 0.92 0.88 0.63 0.45 0.38 0.31 0.19 0.13 0.15 0.24 0.36 0.52 0.69 0.76 0.76 0.72 0.66 0.63 0.60 0.52 0.44 0.46 0.52 0.52 0.49 0.46 0.44 0.42 0.41 0.43 0.46 0.48 0.50 0.54 0.56 0.57 0.57 0.59 0.62 0.62 0.63 0.61 0.50 0.46 0.55 0.65 0.71 0.86 1.08 1.20 1.08 0.72 0.59 0.58 0.53 0.42 0.30
0.39 0.46 0.50 0.46 0.48 0.49 0.47 0.44 0.40 0.39 0.45 0.49 0.50 0.63 0.86 0.75 0.55 0.56 0.58 0.64 0.67 0.54 0.37 0.27 0.20 0.25 0.45 0.74 0.90 0.81 0.60 0.48 0.42 0.33 0.20 0.14 0.15 0.26 0.47 0.64 0.65 0.68 0.71 0.63 0.60 0.60 0.54 0.46 0.45 0.49 0.50 0.48 0.46 0.44 0.42 0.40 0.42 0.46 0.48 0.51 0.54 0.56 0.57 0.58 0.60 0.63 0.64 0.66 0.69 0.58 0.41 0.38 0.47 0.57 0.72 0.98 1.20 1.25 1.05 0.76 0.60 0.51 0.46 0.41
0.32 0.39 0.49 0.48 0.46 0.44 0.42 0.43 0.44 0.43 0.42 0.44 0.43 0.64 0.90 0.74 0.55 0.50 0.49 0.56 0.60 0.51 0.40 0.33 0.22 0.18 0.30 0.55 0.78 0.84 0.71 0.56 0.48 0.41 0.31 0.18 0.12 0.17 0.44 0.63 0.58 0.58 0.64 0.61 0.57 0.57 0.53 0.46 0.44 0.46 0.47 0.46 0.45 0.43 0.42 0.40 0.41 0.45 0.48 0.50 0.54 0.56 0.57 0.58 0.60 0.63 0.65 0.66 0.72 0.71 0.52 0.35 0.31 0.32 0.41 0.69 1.03 1.24 1.28 1.14 0.81 0.56 0.49 0.46
0.29 0.31 0.40 0.49 0.51 0.45 0.37 0.36 0.39 0.45 0.48 0.47 0.47 0.71 0.87 0.75 0.63 0.56 0.48 0.52 0.56 0.47 0.39 0.33 0.24 0.17 0.21 0.41 0.62 0.75 0.78 0.71 0.55 0.45 0.39 0.26 0.13 0.14 0.37 0.60 0.57 0.51 0.55 0.56 0.54 0.56 0.53 0.47 0.44 0.45 0.46 0.46 0.44 0.43 0.41 0.40 0.41 0.45 0.47 0.49 0.51 0.55 0.57 0.58 0.60 0.62 0.65 0.68 0.72 0.77 0.69 0.47 0.32 0.26 0.23 0.33 0.69 1.00 1.19 1.30 1.16 0.75 0.60 0.51
0.35 0.32 0.32 0.42 0.54 0.54 0.43 0.35 0.34 0.38 0.45 0.51 0.60 0.77 0.77 0.67 0.67 0.66 0.62 0.60 0.58 0.49 0.39 0.32 0.25 0.19 0.18 0.30 0.46 0.56 0.68 0.78 0.73 0.56 0.46 0.33 0.19 0.16 0.31 0.54 0.56 0.49 0.50 0.50 0.50 0.53 0.53 0.48 0.46 0.45 0.45 0.45 0.45 0.44 0.43 0.41 0.41 0.44 0.46 0.48 0.50 0.53 0.56 0.59 0.62 0.65 0.68 0.72 0.75 0.79 0.80 0.68 0.44 0.28 0.22 0.21 0.39 0.70 0.91 1.16 1.26 1.04 0.82 0.64
0.41 0.38 0.32 0.34 0.44 0.56 0.58 0.48 0.39 0.39 0.40 0.51 0.75 0.76 0.59 0.55 0.61 0.63 0.63 0.71 0.72 0.58 0.44 0.34 0.27 0.22 0.19 0.22 0.33 0.38 0.46 0.66 0.78 0.72 0.60 0.43 0.29 0.23 0.29 0.43 0.50 0.49 0.49 0.46 0.46 0.49 0.50 0.48 0.46 0.45 0.44 0.43 0.42 0.44 0.45 0.43 0.42 0.43 0.46 0.47 0.49 0.51 0.53 0.56 0.64 0.72 0.76 0.78 0.80 0.83 0.87 0.84 0.63 0.38 0.25 0.18 0.24 0.48 0.68 0.90 1.12 1.09 0.92 0.78
0.42 0.44 0.40 0.30 0.29 0.38 0.55 0.59 0.56 0.54 0.48 0.62 0.80 0.63 0.46 0.47 0.51 0.52 0.49 0.59 0.75 0.77 0.64 0.47 0.35 0.28 0.22 0.20 0.23 0.27 0.32 0.48 0.66 0.76 0.73 0.57 0.40 0.34 0.32 0.36 0.44 0.48 0.48 0.45 0.44 0.46 0.47 0.46 0.46 0.46 0.45 0.42 0.38 0.37 0.41 0.43 0.43 0.44 0.47 0.49 0.50 0.52 0.52 0.53 0.62 0.75 0.85 0.91 0.94 0.97 0.99 1.00 0.89 0.59 0.34 0.19 0.21 0.41 0.57 0.70 0.92 1.01 0.88 0.72
0.37 0.46 0.49 0.34 0.24 0.25 0.33 0.46 0.58 0.64 0.68 0.82 0.79 0.48 0.39 0.41 0.44 0.47 0.43 0.42 0.55 0.72 0.77 0.71 0.59 0.44 0.32 0.22 0.21 0.22 0.25 0.33 0.47 0.64 0.75 0.66 0.49 0.43 0.40 0.38 0.43 0.48 0.48 0.47 0.45 0.44 0.45 0.45 0.46 0.46 0.45 0.45 0.40 0.31 0.29 0.35 0.40 0.43 0.46 0.49 0.51 0.52 0.51 0.50 0.54 0.63 0.76 0.87 0.97 1.06 1.10 1.12 1.11 0.93 0.52 0.31 0.32 0.49 0.65 0.74 0.83 0.94 0.87 0.66
0.33 0.44 0.56 0.46 0.31 0.26 0.26 0.28 0.40 0.54 0.80 0.94 0.69 0.43 0.38 0.38 0.41 0.46 0.43 0.34 0.36 0.47 0.61 0.72 0.71 0.64 0.56 0.42 0.28 0.24 0.24 0.27 0.32 0.47 0.68 0.69 0.55 0.47 0.44 0.42 0.44 0.48 0.49 0.48 0.47 0.45 0.44 0.45 0.45 0.46 0.46 0.47 0.46 0.36 0.25 0.24 0.32 0.39 0.42 0.45 0.49 0.51 0.49 0.46 0.45 0.46 0.50 0.57 0.71 0.90 1.05 1.11 1.16 1.10 0.79 0.50 0.48 0.61 0.82 0.88 0.78 0.85 0.89 0.66
0.35 0.39 0.51 0.57 0.47 0.36 0.30 0.28 0.32 0.36 0.67 1.02 0.77 0.43 0.39 0.37 0.40 0.46 0.42 0.32 0.31 0.35 0.42 0.53 0.58 0.59 0.61 0.60 0.51 0.37 0.30 0.28 0.26 0.33 0.57 0.63 0.54 0.47 0.43 0.43 0.44 0.47 0.48 0.48 0.47 0.46 0.45 0.45 0.46 0.46 0.47 0.48 0.49 0.43 0.30 0.19 0.24 0.33 0.38 0.40 0.44 0.48 0.49 0.45 0.41 0.41 0.41 0.41 0.45 0.57 0.79 1.00 1.14 1.16 0.94 0.68 0.58 0.64 0.89 0.99 0.81 0.83 0.88 0.66
0.42 0.37 0.37 0.51 0.60 0.55 0.46 0.39 0.35 0.33 0.51 0.96 0.89 0.52 0.44 0.42 0.44 0.47 0.41 0.34 0.33 0.33 0.36 0.40 0.42 0.43 0.44 0.53 0.57 0.53 0.47 0.38 0.27 0.29 0.48 0.55 0.50 0.43 0.41 0.42 0.44 0.46 0.47 0.47 0.47 0.46 0.45 0.45 0.46 0.47 0.49 0.50 0.50 0.46 0.34 0.21 0.18 0.26 0.35 0.39 0.40 0.44 0.49 0.49 0.45 0.45 0.45 0.41 0.39 0.42 0.50 0.74 1.07 1.17 0.99 0.77 0.61 0.58 0.85 1.04 0.93 0.89 0.85 0.67
0.54 0.41 0.27 0.33 0.51 0.65 0.68 0.61 0.49 0.36 0.49 0.82 0.79 0.58 0.56 0.55 0.57 0.58 0.53 0.45 0.40 0.36 0.37 0.36 0.35 0.36 0.34 0.36 0.42 0.47 0.53 0.52 0.40 0.33 0.41 0.49 0.47 0.42 0.40 0.41 0.44 0.45 0.47 0.47 0.47 0.46 0.45 0.45 0.46 0.48 0.50 0.52 0.52 0.47 0.37 0.26 0.18 0.20 0.31 0.38 0.38 0.39 0.45 0.50 0.51 0.53 0.54 0.50 0.46 0.46 0.45 0.54 0.87 1.11 1.01 0.83 0.68 0.56 0.67 0.96 1.04 0.96 0.85 0.76
0.68 0.49 0.25 0.20 0.27 0.46 0.64 0.77 0.72 0.53 0.60 0.72 0.62 0.50 0.51 0.55 0.61 0.63 0.63 0.64 0.63 0.57 0.50 0.43 0.37 0.35 0.33 0.31 0.31 0.30 0.38 0.53 0.50 0.39 0.40 0.46 0.46 0.42 0.40 0.40 0.42 0.44 0.46 0.48 0.49 0.47 0.46 0.47 0.48 0.49 0.51 0.55 0.56 0.47 0.38 0.28 0.16 0.15 0.22 0.31 0.34 0.35 0.38 0.43 0.49 0.55 0.61 0.62 0.62 0.62 0.61 0.62 0.79 1.01 1.00 0.89 0.85 0.73 0.61 0.81 1.05 1.06 1.00 0.86
0.77 0.56 0.29 0.20 0.18 0.22 0.35 0.62 0.82 0.76 0.67 0.62 0.52 0.43 0.36 0.42 0.53 0.56 0.54 0.58 0.67 0.70 0.70 0.68 0.59 0.44 0.36 0.32 0.31 0.25 0.27 0.43 0.50 0.42 0.41 0.45 0.46 0.43 0.41 0.40 0.42 0.44 0.45 0.47 0.49 0.49 0.48 0.49 0.50 0.51 0.53 0.59 0.60 0.52 0.41 0.29 0.16 0.08 0.14 0.23 0.29 0.32 0.34 0.36 0.39 0.45 0.53 0.59 0.64 0.68 0.72 0.76 0.87 1.03 1.05 0.96 0.93 0.89 0.78 0.85 1.06 1.23 1.26 1.06
0.74 0.66 0.47 0.32 0.23 0.19 0.20 0.38 0.74 0.84 0.71 0.59 0.52 0.42 0.34 0.32 0.42 0.50 0.48 0.45 0.50 0.58 0.63 0.72 0.78 0.71 0.53 0.40 0.36 0.33 0.28 0.35 0.45 0.43 0.41 0.44 0.46 0.45 0.43 0.42 0.42 0.44 0.45 0.45 0.48 0.48 0.48 0.50 0.52 0.52 0.56 0.62 0.64 0.59 0.48 0.33 0.19 0.06 0.04 0.12 0.22 0.29 0.31 0.33 0.34 0.36 0.42 0.47 0.51 0.54 0.57 0.63 0.76 0.97 1.08 1.02 0.92 0.85 0.79 0.88 1.04 1.20 1.40 1.33
0.56 0.66 0.73 0.60 0.44 0.27 0.16 0.32 0.73 0.85 0.68 0.62 0.57 0.46 0.37 0.30 0.31 0.40 0.48 0.45 0.41 0.42 0.44 0.52 0.70 0.81 0.73 0.49 0.39 0.37 0.31 0.32 0.40 0.42 0.41 0.42 0.44 0.45 0.44 0.44 0.43 0.45 0.46 0.45 0.47 0.49 0.47 0.48 0.51 0.53 0.57 0.65 0.69 0.66 0.56 0.39 0.24 0.11 0.03 0.01 0.08 0.21 0.29 0.31 0.32 0.33 0.37 0.41 0.45 0.49 0.45 0.38 0.45 0.67 0.89 1.01 0.95 0.75 0.64 0.79 0.90 0.97 1.27 1.49
0.33 0.45 0.67 0.74 0.72 0.49 0.23 0.35 0.75 0.77 0.56 0.59 0.64 0.56 0.43 0.33 0.27 0.28 0.37 0.43 0.40 0.37 0.34 0.39 0.52 0.73 0.82 0.62 0.38 0.35 0.34 0.34 0.37 0.40 0.41 0.40 0.41 0.43 0.43 0.44 0.45 0.46 0.47 0.46 0.48 0.52 0.51 0.47 0.48 0.53 0.57 0.65 0.73 0.73 0.64 0.46 0.30 0.18 0.06 0.04 0.04 0.09 0.23 0.29 0.30 0.31 0.35 0.39 0.44 0.51 0.48 0.33 0.30 0.42 0.64 0.93 1.00 0.76 0.60 0.67 0.75 0.79 1.01 1.46
