windninja/windninja_output/Output_2025-08-24_0300-0350_Google earth_Fire_150m_10min/merlingen_7.5mi_point_08-24-2025_0340_150m_ang.asc
ncols	158
nrows	163
xllcorner	391686.332397
yllcorner	5160024.123721
cellsize	150.000000
NODATA_value	-32768.000000
[rows 84 to 125 of 163, columns 0 to 93 of 158]
234 228 225 231 232 230 228 226 227 224 221 219 219 222 224 224 224 224 223 221 220 218 217 215 209 207 212 214 215 216 216 217 218 220 224 227 228 227 225 222 220 217 216 215 216 216 216 217 218 218 217 216 216 216 218 221 222 223 223 223 223 223 223 223 223 224 224 224 224 224 224 223 223 223 222 222 220 217 214 206 193 191 200 213 230 236 238 238 237 238 238 238 237 235
235 237 239 241 241 239 235 234 234 230 224 221 221 222 223 224 224 225 226 225 224 221 218 215 210 207 212 216 216 216 216 217 216 217 221 223 225 227 228 225 222 219 219 220 222 223 225 227 228 227 224 223 222 220 220 222 223 223 223 224 224 223 223 223 224 224 224 224 224 224 224 224 223 223 223 222 221 218 215 207 193 187 196 216 234 237 236 236 236 237 238 239 238 237
242 244 246 247 247 244 239 234 233 229 224 221 221 221 223 224 224 227 230 230 230 228 225 219 209 205 209 214 216 217 217 217 216 214 216 217 218 221 224 225 224 221 220 220 222 224 227 229 231 230 229 228 226 224 223 223 224 224 224 224 224 224 224 224 224 224 224 224 224 224 224 224 224 224 223 223 221 219 216 209 195 185 191 217 235 238 238 237 236 237 238 238 238 236
250 251 251 250 246 239 233 227 227 227 225 222 222 221 223 225 224 227 230 231 230 226 222 211 194 194 203 209 214 216 217 218 217 215 215 216 216 217 219 220 221 220 219 220 222 225 227 229 230 231 230 229 227 227 227 227 227 227 226 225 224 224 224 224 224 224 224 224 224 224 224 224 224 224 224 223 222 221 219 214 202 185 188 216 234 237 238 239 239 240 241 241 240 235
253 252 247 240 232 226 223 222 224 228 227 223 220 217 218 220 221 225 227 227 221 212 203 194 186 189 200 208 213 215 216 218 219 219 220 221 219 218 220 220 220 219 218 218 220 223 225 228 228 228 227 227 227 227 227 228 229 230 229 227 225 224 223 223 224 224 224 225 225 225 225 225 225 225 224 224 224 223 222 219 212 198 198 233 244 241 240 240 240 243 244 243 242 240
250 245 236 231 227 222 222 223 224 226 226 221 216 215 217 218 219 222 224 221 210 197 193 192 190 191 201 209 213 215 217 218 219 219 221 224 224 223 225 226 225 223 220 218 220 222 224 227 227 226 225 223 221 221 222 223 226 230 234 231 225 223 223 223 224 224 224 225 225 225 225 225 225 225 225 225 225 225 224 223 221 218 227 257 264 259 253 248 246 248 249 245 243 244
245 240 232 231 231 227 223 222 219 220 223 218 212 214 216 216 216 218 220 216 200 190 193 197 194 195 203 210 213 216 218 219 219 219 221 223 223 223 224 227 228 227 225 222 222 224 225 227 228 227 225 223 220 218 218 221 224 228 231 228 220 220 222 223 224 224 225 225 225 225 226 226 226 226 226 226 226 227 226 227 227 228 236 256 266 268 265 259 256 257 253 245 245 247
239 234 226 223 222 219 215 212 211 215 220 217 210 209 209 208 209 211 216 213 195 190 199 202 198 199 206 212 215 218 219 221 221 221 222 222 222 221 221 223 225 226 226 226 225 225 227 229 230 229 228 225 223 219 215 217 220 221 222 220 214 216 220 222 224 224 225 225 226 226 226 226 226 227 227 227 227 228 228 229 231 233 238 248 258 263 265 262 261 260 253 247 252 255
231 224 215 212 211 207 199 195 198 207 215 213 208 207 207 206 205 203 205 205 198 195 204 207 204 204 210 215 217 220 221 223 223 223 222 222 222 221 221 221 223 225 227 228 228 228 230 232 234 235 234 231 227 221 214 213 217 219 221 221 216 215 219 222 224 225 225 226 226 226 226 227 227 227 228 228 228 229 230 231 233 236 241 249 258 262 264 265 264 259 253 255 261 261
222 216 208 207 206 203 197 192 193 203 209 205 198 196 197 200 196 194 201 208 208 200 205 208 207 209 214 217 219 222 224 226 227 225 222 222 223 223 222 221 220 223 226 229 229 230 232 233 235 237 238 236 228 221 216 216 224 228 229 227 222 218 220 223 224 225 226 226 226 227 227 227 228 228 228 229 229 230 231 232 234 237 241 249 259 264 267 268 265 259 255 258 260 261
209 208 205 206 207 205 202 196 192 200 207 204 198 195 195 199 200 201 210 219 214 207 207 210 211 214 216 219 221 224 227 230 230 226 223 223 224 224 223 221 218 217 222 225 225 226 228 230 232 232 232 230 221 219 221 225 234 236 234 231 227 223 222 224 225 226 226 227 227 227 228 228 228 228 229 229 230 231 232 233 235 237 240 245 252 259 264 265 261 257 255 255 255 255
191 199 205 207 210 209 205 199 193 200 210 211 208 208 208 216 218 226 228 225 218 218 218 221 219 219 219 220 221 223 225 227 227 224 222 224 226 225 224 223 218 214 217 221 220 220 220 222 223 223 224 224 217 217 223 226 230 234 233 231 229 225 224 226 226 227 227 228 228 228 228 228 229 229 230 230 231 231 232 234 235 237 239 243 246 251 254 255 254 253 252 251 251 251
167 188 203 206 211 211 209 204 201 212 230 231 230 230 235 242 242 246 241 224 226 232 235 236 231 224 222 221 221 220 222 224 226 226 225 226 227 227 226 224 221 215 215 219 219 217 216 216 217 219 223 224 221 219 223 227 230 233 233 232 231 227 227 227 228 228 228 228 228 228 229 229 229 230 230 231 231 232 233 234 235 237 239 241 243 245 247 249 249 249 248 248 248 248
149 173 201 208 216 219 217 215 215 224 239 244 246 241 245 249 252 252 242 228 231 239 245 248 237 223 220 221 222 224 228 232 232 231 229 230 231 231 229 226 223 217 215 220 222 220 220 221 224 227 229 228 226 223 225 228 231 233 234 234 233 231 230 230 229 229 229 229 229 229 229 230 230 231 231 232 232 233 234 234 235 237 238 240 241 243 244 245 245 246 246 246 246 246
132 154 205 220 230 231 228 226 227 230 240 253 263 264 263 263 261 255 244 236 233 237 242 240 221 211 216 222 226 232 237 239 237 235 233 233 235 236 233 228 225 220 216 220 225 228 231 233 235 234 232 230 228 226 226 228 230 231 231 232 233 234 234 234 232 231 230 230 230 230 230 231 231 231 232 232 233 233 234 235 236 237 238 239 240 241 242 243 243 244 244 244 244 244
117 135 227 241 248 249 249 246 244 244 248 253 259 267 269 267 263 256 248 239 232 231 232 228 214 212 220 227 231 236 240 241 241 239 236 235 235 236 235 232 227 223 217 218 223 227 230 233 233 231 230 229 227 226 226 227 228 229 230 229 229 231 234 236 236 235 233 232 231 231 231 231 232 232 233 233 234 234 235 235 236 237 237 238 239 240 241 241 242 242 242 243 243 243
131 155 233 247 253 256 258 259 256 253 253 254 256 264 269 265 262 258 248 235 232 234 234 229 224 224 229 232 236 240 243 246 248 247 244 239 237 236 236 234 228 224 219 215 220 225 228 229 229 228 228 227 225 225 225 225 225 228 229 226 225 226 229 232 234 235 235 233 232 232 232 233 233 234 234 234 235 235 235 236 236 237 237 238 239 239 240 240 241 241 241 241 242 242
163 187 232 246 251 255 257 258 257 255 254 252 250 250 252 252 248 244 235 232 238 241 239 235 233 235 237 239 241 244 248 252 254 256 255 251 246 242 240 236 229 224 221 216 218 225 228 229 228 227 226 225 225 225 226 225 224 225 226 225 225 226 227 229 231 231 232 233 233 234 235 235 235 235 235 236 236 236 237 237 237 237 238 238 238 239 239 240 240 240 240 241 241 241
194 209 233 243 248 251 253 254 253 252 251 248 243 236 231 231 232 229 224 229 238 239 238 238 238 240 243 246 247 248 251 253 256 258 261 262 258 252 247 241 233 227 223 217 215 220 223 224 224 224 225 225 224 224 225 225 223 224 224 224 223 223 225 228 230 230 230 231 232 236 239 240 239 238 238 238 238 238 238 238 238 238 238 238 239 239 239 239 239 240 240 240 240 240
213 220 232 240 244 246 249 250 250 250 249 246 241 233 230 230 232 229 228 235 239 236 238 241 240 241 245 249 249 251 252 253 254 257 260 264 267 265 258 251 242 233 227 220 213 215 220 222 222 223 224 225 224 223 223 222 222 223 224 223 222 220 222 226 229 229 228 228 229 232 239 243 243 242 242 241 241 241 240 240 240 239 239 239 239 239 239 239 239 239 239 239 239 240
222 225 232 238 242 246 248 249 250 251 252 250 248 248 250 251 248 243 245 248 243 236 237 239 239 239 242 245 247 251 254 254 255 256 258 262 268 272 267 259 250 240 230 222 214 213 219 222 222 223 224 224 224 224 223 222 222 222 223 224 223 222 222 225 227 227 226 225 224 227 233 239 244 248 249 249 248 246 244 243 242 241 240 240 239 239 239 239 239 239 239 239 239 239
228 229 233 237 242 246 248 249 250 252 255 258 260 262 264 264 262 259 256 252 244 240 238 237 235 235 238 241 244 249 253 255 256 255 256 259 264 267 266 260 251 241 232 225 214 209 213 217 218 219 221 221 222 223 224 223 222 222 223 224 224 224 224 226 227 227 226 223 221 225 229 232 236 242 246 251 253 252 251 250 248 245 242 241 240 240 239 239 239 239 239 239 239 239
232 232 233 235 239 242 245 247 247 248 250 251 252 253 257 260 260 257 252 245 242 243 240 233 232 233 235 237 241 246 250 253 252 250 252 257 262 262 261 259 251 239 232 224 211 202 204 210 214 216 219 219 219 220 222 222 222 223 224 225 224 224 224 226 226 227 227 223 220 223 228 230 231 232 234 240 245 247 249 252 254 250 245 243 241 240 240 240 240 240 240 239 239 239
232 231 231 234 237 239 240 239 236 234 234 234 235 238 245 250 252 251 247 241 240 242 240 230 227 229 231 231 236 244 248 249 245 240 247 257 260 256 255 256 248 235 228 219 206 194 191 200 207 213 218 220 219 220 220 221 221 222 223 224 225 225 224 224 225 225 226 224 221 222 226 229 230 231 233 236 239 239 239 244 250 252 250 246 243 241 241 240 240 240 240 240 240 240
232 230 229 231 232 230 228 225 223 225 230 233 234 236 240 243 244 243 240 238 239 242 239 229 224 226 227 225 230 240 245 245 238 232 246 256 255 247 245 246 238 229 225 214 201 190 180 185 198 207 215 219 220 220 220 221 221 221 222 222 223 225 225 224 226 225 225 224 221 220 223 228 231 232 233 234 235 236 237 240 244 247 251 250 246 243 242 241 241 241 241 241 241 241
232 230 228 227 225 223 223 223 225 230 235 237 235 235 238 240 238 231 229 232 239 244 241 231 222 221 224 222 229 240 241 238 232 230 247 255 249 241 238 235 228 228 228 211 196 188 175 171 185 200 208 214 217 219 220 220 221 221 221 219 220 223 224 223 226 228 226 225 222 219 221 227 231 231 232 233 234 236 238 241 243 244 247 250 249 246 244 243 243 242 242 242 242 242
231 229 227 227 227 229 231 234 236 236 237 238 235 234 237 240 235 221 219 227 237 245 242 232 222 218 220 220 226 236 238 234 229 231 245 252 244 237 234 226 218 221 227 210 187 181 173 163 171 188 200 209 213 217 218 219 219 222 222 220 219 223 224 223 224 227 228 227 224 220 220 225 229 230 231 234 235 236 237 239 242 245 245 247 250 249 248 246 245 245 245 245 245 244
229 229 230 232 234 236 238 238 238 236 236 239 238 234 235 238 231 211 211 222 233 243 244 230 222 219 217 213 219 228 235 234 229 230 240 244 239 234 228 217 209 214 220 211 184 173 168 158 159 174 191 202 210 216 218 217 217 221 224 222 220 223 224 222 222 224 226 226 224 221 220 224 229 230 231 233 235 235 237 239 242 244 245 244 244 247 250 250 249 249 249 249 249 248
233 234 235 236 237 236 235 234 234 233 232 235 236 232 234 237 230 204 204 215 224 234 240 227 219 223 220 215 216 222 229 232 229 231 240 241 236 232 223 215 211 216 221 216 195 174 165 154 147 157 177 193 204 213 217 216 216 219 222 222 219 221 223 222 221 222 223 224 223 222 222 226 230 231 231 233 233 233 234 236 240 244 244 243 241 241 245 249 251 253 255 255 252 249
236 236 236 237 237 236 234 232 230 227 226 230 232 228 231 237 229 198 192 203 214 226 234 230 221 228 228 225 220 219 224 228 231 238 247 247 241 233 223 216 214 215 219 220 204 180 168 159 149 146 159 178 195 208 215 215 214 216 220 221 219 218 221 223 221 220 222 222 221 220 220 224 228 228 229 232 233 232 232 233 236 241 242 243 242 239 240 243 246 249 254 255 251 248
235 234 235 235 234 234 233 231 228 225 224 228 228 224 228 236 227 190 179 194 206 219 227 229 225 224 225 224 225 221 219 225 232 241 250 252 243 234 223 213 207 206 211 214 205 184 171 168 162 151 149 161 182 201 211 214 213 215 219 221 219 216 218 221 220 219 220 220 220 219 218 222 226 227 228 231 233 233 232 232 235 238 237 237 237 233 235 238 238 244 249 248 245 244
232 232 231 231 230 229 229 229 228 227 227 227 223 219 225 234 227 190 173 188 202 211 217 220 222 222 219 218 222 219 212 219 229 239 246 243 235 227 220 209 200 200 205 210 205 189 178 174 172 162 152 152 166 190 207 213 214 214 217 220 219 216 217 221 220 217 218 220 221 220 219 221 226 230 230 230 231 233 233 232 235 238 235 232 232 227 227 232 236 243 246 242 238 238
228 229 230 230 229 228 226 225 226 228 230 226 217 213 222 234 231 197 175 182 197 203 205 212 217 220 218 216 224 218 203 208 221 233 241 237 224 214 210 204 196 199 205 209 207 197 186 178 174 170 160 153 157 177 201 212 215 214 216 219 218 216 217 221 220 217 217 219 220 220 219 220 223 227 231 232 232 233 233 234 238 240 236 231 229 225 224 229 235 242 243 238 233 231
227 229 231 231 231 229 225 221 222 225 229 226 212 208 221 234 235 203 172 171 185 193 197 203 210 213 213 214 221 218 205 206 214 224 227 220 210 202 201 199 196 199 204 208 209 202 188 177 174 173 169 161 158 168 191 208 214 214 215 218 218 215 216 219 219 217 216 218 219 219 218 217 219 223 227 231 232 232 233 233 238 241 237 230 227 225 224 228 235 238 237 234 229 230
229 229 231 232 231 228 223 219 221 224 228 226 210 206 219 232 236 215 169 159 168 184 193 199 203 207 205 205 212 214 211 206 206 215 219 215 206 197 195 196 197 200 203 207 209 202 190 181 177 177 176 168 162 165 182 203 213 214 215 217 217 215 215 217 217 214 214 216 218 218 218 216 216 219 223 226 228 230 231 232 234 238 236 229 227 226 225 228 234 234 232 229 226 230
229 229 229 232 232 227 223 223 226 226 228 228 213 205 217 229 235 228 182 151 148 172 191 200 203 204 201 201 207 210 208 202 203 215 222 221 214 202 198 200 201 201 203 203 202 200 194 186 182 181 181 174 166 164 176 198 211 215 215 216 217 215 215 216 215 214 214 214 217 219 219 216 215 217 220 223 225 226 230 233 236 238 235 230 228 229 227 229 231 231 229 226 224 229
228 227 227 232 234 230 229 230 232 229 228 231 218 204 213 225 234 234 212 165 137 146 183 202 209 210 209 210 211 210 210 208 213 224 229 228 221 213 209 208 208 205 204 203 203 202 197 191 186 185 184 179 170 166 173 193 210 215 215 216 217 215 216 220 223 226 225 220 219 221 220 217 216 216 218 220 222 225 229 233 237 238 236 231 230 230 228 228 230 229 228 225 221 227
226 225 223 223 224 225 227 232 236 231 227 234 226 202 205 219 231 236 227 203 158 115 127 217 224 220 216 217 221 224 225 227 229 231 233 231 227 226 219 216 215 213 213 212 212 209 205 200 194 191 188 183 174 169 173 189 207 214 214 216 218 218 223 229 234 241 246 241 230 225 222 219 219 218 217 217 219 222 225 230 233 235 234 231 230 229 226 227 228 229 227 222 219 224
220 220 217 214 214 214 217 223 230 230 227 237 232 201 200 214 229 235 234 225 214 168 34 341 280 250 233 230 235 235 232 234 235 234 237 235 232 231 223 217 219 221 223 222 220 219 216 210 202 197 193 187 178 172 174 185 203 212 215 219 223 226 231 233 231 234 239 244 243 234 228 224 222 220 217 215 216 218 221 224 227 231 231 228 227 225 223 222 225 227 225 218 218 226
217 219 218 213 212 213 214 218 224 226 227 240 240 207 200 215 228 233 235 236 236 236 269 334 327 307 284 263 253 241 231 236 239 237 239 238 232 231 227 216 215 221 225 225 222 220 218 210 202 198 195 191 182 175 176 185 204 218 223 225 227 229 230 227 225 227 230 232 236 240 237 232 227 223 220 216 214 216 218 219 221 225 226 224 224 224 221 220 224 226 223 216 218 229
219 220 220 215 213 216 216 217 222 222 225 239 243 221 211 222 229 230 231 236 242 244 243 253 278 304 313 282 252 232 224 236 240 239 241 240 233 233 230 220 213 216 222 226 224 220 215 208 199 197 196 194 186 178 179 189 206 222 230 230 226 225 223 221 222 225 227 228 231 234 242 247 243 235 228 221 215 215 216 216 217 222 225 224 223 223 219 219 225 227 223 215 216 228
214 217 217 212 210 213 215 216 219 218 222 234 240 232 227 233 232 227 225 227 234 242 240 232 227 223 211 208 215 211 216 235 241 240 241 241 236 233 232 224 216 213 219 227 228 224 217 207 198 196 198 197 190 183 181 189 202 215 221 220 217 218 218 217 220 224 226 227 229 229 234 247 255 255 247 234 225 220 220 219 219 223 225 224 223 222 217 218 224 226 221 213 217 229
