windninja/windninja_output/Output_2025-08-24_0300-0350_Google earth_Fire_150m_10min/merlingen_7.5mi_point_08-24-2025_0350_150m_ang.asc
ncols	158
nrows	163
xllcorner	391686.332397
yllcorner	5160024.123721
cellsize	150.000000
NODATA_value	-32768.000000
[rows 0 to 41 of 163, columns 0 to 93 of 158]
211 211 210 208 208 209 209 207 208 208 208 207 205 208 214 222 229 230 228 230 224 210 207 210 215 219 218 215 214 215 216 218 220 220 218 223 228 230 231 228 224 224 225 227 228 229 233 232 223 217 215 214 214 215 216 218 219 220 221 221 219 218 219 217 215 214 216 219 222 222 221 221 220 219 219 220 222 225 226 225 224 222 224 227 229 228 225 225 227 225 224 224 223 222
212 211 209 208 209 210 211 211 212 211 209 205 203 206 212 218 221 220 219 221 215 205 204 210 215 217 216 213 215 216 217 218 219 218 219 222 224 223 223 222 221 221 221 222 222 223 224 223 219 217 217 217 218 219 219 219 219 219 220 220 219 219 218 217 215 215 217 220 222 222 220 220 220 219 219 220 221 224 224 223 222 223 225 227 228 227 224 224 227 226 226 226 225 224
210 210 208 208 210 211 211 212 212 209 204 200 199 204 210 214 214 211 211 212 209 201 199 207 215 216 214 213 215 218 219 220 219 218 218 218 218 217 217 216 215 216 216 217 216 215 215 215 214 214 216 218 220 221 220 219 218 217 218 218 217 217 216 216 216 216 219 221 223 221 219 219 219 219 220 219 219 222 223 220 218 222 225 225 226 225 220 220 223 225 226 226 225 223
204 207 208 207 209 209 207 206 204 201 199 196 198 202 208 213 212 210 211 212 210 204 198 202 210 212 212 211 211 213 215 217 217 216 215 215 215 216 216 214 212 212 212 212 212 212 212 212 212 211 212 213 215 217 217 217 217 218 218 218 217 215 216 216 216 216 218 221 223 221 219 219 220 220 221 220 219 222 223 220 216 219 223 222 224 223 216 215 217 218 220 221 220 218
199 204 208 207 208 206 203 202 201 201 201 197 197 201 207 212 213 213 214 215 213 208 200 196 203 207 208 207 207 208 209 211 213 212 212 213 214 214 213 210 208 207 208 209 209 210 211 212 212 212 212 213 214 216 217 217 218 218 218 218 217 216 216 217 216 216 218 221 223 221 220 221 221 221 221 222 223 224 224 221 217 219 223 221 222 224 217 211 212 212 213 215 214 211
200 203 206 207 207 205 203 203 203 205 204 200 197 201 207 212 215 217 217 218 217 213 203 194 197 203 205 206 206 206 207 208 209 209 209 210 209 208 208 207 205 206 207 209 211 212 213 213 213 214 214 215 216 217 218 218 218 218 217 217 217 216 215 216 216 216 217 221 222 220 219 221 221 219 218 220 222 224 223 222 221 222 224 222 222 224 221 215 213 210 210 211 209 206
204 204 205 206 207 205 205 205 206 206 203 200 197 201 209 213 215 217 217 216 216 215 208 195 193 201 205 207 206 206 206 207 208 208 208 207 205 205 206 206 207 208 210 213 214 215 215 215 215 214 214 215 216 216 218 219 219 218 216 215 214 212 213 214 216 216 216 220 221 217 216 218 218 216 215 216 219 220 219 219 222 222 221 222 223 225 225 221 218 213 211 212 211 209
206 206 205 206 208 208 209 210 209 206 203 199 196 200 209 213 213 215 215 214 214 214 210 201 193 197 203 205 205 206 207 208 209 209 209 208 207 207 209 210 211 213 214 216 217 217 217 216 216 215 215 216 215 216 218 219 217 216 214 212 211 209 210 212 214 215 216 218 219 216 214 217 217 215 214 216 220 221 218 218 223 222 219 219 220 222 223 221 219 216 215 217 219 218
206 207 207 207 209 211 213 212 210 206 202 198 194 197 207 211 212 213 214 214 214 214 211 205 196 191 197 202 203 206 209 210 210 211 213 213 212 213 215 216 217 218 218 218 218 217 217 218 216 214 215 216 215 216 219 218 215 214 213 212 212 211 211 213 215 216 216 216 216 215 216 219 220 218 217 218 221 222 219 220 225 224 217 214 214 214 215 215 212 207 206 208 213 212
206 207 209 208 209 211 212 211 209 206 202 198 194 195 205 211 212 211 211 212 212 212 210 206 200 193 192 200 203 205 209 210 210 212 215 216 216 216 218 219 220 219 219 219 220 219 218 219 217 214 216 218 216 217 219 219 216 216 217 217 218 217 215 216 219 219 217 215 215 216 220 222 222 220 220 220 223 222 217 218 221 221 217 213 213 212 212 211 206 203 205 205 206 204
207 208 209 209 209 209 209 208 207 205 203 200 195 195 203 210 211 210 209 209 210 210 209 207 202 197 193 198 203 204 209 211 211 214 217 218 218 218 219 219 219 219 219 220 222 222 220 221 221 219 221 221 219 220 223 225 225 226 227 227 227 227 224 224 226 224 222 219 217 219 223 223 221 219 220 222 225 223 215 213 216 217 217 214 214 212 211 213 209 206 210 211 208 206
208 208 209 209 209 209 208 207 206 205 204 202 198 196 201 208 210 210 209 209 210 211 210 208 205 202 199 201 205 207 212 215 215 217 219 220 220 219 219 219 219 220 220 220 222 223 223 225 228 230 233 234 234 236 240 240 239 238 239 240 242 244 242 241 239 236 232 226 221 221 222 221 220 217 216 217 218 216 211 209 212 215 214 212 210 207 209 215 212 206 213 219 216 211
209 209 209 209 209 208 208 207 207 206 205 203 200 199 202 208 209 209 209 209 210 211 212 212 210 209 207 207 209 212 214 216 216 217 220 222 223 221 220 219 220 220 219 219 222 224 225 229 236 242 245 248 251 255 258 258 252 247 246 249 254 256 259 264 265 258 250 238 225 221 221 221 220 214 209 208 210 210 208 206 209 212 212 211 210 207 210 216 211 204 213 222 219 214
209 209 209 209 208 208 208 208 207 206 205 204 201 201 204 210 211 209 209 211 211 212 215 217 217 214 211 210 210 212 215 217 218 218 219 221 221 220 220 220 222 224 226 229 232 233 230 229 233 239 244 247 250 255 261 265 263 254 246 244 247 248 249 255 263 266 266 261 244 226 222 221 220 213 207 207 211 213 212 210 210 211 212 214 215 212 215 219 216 211 218 227 226 225
210 210 209 209 209 209 208 208 207 206 205 204 201 199 203 209 211 208 208 212 214 215 218 219 218 215 211 210 211 213 216 218 218 218 217 218 219 221 223 227 232 236 240 245 246 243 239 231 227 230 234 235 236 238 242 247 249 242 232 231 233 233 231 230 233 239 244 250 259 248 224 221 219 214 210 212 217 220 221 221 218 215 216 220 221 220 223 225 223 222 231 240 241 241
210 210 209 209 209 209 209 208 208 207 206 204 201 197 199 206 208 207 207 211 214 215 216 216 216 214 210 210 212 212 213 214 213 214 217 222 228 232 234 238 242 241 240 239 236 233 233 232 228 226 225 222 219 219 221 223 225 221 216 221 225 225 223 220 220 224 225 228 232 232 221 225 223 218 216 216 220 223 225 226 222 220 224 228 229 230 233 234 233 233 238 245 246 246
210 210 210 209 209 209 208 208 208 207 206 204 202 198 197 204 208 209 208 208 211 212 213 214 214 213 210 209 210 210 211 213 215 220 228 235 239 240 238 236 234 229 226 226 225 223 224 225 223 222 220 216 213 214 216 218 220 216 210 215 221 223 222 217 217 222 223 221 222 219 215 228 235 225 218 218 220 223 224 224 222 224 229 234 238 241 242 243 245 241 236 236 237 238
210 210 210 209 209 209 208 208 207 207 206 205 203 201 199 204 210 211 210 210 211 212 213 213 214 214 213 210 210 212 214 218 222 226 230 231 230 229 226 224 223 222 223 224 223 222 221 219 216 216 216 215 214 216 217 218 219 216 210 212 218 221 219 216 216 220 221 221 221 220 216 214 221 224 220 218 218 221 226 229 230 233 235 238 241 245 246 244 244 243 236 233 232 233
210 210 210 209 209 209 208 208 207 206 206 206 204 203 202 204 210 213 213 214 214 214 214 215 216 216 215 213 214 217 220 222 222 222 223 224 224 223 221 222 222 222 223 223 223 222 220 215 214 216 217 217 217 217 217 216 216 215 212 213 218 221 219 216 215 218 221 222 221 220 215 208 210 215 217 221 227 234 241 243 244 245 242 238 235 235 234 235 237 239 235 232 233 232
211 210 210 209 209 209 208 208 207 207 207 206 205 204 204 206 210 214 215 215 214 214 213 214 214 215 214 215 215 217 218 219 220 222 225 226 225 223 220 219 219 218 219 219 219 218 217 214 215 219 221 219 218 215 214 213 214 215 215 216 220 224 222 219 218 220 223 222 219 215 211 207 209 212 211 214 227 241 247 246 245 244 239 232 229 229 229 230 234 236 230 224 230 232
211 210 209 209 209 208 208 208 207 207 206 206 206 205 205 206 209 211 211 211 211 211 211 211 212 213 214 215 215 215 215 215 217 219 220 219 218 215 212 213 214 215 217 217 217 217 218 217 216 219 220 219 217 214 213 213 214 215 217 218 220 224 224 220 219 220 219 218 216 213 211 210 213 215 212 208 212 221 229 234 235 234 232 229 226 228 229 230 234 235 227 218 225 231
211 210 210 209 209 208 208 208 207 206 206 206 206 205 206 206 207 209 209 209 210 210 210 210 211 212 213 214 214 214 212 211 212 213 211 211 212 211 210 212 213 215 216 216 218 219 220 217 215 216 218 217 216 215 214 215 215 215 216 218 219 222 223 219 218 217 214 214 215 214 213 214 216 219 215 205 204 212 219 224 227 229 229 227 223 224 226 228 232 232 224 213 218 228
210 210 210 209 208 208 208 208 207 206 206 206 206 205 205 206 206 207 207 207 208 208 208 209 210 210 212 213 213 212 209 206 207 209 210 211 214 215 214 214 214 214 215 217 219 219 216 214 214 214 216 217 217 216 214 214 215 214 214 217 219 221 223 219 215 212 209 212 215 215 215 216 218 220 214 201 198 206 213 219 222 223 225 226 221 220 220 223 228 228 221 210 214 225
211 210 209 209 208 208 208 207 207 207 205 205 205 205 205 205 205 206 206 206 207 207 207 208 208 209 211 214 215 213 209 205 206 211 214 216 219 219 217 215 213 213 215 217 217 215 213 214 214 215 217 218 217 216 214 213 213 213 211 214 218 222 223 219 213 209 210 214 218 219 218 218 220 219 213 203 197 204 211 217 220 220 222 224 222 219 218 222 227 228 221 210 215 225
211 210 209 209 208 208 207 207 207 206 205 205 205 205 204 204 204 205 205 205 206 206 206 207 207 209 211 215 218 216 210 207 208 212 215 217 219 219 218 215 212 211 212 213 214 213 213 215 216 217 218 218 216 215 214 212 213 213 211 213 219 222 222 219 214 213 217 221 223 225 224 222 221 218 213 208 205 207 211 215 218 218 218 220 221 221 220 224 230 230 221 210 216 225
211 210 209 209 208 208 207 207 206 206 205 205 204 204 204 204 204 204 205 205 205 206 206 206 206 207 210 215 218 217 213 210 209 209 212 214 216 218 218 214 211 210 209 211 214 214 215 217 217 216 217 218 218 217 215 212 211 213 215 216 219 220 219 216 214 214 216 219 223 226 227 224 220 217 212 208 213 216 210 209 213 215 214 216 218 218 215 218 228 229 218 206 213 222
210 210 209 209 208 207 207 206 206 205 205 205 204 204 204 204 204 204 204 204 204 204 204 204 204 205 207 212 216 216 214 213 212 209 209 210 212 217 217 212 209 208 208 211 213 212 213 215 215 214 214 218 219 217 213 208 209 214 217 216 217 220 219 218 217 216 215 216 219 222 225 223 219 216 208 205 213 220 212 203 208 212 212 213 216 216 211 213 223 226 216 203 209 218
210 210 209 208 208 207 206 206 205 205 205 204 204 204 203 203 203 203 203 203 203 203 202 202 202 202 203 209 213 214 215 216 214 211 209 209 210 215 216 211 207 207 206 208 208 206 208 212 214 213 211 214 215 214 211 204 205 211 213 212 216 221 222 221 221 220 216 215 217 221 224 223 218 213 205 201 211 220 217 205 205 210 213 214 216 216 213 214 222 224 217 204 205 214
209 209 209 208 207 207 206 206 205 205 205 204 204 203 203 202 202 202 202 202 202 202 201 201 200 199 198 202 207 209 212 215 213 211 208 203 204 210 213 208 204 203 203 204 204 203 205 209 213 211 206 209 212 212 211 201 198 206 212 213 217 220 220 218 220 220 216 214 217 221 224 221 215 211 206 202 209 222 223 215 207 207 212 217 222 222 220 220 223 224 219 211 206 212
209 209 209 208 207 206 205 205 205 204 204 204 203 203 202 201 201 201 201 201 201 201 201 200 198 195 194 197 201 204 207 211 212 209 202 194 195 203 207 203 199 199 200 201 201 200 202 205 208 206 202 205 209 212 210 201 195 205 215 220 222 222 221 220 220 220 214 212 220 225 225 221 217 213 207 204 210 221 227 226 216 206 212 222 227 227 225 224 224 223 221 218 213 213
209 209 208 208 207 206 205 205 204 204 203 203 203 202 202 201 200 200 200 201 201 200 200 198 196 193 191 194 199 202 207 212 211 206 198 190 191 198 202 199 197 198 198 201 201 199 201 201 203 204 203 205 209 213 213 205 202 210 219 227 227 225 225 225 225 222 213 213 225 232 231 227 223 216 207 204 207 216 225 228 221 209 211 221 224 222 222 222 222 223 223 223 223 225
209 208 207 207 207 205 204 204 204 203 203 203 202 202 201 201 200 200 200 200 199 199 199 198 195 192 191 193 198 204 210 211 208 206 200 191 191 197 199 199 199 200 201 204 204 202 203 204 207 210 211 212 214 218 217 209 209 216 225 232 229 222 221 225 228 223 213 214 227 235 232 227 222 213 204 203 205 212 221 225 222 212 211 219 223 224 225 226 227 228 228 228 229 234
209 208 207 207 206 205 204 204 203 202 202 202 201 201 201 200 200 200 199 199 199 198 197 197 195 192 191 191 194 199 202 203 205 209 206 192 190 197 200 202 205 205 205 207 207 207 208 211 213 217 218 219 219 221 219 211 209 216 225 233 231 220 214 220 226 224 212 211 224 231 227 219 214 207 202 201 203 208 218 224 222 216 216 220 224 229 233 232 232 233 234 233 233 235
208 208 207 206 206 205 203 203 203 202 201 201 201 201 200 200 200 199 199 198 198 197 196 195 194 192 190 189 188 191 195 200 204 210 210 194 187 197 203 205 208 207 207 210 211 212 215 217 218 220 221 221 222 223 221 215 212 216 223 229 227 215 206 213 222 224 216 212 221 226 220 213 210 206 202 200 200 204 213 220 221 218 219 221 220 222 228 228 227 228 230 232 234 235
207 207 206 205 205 204 202 202 202 201 200 200 200 200 200 200 199 199 199 198 198 197 195 194 193 192 190 188 186 187 194 201 205 208 208 198 187 196 204 205 208 210 212 215 217 219 220 221 222 223 223 224 225 225 224 222 219 220 225 228 226 214 201 206 219 223 222 218 220 223 218 214 213 209 205 201 199 203 210 217 218 217 218 221 219 217 222 224 222 223 225 226 229 233
206 206 205 204 204 202 202 201 201 201 200 200 200 200 199 199 199 199 198 198 197 197 195 194 193 192 191 189 188 190 194 198 201 204 206 202 196 198 206 209 213 216 218 219 220 221 221 220 221 221 222 223 223 222 221 221 222 224 228 232 231 221 204 202 215 222 224 221 220 221 221 221 219 215 210 204 202 209 217 221 220 218 219 224 225 218 219 221 219 218 220 222 227 232
206 205 204 203 203 202 201 201 200 200 200 199 199 199 199 199 199 198 198 198 197 197 196 195 193 192 190 190 191 192 190 192 196 201 207 207 204 204 211 216 218 219 219 218 218 219 217 217 219 219 220 219 218 217 216 217 219 222 225 231 232 225 209 200 209 219 223 223 221 221 224 228 227 220 211 206 205 212 222 225 223 221 222 225 228 224 215 216 217 215 216 221 226 232
205 204 203 203 203 202 201 200 200 200 199 199 199 199 199 198 198 198 198 198 197 197 196 195 193 191 190 189 189 188 187 188 194 203 210 210 209 213 218 220 218 218 217 216 217 217 215 215 216 218 218 216 214 215 216 215 215 218 220 224 227 224 213 202 204 217 225 228 225 220 222 225 223 215 209 208 206 205 216 222 221 220 221 223 227 226 213 209 216 216 216 221 226 231
203 202 202 202 202 201 201 200 199 199 199 198 199 199 198 198 198 198 198 198 198 197 196 195 194 192 189 186 184 186 187 190 196 203 209 210 211 217 220 217 215 214 213 213 214 213 211 209 210 212 213 210 209 213 215 211 209 211 214 216 218 218 214 206 204 216 230 234 228 220 217 215 213 210 208 210 204 195 209 219 217 213 217 220 226 226 215 205 211 215 216 221 230 235
202 201 201 201 201 200 200 200 199 198 198 199 198 199 198 198 198 198 198 198 198 197 196 196 195 192 189 184 183 188 192 193 196 202 208 209 210 213 215 215 214 213 211 209 209 210 209 207 205 209 211 207 203 205 208 205 200 202 207 209 211 213 215 213 208 215 231 235 227 218 214 213 214 212 209 210 202 188 199 213 214 213 217 223 229 229 219 207 206 212 215 222 234 238
201 200 200 200 200 200 199 199 198 198 198 199 198 198 198 198 198 198 198 198 198 197 197 196 195 193 190 187 186 191 194 194 196 202 208 209 207 208 211 212 212 211 208 206 206 208 208 204 202 206 211 207 197 196 203 203 199 199 205 210 212 214 219 220 214 214 228 231 223 217 215 218 221 213 207 209 200 186 192 208 212 212 216 222 228 229 221 209 206 210 213 223 234 238
200 200 200 200 200 199 198 198 199 198 198 198 198 198 198 198 198 198 198 198 198 197 197 197 196 195 193 191 190 192 195 196 197 201 204 204 206 207 208 207 206 205 204 204 203 201 201 201 200 203 208 206 197 194 203 208 206 205 212 218 219 217 219 220 217 216 223 224 218 214 216 219 218 207 203 207 198 187 191 205 213 212 214 218 221 221 215 209 209 211 214 223 232 236
