windninja/windninja_output/Output_2025-08-24_0300-0350_Google earth_Fire_150m_10min/merlingen_7.5mi_point_08-24-2025_0340_150m_vel.asc
ncols	158
nrows	163
xllcorner	391686.332397
yllcorner	5160024.123721
cellsize	150.000000
NODATA_value	-32768.000000
[rows 114 to 151 of 163, columns 0 to 83 of 158]
0.87 0.84 0.79 0.76 0.76 0.75 0.70 0.68 0.69 0.71 0.74 0.81 0.84 0.80 0.83 0.81 0.59 0.46 0.53 0.67 0.89 1.21 1.32 0.98 0.76 0.73 0.69 0.60 0.51 0.51 0.74 1.11 1.23 1.11 0.93 0.74 0.65 0.61 0.54 0.48 0.46 0.45 0.46 0.43 0.35 0.29 0.28 0.27 0.25 0.24 0.24 0.27 0.34 0.46 0.59 0.64 0.64 0.68 0.77 0.84 0.83 0.79 0.83 0.88 0.84 0.83 0.89 0.93 0.93 0.86 0.77 0.73 0.72 0.70 0.76 0.83 0.81 0.75 0.70 0.75 0.82 0.77 0.62 0.54
0.85 0.87 0.87 0.82 0.80 0.80 0.78 0.73 0.68 0.67 0.69 0.73 0.78 0.84 0.93 0.90 0.62 0.44 0.45 0.50 0.68 1.00 1.30 1.32 1.12 0.90 0.83 0.80 0.78 0.61 0.64 0.98 1.29 1.30 1.03 0.75 0.61 0.59 0.56 0.52 0.52 0.53 0.55 0.53 0.46 0.39 0.36 0.33 0.30 0.28 0.27 0.29 0.31 0.39 0.54 0.63 0.64 0.65 0.71 0.81 0.83 0.81 0.82 0.88 0.87 0.83 0.86 0.91 0.93 0.91 0.86 0.83 0.81 0.73 0.69 0.78 0.85 0.82 0.72 0.71 0.81 0.82 0.71 0.62
0.80 0.85 0.88 0.86 0.82 0.79 0.79 0.80 0.77 0.71 0.69 0.67 0.69 0.79 0.95 0.98 0.68 0.43 0.40 0.44 0.61 0.85 1.11 1.34 1.38 1.17 0.95 0.90 0.90 0.74 0.71 0.93 1.27 1.43 1.15 0.79 0.64 0.63 0.65 0.61 0.59 0.60 0.61 0.61 0.55 0.45 0.38 0.34 0.33 0.33 0.32 0.33 0.33 0.36 0.47 0.60 0.64 0.63 0.66 0.75 0.80 0.80 0.82 0.86 0.87 0.84 0.85 0.89 0.93 0.93 0.91 0.90 0.93 0.89 0.75 0.70 0.79 0.86 0.79 0.70 0.76 0.81 0.71 0.65
0.76 0.82 0.86 0.85 0.81 0.77 0.75 0.79 0.84 0.84 0.78 0.64 0.59 0.68 0.91 1.05 0.77 0.42 0.40 0.46 0.60 0.76 0.89 1.09 1.34 1.43 1.29 1.14 1.13 0.86 0.70 0.76 1.06 1.42 1.38 0.99 0.80 0.75 0.76 0.76 0.75 0.71 0.69 0.68 0.64 0.52 0.45 0.42 0.42 0.41 0.40 0.39 0.38 0.38 0.44 0.57 0.64 0.64 0.65 0.70 0.74 0.77 0.82 0.87 0.88 0.85 0.85 0.88 0.92 0.94 0.93 0.94 0.99 1.04 0.99 0.82 0.74 0.82 0.85 0.78 0.77 0.80 0.70 0.62
0.75 0.78 0.84 0.85 0.81 0.77 0.72 0.72 0.78 0.85 0.88 0.71 0.53 0.57 0.80 1.09 0.95 0.45 0.37 0.40 0.44 0.53 0.64 0.75 0.94 1.25 1.39 1.39 1.44 1.32 0.97 0.82 0.96 1.28 1.48 1.52 1.36 1.13 1.04 1.01 0.95 0.89 0.80 0.74 0.69 0.63 0.56 0.53 0.51 0.49 0.46 0.43 0.41 0.40 0.43 0.53 0.63 0.66 0.65 0.68 0.70 0.71 0.77 0.86 0.90 0.90 0.89 0.91 0.93 0.93 0.92 0.93 0.97 1.06 1.14 1.07 0.88 0.82 0.86 0.86 0.85 0.84 0.72 0.61
0.77 0.77 0.82 0.85 0.79 0.74 0.71 0.68 0.69 0.73 0.85 0.80 0.53 0.51 0.68 1.00 1.07 0.62 0.31 0.28 0.27 0.29 0.39 0.49 0.60 0.75 0.91 1.03 1.27 1.42 1.32 1.17 1.09 1.14 1.34 1.59 1.66 1.55 1.43 1.39 1.30 1.14 1.00 0.90 0.85 0.79 0.68 0.59 0.55 0.52 0.48 0.45 0.42 0.41 0.42 0.49 0.60 0.65 0.66 0.68 0.69 0.68 0.69 0.76 0.83 0.87 0.88 0.91 0.95 0.95 0.90 0.88 0.90 0.98 1.12 1.20 1.12 0.96 0.90 0.88 0.88 0.87 0.76 0.64
0.77 0.77 0.81 0.88 0.81 0.70 0.67 0.66 0.65 0.64 0.74 0.79 0.57 0.50 0.63 0.90 1.09 0.85 0.39 0.23 0.19 0.16 0.19 0.29 0.39 0.45 0.52 0.61 0.76 0.94 1.09 1.09 0.98 1.02 1.15 1.32 1.50 1.53 1.43 1.44 1.52 1.48 1.34 1.21 1.11 1.01 0.88 0.77 0.67 0.58 0.53 0.49 0.46 0.44 0.43 0.47 0.56 0.63 0.65 0.67 0.69 0.67 0.66 0.67 0.65 0.67 0.67 0.69 0.81 0.91 0.90 0.85 0.84 0.87 0.99 1.17 1.25 1.18 1.05 0.96 0.90 0.87 0.78 0.67
0.75 0.76 0.81 0.93 0.97 0.86 0.81 0.78 0.69 0.59 0.64 0.77 0.59 0.47 0.60 0.86 1.10 0.99 0.59 0.29 0.14 0.09 0.04 0.10 0.21 0.29 0.36 0.44 0.52 0.59 0.67 0.78 0.85 0.92 1.07 1.16 1.18 1.26 1.13 1.08 1.29 1.46 1.45 1.27 1.14 1.07 0.99 0.89 0.78 0.68 0.59 0.53 0.50 0.48 0.46 0.48 0.56 0.62 0.64 0.65 0.67 0.64 0.62 0.62 0.59 0.59 0.55 0.43 0.49 0.71 0.83 0.83 0.80 0.78 0.84 0.99 1.20 1.31 1.27 1.14 1.02 0.93 0.82 0.71
0.71 0.75 0.79 0.88 1.02 1.06 1.08 1.08 0.95 0.68 0.62 0.76 0.60 0.38 0.46 0.68 1.03 1.10 0.74 0.43 0.19 0.04 0.04 0.06 0.10 0.15 0.21 0.29 0.41 0.49 0.53 0.66 0.80 0.83 0.98 1.05 1.01 1.12 1.01 0.82 0.90 1.12 1.35 1.28 1.05 0.94 0.87 0.79 0.74 0.69 0.63 0.56 0.52 0.49 0.48 0.49 0.56 0.63 0.64 0.64 0.64 0.60 0.59 0.61 0.64 0.69 0.67 0.47 0.34 0.41 0.61 0.72 0.75 0.74 0.72 0.79 0.97 1.21 1.35 1.36 1.25 1.09 0.91 0.79
0.64 0.67 0.69 0.71 0.80 0.92 1.03 1.15 1.20 1.01 0.78 0.83 0.63 0.32 0.31 0.44 0.80 1.13 0.99 0.63 0.37 0.17 0.06 0.09 0.12 0.12 0.12 0.18 0.31 0.40 0.44 0.57 0.71 0.74 0.88 0.99 0.93 1.06 1.08 0.82 0.72 0.88 1.22 1.39 1.19 0.94 0.81 0.72 0.70 0.69 0.66 0.61 0.55 0.51 0.49 0.46 0.49 0.56 0.57 0.58 0.61 0.61 0.62 0.63 0.66 0.75 0.81 0.72 0.47 0.31 0.38 0.53 0.62 0.66 0.65 0.64 0.73 0.93 1.18 1.36 1.43 1.35 1.13 0.93
0.62 0.64 0.64 0.62 0.66 0.76 0.86 0.98 1.18 1.18 1.10 1.02 0.63 0.32 0.25 0.30 0.53 0.95 1.16 0.93 0.59 0.35 0.18 0.11 0.09 0.09 0.09 0.12 0.23 0.30 0.38 0.54 0.67 0.68 0.80 0.94 0.88 0.92 1.04 0.89 0.70 0.72 0.96 1.34 1.40 1.15 0.92 0.77 0.72 0.73 0.73 0.69 0.61 0.56 0.52 0.50 0.50 0.56 0.56 0.52 0.58 0.66 0.67 0.68 0.69 0.74 0.80 0.85 0.75 0.47 0.33 0.38 0.43 0.47 0.52 0.53 0.54 0.66 0.88 1.09 1.30 1.45 1.39 1.13
0.64 0.67 0.68 0.65 0.67 0.74 0.80 0.88 1.05 1.15 1.24 1.28 0.88 0.40 0.26 0.25 0.35 0.61 0.97 1.14 1.02 0.64 0.37 0.24 0.18 0.14 0.13 0.22 0.26 0.30 0.37 0.54 0.66 0.64 0.72 0.89 0.84 0.79 0.94 0.91 0.72 0.63 0.73 1.10 1.39 1.31 1.06 0.86 0.76 0.74 0.74 0.72 0.68 0.62 0.58 0.58 0.62 0.70 0.73 0.64 0.62 0.69 0.72 0.72 0.74 0.77 0.78 0.83 0.88 0.76 0.52 0.42 0.40 0.35 0.35 0.37 0.38 0.43 0.57 0.73 0.89 1.19 1.44 1.36
0.59 0.64 0.67 0.64 0.65 0.70 0.77 0.82 0.92 1.04 1.20 1.45 1.30 0.68 0.44 0.32 0.30 0.41 0.63 0.93 1.08 1.00 0.64 0.46 0.51 0.55 0.52 0.44 0.37 0.34 0.39 0.57 0.72 0.65 0.65 0.83 0.85 0.73 0.77 0.81 0.71 0.58 0.60 0.84 1.25 1.36 1.19 0.99 0.86 0.79 0.74 0.70 0.68 0.65 0.60 0.59 0.63 0.73 0.82 0.79 0.73 0.73 0.73 0.72 0.74 0.77 0.78 0.80 0.86 0.89 0.81 0.67 0.54 0.41 0.31 0.27 0.25 0.27 0.34 0.47 0.60 0.83 1.18 1.38
0.57 0.62 0.66 0.61 0.62 0.69 0.77 0.81 0.83 0.91 1.09 1.41 1.55 1.23 0.85 0.52 0.37 0.42 0.53 0.70 0.94 1.13 1.11 1.00 0.93 0.82 0.66 0.47 0.36 0.32 0.36 0.54 0.79 0.81 0.72 0.78 0.82 0.74 0.65 0.67 0.65 0.52 0.47 0.61 1.01 1.30 1.22 1.03 0.91 0.81 0.77 0.73 0.67 0.64 0.61 0.58 0.59 0.68 0.77 0.78 0.75 0.73 0.72 0.71 0.73 0.76 0.78 0.79 0.82 0.86 0.89 0.86 0.73 0.56 0.42 0.31 0.21 0.19 0.24 0.31 0.43 0.62 0.85 1.10
0.57 0.61 0.65 0.60 0.57 0.62 0.71 0.78 0.79 0.81 0.92 1.19 1.52 1.63 1.42 0.84 0.54 0.53 0.60 0.72 0.85 1.01 1.15 1.12 1.00 0.89 0.68 0.46 0.32 0.26 0.28 0.42 0.72 0.91 0.95 0.90 0.81 0.73 0.63 0.59 0.57 0.48 0.39 0.41 0.71 1.15 1.24 1.03 0.90 0.82 0.76 0.74 0.70 0.67 0.64 0.61 0.60 0.65 0.72 0.74 0.73 0.73 0.73 0.73 0.74 0.77 0.78 0.79 0.81 0.82 0.87 0.93 0.88 0.70 0.55 0.43 0.28 0.19 0.20 0.21 0.27 0.42 0.61 0.82
0.56 0.59 0.61 0.56 0.51 0.51 0.55 0.63 0.69 0.71 0.75 0.89 1.15 1.46 1.62 1.50 0.99 0.71 0.66 0.67 0.61 0.61 0.86 1.02 0.98 0.89 0.74 0.54 0.37 0.25 0.20 0.26 0.49 0.77 1.02 1.14 1.01 0.76 0.63 0.58 0.53 0.46 0.36 0.28 0.42 0.88 1.18 1.13 1.00 0.91 0.83 0.77 0.72 0.69 0.65 0.62 0.63 0.66 0.71 0.72 0.72 0.73 0.74 0.74 0.76 0.77 0.78 0.78 0.80 0.82 0.86 0.94 0.98 0.88 0.69 0.56 0.41 0.25 0.21 0.21 0.21 0.22 0.33 0.53
0.57 0.60 0.63 0.57 0.50 0.51 0.51 0.51 0.52 0.54 0.55 0.59 0.68 0.87 1.19 1.49 1.36 1.02 0.75 0.55 0.40 0.40 0.61 0.94 1.09 0.98 0.78 0.65 0.53 0.37 0.23 0.19 0.28 0.52 0.80 1.14 1.29 1.04 0.73 0.63 0.57 0.48 0.40 0.29 0.27 0.52 0.96 1.13 1.10 0.98 0.87 0.81 0.72 0.67 0.64 0.61 0.62 0.67 0.72 0.73 0.72 0.72 0.73 0.74 0.75 0.77 0.78 0.78 0.79 0.82 0.86 0.92 0.99 1.01 0.91 0.75 0.56 0.36 0.26 0.24 0.23 0.21 0.19 0.23
0.59 0.62 0.68 0.66 0.57 0.57 0.61 0.60 0.52 0.41 0.36 0.36 0.42 0.54 0.73 0.99 1.23 1.10 0.74 0.44 0.36 0.35 0.44 0.70 1.07 1.13 0.83 0.71 0.66 0.53 0.38 0.25 0.23 0.36 0.57 0.89 1.27 1.37 1.12 0.86 0.74 0.63 0.55 0.44 0.30 0.33 0.61 0.90 1.03 0.97 0.85 0.80 0.73 0.67 0.64 0.59 0.58 0.63 0.69 0.71 0.70 0.68 0.68 0.71 0.74 0.76 0.78 0.77 0.77 0.80 0.85 0.91 0.96 1.02 1.02 0.95 0.77 0.51 0.38 0.33 0.27 0.22 0.19 0.17
0.59 0.59 0.63 0.68 0.64 0.60 0.65 0.74 0.76 0.57 0.37 0.32 0.35 0.44 0.58 0.74 1.04 1.13 0.75 0.41 0.32 0.31 0.36 0.48 0.83 1.18 1.07 0.74 0.61 0.51 0.40 0.29 0.21 0.25 0.43 0.65 0.96 1.30 1.40 1.30 1.10 0.92 0.80 0.68 0.51 0.36 0.39 0.61 0.86 0.91 0.82 0.77 0.73 0.68 0.65 0.61 0.58 0.61 0.67 0.69 0.70 0.68 0.64 0.67 0.71 0.73 0.75 0.75 0.74 0.76 0.82 0.89 0.94 1.01 1.04 1.02 0.94 0.68 0.52 0.50 0.41 0.24 0.16 0.16
0.59 0.58 0.58 0.64 0.68 0.63 0.59 0.68 0.86 0.90 0.65 0.46 0.42 0.45 0.52 0.65 0.94 1.13 1.07 0.73 0.43 0.34 0.36 0.43 0.64 1.09 1.23 0.90 0.61 0.47 0.36 0.26 0.17 0.17 0.29 0.47 0.68 0.95 1.21 1.36 1.31 1.13 1.02 0.94 0.80 0.62 0.48 0.51 0.71 0.82 0.77 0.72 0.70 0.68 0.66 0.63 0.62 0.64 0.69 0.72 0.74 0.74 0.70 0.69 0.71 0.72 0.72 0.72 0.69 0.71 0.78 0.84 0.89 0.98 1.08 1.09 1.02 0.77 0.57 0.58 0.56 0.36 0.17 0.13
0.64 0.63 0.60 0.63 0.69 0.67 0.59 0.57 0.69 0.92 0.96 0.79 0.73 0.67 0.62 0.67 0.82 1.01 1.13 1.08 0.81 0.48 0.37 0.38 0.50 0.85 1.25 1.27 0.92 0.62 0.47 0.36 0.23 0.14 0.16 0.28 0.49 0.69 0.89 1.12 1.25 1.19 1.09 1.04 0.97 0.85 0.69 0.60 0.67 0.78 0.77 0.71 0.68 0.66 0.65 0.63 0.63 0.65 0.68 0.72 0.75 0.76 0.74 0.73 0.74 0.74 0.73 0.72 0.66 0.62 0.69 0.78 0.83 0.89 1.05 1.18 1.15 0.88 0.58 0.55 0.59 0.49 0.29 0.16
0.66 0.68 0.67 0.66 0.70 0.71 0.66 0.59 0.56 0.67 0.87 0.91 0.86 0.84 0.80 0.70 0.66 0.77 0.88 1.02 0.99 0.69 0.43 0.33 0.35 0.54 0.96 1.33 1.28 0.94 0.69 0.58 0.44 0.25 0.13 0.14 0.28 0.50 0.72 0.94 1.08 1.12 1.07 1.01 1.00 0.95 0.83 0.71 0.71 0.78 0.79 0.75 0.69 0.66 0.63 0.61 0.62 0.65 0.67 0.68 0.72 0.74 0.74 0.74 0.76 0.77 0.77 0.76 0.71 0.57 0.53 0.63 0.74 0.81 0.96 1.18 1.29 1.13 0.73 0.57 0.56 0.51 0.41 0.27
0.61 0.69 0.72 0.66 0.67 0.68 0.67 0.64 0.56 0.52 0.58 0.66 0.70 0.79 0.92 0.73 0.53 0.58 0.66 0.80 0.88 0.74 0.52 0.36 0.29 0.36 0.62 1.06 1.32 1.21 0.95 0.76 0.65 0.47 0.25 0.13 0.16 0.33 0.61 0.82 0.87 0.97 1.04 0.97 0.95 0.94 0.85 0.73 0.70 0.74 0.75 0.73 0.69 0.66 0.63 0.60 0.61 0.65 0.67 0.70 0.73 0.75 0.76 0.76 0.77 0.80 0.79 0.80 0.81 0.67 0.46 0.41 0.53 0.65 0.82 1.09 1.31 1.33 1.11 0.77 0.58 0.50 0.45 0.38
0.51 0.59 0.70 0.69 0.64 0.60 0.58 0.60 0.60 0.57 0.54 0.55 0.56 0.74 0.97 0.80 0.59 0.53 0.55 0.66 0.73 0.64 0.53 0.43 0.30 0.26 0.42 0.75 1.11 1.25 1.10 0.86 0.70 0.58 0.43 0.24 0.17 0.23 0.53 0.78 0.76 0.81 0.94 0.93 0.88 0.87 0.82 0.72 0.68 0.70 0.70 0.69 0.67 0.65 0.62 0.60 0.60 0.65 0.67 0.70 0.73 0.75 0.77 0.76 0.77 0.80 0.81 0.80 0.85 0.82 0.58 0.36 0.31 0.33 0.45 0.76 1.13 1.34 1.37 1.20 0.82 0.56 0.48 0.44
0.46 0.48 0.58 0.69 0.69 0.59 0.49 0.47 0.52 0.60 0.63 0.62 0.58 0.77 0.95 0.91 0.83 0.72 0.59 0.62 0.66 0.56 0.45 0.38 0.28 0.20 0.25 0.52 0.84 1.10 1.20 1.08 0.82 0.65 0.54 0.36 0.20 0.19 0.44 0.75 0.76 0.73 0.81 0.85 0.84 0.86 0.82 0.73 0.69 0.69 0.69 0.68 0.67 0.64 0.61 0.59 0.60 0.64 0.66 0.68 0.71 0.74 0.77 0.77 0.78 0.80 0.81 0.82 0.86 0.89 0.79 0.51 0.32 0.25 0.21 0.34 0.74 1.08 1.28 1.38 1.21 0.76 0.58 0.49
0.53 0.49 0.47 0.59 0.74 0.73 0.58 0.46 0.42 0.48 0.59 0.65 0.67 0.77 0.84 0.86 0.92 0.93 0.88 0.80 0.72 0.57 0.44 0.34 0.25 0.16 0.15 0.31 0.58 0.81 1.06 1.23 1.13 0.85 0.66 0.45 0.28 0.22 0.35 0.67 0.77 0.73 0.74 0.76 0.78 0.82 0.82 0.75 0.70 0.69 0.68 0.68 0.67 0.67 0.64 0.61 0.61 0.63 0.66 0.67 0.69 0.72 0.75 0.78 0.82 0.84 0.85 0.87 0.90 0.93 0.92 0.76 0.46 0.27 0.19 0.18 0.39 0.73 0.97 1.22 1.32 1.08 0.84 0.66
0.63 0.58 0.48 0.48 0.63 0.80 0.82 0.67 0.53 0.48 0.49 0.59 0.74 0.73 0.65 0.69 0.80 0.87 0.91 1.03 1.01 0.78 0.55 0.40 0.27 0.18 0.12 0.16 0.34 0.51 0.70 1.03 1.23 1.14 0.91 0.67 0.49 0.36 0.34 0.56 0.71 0.73 0.73 0.70 0.70 0.75 0.77 0.73 0.71 0.69 0.67 0.65 0.64 0.66 0.67 0.65 0.63 0.64 0.66 0.67 0.68 0.71 0.73 0.77 0.86 0.95 0.97 0.98 0.99 1.00 1.02 0.96 0.71 0.39 0.23 0.14 0.22 0.49 0.70 0.94 1.16 1.13 0.96 0.82
0.65 0.66 0.57 0.42 0.40 0.54 0.79 0.86 0.81 0.73 0.58 0.62 0.76 0.63 0.51 0.56 0.63 0.68 0.67 0.85 1.10 1.14 0.95 0.67 0.46 0.30 0.17 0.10 0.17 0.29 0.41 0.70 1.03 1.22 1.16 0.93 0.71 0.59 0.49 0.54 0.66 0.72 0.72 0.69 0.67 0.70 0.72 0.72 0.71 0.69 0.67 0.63 0.56 0.55 0.61 0.64 0.65 0.65 0.68 0.69 0.70 0.72 0.73 0.74 0.86 1.02 1.14 1.19 1.20 1.22 1.21 1.19 1.03 0.65 0.37 0.20 0.21 0.40 0.57 0.70 0.92 1.01 0.89 0.73
0.59 0.69 0.69 0.46 0.32 0.33 0.45 0.67 0.85 0.90 0.86 0.83 0.76 0.50 0.43 0.46 0.52 0.57 0.53 0.54 0.79 1.09 1.20 1.14 0.94 0.68 0.42 0.21 0.14 0.16 0.22 0.39 0.67 0.99 1.18 1.08 0.87 0.76 0.69 0.63 0.68 0.75 0.75 0.73 0.70 0.69 0.70 0.70 0.70 0.69 0.67 0.66 0.56 0.43 0.42 0.52 0.60 0.64 0.67 0.71 0.73 0.74 0.73 0.72 0.76 0.88 1.04 1.18 1.29 1.37 1.39 1.38 1.32 1.08 0.61 0.40 0.38 0.53 0.67 0.73 0.81 0.93 0.86 0.65
0.55 0.68 0.80 0.65 0.42 0.32 0.30 0.34 0.52 0.73 0.99 1.06 0.73 0.45 0.41 0.41 0.47 0.52 0.49 0.39 0.45 0.64 0.90 1.12 1.14 1.06 0.93 0.66 0.37 0.22 0.19 0.23 0.35 0.65 1.02 1.08 0.93 0.81 0.75 0.71 0.72 0.77 0.78 0.76 0.74 0.71 0.70 0.69 0.69 0.69 0.68 0.69 0.65 0.50 0.36 0.36 0.48 0.57 0.61 0.65 0.70 0.72 0.70 0.67 0.64 0.64 0.67 0.77 0.94 1.17 1.34 1.39 1.40 1.30 0.94 0.63 0.60 0.70 0.88 0.91 0.78 0.85 0.88 0.65
0.59 0.63 0.75 0.82 0.66 0.48 0.35 0.27 0.30 0.37 0.76 1.18 0.88 0.50 0.45 0.43 0.46 0.51 0.47 0.35 0.34 0.39 0.51 0.71 0.85 0.93 1.01 1.01 0.84 0.59 0.39 0.27 0.23 0.38 0.79 0.94 0.86 0.77 0.73 0.72 0.72 0.75 0.77 0.76 0.74 0.72 0.70 0.70 0.70 0.70 0.70 0.70 0.69 0.61 0.42 0.30 0.36 0.48 0.55 0.57 0.63 0.69 0.70 0.64 0.58 0.56 0.54 0.52 0.57 0.73 1.00 1.24 1.38 1.37 1.13 0.84 0.71 0.75 0.98 1.05 0.85 0.85 0.87 0.67
0.68 0.59 0.56 0.76 0.87 0.79 0.60 0.44 0.33 0.29 0.53 1.09 1.07 0.73 0.66 0.61 0.59 0.58 0.49 0.39 0.35 0.34 0.38 0.44 0.51 0.56 0.64 0.84 0.94 0.91 0.78 0.54 0.34 0.35 0.63 0.79 0.76 0.70 0.68 0.70 0.72 0.74 0.76 0.76 0.74 0.72 0.70 0.70 0.71 0.72 0.72 0.72 0.70 0.63 0.48 0.31 0.29 0.39 0.52 0.57 0.59 0.65 0.71 0.70 0.63 0.61 0.58 0.51 0.48 0.51 0.61 0.90 1.29 1.39 1.18 0.93 0.74 0.69 0.94 1.13 1.00 0.92 0.86 0.71
0.83 0.62 0.41 0.51 0.78 0.97 0.99 0.83 0.60 0.39 0.50 0.89 0.97 0.91 0.93 0.93 0.91 0.90 0.81 0.66 0.53 0.44 0.41 0.38 0.37 0.38 0.37 0.42 0.58 0.74 0.87 0.85 0.65 0.49 0.58 0.72 0.71 0.66 0.64 0.66 0.71 0.74 0.76 0.76 0.75 0.73 0.72 0.71 0.71 0.72 0.73 0.74 0.72 0.64 0.51 0.37 0.29 0.33 0.46 0.56 0.57 0.59 0.66 0.73 0.74 0.74 0.73 0.65 0.59 0.56 0.54 0.64 1.03 1.31 1.21 0.99 0.81 0.64 0.74 1.05 1.13 1.02 0.91 0.82
1.00 0.70 0.37 0.31 0.42 0.71 0.97 1.11 1.00 0.68 0.64 0.78 0.81 0.78 0.84 0.93 1.00 1.04 1.07 1.08 1.05 0.93 0.77 0.60 0.45 0.38 0.32 0.29 0.30 0.33 0.52 0.80 0.78 0.61 0.61 0.70 0.71 0.67 0.65 0.66 0.69 0.73 0.75 0.78 0.79 0.76 0.74 0.73 0.73 0.73 0.74 0.78 0.76 0.64 0.50 0.37 0.26 0.26 0.35 0.46 0.50 0.52 0.57 0.63 0.72 0.80 0.86 0.87 0.85 0.83 0.79 0.77 0.95 1.21 1.21 1.08 1.01 0.83 0.69 0.91 1.16 1.17 1.10 0.93
1.12 0.80 0.40 0.27 0.22 0.29 0.51 0.89 1.14 1.00 0.81 0.76 0.72 0.62 0.55 0.64 0.82 0.88 0.88 0.97 1.13 1.20 1.20 1.15 0.95 0.64 0.47 0.40 0.35 0.28 0.33 0.60 0.74 0.66 0.65 0.72 0.75 0.71 0.68 0.68 0.70 0.72 0.74 0.76 0.80 0.79 0.77 0.77 0.78 0.77 0.78 0.83 0.83 0.69 0.52 0.36 0.20 0.16 0.23 0.36 0.44 0.48 0.50 0.53 0.57 0.65 0.75 0.84 0.89 0.94 0.99 1.02 1.13 1.29 1.30 1.18 1.13 1.07 0.97 1.01 1.20 1.39 1.40 1.15
1.08 0.97 0.68 0.44 0.28 0.20 0.27 0.52 0.94 1.05 0.92 0.80 0.72 0.60 0.48 0.46 0.61 0.75 0.73 0.68 0.78 0.96 1.10 1.26 1.34 1.20 0.86 0.65 0.57 0.50 0.41 0.52 0.67 0.67 0.66 0.71 0.76 0.75 0.73 0.71 0.71 0.74 0.74 0.74 0.77 0.78 0.76 0.78 0.80 0.79 0.82 0.88 0.89 0.79 0.60 0.39 0.20 0.07 0.10 0.21 0.34 0.43 0.46 0.47 0.49 0.52 0.59 0.65 0.70 0.72 0.77 0.86 1.02 1.25 1.36 1.26 1.11 1.03 0.98 1.05 1.20 1.37 1.57 1.47
0.85 1.00 1.11 0.91 0.63 0.38 0.27 0.37 0.77 0.96 0.88 0.87 0.81 0.64 0.50 0.40 0.41 0.58 0.71 0.68 0.61 0.65 0.73 0.89 1.17 1.36 1.21 0.80 0.62 0.58 0.49 0.50 0.61 0.66 0.66 0.68 0.73 0.76 0.76 0.75 0.74 0.75 0.76 0.75 0.77 0.78 0.74 0.75 0.79 0.81 0.86 0.94 0.97 0.89 0.72 0.46 0.26 0.09 0.07 0.10 0.17 0.33 0.42 0.45 0.46 0.48 0.52 0.56 0.60 0.61 0.54 0.49 0.60 0.87 1.14 1.23 1.12 0.89 0.77 0.92 1.05 1.12 1.43 1.64
0.54 0.69 1.02 1.12 1.06 0.73 0.37 0.37 0.75 0.83 0.73 0.83 0.92 0.81 0.60 0.43 0.33 0.36 0.51 0.62 0.60 0.55 0.53 0.61 0.83 1.18 1.33 0.99 0.61 0.57 0.56 0.54 0.59 0.64 0.66 0.66 0.69 0.73 0.75 0.77 0.77 0.78 0.78 0.76 0.78 0.83 0.80 0.73 0.75 0.81 0.86 0.95 1.03 1.01 0.85 0.57 0.34 0.17 0.06 0.12 0.13 0.18 0.34 0.42 0.44 0.45 0.48 0.53 0.58 0.64 0.58 0.44 0.41 0.55 0.80 1.11 1.16 0.90 0.71 0.79 0.88 0.92 1.14 1.61
