windninja/windninja_output/Output_2025-08-24_0300-0350_Google earth_Fire_150m_10min/merlingen_7.5mi_point_08-24-2025_0310_150m_ang.asc
ncols	158
nrows	163
xllcorner	391686.332397
yllcorner	5160024.123721
cellsize	150.000000
NODATA_value	-32768.000000
[rows 0 to 41 of 163, columns 0 to 93 of 158]
272 271 269 268 268 271 271 267 264 265 264 256 243 236 240 250 260 265 268 277 283 274 261 259 265 270 270 264 262 263 263 262 263 262 261 265 269 269 269 268 265 264 265 266 269 272 275 277 276 273 272 271 271 272 271 269 266 265 267 269 267 265 262 261 258 256 256 259 264 268 268 265 262 259 259 260 260 261 263 263 261 257 256 258 260 258 253 251 251 249 246 247 246 243
272 272 271 271 270 270 268 267 267 267 265 258 245 241 246 253 261 267 272 277 281 278 269 264 265 267 268 267 266 264 264 264 263 264 264 266 267 269 270 269 268 267 267 268 271 272 274 276 278 276 274 273 272 270 269 268 267 267 267 268 267 266 264 263 261 259 259 261 264 267 267 265 263 262 262 261 259 260 263 263 260 258 257 258 258 258 256 253 252 251 250 250 249 247
273 273 273 273 273 270 266 267 270 270 268 261 252 251 254 259 264 269 273 274 276 280 281 272 266 264 266 268 268 266 265 266 266 267 269 269 268 269 269 270 271 271 271 272 273 274 274 274 276 276 275 274 271 269 268 268 269 269 268 267 267 267 266 266 265 264 264 264 265 266 265 264 264 265 264 262 260 261 263 262 258 257 259 257 257 260 259 255 253 253 256 256 254 253
273 272 271 272 272 270 270 271 273 273 270 263 258 259 261 265 267 269 270 270 271 276 281 278 270 266 265 266 266 265 265 266 268 270 271 271 270 269 270 271 273 273 274 275 275 275 275 273 271 272 273 272 269 268 269 269 270 269 268 267 267 267 267 266 265 265 265 265 266 265 264 264 265 266 265 263 263 263 262 260 257 256 258 257 259 261 259 256 254 253 254 256 257 256
274 272 270 270 271 272 274 276 276 273 267 263 262 264 268 269 268 269 268 267 268 274 281 284 277 270 267 265 265 265 265 265 268 271 272 271 270 271 272 274 275 276 276 276 275 274 273 272 271 270 269 269 268 268 268 268 269 269 269 269 268 267 267 266 266 266 266 266 266 264 263 264 265 265 264 264 266 265 262 259 257 258 258 258 260 261 262 262 259 255 253 255 257 258
276 275 273 271 271 273 277 278 275 270 265 266 268 270 272 270 267 266 265 265 267 272 280 288 284 277 271 268 266 266 266 266 268 269 269 270 272 273 275 275 276 277 277 275 274 272 271 271 270 268 266 266 267 267 267 268 269 269 270 269 268 267 267 267 267 267 266 266 265 263 261 263 266 266 263 263 264 266 264 258 257 261 262 261 261 261 263 267 268 264 260 258 258 259
276 276 277 275 274 274 275 275 272 269 268 270 273 274 273 271 268 264 264 265 267 270 277 287 288 282 276 272 271 269 269 269 269 267 267 270 273 274 274 274 274 275 274 273 272 271 270 270 269 267 265 265 266 266 267 268 269 270 270 270 269 268 266 266 266 266 267 267 266 263 261 263 265 265 264 263 263 263 261 255 258 263 265 263 262 261 262 267 273 275 273 269 264 262
274 275 277 278 277 275 274 272 270 270 272 275 279 277 273 271 269 266 265 266 267 269 273 281 289 286 280 278 275 272 272 272 270 269 269 271 273 272 271 271 271 271 271 270 270 270 270 269 268 267 266 266 266 265 266 268 270 270 271 272 271 269 266 264 263 264 266 267 266 264 264 264 263 262 263 263 262 260 255 254 261 265 265 263 262 261 262 266 271 276 279 276 272 268
274 274 275 277 278 276 273 270 270 272 276 280 283 281 275 271 270 269 267 266 268 269 270 275 284 289 285 280 277 275 275 275 272 271 271 272 271 270 269 268 268 268 269 269 270 270 269 269 268 267 267 268 267 265 267 269 271 271 272 272 270 269 267 264 262 263 266 267 265 263 264 265 263 261 261 262 262 258 253 257 263 267 268 266 264 263 263 264 268 272 275 275 274 274
274 274 274 275 276 275 273 272 273 275 278 281 286 284 277 272 270 271 270 268 268 269 269 272 277 285 287 281 278 278 277 275 274 272 271 270 269 268 267 266 267 268 269 269 270 269 269 269 269 269 268 267 267 269 270 270 271 271 269 267 267 268 269 267 266 267 268 267 264 261 262 264 264 262 261 261 261 259 257 261 264 267 270 271 270 269 267 268 270 269 267 270 273 274
274 274 274 274 274 274 274 274 275 276 278 281 285 286 280 274 272 273 273 272 270 269 270 270 273 279 284 280 278 279 277 274 274 273 271 268 267 266 267 267 267 268 268 268 268 269 270 269 268 269 270 270 269 271 271 269 268 268 266 264 265 267 268 271 273 272 270 267 262 259 261 263 264 263 260 259 261 263 266 267 266 265 266 271 274 275 274 273 272 268 264 268 271 270
275 275 274 274 274 274 275 275 275 276 278 280 284 286 283 278 276 275 275 276 274 272 270 269 270 272 275 276 277 277 275 273 273 274 271 268 267 267 268 268 267 267 267 266 266 266 267 266 264 266 271 271 271 271 271 269 266 265 264 263 264 266 270 277 279 277 273 268 263 264 265 264 263 262 260 260 262 266 272 273 269 265 264 268 274 277 276 273 271 268 267 268 268 269
274 275 274 274 274 275 275 275 275 276 277 279 281 284 283 281 279 278 276 276 276 274 271 269 267 266 267 272 274 274 274 273 273 273 271 268 268 269 270 269 268 267 266 264 263 262 259 258 260 265 269 270 270 270 271 271 268 264 260 259 263 266 272 280 282 280 277 274 275 274 269 265 264 266 266 266 266 267 270 272 270 268 267 269 272 273 272 270 268 266 267 266 266 269
274 275 275 275 275 275 275 275 275 276 277 279 280 282 282 280 281 282 279 277 276 274 271 267 264 263 266 270 272 273 273 274 274 272 270 269 270 271 270 269 268 266 263 262 262 260 256 253 256 262 266 267 268 268 270 273 272 266 259 258 263 268 273 278 281 280 280 282 288 286 276 270 269 271 273 272 270 269 267 267 270 272 272 270 268 267 269 267 263 264 267 266 264 265
274 274 275 275 275 275 275 275 275 276 277 278 281 282 280 279 280 283 283 278 275 272 269 265 263 264 267 269 271 271 271 273 274 273 273 272 269 268 267 266 264 260 258 261 263 261 260 260 257 257 260 265 265 265 268 271 273 270 263 261 265 270 274 275 275 276 280 284 291 297 291 281 276 274 273 273 273 270 266 268 274 275 273 270 265 264 267 264 258 259 265 266 263 263
274 274 275 275 275 275 275 275 275 276 277 278 281 284 283 279 278 280 281 279 275 272 269 266 265 267 269 269 269 270 272 273 273 272 272 270 267 264 262 260 260 258 258 262 264 262 263 267 264 259 260 262 264 266 266 265 268 271 268 267 269 272 275 273 269 271 277 281 286 298 303 291 281 276 274 275 273 268 268 273 276 276 272 269 265 263 262 260 257 256 260 263 262 262
274 274 274 275 275 275 275 275 276 276 277 278 280 285 287 281 277 276 276 277 275 272 270 268 267 268 269 270 270 271 273 271 268 266 264 264 264 263 261 260 260 262 264 264 263 263 263 264 267 269 267 265 266 267 265 262 262 266 270 271 272 273 273 271 269 269 273 278 281 288 298 296 287 283 281 277 272 271 274 275 272 270 268 265 263 262 259 257 260 262 261 261 260 260
274 274 274 274 275 275 275 275 276 276 277 278 280 283 286 283 278 275 274 274 273 271 270 270 269 268 268 271 272 272 270 266 261 258 258 261 264 264 263 263 264 265 266 265 263 264 265 264 268 273 273 270 268 266 264 262 262 264 269 272 272 272 271 270 271 271 272 276 277 279 285 292 291 290 289 282 278 277 275 271 266 265 264 261 258 259 258 258 263 270 270 263 259 259
274 274 274 274 274 275 275 276 276 276 276 277 279 281 283 283 279 275 273 272 271 270 271 271 270 268 268 270 272 270 266 261 257 257 259 261 264 265 265 265 266 266 265 265 264 265 268 271 270 270 272 272 270 266 265 265 265 265 268 271 270 269 268 269 272 272 272 272 272 275 281 287 287 287 289 287 283 277 270 265 264 265 264 261 257 256 257 259 263 269 274 268 263 262
274 274 274 275 275 275 275 276 276 276 276 277 278 279 280 280 278 275 273 271 271 271 271 271 270 270 269 269 269 268 264 259 257 259 261 263 265 267 267 267 267 266 265 264 265 267 270 273 271 269 269 271 272 271 270 268 266 266 267 269 269 267 268 270 272 273 271 270 272 277 281 283 280 279 282 283 278 271 267 265 266 268 268 266 262 259 258 259 262 266 272 271 266 264
274 275 275 275 275 275 275 275 276 276 276 276 277 278 278 278 276 275 273 273 272 272 272 271 271 270 269 268 267 266 263 259 258 261 264 265 267 269 269 268 266 265 264 265 267 270 270 269 270 270 269 270 273 275 274 271 268 266 266 266 265 265 268 272 273 274 273 273 276 279 277 275 274 275 278 277 269 265 264 266 268 269 269 269 267 263 259 258 262 266 270 270 265 263
274 274 274 274 275 275 275 275 275 276 276 276 276 277 277 277 276 275 274 273 273 272 272 272 270 269 268 267 266 266 264 261 261 265 268 268 268 268 267 266 264 263 264 266 268 269 269 269 271 270 270 271 272 274 275 274 272 269 266 263 263 265 268 271 274 276 278 278 278 275 270 267 268 272 276 277 270 263 261 263 266 267 267 269 269 265 260 260 264 267 268 266 262 262
274 274 274 274 275 275 275 275 275 276 276 276 276 276 277 276 276 275 274 274 273 273 272 271 270 269 268 266 266 266 266 266 267 269 269 269 267 264 264 264 263 263 264 265 267 268 270 271 271 271 270 271 270 272 274 275 274 273 268 263 262 265 268 272 277 281 282 279 274 267 262 262 265 270 275 280 277 267 262 260 259 260 263 267 270 268 264 263 265 266 266 261 258 261
274 274 274 275 275 275 275 275 275 275 276 276 276 275 276 276 276 275 275 274 273 273 272 271 270 268 266 265 265 266 269 271 272 269 267 267 266 264 264 265 266 265 265 264 268 271 271 269 270 270 270 270 270 271 274 275 275 274 270 265 263 265 269 276 283 284 281 275 267 260 258 260 267 272 275 277 278 274 268 261 256 255 258 261 267 272 272 269 266 265 263 255 257 261
274 274 275 275 275 275 275 275 275 276 276 276 276 275 275 276 276 275 275 274 273 273 272 271 269 267 264 262 264 269 271 274 274 270 267 265 264 265 267 268 268 268 266 268 271 271 268 267 268 270 270 270 271 272 273 274 274 272 271 268 265 267 273 279 283 281 275 267 259 256 258 264 272 275 272 267 272 279 275 266 259 256 255 255 260 269 274 272 269 266 261 251 256 261
274 274 275 275 275 275 275 275 275 276 276 276 276 276 276 275 275 275 275 274 274 273 272 270 269 265 260 260 264 269 272 274 276 274 269 265 263 265 269 271 271 271 271 272 271 266 264 266 267 269 270 270 272 273 274 275 273 268 267 269 271 276 279 279 277 273 267 258 253 255 262 273 278 276 268 258 264 276 281 276 268 261 255 252 256 262 268 269 269 268 261 251 255 259
274 274 274 275 275 275 275 275 276 275 275 275 276 276 276 275 275 275 275 274 273 273 272 271 268 263 258 260 264 266 269 274 277 278 274 267 262 264 269 273 273 274 276 274 270 265 264 265 268 269 268 268 270 273 277 277 269 263 266 272 279 283 283 278 270 263 257 251 250 257 268 277 279 274 266 255 258 269 282 287 278 268 260 257 257 258 258 260 263 265 264 259 257 257
274 274 274 275 275 275 275 276 276 275 275 275 275 276 276 276 276 275 275 274 274 274 273 272 269 264 261 262 263 263 265 270 275 278 278 273 267 266 269 273 275 276 278 275 271 268 265 264 266 269 268 267 269 273 278 278 266 262 269 277 282 283 281 274 265 258 251 247 253 263 271 275 275 272 265 256 258 264 274 287 286 276 269 266 264 259 253 253 257 260 262 266 265 260
274 274 274 274 275 275 276 276 275 275 275 275 275 276 276 276 276 276 275 275 275 274 273 272 270 268 267 266 263 259 260 265 271 275 279 281 277 271 272 275 277 278 278 276 274 271 268 265 265 268 270 268 268 271 273 274 267 266 272 279 282 279 274 268 263 257 250 250 262 270 273 272 270 266 260 260 264 264 267 277 287 285 277 273 268 261 255 255 257 256 257 264 272 268
274 274 274 274 275 275 276 275 275 275 275 275 275 276 276 276 276 276 276 275 275 274 273 273 273 273 274 271 265 258 257 260 264 272 281 287 284 276 275 277 279 279 277 275 274 272 270 269 268 268 269 268 267 267 266 266 268 270 272 277 281 277 267 260 258 257 254 257 268 274 275 271 264 259 257 263 267 264 264 270 283 290 283 275 269 263 261 263 261 255 253 258 269 275
275 275 274 274 274 275 276 275 275 275 275 275 275 275 276 276 277 276 276 276 275 275 274 274 275 278 279 275 268 261 258 259 263 272 282 290 286 280 278 279 280 278 275 272 271 271 273 275 274 269 266 266 265 262 260 257 262 271 274 275 276 272 262 255 257 260 261 264 269 274 275 269 261 260 261 265 265 262 262 267 277 287 285 277 271 267 267 266 262 256 252 253 261 273
275 275 275 274 274 275 276 275 275 275 275 275 275 276 276 276 276 276 276 276 276 276 276 276 277 280 280 277 270 264 263 266 269 274 280 288 287 282 280 278 277 275 272 270 269 270 274 276 273 268 267 266 264 261 257 251 257 269 274 274 271 266 256 252 258 266 269 269 270 272 271 266 265 268 268 266 263 260 261 264 270 277 281 279 275 273 270 266 261 258 255 253 255 265
274 274 274 274 275 275 275 275 275 275 275 275 276 276 276 276 276 276 277 277 277 277 277 277 279 282 282 280 275 270 271 273 272 272 275 285 288 282 279 275 272 270 270 270 269 270 273 272 268 267 268 267 266 263 257 253 259 266 270 271 269 262 251 251 259 268 275 275 270 268 267 267 272 274 271 267 264 262 261 263 263 265 271 277 276 274 271 266 262 259 258 256 256 261
274 274 274 275 275 275 275 275 275 275 276 276 276 276 276 276 276 276 277 277 277 278 279 279 280 282 283 283 282 280 277 274 271 268 270 283 290 281 275 271 269 268 268 268 268 270 271 268 266 267 267 268 268 265 260 260 266 267 265 264 265 262 254 253 259 265 274 280 273 268 268 271 273 272 270 270 268 266 262 259 255 255 263 271 275 271 268 266 262 258 257 258 260 264
274 273 274 275 275 275 275 275 275 276 276 276 276 276 276 276 276 276 277 277 278 278 280 281 282 282 283 285 287 285 280 275 271 270 270 276 287 279 272 269 267 265 265 265 266 270 269 266 267 268 268 267 267 267 265 267 271 271 265 261 261 262 261 258 258 260 268 278 280 276 272 270 268 267 268 271 273 272 265 256 250 249 255 264 271 270 264 264 262 258 256 259 263 268
274 274 274 275 275 275 275 275 275 275 276 276 276 276 276 276 276 277 277 277 278 279 280 282 282 282 284 286 288 287 284 281 278 276 272 270 273 274 269 265 263 261 262 264 266 269 269 268 269 268 267 267 267 267 269 270 271 271 269 264 262 263 266 266 260 258 263 273 283 283 276 267 264 263 267 272 274 272 268 262 254 249 250 256 263 270 267 262 261 260 260 261 264 267
274 275 275 275 275 274 275 275 275 275 276 276 276 276 276 276 277 277 277 278 278 279 280 281 282 284 286 287 287 289 290 288 284 279 272 266 262 262 262 260 260 261 262 265 267 269 269 269 269 268 268 268 268 269 271 271 269 269 268 265 264 264 269 273 265 260 262 270 278 279 271 265 264 266 270 271 270 266 266 269 265 255 250 251 257 268 273 264 261 264 265 264 264 265
275 275 275 275 274 274 275 275 275 275 276 276 276 276 276 276 277 277 277 278 278 279 279 281 282 284 287 290 292 292 292 290 284 278 271 265 257 253 255 258 260 263 266 267 269 270 269 270 268 268 270 272 270 270 271 272 269 266 266 265 264 264 268 275 271 265 265 269 272 267 261 263 268 272 271 267 268 265 262 266 268 261 253 250 255 264 274 269 264 266 268 265 265 269
275 275 275 275 274 274 274 275 275 276 276 276 276 276 276 277 277 277 277 278 278 279 279 281 282 284 288 294 296 292 289 287 282 277 271 262 250 250 256 260 263 266 268 270 270 270 271 271 268 268 272 274 273 269 271 274 272 267 265 265 263 261 263 269 271 268 268 269 266 259 260 268 272 271 263 263 271 270 259 260 263 262 256 254 258 261 266 270 268 267 266 266 270 272
274 275 275 274 274 274 274 275 276 276 276 276 276 276 276 277 277 277 277 278 278 279 280 280 282 284 289 294 294 288 285 285 283 278 270 258 248 254 259 261 265 268 271 273 271 270 272 273 271 269 271 275 276 273 272 274 274 270 266 264 260 254 253 258 267 268 269 268 263 261 270 275 272 262 255 265 273 274 259 256 253 254 258 261 263 262 264 270 271 266 263 266 272 271
274 274 274 274 274 274 275 275 276 276 276 276 276 276 276 277 277 277 278 278 278 279 279 280 281 284 288 291 291 287 284 285 284 278 269 258 257 261 261 262 266 270 274 275 273 272 272 274 274 271 271 275 282 281 274 271 272 270 267 262 256 248 247 253 263 267 267 266 264 269 275 272 266 259 259 269 275 273 261 254 247 246 254 261 263 264 267 270 269 265 263 265 267 266
274 274 274 274 274 275 276 276 276 276 276 276 276 277 276 276 277 277 277 278 279 279 279 280 281 283 285 287 289 287 285 284 283 279 271 265 266 268 269 269 270 272 273 273 276 276 274 273 273 272 272 275 281 282 275 269 266 266 264 259 253 248 249 253 259 266 266 265 268 271 268 263 263 263 268 273 273 263 255 253 249 247 252 258 263 266 266 263 264 266 266 263 260 261
