windninja/windninja_output/Output_2025-08-24_0300-0350_Google earth_Fire_150m_10min/merlingen_7.5mi_point_08-24-2025_0330_150m_ang.asc
ncols	158
nrows	163
xllcorner	391686.332397
yllcorner	5160024.123721
cellsize	150.000000
NODATA_value	-32768.000000
[rows 0 to 41 of 163, columns 0 to 93 of 158]
207 207 205 203 203 204 204 202 202 202 202 201 200 203 208 214 220 219 216 216 209 199 198 202 205 208 207 204 203 204 205 206 208 208 206 210 214 215 215 213 210 210 211 212 212 213 216 213 205 202 201 200 201 202 203 205 205 206 206 206 204 204 205 204 202 202 203 205 207 207 206 206 206 205 205 206 208 211 211 209 208 208 210 213 214 214 211 212 214 212 212 212 211 210
208 207 205 203 203 205 205 205 205 204 202 199 198 201 207 212 213 210 208 208 203 195 195 201 206 208 206 203 204 206 207 207 208 207 207 210 211 210 210 208 207 207 208 208 208 208 209 207 202 201 202 202 204 205 206 206 206 205 206 206 204 204 204 203 202 202 204 207 208 207 205 206 206 205 205 206 208 210 209 207 208 209 211 213 214 213 210 211 214 213 213 213 213 212
206 206 203 203 204 205 206 207 206 202 197 195 195 199 205 208 207 203 203 203 200 193 190 198 206 208 205 204 205 207 209 209 208 207 206 207 206 206 205 204 203 203 203 204 203 202 202 202 200 200 201 203 206 208 207 206 204 204 205 205 204 203 203 203 202 203 205 208 209 207 205 205 205 204 205 206 207 209 208 206 206 209 211 212 213 210 205 207 211 212 213 213 211 210
200 203 203 202 204 203 202 201 198 196 194 192 194 197 202 206 205 203 203 204 202 196 190 193 202 205 204 203 203 205 207 207 207 205 204 203 204 205 205 202 201 200 200 200 200 199 200 201 201 200 200 201 203 205 205 204 204 204 205 205 204 202 203 203 203 203 205 208 209 208 206 206 206 206 206 206 206 208 209 207 204 208 211 209 210 209 202 202 205 207 208 209 206 205
194 199 203 203 203 201 198 196 196 196 196 194 193 196 201 205 206 206 207 208 206 200 192 189 195 200 201 201 200 201 202 204 204 202 202 202 204 203 202 199 197 197 197 197 198 199 200 201 201 201 202 202 203 204 205 205 205 205 205 205 205 204 203 204 204 203 204 208 210 208 207 207 207 207 207 208 208 209 210 209 206 207 210 208 209 210 203 198 199 200 202 204 202 199
194 197 201 202 202 200 197 196 197 199 199 195 192 196 201 205 208 210 210 211 209 204 194 186 189 195 198 200 200 200 200 201 202 201 201 201 200 199 198 197 196 196 197 198 200 201 202 202 202 203 204 205 205 206 206 206 206 205 204 204 204 204 203 204 204 203 204 207 209 207 207 209 207 205 205 207 208 208 209 210 210 209 210 208 209 211 206 198 196 196 197 199 198 195
198 198 199 200 201 200 199 199 200 200 198 195 192 195 202 206 209 211 210 209 209 207 198 186 185 191 197 199 199 199 200 200 201 201 201 199 197 197 197 197 197 198 200 202 203 204 204 204 204 205 205 206 206 206 207 207 206 205 203 202 202 201 202 203 204 204 204 206 208 206 205 207 206 203 202 204 207 208 207 209 211 208 207 208 210 212 211 205 198 192 192 194 196 196
200 200 199 199 201 202 203 204 203 201 197 193 191 194 202 206 207 209 209 208 208 207 202 192 184 188 194 196 197 199 200 200 201 202 202 200 199 199 200 201 202 203 204 205 206 206 206 206 205 205 206 206 205 206 208 207 205 204 202 200 199 198 200 202 204 204 204 205 206 204 203 205 205 204 202 204 208 209 208 208 211 208 205 206 208 209 209 206 201 194 190 192 197 200
199 200 201 200 202 204 206 206 204 200 196 192 189 192 200 205 205 207 208 208 208 208 204 197 188 184 189 194 195 198 201 201 202 203 204 204 204 204 206 207 208 208 208 208 207 206 206 207 206 205 205 206 205 206 208 206 203 202 200 200 200 200 200 202 205 206 204 204 204 204 204 207 208 207 206 206 209 211 210 210 212 209 203 201 201 201 203 202 198 192 190 191 194 195
200 201 202 202 202 204 206 205 203 200 196 192 188 190 198 205 206 205 205 206 206 206 204 200 193 186 186 192 195 197 201 201 201 204 206 207 207 208 209 211 211 210 209 208 209 208 208 208 207 204 206 207 206 206 207 207 204 204 205 205 206 205 202 205 208 207 205 203 204 206 209 210 210 209 209 209 212 211 207 207 208 207 202 197 197 197 198 197 193 192 193 193 191 190
201 202 203 203 203 203 203 202 201 199 197 194 189 189 196 204 205 204 203 203 205 205 204 201 197 192 188 192 196 197 200 202 202 205 208 209 209 210 210 210 210 210 209 210 211 211 209 210 210 208 210 210 208 208 211 213 213 213 215 215 215 214 210 210 210 208 207 206 206 210 212 211 209 208 210 212 214 211 202 200 203 205 204 199 196 194 194 195 193 194 198 197 193 193
202 202 203 203 203 203 202 201 201 199 198 196 192 190 195 201 203 204 203 203 204 205 205 203 200 197 194 195 198 199 203 206 206 207 210 212 212 211 211 210 210 211 211 211 213 213 213 215 218 219 221 221 221 223 226 228 228 227 228 230 232 232 227 221 217 215 213 211 209 209 210 210 208 206 206 207 207 205 198 195 199 203 203 199 194 191 193 197 195 194 199 203 199 196
202 203 203 203 203 203 202 202 201 200 199 197 194 193 195 200 202 202 203 203 203 205 206 206 205 204 202 201 202 204 205 207 208 208 211 214 214 212 211 211 211 212 211 211 214 216 217 222 229 233 235 238 241 246 250 249 243 239 239 243 248 249 247 247 244 236 228 218 207 205 207 209 208 203 199 198 199 199 197 194 196 199 200 198 195 193 195 199 196 193 199 206 203 198
203 203 203 203 203 202 202 202 202 201 199 198 196 195 198 202 203 201 202 204 204 206 209 211 211 209 206 204 204 205 207 208 209 210 211 213 213 211 211 212 214 216 219 222 225 226 224 224 227 232 235 238 242 248 255 259 256 247 240 238 240 238 235 237 244 249 247 230 202 198 205 207 206 200 194 194 197 200 200 198 197 197 197 199 200 199 200 204 202 198 203 211 211 209
204 204 203 203 203 203 203 202 202 201 200 199 196 194 198 203 204 200 201 205 208 209 212 214 213 210 206 205 205 206 209 210 210 209 209 210 211 213 216 219 225 230 235 240 240 237 232 224 221 224 227 227 227 229 233 237 238 231 222 221 222 219 215 214 216 219 218 216 201 178 191 200 201 199 196 198 200 204 207 206 201 198 199 204 207 206 207 211 211 209 216 226 229 228
204 204 204 203 203 203 203 203 202 202 200 199 196 193 195 201 203 201 200 204 208 209 210 211 211 209 205 205 207 206 207 207 206 207 209 214 220 225 228 233 237 237 235 233 229 226 226 223 219 219 218 215 210 210 212 214 216 210 205 209 212 211 209 206 207 209 207 205 202 180 164 186 197 199 200 200 203 208 210 208 202 200 205 211 215 217 219 222 222 222 227 234 236 235
204 204 204 204 204 203 203 203 203 202 201 199 197 193 192 199 203 204 203 203 205 207 208 209 209 208 205 204 205 205 205 206 209 214 222 230 234 235 233 231 229 223 219 220 218 216 217 217 215 213 211 208 205 205 207 210 212 208 200 203 207 209 208 205 205 208 208 204 202 196 180 172 188 195 197 200 204 207 206 205 204 206 212 219 225 231 233 235 236 229 223 224 225 226
204 204 204 204 204 203 203 203 202 202 201 200 199 196 193 198 205 206 205 205 206 208 208 208 209 210 208 205 205 206 209 213 217 222 226 226 225 223 220 218 217 215 216 217 217 216 214 211 208 206 206 205 206 207 209 210 211 207 201 201 206 209 207 204 203 206 207 205 204 203 196 186 184 185 188 196 200 203 207 211 215 218 221 226 232 237 238 236 233 227 219 219 220 220
205 205 204 204 204 204 203 203 202 202 202 201 200 198 197 199 205 208 209 209 210 210 209 210 211 212 210 208 208 211 215 217 218 218 219 219 219 217 216 216 216 216 217 217 216 216 212 207 206 207 207 207 207 208 208 207 207 207 203 202 206 209 208 204 203 204 207 208 207 203 197 191 189 190 189 191 200 212 224 231 233 233 231 227 226 225 224 223 225 222 215 215 218 219
205 205 205 204 204 204 203 203 203 202 202 202 201 200 200 201 205 209 210 210 210 210 209 209 210 210 210 210 210 212 214 215 216 218 220 222 221 217 214 213 213 212 213 213 212 211 209 206 207 211 211 210 207 205 204 204 205 206 206 205 209 213 211 206 204 205 208 209 204 199 195 193 194 196 194 194 205 223 234 236 233 230 224 218 216 218 218 219 222 221 211 206 214 218
206 205 204 204 204 204 204 204 203 203 202 202 202 201 201 202 205 207 208 208 208 208 207 207 208 209 210 211 211 211 211 212 214 216 215 215 214 210 207 207 209 210 212 211 210 209 210 209 208 210 212 210 206 203 202 203 204 206 208 208 210 213 212 207 205 205 205 203 200 198 198 198 199 200 197 195 200 209 216 221 220 218 216 213 211 215 217 219 221 220 210 202 210 217
206 205 205 205 204 204 204 204 204 203 202 203 203 202 202 203 204 205 206 206 206 206 206 207 208 209 210 210 211 210 209 208 209 209 207 206 207 207 206 207 209 210 211 210 211 212 212 210 208 208 209 208 206 204 203 204 205 205 207 210 210 212 211 206 204 202 199 198 200 201 202 203 204 204 199 193 194 201 208 212 214 215 216 212 207 210 213 216 218 217 209 200 205 214
206 205 205 205 204 204 204 204 204 203 202 203 203 202 202 203 203 204 205 205 205 205 206 206 207 208 209 210 210 209 206 204 204 206 206 207 209 211 210 209 209 209 210 211 213 212 209 207 206 206 208 208 207 207 204 202 203 203 205 209 210 211 211 206 200 196 194 197 202 205 206 206 207 206 199 189 188 196 203 208 212 212 213 212 206 205 206 209 213 213 207 199 203 212
206 206 205 204 204 204 204 204 204 204 202 202 203 203 202 202 203 203 204 204 204 204 205 205 206 207 209 211 212 210 206 202 203 207 210 212 214 215 213 210 208 208 210 212 211 207 206 207 207 207 208 209 208 207 204 202 202 202 202 205 209 211 211 204 196 194 196 201 207 210 210 208 208 204 198 192 187 191 198 206 211 211 212 213 209 203 201 206 212 214 209 201 204 212
206 206 205 205 205 204 204 204 204 204 203 202 203 203 202 202 203 203 203 203 204 204 204 205 205 207 210 213 216 213 207 204 205 208 212 214 215 215 214 210 207 207 207 207 207 206 207 209 209 209 209 209 207 206 204 202 202 203 202 204 209 211 208 202 196 197 203 210 215 217 215 210 205 202 200 198 195 192 195 202 208 209 209 211 211 206 202 205 213 215 209 202 206 212
206 206 205 205 205 204 204 204 204 203 203 203 202 202 203 203 203 203 203 203 204 204 204 204 205 206 209 213 216 214 210 207 205 205 208 211 213 215 213 209 206 204 203 205 207 208 210 211 210 209 208 209 209 207 204 202 202 205 206 206 206 205 202 201 200 201 205 211 216 219 216 208 202 202 201 201 203 199 191 194 200 204 205 208 209 207 202 203 211 214 206 199 203 210
207 206 205 205 205 204 204 204 204 204 203 203 202 202 203 203 203 203 203 203 203 203 203 202 203 204 206 211 215 215 212 210 208 205 206 207 210 213 212 207 204 203 201 204 207 207 208 209 208 207 207 210 210 207 202 199 202 207 208 205 201 200 200 203 206 207 207 210 213 214 211 205 201 202 199 198 205 206 193 185 192 199 202 204 206 205 201 203 210 212 203 194 199 207
206 206 205 205 205 204 204 204 204 204 204 203 203 203 202 203 203 203 203 203 202 202 201 201 202 201 202 208 212 212 213 214 211 208 206 205 207 211 212 207 202 201 200 202 203 201 203 206 208 206 204 206 207 204 200 196 199 205 204 200 199 201 203 207 211 212 210 209 210 210 209 206 202 200 197 195 202 208 202 186 186 194 199 201 204 205 204 205 211 212 205 192 192 202
206 206 206 205 205 204 204 204 204 204 204 204 204 203 202 202 202 202 202 202 202 201 201 200 200 198 198 202 206 209 211 213 211 208 204 199 200 206 209 204 199 198 197 198 198 198 200 204 207 205 200 202 204 204 202 194 193 199 202 200 200 204 206 207 211 212 210 208 208 207 208 206 203 201 198 195 199 210 210 199 187 188 195 201 206 210 210 209 213 214 209 199 191 197
206 206 206 206 205 204 204 204 204 204 204 204 203 203 202 202 202 201 201 202 202 201 201 200 198 195 194 197 201 203 206 210 211 207 199 191 192 199 202 199 195 195 195 197 196 196 198 200 202 200 197 199 202 204 203 196 191 197 204 205 205 208 211 211 212 212 207 205 208 209 209 208 207 205 200 196 198 209 215 211 195 185 191 202 210 214 213 211 212 213 212 207 198 194
207 206 206 206 206 205 204 204 204 204 204 204 203 203 203 202 201 201 201 201 201 200 200 199 196 193 191 194 198 202 207 211 210 204 195 188 189 195 198 195 193 193 194 197 197 195 196 196 197 199 198 199 202 207 207 201 197 201 207 212 212 212 216 219 218 213 205 203 211 215 214 213 213 207 199 195 197 205 214 214 203 189 190 200 207 208 207 207 209 212 213 213 210 205
207 206 205 206 206 204 204 204 204 203 203 203 203 203 203 202 201 201 201 201 200 200 199 198 195 192 191 193 198 204 210 210 207 204 198 189 189 193 195 195 195 196 197 200 200 197 197 197 199 203 204 205 208 212 211 205 204 207 211 218 216 212 215 219 220 212 202 203 213 219 217 214 210 202 195 194 197 202 210 213 208 197 193 198 203 206 208 211 214 217 218 219 219 218
207 206 206 205 206 205 204 204 204 203 203 203 203 203 203 202 202 201 201 200 200 199 198 197 195 192 191 192 194 199 202 203 203 206 203 190 187 193 196 198 201 201 201 202 202 201 202 203 206 210 211 211 211 214 214 206 203 208 214 220 220 212 209 213 217 213 200 198 209 217 214 206 200 195 192 193 195 199 207 213 211 204 201 201 204 209 215 217 219 222 223 223 223 222
207 207 206 205 206 205 204 204 204 204 203 203 203 203 203 202 201 201 201 200 200 198 197 196 195 193 190 189 189 191 195 199 203 208 207 191 184 193 198 201 204 203 203 205 206 206 208 210 212 213 214 213 214 216 215 209 204 207 214 219 218 207 200 206 214 214 203 196 205 212 207 200 198 196 193 191 191 194 202 210 212 209 207 205 202 206 212 214 214 217 220 221 222 221
206 206 206 206 206 204 204 204 204 204 203 203 203 203 203 202 202 201 201 200 199 198 197 195 194 193 191 189 187 188 194 200 204 207 206 195 185 193 200 202 205 207 208 211 212 213 214 215 215 216 216 216 217 218 217 214 209 209 216 220 218 206 195 199 211 215 211 202 200 205 204 202 202 199 195 192 190 191 198 207 211 210 209 209 204 202 209 211 209 212 214 214 215 215
206 205 205 205 205 204 204 204 204 204 203 203 203 203 203 202 202 201 201 200 199 198 197 195 194 193 191 190 189 190 194 197 200 202 203 200 194 196 203 206 209 213 215 215 215 215 214 214 214 214 215 216 216 215 213 212 211 213 218 224 223 212 196 194 206 214 214 207 199 200 205 209 209 205 199 193 191 195 203 209 211 210 212 215 213 204 205 209 207 206 207 208 211 215
206 205 205 205 205 205 204 204 204 204 203 203 203 203 203 202 202 201 201 200 200 199 197 196 194 193 191 190 192 192 190 191 194 199 204 205 202 202 209 214 216 216 216 214 213 213 211 211 212 213 213 212 211 210 208 208 210 212 215 222 224 216 200 191 199 210 213 209 203 203 210 217 216 208 199 195 194 200 208 210 210 212 214 218 219 211 199 203 205 202 202 206 211 216
206 205 205 205 205 205 204 204 204 204 204 203 203 203 202 202 201 201 201 200 200 199 198 197 195 192 190 190 189 188 186 188 193 201 207 208 207 211 217 218 216 215 213 212 212 211 209 209 210 212 211 208 207 208 207 206 207 209 211 215 218 215 204 193 194 206 214 214 210 209 212 214 210 201 197 198 195 196 205 210 207 208 212 215 219 214 198 196 202 202 200 205 210 213
205 205 205 205 205 205 205 205 204 204 203 203 203 203 202 202 202 201 201 201 200 199 198 197 195 193 190 187 184 185 187 189 195 201 207 208 211 217 218 215 212 211 209 209 209 208 205 204 205 207 206 202 202 206 207 202 201 204 206 208 210 210 206 198 195 204 217 220 216 211 208 203 199 198 199 200 193 187 200 210 206 203 207 211 216 214 203 193 197 201 202 205 211 214
205 205 206 206 206 205 205 205 204 203 203 203 203 203 203 202 202 201 201 201 200 199 198 197 196 193 190 185 183 187 191 192 195 201 206 209 209 212 213 213 211 210 207 204 204 205 204 201 200 203 205 200 196 198 201 197 193 196 199 202 204 207 209 206 199 203 217 222 216 208 201 199 201 203 202 199 190 182 192 205 206 205 208 211 217 217 207 194 193 199 202 206 214 218
206 206 206 206 206 205 205 204 204 203 204 204 203 203 203 202 202 201 201 201 200 199 198 198 196 194 191 187 186 191 193 193 194 201 207 208 207 207 209 210 209 207 204 201 201 203 202 199 197 200 204 199 190 190 195 196 192 193 198 202 205 210 214 214 205 203 215 220 212 204 200 204 210 205 199 196 189 182 186 200 206 206 208 211 215 215 207 196 193 197 200 207 217 223
206 206 205 205 205 205 204 204 204 204 203 203 203 202 203 202 202 202 201 201 200 199 199 198 197 196 193 191 189 191 194 194 195 200 203 204 205 206 205 204 203 201 200 200 199 196 196 196 195 197 201 198 189 187 194 200 199 198 204 211 213 213 214 214 210 206 211 213 206 201 204 208 207 197 192 193 189 183 186 198 206 205 206 208 209 207 202 198 197 198 199 208 219 223
