windninja/windninja_output/Output_2025-08-24_1700-1750_Google earth_Fire_150m_10min/merlingen_7.5mi_point_08-24-2025_1720_150m_vel.asc
ncols	158
nrows	163
xllcorner	391686.332397
yllcorner	5160024.123721
cellsize	150.000000
NODATA_value	-32768.000000
[rows 76 to 113 of 163, columns 0 to 83 of 158]
0.67 0.70 0.71 0.67 0.70 0.77 0.78 0.77 0.78 0.77 0.78 0.78 0.78 0.80 0.81 0.79 0.80 0.84 0.85 0.83 0.84 0.86 0.88 0.90 0.86 0.80 0.84 0.94 1.00 1.05 1.07 1.07 1.07 1.07 1.05 1.03 1.04 1.07 1.08 1.07 1.09 1.11 1.14 1.16 1.18 1.21 1.23 1.25 1.27 1.30 1.32 1.34 1.36 1.38 1.40 1.42 1.44 1.46 1.48 1.50 1.52 1.54 1.55 1.56 1.57 1.59 1.60 1.62 1.62 1.61 1.60 1.57 1.55 1.54 1.56 1.59 1.50 1.35 1.47 2.14 2.94 2.97 2.27 1.28
0.54 0.57 0.62 0.64 0.68 0.72 0.71 0.72 0.74 0.74 0.75 0.74 0.74 0.77 0.77 0.75 0.76 0.80 0.80 0.79 0.80 0.83 0.85 0.86 0.80 0.75 0.83 0.93 0.94 0.95 0.99 1.01 1.01 1.02 1.06 1.04 1.03 1.04 1.03 1.03 1.04 1.06 1.09 1.12 1.15 1.17 1.19 1.22 1.24 1.27 1.29 1.31 1.33 1.35 1.37 1.40 1.42 1.44 1.46 1.48 1.50 1.52 1.53 1.55 1.57 1.58 1.60 1.61 1.61 1.61 1.61 1.60 1.59 1.58 1.57 1.58 1.50 1.42 1.61 2.25 2.61 2.04 1.29 0.90
0.37 0.36 0.49 0.66 0.71 0.69 0.68 0.70 0.75 0.75 0.72 0.70 0.71 0.73 0.73 0.72 0.74 0.76 0.75 0.74 0.76 0.79 0.81 0.80 0.71 0.71 0.84 0.90 0.89 0.87 0.89 0.96 0.99 1.01 1.05 1.04 1.00 0.99 1.00 1.01 0.99 1.01 1.05 1.08 1.11 1.13 1.16 1.19 1.21 1.24 1.26 1.29 1.31 1.33 1.35 1.37 1.39 1.41 1.43 1.45 1.47 1.50 1.52 1.54 1.56 1.57 1.59 1.60 1.61 1.62 1.62 1.61 1.59 1.59 1.58 1.57 1.52 1.48 1.66 2.08 2.05 1.24 0.73 0.69
0.18 0.13 0.34 0.69 0.87 0.83 0.74 0.72 0.77 0.74 0.66 0.64 0.67 0.69 0.69 0.69 0.71 0.71 0.69 0.69 0.72 0.75 0.77 0.74 0.65 0.69 0.82 0.87 0.86 0.81 0.82 0.92 0.96 0.98 1.02 1.01 0.96 0.93 0.97 0.98 0.94 0.95 1.00 1.03 1.06 1.09 1.12 1.15 1.18 1.21 1.23 1.26 1.28 1.30 1.32 1.34 1.36 1.39 1.41 1.43 1.45 1.48 1.50 1.52 1.55 1.56 1.58 1.60 1.61 1.63 1.63 1.61 1.60 1.60 1.60 1.58 1.55 1.54 1.66 1.81 1.48 0.83 0.62 0.72
0.24 0.17 0.32 0.66 1.00 1.14 0.91 0.77 0.77 0.68 0.59 0.58 0.62 0.63 0.64 0.65 0.66 0.64 0.63 0.64 0.68 0.71 0.72 0.68 0.62 0.67 0.79 0.83 0.81 0.78 0.80 0.87 0.91 0.93 0.98 0.97 0.90 0.88 0.93 0.95 0.89 0.88 0.94 0.98 1.00 1.04 1.07 1.11 1.15 1.19 1.22 1.23 1.25 1.27 1.29 1.31 1.33 1.36 1.38 1.41 1.43 1.46 1.48 1.51 1.53 1.55 1.57 1.60 1.61 1.62 1.62 1.61 1.60 1.61 1.61 1.60 1.58 1.56 1.61 1.55 1.17 0.88 0.89 0.91
0.36 0.21 0.42 0.76 1.13 1.09 0.80 0.70 0.67 0.59 0.51 0.52 0.55 0.57 0.59 0.60 0.59 0.58 0.58 0.60 0.64 0.65 0.67 0.65 0.60 0.64 0.75 0.78 0.77 0.76 0.78 0.83 0.86 0.88 0.91 0.90 0.86 0.85 0.89 0.91 0.86 0.83 0.88 0.92 0.95 0.99 1.01 1.05 1.13 1.20 1.20 1.21 1.22 1.23 1.26 1.28 1.30 1.33 1.36 1.38 1.41 1.44 1.46 1.49 1.52 1.54 1.57 1.59 1.61 1.62 1.62 1.62 1.61 1.63 1.63 1.62 1.61 1.59 1.58 1.47 1.26 1.14 1.07 0.98
0.32 0.21 0.58 0.99 1.09 0.73 0.47 0.46 0.47 0.44 0.41 0.43 0.48 0.51 0.53 0.53 0.52 0.53 0.54 0.56 0.58 0.60 0.62 0.61 0.56 0.61 0.71 0.73 0.73 0.74 0.75 0.78 0.79 0.80 0.82 0.83 0.83 0.82 0.84 0.86 0.82 0.79 0.82 0.87 0.92 0.96 0.98 1.02 1.15 1.22 1.21 1.19 1.18 1.19 1.22 1.24 1.27 1.30 1.33 1.36 1.39 1.41 1.44 1.47 1.50 1.53 1.56 1.58 1.60 1.61 1.62 1.62 1.62 1.64 1.65 1.65 1.64 1.61 1.58 1.49 1.37 1.22 1.11 1.14
0.48 0.59 0.81 0.90 0.74 0.46 0.32 0.28 0.27 0.27 0.29 0.34 0.40 0.43 0.45 0.46 0.46 0.48 0.50 0.51 0.53 0.56 0.58 0.56 0.54 0.60 0.67 0.68 0.68 0.69 0.70 0.71 0.71 0.72 0.73 0.76 0.79 0.79 0.80 0.80 0.77 0.78 0.82 0.87 0.93 0.98 1.02 1.08 1.18 1.22 1.19 1.16 1.15 1.16 1.17 1.20 1.23 1.27 1.30 1.33 1.36 1.39 1.42 1.45 1.48 1.51 1.54 1.57 1.59 1.61 1.62 1.63 1.64 1.65 1.66 1.67 1.67 1.64 1.59 1.53 1.40 1.30 1.27 1.58
0.65 0.64 0.63 0.51 0.39 0.31 0.23 0.16 0.15 0.17 0.22 0.29 0.32 0.36 0.39 0.40 0.41 0.44 0.45 0.47 0.49 0.51 0.52 0.53 0.54 0.58 0.62 0.62 0.62 0.64 0.65 0.65 0.65 0.64 0.67 0.70 0.74 0.76 0.76 0.75 0.75 0.77 0.81 0.86 0.91 0.95 1.00 1.07 1.13 1.13 1.11 1.10 1.10 1.08 1.10 1.15 1.20 1.24 1.27 1.31 1.34 1.37 1.40 1.43 1.47 1.50 1.53 1.56 1.58 1.60 1.62 1.64 1.65 1.66 1.68 1.70 1.70 1.68 1.64 1.60 1.52 1.53 1.62 2.11
0.67 0.51 0.33 0.28 0.25 0.22 0.15 0.10 0.11 0.16 0.22 0.25 0.26 0.31 0.34 0.36 0.36 0.39 0.41 0.42 0.44 0.46 0.48 0.51 0.52 0.52 0.54 0.55 0.57 0.60 0.59 0.59 0.59 0.58 0.61 0.66 0.69 0.70 0.71 0.72 0.73 0.74 0.77 0.81 0.85 0.89 0.94 1.01 1.04 1.04 1.03 1.02 1.01 1.00 1.04 1.11 1.16 1.21 1.25 1.28 1.32 1.35 1.38 1.41 1.45 1.48 1.51 1.54 1.57 1.60 1.62 1.64 1.66 1.68 1.70 1.73 1.73 1.72 1.71 1.70 1.71 1.83 2.09 2.73
0.60 0.42 0.24 0.21 0.19 0.16 0.11 0.09 0.13 0.17 0.20 0.20 0.22 0.27 0.30 0.31 0.31 0.33 0.35 0.36 0.38 0.40 0.43 0.48 0.49 0.47 0.48 0.51 0.54 0.54 0.53 0.54 0.54 0.55 0.59 0.63 0.63 0.65 0.68 0.69 0.70 0.70 0.72 0.76 0.79 0.83 0.90 0.96 0.99 0.98 0.95 0.94 0.96 0.98 1.01 1.07 1.13 1.18 1.22 1.26 1.29 1.32 1.35 1.39 1.42 1.46 1.50 1.53 1.56 1.59 1.62 1.64 1.67 1.69 1.72 1.74 1.76 1.77 1.79 1.84 1.92 2.16 2.59 3.38
0.41 0.27 0.17 0.16 0.13 0.10 0.07 0.10 0.15 0.17 0.16 0.15 0.19 0.23 0.25 0.26 0.26 0.28 0.29 0.31 0.33 0.35 0.41 0.49 0.49 0.45 0.45 0.48 0.49 0.48 0.48 0.50 0.51 0.52 0.56 0.58 0.58 0.60 0.64 0.66 0.67 0.66 0.67 0.70 0.73 0.78 0.85 0.91 0.94 0.91 0.89 0.89 0.92 0.95 0.99 1.04 1.10 1.16 1.20 1.23 1.27 1.30 1.33 1.36 1.40 1.44 1.48 1.51 1.55 1.58 1.61 1.64 1.67 1.70 1.73 1.76 1.80 1.83 1.89 1.97 2.10 2.39 2.85 3.52
0.20 0.15 0.12 0.11 0.09 0.09 0.11 0.13 0.14 0.13 0.12 0.14 0.18 0.20 0.22 0.22 0.21 0.23 0.26 0.29 0.31 0.35 0.47 0.54 0.48 0.41 0.41 0.43 0.43 0.43 0.43 0.45 0.46 0.47 0.49 0.51 0.52 0.54 0.58 0.60 0.62 0.62 0.62 0.64 0.68 0.73 0.80 0.85 0.87 0.86 0.85 0.86 0.87 0.91 0.96 1.02 1.08 1.14 1.18 1.22 1.25 1.27 1.30 1.34 1.38 1.42 1.46 1.50 1.54 1.57 1.61 1.64 1.68 1.71 1.75 1.79 1.84 1.90 1.98 2.06 2.19 2.42 2.78 3.39
0.19 0.17 0.16 0.13 0.11 0.12 0.13 0.13 0.12 0.12 0.14 0.17 0.18 0.18 0.19 0.18 0.18 0.20 0.24 0.29 0.33 0.43 0.52 0.48 0.37 0.33 0.35 0.37 0.37 0.38 0.39 0.40 0.41 0.42 0.43 0.46 0.47 0.48 0.50 0.53 0.56 0.57 0.58 0.59 0.63 0.68 0.73 0.78 0.81 0.82 0.83 0.83 0.85 0.89 0.93 0.98 1.03 1.10 1.18 1.24 1.23 1.23 1.26 1.31 1.35 1.39 1.43 1.48 1.52 1.56 1.60 1.64 1.67 1.71 1.76 1.81 1.87 1.94 2.02 2.11 2.24 2.41 2.66 3.07
0.23 0.21 0.17 0.13 0.10 0.10 0.11 0.13 0.15 0.17 0.18 0.18 0.18 0.17 0.17 0.17 0.19 0.21 0.24 0.30 0.39 0.47 0.44 0.33 0.27 0.27 0.30 0.32 0.33 0.34 0.34 0.35 0.36 0.37 0.39 0.41 0.41 0.42 0.44 0.48 0.50 0.52 0.52 0.54 0.57 0.61 0.66 0.72 0.76 0.78 0.80 0.82 0.84 0.87 0.87 0.89 0.95 1.06 1.25 1.28 1.19 1.18 1.22 1.27 1.32 1.36 1.41 1.46 1.50 1.54 1.58 1.63 1.67 1.72 1.77 1.83 1.89 1.96 2.04 2.14 2.27 2.41 2.58 2.88
0.24 0.24 0.22 0.20 0.18 0.16 0.16 0.18 0.21 0.23 0.23 0.21 0.21 0.20 0.21 0.22 0.24 0.24 0.24 0.31 0.39 0.39 0.28 0.22 0.22 0.24 0.26 0.28 0.28 0.29 0.30 0.30 0.31 0.32 0.34 0.35 0.36 0.38 0.41 0.43 0.45 0.46 0.47 0.49 0.52 0.55 0.59 0.65 0.70 0.74 0.77 0.80 0.83 0.83 0.80 0.81 0.93 1.13 1.31 1.27 1.11 1.10 1.17 1.22 1.28 1.33 1.38 1.43 1.48 1.52 1.57 1.62 1.66 1.72 1.77 1.84 1.90 1.97 2.06 2.16 2.29 2.42 2.60 2.88
0.27 0.28 0.30 0.32 0.32 0.30 0.30 0.33 0.36 0.37 0.32 0.27 0.25 0.24 0.24 0.25 0.27 0.30 0.33 0.37 0.35 0.24 0.17 0.17 0.18 0.21 0.23 0.24 0.24 0.25 0.25 0.25 0.26 0.28 0.29 0.30 0.31 0.33 0.35 0.37 0.38 0.40 0.42 0.44 0.47 0.49 0.52 0.57 0.63 0.70 0.74 0.78 0.80 0.79 0.75 0.81 1.02 1.18 1.24 1.15 1.02 1.02 1.10 1.18 1.25 1.30 1.35 1.40 1.45 1.50 1.55 1.60 1.66 1.71 1.77 1.83 1.90 1.98 2.07 2.18 2.30 2.43 2.61 2.83
0.28 0.29 0.32 0.35 0.37 0.37 0.39 0.41 0.44 0.47 0.47 0.43 0.41 0.41 0.41 0.41 0.41 0.43 0.41 0.37 0.31 0.17 0.14 0.15 0.17 0.19 0.20 0.21 0.21 0.21 0.21 0.21 0.21 0.22 0.24 0.25 0.26 0.28 0.29 0.31 0.32 0.33 0.36 0.38 0.40 0.41 0.44 0.49 0.57 0.64 0.72 0.77 0.76 0.74 0.74 0.85 1.02 1.08 1.07 1.04 0.99 0.97 1.03 1.13 1.21 1.27 1.32 1.37 1.43 1.48 1.53 1.59 1.64 1.70 1.76 1.82 1.90 1.97 2.07 2.17 2.28 2.41 2.57 2.76
0.29 0.30 0.31 0.32 0.33 0.33 0.32 0.31 0.32 0.38 0.47 0.51 0.52 0.53 0.53 0.52 0.50 0.48 0.42 0.35 0.29 0.22 0.20 0.18 0.18 0.18 0.19 0.19 0.20 0.20 0.19 0.17 0.17 0.17 0.18 0.19 0.21 0.22 0.24 0.26 0.28 0.30 0.32 0.34 0.34 0.36 0.39 0.44 0.51 0.58 0.71 0.77 0.70 0.69 0.73 0.81 0.92 0.96 0.97 0.98 0.98 0.94 1.00 1.10 1.18 1.23 1.29 1.34 1.40 1.46 1.51 1.56 1.61 1.68 1.74 1.81 1.89 1.97 2.06 2.15 2.26 2.38 2.52 2.69
0.28 0.31 0.33 0.33 0.33 0.31 0.26 0.22 0.19 0.23 0.32 0.38 0.38 0.34 0.34 0.37 0.43 0.44 0.45 0.38 0.30 0.30 0.26 0.22 0.19 0.18 0.19 0.20 0.20 0.21 0.22 0.20 0.17 0.15 0.15 0.15 0.16 0.16 0.18 0.19 0.22 0.26 0.28 0.31 0.33 0.35 0.38 0.42 0.49 0.59 0.71 0.70 0.60 0.61 0.69 0.76 0.83 0.89 0.91 0.93 0.95 0.94 0.98 1.08 1.14 1.19 1.26 1.32 1.38 1.42 1.47 1.53 1.59 1.66 1.72 1.79 1.87 1.95 2.03 2.13 2.23 2.34 2.47 2.61
0.25 0.31 0.36 0.37 0.39 0.37 0.31 0.24 0.18 0.18 0.23 0.28 0.28 0.27 0.28 0.34 0.40 0.50 0.55 0.40 0.35 0.39 0.36 0.29 0.22 0.19 0.19 0.21 0.22 0.23 0.25 0.25 0.22 0.17 0.14 0.12 0.12 0.12 0.13 0.14 0.16 0.20 0.23 0.26 0.31 0.35 0.39 0.44 0.52 0.59 0.62 0.57 0.52 0.55 0.63 0.71 0.77 0.82 0.84 0.88 0.91 0.92 0.97 1.05 1.10 1.16 1.23 1.29 1.34 1.38 1.44 1.50 1.57 1.63 1.70 1.77 1.84 1.92 2.01 2.09 2.19 2.30 2.41 2.53
0.25 0.33 0.40 0.41 0.44 0.45 0.41 0.34 0.28 0.24 0.24 0.24 0.22 0.28 0.33 0.41 0.48 0.58 0.63 0.52 0.46 0.48 0.51 0.41 0.27 0.20 0.20 0.23 0.25 0.25 0.27 0.28 0.26 0.23 0.18 0.14 0.12 0.10 0.09 0.09 0.10 0.14 0.17 0.21 0.25 0.29 0.34 0.40 0.45 0.47 0.45 0.46 0.48 0.50 0.57 0.65 0.70 0.74 0.78 0.83 0.86 0.88 0.94 1.01 1.07 1.14 1.20 1.25 1.29 1.34 1.41 1.47 1.54 1.60 1.67 1.74 1.82 1.89 1.98 2.06 2.15 2.25 2.35 2.45
0.28 0.36 0.45 0.44 0.47 0.50 0.47 0.44 0.40 0.34 0.30 0.26 0.23 0.27 0.38 0.48 0.57 0.62 0.56 0.59 0.59 0.61 0.66 0.54 0.33 0.22 0.24 0.27 0.29 0.31 0.33 0.32 0.32 0.29 0.25 0.20 0.18 0.14 0.10 0.07 0.05 0.07 0.11 0.14 0.17 0.21 0.25 0.29 0.32 0.34 0.35 0.39 0.43 0.46 0.53 0.60 0.65 0.69 0.73 0.77 0.80 0.85 0.92 0.98 1.04 1.10 1.15 1.20 1.25 1.31 1.38 1.45 1.51 1.57 1.64 1.71 1.78 1.86 1.94 2.02 2.11 2.20 2.29 2.38
0.35 0.43 0.50 0.49 0.49 0.49 0.47 0.49 0.48 0.43 0.39 0.34 0.29 0.31 0.42 0.57 0.64 0.58 0.51 0.56 0.65 0.75 0.78 0.65 0.38 0.29 0.32 0.34 0.36 0.39 0.41 0.40 0.38 0.36 0.32 0.29 0.26 0.22 0.18 0.12 0.07 0.02 0.04 0.08 0.12 0.15 0.18 0.22 0.25 0.28 0.31 0.35 0.38 0.43 0.49 0.54 0.59 0.64 0.68 0.71 0.74 0.81 0.89 0.95 1.01 1.06 1.11 1.17 1.22 1.27 1.34 1.40 1.46 1.53 1.60 1.68 1.74 1.82 1.90 1.98 2.06 2.15 2.23 2.31
0.46 0.52 0.57 0.57 0.54 0.52 0.51 0.52 0.52 0.49 0.47 0.42 0.37 0.39 0.47 0.61 0.70 0.60 0.50 0.54 0.68 0.84 0.85 0.62 0.45 0.41 0.42 0.43 0.44 0.47 0.49 0.50 0.48 0.45 0.41 0.38 0.34 0.32 0.28 0.21 0.14 0.09 0.03 0.02 0.06 0.11 0.14 0.17 0.20 0.23 0.27 0.31 0.35 0.39 0.44 0.48 0.52 0.58 0.63 0.65 0.69 0.76 0.84 0.92 0.99 1.03 1.08 1.13 1.16 1.21 1.29 1.36 1.43 1.50 1.57 1.64 1.71 1.78 1.86 1.94 2.01 2.09 2.17 2.25
0.57 0.60 0.65 0.65 0.60 0.57 0.57 0.57 0.56 0.54 0.52 0.48 0.43 0.46 0.55 0.66 0.76 0.69 0.55 0.65 0.85 0.91 0.80 0.67 0.58 0.53 0.53 0.53 0.53 0.56 0.60 0.62 0.61 0.57 0.52 0.47 0.43 0.41 0.39 0.32 0.23 0.17 0.11 0.06 0.02 0.04 0.07 0.11 0.15 0.19 0.22 0.26 0.30 0.34 0.38 0.42 0.46 0.53 0.58 0.60 0.64 0.71 0.79 0.88 0.96 0.99 1.03 1.06 1.09 1.16 1.25 1.33 1.39 1.45 1.53 1.60 1.67 1.74 1.82 1.89 1.96 2.04 2.11 2.19
0.66 0.69 0.71 0.71 0.66 0.63 0.63 0.63 0.61 0.59 0.56 0.53 0.47 0.47 0.59 0.72 0.82 0.78 0.69 0.83 1.00 0.86 0.77 0.77 0.72 0.67 0.65 0.63 0.62 0.66 0.71 0.75 0.74 0.70 0.64 0.58 0.53 0.53 0.51 0.42 0.32 0.25 0.20 0.14 0.09 0.03 0.04 0.08 0.11 0.15 0.19 0.22 0.25 0.29 0.33 0.37 0.42 0.48 0.51 0.56 0.61 0.67 0.74 0.83 0.91 0.95 0.97 0.99 1.01 1.09 1.22 1.31 1.34 1.40 1.48 1.55 1.62 1.70 1.77 1.84 1.92 1.99 2.06 2.13
0.76 0.77 0.77 0.76 0.73 0.71 0.69 0.69 0.68 0.64 0.61 0.58 0.50 0.46 0.53 0.68 0.84 0.84 0.80 0.99 1.09 0.94 0.89 0.89 0.85 0.83 0.82 0.76 0.73 0.79 0.83 0.87 0.89 0.85 0.79 0.73 0.67 0.64 0.60 0.52 0.41 0.34 0.28 0.23 0.17 0.11 0.05 0.05 0.08 0.12 0.15 0.18 0.22 0.26 0.30 0.34 0.38 0.42 0.47 0.52 0.58 0.62 0.68 0.77 0.86 0.90 0.90 0.91 0.93 1.02 1.19 1.29 1.29 1.35 1.43 1.50 1.59 1.67 1.73 1.80 1.87 1.93 2.00 2.07
0.85 0.83 0.82 0.81 0.80 0.77 0.76 0.75 0.74 0.72 0.67 0.64 0.58 0.53 0.56 0.65 0.83 0.87 0.86 1.00 1.08 1.07 1.07 1.04 0.98 0.97 1.02 0.97 0.90 0.95 0.96 0.97 1.03 1.01 0.95 0.90 0.82 0.75 0.70 0.62 0.52 0.44 0.38 0.32 0.26 0.19 0.12 0.05 0.04 0.09 0.12 0.15 0.19 0.22 0.26 0.30 0.35 0.38 0.42 0.47 0.51 0.55 0.61 0.71 0.78 0.83 0.84 0.85 0.86 0.97 1.14 1.24 1.25 1.28 1.35 1.46 1.57 1.63 1.69 1.75 1.82 1.89 1.95 2.01
0.90 0.89 0.86 0.87 0.88 0.85 0.82 0.80 0.80 0.82 0.76 0.72 0.69 0.63 0.63 0.69 0.81 0.87 0.88 0.95 1.02 1.08 1.15 1.15 1.12 1.13 1.21 1.20 1.14 1.17 1.13 1.13 1.15 1.14 1.11 1.09 1.02 0.90 0.83 0.75 0.65 0.54 0.47 0.42 0.35 0.28 0.20 0.12 0.04 0.06 0.12 0.15 0.17 0.20 0.23 0.26 0.30 0.34 0.38 0.42 0.45 0.50 0.56 0.64 0.69 0.75 0.79 0.79 0.81 0.92 1.05 1.14 1.22 1.22 1.30 1.46 1.57 1.58 1.62 1.72 1.80 1.85 1.89 1.94
0.94 0.92 0.89 0.92 0.97 0.95 0.89 0.86 0.88 0.93 0.89 0.84 0.79 0.72 0.71 0.72 0.80 0.86 0.86 0.90 1.01 1.12 1.13 1.16 1.23 1.27 1.37 1.42 1.45 1.44 1.40 1.35 1.24 1.19 1.30 1.40 1.30 1.09 0.96 0.86 0.74 0.63 0.56 0.51 0.43 0.36 0.29 0.20 0.12 0.04 0.09 0.14 0.18 0.21 0.24 0.25 0.27 0.30 0.34 0.37 0.40 0.45 0.51 0.57 0.62 0.69 0.73 0.72 0.74 0.84 0.95 1.04 1.16 1.22 1.31 1.47 1.53 1.49 1.56 1.74 1.83 1.80 1.81 1.87
0.94 0.93 0.92 0.97 1.03 1.04 1.00 0.94 0.95 1.03 1.01 0.95 0.88 0.82 0.81 0.78 0.82 0.85 0.83 0.86 1.03 1.22 1.13 1.04 1.23 1.42 1.48 1.56 1.77 1.81 1.67 1.51 1.21 1.22 1.62 1.77 1.53 1.19 1.03 0.95 0.83 0.73 0.67 0.60 0.52 0.46 0.39 0.30 0.20 0.10 0.06 0.10 0.15 0.20 0.25 0.27 0.28 0.29 0.31 0.33 0.36 0.40 0.45 0.50 0.56 0.61 0.65 0.67 0.68 0.75 0.86 0.97 1.09 1.20 1.31 1.42 1.48 1.47 1.55 1.75 1.82 1.74 1.73 1.78
0.91 0.92 0.96 1.04 1.08 1.11 1.10 1.04 1.04 1.10 1.13 1.05 0.93 0.91 0.95 0.91 0.87 0.86 0.83 0.88 1.07 1.30 1.18 0.94 1.08 1.43 1.56 1.59 1.99 2.20 1.88 1.62 1.23 1.35 2.03 2.05 1.59 1.22 1.16 1.12 0.94 0.82 0.78 0.72 0.63 0.55 0.48 0.39 0.28 0.17 0.08 0.08 0.12 0.16 0.22 0.28 0.30 0.30 0.31 0.33 0.35 0.37 0.41 0.44 0.49 0.53 0.57 0.61 0.63 0.67 0.76 0.91 1.04 1.14 1.26 1.37 1.46 1.50 1.52 1.65 1.76 1.74 1.67 1.67
0.86 0.89 0.99 1.10 1.13 1.15 1.15 1.13 1.13 1.15 1.20 1.16 1.02 1.01 1.11 1.09 0.94 0.81 0.87 1.05 1.26 1.38 1.20 0.92 0.91 1.27 1.56 1.62 2.09 2.46 2.07 1.76 1.45 1.62 2.36 2.19 1.58 1.38 1.40 1.24 0.93 0.85 0.90 0.83 0.72 0.64 0.57 0.48 0.37 0.24 0.13 0.07 0.12 0.16 0.20 0.26 0.31 0.33 0.33 0.34 0.36 0.37 0.38 0.40 0.42 0.45 0.50 0.55 0.58 0.59 0.65 0.82 0.99 1.07 1.19 1.31 1.42 1.47 1.46 1.55 1.69 1.78 1.68 1.58
0.82 0.89 1.05 1.15 1.18 1.18 1.15 1.16 1.18 1.20 1.26 1.25 1.12 1.12 1.26 1.27 0.99 0.68 0.87 1.27 1.56 1.55 1.19 0.92 0.85 1.04 1.41 1.66 2.24 2.66 2.28 1.92 1.71 1.98 2.63 2.40 1.83 1.73 1.59 1.18 0.88 0.96 1.02 0.88 0.78 0.73 0.65 0.56 0.45 0.33 0.20 0.09 0.10 0.17 0.21 0.25 0.31 0.35 0.36 0.34 0.36 0.38 0.37 0.36 0.37 0.39 0.44 0.48 0.51 0.53 0.58 0.74 0.92 1.01 1.11 1.24 1.34 1.40 1.43 1.50 1.63 1.78 1.71 1.53
0.81 0.94 1.12 1.20 1.22 1.20 1.16 1.19 1.22 1.22 1.31 1.37 1.23 1.21 1.40 1.44 1.00 0.53 0.78 1.35 1.82 1.87 1.28 0.88 0.86 0.99 1.21 1.48 2.14 2.78 2.67 2.16 1.90 2.29 2.96 2.78 2.27 2.00 1.60 1.11 1.00 1.08 1.07 0.94 0.87 0.80 0.69 0.60 0.53 0.41 0.28 0.14 0.06 0.16 0.23 0.26 0.31 0.38 0.40 0.37 0.36 0.37 0.39 0.38 0.37 0.36 0.39 0.41 0.44 0.48 0.54 0.67 0.83 0.92 1.02 1.14 1.24 1.31 1.41 1.49 1.58 1.72 1.68 1.52
0.86 0.99 1.15 1.23 1.25 1.22 1.20 1.23 1.26 1.24 1.34 1.55 1.45 1.29 1.49 1.57 1.01 0.40 0.62 1.26 1.90 2.20 1.63 0.88 0.86 1.17 1.23 1.31 1.69 2.47 2.95 2.65 2.23 2.65 3.32 3.09 2.53 2.01 1.41 1.14 1.06 0.99 1.05 1.11 1.00 0.86 0.71 0.62 0.56 0.48 0.36 0.22 0.05 0.13 0.23 0.27 0.32 0.39 0.45 0.43 0.39 0.40 0.41 0.41 0.40 0.39 0.38 0.37 0.39 0.43 0.48 0.58 0.72 0.83 0.92 1.03 1.13 1.21 1.35 1.48 1.58 1.66 1.60 1.50
0.94 1.03 1.15 1.23 1.29 1.26 1.21 1.24 1.29 1.27 1.36 1.67 1.67 1.39 1.56 1.70 1.08 0.32 0.44 1.04 1.75 2.37 2.14 1.16 0.99 1.45 1.48 1.46 1.49 1.87 2.66 3.05 2.96 3.28 3.69 3.20 2.41 1.79 1.30 1.08 0.90 0.88 1.18 1.31 1.08 0.84 0.69 0.62 0.58 0.53 0.44 0.31 0.13 0.08 0.22 0.29 0.32 0.40 0.50 0.52 0.48 0.46 0.47 0.45 0.42 0.41 0.41 0.38 0.38 0.39 0.43 0.51 0.62 0.72 0.81 0.94 1.04 1.12 1.25 1.40 1.58 1.63 1.49 1.44
