windninja/windninja_output/Output_2025-08-24_1700-1750_Google earth_Fire_150m_10min/merlingen_7.5mi_point_08-24-2025_1740_150m_ang.asc
ncols	158
nrows	163
xllcorner	391686.332397
yllcorner	5160024.123721
cellsize	150.000000
NODATA_value	-32768.000000
[rows 0 to 41 of 163, columns 0 to 94 of 158]
325 323 320 320 321 323 326 324 322 323 324 322 316 300 290 292 295 298 303 311 320 324 322 321 321 322 322 318 317 318 318 316 314 312 311 312 313 311 308 309 309 309 310 309 310 312 313 314 317 320 323 324 324 326 326 323 320 316 315 316 317 316 314 313 312 311 310 310 312 314 315 314 311 308 307 308 308 305 304 305 305 302 297 296 296 293 289 286 284 281 278 277 276 273 268
328 325 321 321 321 322 324 323 319 319 322 325 326 317 309 306 308 312 314 317 323 327 325 324 323 323 324 322 319 318 318 317 316 315 314 314 316 316 315 316 315 314 315 315 316 318 319 319 320 320 321 321 321 322 322 321 320 318 317 317 317 316 315 315 314 313 312 311 311 313 315 315 313 311 310 310 309 307 306 307 307 303 300 298 296 296 295 291 287 285 283 281 280 278 276
332 328 325 324 322 322 325 323 319 320 324 332 337 332 324 319 320 322 322 322 326 329 328 327 325 325 326 325 322 320 319 318 318 318 318 318 320 321 322 322 321 321 321 320 322 323 324 325 325 323 321 320 320 319 319 320 320 320 319 318 319 319 318 317 317 316 314 312 311 313 315 316 314 313 312 312 312 309 308 310 311 306 303 302 299 301 305 302 297 295 293 292 292 292 292
330 328 327 326 325 327 328 327 326 328 332 339 341 335 327 321 322 324 324 324 327 328 329 330 328 328 330 330 329 328 325 323 321 320 321 321 321 321 322 323 324 325 324 323 324 325 325 326 328 327 326 325 325 323 322 322 320 319 319 319 320 320 319 318 318 318 316 312 311 313 316 315 314 312 312 313 313 310 308 311 314 310 306 306 303 304 311 311 308 307 305 303 304 305 305
326 327 328 328 327 329 328 326 327 330 337 342 342 336 327 321 320 322 323 324 325 325 329 331 329 330 333 334 335 334 333 330 327 325 324 324 323 323 324 325 326 327 326 326 326 326 326 327 328 328 328 327 325 323 322 321 320 319 319 319 319 320 320 318 318 318 316 313 310 313 315 314 312 312 312 311 309 308 308 310 314 310 306 308 305 304 311 315 314 314 314 313 314 316 317
324 324 327 329 328 329 327 325 325 330 337 340 341 334 324 320 318 319 321 321 321 321 325 329 328 327 330 333 335 335 335 333 331 330 330 328 327 327 327 327 328 327 326 326 326 326 326 326 326 326 328 327 324 322 321 320 319 319 319 319 319 320 320 319 319 318 317 313 312 314 316 313 312 314 315 313 311 309 309 310 310 308 306 307 306 305 309 312 312 314 316 316 320 323 322
324 323 323 326 327 327 326 324 326 331 335 338 339 332 322 319 319 321 323 323 321 320 322 326 325 325 327 329 331 333 333 331 330 332 333 331 330 329 328 328 328 327 324 323 323 323 324 324 324 326 327 326 325 323 321 319 319 319 319 320 321 323 323 321 320 319 318 314 313 317 319 316 315 317 318 316 314 312 314 313 309 310 310 309 307 304 306 309 310 311 311 311 314 317 318
325 324 323 322 322 323 323 324 327 330 333 335 337 332 323 320 322 323 324 325 324 322 323 324 324 325 326 326 328 330 329 327 327 329 329 328 328 328 327 327 326 324 322 321 321 321 321 322 323 325 326 324 325 324 321 319 319 319 320 321 322 325 326 324 322 320 318 315 315 318 319 317 317 319 319 317 313 312 316 315 308 309 313 313 311 309 309 311 311 311 309 307 307 308 312
324 324 323 322 320 319 320 322 326 329 330 332 334 332 325 322 323 324 324 325 324 323 324 326 327 328 327 326 327 328 325 323 325 326 323 322 323 323 323 322 321 320 319 319 319 319 320 320 321 324 325 322 323 323 319 318 319 320 320 320 320 321 323 323 321 319 317 316 317 318 317 313 313 316 317 315 312 312 317 314 307 308 314 317 317 317 317 318 319 321 320 317 315 315 318
324 324 323 323 322 321 321 323 325 327 329 330 331 330 325 322 323 323 325 326 325 325 325 328 330 330 329 328 329 328 323 323 324 323 321 319 320 320 320 318 318 318 317 318 317 317 318 318 319 323 322 320 321 320 316 315 317 317 315 315 313 314 316 316 315 314 315 316 317 317 314 311 311 313 315 314 310 312 318 316 312 312 315 317 315 316 318 319 323 327 327 324 322 323 321
325 324 323 323 324 324 324 325 326 327 328 328 329 328 324 321 321 322 324 325 326 326 327 329 332 333 333 331 329 327 323 321 322 320 317 317 318 319 318 318 319 318 317 317 315 314 315 315 314 317 316 315 317 314 310 308 307 306 304 303 303 303 306 309 308 308 309 311 314 314 310 310 313 315 315 313 310 312 318 318 316 316 317 317 314 315 315 313 316 323 324 319 319 321 318
325 324 324 324 324 325 325 325 326 327 327 328 329 329 325 321 320 321 322 323 323 324 326 329 332 334 336 332 327 324 320 318 318 316 315 315 316 317 317 318 318 316 316 316 314 312 311 309 305 304 303 303 302 299 296 293 291 291 289 287 285 285 291 299 300 300 300 302 309 311 310 311 313 317 320 320 319 319 320 320 319 318 319 320 318 319 317 311 313 322 319 311 312 317 314
325 324 324 324 325 325 325 325 326 326 327 327 328 329 324 318 317 319 321 321 321 321 323 326 329 332 334 330 324 321 319 318 317 316 315 314 313 315 315 316 316 315 316 316 313 310 307 301 293 291 291 289 286 282 281 282 282 279 274 269 271 275 281 288 290 291 291 295 306 310 310 310 312 318 324 325 324 323 323 324 322 319 320 319 319 321 318 312 315 324 317 308 307 313 309
325 325 324 325 325 325 325 325 325 326 326 327 329 330 325 317 313 316 318 319 319 320 320 321 324 329 331 328 325 322 319 317 315 316 316 315 314 314 314 315 313 310 308 305 300 296 296 295 292 289 288 287 284 278 277 278 278 275 270 271 277 284 288 291 291 288 286 291 301 308 309 309 311 317 321 321 318 317 318 321 320 318 317 315 314 317 314 309 310 317 312 302 300 301 298
325 325 325 325 325 325 325 326 326 326 326 327 329 331 328 320 315 315 316 315 315 317 317 319 322 326 328 328 326 324 320 316 315 316 318 316 315 313 310 307 301 292 283 282 283 283 287 297 300 297 296 298 296 292 290 290 291 292 292 291 294 298 302 304 302 297 297 297 300 306 310 310 310 313 316 315 312 309 308 309 312 313 312 309 308 308 306 302 300 301 298 289 284 284 284
325 325 325 325 325 325 325 325 325 326 326 327 328 330 329 323 320 319 318 316 315 317 319 322 323 324 327 328 326 325 322 320 321 320 317 312 306 301 296 289 282 280 283 290 296 298 300 303 303 302 306 312 315 313 311 311 312 314 313 305 303 306 309 313 311 307 307 306 305 309 311 307 305 307 311 312 309 306 305 306 308 309 305 301 299 297 293 288 286 285 284 280 278 278 279
326 325 325 325 325 325 325 325 325 325 326 326 327 328 327 321 320 321 321 320 319 320 322 324 324 324 327 328 328 327 323 321 321 317 307 298 292 290 290 291 295 302 306 307 310 311 310 312 311 309 312 318 320 319 318 317 317 322 322 313 309 308 311 316 313 308 309 310 311 314 313 306 301 304 310 311 311 309 308 307 306 304 298 293 288 282 277 272 275 283 287 287 285 283 284
326 326 326 326 326 326 326 326 326 326 326 326 326 326 324 319 317 318 321 321 321 321 322 322 322 323 325 326 325 323 321 319 318 313 305 303 304 305 308 310 312 314 311 310 312 313 313 317 318 316 315 317 318 317 317 316 317 322 324 318 312 311 314 317 315 310 309 312 313 313 314 313 308 307 310 310 313 311 305 300 296 293 290 283 276 273 271 273 281 290 295 292 289 289 288
326 326 326 326 326 326 326 326 326 326 326 325 325 324 323 319 316 316 317 318 318 320 320 320 319 320 322 323 321 318 317 318 319 318 316 313 312 313 314 313 313 313 312 312 313 312 314 317 317 316 315 314 315 316 317 318 318 320 321 318 313 312 315 317 315 312 309 310 312 312 315 320 317 312 312 309 306 300 290 282 281 282 282 282 282 282 285 287 289 294 299 297 293 292 292
326 326 326 326 326 326 326 325 325 326 326 325 325 324 323 320 317 316 316 317 319 320 321 321 320 321 322 322 321 320 320 323 323 319 313 311 311 314 317 316 317 318 317 317 316 316 316 318 316 313 312 313 315 317 318 319 319 318 318 316 312 309 311 313 312 310 308 309 313 315 319 323 321 317 317 314 305 292 283 281 284 286 291 295 295 293 292 292 290 294 303 306 297 294 294
327 326 326 326 326 326 326 326 325 326 326 325 325 325 323 322 320 319 319 320 322 323 323 323 323 323 323 323 324 324 327 330 329 323 320 320 319 322 325 324 323 322 320 319 318 317 316 317 317 314 313 314 316 317 317 317 317 317 316 315 312 308 309 312 311 310 311 312 315 318 322 324 320 316 318 322 319 308 300 296 296 298 300 302 302 297 294 292 291 295 305 312 302 295 295
327 327 327 326 326 326 326 326 326 326 326 325 325 325 324 324 323 323 322 323 324 324 325 325 325 325 325 326 326 327 330 334 332 327 326 326 325 326 327 326 325 324 321 319 317 315 314 317 319 317 315 316 317 317 316 315 314 315 315 314 313 309 309 312 312 312 315 316 316 319 323 323 317 313 316 324 327 320 312 306 304 303 302 303 307 302 298 295 295 298 307 317 309 299 299
326 327 327 327 326 326 327 326 326 326 326 326 326 326 325 325 325 325 324 325 326 326 326 327 327 327 328 328 328 329 332 335 331 326 325 323 322 323 325 324 324 324 322 319 316 316 318 320 320 319 316 316 316 316 317 317 315 315 316 314 313 309 308 312 314 317 319 318 318 320 322 320 315 312 316 326 330 323 317 312 309 308 306 306 309 308 306 303 300 302 310 322 315 302 301
327 327 327 327 327 327 327 327 326 326 326 327 327 327 326 326 326 326 326 326 327 327 328 329 329 329 330 330 328 328 330 331 327 323 321 319 317 318 321 323 324 323 322 320 318 319 322 321 320 319 316 315 316 316 318 318 317 316 318 316 312 308 307 311 315 319 321 319 318 319 319 316 311 312 319 328 331 323 317 313 310 311 310 309 311 311 310 305 301 302 310 323 314 302 300
327 327 327 327 327 327 327 327 326 326 327 327 327 327 327 327 327 327 327 327 328 328 329 331 331 332 333 332 327 325 327 327 324 321 320 319 319 318 319 321 323 323 323 322 320 322 324 321 320 318 316 315 316 317 318 320 319 318 319 316 310 307 307 311 315 317 316 315 313 310 309 310 310 314 322 330 327 319 315 314 312 312 314 313 312 311 310 305 299 300 311 324 313 302 300
327 327 327 327 327 327 327 327 326 326 327 327 327 327 327 328 328 327 328 328 329 329 330 332 333 336 340 337 328 326 326 324 323 323 323 323 323 320 319 321 323 324 324 321 320 324 324 321 320 319 318 316 314 314 316 320 322 321 318 314 310 309 311 314 318 319 317 316 311 305 305 308 311 316 325 333 323 315 316 317 315 315 318 318 315 314 315 311 303 302 313 327 317 306 303
328 328 327 327 327 327 328 327 327 327 328 328 327 327 328 328 328 328 328 329 329 330 331 333 336 341 344 340 332 330 329 324 321 321 321 324 325 321 320 323 325 324 322 320 321 327 327 323 322 322 322 318 315 314 317 323 327 324 319 316 312 310 311 315 319 321 323 323 316 308 307 310 313 318 330 337 323 313 316 319 316 315 317 317 315 316 320 317 306 305 315 326 319 310 307
328 328 328 327 327 328 328 327 327 328 328 328 327 328 328 328 328 329 329 330 330 331 333 335 338 344 346 341 337 337 335 328 323 321 320 321 323 320 320 324 326 323 323 323 325 330 331 328 325 324 325 323 320 318 320 328 335 328 322 319 313 309 309 312 314 317 323 325 318 310 307 310 315 321 332 338 323 312 315 319 317 315 315 314 311 312 317 316 306 305 313 323 320 312 309
328 328 328 328 328 328 328 327 327 328 328 328 328 328 328 328 328 329 330 330 331 332 333 336 339 345 345 341 341 344 342 335 331 327 325 326 327 323 322 327 329 327 327 327 329 332 332 331 327 327 329 327 324 322 323 334 340 329 320 316 313 311 312 314 315 316 324 324 315 310 308 312 319 324 333 334 321 309 309 315 317 317 314 310 306 303 306 307 303 303 309 317 318 313 310
328 328 328 328 328 327 327 327 328 328 328 328 328 329 328 329 329 330 330 331 331 332 334 336 339 342 341 339 341 345 344 341 338 333 331 335 335 329 326 330 332 331 333 332 332 335 334 332 329 331 334 331 327 325 327 338 340 326 315 311 310 311 314 315 315 316 323 321 310 307 308 313 320 326 334 332 321 309 303 307 314 318 314 306 301 299 302 304 303 302 304 309 314 312 308
329 328 328 328 328 327 327 328 328 328 329 329 329 329 329 329 329 330 331 331 331 333 334 336 339 339 337 336 339 342 341 339 337 333 333 339 339 332 328 330 332 333 335 334 335 336 333 330 327 329 334 331 327 325 328 339 337 321 311 305 306 309 310 308 308 312 320 316 304 302 305 308 312 321 331 331 326 315 305 305 312 318 315 308 304 306 307 306 303 300 299 300 303 304 302
329 329 329 329 328 328 328 329 329 329 329 329 329 329 329 329 329 330 330 331 332 333 335 336 337 338 337 338 342 344 340 334 331 329 332 340 339 330 327 330 331 331 333 331 332 334 329 323 321 321 323 322 322 321 324 337 333 318 308 302 303 311 314 306 304 310 319 315 302 299 302 305 309 319 329 331 329 321 310 307 313 321 317 310 307 306 304 301 297 293 291 289 290 294 296
328 329 329 328 327 328 329 329 329 329 329 329 329 329 329 330 330 330 330 331 331 333 335 336 336 337 337 340 346 347 341 334 330 326 327 337 336 327 324 327 328 329 330 327 328 328 322 318 316 315 314 315 316 316 320 331 328 317 307 301 301 313 323 314 306 310 319 317 305 300 305 312 315 323 330 332 331 324 314 308 313 320 316 311 307 303 299 296 292 290 287 285 285 289 296
329 329 329 328 327 328 329 329 329 329 329 329 329 330 330 330 331 331 331 331 331 332 334 335 335 337 337 340 343 342 336 332 330 327 325 332 333 325 324 327 327 329 329 325 325 322 317 314 314 313 312 312 311 311 315 321 321 315 308 302 303 317 330 322 310 310 316 316 307 304 311 318 320 326 332 332 331 326 318 312 313 318 314 311 312 309 303 301 299 295 291 289 289 292 300
329 330 330 328 327 328 330 330 329 329 329 329 329 329 330 330 331 331 331 331 331 332 333 333 334 336 338 339 340 336 329 327 329 328 326 331 333 328 327 330 329 329 326 322 319 315 312 312 311 310 310 309 308 308 309 311 312 310 305 301 304 319 333 326 312 309 312 313 309 308 314 320 321 326 330 329 328 323 317 313 314 317 314 311 314 315 309 306 306 302 298 297 297 298 303
330 330 330 329 328 329 330 330 330 330 330 329 329 329 330 330 330 330 331 331 331 331 332 332 332 334 337 339 339 334 327 326 328 327 326 332 336 332 328 329 329 327 323 320 317 313 314 314 313 313 312 311 311 312 313 312 311 308 304 298 300 314 330 327 315 309 309 312 311 311 314 316 316 321 324 325 325 318 310 307 309 313 312 307 309 315 312 310 311 310 306 304 300 298 300
330 329 329 328 329 330 330 330 330 330 330 330 330 330 330 330 330 330 331 331 331 331 331 331 332 333 336 339 340 333 327 327 325 323 323 329 337 337 331 327 326 324 322 321 318 317 319 318 316 316 315 316 317 318 317 316 315 312 308 301 300 310 324 325 318 310 308 310 312 313 311 306 306 314 320 324 325 319 311 307 307 307 304 300 301 311 316 314 313 314 310 305 300 297 301
330 330 328 328 329 330 330 330 330 329 330 330 330 330 330 330 330 330 330 330 330 330 331 331 332 333 335 339 339 331 328 326 323 320 320 325 337 342 334 329 328 326 324 323 321 320 322 322 321 319 317 319 321 319 318 318 319 317 314 309 306 311 320 324 320 310 304 305 310 315 311 305 307 316 324 325 325 328 319 312 312 310 305 301 300 309 320 320 314 313 312 306 301 300 305
329 329 329 329 329 330 330 330 329 329 329 330 330 330 330 330 330 330 330 330 330 330 331 331 331 333 335 337 334 327 325 324 322 321 321 327 344 346 335 332 331 328 327 326 324 324 326 327 329 326 323 325 327 324 321 322 325 325 322 319 317 319 323 327 324 311 301 300 306 314 314 314 317 323 330 323 324 333 326 317 320 319 312 306 302 307 322 325 318 314 313 307 301 300 302
329 329 328 329 329 329 329 329 329 329 330 330 330 330 329 330 330 330 330 330 330 330 330 330 330 331 333 332 328 323 321 321 322 322 322 333 350 345 338 335 332 329 327 327 328 327 327 329 331 328 324 326 331 331 328 329 332 331 329 326 326 327 328 328 326 313 301 299 305 312 315 317 320 328 331 321 324 339 334 323 326 326 317 307 300 303 316 325 321 316 315 308 300 298 299
329 329 329 329 329 330 329 329 328 329 330 330 330 329 329 330 330 330 329 329 329 329 330 330 330 330 330 328 325 321 318 319 320 321 325 338 343 340 338 337 335 331 329 329 330 329 330 332 333 330 325 325 330 331 330 331 333 332 328 325 325 329 327 324 324 316 303 302 308 313 316 316 317 327 326 319 327 344 339 327 329 331 322 311 303 304 313 323 323 318 316 306 297 294 296
329 329 329 329 329 329 329 329 328 329 329 329 329 329 329 329 330 329 329 329 329 329 329 329 329 329 328 327 326 323 319 319 321 322 330 339 340 336 334 335 335 334 334 334 332 331 333 335 336 333 326 325 328 329 326 325 327 328 322 317 319 324 324 321 323 318 308 308 314 317 319 316 316 326 322 318 331 348 343 331 328 328 321 314 310 311 318 325 323 318 314 304 293 290 296
