windninja/windninja_output/Output_2025-08-24_1700-1750_Google earth_Fire_150m_10min/merlingen_7.5mi_point_08-24-2025_1700_150m_ang.asc
ncols	158
nrows	163
xllcorner	391686.332397
yllcorner	5160024.123721
cellsize	150.000000
NODATA_value	-32768.000000
[rows 46 to 91 of 163, columns 0 to 95 of 158]
338 335 331 329 326 323 320 318 317 315 314 312 311 310 309 308 308 307 306 306 306 306 306 306 305 305 305 305 305 305 306 306 306 309 311 311 309 308 308 309 309 306 302 303 309 312 313 312 311 309 308 307 307 308 308 306 307 309 311 314 317 317 317 316 313 310 309 309 314 317 314 312 311 310 314 325 348 351 333 321 314 308 299 292 290 294 297 296 292 290 293 297 296 292 287 287
340 337 334 332 328 324 321 320 319 317 315 314 313 312 311 310 309 308 307 307 307 307 306 306 306 306 306 306 306 306 306 306 306 308 309 310 309 309 309 308 308 306 304 306 313 313 312 309 307 308 308 307 308 309 312 313 313 313 314 317 319 316 313 312 309 307 307 308 312 315 312 310 308 307 312 324 342 338 323 312 305 299 295 295 298 300 300 299 294 292 294 295 295 292 288 288
341 339 337 336 331 324 322 322 321 319 317 316 315 313 312 311 310 309 309 308 308 308 307 307 306 306 307 307 307 307 307 307 307 308 309 310 309 308 308 308 308 306 305 309 314 313 310 308 307 308 310 309 309 310 315 317 315 315 316 319 320 314 308 305 304 303 305 308 311 312 310 309 307 307 311 322 331 327 317 308 302 300 301 303 306 306 304 303 301 299 295 291 291 291 289 288
343 342 342 341 333 325 323 323 323 321 319 318 316 315 314 312 312 311 310 309 309 309 309 308 308 308 308 308 308 308 308 308 308 309 310 311 310 309 310 309 307 305 306 312 313 310 307 306 307 310 314 314 315 317 320 319 316 315 316 319 319 312 304 301 302 303 306 309 311 311 310 309 308 309 314 322 326 325 318 311 306 306 308 309 310 309 309 309 306 301 294 286 284 286 287 282
345 345 347 346 336 328 326 325 325 323 322 320 319 317 316 314 313 313 312 311 311 310 310 310 309 309 309 309 309 309 309 309 309 309 310 311 311 310 310 310 308 308 310 313 312 307 304 305 306 308 313 314 317 322 323 320 316 315 315 316 314 309 301 298 301 304 306 308 310 309 308 307 308 311 317 321 324 324 319 312 309 308 309 311 311 311 311 309 304 298 292 283 278 277 277 279
348 349 352 348 337 332 331 327 326 326 325 322 321 319 317 316 315 314 314 313 312 312 312 311 310 310 310 310 310 310 310 310 310 310 310 310 310 310 310 311 310 309 310 313 311 306 304 306 307 312 317 318 318 321 320 317 313 312 313 313 311 306 300 298 301 306 308 310 310 309 308 308 311 315 318 320 322 322 318 312 309 307 306 309 310 310 309 305 299 294 289 280 272 269 274 283
353 354 354 347 337 334 335 330 328 329 328 325 323 321 319 317 316 316 315 314 314 313 313 312 312 311 311 311 311 311 311 311 311 311 311 311 311 311 311 312 311 309 310 312 311 307 306 312 319 324 325 324 323 322 318 312 310 311 312 312 311 308 301 298 302 308 311 313 312 311 311 313 317 319 318 319 321 320 316 311 309 305 304 306 307 307 305 302 298 292 286 278 271 271 280 297
360 358 355 348 339 337 338 333 330 331 330 327 325 323 321 319 318 318 317 316 315 314 314 313 313 313 313 312 312 312 312 312 312 312 312 312 312 312 312 313 313 311 311 312 312 309 311 321 325 325 326 325 324 321 315 310 310 313 314 313 312 309 301 299 304 311 315 317 316 314 316 319 322 321 319 319 321 319 314 311 310 307 306 307 306 305 305 304 299 291 285 282 279 280 291 306
3 360 355 349 343 342 342 338 332 332 331 328 327 325 323 321 320 319 318 317 317 316 315 315 315 315 314 314 314 313 313 313 313 313 313 313 313 313 313 313 313 311 310 311 311 311 316 323 323 323 325 324 321 318 312 309 313 318 319 317 315 310 304 302 308 315 321 325 322 320 322 324 324 321 320 321 323 319 314 315 315 312 310 310 309 307 306 305 301 295 291 290 293 293 293 302
4 1 357 352 345 343 343 341 336 333 332 330 328 326 325 323 322 321 320 320 319 318 317 317 316 316 316 315 315 315 315 315 315 314 314 314 314 314 314 313 312 310 308 309 311 313 317 321 321 322 326 324 321 318 311 310 318 323 322 320 318 313 307 305 310 319 325 328 325 323 325 327 323 322 322 323 325 321 317 319 320 315 312 312 312 309 309 309 306 300 295 295 300 301 295 298
7 4 1 358 351 345 343 343 339 335 334 333 330 327 326 325 323 323 322 321 320 319 319 318 318 318 317 317 317 316 316 316 316 316 316 315 315 315 315 314 313 311 311 312 313 315 317 319 319 323 326 323 321 317 310 312 323 327 324 321 318 314 308 306 310 318 324 326 324 323 327 327 325 325 325 327 326 322 320 322 321 317 314 313 312 309 310 311 311 304 299 301 309 312 302 300
11 9 5 3 359 353 348 345 341 337 337 338 334 330 328 327 325 325 324 323 322 321 321 320 320 320 319 319 318 318 318 318 318 317 317 317 317 317 316 316 315 315 314 314 315 315 315 316 317 321 325 322 320 316 310 315 327 328 325 321 318 313 308 305 309 318 324 326 326 327 329 328 327 327 328 330 328 324 323 324 323 319 316 313 309 306 305 307 310 309 308 313 318 316 307 299
16 13 9 7 4 359 355 349 343 338 340 343 340 334 330 328 327 326 326 325 324 323 322 322 322 321 321 321 320 320 320 319 319 319 319 319 318 318 318 318 317 317 316 316 316 315 314 314 315 319 324 322 320 316 312 318 327 326 322 319 317 314 310 307 310 318 325 330 334 332 329 328 328 328 329 330 327 324 325 327 326 322 318 315 310 307 307 309 312 314 313 314 316 313 304 291
19 18 15 11 8 3 359 353 347 341 341 344 344 339 334 332 329 328 327 327 326 325 324 324 324 324 323 323 322 322 322 321 321 321 321 321 320 320 320 319 319 319 319 318 317 317 316 316 315 318 323 323 320 316 314 319 326 323 319 317 316 314 312 310 311 319 327 336 338 331 328 329 328 328 329 329 325 324 325 327 326 323 320 319 316 314 314 316 318 315 311 309 309 307 296 282
25 23 20 17 13 8 3 357 351 347 344 345 345 342 340 338 334 330 329 329 329 328 327 327 326 326 325 325 324 324 324 324 323 323 323 323 322 322 322 322 321 321 321 320 320 319 319 319 318 319 322 322 318 315 315 320 324 320 317 315 315 314 312 311 313 319 328 339 337 328 328 329 327 327 329 328 325 325 327 327 326 324 321 321 320 318 319 319 316 312 309 305 303 299 287 274
30 29 26 22 18 13 7 0 356 353 349 347 345 344 345 344 340 336 332 331 330 330 330 330 329 328 327 327 327 326 326 326 325 325 325 325 325 324 324 324 323 323 323 322 322 322 321 321 321 320 321 320 316 313 315 320 320 317 315 314 313 313 313 313 315 320 331 341 334 328 329 329 327 327 328 327 325 327 330 330 329 327 324 322 320 318 318 317 313 309 308 305 298 289 279 267
37 35 32 27 22 16 11 5 1 357 354 350 347 346 347 347 346 343 338 335 333 332 332 332 332 331 330 329 329 329 328 328 328 328 327 327 327 327 326 326 326 326 325 325 324 324 323 323 323 322 322 321 317 314 317 320 317 315 314 314 314 314 315 316 318 322 335 340 332 328 329 328 326 327 328 327 328 330 333 334 333 332 330 327 324 318 314 314 310 307 305 299 287 278 269 256
45 43 38 32 26 19 15 11 7 3 359 354 351 349 347 348 349 349 345 341 337 336 335 335 335 334 333 332 332 332 331 331 331 330 330 330 330 329 329 329 328 328 328 327 327 326 325 325 324 323 323 323 319 318 322 324 319 316 315 316 318 318 318 317 316 320 332 334 330 330 330 328 326 327 329 331 332 334 337 339 339 339 337 331 328 319 313 312 308 303 298 290 280 269 256 241
52 49 43 37 31 25 21 17 13 10 6 0 355 353 350 348 350 352 352 348 345 342 339 337 337 337 336 336 335 334 334 334 334 333 333 333 332 332 332 331 331 331 330 330 329 329 328 327 326 325 324 323 321 319 323 325 321 318 317 317 319 320 318 314 311 318 327 328 329 330 330 328 326 328 331 334 335 337 342 344 345 344 339 333 326 316 311 308 304 297 291 284 273 257 241 219
54 51 45 40 34 30 27 23 20 16 12 6 0 357 354 351 350 354 356 354 353 350 345 342 340 340 340 340 339 338 338 337 337 336 336 336 336 335 335 334 334 333 333 332 332 331 330 330 329 328 326 324 322 319 322 324 323 321 320 318 318 323 325 321 322 325 327 328 329 330 330 328 325 328 333 335 336 339 345 349 349 346 339 334 323 312 307 304 299 294 287 275 257 238 219 200
51 49 46 43 39 34 29 26 25 21 15 11 8 2 358 356 354 355 357 358 359 357 354 350 346 344 344 344 343 343 342 341 341 340 340 339 339 339 338 338 337 337 336 335 335 334 333 332 331 330 328 326 324 321 321 321 320 319 319 318 323 332 332 329 328 328 328 330 330 329 329 327 326 330 334 335 336 341 349 352 349 345 338 332 320 310 304 300 294 288 278 258 236 210 196 193
44 44 44 43 42 37 31 29 29 27 21 18 15 10 4 2 1 359 358 359 2 3 2 359 355 351 349 348 347 347 346 346 345 344 344 343 343 342 342 341 341 340 339 339 338 337 336 335 334 333 331 329 327 325 322 319 316 314 314 317 327 332 329 327 328 328 329 331 329 328 328 326 325 329 333 335 337 344 351 350 344 338 330 324 315 303 296 292 287 279 263 233 203 189 189 195
33 39 41 39 37 34 29 30 34 33 28 24 21 17 13 9 7 6 3 2 5 6 6 6 4 2 0 357 353 351 350 350 350 349 349 348 347 347 346 345 345 344 343 342 342 341 340 339 337 336 334 333 331 329 326 322 318 314 313 316 323 326 324 323 324 327 330 331 330 329 329 326 324 327 332 335 338 344 347 342 335 328 318 313 306 294 286 285 282 267 236 190 180 183 192 204
37 45 48 43 41 39 33 30 33 33 29 25 23 21 19 16 14 14 12 10 10 10 10 10 10 11 13 10 3 359 356 355 355 354 354 354 352 352 351 350 349 348 348 346 346 344 343 342 341 339 338 336 334 332 330 327 325 322 319 318 320 321 320 319 319 324 327 329 330 330 331 327 324 328 333 335 338 343 342 335 328 320 310 306 301 292 285 285 275 245 189 169 173 185 202 219
55 61 68 67 63 56 47 40 40 40 35 30 29 28 26 24 23 23 23 20 18 17 17 17 15 17 21 20 15 10 7 3 0 0 0 360 359 357 357 355 355 353 352 351 350 349 347 346 345 343 342 340 338 336 334 332 330 328 326 324 323 320 317 314 313 317 320 322 325 329 332 328 325 330 334 336 338 340 338 331 324 315 311 306 299 293 287 282 259 193 165 162 173 189 242 281
63 67 74 79 79 76 70 66 65 60 54 50 48 44 40 35 33 33 32 29 27 27 27 26 20 17 23 27 25 21 19 15 11 8 7 7 5 4 3 2 0 359 358 357 355 354 352 351 349 347 346 344 342 340 338 336 334 332 330 329 327 324 321 318 316 314 313 313 317 323 328 325 324 331 335 336 336 337 336 330 324 318 316 307 297 291 289 275 201 162 159 164 193 288 302 323
69 71 74 77 79 79 79 80 81 77 71 70 68 64 58 51 46 44 41 38 35 35 35 33 25 19 26 33 33 31 28 26 24 21 16 15 13 12 11 9 8 6 4 3 1 359 358 356 354 352 350 348 346 344 342 340 338 337 335 333 331 328 326 324 321 319 316 314 314 317 319 318 320 328 333 333 333 334 337 336 331 326 318 307 298 292 293 240 162 152 144 123 311 305 314 321
74 76 79 80 80 81 81 83 84 81 76 74 72 70 67 62 59 58 54 48 45 43 42 40 34 28 33 38 40 39 37 35 35 33 28 24 23 21 20 17 16 13 12 10 8 6 4 2 360 357 355 353 351 349 347 344 342 340 338 336 334 332 330 328 325 323 322 320 318 316 314 313 314 323 329 330 330 334 340 342 336 327 316 305 298 296 284 155 155 45 2 354 351 333 324 317
78 80 83 85 85 86 86 86 86 84 81 79 76 73 71 68 68 67 64 60 57 54 52 50 45 39 40 43 46 47 45 43 43 42 38 34 33 32 29 26 24 22 20 18 15 13 11 8 6 3 1 358 356 354 351 349 347 345 342 340 338 336 333 331 329 327 325 324 322 320 318 316 317 323 328 329 331 336 343 343 335 323 312 303 299 305 131 140 334 346 341 348 345 324 319 314
80 82 86 90 91 92 92 92 90 88 87 85 82 80 77 75 73 72 69 68 67 66 64 62 57 51 50 52 53 53 52 50 50 50 48 46 44 42 39 36 33 31 28 26 23 21 18 16 13 10 7 4 1 359 356 353 351 349 346 344 341 339 337 335 332 331 328 326 324 323 322 322 322 324 327 328 331 339 345 340 328 317 307 301 314 66 80 348 330 332 325 340 330 314 311 308
81 82 87 93 96 98 98 98 96 94 92 90 88 86 84 82 80 78 76 74 73 73 71 69 66 61 61 63 62 59 57 57 57 57 58 57 55 53 50 46 43 40 37 35 32 29 27 24 20 17 14 11 7 4 1 358 356 353 350 347 345 343 340 338 335 333 331 329 327 326 325 325 325 326 326 326 330 337 342 333 321 312 303 303 55 74 28 360 323 318 326 335 321 309 304 303
82 83 85 91 98 103 104 103 102 101 99 95 93 91 89 88 87 85 83 81 80 78 77 75 70 66 70 73 72 68 63 62 61 62 63 63 62 61 59 56 52 48 46 44 41 38 35 32 29 25 21 18 14 10 7 3 0 357 354 351 349 346 344 341 339 336 334 331 330 328 327 327 326 326 327 326 329 335 335 325 315 310 311 342 45 31 12 0 343 334 333 329 319 309 304 304
85 83 79 86 99 106 108 109 108 108 105 101 97 94 93 92 91 90 88 86 84 84 83 81 74 70 73 77 78 75 69 67 65 65 66 66 65 65 66 65 61 56 54 51 49 46 43 41 38 34 30 25 21 16 13 9 5 2 358 356 353 350 347 344 342 339 336 334 332 330 329 328 327 327 327 327 329 333 331 322 315 321 345 3 5 6 4 354 337 330 325 322 316 308 307 307
83 78 71 76 92 106 113 114 114 115 112 105 99 97 96 96 95 94 92 90 89 88 88 86 80 76 77 79 80 79 76 72 69 69 70 70 67 66 68 71 69 64 62 60 57 54 52 50 47 43 39 34 28 23 19 15 10 7 3 360 357 354 350 348 344 342 339 336 334 332 331 330 329 328 328 328 330 332 329 323 323 340 355 357 359 359 354 340 329 322 318 314 311 308 308 310
76 72 69 75 86 102 119 120 118 119 115 107 102 100 98 98 97 96 95 94 93 92 90 89 87 85 83 82 81 81 82 81 76 73 72 71 69 67 69 71 71 69 69 67 64 62 60 58 57 54 49 43 36 31 25 21 16 12 8 4 1 357 354 351 348 345 342 339 336 334 333 332 331 329 329 329 330 332 330 328 336 348 352 355 358 354 340 328 322 317 313 310 307 307 308 308
74 75 78 86 97 104 114 120 118 117 115 109 102 100 99 99 98 97 97 97 96 95 94 93 93 92 90 87 85 85 87 87 83 78 74 71 70 70 71 70 68 68 69 70 71 71 70 68 68 69 64 55 45 38 32 27 22 18 13 9 5 1 358 354 351 348 345 341 339 337 335 333 332 330 330 330 330 332 332 335 343 348 352 356 357 345 329 322 319 315 311 309 306 306 307 306
86 87 92 101 107 104 102 106 110 110 109 105 102 100 99 99 98 98 99 99 99 97 97 97 97 96 94 92 90 89 90 91 89 86 80 75 73 73 74 72 68 66 67 69 71 72 71 70 70 72 71 65 55 46 39 33 28 24 19 14 10 5 1 358 354 351 347 344 341 339 337 335 333 332 331 330 331 332 334 337 343 349 355 359 354 334 323 319 317 314 311 309 306 307 308 306
93 97 103 104 103 97 95 96 97 97 99 100 100 98 98 98 98 98 99 101 101 101 100 100 102 101 98 96 94 91 90 90 89 88 86 82 79 77 77 76 73 71 70 70 70 69 68 69 69 67 64 62 58 51 45 40 35 30 25 20 15 10 6 1 357 354 350 347 344 341 339 337 335 333 331 331 331 333 334 338 344 351 356 356 342 326 318 315 314 312 309 307 306 306 307 305
89 92 97 95 90 89 89 87 87 89 94 98 97 96 96 96 97 97 99 101 103 104 103 103 107 108 102 98 95 93 92 90 88 86 85 85 85 84 82 80 79 78 77 77 77 76 75 77 77 73 66 61 58 53 49 46 42 37 32 26 20 15 10 5 1 357 353 350 347 344 341 338 336 334 332 331 331 332 335 338 345 351 354 348 330 320 314 311 310 308 306 305 304 303 303 303
85 85 86 87 85 83 79 78 83 90 95 96 96 95 94 94 95 96 98 100 103 105 106 107 110 112 106 100 98 97 94 91 88 85 83 85 85 85 86 87 86 85 83 82 82 82 82 84 84 82 77 70 63 59 55 53 49 44 38 32 27 21 15 10 5 0 356 353 349 346 343 340 337 335 333 331 332 332 334 338 344 350 352 342 323 316 313 311 310 308 306 305 304 303 303 304
85 84 83 84 83 78 74 77 85 93 96 95 94 94 93 92 92 92 94 97 100 102 104 108 113 116 111 104 101 99 96 93 92 90 87 85 83 83 85 88 91 91 88 85 83 83 83 84 86 87 85 79 72 66 62 60 57 52 47 41 34 27 20 14 9 4 360 355 352 348 345 342 339 336 334 332 331 331 333 335 341 345 345 335 321 313 310 309 308 307 306 305 307 308 310 310
86 84 83 83 81 77 77 81 87 92 94 93 94 94 90 89 87 87 89 93 97 99 102 111 122 126 116 107 102 98 97 96 96 96 94 89 84 82 81 83 88 91 91 87 84 82 83 85 86 87 86 84 79 74 71 68 65 61 55 48 41 33 25 19 13 8 3 359 355 351 347 344 340 337 335 333 331 331 331 332 336 338 336 329 317 311 308 306 304 303 304 306 308 309 310 309
87 87 86 86 84 81 80 83 85 86 89 93 95 94 90 85 81 82 86 91 96 100 108 120 134 139 119 107 101 97 96 96 96 97 98 96 93 87 83 82 83 87 91 90 86 83 84 85 85 84 85 86 85 81 77 74 72 70 67 60 50 39 31 24 18 12 7 2 358 353 349 346 342 339 336 333 331 330 329 329 330 330 328 321 313 308 306 303 303 303 304 305 303 298 294 293
91 91 91 89 87 84 82 81 79 79 86 95 96 93 88 80 77 80 85 92 100 110 120 128 142 143 117 104 99 96 95 95 95 95 96 98 99 95 89 85 84 85 88 90 90 87 84 83 84 85 86 87 87 85 80 75 73 73 75 74 62 46 36 28 22 16 11 6 1 356 352 348 344 340 336 333 330 328 327 326 326 325 323 316 308 303 301 301 303 303 301 299 292 285 283 286
92 91 89 85 86 87 84 80 75 77 86 94 94 88 83 78 76 78 84 95 110 122 128 133 140 132 109 101 97 95 94 94 95 95 95 96 99 100 95 89 86 87 88 90 92 91 87 84 84 86 89 90 92 91 85 76 71 72 79 83 72 51 40 33 28 21 16 10 5 359 355 350 346 342 337 333 330 327 325 323 322 322 321 315 309 305 303 300 301 299 294 289 286 283 284 285
89 87 82 81 84 88 87 83 78 80 86 90 87 84 81 78 77 77 82 98 117 131 135 127 123 109 99 96 95 94 93 94 95 96 96 95 97 100 100 95 88 86 87 90 93 93 90 87 85 87 91 95 97 98 91 79 76 79 81 78 67 52 45 39 33 27 21 15 9 3 358 352 348 343 339 334 330 327 324 321 319 318 318 316 312 309 306 302 298 293 285 279 280 279 278 280
