windninja/windninja_output/Output_2025-08-24_1700-1750_Google earth_Fire_150m_10min/merlingen_7.5mi_point_08-24-2025_1740_150m_ang.asc
ncols	158
nrows	163
xllcorner	391686.332397
yllcorner	5160024.123721
cellsize	150.000000
NODATA_value	-32768.000000
[rows 42 to 83 of 163, columns 0 to 94 of 158]
329 329 329 329 329 328 328 328 328 329 329 329 329 329 329 329 329 329 329 328 328 329 329 328 328 328 327 327 326 324 321 321 323 326 333 339 340 337 334 333 332 332 334 334 332 332 333 334 334 329 321 320 324 327 322 318 320 321 316 310 313 319 320 320 321 319 317 317 320 325 327 322 322 327 322 322 337 353 349 337 329 325 318 314 314 316 323 325 320 316 312 304 295 294 302
329 329 329 329 328 328 328 328 328 328 329 329 328 329 328 329 329 328 328 328 328 328 328 328 327 327 327 326 325 323 322 322 324 328 333 337 336 332 331 330 329 328 328 327 327 331 332 330 328 323 317 317 323 328 324 319 318 318 315 311 313 316 316 317 318 319 321 322 327 336 337 331 329 330 327 329 345 358 354 339 329 324 319 314 313 316 321 318 314 313 310 307 300 297 303
329 329 328 327 327 327 327 328 327 328 328 328 328 328 328 328 328 328 328 328 328 328 328 327 327 327 327 326 325 324 323 323 325 328 331 332 329 325 325 327 327 326 323 322 325 331 331 328 325 323 320 321 326 330 327 322 320 320 317 315 316 317 317 317 316 316 319 323 330 339 339 334 334 333 331 338 354 5 356 338 327 323 318 312 310 312 314 309 307 307 307 306 301 297 300
330 329 328 327 327 327 327 327 327 327 328 328 328 328 328 328 328 328 327 328 328 328 328 327 327 326 326 326 325 325 324 324 325 327 329 328 324 322 323 325 326 324 319 320 329 334 331 326 323 321 321 322 326 330 328 322 321 320 318 319 320 320 321 321 317 316 317 320 328 333 332 330 330 331 333 343 2 8 353 336 327 320 313 306 302 307 308 306 303 302 304 304 301 298 298
330 329 327 327 327 326 326 326 327 327 327 327 328 328 328 328 327 327 327 327 327 327 327 327 326 326 325 325 325 324 324 324 325 326 328 327 324 323 323 324 324 321 318 321 331 331 327 323 320 320 321 323 327 329 327 323 321 319 319 321 323 323 322 321 318 315 316 318 325 328 324 324 324 325 333 347 4 3 344 330 321 314 306 299 300 306 307 306 303 300 302 303 302 299 298
330 329 327 327 327 324 324 325 326 326 326 327 327 327 327 327 327 327 327 327 327 327 326 326 325 325 325 325 325 324 324 323 323 324 325 325 324 323 322 322 321 319 319 325 332 328 322 319 318 321 323 326 330 329 330 327 323 321 319 322 324 321 318 316 314 312 314 318 323 326 323 321 320 323 333 350 2 352 334 320 311 305 302 303 307 309 309 308 304 301 302 302 302 301 300
329 328 328 328 327 323 322 324 325 325 325 326 327 327 326 326 326 326 326 326 326 326 326 325 325 325 325 325 325 324 324 324 323 323 324 324 323 321 321 321 319 318 319 327 330 324 320 318 319 324 329 332 330 327 329 327 322 320 321 324 324 318 312 310 309 309 312 317 322 323 321 320 320 323 334 349 352 342 328 316 309 307 308 311 314 314 313 312 310 307 303 300 300 302 302
328 328 329 329 326 322 322 323 324 325 325 326 326 326 326 326 326 326 326 326 326 326 326 325 325 325 325 325 324 324 324 324 324 324 324 324 323 322 322 321 319 317 319 325 325 319 316 317 321 328 337 336 331 330 330 326 321 319 320 324 324 316 309 305 306 309 313 317 321 322 321 320 321 326 336 343 343 338 329 320 314 313 314 316 317 317 317 316 313 309 303 297 295 299 300
328 329 330 330 326 323 323 323 324 324 325 325 326 326 326 326 326 326 326 326 326 325 325 325 325 325 325 325 324 324 324 324 323 323 323 323 323 322 322 321 320 319 321 323 321 316 314 317 322 331 336 330 328 330 330 325 320 318 319 321 320 313 305 302 305 310 314 317 319 320 319 319 322 328 334 336 336 335 328 321 316 315 316 318 317 317 317 315 310 306 301 294 290 291 293
328 329 331 330 326 325 326 325 324 324 325 325 325 326 325 325 325 326 325 325 325 325 325 325 324 324 325 324 324 324 323 323 323 323 323 322 321 321 321 321 320 319 320 322 319 315 314 320 329 336 334 328 326 327 325 320 317 316 318 319 316 310 303 301 305 312 316 319 320 320 319 320 324 329 330 331 332 331 326 320 316 314 313 315 316 316 314 310 305 302 298 291 283 283 289
329 330 330 328 324 324 326 325 325 326 326 325 325 325 325 325 325 325 325 325 325 325 324 324 324 324 324 324 324 323 323 323 323 322 322 322 321 320 320 321 321 318 318 321 319 315 317 329 337 337 335 332 329 327 321 315 313 315 317 318 315 311 303 301 306 314 319 322 322 321 322 324 328 330 329 328 329 327 322 317 315 313 310 311 311 311 310 307 303 299 295 289 283 284 294
331 330 330 328 324 325 327 325 324 325 326 325 325 325 325 324 324 325 324 324 324 324 324 324 324 324 324 323 323 323 323 323 322 322 322 321 321 321 320 321 321 318 318 320 320 318 322 334 335 333 333 331 328 324 317 312 313 318 319 318 316 311 303 302 309 317 323 327 326 324 326 329 332 331 328 327 328 325 318 315 315 313 312 313 311 309 309 308 304 299 294 292 291 293 300
332 330 329 328 325 326 328 327 324 324 324 324 324 324 324 324 324 324 324 324 324 324 323 323 323 324 323 323 323 323 323 322 322 322 321 321 321 320 320 320 320 317 316 318 319 319 325 332 330 329 331 329 325 320 313 311 317 323 323 320 318 312 305 304 312 322 329 334 332 329 331 334 334 330 327 327 329 324 318 318 319 316 315 317 316 313 312 310 306 302 299 299 302 302 299
330 329 328 326 323 322 325 326 325 324 324 323 322 323 323 323 323 323 324 324 324 323 323 323 323 323 323 323 323 322 322 322 322 321 321 321 320 320 320 319 318 315 314 315 317 320 324 328 327 328 331 327 324 319 311 312 322 328 325 321 319 314 308 307 314 325 333 337 334 332 336 338 333 329 328 329 330 325 321 322 323 319 317 317 318 317 317 317 313 307 302 302 306 307 300
329 328 327 326 322 319 320 322 323 322 324 324 322 321 322 322 322 323 323 323 323 323 323 323 323 323 323 322 322 322 322 322 321 321 321 321 320 320 319 319 317 315 315 316 318 320 323 324 324 328 330 324 322 317 310 313 326 329 325 321 318 314 309 307 314 325 333 336 333 334 340 337 332 330 330 332 330 325 323 324 324 320 317 317 317 316 319 321 321 313 304 306 313 315 307
328 327 327 328 327 324 322 322 322 321 324 327 324 321 321 321 322 322 322 322 322 322 323 322 323 323 322 322 322 322 322 321 321 321 321 320 320 320 319 319 318 318 317 318 318 319 319 320 321 326 328 322 319 314 308 315 329 329 324 321 317 313 309 307 312 324 332 336 337 339 338 333 331 331 331 333 330 326 325 326 326 322 318 316 313 311 311 315 319 317 314 317 320 318 310
328 328 327 327 328 327 325 324 323 321 324 328 327 323 321 320 320 321 322 322 322 322 322 322 322 322 322 322 322 321 321 321 321 321 320 320 320 319 319 319 318 318 318 318 317 317 317 317 318 322 326 322 317 313 309 316 327 325 321 318 316 313 309 307 312 323 333 340 344 340 334 332 331 331 331 332 329 326 327 328 328 324 320 317 313 310 311 313 317 319 316 317 319 316 307
328 328 327 326 326 325 325 324 322 319 321 325 326 324 322 321 320 320 321 321 322 322 321 321 322 322 322 321 321 321 321 321 321 320 320 320 320 319 319 319 318 318 318 318 317 317 317 317 318 321 325 322 316 312 310 316 324 320 316 315 314 313 310 309 312 322 333 345 347 337 332 331 330 330 331 331 327 325 326 328 328 325 321 320 318 317 317 319 320 317 313 311 312 310 300
328 328 328 327 325 324 322 321 320 319 321 324 325 325 325 324 321 320 320 321 321 322 321 322 322 322 321 321 321 321 321 320 320 320 320 320 319 319 319 319 318 318 318 318 318 318 318 318 319 321 324 321 314 310 310 316 320 316 313 312 312 311 310 309 313 321 333 348 344 332 330 330 328 328 330 329 325 325 327 327 327 324 321 321 320 320 321 320 318 314 310 308 306 303 293
330 329 328 327 326 324 322 320 320 321 322 324 325 325 326 326 324 321 320 320 320 320 321 321 321 321 320 320 320 320 320 320 320 320 320 319 319 319 319 319 318 318 318 318 318 318 318 318 319 320 322 319 312 308 308 313 314 311 310 309 309 310 309 310 313 320 334 349 339 329 329 329 327 327 329 327 325 327 330 330 329 325 322 321 319 318 318 318 314 311 309 308 303 295 286
332 331 328 326 325 324 323 321 321 321 322 323 323 323 325 326 326 324 322 320 319 319 320 320 321 320 320 320 320 320 320 320 320 319 319 319 319 319 319 318 318 318 318 318 318 318 318 318 318 319 321 320 313 309 310 313 310 308 308 308 309 310 311 313 315 320 338 345 333 329 329 328 326 326 328 327 327 329 332 333 332 330 327 323 321 316 314 314 311 309 308 303 292 284 274
336 333 327 325 323 323 323 322 322 321 321 321 322 322 323 324 325 325 324 322 320 320 320 320 321 320 319 320 320 320 319 319 319 319 319 319 319 319 318 318 318 318 318 318 318 318 317 317 318 318 320 320 315 312 316 316 310 307 308 310 313 314 313 312 310 315 331 334 329 329 329 327 325 326 328 330 331 333 335 337 336 336 332 327 325 318 313 312 308 304 301 293 284 271 253
342 336 327 323 321 321 320 319 320 320 320 320 322 323 323 323 324 326 326 325 323 321 320 320 320 320 319 319 319 319 319 319 319 319 319 319 318 318 318 318 318 318 318 318 317 317 317 317 317 317 318 318 315 313 317 318 311 308 309 311 314 316 312 303 302 310 324 327 327 329 329 326 324 326 330 333 334 336 340 342 342 340 334 329 324 315 311 309 305 299 294 287 274 253 230
347 340 330 325 322 321 320 318 317 317 318 318 321 323 323 322 322 324 326 326 325 323 321 319 319 319 318 319 319 319 319 319 319 319 318 318 318 318 318 318 318 318 317 317 317 317 317 317 316 316 316 316 314 312 315 317 312 309 309 310 312 316 314 309 313 320 325 327 327 328 327 325 323 326 332 334 334 337 344 346 345 340 334 330 321 312 307 305 301 297 290 276 251 225 203
347 342 333 327 323 322 323 322 321 319 318 319 321 322 322 322 321 322 323 325 327 327 324 322 320 319 318 319 319 319 319 319 318 318 318 318 318 318 318 318 318 317 317 317 317 317 316 316 316 316 315 315 313 312 312 314 311 307 306 306 312 324 323 319 320 323 325 327 327 326 326 324 322 327 332 333 334 339 347 349 345 340 334 329 319 309 304 301 296 289 278 252 220 195 184
341 340 338 334 328 324 327 328 324 321 320 321 323 323 323 322 321 321 322 323 326 329 327 325 323 320 318 317 317 317 318 318 318 318 318 318 318 318 318 317 317 317 317 317 317 316 316 316 316 315 315 314 313 312 311 310 307 303 300 301 313 324 321 318 319 321 324 327 326 325 325 322 321 326 331 333 335 341 348 346 339 334 326 321 313 302 296 292 287 278 256 214 188 179 180
329 333 338 341 337 334 335 337 331 323 322 323 324 325 325 323 321 321 322 321 323 325 326 327 327 325 320 316 314 315 316 317 317 317 317 317 317 317 317 317 317 317 317 317 316 316 316 316 315 315 314 314 313 312 311 309 306 302 299 300 309 317 316 314 315 319 323 325 326 325 324 322 319 323 329 332 336 342 344 338 331 324 315 310 303 292 284 283 278 259 216 178 172 177 185
317 319 327 334 335 337 342 344 338 332 332 334 333 332 332 330 326 323 321 321 321 322 322 324 327 329 322 316 315 314 315 316 316 317 317 317 317 317 317 317 317 317 317 316 316 316 316 315 315 315 314 314 313 312 311 309 307 306 304 302 306 310 310 309 310 313 318 321 324 325 325 321 318 323 330 332 335 339 339 331 323 315 305 300 297 289 282 280 266 223 179 166 170 181 199
315 313 311 313 316 324 335 339 334 331 335 339 339 339 338 336 333 328 324 323 321 320 320 320 325 330 323 318 317 316 315 315 315 316 317 317 317 317 317 317 317 317 316 316 316 316 315 315 315 314 314 313 313 312 311 310 309 308 307 306 307 307 306 303 303 306 310 313 317 321 324 320 318 325 331 332 334 336 334 326 317 308 302 299 295 289 282 271 236 182 166 165 176 193 244
318 316 311 307 304 304 311 319 318 316 322 329 331 333 334 334 334 331 329 327 324 321 319 319 325 329 325 322 321 320 318 316 315 315 316 316 316 317 317 317 316 316 316 316 316 315 315 315 315 314 314 313 313 312 311 311 310 309 309 309 308 308 306 304 303 304 304 304 307 314 320 317 317 325 331 332 331 332 331 324 315 307 306 302 293 287 279 253 189 168 167 174 202 264 296
323 320 316 313 309 306 307 309 306 302 304 309 313 317 320 324 326 327 328 329 328 325 322 322 326 328 324 321 322 322 321 319 317 316 316 315 316 316 317 316 316 316 316 316 315 315 315 315 314 314 314 313 313 312 312 311 311 310 310 310 309 309 308 308 307 306 305 304 305 308 311 310 311 319 326 327 326 328 331 328 320 315 310 302 293 283 269 207 174 171 177 206 252 284 307
328 324 319 316 313 310 309 308 304 302 304 309 313 315 316 318 320 320 321 325 326 326 325 325 327 328 324 320 320 321 322 321 319 317 317 316 316 316 316 316 316 316 316 316 315 315 315 314 314 314 314 313 313 312 312 312 311 311 311 310 310 310 310 309 309 308 308 308 308 307 306 304 304 313 320 322 323 326 333 333 326 318 310 300 291 278 221 180 185 198 256 312 320 321 321
333 328 320 316 312 309 308 306 305 306 308 310 313 316 317 318 319 318 319 320 321 322 323 324 326 328 325 321 319 319 320 321 320 319 320 319 317 316 316 316 316 316 316 315 315 315 314 314 314 314 313 313 313 313 312 312 312 311 311 311 311 311 310 310 310 310 310 310 310 310 308 307 308 314 320 322 324 329 336 335 326 316 307 297 286 244 182 189 222 263 307 327 335 322 318
344 334 321 314 308 304 303 303 304 306 308 310 312 314 316 317 318 319 319 319 319 319 319 320 323 325 323 321 320 319 320 320 320 319 319 319 318 317 317 316 316 316 316 315 315 314 314 314 314 313 313 313 313 313 312 312 312 312 312 312 311 311 311 311 311 311 311 311 311 311 311 312 314 317 320 321 324 332 338 333 321 311 301 289 268 176 181 216 253 281 301 325 325 313 311
1 347 323 311 302 298 298 299 301 304 307 310 312 313 315 317 318 317 318 319 319 319 319 319 321 323 321 319 319 319 319 318 317 315 315 316 316 316 316 317 316 316 315 315 314 314 314 313 313 313 313 313 313 313 312 312 312 312 312 312 312 312 312 312 312 312 312 312 312 312 313 314 316 318 320 320 323 331 336 326 314 304 292 271 184 171 200 223 253 285 309 327 318 308 304
24 10 327 301 294 292 292 294 298 303 307 311 312 313 314 316 317 317 318 319 319 319 319 320 322 323 319 316 316 317 317 316 315 315 314 316 316 316 316 316 317 316 315 315 314 314 313 313 313 312 312 312 313 313 312 312 312 312 312 312 312 312 312 312 312 312 312 312 313 313 314 315 316 318 320 320 323 329 330 318 306 298 284 234 186 205 260 286 306 320 327 326 317 308 304
49 45 347 288 285 286 288 293 299 306 311 313 314 314 315 316 316 317 318 318 318 318 318 319 324 324 319 316 316 317 318 317 318 318 317 318 318 317 316 316 317 317 315 314 314 313 313 312 312 312 312 312 312 312 313 312 312 312 312 312 312 312 312 312 312 312 313 313 313 314 315 316 317 318 319 321 323 328 326 314 304 299 295 290 323 336 338 335 328 325 322 320 314 307 306
61 61 33 311 290 292 298 301 305 311 316 317 316 316 316 317 317 317 318 318 317 317 317 319 324 324 320 318 319 320 320 319 319 318 317 317 320 319 316 315 316 316 314 313 313 312 311 311 310 311 311 312 312 312 313 313 313 313 312 312 312 312 312 312 313 313 313 313 314 314 315 316 317 318 319 321 324 327 325 315 309 318 333 337 341 342 340 330 323 318 315 312 310 307 308
58 50 11 329 316 320 323 320 318 321 323 321 319 318 317 317 317 317 318 317 317 316 316 319 323 323 319 319 320 321 321 320 320 320 319 318 320 320 318 316 317 316 313 311 310 309 309 308 308 308 310 311 312 312 312 313 313 313 313 313 312 313 313 313 313 313 313 313 314 314 315 316 317 318 319 321 323 326 325 320 324 336 340 341 343 339 329 322 318 313 310 308 306 306 307
59 47 347 323 321 330 343 340 335 333 332 328 323 320 318 317 317 316 316 316 316 316 316 319 323 321 317 317 319 321 321 320 320 321 321 320 321 321 320 319 320 319 314 310 307 305 304 302 301 303 306 310 312 313 313 313 313 313 312 313 313 313 313 313 313 313 313 313 314 314 315 316 317 318 319 321 323 326 327 328 336 341 343 345 344 334 322 317 315 311 309 307 304 305 306
64 38 329 322 324 339 354 353 348 344 340 333 325 321 318 317 316 315 315 315 314 314 315 318 322 320 317 317 318 319 320 318 317 316 316 318 320 320 320 320 322 323 320 317 314 311 310 309 307 307 309 310 312 313 313 313 313 313 313 312 312 313 313 313 313 313 313 313 314 314 315 316 317 318 319 321 323 326 328 332 339 344 347 349 344 326 317 314 313 311 308 307 304 305 307
355 346 334 331 334 343 352 356 355 350 344 334 326 321 316 315 314 312 312 312 312 313 313 316 320 321 318 319 319 319 318 317 316 314 312 312 313 316 318 319 321 323 323 323 322 322 322 321 320 319 319 318 316 315 315 314 313 313 313 312 312 312 313 313 313 313 313 313 314 314 315 316 317 318 319 320 322 325 329 333 341 348 351 348 333 319 313 310 310 308 306 305 304 304 306
