windninja/windninja_output/Output_2025-08-24_1700-1750_Google earth_Fire_150m_10min/merlingen_7.5mi_point_08-24-2025_1700_150m_vel.asc
ncols	158
nrows	163
xllcorner	391686.332397
yllcorner	5160024.123721
cellsize	150.000000
NODATA_value	-32768.000000
[rows 0 to 36 of 163, columns 0 to 83 of 158]
0.92 0.93 0.95 0.96 0.99 1.04 1.00 0.95 0.97 0.97 0.92 0.81 0.65 0.66 0.76 0.81 0.82 0.81 0.86 0.98 0.98 0.87 0.85 0.89 0.93 0.92 0.85 0.83 0.87 0.88 0.85 0.84 0.83 0.81 0.83 0.89 0.86 0.83 0.86 0.85 0.84 0.87 0.87 0.89 0.94 0.95 0.98 1.02 1.08 1.16 1.19 1.22 1.26 1.26 1.21 1.16 1.11 1.11 1.16 1.20 1.20 1.17 1.16 1.16 1.17 1.17 1.19 1.25 1.33 1.37 1.36 1.32 1.27 1.27 1.33 1.36 1.32 1.32 1.37 1.40 1.37 1.30 1.32 1.36
0.92 0.96 0.99 0.99 1.01 1.02 0.93 0.90 0.94 0.95 0.91 0.78 0.63 0.64 0.77 0.87 0.92 0.92 1.01 1.10 1.02 0.90 0.89 0.93 0.95 0.92 0.86 0.86 0.89 0.86 0.83 0.84 0.84 0.84 0.87 0.92 0.89 0.89 0.92 0.90 0.90 0.93 0.93 0.99 1.04 1.05 1.09 1.13 1.15 1.15 1.15 1.17 1.17 1.14 1.10 1.09 1.10 1.14 1.20 1.20 1.17 1.16 1.17 1.20 1.19 1.18 1.21 1.28 1.36 1.38 1.34 1.29 1.28 1.32 1.38 1.35 1.30 1.35 1.44 1.41 1.32 1.28 1.33 1.35
0.93 1.00 1.04 1.03 1.04 0.97 0.87 0.89 0.98 1.01 0.95 0.78 0.66 0.71 0.85 1.03 1.12 1.13 1.20 1.19 1.03 0.95 0.94 0.94 0.95 0.92 0.89 0.89 0.87 0.83 0.83 0.86 0.88 0.91 0.96 0.97 0.98 1.00 1.00 0.97 1.00 1.02 1.05 1.15 1.19 1.20 1.24 1.25 1.20 1.15 1.16 1.14 1.09 1.05 1.05 1.09 1.15 1.20 1.23 1.21 1.19 1.19 1.21 1.23 1.21 1.20 1.25 1.33 1.41 1.38 1.28 1.25 1.32 1.39 1.40 1.32 1.30 1.43 1.50 1.39 1.23 1.26 1.34 1.31
0.99 1.05 1.06 1.04 1.04 0.97 0.96 1.08 1.18 1.16 1.01 0.79 0.71 0.78 0.94 1.19 1.26 1.24 1.22 1.13 1.01 0.97 0.95 0.92 0.97 0.98 0.94 0.92 0.88 0.87 0.90 0.91 0.94 1.00 1.03 1.03 1.03 1.02 1.02 1.05 1.10 1.13 1.20 1.27 1.28 1.28 1.29 1.25 1.19 1.20 1.21 1.14 1.09 1.10 1.12 1.15 1.18 1.19 1.20 1.21 1.22 1.21 1.21 1.22 1.20 1.21 1.26 1.35 1.43 1.35 1.24 1.26 1.33 1.35 1.32 1.29 1.35 1.46 1.46 1.31 1.18 1.26 1.36 1.32
1.04 1.06 1.07 1.06 1.06 1.04 1.11 1.24 1.26 1.12 0.89 0.74 0.73 0.83 1.07 1.27 1.29 1.21 1.11 1.03 0.99 1.00 0.97 0.94 1.02 1.05 1.03 1.00 0.97 0.97 0.99 1.00 1.05 1.10 1.08 1.05 1.04 1.07 1.14 1.19 1.21 1.24 1.32 1.36 1.32 1.30 1.26 1.20 1.18 1.18 1.12 1.06 1.07 1.11 1.12 1.13 1.15 1.18 1.20 1.21 1.21 1.18 1.18 1.20 1.20 1.22 1.26 1.35 1.41 1.30 1.20 1.25 1.31 1.31 1.27 1.27 1.33 1.40 1.39 1.25 1.14 1.22 1.36 1.38
1.06 1.08 1.08 1.08 1.11 1.13 1.20 1.25 1.14 0.91 0.75 0.72 0.75 0.88 1.15 1.25 1.22 1.11 1.00 0.97 1.00 1.03 1.00 0.97 1.03 1.07 1.03 1.00 0.99 1.02 1.03 1.09 1.18 1.18 1.12 1.10 1.16 1.24 1.29 1.30 1.28 1.31 1.34 1.31 1.25 1.21 1.17 1.13 1.12 1.07 1.01 1.00 1.03 1.06 1.08 1.11 1.16 1.20 1.22 1.21 1.20 1.18 1.18 1.20 1.22 1.23 1.25 1.35 1.39 1.26 1.18 1.25 1.33 1.32 1.26 1.29 1.35 1.41 1.32 1.16 1.11 1.24 1.40 1.45
1.07 1.09 1.10 1.11 1.15 1.18 1.20 1.16 0.99 0.81 0.76 0.76 0.78 0.92 1.15 1.21 1.15 1.07 1.01 1.01 1.05 1.09 1.04 0.98 1.01 1.01 0.97 0.97 1.00 1.01 1.04 1.15 1.21 1.17 1.16 1.23 1.32 1.35 1.33 1.29 1.26 1.25 1.23 1.18 1.13 1.11 1.09 1.07 1.05 1.00 0.96 0.99 1.03 1.04 1.08 1.14 1.19 1.22 1.22 1.23 1.25 1.22 1.20 1.21 1.22 1.23 1.26 1.36 1.38 1.25 1.22 1.35 1.42 1.34 1.28 1.33 1.41 1.41 1.21 1.06 1.20 1.39 1.45 1.47
1.09 1.11 1.12 1.13 1.14 1.14 1.12 1.02 0.87 0.81 0.82 0.83 0.86 0.97 1.14 1.19 1.11 1.08 1.08 1.06 1.10 1.15 1.09 1.03 1.01 0.97 0.96 1.02 1.00 0.96 1.04 1.15 1.15 1.11 1.18 1.28 1.30 1.26 1.21 1.17 1.14 1.12 1.10 1.07 1.05 1.06 1.04 1.02 1.01 0.95 0.93 1.00 1.02 1.02 1.10 1.18 1.22 1.24 1.27 1.30 1.30 1.25 1.21 1.21 1.22 1.23 1.27 1.36 1.36 1.27 1.29 1.42 1.42 1.31 1.27 1.30 1.36 1.30 1.05 1.04 1.36 1.52 1.47 1.48
1.11 1.12 1.13 1.12 1.10 1.07 1.02 0.93 0.87 0.86 0.88 0.90 0.92 1.00 1.13 1.17 1.10 1.11 1.10 1.07 1.13 1.17 1.14 1.09 1.03 0.98 1.00 1.03 0.95 0.93 1.07 1.14 1.09 1.09 1.18 1.22 1.15 1.08 1.05 1.02 1.01 1.01 1.01 1.02 1.04 1.03 1.00 1.00 0.97 0.91 0.93 1.00 0.97 0.99 1.14 1.25 1.27 1.29 1.31 1.29 1.22 1.14 1.12 1.13 1.15 1.22 1.31 1.38 1.36 1.27 1.29 1.35 1.30 1.22 1.20 1.23 1.29 1.17 0.98 1.10 1.47 1.61 1.55 1.56
1.11 1.12 1.13 1.12 1.08 1.04 1.00 0.95 0.94 0.93 0.94 0.94 0.94 0.98 1.08 1.13 1.12 1.14 1.12 1.13 1.18 1.20 1.19 1.14 1.06 1.02 1.01 1.00 0.94 0.98 1.12 1.12 1.05 1.09 1.16 1.13 1.04 0.98 0.95 0.96 0.96 0.99 1.01 1.01 1.02 1.00 0.97 0.98 0.96 0.88 0.92 0.97 0.94 1.03 1.21 1.28 1.25 1.24 1.20 1.09 1.03 1.03 0.99 0.97 1.09 1.26 1.36 1.37 1.26 1.17 1.22 1.27 1.24 1.19 1.16 1.16 1.19 1.11 1.07 1.33 1.62 1.72 1.65 1.64
1.12 1.14 1.15 1.12 1.07 1.04 1.03 1.02 1.00 0.98 0.97 0.96 0.94 0.95 1.01 1.10 1.15 1.17 1.16 1.18 1.23 1.24 1.25 1.17 1.09 1.06 0.99 0.95 0.96 1.01 1.09 1.05 0.99 1.05 1.09 1.04 0.97 0.92 0.93 0.98 0.99 1.01 1.01 0.98 0.97 0.97 0.94 0.94 0.89 0.82 0.88 0.92 0.94 1.06 1.17 1.19 1.11 1.04 0.99 0.91 0.94 0.96 0.87 0.91 1.15 1.30 1.33 1.26 1.07 1.03 1.18 1.28 1.26 1.18 1.11 1.08 1.15 1.21 1.32 1.60 1.76 1.78 1.70 1.69
1.14 1.15 1.15 1.11 1.08 1.06 1.07 1.06 1.03 1.00 1.00 0.97 0.95 0.93 0.99 1.13 1.20 1.20 1.18 1.21 1.25 1.25 1.23 1.14 1.06 0.97 0.84 0.84 0.91 0.95 0.97 0.94 0.95 1.01 1.02 0.97 0.93 0.92 0.97 0.99 0.97 0.99 0.98 0.93 0.94 0.95 0.88 0.82 0.78 0.76 0.82 0.84 0.86 0.97 1.04 1.05 0.99 0.91 0.85 0.82 0.88 0.90 0.85 0.98 1.20 1.25 1.24 1.11 0.91 1.03 1.26 1.32 1.28 1.19 1.13 1.20 1.36 1.52 1.67 1.79 1.80 1.79 1.80 1.91
1.16 1.16 1.15 1.12 1.09 1.09 1.09 1.06 1.03 1.01 1.00 0.97 0.93 0.90 0.98 1.16 1.23 1.21 1.21 1.24 1.25 1.23 1.17 1.07 0.94 0.78 0.70 0.76 0.84 0.88 0.90 0.93 0.97 0.98 0.94 0.93 0.94 0.97 1.00 0.96 0.95 0.99 0.94 0.88 0.90 0.88 0.76 0.69 0.72 0.78 0.80 0.77 0.79 0.90 0.99 0.98 0.93 0.84 0.76 0.78 0.89 0.93 0.96 1.08 1.17 1.17 1.15 1.05 1.01 1.19 1.31 1.31 1.32 1.31 1.38 1.54 1.67 1.80 1.87 1.83 1.81 1.87 1.96 2.14
1.17 1.17 1.16 1.13 1.12 1.11 1.09 1.05 1.03 1.01 0.99 0.98 0.93 0.89 0.97 1.14 1.24 1.22 1.22 1.25 1.22 1.14 1.06 0.94 0.80 0.70 0.69 0.76 0.83 0.85 0.89 0.94 0.98 0.94 0.89 0.95 1.00 1.00 0.97 0.92 0.93 0.92 0.81 0.77 0.80 0.77 0.66 0.63 0.73 0.81 0.78 0.75 0.76 0.87 1.01 0.98 0.88 0.77 0.69 0.79 0.97 1.03 1.12 1.18 1.14 1.12 1.11 1.15 1.22 1.26 1.26 1.32 1.45 1.51 1.53 1.57 1.67 1.77 1.73 1.66 1.78 1.94 2.04 2.14
1.18 1.18 1.16 1.14 1.13 1.11 1.08 1.06 1.04 1.02 1.00 0.99 0.95 0.93 0.99 1.16 1.29 1.26 1.21 1.20 1.12 1.01 0.94 0.85 0.78 0.75 0.75 0.79 0.82 0.82 0.88 0.96 0.97 0.92 0.92 0.98 0.98 0.94 0.89 0.83 0.81 0.75 0.71 0.75 0.76 0.72 0.68 0.67 0.75 0.81 0.82 0.79 0.77 0.89 1.03 1.02 0.89 0.73 0.68 0.87 1.12 1.22 1.31 1.25 1.13 1.16 1.22 1.33 1.37 1.27 1.25 1.44 1.60 1.54 1.41 1.43 1.56 1.57 1.48 1.57 1.82 1.93 1.95 1.91
1.19 1.19 1.17 1.15 1.12 1.10 1.07 1.06 1.05 1.03 1.02 1.01 0.99 0.97 1.04 1.24 1.33 1.26 1.17 1.13 1.06 0.96 0.89 0.83 0.82 0.83 0.80 0.79 0.81 0.83 0.94 1.02 0.97 0.92 0.91 0.88 0.85 0.83 0.78 0.74 0.72 0.67 0.72 0.82 0.77 0.72 0.78 0.75 0.72 0.83 0.94 0.90 0.91 1.05 1.12 1.09 0.98 0.82 0.79 1.01 1.28 1.41 1.40 1.20 1.14 1.30 1.39 1.45 1.49 1.34 1.31 1.50 1.57 1.40 1.31 1.40 1.42 1.37 1.47 1.79 1.90 1.78 1.72 1.65
1.20 1.20 1.18 1.15 1.12 1.10 1.09 1.07 1.06 1.05 1.04 1.03 1.02 1.01 1.08 1.25 1.29 1.20 1.12 1.08 1.03 0.94 0.86 0.84 0.88 0.89 0.82 0.80 0.85 0.91 1.00 0.99 0.85 0.78 0.76 0.74 0.77 0.78 0.74 0.73 0.73 0.73 0.84 0.90 0.81 0.79 0.85 0.80 0.78 0.94 1.07 1.05 1.08 1.14 1.11 1.05 1.01 0.94 0.94 1.19 1.42 1.49 1.36 1.13 1.17 1.38 1.48 1.53 1.54 1.42 1.36 1.41 1.45 1.38 1.39 1.37 1.30 1.42 1.74 1.93 1.74 1.50 1.48 1.40
1.21 1.21 1.19 1.16 1.14 1.12 1.10 1.08 1.08 1.07 1.05 1.04 1.03 1.03 1.08 1.19 1.22 1.15 1.07 1.02 0.96 0.88 0.83 0.86 0.90 0.88 0.82 0.82 0.87 0.92 0.92 0.82 0.68 0.65 0.69 0.75 0.80 0.80 0.78 0.81 0.84 0.86 0.90 0.89 0.84 0.85 0.87 0.88 0.98 1.11 1.14 1.11 1.09 1.07 1.01 1.00 1.06 1.08 1.12 1.30 1.46 1.47 1.30 1.15 1.24 1.43 1.57 1.58 1.47 1.39 1.41 1.40 1.47 1.49 1.39 1.33 1.37 1.59 1.80 1.66 1.37 1.31 1.27 1.17
1.23 1.22 1.19 1.17 1.15 1.12 1.11 1.10 1.09 1.07 1.05 1.04 1.04 1.04 1.07 1.13 1.16 1.09 1.00 0.94 0.88 0.84 0.84 0.86 0.88 0.85 0.83 0.83 0.83 0.84 0.79 0.68 0.61 0.64 0.73 0.82 0.86 0.84 0.82 0.86 0.88 0.87 0.89 0.87 0.86 0.90 0.96 1.01 1.07 1.12 1.11 1.07 1.03 1.00 1.00 1.07 1.14 1.17 1.21 1.32 1.43 1.40 1.25 1.21 1.32 1.48 1.59 1.51 1.37 1.46 1.55 1.48 1.51 1.48 1.31 1.28 1.33 1.41 1.47 1.32 1.22 1.25 1.15 1.06
1.23 1.22 1.20 1.18 1.16 1.13 1.12 1.11 1.09 1.06 1.05 1.05 1.05 1.05 1.06 1.08 1.08 1.02 0.95 0.92 0.89 0.86 0.86 0.86 0.87 0.87 0.85 0.83 0.80 0.77 0.71 0.63 0.61 0.67 0.76 0.85 0.91 0.89 0.86 0.91 0.91 0.90 0.91 0.89 0.91 1.01 1.09 1.06 1.03 1.07 1.08 1.05 1.03 1.04 1.11 1.17 1.17 1.19 1.23 1.28 1.31 1.28 1.22 1.24 1.35 1.47 1.53 1.47 1.51 1.69 1.67 1.48 1.43 1.40 1.31 1.22 1.12 1.15 1.25 1.26 1.26 1.28 1.20 1.11
1.24 1.24 1.22 1.19 1.16 1.14 1.13 1.11 1.09 1.06 1.05 1.06 1.05 1.04 1.04 1.04 1.02 0.98 0.95 0.95 0.92 0.89 0.88 0.88 0.89 0.87 0.85 0.81 0.77 0.74 0.68 0.61 0.62 0.72 0.85 0.94 1.01 1.01 0.95 0.96 0.94 0.91 0.91 0.92 1.01 1.10 1.09 1.01 0.99 1.06 1.10 1.09 1.09 1.11 1.15 1.14 1.14 1.18 1.22 1.22 1.19 1.24 1.30 1.30 1.39 1.51 1.55 1.63 1.78 1.78 1.53 1.29 1.26 1.32 1.29 1.13 1.03 1.10 1.24 1.33 1.39 1.38 1.29 1.17
1.26 1.26 1.22 1.19 1.17 1.15 1.13 1.12 1.09 1.06 1.06 1.06 1.05 1.03 1.03 1.02 0.99 0.98 0.98 0.97 0.94 0.91 0.90 0.89 0.87 0.86 0.83 0.80 0.77 0.73 0.67 0.61 0.68 0.88 1.00 1.06 1.10 1.05 0.95 0.93 0.90 0.88 0.91 0.99 1.06 1.07 1.05 1.04 1.05 1.09 1.13 1.14 1.14 1.12 1.11 1.11 1.14 1.18 1.18 1.15 1.13 1.26 1.39 1.38 1.48 1.63 1.70 1.82 1.83 1.56 1.22 1.08 1.16 1.30 1.25 1.09 1.04 1.13 1.26 1.40 1.46 1.35 1.28 1.21
1.27 1.26 1.22 1.20 1.19 1.17 1.14 1.12 1.09 1.08 1.07 1.06 1.05 1.03 1.02 1.01 0.99 0.99 0.99 0.98 0.94 0.92 0.91 0.89 0.86 0.85 0.82 0.79 0.77 0.74 0.70 0.68 0.82 1.01 1.04 1.05 1.04 0.96 0.89 0.87 0.86 0.89 0.96 1.01 1.05 1.09 1.13 1.12 1.10 1.09 1.14 1.15 1.12 1.11 1.12 1.14 1.17 1.18 1.11 1.10 1.13 1.31 1.46 1.52 1.71 1.85 1.86 1.83 1.61 1.25 1.03 1.01 1.17 1.35 1.32 1.14 1.05 1.14 1.30 1.42 1.41 1.29 1.31 1.27
1.28 1.26 1.24 1.22 1.20 1.17 1.13 1.11 1.10 1.10 1.08 1.06 1.05 1.04 1.02 1.01 0.99 1.00 1.00 0.98 0.94 0.93 0.91 0.88 0.85 0.83 0.80 0.76 0.76 0.77 0.75 0.76 0.89 0.98 0.98 0.98 0.96 0.90 0.88 0.88 0.89 0.93 0.97 1.01 1.14 1.23 1.17 1.11 1.07 1.07 1.13 1.13 1.11 1.16 1.17 1.15 1.17 1.16 1.06 1.06 1.16 1.35 1.58 1.81 1.96 1.89 1.73 1.53 1.22 0.99 0.92 1.00 1.27 1.49 1.38 1.12 1.01 1.16 1.29 1.32 1.32 1.29 1.33 1.30
1.29 1.28 1.25 1.23 1.19 1.16 1.12 1.11 1.12 1.12 1.09 1.06 1.04 1.04 1.02 1.00 1.00 1.00 1.00 0.97 0.95 0.94 0.91 0.87 0.83 0.79 0.73 0.71 0.78 0.83 0.80 0.81 0.87 0.92 0.94 0.95 0.92 0.92 0.94 0.94 0.93 0.96 0.99 1.13 1.30 1.23 1.07 1.05 1.06 1.06 1.11 1.13 1.17 1.21 1.20 1.16 1.16 1.11 1.01 1.01 1.15 1.45 1.83 2.05 1.91 1.60 1.34 1.08 0.88 0.84 0.89 1.12 1.52 1.59 1.26 0.95 0.95 1.14 1.21 1.21 1.28 1.35 1.33 1.30
1.30 1.29 1.26 1.23 1.20 1.16 1.13 1.13 1.14 1.12 1.08 1.05 1.04 1.04 1.02 1.01 1.01 1.01 1.00 0.97 0.95 0.93 0.90 0.85 0.81 0.74 0.67 0.71 0.86 0.89 0.83 0.84 0.89 0.92 0.94 0.93 0.91 0.97 1.02 1.00 0.98 1.01 1.10 1.28 1.30 1.07 0.98 1.05 1.06 1.09 1.11 1.15 1.19 1.21 1.21 1.19 1.12 1.01 0.94 0.98 1.24 1.77 2.13 2.03 1.65 1.33 1.06 0.82 0.74 0.83 1.06 1.48 1.71 1.48 1.07 0.83 0.95 1.15 1.20 1.23 1.37 1.43 1.34 1.33
1.31 1.29 1.26 1.24 1.20 1.16 1.14 1.15 1.15 1.11 1.07 1.06 1.06 1.04 1.01 1.01 1.02 1.01 0.99 0.97 0.95 0.93 0.89 0.85 0.80 0.70 0.64 0.77 0.91 0.90 0.85 0.88 0.92 0.92 0.93 0.90 0.90 1.05 1.12 1.07 1.05 1.11 1.22 1.30 1.20 1.01 1.01 1.08 1.12 1.14 1.12 1.15 1.20 1.26 1.31 1.21 0.99 0.90 0.96 1.14 1.61 2.14 2.15 1.72 1.33 1.07 0.85 0.69 0.72 0.99 1.46 1.76 1.65 1.31 0.95 0.79 0.96 1.24 1.29 1.33 1.44 1.42 1.33 1.41
1.31 1.31 1.28 1.24 1.21 1.17 1.15 1.17 1.15 1.10 1.07 1.06 1.05 1.03 1.02 1.03 1.03 1.01 0.99 0.97 0.96 0.94 0.91 0.86 0.79 0.68 0.65 0.82 0.95 0.91 0.89 0.93 0.95 0.93 0.91 0.87 0.91 1.11 1.21 1.14 1.10 1.21 1.28 1.27 1.19 1.08 1.09 1.13 1.18 1.17 1.13 1.20 1.29 1.38 1.39 1.11 0.86 0.93 1.20 1.52 1.95 2.17 1.83 1.32 1.03 0.87 0.69 0.62 0.81 1.26 1.73 1.76 1.46 1.15 0.85 0.75 0.98 1.35 1.43 1.38 1.39 1.36 1.35 1.49
1.32 1.31 1.28 1.24 1.21 1.18 1.17 1.17 1.13 1.09 1.07 1.06 1.05 1.04 1.04 1.04 1.04 1.01 0.99 0.99 0.98 0.96 0.92 0.87 0.79 0.70 0.74 0.93 1.00 0.91 0.91 1.00 0.99 0.96 0.96 0.94 1.00 1.17 1.33 1.26 1.22 1.34 1.33 1.30 1.24 1.14 1.12 1.14 1.22 1.25 1.22 1.29 1.38 1.44 1.34 1.01 0.89 1.10 1.45 1.78 2.03 1.93 1.50 1.09 0.90 0.80 0.65 0.68 1.07 1.56 1.82 1.67 1.32 1.01 0.76 0.73 0.97 1.38 1.45 1.36 1.35 1.32 1.36 1.51
1.33 1.32 1.28 1.24 1.21 1.19 1.18 1.16 1.11 1.09 1.07 1.07 1.07 1.06 1.06 1.05 1.04 1.02 1.01 1.01 0.99 0.97 0.92 0.87 0.80 0.76 0.87 1.01 0.98 0.90 0.96 1.05 1.04 1.10 1.20 1.19 1.17 1.32 1.49 1.43 1.41 1.46 1.38 1.34 1.26 1.15 1.16 1.22 1.37 1.41 1.33 1.36 1.41 1.39 1.25 1.00 0.96 1.18 1.53 1.86 1.92 1.58 1.17 0.91 0.80 0.75 0.68 0.83 1.34 1.76 1.81 1.49 1.11 0.88 0.74 0.82 1.05 1.30 1.42 1.42 1.35 1.26 1.29 1.40
1.35 1.33 1.28 1.24 1.22 1.21 1.18 1.14 1.11 1.09 1.08 1.08 1.08 1.08 1.08 1.06 1.05 1.04 1.03 1.02 1.00 0.97 0.93 0.89 0.84 0.86 0.94 0.97 0.90 0.82 0.90 1.05 1.17 1.38 1.48 1.36 1.29 1.44 1.59 1.53 1.49 1.45 1.33 1.30 1.22 1.15 1.22 1.37 1.48 1.38 1.27 1.31 1.31 1.26 1.13 0.90 0.89 1.17 1.56 1.84 1.67 1.19 0.88 0.76 0.76 0.78 0.77 0.95 1.47 1.80 1.61 1.17 0.93 0.88 0.88 0.99 1.08 1.19 1.42 1.54 1.38 1.20 1.19 1.31
1.37 1.34 1.27 1.23 1.25 1.24 1.18 1.14 1.13 1.10 1.09 1.09 1.09 1.09 1.09 1.08 1.06 1.05 1.04 1.02 1.00 0.99 0.96 0.92 0.91 0.93 0.94 0.92 0.81 0.74 0.87 1.13 1.37 1.57 1.51 1.25 1.25 1.51 1.63 1.49 1.37 1.25 1.13 1.13 1.09 1.09 1.23 1.36 1.30 1.13 1.08 1.10 1.08 1.10 0.99 0.76 0.86 1.20 1.56 1.76 1.48 0.95 0.70 0.71 0.86 0.92 0.89 1.04 1.51 1.74 1.35 1.01 1.04 1.08 1.04 1.04 1.03 1.15 1.44 1.60 1.42 1.17 1.15 1.29
1.37 1.33 1.26 1.24 1.28 1.25 1.16 1.14 1.13 1.12 1.10 1.10 1.11 1.11 1.11 1.09 1.07 1.06 1.04 1.03 1.03 1.02 0.98 0.96 0.97 0.97 0.97 0.92 0.82 0.85 1.11 1.38 1.49 1.55 1.41 1.14 1.22 1.52 1.51 1.26 1.15 1.05 0.99 1.03 1.01 1.02 1.17 1.20 1.05 0.99 1.00 0.99 0.99 1.01 0.92 0.80 0.96 1.25 1.52 1.63 1.30 0.82 0.61 0.72 1.00 1.08 1.03 1.15 1.52 1.64 1.29 1.16 1.32 1.26 1.09 1.04 1.05 1.18 1.42 1.59 1.36 1.07 1.12 1.26
1.36 1.32 1.26 1.27 1.30 1.23 1.15 1.13 1.13 1.13 1.11 1.13 1.13 1.13 1.12 1.10 1.08 1.08 1.07 1.06 1.06 1.05 1.00 1.01 1.03 1.01 0.99 0.93 0.88 1.02 1.27 1.44 1.42 1.45 1.44 1.22 1.26 1.43 1.32 1.10 1.05 0.97 0.94 0.98 0.94 0.99 1.08 1.01 0.92 0.96 0.98 0.97 0.96 0.94 0.90 0.90 1.05 1.25 1.42 1.47 1.24 0.84 0.66 0.78 1.09 1.18 1.13 1.20 1.44 1.62 1.47 1.42 1.42 1.22 1.07 1.06 1.13 1.25 1.43 1.49 1.23 1.02 1.14 1.30
1.36 1.32 1.28 1.31 1.30 1.22 1.16 1.13 1.15 1.14 1.13 1.14 1.14 1.14 1.13 1.11 1.10 1.10 1.10 1.08 1.08 1.06 1.04 1.06 1.07 1.03 0.97 0.91 0.89 1.01 1.23 1.36 1.34 1.44 1.54 1.38 1.25 1.28 1.17 1.02 0.97 0.89 0.86 0.87 0.87 0.95 0.97 0.89 0.90 0.95 0.94 0.93 0.92 0.89 0.90 0.98 1.10 1.19 1.27 1.37 1.25 0.91 0.73 0.83 1.10 1.22 1.20 1.24 1.49 1.74 1.60 1.42 1.29 1.09 1.01 1.06 1.14 1.25 1.33 1.28 1.15 1.09 1.21 1.35
1.35 1.33 1.32 1.34 1.31 1.22 1.16 1.14 1.17 1.16 1.16 1.16 1.16 1.15 1.13 1.13 1.13 1.13 1.11 1.10 1.10 1.09 1.08 1.08 1.06 1.01 0.95 0.90 0.88 1.00 1.25 1.36 1.43 1.57 1.60 1.35 1.12 1.07 1.01 0.89 0.83 0.78 0.79 0.81 0.87 0.96 0.91 0.89 0.95 0.95 0.93 0.92 0.92 0.92 0.98 1.07 1.12 1.12 1.16 1.30 1.26 0.95 0.77 0.85 1.06 1.22 1.29 1.40 1.69 1.77 1.43 1.19 1.10 0.97 0.98 1.04 1.06 1.09 1.09 1.10 1.13 1.12 1.18 1.30
1.36 1.35 1.35 1.35 1.28 1.19 1.16 1.16 1.17 1.18 1.18 1.17 1.17 1.16 1.15 1.16 1.15 1.14 1.13 1.12 1.12 1.11 1.10 1.08 1.06 1.02 0.97 0.90 0.88 1.11 1.39 1.47 1.56 1.60 1.48 1.19 0.94 0.85 0.82 0.76 0.72 0.74 0.80 0.83 0.92 0.99 0.93 0.94 0.96 0.93 0.94 0.97 0.98 1.02 1.09 1.11 1.10 1.09 1.12 1.24 1.27 1.02 0.84 0.90 1.02 1.20 1.40 1.61 1.72 1.48 1.07 0.99 1.02 1.02 1.05 1.03 0.96 0.92 0.99 1.11 1.11 1.04 1.08 1.21
