windninja/windninja_output/Output_2025-08-24_1700-1750_Google earth_Fire_150m_10min/merlingen_7.5mi_point_08-24-2025_1710_150m_vel.asc
ncols	158
nrows	163
xllcorner	391686.332397
yllcorner	5160024.123721
cellsize	150.000000
NODATA_value	-32768.000000
[rows 0 to 37 of 163, columns 0 to 83 of 158]
1.12 1.13 1.15 1.17 1.22 1.27 1.24 1.19 1.20 1.21 1.16 1.02 0.80 0.72 0.80 0.87 0.90 0.91 0.99 1.16 1.21 1.12 1.09 1.12 1.17 1.16 1.07 1.03 1.09 1.10 1.06 1.03 1.01 0.98 1.01 1.07 1.04 0.99 1.02 1.01 1.01 1.05 1.04 1.06 1.12 1.14 1.18 1.23 1.32 1.43 1.47 1.51 1.56 1.56 1.49 1.41 1.34 1.33 1.38 1.43 1.42 1.39 1.37 1.37 1.38 1.37 1.39 1.45 1.53 1.58 1.57 1.52 1.46 1.45 1.51 1.54 1.49 1.48 1.53 1.56 1.53 1.45 1.46 1.50
1.12 1.16 1.20 1.20 1.24 1.24 1.15 1.10 1.15 1.16 1.13 1.00 0.83 0.78 0.87 0.98 1.05 1.09 1.21 1.34 1.28 1.18 1.17 1.19 1.19 1.16 1.10 1.09 1.11 1.07 1.03 1.03 1.03 1.03 1.07 1.11 1.08 1.09 1.13 1.10 1.10 1.13 1.14 1.20 1.27 1.29 1.34 1.38 1.41 1.42 1.42 1.43 1.44 1.39 1.34 1.32 1.33 1.37 1.43 1.43 1.39 1.37 1.38 1.41 1.40 1.38 1.42 1.49 1.56 1.59 1.54 1.48 1.47 1.51 1.56 1.53 1.46 1.52 1.61 1.58 1.48 1.42 1.47 1.49
1.15 1.23 1.27 1.26 1.27 1.18 1.07 1.09 1.19 1.24 1.21 1.05 0.93 0.96 1.07 1.25 1.37 1.41 1.50 1.48 1.33 1.25 1.25 1.23 1.20 1.16 1.13 1.13 1.10 1.03 1.02 1.05 1.08 1.12 1.18 1.20 1.21 1.24 1.25 1.22 1.25 1.28 1.32 1.43 1.48 1.50 1.55 1.56 1.50 1.43 1.42 1.39 1.32 1.27 1.26 1.31 1.39 1.45 1.47 1.44 1.41 1.42 1.44 1.46 1.43 1.41 1.46 1.54 1.62 1.59 1.48 1.44 1.51 1.59 1.59 1.50 1.47 1.61 1.69 1.56 1.38 1.40 1.49 1.45
1.23 1.29 1.30 1.29 1.28 1.20 1.20 1.35 1.48 1.48 1.33 1.10 1.00 1.05 1.20 1.46 1.56 1.55 1.53 1.42 1.29 1.27 1.26 1.22 1.25 1.26 1.22 1.19 1.14 1.11 1.13 1.14 1.16 1.24 1.28 1.29 1.29 1.27 1.27 1.32 1.39 1.43 1.51 1.60 1.61 1.62 1.62 1.57 1.50 1.51 1.50 1.41 1.34 1.35 1.37 1.39 1.42 1.43 1.43 1.44 1.45 1.45 1.44 1.44 1.41 1.42 1.47 1.57 1.64 1.56 1.43 1.44 1.52 1.54 1.50 1.47 1.52 1.65 1.64 1.47 1.32 1.41 1.51 1.46
1.29 1.31 1.32 1.31 1.31 1.31 1.40 1.56 1.59 1.44 1.19 1.05 1.04 1.13 1.36 1.56 1.57 1.49 1.38 1.28 1.24 1.28 1.28 1.26 1.34 1.37 1.36 1.34 1.30 1.30 1.30 1.29 1.34 1.40 1.37 1.33 1.31 1.34 1.43 1.51 1.54 1.59 1.68 1.71 1.68 1.64 1.58 1.51 1.48 1.47 1.39 1.31 1.32 1.35 1.36 1.36 1.38 1.41 1.43 1.44 1.44 1.41 1.40 1.41 1.42 1.43 1.47 1.56 1.62 1.49 1.38 1.43 1.49 1.49 1.45 1.44 1.50 1.58 1.56 1.40 1.28 1.37 1.52 1.54
1.30 1.32 1.33 1.34 1.37 1.42 1.50 1.56 1.43 1.17 1.01 1.00 1.04 1.18 1.44 1.53 1.46 1.34 1.20 1.17 1.21 1.28 1.28 1.28 1.35 1.38 1.35 1.32 1.33 1.37 1.38 1.43 1.53 1.53 1.45 1.42 1.48 1.58 1.65 1.66 1.65 1.67 1.70 1.65 1.57 1.51 1.45 1.41 1.39 1.33 1.25 1.23 1.26 1.28 1.30 1.34 1.39 1.44 1.45 1.45 1.43 1.40 1.39 1.42 1.43 1.44 1.46 1.57 1.60 1.45 1.36 1.43 1.52 1.51 1.44 1.46 1.53 1.58 1.49 1.29 1.24 1.38 1.56 1.61
1.31 1.32 1.33 1.36 1.42 1.46 1.49 1.44 1.24 1.05 1.01 1.03 1.07 1.21 1.42 1.47 1.39 1.29 1.23 1.24 1.27 1.32 1.30 1.27 1.31 1.30 1.24 1.26 1.31 1.33 1.38 1.49 1.56 1.52 1.51 1.60 1.70 1.74 1.71 1.65 1.61 1.59 1.55 1.46 1.40 1.37 1.34 1.32 1.29 1.23 1.19 1.21 1.25 1.26 1.29 1.36 1.42 1.45 1.46 1.47 1.49 1.46 1.44 1.43 1.44 1.44 1.47 1.57 1.59 1.45 1.42 1.55 1.63 1.54 1.47 1.52 1.59 1.60 1.37 1.19 1.34 1.56 1.62 1.63
1.32 1.34 1.35 1.37 1.39 1.39 1.36 1.25 1.09 1.03 1.07 1.11 1.17 1.27 1.41 1.44 1.35 1.32 1.32 1.30 1.34 1.40 1.36 1.31 1.30 1.25 1.24 1.30 1.29 1.25 1.34 1.47 1.46 1.42 1.51 1.63 1.66 1.60 1.53 1.47 1.43 1.39 1.35 1.31 1.28 1.28 1.26 1.24 1.22 1.16 1.13 1.21 1.24 1.23 1.31 1.41 1.45 1.48 1.51 1.56 1.56 1.50 1.45 1.43 1.44 1.44 1.49 1.58 1.58 1.48 1.50 1.64 1.63 1.51 1.46 1.49 1.54 1.47 1.19 1.17 1.52 1.70 1.66 1.65
1.34 1.35 1.36 1.35 1.33 1.29 1.22 1.12 1.07 1.09 1.14 1.18 1.23 1.31 1.42 1.43 1.36 1.36 1.35 1.32 1.38 1.43 1.41 1.38 1.33 1.28 1.30 1.31 1.22 1.20 1.34 1.42 1.36 1.37 1.47 1.50 1.42 1.34 1.29 1.25 1.22 1.21 1.22 1.22 1.25 1.24 1.20 1.20 1.17 1.11 1.13 1.20 1.17 1.18 1.36 1.48 1.51 1.54 1.57 1.54 1.45 1.35 1.33 1.34 1.35 1.43 1.53 1.61 1.57 1.47 1.49 1.55 1.48 1.39 1.37 1.40 1.45 1.32 1.10 1.24 1.64 1.80 1.75 1.77
1.34 1.35 1.36 1.35 1.30 1.25 1.20 1.16 1.16 1.17 1.20 1.22 1.23 1.28 1.36 1.38 1.37 1.40 1.39 1.40 1.46 1.47 1.48 1.44 1.38 1.34 1.32 1.29 1.22 1.25 1.39 1.39 1.31 1.35 1.41 1.37 1.26 1.18 1.14 1.13 1.14 1.18 1.20 1.21 1.21 1.19 1.15 1.17 1.14 1.07 1.10 1.15 1.12 1.23 1.42 1.51 1.49 1.47 1.41 1.28 1.20 1.19 1.15 1.12 1.26 1.46 1.58 1.59 1.47 1.36 1.39 1.44 1.41 1.35 1.32 1.32 1.34 1.25 1.21 1.51 1.83 1.94 1.86 1.85
1.35 1.36 1.37 1.34 1.30 1.27 1.26 1.25 1.24 1.23 1.23 1.23 1.22 1.23 1.27 1.35 1.39 1.43 1.43 1.47 1.53 1.55 1.55 1.48 1.42 1.40 1.32 1.25 1.23 1.29 1.35 1.28 1.22 1.27 1.29 1.23 1.15 1.09 1.10 1.15 1.18 1.19 1.20 1.16 1.14 1.13 1.10 1.10 1.04 0.96 1.02 1.08 1.10 1.24 1.36 1.37 1.28 1.19 1.12 1.03 1.05 1.08 0.99 1.04 1.31 1.49 1.52 1.45 1.23 1.18 1.34 1.45 1.43 1.35 1.26 1.22 1.28 1.36 1.50 1.83 2.01 2.01 1.92 1.91
1.37 1.38 1.38 1.34 1.30 1.29 1.30 1.30 1.27 1.25 1.25 1.24 1.22 1.20 1.25 1.38 1.46 1.46 1.45 1.48 1.53 1.54 1.52 1.44 1.37 1.28 1.13 1.10 1.15 1.18 1.17 1.13 1.13 1.19 1.19 1.13 1.08 1.08 1.14 1.17 1.14 1.16 1.15 1.08 1.09 1.09 1.01 0.93 0.87 0.85 0.92 0.95 0.96 1.09 1.16 1.16 1.09 1.00 0.93 0.89 0.96 0.99 0.95 1.10 1.35 1.42 1.41 1.26 1.04 1.18 1.44 1.50 1.46 1.36 1.30 1.38 1.56 1.74 1.92 2.06 2.06 2.04 2.04 2.17
1.38 1.38 1.37 1.35 1.32 1.32 1.32 1.30 1.27 1.26 1.25 1.23 1.19 1.16 1.22 1.40 1.48 1.46 1.47 1.50 1.52 1.49 1.42 1.30 1.16 0.99 0.91 0.96 1.04 1.06 1.07 1.10 1.15 1.16 1.10 1.07 1.08 1.13 1.16 1.12 1.11 1.15 1.09 1.02 1.03 0.98 0.84 0.74 0.76 0.84 0.86 0.83 0.86 0.99 1.08 1.08 1.01 0.91 0.81 0.83 0.97 1.02 1.06 1.21 1.31 1.32 1.29 1.18 1.14 1.36 1.50 1.49 1.50 1.50 1.60 1.80 1.94 2.09 2.17 2.12 2.07 2.13 2.23 2.43
1.39 1.39 1.38 1.36 1.35 1.35 1.32 1.29 1.27 1.25 1.24 1.22 1.18 1.15 1.21 1.36 1.46 1.46 1.47 1.50 1.46 1.37 1.25 1.09 0.94 0.85 0.86 0.95 1.01 1.03 1.05 1.10 1.14 1.10 1.03 1.09 1.15 1.15 1.12 1.06 1.06 1.04 0.89 0.83 0.86 0.81 0.69 0.65 0.76 0.86 0.83 0.80 0.82 0.94 1.10 1.08 0.97 0.83 0.74 0.85 1.06 1.14 1.25 1.33 1.29 1.26 1.25 1.30 1.39 1.44 1.44 1.50 1.66 1.74 1.78 1.82 1.92 2.03 1.98 1.90 2.03 2.21 2.32 2.41
1.40 1.40 1.39 1.37 1.36 1.34 1.31 1.29 1.28 1.26 1.25 1.24 1.21 1.19 1.25 1.40 1.53 1.50 1.45 1.42 1.32 1.18 1.08 0.97 0.89 0.88 0.92 0.97 1.00 0.99 1.03 1.11 1.12 1.07 1.08 1.14 1.12 1.06 1.00 0.91 0.87 0.77 0.71 0.76 0.78 0.74 0.70 0.71 0.80 0.87 0.88 0.86 0.84 0.97 1.13 1.12 0.98 0.81 0.75 0.96 1.25 1.38 1.49 1.43 1.28 1.31 1.39 1.51 1.57 1.45 1.44 1.66 1.83 1.77 1.62 1.64 1.78 1.77 1.66 1.77 2.05 2.18 2.19 2.14
1.41 1.41 1.40 1.38 1.35 1.32 1.30 1.29 1.28 1.26 1.26 1.25 1.25 1.25 1.33 1.51 1.60 1.51 1.41 1.34 1.24 1.12 1.03 0.96 0.94 0.98 0.98 0.97 0.97 0.99 1.11 1.20 1.15 1.08 1.05 0.99 0.91 0.88 0.81 0.75 0.72 0.66 0.72 0.85 0.81 0.77 0.83 0.82 0.79 0.90 1.04 1.03 1.06 1.22 1.29 1.25 1.12 0.95 0.92 1.16 1.47 1.63 1.62 1.40 1.32 1.49 1.59 1.66 1.71 1.54 1.50 1.72 1.79 1.59 1.50 1.60 1.62 1.53 1.64 2.00 2.14 1.99 1.91 1.82
1.42 1.42 1.40 1.38 1.35 1.33 1.31 1.29 1.29 1.28 1.28 1.27 1.27 1.28 1.36 1.52 1.54 1.44 1.35 1.29 1.22 1.11 1.01 0.98 1.02 1.04 0.99 0.97 1.02 1.10 1.19 1.16 0.98 0.87 0.80 0.76 0.78 0.79 0.75 0.73 0.74 0.77 0.91 0.98 0.90 0.88 0.94 0.89 0.89 1.08 1.24 1.24 1.29 1.35 1.31 1.23 1.17 1.11 1.12 1.40 1.65 1.72 1.58 1.33 1.36 1.60 1.70 1.77 1.78 1.64 1.57 1.62 1.66 1.57 1.58 1.56 1.47 1.60 1.96 2.17 1.95 1.67 1.63 1.52
1.43 1.43 1.41 1.38 1.36 1.34 1.33 1.32 1.31 1.30 1.29 1.28 1.28 1.29 1.34 1.43 1.44 1.36 1.27 1.21 1.13 1.03 0.97 1.00 1.04 1.01 0.96 0.98 1.04 1.08 1.06 0.91 0.73 0.66 0.68 0.76 0.83 0.84 0.83 0.87 0.92 0.96 1.00 0.98 0.93 0.96 0.99 1.01 1.15 1.31 1.35 1.31 1.29 1.26 1.19 1.17 1.23 1.28 1.35 1.54 1.71 1.71 1.52 1.35 1.45 1.66 1.81 1.83 1.70 1.60 1.63 1.62 1.69 1.71 1.58 1.51 1.56 1.80 2.02 1.85 1.51 1.43 1.38 1.25
1.45 1.44 1.41 1.39 1.37 1.35 1.34 1.33 1.33 1.31 1.29 1.27 1.27 1.28 1.31 1.36 1.36 1.27 1.15 1.08 1.01 0.96 0.96 0.99 0.99 0.96 0.95 0.96 0.96 0.94 0.85 0.71 0.63 0.66 0.76 0.87 0.92 0.92 0.90 0.95 0.98 0.96 0.98 0.97 0.96 1.01 1.10 1.18 1.26 1.31 1.30 1.26 1.21 1.17 1.18 1.26 1.35 1.38 1.44 1.56 1.68 1.63 1.46 1.42 1.55 1.72 1.84 1.74 1.58 1.68 1.80 1.73 1.75 1.70 1.50 1.46 1.50 1.57 1.62 1.43 1.32 1.35 1.24 1.14
1.45 1.44 1.42 1.40 1.38 1.36 1.35 1.34 1.32 1.29 1.27 1.28 1.28 1.28 1.28 1.29 1.27 1.17 1.08 1.04 1.01 0.99 0.99 0.99 0.99 0.98 0.97 0.94 0.89 0.85 0.76 0.66 0.63 0.69 0.79 0.89 0.97 0.98 0.96 1.02 1.03 1.02 1.04 1.01 1.04 1.16 1.27 1.25 1.20 1.24 1.25 1.23 1.21 1.22 1.31 1.39 1.40 1.41 1.46 1.51 1.53 1.48 1.42 1.45 1.57 1.71 1.76 1.70 1.75 1.97 1.95 1.74 1.67 1.62 1.51 1.39 1.26 1.26 1.37 1.37 1.37 1.39 1.30 1.21
1.46 1.46 1.44 1.41 1.38 1.37 1.35 1.34 1.32 1.28 1.27 1.28 1.27 1.26 1.26 1.24 1.20 1.14 1.10 1.09 1.07 1.04 1.02 1.02 1.02 0.99 0.96 0.91 0.87 0.82 0.75 0.67 0.66 0.77 0.92 1.04 1.13 1.16 1.12 1.12 1.09 1.05 1.04 1.05 1.16 1.27 1.27 1.18 1.16 1.23 1.27 1.27 1.28 1.32 1.36 1.35 1.36 1.40 1.44 1.42 1.38 1.43 1.50 1.52 1.62 1.75 1.81 1.90 2.08 2.09 1.80 1.51 1.46 1.52 1.48 1.30 1.17 1.23 1.37 1.46 1.52 1.51 1.42 1.29
1.48 1.47 1.44 1.41 1.39 1.38 1.36 1.34 1.31 1.29 1.28 1.28 1.26 1.24 1.24 1.21 1.18 1.15 1.14 1.13 1.09 1.06 1.04 1.03 1.00 0.97 0.94 0.90 0.86 0.82 0.76 0.70 0.77 1.00 1.17 1.24 1.28 1.23 1.13 1.09 1.04 1.01 1.05 1.14 1.22 1.23 1.20 1.21 1.24 1.28 1.33 1.34 1.34 1.33 1.31 1.31 1.35 1.39 1.38 1.35 1.32 1.46 1.61 1.61 1.73 1.92 2.01 2.14 2.14 1.83 1.43 1.26 1.33 1.48 1.43 1.26 1.21 1.30 1.42 1.56 1.62 1.49 1.41 1.34
1.49 1.47 1.44 1.42 1.41 1.39 1.37 1.34 1.31 1.30 1.29 1.28 1.27 1.24 1.22 1.20 1.18 1.17 1.17 1.14 1.10 1.07 1.06 1.03 0.99 0.97 0.93 0.89 0.86 0.83 0.80 0.81 0.97 1.17 1.21 1.21 1.19 1.09 1.01 0.99 0.98 1.02 1.10 1.16 1.20 1.26 1.32 1.33 1.30 1.29 1.34 1.35 1.32 1.30 1.32 1.35 1.39 1.39 1.32 1.28 1.32 1.52 1.70 1.78 2.01 2.19 2.21 2.16 1.88 1.45 1.19 1.16 1.33 1.54 1.51 1.33 1.23 1.32 1.48 1.60 1.57 1.43 1.44 1.41
1.49 1.48 1.46 1.44 1.42 1.39 1.35 1.32 1.31 1.32 1.31 1.28 1.26 1.24 1.22 1.20 1.18 1.18 1.18 1.15 1.11 1.09 1.07 1.02 0.98 0.95 0.89 0.84 0.83 0.85 0.85 0.90 1.04 1.11 1.09 1.09 1.05 0.98 0.98 0.99 1.02 1.08 1.12 1.16 1.32 1.45 1.39 1.31 1.27 1.27 1.33 1.33 1.30 1.36 1.39 1.38 1.39 1.37 1.26 1.25 1.35 1.56 1.84 2.13 2.33 2.25 2.06 1.80 1.42 1.14 1.06 1.14 1.44 1.70 1.60 1.31 1.18 1.33 1.47 1.49 1.47 1.43 1.47 1.44
1.50 1.49 1.47 1.45 1.41 1.38 1.34 1.32 1.33 1.33 1.31 1.27 1.25 1.24 1.22 1.20 1.19 1.19 1.18 1.14 1.11 1.10 1.06 1.01 0.96 0.91 0.82 0.76 0.82 0.90 0.90 0.93 0.99 1.03 1.03 1.03 1.00 1.00 1.04 1.07 1.08 1.12 1.16 1.33 1.54 1.46 1.27 1.24 1.24 1.25 1.31 1.33 1.38 1.44 1.43 1.39 1.38 1.32 1.21 1.20 1.35 1.68 2.14 2.41 2.27 1.89 1.57 1.24 0.99 0.93 0.99 1.27 1.73 1.83 1.46 1.11 1.10 1.30 1.38 1.37 1.44 1.50 1.49 1.45
1.51 1.50 1.47 1.44 1.41 1.38 1.34 1.34 1.36 1.33 1.29 1.26 1.25 1.24 1.22 1.20 1.20 1.19 1.17 1.14 1.11 1.09 1.04 1.00 0.95 0.86 0.76 0.76 0.91 0.96 0.92 0.94 1.01 1.04 1.06 1.03 1.00 1.06 1.14 1.14 1.15 1.19 1.31 1.52 1.53 1.27 1.16 1.22 1.25 1.28 1.31 1.35 1.40 1.43 1.44 1.42 1.35 1.21 1.11 1.16 1.46 2.08 2.52 2.41 1.96 1.57 1.24 0.93 0.82 0.91 1.19 1.69 1.96 1.71 1.25 0.97 1.09 1.31 1.37 1.40 1.55 1.61 1.51 1.50
1.52 1.50 1.48 1.45 1.42 1.38 1.36 1.37 1.37 1.33 1.28 1.26 1.26 1.23 1.20 1.20 1.20 1.18 1.16 1.13 1.11 1.08 1.05 1.00 0.94 0.84 0.76 0.85 0.98 0.97 0.93 0.97 1.03 1.04 1.04 1.01 1.01 1.16 1.26 1.25 1.25 1.32 1.45 1.54 1.41 1.21 1.21 1.28 1.33 1.36 1.33 1.36 1.41 1.48 1.57 1.46 1.21 1.07 1.13 1.36 1.92 2.54 2.55 2.04 1.57 1.26 0.99 0.79 0.81 1.11 1.66 2.02 1.90 1.51 1.11 0.94 1.10 1.40 1.47 1.52 1.64 1.61 1.51 1.59
1.53 1.52 1.49 1.46 1.42 1.39 1.37 1.38 1.36 1.31 1.27 1.26 1.24 1.22 1.20 1.21 1.20 1.18 1.16 1.13 1.11 1.10 1.07 1.03 0.96 0.85 0.81 0.95 1.05 1.01 0.97 1.02 1.05 1.04 1.02 0.98 1.03 1.24 1.37 1.34 1.31 1.44 1.53 1.52 1.43 1.33 1.34 1.37 1.42 1.42 1.37 1.44 1.54 1.66 1.68 1.37 1.08 1.13 1.44 1.83 2.33 2.57 2.16 1.54 1.19 0.99 0.79 0.72 0.93 1.44 1.98 2.02 1.69 1.33 1.00 0.90 1.13 1.53 1.62 1.58 1.59 1.54 1.53 1.68
1.53 1.53 1.49 1.46 1.43 1.40 1.39 1.39 1.34 1.29 1.26 1.25 1.23 1.22 1.22 1.22 1.21 1.18 1.16 1.15 1.14 1.13 1.09 1.04 0.97 0.90 0.95 1.12 1.18 1.07 1.04 1.11 1.11 1.09 1.10 1.10 1.17 1.35 1.54 1.51 1.49 1.63 1.62 1.58 1.52 1.42 1.40 1.41 1.48 1.52 1.51 1.58 1.67 1.74 1.62 1.27 1.15 1.36 1.75 2.14 2.43 2.29 1.77 1.27 1.03 0.91 0.75 0.79 1.23 1.80 2.10 1.92 1.53 1.18 0.89 0.86 1.12 1.55 1.62 1.54 1.54 1.50 1.54 1.69
1.54 1.53 1.49 1.45 1.43 1.41 1.40 1.37 1.31 1.28 1.27 1.25 1.25 1.24 1.24 1.23 1.21 1.19 1.18 1.17 1.16 1.13 1.09 1.04 0.98 0.98 1.11 1.24 1.20 1.11 1.15 1.21 1.19 1.27 1.44 1.48 1.47 1.60 1.78 1.75 1.76 1.82 1.73 1.68 1.58 1.46 1.46 1.53 1.70 1.77 1.70 1.71 1.75 1.70 1.53 1.28 1.24 1.45 1.83 2.22 2.28 1.86 1.37 1.05 0.91 0.85 0.79 0.97 1.55 2.02 2.08 1.71 1.28 1.02 0.88 0.96 1.21 1.46 1.58 1.59 1.53 1.43 1.45 1.56
1.56 1.54 1.50 1.45 1.43 1.42 1.39 1.35 1.31 1.29 1.27 1.27 1.26 1.25 1.24 1.23 1.22 1.21 1.19 1.18 1.16 1.13 1.10 1.06 1.04 1.08 1.16 1.18 1.08 1.00 1.04 1.17 1.35 1.63 1.82 1.74 1.66 1.78 1.93 1.90 1.87 1.82 1.69 1.63 1.54 1.47 1.55 1.71 1.83 1.73 1.61 1.64 1.61 1.53 1.38 1.15 1.13 1.42 1.85 2.16 1.96 1.39 1.00 0.84 0.85 0.89 0.90 1.11 1.68 2.06 1.85 1.32 1.05 1.01 1.03 1.17 1.26 1.35 1.58 1.71 1.56 1.37 1.35 1.46
1.58 1.55 1.49 1.45 1.46 1.45 1.39 1.34 1.32 1.30 1.28 1.27 1.26 1.26 1.25 1.24 1.22 1.21 1.19 1.18 1.16 1.15 1.13 1.10 1.11 1.15 1.16 1.12 0.99 0.89 0.98 1.27 1.58 1.84 1.83 1.62 1.61 1.87 1.99 1.84 1.71 1.56 1.41 1.40 1.36 1.37 1.52 1.66 1.57 1.35 1.30 1.33 1.30 1.30 1.18 0.96 1.07 1.44 1.84 2.05 1.71 1.10 0.79 0.78 0.95 1.05 1.04 1.21 1.73 1.98 1.54 1.14 1.17 1.25 1.23 1.23 1.21 1.32 1.61 1.79 1.61 1.33 1.30 1.44
1.58 1.54 1.47 1.46 1.49 1.45 1.37 1.34 1.32 1.30 1.28 1.28 1.28 1.28 1.27 1.25 1.22 1.21 1.19 1.18 1.19 1.18 1.15 1.14 1.17 1.18 1.19 1.15 1.06 1.09 1.34 1.62 1.74 1.79 1.66 1.45 1.56 1.85 1.81 1.53 1.39 1.27 1.20 1.24 1.22 1.24 1.40 1.42 1.23 1.15 1.16 1.16 1.15 1.17 1.07 0.99 1.19 1.50 1.78 1.89 1.50 0.95 0.72 0.82 1.12 1.24 1.21 1.36 1.75 1.86 1.47 1.34 1.53 1.47 1.30 1.23 1.24 1.37 1.61 1.78 1.52 1.21 1.27 1.42
1.57 1.53 1.47 1.48 1.50 1.43 1.35 1.33 1.32 1.30 1.29 1.29 1.30 1.28 1.27 1.25 1.23 1.23 1.22 1.22 1.22 1.21 1.18 1.20 1.23 1.23 1.22 1.16 1.14 1.29 1.54 1.69 1.65 1.65 1.65 1.51 1.59 1.73 1.57 1.31 1.24 1.15 1.12 1.15 1.11 1.17 1.26 1.17 1.06 1.10 1.13 1.11 1.11 1.08 1.04 1.07 1.26 1.49 1.66 1.69 1.43 1.00 0.81 0.92 1.25 1.36 1.33 1.42 1.68 1.86 1.71 1.66 1.66 1.44 1.27 1.26 1.33 1.46 1.64 1.67 1.38 1.15 1.28 1.45
1.57 1.54 1.50 1.52 1.51 1.43 1.36 1.32 1.32 1.31 1.30 1.31 1.30 1.29 1.27 1.25 1.24 1.25 1.25 1.24 1.24 1.22 1.22 1.25 1.27 1.24 1.18 1.13 1.12 1.24 1.45 1.56 1.54 1.65 1.78 1.69 1.59 1.56 1.39 1.21 1.14 1.04 1.00 0.99 0.99 1.08 1.10 1.00 1.02 1.08 1.07 1.06 1.04 1.02 1.03 1.14 1.29 1.40 1.48 1.56 1.44 1.09 0.91 1.01 1.27 1.40 1.40 1.46 1.75 2.02 1.87 1.66 1.50 1.28 1.20 1.25 1.33 1.46 1.52 1.44 1.28 1.23 1.35 1.51
1.57 1.55 1.54 1.55 1.51 1.42 1.35 1.33 1.34 1.33 1.32 1.31 1.31 1.29 1.27 1.26 1.27 1.27 1.26 1.25 1.25 1.25 1.25 1.26 1.24 1.19 1.15 1.11 1.09 1.20 1.45 1.57 1.66 1.83 1.87 1.63 1.41 1.31 1.19 1.04 0.94 0.87 0.87 0.90 0.97 1.07 1.03 1.01 1.08 1.09 1.06 1.06 1.06 1.07 1.14 1.25 1.32 1.31 1.35 1.49 1.43 1.11 0.95 1.04 1.25 1.41 1.50 1.65 1.99 2.08 1.67 1.38 1.27 1.13 1.15 1.22 1.23 1.25 1.24 1.23 1.26 1.25 1.31 1.43
1.57 1.57 1.56 1.55 1.48 1.39 1.35 1.35 1.34 1.34 1.33 1.32 1.31 1.29 1.29 1.29 1.29 1.28 1.27 1.26 1.27 1.27 1.26 1.25 1.23 1.20 1.16 1.10 1.09 1.32 1.62 1.74 1.83 1.86 1.69 1.37 1.14 1.02 0.93 0.83 0.77 0.80 0.88 0.93 1.04 1.13 1.07 1.09 1.12 1.07 1.09 1.14 1.15 1.21 1.30 1.33 1.31 1.29 1.31 1.43 1.45 1.19 1.01 1.09 1.23 1.41 1.63 1.88 2.03 1.74 1.23 1.12 1.15 1.16 1.22 1.20 1.12 1.06 1.11 1.24 1.24 1.16 1.18 1.31
1.59 1.59 1.58 1.53 1.44 1.37 1.36 1.35 1.34 1.35 1.35 1.33 1.32 1.31 1.32 1.32 1.30 1.29 1.29 1.28 1.28 1.28 1.27 1.26 1.26 1.23 1.19 1.12 1.24 1.64 1.81 1.80 1.77 1.63 1.46 1.19 0.89 0.72 0.72 0.76 0.79 0.87 0.96 1.04 1.15 1.18 1.14 1.14 1.11 1.10 1.20 1.25 1.25 1.29 1.34 1.34 1.32 1.31 1.33 1.42 1.47 1.29 1.15 1.14 1.16 1.36 1.74 1.98 1.78 1.26 0.99 1.12 1.36 1.41 1.25 1.12 1.10 1.06 1.17 1.31 1.19 1.09 1.12 1.26
