windninja/windninja_output/Output_2025-08-24_1700-1750_Google earth_Fire_150m_10min/merlingen_7.5mi_point_08-24-2025_1750_150m_vel.asc
ncols	158
nrows	163
xllcorner	391686.332397
yllcorner	5160024.123721
cellsize	150.000000
NODATA_value	-32768.000000
[rows 0 to 37 of 163, columns 0 to 83 of 158]
1.80 1.79 1.83 1.90 2.00 2.10 2.09 2.04 2.09 2.12 2.07 1.87 1.52 1.25 1.24 1.33 1.40 1.45 1.64 1.99 2.18 2.15 2.14 2.19 2.24 2.22 2.07 2.00 2.10 2.14 2.06 1.99 1.93 1.87 1.91 2.02 1.95 1.86 1.90 1.89 1.90 1.97 1.96 1.98 2.09 2.14 2.18 2.27 2.46 2.66 2.74 2.80 2.86 2.85 2.71 2.55 2.41 2.37 2.44 2.51 2.49 2.42 2.37 2.35 2.35 2.32 2.35 2.44 2.56 2.63 2.60 2.50 2.39 2.36 2.45 2.48 2.41 2.39 2.47 2.50 2.42 2.29 2.33 2.40
1.79 1.83 1.90 1.94 2.00 2.03 1.92 1.87 1.92 1.97 1.97 1.86 1.64 1.51 1.53 1.63 1.77 1.88 2.11 2.36 2.34 2.27 2.29 2.31 2.29 2.22 2.13 2.12 2.14 2.06 1.98 1.97 1.97 1.97 2.03 2.10 2.05 2.06 2.13 2.09 2.09 2.14 2.15 2.26 2.38 2.42 2.50 2.57 2.62 2.64 2.62 2.63 2.62 2.53 2.42 2.38 2.39 2.44 2.52 2.51 2.43 2.39 2.38 2.41 2.38 2.35 2.39 2.50 2.62 2.64 2.54 2.43 2.39 2.45 2.53 2.47 2.35 2.44 2.58 2.51 2.32 2.24 2.34 2.37
1.86 1.96 2.04 2.03 2.04 1.93 1.79 1.83 1.97 2.08 2.13 2.01 1.89 1.91 2.00 2.22 2.44 2.56 2.70 2.68 2.49 2.40 2.41 2.37 2.31 2.25 2.21 2.19 2.11 1.97 1.94 1.99 2.03 2.13 2.23 2.27 2.30 2.37 2.38 2.35 2.39 2.42 2.48 2.67 2.77 2.81 2.89 2.91 2.79 2.64 2.60 2.54 2.40 2.28 2.27 2.35 2.47 2.55 2.58 2.52 2.46 2.44 2.46 2.48 2.42 2.38 2.44 2.58 2.72 2.64 2.44 2.35 2.44 2.56 2.57 2.41 2.34 2.58 2.69 2.45 2.14 2.19 2.35 2.29
1.99 2.06 2.10 2.09 2.08 2.00 2.04 2.29 2.53 2.59 2.43 2.15 2.02 2.06 2.23 2.58 2.76 2.80 2.77 2.60 2.42 2.41 2.42 2.37 2.41 2.44 2.41 2.35 2.26 2.18 2.17 2.16 2.19 2.32 2.42 2.44 2.43 2.40 2.41 2.51 2.63 2.70 2.83 2.98 3.01 3.02 3.01 2.91 2.78 2.77 2.74 2.57 2.43 2.42 2.45 2.47 2.51 2.51 2.50 2.51 2.51 2.48 2.45 2.44 2.39 2.39 2.46 2.62 2.75 2.59 2.35 2.35 2.47 2.49 2.43 2.34 2.42 2.63 2.62 2.30 2.03 2.18 2.37 2.27
2.06 2.09 2.13 2.14 2.15 2.19 2.37 2.62 2.71 2.54 2.23 2.06 2.08 2.20 2.47 2.72 2.73 2.64 2.48 2.34 2.29 2.37 2.42 2.45 2.57 2.64 2.67 2.68 2.63 2.61 2.58 2.53 2.58 2.64 2.60 2.51 2.47 2.53 2.69 2.84 2.92 3.00 3.15 3.21 3.13 3.05 2.93 2.79 2.73 2.70 2.54 2.39 2.38 2.42 2.42 2.41 2.43 2.46 2.49 2.50 2.47 2.41 2.38 2.39 2.38 2.40 2.45 2.61 2.71 2.47 2.27 2.33 2.43 2.41 2.33 2.30 2.40 2.53 2.49 2.20 1.96 2.12 2.39 2.39
2.05 2.08 2.13 2.18 2.27 2.37 2.51 2.59 2.42 2.09 1.91 1.95 2.05 2.23 2.54 2.64 2.52 2.32 2.13 2.08 2.16 2.30 2.37 2.44 2.56 2.62 2.61 2.61 2.67 2.74 2.75 2.83 2.95 2.94 2.79 2.71 2.81 2.99 3.12 3.14 3.12 3.14 3.17 3.07 2.92 2.80 2.68 2.59 2.54 2.42 2.27 2.23 2.26 2.29 2.30 2.35 2.43 2.50 2.52 2.50 2.46 2.39 2.36 2.39 2.40 2.40 2.44 2.61 2.67 2.39 2.22 2.33 2.48 2.43 2.30 2.33 2.45 2.53 2.35 2.02 1.92 2.17 2.45 2.51
2.03 2.05 2.09 2.18 2.32 2.41 2.46 2.39 2.11 1.88 1.88 1.97 2.07 2.24 2.47 2.50 2.39 2.26 2.21 2.22 2.26 2.35 2.37 2.37 2.45 2.43 2.35 2.41 2.54 2.61 2.70 2.89 3.00 2.95 2.94 3.08 3.23 3.28 3.22 3.11 3.03 2.97 2.86 2.70 2.56 2.50 2.45 2.40 2.35 2.24 2.15 2.18 2.24 2.24 2.28 2.37 2.46 2.51 2.52 2.53 2.54 2.48 2.42 2.40 2.40 2.40 2.45 2.61 2.63 2.37 2.29 2.51 2.64 2.46 2.33 2.41 2.53 2.53 2.13 1.84 2.10 2.45 2.54 2.53
2.05 2.07 2.10 2.14 2.19 2.22 2.21 2.05 1.86 1.84 1.94 2.07 2.20 2.34 2.45 2.46 2.36 2.33 2.36 2.37 2.42 2.49 2.45 2.40 2.38 2.31 2.31 2.42 2.43 2.41 2.57 2.75 2.74 2.70 2.85 3.06 3.10 3.01 2.87 2.75 2.65 2.56 2.47 2.37 2.32 2.32 2.27 2.23 2.19 2.09 2.04 2.16 2.21 2.17 2.28 2.44 2.51 2.56 2.60 2.66 2.66 2.53 2.43 2.40 2.39 2.39 2.46 2.60 2.59 2.40 2.42 2.65 2.63 2.40 2.30 2.34 2.45 2.32 1.84 1.80 2.40 2.68 2.57 2.54
2.07 2.09 2.11 2.10 2.07 2.01 1.92 1.83 1.82 1.90 2.01 2.13 2.25 2.38 2.49 2.47 2.39 2.40 2.39 2.38 2.47 2.54 2.53 2.52 2.47 2.40 2.42 2.42 2.29 2.27 2.47 2.59 2.52 2.54 2.68 2.72 2.61 2.46 2.36 2.28 2.21 2.18 2.18 2.18 2.22 2.20 2.13 2.11 2.07 1.97 2.01 2.11 2.05 2.06 2.34 2.55 2.61 2.66 2.68 2.61 2.44 2.27 2.22 2.22 2.23 2.36 2.53 2.64 2.57 2.39 2.41 2.51 2.39 2.23 2.17 2.20 2.30 2.08 1.71 1.93 2.61 2.85 2.70 2.70
2.05 2.06 2.08 2.09 2.04 1.97 1.90 1.88 1.93 2.00 2.08 2.14 2.20 2.29 2.38 2.39 2.39 2.44 2.46 2.53 2.61 2.64 2.67 2.65 2.59 2.53 2.48 2.40 2.29 2.35 2.52 2.52 2.41 2.45 2.52 2.44 2.26 2.12 2.04 2.01 2.03 2.08 2.12 2.12 2.12 2.07 2.02 2.03 1.98 1.88 1.92 1.98 1.93 2.11 2.43 2.57 2.54 2.49 2.37 2.14 2.00 1.98 1.90 1.85 2.08 2.41 2.59 2.60 2.39 2.20 2.25 2.34 2.27 2.16 2.09 2.08 2.13 1.98 1.88 2.36 2.89 3.05 2.88 2.83
2.05 2.07 2.09 2.07 2.03 2.01 2.01 2.03 2.05 2.08 2.11 2.14 2.16 2.18 2.22 2.30 2.38 2.46 2.52 2.62 2.73 2.78 2.79 2.72 2.66 2.65 2.52 2.38 2.32 2.38 2.43 2.30 2.20 2.25 2.26 2.16 2.02 1.92 1.94 2.02 2.06 2.08 2.08 2.00 1.95 1.94 1.89 1.86 1.77 1.64 1.73 1.82 1.85 2.09 2.28 2.31 2.14 1.98 1.85 1.70 1.74 1.78 1.61 1.69 2.16 2.45 2.50 2.37 1.99 1.92 2.17 2.35 2.31 2.15 2.00 1.95 2.05 2.15 2.34 2.85 3.14 3.14 2.97 2.94
2.07 2.08 2.09 2.06 2.04 2.04 2.08 2.11 2.11 2.11 2.13 2.14 2.14 2.13 2.18 2.33 2.44 2.49 2.51 2.58 2.65 2.70 2.70 2.63 2.58 2.46 2.23 2.12 2.13 2.14 2.08 1.98 1.98 2.05 2.02 1.92 1.84 1.85 1.97 2.02 1.97 1.98 1.96 1.85 1.83 1.82 1.68 1.54 1.42 1.38 1.51 1.55 1.57 1.79 1.90 1.92 1.79 1.63 1.52 1.45 1.57 1.62 1.55 1.81 2.23 2.33 2.31 2.06 1.69 1.91 2.33 2.43 2.34 2.16 2.06 2.17 2.45 2.73 2.98 3.21 3.21 3.16 3.15 3.34
2.07 2.07 2.08 2.06 2.06 2.08 2.10 2.09 2.08 2.10 2.11 2.11 2.09 2.05 2.11 2.31 2.42 2.45 2.49 2.56 2.59 2.55 2.46 2.34 2.16 1.92 1.79 1.83 1.89 1.88 1.88 1.90 1.96 1.96 1.85 1.78 1.80 1.90 1.97 1.90 1.87 1.93 1.84 1.72 1.71 1.61 1.36 1.16 1.17 1.31 1.36 1.32 1.36 1.57 1.75 1.75 1.64 1.47 1.31 1.35 1.58 1.67 1.74 2.00 2.17 2.18 2.13 1.95 1.86 2.20 2.42 2.41 2.42 2.39 2.51 2.81 3.03 3.26 3.37 3.29 3.21 3.29 3.44 3.74
2.06 2.07 2.08 2.07 2.09 2.11 2.10 2.08 2.07 2.08 2.08 2.09 2.07 2.04 2.08 2.21 2.33 2.37 2.43 2.48 2.45 2.31 2.11 1.88 1.68 1.60 1.65 1.77 1.83 1.82 1.81 1.86 1.91 1.85 1.75 1.81 1.90 1.91 1.86 1.76 1.75 1.67 1.41 1.30 1.31 1.21 1.03 0.97 1.14 1.31 1.29 1.25 1.28 1.49 1.76 1.74 1.56 1.34 1.19 1.38 1.73 1.88 2.07 2.20 2.13 2.08 2.07 2.15 2.28 2.34 2.35 2.44 2.68 2.77 2.81 2.87 3.02 3.20 3.11 2.96 3.15 3.42 3.58 3.71
2.06 2.07 2.08 2.08 2.08 2.08 2.07 2.07 2.08 2.08 2.09 2.10 2.10 2.12 2.17 2.29 2.42 2.40 2.34 2.29 2.15 1.95 1.78 1.63 1.56 1.61 1.72 1.79 1.80 1.75 1.76 1.85 1.86 1.80 1.82 1.91 1.86 1.73 1.60 1.41 1.30 1.08 0.96 1.05 1.09 1.04 1.00 1.08 1.23 1.33 1.37 1.35 1.33 1.55 1.83 1.82 1.58 1.30 1.22 1.58 2.06 2.29 2.47 2.36 2.13 2.17 2.29 2.50 2.58 2.38 2.35 2.69 2.96 2.84 2.58 2.60 2.82 2.82 2.65 2.80 3.20 3.38 3.38 3.31
2.07 2.07 2.08 2.08 2.06 2.05 2.04 2.05 2.06 2.07 2.10 2.12 2.15 2.20 2.32 2.52 2.59 2.47 2.31 2.16 2.00 1.85 1.74 1.65 1.65 1.73 1.78 1.77 1.75 1.76 1.91 2.04 1.96 1.84 1.75 1.58 1.38 1.28 1.13 1.00 0.94 0.85 0.96 1.20 1.18 1.14 1.26 1.26 1.23 1.42 1.66 1.67 1.74 2.01 2.13 2.06 1.83 1.55 1.51 1.91 2.44 2.72 2.70 2.33 2.18 2.48 2.64 2.76 2.84 2.53 2.45 2.80 2.91 2.56 2.39 2.54 2.57 2.45 2.62 3.17 3.35 3.09 2.97 2.84
2.07 2.07 2.07 2.06 2.06 2.05 2.06 2.06 2.07 2.08 2.11 2.13 2.16 2.21 2.33 2.49 2.49 2.38 2.26 2.15 2.02 1.88 1.75 1.71 1.77 1.82 1.78 1.76 1.83 1.94 2.04 1.96 1.67 1.41 1.17 1.03 1.03 1.04 0.97 0.96 1.01 1.12 1.39 1.50 1.39 1.38 1.48 1.40 1.41 1.73 2.02 2.05 2.15 2.26 2.19 2.04 1.95 1.84 1.86 2.31 2.76 2.89 2.65 2.22 2.26 2.65 2.84 2.95 2.97 2.70 2.55 2.63 2.68 2.53 2.51 2.48 2.33 2.54 3.11 3.43 3.05 2.60 2.55 2.40
2.07 2.07 2.07 2.07 2.06 2.07 2.07 2.09 2.10 2.11 2.12 2.12 2.14 2.17 2.25 2.31 2.27 2.19 2.11 2.03 1.89 1.74 1.66 1.70 1.76 1.72 1.68 1.72 1.80 1.84 1.76 1.48 1.15 0.96 0.92 1.03 1.17 1.21 1.23 1.31 1.42 1.49 1.56 1.51 1.45 1.51 1.57 1.64 1.88 2.15 2.23 2.18 2.15 2.10 1.97 1.94 2.05 2.13 2.25 2.57 2.86 2.88 2.55 2.26 2.41 2.77 3.04 3.07 2.84 2.63 2.65 2.64 2.73 2.75 2.52 2.40 2.46 2.85 3.21 2.94 2.39 2.25 2.19 2.02
2.07 2.07 2.07 2.07 2.07 2.07 2.08 2.10 2.12 2.12 2.11 2.10 2.11 2.14 2.17 2.18 2.13 1.99 1.84 1.73 1.64 1.59 1.60 1.63 1.60 1.57 1.59 1.62 1.60 1.51 1.34 1.12 0.99 1.02 1.15 1.29 1.37 1.39 1.39 1.46 1.50 1.48 1.51 1.50 1.50 1.59 1.74 1.93 2.08 2.16 2.15 2.09 2.02 1.96 1.96 2.10 2.25 2.31 2.41 2.61 2.82 2.75 2.46 2.38 2.59 2.89 3.10 2.93 2.64 2.76 2.93 2.81 2.83 2.74 2.39 2.31 2.38 2.51 2.61 2.32 2.12 2.15 1.99 1.84
2.06 2.06 2.07 2.08 2.08 2.08 2.09 2.10 2.10 2.09 2.08 2.10 2.11 2.11 2.10 2.08 1.99 1.83 1.70 1.64 1.63 1.63 1.63 1.62 1.61 1.61 1.59 1.55 1.47 1.37 1.22 1.09 1.03 1.06 1.15 1.28 1.40 1.46 1.49 1.59 1.62 1.61 1.63 1.60 1.65 1.85 2.05 2.05 1.98 2.02 2.04 2.03 2.01 2.04 2.19 2.31 2.33 2.35 2.43 2.53 2.57 2.50 2.38 2.43 2.63 2.86 2.97 2.85 2.92 3.24 3.18 2.81 2.68 2.59 2.40 2.21 2.00 2.03 2.22 2.23 2.21 2.22 2.08 1.91
2.06 2.07 2.09 2.08 2.08 2.08 2.09 2.09 2.08 2.06 2.06 2.09 2.09 2.08 2.07 2.02 1.93 1.83 1.78 1.77 1.75 1.73 1.71 1.71 1.69 1.64 1.58 1.50 1.44 1.37 1.28 1.18 1.14 1.22 1.42 1.61 1.76 1.85 1.84 1.84 1.77 1.69 1.65 1.68 1.87 2.06 2.06 1.93 1.90 2.02 2.09 2.10 2.14 2.19 2.26 2.25 2.25 2.33 2.40 2.38 2.33 2.42 2.53 2.55 2.71 2.95 3.04 3.18 3.45 3.44 2.93 2.44 2.35 2.43 2.35 2.04 1.82 1.93 2.19 2.35 2.43 2.39 2.23 2.02
2.08 2.09 2.08 2.06 2.07 2.09 2.09 2.09 2.08 2.07 2.08 2.07 2.06 2.05 2.04 2.00 1.94 1.90 1.88 1.85 1.81 1.77 1.76 1.74 1.68 1.62 1.56 1.49 1.44 1.38 1.33 1.28 1.37 1.67 1.92 2.05 2.10 2.03 1.90 1.80 1.69 1.63 1.68 1.83 1.97 1.97 1.93 1.96 2.04 2.12 2.20 2.22 2.23 2.20 2.16 2.16 2.23 2.30 2.30 2.26 2.22 2.47 2.71 2.71 2.91 3.23 3.37 3.57 3.56 3.01 2.32 2.02 2.13 2.37 2.28 1.96 1.86 2.00 2.24 2.49 2.56 2.35 2.22 2.10
2.07 2.07 2.06 2.08 2.10 2.10 2.10 2.09 2.08 2.08 2.09 2.09 2.07 2.05 2.02 1.99 1.96 1.95 1.93 1.90 1.85 1.82 1.79 1.74 1.68 1.63 1.57 1.50 1.45 1.41 1.40 1.47 1.69 1.92 1.95 1.93 1.87 1.74 1.63 1.59 1.59 1.66 1.78 1.86 1.91 2.00 2.14 2.18 2.15 2.14 2.22 2.24 2.18 2.16 2.19 2.24 2.30 2.31 2.19 2.15 2.23 2.57 2.88 3.01 3.40 3.70 3.70 3.60 3.12 2.37 1.92 1.86 2.14 2.48 2.40 2.07 1.88 2.02 2.31 2.51 2.48 2.25 2.28 2.21
2.07 2.07 2.08 2.10 2.11 2.09 2.08 2.06 2.07 2.09 2.10 2.10 2.08 2.06 2.03 2.01 1.98 1.97 1.96 1.92 1.88 1.85 1.82 1.76 1.70 1.63 1.53 1.42 1.37 1.39 1.45 1.56 1.72 1.75 1.68 1.64 1.55 1.47 1.50 1.57 1.65 1.75 1.80 1.85 2.10 2.34 2.28 2.17 2.10 2.10 2.19 2.19 2.15 2.26 2.31 2.29 2.31 2.28 2.11 2.10 2.29 2.65 3.12 3.62 3.94 3.80 3.46 3.01 2.33 1.84 1.70 1.83 2.34 2.74 2.53 2.02 1.80 2.05 2.28 2.32 2.31 2.25 2.32 2.26
2.07 2.08 2.09 2.09 2.08 2.07 2.06 2.06 2.08 2.10 2.09 2.07 2.05 2.05 2.04 2.02 1.99 1.98 1.96 1.91 1.89 1.87 1.82 1.76 1.69 1.59 1.44 1.30 1.29 1.39 1.45 1.51 1.56 1.56 1.56 1.54 1.48 1.48 1.58 1.66 1.73 1.80 1.88 2.16 2.50 2.39 2.10 2.04 2.04 2.06 2.14 2.19 2.28 2.38 2.37 2.32 2.31 2.21 2.02 2.03 2.29 2.86 3.65 4.12 3.85 3.19 2.63 2.06 1.63 1.51 1.62 2.07 2.82 2.94 2.30 1.70 1.68 2.01 2.14 2.12 2.25 2.36 2.32 2.27
2.07 2.07 2.07 2.07 2.07 2.07 2.07 2.08 2.11 2.10 2.07 2.05 2.04 2.04 2.02 2.01 2.00 1.98 1.95 1.91 1.89 1.85 1.80 1.75 1.70 1.59 1.45 1.37 1.42 1.46 1.42 1.45 1.55 1.60 1.62 1.58 1.52 1.59 1.71 1.77 1.82 1.93 2.13 2.45 2.47 2.08 1.90 1.99 2.04 2.11 2.16 2.23 2.31 2.37 2.41 2.39 2.26 2.02 1.87 1.96 2.50 3.57 4.34 4.14 3.34 2.65 2.06 1.53 1.34 1.50 1.96 2.77 3.19 2.75 1.95 1.48 1.67 2.04 2.12 2.16 2.40 2.50 2.32 2.32
2.07 2.07 2.08 2.08 2.08 2.07 2.08 2.10 2.12 2.10 2.06 2.05 2.05 2.02 1.99 1.98 1.99 1.97 1.94 1.90 1.87 1.84 1.81 1.78 1.73 1.64 1.57 1.57 1.59 1.52 1.44 1.46 1.52 1.54 1.57 1.56 1.58 1.75 1.91 1.96 2.00 2.13 2.34 2.47 2.27 1.99 2.00 2.11 2.21 2.27 2.22 2.24 2.33 2.47 2.64 2.48 2.05 1.80 1.91 2.31 3.30 4.39 4.41 3.50 2.65 2.11 1.63 1.27 1.30 1.83 2.75 3.32 3.09 2.42 1.72 1.40 1.70 2.21 2.29 2.35 2.53 2.48 2.30 2.43
2.07 2.08 2.09 2.09 2.08 2.08 2.09 2.11 2.11 2.07 2.05 2.04 2.02 1.99 1.98 1.98 1.98 1.96 1.93 1.90 1.89 1.88 1.87 1.83 1.78 1.71 1.69 1.77 1.81 1.73 1.59 1.54 1.54 1.52 1.49 1.48 1.58 1.87 2.08 2.12 2.13 2.32 2.48 2.48 2.37 2.26 2.29 2.32 2.37 2.37 2.31 2.42 2.59 2.79 2.84 2.35 1.86 1.93 2.47 3.16 4.04 4.46 3.73 2.64 2.00 1.64 1.29 1.15 1.51 2.40 3.29 3.33 2.75 2.12 1.55 1.35 1.74 2.42 2.55 2.45 2.45 2.36 2.33 2.58
2.08 2.08 2.08 2.08 2.08 2.09 2.11 2.11 2.08 2.04 2.03 2.01 2.00 1.99 1.99 1.99 1.98 1.95 1.93 1.93 1.94 1.92 1.89 1.85 1.82 1.81 1.92 2.09 2.15 2.04 1.89 1.81 1.73 1.66 1.67 1.72 1.87 2.10 2.39 2.45 2.48 2.70 2.71 2.65 2.59 2.47 2.42 2.42 2.50 2.58 2.59 2.70 2.85 2.97 2.78 2.19 1.99 2.34 3.01 3.71 4.22 3.98 3.05 2.14 1.71 1.48 1.20 1.27 2.04 3.01 3.50 3.17 2.49 1.87 1.37 1.30 1.72 2.46 2.59 2.41 2.37 2.29 2.36 2.62
2.07 2.08 2.08 2.08 2.08 2.09 2.10 2.08 2.05 2.03 2.02 2.02 2.01 2.01 2.01 2.00 1.97 1.96 1.95 1.95 1.94 1.91 1.87 1.84 1.83 1.90 2.09 2.23 2.22 2.21 2.22 2.17 2.03 2.06 2.32 2.49 2.52 2.66 2.88 2.93 3.03 3.12 3.00 2.89 2.74 2.56 2.55 2.66 2.93 3.07 2.98 2.97 3.00 2.92 2.64 2.22 2.15 2.50 3.16 3.86 3.98 3.23 2.33 1.74 1.49 1.39 1.27 1.58 2.58 3.40 3.47 2.83 2.08 1.61 1.35 1.46 1.88 2.33 2.54 2.52 2.37 2.20 2.24 2.45
2.07 2.08 2.08 2.07 2.07 2.09 2.09 2.06 2.04 2.03 2.02 2.02 2.01 2.01 2.00 1.98 1.98 1.97 1.96 1.94 1.92 1.89 1.89 1.88 1.90 1.98 2.07 2.06 1.96 1.90 1.91 2.04 2.29 2.69 3.04 3.05 2.96 3.04 3.22 3.24 3.25 3.18 2.98 2.87 2.72 2.61 2.71 2.97 3.16 3.00 2.83 2.85 2.78 2.62 2.38 1.99 1.95 2.44 3.20 3.78 3.42 2.39 1.69 1.40 1.40 1.47 1.47 1.83 2.84 3.50 3.11 2.20 1.72 1.60 1.60 1.80 1.95 2.13 2.55 2.74 2.45 2.10 2.08 2.30
2.09 2.09 2.08 2.07 2.10 2.13 2.10 2.07 2.06 2.05 2.03 2.01 2.00 1.99 1.99 1.98 1.96 1.94 1.93 1.92 1.91 1.92 1.92 1.92 1.96 2.03 2.04 1.97 1.82 1.68 1.70 2.05 2.55 2.95 3.05 2.90 2.89 3.16 3.32 3.15 2.95 2.70 2.47 2.42 2.37 2.40 2.61 2.81 2.64 2.27 2.19 2.24 2.18 2.19 1.99 1.65 1.83 2.47 3.20 3.60 2.99 1.88 1.31 1.30 1.60 1.75 1.72 2.01 2.95 3.40 2.62 1.90 1.92 2.01 1.93 1.91 1.87 2.06 2.57 2.87 2.54 2.05 2.01 2.26
2.08 2.07 2.05 2.07 2.12 2.12 2.08 2.06 2.05 2.04 2.03 2.02 2.02 2.01 2.00 1.97 1.94 1.91 1.90 1.90 1.92 1.93 1.93 1.95 2.00 2.04 2.07 2.06 2.03 2.12 2.39 2.69 2.82 2.80 2.67 2.56 2.74 3.07 2.98 2.57 2.34 2.15 2.04 2.07 2.05 2.11 2.32 2.33 2.02 1.87 1.89 1.89 1.90 1.94 1.78 1.67 2.03 2.58 3.11 3.31 2.60 1.61 1.19 1.37 1.91 2.09 2.02 2.27 2.98 3.22 2.50 2.22 2.49 2.36 2.04 1.91 1.91 2.12 2.56 2.87 2.43 1.87 1.97 2.22
2.07 2.06 2.05 2.07 2.10 2.07 2.04 2.03 2.02 2.01 2.00 2.01 2.02 2.00 1.98 1.96 1.94 1.94 1.93 1.93 1.93 1.93 1.95 2.02 2.08 2.10 2.10 2.07 2.12 2.36 2.64 2.77 2.68 2.59 2.59 2.58 2.74 2.86 2.56 2.19 2.04 1.93 1.88 1.88 1.81 1.90 2.02 1.87 1.69 1.76 1.81 1.79 1.79 1.76 1.71 1.80 2.15 2.57 2.88 2.96 2.48 1.69 1.34 1.54 2.12 2.32 2.25 2.39 2.86 3.20 2.90 2.75 2.72 2.31 1.98 1.95 2.05 2.25 2.57 2.68 2.21 1.81 2.01 2.29
2.08 2.08 2.09 2.12 2.12 2.08 2.05 2.03 2.01 2.00 2.00 1.99 1.98 1.97 1.96 1.94 1.94 1.95 1.95 1.95 1.94 1.94 1.97 2.02 2.07 2.09 2.04 1.99 2.00 2.12 2.32 2.42 2.44 2.62 2.84 2.86 2.77 2.61 2.29 2.04 1.89 1.71 1.61 1.54 1.52 1.68 1.69 1.56 1.59 1.70 1.70 1.69 1.68 1.65 1.71 1.91 2.19 2.41 2.56 2.75 2.52 1.87 1.53 1.67 2.17 2.41 2.41 2.49 2.99 3.48 3.19 2.76 2.46 2.06 1.88 1.94 2.06 2.25 2.38 2.30 2.06 1.94 2.14 2.39
2.08 2.09 2.12 2.16 2.15 2.10 2.05 2.03 2.03 2.01 2.00 1.98 1.96 1.94 1.92 1.92 1.93 1.93 1.93 1.93 1.95 1.96 1.98 1.99 1.98 1.95 1.94 1.95 1.91 1.97 2.22 2.40 2.61 2.91 2.99 2.79 2.52 2.25 1.96 1.70 1.50 1.35 1.31 1.33 1.47 1.64 1.58 1.57 1.70 1.73 1.70 1.71 1.73 1.76 1.91 2.12 2.25 2.26 2.35 2.63 2.54 1.92 1.59 1.73 2.13 2.45 2.61 2.84 3.43 3.58 2.85 2.30 2.08 1.82 1.81 1.90 1.91 1.94 1.94 1.97 2.02 1.99 2.11 2.32
2.07 2.08 2.11 2.14 2.11 2.05 2.02 2.02 2.01 1.99 1.98 1.96 1.94 1.92 1.92 1.92 1.93 1.92 1.92 1.93 1.94 1.95 1.95 1.95 1.93 1.92 1.92 1.89 1.88 2.12 2.49 2.69 2.86 2.88 2.62 2.26 2.04 1.81 1.52 1.26 1.14 1.17 1.28 1.40 1.61 1.76 1.70 1.73 1.78 1.73 1.79 1.87 1.92 2.04 2.21 2.28 2.25 2.24 2.30 2.53 2.59 2.07 1.71 1.84 2.08 2.44 2.87 3.30 3.52 3.00 2.11 1.88 1.92 1.89 1.95 1.88 1.72 1.64 1.76 1.98 1.98 1.87 1.96 2.20
2.09 2.10 2.12 2.09 2.04 2.01 2.00 1.98 1.96 1.95 1.96 1.95 1.93 1.92 1.93 1.93 1.92 1.92 1.92 1.93 1.93 1.93 1.93 1.95 1.96 1.97 1.95 1.93 2.10 2.58 2.81 2.81 2.69 2.42 2.15 1.84 1.53 1.28 1.14 1.12 1.17 1.30 1.46 1.63 1.82 1.88 1.83 1.85 1.81 1.81 2.00 2.10 2.12 2.22 2.31 2.32 2.28 2.29 2.34 2.52 2.62 2.27 1.97 1.94 1.99 2.36 3.10 3.52 3.11 2.18 1.69 1.90 2.28 2.31 2.00 1.76 1.69 1.62 1.83 2.09 1.89 1.73 1.84 2.12
