windninja/windninja_output/Output_2025-08-24_1700-1750_Google earth_Fire_150m_10min/merlingen_7.5mi_point_08-24-2025_1720_150m_ang.asc
ncols	158
nrows	163
xllcorner	391686.332397
yllcorner	5160024.123721
cellsize	150.000000
NODATA_value	-32768.000000
[rows 84 to 125 of 163, columns 0 to 94 of 158]
304 312 319 313 304 297 297 299 300 305 309 309 305 300 297 297 297 296 297 297 298 298 297 298 302 303 301 299 298 297 296 296 295 293 291 289 288 288 288 289 291 293 294 294 294 294 295 295 295 294 294 294 295 296 294 293 292 292 292 293 293 294 294 294 295 295 296 296 297 298 300 301 303 305 307 309 312 317 323 331 343 350 350 338 317 309 304 300 300 298 296 294 292 291 291
286 289 295 288 282 274 263 259 278 297 306 309 307 302 299 299 299 297 297 298 297 297 298 299 301 303 301 299 299 299 298 298 297 296 293 292 290 289 288 290 292 293 293 293 292 291 290 290 290 290 290 290 290 291 292 292 292 292 292 293 293 293 294 294 294 295 295 296 297 298 299 300 302 304 306 308 311 315 321 329 342 349 349 334 313 306 302 300 299 298 296 295 293 292 292
282 280 275 271 262 250 236 251 285 301 308 311 309 305 302 301 301 298 296 296 295 295 295 297 301 305 304 302 301 301 300 299 300 302 300 298 296 293 291 291 293 294 294 292 291 290 289 288 288 289 289 288 287 289 290 291 291 292 292 293 293 293 294 294 294 295 295 296 297 297 299 300 301 303 305 307 310 314 319 327 338 344 343 328 310 303 300 298 297 296 295 295 296 298 299
284 278 261 257 254 253 263 292 304 309 312 314 310 309 306 305 304 300 297 296 295 294 294 299 307 313 311 308 305 304 303 302 302 304 303 301 301 299 296 294 294 296 295 293 291 289 288 288 287 287 288 288 288 288 288 289 290 291 292 293 293 293 294 294 294 295 295 296 296 297 298 299 301 302 304 306 309 312 317 323 332 337 335 324 309 301 298 296 294 293 294 297 299 301 302
306 294 281 290 299 313 323 324 322 320 322 321 319 319 316 316 314 307 303 302 302 302 304 311 320 323 317 312 310 309 308 306 305 304 302 301 301 301 298 296 295 296 297 296 294 291 289 288 286 286 287 289 289 288 288 288 289 290 291 292 294 294 294 294 294 295 295 295 296 297 298 299 300 301 303 305 308 311 314 319 325 329 327 318 307 299 295 293 293 293 296 298 296 292 288
4 350 334 337 341 340 342 346 347 346 339 335 334 332 329 329 326 319 313 311 311 313 316 323 332 332 323 317 316 314 313 311 309 308 306 303 302 301 298 295 294 295 297 298 296 294 290 288 287 288 288 290 291 292 291 290 288 287 289 293 295 295 295 294 294 294 295 295 296 296 297 298 299 300 302 304 306 308 311 314 318 322 322 314 304 298 293 291 293 295 294 293 286 279 278
19 12 5 9 9 1 0 3 6 2 353 351 350 348 346 346 341 336 326 319 319 322 328 335 340 337 329 324 323 320 318 316 314 313 311 308 306 304 302 299 296 295 296 297 297 295 292 289 288 288 289 291 293 294 294 290 287 285 289 295 299 297 295 295 294 294 294 295 295 296 296 297 298 300 301 302 304 306 308 310 313 316 318 313 306 302 298 294 294 293 289 283 279 277 278
29 27 26 25 21 16 12 10 11 10 8 9 7 5 2 358 355 352 342 329 329 334 343 348 349 344 337 333 330 328 325 323 320 318 316 313 312 310 309 306 302 298 297 296 297 296 293 290 287 287 289 291 293 295 296 293 291 292 293 297 300 299 296 294 294 294 294 294 295 295 296 297 298 298 300 301 302 304 305 307 309 311 314 313 309 306 302 297 294 289 281 274 275 275 274
35 32 27 24 22 19 11 8 10 16 20 19 17 15 12 8 4 1 355 350 348 354 359 1 359 353 347 344 341 338 335 332 329 325 322 319 317 315 312 310 307 304 300 298 297 296 294 290 287 286 287 290 293 295 299 300 297 296 294 293 296 298 296 294 294 294 294 294 294 295 295 296 297 297 298 299 300 302 303 304 305 307 308 309 306 303 300 296 290 281 270 269 272 272 271
39 35 30 27 27 23 17 12 12 19 24 22 16 13 14 14 9 4 6 10 16 13 13 14 10 5 1 358 355 352 349 345 338 333 330 327 323 320 317 314 312 310 305 301 298 296 293 290 287 285 285 290 295 295 299 300 296 292 288 287 290 294 295 293 293 293 293 294 294 294 295 295 296 296 297 298 299 299 300 301 302 303 303 303 301 297 295 290 282 272 267 270 273 273 273
40 39 37 38 38 36 33 25 18 23 29 26 20 16 16 19 19 18 27 37 35 28 28 27 25 21 18 15 12 11 9 6 356 346 340 336 332 328 323 320 319 319 316 311 306 301 298 294 291 288 288 293 298 297 296 296 292 288 287 286 287 290 292 293 293 293 293 293 293 294 294 294 295 295 296 297 297 298 298 299 299 299 299 299 297 294 291 286 279 274 273 274 275 275 275
43 46 49 51 54 54 50 42 33 37 42 41 36 34 33 41 43 51 54 50 40 43 44 47 45 41 35 32 28 28 30 28 21 11 359 352 346 339 332 326 322 322 323 323 320 315 310 305 301 299 298 297 299 296 294 293 292 290 289 288 288 290 292 292 292 292 292 293 293 293 293 294 294 294 295 295 296 296 296 297 297 297 296 295 294 292 289 285 281 279 278 277 277 277 276
48 56 59 60 61 59 56 56 59 67 72 66 59 57 61 68 68 72 67 46 43 52 59 68 69 62 52 47 43 41 44 45 43 39 30 21 13 2 351 338 328 323 323 326 326 326 322 317 312 307 303 297 296 295 293 292 292 290 289 289 289 290 291 291 291 291 292 292 292 293 293 293 293 293 294 294 294 294 295 295 295 294 294 293 292 290 288 286 283 281 280 279 278 278 277
53 63 66 66 66 64 62 62 68 77 80 74 69 66 70 74 79 78 66 48 47 57 68 81 86 78 65 59 57 58 62 63 61 60 59 56 53 45 27 4 342 327 324 326 325 326 324 319 312 305 299 294 293 294 292 290 290 289 288 288 288 289 290 291 291 292 292 292 292 291 292 292 292 292 292 293 293 293 293 293 293 293 292 291 290 289 287 285 284 282 281 280 279 278 277
63 71 75 75 76 73 68 68 70 72 75 80 83 83 83 84 83 77 61 51 51 60 73 84 88 75 66 66 68 71 74 75 74 75 75 76 80 84 81 65 24 337 324 326 325 322 318 313 306 300 297 296 294 294 293 291 290 290 289 288 287 287 288 289 290 291 291 291 291 291 291 291 291 291 292 292 292 292 292 292 291 291 290 290 289 288 286 285 283 282 281 280 279 278 278
73 78 81 82 84 83 81 79 76 74 76 80 82 84 85 84 79 71 60 54 56 67 78 81 72 60 65 70 73 75 78 80 83 84 85 87 91 96 103 109 108 80 323 325 333 330 322 316 311 307 304 302 299 298 296 294 292 290 290 289 288 288 288 289 289 290 291 291 291 291 291 290 290 290 290 291 291 291 290 290 290 290 289 288 288 286 285 284 283 282 281 280 279 278 278
75 79 82 84 84 84 84 84 82 79 78 76 75 77 81 79 77 74 66 62 71 82 83 72 58 59 67 72 75 77 80 83 88 93 96 98 99 101 107 118 128 135 151 293 338 344 335 326 320 315 312 309 307 304 301 298 294 292 291 292 290 289 288 288 289 291 291 291 290 289 289 289 290 290 289 289 290 290 289 289 289 288 288 287 287 286 285 284 283 282 281 280 279 278 277
77 80 82 83 83 83 83 83 82 81 79 75 71 68 69 71 72 72 68 73 86 89 77 61 58 64 70 73 76 78 81 87 92 98 104 107 108 108 111 121 134 142 150 171 213 0 354 338 328 323 319 316 312 309 305 302 299 296 294 293 291 290 288 288 289 290 291 291 290 289 288 289 289 289 289 289 288 289 288 288 288 288 287 286 286 285 284 283 282 281 280 280 279 278 277
79 81 83 82 82 82 82 82 82 81 78 76 71 63 62 66 69 68 68 77 83 75 61 60 62 67 72 75 77 80 84 88 93 99 105 111 116 117 118 123 135 145 151 162 174 147 39 3 343 334 330 325 320 315 311 307 304 301 298 296 295 293 291 289 288 289 290 289 289 287 286 288 289 288 288 288 287 287 287 287 287 287 286 286 285 284 283 282 282 281 280 279 278 277 277
81 82 82 81 81 81 81 82 81 80 79 78 75 74 74 73 73 72 72 76 71 56 56 62 64 66 71 76 79 83 87 89 92 98 104 111 119 122 123 126 135 145 152 159 169 168 129 45 4 350 344 335 330 324 321 316 311 307 303 301 299 298 294 290 288 288 288 288 287 284 284 286 287 287 287 287 287 287 287 287 286 286 285 285 284 284 283 282 281 280 279 279 278 277 276
81 81 81 81 81 81 82 81 80 81 82 82 84 88 90 88 82 78 76 73 61 54 57 61 62 63 68 74 79 85 89 91 93 97 102 108 116 123 126 129 136 145 152 158 166 172 163 133 39 13 3 351 341 333 328 324 320 316 310 305 302 299 296 293 290 288 287 288 287 285 283 283 284 285 284 284 285 286 286 286 286 286 285 285 284 283 282 281 280 280 279 278 277 276 275
82 81 80 78 79 80 80 80 79 81 84 87 90 93 94 93 87 81 75 68 61 59 61 60 60 62 67 73 78 84 89 92 95 97 100 105 114 123 130 134 139 146 151 156 166 173 171 162 136 42 24 9 356 348 339 331 326 323 318 312 307 303 299 295 291 289 288 289 287 285 282 280 279 281 281 282 284 285 284 284 286 286 286 285 284 283 282 281 280 279 278 277 276 275 274
82 80 78 76 76 78 78 78 78 81 84 87 89 91 92 90 85 80 72 64 61 65 64 59 59 62 65 69 75 82 89 95 97 95 96 104 115 125 132 137 141 146 150 154 164 172 175 172 167 124 45 24 9 3 357 345 336 330 326 321 315 309 304 299 295 292 290 290 288 284 281 279 278 279 281 282 284 284 283 284 287 288 287 285 283 282 281 280 279 279 277 276 275 274 273
81 79 75 75 75 75 77 78 78 80 82 83 83 81 82 84 82 78 71 63 63 68 69 61 57 60 63 64 70 81 90 95 96 90 94 107 118 126 129 134 142 147 149 154 162 170 177 178 176 169 98 46 22 14 9 1 353 342 335 330 324 316 310 304 300 295 292 291 290 286 282 280 279 278 279 280 281 283 284 284 285 288 288 286 284 282 281 280 278 277 276 275 274 273 273
80 77 73 74 75 76 77 78 78 78 78 78 75 73 75 78 79 75 68 64 67 73 74 66 57 58 61 61 66 79 89 92 93 87 97 111 120 123 124 132 143 148 148 154 162 168 176 181 182 179 147 76 42 24 15 12 8 358 348 342 337 329 319 311 304 299 294 292 291 290 285 281 280 279 278 278 279 282 284 282 281 284 288 288 285 282 281 279 278 276 275 274 274 273 272
79 77 75 77 79 79 78 76 76 75 73 72 69 69 73 77 79 69 60 63 72 78 77 70 62 59 60 60 67 79 86 87 89 88 98 110 117 120 126 134 142 143 144 153 162 167 174 184 188 185 169 104 55 34 21 18 17 12 2 354 349 343 334 322 313 306 299 295 293 291 286 281 280 280 279 278 278 279 279 279 278 280 285 288 286 283 280 278 276 275 274 273 273 272 271
80 79 80 82 83 81 78 75 73 71 70 70 69 69 74 80 81 64 53 61 72 81 83 76 70 64 62 61 67 77 84 85 85 86 95 107 116 122 129 136 138 134 139 151 160 165 173 186 191 188 183 150 66 41 31 24 23 21 15 5 357 356 350 338 325 315 306 301 297 295 291 285 282 281 279 277 276 275 275 277 277 277 280 284 285 283 279 277 275 274 273 272 272 271 270
82 83 84 84 82 79 76 74 72 70 69 71 73 74 77 83 83 59 49 58 68 79 88 84 75 73 71 67 67 71 78 85 84 84 94 107 117 126 134 137 138 135 135 144 155 163 173 186 191 192 191 182 100 49 41 31 27 28 27 18 6 5 3 355 344 331 319 309 302 299 296 289 283 280 278 276 274 271 271 274 276 276 277 279 281 281 277 275 273 272 271 270 271 271 269
85 85 83 81 79 76 74 72 71 69 66 70 77 79 80 84 85 61 48 56 63 73 84 86 75 79 85 84 75 69 71 79 85 89 99 110 120 129 136 138 138 132 126 133 150 163 173 183 189 194 195 198 177 57 49 38 30 32 33 28 17 14 12 7 360 349 338 326 312 304 298 291 284 280 277 275 273 270 269 270 273 275 276 276 277 276 273 272 269 267 269 272 272 270 268
84 84 81 79 78 77 76 73 70 66 65 71 77 79 80 85 87 75 56 56 58 65 73 80 77 84 91 94 90 77 70 73 82 94 104 113 120 124 131 133 132 123 119 127 145 162 171 178 185 193 198 206 204 75 53 43 34 33 36 34 26 20 20 19 11 2 356 346 332 317 306 298 291 284 277 274 274 273 270 268 268 272 273 272 273 271 267 265 263 265 272 276 274 269 265
80 80 79 79 78 77 77 75 70 66 69 75 77 75 76 84 93 107 85 60 57 60 65 73 80 86 90 92 93 91 77 72 79 92 104 112 114 117 123 126 124 118 119 126 140 157 167 175 181 189 198 209 212 125 54 47 38 34 37 38 33 25 25 27 20 11 8 2 351 337 321 307 296 289 281 275 273 273 271 267 266 267 268 268 268 265 261 260 261 269 275 276 272 265 260
78 77 77 77 77 75 73 72 71 72 78 83 78 68 72 85 98 122 155 75 65 61 61 68 79 86 87 84 88 95 87 75 78 88 100 109 114 116 117 118 119 120 123 127 135 151 166 177 181 186 197 209 218 221 54 49 43 38 39 42 37 30 30 33 28 20 17 13 6 356 340 322 303 292 285 277 272 271 271 268 266 265 265 265 263 259 257 260 266 272 273 271 264 258 257
79 78 77 76 75 73 70 67 71 79 87 89 79 65 71 86 99 124 174 117 83 73 68 69 73 80 82 80 87 97 95 81 77 83 96 108 115 116 111 113 119 123 126 126 131 146 164 177 179 182 193 208 220 229 49 51 48 42 42 44 40 35 35 37 34 27 24 21 17 10 1 346 324 302 290 282 274 269 268 267 265 266 265 261 256 254 257 262 268 271 269 264 257 255 259
80 78 76 75 75 74 71 68 73 80 87 91 81 68 74 83 94 119 167 148 110 92 83 75 72 74 76 79 88 96 99 90 82 85 93 104 112 114 109 111 120 124 124 123 125 136 154 167 173 177 187 206 222 234 270 47 50 46 44 46 43 38 38 39 37 32 29 27 25 21 15 6 352 330 302 287 278 270 265 264 265 266 265 257 252 253 258 263 267 267 263 258 254 257 262
81 78 75 75 76 75 74 75 79 80 82 86 86 79 77 78 86 110 152 155 133 108 96 89 84 79 79 83 85 89 97 104 104 100 98 97 100 106 107 112 118 120 119 117 118 126 144 160 169 175 185 207 226 240 263 38 50 47 46 48 46 41 40 41 38 34 32 31 31 29 24 18 11 359 332 301 283 272 266 264 264 264 262 257 255 257 260 263 264 262 259 255 253 257 260
80 77 74 76 79 78 77 80 84 83 80 83 91 88 79 76 83 100 134 152 145 125 108 102 98 94 92 92 90 93 103 114 116 109 101 94 92 98 107 112 111 109 109 110 114 120 134 151 163 175 187 211 231 245 263 18 47 49 49 50 49 45 44 43 39 36 35 34 35 36 33 27 21 15 2 334 299 276 268 265 263 261 258 256 258 261 262 263 262 259 255 252 249 252 257
80 76 74 77 81 80 80 84 88 87 81 85 94 94 81 77 82 92 116 142 148 137 120 110 105 104 103 102 104 106 107 111 112 106 100 96 93 96 107 110 102 98 101 107 113 116 125 142 159 174 188 212 236 252 268 346 45 52 52 51 51 47 46 47 45 47 47 42 41 41 39 34 30 24 19 8 341 293 271 264 260 258 257 256 259 263 263 262 259 256 253 248 243 248 258
79 78 76 74 73 74 77 83 90 90 83 87 96 104 86 77 79 87 101 124 141 139 128 117 110 108 108 109 112 113 111 108 106 104 100 98 98 97 101 111 103 94 94 100 105 110 119 136 159 175 190 217 241 257 273 325 44 55 53 52 53 48 46 49 51 59 66 63 54 49 45 41 39 35 29 24 17 345 284 263 258 257 256 257 261 263 262 260 256 254 251 245 242 251 262
81 82 81 75 68 65 68 73 81 87 85 90 99 115 98 80 76 80 88 100 119 129 129 123 114 111 111 114 115 114 115 112 107 106 102 99 99 95 95 110 111 98 88 87 94 102 111 125 150 170 190 214 245 263 276 315 38 53 50 52 52 47 49 52 52 58 65 70 70 62 53 49 47 44 39 33 29 23 349 276 257 255 256 259 262 261 259 255 253 252 249 241 244 257 267
90 88 86 79 70 67 66 67 71 75 82 92 102 118 108 89 77 73 75 85 100 113 119 118 114 113 114 114 116 118 121 117 109 107 104 99 99 95 91 103 115 105 86 79 83 92 100 112 132 155 172 202 258 273 284 313 31 52 53 52 49 48 53 55 55 59 61 63 68 72 67 61 56 51 47 43 39 35 27 354 274 260 260 260 259 258 254 250 251 250 246 240 246 261 271
94 91 87 82 75 73 69 66 68 68 74 87 100 110 108 97 82 69 67 75 90 102 110 113 112 110 111 117 123 126 129 119 111 110 107 100 99 99 93 96 112 113 93 79 78 83 91 101 119 135 136 205 281 284 296 325 22 49 56 53 48 52 56 55 58 62 61 60 62 68 74 75 71 65 58 53 47 43 37 25 348 281 264 257 255 253 247 245 249 250 249 248 255 265 271
89 87 85 82 78 74 71 69 69 67 69 77 86 95 103 101 90 74 65 69 80 94 105 107 107 109 117 128 132 137 138 121 112 111 108 100 99 103 97 95 107 118 105 86 79 79 84 92 104 115 100 357 303 298 306 331 16 41 51 51 50 56 56 54 58 61 62 61 60 61 67 76 81 81 76 69 61 56 48 38 25 332 272 258 254 251 241 240 246 251 255 259 264 269 271
