windninja/windninja_output/Output_2025-08-24_1700-1750_Google earth_Fire_150m_10min/merlingen_7.5mi_point_08-24-2025_1730_150m_vel.asc
ncols	158
nrows	163
xllcorner	391686.332397
yllcorner	5160024.123721
cellsize	150.000000
NODATA_value	-32768.000000
[rows 38 to 75 of 163, columns 0 to 83 of 158]
1.42 1.44 1.51 1.52 1.51 1.52 1.53 1.55 1.57 1.61 1.61 1.57 1.57 1.60 1.60 1.58 1.57 1.56 1.54 1.54 1.53 1.50 1.48 1.47 1.43 1.36 1.27 1.25 1.55 1.92 1.93 1.88 1.89 1.84 1.82 1.48 0.98 1.01 1.25 1.29 1.30 1.39 1.46 1.53 1.64 1.64 1.58 1.53 1.47 1.60 1.77 1.72 1.61 1.65 1.78 1.77 1.68 1.69 1.78 1.92 1.96 1.76 1.49 1.28 1.25 1.60 2.30 2.45 1.78 1.23 1.30 1.71 1.90 1.58 1.15 1.18 1.30 1.19 1.26 1.44 1.27 1.16 1.23 1.47
1.48 1.50 1.52 1.52 1.53 1.53 1.55 1.59 1.61 1.62 1.60 1.57 1.58 1.61 1.61 1.59 1.57 1.56 1.55 1.55 1.54 1.51 1.50 1.49 1.46 1.40 1.35 1.43 1.64 1.79 1.79 1.76 1.72 1.69 1.62 1.19 0.86 1.09 1.33 1.36 1.41 1.49 1.60 1.64 1.66 1.69 1.66 1.56 1.52 1.70 1.88 1.83 1.72 1.79 1.98 1.97 1.85 1.84 1.91 1.98 1.87 1.64 1.43 1.27 1.24 1.58 2.31 2.32 1.60 1.40 1.77 1.99 1.75 1.20 1.00 1.39 1.53 1.28 1.25 1.42 1.25 1.10 1.21 1.58
1.53 1.56 1.54 1.53 1.55 1.54 1.57 1.63 1.64 1.61 1.58 1.58 1.59 1.61 1.62 1.59 1.58 1.57 1.57 1.56 1.55 1.53 1.51 1.50 1.48 1.44 1.43 1.49 1.54 1.63 1.75 1.71 1.59 1.54 1.35 0.99 0.94 1.17 1.35 1.45 1.53 1.65 1.75 1.70 1.66 1.74 1.74 1.65 1.60 1.71 1.94 2.00 1.96 2.03 2.09 2.00 1.85 1.79 1.83 1.81 1.57 1.30 1.28 1.36 1.33 1.62 2.24 2.17 1.71 1.87 2.01 1.73 1.32 0.98 1.13 1.73 1.69 1.31 1.24 1.33 1.18 1.09 1.32 1.70
1.55 1.57 1.55 1.54 1.55 1.56 1.60 1.64 1.65 1.59 1.57 1.60 1.60 1.61 1.61 1.59 1.58 1.58 1.58 1.57 1.56 1.53 1.50 1.51 1.51 1.47 1.47 1.47 1.47 1.59 1.74 1.64 1.49 1.38 1.15 0.98 1.06 1.21 1.40 1.60 1.73 1.86 1.83 1.72 1.78 1.90 1.87 1.75 1.66 1.75 2.07 2.20 2.04 1.91 1.86 1.78 1.57 1.44 1.49 1.46 1.25 1.08 1.27 1.54 1.54 1.73 2.13 2.19 2.09 2.08 1.71 1.37 1.30 1.16 1.50 1.97 1.62 1.20 1.10 1.13 1.10 1.15 1.47 1.81
1.55 1.56 1.54 1.52 1.55 1.60 1.61 1.62 1.63 1.59 1.57 1.60 1.61 1.60 1.60 1.59 1.58 1.57 1.58 1.58 1.56 1.52 1.50 1.52 1.52 1.48 1.48 1.47 1.49 1.60 1.67 1.57 1.43 1.28 1.12 1.07 1.16 1.42 1.66 1.79 1.87 1.87 1.78 1.86 1.98 1.91 1.74 1.58 1.53 1.72 2.12 2.19 1.81 1.54 1.55 1.54 1.34 1.18 1.18 1.23 1.17 1.16 1.43 1.65 1.73 1.97 2.24 2.43 2.34 1.89 1.41 1.43 1.57 1.53 1.89 2.02 1.40 1.03 0.96 1.02 1.11 1.25 1.58 2.07
1.55 1.54 1.52 1.52 1.56 1.62 1.60 1.59 1.61 1.59 1.57 1.59 1.60 1.59 1.58 1.58 1.57 1.57 1.58 1.58 1.55 1.51 1.51 1.52 1.52 1.49 1.49 1.50 1.52 1.55 1.56 1.51 1.41 1.28 1.20 1.18 1.37 1.70 1.81 1.77 1.75 1.74 1.84 2.01 1.89 1.55 1.38 1.38 1.49 1.77 2.15 2.10 1.62 1.34 1.36 1.33 1.18 1.04 1.05 1.18 1.27 1.39 1.58 1.70 1.97 2.36 2.57 2.60 2.28 1.73 1.56 1.79 1.88 1.89 2.09 1.86 1.22 0.93 0.87 0.98 1.17 1.44 1.92 2.54
1.53 1.52 1.50 1.54 1.58 1.59 1.58 1.58 1.59 1.59 1.57 1.58 1.58 1.57 1.57 1.57 1.56 1.57 1.58 1.57 1.54 1.52 1.52 1.51 1.51 1.50 1.51 1.52 1.51 1.49 1.50 1.48 1.41 1.33 1.26 1.31 1.54 1.72 1.67 1.57 1.58 1.75 1.99 1.97 1.57 1.23 1.22 1.40 1.71 2.04 2.17 1.92 1.46 1.21 1.17 1.14 1.04 0.97 1.07 1.29 1.47 1.61 1.70 1.86 2.36 2.73 2.69 2.48 2.04 1.72 1.80 1.96 1.96 1.96 1.89 1.44 0.96 0.79 0.79 0.99 1.33 1.80 2.38 2.60
1.50 1.50 1.52 1.57 1.57 1.55 1.56 1.57 1.57 1.56 1.57 1.56 1.56 1.55 1.56 1.56 1.56 1.58 1.58 1.55 1.53 1.52 1.51 1.50 1.51 1.52 1.52 1.50 1.48 1.47 1.48 1.47 1.43 1.36 1.32 1.40 1.53 1.57 1.54 1.51 1.61 1.84 2.00 1.76 1.28 1.14 1.34 1.67 2.05 2.17 1.93 1.57 1.25 1.02 0.97 1.00 0.96 1.03 1.27 1.51 1.68 1.82 1.99 2.33 2.78 2.85 2.57 2.18 1.69 1.52 1.66 1.74 1.73 1.66 1.41 1.01 0.70 0.68 0.84 1.24 1.74 2.18 2.35 2.02
1.49 1.51 1.54 1.55 1.52 1.53 1.56 1.56 1.54 1.54 1.56 1.55 1.53 1.54 1.54 1.55 1.56 1.56 1.55 1.54 1.52 1.50 1.49 1.50 1.52 1.52 1.50 1.47 1.46 1.47 1.46 1.46 1.44 1.39 1.38 1.42 1.46 1.51 1.55 1.57 1.65 1.81 1.87 1.54 1.14 1.24 1.61 2.02 2.16 1.89 1.54 1.28 1.04 0.89 0.88 0.93 1.02 1.25 1.59 1.81 1.93 2.14 2.46 2.72 2.82 2.65 2.27 1.86 1.46 1.38 1.51 1.52 1.52 1.38 1.09 0.77 0.58 0.69 1.04 1.51 1.89 2.01 1.80 1.44
1.51 1.53 1.53 1.48 1.48 1.55 1.56 1.53 1.52 1.53 1.54 1.53 1.51 1.52 1.53 1.54 1.54 1.53 1.53 1.52 1.50 1.48 1.49 1.50 1.51 1.50 1.47 1.46 1.46 1.46 1.45 1.45 1.43 1.41 1.39 1.39 1.45 1.53 1.55 1.56 1.63 1.75 1.71 1.36 1.18 1.48 1.91 2.12 1.93 1.51 1.26 1.04 0.88 0.90 0.90 0.98 1.26 1.61 1.96 2.11 2.16 2.40 2.63 2.61 2.51 2.30 1.91 1.61 1.39 1.35 1.43 1.41 1.37 1.20 0.90 0.62 0.53 0.73 1.11 1.46 1.66 1.60 1.44 1.29
1.53 1.53 1.48 1.40 1.45 1.59 1.59 1.51 1.49 1.51 1.52 1.50 1.48 1.49 1.51 1.52 1.51 1.51 1.51 1.50 1.48 1.47 1.48 1.49 1.49 1.48 1.46 1.46 1.46 1.45 1.44 1.43 1.43 1.42 1.39 1.38 1.46 1.51 1.51 1.53 1.61 1.67 1.53 1.30 1.39 1.78 2.04 1.97 1.63 1.26 0.99 0.83 0.85 0.95 0.98 1.18 1.60 2.02 2.33 2.30 2.23 2.37 2.44 2.34 2.24 2.04 1.72 1.49 1.35 1.30 1.32 1.30 1.23 1.03 0.75 0.56 0.59 0.81 1.09 1.35 1.49 1.47 1.43 1.36
1.56 1.52 1.41 1.32 1.44 1.63 1.62 1.51 1.47 1.48 1.49 1.46 1.46 1.47 1.49 1.50 1.49 1.49 1.49 1.47 1.47 1.47 1.47 1.47 1.48 1.47 1.45 1.45 1.44 1.44 1.43 1.43 1.44 1.43 1.40 1.40 1.46 1.50 1.50 1.52 1.56 1.55 1.44 1.38 1.58 1.91 1.96 1.70 1.36 1.01 0.76 0.80 0.97 1.08 1.21 1.51 1.99 2.43 2.47 2.18 2.02 2.10 2.19 2.22 2.14 1.91 1.63 1.41 1.29 1.24 1.24 1.21 1.08 0.87 0.69 0.65 0.77 0.95 1.15 1.35 1.49 1.55 1.52 1.44
1.59 1.49 1.31 1.26 1.48 1.65 1.62 1.54 1.45 1.44 1.44 1.43 1.44 1.45 1.46 1.47 1.47 1.46 1.46 1.46 1.46 1.47 1.46 1.45 1.47 1.46 1.44 1.43 1.43 1.43 1.43 1.43 1.43 1.42 1.41 1.42 1.46 1.49 1.48 1.48 1.49 1.51 1.49 1.48 1.67 1.88 1.78 1.44 1.08 0.75 0.67 0.91 1.19 1.33 1.53 1.93 2.42 2.54 2.20 1.81 1.67 1.74 2.01 2.26 2.14 1.80 1.52 1.31 1.21 1.18 1.16 1.09 0.93 0.78 0.73 0.82 0.94 1.04 1.18 1.37 1.54 1.60 1.53 1.47
1.63 1.45 1.22 1.26 1.54 1.63 1.57 1.57 1.46 1.40 1.39 1.41 1.42 1.42 1.42 1.44 1.45 1.43 1.43 1.45 1.45 1.45 1.44 1.44 1.45 1.44 1.42 1.41 1.42 1.42 1.42 1.42 1.42 1.41 1.41 1.43 1.44 1.45 1.45 1.43 1.45 1.54 1.54 1.53 1.67 1.76 1.56 1.16 0.85 0.70 0.80 1.16 1.39 1.52 1.80 2.32 2.54 2.22 1.74 1.47 1.40 1.53 2.03 2.39 2.10 1.67 1.41 1.23 1.15 1.11 1.07 0.99 0.87 0.81 0.86 0.95 1.00 1.05 1.20 1.42 1.54 1.52 1.49 1.49
1.64 1.42 1.18 1.30 1.57 1.57 1.49 1.56 1.52 1.38 1.33 1.37 1.38 1.38 1.39 1.42 1.43 1.41 1.41 1.43 1.42 1.42 1.42 1.42 1.43 1.41 1.40 1.40 1.41 1.41 1.41 1.40 1.40 1.41 1.41 1.42 1.42 1.43 1.43 1.40 1.44 1.56 1.58 1.56 1.59 1.59 1.33 0.93 0.85 1.00 1.25 1.46 1.58 1.72 2.09 2.46 2.28 1.77 1.41 1.28 1.31 1.56 2.18 2.46 2.01 1.57 1.33 1.15 1.08 1.07 1.04 0.98 0.90 0.89 0.95 0.99 1.00 1.06 1.24 1.43 1.42 1.41 1.49 1.55
1.60 1.43 1.23 1.34 1.56 1.51 1.40 1.53 1.54 1.36 1.28 1.32 1.33 1.34 1.37 1.39 1.40 1.38 1.39 1.40 1.40 1.39 1.40 1.41 1.40 1.39 1.39 1.39 1.39 1.39 1.39 1.39 1.39 1.40 1.40 1.41 1.41 1.42 1.42 1.40 1.45 1.59 1.61 1.53 1.46 1.41 1.19 0.96 1.13 1.38 1.48 1.54 1.64 1.88 2.25 2.36 1.92 1.43 1.22 1.23 1.37 1.70 2.31 2.47 1.95 1.50 1.26 1.09 1.06 1.09 1.08 1.02 0.94 0.93 0.99 1.01 1.01 1.08 1.28 1.38 1.32 1.42 1.58 1.59
1.50 1.47 1.35 1.34 1.50 1.46 1.33 1.43 1.50 1.38 1.28 1.28 1.29 1.32 1.35 1.37 1.36 1.36 1.37 1.37 1.37 1.37 1.38 1.38 1.37 1.37 1.37 1.37 1.38 1.37 1.37 1.38 1.38 1.38 1.39 1.39 1.40 1.40 1.40 1.41 1.47 1.58 1.55 1.41 1.31 1.29 1.18 1.14 1.38 1.49 1.42 1.48 1.65 1.89 2.24 2.16 1.59 1.21 1.17 1.33 1.51 1.88 2.42 2.45 1.90 1.47 1.24 1.10 1.13 1.19 1.12 0.97 0.88 0.93 1.02 1.04 1.03 1.14 1.36 1.39 1.39 1.57 1.69 1.63
1.41 1.48 1.44 1.32 1.38 1.38 1.26 1.29 1.42 1.42 1.31 1.25 1.26 1.30 1.32 1.33 1.33 1.33 1.34 1.34 1.35 1.35 1.36 1.36 1.35 1.35 1.35 1.36 1.36 1.36 1.36 1.36 1.36 1.37 1.37 1.38 1.38 1.39 1.39 1.41 1.45 1.49 1.42 1.31 1.27 1.29 1.27 1.35 1.48 1.42 1.34 1.52 1.68 1.88 2.22 1.96 1.32 1.11 1.25 1.48 1.73 2.12 2.48 2.37 1.82 1.39 1.20 1.12 1.18 1.16 0.96 0.79 0.86 1.01 1.08 1.08 1.09 1.28 1.48 1.50 1.57 1.70 1.72 1.62
1.37 1.43 1.44 1.31 1.28 1.31 1.24 1.20 1.32 1.44 1.36 1.24 1.25 1.28 1.28 1.29 1.30 1.31 1.31 1.31 1.32 1.33 1.33 1.33 1.33 1.33 1.33 1.33 1.34 1.34 1.34 1.34 1.35 1.35 1.36 1.36 1.36 1.37 1.38 1.39 1.40 1.39 1.35 1.32 1.33 1.36 1.39 1.45 1.45 1.34 1.32 1.55 1.67 1.89 2.16 1.72 1.17 1.16 1.40 1.68 1.99 2.28 2.40 2.19 1.66 1.24 1.08 1.03 1.03 0.91 0.73 0.81 1.03 1.14 1.17 1.16 1.24 1.48 1.62 1.63 1.65 1.67 1.64 1.56
1.36 1.38 1.37 1.30 1.26 1.27 1.25 1.18 1.25 1.43 1.38 1.24 1.25 1.27 1.24 1.25 1.28 1.28 1.28 1.28 1.30 1.31 1.31 1.31 1.30 1.30 1.31 1.31 1.32 1.32 1.32 1.32 1.33 1.33 1.34 1.34 1.35 1.35 1.36 1.36 1.37 1.36 1.36 1.36 1.37 1.40 1.41 1.40 1.37 1.30 1.30 1.50 1.64 1.88 2.04 1.55 1.18 1.32 1.64 1.93 2.13 2.23 2.21 2.00 1.54 1.16 1.00 0.92 0.83 0.74 0.82 1.06 1.19 1.23 1.27 1.31 1.46 1.68 1.75 1.69 1.62 1.58 1.54 1.47
1.35 1.33 1.31 1.27 1.25 1.25 1.24 1.21 1.26 1.40 1.33 1.18 1.21 1.25 1.22 1.23 1.24 1.25 1.25 1.26 1.27 1.28 1.28 1.29 1.28 1.28 1.28 1.29 1.29 1.30 1.30 1.30 1.31 1.31 1.32 1.32 1.33 1.33 1.34 1.34 1.34 1.34 1.35 1.35 1.36 1.37 1.35 1.33 1.32 1.26 1.24 1.42 1.67 1.91 1.94 1.50 1.25 1.48 1.83 2.03 2.09 2.08 2.02 1.84 1.49 1.14 0.97 0.87 0.79 0.88 1.08 1.21 1.26 1.32 1.39 1.47 1.66 1.83 1.79 1.65 1.53 1.47 1.41 1.30
1.32 1.29 1.25 1.23 1.21 1.22 1.24 1.24 1.28 1.32 1.22 1.10 1.14 1.25 1.25 1.21 1.21 1.21 1.22 1.23 1.24 1.25 1.27 1.27 1.25 1.25 1.26 1.27 1.27 1.28 1.28 1.28 1.29 1.29 1.30 1.30 1.31 1.31 1.32 1.32 1.32 1.33 1.33 1.34 1.34 1.34 1.33 1.32 1.30 1.27 1.26 1.45 1.75 1.90 1.83 1.45 1.30 1.60 1.92 2.00 1.97 1.93 1.85 1.70 1.43 1.15 0.99 0.86 0.84 1.03 1.20 1.25 1.35 1.46 1.52 1.60 1.79 1.82 1.63 1.46 1.35 1.32 1.27 1.17
1.25 1.23 1.20 1.18 1.17 1.19 1.22 1.26 1.27 1.24 1.16 1.06 1.11 1.25 1.25 1.20 1.18 1.19 1.20 1.21 1.21 1.23 1.25 1.23 1.22 1.22 1.23 1.24 1.25 1.25 1.26 1.26 1.27 1.27 1.28 1.28 1.29 1.29 1.30 1.30 1.31 1.31 1.32 1.32 1.32 1.32 1.32 1.32 1.32 1.32 1.34 1.49 1.73 1.82 1.67 1.39 1.40 1.74 1.93 1.90 1.83 1.75 1.67 1.57 1.39 1.19 0.97 0.78 0.85 1.11 1.24 1.32 1.47 1.58 1.61 1.71 1.80 1.65 1.40 1.26 1.20 1.18 1.15 1.07
1.18 1.17 1.16 1.14 1.14 1.17 1.20 1.26 1.26 1.22 1.15 1.08 1.12 1.19 1.19 1.19 1.18 1.17 1.18 1.17 1.18 1.21 1.21 1.19 1.18 1.19 1.21 1.22 1.23 1.23 1.23 1.24 1.24 1.25 1.25 1.26 1.27 1.27 1.28 1.28 1.29 1.29 1.30 1.30 1.31 1.31 1.32 1.33 1.34 1.36 1.36 1.44 1.63 1.70 1.51 1.34 1.52 1.79 1.84 1.76 1.67 1.59 1.55 1.50 1.37 1.19 0.91 0.75 0.94 1.24 1.34 1.45 1.60 1.66 1.67 1.72 1.66 1.42 1.26 1.18 1.13 1.09 1.03 0.99
1.12 1.11 1.11 1.11 1.11 1.15 1.20 1.25 1.24 1.20 1.15 1.09 1.09 1.11 1.11 1.16 1.17 1.16 1.16 1.14 1.16 1.17 1.16 1.15 1.15 1.17 1.19 1.20 1.20 1.21 1.21 1.22 1.22 1.23 1.23 1.24 1.24 1.25 1.26 1.26 1.27 1.27 1.28 1.28 1.29 1.30 1.32 1.33 1.34 1.36 1.35 1.39 1.57 1.61 1.40 1.36 1.62 1.78 1.74 1.66 1.58 1.55 1.55 1.46 1.34 1.15 0.84 0.84 1.15 1.38 1.44 1.55 1.68 1.71 1.68 1.63 1.46 1.30 1.21 1.15 1.10 1.03 0.97 1.03
1.05 1.05 1.06 1.08 1.10 1.15 1.20 1.22 1.20 1.17 1.14 1.08 1.05 1.05 1.07 1.12 1.14 1.15 1.13 1.12 1.13 1.12 1.12 1.12 1.12 1.15 1.18 1.19 1.18 1.18 1.19 1.19 1.20 1.20 1.21 1.22 1.22 1.23 1.23 1.24 1.25 1.25 1.26 1.27 1.28 1.29 1.31 1.32 1.33 1.35 1.35 1.41 1.55 1.57 1.42 1.45 1.68 1.76 1.71 1.66 1.62 1.59 1.48 1.27 1.17 1.00 0.79 1.02 1.35 1.47 1.51 1.62 1.74 1.74 1.65 1.51 1.40 1.33 1.25 1.17 1.11 1.03 1.05 1.26
0.98 0.98 1.02 1.07 1.10 1.13 1.14 1.16 1.16 1.13 1.11 1.09 1.04 1.02 1.04 1.08 1.11 1.12 1.12 1.11 1.09 1.07 1.08 1.09 1.10 1.12 1.16 1.15 1.14 1.15 1.16 1.17 1.17 1.18 1.19 1.19 1.20 1.21 1.21 1.22 1.23 1.23 1.24 1.25 1.26 1.28 1.29 1.30 1.32 1.33 1.36 1.41 1.50 1.54 1.44 1.46 1.67 1.75 1.72 1.72 1.62 1.39 1.10 0.97 1.04 0.99 1.04 1.33 1.49 1.53 1.58 1.68 1.79 1.73 1.58 1.49 1.48 1.45 1.35 1.24 1.14 1.13 1.29 1.61
0.90 0.93 1.01 1.07 1.09 1.09 1.08 1.10 1.12 1.08 1.10 1.12 1.03 0.97 1.00 1.05 1.07 1.07 1.08 1.09 1.05 1.04 1.06 1.07 1.06 1.10 1.14 1.12 1.12 1.14 1.14 1.14 1.15 1.15 1.16 1.17 1.18 1.18 1.19 1.20 1.21 1.21 1.22 1.23 1.24 1.26 1.27 1.28 1.30 1.32 1.35 1.39 1.45 1.49 1.42 1.47 1.67 1.77 1.75 1.69 1.38 0.93 0.81 1.04 1.27 1.34 1.46 1.54 1.54 1.56 1.62 1.72 1.78 1.66 1.53 1.54 1.58 1.50 1.34 1.20 1.17 1.31 1.65 2.11
0.82 0.88 1.00 1.04 1.06 1.07 1.05 1.05 1.08 1.08 1.12 1.13 1.01 0.95 0.98 1.01 1.01 1.01 1.04 1.07 1.04 1.02 1.03 1.04 1.05 1.08 1.11 1.09 1.10 1.11 1.11 1.11 1.12 1.13 1.14 1.14 1.15 1.16 1.17 1.18 1.18 1.19 1.20 1.21 1.23 1.24 1.25 1.27 1.28 1.31 1.33 1.36 1.40 1.42 1.41 1.49 1.64 1.71 1.67 1.49 1.08 0.86 1.10 1.44 1.58 1.61 1.60 1.53 1.51 1.57 1.62 1.71 1.75 1.63 1.58 1.60 1.57 1.43 1.28 1.26 1.45 1.83 2.41 3.13
0.74 0.86 0.99 1.00 1.06 1.10 1.03 0.98 1.04 1.11 1.13 1.06 0.98 0.95 0.94 0.94 0.97 0.98 1.02 1.06 1.03 0.99 1.01 1.03 1.03 1.04 1.05 1.04 1.06 1.07 1.07 1.08 1.09 1.10 1.11 1.12 1.13 1.14 1.15 1.15 1.16 1.17 1.18 1.19 1.20 1.22 1.23 1.25 1.27 1.28 1.31 1.33 1.35 1.37 1.40 1.46 1.53 1.55 1.49 1.33 1.05 1.10 1.40 1.60 1.64 1.61 1.52 1.44 1.48 1.57 1.60 1.68 1.72 1.64 1.58 1.56 1.50 1.39 1.37 1.58 2.00 2.54 3.20 3.60
0.78 0.92 1.02 1.03 1.14 1.17 1.01 0.90 0.99 1.12 1.11 1.00 0.96 0.94 0.89 0.90 0.95 0.98 1.00 1.01 0.97 0.96 1.00 1.02 1.00 0.97 0.97 1.00 1.03 1.04 1.05 1.06 1.07 1.08 1.09 1.10 1.11 1.11 1.12 1.13 1.14 1.15 1.16 1.17 1.18 1.20 1.21 1.23 1.24 1.26 1.28 1.30 1.32 1.34 1.37 1.40 1.42 1.40 1.38 1.30 1.16 1.25 1.45 1.59 1.62 1.52 1.43 1.45 1.54 1.60 1.58 1.61 1.67 1.58 1.48 1.47 1.44 1.38 1.49 1.84 2.27 2.75 3.11 2.92
0.85 0.93 1.01 1.06 1.17 1.13 0.93 0.86 1.04 1.20 1.15 1.04 0.99 0.95 0.90 0.90 0.93 0.96 0.96 0.93 0.92 0.95 0.97 0.99 0.94 0.86 0.89 0.99 1.02 1.02 1.03 1.03 1.04 1.05 1.06 1.07 1.08 1.09 1.10 1.11 1.12 1.13 1.14 1.15 1.16 1.17 1.19 1.20 1.22 1.24 1.25 1.27 1.29 1.31 1.33 1.35 1.35 1.35 1.34 1.30 1.24 1.30 1.44 1.54 1.50 1.39 1.40 1.50 1.57 1.56 1.48 1.56 1.69 1.58 1.46 1.42 1.37 1.39 1.57 1.91 2.24 2.46 2.38 2.27
0.87 0.90 0.94 0.98 1.03 0.97 0.79 0.81 1.06 1.21 1.10 0.97 0.94 0.90 0.88 0.88 0.88 0.90 0.89 0.88 0.89 0.91 0.93 0.95 0.84 0.75 0.88 1.01 1.01 1.01 1.01 1.01 1.02 1.03 1.04 1.05 1.06 1.06 1.07 1.08 1.09 1.10 1.11 1.12 1.14 1.15 1.16 1.18 1.19 1.21 1.23 1.25 1.26 1.28 1.29 1.31 1.31 1.32 1.31 1.30 1.30 1.33 1.38 1.39 1.34 1.32 1.39 1.46 1.45 1.40 1.41 1.64 1.74 1.55 1.40 1.35 1.36 1.45 1.62 1.82 1.94 1.91 1.78 2.33
0.85 0.85 0.87 0.89 0.89 0.86 0.77 0.77 0.99 1.09 0.87 0.73 0.74 0.74 0.76 0.78 0.80 0.83 0.86 0.85 0.85 0.87 0.90 0.90 0.79 0.78 0.94 1.03 1.01 0.99 0.99 0.99 1.00 1.00 1.01 1.02 1.03 1.04 1.05 1.06 1.07 1.08 1.09 1.10 1.11 1.13 1.14 1.15 1.17 1.18 1.20 1.22 1.23 1.25 1.26 1.27 1.28 1.29 1.29 1.30 1.31 1.33 1.33 1.32 1.32 1.33 1.35 1.35 1.32 1.31 1.45 1.68 1.65 1.38 1.28 1.31 1.41 1.49 1.54 1.52 1.49 1.51 1.81 2.84
0.81 0.81 0.82 0.81 0.80 0.81 0.79 0.80 0.92 0.93 0.73 0.65 0.66 0.66 0.68 0.69 0.72 0.78 0.82 0.82 0.83 0.86 0.89 0.88 0.83 0.84 0.94 1.00 0.98 0.97 0.97 0.96 0.97 0.97 0.98 1.00 1.01 1.01 1.02 1.03 1.04 1.05 1.06 1.07 1.09 1.10 1.11 1.13 1.14 1.16 1.18 1.19 1.21 1.22 1.24 1.25 1.26 1.27 1.28 1.28 1.30 1.31 1.32 1.32 1.34 1.34 1.33 1.32 1.29 1.32 1.43 1.53 1.43 1.16 1.16 1.25 1.38 1.42 1.34 1.26 1.30 1.58 2.33 3.25
0.76 0.77 0.76 0.73 0.74 0.77 0.77 0.80 0.83 0.77 0.68 0.66 0.66 0.66 0.68 0.68 0.71 0.75 0.78 0.78 0.82 0.86 0.88 0.88 0.85 0.84 0.90 0.95 0.94 0.94 0.93 0.92 0.95 0.96 0.97 0.98 0.98 0.98 0.99 1.01 1.02 1.03 1.04 1.05 1.06 1.07 1.09 1.10 1.12 1.14 1.15 1.17 1.18 1.20 1.21 1.23 1.24 1.25 1.26 1.27 1.28 1.30 1.31 1.32 1.33 1.33 1.33 1.33 1.32 1.36 1.38 1.37 1.24 1.07 1.11 1.22 1.33 1.31 1.19 1.21 1.43 2.02 2.94 3.18
0.70 0.70 0.68 0.65 0.68 0.71 0.72 0.74 0.73 0.69 0.67 0.67 0.66 0.66 0.68 0.69 0.71 0.74 0.76 0.77 0.79 0.81 0.82 0.83 0.81 0.82 0.87 0.90 0.90 0.91 0.90 0.91 0.95 0.97 0.96 0.95 0.95 0.96 0.97 0.98 0.99 1.00 1.01 1.02 1.03 1.05 1.06 1.08 1.09 1.11 1.13 1.14 1.16 1.17 1.19 1.20 1.22 1.23 1.24 1.25 1.27 1.28 1.30 1.31 1.32 1.32 1.33 1.34 1.36 1.38 1.38 1.33 1.24 1.17 1.21 1.33 1.39 1.29 1.19 1.32 1.83 2.64 3.11 2.49
0.60 0.60 0.59 0.58 0.60 0.65 0.67 0.68 0.67 0.65 0.65 0.65 0.65 0.66 0.67 0.68 0.70 0.73 0.75 0.74 0.75 0.76 0.77 0.78 0.78 0.78 0.81 0.84 0.87 0.89 0.89 0.90 0.93 0.93 0.90 0.90 0.91 0.94 0.95 0.96 0.96 0.97 0.98 0.99 1.01 1.02 1.04 1.05 1.07 1.08 1.10 1.12 1.13 1.15 1.16 1.18 1.19 1.21 1.22 1.24 1.25 1.27 1.29 1.30 1.31 1.32 1.33 1.35 1.37 1.37 1.37 1.34 1.31 1.30 1.35 1.45 1.43 1.32 1.32 1.62 2.37 2.87 2.57 1.43
