windninja/windninja_output/Output_2025-08-24_1700-1750_Google earth_Fire_150m_10min/merlingen_7.5mi_point_08-24-2025_1740_150m_vel.asc
ncols	158
nrows	163
xllcorner	391686.332397
yllcorner	5160024.123721
cellsize	150.000000
NODATA_value	-32768.000000
[rows 114 to 151 of 163, columns 0 to 83 of 158]
2.55 2.28 1.84 1.57 1.46 1.35 1.23 1.20 1.18 1.20 1.36 1.64 1.80 1.77 1.67 1.68 1.81 2.07 2.31 2.32 2.33 2.34 2.27 1.95 1.99 2.31 2.41 2.25 2.19 2.29 2.25 2.31 2.72 3.42 3.71 3.15 2.57 2.40 2.28 2.12 2.02 2.52 3.28 3.49 3.07 2.75 2.80 2.83 2.75 2.71 2.66 2.58 2.60 2.63 2.65 2.63 2.60 2.58 2.58 2.59 2.55 2.47 2.50 2.62 2.60 2.57 2.57 2.57 2.62 2.62 2.60 2.69 2.79 2.74 2.73 2.85 2.94 2.97 2.90 2.91 3.21 3.25 2.82 2.56
2.64 2.45 2.13 1.87 1.72 1.63 1.51 1.36 1.23 1.27 1.59 1.93 1.98 1.90 1.83 2.00 2.23 2.31 2.22 2.11 2.21 2.47 2.83 3.01 2.97 2.88 2.77 2.61 2.66 2.62 2.49 2.55 2.88 3.31 3.48 3.20 2.83 2.56 2.28 2.14 2.44 3.23 3.69 3.53 3.21 3.13 3.08 2.88 2.75 2.75 2.71 2.66 2.62 2.59 2.61 2.58 2.53 2.53 2.56 2.61 2.56 2.49 2.54 2.65 2.68 2.62 2.60 2.61 2.62 2.58 2.55 2.56 2.57 2.59 2.64 2.79 2.90 2.94 2.84 2.81 3.15 3.23 2.84 2.48
2.67 2.52 2.26 2.02 1.82 1.70 1.63 1.59 1.54 1.60 1.94 2.10 2.01 1.96 2.03 2.29 2.36 2.22 2.14 2.27 2.57 2.97 3.44 3.71 3.65 3.32 2.96 2.74 2.79 3.03 3.09 3.16 3.13 3.22 3.46 3.46 3.25 2.83 2.56 2.68 3.14 3.72 3.67 3.35 3.23 3.07 2.73 2.54 2.68 2.81 2.82 2.78 2.66 2.59 2.53 2.48 2.48 2.50 2.54 2.59 2.54 2.49 2.55 2.67 2.73 2.64 2.60 2.62 2.62 2.59 2.54 2.51 2.52 2.59 2.61 2.71 2.81 2.85 2.74 2.67 3.00 3.24 2.81 2.29
2.62 2.49 2.24 1.98 1.79 1.69 1.68 1.79 1.97 2.11 2.16 2.07 1.95 2.00 2.21 2.29 2.12 2.08 2.37 2.84 3.21 3.51 3.68 3.79 3.93 4.04 3.85 3.36 3.45 3.29 3.11 3.10 3.31 3.85 4.31 4.23 3.75 3.17 3.06 3.50 3.93 3.86 3.46 3.26 3.14 2.83 2.69 2.81 2.99 3.09 3.09 2.93 2.74 2.60 2.49 2.48 2.52 2.51 2.51 2.54 2.55 2.57 2.67 2.80 2.78 2.64 2.62 2.66 2.64 2.61 2.60 2.62 2.63 2.62 2.65 2.74 2.72 2.69 2.66 2.64 3.00 3.28 2.73 2.08
2.62 2.46 2.21 2.00 1.84 1.78 1.80 1.90 2.08 2.22 2.16 2.01 1.95 2.06 2.21 2.16 2.02 2.13 2.58 2.93 3.11 3.23 3.27 3.34 3.60 4.06 4.54 4.69 4.60 4.25 3.68 3.72 4.42 5.23 5.16 4.94 4.74 4.11 4.04 4.40 4.26 3.81 3.39 3.13 2.97 2.94 3.05 3.24 3.33 3.30 3.14 2.88 2.69 2.56 2.48 2.50 2.52 2.50 2.50 2.55 2.59 2.64 2.79 2.93 2.88 2.79 2.76 2.71 2.63 2.62 2.66 2.68 2.66 2.66 2.73 2.76 2.63 2.57 2.66 2.80 3.10 3.15 2.57 2.01
2.74 2.54 2.25 2.03 1.84 1.82 1.84 1.84 1.90 1.97 1.98 1.96 2.01 2.09 2.08 2.06 2.16 2.26 2.41 2.54 2.60 2.66 2.75 2.92 3.14 3.37 3.76 4.10 4.41 4.81 5.22 5.66 5.84 5.48 4.53 4.24 4.59 4.98 5.12 5.07 4.57 3.95 3.53 3.37 3.42 3.37 3.22 3.24 3.25 3.09 2.88 2.66 2.54 2.45 2.40 2.42 2.44 2.47 2.51 2.57 2.64 2.70 2.78 2.85 2.76 2.70 2.68 2.61 2.55 2.58 2.63 2.64 2.66 2.73 2.77 2.69 2.54 2.52 2.66 2.83 2.93 2.83 2.42 2.14
2.80 2.61 2.34 2.13 1.86 1.68 1.61 1.63 1.74 1.80 1.80 1.91 2.10 2.18 2.12 2.16 2.24 2.29 2.27 2.26 2.27 2.31 2.47 2.65 2.79 2.89 2.94 3.01 3.51 4.31 4.92 5.14 4.77 4.01 3.27 3.17 3.71 4.36 4.56 4.51 4.50 4.36 4.16 4.07 3.97 3.71 3.53 3.51 3.33 3.00 2.77 2.60 2.49 2.42 2.35 2.31 2.37 2.47 2.51 2.59 2.69 2.66 2.54 2.32 1.93 1.84 1.96 2.07 2.28 2.50 2.59 2.59 2.65 2.74 2.74 2.63 2.51 2.47 2.54 2.64 2.68 2.67 2.45 2.34
2.80 2.65 2.49 2.55 2.52 2.19 1.96 1.82 1.74 1.72 1.74 1.91 2.11 2.26 2.35 2.37 2.29 2.23 2.17 2.03 1.94 2.02 2.18 2.34 2.54 2.66 2.68 2.82 3.39 3.93 3.84 3.47 3.21 2.94 2.73 2.70 2.78 2.95 2.93 3.07 3.53 3.88 3.88 3.63 3.43 3.39 3.48 3.47 3.23 2.95 2.71 2.56 2.52 2.44 2.34 2.33 2.44 2.51 2.48 2.53 2.48 2.15 1.77 1.42 1.09 1.23 1.55 1.71 2.00 2.35 2.47 2.48 2.56 2.65 2.66 2.61 2.56 2.49 2.48 2.55 2.61 2.70 2.63 2.65
2.74 2.66 2.59 2.72 2.90 2.93 2.84 2.61 2.21 1.84 1.73 1.96 2.14 2.18 2.20 2.23 2.17 2.00 1.80 1.63 1.61 1.80 1.96 2.11 2.40 2.45 2.47 2.80 3.53 3.90 3.50 3.10 2.84 2.53 2.37 2.28 2.22 2.20 2.20 2.26 2.44 2.71 2.91 2.73 2.53 2.57 2.66 2.64 2.65 2.60 2.51 2.49 2.44 2.32 2.29 2.38 2.48 2.46 2.35 2.21 1.83 1.33 1.05 1.00 1.12 1.51 1.87 1.97 2.08 2.19 2.23 2.32 2.49 2.59 2.60 2.57 2.54 2.57 2.65 2.67 2.69 2.86 2.98 3.13
2.49 2.41 2.29 2.28 2.39 2.56 2.72 2.78 2.63 2.32 1.96 2.06 2.06 1.86 1.75 1.82 1.84 1.68 1.51 1.35 1.39 1.62 1.78 2.02 2.34 2.38 2.38 2.85 3.90 4.07 3.29 2.82 2.47 2.15 2.09 2.04 1.98 2.00 2.03 2.05 2.05 2.22 2.47 2.53 2.37 2.28 2.24 2.24 2.33 2.39 2.45 2.48 2.34 2.21 2.19 2.16 2.08 1.97 1.78 1.55 1.17 0.96 1.11 1.38 1.64 2.02 2.24 2.23 2.19 2.08 2.06 2.20 2.38 2.46 2.48 2.50 2.54 2.69 2.88 2.95 3.01 3.25 3.47 3.43
2.37 2.26 2.10 2.02 2.04 2.16 2.29 2.41 2.56 2.63 2.48 2.15 1.73 1.45 1.42 1.51 1.49 1.44 1.50 1.41 1.36 1.51 1.72 2.01 2.24 2.34 2.57 3.57 4.84 4.26 2.91 2.45 2.24 2.02 1.91 1.82 1.76 1.80 1.86 1.91 1.96 2.02 2.16 2.40 2.49 2.41 2.34 2.33 2.37 2.48 2.59 2.52 2.32 2.20 2.13 1.97 1.75 1.54 1.36 1.15 1.10 1.41 1.73 1.90 2.07 2.26 2.28 2.20 2.11 1.92 1.86 2.01 2.16 2.24 2.36 2.46 2.59 2.81 3.04 3.19 3.30 3.46 3.50 3.23
2.34 2.31 2.22 2.16 2.17 2.20 2.20 2.29 2.54 2.75 2.75 2.35 1.69 1.22 1.17 1.26 1.31 1.33 1.54 1.84 1.89 1.84 1.92 2.07 2.43 2.79 3.74 5.45 5.26 3.65 2.44 2.15 2.05 1.86 1.71 1.63 1.60 1.64 1.71 1.77 1.79 1.80 1.90 2.12 2.32 2.40 2.44 2.44 2.45 2.50 2.47 2.39 2.32 2.24 2.15 2.06 1.97 1.85 1.75 1.63 1.76 2.05 2.19 2.21 2.26 2.27 2.18 2.07 1.96 1.82 1.75 1.90 2.10 2.18 2.29 2.40 2.54 2.72 2.91 3.02 3.03 3.19 3.22 3.01
2.13 2.16 2.14 2.12 2.14 2.13 2.16 2.32 2.55 2.69 2.71 2.59 2.18 1.45 1.27 1.32 1.35 1.34 1.55 1.93 2.24 2.71 2.87 2.97 4.10 5.26 5.64 5.47 4.04 2.64 2.24 2.09 1.94 1.72 1.60 1.58 1.50 1.44 1.45 1.49 1.54 1.62 1.74 1.93 2.16 2.38 2.53 2.59 2.56 2.47 2.31 2.21 2.19 2.15 2.07 2.01 2.00 2.03 2.11 2.21 2.30 2.30 2.20 2.12 2.12 2.10 2.02 1.94 1.86 1.80 1.84 2.04 2.22 2.28 2.34 2.41 2.47 2.51 2.63 2.74 2.77 2.99 3.14 3.08
2.08 2.09 2.07 2.04 2.07 2.17 2.31 2.42 2.48 2.53 2.62 2.79 2.86 2.44 1.97 1.73 1.63 1.68 1.89 2.33 3.45 4.66 5.15 5.35 5.42 5.47 4.75 3.36 2.50 2.11 2.06 2.11 2.03 1.83 1.62 1.47 1.34 1.27 1.19 1.18 1.25 1.36 1.55 1.80 2.06 2.27 2.39 2.43 2.38 2.28 2.20 2.14 2.04 1.98 1.94 1.88 1.87 1.96 2.11 2.18 2.17 2.09 1.97 1.93 1.95 1.94 1.90 1.83 1.78 1.75 1.84 2.03 2.20 2.29 2.38 2.48 2.42 2.45 2.70 2.86 2.97 3.20 3.28 3.23
2.10 2.07 2.02 1.97 1.97 2.07 2.26 2.37 2.39 2.38 2.49 2.85 3.36 3.52 3.08 2.25 2.03 2.23 2.89 4.57 5.60 5.42 5.11 4.74 4.21 3.51 2.72 2.10 1.80 1.70 1.82 2.03 2.06 1.95 1.72 1.39 1.19 1.10 1.00 0.97 1.03 1.20 1.44 1.68 1.93 2.12 2.19 2.14 2.07 2.06 2.05 2.04 2.01 1.97 1.92 1.89 1.89 1.96 1.99 1.95 1.90 1.87 1.86 1.89 1.90 1.88 1.82 1.76 1.72 1.71 1.77 1.88 2.03 2.13 2.23 2.38 2.43 2.53 2.80 3.00 3.26 3.49 3.49 3.52
2.03 1.97 1.82 1.72 1.69 1.70 1.79 1.97 2.07 2.14 2.32 2.66 3.03 3.42 3.56 3.42 2.89 3.13 4.59 5.81 5.10 3.63 2.97 2.69 2.47 2.31 2.18 1.86 1.53 1.50 1.67 1.80 1.75 1.69 1.75 1.64 1.28 0.94 0.80 0.84 0.97 1.14 1.35 1.61 1.85 2.01 2.11 2.17 2.17 2.16 2.13 2.03 1.93 1.90 1.87 1.88 1.93 1.93 1.88 1.85 1.85 1.86 1.86 1.87 1.85 1.82 1.75 1.72 1.70 1.70 1.74 1.82 1.93 2.00 2.09 2.32 2.47 2.50 2.71 3.04 3.31 3.47 3.52 3.58
2.05 1.99 1.85 1.72 1.63 1.60 1.55 1.52 1.56 1.73 1.93 2.01 2.00 2.21 2.71 3.37 3.71 4.36 5.10 4.62 2.98 2.22 2.13 2.24 2.27 2.20 2.02 1.75 1.62 1.62 1.58 1.52 1.44 1.44 1.59 1.75 1.66 1.25 0.97 0.96 1.05 1.20 1.43 1.71 1.93 1.94 1.94 2.13 2.23 2.18 2.08 1.96 1.79 1.73 1.76 1.81 1.87 1.87 1.86 1.84 1.81 1.79 1.78 1.79 1.78 1.75 1.72 1.72 1.70 1.68 1.71 1.81 1.92 1.99 2.10 2.39 2.55 2.49 2.71 3.13 3.36 3.47 3.39 3.20
2.16 2.11 2.05 1.95 1.81 1.81 1.80 1.61 1.36 1.30 1.33 1.29 1.29 1.46 1.85 2.52 3.32 3.91 3.73 2.60 2.10 2.03 1.99 2.08 2.28 2.23 1.91 1.75 1.74 1.72 1.59 1.49 1.42 1.37 1.44 1.66 1.96 2.06 1.82 1.55 1.53 1.64 1.79 1.91 1.98 1.81 1.59 1.72 1.93 1.94 1.83 1.75 1.70 1.67 1.69 1.69 1.67 1.68 1.69 1.66 1.58 1.55 1.61 1.66 1.67 1.69 1.70 1.70 1.69 1.69 1.74 1.87 1.93 2.00 2.21 2.50 2.74 2.72 2.81 3.21 3.58 3.55 3.18 2.93
2.14 2.04 1.95 1.97 1.95 1.99 2.08 2.08 1.86 1.42 1.18 1.14 1.21 1.42 1.79 2.22 2.88 3.12 2.49 1.90 1.88 1.94 1.96 2.01 2.09 2.14 1.89 1.52 1.38 1.33 1.30 1.29 1.26 1.29 1.43 1.66 1.98 2.35 2.54 2.49 2.38 2.34 2.27 2.21 2.04 1.60 1.27 1.30 1.54 1.64 1.59 1.58 1.62 1.65 1.66 1.64 1.61 1.58 1.53 1.47 1.45 1.51 1.55 1.57 1.59 1.61 1.64 1.66 1.68 1.70 1.82 1.93 1.95 2.06 2.27 2.58 2.98 3.01 2.95 3.32 3.69 3.47 2.98 2.87
2.11 1.96 1.83 1.94 2.04 2.06 2.04 2.15 2.31 2.25 1.86 1.62 1.51 1.62 1.90 2.51 3.38 3.36 2.87 2.38 2.15 2.10 2.09 2.07 1.93 1.92 1.85 1.41 1.09 0.98 0.96 0.99 1.05 1.23 1.49 1.68 1.83 2.01 2.32 2.59 2.66 2.64 2.59 2.51 2.22 1.70 1.36 1.26 1.28 1.35 1.38 1.44 1.53 1.60 1.65 1.66 1.63 1.61 1.61 1.63 1.69 1.75 1.70 1.63 1.58 1.56 1.56 1.58 1.63 1.75 1.89 1.97 2.06 2.17 2.27 2.59 3.02 2.96 2.92 3.29 3.51 3.22 2.82 2.70
2.24 2.11 2.00 2.06 2.12 2.07 1.99 2.05 2.25 2.52 2.67 2.53 2.38 2.25 2.60 3.63 3.87 3.31 2.91 2.75 2.53 2.21 1.98 1.80 1.62 1.71 1.98 1.94 1.51 1.20 1.08 1.04 1.08 1.25 1.41 1.51 1.59 1.63 1.78 2.07 2.34 2.49 2.52 2.40 2.12 1.87 1.63 1.41 1.27 1.31 1.39 1.44 1.49 1.54 1.59 1.60 1.61 1.62 1.65 1.72 1.78 1.76 1.70 1.65 1.60 1.56 1.51 1.48 1.57 1.76 1.93 2.07 2.16 2.12 2.18 2.53 2.88 2.87 2.81 3.10 3.22 2.90 2.51 2.40
2.27 2.27 2.23 2.21 2.19 2.16 2.13 2.08 2.07 2.19 2.45 2.65 2.68 2.76 3.46 3.94 3.34 2.52 2.18 2.25 2.29 2.03 1.63 1.33 1.23 1.35 1.73 2.12 2.07 1.76 1.53 1.41 1.32 1.28 1.31 1.36 1.33 1.34 1.52 1.76 1.98 2.12 2.10 1.98 1.91 1.86 1.69 1.47 1.38 1.42 1.49 1.51 1.49 1.49 1.50 1.52 1.56 1.60 1.63 1.67 1.68 1.66 1.65 1.65 1.62 1.58 1.51 1.46 1.54 1.74 1.94 2.11 2.17 2.17 2.28 2.52 2.78 2.87 2.78 2.90 2.87 2.53 2.27 2.33
2.10 2.24 2.26 2.13 2.07 2.09 2.12 2.06 1.89 1.71 1.65 1.80 2.08 2.51 3.26 3.10 2.30 1.92 1.71 1.62 1.62 1.53 1.31 1.14 1.10 1.15 1.33 1.77 2.12 2.13 1.93 1.68 1.51 1.34 1.29 1.33 1.28 1.24 1.37 1.51 1.59 1.69 1.72 1.67 1.66 1.62 1.50 1.36 1.32 1.35 1.39 1.43 1.46 1.47 1.49 1.50 1.54 1.62 1.71 1.77 1.75 1.73 1.73 1.71 1.66 1.56 1.47 1.44 1.51 1.66 1.80 1.89 2.07 2.30 2.47 2.61 2.77 2.83 2.75 2.75 2.67 2.44 2.40 2.66
1.85 1.95 2.08 1.99 1.80 1.74 1.75 1.75 1.68 1.53 1.40 1.47 1.75 2.40 3.05 2.70 2.17 1.78 1.41 1.16 1.05 1.03 1.05 1.05 1.02 1.04 1.15 1.42 1.81 2.07 1.92 1.57 1.35 1.30 1.32 1.33 1.29 1.26 1.31 1.36 1.40 1.38 1.38 1.39 1.36 1.32 1.28 1.23 1.21 1.24 1.28 1.34 1.39 1.42 1.44 1.48 1.57 1.71 1.79 1.82 1.81 1.78 1.75 1.69 1.61 1.50 1.39 1.32 1.33 1.43 1.54 1.67 1.89 2.07 2.19 2.45 2.74 2.82 2.76 2.82 2.83 2.63 2.74 3.13
1.73 1.68 1.75 1.86 1.71 1.47 1.31 1.28 1.40 1.58 1.70 1.82 2.16 3.13 3.44 2.95 2.49 1.89 1.24 0.86 0.72 0.71 0.74 0.79 0.81 0.86 0.97 1.16 1.43 1.78 1.98 1.76 1.41 1.31 1.28 1.23 1.19 1.25 1.39 1.43 1.32 1.13 1.07 1.14 1.19 1.23 1.24 1.21 1.20 1.23 1.28 1.35 1.39 1.41 1.44 1.52 1.68 1.79 1.80 1.78 1.78 1.78 1.76 1.69 1.55 1.39 1.26 1.18 1.20 1.33 1.49 1.68 1.89 2.02 2.05 2.21 2.54 2.68 2.65 2.84 2.97 2.78 3.19 3.48
1.88 1.68 1.51 1.69 1.87 1.72 1.34 1.15 1.22 1.43 1.78 2.21 3.05 3.78 3.36 2.53 2.20 1.99 1.72 1.24 0.86 0.67 0.62 0.61 0.61 0.68 0.82 0.94 1.08 1.39 1.85 2.09 1.93 1.54 1.26 1.16 1.20 1.38 1.52 1.38 1.12 0.96 0.91 0.96 1.06 1.16 1.22 1.23 1.22 1.25 1.30 1.38 1.45 1.51 1.58 1.69 1.80 1.81 1.79 1.78 1.76 1.76 1.78 1.75 1.64 1.48 1.35 1.33 1.39 1.47 1.63 1.90 2.08 2.15 2.18 2.20 2.32 2.48 2.51 2.82 3.17 3.56 4.22 4.07
2.09 1.88 1.59 1.58 1.77 1.98 1.96 1.70 1.49 1.52 1.88 2.53 3.56 3.51 2.28 1.62 1.55 1.66 1.81 1.89 1.69 1.23 0.86 0.63 0.57 0.63 0.73 0.78 0.82 1.00 1.35 1.80 2.07 1.93 1.64 1.52 1.50 1.53 1.45 1.13 0.89 0.86 0.85 0.86 0.92 1.05 1.15 1.20 1.22 1.25 1.28 1.32 1.43 1.60 1.77 1.86 1.85 1.82 1.80 1.78 1.77 1.80 1.83 1.89 1.97 2.02 1.97 1.92 1.87 1.88 2.00 2.15 2.18 2.23 2.34 2.24 2.15 2.35 2.57 3.00 3.71 4.28 4.28 3.89
2.15 2.07 1.69 1.35 1.28 1.56 2.09 2.34 2.25 2.20 2.35 3.02 3.36 2.36 1.36 1.13 1.08 1.18 1.41 1.81 2.17 2.21 1.83 1.28 0.92 0.73 0.67 0.68 0.68 0.75 0.93 1.29 1.78 2.10 2.07 1.90 1.77 1.63 1.32 0.96 0.82 0.83 0.85 0.87 0.92 1.01 1.11 1.18 1.22 1.24 1.23 1.20 1.24 1.46 1.73 1.86 1.89 1.89 1.88 1.87 1.91 1.96 2.00 2.13 2.43 2.80 3.03 3.07 2.96 2.94 2.86 2.66 2.48 2.62 2.73 2.35 2.02 2.23 2.67 3.28 4.09 4.09 3.21 2.84
2.05 2.08 1.75 1.22 1.06 1.22 1.54 2.05 2.56 2.69 2.72 3.13 2.76 1.31 0.91 0.85 0.86 1.00 1.20 1.42 1.75 2.24 2.47 2.38 2.02 1.48 0.98 0.67 0.59 0.60 0.69 0.89 1.29 1.73 1.98 1.95 1.83 1.63 1.32 1.03 0.95 0.98 1.01 1.03 1.04 1.07 1.12 1.18 1.22 1.21 1.19 1.17 1.13 1.17 1.36 1.61 1.77 1.86 1.94 2.05 2.11 2.14 2.20 2.36 2.65 3.04 3.37 3.61 3.73 3.67 3.47 3.22 3.17 3.33 3.11 2.57 2.24 2.37 2.83 3.64 4.02 3.62 3.14 2.95
2.05 2.11 2.01 1.62 1.29 1.20 1.23 1.50 2.00 2.34 2.55 2.54 1.76 0.99 0.86 0.89 0.96 1.07 1.15 1.11 1.06 1.30 1.81 2.29 2.44 2.32 1.98 1.37 0.83 0.69 0.72 0.80 0.90 1.12 1.54 1.73 1.63 1.38 1.20 1.10 1.07 1.11 1.15 1.16 1.17 1.16 1.17 1.19 1.20 1.19 1.20 1.26 1.31 1.30 1.34 1.41 1.55 1.73 1.86 1.97 2.08 2.18 2.26 2.38 2.50 2.53 2.59 2.79 3.05 3.23 3.28 3.29 3.36 3.33 3.09 2.82 2.76 2.75 3.16 3.82 3.61 3.36 3.71 3.40
2.24 2.12 2.13 2.14 1.75 1.30 1.18 1.34 1.50 1.66 1.91 1.93 1.60 1.37 1.24 1.14 1.06 1.06 0.97 0.75 0.62 0.63 0.83 1.27 1.65 1.92 2.11 2.10 1.78 1.33 0.99 0.84 0.81 0.79 1.04 1.23 1.20 1.11 1.08 1.10 1.11 1.15 1.19 1.20 1.21 1.21 1.20 1.21 1.23 1.25 1.29 1.35 1.43 1.47 1.40 1.31 1.42 1.59 1.69 1.81 2.04 2.24 2.31 2.30 2.20 2.08 2.07 2.10 2.11 2.27 2.64 2.92 3.03 2.95 2.82 2.87 2.91 2.88 3.27 3.57 3.17 3.55 4.05 3.05
2.39 1.99 1.82 2.16 2.30 1.98 1.57 1.41 1.49 1.54 1.59 2.08 2.42 2.38 2.13 1.78 1.52 1.29 0.90 0.58 0.42 0.37 0.40 0.51 0.70 0.92 1.25 1.74 1.99 1.96 1.63 1.17 0.91 0.76 0.75 0.89 0.93 0.92 0.97 1.06 1.12 1.17 1.21 1.22 1.22 1.22 1.23 1.25 1.30 1.35 1.39 1.39 1.38 1.36 1.31 1.31 1.41 1.57 1.79 2.05 2.25 2.39 2.47 2.39 2.20 2.08 2.02 1.85 1.70 1.76 2.01 2.42 2.68 2.67 2.53 2.51 2.58 2.79 3.23 3.29 3.21 4.08 3.91 2.09
2.50 1.92 1.55 1.89 2.43 2.74 2.68 2.24 2.00 1.84 2.11 2.97 3.08 2.99 2.98 2.81 2.59 2.33 1.92 1.43 1.07 0.77 0.51 0.33 0.33 0.40 0.50 0.70 1.08 1.51 1.76 1.63 1.25 0.88 0.73 0.81 0.85 0.87 0.92 1.02 1.12 1.20 1.25 1.28 1.29 1.29 1.31 1.32 1.35 1.37 1.38 1.34 1.29 1.29 1.36 1.48 1.58 1.74 2.03 2.25 2.33 2.36 2.42 2.53 2.62 2.62 2.44 2.16 1.97 1.91 1.88 2.04 2.33 2.42 2.32 2.21 2.24 2.61 3.01 3.24 3.95 4.26 2.94 1.56
2.59 1.90 1.40 1.54 1.92 2.52 2.91 2.93 2.70 2.64 3.42 3.56 2.81 2.51 2.65 2.80 2.79 2.76 2.79 2.75 2.59 2.23 1.68 1.11 0.63 0.39 0.32 0.31 0.38 0.57 0.92 1.35 1.27 0.94 0.83 0.91 0.94 0.96 1.01 1.06 1.14 1.22 1.31 1.39 1.43 1.42 1.41 1.41 1.41 1.39 1.37 1.33 1.25 1.20 1.25 1.38 1.58 1.81 1.96 2.05 2.13 2.17 2.24 2.48 2.80 3.01 3.11 3.18 3.20 3.10 2.92 2.78 2.74 2.65 2.45 2.40 2.61 3.18 3.52 3.98 4.47 3.45 1.86 1.11
2.64 1.93 1.26 1.31 1.51 1.76 2.10 2.60 3.08 3.55 3.81 3.04 2.11 1.83 1.77 1.91 2.15 2.25 2.31 2.53 2.84 2.98 2.93 2.67 2.04 1.26 0.91 0.81 0.72 0.58 0.58 0.91 1.11 1.01 0.98 1.07 1.12 1.12 1.12 1.15 1.21 1.29 1.35 1.43 1.51 1.53 1.53 1.54 1.52 1.48 1.44 1.36 1.24 1.10 1.07 1.22 1.46 1.64 1.81 1.94 1.99 2.06 2.20 2.38 2.56 2.77 3.07 3.38 3.66 3.94 4.15 4.14 3.88 3.45 3.07 3.06 3.76 4.69 4.94 4.88 4.03 2.20 1.47 1.16
2.69 2.44 1.91 1.57 1.54 1.78 2.02 2.35 3.09 3.39 2.98 2.19 1.79 1.60 1.45 1.42 1.60 1.81 1.78 1.72 1.96 2.37 2.74 3.05 3.08 2.67 1.97 1.56 1.32 1.07 0.84 0.87 1.07 1.08 1.06 1.14 1.25 1.28 1.27 1.27 1.31 1.38 1.41 1.43 1.49 1.53 1.53 1.56 1.57 1.54 1.50 1.42 1.28 1.13 1.11 1.21 1.32 1.42 1.60 1.75 1.88 2.03 2.17 2.29 2.42 2.60 2.77 2.89 3.04 3.38 3.73 3.86 3.77 3.57 3.48 3.77 4.66 4.95 4.37 3.77 2.46 1.62 1.48 1.40
2.47 2.76 3.08 2.66 2.32 2.42 2.34 2.39 2.83 2.62 2.11 2.01 1.78 1.48 1.28 1.16 1.15 1.40 1.65 1.64 1.55 1.63 1.87 2.19 2.72 3.02 2.65 1.81 1.38 1.21 0.98 0.93 1.06 1.12 1.11 1.14 1.25 1.34 1.39 1.41 1.42 1.46 1.49 1.49 1.53 1.53 1.47 1.49 1.56 1.57 1.57 1.56 1.45 1.28 1.21 1.23 1.29 1.37 1.45 1.53 1.65 1.93 2.14 2.30 2.49 2.62 2.63 2.58 2.56 2.70 2.93 2.88 2.69 2.85 3.32 3.99 4.41 3.70 2.46 1.84 1.37 1.23 1.16 1.02
2.03 2.19 2.85 3.14 3.03 2.68 2.21 2.28 2.74 2.36 1.84 1.92 1.95 1.68 1.26 1.00 0.87 0.93 1.21 1.45 1.45 1.37 1.35 1.50 1.90 2.52 2.74 2.04 1.31 1.20 1.18 1.11 1.13 1.19 1.19 1.18 1.24 1.34 1.43 1.49 1.52 1.54 1.55 1.55 1.60 1.66 1.59 1.46 1.49 1.57 1.61 1.65 1.64 1.48 1.30 1.25 1.32 1.38 1.48 1.57 1.58 1.77 2.12 2.37 2.52 2.55 2.53 2.53 2.62 2.86 3.05 2.72 2.26 2.40 3.02 3.61 3.41 2.20 1.46 1.14 0.93 0.83 0.67 0.60
