windninja/windninja_output/Output_2025-08-24_1700-1750_Google earth_Fire_150m_10min/merlingen_7.5mi_point_08-24-2025_1750_150m_ang.asc
ncols	158
nrows	163
xllcorner	391686.332397
yllcorner	5160024.123721
cellsize	150.000000
NODATA_value	-32768.000000
[rows 42 to 83 of 163, columns 0 to 94 of 158]
343 343 342 342 341 340 339 339 339 339 339 338 338 338 338 337 337 337 336 335 335 335 334 333 333 332 331 330 329 326 324 324 326 329 336 341 343 339 336 335 334 333 335 334 332 332 333 333 332 327 319 317 322 324 319 314 314 314 308 301 302 309 310 309 310 310 309 309 311 315 315 310 311 318 315 314 329 348 342 323 312 308 302 301 302 304 307 306 304 303 300 292 283 283 290
343 343 342 341 340 339 339 339 338 339 338 338 337 337 337 337 336 336 335 335 334 334 334 333 332 332 331 330 328 326 325 325 327 331 335 339 338 334 333 332 330 330 329 327 327 330 331 329 326 321 315 314 320 324 319 314 311 310 306 301 304 308 309 309 309 311 314 315 318 325 326 319 319 321 319 321 337 354 346 326 314 310 307 304 303 301 297 294 295 298 298 295 288 287 290
344 344 342 340 339 339 339 338 338 338 338 337 337 337 336 336 336 335 334 334 334 334 333 332 332 331 330 329 328 327 326 326 327 330 333 334 331 327 327 328 329 327 323 322 325 330 330 327 324 321 318 318 322 326 321 315 312 310 308 307 308 310 311 311 310 310 313 316 321 330 329 323 323 323 321 326 345 0 347 324 314 312 308 303 297 290 287 287 288 291 294 295 292 288 288
345 344 342 340 339 338 338 338 337 337 337 336 336 336 336 336 335 335 334 334 334 333 333 332 331 331 330 329 328 328 327 327 327 329 331 330 326 323 324 327 327 324 320 320 328 333 329 325 322 320 318 318 321 324 321 314 311 311 311 312 313 314 316 316 313 311 311 313 319 324 321 319 317 317 318 326 352 3 341 323 316 311 304 295 284 282 285 285 284 286 290 294 293 289 285
346 344 341 340 339 338 337 337 337 337 336 336 336 336 335 335 334 334 334 333 333 333 332 332 331 330 329 329 328 327 327 326 327 328 329 328 326 324 324 325 325 321 318 321 330 330 326 322 319 318 318 318 320 321 318 314 312 312 313 316 318 317 317 317 313 310 310 310 315 318 314 312 309 308 312 323 351 353 331 317 311 304 295 285 281 285 288 288 285 284 288 293 293 289 284
346 344 341 341 340 337 335 335 335 335 335 335 335 335 334 334 334 333 333 333 332 332 331 331 330 329 329 328 328 327 326 326 325 326 326 327 325 324 323 323 322 320 319 325 332 327 321 317 316 318 320 321 322 321 321 319 316 315 315 318 320 317 313 312 309 307 307 309 313 316 312 309 305 304 307 320 341 336 319 307 299 294 289 287 289 291 292 291 287 286 289 291 291 288 284
345 344 342 342 341 337 334 333 334 334 334 334 335 334 334 333 333 333 332 332 332 331 331 330 329 329 329 328 328 327 326 326 325 325 325 326 324 322 322 321 320 318 319 327 329 324 319 316 317 321 324 325 322 319 322 320 316 316 317 320 321 314 308 305 304 303 305 309 311 312 309 307 304 302 304 314 325 321 311 301 295 294 294 295 297 297 296 295 294 293 289 286 286 286 284
344 344 343 343 340 336 333 332 333 333 333 334 334 333 333 333 332 332 332 331 331 331 330 330 329 328 328 328 327 327 326 326 325 325 325 325 324 322 322 321 319 317 319 325 324 319 315 316 319 324 331 329 324 324 325 321 317 316 317 320 319 312 303 300 301 303 306 309 310 310 308 306 304 303 305 313 318 317 310 303 299 298 300 301 301 301 300 301 299 295 288 281 279 281 281
344 344 344 344 340 336 335 333 332 332 333 333 333 333 333 332 332 332 331 331 331 330 330 329 329 328 328 328 327 326 326 325 325 325 324 324 323 323 322 322 320 319 321 323 321 315 313 315 319 326 330 324 323 326 325 321 317 315 316 317 314 307 299 297 300 304 306 308 309 308 306 303 302 303 307 313 316 315 309 303 300 299 300 302 302 303 303 302 297 291 285 277 272 272 272
345 345 344 343 338 337 337 335 333 332 332 333 332 332 332 332 331 331 331 330 330 330 329 329 328 328 328 327 326 326 325 325 324 324 324 323 322 321 321 321 321 319 320 322 319 314 313 317 324 330 329 324 322 323 321 317 314 313 313 313 309 303 297 296 300 305 308 310 309 307 305 303 304 307 309 311 313 313 308 302 299 297 297 300 302 303 302 297 292 286 281 273 266 264 268
347 345 343 340 336 336 338 336 334 333 333 332 332 332 331 331 330 331 330 329 329 329 329 328 327 327 327 327 326 325 325 324 324 323 323 322 321 321 320 321 321 318 318 320 319 314 315 326 334 334 332 329 326 323 318 312 310 310 311 310 308 304 297 296 300 307 310 312 310 308 307 307 310 311 310 310 311 310 306 301 297 293 293 297 299 299 298 294 289 284 277 270 264 265 274
350 347 342 339 336 336 338 337 335 334 333 331 331 331 331 330 330 330 329 329 328 328 328 327 327 327 326 326 325 325 324 324 323 323 322 322 321 321 320 321 321 318 318 320 319 317 321 332 333 331 331 328 325 321 314 309 309 312 312 309 308 304 298 296 302 310 315 317 313 311 312 313 315 313 309 309 310 308 304 300 298 294 294 296 297 297 297 295 289 281 276 273 271 272 284
349 346 341 338 336 337 338 337 336 334 332 330 330 330 330 330 329 329 329 328 328 328 327 327 327 326 326 325 325 324 324 323 323 322 322 321 321 320 320 320 319 317 316 317 318 318 324 331 328 327 329 326 321 316 309 307 312 317 315 312 310 305 299 299 305 314 321 324 320 316 317 318 315 311 309 309 311 308 304 304 304 300 298 298 297 296 297 296 290 283 279 280 283 284 289
346 344 341 337 333 333 335 336 336 335 332 330 328 328 328 329 328 328 328 328 328 327 326 326 326 326 325 325 324 324 323 323 323 322 321 321 320 320 319 319 317 314 313 314 317 318 323 327 326 326 328 324 320 315 307 307 316 321 317 314 312 308 302 301 307 317 325 328 323 319 320 318 313 311 311 312 313 309 307 309 310 305 301 299 298 296 296 296 293 287 284 286 291 295 292
343 342 341 339 334 330 330 332 333 333 333 331 328 326 327 327 327 327 327 327 327 326 326 326 325 325 325 324 324 323 323 323 322 322 321 321 320 319 319 318 316 315 314 315 317 319 322 323 323 326 328 321 318 313 306 308 320 323 318 315 313 309 303 300 305 316 324 326 322 317 319 317 315 315 314 316 315 311 310 312 311 306 302 299 298 294 292 291 291 288 288 293 303 308 300
343 341 341 341 339 335 332 330 330 331 333 334 331 327 326 326 326 326 326 326 326 326 326 325 325 325 324 324 323 323 322 322 322 321 321 320 320 319 319 318 317 317 316 316 317 318 318 319 320 325 326 319 315 311 304 309 323 323 319 316 312 308 302 299 302 313 322 325 323 320 320 318 317 317 317 319 317 313 313 314 312 307 303 299 294 289 285 284 288 293 298 308 314 313 304
342 341 340 340 340 338 335 332 330 328 332 336 334 329 326 324 324 325 326 325 325 325 324 324 325 324 324 323 323 322 322 322 321 321 320 320 319 319 318 318 317 317 317 316 316 315 315 316 317 321 324 319 314 310 305 311 322 320 316 313 311 307 302 299 301 311 322 329 331 326 321 319 317 317 318 320 317 314 315 315 313 307 302 297 291 287 285 288 295 303 307 310 313 311 301
342 342 340 339 338 337 335 333 329 326 328 332 334 331 328 325 323 323 324 324 325 324 324 324 324 324 323 323 322 322 321 321 321 320 320 319 319 318 318 318 317 317 317 316 316 315 315 316 317 320 324 321 313 309 306 311 319 316 312 310 309 306 303 300 300 309 322 335 336 324 320 319 318 318 320 319 316 313 313 313 311 305 300 297 293 290 292 298 306 309 307 305 306 303 291
342 342 341 339 337 335 333 331 328 327 327 329 331 331 331 329 325 323 323 323 324 324 324 324 324 323 322 322 322 321 321 321 320 320 319 319 319 318 318 317 317 317 316 316 316 316 316 316 317 320 323 320 312 307 306 311 315 312 309 308 307 305 302 300 301 307 320 338 333 319 318 319 318 317 320 319 314 313 312 310 308 303 299 296 294 294 300 306 309 307 305 302 299 294 280
343 343 341 339 338 335 332 329 328 328 328 329 329 330 332 332 329 325 323 322 323 323 323 323 323 322 322 321 321 321 320 320 320 319 319 319 318 318 317 317 317 316 316 316 316 316 316 316 317 319 321 318 310 305 305 309 309 307 306 305 304 303 302 301 302 306 320 338 327 318 319 319 317 317 319 317 313 313 313 311 308 303 298 294 294 297 304 308 307 305 304 300 293 281 268
345 344 341 338 337 335 333 330 329 328 328 328 327 328 330 331 331 328 325 323 321 321 322 322 322 321 321 320 320 320 320 320 319 319 319 318 318 317 317 317 316 316 316 316 316 316 316 316 316 317 320 319 311 306 307 309 306 304 304 304 304 304 304 305 304 307 323 333 323 319 319 318 317 317 318 316 314 314 315 314 310 306 300 298 300 301 304 308 306 303 301 293 279 266 255
350 346 340 336 334 333 331 330 329 328 327 326 326 326 327 329 330 330 328 325 322 321 321 322 322 321 320 320 320 320 319 319 319 318 318 318 317 317 317 316 316 316 316 315 315 315 315 315 315 316 318 319 313 310 313 312 306 304 304 306 308 308 306 304 300 301 316 323 320 320 320 318 316 317 319 319 318 318 319 318 314 311 307 305 308 306 306 307 303 298 291 280 268 254 241
357 350 340 335 331 329 328 327 327 327 326 325 326 327 326 326 328 330 330 328 325 323 321 321 321 321 319 319 319 319 319 319 318 318 318 317 317 317 316 316 316 316 315 315 315 315 315 314 314 315 316 316 314 312 315 315 307 304 305 307 309 309 303 293 292 299 314 319 320 320 320 317 315 318 321 322 321 323 326 325 320 317 313 311 311 307 305 303 299 290 281 270 255 241 229
1 354 341 335 332 329 328 326 324 324 324 323 325 327 326 325 325 327 329 329 328 325 322 321 320 319 319 319 319 319 319 318 318 318 317 317 317 316 316 316 315 315 315 315 314 314 314 314 314 314 314 314 313 310 313 315 309 305 305 306 307 308 302 299 303 311 318 320 321 320 319 317 314 317 323 324 324 326 331 329 324 321 318 317 311 305 301 298 292 282 271 256 239 227 217
359 354 344 337 332 330 330 330 328 326 324 324 325 325 325 325 324 324 326 328 329 329 326 323 321 319 318 319 319 318 318 318 317 317 317 317 316 316 316 315 315 315 315 314 314 314 314 313 313 313 313 312 311 310 311 312 309 304 302 301 306 317 315 312 312 315 318 321 321 319 319 316 314 318 324 325 325 328 335 334 329 326 323 320 310 302 297 292 281 270 256 237 224 212 206
350 349 348 344 337 332 333 334 331 327 325 325 327 326 325 324 324 324 324 325 328 330 329 326 324 321 318 317 316 316 317 317 317 317 316 316 316 316 315 315 315 314 314 314 314 313 313 313 312 312 312 311 310 309 309 308 305 301 297 296 308 319 316 312 312 314 316 319 319 318 318 315 313 317 323 325 326 332 338 335 329 324 318 314 305 294 287 279 269 256 238 219 208 202 203
334 339 346 348 345 340 341 343 338 329 327 328 328 328 328 326 324 323 323 323 324 327 328 328 327 325 320 315 314 314 315 316 316 316 316 316 315 315 315 315 314 314 314 314 313 313 313 312 312 312 311 310 310 309 308 306 303 300 297 296 305 313 312 310 310 312 315 318 319 318 318 314 311 315 321 324 327 334 337 329 322 316 307 302 296 285 275 267 258 240 221 202 198 201 208
321 324 334 340 342 343 347 349 343 337 336 338 337 335 334 333 329 325 323 323 323 323 323 325 328 329 322 316 314 313 314 314 315 315 315 315 315 315 315 314 314 314 313 313 313 313 312 312 311 311 311 310 309 309 308 306 304 303 301 299 303 307 308 306 305 308 311 315 317 318 318 313 311 316 322 324 327 333 333 324 315 307 296 291 291 283 271 261 246 223 203 194 197 206 218
319 318 316 319 323 332 342 344 339 336 339 343 343 342 341 338 335 330 326 324 322 321 320 320 325 330 323 318 317 315 314 314 314 315 315 315 315 315 314 314 314 313 313 313 312 312 312 311 311 311 310 310 309 308 307 306 305 304 303 303 303 304 303 301 300 303 306 308 311 315 317 313 311 318 324 324 326 329 328 319 309 298 292 291 289 282 268 251 229 206 194 195 204 214 232
325 322 316 311 309 310 318 325 323 322 328 335 336 337 338 337 336 333 331 328 325 322 319 319 325 329 324 321 320 319 317 315 314 314 314 314 314 314 314 314 313 313 313 312 312 312 311 311 311 310 310 309 309 308 307 307 306 305 305 305 304 304 303 302 301 301 301 301 304 309 314 311 310 317 323 323 323 326 325 316 306 296 296 295 287 277 260 236 209 197 196 204 217 230 250
330 327 322 319 315 312 312 313 310 307 310 315 318 322 324 327 329 329 329 330 329 325 322 322 326 328 323 320 321 321 319 318 315 314 314 313 314 314 314 314 313 313 313 312 312 311 311 311 310 310 309 309 308 308 307 307 306 306 306 305 305 305 304 304 304 303 302 301 302 305 307 306 305 312 319 320 319 321 324 318 309 305 302 296 286 268 243 215 201 201 207 219 231 246 276
336 332 326 323 319 316 314 312 308 306 309 314 317 319 319 321 322 322 323 326 327 327 326 325 327 328 323 319 319 320 320 319 317 315 315 314 314 314 313 313 313 313 312 312 311 311 311 310 310 309 309 309 308 308 307 307 307 306 306 306 305 305 305 305 305 304 305 304 304 305 304 302 301 308 314 316 316 319 326 324 316 310 303 294 280 256 219 203 209 217 227 245 258 286 310
343 337 328 322 318 314 312 310 309 310 312 314 317 319 320 321 321 320 320 321 322 322 323 324 326 327 324 320 318 317 318 319 318 317 317 317 315 314 313 313 313 313 312 311 311 311 310 310 309 309 309 308 308 308 307 307 307 306 306 306 306 306 306 305 305 305 305 306 306 306 306 305 306 311 316 317 318 322 330 327 319 310 301 289 268 228 204 209 224 234 256 279 305 311 311
356 346 330 321 313 308 307 307 308 310 312 313 315 317 318 319 320 320 320 320 320 319 319 320 322 324 322 320 318 317 317 318 317 316 317 317 315 314 314 314 313 312 312 311 311 310 310 309 309 309 308 308 308 308 307 307 307 307 306 306 306 306 306 306 306 306 306 306 307 307 307 308 310 314 318 318 320 327 333 327 316 306 294 277 243 202 204 220 235 249 272 302 313 306 304
13 1 335 318 306 301 301 302 304 307 310 312 314 315 317 318 319 318 319 320 319 319 319 319 320 322 320 317 317 317 317 316 314 312 311 313 313 313 313 314 313 312 312 311 310 310 309 309 309 308 308 308 308 307 307 307 307 307 306 306 306 306 306 306 306 306 306 307 307 308 308 310 312 315 318 318 321 328 332 321 309 298 283 255 207 199 215 225 239 263 291 318 313 302 298
33 23 346 311 298 295 294 296 300 305 309 313 314 315 316 317 318 318 319 319 319 319 319 319 321 322 318 315 315 315 314 313 312 312 311 313 313 313 313 313 313 313 311 310 310 309 309 308 308 308 308 307 307 307 307 307 307 307 307 306 306 306 306 306 306 306 307 307 307 308 309 310 312 314 317 318 321 328 327 314 301 290 269 232 213 225 242 254 274 303 317 320 312 302 297
54 51 20 299 287 287 289 294 300 307 312 315 316 316 316 317 317 317 318 319 318 318 318 319 323 323 318 315 315 315 315 314 315 315 314 314 315 314 312 312 313 313 311 310 309 309 308 307 307 307 307 307 307 307 307 307 307 307 307 306 306 306 306 306 306 306 307 307 308 308 309 311 312 313 315 318 321 327 324 310 297 286 263 248 262 284 298 311 315 316 315 314 309 301 298
63 62 44 329 294 293 298 302 306 312 317 318 317 317 317 318 317 318 318 318 317 317 316 318 323 323 318 317 317 318 318 316 315 315 313 314 316 315 312 311 313 312 310 309 308 307 306 306 306 306 306 307 307 307 307 307 307 307 307 306 306 306 306 306 306 306 307 307 308 308 309 310 312 313 315 317 321 326 323 312 302 298 299 304 308 312 319 319 315 312 309 306 303 300 299
59 52 18 337 320 323 323 321 319 321 324 322 320 319 318 318 318 318 318 317 317 316 316 318 322 322 318 317 318 319 319 317 317 317 315 314 316 316 314 312 313 312 308 307 306 305 304 303 303 304 305 306 307 307 307 307 307 307 307 306 306 306 306 306 306 306 307 307 307 308 309 310 311 313 314 317 320 324 323 317 317 323 325 323 321 320 318 315 311 307 303 301 299 299 299
60 49 354 327 324 332 344 341 336 334 332 328 323 321 318 317 317 317 317 316 315 315 315 318 321 320 316 315 317 319 319 318 318 318 317 316 316 316 315 314 315 314 309 305 302 300 299 298 297 299 303 305 307 308 307 307 307 307 306 306 306 306 306 306 306 306 307 307 307 308 309 310 311 312 314 316 319 323 325 326 332 335 333 331 329 322 315 312 309 305 302 300 297 297 298
65 42 333 324 326 341 355 354 349 345 341 333 326 322 319 317 316 315 314 314 314 314 314 317 321 319 315 315 316 317 317 316 314 313 312 313 315 315 314 314 316 317 314 311 308 306 305 304 302 303 305 306 307 308 308 307 307 307 306 306 306 306 306 306 306 306 306 307 307 308 308 309 311 312 313 316 318 322 325 330 337 341 340 339 334 319 312 309 307 304 301 299 296 296 298
0 349 337 334 336 345 353 357 356 351 344 334 327 321 317 315 314 313 312 312 312 312 313 315 319 319 317 317 317 316 316 314 313 311 309 308 309 311 312 313 315 317 318 317 317 316 317 316 314 313 314 312 311 310 309 308 307 306 306 306 306 306 306 306 306 306 306 306 307 307 308 309 310 312 313 315 317 321 325 331 340 347 346 342 327 314 308 305 305 303 300 297 295 295 296
