windninja/windninja_output/Output_2025-08-24_1700-1750_Google earth_Fire_150m_10min/merlingen_7.5mi_point_08-24-2025_1750_150m_ang.asc
ncols	158
nrows	163
xllcorner	391686.332397
yllcorner	5160024.123721
cellsize	150.000000
NODATA_value	-32768.000000
[rows 0 to 41 of 163, columns 0 to 94 of 158]
330 328 325 326 327 329 331 331 329 330 331 330 326 315 305 304 305 307 310 317 325 329 327 327 327 327 327 323 321 323 323 321 319 316 315 315 317 314 311 312 311 311 312 310 311 313 313 314 317 320 322 323 323 324 324 322 318 314 312 313 314 313 311 309 308 307 305 305 307 310 311 309 306 302 301 302 302 299 298 299 299 295 290 289 289 286 282 278 277 274 270 269 268 265 260
333 329 326 327 327 328 331 329 326 326 329 333 334 329 321 317 317 319 320 322 328 331 330 329 328 329 329 326 323 323 323 321 320 319 318 317 319 319 318 318 317 316 317 316 317 319 319 319 320 320 320 320 320 320 321 319 318 316 314 314 314 313 312 311 310 309 307 306 306 309 310 310 307 305 304 303 302 300 300 301 300 296 292 290 289 288 287 283 280 277 275 274 272 270 267
336 332 329 329 327 328 331 329 326 326 330 338 343 339 333 327 327 328 327 327 331 333 332 331 330 331 331 330 327 325 323 322 322 322 321 321 322 324 324 324 323 322 322 321 322 324 324 324 325 323 320 320 319 317 318 319 318 318 316 315 316 316 315 314 313 312 310 307 306 308 310 310 309 308 307 306 305 302 302 303 303 298 295 293 291 294 297 292 287 285 284 284 283 283 282
333 331 331 331 330 332 333 332 331 333 336 343 345 340 334 328 328 330 329 330 332 332 333 334 332 333 335 334 333 332 329 327 324 323 323 324 324 324 324 325 325 326 325 324 324 325 325 326 327 327 325 324 323 321 320 320 318 317 316 316 317 317 316 314 314 313 311 308 306 308 310 310 308 307 306 306 306 303 301 303 305 300 297 297 295 296 302 301 297 295 294 293 294 294 294
328 329 332 332 332 333 333 330 331 335 341 346 345 341 332 327 326 328 329 330 331 330 332 335 333 334 336 338 339 338 336 334 330 327 327 326 325 325 325 326 327 328 327 326 327 326 326 327 327 327 327 326 324 322 320 319 318 317 316 316 316 316 316 314 314 314 312 308 305 307 309 308 306 306 306 304 303 301 300 302 304 301 297 299 297 296 303 306 304 304 302 301 303 306 306
326 326 329 332 332 332 331 328 330 335 341 344 344 338 330 326 325 326 328 328 327 326 329 332 331 331 334 337 339 339 338 336 334 333 333 331 329 328 328 329 329 328 326 326 326 326 326 326 325 325 326 325 323 320 319 318 317 317 317 316 316 317 317 315 315 314 313 309 306 308 309 306 306 308 308 306 304 302 302 301 300 300 298 299 297 296 300 305 305 306 307 306 309 313 313
326 325 326 329 330 331 330 329 331 336 340 342 342 337 328 325 326 328 330 330 328 325 326 329 328 328 330 332 335 336 336 334 333 334 335 333 331 330 330 330 329 328 325 324 324 323 324 324 324 325 326 325 323 321 319 317 316 316 317 317 318 319 319 317 315 314 313 309 308 310 312 309 309 311 311 309 306 305 305 303 299 301 302 300 298 295 297 301 304 306 305 304 305 308 308
326 325 325 325 325 327 327 328 332 335 337 339 341 336 329 326 328 330 331 332 330 328 327 328 327 329 329 329 331 334 332 330 330 332 332 330 330 330 329 328 327 325 323 322 321 321 321 322 322 324 325 323 323 322 318 316 316 316 317 318 319 322 322 320 317 315 313 310 309 312 313 310 309 312 312 309 305 303 306 304 299 301 305 304 301 299 300 302 304 305 304 302 301 301 304
326 326 325 324 323 323 324 327 331 333 334 336 337 336 330 328 329 330 331 332 330 329 329 330 330 331 330 329 331 332 328 326 328 329 326 325 325 326 325 324 323 321 320 320 320 320 320 319 320 324 323 321 321 321 316 316 317 317 317 317 317 318 319 318 316 313 312 311 311 312 311 307 306 308 309 307 303 302 305 303 299 300 307 309 308 308 308 309 311 314 313 311 308 309 311
326 325 325 325 325 325 325 327 330 332 332 333 334 333 330 328 329 329 331 332 331 330 330 332 333 333 332 331 332 332 327 326 328 327 324 322 323 323 322 321 320 319 319 319 318 318 319 318 319 322 321 318 320 318 314 313 315 314 313 311 310 310 312 313 310 310 310 311 312 310 306 304 304 306 307 305 302 302 308 306 303 304 308 310 308 309 310 311 315 319 319 317 315 316 313
326 326 325 326 327 328 328 329 330 331 332 332 333 332 329 327 327 328 330 331 331 332 332 334 336 336 336 335 333 331 326 325 326 323 321 321 321 322 321 321 321 319 318 318 315 314 316 315 314 317 315 314 316 313 309 306 305 304 301 300 300 300 303 306 305 305 305 306 308 307 303 303 305 307 307 304 300 304 310 310 308 307 309 310 308 309 309 307 310 316 315 311 311 314 310
327 326 326 327 328 328 328 329 330 331 331 332 332 332 329 326 326 327 328 328 328 330 331 334 336 338 340 336 331 328 324 322 322 320 318 318 319 320 320 320 320 318 317 317 315 312 312 309 305 304 303 303 302 298 295 292 290 290 287 285 284 284 290 297 298 298 298 299 303 305 304 304 306 309 311 311 310 312 314 314 311 309 310 312 312 314 311 305 306 314 310 303 304 309 306
327 326 326 327 328 329 328 329 330 331 331 332 332 332 329 323 322 325 326 326 326 327 329 332 335 338 339 334 329 326 324 322 321 320 319 317 317 318 318 319 318 317 317 318 314 310 308 301 293 292 291 290 287 283 281 282 282 279 274 269 271 275 281 288 290 290 290 293 302 306 305 304 305 311 317 317 317 316 316 317 315 312 312 311 312 315 311 304 307 315 309 299 299 305 301
327 327 327 328 328 329 329 330 330 330 331 331 333 334 329 322 318 320 323 324 325 325 326 328 332 336 337 333 330 327 324 321 320 320 320 319 318 317 316 317 316 312 310 307 301 297 297 295 291 289 288 287 284 279 277 279 279 275 270 270 276 283 287 290 290 287 286 291 300 306 305 304 306 312 316 315 312 310 311 313 313 311 310 308 306 309 307 301 301 308 303 294 291 293 291
327 327 327 328 328 328 329 330 330 330 331 331 333 335 333 326 320 320 320 320 321 323 324 327 330 333 334 333 331 329 325 321 320 321 322 320 319 316 313 310 304 295 286 284 285 284 288 297 299 296 294 296 295 290 288 288 290 290 290 288 290 295 299 301 299 295 295 296 299 306 308 307 306 309 311 310 306 303 301 302 306 307 306 302 299 300 298 293 290 291 290 283 278 278 279
328 327 328 328 328 328 329 329 330 330 331 331 332 334 333 328 325 324 323 321 321 324 327 329 331 331 333 334 332 330 327 325 325 324 321 316 310 305 300 293 285 282 285 291 297 299 300 303 303 301 304 310 312 310 308 307 308 310 309 301 299 302 305 309 306 302 303 303 303 309 311 306 302 303 306 307 304 300 299 300 303 303 299 294 292 289 285 280 277 276 277 276 273 273 275
328 328 328 328 329 329 329 330 330 330 331 331 331 332 331 326 325 327 327 326 325 327 329 331 331 331 333 334 333 332 328 326 327 323 313 303 297 294 294 295 298 305 308 308 311 312 310 311 310 308 310 315 318 316 314 312 312 317 318 309 305 305 307 311 308 304 304 306 308 311 312 306 299 302 306 306 305 303 303 302 300 297 292 287 282 277 272 268 270 277 280 279 277 276 277
328 328 328 329 329 330 330 330 330 331 331 331 331 330 328 324 323 325 327 328 327 328 329 329 329 330 332 332 331 329 326 325 325 321 313 309 308 310 312 313 315 315 313 311 312 313 313 316 317 315 313 315 315 314 313 312 312 317 320 314 308 307 309 312 310 305 305 307 309 309 311 311 306 305 307 307 308 305 300 294 289 287 284 277 271 269 268 268 276 285 289 284 280 280 280
328 328 329 329 330 330 330 330 331 331 331 331 330 330 328 324 322 322 324 325 326 327 328 327 326 328 329 329 327 325 323 325 328 327 323 319 317 317 317 316 315 315 313 313 313 312 313 316 316 314 313 312 312 313 314 314 313 315 317 314 309 307 310 312 310 307 304 305 307 307 311 316 313 309 309 307 303 296 286 278 277 278 278 276 275 274 276 279 282 287 293 290 284 283 282
329 329 329 330 330 330 331 330 331 331 331 331 331 330 328 326 323 323 324 325 327 328 328 328 328 328 329 329 328 327 328 331 331 326 320 316 315 317 320 319 319 319 318 318 316 315 316 317 315 311 310 311 312 314 315 315 315 314 313 312 307 304 306 308 308 305 303 304 307 310 315 319 316 313 313 310 301 288 280 277 279 282 285 288 287 283 282 282 282 287 295 298 289 285 284
330 329 330 330 330 331 331 331 331 331 331 331 331 331 329 328 327 326 327 328 329 330 330 330 330 330 330 331 331 331 333 337 336 330 326 324 323 325 327 326 325 324 321 319 318 316 315 316 315 312 311 312 314 315 314 313 313 313 311 310 307 303 304 307 307 306 306 307 310 313 317 319 314 311 313 316 312 300 292 289 290 291 292 294 294 288 284 282 282 287 296 303 292 286 286
330 330 330 330 331 331 331 332 332 332 332 331 331 331 331 330 330 330 330 330 331 332 332 332 332 332 332 333 333 334 337 340 338 332 331 330 328 329 330 328 327 325 322 320 317 315 314 315 317 315 313 313 314 314 313 312 311 311 310 308 307 303 303 307 307 308 310 311 311 313 316 315 310 306 310 319 320 311 301 296 295 295 293 295 298 293 288 285 286 290 298 307 298 288 289
330 330 331 331 331 331 332 332 332 332 332 333 332 332 332 332 332 332 332 332 333 333 333 334 334 334 335 336 336 336 338 340 336 330 329 327 325 327 327 327 326 325 323 320 316 315 317 318 319 317 314 313 313 313 314 314 312 311 311 308 306 303 303 307 310 312 315 313 312 313 313 311 307 305 310 320 324 315 307 301 297 296 295 296 301 299 296 293 291 292 299 310 301 290 290
330 330 331 331 332 332 332 333 333 333 333 333 334 334 333 333 333 333 333 334 334 335 335 336 336 337 337 338 336 335 336 336 331 327 326 323 321 322 324 325 326 325 323 320 317 319 321 320 318 317 314 313 313 313 314 315 313 312 313 310 306 302 301 306 312 315 316 313 310 309 308 306 304 306 313 322 325 316 309 302 297 297 296 297 300 302 302 297 292 292 298 308 299 290 289
331 331 331 331 332 332 333 333 333 333 333 334 334 334 334 334 334 334 334 335 335 336 337 338 338 340 341 341 335 332 333 332 328 326 325 324 323 322 322 324 325 324 324 322 320 322 323 319 318 316 313 313 313 313 315 316 315 314 314 311 305 301 303 307 311 313 311 307 302 298 299 301 304 308 315 322 320 313 309 305 300 299 299 298 299 302 303 298 292 291 297 307 298 291 289
331 331 331 332 332 333 333 333 333 333 334 334 334 334 335 335 335 335 335 335 336 336 338 339 341 344 347 345 337 333 332 329 327 327 327 328 327 324 322 323 325 325 324 321 320 323 323 319 318 316 315 313 311 311 313 317 318 316 313 309 305 305 307 310 313 313 310 306 298 293 296 302 306 310 317 323 313 309 310 310 306 303 303 301 300 302 305 301 294 293 301 312 301 293 291
332 332 332 332 333 333 334 334 334 334 335 335 335 335 335 335 335 336 336 336 337 337 338 340 343 347 351 348 341 338 335 330 325 324 325 328 329 324 323 325 326 325 323 320 321 326 325 322 320 320 319 315 312 311 314 320 323 318 313 312 309 307 308 310 313 313 312 310 302 298 300 304 308 311 321 327 311 304 310 314 310 306 305 304 301 302 307 304 295 294 303 315 305 295 292
332 332 333 333 333 334 334 334 334 335 336 335 335 335 335 335 336 336 337 337 338 338 339 341 344 349 352 348 345 345 342 334 328 325 323 325 326 323 322 326 327 324 323 323 325 330 330 326 323 322 323 319 317 315 317 325 331 323 317 315 310 306 306 307 307 307 310 311 305 301 301 304 308 313 323 329 312 302 308 314 312 308 307 304 301 299 302 300 292 292 301 312 309 299 294
333 333 333 333 334 334 334 334 335 336 336 336 336 336 336 336 336 337 337 338 338 339 340 342 345 350 350 346 347 351 349 342 336 331 328 329 329 326 324 329 330 327 327 327 328 332 332 329 325 325 327 324 321 318 320 331 336 324 315 312 310 308 307 308 307 306 311 311 306 303 302 305 311 315 323 325 312 299 300 308 312 312 308 303 297 292 292 293 289 288 294 305 309 303 298
333 333 334 334 334 334 334 335 336 336 336 337 337 337 337 337 337 337 338 338 338 339 341 342 345 347 346 343 346 351 350 347 344 337 334 337 337 331 328 332 333 332 333 332 332 335 333 331 328 329 332 328 324 321 323 334 337 322 311 307 307 307 307 307 305 305 311 311 303 302 303 305 310 314 322 323 312 299 294 299 309 314 308 300 293 290 291 292 291 287 288 295 304 304 299
334 334 334 335 335 334 335 336 336 337 337 337 337 337 337 337 337 338 338 338 339 340 341 342 344 344 342 341 345 348 347 346 343 337 336 341 341 334 329 332 333 333 336 334 335 336 333 329 326 328 332 328 324 321 323 335 333 317 307 302 302 304 302 297 297 303 311 308 298 297 299 300 301 309 321 322 316 304 294 296 306 314 310 301 297 296 297 296 292 287 283 284 291 297 296
334 334 335 335 335 335 336 337 337 337 338 338 338 337 337 337 337 338 338 338 339 340 341 342 343 342 341 342 347 350 347 340 336 333 334 342 341 332 329 331 332 332 333 332 333 334 328 323 320 319 321 320 319 316 318 332 327 313 304 298 298 304 303 295 294 303 312 308 296 293 296 297 300 310 321 323 319 309 298 296 304 313 311 304 300 298 296 291 286 282 278 276 278 285 291
335 335 336 336 335 336 337 337 337 338 338 338 338 338 338 338 338 338 338 338 338 339 341 342 341 341 342 344 349 351 346 339 335 330 331 339 338 328 326 329 330 330 331 328 328 328 322 317 315 313 312 312 312 311 314 325 323 312 303 296 296 305 312 302 297 303 313 311 298 293 297 304 308 315 323 324 322 313 302 296 300 309 307 304 300 296 292 287 283 279 277 275 274 280 288
336 336 336 336 335 336 338 338 338 338 338 338 338 339 339 339 339 339 339 338 338 339 340 340 341 341 341 344 347 345 340 336 335 332 329 334 334 327 326 329 329 330 330 326 325 322 316 314 313 311 309 309 308 307 309 315 316 310 302 296 297 309 322 312 300 302 310 311 301 296 303 310 312 318 324 325 323 317 306 298 297 301 301 302 304 300 294 291 288 283 279 278 279 283 291
336 337 338 336 336 337 338 339 339 338 338 338 338 339 339 339 339 339 339 339 338 338 339 338 339 340 342 343 343 339 334 332 334 332 330 333 335 330 329 332 331 330 327 323 319 314 312 310 309 308 307 306 305 305 305 307 308 306 300 294 297 311 326 318 302 299 304 308 304 302 307 312 312 317 322 322 321 316 307 298 295 297 298 299 304 305 297 294 294 288 284 285 287 289 294
337 337 338 337 337 339 339 340 339 339 339 339 339 339 339 339 339 339 338 338 338 338 338 337 337 338 341 343 343 337 331 330 332 330 330 335 338 334 331 332 331 329 324 321 316 312 313 313 311 311 309 308 308 308 308 308 306 304 299 292 293 306 323 320 306 299 301 306 307 306 307 307 306 311 315 318 317 310 302 296 294 294 293 291 296 305 301 297 298 296 293 291 290 289 292
338 338 337 337 339 340 340 340 340 340 339 339 339 339 339 339 339 338 338 338 338 337 337 337 337 338 340 343 344 336 330 330 329 327 327 333 340 340 335 331 329 327 323 322 318 316 318 317 314 313 312 312 313 314 313 312 310 307 303 295 293 302 317 319 311 301 299 303 306 307 304 297 296 304 312 316 317 309 300 298 296 291 286 282 286 300 307 302 300 302 299 294 290 287 292
339 339 338 338 339 340 340 340 340 340 339 339 339 339 339 339 339 338 338 338 337 337 337 337 337 338 339 343 342 334 331 329 326 324 324 330 341 346 339 333 331 328 325 324 320 319 321 320 319 317 315 316 318 316 314 314 314 311 308 302 299 303 313 319 314 302 296 298 303 305 300 295 299 308 315 315 317 318 306 301 302 297 288 283 285 296 311 310 302 302 301 295 290 291 295
339 339 339 339 340 340 341 340 340 339 339 340 340 339 339 338 338 338 338 337 337 337 337 336 336 337 339 341 336 330 328 327 325 325 325 332 350 352 340 336 333 330 328 326 324 323 325 326 327 323 320 322 324 320 316 318 321 319 316 312 309 310 315 320 318 304 294 294 298 302 303 305 309 314 319 313 316 326 314 303 306 305 296 290 288 294 309 316 307 303 302 296 292 292 293
340 340 340 340 341 341 341 340 339 339 339 340 340 339 338 338 338 338 337 337 337 336 336 336 335 336 336 335 331 326 324 324 325 326 327 339 355 349 342 338 334 330 328 328 327 327 327 328 329 325 322 324 329 328 324 325 328 327 323 319 318 317 316 318 318 306 294 292 295 301 307 310 312 317 318 310 317 333 324 307 308 309 301 293 289 291 303 315 312 305 302 297 292 290 288
341 342 341 341 341 341 341 340 339 339 340 339 339 339 338 338 338 337 337 336 336 336 336 335 335 335 334 331 328 324 321 322 323 324 329 343 348 343 341 340 337 332 329 330 329 328 329 331 331 328 322 323 328 329 327 327 330 329 323 318 317 316 312 310 315 308 296 294 299 305 308 308 306 314 314 310 320 340 332 313 309 310 304 297 291 292 302 313 313 306 303 295 288 285 286
343 343 342 341 341 340 340 339 339 339 339 339 338 338 338 338 338 337 337 336 335 335 335 334 334 333 332 330 329 326 322 322 324 325 334 343 343 339 337 337 337 335 335 334 332 331 332 334 335 331 324 322 326 327 323 321 323 323 316 309 308 311 309 308 312 309 300 299 305 309 310 305 305 315 314 311 324 344 337 317 309 308 303 299 297 300 306 312 310 306 303 292 282 280 286
