windninja/windninja_output/Output_2025-08-24_1700-1750_Google earth_Fire_150m_10min/merlingen_7.5mi_point_08-24-2025_1730_150m_vel.asc
ncols	158
nrows	163
xllcorner	391686.332397
yllcorner	5160024.123721
cellsize	150.000000
NODATA_value	-32768.000000
[rows 0 to 37 of 163, columns 0 to 83 of 158]
1.34 1.36 1.38 1.35 1.38 1.42 1.35 1.30 1.37 1.37 1.32 1.23 1.25 1.47 1.62 1.60 1.51 1.41 1.44 1.55 1.41 1.18 1.25 1.39 1.44 1.40 1.30 1.28 1.37 1.37 1.34 1.35 1.36 1.33 1.35 1.44 1.38 1.34 1.39 1.34 1.33 1.38 1.37 1.40 1.45 1.44 1.48 1.49 1.51 1.55 1.56 1.58 1.62 1.61 1.55 1.50 1.47 1.49 1.55 1.58 1.54 1.51 1.50 1.50 1.50 1.49 1.53 1.60 1.68 1.71 1.68 1.62 1.57 1.57 1.64 1.66 1.62 1.63 1.68 1.69 1.64 1.57 1.61 1.66
1.28 1.35 1.38 1.35 1.39 1.41 1.30 1.28 1.38 1.37 1.29 1.12 1.05 1.28 1.53 1.64 1.60 1.48 1.55 1.64 1.40 1.14 1.18 1.36 1.47 1.42 1.29 1.28 1.36 1.35 1.33 1.35 1.36 1.35 1.38 1.46 1.41 1.38 1.41 1.35 1.36 1.40 1.40 1.47 1.53 1.51 1.56 1.58 1.55 1.55 1.54 1.55 1.56 1.52 1.46 1.44 1.46 1.52 1.59 1.58 1.52 1.50 1.51 1.53 1.51 1.50 1.55 1.65 1.73 1.72 1.65 1.57 1.56 1.62 1.68 1.65 1.58 1.66 1.75 1.69 1.57 1.54 1.61 1.64
1.21 1.33 1.38 1.34 1.40 1.33 1.22 1.29 1.40 1.38 1.23 0.93 0.81 1.05 1.43 1.74 1.77 1.65 1.71 1.69 1.39 1.14 1.13 1.27 1.45 1.44 1.33 1.29 1.31 1.31 1.34 1.37 1.37 1.40 1.45 1.48 1.47 1.46 1.45 1.39 1.42 1.45 1.49 1.62 1.65 1.62 1.67 1.67 1.58 1.52 1.54 1.53 1.48 1.45 1.42 1.45 1.51 1.57 1.61 1.59 1.53 1.51 1.53 1.56 1.53 1.51 1.59 1.72 1.82 1.75 1.59 1.53 1.60 1.69 1.70 1.60 1.57 1.75 1.83 1.65 1.45 1.51 1.62 1.59
1.19 1.31 1.35 1.33 1.36 1.25 1.21 1.38 1.47 1.39 1.14 0.78 0.74 1.00 1.37 1.83 1.89 1.77 1.75 1.63 1.40 1.24 1.13 1.12 1.35 1.45 1.38 1.33 1.27 1.28 1.36 1.40 1.43 1.49 1.50 1.50 1.50 1.50 1.48 1.48 1.51 1.52 1.62 1.74 1.73 1.71 1.71 1.65 1.55 1.54 1.55 1.47 1.43 1.47 1.49 1.51 1.55 1.57 1.58 1.59 1.57 1.53 1.53 1.55 1.52 1.52 1.60 1.75 1.86 1.73 1.54 1.54 1.64 1.67 1.63 1.57 1.62 1.79 1.79 1.56 1.36 1.50 1.64 1.57
1.18 1.27 1.33 1.32 1.33 1.27 1.31 1.49 1.50 1.30 0.97 0.70 0.72 1.00 1.46 1.89 1.95 1.82 1.68 1.60 1.48 1.38 1.19 1.08 1.30 1.42 1.40 1.35 1.28 1.31 1.38 1.44 1.53 1.58 1.53 1.50 1.51 1.55 1.60 1.62 1.61 1.63 1.75 1.80 1.75 1.71 1.66 1.58 1.55 1.54 1.45 1.37 1.40 1.48 1.50 1.51 1.54 1.56 1.58 1.60 1.58 1.52 1.50 1.53 1.53 1.54 1.60 1.76 1.85 1.67 1.51 1.56 1.64 1.63 1.57 1.56 1.64 1.74 1.72 1.51 1.33 1.46 1.66 1.65
1.20 1.25 1.30 1.32 1.35 1.35 1.41 1.51 1.40 1.11 0.87 0.73 0.72 1.03 1.57 1.85 1.92 1.81 1.63 1.59 1.59 1.53 1.30 1.14 1.27 1.38 1.37 1.34 1.31 1.33 1.37 1.48 1.63 1.63 1.53 1.52 1.60 1.68 1.74 1.72 1.68 1.71 1.78 1.75 1.67 1.64 1.58 1.52 1.50 1.44 1.34 1.33 1.39 1.45 1.48 1.51 1.56 1.60 1.61 1.59 1.57 1.52 1.50 1.53 1.55 1.55 1.60 1.76 1.82 1.61 1.50 1.59 1.68 1.63 1.54 1.58 1.68 1.74 1.62 1.40 1.34 1.50 1.70 1.73
1.23 1.26 1.29 1.32 1.38 1.40 1.45 1.44 1.23 0.99 0.88 0.80 0.77 1.07 1.61 1.80 1.81 1.78 1.67 1.62 1.66 1.67 1.45 1.21 1.25 1.30 1.29 1.33 1.34 1.33 1.38 1.56 1.68 1.61 1.57 1.64 1.74 1.78 1.76 1.71 1.67 1.68 1.69 1.64 1.57 1.56 1.52 1.47 1.45 1.37 1.29 1.34 1.40 1.42 1.48 1.55 1.61 1.63 1.62 1.61 1.61 1.55 1.52 1.53 1.56 1.57 1.61 1.76 1.79 1.59 1.53 1.69 1.78 1.64 1.55 1.62 1.73 1.73 1.46 1.27 1.47 1.69 1.75 1.75
1.25 1.28 1.30 1.33 1.38 1.40 1.41 1.33 1.13 0.99 0.94 0.87 0.86 1.12 1.58 1.76 1.69 1.72 1.72 1.65 1.71 1.77 1.58 1.33 1.24 1.20 1.25 1.36 1.34 1.30 1.44 1.62 1.64 1.58 1.66 1.76 1.77 1.72 1.67 1.62 1.60 1.59 1.58 1.55 1.52 1.52 1.48 1.45 1.41 1.31 1.27 1.37 1.40 1.39 1.52 1.63 1.65 1.67 1.67 1.69 1.66 1.55 1.50 1.52 1.55 1.57 1.63 1.76 1.76 1.60 1.60 1.79 1.78 1.60 1.53 1.58 1.69 1.61 1.27 1.24 1.68 1.86 1.76 1.75
1.25 1.28 1.32 1.32 1.34 1.35 1.33 1.25 1.13 1.05 1.02 0.97 0.95 1.12 1.52 1.71 1.65 1.69 1.71 1.68 1.76 1.81 1.69 1.48 1.27 1.16 1.25 1.36 1.28 1.28 1.51 1.63 1.57 1.60 1.74 1.79 1.69 1.60 1.57 1.54 1.52 1.52 1.52 1.51 1.53 1.50 1.44 1.44 1.39 1.26 1.29 1.39 1.33 1.36 1.60 1.72 1.71 1.73 1.73 1.67 1.57 1.45 1.41 1.43 1.48 1.59 1.70 1.78 1.73 1.60 1.63 1.73 1.66 1.53 1.48 1.51 1.61 1.47 1.20 1.35 1.83 1.98 1.84 1.83
1.24 1.28 1.33 1.32 1.29 1.29 1.28 1.24 1.19 1.12 1.10 1.05 1.00 1.11 1.42 1.64 1.66 1.69 1.67 1.71 1.81 1.83 1.78 1.58 1.34 1.20 1.21 1.29 1.25 1.31 1.58 1.61 1.51 1.62 1.76 1.74 1.61 1.52 1.50 1.51 1.52 1.53 1.54 1.52 1.52 1.48 1.41 1.43 1.38 1.23 1.28 1.37 1.30 1.43 1.70 1.79 1.72 1.68 1.62 1.49 1.40 1.38 1.29 1.26 1.45 1.68 1.78 1.77 1.61 1.51 1.58 1.65 1.60 1.51 1.46 1.46 1.52 1.40 1.30 1.62 2.00 2.11 1.97 1.92
1.24 1.28 1.33 1.31 1.27 1.26 1.27 1.27 1.23 1.17 1.15 1.11 1.05 1.08 1.31 1.58 1.69 1.72 1.67 1.72 1.83 1.85 1.84 1.64 1.40 1.27 1.15 1.18 1.26 1.37 1.56 1.54 1.46 1.60 1.70 1.66 1.55 1.47 1.49 1.54 1.54 1.55 1.55 1.49 1.49 1.48 1.39 1.40 1.33 1.19 1.27 1.34 1.32 1.51 1.69 1.74 1.61 1.50 1.44 1.33 1.35 1.36 1.19 1.22 1.56 1.75 1.77 1.67 1.39 1.36 1.57 1.68 1.62 1.50 1.41 1.39 1.47 1.51 1.59 1.93 2.14 2.15 2.03 2.00
1.25 1.28 1.31 1.30 1.26 1.26 1.28 1.29 1.25 1.20 1.19 1.15 1.08 1.07 1.25 1.56 1.72 1.75 1.71 1.73 1.83 1.86 1.84 1.66 1.45 1.26 1.04 1.09 1.26 1.36 1.45 1.46 1.46 1.57 1.62 1.59 1.53 1.48 1.54 1.56 1.52 1.55 1.53 1.44 1.47 1.48 1.35 1.29 1.25 1.20 1.27 1.28 1.29 1.48 1.59 1.62 1.53 1.39 1.31 1.26 1.34 1.35 1.23 1.36 1.65 1.71 1.70 1.52 1.23 1.36 1.66 1.74 1.65 1.49 1.41 1.49 1.68 1.86 2.01 2.15 2.17 2.15 2.14 2.26
1.26 1.28 1.30 1.29 1.27 1.28 1.30 1.29 1.26 1.23 1.21 1.17 1.10 1.06 1.23 1.59 1.74 1.73 1.75 1.78 1.82 1.83 1.79 1.64 1.43 1.18 1.01 1.09 1.24 1.32 1.38 1.44 1.51 1.54 1.51 1.54 1.55 1.55 1.58 1.51 1.50 1.57 1.48 1.38 1.45 1.43 1.27 1.18 1.23 1.30 1.29 1.22 1.25 1.44 1.57 1.55 1.46 1.33 1.21 1.24 1.39 1.42 1.41 1.54 1.64 1.63 1.60 1.45 1.33 1.54 1.71 1.72 1.71 1.63 1.66 1.86 2.01 2.17 2.24 2.18 2.15 2.23 2.33 2.54
1.26 1.28 1.29 1.28 1.28 1.30 1.29 1.28 1.27 1.25 1.22 1.20 1.11 1.06 1.26 1.60 1.78 1.73 1.75 1.82 1.79 1.73 1.68 1.56 1.37 1.18 1.08 1.15 1.25 1.30 1.37 1.46 1.53 1.48 1.42 1.54 1.60 1.58 1.56 1.46 1.49 1.51 1.36 1.32 1.39 1.35 1.20 1.15 1.29 1.38 1.30 1.22 1.23 1.40 1.61 1.55 1.37 1.20 1.11 1.27 1.50 1.55 1.63 1.68 1.60 1.56 1.55 1.58 1.62 1.64 1.65 1.72 1.87 1.88 1.87 1.92 2.04 2.18 2.11 2.00 2.13 2.32 2.44 2.55
1.27 1.28 1.28 1.28 1.29 1.29 1.28 1.28 1.28 1.26 1.24 1.22 1.14 1.08 1.26 1.62 1.84 1.76 1.71 1.77 1.72 1.61 1.56 1.48 1.36 1.26 1.18 1.21 1.26 1.28 1.39 1.51 1.51 1.44 1.43 1.55 1.57 1.54 1.49 1.39 1.40 1.35 1.31 1.36 1.35 1.29 1.20 1.15 1.28 1.41 1.39 1.27 1.22 1.41 1.64 1.59 1.35 1.10 1.04 1.32 1.67 1.77 1.84 1.73 1.57 1.60 1.67 1.80 1.83 1.66 1.63 1.87 2.06 1.95 1.76 1.78 1.95 1.97 1.86 1.96 2.21 2.32 2.34 2.31
1.27 1.28 1.28 1.29 1.28 1.28 1.28 1.29 1.29 1.28 1.27 1.25 1.20 1.13 1.26 1.68 1.87 1.76 1.65 1.66 1.63 1.53 1.46 1.41 1.39 1.36 1.24 1.21 1.27 1.29 1.44 1.56 1.47 1.41 1.43 1.44 1.45 1.47 1.42 1.35 1.33 1.26 1.33 1.46 1.33 1.25 1.31 1.20 1.16 1.37 1.52 1.39 1.35 1.54 1.65 1.62 1.43 1.16 1.10 1.44 1.84 2.00 1.94 1.64 1.55 1.77 1.87 1.94 1.98 1.74 1.68 1.94 2.03 1.79 1.66 1.76 1.79 1.74 1.86 2.23 2.33 2.15 2.09 2.01
1.27 1.28 1.28 1.28 1.28 1.28 1.29 1.29 1.30 1.30 1.30 1.28 1.26 1.20 1.30 1.67 1.83 1.73 1.62 1.58 1.55 1.46 1.38 1.37 1.44 1.43 1.27 1.21 1.29 1.37 1.51 1.52 1.36 1.31 1.34 1.34 1.39 1.42 1.37 1.34 1.33 1.28 1.41 1.51 1.34 1.27 1.37 1.27 1.20 1.43 1.62 1.54 1.52 1.61 1.59 1.55 1.48 1.30 1.25 1.63 2.00 2.09 1.89 1.53 1.57 1.89 2.00 2.04 2.04 1.84 1.73 1.81 1.88 1.77 1.74 1.72 1.63 1.78 2.18 2.40 2.14 1.84 1.82 1.73
1.27 1.28 1.28 1.28 1.28 1.29 1.29 1.30 1.32 1.32 1.32 1.31 1.30 1.28 1.35 1.60 1.76 1.70 1.60 1.53 1.47 1.39 1.33 1.37 1.46 1.43 1.31 1.26 1.32 1.41 1.46 1.36 1.22 1.23 1.30 1.38 1.42 1.39 1.34 1.37 1.39 1.39 1.45 1.45 1.37 1.36 1.37 1.34 1.44 1.62 1.66 1.60 1.57 1.54 1.48 1.48 1.55 1.50 1.48 1.75 2.04 2.07 1.80 1.54 1.66 1.95 2.13 2.12 1.95 1.80 1.80 1.79 1.88 1.89 1.74 1.66 1.71 1.98 2.26 2.09 1.72 1.63 1.59 1.48
1.27 1.27 1.28 1.28 1.29 1.29 1.30 1.32 1.33 1.33 1.33 1.33 1.33 1.34 1.39 1.53 1.67 1.64 1.55 1.49 1.43 1.36 1.34 1.39 1.43 1.41 1.36 1.32 1.31 1.35 1.34 1.22 1.15 1.19 1.32 1.45 1.48 1.41 1.35 1.41 1.43 1.40 1.44 1.41 1.39 1.44 1.46 1.48 1.57 1.66 1.63 1.57 1.51 1.47 1.46 1.53 1.63 1.63 1.64 1.79 2.00 1.98 1.73 1.63 1.77 2.00 2.18 2.05 1.82 1.89 1.98 1.87 1.90 1.87 1.64 1.60 1.67 1.78 1.89 1.70 1.56 1.57 1.46 1.34
1.27 1.27 1.28 1.28 1.29 1.30 1.31 1.34 1.34 1.32 1.33 1.36 1.36 1.37 1.41 1.49 1.57 1.55 1.49 1.47 1.42 1.38 1.36 1.38 1.41 1.40 1.38 1.34 1.29 1.27 1.22 1.13 1.12 1.21 1.36 1.49 1.55 1.47 1.38 1.44 1.45 1.41 1.45 1.41 1.43 1.55 1.63 1.56 1.51 1.62 1.63 1.56 1.51 1.49 1.56 1.63 1.64 1.68 1.72 1.78 1.86 1.85 1.73 1.70 1.83 2.00 2.10 2.01 2.00 2.19 2.12 1.85 1.78 1.75 1.63 1.52 1.41 1.47 1.62 1.64 1.61 1.61 1.51 1.38
1.27 1.28 1.28 1.28 1.29 1.31 1.33 1.35 1.35 1.32 1.34 1.39 1.39 1.38 1.42 1.46 1.49 1.47 1.46 1.46 1.43 1.39 1.37 1.38 1.40 1.39 1.37 1.32 1.27 1.22 1.14 1.06 1.11 1.26 1.42 1.55 1.64 1.57 1.43 1.45 1.44 1.41 1.42 1.44 1.55 1.66 1.65 1.52 1.47 1.60 1.66 1.62 1.58 1.57 1.61 1.61 1.61 1.68 1.73 1.73 1.71 1.81 1.85 1.80 1.90 2.05 2.11 2.18 2.33 2.30 1.94 1.60 1.58 1.66 1.60 1.38 1.25 1.37 1.58 1.70 1.74 1.71 1.60 1.44
1.28 1.28 1.27 1.28 1.30 1.31 1.33 1.35 1.35 1.33 1.35 1.40 1.40 1.39 1.42 1.43 1.43 1.44 1.46 1.46 1.43 1.39 1.38 1.38 1.37 1.36 1.34 1.30 1.26 1.20 1.10 1.01 1.12 1.39 1.53 1.60 1.69 1.59 1.42 1.40 1.38 1.37 1.43 1.53 1.64 1.65 1.61 1.57 1.54 1.61 1.69 1.69 1.64 1.59 1.56 1.57 1.62 1.66 1.67 1.66 1.64 1.83 1.98 1.91 2.02 2.21 2.28 2.40 2.39 2.02 1.55 1.36 1.46 1.65 1.57 1.32 1.24 1.38 1.58 1.77 1.82 1.67 1.58 1.49
1.28 1.28 1.27 1.29 1.31 1.32 1.33 1.35 1.36 1.36 1.37 1.39 1.41 1.41 1.41 1.42 1.41 1.44 1.46 1.45 1.42 1.39 1.38 1.36 1.33 1.33 1.32 1.28 1.25 1.20 1.10 1.02 1.23 1.52 1.58 1.60 1.64 1.53 1.40 1.35 1.34 1.38 1.49 1.58 1.65 1.68 1.69 1.66 1.60 1.59 1.69 1.70 1.63 1.60 1.59 1.60 1.64 1.65 1.57 1.59 1.65 1.89 2.10 2.11 2.32 2.47 2.44 2.40 2.10 1.61 1.31 1.28 1.49 1.73 1.65 1.38 1.25 1.38 1.61 1.77 1.76 1.60 1.62 1.56
1.28 1.27 1.28 1.30 1.31 1.32 1.33 1.34 1.37 1.39 1.39 1.38 1.41 1.42 1.41 1.41 1.41 1.43 1.46 1.44 1.40 1.39 1.37 1.33 1.30 1.30 1.28 1.25 1.26 1.24 1.15 1.11 1.31 1.50 1.53 1.57 1.55 1.48 1.43 1.38 1.36 1.43 1.50 1.58 1.76 1.82 1.71 1.64 1.59 1.57 1.68 1.68 1.63 1.67 1.66 1.61 1.64 1.62 1.48 1.51 1.69 1.96 2.27 2.52 2.65 2.51 2.28 2.02 1.61 1.30 1.20 1.29 1.64 1.90 1.72 1.34 1.20 1.40 1.58 1.63 1.64 1.60 1.64 1.60
1.28 1.28 1.29 1.31 1.32 1.32 1.32 1.35 1.40 1.42 1.40 1.38 1.40 1.43 1.42 1.41 1.41 1.43 1.45 1.42 1.40 1.39 1.36 1.30 1.27 1.25 1.21 1.22 1.32 1.33 1.22 1.20 1.30 1.42 1.49 1.53 1.51 1.49 1.50 1.45 1.41 1.44 1.50 1.71 1.95 1.80 1.57 1.59 1.59 1.58 1.66 1.68 1.71 1.75 1.70 1.62 1.62 1.56 1.41 1.43 1.67 2.10 2.60 2.84 2.59 2.14 1.79 1.45 1.20 1.14 1.19 1.48 1.96 2.03 1.56 1.14 1.14 1.38 1.48 1.49 1.59 1.67 1.64 1.60
1.29 1.28 1.29 1.31 1.32 1.32 1.32 1.37 1.42 1.43 1.41 1.39 1.40 1.43 1.42 1.41 1.43 1.44 1.44 1.41 1.39 1.38 1.33 1.28 1.23 1.16 1.12 1.23 1.43 1.42 1.27 1.26 1.32 1.36 1.45 1.47 1.47 1.57 1.60 1.51 1.46 1.49 1.60 1.89 1.93 1.60 1.49 1.60 1.61 1.63 1.66 1.71 1.76 1.77 1.74 1.66 1.55 1.42 1.34 1.41 1.79 2.52 3.00 2.81 2.24 1.78 1.42 1.10 1.03 1.16 1.44 1.94 2.20 1.89 1.32 0.98 1.15 1.42 1.47 1.50 1.68 1.75 1.63 1.62
1.29 1.29 1.29 1.31 1.33 1.32 1.33 1.39 1.44 1.42 1.41 1.41 1.43 1.42 1.41 1.43 1.44 1.44 1.43 1.41 1.38 1.36 1.31 1.25 1.18 1.06 1.03 1.28 1.51 1.46 1.33 1.34 1.37 1.35 1.38 1.37 1.42 1.67 1.74 1.59 1.53 1.60 1.75 1.91 1.79 1.48 1.51 1.64 1.69 1.68 1.64 1.72 1.79 1.85 1.88 1.66 1.35 1.27 1.38 1.63 2.28 3.03 3.03 2.39 1.81 1.44 1.13 0.91 0.98 1.36 1.95 2.30 2.13 1.66 1.14 0.91 1.17 1.54 1.58 1.62 1.76 1.74 1.61 1.70
1.28 1.29 1.31 1.32 1.33 1.33 1.36 1.42 1.44 1.42 1.41 1.43 1.44 1.42 1.42 1.44 1.45 1.44 1.42 1.41 1.38 1.35 1.30 1.23 1.13 0.97 0.96 1.30 1.53 1.47 1.42 1.45 1.43 1.36 1.33 1.28 1.38 1.73 1.88 1.69 1.57 1.73 1.83 1.84 1.72 1.52 1.54 1.66 1.76 1.71 1.62 1.75 1.88 2.00 1.97 1.49 1.12 1.28 1.69 2.13 2.76 3.08 2.59 1.85 1.43 1.20 0.94 0.83 1.09 1.70 2.31 2.31 1.89 1.44 1.02 0.87 1.20 1.70 1.76 1.69 1.70 1.65 1.63 1.80
1.28 1.30 1.31 1.32 1.34 1.35 1.38 1.43 1.43 1.41 1.43 1.44 1.45 1.44 1.44 1.46 1.46 1.43 1.41 1.41 1.39 1.36 1.29 1.21 1.10 0.93 0.98 1.32 1.48 1.41 1.48 1.58 1.49 1.42 1.39 1.32 1.41 1.75 2.01 1.82 1.69 1.87 1.86 1.82 1.73 1.55 1.54 1.64 1.81 1.80 1.68 1.81 1.98 2.07 1.88 1.30 1.09 1.48 2.05 2.53 2.89 2.76 2.13 1.50 1.23 1.10 0.87 0.90 1.44 2.10 2.44 2.19 1.70 1.26 0.91 0.86 1.18 1.73 1.81 1.67 1.65 1.60 1.64 1.84
1.28 1.30 1.31 1.33 1.36 1.37 1.40 1.43 1.42 1.42 1.43 1.46 1.47 1.47 1.47 1.46 1.46 1.44 1.42 1.42 1.40 1.36 1.29 1.20 1.08 0.97 1.08 1.33 1.36 1.31 1.49 1.67 1.60 1.60 1.65 1.53 1.52 1.84 2.14 1.98 1.90 1.97 1.85 1.83 1.71 1.53 1.56 1.68 1.94 1.96 1.76 1.85 1.99 2.00 1.76 1.27 1.17 1.59 2.21 2.72 2.78 2.27 1.67 1.27 1.11 1.04 0.90 1.09 1.82 2.38 2.42 1.96 1.43 1.10 0.90 0.98 1.29 1.64 1.80 1.77 1.65 1.52 1.56 1.71
1.30 1.31 1.31 1.33 1.38 1.41 1.41 1.42 1.43 1.43 1.44 1.47 1.49 1.49 1.50 1.47 1.46 1.45 1.43 1.42 1.39 1.35 1.29 1.21 1.11 1.07 1.16 1.26 1.22 1.18 1.40 1.69 1.81 1.97 1.97 1.66 1.59 1.94 2.23 2.09 1.98 1.92 1.75 1.75 1.63 1.51 1.64 1.88 2.07 1.92 1.71 1.79 1.85 1.85 1.63 1.15 1.12 1.64 2.29 2.75 2.47 1.72 1.28 1.12 1.11 1.10 1.03 1.27 2.02 2.48 2.19 1.56 1.22 1.11 1.07 1.20 1.32 1.49 1.80 1.93 1.70 1.46 1.44 1.60
1.33 1.31 1.30 1.33 1.42 1.45 1.41 1.42 1.44 1.45 1.46 1.49 1.50 1.51 1.52 1.50 1.47 1.46 1.44 1.41 1.39 1.36 1.30 1.23 1.18 1.16 1.18 1.17 1.08 1.07 1.35 1.75 2.05 2.27 2.06 1.55 1.55 2.05 2.27 2.04 1.87 1.71 1.56 1.59 1.53 1.48 1.71 1.93 1.89 1.67 1.59 1.63 1.62 1.70 1.52 1.03 1.17 1.76 2.35 2.69 2.22 1.37 1.01 1.06 1.26 1.28 1.19 1.39 2.10 2.42 1.86 1.36 1.36 1.38 1.28 1.27 1.26 1.42 1.81 2.01 1.76 1.41 1.39 1.57
1.34 1.32 1.29 1.35 1.47 1.47 1.40 1.42 1.46 1.47 1.47 1.50 1.53 1.53 1.53 1.51 1.48 1.47 1.44 1.41 1.41 1.38 1.31 1.26 1.26 1.21 1.19 1.13 1.00 1.09 1.52 1.95 2.16 2.32 2.06 1.47 1.56 2.10 2.13 1.80 1.66 1.51 1.42 1.50 1.47 1.48 1.71 1.79 1.61 1.54 1.56 1.54 1.53 1.60 1.46 1.15 1.35 1.86 2.33 2.52 1.99 1.19 0.86 1.05 1.46 1.51 1.37 1.53 2.09 2.29 1.76 1.53 1.70 1.59 1.35 1.26 1.28 1.45 1.78 2.01 1.69 1.29 1.36 1.55
1.33 1.32 1.31 1.39 1.50 1.46 1.41 1.44 1.48 1.49 1.48 1.52 1.54 1.54 1.55 1.52 1.49 1.49 1.46 1.43 1.44 1.40 1.32 1.31 1.32 1.27 1.22 1.11 1.03 1.23 1.67 2.01 2.06 2.22 2.19 1.63 1.61 1.99 1.89 1.59 1.54 1.42 1.37 1.45 1.41 1.49 1.65 1.58 1.46 1.52 1.55 1.51 1.50 1.49 1.44 1.37 1.52 1.87 2.20 2.31 1.91 1.20 0.86 1.07 1.58 1.69 1.54 1.61 1.98 2.25 1.99 1.84 1.82 1.54 1.31 1.29 1.37 1.53 1.77 1.87 1.54 1.25 1.40 1.59
1.32 1.32 1.34 1.45 1.51 1.46 1.42 1.45 1.50 1.51 1.51 1.54 1.55 1.56 1.55 1.53 1.51 1.51 1.48 1.46 1.45 1.42 1.37 1.36 1.37 1.30 1.20 1.10 1.07 1.26 1.67 1.93 1.97 2.17 2.33 1.90 1.60 1.76 1.69 1.48 1.45 1.34 1.31 1.35 1.37 1.51 1.53 1.43 1.46 1.52 1.51 1.49 1.47 1.43 1.45 1.53 1.66 1.81 1.99 2.20 1.97 1.31 0.93 1.08 1.58 1.77 1.70 1.69 2.03 2.38 2.16 1.85 1.66 1.38 1.25 1.30 1.39 1.53 1.64 1.61 1.44 1.35 1.48 1.66
1.31 1.32 1.38 1.49 1.52 1.47 1.43 1.46 1.52 1.54 1.54 1.55 1.56 1.56 1.55 1.54 1.53 1.53 1.50 1.48 1.47 1.45 1.42 1.40 1.37 1.29 1.18 1.11 1.07 1.28 1.70 1.90 2.03 2.28 2.37 1.94 1.47 1.47 1.49 1.35 1.29 1.25 1.27 1.30 1.41 1.55 1.45 1.41 1.51 1.51 1.48 1.48 1.47 1.45 1.53 1.65 1.72 1.73 1.82 2.11 2.03 1.41 1.00 1.11 1.50 1.79 1.86 1.94 2.30 2.42 1.93 1.58 1.44 1.24 1.23 1.29 1.30 1.34 1.36 1.38 1.42 1.40 1.47 1.60
1.33 1.35 1.43 1.52 1.52 1.47 1.46 1.49 1.54 1.56 1.56 1.56 1.57 1.57 1.56 1.56 1.55 1.54 1.52 1.50 1.49 1.47 1.45 1.42 1.37 1.30 1.21 1.10 1.09 1.45 1.85 1.99 2.16 2.30 2.22 1.80 1.36 1.23 1.28 1.25 1.19 1.22 1.30 1.33 1.48 1.58 1.45 1.46 1.52 1.47 1.50 1.52 1.52 1.57 1.66 1.70 1.68 1.69 1.75 1.99 2.05 1.55 1.13 1.19 1.41 1.74 2.04 2.26 2.37 2.03 1.45 1.33 1.37 1.31 1.33 1.28 1.18 1.14 1.24 1.39 1.39 1.31 1.36 1.51
1.36 1.39 1.47 1.52 1.51 1.49 1.50 1.52 1.54 1.59 1.59 1.57 1.57 1.58 1.59 1.58 1.56 1.55 1.53 1.52 1.51 1.49 1.47 1.44 1.40 1.33 1.24 1.12 1.25 1.78 1.99 2.02 2.10 2.08 2.00 1.66 1.22 1.08 1.19 1.23 1.21 1.28 1.36 1.43 1.58 1.60 1.49 1.48 1.46 1.48 1.60 1.60 1.57 1.65 1.71 1.68 1.64 1.67 1.73 1.90 2.00 1.68 1.34 1.27 1.32 1.65 2.20 2.45 2.12 1.49 1.18 1.34 1.58 1.57 1.35 1.20 1.15 1.11 1.27 1.46 1.32 1.20 1.27 1.45
