windninja/windninja_output/Output_2025-08-24_1700-1750_Google earth_Fire_150m_10min/merlingen_7.5mi_point_08-24-2025_1730_150m_ang.asc
ncols	158
nrows	163
xllcorner	391686.332397
yllcorner	5160024.123721
cellsize	150.000000
NODATA_value	-32768.000000
[rows 86 to 128 of 163, columns 0 to 95 of 158]
312 328 8 22 42 53 54 42 22 8 0 0 357 351 348 348 346 342 337 332 327 323 320 320 325 332 335 337 338 339 340 342 343 345 346 347 347 346 342 337 334 335 336 336 335 333 329 326 324 322 323 324 325 326 326 324 323 322 321 321 321 321 321 321 320 320 320 319 319 319 320 320 320 321 322 323 324 326 329 333 340 345 345 334 318 311 309 308 307 306 305 305 307 309 311 312
346 9 45 49 50 46 38 23 15 12 10 8 2 357 356 356 357 354 348 340 333 326 319 319 326 336 342 343 344 345 345 344 344 344 344 347 350 352 351 348 343 339 338 338 338 337 333 330 328 326 324 324 325 325 324 323 322 321 321 321 321 321 321 321 321 321 320 320 320 320 320 320 320 321 321 322 323 325 327 330 335 338 336 328 316 310 307 305 304 303 304 306 308 310 312 312
40 39 34 25 24 23 21 19 20 24 22 12 5 3 3 5 7 6 360 351 343 335 329 331 338 344 347 348 350 351 351 349 348 346 344 344 347 351 354 354 352 348 343 342 342 342 339 336 333 332 330 327 326 326 325 324 322 320 319 320 321 322 322 322 322 321 321 320 320 320 320 320 320 320 321 321 322 323 324 327 329 330 328 320 312 307 304 302 303 303 304 306 304 299 295 294
44 34 20 20 21 19 21 25 28 30 25 14 10 10 11 14 15 12 5 356 345 337 337 343 351 353 353 354 356 357 357 356 354 353 351 347 345 347 352 356 356 354 350 346 344 344 344 342 339 337 335 334 332 331 331 330 327 322 317 317 321 323 323 323 323 322 321 321 321 320 320 320 320 320 320 320 321 321 322 323 324 325 323 315 307 301 299 298 301 302 301 299 293 286 284 286
40 33 27 30 30 26 25 27 27 26 24 19 15 16 18 19 16 14 9 355 342 341 348 358 2 0 0 1 2 2 2 2 0 359 358 356 352 350 352 357 359 357 354 350 346 345 346 346 344 341 338 337 335 335 335 336 334 328 321 320 323 325 325 324 324 323 322 322 321 320 320 320 320 320 320 320 320 320 320 320 321 321 320 315 307 304 301 299 299 299 294 289 286 283 284 285
35 32 29 28 25 22 19 18 20 23 26 24 20 20 18 16 14 14 12 357 345 349 3 11 10 7 7 8 8 9 9 8 7 4 3 3 1 357 354 357 3 4 0 355 350 348 348 348 347 344 340 336 335 335 338 341 339 334 330 330 330 328 326 326 325 324 323 322 321 321 320 320 320 319 319 319 319 318 318 318 318 318 318 316 312 309 306 302 298 293 285 279 279 278 277 279
29 25 21 19 19 15 9 6 11 19 26 25 22 21 20 17 14 11 8 5 0 5 16 20 17 15 15 16 16 16 16 15 14 10 8 8 7 3 359 357 3 9 9 4 357 352 351 351 349 346 340 334 333 333 337 339 337 335 335 336 336 332 329 327 326 324 323 323 322 321 320 320 319 319 318 318 317 317 317 316 315 315 314 313 310 307 303 299 293 284 272 270 273 272 272 275
20 18 15 16 16 14 9 7 9 18 23 20 15 12 13 15 10 6 10 16 20 17 22 26 23 22 23 23 23 24 24 24 22 17 13 13 12 10 7 2 2 10 15 14 7 1 357 355 353 350 341 333 332 334 334 331 329 329 332 335 336 334 331 328 326 325 324 323 322 321 321 320 319 319 318 317 317 316 315 314 313 312 311 309 305 301 297 292 284 273 269 271 274 274 274 276
8 11 14 16 17 16 15 11 9 16 22 20 15 12 12 16 16 15 23 33 32 27 28 30 30 30 30 29 30 31 34 34 31 24 19 18 18 16 13 9 5 7 14 18 16 11 6 1 358 354 346 340 337 337 334 329 324 324 328 331 333 333 332 329 327 326 325 324 323 322 321 320 319 318 317 317 316 315 314 313 312 310 309 307 303 298 294 288 281 276 276 277 278 278 278 279
353 5 16 19 22 22 20 14 9 15 24 27 25 25 25 32 34 43 46 44 38 40 41 44 42 39 36 35 35 35 38 38 35 30 25 25 24 22 20 15 8 4 10 17 17 14 11 6 1 355 352 351 348 343 338 334 329 328 329 331 332 333 332 329 328 326 325 324 323 322 321 320 319 318 317 316 315 314 313 312 311 309 307 305 302 299 295 290 286 284 283 282 282 282 282 281
336 359 17 21 27 29 27 22 19 28 46 48 47 47 52 60 61 66 61 44 46 54 58 62 58 49 43 41 39 37 39 40 40 39 36 34 33 31 27 22 14 5 6 13 15 14 12 8 3 359 359 2 360 351 345 339 334 331 330 331 332 333 332 329 328 327 325 324 324 323 321 320 319 318 317 316 315 313 312 311 310 308 306 304 302 299 296 293 291 288 287 286 285 285 284 283
326 350 18 27 36 40 38 37 39 48 61 65 66 61 65 68 72 73 62 48 51 60 68 75 70 55 46 45 45 46 50 52 52 50 48 46 45 42 36 30 21 10 6 10 13 13 12 11 8 9 12 12 7 359 352 346 340 335 332 330 330 331 330 329 328 327 326 325 324 323 321 320 319 318 316 315 314 313 312 310 309 307 306 304 302 299 297 295 293 291 290 288 287 286 285 284
314 338 30 45 54 54 51 51 53 56 64 76 85 85 83 83 81 76 64 55 54 59 67 70 58 43 45 49 53 58 63 64 62 60 58 57 57 56 49 40 30 19 9 11 16 17 18 19 21 21 19 16 12 5 358 353 349 343 337 334 332 329 328 326 326 326 325 325 324 323 322 320 319 318 316 315 314 312 311 310 308 307 305 303 301 300 298 296 294 292 291 290 289 288 287 286
302 333 61 70 74 74 74 71 69 68 71 77 81 86 88 86 82 75 67 59 54 58 62 60 46 41 49 56 61 65 68 70 71 69 66 64 64 64 62 55 42 28 15 13 20 22 22 24 25 24 21 17 14 10 4 359 356 351 345 340 338 335 330 327 323 323 324 324 324 324 322 320 319 317 316 315 313 312 311 309 308 306 305 303 301 300 298 296 295 294 292 291 290 289 288 287
327 13 67 76 80 81 83 83 80 77 77 77 77 82 87 84 81 78 68 58 60 66 66 58 50 51 57 62 66 70 73 76 79 81 79 76 72 70 71 69 56 40 24 15 19 24 26 26 26 24 23 19 15 13 9 5 2 359 353 346 343 341 338 333 328 324 323 323 324 323 322 320 319 317 316 314 313 311 310 309 307 306 304 303 301 300 298 297 295 294 293 292 291 289 288 287
14 40 67 75 78 80 82 82 81 80 78 75 72 71 72 72 69 67 60 61 71 74 67 59 57 61 65 68 71 74 77 82 86 90 93 92 88 84 82 80 73 57 39 20 19 28 32 30 27 25 24 22 18 16 14 10 7 4 1 355 347 344 342 340 335 330 326 324 324 323 321 319 318 317 315 314 312 311 309 308 307 306 304 303 301 300 299 297 296 295 293 292 291 290 289 288
42 54 68 73 75 78 79 79 79 78 76 73 68 60 56 56 58 56 53 61 70 67 61 60 62 65 70 73 74 77 80 83 87 92 98 103 104 101 97 94 93 86 65 34 20 26 30 29 27 26 25 24 21 19 18 14 10 8 6 2 355 348 346 344 341 336 332 329 326 323 319 317 317 316 315 313 311 310 309 307 306 305 304 303 301 300 298 297 296 295 294 293 291 290 289 288
54 59 67 70 72 74 76 77 77 76 75 73 69 64 61 60 61 59 58 65 65 57 58 63 64 65 70 74 77 79 83 84 87 92 97 105 112 114 110 108 109 112 104 74 27 22 28 30 28 28 28 27 24 20 19 16 13 11 9 6 1 355 352 350 347 343 338 335 332 327 321 316 315 313 312 311 310 309 308 307 305 304 303 302 301 300 299 298 296 295 294 293 292 290 289 287
59 61 66 69 72 74 76 76 77 78 79 78 78 80 82 81 76 71 71 71 63 56 59 62 62 62 67 71 76 81 85 86 88 91 96 102 110 118 119 118 120 126 130 129 107 24 30 31 30 30 30 28 26 23 21 19 16 15 12 10 6 2 357 354 352 350 345 342 339 335 329 323 316 310 306 304 304 305 305 305 304 304 303 302 301 300 299 297 296 295 294 293 291 290 288 287
63 64 65 68 71 74 75 76 76 78 81 85 88 90 92 91 87 81 77 71 64 61 61 59 59 60 64 69 73 79 84 88 90 91 93 99 108 117 124 126 128 134 140 146 162 175 26 28 27 28 29 28 27 26 24 21 19 18 16 15 11 7 2 358 357 355 351 348 345 341 337 333 326 317 308 303 302 302 301 300 301 303 303 302 301 300 298 297 296 294 293 292 291 289 288 287
65 64 64 65 68 71 72 73 74 76 79 81 84 85 87 87 84 80 73 66 63 65 63 57 56 58 61 65 70 77 83 88 90 87 88 97 107 118 125 130 134 138 142 149 168 189 240 20 22 25 28 28 26 27 27 24 21 20 20 19 16 11 7 4 1 359 356 352 349 347 344 340 336 330 322 314 309 305 300 298 300 302 302 301 300 299 298 297 296 294 293 291 290 289 288 287
64 63 62 64 66 67 69 69 68 69 70 71 71 72 76 79 79 76 70 64 62 66 66 57 53 55 58 59 65 75 82 87 86 80 86 98 109 116 120 127 136 141 143 150 166 187 213 322 12 20 28 30 28 27 28 26 25 23 22 22 21 16 12 9 6 3 2 358 353 351 350 346 340 335 329 321 315 312 309 305 303 302 302 301 300 299 298 296 295 293 292 290 289 288 287 286
64 62 60 62 64 63 62 61 61 63 65 67 66 66 69 73 74 71 66 63 65 69 69 59 52 53 56 54 60 72 80 83 81 75 88 102 109 110 113 122 136 144 144 151 165 182 208 243 340 12 25 30 30 29 28 28 28 26 24 22 22 21 17 12 11 9 6 3 357 354 355 353 345 339 333 328 322 317 313 308 304 302 302 301 300 299 297 296 294 292 290 289 289 288 287 285
63 62 60 62 62 61 61 60 61 64 65 65 63 63 67 71 71 62 56 59 67 73 72 63 54 52 53 53 60 72 76 77 75 75 89 101 105 106 113 121 130 135 141 153 168 179 202 230 274 351 17 25 28 28 28 28 29 28 25 22 22 24 22 17 17 15 10 7 3 358 357 357 352 345 338 333 327 322 315 308 303 301 302 302 300 298 296 294 292 290 289 288 287 286 285 283
63 62 63 65 66 67 66 66 65 65 65 66 63 63 68 72 71 54 47 55 66 76 76 67 59 54 53 52 59 69 75 74 71 74 86 98 103 108 115 118 116 119 131 151 168 177 197 226 249 304 359 18 25 28 28 28 29 30 29 25 23 26 27 23 21 21 16 10 7 4 0 359 356 351 345 337 331 326 319 312 305 301 301 302 300 297 294 292 290 288 287 285 285 284 283 281
62 64 67 69 70 69 68 67 66 64 64 66 67 66 69 74 70 44 40 51 62 73 80 70 61 60 58 53 56 63 70 74 71 72 84 95 104 111 117 113 111 111 114 135 160 175 196 222 239 267 326 5 21 28 29 27 28 31 33 29 25 28 29 27 24 24 22 17 11 6 2 0 360 358 352 345 337 330 323 315 308 302 301 301 300 296 291 288 286 283 282 281 282 282 281 278
67 68 70 69 69 68 66 64 64 62 60 64 69 68 70 75 71 39 35 46 54 65 74 70 60 66 70 68 61 59 63 69 72 77 88 97 104 111 114 112 111 103 101 114 146 173 195 217 234 252 288 341 10 25 30 28 27 31 34 32 27 28 30 29 26 25 25 23 17 10 6 4 4 2 359 353 346 338 330 322 312 306 304 302 301 298 291 285 280 276 277 280 282 281 279 276
68 69 69 69 69 69 67 64 62 58 57 62 67 67 69 75 72 37 27 38 47 57 65 67 62 71 78 80 75 64 61 64 72 84 95 102 104 103 105 104 100 92 96 107 130 167 195 216 232 246 265 307 354 19 28 29 27 29 33 33 29 27 30 31 28 26 27 26 22 17 11 9 7 6 5 1 354 345 338 331 321 312 307 302 300 297 289 282 276 275 282 287 286 282 277 273
65 66 67 68 67 67 67 65 61 57 59 65 66 62 65 74 76 41 12 33 42 51 57 62 65 71 73 76 79 76 64 62 70 83 95 102 101 98 96 91 83 85 94 103 114 146 188 214 231 244 258 282 328 9 25 29 27 28 32 34 32 28 29 32 29 26 27 27 25 22 17 15 14 11 9 8 2 352 343 337 328 320 315 309 305 301 289 283 283 286 290 292 288 280 272 270
62 63 64 65 65 63 63 62 61 62 67 70 64 55 61 74 81 58 356 31 44 47 50 55 63 68 67 65 71 77 66 61 68 79 91 97 99 96 90 81 77 87 94 97 102 122 173 215 235 249 261 275 301 349 20 29 29 28 31 35 33 29 30 33 31 27 27 28 28 26 23 21 22 19 14 11 9 2 352 343 335 327 323 319 316 313 300 294 293 292 293 292 287 277 273 276
60 62 63 64 63 62 60 58 60 67 74 74 61 51 60 75 84 70 349 31 47 48 47 52 56 62 62 61 71 76 65 60 64 73 86 95 97 90 79 76 81 90 92 90 93 106 142 221 246 263 271 277 291 325 10 28 31 29 31 35 34 31 32 34 33 29 28 29 29 28 26 25 26 26 22 16 14 11 3 352 340 331 328 327 325 322 312 303 299 296 293 291 286 282 283 285
59 62 63 64 64 63 59 56 60 66 74 75 60 51 62 74 81 78 356 41 52 52 52 51 52 55 55 58 69 75 69 66 64 70 78 85 86 76 69 74 80 85 84 82 84 85 82 291 273 284 287 286 291 311 354 24 31 31 32 35 34 31 32 34 33 30 29 29 30 29 27 26 26 28 28 24 18 16 14 4 350 338 336 336 332 326 318 309 302 299 295 293 293 290 288 287
60 61 63 64 65 63 60 60 64 66 70 72 62 56 63 70 77 86 127 156 91 69 64 62 59 56 52 55 61 64 69 75 76 79 77 71 65 56 58 67 71 71 72 74 75 73 67 46 335 313 305 295 295 306 339 17 31 32 33 35 35 32 32 33 32 30 28 29 31 31 29 26 26 28 30 30 25 21 19 12 2 352 347 345 336 328 321 313 306 303 302 302 301 293 288 286
60 60 62 65 67 64 62 66 71 70 69 70 68 63 64 67 75 85 112 157 148 108 86 81 77 72 66 65 63 65 72 81 89 88 81 71 63 53 55 58 55 55 59 62 64 64 60 50 19 341 324 305 299 305 327 9 29 34 34 36 36 33 33 33 32 31 30 30 32 33 32 28 27 27 29 32 31 28 25 20 14 7 360 351 339 330 324 317 312 310 309 310 307 294 289 291
58 58 60 65 69 68 68 72 77 74 70 74 74 66 63 67 74 81 97 137 156 139 112 98 92 90 87 85 85 85 85 87 91 89 83 78 69 64 63 58 52 49 51 55 57 56 52 44 25 358 339 320 307 308 324 0 27 35 36 36 37 35 35 38 39 42 41 36 35 36 35 31 28 27 29 31 33 33 32 30 27 20 10 357 343 332 327 322 317 316 315 315 313 298 295 300
55 57 58 59 60 61 65 72 79 78 71 77 81 73 63 64 71 78 86 107 142 144 131 114 105 101 98 98 101 103 100 94 92 90 86 82 78 75 70 66 60 54 56 60 60 58 56 49 29 10 353 333 317 314 324 354 24 36 36 38 40 38 41 46 50 58 63 57 45 41 38 35 33 31 29 29 32 34 35 36 33 27 17 2 348 339 333 329 325 322 322 324 321 305 301 305
50 54 57 54 51 50 54 61 70 74 73 81 86 86 70 65 68 73 78 86 109 130 133 126 114 109 107 108 109 108 107 102 96 92 89 85 82 77 72 73 70 64 62 62 64 67 67 57 36 18 4 347 325 318 325 348 20 35 36 40 43 44 48 50 49 53 59 62 59 50 44 40 38 35 31 29 30 32 34 35 35 32 21 5 355 350 345 341 337 332 333 337 325 307 302 306
51 58 62 56 51 51 52 55 60 64 70 83 92 94 83 74 69 67 69 77 91 108 119 122 117 115 114 113 114 114 114 107 99 95 92 87 83 78 73 71 72 67 63 60 61 65 67 57 36 19 11 359 335 324 329 345 19 39 43 45 46 46 49 49 47 50 52 53 57 59 55 50 45 40 36 31 29 30 31 32 32 30 23 12 5 0 357 354 348 342 343 344 327 308 305 308
56 62 64 59 55 56 55 54 57 58 63 79 90 90 90 86 74 64 62 70 84 96 106 111 112 112 113 117 121 122 121 110 101 99 95 88 85 83 76 70 71 69 63 61 60 61 61 54 32 19 15 6 345 331 334 350 19 41 49 48 45 46 47 45 47 50 51 51 53 56 63 65 61 53 45 37 31 29 30 28 28 30 28 22 15 11 8 5 359 352 349 346 329 312 310 314
53 58 60 57 54 56 56 55 57 56 59 69 78 82 90 93 82 67 59 62 73 88 98 102 103 107 115 126 130 133 129 110 102 101 97 90 87 87 81 74 72 71 66 65 64 61 59 52 32 21 18 10 352 339 339 353 16 34 43 42 40 44 44 43 46 50 51 51 52 52 57 68 74 72 63 51 40 34 32 30 29 32 33 29 24 19 17 14 9 360 351 344 329 316 315 320
50 57 61 57 53 55 57 59 59 55 55 61 66 73 82 92 88 73 64 62 68 81 94 99 107 118 127 133 137 143 138 111 99 99 99 92 87 89 86 80 77 77 74 71 68 64 60 50 34 23 20 11 356 346 343 352 12 31 40 39 38 43 44 44 48 51 51 51 51 51 52 58 65 72 76 74 63 52 45 41 38 37 36 32 29 25 22 19 14 3 353 344 329 319 321 327
50 58 63 59 54 54 57 61 60 56 51 53 58 64 77 87 86 79 77 75 82 90 96 105 111 118 126 132 138 148 147 117 98 91 93 92 88 88 89 86 83 86 90 81 73 69 63 52 38 26 21 13 357 349 348 354 11 31 41 42 41 44 45 47 51 52 52 52 52 51 52 57 61 66 72 81 86 78 65 51 42 39 36 32 29 25 20 18 14 8 360 347 331 325 327 333
49 59 64 60 56 57 61 62 61 56 50 49 51 55 64 77 81 83 90 105 111 105 99 100 104 105 109 118 133 147 151 130 102 87 82 84 87 87 87 87 87 92 103 103 85 74 65 52 38 29 22 13 359 353 353 358 12 32 43 44 44 46 46 49 51 53 52 52 52 52 54 58 62 67 71 78 88 98 91 73 52 39 33 29 26 21 17 13 11 10 6 354 341 335 336 339
