windninja/windninja_output/Output_2025-08-24_1700-1750_Google earth_Fire_150m_10min/merlingen_7.5mi_point_08-24-2025_1710_150m_ang.asc
ncols	158
nrows	163
xllcorner	391686.332397
yllcorner	5160024.123721
cellsize	150.000000
NODATA_value	-32768.000000
[rows 92 to 137 of 163, columns 0 to 95 of 158]
80 77 71 69 69 70 69 63 57 61 69 69 63 62 63 64 66 68 77 91 103 115 94 64 47 55 69 75 77 79 81 82 84 85 86 84 83 84 87 87 79 72 72 75 77 78 76 74 74 75 77 78 76 67 48 39 43 40 35 27 13 2 0 0 358 355 351 347 343 340 336 333 330 327 324 322 320 318 317 316 314 313 312 311 309 306 303 299 293 284 272 271 274 273 273 276
82 80 76 73 73 73 70 62 52 57 62 60 54 52 53 60 67 75 86 90 86 64 51 47 46 59 70 75 78 80 81 83 87 89 89 87 87 87 88 90 85 76 72 74 77 78 79 78 78 78 81 87 88 77 64 57 58 54 46 37 24 11 6 4 1 358 354 350 346 342 338 334 331 327 324 322 319 317 315 313 312 311 309 307 304 300 297 292 284 274 269 272 274 274 275 277
83 82 80 80 82 82 79 72 64 66 66 61 54 50 51 61 69 77 84 79 61 41 36 41 49 64 73 77 78 78 80 84 89 93 93 91 90 90 91 91 90 82 75 73 72 74 77 79 80 80 84 90 90 79 73 75 74 67 55 45 34 20 13 9 6 2 358 353 349 344 340 336 332 328 325 322 319 317 314 312 310 308 306 304 301 297 293 287 280 276 276 276 277 277 278 278
82 81 81 84 86 84 81 80 87 88 81 73 67 65 68 76 77 81 79 67 49 43 42 50 60 71 76 77 77 76 79 86 91 94 95 94 93 93 93 94 95 93 84 75 71 71 75 79 82 85 88 86 80 75 76 76 77 71 61 51 42 28 20 16 11 7 1 357 352 347 342 338 334 329 326 322 319 316 313 311 309 307 304 302 299 297 293 288 284 282 281 281 280 280 280 279
84 83 84 85 83 78 74 77 88 96 94 84 76 73 79 84 84 85 77 52 43 48 53 65 75 80 80 79 78 80 85 87 88 90 93 95 96 96 96 97 100 103 97 87 80 77 77 80 85 87 85 77 71 71 74 77 78 76 69 59 49 36 29 23 18 11 5 1 356 351 345 340 335 331 327 323 319 316 313 310 308 305 303 301 298 295 293 290 287 285 284 283 282 282 281 281
88 87 86 84 79 74 70 70 77 85 88 82 78 78 82 85 88 86 71 47 42 51 63 77 87 89 84 81 82 86 89 87 85 87 90 95 97 99 100 101 103 107 107 99 93 88 85 86 87 85 79 74 72 72 75 77 79 79 75 69 59 47 41 32 24 16 11 6 0 354 347 343 338 333 328 323 319 316 312 309 307 304 302 300 297 295 292 290 288 287 286 284 283 282 282 281
89 88 85 83 82 77 72 70 72 74 76 80 85 87 87 88 87 78 60 48 47 56 71 85 92 87 81 82 84 87 88 87 87 87 90 94 98 102 105 106 107 111 114 108 100 96 94 91 88 83 79 77 75 74 76 76 77 78 77 73 66 60 54 45 33 25 19 11 5 358 351 345 340 335 330 325 320 316 312 309 306 304 301 299 297 295 293 291 289 287 286 285 284 283 283 282
86 85 83 84 85 83 81 78 74 72 73 76 79 85 87 85 79 68 56 50 53 67 81 85 79 68 73 79 82 84 86 88 89 90 92 96 99 103 107 111 113 115 118 115 105 100 98 94 88 83 82 80 77 75 77 79 78 77 78 75 68 63 61 56 48 39 27 16 9 2 355 349 343 337 332 326 321 316 313 309 306 303 301 298 296 294 292 291 289 288 287 285 285 284 283 282
85 84 83 83 83 81 81 81 77 74 73 72 71 76 80 77 74 70 61 59 71 84 86 74 57 59 69 75 79 81 83 86 91 95 98 100 102 103 106 113 118 120 122 122 113 104 99 95 90 86 84 83 80 78 78 78 77 76 78 77 71 65 62 60 57 48 35 22 14 8 360 354 347 341 334 328 323 317 313 309 306 302 300 298 296 294 292 290 289 288 287 286 285 284 283 282
87 86 84 83 81 79 79 79 78 76 74 71 68 66 68 70 72 73 69 76 89 91 78 59 55 61 68 73 76 79 82 87 92 98 102 105 105 105 108 114 122 124 125 127 122 110 101 98 95 91 87 84 83 82 81 79 77 77 76 76 75 71 66 64 61 55 44 31 21 13 5 359 352 345 337 331 324 319 314 309 305 302 300 297 295 293 292 291 289 288 287 286 284 284 283 282
88 87 85 82 80 79 79 78 77 76 75 72 68 63 65 70 73 73 74 82 86 76 60 57 59 63 69 73 75 79 84 88 93 97 102 107 110 111 112 115 122 127 128 131 130 120 109 102 99 94 90 86 84 83 83 81 80 79 76 73 73 72 69 67 65 61 52 39 27 20 15 6 357 348 341 334 326 320 314 309 305 302 300 297 295 293 291 290 289 288 286 285 284 283 282 282
88 87 85 82 80 80 79 79 78 77 76 75 74 75 78 78 77 76 78 81 73 55 54 59 61 63 68 74 78 83 87 89 91 96 101 107 113 115 115 116 122 128 131 134 135 130 118 108 101 96 92 89 88 86 84 82 81 80 77 75 74 73 70 68 68 64 55 44 34 30 29 20 4 351 345 337 329 321 315 310 305 301 298 296 294 293 291 290 288 287 286 285 284 283 282 280
88 87 84 82 81 80 80 79 78 78 79 80 82 87 90 89 84 80 78 74 61 53 56 60 59 61 67 74 79 85 88 89 91 95 99 105 112 117 118 119 123 129 133 136 138 137 127 116 107 99 95 92 91 90 88 84 81 79 78 78 77 74 71 71 69 64 57 48 38 35 36 32 20 2 349 336 326 320 315 310 306 301 298 296 294 292 290 289 287 286 285 284 283 282 280 279
88 87 83 80 80 80 79 78 77 79 81 84 88 92 93 92 87 81 74 67 60 58 59 59 59 62 67 72 77 83 87 91 93 95 97 103 110 118 122 124 127 131 134 137 141 142 137 127 118 107 100 96 93 90 89 88 84 80 79 78 77 74 73 74 72 67 61 52 42 41 41 38 34 23 6 345 328 318 310 305 302 301 298 295 293 291 289 288 286 286 285 283 282 280 279 279
88 86 81 78 78 78 78 77 77 80 83 86 89 91 91 90 85 79 71 64 61 64 63 59 59 62 65 69 74 82 88 94 96 93 94 102 112 120 125 128 130 133 135 138 143 145 144 137 129 119 108 101 95 90 87 87 86 83 80 78 76 75 75 75 73 69 65 57 47 46 46 43 40 34 22 6 345 325 312 304 300 298 297 295 292 290 288 287 286 285 283 281 280 279 279 279
87 84 80 78 77 77 78 79 79 82 84 86 85 83 84 84 82 77 70 63 62 67 69 62 58 60 63 64 71 82 90 95 95 89 93 105 115 121 123 127 132 135 136 139 144 148 150 147 139 129 116 106 100 93 87 84 84 83 81 78 76 77 78 76 73 70 67 61 52 47 48 48 46 43 36 25 6 340 324 312 303 298 296 294 292 290 288 286 285 283 282 280 279 279 278 278
87 83 78 78 78 79 81 82 82 82 81 80 77 74 76 79 79 75 68 65 68 73 74 66 58 59 62 62 68 80 89 92 92 86 96 109 117 119 120 126 135 137 136 140 146 149 154 154 149 139 125 112 105 99 92 85 82 82 81 79 76 76 78 77 74 71 67 63 57 51 50 52 52 51 46 38 24 0 334 318 306 299 296 293 291 289 287 285 283 281 280 279 279 278 277 276
87 84 81 82 84 85 83 81 79 77 75 72 70 69 73 78 80 71 62 65 73 79 78 71 63 60 62 62 69 80 87 88 89 88 97 109 115 116 122 129 134 133 134 141 147 149 154 160 157 148 134 120 110 103 97 89 84 81 82 80 76 75 76 74 72 72 70 67 62 56 54 56 58 57 53 46 38 25 355 326 308 300 296 293 289 287 285 283 281 279 278 278 277 277 275 274
89 88 87 89 88 86 82 78 74 72 71 71 69 70 75 81 83 68 56 63 73 82 83 78 73 68 64 64 70 79 86 87 86 86 95 106 113 118 126 131 130 126 131 140 147 149 155 164 163 155 145 130 116 105 99 94 87 83 82 81 78 75 73 70 70 71 72 72 66 59 56 60 62 60 58 55 50 43 23 350 316 300 295 291 286 283 281 280 278 277 276 275 275 274 273 271
93 92 91 89 86 82 78 75 73 71 70 71 73 75 79 85 86 66 53 61 70 81 90 87 80 77 75 71 70 74 81 87 86 85 95 106 115 123 130 131 130 127 127 135 144 149 156 165 166 162 153 141 125 109 101 97 90 84 82 81 79 76 72 68 68 69 70 72 70 65 63 65 65 63 61 61 59 54 44 24 340 304 291 286 284 281 277 276 274 273 272 272 272 272 270 268
95 93 89 85 82 79 77 74 73 70 67 72 79 82 83 87 88 70 55 61 66 76 87 91 81 84 89 88 80 72 74 82 87 90 100 110 119 125 131 131 131 125 120 127 141 150 156 162 166 166 160 153 137 116 105 99 93 86 82 80 79 76 73 71 69 68 68 68 69 70 70 70 69 66 65 65 64 59 53 45 22 332 296 282 279 277 273 271 268 266 268 270 271 270 268 265
94 91 87 83 81 80 78 76 72 69 68 74 81 83 83 87 91 90 74 66 65 70 78 85 83 88 95 98 94 81 73 76 84 95 104 112 118 121 126 127 125 116 114 123 139 151 156 158 163 166 166 164 151 126 109 101 96 89 82 79 77 74 72 73 72 69 67 66 66 68 69 70 71 69 67 67 66 63 60 55 50 31 314 282 274 269 266 263 260 263 270 273 271 267 263 260
90 88 85 83 82 81 80 78 73 70 73 79 82 80 80 87 97 122 122 77 67 66 70 78 86 92 96 96 97 94 81 75 82 94 104 111 112 114 118 121 117 113 116 123 135 148 154 158 162 166 170 172 163 138 114 104 99 92 84 80 77 74 72 73 72 70 68 66 66 66 66 68 71 71 68 68 68 69 67 63 62 61 33 295 273 262 258 256 259 268 274 273 268 261 256 257
90 86 83 83 82 79 78 76 75 76 83 88 84 74 76 88 103 133 160 99 77 70 68 75 86 94 95 92 94 101 93 79 81 90 101 109 113 114 114 114 115 117 120 124 132 144 155 162 163 165 171 176 174 154 122 105 99 94 87 82 78 74 73 74 73 71 69 67 66 65 64 66 69 73 73 71 70 71 71 68 69 71 64 25 282 255 256 259 265 270 271 266 260 253 254 259
95 89 84 82 81 79 75 72 76 84 92 95 86 72 76 90 104 134 172 136 101 88 81 79 82 89 92 89 93 104 104 88 81 86 97 108 115 116 110 111 117 121 123 124 128 141 154 161 160 161 169 177 182 171 136 108 98 95 90 84 79 75 74 75 74 71 69 68 66 65 64 63 65 69 74 76 74 72 72 74 75 78 79 80 96 234 256 262 268 268 264 258 250 250 258 262
100 90 83 81 80 80 77 75 79 86 93 97 91 78 80 87 98 128 166 153 125 109 99 89 84 85 89 90 96 104 108 98 88 89 97 108 114 115 110 113 120 123 123 122 124 134 147 154 157 160 166 179 188 185 157 114 100 95 91 86 82 77 75 76 74 70 68 68 67 65 64 63 62 64 68 74 77 74 73 75 79 82 84 87 94 117 232 258 264 263 257 251 247 254 261 260
104 91 82 81 82 82 81 83 86 87 88 93 98 91 83 82 90 117 153 154 138 119 108 101 96 92 94 97 98 102 109 113 111 106 104 104 109 113 112 116 122 122 120 118 119 126 141 151 157 161 167 182 193 196 178 124 101 94 91 87 84 82 79 77 73 69 67 66 66 66 65 64 62 62 64 68 72 74 74 76 80 84 84 83 86 93 125 249 257 254 252 247 245 254 258 257
109 94 83 83 86 85 85 88 90 90 86 89 101 100 87 81 87 106 138 150 144 128 115 109 106 103 103 103 102 105 114 124 123 115 108 102 102 111 118 121 120 117 115 115 118 124 134 145 154 161 168 184 197 203 194 137 102 93 91 88 86 85 83 80 73 68 66 64 64 66 67 65 64 63 63 64 65 69 74 78 80 83 85 85 87 91 99 171 239 242 242 240 239 248 255 261
117 97 84 84 87 87 87 91 94 93 87 90 103 107 91 83 87 97 121 143 146 136 123 114 110 109 108 108 111 114 115 118 118 112 106 103 102 108 118 123 118 113 113 116 121 124 131 141 152 161 168 182 199 209 205 153 105 95 92 89 87 85 81 77 72 71 72 69 67 68 68 67 66 66 64 62 62 65 70 75 80 83 85 88 91 97 103 116 165 211 226 227 228 244 259 271
132 104 89 84 82 83 85 90 95 97 90 92 103 116 99 85 84 91 107 129 142 137 128 119 113 111 111 113 116 116 115 112 111 109 106 104 105 104 110 121 118 111 108 112 116 121 128 141 155 163 169 181 199 213 215 174 108 96 91 88 84 77 71 68 66 73 81 85 82 75 71 69 70 71 68 63 60 61 65 71 76 81 85 88 92 98 104 108 116 146 189 208 223 252 267 278
153 114 99 90 81 77 78 82 88 94 92 94 105 125 111 89 82 84 93 107 124 129 128 122 114 111 112 115 116 116 117 115 111 110 107 103 105 101 102 118 121 111 100 97 103 111 120 134 151 160 167 176 199 220 222 188 109 93 86 82 75 66 63 64 65 72 80 89 96 91 79 74 73 74 72 68 63 61 62 65 70 77 84 88 90 94 97 98 101 114 138 164 225 262 272 278
151 118 103 96 84 79 77 76 78 83 89 97 107 127 118 97 83 77 79 90 104 116 120 117 113 113 113 114 117 119 123 119 112 111 108 104 105 101 98 111 124 117 99 90 93 101 109 123 142 155 159 167 201 227 228 204 103 86 80 74 64 60 65 69 71 75 77 81 91 98 92 84 80 77 76 75 71 66 64 63 65 70 78 84 86 89 91 89 93 102 111 117 179 269 277 279
141 118 104 98 91 85 80 76 75 76 81 93 105 118 117 104 88 73 70 79 94 105 112 114 112 110 110 116 123 126 130 122 114 113 110 103 104 105 100 105 121 124 108 91 88 93 102 115 137 149 153 164 208 234 240 241 78 76 75 70 63 67 72 74 76 79 77 76 78 88 94 93 90 87 84 83 81 78 72 66 64 66 70 75 79 83 83 81 85 93 98 96 86 277 279 279
131 113 104 101 96 88 83 80 79 77 77 82 91 103 109 106 95 79 70 73 84 99 108 109 109 111 118 128 133 137 139 124 114 114 111 104 103 108 104 103 116 127 120 98 89 89 96 109 130 143 147 163 216 243 254 274 49 66 70 70 72 76 76 74 76 78 77 74 73 75 83 91 94 96 96 94 94 92 85 77 72 69 67 67 71 76 74 74 80 86 90 85 65 296 283 279
124 109 102 102 97 89 86 86 85 79 74 74 77 89 99 107 104 90 80 76 82 96 109 114 120 128 134 138 142 149 150 129 114 112 113 106 102 107 107 104 111 126 129 110 93 90 94 104 121 136 139 157 231 260 270 289 27 61 68 70 74 77 75 73 75 76 75 73 71 70 73 82 90 96 101 104 105 102 98 91 85 80 73 67 67 68 66 69 76 81 85 84 65 330 298 290
130 111 103 103 100 93 90 91 90 83 74 68 70 79 94 107 111 102 97 95 104 113 121 129 131 133 138 142 146 153 156 136 116 110 110 106 102 103 107 106 108 121 131 123 103 93 92 98 109 121 125 141 262 280 287 303 14 62 71 72 72 73 72 72 75 75 74 72 71 69 71 77 84 91 98 106 112 112 109 105 97 90 82 74 69 63 59 61 66 71 76 76 59 8 321 306
135 113 103 104 104 99 96 93 91 86 78 71 70 73 82 99 108 108 112 123 128 126 124 126 127 124 125 130 141 151 154 143 123 111 104 100 100 101 103 103 106 115 128 132 116 98 90 89 90 93 100 87 295 296 301 317 17 64 72 70 69 69 70 72 74 74 73 71 70 70 71 74 79 87 93 99 109 117 116 114 111 102 91 83 75 65 58 57 58 60 61 58 48 32 10 345
135 112 101 102 104 102 100 96 92 90 88 83 75 69 72 82 100 113 122 128 131 130 119 111 109 110 115 124 132 141 148 145 132 118 104 95 93 96 97 99 103 110 120 130 128 108 93 83 77 80 77 33 314 310 315 330 26 62 69 69 69 69 69 71 72 73 72 71 71 70 71 73 76 80 87 94 103 113 115 116 117 114 106 94 84 74 66 61 59 58 55 50 43 35 30 27
139 113 101 102 105 102 100 99 97 96 96 92 83 76 74 80 96 113 123 128 130 129 122 111 104 106 112 118 124 134 141 145 143 131 115 97 87 87 92 96 100 106 113 124 132 124 102 85 76 75 59 13 329 324 329 343 31 58 66 69 69 68 69 71 72 72 72 72 72 71 72 73 75 76 81 89 98 107 111 114 117 120 119 109 97 87 79 73 71 67 61 54 46 36 32 31
146 119 102 100 104 103 99 96 98 101 101 97 92 88 87 89 96 107 117 124 128 131 130 121 108 103 109 116 121 131 138 145 152 146 130 110 93 87 89 93 98 105 111 118 128 132 118 92 78 70 45 4 341 337 346 0 31 56 66 68 68 70 72 72 73 73 73 73 72 71 72 74 75 75 79 84 93 104 107 110 117 124 126 121 112 102 93 86 82 76 69 62 53 42 37 36
143 120 104 98 102 106 102 93 92 99 105 105 102 100 99 100 100 102 107 115 125 132 134 132 118 103 99 109 116 123 133 141 154 156 142 127 112 98 92 92 99 106 110 113 120 130 129 102 80 65 32 4 351 350 1 13 32 55 65 67 68 73 74 74 74 74 74 75 74 73 75 75 74 76 79 83 90 101 105 106 113 124 131 129 123 116 110 102 92 83 75 68 59 49 44 46
139 120 108 102 102 106 107 99 90 91 102 111 110 108 108 111 110 106 104 110 122 133 138 137 126 105 92 96 106 113 121 130 145 154 148 138 125 111 100 96 98 103 107 109 112 117 120 105 76 52 25 8 1 3 13 22 35 55 65 67 71 74 74 74 74 75 76 77 77 77 78 78 77 76 77 82 90 98 105 105 107 117 130 131 127 124 122 117 106 94 84 76 66 56 51 52
138 122 114 109 104 104 108 108 100 92 96 106 109 109 116 121 118 112 107 108 116 132 139 138 132 115 96 91 97 107 114 120 132 144 147 143 132 121 110 103 99 100 105 104 99 92 91 79 50 37 25 14 9 14 21 26 38 57 66 70 73 73 72 73 74 75 76 78 81 84 83 81 81 78 76 80 86 95 104 106 106 110 119 125 125 126 126 124 117 105 93 82 74 64 57 54
131 116 113 111 105 103 106 110 109 101 95 98 103 108 115 120 119 114 111 109 110 122 133 134 137 130 109 95 93 102 112 118 125 135 143 144 139 129 117 109 103 100 99 96 84 72 63 36 23 29 27 19 18 24 27 30 45 62 70 73 75 73 72 73 74 74 75 76 83 91 93 89 85 82 79 79 81 87 99 106 107 107 108 115 121 125 126 126 123 114 102 91 81 73 65 60
132 111 106 107 104 103 104 105 106 103 97 96 101 104 109 114 116 114 113 110 106 110 121 129 138 139 125 106 97 98 108 116 120 127 137 144 148 141 121 110 106 102 94 85 73 63 50 23 15 28 29 25 27 32 32 36 52 67 73 75 75 74 73 73 73 73 73 75 80 89 99 100 95 91 85 80 79 81 87 98 105 106 106 111 119 125 125 126 125 119 110 100 91 82 74 67
144 114 101 99 100 102 103 100 98 98 100 102 108 108 107 109 113 114 113 108 103 106 115 124 136 144 135 119 106 99 99 106 112 119 128 141 153 151 123 109 107 104 91 74 62 53 41 20 17 28 30 32 37 39 39 46 62 74 77 76 75 74 74 73 72 71 72 75 79 85 95 105 106 104 98 87 81 79 79 84 97 107 108 112 120 124 121 119 121 122 117 105 97 91 84 76
