windninja/windninja_output/Output_2025-08-24_1700-1750_Google earth_Fire_150m_10min/merlingen_7.5mi_point_08-24-2025_1720_150m_ang.asc
ncols	158
nrows	163
xllcorner	391686.332397
yllcorner	5160024.123721
cellsize	150.000000
NODATA_value	-32768.000000
[rows 42 to 83 of 163, columns 0 to 94 of 158]
283 283 283 283 283 283 284 283 282 283 283 283 283 283 283 282 283 283 283 284 284 285 285 286 287 289 290 292 295 294 291 289 289 289 289 288 287 288 290 289 287 284 284 287 291 292 289 285 286 288 286 286 289 292 287 281 276 275 272 268 266 269 272 271 272 280 283 284 286 285 278 276 283 292 294 295 303 324 308 285 278 277 278 281 285 285 282 278 282 286 286 279 271 272 279
283 283 283 283 284 284 284 284 283 283 284 284 283 283 283 283 283 283 283 284 284 285 286 286 286 288 289 291 293 293 290 289 289 292 296 298 298 295 294 291 286 282 284 287 287 285 281 279 282 286 286 284 283 285 282 277 272 269 268 269 272 278 281 279 278 283 289 290 287 284 280 281 286 293 295 296 302 319 305 287 282 284 287 288 287 279 268 267 274 281 283 281 277 277 279
283 283 284 284 285 285 284 284 284 284 284 284 284 284 284 283 283 284 284 284 285 285 286 286 286 287 289 290 291 291 290 290 291 294 298 303 301 295 291 288 285 284 285 284 281 276 276 280 285 289 288 283 279 279 275 272 268 267 269 274 278 283 286 288 289 289 290 291 289 288 287 285 285 288 289 289 292 300 290 287 288 291 292 288 279 265 261 265 270 275 280 283 282 280 277
283 284 285 285 286 285 285 285 285 285 285 285 285 284 284 284 284 285 285 285 285 285 286 286 287 288 289 289 290 291 291 291 292 295 299 302 300 295 291 290 290 287 284 281 277 276 279 286 290 290 285 278 273 270 268 266 266 270 277 282 284 287 292 296 295 293 290 287 288 289 287 284 281 280 277 273 268 271 284 290 294 294 290 279 266 260 263 266 268 271 277 283 285 280 274
284 285 286 286 285 285 286 286 286 285 285 285 285 285 285 285 285 285 285 285 285 285 286 286 287 287 288 288 289 290 291 291 292 295 299 300 299 298 296 295 293 288 283 278 276 280 286 290 290 286 279 273 266 263 265 265 268 277 285 290 292 293 296 298 295 292 288 284 284 287 285 282 277 273 267 260 251 269 286 290 291 288 280 270 264 265 269 270 268 269 275 283 284 279 272
285 285 286 285 284 284 286 287 287 286 286 286 286 286 286 286 285 285 285 285 285 285 286 286 286 287 287 288 289 289 290 291 292 294 297 299 299 299 298 296 294 290 284 279 279 286 290 289 285 280 275 267 262 263 266 270 277 284 291 296 298 295 294 294 291 288 285 282 282 284 283 280 276 269 262 253 249 270 283 284 282 278 274 271 270 272 274 273 271 271 276 280 281 277 271
285 285 285 284 283 283 286 288 288 287 287 287 286 286 286 286 286 285 285 285 285 286 286 286 286 287 287 288 288 289 290 291 292 293 296 298 298 297 298 297 295 291 286 284 287 289 290 287 281 276 269 262 262 267 271 278 284 290 295 299 300 294 289 287 287 284 283 282 281 282 280 278 274 267 258 251 255 270 279 279 277 276 277 276 276 277 277 276 277 278 276 274 274 273 270
284 285 285 283 282 283 285 288 290 289 288 287 287 287 286 286 286 286 286 285 286 286 286 286 286 287 287 288 288 289 289 290 292 293 295 298 298 298 298 298 295 292 290 292 292 290 287 283 278 271 262 262 269 274 280 286 290 294 296 297 296 290 284 282 284 284 284 283 282 280 279 276 272 265 258 256 264 273 277 277 277 278 280 281 281 281 281 282 283 280 274 268 267 268 267
284 285 285 284 283 284 285 287 291 290 289 288 288 288 287 286 286 286 286 286 286 286 287 287 287 287 287 288 288 289 289 290 291 292 294 297 298 298 298 297 295 294 295 297 295 289 284 279 273 265 262 270 278 284 289 293 294 294 293 291 288 284 280 281 284 285 284 282 281 279 277 274 269 264 262 266 271 274 275 276 278 279 280 282 283 284 286 285 282 276 270 264 261 260 260
284 285 287 286 285 286 285 285 289 292 291 289 288 288 287 287 286 287 287 286 287 287 287 287 287 287 287 288 288 289 289 290 291 292 293 295 297 297 297 297 296 295 297 299 295 289 283 275 267 266 275 282 286 290 293 294 293 290 286 283 281 279 279 281 284 285 284 282 280 278 276 272 269 267 270 274 276 276 276 276 276 276 277 281 285 286 287 283 278 273 267 261 256 254 257
283 286 289 289 287 287 285 284 287 292 292 290 289 288 288 287 287 287 287 287 287 287 287 287 287 287 287 287 288 288 289 289 290 291 292 293 295 296 297 298 297 295 297 299 296 289 282 276 273 281 291 292 291 293 295 293 290 285 280 278 279 280 281 281 283 285 285 282 279 277 276 274 273 273 274 276 278 280 280 278 274 272 274 280 284 285 284 281 276 271 264 259 254 254 261
282 285 292 292 288 288 287 284 284 288 291 291 289 288 288 288 288 287 287 287 287 287 287 287 287 287 287 288 288 288 289 289 290 291 291 292 294 295 297 299 298 296 297 299 297 290 285 287 289 292 295 294 293 293 292 290 287 282 277 276 280 282 282 282 284 286 286 282 279 279 279 277 275 275 275 277 279 281 282 280 276 273 275 277 280 283 285 282 276 268 263 261 258 259 272
282 284 291 295 290 289 289 285 281 284 289 291 290 289 289 288 288 288 287 287 287 287 287 287 287 287 288 288 288 288 289 289 290 290 291 292 293 294 295 298 299 297 295 296 296 293 292 297 298 296 294 292 292 291 288 287 285 282 279 280 283 284 283 283 285 288 289 287 282 281 281 278 274 275 277 278 280 282 284 285 283 280 278 277 276 279 282 282 276 269 266 267 269 271 281
283 283 286 292 290 287 288 285 280 280 286 290 291 290 290 289 288 288 288 288 287 287 288 288 288 288 288 288 288 288 289 289 289 290 291 291 292 293 294 296 297 295 293 293 296 297 299 302 301 298 296 293 293 291 287 285 284 283 283 285 287 287 285 283 284 289 290 291 286 281 276 271 274 278 280 281 282 285 286 289 290 286 282 278 276 274 275 276 275 271 271 274 279 285 286
285 284 283 285 287 286 287 288 283 280 283 288 290 291 291 289 289 289 288 288 287 287 288 288 288 288 288 288 288 288 289 289 289 290 290 291 291 292 293 294 294 294 293 294 297 300 303 304 303 302 300 294 292 290 286 283 284 286 288 290 291 289 285 280 281 285 289 290 285 277 270 273 280 283 284 285 287 288 289 291 292 288 283 280 277 273 268 265 267 270 275 283 295 301 293
285 285 283 283 284 285 287 290 288 284 284 286 287 290 291 291 289 289 289 289 288 288 288 288 288 288 288 288 288 288 289 289 289 289 290 290 291 291 292 293 293 294 295 296 297 300 303 304 303 305 304 295 292 290 284 283 288 291 292 294 292 289 283 278 276 280 286 287 281 274 276 282 285 286 287 290 292 292 293 292 291 287 283 280 276 270 265 262 265 273 285 299 309 308 299
285 285 284 284 284 284 286 289 292 289 287 285 284 285 289 292 291 290 289 289 289 288 288 288 288 288 288 288 288 288 289 289 289 289 290 290 291 291 292 292 293 293 294 296 297 298 300 302 304 306 307 298 293 290 285 284 291 294 294 294 292 287 282 277 274 277 284 286 282 281 285 287 287 289 291 294 295 294 294 292 289 284 281 277 272 269 267 269 276 288 298 304 308 306 295
284 284 284 284 284 284 284 287 290 290 288 287 283 282 286 290 292 291 290 290 289 289 289 289 289 289 288 288 288 289 289 289 289 289 290 290 290 291 291 292 292 293 294 295 296 297 298 301 304 308 311 305 296 291 286 285 291 294 293 292 291 287 282 276 273 275 282 288 286 286 289 290 290 292 295 296 296 294 292 289 286 281 277 274 271 270 272 280 293 300 301 300 301 298 285
284 284 284 283 283 284 284 285 287 288 289 291 288 284 284 286 290 292 292 291 290 290 289 289 289 289 289 289 289 289 289 289 289 289 289 290 290 290 291 291 292 293 293 294 295 296 297 300 303 308 313 309 298 291 287 286 291 293 293 291 289 286 281 277 274 275 280 287 288 288 290 293 294 295 298 298 295 293 289 285 283 279 276 273 271 273 281 292 300 302 300 296 294 287 272
285 284 284 283 283 283 284 284 286 288 290 294 294 289 284 283 286 290 292 292 292 290 290 289 289 288 289 289 289 289 289 289 289 289 289 290 290 290 291 291 292 292 293 294 294 295 297 299 302 306 312 309 300 292 288 287 290 292 291 290 288 286 283 279 276 275 277 285 290 291 293 296 297 297 299 298 293 290 287 285 282 279 275 273 274 280 290 299 301 300 299 294 286 272 260
286 285 284 284 284 284 285 285 286 287 290 294 295 292 288 284 283 286 289 292 292 291 290 289 289 288 289 289 289 289 289 289 289 289 289 290 290 290 290 291 291 292 292 293 294 295 296 298 300 303 308 309 302 295 292 291 290 290 290 289 288 287 286 283 279 276 276 286 293 295 296 297 298 299 300 297 292 289 288 286 283 280 276 277 282 288 296 302 301 298 295 286 271 259 249
287 286 285 285 286 286 286 286 285 286 288 292 294 294 292 288 284 284 286 289 292 292 291 290 290 289 289 289 290 289 289 289 289 289 289 290 290 290 290 291 291 291 292 293 294 295 296 297 299 301 305 308 303 299 299 296 291 290 290 291 291 291 287 282 278 275 278 291 296 298 298 298 298 300 301 298 295 293 293 290 286 282 281 285 292 296 300 302 299 293 283 273 261 249 240
287 286 285 285 287 287 286 285 285 285 286 290 295 296 294 292 288 285 284 286 289 291 291 291 291 290 289 289 290 289 290 290 290 290 290 290 290 290 290 291 291 291 292 292 293 294 295 296 297 299 302 305 304 301 303 301 292 290 291 293 294 290 281 274 275 279 289 298 300 300 300 299 298 301 303 302 300 300 299 295 289 288 290 294 299 300 299 299 294 284 272 262 250 240 232
288 287 286 287 287 287 286 285 284 284 285 288 294 297 295 294 292 288 284 283 286 288 290 291 292 291 289 289 290 290 290 290 290 290 290 290 290 290 290 290 291 291 292 292 293 293 294 295 296 298 299 302 302 301 303 305 297 291 291 292 291 285 277 278 284 291 299 302 302 302 301 300 298 300 304 306 304 304 304 298 294 296 300 303 302 299 296 292 285 273 262 250 238 230 223
288 286 284 286 287 288 288 286 284 285 287 289 291 296 296 294 293 291 288 285 285 286 287 289 292 292 291 290 290 290 290 290 290 290 290 290 290 290 290 290 291 291 291 292 292 293 294 294 295 296 297 299 300 299 302 304 300 293 289 287 287 290 291 291 292 295 299 302 303 302 302 300 298 301 307 309 308 308 310 307 305 309 311 310 303 296 291 285 272 261 249 236 227 218 214
292 287 284 284 285 289 291 288 285 285 288 290 290 293 296 295 293 293 292 289 287 286 286 287 290 291 290 290 290 290 290 290 290 290 290 290 290 290 290 290 291 291 291 291 292 292 293 294 294 295 296 297 297 298 299 300 299 294 287 284 290 301 300 296 294 295 297 300 302 302 303 301 299 302 307 309 310 313 318 317 314 312 310 307 298 288 281 271 260 250 236 223 215 210 211
300 293 289 288 288 291 295 291 284 285 288 289 290 292 294 295 293 293 294 292 289 287 287 287 287 288 287 287 289 290 290 291 291 290 290 290 290 290 290 290 291 291 291 291 292 292 293 293 294 294 295 295 296 296 297 297 296 294 290 287 292 301 301 298 296 295 295 299 302 303 303 300 298 301 307 310 312 319 323 317 312 307 300 295 290 281 270 260 251 238 224 210 207 209 214
300 297 294 293 290 289 294 296 289 288 291 293 293 293 294 295 294 293 293 292 290 289 288 287 286 284 282 284 288 290 291 292 291 291 291 291 291 291 291 291 291 291 291 291 291 292 292 293 293 293 294 294 295 295 295 295 295 294 292 291 293 299 300 298 296 295 297 299 302 303 302 300 299 303 309 310 314 321 322 314 307 300 289 285 287 279 266 254 242 226 211 203 206 213 221
295 295 294 292 287 283 286 294 292 289 291 294 292 292 293 293 293 291 290 292 292 290 289 288 287 283 280 283 287 289 291 292 292 292 291 291 291 291 291 291 291 291 291 291 291 291 292 292 292 293 293 293 294 294 294 294 294 293 293 293 294 296 297 295 294 295 297 298 299 301 303 301 300 305 310 311 314 320 320 312 302 291 286 287 286 279 262 246 230 214 204 203 211 217 230
293 293 293 291 286 282 284 290 290 285 282 283 284 284 286 288 289 288 288 290 290 290 289 288 290 291 285 283 285 288 289 291 292 293 292 292 291 291 291 291 291 291 291 291 291 291 291 292 292 292 293 293 293 293 293 293 293 293 293 294 294 295 295 295 295 296 297 296 297 301 305 302 299 305 310 311 312 317 317 309 298 290 291 291 284 272 254 235 216 207 205 210 219 227 241
292 293 293 292 289 286 287 290 289 281 275 276 279 281 282 284 286 287 287 288 289 290 290 290 294 297 290 284 283 285 288 289 290 293 293 293 292 292 291 291 291 291 291 291 291 291 291 291 292 292 292 292 292 293 293 293 293 293 293 294 294 294 295 296 296 297 297 297 298 301 303 301 298 302 308 309 310 313 316 310 302 299 298 293 282 262 240 219 210 210 214 222 229 239 266
292 293 294 293 291 289 289 290 287 281 278 279 281 283 284 285 287 287 287 288 289 290 291 291 295 298 293 287 283 283 285 287 288 291 294 294 293 292 292 291 291 291 291 291 291 291 291 291 291 291 292 292 292 292 292 293 293 293 293 293 294 294 295 295 296 297 297 298 300 301 301 300 298 302 307 309 309 312 318 316 309 306 300 291 275 250 222 211 216 222 228 239 248 275 306
291 292 293 294 292 290 289 287 285 284 283 283 283 285 286 288 288 288 289 290 290 289 289 290 293 297 295 290 285 283 284 286 287 290 293 294 293 293 293 292 292 291 291 291 291 291 291 291 291 291 291 292 292 292 292 292 292 293 293 293 294 294 295 295 296 296 297 298 300 301 302 302 303 307 311 312 313 316 323 321 314 307 297 284 262 229 211 216 228 234 250 267 293 306 308
290 290 291 293 292 289 289 287 286 286 286 285 286 286 288 289 290 290 290 290 290 289 288 289 291 295 294 291 288 285 285 286 287 288 289 292 293 293 293 293 292 291 291 291 291 291 291 291 291 291 291 291 292 292 292 292 292 293 293 293 294 294 294 295 296 296 297 298 300 301 302 303 306 311 315 314 316 322 328 323 312 302 290 272 241 210 212 224 236 247 267 295 309 303 301
291 289 288 290 291 290 289 288 287 287 287 288 288 288 289 291 291 291 291 291 291 290 290 290 291 293 293 292 291 288 285 285 284 283 285 288 291 292 293 293 293 292 291 291 291 290 291 291 291 291 291 291 292 292 292 292 292 293 293 293 293 294 294 295 295 296 297 298 299 300 302 304 307 311 315 315 318 325 328 318 306 295 279 253 218 211 223 230 241 261 287 316 311 300 295
295 288 280 282 287 289 289 288 289 290 291 291 291 291 291 292 292 292 292 292 291 291 291 291 291 291 291 292 292 290 285 283 282 283 284 288 291 292 292 293 293 292 291 291 291 290 290 290 291 291 291 291 291 292 292 292 292 292 293 293 293 294 294 295 295 296 297 298 299 300 302 304 307 310 313 316 319 326 325 311 299 287 267 238 225 237 249 255 270 297 314 318 310 300 294
303 287 267 271 282 288 290 291 293 296 297 295 294 293 293 293 294 294 293 293 292 292 292 292 293 292 291 292 293 292 289 285 285 286 286 288 290 291 291 293 294 293 291 291 291 290 290 290 290 291 291 291 291 292 292 292 292 292 293 293 293 294 294 295 295 296 297 298 299 300 302 304 306 308 311 315 320 326 323 308 295 284 263 252 262 278 290 304 311 313 313 312 307 299 295
335 300 257 268 277 289 296 299 300 303 304 300 297 296 295 295 295 295 295 294 293 293 292 293 295 295 292 292 293 295 294 290 288 287 286 287 289 289 289 291 294 293 291 291 290 289 289 289 290 290 291 291 291 292 292 292 292 292 293 293 293 294 294 295 295 296 297 298 299 300 302 303 306 307 310 314 319 325 322 310 299 293 291 294 297 301 312 315 312 309 306 303 301 298 296
33 10 296 284 289 302 312 313 310 311 310 305 300 298 297 297 296 296 296 295 294 293 293 294 298 297 294 292 293 295 296 294 291 289 288 288 289 289 288 289 292 292 290 289 289 288 288 288 288 290 291 292 292 292 292 292 292 292 293 293 293 294 294 295 295 296 296 297 298 300 301 303 305 307 309 312 317 322 322 316 313 317 318 316 313 314 315 313 309 305 301 299 297 296 296
51 12 302 297 301 309 325 327 322 320 318 311 303 300 298 297 296 296 296 296 295 294 293 295 299 298 294 293 293 295 298 297 295 293 289 287 288 289 289 288 290 291 289 287 286 286 286 285 285 288 291 292 293 293 292 292 292 292 292 293 293 293 294 294 295 296 296 297 298 299 301 302 305 306 309 311 315 321 323 325 330 331 329 326 325 319 314 310 307 303 300 297 295 295 296
53 350 307 307 308 312 324 330 329 325 322 314 306 301 299 297 296 296 297 297 296 295 295 296 299 299 296 295 295 296 297 296 295 292 290 287 287 289 289 289 290 291 290 289 288 288 288 287 287 289 292 294 294 293 293 293 292 293 293 293 293 293 294 294 295 295 296 297 298 299 300 302 304 306 308 311 314 319 324 329 336 339 336 336 332 317 311 308 306 303 299 296 294 294 296
324 326 320 315 311 306 310 319 322 321 319 312 306 301 298 297 296 296 296 297 297 296 296 297 301 301 298 298 297 296 295 295 294 292 290 288 287 288 289 289 290 291 293 293 294 295 296 297 296 295 296 296 296 296 294 293 292 292 293 293 293 293 294 294 295 295 296 297 297 299 300 301 304 305 307 310 313 318 323 330 340 347 345 340 325 313 307 304 304 301 298 295 293 293 294
