windninja/windninja_output/Output_2025-08-24_1700-1750_Google earth_Fire_150m_10min/merlingen_7.5mi_point_08-24-2025_1750_150m_vel.asc
ncols	158
nrows	163
xllcorner	391686.332397
yllcorner	5160024.123721
cellsize	150.000000
NODATA_value	-32768.000000
[rows 114 to 151 of 163, columns 0 to 83 of 158]
1.92 1.70 1.37 1.17 1.09 1.01 0.93 0.91 0.89 0.91 1.04 1.27 1.38 1.34 1.27 1.31 1.40 1.58 1.74 1.75 1.74 1.71 1.63 1.41 1.49 1.75 1.83 1.71 1.68 1.75 1.72 1.78 2.15 2.75 3.00 2.55 2.07 1.89 1.76 1.62 1.55 1.98 2.61 2.77 2.41 2.13 2.16 2.19 2.13 2.09 2.05 1.97 1.97 2.00 2.03 2.03 1.98 1.97 2.00 2.02 1.95 1.85 1.90 2.05 2.02 1.97 1.98 2.00 2.04 2.02 2.00 2.17 2.35 2.34 2.40 2.61 2.71 2.72 2.65 2.73 3.10 3.12 2.66 2.42
1.98 1.83 1.59 1.40 1.29 1.22 1.14 1.02 0.92 0.97 1.23 1.50 1.52 1.43 1.38 1.54 1.72 1.76 1.68 1.59 1.65 1.82 2.06 2.20 2.19 2.15 2.06 1.94 1.99 1.97 1.85 1.91 2.23 2.65 2.80 2.56 2.24 2.00 1.76 1.62 1.86 2.51 2.89 2.76 2.50 2.41 2.36 2.20 2.11 2.11 2.07 2.02 1.98 1.96 1.99 1.98 1.94 1.93 1.97 2.02 1.95 1.85 1.91 2.05 2.06 1.98 1.96 2.00 2.03 1.98 1.96 2.04 2.19 2.27 2.31 2.50 2.68 2.73 2.61 2.60 3.03 3.14 2.70 2.35
2.01 1.89 1.69 1.50 1.36 1.28 1.22 1.19 1.15 1.22 1.51 1.63 1.53 1.47 1.53 1.76 1.81 1.68 1.62 1.72 1.93 2.22 2.55 2.73 2.68 2.45 2.18 2.01 2.08 2.27 2.29 2.33 2.35 2.51 2.75 2.72 2.52 2.15 1.94 2.03 2.41 2.87 2.84 2.59 2.50 2.36 2.08 1.94 2.04 2.14 2.15 2.11 2.01 1.95 1.92 1.90 1.90 1.91 1.94 1.99 1.93 1.85 1.91 2.05 2.09 1.96 1.93 1.98 2.00 1.97 1.92 1.94 2.07 2.25 2.30 2.41 2.57 2.68 2.59 2.52 2.90 3.17 2.69 2.19
1.97 1.87 1.66 1.47 1.33 1.26 1.26 1.34 1.49 1.61 1.67 1.60 1.48 1.51 1.67 1.75 1.62 1.58 1.80 2.15 2.42 2.64 2.76 2.83 2.90 2.97 2.82 2.46 2.55 2.45 2.30 2.29 2.46 2.91 3.30 3.24 2.84 2.36 2.28 2.64 2.98 2.94 2.63 2.49 2.42 2.16 2.04 2.13 2.27 2.34 2.34 2.21 2.06 1.95 1.87 1.88 1.92 1.92 1.92 1.95 1.94 1.91 1.98 2.11 2.10 1.95 1.92 1.97 1.97 1.95 1.92 1.93 2.01 2.15 2.30 2.41 2.42 2.51 2.56 2.54 2.88 3.17 2.62 1.99
1.97 1.84 1.64 1.49 1.37 1.33 1.36 1.44 1.59 1.70 1.65 1.54 1.48 1.56 1.68 1.65 1.55 1.62 1.95 2.22 2.36 2.46 2.47 2.52 2.70 3.02 3.36 3.47 3.40 3.13 2.72 2.77 3.30 3.95 3.89 3.67 3.49 2.99 2.97 3.28 3.18 2.84 2.54 2.38 2.27 2.23 2.30 2.43 2.50 2.48 2.36 2.15 2.01 1.90 1.84 1.88 1.91 1.89 1.89 1.94 1.98 1.98 2.08 2.18 2.12 2.01 1.97 1.95 1.92 1.94 1.95 1.94 1.94 2.03 2.24 2.37 2.28 2.33 2.50 2.63 2.92 3.03 2.48 1.90
2.06 1.91 1.67 1.50 1.37 1.36 1.39 1.40 1.46 1.52 1.51 1.49 1.53 1.59 1.59 1.57 1.65 1.72 1.84 1.94 1.99 2.03 2.10 2.23 2.39 2.56 2.83 3.08 3.29 3.58 3.90 4.25 4.41 4.18 3.44 3.12 3.32 3.61 3.74 3.71 3.33 2.88 2.59 2.51 2.57 2.52 2.41 2.42 2.43 2.32 2.16 1.99 1.88 1.81 1.77 1.81 1.85 1.87 1.90 1.95 2.02 2.04 2.10 2.15 2.04 1.95 1.90 1.84 1.83 1.90 1.95 1.92 1.92 1.99 2.15 2.23 2.17 2.21 2.44 2.66 2.82 2.81 2.39 2.01
2.12 1.96 1.74 1.58 1.39 1.26 1.21 1.24 1.35 1.39 1.38 1.46 1.60 1.66 1.62 1.65 1.72 1.75 1.73 1.73 1.74 1.77 1.89 2.04 2.14 2.22 2.25 2.30 2.68 3.28 3.74 3.90 3.65 3.10 2.52 2.39 2.71 3.17 3.33 3.26 3.22 3.12 3.01 2.98 2.91 2.72 2.60 2.60 2.47 2.23 2.06 1.93 1.83 1.78 1.73 1.71 1.79 1.89 1.91 1.97 2.06 2.01 1.93 1.80 1.51 1.48 1.55 1.56 1.68 1.87 1.92 1.89 1.92 1.99 2.03 2.04 2.07 2.15 2.34 2.55 2.65 2.69 2.42 2.18
2.12 2.00 1.87 1.91 1.89 1.64 1.47 1.38 1.34 1.32 1.33 1.47 1.62 1.72 1.79 1.80 1.75 1.71 1.65 1.55 1.49 1.55 1.68 1.81 1.96 2.05 2.07 2.18 2.63 3.05 2.99 2.70 2.51 2.30 2.13 2.08 2.10 2.20 2.16 2.25 2.54 2.77 2.79 2.64 2.49 2.47 2.55 2.55 2.36 2.16 1.99 1.88 1.85 1.79 1.71 1.71 1.84 1.91 1.89 1.94 1.91 1.65 1.39 1.18 0.99 1.17 1.43 1.46 1.60 1.84 1.88 1.84 1.90 1.96 1.95 1.90 1.93 2.04 2.23 2.42 2.55 2.65 2.50 2.39
2.07 2.01 1.96 2.05 2.19 2.21 2.14 1.96 1.67 1.40 1.32 1.51 1.65 1.66 1.68 1.70 1.65 1.53 1.37 1.24 1.24 1.39 1.51 1.64 1.86 1.90 1.92 2.17 2.75 3.05 2.75 2.45 2.26 2.00 1.88 1.80 1.73 1.69 1.66 1.70 1.81 1.96 2.08 1.96 1.85 1.91 1.98 1.94 1.93 1.89 1.83 1.84 1.79 1.69 1.67 1.75 1.86 1.87 1.79 1.71 1.44 1.06 0.89 0.88 0.97 1.32 1.64 1.67 1.71 1.78 1.79 1.80 1.89 1.94 1.91 1.84 1.81 1.92 2.14 2.31 2.49 2.69 2.68 2.66
1.88 1.82 1.74 1.73 1.81 1.93 2.05 2.08 1.98 1.74 1.49 1.59 1.59 1.43 1.34 1.40 1.41 1.27 1.13 1.03 1.08 1.25 1.37 1.56 1.80 1.84 1.85 2.22 3.05 3.20 2.60 2.24 1.99 1.73 1.69 1.64 1.56 1.55 1.55 1.56 1.56 1.66 1.79 1.80 1.73 1.72 1.69 1.66 1.70 1.73 1.79 1.82 1.70 1.60 1.59 1.59 1.56 1.52 1.39 1.22 0.93 0.79 0.91 1.08 1.27 1.61 1.82 1.82 1.79 1.69 1.68 1.78 1.88 1.90 1.86 1.81 1.79 1.91 2.12 2.24 2.44 2.79 2.92 2.76
1.79 1.71 1.59 1.53 1.54 1.63 1.73 1.82 1.92 1.97 1.87 1.64 1.33 1.11 1.09 1.17 1.16 1.09 1.10 1.05 1.05 1.18 1.34 1.56 1.74 1.81 1.99 2.78 3.79 3.34 2.29 1.95 1.81 1.64 1.56 1.48 1.41 1.43 1.45 1.47 1.50 1.54 1.60 1.73 1.79 1.78 1.76 1.73 1.73 1.80 1.89 1.84 1.67 1.59 1.54 1.43 1.29 1.19 1.09 0.92 0.84 1.07 1.31 1.42 1.56 1.75 1.80 1.76 1.71 1.56 1.53 1.69 1.82 1.83 1.86 1.85 1.87 2.01 2.19 2.29 2.41 2.79 2.94 2.61
1.77 1.75 1.68 1.64 1.65 1.67 1.67 1.73 1.92 2.08 2.07 1.76 1.28 0.93 0.90 0.98 1.02 1.02 1.15 1.37 1.42 1.42 1.48 1.60 1.88 2.16 2.91 4.25 4.12 2.87 1.93 1.72 1.67 1.52 1.41 1.36 1.31 1.33 1.36 1.38 1.39 1.39 1.45 1.57 1.69 1.76 1.82 1.81 1.80 1.83 1.81 1.73 1.66 1.60 1.54 1.47 1.40 1.34 1.28 1.19 1.28 1.52 1.61 1.61 1.68 1.73 1.69 1.63 1.57 1.47 1.45 1.62 1.82 1.85 1.88 1.90 1.93 2.03 2.17 2.25 2.27 2.59 2.79 2.53
1.62 1.64 1.62 1.61 1.63 1.62 1.64 1.76 1.94 2.04 2.04 1.93 1.62 1.10 0.98 1.03 1.05 1.04 1.19 1.46 1.69 2.05 2.18 2.28 3.15 4.06 4.36 4.25 3.16 2.08 1.78 1.67 1.58 1.42 1.33 1.32 1.24 1.19 1.19 1.19 1.21 1.27 1.36 1.48 1.62 1.78 1.89 1.91 1.88 1.80 1.69 1.60 1.56 1.53 1.47 1.43 1.42 1.44 1.51 1.58 1.65 1.67 1.59 1.54 1.58 1.59 1.55 1.50 1.45 1.42 1.48 1.70 1.89 1.93 1.94 1.96 1.96 1.94 2.05 2.15 2.16 2.43 2.66 2.58
1.58 1.59 1.57 1.55 1.58 1.65 1.76 1.85 1.89 1.92 1.98 2.09 2.13 1.83 1.49 1.32 1.24 1.29 1.45 1.79 2.63 3.55 3.92 4.08 4.15 4.21 3.67 2.62 1.96 1.67 1.64 1.69 1.64 1.48 1.34 1.24 1.12 1.06 1.01 0.98 1.01 1.09 1.25 1.43 1.60 1.74 1.80 1.79 1.73 1.65 1.60 1.55 1.45 1.40 1.37 1.33 1.32 1.41 1.53 1.57 1.56 1.50 1.42 1.40 1.45 1.46 1.44 1.39 1.36 1.36 1.48 1.71 1.88 1.93 1.98 2.04 1.95 1.95 2.14 2.24 2.31 2.51 2.62 2.59
1.59 1.58 1.53 1.50 1.50 1.58 1.73 1.82 1.83 1.82 1.89 2.15 2.53 2.64 2.31 1.70 1.54 1.70 2.21 3.51 4.30 4.14 3.90 3.62 3.23 2.71 2.12 1.65 1.43 1.36 1.46 1.64 1.66 1.56 1.39 1.15 1.01 0.94 0.85 0.83 0.87 1.00 1.19 1.37 1.55 1.66 1.66 1.58 1.50 1.49 1.49 1.47 1.43 1.39 1.36 1.33 1.34 1.41 1.46 1.41 1.36 1.34 1.33 1.37 1.39 1.40 1.36 1.31 1.29 1.31 1.43 1.62 1.80 1.87 1.92 2.03 2.00 2.04 2.25 2.38 2.55 2.70 2.68 2.70
1.54 1.49 1.38 1.30 1.29 1.30 1.38 1.51 1.59 1.64 1.78 2.04 2.31 2.58 2.69 2.58 2.20 2.39 3.51 4.45 3.92 2.79 2.28 2.07 1.91 1.80 1.70 1.46 1.22 1.21 1.36 1.47 1.43 1.38 1.40 1.30 1.05 0.80 0.70 0.74 0.84 0.98 1.14 1.34 1.53 1.62 1.62 1.60 1.57 1.58 1.55 1.46 1.37 1.34 1.32 1.33 1.38 1.39 1.36 1.33 1.32 1.32 1.33 1.34 1.34 1.33 1.28 1.26 1.25 1.27 1.36 1.53 1.72 1.81 1.87 2.04 2.10 2.05 2.21 2.46 2.64 2.74 2.75 2.75
1.56 1.51 1.41 1.31 1.25 1.23 1.20 1.17 1.21 1.33 1.48 1.55 1.54 1.69 2.06 2.56 2.83 3.34 3.92 3.55 2.30 1.72 1.65 1.73 1.76 1.72 1.59 1.38 1.29 1.31 1.30 1.25 1.20 1.19 1.29 1.39 1.30 1.00 0.81 0.82 0.90 1.02 1.21 1.43 1.60 1.61 1.53 1.57 1.62 1.59 1.51 1.40 1.26 1.22 1.24 1.29 1.33 1.34 1.33 1.32 1.29 1.27 1.26 1.27 1.27 1.26 1.24 1.23 1.22 1.22 1.29 1.47 1.65 1.76 1.89 2.13 2.22 2.08 2.23 2.55 2.71 2.78 2.69 2.54
1.65 1.60 1.56 1.48 1.38 1.39 1.38 1.24 1.06 1.01 1.03 1.00 1.00 1.12 1.42 1.93 2.55 3.01 2.88 2.01 1.63 1.58 1.55 1.62 1.78 1.75 1.50 1.38 1.39 1.38 1.30 1.23 1.18 1.14 1.19 1.34 1.55 1.61 1.43 1.24 1.25 1.35 1.48 1.59 1.64 1.50 1.29 1.30 1.41 1.41 1.31 1.24 1.20 1.18 1.20 1.21 1.19 1.20 1.22 1.18 1.12 1.11 1.15 1.18 1.19 1.20 1.21 1.20 1.19 1.19 1.28 1.46 1.57 1.71 1.94 2.21 2.37 2.26 2.31 2.64 2.91 2.85 2.54 2.33
1.63 1.55 1.49 1.50 1.49 1.53 1.60 1.59 1.43 1.10 0.92 0.89 0.95 1.10 1.38 1.71 2.22 2.41 1.93 1.47 1.47 1.51 1.53 1.59 1.64 1.68 1.48 1.21 1.10 1.08 1.07 1.07 1.05 1.08 1.19 1.37 1.60 1.87 2.00 1.96 1.89 1.87 1.83 1.79 1.67 1.31 1.04 1.02 1.15 1.20 1.13 1.11 1.15 1.17 1.18 1.17 1.15 1.12 1.09 1.03 1.01 1.08 1.11 1.11 1.13 1.14 1.16 1.17 1.17 1.18 1.31 1.45 1.50 1.68 1.96 2.27 2.59 2.46 2.34 2.72 3.03 2.79 2.38 2.29
1.61 1.49 1.40 1.48 1.56 1.58 1.57 1.65 1.77 1.73 1.44 1.26 1.18 1.26 1.47 1.94 2.62 2.60 2.22 1.84 1.68 1.65 1.65 1.64 1.53 1.50 1.44 1.11 0.88 0.80 0.80 0.84 0.89 1.04 1.25 1.40 1.51 1.63 1.86 2.06 2.11 2.09 2.07 2.01 1.78 1.35 1.09 1.01 0.98 0.97 0.98 1.02 1.09 1.14 1.17 1.18 1.16 1.14 1.13 1.14 1.18 1.23 1.19 1.13 1.12 1.10 1.10 1.12 1.14 1.22 1.35 1.44 1.52 1.67 1.88 2.30 2.71 2.51 2.34 2.70 2.91 2.60 2.24 2.16
1.71 1.61 1.53 1.58 1.63 1.59 1.53 1.58 1.73 1.94 2.05 1.95 1.84 1.74 2.02 2.81 2.99 2.56 2.25 2.13 1.97 1.74 1.56 1.43 1.29 1.35 1.55 1.52 1.20 0.98 0.89 0.87 0.91 1.06 1.20 1.28 1.34 1.35 1.46 1.67 1.88 1.99 2.02 1.92 1.67 1.46 1.28 1.11 0.97 0.95 1.00 1.03 1.07 1.11 1.13 1.14 1.14 1.14 1.17 1.21 1.25 1.22 1.16 1.12 1.10 1.07 1.05 1.05 1.13 1.27 1.39 1.49 1.56 1.56 1.75 2.25 2.67 2.57 2.36 2.60 2.74 2.42 2.02 1.92
1.73 1.74 1.71 1.70 1.68 1.66 1.64 1.60 1.60 1.69 1.88 2.04 2.06 2.13 2.68 3.05 2.59 1.94 1.69 1.75 1.79 1.59 1.29 1.07 0.99 1.09 1.37 1.66 1.63 1.41 1.25 1.16 1.10 1.08 1.11 1.16 1.14 1.14 1.27 1.46 1.62 1.71 1.70 1.58 1.50 1.45 1.32 1.13 1.04 1.05 1.08 1.09 1.07 1.07 1.08 1.08 1.11 1.13 1.15 1.17 1.18 1.14 1.12 1.11 1.09 1.06 1.01 1.01 1.14 1.31 1.44 1.54 1.56 1.54 1.71 2.12 2.53 2.63 2.43 2.50 2.50 2.20 1.91 1.89
1.61 1.71 1.73 1.63 1.59 1.61 1.63 1.59 1.46 1.32 1.27 1.39 1.61 1.93 2.51 2.39 1.78 1.49 1.32 1.26 1.27 1.20 1.04 0.91 0.89 0.94 1.08 1.40 1.68 1.70 1.55 1.38 1.25 1.13 1.09 1.13 1.10 1.07 1.17 1.28 1.33 1.39 1.40 1.33 1.31 1.27 1.16 1.04 1.00 1.01 1.02 1.04 1.05 1.06 1.07 1.07 1.09 1.15 1.21 1.24 1.22 1.19 1.17 1.14 1.09 1.02 0.96 0.97 1.12 1.30 1.41 1.45 1.55 1.64 1.76 2.01 2.38 2.55 2.48 2.44 2.34 2.11 2.03 2.18
1.42 1.50 1.59 1.52 1.38 1.34 1.35 1.35 1.29 1.19 1.09 1.14 1.36 1.85 2.35 2.09 1.68 1.39 1.10 0.91 0.83 0.81 0.83 0.84 0.83 0.85 0.95 1.15 1.44 1.65 1.54 1.27 1.11 1.08 1.11 1.13 1.10 1.07 1.13 1.17 1.18 1.16 1.13 1.11 1.07 1.03 0.98 0.93 0.92 0.92 0.94 0.98 1.01 1.03 1.03 1.06 1.12 1.22 1.27 1.27 1.25 1.21 1.17 1.11 1.04 0.95 0.88 0.88 1.00 1.18 1.28 1.34 1.50 1.61 1.63 1.85 2.24 2.42 2.42 2.52 2.44 2.19 2.26 2.54
1.32 1.29 1.34 1.42 1.31 1.13 1.01 0.99 1.08 1.22 1.31 1.41 1.69 2.43 2.66 2.29 1.93 1.47 0.97 0.68 0.57 0.56 0.59 0.63 0.66 0.71 0.80 0.96 1.17 1.44 1.59 1.42 1.16 1.09 1.07 1.04 1.01 1.07 1.19 1.22 1.13 0.95 0.87 0.91 0.94 0.96 0.96 0.92 0.91 0.92 0.95 0.99 1.02 1.02 1.04 1.10 1.20 1.28 1.27 1.25 1.23 1.21 1.17 1.10 0.98 0.85 0.77 0.78 0.91 1.11 1.28 1.41 1.54 1.61 1.61 1.72 2.06 2.26 2.28 2.55 2.64 2.31 2.61 2.79
1.44 1.29 1.16 1.30 1.44 1.32 1.03 0.88 0.94 1.11 1.38 1.71 2.36 2.93 2.60 1.97 1.72 1.56 1.35 0.98 0.68 0.53 0.49 0.48 0.49 0.57 0.68 0.78 0.89 1.13 1.50 1.69 1.58 1.27 1.05 0.98 1.02 1.18 1.30 1.18 0.94 0.80 0.74 0.77 0.84 0.91 0.95 0.95 0.93 0.94 0.98 1.02 1.06 1.10 1.14 1.23 1.30 1.29 1.26 1.24 1.21 1.19 1.18 1.13 1.02 0.89 0.81 0.85 0.97 1.13 1.36 1.60 1.70 1.72 1.72 1.72 1.87 2.10 2.15 2.51 2.82 2.91 3.27 3.04
1.60 1.44 1.22 1.22 1.37 1.53 1.51 1.32 1.15 1.17 1.45 1.95 2.75 2.71 1.76 1.25 1.21 1.31 1.42 1.50 1.33 0.98 0.68 0.50 0.46 0.52 0.61 0.66 0.69 0.83 1.11 1.47 1.69 1.59 1.37 1.28 1.27 1.30 1.24 0.96 0.74 0.71 0.69 0.69 0.73 0.82 0.89 0.92 0.94 0.95 0.96 0.98 1.05 1.17 1.29 1.35 1.33 1.30 1.27 1.23 1.21 1.22 1.22 1.23 1.25 1.25 1.21 1.20 1.21 1.30 1.51 1.72 1.77 1.78 1.84 1.74 1.69 1.96 2.19 2.58 3.20 3.54 3.33 2.82
1.65 1.58 1.30 1.04 0.99 1.21 1.62 1.81 1.75 1.70 1.82 2.33 2.59 1.82 1.05 0.87 0.84 0.92 1.10 1.43 1.72 1.76 1.45 1.02 0.74 0.59 0.55 0.57 0.58 0.63 0.78 1.06 1.47 1.73 1.72 1.58 1.49 1.38 1.13 0.82 0.69 0.69 0.69 0.70 0.73 0.80 0.87 0.92 0.94 0.94 0.93 0.90 0.92 1.08 1.27 1.35 1.36 1.34 1.32 1.30 1.32 1.34 1.35 1.42 1.59 1.81 1.94 1.94 1.87 1.90 1.91 1.87 1.90 2.05 2.08 1.75 1.53 1.83 2.28 2.80 3.55 3.62 2.81 2.28
1.57 1.59 1.34 0.94 0.82 0.95 1.20 1.59 1.99 2.09 2.11 2.42 2.12 1.00 0.70 0.65 0.67 0.78 0.94 1.11 1.38 1.78 1.96 1.90 1.62 1.19 0.79 0.55 0.51 0.53 0.59 0.76 1.08 1.44 1.64 1.63 1.53 1.38 1.12 0.87 0.80 0.81 0.83 0.84 0.84 0.85 0.88 0.92 0.94 0.92 0.90 0.87 0.84 0.87 1.00 1.17 1.27 1.32 1.37 1.43 1.46 1.46 1.49 1.59 1.78 2.03 2.22 2.34 2.39 2.34 2.21 2.07 2.20 2.44 2.23 1.77 1.57 1.83 2.39 3.13 3.53 3.33 2.92 2.53
1.58 1.62 1.54 1.24 0.99 0.93 0.96 1.17 1.55 1.82 1.98 1.95 1.35 0.76 0.66 0.68 0.74 0.83 0.89 0.86 0.83 1.02 1.43 1.83 1.95 1.87 1.60 1.11 0.69 0.58 0.62 0.69 0.77 0.95 1.29 1.45 1.37 1.16 1.01 0.92 0.89 0.92 0.94 0.94 0.94 0.93 0.92 0.93 0.92 0.91 0.91 0.94 0.97 0.96 0.98 1.02 1.12 1.23 1.31 1.38 1.44 1.49 1.54 1.62 1.70 1.72 1.75 1.88 2.01 2.08 2.07 2.11 2.32 2.37 2.08 1.83 1.81 1.92 2.54 3.23 3.09 3.01 3.31 2.86
1.72 1.63 1.64 1.64 1.35 1.00 0.91 1.04 1.16 1.28 1.47 1.49 1.23 1.05 0.96 0.88 0.82 0.82 0.75 0.58 0.48 0.49 0.65 1.00 1.31 1.53 1.70 1.70 1.45 1.09 0.82 0.71 0.69 0.67 0.87 1.02 1.00 0.92 0.91 0.92 0.92 0.95 0.97 0.98 0.97 0.96 0.95 0.95 0.95 0.96 0.97 1.01 1.06 1.08 1.02 0.95 1.02 1.13 1.19 1.27 1.42 1.54 1.59 1.57 1.50 1.42 1.43 1.46 1.46 1.54 1.74 1.94 2.14 2.12 1.85 1.80 1.85 1.91 2.55 3.00 2.64 3.04 3.49 2.53
1.83 1.53 1.40 1.67 1.78 1.54 1.22 1.09 1.15 1.19 1.23 1.60 1.87 1.85 1.66 1.39 1.18 1.00 0.70 0.45 0.31 0.28 0.30 0.39 0.55 0.72 0.99 1.40 1.61 1.59 1.33 0.96 0.76 0.64 0.62 0.72 0.76 0.75 0.80 0.88 0.93 0.96 0.99 0.99 0.98 0.97 0.97 0.98 1.01 1.04 1.05 1.04 1.02 1.00 0.95 0.94 1.01 1.12 1.27 1.44 1.57 1.66 1.69 1.62 1.49 1.42 1.39 1.30 1.20 1.26 1.43 1.70 1.94 1.94 1.67 1.57 1.66 1.88 2.48 2.72 2.67 3.41 3.26 1.62
1.92 1.48 1.20 1.46 1.88 2.13 2.08 1.74 1.55 1.42 1.63 2.28 2.38 2.33 2.32 2.20 2.04 1.83 1.52 1.13 0.84 0.60 0.38 0.24 0.25 0.30 0.38 0.55 0.86 1.22 1.43 1.33 1.02 0.72 0.58 0.65 0.69 0.71 0.75 0.84 0.92 0.98 1.01 1.04 1.04 1.03 1.03 1.03 1.05 1.05 1.04 1.00 0.95 0.94 0.98 1.06 1.13 1.23 1.44 1.59 1.63 1.64 1.66 1.72 1.78 1.78 1.67 1.47 1.36 1.36 1.37 1.50 1.77 1.80 1.55 1.38 1.49 1.90 2.29 2.58 3.21 3.45 2.32 1.14
1.98 1.46 1.08 1.19 1.49 1.95 2.26 2.28 2.09 2.04 2.64 2.74 2.17 1.96 2.07 2.20 2.19 2.18 2.21 2.19 2.07 1.78 1.34 0.88 0.49 0.30 0.24 0.23 0.29 0.44 0.73 1.09 1.03 0.76 0.67 0.73 0.77 0.79 0.83 0.87 0.93 1.00 1.06 1.12 1.15 1.12 1.11 1.10 1.09 1.06 1.03 0.99 0.91 0.86 0.89 0.98 1.12 1.29 1.39 1.45 1.49 1.50 1.54 1.69 1.92 2.06 2.11 2.15 2.17 2.10 2.00 1.94 1.96 1.90 1.62 1.48 1.75 2.32 2.55 2.95 3.47 2.63 1.33 0.84
2.02 1.47 0.97 1.01 1.17 1.36 1.62 2.01 2.38 2.74 2.93 2.34 1.64 1.43 1.39 1.50 1.70 1.79 1.84 2.02 2.27 2.38 2.36 2.16 1.65 1.01 0.72 0.63 0.56 0.45 0.45 0.72 0.89 0.81 0.79 0.87 0.92 0.92 0.92 0.94 0.99 1.05 1.09 1.15 1.21 1.21 1.20 1.19 1.17 1.13 1.08 1.01 0.91 0.79 0.76 0.87 1.04 1.17 1.28 1.37 1.39 1.43 1.52 1.65 1.77 1.91 2.11 2.30 2.48 2.67 2.82 2.79 2.59 2.26 1.93 1.93 2.58 3.30 3.40 3.47 2.99 1.39 0.83 0.82
2.06 1.87 1.46 1.20 1.19 1.38 1.56 1.81 2.39 2.61 2.30 1.70 1.40 1.25 1.13 1.11 1.27 1.44 1.42 1.38 1.57 1.90 2.20 2.48 2.50 2.18 1.60 1.25 1.05 0.84 0.66 0.69 0.86 0.87 0.86 0.93 1.02 1.05 1.04 1.04 1.07 1.12 1.13 1.15 1.19 1.21 1.20 1.21 1.20 1.17 1.13 1.06 0.94 0.82 0.79 0.87 0.94 1.01 1.13 1.23 1.31 1.41 1.50 1.59 1.69 1.81 1.92 2.00 2.10 2.34 2.60 2.64 2.50 2.27 2.17 2.52 3.34 3.52 2.99 2.63 1.67 0.67 0.65 0.88
1.90 2.13 2.37 2.04 1.78 1.87 1.81 1.85 2.18 2.01 1.63 1.57 1.40 1.17 1.00 0.91 0.91 1.12 1.33 1.32 1.25 1.32 1.51 1.78 2.22 2.47 2.17 1.47 1.11 0.96 0.78 0.73 0.85 0.90 0.89 0.93 1.03 1.11 1.15 1.15 1.15 1.18 1.20 1.19 1.21 1.21 1.15 1.14 1.19 1.19 1.18 1.16 1.06 0.93 0.86 0.88 0.92 0.97 1.03 1.07 1.15 1.34 1.49 1.60 1.74 1.83 1.83 1.79 1.79 1.92 2.12 2.03 1.83 1.87 2.17 2.82 3.28 2.69 1.68 1.24 0.70 0.33 0.50 0.80
1.56 1.68 2.19 2.42 2.33 2.07 1.71 1.75 2.10 1.81 1.43 1.51 1.54 1.33 1.00 0.79 0.68 0.74 0.98 1.18 1.17 1.11 1.10 1.23 1.56 2.09 2.28 1.69 1.06 0.97 0.95 0.89 0.91 0.96 0.97 0.96 1.02 1.11 1.17 1.21 1.23 1.24 1.24 1.23 1.26 1.30 1.24 1.12 1.13 1.18 1.20 1.22 1.20 1.07 0.93 0.90 0.95 0.98 1.05 1.11 1.10 1.23 1.48 1.66 1.76 1.77 1.75 1.76 1.83 2.04 2.21 1.92 1.54 1.64 2.14 2.73 2.67 1.62 0.94 0.63 0.25 0.02 0.29 0.74
