windninja/windninja_output/Output_2025-08-09_0900-0950_Google earth_Fire_150m_10min/merlingen_7.5mi_point_08-09-2025_0950_150m_vel.asc
ncols	158
nrows	163
xllcorner	391686.332397
yllcorner	5160024.123721
cellsize	150.000000
NODATA_value	-32768.000000
[rows 114 to 151 of 163, columns 0 to 83 of 158]
0.32 0.29 0.24 0.21 0.21 0.20 0.19 0.19 0.18 0.18 0.21 0.25 0.27 0.26 0.25 0.27 0.28 0.30 0.31 0.30 0.29 0.28 0.26 0.23 0.26 0.32 0.33 0.32 0.32 0.34 0.33 0.37 0.46 0.60 0.65 0.56 0.46 0.42 0.38 0.34 0.32 0.40 0.53 0.56 0.48 0.42 0.42 0.42 0.40 0.39 0.38 0.36 0.35 0.35 0.37 0.37 0.36 0.35 0.37 0.38 0.36 0.34 0.35 0.39 0.38 0.37 0.38 0.38 0.39 0.38 0.37 0.41 0.44 0.44 0.45 0.49 0.51 0.51 0.49 0.50 0.57 0.58 0.50 0.46
0.33 0.30 0.27 0.25 0.24 0.23 0.22 0.20 0.18 0.19 0.25 0.30 0.29 0.26 0.26 0.31 0.34 0.33 0.30 0.27 0.28 0.30 0.32 0.34 0.36 0.37 0.36 0.34 0.37 0.37 0.34 0.37 0.48 0.60 0.63 0.57 0.50 0.44 0.38 0.34 0.38 0.51 0.58 0.56 0.50 0.48 0.46 0.42 0.40 0.40 0.38 0.37 0.35 0.35 0.36 0.36 0.35 0.35 0.36 0.38 0.37 0.34 0.35 0.39 0.39 0.37 0.37 0.39 0.39 0.38 0.38 0.39 0.43 0.44 0.44 0.48 0.52 0.52 0.49 0.48 0.57 0.59 0.51 0.45
0.33 0.31 0.28 0.26 0.24 0.23 0.22 0.21 0.21 0.24 0.30 0.32 0.28 0.26 0.28 0.36 0.36 0.31 0.29 0.30 0.33 0.37 0.41 0.43 0.42 0.40 0.36 0.34 0.39 0.41 0.40 0.41 0.46 0.57 0.63 0.61 0.55 0.46 0.41 0.42 0.49 0.58 0.57 0.52 0.51 0.47 0.41 0.37 0.39 0.41 0.40 0.38 0.36 0.34 0.34 0.35 0.35 0.35 0.36 0.38 0.36 0.34 0.36 0.39 0.40 0.37 0.36 0.38 0.39 0.39 0.38 0.38 0.41 0.45 0.45 0.47 0.50 0.52 0.50 0.48 0.55 0.61 0.52 0.43
0.32 0.30 0.27 0.24 0.23 0.22 0.22 0.24 0.27 0.30 0.33 0.31 0.27 0.26 0.31 0.36 0.33 0.30 0.33 0.38 0.42 0.45 0.47 0.47 0.46 0.47 0.44 0.39 0.45 0.44 0.41 0.41 0.46 0.59 0.69 0.67 0.58 0.47 0.45 0.53 0.59 0.59 0.53 0.50 0.49 0.43 0.40 0.41 0.43 0.44 0.44 0.40 0.36 0.34 0.33 0.34 0.36 0.35 0.36 0.37 0.37 0.35 0.37 0.40 0.40 0.37 0.36 0.38 0.39 0.38 0.38 0.38 0.40 0.44 0.47 0.48 0.48 0.50 0.51 0.49 0.56 0.61 0.51 0.40
0.32 0.29 0.25 0.24 0.23 0.23 0.24 0.26 0.29 0.32 0.32 0.30 0.27 0.28 0.32 0.34 0.32 0.32 0.37 0.41 0.43 0.44 0.44 0.45 0.47 0.50 0.54 0.57 0.56 0.52 0.47 0.50 0.61 0.78 0.77 0.69 0.64 0.54 0.55 0.63 0.61 0.55 0.50 0.48 0.46 0.45 0.45 0.47 0.48 0.47 0.44 0.39 0.36 0.33 0.32 0.34 0.36 0.35 0.35 0.37 0.38 0.37 0.38 0.41 0.40 0.37 0.37 0.37 0.38 0.38 0.38 0.38 0.38 0.41 0.47 0.49 0.46 0.47 0.50 0.52 0.57 0.59 0.49 0.38
0.33 0.30 0.25 0.23 0.23 0.24 0.25 0.26 0.28 0.29 0.29 0.29 0.29 0.30 0.30 0.32 0.36 0.36 0.36 0.37 0.38 0.39 0.40 0.43 0.46 0.49 0.52 0.56 0.57 0.61 0.69 0.78 0.84 0.84 0.70 0.58 0.57 0.61 0.66 0.67 0.59 0.52 0.49 0.49 0.51 0.50 0.47 0.47 0.46 0.44 0.40 0.36 0.33 0.31 0.30 0.32 0.35 0.36 0.36 0.37 0.39 0.38 0.39 0.41 0.39 0.37 0.36 0.35 0.36 0.39 0.39 0.38 0.37 0.40 0.45 0.48 0.46 0.46 0.50 0.54 0.57 0.57 0.49 0.41
0.34 0.30 0.26 0.24 0.23 0.22 0.22 0.24 0.28 0.28 0.27 0.30 0.31 0.31 0.30 0.32 0.37 0.38 0.36 0.35 0.35 0.36 0.39 0.42 0.45 0.47 0.47 0.48 0.55 0.66 0.74 0.77 0.75 0.67 0.56 0.50 0.49 0.55 0.59 0.56 0.54 0.53 0.53 0.55 0.55 0.51 0.49 0.49 0.46 0.42 0.38 0.35 0.32 0.31 0.29 0.30 0.34 0.36 0.36 0.38 0.40 0.39 0.38 0.37 0.32 0.33 0.34 0.32 0.35 0.39 0.40 0.38 0.38 0.39 0.42 0.44 0.46 0.47 0.50 0.53 0.55 0.55 0.50 0.44
0.34 0.31 0.29 0.30 0.30 0.26 0.25 0.26 0.28 0.27 0.27 0.32 0.33 0.33 0.33 0.34 0.38 0.38 0.35 0.33 0.31 0.33 0.36 0.40 0.44 0.47 0.47 0.49 0.60 0.71 0.70 0.63 0.60 0.55 0.52 0.48 0.45 0.44 0.41 0.41 0.43 0.46 0.49 0.49 0.47 0.46 0.48 0.48 0.43 0.40 0.37 0.34 0.33 0.30 0.28 0.29 0.34 0.37 0.36 0.38 0.39 0.34 0.30 0.29 0.27 0.31 0.36 0.33 0.34 0.39 0.40 0.38 0.39 0.39 0.39 0.40 0.43 0.47 0.50 0.53 0.54 0.55 0.52 0.48
0.34 0.32 0.32 0.34 0.35 0.35 0.34 0.32 0.30 0.27 0.27 0.34 0.36 0.33 0.32 0.33 0.36 0.36 0.30 0.27 0.28 0.32 0.35 0.38 0.44 0.45 0.46 0.52 0.68 0.76 0.68 0.62 0.58 0.51 0.50 0.47 0.42 0.40 0.36 0.35 0.35 0.35 0.38 0.38 0.37 0.39 0.40 0.37 0.35 0.34 0.33 0.33 0.31 0.28 0.28 0.30 0.34 0.36 0.35 0.35 0.32 0.26 0.24 0.25 0.27 0.34 0.40 0.39 0.37 0.38 0.39 0.39 0.40 0.40 0.38 0.37 0.38 0.43 0.49 0.52 0.55 0.57 0.55 0.53
0.31 0.30 0.29 0.30 0.30 0.31 0.32 0.33 0.32 0.29 0.28 0.37 0.37 0.29 0.27 0.29 0.32 0.31 0.25 0.24 0.27 0.31 0.34 0.38 0.44 0.46 0.46 0.56 0.78 0.82 0.66 0.59 0.55 0.48 0.48 0.47 0.40 0.38 0.37 0.33 0.32 0.32 0.33 0.34 0.36 0.38 0.37 0.33 0.32 0.31 0.32 0.33 0.29 0.26 0.26 0.27 0.29 0.32 0.31 0.29 0.24 0.22 0.25 0.28 0.30 0.38 0.43 0.42 0.40 0.37 0.37 0.39 0.41 0.40 0.39 0.37 0.36 0.40 0.46 0.49 0.54 0.60 0.60 0.55
0.30 0.28 0.27 0.26 0.26 0.27 0.29 0.29 0.30 0.30 0.32 0.36 0.31 0.23 0.23 0.26 0.28 0.27 0.25 0.25 0.29 0.33 0.35 0.39 0.44 0.45 0.50 0.71 0.98 0.86 0.59 0.53 0.53 0.48 0.46 0.46 0.40 0.38 0.37 0.33 0.32 0.31 0.31 0.33 0.37 0.38 0.38 0.35 0.32 0.33 0.34 0.32 0.28 0.25 0.24 0.23 0.24 0.27 0.28 0.24 0.22 0.26 0.30 0.32 0.35 0.40 0.42 0.42 0.41 0.36 0.35 0.39 0.41 0.41 0.40 0.38 0.37 0.40 0.44 0.47 0.50 0.60 0.62 0.54
0.30 0.29 0.28 0.28 0.28 0.28 0.28 0.29 0.32 0.33 0.33 0.32 0.26 0.20 0.21 0.24 0.26 0.25 0.25 0.30 0.36 0.39 0.39 0.41 0.48 0.54 0.73 1.07 1.05 0.73 0.49 0.48 0.51 0.47 0.44 0.45 0.41 0.38 0.37 0.33 0.31 0.29 0.29 0.32 0.37 0.38 0.38 0.36 0.33 0.33 0.32 0.30 0.27 0.25 0.23 0.22 0.23 0.26 0.28 0.25 0.26 0.33 0.34 0.34 0.37 0.40 0.40 0.40 0.40 0.37 0.35 0.39 0.42 0.42 0.42 0.40 0.39 0.40 0.43 0.45 0.46 0.55 0.62 0.56
0.27 0.27 0.27 0.28 0.28 0.28 0.28 0.31 0.34 0.34 0.32 0.29 0.24 0.20 0.23 0.25 0.25 0.24 0.27 0.32 0.39 0.51 0.53 0.55 0.75 0.97 1.06 1.07 0.81 0.53 0.45 0.45 0.49 0.45 0.43 0.45 0.41 0.37 0.36 0.33 0.30 0.28 0.29 0.32 0.37 0.41 0.40 0.36 0.33 0.32 0.30 0.27 0.24 0.23 0.21 0.21 0.22 0.26 0.30 0.30 0.32 0.34 0.34 0.33 0.36 0.38 0.38 0.38 0.38 0.38 0.38 0.42 0.45 0.44 0.43 0.43 0.41 0.40 0.42 0.44 0.44 0.51 0.58 0.58
0.27 0.26 0.27 0.27 0.28 0.28 0.30 0.34 0.34 0.33 0.31 0.29 0.28 0.27 0.29 0.29 0.26 0.28 0.32 0.39 0.57 0.77 0.85 0.88 0.93 0.99 0.90 0.68 0.52 0.44 0.42 0.45 0.48 0.44 0.42 0.44 0.41 0.37 0.33 0.31 0.29 0.28 0.30 0.33 0.38 0.43 0.40 0.34 0.30 0.28 0.27 0.25 0.22 0.20 0.19 0.18 0.20 0.25 0.31 0.31 0.31 0.32 0.31 0.32 0.35 0.36 0.36 0.36 0.36 0.37 0.40 0.45 0.46 0.46 0.45 0.46 0.42 0.41 0.44 0.45 0.46 0.51 0.54 0.56
0.27 0.27 0.27 0.27 0.27 0.29 0.32 0.34 0.34 0.32 0.31 0.32 0.35 0.36 0.35 0.31 0.30 0.35 0.48 0.79 0.97 0.93 0.85 0.78 0.74 0.67 0.57 0.47 0.41 0.38 0.40 0.45 0.47 0.42 0.39 0.40 0.40 0.37 0.31 0.30 0.29 0.29 0.32 0.34 0.39 0.44 0.40 0.31 0.25 0.25 0.25 0.23 0.20 0.18 0.18 0.18 0.20 0.26 0.31 0.30 0.29 0.30 0.30 0.32 0.34 0.35 0.35 0.35 0.35 0.36 0.40 0.45 0.48 0.47 0.46 0.47 0.44 0.44 0.47 0.48 0.50 0.53 0.53 0.54
0.26 0.25 0.24 0.24 0.24 0.25 0.28 0.31 0.31 0.31 0.32 0.35 0.37 0.38 0.37 0.38 0.40 0.51 0.83 1.09 0.96 0.71 0.58 0.51 0.52 0.54 0.51 0.43 0.37 0.37 0.40 0.43 0.41 0.37 0.36 0.38 0.39 0.34 0.30 0.30 0.31 0.32 0.34 0.37 0.41 0.44 0.40 0.29 0.25 0.26 0.25 0.22 0.18 0.16 0.16 0.17 0.20 0.25 0.29 0.29 0.29 0.29 0.30 0.32 0.33 0.34 0.34 0.34 0.34 0.35 0.38 0.44 0.49 0.49 0.48 0.49 0.48 0.45 0.47 0.51 0.53 0.54 0.54 0.54
0.26 0.25 0.24 0.24 0.23 0.24 0.26 0.27 0.28 0.29 0.31 0.31 0.30 0.31 0.34 0.42 0.57 0.80 1.00 0.94 0.64 0.50 0.48 0.48 0.51 0.55 0.49 0.40 0.38 0.40 0.41 0.39 0.36 0.34 0.33 0.35 0.37 0.34 0.31 0.32 0.34 0.35 0.38 0.42 0.45 0.44 0.38 0.28 0.26 0.26 0.23 0.19 0.15 0.14 0.15 0.17 0.20 0.24 0.28 0.29 0.29 0.29 0.30 0.31 0.33 0.33 0.34 0.34 0.34 0.34 0.37 0.43 0.48 0.50 0.51 0.53 0.52 0.47 0.48 0.53 0.56 0.56 0.54 0.51
0.27 0.27 0.26 0.26 0.25 0.27 0.28 0.26 0.26 0.26 0.26 0.25 0.24 0.26 0.32 0.43 0.65 0.86 0.84 0.60 0.50 0.49 0.48 0.48 0.52 0.55 0.45 0.40 0.41 0.42 0.41 0.39 0.36 0.33 0.32 0.34 0.36 0.38 0.36 0.35 0.38 0.41 0.43 0.46 0.46 0.41 0.33 0.26 0.25 0.23 0.18 0.14 0.12 0.13 0.15 0.16 0.18 0.22 0.27 0.28 0.27 0.28 0.29 0.31 0.32 0.33 0.34 0.33 0.33 0.33 0.37 0.42 0.45 0.49 0.53 0.57 0.57 0.51 0.50 0.56 0.60 0.58 0.51 0.47
0.27 0.26 0.25 0.25 0.27 0.30 0.31 0.29 0.27 0.26 0.25 0.24 0.24 0.28 0.36 0.46 0.69 0.83 0.67 0.51 0.50 0.50 0.49 0.50 0.54 0.52 0.42 0.38 0.38 0.37 0.37 0.36 0.34 0.32 0.34 0.37 0.40 0.42 0.40 0.40 0.45 0.46 0.46 0.48 0.44 0.34 0.25 0.23 0.23 0.20 0.14 0.11 0.11 0.13 0.15 0.16 0.17 0.21 0.25 0.26 0.27 0.29 0.29 0.30 0.32 0.32 0.33 0.33 0.32 0.33 0.37 0.41 0.43 0.48 0.54 0.59 0.63 0.56 0.50 0.58 0.63 0.57 0.48 0.46
0.26 0.24 0.24 0.26 0.29 0.31 0.30 0.30 0.31 0.31 0.29 0.28 0.28 0.32 0.40 0.56 0.82 0.85 0.69 0.57 0.55 0.54 0.53 0.53 0.51 0.46 0.39 0.36 0.36 0.34 0.33 0.32 0.31 0.33 0.38 0.40 0.42 0.42 0.40 0.43 0.47 0.46 0.46 0.47 0.40 0.29 0.23 0.22 0.21 0.16 0.11 0.10 0.11 0.13 0.15 0.16 0.17 0.21 0.25 0.26 0.29 0.31 0.30 0.30 0.32 0.32 0.33 0.34 0.33 0.34 0.38 0.40 0.42 0.46 0.53 0.61 0.68 0.59 0.51 0.58 0.62 0.55 0.46 0.44
0.27 0.26 0.27 0.29 0.31 0.31 0.30 0.31 0.33 0.35 0.36 0.35 0.36 0.40 0.55 0.85 0.95 0.83 0.66 0.59 0.57 0.55 0.52 0.49 0.43 0.39 0.38 0.38 0.38 0.37 0.35 0.34 0.33 0.36 0.39 0.40 0.40 0.39 0.39 0.44 0.47 0.45 0.45 0.42 0.31 0.25 0.23 0.20 0.16 0.14 0.12 0.11 0.12 0.14 0.15 0.15 0.16 0.21 0.25 0.27 0.30 0.31 0.29 0.29 0.31 0.32 0.33 0.34 0.35 0.36 0.38 0.40 0.42 0.43 0.50 0.62 0.70 0.63 0.53 0.57 0.60 0.53 0.43 0.40
0.28 0.29 0.31 0.32 0.32 0.31 0.31 0.33 0.33 0.35 0.36 0.37 0.39 0.49 0.81 1.00 0.89 0.71 0.60 0.55 0.52 0.48 0.45 0.40 0.36 0.35 0.37 0.40 0.41 0.41 0.39 0.37 0.38 0.38 0.38 0.38 0.37 0.35 0.40 0.48 0.48 0.44 0.41 0.34 0.25 0.22 0.20 0.16 0.13 0.13 0.13 0.12 0.13 0.14 0.14 0.14 0.17 0.22 0.26 0.28 0.30 0.29 0.28 0.29 0.30 0.32 0.32 0.34 0.39 0.40 0.40 0.41 0.41 0.40 0.46 0.59 0.69 0.68 0.58 0.57 0.57 0.50 0.43 0.41
0.28 0.29 0.30 0.30 0.31 0.31 0.32 0.32 0.31 0.31 0.30 0.32 0.35 0.53 0.89 0.90 0.71 0.64 0.57 0.52 0.47 0.40 0.38 0.37 0.36 0.35 0.37 0.41 0.44 0.43 0.40 0.39 0.39 0.39 0.39 0.39 0.36 0.34 0.42 0.51 0.47 0.42 0.37 0.26 0.21 0.19 0.16 0.12 0.11 0.13 0.13 0.12 0.13 0.14 0.14 0.14 0.18 0.24 0.27 0.29 0.29 0.29 0.29 0.29 0.29 0.31 0.31 0.34 0.41 0.44 0.42 0.41 0.41 0.41 0.44 0.53 0.65 0.68 0.63 0.58 0.54 0.48 0.46 0.47
0.26 0.27 0.27 0.27 0.27 0.29 0.28 0.28 0.27 0.28 0.28 0.31 0.36 0.61 0.90 0.81 0.67 0.62 0.53 0.48 0.43 0.38 0.36 0.37 0.36 0.35 0.37 0.42 0.46 0.43 0.36 0.35 0.37 0.38 0.40 0.40 0.36 0.34 0.43 0.52 0.47 0.40 0.31 0.21 0.17 0.16 0.13 0.09 0.10 0.12 0.12 0.13 0.14 0.15 0.14 0.15 0.20 0.26 0.29 0.29 0.29 0.28 0.29 0.28 0.28 0.29 0.30 0.34 0.42 0.47 0.44 0.41 0.43 0.43 0.41 0.47 0.59 0.65 0.65 0.64 0.58 0.50 0.50 0.54
0.24 0.24 0.24 0.24 0.25 0.25 0.24 0.23 0.25 0.28 0.32 0.37 0.49 0.83 0.96 0.79 0.65 0.55 0.45 0.43 0.43 0.39 0.37 0.36 0.35 0.35 0.38 0.43 0.46 0.40 0.34 0.34 0.37 0.39 0.40 0.39 0.35 0.35 0.44 0.53 0.45 0.32 0.24 0.19 0.15 0.14 0.12 0.09 0.10 0.12 0.13 0.15 0.15 0.15 0.15 0.19 0.24 0.28 0.28 0.28 0.28 0.28 0.28 0.26 0.25 0.27 0.29 0.34 0.41 0.48 0.49 0.46 0.45 0.45 0.42 0.43 0.53 0.60 0.61 0.67 0.66 0.53 0.56 0.59
0.24 0.23 0.22 0.24 0.26 0.24 0.22 0.22 0.26 0.30 0.36 0.47 0.76 1.04 0.95 0.68 0.55 0.47 0.41 0.40 0.43 0.41 0.38 0.36 0.35 0.36 0.39 0.43 0.43 0.38 0.34 0.37 0.40 0.38 0.39 0.37 0.35 0.40 0.48 0.50 0.37 0.23 0.20 0.16 0.14 0.14 0.13 0.10 0.11 0.13 0.15 0.17 0.16 0.16 0.19 0.24 0.28 0.28 0.28 0.28 0.27 0.28 0.27 0.24 0.23 0.25 0.29 0.35 0.41 0.46 0.52 0.54 0.50 0.47 0.45 0.43 0.47 0.55 0.57 0.65 0.71 0.66 0.68 0.61
0.25 0.24 0.24 0.26 0.27 0.25 0.26 0.27 0.28 0.34 0.43 0.61 0.99 1.04 0.71 0.51 0.46 0.42 0.38 0.40 0.44 0.44 0.40 0.37 0.36 0.38 0.40 0.41 0.41 0.37 0.35 0.38 0.39 0.37 0.42 0.41 0.39 0.43 0.45 0.40 0.27 0.19 0.18 0.15 0.13 0.14 0.13 0.11 0.13 0.15 0.17 0.18 0.18 0.20 0.25 0.28 0.28 0.27 0.27 0.27 0.27 0.28 0.27 0.22 0.22 0.26 0.31 0.36 0.41 0.46 0.53 0.57 0.54 0.49 0.48 0.43 0.42 0.50 0.56 0.64 0.76 0.79 0.70 0.56
0.25 0.24 0.24 0.24 0.23 0.25 0.31 0.33 0.34 0.44 0.55 0.84 1.04 0.79 0.49 0.43 0.41 0.40 0.40 0.45 0.48 0.46 0.42 0.40 0.40 0.41 0.41 0.39 0.39 0.36 0.36 0.38 0.39 0.41 0.45 0.43 0.40 0.40 0.36 0.26 0.20 0.18 0.17 0.14 0.14 0.14 0.13 0.13 0.15 0.16 0.17 0.19 0.21 0.25 0.29 0.29 0.27 0.27 0.27 0.27 0.28 0.29 0.27 0.24 0.26 0.31 0.36 0.39 0.42 0.49 0.53 0.56 0.58 0.57 0.52 0.41 0.37 0.47 0.57 0.68 0.83 0.84 0.64 0.50
0.25 0.23 0.21 0.20 0.22 0.27 0.31 0.35 0.42 0.50 0.65 0.98 0.97 0.53 0.40 0.41 0.40 0.44 0.48 0.50 0.49 0.45 0.43 0.44 0.45 0.44 0.41 0.37 0.36 0.36 0.37 0.40 0.41 0.43 0.45 0.42 0.37 0.33 0.25 0.17 0.16 0.17 0.16 0.15 0.15 0.14 0.14 0.15 0.16 0.16 0.17 0.21 0.27 0.29 0.30 0.28 0.26 0.27 0.28 0.29 0.31 0.31 0.29 0.29 0.33 0.39 0.42 0.44 0.46 0.50 0.51 0.53 0.61 0.65 0.52 0.38 0.34 0.45 0.60 0.75 0.83 0.79 0.69 0.57
0.26 0.24 0.22 0.22 0.25 0.28 0.31 0.36 0.44 0.49 0.68 0.89 0.72 0.45 0.41 0.42 0.44 0.51 0.53 0.48 0.44 0.42 0.43 0.45 0.46 0.45 0.41 0.37 0.37 0.39 0.41 0.43 0.43 0.42 0.44 0.40 0.31 0.22 0.15 0.12 0.14 0.16 0.16 0.16 0.15 0.14 0.15 0.16 0.16 0.16 0.19 0.26 0.32 0.34 0.33 0.28 0.26 0.28 0.29 0.30 0.32 0.32 0.32 0.33 0.36 0.40 0.43 0.44 0.45 0.47 0.48 0.52 0.64 0.65 0.48 0.35 0.35 0.42 0.62 0.78 0.72 0.70 0.77 0.64
0.28 0.25 0.26 0.27 0.26 0.27 0.31 0.37 0.43 0.46 0.62 0.82 0.67 0.50 0.47 0.45 0.47 0.54 0.52 0.40 0.39 0.41 0.43 0.44 0.42 0.39 0.37 0.39 0.41 0.42 0.44 0.46 0.43 0.40 0.42 0.36 0.22 0.14 0.10 0.11 0.13 0.16 0.16 0.15 0.15 0.15 0.16 0.16 0.16 0.18 0.24 0.31 0.37 0.39 0.34 0.27 0.27 0.29 0.29 0.32 0.34 0.34 0.34 0.35 0.35 0.38 0.42 0.43 0.42 0.42 0.45 0.53 0.64 0.64 0.47 0.35 0.35 0.40 0.63 0.74 0.62 0.70 0.79 0.57
0.27 0.25 0.27 0.29 0.29 0.30 0.34 0.39 0.45 0.46 0.55 0.86 0.83 0.60 0.52 0.47 0.50 0.54 0.44 0.36 0.38 0.41 0.43 0.43 0.39 0.36 0.37 0.40 0.42 0.42 0.43 0.45 0.41 0.38 0.37 0.28 0.18 0.12 0.10 0.11 0.14 0.15 0.15 0.15 0.15 0.15 0.16 0.16 0.17 0.23 0.30 0.35 0.40 0.40 0.33 0.28 0.29 0.30 0.32 0.37 0.38 0.36 0.36 0.35 0.33 0.37 0.42 0.41 0.40 0.42 0.44 0.51 0.63 0.63 0.48 0.35 0.34 0.40 0.61 0.69 0.64 0.78 0.74 0.39
0.26 0.24 0.28 0.31 0.35 0.39 0.41 0.44 0.50 0.49 0.64 0.98 0.90 0.62 0.55 0.53 0.55 0.53 0.43 0.39 0.41 0.42 0.43 0.40 0.38 0.39 0.39 0.40 0.39 0.38 0.39 0.40 0.36 0.31 0.26 0.22 0.16 0.12 0.11 0.12 0.14 0.14 0.15 0.15 0.16 0.16 0.17 0.17 0.21 0.27 0.32 0.37 0.42 0.41 0.36 0.34 0.33 0.34 0.39 0.42 0.40 0.37 0.36 0.35 0.37 0.41 0.43 0.40 0.40 0.43 0.44 0.48 0.60 0.63 0.48 0.35 0.36 0.45 0.55 0.64 0.76 0.78 0.54 0.31
0.24 0.24 0.28 0.31 0.37 0.43 0.44 0.48 0.54 0.64 0.94 1.04 0.75 0.52 0.49 0.51 0.52 0.50 0.45 0.45 0.45 0.45 0.42 0.39 0.38 0.41 0.41 0.40 0.41 0.37 0.34 0.34 0.29 0.21 0.18 0.18 0.16 0.13 0.13 0.13 0.14 0.14 0.15 0.16 0.18 0.17 0.17 0.20 0.25 0.30 0.33 0.39 0.44 0.42 0.39 0.38 0.37 0.39 0.42 0.42 0.39 0.36 0.36 0.39 0.42 0.45 0.46 0.47 0.48 0.48 0.50 0.51 0.57 0.60 0.48 0.37 0.44 0.56 0.57 0.65 0.79 0.62 0.37 0.30
0.23 0.22 0.26 0.30 0.36 0.40 0.42 0.47 0.63 0.86 1.00 0.84 0.54 0.44 0.42 0.43 0.44 0.44 0.43 0.43 0.44 0.44 0.41 0.37 0.40 0.43 0.44 0.43 0.43 0.36 0.30 0.29 0.24 0.17 0.15 0.17 0.17 0.15 0.13 0.13 0.13 0.15 0.16 0.17 0.19 0.19 0.19 0.24 0.29 0.30 0.33 0.40 0.45 0.44 0.43 0.42 0.41 0.41 0.42 0.42 0.38 0.36 0.39 0.42 0.44 0.47 0.50 0.52 0.54 0.57 0.60 0.59 0.58 0.55 0.47 0.44 0.59 0.71 0.67 0.71 0.68 0.40 0.35 0.34
0.27 0.28 0.30 0.33 0.37 0.43 0.46 0.52 0.78 0.91 0.78 0.56 0.46 0.41 0.39 0.40 0.41 0.40 0.39 0.39 0.40 0.39 0.36 0.36 0.41 0.45 0.47 0.46 0.41 0.34 0.27 0.24 0.22 0.17 0.15 0.17 0.17 0.15 0.13 0.13 0.14 0.16 0.18 0.18 0.19 0.20 0.22 0.27 0.30 0.30 0.34 0.40 0.45 0.48 0.49 0.47 0.43 0.40 0.42 0.42 0.38 0.39 0.41 0.44 0.46 0.49 0.51 0.52 0.53 0.59 0.63 0.58 0.52 0.48 0.46 0.57 0.76 0.75 0.59 0.56 0.44 0.29 0.37 0.41
0.34 0.36 0.39 0.39 0.47 0.53 0.51 0.58 0.89 0.89 0.60 0.47 0.43 0.39 0.38 0.38 0.37 0.37 0.38 0.39 0.38 0.35 0.32 0.33 0.38 0.44 0.45 0.39 0.32 0.27 0.21 0.19 0.19 0.17 0.16 0.17 0.16 0.15 0.14 0.14 0.15 0.18 0.19 0.19 0.19 0.22 0.26 0.28 0.29 0.30 0.33 0.40 0.46 0.53 0.55 0.50 0.45 0.42 0.41 0.40 0.39 0.40 0.43 0.47 0.50 0.51 0.51 0.50 0.51 0.57 0.61 0.54 0.43 0.41 0.49 0.69 0.80 0.62 0.38 0.35 0.27 0.22 0.35 0.47
0.36 0.36 0.39 0.44 0.50 0.51 0.46 0.60 0.93 0.85 0.52 0.43 0.40 0.37 0.37 0.36 0.35 0.36 0.38 0.38 0.35 0.31 0.30 0.31 0.35 0.41 0.43 0.35 0.27 0.23 0.19 0.17 0.17 0.18 0.18 0.17 0.16 0.15 0.14 0.15 0.16 0.19 0.20 0.19 0.20 0.25 0.29 0.29 0.29 0.31 0.33 0.39 0.48 0.56 0.58 0.53 0.48 0.44 0.43 0.43 0.40 0.41 0.46 0.50 0.53 0.52 0.50 0.50 0.52 0.60 0.64 0.51 0.37 0.40 0.54 0.74 0.74 0.45 0.26 0.23 0.19 0.18 0.29 0.47
