windninja/windninja_output/Output_2025-08-09_0900-0950_Google earth_Fire_150m_10min/merlingen_7.5mi_point_08-09-2025_0920_150m_vel.asc
ncols	158
nrows	163
xllcorner	391686.332397
yllcorner	5160024.123721
cellsize	150.000000
NODATA_value	-32768.000000
[rows 114 to 151 of 163, columns 0 to 83 of 158]
0.12 0.11 0.10 0.10 0.10 0.09 0.09 0.09 0.09 0.09 0.09 0.09 0.09 0.09 0.09 0.08 0.07 0.07 0.08 0.09 0.10 0.12 0.12 0.09 0.07 0.07 0.07 0.06 0.05 0.05 0.06 0.07 0.07 0.05 0.04 0.03 0.04 0.04 0.04 0.04 0.04 0.05 0.06 0.07 0.07 0.06 0.06 0.07 0.07 0.07 0.07 0.07 0.07 0.08 0.09 0.10 0.10 0.11 0.12 0.13 0.14 0.13 0.15 0.17 0.17 0.17 0.19 0.21 0.22 0.22 0.21 0.23 0.25 0.25 0.28 0.32 0.33 0.33 0.33 0.36 0.41 0.41 0.36 0.34
0.12 0.12 0.11 0.11 0.10 0.10 0.10 0.09 0.09 0.08 0.09 0.09 0.10 0.10 0.10 0.09 0.07 0.07 0.07 0.07 0.09 0.11 0.13 0.13 0.11 0.09 0.08 0.08 0.07 0.06 0.06 0.07 0.08 0.06 0.04 0.04 0.04 0.04 0.04 0.04 0.04 0.06 0.07 0.07 0.06 0.06 0.06 0.06 0.06 0.07 0.07 0.07 0.07 0.07 0.08 0.09 0.10 0.10 0.11 0.13 0.13 0.13 0.14 0.16 0.17 0.16 0.18 0.19 0.21 0.22 0.22 0.23 0.25 0.26 0.26 0.30 0.34 0.34 0.32 0.33 0.40 0.43 0.38 0.35
0.11 0.12 0.12 0.11 0.11 0.10 0.10 0.10 0.10 0.09 0.09 0.09 0.09 0.10 0.11 0.10 0.08 0.06 0.06 0.07 0.08 0.10 0.12 0.14 0.14 0.11 0.09 0.09 0.08 0.07 0.07 0.08 0.09 0.09 0.05 0.04 0.04 0.04 0.04 0.04 0.05 0.06 0.06 0.06 0.06 0.06 0.06 0.06 0.06 0.07 0.07 0.07 0.06 0.07 0.07 0.08 0.09 0.09 0.10 0.11 0.12 0.12 0.13 0.15 0.16 0.15 0.16 0.18 0.20 0.21 0.21 0.23 0.26 0.28 0.26 0.27 0.31 0.35 0.34 0.32 0.38 0.42 0.38 0.34
0.11 0.11 0.11 0.11 0.11 0.10 0.10 0.10 0.11 0.11 0.10 0.08 0.08 0.09 0.11 0.11 0.09 0.06 0.06 0.07 0.09 0.10 0.11 0.12 0.14 0.14 0.13 0.11 0.11 0.08 0.07 0.07 0.09 0.10 0.09 0.06 0.05 0.05 0.05 0.05 0.06 0.06 0.06 0.06 0.06 0.06 0.06 0.06 0.06 0.07 0.07 0.06 0.06 0.06 0.07 0.08 0.09 0.09 0.09 0.11 0.11 0.11 0.12 0.14 0.15 0.15 0.15 0.17 0.19 0.20 0.21 0.22 0.24 0.28 0.30 0.28 0.28 0.32 0.35 0.34 0.37 0.41 0.36 0.32
0.11 0.11 0.11 0.11 0.11 0.10 0.10 0.10 0.10 0.11 0.11 0.09 0.08 0.09 0.10 0.13 0.11 0.06 0.06 0.06 0.07 0.08 0.09 0.09 0.11 0.13 0.15 0.14 0.14 0.13 0.10 0.08 0.09 0.11 0.11 0.11 0.10 0.08 0.07 0.07 0.07 0.07 0.06 0.06 0.06 0.06 0.06 0.06 0.07 0.07 0.06 0.06 0.06 0.06 0.06 0.07 0.08 0.08 0.09 0.10 0.10 0.10 0.11 0.13 0.14 0.14 0.14 0.16 0.17 0.19 0.19 0.20 0.22 0.26 0.31 0.32 0.29 0.30 0.34 0.35 0.38 0.40 0.36 0.31
0.11 0.11 0.11 0.11 0.11 0.10 0.10 0.10 0.10 0.10 0.11 0.10 0.08 0.08 0.09 0.12 0.13 0.08 0.05 0.04 0.04 0.05 0.06 0.07 0.08 0.09 0.10 0.11 0.13 0.15 0.14 0.12 0.11 0.11 0.12 0.12 0.12 0.11 0.10 0.10 0.09 0.08 0.07 0.06 0.06 0.06 0.06 0.06 0.06 0.06 0.06 0.06 0.06 0.06 0.06 0.06 0.07 0.08 0.08 0.09 0.10 0.10 0.11 0.12 0.12 0.13 0.13 0.14 0.16 0.18 0.18 0.19 0.20 0.23 0.28 0.32 0.33 0.31 0.33 0.35 0.38 0.40 0.36 0.32
0.11 0.11 0.12 0.12 0.11 0.10 0.10 0.09 0.09 0.09 0.10 0.10 0.08 0.08 0.09 0.12 0.13 0.11 0.06 0.04 0.03 0.03 0.04 0.05 0.06 0.07 0.07 0.08 0.09 0.11 0.12 0.12 0.11 0.11 0.11 0.11 0.12 0.12 0.11 0.11 0.11 0.10 0.09 0.08 0.08 0.07 0.07 0.07 0.07 0.06 0.06 0.06 0.06 0.05 0.05 0.06 0.06 0.07 0.08 0.08 0.09 0.09 0.10 0.11 0.11 0.12 0.12 0.12 0.14 0.17 0.18 0.17 0.18 0.20 0.24 0.29 0.33 0.34 0.35 0.36 0.37 0.39 0.36 0.33
0.11 0.11 0.12 0.13 0.13 0.12 0.11 0.11 0.10 0.09 0.09 0.11 0.09 0.08 0.09 0.12 0.14 0.13 0.08 0.05 0.03 0.02 0.03 0.04 0.05 0.06 0.06 0.07 0.08 0.08 0.09 0.10 0.10 0.10 0.11 0.11 0.10 0.10 0.09 0.09 0.10 0.10 0.10 0.09 0.08 0.07 0.07 0.07 0.07 0.06 0.06 0.06 0.06 0.05 0.05 0.05 0.06 0.07 0.07 0.08 0.09 0.09 0.09 0.10 0.10 0.11 0.12 0.11 0.11 0.14 0.16 0.17 0.17 0.18 0.19 0.24 0.30 0.35 0.37 0.38 0.38 0.38 0.36 0.34
0.11 0.11 0.12 0.13 0.14 0.14 0.15 0.14 0.13 0.10 0.09 0.11 0.09 0.06 0.08 0.10 0.14 0.15 0.11 0.07 0.05 0.03 0.02 0.03 0.04 0.04 0.05 0.06 0.07 0.08 0.08 0.09 0.10 0.10 0.10 0.11 0.09 0.10 0.09 0.07 0.08 0.09 0.10 0.09 0.07 0.06 0.06 0.06 0.06 0.06 0.06 0.06 0.06 0.05 0.05 0.05 0.06 0.06 0.06 0.07 0.07 0.07 0.08 0.08 0.09 0.11 0.13 0.12 0.11 0.12 0.14 0.15 0.16 0.17 0.17 0.18 0.23 0.30 0.36 0.40 0.41 0.41 0.37 0.35
0.10 0.11 0.11 0.11 0.12 0.13 0.14 0.15 0.16 0.14 0.11 0.12 0.09 0.06 0.06 0.08 0.12 0.16 0.14 0.10 0.07 0.05 0.04 0.04 0.04 0.04 0.04 0.05 0.07 0.07 0.07 0.08 0.09 0.09 0.10 0.11 0.09 0.10 0.10 0.08 0.07 0.08 0.09 0.10 0.08 0.07 0.06 0.06 0.06 0.06 0.06 0.06 0.06 0.05 0.05 0.05 0.05 0.05 0.05 0.05 0.06 0.06 0.07 0.08 0.08 0.10 0.12 0.13 0.11 0.10 0.11 0.13 0.15 0.16 0.16 0.15 0.17 0.22 0.30 0.36 0.42 0.44 0.41 0.37
0.10 0.10 0.10 0.10 0.10 0.11 0.12 0.14 0.16 0.16 0.15 0.14 0.10 0.06 0.05 0.06 0.09 0.14 0.17 0.14 0.10 0.08 0.06 0.05 0.05 0.05 0.04 0.05 0.07 0.06 0.06 0.08 0.09 0.09 0.10 0.11 0.10 0.09 0.10 0.09 0.07 0.07 0.09 0.10 0.10 0.08 0.07 0.06 0.06 0.06 0.07 0.07 0.06 0.06 0.06 0.05 0.05 0.04 0.04 0.04 0.04 0.05 0.06 0.07 0.08 0.10 0.11 0.13 0.13 0.11 0.10 0.12 0.13 0.14 0.14 0.14 0.13 0.16 0.22 0.28 0.35 0.43 0.46 0.41
0.10 0.11 0.11 0.10 0.11 0.11 0.12 0.13 0.15 0.16 0.17 0.18 0.13 0.07 0.06 0.06 0.07 0.10 0.15 0.18 0.16 0.12 0.08 0.07 0.06 0.06 0.06 0.07 0.06 0.05 0.06 0.08 0.10 0.09 0.09 0.11 0.10 0.09 0.10 0.09 0.08 0.07 0.08 0.10 0.11 0.10 0.08 0.07 0.07 0.07 0.07 0.07 0.06 0.06 0.06 0.06 0.05 0.04 0.04 0.04 0.04 0.05 0.06 0.06 0.08 0.09 0.10 0.11 0.13 0.13 0.11 0.12 0.13 0.13 0.13 0.13 0.12 0.13 0.16 0.20 0.24 0.35 0.45 0.46
0.10 0.11 0.11 0.10 0.10 0.11 0.12 0.12 0.14 0.15 0.17 0.20 0.18 0.11 0.08 0.07 0.07 0.08 0.11 0.15 0.18 0.17 0.12 0.09 0.09 0.09 0.08 0.07 0.06 0.05 0.05 0.08 0.11 0.09 0.09 0.11 0.10 0.08 0.08 0.09 0.08 0.07 0.07 0.09 0.11 0.11 0.09 0.08 0.08 0.07 0.07 0.07 0.07 0.07 0.06 0.06 0.05 0.05 0.04 0.04 0.04 0.04 0.05 0.06 0.07 0.08 0.09 0.10 0.12 0.13 0.13 0.14 0.14 0.13 0.12 0.12 0.11 0.11 0.13 0.16 0.18 0.25 0.37 0.44
0.10 0.10 0.11 0.10 0.10 0.11 0.12 0.12 0.13 0.14 0.16 0.20 0.22 0.18 0.14 0.09 0.07 0.08 0.10 0.13 0.15 0.18 0.16 0.13 0.13 0.12 0.10 0.07 0.05 0.04 0.05 0.08 0.12 0.12 0.10 0.10 0.11 0.09 0.08 0.08 0.07 0.06 0.06 0.07 0.10 0.11 0.10 0.09 0.08 0.08 0.07 0.07 0.07 0.07 0.06 0.06 0.06 0.05 0.05 0.04 0.04 0.04 0.04 0.05 0.06 0.07 0.08 0.09 0.10 0.12 0.13 0.15 0.15 0.14 0.14 0.13 0.11 0.11 0.12 0.13 0.15 0.20 0.27 0.35
0.10 0.10 0.11 0.10 0.10 0.10 0.11 0.12 0.12 0.13 0.14 0.17 0.22 0.24 0.21 0.14 0.10 0.10 0.11 0.12 0.13 0.15 0.17 0.17 0.15 0.15 0.12 0.08 0.05 0.04 0.04 0.06 0.11 0.13 0.13 0.12 0.11 0.10 0.08 0.07 0.07 0.06 0.05 0.06 0.08 0.11 0.11 0.10 0.09 0.08 0.08 0.08 0.08 0.07 0.07 0.07 0.06 0.06 0.05 0.04 0.03 0.03 0.03 0.04 0.05 0.06 0.07 0.08 0.09 0.10 0.12 0.15 0.16 0.16 0.15 0.14 0.12 0.11 0.12 0.12 0.13 0.16 0.21 0.26
0.10 0.10 0.11 0.10 0.09 0.09 0.10 0.11 0.11 0.12 0.12 0.14 0.17 0.21 0.24 0.23 0.16 0.13 0.13 0.13 0.11 0.11 0.16 0.18 0.18 0.16 0.13 0.09 0.06 0.04 0.03 0.04 0.08 0.11 0.15 0.16 0.14 0.10 0.08 0.08 0.07 0.06 0.05 0.04 0.05 0.09 0.12 0.11 0.10 0.09 0.09 0.08 0.08 0.08 0.08 0.07 0.07 0.06 0.06 0.05 0.04 0.03 0.03 0.03 0.04 0.05 0.06 0.07 0.08 0.09 0.11 0.14 0.16 0.17 0.16 0.16 0.15 0.12 0.12 0.13 0.13 0.14 0.15 0.20
0.10 0.10 0.11 0.10 0.09 0.10 0.10 0.10 0.10 0.10 0.10 0.10 0.11 0.14 0.19 0.23 0.23 0.19 0.16 0.13 0.10 0.09 0.12 0.17 0.20 0.19 0.14 0.11 0.09 0.06 0.04 0.03 0.04 0.08 0.12 0.17 0.19 0.15 0.10 0.09 0.08 0.07 0.06 0.04 0.04 0.06 0.11 0.12 0.12 0.11 0.10 0.09 0.09 0.08 0.08 0.08 0.07 0.07 0.06 0.05 0.04 0.03 0.03 0.02 0.03 0.04 0.05 0.06 0.07 0.08 0.10 0.12 0.15 0.17 0.18 0.18 0.17 0.14 0.14 0.14 0.14 0.14 0.14 0.15
0.10 0.11 0.12 0.12 0.10 0.11 0.11 0.11 0.10 0.09 0.08 0.08 0.08 0.10 0.13 0.17 0.23 0.23 0.18 0.12 0.10 0.09 0.10 0.14 0.20 0.21 0.15 0.12 0.11 0.09 0.06 0.04 0.03 0.05 0.09 0.13 0.19 0.20 0.16 0.12 0.10 0.09 0.08 0.06 0.05 0.05 0.08 0.11 0.12 0.11 0.10 0.10 0.09 0.09 0.08 0.08 0.08 0.07 0.07 0.06 0.05 0.04 0.03 0.02 0.02 0.03 0.04 0.05 0.06 0.07 0.09 0.11 0.13 0.16 0.18 0.20 0.19 0.16 0.15 0.16 0.16 0.15 0.13 0.13
0.10 0.11 0.11 0.12 0.11 0.11 0.12 0.13 0.14 0.11 0.08 0.08 0.08 0.09 0.12 0.15 0.22 0.25 0.19 0.12 0.10 0.09 0.09 0.11 0.17 0.23 0.19 0.13 0.12 0.09 0.07 0.05 0.02 0.03 0.07 0.10 0.15 0.20 0.21 0.19 0.16 0.13 0.11 0.10 0.08 0.06 0.06 0.08 0.11 0.12 0.11 0.10 0.10 0.09 0.09 0.09 0.08 0.08 0.08 0.07 0.06 0.04 0.03 0.02 0.01 0.02 0.03 0.04 0.05 0.06 0.08 0.10 0.12 0.14 0.17 0.20 0.21 0.18 0.16 0.18 0.19 0.15 0.12 0.12
0.11 0.11 0.11 0.12 0.12 0.11 0.11 0.12 0.15 0.16 0.12 0.10 0.09 0.10 0.12 0.14 0.22 0.25 0.23 0.16 0.11 0.09 0.09 0.10 0.14 0.22 0.23 0.17 0.13 0.10 0.08 0.06 0.03 0.02 0.04 0.08 0.11 0.16 0.20 0.22 0.20 0.17 0.15 0.14 0.12 0.09 0.08 0.08 0.10 0.11 0.11 0.10 0.10 0.10 0.10 0.09 0.09 0.09 0.08 0.08 0.07 0.05 0.04 0.03 0.02 0.01 0.02 0.03 0.04 0.05 0.07 0.09 0.10 0.13 0.16 0.19 0.22 0.19 0.17 0.19 0.21 0.17 0.12 0.12
0.11 0.11 0.11 0.11 0.13 0.12 0.11 0.10 0.12 0.16 0.17 0.14 0.14 0.14 0.14 0.17 0.21 0.24 0.24 0.22 0.16 0.10 0.08 0.09 0.11 0.17 0.24 0.24 0.18 0.12 0.09 0.07 0.05 0.03 0.02 0.05 0.09 0.12 0.16 0.19 0.21 0.19 0.17 0.16 0.15 0.13 0.11 0.10 0.11 0.12 0.12 0.11 0.10 0.10 0.10 0.10 0.10 0.09 0.09 0.09 0.08 0.06 0.05 0.04 0.02 0.01 0.01 0.02 0.03 0.04 0.05 0.07 0.09 0.11 0.15 0.19 0.23 0.21 0.17 0.19 0.21 0.20 0.15 0.12
0.11 0.12 0.12 0.12 0.13 0.13 0.12 0.11 0.10 0.12 0.16 0.16 0.16 0.17 0.20 0.21 0.20 0.21 0.21 0.23 0.21 0.14 0.10 0.09 0.08 0.11 0.19 0.26 0.25 0.18 0.12 0.10 0.08 0.05 0.03 0.03 0.05 0.09 0.14 0.18 0.19 0.19 0.18 0.16 0.16 0.15 0.14 0.12 0.12 0.13 0.13 0.12 0.11 0.11 0.10 0.10 0.10 0.10 0.10 0.09 0.08 0.07 0.06 0.04 0.03 0.02 0.01 0.01 0.03 0.03 0.04 0.06 0.07 0.09 0.12 0.18 0.23 0.23 0.19 0.19 0.20 0.20 0.17 0.15
0.10 0.12 0.13 0.12 0.12 0.13 0.12 0.12 0.11 0.11 0.12 0.13 0.14 0.17 0.25 0.23 0.19 0.19 0.20 0.21 0.22 0.17 0.12 0.10 0.08 0.08 0.14 0.22 0.27 0.24 0.17 0.13 0.12 0.09 0.05 0.03 0.03 0.06 0.12 0.17 0.17 0.18 0.19 0.17 0.16 0.16 0.15 0.13 0.12 0.13 0.13 0.13 0.12 0.12 0.11 0.11 0.10 0.11 0.10 0.10 0.09 0.08 0.07 0.05 0.04 0.03 0.01 0.00 0.02 0.03 0.03 0.04 0.06 0.07 0.10 0.15 0.21 0.24 0.24 0.21 0.19 0.19 0.18 0.18
0.09 0.11 0.13 0.13 0.12 0.12 0.12 0.12 0.12 0.12 0.12 0.13 0.13 0.18 0.27 0.24 0.19 0.18 0.18 0.20 0.21 0.18 0.14 0.12 0.09 0.07 0.10 0.18 0.25 0.26 0.21 0.16 0.14 0.12 0.09 0.05 0.02 0.04 0.12 0.17 0.16 0.16 0.18 0.17 0.16 0.16 0.15 0.13 0.13 0.13 0.13 0.13 0.13 0.12 0.12 0.11 0.11 0.11 0.11 0.10 0.10 0.09 0.08 0.06 0.05 0.04 0.02 0.01 0.01 0.03 0.03 0.04 0.04 0.05 0.06 0.10 0.17 0.22 0.26 0.26 0.22 0.19 0.19 0.19
0.09 0.09 0.11 0.13 0.14 0.12 0.11 0.10 0.11 0.13 0.14 0.14 0.14 0.22 0.27 0.24 0.21 0.20 0.18 0.20 0.21 0.18 0.15 0.13 0.10 0.08 0.09 0.15 0.21 0.24 0.24 0.22 0.17 0.14 0.12 0.08 0.03 0.03 0.10 0.18 0.17 0.15 0.16 0.17 0.17 0.17 0.16 0.14 0.14 0.14 0.14 0.14 0.13 0.13 0.12 0.11 0.11 0.12 0.11 0.11 0.10 0.10 0.09 0.07 0.06 0.05 0.03 0.02 0.01 0.02 0.04 0.04 0.04 0.04 0.04 0.06 0.11 0.18 0.23 0.28 0.27 0.21 0.20 0.20
0.10 0.10 0.10 0.12 0.15 0.15 0.12 0.11 0.10 0.11 0.13 0.15 0.19 0.25 0.26 0.23 0.23 0.23 0.22 0.22 0.23 0.20 0.16 0.14 0.12 0.10 0.09 0.12 0.16 0.19 0.22 0.26 0.24 0.18 0.15 0.10 0.05 0.03 0.08 0.16 0.17 0.15 0.16 0.16 0.16 0.17 0.17 0.16 0.15 0.15 0.15 0.15 0.14 0.14 0.13 0.12 0.12 0.12 0.12 0.11 0.11 0.10 0.09 0.08 0.07 0.05 0.04 0.03 0.02 0.02 0.04 0.05 0.05 0.05 0.04 0.05 0.08 0.13 0.17 0.24 0.28 0.26 0.24 0.21
0.12 0.12 0.10 0.10 0.13 0.15 0.16 0.14 0.12 0.12 0.12 0.16 0.24 0.26 0.22 0.20 0.22 0.22 0.22 0.25 0.27 0.23 0.18 0.16 0.13 0.12 0.11 0.11 0.13 0.13 0.15 0.23 0.27 0.25 0.20 0.14 0.09 0.06 0.08 0.13 0.16 0.16 0.16 0.15 0.16 0.17 0.17 0.16 0.16 0.16 0.15 0.15 0.14 0.14 0.14 0.13 0.13 0.12 0.12 0.12 0.11 0.11 0.10 0.09 0.07 0.06 0.05 0.04 0.02 0.02 0.04 0.06 0.06 0.06 0.05 0.04 0.06 0.10 0.14 0.19 0.26 0.27 0.25 0.22
0.12 0.13 0.12 0.10 0.09 0.11 0.15 0.17 0.16 0.17 0.15 0.21 0.28 0.23 0.18 0.19 0.20 0.21 0.19 0.22 0.28 0.28 0.24 0.19 0.16 0.14 0.13 0.11 0.11 0.11 0.11 0.17 0.24 0.27 0.26 0.20 0.13 0.11 0.10 0.12 0.15 0.17 0.17 0.16 0.16 0.17 0.17 0.17 0.17 0.17 0.16 0.16 0.14 0.13 0.14 0.14 0.13 0.13 0.13 0.12 0.12 0.11 0.10 0.09 0.08 0.07 0.06 0.04 0.03 0.02 0.04 0.06 0.07 0.07 0.06 0.05 0.06 0.09 0.12 0.16 0.23 0.27 0.25 0.22
0.10 0.13 0.15 0.11 0.09 0.09 0.10 0.14 0.17 0.19 0.22 0.28 0.28 0.19 0.17 0.18 0.19 0.21 0.20 0.19 0.23 0.28 0.29 0.27 0.23 0.18 0.15 0.11 0.11 0.11 0.10 0.12 0.17 0.24 0.28 0.25 0.17 0.15 0.14 0.14 0.16 0.18 0.18 0.18 0.17 0.17 0.17 0.18 0.18 0.17 0.17 0.17 0.16 0.13 0.12 0.13 0.13 0.13 0.13 0.13 0.13 0.12 0.11 0.09 0.08 0.07 0.06 0.05 0.04 0.02 0.03 0.05 0.07 0.08 0.07 0.06 0.07 0.10 0.14 0.17 0.21 0.25 0.25 0.21
0.10 0.13 0.16 0.14 0.10 0.09 0.09 0.09 0.13 0.16 0.25 0.32 0.26 0.18 0.17 0.18 0.19 0.22 0.22 0.18 0.18 0.22 0.26 0.29 0.28 0.25 0.22 0.17 0.13 0.12 0.12 0.12 0.12 0.17 0.26 0.26 0.20 0.17 0.16 0.16 0.17 0.19 0.20 0.19 0.19 0.18 0.18 0.18 0.18 0.18 0.18 0.19 0.18 0.15 0.12 0.10 0.12 0.13 0.13 0.13 0.13 0.12 0.11 0.09 0.08 0.08 0.07 0.06 0.05 0.03 0.02 0.03 0.06 0.09 0.08 0.07 0.08 0.11 0.16 0.19 0.19 0.23 0.26 0.22
0.11 0.12 0.15 0.17 0.14 0.12 0.11 0.10 0.11 0.12 0.22 0.35 0.28 0.19 0.18 0.18 0.20 0.23 0.22 0.17 0.18 0.19 0.22 0.25 0.26 0.25 0.24 0.24 0.20 0.16 0.14 0.13 0.11 0.13 0.23 0.25 0.20 0.17 0.17 0.17 0.18 0.20 0.20 0.20 0.20 0.19 0.19 0.19 0.19 0.19 0.19 0.20 0.20 0.18 0.13 0.09 0.10 0.12 0.13 0.13 0.13 0.12 0.11 0.10 0.09 0.08 0.08 0.07 0.05 0.04 0.03 0.02 0.05 0.08 0.09 0.08 0.08 0.10 0.16 0.20 0.18 0.22 0.25 0.20
0.13 0.12 0.12 0.15 0.17 0.17 0.15 0.13 0.13 0.12 0.18 0.34 0.33 0.21 0.19 0.19 0.21 0.24 0.21 0.19 0.19 0.20 0.21 0.23 0.22 0.21 0.20 0.23 0.24 0.22 0.20 0.16 0.11 0.12 0.19 0.21 0.19 0.17 0.16 0.18 0.19 0.20 0.21 0.21 0.21 0.20 0.20 0.20 0.20 0.21 0.21 0.21 0.21 0.19 0.15 0.10 0.09 0.11 0.13 0.13 0.12 0.12 0.12 0.11 0.09 0.09 0.09 0.07 0.06 0.05 0.03 0.02 0.03 0.07 0.08 0.08 0.08 0.09 0.14 0.19 0.20 0.22 0.23 0.18
0.16 0.13 0.10 0.11 0.15 0.19 0.20 0.19 0.17 0.13 0.18 0.31 0.31 0.22 0.21 0.22 0.24 0.26 0.24 0.22 0.22 0.21 0.22 0.22 0.21 0.21 0.20 0.20 0.20 0.20 0.23 0.23 0.16 0.12 0.16 0.19 0.18 0.16 0.16 0.17 0.19 0.21 0.21 0.22 0.22 0.21 0.21 0.20 0.21 0.22 0.22 0.23 0.23 0.20 0.16 0.12 0.09 0.09 0.12 0.13 0.12 0.11 0.11 0.11 0.10 0.10 0.09 0.07 0.06 0.05 0.04 0.02 0.02 0.05 0.07 0.08 0.08 0.08 0.11 0.17 0.21 0.22 0.21 0.19
0.19 0.15 0.09 0.08 0.09 0.14 0.19 0.23 0.23 0.19 0.24 0.29 0.25 0.20 0.20 0.23 0.26 0.27 0.27 0.28 0.29 0.27 0.26 0.24 0.22 0.22 0.21 0.20 0.19 0.16 0.18 0.24 0.22 0.15 0.15 0.19 0.19 0.17 0.17 0.18 0.19 0.21 0.22 0.23 0.23 0.22 0.22 0.22 0.22 0.22 0.23 0.25 0.25 0.21 0.17 0.14 0.10 0.09 0.11 0.13 0.12 0.11 0.11 0.10 0.10 0.10 0.09 0.08 0.06 0.05 0.04 0.03 0.02 0.04 0.07 0.08 0.09 0.10 0.10 0.14 0.20 0.21 0.21 0.20
0.21 0.17 0.10 0.08 0.08 0.08 0.11 0.19 0.26 0.27 0.26 0.26 0.22 0.19 0.17 0.19 0.25 0.26 0.25 0.27 0.31 0.33 0.33 0.33 0.31 0.26 0.22 0.21 0.19 0.15 0.14 0.21 0.22 0.17 0.16 0.19 0.20 0.19 0.18 0.19 0.20 0.21 0.22 0.23 0.24 0.23 0.22 0.23 0.24 0.23 0.24 0.26 0.26 0.23 0.19 0.16 0.12 0.09 0.10 0.12 0.11 0.11 0.11 0.10 0.10 0.09 0.09 0.08 0.07 0.05 0.04 0.03 0.03 0.04 0.06 0.07 0.09 0.10 0.10 0.14 0.19 0.22 0.24 0.23
0.20 0.19 0.15 0.11 0.09 0.08 0.08 0.13 0.25 0.30 0.27 0.24 0.22 0.20 0.17 0.17 0.22 0.25 0.24 0.23 0.26 0.29 0.31 0.35 0.40 0.38 0.29 0.22 0.20 0.17 0.13 0.17 0.21 0.19 0.17 0.19 0.21 0.21 0.20 0.20 0.21 0.22 0.23 0.23 0.24 0.24 0.23 0.24 0.25 0.24 0.25 0.27 0.28 0.26 0.22 0.17 0.13 0.10 0.10 0.10 0.10 0.10 0.11 0.10 0.10 0.09 0.09 0.08 0.07 0.06 0.05 0.03 0.02 0.03 0.05 0.07 0.09 0.10 0.10 0.14 0.17 0.20 0.25 0.26
0.16 0.18 0.20 0.18 0.15 0.11 0.07 0.12 0.26 0.31 0.26 0.25 0.24 0.21 0.19 0.17 0.18 0.22 0.25 0.25 0.23 0.24 0.24 0.28 0.38 0.45 0.41 0.27 0.21 0.19 0.15 0.15 0.19 0.19 0.18 0.19 0.21 0.22 0.22 0.22 0.22 0.23 0.24 0.23 0.24 0.24 0.24 0.24 0.24 0.25 0.26 0.28 0.29 0.28 0.24 0.18 0.14 0.11 0.10 0.09 0.09 0.10 0.11 0.11 0.10 0.10 0.09 0.08 0.07 0.07 0.05 0.04 0.02 0.02 0.03 0.06 0.09 0.09 0.09 0.12 0.14 0.15 0.21 0.27
0.10 0.14 0.19 0.21 0.21 0.16 0.09 0.14 0.28 0.30 0.23 0.25 0.27 0.25 0.22 0.19 0.17 0.18 0.22 0.25 0.23 0.22 0.21 0.23 0.31 0.43 0.49 0.36 0.22 0.20 0.18 0.17 0.18 0.20 0.20 0.19 0.20 0.21 0.22 0.23 0.23 0.24 0.24 0.23 0.24 0.26 0.26 0.23 0.23 0.25 0.25 0.27 0.30 0.30 0.27 0.20 0.15 0.12 0.10 0.10 0.09 0.09 0.10 0.11 0.11 0.10 0.09 0.08 0.07 0.07 0.05 0.04 0.02 0.01 0.02 0.06 0.09 0.08 0.08 0.10 0.11 0.12 0.16 0.26
