windninja/windninja_output/Output_2025-08-09_0900-0950_Google earth_Fire_150m_10min/merlingen_7.5mi_point_08-09-2025_0940_150m_ang.asc
ncols	158
nrows	163
xllcorner	391686.332397
yllcorner	5160024.123721
cellsize	150.000000
NODATA_value	-32768.000000
[rows 43 to 85 of 163, columns 0 to 94 of 158]
203 204 204 204 204 204 204 203 204 203 201 201 200 199 199 198 197 196 195 194 192 191 189 188 187 185 183 181 177 176 176 177 178 178 177 178 178 176 175 175 177 179 178 173 172 175 179 180 176 170 163 162 167 169 168 168 171 175 175 173 169 164 161 162 163 160 158 158 163 171 172 166 163 161 156 158 171 180 178 169 163 160 154 147 147 154 164 163 154 149 145 142 135 132 139
202 202 203 203 203 203 203 203 203 202 201 200 200 199 199 198 197 196 195 193 192 191 189 188 187 185 183 181 179 178 177 177 177 176 174 172 169 169 172 175 178 178 173 170 175 182 183 179 172 166 164 166 171 174 174 175 177 178 176 170 166 162 159 157 154 153 155 158 165 173 172 169 168 165 163 168 179 186 181 169 160 155 150 145 147 158 163 157 150 146 144 141 133 130 136
201 201 201 201 201 202 202 202 202 201 201 200 199 199 198 197 196 195 194 193 192 191 189 188 187 185 183 182 180 179 177 177 176 175 173 169 166 167 170 174 175 173 171 172 180 184 182 174 166 163 165 171 176 180 181 181 181 177 170 166 164 162 160 156 151 150 152 156 163 168 167 167 168 167 169 176 186 189 180 168 158 151 145 142 148 159 157 152 148 144 143 138 132 130 136
200 200 199 200 201 201 201 201 201 200 200 199 198 198 197 196 195 194 194 193 191 190 189 188 186 185 184 182 181 179 177 176 175 174 171 169 167 166 168 170 170 170 171 176 183 182 175 167 163 164 170 176 183 187 186 184 181 172 164 161 162 161 157 154 151 150 152 157 163 164 162 163 164 167 174 181 188 186 173 161 153 147 142 142 150 155 152 149 147 144 141 137 133 133 137
199 198 198 199 201 202 200 199 199 199 199 198 197 197 196 196 195 194 193 192 191 190 189 188 186 185 184 182 181 179 178 176 174 172 170 169 168 166 165 166 167 167 172 180 183 176 168 163 164 170 175 182 189 189 186 182 175 167 160 158 159 157 153 151 150 149 153 158 162 163 161 161 163 168 176 185 189 180 166 155 147 143 142 147 152 153 151 149 147 143 140 137 137 138 141
198 197 197 198 200 202 199 197 197 197 197 197 197 196 196 195 194 193 193 192 191 190 188 187 186 185 183 182 181 179 178 176 174 172 170 169 167 166 164 164 164 165 170 177 178 171 164 164 168 174 183 191 191 187 183 177 168 162 158 158 158 154 150 148 146 147 152 158 161 162 161 161 163 169 179 186 185 176 164 154 149 148 148 151 154 154 153 152 149 144 141 138 139 142 144
197 197 196 197 199 201 199 195 194 195 196 196 195 195 195 194 193 193 192 191 190 189 187 187 186 184 183 182 181 179 178 176 175 173 171 169 167 166 165 164 163 164 168 171 170 165 163 167 172 181 190 192 187 182 178 171 163 157 156 159 159 155 150 146 145 147 152 157 161 162 162 162 165 172 180 182 179 173 166 159 154 152 153 154 155 154 154 153 148 145 143 139 139 143 145
198 196 195 196 198 199 198 196 192 192 194 194 194 193 193 193 193 192 191 190 189 188 187 186 185 184 183 181 180 179 177 176 175 173 171 168 166 165 165 164 164 165 165 166 165 162 164 170 180 190 193 186 179 176 173 166 158 155 156 160 160 156 149 143 144 149 153 157 160 161 161 163 167 173 176 175 173 171 166 161 156 154 154 155 154 153 152 149 146 144 143 140 139 142 146
199 196 192 193 195 196 197 196 192 189 191 192 192 192 192 192 192 191 190 189 188 187 186 185 184 183 182 181 180 179 177 176 175 173 171 168 166 164 164 165 165 163 162 163 162 161 165 177 191 195 187 178 173 170 166 158 154 155 160 163 162 158 148 141 144 150 155 159 161 161 162 164 169 172 171 169 168 168 164 160 157 155 153 153 152 150 148 145 142 141 142 139 137 140 147
202 197 190 190 192 193 195 197 194 189 188 190 191 191 191 191 190 190 189 188 187 186 186 184 183 183 182 181 179 178 177 176 174 173 171 169 167 165 163 164 164 162 160 160 160 162 169 182 189 184 177 173 172 168 160 153 152 158 164 167 165 159 146 141 145 152 157 161 163 163 163 166 169 170 168 166 166 164 160 157 157 157 153 150 147 145 144 143 141 141 141 139 137 140 145
202 197 187 187 190 191 192 195 195 191 188 188 189 190 190 189 189 189 188 187 186 185 185 184 183 182 181 180 179 178 176 175 174 172 171 169 168 166 164 163 162 161 159 159 160 164 172 179 178 174 172 171 170 166 157 151 154 163 169 169 165 157 145 141 148 155 160 165 166 164 165 167 170 170 168 166 166 162 156 154 156 157 155 154 150 145 143 144 143 142 142 141 142 142 139
198 195 188 183 187 189 189 193 197 194 188 187 187 188 188 188 188 187 187 186 186 184 183 183 182 181 180 179 178 177 176 175 174 172 171 169 168 166 164 162 160 159 158 159 160 163 170 172 169 168 171 170 166 162 155 152 159 169 172 169 164 156 146 144 151 158 164 169 168 166 167 171 172 170 167 166 167 163 156 155 156 155 155 157 157 153 148 147 146 146 145 144 144 142 130
193 193 190 185 185 188 188 191 196 196 190 186 185 185 186 186 186 186 185 185 185 184 183 182 181 180 179 178 178 176 175 174 173 172 171 169 168 167 165 162 159 157 157 159 159 160 163 165 164 166 171 169 165 161 154 155 166 172 171 166 162 155 149 147 153 161 167 169 168 169 173 177 173 168 166 167 167 162 157 157 157 154 154 157 158 158 159 158 156 150 144 141 142 140 128
190 191 192 190 187 187 186 186 192 196 192 187 184 183 183 185 185 184 184 184 183 183 182 181 180 179 179 178 177 176 175 174 173 172 170 169 168 167 165 163 160 158 158 159 159 158 158 159 160 164 168 165 164 160 153 158 170 172 168 163 158 153 150 150 155 162 167 169 168 172 180 177 170 167 167 168 166 160 158 158 157 154 154 155 156 158 163 167 167 159 146 141 143 143 134
189 189 190 190 189 188 186 183 185 190 191 189 186 183 181 181 183 183 182 182 182 181 181 180 179 178 178 177 176 175 174 173 172 171 170 169 168 166 165 164 162 161 160 159 158 156 154 154 156 160 164 163 161 157 152 160 170 170 165 159 155 152 150 151 156 163 167 169 173 177 176 170 168 167 167 167 164 160 159 160 159 157 155 154 154 155 160 166 167 161 151 146 146 144 136
189 188 188 189 189 189 188 184 181 183 186 189 189 187 182 178 179 181 181 181 180 180 180 179 178 178 177 176 175 174 173 173 172 171 170 169 168 166 165 164 163 162 160 159 157 155 153 151 151 155 160 161 159 155 153 161 168 165 159 156 154 153 152 153 158 165 168 172 177 176 170 167 167 166 165 165 162 158 159 161 162 161 158 157 157 158 160 161 160 154 146 143 144 141 134
188 187 188 188 188 188 188 185 181 180 183 186 189 190 185 179 176 177 178 179 179 179 178 177 177 177 176 175 174 174 173 172 171 170 169 168 167 166 165 164 163 162 161 159 158 156 154 152 151 152 156 157 155 153 153 161 165 159 154 152 153 153 154 156 160 165 169 175 178 171 167 166 165 164 164 163 159 157 159 162 163 162 162 162 163 164 164 160 154 146 139 137 138 136 129
187 187 187 188 188 187 187 186 183 181 180 180 183 187 187 184 178 175 175 176 177 177 177 177 176 176 175 174 173 173 172 171 170 170 169 168 167 166 165 164 163 162 161 160 158 157 156 154 153 152 152 152 150 150 153 161 162 155 150 150 151 152 154 156 161 165 170 178 176 168 165 164 162 161 162 161 158 158 161 163 164 163 163 165 165 164 162 155 147 140 136 134 133 132 129
187 187 187 187 187 187 186 185 183 181 179 177 177 181 186 187 183 177 174 173 174 175 175 176 176 175 174 173 172 172 171 170 170 169 168 167 166 165 165 164 163 162 161 160 159 158 156 155 154 152 152 150 146 145 151 158 156 150 148 148 149 151 152 155 160 165 173 180 172 164 163 162 159 159 160 159 158 162 165 166 166 165 165 166 164 159 153 148 142 137 136 135 133 132 132
188 188 187 186 185 185 185 183 182 181 178 175 174 176 182 186 186 182 177 173 171 172 173 174 175 174 173 172 171 171 170 170 169 168 167 167 166 165 164 163 162 162 161 160 159 158 157 155 154 153 152 151 145 144 150 155 150 147 146 147 149 150 152 155 160 166 177 178 168 162 162 160 158 158 159 159 160 164 166 168 169 169 170 167 163 154 145 142 138 135 135 133 129 131 133
193 191 187 185 183 182 182 182 182 181 179 175 173 173 176 181 184 184 181 176 172 171 171 172 173 173 172 171 170 170 169 169 168 167 167 166 165 165 164 163 162 161 161 160 159 158 156 155 154 153 152 151 147 146 152 154 149 146 146 148 150 152 153 156 158 164 173 170 163 162 161 159 156 157 159 161 164 166 168 171 173 174 173 168 162 151 142 138 134 132 132 130 129 131 130
200 194 186 183 181 179 180 181 181 181 180 175 172 172 172 175 179 182 183 180 176 172 170 170 171 171 171 170 170 169 168 168 167 167 166 165 165 164 163 163 162 161 160 159 158 157 156 155 154 153 152 150 147 146 150 153 150 147 147 147 150 154 157 156 153 158 162 160 160 161 161 158 156 157 160 163 165 166 171 174 176 176 172 165 157 144 138 135 132 130 132 132 133 131 118
201 195 186 182 180 179 178 179 180 179 178 175 171 170 171 171 173 177 182 182 180 176 172 169 168 169 169 169 169 168 167 167 166 166 165 165 164 163 163 162 161 161 160 159 158 157 156 155 154 153 151 149 146 144 147 149 148 147 147 146 149 160 166 159 157 158 158 158 159 159 159 157 155 158 161 163 164 167 173 177 178 175 169 163 152 140 135 133 132 134 136 136 136 128 351
196 193 187 183 180 177 177 179 180 177 174 174 173 169 168 170 170 172 177 180 180 179 176 172 168 167 167 168 168 167 167 166 166 165 164 164 163 163 162 162 161 160 159 159 158 157 156 155 154 153 151 150 147 144 144 144 142 143 144 145 153 165 163 159 158 158 158 158 158 157 157 155 154 158 161 162 163 168 175 179 176 171 164 158 148 138 133 132 134 137 140 147 157 315 325
182 185 187 187 182 176 175 179 181 178 174 173 173 171 168 168 169 169 171 174 178 180 179 176 172 168 167 166 165 165 165 165 164 164 164 163 163 162 162 161 160 160 159 158 158 157 156 155 154 153 151 150 148 146 143 140 137 135 136 141 154 160 155 154 155 157 159 159 158 156 156 154 153 156 159 161 163 169 175 174 168 163 155 150 142 132 127 130 135 139 152 188 292 313 321
163 173 182 185 184 180 177 181 184 179 175 173 172 172 171 168 168 168 168 169 173 176 177 177 176 174 171 166 163 162 162 163 163 163 163 162 162 161 161 160 160 159 159 158 157 156 156 155 154 153 152 150 149 147 145 141 137 134 133 137 146 150 148 147 149 154 158 159 158 156 155 153 151 153 158 160 163 168 170 165 159 152 144 140 133 122 118 129 138 151 190 280 301 310 314
149 155 170 178 181 182 182 183 184 181 177 177 176 175 175 174 171 169 168 168 170 171 172 174 177 179 178 170 163 160 159 160 161 161 161 161 161 161 160 160 159 159 158 158 157 156 155 155 154 153 152 151 149 148 146 144 141 139 137 137 140 142 141 140 142 148 153 155 156 157 157 153 150 153 158 160 162 165 165 158 151 144 137 133 128 119 120 134 147 187 263 287 293 292 276
151 151 152 160 171 180 183 181 179 180 179 180 181 180 180 178 177 175 172 169 168 168 168 169 174 180 179 173 167 163 160 158 158 159 160 160 160 160 160 159 159 158 158 157 157 156 155 154 154 153 152 151 150 149 147 146 144 143 142 141 140 139 136 133 133 137 142 145 149 154 157 152 149 154 160 161 161 162 160 154 147 140 137 133 125 121 125 140 174 248 274 276 260 231 188
162 160 156 154 159 168 171 170 170 174 179 182 183 183 182 180 179 178 177 174 171 168 167 168 171 174 175 175 172 168 164 160 157 157 158 158 159 159 159 159 158 158 157 157 156 156 155 154 153 153 152 151 150 149 148 147 146 145 144 143 143 141 138 135 134 133 133 134 138 145 150 148 148 155 160 161 159 159 158 153 147 143 141 132 123 122 135 157 239 270 270 250 213 186 170
171 169 165 164 163 165 163 160 159 165 175 178 178 178 178 177 176 176 176 176 175 171 169 168 169 169 169 172 174 172 168 165 160 157 156 156 157 158 158 158 158 157 157 156 156 155 154 154 153 152 152 151 150 149 148 148 147 146 145 145 144 143 142 140 139 137 135 133 133 136 138 139 142 151 157 156 155 156 158 157 153 148 141 131 124 128 155 210 262 261 237 211 192 169 155
180 176 171 169 167 166 164 161 159 163 170 172 173 172 172 171 170 170 171 173 173 172 171 170 169 168 167 169 172 172 170 168 164 160 157 156 156 156 157 157 157 157 156 156 155 155 154 153 153 152 152 151 150 149 149 148 147 147 146 146 145 144 143 142 141 140 140 138 137 135 132 131 133 143 150 151 152 154 160 162 157 148 138 130 127 143 196 248 246 217 197 187 184 167 150
190 185 176 170 167 164 162 161 161 163 165 168 169 170 169 168 168 167 167 168 168 169 170 170 169 168 166 167 169 170 170 169 166 163 161 159 157 156 156 156 156 156 156 155 155 154 154 153 152 152 151 151 150 149 149 148 148 147 147 146 145 145 144 144 143 142 142 141 140 138 136 134 135 142 147 149 151 156 163 163 155 145 135 129 134 181 244 240 203 189 174 173 171 151 144
203 198 184 172 164 159 156 156 158 160 161 163 165 166 166 166 166 166 166 165 165 165 166 167 167 166 165 165 167 169 169 168 166 164 163 161 158 156 155 155 156 156 155 155 154 154 153 153 152 152 151 150 150 149 149 148 148 147 147 146 146 145 145 144 144 143 143 142 142 141 141 141 141 143 145 146 150 157 164 160 148 139 131 129 161 238 243 205 181 172 155 161 153 138 136
216 211 197 180 160 148 146 147 150 153 156 159 161 162 162 163 163 164 164 165 165 164 165 165 165 166 164 162 163 166 168 167 166 165 162 159 157 155 155 155 155 155 155 154 154 153 153 152 152 151 151 150 150 149 149 148 148 147 147 147 146 146 145 145 144 144 144 143 143 143 143 143 143 144 145 144 148 156 161 152 140 132 126 133 254 265 227 203 168 149 149 155 143 132 129
228 225 216 199 156 134 131 133 138 145 151 155 158 159 160 160 161 161 162 163 163 163 163 164 166 167 163 159 158 161 166 167 166 165 162 159 157 155 154 154 155 155 155 154 153 153 152 152 151 150 150 150 149 149 149 148 148 148 147 147 146 146 146 145 145 144 144 144 144 144 144 144 144 145 145 144 146 152 154 144 133 128 132 188 260 231 197 183 165 157 155 151 142 132 130
241 239 232 224 162 116 115 122 131 141 149 154 156 157 158 159 159 159 161 162 162 162 161 162 166 168 164 159 158 159 163 166 166 165 163 161 160 157 155 153 154 155 154 154 153 152 151 151 150 150 149 149 149 149 148 148 148 147 147 147 146 146 146 145 145 145 144 144 144 144 144 145 145 145 145 145 147 150 149 140 132 137 168 189 188 185 182 172 158 153 148 145 139 133 133
245 243 233 214 175 126 125 128 133 142 149 154 156 157 158 158 158 158 159 160 160 160 160 161 165 166 164 161 160 160 161 163 164 164 162 161 162 161 157 154 153 153 153 152 152 151 150 149 149 148 148 148 148 148 148 148 148 147 147 147 146 146 146 146 145 145 145 144 144 144 145 145 145 145 146 146 147 149 147 140 138 157 173 174 177 177 173 160 150 144 141 138 135 133 135
239 233 211 190 168 158 152 147 146 149 153 155 156 157 157 158 158 158 158 158 158 158 159 160 162 162 161 161 162 161 160 160 162 164 164 162 163 163 160 157 155 153 151 150 150 149 148 147 145 145 146 147 147 148 148 148 148 147 147 147 146 146 146 145 145 145 145 145 145 145 145 145 145 145 146 147 148 149 147 144 151 165 169 171 173 170 158 148 143 139 136 134 132 132 134
239 232 197 169 162 167 174 168 163 162 161 160 159 158 157 157 157 157 157 156 157 157 157 159 161 160 158 159 161 161 159 158 159 162 164 165 165 163 161 161 160 158 154 150 147 144 143 141 138 138 140 143 146 147 148 147 147 147 147 147 146 146 146 145 145 145 145 145 145 145 145 145 145 146 146 147 148 149 149 151 159 165 169 172 172 162 148 142 140 137 135 133 131 131 133
246 232 173 158 160 178 186 182 177 173 170 165 161 159 158 157 156 155 154 154 154 154 155 157 160 158 156 157 159 159 158 156 155 156 159 163 165 164 162 162 163 163 160 157 154 151 149 147 144 142 141 142 144 146 147 148 147 147 147 146 146 146 146 145 145 145 145 145 144 145 145 145 145 146 146 147 148 149 151 154 160 166 171 175 169 151 143 139 138 137 135 134 132 133 135
200 185 169 168 173 184 188 188 186 182 176 168 163 160 157 156 155 153 152 151 150 151 152 154 157 157 156 157 158 158 158 157 156 155 154 156 158 160 160 161 162 162 161 160 159 158 158 156 154 154 154 151 148 147 148 148 147 147 146 146 146 146 145 145 145 145 145 144 144 144 145 145 145 145 146 146 148 149 151 154 161 168 172 172 158 144 137 135 135 134 133 132 132 133 134
169 170 174 182 189 191 192 195 194 187 176 168 164 160 157 155 153 151 149 148 147 148 149 151 153 154 155 157 158 158 158 159 159 158 156 153 152 153 155 157 158 158 157 156 156 155 154 153 152 153 156 156 154 152 150 148 147 146 146 146 145 145 145 145 145 145 144 144 144 144 144 145 145 145 145 146 147 149 151 155 163 169 171 165 148 140 135 132 131 131 130 129 129 129 130
143 158 183 190 197 201 204 203 194 181 171 167 164 161 158 156 154 150 147 145 143 143 144 146 148 151 152 154 155 156 158 159 161 162 161 158 155 153 151 152 153 155 154 153 151 149 147 145 144 145 148 151 152 152 150 148 146 146 145 145 145 145 145 145 145 144 144 144 144 144 144 144 144 145 145 146 147 148 151 155 163 168 169 160 142 136 134 132 132 131 130 129 129 129 130
