windninja/windninja_output/Output_2025-08-09_0900-0950_Google earth_Fire_150m_10min/merlingen_7.5mi_point_08-09-2025_0920_150m_ang.asc
ncols	158
nrows	163
xllcorner	391686.332397
yllcorner	5160024.123721
cellsize	150.000000
NODATA_value	-32768.000000
[rows 48 to 95 of 163, columns 0 to 95 of 158]
202 201 198 197 197 196 192 189 188 188 187 186 186 185 184 183 182 181 181 180 179 177 176 174 173 171 170 168 166 164 162 160 158 156 154 153 150 148 146 144 142 139 138 143 143 137 131 127 124 122 117 110 107 106 107 109 110 113 116 118 118 111 106 104 102 99 96 93 91 90 89 86 83 76 69 62 60 67 76 80 80 80 79 76 74 73 73 72 74 76 76 77 76 74 71 68
203 201 199 198 198 196 193 188 186 186 186 185 185 184 183 183 181 181 180 179 178 176 175 174 172 170 169 167 165 163 162 159 157 156 154 152 150 147 146 144 141 138 138 141 139 133 128 125 123 121 117 112 111 112 113 114 115 116 116 116 114 107 101 99 100 99 96 93 91 89 87 84 80 74 67 64 65 68 73 77 78 79 79 77 75 74 73 73 76 76 73 71 71 70 70 66
205 202 200 199 197 196 193 189 185 184 185 185 184 183 182 182 181 180 179 178 177 175 174 173 171 170 168 166 165 163 161 159 157 155 153 151 149 147 145 144 141 139 139 140 136 129 124 123 119 116 114 114 116 119 119 119 117 116 114 111 107 101 97 98 99 99 96 93 90 88 86 83 78 72 69 69 69 69 71 75 77 78 77 76 76 76 76 77 76 74 70 68 67 66 66 64
207 204 199 197 196 194 193 192 186 183 183 183 183 182 181 181 180 179 178 177 175 174 173 172 170 169 168 166 164 162 160 158 156 154 152 150 147 145 144 143 141 138 138 138 134 127 123 122 117 116 119 120 119 120 120 119 116 112 107 104 100 97 97 98 99 98 95 92 89 87 85 81 77 74 73 74 73 71 72 74 75 75 76 78 79 79 80 78 76 72 68 65 64 64 64 65
211 206 198 196 195 193 193 193 188 183 182 182 182 181 181 180 179 178 177 176 174 173 172 171 169 168 166 165 163 161 159 157 155 153 151 149 146 144 143 142 141 137 136 137 133 127 124 125 125 128 130 127 123 122 120 116 112 107 101 98 97 98 98 98 99 98 95 90 87 85 83 80 77 75 76 76 75 75 76 75 72 72 75 79 82 83 81 79 76 72 67 64 62 62 65 72
212 206 197 193 194 192 191 193 191 186 182 181 181 181 180 179 178 177 176 175 174 172 171 170 168 167 165 163 162 160 158 156 154 152 150 148 146 144 142 142 140 137 135 135 133 128 128 133 133 131 131 127 123 121 117 113 109 104 98 96 98 100 99 98 98 97 94 89 86 85 84 80 77 75 76 76 75 77 80 79 73 72 73 75 78 82 83 80 75 69 66 65 61 61 70 89
209 205 197 191 192 192 190 192 193 189 183 180 180 179 179 178 177 176 175 174 173 171 170 168 167 166 164 162 161 159 157 155 153 151 149 147 145 143 141 140 139 135 133 133 132 129 131 136 133 130 128 125 122 118 113 110 108 104 100 99 100 101 100 98 97 97 93 88 85 85 82 78 75 76 77 76 75 77 81 81 77 75 74 71 71 75 79 79 74 68 66 66 65 65 80 97
205 204 200 193 192 193 190 191 193 192 186 180 178 177 177 177 176 175 174 173 172 170 169 167 166 165 163 161 160 158 156 154 152 150 148 146 144 142 141 139 136 133 130 130 130 131 132 134 132 129 129 124 121 117 111 108 107 104 103 103 104 103 100 97 96 96 93 90 87 83 76 72 75 78 78 76 75 78 81 81 80 78 75 71 68 68 68 69 69 69 70 71 72 76 86 95
204 204 202 198 195 193 190 188 191 192 188 182 178 175 175 175 175 174 173 172 171 170 168 166 165 164 162 160 159 157 155 153 151 149 147 145 143 141 140 138 135 132 130 130 131 132 133 132 130 130 130 123 120 116 109 106 107 106 106 107 107 105 100 95 93 93 92 90 86 79 71 73 78 79 78 76 77 80 81 80 80 79 76 72 70 67 62 59 60 65 73 79 87 93 92 91
204 203 201 199 196 193 190 186 185 188 187 184 180 176 173 173 173 172 171 170 169 168 167 166 164 163 161 159 158 156 154 152 150 148 146 144 142 141 139 137 135 133 132 131 130 130 130 130 129 130 130 122 118 115 108 106 110 110 110 110 108 104 98 92 89 89 89 87 82 76 75 80 80 79 78 77 79 81 81 78 77 76 75 73 71 68 64 59 59 64 75 90 102 104 98 87
204 203 200 199 197 195 192 187 182 182 184 185 184 180 174 170 170 171 170 169 168 167 166 164 163 162 160 158 157 155 153 151 149 147 145 143 142 140 138 136 134 133 131 130 129 128 127 127 127 129 130 123 118 114 108 107 111 112 111 110 107 102 97 91 87 85 86 83 77 78 82 82 81 80 80 80 82 82 79 75 72 71 71 70 69 67 65 64 66 73 87 98 103 104 96 78
204 203 200 199 197 195 193 189 183 181 181 183 184 183 177 171 168 168 168 168 167 166 164 163 162 161 159 157 155 154 152 150 148 146 144 143 141 139 137 135 134 132 131 129 128 127 126 126 127 129 132 127 119 114 108 107 111 112 111 109 106 101 96 90 85 83 84 80 77 82 84 83 83 83 82 82 84 83 78 73 70 69 68 66 64 64 65 69 78 91 99 99 99 98 86 69
204 203 201 199 197 195 192 189 185 182 180 179 180 181 180 176 170 166 165 166 166 165 164 163 161 160 158 156 154 153 151 149 147 145 143 142 140 138 136 135 133 132 130 129 127 126 126 125 126 129 132 128 119 113 108 107 111 112 110 107 105 101 95 90 85 83 82 77 79 84 85 85 86 86 84 84 84 80 74 71 70 69 67 64 63 64 68 77 90 100 100 96 93 86 74 63
204 203 202 199 197 195 192 189 186 182 179 176 175 177 180 179 174 168 164 163 163 163 162 162 160 159 157 155 153 152 150 148 146 144 143 141 139 137 135 134 132 131 129 128 127 126 125 125 125 127 130 128 120 113 108 108 110 110 108 105 103 100 96 91 87 84 79 75 83 88 87 88 89 88 86 85 82 75 72 70 69 68 67 65 65 69 78 89 97 101 99 92 84 72 65 60
206 205 202 199 196 194 191 188 185 183 179 175 172 173 176 178 177 172 167 163 161 161 161 160 159 158 155 154 152 151 149 147 145 144 142 140 138 136 135 133 131 130 129 127 126 125 124 124 123 124 127 128 121 115 111 109 109 108 106 104 102 101 98 94 89 84 76 77 87 90 89 89 90 89 87 84 79 74 71 69 68 67 66 67 71 78 90 100 101 99 93 84 73 65 61 57
210 207 203 199 195 192 190 188 186 183 180 175 172 171 172 174 176 175 171 166 161 159 159 159 158 157 155 153 151 150 148 146 144 143 141 139 137 136 134 132 131 129 128 127 125 124 123 122 122 122 124 126 122 117 116 113 108 107 106 105 105 103 98 93 88 83 79 85 91 91 90 90 90 90 87 81 77 74 71 67 66 65 65 70 76 86 98 104 102 94 82 74 67 61 57 55
215 211 204 199 194 190 189 187 185 183 181 176 172 170 169 170 172 174 173 169 164 161 158 157 156 155 153 152 150 148 147 145 144 142 140 138 136 135 133 131 130 128 127 126 124 123 122 121 121 121 122 123 121 118 120 117 109 106 107 107 106 102 92 87 87 87 90 96 95 93 92 91 91 89 86 81 78 74 68 64 63 64 68 74 83 95 99 100 95 83 73 67 61 58 55 51
215 211 202 197 193 190 188 186 185 182 179 175 171 169 169 167 167 170 172 171 168 163 159 156 154 153 152 151 150 148 146 144 143 141 139 137 136 134 132 131 129 128 126 125 124 122 121 120 120 119 119 120 120 117 119 120 112 107 106 106 103 95 88 89 92 95 100 100 98 95 94 92 91 88 85 83 80 74 65 62 64 69 76 83 91 97 97 93 83 71 65 61 56 55 52 49
210 207 202 198 193 189 186 185 184 181 177 174 172 168 167 167 165 165 168 169 169 167 163 158 154 152 151 150 149 147 145 144 142 140 138 137 135 133 131 130 128 127 125 124 123 122 120 120 119 118 117 117 117 116 118 119 115 108 103 100 98 97 97 97 96 97 99 99 98 97 96 93 90 87 86 85 81 74 65 64 70 78 87 93 95 94 91 84 71 64 58 53 52 50 50 51
198 200 201 198 194 187 183 185 185 181 176 174 173 170 166 165 165 164 163 165 167 168 165 161 157 153 150 148 146 145 144 143 141 139 137 136 134 132 131 129 128 126 125 123 122 121 120 119 118 117 116 115 115 115 115 116 114 109 102 98 99 106 106 102 98 96 95 96 98 98 97 94 91 89 87 85 82 74 67 72 80 87 94 96 94 90 83 71 64 59 52 48 47 45 48 52
178 188 194 195 193 187 183 186 187 182 177 174 172 171 168 165 164 163 161 161 163 164 164 163 160 157 152 147 144 142 142 141 140 138 137 135 133 132 130 128 127 125 124 123 121 120 119 118 117 116 115 114 113 113 113 112 111 109 105 101 103 110 109 106 101 97 94 95 97 97 96 94 93 91 89 87 84 78 75 83 89 93 92 90 92 87 76 64 59 53 48 44 44 45 48 52
167 174 186 190 191 190 188 187 187 184 179 177 176 174 172 170 167 164 161 160 160 160 159 159 161 161 155 148 143 141 140 139 138 137 136 134 133 131 129 128 126 125 123 122 121 119 118 117 116 115 114 113 112 111 111 110 109 108 107 104 105 109 110 108 104 100 98 97 97 96 94 94 94 93 91 89 87 85 87 91 93 92 86 85 93 87 72 60 55 48 43 40 43 46 49 52
173 174 179 184 189 193 191 186 184 183 182 181 180 179 177 175 172 169 165 161 159 158 156 155 158 161 156 149 145 142 140 138 137 136 135 133 132 130 129 127 126 124 123 121 120 118 117 116 115 114 113 112 111 110 109 109 108 107 106 105 106 107 108 106 105 104 103 101 99 97 95 96 95 93 90 87 88 91 94 94 91 86 84 89 93 85 67 56 50 43 39 39 43 45 50 51
186 185 183 185 189 192 189 182 179 181 183 184 183 181 179 177 175 172 169 165 161 157 155 154 156 158 155 151 149 145 142 138 136 135 134 133 131 130 128 127 125 123 122 120 119 118 117 115 114 113 112 111 110 109 109 108 107 106 105 105 105 105 105 105 105 106 106 104 102 102 102 99 95 91 88 87 89 92 94 92 88 85 89 96 91 76 59 50 44 42 40 42 44 45 48 55
194 192 189 188 188 188 184 177 174 178 182 182 179 177 175 173 171 170 169 168 165 160 156 155 156 155 152 150 149 147 144 140 137 135 133 132 131 129 128 126 124 123 121 120 118 117 116 115 114 112 111 110 110 109 108 107 106 105 105 104 104 104 103 104 104 104 105 105 105 108 109 104 95 90 89 90 90 91 90 88 88 91 97 97 86 64 50 44 44 44 43 46 49 50 57 79
201 198 193 191 189 186 182 178 174 177 179 177 175 173 170 168 166 164 164 165 164 162 159 157 156 155 150 148 147 146 144 141 138 135 134 132 130 129 127 125 124 122 121 119 118 116 115 114 113 112 111 110 109 108 107 106 105 105 104 104 103 103 103 102 102 102 103 104 105 108 109 106 99 95 95 96 95 93 89 89 92 99 101 94 76 55 44 42 46 47 46 49 53 63 87 99
209 205 198 193 189 185 182 178 176 175 175 174 173 171 169 166 164 163 161 160 159 158 158 156 155 154 151 148 145 143 142 141 138 136 135 133 131 128 127 125 124 122 120 119 117 116 115 113 112 111 110 109 108 107 107 106 105 104 104 103 103 102 102 101 101 101 101 102 103 104 105 105 104 104 104 102 100 95 92 94 100 103 99 85 63 47 41 44 49 49 52 51 56 85 98 100
217 214 205 197 190 185 180 176 175 173 171 170 169 168 166 165 163 162 160 158 157 155 154 153 153 152 149 147 145 143 141 140 138 135 134 133 130 128 127 125 123 122 120 118 117 115 114 113 112 111 110 109 108 107 106 105 104 104 103 103 102 102 101 101 100 100 101 101 101 101 102 103 105 109 110 108 104 99 97 103 106 102 90 72 52 40 42 46 50 55 62 65 80 95 96 94
225 222 213 203 192 182 175 171 170 168 167 167 166 165 164 162 162 160 159 158 156 155 153 152 151 151 148 144 143 142 140 138 135 131 129 129 128 127 126 125 123 121 119 118 116 115 113 112 111 110 109 108 107 106 106 105 104 103 103 102 102 101 101 100 100 100 100 100 100 100 101 101 103 107 111 110 109 106 106 107 104 95 79 61 47 44 49 51 55 65 77 96 105 100 93 88
232 230 224 217 198 177 167 162 160 161 162 164 164 162 161 161 160 158 158 157 156 154 153 151 152 151 146 142 140 140 138 135 133 130 129 129 128 126 125 124 123 121 119 117 116 114 113 112 111 109 109 108 107 106 105 104 104 103 102 102 101 101 100 100 100 99 99 99 99 100 100 101 102 104 108 111 112 114 113 106 98 85 68 56 52 58 63 62 67 79 96 109 107 99 90 85
242 240 234 233 222 166 147 147 150 155 159 161 162 161 160 159 158 157 157 156 155 153 151 151 152 152 146 142 140 139 138 136 134 133 130 129 129 126 124 123 123 121 118 117 115 113 112 111 110 109 108 107 107 106 105 104 103 102 102 101 101 100 100 99 99 99 99 99 99 99 99 100 100 102 104 108 113 118 117 105 92 75 60 57 57 60 64 71 85 94 100 104 103 95 87 84
245 242 234 226 218 147 137 140 145 152 158 160 161 160 160 159 157 156 156 155 154 152 150 150 152 151 146 143 142 141 140 137 135 132 129 128 128 126 123 122 122 120 117 116 114 112 111 110 109 108 108 107 106 106 105 104 103 102 101 101 100 100 99 99 99 98 98 98 98 99 99 99 100 100 102 105 110 117 117 105 88 68 60 61 59 59 68 86 96 99 99 97 96 93 88 86
239 234 218 206 187 169 155 151 152 155 159 161 161 160 159 158 157 156 155 154 153 151 149 149 151 149 145 143 142 142 140 137 135 133 130 128 128 126 123 121 122 120 116 114 112 111 110 108 108 108 108 107 106 105 104 104 103 102 101 101 100 99 99 98 98 98 98 98 98 98 98 99 99 100 101 103 107 112 114 105 88 73 69 65 61 67 86 99 101 99 96 94 93 91 89 89
239 233 211 189 177 177 177 170 166 165 164 163 162 161 159 158 157 155 154 153 151 150 149 149 150 147 143 141 141 141 140 137 136 134 131 129 127 126 123 121 120 119 115 112 110 108 107 105 104 106 108 108 107 106 105 103 102 102 101 100 100 99 99 98 98 98 97 97 97 97 98 98 99 99 100 101 104 108 111 107 98 83 75 70 70 85 102 104 101 97 94 93 90 89 89 90
246 237 196 175 173 186 190 184 178 175 172 168 164 162 160 158 156 154 153 151 150 149 147 148 149 146 142 141 140 140 138 135 133 130 128 127 126 125 123 121 120 119 116 113 111 109 108 107 106 107 109 109 108 107 105 103 102 101 100 100 99 99 98 98 98 97 97 97 97 97 97 98 98 98 99 100 102 105 108 111 110 94 78 77 90 104 105 104 101 97 94 91 88 87 88 89
215 200 183 180 184 192 192 190 187 183 177 170 165 162 159 158 156 153 151 149 148 147 146 146 148 146 143 142 140 139 137 134 132 129 126 123 122 122 121 120 119 119 118 117 115 114 114 113 111 110 110 110 109 108 105 103 102 101 100 100 99 99 98 98 97 97 97 96 96 97 97 97 98 98 99 100 101 104 107 112 118 112 90 91 106 108 105 102 100 98 94 91 88 86 86 87
192 188 188 195 198 197 196 195 193 187 177 170 166 163 159 156 155 152 149 148 146 145 145 144 145 145 143 142 141 139 137 136 133 130 126 122 120 119 118 118 118 118 117 116 115 113 112 112 111 109 108 107 107 107 105 103 102 101 100 100 99 98 98 97 97 97 96 96 96 96 96 97 97 98 98 99 101 103 106 112 124 131 118 110 109 107 104 100 99 98 95 92 89 86 86 86
178 190 202 205 207 206 204 200 193 182 173 169 166 163 160 157 155 151 148 146 143 142 142 142 142 143 141 140 139 138 137 136 134 132 128 125 122 119 117 117 118 117 116 114 111 110 108 108 107 106 105 103 102 102 103 102 101 100 100 99 99 98 98 97 97 96 96 96 96 96 96 96 97 97 98 99 100 102 106 112 127 140 138 122 110 105 101 98 97 97 96 93 90 88 86 87
178 195 209 209 213 214 208 196 184 175 171 170 166 162 160 158 156 150 146 142 139 137 135 134 138 143 142 140 138 137 136 135 135 134 132 129 126 122 119 117 117 117 115 113 111 109 107 106 106 106 105 103 101 100 101 101 101 100 100 99 99 98 98 97 97 96 96 96 95 95 96 96 96 97 98 98 100 102 106 113 128 143 142 124 109 103 100 98 96 95 94 93 93 93 91 89
201 210 217 213 210 206 197 185 178 174 173 169 165 162 160 158 156 151 145 140 137 133 129 131 139 146 146 143 140 139 137 135 133 133 131 129 128 125 121 119 118 118 116 113 110 108 106 105 104 103 104 103 102 100 100 100 100 100 100 100 99 99 98 97 97 96 96 95 95 95 95 96 96 96 97 98 100 102 106 112 125 140 141 126 109 101 98 97 95 93 94 97 99 99 96 91
222 217 205 196 192 190 188 184 181 180 175 167 163 163 161 161 159 152 145 140 138 135 134 141 149 154 150 145 142 140 138 135 133 130 128 126 125 123 120 118 117 117 117 114 111 108 106 104 103 102 103 103 102 101 100 99 99 100 100 100 100 99 98 97 96 96 95 95 95 95 95 95 95 96 97 98 99 101 105 110 119 133 137 127 113 102 97 94 94 95 98 100 99 94 92 93
219 208 193 191 189 186 186 187 187 184 174 165 164 164 164 163 160 152 144 140 139 139 143 151 160 160 152 146 143 141 138 136 133 131 128 125 123 121 117 114 112 113 115 114 112 108 105 103 102 102 102 103 103 103 101 99 97 97 99 102 103 100 98 97 96 96 95 95 95 95 95 95 95 96 96 97 99 100 103 107 114 124 130 125 115 107 100 96 97 99 100 98 92 87 87 91
210 203 196 196 192 186 185 186 186 181 174 169 167 166 166 164 159 153 143 137 139 145 153 162 166 163 154 148 144 141 139 136 134 132 129 126 124 123 120 115 112 111 111 111 111 108 105 102 101 101 102 103 104 104 102 97 94 94 98 104 106 102 99 97 96 95 95 95 94 94 94 94 95 95 96 97 98 99 101 105 109 116 123 121 116 112 108 102 102 102 98 91 87 86 86 88
204 201 197 194 188 183 179 179 181 180 177 175 173 171 169 166 162 156 144 136 143 153 165 170 170 164 155 149 145 142 139 136 133 131 129 126 125 124 122 118 113 110 109 110 109 108 105 102 99 100 102 103 104 105 103 98 96 97 99 102 105 102 99 97 96 95 95 94 94 94 94 94 94 95 95 96 97 98 100 102 106 110 116 118 116 115 112 107 104 100 92 86 88 88 87 88
195 193 190 188 186 182 176 176 180 183 182 179 176 173 170 166 163 160 152 150 152 167 174 175 172 165 155 149 145 142 138 135 133 131 129 127 125 124 122 119 114 109 107 107 108 107 104 101 98 98 100 103 105 105 106 104 102 102 99 96 97 99 98 96 95 95 94 94 94 94 94 94 94 94 95 95 96 97 98 100 102 106 111 114 114 112 110 107 102 95 85 85 89 89 89 91
184 184 183 184 183 181 179 178 181 185 186 182 178 176 176 174 167 162 159 161 169 176 176 176 172 164 155 150 146 142 138 134 131 130 129 127 125 123 121 120 117 111 106 105 105 104 103 100 98 96 98 103 107 106 107 109 105 100 96 92 92 95 96 95 95 94 94 94 93 93 93 93 93 94 94 94 95 96 97 98 100 102 105 108 110 108 106 103 97 88 84 86 89 89 89 91
171 175 179 179 179 179 181 181 181 182 184 184 181 179 179 177 173 169 166 173 185 184 181 177 171 163 155 151 147 143 138 132 130 130 130 127 124 122 120 120 119 116 109 105 104 103 102 101 99 98 99 105 109 106 105 106 103 99 96 93 92 94 95 95 95 94 94 93 93 93 93 93 93 93 93 94 94 95 96 97 98 99 100 102 104 103 102 99 93 88 87 88 88 88 88 89
156 166 176 176 176 177 179 179 176 175 178 183 184 183 181 178 179 180 177 185 195 194 189 179 168 160 155 151 148 145 140 135 133 133 131 128 125 123 121 119 120 119 114 108 105 104 104 103 103 103 104 104 105 103 102 103 102 100 98 95 94 93 94 94 94 94 93 93 93 93 93 92 92 92 93 93 93 94 94 95 96 97 97 98 98 98 97 95 92 90 88 88 87 87 87 87
