windninja/windninja_output/Output_2025-08-09_0900-0950_Google earth_Fire_150m_10min/merlingen_7.5mi_point_08-09-2025_0950_150m_ang.asc
ncols	158
nrows	163
xllcorner	391686.332397
yllcorner	5160024.123721
cellsize	150.000000
NODATA_value	-32768.000000
[rows 0 to 44 of 163, columns 0 to 95 of 158]
217 216 214 210 208 209 208 205 205 205 204 202 201 203 207 212 216 215 213 212 205 196 196 199 201 202 201 198 197 198 198 199 200 198 197 199 201 200 199 197 195 195 195 195 194 193 194 190 184 184 184 184 184 185 185 185 184 182 181 179 178 178 178 176 174 174 174 173 171 170 169 169 167 165 163 163 163 161 157 156 156 155 152 149 148 144 142 139 136 133 130 127 126 123 118 111
217 216 213 210 210 210 209 208 208 207 204 201 199 202 207 211 212 208 207 207 201 193 194 199 203 203 201 198 198 200 200 200 200 199 198 200 200 199 197 195 194 194 194 194 192 191 191 188 184 183 184 184 185 186 186 186 184 182 181 180 179 178 178 176 175 174 174 173 171 170 169 169 168 166 164 164 164 162 158 157 158 156 153 151 149 146 145 142 139 136 132 129 128 126 124 120
214 213 211 209 210 210 210 210 209 206 201 196 196 200 205 209 207 204 203 203 199 192 190 197 203 204 202 200 201 202 203 202 201 200 198 198 198 197 196 195 193 193 192 191 190 189 189 188 186 185 184 185 187 188 187 185 184 182 182 182 180 178 177 176 175 175 174 173 172 170 171 170 168 166 165 165 166 162 159 160 161 159 154 154 151 149 150 149 145 143 138 136 135 135 134 133
206 209 209 208 209 207 206 205 203 200 197 194 195 199 204 208 207 204 204 204 202 196 191 193 201 203 202 201 200 201 202 203 201 199 198 197 197 198 197 194 193 192 191 190 189 188 188 189 189 187 186 186 188 188 187 185 184 183 182 182 181 179 178 177 177 175 174 173 172 171 172 170 167 165 165 165 164 162 160 161 163 160 157 156 151 149 153 153 151 150 148 144 142 143 142 141
200 205 208 207 207 205 202 201 200 199 198 195 194 198 203 207 209 208 207 208 206 201 193 190 195 199 200 200 199 199 200 201 201 199 197 198 198 198 196 193 191 190 190 189 189 189 190 190 190 189 189 189 189 188 188 186 185 184 182 182 181 180 179 178 177 176 175 173 172 173 173 170 167 166 166 164 161 159 160 162 163 159 156 156 151 149 152 152 151 152 153 151 149 149 148 148
199 202 206 207 206 204 202 202 202 202 200 197 194 198 204 208 211 212 211 211 210 206 197 188 191 196 198 200 199 199 199 200 200 199 198 198 196 195 193 192 191 190 190 191 191 192 192 192 191 192 192 192 190 190 189 188 186 184 183 182 181 181 180 179 178 176 175 174 173 174 174 171 167 166 167 166 162 159 159 163 162 157 153 153 152 149 150 148 146 148 150 150 152 152 151 150
203 203 204 205 205 204 204 204 204 203 200 197 194 198 206 210 212 213 212 210 211 209 201 190 188 194 198 200 199 199 199 199 200 200 199 197 195 194 194 193 193 192 193 194 194 195 194 194 193 193 193 193 192 191 190 189 186 184 183 182 181 181 181 180 179 177 176 174 173 175 175 172 169 168 168 167 165 162 163 166 161 157 154 153 151 148 147 145 142 142 141 142 144 147 147 146
204 204 204 204 205 206 207 208 206 203 200 196 193 198 207 210 210 211 211 210 210 209 205 196 188 191 196 198 198 199 200 200 201 201 200 198 197 197 197 197 197 197 197 198 197 196 196 195 195 195 194 193 193 193 192 189 186 184 182 180 180 180 181 182 181 179 176 174 174 174 173 171 170 170 168 166 165 165 168 167 158 155 156 155 153 151 149 147 144 140 137 135 135 137 141 142
203 204 205 205 206 209 211 210 207 203 200 195 192 196 205 210 209 210 211 211 211 210 207 201 192 188 192 197 198 200 202 202 202 203 203 202 201 202 202 203 203 202 201 200 199 198 197 197 196 195 195 194 193 194 193 189 186 184 182 181 180 180 180 182 183 181 177 174 174 175 172 170 170 171 170 167 165 167 171 165 155 152 154 155 155 154 154 152 151 150 147 145 142 143 144 141
203 205 206 206 206 208 209 209 206 203 200 196 192 194 204 210 210 210 209 210 210 210 208 203 197 190 190 196 198 199 202 202 202 204 205 206 205 205 206 207 206 204 203 201 201 200 198 198 197 195 195 196 194 192 191 189 186 185 185 184 184 182 180 181 181 179 176 174 175 177 174 171 170 170 170 168 165 167 168 163 157 154 154 153 150 151 152 151 152 155 155 152 148 149 147 139
204 205 206 207 206 207 207 207 205 203 201 199 194 194 203 210 211 210 209 208 209 209 208 205 200 195 191 195 199 199 203 204 204 206 209 209 208 208 208 207 206 205 204 203 204 202 200 200 200 198 197 197 195 192 192 192 191 189 190 190 188 184 181 179 175 173 173 173 177 178 176 172 170 170 171 170 167 164 162 159 158 158 157 153 147 147 147 144 146 153 153 148 146 148 145 137
204 205 206 207 206 206 206 206 205 204 203 201 197 195 201 208 211 211 209 209 210 210 210 207 203 200 197 198 202 203 206 209 208 209 211 212 211 210 209 207 207 207 206 205 206 205 203 205 207 206 204 202 200 199 199 200 199 198 197 197 194 190 181 172 166 166 167 171 176 175 172 171 171 171 173 172 169 164 160 157 157 159 159 156 151 150 148 142 143 151 149 141 141 145 141 136
205 205 206 207 206 206 206 206 206 205 204 202 200 198 202 209 211 211 210 210 210 211 212 211 209 207 205 205 206 208 209 210 210 210 212 214 213 211 210 209 208 208 207 206 208 209 209 213 217 217 214 213 213 215 215 211 207 206 207 210 207 196 177 159 152 153 156 162 167 167 168 170 170 169 169 168 167 165 162 161 159 157 157 155 152 153 150 143 146 153 148 139 138 142 137 131
206 206 206 206 206 207 207 207 207 206 205 204 202 201 205 212 215 212 211 212 212 213 215 216 215 212 209 208 208 209 211 212 212 212 212 214 213 212 211 210 211 213 214 216 219 219 217 216 218 219 219 218 218 221 224 221 213 211 211 209 202 189 176 163 153 146 143 144 148 155 162 165 165 164 163 162 160 159 160 161 158 155 153 151 150 152 148 142 145 149 144 135 133 134 128 123
206 206 206 207 207 207 207 207 207 207 206 205 202 200 205 212 215 213 212 215 216 216 218 218 217 214 210 209 210 211 213 214 213 212 211 212 213 214 215 217 221 226 230 233 233 230 225 216 213 215 216 213 210 210 210 208 202 198 196 194 190 183 176 174 172 164 155 146 139 142 152 157 158 160 161 159 155 154 154 153 150 149 148 146 147 147 143 139 140 140 133 123 117 118 116 114
207 207 207 207 207 208 208 208 208 208 207 206 203 199 202 210 213 212 211 214 217 217 217 217 216 214 210 210 212 211 212 212 210 211 213 216 222 225 227 230 234 233 231 229 224 221 219 215 211 212 210 206 200 198 198 199 198 192 187 186 184 180 177 178 178 173 166 158 152 145 143 145 149 154 158 156 154 154 152 147 146 145 143 141 141 139 134 130 130 129 123 115 112 111 111 111
207 207 207 207 208 208 208 208 209 208 208 207 205 201 201 210 214 213 212 213 214 215 215 215 216 214 211 210 211 210 211 212 213 217 224 230 234 234 232 230 228 222 218 218 215 213 213 212 208 204 203 201 196 195 196 198 199 194 186 182 181 179 179 179 177 174 169 164 160 157 148 139 138 145 152 154 156 155 150 147 146 145 140 136 132 126 121 115 116 123 127 124 121 118 116 115
207 207 207 208 208 208 208 209 209 209 208 208 207 205 204 210 216 216 215 214 215 216 216 216 217 216 214 212 212 213 215 218 220 224 227 228 227 225 222 220 218 215 215 216 215 213 211 208 204 200 198 198 197 198 198 199 198 194 187 182 182 181 181 179 175 172 170 166 164 162 156 150 144 143 146 150 154 152 146 143 142 140 135 131 124 118 114 115 119 126 129 127 124 122 121 118
207 207 208 208 208 209 209 209 209 209 209 209 209 208 208 212 217 219 219 219 219 218 218 218 220 219 218 216 216 219 221 222 221 221 222 222 222 221 219 218 218 217 218 217 215 214 210 204 202 203 201 199 199 199 198 196 194 193 188 183 183 183 183 179 175 171 169 169 167 161 158 158 154 150 147 145 144 141 134 130 129 127 128 131 131 130 130 129 126 127 130 129 125 124 123 122
208 208 208 208 209 209 209 210 210 210 210 211 210 210 211 214 218 220 220 221 220 218 218 219 219 219 219 218 218 220 221 221 221 222 225 226 225 222 218 217 216 215 215 214 213 211 208 204 203 206 205 201 198 196 194 192 192 192 189 186 185 186 184 178 174 170 169 169 166 161 161 162 160 158 155 151 145 136 128 127 128 129 134 139 139 136 135 132 127 127 133 136 127 123 123 122
209 208 208 208 209 209 210 210 211 210 211 212 212 211 213 214 217 218 219 219 218 217 217 217 218 218 219 219 219 219 218 218 219 221 222 221 220 216 212 212 213 213 214 214 212 210 209 208 205 205 205 202 197 193 191 191 191 192 191 189 188 188 183 177 173 169 168 166 163 163 165 166 163 159 158 160 160 155 149 142 139 139 140 141 141 137 134 130 126 127 134 140 130 123 123 123
209 209 209 209 209 210 210 211 211 211 211 213 213 213 213 215 215 216 217 217 217 217 217 217 217 218 219 219 219 219 217 215 216 217 215 214 215 214 211 212 214 214 214 213 213 213 212 209 205 203 203 201 198 194 192 191 190 189 191 192 190 187 183 177 171 167 166 164 163 166 170 170 164 157 156 160 163 161 158 152 146 144 141 141 143 139 136 132 127 129 136 144 136 126 125 126
209 209 209 209 210 210 210 211 212 212 212 212 213 214 214 215 215 216 217 217 217 217 217 217 217 218 219 219 219 219 216 212 213 215 215 216 218 218 216 216 215 214 214 215 215 213 209 206 204 203 203 202 200 197 193 190 188 187 189 192 191 186 182 176 169 166 165 165 167 172 174 171 164 158 156 159 162 160 158 155 153 151 146 143 143 141 140 136 131 131 138 148 141 128 126 127
210 209 209 210 210 210 211 212 213 213 212 212 214 214 214 215 215 216 217 216 216 216 217 216 217 218 219 220 221 221 217 213 214 218 220 222 223 223 221 218 215 214 215 215 214 209 206 207 206 204 204 203 201 197 193 190 188 187 187 189 190 186 180 170 165 165 167 169 174 177 176 171 162 156 158 162 162 156 154 155 155 155 151 147 144 141 140 135 130 131 138 149 139 126 124 125
210 210 210 210 211 211 211 212 213 214 213 213 214 215 215 215 215 216 217 217 217 217 217 217 217 218 219 222 225 224 220 217 218 221 222 223 224 224 222 218 215 214 213 212 210 208 208 209 208 206 205 203 200 196 194 191 189 188 187 187 187 183 175 167 164 165 169 174 180 179 174 165 156 156 161 166 161 152 150 152 153 154 154 152 147 142 138 132 127 128 138 150 137 126 124 124
211 210 210 211 211 211 212 213 214 214 214 214 215 215 215 216 216 216 217 217 217 217 217 216 216 217 218 222 226 226 223 222 220 220 220 221 222 224 223 219 215 213 211 210 211 211 211 211 210 207 205 203 201 197 193 190 190 192 192 188 182 174 169 169 171 172 174 180 184 180 168 156 153 157 165 170 162 150 148 150 150 152 155 155 150 146 144 138 130 129 139 151 140 129 126 125
211 211 211 211 212 212 212 213 214 214 215 215 215 216 216 217 217 217 218 218 218 218 217 216 215 214 215 220 225 226 225 225 225 223 221 219 219 222 222 217 214 211 209 211 212 210 210 211 209 205 204 204 202 197 190 188 192 196 195 187 175 166 166 172 178 180 182 185 185 176 161 153 154 159 167 172 164 152 147 147 147 148 152 152 149 148 150 145 134 131 140 149 142 132 128 126
211 211 211 212 212 212 213 214 215 215 215 216 217 217 217 217 218 218 218 218 218 217 216 215 214 212 212 218 222 223 224 227 227 226 225 221 219 222 222 217 212 211 209 209 209 206 206 208 208 205 202 202 200 195 189 187 192 195 190 181 172 166 166 174 181 185 187 187 181 169 158 155 157 161 168 170 163 153 150 148 145 145 147 145 143 144 149 146 136 133 139 145 141 133 130 128
211 211 212 212 213 213 214 215 215 216 216 217 217 218 218 218 218 218 218 218 217 217 216 215 213 209 210 214 217 218 221 224 225 224 223 217 216 219 220 215 209 208 206 206 204 202 203 206 208 204 198 198 198 196 192 188 188 190 186 178 172 172 175 178 182 185 187 184 173 162 157 159 162 165 169 167 158 149 148 147 145 145 143 140 136 135 139 138 133 131 135 140 139 134 131 130
212 212 212 213 213 214 214 215 216 216 217 218 218 218 218 218 219 218 218 218 218 218 217 215 212 208 208 211 213 213 216 220 222 221 216 207 206 212 215 210 204 203 203 203 202 201 202 202 203 200 196 195 197 198 196 190 186 186 185 178 172 176 183 185 185 185 184 178 166 157 156 161 167 170 170 165 157 149 144 142 143 144 141 135 131 131 133 133 131 130 131 134 136 133 129 127
213 212 212 213 214 215 215 216 217 217 217 218 219 219 219 219 219 219 219 219 219 218 217 215 212 209 208 211 213 214 218 222 221 218 211 201 201 207 211 206 202 202 201 203 202 200 200 198 198 199 197 196 198 201 200 195 191 187 184 180 176 179 189 192 188 182 178 171 160 153 153 160 165 166 167 164 160 154 146 141 143 145 141 136 134 136 136 134 131 129 127 125 126 126 122 120
214 213 212 214 215 216 215 216 217 217 218 219 220 220 220 220 220 220 220 220 219 218 217 215 213 210 210 211 213 217 223 224 221 219 213 202 201 207 209 206 204 205 205 207 206 202 201 200 201 204 203 202 203 206 205 200 196 191 185 182 182 184 191 194 187 176 172 168 158 152 154 158 157 159 163 163 162 157 149 144 146 149 144 137 135 134 131 128 125 121 118 116 115 116 117 117
214 214 213 214 216 216 216 217 218 218 219 220 220 221 221 221 221 221 221 220 220 219 217 216 214 212 210 209 209 212 216 219 219 222 219 204 201 209 210 210 211 210 209 210 209 207 206 207 208 210 209 208 206 208 207 201 195 194 190 186 186 187 190 191 184 174 168 164 159 156 159 158 155 158 162 163 163 158 151 145 147 151 144 138 134 129 125 123 120 117 114 111 109 111 116 121
214 214 214 216 218 217 217 218 219 220 220 221 221 222 222 222 221 221 221 221 221 220 217 216 215 212 210 208 205 207 213 217 219 223 222 207 199 209 213 212 214 212 211 213 212 211 212 213 213 213 212 210 208 209 208 201 194 192 194 193 189 185 185 185 183 177 168 160 156 157 160 159 158 161 163 162 161 158 153 149 151 151 144 139 138 135 130 127 125 121 117 113 112 113 119 127
214 214 214 217 218 218 217 218 220 221 221 222 222 223 223 223 222 222 222 221 221 220 218 217 216 214 211 208 205 209 217 221 221 222 221 210 199 208 213 213 214 215 216 218 219 219 219 218 217 216 215 213 212 211 208 203 195 191 194 196 192 185 181 180 182 180 171 160 152 153 159 161 161 163 162 159 157 153 150 150 153 153 147 140 140 140 134 131 131 126 122 120 118 118 121 127
214 214 215 217 218 218 218 219 221 222 222 223 223 224 224 224 223 223 223 222 222 221 220 219 218 216 213 210 209 214 221 222 221 220 219 213 205 209 215 217 219 221 222 222 222 222 220 217 216 215 214 212 211 208 204 200 196 193 193 197 196 188 179 176 178 180 174 163 152 150 157 162 161 162 159 156 154 148 142 142 146 150 146 139 137 140 136 133 134 132 127 124 120 117 118 124
215 216 217 219 219 219 220 221 222 223 223 224 224 225 225 225 224 224 224 223 223 222 222 220 219 217 214 211 213 218 220 218 219 221 222 218 213 213 219 224 225 225 224 222 221 220 216 214 214 214 212 209 207 203 199 197 196 195 193 194 195 188 178 172 173 176 173 164 156 154 158 156 154 154 154 155 154 151 143 138 139 141 140 135 132 136 138 136 135 135 131 125 119 115 119 127
216 217 218 220 221 221 221 222 223 225 225 225 225 225 225 225 225 225 224 224 224 223 222 221 220 217 214 211 212 216 215 215 220 224 225 222 218 220 225 227 225 225 223 220 219 218 215 213 213 213 210 205 203 201 199 196 195 195 194 192 191 188 178 171 169 170 167 161 160 163 163 154 149 151 156 156 155 157 151 143 142 141 139 135 130 134 142 140 134 133 131 125 120 119 122 129
217 218 220 221 222 223 223 224 225 226 226 225 225 226 227 226 226 226 225 225 224 224 223 222 221 218 214 210 210 215 217 218 222 225 225 223 221 225 227 225 223 221 219 217 216 215 211 208 207 207 205 200 199 200 199 192 190 192 191 189 188 187 183 176 172 167 161 158 162 168 163 155 153 157 162 155 152 158 155 148 148 147 142 136 129 132 143 145 137 133 132 126 120 118 120 123
220 221 222 223 223 224 225 226 226 226 227 226 227 227 227 227 227 227 226 226 225 224 224 223 222 219 215 212 214 220 224 223 223 224 225 222 219 221 223 223 222 220 217 214 212 212 209 205 203 204 203 198 193 194 194 189 185 186 187 186 187 190 191 185 176 168 159 158 164 162 156 154 157 164 165 152 151 161 159 152 155 153 144 134 126 128 138 144 140 135 133 126 119 116 116 118
222 223 223 224 225 225 226 227 228 227 227 228 227 228 228 227 227 227 227 226 226 225 224 224 223 220 218 217 219 225 228 226 225 226 226 222 219 219 220 220 219 217 215 211 209 209 208 203 199 201 203 196 187 185 189 189 185 184 185 187 190 195 198 193 180 169 162 162 162 156 154 154 157 164 159 148 153 165 161 154 157 159 149 137 128 126 134 142 141 136 134 124 115 111 113 117
223 224 224 225 226 227 227 228 229 228 228 228 228 228 229 228 227 227 227 227 226 225 225 225 224 222 221 221 221 224 227 226 225 225 222 220 220 221 219 217 214 211 210 208 205 202 201 199 197 198 199 194 186 183 187 191 190 188 189 194 197 198 197 193 184 172 165 164 160 158 160 159 155 158 152 146 156 168 163 155 155 155 148 140 134 133 138 143 140 136 132 121 110 107 112 119
224 224 225 225 226 228 228 229 229 229 228 229 229 229 229 229 228 228 228 228 227 226 225 225 225 223 223 222 221 222 225 225 223 221 217 216 216 215 213 211 210 210 209 207 202 199 200 202 201 199 199 196 191 188 190 194 196 196 198 202 201 194 188 188 185 175 167 164 163 165 169 163 157 157 150 148 160 171 168 160 155 151 144 139 136 137 143 143 137 133 129 121 111 110 117 125
224 224 225 226 227 228 228 229 230 229 229 229 230 229 229 229 229 229 229 228 227 226 226 226 225 224 223 222 222 223 224 225 222 218 214 211 210 210 209 209 212 214 212 207 204 204 207 209 207 203 200 197 194 193 194 197 200 202 203 203 198 188 181 180 178 172 166 164 168 174 174 167 163 160 154 155 167 176 172 161 153 150 144 138 136 138 141 136 131 130 127 124 116 113 117 125
225 225 226 227 227 228 229 229 230 230 229 230 230 230 230 230 229 229 229 228 227 227 226 226 225 224 223 223 222 222 224 224 221 217 212 208 208 211 213 214 215 215 213 210 209 210 213 211 206 199 196 197 197 196 199 202 204 204 203 198 192 185 179 173 167 164 164 164 169 175 173 169 167 164 160 164 175 181 174 161 151 147 141 135 133 135 134 128 124 124 124 123 118 114 114 118
