windninja/windninja_output/Output_2025-08-09_0900-0950_Google earth_Fire_150m_10min/merlingen_7.5mi_point_08-09-2025_0930_150m_vel.asc
ncols	158
nrows	163
xllcorner	391686.332397
yllcorner	5160024.123721
cellsize	150.000000
NODATA_value	-32768.000000
[rows 38 to 75 of 163, columns 0 to 83 of 158]
0.50 0.50 0.52 0.51 0.50 0.50 0.50 0.51 0.52 0.53 0.53 0.52 0.52 0.52 0.53 0.53 0.52 0.52 0.52 0.53 0.53 0.53 0.53 0.53 0.53 0.53 0.52 0.54 0.64 0.73 0.71 0.68 0.65 0.60 0.57 0.45 0.29 0.26 0.34 0.38 0.41 0.45 0.48 0.52 0.54 0.55 0.55 0.55 0.53 0.56 0.61 0.61 0.59 0.58 0.60 0.62 0.61 0.60 0.62 0.64 0.64 0.59 0.52 0.48 0.46 0.53 0.70 0.73 0.54 0.39 0.42 0.56 0.64 0.55 0.41 0.41 0.46 0.44 0.44 0.47 0.43 0.39 0.39 0.45
0.50 0.51 0.51 0.50 0.50 0.50 0.50 0.52 0.53 0.53 0.53 0.52 0.52 0.53 0.53 0.53 0.53 0.53 0.53 0.53 0.53 0.53 0.53 0.54 0.53 0.53 0.54 0.58 0.64 0.65 0.62 0.61 0.59 0.57 0.51 0.36 0.28 0.35 0.41 0.43 0.45 0.49 0.54 0.58 0.59 0.59 0.59 0.58 0.57 0.61 0.66 0.66 0.66 0.68 0.73 0.74 0.72 0.72 0.72 0.72 0.67 0.59 0.51 0.46 0.45 0.53 0.70 0.69 0.48 0.45 0.59 0.67 0.59 0.42 0.36 0.48 0.54 0.47 0.45 0.48 0.43 0.38 0.39 0.48
0.50 0.51 0.50 0.50 0.51 0.51 0.51 0.53 0.54 0.53 0.52 0.52 0.53 0.53 0.53 0.53 0.53 0.53 0.53 0.53 0.54 0.54 0.54 0.54 0.54 0.54 0.55 0.57 0.57 0.58 0.60 0.59 0.55 0.51 0.43 0.32 0.33 0.41 0.45 0.49 0.52 0.57 0.62 0.62 0.61 0.63 0.64 0.63 0.63 0.64 0.68 0.73 0.77 0.80 0.80 0.77 0.74 0.71 0.69 0.65 0.56 0.45 0.42 0.45 0.47 0.54 0.68 0.64 0.53 0.61 0.66 0.57 0.43 0.34 0.40 0.59 0.59 0.49 0.47 0.47 0.41 0.38 0.43 0.52
0.51 0.51 0.51 0.51 0.51 0.51 0.53 0.54 0.54 0.52 0.52 0.53 0.53 0.53 0.53 0.53 0.53 0.53 0.54 0.54 0.54 0.54 0.53 0.54 0.54 0.54 0.55 0.55 0.55 0.57 0.60 0.56 0.52 0.47 0.39 0.36 0.39 0.43 0.49 0.58 0.64 0.70 0.69 0.66 0.68 0.73 0.74 0.71 0.68 0.69 0.75 0.80 0.79 0.75 0.70 0.65 0.59 0.54 0.53 0.48 0.40 0.35 0.41 0.49 0.52 0.58 0.67 0.68 0.68 0.69 0.57 0.45 0.43 0.41 0.52 0.67 0.58 0.46 0.42 0.40 0.38 0.39 0.47 0.56
0.51 0.51 0.51 0.51 0.51 0.53 0.54 0.54 0.53 0.53 0.53 0.53 0.53 0.53 0.53 0.53 0.53 0.53 0.54 0.54 0.54 0.53 0.53 0.54 0.54 0.54 0.54 0.54 0.56 0.58 0.59 0.55 0.51 0.46 0.43 0.43 0.46 0.55 0.64 0.69 0.71 0.70 0.68 0.72 0.78 0.77 0.70 0.62 0.60 0.65 0.75 0.77 0.67 0.59 0.56 0.53 0.46 0.40 0.38 0.37 0.35 0.38 0.48 0.54 0.57 0.65 0.74 0.80 0.79 0.65 0.49 0.49 0.54 0.54 0.65 0.69 0.51 0.40 0.37 0.37 0.39 0.42 0.50 0.63
0.51 0.51 0.51 0.51 0.52 0.54 0.54 0.53 0.53 0.53 0.53 0.53 0.54 0.53 0.53 0.53 0.53 0.53 0.54 0.54 0.53 0.53 0.53 0.54 0.54 0.54 0.54 0.55 0.56 0.57 0.55 0.53 0.50 0.48 0.48 0.49 0.57 0.67 0.71 0.68 0.64 0.62 0.66 0.74 0.72 0.60 0.52 0.50 0.53 0.62 0.73 0.72 0.59 0.51 0.49 0.46 0.39 0.34 0.32 0.35 0.39 0.46 0.53 0.56 0.65 0.79 0.87 0.89 0.79 0.65 0.59 0.65 0.67 0.67 0.73 0.66 0.47 0.37 0.34 0.36 0.41 0.47 0.60 0.78
0.51 0.50 0.50 0.52 0.53 0.54 0.53 0.53 0.53 0.53 0.53 0.53 0.53 0.53 0.53 0.53 0.53 0.53 0.54 0.54 0.53 0.53 0.54 0.54 0.54 0.54 0.55 0.56 0.55 0.54 0.54 0.53 0.52 0.51 0.50 0.54 0.61 0.65 0.61 0.57 0.56 0.61 0.69 0.70 0.57 0.44 0.43 0.49 0.61 0.73 0.77 0.68 0.54 0.47 0.43 0.39 0.34 0.31 0.34 0.41 0.48 0.53 0.57 0.62 0.78 0.90 0.90 0.85 0.73 0.66 0.68 0.71 0.71 0.71 0.68 0.54 0.40 0.33 0.32 0.36 0.45 0.58 0.74 0.79
0.50 0.50 0.52 0.53 0.53 0.53 0.53 0.53 0.53 0.53 0.53 0.53 0.53 0.53 0.53 0.53 0.54 0.54 0.54 0.54 0.54 0.54 0.53 0.53 0.54 0.55 0.55 0.55 0.54 0.54 0.54 0.54 0.53 0.52 0.52 0.56 0.58 0.57 0.55 0.55 0.58 0.65 0.68 0.61 0.46 0.42 0.48 0.60 0.75 0.79 0.69 0.55 0.45 0.37 0.34 0.33 0.31 0.33 0.42 0.51 0.57 0.62 0.68 0.79 0.93 0.94 0.85 0.73 0.60 0.55 0.59 0.61 0.60 0.58 0.51 0.40 0.31 0.30 0.34 0.44 0.58 0.70 0.73 0.61
0.50 0.51 0.53 0.53 0.52 0.52 0.53 0.53 0.53 0.53 0.53 0.53 0.53 0.53 0.53 0.54 0.54 0.54 0.54 0.54 0.53 0.53 0.53 0.54 0.54 0.55 0.54 0.53 0.53 0.54 0.54 0.54 0.54 0.53 0.54 0.55 0.56 0.56 0.57 0.58 0.60 0.64 0.63 0.52 0.41 0.45 0.58 0.73 0.78 0.68 0.54 0.44 0.35 0.29 0.29 0.30 0.33 0.42 0.55 0.63 0.68 0.75 0.85 0.93 0.95 0.88 0.75 0.62 0.51 0.49 0.51 0.51 0.51 0.47 0.39 0.31 0.27 0.30 0.40 0.53 0.62 0.63 0.55 0.43
0.51 0.52 0.53 0.51 0.50 0.52 0.53 0.53 0.53 0.53 0.54 0.53 0.53 0.53 0.53 0.54 0.54 0.54 0.54 0.53 0.53 0.53 0.53 0.54 0.54 0.54 0.53 0.53 0.54 0.54 0.54 0.54 0.53 0.53 0.53 0.54 0.55 0.57 0.58 0.58 0.59 0.62 0.59 0.48 0.44 0.54 0.69 0.75 0.68 0.53 0.44 0.35 0.29 0.30 0.31 0.34 0.43 0.55 0.68 0.75 0.78 0.84 0.90 0.88 0.83 0.75 0.63 0.54 0.48 0.47 0.49 0.47 0.45 0.40 0.33 0.26 0.25 0.31 0.40 0.49 0.53 0.49 0.44 0.39
0.52 0.53 0.52 0.49 0.49 0.53 0.54 0.53 0.53 0.53 0.53 0.53 0.53 0.53 0.53 0.53 0.53 0.53 0.53 0.53 0.53 0.53 0.53 0.54 0.54 0.53 0.53 0.54 0.54 0.54 0.54 0.54 0.54 0.54 0.53 0.53 0.55 0.56 0.56 0.57 0.58 0.59 0.53 0.47 0.52 0.65 0.73 0.69 0.57 0.45 0.35 0.27 0.27 0.31 0.35 0.42 0.56 0.71 0.83 0.83 0.81 0.82 0.81 0.76 0.72 0.66 0.56 0.50 0.46 0.45 0.45 0.44 0.41 0.35 0.28 0.23 0.25 0.32 0.39 0.44 0.47 0.46 0.44 0.43
0.53 0.52 0.50 0.47 0.49 0.54 0.55 0.54 0.53 0.53 0.53 0.53 0.52 0.53 0.53 0.53 0.53 0.53 0.53 0.53 0.53 0.53 0.53 0.53 0.54 0.54 0.54 0.54 0.54 0.54 0.54 0.54 0.54 0.54 0.54 0.54 0.56 0.57 0.57 0.57 0.57 0.55 0.51 0.51 0.58 0.68 0.69 0.60 0.48 0.36 0.28 0.28 0.34 0.39 0.45 0.55 0.71 0.86 0.89 0.80 0.73 0.72 0.71 0.70 0.68 0.62 0.54 0.48 0.44 0.43 0.43 0.41 0.37 0.31 0.26 0.26 0.31 0.36 0.41 0.45 0.48 0.49 0.48 0.46
0.54 0.52 0.48 0.46 0.51 0.56 0.56 0.55 0.54 0.53 0.53 0.53 0.53 0.53 0.53 0.53 0.53 0.53 0.53 0.53 0.53 0.54 0.54 0.54 0.54 0.54 0.54 0.53 0.54 0.54 0.54 0.54 0.54 0.54 0.54 0.55 0.56 0.57 0.57 0.56 0.55 0.55 0.55 0.56 0.61 0.66 0.61 0.49 0.37 0.25 0.23 0.32 0.43 0.51 0.58 0.71 0.87 0.91 0.79 0.65 0.59 0.58 0.63 0.71 0.69 0.59 0.51 0.45 0.42 0.41 0.40 0.37 0.32 0.28 0.28 0.31 0.36 0.38 0.41 0.46 0.50 0.51 0.49 0.47
0.54 0.51 0.46 0.48 0.55 0.58 0.56 0.55 0.54 0.54 0.53 0.53 0.53 0.53 0.53 0.53 0.53 0.53 0.53 0.53 0.54 0.54 0.54 0.54 0.54 0.54 0.53 0.53 0.54 0.54 0.54 0.54 0.54 0.54 0.54 0.55 0.56 0.55 0.55 0.54 0.54 0.57 0.58 0.58 0.61 0.62 0.54 0.39 0.27 0.23 0.29 0.43 0.51 0.57 0.67 0.83 0.90 0.79 0.62 0.52 0.48 0.49 0.63 0.75 0.68 0.56 0.48 0.43 0.40 0.39 0.37 0.34 0.31 0.30 0.32 0.35 0.37 0.38 0.42 0.47 0.49 0.48 0.47 0.47
0.53 0.50 0.47 0.50 0.57 0.57 0.54 0.55 0.56 0.54 0.53 0.53 0.53 0.52 0.52 0.53 0.53 0.53 0.53 0.53 0.53 0.53 0.53 0.53 0.53 0.53 0.53 0.53 0.53 0.54 0.54 0.54 0.54 0.54 0.54 0.55 0.55 0.55 0.55 0.54 0.55 0.58 0.59 0.59 0.59 0.57 0.47 0.34 0.32 0.40 0.51 0.58 0.61 0.64 0.76 0.87 0.80 0.62 0.49 0.44 0.44 0.51 0.69 0.78 0.66 0.53 0.47 0.41 0.39 0.38 0.37 0.35 0.33 0.33 0.35 0.36 0.36 0.37 0.42 0.47 0.46 0.44 0.46 0.48
0.52 0.50 0.50 0.54 0.58 0.57 0.54 0.55 0.55 0.53 0.51 0.52 0.52 0.52 0.52 0.53 0.53 0.52 0.53 0.53 0.53 0.53 0.53 0.53 0.53 0.53 0.53 0.53 0.53 0.54 0.54 0.54 0.54 0.54 0.54 0.55 0.55 0.55 0.55 0.55 0.56 0.60 0.61 0.59 0.56 0.52 0.44 0.39 0.47 0.57 0.61 0.61 0.63 0.70 0.81 0.83 0.67 0.51 0.42 0.42 0.46 0.56 0.74 0.79 0.65 0.53 0.46 0.40 0.39 0.40 0.39 0.38 0.35 0.35 0.36 0.36 0.36 0.37 0.43 0.45 0.43 0.45 0.49 0.49
0.51 0.52 0.54 0.56 0.59 0.57 0.54 0.54 0.53 0.51 0.50 0.51 0.51 0.52 0.53 0.53 0.53 0.53 0.53 0.52 0.53 0.53 0.53 0.53 0.53 0.53 0.53 0.53 0.53 0.53 0.54 0.54 0.54 0.54 0.54 0.54 0.55 0.55 0.55 0.55 0.57 0.60 0.59 0.54 0.50 0.48 0.46 0.47 0.56 0.60 0.57 0.57 0.62 0.69 0.78 0.75 0.57 0.44 0.42 0.47 0.52 0.63 0.79 0.80 0.65 0.54 0.47 0.43 0.43 0.45 0.42 0.37 0.33 0.34 0.37 0.37 0.36 0.39 0.45 0.45 0.45 0.50 0.53 0.51
0.52 0.53 0.54 0.54 0.54 0.53 0.50 0.50 0.51 0.51 0.50 0.50 0.51 0.52 0.52 0.52 0.52 0.52 0.52 0.53 0.53 0.53 0.53 0.53 0.53 0.53 0.53 0.53 0.53 0.53 0.54 0.54 0.54 0.54 0.54 0.54 0.54 0.54 0.55 0.55 0.56 0.56 0.53 0.49 0.48 0.49 0.50 0.55 0.59 0.57 0.54 0.59 0.63 0.68 0.77 0.69 0.49 0.43 0.46 0.53 0.61 0.73 0.82 0.78 0.63 0.52 0.47 0.45 0.46 0.44 0.37 0.31 0.32 0.37 0.39 0.38 0.38 0.44 0.49 0.49 0.51 0.54 0.54 0.51
0.52 0.53 0.53 0.51 0.50 0.50 0.48 0.48 0.49 0.51 0.51 0.50 0.51 0.52 0.52 0.52 0.52 0.52 0.52 0.52 0.52 0.53 0.53 0.53 0.53 0.53 0.53 0.53 0.53 0.53 0.53 0.54 0.54 0.54 0.54 0.54 0.54 0.54 0.54 0.55 0.55 0.54 0.52 0.51 0.52 0.53 0.56 0.58 0.58 0.54 0.53 0.60 0.63 0.68 0.75 0.61 0.45 0.45 0.52 0.61 0.71 0.79 0.80 0.73 0.58 0.47 0.42 0.41 0.40 0.34 0.28 0.31 0.38 0.41 0.42 0.41 0.43 0.50 0.54 0.54 0.54 0.54 0.52 0.49
0.52 0.53 0.52 0.51 0.50 0.51 0.50 0.49 0.50 0.54 0.54 0.51 0.51 0.52 0.51 0.51 0.52 0.52 0.52 0.52 0.52 0.53 0.53 0.53 0.53 0.53 0.53 0.53 0.53 0.53 0.53 0.53 0.54 0.54 0.54 0.54 0.54 0.54 0.54 0.54 0.54 0.54 0.53 0.53 0.54 0.55 0.56 0.55 0.54 0.52 0.52 0.57 0.60 0.67 0.71 0.56 0.47 0.52 0.62 0.71 0.76 0.77 0.74 0.66 0.53 0.43 0.39 0.37 0.32 0.29 0.31 0.40 0.44 0.44 0.45 0.46 0.50 0.56 0.58 0.56 0.53 0.51 0.49 0.47
0.53 0.52 0.52 0.51 0.51 0.51 0.51 0.51 0.53 0.57 0.55 0.51 0.50 0.50 0.50 0.51 0.52 0.52 0.52 0.52 0.52 0.52 0.52 0.53 0.53 0.53 0.53 0.53 0.53 0.53 0.53 0.53 0.53 0.54 0.54 0.54 0.54 0.54 0.54 0.54 0.54 0.54 0.54 0.54 0.54 0.54 0.53 0.52 0.52 0.50 0.49 0.54 0.61 0.68 0.68 0.55 0.49 0.57 0.68 0.74 0.74 0.72 0.68 0.61 0.51 0.42 0.39 0.36 0.32 0.35 0.41 0.45 0.46 0.47 0.49 0.51 0.57 0.61 0.59 0.55 0.51 0.48 0.46 0.42
0.52 0.52 0.51 0.50 0.49 0.50 0.51 0.52 0.55 0.55 0.51 0.47 0.48 0.50 0.51 0.51 0.51 0.51 0.52 0.52 0.52 0.52 0.53 0.53 0.52 0.52 0.52 0.53 0.53 0.53 0.53 0.53 0.53 0.53 0.54 0.54 0.54 0.54 0.54 0.54 0.54 0.54 0.54 0.54 0.54 0.53 0.53 0.52 0.51 0.50 0.50 0.56 0.65 0.69 0.65 0.53 0.50 0.60 0.70 0.72 0.70 0.67 0.63 0.57 0.49 0.43 0.40 0.36 0.35 0.40 0.44 0.46 0.48 0.52 0.53 0.55 0.60 0.61 0.54 0.49 0.45 0.43 0.42 0.38
0.51 0.50 0.49 0.49 0.48 0.49 0.50 0.52 0.53 0.52 0.50 0.48 0.50 0.53 0.53 0.52 0.51 0.51 0.52 0.52 0.52 0.53 0.53 0.53 0.52 0.52 0.52 0.53 0.53 0.53 0.53 0.53 0.53 0.53 0.53 0.53 0.54 0.54 0.54 0.54 0.54 0.54 0.54 0.54 0.54 0.53 0.53 0.53 0.53 0.53 0.53 0.58 0.65 0.66 0.60 0.51 0.53 0.64 0.70 0.68 0.65 0.61 0.57 0.53 0.48 0.44 0.38 0.33 0.34 0.41 0.45 0.47 0.52 0.55 0.56 0.58 0.61 0.55 0.47 0.43 0.40 0.39 0.38 0.35
0.50 0.49 0.48 0.48 0.48 0.49 0.50 0.52 0.53 0.53 0.52 0.51 0.53 0.54 0.53 0.52 0.52 0.52 0.52 0.52 0.52 0.53 0.52 0.52 0.51 0.51 0.52 0.52 0.53 0.53 0.53 0.53 0.53 0.53 0.53 0.53 0.53 0.54 0.54 0.54 0.54 0.54 0.54 0.54 0.54 0.54 0.54 0.54 0.54 0.55 0.54 0.56 0.61 0.62 0.55 0.49 0.56 0.65 0.66 0.62 0.58 0.55 0.53 0.51 0.48 0.43 0.36 0.32 0.37 0.45 0.49 0.52 0.56 0.57 0.57 0.58 0.56 0.48 0.43 0.40 0.38 0.36 0.34 0.32
0.48 0.48 0.47 0.48 0.49 0.50 0.52 0.54 0.54 0.53 0.53 0.52 0.53 0.52 0.51 0.52 0.52 0.52 0.52 0.51 0.52 0.52 0.51 0.51 0.51 0.51 0.52 0.52 0.53 0.53 0.53 0.53 0.53 0.53 0.53 0.53 0.53 0.53 0.53 0.54 0.54 0.54 0.54 0.54 0.54 0.54 0.54 0.54 0.55 0.55 0.54 0.55 0.60 0.60 0.52 0.50 0.59 0.64 0.62 0.59 0.56 0.55 0.55 0.52 0.48 0.42 0.34 0.34 0.44 0.50 0.52 0.55 0.58 0.59 0.58 0.55 0.50 0.44 0.41 0.39 0.37 0.34 0.32 0.32
0.45 0.45 0.46 0.47 0.49 0.51 0.53 0.54 0.54 0.53 0.52 0.52 0.51 0.51 0.51 0.52 0.52 0.53 0.52 0.52 0.52 0.51 0.51 0.51 0.51 0.52 0.52 0.53 0.53 0.52 0.53 0.53 0.53 0.53 0.53 0.53 0.53 0.53 0.53 0.53 0.53 0.54 0.54 0.54 0.54 0.54 0.54 0.54 0.55 0.55 0.55 0.57 0.60 0.60 0.54 0.55 0.61 0.63 0.61 0.60 0.59 0.58 0.53 0.45 0.40 0.35 0.30 0.39 0.50 0.53 0.54 0.57 0.60 0.60 0.57 0.52 0.48 0.45 0.43 0.39 0.37 0.34 0.34 0.39
0.42 0.43 0.45 0.48 0.50 0.51 0.52 0.52 0.52 0.51 0.51 0.52 0.52 0.52 0.52 0.52 0.53 0.53 0.53 0.53 0.52 0.51 0.51 0.51 0.51 0.52 0.53 0.52 0.52 0.52 0.53 0.53 0.53 0.53 0.53 0.53 0.53 0.53 0.53 0.53 0.53 0.53 0.54 0.54 0.54 0.54 0.54 0.54 0.54 0.55 0.56 0.57 0.59 0.60 0.56 0.57 0.62 0.64 0.63 0.64 0.60 0.52 0.39 0.32 0.34 0.34 0.38 0.49 0.54 0.55 0.56 0.59 0.62 0.59 0.54 0.51 0.50 0.49 0.46 0.41 0.38 0.37 0.41 0.49
0.42 0.43 0.47 0.50 0.51 0.51 0.50 0.50 0.50 0.49 0.51 0.53 0.52 0.51 0.52 0.53 0.53 0.52 0.52 0.52 0.51 0.51 0.51 0.51 0.50 0.51 0.53 0.52 0.52 0.53 0.53 0.52 0.53 0.53 0.53 0.53 0.53 0.53 0.53 0.53 0.53 0.53 0.54 0.54 0.54 0.54 0.54 0.54 0.54 0.55 0.56 0.56 0.58 0.58 0.56 0.57 0.63 0.66 0.65 0.63 0.51 0.34 0.28 0.36 0.45 0.49 0.54 0.57 0.56 0.56 0.57 0.60 0.61 0.57 0.52 0.53 0.54 0.51 0.45 0.40 0.38 0.42 0.50 0.62
0.43 0.45 0.49 0.50 0.51 0.52 0.52 0.52 0.52 0.52 0.55 0.55 0.52 0.50 0.52 0.52 0.52 0.51 0.52 0.53 0.53 0.52 0.52 0.51 0.51 0.52 0.53 0.52 0.52 0.53 0.52 0.52 0.52 0.52 0.53 0.53 0.53 0.53 0.53 0.53 0.53 0.53 0.53 0.54 0.54 0.54 0.54 0.54 0.54 0.55 0.55 0.56 0.56 0.56 0.55 0.58 0.63 0.64 0.62 0.55 0.41 0.34 0.42 0.54 0.59 0.60 0.59 0.56 0.55 0.56 0.57 0.59 0.60 0.56 0.54 0.55 0.53 0.48 0.42 0.41 0.46 0.57 0.72 0.90
0.48 0.52 0.55 0.53 0.54 0.57 0.56 0.53 0.53 0.55 0.57 0.55 0.52 0.52 0.52 0.51 0.51 0.51 0.52 0.54 0.54 0.53 0.53 0.53 0.53 0.52 0.51 0.50 0.51 0.51 0.51 0.52 0.52 0.52 0.53 0.53 0.53 0.53 0.53 0.53 0.53 0.53 0.53 0.53 0.54 0.54 0.54 0.54 0.54 0.54 0.55 0.55 0.55 0.55 0.56 0.57 0.58 0.58 0.54 0.48 0.40 0.43 0.54 0.60 0.61 0.60 0.56 0.53 0.54 0.56 0.56 0.58 0.59 0.56 0.54 0.53 0.50 0.46 0.45 0.51 0.63 0.77 0.94 1.03
0.56 0.60 0.64 0.66 0.69 0.70 0.65 0.58 0.55 0.58 0.58 0.55 0.54 0.53 0.51 0.50 0.51 0.53 0.54 0.53 0.51 0.51 0.53 0.54 0.54 0.51 0.49 0.48 0.49 0.50 0.51 0.51 0.52 0.52 0.52 0.53 0.53 0.53 0.53 0.53 0.53 0.53 0.53 0.53 0.53 0.54 0.54 0.54 0.54 0.54 0.54 0.54 0.55 0.55 0.55 0.55 0.55 0.53 0.51 0.47 0.43 0.47 0.55 0.59 0.59 0.56 0.53 0.53 0.55 0.57 0.56 0.56 0.57 0.54 0.50 0.49 0.48 0.45 0.48 0.58 0.70 0.82 0.90 0.83
0.59 0.60 0.62 0.67 0.72 0.72 0.68 0.65 0.66 0.71 0.71 0.67 0.64 0.60 0.57 0.55 0.54 0.54 0.53 0.51 0.50 0.50 0.52 0.53 0.52 0.48 0.46 0.49 0.50 0.51 0.51 0.51 0.52 0.52 0.52 0.53 0.53 0.53 0.53 0.53 0.53 0.53 0.53 0.53 0.53 0.53 0.54 0.54 0.54 0.54 0.54 0.54 0.54 0.54 0.54 0.54 0.53 0.52 0.51 0.49 0.47 0.49 0.54 0.56 0.54 0.50 0.51 0.54 0.57 0.56 0.53 0.54 0.58 0.54 0.49 0.47 0.45 0.45 0.50 0.60 0.69 0.73 0.69 0.64
0.57 0.56 0.54 0.54 0.54 0.52 0.51 0.57 0.67 0.73 0.71 0.68 0.66 0.63 0.61 0.59 0.56 0.54 0.51 0.50 0.50 0.50 0.50 0.51 0.46 0.43 0.47 0.51 0.52 0.52 0.51 0.51 0.52 0.52 0.52 0.52 0.53 0.53 0.53 0.53 0.53 0.53 0.53 0.53 0.53 0.53 0.53 0.53 0.54 0.54 0.54 0.54 0.54 0.54 0.54 0.53 0.53 0.52 0.51 0.50 0.49 0.50 0.51 0.51 0.48 0.47 0.50 0.52 0.52 0.50 0.50 0.57 0.60 0.53 0.47 0.45 0.45 0.47 0.51 0.57 0.60 0.57 0.52 0.66
0.54 0.53 0.51 0.49 0.46 0.43 0.41 0.45 0.55 0.58 0.49 0.45 0.45 0.47 0.50 0.51 0.52 0.53 0.53 0.51 0.50 0.49 0.50 0.49 0.45 0.46 0.52 0.56 0.55 0.54 0.53 0.52 0.52 0.52 0.52 0.52 0.53 0.53 0.53 0.53 0.53 0.53 0.53 0.53 0.53 0.53 0.53 0.53 0.53 0.53 0.53 0.53 0.54 0.53 0.53 0.53 0.53 0.52 0.52 0.51 0.51 0.51 0.50 0.49 0.48 0.48 0.48 0.47 0.46 0.46 0.51 0.58 0.56 0.47 0.43 0.43 0.46 0.48 0.49 0.48 0.46 0.45 0.53 0.81
0.51 0.51 0.50 0.47 0.45 0.44 0.43 0.45 0.50 0.47 0.36 0.33 0.35 0.37 0.39 0.42 0.45 0.49 0.51 0.51 0.51 0.52 0.52 0.51 0.50 0.51 0.54 0.56 0.55 0.54 0.54 0.53 0.52 0.52 0.52 0.52 0.52 0.52 0.52 0.52 0.53 0.53 0.53 0.53 0.53 0.53 0.53 0.53 0.53 0.53 0.53 0.53 0.53 0.53 0.53 0.53 0.53 0.52 0.52 0.52 0.51 0.51 0.51 0.50 0.50 0.49 0.48 0.47 0.46 0.46 0.49 0.52 0.48 0.39 0.38 0.42 0.45 0.46 0.43 0.40 0.40 0.47 0.68 0.94
0.49 0.49 0.47 0.45 0.45 0.45 0.45 0.46 0.47 0.42 0.37 0.37 0.38 0.39 0.40 0.42 0.43 0.46 0.47 0.49 0.51 0.54 0.54 0.54 0.53 0.52 0.53 0.54 0.53 0.54 0.53 0.53 0.53 0.53 0.53 0.53 0.52 0.52 0.52 0.52 0.52 0.52 0.52 0.52 0.52 0.53 0.53 0.53 0.53 0.53 0.53 0.53 0.53 0.53 0.53 0.53 0.53 0.52 0.52 0.52 0.52 0.51 0.51 0.51 0.50 0.50 0.49 0.48 0.48 0.48 0.48 0.46 0.42 0.36 0.37 0.41 0.44 0.43 0.38 0.38 0.44 0.61 0.86 0.92
0.45 0.45 0.43 0.42 0.42 0.44 0.44 0.45 0.44 0.41 0.41 0.41 0.41 0.42 0.43 0.44 0.45 0.47 0.47 0.48 0.49 0.51 0.52 0.52 0.51 0.52 0.53 0.53 0.52 0.52 0.52 0.53 0.55 0.56 0.55 0.54 0.53 0.52 0.52 0.52 0.52 0.52 0.52 0.52 0.52 0.52 0.52 0.52 0.53 0.53 0.53 0.53 0.53 0.53 0.53 0.53 0.53 0.52 0.52 0.52 0.52 0.52 0.51 0.51 0.51 0.50 0.50 0.49 0.49 0.49 0.48 0.46 0.42 0.40 0.41 0.44 0.46 0.42 0.38 0.41 0.56 0.80 0.92 0.74
0.40 0.39 0.38 0.38 0.39 0.41 0.43 0.43 0.43 0.42 0.42 0.42 0.42 0.43 0.45 0.45 0.46 0.48 0.48 0.48 0.48 0.48 0.48 0.49 0.49 0.50 0.50 0.51 0.52 0.53 0.53 0.54 0.55 0.54 0.53 0.52 0.52 0.53 0.53 0.52 0.52 0.52 0.52 0.52 0.52 0.52 0.52 0.52 0.52 0.52 0.53 0.53 0.53 0.53 0.53 0.53 0.53 0.52 0.52 0.52 0.52 0.52 0.52 0.51 0.51 0.51 0.50 0.50 0.50 0.49 0.49 0.47 0.46 0.45 0.46 0.48 0.47 0.43 0.42 0.50 0.73 0.88 0.78 0.44
