windninja/windninja_output/Output_2025-08-09_0900-0950_Google earth_Fire_150m_10min/merlingen_7.5mi_point_08-09-2025_0930_150m_ang.asc
ncols	158
nrows	163
xllcorner	391686.332397
yllcorner	5160024.123721
cellsize	150.000000
NODATA_value	-32768.000000
[rows 0 to 43 of 163, columns 0 to 95 of 158]
134 132 129 129 130 131 134 132 129 130 130 127 115 97 91 97 103 107 112 121 131 133 127 125 127 130 129 125 123 125 125 123 121 119 118 120 123 120 118 119 118 118 119 119 120 123 124 126 129 132 135 136 137 138 138 135 131 128 127 129 130 129 127 125 125 124 123 123 125 128 130 129 125 122 121 123 123 120 119 121 121 118 114 113 113 110 106 103 102 99 96 95 94 91 86 83
137 134 131 131 130 130 131 129 126 126 128 130 126 115 108 109 114 119 122 126 133 137 133 130 129 129 131 129 126 125 125 123 123 123 122 122 124 125 125 126 125 124 125 125 127 129 130 131 132 132 133 133 133 133 134 133 131 130 129 129 130 129 128 128 127 126 125 124 125 127 129 129 127 125 124 124 123 121 122 123 122 119 116 114 113 112 112 108 105 103 101 99 98 96 94 92
141 137 134 134 131 131 131 129 127 128 132 139 142 135 126 123 126 130 130 131 135 140 139 135 131 130 132 132 129 127 125 125 125 126 127 127 129 130 131 132 132 131 132 131 133 135 136 136 137 135 133 133 131 130 131 132 133 132 131 131 131 132 131 130 130 130 128 126 125 127 129 130 129 128 127 127 126 124 124 126 126 121 119 117 115 118 121 118 113 111 110 109 109 109 109 108
140 137 136 135 134 135 136 135 135 137 141 148 148 140 132 127 129 132 132 132 135 138 140 140 135 134 136 136 136 134 131 130 129 129 130 131 131 131 131 133 135 136 135 135 136 137 137 138 139 139 138 137 136 134 134 134 133 132 131 131 132 133 133 131 131 131 129 127 125 127 130 130 128 127 126 127 127 125 123 126 129 124 121 122 119 120 126 126 122 121 120 119 119 120 120 121
138 137 137 137 136 137 138 136 137 139 144 151 150 142 134 128 127 129 130 130 131 134 139 143 139 137 139 141 143 141 139 137 135 134 134 133 132 133 134 136 138 139 138 138 138 138 138 139 139 139 139 139 137 135 134 133 132 132 132 132 132 133 133 132 132 132 130 127 125 127 129 128 127 127 126 126 125 123 122 125 128 124 121 123 121 120 127 130 129 129 128 127 129 131 131 132
136 136 136 137 137 138 137 135 135 138 143 148 149 142 132 127 125 125 126 126 127 129 136 142 139 137 139 141 143 143 143 141 139 139 139 138 137 137 138 139 140 140 138 138 138 137 137 137 137 137 138 137 135 134 133 132 132 132 132 132 132 133 133 133 132 132 131 128 126 128 129 127 126 128 129 127 125 124 124 124 124 123 122 123 121 120 124 128 128 129 131 131 134 137 137 137
135 135 135 136 136 137 136 134 135 138 142 146 148 141 130 127 126 125 127 128 127 127 132 138 138 136 136 137 139 141 141 139 138 140 141 141 140 140 140 140 140 139 136 135 135 135 135 136 136 137 138 137 136 135 133 132 132 132 133 133 134 136 136 135 133 133 132 129 127 131 132 130 129 132 133 131 128 127 128 127 123 125 125 124 122 119 121 124 126 127 127 127 129 132 132 132
136 135 134 134 133 133 133 132 134 138 141 145 148 142 132 128 128 128 129 131 130 129 131 135 137 138 137 136 137 139 138 136 136 137 138 138 139 138 138 137 136 135 133 132 132 132 133 133 134 136 137 136 136 136 133 132 132 132 134 135 136 139 139 137 135 133 132 130 129 132 133 131 131 133 134 131 127 126 129 128 123 124 128 127 125 123 124 126 127 127 126 124 123 124 127 130
135 135 134 133 131 130 129 130 133 137 139 143 146 143 134 130 130 130 130 131 130 129 131 135 139 141 139 136 137 137 134 133 134 135 133 132 133 133 133 132 131 130 130 130 130 131 131 131 132 136 136 134 135 134 131 131 133 134 134 135 135 136 137 136 134 132 132 131 131 132 131 128 127 129 131 129 126 125 129 127 122 123 129 132 131 131 131 132 134 136 135 133 131 131 133 131
135 134 133 133 133 131 130 131 134 136 138 140 143 141 134 130 130 131 132 132 132 131 132 136 140 142 142 138 139 138 134 133 135 133 130 129 129 130 129 128 128 128 128 129 129 129 130 130 131 135 134 132 134 133 130 130 132 132 130 129 128 129 131 131 129 129 130 131 132 131 128 125 126 128 129 128 124 126 131 130 127 127 131 133 131 132 133 134 138 142 142 140 138 139 137 129
135 134 133 133 134 133 133 133 135 136 137 139 141 140 134 130 129 130 132 133 133 133 133 136 140 143 145 142 139 138 133 132 132 130 127 127 127 128 128 128 129 129 128 128 126 126 128 128 127 130 129 129 131 129 126 123 123 122 120 119 119 119 123 126 125 125 125 127 129 128 124 125 127 129 129 126 123 126 133 133 131 130 132 133 130 131 131 129 132 139 138 134 134 137 134 127
136 135 134 133 134 134 134 134 135 136 137 138 140 140 136 130 129 130 131 132 131 132 133 136 139 142 145 142 137 134 130 128 128 127 125 124 125 126 127 128 128 127 127 127 126 124 124 122 119 119 119 119 119 116 114 111 110 110 108 106 105 105 111 118 119 119 119 120 124 126 125 126 128 131 134 134 133 134 136 136 134 133 134 135 135 136 133 127 129 137 134 127 128 133 130 125
135 135 134 134 134 134 134 134 135 135 136 137 139 140 135 129 128 129 130 131 130 130 130 132 134 137 140 137 133 130 129 128 127 127 125 123 123 126 127 127 127 126 127 128 125 122 119 114 108 108 109 108 106 103 102 103 103 101 96 92 93 96 103 109 111 111 111 114 123 128 126 126 127 133 139 139 139 138 139 140 137 135 135 135 135 138 134 128 131 140 133 124 124 130 126 120
135 135 134 134 134 134 134 134 134 135 135 136 139 140 135 127 125 127 129 128 129 128 127 126 127 131 135 134 132 131 128 127 126 126 126 125 125 126 125 126 125 122 119 117 113 110 109 108 107 107 107 106 104 100 98 100 101 98 93 93 98 105 109 111 111 108 107 111 121 127 127 126 128 133 137 137 134 133 134 136 136 134 133 131 130 133 131 125 126 133 129 120 117 119 117 111
135 135 134 134 134 134 134 134 134 135 135 136 139 141 137 130 126 127 128 126 125 125 123 123 125 129 134 134 133 131 128 126 126 127 128 127 126 124 121 119 114 106 99 99 101 101 104 112 114 112 112 114 114 110 109 109 111 112 112 110 112 117 121 123 121 116 116 116 119 126 129 128 128 130 133 132 128 125 124 125 129 130 129 126 124 125 123 119 117 119 116 108 103 104 105 104
135 135 134 134 134 133 133 133 133 134 135 135 138 141 140 133 129 130 129 126 124 125 126 126 127 129 133 134 132 132 130 130 131 130 128 123 117 112 108 103 99 96 99 106 111 113 114 118 118 116 119 126 129 128 126 126 127 130 130 122 120 123 126 130 128 124 125 124 124 129 131 126 123 125 128 129 126 123 122 123 126 126 123 119 117 115 111 107 105 105 104 101 99 99 101 102
135 134 134 134 134 134 134 133 133 134 134 135 136 139 138 132 129 129 130 129 128 128 129 129 129 130 133 135 134 134 132 130 129 124 115 108 106 104 104 105 108 115 119 120 122 124 123 124 125 124 126 131 134 133 132 130 131 136 137 129 125 125 128 132 130 125 126 128 129 132 132 126 120 122 128 128 128 127 126 125 124 122 117 113 108 103 98 94 97 104 108 107 105 104 105 105
135 134 134 134 134 134 134 134 134 134 134 134 135 136 135 130 126 127 129 129 128 128 128 128 128 128 131 133 133 131 128 125 121 116 111 111 114 116 119 121 123 125 123 122 123 125 125 129 131 130 130 131 132 131 130 129 130 135 139 133 128 127 130 134 131 127 126 129 130 131 132 132 127 126 128 129 130 129 124 119 115 113 110 104 98 95 94 95 102 111 115 112 109 109 108 107
135 134 134 134 134 134 134 133 134 134 134 134 134 134 133 130 126 125 125 124 125 126 127 126 125 125 127 129 129 126 122 121 120 121 120 120 121 122 124 123 123 124 123 123 124 124 127 130 131 129 129 129 129 130 130 131 131 133 135 134 129 128 131 133 132 129 126 127 129 129 132 137 134 130 130 128 125 119 109 102 102 103 103 104 103 103 105 107 109 114 119 117 112 111 111 110
135 134 134 134 134 134 133 133 133 133 133 133 133 133 132 130 126 124 123 123 125 126 127 127 126 127 127 128 127 125 124 124 124 121 119 118 119 123 126 126 127 128 127 127 127 127 129 131 130 126 126 128 129 131 132 133 133 132 132 131 128 125 127 130 129 127 125 126 129 132 136 140 138 134 134 132 123 111 103 102 104 107 111 115 115 112 112 111 110 113 122 125 116 113 113 112
135 135 134 134 134 134 133 133 133 133 133 132 133 133 132 130 128 127 126 127 128 129 129 129 129 128 128 128 128 128 129 130 128 126 126 126 127 131 134 133 132 131 129 129 129 129 129 130 130 127 127 128 131 132 132 131 132 131 130 130 127 124 125 128 128 127 128 129 132 135 139 141 136 133 135 138 135 125 118 115 115 117 119 121 121 116 113 111 110 114 123 130 120 113 114 115
135 135 134 134 134 133 133 133 133 133 133 132 132 132 132 131 130 129 129 129 129 130 130 130 130 129 129 129 129 130 133 136 134 132 133 134 133 134 136 134 133 131 130 129 128 127 127 129 132 131 129 130 131 132 131 130 130 130 130 129 128 125 125 129 129 129 132 133 133 135 138 138 133 129 132 140 143 135 128 123 122 121 120 122 125 121 116 114 113 117 125 134 126 116 117 119
134 134 134 134 134 134 133 133 133 133 133 133 132 132 132 131 131 131 130 131 131 131 131 131 131 131 131 131 131 132 135 139 137 133 132 131 129 130 131 132 132 132 131 129 127 127 130 132 133 132 130 130 130 130 131 132 131 130 131 129 127 125 124 129 131 134 136 135 134 136 137 135 130 128 133 142 146 139 132 127 125 124 122 123 127 125 124 120 118 119 127 138 131 119 118 120
134 134 134 134 134 133 133 133 132 132 133 133 133 132 132 132 132 132 131 132 132 132 133 133 133 132 132 131 129 130 134 137 134 130 128 126 124 125 127 130 132 132 131 129 129 132 134 133 133 132 130 129 130 131 132 133 132 131 133 131 127 124 123 128 133 137 138 136 134 133 133 131 127 129 135 144 146 139 133 129 125 126 125 125 127 128 128 123 118 119 126 138 129 118 117 119
134 134 134 133 133 133 133 132 132 132 132 133 132 132 133 133 132 132 132 132 133 133 133 134 134 134 133 130 126 128 132 134 131 128 126 125 125 125 127 130 132 133 133 132 132 134 135 132 131 131 129 129 130 131 133 134 134 133 134 131 126 123 124 128 132 134 133 131 127 124 124 125 127 131 137 144 142 135 132 130 127 127 128 128 127 128 128 123 117 117 126 138 127 118 117 118
134 134 134 133 133 133 133 132 132 132 132 132 132 132 133 133 133 133 132 133 133 133 134 135 136 137 137 132 128 128 131 131 131 131 129 129 128 126 127 131 133 134 134 132 132 134 134 131 131 131 130 129 129 129 131 135 136 135 133 129 126 126 128 131 135 135 133 131 125 120 121 125 129 133 140 146 137 131 133 133 131 130 132 131 129 130 132 127 120 119 129 141 131 121 119 119
134 134 133 133 133 133 133 132 132 132 132 132 132 132 132 132 132 133 133 133 133 134 135 136 138 141 142 136 130 130 131 130 129 130 130 130 130 127 128 133 135 135 134 132 132 137 136 133 133 134 134 131 129 129 132 138 141 137 133 132 129 128 129 132 135 136 137 136 130 124 124 127 131 134 144 150 136 128 133 136 133 131 132 132 130 131 135 132 123 121 131 142 134 125 121 120
134 134 133 133 133 133 133 132 132 132 132 132 132 132 132 132 132 133 133 134 134 135 136 138 140 145 146 139 135 136 134 131 130 130 129 130 130 127 128 134 137 135 135 134 136 141 141 138 135 136 138 135 133 133 135 143 149 141 136 135 131 127 127 129 130 131 136 138 132 126 125 127 132 136 146 151 137 128 131 136 134 132 132 130 128 127 132 130 122 121 129 138 135 127 123 123
134 134 133 133 132 133 132 132 132 132 132 132 132 132 132 133 133 133 134 134 135 136 137 139 142 148 148 142 141 143 140 135 135 134 134 136 136 131 131 137 140 138 139 139 140 144 144 141 137 139 142 140 137 136 137 149 154 143 135 133 131 129 130 131 131 131 137 138 131 127 126 129 135 139 146 148 136 125 125 132 134 134 132 127 123 120 122 123 119 118 124 133 135 129 125 125
134 133 133 132 132 132 132 131 131 132 132 132 132 132 133 133 133 134 134 135 135 136 137 139 143 148 147 143 143 146 144 140 140 138 140 146 147 139 136 141 144 143 145 143 144 147 146 144 141 143 148 144 140 138 140 152 155 142 131 128 128 129 130 131 130 130 137 137 127 125 126 130 135 140 146 145 136 125 119 124 132 135 131 124 118 117 119 121 119 118 119 125 130 129 125 123
134 133 133 132 132 131 132 132 131 132 132 132 132 132 132 133 133 134 135 135 135 136 138 140 143 146 144 142 142 143 139 136 138 139 143 151 152 143 138 142 144 145 147 145 146 148 146 143 140 142 146 144 140 138 140 152 151 137 128 123 124 127 126 123 123 128 136 133 122 121 123 125 128 135 144 145 140 130 121 122 130 136 133 125 122 123 124 123 121 117 115 115 120 122 120 118
133 133 133 132 131 131 132 132 132 132 132 132 132 132 132 133 133 134 134 135 135 137 138 140 143 144 144 143 145 145 138 135 136 136 141 152 152 142 138 141 142 142 143 141 143 145 141 137 134 134 135 135 135 132 135 149 146 133 125 120 121 128 129 122 120 127 136 132 121 117 120 122 125 134 144 145 143 135 125 123 130 138 135 128 125 124 122 119 115 111 109 107 108 112 115 115
132 133 133 132 131 131 132 132 131 132 132 132 132 132 132 133 133 133 134 135 135 137 139 141 142 144 145 147 152 152 145 140 137 133 135 148 149 138 135 138 138 139 139 137 138 139 135 131 129 128 127 128 129 129 131 143 142 133 124 119 119 129 138 129 122 127 136 135 123 118 123 129 132 139 145 147 146 139 129 124 128 136 133 128 125 121 117 114 111 108 106 104 103 107 114 120
132 132 132 131 130 131 132 132 131 131 132 132 132 132 132 133 134 134 135 135 136 137 139 141 142 144 145 148 152 150 143 138 137 132 132 143 146 137 134 137 136 138 138 135 135 133 129 127 127 126 125 126 126 125 127 134 136 131 124 119 120 133 146 137 126 127 134 134 125 121 128 135 136 141 147 147 146 142 133 127 127 132 129 128 129 126 121 119 117 113 109 107 107 110 117 126
133 133 132 131 130 131 132 132 131 131 132 132 132 132 132 133 134 134 135 136 136 137 139 140 141 143 145 148 149 145 138 134 135 134 133 141 146 139 136 138 137 136 135 131 129 127 125 124 124 124 124 123 123 123 124 126 128 127 122 118 121 135 149 142 128 125 129 132 128 126 132 137 137 141 145 144 143 139 133 128 127 130 129 127 131 132 125 123 123 119 115 114 115 116 120 127
133 133 132 131 131 132 132 132 131 131 132 132 132 132 132 133 133 134 135 135 136 137 138 139 139 141 145 147 149 143 137 135 136 135 134 140 146 142 136 136 135 132 129 128 126 125 126 127 126 126 126 125 126 127 128 128 127 125 122 116 117 130 146 143 131 125 127 130 130 129 132 133 132 136 139 140 140 134 127 123 124 127 126 122 125 132 129 126 127 126 122 120 117 115 117 124
133 132 131 130 130 131 132 132 131 131 132 132 132 132 132 133 133 134 135 135 136 136 137 138 139 141 144 148 149 143 139 138 137 134 131 135 143 143 136 131 130 129 129 130 129 128 131 131 129 129 128 130 131 132 133 132 130 128 125 119 117 126 140 142 135 127 125 128 130 131 129 123 122 129 136 139 140 134 126 124 124 122 119 115 117 127 133 130 129 130 127 122 117 114 118 127
132 132 131 130 130 131 131 131 131 131 131 132 132 132 133 133 134 134 135 135 136 136 137 138 139 141 144 149 149 142 140 139 135 131 128 130 139 140 133 130 131 132 132 133 131 132 134 134 133 132 131 134 135 134 133 134 134 133 130 125 122 127 136 141 137 127 121 123 129 132 128 121 124 132 139 139 140 142 133 127 129 126 121 116 116 125 137 136 129 129 128 123 118 117 122 129
131 131 130 130 130 130 131 131 131 131 132 133 133 132 133 133 134 134 135 135 136 136 137 138 139 141 144 149 146 139 138 136 133 131 129 131 141 139 133 135 136 136 136 136 135 136 138 140 141 139 137 139 142 138 135 137 140 140 138 135 132 134 139 143 141 129 119 119 124 130 130 131 134 139 144 137 139 148 140 130 134 134 127 121 118 123 137 141 133 130 129 124 118 118 119 123
130 130 129 129 130 130 130 130 131 132 132 132 133 132 133 133 134 134 135 135 135 136 137 137 138 140 143 144 141 135 133 133 133 132 130 135 148 144 140 139 138 137 137 139 139 139 140 142 144 141 138 141 146 146 143 144 147 147 144 141 141 142 142 143 142 131 119 117 122 129 132 134 137 143 144 135 140 154 148 136 138 139 131 123 117 119 131 141 137 132 131 124 118 116 115 119
129 129 129 129 130 131 131 131 131 132 132 132 133 133 133 134 134 134 135 135 135 136 137 137 138 139 141 140 138 134 131 131 132 131 131 140 146 144 142 142 142 141 140 141 142 141 142 145 146 143 138 140 146 147 145 146 149 148 144 140 140 142 140 138 140 133 121 119 125 130 133 133 132 140 140 133 142 159 154 140 140 143 135 126 119 120 129 139 139 134 132 123 114 111 113 118
129 129 130 130 130 131 131 131 131 132 133 133 133 133 133 134 134 135 135 135 136 136 137 137 137 138 139 138 138 135 132 131 133 133 137 145 145 142 142 144 145 145 145 146 145 144 146 149 150 147 140 140 144 145 141 140 142 143 137 132 132 137 137 135 138 135 126 125 131 134 135 132 131 140 137 134 146 163 157 143 139 140 134 129 126 127 134 140 138 134 130 120 110 107 113 120
129 129 130 130 130 131 131 131 131 132 133 133 133 134 134 134 134 135 135 135 135 136 136 136 137 137 138 138 138 136 134 133 135 137 143 148 149 147 145 145 144 144 145 146 145 146 147 147 147 143 136 135 140 142 138 133 134 135 130 125 127 134 135 136 137 136 134 134 137 141 142 137 137 142 138 137 151 166 161 148 141 138 132 130 130 132 137 139 134 132 128 121 112 111 118 127
129 129 130 130 131 131 132 132 132 132 133 133 133 134 134 134 134 134 134 135 135 136 136 136 137 137 137 138 138 136 134 134 136 140 145 149 148 145 144 143 141 140 140 140 141 144 144 142 141 138 133 132 138 142 138 134 132 132 129 126 128 132 133 134 135 136 139 139 143 152 152 146 145 146 142 144 158 171 165 150 141 138 135 131 130 132 134 131 128 128 127 124 117 114 119 128
