windninja/windninja_output/Output_2025-08-09_0900-0950_Google earth_Fire_150m_10min/merlingen_7.5mi_point_08-09-2025_0930_150m_vel.asc
ncols	158
nrows	163
xllcorner	391686.332397
yllcorner	5160024.123721
cellsize	150.000000
NODATA_value	-32768.000000
[rows 76 to 113 of 163, columns 0 to 83 of 158]
0.36 0.34 0.32 0.33 0.35 0.40 0.41 0.41 0.42 0.42 0.43 0.43 0.44 0.45 0.46 0.46 0.47 0.48 0.48 0.48 0.48 0.49 0.49 0.49 0.49 0.47 0.47 0.50 0.53 0.53 0.53 0.52 0.50 0.48 0.48 0.49 0.51 0.52 0.52 0.52 0.52 0.51 0.51 0.51 0.51 0.51 0.52 0.52 0.52 0.52 0.52 0.53 0.53 0.53 0.53 0.53 0.53 0.52 0.52 0.52 0.52 0.52 0.52 0.52 0.51 0.51 0.51 0.51 0.51 0.50 0.49 0.49 0.48 0.48 0.48 0.49 0.47 0.44 0.47 0.62 0.78 0.73 0.50 0.19
0.34 0.27 0.23 0.26 0.33 0.38 0.39 0.41 0.43 0.44 0.46 0.45 0.45 0.46 0.47 0.46 0.47 0.48 0.48 0.48 0.48 0.49 0.50 0.50 0.48 0.45 0.47 0.50 0.51 0.50 0.49 0.48 0.47 0.48 0.50 0.51 0.52 0.52 0.52 0.51 0.51 0.51 0.51 0.51 0.51 0.51 0.51 0.51 0.52 0.52 0.52 0.52 0.53 0.53 0.53 0.53 0.53 0.53 0.52 0.52 0.52 0.52 0.52 0.52 0.52 0.52 0.52 0.51 0.51 0.51 0.50 0.50 0.50 0.49 0.49 0.49 0.47 0.45 0.50 0.63 0.68 0.49 0.24 0.08
0.39 0.25 0.13 0.22 0.32 0.37 0.41 0.45 0.49 0.51 0.50 0.48 0.47 0.48 0.47 0.47 0.48 0.49 0.48 0.48 0.48 0.49 0.50 0.50 0.46 0.45 0.49 0.51 0.51 0.49 0.48 0.49 0.51 0.53 0.54 0.54 0.53 0.52 0.51 0.51 0.51 0.50 0.50 0.50 0.50 0.50 0.51 0.51 0.51 0.52 0.52 0.52 0.53 0.53 0.53 0.53 0.53 0.53 0.53 0.52 0.52 0.52 0.52 0.52 0.52 0.52 0.52 0.52 0.51 0.51 0.51 0.51 0.50 0.50 0.49 0.49 0.47 0.47 0.50 0.58 0.53 0.29 0.12 0.08
0.53 0.36 0.11 0.25 0.40 0.49 0.51 0.54 0.59 0.57 0.52 0.49 0.49 0.49 0.49 0.49 0.49 0.49 0.48 0.47 0.48 0.49 0.50 0.48 0.46 0.47 0.51 0.53 0.52 0.51 0.50 0.53 0.54 0.54 0.54 0.54 0.53 0.51 0.51 0.51 0.49 0.49 0.49 0.49 0.49 0.49 0.49 0.50 0.50 0.51 0.52 0.52 0.53 0.53 0.53 0.53 0.53 0.53 0.53 0.52 0.52 0.52 0.52 0.52 0.52 0.52 0.52 0.52 0.52 0.52 0.52 0.51 0.51 0.50 0.50 0.50 0.49 0.48 0.50 0.51 0.40 0.22 0.19 0.23
0.65 0.49 0.33 0.43 0.69 0.91 0.82 0.73 0.70 0.62 0.54 0.51 0.50 0.50 0.49 0.49 0.49 0.48 0.47 0.47 0.48 0.49 0.49 0.48 0.47 0.49 0.52 0.54 0.53 0.52 0.53 0.55 0.56 0.56 0.56 0.55 0.52 0.51 0.52 0.51 0.48 0.47 0.46 0.46 0.46 0.46 0.47 0.47 0.48 0.50 0.52 0.52 0.53 0.53 0.53 0.53 0.53 0.53 0.53 0.53 0.52 0.52 0.52 0.52 0.52 0.52 0.52 0.52 0.52 0.52 0.52 0.51 0.51 0.51 0.51 0.50 0.50 0.49 0.49 0.46 0.36 0.30 0.31 0.32
0.67 0.43 0.35 0.63 0.94 0.99 0.92 0.86 0.77 0.66 0.57 0.52 0.50 0.49 0.48 0.48 0.47 0.45 0.46 0.47 0.48 0.48 0.49 0.48 0.47 0.49 0.52 0.52 0.52 0.53 0.55 0.57 0.58 0.58 0.57 0.55 0.53 0.52 0.53 0.52 0.49 0.47 0.45 0.43 0.42 0.42 0.42 0.42 0.45 0.48 0.51 0.53 0.53 0.53 0.53 0.53 0.53 0.52 0.52 0.52 0.53 0.53 0.53 0.53 0.53 0.53 0.53 0.53 0.53 0.52 0.52 0.52 0.52 0.52 0.51 0.51 0.51 0.50 0.49 0.46 0.41 0.39 0.37 0.33
0.59 0.33 0.52 0.93 1.03 0.78 0.70 0.73 0.70 0.62 0.54 0.50 0.48 0.47 0.47 0.45 0.44 0.44 0.45 0.46 0.47 0.48 0.49 0.48 0.47 0.49 0.52 0.53 0.53 0.54 0.54 0.54 0.52 0.51 0.50 0.51 0.52 0.52 0.52 0.52 0.51 0.50 0.49 0.48 0.47 0.47 0.47 0.47 0.51 0.54 0.55 0.54 0.53 0.53 0.53 0.53 0.53 0.52 0.52 0.52 0.53 0.53 0.53 0.53 0.53 0.53 0.53 0.53 0.53 0.53 0.52 0.52 0.52 0.52 0.52 0.52 0.52 0.51 0.50 0.48 0.44 0.41 0.38 0.37
0.60 0.74 0.96 1.00 0.83 0.59 0.53 0.53 0.51 0.46 0.43 0.43 0.44 0.43 0.43 0.42 0.41 0.42 0.43 0.44 0.46 0.47 0.48 0.48 0.48 0.52 0.55 0.55 0.53 0.52 0.52 0.51 0.49 0.46 0.45 0.45 0.46 0.49 0.50 0.50 0.50 0.51 0.54 0.58 0.60 0.62 0.63 0.66 0.68 0.68 0.64 0.60 0.57 0.55 0.53 0.52 0.52 0.52 0.52 0.52 0.53 0.53 0.53 0.53 0.53 0.53 0.53 0.53 0.53 0.53 0.53 0.53 0.53 0.53 0.53 0.53 0.52 0.51 0.50 0.48 0.45 0.41 0.41 0.49
0.76 0.81 0.82 0.65 0.52 0.45 0.39 0.33 0.30 0.31 0.35 0.39 0.39 0.39 0.39 0.39 0.39 0.40 0.42 0.43 0.45 0.47 0.47 0.48 0.51 0.54 0.55 0.54 0.52 0.52 0.52 0.51 0.49 0.46 0.44 0.43 0.44 0.45 0.46 0.47 0.49 0.51 0.54 0.56 0.57 0.59 0.60 0.63 0.64 0.63 0.61 0.60 0.59 0.55 0.53 0.52 0.52 0.52 0.52 0.52 0.53 0.53 0.53 0.53 0.53 0.53 0.53 0.53 0.53 0.53 0.53 0.53 0.53 0.53 0.53 0.53 0.53 0.53 0.52 0.50 0.48 0.47 0.49 0.60
0.79 0.60 0.40 0.33 0.30 0.26 0.20 0.17 0.20 0.27 0.34 0.36 0.36 0.38 0.39 0.39 0.38 0.40 0.41 0.42 0.44 0.45 0.46 0.50 0.52 0.52 0.51 0.49 0.50 0.52 0.51 0.50 0.49 0.47 0.47 0.47 0.46 0.45 0.44 0.46 0.48 0.50 0.51 0.51 0.51 0.51 0.51 0.53 0.53 0.52 0.51 0.51 0.50 0.49 0.50 0.51 0.51 0.52 0.52 0.52 0.53 0.53 0.53 0.53 0.53 0.53 0.53 0.53 0.53 0.53 0.53 0.53 0.53 0.54 0.54 0.54 0.54 0.54 0.53 0.53 0.53 0.55 0.60 0.74
0.76 0.52 0.27 0.22 0.17 0.13 0.11 0.16 0.25 0.32 0.35 0.34 0.35 0.37 0.38 0.37 0.36 0.37 0.37 0.38 0.40 0.41 0.44 0.50 0.53 0.52 0.50 0.50 0.51 0.50 0.48 0.49 0.49 0.51 0.54 0.55 0.53 0.51 0.49 0.48 0.48 0.49 0.50 0.50 0.50 0.49 0.50 0.50 0.50 0.49 0.46 0.45 0.45 0.46 0.48 0.49 0.50 0.51 0.52 0.52 0.53 0.53 0.53 0.53 0.53 0.53 0.53 0.53 0.53 0.53 0.53 0.54 0.54 0.54 0.54 0.54 0.54 0.55 0.55 0.56 0.58 0.63 0.73 0.89
0.56 0.37 0.21 0.18 0.16 0.17 0.21 0.29 0.36 0.38 0.34 0.32 0.35 0.36 0.36 0.35 0.33 0.33 0.35 0.37 0.39 0.40 0.48 0.60 0.63 0.59 0.56 0.55 0.53 0.50 0.48 0.48 0.49 0.50 0.53 0.55 0.56 0.56 0.56 0.54 0.52 0.50 0.49 0.49 0.48 0.48 0.49 0.50 0.49 0.47 0.44 0.44 0.44 0.44 0.45 0.47 0.48 0.50 0.51 0.52 0.53 0.53 0.53 0.53 0.53 0.53 0.53 0.53 0.53 0.54 0.54 0.54 0.54 0.54 0.54 0.55 0.55 0.56 0.57 0.59 0.62 0.68 0.78 0.91
0.36 0.32 0.29 0.32 0.33 0.36 0.40 0.42 0.40 0.35 0.32 0.34 0.38 0.38 0.37 0.35 0.32 0.33 0.37 0.42 0.45 0.52 0.72 0.85 0.78 0.64 0.57 0.55 0.52 0.50 0.49 0.48 0.47 0.47 0.47 0.47 0.49 0.52 0.54 0.55 0.54 0.53 0.51 0.50 0.50 0.50 0.51 0.50 0.49 0.47 0.46 0.45 0.44 0.45 0.46 0.47 0.47 0.49 0.50 0.52 0.53 0.53 0.53 0.53 0.53 0.53 0.53 0.53 0.53 0.54 0.54 0.54 0.54 0.54 0.55 0.55 0.56 0.57 0.58 0.60 0.63 0.67 0.74 0.85
0.45 0.48 0.50 0.46 0.43 0.43 0.44 0.42 0.38 0.35 0.38 0.42 0.42 0.39 0.36 0.32 0.31 0.35 0.42 0.52 0.62 0.83 1.01 0.93 0.72 0.59 0.54 0.52 0.50 0.49 0.48 0.48 0.48 0.47 0.46 0.46 0.45 0.45 0.45 0.46 0.48 0.49 0.50 0.50 0.50 0.50 0.50 0.50 0.49 0.49 0.49 0.49 0.50 0.51 0.51 0.50 0.48 0.47 0.49 0.53 0.55 0.54 0.54 0.53 0.53 0.53 0.53 0.53 0.53 0.54 0.54 0.54 0.54 0.54 0.55 0.56 0.56 0.57 0.59 0.60 0.62 0.65 0.69 0.75
0.53 0.54 0.50 0.40 0.37 0.38 0.39 0.40 0.41 0.45 0.50 0.50 0.44 0.39 0.34 0.31 0.34 0.39 0.49 0.69 0.94 1.11 1.03 0.77 0.59 0.53 0.51 0.49 0.48 0.47 0.47 0.47 0.47 0.47 0.47 0.47 0.45 0.44 0.44 0.45 0.45 0.45 0.46 0.46 0.47 0.47 0.48 0.48 0.49 0.49 0.50 0.52 0.54 0.55 0.53 0.50 0.47 0.48 0.56 0.60 0.58 0.55 0.54 0.53 0.53 0.53 0.53 0.53 0.53 0.53 0.54 0.54 0.54 0.55 0.55 0.56 0.57 0.57 0.58 0.60 0.62 0.64 0.66 0.69
0.55 0.54 0.51 0.49 0.51 0.50 0.49 0.52 0.56 0.59 0.60 0.55 0.49 0.45 0.43 0.43 0.44 0.46 0.55 0.87 1.15 1.11 0.81 0.62 0.53 0.49 0.47 0.46 0.46 0.45 0.45 0.45 0.45 0.45 0.46 0.47 0.47 0.47 0.47 0.48 0.48 0.46 0.45 0.44 0.45 0.45 0.45 0.46 0.47 0.48 0.50 0.52 0.54 0.55 0.53 0.51 0.54 0.63 0.70 0.67 0.60 0.55 0.53 0.53 0.53 0.53 0.53 0.53 0.53 0.53 0.53 0.54 0.54 0.55 0.55 0.56 0.56 0.57 0.58 0.60 0.62 0.63 0.66 0.70
0.60 0.62 0.70 0.77 0.82 0.84 0.90 0.97 0.97 0.91 0.77 0.65 0.57 0.52 0.49 0.50 0.55 0.64 0.85 1.13 1.14 0.82 0.57 0.48 0.44 0.43 0.43 0.43 0.43 0.43 0.43 0.43 0.44 0.45 0.46 0.47 0.47 0.47 0.48 0.48 0.47 0.46 0.44 0.43 0.43 0.42 0.41 0.41 0.42 0.44 0.47 0.51 0.53 0.53 0.53 0.58 0.67 0.72 0.70 0.62 0.57 0.54 0.53 0.52 0.52 0.52 0.52 0.53 0.53 0.53 0.53 0.54 0.54 0.54 0.55 0.55 0.56 0.57 0.58 0.59 0.61 0.63 0.65 0.68
0.69 0.72 0.80 0.88 0.97 1.07 1.16 1.25 1.26 1.18 1.09 1.04 0.99 1.00 0.97 0.93 0.99 1.12 1.21 1.15 0.91 0.57 0.44 0.39 0.38 0.39 0.39 0.40 0.40 0.40 0.40 0.40 0.42 0.44 0.46 0.46 0.46 0.46 0.47 0.47 0.46 0.44 0.44 0.43 0.41 0.38 0.37 0.38 0.41 0.43 0.47 0.53 0.55 0.52 0.52 0.57 0.61 0.59 0.53 0.50 0.50 0.50 0.50 0.51 0.51 0.52 0.52 0.52 0.52 0.53 0.53 0.53 0.54 0.54 0.55 0.55 0.56 0.57 0.58 0.59 0.60 0.61 0.63 0.65
0.80 0.78 0.79 0.84 0.91 0.95 0.97 0.99 1.02 1.10 1.16 1.23 1.29 1.32 1.34 1.28 1.25 1.25 1.10 0.78 0.60 0.50 0.41 0.36 0.35 0.36 0.38 0.39 0.39 0.37 0.35 0.37 0.42 0.44 0.45 0.44 0.45 0.46 0.47 0.47 0.47 0.47 0.48 0.48 0.45 0.42 0.41 0.42 0.45 0.49 0.58 0.64 0.58 0.52 0.52 0.52 0.52 0.49 0.46 0.45 0.46 0.46 0.48 0.50 0.51 0.51 0.51 0.52 0.52 0.53 0.53 0.53 0.53 0.54 0.54 0.55 0.55 0.56 0.57 0.58 0.59 0.60 0.62 0.63
0.89 0.80 0.75 0.79 0.81 0.76 0.69 0.65 0.67 0.77 0.82 0.84 0.83 0.71 0.74 0.74 0.81 0.72 0.66 0.48 0.45 0.39 0.33 0.28 0.28 0.32 0.35 0.36 0.37 0.37 0.38 0.44 0.48 0.47 0.44 0.44 0.44 0.45 0.46 0.46 0.47 0.49 0.51 0.53 0.55 0.56 0.55 0.56 0.59 0.67 0.74 0.69 0.57 0.51 0.50 0.50 0.50 0.49 0.47 0.46 0.45 0.45 0.47 0.49 0.50 0.50 0.51 0.51 0.52 0.52 0.52 0.53 0.53 0.53 0.54 0.54 0.55 0.56 0.56 0.57 0.58 0.59 0.60 0.61
0.98 0.86 0.76 0.77 0.73 0.64 0.55 0.49 0.46 0.43 0.38 0.37 0.32 0.30 0.31 0.32 0.35 0.38 0.37 0.30 0.26 0.26 0.22 0.18 0.21 0.28 0.32 0.35 0.36 0.41 0.47 0.50 0.48 0.43 0.41 0.41 0.43 0.44 0.44 0.45 0.46 0.48 0.49 0.53 0.58 0.64 0.68 0.73 0.77 0.79 0.72 0.58 0.50 0.48 0.48 0.49 0.49 0.48 0.46 0.45 0.45 0.45 0.47 0.48 0.49 0.50 0.51 0.51 0.52 0.52 0.52 0.52 0.52 0.53 0.53 0.54 0.54 0.55 0.56 0.56 0.57 0.58 0.59 0.59
1.14 0.97 0.78 0.68 0.57 0.48 0.43 0.39 0.34 0.29 0.24 0.16 0.10 0.18 0.21 0.24 0.27 0.29 0.26 0.23 0.24 0.24 0.16 0.11 0.22 0.30 0.33 0.35 0.37 0.40 0.42 0.39 0.37 0.36 0.37 0.38 0.40 0.42 0.43 0.45 0.46 0.47 0.48 0.51 0.54 0.58 0.63 0.67 0.68 0.60 0.49 0.44 0.44 0.45 0.46 0.46 0.46 0.45 0.44 0.44 0.43 0.43 0.45 0.47 0.48 0.49 0.50 0.51 0.51 0.51 0.51 0.51 0.52 0.52 0.53 0.53 0.54 0.54 0.55 0.55 0.56 0.57 0.57 0.58
1.29 1.04 0.68 0.48 0.37 0.34 0.31 0.28 0.25 0.21 0.14 0.08 0.03 0.04 0.08 0.11 0.14 0.10 0.15 0.23 0.25 0.22 0.19 0.30 0.41 0.40 0.36 0.34 0.34 0.33 0.32 0.30 0.31 0.32 0.34 0.35 0.37 0.40 0.42 0.44 0.46 0.47 0.48 0.49 0.49 0.48 0.50 0.52 0.48 0.42 0.40 0.41 0.43 0.43 0.45 0.46 0.46 0.46 0.45 0.44 0.42 0.42 0.44 0.46 0.47 0.49 0.49 0.50 0.50 0.50 0.50 0.51 0.51 0.52 0.52 0.52 0.53 0.53 0.54 0.55 0.55 0.56 0.56 0.57
1.35 0.99 0.55 0.39 0.29 0.23 0.16 0.13 0.12 0.08 0.06 0.04 0.03 0.02 0.03 0.04 0.06 0.12 0.16 0.18 0.21 0.33 0.49 0.55 0.52 0.40 0.32 0.29 0.28 0.27 0.27 0.28 0.29 0.30 0.33 0.36 0.39 0.41 0.42 0.44 0.45 0.47 0.48 0.49 0.49 0.50 0.51 0.50 0.47 0.44 0.44 0.45 0.45 0.46 0.47 0.48 0.48 0.47 0.46 0.45 0.44 0.44 0.44 0.45 0.47 0.48 0.48 0.49 0.49 0.49 0.49 0.50 0.50 0.51 0.51 0.52 0.52 0.53 0.53 0.54 0.54 0.55 0.55 0.56
1.15 0.86 0.50 0.36 0.26 0.19 0.13 0.09 0.06 0.04 0.02 0.01 0.01 0.03 0.07 0.10 0.12 0.14 0.11 0.13 0.29 0.48 0.53 0.41 0.32 0.28 0.24 0.23 0.22 0.22 0.22 0.23 0.25 0.29 0.33 0.37 0.39 0.41 0.43 0.45 0.46 0.47 0.48 0.49 0.51 0.53 0.52 0.50 0.49 0.48 0.49 0.49 0.49 0.50 0.51 0.51 0.49 0.47 0.47 0.47 0.46 0.47 0.47 0.47 0.48 0.48 0.49 0.49 0.48 0.48 0.48 0.49 0.49 0.50 0.50 0.51 0.51 0.52 0.53 0.53 0.54 0.54 0.54 0.55
0.89 0.70 0.46 0.33 0.22 0.16 0.12 0.08 0.06 0.04 0.02 0.02 0.03 0.05 0.07 0.08 0.15 0.21 0.23 0.33 0.45 0.47 0.31 0.21 0.20 0.18 0.17 0.16 0.15 0.15 0.17 0.20 0.24 0.28 0.31 0.34 0.36 0.39 0.43 0.46 0.47 0.47 0.47 0.49 0.50 0.50 0.49 0.50 0.50 0.51 0.51 0.51 0.50 0.50 0.51 0.51 0.50 0.51 0.50 0.48 0.47 0.47 0.48 0.50 0.51 0.50 0.50 0.48 0.46 0.46 0.46 0.47 0.48 0.49 0.49 0.50 0.51 0.51 0.52 0.52 0.53 0.53 0.54 0.54
0.68 0.56 0.39 0.28 0.19 0.14 0.11 0.09 0.06 0.05 0.05 0.06 0.08 0.13 0.23 0.33 0.39 0.43 0.47 0.49 0.46 0.28 0.18 0.19 0.17 0.15 0.12 0.10 0.10 0.12 0.16 0.20 0.24 0.28 0.30 0.32 0.35 0.39 0.44 0.45 0.45 0.45 0.47 0.49 0.50 0.52 0.55 0.55 0.55 0.54 0.52 0.52 0.52 0.52 0.52 0.51 0.53 0.54 0.52 0.51 0.50 0.51 0.51 0.51 0.51 0.51 0.49 0.46 0.44 0.42 0.44 0.47 0.47 0.47 0.48 0.49 0.49 0.50 0.51 0.52 0.52 0.53 0.53 0.53
0.55 0.47 0.35 0.25 0.19 0.15 0.12 0.10 0.09 0.08 0.08 0.10 0.13 0.19 0.27 0.34 0.39 0.42 0.45 0.43 0.30 0.18 0.19 0.18 0.17 0.15 0.12 0.09 0.10 0.14 0.18 0.21 0.24 0.27 0.30 0.33 0.37 0.40 0.42 0.42 0.42 0.44 0.46 0.48 0.51 0.53 0.55 0.55 0.54 0.53 0.52 0.52 0.53 0.55 0.57 0.56 0.55 0.54 0.53 0.55 0.56 0.55 0.54 0.52 0.52 0.51 0.48 0.45 0.42 0.42 0.44 0.46 0.45 0.45 0.46 0.47 0.48 0.49 0.50 0.51 0.51 0.52 0.52 0.52
0.49 0.43 0.33 0.25 0.19 0.15 0.12 0.10 0.08 0.07 0.08 0.10 0.13 0.16 0.18 0.19 0.21 0.23 0.20 0.14 0.16 0.20 0.21 0.20 0.19 0.18 0.16 0.15 0.14 0.16 0.18 0.21 0.24 0.28 0.31 0.34 0.37 0.40 0.41 0.42 0.43 0.44 0.46 0.49 0.50 0.51 0.52 0.52 0.52 0.52 0.53 0.54 0.55 0.55 0.56 0.57 0.57 0.56 0.55 0.55 0.54 0.53 0.52 0.53 0.53 0.51 0.48 0.46 0.44 0.44 0.46 0.45 0.42 0.41 0.42 0.44 0.47 0.49 0.49 0.50 0.51 0.51 0.52 0.52
0.45 0.40 0.32 0.25 0.19 0.15 0.12 0.09 0.08 0.07 0.07 0.07 0.09 0.11 0.12 0.12 0.10 0.06 0.04 0.09 0.14 0.17 0.21 0.23 0.23 0.23 0.22 0.21 0.19 0.17 0.18 0.22 0.26 0.29 0.31 0.35 0.40 0.42 0.45 0.46 0.46 0.45 0.47 0.50 0.50 0.51 0.52 0.52 0.53 0.56 0.58 0.59 0.59 0.58 0.56 0.55 0.55 0.56 0.56 0.55 0.53 0.51 0.51 0.52 0.51 0.49 0.49 0.48 0.46 0.46 0.46 0.44 0.42 0.40 0.41 0.45 0.48 0.47 0.47 0.48 0.51 0.52 0.52 0.51
0.46 0.41 0.34 0.28 0.24 0.19 0.16 0.12 0.11 0.12 0.14 0.15 0.16 0.16 0.14 0.12 0.08 0.06 0.07 0.11 0.14 0.16 0.19 0.25 0.28 0.28 0.28 0.26 0.23 0.21 0.23 0.27 0.29 0.29 0.32 0.41 0.46 0.47 0.48 0.48 0.47 0.47 0.49 0.51 0.51 0.52 0.53 0.53 0.54 0.57 0.60 0.62 0.63 0.62 0.60 0.57 0.55 0.55 0.55 0.54 0.53 0.52 0.53 0.52 0.51 0.50 0.49 0.47 0.46 0.46 0.44 0.44 0.44 0.45 0.47 0.50 0.50 0.46 0.46 0.50 0.53 0.52 0.51 0.51
0.50 0.46 0.38 0.33 0.29 0.25 0.23 0.24 0.27 0.32 0.35 0.36 0.33 0.27 0.20 0.15 0.12 0.11 0.11 0.13 0.16 0.19 0.21 0.26 0.31 0.33 0.33 0.32 0.31 0.30 0.31 0.32 0.30 0.29 0.39 0.50 0.52 0.48 0.47 0.49 0.48 0.49 0.51 0.52 0.53 0.54 0.55 0.55 0.56 0.57 0.57 0.58 0.59 0.61 0.62 0.61 0.58 0.56 0.55 0.53 0.53 0.53 0.53 0.53 0.53 0.51 0.49 0.47 0.45 0.45 0.44 0.44 0.46 0.47 0.49 0.50 0.50 0.49 0.51 0.54 0.55 0.52 0.50 0.50
0.54 0.50 0.44 0.40 0.38 0.40 0.46 0.48 0.50 0.48 0.44 0.37 0.31 0.27 0.23 0.20 0.18 0.17 0.17 0.17 0.18 0.22 0.25 0.26 0.30 0.34 0.37 0.39 0.39 0.37 0.36 0.34 0.32 0.34 0.47 0.54 0.50 0.46 0.49 0.53 0.51 0.51 0.54 0.56 0.56 0.56 0.57 0.58 0.58 0.58 0.57 0.57 0.56 0.58 0.59 0.60 0.60 0.59 0.57 0.57 0.56 0.55 0.54 0.53 0.51 0.49 0.48 0.47 0.46 0.45 0.45 0.45 0.46 0.47 0.49 0.50 0.51 0.52 0.53 0.53 0.52 0.51 0.50 0.49
0.57 0.53 0.49 0.50 0.54 0.57 0.57 0.54 0.48 0.39 0.34 0.30 0.28 0.26 0.25 0.25 0.25 0.26 0.27 0.27 0.25 0.25 0.25 0.26 0.28 0.35 0.40 0.41 0.41 0.41 0.41 0.40 0.39 0.41 0.48 0.50 0.47 0.50 0.58 0.57 0.49 0.49 0.56 0.57 0.56 0.58 0.60 0.59 0.58 0.58 0.60 0.61 0.60 0.59 0.58 0.59 0.60 0.61 0.61 0.61 0.61 0.59 0.57 0.53 0.49 0.46 0.46 0.46 0.46 0.44 0.43 0.44 0.47 0.49 0.51 0.51 0.52 0.51 0.49 0.49 0.50 0.51 0.50 0.49
0.62 0.58 0.55 0.54 0.52 0.47 0.40 0.35 0.32 0.30 0.30 0.29 0.29 0.29 0.29 0.30 0.31 0.32 0.36 0.37 0.34 0.28 0.26 0.28 0.30 0.34 0.39 0.45 0.50 0.49 0.47 0.46 0.45 0.45 0.48 0.50 0.52 0.61 0.63 0.55 0.48 0.53 0.58 0.56 0.56 0.60 0.60 0.58 0.58 0.59 0.61 0.62 0.62 0.61 0.60 0.60 0.60 0.61 0.61 0.60 0.60 0.60 0.57 0.53 0.49 0.47 0.45 0.45 0.45 0.44 0.45 0.48 0.51 0.51 0.50 0.50 0.49 0.48 0.47 0.47 0.49 0.51 0.50 0.47
0.64 0.60 0.55 0.49 0.42 0.36 0.32 0.30 0.30 0.30 0.31 0.30 0.28 0.31 0.35 0.36 0.36 0.37 0.40 0.43 0.44 0.38 0.31 0.32 0.33 0.34 0.40 0.50 0.58 0.60 0.55 0.48 0.48 0.50 0.58 0.63 0.67 0.69 0.63 0.55 0.57 0.61 0.59 0.57 0.59 0.60 0.58 0.56 0.58 0.60 0.61 0.61 0.60 0.60 0.62 0.62 0.61 0.61 0.60 0.58 0.58 0.57 0.56 0.55 0.54 0.52 0.50 0.46 0.44 0.45 0.47 0.50 0.50 0.49 0.48 0.48 0.47 0.45 0.45 0.46 0.48 0.51 0.49 0.46
0.62 0.57 0.50 0.45 0.40 0.37 0.37 0.36 0.36 0.35 0.36 0.38 0.37 0.38 0.40 0.40 0.39 0.40 0.44 0.53 0.61 0.59 0.45 0.37 0.36 0.36 0.40 0.45 0.51 0.59 0.61 0.56 0.52 0.57 0.67 0.75 0.76 0.69 0.59 0.56 0.57 0.54 0.55 0.61 0.64 0.60 0.56 0.55 0.57 0.60 0.62 0.61 0.60 0.61 0.62 0.63 0.63 0.63 0.63 0.61 0.59 0.57 0.56 0.57 0.58 0.57 0.55 0.51 0.47 0.45 0.45 0.46 0.47 0.47 0.47 0.47 0.46 0.45 0.46 0.47 0.48 0.50 0.48 0.45
0.66 0.59 0.49 0.45 0.42 0.39 0.38 0.40 0.41 0.42 0.44 0.46 0.48 0.47 0.45 0.42 0.42 0.46 0.57 0.67 0.73 0.75 0.65 0.46 0.38 0.39 0.41 0.44 0.44 0.49 0.58 0.63 0.58 0.59 0.65 0.66 0.64 0.59 0.54 0.51 0.47 0.46 0.56 0.65 0.65 0.59 0.56 0.57 0.59 0.60 0.61 0.61 0.62 0.64 0.64 0.64 0.64 0.65 0.65 0.64 0.63 0.61 0.59 0.58 0.59 0.59 0.59 0.57 0.55 0.52 0.50 0.50 0.50 0.49 0.48 0.47 0.47 0.47 0.48 0.47 0.49 0.50 0.45 0.42
