windninja/windninja_output/Output_2025-08-09_0900-0950_Google earth_Fire_150m_10min/merlingen_7.5mi_point_08-09-2025_0910_150m_ang.asc
ncols	158
nrows	163
xllcorner	391686.332397
yllcorner	5160024.123721
cellsize	150.000000
NODATA_value	-32768.000000
[rows 88 to 131 of 163, columns 0 to 95 of 158]
239 237 229 219 213 209 207 206 209 212 210 201 197 197 199 202 204 206 203 197 187 176 165 164 168 175 181 187 190 192 192 192 192 190 189 190 191 193 196 196 195 191 187 186 188 189 189 188 187 186 182 179 178 178 178 177 175 172 170 169 169 170 170 170 169 169 168 167 166 165 164 163 162 161 160 159 158 157 156 156 156 154 151 144 137 135 134 133 133 132 132 132 129 125 121 119
234 225 211 208 206 204 206 209 211 213 209 199 195 197 199 202 203 204 200 191 177 166 166 171 178 180 184 189 191 193 193 193 193 192 191 190 189 191 196 199 199 195 191 188 187 188 190 191 189 186 184 181 178 177 178 179 178 175 168 164 165 168 170 170 169 169 168 167 166 165 164 163 162 161 159 158 157 156 155 154 153 151 147 139 132 128 127 128 131 131 128 126 121 114 112 113
226 218 211 212 211 206 205 207 207 207 206 199 195 197 201 201 200 200 196 182 166 165 172 183 185 185 188 191 192 194 195 195 194 193 193 193 190 189 192 197 199 197 194 190 187 187 190 191 190 187 183 181 178 177 178 181 183 180 170 163 164 167 169 170 170 169 168 167 166 165 164 163 162 160 159 158 156 155 154 152 151 149 147 140 133 130 128 127 128 126 121 118 116 113 113 114
217 212 207 206 203 199 196 196 198 202 205 202 197 197 197 195 195 195 193 176 164 170 185 192 191 190 192 193 194 196 196 196 195 194 193 194 192 189 188 191 197 198 196 193 189 187 189 191 191 188 183 179 177 175 178 182 182 177 173 171 169 168 170 170 170 169 168 167 166 165 164 163 161 160 159 157 156 154 153 151 149 147 146 143 139 136 133 129 126 120 113 109 109 107 106 107
205 201 196 195 195 192 185 184 189 197 203 201 197 197 196 194 191 188 185 180 176 182 194 198 197 195 196 196 197 197 198 197 197 194 193 193 193 191 188 188 193 199 200 197 192 189 190 192 193 190 184 177 174 173 174 176 175 174 176 178 176 172 171 171 170 169 168 167 166 165 164 163 161 160 159 157 156 154 152 150 148 146 143 141 137 134 131 127 120 112 101 99 101 100 100 103
189 188 188 189 190 189 185 183 186 195 200 196 191 189 190 191 186 181 183 188 193 193 197 202 200 199 199 199 199 200 200 200 198 194 192 193 193 192 191 188 189 197 202 201 197 194 193 192 192 191 184 173 170 172 170 167 168 172 177 181 180 176 173 171 170 169 168 167 166 165 164 163 161 160 158 157 155 153 151 149 147 145 142 138 133 128 125 119 111 101 97 100 103 102 102 104
170 176 182 185 186 187 187 185 185 191 197 195 190 188 189 191 190 189 193 203 206 202 203 205 203 203 201 200 201 203 205 204 199 193 191 192 193 192 191 189 187 190 197 201 200 198 194 191 190 187 181 174 172 172 171 166 164 169 175 178 179 176 174 172 170 169 168 167 166 165 164 163 161 160 158 157 155 153 151 149 147 144 141 138 133 128 123 117 110 106 106 107 108 108 107 107
151 164 178 181 184 186 186 183 180 186 194 198 197 198 197 202 205 212 214 214 213 215 215 216 210 205 203 202 203 204 205 201 196 193 191 192 193 192 191 189 186 184 190 197 198 196 193 190 186 181 179 180 180 177 175 171 169 169 172 175 176 175 173 171 170 169 168 167 166 165 164 163 161 160 158 156 155 153 151 149 146 144 141 138 134 131 126 121 117 115 114 113 112 112 111 110
135 151 172 178 185 189 189 184 179 183 200 211 214 216 220 227 229 234 231 218 224 232 234 232 218 207 203 203 202 200 199 199 199 198 194 193 193 192 191 189 185 181 183 190 192 192 191 188 184 182 184 189 188 182 179 175 172 171 171 172 174 174 172 171 170 169 167 167 166 165 164 162 161 159 158 156 154 153 151 148 146 144 141 138 135 132 129 125 122 120 118 116 115 114 113 111
128 140 164 176 190 198 199 196 192 193 207 223 234 230 233 235 239 241 235 227 234 242 246 242 218 201 200 202 201 199 201 206 207 205 200 196 194 192 189 188 185 180 179 183 186 188 188 187 186 189 194 196 193 187 182 180 176 173 171 170 171 171 171 169 169 168 167 166 166 165 164 162 161 159 158 156 154 152 150 148 146 144 141 139 136 133 130 127 125 123 121 119 117 115 114 112
118 125 152 174 198 207 209 209 209 211 220 237 253 256 255 254 252 251 245 238 236 238 237 225 198 193 199 202 205 207 211 214 213 209 205 201 196 191 187 185 184 181 178 180 184 186 187 190 193 197 198 196 195 190 185 182 180 176 173 172 171 169 168 166 165 165 166 165 165 165 163 162 161 159 158 156 154 152 150 148 146 144 141 139 136 134 131 129 126 124 122 120 118 117 115 113
106 108 128 166 205 222 230 232 231 232 236 243 249 259 264 263 263 259 253 243 231 224 217 210 201 201 206 209 212 215 217 217 215 212 207 201 197 192 186 181 180 179 176 178 184 186 187 190 194 196 195 194 193 191 186 183 183 180 176 174 173 172 169 165 162 162 163 164 164 164 163 162 160 159 157 155 154 152 150 148 146 144 141 139 137 134 132 130 128 126 123 121 120 118 116 114
112 114 133 173 216 238 248 251 249 247 248 250 253 262 270 268 265 261 249 232 222 217 216 218 218 218 219 219 220 224 226 227 224 217 207 200 196 194 188 179 175 175 174 175 179 184 187 190 192 193 193 192 191 190 188 186 185 184 180 176 174 174 173 169 164 161 161 161 163 163 162 161 160 158 157 155 153 151 149 147 146 143 141 139 137 135 133 130 128 126 124 122 120 118 116 115
128 134 155 190 224 239 247 251 251 251 249 246 245 248 251 250 242 236 226 219 218 220 228 232 232 231 230 231 232 235 237 238 234 225 212 201 196 193 188 179 172 171 172 171 174 182 188 189 190 191 192 192 191 190 189 188 186 185 184 180 175 173 174 172 169 165 162 161 162 162 161 160 159 158 156 154 152 151 149 147 145 143 141 139 137 135 133 131 129 127 125 123 121 119 117 115
148 155 176 202 221 232 240 243 244 244 242 239 235 228 221 219 220 217 212 213 220 228 236 238 238 238 240 242 242 242 241 239 236 232 223 206 190 184 181 178 171 167 167 167 169 177 183 187 188 189 191 192 191 190 190 188 186 185 186 184 179 174 174 174 172 169 166 164 163 162 159 156 156 156 155 153 151 149 148 146 144 143 141 139 137 135 133 131 129 127 125 123 121 119 117 115
172 177 191 207 218 226 232 235 238 239 238 235 228 217 212 214 217 216 214 221 229 234 239 241 240 241 244 247 245 243 242 240 238 236 229 211 179 167 169 170 166 161 161 161 163 168 177 183 187 190 191 191 190 189 189 188 187 186 186 185 182 178 176 176 175 173 171 169 168 165 160 155 153 152 152 151 149 148 146 145 143 142 140 139 137 135 133 131 129 127 125 123 121 119 117 115
190 193 201 211 220 227 232 236 239 242 242 239 233 228 229 233 234 231 235 243 242 237 237 239 238 238 240 241 241 243 245 244 242 237 229 216 184 154 151 156 156 154 153 154 156 160 168 178 185 189 190 190 190 188 188 188 188 188 186 185 184 182 179 177 177 177 175 173 172 169 166 162 155 149 145 143 142 143 143 143 142 141 139 138 137 135 133 131 129 127 125 123 121 119 117 115
203 204 209 216 224 231 235 239 241 245 248 251 252 251 251 255 256 256 255 252 245 239 237 236 234 232 235 237 238 243 246 244 239 233 229 220 193 159 147 147 150 150 148 148 150 154 162 171 179 185 188 188 189 189 188 188 188 188 188 187 186 184 181 179 179 179 177 175 174 172 170 170 165 156 147 140 138 138 137 136 137 138 139 138 136 135 133 131 129 127 125 123 121 119 116 114
213 211 213 218 224 228 233 236 237 239 239 238 238 238 243 250 254 254 250 244 241 241 238 231 229 229 231 233 236 240 239 237 231 227 225 215 191 166 151 145 146 147 146 146 146 148 155 164 171 178 184 186 188 190 191 189 188 188 189 189 188 185 183 181 180 179 179 177 176 175 174 173 171 167 159 152 146 142 137 133 133 136 137 137 136 134 133 131 129 127 125 122 120 118 116 114
217 215 215 218 223 226 228 225 221 219 218 217 219 224 232 239 245 246 243 240 238 239 235 226 223 225 227 227 230 235 235 233 225 218 217 209 192 175 158 147 143 144 144 145 145 146 150 158 166 172 179 184 186 189 191 191 190 189 189 190 190 187 184 183 182 181 181 179 176 176 177 174 171 169 164 158 153 149 146 141 137 135 135 135 135 134 132 130 128 126 124 122 120 118 116 114
219 217 215 217 218 216 212 209 207 210 216 220 223 227 231 235 236 237 236 236 235 237 234 223 219 221 223 219 223 232 232 230 220 209 212 209 198 182 165 154 148 143 142 144 146 146 147 153 161 169 176 181 184 186 189 192 192 191 189 189 190 189 186 184 184 183 183 182 178 176 178 177 173 169 166 162 158 153 149 145 141 137 135 134 134 133 132 130 127 125 123 121 119 117 115 113
221 218 214 212 208 207 207 208 211 218 226 229 228 228 232 232 229 224 224 228 233 238 235 225 215 215 217 216 221 231 229 224 216 206 217 216 200 180 166 164 158 144 138 141 144 144 145 149 156 164 172 179 183 185 187 190 192 192 190 188 190 191 190 187 187 186 184 183 181 178 178 178 175 170 167 164 161 157 152 145 141 138 137 135 133 132 130 128 126 124 122 120 118 116 114 112
221 217 212 210 210 213 217 222 226 228 231 232 229 227 229 230 224 213 214 222 232 240 236 224 213 209 212 212 218 227 227 221 214 210 219 216 193 175 171 173 167 153 144 139 139 142 145 147 151 158 166 174 182 186 187 187 190 192 192 189 189 192 193 192 190 190 186 182 182 181 178 177 176 173 170 166 163 161 156 149 143 138 137 136 133 130 128 126 124 121 119 117 115 114 112 110
219 216 215 216 219 224 227 229 230 229 230 233 231 225 226 228 220 204 206 217 227 237 236 219 211 207 204 202 209 219 225 222 213 210 212 206 189 177 176 176 167 164 160 147 138 138 142 144 147 152 160 169 178 185 186 187 189 192 194 191 189 192 195 194 192 192 190 185 182 180 177 175 176 176 173 170 166 163 158 151 145 139 138 138 135 131 126 122 120 117 114 112 112 111 110 107
223 221 221 223 225 225 224 225 226 225 225 228 227 220 222 227 220 199 198 208 217 228 233 218 209 211 203 195 200 212 220 222 214 208 208 203 193 187 183 176 170 170 167 156 147 142 141 140 141 146 154 165 175 182 185 186 188 191 194 193 191 192 194 194 193 192 192 191 186 180 177 176 176 177 176 173 170 166 162 157 148 142 140 139 138 135 127 121 115 109 107 110 111 111 109 106
227 225 225 226 226 226 224 222 221 219 218 221 222 217 220 226 218 192 187 196 207 220 229 224 212 215 210 202 198 203 213 218 218 214 213 209 203 198 188 180 176 170 163 160 156 149 143 141 140 141 147 158 170 179 184 186 186 189 193 194 192 192 194 194 192 192 193 193 190 185 180 178 177 177 178 176 172 168 165 162 155 147 143 139 138 136 128 120 113 108 111 116 115 112 108 103
226 225 225 224 224 224 223 221 219 217 215 216 217 215 219 225 213 183 175 187 198 212 222 224 215 211 211 209 206 200 204 214 219 221 220 216 209 201 191 182 176 165 160 162 163 155 149 148 147 144 144 151 163 174 183 186 186 188 192 195 194 192 193 194 192 191 192 193 192 189 186 183 180 179 179 179 175 170 166 164 159 154 150 145 142 140 130 123 120 117 120 122 119 111 104 100
224 224 222 221 220 220 220 221 220 217 214 213 211 210 216 223 212 182 170 180 193 204 211 214 214 211 208 206 208 202 196 206 216 222 220 207 195 191 188 180 170 163 164 169 168 161 156 155 153 149 147 148 156 168 180 186 187 187 190 194 194 193 193 195 193 191 192 193 193 192 190 188 187 183 179 179 179 174 169 165 161 157 156 153 151 149 139 130 126 123 123 124 120 111 105 105
222 222 221 221 219 219 218 218 218 216 213 210 206 205 213 222 216 189 173 176 187 193 197 204 209 211 208 206 211 202 190 195 207 218 218 201 187 184 183 175 166 165 170 174 172 168 163 157 153 152 150 150 154 163 176 186 188 187 189 193 194 193 194 194 194 192 192 193 193 193 192 191 191 190 184 178 178 178 174 167 161 156 157 158 157 154 145 135 130 126 125 124 121 115 112 112
221 221 222 223 222 220 216 213 212 213 215 210 201 200 211 223 223 193 169 167 176 182 186 193 201 205 206 206 209 204 192 190 198 207 205 191 182 179 177 172 169 171 175 177 177 174 166 158 155 156 156 155 156 161 173 184 188 188 189 191 193 192 193 194 194 193 192 193 194 194 193 192 192 193 192 185 179 180 179 173 163 157 159 161 159 154 147 139 132 130 128 127 125 119 115 113
223 223 223 224 222 219 213 209 209 211 217 214 199 195 207 222 226 199 164 156 161 171 179 185 190 196 196 196 201 205 199 190 188 194 199 198 190 182 177 175 176 179 180 180 180 175 168 163 161 161 162 161 160 162 170 181 188 189 190 191 191 190 191 192 193 193 192 193 194 194 193 191 191 193 195 193 187 183 181 176 169 164 164 164 158 153 148 141 136 134 133 132 130 121 114 111
224 223 222 224 223 217 213 211 212 213 217 217 201 193 204 219 225 213 169 148 144 156 171 179 182 186 186 188 195 199 194 187 184 190 201 206 201 190 185 185 186 185 184 181 179 177 173 167 165 165 166 165 162 162 168 179 187 190 190 191 191 189 188 190 192 193 193 194 196 196 193 191 190 191 194 196 195 190 184 179 175 171 168 164 156 151 148 143 140 139 138 137 133 121 114 114
224 222 220 224 225 220 219 218 217 214 216 220 205 193 200 214 224 222 193 154 136 137 155 169 176 179 182 186 189 189 190 188 189 197 206 210 207 200 195 196 197 194 190 187 185 184 180 173 171 170 170 168 165 164 168 178 186 190 190 190 190 189 190 193 197 201 199 196 197 197 195 192 190 189 192 196 198 197 193 188 181 175 171 165 156 151 148 146 143 143 141 140 137 123 118 120
222 220 215 215 216 216 218 221 222 216 214 221 210 190 194 208 221 225 213 185 147 122 122 147 165 171 177 182 184 183 187 194 199 204 210 211 209 209 203 201 203 202 200 197 196 193 188 184 180 177 175 172 168 167 170 177 185 189 190 190 192 194 199 207 214 219 216 199 192 195 196 194 191 189 189 192 197 199 199 196 189 181 174 165 158 154 152 150 147 145 144 145 140 127 122 125
216 213 208 205 206 207 209 214 220 218 214 223 215 188 187 201 219 227 224 212 185 131 103 98 120 146 161 171 176 178 183 195 202 205 212 213 210 213 205 198 202 207 210 208 203 199 196 192 187 183 179 175 171 170 171 175 183 189 192 194 200 206 213 216 213 212 210 199 184 186 194 195 193 190 187 188 192 196 198 198 195 188 177 167 163 161 159 157 154 149 149 151 141 126 122 126
212 212 207 202 203 205 206 211 217 218 217 226 224 193 186 198 217 227 230 229 218 186 127 83 79 94 115 139 156 167 177 193 203 207 213 214 210 212 209 197 196 204 211 212 207 201 196 191 187 184 181 178 175 173 173 175 184 194 199 203 211 214 213 209 204 203 204 202 192 181 187 192 192 190 188 186 187 190 193 195 195 191 182 174 170 168 167 165 159 154 154 155 142 127 126 128
213 212 208 204 203 206 206 209 215 215 216 228 231 207 193 199 215 224 227 231 233 222 184 141 114 96 95 119 143 158 176 195 204 206 213 216 211 212 212 201 194 198 207 213 211 204 196 189 184 183 183 182 179 175 176 181 190 202 209 210 210 208 204 201 200 200 202 204 204 196 188 190 189 188 186 183 181 183 186 188 190 192 190 184 178 175 175 172 164 158 157 156 144 132 131 134
208 209 207 202 200 203 206 207 210 210 214 226 234 222 210 208 212 216 218 221 226 228 210 176 151 137 134 145 152 164 180 198 207 206 212 218 212 210 212 205 197 195 201 212 215 209 200 190 184 183 185 186 183 179 179 184 192 200 206 204 200 199 199 198 199 201 203 205 208 207 202 198 191 180 177 177 175 174 178 181 185 191 194 192 186 182 183 179 171 164 159 156 145 135 135 139
204 208 207 201 199 202 206 205 205 206 211 222 230 229 221 215 207 208 209 212 216 216 203 180 167 164 163 163 167 173 182 198 208 207 209 216 214 210 212 210 202 195 196 208 215 212 203 194 187 186 188 188 186 184 182 184 191 198 202 200 196 197 199 200 202 204 205 206 208 209 207 204 197 185 172 164 164 166 169 175 181 187 192 193 192 190 188 184 176 167 161 157 145 138 140 145
204 207 207 201 198 200 203 202 202 203 206 215 222 225 227 220 202 200 203 202 199 196 192 184 181 179 179 180 177 175 179 194 206 207 208 215 217 214 212 212 207 197 192 200 212 214 208 199 193 191 190 190 188 187 186 186 191 197 201 201 199 201 202 203 205 206 207 207 208 209 209 208 205 197 186 169 154 154 159 165 173 179 184 188 191 191 189 186 181 174 168 159 147 142 145 150
204 206 207 202 197 197 199 201 200 200 201 205 210 214 221 222 207 198 192 182 179 186 193 195 196 198 195 187 178 171 171 184 201 207 210 216 220 218 214 214 210 199 188 189 205 215 211 202 197 194 192 191 189 189 189 189 192 197 202 203 204 204 204 205 206 207 208 208 209 209 210 212 213 208 200 186 162 143 142 149 157 166 175 180 183 186 185 183 181 180 177 167 156 152 152 153
205 208 211 207 200 199 200 202 201 199 196 195 198 204 211 215 211 196 179 172 171 184 204 211 211 208 201 192 181 168 161 170 192 206 212 216 219 221 219 216 211 201 188 179 191 211 212 205 199 196 193 193 191 192 192 191 193 198 204 205 205 205 205 206 207 208 209 209 209 209 210 212 215 214 210 200 180 148 127 125 131 143 157 168 174 178 178 177 178 179 177 172 167 167 165 161
208 210 213 209 203 204 207 208 206 201 195 192 195 199 204 210 209 198 183 175 177 186 202 212 214 210 202 196 188 175 161 159 176 198 209 215 218 217 214 212 208 200 188 174 172 196 211 208 204 200 197 197 195 195 194 192 194 200 204 206 206 206 207 207 208 209 210 209 209 209 210 212 213 214 212 207 195 172 143 122 117 119 127 142 157 167 170 173 174 171 171 171 172 174 175 175
209 208 209 209 205 203 207 212 216 212 204 201 203 206 207 207 210 208 197 188 183 182 190 205 214 213 202 197 194 186 176 165 166 184 201 211 215 214 208 204 200 194 187 180 170 180 204 211 210 206 202 202 200 198 197 195 196 202 207 209 210 210 209 210 210 210 210 210 209 209 210 211 211 212 211 208 202 185 167 149 131 122 119 120 130 145 159 168 168 165 165 167 170 174 178 181
