windninja/windninja_output/Output_2025-08-24_0600-0650_Google earth_Fire_150m_10min/merlingen_7.5mi_point_08-24-2025_0630_150m_ang.asc
ncols	158
nrows	163
xllcorner	391686.332397
yllcorner	5160024.123721
cellsize	150.000000
NODATA_value	-32768.000000
[rows 84 to 125 of 163, columns 0 to 93 of 158]
211 205 202 211 215 215 213 213 214 209 201 194 191 190 189 188 187 185 182 179 176 176 177 178 175 175 179 182 183 185 186 186 188 190 191 193 194 194 194 193 192 190 188 187 187 188 187 186 186 188 190 190 188 186 187 189 189 190 190 190 190 191 191 191 191 191 191 191 191 191 190 190 189 189 188 187 185 182 180 176 173 176 183 188 185 181 181 184 186 190 194 198 203 206
205 213 222 226 227 227 225 224 220 211 200 195 192 191 191 189 187 186 183 179 175 173 173 173 172 172 177 181 182 183 185 187 188 190 192 193 193 194 193 191 189 188 188 188 189 190 189 189 188 189 191 193 193 192 189 189 190 190 190 190 190 191 191 191 191 191 191 191 191 191 191 190 190 189 188 187 185 183 181 177 173 173 179 182 181 180 183 187 190 191 194 199 204 208
213 225 234 236 238 237 232 224 215 205 198 195 192 190 191 191 190 189 185 180 175 171 166 162 164 170 176 179 181 182 184 186 186 187 189 191 193 194 193 190 187 186 187 189 191 191 191 191 190 189 190 193 194 193 191 190 190 190 190 190 190 190 191 191 191 192 192 192 192 191 191 191 190 189 189 188 186 184 181 177 171 169 172 176 178 181 185 188 192 194 197 201 202 201
233 239 244 242 237 231 222 212 205 202 200 196 192 190 191 193 193 192 188 182 176 169 159 153 158 169 176 179 182 184 184 185 185 183 184 188 191 193 194 193 190 186 185 189 191 192 192 193 193 192 191 191 192 193 193 191 190 190 190 190 190 190 190 191 191 192 192 192 192 192 191 191 190 190 189 188 187 185 182 177 169 163 162 166 175 183 188 191 195 200 202 200 196 193
243 241 234 225 217 212 208 205 205 207 204 195 190 189 190 193 194 193 189 181 174 165 158 159 165 173 177 180 183 185 186 185 185 183 182 184 187 190 194 195 194 190 187 187 190 192 194 194 194 194 192 190 190 191 192 192 191 190 189 188 188 189 190 191 191 192 192 192 192 192 192 191 191 190 190 189 187 186 183 178 170 160 154 155 166 182 191 195 199 202 200 195 193 194
238 230 217 213 210 206 206 208 209 209 203 192 188 189 192 194 194 192 185 176 167 160 161 168 176 179 180 183 184 186 187 187 186 186 185 184 183 187 193 197 197 194 191 188 188 191 194 196 195 194 192 191 188 188 189 192 193 194 190 184 183 186 189 190 191 192 192 192 192 192 192 192 191 191 190 189 188 187 184 180 173 163 154 149 154 174 196 203 202 202 199 195 202 211
230 224 216 216 214 209 206 207 205 203 200 194 190 191 194 194 191 189 181 167 159 161 169 180 185 184 184 185 186 187 187 187 187 187 187 187 185 184 188 195 197 196 194 191 189 190 193 196 197 195 192 190 187 186 188 193 196 196 190 181 179 184 188 190 191 192 192 193 193 193 192 192 192 191 191 190 189 188 186 182 177 170 162 157 157 169 193 205 205 205 204 203 215 222
224 219 213 210 206 202 197 196 197 198 199 197 193 192 191 189 187 185 179 163 158 167 182 190 190 189 188 187 187 188 188 188 188 188 188 188 187 185 184 189 195 197 196 193 191 190 192 196 198 196 192 189 186 185 187 192 194 190 188 186 182 183 187 190 191 192 192 193 193 193 193 193 192 192 192 191 190 189 187 185 182 176 170 166 168 173 183 198 206 210 213 219 232 239
214 209 202 200 198 193 187 184 188 195 199 197 194 192 190 187 183 180 175 171 169 180 192 197 196 193 191 190 189 189 189 189 189 188 186 187 187 187 185 185 191 198 199 197 193 192 193 196 199 199 195 188 185 184 183 185 186 187 190 193 190 187 188 190 191 192 193 193 193 193 193 193 193 193 192 192 191 190 189 188 186 182 176 171 172 176 184 199 213 223 235 245 254 256
200 198 194 194 193 190 186 184 187 194 198 194 189 187 187 187 180 175 175 180 188 191 197 200 198 196 193 191 191 190 191 191 189 186 185 186 187 188 187 185 187 195 200 200 198 196 195 196 198 199 196 186 182 182 180 178 181 188 195 199 196 192 190 191 192 193 193 193 193 194 194 194 194 193 193 193 192 192 191 190 189 187 184 180 179 184 195 216 235 243 246 250 252 253
183 186 189 190 189 188 189 187 187 191 195 193 189 187 187 187 185 182 185 197 203 200 201 203 200 197 194 192 192 193 194 192 187 183 183 186 187 188 187 186 185 188 196 200 200 198 196 194 195 194 191 185 181 182 182 179 181 190 196 199 198 194 192 192 192 193 193 193 194 194 194 194 194 194 194 194 194 193 193 192 192 191 190 190 190 195 206 223 235 238 237 237 237 238
164 175 186 187 188 188 188 187 184 186 192 196 196 196 195 197 198 204 206 210 212 214 213 212 204 197 194 192 193 195 194 189 185 183 183 186 187 187 186 186 184 183 188 195 197 196 195 192 190 187 186 189 188 186 186 184 184 188 192 195 196 194 193 193 193 193 193 194 194 194 194 194 194 195 195 195 195 194 194 194 194 194 195 195 197 201 207 215 221 224 225 226 228 229
146 162 180 185 189 192 192 188 183 185 199 209 214 216 218 222 223 227 224 216 224 232 231 223 206 195 192 192 192 190 188 187 188 188 187 186 186 186 185 185 183 180 182 188 192 192 192 189 187 186 190 197 196 192 190 189 187 189 191 193 195 194 193 193 193 193 193 194 194 194 194 195 195 195 196 196 196 196 196 196 196 196 197 198 200 203 206 210 214 217 219 221 222 224
135 149 173 184 195 201 201 198 193 194 208 221 229 225 227 229 232 235 231 226 235 242 241 227 197 187 187 189 189 186 186 191 194 193 190 187 185 184 184 184 183 180 179 182 186 188 189 189 189 194 201 204 201 196 194 193 192 191 191 192 193 193 193 192 192 192 193 194 194 194 195 195 196 196 196 196 196 197 197 197 198 198 199 200 202 204 206 209 211 214 216 217 219 220
122 131 165 187 206 212 212 210 209 210 222 237 249 252 250 249 247 248 245 240 237 235 227 205 183 183 188 189 190 189 191 193 195 194 192 189 186 183 181 181 181 180 178 180 183 186 188 192 198 203 204 204 203 199 196 195 195 193 192 193 193 193 192 191 191 192 193 193 194 195 195 196 196 197 197 197 197 198 198 198 199 199 200 201 203 204 206 208 210 212 214 215 216 218
108 112 149 195 221 230 234 234 233 234 239 244 252 261 263 262 263 261 256 245 228 213 202 196 191 193 195 193 193 194 194 193 193 193 191 188 186 183 179 177 178 179 177 179 183 186 188 192 198 201 201 200 200 199 197 196 196 196 194 193 193 193 193 191 190 190 191 192 194 195 196 196 197 197 197 198 198 198 199 199 200 200 201 202 204 205 206 208 210 211 213 214 215 216
116 120 155 205 231 242 250 254 252 249 248 249 253 262 271 271 267 263 250 227 209 198 198 206 210 208 203 199 197 198 198 196 193 190 187 185 184 184 181 176 175 176 176 176 180 185 188 192 195 197 198 198 197 198 197 196 196 197 196 192 192 192 194 193 191 190 189 190 193 195 196 196 197 198 198 198 199 199 199 200 201 201 202 203 204 205 207 208 209 211 212 213 214 216
136 144 175 209 232 243 249 252 251 248 246 243 242 244 248 248 238 229 218 205 196 197 211 222 223 217 210 205 203 204 203 200 194 188 181 179 180 181 180 177 174 174 174 173 176 183 189 191 193 195 196 197 197 197 197 197 196 197 197 194 191 192 194 195 194 191 190 190 192 195 197 197 198 198 199 199 200 200 200 201 201 202 203 203 204 205 207 208 209 210 212 213 214 215
161 169 193 215 230 238 242 242 241 239 237 235 229 222 214 210 210 206 200 197 198 210 227 230 225 220 218 215 211 209 205 199 194 186 178 172 171 173 175 176 174 172 172 171 173 179 185 188 190 192 195 197 196 196 197 196 195 196 197 196 193 191 192 195 196 194 192 192 194 197 199 198 198 198 200 200 200 201 201 201 202 202 203 204 205 206 207 208 209 210 211 212 213 214
185 190 203 215 223 229 232 233 233 233 232 227 218 206 199 200 203 202 199 202 213 227 232 229 225 224 225 221 212 205 199 195 192 186 178 171 165 164 168 172 171 169 169 169 169 172 179 186 190 192 194 195 195 194 195 195 195 196 196 196 194 192 193 194 196 196 195 195 196 198 201 201 199 199 201 202 202 201 202 202 202 203 203 204 205 206 207 208 209 210 211 212 213 214
200 203 210 216 222 227 230 232 234 234 231 225 215 205 200 203 209 210 213 227 234 230 226 224 224 223 220 215 209 202 196 192 189 185 181 173 164 158 160 164 166 166 165 165 165 167 173 181 188 192 193 194 194 193 194 195 196 196 196 196 196 195 194 195 197 198 197 196 196 197 201 204 204 204 206 206 204 203 202 203 203 203 203 204 205 206 207 208 209 210 211 212 213 215
211 212 215 220 225 228 231 232 233 233 233 231 223 214 210 213 223 230 237 240 235 227 222 221 219 215 213 212 209 203 197 190 185 185 182 174 165 160 158 161 164 164 163 162 163 164 169 176 183 188 191 192 193 194 194 194 195 196 197 197 197 197 196 196 198 199 198 196 196 197 201 205 207 207 206 206 205 204 205 205 203 203 203 204 205 206 207 208 209 210 211 212 213 215
219 218 218 220 223 225 228 229 229 226 221 217 211 206 207 210 219 228 230 228 225 223 218 214 212 210 209 211 209 204 197 189 184 185 181 171 165 162 161 160 162 163 162 161 161 161 165 171 177 182 186 189 192 194 195 194 194 195 197 198 198 197 197 197 197 198 199 197 196 198 202 204 205 204 202 203 204 203 205 206 203 200 201 204 205 206 207 208 209 210 212 213 213 215
222 221 219 220 222 223 222 218 212 207 202 201 202 204 207 209 213 218 219 218 218 217 210 204 204 206 206 205 205 203 195 190 187 184 176 169 167 167 164 160 160 162 162 161 161 160 162 167 172 177 182 187 190 192 195 196 195 195 196 198 199 198 196 197 197 198 200 198 195 197 202 203 204 204 204 205 204 201 200 202 204 199 198 202 204 206 208 209 210 211 212 213 214 215
223 222 219 218 217 213 207 202 198 198 202 205 208 210 211 209 207 209 212 213 210 208 204 197 196 201 201 197 199 201 195 193 189 181 174 172 173 171 165 161 162 162 161 161 162 161 160 163 169 175 180 185 188 190 193 195 196 196 195 196 198 199 197 197 198 199 200 200 197 195 200 204 204 204 205 205 205 203 200 203 207 204 198 199 203 205 208 209 211 212 213 213 214 215
225 222 217 212 206 202 201 201 201 205 212 215 214 212 210 207 202 201 206 207 206 204 202 195 190 192 195 194 195 198 195 192 188 179 176 177 177 170 165 167 168 162 157 160 162 161 160 161 166 172 177 182 186 188 190 193 196 196 195 194 196 199 199 198 200 201 200 200 198 196 198 203 204 203 203 204 205 206 205 206 208 208 203 199 201 205 208 211 212 213 214 215 215 216
225 221 214 209 206 206 209 213 215 215 216 217 214 209 207 203 197 195 199 204 206 205 199 193 185 183 188 190 192 195 194 191 188 182 179 178 173 167 168 173 174 165 159 158 158 159 161 161 163 167 173 178 184 188 190 190 193 196 196 194 195 198 201 200 201 203 201 199 198 197 196 199 202 203 204 206 207 209 209 208 209 210 209 204 202 205 209 212 214 215 216 217 217 218
222 220 215 214 215 216 219 220 218 216 216 218 213 205 201 199 194 191 193 199 205 208 198 188 184 179 177 178 183 191 195 191 186 183 179 176 172 170 174 176 173 171 169 161 156 157 160 161 161 163 168 174 182 187 189 189 191 194 197 195 194 197 201 201 201 202 202 200 198 196 194 197 202 204 205 207 208 210 211 211 210 211 211 208 205 206 211 215 218 220 221 222 221 221
225 224 221 220 220 218 216 214 214 213 212 212 207 198 196 197 194 188 188 192 198 204 201 188 183 178 170 165 170 184 193 193 185 178 176 178 178 179 181 179 176 177 174 167 161 160 160 158 157 158 164 171 179 184 187 188 189 193 196 196 194 196 199 200 199 200 202 202 199 196 194 197 201 204 206 208 208 208 209 211 212 212 211 210 208 207 212 218 223 227 228 225 222 221
229 227 224 223 221 218 214 211 210 208 205 204 200 195 194 196 192 183 180 183 190 200 205 198 185 178 172 166 163 170 184 191 187 177 175 181 187 189 185 182 182 178 171 167 166 164 161 158 156 155 159 167 175 181 185 187 187 190 194 196 195 194 197 199 198 198 201 202 200 197 195 196 199 201 205 208 208 207 207 209 212 213 213 213 212 210 213 218 222 223 223 219 217 219
228 227 224 221 218 216 213 209 207 205 200 196 195 195 195 195 187 176 172 176 182 194 203 202 189 180 179 175 169 165 173 185 187 181 178 183 189 190 187 184 182 174 168 168 169 166 163 162 161 157 156 161 168 177 183 186 186 188 192 195 195 194 195 197 196 196 198 200 200 199 197 197 199 200 203 207 208 207 206 208 213 214 211 211 212 209 212 215 214 213 214 213 213 218
226 225 221 217 214 212 210 209 207 203 194 189 191 194 195 192 182 174 170 172 177 185 193 195 190 184 182 181 178 172 172 179 184 185 182 180 181 184 186 183 177 170 170 174 173 169 167 168 166 161 158 158 163 172 180 185 186 186 189 193 194 193 194 196 196 195 196 198 199 200 199 200 203 203 202 205 208 209 207 207 212 214 211 209 211 208 208 209 208 210 213 213 213 216
224 222 219 217 214 211 209 208 206 199 189 185 187 191 192 190 184 179 174 171 174 177 180 185 189 189 185 183 180 175 172 174 181 186 183 178 177 181 182 178 171 170 175 179 177 174 173 170 167 164 161 160 162 168 177 184 186 185 187 190 192 192 193 195 195 194 195 197 198 199 199 200 203 205 205 204 207 210 210 209 213 216 212 210 211 208 204 205 207 211 214 214 213 211
223 222 220 219 216 212 207 202 199 195 189 185 185 185 187 190 188 180 171 166 168 169 169 174 182 187 189 186 182 177 172 169 174 181 182 178 177 179 179 175 172 174 179 181 181 178 173 169 166 166 165 164 164 167 174 182 185 185 185 188 190 190 191 193 194 193 194 195 197 198 198 198 200 204 206 205 205 209 211 211 213 215 213 210 210 208 203 203 208 212 214 213 210 208
225 223 221 219 215 210 203 196 193 191 192 189 183 178 181 190 191 176 164 159 157 158 161 163 168 177 180 179 182 185 179 171 169 172 181 188 186 182 179 176 178 180 182 183 183 179 174 171 169 169 170 169 168 168 172 179 184 185 185 186 187 187 188 190 192 192 192 194 196 197 196 196 197 201 205 206 206 207 209 209 210 214 213 209 207 206 203 204 208 211 212 210 208 209
226 223 220 219 214 207 201 195 191 189 192 191 182 175 178 187 189 177 162 154 150 150 153 155 157 160 164 167 175 181 177 171 167 169 184 198 198 189 185 185 187 186 186 184 181 180 177 173 172 173 174 173 170 169 171 177 182 184 184 185 185 184 184 186 189 191 191 193 196 197 195 194 195 197 201 206 207 207 208 210 213 216 214 209 206 204 203 204 208 210 210 209 208 212
226 223 219 218 216 209 203 196 191 187 189 189 181 176 178 183 186 181 168 156 149 145 145 147 148 149 151 155 160 163 167 167 167 173 190 202 203 198 195 197 197 194 190 187 186 186 182 177 176 176 176 175 173 171 171 176 180 182 183 184 183 183 184 187 191 195 193 191 194 196 195 194 193 193 197 203 207 208 210 213 215 217 214 209 206 203 202 204 207 209 210 209 208 211
224 221 213 210 210 208 204 200 193 186 185 185 179 175 175 179 183 183 176 166 153 142 137 138 139 141 145 149 149 148 151 159 167 177 191 199 203 206 204 204 204 202 198 196 195 193 190 186 184 182 180 178 175 173 173 175 178 181 182 182 183 185 190 197 204 208 202 188 186 192 194 194 193 191 193 197 203 207 210 212 213 214 212 207 204 202 201 203 207 210 209 207 206 207
219 215 206 202 201 200 199 199 198 190 184 181 176 171 170 173 180 185 183 175 160 143 134 130 128 130 134 139 140 140 146 155 165 177 191 198 203 209 205 201 204 208 208 205 201 198 196 194 190 187 184 180 177 176 174 174 177 180 181 183 188 195 201 204 202 200 198 187 175 180 190 193 192 191 189 191 196 202 206 209 211 212 209 203 202 201 201 202 206 208 207 204 204 205
216 212 205 199 197 196 195 197 199 197 188 180 177 173 167 165 173 186 190 180 164 148 138 127 119 120 123 126 130 136 146 154 162 176 189 196 201 208 207 199 199 205 210 209 203 198 195 192 190 188 185 181 179 177 175 174 176 181 184 189 197 201 199 196 193 192 194 193 183 173 180 187 189 189 188 187 189 194 199 203 206 208 206 202 202 203 202 203 206 208 207 202 202 205
216 212 206 201 197 195 194 194 197 196 192 187 182 176 167 160 164 180 189 185 167 152 142 134 127 122 119 123 132 139 152 158 162 172 185 195 199 204 207 200 196 200 207 210 206 199 194 189 187 187 185 184 182 179 178 178 181 186 190 193 196 194 190 189 188 188 192 196 195 186 178 180 183 185 186 184 183 185 191 195 199 205 207 205 205 205 203 204 208 209 205 199 197 202
211 209 204 199 194 193 193 192 191 191 191 195 194 180 165 156 156 167 178 180 173 158 150 142 135 131 132 139 143 151 162 163 162 169 181 192 195 199 204 201 197 196 201 208 208 203 196 189 186 186 187 187 185 182 180 181 184 188 190 189 186 185 185 186 187 188 190 195 199 198 191 185 182 178 177 177 176 177 182 187 192 202 208 208 207 206 204 205 208 208 201 194 194 199
