windninja/windninja_output/Output_2025-08-24_0600-0650_Google earth_Fire_150m_10min/merlingen_7.5mi_point_08-24-2025_0630_150m_ang.asc
ncols	158
nrows	163
xllcorner	391686.332397
yllcorner	5160024.123721
cellsize	150.000000
NODATA_value	-32768.000000
[rows 0 to 41 of 163, columns 0 to 93 of 158]
192 191 188 187 187 188 188 187 187 188 188 189 190 192 195 198 199 196 192 191 187 184 186 189 191 192 192 189 189 190 192 192 194 193 192 195 197 198 197 195 194 194 196 197 196 197 199 196 189 188 189 189 190 192 193 194 195 195 195 194 193 194 195 194 193 193 194 196 197 196 196 196 197 196 196 197 199 201 201 199 199 200 201 204 205 204 202 204 205 204 204 205 204 204
193 191 187 186 186 188 190 189 188 187 187 187 189 191 195 197 196 191 188 188 185 181 183 188 192 193 192 189 189 191 193 193 194 193 192 194 196 195 194 193 192 192 194 194 193 193 194 192 188 187 189 190 192 194 195 196 195 194 195 194 194 194 194 193 192 193 195 197 198 196 196 196 197 196 196 197 200 201 199 197 199 201 202 204 206 204 201 203 206 205 205 205 205 205
192 190 187 186 186 188 191 191 188 185 183 185 187 189 193 194 192 188 187 187 185 180 179 185 193 195 193 191 191 193 194 194 193 192 191 192 193 192 192 191 190 190 190 190 190 190 190 190 189 188 188 190 193 196 196 195 194 193 194 195 194 193 193 193 193 193 195 198 198 197 196 196 196 195 196 197 199 200 199 197 198 201 203 203 204 201 197 200 204 205 205 204 203 203
186 187 187 187 187 188 188 186 184 182 182 184 186 188 190 191 190 189 189 190 188 183 179 181 189 193 193 192 192 193 194 194 193 190 189 190 191 192 192 190 188 188 188 187 188 188 188 190 191 190 189 190 193 194 194 193 193 193 194 195 194 192 193 194 194 193 195 197 198 198 197 196 196 196 197 197 197 199 200 199 197 200 203 201 202 200 195 196 199 200 201 202 199 198
178 183 187 187 187 186 183 181 181 183 186 186 185 187 187 189 190 191 192 194 192 186 180 178 183 188 191 191 191 191 192 193 192 190 189 190 191 191 189 187 186 186 186 186 187 188 189 190 191 192 192 193 193 194 195 194 194 194 194 194 194 194 194 194 194 194 195 197 199 199 198 198 197 197 198 198 198 199 201 201 199 200 202 200 201 201 195 191 192 194 197 198 196 193
176 179 184 187 187 184 181 180 181 186 188 186 184 185 186 188 192 195 196 196 194 189 180 175 177 183 187 190 191 190 191 192 191 191 190 190 189 187 186 186 185 185 186 187 189 190 191 192 192 194 195 196 195 195 196 196 195 194 193 193 194 194 194 194 194 194 195 197 198 198 199 199 197 196 197 199 199 198 200 203 203 201 200 200 201 202 198 190 187 188 190 193 192 190
178 178 179 183 184 184 182 182 185 187 187 185 183 183 186 188 193 196 196 195 195 191 183 174 173 178 184 187 189 189 190 190 190 191 191 189 187 186 187 187 187 187 188 190 192 193 193 193 194 195 196 197 196 196 196 196 195 194 193 192 192 192 193 194 195 194 194 196 197 197 197 198 196 194 194 196 198 199 199 202 203 200 198 199 201 204 202 195 187 182 182 186 189 189
180 180 178 178 181 183 184 186 188 187 185 183 181 183 186 189 191 194 195 195 194 192 187 178 172 175 180 183 185 188 188 188 190 191 191 189 188 188 190 190 191 191 192 193 194 194 194 195 195 196 196 196 196 197 197 196 194 193 191 190 189 190 192 194 196 195 195 195 196 196 195 196 197 196 195 196 199 201 201 202 202 199 196 197 200 201 201 197 192 183 178 181 187 190
180 180 180 179 179 182 185 188 188 185 183 180 178 180 185 189 190 192 194 194 194 193 191 184 177 173 177 181 183 186 187 187 189 191 191 191 191 192 194 195 196 196 196 195 195 194 195 196 195 195 196 196 196 197 198 195 192 191 190 189 190 191 191 194 197 197 195 194 195 196 195 197 199 199 198 198 201 203 204 203 202 199 193 193 194 194 196 195 191 186 183 184 186 186
180 181 181 181 181 183 185 186 185 184 181 179 176 177 183 189 190 190 191 192 193 193 191 187 182 176 175 181 184 185 187 187 188 191 192 193 194 195 197 198 198 197 196 196 196 196 196 196 195 194 196 197 196 195 196 195 193 192 193 195 196 194 192 195 198 197 195 193 195 198 200 200 200 200 200 201 203 204 201 199 199 198 193 189 189 189 191 190 187 186 188 187 185 184
180 181 181 182 183 183 184 184 184 183 181 179 176 176 180 186 189 189 188 189 191 192 191 189 186 182 179 182 184 185 186 188 189 191 194 196 197 198 198 198 198 197 197 197 199 198 196 198 198 197 197 198 196 195 197 199 199 200 202 204 203 201 197 197 196 195 195 195 197 201 203 201 199 199 202 204 206 202 194 192 195 197 196 190 187 185 185 186 185 188 192 191 186 187
181 181 181 182 183 183 183 183 183 183 182 180 178 176 179 183 185 187 187 187 188 191 192 191 189 187 186 185 186 186 189 191 191 192 195 198 199 199 198 197 198 199 198 199 200 200 200 202 206 206 205 204 204 205 208 211 213 213 215 217 219 217 209 199 194 194 196 198 199 200 200 200 199 198 199 200 200 196 189 186 191 195 195 192 186 183 184 187 186 188 193 194 191 189
181 181 181 182 183 183 183 183 184 183 182 181 180 179 179 180 181 184 186 186 187 189 192 193 194 194 192 190 189 189 191 192 192 193 196 200 200 198 197 197 198 199 199 200 202 204 207 211 218 220 218 220 224 230 234 232 228 226 228 235 239 236 226 211 199 197 199 197 192 192 196 199 198 195 191 191 192 192 189 187 189 192 192 191 188 186 188 190 189 187 192 197 195 191
181 181 181 182 182 183 183 184 184 183 183 182 181 181 181 181 179 179 183 186 187 189 193 197 199 198 195 192 191 191 192 192 193 194 197 199 198 197 197 198 200 203 206 210 214 216 215 215 218 221 222 224 228 234 242 246 242 235 230 229 228 221 212 206 203 204 201 182 170 179 191 195 195 190 186 186 189 191 192 191 190 189 189 191 192 191 192 195 194 191 195 202 202 200
181 181 181 182 182 183 184 184 184 183 183 182 181 181 183 184 181 178 179 184 188 192 196 200 201 198 195 193 193 193 195 194 193 194 194 195 197 200 202 206 212 219 226 231 230 227 222 213 211 214 216 215 214 215 217 220 218 213 208 208 207 203 197 196 198 197 190 179 158 153 173 185 188 188 187 188 189 193 197 195 190 187 189 194 198 198 198 202 203 202 206 215 219 219
181 181 181 182 182 183 183 184 184 184 183 182 181 179 181 184 184 182 181 184 188 192 196 198 199 196 193 193 195 194 193 192 192 193 195 199 206 212 216 222 228 228 226 222 217 214 213 209 206 208 208 204 199 198 200 203 204 198 194 196 198 196 194 194 196 196 191 187 180 160 152 166 179 186 188 189 191 197 199 195 189 188 193 199 204 207 210 213 215 215 218 225 227 227
181 181 182 182 183 183 183 183 184 184 183 182 181 178 177 180 185 186 186 186 188 191 194 196 196 195 193 193 194 192 191 193 196 201 209 216 221 224 223 221 218 211 207 207 206 204 206 206 201 198 199 197 194 194 197 201 203 198 191 190 193 195 195 193 194 196 194 189 187 181 165 154 163 176 183 187 193 196 194 191 192 195 200 207 215 222 225 229 228 220 214 215 216 217
181 181 182 182 183 183 183 183 184 184 183 183 182 179 176 178 184 187 189 189 190 192 193 194 195 197 196 193 192 193 195 200 206 212 215 215 212 210 208 206 204 203 202 205 205 204 202 200 196 192 191 193 194 196 198 200 201 198 191 189 193 195 195 194 192 194 194 192 191 190 182 171 166 167 172 182 188 191 193 197 204 207 210 216 224 230 232 229 224 214 206 209 211 212
181 181 182 182 183 183 183 183 183 184 184 184 182 181 179 179 183 187 190 193 194 194 194 194 196 198 197 195 194 197 202 206 209 209 208 208 206 204 203 202 202 203 204 204 204 203 198 193 193 195 193 193 195 197 198 197 197 197 193 191 194 197 197 194 191 191 194 196 195 191 185 180 178 176 174 175 183 194 208 218 222 222 219 217 217 217 216 215 214 210 201 203 209 209
182 182 182 182 183 183 183 183 183 184 185 184 183 183 182 182 184 188 191 193 194 194 194 194 195 196 197 197 197 199 202 206 207 208 209 209 207 204 200 200 200 200 201 201 200 198 195 193 193 197 198 196 194 193 192 193 194 196 195 194 196 200 199 194 192 192 195 197 193 187 185 184 185 186 184 182 189 206 220 223 221 217 211 206 206 209 210 210 213 210 199 195 204 208
182 182 181 182 183 183 184 184 184 184 184 185 184 184 184 185 186 189 190 191 192 192 193 193 194 195 197 198 198 199 201 203 205 205 204 202 201 197 195 196 197 199 200 200 198 196 196 196 195 197 198 196 193 189 188 191 193 195 197 197 199 202 200 194 192 192 192 191 188 187 188 190 190 190 187 187 192 199 206 209 208 206 204 201 200 205 208 210 212 209 200 193 201 208
182 181 182 182 183 183 184 184 185 184 184 185 185 185 185 186 187 189 189 190 191 192 192 193 194 196 197 198 199 199 199 199 200 198 196 195 196 195 195 196 198 199 199 198 198 198 199 197 195 195 196 195 193 190 189 190 191 193 196 199 200 201 199 194 191 188 186 186 188 191 194 195 195 193 189 185 188 194 200 203 204 204 205 201 197 201 205 207 208 206 200 193 198 206
181 182 182 182 182 183 184 184 185 185 184 185 186 186 186 186 187 188 189 190 191 191 192 193 194 195 197 198 199 198 196 194 194 194 194 194 197 199 199 199 199 198 199 200 200 198 196 194 194 194 195 195 195 194 191 189 189 190 193 199 200 199 198 193 187 184 183 186 192 196 198 198 198 195 189 182 182 189 195 200 204 205 205 203 196 196 197 200 204 204 199 193 196 204
181 182 182 182 183 183 184 185 185 185 185 185 186 187 186 187 187 188 189 190 190 191 192 193 194 195 198 200 201 199 195 191 191 194 197 199 201 203 202 199 197 197 198 200 198 194 193 195 195 194 195 196 195 194 191 189 189 190 191 195 199 199 197 189 182 182 186 191 199 203 203 201 198 193 189 185 182 184 190 198 204 205 205 205 200 193 191 195 202 204 201 196 198 204
182 181 182 182 183 183 184 185 185 185 185 185 186 187 187 187 187 188 189 189 190 191 192 193 194 196 200 203 204 200 195 191 191 195 199 201 203 203 201 197 195 195 196 195 194 194 196 198 197 196 196 196 194 193 192 190 190 191 191 193 197 197 193 186 183 185 192 200 207 210 207 201 194 191 192 192 188 183 185 193 200 202 203 205 204 197 191 193 201 205 202 197 200 204
182 182 182 182 183 184 184 185 185 185 186 186 186 186 187 188 188 188 189 190 190 191 192 192 194 196 200 204 204 201 196 192 190 191 195 199 202 202 199 195 193 192 191 191 193 197 199 199 198 196 196 196 195 193 191 190 191 195 196 194 192 189 186 187 189 191 196 204 209 211 206 195 189 191 194 196 196 188 181 185 192 196 199 202 203 200 193 194 200 203 199 194 198 203
182 182 182 182 183 184 184 184 185 185 186 186 186 186 187 188 188 189 189 190 190 190 191 191 193 195 198 202 204 203 200 196 191 188 191 195 199 201 198 193 191 189 187 190 194 196 198 198 197 195 196 197 196 192 188 187 193 198 198 193 185 181 183 190 196 199 201 204 207 206 200 191 189 192 193 194 198 196 182 176 183 190 195 197 199 199 195 196 201 203 196 189 193 200
182 182 182 183 183 184 184 184 185 186 187 187 187 187 187 187 188 188 189 190 189 189 190 191 192 194 195 199 202 203 203 201 195 190 188 190 194 198 198 193 189 188 186 188 191 192 194 197 197 195 194 196 195 192 187 186 192 197 194 188 184 183 186 194 202 205 205 204 203 200 197 193 191 192 191 190 196 199 192 177 176 184 190 193 195 198 198 200 204 205 198 187 186 196
181 182 182 183 183 184 184 184 185 186 187 187 187 187 187 187 188 188 188 189 189 189 190 190 191 191 191 193 197 201 203 203 199 194 189 185 187 192 194 191 187 186 185 187 188 189 191 195 198 194 190 192 194 193 191 187 187 191 191 186 185 188 193 197 202 205 204 202 199 196 195 195 194 194 193 190 192 200 200 189 177 178 185 190 195 201 203 203 206 207 203 192 184 189
182 182 183 183 184 184 184 185 186 186 187 187 187 187 187 187 187 188 188 188 189 189 189 189 189 187 186 188 192 196 199 202 201 196 186 181 183 187 189 187 185 184 185 187 187 188 189 191 192 191 189 190 193 195 194 190 186 188 191 190 187 193 201 203 204 205 201 198 197 195 195 197 199 199 195 191 191 200 206 200 184 175 179 189 199 204 204 202 204 206 206 200 190 186
182 182 182 184 184 184 184 185 186 186 187 187 187 188 188 187 187 187 188 188 188 189 189 188 187 184 183 185 190 194 199 202 200 193 184 180 182 184 185 184 183 184 186 188 188 188 187 186 187 189 190 191 194 198 199 195 191 190 192 195 194 198 207 211 210 204 197 195 198 199 198 203 205 200 193 190 190 198 205 204 192 179 178 188 196 198 198 198 201 205 207 207 202 194
182 182 183 184 184 184 184 185 186 186 187 187 188 188 188 187 187 187 187 188 188 188 188 188 186 183 182 184 190 196 201 199 195 191 186 182 181 182 183 184 185 186 188 190 191 189 187 185 187 192 194 195 198 203 204 199 197 195 195 199 201 201 207 212 211 202 193 193 199 203 204 204 200 193 189 188 191 196 202 204 198 188 184 186 191 194 196 200 205 209 211 213 212 208
183 183 183 184 184 184 185 186 186 187 187 187 188 188 188 188 188 187 187 187 187 187 187 187 185 183 182 183 187 192 193 191 191 193 190 182 179 180 182 186 190 190 191 192 192 191 189 190 193 197 198 198 200 204 206 200 196 197 200 204 205 202 202 206 208 201 190 187 196 204 202 196 190 187 187 188 189 193 199 204 203 197 192 190 191 196 201 205 210 213 215 216 216 213
183 183 184 184 184 185 186 186 187 187 187 187 187 188 188 188 188 187 187 187 187 186 185 185 184 183 181 181 182 184 185 188 191 196 194 181 175 180 185 189 192 193 193 194 194 193 194 196 199 200 200 200 201 204 205 200 194 196 202 207 206 198 194 199 205 204 192 184 192 200 197 191 189 189 187 186 186 188 195 202 206 203 200 195 192 195 201 203 205 209 212 214 213 211
183 184 184 184 184 185 186 187 187 187 187 187 188 188 188 188 188 187 187 187 186 185 184 183 183 183 182 181 179 179 182 187 191 194 193 185 177 181 189 192 194 197 198 199 200 198 199 201 202 202 202 203 204 205 205 202 196 195 203 209 208 197 189 192 203 206 200 188 185 191 193 194 194 193 189 185 183 184 190 200 205 204 203 201 195 193 200 202 201 204 207 207 206 205
183 183 184 185 185 186 186 187 187 187 187 187 187 188 188 188 188 187 187 187 186 185 184 183 182 182 182 181 180 179 179 183 186 188 190 190 185 186 192 196 200 203 204 203 202 201 200 200 200 200 201 203 203 202 200 198 197 197 203 212 212 202 188 187 198 205 204 194 184 185 194 200 201 197 192 186 184 186 192 200 204 205 206 208 204 195 196 201 200 199 200 201 203 205
184 184 184 185 186 187 187 187 187 188 188 187 187 188 188 188 187 187 187 186 186 186 185 183 182 181 181 182 183 180 176 177 180 184 190 194 194 194 200 205 207 207 205 202 200 200 198 198 198 199 200 199 199 198 195 195 197 199 202 209 212 205 191 184 190 201 203 198 190 190 199 207 206 198 191 187 187 193 199 199 200 204 208 212 213 201 190 196 198 195 194 198 202 207
184 184 184 185 187 188 188 187 188 188 188 187 188 188 188 187 187 187 187 186 186 185 185 184 182 181 180 181 180 176 173 174 177 185 192 196 199 205 209 209 206 204 202 200 199 198 197 196 198 199 198 195 195 196 195 194 195 199 200 203 207 204 194 184 185 195 202 202 198 199 203 204 199 191 189 191 188 189 198 201 197 200 205 210 212 206 190 189 195 194 192 197 201 203
184 185 185 186 188 188 188 188 188 187 187 187 188 188 187 187 187 187 187 186 186 185 185 184 182 181 180 178 174 172 173 175 179 186 192 198 205 211 211 206 202 200 198 197 197 196 194 193 194 196 194 191 191 195 195 191 191 194 196 198 201 201 197 190 186 193 202 206 205 203 200 193 190 190 193 194 186 182 194 202 198 196 200 204 209 207 196 187 189 193 194 197 200 203
186 186 187 188 188 188 189 188 187 187 187 188 188 188 188 187 187 187 186 186 186 185 185 184 183 181 178 174 171 172 174 175 179 185 193 200 204 205 205 204 201 198 195 192 193 194 193 191 191 193 193 190 187 189 191 188 186 188 191 193 196 201 203 199 191 192 203 209 207 200 191 189 193 197 196 192 183 179 187 199 200 199 201 203 208 209 200 188 186 192 196 198 202 207
188 188 188 188 189 189 188 188 187 187 188 188 187 187 187 187 187 187 186 186 185 185 185 184 183 181 178 174 172 174 175 175 177 184 194 201 200 199 201 201 199 196 192 190 190 192 192 190 188 191 193 188 181 181 187 188 185 186 190 194 198 204 209 208 197 193 203 208 202 193 189 195 201 199 193 188 183 179 182 194 201 202 202 203 206 207 198 189 187 191 194 199 207 213
190 189 189 189 189 189 188 188 188 188 187 187 187 187 187 187 187 187 186 186 185 185 185 184 183 182 179 177 175 175 175 176 178 184 192 196 196 196 195 195 193 191 191 191 188 186 187 188 188 189 190 187 180 179 185 190 190 190 195 202 206 207 208 208 202 196 200 202 196 192 196 200 199 191 185 184 183 181 183 193 201 200 200 201 201 199 195 193 192 191 192 200 211 216
