windninja/windninja_output/Output_2025-08-24_0600-0650_Google earth_Fire_150m_10min/merlingen_7.5mi_point_08-24-2025_0650_150m_vel.asc
ncols	158
nrows	163
xllcorner	391686.332397
yllcorner	5160024.123721
cellsize	150.000000
NODATA_value	-32768.000000
[rows 114 to 151 of 163, columns 0 to 83 of 158]
1.01 0.97 0.89 0.85 0.84 0.81 0.76 0.74 0.75 0.77 0.78 0.85 0.88 0.85 0.86 0.83 0.63 0.56 0.64 0.76 0.95 1.24 1.34 1.01 0.78 0.74 0.71 0.61 0.52 0.52 0.74 1.07 1.16 1.03 0.84 0.69 0.65 0.65 0.60 0.56 0.53 0.52 0.52 0.50 0.43 0.39 0.39 0.38 0.35 0.32 0.32 0.34 0.40 0.51 0.62 0.67 0.67 0.70 0.78 0.86 0.85 0.82 0.86 0.91 0.88 0.88 0.94 0.99 0.99 0.93 0.84 0.79 0.76 0.75 0.81 0.88 0.87 0.80 0.77 0.82 0.89 0.83 0.68 0.60
0.99 1.00 0.97 0.92 0.88 0.87 0.84 0.79 0.73 0.71 0.73 0.77 0.84 0.90 0.96 0.90 0.66 0.55 0.56 0.59 0.74 1.03 1.33 1.35 1.14 0.93 0.87 0.84 0.79 0.64 0.67 0.96 1.21 1.19 0.94 0.71 0.62 0.63 0.62 0.59 0.60 0.63 0.64 0.62 0.55 0.50 0.47 0.44 0.39 0.36 0.35 0.36 0.38 0.45 0.56 0.64 0.66 0.66 0.72 0.81 0.84 0.83 0.84 0.90 0.90 0.87 0.91 0.96 0.98 0.97 0.92 0.89 0.85 0.77 0.73 0.83 0.91 0.87 0.78 0.77 0.88 0.89 0.78 0.70
0.93 0.97 0.99 0.95 0.90 0.86 0.85 0.86 0.82 0.76 0.72 0.70 0.74 0.85 0.98 0.97 0.72 0.53 0.51 0.54 0.69 0.91 1.17 1.38 1.41 1.20 0.99 0.93 0.89 0.77 0.77 0.95 1.22 1.32 1.06 0.76 0.67 0.69 0.71 0.68 0.67 0.70 0.70 0.69 0.63 0.54 0.47 0.42 0.42 0.42 0.41 0.41 0.40 0.42 0.50 0.61 0.65 0.64 0.67 0.75 0.80 0.82 0.83 0.87 0.89 0.87 0.88 0.93 0.97 0.98 0.97 0.97 0.98 0.94 0.79 0.74 0.84 0.92 0.85 0.76 0.82 0.87 0.78 0.73
0.88 0.93 0.95 0.93 0.89 0.83 0.80 0.85 0.89 0.88 0.80 0.67 0.65 0.74 0.93 1.02 0.77 0.51 0.51 0.58 0.71 0.86 0.97 1.14 1.36 1.45 1.32 1.15 1.12 0.88 0.76 0.79 1.05 1.35 1.32 1.01 0.86 0.82 0.83 0.83 0.84 0.81 0.76 0.75 0.70 0.59 0.53 0.51 0.51 0.50 0.49 0.46 0.44 0.43 0.48 0.58 0.65 0.65 0.65 0.70 0.74 0.78 0.83 0.88 0.89 0.88 0.88 0.92 0.96 0.98 0.99 1.00 1.05 1.11 1.05 0.87 0.78 0.87 0.91 0.84 0.83 0.85 0.76 0.70
0.86 0.89 0.92 0.92 0.88 0.83 0.77 0.78 0.82 0.88 0.90 0.74 0.59 0.64 0.82 1.05 0.92 0.50 0.49 0.53 0.56 0.63 0.71 0.79 0.97 1.26 1.42 1.42 1.44 1.32 1.00 0.85 1.00 1.26 1.45 1.52 1.40 1.20 1.11 1.08 1.03 0.96 0.87 0.79 0.74 0.69 0.64 0.63 0.60 0.58 0.54 0.50 0.47 0.46 0.47 0.55 0.63 0.66 0.65 0.67 0.70 0.72 0.78 0.87 0.92 0.92 0.92 0.95 0.96 0.97 0.97 0.98 1.03 1.13 1.21 1.13 0.94 0.88 0.92 0.92 0.92 0.90 0.79 0.69
0.88 0.87 0.90 0.92 0.85 0.79 0.75 0.72 0.72 0.75 0.86 0.81 0.59 0.57 0.70 0.97 1.02 0.63 0.42 0.41 0.38 0.39 0.46 0.54 0.62 0.76 0.92 1.05 1.26 1.42 1.34 1.23 1.14 1.12 1.28 1.53 1.64 1.58 1.49 1.44 1.35 1.19 1.04 0.94 0.89 0.84 0.74 0.67 0.63 0.59 0.55 0.51 0.48 0.46 0.46 0.51 0.60 0.64 0.65 0.67 0.68 0.67 0.69 0.76 0.84 0.89 0.90 0.93 0.98 0.97 0.94 0.93 0.96 1.05 1.19 1.28 1.20 1.04 0.96 0.94 0.94 0.93 0.83 0.72
0.88 0.86 0.89 0.94 0.86 0.74 0.70 0.67 0.65 0.65 0.73 0.79 0.61 0.56 0.65 0.88 1.02 0.82 0.46 0.34 0.30 0.27 0.28 0.34 0.40 0.46 0.51 0.59 0.74 0.92 1.08 1.08 0.95 0.94 1.05 1.23 1.43 1.50 1.43 1.45 1.53 1.49 1.35 1.23 1.14 1.05 0.94 0.83 0.74 0.65 0.59 0.54 0.51 0.48 0.47 0.49 0.56 0.61 0.63 0.66 0.67 0.66 0.65 0.65 0.62 0.64 0.65 0.69 0.82 0.92 0.92 0.89 0.88 0.93 1.05 1.24 1.34 1.26 1.12 1.02 0.96 0.93 0.85 0.75
0.85 0.85 0.89 1.00 1.03 0.90 0.83 0.78 0.68 0.59 0.64 0.74 0.61 0.54 0.65 0.85 1.02 0.92 0.60 0.37 0.24 0.20 0.16 0.16 0.21 0.28 0.36 0.43 0.49 0.54 0.60 0.69 0.74 0.80 0.95 1.05 1.09 1.18 1.08 1.06 1.27 1.43 1.42 1.26 1.14 1.08 1.02 0.94 0.83 0.73 0.64 0.57 0.54 0.52 0.49 0.50 0.56 0.60 0.61 0.63 0.64 0.61 0.58 0.58 0.54 0.53 0.48 0.39 0.47 0.71 0.84 0.85 0.83 0.82 0.88 1.05 1.27 1.39 1.35 1.22 1.10 1.01 0.89 0.79
0.81 0.83 0.86 0.95 1.08 1.12 1.12 1.09 0.94 0.68 0.61 0.72 0.59 0.46 0.51 0.68 0.95 1.00 0.70 0.44 0.24 0.14 0.12 0.08 0.06 0.11 0.18 0.26 0.35 0.41 0.45 0.56 0.67 0.72 0.84 0.92 0.90 1.02 0.94 0.79 0.86 1.07 1.28 1.21 1.01 0.91 0.86 0.81 0.77 0.72 0.65 0.59 0.55 0.52 0.50 0.50 0.55 0.60 0.61 0.61 0.59 0.55 0.54 0.56 0.59 0.64 0.61 0.42 0.30 0.39 0.59 0.72 0.77 0.76 0.76 0.84 1.03 1.29 1.45 1.46 1.35 1.18 1.00 0.89
0.72 0.74 0.75 0.76 0.84 0.96 1.06 1.16 1.19 1.00 0.76 0.76 0.59 0.38 0.36 0.45 0.73 1.01 0.89 0.57 0.34 0.18 0.08 0.07 0.07 0.04 0.03 0.09 0.20 0.31 0.38 0.48 0.58 0.63 0.75 0.85 0.82 0.94 0.97 0.77 0.68 0.83 1.13 1.28 1.10 0.89 0.78 0.71 0.70 0.70 0.68 0.63 0.57 0.53 0.50 0.47 0.48 0.52 0.52 0.53 0.56 0.56 0.56 0.58 0.61 0.70 0.76 0.67 0.43 0.28 0.35 0.50 0.61 0.67 0.68 0.68 0.78 1.00 1.26 1.47 1.55 1.47 1.25 1.05
0.70 0.70 0.69 0.66 0.69 0.78 0.87 0.98 1.15 1.15 1.06 0.93 0.58 0.34 0.29 0.30 0.48 0.84 1.02 0.82 0.50 0.29 0.16 0.10 0.06 0.05 0.06 0.08 0.20 0.29 0.36 0.45 0.54 0.57 0.67 0.79 0.76 0.80 0.92 0.81 0.66 0.68 0.89 1.22 1.27 1.06 0.87 0.75 0.71 0.73 0.74 0.70 0.62 0.57 0.53 0.50 0.48 0.51 0.50 0.47 0.52 0.60 0.63 0.64 0.66 0.69 0.76 0.80 0.71 0.44 0.29 0.32 0.38 0.45 0.52 0.55 0.58 0.71 0.94 1.17 1.41 1.58 1.52 1.26
0.70 0.73 0.73 0.69 0.70 0.76 0.81 0.87 1.03 1.12 1.19 1.19 0.81 0.39 0.26 0.23 0.31 0.54 0.85 0.99 0.87 0.53 0.31 0.22 0.19 0.18 0.23 0.37 0.37 0.35 0.37 0.46 0.54 0.52 0.60 0.74 0.71 0.68 0.82 0.81 0.66 0.59 0.67 0.98 1.24 1.18 0.98 0.82 0.75 0.74 0.73 0.71 0.67 0.62 0.57 0.57 0.60 0.65 0.67 0.59 0.58 0.65 0.68 0.69 0.70 0.72 0.73 0.78 0.83 0.72 0.49 0.36 0.33 0.29 0.30 0.35 0.39 0.46 0.60 0.77 0.94 1.27 1.54 1.49
0.65 0.69 0.71 0.67 0.68 0.72 0.77 0.82 0.91 1.01 1.14 1.34 1.19 0.63 0.40 0.29 0.28 0.38 0.56 0.82 0.93 0.85 0.57 0.46 0.56 0.65 0.64 0.57 0.46 0.38 0.40 0.50 0.59 0.53 0.53 0.68 0.70 0.62 0.66 0.71 0.63 0.53 0.55 0.75 1.09 1.20 1.07 0.92 0.82 0.76 0.72 0.68 0.66 0.63 0.59 0.57 0.60 0.68 0.75 0.74 0.70 0.68 0.68 0.68 0.69 0.72 0.73 0.75 0.81 0.84 0.77 0.63 0.48 0.34 0.24 0.20 0.22 0.26 0.33 0.46 0.61 0.86 1.25 1.49
0.62 0.66 0.69 0.64 0.64 0.70 0.77 0.80 0.81 0.88 1.03 1.30 1.42 1.13 0.77 0.48 0.37 0.40 0.49 0.63 0.87 1.06 1.07 1.02 0.97 0.88 0.71 0.51 0.39 0.35 0.37 0.49 0.66 0.67 0.59 0.63 0.67 0.61 0.55 0.58 0.57 0.47 0.43 0.55 0.87 1.12 1.08 0.94 0.84 0.77 0.72 0.69 0.64 0.61 0.58 0.55 0.56 0.62 0.70 0.71 0.69 0.68 0.66 0.65 0.67 0.70 0.72 0.74 0.77 0.81 0.84 0.81 0.68 0.51 0.37 0.24 0.14 0.13 0.20 0.29 0.44 0.64 0.89 1.18
0.62 0.65 0.67 0.63 0.60 0.63 0.71 0.76 0.77 0.79 0.88 1.11 1.40 1.49 1.28 0.77 0.52 0.51 0.59 0.75 0.91 1.01 1.10 1.07 0.95 0.82 0.63 0.44 0.33 0.29 0.30 0.39 0.62 0.76 0.78 0.72 0.65 0.59 0.52 0.50 0.48 0.42 0.35 0.37 0.61 0.97 1.06 0.91 0.81 0.75 0.70 0.69 0.66 0.63 0.60 0.57 0.56 0.59 0.64 0.66 0.66 0.66 0.66 0.66 0.68 0.70 0.71 0.73 0.75 0.77 0.81 0.86 0.81 0.64 0.49 0.36 0.20 0.10 0.10 0.15 0.24 0.42 0.64 0.87
0.60 0.62 0.62 0.57 0.52 0.51 0.54 0.61 0.66 0.68 0.72 0.85 1.07 1.33 1.46 1.35 0.90 0.68 0.70 0.77 0.70 0.60 0.75 0.87 0.82 0.75 0.65 0.49 0.35 0.26 0.23 0.27 0.43 0.64 0.84 0.92 0.80 0.60 0.50 0.47 0.44 0.39 0.31 0.25 0.37 0.74 1.00 0.98 0.89 0.82 0.75 0.70 0.66 0.63 0.60 0.58 0.58 0.60 0.62 0.64 0.65 0.66 0.67 0.67 0.68 0.70 0.71 0.72 0.74 0.76 0.80 0.87 0.91 0.81 0.62 0.49 0.33 0.16 0.09 0.09 0.09 0.14 0.31 0.56
0.61 0.62 0.64 0.58 0.51 0.50 0.49 0.47 0.48 0.50 0.53 0.56 0.63 0.79 1.06 1.31 1.20 0.93 0.75 0.60 0.43 0.39 0.53 0.78 0.89 0.80 0.66 0.57 0.48 0.35 0.24 0.20 0.26 0.45 0.66 0.92 1.03 0.82 0.58 0.51 0.46 0.40 0.34 0.25 0.24 0.44 0.81 0.97 0.95 0.86 0.78 0.73 0.65 0.60 0.58 0.56 0.57 0.60 0.63 0.64 0.64 0.64 0.65 0.66 0.68 0.69 0.70 0.71 0.73 0.76 0.79 0.85 0.92 0.94 0.84 0.68 0.49 0.29 0.17 0.12 0.10 0.08 0.06 0.16
0.63 0.64 0.68 0.66 0.57 0.57 0.59 0.56 0.46 0.36 0.32 0.33 0.37 0.47 0.62 0.85 1.03 0.90 0.64 0.42 0.36 0.35 0.41 0.60 0.88 0.92 0.70 0.61 0.58 0.48 0.36 0.25 0.23 0.32 0.48 0.71 1.01 1.09 0.90 0.69 0.59 0.52 0.46 0.37 0.26 0.29 0.52 0.77 0.88 0.83 0.74 0.70 0.65 0.60 0.57 0.54 0.52 0.56 0.60 0.62 0.61 0.59 0.59 0.63 0.65 0.68 0.70 0.70 0.71 0.74 0.79 0.84 0.89 0.95 0.96 0.89 0.72 0.46 0.33 0.25 0.15 0.08 0.08 0.06
0.62 0.62 0.64 0.67 0.63 0.59 0.64 0.71 0.70 0.50 0.31 0.27 0.30 0.37 0.49 0.61 0.80 0.84 0.58 0.35 0.30 0.32 0.36 0.44 0.68 0.94 0.87 0.61 0.51 0.44 0.36 0.28 0.22 0.24 0.37 0.53 0.76 1.02 1.11 1.03 0.88 0.75 0.66 0.57 0.44 0.32 0.34 0.52 0.72 0.77 0.70 0.66 0.64 0.60 0.58 0.54 0.52 0.53 0.57 0.58 0.59 0.58 0.56 0.59 0.62 0.64 0.67 0.68 0.68 0.71 0.76 0.82 0.88 0.94 0.97 0.96 0.88 0.66 0.52 0.47 0.34 0.14 0.05 0.07
0.62 0.59 0.58 0.63 0.66 0.61 0.58 0.66 0.80 0.82 0.59 0.43 0.38 0.39 0.43 0.52 0.72 0.87 0.86 0.63 0.41 0.36 0.38 0.42 0.54 0.87 0.98 0.72 0.49 0.38 0.31 0.24 0.18 0.18 0.27 0.40 0.54 0.74 0.95 1.06 1.03 0.91 0.83 0.77 0.67 0.52 0.41 0.43 0.58 0.68 0.65 0.61 0.60 0.59 0.58 0.56 0.54 0.55 0.59 0.62 0.64 0.64 0.61 0.60 0.62 0.63 0.64 0.64 0.63 0.66 0.72 0.78 0.83 0.93 1.01 1.01 0.93 0.72 0.56 0.56 0.52 0.32 0.11 0.03
0.66 0.64 0.61 0.63 0.67 0.64 0.57 0.56 0.66 0.85 0.88 0.74 0.67 0.59 0.53 0.54 0.65 0.80 0.93 0.91 0.72 0.48 0.39 0.38 0.44 0.69 0.99 0.99 0.73 0.50 0.39 0.31 0.22 0.16 0.17 0.26 0.40 0.53 0.68 0.85 0.95 0.92 0.86 0.83 0.78 0.69 0.58 0.50 0.55 0.64 0.64 0.60 0.58 0.57 0.56 0.55 0.55 0.56 0.58 0.61 0.64 0.66 0.65 0.63 0.64 0.65 0.64 0.63 0.58 0.56 0.64 0.72 0.78 0.84 0.99 1.09 1.06 0.80 0.54 0.51 0.55 0.47 0.27 0.12
0.67 0.69 0.67 0.66 0.68 0.68 0.63 0.57 0.54 0.62 0.78 0.83 0.79 0.74 0.64 0.53 0.50 0.59 0.70 0.83 0.83 0.62 0.41 0.32 0.33 0.46 0.77 1.04 1.00 0.74 0.56 0.48 0.38 0.23 0.15 0.14 0.24 0.39 0.54 0.69 0.80 0.85 0.82 0.79 0.79 0.76 0.67 0.58 0.58 0.63 0.65 0.62 0.58 0.55 0.54 0.53 0.54 0.56 0.57 0.58 0.61 0.63 0.64 0.65 0.66 0.67 0.67 0.67 0.61 0.50 0.48 0.59 0.70 0.78 0.91 1.11 1.20 1.06 0.68 0.52 0.51 0.47 0.39 0.26
0.62 0.69 0.71 0.65 0.65 0.65 0.64 0.60 0.53 0.47 0.51 0.57 0.61 0.65 0.65 0.49 0.36 0.41 0.50 0.62 0.70 0.62 0.46 0.33 0.28 0.32 0.51 0.82 1.01 0.94 0.75 0.62 0.53 0.40 0.23 0.15 0.16 0.27 0.45 0.59 0.64 0.72 0.78 0.74 0.74 0.73 0.67 0.58 0.56 0.59 0.61 0.60 0.57 0.55 0.53 0.52 0.52 0.55 0.57 0.59 0.62 0.64 0.65 0.66 0.67 0.69 0.69 0.69 0.69 0.56 0.38 0.36 0.48 0.63 0.80 1.04 1.24 1.27 1.06 0.73 0.54 0.46 0.43 0.37
0.53 0.59 0.68 0.66 0.60 0.56 0.54 0.55 0.55 0.50 0.46 0.45 0.47 0.56 0.68 0.57 0.44 0.39 0.41 0.49 0.55 0.51 0.44 0.38 0.29 0.26 0.36 0.59 0.84 0.95 0.85 0.67 0.55 0.47 0.36 0.22 0.17 0.21 0.40 0.55 0.54 0.59 0.70 0.70 0.67 0.67 0.63 0.56 0.54 0.55 0.56 0.56 0.55 0.54 0.52 0.51 0.51 0.55 0.57 0.59 0.62 0.65 0.66 0.66 0.67 0.69 0.69 0.68 0.71 0.67 0.45 0.26 0.22 0.27 0.43 0.73 1.07 1.28 1.33 1.17 0.81 0.55 0.47 0.44
0.48 0.48 0.56 0.64 0.62 0.52 0.44 0.42 0.46 0.52 0.54 0.52 0.48 0.57 0.70 0.72 0.68 0.57 0.45 0.44 0.47 0.41 0.35 0.32 0.26 0.21 0.24 0.41 0.64 0.83 0.91 0.81 0.62 0.50 0.43 0.30 0.20 0.18 0.33 0.53 0.55 0.53 0.60 0.63 0.63 0.64 0.62 0.56 0.53 0.54 0.55 0.55 0.54 0.53 0.51 0.50 0.51 0.54 0.56 0.58 0.60 0.63 0.66 0.67 0.67 0.68 0.69 0.69 0.71 0.73 0.64 0.38 0.19 0.12 0.13 0.30 0.68 1.02 1.24 1.35 1.19 0.77 0.59 0.50
0.54 0.48 0.45 0.56 0.67 0.66 0.51 0.39 0.36 0.41 0.51 0.55 0.54 0.56 0.63 0.69 0.74 0.75 0.70 0.60 0.52 0.41 0.32 0.27 0.21 0.17 0.16 0.26 0.45 0.62 0.80 0.91 0.84 0.64 0.49 0.36 0.25 0.21 0.27 0.48 0.55 0.53 0.54 0.56 0.58 0.61 0.61 0.57 0.54 0.53 0.53 0.54 0.54 0.54 0.53 0.52 0.52 0.54 0.56 0.57 0.59 0.61 0.65 0.68 0.71 0.72 0.72 0.74 0.75 0.77 0.76 0.61 0.35 0.17 0.09 0.10 0.32 0.66 0.91 1.17 1.28 1.09 0.88 0.73
0.62 0.56 0.47 0.46 0.58 0.72 0.73 0.59 0.45 0.40 0.41 0.48 0.53 0.51 0.49 0.53 0.62 0.69 0.73 0.80 0.77 0.58 0.41 0.30 0.22 0.16 0.13 0.16 0.29 0.41 0.54 0.76 0.90 0.83 0.67 0.51 0.39 0.30 0.27 0.40 0.51 0.53 0.53 0.51 0.51 0.55 0.56 0.55 0.54 0.53 0.52 0.51 0.51 0.54 0.56 0.55 0.54 0.54 0.56 0.57 0.58 0.60 0.63 0.67 0.76 0.83 0.85 0.85 0.85 0.86 0.87 0.81 0.58 0.31 0.16 0.09 0.17 0.41 0.63 0.88 1.11 1.11 0.99 0.90
0.64 0.64 0.53 0.40 0.38 0.49 0.70 0.77 0.71 0.62 0.47 0.44 0.47 0.42 0.38 0.41 0.47 0.51 0.54 0.68 0.86 0.88 0.73 0.52 0.36 0.25 0.16 0.12 0.17 0.25 0.34 0.53 0.75 0.87 0.83 0.68 0.54 0.45 0.38 0.40 0.47 0.51 0.52 0.49 0.49 0.51 0.53 0.53 0.53 0.52 0.51 0.48 0.44 0.45 0.51 0.55 0.55 0.56 0.58 0.59 0.60 0.62 0.64 0.67 0.78 0.93 1.03 1.08 1.09 1.10 1.09 1.07 0.91 0.56 0.33 0.22 0.21 0.34 0.48 0.61 0.82 0.93 0.86 0.76
0.59 0.65 0.62 0.41 0.29 0.30 0.40 0.60 0.75 0.77 0.68 0.54 0.44 0.33 0.30 0.32 0.37 0.41 0.41 0.44 0.62 0.85 0.93 0.88 0.73 0.54 0.35 0.20 0.13 0.14 0.19 0.31 0.50 0.71 0.83 0.77 0.64 0.57 0.51 0.46 0.49 0.53 0.53 0.52 0.50 0.50 0.51 0.51 0.52 0.51 0.50 0.49 0.42 0.34 0.36 0.45 0.51 0.55 0.58 0.61 0.63 0.64 0.65 0.66 0.72 0.83 0.97 1.10 1.19 1.26 1.28 1.26 1.21 0.99 0.61 0.45 0.41 0.51 0.59 0.61 0.69 0.83 0.80 0.63
0.55 0.64 0.72 0.57 0.37 0.28 0.25 0.29 0.44 0.61 0.74 0.71 0.45 0.29 0.27 0.29 0.33 0.37 0.35 0.31 0.35 0.49 0.68 0.85 0.88 0.82 0.72 0.52 0.30 0.19 0.17 0.20 0.28 0.47 0.71 0.76 0.67 0.58 0.54 0.51 0.51 0.54 0.55 0.54 0.53 0.51 0.50 0.50 0.51 0.50 0.50 0.50 0.48 0.38 0.31 0.33 0.42 0.49 0.53 0.57 0.61 0.63 0.64 0.62 0.62 0.61 0.63 0.72 0.87 1.06 1.22 1.26 1.26 1.19 0.92 0.68 0.64 0.71 0.82 0.81 0.70 0.78 0.81 0.63
0.59 0.60 0.69 0.74 0.59 0.40 0.27 0.19 0.19 0.27 0.52 0.78 0.59 0.36 0.33 0.32 0.33 0.34 0.32 0.26 0.24 0.27 0.36 0.52 0.64 0.71 0.77 0.77 0.65 0.47 0.33 0.23 0.20 0.29 0.55 0.65 0.61 0.55 0.52 0.51 0.51 0.53 0.54 0.53 0.53 0.51 0.50 0.50 0.50 0.51 0.51 0.51 0.51 0.46 0.36 0.30 0.34 0.43 0.47 0.50 0.55 0.62 0.63 0.59 0.55 0.51 0.47 0.46 0.51 0.65 0.89 1.10 1.21 1.22 1.06 0.86 0.76 0.78 0.92 0.96 0.80 0.80 0.82 0.67
0.66 0.55 0.52 0.69 0.78 0.68 0.49 0.32 0.21 0.17 0.32 0.70 0.74 0.60 0.56 0.50 0.45 0.41 0.34 0.26 0.21 0.20 0.23 0.28 0.35 0.41 0.49 0.64 0.72 0.70 0.59 0.43 0.29 0.28 0.44 0.55 0.54 0.49 0.48 0.49 0.50 0.52 0.52 0.52 0.52 0.51 0.50 0.50 0.51 0.52 0.53 0.52 0.50 0.47 0.38 0.30 0.30 0.37 0.46 0.51 0.55 0.60 0.65 0.64 0.58 0.54 0.50 0.43 0.39 0.41 0.52 0.78 1.11 1.22 1.09 0.90 0.75 0.71 0.89 1.05 0.94 0.87 0.83 0.73
0.77 0.57 0.38 0.49 0.71 0.86 0.85 0.68 0.47 0.29 0.34 0.59 0.71 0.77 0.80 0.78 0.74 0.71 0.62 0.49 0.39 0.30 0.25 0.23 0.23 0.25 0.26 0.31 0.44 0.57 0.65 0.62 0.49 0.38 0.42 0.50 0.50 0.47 0.45 0.46 0.49 0.51 0.52 0.53 0.52 0.51 0.51 0.50 0.51 0.52 0.52 0.52 0.50 0.46 0.41 0.35 0.33 0.37 0.46 0.53 0.55 0.57 0.62 0.67 0.68 0.67 0.65 0.57 0.50 0.47 0.44 0.52 0.86 1.13 1.09 0.94 0.78 0.62 0.70 0.99 1.07 0.99 0.92 0.85
0.89 0.62 0.34 0.31 0.41 0.65 0.85 0.93 0.80 0.54 0.50 0.58 0.64 0.67 0.72 0.78 0.80 0.82 0.84 0.85 0.81 0.71 0.56 0.42 0.29 0.23 0.20 0.19 0.21 0.26 0.39 0.58 0.56 0.45 0.44 0.49 0.50 0.47 0.46 0.46 0.48 0.50 0.52 0.54 0.54 0.53 0.52 0.52 0.52 0.52 0.53 0.54 0.52 0.45 0.39 0.33 0.31 0.34 0.39 0.45 0.49 0.51 0.54 0.60 0.68 0.75 0.79 0.81 0.79 0.77 0.72 0.69 0.82 1.05 1.09 1.01 0.95 0.79 0.69 0.89 1.12 1.16 1.11 0.94
0.97 0.69 0.35 0.25 0.22 0.28 0.46 0.75 0.91 0.79 0.65 0.60 0.57 0.50 0.47 0.53 0.64 0.68 0.68 0.75 0.86 0.90 0.89 0.83 0.67 0.44 0.34 0.30 0.28 0.23 0.26 0.43 0.52 0.48 0.47 0.51 0.52 0.49 0.47 0.47 0.48 0.50 0.51 0.53 0.55 0.56 0.55 0.55 0.55 0.55 0.55 0.57 0.56 0.47 0.36 0.28 0.24 0.26 0.32 0.39 0.44 0.48 0.50 0.52 0.56 0.62 0.71 0.79 0.86 0.91 0.96 0.98 1.06 1.18 1.20 1.12 1.08 1.05 1.01 1.03 1.18 1.37 1.39 1.15
0.95 0.85 0.59 0.39 0.25 0.21 0.28 0.46 0.73 0.79 0.71 0.61 0.55 0.47 0.39 0.37 0.47 0.57 0.55 0.51 0.58 0.71 0.81 0.91 0.93 0.83 0.62 0.50 0.45 0.40 0.34 0.39 0.48 0.49 0.47 0.50 0.52 0.52 0.50 0.49 0.49 0.51 0.51 0.51 0.54 0.55 0.54 0.56 0.57 0.57 0.59 0.61 0.60 0.53 0.41 0.29 0.21 0.19 0.23 0.30 0.39 0.45 0.47 0.48 0.49 0.52 0.57 0.62 0.66 0.69 0.74 0.84 0.97 1.17 1.27 1.18 1.05 1.02 1.00 1.04 1.16 1.34 1.55 1.46
0.78 0.89 0.99 0.80 0.56 0.39 0.32 0.34 0.52 0.64 0.65 0.66 0.61 0.48 0.38 0.31 0.31 0.43 0.52 0.50 0.46 0.48 0.54 0.63 0.81 0.92 0.82 0.58 0.46 0.44 0.38 0.38 0.44 0.47 0.47 0.48 0.50 0.52 0.52 0.51 0.51 0.52 0.53 0.52 0.54 0.55 0.53 0.54 0.57 0.59 0.61 0.66 0.66 0.60 0.48 0.33 0.23 0.18 0.19 0.22 0.28 0.38 0.44 0.46 0.48 0.50 0.51 0.53 0.54 0.53 0.48 0.48 0.59 0.82 1.05 1.12 1.02 0.85 0.74 0.88 1.00 1.09 1.39 1.60
0.52 0.63 0.90 0.98 0.90 0.65 0.38 0.30 0.45 0.53 0.55 0.63 0.69 0.60 0.43 0.31 0.24 0.26 0.37 0.45 0.44 0.41 0.39 0.43 0.56 0.76 0.85 0.65 0.43 0.41 0.41 0.40 0.42 0.46 0.47 0.47 0.48 0.50 0.51 0.53 0.53 0.54 0.54 0.54 0.56 0.59 0.57 0.53 0.55 0.59 0.62 0.68 0.72 0.69 0.57 0.40 0.28 0.21 0.19 0.22 0.24 0.29 0.40 0.45 0.47 0.47 0.49 0.51 0.54 0.57 0.52 0.44 0.44 0.54 0.73 0.96 1.01 0.82 0.67 0.74 0.84 0.88 1.10 1.55
