windninja/windninja_output/Output_2025-08-24_0600-0650_Google earth_Fire_150m_10min/merlingen_7.5mi_point_08-24-2025_0600_150m_ang.asc
ncols	158
nrows	163
xllcorner	391686.332397
yllcorner	5160024.123721
cellsize	150.000000
NODATA_value	-32768.000000
[rows 42 to 83 of 163, columns 0 to 93 of 158]
262 262 259 257 255 253 252 250 248 246 245 244 242 241 240 239 238 237 236 236 235 234 233 232 232 230 230 229 228 229 231 230 228 225 219 217 218 220 218 217 217 217 217 217 215 212 212 214 215 216 222 222 215 212 218 222 221 221 225 229 227 221 220 220 220 220 219 218 216 214 214 216 214 205 205 207 200 192 196 206 212 212 214 217 216 213 211 212 213 213 214 219 225 228
261 260 258 256 254 253 251 249 248 246 245 244 243 241 240 239 238 237 237 236 235 234 233 233 232 231 230 230 229 230 231 230 227 222 217 214 215 216 215 216 219 221 221 220 217 215 218 220 222 223 226 224 217 214 218 223 224 224 226 229 228 224 222 220 219 218 214 213 212 209 207 210 208 203 203 204 199 195 198 205 210 212 214 215 214 213 214 216 218 217 217 218 224 228
259 259 257 256 254 253 250 249 248 246 245 244 243 241 240 239 238 238 237 236 235 234 234 233 232 231 231 230 230 230 230 229 226 222 218 215 217 219 219 220 221 223 224 223 220 219 222 223 223 222 222 221 216 214 218 222 223 224 225 227 226 225 223 221 220 218 215 212 209 206 206 208 208 206 206 206 201 198 202 208 211 210 211 215 216 216 217 220 222 222 221 220 227 231
257 257 256 255 254 252 250 249 248 246 245 244 243 241 240 239 238 238 237 236 235 234 234 233 233 232 231 231 230 229 229 228 226 223 220 219 221 222 223 222 222 224 227 225 219 219 222 223 222 220 221 221 219 218 222 225 225 225 225 224 223 222 220 217 218 218 217 215 210 209 212 214 214 214 213 211 204 200 205 208 207 208 213 220 221 219 218 220 223 225 224 224 230 232
256 256 255 254 253 252 251 249 247 246 245 244 242 241 241 240 239 238 237 237 236 235 234 233 233 233 232 231 231 230 229 229 227 224 222 222 223 223 223 222 223 226 228 224 219 220 222 223 222 221 222 222 222 223 225 226 226 225 224 221 218 217 216 214 216 218 218 217 213 212 217 218 220 220 217 213 206 201 204 207 209 214 222 226 223 220 219 220 222 224 225 227 230 230
254 254 254 252 251 252 251 250 248 246 245 244 242 241 241 240 239 238 238 237 236 235 235 234 234 233 232 231 231 230 230 229 228 226 225 224 224 224 223 223 224 226 227 222 219 222 224 224 223 221 221 222 222 224 223 223 224 223 223 217 213 216 218 218 220 221 220 219 215 214 217 219 222 222 219 215 209 205 207 213 219 223 226 225 222 219 219 219 221 223 224 226 227 227
253 253 252 251 250 251 252 250 248 247 246 244 243 242 241 240 240 239 238 237 236 235 235 235 234 233 232 232 231 231 230 230 229 228 226 225 225 226 225 225 226 227 226 221 219 223 225 224 222 220 220 222 224 226 223 222 223 222 219 213 211 218 222 224 225 225 221 219 216 216 219 220 222 221 219 216 212 210 213 219 223 224 223 220 217 216 217 217 218 219 222 226 227 225
252 252 250 249 249 251 251 251 249 247 246 244 243 242 241 241 240 239 238 237 236 236 235 235 234 234 233 232 231 231 230 230 229 228 227 225 225 226 225 225 227 228 226 221 222 226 226 224 222 219 218 221 224 223 221 221 222 220 216 212 213 219 226 228 228 224 221 218 217 218 219 220 220 220 218 215 212 211 213 217 220 220 219 217 215 214 214 213 214 216 220 225 227 226
252 251 249 247 249 250 250 250 249 248 246 244 243 242 241 241 240 239 238 237 237 236 235 235 234 234 233 232 232 231 231 230 229 229 228 226 226 226 225 225 226 227 224 222 225 229 228 225 224 222 221 223 223 219 218 219 219 218 216 215 218 223 230 233 228 222 220 218 218 219 220 221 221 219 217 214 211 210 212 216 218 218 217 216 214 213 211 211 214 217 220 225 227 227
252 251 248 247 249 249 248 248 248 248 246 244 243 242 241 241 240 239 238 238 237 236 235 235 235 234 233 232 232 232 231 230 230 229 228 228 228 228 227 225 225 227 225 222 226 229 227 224 225 225 223 224 223 220 219 220 221 219 218 218 222 226 233 235 228 221 219 217 218 219 220 221 220 218 216 214 211 210 212 216 218 219 220 218 215 213 213 215 218 220 221 224 228 229
252 251 248 248 250 249 247 247 247 246 245 244 243 242 242 241 240 239 239 238 237 237 236 235 235 234 233 233 232 232 231 231 230 230 229 229 229 228 227 225 225 228 226 223 225 228 225 221 222 220 216 217 219 219 221 224 223 221 220 221 223 226 234 235 226 219 216 215 217 219 219 218 217 216 216 215 213 212 213 216 217 220 223 222 220 218 218 219 221 222 223 225 226 227
250 249 248 248 249 248 246 246 246 246 245 245 244 243 242 241 241 240 239 239 238 237 236 236 235 234 234 233 233 232 232 231 231 230 230 229 229 228 228 226 225 228 227 223 223 225 222 216 216 215 213 214 217 219 224 226 223 220 221 223 224 227 234 233 223 215 213 213 216 217 216 214 214 215 216 216 214 215 217 218 218 219 221 221 222 223 222 220 221 223 224 224 222 221
246 247 247 248 249 247 245 245 245 245 245 245 244 243 242 241 240 240 239 238 238 237 237 236 235 235 234 233 233 232 232 231 231 231 230 230 229 229 228 227 226 229 228 225 224 224 219 214 214 214 214 218 219 222 227 227 220 218 220 222 223 227 232 230 220 212 208 208 212 213 212 212 215 217 217 216 215 216 219 217 215 217 218 217 218 221 222 222 222 222 222 221 218 216
244 245 247 249 251 249 246 245 244 244 245 245 245 244 243 242 241 240 239 238 238 237 237 236 235 235 234 234 233 233 232 232 231 231 231 230 230 229 229 228 229 231 231 229 226 223 219 214 214 213 214 219 220 223 229 225 216 216 219 221 222 225 228 226 218 210 206 206 210 212 213 215 217 217 216 215 214 216 217 214 212 214 215 215 215 217 217 218 220 222 224 222 217 215
245 246 245 246 249 251 250 247 245 244 244 244 246 246 244 242 242 241 240 239 238 238 237 237 236 235 235 234 234 233 233 232 232 231 231 230 230 229 229 229 229 231 231 228 225 222 218 215 214 212 213 220 221 225 230 224 214 216 219 220 221 224 227 226 219 210 207 207 212 216 216 217 216 215 215 213 213 214 214 212 211 213 215 215 215 216 215 216 217 221 227 226 217 209
245 245 245 244 244 246 248 248 247 246 243 241 243 245 244 243 242 241 240 239 239 238 237 237 236 235 235 234 234 233 233 232 232 232 231 231 230 230 229 229 229 229 229 227 225 223 221 218 216 211 212 221 224 228 231 221 212 215 218 219 221 224 227 227 220 211 207 209 213 216 216 215 214 213 213 211 211 212 211 210 210 212 214 216 218 219 220 219 218 219 221 217 204 202
245 244 244 244 243 243 245 246 247 248 244 240 240 243 245 245 244 242 241 240 239 239 238 237 236 235 235 235 234 234 233 233 232 232 231 231 231 230 230 229 229 229 228 228 227 226 225 223 220 213 212 222 226 229 229 220 212 216 219 220 221 224 226 226 221 213 207 207 209 212 212 213 213 212 211 209 209 209 208 208 209 212 215 217 220 222 223 222 219 216 213 208 201 204
244 243 244 244 245 244 244 245 247 249 247 242 240 241 243 245 245 243 242 240 239 239 238 238 236 236 235 235 234 234 234 233 233 232 232 231 231 230 230 230 229 229 228 228 227 227 226 225 222 216 212 220 227 229 228 220 215 219 222 222 222 224 226 226 222 215 208 204 206 211 212 212 212 211 209 208 209 208 208 209 210 213 215 216 218 220 221 220 216 212 210 210 209 213
243 243 243 244 244 245 246 246 247 248 247 244 241 240 240 241 243 244 243 241 240 239 238 237 236 236 236 235 235 234 234 233 233 232 232 232 231 231 230 230 229 229 228 228 227 227 226 225 223 218 212 218 228 230 227 221 219 223 224 224 224 225 226 226 223 217 209 203 207 213 213 211 211 210 207 207 209 209 210 211 212 214 216 216 217 218 218 217 214 212 212 213 214 218
243 243 243 243 244 244 245 247 247 246 245 243 242 241 239 239 240 242 243 242 241 240 239 237 237 237 236 236 235 235 234 234 233 233 232 232 231 231 231 230 230 229 229 228 228 227 226 225 224 221 216 220 232 233 228 224 225 227 227 226 226 226 227 226 223 218 211 205 209 213 212 211 210 209 207 207 209 210 211 212 213 215 218 219 219 218 217 214 213 213 211 214 218 220
243 243 244 244 244 244 245 246 246 246 245 245 244 243 240 238 238 239 241 242 242 241 239 238 237 237 237 236 236 235 234 234 233 233 233 232 232 231 231 230 230 229 229 228 228 227 227 226 225 224 220 221 231 233 228 227 230 231 229 228 227 226 225 224 222 219 212 208 210 211 210 210 211 208 206 207 210 211 211 212 214 216 219 221 221 220 219 215 214 214 213 219 223 223
245 245 246 246 245 245 245 245 245 245 245 245 245 244 242 240 238 238 238 239 241 241 240 239 237 237 237 236 236 235 235 234 234 233 233 232 232 231 231 231 230 230 229 229 228 228 227 227 226 225 223 221 227 229 223 225 231 232 229 226 223 221 222 224 226 223 215 211 210 210 209 210 210 207 205 207 209 210 209 211 213 215 218 220 219 219 218 215 215 217 219 223 225 225
246 246 247 247 247 247 247 247 246 245 245 245 245 243 242 242 240 237 236 237 239 240 240 240 238 237 238 237 236 236 235 234 234 234 233 233 232 232 231 231 230 230 230 229 229 228 228 227 227 226 225 224 227 228 221 223 230 230 228 224 220 220 225 231 234 228 217 211 209 208 208 209 210 207 204 206 207 206 206 208 212 214 216 217 217 218 217 216 217 218 220 223 224 227
245 244 245 246 246 247 247 247 248 247 246 247 246 243 242 243 242 238 236 236 237 237 239 240 239 239 238 237 236 236 235 235 234 234 233 233 232 232 232 231 231 230 230 229 229 229 228 228 228 227 227 227 228 230 224 223 229 229 227 224 221 221 227 230 227 220 212 208 207 207 208 210 210 207 204 203 203 203 203 208 213 215 215 215 216 218 218 217 217 217 220 223 226 229
239 240 242 244 246 247 245 244 245 246 247 246 245 244 243 242 242 241 239 237 235 234 236 238 238 239 239 237 236 236 235 235 235 234 234 233 233 232 232 231 231 231 230 230 229 229 229 228 228 228 228 228 229 230 229 228 232 232 229 226 220 215 219 221 219 214 210 207 207 208 208 211 211 206 203 201 201 202 203 208 212 212 210 208 212 218 219 217 218 219 220 223 226 230
230 233 236 238 242 245 243 240 243 245 247 245 243 242 243 243 242 242 241 239 236 233 234 235 236 238 239 239 239 238 236 235 235 234 234 233 233 233 232 232 231 231 230 230 230 229 229 229 229 229 228 229 229 230 231 234 239 240 237 231 219 211 215 218 218 215 212 210 209 208 208 210 211 205 202 201 200 200 201 203 205 205 204 203 212 223 223 219 220 221 221 223 228 231
219 227 231 231 234 236 233 232 239 244 245 243 242 241 240 241 242 242 241 241 239 236 234 233 233 234 236 240 241 240 238 237 236 235 234 234 233 233 232 232 231 231 231 230 230 230 229 229 229 229 229 229 229 230 231 233 238 242 242 236 225 217 219 221 219 216 214 211 209 208 208 211 211 206 202 202 200 198 197 200 201 203 206 211 226 234 227 220 221 221 223 226 230 231
222 232 238 235 235 234 228 226 233 237 236 233 233 234 233 234 238 241 242 241 240 239 238 236 232 230 235 240 241 241 240 238 237 236 235 234 234 233 233 232 232 231 231 231 230 230 230 230 229 229 229 229 229 229 230 231 233 235 237 236 231 226 227 226 223 219 216 213 210 208 209 212 211 205 202 203 201 197 195 198 203 208 216 225 238 238 225 220 221 222 223 226 228 229
235 243 253 254 251 245 237 232 237 239 234 230 230 229 229 230 232 236 239 240 240 240 240 239 234 230 234 238 238 239 240 240 238 237 235 235 234 233 233 232 232 232 231 231 231 230 230 230 230 229 229 229 229 229 229 230 230 231 232 232 231 230 233 235 233 228 223 218 213 210 210 213 211 204 202 204 202 198 195 199 207 217 225 233 240 234 222 220 222 223 223 223 224 224
240 244 253 259 260 257 252 251 254 250 243 240 239 237 235 233 233 234 235 235 238 240 241 240 234 229 232 235 234 235 236 238 239 238 237 235 234 234 233 233 232 232 232 231 231 231 230 230 230 230 229 229 229 229 229 229 229 229 229 229 229 229 231 233 234 235 233 229 222 215 212 214 212 205 203 205 203 198 196 203 214 223 229 238 238 226 219 220 223 224 223 222 221 218
244 246 251 254 256 256 256 258 261 256 250 249 249 246 244 241 239 237 235 234 234 236 238 237 233 229 233 235 234 233 234 235 237 238 237 236 235 234 234 233 233 232 232 231 231 231 231 230 230 230 230 229 229 229 229 229 229 229 228 228 228 228 228 228 229 229 230 231 229 224 220 220 217 210 207 207 206 202 200 208 218 226 232 237 232 219 216 220 225 225 222 222 223 220
247 249 252 253 254 255 255 257 258 255 250 249 248 247 246 245 244 242 240 237 235 235 235 234 232 230 234 236 235 234 233 233 235 236 236 236 236 235 234 233 233 232 232 232 231 231 231 231 230 230 230 230 229 229 229 229 229 228 228 228 227 227 227 227 226 226 225 226 227 228 230 232 227 216 212 210 209 206 203 210 219 226 231 232 224 218 218 222 225 223 219 220 222 223
250 252 255 256 257 257 257 256 255 253 251 249 247 246 245 244 244 243 242 241 240 238 237 236 233 231 233 235 236 235 234 233 233 233 233 233 234 235 234 234 233 232 232 232 232 231 231 231 231 230 230 230 229 229 229 229 228 228 228 227 227 227 226 226 225 224 224 224 224 225 225 226 224 215 210 209 207 206 205 210 218 223 227 226 220 219 221 222 224 222 218 214 212 209
252 254 258 260 261 261 261 258 256 253 252 251 249 247 246 245 243 243 242 242 241 241 240 238 236 233 234 236 236 235 235 234 234 234 234 233 234 235 234 234 233 233 232 232 232 232 231 231 231 231 230 230 230 229 229 229 228 228 228 227 227 227 226 225 225 224 224 223 223 222 221 219 217 211 206 206 204 203 204 209 216 221 225 223 220 219 221 222 223 224 223 213 204 205
253 255 259 263 266 267 265 262 259 256 253 252 250 248 247 246 244 243 242 241 241 240 240 239 237 235 236 238 237 236 235 235 235 237 237 236 235 235 235 233 233 233 233 232 232 232 232 231 231 231 230 230 230 229 229 229 228 228 228 227 227 226 226 225 225 224 224 223 222 221 220 218 216 212 207 205 201 199 201 209 217 223 227 226 226 225 225 227 228 231 229 215 205 209
255 256 258 263 270 273 271 267 263 259 256 252 250 249 248 247 245 244 243 242 241 240 240 239 236 235 238 240 240 238 237 236 236 236 237 236 235 236 235 234 233 233 233 232 232 232 232 232 232 231 231 231 230 230 229 229 228 228 228 227 227 226 226 225 225 224 224 223 222 221 220 218 217 214 210 205 199 194 199 213 222 226 229 231 232 234 235 233 231 226 215 203 201 209
258 256 253 260 273 279 278 273 268 263 257 252 250 249 248 247 246 244 243 242 241 241 240 239 235 234 238 240 240 238 236 236 235 234 235 234 233 234 235 235 234 233 233 233 233 233 233 233 232 232 231 231 230 230 229 229 229 228 228 227 227 226 226 226 225 225 224 223 222 221 220 219 218 215 212 207 200 192 197 216 225 224 226 228 225 224 226 223 216 210 205 201 202 209
256 253 247 252 267 279 282 277 271 265 257 252 250 249 247 246 246 245 243 242 242 241 241 239 234 234 236 238 238 236 235 235 234 235 236 235 232 232 234 236 235 234 234 234 234 234 234 234 234 233 233 232 231 230 229 229 228 228 228 227 227 227 226 226 225 225 224 223 222 221 220 219 218 216 213 210 203 195 197 214 222 219 217 216 214 214 215 212 208 206 205 207 208 210
249 246 241 244 252 261 270 265 262 259 252 249 248 248 247 246 245 245 243 242 242 242 241 239 235 235 237 237 236 235 234 235 234 234 234 234 232 231 232 234 234 234 236 237 236 236 236 236 236 236 234 233 231 230 230 229 229 228 228 227 227 227 226 226 225 225 224 223 222 222 220 219 218 217 214 211 207 200 199 207 211 210 209 209 210 212 212 208 207 209 210 212 213 211
246 247 247 248 255 255 243 235 241 242 242 243 246 247 246 246 246 245 243 243 242 242 241 239 236 236 239 239 237 235 234 235 234 233 233 232 231 231 231 232 231 231 234 237 240 241 241 241 243 243 239 235 232 230 230 229 229 228 228 228 227 227 226 226 225 225 224 224 223 222 221 219 219 217 215 213 209 204 200 199 198 201 206 209 211 213 211 207 207 211 212 214 215 213
257 256 255 258 258 249 236 230 231 233 234 239 244 245 245 246 245 245 244 244 244 243 242 240 236 237 240 239 237 236 236 237 238 238 237 234 232 231 232 231 229 228 229 231 234 235 236 236 237 238 238 236 233 231 230 229 229 228 228 228 227 227 227 226 226 225 224 224 223 222 221 220 219 218 216 214 210 206 201 194 189 194 205 210 211 211 209 207 208 211 213 214 215 214
255 252 249 252 249 242 237 233 232 234 236 240 244 245 246 246 246 246 246 246 245 244 243 241 237 237 239 238 237 237 237 237 238 240 241 240 237 235 233 232 230 228 227 226 226 226 225 225 226 227 226 227 229 228 228 229 229 229 228 228 228 227 227 226 226 225 225 224 223 222 221 220 219 218 217 215 211 207 202 195 185 188 200 206 210 211 211 210 210 212 215 216 217 216
