windninja/windninja_output/Output_2025-08-24_0600-0650_Google earth_Fire_150m_10min/merlingen_7.5mi_point_08-24-2025_0620_150m_ang.asc
ncols	158
nrows	163
xllcorner	391686.332397
yllcorner	5160024.123721
cellsize	150.000000
NODATA_value	-32768.000000
[rows 0 to 41 of 163, columns 0 to 93 of 158]
216 215 214 211 210 211 210 208 208 209 208 206 205 207 212 219 226 226 225 226 220 207 205 208 212 215 215 212 211 212 213 214 216 216 215 219 223 225 226 224 221 221 222 224 225 226 230 229 220 215 213 212 213 214 215 217 218 219 220 220 218 218 218 217 215 214 215 219 222 222 221 221 221 220 219 220 222 225 227 225 224 223 224 228 230 229 225 225 227 225 224 225 224 223
216 215 213 211 211 212 211 211 212 211 208 205 202 205 211 217 219 217 217 218 213 203 203 208 213 215 213 211 212 214 214 215 216 215 216 219 220 220 220 219 218 218 219 219 220 220 222 221 217 215 216 216 217 218 218 218 218 218 219 219 218 218 218 217 215 215 217 220 222 222 221 220 220 219 220 221 222 224 225 223 223 223 225 227 229 228 225 225 227 226 226 227 226 225
213 213 211 210 212 212 212 213 212 209 204 200 199 203 209 214 213 210 211 212 208 201 198 206 213 214 212 211 213 215 217 217 216 216 216 216 216 215 215 214 214 215 215 215 215 214 214 214 213 214 215 217 219 220 220 218 217 217 218 218 217 217 217 217 216 217 219 222 223 222 219 219 220 220 220 220 220 223 223 221 219 222 225 225 226 226 221 222 224 226 227 228 226 225
206 209 209 208 210 209 208 207 205 202 199 196 198 202 208 213 212 210 211 211 209 204 198 201 210 212 211 210 210 212 214 216 216 215 214 214 215 215 215 213 212 211 212 212 212 212 212 212 212 211 212 213 215 217 217 217 217 218 218 218 217 216 216 217 217 217 219 222 224 222 219 220 221 221 222 221 220 223 224 221 217 220 224 223 225 225 218 217 219 220 221 223 222 220
199 205 208 208 209 206 203 203 202 202 201 197 197 201 207 212 214 213 214 214 213 208 201 197 204 207 208 208 207 208 209 211 213 212 212 213 214 214 213 211 209 208 209 210 210 211 212 212 212 212 213 213 215 216 217 218 218 219 218 218 218 217 217 218 217 217 219 222 224 222 221 222 222 222 222 223 224 226 225 222 219 221 224 222 224 226 219 214 214 214 215 218 217 214
199 202 206 207 207 205 203 204 204 204 203 199 197 201 208 213 216 217 217 218 217 214 205 196 199 204 206 207 207 206 207 209 210 210 210 210 210 209 209 208 207 207 209 210 211 213 213 214 214 214 215 215 216 218 219 219 219 219 218 218 218 217 217 217 218 218 218 222 224 221 220 223 223 221 220 221 224 225 225 223 223 224 225 224 224 226 223 218 216 214 213 214 212 209
203 203 204 206 206 205 205 206 206 205 203 200 197 201 210 214 216 217 217 216 217 216 209 198 196 203 207 208 208 207 207 209 209 209 209 208 207 207 207 208 208 210 212 214 215 216 216 216 216 215 215 216 217 217 219 220 220 219 218 217 216 214 215 216 217 217 218 221 222 219 218 220 220 218 216 218 221 222 221 221 223 224 223 224 225 227 227 224 222 218 216 216 215 212
204 204 204 204 206 208 209 209 208 206 202 199 196 201 210 214 215 216 216 215 215 216 212 203 196 199 205 207 207 208 209 210 211 211 211 210 209 209 211 212 213 214 216 217 218 218 218 218 217 216 216 217 216 217 219 220 219 218 217 215 213 212 212 214 216 217 218 221 221 218 217 219 219 217 216 218 222 223 219 219 225 225 221 221 223 224 225 224 223 221 221 223 224 222
203 204 205 205 207 210 212 212 209 206 202 198 194 198 208 213 213 214 215 215 215 216 213 207 199 195 200 205 206 208 212 212 212 214 215 215 215 215 216 218 219 219 220 220 220 219 219 219 218 216 217 218 217 218 220 220 217 217 216 215 215 214 213 215 217 218 219 219 219 217 218 222 222 220 219 220 223 223 220 222 227 227 221 217 217 217 218 218 215 211 211 214 217 217
203 205 206 206 207 209 211 210 208 205 202 199 194 197 207 213 213 213 213 214 214 214 213 208 203 196 196 203 206 208 212 213 212 215 217 218 218 219 220 221 222 221 221 221 221 221 220 221 219 216 218 220 218 219 221 221 219 218 219 220 221 220 218 219 222 222 220 218 217 218 222 225 224 223 222 223 225 224 219 220 224 224 221 216 216 216 215 215 210 207 208 209 210 209
204 205 206 207 207 207 208 208 207 205 203 201 196 197 205 212 214 213 212 212 213 213 212 209 205 200 197 202 206 208 212 214 214 218 220 221 220 220 221 221 221 221 221 221 223 224 222 223 223 221 223 224 221 223 226 227 227 228 229 228 229 229 227 227 229 227 225 222 219 222 225 225 223 222 222 224 227 225 218 217 219 220 220 218 219 217 216 218 214 210 213 215 213 211
204 204 206 207 207 207 207 207 206 205 204 202 199 198 204 211 213 213 212 212 213 214 213 211 208 205 202 204 209 212 216 218 219 221 223 223 223 222 222 221 221 222 222 222 224 225 225 227 230 231 234 235 235 237 240 241 239 239 239 240 242 244 242 241 241 238 234 229 223 224 225 224 222 220 219 220 220 219 215 213 216 218 217 216 214 212 214 220 217 210 217 223 220 215
204 205 205 206 206 206 207 207 207 206 205 204 201 200 205 212 213 213 213 213 214 215 216 215 213 212 210 210 213 216 218 220 220 221 223 225 225 224 223 222 223 223 222 222 224 225 226 230 236 241 244 247 250 254 257 256 251 246 245 248 252 254 257 262 263 257 250 240 228 225 225 224 223 218 213 212 213 214 212 210 213 216 216 215 214 211 214 220 215 208 217 225 223 218
205 205 205 206 206 206 207 207 207 206 206 205 203 202 207 214 217 214 214 215 215 216 218 220 219 217 214 213 214 216 219 221 222 222 223 224 224 224 224 223 225 227 228 231 234 234 231 230 234 240 244 246 249 253 259 263 261 253 245 244 247 248 249 255 261 264 263 260 248 232 226 225 223 217 211 211 215 217 216 214 215 216 216 218 219 216 219 223 219 214 221 230 229 227
205 205 205 205 206 206 207 207 207 207 206 205 203 201 206 213 216 214 214 218 219 220 221 222 221 218 214 214 215 217 220 223 223 222 221 222 223 225 227 230 234 237 241 245 246 243 240 232 229 231 235 237 237 240 243 248 249 243 233 233 235 235 234 233 235 242 246 252 260 254 231 226 224 219 215 217 222 224 225 225 223 220 221 224 224 223 226 228 226 224 233 242 242 242
205 205 205 205 206 207 207 207 208 207 206 206 203 200 202 210 213 213 213 217 219 219 220 220 220 218 214 214 216 216 218 218 217 218 221 226 231 234 236 239 243 242 241 241 238 235 235 234 230 228 228 225 222 222 224 226 228 224 219 225 229 229 227 223 223 227 229 232 237 241 238 234 229 224 221 221 224 227 229 230 227 225 228 231 231 232 234 236 234 234 239 246 246 246
205 205 205 206 206 206 207 207 208 207 207 206 205 201 201 209 213 213 213 214 216 217 217 218 218 217 214 214 215 215 216 218 219 224 231 237 242 242 240 238 236 232 230 230 228 226 227 228 227 226 224 220 217 217 219 221 223 220 214 219 225 227 226 220 220 225 226 226 227 225 226 241 242 232 224 223 224 226 228 228 227 227 232 236 239 242 243 244 245 241 236 237 238 239
204 205 205 205 206 206 207 207 207 207 207 207 206 204 203 210 215 216 215 215 216 217 218 218 219 219 217 215 215 217 220 223 225 229 232 234 234 232 229 228 227 226 227 228 227 226 225 222 220 221 221 220 219 220 221 222 222 219 213 216 223 225 223 219 219 224 225 225 225 224 222 222 230 233 228 225 223 225 230 232 233 235 237 239 242 245 246 244 245 244 238 235 233 234
204 204 205 205 206 206 207 207 207 207 208 208 207 207 207 210 216 218 219 219 220 219 219 220 222 222 220 219 220 223 225 225 225 225 227 228 228 227 226 226 227 227 228 227 227 226 224 220 219 221 222 222 222 221 221 220 220 219 216 217 222 225 222 219 219 222 225 226 225 224 220 214 216 223 225 228 232 238 243 245 245 246 244 239 236 236 235 236 239 240 238 235 234 234
205 205 205 205 206 206 207 207 207 207 208 209 208 208 209 212 216 219 220 221 220 219 219 219 220 221 220 220 221 223 224 223 224 226 229 231 230 228 225 225 224 223 224 224 223 223 223 220 221 225 225 224 223 220 218 217 218 219 219 220 223 227 225 222 222 224 227 226 222 220 216 212 214 218 217 220 231 243 248 247 246 245 241 234 231 231 231 232 236 238 233 227 232 234
205 204 204 205 205 206 207 207 208 208 208 209 209 209 210 212 215 217 218 218 217 217 217 217 218 219 220 220 221 221 220 220 222 224 225 225 224 221 218 218 219 220 222 222 222 223 223 222 222 224 225 224 222 219 219 218 218 219 221 222 223 227 227 224 223 224 223 222 220 218 215 214 217 220 217 213 216 224 231 236 238 236 234 231 229 230 231 232 235 237 231 222 228 234
204 204 204 205 205 206 207 207 208 208 208 209 210 210 211 212 213 215 215 216 216 216 216 217 217 219 219 220 220 220 218 216 218 219 217 217 218 217 216 217 219 220 221 222 223 225 225 223 221 221 223 222 221 220 220 221 221 220 221 222 222 225 227 223 222 222 219 219 220 218 217 217 220 223 220 210 209 215 222 227 230 231 232 231 226 227 228 230 235 235 227 217 221 230
204 204 204 205 205 206 206 207 208 208 208 209 210 210 211 211 212 213 214 214 215 215 216 216 216 217 218 219 219 219 216 213 214 217 217 219 220 221 220 220 220 220 221 223 225 225 222 220 219 220 222 222 222 222 220 219 220 220 219 221 222 225 227 223 220 217 215 217 219 219 218 218 221 224 219 207 202 210 217 222 225 225 228 229 225 224 224 226 231 231 224 213 216 227
204 204 204 205 205 206 207 208 208 209 208 208 210 210 210 211 212 213 213 213 214 214 214 215 215 217 218 220 221 220 217 213 215 219 221 224 225 225 224 221 220 219 220 222 223 221 219 219 220 220 222 223 222 222 220 218 219 219 217 219 222 225 228 224 219 215 215 219 221 221 221 221 224 223 217 207 202 209 216 220 222 223 225 227 225 224 222 226 230 231 224 213 217 228
204 204 204 205 205 206 207 208 208 209 209 209 210 210 210 211 211 212 213 213 213 214 214 214 215 216 218 221 225 224 219 216 218 221 223 224 225 226 225 222 219 218 218 219 220 219 218 221 222 222 223 223 222 221 220 218 218 219 217 218 223 226 227 225 220 219 221 224 226 227 226 225 225 222 217 212 210 213 217 219 221 221 221 222 224 225 224 228 233 233 223 212 219 228
204 204 204 205 206 206 206 207 208 209 209 209 210 210 211 211 211 212 213 213 213 214 214 214 214 214 216 220 225 225 222 220 219 219 220 221 222 225 225 222 219 217 216 219 220 219 220 222 222 222 222 224 224 223 221 217 217 218 220 221 224 226 225 222 218 218 220 222 225 228 229 228 225 221 215 212 217 221 217 215 218 218 217 218 221 221 219 222 231 233 221 209 216 225
204 204 204 205 205 206 206 207 208 209 209 209 210 210 211 211 212 212 213 213 213 213 213 212 212 211 212 218 223 224 223 223 223 221 220 219 220 223 224 220 217 216 216 219 220 217 218 220 221 220 220 223 225 224 220 214 214 218 221 221 223 227 226 222 220 219 218 218 221 225 228 228 224 220 212 208 217 224 219 211 215 217 216 216 219 219 215 216 226 229 219 206 212 221
203 204 204 205 205 206 206 207 208 209 209 210 210 211 211 212 212 212 212 213 212 212 211 211 210 209 209 215 220 220 222 224 225 224 222 220 219 223 224 220 216 216 215 216 216 212 213 217 220 218 216 218 220 220 217 209 209 215 218 217 222 228 228 226 225 223 219 217 219 224 228 227 222 217 209 204 214 223 222 212 214 217 217 218 220 220 216 217 224 227 220 208 209 218
203 203 204 205 206 206 206 208 208 209 210 210 211 211 211 211 212 212 212 212 212 211 211 210 208 206 206 210 214 215 219 222 222 221 219 215 214 219 222 217 212 212 212 212 211 209 210 214 218 216 211 214 217 218 216 205 201 211 217 219 223 226 224 222 223 222 218 216 220 225 228 225 219 215 209 206 214 225 227 221 215 215 218 222 226 226 223 223 226 226 222 215 211 217
203 203 204 205 206 206 207 208 209 209 210 211 211 211 211 211 211 211 211 212 212 212 211 209 207 204 203 206 209 210 213 218 219 218 212 204 204 212 216 211 207 207 207 209 208 206 209 211 213 211 207 209 214 216 215 205 199 209 220 226 229 227 225 222 223 223 217 215 224 229 230 225 220 217 211 208 214 225 230 230 223 215 220 227 231 230 228 227 227 226 224 221 218 219
204 203 204 205 206 207 207 208 209 209 210 211 211 211 212 211 211 211 211 212 212 211 210 209 206 203 202 205 208 210 215 218 218 215 208 198 199 207 211 208 205 205 205 208 207 205 207 208 210 210 208 210 214 218 217 209 206 215 225 232 232 229 228 227 227 225 217 217 229 236 235 230 226 220 210 208 211 220 228 231 226 216 219 227 228 226 225 225 226 225 225 225 226 229
204 203 204 205 207 207 207 208 209 209 210 211 211 212 212 212 211 211 211 211 211 210 210 208 206 203 202 204 207 213 219 220 217 216 210 199 199 207 209 208 207 208 209 212 211 209 210 212 215 217 217 218 219 223 221 212 212 221 230 237 233 225 224 227 230 226 217 218 231 238 236 230 226 218 208 207 209 215 224 228 226 217 217 225 228 229 229 230 230 231 230 230 231 236
204 204 204 205 207 207 207 208 209 210 210 211 211 211 212 212 212 212 211 211 211 210 209 208 206 203 202 201 203 206 211 213 215 219 216 202 199 208 211 212 214 213 213 215 215 214 217 219 221 223 225 225 225 226 223 214 213 221 229 237 234 223 217 222 228 228 217 216 228 234 230 222 219 212 206 206 207 212 221 227 225 219 220 225 229 234 236 235 235 235 236 235 234 237
204 204 205 206 207 208 208 209 210 210 210 211 211 212 212 212 212 212 211 211 211 210 208 207 206 204 201 199 198 200 206 211 214 220 220 204 196 209 213 214 216 215 215 218 218 220 223 224 225 227 228 227 228 229 226 220 217 221 227 232 231 219 209 215 225 227 221 217 226 230 223 217 215 211 206 204 204 208 216 223 223 220 222 225 225 226 231 231 230 231 232 234 236 238
203 204 205 206 207 208 208 209 210 211 210 211 212 212 212 212 212 212 212 211 211 210 208 207 206 204 202 199 197 200 208 214 216 219 218 208 197 207 214 214 216 218 220 223 225 227 229 228 229 230 230 230 231 231 230 228 225 226 229 232 229 218 205 210 222 227 226 223 226 228 222 218 217 213 209 206 205 208 215 220 221 219 221 225 223 221 225 227 225 225 227 229 232 236
203 204 205 206 207 207 208 209 210 211 211 211 212 212 212 212 212 212 212 211 211 210 209 208 207 205 203 201 200 204 211 214 214 216 216 211 204 208 215 217 220 223 225 226 227 229 229 228 228 228 228 229 229 228 227 227 228 230 233 236 234 224 208 206 218 225 227 225 226 228 225 224 222 218 214 209 208 215 223 225 223 220 221 226 228 222 222 224 222 221 223 225 230 235
204 204 205 207 208 209 209 209 210 211 211 212 212 212 213 212 212 212 212 211 211 211 210 209 207 205 203 201 203 207 208 208 211 215 218 216 211 212 219 224 225 226 226 226 226 227 225 225 226 226 227 226 224 224 223 223 225 227 230 234 236 229 214 205 213 222 226 226 226 226 227 231 230 224 216 211 210 217 226 230 227 224 224 227 231 228 220 220 220 219 220 224 229 235
204 204 206 208 209 210 210 210 211 212 212 212 212 212 212 212 212 212 212 212 212 211 210 209 208 205 203 201 201 203 203 205 211 218 222 219 216 219 224 226 225 226 225 224 225 225 223 222 223 225 226 223 221 222 223 222 221 223 225 229 231 228 218 207 210 221 229 231 228 223 224 228 228 220 213 213 211 210 219 226 225 223 224 225 229 229 217 214 219 220 220 224 229 234
205 205 207 208 210 210 211 211 212 212 212 212 212 213 213 213 212 212 212 212 212 211 211 210 208 206 203 198 198 202 205 208 213 219 221 219 218 223 226 224 223 222 222 221 222 221 219 217 216 219 220 217 216 219 222 218 215 217 219 221 223 222 218 210 209 221 234 237 231 222 220 220 218 214 211 215 210 200 212 223 220 217 220 223 229 229 218 210 215 219 220 224 233 238
206 207 208 210 211 211 212 212 212 212 212 212 212 213 213 213 213 213 213 212 212 211 211 210 209 207 203 198 199 207 211 212 214 218 221 218 216 219 222 222 222 222 221 218 217 218 217 214 212 216 218 215 210 211 214 211 206 208 211 214 215 216 218 216 212 220 235 238 230 222 219 218 219 215 212 215 209 192 203 217 217 216 220 226 232 232 223 211 211 216 218 225 237 240
208 209 209 210 211 211 212 212 212 212 212 213 212 213 213 213 213 213 213 212 212 212 211 211 210 208 205 203 204 211 215 215 215 219 221 218 215 216 218 219 219 219 218 215 215 216 215 212 209 213 218 215 204 203 209 209 204 204 210 214 215 217 221 222 217 219 232 234 226 221 220 223 225 217 211 214 206 189 196 212 215 215 219 225 231 232 225 213 210 214 217 226 236 240
210 210 210 211 211 212 212 212 213 212 212 212 212 212 213 213 213 213 213 212 212 212 211 211 211 209 208 207 207 211 215 215 216 218 216 215 216 218 217 216 214 213 213 212 212 210 209 208 206 209 215 213 204 202 210 214 212 211 217 223 222 220 222 223 221 220 227 228 222 219 220 223 222 212 208 213 203 190 195 209 216 214 217 221 225 224 219 213 213 215 218 226 234 238
