windninja/windninja_output/Output_2025-08-24_0600-0650_Google earth_Fire_150m_10min/merlingen_7.5mi_point_08-24-2025_0600_150m_vel.asc
ncols	158
nrows	163
xllcorner	391686.332397
yllcorner	5160024.123721
cellsize	150.000000
NODATA_value	-32768.000000
[rows 38 to 75 of 163, columns 0 to 83 of 158]
0.12 0.12 0.12 0.12 0.12 0.12 0.12 0.12 0.12 0.12 0.12 0.12 0.12 0.13 0.13 0.13 0.13 0.13 0.13 0.13 0.13 0.13 0.13 0.13 0.13 0.12 0.12 0.11 0.12 0.13 0.13 0.14 0.15 0.17 0.19 0.20 0.20 0.21 0.23 0.22 0.22 0.22 0.22 0.23 0.24 0.24 0.24 0.25 0.26 0.27 0.27 0.26 0.26 0.28 0.29 0.27 0.28 0.32 0.35 0.37 0.40 0.40 0.33 0.26 0.23 0.27 0.36 0.39 0.34 0.31 0.31 0.32 0.32 0.31 0.29 0.28 0.26 0.27 0.35 0.39 0.32 0.30 0.34 0.41
0.12 0.12 0.12 0.12 0.12 0.12 0.12 0.12 0.12 0.12 0.12 0.12 0.12 0.13 0.13 0.13 0.13 0.13 0.13 0.13 0.13 0.13 0.13 0.13 0.13 0.12 0.12 0.11 0.11 0.12 0.13 0.13 0.14 0.16 0.18 0.19 0.20 0.22 0.24 0.24 0.23 0.22 0.22 0.23 0.25 0.26 0.25 0.24 0.25 0.28 0.29 0.27 0.27 0.30 0.33 0.32 0.31 0.34 0.38 0.41 0.43 0.46 0.44 0.34 0.26 0.28 0.36 0.38 0.33 0.31 0.31 0.32 0.32 0.32 0.31 0.31 0.29 0.28 0.34 0.44 0.43 0.36 0.34 0.37
0.11 0.11 0.11 0.11 0.11 0.11 0.12 0.12 0.12 0.12 0.12 0.12 0.12 0.13 0.13 0.13 0.13 0.13 0.13 0.13 0.13 0.13 0.13 0.13 0.13 0.13 0.12 0.11 0.11 0.12 0.13 0.12 0.13 0.14 0.16 0.17 0.18 0.21 0.24 0.26 0.25 0.24 0.23 0.23 0.24 0.26 0.27 0.25 0.25 0.28 0.30 0.28 0.26 0.29 0.34 0.35 0.33 0.33 0.36 0.38 0.40 0.44 0.48 0.43 0.31 0.30 0.38 0.39 0.34 0.32 0.30 0.30 0.29 0.28 0.30 0.33 0.31 0.30 0.32 0.41 0.46 0.46 0.42 0.41
0.11 0.11 0.11 0.11 0.11 0.11 0.12 0.12 0.12 0.12 0.12 0.12 0.12 0.13 0.13 0.13 0.13 0.13 0.13 0.13 0.13 0.13 0.13 0.13 0.13 0.13 0.12 0.12 0.11 0.12 0.13 0.13 0.12 0.13 0.15 0.16 0.17 0.18 0.21 0.24 0.27 0.27 0.27 0.26 0.25 0.26 0.28 0.29 0.28 0.29 0.31 0.30 0.26 0.25 0.27 0.30 0.30 0.28 0.29 0.32 0.34 0.36 0.44 0.48 0.40 0.34 0.39 0.42 0.38 0.35 0.34 0.32 0.30 0.28 0.29 0.33 0.32 0.31 0.31 0.35 0.41 0.45 0.47 0.48
0.10 0.11 0.11 0.11 0.11 0.12 0.12 0.12 0.12 0.12 0.12 0.12 0.12 0.13 0.13 0.13 0.13 0.13 0.13 0.13 0.13 0.13 0.13 0.14 0.13 0.13 0.13 0.12 0.12 0.12 0.13 0.13 0.13 0.13 0.13 0.15 0.17 0.19 0.20 0.22 0.25 0.26 0.28 0.28 0.27 0.26 0.27 0.28 0.27 0.26 0.29 0.29 0.26 0.23 0.23 0.26 0.26 0.25 0.26 0.29 0.30 0.31 0.36 0.44 0.47 0.42 0.40 0.44 0.44 0.41 0.40 0.39 0.36 0.32 0.32 0.34 0.33 0.32 0.31 0.34 0.38 0.40 0.43 0.48
0.10 0.10 0.11 0.11 0.11 0.12 0.12 0.12 0.12 0.12 0.12 0.12 0.13 0.13 0.13 0.13 0.13 0.13 0.13 0.14 0.14 0.13 0.13 0.14 0.14 0.13 0.13 0.13 0.12 0.12 0.13 0.13 0.13 0.13 0.13 0.13 0.16 0.18 0.19 0.20 0.22 0.23 0.25 0.25 0.25 0.24 0.24 0.25 0.25 0.25 0.26 0.28 0.26 0.24 0.24 0.25 0.25 0.26 0.27 0.28 0.29 0.28 0.29 0.35 0.42 0.45 0.43 0.44 0.48 0.50 0.50 0.50 0.47 0.42 0.40 0.39 0.37 0.35 0.33 0.34 0.37 0.39 0.42 0.45
0.10 0.10 0.11 0.11 0.11 0.12 0.12 0.12 0.12 0.12 0.12 0.12 0.13 0.13 0.13 0.13 0.13 0.13 0.14 0.14 0.14 0.14 0.14 0.14 0.14 0.14 0.14 0.13 0.13 0.13 0.13 0.14 0.13 0.13 0.12 0.12 0.13 0.15 0.16 0.18 0.20 0.22 0.23 0.23 0.23 0.23 0.23 0.24 0.25 0.26 0.27 0.29 0.28 0.27 0.27 0.27 0.26 0.26 0.27 0.29 0.30 0.29 0.28 0.29 0.34 0.40 0.42 0.42 0.45 0.50 0.53 0.55 0.55 0.51 0.47 0.43 0.40 0.38 0.36 0.34 0.35 0.38 0.41 0.44
0.10 0.10 0.10 0.11 0.11 0.11 0.12 0.12 0.12 0.12 0.12 0.12 0.13 0.13 0.13 0.13 0.13 0.13 0.14 0.14 0.14 0.14 0.14 0.14 0.14 0.14 0.14 0.14 0.14 0.13 0.13 0.14 0.13 0.13 0.12 0.12 0.12 0.13 0.14 0.16 0.18 0.20 0.22 0.22 0.22 0.23 0.24 0.24 0.25 0.25 0.27 0.28 0.28 0.26 0.26 0.27 0.27 0.26 0.27 0.29 0.30 0.31 0.30 0.30 0.32 0.34 0.37 0.38 0.37 0.37 0.42 0.46 0.49 0.50 0.48 0.44 0.40 0.38 0.38 0.38 0.38 0.38 0.38 0.40
0.10 0.10 0.11 0.11 0.11 0.11 0.12 0.12 0.12 0.12 0.12 0.13 0.13 0.13 0.13 0.13 0.13 0.14 0.14 0.14 0.14 0.14 0.14 0.14 0.14 0.14 0.14 0.14 0.14 0.14 0.14 0.14 0.13 0.13 0.12 0.12 0.12 0.12 0.13 0.15 0.16 0.18 0.21 0.22 0.21 0.22 0.24 0.25 0.24 0.24 0.25 0.27 0.27 0.27 0.26 0.27 0.28 0.27 0.27 0.28 0.30 0.33 0.33 0.32 0.33 0.34 0.34 0.35 0.33 0.32 0.34 0.38 0.42 0.45 0.46 0.45 0.41 0.39 0.39 0.40 0.38 0.36 0.36 0.37
0.10 0.10 0.11 0.11 0.11 0.12 0.12 0.12 0.12 0.12 0.12 0.13 0.13 0.13 0.13 0.13 0.13 0.14 0.14 0.14 0.14 0.14 0.14 0.14 0.14 0.14 0.14 0.14 0.14 0.14 0.14 0.14 0.13 0.13 0.12 0.12 0.12 0.12 0.12 0.13 0.15 0.17 0.20 0.22 0.22 0.22 0.22 0.23 0.24 0.24 0.25 0.26 0.27 0.28 0.28 0.28 0.29 0.29 0.28 0.27 0.28 0.31 0.32 0.31 0.31 0.32 0.32 0.33 0.33 0.32 0.33 0.34 0.38 0.42 0.44 0.44 0.42 0.38 0.36 0.36 0.35 0.34 0.35 0.37
0.10 0.10 0.11 0.11 0.11 0.12 0.12 0.12 0.12 0.12 0.12 0.13 0.13 0.13 0.13 0.13 0.13 0.14 0.14 0.14 0.14 0.14 0.14 0.14 0.14 0.14 0.14 0.14 0.14 0.14 0.14 0.14 0.14 0.13 0.13 0.12 0.12 0.12 0.12 0.12 0.14 0.15 0.18 0.19 0.21 0.22 0.23 0.23 0.23 0.24 0.25 0.26 0.26 0.27 0.27 0.28 0.29 0.29 0.29 0.28 0.28 0.30 0.31 0.30 0.29 0.29 0.30 0.31 0.31 0.31 0.32 0.33 0.36 0.39 0.42 0.42 0.41 0.38 0.36 0.36 0.37 0.36 0.36 0.37
0.10 0.10 0.11 0.11 0.11 0.13 0.12 0.12 0.11 0.12 0.12 0.12 0.13 0.13 0.13 0.13 0.14 0.14 0.14 0.14 0.14 0.14 0.14 0.14 0.15 0.15 0.14 0.15 0.15 0.15 0.15 0.14 0.14 0.14 0.13 0.13 0.13 0.13 0.13 0.13 0.13 0.14 0.15 0.16 0.18 0.21 0.22 0.22 0.23 0.23 0.24 0.26 0.27 0.28 0.28 0.29 0.29 0.29 0.29 0.29 0.28 0.29 0.31 0.31 0.29 0.28 0.28 0.29 0.30 0.31 0.32 0.34 0.35 0.37 0.40 0.41 0.41 0.41 0.40 0.40 0.41 0.40 0.39 0.38
0.11 0.11 0.10 0.11 0.12 0.13 0.13 0.12 0.11 0.12 0.12 0.12 0.13 0.13 0.13 0.14 0.14 0.14 0.14 0.14 0.14 0.14 0.14 0.14 0.15 0.15 0.15 0.15 0.15 0.15 0.15 0.15 0.15 0.14 0.14 0.13 0.13 0.13 0.13 0.13 0.13 0.14 0.15 0.15 0.17 0.20 0.21 0.21 0.22 0.21 0.21 0.24 0.27 0.28 0.29 0.30 0.30 0.29 0.28 0.27 0.27 0.29 0.31 0.32 0.29 0.27 0.27 0.27 0.28 0.29 0.31 0.32 0.34 0.35 0.37 0.39 0.40 0.41 0.42 0.43 0.43 0.43 0.41 0.40
0.11 0.11 0.10 0.11 0.12 0.13 0.13 0.13 0.12 0.11 0.12 0.12 0.13 0.13 0.13 0.14 0.14 0.14 0.14 0.14 0.14 0.14 0.15 0.15 0.15 0.15 0.15 0.15 0.15 0.15 0.15 0.15 0.15 0.15 0.14 0.14 0.13 0.13 0.13 0.13 0.14 0.14 0.14 0.14 0.16 0.18 0.20 0.21 0.22 0.21 0.20 0.23 0.25 0.25 0.26 0.28 0.29 0.29 0.28 0.27 0.27 0.28 0.32 0.33 0.29 0.27 0.27 0.27 0.28 0.29 0.30 0.31 0.33 0.34 0.35 0.36 0.37 0.38 0.41 0.44 0.45 0.44 0.42 0.39
0.12 0.11 0.10 0.11 0.12 0.12 0.13 0.14 0.13 0.12 0.12 0.12 0.13 0.13 0.13 0.14 0.14 0.14 0.14 0.14 0.14 0.14 0.15 0.15 0.15 0.15 0.15 0.15 0.15 0.15 0.15 0.15 0.15 0.15 0.15 0.14 0.14 0.13 0.13 0.13 0.13 0.14 0.14 0.13 0.15 0.18 0.19 0.20 0.23 0.24 0.23 0.25 0.27 0.26 0.26 0.26 0.27 0.27 0.28 0.28 0.28 0.29 0.33 0.33 0.29 0.26 0.27 0.28 0.29 0.30 0.31 0.32 0.33 0.34 0.35 0.35 0.34 0.34 0.37 0.41 0.45 0.47 0.45 0.39
0.13 0.11 0.10 0.10 0.12 0.12 0.12 0.14 0.14 0.12 0.12 0.12 0.13 0.13 0.13 0.14 0.14 0.14 0.14 0.14 0.14 0.14 0.15 0.15 0.15 0.15 0.15 0.15 0.15 0.15 0.15 0.15 0.15 0.15 0.15 0.15 0.14 0.14 0.13 0.13 0.13 0.15 0.14 0.13 0.14 0.17 0.18 0.19 0.22 0.24 0.24 0.25 0.26 0.27 0.27 0.26 0.26 0.26 0.28 0.29 0.29 0.29 0.33 0.34 0.29 0.27 0.28 0.29 0.30 0.31 0.32 0.33 0.34 0.35 0.35 0.35 0.34 0.33 0.33 0.35 0.40 0.46 0.49 0.46
0.12 0.12 0.11 0.10 0.12 0.12 0.12 0.14 0.15 0.13 0.12 0.12 0.12 0.13 0.13 0.14 0.14 0.14 0.14 0.14 0.14 0.15 0.15 0.15 0.15 0.15 0.15 0.15 0.15 0.15 0.15 0.15 0.15 0.15 0.15 0.15 0.15 0.15 0.14 0.13 0.13 0.14 0.15 0.14 0.13 0.15 0.17 0.18 0.19 0.21 0.23 0.24 0.24 0.26 0.28 0.27 0.25 0.26 0.28 0.30 0.30 0.31 0.34 0.34 0.31 0.29 0.29 0.31 0.34 0.35 0.34 0.34 0.34 0.35 0.35 0.35 0.35 0.35 0.35 0.34 0.37 0.43 0.49 0.51
0.12 0.12 0.12 0.11 0.11 0.12 0.12 0.13 0.15 0.15 0.13 0.12 0.12 0.13 0.13 0.13 0.14 0.14 0.14 0.14 0.15 0.15 0.15 0.15 0.15 0.15 0.15 0.15 0.15 0.16 0.16 0.16 0.16 0.16 0.16 0.16 0.15 0.15 0.15 0.14 0.13 0.13 0.14 0.14 0.13 0.13 0.14 0.16 0.17 0.19 0.21 0.23 0.24 0.25 0.28 0.28 0.26 0.26 0.28 0.30 0.31 0.33 0.36 0.36 0.32 0.30 0.30 0.31 0.34 0.36 0.36 0.35 0.34 0.34 0.35 0.36 0.36 0.37 0.37 0.36 0.37 0.41 0.46 0.49
0.12 0.12 0.13 0.12 0.11 0.12 0.11 0.11 0.13 0.15 0.14 0.13 0.12 0.12 0.12 0.13 0.14 0.14 0.14 0.14 0.15 0.15 0.15 0.15 0.15 0.15 0.15 0.15 0.16 0.16 0.16 0.16 0.16 0.16 0.16 0.16 0.16 0.15 0.15 0.15 0.14 0.14 0.14 0.14 0.13 0.13 0.13 0.14 0.15 0.16 0.18 0.22 0.23 0.25 0.28 0.27 0.25 0.26 0.27 0.29 0.30 0.33 0.37 0.38 0.33 0.29 0.28 0.28 0.30 0.32 0.34 0.35 0.36 0.36 0.36 0.37 0.37 0.38 0.39 0.39 0.38 0.39 0.42 0.45
0.12 0.12 0.13 0.13 0.13 0.12 0.12 0.11 0.12 0.14 0.15 0.14 0.14 0.13 0.12 0.13 0.13 0.14 0.14 0.14 0.14 0.15 0.15 0.15 0.15 0.15 0.15 0.15 0.16 0.16 0.16 0.16 0.16 0.16 0.16 0.16 0.16 0.16 0.16 0.15 0.15 0.15 0.15 0.14 0.14 0.13 0.12 0.12 0.12 0.14 0.16 0.20 0.22 0.24 0.28 0.26 0.25 0.27 0.28 0.29 0.30 0.32 0.35 0.38 0.35 0.30 0.27 0.27 0.28 0.30 0.33 0.35 0.37 0.37 0.38 0.38 0.39 0.41 0.41 0.41 0.41 0.41 0.42 0.43
0.12 0.12 0.12 0.13 0.13 0.13 0.13 0.12 0.12 0.13 0.14 0.14 0.15 0.14 0.13 0.12 0.13 0.13 0.14 0.14 0.14 0.15 0.15 0.15 0.15 0.15 0.15 0.16 0.16 0.16 0.16 0.16 0.16 0.16 0.16 0.16 0.16 0.16 0.16 0.16 0.16 0.15 0.15 0.15 0.14 0.13 0.12 0.11 0.10 0.11 0.12 0.17 0.21 0.23 0.27 0.25 0.24 0.25 0.27 0.28 0.29 0.32 0.35 0.38 0.37 0.32 0.28 0.28 0.30 0.32 0.34 0.35 0.37 0.37 0.38 0.38 0.39 0.41 0.42 0.43 0.44 0.44 0.44 0.43
0.13 0.13 0.13 0.13 0.13 0.13 0.14 0.13 0.13 0.13 0.13 0.13 0.15 0.16 0.15 0.13 0.12 0.13 0.13 0.14 0.14 0.15 0.15 0.15 0.15 0.15 0.15 0.16 0.16 0.16 0.16 0.16 0.16 0.16 0.16 0.16 0.16 0.16 0.16 0.16 0.16 0.16 0.16 0.15 0.15 0.14 0.13 0.12 0.10 0.09 0.10 0.14 0.19 0.22 0.25 0.25 0.23 0.23 0.25 0.26 0.27 0.30 0.34 0.37 0.38 0.34 0.30 0.29 0.31 0.33 0.33 0.34 0.36 0.37 0.38 0.38 0.39 0.40 0.41 0.41 0.42 0.44 0.45 0.45
0.13 0.13 0.13 0.13 0.13 0.13 0.14 0.14 0.13 0.13 0.12 0.12 0.13 0.16 0.16 0.15 0.13 0.13 0.13 0.13 0.14 0.14 0.15 0.15 0.15 0.15 0.15 0.16 0.16 0.16 0.16 0.16 0.16 0.16 0.16 0.16 0.17 0.17 0.16 0.16 0.16 0.16 0.16 0.16 0.16 0.15 0.14 0.13 0.12 0.10 0.09 0.11 0.16 0.21 0.23 0.24 0.23 0.23 0.23 0.24 0.26 0.28 0.31 0.35 0.37 0.35 0.31 0.28 0.29 0.32 0.32 0.33 0.35 0.36 0.37 0.38 0.39 0.39 0.39 0.39 0.40 0.41 0.44 0.45
0.13 0.13 0.13 0.13 0.13 0.14 0.14 0.14 0.14 0.13 0.13 0.12 0.12 0.14 0.16 0.17 0.15 0.14 0.13 0.13 0.13 0.14 0.15 0.15 0.15 0.15 0.15 0.16 0.16 0.16 0.16 0.16 0.16 0.16 0.17 0.17 0.17 0.17 0.17 0.17 0.17 0.16 0.16 0.16 0.16 0.16 0.15 0.14 0.13 0.11 0.09 0.09 0.13 0.18 0.20 0.21 0.22 0.22 0.22 0.23 0.23 0.25 0.28 0.32 0.35 0.35 0.32 0.29 0.29 0.31 0.32 0.33 0.34 0.35 0.35 0.36 0.38 0.39 0.39 0.40 0.40 0.41 0.42 0.43
0.13 0.13 0.13 0.13 0.13 0.14 0.14 0.14 0.14 0.14 0.13 0.12 0.12 0.13 0.14 0.17 0.17 0.16 0.14 0.13 0.13 0.14 0.14 0.15 0.15 0.15 0.15 0.16 0.16 0.16 0.16 0.16 0.16 0.16 0.17 0.17 0.17 0.17 0.17 0.17 0.17 0.17 0.17 0.17 0.16 0.16 0.16 0.15 0.14 0.13 0.11 0.10 0.12 0.15 0.17 0.19 0.21 0.22 0.22 0.22 0.22 0.24 0.26 0.30 0.33 0.34 0.33 0.31 0.30 0.31 0.32 0.33 0.34 0.34 0.35 0.36 0.37 0.38 0.39 0.40 0.41 0.41 0.43 0.43
0.14 0.13 0.13 0.13 0.13 0.14 0.14 0.15 0.15 0.14 0.14 0.13 0.12 0.12 0.13 0.15 0.17 0.17 0.16 0.15 0.14 0.13 0.14 0.14 0.15 0.15 0.16 0.16 0.16 0.16 0.16 0.16 0.16 0.17 0.17 0.17 0.17 0.17 0.17 0.17 0.17 0.17 0.17 0.17 0.17 0.16 0.16 0.16 0.15 0.14 0.12 0.11 0.12 0.14 0.15 0.19 0.22 0.22 0.21 0.22 0.22 0.24 0.26 0.27 0.29 0.30 0.28 0.29 0.30 0.31 0.32 0.33 0.34 0.33 0.34 0.36 0.37 0.38 0.40 0.41 0.43 0.43 0.45 0.46
0.14 0.14 0.13 0.13 0.13 0.13 0.14 0.14 0.15 0.14 0.14 0.13 0.12 0.12 0.12 0.13 0.15 0.17 0.17 0.17 0.15 0.14 0.14 0.14 0.14 0.15 0.16 0.16 0.16 0.16 0.16 0.16 0.16 0.17 0.17 0.17 0.17 0.17 0.17 0.17 0.17 0.17 0.17 0.17 0.17 0.17 0.17 0.16 0.16 0.15 0.14 0.12 0.12 0.13 0.13 0.16 0.22 0.23 0.22 0.21 0.21 0.23 0.25 0.26 0.26 0.25 0.24 0.26 0.28 0.30 0.32 0.33 0.34 0.33 0.33 0.35 0.38 0.40 0.42 0.44 0.45 0.45 0.46 0.47
0.15 0.15 0.14 0.13 0.13 0.13 0.14 0.14 0.14 0.14 0.14 0.14 0.12 0.11 0.12 0.12 0.13 0.15 0.17 0.18 0.17 0.15 0.14 0.14 0.14 0.14 0.15 0.16 0.16 0.16 0.16 0.16 0.16 0.17 0.17 0.17 0.17 0.17 0.17 0.17 0.17 0.17 0.17 0.17 0.17 0.17 0.17 0.17 0.16 0.16 0.15 0.13 0.13 0.13 0.12 0.13 0.19 0.23 0.23 0.21 0.20 0.20 0.24 0.27 0.28 0.27 0.26 0.26 0.27 0.29 0.30 0.32 0.33 0.32 0.32 0.34 0.37 0.39 0.41 0.43 0.45 0.45 0.46 0.48
0.15 0.15 0.15 0.14 0.14 0.14 0.14 0.14 0.15 0.15 0.14 0.14 0.13 0.11 0.12 0.12 0.13 0.13 0.15 0.17 0.18 0.17 0.16 0.15 0.14 0.14 0.15 0.15 0.16 0.16 0.16 0.16 0.16 0.16 0.17 0.17 0.17 0.17 0.17 0.17 0.17 0.17 0.17 0.17 0.17 0.17 0.17 0.17 0.17 0.16 0.16 0.15 0.14 0.13 0.12 0.11 0.14 0.20 0.23 0.22 0.20 0.20 0.24 0.29 0.31 0.30 0.28 0.26 0.26 0.27 0.28 0.30 0.32 0.32 0.33 0.33 0.34 0.37 0.39 0.42 0.45 0.47 0.49 0.51
0.13 0.15 0.17 0.16 0.15 0.14 0.13 0.14 0.16 0.16 0.15 0.14 0.14 0.13 0.12 0.12 0.13 0.13 0.13 0.15 0.17 0.18 0.18 0.17 0.16 0.15 0.15 0.15 0.15 0.15 0.16 0.16 0.16 0.16 0.17 0.17 0.17 0.17 0.17 0.17 0.17 0.18 0.18 0.18 0.18 0.18 0.18 0.17 0.17 0.17 0.17 0.16 0.15 0.14 0.13 0.12 0.12 0.14 0.19 0.21 0.19 0.19 0.21 0.25 0.29 0.30 0.29 0.27 0.26 0.26 0.26 0.28 0.30 0.31 0.31 0.32 0.32 0.34 0.38 0.42 0.46 0.48 0.49 0.47
0.10 0.13 0.17 0.18 0.19 0.17 0.14 0.15 0.17 0.17 0.15 0.14 0.14 0.13 0.13 0.12 0.13 0.13 0.13 0.14 0.15 0.16 0.18 0.18 0.18 0.17 0.16 0.16 0.15 0.15 0.15 0.15 0.16 0.16 0.16 0.17 0.17 0.17 0.17 0.17 0.18 0.18 0.18 0.18 0.18 0.18 0.18 0.18 0.18 0.17 0.17 0.17 0.17 0.16 0.15 0.14 0.13 0.13 0.15 0.18 0.16 0.15 0.17 0.20 0.24 0.27 0.28 0.28 0.27 0.26 0.26 0.27 0.28 0.28 0.28 0.29 0.30 0.32 0.35 0.38 0.40 0.41 0.42 0.39
0.08 0.09 0.13 0.16 0.18 0.19 0.17 0.16 0.19 0.19 0.17 0.16 0.16 0.15 0.14 0.14 0.14 0.14 0.13 0.13 0.14 0.15 0.16 0.17 0.18 0.18 0.19 0.17 0.16 0.15 0.14 0.15 0.15 0.16 0.16 0.17 0.17 0.17 0.17 0.17 0.18 0.18 0.18 0.18 0.18 0.18 0.18 0.18 0.18 0.18 0.18 0.18 0.17 0.17 0.17 0.16 0.16 0.15 0.15 0.16 0.15 0.13 0.14 0.16 0.18 0.20 0.24 0.26 0.27 0.27 0.27 0.27 0.27 0.27 0.27 0.27 0.27 0.28 0.30 0.32 0.34 0.34 0.36 0.37
0.09 0.10 0.10 0.12 0.14 0.16 0.15 0.14 0.17 0.19 0.18 0.17 0.17 0.17 0.17 0.16 0.16 0.16 0.15 0.14 0.14 0.14 0.15 0.16 0.16 0.17 0.20 0.20 0.17 0.16 0.15 0.14 0.15 0.15 0.16 0.16 0.17 0.17 0.17 0.17 0.18 0.18 0.18 0.18 0.18 0.18 0.18 0.18 0.18 0.18 0.18 0.18 0.18 0.18 0.18 0.17 0.17 0.17 0.17 0.16 0.16 0.14 0.13 0.13 0.13 0.14 0.17 0.19 0.21 0.23 0.25 0.27 0.27 0.26 0.27 0.27 0.26 0.26 0.26 0.27 0.29 0.31 0.33 0.38
0.12 0.12 0.11 0.12 0.13 0.14 0.13 0.12 0.14 0.17 0.16 0.15 0.16 0.16 0.16 0.16 0.16 0.17 0.17 0.15 0.14 0.14 0.15 0.15 0.14 0.15 0.19 0.22 0.20 0.18 0.17 0.15 0.15 0.14 0.15 0.16 0.16 0.17 0.17 0.17 0.18 0.18 0.18 0.18 0.18 0.18 0.18 0.18 0.18 0.18 0.18 0.18 0.18 0.18 0.18 0.18 0.18 0.18 0.18 0.18 0.17 0.16 0.15 0.14 0.13 0.12 0.12 0.13 0.15 0.16 0.20 0.24 0.26 0.25 0.25 0.26 0.26 0.25 0.24 0.24 0.26 0.30 0.33 0.38
0.14 0.14 0.13 0.13 0.13 0.13 0.13 0.12 0.14 0.15 0.14 0.14 0.14 0.14 0.14 0.15 0.15 0.16 0.17 0.17 0.16 0.16 0.15 0.15 0.14 0.13 0.17 0.21 0.21 0.20 0.19 0.17 0.16 0.15 0.14 0.15 0.16 0.16 0.17 0.17 0.17 0.18 0.18 0.18 0.18 0.18 0.18 0.18 0.19 0.19 0.19 0.19 0.19 0.19 0.19 0.19 0.19 0.19 0.19 0.19 0.18 0.18 0.17 0.17 0.16 0.14 0.13 0.12 0.12 0.12 0.13 0.16 0.20 0.21 0.21 0.23 0.24 0.23 0.23 0.23 0.25 0.28 0.33 0.40
0.16 0.15 0.14 0.13 0.13 0.14 0.13 0.13 0.14 0.14 0.14 0.14 0.14 0.14 0.14 0.14 0.14 0.14 0.15 0.16 0.16 0.17 0.16 0.16 0.14 0.13 0.15 0.18 0.21 0.21 0.20 0.19 0.18 0.17 0.15 0.15 0.15 0.16 0.16 0.17 0.17 0.18 0.18 0.18 0.18 0.18 0.18 0.19 0.19 0.19 0.19 0.19 0.19 0.19 0.19 0.19 0.19 0.19 0.19 0.19 0.19 0.19 0.19 0.18 0.18 0.17 0.16 0.15 0.13 0.12 0.10 0.11 0.13 0.15 0.17 0.19 0.21 0.21 0.21 0.23 0.26 0.29 0.33 0.40
0.18 0.17 0.14 0.13 0.13 0.14 0.13 0.13 0.14 0.13 0.13 0.14 0.14 0.14 0.14 0.14 0.14 0.14 0.14 0.14 0.15 0.16 0.16 0.16 0.15 0.14 0.15 0.17 0.19 0.21 0.20 0.20 0.20 0.19 0.17 0.16 0.16 0.16 0.16 0.17 0.17 0.18 0.18 0.18 0.18 0.18 0.19 0.19 0.19 0.19 0.19 0.19 0.19 0.19 0.19 0.19 0.20 0.20 0.20 0.20 0.19 0.19 0.19 0.19 0.19 0.18 0.18 0.17 0.16 0.15 0.13 0.12 0.12 0.12 0.15 0.17 0.19 0.21 0.21 0.23 0.27 0.30 0.34 0.39
0.20 0.18 0.16 0.14 0.13 0.13 0.13 0.13 0.13 0.13 0.13 0.13 0.13 0.13 0.13 0.14 0.14 0.14 0.14 0.14 0.14 0.15 0.15 0.16 0.15 0.14 0.14 0.16 0.18 0.20 0.20 0.20 0.20 0.20 0.18 0.17 0.16 0.16 0.16 0.16 0.17 0.17 0.18 0.18 0.18 0.18 0.19 0.19 0.19 0.19 0.19 0.19 0.19 0.19 0.20 0.20 0.20 0.20 0.20 0.20 0.20 0.20 0.20 0.20 0.19 0.19 0.19 0.18 0.18 0.17 0.16 0.15 0.14 0.13 0.13 0.15 0.17 0.20 0.21 0.23 0.26 0.30 0.34 0.37
