windninja/windninja_output/Output_2025-08-24_0600-0650_Google earth_Fire_150m_10min/merlingen_7.5mi_point_08-24-2025_0640_150m_ang.asc
ncols	158
nrows	163
xllcorner	391686.332397
yllcorner	5160024.123721
cellsize	150.000000
NODATA_value	-32768.000000
[rows 0 to 41 of 163, columns 0 to 93 of 158]
204 203 201 199 198 199 199 197 197 198 198 197 197 200 204 210 214 213 209 209 202 195 195 198 201 203 202 200 199 200 201 203 204 204 203 206 210 211 211 209 206 206 208 209 209 209 212 210 202 199 199 198 199 200 202 203 203 204 204 204 202 203 203 202 200 200 202 204 206 205 204 205 205 204 204 205 207 210 210 208 207 207 209 212 214 213 210 211 213 211 211 212 211 210
204 203 200 198 198 200 200 200 200 199 197 196 195 198 203 207 208 204 202 202 198 191 192 197 202 204 202 199 200 202 203 204 204 203 203 206 207 206 206 204 203 204 205 205 205 205 206 204 199 198 199 200 201 203 204 204 204 203 204 204 203 203 203 202 200 201 203 205 206 205 204 204 204 204 204 205 207 209 208 206 207 208 210 212 213 212 209 210 213 212 212 213 212 212
202 201 198 197 199 200 201 202 200 197 193 191 193 196 201 204 202 199 198 198 195 189 187 195 202 204 202 200 201 204 205 205 204 203 202 203 203 202 202 201 200 200 200 201 200 199 200 199 198 197 199 200 203 206 205 204 203 202 203 203 202 201 201 201 201 201 204 206 207 205 204 204 204 203 204 205 206 208 207 205 205 208 210 211 212 209 205 207 211 212 212 212 211 210
195 198 198 197 199 198 197 196 194 191 190 190 191 195 199 202 201 199 199 200 198 192 187 190 198 202 201 200 200 202 203 204 203 201 200 200 201 202 202 199 198 197 197 197 197 197 197 199 199 198 198 199 201 203 203 202 202 202 203 203 202 201 201 202 202 202 203 206 208 206 205 204 204 204 205 205 205 207 208 206 203 207 210 208 210 208 202 202 205 206 207 208 206 204
188 193 198 198 198 196 193 191 191 192 193 191 190 193 197 200 202 202 203 204 202 196 188 186 192 197 198 198 198 199 200 201 201 199 198 200 201 201 199 197 195 195 195 195 196 197 198 199 199 200 200 201 201 203 203 203 203 203 203 203 203 202 202 202 202 202 203 206 208 207 206 206 206 205 206 207 207 208 209 208 205 207 209 207 208 209 202 197 198 200 202 204 202 199
187 190 195 197 197 194 191 191 192 195 195 192 190 192 196 200 204 206 207 207 205 200 190 183 186 192 195 197 198 197 198 199 199 199 198 198 198 196 195 195 194 193 194 196 198 199 200 200 201 202 203 203 203 204 205 205 204 203 202 202 202 202 202 202 202 202 203 206 208 206 206 208 206 204 204 206 207 207 208 210 209 208 209 208 208 210 206 198 195 195 196 198 198 194
190 190 191 194 195 194 193 193 195 196 194 192 189 191 197 201 204 207 207 206 206 203 194 183 181 188 194 196 197 197 197 198 198 199 199 197 195 194 195 195 195 196 198 199 201 202 202 202 203 203 204 204 204 204 205 205 205 203 202 201 200 200 200 202 203 202 203 205 206 205 204 206 205 202 202 204 206 207 206 208 210 208 206 207 209 212 210 204 197 191 191 194 196 195
192 192 190 191 193 195 196 198 198 196 193 190 188 191 198 201 203 205 205 204 204 203 198 188 181 184 190 193 194 196 197 198 199 200 199 198 197 197 198 199 200 201 202 203 204 204 204 204 204 204 204 204 204 205 206 206 204 202 200 198 197 197 199 201 203 203 203 204 205 203 202 204 204 203 202 203 207 209 207 207 210 207 204 205 207 209 209 205 200 193 188 191 196 199
191 192 193 192 193 196 199 200 198 195 192 188 185 188 196 201 201 203 204 205 204 204 201 194 185 181 186 190 192 195 198 198 199 201 202 201 201 202 204 205 205 206 206 206 205 204 205 205 204 203 204 204 204 205 207 205 202 200 199 198 199 199 199 201 204 205 203 203 203 203 203 206 207 206 205 205 209 210 209 209 211 208 202 200 200 201 202 202 197 192 190 190 193 194
191 193 194 194 194 196 198 198 197 194 191 187 184 185 194 200 201 201 202 203 203 203 201 197 191 184 183 190 193 194 198 198 199 202 203 204 205 206 207 209 209 208 207 206 207 206 206 207 205 203 205 206 205 205 206 205 203 202 203 204 205 204 201 204 207 206 204 202 203 205 208 209 209 208 208 208 211 211 207 206 207 206 201 196 196 197 197 196 193 191 193 193 191 190
192 193 194 195 195 196 196 196 195 194 192 189 185 184 191 199 201 200 199 200 201 202 201 198 194 189 186 190 193 194 198 200 200 203 206 207 207 208 209 208 208 208 207 208 210 209 208 208 209 207 208 209 206 206 209 211 211 212 214 214 214 212 209 208 209 207 206 205 205 209 211 210 208 207 209 211 213 210 202 200 202 204 203 198 195 193 193 194 193 194 198 197 193 192
193 193 194 195 195 195 195 195 194 194 192 190 187 185 189 196 198 199 199 199 200 202 202 200 197 194 192 193 195 197 200 203 203 205 208 210 210 210 209 208 209 209 209 209 211 212 211 214 217 218 219 219 219 221 225 227 226 226 227 229 231 231 226 219 215 213 212 210 208 209 209 209 207 205 206 207 206 204 197 194 198 202 202 199 194 190 192 196 194 193 199 202 199 195
193 193 194 195 195 195 195 195 195 194 193 192 189 188 190 194 196 197 199 199 199 201 203 203 203 202 200 199 200 201 203 204 205 206 209 212 212 210 209 209 209 210 210 210 212 214 216 221 228 232 233 236 240 245 249 248 242 238 238 243 248 248 246 245 241 233 226 216 205 204 206 208 207 202 198 197 198 199 196 193 195 198 199 197 195 192 194 198 196 193 199 205 203 198
194 193 194 194 194 195 195 195 195 194 194 192 191 191 193 196 196 195 197 199 200 202 205 208 209 207 204 202 201 202 204 206 207 207 209 211 211 209 210 210 212 215 217 220 224 225 223 223 226 231 234 237 241 247 255 259 256 247 239 238 239 236 233 234 241 246 244 226 198 196 203 206 205 199 193 194 197 199 199 198 197 196 197 199 200 198 199 203 201 197 202 210 211 208
194 194 194 194 194 195 195 196 195 195 194 193 191 190 193 198 198 194 195 200 203 205 209 211 211 207 204 202 203 204 207 207 207 207 206 208 209 212 214 218 224 229 235 239 239 237 232 223 220 223 226 226 226 228 231 236 236 229 221 220 220 218 213 212 214 217 215 211 194 174 189 198 200 197 195 197 199 203 206 205 200 197 198 203 206 205 206 210 210 209 215 225 228 228
194 194 194 194 195 195 195 196 196 195 194 193 191 188 190 196 198 196 195 199 203 205 207 209 209 206 203 203 205 204 205 204 203 205 207 212 219 224 227 232 237 236 234 232 228 225 225 222 218 218 217 213 209 208 210 213 214 209 204 208 211 209 207 205 206 208 205 203 200 177 161 183 195 198 199 199 202 207 209 206 201 199 204 210 214 216 219 222 222 222 226 234 235 235
194 194 194 195 195 195 195 195 196 195 195 193 192 188 187 193 198 199 199 199 201 203 205 206 207 206 203 203 203 203 202 204 207 212 221 228 233 234 233 230 228 222 218 218 217 215 216 216 213 211 210 207 203 203 206 209 211 207 199 201 206 207 206 203 204 207 206 202 200 194 178 168 185 192 195 198 203 206 205 203 203 206 211 218 225 230 233 235 236 229 223 223 225 226
194 194 194 195 195 195 195 195 195 195 195 194 193 190 188 192 199 201 201 201 203 204 205 206 207 208 206 204 203 204 207 211 216 221 225 225 224 222 219 217 215 214 214 216 216 214 213 210 207 204 204 204 204 206 208 209 210 206 199 199 204 207 206 203 202 205 206 203 203 201 194 183 181 183 186 195 199 202 205 210 214 218 221 226 231 237 238 235 233 226 218 218 219 220
194 194 195 195 195 195 195 195 195 195 196 195 194 193 191 193 199 203 204 206 207 207 206 207 209 210 208 206 206 209 213 216 217 218 218 218 217 216 214 214 214 215 216 215 215 214 210 205 204 206 205 205 206 207 207 206 206 205 202 200 205 208 206 203 201 202 206 207 205 202 195 189 188 188 187 189 198 210 223 230 233 233 230 226 225 225 224 223 224 222 214 214 218 218
194 194 194 195 195 195 195 196 195 196 196 196 195 195 194 196 200 204 206 207 207 207 206 207 208 208 208 208 209 210 213 214 216 217 219 220 219 216 212 212 211 211 212 212 211 210 207 204 205 209 210 208 206 204 203 202 204 205 205 204 207 211 209 205 203 204 207 207 203 198 194 192 193 195 193 192 203 222 233 235 232 229 223 217 216 217 217 218 221 221 210 205 213 217
195 194 194 195 195 195 196 196 196 196 196 197 196 196 196 198 200 203 204 204 204 205 205 205 206 207 208 209 209 209 210 211 213 215 214 213 212 208 205 206 207 209 210 210 209 207 208 208 207 209 210 208 205 201 200 202 203 205 206 207 209 212 211 205 203 203 203 202 199 196 197 197 198 199 196 194 199 208 215 220 219 217 215 212 210 214 216 218 221 219 209 201 209 216
194 194 194 195 195 195 196 196 197 196 196 197 197 197 197 198 200 201 202 202 203 204 204 204 205 207 208 209 209 209 208 207 208 208 206 205 206 205 204 206 207 209 209 209 209 210 210 208 206 206 207 206 205 202 201 202 203 204 206 208 209 211 210 205 202 200 197 197 198 199 201 203 203 203 198 192 193 201 207 211 213 214 215 211 206 210 213 215 218 216 208 199 204 213
194 194 195 195 195 195 196 196 197 197 196 197 198 198 198 198 199 200 201 202 202 203 203 204 205 206 207 208 209 208 205 203 203 204 205 206 208 209 209 208 208 208 209 210 211 210 207 205 204 204 206 206 206 205 202 201 201 202 203 208 209 209 209 204 198 195 193 196 201 204 205 205 206 205 198 188 187 195 202 207 211 212 212 211 205 204 206 209 213 213 207 199 202 211
194 194 194 195 195 195 196 197 197 197 196 196 198 198 198 198 199 200 201 201 201 202 202 203 204 205 207 210 211 209 205 201 202 205 208 211 213 214 212 209 207 207 208 210 209 206 204 205 205 205 207 207 206 205 203 200 200 201 200 204 208 210 209 202 194 192 195 200 206 209 209 208 207 203 197 191 187 190 197 205 210 211 211 212 208 202 200 205 211 213 208 201 204 211
195 194 194 195 195 196 196 197 197 197 197 197 198 198 198 198 199 200 200 201 201 202 202 203 204 205 208 212 214 211 206 202 203 207 210 212 214 214 212 209 206 205 206 206 205 204 205 207 208 207 207 207 205 204 203 201 201 201 200 202 207 209 206 200 195 196 202 209 214 216 215 209 204 201 199 198 194 191 194 201 207 209 209 211 210 205 200 204 212 214 208 202 205 211
195 194 194 195 195 196 196 197 197 197 197 197 197 198 198 199 199 200 200 201 201 202 202 202 203 205 208 212 215 213 208 205 203 204 207 210 212 214 212 207 205 203 202 203 205 207 209 209 208 207 207 208 207 205 203 200 201 203 205 204 205 203 200 199 199 200 204 210 215 218 215 206 201 201 200 200 202 198 190 193 199 203 205 207 209 206 201 202 210 213 205 198 203 209
195 195 195 195 195 196 196 196 197 197 198 198 198 198 198 199 199 200 200 201 201 201 201 201 202 203 205 210 214 213 211 209 206 203 204 206 209 212 211 205 202 201 199 202 205 205 207 208 207 205 206 208 208 205 200 197 200 206 207 203 199 197 198 202 205 206 207 209 212 213 210 204 200 201 198 198 204 205 192 184 191 198 201 203 205 205 201 202 209 211 202 193 198 206
194 195 195 195 195 196 196 196 197 198 198 198 198 198 199 199 199 200 200 200 200 200 200 200 200 200 201 207 211 211 212 212 210 206 204 204 205 210 210 205 201 199 198 200 201 200 202 205 207 205 203 205 205 203 198 194 198 204 203 198 197 199 201 206 210 212 210 209 209 209 208 205 201 200 196 194 201 207 201 185 185 193 198 200 203 205 203 205 210 212 204 192 192 202
194 194 195 195 196 196 196 197 197 198 198 199 199 199 199 199 199 199 199 200 199 199 199 199 198 197 197 201 205 208 210 212 210 207 202 197 198 205 207 202 197 196 196 197 197 197 199 203 206 203 198 201 203 202 200 193 192 198 201 198 198 202 204 206 210 212 209 207 207 206 207 205 202 200 197 194 198 209 209 198 186 187 194 199 205 209 209 209 212 213 208 198 190 196
194 195 195 196 196 196 196 197 198 198 199 199 199 199 199 198 199 199 199 199 199 199 199 198 197 194 193 195 200 202 206 209 210 206 197 190 191 197 201 197 194 193 194 195 195 195 197 198 201 199 196 197 201 203 202 195 190 196 202 204 203 206 210 210 211 212 207 204 207 207 207 207 206 204 200 196 198 208 215 210 194 184 189 201 209 213 212 210 211 212 211 206 197 194
195 195 195 196 197 196 196 197 198 198 198 199 199 199 199 199 198 199 199 199 199 199 198 197 195 192 190 193 197 201 206 210 208 203 194 187 188 193 196 193 191 192 193 196 196 194 195 194 196 197 197 198 201 206 206 200 197 199 205 210 210 210 215 218 217 212 204 203 210 213 212 212 212 207 198 194 196 205 213 213 202 187 188 199 206 207 206 206 208 211 213 213 209 204
195 195 195 196 197 196 196 197 198 198 198 199 199 199 199 199 199 199 198 199 198 198 198 197 194 191 190 192 197 204 209 209 205 202 196 188 188 191 193 193 194 195 196 198 199 197 196 196 198 202 203 204 207 211 211 205 203 205 209 216 215 211 214 219 219 211 201 202 212 218 216 213 209 201 194 193 196 202 209 213 207 196 192 197 202 205 207 210 213 216 218 219 219 218
195 195 195 196 197 196 197 198 198 198 199 199 199 199 199 199 199 199 198 198 198 197 196 196 194 191 190 191 194 198 201 201 202 205 201 189 186 191 194 197 200 200 200 201 201 200 200 202 205 209 210 210 210 213 213 206 203 207 212 219 218 211 208 213 217 212 199 197 208 216 213 205 199 195 192 192 194 198 206 212 210 204 200 199 202 208 214 216 219 221 223 223 222 221
195 196 196 196 197 197 197 198 199 199 199 199 199 199 200 199 199 199 198 198 198 197 195 195 194 191 189 188 188 190 194 198 202 207 206 190 183 191 197 200 202 202 202 204 205 205 206 209 211 212 213 212 213 215 214 208 203 206 213 218 216 206 199 205 213 213 202 194 204 211 206 199 197 195 192 191 191 194 201 209 211 209 207 204 201 205 211 213 213 217 219 221 221 220
195 195 196 196 197 197 197 198 199 199 199 199 199 200 200 199 199 199 199 198 197 196 195 193 193 191 190 188 186 187 192 199 202 205 204 194 184 191 199 201 204 206 208 210 211 211 213 214 214 215 215 215 216 217 216 213 208 208 214 219 217 205 194 198 210 214 210 200 199 204 203 201 201 199 195 191 189 190 197 207 210 209 209 208 203 201 208 210 208 211 213 214 214 214
195 195 196 197 197 197 198 198 199 199 199 199 199 200 200 200 199 199 199 198 197 196 195 193 192 191 190 189 188 189 192 196 198 200 202 199 193 195 202 206 209 212 214 214 214 214 213 213 213 213 214 215 215 214 212 210 210 211 216 223 222 211 195 193 205 213 213 205 197 198 204 208 208 204 198 192 190 194 202 208 210 210 211 214 212 203 204 208 206 205 206 208 211 215
196 195 196 197 198 198 199 199 199 200 200 199 199 200 200 200 199 199 198 198 198 197 196 194 193 191 190 189 191 190 188 189 193 197 203 204 201 202 208 214 215 216 215 213 212 212 210 210 211 211 212 211 210 209 207 206 209 211 214 221 223 215 199 191 198 209 212 208 202 202 209 216 215 207 198 194 193 200 207 209 209 211 214 217 219 210 198 203 205 201 201 205 210 215
196 196 196 197 199 199 199 199 200 200 200 199 200 200 200 199 199 199 198 198 198 197 196 195 193 191 189 188 188 186 184 186 191 199 206 207 207 211 217 217 215 214 213 211 211 210 208 208 209 211 210 207 205 206 206 205 206 208 210 214 217 214 203 192 193 205 213 213 209 208 211 213 209 200 196 197 194 195 204 209 206 207 212 215 218 213 197 195 201 201 200 204 210 212
196 196 197 198 199 200 200 200 200 200 200 199 200 200 200 199 199 199 199 198 198 197 196 195 193 191 189 185 183 183 185 188 193 200 206 208 211 217 218 215 212 210 209 208 208 207 204 203 204 206 205 201 201 205 206 201 200 203 205 207 209 209 205 197 194 203 215 219 215 210 207 202 198 198 198 200 192 187 199 209 205 202 206 210 216 214 202 192 196 200 201 204 210 213
197 197 198 200 200 200 201 201 200 199 200 200 200 200 200 199 199 199 199 198 198 197 196 195 194 191 188 183 181 185 189 190 193 199 206 209 209 212 213 212 211 209 206 203 203 204 203 200 199 202 203 199 195 197 199 196 193 195 199 201 203 207 209 206 198 202 216 221 216 208 200 198 201 203 201 198 190 182 191 204 205 204 207 210 216 216 206 194 192 198 202 205 213 218
199 199 199 200 200 200 200 200 200 200 200 200 200 200 200 199 199 199 199 198 198 197 196 196 194 192 189 185 184 188 191 190 193 200 206 208 207 207 209 209 208 206 203 200 200 202 201 198 196 199 203 198 189 189 194 195 192 192 197 202 205 209 214 213 205 202 214 219 211 203 199 203 209 204 198 195 188 181 186 199 205 206 207 210 214 215 206 195 192 197 200 207 216 222
200 200 200 200 201 201 200 200 200 200 200 200 200 199 200 200 199 199 199 198 198 197 197 196 195 193 191 189 187 189 191 192 193 198 203 204 205 205 205 204 202 200 199 199 198 195 196 196 195 196 200 197 188 186 193 199 198 198 203 210 213 212 214 214 209 205 210 212 205 200 203 208 207 197 191 192 188 183 186 198 205 205 205 207 208 206 201 198 197 197 199 208 218 223
