windninja/windninja_output/Output_2025-08-24_0600-0650_Google earth_Fire_150m_10min/merlingen_7.5mi_point_08-24-2025_0650_150m_ang.asc
ncols	158
nrows	163
xllcorner	391686.332397
yllcorner	5160024.123721
cellsize	150.000000
NODATA_value	-32768.000000
[rows 42 to 83 of 163, columns 0 to 93 of 158]
208 208 208 208 209 208 208 208 209 208 207 208 208 207 208 208 207 207 207 207 206 206 206 205 205 203 202 201 198 200 204 206 205 205 203 203 206 206 204 204 204 206 207 206 202 200 202 205 206 207 211 211 204 201 207 214 215 216 221 226 224 219 217 217 217 215 213 213 211 209 210 212 209 200 198 201 195 189 192 202 209 210 213 215 214 212 210 211 212 212 214 220 226 229
210 209 209 209 209 208 208 208 209 208 208 208 208 208 208 208 208 208 208 207 207 206 206 206 205 204 203 202 200 201 205 206 205 201 197 196 198 200 199 201 206 210 210 207 204 205 209 212 213 212 214 213 207 205 210 216 219 220 223 227 225 221 218 216 215 213 208 207 207 205 204 206 204 198 198 199 196 192 195 202 208 210 212 213 213 212 213 216 217 216 217 218 225 230
211 211 210 210 209 209 209 209 209 209 208 208 208 208 208 208 208 208 208 207 207 206 206 206 206 205 204 203 202 203 204 205 203 199 195 192 193 198 201 205 209 212 211 210 209 211 214 215 213 210 210 211 208 208 212 218 220 221 223 224 222 220 218 215 214 212 209 206 205 203 203 205 205 202 202 203 199 196 200 205 208 208 209 213 215 216 217 220 222 222 221 221 228 233
213 212 211 210 210 210 210 209 209 209 208 208 208 208 208 208 207 207 207 207 207 207 206 206 206 205 205 204 204 204 204 204 202 199 195 192 194 199 204 207 208 211 213 213 211 212 214 213 210 208 210 213 213 214 217 221 222 222 221 219 218 216 214 210 210 211 211 209 205 205 208 210 211 211 211 209 202 199 202 205 205 206 212 219 221 219 219 221 223 225 225 225 231 234
214 213 211 211 211 211 210 209 209 209 208 208 208 208 208 208 207 208 208 208 207 207 207 207 206 206 206 206 205 204 204 204 202 199 196 195 196 199 202 204 206 211 215 214 212 213 213 211 209 209 213 216 218 220 222 223 223 221 219 214 211 211 209 206 208 211 212 212 209 209 213 215 218 218 216 212 205 200 202 205 207 212 221 225 223 220 220 220 222 225 226 228 231 232
215 213 212 212 212 213 212 210 209 209 209 208 208 208 208 208 208 208 208 208 208 207 207 207 207 207 207 206 206 205 205 204 203 201 198 197 198 198 199 201 205 210 214 213 211 212 212 211 211 212 215 217 219 221 220 220 220 218 215 209 205 208 210 210 213 215 215 215 211 211 214 217 220 220 218 214 208 203 205 211 218 223 225 225 222 220 219 220 221 224 225 228 229 228
215 214 213 213 214 215 213 210 209 209 209 208 208 208 208 208 208 208 208 208 208 208 207 208 208 207 207 206 206 206 205 205 204 203 200 198 199 200 199 201 205 209 212 211 210 211 211 212 212 213 216 219 222 223 220 218 218 214 210 204 203 209 215 217 219 219 217 215 213 213 216 218 220 220 219 216 211 209 211 217 222 223 222 220 217 216 217 218 219 220 223 227 228 226
217 215 214 214 215 216 215 211 209 209 209 208 208 208 209 209 208 208 208 208 208 208 207 208 208 207 207 207 206 206 206 206 205 204 201 199 199 200 199 201 205 210 211 208 209 213 214 213 214 214 215 219 221 220 217 216 214 210 206 204 205 213 220 223 222 219 216 214 214 215 216 218 219 219 218 215 211 210 212 216 219 220 218 216 215 214 214 213 215 217 222 227 228 227
218 217 214 213 215 215 214 212 208 208 208 208 208 208 208 208 208 208 208 208 208 208 207 207 208 207 207 207 207 207 206 206 205 204 203 200 199 200 200 202 205 207 206 205 209 215 216 216 218 219 219 220 218 214 212 211 210 208 207 208 211 218 226 228 224 218 216 215 215 217 218 219 220 219 216 213 210 209 212 216 218 218 217 216 214 213 212 212 215 219 222 226 228 228
222 219 214 213 214 213 213 213 210 207 207 208 208 208 208 209 209 208 208 208 208 208 208 208 208 208 207 207 207 207 207 207 206 205 204 202 201 201 202 202 204 206 205 203 208 215 216 217 221 222 220 219 217 213 211 211 210 210 211 213 217 222 229 231 223 216 214 214 215 217 219 220 219 217 215 213 211 210 212 215 217 219 220 218 215 213 213 216 219 222 223 226 229 230
226 221 213 213 214 213 213 214 211 207 206 207 208 208 208 209 209 208 208 208 208 208 208 208 208 208 208 208 208 207 207 207 207 206 205 205 204 203 202 201 203 207 204 201 207 214 215 215 217 214 209 209 212 212 212 213 213 214 215 218 220 223 230 230 221 214 212 212 214 216 217 217 216 215 215 215 213 211 213 216 218 220 223 222 221 219 219 220 222 224 224 226 227 228
226 221 213 211 214 213 212 214 214 210 207 208 208 208 208 209 209 209 208 209 209 208 208 208 208 208 208 208 208 208 208 207 207 207 206 206 205 204 202 201 202 205 204 201 204 212 212 209 209 207 205 207 210 211 214 216 214 214 217 220 221 223 230 229 218 210 208 210 213 215 214 213 213 214 216 216 214 214 217 218 218 220 221 221 222 224 223 222 223 225 225 225 223 223
222 220 214 209 212 212 210 213 216 214 210 208 208 208 208 208 209 209 209 209 209 208 208 209 208 208 208 208 208 208 208 208 208 207 207 207 206 205 204 202 201 205 206 204 205 209 208 203 204 204 206 210 211 214 219 218 212 213 216 219 220 223 228 225 215 207 204 205 209 211 210 211 214 216 216 216 214 216 219 217 216 218 218 218 218 221 223 223 223 224 224 223 220 219
219 220 217 213 215 216 213 214 217 216 213 209 209 208 208 209 209 209 209 209 209 209 209 209 208 208 208 208 208 208 208 208 208 208 208 207 207 206 206 204 203 207 210 209 206 205 203 200 200 202 205 211 212 215 221 218 211 212 215 217 217 220 223 222 213 205 203 203 207 210 211 214 217 217 216 215 214 215 217 214 212 214 216 216 216 218 218 219 221 224 226 225 220 218
219 220 220 217 218 219 217 214 216 218 215 211 210 209 208 209 209 209 209 209 209 209 209 209 208 208 209 209 209 209 208 208 208 208 208 208 208 207 207 206 206 208 209 208 205 201 197 196 198 199 203 211 213 217 222 217 210 212 214 215 216 218 222 221 214 206 204 204 209 214 216 216 215 214 214 213 213 214 214 212 211 213 215 215 216 217 216 217 218 223 229 229 221 214
221 220 219 218 216 217 216 213 214 216 214 211 211 210 208 208 209 209 209 209 209 209 209 209 208 208 209 209 209 209 209 209 209 209 209 208 208 208 208 208 208 208 208 207 204 201 197 195 196 196 201 212 216 219 223 215 208 210 212 213 215 218 222 223 217 208 204 206 211 215 215 214 213 212 212 210 210 212 211 210 210 212 215 217 219 221 221 220 219 220 223 220 209 207
221 220 219 218 217 216 215 213 211 213 213 211 212 213 211 208 208 209 209 209 209 209 209 209 209 209 209 209 209 209 209 209 209 209 209 209 209 209 208 208 208 208 208 207 206 204 202 198 195 192 197 211 217 220 222 214 207 210 213 213 215 219 222 223 218 210 205 204 208 211 211 212 213 212 210 208 208 209 208 208 209 212 215 218 221 224 224 223 221 218 217 212 206 210
221 220 219 219 219 218 217 215 213 214 214 212 213 215 213 210 208 208 208 208 209 209 209 209 209 209 209 209 209 209 209 209 209 209 209 209 209 209 209 209 209 209 208 208 207 206 205 202 196 189 191 206 216 220 220 214 209 212 215 215 216 219 222 223 220 213 205 202 205 210 211 211 211 210 208 207 208 208 208 209 210 214 216 217 219 222 222 221 219 216 216 215 214 219
221 221 220 220 220 219 219 218 217 215 213 210 210 212 213 211 209 208 208 208 208 208 209 209 209 209 209 209 209 209 209 209 209 209 209 209 209 209 209 209 209 209 209 208 208 207 206 204 200 192 186 198 215 220 219 215 213 215 217 217 218 220 223 224 221 215 207 202 206 212 212 210 210 209 207 206 208 209 210 212 213 215 218 218 218 220 220 219 217 217 218 219 219 222
222 222 222 221 220 220 220 219 217 215 211 207 206 209 212 213 211 209 208 207 208 208 209 209 209 210 210 210 210 209 210 210 210 210 210 210 210 210 210 210 210 209 209 209 209 208 207 206 203 198 189 195 214 221 220 218 218 220 220 220 221 222 224 224 221 216 210 204 208 212 210 210 210 208 206 207 209 210 211 213 214 217 220 221 221 221 220 218 218 218 217 219 221 222
224 224 223 222 220 220 219 218 217 215 213 208 206 208 210 213 213 211 209 208 208 208 209 209 210 210 210 210 210 210 210 210 210 210 210 210 210 210 210 210 210 210 210 209 209 209 208 207 206 202 196 196 211 219 219 220 223 224 223 222 221 221 221 221 220 217 211 207 209 210 209 209 210 207 206 207 210 211 212 213 215 217 221 223 223 223 223 220 219 219 217 222 225 225
228 227 226 224 222 220 219 218 217 216 215 211 207 207 207 211 213 212 211 209 208 207 208 209 209 210 210 210 209 210 210 210 210 210 210 210 210 210 210 210 210 210 210 210 210 209 209 209 207 206 201 198 206 213 212 217 224 225 222 220 217 216 218 221 225 222 214 210 209 208 208 209 209 206 205 207 209 210 210 212 215 217 219 222 221 222 223 221 221 222 222 225 226 226
232 231 228 225 223 221 221 221 219 218 216 213 207 205 206 208 211 212 212 211 209 208 208 208 208 209 211 210 210 210 210 210 210 210 210 210 210 210 210 210 210 210 210 210 210 210 210 210 209 208 205 201 205 209 206 212 222 223 220 217 213 215 222 230 234 228 216 209 207 207 207 209 209 206 204 206 207 207 207 209 213 216 218 219 220 222 222 221 222 221 223 225 226 228
232 230 226 224 222 222 221 222 222 220 218 216 209 205 205 206 208 210 212 213 211 210 209 209 208 209 210 210 210 210 210 210 210 210 210 210 211 211 211 211 211 211 211 211 211 211 210 210 210 209 208 207 207 210 206 208 219 221 219 217 214 217 225 229 226 218 209 205 205 206 207 209 210 207 204 203 204 204 204 209 214 216 217 218 219 223 223 221 220 219 221 224 227 230
226 224 223 223 222 221 218 218 219 219 217 215 211 206 204 206 207 209 211 212 211 210 210 209 208 208 210 210 210 210 210 210 210 210 211 211 211 211 211 211 211 211 211 211 211 211 211 211 211 211 211 210 210 212 210 209 218 222 222 220 215 212 216 218 216 211 207 205 205 206 207 210 210 206 203 201 202 203 204 209 213 214 213 211 215 222 223 220 220 221 222 224 227 230
212 215 218 219 220 217 213 213 217 218 216 214 211 207 204 205 208 207 208 210 210 210 210 210 208 209 211 212 212 211 211 210 210 211 211 211 211 211 211 211 211 211 211 211 211 211 212 212 212 212 212 212 212 213 214 216 223 230 230 226 215 207 210 214 214 212 209 207 207 207 207 210 210 206 202 201 201 201 202 205 207 208 208 207 217 227 226 222 222 222 222 224 228 231
191 203 210 211 212 210 205 207 215 218 215 211 209 208 205 204 207 207 206 209 210 210 210 210 209 209 212 214 214 213 211 211 211 211 211 211 211 211 211 211 211 211 212 212 212 212 212 212 212 212 213 213 214 214 216 218 224 231 235 230 218 210 213 216 215 213 211 209 208 207 207 210 211 206 203 202 201 199 199 202 204 207 211 216 231 237 229 222 222 222 223 226 230 232
182 195 209 211 212 211 205 204 210 212 207 204 204 204 203 203 205 207 208 208 210 210 211 211 210 211 215 217 215 213 212 211 210 211 211 211 211 211 211 211 211 212 212 212 212 212 212 213 213 213 213 214 214 215 216 218 221 224 228 229 223 218 219 220 218 215 213 211 208 207 208 211 211 206 203 203 202 199 198 202 207 213 221 229 242 242 227 221 222 223 224 226 229 230
197 205 221 227 228 224 215 208 211 213 208 205 205 205 204 204 206 208 209 208 209 210 212 212 210 211 216 217 214 212 212 211 210 210 210 211 211 211 211 211 212 212 212 212 212 213 213 213 213 213 214 214 215 215 216 217 219 220 222 223 222 222 225 229 228 224 220 215 212 209 210 212 211 204 203 205 204 200 198 203 212 222 229 238 245 238 224 222 223 224 223 224 225 225
213 217 229 240 245 243 234 226 226 226 221 218 217 215 212 209 209 210 210 209 209 211 212 212 208 206 212 215 214 212 211 211 210 210 210 210 211 211 211 211 212 212 212 212 213 213 213 213 213 214 214 214 215 215 216 217 218 219 219 220 220 221 223 227 229 231 230 227 221 214 211 213 212 206 204 206 205 201 200 208 219 228 234 243 242 229 221 221 223 225 224 224 223 220
224 226 230 235 239 241 239 239 242 240 235 233 231 226 222 218 214 213 211 210 209 210 210 209 204 201 208 214 215 213 211 211 211 210 209 210 210 211 211 211 212 212 212 213 213 213 213 214 214 214 214 215 215 216 216 217 217 218 218 219 219 219 220 222 223 225 226 229 227 223 219 221 218 211 208 209 209 205 204 212 223 231 238 242 236 222 218 221 226 226 224 224 225 223
232 233 235 236 238 239 238 238 241 240 235 232 229 226 224 221 218 216 215 212 210 210 209 208 204 201 206 213 216 215 213 212 212 211 208 208 210 210 211 211 212 212 212 213 213 213 214 214 214 214 215 215 215 216 216 216 217 217 218 218 218 218 219 220 220 220 221 222 224 227 230 234 229 218 214 213 212 209 206 214 224 232 238 237 228 219 219 223 227 226 222 222 225 227
238 239 242 243 243 243 241 240 239 236 232 229 226 223 220 218 217 216 215 214 212 212 211 210 206 203 205 211 215 216 215 213 213 211 208 207 209 210 210 211 211 212 212 213 213 213 214 214 214 215 215 215 215 216 216 216 217 217 217 218 218 218 218 219 219 218 219 219 220 222 224 226 224 216 212 211 210 209 208 214 224 230 233 230 223 221 222 224 226 225 222 218 216 217
244 245 249 251 252 252 249 244 240 235 231 229 225 222 220 218 216 215 214 213 213 214 214 213 209 205 206 210 213 216 215 214 214 214 212 210 210 210 210 210 211 212 213 213 213 214 214 214 215 215 215 215 215 216 216 216 216 217 217 217 217 218 218 218 218 218 218 218 219 219 219 217 215 211 207 208 206 205 207 213 222 228 230 226 222 221 222 224 226 227 227 218 211 218
247 249 253 258 263 263 259 251 244 237 232 228 225 222 219 217 215 214 213 213 212 213 213 212 211 208 209 211 212 214 215 216 217 218 218 214 212 211 210 210 210 212 213 213 214 214 214 215 215 215 215 215 216 216 216 216 216 217 217 217 217 217 217 218 218 218 218 218 218 217 217 215 214 211 207 205 202 201 204 214 224 230 231 229 228 227 228 229 230 234 235 225 219 224
251 252 255 262 270 275 272 263 251 239 230 225 223 221 219 217 215 213 213 212 212 212 212 211 210 210 211 212 212 213 217 219 219 219 218 215 212 212 211 210 210 211 213 213 214 215 215 215 215 215 216 216 216 216 216 216 216 216 217 217 217 217 217 217 217 218 217 217 217 217 216 215 214 212 208 204 200 196 201 218 229 231 232 233 234 237 238 236 234 232 224 215 216 223
256 255 253 261 276 285 285 272 250 233 223 220 219 219 217 215 214 212 212 212 212 212 212 211 209 210 212 213 212 211 214 217 216 216 216 214 212 212 212 211 210 211 213 214 215 215 216 216 216 216 216 216 216 216 216 216 216 216 217 217 217 217 217 217 217 217 217 217 217 217 216 215 215 213 210 206 200 193 200 222 230 228 228 230 228 228 229 227 222 219 215 212 215 221
255 252 247 247 262 277 278 253 226 214 211 213 215 215 214 213 213 211 211 211 212 212 212 210 207 208 211 212 210 208 209 213 215 216 217 215 213 212 214 213 211 211 214 215 216 217 217 217 217 217 217 216 216 216 216 216 216 216 216 217 217 217 217 217 217 217 217 217 217 216 216 215 215 214 211 208 202 195 199 219 226 222 220 219 218 218 219 218 217 216 216 218 220 221
247 243 234 233 233 227 208 190 193 195 199 205 211 213 212 212 212 211 210 211 211 212 212 210 205 206 210 212 211 208 207 210 212 214 215 215 213 212 214 214 212 212 215 217 218 219 220 220 221 220 218 216 216 216 216 216 216 216 216 217 217 217 217 217 217 217 217 217 217 216 216 215 215 214 212 210 206 200 200 211 215 213 213 213 214 216 218 218 217 220 221 223 224 222
245 244 237 230 227 222 206 192 192 194 194 200 208 211 212 213 213 212 210 210 211 211 211 209 205 206 210 212 211 209 207 207 209 211 214 215 214 212 213 214 212 211 215 219 222 225 225 226 228 226 221 217 215 215 215 215 216 216 216 217 217 217 217 217 217 217 217 217 217 216 216 215 215 214 213 211 208 203 200 200 199 204 209 212 214 218 220 219 218 221 222 224 225 223
255 252 239 228 226 224 215 206 201 200 199 202 208 211 213 213 214 213 212 210 211 211 211 208 205 206 209 211 211 210 209 209 211 214 216 217 215 214 214 214 212 211 212 214 216 218 218 219 220 220 217 215 214 214 214 215 216 216 216 217 217 217 217 217 217 217 217 217 217 216 216 215 215 214 213 212 209 205 200 194 189 196 207 213 216 219 220 219 219 221 222 223 224 222
243 233 220 222 224 224 220 215 213 211 209 209 211 214 216 216 216 216 214 212 211 210 210 208 203 203 207 208 209 211 211 211 213 217 219 221 220 218 216 215 213 211 209 209 209 208 207 207 209 210 210 210 210 210 213 215 216 216 217 217 217 217 217 217 217 217 217 217 217 216 216 216 215 215 214 212 210 206 202 194 185 189 201 209 216 221 222 221 221 223 225 225 225 224
