windninja/windninja_output/Output_2025-08-24_0600-0650_Google earth_Fire_150m_10min/merlingen_7.5mi_point_08-24-2025_0610_150m_ang.asc
ncols	158
nrows	163
xllcorner	391686.332397
yllcorner	5160024.123721
cellsize	150.000000
NODATA_value	-32768.000000
[rows 0 to 41 of 163, columns 0 to 93 of 158]
217 217 216 215 214 216 215 213 213 214 214 211 209 211 217 225 233 234 232 235 229 214 210 213 218 221 221 217 216 217 217 219 221 220 219 223 228 229 230 228 224 223 224 225 227 228 231 230 221 215 213 212 212 213 214 216 216 217 218 218 216 215 215 214 212 211 212 215 218 218 217 216 216 215 215 216 217 220 221 219 218 217 219 222 224 223 220 220 222 220 219 220 219 217
217 217 216 215 216 217 217 217 218 217 214 210 207 209 216 222 225 225 224 226 221 210 208 213 218 220 219 216 217 218 219 220 220 220 220 223 224 224 224 222 221 221 221 221 222 222 223 222 218 215 215 215 216 217 217 217 217 216 217 217 216 215 215 214 212 212 214 217 218 218 216 216 215 215 215 216 217 219 219 217 217 218 220 222 223 222 219 220 222 221 221 221 221 220
216 216 215 215 217 218 217 218 219 216 210 204 203 207 214 219 218 216 217 218 214 206 204 211 218 219 217 216 218 220 221 221 220 219 219 220 219 218 217 216 216 216 216 217 216 215 214 214 213 213 215 216 218 219 218 217 216 215 216 216 215 214 213 213 213 213 215 218 219 217 215 215 215 214 215 215 215 218 218 215 214 217 220 220 221 219 214 216 219 220 221 221 220 218
211 214 215 214 216 215 213 213 211 208 204 200 201 206 212 217 217 215 216 216 215 209 203 206 214 215 214 214 214 215 217 219 219 218 217 216 216 217 216 214 213 212 212 213 212 211 211 212 211 210 211 212 213 215 215 215 215 215 215 215 214 213 213 213 213 213 215 218 220 218 215 215 216 216 216 216 215 217 219 215 212 215 219 217 219 218 211 210 213 213 215 217 215 213
206 211 214 214 215 213 210 209 208 207 206 201 201 205 212 217 218 218 218 219 217 213 205 201 207 210 210 210 209 210 211 213 214 214 214 214 215 215 214 211 209 208 209 209 209 210 211 211 211 211 211 212 213 214 215 215 216 216 215 215 215 214 213 214 213 213 214 218 220 218 216 217 217 216 217 217 218 219 219 217 213 215 218 216 218 219 211 206 207 207 209 211 210 206
208 211 213 214 214 212 210 211 211 211 208 204 201 206 213 218 220 222 222 222 221 218 209 199 202 207 209 209 208 208 209 210 211 211 211 211 211 210 209 208 206 207 208 209 211 212 212 212 212 213 213 214 214 215 216 216 216 215 215 214 214 213 213 213 213 213 214 217 219 216 216 218 217 215 214 216 218 219 219 218 217 218 219 217 217 219 216 208 206 204 204 206 205 201
212 213 214 214 214 213 212 213 213 212 209 205 202 206 216 219 221 222 221 220 220 220 213 201 199 205 209 210 209 208 209 210 210 210 209 208 207 207 207 208 208 209 211 213 214 215 215 214 214 214 214 214 214 215 216 217 217 216 214 213 211 210 210 212 213 213 213 216 217 214 213 215 215 212 211 213 215 216 215 216 218 217 216 217 218 221 220 215 211 205 203 205 205 203
214 214 214 215 216 216 217 217 215 212 209 204 201 206 215 219 219 219 219 218 218 219 215 206 199 202 208 209 209 209 210 211 211 211 211 210 209 209 210 211 212 213 215 216 217 217 216 216 215 214 214 215 214 214 217 217 216 214 212 210 208 207 208 210 212 212 213 215 216 213 211 213 214 212 210 212 216 217 215 215 219 218 214 214 216 218 218 216 212 207 205 207 210 211
214 215 216 217 218 220 221 220 217 213 209 204 200 204 213 218 217 218 218 218 219 219 215 209 201 197 202 206 207 209 213 213 213 214 215 215 214 214 216 217 218 218 218 218 218 217 217 217 215 213 214 215 214 215 217 216 213 212 210 209 210 209 208 210 213 214 213 213 213 212 213 216 217 215 213 214 218 218 216 217 220 219 212 209 209 209 210 210 206 201 200 201 205 205
215 216 218 217 218 219 220 219 216 213 210 206 201 203 212 217 217 217 216 216 217 217 215 210 204 197 197 204 206 208 213 213 212 215 217 217 217 218 219 220 220 220 219 219 220 219 218 218 216 213 215 216 215 215 217 217 214 214 215 215 216 214 212 214 216 216 214 212 212 213 217 219 218 217 216 217 220 219 214 214 217 217 212 207 207 206 206 206 201 199 200 200 199 198
216 217 218 218 218 218 218 217 215 213 211 208 203 203 211 217 218 217 215 215 215 215 214 211 206 201 197 202 207 208 213 214 214 217 219 220 219 219 220 220 219 219 219 220 221 222 220 220 220 218 220 220 217 218 221 223 223 224 225 225 225 224 221 221 222 220 218 216 214 217 220 219 217 216 217 219 222 219 211 209 212 213 212 209 208 205 204 206 203 201 205 205 202 200
217 217 218 218 218 217 217 216 214 213 212 210 206 204 210 216 217 217 216 215 216 216 215 213 209 205 203 205 209 211 215 218 218 219 222 222 222 221 220 220 220 220 220 220 222 223 222 225 227 229 232 232 232 234 237 238 237 236 236 237 240 241 239 236 234 231 227 222 217 218 219 218 216 214 213 214 214 213 207 204 208 210 210 208 204 200 203 208 205 201 207 212 209 204
218 218 218 218 218 217 217 216 215 214 213 211 208 207 211 217 218 217 217 216 216 217 217 216 214 212 210 211 213 215 217 219 219 220 222 224 224 222 221 220 221 221 220 220 222 223 224 228 235 240 243 246 249 253 256 255 250 245 244 247 252 254 255 259 260 253 245 233 220 216 217 217 216 211 206 205 206 207 204 202 204 207 208 207 204 201 204 209 205 200 207 215 213 207
219 219 219 218 218 217 217 216 216 215 214 212 210 208 213 220 222 219 218 218 218 218 220 221 220 217 214 213 214 216 218 220 221 221 222 223 223 222 222 221 223 225 226 229 232 233 230 229 233 238 242 245 248 253 260 264 261 252 244 243 245 246 246 251 259 262 261 254 234 218 217 217 216 209 203 203 206 208 208 206 206 206 206 209 209 207 209 213 210 205 212 220 220 218
220 219 219 219 218 218 218 217 216 215 214 213 210 207 211 218 221 219 219 221 221 222 223 223 221 218 214 214 215 216 219 222 222 221 219 220 221 223 225 228 233 236 240 244 245 242 238 230 227 229 233 234 235 237 241 246 247 240 230 229 231 230 228 227 230 235 238 242 248 229 214 215 214 209 206 208 211 215 216 216 212 209 210 214 216 215 217 220 218 217 225 235 236 236
220 220 219 219 219 219 218 217 217 216 215 213 210 206 208 215 217 216 216 220 222 221 221 220 220 218 214 214 216 216 217 217 216 217 219 224 229 233 235 238 242 241 239 239 236 233 233 231 227 226 225 222 218 218 220 223 224 220 215 219 223 223 220 217 217 221 221 223 225 217 198 213 215 213 211 211 214 219 221 220 215 213 217 222 224 225 228 230 229 229 233 241 242 242
220 220 220 219 219 219 218 218 217 216 215 213 211 207 207 214 217 217 216 216 218 218 218 218 218 217 214 213 214 214 214 216 218 222 230 236 240 241 239 237 234 230 227 227 225 223 225 225 224 222 220 216 212 213 215 218 219 215 209 213 219 221 219 215 214 219 219 217 217 213 204 210 222 217 212 212 215 218 218 217 216 217 223 229 233 238 239 240 242 236 231 231 232 233
221 221 220 220 219 219 218 217 217 216 215 214 213 211 209 215 220 219 217 217 217 218 218 218 219 219 217 215 214 216 218 221 224 228 231 232 232 230 227 225 224 223 224 225 224 223 222 219 216 216 216 215 214 215 217 217 218 215 209 210 217 219 217 214 213 217 218 217 217 216 211 206 210 213 210 211 213 215 219 223 225 228 230 234 238 242 243 241 240 237 230 227 227 228
221 221 220 220 219 219 218 218 217 216 216 215 214 213 213 216 221 222 221 221 221 220 220 220 221 221 219 218 218 221 223 224 224 224 224 226 226 224 223 223 224 224 225 224 224 223 221 216 215 217 217 217 217 217 216 215 215 215 211 211 216 219 217 214 213 215 218 219 218 216 210 204 204 208 208 212 219 228 236 240 241 241 238 234 232 231 231 230 233 233 227 225 227 227
222 222 221 220 219 219 218 218 217 217 216 216 215 214 214 216 220 223 222 222 221 220 219 219 220 220 219 219 219 221 222 221 222 224 226 228 228 225 222 221 220 220 221 221 220 219 218 215 216 220 221 219 218 215 213 212 213 214 214 214 218 222 220 216 215 217 220 219 215 211 207 203 205 207 206 208 220 236 243 243 241 239 234 227 225 225 225 226 230 231 223 217 224 227
222 222 221 220 220 219 219 218 218 217 216 216 215 215 215 216 218 220 219 219 218 218 217 217 217 218 219 219 219 218 218 218 220 222 222 222 221 218 214 215 216 217 219 219 218 218 218 218 217 220 221 219 217 213 212 213 213 214 216 217 219 222 222 217 216 217 216 215 212 209 207 207 209 211 208 204 209 217 225 230 230 229 227 223 221 223 224 226 229 229 221 211 219 226
222 222 221 221 220 219 219 218 218 217 216 217 216 215 215 216 216 217 217 217 217 216 216 216 217 217 218 218 218 217 215 214 215 216 214 214 215 214 213 214 215 216 217 218 219 220 221 219 216 217 218 217 216 214 214 214 215 214 215 217 218 221 221 217 215 214 211 210 211 211 211 211 213 215 210 201 201 209 215 220 223 224 225 222 217 219 221 223 227 226 218 208 213 222
223 222 221 221 220 219 219 218 218 217 216 216 216 215 215 215 215 216 215 215 215 215 215 215 215 216 216 217 217 216 213 210 211 213 214 215 217 218 217 216 216 216 217 219 221 220 218 216 215 215 217 217 217 216 214 213 214 213 213 216 218 220 221 216 212 209 206 208 212 213 213 213 215 216 210 197 195 203 210 215 219 219 221 221 216 215 215 218 223 223 216 205 209 220
223 222 221 221 220 219 219 219 218 217 216 215 215 215 214 214 214 214 214 214 214 214 214 214 214 214 216 218 219 217 213 209 211 215 217 220 222 222 220 217 215 215 216 219 219 216 214 215 215 215 217 218 217 216 214 212 213 212 210 213 217 220 221 216 209 206 207 211 215 217 216 216 217 215 209 199 194 200 207 213 217 217 219 220 217 214 212 216 222 223 217 207 211 220
223 223 222 221 221 220 219 219 218 218 216 215 215 215 214 214 214 214 214 213 213 213 213 213 213 214 216 219 222 220 215 212 213 216 219 220 221 222 221 217 215 214 214 215 215 214 214 216 217 217 218 218 217 215 214 212 212 212 210 212 217 220 220 216 210 210 214 218 221 223 222 219 216 213 209 205 202 203 206 210 214 215 215 217 218 216 213 217 224 225 216 207 212 220
224 223 222 222 221 220 219 219 218 217 216 216 215 215 214 213 213 213 213 213 213 213 212 212 212 212 214 219 222 221 218 216 214 214 216 217 219 221 221 217 214 212 212 214 216 215 216 218 218 217 217 218 219 217 215 211 211 213 214 215 217 218 216 213 211 211 214 218 221 224 224 219 215 213 209 206 210 210 204 204 209 211 211 213 215 214 210 212 222 224 213 203 209 217
224 223 222 222 221 220 219 218 218 217 216 215 215 214 214 214 213 213 213 213 212 211 211 210 210 209 210 216 221 221 219 219 218 215 214 214 216 220 220 215 212 211 211 214 215 213 214 216 216 215 215 218 219 217 213 208 209 214 216 214 215 216 216 215 214 214 213 214 217 220 221 218 214 212 206 203 211 216 206 196 203 208 209 210 212 212 208 209 218 221 211 199 205 213
224 223 222 222 221 220 219 219 218 217 216 216 215 214 214 213 213 212 212 212 211 210 209 208 208 206 207 213 217 218 219 221 220 218 216 214 214 218 220 215 211 211 210 211 211 208 209 213 215 214 212 214 215 214 211 204 205 211 212 210 213 218 219 218 219 218 215 213 215 218 220 218 213 209 203 199 208 216 212 198 198 205 208 210 212 212 209 211 218 219 212 199 199 209
224 223 223 222 221 220 219 219 218 217 216 216 215 214 213 213 212 211 211 211 210 209 209 208 206 203 203 207 211 213 216 219 218 216 214 209 208 214 217 212 207 207 206 207 206 205 206 210 214 212 207 209 212 212 210 201 198 206 211 212 215 217 217 216 218 218 214 212 215 218 220 217 212 208 203 200 206 218 219 210 200 200 206 211 216 218 216 216 219 220 215 206 199 205
224 224 223 222 221 220 219 218 218 217 216 215 215 214 213 212 211 211 210 210 210 209 208 207 204 200 199 202 206 207 210 215 216 214 207 199 199 207 211 206 202 202 202 204 203 202 204 206 209 207 203 205 209 212 210 201 195 204 214 218 220 220 219 218 218 218 213 210 217 221 221 218 214 211 205 202 206 218 224 221 209 198 204 215 221 222 220 219 219 219 217 214 207 205
224 224 223 222 221 220 219 218 217 216 215 215 214 213 213 212 211 210 210 210 209 208 207 205 203 199 198 200 204 206 211 215 215 211 203 194 195 202 206 203 200 200 201 203 203 201 202 203 205 205 204 205 209 213 212 205 202 209 218 225 225 222 224 224 223 220 212 211 222 228 227 223 220 214 205 201 204 213 221 223 215 201 203 214 218 217 216 216 217 218 219 219 218 216
225 224 222 222 221 220 218 217 217 216 215 215 214 213 213 212 211 210 210 209 208 207 206 205 202 199 198 199 203 209 215 216 213 211 205 195 194 201 204 203 202 203 204 206 206 204 204 206 208 211 211 212 214 218 217 209 209 215 223 230 227 220 220 224 226 221 211 212 224 231 228 223 219 210 201 200 203 209 217 222 217 206 205 212 216 217 219 220 222 224 224 225 225 228
225 224 222 222 221 220 218 217 216 215 214 214 213 213 212 211 210 210 209 209 208 207 205 204 202 199 197 197 199 203 207 209 210 214 211 197 193 202 205 206 208 208 208 209 209 208 210 212 214 217 219 219 219 221 219 211 209 216 224 231 229 219 214 219 224 221 210 208 220 227 223 215 210 204 199 199 201 206 214 221 219 212 211 213 217 222 227 227 227 229 230 230 229 230
224 224 222 222 222 220 218 217 216 215 214 214 213 212 212 211 210 210 209 208 208 206 204 203 202 199 197 195 193 196 201 206 209 215 215 198 191 202 207 208 211 210 210 212 213 214 216 218 219 221 222 221 222 223 221 214 211 215 222 227 226 214 205 211 221 221 213 208 217 223 217 209 207 203 199 197 197 201 209 217 218 215 215 215 213 216 222 223 222 224 226 228 229 230
224 223 222 222 221 219 217 216 216 215 214 213 213 212 212 211 210 210 209 208 207 206 204 203 202 199 197 194 192 194 201 208 210 213 213 202 191 201 208 208 211 213 214 217 219 221 222 222 223 224 224 224 225 225 224 221 218 219 224 227 225 213 200 205 218 222 220 214 215 218 214 211 210 206 202 198 197 199 206 214 216 215 215 217 213 211 217 219 217 219 221 222 224 226
223 222 221 221 220 218 216 216 215 214 213 213 212 212 211 211 210 210 209 208 207 206 205 203 202 200 198 196 194 197 202 206 208 210 211 206 199 202 210 212 215 218 220 221 222 223 222 221 222 222 222 223 223 222 221 220 221 223 227 231 230 219 202 201 213 220 221 218 214 216 217 217 216 212 207 201 199 205 213 217 217 215 217 221 220 213 213 217 215 214 215 216 220 225
223 223 221 221 219 217 216 215 215 214 213 213 212 212 211 211 210 209 209 208 208 207 205 204 202 200 198 196 197 199 199 200 203 208 212 211 207 207 214 219 220 221 221 220 220 220 218 218 220 220 221 219 218 217 216 216 218 221 224 230 231 223 208 199 207 217 221 220 216 216 220 225 224 216 208 203 202 209 217 220 219 218 220 223 225 219 209 212 213 210 210 215 220 226
223 222 221 220 219 217 216 215 215 214 213 212 212 211 211 210 210 209 209 208 208 207 206 204 203 200 198 196 196 196 195 197 203 210 215 214 211 215 220 222 220 220 219 218 219 218 217 216 217 219 219 216 214 216 216 215 215 217 219 223 226 223 212 200 202 215 223 225 221 217 219 222 220 211 205 205 202 202 212 219 216 216 218 220 224 222 207 204 210 210 210 214 220 224
222 221 220 219 218 217 216 215 214 213 213 212 212 211 211 210 210 209 209 209 208 207 206 205 203 201 197 193 192 195 197 199 204 211 214 214 214 219 222 220 218 216 216 216 216 215 213 211 211 213 214 210 209 213 215 211 208 211 213 215 217 217 212 204 202 214 227 231 225 217 215 212 209 207 205 207 201 193 206 216 213 210 213 217 223 222 210 200 205 209 210 215 222 226
221 221 220 219 218 216 216 215 214 213 212 212 212 211 211 210 210 210 209 209 208 207 206 205 204 201 198 193 192 198 202 202 205 210 213 213 212 215 217 217 217 216 214 212 211 212 211 208 207 210 212 208 203 205 208 204 200 202 206 208 210 212 214 212 206 212 228 232 224 216 211 209 210 210 207 207 199 186 197 211 211 210 214 219 225 224 215 202 201 207 210 215 226 230
220 220 219 218 217 216 215 214 214 213 213 212 211 211 211 210 210 210 209 209 208 207 207 206 205 203 199 197 197 202 205 204 205 210 213 212 210 211 213 214 214 213 211 209 208 210 209 206 203 207 212 207 197 197 202 203 198 199 204 209 211 214 218 219 212 212 225 228 220 213 211 214 218 211 205 205 197 185 190 205 210 210 213 218 223 224 215 203 201 205 208 216 227 232
219 218 217 217 216 215 214 214 214 213 212 212 211 211 211 211 210 210 209 209 208 208 207 207 206 204 202 201 199 202 206 206 206 208 209 208 209 211 211 210 208 207 207 207 206 203 203 202 201 204 209 206 197 195 202 207 205 205 211 217 218 216 218 219 216 213 220 221 215 211 212 216 215 204 200 203 195 186 190 203 210 209 211 215 217 215 210 205 204 206 208 217 227 231
