windninja/windninja_output/Output_2025-08-24_0600-0650_Google earth_Fire_150m_10min/merlingen_7.5mi_point_08-24-2025_0600_150m_ang.asc
ncols	158
nrows	163
xllcorner	391686.332397
yllcorner	5160024.123721
cellsize	150.000000
NODATA_value	-32768.000000
[rows 0 to 41 of 163, columns 0 to 93 of 158]
234 234 235 234 235 237 236 234 233 235 234 230 224 223 229 238 247 250 249 254 253 238 229 230 235 240 240 235 233 233 233 234 236 235 233 238 242 243 244 241 237 236 237 238 239 241 244 244 236 229 226 224 224 225 225 226 226 227 228 228 225 224 224 222 220 218 220 223 225 226 225 224 223 222 221 222 223 226 227 225 224 222 224 227 228 227 224 224 225 223 222 223 222 220
234 235 236 235 237 238 237 237 239 238 235 229 223 223 229 236 241 243 245 248 246 236 230 231 235 238 237 235 235 235 235 235 235 234 235 237 238 238 238 236 235 235 234 234 235 235 236 236 233 230 229 228 228 228 228 227 226 226 227 227 226 225 224 222 220 220 221 224 226 225 224 223 222 221 221 222 223 225 225 223 223 223 224 226 227 227 223 223 225 224 224 224 224 223
233 235 236 236 238 238 236 238 241 239 234 225 220 223 229 235 236 236 239 240 237 233 231 233 235 235 233 234 236 236 236 237 236 235 235 235 233 232 232 231 231 231 231 231 231 229 228 227 227 228 229 229 230 230 229 227 226 225 225 225 224 223 222 222 221 221 223 225 226 225 222 222 222 221 222 221 221 223 224 221 219 222 225 224 225 224 219 220 223 224 225 225 223 222
230 233 234 234 237 235 234 234 234 232 228 221 220 224 230 236 236 235 236 236 235 233 230 230 233 232 230 230 230 231 233 234 235 235 234 233 232 232 231 230 228 227 228 228 227 226 225 225 223 223 223 224 224 225 225 225 225 225 225 224 223 222 222 222 222 221 222 225 227 225 222 222 223 223 223 222 221 223 224 221 216 220 223 221 223 223 216 215 217 217 219 220 219 217
229 233 234 233 235 234 233 235 234 231 226 220 219 225 233 237 238 237 237 236 235 235 231 227 230 229 227 226 224 225 226 228 230 231 231 231 231 230 229 228 225 224 224 224 224 224 224 224 223 223 222 222 223 224 225 225 226 226 225 225 224 222 222 222 222 221 222 225 227 225 223 223 224 223 223 224 224 225 225 222 218 220 223 221 222 223 216 211 212 211 213 215 214 210
233 235 235 234 235 234 235 237 236 233 229 224 222 228 236 238 239 239 238 238 238 238 235 229 230 230 228 226 224 223 223 225 226 226 226 227 227 226 225 224 222 223 224 224 225 225 225 224 224 224 223 223 224 225 226 226 226 225 224 224 223 222 221 222 221 221 221 225 226 223 222 224 224 222 220 222 224 225 224 222 222 223 224 222 222 224 220 214 212 210 209 210 209 205
236 238 238 237 236 236 237 238 236 233 230 227 225 230 238 240 239 238 236 236 237 239 238 233 231 232 231 230 227 225 224 225 225 224 223 223 223 223 223 223 223 224 226 227 227 227 227 226 225 224 223 224 224 224 226 226 226 225 224 222 221 219 219 220 221 220 221 224 224 220 219 221 221 218 217 218 221 222 220 220 222 222 221 222 223 225 224 221 218 213 210 211 210 208
237 238 240 241 241 240 240 238 236 234 232 229 226 230 238 240 238 237 235 234 235 237 236 233 233 233 233 232 229 227 228 228 227 226 226 225 224 224 225 225 226 227 228 229 229 229 228 227 226 224 224 224 223 223 226 226 225 224 222 220 218 216 216 218 219 220 221 222 223 219 218 219 220 217 216 218 221 222 219 218 223 223 219 219 220 222 222 221 219 215 214 215 217 217
237 238 240 242 244 244 243 240 238 236 234 232 228 230 237 238 237 237 236 235 236 236 234 231 229 227 229 230 228 229 231 231 229 229 231 231 229 229 229 230 230 231 231 230 230 229 228 228 226 223 224 225 223 224 226 225 223 222 221 219 219 218 217 218 219 220 221 220 220 218 219 222 222 220 219 220 223 223 219 220 225 224 218 215 214 214 215 215 212 207 206 208 211 211
239 239 241 241 242 243 242 241 239 237 236 234 232 233 237 238 237 237 235 234 235 234 233 230 227 224 224 228 228 229 233 232 230 231 233 232 231 231 231 232 232 232 231 231 231 230 229 229 227 224 225 226 224 224 227 226 224 223 224 223 224 223 221 221 223 223 221 220 218 219 222 225 224 222 221 222 224 223 218 219 222 222 218 213 213 212 212 211 206 203 204 205 205 203
240 240 241 241 241 241 240 240 239 238 237 236 235 235 239 240 239 237 236 235 234 233 232 229 226 223 220 225 227 229 232 232 231 234 235 233 232 231 232 231 231 231 231 231 232 232 231 230 230 228 229 229 227 228 231 232 231 231 232 231 231 231 228 228 230 228 226 223 220 222 225 225 223 221 222 224 226 224 217 215 217 218 217 215 215 213 211 213 209 206 209 210 207 205
241 241 242 241 241 241 241 240 239 238 238 237 236 236 239 242 240 239 238 238 237 235 233 230 227 224 222 225 229 231 234 235 234 236 236 235 234 232 232 232 231 232 231 230 231 232 232 233 235 236 239 240 239 241 243 243 241 240 240 240 243 244 242 241 241 238 234 228 223 224 224 223 222 219 218 219 219 218 213 211 214 216 215 213 210 207 209 215 212 206 212 217 214 209
242 242 242 242 241 241 241 241 240 239 239 238 237 237 241 245 244 242 240 239 239 238 236 233 231 228 227 229 233 234 235 236 236 236 236 236 236 235 234 232 232 232 230 229 230 231 231 234 240 244 247 249 251 254 257 256 251 246 244 247 251 253 255 260 260 255 249 239 227 224 224 223 222 217 212 211 212 212 210 208 210 213 213 212 210 207 210 215 210 204 212 220 217 211
243 243 243 242 242 242 241 241 241 240 240 239 237 236 240 246 249 247 243 241 240 239 238 237 234 231 229 230 232 233 235 237 237 236 235 236 236 235 234 233 234 235 235 236 238 238 234 233 237 242 246 248 250 253 259 262 260 252 244 243 247 248 249 254 260 262 260 257 244 229 225 224 222 216 210 210 213 215 214 212 212 212 212 214 215 212 214 218 215 209 216 224 223 221
244 244 243 243 243 243 242 241 241 241 240 240 238 235 237 243 247 248 247 245 243 241 240 238 235 233 230 230 231 232 235 238 238 236 234 234 234 234 235 237 240 241 243 247 248 245 242 235 232 234 238 239 239 242 245 249 250 244 235 234 236 237 235 235 237 242 245 250 257 249 229 224 222 217 214 215 219 221 222 221 219 216 216 220 221 219 221 224 222 220 228 237 238 237
244 244 244 244 244 243 243 242 242 241 241 240 239 236 236 241 242 242 243 244 243 240 238 236 235 234 231 230 231 231 233 234 232 232 234 237 239 240 241 243 245 244 243 243 241 238 238 238 234 231 231 229 226 227 228 230 231 228 223 227 231 231 229 225 225 228 230 232 237 240 234 230 226 221 218 219 221 224 226 226 223 220 223 227 228 228 230 232 231 230 235 241 242 242
245 245 245 244 244 244 243 243 243 242 242 241 240 239 239 242 242 240 239 240 240 238 236 235 234 233 231 229 230 230 231 232 231 234 239 243 246 246 243 241 240 236 234 234 232 231 232 232 232 231 229 224 221 222 223 225 226 223 218 222 228 230 228 223 222 227 228 227 227 226 225 237 238 229 221 220 221 223 224 224 222 223 228 232 235 239 240 241 242 237 232 232 233 234
245 245 245 245 244 244 244 243 243 242 242 241 241 241 243 246 245 242 239 238 238 238 237 236 236 235 232 231 232 232 234 234 234 236 238 239 239 238 235 234 233 232 233 233 232 231 230 227 226 227 227 225 223 224 225 225 225 222 217 220 226 228 225 221 221 225 226 226 226 225 223 222 229 230 224 221 220 222 226 228 229 231 233 235 239 242 243 241 241 238 232 229 229 229
246 246 246 245 245 245 244 244 243 243 242 242 242 242 244 246 247 245 242 241 239 239 238 238 238 237 235 234 235 236 236 234 233 232 233 234 235 234 233 233 233 233 233 233 232 232 230 227 225 227 228 227 226 225 224 223 223 222 220 220 225 227 224 221 221 224 226 227 226 224 221 215 216 221 222 225 228 234 240 242 242 243 240 235 233 233 232 232 234 235 230 228 229 228
247 247 247 246 245 245 245 245 244 243 243 242 242 242 243 244 246 245 243 241 240 239 238 237 237 236 235 235 235 235 234 232 231 233 236 237 237 235 233 232 231 230 230 230 229 229 229 227 227 229 230 229 228 225 223 221 221 222 222 223 226 229 227 224 224 226 227 227 223 220 217 212 214 217 216 218 228 240 245 244 243 241 236 230 227 227 227 228 232 233 226 220 227 229
248 248 247 247 246 246 245 245 245 244 243 243 242 242 242 243 243 243 241 240 239 237 236 235 235 235 235 234 233 232 230 228 229 231 233 233 232 230 227 227 227 227 228 228 228 229 229 228 227 229 230 229 227 225 224 223 222 222 223 224 226 229 229 226 225 226 224 223 221 218 216 214 217 219 216 212 215 222 229 233 234 232 230 227 224 226 227 228 231 232 225 215 222 228
248 248 248 247 247 246 246 245 245 244 244 244 243 242 242 241 241 240 239 238 238 237 236 235 234 234 233 233 233 231 228 226 226 228 227 226 227 226 224 225 226 226 227 228 229 231 231 228 226 227 228 227 226 225 225 225 224 223 223 224 224 227 228 225 224 224 220 220 221 219 217 217 219 222 219 209 208 214 220 224 227 228 229 226 222 223 224 226 230 229 222 211 216 225
249 249 248 248 248 247 246 246 245 244 244 243 242 242 241 241 240 239 238 237 237 236 235 234 233 232 232 232 231 230 227 223 224 227 227 228 229 228 227 226 226 225 226 228 230 230 228 226 225 225 227 227 227 226 225 224 224 223 221 223 224 226 228 225 222 219 216 218 220 219 218 218 221 223 218 206 202 209 215 219 222 223 225 225 221 219 219 222 226 226 219 209 212 223
250 249 249 249 248 247 247 246 246 245 244 243 242 241 241 240 239 239 238 236 235 234 233 233 232 231 231 231 232 231 228 224 226 229 230 232 233 232 230 228 226 225 226 228 229 228 225 225 225 225 227 228 227 226 224 223 223 223 219 221 224 227 229 226 221 217 216 219 221 222 221 220 223 222 216 207 201 207 213 217 220 221 222 224 222 219 217 220 225 226 220 209 213 223
250 250 250 249 249 248 247 247 246 246 245 244 243 242 240 240 239 238 237 236 235 234 233 232 231 230 230 232 235 234 231 229 230 231 231 232 232 232 231 229 226 225 225 226 227 225 224 226 227 227 228 228 226 225 224 222 222 222 219 220 224 228 229 227 222 221 222 224 226 227 226 224 224 221 216 211 209 211 214 216 219 219 218 220 221 221 219 223 228 228 219 209 215 223
251 251 251 250 249 249 248 247 247 246 245 244 243 242 241 239 239 238 237 236 235 234 233 231 229 227 227 230 234 235 233 232 231 230 229 228 229 231 232 229 227 225 224 226 227 225 225 227 227 227 227 228 229 228 225 222 221 221 222 223 226 228 227 224 220 219 221 222 225 228 229 227 224 220 215 211 216 219 213 211 214 215 214 216 218 218 215 217 226 227 216 206 212 220
252 252 251 251 250 249 248 248 247 246 245 244 243 242 241 240 239 237 236 236 235 233 232 229 227 224 223 228 233 233 233 234 235 233 230 227 226 230 231 228 225 225 225 227 227 223 223 225 226 225 224 227 229 228 225 219 218 221 223 223 226 230 228 224 221 220 218 218 221 224 227 227 223 219 211 207 216 222 215 206 210 213 213 213 216 215 211 213 222 224 214 202 208 216
252 252 252 251 251 250 249 249 248 246 245 244 243 242 241 240 239 237 236 235 234 232 230 228 226 222 220 226 229 229 231 234 236 235 234 229 227 230 231 228 225 225 225 225 223 218 218 222 224 223 221 223 224 225 223 214 212 218 220 220 226 231 230 227 225 223 219 217 219 223 227 226 221 216 208 204 213 221 219 207 208 212 213 214 216 216 212 213 221 222 215 203 203 213
253 253 252 252 251 250 250 249 248 246 245 244 243 242 241 240 238 237 236 235 233 232 230 228 225 220 218 222 224 224 227 231 232 232 232 228 225 228 230 226 221 222 221 221 219 216 216 219 223 221 216 219 221 222 221 209 205 214 220 223 227 228 226 223 223 223 218 216 220 224 227 223 218 214 209 205 212 223 224 217 210 209 213 217 221 221 219 219 222 222 218 210 204 209
254 254 253 253 252 251 251 250 248 247 245 244 243 242 241 239 238 237 235 235 233 232 230 227 224 219 217 219 220 219 221 225 227 228 225 218 216 222 226 221 217 217 215 217 215 213 214 216 218 216 212 214 218 220 219 208 202 213 223 229 231 229 226 223 223 223 217 215 223 228 228 224 219 216 210 208 212 223 228 226 217 208 213 221 225 225 224 222 222 222 220 217 211 210
255 255 254 253 253 252 251 250 248 247 246 245 243 242 241 239 238 236 235 235 233 231 229 227 223 220 219 220 220 219 222 225 226 226 221 211 210 218 222 218 215 214 213 215 214 211 213 214 216 215 212 214 217 221 219 211 209 218 227 234 234 230 229 228 228 225 217 217 228 235 234 229 225 218 210 207 210 218 225 228 222 211 213 221 223 221 220 220 220 221 221 221 221 221
256 256 255 254 253 253 251 250 248 247 246 245 243 242 241 239 238 237 236 234 233 231 229 227 224 221 220 219 219 221 226 228 227 227 223 210 210 219 221 218 217 217 216 218 217 214 216 219 221 222 221 221 222 225 223 214 215 223 233 238 235 226 224 228 230 227 217 218 230 237 234 229 225 216 207 206 208 214 222 226 222 213 212 219 222 222 223 224 225 226 226 226 227 230
257 257 256 255 255 253 251 250 249 247 246 244 243 242 240 239 238 237 236 235 233 231 229 227 225 222 219 217 214 216 221 224 225 229 228 213 211 222 223 221 222 221 220 222 221 220 222 225 225 227 228 228 227 228 224 216 215 223 231 238 235 224 218 222 229 228 218 216 227 233 229 221 217 211 206 205 206 211 219 225 223 216 216 219 223 227 231 230 230 231 231 231 230 232
258 257 256 256 256 254 252 250 249 248 246 245 243 242 240 239 237 236 235 234 233 231 229 227 225 222 219 215 211 212 218 222 224 229 229 217 211 222 224 222 224 222 221 223 224 225 228 228 228 230 230 230 230 230 227 221 219 223 229 233 231 220 210 216 226 227 221 218 225 229 223 216 214 210 205 204 203 206 214 221 221 218 219 220 219 221 226 226 225 226 228 229 231 232
258 258 257 257 256 254 252 250 249 248 246 245 243 242 240 239 237 236 235 234 233 232 229 228 226 222 219 216 212 215 222 226 226 228 228 219 210 219 223 221 223 223 224 227 229 231 232 231 231 232 232 232 233 232 231 229 227 227 230 232 230 219 206 211 223 227 226 224 225 227 221 217 216 212 208 205 203 206 212 218 219 217 219 221 218 216 221 222 220 221 223 224 226 229
259 259 258 257 256 254 252 250 249 247 246 244 243 242 240 239 238 237 235 234 233 232 230 229 227 224 221 217 216 220 226 227 226 227 227 221 213 218 223 224 225 227 229 230 231 232 231 230 230 230 230 231 231 230 229 229 229 231 233 236 235 225 209 207 219 225 227 225 225 226 224 223 221 217 213 208 206 212 219 222 220 218 219 224 224 217 218 220 218 216 218 219 223 228
261 260 260 258 256 254 252 250 249 247 246 244 243 242 240 239 238 237 235 234 233 232 231 229 228 225 222 218 218 223 226 225 226 228 229 224 218 219 225 228 229 229 230 229 230 230 228 228 229 229 229 228 226 226 225 225 226 228 231 235 236 229 215 207 214 222 226 226 225 225 226 230 229 222 215 210 209 215 223 226 223 221 222 225 228 224 214 216 216 214 214 218 223 228
262 261 261 259 256 254 252 250 249 247 246 244 242 241 240 239 238 237 235 235 234 232 231 230 228 225 222 218 218 223 223 223 227 230 231 227 222 223 228 229 228 229 229 228 229 228 227 226 227 228 228 226 223 224 225 224 223 224 226 229 232 229 219 209 211 221 228 231 228 223 224 227 226 219 212 212 209 208 217 223 221 220 221 223 227 225 212 209 215 214 214 218 223 227
263 263 261 259 256 254 252 250 249 247 245 244 242 241 240 239 238 237 236 235 234 232 231 230 228 226 223 218 219 224 225 225 228 230 230 225 222 225 229 228 227 226 226 226 226 226 224 221 220 222 224 221 219 222 224 221 217 219 220 222 224 223 219 211 210 221 233 236 230 222 220 218 216 213 210 213 208 198 211 220 217 214 217 220 225 225 214 205 210 214 214 218 225 230
264 264 262 258 256 254 252 250 249 247 245 243 242 241 240 239 238 237 236 235 234 233 232 230 229 227 224 221 223 228 230 229 229 229 229 223 219 222 225 226 227 227 226 224 222 223 222 219 217 220 222 219 213 214 217 214 209 210 213 215 216 217 219 217 213 220 234 237 229 221 218 217 217 215 211 213 206 191 201 215 214 213 217 222 228 227 218 206 205 211 213 219 229 233
264 264 261 258 256 253 251 250 249 247 245 244 242 241 240 239 238 237 236 235 234 233 232 231 230 228 227 226 227 231 233 232 230 230 227 222 219 220 222 224 224 225 224 221 220 221 220 217 214 217 222 219 208 207 212 212 206 206 212 215 216 217 221 223 218 219 231 233 225 220 219 222 224 216 210 212 204 189 195 209 213 213 216 221 226 227 219 208 205 209 211 220 230 234
263 263 261 258 255 253 251 250 248 246 245 244 242 241 240 239 238 237 236 235 234 233 232 232 231 229 229 228 228 230 233 232 230 228 224 220 221 223 223 221 219 219 218 218 218 216 214 212 210 213 219 218 209 206 213 217 213 213 218 223 222 220 221 223 220 220 226 227 221 218 219 222 221 210 207 211 202 190 194 207 213 212 214 218 220 219 214 208 208 209 211 220 229 232
