windninja/windninja_output/Output_2025-10-23_1600-1650_Google earth_Fire_150m_10min/merlingen_7.5mi_point_10-23-2025_1650_150m_vel.asc
ncols	158
nrows	163
xllcorner	391686.332397
yllcorner	5160024.123721
cellsize	150.000000
NODATA_value	-32768.000000
[rows 111 to 147 of 163, columns 0 to 82 of 158]
5.41 6.45 8.63 9.73 9.78 9.52 9.16 9.31 9.58 9.71 10.36 10.90 10.06 10.29 12.51 13.18 9.25 4.04 5.25 10.42 14.89 15.87 11.71 8.60 8.46 9.94 12.00 14.40 20.20 25.91 25.69 22.21 20.57 25.65 34.28 33.66 29.29 26.87 22.09 16.56 16.19 18.19 18.74 17.21 16.43 15.82 14.22 12.88 12.53 12.40 12.03 11.41 10.73 11.01 11.61 11.25 10.97 11.96 12.60 11.50 10.77 11.47 11.70 10.88 10.56 11.12 11.14 10.04 8.91 8.40 8.79 10.69 12.54 12.66 12.57 12.77 12.45 12.00 11.86 11.76 11.69 11.80 10.81
5.25 6.18 7.79 8.44 8.71 8.73 8.73 8.97 9.30 9.23 9.87 11.84 11.80 11.18 13.27 13.96 9.02 3.30 3.99 9.21 14.21 16.91 13.54 8.35 8.22 11.57 13.14 14.62 17.54 22.70 26.30 24.93 22.94 28.85 37.22 36.16 31.10 25.69 18.84 16.37 16.19 16.27 17.85 19.11 17.87 15.74 13.72 12.67 12.50 12.43 12.07 11.10 10.36 10.99 11.71 11.16 10.74 11.58 12.54 11.90 10.81 10.84 11.33 11.28 10.98 11.19 11.48 10.65 9.49 8.94 9.21 10.64 12.18 12.68 12.78 13.00 12.63 12.04 12.29 12.53 12.41 12.23 10.99
5.01 5.56 6.66 7.49 8.25 8.48 8.49 8.71 8.93 8.72 9.58 12.73 13.49 11.92 13.39 14.56 9.50 4.20 4.80 7.88 12.36 16.74 15.21 8.94 8.85 13.87 15.30 16.19 16.61 18.54 23.77 26.92 28.06 34.10 39.75 35.52 27.78 21.35 16.64 14.89 13.33 14.34 19.06 21.29 18.45 14.90 13.32 12.99 12.79 12.60 12.15 11.16 10.58 10.98 11.50 11.17 10.71 11.12 12.21 12.11 11.06 10.42 11.00 11.79 11.25 11.11 11.46 11.10 10.57 9.80 9.66 10.89 12.13 12.39 12.74 13.32 13.08 12.42 12.40 12.73 13.30 12.80 10.81
4.54 4.83 5.95 7.15 8.12 8.41 8.49 8.52 8.21 8.48 10.39 13.72 14.00 11.83 13.46 15.76 11.75 7.09 6.69 7.40 10.41 15.09 15.94 12.00 12.95 16.38 16.91 16.35 16.90 17.50 19.27 25.72 32.43 38.42 39.59 32.08 24.49 20.31 16.41 13.43 12.37 16.31 21.91 22.93 18.65 15.13 14.75 14.53 13.70 13.08 12.41 11.51 10.87 10.72 11.20 11.29 10.76 10.75 11.63 12.14 11.36 10.24 10.81 12.25 11.62 10.96 11.29 11.41 11.38 10.67 10.17 11.12 12.17 12.01 12.33 13.47 13.69 13.14 12.29 12.43 13.88 13.51 10.98
4.27 4.47 5.97 7.16 7.96 8.16 8.34 8.09 7.77 9.16 12.45 14.85 13.07 10.83 14.12 18.27 14.93 9.16 7.34 7.05 9.42 12.66 14.91 16.19 17.35 17.67 16.54 15.88 18.69 18.14 16.45 22.22 32.82 40.32 39.15 32.05 25.51 20.89 16.69 13.49 14.76 20.68 24.03 22.80 19.54 17.46 16.38 14.81 13.76 13.36 12.72 11.99 11.11 10.43 10.77 11.00 10.60 10.50 11.11 12.08 11.50 10.30 10.85 12.35 12.14 10.94 11.03 11.56 11.70 11.14 10.63 11.11 12.10 12.28 12.14 13.21 14.11 13.84 12.54 12.10 14.01 14.19 11.60
4.74 4.71 6.00 6.85 7.60 7.74 7.75 7.74 8.63 11.35 15.22 15.11 11.16 9.48 15.09 21.13 16.90 9.23 7.82 8.49 10.64 12.91 15.02 17.86 18.94 18.33 15.79 15.64 20.80 20.02 16.87 20.24 29.42 39.00 40.28 33.57 26.89 20.40 17.34 17.16 19.58 23.86 23.58 21.39 20.07 17.59 14.59 12.91 13.24 13.56 13.20 12.59 11.54 10.45 10.03 10.30 10.50 10.44 10.85 11.83 11.38 10.41 11.00 12.44 12.55 11.03 10.80 11.53 11.74 11.40 10.95 11.03 12.02 13.05 12.77 12.97 13.82 14.25 13.17 12.20 13.90 14.84 12.01
5.06 4.58 5.42 6.38 7.38 7.54 7.31 7.99 10.57 13.93 16.57 14.26 9.50 8.89 16.22 22.47 17.28 9.47 9.88 12.28 14.08 16.03 17.35 18.50 19.44 19.61 16.82 16.60 22.98 21.47 17.71 19.32 25.22 36.65 41.12 35.33 27.22 19.77 18.73 22.19 24.35 24.14 21.66 20.53 19.69 16.24 13.96 14.02 14.77 15.01 14.56 13.32 11.90 10.50 9.42 9.86 10.62 10.58 10.78 11.52 11.38 10.64 11.26 12.69 12.61 11.03 10.77 11.45 11.64 11.49 11.19 11.09 11.77 13.11 13.86 13.66 13.28 13.78 13.75 13.01 14.30 15.28 12.12
5.30 4.32 4.74 6.23 7.48 7.72 7.70 9.22 12.38 14.93 16.54 13.74 9.29 9.75 15.81 22.16 19.94 12.39 12.54 14.53 15.51 16.80 17.80 19.01 20.71 21.57 20.76 22.44 24.57 22.66 20.96 22.98 29.14 40.91 41.59 34.04 27.74 21.02 22.23 26.06 24.84 22.15 20.15 19.47 18.67 16.98 15.94 16.33 16.57 16.09 14.86 12.98 11.62 10.34 9.19 9.48 10.46 10.63 10.74 11.40 11.60 11.05 11.66 12.83 12.40 11.16 10.82 11.20 11.45 11.66 11.52 11.19 11.36 12.56 14.32 14.60 13.23 13.14 13.90 14.06 15.03 15.13 11.94
5.79 4.59 4.46 6.60 7.96 7.97 8.61 10.64 13.47 14.75 15.88 14.74 10.38 10.62 14.15 20.45 23.28 17.11 13.56 14.05 14.81 15.84 17.42 19.72 22.13 23.39 23.93 25.21 25.97 26.88 31.37 35.66 40.63 44.07 38.08 30.37 25.75 23.72 25.85 26.21 22.69 20.23 19.20 19.60 20.01 18.86 16.95 16.51 16.18 14.86 13.29 11.70 10.79 9.92 8.91 8.88 9.99 10.65 10.80 11.42 11.94 11.54 11.90 12.59 11.77 11.06 10.70 10.59 11.24 12.05 11.94 11.28 11.14 12.00 13.82 14.81 14.02 13.39 14.11 14.75 15.23 14.76 12.07
6.22 4.98 4.51 6.99 8.22 7.89 9.37 11.87 14.33 14.19 14.68 16.48 12.64 10.85 12.60 18.78 24.70 21.38 14.86 13.65 14.15 15.17 17.41 20.33 22.91 24.38 24.88 25.30 28.68 34.00 37.82 38.94 39.33 37.47 32.69 28.94 25.11 24.52 24.39 21.44 19.64 19.20 20.20 21.36 21.00 19.15 17.78 17.37 16.01 13.97 12.42 11.14 10.36 9.75 8.69 8.09 9.47 10.78 10.90 11.53 12.33 11.56 11.30 11.38 10.21 10.58 10.85 10.06 10.92 12.51 12.45 11.54 11.35 11.79 12.76 13.87 14.52 14.48 14.66 15.12 15.15 14.77 12.69
6.72 5.55 5.62 7.62 8.22 8.05 10.10 13.16 15.21 13.73 13.71 18.43 15.44 11.46 12.24 17.37 24.48 23.69 16.57 13.30 13.14 14.66 17.09 20.14 23.67 25.39 25.49 27.01 33.64 40.08 39.74 36.70 35.04 32.69 31.34 28.93 25.13 23.73 19.36 16.84 16.70 17.18 19.31 19.57 18.38 17.63 17.64 16.92 14.79 13.15 11.77 10.70 10.20 9.63 8.53 7.77 9.40 10.82 10.83 11.55 11.86 10.11 9.35 9.65 9.39 11.01 12.19 10.80 10.80 12.51 12.68 11.92 11.94 11.99 11.86 12.35 13.69 14.90 15.51 15.72 15.49 15.21 13.64
7.28 6.42 7.36 8.39 8.46 8.93 10.80 13.53 15.58 13.47 13.59 20.48 18.09 12.02 11.59 15.04 22.85 24.41 16.68 12.36 12.48 14.79 16.97 19.70 24.25 25.58 26.07 30.15 39.50 44.42 39.73 36.66 35.02 30.63 30.50 28.90 24.23 22.90 18.73 15.58 14.66 14.70 16.83 17.06 16.29 16.30 15.62 13.37 11.91 11.10 10.38 10.10 9.59 8.90 8.23 7.86 9.14 10.40 10.26 10.64 9.85 8.16 8.28 9.01 9.65 12.33 14.21 12.78 11.68 11.88 12.26 12.31 12.65 12.45 11.64 11.25 11.97 13.88 15.61 16.24 16.36 16.33 15.00
7.04 6.49 7.59 7.87 7.86 9.14 10.62 12.86 15.45 14.05 14.95 22.61 19.62 10.97 10.06 13.33 19.57 23.60 19.04 14.35 14.30 15.67 17.08 20.14 24.37 25.90 26.65 33.23 46.72 48.56 38.42 34.83 33.43 28.93 29.47 28.85 23.38 22.12 20.36 15.53 13.73 13.69 14.98 16.70 16.93 16.48 14.87 12.01 10.50 9.87 9.86 9.73 8.67 8.07 7.52 6.80 7.36 8.90 8.97 8.73 7.91 7.65 8.60 9.39 10.32 13.25 15.16 14.56 12.95 11.44 11.49 12.65 13.13 12.78 11.93 11.06 10.87 12.38 14.61 15.78 16.76 17.76 16.85
6.64 6.32 7.19 7.08 7.36 9.13 10.26 11.72 14.93 14.81 17.25 22.81 17.02 9.17 9.34 12.39 16.10 20.37 21.48 19.12 18.07 18.21 18.62 21.24 24.21 25.76 28.75 41.71 57.80 50.29 33.77 31.36 31.86 28.67 28.39 28.39 23.30 21.29 20.84 16.14 13.66 12.97 13.03 16.14 18.25 17.27 15.33 12.61 10.42 10.02 10.12 9.32 7.95 7.53 6.80 5.43 5.15 7.19 8.23 7.20 6.92 8.63 9.84 10.24 11.55 13.82 14.87 15.04 14.29 11.66 11.02 12.64 13.38 12.97 12.56 11.72 11.14 11.98 13.76 14.76 15.90 18.35 18.34
6.56 6.55 7.26 7.31 7.80 9.14 9.90 11.23 14.68 15.30 17.86 21.75 16.09 8.74 9.38 11.88 13.93 15.83 19.31 22.64 24.79 24.03 22.41 23.18 27.03 31.04 41.99 62.40 61.31 41.90 27.44 27.89 30.81 27.89 26.43 27.81 24.03 20.92 20.74 17.26 13.74 12.27 11.99 15.04 18.95 18.69 16.33 13.04 10.60 10.07 9.42 8.24 7.36 7.10 6.46 5.09 4.41 6.38 8.28 7.27 7.61 10.13 10.81 10.76 12.21 13.91 14.21 14.52 14.75 13.22 11.79 12.93 13.96 13.56 13.33 12.74 12.14 12.38 13.40 14.15 14.51 17.34 18.91
5.97 6.07 7.11 7.43 7.72 8.64 9.85 12.33 14.79 15.08 16.55 20.31 17.84 10.85 11.34 12.64 12.61 13.28 16.28 21.38 26.95 32.20 30.91 30.79 42.33 54.96 60.83 61.32 46.48 29.62 24.35 25.75 29.40 26.77 25.17 27.15 24.66 20.80 19.64 17.31 14.19 12.33 12.07 14.12 18.82 20.68 17.97 13.50 10.67 9.45 8.28 7.05 6.32 6.16 5.73 4.57 3.83 5.90 8.51 8.58 9.10 10.59 10.67 10.70 12.27 13.64 13.77 13.87 14.32 14.10 13.84 14.58 15.08 14.63 14.23 13.77 13.11 12.68 13.17 13.79 13.94 15.99 18.06
6.07 6.18 7.38 7.47 7.69 8.71 10.76 13.77 14.74 14.36 14.34 17.33 18.69 16.38 16.33 14.34 12.21 13.71 17.37 22.48 32.32 43.30 46.23 46.85 51.25 56.39 51.84 39.01 29.72 24.30 22.55 24.44 27.71 26.00 24.72 25.96 24.49 21.35 18.39 16.74 14.80 12.89 12.99 14.27 18.27 21.85 18.98 13.11 9.47 7.94 7.19 6.17 5.26 5.13 4.85 3.86 3.19 5.85 8.85 9.30 9.41 10.05 10.09 10.69 12.28 13.35 13.51 13.53 13.80 14.00 15.09 16.44 16.48 15.77 15.33 15.00 13.66 13.18 14.03 14.29 14.49 15.91 16.88
6.39 6.44 7.50 7.56 7.83 9.29 11.85 14.17 14.47 13.51 12.87 14.86 18.07 19.64 19.96 16.36 14.39 17.70 25.56 43.80 53.48 51.06 47.20 43.11 42.09 40.11 34.26 27.78 23.29 21.10 21.73 24.29 25.82 23.97 23.01 24.23 24.24 21.51 17.56 16.34 15.40 14.38 14.75 15.53 18.13 21.80 19.57 12.14 7.78 6.70 6.14 5.11 4.53 4.62 4.31 3.43 3.08 5.94 8.81 9.26 9.34 9.68 9.96 10.97 12.28 13.14 13.26 13.27 13.53 13.85 15.28 17.51 18.23 17.06 16.17 15.93 14.66 14.17 15.10 15.50 16.07 16.66 16.50
6.08 5.92 6.95 7.21 7.40 9.26 11.90 14.01 14.11 13.20 13.19 14.83 16.66 18.50 20.38 21.44 21.23 27.61 46.30 62.04 54.92 40.85 35.41 32.51 33.59 34.82 31.36 25.21 20.76 20.39 22.09 23.03 22.38 20.50 20.34 22.97 23.96 20.54 17.24 16.80 16.54 16.27 16.53 17.33 19.01 20.94 19.06 11.84 7.61 6.87 5.68 4.27 3.74 3.98 3.65 2.92 3.05 5.80 8.39 9.19 9.38 9.66 10.22 11.17 12.25 12.98 13.06 13.13 13.34 13.84 15.17 17.53 19.24 18.73 17.42 17.33 16.45 14.90 15.24 16.53 17.25 17.30 16.83
6.20 5.91 7.04 7.48 7.50 9.44 11.99 13.63 14.05 13.65 13.97 14.27 14.52 16.34 19.50 25.18 33.79 46.71 58.93 55.40 37.89 30.00 29.57 30.68 34.07 36.20 30.57 22.97 21.51 22.36 22.35 20.84 19.11 18.03 17.94 20.56 23.04 21.06 18.10 17.90 18.07 18.06 18.91 19.99 20.70 20.14 17.14 11.06 8.08 7.01 4.68 2.91 2.86 3.12 2.69 2.32 2.83 5.43 8.10 9.30 9.45 9.64 10.38 11.32 12.24 12.84 13.12 13.17 13.21 13.72 15.15 17.34 19.15 19.73 19.34 19.43 18.47 15.84 15.88 17.51 18.02 17.90 16.90
6.71 6.57 7.55 7.90 8.16 10.32 12.07 12.98 14.18 14.32 13.81 13.12 13.12 15.25 19.41 26.67 42.21 55.64 53.07 37.26 30.31 29.09 28.84 29.75 34.53 36.56 27.51 22.94 23.20 22.95 22.30 21.05 19.19 17.26 16.73 18.39 21.48 22.58 20.29 19.36 20.24 20.70 21.52 22.24 21.30 17.90 13.20 9.24 8.05 6.49 3.09 1.09 2.22 2.35 1.66 1.53 2.29 5.13 7.95 9.23 9.46 9.90 10.55 11.54 12.26 12.80 13.36 13.30 13.16 13.51 15.14 17.35 18.52 19.83 20.88 21.51 20.80 17.62 16.76 18.55 19.65 18.62 16.21
6.67 6.57 7.21 8.00 9.47 11.57 12.03 12.19 14.03 14.75 13.42 12.81 13.38 15.93 21.40 28.97 47.03 57.32 45.27 32.71 30.63 29.81 29.51 30.56 34.32 35.51 27.65 22.91 22.82 21.03 20.19 19.75 18.15 16.88 17.58 19.36 21.53 23.41 22.11 21.52 23.14 23.08 22.65 22.86 20.21 13.80 8.89 7.24 7.26 5.50 1.53 0.78 1.65 1.51 0.81 1.00 2.05 4.99 7.84 9.05 9.72 10.82 10.77 11.44 12.44 12.85 13.56 13.59 13.15 13.46 15.27 17.14 17.87 19.81 21.71 23.02 23.70 19.89 17.30 19.54 20.86 18.59 15.41
6.38 6.21 7.14 8.69 11.14 12.42 11.84 12.00 14.00 15.36 14.60 13.86 14.55 18.50 24.26 35.22 54.40 57.63 46.05 35.97 33.51 32.15 31.76 31.81 31.66 30.78 27.58 24.08 22.40 20.19 18.54 17.78 16.71 17.68 19.86 21.20 22.38 22.99 22.00 23.52 25.32 23.67 22.58 22.11 17.68 10.66 7.27 6.05 5.51 3.70 1.33 1.00 1.07 0.59 0.37 0.97 2.20 5.12 7.85 9.16 10.53 11.70 11.02 11.27 12.59 13.03 13.81 14.08 13.37 13.76 15.47 16.79 17.46 19.24 21.82 24.61 26.13 21.67 18.02 20.00 20.86 17.84 14.70
6.94 7.16 8.40 9.97 12.11 12.31 11.75 12.79 14.26 16.15 16.97 15.70 17.43 22.60 33.70 53.56 61.79 55.25 44.16 37.63 34.53 32.20 30.90 29.10 25.48 24.26 26.28 26.47 24.02 21.53 19.54 18.63 18.30 19.54 20.76 21.06 21.45 20.83 21.39 25.27 26.81 23.96 22.22 19.73 12.87 8.42 6.45 4.53 2.83 2.57 1.87 1.11 0.83 0.51 0.76 1.19 2.63 5.58 8.07 9.60 11.32 11.80 11.11 11.39 12.60 13.41 14.01 14.63 14.60 14.61 15.43 16.67 17.38 17.82 20.89 25.62 27.72 23.88 19.32 19.97 20.44 17.37 13.62
7.16 7.87 9.45 10.93 12.29 12.41 12.44 13.72 14.63 16.53 17.85 17.24 19.00 28.78 51.75 64.45 58.44 48.18 41.13 37.46 33.68 28.21 26.46 24.20 21.15 20.91 23.70 27.03 26.87 24.11 21.49 20.48 20.77 20.97 20.84 20.71 19.60 18.59 21.92 27.41 27.41 23.84 21.11 15.55 9.48 7.09 5.07 2.17 1.01 2.20 2.24 1.63 1.24 1.31 1.34 1.57 3.30 6.37 8.62 10.18 11.50 11.55 11.32 11.72 12.56 13.64 14.03 15.08 16.78 16.52 16.03 16.71 17.08 16.75 19.30 24.66 27.97 26.49 21.27 20.08 19.51 16.47 13.57
6.88 7.80 9.49 10.50 11.90 12.66 13.03 13.46 14.02 15.72 17.01 18.10 19.47 33.65 59.68 60.56 48.04 43.69 39.24 36.48 32.28 25.39 22.84 22.32 21.04 20.68 22.38 26.43 29.07 26.94 22.77 21.23 21.55 21.23 21.61 21.53 19.27 18.02 22.93 28.81 26.40 22.82 19.42 11.52 7.60 6.12 3.93 1.28 1.41 2.44 2.74 2.48 2.13 2.06 1.90 2.10 4.13 7.41 9.41 10.64 11.38 11.39 11.65 11.93 12.40 13.54 14.09 15.52 18.75 19.17 17.44 16.77 17.07 16.82 18.01 22.46 26.88 27.42 24.20 21.03 18.87 16.20 14.68
6.73 7.40 8.82 9.56 11.42 12.64 12.48 12.25 12.97 14.85 16.45 19.12 21.91 39.96 61.49 55.51 45.31 41.46 35.93 33.56 31.07 25.72 22.66 22.49 21.33 20.83 22.25 26.64 30.30 27.93 22.00 20.35 21.03 21.40 22.35 21.95 19.55 18.16 23.20 29.16 25.45 20.44 15.54 9.42 6.59 5.64 4.19 2.60 2.61 3.20 3.34 3.21 3.05 2.82 2.53 2.97 5.42 8.76 10.03 10.63 11.14 11.31 11.87 11.84 12.01 13.19 14.32 16.15 19.70 21.65 19.58 17.50 17.71 17.73 16.85 19.46 24.78 26.73 25.67 24.16 20.74 16.90 16.25
6.75 7.05 7.79 8.65 11.21 12.23 11.42 11.37 12.85 15.24 18.26 22.23 29.79 54.39 64.87 52.85 42.70 36.47 30.60 30.66 30.98 27.08 24.19 23.05 21.17 20.88 22.66 26.99 29.52 26.06 21.57 21.10 22.23 22.50 22.71 21.01 18.47 18.61 23.71 28.81 23.87 15.41 11.07 8.11 6.22 6.05 5.22 3.90 3.60 3.82 3.88 3.94 3.76 3.49 3.46 4.53 7.34 9.69 10.12 10.51 10.93 11.26 11.84 11.44 11.52 12.88 14.63 17.03 20.09 22.80 22.70 20.23 19.13 18.61 17.34 17.51 21.91 24.89 24.92 26.18 24.53 18.42 18.77
6.90 6.91 7.22 8.86 11.23 11.58 11.02 11.95 14.00 16.57 20.81 28.70 48.22 68.01 63.16 44.78 36.10 31.21 27.53 29.05 31.35 28.80 25.64 23.36 21.61 21.84 23.77 26.43 27.17 23.55 20.42 22.74 24.21 22.39 22.65 20.56 18.39 20.87 24.87 26.11 18.80 10.56 8.49 6.92 5.98 6.41 5.99 4.91 4.42 4.42 4.56 4.76 4.39 4.32 5.28 7.02 8.96 9.79 10.07 10.60 10.76 11.35 11.55 10.59 10.93 12.82 14.96 17.84 20.49 22.77 24.71 24.42 21.73 19.68 18.50 17.73 19.32 22.60 23.26 26.00 27.07 23.86 23.31
6.68 6.67 7.94 10.18 10.69 10.61 12.16 13.93 15.19 19.66 25.33 38.01 65.09 68.81 47.46 34.39 31.62 28.69 25.53 27.98 31.63 30.27 26.58 23.92 22.90 23.73 24.80 25.34 25.26 22.41 20.53 23.43 24.22 22.75 24.22 22.51 20.32 21.99 22.27 19.21 12.54 8.55 7.69 6.49 6.13 6.63 6.39 5.66 5.30 5.33 5.56 5.66 5.21 5.81 7.84 9.14 9.40 9.57 10.21 10.64 10.84 11.71 11.24 9.69 10.23 12.85 15.53 18.34 20.57 22.81 25.46 26.73 24.25 20.83 19.79 17.88 17.10 20.51 22.64 25.43 29.40 29.16 24.41
6.38 6.59 8.76 9.90 9.66 10.99 14.44 15.80 17.53 25.74 33.73 54.21 69.89 53.26 32.97 29.91 29.14 28.26 27.01 29.47 32.10 30.79 27.49 25.67 25.03 25.44 25.40 24.31 23.62 22.02 21.56 23.16 23.73 24.88 26.52 23.69 20.67 19.71 16.28 10.92 8.15 7.67 7.43 6.59 6.31 6.58 6.54 6.25 6.14 6.30 6.61 7.14 7.34 8.29 9.97 10.04 9.46 9.70 10.43 10.85 11.50 12.16 11.24 9.74 10.62 13.80 16.84 18.84 20.68 23.60 25.56 26.52 26.46 24.53 21.72 16.99 14.87 18.85 23.15 26.78 32.01 30.99 22.48
6.58 6.17 8.43 9.02 9.98 12.81 15.69 17.52 22.47 29.48 41.48 65.64 65.87 36.17 27.78 28.36 28.49 30.78 31.78 32.36 31.93 29.99 28.16 27.76 27.41 26.55 25.10 22.73 21.85 21.97 22.49 23.79 24.71 26.20 27.16 23.66 18.82 15.08 9.90 5.42 5.78 7.17 7.30 6.89 6.59 6.66 6.79 6.83 7.00 7.26 7.63 9.24 10.81 10.85 11.22 10.39 9.49 10.21 10.85 11.57 12.54 12.66 11.92 11.40 13.06 16.43 18.78 19.86 21.48 23.84 24.80 25.32 28.30 28.53 21.96 15.31 13.74 17.99 24.10 29.86 32.03 29.32 24.28
7.81 6.51 8.58 10.01 11.60 13.87 16.45 19.65 25.41 29.54 46.22 62.25 50.45 31.47 28.41 28.73 30.18 34.52 35.57 31.27 28.64 28.50 28.97 29.53 28.53 26.62 24.19 22.30 22.16 23.45 24.59 25.98 25.52 24.84 26.71 23.50 15.43 8.93 4.62 3.35 4.97 6.79 7.36 7.30 7.04 7.04 7.28 7.50 7.71 8.09 8.97 11.85 14.35 14.33 13.06 10.40 9.57 11.00 11.55 12.35 13.29 13.39 13.27 13.53 15.10 17.60 19.49 20.58 21.29 22.39 23.42 25.40 30.04 29.45 20.32 13.99 14.09 17.04 25.06 30.93 28.06 26.38 27.30
8.86 7.82 9.83 11.47 12.34 14.02 17.57 21.62 25.95 28.23 42.60 60.15 48.48 33.32 30.77 29.52 31.81 36.79 34.67 26.63 25.75 27.55 29.24 30.42 28.46 24.93 22.74 23.16 24.12 24.96 26.02 27.18 24.75 22.77 24.97 20.52 11.24 5.73 3.53 3.95 5.17 6.59 7.32 7.56 7.46 7.52 7.82 8.13 8.30 9.12 11.38 14.69 17.31 17.64 14.17 10.19 10.26 11.50 12.09 13.50 14.57 14.48 14.55 14.85 15.22 17.33 19.96 20.76 20.54 20.72 22.08 25.82 31.03 29.94 20.64 14.09 13.92 16.07 25.43 29.77 24.35 26.17 28.28
8.40 8.67 11.08 12.23 13.14 15.51 19.64 23.58 27.60 28.51 37.05 61.58 58.39 37.46 32.04 29.78 32.68 36.29 29.75 24.59 25.96 27.67 29.38 29.51 26.97 24.50 23.89 25.08 25.23 24.34 25.08 26.03 22.82 20.34 20.41 15.34 9.20 5.56 4.49 4.89 5.80 6.77 7.46 7.89 8.01 8.09 8.34 8.56 9.00 11.00 14.33 17.23 19.78 19.39 14.82 11.48 11.76 12.28 13.84 16.49 16.74 15.71 15.57 15.28 15.06 17.63 20.55 20.18 19.70 20.62 21.48 24.87 30.89 30.34 21.69 15.02 13.94 16.40 24.94 28.11 25.33 28.96 26.27
7.95 9.50 12.30 13.61 15.47 18.62 21.92 26.42 30.91 30.58 41.55 66.05 60.11 37.22 31.27 30.52 33.08 33.61 27.43 25.58 27.49 28.09 28.89 27.60 25.91 26.20 26.10 25.85 25.01 22.95 22.95 23.34 19.70 15.74 12.87 11.33 8.23 5.89 5.03 5.33 6.25 7.06 7.75 8.32 8.54 8.48 8.70 9.05 10.47 13.35 16.27 19.36 22.08 20.78 17.34 15.22 14.31 14.88 17.57 19.28 17.83 16.30 16.01 15.85 16.70 19.26 20.77 19.88 19.83 21.16 21.78 23.87 29.28 30.35 22.75 15.90 15.58 18.88 22.86 26.15 29.46 28.94 18.91
9.06 10.54 12.69 14.47 17.66 20.93 23.04 28.58 33.87 39.87 59.85 68.14 48.86 31.18 28.31 29.03 31.39 30.15 26.79 26.65 27.76 27.78 27.10 26.18 26.20 27.77 27.07 25.88 25.53 22.21 19.69 20.03 16.11 9.73 8.13 9.17 7.94 6.12 5.31 5.52 6.47 7.29 7.79 8.51 9.06 8.94 9.00 10.05 12.71 15.10 17.35 21.42 24.38 22.46 19.80 18.09 17.01 18.11 19.40 19.65 17.69 16.23 16.57 17.65 19.39 21.07 22.02 22.32 22.76 23.22 23.83 24.76 27.64 29.10 22.86 16.98 19.23 23.53 23.44 26.03 30.20 22.35 12.75
