windninja/windninja_output/Output_2025-10-23_1600-1650_Google earth_Fire_150m_10min/merlingen_7.5mi_point_10-23-2025_1630_150m_ang.asc
ncols	158
nrows	163
xllcorner	391686.332397
yllcorner	5160024.123721
cellsize	150.000000
NODATA_value	-32768.000000
[rows 42 to 83 of 163, columns 0 to 93 of 158]
246 246 245 243 243 242 242 241 240 239 238 238 237 236 236 235 235 234 234 234 234 233 232 232 232 231 231 231 231 234 237 235 233 228 221 217 219 223 223 222 222 223 222 222 221 218 218 219 220 224 231 231 223 220 226 230 228 227 232 235 233 228 228 228 227 229 230 229 226 222 220 222 221 212 213 216 203 191 195 209 217 219 224 228 229 226 221 220 223 226 230 234 237 240
246 245 244 243 243 242 241 241 240 239 238 237 237 237 236 236 235 235 235 235 234 233 233 233 232 232 231 232 232 234 236 235 231 225 218 214 217 221 221 221 224 226 227 226 223 220 222 225 227 231 235 233 224 220 225 229 229 229 232 236 236 234 233 230 229 229 226 224 220 214 212 215 214 209 210 210 201 193 198 209 216 220 225 230 229 224 221 223 227 229 232 233 238 242
245 245 244 244 243 242 241 241 240 239 238 238 237 237 236 236 235 235 235 235 234 233 233 233 233 232 232 232 232 233 234 234 230 225 219 216 220 225 226 225 227 229 231 230 225 223 226 229 230 231 231 228 222 219 223 228 229 230 232 235 235 236 236 234 234 232 227 223 217 211 211 214 214 212 212 210 201 197 203 212 218 222 226 230 228 224 223 227 231 233 234 236 243 246
244 244 244 244 243 242 242 241 240 239 239 238 237 237 236 236 235 235 235 234 234 233 233 233 233 233 233 233 233 233 233 232 230 226 222 222 227 230 230 229 229 232 234 231 223 223 227 230 231 230 229 227 224 222 226 229 230 231 233 234 234 234 233 233 235 234 230 225 217 215 218 219 220 219 217 213 204 200 206 213 218 223 230 232 229 226 226 229 232 235 237 241 248 247
244 244 244 243 243 243 242 241 240 239 239 238 237 237 236 236 236 235 235 235 234 234 233 233 233 234 233 233 233 233 233 233 231 228 225 226 229 232 231 230 231 234 235 230 223 225 229 232 232 230 228 227 226 226 228 230 232 234 235 234 231 231 231 231 233 233 230 226 220 219 224 225 226 225 221 215 206 201 207 215 221 228 234 235 231 228 228 229 231 234 237 243 247 244
244 244 244 243 242 244 244 243 241 240 239 238 237 237 237 236 236 236 235 235 235 234 234 234 234 234 234 233 233 233 233 233 232 231 229 229 231 233 232 233 234 236 234 227 223 228 233 235 232 227 226 226 225 227 227 228 232 234 236 233 229 231 234 234 235 235 231 227 222 221 224 226 228 226 222 217 210 207 212 222 230 235 236 234 230 229 230 230 231 234 237 241 242 239
244 243 243 241 242 244 245 244 242 241 240 239 238 237 237 237 237 236 236 235 235 234 234 235 235 234 234 233 233 233 233 233 233 232 231 231 233 234 234 235 237 237 233 227 226 231 234 234 229 225 224 225 228 230 229 229 233 234 234 229 226 233 237 238 239 237 231 227 224 223 225 227 227 226 222 218 214 213 219 227 232 234 233 230 227 227 228 228 230 232 235 238 238 236
244 243 241 240 242 245 246 245 243 242 240 239 238 238 238 237 237 236 236 236 235 235 235 234 235 234 234 233 233 233 233 233 233 233 232 231 232 234 234 236 238 238 234 229 230 235 236 232 227 222 221 225 228 229 228 230 234 235 232 226 226 233 238 241 240 237 231 227 225 224 225 226 226 224 221 218 215 215 219 225 229 230 230 228 226 225 225 225 228 230 233 235 236 235
245 243 240 239 242 244 244 244 244 242 241 239 239 238 238 237 237 236 236 236 235 235 235 234 235 234 234 233 234 233 233 233 233 233 232 232 233 234 234 235 236 237 234 231 235 239 236 231 228 224 224 228 229 227 226 230 234 233 229 227 228 234 240 244 241 235 230 226 226 226 227 227 225 223 221 218 215 215 219 224 228 229 228 227 226 226 225 226 229 231 231 233 234 235
247 244 239 239 242 243 242 242 243 242 241 240 239 238 238 238 237 237 236 236 236 235 235 235 235 234 234 234 234 234 234 234 234 233 233 234 235 236 236 235 235 237 236 234 237 239 235 229 228 227 228 231 231 229 230 235 236 232 228 227 230 235 243 246 241 233 228 225 225 226 227 226 224 222 221 219 217 216 220 224 227 229 231 230 228 227 228 230 232 232 231 233 234 235
248 245 240 241 244 243 241 241 242 241 240 240 239 239 239 238 238 237 237 237 236 236 235 235 235 235 234 234 234 234 234 234 234 234 234 235 235 236 236 235 236 239 238 235 236 238 232 225 224 223 223 225 227 229 235 239 237 231 228 229 231 236 244 246 239 229 225 222 223 225 225 224 221 220 221 221 220 219 222 225 226 229 232 233 234 234 233 233 234 234 232 233 233 233
246 244 241 241 244 243 240 241 242 241 240 240 240 239 239 239 238 237 237 237 237 236 236 236 235 235 235 235 234 234 234 234 234 234 234 235 235 236 236 235 236 239 238 235 234 234 228 220 221 221 220 223 226 230 237 240 234 229 228 230 232 238 245 245 235 225 220 218 221 222 221 219 218 220 222 222 221 223 227 228 227 228 230 231 233 237 237 235 234 234 233 233 230 230
242 242 241 242 243 241 239 240 241 241 241 241 241 240 239 239 238 238 237 237 237 237 236 236 236 235 235 235 235 235 234 234 234 235 235 235 235 236 236 236 238 240 239 236 235 233 226 219 221 222 221 225 229 233 239 238 229 225 227 230 232 238 244 242 231 220 214 213 216 218 217 217 219 222 223 223 222 224 229 228 226 228 228 227 228 232 235 235 234 232 232 232 230 229
240 241 242 244 246 245 242 240 240 241 241 242 242 242 241 240 239 239 238 237 237 237 237 236 236 235 235 235 235 235 235 235 235 235 235 235 235 236 236 237 240 243 242 239 237 234 227 222 222 221 221 227 230 235 241 236 224 223 226 229 232 237 240 238 228 217 211 210 214 217 217 218 222 223 223 222 222 225 227 226 224 226 226 225 225 226 227 228 230 232 235 235 233 233
241 242 242 242 245 248 247 244 242 242 241 241 243 243 242 241 240 240 239 238 238 237 237 237 236 236 236 235 235 235 235 235 235 235 235 235 235 236 236 237 239 241 241 239 237 234 229 225 224 220 221 229 232 236 241 233 222 223 227 230 234 237 238 235 227 217 211 211 216 219 219 220 222 221 221 220 221 224 225 223 223 225 226 226 225 225 224 223 225 230 238 241 240 237
242 242 241 240 240 243 245 245 244 244 241 238 240 243 243 242 241 240 239 239 238 238 237 237 236 236 236 236 236 235 235 235 235 235 235 235 235 236 236 236 237 238 238 238 237 236 234 231 228 221 222 232 235 240 241 230 220 223 228 231 234 237 238 235 227 217 211 212 216 219 219 220 221 220 220 218 219 222 222 220 221 223 225 227 228 229 228 226 225 228 235 239 237 237
242 241 241 240 240 240 241 243 245 246 241 236 237 240 243 244 243 241 240 239 239 239 238 237 237 236 236 236 236 236 236 235 235 235 235 235 236 236 236 236 236 237 237 238 238 238 239 239 236 227 224 234 238 241 240 229 220 225 231 233 234 235 236 234 228 218 211 209 211 215 218 219 220 220 219 217 219 220 219 218 218 221 224 226 229 231 231 230 229 229 235 237 235 239
241 241 241 241 241 241 242 242 245 248 245 239 237 239 241 243 244 243 241 240 239 239 239 238 237 236 236 236 236 236 236 236 236 236 236 236 236 236 236 236 236 236 237 237 237 238 238 239 239 234 229 237 242 242 239 230 224 231 236 236 235 235 235 233 228 220 211 206 208 215 218 219 219 219 217 217 219 220 218 218 219 222 224 224 226 228 229 230 232 236 242 242 239 241
241 241 241 241 242 243 244 244 246 247 245 241 238 238 238 239 242 244 243 241 240 239 238 238 237 237 237 237 237 236 236 236 236 236 236 236 236 236 236 236 236 236 236 236 237 237 237 238 238 238 237 244 246 244 239 231 229 236 239 238 236 236 235 233 229 222 213 205 210 219 220 219 220 219 217 216 219 219 219 219 220 223 225 225 225 227 229 231 236 243 245 241 238 235
241 241 241 241 241 242 244 245 246 245 244 241 240 239 237 236 238 241 243 243 241 240 239 238 237 237 238 237 237 237 236 236 236 236 236 236 236 236 236 236 236 236 236 236 236 236 237 237 238 239 242 250 252 248 240 235 237 241 241 240 238 237 236 234 229 223 215 207 214 220 219 219 220 219 217 217 220 219 218 219 221 224 226 227 228 229 232 236 242 245 242 237 234 229
242 242 243 242 242 242 243 244 245 245 244 243 243 241 238 236 236 237 240 242 243 242 240 239 238 238 238 238 238 237 237 237 236 236 236 236 236 236 236 236 236 236 236 236 236 236 237 238 238 240 241 248 254 251 242 239 244 245 243 241 239 237 235 232 229 224 215 210 216 219 219 220 221 218 216 217 219 219 218 219 221 224 227 229 231 234 240 245 246 244 237 235 232 228
244 245 245 245 244 244 244 244 244 244 244 244 244 243 240 238 236 236 237 239 241 242 241 239 238 238 239 238 238 237 237 237 237 236 236 236 236 236 236 236 236 236 236 236 236 237 237 238 238 239 241 244 251 249 241 240 244 245 243 240 236 233 232 232 233 229 219 216 218 218 219 220 221 218 215 216 217 217 217 217 220 223 225 229 231 237 245 249 248 241 233 232 230 228
246 246 246 246 246 247 247 246 246 244 244 245 244 242 241 240 238 236 235 236 238 239 241 240 239 239 239 239 238 238 238 237 237 237 237 236 236 236 236 236 236 236 236 236 236 237 237 238 238 239 241 244 249 249 242 240 244 244 242 239 234 230 232 237 241 235 224 220 219 217 218 220 221 217 214 214 215 214 212 214 218 221 225 229 232 241 246 245 242 234 229 229 228 229
245 244 243 245 246 246 247 247 248 247 246 247 245 242 242 242 240 237 235 235 235 236 238 240 240 240 240 239 238 238 238 237 237 237 237 237 237 236 236 236 236 236 236 236 236 237 237 237 238 239 241 244 249 251 248 246 246 243 241 239 233 228 232 237 236 229 222 219 218 217 218 220 221 217 213 212 212 211 210 214 219 223 226 229 235 243 245 240 233 226 226 227 227 229
238 238 239 242 245 245 244 243 244 245 247 246 244 243 242 241 241 240 238 236 234 233 234 237 239 240 240 239 239 239 238 238 238 237 237 237 237 237 236 236 236 236 236 236 236 237 237 237 238 239 241 243 247 251 253 256 254 248 243 239 229 222 228 231 228 224 220 218 217 218 219 222 222 217 212 209 209 209 209 214 219 223 225 227 234 240 240 234 227 225 224 224 227 229
225 228 232 235 240 243 239 238 241 244 246 245 242 241 242 241 241 241 240 238 234 231 232 234 235 238 241 241 241 241 239 239 238 238 238 237 237 237 237 236 236 236 236 236 236 237 237 237 238 239 240 242 244 247 252 259 263 259 251 243 230 222 228 231 228 225 221 219 219 220 220 223 222 216 211 209 208 207 207 211 216 219 224 227 235 242 238 229 226 225 223 224 227 229
207 220 226 227 230 232 228 228 236 242 243 241 240 238 237 238 240 241 241 240 237 234 233 232 231 233 237 242 244 244 242 240 239 239 238 238 237 237 237 237 236 236 236 236 237 237 237 237 238 239 240 241 242 245 248 253 259 261 258 249 239 234 238 237 232 227 223 221 220 220 220 223 224 218 212 210 208 206 205 211 216 222 229 233 245 248 237 226 225 223 223 225 228 230
207 223 232 231 232 230 223 221 230 235 233 229 229 229 229 230 235 239 241 240 239 238 237 235 231 229 234 241 243 245 244 242 241 239 239 238 238 237 237 237 237 236 236 236 237 237 237 237 238 238 239 240 241 243 245 247 250 253 254 252 248 248 249 246 240 233 228 224 221 220 220 224 224 217 211 212 210 207 206 213 221 230 235 241 253 250 234 225 224 223 223 224 227 229
228 239 254 256 252 245 234 229 235 237 232 226 226 225 225 226 229 234 237 238 239 240 240 239 233 228 234 238 240 241 243 244 243 241 239 239 238 238 237 237 237 237 237 237 237 237 237 237 238 238 239 239 240 241 242 244 245 247 248 248 248 251 255 256 253 248 241 234 228 223 222 225 224 215 212 214 213 210 208 216 227 235 239 248 255 247 230 225 224 223 222 223 225 226
238 245 258 266 266 261 256 255 256 251 243 239 238 235 232 230 230 232 233 234 236 239 240 240 232 227 232 235 235 236 238 241 243 242 241 240 239 238 237 237 237 237 237 237 237 237 237 237 238 238 238 239 239 240 241 242 243 243 244 244 245 247 250 253 255 257 256 252 243 233 227 229 226 217 214 215 215 212 211 220 231 238 244 254 252 237 224 223 223 224 223 223 224 222
244 248 256 261 263 264 264 267 268 262 254 252 252 248 245 241 238 236 234 232 232 235 237 236 231 227 232 235 234 234 235 236 239 242 242 241 240 238 238 237 237 237 237 237 237 237 237 237 237 238 238 238 239 239 240 240 241 241 242 242 242 243 244 246 248 251 254 255 253 249 246 243 234 223 219 219 219 216 214 223 234 242 250 254 246 227 220 221 225 225 224 225 227 226
249 252 258 261 263 264 265 267 268 263 257 254 253 250 249 246 244 243 240 236 234 234 234 233 230 228 233 236 235 234 233 234 236 238 240 240 240 239 238 238 237 237 237 237 237 237 237 237 237 238 238 238 238 239 239 239 240 240 240 240 241 241 242 242 243 244 245 247 249 255 260 259 249 233 226 225 224 221 216 224 235 246 253 250 236 223 220 222 226 226 223 225 228 233
253 256 262 266 267 268 268 267 266 263 259 256 253 250 249 247 246 245 244 242 240 238 236 235 232 229 232 235 236 236 234 234 235 235 236 236 238 239 239 238 237 237 237 237 237 237 237 237 238 238 238 238 238 238 239 239 239 239 239 239 240 240 240 241 241 241 241 242 244 248 252 254 250 239 231 229 226 222 218 225 238 248 250 241 228 222 221 223 227 226 224 222 222 232
255 258 265 271 273 274 274 271 268 265 262 259 256 253 251 249 247 245 244 243 242 242 240 238 235 232 233 236 236 236 235 234 235 236 236 236 237 238 238 238 237 237 237 237 237 237 237 238 238 238 238 238 238 238 238 238 238 238 238 238 239 239 239 239 239 239 239 240 241 242 242 242 241 239 235 232 225 219 218 227 243 248 244 233 224 220 222 224 227 229 232 227 225 237
256 258 265 273 279 281 281 278 273 269 265 262 258 256 253 251 248 247 245 243 242 242 241 239 237 234 236 239 238 236 236 236 237 238 239 238 238 239 239 238 237 237 237 237 237 238 238 238 238 238 238 238 238 238 238 238 238 238 238 238 238 238 238 238 238 238 238 239 239 239 238 237 237 238 238 235 227 217 218 234 246 246 239 231 227 226 227 229 232 238 242 241 243 245
258 259 263 271 281 287 288 285 281 276 270 265 260 257 255 253 250 248 246 244 243 242 241 239 236 234 238 242 241 239 237 237 237 238 238 238 238 239 239 238 237 237 237 237 238 238 238 238 238 238 238 238 238 238 238 238 237 237 237 237 237 237 237 237 237 237 237 238 238 237 237 236 236 237 236 235 229 218 223 241 247 241 235 233 232 236 239 237 238 241 241 239 242 243
261 260 258 265 280 290 293 293 288 283 275 266 261 258 256 253 251 250 247 245 243 243 242 240 234 233 238 241 242 239 237 236 236 236 236 236 235 237 238 239 238 237 237 238 238 238 239 239 239 239 239 239 238 238 238 237 237 237 237 237 237 237 237 237 237 237 237 237 236 236 236 236 235 235 234 233 228 220 229 244 244 234 230 231 229 231 233 233 234 236 235 235 238 238
258 255 249 254 269 285 294 296 292 287 277 266 260 257 255 253 252 250 248 246 244 244 243 240 234 233 237 238 238 236 235 236 235 236 237 236 234 234 237 239 238 238 239 239 239 240 240 240 241 241 240 239 239 238 238 237 237 237 237 237 237 237 236 236 236 236 236 236 236 236 235 235 234 234 233 231 227 223 230 242 238 227 223 223 222 223 226 231 235 237 236 236 237 235
251 247 242 246 254 264 277 281 281 279 270 261 257 256 255 253 252 250 248 246 245 245 244 240 234 234 238 238 236 235 235 236 235 234 235 235 233 232 234 236 236 237 240 241 242 242 242 243 244 244 243 241 240 238 238 237 237 237 237 236 236 236 236 236 236 236 236 236 235 235 235 234 234 233 232 230 228 225 228 234 226 219 218 218 219 222 230 237 239 239 238 238 237 234
248 249 249 252 258 258 246 237 247 250 249 251 253 254 254 254 252 251 249 248 247 245 244 241 235 236 240 240 237 235 235 236 235 234 233 233 232 231 233 233 232 233 237 241 244 246 247 247 249 251 249 244 241 239 238 237 237 237 237 236 236 236 236 236 236 236 236 235 235 235 234 234 233 233 232 231 229 225 222 219 210 211 216 218 220 228 239 242 240 239 237 237 236 233
259 259 259 262 264 253 238 230 230 233 235 242 249 251 253 252 252 252 251 250 249 247 245 242 236 238 241 240 238 237 237 238 239 239 238 235 233 232 233 232 230 229 231 234 237 239 240 241 243 246 246 245 242 239 237 237 237 237 237 236 236 236 236 236 236 235 235 235 235 235 234 234 233 233 232 231 228 225 219 210 198 203 214 220 226 238 243 242 240 238 236 235 234 231
257 255 253 257 254 246 239 234 232 233 235 242 248 251 253 252 252 253 253 253 252 250 247 244 238 237 240 239 238 238 238 238 240 241 242 241 239 236 235 233 231 229 228 228 228 229 229 229 232 233 233 234 236 236 236 236 237 237 237 237 236 236 236 236 236 235 235 235 235 234 234 234 233 233 232 231 229 225 220 209 192 194 208 218 233 245 246 243 241 239 238 236 235 232
