windninja/windninja_output/Output_2025-10-23_1600-1650_Google earth_Fire_150m_10min/merlingen_7.5mi_point_10-23-2025_1600_150m_ang.asc
ncols	158
nrows	163
xllcorner	391686.332397
yllcorner	5160024.123721
cellsize	150.000000
NODATA_value	-32768.000000
[rows 42 to 83 of 163, columns 0 to 94 of 158]
220 220 220 221 221 222 223 224 225 225 226 227 228 229 231 232 233 234 236 238 239 241 242 244 247 249 252 257 262 266 267 266 265 261 255 249 250 256 259 257 255 254 253 256 261 261 257 255 257 263 267 268 268 269 268 264 259 257 257 256 254 255 258 256 258 267 272 272 273 271 263 264 271 278 284 285 287 294 277 266 266 268 270 275 280 281 276 272 277 283 284 278 271 272 278
224 223 223 223 222 223 223 224 225 225 226 227 228 229 231 232 233 234 236 238 239 240 242 244 246 248 251 255 260 265 265 264 263 263 262 261 263 263 261 259 257 256 258 262 260 255 253 255 259 267 270 267 263 261 262 260 256 253 254 257 260 265 268 266 265 270 276 277 272 264 260 265 270 276 282 282 276 259 263 269 270 273 279 283 282 274 262 262 270 278 281 279 276 277 279
227 226 226 225 224 224 224 225 225 226 226 227 228 229 231 232 233 234 236 237 238 240 242 244 246 248 251 254 258 261 263 263 264 265 269 275 276 271 265 262 259 260 264 264 257 250 252 258 265 271 270 264 257 254 254 254 252 252 255 261 265 270 274 276 278 278 278 278 273 265 265 266 267 271 273 269 253 227 250 268 276 282 285 283 275 260 255 260 266 273 278 280 281 280 277
230 229 228 227 226 226 226 226 226 227 227 228 228 229 230 231 233 234 236 237 238 240 242 244 246 248 251 254 256 259 261 263 265 267 272 280 282 277 271 267 266 266 266 261 252 249 256 265 272 272 267 259 252 248 249 250 251 255 262 267 271 274 279 285 285 283 279 275 272 270 269 267 265 264 261 253 232 218 251 273 284 287 284 275 261 255 258 262 265 268 275 281 284 280 274
232 231 230 229 228 228 228 228 227 227 228 228 229 230 230 232 233 234 236 237 239 240 242 244 246 249 250 252 255 258 261 264 266 269 274 279 281 281 278 275 273 270 266 258 250 255 265 271 273 268 260 253 246 244 248 250 253 262 271 276 277 279 284 287 286 282 278 272 268 270 271 268 265 260 253 243 227 227 262 277 282 281 275 266 259 259 264 266 265 266 273 282 284 279 272
234 233 232 231 231 232 231 230 229 229 229 229 229 230 231 232 233 235 236 238 239 240 242 244 247 249 250 252 254 257 260 263 266 270 275 278 279 281 282 281 278 274 266 257 253 264 272 273 268 261 254 247 242 245 248 252 260 269 277 283 285 283 283 284 282 278 274 270 267 269 270 268 263 257 249 239 230 242 266 273 274 272 268 266 265 266 269 269 268 269 275 279 280 276 270
236 235 234 232 233 234 234 232 231 230 230 230 230 231 232 233 234 235 237 238 239 241 243 245 247 248 250 252 254 257 259 262 265 269 273 277 279 282 285 284 281 277 269 261 263 270 273 270 263 255 247 242 244 250 253 259 268 276 282 286 287 282 279 278 278 276 273 270 268 268 267 265 262 255 246 238 237 250 264 269 269 270 271 270 270 271 272 272 274 276 275 274 273 272 269
238 237 235 234 234 236 236 234 233 232 232 232 232 232 233 234 235 236 237 239 240 241 243 245 247 248 250 252 254 256 259 261 264 267 272 276 280 282 284 284 282 278 275 272 273 274 271 266 258 248 239 242 249 255 260 267 275 282 284 283 281 278 274 274 276 276 273 270 268 267 265 263 259 252 244 241 245 254 262 267 269 271 273 274 274 274 275 277 279 278 272 267 265 266 267
241 239 236 234 235 237 236 235 234 233 233 232 233 233 234 234 235 237 238 239 240 242 243 245 247 248 250 252 254 256 258 260 263 266 270 276 280 282 282 282 281 280 280 281 280 276 269 261 253 243 240 250 258 262 267 275 281 282 280 276 273 271 270 273 276 276 273 270 268 266 264 261 256 250 247 249 253 256 261 265 269 271 272 274 276 278 280 281 278 274 268 262 260 259 260
244 242 238 236 236 236 235 235 235 234 234 234 234 234 235 236 237 237 238 240 241 242 244 245 247 248 250 252 254 256 258 260 262 265 269 274 278 281 282 282 282 282 284 285 282 276 267 256 248 246 253 263 267 270 275 280 281 277 271 268 266 266 270 274 276 275 272 269 266 265 262 259 255 252 254 257 258 260 262 265 267 268 270 274 278 280 281 279 275 270 265 259 256 255 258
247 245 239 238 240 238 236 236 236 234 234 235 235 235 236 237 238 238 239 241 242 243 244 246 248 249 250 252 254 256 258 260 262 265 268 271 275 279 282 283 283 283 285 288 283 275 265 253 249 255 265 269 270 274 280 282 278 271 264 261 263 267 272 274 275 274 272 267 264 263 261 259 256 255 258 260 262 264 267 267 264 264 267 273 278 280 280 277 273 268 263 258 254 255 262
246 245 241 240 241 239 237 237 238 236 236 237 237 237 237 238 239 240 241 242 243 244 246 247 248 249 251 253 254 256 258 260 262 264 267 269 273 277 281 284 285 283 285 288 284 275 266 259 262 267 269 270 271 274 279 279 275 266 260 260 264 270 274 274 274 274 271 265 263 263 262 259 256 256 259 262 263 266 270 270 266 265 267 270 274 278 280 278 273 266 262 260 258 260 273
245 244 243 241 241 239 237 238 239 239 239 239 239 239 239 240 240 241 242 243 244 245 246 248 249 250 251 253 255 256 258 260 262 264 266 268 271 274 278 283 286 285 283 285 284 278 273 273 277 275 270 271 274 275 276 275 270 263 260 262 267 273 275 275 274 273 270 265 263 263 261 256 254 257 261 262 263 267 272 274 273 271 270 269 269 273 277 278 272 266 264 266 268 271 282
245 245 244 245 246 245 242 240 240 240 240 241 242 242 241 242 242 242 243 244 245 246 247 249 249 251 252 253 255 257 258 260 262 263 265 267 270 273 276 280 284 284 282 282 285 286 285 286 284 279 274 274 275 276 275 272 266 261 263 268 273 276 275 273 273 272 269 266 264 260 254 250 255 262 264 264 265 270 274 277 279 276 273 270 268 268 268 270 270 268 269 272 279 285 287
247 247 245 245 247 249 247 245 242 242 241 241 243 244 244 244 244 244 245 245 246 247 248 249 250 251 253 254 255 257 258 260 262 263 265 267 269 271 274 277 280 282 282 283 286 291 295 294 290 285 280 277 276 276 274 270 262 263 269 274 278 278 275 270 268 268 266 264 262 254 247 252 261 265 266 267 270 274 277 279 280 278 274 271 269 266 262 260 262 267 273 282 294 301 294
249 248 247 244 244 246 247 247 246 245 242 239 242 245 246 246 246 246 246 247 248 248 249 250 251 252 253 255 256 257 259 260 262 263 265 267 268 270 272 275 277 279 281 283 286 291 295 297 295 292 287 279 277 278 274 268 264 269 275 280 280 278 273 268 264 263 263 260 255 250 253 261 265 267 269 271 275 278 279 279 277 276 273 271 268 264 260 257 260 269 282 297 308 308 299
250 249 248 246 245 244 245 246 248 248 244 240 240 244 247 249 249 248 248 248 249 250 251 251 252 253 254 255 256 258 259 260 262 263 265 266 268 270 271 273 275 277 280 282 285 288 292 296 298 300 297 285 281 279 274 268 269 275 280 281 279 276 271 266 261 258 258 255 249 254 263 267 268 270 273 276 279 280 279 277 274 271 270 267 265 262 261 263 270 284 296 303 307 306 296
250 249 248 248 247 246 246 246 249 251 249 244 242 243 246 249 251 251 250 250 250 251 252 253 253 254 255 256 257 258 259 261 262 263 265 266 268 269 271 272 274 276 278 280 283 285 289 293 299 306 308 295 285 280 274 269 272 280 282 281 279 275 270 265 260 257 256 250 249 260 267 269 271 274 276 278 281 280 277 273 270 267 266 264 261 261 265 274 288 298 300 299 300 298 285
251 250 249 249 249 249 249 249 250 251 251 248 245 244 243 245 250 253 253 253 252 252 253 253 253 255 256 257 258 259 260 261 262 264 265 266 267 269 270 272 273 275 277 279 281 283 287 291 297 306 312 303 289 281 275 271 276 282 283 281 279 275 270 264 260 257 255 246 254 265 270 273 276 278 280 281 280 277 272 268 267 265 264 261 260 264 273 286 296 300 299 295 293 286 271
252 251 251 250 249 249 250 251 251 251 251 250 249 247 243 243 246 251 255 255 255 255 254 254 254 255 257 258 259 260 261 262 263 264 265 266 267 269 270 271 273 274 276 278 280 282 285 288 293 301 309 306 294 284 277 274 278 281 281 280 278 275 271 267 262 258 252 245 261 270 274 277 279 280 282 282 278 272 269 267 266 265 263 261 263 271 284 295 298 298 297 293 285 270 258
253 253 253 252 251 250 250 251 252 252 252 253 253 251 247 245 245 247 252 255 257 257 256 255 255 256 258 259 260 260 261 262 263 264 265 266 267 269 270 271 272 274 275 277 279 281 283 286 290 295 304 306 297 289 281 279 280 281 280 279 278 276 274 270 264 258 249 250 269 275 277 279 281 282 282 280 275 271 269 267 265 263 262 264 271 280 291 299 298 296 293 284 269 256 247
255 255 255 255 254 253 253 252 252 252 253 254 255 254 252 249 247 246 248 252 256 258 258 257 257 257 259 260 260 261 262 263 264 265 265 266 267 269 270 271 272 273 275 277 278 280 282 284 287 292 299 304 298 293 290 284 281 280 281 281 281 279 274 268 263 259 254 265 275 278 279 280 282 284 283 279 275 273 271 267 264 263 264 271 281 289 296 299 297 290 280 269 258 246 237
257 257 257 257 257 257 256 255 254 253 254 255 257 256 255 254 251 248 247 249 253 256 258 259 259 259 260 261 261 262 263 264 264 265 266 267 268 269 270 271 272 273 274 276 278 279 281 283 285 289 294 299 298 295 296 291 282 280 282 284 283 278 267 262 264 265 270 279 282 281 282 282 283 284 284 281 278 277 272 267 265 266 272 280 289 294 296 296 291 280 268 258 247 236 228
256 256 256 257 257 257 257 256 256 256 256 257 258 258 257 257 256 251 248 248 250 253 256 260 261 261 261 261 262 263 264 264 265 266 266 267 268 269 270 271 272 273 274 275 277 278 280 282 284 287 290 294 296 295 298 298 288 281 281 282 280 270 262 265 270 276 283 286 285 285 284 283 282 283 284 285 283 279 273 267 267 274 283 291 294 294 293 289 281 268 257 246 234 227 221
252 252 253 255 257 257 256 255 255 256 258 258 258 259 260 259 258 257 253 250 249 249 252 257 260 262 263 262 263 263 264 265 266 266 267 268 268 269 270 271 272 273 274 275 276 278 279 281 282 285 287 290 292 293 297 300 294 285 279 276 274 271 273 275 277 279 284 286 286 286 286 284 282 283 286 288 286 280 274 272 278 288 296 300 296 291 287 281 267 255 244 231 223 217 214
247 247 248 250 254 257 256 252 253 256 259 259 257 258 260 260 259 259 259 256 252 248 250 252 256 260 263 264 265 265 265 266 266 267 268 268 269 270 270 271 272 273 274 275 276 277 278 280 281 283 285 287 289 291 293 296 294 288 280 275 276 285 286 283 280 279 279 282 285 287 287 285 283 284 287 287 287 285 283 287 292 296 298 298 292 283 276 264 254 244 230 220 214 210 212
245 247 246 245 247 250 249 246 250 255 258 257 257 256 257 259 260 261 262 260 256 253 252 252 252 254 257 262 266 268 268 268 268 268 269 269 269 270 271 271 272 273 274 275 275 277 278 279 280 281 283 284 286 288 289 291 291 289 284 279 282 291 291 288 283 280 279 281 284 286 287 285 284 286 288 288 289 291 293 295 295 294 289 286 284 276 265 252 244 231 220 211 209 211 215
256 259 258 253 251 249 243 241 247 252 252 250 250 251 251 253 257 260 262 262 260 259 258 255 251 248 252 260 265 269 270 270 270 270 270 270 270 270 271 272 272 273 274 274 275 276 277 278 279 280 281 283 284 285 286 287 287 287 286 284 286 292 293 290 287 283 282 283 285 286 286 285 286 288 289 289 291 295 299 296 292 288 279 276 281 275 260 247 235 221 211 206 209 214 222
262 267 272 270 266 259 251 250 254 255 251 247 246 246 246 248 251 255 258 261 262 262 261 260 254 247 251 257 262 266 269 272 272 272 271 271 271 271 272 272 272 273 274 274 275 276 277 278 279 279 280 281 282 283 284 284 285 285 285 285 286 290 291 289 288 288 287 286 286 286 286 286 286 288 289 288 291 297 301 296 288 279 275 278 280 273 255 238 224 213 207 207 213 219 232
262 266 272 275 273 269 266 269 270 265 258 255 254 252 250 250 251 252 253 256 259 261 263 262 258 253 253 255 257 261 265 269 273 274 273 272 272 272 272 272 273 273 274 274 275 276 276 277 278 279 280 280 281 282 283 283 283 284 284 285 286 287 288 288 289 290 289 288 287 289 291 288 285 286 287 287 290 295 298 292 283 277 280 284 278 265 244 228 216 210 209 213 221 229 241
263 266 270 273 273 272 272 276 276 270 263 262 263 261 260 258 257 256 255 254 255 259 262 262 261 260 259 257 255 257 261 264 269 273 275 274 274 273 273 273 273 273 274 274 275 275 276 277 277 278 279 280 280 281 282 282 282 283 283 284 285 285 286 287 288 289 290 290 291 294 295 291 284 282 285 286 288 292 294 288 283 284 288 285 275 252 230 219 215 214 216 223 231 239 261
265 267 271 272 273 273 274 275 275 271 266 265 265 265 264 264 264 263 261 258 258 258 260 261 262 263 263 260 257 257 258 260 264 269 274 275 275 274 274 274 274 274 274 274 275 275 276 277 277 278 279 279 280 280 281 281 282 282 283 283 284 284 285 286 286 287 289 290 292 294 295 291 285 284 288 290 290 291 293 291 289 292 291 283 266 239 220 214 219 223 226 236 246 268 301
266 268 273 275 275 275 275 275 274 272 270 269 267 267 267 266 266 266 265 265 264 263 262 261 262 264 264 262 260 258 258 260 262 266 270 273 274 275 275 275 274 274 274 275 275 275 276 276 277 278 278 279 279 280 280 281 281 282 282 283 283 284 284 285 286 287 288 289 291 291 292 292 292 295 298 297 296 296 297 298 297 296 289 276 251 226 215 217 225 230 241 253 277 301 305
266 268 273 277 278 278 278 277 275 274 273 272 270 269 269 269 268 267 267 267 267 266 265 264 264 265 266 265 262 260 260 260 262 264 266 270 273 274 276 276 275 274 274 274 275 275 276 276 277 277 278 279 279 280 280 280 281 281 282 282 283 283 284 284 285 286 287 288 289 290 291 293 297 301 304 302 302 302 304 305 300 293 281 261 233 214 215 223 231 239 256 278 300 299 299
266 267 272 277 281 282 282 281 279 277 276 275 274 273 272 271 270 270 269 268 268 267 266 266 265 265 267 268 267 263 261 260 261 262 264 268 272 274 276 276 276 275 275 275 275 275 276 276 277 277 278 278 279 279 280 280 281 281 282 282 282 283 283 284 285 286 287 287 288 289 291 293 296 300 305 305 306 309 311 304 296 285 268 243 219 215 223 228 236 253 276 305 306 297 292
266 267 268 273 280 285 286 285 283 282 281 279 277 275 275 274 273 272 271 270 269 269 268 268 265 264 267 271 271 267 262 260 260 261 264 268 271 274 276 277 277 275 275 275 275 275 276 276 277 277 278 279 279 279 280 280 281 281 281 282 282 283 283 284 285 285 286 287 288 289 291 293 295 298 303 306 309 314 312 300 289 275 252 232 224 231 241 245 258 285 305 312 307 297 290
268 265 260 267 280 287 289 289 289 289 287 282 279 277 276 276 275 275 273 272 271 270 270 269 265 263 266 270 272 271 266 262 261 263 264 266 269 271 274 277 278 276 275 274 274 275 275 276 277 277 278 279 279 280 280 280 281 281 281 282 282 282 283 284 284 285 286 287 288 289 290 292 294 296 300 304 309 316 313 298 283 263 240 236 240 249 260 277 297 304 306 307 303 295 290
265 260 252 258 273 287 294 295 295 296 293 286 281 279 278 277 276 276 275 273 272 272 271 270 268 266 267 269 271 272 270 266 264 263 264 266 267 268 270 274 277 277 275 274 274 274 275 276 277 278 279 279 280 280 280 280 281 281 281 282 282 282 283 283 284 285 285 286 287 288 290 291 293 295 298 302 308 314 312 299 281 260 250 254 256 262 280 298 302 302 300 298 296 293 291
258 254 252 257 268 284 300 302 300 300 296 289 282 280 279 278 277 277 276 275 273 273 272 272 272 271 270 269 269 271 273 272 268 265 264 265 265 265 267 269 273 275 275 274 274 274 274 275 276 279 280 281 281 281 281 281 281 281 281 281 282 282 283 283 284 284 285 286 287 288 289 291 292 294 297 301 306 311 311 303 291 279 276 272 268 278 296 302 301 298 295 293 291 291 290
255 257 261 268 279 286 295 301 300 299 295 288 282 279 279 278 277 276 276 276 275 274 274 274 274 274 273 271 270 272 275 275 273 269 265 262 263 265 266 266 268 271 272 272 273 273 273 273 275 279 283 283 283 282 281 281 281 281 281 282 282 282 283 283 284 284 285 286 287 288 289 291 292 294 296 299 304 309 311 311 312 304 293 284 284 296 302 302 299 296 293 291 288 288 289
268 269 275 284 287 284 279 283 288 288 287 283 280 278 277 277 276 276 277 277 277 276 275 275 276 276 275 274 273 272 274 275 274 272 268 264 262 264 265 266 265 266 268 269 271 273 274 275 276 280 284 286 286 284 283 282 281 281 281 282 282 282 283 283 284 284 285 286 286 287 289 290 292 293 296 298 302 307 311 316 324 321 305 300 307 305 302 300 298 295 292 289 287 286 288
275 280 285 286 282 273 269 269 269 271 274 277 277 276 275 275 275 275 277 278 279 278 277 277 279 279 277 276 274 273 273 273 273 272 270 268 266 265 266 266 266 267 269 271 273 274 277 279 280 280 282 284 286 286 284 282 281 281 281 282 282 282 283 283 284 284 285 285 286 287 288 290 291 293 295 297 301 306 311 318 330 336 324 317 311 304 299 296 295 293 290 288 286 285 286
