windninja/windninja_output/Output_2025-10-23_1600-1650_Google earth_Fire_150m_10min/merlingen_7.5mi_point_10-23-2025_1640_150m_vel.asc
ncols	158
nrows	163
xllcorner	391686.332397
yllcorner	5160024.123721
cellsize	150.000000
NODATA_value	-32768.000000
[rows 0 to 36 of 163, columns 0 to 83 of 158]
2.10 2.12 2.12 2.09 2.15 2.20 2.08 2.04 2.17 2.19 2.13 2.05 2.12 2.44 2.64 2.63 2.54 2.39 2.50 2.76 2.56 2.17 2.29 2.57 2.74 2.75 2.59 2.53 2.72 2.78 2.77 2.84 2.91 2.86 2.93 3.19 3.13 3.08 3.18 3.08 3.10 3.26 3.30 3.38 3.49 3.52 3.64 3.58 3.47 3.55 3.58 3.62 3.73 3.75 3.68 3.70 3.75 3.85 3.97 3.94 3.84 3.90 4.00 4.04 4.06 4.16 4.38 4.52 4.49 4.33 4.21 4.22 4.31 4.39 4.55 4.61 4.58 4.67 4.67 4.56 4.55 4.58 4.84 4.98
2.04 2.09 2.07 2.03 2.12 2.15 2.03 2.00 2.14 2.15 2.03 1.84 1.82 2.17 2.56 2.74 2.68 2.49 2.64 2.82 2.45 2.04 2.11 2.48 2.76 2.76 2.54 2.49 2.67 2.72 2.73 2.81 2.87 2.85 2.94 3.19 3.14 3.09 3.17 3.04 3.07 3.23 3.28 3.45 3.56 3.55 3.67 3.62 3.46 3.46 3.52 3.57 3.66 3.67 3.60 3.62 3.70 3.83 3.99 3.94 3.77 3.80 3.91 3.96 3.92 3.99 4.30 4.58 4.64 4.41 4.15 4.12 4.23 4.32 4.48 4.53 4.55 4.78 4.79 4.51 4.42 4.51 4.80 5.00
1.96 2.10 2.07 2.00 2.12 2.06 1.97 2.04 2.15 2.10 1.87 1.52 1.42 1.81 2.43 2.93 2.94 2.74 2.86 2.82 2.36 1.97 1.92 2.22 2.70 2.78 2.56 2.47 2.56 2.62 2.71 2.80 2.82 2.90 3.01 3.14 3.17 3.16 3.14 3.03 3.08 3.17 3.28 3.55 3.62 3.58 3.67 3.67 3.44 3.32 3.40 3.46 3.50 3.55 3.52 3.55 3.67 3.79 3.95 3.95 3.76 3.69 3.78 3.86 3.77 3.81 4.16 4.62 4.85 4.53 4.07 4.01 4.16 4.26 4.36 4.34 4.44 4.93 4.98 4.44 4.15 4.52 4.83 4.83
1.84 2.08 2.13 2.04 2.12 1.97 1.92 2.11 2.18 2.05 1.72 1.30 1.29 1.66 2.26 2.99 3.08 2.92 2.91 2.74 2.38 2.09 1.85 1.91 2.44 2.69 2.61 2.51 2.45 2.53 2.71 2.81 2.87 2.98 3.03 3.06 3.12 3.16 3.14 3.10 3.11 3.14 3.35 3.59 3.60 3.58 3.60 3.55 3.41 3.32 3.30 3.25 3.32 3.50 3.54 3.55 3.65 3.73 3.80 3.88 3.82 3.66 3.68 3.79 3.74 3.76 4.05 4.57 4.90 4.53 4.04 4.04 4.20 4.23 4.23 4.14 4.28 4.87 5.06 4.41 3.89 4.50 4.98 4.68
1.71 1.97 2.14 2.10 2.13 1.98 1.93 2.12 2.15 1.94 1.58 1.23 1.23 1.62 2.32 2.98 3.13 2.98 2.83 2.73 2.52 2.28 1.92 1.76 2.18 2.48 2.53 2.50 2.41 2.49 2.67 2.85 3.02 3.07 2.98 2.99 3.06 3.14 3.22 3.19 3.12 3.17 3.42 3.55 3.52 3.53 3.47 3.36 3.35 3.35 3.21 3.12 3.24 3.45 3.56 3.59 3.65 3.69 3.71 3.78 3.79 3.64 3.61 3.72 3.73 3.75 3.96 4.51 4.88 4.46 4.07 4.14 4.24 4.19 4.14 4.16 4.25 4.59 4.86 4.46 3.85 4.21 4.93 4.80
1.70 1.84 2.01 2.10 2.14 2.06 2.04 2.12 2.03 1.76 1.49 1.26 1.17 1.61 2.41 2.87 3.08 2.99 2.76 2.72 2.68 2.52 2.08 1.77 1.99 2.26 2.34 2.38 2.39 2.44 2.58 2.86 3.12 3.11 2.96 2.96 3.09 3.19 3.27 3.24 3.13 3.20 3.40 3.43 3.39 3.42 3.35 3.27 3.27 3.21 3.12 3.14 3.24 3.39 3.55 3.64 3.68 3.69 3.68 3.68 3.70 3.60 3.57 3.69 3.74 3.74 3.88 4.45 4.78 4.36 4.14 4.32 4.33 4.08 4.01 4.27 4.45 4.49 4.42 4.30 4.12 4.18 4.66 4.83
1.81 1.82 1.85 1.97 2.11 2.13 2.14 2.10 1.89 1.64 1.46 1.30 1.19 1.62 2.42 2.74 2.88 2.92 2.79 2.73 2.78 2.74 2.29 1.84 1.88 2.04 2.12 2.25 2.33 2.34 2.50 2.85 3.08 3.05 3.02 3.09 3.17 3.22 3.24 3.19 3.14 3.20 3.29 3.28 3.26 3.31 3.27 3.21 3.17 3.04 3.00 3.17 3.30 3.37 3.57 3.71 3.72 3.70 3.65 3.61 3.59 3.50 3.52 3.68 3.77 3.74 3.86 4.39 4.63 4.19 4.13 4.55 4.54 4.01 3.85 4.25 4.64 4.65 4.09 4.04 4.50 4.52 4.47 4.69
1.89 1.90 1.85 1.87 2.00 2.10 2.15 2.05 1.81 1.62 1.48 1.33 1.24 1.62 2.33 2.65 2.63 2.76 2.82 2.73 2.83 2.89 2.52 2.00 1.80 1.80 1.97 2.18 2.20 2.21 2.48 2.81 2.92 2.94 3.09 3.23 3.20 3.16 3.16 3.15 3.14 3.17 3.19 3.20 3.21 3.23 3.19 3.16 3.06 2.90 2.91 3.15 3.25 3.35 3.68 3.81 3.75 3.73 3.66 3.58 3.47 3.29 3.36 3.64 3.84 3.85 3.93 4.32 4.47 4.06 4.01 4.56 4.64 4.14 3.87 4.09 4.61 4.68 3.97 3.95 4.82 4.80 4.35 4.53
1.89 1.94 1.95 1.90 1.93 2.02 2.06 1.97 1.80 1.66 1.53 1.38 1.29 1.56 2.21 2.55 2.50 2.60 2.72 2.72 2.85 2.94 2.68 2.23 1.84 1.68 1.87 2.09 2.03 2.10 2.53 2.73 2.71 2.88 3.16 3.25 3.13 3.05 3.09 3.12 3.12 3.15 3.15 3.17 3.23 3.18 3.09 3.11 2.98 2.73 2.89 3.15 3.08 3.25 3.82 3.94 3.76 3.76 3.70 3.54 3.35 3.10 3.06 3.40 3.79 4.03 4.10 4.23 4.27 4.05 4.07 4.42 4.47 4.23 4.00 4.04 4.48 4.48 3.96 4.15 5.07 5.02 4.26 4.22
1.89 1.94 1.99 1.95 1.92 1.95 1.96 1.90 1.81 1.69 1.59 1.45 1.33 1.49 2.02 2.41 2.47 2.50 2.54 2.68 2.84 2.89 2.78 2.41 1.99 1.70 1.71 1.92 1.93 2.07 2.54 2.61 2.51 2.81 3.16 3.19 3.01 2.95 3.02 3.08 3.12 3.18 3.17 3.15 3.22 3.13 3.01 3.08 2.94 2.60 2.81 3.12 2.97 3.23 3.86 4.04 3.79 3.71 3.68 3.45 3.30 3.13 2.86 2.96 3.58 4.08 4.21 4.13 3.95 4.01 4.31 4.45 4.29 4.14 4.05 4.07 4.37 4.19 3.86 4.46 5.22 5.24 4.43 3.94
1.89 1.93 1.99 1.97 1.91 1.91 1.91 1.87 1.80 1.71 1.63 1.52 1.38 1.45 1.83 2.25 2.43 2.47 2.43 2.57 2.77 2.83 2.81 2.49 2.11 1.80 1.57 1.72 1.91 2.08 2.44 2.49 2.42 2.73 3.05 3.05 2.93 2.88 2.96 3.05 3.12 3.20 3.19 3.11 3.20 3.16 2.94 3.01 2.93 2.58 2.76 3.02 2.97 3.33 3.78 4.04 3.83 3.59 3.53 3.38 3.38 3.28 2.80 2.78 3.51 3.98 4.12 3.94 3.50 3.81 4.46 4.58 4.26 4.00 3.99 4.12 4.40 4.18 3.74 4.35 5.09 5.37 4.89 4.19
1.90 1.92 1.97 1.95 1.90 1.89 1.88 1.86 1.80 1.72 1.66 1.57 1.45 1.42 1.70 2.13 2.35 2.43 2.42 2.49 2.64 2.73 2.75 2.52 2.20 1.87 1.52 1.61 1.89 2.08 2.29 2.39 2.42 2.65 2.85 2.88 2.86 2.86 2.94 3.00 3.06 3.19 3.17 3.05 3.21 3.24 2.93 2.88 2.92 2.75 2.83 2.91 2.96 3.38 3.70 3.89 3.81 3.54 3.36 3.31 3.51 3.44 2.97 3.03 3.61 3.81 3.86 3.58 3.06 3.56 4.37 4.57 4.33 3.90 3.83 4.15 4.53 4.51 4.07 4.12 4.65 5.19 5.18 4.84
1.91 1.91 1.93 1.92 1.89 1.88 1.87 1.83 1.79 1.73 1.67 1.60 1.49 1.43 1.65 2.08 2.28 2.33 2.41 2.46 2.52 2.57 2.60 2.49 2.22 1.86 1.59 1.66 1.88 2.03 2.18 2.33 2.45 2.54 2.62 2.74 2.82 2.86 2.90 2.88 2.98 3.16 3.05 2.98 3.20 3.25 3.02 2.89 3.01 3.06 2.97 2.86 2.94 3.39 3.75 3.73 3.61 3.42 3.22 3.35 3.70 3.65 3.40 3.47 3.65 3.65 3.57 3.25 2.91 3.38 3.98 4.30 4.38 3.87 3.59 3.98 4.44 4.76 4.52 4.10 4.32 4.87 5.13 5.30
1.90 1.90 1.90 1.88 1.87 1.86 1.85 1.81 1.77 1.73 1.67 1.62 1.50 1.43 1.65 2.07 2.29 2.26 2.31 2.43 2.43 2.40 2.42 2.36 2.15 1.87 1.70 1.76 1.87 1.98 2.15 2.31 2.43 2.42 2.40 2.67 2.83 2.85 2.82 2.76 2.92 3.05 2.89 2.91 3.13 3.13 2.93 2.95 3.26 3.40 3.14 2.93 2.94 3.41 3.93 3.74 3.35 3.05 2.95 3.45 4.00 3.96 3.90 3.85 3.63 3.53 3.44 3.37 3.20 3.09 3.40 3.91 4.32 3.94 3.47 3.63 4.20 4.75 4.68 4.27 4.36 4.73 4.98 5.40
1.90 1.89 1.87 1.85 1.84 1.83 1.81 1.79 1.77 1.72 1.67 1.63 1.50 1.42 1.64 2.07 2.31 2.21 2.18 2.32 2.32 2.22 2.23 2.21 2.09 1.91 1.78 1.82 1.87 1.93 2.15 2.33 2.35 2.30 2.32 2.59 2.77 2.80 2.75 2.67 2.81 2.84 2.86 2.98 3.01 2.97 2.79 2.71 3.18 3.66 3.54 3.10 2.98 3.49 4.06 3.90 3.27 2.67 2.60 3.48 4.31 4.31 4.24 3.95 3.64 3.67 3.64 3.73 3.56 2.97 2.89 3.66 4.18 3.90 3.41 3.51 4.10 4.49 4.53 4.57 4.67 4.69 4.84 5.21
1.88 1.87 1.85 1.83 1.81 1.80 1.78 1.76 1.75 1.71 1.67 1.63 1.53 1.41 1.57 2.06 2.30 2.18 2.08 2.14 2.15 2.06 2.05 2.07 2.06 1.97 1.80 1.79 1.86 1.90 2.16 2.34 2.24 2.23 2.31 2.43 2.59 2.72 2.68 2.67 2.72 2.65 2.87 3.15 2.91 2.84 2.94 2.61 2.62 3.40 3.84 3.40 3.17 3.62 3.99 4.10 3.61 2.66 2.46 3.46 4.43 4.62 4.34 3.70 3.72 4.18 4.02 3.97 3.90 3.07 2.80 3.45 3.89 3.59 3.35 3.56 3.91 4.15 4.46 5.03 4.92 4.49 4.66 4.89
1.85 1.85 1.83 1.81 1.78 1.77 1.75 1.73 1.73 1.70 1.67 1.62 1.57 1.46 1.54 1.98 2.21 2.15 2.03 1.99 1.99 1.92 1.89 1.94 2.03 2.00 1.79 1.71 1.84 1.95 2.16 2.26 2.12 2.16 2.28 2.35 2.47 2.58 2.59 2.64 2.67 2.60 2.87 3.16 2.92 2.78 3.03 2.84 2.57 3.01 3.57 3.50 3.38 3.59 3.78 4.04 4.04 3.20 2.66 3.60 4.54 4.74 4.29 3.47 3.71 4.52 4.50 4.25 4.10 3.38 2.88 3.11 3.47 3.32 3.27 3.43 3.52 4.02 4.75 5.25 4.81 4.31 4.49 4.58
1.82 1.82 1.80 1.78 1.75 1.74 1.72 1.71 1.70 1.68 1.66 1.62 1.59 1.53 1.58 1.85 2.08 2.07 1.99 1.92 1.86 1.81 1.78 1.85 1.97 1.95 1.80 1.70 1.80 1.96 2.10 2.07 1.97 2.08 2.28 2.41 2.46 2.47 2.48 2.59 2.66 2.67 2.84 2.97 2.94 2.88 2.92 2.93 2.98 3.14 3.26 3.31 3.38 3.50 3.58 3.81 4.12 3.78 3.21 3.73 4.58 4.76 4.18 3.54 3.75 4.55 4.90 4.57 4.09 3.66 3.25 2.96 3.28 3.35 3.03 3.06 3.30 4.07 4.99 5.01 4.53 4.40 4.35 4.33
1.78 1.78 1.77 1.74 1.72 1.71 1.69 1.68 1.67 1.65 1.64 1.61 1.59 1.58 1.60 1.75 1.92 1.95 1.91 1.84 1.77 1.74 1.73 1.79 1.87 1.87 1.81 1.74 1.76 1.87 1.93 1.87 1.84 2.00 2.27 2.50 2.53 2.42 2.38 2.55 2.63 2.66 2.82 2.84 2.87 3.00 2.95 2.84 3.06 3.34 3.27 3.14 3.16 3.31 3.46 3.67 3.96 3.99 3.70 3.86 4.55 4.75 4.19 3.79 3.95 4.49 5.03 4.76 4.14 4.04 3.70 3.05 3.20 3.26 2.77 2.78 3.18 3.92 4.76 4.69 4.45 4.49 4.11 3.98
1.75 1.74 1.72 1.70 1.69 1.68 1.66 1.65 1.64 1.61 1.61 1.61 1.59 1.58 1.60 1.67 1.78 1.82 1.80 1.75 1.71 1.70 1.70 1.71 1.76 1.79 1.77 1.74 1.72 1.74 1.72 1.68 1.75 1.94 2.22 2.48 2.57 2.42 2.32 2.51 2.58 2.62 2.79 2.82 2.87 3.09 3.16 2.88 2.89 3.34 3.42 3.19 3.03 3.07 3.33 3.56 3.78 4.03 4.04 4.03 4.42 4.71 4.36 4.03 4.14 4.51 4.89 4.80 4.51 4.43 3.86 3.09 3.14 3.21 2.80 2.64 2.90 3.60 4.38 4.60 4.57 4.52 4.02 3.67
1.71 1.70 1.68 1.66 1.65 1.64 1.63 1.62 1.61 1.57 1.57 1.60 1.58 1.56 1.58 1.61 1.66 1.71 1.71 1.67 1.65 1.65 1.64 1.64 1.68 1.72 1.70 1.68 1.67 1.63 1.53 1.52 1.70 1.96 2.22 2.44 2.59 2.46 2.30 2.44 2.51 2.58 2.73 2.85 3.00 3.17 3.23 2.97 2.86 3.24 3.47 3.35 3.14 3.01 3.15 3.33 3.56 3.92 4.21 4.20 4.29 4.77 4.74 4.24 4.28 4.58 4.68 4.82 4.88 4.51 3.70 3.08 3.16 3.32 2.96 2.44 2.64 3.50 4.35 4.73 4.75 4.54 4.09 3.59
1.68 1.66 1.63 1.61 1.60 1.60 1.59 1.59 1.57 1.54 1.53 1.56 1.55 1.53 1.53 1.54 1.57 1.63 1.64 1.59 1.58 1.59 1.58 1.57 1.60 1.64 1.63 1.61 1.62 1.55 1.40 1.37 1.62 2.00 2.19 2.36 2.57 2.49 2.29 2.35 2.44 2.56 2.74 2.92 3.13 3.22 3.19 3.05 2.95 3.16 3.46 3.49 3.35 3.14 3.06 3.14 3.36 3.66 4.02 4.27 4.31 4.88 5.09 4.47 4.46 4.68 4.59 4.86 4.93 4.23 3.47 3.20 3.38 3.59 3.05 2.19 2.26 3.28 4.36 5.03 5.03 4.55 4.25 3.80
1.63 1.61 1.59 1.58 1.56 1.55 1.54 1.54 1.53 1.51 1.49 1.50 1.51 1.48 1.48 1.49 1.50 1.55 1.55 1.52 1.51 1.53 1.51 1.48 1.52 1.55 1.53 1.54 1.56 1.50 1.32 1.25 1.57 1.98 2.13 2.26 2.44 2.45 2.32 2.28 2.35 2.52 2.76 3.02 3.22 3.28 3.20 3.08 3.00 3.12 3.46 3.53 3.45 3.34 3.15 3.10 3.28 3.44 3.53 4.06 4.44 5.02 5.35 4.85 4.77 4.78 4.56 4.72 4.58 3.97 3.50 3.37 3.72 3.97 3.25 2.10 1.80 2.75 4.01 5.06 5.38 4.90 4.72 4.22
1.58 1.56 1.54 1.54 1.52 1.50 1.49 1.49 1.49 1.48 1.45 1.44 1.45 1.45 1.43 1.43 1.44 1.47 1.47 1.45 1.44 1.47 1.43 1.40 1.43 1.45 1.44 1.48 1.54 1.48 1.31 1.22 1.52 1.88 2.06 2.22 2.28 2.32 2.34 2.25 2.27 2.45 2.71 3.05 3.37 3.34 3.14 3.13 3.07 3.13 3.48 3.55 3.49 3.51 3.32 3.13 3.28 3.31 3.11 3.62 4.45 5.19 5.66 5.47 5.10 4.63 4.32 4.32 4.14 3.90 3.67 3.63 4.08 4.25 3.43 2.17 1.61 2.35 3.37 4.42 5.31 5.33 5.23 4.82
1.52 1.50 1.48 1.49 1.47 1.45 1.44 1.44 1.44 1.43 1.41 1.38 1.38 1.40 1.38 1.38 1.38 1.39 1.40 1.37 1.37 1.39 1.34 1.32 1.35 1.34 1.33 1.43 1.58 1.52 1.33 1.26 1.43 1.70 1.95 2.15 2.22 2.27 2.32 2.25 2.21 2.34 2.58 3.06 3.49 3.27 3.06 3.22 3.21 3.22 3.46 3.58 3.58 3.60 3.44 3.22 3.28 3.24 2.95 3.24 4.23 5.35 6.07 5.97 5.06 4.20 3.91 3.82 3.83 3.90 3.84 3.97 4.49 4.30 3.24 2.30 1.95 2.32 2.83 3.52 4.63 5.27 5.39 5.40
1.47 1.45 1.43 1.43 1.42 1.40 1.38 1.38 1.39 1.38 1.36 1.33 1.32 1.33 1.33 1.32 1.32 1.32 1.31 1.30 1.30 1.30 1.27 1.25 1.25 1.20 1.21 1.41 1.67 1.60 1.36 1.31 1.38 1.50 1.77 2.00 2.16 2.37 2.39 2.21 2.16 2.25 2.49 3.09 3.38 3.08 3.10 3.31 3.34 3.39 3.49 3.66 3.73 3.64 3.49 3.26 3.17 3.19 3.09 3.20 4.11 5.59 6.34 5.87 4.73 3.93 3.54 3.43 3.74 4.10 4.27 4.58 4.65 3.93 2.89 2.40 2.72 2.80 2.54 2.79 3.79 4.65 4.99 5.49
1.42 1.41 1.38 1.37 1.36 1.34 1.32 1.33 1.33 1.31 1.30 1.28 1.27 1.27 1.26 1.26 1.26 1.25 1.23 1.23 1.23 1.22 1.20 1.16 1.11 1.03 1.07 1.41 1.75 1.69 1.45 1.40 1.41 1.37 1.50 1.72 2.02 2.51 2.58 2.22 2.12 2.27 2.51 3.01 3.11 2.85 3.16 3.46 3.48 3.49 3.52 3.81 3.91 3.80 3.58 3.04 2.85 3.20 3.42 3.59 4.70 6.12 6.14 5.18 4.43 3.95 3.45 3.29 3.72 4.46 5.11 5.15 4.40 3.48 2.46 2.23 3.28 3.72 2.80 2.45 3.13 3.80 4.19 4.88
1.37 1.36 1.34 1.32 1.31 1.28 1.26 1.27 1.26 1.24 1.23 1.22 1.21 1.20 1.20 1.20 1.19 1.16 1.15 1.17 1.17 1.16 1.12 1.04 0.97 0.89 0.93 1.34 1.72 1.73 1.65 1.61 1.50 1.36 1.32 1.39 1.74 2.48 2.75 2.32 2.10 2.39 2.55 2.78 2.84 2.65 3.01 3.53 3.75 3.53 3.40 3.91 4.15 4.12 3.71 2.58 2.38 3.27 3.88 4.30 5.53 6.33 5.48 4.32 4.00 3.84 3.41 3.29 3.81 4.82 5.77 5.33 4.08 3.11 2.14 1.92 3.23 4.51 3.75 2.58 2.65 3.06 3.52 4.22
1.32 1.31 1.29 1.27 1.25 1.22 1.21 1.21 1.19 1.17 1.17 1.16 1.15 1.14 1.13 1.12 1.11 1.09 1.09 1.11 1.12 1.08 1.02 0.94 0.87 0.78 0.83 1.18 1.55 1.70 1.85 1.89 1.67 1.48 1.35 1.25 1.52 2.28 2.79 2.40 2.19 2.49 2.51 2.61 2.61 2.48 2.75 3.33 3.96 3.72 3.24 3.84 4.37 4.44 3.85 2.29 1.99 3.31 4.47 5.11 5.88 5.97 4.95 3.86 3.59 3.57 3.23 3.29 4.14 5.25 5.94 5.27 3.97 3.00 2.09 1.82 2.78 4.66 4.69 3.28 2.58 2.56 3.11 3.93
1.28 1.26 1.24 1.22 1.19 1.16 1.15 1.14 1.11 1.09 1.09 1.09 1.08 1.08 1.06 1.05 1.04 1.03 1.02 1.04 1.04 0.99 0.94 0.88 0.79 0.70 0.76 0.99 1.24 1.49 1.89 2.15 1.97 1.78 1.56 1.25 1.36 2.15 2.74 2.43 2.31 2.49 2.42 2.60 2.47 2.32 2.61 3.04 3.82 3.84 3.32 3.77 4.44 4.66 4.10 2.59 2.03 3.27 4.96 5.95 5.94 5.23 4.54 3.91 3.52 3.38 3.00 3.29 4.73 5.75 5.79 4.92 3.92 3.14 2.29 2.05 2.82 4.39 5.19 4.34 2.97 2.34 2.74 3.66
1.25 1.22 1.19 1.17 1.14 1.11 1.08 1.06 1.04 1.02 1.01 1.01 1.00 1.01 1.00 0.98 0.97 0.96 0.95 0.98 0.97 0.92 0.90 0.85 0.73 0.66 0.69 0.82 0.94 1.15 1.61 2.11 2.22 2.18 1.81 1.21 1.29 2.07 2.66 2.45 2.32 2.38 2.31 2.59 2.49 2.28 2.58 2.97 3.52 3.62 3.41 3.74 4.29 4.79 4.41 3.05 2.57 3.51 5.20 6.50 5.84 4.34 3.98 4.02 3.78 3.37 2.84 3.31 5.25 6.24 5.46 4.27 3.74 3.24 2.49 2.41 2.86 4.03 5.35 5.24 3.64 2.37 2.47 3.28
1.21 1.18 1.15 1.12 1.09 1.05 1.01 0.99 0.97 0.95 0.93 0.92 0.93 0.93 0.93 0.92 0.90 0.89 0.89 0.92 0.91 0.86 0.85 0.80 0.71 0.65 0.64 0.66 0.72 0.94 1.39 1.88 2.23 2.44 2.01 1.14 1.25 2.11 2.57 2.41 2.31 2.21 2.17 2.47 2.46 2.33 2.66 3.07 3.26 3.25 3.30 3.55 3.93 4.66 4.54 3.36 3.27 4.20 5.51 6.69 5.77 3.82 3.47 4.06 4.29 3.62 2.80 3.34 5.52 6.48 5.05 3.85 3.67 3.19 2.47 2.45 2.78 3.75 5.28 5.81 4.44 2.73 2.49 3.06
1.18 1.15 1.10 1.06 1.03 0.99 0.95 0.92 0.89 0.87 0.85 0.84 0.85 0.85 0.85 0.84 0.84 0.84 0.85 0.87 0.86 0.81 0.78 0.77 0.71 0.64 0.60 0.54 0.54 0.80 1.33 1.82 2.18 2.58 2.20 1.18 1.25 2.16 2.41 2.23 2.25 2.12 2.11 2.37 2.36 2.40 2.82 3.10 3.04 3.15 3.30 3.37 3.58 4.22 4.39 3.58 3.64 4.80 6.02 6.69 5.45 3.47 3.04 4.04 4.91 4.19 2.95 3.30 5.46 6.45 4.98 3.93 3.80 3.07 2.36 2.31 2.59 3.52 5.07 6.05 5.02 3.40 3.01 3.15
1.15 1.12 1.07 1.01 0.97 0.92 0.88 0.85 0.81 0.78 0.76 0.76 0.77 0.77 0.77 0.77 0.79 0.80 0.81 0.81 0.81 0.77 0.74 0.75 0.71 0.62 0.54 0.43 0.42 0.67 1.21 1.73 2.06 2.59 2.54 1.43 1.24 2.06 2.25 2.08 2.19 2.11 2.14 2.35 2.33 2.52 2.91 2.96 2.93 3.17 3.34 3.34 3.44 3.71 3.98 3.71 3.68 4.70 6.20 6.86 5.55 3.34 2.58 3.75 5.31 5.02 3.57 3.31 4.86 6.16 5.27 4.26 3.89 2.98 2.33 2.21 2.39 3.17 4.69 5.95 5.57 4.37 3.91 3.65
1.13 1.10 1.04 0.97 0.92 0.86 0.81 0.78 0.73 0.70 0.69 0.67 0.68 0.69 0.70 0.71 0.74 0.76 0.76 0.76 0.78 0.76 0.73 0.71 0.68 0.61 0.50 0.39 0.37 0.60 1.10 1.56 1.87 2.43 2.74 1.94 1.29 1.81 2.10 2.02 2.13 2.14 2.21 2.35 2.41 2.67 2.83 2.81 2.96 3.19 3.30 3.39 3.45 3.45 3.62 3.83 3.91 4.31 5.58 6.87 6.16 3.74 2.30 3.13 5.22 5.78 4.74 3.83 4.53 5.67 5.19 4.43 3.95 3.08 2.47 2.22 2.26 2.84 3.91 5.25 5.82 5.40 5.00 4.63
1.10 1.06 0.99 0.92 0.87 0.80 0.75 0.71 0.65 0.63 0.61 0.59 0.60 0.61 0.64 0.66 0.69 0.71 0.71 0.74 0.77 0.76 0.72 0.68 0.65 0.59 0.47 0.41 0.39 0.61 1.03 1.37 1.74 2.25 2.65 2.28 1.56 1.62 1.97 2.00 2.05 2.18 2.32 2.37 2.56 2.84 2.73 2.77 3.03 3.17 3.27 3.43 3.50 3.44 3.58 3.91 4.13 4.22 4.87 6.43 6.52 4.31 2.36 2.54 4.51 6.03 5.88 4.95 5.00 5.18 4.49 4.26 4.03 3.28 2.73 2.33 2.25 2.75 3.29 4.00 5.02 5.51 5.77 5.77
1.09 1.03 0.94 0.87 0.81 0.75 0.68 0.63 0.59 0.55 0.53 0.52 0.53 0.55 0.58 0.61 0.64 0.67 0.69 0.72 0.76 0.75 0.72 0.69 0.65 0.56 0.47 0.42 0.43 0.72 1.04 1.28 1.67 2.09 2.39 2.26 1.83 1.71 1.95 2.04 2.02 2.17 2.41 2.46 2.68 2.92 2.73 2.82 3.06 3.11 3.29 3.42 3.49 3.57 3.69 3.89 4.15 4.35 4.69 5.91 6.50 4.82 2.77 2.30 3.50 5.54 6.56 6.27 5.57 4.53 3.75 4.03 4.07 3.48 2.92 2.44 2.28 2.71 3.31 3.61 3.88 4.57 5.60 6.42
