windninja/windninja_output/Output_2025-10-23_1600-1650_Google earth_Fire_150m_10min/merlingen_7.5mi_point_10-23-2025_1640_150m_ang.asc
ncols	158
nrows	163
xllcorner	391686.332397
yllcorner	5160024.123721
cellsize	150.000000
NODATA_value	-32768.000000
[rows 84 to 125 of 163, columns 0 to 93 of 158]
274 278 284 280 273 271 270 268 267 270 276 281 280 278 277 278 278 278 280 282 283 284 283 282 286 287 282 279 277 275 274 272 271 269 268 269 268 268 267 266 266 267 269 270 270 271 272 274 275 274 272 272 274 276 276 274 274 273 273 273 273 273 273 273 273 273 273 273 273 273 274 274 275 276 277 279 281 285 291 300 323 333 304 288 287 286 282 278 275 274 271 267 263 259
267 267 268 267 265 262 257 256 262 269 276 278 278 276 275 275 276 277 278 280 283 284 285 285 288 289 284 279 277 277 274 272 270 267 266 267 268 268 269 270 271 271 270 271 271 271 272 274 275 275 274 271 270 271 273 274 274 274 274 274 274 273 273 273 273 273 273 273 273 273 273 274 275 276 277 279 281 284 290 300 325 339 329 303 289 284 280 276 274 273 271 268 264 261
266 264 263 263 261 256 251 254 263 272 276 276 275 274 273 272 272 273 274 277 279 281 283 287 291 292 287 282 279 278 275 273 272 271 269 267 265 264 266 270 273 274 272 270 270 270 271 273 274 276 275 273 270 270 272 273 274 274 274 274 274 274 274 274 273 273 273 273 273 273 273 274 275 276 277 278 281 284 290 301 323 338 331 306 289 282 278 275 272 271 269 268 267 266
266 264 262 261 258 255 254 259 265 271 273 272 273 273 270 269 267 267 269 273 276 278 281 289 298 300 291 284 279 277 276 275 275 276 274 269 265 263 263 265 269 273 274 271 269 269 270 271 272 273 274 275 273 271 272 273 274 275 276 276 276 275 275 274 273 273 273 273 273 273 273 274 275 276 277 278 280 284 290 299 317 332 328 308 289 280 276 274 272 270 270 272 273 272
268 267 265 265 262 258 258 260 263 264 267 271 274 272 269 265 261 262 265 270 275 279 287 298 309 311 293 283 278 275 274 274 275 276 276 275 272 267 264 263 264 268 272 272 270 268 268 269 269 270 272 274 275 273 273 273 274 276 278 278 278 277 276 275 274 273 273 273 273 273 273 274 275 275 277 278 280 284 288 296 309 322 323 309 294 281 275 272 271 272 274 276 275 269
272 272 271 268 265 262 260 258 256 257 265 274 275 271 266 259 256 259 265 272 279 289 298 305 316 311 290 280 276 274 273 273 273 274 275 277 277 274 268 265 264 265 268 271 271 269 267 266 268 269 271 273 275 276 275 272 271 273 277 282 283 280 277 275 274 273 273 273 273 273 273 274 274 275 276 278 280 283 286 292 301 312 316 308 296 287 278 274 274 276 277 275 268 262
273 272 268 265 265 265 262 257 253 256 265 273 272 266 261 256 256 258 264 275 289 300 305 306 306 296 282 277 274 273 272 272 273 273 273 274 276 277 273 268 266 266 267 270 272 271 268 266 266 269 272 274 277 278 276 271 268 269 276 284 288 283 278 276 274 274 273 273 273 273 273 274 274 275 276 277 279 281 284 289 295 303 309 306 298 293 288 281 280 280 275 267 263 261
270 267 262 260 262 266 264 260 255 258 265 268 264 261 259 257 258 258 262 278 296 308 308 293 280 273 273 272 271 271 271 271 272 273 273 273 274 276 277 272 266 264 266 269 271 272 270 267 266 268 272 276 279 281 278 272 270 274 277 281 285 283 279 276 274 274 273 273 273 273 273 274 274 275 276 277 278 280 283 286 290 296 303 304 300 297 293 287 283 279 271 262 263 263
268 266 262 261 262 264 267 265 257 256 260 261 257 257 258 260 263 264 270 282 294 308 293 264 250 257 266 268 269 270 270 271 272 274 275 274 274 275 277 276 269 263 263 266 270 271 270 268 267 268 272 278 282 284 285 282 279 279 276 273 275 279 278 276 274 274 274 273 273 273 273 274 274 275 275 276 278 279 281 284 287 291 296 299 298 295 292 287 282 274 262 261 265 265
270 270 268 267 267 268 271 270 261 255 255 255 252 253 255 261 269 275 280 282 278 259 240 236 238 253 263 266 268 268 269 271 273 276 276 275 274 274 276 277 274 265 261 263 267 269 269 269 268 268 272 279 285 286 288 290 284 279 273 269 269 273 276 275 274 274 274 274 273 273 274 274 274 274 275 276 277 278 280 282 284 286 290 293 293 291 288 284 276 267 262 264 266 266
271 271 271 272 273 274 274 273 273 267 260 256 253 253 254 262 269 274 275 265 246 223 217 224 235 253 263 265 266 266 267 270 275 278 278 276 275 276 276 277 277 272 264 261 262 265 268 269 269 270 274 280 287 286 285 288 284 279 274 271 270 272 274 274 275 274 274 274 274 274 274 274 274 274 275 275 276 277 278 280 281 283 285 287 287 286 284 280 273 268 266 266 267 267
270 269 270 273 273 272 270 272 285 283 272 263 258 256 260 266 266 267 263 248 230 223 221 230 243 257 263 264 264 263 266 271 275 278 279 277 277 277 277 278 280 280 272 264 261 262 266 270 272 275 278 278 280 280 281 283 283 281 278 274 272 272 274 275 275 275 274 274 274 274 274 274 274 274 274 275 276 276 277 278 279 280 281 282 282 282 280 277 273 271 269 268 267 267
271 270 271 272 269 263 260 263 275 282 277 268 259 257 263 267 266 267 258 232 222 227 232 245 256 263 265 264 265 266 270 272 273 274 276 278 278 278 278 279 282 285 281 273 268 266 267 271 275 277 275 270 268 273 276 278 281 280 279 277 275 274 275 275 275 275 275 275 275 275 274 274 274 274 274 275 275 276 276 277 278 278 279 279 279 278 277 275 273 271 270 269 268 267
274 273 271 269 264 257 253 253 259 266 269 263 260 260 264 267 269 267 251 226 220 229 242 257 268 270 268 266 267 271 272 270 269 269 273 277 278 280 281 282 283 287 288 282 277 274 272 273 274 272 267 263 263 267 271 273 276 278 278 278 277 276 276 277 277 276 276 276 275 275 274 274 274 274 274 275 275 275 276 276 277 277 277 277 277 276 275 274 273 271 270 268 267 267
273 272 268 265 263 259 254 251 251 253 255 258 262 265 267 268 268 258 239 227 225 235 251 265 274 269 264 265 268 269 270 270 269 269 271 275 278 281 284 285 286 288 291 287 280 277 276 274 270 267 264 263 263 265 269 270 272 275 277 277 276 276 277 279 279 278 278 277 276 275 274 274 274 274 274 274 275 275 275 276 276 276 276 276 275 275 274 273 272 271 270 268 267 267
269 267 264 263 265 263 260 257 253 249 250 253 255 262 266 265 258 247 234 228 232 247 262 267 262 251 255 262 265 266 268 269 270 271 273 276 279 281 285 289 289 291 293 291 283 280 278 274 269 266 265 265 264 264 267 270 270 272 275 276 275 275 277 279 280 281 280 278 277 275 275 275 274 274 274 274 275 275 275 275 275 275 275 275 275 274 273 272 271 270 269 268 267 266
268 266 263 263 262 260 259 258 254 250 249 248 248 254 258 255 253 249 239 237 251 265 267 255 237 239 250 257 261 263 265 268 271 274 277 280 281 281 284 290 294 294 296 296 289 282 278 274 271 268 266 266 266 265 266 268 268 269 272 275 275 274 274 276 279 282 282 281 278 276 275 275 275 275 275 275 275 275 275 275 275 275 275 275 274 273 273 272 271 270 269 268 267 266
270 268 265 262 259 257 256 256 254 252 250 248 245 244 246 249 252 253 249 256 269 272 258 239 234 241 250 254 257 259 262 267 272 277 281 284 283 283 285 290 297 298 299 300 295 285 278 276 273 270 268 267 266 267 267 267 266 267 269 272 275 274 273 273 276 280 282 282 280 277 275 275 276 275 275 275 275 275 275 275 275 275 275 274 274 273 272 272 271 270 269 268 267 266
271 270 266 261 258 257 257 255 254 253 252 250 246 242 244 250 254 254 255 264 267 257 240 236 239 244 249 253 256 259 263 268 272 277 282 286 288 288 288 291 297 300 301 303 301 292 284 279 276 273 269 267 267 267 267 267 267 267 267 268 272 274 273 273 273 277 279 279 278 275 275 277 277 276 276 275 275 276 276 276 276 276 275 275 274 273 273 272 271 270 269 268 267 266
272 270 266 262 259 258 257 256 255 254 254 253 252 254 258 259 258 257 259 262 254 236 234 239 241 242 248 254 258 262 267 269 272 276 280 286 291 292 291 292 296 302 303 305 306 301 291 282 277 273 270 269 268 268 268 267 267 267 267 267 269 272 272 271 272 273 275 275 273 272 273 277 279 278 277 276 276 277 277 277 277 276 276 275 275 274 273 272 271 270 269 268 267 266
272 270 266 262 260 259 259 257 256 256 258 259 261 267 270 270 265 260 259 254 241 233 237 240 239 241 248 254 259 265 269 270 272 275 278 283 290 294 294 294 297 303 306 307 309 307 298 288 280 274 272 271 270 270 270 268 266 266 267 268 268 269 270 270 270 270 271 271 270 269 270 271 275 278 277 277 278 279 279 278 278 278 277 276 275 274 273 272 271 270 269 268 267 266
272 270 264 261 260 259 259 257 256 257 260 263 267 271 273 272 267 261 255 248 240 239 240 239 239 243 248 252 257 263 268 271 273 274 276 281 289 295 298 299 301 305 307 309 312 312 306 297 288 280 276 273 271 270 270 270 268 266 266 266 267 267 268 270 269 268 268 269 268 267 267 265 267 272 275 277 280 281 280 280 281 281 280 278 277 275 274 273 272 270 269 268 267 266
272 269 263 260 258 258 257 256 256 259 262 266 269 271 271 270 265 259 252 244 242 244 244 239 240 243 246 249 255 262 268 273 275 273 273 281 290 298 301 303 304 306 308 310 314 316 313 306 297 289 281 276 272 269 268 269 269 267 266 265 265 266 267 268 268 268 267 268 266 264 264 263 263 266 271 275 278 280 279 281 284 286 283 280 278 276 275 273 272 271 270 268 267 266
272 268 262 259 257 257 258 259 260 262 265 267 266 264 265 265 262 258 251 244 243 248 249 243 240 242 244 246 252 262 270 275 274 268 272 284 294 299 300 302 306 308 309 311 315 318 320 315 306 297 287 280 275 271 267 266 266 267 266 264 263 265 267 267 267 267 265 266 266 263 261 262 264 265 267 271 274 278 279 280 283 288 288 284 280 278 276 274 273 271 270 269 268 267
272 267 261 259 260 260 262 264 265 264 262 261 257 255 257 260 260 256 249 246 249 254 255 248 241 240 244 244 248 260 269 272 271 265 275 288 295 297 297 302 309 311 310 313 318 320 324 323 315 304 293 284 279 275 270 266 264 265 266 264 262 264 267 267 266 265 264 263 265 264 260 260 263 265 266 268 271 275 279 278 278 283 289 289 284 280 277 275 273 272 270 269 268 267
273 269 264 265 267 267 266 263 261 259 255 253 250 250 254 259 261 253 243 246 254 260 259 253 245 242 244 244 249 261 267 268 268 267 276 287 292 294 299 305 309 307 308 315 320 321 325 329 324 312 300 289 282 278 274 269 265 264 265 265 262 262 263 264 263 264 264 264 263 263 260 260 263 266 267 267 269 271 274 276 276 278 285 290 288 283 279 276 274 272 271 270 269 268
277 274 272 272 271 268 263 259 255 253 252 251 249 250 256 262 264 249 238 245 255 263 265 260 255 250 246 245 251 260 266 267 266 266 274 284 290 296 302 306 303 301 306 315 320 321 326 333 331 321 309 296 285 278 275 272 268 265 265 265 263 261 260 259 259 261 264 266 264 262 261 262 263 264 265 267 267 267 269 273 275 276 280 286 289 286 281 277 274 272 271 271 270 269
281 278 275 272 268 263 259 256 254 252 251 252 254 256 260 266 267 250 236 243 252 262 271 269 262 259 257 253 252 255 261 267 265 265 273 284 293 300 306 306 304 301 302 310 318 322 327 334 336 328 317 305 291 280 276 274 270 266 265 265 265 262 258 256 257 258 260 264 265 264 264 264 263 262 263 264 265 265 265 269 273 275 278 281 285 285 282 278 275 273 272 272 272 271
282 279 273 268 264 261 258 256 254 252 249 253 260 263 265 268 270 256 241 244 249 257 269 274 265 266 270 270 261 253 254 262 266 269 278 288 295 301 305 305 304 298 294 302 316 324 327 332 335 333 326 315 300 286 279 275 272 267 264 264 264 262 259 257 257 256 257 258 262 265 266 266 264 262 262 263 264 263 263 265 270 274 277 279 281 281 278 275 273 271 273 275 275 273
281 277 270 265 263 262 260 257 254 250 249 255 262 265 265 268 273 277 262 250 247 252 259 268 265 270 276 279 275 262 254 256 264 274 283 290 294 296 299 299 296 288 289 298 313 324 326 328 333 336 333 328 312 293 281 277 274 269 265 263 262 261 259 259 259 257 255 255 257 261 264 265 265 263 261 261 263 264 264 263 265 271 274 275 277 276 271 269 268 269 275 280 278 274
278 273 268 266 264 263 262 260 255 251 255 261 264 262 262 268 279 305 307 262 250 248 252 260 268 274 277 278 278 275 262 255 261 273 283 289 288 289 291 292 287 285 290 297 308 320 325 328 332 336 338 338 325 302 285 279 276 272 266 263 262 260 259 259 259 258 256 254 255 256 259 262 264 263 261 260 262 264 264 262 263 266 269 270 271 270 266 265 266 271 278 281 278 271
278 271 267 266 264 262 260 258 256 258 265 270 266 257 258 269 285 315 338 285 261 253 250 257 268 275 276 273 275 281 273 259 260 269 280 287 289 288 287 286 286 290 294 297 304 317 327 332 332 334 340 343 338 316 291 280 276 273 269 265 262 260 260 260 259 259 257 255 255 255 255 257 259 262 264 261 260 262 264 263 263 264 266 266 265 262 261 264 269 275 278 277 272 265
286 275 268 265 263 262 258 255 258 266 274 277 269 256 258 271 286 317 351 318 285 271 263 261 263 270 274 270 274 283 284 268 260 265 276 286 291 289 283 283 289 294 296 296 300 313 324 329 328 330 337 346 349 333 300 281 275 274 271 267 263 260 260 261 260 258 257 256 255 254 253 253 254 257 263 264 262 260 261 263 264 265 266 263 259 257 260 265 271 275 274 271 265 263
297 277 267 264 263 262 260 258 262 268 275 279 275 262 262 269 280 311 345 333 307 290 280 270 265 266 270 270 275 284 287 277 266 267 275 284 289 287 281 285 293 295 294 293 295 304 315 322 325 328 335 348 356 348 315 285 277 275 273 269 266 263 262 262 261 258 257 256 255 253 252 252 251 252 255 262 264 260 259 260 264 267 267 261 257 257 262 267 270 271 269 265 263 264
306 279 266 264 265 265 265 266 269 269 270 275 282 275 266 264 271 298 333 334 319 300 289 282 276 271 273 276 276 280 287 291 289 283 280 279 281 283 282 288 293 292 290 289 289 296 309 320 326 330 336 351 2 0 333 293 278 274 273 271 269 268 266 263 260 257 256 255 254 254 253 252 250 249 251 254 258 259 259 260 263 265 265 261 260 262 264 267 268 267 264 262 260 263
319 285 267 266 269 268 268 272 273 272 268 271 285 284 269 263 268 287 319 331 325 309 296 290 286 282 281 282 280 282 291 301 300 292 284 276 274 279 286 289 287 284 283 284 287 293 303 313 322 329 335 351 5 8 350 301 280 275 273 272 271 271 270 266 261 257 255 253 252 253 255 254 252 250 249 249 250 254 258 261 262 262 262 261 263 266 267 267 266 264 261 259 256 258
337 292 269 267 270 270 270 273 276 276 270 272 286 291 274 265 268 278 303 324 327 317 304 295 290 288 287 287 289 291 293 295 295 289 282 278 275 278 286 287 280 277 279 283 287 290 296 307 319 326 332 347 5 14 4 310 282 276 274 272 271 270 268 264 259 258 259 257 255 255 255 255 255 254 251 247 246 249 254 258 260 261 262 262 266 269 269 267 264 262 259 256 250 253
5 304 276 268 266 266 268 273 278 279 273 274 286 300 283 267 266 273 289 311 323 318 309 300 293 291 290 292 294 295 293 290 288 286 282 279 279 277 280 286 281 274 274 278 282 285 292 304 317 323 330 343 3 19 17 322 284 277 274 272 269 264 259 255 252 258 265 271 270 262 258 256 257 258 255 249 245 244 248 252 256 260 262 264 267 270 270 267 263 261 259 252 248 253
18 313 286 275 264 261 262 264 271 277 275 276 287 308 294 272 263 265 275 289 306 311 308 303 295 292 292 294 295 295 295 293 288 286 282 279 279 275 274 285 286 277 269 267 273 279 286 295 306 313 320 333 1 27 25 333 286 275 271 267 261 253 250 250 250 257 264 274 282 277 266 261 260 261 260 255 248 244 244 247 251 257 262 265 267 268 267 263 260 260 257 249 248 258
6 313 290 281 268 262 260 258 260 265 271 278 289 310 302 280 265 258 260 272 286 297 301 298 294 293 293 293 296 298 300 296 289 287 284 279 279 275 271 279 289 283 269 262 264 272 278 286 296 303 309 321 1 36 30 337 282 271 266 260 251 247 251 254 257 260 262 265 276 284 277 270 267 264 263 262 257 251 247 245 246 251 258 262 263 264 262 257 258 259 255 248 250 262
351 309 290 284 275 268 263 258 257 258 263 274 287 301 300 286 270 255 251 260 275 286 292 294 293 291 291 296 302 305 307 298 290 289 286 279 278 278 273 274 286 288 275 263 261 265 272 280 291 298 301 310 1 46 46 335 268 262 261 257 250 253 258 259 261 263 262 260 263 273 280 277 275 273 270 270 269 264 257 251 247 249 252 255 257 258 255 251 256 258 257 254 257 265
336 303 289 287 280 272 266 262 261 259 259 264 273 285 291 288 277 261 251 254 265 280 289 290 290 291 298 308 311 315 315 299 290 289 287 279 278 281 276 274 282 291 285 270 262 262 267 274 285 293 294 298 355 61 70 105 251 253 256 256 258 261 261 260 261 262 261 258 256 258 267 275 278 281 281 280 281 279 271 263 256 252 250 248 252 253 247 247 253 257 261 261 264 268
