windninja/windninja_output/Output_2025-10-23_1600-1650_Google earth_Fire_150m_10min/merlingen_7.5mi_point_10-23-2025_1610_150m_vel.asc
ncols	158
nrows	163
xllcorner	391686.332397
yllcorner	5160024.123721
cellsize	150.000000
NODATA_value	-32768.000000
[rows 74 to 110 of 163, columns 0 to 83 of 158]
10.52 10.00 8.81 7.91 7.90 7.97 7.69 7.53 7.32 6.81 6.54 6.44 6.13 5.83 5.65 5.49 5.39 5.41 5.35 5.25 5.32 5.49 5.49 5.28 4.60 4.05 4.49 5.42 6.31 6.74 6.42 6.03 5.95 5.61 4.92 4.51 4.49 4.51 4.55 4.59 4.62 4.65 4.68 4.70 4.70 4.71 4.71 4.71 4.71 4.70 4.68 4.66 4.64 4.62 4.59 4.56 4.53 4.49 4.45 4.40 4.34 4.29 4.23 4.16 4.05 3.94 3.83 3.71 3.68 3.61 3.39 3.18 2.92 2.51 2.40 2.64 2.63 2.39 2.03 2.38 3.97 6.07 7.63 7.17
11.69 10.96 9.50 8.29 7.99 8.14 7.81 7.40 7.17 6.72 6.41 6.29 6.04 5.84 5.70 5.50 5.38 5.40 5.37 5.25 5.22 5.33 5.39 5.31 4.83 4.22 4.39 5.07 5.87 6.54 6.57 6.27 6.23 6.07 5.41 4.82 4.64 4.64 4.63 4.57 4.59 4.67 4.72 4.75 4.77 4.78 4.79 4.79 4.79 4.77 4.76 4.74 4.72 4.69 4.66 4.63 4.59 4.55 4.50 4.46 4.40 4.35 4.29 4.20 4.11 4.01 3.92 3.83 3.77 3.64 3.39 3.15 2.94 2.64 2.53 2.66 2.47 2.13 1.95 2.70 4.89 6.69 6.94 5.56
12.46 11.84 10.43 8.93 8.32 8.37 7.85 7.24 7.02 6.66 6.36 6.17 5.94 5.84 5.72 5.48 5.33 5.36 5.38 5.28 5.21 5.26 5.31 5.30 4.94 4.37 4.45 4.97 5.41 6.09 6.56 6.49 6.40 6.38 5.92 5.24 4.91 4.82 4.72 4.59 4.55 4.66 4.76 4.80 4.83 4.85 4.87 4.87 4.86 4.85 4.84 4.82 4.79 4.76 4.72 4.69 4.65 4.61 4.56 4.51 4.46 4.40 4.34 4.26 4.18 4.09 4.00 3.91 3.80 3.66 3.46 3.24 3.08 2.84 2.65 2.60 2.33 1.93 2.03 3.53 5.48 6.09 5.59 4.52
12.88 12.36 11.30 10.09 9.24 8.67 7.79 7.17 6.92 6.60 6.30 6.01 5.84 5.84 5.69 5.45 5.30 5.32 5.31 5.25 5.22 5.25 5.29 5.24 4.88 4.53 4.80 5.14 5.15 5.46 6.18 6.62 6.57 6.56 6.44 5.71 5.21 5.05 4.83 4.64 4.52 4.62 4.79 4.85 4.89 4.93 4.95 4.95 4.95 4.94 4.92 4.89 4.86 4.82 4.78 4.74 4.70 4.66 4.62 4.57 4.52 4.46 4.39 4.32 4.25 4.16 4.07 3.97 3.85 3.72 3.54 3.36 3.22 3.02 2.75 2.57 2.26 1.90 2.24 3.95 5.29 4.82 4.21 4.09
13.22 11.95 11.41 12.03 10.99 9.17 7.85 7.20 7.02 6.60 6.06 5.74 5.72 5.78 5.66 5.45 5.31 5.28 5.22 5.18 5.21 5.27 5.33 5.10 4.58 4.65 5.30 5.46 5.16 4.99 5.50 6.41 6.70 6.71 6.76 6.25 5.56 5.29 5.10 4.79 4.48 4.55 4.80 4.89 4.96 5.01 5.04 5.04 5.04 5.03 5.01 4.97 4.92 4.88 4.84 4.80 4.76 4.71 4.67 4.62 4.57 4.52 4.45 4.39 4.31 4.23 4.14 4.04 3.92 3.80 3.62 3.46 3.31 3.14 2.88 2.61 2.27 2.01 2.38 3.74 4.53 3.64 3.39 3.82
12.63 11.10 11.14 14.11 14.07 11.16 8.47 7.30 7.16 6.45 5.56 5.37 5.55 5.69 5.65 5.45 5.35 5.26 5.10 5.10 5.20 5.31 5.38 4.96 4.27 4.59 5.59 5.80 5.36 4.83 5.01 5.95 6.58 6.85 6.94 6.58 5.90 5.53 5.50 5.14 4.50 4.46 4.78 4.93 5.00 5.08 5.13 5.16 5.17 5.15 5.11 5.04 4.98 4.93 4.88 4.84 4.81 4.77 4.73 4.68 4.63 4.57 4.51 4.45 4.38 4.30 4.21 4.11 4.00 3.87 3.71 3.54 3.39 3.24 2.99 2.71 2.39 2.18 2.41 3.18 3.42 2.83 2.91 3.37
10.60 10.15 11.20 13.65 15.53 13.76 9.02 6.99 6.80 5.86 4.88 4.89 5.36 5.60 5.60 5.44 5.37 5.25 5.01 5.02 5.20 5.36 5.39 4.91 4.17 4.47 5.56 5.94 5.60 5.01 4.93 5.56 6.18 6.72 7.09 6.82 6.06 5.74 5.88 5.63 4.75 4.42 4.79 4.96 5.04 5.16 5.22 5.29 5.36 5.33 5.21 5.09 5.02 4.96 4.92 4.88 4.85 4.81 4.77 4.73 4.68 4.63 4.57 4.51 4.44 4.36 4.28 4.18 4.07 3.94 3.79 3.61 3.48 3.33 3.10 2.86 2.57 2.31 2.34 2.54 2.33 2.21 2.46 2.81
8.38 9.27 11.07 13.39 15.99 13.84 7.77 5.56 5.61 4.88 4.22 4.45 5.15 5.52 5.59 5.43 5.34 5.25 5.04 4.99 5.18 5.37 5.39 4.94 4.22 4.47 5.47 5.82 5.72 5.36 5.14 5.41 5.76 6.25 6.89 7.04 6.39 5.95 6.06 5.99 5.25 4.63 4.87 5.07 5.15 5.27 5.26 5.39 5.70 5.67 5.34 5.11 5.01 4.95 4.92 4.90 4.88 4.86 4.82 4.78 4.74 4.69 4.63 4.57 4.50 4.43 4.35 4.25 4.14 4.01 3.86 3.70 3.56 3.42 3.21 3.00 2.73 2.41 2.27 2.07 1.60 1.69 2.10 2.35
9.37 10.07 11.99 15.23 15.45 10.82 6.76 5.11 4.50 4.19 3.79 4.20 5.01 5.48 5.61 5.42 5.28 5.33 5.16 5.03 5.19 5.34 5.41 4.98 4.28 4.59 5.45 5.67 5.68 5.61 5.42 5.45 5.53 5.80 6.31 6.77 6.74 6.32 6.18 6.08 5.59 5.06 5.06 5.30 5.40 5.46 5.37 5.49 6.04 6.07 5.54 5.15 4.92 4.87 4.88 4.89 4.91 4.90 4.88 4.84 4.79 4.74 4.69 4.63 4.56 4.49 4.41 4.32 4.21 4.08 3.95 3.79 3.64 3.50 3.32 3.12 2.85 2.52 2.26 1.89 1.33 1.20 1.71 2.10
15.08 13.29 13.19 14.36 12.37 9.18 6.97 5.43 4.68 4.22 3.89 4.34 5.00 5.45 5.65 5.41 5.33 5.48 5.32 5.17 5.27 5.32 5.40 5.05 4.40 4.71 5.45 5.57 5.55 5.68 5.63 5.51 5.49 5.65 5.92 6.30 6.66 6.58 6.37 6.06 5.65 5.34 5.27 5.48 5.65 5.74 5.67 5.77 6.24 6.27 5.74 5.23 4.92 4.75 4.76 4.87 4.94 4.95 4.93 4.90 4.85 4.80 4.74 4.69 4.62 4.56 4.47 4.39 4.28 4.16 4.03 3.88 3.73 3.59 3.44 3.23 2.97 2.65 2.32 1.89 1.26 0.92 1.25 2.06
17.26 15.14 12.65 12.01 10.85 9.26 7.07 5.63 5.22 4.74 4.56 4.73 4.99 5.48 5.71 5.51 5.45 5.66 5.58 5.40 5.42 5.35 5.33 5.21 4.74 4.73 5.30 5.47 5.42 5.65 5.69 5.53 5.50 5.63 5.91 6.21 6.50 6.60 6.43 6.06 5.71 5.51 5.47 5.59 5.78 5.94 6.00 6.15 6.34 6.20 5.78 5.44 5.09 4.68 4.65 4.85 4.97 5.01 5.00 4.96 4.91 4.86 4.80 4.74 4.68 4.61 4.53 4.45 4.35 4.24 4.11 3.98 3.82 3.69 3.54 3.35 3.10 2.79 2.44 1.96 1.36 1.15 1.25 2.45
19.31 16.42 12.63 11.75 11.22 9.72 7.34 6.13 5.88 5.48 5.22 5.00 5.01 5.47 5.82 5.76 5.59 5.87 5.90 5.70 5.63 5.44 5.37 5.45 5.12 4.67 4.93 5.30 5.44 5.60 5.55 5.50 5.42 5.53 6.05 6.40 6.53 6.67 6.50 6.15 5.82 5.62 5.62 5.72 5.89 6.09 6.31 6.52 6.46 6.08 5.68 5.50 5.25 4.86 4.72 4.89 5.04 5.08 5.07 5.03 4.98 4.91 4.85 4.79 4.72 4.66 4.59 4.51 4.42 4.32 4.20 4.07 3.93 3.79 3.64 3.47 3.23 2.93 2.59 2.12 1.63 1.60 1.94 3.44
20.86 17.36 13.00 11.85 11.28 10.00 7.77 6.91 6.86 6.29 5.57 5.11 5.18 5.39 5.89 5.97 5.81 6.15 6.22 6.08 5.88 5.59 5.67 5.86 5.34 4.52 4.56 5.11 5.52 5.52 5.32 5.45 5.36 5.31 5.96 6.46 6.59 6.85 6.88 6.53 6.02 5.63 5.58 5.76 6.02 6.27 6.59 6.80 6.64 6.10 5.55 5.31 5.26 5.10 4.95 5.02 5.15 5.16 5.15 5.11 5.04 4.97 4.90 4.83 4.77 4.71 4.64 4.58 4.49 4.39 4.28 4.16 4.03 3.89 3.75 3.58 3.37 3.11 2.81 2.45 2.11 2.22 2.77 4.50
21.24 17.34 13.32 12.00 10.84 10.02 8.58 7.78 7.82 7.15 5.74 5.30 5.49 5.34 5.86 6.08 5.95 6.47 6.70 6.63 6.22 5.88 6.38 6.71 5.52 4.15 4.23 4.95 5.41 5.42 5.25 5.43 5.46 5.30 5.65 6.11 6.36 6.85 7.29 7.17 6.52 5.79 5.43 5.63 6.06 6.47 6.85 6.99 6.83 6.26 5.55 5.21 5.16 5.18 5.20 5.24 5.29 5.30 5.26 5.21 5.11 5.02 4.92 4.85 4.80 4.75 4.70 4.63 4.56 4.47 4.37 4.25 4.14 4.00 3.86 3.71 3.53 3.32 3.10 2.83 2.63 2.81 3.42 4.76
20.40 17.23 13.49 11.87 10.19 9.56 9.37 8.78 8.39 7.83 6.38 5.80 5.71 5.27 5.70 6.04 6.08 6.84 7.39 7.50 6.87 6.67 7.93 7.72 5.25 3.34 3.80 4.72 5.16 5.35 5.38 5.50 5.62 5.54 5.55 5.76 5.92 6.39 7.19 7.57 7.24 6.38 5.58 5.49 5.94 6.55 7.06 7.16 6.95 6.48 5.83 5.34 5.10 5.19 5.36 5.42 5.48 5.52 5.43 5.33 5.18 5.02 4.91 4.86 4.83 4.79 4.75 4.69 4.63 4.55 4.45 4.35 4.24 4.11 3.99 3.85 3.72 3.55 3.37 3.16 3.02 3.12 3.64 4.81
18.72 16.70 13.38 11.32 9.90 9.14 9.37 9.41 8.79 8.68 8.03 6.58 5.66 5.25 5.43 5.71 6.36 7.38 8.26 8.62 8.12 8.63 9.19 7.15 3.48 2.24 3.33 4.45 4.97 5.30 5.52 5.66 5.75 5.74 5.76 5.87 5.74 5.84 6.63 7.52 7.63 7.00 6.13 5.61 5.81 6.40 7.03 7.38 7.18 6.70 6.20 5.62 5.27 5.26 5.33 5.44 5.61 5.79 5.88 5.64 5.16 4.90 4.86 4.84 4.84 4.82 4.80 4.76 4.69 4.62 4.54 4.44 4.34 4.22 4.11 4.00 3.89 3.75 3.60 3.45 3.35 3.36 3.69 4.48
17.59 15.71 12.82 11.16 10.05 8.96 8.68 9.02 8.89 9.55 9.62 7.27 5.44 5.23 5.27 5.44 6.49 7.92 9.58 10.65 10.66 10.27 8.26 4.60 1.93 1.68 3.14 4.31 4.90 5.30 5.64 5.83 5.88 5.85 6.03 6.21 5.86 5.63 6.08 7.13 7.73 7.33 6.62 5.99 5.88 6.19 6.75 7.45 7.56 7.06 6.52 6.02 5.63 5.34 5.08 5.20 5.61 6.18 6.73 6.10 4.99 4.64 4.73 4.80 4.84 4.86 4.85 4.81 4.76 4.70 4.62 4.53 4.43 4.34 4.24 4.15 4.04 3.93 3.81 3.71 3.65 3.62 3.75 4.26
16.70 14.70 12.38 11.72 10.87 9.23 8.16 8.10 8.50 10.05 10.51 7.91 5.60 5.35 5.39 5.62 6.52 8.01 10.61 13.09 12.20 9.14 5.01 2.78 1.63 1.89 3.27 4.34 4.95 5.40 5.76 5.97 6.05 6.00 6.17 6.42 6.16 5.85 5.86 6.46 7.45 7.58 7.07 6.49 6.12 6.09 6.50 7.28 7.77 7.63 7.02 6.44 5.99 5.39 4.69 4.82 5.74 6.72 7.35 6.35 4.68 4.29 4.55 4.75 4.85 4.89 4.90 4.88 4.83 4.77 4.70 4.62 4.54 4.45 4.37 4.28 4.18 4.09 4.01 3.95 3.91 3.87 3.94 4.30
15.30 13.75 11.97 11.86 11.78 10.37 8.58 7.50 7.94 10.35 11.23 8.60 6.34 5.82 5.69 6.07 6.67 7.97 11.48 13.94 11.34 4.74 2.56 2.41 2.03 2.42 3.61 4.54 5.12 5.57 5.88 6.16 6.32 6.27 6.29 6.45 6.37 6.20 6.04 6.00 6.58 7.46 7.65 7.12 6.48 6.13 6.35 7.05 7.83 8.18 7.73 6.99 6.31 5.46 4.52 4.77 6.27 7.11 7.20 6.25 4.69 4.12 4.39 4.71 4.85 4.93 4.96 4.94 4.90 4.84 4.77 4.70 4.64 4.56 4.48 4.40 4.32 4.25 4.19 4.15 4.12 4.10 4.17 4.39
14.00 12.83 11.26 11.23 11.76 11.10 9.30 7.25 6.70 9.62 11.88 10.11 7.79 7.10 6.87 7.47 7.84 9.14 12.67 13.48 9.26 3.00 2.68 2.79 2.57 2.99 4.01 4.80 5.34 5.75 6.04 6.48 6.75 6.58 6.36 6.40 6.47 6.45 6.35 5.98 5.74 6.60 7.86 7.87 6.96 6.36 6.36 6.91 7.86 8.47 8.57 7.89 6.48 5.42 4.79 5.16 6.49 6.93 6.65 6.13 5.11 4.31 4.37 4.71 4.88 4.99 5.03 5.01 4.96 4.91 4.86 4.80 4.74 4.66 4.58 4.52 4.45 4.40 4.35 4.31 4.29 4.29 4.35 4.47
13.35 12.34 10.83 10.86 11.68 11.06 9.09 6.39 4.47 7.07 10.92 10.79 8.97 7.96 7.71 9.03 9.90 11.05 13.61 12.50 8.28 5.82 4.82 3.94 3.36 3.65 4.42 5.00 5.52 5.93 6.34 7.02 7.36 6.84 6.29 6.33 6.58 6.65 6.58 6.17 5.48 5.60 7.18 8.21 7.55 6.92 6.73 7.02 7.93 8.64 9.46 8.79 6.17 5.17 5.18 5.43 6.19 6.48 6.24 5.97 5.45 4.64 4.50 4.79 4.96 5.06 5.09 5.06 5.02 4.99 4.95 4.89 4.82 4.75 4.68 4.63 4.58 4.53 4.48 4.45 4.43 4.43 4.47 4.57
12.72 12.10 11.08 11.20 12.02 10.91 8.53 5.74 3.88 5.66 8.86 9.76 8.62 7.21 7.04 9.48 11.27 13.15 14.98 12.30 8.65 8.26 6.76 5.18 4.21 4.30 4.74 5.15 5.56 6.06 6.84 7.75 7.93 7.02 6.18 6.31 6.73 6.83 6.73 6.38 5.63 5.16 6.12 7.60 7.88 7.62 7.44 7.57 8.27 9.16 9.92 8.74 5.77 4.95 5.44 5.66 5.97 6.17 5.95 5.79 5.55 4.88 4.70 4.95 5.07 5.12 5.12 5.11 5.11 5.09 5.04 4.96 4.88 4.82 4.78 4.74 4.69 4.65 4.60 4.57 4.54 4.54 4.56 4.61
11.56 11.94 11.71 11.59 12.03 10.85 8.84 6.43 4.96 5.50 7.22 8.22 7.37 6.80 7.30 9.75 11.42 14.60 16.22 11.31 9.29 9.66 8.33 6.32 4.96 4.69 4.85 5.22 5.60 6.18 7.45 8.30 8.21 7.26 6.34 6.45 6.90 7.01 6.88 6.61 5.98 5.28 5.53 6.69 7.57 7.80 8.05 8.46 9.11 9.67 9.34 7.99 6.13 5.18 5.66 6.00 5.97 5.99 5.77 5.66 5.50 5.04 4.94 5.12 5.17 5.18 5.16 5.18 5.22 5.18 5.09 5.01 4.95 4.91 4.89 4.85 4.80 4.75 4.71 4.67 4.64 4.62 4.63 4.64
11.08 11.92 12.08 11.40 11.52 11.16 9.92 8.16 6.60 5.91 6.32 6.00 5.42 6.41 7.81 10.00 11.99 14.84 16.03 12.76 10.77 10.44 10.35 8.26 5.75 4.74 4.77 5.24 5.84 6.60 7.74 8.33 8.31 7.73 6.88 6.78 7.15 7.27 7.10 6.82 6.38 5.64 5.37 6.31 7.33 7.67 8.34 9.21 9.66 9.39 8.40 7.76 6.89 5.83 5.97 6.30 6.15 5.96 5.75 5.63 5.40 5.17 5.18 5.27 5.27 5.24 5.23 5.27 5.30 5.23 5.12 5.06 5.03 5.00 4.98 4.95 4.89 4.85 4.80 4.76 4.72 4.70 4.67 4.66
11.73 12.14 11.82 10.65 10.58 10.94 10.27 9.38 8.40 7.19 6.44 5.55 4.88 5.72 8.07 10.53 12.69 13.83 12.40 12.46 12.21 11.68 12.28 10.13 6.31 4.47 4.76 5.44 6.18 7.08 7.91 8.22 8.33 8.14 7.52 7.31 7.61 7.75 7.41 7.02 6.69 6.02 5.52 6.12 7.11 7.62 8.41 9.41 9.55 8.95 8.13 7.79 7.38 6.60 6.37 6.54 6.51 6.18 5.83 5.62 5.38 5.32 5.43 5.45 5.37 5.31 5.32 5.33 5.32 5.25 5.17 5.12 5.11 5.10 5.07 5.04 4.98 4.94 4.89 4.84 4.80 4.76 4.72 4.68
12.58 12.12 11.09 10.07 9.76 9.63 9.08 9.27 9.06 7.98 7.23 6.33 5.31 5.70 7.97 10.89 12.51 11.57 10.10 10.54 11.91 12.96 13.62 11.28 6.41 4.85 5.36 5.95 6.53 7.41 8.19 8.38 8.44 8.39 8.05 7.96 8.20 8.31 7.90 7.31 6.87 6.40 5.86 5.91 6.79 7.72 8.42 9.01 9.09 8.66 8.23 7.82 7.49 7.22 6.86 6.78 6.76 6.55 6.05 5.61 5.43 5.50 5.69 5.67 5.52 5.41 5.38 5.34 5.28 5.27 5.22 5.19 5.20 5.18 5.16 5.12 5.08 5.03 4.98 4.92 4.87 4.82 4.76 4.71
12.06 11.59 10.86 10.28 9.55 8.99 8.63 8.72 8.70 8.04 7.77 7.03 6.09 6.44 7.86 10.31 12.02 10.44 8.67 9.11 11.04 13.66 13.83 9.94 6.89 6.17 6.45 6.68 6.94 7.72 8.55 8.89 8.87 8.81 8.60 8.53 8.65 8.72 8.59 7.82 7.07 6.73 6.20 5.87 6.54 7.63 8.23 8.51 8.59 8.45 8.35 7.92 7.47 7.49 7.37 7.08 6.80 6.90 6.53 5.73 5.47 5.62 5.87 5.95 5.81 5.56 5.45 5.31 5.18 5.25 5.28 5.26 5.27 5.27 5.25 5.21 5.17 5.12 5.07 5.00 4.94 4.88 4.81 4.73
11.14 10.89 10.78 10.40 9.35 8.86 8.78 8.62 8.32 7.94 7.82 7.25 6.54 7.00 8.20 9.89 11.55 10.34 8.05 9.64 12.83 13.89 12.05 9.73 8.14 7.32 7.35 7.45 7.48 8.07 9.07 9.67 9.68 9.63 9.32 8.96 8.87 9.07 9.32 8.55 7.37 6.91 6.50 6.05 6.26 7.11 7.94 8.24 8.20 8.24 8.28 8.02 7.62 7.55 7.65 7.31 6.91 7.19 7.00 6.08 5.57 5.60 5.94 6.28 6.21 5.78 5.53 5.23 5.01 5.15 5.34 5.37 5.35 5.35 5.33 5.30 5.27 5.22 5.15 5.08 5.01 4.93 4.85 4.77
10.57 10.43 10.34 10.04 9.28 8.84 8.82 8.65 8.25 7.89 7.70 7.28 6.49 6.53 7.87 9.72 11.13 10.53 9.16 11.39 13.92 11.92 10.54 10.19 9.19 8.41 8.18 8.09 7.99 8.54 9.71 10.53 10.68 10.61 10.14 9.46 9.21 9.58 9.90 9.15 7.75 7.00 6.75 6.34 6.18 6.76 7.70 8.04 7.95 8.00 8.00 8.02 7.81 7.65 7.81 7.43 7.17 7.31 7.16 6.63 5.95 5.70 6.00 6.44 6.57 6.08 5.53 5.09 4.81 5.04 5.50 5.60 5.43 5.38 5.40 5.39 5.38 5.32 5.25 5.17 5.09 5.00 4.90 4.80
10.20 10.05 9.81 9.58 9.21 8.92 8.80 8.59 8.31 7.92 7.60 7.28 6.32 5.83 6.67 8.59 10.66 10.53 10.05 12.50 13.69 11.80 10.98 10.75 9.97 9.51 9.41 8.91 8.60 9.36 10.37 11.13 11.62 11.52 11.03 10.35 9.95 10.07 10.11 9.48 8.18 7.28 7.05 6.72 6.46 6.67 7.26 7.63 7.59 7.68 7.79 8.00 7.96 7.74 7.88 7.64 7.37 7.30 7.23 7.08 6.53 6.03 6.01 6.45 6.77 6.33 5.56 4.98 4.67 5.01 5.77 5.91 5.49 5.37 5.45 5.49 5.50 5.44 5.35 5.25 5.17 5.07 4.96 4.84
9.74 9.57 9.34 9.28 9.13 8.95 8.77 8.47 8.33 8.12 7.71 7.32 6.58 6.23 6.64 7.80 9.98 10.40 10.27 11.90 12.61 12.35 12.05 11.42 10.61 10.50 10.88 10.41 9.82 10.59 11.05 11.48 12.31 12.36 11.94 11.56 10.96 10.46 10.21 9.74 8.73 7.80 7.38 7.14 6.80 6.59 6.79 7.05 7.03 7.33 7.76 7.99 8.08 7.91 7.80 7.68 7.49 7.38 7.41 7.32 6.89 6.31 6.10 6.55 6.82 6.47 5.72 4.98 4.65 5.07 5.93 6.16 5.69 5.39 5.44 5.64 5.70 5.60 5.45 5.35 5.27 5.15 5.01 4.87
9.17 8.99 8.86 9.07 9.20 9.04 8.76 8.37 8.35 8.54 8.18 7.64 7.25 6.90 6.93 7.66 9.09 9.81 9.90 10.60 11.02 11.58 12.18 11.78 11.24 11.36 12.08 11.96 11.62 12.16 12.02 12.27 12.76 12.80 12.87 13.06 12.46 11.29 10.68 10.16 9.33 8.25 7.72 7.58 7.11 6.68 6.61 6.61 6.57 7.01 7.71 7.93 8.01 8.06 7.84 7.58 7.44 7.45 7.61 7.56 7.07 6.54 6.44 6.71 6.74 6.54 5.96 5.06 4.67 5.17 5.85 6.20 6.15 5.61 5.58 5.97 6.00 5.67 5.46 5.50 5.44 5.24 5.04 4.88
8.45 8.34 8.33 8.80 9.29 9.22 8.84 8.40 8.45 9.05 8.86 8.28 7.87 7.30 7.22 7.49 8.29 9.03 9.07 9.38 10.20 11.20 11.24 11.18 11.74 12.04 12.69 13.23 13.79 13.97 13.74 13.56 12.76 12.62 14.11 15.34 14.37 12.38 11.19 10.44 9.55 8.50 8.18 7.98 7.35 6.91 6.56 6.37 6.39 6.73 7.49 7.76 7.71 7.96 8.04 7.68 7.36 7.39 7.64 7.72 7.29 6.85 6.82 6.90 6.73 6.56 6.17 5.19 4.65 5.18 5.78 6.10 6.44 6.29 6.15 6.40 6.22 5.61 5.50 5.85 5.80 5.34 4.99 4.85
7.53 7.61 7.87 8.52 9.22 9.36 9.10 8.61 8.59 9.44 9.54 8.87 8.13 7.63 7.63 7.41 7.78 8.27 8.09 8.32 9.74 11.38 10.40 9.52 11.17 12.58 12.95 13.78 15.75 16.28 15.40 14.24 11.82 12.32 16.30 17.90 15.67 12.50 11.23 10.75 9.66 8.84 8.71 8.31 7.72 7.28 6.76 6.47 6.39 6.47 7.05 7.43 7.35 7.62 7.98 7.89 7.52 7.39 7.55 7.66 7.60 7.34 7.08 7.01 6.89 6.53 6.26 5.50 4.68 4.93 5.78 6.23 6.56 6.80 6.75 6.74 6.44 5.82 5.74 6.17 6.12 5.40 4.91 4.77
6.48 6.75 7.46 8.38 9.00 9.29 9.43 9.00 8.91 9.47 9.82 9.15 8.01 7.95 8.34 7.95 7.73 7.61 7.42 7.85 9.44 11.35 10.28 8.18 9.33 11.91 12.94 13.26 16.65 18.76 16.39 14.44 11.32 12.80 19.00 19.31 15.20 12.09 11.83 11.63 9.96 9.08 9.20 8.82 8.13 7.61 7.15 6.75 6.36 6.19 6.55 7.03 7.12 7.25 7.56 7.79 7.79 7.63 7.55 7.47 7.70 7.90 7.43 6.99 6.96 6.57 6.24 5.86 4.96 4.69 5.55 6.54 6.92 7.02 7.11 7.11 6.88 6.37 5.96 6.13 6.21 5.61 4.96 4.68
5.51 5.91 7.11 8.34 8.89 9.20 9.31 9.19 9.14 9.19 9.68 9.47 8.22 8.29 9.10 8.94 7.86 6.67 7.03 8.58 10.31 11.29 9.94 7.68 7.51 10.12 12.27 12.75 16.70 19.92 17.08 14.84 12.60 14.39 20.71 19.38 14.35 12.88 13.25 11.97 9.23 8.95 9.83 9.21 8.27 7.93 7.56 6.86 6.21 6.00 6.20 6.63 6.89 6.97 7.11 7.37 7.71 7.97 7.81 7.33 7.49 8.27 7.97 6.96 6.94 6.84 6.30 6.01 5.39 4.70 5.13 6.64 7.50 7.30 7.30 7.38 7.28 6.84 6.15 6.06 6.25 6.03 5.26 4.64
4.81 5.47 7.18 8.40 8.80 8.95 8.80 8.90 9.10 9.12 9.60 9.62 8.56 8.65 9.78 9.92 7.78 5.26 6.43 9.43 11.79 11.83 9.28 7.25 6.69 8.11 10.61 12.34 17.01 20.38 17.82 15.35 14.03 16.45 21.85 20.12 15.66 14.98 13.72 10.51 8.35 9.56 10.50 9.23 8.41 8.36 7.75 6.79 6.21 6.04 6.04 6.19 6.39 6.67 6.92 7.00 7.29 8.05 8.20 7.30 7.17 8.17 8.30 7.22 7.03 7.26 6.73 6.08 5.52 4.90 5.04 6.59 7.85 7.66 7.50 7.57 7.45 7.09 6.53 6.30 6.32 6.35 5.66 4.69
