windninja/windninja_output/Output_2025-10-23_1600-1650_Google earth_Fire_150m_10min/merlingen_7.5mi_point_10-23-2025_1620_150m_vel.asc
ncols	158
nrows	163
xllcorner	391686.332397
yllcorner	5160024.123721
cellsize	150.000000
NODATA_value	-32768.000000
[rows 37 to 73 of 163, columns 0 to 83 of 158]
6.37 6.33 6.24 6.18 6.18 6.15 6.02 5.87 5.79 5.77 5.72 5.64 5.58 5.54 5.49 5.44 5.37 5.32 5.27 5.18 5.07 4.98 4.87 4.74 4.59 4.43 4.30 4.31 4.52 4.83 4.96 5.04 5.24 5.78 6.58 6.89 6.91 6.90 6.71 6.28 5.93 5.86 5.94 6.03 6.06 6.00 5.81 5.79 5.86 5.86 5.74 5.66 5.90 6.12 5.94 5.81 6.17 6.63 6.76 7.23 7.79 6.80 5.05 4.05 4.18 5.61 7.18 7.12 5.89 4.85 4.34 4.28 4.21 3.97 3.90 3.75 3.50 3.77 4.39 4.14 3.48 3.91 5.09 6.33
6.42 6.40 6.35 6.25 6.13 6.06 6.00 5.90 5.78 5.75 5.73 5.67 5.62 5.56 5.47 5.39 5.34 5.29 5.23 5.18 5.10 5.00 4.90 4.77 4.60 4.43 4.31 4.35 4.54 4.67 4.58 4.47 4.67 5.21 6.05 6.46 6.44 6.73 7.00 6.72 6.43 6.31 6.24 6.30 6.52 6.49 6.28 6.37 6.66 6.89 6.67 6.23 6.29 6.68 6.60 6.15 6.40 7.21 7.80 8.18 8.65 8.31 6.77 5.06 4.39 5.03 6.52 6.89 5.86 5.12 4.99 5.01 5.00 4.72 4.32 4.06 3.70 3.84 4.80 5.30 4.33 3.97 4.52 5.45
6.43 6.36 6.26 6.22 6.14 6.02 5.93 5.87 5.79 5.73 5.71 5.64 5.57 5.56 5.49 5.39 5.31 5.25 5.19 5.13 5.07 4.99 4.89 4.78 4.60 4.39 4.22 4.07 3.94 3.86 3.81 3.83 4.15 4.72 5.42 5.97 6.38 7.15 7.60 7.34 6.85 6.54 6.41 6.47 6.86 7.11 6.80 6.47 6.70 7.30 7.38 6.76 6.67 7.50 8.09 7.70 7.50 8.09 8.78 9.22 9.63 9.97 9.20 6.91 5.16 5.24 6.56 6.81 5.77 5.15 5.08 5.12 5.09 4.87 4.64 4.48 4.14 4.11 4.82 6.04 5.88 4.92 4.54 4.86
6.56 6.49 6.30 6.20 6.15 6.08 6.01 5.93 5.81 5.69 5.65 5.62 5.56 5.56 5.55 5.46 5.36 5.29 5.20 5.12 5.06 4.98 4.90 4.80 4.63 4.39 4.09 3.71 3.39 3.37 3.48 3.43 3.52 3.98 4.69 5.21 5.70 6.57 7.60 8.00 7.78 7.35 6.97 6.71 6.82 7.29 7.41 7.03 6.91 7.42 7.79 7.17 6.77 7.37 8.34 8.58 8.13 7.91 8.25 8.67 8.92 9.59 10.23 8.83 6.21 5.71 6.96 7.08 5.98 5.45 5.08 4.80 4.54 4.30 4.53 4.75 4.59 4.53 4.74 5.72 6.46 6.28 5.75 5.44
6.70 6.64 6.46 6.29 6.18 6.08 6.01 5.99 5.89 5.71 5.63 5.63 5.57 5.52 5.53 5.48 5.40 5.33 5.25 5.15 5.06 4.97 4.88 4.77 4.62 4.39 4.08 3.73 3.45 3.41 3.51 3.43 3.32 3.57 4.17 4.84 5.28 5.62 6.49 7.77 8.46 8.60 8.40 7.87 7.43 7.69 8.21 8.25 7.93 7.92 8.24 7.84 6.86 6.32 6.60 7.28 7.07 6.48 6.59 7.12 7.41 7.87 9.27 9.82 8.10 6.64 7.23 7.61 6.74 6.21 5.72 5.20 4.77 4.32 4.51 4.88 4.85 4.70 4.58 4.95 5.70 6.19 6.46 6.45
6.75 6.70 6.56 6.38 6.25 6.11 5.96 5.94 5.94 5.80 5.66 5.62 5.57 5.51 5.49 5.46 5.39 5.33 5.26 5.15 5.03 4.93 4.85 4.77 4.62 4.40 4.17 3.89 3.65 3.58 3.66 3.64 3.51 3.53 3.87 4.52 5.35 5.98 6.48 7.23 7.97 8.41 8.60 8.52 8.17 7.98 7.98 7.89 7.52 7.19 7.46 7.42 6.48 5.64 5.50 5.93 6.04 5.70 5.72 6.23 6.45 6.53 7.53 9.14 9.45 8.26 7.70 8.23 8.11 7.49 7.06 6.60 5.93 5.23 5.12 5.23 5.08 4.81 4.63 4.86 5.36 5.56 5.91 6.42
6.79 6.73 6.59 6.44 6.31 6.23 6.07 5.92 5.90 5.83 5.69 5.62 5.57 5.49 5.44 5.41 5.35 5.28 5.23 5.15 5.04 4.92 4.83 4.77 4.68 4.49 4.29 4.07 3.78 3.58 3.58 3.64 3.63 3.60 3.72 4.14 4.90 5.78 6.27 6.48 6.79 7.23 7.53 7.60 7.42 7.06 6.90 6.93 6.78 6.54 6.76 6.98 6.52 5.95 5.69 5.73 5.77 5.70 5.75 6.07 6.09 5.80 6.03 7.08 8.54 8.93 8.45 8.58 9.16 9.36 9.18 8.90 8.12 7.12 6.60 6.20 5.76 5.27 4.85 4.81 5.13 5.45 5.74 6.08
6.84 6.74 6.56 6.43 6.30 6.21 6.11 5.96 5.86 5.81 5.69 5.60 5.55 5.49 5.43 5.38 5.33 5.28 5.23 5.19 5.11 4.99 4.86 4.77 4.70 4.58 4.40 4.22 3.98 3.72 3.63 3.66 3.66 3.61 3.56 3.67 4.00 4.44 4.81 5.24 5.78 6.44 6.76 6.74 6.56 6.45 6.46 6.53 6.69 6.78 7.02 7.30 7.04 6.51 6.27 6.11 5.85 5.77 5.91 6.14 6.20 5.94 5.66 5.83 6.76 7.84 8.18 8.13 8.60 9.43 9.80 9.86 9.63 8.78 7.82 6.99 6.25 5.72 5.25 4.91 4.88 5.19 5.64 5.88
6.91 6.80 6.61 6.46 6.30 6.17 6.08 5.98 5.88 5.80 5.71 5.59 5.53 5.50 5.46 5.41 5.37 5.34 5.28 5.20 5.14 5.06 4.94 4.81 4.71 4.62 4.48 4.28 4.08 3.90 3.80 3.78 3.71 3.59 3.46 3.30 3.20 3.40 3.85 4.41 5.09 5.83 6.31 6.31 6.17 6.40 6.64 6.61 6.61 6.70 6.85 7.05 6.91 6.39 6.21 6.28 6.02 5.76 5.84 6.12 6.38 6.46 6.21 6.08 6.41 6.79 7.19 7.29 6.93 7.00 7.67 8.27 8.70 8.54 7.91 7.13 6.25 5.85 5.72 5.54 5.36 5.23 5.22 5.40
7.00 6.87 6.68 6.54 6.35 6.15 5.99 5.90 5.84 5.79 5.74 5.64 5.55 5.51 5.47 5.43 5.37 5.32 5.28 5.19 5.10 5.04 4.97 4.87 4.75 4.63 4.49 4.34 4.17 3.99 3.84 3.76 3.67 3.53 3.40 3.24 3.05 3.07 3.42 3.90 4.39 5.06 5.83 6.09 5.88 6.04 6.42 6.62 6.50 6.33 6.43 6.65 6.73 6.39 6.03 6.19 6.22 5.92 5.74 5.87 6.38 6.82 6.78 6.54 6.55 6.55 6.53 6.61 6.17 5.81 6.08 6.62 7.31 7.70 7.65 7.25 6.49 5.96 5.89 5.78 5.38 4.98 4.85 4.95
7.08 6.92 6.68 6.55 6.43 6.16 5.82 5.71 5.72 5.71 5.69 5.66 5.59 5.52 5.46 5.40 5.34 5.29 5.24 5.19 5.10 5.00 4.93 4.86 4.75 4.63 4.51 4.41 4.28 4.12 3.94 3.78 3.62 3.41 3.19 3.09 3.06 3.01 3.07 3.35 3.77 4.41 5.27 5.83 5.94 5.96 6.02 6.16 6.18 6.07 6.23 6.45 6.61 6.72 6.46 6.41 6.50 6.34 6.02 5.70 6.00 6.61 6.63 6.23 6.06 6.11 5.99 6.05 5.96 5.76 5.79 5.97 6.52 7.06 7.25 7.11 6.54 5.84 5.38 5.22 4.96 4.67 4.73 4.85
7.08 6.95 6.71 6.53 6.51 6.35 5.82 5.49 5.52 5.58 5.56 5.54 5.52 5.48 5.43 5.35 5.29 5.25 5.20 5.15 5.09 5.01 4.94 4.87 4.78 4.66 4.56 4.47 4.36 4.23 4.08 3.91 3.72 3.48 3.20 3.02 2.99 2.96 2.89 2.98 3.27 3.72 4.42 5.07 5.64 5.96 5.97 5.96 6.04 6.03 6.17 6.34 6.39 6.47 6.44 6.45 6.54 6.51 6.45 6.16 5.94 6.19 6.38 5.97 5.57 5.52 5.50 5.58 5.64 5.58 5.63 5.76 6.05 6.50 6.79 6.77 6.39 5.80 5.32 5.20 5.23 5.04 4.86 4.91
7.12 6.95 6.75 6.61 6.54 6.52 6.06 5.46 5.28 5.42 5.49 5.46 5.43 5.42 5.42 5.37 5.28 5.23 5.20 5.15 5.10 5.03 4.96 4.92 4.87 4.75 4.62 4.53 4.43 4.32 4.19 4.04 3.88 3.66 3.39 3.16 3.08 3.06 2.98 2.93 3.02 3.28 3.64 4.17 4.78 5.39 5.69 5.73 5.78 5.81 6.05 6.48 6.64 6.63 6.62 6.64 6.67 6.51 6.43 6.35 6.09 6.13 6.44 6.21 5.55 5.19 5.14 5.17 5.29 5.41 5.54 5.71 5.87 6.12 6.42 6.55 6.44 6.22 6.01 5.88 5.81 5.63 5.28 5.03
7.24 6.93 6.65 6.72 6.80 6.76 6.50 5.85 5.25 5.21 5.39 5.44 5.42 5.40 5.42 5.42 5.34 5.25 5.22 5.18 5.12 5.07 4.99 4.93 4.92 4.85 4.71 4.59 4.49 4.38 4.26 4.12 3.97 3.79 3.55 3.28 3.12 3.09 3.05 3.00 3.04 3.21 3.38 3.59 4.07 4.78 5.24 5.37 5.35 5.16 5.23 5.89 6.44 6.69 6.88 6.94 6.89 6.67 6.32 6.00 5.82 5.98 6.44 6.39 5.59 5.01 4.90 4.88 4.94 5.09 5.26 5.44 5.61 5.77 5.99 6.16 6.23 6.30 6.35 6.34 6.18 5.95 5.63 5.23
7.40 6.88 6.41 6.59 6.90 7.01 6.97 6.57 5.66 5.18 5.26 5.40 5.41 5.37 5.36 5.38 5.36 5.27 5.22 5.19 5.13 5.10 5.04 4.94 4.90 4.86 4.76 4.65 4.55 4.44 4.33 4.20 4.06 3.90 3.69 3.41 3.11 2.94 2.92 2.96 3.07 3.16 3.15 3.25 3.66 4.32 4.82 5.14 5.34 5.05 4.93 5.59 6.00 6.08 6.31 6.53 6.58 6.54 6.32 5.96 5.73 5.87 6.48 6.47 5.49 4.89 4.82 4.83 4.91 5.00 5.11 5.27 5.40 5.54 5.65 5.66 5.65 5.79 6.14 6.46 6.48 6.21 5.71 5.15
7.76 6.90 6.12 6.29 6.56 6.66 6.87 6.97 6.33 5.52 5.26 5.33 5.38 5.33 5.29 5.28 5.30 5.26 5.20 5.17 5.10 5.04 5.01 4.94 4.87 4.82 4.77 4.68 4.59 4.49 4.38 4.27 4.15 4.01 3.82 3.59 3.29 3.01 2.87 2.88 3.02 3.14 3.03 3.00 3.37 4.02 4.41 4.82 5.59 5.81 5.84 6.21 6.50 6.34 6.08 6.07 6.06 6.14 6.22 6.10 5.90 5.98 6.67 6.62 5.48 4.89 4.87 4.93 5.03 5.11 5.19 5.33 5.45 5.54 5.57 5.44 5.23 5.18 5.44 5.96 6.41 6.58 6.16 5.25
8.22 7.32 6.16 6.19 6.60 6.52 6.64 7.05 6.77 5.85 5.24 5.16 5.25 5.29 5.29 5.26 5.24 5.22 5.17 5.13 5.06 4.99 4.96 4.94 4.88 4.82 4.77 4.70 4.63 4.54 4.44 4.34 4.22 4.08 3.93 3.74 3.52 3.26 2.99 2.83 2.92 3.15 3.11 2.91 3.09 3.74 4.19 4.53 5.37 5.96 6.11 6.21 6.45 6.62 6.42 6.07 5.79 5.88 6.15 6.25 6.10 6.16 6.83 6.75 5.63 5.05 5.02 5.19 5.36 5.37 5.40 5.53 5.64 5.66 5.62 5.46 5.19 4.99 4.93 5.15 5.75 6.48 6.70 6.16
8.22 7.84 6.68 6.04 6.53 6.67 6.55 6.99 7.13 6.30 5.34 5.00 5.04 5.13 5.21 5.24 5.22 5.20 5.17 5.15 5.09 5.01 4.95 4.92 4.88 4.83 4.78 4.72 4.65 4.57 4.48 4.39 4.28 4.16 4.02 3.87 3.68 3.46 3.19 2.89 2.79 2.96 3.04 2.80 2.70 3.17 3.81 4.16 4.66 5.21 5.59 5.82 5.88 6.15 6.56 6.25 5.74 5.81 6.17 6.45 6.46 6.57 7.08 6.87 5.92 5.45 5.42 5.62 5.98 6.06 5.90 5.78 5.69 5.61 5.59 5.52 5.32 5.22 5.14 4.96 5.24 6.03 6.70 6.86
7.69 7.86 7.28 5.99 5.74 5.97 5.86 6.29 7.08 6.93 5.86 5.03 4.84 4.89 4.99 5.09 5.11 5.11 5.12 5.14 5.13 5.04 4.94 4.89 4.86 4.83 4.79 4.74 4.67 4.60 4.53 4.43 4.33 4.23 4.11 3.98 3.82 3.64 3.41 3.09 2.78 2.68 2.75 2.68 2.52 2.63 3.07 3.55 3.98 4.49 5.03 5.61 5.78 5.97 6.58 6.36 5.80 5.81 6.12 6.43 6.64 6.99 7.49 7.24 6.23 5.64 5.55 5.62 6.01 6.31 6.17 5.88 5.69 5.59 5.59 5.58 5.50 5.50 5.52 5.27 5.21 5.69 6.27 6.64
7.31 7.52 7.57 6.76 5.84 5.52 5.25 5.31 6.24 6.98 6.50 5.53 4.93 4.69 4.72 4.91 4.98 4.97 4.98 5.00 5.06 5.06 4.98 4.90 4.83 4.81 4.78 4.74 4.69 4.63 4.56 4.48 4.39 4.29 4.19 4.06 3.93 3.78 3.59 3.35 3.06 2.82 2.75 2.75 2.65 2.53 2.62 2.90 3.27 3.76 4.34 5.13 5.50 5.84 6.50 6.19 5.75 5.87 6.08 6.29 6.52 6.92 7.61 7.63 6.49 5.43 5.11 5.10 5.30 5.67 5.84 5.95 5.95 5.87 5.81 5.74 5.74 5.79 5.79 5.64 5.43 5.49 5.82 6.13
7.32 7.30 7.42 7.40 6.96 6.36 5.65 5.07 5.39 6.43 6.79 6.39 5.74 4.98 4.54 4.63 4.84 4.90 4.89 4.89 4.93 5.00 5.00 4.94 4.84 4.80 4.78 4.74 4.70 4.64 4.58 4.51 4.43 4.35 4.26 4.15 4.03 3.90 3.74 3.56 3.38 3.18 3.00 2.87 2.74 2.53 2.30 2.25 2.50 2.90 3.49 4.46 5.02 5.49 6.28 5.95 5.62 5.93 6.18 6.27 6.46 6.78 7.36 7.71 6.90 5.64 4.98 4.86 5.02 5.34 5.67 6.00 6.11 6.06 6.04 5.97 6.03 6.14 6.09 6.03 5.91 5.77 5.75 5.79
7.47 7.32 7.19 7.22 7.22 7.06 6.58 5.72 5.24 5.73 6.31 6.58 6.56 5.86 4.80 4.34 4.49 4.70 4.81 4.84 4.85 4.86 4.88 4.89 4.84 4.79 4.77 4.74 4.70 4.65 4.60 4.54 4.47 4.39 4.31 4.22 4.11 4.00 3.87 3.72 3.57 3.40 3.22 3.01 2.81 2.55 2.21 1.90 1.81 2.02 2.57 3.65 4.59 5.25 6.00 5.73 5.31 5.53 5.83 5.97 6.26 6.72 7.27 7.70 7.31 6.15 5.28 5.09 5.35 5.69 5.81 5.96 6.11 6.10 6.09 6.05 6.10 6.25 6.29 6.29 6.28 6.24 6.08 5.89
7.50 7.38 7.18 7.02 6.90 6.86 6.81 6.32 5.59 5.28 5.33 5.68 6.39 6.59 5.74 4.69 4.28 4.36 4.57 4.71 4.79 4.83 4.83 4.82 4.81 4.78 4.76 4.72 4.68 4.65 4.60 4.55 4.50 4.43 4.36 4.28 4.18 4.08 3.97 3.84 3.71 3.57 3.41 3.23 3.01 2.77 2.47 2.10 1.73 1.58 1.85 2.77 4.05 4.90 5.58 5.44 4.99 5.05 5.32 5.52 5.81 6.36 7.08 7.62 7.45 6.51 5.67 5.40 5.56 5.79 5.77 5.80 6.00 6.08 6.07 6.07 6.05 6.04 6.07 6.06 6.07 6.24 6.33 6.23
7.46 7.38 7.21 7.06 6.88 6.67 6.57 6.38 5.91 5.39 5.03 5.00 5.67 6.64 6.75 5.87 4.80 4.28 4.27 4.46 4.65 4.79 4.86 4.83 4.79 4.76 4.74 4.70 4.67 4.64 4.60 4.56 4.51 4.46 4.39 4.32 4.25 4.16 4.06 3.95 3.82 3.70 3.55 3.40 3.23 3.02 2.77 2.46 2.07 1.65 1.49 1.93 3.20 4.29 4.98 5.09 4.90 4.87 4.94 5.10 5.34 5.71 6.43 7.18 7.32 6.74 5.82 5.22 5.28 5.56 5.62 5.63 5.77 5.89 5.90 5.97 6.07 5.97 5.86 5.81 5.77 5.94 6.16 6.18
7.45 7.40 7.23 7.06 6.97 6.83 6.62 6.43 6.14 5.73 5.27 4.91 5.07 5.90 6.76 6.85 5.99 4.95 4.34 4.20 4.36 4.56 4.70 4.76 4.76 4.73 4.69 4.65 4.62 4.61 4.59 4.56 4.52 4.48 4.42 4.36 4.29 4.22 4.13 4.03 3.93 3.81 3.68 3.54 3.38 3.21 3.00 2.74 2.39 1.92 1.49 1.50 2.31 3.43 4.17 4.41 4.58 4.66 4.61 4.64 4.82 5.13 5.71 6.48 6.87 6.70 6.00 5.27 5.17 5.45 5.56 5.59 5.62 5.67 5.67 5.69 5.88 5.96 5.90 5.89 5.84 5.86 5.96 5.93
7.50 7.36 7.12 6.92 6.84 6.90 6.86 6.69 6.38 5.97 5.44 4.85 4.64 4.97 5.81 6.74 6.85 6.08 5.08 4.35 4.15 4.28 4.46 4.58 4.66 4.70 4.66 4.61 4.59 4.59 4.57 4.55 4.52 4.48 4.44 4.39 4.33 4.26 4.19 4.10 4.01 3.90 3.78 3.66 3.52 3.36 3.17 2.95 2.65 2.25 1.78 1.58 1.97 2.70 3.38 3.90 4.34 4.46 4.40 4.40 4.50 4.76 5.23 5.86 6.39 6.49 6.07 5.63 5.42 5.43 5.51 5.59 5.57 5.50 5.53 5.60 5.74 5.87 5.91 5.96 5.99 5.99 6.07 5.97
7.81 7.39 6.91 6.69 6.51 6.57 6.75 6.79 6.59 6.23 5.70 4.98 4.52 4.50 4.90 5.83 6.71 6.81 6.13 5.18 4.49 4.24 4.29 4.44 4.58 4.69 4.70 4.61 4.56 4.56 4.55 4.53 4.51 4.48 4.45 4.41 4.36 4.30 4.24 4.17 4.08 3.99 3.88 3.76 3.62 3.48 3.31 3.12 2.87 2.55 2.12 1.83 1.99 2.40 2.82 3.62 4.38 4.47 4.27 4.29 4.42 4.68 5.06 5.36 5.63 5.65 5.21 5.24 5.39 5.44 5.49 5.56 5.58 5.42 5.41 5.62 5.81 5.93 6.03 6.14 6.27 6.28 6.35 6.35
8.37 7.67 6.85 6.57 6.32 6.15 6.23 6.42 6.40 6.25 5.96 5.28 4.62 4.47 4.53 4.93 5.88 6.72 6.86 6.22 5.33 4.63 4.29 4.23 4.38 4.59 4.69 4.62 4.53 4.50 4.49 4.50 4.49 4.47 4.44 4.41 4.37 4.33 4.27 4.21 4.14 4.05 3.96 3.85 3.73 3.59 3.45 3.28 3.07 2.81 2.43 2.03 1.98 2.21 2.32 2.99 4.27 4.64 4.31 4.12 4.12 4.38 4.78 5.01 5.01 4.66 4.46 4.67 5.03 5.29 5.48 5.59 5.60 5.40 5.30 5.52 5.85 6.08 6.29 6.49 6.61 6.57 6.54 6.56
8.84 8.20 7.31 6.82 6.53 6.27 6.10 6.19 6.14 5.91 5.84 5.49 4.66 4.31 4.43 4.52 4.91 5.78 6.65 6.83 6.22 5.42 4.79 4.33 4.16 4.36 4.60 4.62 4.57 4.52 4.47 4.46 4.47 4.46 4.44 4.41 4.38 4.34 4.30 4.25 4.18 4.11 4.03 3.93 3.82 3.70 3.57 3.42 3.24 3.02 2.72 2.31 2.05 2.04 1.94 2.22 3.54 4.54 4.52 4.11 3.70 3.79 4.54 5.24 5.34 4.95 4.63 4.61 4.75 4.95 5.19 5.45 5.52 5.30 5.15 5.30 5.68 5.98 6.18 6.45 6.62 6.58 6.55 6.62
8.66 8.68 8.30 7.45 6.83 6.50 6.36 6.54 6.65 6.23 5.86 5.70 5.04 4.28 4.24 4.48 4.54 4.80 5.63 6.54 6.77 6.39 5.79 5.05 4.44 4.29 4.45 4.54 4.58 4.55 4.47 4.43 4.43 4.43 4.42 4.40 4.38 4.35 4.31 4.27 4.22 4.16 4.09 4.00 3.91 3.80 3.68 3.55 3.40 3.21 2.98 2.67 2.34 2.11 1.85 1.75 2.43 3.66 4.32 4.16 3.60 3.60 4.54 5.47 5.78 5.54 5.06 4.68 4.58 4.63 4.75 5.05 5.31 5.23 5.15 5.15 5.32 5.60 5.84 6.25 6.68 6.81 6.85 6.93
7.63 8.84 9.82 9.14 8.04 6.99 6.59 6.97 7.28 6.90 6.19 5.74 5.49 4.92 4.27 4.27 4.52 4.54 4.80 5.60 6.35 6.70 6.65 6.10 5.30 4.70 4.41 4.31 4.29 4.34 4.35 4.35 4.37 4.38 4.38 4.38 4.37 4.35 4.32 4.29 4.25 4.20 4.14 4.07 3.99 3.89 3.79 3.67 3.53 3.38 3.20 2.98 2.72 2.43 2.11 1.80 1.87 2.49 3.40 3.77 3.37 3.29 3.83 4.71 5.33 5.45 5.24 4.83 4.51 4.42 4.44 4.68 4.96 4.96 4.95 4.95 4.98 5.22 5.63 6.11 6.63 6.89 6.79 6.53
6.02 7.75 10.11 10.96 10.82 9.56 8.20 8.26 8.46 7.75 6.76 6.04 5.74 5.50 4.96 4.48 4.53 4.59 4.53 4.81 5.31 5.87 6.46 6.66 6.32 5.76 5.14 4.55 4.13 4.01 4.06 4.16 4.25 4.30 4.32 4.34 4.35 4.34 4.32 4.30 4.26 4.23 4.18 4.12 4.05 3.97 3.88 3.77 3.66 3.53 3.38 3.22 3.03 2.81 2.55 2.27 2.08 2.15 2.63 3.05 2.74 2.53 2.89 3.53 4.23 4.77 5.01 4.93 4.68 4.49 4.39 4.47 4.58 4.47 4.41 4.50 4.58 4.71 5.06 5.48 5.76 5.91 6.01 5.65
4.42 4.91 6.94 8.94 10.33 10.68 9.98 9.64 10.06 9.81 8.78 8.14 7.64 6.99 6.47 5.91 5.37 5.00 4.62 4.50 4.73 5.02 5.46 6.02 6.38 6.50 6.25 5.39 4.48 4.01 3.84 3.87 4.02 4.15 4.24 4.29 4.31 4.31 4.31 4.30 4.28 4.25 4.21 4.16 4.11 4.04 3.96 3.87 3.77 3.66 3.54 3.41 3.27 3.11 2.94 2.76 2.60 2.47 2.50 2.62 2.39 2.10 2.22 2.58 2.98 3.49 4.03 4.41 4.53 4.52 4.46 4.45 4.42 4.27 4.19 4.17 4.10 4.11 4.28 4.63 4.86 4.98 5.44 5.63
4.33 4.04 4.14 5.00 6.45 7.87 7.97 7.73 8.71 9.66 9.36 8.98 8.85 8.46 7.87 7.27 6.73 6.15 5.38 4.74 4.60 4.71 4.89 5.11 5.36 6.08 6.85 6.47 5.40 4.62 4.09 3.77 3.75 3.91 4.07 4.19 4.25 4.27 4.29 4.28 4.27 4.26 4.23 4.19 4.14 4.09 4.02 3.95 3.87 3.78 3.67 3.57 3.45 3.33 3.22 3.10 2.99 2.89 2.79 2.70 2.50 2.22 2.05 2.04 2.07 2.24 2.71 3.14 3.48 3.80 4.12 4.40 4.38 4.16 4.08 4.04 3.90 3.76 3.73 3.88 4.25 4.71 5.15 5.79
5.58 5.09 4.50 4.56 5.16 5.67 5.33 4.87 5.76 7.11 6.94 6.60 6.75 6.97 7.06 6.90 6.84 6.84 6.48 5.74 5.09 4.80 4.77 4.82 4.72 5.27 6.69 7.34 6.68 5.69 4.94 4.28 3.81 3.68 3.81 4.01 4.14 4.21 4.25 4.27 4.26 4.26 4.24 4.22 4.18 4.14 4.08 4.02 3.95 3.87 3.79 3.70 3.61 3.51 3.41 3.32 3.23 3.16 3.08 2.97 2.79 2.58 2.38 2.18 1.98 1.86 1.88 2.04 2.27 2.57 3.11 3.76 4.02 3.80 3.75 3.86 3.84 3.63 3.43 3.44 3.81 4.48 5.00 5.94
6.71 6.21 5.51 5.17 5.18 5.30 4.94 4.44 4.90 5.67 5.40 5.14 5.13 5.14 5.33 5.44 5.63 6.06 6.39 6.35 6.02 5.58 5.22 5.04 4.75 4.73 5.68 7.02 7.33 6.69 5.91 5.24 4.52 3.86 3.65 3.80 3.96 4.09 4.19 4.23 4.25 4.25 4.25 4.23 4.21 4.17 4.13 4.08 4.02 3.95 3.88 3.81 3.73 3.65 3.57 3.49 3.41 3.34 3.26 3.17 3.06 2.92 2.79 2.62 2.38 2.16 1.95 1.83 1.74 1.68 1.82 2.40 3.06 3.02 3.11 3.31 3.48 3.38 3.21 3.33 3.70 4.23 4.98 6.12
7.87 7.19 6.12 5.53 5.41 5.36 5.07 4.79 4.81 4.98 5.01 5.00 4.90 4.77 4.74 4.72 4.76 4.97 5.28 5.61 5.91 6.01 5.86 5.53 5.01 4.67 5.03 6.09 6.99 7.09 6.56 6.02 5.50 4.67 3.95 3.78 3.85 3.94 4.06 4.16 4.21 4.24 4.25 4.24 4.22 4.20 4.16 4.12 4.07 4.02 3.96 3.89 3.83 3.76 3.70 3.63 3.56 3.49 3.41 3.33 3.23 3.13 3.02 2.90 2.75 2.58 2.38 2.15 1.89 1.62 1.42 1.57 1.93 2.15 2.41 2.67 2.92 3.00 2.96 3.22 3.73 4.25 5.04 6.04
