windninja/windninja_output/Output_2025-10-23_1600-1650_Google earth_Fire_150m_10min/merlingen_7.5mi_point_10-23-2025_1630_150m_ang.asc
ncols	158
nrows	163
xllcorner	391686.332397
yllcorner	5160024.123721
cellsize	150.000000
NODATA_value	-32768.000000
[rows 84 to 125 of 163, columns 0 to 93 of 158]
252 249 249 250 247 244 241 238 239 239 241 244 246 249 251 252 252 253 255 255 255 253 249 246 242 239 239 238 237 237 237 236 236 238 241 243 244 243 240 237 234 232 231 231 232 232 233 234 236 234 232 230 231 232 234 236 237 237 237 237 237 236 236 236 236 235 235 235 235 234 234 234 233 233 232 231 229 226 221 210 190 187 201 219 240 247 247 245 243 243 242 240 238 235
252 251 251 251 250 247 242 241 243 244 245 245 245 247 248 249 250 253 255 257 258 257 255 251 247 243 241 240 239 239 237 235 234 234 236 238 240 242 243 241 238 236 235 236 238 240 241 244 245 243 240 237 235 234 234 236 237 238 238 237 237 237 236 236 236 235 235 235 235 234 234 234 233 233 233 232 230 227 222 211 190 183 197 227 246 247 245 243 242 242 242 241 239 237
255 254 253 254 252 248 243 241 244 246 245 243 244 244 245 246 247 251 254 257 260 261 261 261 253 241 238 239 240 239 237 237 234 231 232 232 233 235 238 241 241 239 236 236 238 240 242 245 247 247 245 242 240 237 237 238 239 239 239 238 238 237 236 236 236 235 235 235 235 235 234 234 234 233 233 232 231 228 224 216 195 180 194 232 247 247 246 244 242 241 241 241 240 237
258 257 256 255 250 244 239 238 240 243 242 241 243 242 243 244 244 247 250 254 256 257 259 261 249 229 229 234 236 237 237 238 237 236 235 232 230 230 232 234 236 237 237 236 237 239 242 244 245 246 246 245 243 241 241 241 242 242 241 240 239 237 237 236 236 235 235 235 235 235 235 234 234 234 234 233 232 231 229 224 210 185 198 238 247 246 246 246 245 245 244 244 242 237
259 258 254 249 242 235 233 234 237 240 241 241 241 238 237 237 237 241 245 248 249 246 247 244 224 210 222 230 233 235 235 237 239 240 241 241 237 233 233 233 233 233 234 235 235 237 239 241 242 242 242 243 242 241 241 242 244 245 245 243 241 238 237 236 236 235 235 235 235 235 235 235 235 234 234 234 234 233 233 232 228 220 254 268 261 251 247 246 246 248 249 247 245 242
258 255 249 244 238 234 232 233 233 235 239 239 235 233 233 232 233 237 242 244 243 239 238 228 207 203 218 228 232 234 235 236 237 238 241 244 245 242 240 239 238 236 234 234 236 237 238 239 241 240 239 238 237 237 236 237 239 244 248 249 243 238 236 236 235 235 235 236 235 235 235 235 235 235 235 235 235 236 236 236 238 246 280 289 279 270 260 255 252 254 254 250 246 246
255 251 244 241 241 238 234 231 227 229 235 234 228 228 229 228 229 233 239 244 243 236 228 216 202 202 217 227 231 234 236 237 237 237 239 241 243 243 242 241 240 239 238 237 238 239 239 240 240 240 240 238 236 234 232 233 236 239 245 247 240 236 235 235 235 236 236 236 236 236 236 236 236 236 236 236 237 237 238 239 243 252 271 285 284 280 274 267 263 263 258 249 249 250
250 244 235 232 232 231 226 222 219 225 231 228 220 220 219 219 222 226 234 243 242 227 217 211 203 205 218 227 231 234 237 238 239 239 240 240 240 240 240 239 238 238 239 240 240 241 241 242 242 242 242 242 240 236 230 229 232 234 236 235 230 231 233 235 235 236 236 236 236 236 236 236 236 237 237 237 238 238 240 242 246 252 264 275 279 280 277 272 269 266 259 252 256 258
243 236 225 221 220 216 209 203 205 215 223 222 215 215 216 218 218 219 226 232 229 212 213 211 207 210 221 229 233 236 238 240 241 242 241 241 239 239 240 240 238 236 238 240 242 243 244 245 246 247 248 248 245 240 231 228 232 234 234 232 228 227 232 234 235 236 236 237 237 237 237 237 237 237 238 238 239 240 241 243 247 252 261 272 278 279 277 275 272 265 258 260 265 266
238 231 221 217 216 212 205 198 197 208 215 211 204 202 203 208 208 209 221 228 223 206 208 211 210 216 225 231 235 238 240 243 246 245 243 242 241 241 241 240 237 235 237 239 241 243 245 246 247 248 250 253 249 242 237 239 243 243 241 237 232 229 231 235 236 237 237 237 237 237 237 238 238 238 238 239 239 240 242 244 247 251 258 267 276 278 278 277 271 264 260 263 266 266
230 225 219 218 219 217 211 202 196 205 213 210 203 200 200 206 210 214 226 230 220 209 208 213 215 222 228 232 235 238 242 246 249 248 245 243 243 243 242 240 236 233 234 235 235 237 240 243 244 244 246 248 243 238 240 246 253 251 247 242 238 234 233 236 237 237 238 238 238 238 238 238 238 239 239 240 240 241 243 244 247 250 254 260 267 272 274 273 268 263 261 261 261 262
217 218 219 221 225 222 217 208 200 209 219 219 216 216 216 226 228 237 238 231 221 220 219 224 226 229 232 234 235 236 240 244 247 246 245 245 245 245 244 242 237 232 232 232 230 230 232 234 237 239 240 239 232 233 239 244 249 250 247 244 241 237 236 238 238 239 239 239 239 239 239 239 239 239 240 240 241 242 243 245 246 249 252 255 259 263 265 265 263 261 259 259 258 258
196 212 220 222 225 223 220 215 215 231 245 241 237 237 243 250 250 253 247 226 225 231 235 240 241 238 237 236 236 236 240 243 244 245 245 247 248 248 246 244 242 237 235 234 231 228 227 229 232 235 237 235 232 231 237 243 247 249 248 246 243 240 239 240 240 240 240 240 240 240 240 240 240 240 241 241 242 243 244 245 246 248 250 252 255 257 258 259 258 257 256 256 255 255
171 201 220 224 228 228 226 224 227 239 250 251 252 248 253 256 259 258 245 228 228 237 245 253 251 242 237 237 239 243 248 249 248 247 248 251 253 253 251 248 245 241 239 239 238 234 233 235 238 240 239 237 235 233 237 241 245 248 248 248 247 244 243 243 242 241 241 241 241 241 241 241 241 241 242 242 243 243 244 245 246 247 249 250 252 253 254 255 254 254 254 253 253 252
150 191 229 237 241 239 235 233 235 239 247 258 267 268 267 267 265 258 244 234 231 237 246 251 242 229 233 239 244 250 254 255 253 251 251 253 256 259 257 253 249 245 242 243 244 244 246 246 246 244 241 239 237 236 237 240 242 244 245 246 247 247 248 248 246 245 244 243 242 242 241 241 242 242 243 243 243 244 245 245 246 247 248 249 250 251 252 252 252 252 252 251 251 251
137 197 248 252 256 256 254 251 249 248 252 257 263 270 271 268 263 254 245 237 233 238 243 242 228 223 233 242 248 252 255 257 258 257 255 255 257 259 261 261 256 251 246 243 243 244 246 246 244 241 239 238 236 235 236 238 239 241 242 242 242 243 247 250 251 250 248 245 244 243 243 243 243 243 244 244 244 245 245 246 246 247 248 248 249 249 250 250 250 250 250 250 249 249
166 213 249 256 259 259 261 261 258 255 256 256 258 265 268 264 260 257 247 238 240 247 247 238 229 231 239 245 250 254 257 260 263 265 264 262 260 259 261 264 263 257 251 245 243 243 243 243 241 239 238 236 235 234 234 235 236 238 240 239 238 238 241 245 248 250 250 248 245 244 244 244 245 245 245 245 246 246 246 247 247 247 248 248 248 249 249 249 249 249 249 248 248 248
202 225 248 254 256 258 260 260 259 258 256 254 253 252 253 253 251 249 242 242 252 255 247 238 236 240 245 249 253 256 259 264 268 272 274 274 270 266 265 266 267 263 258 251 246 244 244 242 240 238 236 235 234 234 235 234 233 235 236 236 237 237 238 240 243 245 247 248 247 247 247 247 247 247 247 247 247 247 248 248 248 248 248 248 248 248 248 248 248 248 248 247 247 247
222 233 247 252 254 256 258 258 257 257 255 253 249 242 238 239 241 239 235 243 251 248 241 240 242 245 249 253 256 258 262 265 269 273 278 282 282 278 274 272 272 271 266 259 251 244 241 239 237 236 235 234 233 233 234 234 232 233 233 233 233 234 236 238 241 242 243 244 245 248 251 252 251 250 249 249 249 250 249 249 249 249 249 249 248 248 248 248 248 247 247 247 246 246
231 236 245 249 251 253 255 256 256 256 255 254 250 246 244 243 243 241 240 247 246 238 239 243 244 245 250 255 258 261 264 265 267 272 276 283 289 289 284 280 280 281 277 270 260 249 242 238 235 234 234 235 234 232 232 231 231 232 232 232 231 230 232 235 238 239 239 239 240 243 249 254 256 255 254 253 253 253 252 252 251 251 250 250 249 249 248 248 247 247 247 246 246 246
235 238 243 247 250 253 255 255 256 257 258 259 259 262 265 264 258 253 253 253 245 238 240 243 242 243 247 252 256 261 265 266 268 270 274 280 288 293 292 289 287 290 289 284 276 262 249 241 235 234 234 234 234 233 232 231 230 230 231 232 232 231 231 234 236 236 236 234 234 237 243 248 255 260 261 261 260 259 257 256 255 253 252 251 250 249 249 248 248 247 247 246 246 246
239 239 242 245 249 253 255 255 256 258 261 264 268 272 274 273 269 263 259 253 246 242 242 240 239 240 244 248 252 258 263 267 269 269 270 275 284 292 295 295 293 295 296 296 292 276 254 242 234 232 232 231 231 232 233 232 231 230 231 232 232 231 232 235 236 236 234 231 230 234 238 240 244 251 257 261 265 265 264 263 261 258 255 253 251 250 249 249 248 248 247 247 246 246
240 240 240 242 246 249 251 252 253 255 257 260 263 266 269 270 267 262 256 249 245 247 244 238 236 238 241 243 248 255 260 265 267 264 265 273 282 290 296 298 298 298 298 301 304 295 263 242 234 231 231 229 228 228 229 230 231 231 231 232 231 231 232 234 234 235 234 231 228 231 235 237 238 240 244 251 257 260 262 265 268 266 260 256 253 252 250 249 249 248 248 247 247 246
239 238 238 240 243 245 247 247 245 245 246 247 248 251 256 261 261 258 253 247 244 247 246 237 233 235 237 237 243 252 258 262 260 255 261 273 282 287 290 295 301 301 299 301 308 311 283 241 232 231 232 231 229 228 228 228 228 229 231 231 231 232 232 232 232 232 233 231 228 229 232 236 238 239 241 245 249 251 253 257 263 268 267 261 256 253 252 251 250 249 249 248 247 247
238 236 235 238 239 239 237 236 235 238 241 243 243 245 249 253 254 252 247 244 245 248 247 238 231 232 234 232 237 249 255 257 253 248 261 274 279 278 280 288 299 303 301 303 308 317 333 225 222 225 229 231 230 229 228 227 227 228 229 228 229 231 232 232 232 232 231 231 228 227 230 234 238 240 240 242 244 247 250 252 255 261 268 267 261 256 254 252 251 251 250 249 249 248
237 235 235 235 235 234 233 234 236 239 243 244 242 242 246 249 249 241 236 239 246 251 249 241 231 229 231 230 237 248 251 249 246 245 260 271 272 270 275 279 285 293 300 311 319 325 15 100 194 215 222 225 226 227 228 227 227 227 227 226 226 229 230 230 232 234 233 231 229 226 228 233 237 238 239 241 242 245 248 251 253 256 262 268 266 261 257 255 253 252 252 251 251 250
236 235 235 237 238 239 241 242 242 242 243 244 241 241 245 249 247 231 226 233 244 253 252 243 234 229 229 228 235 245 248 246 242 244 257 267 266 267 271 267 258 267 287 311 334 343 40 90 134 194 212 219 222 224 226 226 226 228 228 226 225 228 229 228 230 233 234 233 230 226 226 231 236 237 238 241 242 243 245 249 252 255 257 262 267 266 262 259 256 255 255 254 254 253
234 236 238 241 243 244 244 244 244 242 242 244 244 242 245 249 243 220 218 229 239 250 254 243 235 232 229 225 229 237 243 245 241 242 253 261 263 265 263 250 243 248 258 278 321 0 54 85 105 153 195 210 218 222 224 223 224 227 229 227 226 228 229 227 227 229 231 232 230 228 226 231 235 236 238 240 241 242 244 247 251 254 255 256 260 263 264 262 261 260 259 259 259 257
238 240 242 243 243 242 241 241 241 239 237 241 244 242 244 248 241 212 210 221 230 241 249 241 232 237 238 234 230 231 236 241 241 244 254 259 259 259 251 242 239 242 247 253 267 9 72 85 93 115 163 194 209 220 223 222 222 225 228 227 225 226 227 227 226 226 228 229 229 229 229 233 236 237 237 239 240 239 240 243 248 252 254 254 254 255 258 261 262 263 264 265 263 260
241 241 242 243 243 243 241 239 237 234 232 237 241 239 241 246 240 205 198 210 221 232 240 239 232 241 244 245 240 232 232 236 241 251 261 263 259 252 244 237 233 234 242 250 246 179 122 110 103 106 128 168 197 213 221 221 220 222 226 226 224 223 225 227 226 225 226 226 225 225 226 231 234 234 235 238 239 239 238 239 243 249 251 252 252 250 250 253 255 258 264 266 263 258
238 239 240 241 241 241 240 239 235 232 232 237 237 233 237 245 240 198 183 201 213 225 232 235 234 237 238 240 242 238 231 233 241 252 262 265 258 249 239 228 221 224 233 239 230 188 156 145 131 117 117 138 175 203 216 219 219 220 224 225 224 221 223 226 225 223 224 224 224 223 223 227 232 233 234 236 238 239 238 238 241 244 244 245 246 242 243 246 246 253 259 260 257 254
235 235 236 237 237 236 235 236 235 235 237 239 233 227 233 244 242 200 173 194 210 218 222 226 231 232 230 229 234 235 226 228 237 248 257 258 252 243 234 221 213 217 225 228 222 198 172 160 151 136 126 128 150 187 211 218 219 219 222 225 223 220 222 225 225 222 222 224 224 224 223 226 231 235 235 236 237 239 239 238 241 243 241 238 238 233 234 239 244 252 255 252 248 246
231 233 235 235 235 234 233 231 233 237 242 241 229 221 231 244 245 208 172 186 206 211 213 219 224 228 227 225 234 232 217 220 230 241 251 252 243 229 222 215 210 215 220 223 221 206 184 166 159 152 140 133 140 168 202 216 219 219 221 224 223 220 222 225 225 221 221 223 224 223 223 223 227 232 236 238 238 238 238 239 243 245 242 236 234 230 230 235 243 250 250 246 241 239
229 232 235 236 236 235 231 227 230 235 241 240 224 218 231 243 246 216 170 172 194 204 207 212 217 220 220 222 230 230 219 219 224 233 238 235 224 213 210 210 207 211 215 218 219 209 188 171 165 162 155 144 142 156 188 211 218 218 220 223 222 220 221 224 224 221 220 222 223 222 222 221 222 226 231 235 237 237 237 238 243 246 243 235 231 230 229 234 241 245 244 240 235 236
231 232 235 236 237 234 230 228 231 234 238 238 223 217 230 240 245 232 170 155 175 198 207 212 214 215 212 213 219 222 222 219 220 229 230 224 214 203 202 204 205 208 211 215 216 208 192 179 172 169 166 154 147 151 175 204 216 218 219 222 222 220 220 222 221 218 218 220 221 222 221 220 220 222 226 230 232 234 236 236 240 243 241 234 232 231 231 234 239 239 237 234 231 235
231 231 233 237 238 234 231 233 237 237 238 238 226 220 229 237 244 243 202 138 136 195 215 221 222 219 213 213 216 218 218 215 219 230 232 228 220 207 204 205 205 206 208 209 208 205 197 186 178 175 172 161 152 151 166 196 213 218 219 221 222 220 220 222 220 219 218 218 221 223 223 221 219 220 223 226 228 230 234 238 240 242 240 234 233 234 233 234 236 235 233 230 227 233
229 229 231 236 239 237 237 240 243 241 238 241 233 219 225 235 243 246 235 175 88 57 242 240 238 235 231 229 227 226 224 223 229 237 238 235 227 218 214 212 211 209 208 208 208 206 200 192 185 181 177 168 158 154 163 189 211 218 219 220 222 220 222 226 228 230 230 225 224 225 224 222 221 220 222 223 225 228 232 237 240 242 240 235 235 235 233 233 234 233 232 228 224 230
226 226 226 228 229 230 234 240 246 243 238 245 241 218 219 229 240 245 243 232 358 10 331 286 267 255 246 242 246 248 245 242 242 242 241 238 234 231 224 220 219 216 217 217 216 213 208 202 193 188 182 174 164 158 163 183 208 217 218 221 224 223 227 232 237 244 250 247 237 230 227 224 224 223 221 221 222 224 228 233 236 239 239 235 235 234 231 231 232 233 230 225 222 227
219 221 221 219 219 219 222 229 238 240 238 248 248 221 216 226 237 243 244 242 256 324 336 323 299 283 270 264 263 261 255 251 248 244 245 242 238 236 228 222 223 225 226 225 224 223 219 211 201 194 189 180 168 162 164 179 203 215 218 223 227 228 233 235 234 238 244 251 253 244 234 229 227 226 222 220 220 221 224 227 230 235 235 232 231 230 227 226 228 230 227 220 220 229
217 221 222 218 216 218 220 224 230 233 236 251 255 231 222 233 238 240 241 246 254 273 306 320 314 306 297 286 279 270 258 254 252 248 248 245 238 236 231 221 220 224 228 227 225 224 221 211 201 196 192 185 174 166 167 178 203 220 226 228 229 231 232 231 230 233 235 238 245 252 247 240 235 230 226 222 219 220 221 222 224 228 230 228 228 227 224 222 227 229 225 218 220 232
219 222 224 219 218 221 222 223 228 228 232 247 255 240 236 244 242 237 236 242 253 262 274 289 298 303 305 297 288 275 255 254 253 250 250 246 240 239 235 224 218 220 226 229 227 223 219 210 198 194 193 189 179 170 171 182 203 223 232 232 228 227 227 226 227 231 233 233 236 243 253 256 252 244 236 230 224 221 221 220 220 224 227 226 226 226 221 221 227 230 225 217 219 231
214 219 220 216 215 219 221 222 226 224 228 240 248 245 248 256 248 236 231 233 241 254 262 265 269 275 283 287 284 265 244 251 253 251 250 248 243 240 238 229 221 218 222 230 231 226 220 209 197 195 195 193 184 176 174 183 199 214 223 222 219 222 222 222 225 230 232 233 233 235 242 255 263 264 258 247 238 232 229 225 223 227 228 226 225 224 219 219 225 228 223 215 220 232
