windninja/windninja_output/Output_2025-10-23_1600-1650_Google earth_Fire_150m_10min/merlingen_7.5mi_point_10-23-2025_1650_150m_ang.asc
ncols	158
nrows	163
xllcorner	391686.332397
yllcorner	5160024.123721
cellsize	150.000000
NODATA_value	-32768.000000
[rows 42 to 83 of 163, columns 0 to 93 of 158]
189 184 181 175 165 154 145 134 123 115 108 101 95 90 84 79 74 69 65 60 53 45 36 25 14 4 358 353 350 345 341 340 343 348 354 359 353 339 332 327 321 315 315 314 314 315 311 307 306 303 296 295 301 303 296 287 283 280 274 268 267 270 273 271 273 280 284 284 286 285 277 275 281 290 294 293 301 324 302 277 271 270 272 276 281 281 275 271 275 280 281 275 268 269
202 199 195 188 177 166 158 148 136 127 120 112 105 98 92 85 80 74 69 63 54 45 35 21 9 1 354 349 347 343 339 339 343 348 352 355 345 334 330 326 318 312 310 309 309 309 305 299 299 299 295 293 295 298 291 283 276 271 269 269 273 280 282 280 279 284 290 291 288 284 280 280 284 291 293 293 297 313 293 278 274 276 281 284 283 274 260 260 268 275 278 276 273 274
214 212 207 198 189 179 171 162 151 140 132 123 114 106 99 93 86 80 74 65 56 45 30 15 3 355 349 345 343 341 338 338 340 345 349 347 337 328 326 324 318 312 307 305 305 303 299 299 300 301 298 293 291 291 284 276 271 268 271 275 280 285 288 290 290 290 291 292 290 288 287 284 283 286 287 284 280 262 270 276 280 285 287 284 275 259 254 259 265 271 275 278 279 277
225 222 215 207 200 192 183 175 166 155 145 136 127 118 110 103 95 87 78 68 57 41 21 6 355 348 343 341 339 338 337 336 337 341 344 340 334 328 326 325 321 313 305 302 306 305 301 303 303 302 297 288 282 279 273 269 267 272 280 285 287 290 294 298 297 294 291 288 289 289 286 282 278 277 273 266 246 225 264 280 288 290 285 275 261 254 256 261 263 267 272 279 281 277
232 229 222 216 211 203 195 187 179 170 159 150 142 132 122 114 105 95 85 71 53 30 9 355 346 341 337 336 334 333 333 332 333 337 338 336 333 330 327 325 320 312 305 302 307 305 305 304 302 298 291 283 272 265 266 266 270 280 289 294 295 296 298 300 297 293 290 285 285 287 284 280 275 269 262 252 232 236 273 282 286 283 275 266 258 258 262 264 263 264 271 279 281 276
237 234 229 225 221 213 206 198 191 183 174 166 158 148 138 128 119 107 92 72 40 12 353 341 335 333 331 330 329 329 329 328 329 332 334 332 330 329 327 324 319 313 307 307 310 307 305 302 297 294 286 275 264 264 269 273 281 288 295 300 302 298 296 296 293 289 286 283 282 284 282 278 272 265 255 244 233 250 273 277 277 274 269 266 264 265 267 267 265 267 272 276 277 272
242 239 236 233 228 221 214 208 202 196 188 181 174 166 156 147 138 128 107 63 4 344 333 328 326 325 324 324 324 324 324 324 325 326 329 329 327 326 325 323 318 313 310 313 313 307 303 299 295 291 280 264 264 270 275 282 289 295 299 303 304 297 291 289 288 286 284 283 282 281 279 275 270 261 251 241 240 256 269 272 271 271 271 270 269 270 270 269 271 273 272 270 270 268
246 244 241 239 234 228 222 217 212 207 201 196 191 185 177 171 168 167 169 299 314 317 317 317 317 318 319 319 319 319 320 320 321 323 325 326 326 324 324 322 318 314 314 316 313 304 299 296 293 285 268 265 274 280 286 292 295 299 300 302 300 292 285 284 285 286 285 284 281 279 276 272 266 257 248 245 250 260 267 270 271 272 273 273 273 273 273 274 276 274 268 264 262 262
250 248 246 243 238 233 229 225 221 216 213 209 205 201 198 197 200 214 244 279 295 303 307 309 310 311 313 314 314 315 316 316 317 318 320 323 323 322 322 321 318 316 317 318 312 302 296 293 285 271 265 276 285 292 296 298 299 298 297 295 291 285 280 281 285 287 285 283 280 277 274 269 262 255 252 254 258 262 265 268 270 272 273 274 275 276 278 278 275 270 264 259 256 256
255 253 250 245 241 236 234 232 228 225 223 220 218 216 216 219 227 241 258 275 288 295 299 302 304 306 308 309 310 310 311 312 313 314 316 318 319 319 319 319 318 315 316 318 311 302 296 289 276 273 287 292 294 298 299 299 297 294 290 287 283 280 279 282 285 286 285 282 279 275 272 267 261 258 259 262 264 264 266 268 268 268 270 273 277 279 279 276 271 267 261 256 252 251
258 257 253 249 246 242 239 238 235 233 231 229 228 228 230 234 242 253 266 277 285 290 294 297 299 301 303 304 306 307 308 309 310 311 312 313 315 316 317 318 317 313 314 317 312 303 297 295 291 299 306 304 300 300 300 297 294 289 283 279 279 280 281 282 284 287 286 282 277 274 271 267 264 262 264 266 267 268 270 269 265 264 267 273 277 279 278 274 270 265 259 254 250 251
259 258 255 252 250 247 244 243 241 240 239 238 238 238 241 246 253 261 270 277 283 287 290 293 296 298 299 301 302 303 304 306 307 307 309 310 311 313 315 317 316 312 312 316 313 306 304 313 311 309 309 305 301 299 296 293 291 286 279 277 279 283 282 282 285 288 287 282 276 274 273 270 266 264 265 267 268 270 273 272 267 265 267 270 273 277 278 276 269 262 258 256 253 255
260 259 258 256 253 250 248 247 246 246 246 246 245 247 250 255 261 267 273 277 281 285 288 290 292 295 296 298 299 301 302 302 304 305 305 307 308 309 311 314 315 311 310 312 313 310 311 320 316 310 308 303 300 296 292 290 290 285 281 280 283 285 284 283 285 289 290 286 279 277 275 268 263 264 267 267 268 271 274 276 274 271 269 268 268 271 275 275 269 262 260 261 262 265
262 261 260 260 259 256 254 252 250 250 251 252 253 255 258 262 266 270 274 278 281 284 287 289 291 292 294 295 296 298 299 300 301 302 303 304 305 306 308 310 311 308 306 308 312 314 317 320 316 313 310 303 300 296 290 288 289 287 285 286 288 288 285 283 285 290 292 290 282 276 267 259 263 268 270 269 270 274 277 279 280 277 272 269 266 265 265 266 265 264 265 267 273 279
265 264 262 261 261 261 259 258 255 254 255 256 258 262 264 266 270 273 276 279 281 283 285 287 289 291 292 293 295 296 297 298 299 300 301 302 303 304 305 306 307 306 306 307 311 315 319 319 317 316 314 302 299 295 288 287 289 289 290 292 292 290 285 281 281 286 289 288 280 268 256 261 270 273 273 273 275 278 280 281 281 278 273 270 267 263 258 255 257 262 269 277 289 296
266 266 264 262 261 262 262 262 260 259 259 259 262 266 269 270 272 275 277 279 281 283 284 286 288 289 291 292 293 294 295 296 297 298 299 300 301 301 302 304 304 305 306 307 310 313 316 317 317 319 316 302 297 294 287 287 293 295 295 296 294 289 284 278 276 280 285 283 272 261 264 272 275 275 276 278 280 282 282 281 279 276 272 269 265 261 257 253 255 263 277 293 304 304
268 268 266 264 263 262 263 264 266 266 264 263 264 267 271 274 275 276 278 279 281 282 284 285 287 289 289 291 292 292 293 294 295 296 297 298 299 300 301 302 302 304 305 306 307 309 311 314 316 319 319 306 298 294 288 288 296 297 296 296 293 288 282 277 273 275 281 280 269 269 276 278 277 278 281 283 284 284 283 279 275 271 268 265 262 259 258 259 265 278 291 299 304 302
268 268 267 267 266 265 265 266 269 270 269 267 266 267 271 275 277 278 279 280 282 283 284 285 286 287 288 289 291 292 292 293 294 295 295 296 297 298 299 300 301 302 303 304 305 306 308 311 315 321 323 312 301 294 289 288 295 297 296 294 292 287 281 276 271 272 278 278 272 276 280 280 280 283 285 285 286 284 280 274 270 266 264 261 258 258 260 269 283 294 297 296 296 294
270 270 269 268 268 268 268 268 270 272 273 273 271 270 271 273 277 280 281 282 282 283 285 285 286 287 288 289 289 290 291 292 293 294 294 295 296 297 297 298 299 300 301 302 303 305 306 309 313 319 323 315 302 294 289 290 294 296 295 293 290 287 281 275 271 271 274 275 275 279 281 283 285 286 287 287 285 281 274 269 266 264 261 258 257 260 268 281 293 297 296 292 289 281
271 271 270 270 270 269 270 270 272 274 275 277 277 275 272 272 275 279 282 283 283 284 284 284 285 286 287 288 289 290 291 291 292 293 293 294 295 295 296 297 298 299 300 301 302 303 305 307 311 315 320 316 304 295 291 291 293 293 292 291 289 286 282 277 273 271 269 269 280 283 285 287 288 288 289 288 282 275 270 267 265 263 260 258 260 267 279 291 296 296 294 289 280 264
272 272 271 271 271 270 271 273 274 275 276 279 280 279 276 274 273 276 280 283 284 285 284 284 285 286 287 288 289 289 290 291 291 292 292 293 294 294 295 296 297 298 298 299 301 302 303 305 307 311 316 317 307 299 295 293 292 291 291 290 289 287 285 281 276 271 266 272 285 288 288 289 289 290 290 286 279 273 270 267 264 261 259 261 267 277 288 296 296 293 290 280 263 250
274 273 273 273 273 273 273 274 274 275 276 279 282 282 281 278 275 275 278 281 284 285 285 285 285 286 286 288 289 289 290 290 291 291 292 292 293 294 294 295 296 296 297 298 299 300 301 303 305 307 312 315 309 304 303 298 292 291 291 292 292 291 286 279 273 269 267 282 289 291 291 290 290 291 291 285 279 276 272 267 263 261 261 268 277 286 294 298 295 288 276 264 252 241
274 274 274 274 275 276 275 274 274 275 277 280 284 284 284 282 279 277 277 279 282 284 285 286 286 286 286 287 288 289 289 290 290 291 291 292 292 293 293 294 295 295 296 297 298 299 300 301 302 304 308 311 308 305 308 304 293 290 292 294 295 291 279 269 270 273 283 293 294 294 293 291 290 292 292 288 284 280 274 267 263 263 269 277 286 292 294 294 289 277 263 253 242 233
274 274 274 275 276 276 276 275 275 276 277 279 284 286 285 285 284 280 277 277 279 281 283 286 287 287 286 287 288 289 289 290 290 290 291 291 292 292 293 293 294 295 295 296 297 297 298 299 300 302 304 306 306 304 308 308 298 292 292 293 292 284 273 274 280 287 296 299 298 296 294 292 290 291 293 292 288 283 275 266 266 272 281 288 292 292 291 287 278 263 251 241 231 226
273 273 273 275 276 277 277 276 276 277 279 281 283 286 287 286 285 284 281 279 280 281 282 284 287 287 287 287 288 288 289 290 290 290 291 291 292 292 292 293 293 294 294 295 296 296 297 298 299 300 301 302 303 303 305 307 301 293 289 287 287 290 288 288 289 292 296 299 299 297 296 292 290 291 294 295 291 285 277 272 277 287 294 298 294 289 285 278 262 249 238 228 223 218
275 273 272 273 275 279 281 278 276 278 281 282 283 285 288 287 285 286 286 284 282 281 280 282 285 286 286 286 287 288 288 289 290 290 291 291 291 292 292 292 293 293 294 294 295 295 296 297 297 298 299 299 300 301 302 303 300 294 287 283 290 301 298 294 291 291 293 296 297 297 297 293 290 291 294 294 293 290 285 287 291 295 297 296 290 281 274 261 249 239 227 219 216 213
281 278 276 276 277 281 284 280 277 279 282 284 284 285 287 288 286 287 288 287 283 282 281 282 283 283 282 283 286 288 289 289 290 290 291 291 291 291 292 292 292 293 293 293 294 294 295 295 296 296 297 298 298 298 299 299 297 295 290 286 292 302 300 296 293 291 291 293 296 297 296 293 290 292 294 295 296 296 296 295 295 294 288 284 282 275 262 249 240 228 219 212 211 214
284 284 282 281 280 280 282 283 281 282 286 288 288 287 288 288 287 287 288 287 286 286 284 283 281 278 276 280 285 287 289 290 290 291 291 291 291 292 292 292 292 292 293 293 293 294 294 294 295 295 296 296 296 297 297 296 295 295 293 291 293 299 299 297 294 292 292 294 296 296 295 292 291 294 297 296 297 301 302 297 292 287 277 274 280 273 258 244 232 220 212 208 211 217
282 283 284 283 281 278 278 284 285 284 286 288 287 287 287 288 287 286 286 287 287 286 285 284 282 277 275 278 283 286 288 290 291 291 291 291 291 291 292 292 292 292 292 292 293 293 293 293 294 294 294 295 295 295 295 295 294 294 293 293 294 296 296 294 293 293 294 294 294 295 295 292 292 295 297 295 297 302 304 296 287 278 273 277 279 271 252 236 223 213 208 209 214 219
280 281 283 283 281 278 279 285 286 282 279 280 281 281 282 283 284 283 284 286 286 286 285 285 287 286 280 279 281 284 287 289 291 292 292 292 292 292 292 292 292 292 292 292 292 292 292 293 293 293 293 294 294 294 294 294 294 293 293 293 294 294 294 294 294 294 294 293 293 295 298 294 292 294 296 293 295 300 301 292 282 275 278 282 277 263 241 226 215 210 210 214 220 225
280 281 283 283 282 281 282 285 285 280 275 276 279 279 280 281 282 283 283 284 285 286 287 287 291 293 286 280 279 282 285 286 289 292 293 292 292 292 292 292 292 292 292 292 292 292 292 292 292 293 293 293 293 293 293 293 293 293 293 293 293 293 293 294 294 294 294 294 294 297 299 295 289 289 292 292 292 295 297 288 282 283 286 284 274 249 227 217 214 214 215 221 228 234
280 281 283 283 283 283 284 285 284 280 278 279 281 282 283 283 284 285 284 285 285 287 287 289 292 295 290 283 279 280 282 284 285 289 293 293 293 292 292 292 292 292 291 291 291 291 291 292 292 292 292 292 292 292 293 293 293 293 293 293 293 293 293 293 293 294 294 295 296 298 298 295 289 289 293 294 294 294 295 291 288 291 290 282 264 236 218 213 218 220 222 230 238 256
280 281 283 284 284 283 284 284 283 282 282 282 283 284 285 286 286 286 286 287 287 286 286 287 290 294 292 286 281 279 280 283 284 287 291 293 293 293 293 293 292 292 291 291 291 291 291 291 291 291 292 292 292 292 292 292 292 292 292 292 292 293 293 293 293 293 294 295 296 297 297 296 296 299 302 301 300 299 299 298 297 295 288 274 248 223 213 216 223 226 234 241 259 290
279 280 282 284 284 284 284 284 284 284 285 284 284 285 286 288 288 287 288 288 288 287 286 286 289 292 291 288 284 281 281 282 283 284 287 290 292 292 293 293 292 292 291 291 291 291 291 291 291 291 291 291 291 292 292 292 292 292 292 292 292 292 292 292 293 293 294 295 295 295 296 298 300 305 308 306 305 306 307 305 300 292 280 258 229 211 213 220 227 234 248 263 288 292
278 278 279 282 284 285 285 286 285 286 286 287 287 287 288 289 289 288 288 288 288 288 288 287 288 290 290 289 288 284 281 281 280 280 282 286 290 292 293 293 293 292 291 291 290 290 290 290 291 291 291 291 291 291 292 292 292 292 292 292 292 292 292 292 293 293 294 294 294 295 296 298 300 305 309 308 309 312 313 304 295 284 266 239 215 212 220 225 232 248 268 296 301 292
278 276 274 277 282 285 286 287 287 289 290 290 290 289 289 290 290 290 290 289 289 289 289 289 288 288 288 289 290 287 281 278 278 279 281 286 289 291 292 293 294 293 291 290 290 290 290 290 290 290 291 291 291 291 291 292 292 292 292 292 292 292 292 292 292 293 293 294 294 295 296 298 300 302 306 309 312 317 314 300 288 273 249 228 220 228 237 241 253 276 298 307 302 292
279 273 264 269 280 286 288 289 292 295 295 294 292 291 291 291 291 291 291 291 290 290 290 290 290 288 287 289 290 290 285 281 281 282 283 285 288 289 290 292 294 293 291 290 290 289 289 289 290 290 291 291 291 291 291 291 291 292 292 292 292 292 292 292 292 292 293 293 294 295 296 297 299 301 304 307 313 318 314 297 282 260 236 232 234 243 252 267 289 297 301 302 298 289
279 268 255 262 276 288 295 297 298 301 302 298 295 293 292 293 292 292 292 291 290 290 290 290 292 290 288 288 291 292 291 286 284 283 283 284 286 287 287 290 293 292 290 289 288 288 288 288 289 290 290 291 291 292 292 292 292 291 291 291 291 292 292 292 292 292 293 293 294 295 296 297 298 299 302 305 311 317 314 299 280 256 243 247 248 252 270 290 297 297 295 293 291 287
279 271 266 269 280 297 309 310 307 309 307 302 297 295 293 293 293 292 292 292 291 290 290 291 295 294 290 289 290 293 294 291 288 285 283 284 285 285 285 287 291 291 289 287 287 286 286 286 287 289 291 292 292 292 292 292 292 292 292 291 291 291 291 292 292 292 292 293 293 294 295 296 297 299 301 304 309 315 314 303 289 274 269 263 258 268 289 298 297 294 290 288 286 284
284 275 274 282 292 302 319 322 317 315 312 305 298 294 293 293 292 291 292 292 291 291 291 293 296 295 291 289 289 292 295 294 292 289 285 282 283 285 285 285 287 289 287 285 284 284 283 282 283 287 291 293 294 293 293 292 292 292 291 291 291 291 292 292 292 292 292 293 293 294 295 296 297 298 300 303 307 312 314 313 312 302 288 275 274 289 298 299 296 292 288 286 282 281
292 284 287 296 300 304 314 321 320 317 313 305 298 294 292 292 291 290 291 292 291 291 291 293 296 295 292 291 291 292 293 293 291 289 285 282 281 284 285 285 285 287 287 286 286 286 287 287 287 289 293 295 295 295 294 293 292 292 291 291 291 291 291 292 292 292 292 292 293 294 294 295 297 298 300 302 305 310 315 319 326 322 301 293 300 302 299 297 295 291 287 284 281 279
291 298 302 302 301 297 300 307 308 306 304 299 295 291 289 289 289 288 289 291 291 292 292 293 297 298 295 294 293 291 291 290 289 287 285 282 281 282 284 284 285 287 289 291 292 293 294 296 295 295 296 297 298 297 295 293 292 292 292 291 291 291 292 292 292 292 292 292 293 293 294 295 296 298 299 301 304 309 314 322 334 338 322 312 308 302 297 294 293 290 286 283 280 278
