windninja/windninja_output/Output_2025-10-23_1600-1650_Google earth_Fire_150m_10min/merlingen_7.5mi_point_10-23-2025_1610_150m_ang.asc
ncols	158
nrows	163
xllcorner	391686.332397
yllcorner	5160024.123721
cellsize	150.000000
NODATA_value	-32768.000000
[rows 0 to 41 of 163, columns 0 to 94 of 158]
240 240 238 234 233 234 233 229 228 229 227 222 217 217 222 231 241 245 247 253 252 236 227 229 234 240 240 235 234 234 235 236 238 238 237 243 248 250 251 249 245 245 246 248 251 254 258 260 254 249 246 245 245 246 246 245 245 245 247 248 246 244 243 242 239 237 238 242 247 250 249 247 245 243 243 244 244 246 249 249 247 243 243 246 248 246 242 240 241 239 237 238 237 235 233
239 239 238 235 235 235 233 232 233 232 228 221 215 216 223 231 237 239 243 247 245 234 228 230 234 237 237 235 236 236 237 238 238 238 240 243 244 246 247 246 245 245 245 247 249 250 252 254 253 251 249 248 248 247 246 245 245 245 247 248 247 245 244 243 241 240 241 244 247 249 248 247 245 244 245 245 244 246 248 248 245 244 244 246 247 247 244 242 242 241 241 241 240 238 236
236 237 236 235 236 234 232 233 235 233 226 216 212 216 224 231 233 234 238 239 236 232 230 232 235 235 234 235 237 238 239 240 240 240 242 243 242 242 242 242 244 245 245 247 247 247 247 247 248 250 250 249 248 248 247 246 246 246 246 246 246 246 245 245 244 244 245 247 248 248 247 246 247 247 247 245 244 246 248 246 242 243 246 245 246 247 244 242 242 243 245 245 244 243 241
230 233 232 232 234 231 229 229 229 226 219 211 211 217 226 233 235 234 235 236 234 232 230 231 234 233 232 232 233 234 236 239 241 243 242 242 242 242 243 243 243 243 245 246 246 246 246 244 243 243 245 244 244 245 245 246 247 248 247 246 246 245 245 245 245 245 246 248 250 248 246 246 248 249 248 247 247 248 248 245 240 242 245 244 247 248 244 241 241 241 242 245 245 243 243
225 229 230 230 231 229 228 229 228 224 218 211 210 218 229 236 237 237 237 236 236 236 232 229 233 232 230 229 228 229 231 234 237 240 241 241 242 242 243 243 242 242 244 245 244 244 244 243 243 242 242 242 243 244 245 246 248 248 248 248 247 246 246 246 246 246 247 249 250 248 246 248 249 249 248 249 251 251 249 245 242 244 246 245 248 249 247 245 243 241 239 242 244 243 244
227 230 230 229 229 228 229 231 230 225 219 214 212 221 233 237 238 238 238 238 239 240 238 233 234 235 232 230 228 228 229 232 234 235 235 237 239 240 241 241 241 242 244 244 244 244 244 243 244 242 241 241 243 245 246 247 248 249 249 248 247 246 246 246 247 247 247 249 250 247 245 248 250 249 247 247 250 252 250 244 244 248 250 248 249 250 250 252 253 249 245 244 243 243 244
230 231 232 231 230 230 231 232 229 225 221 217 215 224 236 239 239 237 236 237 239 241 241 238 239 239 236 235 233 231 231 234 234 233 233 235 237 238 239 239 240 243 245 245 246 246 245 245 244 242 240 241 242 244 246 248 249 249 249 249 248 245 244 245 246 247 248 250 250 246 244 246 249 247 246 246 248 249 246 242 245 250 251 251 250 251 252 255 261 262 259 256 251 248 248
229 230 232 234 235 234 234 233 230 226 223 219 217 225 236 239 238 237 236 236 237 239 240 239 241 240 239 239 237 234 236 238 238 237 238 239 239 239 240 241 242 244 245 246 247 247 246 246 244 242 242 243 243 243 246 249 249 250 250 250 248 245 242 243 244 245 248 250 250 246 246 247 247 245 245 247 248 247 241 241 249 253 252 251 250 250 252 255 259 265 268 266 262 259 255
228 229 232 234 237 238 237 234 231 229 226 223 219 225 235 238 238 237 237 237 238 239 238 237 236 236 238 240 238 238 242 243 241 241 243 244 243 242 243 244 245 246 247 247 248 248 247 247 246 243 243 245 244 244 248 250 250 250 250 250 249 247 245 244 244 246 249 250 249 246 248 250 249 246 246 247 249 246 241 244 252 256 255 252 250 250 250 252 254 257 261 262 263 262 260
228 229 232 233 234 236 236 234 232 230 229 226 223 227 236 238 238 238 237 237 238 238 237 235 232 231 234 238 238 240 244 244 242 244 245 245 244 244 245 245 246 247 248 248 249 249 248 248 247 245 246 247 246 248 251 252 252 251 251 250 250 251 251 250 250 251 252 251 247 245 248 251 251 248 247 248 249 247 243 247 252 255 257 257 256 255 254 255 254 252 251 254 259 259 260
228 229 231 232 232 232 233 233 232 231 230 229 228 230 238 241 240 240 239 238 238 237 236 234 231 229 228 234 237 241 245 245 245 248 248 246 245 245 245 246 246 247 247 248 249 250 250 249 249 249 251 252 251 254 256 255 254 255 254 252 253 255 256 258 261 260 257 253 247 246 249 251 251 249 247 247 250 252 251 252 252 252 253 257 262 263 262 262 259 253 251 255 259 257 259
227 229 230 231 231 232 232 232 231 231 231 231 230 232 239 244 243 242 241 242 242 240 238 235 232 230 228 233 240 244 246 247 248 250 250 248 246 246 247 247 247 247 247 246 247 249 249 250 251 253 258 260 259 261 262 261 258 257 256 256 258 260 263 269 271 269 265 258 251 252 253 251 250 248 246 246 249 252 256 257 254 251 251 253 260 263 263 263 260 253 254 258 258 258 261
227 228 229 230 230 231 232 232 232 232 232 232 231 233 241 247 248 246 244 244 244 243 241 238 236 233 232 237 243 246 248 249 250 251 250 249 250 250 249 248 248 248 246 245 246 246 245 247 251 256 261 263 265 266 268 268 264 259 256 256 260 264 270 277 280 277 273 268 265 262 258 253 252 251 249 248 249 251 253 254 254 254 253 255 258 258 259 260 256 250 255 258 257 258 263
227 228 229 229 230 231 231 232 233 233 233 233 232 233 240 249 254 253 249 247 246 245 244 242 239 236 235 238 242 244 248 251 251 251 249 249 250 251 251 249 250 250 248 249 251 249 246 243 247 254 258 261 262 264 268 271 270 263 255 254 259 264 269 275 279 279 279 281 285 279 266 260 258 257 256 255 255 255 253 252 256 258 258 258 256 255 257 257 252 251 257 258 257 257 262
227 227 228 229 230 231 231 232 233 233 233 234 233 231 237 246 252 254 253 251 249 246 245 243 241 238 237 239 241 243 247 251 252 251 250 250 249 249 250 251 253 251 251 255 257 254 252 249 246 246 251 255 255 257 261 265 267 263 254 253 257 262 265 266 267 271 276 282 290 296 285 272 266 262 259 260 262 260 256 258 263 264 262 260 256 255 257 255 250 250 258 261 258 259 263
226 227 228 229 230 231 232 232 233 233 234 234 234 232 235 242 246 247 249 251 249 246 244 242 241 240 239 239 240 242 245 247 247 247 249 251 252 252 251 252 254 252 252 254 254 251 253 255 251 247 247 247 248 250 251 251 254 255 252 254 258 261 263 260 257 261 268 273 280 295 302 287 275 266 263 264 263 259 260 265 268 266 264 261 258 256 256 255 252 251 255 259 259 259 262
226 226 227 228 229 230 231 232 233 234 234 235 235 235 239 244 245 244 244 245 246 244 242 241 241 241 239 239 240 241 245 246 244 246 250 253 256 255 252 251 251 250 250 250 249 248 248 249 252 253 250 246 246 247 247 245 246 247 249 255 259 261 261 257 255 258 263 268 272 279 294 295 284 278 273 268 262 261 265 267 264 261 261 259 258 257 255 254 257 257 256 256 256 256 259
225 226 227 228 229 230 231 232 233 234 234 235 237 238 243 248 248 246 244 243 244 244 243 243 244 242 241 241 243 244 246 245 243 244 246 249 251 251 249 248 248 248 250 249 247 248 248 246 248 253 254 251 249 248 247 246 246 246 248 253 257 258 257 254 256 259 261 265 266 268 276 287 287 287 284 274 268 267 267 264 259 259 258 256 255 256 255 255 260 265 264 258 255 255 256
225 225 226 227 228 229 230 232 233 233 234 236 237 239 243 248 250 248 247 246 245 245 245 246 246 245 244 244 246 248 247 243 241 241 243 246 248 248 248 249 249 249 249 249 248 249 251 251 250 251 254 255 252 249 247 248 248 247 249 252 255 256 254 254 257 260 260 261 261 265 270 275 278 280 283 281 276 271 266 261 260 262 260 256 253 252 253 255 259 264 269 264 259 257 255
225 225 226 227 228 229 230 232 233 233 234 236 237 239 242 246 249 249 248 247 245 245 245 245 245 245 245 244 245 246 244 241 240 243 246 248 249 249 249 249 248 247 247 246 247 249 252 252 252 252 253 254 255 253 251 249 248 248 250 252 254 254 255 257 259 261 260 259 260 265 267 267 267 268 271 274 271 267 264 262 263 264 263 260 255 253 252 253 257 262 266 265 261 259 258
224 225 225 226 227 229 230 231 233 233 235 236 237 239 241 243 245 246 245 245 244 244 244 243 244 244 244 243 243 243 240 237 238 242 245 246 247 246 244 244 244 244 245 246 248 251 251 251 251 253 253 253 255 256 256 253 250 249 249 251 251 253 256 258 260 262 261 261 263 265 262 259 260 263 265 262 257 256 257 260 262 263 263 262 259 256 254 253 257 262 264 263 259 259 260
223 224 225 226 227 228 230 231 232 233 234 236 237 238 240 241 242 243 243 243 243 243 242 242 242 242 242 242 242 241 238 235 237 241 242 242 243 243 241 241 242 242 244 246 249 251 252 251 251 251 252 253 254 256 257 256 255 253 250 248 248 252 256 258 261 263 264 264 264 260 254 252 255 261 264 261 253 250 251 254 258 259 259 262 261 258 254 254 259 262 262 257 255 257 259
223 223 224 225 227 228 229 231 232 233 234 235 236 237 239 240 240 241 242 241 241 241 241 241 241 241 241 240 240 240 237 234 238 242 243 244 245 243 242 242 242 242 244 246 249 251 251 250 250 250 252 253 253 254 256 257 257 256 251 247 248 252 256 259 263 266 266 264 259 252 248 248 253 259 263 262 256 251 250 250 251 251 255 259 261 260 257 257 260 261 259 251 250 256 259
222 223 223 225 226 228 229 230 232 233 234 235 236 237 238 239 239 240 241 240 240 240 240 239 239 239 239 239 241 242 240 239 242 244 245 247 247 246 245 244 244 243 244 245 249 250 249 248 249 250 252 253 253 254 255 256 257 256 252 248 249 253 258 264 269 268 264 260 252 247 245 248 255 261 261 258 256 258 256 251 247 247 250 253 258 263 264 262 260 259 256 245 249 256 259
222 222 223 225 226 227 229 230 232 233 234 235 236 236 237 238 239 240 240 239 239 239 239 238 237 237 237 239 243 246 245 245 247 247 246 246 246 247 248 247 245 244 244 246 249 248 245 247 248 250 252 253 253 254 254 255 255 254 252 251 252 256 262 267 270 266 261 253 247 246 248 254 261 263 258 249 254 265 264 255 250 247 246 247 252 261 266 266 263 261 254 242 249 256 259
222 222 223 225 226 227 228 230 232 233 234 234 236 237 237 237 238 239 239 239 239 239 238 237 236 233 232 236 243 246 247 249 250 248 245 243 243 246 249 249 247 246 247 250 250 245 243 246 248 249 251 253 255 256 256 255 252 250 250 254 258 264 267 266 261 257 252 245 243 246 253 263 268 263 252 241 250 265 271 264 256 250 245 243 247 253 259 261 263 262 254 241 247 254 257
221 221 223 224 226 227 228 230 232 232 233 234 235 237 237 238 238 238 238 238 238 238 237 235 233 229 227 234 240 243 245 249 254 254 249 243 241 245 249 249 248 248 250 251 248 242 241 245 247 248 248 250 254 257 259 255 246 245 250 256 266 272 271 263 254 248 242 237 239 246 258 267 268 261 248 235 245 258 272 276 267 257 249 247 248 249 248 251 257 259 256 247 249 252 253
220 221 222 224 225 227 228 230 232 232 233 234 236 236 237 238 238 238 238 238 238 237 236 233 230 226 225 232 237 237 240 246 252 255 255 249 244 246 249 249 247 250 251 250 246 240 239 241 245 247 245 246 250 254 257 250 238 242 251 260 268 272 270 261 252 245 237 234 241 252 261 265 263 257 244 233 244 254 263 277 277 266 259 256 255 251 244 245 251 254 254 255 256 253 251
220 220 222 224 225 227 228 230 232 232 233 235 236 236 237 238 238 238 237 237 237 236 235 232 229 224 223 229 231 231 234 240 245 248 251 251 247 247 249 247 245 248 248 247 244 239 238 239 243 245 242 243 247 250 251 241 231 242 253 263 268 267 261 254 249 244 236 236 248 259 263 261 256 250 240 237 248 255 258 267 279 277 268 264 261 255 248 249 251 251 250 255 263 262 257
219 220 222 224 225 227 229 230 231 232 233 234 235 236 237 237 237 237 237 237 237 236 234 232 229 224 224 227 227 225 228 234 238 242 245 242 239 244 247 244 242 242 240 241 240 236 238 239 242 241 237 239 243 245 243 233 229 245 256 264 269 264 254 247 245 244 239 241 256 264 266 260 251 244 238 242 252 255 256 263 275 283 276 268 263 257 255 257 255 250 247 252 262 269 268
220 220 221 223 226 227 229 230 231 232 233 234 235 236 237 237 237 237 237 237 237 236 234 232 229 226 227 229 227 226 230 234 236 240 241 233 232 241 245 243 240 239 236 238 236 234 238 243 245 241 236 239 241 242 240 231 233 250 259 264 265 260 250 245 246 248 245 249 260 266 267 259 251 246 241 244 248 250 254 259 269 279 278 271 264 261 260 260 256 251 247 249 256 268 275
220 220 221 223 226 227 228 230 231 232 233 234 235 236 237 237 237 237 237 237 237 235 234 232 230 228 228 228 227 229 236 239 240 243 243 231 232 244 246 242 241 240 238 240 239 238 243 249 249 246 245 245 244 244 241 231 236 251 262 264 261 253 244 243 248 253 252 254 261 265 264 257 255 254 248 245 245 247 252 256 261 266 272 272 269 267 265 261 257 254 251 250 252 262 274
219 220 221 223 226 227 228 230 231 232 233 234 235 236 236 237 237 237 238 238 237 236 234 233 232 230 228 225 221 224 233 238 241 244 245 236 236 248 248 244 242 241 241 243 242 243 249 251 249 249 251 251 250 248 242 234 239 249 257 262 259 248 236 239 249 256 259 260 261 261 258 256 259 257 250 246 244 247 252 255 254 254 262 269 270 269 267 263 258 256 255 253 253 259 269
219 219 221 224 227 228 228 230 232 233 233 234 235 236 236 236 236 237 237 238 238 237 235 234 233 231 228 223 218 223 233 238 239 242 245 240 239 247 246 242 242 241 241 244 245 248 252 251 249 251 252 253 253 251 246 243 246 251 252 254 254 246 233 237 247 253 260 266 263 260 257 257 258 254 248 247 247 248 250 250 246 245 253 264 268 265 263 262 258 255 254 255 258 263 268
218 219 221 224 227 227 228 230 232 233 234 235 236 236 236 236 236 237 237 237 238 237 237 236 235 231 228 224 223 231 241 243 242 243 243 239 235 243 242 239 240 240 242 245 248 252 254 251 252 254 254 254 255 254 252 253 256 257 254 252 250 245 234 238 246 249 256 266 270 266 261 256 254 250 249 251 253 255 253 246 241 241 246 256 264 262 259 259 258 254 253 256 261 266 271
218 219 221 224 226 227 228 230 231 233 233 234 235 236 236 237 237 237 237 237 238 238 238 238 237 235 231 227 229 240 249 248 246 246 244 237 231 237 240 239 240 241 244 246 249 253 253 252 253 253 253 253 253 253 254 256 258 259 258 255 253 249 242 242 245 247 252 262 273 274 264 256 252 250 252 255 256 259 258 253 246 241 242 249 256 262 260 257 256 255 256 258 262 265 270
218 219 222 224 226 227 228 230 231 233 233 234 235 236 236 237 237 237 237 238 238 238 238 238 238 237 234 230 233 246 253 252 251 249 246 239 231 232 238 240 241 243 245 247 250 251 251 252 253 252 252 252 252 252 254 255 254 255 256 255 255 252 248 247 247 248 251 259 268 269 261 256 255 255 256 254 253 253 257 261 256 247 243 245 251 262 266 258 256 259 261 261 262 264 268
218 219 222 225 227 228 229 231 232 233 234 234 235 235 236 236 237 237 237 238 239 239 239 239 239 237 235 231 236 249 252 253 253 251 247 241 232 231 237 241 242 245 247 248 250 251 250 250 250 251 253 254 251 252 254 254 252 251 251 253 254 252 250 250 250 252 255 260 262 255 251 254 258 260 255 250 252 248 251 257 259 252 246 244 250 258 265 262 259 262 264 262 263 267 268
219 220 223 225 227 229 230 231 232 233 233 233 234 235 236 236 237 237 238 238 239 239 239 239 239 238 236 235 243 252 253 253 253 251 247 239 230 233 239 240 242 244 246 248 248 249 249 247 245 247 251 252 249 249 253 254 250 247 247 249 248 246 245 245 249 255 260 262 257 248 248 256 260 256 245 248 254 246 245 250 252 250 247 247 253 256 258 262 262 262 262 263 268 271 268
220 221 224 226 228 229 230 231 232 233 233 233 234 235 236 236 237 237 238 238 239 239 239 240 240 240 240 243 251 256 256 256 255 252 247 235 226 232 238 240 243 246 248 248 246 247 248 246 244 246 250 251 248 246 248 248 244 243 243 244 241 238 238 241 246 254 261 261 254 250 257 262 259 247 238 251 257 240 238 244 242 242 248 254 257 258 258 262 263 260 259 263 270 270 264
222 222 224 226 228 229 230 231 232 232 233 233 234 235 236 236 236 237 238 239 239 239 240 240 241 242 244 249 255 258 260 260 258 254 245 233 230 234 236 239 241 245 248 247 246 246 246 245 243 245 249 252 250 248 247 244 240 240 243 243 238 234 235 241 246 253 258 258 254 257 262 261 255 245 243 256 257 229 232 240 236 236 245 254 258 260 262 262 261 260 258 262 265 265 263
224 224 225 227 228 229 230 231 232 232 232 233 234 235 235 236 236 237 238 238 239 239 240 241 242 243 246 249 253 258 260 260 258 253 242 234 236 240 241 241 240 242 242 242 245 245 242 239 238 242 249 251 251 250 250 247 243 243 246 245 241 236 237 241 245 252 256 255 256 257 255 251 251 247 251 259 252 217 223 236 238 238 244 251 257 260 259 255 256 260 261 261 259 260 264
