windninja/windninja_output/Output_2025-10-23_1600-1650_Google earth_Fire_150m_10min/merlingen_7.5mi_point_10-23-2025_1620_150m_ang.asc
ncols	158
nrows	163
xllcorner	391686.332397
yllcorner	5160024.123721
cellsize	150.000000
NODATA_value	-32768.000000
[rows 42 to 83 of 163, columns 0 to 93 of 158]
211 211 211 211 211 211 211 211 211 210 210 210 210 210 210 210 209 209 209 209 208 208 207 207 206 205 203 202 199 201 205 207 207 206 203 204 207 208 206 206 207 209 209 208 205 202 204 207 208 209 214 214 207 204 211 217 217 218 223 228 226 221 219 219 219 218 217 216 213 210 211 212 209 200 198 200 194 188 191 202 209 211 214 217 216 213 211 211 213 213 215 221 227 230
213 212 212 212 212 211 211 211 211 211 210 210 210 210 210 210 210 210 210 209 209 208 207 207 207 206 205 203 201 202 206 208 206 202 198 197 199 201 202 203 208 212 212 210 207 207 211 214 215 216 218 217 210 208 213 219 221 222 225 229 228 224 221 219 218 216 211 209 209 206 205 206 205 199 198 199 195 191 194 202 208 211 213 215 214 213 214 216 218 218 218 220 226 231
214 214 214 213 212 212 212 212 211 211 211 210 210 210 210 210 210 210 210 209 209 208 208 208 208 207 205 204 204 204 206 207 205 200 195 192 194 200 204 208 212 214 214 213 212 213 216 217 216 214 214 214 211 210 214 220 222 223 225 226 226 224 222 219 218 216 212 209 206 204 203 206 206 203 202 202 198 195 199 205 209 209 211 215 217 217 218 220 223 223 223 223 230 234
216 215 214 214 213 213 213 212 212 212 211 211 211 210 210 210 210 210 210 209 209 209 208 208 208 207 207 206 206 205 205 205 203 200 195 192 194 201 207 209 211 214 217 216 212 214 216 216 214 212 214 216 216 215 219 223 224 224 224 223 222 221 218 215 215 215 214 212 207 206 209 211 212 211 211 208 201 198 202 206 206 208 214 220 222 220 220 222 224 226 226 227 233 235
217 216 215 214 214 214 214 213 212 212 211 211 210 210 210 210 210 210 210 210 210 209 209 209 208 208 208 208 207 206 206 205 204 200 196 195 197 201 204 206 209 214 219 217 213 215 216 215 213 214 216 218 219 221 223 225 225 225 223 219 216 215 214 211 213 215 215 215 210 210 214 216 218 218 216 211 204 199 202 206 209 214 222 226 224 222 221 222 223 226 228 230 233 233
218 217 216 216 216 217 215 214 213 212 212 211 211 211 211 210 210 210 210 210 210 210 210 210 209 209 209 208 208 207 207 206 205 202 199 198 200 200 201 205 209 214 217 215 213 215 216 216 216 215 217 219 221 222 222 222 223 222 221 214 211 213 215 215 218 219 218 216 213 212 215 218 221 220 218 214 208 203 205 212 219 224 227 226 223 221 221 222 223 225 227 229 230 229
219 218 217 217 218 219 217 214 213 213 212 212 211 211 211 211 211 211 211 211 211 210 210 210 210 210 209 209 209 208 208 207 206 204 201 200 201 202 202 204 209 214 216 214 212 214 216 217 216 215 217 221 223 224 222 221 221 219 216 210 208 215 221 222 224 223 220 217 215 214 217 219 221 221 219 216 211 209 212 218 223 225 224 222 219 218 219 219 220 222 225 229 229 227
221 219 218 217 219 220 219 215 213 213 212 212 212 211 212 212 211 211 211 211 211 211 210 210 211 210 209 209 209 209 208 208 207 206 203 201 201 202 202 204 209 214 214 211 212 217 219 218 217 215 216 220 223 222 220 219 219 216 212 209 210 217 225 228 227 223 219 217 216 216 218 219 220 220 218 215 212 210 213 217 221 222 220 218 217 216 216 215 217 219 223 228 229 228
223 221 218 217 219 220 219 216 213 212 212 212 212 211 211 212 212 211 211 211 211 211 210 210 211 210 210 210 210 209 209 209 208 207 205 202 201 202 203 205 209 212 210 209 213 220 221 220 220 220 220 222 221 217 215 216 216 215 212 212 215 222 230 232 228 221 218 217 217 218 219 221 220 219 217 214 211 210 213 217 220 220 219 217 216 215 214 214 217 221 223 227 229 229
226 223 218 217 218 218 217 217 214 212 211 212 212 212 212 212 212 211 211 211 211 211 211 211 211 211 210 210 210 210 210 209 209 208 207 205 204 204 205 205 208 211 209 207 213 220 221 220 223 223 221 222 220 217 216 217 217 216 215 217 220 226 233 235 228 220 217 216 216 218 220 221 220 218 216 214 212 211 213 217 219 221 222 220 218 216 216 218 222 224 224 227 230 231
230 225 218 217 219 218 218 218 216 212 211 212 212 212 212 212 213 212 212 212 212 211 212 211 211 211 211 211 211 211 210 210 210 209 208 208 207 206 205 205 207 211 209 206 211 219 219 217 218 216 212 213 215 216 218 220 220 218 219 220 223 226 234 235 226 217 214 214 216 218 218 218 216 216 216 216 214 213 215 218 219 222 225 225 223 222 222 223 225 226 226 228 229 229
230 226 218 216 219 218 216 219 218 215 212 212 213 213 213 213 213 212 212 212 212 212 212 212 212 212 212 211 211 211 211 211 210 210 210 209 209 208 206 204 206 211 209 205 209 216 215 210 211 209 208 210 213 216 220 223 220 218 220 222 224 227 234 233 223 214 211 211 214 216 215 214 213 215 217 217 215 216 219 220 220 222 223 223 224 227 226 225 225 227 227 227 225 224
226 225 219 215 218 217 215 218 220 219 215 213 213 213 213 213 213 213 213 213 213 212 212 212 212 212 212 212 212 212 212 211 211 211 211 211 210 209 208 206 206 210 211 209 209 213 211 205 206 207 209 213 215 219 225 224 217 216 219 222 223 227 233 230 219 210 206 206 210 212 211 212 214 217 218 217 216 218 221 220 218 220 220 219 220 223 225 226 226 226 226 225 222 220
224 224 223 219 221 222 218 219 221 221 218 215 214 214 213 214 214 213 213 213 213 213 213 213 213 212 212 212 212 212 212 212 212 212 212 211 211 211 210 209 209 212 215 214 211 209 206 203 203 206 208 214 216 220 227 223 214 215 218 220 221 225 228 226 217 208 204 204 208 211 212 215 217 218 217 216 216 217 219 217 215 217 218 218 218 220 220 221 223 226 228 227 223 220
225 225 225 223 224 226 223 220 221 223 220 216 215 215 214 214 214 214 214 213 214 214 213 213 213 213 213 213 213 213 213 213 213 212 212 212 212 212 212 211 212 213 215 214 210 206 201 199 201 203 206 215 218 222 228 222 213 215 218 219 221 224 227 225 218 209 205 205 210 215 216 217 216 215 215 214 214 216 216 214 213 216 218 218 218 219 218 218 220 225 230 231 224 216
226 226 225 223 222 223 223 220 220 222 220 216 216 216 214 214 215 214 214 214 214 214 214 214 213 213 213 213 213 213 213 213 213 213 213 213 213 213 213 213 213 213 213 212 210 206 201 199 200 199 204 216 221 225 229 220 211 214 216 218 221 224 227 226 219 210 205 206 211 215 215 215 215 214 214 212 212 214 213 212 212 215 217 219 221 223 223 221 220 222 225 223 211 208
227 226 225 224 222 222 221 220 219 220 219 216 217 218 217 215 215 215 214 214 214 215 215 214 214 213 214 214 214 214 214 214 214 214 214 214 214 214 214 213 213 213 213 213 212 210 207 203 199 196 202 216 223 227 228 218 211 214 218 219 221 224 226 226 221 212 205 205 208 211 212 213 214 213 212 210 211 212 210 210 211 214 218 220 223 226 226 225 223 220 219 214 207 209
227 226 225 225 225 224 223 221 220 222 221 217 218 220 219 216 215 215 215 214 214 215 215 214 214 214 214 214 214 214 214 214 214 214 214 214 214 214 214 214 214 214 214 213 213 212 211 207 202 194 195 213 223 227 226 219 214 218 221 222 222 224 226 226 222 214 206 202 205 211 212 212 213 212 210 209 211 211 210 211 212 216 218 219 221 223 224 224 222 219 218 217 213 217
227 227 226 226 226 226 225 225 224 223 221 217 216 218 218 217 216 215 215 214 214 214 215 214 214 214 215 215 215 215 215 215 215 215 215 215 215 215 215 215 215 215 214 214 214 213 212 210 205 196 191 208 224 228 226 220 218 222 224 224 224 225 227 227 223 216 208 202 206 213 213 212 212 212 209 209 211 211 212 214 215 217 220 220 220 222 223 222 221 220 220 219 218 220
228 228 228 227 226 226 226 226 225 223 219 215 213 216 217 218 217 216 215 214 214 215 215 215 215 215 216 215 215 215 215 215 215 215 215 215 215 215 215 215 215 215 215 215 214 214 213 212 209 204 196 207 226 230 227 223 225 227 227 227 227 227 228 227 223 218 211 204 209 213 213 212 212 211 209 209 212 212 213 214 216 219 221 223 223 223 223 222 222 222 218 218 220 220
230 230 230 228 227 226 226 225 225 223 221 216 214 215 216 218 218 217 216 215 215 215 216 216 216 216 216 216 216 215 216 216 216 216 216 216 216 216 216 216 216 216 216 215 215 215 214 214 212 209 204 207 224 230 227 226 231 232 230 228 227 226 226 225 222 219 211 207 210 212 211 212 212 210 208 210 212 213 213 214 217 219 222 225 225 226 227 225 223 221 218 221 224 223
234 234 232 231 229 227 226 226 225 224 222 219 216 215 215 217 218 218 217 216 215 215 215 215 215 216 217 216 216 216 216 216 216 216 216 216 216 216 216 216 216 216 216 216 216 216 216 215 215 213 209 207 219 224 221 224 231 232 230 227 223 222 223 225 227 224 215 211 211 211 211 212 212 209 207 209 211 212 212 213 216 219 221 224 224 226 228 226 224 223 221 224 225 225
237 236 234 232 231 230 229 229 227 225 224 222 216 214 214 215 217 217 217 217 216 215 216 216 215 216 217 217 217 217 217 216 217 217 217 217 217 217 217 217 217 217 217 217 217 217 217 216 216 215 214 211 217 222 217 221 230 231 228 225 220 220 225 232 236 230 218 212 211 209 210 211 212 208 206 208 209 208 208 210 215 217 220 222 223 226 227 224 223 221 222 224 225 227
237 235 232 231 230 230 230 230 230 229 227 225 219 214 214 215 216 217 218 218 217 216 216 216 216 217 218 217 217 217 217 217 217 217 217 217 217 217 217 217 217 217 217 217 217 217 217 217 217 217 217 217 219 224 220 220 229 230 227 225 220 221 227 232 229 221 213 209 208 209 209 212 212 209 206 205 206 206 206 210 215 218 220 221 223 227 227 224 220 219 221 224 226 229
230 229 229 230 230 229 226 226 227 227 226 224 220 215 214 215 216 217 218 218 217 215 216 216 215 216 218 217 217 218 217 217 217 218 218 218 218 218 218 218 218 218 218 218 218 218 218 218 218 219 219 220 222 225 225 226 232 233 230 227 220 215 220 222 220 215 211 208 208 209 210 212 213 209 205 203 203 204 206 210 215 216 216 215 220 226 225 222 220 220 221 223 227 230
217 220 223 224 227 226 221 221 225 226 226 223 220 216 214 215 216 216 216 217 216 215 216 216 215 216 219 220 220 220 219 218 218 218 218 218 218 218 218 218 218 218 218 218 219 219 219 219 219 220 220 221 223 225 228 233 241 243 239 233 219 211 216 220 219 216 213 210 210 210 210 213 213 208 204 202 202 203 204 207 209 211 212 213 221 229 228 222 222 222 222 224 229 231
197 210 216 217 218 217 212 214 222 226 224 221 218 216 214 213 216 216 216 217 218 217 216 216 215 216 219 223 223 222 220 219 219 219 219 218 218 218 219 219 219 219 219 219 219 219 219 220 220 221 221 222 223 225 227 232 240 246 246 238 226 218 222 223 221 217 215 212 211 210 210 213 214 209 204 203 202 201 201 204 207 211 216 221 234 239 231 222 222 222 224 226 230 232
191 206 218 218 219 217 211 209 216 219 215 211 211 211 210 210 213 216 217 217 218 218 218 218 215 216 221 224 224 223 222 220 220 219 219 219 219 219 219 219 219 219 219 219 220 220 220 220 221 221 222 222 223 225 227 229 233 237 240 239 233 230 231 230 226 221 218 215 212 210 211 214 214 208 204 205 204 202 200 205 211 218 226 233 244 243 229 222 223 223 224 226 229 231
210 220 236 240 238 232 222 215 219 221 216 211 211 211 210 210 212 215 217 217 218 219 220 220 217 216 221 224 222 221 222 221 220 220 219 219 219 219 219 219 219 220 220 220 220 220 221 221 221 222 222 223 224 225 226 227 229 231 233 234 233 234 238 241 238 233 227 222 217 214 213 215 214 206 204 207 207 203 201 206 217 226 233 240 247 240 226 223 224 224 224 225 226 227
225 230 243 253 256 252 244 238 239 236 229 225 224 221 218 216 215 216 217 216 217 220 221 221 215 212 218 221 221 220 220 221 221 220 220 220 220 220 220 220 220 220 220 220 221 221 221 221 222 222 222 223 224 224 225 226 227 228 229 230 230 232 235 238 241 242 242 237 229 220 215 217 216 208 207 209 208 204 203 211 223 231 237 246 245 231 222 222 224 225 225 225 225 222
234 236 243 248 252 253 252 253 255 251 244 242 240 236 231 226 222 221 219 217 216 218 219 218 212 208 216 221 221 220 219 219 221 221 220 220 220 220 220 220 220 220 221 221 221 221 222 222 222 222 223 223 224 224 225 226 226 227 227 228 228 229 230 231 233 236 239 241 237 231 227 228 223 215 211 212 211 208 206 215 226 234 241 246 239 223 219 222 226 227 225 226 227 225
240 242 247 249 251 253 252 254 256 252 246 243 240 237 234 231 228 226 224 220 218 217 217 216 212 209 215 221 222 221 220 219 220 220 219 219 220 220 220 221 221 221 221 221 221 222 222 222 223 223 223 224 224 224 225 225 226 226 226 227 227 227 228 229 229 230 231 231 232 236 242 245 237 223 217 216 215 212 209 217 227 236 243 242 231 221 220 223 227 227 223 224 227 229
246 248 253 255 256 257 256 255 254 251 247 243 238 235 232 230 228 228 226 224 222 221 220 218 214 211 214 219 223 224 222 220 220 220 218 217 219 220 220 220 221 221 221 222 222 222 223 223 223 223 224 224 224 224 225 225 225 226 226 226 226 227 227 227 227 227 227 227 228 232 235 237 234 223 217 216 214 213 211 216 228 236 239 234 225 222 222 224 227 226 223 220 218 220
250 253 257 262 265 265 264 260 256 252 248 245 240 237 234 231 228 227 226 224 224 224 223 222 218 214 215 219 222 223 223 221 222 222 221 219 219 220 220 220 221 221 222 222 222 223 223 223 224 224 224 224 224 224 225 225 225 225 225 226 226 226 226 226 226 226 226 226 227 228 227 225 223 218 215 215 211 209 210 217 229 235 235 229 223 221 223 225 227 229 230 222 215 220
252 254 260 267 273 275 273 269 263 256 251 246 242 238 235 232 229 228 226 225 224 224 223 223 220 217 218 221 222 223 223 224 225 226 226 224 222 222 221 220 220 221 222 223 223 223 224 224 224 224 224 225 225 225 225 225 225 225 225 225 225 225 225 225 225 225 225 225 226 225 224 222 221 218 215 213 209 205 207 220 232 236 234 230 228 227 228 230 231 236 238 230 223 225
255 256 260 267 277 283 283 279 271 262 254 247 242 239 236 233 230 229 227 225 225 224 223 222 220 219 221 224 223 224 225 226 227 227 226 224 222 222 222 221 220 221 222 223 224 224 225 225 225 225 225 225 225 225 225 225 225 225 225 225 225 225 225 225 225 225 225 225 224 224 223 221 221 219 216 212 206 200 207 226 235 235 233 233 233 237 239 236 236 235 229 220 219 223
259 258 256 264 279 288 292 288 279 267 254 245 241 238 236 233 230 229 227 226 225 224 224 222 218 218 222 225 224 223 224 225 225 224 224 223 222 222 223 222 221 221 223 224 224 225 225 226 226 226 226 226 225 225 225 225 225 225 225 225 225 225 225 225 225 225 224 224 224 223 222 221 221 220 217 213 205 197 206 228 235 230 229 230 228 230 231 229 226 224 220 216 216 220
257 254 249 251 267 283 291 288 277 264 248 240 237 236 234 231 230 229 227 226 226 225 225 222 217 217 222 223 222 220 220 223 224 224 225 224 222 221 224 224 222 222 224 225 226 227 227 228 228 228 227 227 226 225 225 225 225 225 225 225 225 225 225 225 224 224 224 224 223 223 222 221 220 219 217 213 207 199 204 225 230 224 221 221 220 220 222 223 223 221 220 219 219 219
250 246 239 241 246 248 249 239 240 238 230 230 232 233 233 231 230 229 227 226 226 226 226 222 216 217 222 223 221 219 218 221 222 223 224 224 222 221 223 224 222 222 226 228 229 230 230 231 232 231 229 228 227 226 225 225 225 225 225 225 225 225 225 225 224 224 224 224 223 223 222 221 220 219 217 214 210 203 204 216 218 215 215 215 216 218 222 224 223 224 223 222 222 219
248 247 244 243 245 241 222 207 212 214 214 220 228 231 233 232 231 230 229 227 227 227 226 222 216 218 223 224 223 220 218 220 220 221 223 223 222 221 222 223 221 220 225 230 233 235 236 237 239 239 235 230 227 226 225 225 225 225 225 225 225 225 225 225 224 224 224 224 223 223 222 221 220 219 217 215 212 206 203 203 201 205 211 214 216 221 226 225 223 223 223 222 222 219
257 256 251 249 248 239 225 216 212 213 212 218 226 231 233 232 232 232 231 229 229 228 226 223 217 219 224 224 223 222 221 222 224 226 227 226 224 222 223 222 220 218 220 223 226 228 229 229 232 233 232 230 227 226 225 225 225 225 225 225 225 225 225 225 224 224 224 224 223 223 222 221 220 219 218 216 213 208 202 196 190 197 209 215 219 225 226 225 223 223 222 222 222 218
252 247 240 242 241 236 230 224 221 221 220 223 229 233 235 234 234 235 234 232 231 229 228 224 218 218 221 222 222 223 223 224 226 229 231 231 230 227 225 224 222 219 217 217 218 218 217 217 220 221 220 221 222 222 223 225 225 226 226 226 225 225 225 225 225 224 224 224 224 223 222 221 220 220 218 217 214 209 203 195 184 189 202 211 221 228 229 226 224 224 224 223 222 220
