windninja/windninja_output/Output_2025-10-23_1600-1650_Google earth_Fire_150m_10min/merlingen_7.5mi_point_10-23-2025_1640_150m_ang.asc
ncols	158
nrows	163
xllcorner	391686.332397
yllcorner	5160024.123721
cellsize	150.000000
NODATA_value	-32768.000000
[rows 0 to 41 of 163, columns 0 to 93 of 158]
256 256 257 257 258 262 264 261 261 263 263 257 245 239 244 255 266 273 277 286 293 286 272 270 274 280 281 276 273 274 273 273 273 272 271 274 279 279 278 278 274 272 273 273 276 279 282 284 282 279 277 275 275 275 274 271 268 267 268 269 268 264 262 260 257 253 253 257 262 265 265 262 259 256 255 256 256 257 259 259 257 253 251 254 255 254 248 246 247 244 242 242 241 239
255 257 258 259 260 262 262 262 264 265 264 257 246 243 248 257 266 273 279 285 291 290 281 274 274 277 279 278 276 275 274 274 273 273 274 275 276 278 278 278 276 275 274 275 277 279 280 282 283 281 278 277 275 273 272 270 268 268 268 268 268 265 263 262 259 257 257 259 262 264 264 261 259 258 257 256 255 256 259 258 255 253 253 253 254 254 251 248 247 246 246 245 244 242
254 256 258 260 262 262 259 262 266 268 266 259 252 253 256 261 267 273 278 281 284 291 293 282 274 273 275 278 277 275 274 275 275 275 277 276 275 276 277 278 279 278 277 278 278 278 278 278 280 280 279 277 274 271 270 270 269 269 268 266 266 266 265 264 262 262 261 261 262 262 261 260 260 260 260 257 254 256 258 256 252 251 254 252 252 254 252 248 247 248 250 250 248 247
252 254 256 258 260 260 260 263 266 267 265 259 257 260 263 266 269 272 274 275 278 285 293 289 278 273 272 274 274 273 273 273 275 277 278 277 277 275 276 277 278 278 279 279 279 279 278 276 274 275 275 273 270 269 269 270 270 269 268 266 265 265 264 263 262 262 262 262 262 261 259 260 261 261 260 258 257 257 256 254 250 250 252 251 253 255 251 247 246 246 247 249 249 248
252 253 254 255 258 260 263 267 268 265 261 258 260 265 269 270 270 271 271 271 274 281 290 295 285 277 273 271 271 271 271 271 273 276 278 276 276 276 276 278 280 279 279 279 278 277 275 274 272 271 270 269 269 268 268 268 268 269 268 267 266 264 264 263 263 262 262 262 262 260 258 260 261 260 259 259 261 260 257 253 251 252 252 252 254 255 254 252 250 246 244 246 248 248
255 256 256 255 257 260 265 269 268 264 261 263 266 270 272 271 269 268 269 269 272 278 288 297 292 284 278 273 272 272 270 270 271 272 273 274 275 277 277 278 279 280 279 277 275 274 272 272 271 268 266 266 267 267 266 267 268 268 268 267 265 264 263 263 263 262 262 262 261 258 256 258 261 260 257 257 259 261 258 252 251 255 256 255 254 255 256 259 260 255 250 249 247 247
256 258 261 260 260 261 265 266 265 263 264 267 272 275 274 272 269 266 266 268 270 274 283 296 297 290 283 279 276 274 273 272 271 269 269 272 275 276 276 275 276 277 276 275 273 272 271 270 269 267 264 264 264 265 266 267 268 268 268 267 266 264 262 261 261 261 261 262 261 257 255 256 259 258 256 255 256 257 253 248 251 257 258 256 255 255 256 261 266 267 265 260 255 252
255 257 261 264 265 264 264 264 263 265 268 272 277 277 274 272 270 268 267 268 269 272 277 288 297 294 288 284 281 277 276 276 273 271 271 273 274 273 272 272 272 272 272 271 271 271 270 269 268 266 265 265 264 262 264 266 267 268 268 268 267 264 260 258 258 259 261 262 260 258 257 257 256 255 255 255 255 254 248 247 255 258 258 256 255 255 256 259 264 270 272 270 266 262
255 256 259 264 266 267 265 264 264 267 271 277 281 280 275 272 271 270 268 268 269 270 272 279 290 297 292 286 283 281 280 278 275 273 273 273 272 271 270 269 269 270 270 270 271 271 270 269 268 266 265 266 264 263 264 267 268 268 268 268 266 264 262 258 256 258 261 262 259 256 258 259 257 254 254 255 255 252 246 250 257 261 261 258 256 255 254 256 259 262 265 267 266 265
255 256 259 261 263 265 265 265 266 269 273 278 284 284 278 273 272 272 271 269 269 269 270 274 281 292 294 287 284 284 281 279 277 275 273 272 270 269 268 268 268 269 270 270 270 269 269 268 268 267 267 266 265 267 267 267 268 267 266 264 263 265 265 263 261 262 262 261 257 254 256 258 258 256 254 254 255 252 249 253 257 260 262 263 262 260 258 259 259 256 255 259 263 263
255 256 258 260 261 263 264 265 267 270 273 278 284 287 282 276 274 274 274 273 271 270 270 271 275 282 289 286 283 284 281 278 278 277 273 270 269 268 268 268 268 268 268 268 268 269 269 268 267 268 269 268 268 269 269 267 266 266 264 262 263 265 267 269 271 269 266 262 256 254 256 258 258 256 253 253 255 257 258 258 258 257 258 262 267 267 266 266 263 257 254 259 262 260
255 256 258 259 260 262 264 266 267 270 273 276 282 287 285 280 278 276 276 277 275 272 270 269 271 275 280 283 282 282 280 277 278 277 274 270 269 268 269 269 267 267 266 265 265 265 266 266 264 267 271 272 271 271 271 269 266 265 263 262 264 266 271 277 279 276 272 265 259 259 260 258 257 255 252 252 254 258 263 264 260 256 255 258 265 268 267 266 263 257 258 261 261 260
255 256 258 259 260 262 264 266 267 270 272 275 280 284 285 283 281 280 278 278 278 275 272 270 269 269 273 278 280 280 279 278 278 277 274 271 270 271 270 269 267 267 265 262 262 260 258 258 260 265 270 272 272 272 273 273 269 265 260 260 264 267 274 282 284 281 277 274 273 270 265 259 258 258 257 256 255 257 259 261 260 259 258 260 262 263 263 263 259 254 258 260 259 261
255 256 257 259 260 262 264 265 267 269 272 275 278 282 283 283 284 285 282 279 278 276 273 270 267 267 270 275 278 278 278 278 277 276 273 271 271 272 271 269 268 265 262 262 261 259 255 252 255 261 266 268 269 269 271 275 274 267 259 257 263 268 273 279 283 282 282 284 289 286 273 266 264 264 264 263 262 261 258 258 261 263 263 262 260 258 261 260 255 254 259 260 258 259
254 255 257 259 260 262 263 265 267 269 272 275 278 281 281 281 283 286 285 281 278 275 272 269 267 268 271 274 275 275 275 277 277 276 275 273 270 268 267 266 265 261 259 262 263 261 260 258 254 254 258 263 263 264 266 269 272 269 260 258 263 267 271 273 273 276 281 285 293 300 291 278 272 269 266 267 267 264 260 262 268 269 266 263 259 258 260 258 252 252 260 262 259 260
254 255 256 258 260 262 263 265 267 269 271 274 278 283 283 280 279 281 284 282 278 275 273 270 269 271 273 273 273 274 275 275 275 274 273 272 268 265 263 262 261 259 259 262 263 260 261 265 261 255 255 257 258 260 260 259 262 264 262 262 265 268 270 268 264 268 275 279 285 299 305 292 280 272 269 269 267 263 263 268 271 270 267 264 260 258 258 256 253 252 256 260 260 260
253 254 256 258 259 261 263 265 267 269 271 274 277 283 286 282 278 277 278 279 278 276 274 271 271 271 272 273 272 274 275 273 269 267 266 266 266 264 262 260 260 260 261 261 259 259 259 259 263 264 261 257 258 259 257 254 254 257 261 264 266 268 268 265 263 265 269 275 278 285 298 298 288 282 278 273 267 265 269 270 267 264 263 261 259 258 256 255 257 258 257 257 256 257
253 254 255 257 259 261 263 265 267 269 271 274 277 282 286 284 279 277 276 276 276 275 275 274 272 271 271 274 275 274 272 267 262 259 259 262 264 264 262 261 261 261 262 260 258 259 259 258 261 266 267 263 260 258 256 254 254 255 259 263 265 266 264 263 264 265 267 271 273 275 283 292 291 290 288 279 273 271 270 266 261 261 260 257 255 256 256 255 260 266 265 259 255 255
252 253 255 256 258 260 262 264 266 268 270 273 276 279 283 284 281 278 276 275 275 275 276 276 274 272 272 274 275 273 268 262 258 257 258 260 262 263 262 262 262 261 261 260 258 259 262 264 263 263 265 266 262 258 257 257 256 256 259 262 263 262 261 262 265 266 266 266 267 271 277 283 284 285 288 285 280 274 268 262 262 263 261 257 253 252 253 255 259 265 269 263 258 257
252 253 254 256 258 260 262 264 266 268 270 272 275 278 280 282 281 278 276 275 275 276 276 275 274 273 272 272 272 270 266 260 258 259 261 262 262 263 263 262 261 259 258 258 258 260 263 265 264 262 263 264 265 263 261 259 257 256 258 261 261 260 261 263 266 267 266 264 266 271 274 275 274 274 277 278 274 269 265 263 264 265 264 261 256 253 252 253 257 262 266 264 260 259
251 252 254 255 257 259 261 264 266 268 270 272 274 276 278 279 278 277 277 276 276 276 275 275 274 273 271 270 269 268 264 259 257 259 261 262 262 263 262 260 258 257 257 257 259 262 262 262 263 263 262 263 265 267 266 262 259 257 257 258 258 258 262 265 266 268 267 267 270 271 269 266 267 269 271 268 261 258 259 261 264 264 263 263 260 256 254 253 257 262 264 262 258 258
250 251 253 255 257 259 261 263 265 267 270 271 273 275 276 277 277 277 277 276 276 275 275 274 273 271 270 268 267 266 263 258 257 261 262 261 260 260 258 257 255 254 255 258 260 262 262 262 262 262 262 262 264 266 267 265 263 261 257 255 254 257 261 264 267 269 270 271 270 266 260 257 260 266 269 267 258 253 253 256 259 260 260 262 262 258 254 254 259 262 261 256 253 256
250 250 252 254 257 259 261 263 265 267 269 271 272 274 275 276 277 277 276 276 275 275 275 274 272 270 268 266 265 265 263 262 263 264 263 262 260 257 256 255 254 254 255 257 259 261 262 262 261 261 262 262 262 263 265 266 266 264 258 253 254 258 261 265 270 273 273 271 265 257 253 253 257 263 267 268 261 255 252 252 252 252 255 260 261 260 256 257 259 260 258 249 248 254
249 249 251 254 256 258 260 263 265 267 269 271 272 273 275 276 277 277 276 276 275 274 273 272 270 268 266 264 264 265 267 268 268 265 262 262 261 258 256 256 256 256 255 255 259 262 260 259 260 260 261 261 261 263 265 265 265 264 260 255 255 258 263 270 276 276 272 266 258 251 249 252 259 265 266 263 262 262 258 252 248 247 250 253 258 263 263 261 260 259 255 243 247 255
248 249 251 253 255 258 260 263 265 267 269 271 272 273 274 276 276 276 276 276 275 274 272 271 269 267 263 261 264 267 270 272 272 266 262 260 258 259 259 259 259 257 256 258 261 260 256 256 258 260 261 261 262 263 263 264 264 262 260 258 257 261 267 273 276 273 267 258 251 249 251 257 265 267 262 253 259 269 266 256 250 247 246 246 252 260 266 265 263 260 252 239 246 254
247 248 250 253 255 258 260 263 265 267 269 271 273 274 275 275 276 276 276 275 275 273 272 271 268 263 257 257 262 267 271 273 274 270 263 258 255 257 261 262 261 260 260 262 261 255 253 255 256 258 259 261 263 264 265 264 261 257 257 260 264 269 273 272 268 263 257 249 245 248 255 266 271 267 256 244 253 267 273 265 257 251 244 243 247 253 257 260 262 261 252 238 245 252
245 247 250 252 255 258 261 263 266 268 269 271 273 274 275 276 276 276 275 275 274 274 273 271 266 259 252 254 259 262 265 270 275 275 268 258 253 256 261 263 262 263 265 264 259 252 250 253 255 257 256 258 261 264 267 265 256 252 256 263 272 278 277 270 260 253 247 241 242 249 261 270 271 265 252 238 247 260 274 278 268 258 249 246 247 248 247 249 255 258 254 243 245 249
244 246 249 252 255 258 261 264 267 268 270 272 273 275 276 277 276 276 275 275 275 275 273 269 264 258 254 255 255 255 257 264 271 275 274 266 259 258 260 262 262 265 266 263 258 252 249 250 254 256 254 255 258 262 267 262 248 249 258 268 275 277 275 267 257 249 241 237 244 255 264 268 267 261 248 236 245 255 265 279 278 267 259 256 254 250 243 243 250 252 252 251 252 250
243 245 248 252 256 259 262 265 267 269 271 272 274 275 276 276 276 276 276 276 275 274 271 268 265 260 257 256 252 247 249 256 262 267 271 273 266 261 262 262 262 264 264 262 258 252 250 249 252 254 253 253 256 259 261 253 242 251 261 271 275 272 267 260 254 248 239 239 252 262 266 264 260 253 243 239 250 256 259 269 280 277 268 264 260 254 247 247 250 249 248 252 259 258
242 244 248 252 256 260 263 266 269 271 272 273 274 275 276 276 277 277 276 275 274 272 270 270 269 266 263 259 250 242 243 247 252 259 268 271 266 262 263 262 262 262 259 258 256 252 251 252 253 252 249 251 253 253 252 244 242 255 263 270 274 269 259 252 249 247 242 245 259 267 268 262 253 247 240 245 254 256 257 264 276 283 275 267 262 257 254 255 253 248 246 249 259 266
240 242 247 252 256 260 264 267 270 272 274 275 275 276 277 277 277 277 276 275 274 273 272 272 271 271 269 262 252 245 245 246 250 258 266 268 264 264 264 263 262 259 255 254 251 250 253 257 258 252 247 249 250 249 247 239 242 258 265 268 270 265 254 248 249 251 249 253 262 269 269 261 253 248 244 247 250 251 254 260 269 279 277 270 264 260 259 258 254 249 245 247 254 266
239 242 247 251 256 261 265 268 271 273 275 276 276 277 277 277 276 276 276 276 275 275 273 271 271 272 272 267 255 250 251 254 256 261 265 265 265 267 266 263 260 257 255 254 252 252 258 262 260 255 254 254 251 250 246 236 242 258 267 268 265 257 247 245 251 256 257 258 264 267 265 259 257 256 251 247 246 248 252 257 261 266 271 271 268 266 263 259 255 252 249 248 250 260
238 240 246 251 256 261 265 269 272 275 276 277 277 277 276 276 276 276 277 276 275 274 273 272 274 276 274 266 253 248 253 257 258 260 263 267 270 270 267 261 258 255 255 256 255 256 261 261 258 256 258 257 255 253 246 239 245 255 262 265 262 252 239 242 251 259 263 264 263 263 260 258 261 260 253 248 245 248 252 255 254 253 261 268 269 268 265 261 256 254 253 252 252 257
237 239 245 251 257 261 266 270 273 275 277 278 277 277 276 275 275 275 276 275 274 274 274 274 274 275 274 267 257 256 259 258 256 256 259 267 274 268 263 258 255 253 254 255 255 259 261 258 256 258 258 258 258 256 250 248 253 256 257 257 257 250 236 241 250 256 264 270 265 262 259 260 261 257 251 249 248 249 250 249 246 245 252 262 266 263 261 259 255 252 252 253 256 260
235 238 244 250 255 261 266 270 273 275 277 278 277 276 275 274 274 274 273 272 273 275 276 276 273 272 272 272 274 272 268 263 258 258 258 260 267 264 257 253 252 251 252 253 255 260 260 257 258 259 259 258 259 258 256 257 261 261 257 254 253 249 239 242 248 252 259 269 272 269 263 259 256 252 251 252 254 255 252 245 240 240 245 255 262 260 256 256 254 250 250 253 258 264
234 237 242 247 254 260 265 269 272 274 275 275 275 274 274 273 272 271 271 271 272 273 274 275 276 275 273 275 280 281 277 270 266 264 259 254 252 255 253 250 248 248 251 252 255 259 259 258 259 258 257 257 257 258 259 260 262 262 261 257 255 252 247 247 248 250 255 264 275 276 267 258 254 252 253 256 257 258 257 252 245 240 241 248 255 260 257 254 252 251 252 255 258 263
232 234 240 246 253 258 262 266 268 270 271 271 271 271 270 269 268 268 269 270 270 270 271 273 275 276 278 278 279 284 284 280 273 267 260 252 244 242 246 247 247 248 250 252 256 258 257 258 258 257 257 257 256 257 259 260 258 259 259 258 257 255 253 253 251 250 254 262 270 271 263 258 256 256 257 255 253 252 256 260 255 246 242 244 250 260 263 255 252 254 256 257 258 261
230 231 237 244 250 254 258 261 263 263 264 264 265 265 264 264 264 265 266 266 267 268 269 271 272 274 278 282 284 286 287 283 274 266 260 251 239 235 241 245 246 250 252 254 257 258 256 256 255 256 259 260 257 257 260 259 256 255 255 256 256 255 254 256 255 255 257 262 264 258 252 255 260 262 256 251 251 247 250 256 257 250 244 243 248 256 262 257 255 258 259 258 259 264
227 227 234 240 245 249 251 252 252 252 253 254 255 256 257 259 260 261 262 263 264 265 266 268 270 273 279 287 290 285 282 278 272 266 259 247 230 234 242 244 247 250 254 255 256 256 257 255 252 254 258 259 257 255 258 260 256 252 252 253 252 249 249 250 253 258 262 263 259 250 250 257 261 257 246 248 254 244 243 249 250 248 245 245 251 254 254 256 258 258 258 259 265 268
223 223 230 235 238 241 242 241 239 240 241 243 245 247 250 252 254 256 258 260 261 262 263 265 267 272 278 289 289 283 279 278 273 266 257 239 225 235 242 244 249 253 256 257 255 255 256 255 252 253 257 259 257 255 256 256 253 250 249 249 245 241 240 244 250 257 262 262 256 252 259 264 260 248 239 251 256 237 236 242 240 240 246 252 256 256 254 256 258 256 254 259 267 267
223 217 223 228 231 231 230 229 228 230 231 233 236 239 242 246 249 252 255 257 258 260 261 263 266 270 276 283 284 280 279 280 277 267 252 235 231 238 241 245 249 254 258 257 255 255 255 254 253 253 256 260 263 260 255 252 249 248 249 247 242 236 237 243 249 255 260 259 256 259 264 262 256 245 243 256 256 225 229 238 234 234 243 252 256 258 258 257 256 254 253 259 262 262
225 220 223 225 226 225 223 222 222 223 224 226 230 233 236 240 244 248 251 254 256 257 259 261 264 267 271 276 280 280 278 277 276 267 251 237 239 246 249 249 249 252 252 253 257 257 253 250 249 252 257 261 263 263 258 253 249 249 250 248 242 237 239 243 247 254 257 257 258 260 257 252 251 247 252 259 251 214 219 234 236 235 241 248 254 257 255 250 251 255 256 257 256 257
