windninja/windninja_output/Output_2025-10-23_1600-1650_Google earth_Fire_150m_10min/merlingen_7.5mi_point_10-23-2025_1600_150m_ang.asc
ncols	158
nrows	163
xllcorner	391686.332397
yllcorner	5160024.123721
cellsize	150.000000
NODATA_value	-32768.000000
[rows 84 to 125 of 163, columns 0 to 94 of 158]
270 273 278 274 267 264 262 259 258 261 267 273 274 272 272 273 273 274 276 278 280 280 279 279 283 284 280 276 275 273 272 272 270 269 269 269 269 268 268 268 268 270 272 274 274 275 277 279 281 280 279 280 282 284 283 282 281 281 282 282 282 283 283 283 284 284 285 285 286 287 288 289 291 292 294 297 300 304 310 319 335 343 339 323 307 301 297 293 292 291 289 287 284 282 282
265 265 265 264 261 258 252 251 256 262 269 272 272 270 269 270 271 272 274 277 280 281 282 283 285 287 282 277 276 275 273 271 270 268 267 268 269 269 270 271 273 273 273 274 274 274 276 278 279 279 278 277 276 278 281 281 281 281 282 282 283 283 283 284 284 284 285 285 286 287 288 289 290 292 294 296 299 303 309 319 335 344 342 324 304 298 295 292 291 290 289 287 284 282 282
265 263 261 261 258 254 249 250 258 266 270 269 269 269 268 267 267 269 271 274 277 279 281 285 289 290 285 280 278 277 275 273 272 271 269 267 266 265 268 272 275 276 275 273 273 274 275 276 277 279 279 278 276 276 278 280 281 282 282 283 283 283 284 284 284 284 285 285 286 286 287 289 290 291 293 295 298 303 309 318 332 340 338 321 303 295 292 290 289 288 287 286 288 290 291
265 263 260 260 257 252 250 254 260 265 267 266 267 267 265 264 263 263 266 270 274 275 279 288 297 298 289 282 278 275 275 274 275 276 275 271 267 265 265 267 271 276 276 274 272 272 273 274 275 276 278 279 278 277 277 279 281 282 283 284 284 284 284 284 284 284 285 285 285 286 287 288 289 291 293 295 298 301 307 314 325 333 331 318 301 293 290 288 286 285 286 289 292 294 295
267 266 264 262 259 254 253 255 258 259 262 266 268 266 263 260 258 259 262 268 273 276 285 296 307 308 290 281 276 274 273 274 274 276 277 276 273 269 266 265 267 271 275 276 274 272 271 272 273 274 276 279 279 279 278 279 280 282 284 285 286 286 285 285 284 284 284 285 285 286 287 288 289 290 292 294 297 300 304 310 317 324 324 314 301 292 288 285 285 286 288 291 290 285 281
270 270 268 265 261 258 255 253 251 253 261 269 269 265 260 255 252 256 262 269 277 287 296 303 313 307 287 278 275 273 272 273 273 274 275 277 278 275 270 267 266 268 271 275 275 273 270 270 272 274 275 278 281 282 281 279 278 278 282 288 290 288 286 285 285 284 284 285 285 286 286 287 288 290 291 293 295 298 301 306 311 317 318 310 299 292 286 283 285 288 288 287 281 273 270
271 270 265 262 262 261 258 253 248 252 261 267 265 260 256 251 252 255 262 273 287 298 303 302 300 290 279 275 273 272 271 272 272 273 273 275 277 278 275 270 267 268 270 273 275 274 271 269 270 273 276 280 283 285 283 278 275 275 282 290 295 292 288 286 285 284 284 285 285 286 286 287 288 289 290 292 294 296 299 302 306 310 313 308 301 296 292 287 287 288 283 277 273 269 268
268 265 259 257 259 261 260 255 250 253 260 262 257 253 252 252 254 255 260 276 294 306 304 287 269 265 269 270 270 270 271 271 272 273 274 274 275 278 279 274 268 266 268 271 274 275 273 271 270 272 276 281 284 287 287 281 279 282 284 289 295 293 289 286 285 284 284 285 285 285 286 287 287 288 290 291 292 294 296 299 301 305 308 308 304 301 297 292 289 284 276 267 267 267 265
266 264 258 256 257 258 260 257 249 250 255 256 250 250 252 255 258 259 267 280 292 304 285 255 240 250 262 266 268 269 269 270 272 274 275 275 275 276 278 278 271 265 265 269 273 274 273 271 270 271 276 281 286 289 292 291 288 287 284 282 287 290 288 286 285 284 284 284 285 285 285 286 287 288 289 290 291 292 294 296 298 300 303 304 302 299 296 291 285 277 264 262 265 265 264
268 267 264 262 262 262 263 259 249 247 250 249 244 245 247 254 263 270 277 279 275 250 233 231 230 247 260 264 266 267 268 270 273 276 277 276 275 276 277 279 276 268 263 265 269 271 272 271 270 271 274 283 290 291 294 296 290 284 280 277 279 284 286 285 284 284 284 284 284 285 285 286 286 287 288 289 290 291 292 293 295 296 298 298 297 293 290 286 278 268 261 263 266 266 265
269 268 268 268 269 269 268 264 260 259 255 250 246 244 246 256 263 270 272 263 244 221 214 221 230 249 260 263 264 264 266 270 275 279 279 277 276 277 277 279 280 275 267 264 265 268 271 272 273 273 277 284 292 291 291 293 288 283 280 277 277 281 284 284 284 284 284 284 284 284 285 285 286 287 287 288 289 290 291 291 292 293 294 294 293 290 287 282 275 269 268 268 269 269 269
268 267 267 270 271 268 266 266 278 278 268 259 254 252 256 263 263 265 262 247 229 222 220 228 239 254 261 263 263 262 266 271 276 278 279 278 277 278 279 280 282 283 276 268 265 267 270 274 277 280 282 283 287 287 286 288 288 285 283 280 279 281 282 283 284 284 284 284 284 284 285 285 286 286 286 287 288 288 289 290 290 291 291 291 290 288 286 282 277 275 273 273 272 272 272
269 268 269 270 267 261 257 260 271 279 275 267 258 256 262 266 265 266 257 230 222 226 231 243 254 261 263 263 264 266 270 272 272 274 276 278 279 279 280 281 284 288 285 277 272 271 273 277 281 283 281 275 274 279 282 284 286 285 284 282 281 281 282 283 284 284 284 284 284 284 285 285 285 285 286 286 287 287 288 288 289 289 289 289 288 286 284 282 280 278 276 275 274 274 274
273 271 270 267 262 256 252 252 257 265 268 263 261 260 264 266 269 267 251 225 220 229 241 255 266 268 266 264 266 270 272 270 268 269 273 277 279 280 282 283 285 290 291 285 280 278 277 278 279 276 271 267 268 273 277 279 281 282 283 283 282 282 283 284 284 284 284 285 284 284 284 284 285 285 285 286 286 287 287 287 288 288 288 287 286 285 284 282 281 279 278 277 276 276 275
272 271 267 264 262 258 253 250 251 253 255 258 262 264 266 268 267 258 239 226 224 234 250 264 271 266 262 264 266 268 269 269 268 269 271 275 278 282 285 286 287 290 294 289 283 281 279 277 273 270 267 267 267 270 274 276 277 280 282 282 281 282 283 285 285 285 285 285 285 284 284 284 284 284 285 285 285 286 286 286 287 287 287 286 286 285 284 283 281 280 279 278 278 277 276
269 267 263 263 264 263 259 256 252 249 249 251 254 261 266 264 258 247 234 227 231 246 261 265 259 248 253 260 263 265 267 269 270 271 273 276 279 282 286 290 291 292 296 294 287 283 281 277 273 270 269 269 269 270 273 275 276 277 280 282 281 281 282 284 286 287 287 286 285 284 284 284 284 284 284 285 285 285 286 286 286 286 286 286 285 284 284 283 282 281 280 279 278 278 277
268 266 263 263 262 260 259 258 254 249 249 248 248 254 258 255 252 248 238 236 250 264 266 254 235 237 248 256 260 262 265 267 271 274 277 279 281 282 285 291 295 296 298 299 292 285 281 278 274 272 271 271 271 271 272 274 274 275 278 282 282 281 281 282 285 288 288 288 286 284 284 284 284 284 284 284 285 285 285 285 286 286 285 285 285 284 284 283 282 281 281 280 279 278 278
269 268 264 262 259 257 256 255 253 251 250 248 245 244 245 248 251 252 248 256 269 271 258 238 232 239 248 253 256 259 262 266 271 276 280 283 284 284 286 291 298 299 300 302 297 288 282 279 277 275 273 272 272 272 272 273 273 274 276 279 282 282 280 281 283 287 289 289 287 284 283 283 284 284 284 284 284 285 285 285 285 285 285 285 285 284 284 283 282 282 281 280 280 279 278
271 269 266 261 258 257 256 255 254 253 251 249 245 241 243 249 253 254 255 263 267 257 240 235 237 242 248 252 254 257 262 267 271 276 281 286 288 288 288 291 298 301 302 304 303 295 287 283 280 277 274 273 273 273 273 274 275 275 274 276 280 282 282 280 281 284 287 287 285 282 281 283 285 284 283 284 284 284 285 285 285 285 285 285 285 284 284 283 283 282 281 281 280 279 279
271 269 265 262 259 258 257 256 254 254 253 253 252 253 257 258 258 257 258 261 254 236 233 238 240 241 247 253 257 261 266 268 271 276 280 286 291 292 291 292 297 302 304 306 308 304 294 286 281 278 275 274 274 275 274 274 275 275 274 276 278 281 282 280 280 281 283 284 282 280 280 282 285 285 283 283 284 284 285 285 285 286 286 286 285 285 284 284 283 282 282 281 280 279 279
271 269 265 262 260 259 258 257 255 255 257 258 260 266 270 269 264 260 258 254 241 233 236 239 238 240 247 253 258 264 268 270 272 275 279 283 289 293 294 294 298 303 306 308 310 309 301 292 285 279 277 276 276 277 276 275 274 274 275 276 277 278 279 279 279 279 280 282 281 279 278 278 281 283 282 282 283 285 286 286 286 286 286 286 286 285 284 284 283 283 282 281 280 280 279
271 269 264 260 259 259 258 256 255 256 259 262 266 271 272 271 267 260 254 247 240 238 239 238 238 242 247 252 256 263 268 272 274 274 276 281 289 295 298 299 301 305 308 309 312 313 308 300 293 286 281 279 277 276 277 277 275 274 274 274 275 276 277 278 278 277 278 280 280 278 276 274 274 278 280 282 284 286 285 285 287 288 288 287 286 286 285 284 283 283 282 281 280 280 279
271 268 263 259 258 258 257 256 255 258 262 265 268 271 271 270 265 259 251 244 241 244 243 239 239 243 246 249 255 262 268 274 275 272 273 281 290 298 302 303 304 307 308 310 314 316 315 308 301 294 287 282 279 276 275 276 276 275 273 273 273 275 276 277 277 277 277 279 279 276 274 273 272 275 279 283 285 286 285 285 289 292 291 289 287 286 286 285 284 283 282 281 281 280 280
271 267 262 258 257 256 257 259 259 261 265 266 265 263 264 264 262 258 251 244 243 248 249 242 239 241 244 246 252 262 270 275 274 269 273 284 294 299 300 303 307 309 309 312 316 319 321 317 309 301 292 285 282 278 275 274 274 275 274 272 272 274 276 276 277 277 275 277 279 276 272 272 273 274 277 280 282 286 288 287 289 293 294 292 289 288 286 285 284 283 282 281 281 280 280
271 267 260 259 259 259 261 263 264 264 262 260 257 254 256 259 260 256 249 245 248 253 254 247 241 241 244 244 249 260 270 272 272 266 276 289 296 297 297 303 310 311 310 314 318 320 324 324 317 308 297 289 285 282 277 274 272 273 274 273 271 272 275 276 275 275 274 274 277 277 272 270 273 275 276 277 280 285 288 287 286 290 295 295 292 289 287 285 284 283 282 281 281 280 280
273 268 264 265 266 267 265 263 261 258 255 253 250 250 254 258 261 252 243 246 254 259 259 253 246 243 244 244 250 261 267 269 269 268 276 288 294 295 300 305 310 307 309 315 320 321 325 329 325 315 305 295 289 285 281 277 273 272 274 275 272 271 272 274 272 273 274 274 275 277 273 270 272 276 277 277 279 281 284 285 284 286 292 297 295 291 288 285 284 282 282 281 281 280 279
277 274 272 272 271 268 263 258 255 253 252 251 249 250 256 262 264 249 238 245 255 263 265 259 255 250 247 246 252 261 267 268 267 267 274 285 291 297 303 307 305 301 306 315 320 321 326 333 332 322 312 302 292 286 283 280 276 273 274 275 274 270 269 269 269 270 273 276 276 276 275 273 273 275 276 276 277 277 279 282 283 284 288 294 295 293 289 286 283 282 280 280 280 280 279
281 278 275 272 268 263 259 256 254 252 250 251 253 255 260 266 267 249 237 244 252 263 271 269 263 261 258 255 253 256 262 268 267 266 274 285 294 301 307 307 305 302 303 311 318 321 327 334 335 329 319 310 298 288 284 283 279 275 273 274 274 271 267 266 267 268 270 274 276 277 278 276 273 273 273 274 275 274 275 278 282 284 286 290 294 293 289 285 282 279 279 279 280 280 279
282 279 273 268 264 260 258 256 254 251 248 252 259 263 265 268 270 257 242 245 249 258 269 275 266 267 272 271 263 255 255 263 268 271 279 289 297 303 307 307 305 299 296 303 316 323 327 331 335 333 326 319 307 293 286 284 281 276 273 273 274 272 268 267 268 267 267 269 273 278 278 277 274 272 272 272 274 274 274 275 279 283 286 288 291 291 287 283 278 276 277 281 282 281 280
282 278 271 266 263 262 260 257 254 250 249 255 262 265 265 269 273 279 265 252 248 253 260 270 268 271 278 281 276 264 255 257 265 275 284 291 296 298 301 301 298 291 291 299 314 325 326 328 333 335 333 329 317 300 289 286 284 279 274 272 272 272 269 269 270 268 267 266 269 275 278 277 276 274 272 272 273 275 275 274 275 280 284 285 287 287 282 278 275 276 282 287 287 283 279
279 274 268 266 264 263 262 260 255 251 255 262 264 263 262 269 279 307 310 265 251 250 253 262 270 275 279 280 280 277 264 257 263 274 284 290 290 291 294 295 290 288 292 299 311 322 326 329 332 335 337 337 328 309 293 287 286 282 276 272 272 272 270 270 271 270 268 267 268 271 274 275 276 275 272 270 272 275 276 274 273 276 281 282 284 285 279 276 277 282 288 292 290 282 276
279 272 267 266 265 262 260 258 257 258 266 271 267 258 259 270 285 317 338 289 264 255 253 259 270 277 278 276 278 284 276 261 262 271 281 288 290 290 289 289 290 293 297 300 307 319 328 332 332 334 338 342 338 321 299 288 285 284 279 274 272 272 271 270 271 271 269 268 268 268 270 270 271 273 275 272 271 273 276 275 273 275 279 281 280 281 279 279 283 286 289 291 287 280 276
288 276 268 265 264 262 258 255 258 266 275 278 271 257 259 272 286 319 350 320 288 274 266 263 266 273 276 273 276 286 287 271 262 266 277 288 293 292 286 287 292 296 299 299 303 316 326 330 328 330 337 344 347 334 308 290 285 284 282 277 274 272 272 271 271 271 270 269 268 267 267 267 267 269 273 275 272 270 272 274 273 275 279 278 276 278 281 283 286 288 288 287 284 282 283
300 278 268 264 263 263 260 258 263 269 275 280 276 264 263 269 280 312 345 333 310 293 283 273 268 269 273 273 278 287 290 280 269 269 277 286 292 291 286 289 296 298 298 296 299 308 319 324 327 329 336 347 353 347 322 296 286 285 283 279 277 275 274 273 272 271 270 270 268 267 267 267 266 264 267 273 275 271 269 271 274 277 279 278 275 277 283 285 285 286 286 284 285 286 286
314 282 267 265 265 266 266 267 270 270 271 276 284 277 267 265 272 300 333 334 320 302 291 284 279 275 277 280 280 283 290 294 292 285 283 283 286 288 288 292 297 297 294 292 293 300 313 322 328 332 337 350 358 357 337 303 288 284 283 281 279 279 278 275 272 271 270 269 267 267 268 268 266 264 263 267 271 271 270 272 275 276 278 278 278 281 285 286 285 284 284 284 285 284 284
333 290 269 267 269 269 270 273 274 273 269 272 287 286 271 263 269 288 320 331 325 309 297 291 288 284 284 285 283 286 295 303 303 294 286 279 278 286 292 295 293 290 288 288 292 298 308 317 325 332 337 351 1 4 350 311 290 284 283 281 280 282 281 278 273 270 269 267 265 266 268 269 268 266 264 262 264 268 270 272 273 273 275 278 281 284 286 286 285 283 283 284 282 279 281
354 299 271 268 270 271 271 275 277 276 271 273 287 293 276 266 269 279 304 324 327 317 304 296 291 289 288 288 290 293 295 297 297 290 284 280 278 283 291 294 288 284 286 290 294 297 303 313 324 331 336 348 1 8 0 320 292 285 283 282 281 281 279 274 268 266 268 269 267 267 268 270 271 270 266 261 259 262 266 269 271 272 274 278 282 287 289 287 284 283 282 282 279 276 281
22 314 279 271 268 268 270 274 278 280 274 275 287 302 285 269 267 274 290 312 323 317 308 300 294 291 291 292 295 295 294 291 289 287 283 280 281 280 283 291 287 281 281 284 288 293 300 311 324 330 335 345 0 13 10 331 295 286 284 281 278 274 267 261 256 261 269 277 279 273 269 269 271 273 271 265 259 258 260 265 268 272 275 280 284 289 291 288 284 282 283 281 278 278 284
30 321 290 278 267 263 264 266 272 278 277 277 288 310 296 273 265 266 276 290 306 311 308 303 295 292 292 295 296 295 296 293 289 287 283 280 281 276 276 288 291 282 273 272 277 285 292 303 316 323 330 339 359 18 15 340 298 286 281 276 269 260 255 254 255 262 270 280 288 284 275 272 273 274 275 272 264 259 258 260 264 270 277 283 286 289 291 288 284 283 284 282 278 280 286
21 319 293 284 271 265 262 260 262 266 273 279 290 311 303 281 266 259 260 273 286 297 301 298 294 293 293 293 296 298 300 297 289 288 285 280 280 277 273 282 293 287 272 265 268 276 283 293 306 315 321 331 359 24 19 343 296 280 274 267 257 252 256 261 264 267 269 272 282 289 284 279 277 276 277 278 275 268 263 261 262 267 275 282 285 287 289 286 282 283 284 285 281 283 290
6 314 293 288 278 270 265 260 259 260 265 275 288 303 301 288 271 256 252 261 276 287 293 295 293 291 291 296 302 305 307 298 290 289 286 280 279 280 274 276 290 292 279 266 264 268 276 286 301 311 315 325 360 29 28 348 286 270 267 263 257 260 266 269 271 271 269 267 270 280 286 283 281 280 280 283 285 282 275 269 266 265 269 275 279 282 284 281 279 281 286 291 288 287 291
352 308 293 291 283 274 269 264 262 261 261 265 274 287 293 289 278 262 251 255 266 281 290 290 290 292 298 308 311 315 315 300 290 290 287 280 279 283 278 275 285 294 289 273 265 265 271 281 296 305 309 319 1 37 43 8 277 265 264 265 268 270 271 271 271 270 269 266 264 266 275 280 282 285 286 288 291 291 285 278 273 268 265 266 272 277 278 276 277 282 291 297 293 290 292
