windninja/windninja_output/Output_2025-10-23_1600-1650_Google earth_Fire_150m_10min/merlingen_7.5mi_point_10-23-2025_1600_150m_vel.asc
ncols	158
nrows	163
xllcorner	391686.332397
yllcorner	5160024.123721
cellsize	150.000000
NODATA_value	-32768.000000
[rows 76 to 113 of 163, columns 0 to 83 of 158]
8.02 7.68 6.85 5.92 5.54 5.59 5.27 4.88 4.73 4.51 4.30 4.16 4.04 3.96 3.88 3.76 3.65 3.64 3.67 3.63 3.57 3.62 3.65 3.63 3.40 3.01 3.09 3.47 3.76 4.19 4.50 4.46 4.43 4.45 4.19 3.76 3.57 3.57 3.52 3.44 3.43 3.52 3.60 3.65 3.69 3.73 3.76 3.79 3.81 3.83 3.85 3.85 3.86 3.86 3.86 3.87 3.86 3.86 3.86 3.85 3.84 3.82 3.80 3.77 3.75 3.72 3.68 3.63 3.57 3.49 3.36 3.25 3.16 3.01 2.92 2.92 2.67 2.28 2.37 3.88 5.80 6.10 4.97 3.35
8.24 7.95 7.34 6.64 6.13 5.80 5.26 4.86 4.69 4.49 4.30 4.09 4.00 3.99 3.89 3.77 3.67 3.64 3.65 3.62 3.60 3.63 3.65 3.62 3.36 3.12 3.33 3.61 3.62 3.81 4.27 4.55 4.53 4.58 4.55 4.09 3.79 3.73 3.60 3.49 3.41 3.50 3.63 3.68 3.74 3.79 3.82 3.86 3.88 3.90 3.91 3.91 3.92 3.92 3.91 3.91 3.91 3.90 3.90 3.89 3.88 3.86 3.84 3.82 3.80 3.77 3.73 3.67 3.62 3.55 3.44 3.33 3.26 3.13 3.00 2.91 2.68 2.38 2.73 4.29 5.37 4.47 3.26 2.85
8.36 7.60 7.36 7.87 7.26 6.14 5.30 4.91 4.80 4.53 4.18 3.94 3.94 3.99 3.90 3.78 3.69 3.65 3.62 3.60 3.61 3.67 3.71 3.55 3.17 3.20 3.68 3.82 3.65 3.54 3.83 4.43 4.63 4.69 4.77 4.44 4.01 3.87 3.77 3.59 3.39 3.46 3.64 3.71 3.78 3.85 3.89 3.92 3.96 3.98 3.98 3.98 3.97 3.97 3.96 3.96 3.95 3.95 3.95 3.94 3.92 3.91 3.89 3.87 3.85 3.82 3.78 3.73 3.68 3.61 3.50 3.40 3.33 3.23 3.08 2.93 2.72 2.58 2.95 4.04 4.39 2.98 2.30 2.51
7.85 6.96 7.14 9.16 9.26 7.48 5.77 5.03 4.96 4.48 3.87 3.73 3.87 3.95 3.90 3.78 3.73 3.67 3.55 3.55 3.63 3.71 3.76 3.48 2.99 3.19 3.88 4.04 3.79 3.44 3.54 4.17 4.59 4.80 4.90 4.67 4.22 3.98 4.02 3.82 3.41 3.39 3.62 3.74 3.83 3.90 3.96 4.01 4.05 4.07 4.07 4.05 4.03 4.01 4.00 4.00 4.00 3.99 3.99 3.98 3.97 3.96 3.94 3.92 3.90 3.87 3.83 3.79 3.73 3.66 3.55 3.47 3.40 3.31 3.16 3.01 2.84 2.77 3.00 3.46 3.18 2.07 1.83 2.12
6.46 6.28 7.14 8.85 10.23 9.27 6.27 4.93 4.79 4.13 3.46 3.45 3.75 3.91 3.87 3.79 3.78 3.68 3.50 3.51 3.65 3.76 3.78 3.47 2.96 3.16 3.89 4.16 3.95 3.55 3.52 3.97 4.37 4.73 5.00 4.83 4.31 4.10 4.24 4.12 3.55 3.35 3.63 3.77 3.85 3.96 4.02 4.10 4.20 4.23 4.18 4.12 4.08 4.05 4.04 4.03 4.03 4.03 4.03 4.02 4.01 4.00 3.99 3.98 3.95 3.92 3.89 3.85 3.79 3.71 3.62 3.53 3.48 3.39 3.26 3.13 2.98 2.85 2.88 2.86 2.25 1.67 1.72 1.87
5.02 5.76 7.15 8.82 10.68 9.33 5.38 4.00 4.02 3.49 3.03 3.15 3.62 3.86 3.86 3.79 3.77 3.68 3.53 3.51 3.66 3.79 3.80 3.50 3.02 3.18 3.86 4.12 4.05 3.79 3.69 3.91 4.13 4.45 4.87 4.94 4.51 4.24 4.35 4.32 3.83 3.45 3.65 3.82 3.92 4.02 4.04 4.17 4.45 4.51 4.31 4.18 4.11 4.06 4.05 4.05 4.06 4.07 4.07 4.07 4.06 4.05 4.04 4.02 4.00 3.98 3.95 3.90 3.84 3.77 3.69 3.61 3.55 3.47 3.35 3.24 3.08 2.90 2.82 2.57 2.01 1.72 1.72 1.68
5.71 6.37 7.91 10.24 10.45 7.23 4.47 3.48 3.15 2.94 2.69 2.97 3.52 3.83 3.88 3.79 3.74 3.74 3.62 3.56 3.68 3.79 3.83 3.54 3.07 3.28 3.88 4.05 4.04 3.99 3.90 3.94 4.00 4.18 4.51 4.79 4.75 4.49 4.43 4.38 4.04 3.69 3.72 3.94 4.06 4.15 4.13 4.26 4.73 4.82 4.49 4.25 4.09 4.03 4.04 4.06 4.09 4.10 4.11 4.12 4.11 4.10 4.09 4.07 4.06 4.03 4.00 3.96 3.90 3.83 3.76 3.69 3.62 3.55 3.46 3.34 3.17 2.99 2.84 2.55 2.07 1.70 1.60 1.76
9.74 8.74 8.87 9.67 8.28 6.03 4.55 3.57 3.09 2.84 2.68 3.03 3.50 3.79 3.90 3.77 3.77 3.85 3.73 3.67 3.76 3.79 3.85 3.61 3.18 3.40 3.92 4.01 3.97 4.06 4.04 3.96 3.96 4.09 4.27 4.52 4.75 4.69 4.59 4.39 4.10 3.89 3.88 4.08 4.24 4.36 4.38 4.53 4.92 4.97 4.61 4.29 4.09 3.98 3.97 4.04 4.11 4.14 4.16 4.17 4.16 4.15 4.14 4.13 4.10 4.08 4.05 4.01 3.95 3.90 3.84 3.76 3.70 3.64 3.55 3.43 3.28 3.10 2.91 2.59 2.11 1.79 1.71 2.41
11.37 10.02 8.41 7.91 7.08 6.01 4.58 3.65 3.41 3.15 3.10 3.29 3.47 3.78 3.94 3.83 3.85 3.98 3.91 3.84 3.88 3.83 3.82 3.75 3.45 3.46 3.83 3.95 3.89 4.06 4.09 3.95 3.94 4.05 4.25 4.47 4.68 4.76 4.66 4.41 4.18 4.07 4.09 4.20 4.38 4.54 4.65 4.82 5.00 4.89 4.56 4.35 4.14 3.87 3.85 4.02 4.14 4.19 4.22 4.22 4.21 4.20 4.19 4.17 4.15 4.13 4.10 4.06 4.02 3.97 3.91 3.84 3.78 3.72 3.65 3.53 3.39 3.22 3.02 2.70 2.33 2.25 2.36 3.44
12.88 10.88 8.29 7.68 7.30 6.30 4.75 3.98 3.87 3.67 3.58 3.48 3.46 3.76 4.02 4.01 3.93 4.11 4.15 4.06 4.02 3.90 3.88 3.95 3.75 3.44 3.59 3.84 3.93 4.04 4.00 3.93 3.87 3.95 4.32 4.59 4.70 4.82 4.74 4.51 4.31 4.21 4.21 4.29 4.45 4.66 4.88 5.07 5.06 4.79 4.48 4.36 4.17 3.90 3.86 4.04 4.19 4.25 4.28 4.28 4.27 4.25 4.24 4.22 4.20 4.17 4.15 4.12 4.08 4.03 3.98 3.92 3.87 3.81 3.74 3.64 3.52 3.37 3.19 2.95 2.75 2.88 3.31 4.72
13.89 11.51 8.55 7.75 7.36 6.51 5.05 4.51 4.54 4.25 3.83 3.52 3.53 3.71 4.07 4.13 4.04 4.29 4.39 4.31 4.19 4.01 4.10 4.26 3.93 3.35 3.36 3.73 4.01 4.00 3.85 3.92 3.85 3.83 4.28 4.62 4.70 4.91 4.98 4.79 4.50 4.23 4.18 4.32 4.53 4.79 5.08 5.23 5.14 4.80 4.41 4.24 4.18 4.07 4.01 4.13 4.27 4.32 4.35 4.35 4.33 4.31 4.28 4.26 4.23 4.22 4.20 4.17 4.14 4.10 4.05 4.01 3.96 3.90 3.84 3.76 3.66 3.56 3.45 3.33 3.28 3.61 4.35 6.06
14.03 11.45 8.77 7.86 7.09 6.54 5.59 5.12 5.20 4.80 3.91 3.61 3.73 3.68 4.04 4.17 4.11 4.50 4.70 4.67 4.41 4.22 4.63 4.92 4.14 3.16 3.16 3.63 3.93 3.92 3.81 3.93 3.95 3.88 4.13 4.40 4.54 4.88 5.22 5.19 4.81 4.33 4.08 4.23 4.56 4.92 5.23 5.32 5.23 4.89 4.40 4.16 4.13 4.15 4.20 4.28 4.38 4.44 4.45 4.44 4.41 4.36 4.32 4.29 4.27 4.26 4.24 4.22 4.20 4.16 4.13 4.09 4.05 3.99 3.94 3.89 3.84 3.78 3.71 3.66 3.71 4.13 4.97 6.44
13.34 11.33 8.91 7.81 6.69 6.24 6.12 5.78 5.56 5.20 4.31 3.95 3.89 3.63 3.92 4.13 4.16 4.72 5.16 5.27 4.85 4.82 5.82 5.75 4.02 2.63 2.86 3.45 3.73 3.86 3.88 3.97 4.07 4.06 4.08 4.20 4.31 4.62 5.16 5.44 5.24 4.68 4.17 4.16 4.50 4.94 5.33 5.41 5.31 5.02 4.57 4.23 4.10 4.19 4.33 4.41 4.53 4.61 4.59 4.57 4.49 4.39 4.32 4.30 4.29 4.29 4.29 4.27 4.26 4.23 4.20 4.17 4.13 4.09 4.05 4.03 4.00 3.96 3.93 3.91 4.01 4.33 5.01 6.29
12.20 10.96 8.86 7.48 6.51 5.97 6.13 6.16 5.77 5.74 5.40 4.49 3.84 3.59 3.71 3.89 4.32 5.07 5.76 6.08 5.81 6.35 6.86 5.39 2.75 1.82 2.50 3.24 3.59 3.81 3.97 4.07 4.17 4.19 4.19 4.28 4.24 4.29 4.82 5.44 5.51 5.08 4.52 4.24 4.42 4.82 5.28 5.56 5.46 5.17 4.81 4.44 4.25 4.28 4.33 4.42 4.59 4.77 4.94 4.86 4.54 4.33 4.29 4.29 4.30 4.32 4.33 4.32 4.31 4.30 4.27 4.24 4.21 4.19 4.17 4.15 4.14 4.11 4.11 4.14 4.26 4.47 4.89 5.71
11.52 10.32 8.46 7.36 6.62 5.89 5.71 5.91 5.81 6.30 6.44 4.93 3.68 3.53 3.57 3.69 4.42 5.42 6.66 7.55 7.77 7.65 6.21 3.51 1.55 1.32 2.31 3.12 3.51 3.81 4.04 4.19 4.25 4.24 4.35 4.50 4.32 4.18 4.49 5.19 5.58 5.33 4.87 4.49 4.45 4.67 5.08 5.61 5.71 5.41 5.06 4.76 4.55 4.37 4.15 4.21 4.51 5.01 5.62 5.29 4.47 4.16 4.21 4.26 4.31 4.34 4.36 4.37 4.37 4.36 4.34 4.32 4.30 4.28 4.27 4.27 4.25 4.26 4.28 4.34 4.46 4.59 4.81 5.37
10.99 9.67 8.11 7.67 7.15 6.11 5.41 5.34 5.54 6.61 6.99 5.28 3.72 3.54 3.60 3.78 4.43 5.46 7.36 9.33 8.97 6.89 3.80 2.05 1.13 1.30 2.33 3.10 3.52 3.86 4.11 4.29 4.36 4.33 4.47 4.66 4.50 4.34 4.36 4.73 5.38 5.50 5.17 4.82 4.60 4.60 4.91 5.49 5.87 5.81 5.44 5.10 4.83 4.42 3.87 3.92 4.65 5.53 6.15 5.48 4.21 3.89 4.06 4.21 4.31 4.37 4.40 4.42 4.43 4.41 4.40 4.39 4.38 4.37 4.37 4.37 4.37 4.39 4.43 4.51 4.61 4.71 4.92 5.40
10.15 9.10 7.84 7.74 7.70 6.80 5.68 4.90 5.04 6.64 7.32 5.64 4.13 3.81 3.78 4.09 4.55 5.46 8.02 9.95 8.30 3.62 1.84 1.58 1.26 1.59 2.53 3.21 3.62 3.95 4.19 4.42 4.54 4.52 4.59 4.71 4.66 4.56 4.45 4.41 4.80 5.40 5.55 5.23 4.83 4.62 4.80 5.33 5.91 6.21 5.98 5.53 5.10 4.49 3.80 4.03 5.24 5.95 6.01 5.23 4.05 3.68 3.91 4.18 4.30 4.39 4.44 4.47 4.48 4.47 4.46 4.45 4.45 4.45 4.45 4.45 4.47 4.51 4.56 4.63 4.72 4.84 5.07 5.41
9.44 8.62 7.50 7.44 7.78 7.33 6.14 4.66 4.08 5.97 7.53 6.42 4.88 4.45 4.34 4.88 5.31 6.39 8.96 9.51 6.47 1.91 1.68 1.79 1.64 1.99 2.80 3.37 3.77 4.06 4.30 4.62 4.84 4.78 4.68 4.69 4.72 4.70 4.63 4.41 4.25 4.81 5.67 5.71 5.12 4.76 4.79 5.21 5.93 6.44 6.61 6.23 5.25 4.47 4.04 4.40 5.45 5.75 5.48 5.02 4.26 3.73 3.84 4.16 4.32 4.42 4.49 4.52 4.52 4.52 4.52 4.53 4.53 4.53 4.53 4.54 4.56 4.60 4.65 4.71 4.81 4.93 5.11 5.35
9.15 8.43 7.33 7.34 7.91 7.49 6.08 4.20 2.81 4.51 7.00 6.82 5.54 4.87 4.73 5.83 6.62 7.60 9.42 8.49 5.43 3.70 3.07 2.55 2.19 2.48 3.08 3.50 3.88 4.16 4.48 5.00 5.30 5.01 4.64 4.63 4.78 4.82 4.80 4.56 4.09 4.13 5.20 5.92 5.49 5.10 5.02 5.28 6.00 6.60 7.31 6.93 5.02 4.26 4.30 4.55 5.16 5.36 5.14 4.92 4.52 3.95 3.91 4.21 4.36 4.47 4.54 4.56 4.56 4.57 4.59 4.60 4.59 4.59 4.59 4.61 4.64 4.68 4.73 4.79 4.87 4.98 5.12 5.31
8.86 8.36 7.56 7.64 8.21 7.42 5.75 3.89 2.72 3.91 5.96 6.41 5.57 4.65 4.58 6.32 7.52 8.83 10.10 8.20 5.65 5.40 4.43 3.41 2.81 2.95 3.31 3.60 3.89 4.22 4.82 5.54 5.72 5.12 4.53 4.60 4.88 4.96 4.93 4.72 4.20 3.87 4.52 5.53 5.70 5.54 5.49 5.69 6.30 7.06 7.72 6.86 4.62 4.04 4.44 4.66 4.95 5.12 4.94 4.81 4.64 4.14 4.06 4.31 4.43 4.53 4.57 4.58 4.61 4.64 4.66 4.65 4.64 4.64 4.65 4.69 4.71 4.75 4.79 4.85 4.92 5.00 5.12 5.25
8.23 8.36 8.06 7.93 8.19 7.31 5.92 4.35 3.43 3.83 4.93 5.51 4.89 4.50 4.84 6.52 7.64 9.81 10.88 7.48 6.16 6.42 5.55 4.25 3.38 3.27 3.41 3.66 3.91 4.32 5.28 5.92 5.86 5.23 4.61 4.69 5.01 5.11 5.04 4.87 4.44 3.99 4.17 4.97 5.57 5.72 5.96 6.39 6.98 7.45 7.21 6.13 4.72 4.11 4.55 4.87 4.91 4.95 4.79 4.72 4.62 4.26 4.23 4.43 4.53 4.59 4.58 4.61 4.68 4.72 4.71 4.68 4.67 4.69 4.72 4.75 4.78 4.81 4.84 4.89 4.95 5.01 5.09 5.18
8.06 8.48 8.38 7.81 7.78 7.46 6.60 5.46 4.46 4.01 4.28 4.04 3.63 4.26 5.19 6.67 8.06 9.98 10.71 8.52 7.24 7.00 6.95 5.62 3.97 3.34 3.37 3.69 4.09 4.65 5.50 5.90 5.89 5.53 4.97 4.91 5.20 5.30 5.19 5.01 4.74 4.26 4.09 4.76 5.48 5.74 6.26 6.97 7.34 7.12 6.34 5.83 5.22 4.54 4.74 5.03 4.97 4.87 4.75 4.70 4.54 4.35 4.42 4.56 4.62 4.63 4.62 4.68 4.75 4.76 4.73 4.70 4.72 4.74 4.78 4.81 4.83 4.86 4.89 4.93 4.97 5.02 5.07 5.13
8.62 8.72 8.22 7.30 7.17 7.34 6.86 6.28 5.63 4.82 4.34 3.76 3.29 3.82 5.37 7.04 8.53 9.29 8.31 8.34 8.20 7.84 8.31 6.96 4.39 3.14 3.33 3.81 4.34 4.98 5.57 5.80 5.92 5.83 5.39 5.25 5.51 5.63 5.41 5.18 4.99 4.53 4.19 4.63 5.34 5.73 6.33 7.07 7.18 6.71 6.10 5.84 5.58 5.09 4.98 5.15 5.18 5.00 4.79 4.67 4.49 4.46 4.62 4.72 4.70 4.67 4.69 4.73 4.76 4.77 4.75 4.73 4.76 4.81 4.84 4.87 4.88 4.91 4.94 4.96 4.99 5.02 5.05 5.09
9.22 8.68 7.72 6.91 6.64 6.53 6.12 6.23 6.09 5.35 4.86 4.29 3.59 3.82 5.33 7.27 8.37 7.78 6.78 7.07 7.98 8.69 9.28 7.75 4.36 3.28 3.69 4.13 4.56 5.20 5.73 5.91 6.01 5.99 5.75 5.69 5.92 6.03 5.78 5.41 5.13 4.79 4.43 4.49 5.14 5.81 6.33 6.76 6.81 6.48 6.17 5.88 5.68 5.52 5.30 5.31 5.34 5.24 4.92 4.62 4.51 4.60 4.82 4.88 4.81 4.75 4.75 4.75 4.73 4.77 4.77 4.76 4.82 4.86 4.89 4.91 4.94 4.96 4.98 4.99 5.01 5.03 5.04 5.06
8.72 8.22 7.54 7.05 6.51 6.11 5.83 5.88 5.84 5.39 5.21 4.74 4.11 4.33 5.28 6.90 8.05 7.02 5.80 6.11 7.44 9.30 9.47 6.74 4.61 4.16 4.42 4.60 4.83 5.41 5.97 6.26 6.31 6.27 6.13 6.11 6.23 6.33 6.28 5.78 5.25 5.01 4.68 4.48 4.98 5.75 6.18 6.39 6.43 6.33 6.26 5.97 5.68 5.71 5.66 5.50 5.34 5.45 5.23 4.69 4.54 4.70 4.94 5.06 5.02 4.86 4.81 4.73 4.65 4.74 4.79 4.81 4.86 4.91 4.94 4.96 4.99 5.01 5.02 5.02 5.03 5.04 5.04 5.03
7.91 7.65 7.43 7.10 6.37 6.00 5.93 5.80 5.58 5.32 5.24 4.88 4.40 4.71 5.50 6.63 7.74 6.91 5.36 6.50 8.75 9.52 8.21 6.58 5.51 4.98 5.06 5.13 5.17 5.63 6.34 6.78 6.84 6.83 6.64 6.43 6.40 6.59 6.81 6.27 5.45 5.15 4.90 4.61 4.78 5.37 5.95 6.18 6.16 6.19 6.22 6.04 5.77 5.75 5.86 5.64 5.39 5.64 5.53 4.92 4.62 4.69 4.97 5.28 5.28 5.01 4.86 4.66 4.50 4.64 4.81 4.87 4.91 4.96 4.98 5.01 5.04 5.06 5.06 5.06 5.06 5.05 5.04 5.02
7.38 7.23 7.08 6.83 6.30 5.98 5.94 5.81 5.52 5.29 5.18 4.89 4.34 4.37 5.24 6.49 7.46 7.03 6.12 7.72 9.49 8.11 7.13 6.88 6.21 5.75 5.64 5.56 5.52 5.94 6.78 7.37 7.51 7.52 7.23 6.80 6.66 6.96 7.21 6.68 5.71 5.23 5.08 4.82 4.72 5.14 5.81 6.05 5.99 6.02 6.03 6.05 5.90 5.81 5.97 5.73 5.58 5.70 5.62 5.30 4.87 4.76 5.01 5.37 5.50 5.20 4.82 4.49 4.28 4.49 4.90 5.05 4.97 4.96 5.02 5.06 5.11 5.12 5.11 5.10 5.09 5.07 5.04 5.01
6.99 6.87 6.66 6.47 6.22 6.02 5.91 5.76 5.56 5.32 5.11 4.88 4.23 3.90 4.47 5.77 7.18 7.08 6.76 8.46 9.27 7.97 7.40 7.23 6.74 6.49 6.46 6.12 5.92 6.48 7.23 7.78 8.17 8.17 7.88 7.43 7.17 7.27 7.33 6.92 6.01 5.41 5.27 5.08 4.92 5.08 5.52 5.77 5.73 5.77 5.87 6.05 6.02 5.88 6.02 5.89 5.70 5.67 5.68 5.60 5.26 4.97 4.99 5.33 5.62 5.34 4.77 4.34 4.11 4.40 5.10 5.30 4.99 4.92 5.03 5.12 5.18 5.19 5.17 5.15 5.13 5.11 5.05 5.00
6.57 6.46 6.29 6.22 6.13 6.03 5.89 5.65 5.56 5.46 5.20 4.92 4.42 4.20 4.49 5.30 6.74 7.01 6.94 8.02 8.50 8.32 8.10 7.68 7.16 7.12 7.43 7.14 6.74 7.30 7.70 8.05 8.66 8.75 8.48 8.23 7.84 7.51 7.39 7.13 6.41 5.76 5.51 5.37 5.15 5.01 5.18 5.37 5.32 5.52 5.85 6.05 6.12 6.02 5.98 5.90 5.76 5.71 5.80 5.77 5.50 5.12 5.01 5.37 5.62 5.39 4.83 4.28 4.04 4.41 5.17 5.41 5.07 4.87 4.97 5.22 5.34 5.31 5.23 5.20 5.20 5.15 5.07 5.00
6.09 5.99 5.92 6.05 6.13 6.07 5.87 5.57 5.56 5.73 5.52 5.15 4.88 4.67 4.68 5.18 6.14 6.63 6.69 7.14 7.45 7.80 8.19 7.93 7.55 7.67 8.22 8.17 7.96 8.39 8.38 8.61 8.96 9.01 9.09 9.26 8.91 8.13 7.75 7.43 6.84 6.07 5.74 5.67 5.35 5.06 5.03 5.06 5.03 5.33 5.84 6.02 6.09 6.12 5.99 5.84 5.72 5.75 5.90 5.91 5.60 5.23 5.22 5.47 5.52 5.40 4.97 4.28 4.01 4.45 5.04 5.33 5.33 4.97 5.04 5.48 5.58 5.34 5.20 5.31 5.34 5.22 5.07 4.98
5.53 5.48 5.52 5.84 6.15 6.14 5.89 5.58 5.60 6.07 5.98 5.56 5.29 4.95 4.87 5.04 5.59 6.10 6.12 6.32 6.89 7.53 7.57 7.53 7.86 8.12 8.60 8.99 9.44 9.64 9.55 9.47 8.90 8.84 9.96 10.88 10.27 8.90 8.09 7.61 6.98 6.25 6.06 5.95 5.53 5.22 4.99 4.88 4.92 5.17 5.72 5.92 5.87 6.04 6.11 5.87 5.66 5.70 5.90 5.99 5.71 5.43 5.46 5.57 5.48 5.38 5.09 4.35 3.96 4.40 4.90 5.18 5.49 5.44 5.47 5.80 5.72 5.24 5.19 5.60 5.66 5.29 5.01 4.92
4.86 4.94 5.16 5.61 6.07 6.19 6.06 5.72 5.68 6.32 6.43 5.92 5.46 5.14 5.11 4.99 5.22 5.57 5.45 5.59 6.56 7.66 7.01 6.40 7.48 8.47 8.74 9.32 10.74 11.20 10.66 9.87 8.22 8.63 11.49 12.69 11.19 8.97 8.09 7.81 7.05 6.49 6.44 6.19 5.79 5.48 5.13 4.95 4.93 5.01 5.42 5.68 5.62 5.81 6.05 5.97 5.73 5.69 5.83 5.90 5.89 5.77 5.63 5.63 5.56 5.30 5.10 4.55 3.96 4.16 4.83 5.24 5.56 5.82 5.89 5.99 5.82 5.39 5.39 5.87 5.91 5.32 4.92 4.83
4.13 4.33 4.84 5.47 5.90 6.12 6.26 5.98 5.90 6.31 6.57 6.07 5.35 5.32 5.56 5.32 5.17 5.10 4.98 5.26 6.35 7.65 6.92 5.48 6.25 8.01 8.71 8.95 11.34 12.85 11.28 9.97 7.87 8.96 13.37 13.65 10.81 8.65 8.52 8.44 7.27 6.67 6.80 6.55 6.08 5.72 5.40 5.14 4.90 4.81 5.06 5.39 5.46 5.57 5.77 5.87 5.88 5.84 5.82 5.75 5.93 6.15 5.87 5.59 5.56 5.28 5.04 4.77 4.14 3.94 4.62 5.44 5.81 5.96 6.13 6.22 6.11 5.82 5.56 5.78 5.91 5.42 4.91 4.73
3.47 3.75 4.60 5.44 5.84 6.09 6.18 6.11 6.03 6.08 6.44 6.27 5.46 5.54 6.07 5.97 5.26 4.44 4.68 5.73 6.92 7.62 6.69 5.14 5.05 6.82 8.27 8.62 11.37 13.62 11.70 10.21 8.74 10.05 14.53 13.65 10.18 9.19 9.54 8.67 6.70 6.57 7.25 6.81 6.14 5.92 5.68 5.19 4.76 4.66 4.83 5.12 5.31 5.38 5.47 5.59 5.83 6.07 5.98 5.64 5.76 6.36 6.20 5.49 5.48 5.44 5.07 4.86 4.40 3.90 4.27 5.50 6.23 6.14 6.26 6.39 6.38 6.11 5.64 5.64 5.85 5.70 5.11 4.65
3.01 3.48 4.67 5.50 5.80 5.92 5.82 5.89 5.99 5.99 6.34 6.37 5.68 5.78 6.53 6.64 5.21 3.47 4.24 6.27 7.90 7.97 6.26 4.88 4.52 5.49 7.16 8.34 11.58 13.91 12.20 10.55 9.67 11.44 15.27 14.13 11.11 10.71 9.89 7.62 6.06 7.01 7.71 6.78 6.23 6.24 5.83 5.13 4.73 4.67 4.72 4.82 4.94 5.16 5.33 5.35 5.55 6.13 6.25 5.60 5.52 6.25 6.35 5.57 5.46 5.70 5.36 4.91 4.48 4.02 4.19 5.48 6.50 6.38 6.34 6.48 6.44 6.22 5.85 5.74 5.83 5.90 5.36 4.60
2.90 3.57 4.76 5.42 5.55 5.56 5.56 5.69 5.82 5.86 6.20 6.51 5.98 5.95 6.96 7.18 5.02 2.44 3.46 6.25 8.60 8.91 6.28 4.49 4.39 5.03 6.04 7.35 10.58 13.68 13.36 11.20 10.15 12.43 16.19 15.42 12.93 11.49 9.23 6.73 6.45 7.42 7.73 6.93 6.56 6.30 5.59 4.99 4.79 4.74 4.62 4.44 4.41 4.90 5.33 5.19 5.23 5.97 6.37 5.76 5.40 5.90 6.20 5.82 5.60 5.90 5.82 5.12 4.50 4.23 4.41 5.43 6.45 6.50 6.44 6.58 6.44 6.22 6.13 6.05 5.99 6.02 5.51 4.71
2.97 3.57 4.54 5.10 5.25 5.27 5.40 5.57 5.68 5.64 6.00 6.99 6.73 6.15 7.14 7.46 4.81 1.73 2.54 5.53 8.36 9.75 7.44 4.28 4.18 5.66 6.13 6.72 8.49 11.80 13.86 12.79 11.26 13.64 17.21 16.34 13.60 10.91 7.73 6.55 6.45 6.69 7.43 7.75 7.04 6.13 5.27 4.84 4.77 4.74 4.55 4.14 4.01 4.67 5.26 5.07 4.99 5.65 6.31 6.01 5.42 5.52 5.93 5.95 5.79 5.94 6.06 5.56 4.85 4.47 4.60 5.37 6.23 6.49 6.53 6.70 6.54 6.22 6.30 6.42 6.35 6.21 5.57 4.82
3.03 3.45 4.16 4.76 5.11 5.14 5.18 5.34 5.48 5.42 5.81 7.29 7.46 6.42 7.17 7.73 4.92 1.50 1.82 4.27 7.20 9.87 8.98 4.97 4.48 6.73 7.10 7.31 7.58 8.95 12.26 13.97 13.93 15.98 18.23 16.10 12.33 9.20 6.86 6.01 5.42 5.97 7.91 8.69 7.22 5.65 5.04 4.91 4.84 4.75 4.50 4.05 3.86 4.40 5.02 5.00 4.84 5.26 6.07 6.12 5.57 5.26 5.69 6.13 5.85 5.83 6.05 5.86 5.50 4.95 4.83 5.46 6.11 6.27 6.51 6.86 6.74 6.36 6.31 6.51 6.79 6.48 5.46 4.77
