windninja/windninja_output/Output_2025-10-23_1600-1650_Google earth_Fire_150m_10min/merlingen_7.5mi_point_10-23-2025_1630_150m_vel.asc
ncols	158
nrows	163
xllcorner	391686.332397
yllcorner	5160024.123721
cellsize	150.000000
NODATA_value	-32768.000000
[rows 111 to 147 of 163, columns 0 to 83 of 158]
6.08 6.21 6.41 6.51 6.43 6.36 6.35 6.50 6.67 6.73 7.10 7.39 6.67 6.44 7.17 7.15 5.36 3.90 5.22 7.71 9.73 9.52 6.41 4.66 4.59 4.90 5.82 7.45 10.66 13.66 12.99 10.29 9.05 10.06 11.49 9.79 7.00 5.32 3.97 2.91 2.52 2.74 2.54 1.31 0.61 0.46 0.45 0.76 0.86 0.84 1.48 2.53 3.78 5.02 5.73 5.93 6.38 7.30 7.76 7.17 6.82 7.56 8.34 8.25 7.90 7.86 7.37 6.15 5.32 5.10 5.17 5.92 6.91 7.13 6.99 6.89 6.62 6.43 6.20 5.64 5.10 4.86 4.34 3.48
6.10 6.17 6.36 6.60 6.61 6.47 6.52 6.69 6.81 6.75 7.18 8.03 7.36 6.49 7.19 7.42 5.32 3.55 4.62 7.47 10.37 11.43 8.28 4.67 4.55 5.17 4.86 5.10 7.33 11.69 14.08 12.41 9.93 10.42 11.60 10.25 7.76 5.67 3.88 3.15 2.78 3.02 3.17 2.30 0.80 0.20 0.47 0.85 1.11 1.06 1.19 2.00 3.15 4.46 5.45 5.76 6.11 7.05 7.90 7.67 7.06 7.28 8.00 8.27 8.22 8.37 8.42 7.63 6.23 5.25 5.05 5.61 6.53 7.07 7.23 7.26 6.97 6.67 6.73 6.54 5.84 5.25 4.56 3.86
6.69 6.52 6.40 6.62 6.73 6.50 6.35 6.57 6.90 6.95 7.26 8.35 8.15 6.94 7.42 7.72 5.36 3.33 4.39 6.93 9.99 12.59 11.31 6.38 5.00 5.94 5.44 4.99 5.21 7.61 12.05 13.90 12.46 11.55 11.74 10.08 7.91 6.13 4.32 3.53 3.15 3.24 3.54 3.05 1.44 0.38 0.59 0.87 1.21 1.37 1.31 1.61 2.61 3.99 5.17 5.62 5.83 6.61 7.77 8.08 7.58 7.40 7.95 8.24 8.00 8.30 8.79 8.70 7.96 6.66 5.89 6.01 6.47 6.94 7.44 7.66 7.32 6.82 6.83 7.11 7.00 6.05 4.82 4.18
7.04 7.01 6.84 6.78 6.96 6.89 6.51 6.37 6.48 6.71 7.06 7.99 8.24 7.65 8.16 8.27 5.54 3.19 3.79 5.52 8.25 12.00 13.34 9.80 7.59 7.44 7.11 6.28 5.67 5.72 8.25 12.57 14.34 13.73 12.11 9.37 7.45 6.37 5.02 4.06 3.74 3.77 3.95 3.63 2.29 1.29 1.24 1.28 1.33 1.50 1.64 1.68 2.15 3.42 4.85 5.58 5.71 6.14 7.24 8.05 7.90 7.57 7.99 8.56 8.15 8.04 8.64 8.99 8.87 8.17 7.29 6.96 6.92 6.78 7.27 8.00 7.86 7.17 6.67 7.01 7.66 7.11 5.56 4.72
6.79 7.17 7.46 7.26 7.21 7.23 7.13 6.74 6.33 6.36 6.78 7.31 7.53 7.93 9.13 9.21 5.97 2.98 3.03 3.83 6.07 9.60 12.90 13.21 11.22 9.05 8.20 7.97 8.07 6.40 6.65 10.75 14.93 15.76 12.97 9.28 6.97 6.08 5.37 4.59 4.33 4.46 4.62 4.43 3.38 2.26 1.83 1.73 1.61 1.67 1.91 2.07 2.12 2.76 4.27 5.38 5.65 5.84 6.63 7.66 7.91 7.68 7.90 8.58 8.50 8.01 8.35 8.88 9.03 8.73 8.23 7.95 7.82 7.17 6.75 7.59 8.32 7.90 6.90 6.69 7.68 7.72 6.40 5.42
6.33 6.99 7.59 7.57 7.36 7.17 7.22 7.30 7.14 6.89 6.94 6.59 6.38 7.31 9.42 10.14 6.73 2.96 2.63 3.03 4.96 7.61 10.41 13.11 13.76 11.75 9.43 9.02 9.45 7.53 6.68 9.57 14.21 16.88 14.21 9.51 6.90 6.11 6.11 5.55 5.05 5.08 5.22 5.19 4.40 3.04 2.23 1.98 2.02 2.09 2.25 2.45 2.47 2.54 3.63 5.04 5.61 5.69 6.14 7.08 7.58 7.63 7.88 8.39 8.53 8.14 8.22 8.71 9.06 9.04 8.80 8.74 9.00 8.75 7.40 6.97 7.81 8.41 7.65 6.76 7.37 7.77 6.58 5.71
5.96 6.67 7.41 7.53 7.40 7.07 6.80 7.15 7.76 8.08 7.80 6.24 5.24 6.13 9.06 10.99 7.79 3.07 2.44 2.83 4.29 6.22 7.83 10.31 13.13 14.14 12.64 11.27 11.64 8.79 6.71 7.65 11.55 16.23 15.89 10.94 7.97 7.05 7.19 7.04 6.64 6.29 6.06 5.99 5.46 4.07 3.17 2.90 2.80 2.78 2.80 2.88 2.91 2.86 3.32 4.73 5.65 5.77 5.94 6.59 7.07 7.33 7.88 8.48 8.59 8.26 8.27 8.65 8.99 9.15 9.11 9.13 9.60 10.18 9.71 8.15 7.38 8.09 8.38 7.65 7.58 7.75 6.55 5.57
5.85 6.36 7.20 7.57 7.42 7.05 6.52 6.61 7.34 8.21 8.74 6.90 4.61 5.03 7.98 11.42 9.83 3.77 2.00 2.11 2.51 3.80 5.25 6.72 8.97 12.12 13.29 13.40 14.22 13.07 9.57 7.96 9.66 13.91 16.26 16.06 13.71 10.88 9.93 9.52 8.80 8.15 7.41 6.78 6.22 5.29 4.35 3.92 3.67 3.49 3.29 3.22 3.26 3.21 3.29 4.34 5.52 5.91 5.99 6.36 6.67 6.74 7.33 8.29 8.77 8.66 8.61 8.88 9.09 9.13 9.04 9.03 9.42 10.39 11.22 10.55 8.72 8.13 8.49 8.42 8.39 8.15 6.79 5.53
5.95 6.21 7.00 7.64 7.29 6.77 6.49 6.39 6.77 7.28 8.53 7.88 4.70 4.39 6.65 10.51 11.33 6.07 1.68 1.22 1.01 1.40 2.89 4.26 5.60 7.18 8.65 9.94 12.49 13.97 12.81 10.95 10.39 12.14 14.72 17.05 17.29 15.39 14.03 13.50 12.61 10.98 9.59 8.53 7.82 6.98 5.65 4.64 4.18 3.87 3.62 3.47 3.46 3.42 3.34 3.95 5.18 5.87 6.04 6.32 6.53 6.39 6.58 7.33 8.03 8.44 8.51 8.79 9.26 9.29 8.87 8.61 8.84 9.66 11.07 11.95 11.11 9.58 8.97 8.75 8.73 8.50 7.26 5.92
5.93 6.12 6.92 7.93 7.52 6.47 6.40 6.46 6.61 6.50 7.45 8.09 5.27 4.21 5.87 9.32 11.69 8.87 3.26 0.73 0.67 0.15 1.12 2.57 3.80 4.61 5.28 6.18 7.73 9.45 10.93 10.75 10.10 11.31 12.89 14.54 15.89 15.77 14.34 14.29 15.11 14.63 13.12 11.69 10.55 9.35 7.84 6.50 5.46 4.63 4.15 3.90 3.78 3.74 3.61 3.81 4.83 5.65 5.93 6.26 6.53 6.34 6.35 6.52 6.41 6.71 6.74 6.77 7.91 8.95 8.87 8.34 8.18 8.57 9.82 11.59 12.49 11.75 10.50 9.67 9.07 8.67 7.59 6.38
5.74 6.00 6.84 8.26 8.80 7.85 7.66 7.70 7.19 6.03 6.52 8.18 5.81 3.76 5.28 8.58 11.76 10.57 5.66 2.03 0.08 0.86 1.14 1.81 2.86 3.52 4.06 4.79 5.93 6.99 7.82 8.92 9.73 10.45 12.09 12.92 12.79 13.48 11.75 10.91 13.07 14.77 14.66 12.77 11.27 10.26 9.11 7.86 6.64 5.66 4.83 4.32 4.17 4.13 3.96 3.98 4.84 5.61 5.84 6.11 6.35 6.11 6.06 6.26 6.01 6.13 5.80 4.58 4.95 7.06 8.15 8.14 7.84 7.65 8.21 9.82 11.89 13.06 12.70 11.53 10.31 9.37 8.06 6.88
5.41 5.86 6.54 7.60 9.01 9.62 10.03 10.41 9.53 6.90 6.30 8.33 6.27 2.94 3.73 6.60 11.01 11.90 7.63 4.01 1.56 1.04 1.63 2.14 2.79 3.01 3.19 4.01 5.65 6.69 6.65 7.89 9.31 9.51 11.19 11.95 11.12 12.25 10.81 8.46 9.17 11.58 14.12 13.35 10.81 9.34 8.30 7.21 6.51 5.96 5.29 4.72 4.43 4.31 4.15 4.13 4.84 5.67 5.90 6.12 6.17 5.90 5.92 6.17 6.43 7.13 7.02 5.04 3.67 4.30 6.06 7.07 7.40 7.23 7.04 7.70 9.56 12.01 13.54 13.62 12.56 11.01 9.06 7.71
4.84 5.28 5.75 6.04 7.08 8.42 9.63 11.10 11.93 10.05 8.02 9.16 6.83 2.55 2.41 4.36 8.60 12.28 10.54 6.52 3.88 2.16 1.81 2.36 2.89 3.01 3.02 3.91 5.71 6.13 5.47 6.81 8.41 8.59 10.16 11.33 10.35 11.51 11.63 8.50 7.29 9.02 12.74 14.68 12.48 9.73 8.04 6.73 6.28 6.13 5.77 5.28 4.81 4.57 4.34 4.03 4.29 5.16 5.34 5.65 6.03 6.06 6.17 6.32 6.56 7.56 8.27 7.32 4.92 3.39 3.99 5.34 6.14 6.47 6.31 6.18 7.02 9.15 11.69 13.60 14.36 13.61 11.31 9.12
4.74 5.07 5.36 5.28 5.78 7.02 8.09 9.59 11.79 11.84 11.33 11.09 6.85 2.87 2.21 3.20 5.89 10.33 12.46 10.04 6.55 4.15 2.58 2.30 2.53 2.68 2.86 4.01 5.52 4.84 4.23 6.24 7.86 7.92 9.23 10.83 9.81 10.00 11.28 9.27 7.13 7.33 10.00 14.21 14.88 11.97 9.24 7.44 6.63 6.63 6.58 6.15 5.48 5.05 4.76 4.42 4.47 5.24 5.42 5.09 5.63 6.48 6.65 6.67 6.90 7.45 8.20 8.64 7.62 4.81 3.56 4.17 4.67 4.87 5.17 5.06 5.13 6.35 8.57 10.76 12.92 14.59 13.96 11.20
4.91 5.34 5.63 5.42 5.72 6.66 7.48 8.47 10.55 11.59 12.78 13.73 9.40 4.00 2.68 2.89 4.08 6.69 10.44 12.32 11.24 7.38 4.41 3.04 2.72 2.62 2.98 4.16 4.31 3.10 3.39 5.98 7.77 7.46 8.31 10.30 9.49 8.70 10.17 9.57 7.36 6.36 7.48 11.59 14.95 13.95 10.90 8.43 7.22 6.92 6.76 6.52 6.14 5.68 5.33 5.26 5.68 6.56 7.04 6.19 6.00 6.75 7.06 7.10 7.41 7.78 7.95 8.52 8.93 7.69 5.38 4.61 4.52 4.02 3.82 3.80 3.68 4.06 5.43 7.15 8.77 11.98 14.46 13.59
4.60 5.16 5.58 5.30 5.52 6.31 7.15 7.84 9.12 10.46 12.34 15.38 13.82 7.05 4.64 3.56 3.36 4.53 6.82 10.16 12.05 11.23 7.04 4.64 4.63 4.54 4.17 3.82 2.98 2.25 2.96 5.80 8.17 7.53 7.54 9.63 9.61 8.12 8.38 8.69 7.33 5.81 5.95 8.78 13.39 14.63 12.42 9.90 8.33 7.48 6.96 6.53 6.27 6.03 5.65 5.47 5.87 6.91 7.87 7.63 7.06 7.09 7.15 7.16 7.49 7.92 8.04 8.25 8.85 9.02 8.17 6.90 5.70 4.49 3.68 3.16 2.83 2.85 3.42 4.59 5.93 8.36 11.89 13.76
4.45 4.99 5.48 5.10 5.19 6.03 7.03 7.66 8.04 9.08 11.04 14.74 16.35 13.01 8.99 5.41 3.60 4.21 5.67 7.52 10.00 11.67 10.83 8.90 8.11 7.07 5.45 3.78 2.60 1.98 2.46 5.08 8.46 8.85 8.20 9.08 9.47 8.35 7.22 7.33 6.83 5.25 4.67 6.24 10.71 13.98 12.97 10.48 8.93 7.87 7.30 6.87 6.35 6.05 5.75 5.45 5.53 6.42 7.44 7.59 7.33 7.24 7.14 7.13 7.45 7.85 8.05 8.19 8.49 8.84 9.17 8.87 7.53 5.89 4.62 3.62 2.76 2.52 2.80 3.21 4.24 6.15 8.43 10.95
4.44 4.90 5.43 5.04 4.80 5.33 6.40 7.35 7.58 7.93 9.12 12.11 15.78 17.08 14.95 8.74 5.29 5.18 5.95 6.93 7.76 9.57 11.29 10.81 9.78 8.93 6.75 4.27 2.50 1.59 1.67 3.59 7.35 9.66 10.38 10.19 9.45 8.43 7.07 6.60 6.17 5.03 3.92 4.10 7.45 12.36 13.21 10.63 9.01 8.09 7.36 7.07 6.76 6.44 6.09 5.80 5.72 6.21 7.02 7.28 7.23 7.26 7.28 7.37 7.60 7.90 8.04 8.17 8.38 8.55 9.07 9.72 9.18 7.36 5.82 4.74 3.38 2.73 2.76 2.78 3.01 4.13 5.91 7.90
4.37 4.73 5.17 4.71 4.27 4.45 5.04 6.07 6.67 6.84 7.27 8.85 11.73 15.25 17.11 15.77 10.19 7.17 6.56 6.40 5.47 5.93 9.13 10.92 10.71 9.88 7.85 5.22 3.21 1.75 1.08 1.96 4.77 7.90 10.88 12.60 11.50 8.79 7.16 6.60 5.96 5.05 3.89 3.00 4.44 9.36 12.52 11.76 10.19 9.12 8.16 7.49 6.94 6.63 6.28 6.00 6.00 6.37 6.97 7.22 7.26 7.36 7.43 7.55 7.76 7.98 8.06 8.14 8.33 8.54 8.98 9.88 10.34 9.25 7.32 6.03 4.60 3.17 2.91 3.05 3.00 2.90 3.40 5.07
4.45 4.83 5.38 4.90 4.26 4.51 4.87 5.07 5.24 5.32 5.41 5.78 6.93 9.18 12.72 15.92 14.62 11.06 8.24 5.86 4.10 4.18 6.54 10.18 12.07 11.04 8.35 6.36 4.89 3.04 1.53 1.10 2.37 5.14 8.38 12.44 14.37 11.75 8.33 7.17 6.41 5.44 4.49 3.29 2.88 5.49 10.08 11.66 11.18 9.92 8.70 7.96 7.03 6.50 6.18 5.89 5.96 6.49 7.12 7.34 7.25 7.25 7.42 7.58 7.78 8.02 8.11 8.11 8.23 8.52 8.99 9.71 10.52 10.62 9.53 7.95 6.12 4.05 3.28 3.30 3.20 3.03 2.72 2.72
4.65 5.00 5.76 5.69 4.90 5.07 5.68 5.88 5.41 4.47 3.91 3.94 4.49 5.96 8.04 11.06 14.25 13.44 9.26 5.16 3.80 3.54 4.47 7.48 11.89 12.71 8.86 7.09 6.34 4.71 3.01 1.63 1.49 3.11 5.69 9.42 13.96 15.23 12.44 9.59 8.17 6.87 5.94 4.72 3.12 3.31 6.26 9.24 10.55 9.85 8.54 7.90 7.23 6.62 6.21 5.76 5.60 6.14 6.88 7.21 7.13 6.93 6.97 7.36 7.64 7.89 8.10 8.04 8.04 8.32 8.93 9.65 10.21 10.83 10.81 10.05 8.17 5.36 4.05 3.87 3.56 3.17 2.73 2.42
4.68 4.82 5.38 5.91 5.63 5.34 5.86 6.96 7.52 5.93 4.06 3.57 3.85 4.89 6.64 8.64 12.97 14.48 9.65 5.09 3.61 3.03 3.43 4.91 9.26 13.26 11.66 7.78 6.28 4.95 3.50 2.19 1.17 1.78 3.92 6.53 10.25 14.33 15.43 14.22 12.02 9.83 8.50 7.12 5.16 3.57 3.91 6.19 8.82 9.30 8.24 7.64 7.23 6.76 6.35 5.92 5.68 6.03 6.69 7.03 7.14 7.05 6.66 6.99 7.44 7.61 7.88 7.87 7.76 7.98 8.63 9.40 9.97 10.76 11.13 10.96 9.99 7.10 5.19 5.16 4.48 3.20 2.54 2.39
4.76 4.74 4.91 5.59 6.09 5.64 5.27 6.23 8.32 8.95 6.55 4.64 4.40 5.09 6.14 8.09 12.12 14.10 12.37 7.93 4.32 2.90 2.97 3.99 6.86 12.17 13.71 9.99 6.70 4.95 3.57 2.38 1.02 0.89 2.31 4.44 7.02 10.32 13.34 15.08 14.49 12.29 10.86 9.91 8.28 6.21 4.79 5.11 7.19 8.33 7.78 7.22 6.98 6.73 6.47 6.21 6.04 6.31 6.93 7.36 7.61 7.68 7.23 7.14 7.49 7.54 7.68 7.62 7.29 7.47 8.16 8.87 9.40 10.44 11.57 11.81 11.09 8.22 5.82 5.92 5.70 3.79 2.23 2.14
5.15 5.16 5.10 5.50 6.25 6.07 5.27 5.16 6.48 9.01 9.43 7.56 7.05 7.09 7.41 9.09 11.02 12.32 12.72 11.55 8.14 4.02 2.87 3.38 4.92 9.11 13.76 14.01 10.07 6.60 4.77 3.47 1.95 0.64 0.74 2.36 4.85 7.26 9.80 12.62 14.05 13.10 11.79 11.15 10.13 8.76 7.08 6.11 6.87 7.92 7.82 7.21 6.82 6.61 6.40 6.23 6.21 6.49 6.91 7.31 7.74 7.88 7.66 7.53 7.72 7.84 7.82 7.73 7.09 6.61 7.23 8.16 8.71 9.44 11.22 12.81 12.63 9.61 6.32 5.90 6.12 4.88 2.78 1.83
5.36 5.68 5.70 5.74 6.29 6.47 5.94 5.32 5.12 6.48 8.62 8.84 8.43 8.90 10.28 10.34 9.46 9.79 10.34 11.26 10.45 6.63 3.73 2.95 3.19 5.40 10.34 14.65 14.12 10.08 7.01 5.62 4.10 1.97 0.54 0.75 2.60 5.03 7.85 10.65 12.22 12.48 11.87 10.97 10.57 9.98 8.61 7.30 7.28 7.98 8.05 7.56 6.96 6.54 6.23 6.04 6.16 6.52 6.76 7.00 7.46 7.72 7.74 7.75 7.92 8.18 8.14 8.22 7.82 6.38 5.76 6.71 7.77 8.49 10.17 12.74 13.96 12.28 8.00 6.30 6.02 5.13 3.84 2.55
5.01 5.80 6.26 5.83 6.08 6.27 6.14 5.89 5.33 5.27 6.14 6.94 7.19 9.08 12.47 10.85 7.95 7.97 8.32 9.39 9.80 7.70 5.05 3.39 2.44 3.23 6.51 11.59 14.60 13.27 9.92 7.68 6.36 4.42 2.00 0.64 1.08 3.13 6.62 9.51 10.00 10.94 11.57 10.55 10.18 9.94 8.95 7.59 7.22 7.61 7.70 7.43 7.00 6.58 6.24 5.96 6.04 6.52 6.82 7.13 7.52 7.72 7.86 7.93 8.11 8.44 8.43 8.61 8.98 7.61 5.39 4.84 5.74 6.71 8.48 11.52 14.06 14.31 11.81 8.25 6.24 5.09 4.32 3.58
4.19 4.94 6.20 6.18 5.92 5.68 5.45 5.62 5.84 5.85 5.80 6.10 6.22 9.31 13.21 10.97 7.99 7.25 7.10 8.10 8.58 7.15 5.44 4.17 2.54 2.08 4.02 8.14 12.32 13.79 11.88 9.10 7.32 5.87 4.04 1.80 0.90 1.88 5.86 9.02 8.70 9.10 10.41 10.11 9.53 9.37 8.68 7.50 7.07 7.25 7.26 7.09 6.83 6.50 6.16 5.90 5.99 6.50 6.79 7.12 7.55 7.80 7.98 7.97 8.12 8.54 8.68 8.79 9.51 9.27 6.81 4.64 4.13 4.14 4.87 8.07 12.14 14.35 14.45 12.59 8.59 5.66 4.70 4.23
3.71 3.97 5.10 6.28 6.53 5.75 4.81 4.63 5.22 6.06 6.58 6.69 6.77 10.43 12.81 11.18 9.51 8.37 7.17 7.69 8.11 6.64 5.10 4.11 2.69 1.56 2.22 5.51 9.31 12.07 13.11 11.78 8.89 6.84 5.54 3.33 1.32 1.33 4.79 8.59 8.66 8.05 8.92 9.26 9.13 9.26 8.79 7.68 7.19 7.21 7.16 7.03 6.77 6.48 6.12 5.83 5.94 6.38 6.68 6.92 7.29 7.67 8.03 8.11 8.22 8.56 8.87 9.14 9.66 10.16 9.05 6.21 4.41 3.72 3.17 4.06 8.14 11.72 13.66 14.63 12.66 7.70 5.83 4.76
4.38 4.04 3.98 5.34 7.01 7.13 5.77 4.69 4.47 5.07 6.26 7.14 8.68 11.16 11.28 10.10 10.21 10.21 9.69 9.33 8.78 7.02 5.28 4.01 2.78 1.72 1.53 3.33 6.31 8.70 11.38 13.40 12.38 9.21 7.08 4.61 2.41 1.61 3.65 7.54 8.57 7.98 8.11 8.25 8.45 8.89 8.75 7.92 7.43 7.24 7.08 7.01 6.86 6.72 6.43 6.01 5.98 6.29 6.60 6.83 7.04 7.41 7.82 8.16 8.62 9.02 9.26 9.73 10.11 10.49 10.48 8.78 5.75 3.88 3.11 2.91 4.69 8.20 10.51 13.15 13.98 11.16 8.34 6.17
5.30 4.88 4.13 4.28 5.77 7.58 7.96 6.63 5.40 5.34 5.58 7.23 10.83 11.03 8.60 8.16 9.15 9.64 9.90 11.31 11.50 9.02 6.42 4.64 3.24 2.28 1.69 1.95 3.69 5.27 7.26 11.16 13.56 12.57 9.98 7.03 4.71 3.18 3.47 6.17 7.82 7.99 7.96 7.60 7.63 8.15 8.24 7.84 7.53 7.29 7.00 6.72 6.52 6.63 6.68 6.36 6.13 6.28 6.59 6.79 6.93 7.26 7.48 7.87 8.94 10.08 10.49 10.79 11.00 11.24 11.49 10.86 8.13 4.88 3.38 2.53 3.06 5.77 7.91 10.29 12.56 11.96 9.62 7.67
5.48 5.77 5.14 3.82 3.68 5.07 7.60 8.37 7.97 7.83 6.89 9.11 11.82 9.26 6.57 6.87 7.54 7.87 7.51 9.36 12.19 12.58 10.38 7.25 4.94 3.35 2.20 1.64 2.05 2.91 4.16 7.48 11.27 13.38 12.78 9.99 7.18 5.80 5.01 5.74 7.18 7.86 7.91 7.49 7.31 7.60 7.78 7.70 7.52 7.32 7.05 6.58 5.77 5.44 5.99 6.27 6.28 6.40 6.70 6.93 7.04 7.30 7.36 7.49 8.67 10.52 11.91 12.64 12.94 13.27 13.29 13.14 11.42 7.42 4.26 2.29 2.49 4.81 6.77 8.23 10.52 11.20 9.27 7.19
4.97 6.12 6.49 4.35 3.08 3.18 4.44 6.54 8.40 9.48 10.12 12.25 11.82 6.98 5.63 6.02 6.48 6.97 6.37 6.22 8.73 11.84 12.92 12.11 9.81 6.97 4.32 2.27 1.79 1.91 2.39 4.10 7.21 10.89 13.16 11.83 9.06 7.84 7.17 6.70 7.38 8.18 8.24 7.95 7.64 7.52 7.54 7.58 7.52 7.34 7.15 6.95 5.96 4.39 4.15 4.97 5.70 6.17 6.54 7.01 7.28 7.37 7.26 7.07 7.51 8.84 10.61 12.21 13.54 14.69 15.10 15.00 14.51 11.79 6.26 3.54 3.52 5.65 7.62 8.64 9.58 10.38 9.27 6.67
4.52 5.98 7.51 6.19 4.09 3.30 3.31 3.75 5.65 7.92 12.05 14.35 10.49 6.34 5.55 5.53 6.01 6.74 6.25 4.88 5.31 7.31 9.93 12.08 12.09 11.00 9.49 6.69 3.69 2.40 2.15 2.55 3.77 7.10 11.41 12.01 10.01 8.56 7.93 7.54 7.77 8.41 8.55 8.36 8.07 7.76 7.57 7.53 7.49 7.37 7.26 7.38 6.96 5.22 3.48 3.24 4.40 5.45 5.86 6.36 6.92 7.14 6.96 6.52 6.30 6.47 6.95 8.05 9.92 12.56 14.56 15.22 15.58 14.33 9.73 5.83 5.56 6.98 9.41 10.19 8.86 9.40 9.56 6.79
4.84 5.45 7.01 7.88 6.43 4.86 4.05 3.75 4.42 5.11 10.07 15.69 11.79 6.60 5.81 5.49 5.98 6.84 6.21 4.58 4.45 5.09 6.32 8.28 9.38 9.85 10.42 10.35 8.48 5.81 3.94 2.94 2.44 4.23 8.96 10.49 9.33 8.22 7.78 7.75 7.86 8.26 8.46 8.40 8.18 7.91 7.67 7.60 7.57 7.56 7.55 7.59 7.49 6.43 4.15 2.48 3.07 4.44 5.17 5.52 6.06 6.69 6.83 6.30 5.80 5.84 5.87 5.82 6.43 8.08 10.99 13.77 15.60 15.35 12.01 8.30 6.88 7.47 10.41 11.48 9.21 9.28 9.45 6.78
5.92 5.18 5.08 7.15 8.39 7.82 6.49 5.38 4.94 4.64 7.63 14.87 13.92 8.16 7.05 6.70 6.95 7.35 6.22 5.04 4.77 4.84 5.25 5.79 6.18 6.36 6.86 8.74 9.60 9.20 7.85 5.55 3.36 3.76 7.09 8.83 8.32 7.50 7.28 7.57 7.91 8.19 8.38 8.35 8.18 7.95 7.73 7.64 7.71 7.84 7.95 7.92 7.74 6.87 4.78 2.61 2.15 3.25 4.67 5.28 5.44 6.09 6.82 6.78 6.27 6.31 6.40 5.83 5.64 6.04 7.04 10.26 14.69 15.70 12.85 9.66 7.49 7.03 10.15 12.23 10.75 10.04 9.21 6.90
7.63 5.79 3.73 4.62 7.32 9.39 9.99 8.95 7.20 5.24 7.32 12.59 12.29 9.37 9.25 9.38 9.59 9.80 8.90 7.47 6.35 5.63 5.52 5.27 5.01 4.99 4.61 4.86 6.16 7.58 8.96 8.81 6.58 4.97 6.32 7.89 7.73 7.15 6.90 7.19 7.74 8.13 8.37 8.47 8.34 8.09 7.90 7.75 7.79 7.95 8.15 8.37 8.18 7.04 5.27 3.31 2.02 2.32 3.83 4.91 5.02 5.30 6.14 6.93 7.16 7.46 7.68 7.04 6.54 6.55 6.44 7.64 11.99 14.99 13.34 10.65 8.64 6.95 8.07 11.41 12.21 10.95 9.41 8.09
9.73 6.90 3.47 2.75 3.75 6.73 9.62 11.69 11.02 8.11 9.00 10.96 9.63 8.09 8.37 9.36 10.43 11.03 11.21 11.49 11.32 10.22 8.71 7.16 5.70 5.09 4.43 3.91 3.83 3.68 5.53 8.63 8.26 6.34 6.50 7.66 7.74 7.31 7.08 7.15 7.57 8.01 8.34 8.66 8.73 8.42 8.14 8.05 8.13 8.15 8.37 8.96 8.84 7.23 5.44 3.61 1.71 1.41 2.42 3.75 4.24 4.46 5.03 5.82 6.74 7.74 8.58 8.74 8.65 8.70 8.52 8.63 10.87 13.81 13.39 11.69 10.89 9.10 7.46 9.70 12.51 12.30 11.35 9.39
