windninja/windninja_output/Output_2025-10-23_1600-1650_Google earth_Fire_150m_10min/merlingen_7.5mi_point_10-23-2025_1620_150m_vel.asc
ncols	158
nrows	163
xllcorner	391686.332397
yllcorner	5160024.123721
cellsize	150.000000
NODATA_value	-32768.000000
[rows 0 to 36 of 163, columns 0 to 83 of 158]
5.67 5.58 5.55 5.80 6.16 6.31 6.26 6.40 6.67 6.78 6.82 7.01 7.36 7.56 7.18 6.29 5.20 4.44 4.46 4.52 4.33 5.15 6.54 7.12 6.82 6.17 5.70 5.80 6.24 6.39 6.29 6.12 5.86 5.60 5.64 5.65 5.14 4.70 4.54 4.50 4.78 5.07 5.07 4.93 4.79 4.66 4.49 4.22 4.51 5.31 5.87 6.15 6.33 6.35 6.21 6.02 5.80 5.63 5.48 5.37 5.42 5.57 5.64 5.66 5.81 6.04 6.15 5.96 5.57 5.22 5.13 5.22 5.27 5.28 5.36 5.40 5.30 5.07 4.75 4.65 4.79 4.86 4.90 4.75
5.78 5.69 5.57 5.64 5.86 6.07 6.08 5.97 5.97 6.06 6.27 6.69 7.26 7.78 7.85 7.34 6.46 5.65 5.47 5.43 5.01 5.11 6.01 6.90 7.14 6.72 6.16 5.94 6.05 6.13 6.08 6.02 5.97 5.80 5.66 5.80 5.66 5.37 5.25 5.09 5.09 5.27 5.40 5.47 5.41 5.35 5.38 5.09 4.79 4.98 5.31 5.51 5.67 5.76 5.74 5.73 5.73 5.73 5.70 5.50 5.33 5.40 5.54 5.59 5.61 5.73 5.90 5.93 5.71 5.37 5.18 5.21 5.27 5.29 5.33 5.38 5.38 5.31 5.06 4.82 4.84 4.87 4.88 4.90
5.89 5.95 5.82 5.68 5.71 5.80 5.96 5.95 5.81 5.85 6.17 6.61 7.06 7.63 8.33 8.61 8.20 7.56 7.10 6.71 6.10 5.35 5.22 6.10 7.20 7.40 6.87 6.26 5.99 5.98 5.98 5.91 5.89 5.91 5.85 6.01 6.27 6.27 6.12 5.88 5.70 5.69 5.82 6.04 6.11 6.15 6.33 6.32 5.80 5.23 5.10 5.22 5.34 5.44 5.46 5.55 5.69 5.77 5.89 5.84 5.57 5.45 5.52 5.56 5.45 5.41 5.60 5.86 5.90 5.60 5.29 5.22 5.23 5.21 5.23 5.31 5.49 5.69 5.49 5.09 5.00 5.13 5.05 5.01
5.76 6.14 6.31 6.11 6.08 6.02 6.22 6.66 6.94 7.04 7.01 6.94 6.98 7.23 7.84 8.59 8.58 8.22 7.94 7.47 6.69 5.83 5.22 5.50 6.77 7.70 7.74 7.31 6.95 6.84 6.78 6.51 6.15 6.00 6.07 6.19 6.28 6.34 6.25 6.14 6.18 6.25 6.31 6.41 6.49 6.53 6.56 6.68 6.68 6.36 6.00 5.85 5.90 5.96 5.85 5.69 5.62 5.59 5.67 5.83 5.79 5.59 5.51 5.52 5.43 5.37 5.50 5.77 5.89 5.65 5.37 5.25 5.16 5.04 5.00 5.01 5.17 5.57 5.66 5.23 5.00 5.36 5.49 5.17
5.35 5.87 6.50 6.53 6.47 6.39 6.41 6.66 6.92 7.04 6.95 6.73 6.77 7.08 7.47 8.10 8.35 8.02 7.75 7.60 6.99 6.08 5.33 5.26 6.15 7.30 8.11 8.38 8.26 8.14 8.13 7.99 7.56 6.97 6.56 6.48 6.46 6.49 6.59 6.56 6.55 6.67 6.84 6.92 6.91 6.84 6.72 6.64 6.67 6.64 6.36 6.06 5.96 6.03 5.99 5.78 5.60 5.51 5.48 5.56 5.62 5.52 5.44 5.45 5.41 5.36 5.42 5.69 5.87 5.64 5.37 5.21 5.09 5.01 4.97 4.84 4.67 4.89 5.36 5.30 4.84 4.93 5.44 5.37
4.93 5.20 5.92 6.52 6.70 6.60 6.39 6.25 6.17 6.16 6.20 6.15 6.17 6.52 7.03 7.48 7.97 7.87 7.38 7.20 6.92 6.12 5.08 4.73 5.18 6.08 6.99 7.76 8.15 8.32 8.54 8.76 8.77 8.44 7.86 7.36 7.24 7.25 7.28 7.22 7.02 6.84 6.80 6.79 6.74 6.67 6.55 6.40 6.32 6.31 6.32 6.17 5.92 5.82 5.86 5.80 5.67 5.56 5.49 5.49 5.54 5.52 5.49 5.50 5.44 5.37 5.40 5.67 5.89 5.77 5.62 5.43 5.14 5.00 5.13 5.25 5.08 4.83 4.90 5.13 4.93 4.62 4.88 5.17
4.99 4.89 5.02 5.69 6.33 6.53 6.39 6.10 5.86 5.76 5.76 5.79 5.79 6.01 6.58 6.99 7.57 8.06 7.90 7.59 7.33 6.62 5.32 4.31 4.27 4.82 5.52 6.28 6.99 7.50 7.90 8.26 8.59 8.79 8.75 8.44 8.13 7.95 7.75 7.50 7.19 6.82 6.50 6.29 6.16 6.18 6.17 6.09 6.06 6.03 6.11 6.23 6.16 5.99 5.90 5.78 5.64 5.54 5.46 5.46 5.57 5.71 5.81 5.79 5.65 5.48 5.43 5.66 5.84 5.80 5.94 6.08 5.79 5.32 5.27 5.57 5.72 5.49 5.08 5.13 5.28 4.99 4.82 4.96
5.25 5.15 4.90 4.86 5.24 5.66 5.88 5.80 5.57 5.44 5.44 5.52 5.66 5.94 6.49 6.88 7.16 7.84 8.19 8.06 7.94 7.53 6.36 4.81 4.01 4.19 4.86 5.45 5.96 6.42 6.82 7.17 7.52 7.82 8.06 8.09 7.89 7.64 7.42 7.14 6.82 6.51 6.25 6.04 5.86 5.78 5.78 5.78 5.75 5.73 5.75 5.91 6.09 6.20 6.16 5.92 5.71 5.60 5.49 5.47 5.55 5.68 5.94 6.14 6.11 5.82 5.56 5.64 5.81 5.69 5.74 6.11 6.21 5.81 5.39 5.36 5.64 5.70 5.31 5.18 5.38 5.12 4.89 5.07
5.30 5.33 5.21 4.88 4.72 4.83 5.11 5.33 5.35 5.25 5.17 5.12 5.23 5.63 6.42 6.98 7.06 7.38 7.93 8.09 8.05 7.94 7.32 6.14 4.91 4.42 4.75 5.17 5.34 5.62 5.97 6.22 6.60 6.99 7.10 6.99 6.83 6.73 6.66 6.52 6.29 6.06 5.87 5.78 5.74 5.62 5.53 5.50 5.41 5.39 5.58 5.65 5.61 5.84 6.15 6.02 5.79 5.74 5.60 5.39 5.19 4.96 5.07 5.59 5.98 6.00 5.73 5.66 5.83 5.78 5.54 5.52 5.65 5.62 5.37 5.19 5.37 5.53 5.35 5.22 5.35 5.05 4.66 4.99
5.25 5.29 5.32 5.20 5.02 4.96 5.03 5.17 5.24 5.20 5.07 4.86 4.71 4.90 5.70 6.65 6.99 7.09 7.49 8.06 8.29 8.24 7.95 7.20 6.23 5.20 4.84 5.15 5.31 5.40 5.76 5.87 5.97 6.39 6.68 6.61 6.38 6.26 6.25 6.20 6.09 5.96 5.79 5.64 5.57 5.41 5.28 5.31 5.16 4.95 5.12 5.36 5.23 5.33 5.73 5.82 5.52 5.38 5.25 4.93 4.63 4.29 3.99 4.20 4.87 5.40 5.52 5.50 5.59 5.74 5.65 5.38 5.19 5.22 5.23 5.13 5.16 5.15 5.21 5.60 5.84 5.60 4.85 4.47
5.30 5.32 5.38 5.36 5.28 5.29 5.34 5.36 5.32 5.22 5.06 4.80 4.46 4.37 4.88 5.85 6.52 6.77 6.88 7.41 8.12 8.46 8.41 7.89 7.16 6.33 5.55 5.36 5.43 5.36 5.51 5.56 5.41 5.63 6.08 6.31 6.24 6.09 6.10 6.16 6.19 6.12 5.91 5.66 5.53 5.24 4.90 4.98 4.86 4.39 4.36 4.64 4.66 4.77 4.96 5.18 4.85 4.46 4.37 4.25 4.11 3.78 3.26 3.16 3.67 4.22 4.59 4.75 4.80 5.19 5.57 5.52 5.26 5.13 5.19 5.18 5.15 4.87 4.72 5.40 6.14 6.35 5.75 4.76
5.36 5.36 5.40 5.43 5.38 5.37 5.41 5.45 5.41 5.28 5.12 4.88 4.53 4.28 4.48 5.16 5.87 6.40 6.49 6.55 7.04 7.67 8.10 8.00 7.47 6.76 5.87 5.26 5.07 4.97 5.00 5.08 5.00 5.12 5.48 5.76 5.88 5.89 5.91 5.95 6.02 6.06 5.92 5.74 5.74 5.48 4.84 4.57 4.50 4.02 3.66 3.61 3.57 3.81 3.99 4.23 4.22 3.94 3.76 3.66 3.64 3.34 2.70 2.45 2.74 2.99 3.35 3.64 3.77 4.40 5.18 5.52 5.41 5.21 5.40 5.76 6.00 5.78 5.18 5.16 5.78 6.44 6.55 6.06
5.39 5.38 5.40 5.45 5.46 5.44 5.40 5.36 5.32 5.23 5.10 4.93 4.65 4.32 4.23 4.57 5.01 5.59 6.10 6.23 6.32 6.65 7.12 7.32 6.99 6.32 5.59 5.04 4.76 4.66 4.75 4.93 4.97 4.97 5.21 5.45 5.49 5.51 5.58 5.63 5.74 5.90 5.87 5.81 5.87 5.79 5.34 4.83 4.53 4.12 3.60 3.27 3.19 3.48 3.70 3.64 3.63 3.62 3.53 3.56 3.63 3.31 2.69 2.29 2.20 2.23 2.35 2.46 2.66 3.46 4.35 5.03 5.31 5.16 5.37 6.03 6.54 6.68 6.33 5.84 5.73 6.07 6.45 6.50
5.43 5.41 5.39 5.42 5.47 5.50 5.47 5.39 5.30 5.19 5.07 4.92 4.74 4.56 4.42 4.40 4.34 4.44 5.12 5.72 5.88 6.00 6.24 6.39 6.32 6.00 5.56 5.22 5.00 4.87 4.77 4.72 4.78 4.82 4.99 5.39 5.49 5.38 5.31 5.28 5.43 5.51 5.28 5.12 5.20 5.19 5.08 5.16 5.22 4.82 4.08 3.56 3.38 3.65 3.94 3.57 3.16 3.08 3.25 3.73 3.99 3.61 3.15 2.68 2.25 2.10 1.97 1.74 1.44 1.91 3.11 4.08 4.74 4.81 4.75 4.91 5.30 5.76 5.92 5.70 5.47 5.50 5.70 5.91
5.49 5.46 5.43 5.40 5.39 5.40 5.43 5.43 5.37 5.25 5.11 4.97 4.80 4.80 5.00 5.11 4.83 4.28 4.26 4.85 5.25 5.39 5.69 5.96 6.02 5.82 5.58 5.44 5.23 5.06 5.03 4.84 4.68 4.72 4.83 5.24 5.57 5.53 5.25 4.90 4.89 4.93 4.86 4.71 4.60 4.60 4.38 4.42 5.31 5.89 5.26 4.29 3.93 4.24 4.55 4.09 3.26 2.78 3.05 3.97 4.58 4.29 3.96 3.67 3.24 2.76 2.27 1.86 1.25 0.75 1.50 2.94 3.86 4.14 4.01 3.94 4.15 4.49 4.70 4.62 4.48 4.53 4.70 4.99
5.53 5.51 5.47 5.43 5.38 5.35 5.32 5.33 5.33 5.25 5.15 5.03 4.83 4.72 5.07 5.70 5.83 5.28 4.64 4.59 4.93 5.18 5.51 5.88 6.03 5.81 5.51 5.51 5.49 5.30 5.40 5.49 5.29 5.14 4.94 4.81 4.96 5.13 4.98 4.78 4.72 4.64 4.92 5.08 4.68 4.71 4.70 3.96 4.10 5.49 6.20 5.61 5.20 5.49 5.82 5.90 5.03 3.72 3.46 4.19 4.88 4.90 4.59 4.32 4.42 4.28 3.51 2.92 2.27 0.95 0.54 1.47 2.55 3.09 3.36 3.55 3.77 4.01 4.21 4.29 4.03 3.81 3.91 4.11
5.56 5.55 5.51 5.47 5.44 5.42 5.38 5.34 5.32 5.26 5.16 5.05 4.87 4.53 4.49 5.15 5.81 5.86 5.48 5.12 5.08 5.21 5.42 5.73 6.03 5.97 5.58 5.43 5.65 5.67 5.61 5.62 5.43 5.19 4.92 4.61 4.57 4.75 4.83 4.95 5.00 4.88 5.24 5.65 5.37 5.10 5.34 4.97 4.19 4.52 5.67 6.15 6.03 6.03 6.22 6.59 6.50 5.31 4.35 4.74 5.22 5.21 4.87 4.45 4.64 4.97 4.56 3.88 3.43 2.49 1.21 0.78 1.34 1.89 2.55 3.10 3.49 3.94 4.22 4.35 4.14 3.76 3.68 3.72
5.59 5.59 5.58 5.54 5.51 5.48 5.46 5.43 5.40 5.35 5.22 5.05 4.87 4.52 4.17 4.35 5.00 5.43 5.52 5.40 5.20 5.08 5.09 5.30 5.60 5.73 5.50 5.16 5.15 5.35 5.39 5.31 5.24 5.31 5.38 5.24 5.05 5.00 5.12 5.34 5.44 5.35 5.34 5.51 5.57 5.33 5.28 5.49 5.43 5.09 5.04 5.40 5.71 5.82 5.88 6.19 6.61 6.32 5.51 5.35 5.64 5.63 5.24 4.77 4.71 5.10 5.18 4.59 4.04 3.49 2.63 1.72 1.47 1.47 1.62 2.32 3.03 3.64 4.05 4.02 3.82 3.65 3.52 3.56
5.61 5.61 5.60 5.59 5.56 5.52 5.48 5.44 5.41 5.39 5.32 5.13 4.90 4.64 4.30 4.17 4.47 4.80 4.96 5.01 4.97 4.88 4.81 4.87 5.07 5.24 5.23 4.97 4.70 4.75 4.99 5.13 5.26 5.53 5.83 5.93 5.68 5.30 5.15 5.29 5.33 5.33 5.41 5.38 5.46 5.51 5.20 5.03 5.40 5.57 5.12 4.77 4.94 5.38 5.70 5.96 6.34 6.43 5.97 5.64 5.86 5.95 5.53 5.10 4.91 5.05 5.34 5.08 4.46 4.02 3.55 3.05 2.71 2.23 1.67 1.63 2.05 2.67 3.40 3.54 3.40 3.36 3.17 3.27
5.62 5.60 5.58 5.60 5.61 5.59 5.53 5.47 5.39 5.33 5.33 5.26 5.06 4.83 4.57 4.37 4.40 4.56 4.70 4.81 4.88 4.91 4.88 4.89 5.02 5.15 5.18 5.06 4.86 4.78 4.93 5.15 5.30 5.38 5.55 5.76 5.73 5.37 5.15 5.40 5.55 5.64 5.82 5.78 5.69 5.75 5.62 5.08 4.94 5.34 5.31 4.83 4.56 4.79 5.36 5.82 6.18 6.39 6.14 5.72 5.76 5.89 5.46 4.97 4.81 4.82 5.10 5.22 4.97 4.67 4.30 3.89 3.65 3.35 2.78 2.28 2.14 2.56 3.20 3.47 3.44 3.36 3.10 3.05
5.69 5.66 5.63 5.62 5.61 5.62 5.59 5.52 5.43 5.32 5.29 5.28 5.17 5.00 4.84 4.71 4.69 4.77 4.87 4.97 5.03 5.06 5.08 5.10 5.18 5.26 5.26 5.19 5.12 5.06 5.06 5.25 5.57 5.77 5.95 6.21 6.30 6.07 5.87 6.01 6.06 6.02 6.03 6.01 5.94 5.82 5.74 5.37 5.00 5.23 5.45 5.22 4.78 4.49 4.66 5.05 5.53 6.05 6.29 6.01 5.85 6.04 5.67 4.98 4.82 4.88 5.04 5.29 5.28 5.08 4.78 4.30 3.91 3.64 3.31 3.13 3.29 3.69 4.07 4.07 3.87 3.69 3.39 3.04
5.76 5.74 5.68 5.63 5.60 5.60 5.63 5.61 5.53 5.42 5.34 5.31 5.21 5.08 5.01 4.97 4.99 5.06 5.11 5.12 5.14 5.17 5.20 5.20 5.24 5.34 5.39 5.35 5.28 5.19 5.12 5.27 5.77 6.25 6.48 6.80 7.04 6.79 6.33 6.23 6.25 6.26 6.26 6.18 6.06 5.84 5.62 5.46 5.33 5.43 5.64 5.57 5.24 4.72 4.36 4.41 4.74 5.26 5.94 6.29 6.18 6.28 6.06 5.31 5.00 4.97 5.07 5.35 5.43 5.21 4.86 4.54 4.21 3.80 3.24 3.06 3.55 4.37 5.03 5.19 4.77 4.18 3.80 3.31
5.74 5.74 5.72 5.70 5.67 5.65 5.65 5.66 5.63 5.51 5.41 5.42 5.40 5.25 5.14 5.11 5.12 5.20 5.27 5.28 5.29 5.30 5.30 5.30 5.35 5.46 5.54 5.54 5.48 5.33 5.15 5.20 5.68 6.15 6.23 6.23 6.48 6.59 6.24 5.97 6.04 6.24 6.40 6.42 6.26 6.04 5.92 5.80 5.64 5.61 5.73 5.65 5.46 5.11 4.65 4.46 4.56 4.79 5.26 6.07 6.35 6.40 6.29 5.64 5.28 5.27 5.34 5.52 5.64 5.47 5.06 4.74 4.56 4.27 3.59 3.11 3.26 4.01 5.03 5.84 5.93 5.30 4.73 3.96
5.77 5.76 5.76 5.77 5.73 5.68 5.65 5.64 5.63 5.58 5.46 5.44 5.51 5.46 5.31 5.23 5.22 5.26 5.34 5.37 5.41 5.44 5.46 5.46 5.49 5.56 5.62 5.62 5.50 5.23 4.93 4.77 5.07 5.58 5.81 5.82 5.79 5.91 5.97 5.79 5.78 6.04 6.35 6.62 6.66 6.44 6.29 6.17 5.82 5.62 5.76 5.70 5.54 5.40 5.04 4.71 4.66 4.66 4.76 5.50 6.22 6.47 6.33 5.70 5.23 5.23 5.32 5.41 5.50 5.43 5.14 4.81 4.65 4.47 4.08 3.50 3.07 3.29 4.04 5.18 6.15 6.19 5.78 5.06
5.82 5.79 5.75 5.75 5.73 5.69 5.66 5.65 5.63 5.60 5.51 5.40 5.41 5.50 5.48 5.39 5.31 5.30 5.35 5.37 5.41 5.48 5.51 5.52 5.59 5.68 5.74 5.76 5.57 5.08 4.62 4.34 4.41 4.97 5.56 5.89 5.93 5.80 5.69 5.59 5.56 5.79 6.22 6.74 7.02 6.80 6.53 6.41 6.09 5.73 5.70 5.72 5.61 5.53 5.34 5.04 4.92 4.81 4.58 4.82 5.63 6.29 6.34 5.80 5.04 4.61 4.62 4.84 5.03 5.02 4.78 4.56 4.56 4.49 4.22 3.74 3.06 2.68 3.03 3.99 5.32 6.17 6.43 6.29
5.84 5.81 5.75 5.73 5.73 5.71 5.70 5.71 5.69 5.63 5.56 5.45 5.37 5.40 5.45 5.45 5.41 5.37 5.36 5.36 5.37 5.42 5.47 5.52 5.64 5.84 6.08 6.27 6.18 5.46 4.61 4.19 4.12 4.52 5.33 5.98 6.32 6.28 5.78 5.40 5.39 5.56 5.93 6.47 6.82 6.81 6.74 6.61 6.39 6.15 5.96 5.84 5.56 5.27 5.15 5.11 5.19 5.18 4.78 4.47 4.92 5.78 6.23 6.22 5.80 5.15 4.76 4.79 5.05 5.11 4.79 4.42 4.32 4.30 4.22 4.14 3.80 2.90 2.46 3.06 4.27 5.47 6.27 6.85
5.90 5.86 5.81 5.78 5.77 5.74 5.72 5.72 5.73 5.70 5.64 5.56 5.44 5.36 5.35 5.37 5.39 5.40 5.39 5.38 5.36 5.40 5.49 5.58 5.72 5.94 6.38 6.90 6.97 6.32 5.32 4.51 3.96 3.77 4.36 5.37 6.25 6.79 6.37 5.62 5.48 5.55 5.68 6.17 6.57 6.77 7.20 7.23 6.85 6.63 6.55 6.41 5.96 5.42 5.07 5.07 5.39 5.58 5.33 4.93 4.99 5.29 5.52 5.82 6.02 5.81 5.36 5.15 5.37 5.61 5.34 4.67 4.20 4.08 4.06 4.31 4.67 4.04 2.63 2.40 3.21 4.23 5.13 6.03
5.94 5.94 5.90 5.84 5.80 5.76 5.73 5.72 5.71 5.70 5.67 5.60 5.50 5.37 5.31 5.32 5.33 5.35 5.40 5.43 5.44 5.46 5.51 5.60 5.76 5.95 6.34 7.15 7.71 7.50 6.75 5.62 4.52 3.81 3.58 4.06 5.20 6.56 6.78 5.96 5.56 5.69 5.73 6.14 6.65 6.93 7.56 8.06 7.75 7.01 6.92 7.30 7.11 6.47 5.68 5.14 5.55 6.21 6.19 5.81 5.69 5.47 4.96 4.83 5.20 5.48 5.37 5.29 5.49 5.73 5.68 5.05 4.33 4.02 3.84 3.96 4.69 5.07 3.87 2.51 2.40 3.06 3.85 4.59
5.95 5.96 5.95 5.89 5.84 5.79 5.76 5.74 5.70 5.67 5.65 5.61 5.55 5.45 5.34 5.32 5.33 5.33 5.37 5.46 5.49 5.50 5.48 5.50 5.62 5.86 6.33 7.23 8.25 8.72 8.52 7.53 6.05 4.95 4.17 3.96 4.81 6.25 7.05 6.66 6.33 6.46 6.43 6.54 6.79 7.05 7.45 8.15 8.59 7.88 7.33 7.89 8.12 7.63 6.67 5.60 5.74 6.59 6.77 6.20 5.96 6.03 5.60 4.95 4.90 5.15 5.15 5.23 5.45 5.59 5.78 5.53 4.94 4.36 3.80 3.53 3.85 4.92 4.73 3.19 2.20 2.28 2.94 3.56
5.96 5.96 5.96 5.94 5.87 5.78 5.74 5.73 5.70 5.65 5.65 5.64 5.61 5.55 5.44 5.35 5.34 5.35 5.35 5.38 5.41 5.43 5.42 5.40 5.42 5.57 6.00 6.75 7.75 8.83 9.62 9.60 8.28 6.74 5.76 5.53 5.96 6.91 7.61 7.50 7.48 7.61 7.63 7.60 7.30 7.24 7.50 7.97 8.85 9.11 8.73 8.71 8.92 8.79 7.97 6.70 6.04 6.23 6.75 6.41 5.68 5.65 5.86 5.49 4.99 4.83 4.76 5.01 5.40 5.39 5.34 5.36 5.18 4.69 4.03 3.65 3.81 4.64 5.01 3.93 2.44 1.90 2.21 2.88
6.01 5.99 5.98 6.00 5.94 5.81 5.74 5.74 5.73 5.67 5.64 5.64 5.61 5.56 5.47 5.37 5.32 5.32 5.32 5.33 5.34 5.37 5.40 5.40 5.37 5.32 5.39 5.76 6.40 7.11 8.12 9.28 9.33 8.43 7.40 6.92 7.02 7.42 7.91 7.92 7.86 7.95 8.00 8.10 7.88 7.51 7.49 7.62 8.04 8.60 8.74 8.67 8.86 9.15 8.68 7.39 6.29 5.78 6.25 6.66 5.76 4.92 5.23 5.46 5.02 4.48 4.21 4.48 5.21 5.29 4.70 4.44 4.51 4.44 4.25 4.25 4.32 4.86 5.46 4.88 3.22 2.09 1.96 2.49
6.09 6.03 5.99 6.04 6.04 5.94 5.84 5.81 5.79 5.74 5.69 5.65 5.61 5.56 5.50 5.40 5.29 5.22 5.21 5.26 5.30 5.32 5.36 5.36 5.29 5.22 5.19 5.35 5.72 6.18 6.95 7.99 8.74 8.69 7.74 6.87 6.84 7.23 7.64 7.73 7.50 7.16 6.96 7.11 7.20 7.02 6.83 6.61 6.46 6.51 6.61 6.85 7.36 8.28 8.41 7.49 6.87 6.33 6.13 6.63 6.08 4.99 5.03 5.55 5.37 4.44 3.85 4.16 5.21 5.51 4.56 3.98 4.02 4.08 4.17 4.35 4.52 5.00 5.75 5.76 4.49 3.05 2.38 2.41
6.15 6.08 5.97 5.98 6.03 5.97 5.87 5.82 5.78 5.73 5.70 5.70 5.67 5.63 5.56 5.47 5.36 5.25 5.14 5.13 5.18 5.18 5.23 5.30 5.21 5.08 5.13 5.36 5.87 6.73 7.75 8.38 8.67 8.70 7.47 6.07 6.11 6.62 6.75 6.69 6.68 6.39 6.17 6.24 6.25 6.14 6.03 5.87 5.71 5.69 5.63 5.66 6.03 7.04 7.80 7.38 7.13 7.36 7.28 7.01 5.98 4.88 5.04 5.92 6.15 4.93 3.78 3.99 5.32 6.00 5.05 4.40 4.35 4.21 4.15 4.26 4.53 5.04 5.81 6.23 5.43 4.11 3.18 2.66
6.21 6.18 6.07 5.97 5.95 5.90 5.82 5.80 5.76 5.68 5.63 5.64 5.65 5.63 5.58 5.50 5.43 5.37 5.26 5.16 5.11 5.07 5.05 5.17 5.24 5.10 5.00 5.10 5.50 6.31 7.26 8.08 8.51 9.00 8.19 6.03 5.66 6.29 6.50 6.32 6.39 6.27 6.06 6.00 5.74 5.55 5.54 5.48 5.40 5.48 5.48 5.36 5.33 5.78 6.58 6.56 6.26 6.96 8.11 8.23 6.67 4.98 4.93 6.01 6.93 6.08 4.24 3.56 4.63 6.01 5.82 5.24 4.92 4.51 4.24 4.22 4.40 4.88 5.80 6.71 6.51 5.32 4.27 3.39
6.25 6.29 6.27 6.16 6.06 5.96 5.89 5.85 5.80 5.71 5.61 5.57 5.56 5.55 5.54 5.50 5.43 5.37 5.30 5.21 5.13 5.04 4.91 4.87 4.99 5.03 4.91 4.78 4.75 4.91 5.55 6.62 7.59 8.65 9.03 7.57 6.16 6.20 6.60 6.51 6.47 6.23 5.85 5.66 5.39 5.15 5.11 5.11 5.16 5.24 5.28 5.25 5.14 5.11 5.39 5.59 5.39 5.59 7.06 8.54 7.84 5.69 4.77 5.47 7.03 7.19 5.54 3.86 3.87 5.08 5.68 5.58 5.18 4.62 4.15 3.89 3.87 4.10 4.81 6.17 7.02 6.68 5.80 4.71
6.24 6.26 6.32 6.36 6.27 6.10 5.97 5.91 5.89 5.80 5.67 5.58 5.54 5.52 5.48 5.43 5.39 5.33 5.25 5.19 5.14 5.05 4.89 4.69 4.58 4.60 4.64 4.60 4.40 4.24 4.60 5.55 6.74 7.87 8.89 8.66 7.25 6.35 6.36 6.25 6.12 6.05 5.80 5.55 5.48 5.37 5.06 5.09 5.27 5.37 5.43 5.47 5.45 5.28 5.29 5.47 5.44 5.24 5.80 7.55 7.89 5.95 4.46 4.63 6.30 7.65 7.01 5.23 4.16 4.18 4.61 5.02 4.95 4.42 3.90 3.55 3.38 3.30 3.36 4.14 5.65 6.56 6.66 6.02
6.27 6.23 6.20 6.28 6.29 6.16 5.99 5.89 5.88 5.83 5.71 5.60 5.54 5.51 5.47 5.41 5.35 5.32 5.26 5.17 5.10 5.01 4.87 4.69 4.50 4.38 4.36 4.38 4.35 4.34 4.59 5.17 6.02 6.85 7.62 8.01 7.62 6.87 6.42 6.03 5.72 5.78 5.92 5.77 5.72 5.78 5.49 5.39 5.48 5.48 5.56 5.66 5.80 5.80 5.71 5.79 5.96 5.91 5.94 7.00 7.65 6.17 4.43 4.06 5.10 7.02 7.71 6.68 5.22 4.22 3.94 4.22 4.28 3.97 3.76 3.57 3.38 3.41 3.43 3.34 3.82 4.93 6.09 6.64
