windninja/windninja_output/Output_2025-10-23_2100-2150_Google earth_Fire_150m_10min/merlingen_7.5mi_point_10-23-2025_2120_150m_ang.asc
ncols	158
nrows	163
xllcorner	391686.332397
yllcorner	5160024.123721
cellsize	150.000000
NODATA_value	-32768.000000
[rows 0 to 41 of 163, columns 0 to 93 of 158]
124 120 116 114 112 113 114 109 105 104 102 93 74 61 62 69 77 82 86 96 105 100 88 87 91 95 93 86 85 87 85 83 81 78 78 82 83 80 79 79 78 78 78 77 80 82 81 84 96 118 142 159 176 195 216 238 253 263 268 270 269 267 266 266 264 260 261 267 273 278 278 275 273 271 271 272 273 274 276 278 276 272 271 273 275 274 269 266 266 264 260 260 260 256
126 122 118 116 114 112 111 107 103 103 102 96 82 72 73 78 86 91 96 102 107 106 99 94 94 95 95 93 91 88 86 85 85 85 85 87 88 90 92 91 90 91 92 96 101 106 112 115 118 122 133 149 170 198 223 237 245 250 256 261 264 264 264 263 263 262 263 266 270 274 274 273 272 271 271 271 270 272 274 276 274 272 271 271 272 273 271 267 265 265 264 263 262 260
131 126 122 121 117 114 110 107 107 108 109 108 101 93 90 92 97 102 105 106 108 112 112 105 98 96 97 99 97 93 91 92 93 94 97 98 99 103 105 106 107 108 111 116 121 127 133 138 141 140 141 152 172 196 211 219 225 232 238 244 248 251 254 255 257 260 261 262 264 266 267 267 268 269 269 268 266 267 270 271 268 267 269 268 267 270 271 266 263 264 266 267 265 265
131 127 124 122 119 118 117 116 117 118 119 119 112 104 100 101 103 107 107 106 107 111 115 113 106 103 104 104 104 102 101 101 101 103 105 107 107 107 109 114 118 121 124 127 131 136 140 145 152 156 158 165 177 187 194 203 213 223 230 234 237 240 244 248 250 253 255 258 260 260 261 263 265 266 266 266 266 265 265 265 264 263 264 265 266 268 269 265 262 261 262 264 266 265
130 128 125 123 121 122 123 121 121 121 121 123 119 111 107 105 104 105 105 103 104 109 117 121 115 111 112 113 114 114 112 111 111 112 113 113 112 114 118 123 127 130 132 134 138 141 144 149 154 159 164 171 177 184 192 200 208 215 221 226 230 234 238 242 244 248 251 254 256 255 256 259 262 263 263 264 267 267 263 261 262 263 262 263 265 266 269 270 266 261 258 260 263 265
129 128 126 125 123 124 124 121 119 117 118 122 123 115 109 106 102 100 100 99 101 106 114 123 120 116 115 114 116 118 118 118 118 120 121 121 122 124 127 130 132 133 134 135 138 141 144 149 153 159 167 173 177 182 191 198 203 208 213 219 224 228 232 236 240 242 245 249 251 250 250 255 259 259 257 258 261 264 263 258 259 264 264 263 263 264 266 272 274 270 264 262 261 263
129 128 126 125 124 124 122 120 118 117 119 123 126 118 109 106 103 100 101 103 103 105 111 120 121 117 115 114 116 118 119 119 120 122 125 127 129 130 131 132 134 134 133 134 136 139 143 148 153 159 167 174 177 182 189 194 198 202 207 213 216 219 224 229 234 237 240 244 246 244 244 248 251 252 251 252 255 257 256 253 256 261 263 262 261 262 264 270 277 279 276 271 267 265
128 127 126 125 123 121 119 116 115 117 121 125 129 122 111 107 106 104 104 106 106 107 111 118 122 121 118 117 117 118 118 118 118 120 123 125 128 129 129 130 131 131 131 131 134 137 141 146 152 158 165 170 175 183 188 190 193 198 203 206 208 211 217 222 227 231 236 240 242 241 241 244 245 245 248 250 252 252 248 250 257 261 261 259 259 259 260 265 271 278 281 279 275 272
128 127 125 124 122 118 115 113 115 118 122 126 130 125 114 109 108 107 106 106 107 108 111 116 123 126 123 119 118 118 116 116 118 118 119 119 121 122 122 123 123 124 126 129 132 136 140 144 149 157 163 166 172 181 185 186 189 194 199 203 208 213 216 221 226 229 233 236 237 237 241 246 246 245 246 249 252 249 246 250 257 261 262 259 257 256 257 259 263 268 272 275 275 275
127 126 124 123 122 119 116 115 117 120 122 125 129 125 115 109 108 109 109 109 109 110 111 116 122 127 127 122 121 121 118 117 119 118 117 116 117 118 118 118 120 123 126 129 131 135 140 143 147 155 160 164 171 176 179 183 188 194 201 208 216 219 221 226 231 232 232 233 232 234 240 245 246 245 245 247 250 248 245 249 254 257 260 262 262 260 259 260 262 261 261 266 271 273
128 126 124 123 122 121 119 119 119 121 122 124 127 126 117 110 109 110 112 112 112 112 113 116 122 127 131 126 122 122 118 116 116 115 113 113 114 115 117 119 123 125 126 129 130 131 137 141 145 150 154 159 167 170 174 183 192 201 211 220 226 229 230 234 238 236 236 234 232 235 241 243 244 243 243 245 249 250 250 250 250 251 254 259 265 267 266 267 266 261 260 265 269 269
128 126 124 122 122 121 120 120 120 121 121 123 125 126 120 113 111 111 112 113 113 112 113 115 119 123 126 123 118 117 113 110 112 112 111 110 111 114 118 120 122 123 125 129 130 131 134 135 136 137 137 143 153 159 167 185 203 216 226 236 245 250 252 252 251 249 247 241 236 239 241 241 241 239 238 240 243 246 249 251 250 249 249 253 260 264 266 267 266 262 263 266 267 269
127 126 124 123 122 121 121 120 119 120 120 121 123 124 120 114 112 112 112 113 113 112 111 111 111 112 115 116 114 112 111 111 112 112 111 109 111 115 117 120 121 123 126 129 129 130 133 131 126 123 123 124 125 126 133 173 217 233 243 255 262 264 268 277 277 271 264 256 247 243 241 240 240 238 235 235 237 241 243 245 249 250 251 254 258 259 262 264 262 259 263 264 264 268
126 125 124 123 122 121 120 119 119 119 119 120 122 123 118 112 111 113 113 112 112 110 107 104 102 104 110 112 113 112 111 111 111 111 112 112 113 115 116 118 119 118 117 116 114 113 119 129 131 130 129 130 133 133 130 132 224 238 238 239 240 240 244 254 267 273 275 276 273 257 245 242 242 239 236 238 242 245 245 245 250 254 255 256 256 256 261 261 257 258 264 264 263 265
125 125 123 123 122 120 120 119 118 118 119 119 122 125 119 113 111 114 114 111 108 106 103 100 100 104 109 112 112 112 110 110 112 113 115 115 114 112 111 109 106 98 91 93 98 100 107 125 139 147 150 153 158 164 172 179 186 194 201 208 213 215 218 221 230 243 253 264 279 284 260 249 245 242 241 245 250 251 250 254 259 260 260 259 256 257 260 259 255 256 264 265 263 264
125 124 123 122 121 120 119 118 117 118 118 119 121 126 123 116 113 114 114 111 108 106 105 103 103 106 111 112 111 112 113 114 116 116 114 110 105 101 97 93 90 89 94 104 113 120 124 128 135 145 155 162 166 169 175 184 188 187 188 195 203 207 210 211 218 226 231 239 250 269 281 266 255 249 247 249 251 252 255 260 263 262 262 260 258 258 259 258 255 255 260 263 262 263
124 124 122 121 120 119 119 118 117 117 118 118 120 124 124 116 112 111 112 112 110 108 107 106 106 108 111 113 114 116 116 115 112 107 100 95 94 94 94 96 101 111 119 123 128 133 136 139 140 142 151 161 165 168 175 184 190 190 186 190 198 205 208 209 215 222 227 230 235 241 259 275 269 262 254 251 250 252 257 259 258 258 259 259 258 259 258 257 260 261 260 259 259 259
124 123 122 121 120 119 118 118 117 117 117 117 118 121 121 116 111 109 110 109 108 107 107 107 107 107 109 113 114 114 111 107 101 96 94 97 102 106 110 114 119 123 124 125 130 134 137 144 148 147 149 156 162 167 174 182 188 189 186 189 197 203 207 208 212 219 225 228 231 235 240 250 261 266 264 256 252 254 258 257 256 257 258 255 255 257 257 257 262 268 267 260 256 257
123 123 121 120 119 119 118 117 117 116 116 116 117 118 118 115 111 107 106 105 104 105 106 106 105 105 107 109 110 108 104 100 98 100 103 106 109 113 116 117 119 122 123 126 130 133 137 142 146 148 149 152 158 166 172 177 182 187 187 189 196 203 207 208 211 217 225 228 230 234 234 233 242 252 259 262 262 262 261 259 260 261 259 256 252 251 252 255 259 265 270 264 259 258
123 122 121 120 119 118 117 116 116 116 115 115 115 116 115 114 110 106 104 103 104 105 107 107 106 106 107 108 108 106 104 101 100 101 102 105 109 114 119 121 124 127 128 131 133 135 139 142 144 145 149 153 156 162 168 173 179 185 188 191 198 206 210 210 213 219 225 227 227 229 229 227 233 240 243 249 256 260 260 259 260 261 260 257 252 250 250 252 256 261 265 264 261 260
122 122 121 120 118 117 116 115 115 115 114 114 114 114 114 112 110 108 107 107 107 108 108 109 108 108 107 107 108 107 107 107 105 106 110 114 117 123 128 128 129 130 130 132 135 137 139 142 145 146 149 154 157 159 163 169 176 183 189 193 199 207 210 210 213 218 220 223 225 226 225 227 233 239 240 236 236 242 248 253 256 256 257 256 254 252 251 251 255 260 262 261 258 259
122 121 120 119 118 117 116 115 114 114 114 113 113 113 113 112 110 109 109 109 109 109 110 110 109 108 108 108 108 109 111 112 113 116 120 122 123 125 129 129 129 130 130 132 134 135 137 142 146 149 152 155 158 161 163 166 172 179 187 194 198 205 210 210 212 214 216 220 224 225 226 228 234 241 241 232 228 233 239 244 249 251 253 255 254 253 250 251 256 260 259 254 253 256
121 120 119 118 117 116 115 114 113 113 114 113 112 112 112 111 111 110 110 110 110 110 110 110 110 109 109 109 109 110 114 118 119 118 119 119 119 120 123 125 127 129 131 132 132 135 140 145 148 150 152 155 160 163 164 166 171 176 183 193 198 204 209 209 208 209 212 218 223 225 226 228 234 239 239 230 224 231 235 239 241 242 247 252 254 253 250 252 256 258 256 246 247 254
120 119 118 118 117 116 115 113 112 112 113 113 112 111 112 112 112 111 111 111 111 111 111 111 111 110 109 107 107 109 114 119 119 115 114 113 113 115 118 123 127 130 131 132 134 139 144 146 148 150 152 155 160 163 165 168 172 176 181 189 197 203 208 207 205 207 213 220 225 227 227 230 236 240 236 228 225 234 238 238 238 239 242 246 250 255 256 256 256 257 252 241 246 254
120 119 118 117 115 115 114 113 112 112 112 112 112 111 111 111 111 111 111 111 111 111 112 112 112 110 107 104 105 109 115 118 116 114 112 112 113 115 119 123 128 130 132 134 137 142 146 146 148 150 152 155 159 162 166 169 173 178 181 186 195 202 205 205 207 213 220 226 229 231 232 235 239 239 233 227 232 241 243 240 238 238 237 239 244 252 258 259 259 258 250 237 245 254
119 118 117 116 115 114 113 112 112 112 111 111 111 111 111 111 111 111 111 111 112 112 112 112 112 111 108 105 106 110 114 116 117 117 116 116 115 116 120 125 128 131 134 134 136 143 146 146 148 151 153 156 158 160 164 169 176 182 186 187 190 195 199 204 209 214 219 223 227 231 235 239 241 237 229 224 233 245 248 244 242 239 235 235 239 245 249 253 259 258 249 236 243 251
118 117 116 115 114 113 113 112 111 111 111 111 111 111 111 111 111 111 111 112 112 112 113 114 114 114 111 108 108 110 113 115 117 118 118 117 117 118 122 128 131 133 134 134 137 145 149 148 150 153 157 159 160 160 162 168 179 187 189 186 185 189 198 207 213 216 217 219 223 228 235 240 240 235 225 219 230 243 251 252 248 242 237 236 239 241 239 243 252 255 251 241 244 248
117 117 115 114 113 113 112 111 111 110 110 110 110 110 111 111 111 112 112 112 112 113 114 115 116 118 117 112 111 113 114 115 118 119 119 119 119 118 121 129 133 133 135 137 141 147 151 152 152 155 159 162 164 164 164 171 181 187 186 183 184 192 202 212 219 221 218 218 221 228 236 238 236 231 221 216 228 240 246 253 255 249 244 244 245 243 237 239 246 250 250 249 251 250
117 116 114 113 112 112 112 111 110 110 109 109 109 110 111 111 111 112 112 112 113 114 116 117 119 123 124 119 117 117 116 116 120 122 123 127 127 123 125 133 138 137 139 141 144 149 152 153 154 156 160 163 166 167 170 174 179 182 183 182 186 197 206 212 218 220 217 217 223 230 235 235 230 226 221 219 231 241 245 250 259 257 252 253 253 248 242 244 247 247 247 251 259 259
116 115 114 112 111 111 111 110 109 109 109 109 109 110 111 112 112 112 113 113 114 115 116 118 121 126 127 123 120 120 118 117 121 125 130 138 139 132 130 137 141 142 145 145 147 151 152 154 154 158 164 165 167 171 175 178 178 179 183 185 190 202 211 215 218 219 215 216 226 235 237 234 230 226 222 223 232 241 246 251 258 261 259 257 255 251 249 251 250 246 244 248 259 266
115 115 113 111 110 110 110 109 109 109 109 109 109 110 110 111 112 113 114 114 115 115 117 119 123 127 127 124 121 118 114 114 119 126 134 144 145 136 133 138 142 143 147 147 149 152 152 151 151 156 163 165 168 174 179 183 182 179 182 190 198 207 216 221 223 220 214 217 231 240 241 237 234 230 222 221 227 235 242 248 253 257 260 259 256 252 252 253 251 246 244 246 254 266
114 114 113 111 109 110 110 109 109 109 109 109 109 109 110 111 112 113 114 114 115 116 118 121 124 127 127 126 124 120 115 116 120 124 132 145 145 135 133 137 139 140 143 143 146 149 147 145 145 149 154 158 165 174 181 186 186 181 184 195 204 207 213 221 224 220 213 216 232 241 241 237 236 231 222 220 223 231 239 245 247 246 254 259 259 258 256 254 252 249 248 247 250 260
112 112 112 110 109 109 109 109 108 109 109 109 109 110 110 111 112 113 114 115 116 117 120 121 124 127 129 130 133 131 126 124 123 120 125 140 142 133 130 133 134 136 139 138 140 143 141 139 142 145 148 152 159 170 180 183 182 183 189 200 208 205 206 214 221 221 211 213 229 237 234 231 232 227 220 219 221 228 237 243 242 239 247 257 260 260 259 256 253 252 252 250 251 256
112 111 110 110 109 108 109 108 108 109 109 109 110 110 111 111 112 113 114 116 117 118 121 123 124 128 130 133 137 134 128 123 122 119 120 134 140 132 129 131 131 134 137 136 137 138 136 137 140 143 146 151 155 164 174 178 176 181 192 203 207 200 197 206 217 221 215 214 227 233 229 227 228 224 219 218 220 226 233 237 236 235 242 252 255 254 254 254 251 249 249 251 255 260
111 110 109 109 108 108 109 108 108 108 109 110 110 110 111 112 113 114 115 117 117 119 121 124 125 127 130 133 136 132 125 120 120 121 122 132 140 133 130 133 132 133 133 132 132 132 132 135 138 140 145 149 154 160 167 171 171 176 191 204 207 199 193 200 214 221 221 219 228 233 229 228 228 224 221 221 223 228 233 234 232 232 237 246 251 249 249 250 248 246 247 251 257 263
111 110 109 108 108 108 108 108 108 109 110 110 111 111 111 112 113 114 115 117 118 119 121 123 125 126 130 133 135 131 125 124 124 124 124 129 138 135 130 130 129 128 128 129 130 130 133 138 140 143 148 152 156 161 164 168 172 177 188 204 210 204 194 196 209 218 222 222 229 234 232 232 231 228 227 226 227 235 241 241 236 232 234 241 247 250 249 247 246 246 248 252 257 262
110 110 109 108 107 107 108 109 109 109 110 111 111 111 112 113 114 115 116 117 118 120 121 123 124 127 130 134 136 131 129 129 127 124 121 123 131 133 127 123 123 125 128 131 133 134 139 142 143 146 150 154 159 163 165 169 175 181 188 200 209 207 197 193 202 214 221 225 229 232 233 237 238 234 230 228 227 232 242 248 244 237 236 239 245 252 253 246 245 249 252 254 257 261
109 109 108 108 107 107 108 109 109 109 110 111 112 112 113 114 115 116 117 118 119 120 121 123 125 128 132 137 138 132 131 130 126 121 118 119 125 126 122 122 126 128 130 134 135 137 142 145 147 150 151 154 160 164 165 169 176 183 188 196 205 207 201 193 196 212 224 229 230 228 229 235 237 233 227 228 226 224 235 243 244 240 237 237 243 250 251 246 248 252 255 255 258 264
108 108 108 107 107 107 108 109 110 111 111 112 113 113 114 115 116 116 117 118 119 121 122 123 125 128 133 138 137 131 129 128 124 122 119 119 124 123 122 127 131 133 135 137 139 141 145 150 154 155 155 158 163 167 167 169 174 181 187 192 199 203 203 197 197 212 228 234 232 226 226 229 230 226 222 228 227 215 227 237 237 236 237 238 245 248 245 244 250 252 253 256 264 269
107 107 107 107 107 108 109 110 111 112 112 113 113 114 114 116 116 117 118 119 120 121 123 124 125 128 132 136 133 127 124 125 125 123 120 121 130 131 130 131 133 134 136 140 143 145 147 151 155 156 156 158 163 168 170 171 173 178 184 189 195 202 207 205 202 210 229 235 231 226 226 228 229 224 221 230 228 206 217 229 229 230 237 244 250 250 247 246 250 250 250 257 267 268
106 105 107 107 108 109 110 111 112 113 113 114 115 115 115 117 117 118 119 120 121 122 123 124 125 128 131 131 130 126 123 124 125 123 121 125 132 132 133 135 137 138 139 143 145 146 149 153 156 157 157 157 160 164 169 173 174 177 183 189 196 204 211 213 207 210 226 232 227 225 228 231 232 225 223 232 226 200 209 225 226 225 234 244 249 252 252 248 248 249 249 257 262 262
105 105 107 109 109 111 112 112 113 114 115 115 116 117 117 117 118 119 120 121 122 123 124 124 125 127 129 130 130 128 124 124 125 125 127 132 134 133 134 138 141 143 145 148 148 149 153 157 159 160 157 157 159 161 165 172 176 179 186 195 203 206 210 213 211 211 221 225 222 223 226 229 230 223 225 232 221 198 206 223 227 225 232 240 246 250 247 243 245 250 254 256 255 257
