windninja/windninja_output/Output_2025-10-23_2100-2150_Google earth_Fire_150m_10min/merlingen_7.5mi_point_10-23-2025_2150_150m_ang.asc
ncols	158
nrows	163
xllcorner	391686.332397
yllcorner	5160024.123721
cellsize	150.000000
NODATA_value	-32768.000000
[rows 42 to 83 of 163, columns 0 to 95 of 158]
37 38 38 38 39 40 40 40 41 40 39 39 39 38 37 37 36 35 34 33 31 30 28 27 25 23 20 17 14 13 14 15 14 14 15 16 18 15 10 9 8 8 8 4 359 357 358 1 360 355 348 345 345 345 343 343 347 348 346 346 347 346 342 342 340 333 327 326 328 332 335 330 327 330 325 324 339 354 351 340 333 328 320 315 314 317 323 325 319 315 311 303 293 292 299 310
37 37 37 38 39 40 40 40 41 40 39 39 39 38 38 37 36 35 35 34 32 30 28 27 26 23 21 18 15 13 15 15 14 11 9 9 8 6 5 5 7 9 6 0 358 1 4 5 1 353 345 343 347 349 347 347 350 353 351 347 343 338 334 334 334 331 330 330 334 343 344 337 334 333 329 332 347 359 355 342 332 327 321 315 314 317 322 318 313 312 309 305 298 295 301 311
36 37 37 38 39 40 40 41 41 41 40 39 39 39 38 38 37 36 35 33 32 30 29 27 26 24 21 18 16 15 15 14 12 9 6 3 360 0 4 6 8 8 3 359 2 8 10 5 357 349 345 347 352 355 355 354 356 357 352 345 340 336 333 330 327 326 328 330 337 346 345 340 339 337 335 341 356 6 359 342 330 324 319 313 311 313 314 309 306 305 306 305 299 296 297 304
36 36 37 38 39 40 40 40 40 40 40 39 39 38 38 37 36 35 34 33 32 30 28 27 26 24 21 19 18 16 14 13 10 8 4 359 356 359 3 5 5 4 1 2 7 11 8 359 350 346 347 353 358 1 2 2 1 355 347 341 339 337 334 331 325 324 325 328 336 341 339 337 337 337 339 347 4 9 356 339 329 322 315 307 303 308 309 305 301 301 303 303 300 296 295 299
36 36 36 37 38 40 40 40 40 40 40 39 38 38 37 37 36 35 34 33 31 30 29 27 25 24 22 20 18 16 14 12 9 6 3 359 358 357 359 0 360 1 2 6 10 8 1 352 346 347 352 358 5 10 9 6 0 349 340 338 338 336 333 329 325 324 325 328 334 336 332 332 332 333 340 353 7 5 347 332 323 316 307 301 302 307 307 306 302 299 300 302 300 297 294 297
36 36 36 36 38 41 41 40 39 39 39 38 38 37 37 36 36 35 34 33 31 30 29 27 26 24 22 20 18 16 14 11 9 5 2 359 358 355 355 356 356 357 2 8 9 3 353 347 347 353 358 6 12 12 9 3 353 344 336 335 335 332 328 325 323 321 324 328 333 334 331 330 329 332 342 357 6 356 337 323 314 307 304 305 308 310 310 307 303 300 300 301 300 298 296 297
36 36 35 35 38 42 42 39 38 38 38 38 37 37 37 36 35 35 34 33 31 30 28 27 26 24 22 20 18 16 14 11 8 5 2 358 357 355 353 353 352 354 0 5 4 357 350 348 352 358 7 15 15 10 6 356 345 338 334 335 335 329 324 321 319 318 323 328 332 332 330 329 329 334 345 358 358 347 333 320 312 310 310 313 315 315 313 312 309 305 301 298 297 298 298 298
37 36 34 34 38 42 42 39 37 37 37 37 36 36 36 36 35 34 33 32 30 29 27 26 25 23 21 19 17 15 13 10 8 5 2 358 356 354 353 352 351 353 356 358 356 352 349 351 357 5 14 16 11 5 359 350 340 334 333 335 335 329 322 317 316 318 323 328 331 332 330 329 331 337 347 352 349 343 333 324 317 315 316 318 318 317 317 316 312 308 301 294 292 295 295 292
38 36 32 32 37 40 40 38 35 35 35 35 35 35 35 34 34 32 32 31 29 28 26 25 24 22 20 18 17 15 12 10 8 5 2 358 355 353 352 351 351 352 352 352 350 348 349 355 5 16 18 11 2 357 352 344 336 332 333 335 334 328 319 314 315 320 324 328 330 330 329 329 333 340 344 344 343 340 333 325 319 317 318 319 318 318 318 315 309 304 299 291 286 286 287 290
41 37 30 30 35 37 37 37 34 32 32 33 33 33 33 33 33 31 30 30 28 27 26 24 23 21 20 18 16 14 12 10 7 5 2 358 354 352 351 351 351 349 348 347 346 346 351 3 18 21 12 1 355 350 344 336 331 332 335 337 334 328 317 311 315 321 326 329 331 330 329 331 336 340 340 338 338 336 331 324 319 316 315 316 317 316 314 310 304 300 295 287 279 277 283 293
44 38 28 30 35 36 35 37 35 30 29 31 32 32 32 32 31 30 29 28 27 26 25 23 22 21 19 17 15 13 11 9 7 4 1 358 355 351 349 349 349 347 345 344 344 347 354 8 15 8 360 355 352 347 338 330 329 333 338 339 336 328 316 311 316 324 329 332 333 332 332 334 338 340 337 335 335 333 327 321 319 316 312 313 312 311 310 307 302 297 292 284 277 278 289 303
43 37 27 27 33 33 31 35 36 31 28 29 30 30 30 30 30 29 28 27 26 25 24 22 21 19 18 16 14 12 10 8 6 3 1 358 355 352 349 347 347 345 343 342 343 348 356 3 2 357 354 353 350 344 335 328 330 338 343 341 336 327 315 312 318 327 333 337 336 334 335 338 341 340 336 335 334 330 323 319 318 316 314 314 312 309 309 308 303 296 291 288 286 288 296 309
38 35 28 24 29 30 28 33 37 34 29 28 28 28 29 29 28 27 27 26 25 24 22 21 20 18 16 15 13 11 9 7 5 3 0 358 355 352 349 346 344 342 342 341 342 346 353 355 352 351 353 352 346 340 332 329 335 344 346 341 336 326 316 314 322 331 338 343 341 338 339 343 343 339 335 334 335 330 322 322 322 318 317 318 317 313 311 309 305 300 296 295 298 298 297 304
33 34 32 27 30 32 29 31 36 36 32 27 26 26 27 27 27 26 25 24 24 22 21 20 18 17 15 14 12 10 8 6 4 2 359 357 355 352 349 346 342 339 340 341 340 341 346 347 346 348 352 349 345 339 330 331 342 348 345 340 335 327 319 317 324 334 341 345 342 341 345 349 343 337 335 336 336 330 325 326 325 321 318 319 319 317 317 316 312 304 299 299 303 305 298 301
32 33 33 31 31 33 31 29 34 36 33 28 25 24 24 25 25 24 23 23 22 21 20 18 16 15 14 12 10 9 7 5 3 1 359 356 354 352 349 347 343 340 340 340 339 339 339 340 341 346 349 345 343 337 329 333 346 348 343 337 331 326 321 319 325 334 341 344 342 344 352 348 341 338 337 338 336 329 327 328 326 322 318 318 317 316 318 320 318 310 302 304 311 314 305 303
32 32 32 31 29 30 29 27 29 33 31 27 25 24 22 22 23 22 21 21 20 19 18 17 15 13 12 11 9 7 6 4 2 360 358 356 353 351 349 347 345 343 341 339 338 336 334 334 336 341 345 342 339 334 328 335 346 345 339 334 329 325 321 319 325 334 341 344 346 350 348 342 339 338 338 338 335 330 329 329 328 324 320 317 314 310 310 314 316 314 312 315 319 317 309 302
32 31 30 30 29 29 28 25 24 27 27 25 27 27 23 19 20 20 19 19 18 17 17 15 13 12 11 9 8 6 4 2 1 359 357 355 353 351 349 347 345 343 341 338 336 334 332 330 330 334 340 339 336 331 328 336 344 340 334 330 328 325 322 321 326 335 342 348 353 350 343 340 338 337 337 337 333 329 330 331 331 327 322 318 314 310 310 312 316 317 315 315 318 315 306 294
31 30 30 30 30 29 29 27 24 25 25 24 26 29 25 19 16 17 16 16 16 15 14 13 12 10 9 8 6 4 3 1 359 357 356 354 352 350 348 346 344 343 341 339 336 335 333 330 329 330 335 336 332 329 329 335 340 334 329 327 326 325 324 323 327 335 343 352 354 345 340 339 337 335 336 335 330 328 330 331 331 327 324 322 319 317 317 318 319 316 312 310 311 308 298 285
30 30 30 30 30 30 29 29 27 25 22 19 21 25 25 22 17 14 12 13 13 13 12 11 10 9 7 6 4 3 1 360 358 356 354 353 351 349 347 346 344 342 340 339 337 335 334 332 330 330 331 330 327 325 328 335 336 329 325 324 324 323 323 324 328 334 343 355 352 340 338 337 334 333 335 333 329 329 331 331 330 327 324 323 321 320 320 320 317 313 310 307 305 301 290 276
30 30 30 29 29 29 29 28 27 23 19 14 14 19 23 23 20 14 10 9 9 10 10 9 9 7 6 4 3 1 360 358 357 355 353 351 350 348 346 345 343 342 340 338 337 335 334 332 331 329 329 327 322 321 325 331 329 324 321 321 321 322 322 324 327 333 346 357 347 337 337 335 332 332 333 331 329 331 334 334 332 328 325 323 320 318 317 317 313 310 309 306 301 292 281 267
31 31 31 29 28 28 27 26 25 22 18 13 11 13 18 22 21 18 13 8 6 6 7 7 7 6 4 2 1 359 358 356 355 353 352 350 349 347 345 344 342 341 339 338 336 335 333 332 331 329 329 327 322 319 325 328 323 320 319 320 321 322 323 325 328 334 350 354 341 335 335 333 331 331 332 331 331 334 336 337 336 333 330 325 322 316 313 314 311 308 307 301 289 280 269 252
36 35 32 30 27 26 25 25 24 22 19 14 9 9 11 17 20 19 16 10 6 4 4 4 4 4 2 0 359 358 356 355 353 352 351 349 347 346 344 343 342 340 339 337 336 334 333 331 330 328 328 327 323 322 327 328 322 319 319 320 323 324 324 326 325 330 345 343 337 335 335 332 329 330 332 334 335 337 340 341 340 339 335 329 326 317 313 312 308 303 299 291 280 267 251 232
41 37 32 29 27 25 25 25 24 22 20 15 8 6 7 10 14 17 17 14 9 5 2 1 1 1 0 359 357 356 354 353 352 351 349 348 346 345 343 342 341 339 338 336 335 334 332 331 329 328 327 326 323 321 326 328 322 319 319 320 323 326 326 321 316 324 334 334 334 334 334 331 328 330 334 337 337 340 344 346 346 343 336 330 324 315 310 308 304 298 292 283 269 250 231 209
40 36 30 27 25 24 23 24 25 22 20 15 7 3 4 5 7 11 15 16 12 7 3 359 358 358 358 357 356 354 352 351 350 349 348 346 345 344 342 341 340 338 337 336 334 333 331 330 329 328 326 324 321 319 322 325 322 319 319 319 321 330 333 325 324 329 332 332 333 333 332 330 327 330 336 337 338 341 347 350 348 343 336 331 321 311 307 304 300 294 286 271 248 227 208 193
33 31 28 27 24 21 19 20 21 19 16 13 9 2 1 3 4 5 10 13 12 9 7 2 357 355 355 355 354 353 351 350 349 347 346 345 344 342 341 340 339 337 336 335 333 332 331 330 328 327 325 323 321 318 319 319 317 316 315 315 323 337 335 329 329 330 331 333 333 331 331 328 327 331 336 337 338 343 351 353 348 342 335 329 319 309 304 300 294 286 274 248 223 200 191 189
16 21 24 25 23 18 14 16 20 19 14 11 9 4 359 0 2 1 3 6 9 10 9 5 0 356 354 353 351 350 349 348 347 346 345 343 342 341 340 339 338 336 335 334 333 331 330 329 328 326 325 323 321 319 317 315 311 309 308 311 324 333 329 326 326 328 331 333 331 329 329 327 325 330 335 336 339 345 352 349 342 335 327 322 313 302 295 290 284 274 252 216 194 185 187 193
353 6 17 19 19 15 10 14 20 19 14 9 7 5 2 359 360 359 358 0 4 6 7 6 4 2 359 353 348 346 345 345 344 344 343 342 341 340 339 338 336 335 334 333 332 331 329 328 327 326 324 323 321 319 317 314 310 307 305 308 317 323 322 320 321 326 330 332 331 329 329 326 323 327 333 336 339 346 348 340 333 325 316 310 303 292 283 281 275 255 218 184 178 183 192 204
338 349 7 14 17 17 13 12 17 16 11 8 7 6 4 3 1 360 358 358 360 1 2 3 4 6 5 357 349 344 341 341 341 341 341 340 339 338 337 336 335 334 333 332 331 330 329 328 326 325 324 322 321 319 318 315 313 311 309 308 312 315 315 314 315 319 324 327 329 329 330 325 322 327 333 335 339 343 342 333 325 316 305 301 298 289 281 278 263 224 184 172 176 188 205 221
345 347 356 9 20 23 18 13 14 15 12 10 10 10 8 7 6 5 2 359 357 358 358 359 2 7 7 1 352 346 341 338 338 338 338 338 338 337 336 335 334 333 332 331 330 329 328 327 326 325 323 322 321 320 318 317 315 314 312 312 312 312 310 307 306 310 315 318 321 326 329 324 322 329 334 336 337 339 337 328 319 309 303 300 295 289 281 269 235 187 171 172 183 199 237 267
1 1 3 11 26 31 24 15 15 19 18 17 17 15 13 10 9 8 6 3 359 357 356 356 357 359 2 1 357 351 346 341 336 335 335 336 336 336 335 334 333 332 331 330 329 328 327 326 325 324 323 322 321 320 318 317 316 315 314 314 313 312 310 308 307 307 307 308 311 318 323 321 320 329 335 335 335 335 334 326 317 309 307 302 293 286 278 250 191 172 171 181 205 244 280 312
15 14 13 16 21 24 21 14 17 24 27 26 23 18 15 11 8 7 6 5 3 359 356 355 354 352 355 359 359 355 350 346 340 335 333 333 334 334 334 333 332 331 331 330 329 328 327 326 325 324 323 322 320 320 319 318 317 316 315 315 314 313 312 312 310 309 308 306 307 310 313 313 314 324 331 331 330 331 334 330 323 316 311 302 293 283 266 204 176 175 183 207 237 269 300 317
26 24 21 20 21 21 17 13 14 21 22 19 16 12 9 7 4 2 3 3 2 360 358 356 353 351 351 355 358 356 353 349 344 339 334 333 332 332 332 332 331 330 330 329 328 327 326 325 324 323 322 321 320 319 318 318 317 316 316 315 314 314 313 313 312 312 311 310 310 309 308 307 308 317 324 325 326 329 336 336 328 319 310 301 291 277 215 180 186 200 238 293 306 314 319 316
37 36 31 26 24 22 17 14 13 13 12 11 9 7 4 2 360 359 358 357 357 357 357 355 353 351 350 351 354 355 353 350 346 342 338 335 333 331 331 330 330 330 329 328 327 326 325 324 323 322 321 321 320 319 318 318 317 316 316 315 315 314 314 313 313 313 312 312 312 312 311 309 311 317 323 324 326 332 340 337 328 317 307 297 285 236 180 189 219 252 299 323 332 320 317 312
48 46 42 37 32 26 17 11 8 5 4 4 3 2 360 358 356 356 356 354 353 353 353 353 351 349 348 349 350 352 351 349 346 343 341 337 334 331 330 330 329 329 328 327 326 325 324 323 322 322 321 320 319 319 318 317 317 316 316 315 315 314 314 314 314 313 313 313 313 313 313 314 316 319 322 323 326 335 341 335 322 312 301 289 264 173 180 212 246 274 297 323 323 311 309 306
54 54 55 54 48 34 12 0 357 355 356 356 356 356 355 353 352 353 353 352 351 351 350 350 350 349 346 344 345 348 350 348 346 343 339 335 332 330 329 329 328 328 327 326 325 324 323 322 321 321 320 319 319 318 318 317 317 316 316 315 315 315 314 314 314 314 314 314 314 314 314 316 317 320 322 322 325 334 338 327 315 305 293 271 178 167 195 218 248 281 307 327 318 307 302 301
62 63 65 69 72 55 344 329 333 339 344 348 350 350 350 350 349 349 350 350 349 349 348 348 350 350 345 340 340 343 347 348 346 343 339 335 333 330 328 328 328 327 326 325 324 323 322 321 320 320 319 319 318 318 317 317 316 316 316 315 315 315 314 314 314 314 314 314 314 315 315 316 318 319 321 321 325 332 332 319 307 299 284 228 182 194 253 282 302 319 326 325 316 307 302 301
70 70 67 74 93 123 274 295 313 326 336 342 345 347 347 346 345 346 347 347 347 346 345 346 349 350 346 341 338 339 343 346 346 343 340 338 335 332 329 327 327 327 326 325 324 322 321 320 319 319 318 318 317 317 317 317 316 316 315 315 315 314 314 314 314 314 314 314 314 315 315 316 318 319 320 322 325 330 327 315 305 301 297 289 325 336 338 334 327 324 321 319 313 306 304 305
71 69 62 57 67 18 305 306 314 324 333 339 342 344 345 345 343 343 344 345 344 344 343 344 346 348 346 343 340 340 341 342 343 343 339 338 337 335 331 327 326 325 324 323 322 321 319 318 317 317 317 317 317 317 316 316 316 316 315 315 314 314 314 314 314 314 314 314 314 315 315 316 317 318 320 321 325 328 326 316 311 320 335 338 342 341 338 330 322 317 314 311 308 306 305 307
64 59 44 34 19 359 340 331 330 332 336 339 342 343 343 343 342 342 342 342 342 342 341 342 343 343 342 343 342 341 339 338 341 342 341 339 338 337 334 330 328 325 322 320 319 317 316 315 314 314 315 315 316 316 316 316 315 315 315 315 314 314 314 314 314 313 313 314 314 314 315 316 317 318 319 321 324 327 326 322 326 338 342 342 343 338 328 321 317 312 309 306 304 304 305 305
63 59 40 17 5 5 2 352 347 345 344 343 344 344 343 342 341 341 340 339 339 339 339 340 341 340 338 339 341 340 338 336 337 340 341 342 340 337 335 334 332 329 323 319 315 312 310 308 306 307 310 313 315 316 316 316 315 315 314 314 314 314 314 313 313 313 313 313 314 314 315 316 317 318 319 321 323 326 328 330 337 343 345 346 344 333 322 317 314 310 307 305 302 303 304 303
71 63 24 0 359 13 15 8 2 358 354 349 347 345 343 342 340 339 337 335 335 336 336 337 339 338 335 336 338 338 336 334 332 333 335 339 340 338 335 334 335 334 331 327 323 319 317 315 312 311 312 313 314 315 316 315 315 315 314 314 314 313 313 313 313 313 313 313 313 314 314 315 316 317 318 320 322 326 329 333 340 346 348 350 343 325 317 314 312 309 307 305 302 303 305 304
42 26 5 5 10 18 19 16 13 8 2 354 349 346 343 341 339 336 333 332 331 331 332 334 336 336 335 336 336 337 335 334 332 330 329 330 332 334 333 333 334 334 333 332 330 329 329 327 325 324 323 320 318 317 317 316 314 314 314 313 313 313 313 313 313 313 313 313 313 313 314 315 316 317 318 319 322 325 329 334 342 349 352 349 333 319 312 310 309 307 305 303 302 302 303 302
