windninja/windninja_output/Output_2025-10-23_2100-2150_Google earth_Fire_150m_10min/merlingen_7.5mi_point_10-23-2025_2150_150m_vel.asc
ncols	158
nrows	163
xllcorner	391686.332397
yllcorner	5160024.123721
cellsize	150.000000
NODATA_value	-32768.000000
[rows 0 to 37 of 163, columns 0 to 83 of 158]
1.15 1.13 1.14 1.22 1.33 1.39 1.42 1.46 1.52 1.56 1.57 1.58 1.57 1.51 1.37 1.19 0.99 0.90 0.97 1.08 1.23 1.46 1.69 1.76 1.71 1.60 1.50 1.50 1.59 1.64 1.60 1.53 1.45 1.39 1.41 1.41 1.32 1.21 1.17 1.20 1.26 1.32 1.32 1.29 1.32 1.34 1.33 1.39 1.60 1.85 1.98 2.06 2.12 2.12 2.05 1.92 1.79 1.72 1.74 1.80 1.82 1.79 1.75 1.74 1.76 1.77 1.77 1.79 1.84 1.90 1.90 1.85 1.76 1.72 1.78 1.81 1.75 1.69 1.72 1.77 1.74 1.64 1.60 1.62
1.18 1.16 1.16 1.21 1.27 1.32 1.34 1.33 1.33 1.37 1.44 1.54 1.63 1.66 1.61 1.49 1.36 1.29 1.33 1.40 1.44 1.52 1.67 1.77 1.77 1.68 1.60 1.58 1.57 1.55 1.52 1.49 1.48 1.46 1.45 1.46 1.44 1.42 1.43 1.42 1.43 1.46 1.48 1.53 1.58 1.62 1.66 1.70 1.75 1.79 1.83 1.86 1.86 1.83 1.79 1.76 1.76 1.79 1.81 1.80 1.77 1.75 1.76 1.78 1.79 1.77 1.77 1.80 1.86 1.90 1.87 1.81 1.77 1.80 1.85 1.81 1.72 1.74 1.83 1.81 1.69 1.60 1.62 1.61
1.23 1.24 1.24 1.24 1.24 1.25 1.29 1.30 1.29 1.35 1.48 1.61 1.69 1.77 1.85 1.87 1.85 1.83 1.79 1.74 1.68 1.61 1.61 1.69 1.78 1.79 1.73 1.64 1.55 1.49 1.46 1.46 1.48 1.52 1.55 1.58 1.65 1.70 1.70 1.68 1.67 1.68 1.73 1.82 1.89 1.95 2.02 2.04 1.96 1.83 1.78 1.76 1.68 1.61 1.63 1.71 1.80 1.86 1.86 1.83 1.80 1.80 1.82 1.83 1.80 1.77 1.78 1.83 1.89 1.88 1.80 1.76 1.81 1.88 1.88 1.79 1.75 1.86 1.92 1.81 1.62 1.59 1.64 1.59
1.24 1.30 1.34 1.32 1.32 1.33 1.40 1.52 1.63 1.70 1.72 1.71 1.71 1.74 1.83 1.94 1.98 1.97 1.92 1.83 1.73 1.65 1.61 1.63 1.77 1.90 1.92 1.84 1.77 1.72 1.68 1.61 1.56 1.59 1.65 1.69 1.70 1.69 1.70 1.76 1.84 1.89 1.95 2.01 2.05 2.09 2.10 2.08 2.05 2.03 1.98 1.88 1.80 1.78 1.78 1.79 1.80 1.79 1.79 1.81 1.83 1.84 1.82 1.79 1.76 1.76 1.79 1.83 1.88 1.82 1.73 1.74 1.79 1.79 1.74 1.71 1.78 1.87 1.85 1.70 1.58 1.62 1.67 1.64
1.19 1.27 1.39 1.41 1.40 1.43 1.49 1.59 1.67 1.70 1.67 1.65 1.69 1.75 1.80 1.87 1.90 1.85 1.79 1.75 1.68 1.61 1.58 1.63 1.76 1.93 2.08 2.14 2.12 2.09 2.06 2.00 1.92 1.85 1.80 1.75 1.72 1.75 1.84 1.94 2.01 2.08 2.15 2.18 2.17 2.13 2.07 2.01 2.00 1.99 1.90 1.80 1.77 1.77 1.76 1.74 1.72 1.73 1.75 1.77 1.77 1.76 1.74 1.74 1.74 1.75 1.77 1.81 1.83 1.73 1.65 1.67 1.72 1.71 1.66 1.64 1.68 1.74 1.72 1.60 1.50 1.55 1.67 1.72
1.10 1.15 1.29 1.41 1.47 1.49 1.50 1.49 1.47 1.45 1.48 1.52 1.57 1.65 1.71 1.74 1.76 1.71 1.61 1.58 1.57 1.52 1.48 1.53 1.61 1.74 1.88 2.01 2.11 2.16 2.19 2.22 2.24 2.19 2.07 1.97 1.98 2.06 2.13 2.16 2.15 2.15 2.14 2.09 2.03 1.96 1.90 1.87 1.84 1.79 1.74 1.70 1.67 1.65 1.65 1.66 1.70 1.74 1.76 1.76 1.75 1.74 1.73 1.73 1.74 1.74 1.75 1.80 1.81 1.70 1.62 1.64 1.72 1.73 1.68 1.67 1.71 1.74 1.64 1.45 1.39 1.52 1.70 1.77
1.09 1.08 1.12 1.26 1.41 1.47 1.47 1.42 1.36 1.35 1.39 1.45 1.50 1.55 1.59 1.62 1.68 1.74 1.73 1.69 1.65 1.57 1.46 1.41 1.44 1.49 1.56 1.70 1.86 1.98 2.07 2.15 2.21 2.24 2.25 2.26 2.28 2.28 2.23 2.17 2.11 2.04 1.93 1.82 1.75 1.73 1.72 1.70 1.69 1.66 1.65 1.66 1.67 1.64 1.62 1.64 1.69 1.72 1.74 1.77 1.81 1.83 1.81 1.78 1.75 1.74 1.75 1.79 1.79 1.72 1.71 1.80 1.87 1.81 1.75 1.77 1.81 1.78 1.56 1.36 1.48 1.71 1.79 1.78
1.13 1.12 1.10 1.11 1.18 1.27 1.31 1.30 1.27 1.28 1.34 1.41 1.49 1.55 1.58 1.60 1.64 1.75 1.82 1.82 1.79 1.73 1.60 1.44 1.37 1.38 1.46 1.57 1.66 1.73 1.82 1.90 1.94 1.98 2.07 2.15 2.15 2.09 2.01 1.93 1.85 1.76 1.68 1.61 1.57 1.56 1.56 1.56 1.56 1.54 1.54 1.59 1.63 1.63 1.63 1.67 1.71 1.74 1.79 1.86 1.90 1.89 1.86 1.82 1.78 1.74 1.75 1.79 1.79 1.74 1.78 1.90 1.89 1.79 1.73 1.71 1.72 1.63 1.39 1.35 1.64 1.84 1.84 1.83
1.14 1.15 1.14 1.10 1.06 1.07 1.12 1.17 1.22 1.25 1.29 1.35 1.42 1.51 1.59 1.64 1.65 1.70 1.79 1.82 1.81 1.80 1.75 1.63 1.50 1.45 1.49 1.52 1.52 1.55 1.62 1.67 1.72 1.78 1.81 1.80 1.75 1.70 1.65 1.59 1.53 1.47 1.45 1.45 1.47 1.47 1.45 1.44 1.44 1.45 1.48 1.51 1.49 1.51 1.61 1.70 1.77 1.81 1.84 1.81 1.72 1.64 1.64 1.66 1.66 1.69 1.77 1.84 1.81 1.73 1.72 1.73 1.65 1.60 1.58 1.58 1.58 1.45 1.28 1.39 1.73 1.91 1.94 2.00
1.13 1.13 1.15 1.14 1.12 1.10 1.11 1.16 1.21 1.25 1.28 1.28 1.31 1.36 1.46 1.57 1.63 1.66 1.75 1.86 1.90 1.89 1.87 1.81 1.71 1.59 1.54 1.53 1.53 1.55 1.59 1.60 1.60 1.64 1.65 1.60 1.53 1.47 1.43 1.39 1.38 1.39 1.39 1.39 1.38 1.36 1.35 1.36 1.35 1.35 1.36 1.38 1.38 1.46 1.58 1.66 1.67 1.65 1.57 1.44 1.33 1.33 1.31 1.29 1.42 1.62 1.76 1.80 1.70 1.58 1.55 1.54 1.52 1.49 1.48 1.46 1.43 1.37 1.41 1.70 1.99 2.10 2.06 2.08
1.13 1.14 1.15 1.16 1.17 1.18 1.20 1.23 1.25 1.26 1.27 1.26 1.24 1.24 1.29 1.42 1.54 1.60 1.66 1.77 1.90 1.98 1.98 1.93 1.87 1.78 1.67 1.58 1.56 1.54 1.51 1.47 1.43 1.42 1.43 1.43 1.40 1.36 1.35 1.39 1.41 1.40 1.37 1.32 1.26 1.23 1.22 1.21 1.16 1.11 1.13 1.18 1.24 1.33 1.36 1.36 1.26 1.17 1.07 1.01 1.02 1.04 0.99 1.06 1.31 1.50 1.58 1.55 1.39 1.33 1.42 1.54 1.56 1.50 1.41 1.33 1.35 1.46 1.69 2.06 2.24 2.23 2.14 2.14
1.14 1.14 1.16 1.17 1.18 1.20 1.22 1.26 1.27 1.28 1.27 1.26 1.23 1.21 1.23 1.32 1.45 1.55 1.58 1.61 1.69 1.82 1.90 1.92 1.88 1.78 1.62 1.48 1.42 1.37 1.31 1.26 1.24 1.25 1.25 1.25 1.26 1.29 1.33 1.35 1.34 1.33 1.31 1.27 1.22 1.17 1.07 0.96 0.86 0.80 0.81 0.82 0.83 0.88 0.89 0.88 0.82 0.76 0.70 0.66 0.69 0.72 0.77 0.98 1.22 1.29 1.31 1.22 1.09 1.25 1.50 1.60 1.58 1.53 1.51 1.59 1.76 1.96 2.17 2.34 2.33 2.29 2.32 2.47
1.14 1.14 1.16 1.18 1.20 1.22 1.22 1.23 1.25 1.26 1.26 1.25 1.23 1.19 1.17 1.20 1.28 1.40 1.50 1.54 1.55 1.60 1.67 1.71 1.66 1.53 1.42 1.33 1.26 1.22 1.20 1.21 1.21 1.20 1.18 1.16 1.17 1.22 1.26 1.26 1.26 1.28 1.27 1.23 1.18 1.10 0.95 0.76 0.62 0.58 0.56 0.52 0.50 0.53 0.58 0.61 0.60 0.54 0.45 0.43 0.53 0.62 0.75 0.95 1.08 1.11 1.10 1.05 1.12 1.40 1.55 1.56 1.61 1.69 1.88 2.11 2.27 2.42 2.51 2.47 2.38 2.41 2.54 2.76
1.14 1.14 1.16 1.18 1.20 1.23 1.24 1.24 1.24 1.24 1.24 1.24 1.23 1.22 1.18 1.13 1.10 1.16 1.31 1.41 1.44 1.43 1.43 1.42 1.40 1.38 1.35 1.32 1.28 1.23 1.18 1.15 1.15 1.15 1.15 1.18 1.21 1.20 1.17 1.16 1.14 1.07 0.95 0.86 0.79 0.73 0.70 0.69 0.66 0.58 0.51 0.46 0.44 0.44 0.51 0.54 0.51 0.43 0.37 0.44 0.63 0.78 0.94 1.05 1.04 1.03 1.03 1.13 1.31 1.43 1.46 1.54 1.74 1.92 2.03 2.07 2.15 2.26 2.23 2.18 2.30 2.47 2.59 2.66
1.15 1.15 1.16 1.17 1.19 1.20 1.22 1.24 1.25 1.25 1.25 1.24 1.24 1.27 1.30 1.28 1.21 1.13 1.13 1.20 1.24 1.24 1.26 1.30 1.32 1.34 1.36 1.35 1.31 1.26 1.20 1.15 1.13 1.13 1.17 1.21 1.22 1.14 1.04 0.91 0.78 0.65 0.54 0.46 0.44 0.45 0.50 0.64 0.79 0.80 0.71 0.66 0.62 0.65 0.71 0.68 0.63 0.56 0.57 0.73 0.97 1.14 1.30 1.29 1.15 1.13 1.22 1.36 1.47 1.42 1.45 1.69 1.90 1.89 1.78 1.78 1.89 1.86 1.74 1.87 2.19 2.35 2.36 2.26
1.15 1.16 1.17 1.18 1.18 1.19 1.20 1.22 1.24 1.25 1.25 1.25 1.25 1.27 1.36 1.45 1.45 1.34 1.21 1.15 1.17 1.21 1.26 1.33 1.36 1.36 1.35 1.36 1.33 1.30 1.31 1.33 1.30 1.24 1.15 1.01 0.89 0.83 0.73 0.62 0.52 0.49 0.53 0.59 0.62 0.66 0.69 0.67 0.71 0.86 1.01 1.06 1.11 1.21 1.25 1.20 1.06 0.93 0.93 1.07 1.30 1.48 1.53 1.40 1.32 1.43 1.52 1.60 1.65 1.53 1.52 1.73 1.79 1.63 1.57 1.68 1.68 1.57 1.67 2.05 2.23 2.09 1.97 1.84
1.16 1.16 1.17 1.18 1.19 1.20 1.21 1.22 1.23 1.24 1.25 1.26 1.25 1.23 1.25 1.34 1.43 1.44 1.37 1.28 1.24 1.26 1.29 1.34 1.40 1.40 1.36 1.35 1.39 1.41 1.39 1.34 1.24 1.09 0.89 0.72 0.64 0.62 0.63 0.65 0.69 0.76 0.89 0.95 0.93 0.93 0.95 0.90 0.84 0.97 1.19 1.33 1.42 1.45 1.40 1.33 1.28 1.23 1.24 1.39 1.55 1.61 1.53 1.38 1.41 1.56 1.67 1.76 1.80 1.68 1.60 1.62 1.62 1.57 1.62 1.62 1.53 1.66 2.03 2.24 2.01 1.70 1.61 1.47
1.16 1.17 1.18 1.19 1.20 1.22 1.23 1.24 1.26 1.26 1.26 1.25 1.24 1.20 1.15 1.16 1.23 1.31 1.34 1.32 1.26 1.22 1.22 1.26 1.31 1.34 1.31 1.28 1.29 1.30 1.26 1.15 1.06 0.99 0.92 0.86 0.84 0.85 0.90 0.96 1.00 1.01 0.99 0.97 0.99 0.99 1.00 1.09 1.20 1.25 1.27 1.31 1.35 1.31 1.25 1.25 1.32 1.43 1.52 1.60 1.66 1.64 1.52 1.43 1.50 1.65 1.79 1.85 1.74 1.65 1.68 1.68 1.71 1.72 1.62 1.56 1.64 1.87 2.05 1.83 1.45 1.35 1.29 1.13
1.17 1.17 1.19 1.20 1.22 1.23 1.24 1.25 1.26 1.27 1.28 1.26 1.23 1.20 1.15 1.10 1.12 1.16 1.18 1.18 1.16 1.15 1.15 1.16 1.17 1.20 1.22 1.19 1.13 1.08 1.06 1.05 1.06 1.09 1.12 1.10 1.05 1.01 0.99 1.00 1.00 0.99 0.97 0.97 0.98 1.00 1.04 1.15 1.26 1.27 1.22 1.18 1.18 1.20 1.24 1.32 1.42 1.49 1.56 1.63 1.65 1.59 1.49 1.49 1.60 1.74 1.82 1.74 1.61 1.71 1.88 1.86 1.86 1.76 1.55 1.49 1.51 1.53 1.50 1.28 1.16 1.19 1.11 1.02
1.17 1.17 1.18 1.21 1.23 1.24 1.25 1.25 1.25 1.26 1.28 1.28 1.26 1.22 1.18 1.13 1.10 1.10 1.11 1.14 1.16 1.18 1.17 1.17 1.18 1.21 1.21 1.18 1.12 1.07 1.07 1.10 1.10 1.07 1.04 1.04 1.03 1.02 1.03 1.07 1.10 1.11 1.12 1.10 1.08 1.14 1.21 1.20 1.15 1.13 1.13 1.12 1.14 1.21 1.34 1.45 1.47 1.48 1.51 1.53 1.49 1.40 1.38 1.45 1.57 1.68 1.72 1.68 1.80 2.06 2.10 1.93 1.82 1.73 1.61 1.46 1.25 1.17 1.21 1.20 1.21 1.25 1.22 1.16
1.18 1.18 1.19 1.21 1.23 1.25 1.26 1.26 1.26 1.26 1.27 1.28 1.28 1.25 1.23 1.19 1.17 1.17 1.19 1.21 1.23 1.24 1.24 1.25 1.25 1.25 1.23 1.21 1.18 1.16 1.16 1.18 1.20 1.19 1.20 1.25 1.27 1.29 1.30 1.30 1.28 1.22 1.17 1.15 1.19 1.23 1.21 1.15 1.12 1.13 1.16 1.18 1.20 1.26 1.31 1.33 1.37 1.44 1.46 1.43 1.36 1.34 1.41 1.48 1.59 1.72 1.81 1.93 2.16 2.22 1.98 1.70 1.59 1.62 1.59 1.43 1.27 1.24 1.30 1.37 1.44 1.45 1.38 1.28
1.20 1.20 1.21 1.21 1.22 1.25 1.27 1.28 1.28 1.28 1.28 1.29 1.28 1.27 1.26 1.25 1.25 1.26 1.27 1.27 1.28 1.28 1.28 1.28 1.27 1.27 1.26 1.25 1.22 1.20 1.19 1.23 1.30 1.39 1.46 1.52 1.54 1.49 1.40 1.34 1.28 1.24 1.22 1.22 1.20 1.15 1.10 1.14 1.20 1.22 1.24 1.26 1.27 1.25 1.21 1.22 1.28 1.35 1.37 1.35 1.32 1.38 1.50 1.57 1.72 1.92 2.07 2.23 2.25 1.96 1.58 1.41 1.43 1.54 1.52 1.41 1.39 1.43 1.48 1.57 1.60 1.47 1.38 1.33
1.19 1.20 1.21 1.23 1.24 1.26 1.28 1.30 1.31 1.30 1.30 1.32 1.32 1.30 1.29 1.29 1.29 1.31 1.32 1.32 1.33 1.32 1.31 1.31 1.31 1.31 1.31 1.30 1.27 1.24 1.22 1.27 1.36 1.43 1.42 1.37 1.36 1.35 1.28 1.22 1.22 1.25 1.27 1.24 1.17 1.17 1.25 1.28 1.28 1.26 1.26 1.26 1.24 1.23 1.24 1.28 1.30 1.33 1.30 1.29 1.31 1.43 1.59 1.75 2.03 2.27 2.34 2.28 2.00 1.59 1.34 1.29 1.41 1.60 1.61 1.50 1.42 1.49 1.61 1.67 1.60 1.45 1.44 1.41
1.19 1.20 1.22 1.24 1.26 1.27 1.28 1.30 1.31 1.32 1.31 1.33 1.35 1.35 1.33 1.32 1.32 1.33 1.34 1.35 1.36 1.36 1.36 1.36 1.35 1.34 1.33 1.31 1.26 1.21 1.19 1.20 1.24 1.26 1.25 1.20 1.14 1.14 1.16 1.17 1.20 1.25 1.26 1.25 1.28 1.37 1.39 1.32 1.26 1.24 1.23 1.22 1.22 1.27 1.32 1.32 1.32 1.31 1.27 1.27 1.33 1.45 1.68 2.06 2.36 2.37 2.20 1.92 1.51 1.23 1.15 1.21 1.49 1.76 1.72 1.49 1.37 1.49 1.59 1.57 1.51 1.48 1.51 1.47
1.21 1.21 1.22 1.24 1.26 1.27 1.28 1.30 1.32 1.33 1.33 1.32 1.33 1.37 1.37 1.36 1.35 1.35 1.35 1.36 1.37 1.38 1.38 1.38 1.38 1.38 1.37 1.33 1.25 1.16 1.11 1.08 1.07 1.12 1.18 1.20 1.17 1.13 1.12 1.15 1.18 1.22 1.28 1.39 1.48 1.46 1.36 1.28 1.23 1.20 1.19 1.21 1.27 1.33 1.35 1.36 1.35 1.30 1.22 1.21 1.29 1.54 1.98 2.33 2.29 1.96 1.63 1.28 1.00 0.92 0.98 1.29 1.77 1.91 1.61 1.28 1.25 1.41 1.47 1.45 1.50 1.58 1.58 1.53
1.21 1.21 1.22 1.24 1.26 1.28 1.30 1.32 1.34 1.34 1.35 1.34 1.33 1.35 1.37 1.38 1.38 1.37 1.37 1.37 1.37 1.37 1.38 1.39 1.40 1.43 1.46 1.46 1.38 1.23 1.09 1.02 1.01 1.08 1.19 1.26 1.27 1.22 1.14 1.14 1.17 1.23 1.34 1.44 1.45 1.37 1.29 1.25 1.24 1.23 1.23 1.22 1.24 1.27 1.33 1.40 1.37 1.24 1.12 1.12 1.36 1.94 2.42 2.41 2.06 1.68 1.31 0.99 0.83 0.86 1.14 1.70 2.02 1.81 1.41 1.16 1.20 1.38 1.45 1.51 1.66 1.73 1.66 1.65
1.22 1.23 1.24 1.25 1.27 1.29 1.31 1.33 1.35 1.36 1.37 1.37 1.36 1.35 1.36 1.37 1.38 1.38 1.38 1.38 1.37 1.37 1.39 1.41 1.44 1.48 1.56 1.62 1.57 1.41 1.21 1.05 0.94 0.92 1.02 1.18 1.30 1.34 1.27 1.22 1.24 1.28 1.34 1.37 1.36 1.37 1.40 1.38 1.36 1.38 1.35 1.29 1.25 1.30 1.44 1.48 1.33 1.18 1.16 1.33 1.81 2.39 2.45 2.06 1.67 1.39 1.13 0.92 0.88 1.10 1.64 2.05 1.97 1.62 1.29 1.16 1.23 1.46 1.57 1.65 1.77 1.73 1.65 1.75
1.23 1.24 1.26 1.27 1.28 1.30 1.31 1.34 1.35 1.37 1.38 1.38 1.37 1.36 1.35 1.36 1.37 1.38 1.39 1.39 1.39 1.40 1.41 1.43 1.46 1.50 1.58 1.72 1.77 1.69 1.51 1.25 1.03 0.90 0.85 0.94 1.13 1.32 1.35 1.30 1.29 1.33 1.38 1.41 1.47 1.53 1.61 1.61 1.54 1.48 1.48 1.50 1.53 1.58 1.61 1.49 1.34 1.33 1.52 1.85 2.24 2.41 2.05 1.52 1.21 1.05 0.93 0.88 1.02 1.46 1.97 2.05 1.78 1.45 1.19 1.12 1.28 1.60 1.72 1.72 1.71 1.64 1.64 1.81
1.23 1.25 1.27 1.28 1.29 1.31 1.33 1.34 1.36 1.37 1.38 1.39 1.39 1.38 1.37 1.37 1.38 1.38 1.39 1.41 1.42 1.42 1.42 1.42 1.45 1.51 1.62 1.79 1.96 2.01 1.91 1.66 1.35 1.13 1.00 0.99 1.15 1.35 1.48 1.51 1.52 1.57 1.58 1.59 1.62 1.66 1.68 1.70 1.70 1.67 1.70 1.76 1.78 1.78 1.68 1.51 1.49 1.60 1.81 2.11 2.33 2.20 1.74 1.29 1.06 0.96 0.89 0.95 1.31 1.82 2.11 1.99 1.66 1.33 1.08 1.05 1.24 1.58 1.67 1.64 1.65 1.61 1.64 1.79
1.24 1.25 1.27 1.30 1.31 1.31 1.33 1.35 1.36 1.38 1.39 1.41 1.41 1.41 1.39 1.38 1.38 1.39 1.39 1.40 1.41 1.41 1.40 1.40 1.41 1.46 1.57 1.72 1.90 2.08 2.19 2.13 1.83 1.52 1.41 1.46 1.55 1.65 1.73 1.80 1.87 1.91 1.90 1.85 1.78 1.75 1.76 1.82 1.96 2.08 2.09 2.03 1.98 1.89 1.76 1.64 1.60 1.65 1.81 2.07 2.13 1.79 1.37 1.09 0.95 0.89 0.91 1.10 1.57 2.01 2.09 1.78 1.41 1.17 1.06 1.14 1.34 1.49 1.56 1.62 1.61 1.54 1.55 1.64
1.25 1.25 1.28 1.31 1.33 1.32 1.33 1.36 1.38 1.39 1.40 1.41 1.42 1.42 1.41 1.39 1.38 1.39 1.39 1.39 1.39 1.39 1.41 1.41 1.41 1.41 1.42 1.48 1.61 1.72 1.87 2.05 2.06 1.93 1.85 1.85 1.85 1.85 1.90 1.96 2.01 2.01 1.98 1.93 1.87 1.83 1.84 1.92 1.99 2.02 2.02 1.99 1.90 1.79 1.69 1.58 1.48 1.51 1.72 1.90 1.76 1.31 0.96 0.80 0.81 0.89 0.98 1.19 1.63 1.98 1.80 1.32 1.08 1.11 1.23 1.38 1.43 1.44 1.58 1.72 1.64 1.47 1.45 1.54
1.27 1.26 1.28 1.32 1.36 1.36 1.36 1.38 1.40 1.41 1.42 1.42 1.43 1.42 1.42 1.40 1.38 1.37 1.36 1.37 1.38 1.39 1.40 1.40 1.39 1.38 1.37 1.40 1.46 1.52 1.62 1.80 1.96 1.97 1.88 1.81 1.81 1.85 1.90 1.92 1.85 1.74 1.66 1.64 1.65 1.67 1.68 1.67 1.55 1.41 1.41 1.44 1.44 1.45 1.43 1.40 1.40 1.46 1.62 1.72 1.49 1.08 0.82 0.74 0.85 1.02 1.12 1.27 1.66 1.85 1.47 1.12 1.19 1.37 1.44 1.46 1.42 1.46 1.66 1.81 1.69 1.46 1.41 1.54
1.28 1.28 1.28 1.32 1.36 1.37 1.37 1.39 1.41 1.42 1.43 1.44 1.45 1.44 1.44 1.42 1.40 1.37 1.35 1.35 1.36 1.36 1.37 1.39 1.37 1.35 1.37 1.42 1.53 1.70 1.88 1.98 1.99 1.91 1.71 1.59 1.65 1.70 1.67 1.59 1.53 1.45 1.39 1.38 1.39 1.40 1.40 1.32 1.17 1.09 1.07 1.08 1.12 1.18 1.24 1.34 1.46 1.55 1.59 1.55 1.26 0.96 0.86 0.88 1.05 1.20 1.28 1.44 1.71 1.76 1.46 1.41 1.65 1.66 1.53 1.46 1.47 1.56 1.71 1.82 1.60 1.33 1.37 1.51
1.30 1.30 1.30 1.32 1.35 1.37 1.37 1.39 1.41 1.41 1.41 1.43 1.44 1.45 1.44 1.43 1.41 1.40 1.38 1.35 1.34 1.33 1.33 1.37 1.39 1.36 1.34 1.36 1.46 1.64 1.82 1.93 1.95 1.94 1.77 1.54 1.56 1.59 1.52 1.43 1.39 1.36 1.32 1.27 1.21 1.18 1.15 1.06 0.99 0.98 0.98 0.97 0.96 0.97 1.05 1.20 1.36 1.49 1.51 1.43 1.25 1.06 1.03 1.09 1.23 1.33 1.38 1.49 1.68 1.83 1.79 1.84 1.85 1.66 1.50 1.50 1.57 1.68 1.80 1.76 1.45 1.25 1.37 1.55
1.30 1.32 1.35 1.37 1.38 1.38 1.39 1.41 1.43 1.42 1.41 1.42 1.42 1.43 1.43 1.43 1.41 1.40 1.39 1.36 1.34 1.32 1.30 1.29 1.32 1.34 1.31 1.28 1.27 1.31 1.42 1.60 1.76 1.91 1.96 1.81 1.64 1.55 1.50 1.44 1.38 1.29 1.18 1.08 1.01 0.95 0.91 0.87 0.87 0.88 0.88 0.87 0.85 0.84 0.89 1.02 1.18 1.27 1.29 1.32 1.30 1.20 1.16 1.21 1.31 1.37 1.42 1.51 1.79 2.08 2.02 1.86 1.69 1.48 1.41 1.46 1.54 1.65 1.68 1.54 1.37 1.34 1.46 1.60
1.29 1.31 1.36 1.41 1.43 1.42 1.42 1.43 1.45 1.45 1.43 1.42 1.42 1.42 1.41 1.41 1.40 1.39 1.37 1.35 1.34 1.32 1.29 1.24 1.21 1.22 1.24 1.24 1.20 1.15 1.21 1.40 1.64 1.83 1.98 1.97 1.76 1.51 1.39 1.31 1.23 1.14 1.04 0.98 0.95 0.92 0.88 0.89 0.92 0.94 0.92 0.92 0.92 0.94 1.01 1.11 1.15 1.13 1.13 1.18 1.18 1.13 1.14 1.23 1.34 1.41 1.51 1.70 2.08 2.18 1.79 1.49 1.37 1.26 1.30 1.39 1.39 1.36 1.29 1.27 1.31 1.33 1.39 1.47
1.29 1.30 1.34 1.40 1.44 1.44 1.42 1.42 1.45 1.45 1.44 1.42 1.41 1.41 1.40 1.40 1.38 1.38 1.36 1.34 1.32 1.30 1.27 1.23 1.19 1.16 1.17 1.18 1.18 1.18 1.24 1.37 1.53 1.64 1.70 1.75 1.70 1.51 1.31 1.15 1.06 1.04 1.03 1.02 1.02 1.04 1.03 1.02 1.00 0.98 1.00 1.05 1.10 1.16 1.24 1.26 1.23 1.19 1.17 1.18 1.18 1.13 1.14 1.25 1.34 1.44 1.64 1.94 2.14 1.85 1.29 1.11 1.14 1.23 1.36 1.36 1.26 1.15 1.15 1.27 1.28 1.19 1.19 1.28
1.32 1.33 1.34 1.37 1.41 1.44 1.43 1.42 1.42 1.44 1.43 1.42 1.41 1.41 1.40 1.39 1.38 1.36 1.35 1.33 1.31 1.28 1.26 1.23 1.20 1.17 1.15 1.16 1.23 1.32 1.37 1.38 1.35 1.36 1.43 1.47 1.47 1.41 1.28 1.16 1.10 1.08 1.09 1.13 1.14 1.14 1.13 1.13 1.10 1.08 1.11 1.19 1.25 1.28 1.29 1.31 1.34 1.33 1.31 1.32 1.32 1.25 1.25 1.29 1.29 1.39 1.70 1.98 1.86 1.36 1.04 1.12 1.40 1.54 1.42 1.28 1.24 1.23 1.28 1.37 1.26 1.14 1.15 1.26
