windninja/windninja_output/Output_2025-10-23_2100-2150_Google earth_Fire_150m_10min/merlingen_7.5mi_point_10-23-2025_2140_150m_ang.asc
ncols	158
nrows	163
xllcorner	391686.332397
yllcorner	5160024.123721
cellsize	150.000000
NODATA_value	-32768.000000
[rows 0 to 41 of 163, columns 0 to 95 of 158]
72 71 69 65 62 63 60 55 52 51 49 42 35 34 39 45 52 53 52 55 49 33 29 31 33 34 32 28 26 25 25 25 25 23 21 22 23 22 20 16 14 13 12 11 9 7 6 2 357 357 357 356 356 356 356 355 353 351 348 347 346 346 345 343 342 341 340 339 338 337 337 336 335 332 330 330 330 328 324 324 325 323 319 317 316 313 310 306 303 301 297 295 295 291 285 280
73 72 71 68 66 65 61 58 58 56 51 42 34 35 40 46 50 49 49 50 43 31 28 32 35 35 32 28 28 28 27 27 26 24 22 23 23 20 18 16 14 13 12 10 8 6 5 2 357 356 356 356 355 356 356 355 353 351 349 347 347 346 345 343 342 341 340 339 337 337 337 337 335 333 331 331 331 328 326 326 326 324 320 318 316 314 314 311 307 304 301 299 297 295 293 290
72 72 71 69 69 65 60 60 61 58 50 38 31 35 42 47 48 45 46 45 39 30 27 31 36 35 32 30 30 31 30 29 27 25 24 23 22 19 18 15 13 12 10 9 7 5 4 2 360 357 356 355 356 357 356 354 352 351 350 349 347 346 345 344 343 342 340 338 336 336 338 337 335 333 332 333 333 329 327 328 330 327 322 321 318 318 321 319 315 312 309 307 307 307 307 305
70 71 69 68 67 64 60 60 59 54 45 33 31 37 43 50 49 47 46 44 40 34 28 28 34 35 33 31 29 30 30 30 29 27 24 22 21 21 19 16 13 11 9 8 6 4 3 3 3 0 358 358 358 357 356 354 352 350 349 349 348 346 345 344 343 342 340 338 335 337 338 337 334 332 332 332 331 328 327 329 332 329 324 324 320 319 325 325 323 322 319 316 316 317 316 316
71 70 68 67 66 63 62 63 60 53 43 33 31 38 47 53 52 50 48 46 44 40 32 26 31 33 31 30 27 27 28 29 28 26 24 23 23 21 18 15 12 10 9 7 6 5 4 4 3 2 1 0 359 358 357 354 352 350 349 348 347 346 345 344 343 342 340 337 335 337 338 335 333 332 332 330 327 325 326 329 331 328 324 324 320 319 324 326 325 325 326 324 324 325 324 325
75 75 71 68 66 65 66 67 63 54 44 37 33 41 52 55 54 53 50 49 48 46 38 27 29 32 31 30 28 27 27 27 27 26 24 23 21 19 16 14 12 10 9 8 8 8 7 5 4 4 4 3 0 358 357 355 352 350 349 348 347 347 346 344 343 342 340 337 336 338 339 335 332 332 334 332 328 325 326 329 329 325 322 322 320 318 321 322 321 323 324 324 327 329 328 327
77 78 77 73 70 68 68 67 61 53 47 41 37 45 56 57 55 53 50 49 50 49 44 33 30 33 33 32 30 28 28 28 28 27 25 23 20 18 17 15 14 12 12 11 11 10 9 7 6 5 5 4 2 360 358 355 352 350 348 347 347 347 347 346 344 342 341 337 336 339 340 337 334 335 335 333 331 329 331 332 327 325 323 322 320 317 317 318 317 318 317 317 320 323 323 323
77 78 79 79 76 73 70 67 61 56 51 46 41 48 57 58 55 53 51 49 49 50 46 39 33 32 33 34 32 30 30 31 30 29 27 25 22 21 21 19 18 17 16 15 13 11 10 8 7 6 6 3 2 1 359 355 352 350 348 346 346 347 348 347 346 344 341 337 337 339 339 336 335 337 336 333 330 330 335 333 324 323 325 324 323 321 320 319 318 316 314 312 312 314 318 319
78 78 78 79 79 76 73 68 63 60 57 52 46 50 57 58 55 54 53 51 51 51 48 42 35 28 31 34 32 32 34 34 32 32 31 30 28 26 26 25 24 22 20 18 15 13 11 9 8 7 6 3 2 2 359 354 351 349 347 346 345 346 346 347 346 344 340 338 338 339 336 333 333 335 335 332 329 331 336 331 321 320 324 326 326 326 325 325 325 325 324 321 319 319 321 318
79 79 78 78 77 75 73 70 66 63 61 58 53 53 58 58 57 56 53 52 51 51 48 44 37 29 28 33 33 32 36 35 33 34 35 34 32 30 30 29 28 25 22 20 17 15 12 11 9 7 5 5 3 360 356 353 351 349 347 346 345 343 342 343 342 340 338 337 339 340 336 332 331 333 334 332 328 330 335 330 324 322 324 325 323 323 324 324 327 331 331 328 325 326 324 316
80 80 79 78 76 74 73 71 69 66 64 62 58 58 61 61 60 59 56 54 52 51 49 45 39 33 27 31 33 34 38 38 36 37 38 37 35 33 32 31 28 26 24 22 21 18 14 13 12 9 6 5 2 358 355 353 350 348 347 346 343 340 339 338 334 332 332 334 339 339 335 332 332 334 334 332 328 328 330 328 327 326 326 324 320 320 320 318 321 328 328 323 322 325 321 314
81 81 80 78 76 75 74 72 70 68 66 64 61 60 62 65 64 61 58 57 56 54 51 46 41 36 31 32 37 39 41 42 40 41 42 40 38 36 34 32 30 29 27 24 23 21 18 18 18 15 9 6 2 357 354 352 350 347 346 343 336 331 329 327 323 322 323 328 336 335 332 332 332 335 338 337 334 332 330 328 327 327 328 327 324 324 321 316 318 326 323 315 316 321 317 312
82 82 81 79 77 76 75 74 71 69 68 66 63 61 65 70 69 65 61 60 60 58 54 50 46 41 37 38 42 43 44 44 43 43 43 43 41 39 36 34 32 31 28 26 26 26 25 26 28 25 18 13 7 1 354 349 347 348 348 341 326 317 313 309 308 308 310 317 327 329 329 330 331 334 337 336 335 333 332 332 329 327 327 326 324 326 323 316 320 328 322 312 312 317 312 306
83 83 82 80 79 77 76 74 73 71 69 67 64 61 66 72 74 72 67 64 62 59 57 54 50 45 42 42 43 44 46 47 47 45 43 43 42 40 38 36 35 36 35 36 37 37 34 32 32 30 26 21 16 11 1 346 340 345 352 346 332 325 318 313 308 302 301 305 314 321 325 327 328 330 332 331 328 327 328 330 328 325 324 321 320 323 320 314 316 322 317 307 305 306 302 296
84 83 83 81 80 79 77 75 74 72 70 69 66 62 64 70 74 75 72 68 64 61 58 55 51 48 44 44 45 45 47 49 48 46 43 43 43 42 42 42 45 48 50 52 51 48 42 33 29 30 28 22 17 12 6 358 349 349 352 346 339 334 330 330 326 317 312 309 308 314 320 322 323 326 328 326 321 319 319 319 319 320 318 315 315 315 312 308 307 309 304 294 288 289 289 287
85 84 83 82 81 79 78 76 75 73 72 70 68 65 65 69 71 70 69 68 65 61 57 54 52 50 47 45 46 46 47 48 45 44 45 47 50 51 51 53 56 55 52 51 46 41 38 33 27 27 24 19 12 7 5 4 1 356 351 345 339 336 335 338 336 329 325 320 316 316 317 315 315 319 323 323 320 317 316 314 315 315 312 308 307 305 300 296 294 293 291 285 282 282 283 284
85 85 84 83 81 80 79 77 76 75 73 72 71 70 71 73 70 67 65 64 63 59 55 54 53 52 48 46 46 47 48 48 46 48 52 56 59 59 57 55 52 47 43 42 39 34 33 32 26 21 18 15 9 5 5 6 6 1 353 345 339 337 337 340 337 331 327 325 323 323 319 312 307 313 319 321 322 320 317 314 313 311 306 301 296 290 284 279 282 290 294 292 290 288 287 287
86 85 84 83 82 81 79 78 77 75 74 73 72 73 75 76 73 69 65 63 61 59 57 56 56 54 51 50 50 50 51 50 49 51 54 55 55 53 50 48 46 43 42 42 39 36 33 29 23 17 14 12 9 8 7 7 4 0 354 346 341 339 340 341 336 330 327 326 326 325 323 320 314 313 316 318 321 319 313 308 305 302 298 292 284 280 278 279 287 296 300 297 294 293 292 290
87 86 85 84 83 81 80 79 78 76 74 74 73 74 75 77 75 71 67 64 62 60 59 59 59 57 55 54 54 55 54 51 49 49 51 52 52 51 49 48 48 46 45 43 41 38 33 26 22 20 16 12 10 10 8 4 1 358 353 347 342 341 342 340 335 330 327 327 327 323 324 327 323 319 317 315 313 307 297 291 290 289 290 291 291 290 292 293 294 298 303 301 296 295 295 294
88 87 86 85 83 82 81 80 79 77 75 74 74 73 74 75 74 71 67 65 63 61 60 60 59 58 57 55 55 55 53 50 50 51 54 56 56 54 51 49 47 44 44 42 40 37 32 27 24 24 21 15 10 7 4 1 359 358 353 347 344 342 340 337 332 328 325 326 326 325 327 330 328 324 324 321 312 299 290 289 290 293 298 304 304 300 299 297 295 298 306 310 300 296 296 296
88 88 87 86 84 83 81 80 79 77 76 75 74 73 73 73 71 69 67 65 63 62 60 59 59 58 57 56 54 53 51 48 49 52 54 54 54 51 46 45 44 43 44 42 40 36 34 31 26 24 22 17 10 3 360 359 358 356 354 350 347 343 338 335 331 327 327 326 326 327 331 333 328 324 325 329 327 317 309 304 303 305 306 309 309 304 300 297 295 298 308 315 304 297 297 298
89 89 87 86 85 84 82 80 79 77 76 75 74 73 72 71 69 68 66 65 64 62 61 60 59 58 57 56 54 53 51 47 48 51 51 50 50 48 45 45 45 44 44 43 41 40 37 32 27 24 21 17 11 5 360 357 355 353 353 353 350 343 337 334 330 327 328 327 326 329 333 333 327 321 323 330 333 328 321 314 311 310 308 309 313 308 304 300 298 301 310 320 311 300 301 302
90 89 88 87 86 84 82 80 79 78 77 75 74 73 72 71 69 68 67 65 64 62 61 60 58 58 57 56 55 54 51 47 49 53 53 53 53 51 48 48 47 45 44 44 44 41 35 31 27 24 21 18 13 8 2 357 353 351 352 354 351 342 336 333 330 329 330 329 329 333 335 332 325 320 323 331 335 330 324 320 317 315 311 311 314 312 310 306 303 304 312 324 317 303 301 303
90 90 88 87 86 85 83 81 79 78 78 76 74 72 71 70 69 68 67 65 63 62 61 59 58 57 56 56 56 56 54 51 53 56 56 57 57 55 53 50 47 46 45 45 44 39 33 32 30 25 22 19 14 8 3 358 353 351 352 352 349 341 333 328 328 330 331 331 332 334 334 329 322 320 325 333 335 328 323 320 319 319 316 314 315 314 314 308 303 303 312 325 315 302 300 302
91 91 90 88 86 85 83 81 80 79 78 76 74 73 71 70 69 68 67 66 64 63 61 59 57 56 55 56 59 61 59 57 58 59 58 58 57 57 56 53 49 47 45 44 41 38 35 35 32 28 24 20 13 8 4 359 355 353 352 350 346 337 329 326 327 328 329 330 332 330 327 322 318 321 328 335 332 324 320 320 319 319 320 319 316 314 313 307 301 302 312 326 314 302 300 301
92 91 90 89 87 85 83 82 81 80 78 76 75 74 72 70 69 69 68 66 65 64 61 59 57 54 52 55 60 63 62 62 62 60 58 56 55 58 58 55 51 48 45 44 43 40 38 37 34 29 25 20 14 8 2 358 357 358 356 350 340 332 328 329 332 332 332 335 334 327 320 317 318 323 332 339 329 320 320 321 320 320 323 323 319 317 318 312 304 303 315 329 317 306 303 302
92 92 91 89 88 86 84 83 82 79 77 76 75 74 72 71 70 69 68 67 65 64 61 59 56 51 49 55 60 62 62 65 67 65 61 56 54 57 59 56 51 49 47 46 44 39 37 37 33 28 24 22 16 7 359 357 1 4 359 348 335 326 326 331 336 338 341 344 339 327 318 317 320 325 336 343 330 319 320 322 320 319 322 322 319 319 323 318 308 306 316 328 320 310 306 304
93 92 91 90 88 86 85 84 82 79 77 76 75 74 73 72 71 70 68 67 65 64 61 59 55 49 48 54 58 58 60 65 68 69 68 62 57 58 59 57 52 50 48 45 41 35 33 34 32 27 23 20 15 6 359 359 4 4 355 344 333 325 324 330 335 340 346 347 338 325 317 317 322 327 338 343 330 318 319 322 319 318 319 317 315 315 320 318 308 306 314 324 320 312 308 307
94 93 91 90 88 87 85 84 82 79 78 76 75 74 73 73 72 70 69 67 66 64 63 60 55 49 48 54 55 53 56 61 64 66 67 64 60 59 59 55 49 47 45 41 37 32 31 32 32 27 18 16 13 8 3 1 2 359 351 340 332 330 331 334 337 340 347 345 331 321 318 320 326 332 339 339 326 314 314 318 319 320 317 313 308 306 309 310 305 304 310 318 319 313 309 309
95 94 92 90 88 87 86 84 81 79 78 76 75 75 74 73 72 71 69 68 67 66 64 61 56 51 52 55 53 49 51 56 59 62 63 57 52 55 57 51 44 42 38 37 34 30 29 28 26 22 15 13 12 10 7 4 360 354 347 336 330 332 338 341 340 340 344 339 324 317 317 322 329 335 340 337 326 314 308 311 317 320 316 309 303 302 305 306 304 303 305 310 314 312 308 306
96 95 93 90 88 88 86 84 81 80 78 77 76 75 75 74 73 72 71 70 68 66 64 61 58 56 57 58 54 51 53 56 58 61 60 50 46 52 54 48 42 39 35 35 33 28 27 24 22 20 17 14 13 14 12 9 3 353 342 333 329 333 340 343 338 336 338 332 317 311 313 317 323 330 337 336 330 320 310 309 315 320 317 310 307 308 309 308 305 301 299 299 303 304 301 299
96 96 93 91 89 88 86 84 82 80 79 78 77 76 75 74 74 73 72 70 69 67 65 63 62 60 60 58 54 54 59 62 62 63 61 48 45 53 53 47 43 41 38 38 36 31 28 26 25 25 22 19 18 18 17 14 7 355 341 331 331 340 347 345 334 331 334 328 314 308 311 315 317 325 334 335 334 325 314 310 316 323 319 312 309 308 305 302 297 294 291 289 289 293 296 296
96 96 94 92 90 88 86 84 82 80 79 78 77 76 76 75 74 74 73 71 70 69 67 65 64 63 61 57 52 52 58 62 63 64 63 51 48 56 55 49 47 45 42 42 39 35 34 33 32 31 28 24 20 19 19 13 6 358 346 334 333 345 353 347 334 329 332 328 316 310 315 320 321 328 334 336 335 328 318 311 316 323 318 312 309 304 300 296 293 290 287 284 284 288 295 301
97 96 94 93 91 88 86 84 82 81 80 79 78 77 76 75 74 74 73 73 73 72 69 67 67 65 64 59 53 54 60 62 62 62 63 55 49 56 54 50 49 46 43 44 43 41 41 39 37 35 31 26 22 21 19 12 2 357 352 343 339 345 352 347 336 330 329 325 317 314 320 324 325 331 335 336 335 330 322 315 317 320 315 313 313 310 304 302 299 295 290 288 288 291 298 308
98 96 94 93 91 89 86 84 83 82 81 80 79 78 77 76 75 75 74 74 74 72 71 71 70 67 64 61 58 62 67 66 63 63 62 55 47 53 52 49 49 47 47 49 49 48 47 44 41 39 35 30 26 23 18 10 360 353 351 348 345 347 350 345 337 332 328 324 316 316 322 326 327 331 334 333 331 326 321 317 318 321 316 313 315 316 309 307 306 301 297 296 296 297 301 308
99 98 96 94 91 89 86 84 83 82 82 81 80 79 78 77 77 77 76 75 74 74 74 74 73 70 67 63 62 68 74 71 67 65 62 54 46 49 52 51 51 51 52 53 52 51 48 44 41 38 34 30 26 21 14 7 0 354 348 345 344 346 347 342 337 333 328 323 318 316 321 324 324 327 328 328 327 321 314 311 313 317 314 308 310 316 313 310 311 309 305 302 299 296 298 305
100 100 97 95 91 88 86 85 84 83 82 82 81 80 79 79 78 78 77 76 76 75 75 74 74 73 70 65 65 73 78 75 71 69 64 56 48 48 52 55 55 55 55 53 52 50 46 42 40 37 33 28 23 17 11 6 3 358 352 345 342 343 343 339 335 331 326 322 319 319 319 314 313 319 324 327 328 323 314 310 310 310 307 301 302 311 317 314 313 314 309 304 298 295 299 308
102 101 98 95 91 88 87 86 85 84 83 83 82 81 81 80 80 79 78 77 77 77 76 75 75 74 72 68 70 77 78 75 74 71 65 58 51 50 54 57 56 56 55 52 50 49 45 41 39 36 31 24 20 16 10 5 3 0 356 349 344 343 341 338 335 327 320 317 319 323 321 313 313 320 327 328 328 331 322 315 315 313 308 303 301 309 320 320 313 312 311 304 299 298 303 311
103 102 99 95 92 89 88 87 86 86 85 84 83 82 82 81 81 80 79 79 78 78 77 77 77 75 74 73 77 80 78 76 73 69 65 58 50 53 57 57 56 55 53 51 48 46 41 35 32 30 26 20 16 15 10 3 0 360 357 352 349 348 346 343 338 327 315 312 318 326 323 320 322 327 333 326 327 336 329 319 322 321 314 307 302 307 322 326 317 313 312 305 299 298 300 305
103 102 99 95 93 91 89 89 89 88 86 85 84 84 83 83 82 81 81 80 80 79 79 78 78 77 77 79 83 82 79 78 74 70 65 56 48 52 55 56 56 55 53 49 45 42 39 33 28 27 24 17 10 9 6 1 357 357 356 353 353 355 355 350 342 329 314 311 317 322 321 322 325 333 336 323 327 340 336 326 329 329 318 307 300 303 316 324 321 315 313 306 298 296 296 300
103 103 100 97 94 93 92 91 91 90 88 87 86 85 85 84 83 83 82 82 81 81 80 79 79 78 80 82 83 82 81 79 76 72 64 55 52 53 54 54 54 53 51 47 42 39 36 29 24 24 22 13 3 1 2 1 357 355 354 353 356 2 3 355 344 331 317 315 320 320 321 321 322 332 329 321 329 346 341 329 332 334 324 311 303 303 313 322 322 317 314 304 295 291 293 299
104 104 101 99 97 95 95 93 92 91 90 89 88 87 86 85 84 84 83 83 83 82 81 80 80 79 80 82 82 82 81 78 75 71 62 56 57 58 56 53 50 48 45 41 37 33 29 24 21 19 18 11 1 357 359 1 359 357 355 357 1 4 1 354 346 334 323 321 324 324 325 323 321 329 324 320 333 350 345 333 330 331 323 315 310 311 317 324 322 317 312 301 290 287 293 301
