windninja/windninja_output/Output_2025-10-23_2100-2150_Google earth_Fire_150m_10min/merlingen_7.5mi_point_10-23-2025_2130_150m_vel.asc
ncols	158
nrows	163
xllcorner	391686.332397
yllcorner	5160024.123721
cellsize	150.000000
NODATA_value	-32768.000000
[rows 76 to 113 of 163, columns 0 to 83 of 158]
1.18 1.24 1.29 1.25 1.31 1.42 1.43 1.39 1.38 1.34 1.33 1.31 1.28 1.29 1.29 1.26 1.26 1.28 1.27 1.23 1.22 1.22 1.21 1.21 1.15 1.07 1.08 1.16 1.20 1.20 1.17 1.13 1.08 1.03 1.00 0.99 1.00 1.01 0.98 0.94 0.91 0.89 0.86 0.84 0.81 0.79 0.76 0.74 0.71 0.69 0.66 0.63 0.60 0.57 0.54 0.50 0.47 0.44 0.40 0.36 0.33 0.29 0.25 0.21 0.17 0.12 0.08 0.03 0.04 0.09 0.14 0.19 0.24 0.28 0.31 0.35 0.37 0.38 0.44 0.62 0.82 0.83 0.60 0.24
0.97 1.03 1.16 1.24 1.35 1.44 1.41 1.41 1.43 1.42 1.40 1.36 1.33 1.34 1.33 1.28 1.28 1.30 1.28 1.24 1.24 1.24 1.25 1.23 1.13 1.03 1.10 1.20 1.19 1.15 1.11 1.07 1.03 1.03 1.06 1.05 1.03 1.01 0.97 0.95 0.92 0.89 0.86 0.84 0.81 0.79 0.77 0.74 0.72 0.69 0.67 0.64 0.61 0.58 0.55 0.51 0.48 0.44 0.41 0.37 0.33 0.29 0.25 0.21 0.17 0.13 0.08 0.05 0.05 0.10 0.15 0.20 0.24 0.28 0.31 0.34 0.37 0.38 0.46 0.63 0.72 0.56 0.29 0.06
0.67 0.65 0.95 1.34 1.49 1.48 1.47 1.52 1.59 1.58 1.49 1.41 1.38 1.37 1.35 1.31 1.32 1.33 1.28 1.24 1.25 1.26 1.27 1.22 1.08 1.04 1.15 1.22 1.19 1.13 1.08 1.10 1.11 1.13 1.14 1.11 1.06 1.01 0.97 0.95 0.91 0.88 0.86 0.84 0.81 0.79 0.77 0.74 0.72 0.70 0.67 0.65 0.62 0.59 0.55 0.52 0.49 0.45 0.41 0.38 0.34 0.30 0.26 0.22 0.18 0.13 0.09 0.06 0.05 0.10 0.15 0.20 0.24 0.27 0.31 0.34 0.37 0.39 0.47 0.58 0.57 0.34 0.16 0.14
0.48 0.28 0.73 1.49 1.95 1.94 1.77 1.74 1.83 1.73 1.53 1.42 1.41 1.40 1.38 1.36 1.36 1.33 1.26 1.24 1.26 1.27 1.28 1.20 1.07 1.09 1.22 1.27 1.23 1.15 1.12 1.17 1.17 1.15 1.15 1.13 1.06 0.99 0.97 0.96 0.90 0.86 0.85 0.83 0.81 0.78 0.76 0.74 0.72 0.70 0.68 0.66 0.63 0.60 0.57 0.53 0.49 0.46 0.42 0.39 0.35 0.31 0.27 0.23 0.18 0.14 0.10 0.07 0.06 0.11 0.15 0.20 0.23 0.28 0.31 0.35 0.38 0.41 0.47 0.52 0.43 0.27 0.26 0.35
0.70 0.49 0.84 1.66 2.57 3.04 2.52 2.13 2.06 1.80 1.52 1.43 1.42 1.40 1.39 1.38 1.35 1.29 1.24 1.25 1.27 1.28 1.26 1.19 1.10 1.14 1.27 1.29 1.23 1.17 1.18 1.22 1.22 1.20 1.19 1.14 1.04 0.99 0.99 0.97 0.89 0.83 0.83 0.80 0.78 0.76 0.74 0.72 0.72 0.71 0.70 0.67 0.64 0.61 0.58 0.54 0.50 0.47 0.43 0.39 0.35 0.32 0.28 0.23 0.19 0.15 0.11 0.08 0.07 0.11 0.15 0.20 0.24 0.28 0.32 0.36 0.39 0.42 0.46 0.46 0.38 0.35 0.41 0.46
0.87 0.51 1.23 2.22 3.25 3.19 2.55 2.29 2.10 1.78 1.52 1.42 1.39 1.37 1.38 1.36 1.30 1.25 1.24 1.26 1.28 1.28 1.27 1.22 1.14 1.17 1.28 1.28 1.23 1.22 1.24 1.28 1.27 1.23 1.20 1.12 1.04 1.01 1.01 0.97 0.90 0.83 0.80 0.76 0.73 0.72 0.70 0.68 0.69 0.72 0.71 0.69 0.66 0.62 0.58 0.55 0.51 0.48 0.44 0.40 0.36 0.33 0.29 0.24 0.20 0.16 0.12 0.09 0.08 0.11 0.16 0.20 0.24 0.29 0.33 0.36 0.40 0.43 0.46 0.46 0.44 0.46 0.48 0.48
0.69 0.69 1.91 3.19 3.46 2.39 1.77 1.79 1.74 1.56 1.38 1.30 1.32 1.33 1.33 1.30 1.24 1.23 1.25 1.26 1.27 1.28 1.30 1.24 1.15 1.19 1.30 1.30 1.27 1.26 1.24 1.24 1.19 1.14 1.09 1.06 1.03 1.02 1.01 0.98 0.91 0.86 0.84 0.83 0.81 0.80 0.77 0.76 0.80 0.81 0.77 0.73 0.68 0.64 0.60 0.56 0.52 0.48 0.45 0.41 0.37 0.33 0.29 0.25 0.21 0.17 0.13 0.10 0.09 0.12 0.16 0.21 0.25 0.29 0.33 0.37 0.41 0.43 0.46 0.48 0.48 0.48 0.48 0.53
1.94 2.27 2.95 3.19 2.62 1.70 1.33 1.24 1.17 1.09 1.06 1.13 1.20 1.22 1.25 1.22 1.20 1.22 1.24 1.25 1.28 1.30 1.30 1.26 1.21 1.28 1.37 1.34 1.29 1.25 1.21 1.17 1.12 1.06 1.02 1.01 1.00 1.00 1.00 0.96 0.91 0.91 0.94 0.98 1.00 1.00 0.99 1.00 1.01 0.97 0.89 0.80 0.73 0.67 0.61 0.57 0.53 0.49 0.46 0.42 0.38 0.34 0.30 0.26 0.22 0.18 0.14 0.12 0.11 0.12 0.16 0.21 0.25 0.30 0.34 0.38 0.42 0.45 0.47 0.49 0.48 0.49 0.52 0.68
2.79 2.70 2.51 2.06 1.58 1.30 0.99 0.76 0.69 0.75 0.90 1.03 1.08 1.13 1.18 1.18 1.17 1.20 1.25 1.27 1.30 1.32 1.31 1.31 1.32 1.36 1.38 1.32 1.27 1.25 1.22 1.17 1.10 1.03 1.00 1.00 1.00 1.00 0.96 0.93 0.92 0.94 0.96 0.98 0.98 0.98 0.98 0.99 0.98 0.91 0.85 0.80 0.75 0.67 0.61 0.57 0.53 0.50 0.47 0.43 0.39 0.35 0.31 0.27 0.23 0.19 0.16 0.13 0.12 0.13 0.17 0.21 0.26 0.30 0.35 0.39 0.43 0.46 0.49 0.51 0.52 0.55 0.63 0.84
3.31 2.59 1.69 1.42 1.23 1.00 0.64 0.49 0.60 0.78 0.94 1.00 1.01 1.09 1.17 1.18 1.16 1.20 1.25 1.27 1.30 1.31 1.33 1.39 1.40 1.34 1.30 1.25 1.25 1.26 1.20 1.15 1.09 1.03 1.03 1.06 1.04 1.00 0.97 0.97 0.97 0.96 0.94 0.92 0.91 0.89 0.88 0.88 0.85 0.79 0.74 0.69 0.65 0.61 0.59 0.57 0.54 0.51 0.48 0.44 0.41 0.37 0.33 0.29 0.25 0.21 0.17 0.14 0.13 0.14 0.17 0.22 0.27 0.31 0.36 0.40 0.44 0.47 0.51 0.54 0.58 0.65 0.77 1.04
3.48 2.59 1.60 1.36 1.17 0.92 0.61 0.60 0.84 0.99 1.01 0.95 0.99 1.08 1.15 1.14 1.11 1.16 1.21 1.24 1.26 1.27 1.34 1.46 1.47 1.36 1.28 1.28 1.29 1.25 1.16 1.14 1.12 1.11 1.16 1.17 1.11 1.07 1.05 1.04 1.01 0.97 0.95 0.93 0.91 0.88 0.87 0.86 0.83 0.77 0.70 0.64 0.60 0.59 0.58 0.57 0.55 0.52 0.49 0.45 0.42 0.38 0.34 0.30 0.26 0.22 0.18 0.15 0.14 0.15 0.18 0.22 0.27 0.32 0.36 0.41 0.45 0.49 0.54 0.59 0.65 0.76 0.95 1.27
3.10 2.33 1.59 1.40 1.14 0.95 0.82 0.92 1.13 1.15 0.99 0.91 1.02 1.07 1.09 1.09 1.04 1.11 1.19 1.27 1.28 1.29 1.49 1.77 1.74 1.51 1.38 1.36 1.31 1.22 1.16 1.15 1.14 1.14 1.19 1.19 1.15 1.14 1.13 1.11 1.06 1.00 0.96 0.93 0.90 0.88 0.87 0.87 0.84 0.76 0.68 0.64 0.61 0.59 0.57 0.56 0.54 0.52 0.50 0.47 0.44 0.40 0.36 0.32 0.27 0.23 0.20 0.17 0.15 0.15 0.18 0.23 0.28 0.32 0.37 0.41 0.46 0.51 0.58 0.64 0.71 0.84 1.04 1.33
2.47 2.14 1.71 1.52 1.27 1.14 1.15 1.19 1.18 1.10 0.96 1.00 1.12 1.09 1.08 1.03 0.97 1.10 1.27 1.42 1.47 1.60 2.14 2.41 2.04 1.57 1.38 1.33 1.26 1.19 1.17 1.16 1.13 1.11 1.12 1.12 1.10 1.10 1.11 1.11 1.08 1.03 0.98 0.95 0.92 0.91 0.91 0.90 0.85 0.78 0.72 0.68 0.64 0.62 0.60 0.57 0.55 0.53 0.51 0.48 0.45 0.42 0.37 0.33 0.29 0.25 0.21 0.18 0.16 0.16 0.19 0.23 0.28 0.33 0.38 0.42 0.48 0.54 0.60 0.66 0.74 0.85 1.01 1.28
2.19 2.17 1.96 1.61 1.39 1.29 1.26 1.20 1.06 1.06 1.20 1.25 1.19 1.09 1.01 0.90 0.94 1.18 1.46 1.74 1.94 2.47 2.89 2.53 1.77 1.38 1.26 1.23 1.19 1.17 1.16 1.15 1.14 1.11 1.11 1.12 1.08 1.03 1.02 1.03 1.02 1.00 0.98 0.95 0.94 0.93 0.92 0.89 0.86 0.81 0.78 0.76 0.73 0.71 0.68 0.63 0.58 0.53 0.51 0.51 0.49 0.44 0.39 0.35 0.30 0.26 0.23 0.19 0.17 0.17 0.19 0.23 0.28 0.33 0.38 0.43 0.49 0.55 0.61 0.68 0.76 0.85 0.97 1.17
2.29 2.16 1.80 1.45 1.37 1.32 1.24 1.16 1.08 1.26 1.54 1.43 1.17 1.04 0.91 0.84 0.99 1.27 1.73 2.33 2.93 3.28 2.89 1.97 1.37 1.16 1.14 1.15 1.14 1.14 1.14 1.14 1.14 1.12 1.13 1.14 1.08 1.04 1.03 1.03 1.02 0.98 0.94 0.92 0.92 0.91 0.89 0.89 0.87 0.85 0.83 0.82 0.81 0.79 0.73 0.65 0.57 0.55 0.60 0.61 0.54 0.46 0.41 0.36 0.32 0.28 0.24 0.21 0.19 0.18 0.20 0.23 0.28 0.34 0.39 0.44 0.50 0.56 0.62 0.69 0.77 0.85 0.95 1.09
2.34 2.03 1.64 1.54 1.61 1.54 1.41 1.36 1.33 1.54 1.73 1.48 1.17 1.06 1.02 1.04 1.15 1.36 1.92 3.00 3.59 3.22 2.12 1.43 1.12 1.01 1.02 1.07 1.08 1.09 1.11 1.12 1.13 1.12 1.14 1.15 1.11 1.10 1.10 1.09 1.07 1.01 0.96 0.93 0.91 0.89 0.88 0.87 0.87 0.87 0.87 0.86 0.84 0.81 0.74 0.68 0.68 0.75 0.79 0.70 0.58 0.49 0.43 0.38 0.33 0.29 0.25 0.22 0.20 0.19 0.20 0.24 0.28 0.34 0.39 0.45 0.50 0.56 0.63 0.70 0.78 0.86 0.95 1.09
2.39 2.15 1.95 2.00 2.10 2.12 2.20 2.23 2.07 1.98 1.89 1.56 1.25 1.15 1.13 1.23 1.42 1.73 2.57 3.53 3.41 2.17 1.34 1.00 0.86 0.83 0.91 0.98 1.01 1.05 1.09 1.11 1.14 1.15 1.16 1.17 1.14 1.13 1.12 1.11 1.06 1.00 0.96 0.94 0.90 0.87 0.84 0.82 0.84 0.86 0.87 0.88 0.87 0.81 0.76 0.78 0.86 0.88 0.79 0.66 0.56 0.50 0.44 0.39 0.34 0.31 0.27 0.24 0.21 0.20 0.21 0.24 0.28 0.34 0.39 0.45 0.50 0.56 0.63 0.70 0.78 0.86 0.96 1.08
2.59 2.44 2.29 2.34 2.53 2.70 2.80 2.81 2.66 2.42 2.31 2.20 2.06 2.08 2.03 2.06 2.37 2.88 3.47 3.38 2.39 1.17 0.81 0.69 0.67 0.72 0.83 0.92 0.97 1.02 1.04 1.08 1.16 1.18 1.17 1.16 1.15 1.14 1.15 1.12 1.05 0.97 0.96 0.95 0.89 0.83 0.80 0.81 0.87 0.90 0.93 0.98 0.92 0.82 0.77 0.79 0.81 0.73 0.61 0.53 0.50 0.47 0.43 0.39 0.35 0.32 0.28 0.25 0.22 0.21 0.21 0.24 0.28 0.34 0.39 0.45 0.50 0.56 0.63 0.70 0.77 0.86 0.95 1.05
2.92 2.70 2.42 2.48 2.71 2.72 2.50 2.31 2.25 2.44 2.56 2.60 2.66 2.71 2.75 2.77 2.91 3.14 3.10 2.13 1.08 0.66 0.50 0.48 0.53 0.65 0.80 0.89 0.94 0.95 0.96 1.09 1.24 1.24 1.18 1.16 1.18 1.18 1.18 1.14 1.07 1.02 1.03 1.03 0.93 0.88 0.87 0.89 0.96 1.02 1.15 1.19 0.98 0.83 0.78 0.75 0.71 0.62 0.54 0.50 0.47 0.45 0.43 0.40 0.37 0.33 0.29 0.26 0.23 0.22 0.22 0.24 0.28 0.33 0.39 0.44 0.50 0.56 0.62 0.69 0.76 0.84 0.93 1.03
3.20 2.86 2.49 2.57 2.69 2.44 1.98 1.65 1.65 1.97 2.15 2.01 1.80 1.47 1.57 1.78 1.98 1.97 2.02 1.18 0.42 0.16 0.12 0.22 0.41 0.64 0.78 0.87 0.90 0.91 1.03 1.29 1.39 1.30 1.18 1.17 1.21 1.21 1.20 1.17 1.12 1.10 1.12 1.13 1.09 1.09 1.10 1.12 1.20 1.34 1.44 1.27 0.96 0.82 0.78 0.75 0.71 0.66 0.58 0.53 0.48 0.45 0.43 0.41 0.38 0.34 0.30 0.27 0.25 0.23 0.23 0.24 0.28 0.33 0.38 0.44 0.50 0.56 0.62 0.68 0.75 0.83 0.91 0.99
3.39 3.10 2.73 2.66 2.54 2.11 1.66 1.38 1.30 1.34 1.37 1.29 0.93 0.75 0.83 1.09 1.24 1.57 1.58 0.60 0.34 0.40 0.29 0.27 0.49 0.69 0.78 0.86 0.90 1.03 1.29 1.43 1.36 1.22 1.14 1.17 1.22 1.22 1.21 1.19 1.16 1.14 1.14 1.18 1.23 1.28 1.34 1.44 1.53 1.55 1.36 1.04 0.84 0.78 0.77 0.74 0.71 0.66 0.59 0.54 0.50 0.46 0.44 0.42 0.39 0.35 0.32 0.29 0.26 0.24 0.23 0.24 0.28 0.32 0.37 0.43 0.49 0.55 0.61 0.67 0.74 0.81 0.88 0.96
3.76 3.45 2.94 2.53 2.17 1.81 1.48 1.23 1.14 1.07 1.03 0.83 0.56 0.58 0.77 1.05 1.29 1.51 1.33 0.76 0.70 0.63 0.63 0.69 0.78 0.83 0.84 0.88 0.97 1.14 1.30 1.27 1.18 1.12 1.11 1.15 1.21 1.25 1.26 1.24 1.22 1.18 1.16 1.22 1.27 1.29 1.34 1.43 1.42 1.23 0.95 0.80 0.77 0.75 0.75 0.73 0.69 0.64 0.59 0.55 0.50 0.46 0.45 0.43 0.39 0.36 0.34 0.31 0.28 0.25 0.24 0.24 0.27 0.31 0.37 0.42 0.48 0.53 0.59 0.65 0.72 0.78 0.85 0.92
4.23 3.71 2.82 2.18 1.85 1.70 1.41 1.20 1.11 0.98 0.86 0.71 0.53 0.52 0.76 1.08 1.31 1.26 0.97 0.89 0.78 0.67 0.98 1.25 1.19 0.96 0.84 0.88 0.97 1.10 1.17 1.15 1.14 1.14 1.13 1.17 1.25 1.31 1.32 1.30 1.28 1.24 1.21 1.24 1.23 1.20 1.23 1.26 1.14 0.95 0.82 0.80 0.78 0.74 0.74 0.74 0.72 0.68 0.63 0.58 0.51 0.47 0.45 0.43 0.40 0.38 0.35 0.32 0.28 0.26 0.25 0.25 0.27 0.30 0.35 0.41 0.47 0.52 0.58 0.64 0.70 0.76 0.82 0.89
4.48 3.65 2.56 2.03 1.75 1.56 1.31 1.22 1.14 0.97 0.86 0.71 0.56 0.56 0.76 1.06 1.19 1.06 0.93 0.88 0.79 1.13 1.72 1.67 1.14 0.74 0.70 0.80 0.90 1.03 1.11 1.14 1.18 1.21 1.22 1.28 1.36 1.40 1.40 1.37 1.34 1.31 1.28 1.26 1.25 1.27 1.30 1.25 1.11 0.99 0.93 0.90 0.85 0.82 0.82 0.81 0.77 0.72 0.68 0.62 0.57 0.52 0.48 0.45 0.42 0.39 0.36 0.33 0.29 0.27 0.25 0.25 0.26 0.29 0.34 0.40 0.45 0.51 0.56 0.62 0.67 0.74 0.79 0.86
3.93 3.27 2.43 2.03 1.70 1.46 1.28 1.19 1.13 1.02 0.94 0.80 0.67 0.67 0.78 1.03 1.14 0.90 0.73 0.74 1.13 1.88 1.94 1.04 0.37 0.38 0.58 0.73 0.85 0.98 1.09 1.17 1.25 1.31 1.35 1.40 1.44 1.46 1.49 1.48 1.43 1.38 1.33 1.29 1.32 1.35 1.33 1.25 1.15 1.08 1.04 0.99 0.94 0.92 0.91 0.87 0.80 0.76 0.72 0.67 0.63 0.59 0.55 0.51 0.47 0.43 0.38 0.34 0.31 0.28 0.26 0.25 0.25 0.28 0.33 0.38 0.44 0.49 0.55 0.60 0.65 0.71 0.77 0.82
3.21 2.79 2.28 1.96 1.59 1.41 1.31 1.19 1.10 1.03 0.96 0.83 0.70 0.70 0.79 0.95 1.05 0.89 0.71 1.12 1.88 2.05 1.29 0.61 0.44 0.45 0.61 0.73 0.82 0.96 1.13 1.27 1.38 1.45 1.47 1.47 1.46 1.51 1.61 1.60 1.50 1.43 1.37 1.34 1.34 1.32 1.30 1.26 1.20 1.16 1.12 1.05 0.99 0.96 0.94 0.90 0.85 0.83 0.79 0.71 0.65 0.61 0.59 0.57 0.54 0.49 0.43 0.37 0.32 0.28 0.25 0.24 0.25 0.27 0.31 0.36 0.42 0.47 0.53 0.58 0.63 0.68 0.74 0.79
2.64 2.39 2.05 1.78 1.49 1.34 1.28 1.20 1.09 1.00 0.93 0.83 0.67 0.60 0.74 1.02 1.20 1.18 1.16 1.61 1.97 1.30 0.77 0.70 0.62 0.63 0.71 0.78 0.86 1.03 1.24 1.41 1.53 1.58 1.57 1.54 1.56 1.66 1.75 1.67 1.52 1.45 1.43 1.41 1.40 1.41 1.43 1.39 1.31 1.23 1.15 1.09 1.05 1.02 0.98 0.94 0.92 0.90 0.83 0.76 0.72 0.69 0.66 0.61 0.57 0.52 0.46 0.39 0.33 0.27 0.24 0.23 0.24 0.26 0.29 0.34 0.39 0.45 0.50 0.55 0.60 0.65 0.71 0.76
2.22 2.05 1.81 1.60 1.42 1.29 1.22 1.17 1.10 0.99 0.93 0.86 0.71 0.70 0.91 1.16 1.34 1.33 1.32 1.60 1.46 0.94 0.84 0.81 0.75 0.75 0.83 0.88 0.96 1.18 1.37 1.51 1.64 1.69 1.70 1.71 1.72 1.78 1.80 1.69 1.55 1.49 1.49 1.48 1.48 1.49 1.49 1.43 1.32 1.23 1.17 1.14 1.12 1.10 1.09 1.04 0.98 0.92 0.87 0.85 0.83 0.78 0.72 0.66 0.61 0.55 0.48 0.41 0.36 0.31 0.27 0.24 0.22 0.24 0.27 0.31 0.37 0.43 0.48 0.53 0.58 0.63 0.68 0.72
1.89 1.77 1.57 1.44 1.34 1.24 1.16 1.12 1.10 1.03 0.95 0.92 0.85 0.88 1.00 1.14 1.32 1.29 1.18 1.21 1.14 1.02 0.94 0.90 0.84 0.85 0.98 1.05 1.13 1.34 1.47 1.57 1.75 1.84 1.85 1.89 1.88 1.86 1.84 1.77 1.66 1.58 1.55 1.56 1.54 1.49 1.46 1.40 1.30 1.24 1.23 1.21 1.18 1.15 1.12 1.07 1.02 0.96 0.92 0.89 0.84 0.77 0.72 0.70 0.65 0.58 0.52 0.46 0.41 0.37 0.33 0.28 0.23 0.21 0.23 0.28 0.33 0.39 0.45 0.50 0.55 0.59 0.64 0.69
1.60 1.51 1.34 1.27 1.25 1.19 1.12 1.05 1.08 1.10 1.02 1.00 1.00 0.98 1.02 1.10 1.21 1.20 1.09 1.06 1.04 1.01 1.00 0.94 0.90 0.95 1.12 1.22 1.29 1.47 1.59 1.73 1.89 1.95 1.99 2.10 2.12 2.04 2.00 1.94 1.83 1.69 1.64 1.66 1.60 1.54 1.51 1.46 1.39 1.36 1.36 1.34 1.28 1.21 1.14 1.08 1.03 0.99 0.95 0.90 0.83 0.76 0.72 0.70 0.65 0.59 0.55 0.51 0.46 0.41 0.37 0.33 0.29 0.24 0.23 0.25 0.30 0.35 0.41 0.47 0.52 0.56 0.61 0.66
1.34 1.27 1.15 1.12 1.15 1.13 1.05 0.99 1.07 1.16 1.13 1.11 1.10 1.05 1.03 1.04 1.09 1.08 0.97 0.91 0.96 1.05 1.01 0.93 0.97 1.04 1.20 1.32 1.48 1.68 1.84 1.98 1.94 1.92 2.17 2.49 2.49 2.28 2.16 2.06 1.92 1.78 1.77 1.75 1.66 1.62 1.57 1.52 1.47 1.45 1.46 1.43 1.36 1.29 1.21 1.12 1.05 1.00 0.96 0.90 0.84 0.79 0.77 0.73 0.67 0.62 0.57 0.52 0.48 0.44 0.39 0.36 0.34 0.32 0.30 0.29 0.31 0.33 0.39 0.45 0.49 0.51 0.56 0.61
1.15 1.09 1.00 1.00 1.06 1.09 1.06 1.04 1.15 1.33 1.37 1.32 1.17 1.01 0.98 0.96 0.98 0.97 0.84 0.80 0.93 1.13 1.04 0.88 0.96 1.12 1.22 1.34 1.70 2.00 2.11 2.09 1.79 1.85 2.56 2.99 2.79 2.34 2.17 2.14 1.99 1.89 1.89 1.85 1.78 1.74 1.67 1.62 1.57 1.50 1.46 1.40 1.35 1.31 1.25 1.18 1.10 1.04 0.98 0.91 0.86 0.83 0.81 0.78 0.73 0.66 0.59 0.53 0.49 0.45 0.41 0.38 0.36 0.35 0.33 0.33 0.33 0.34 0.38 0.44 0.48 0.48 0.51 0.57
1.06 0.98 0.92 1.00 1.10 1.21 1.36 1.39 1.47 1.49 1.38 1.19 0.95 0.85 0.92 0.95 0.93 0.86 0.73 0.74 0.98 1.25 1.14 0.86 0.89 1.13 1.27 1.35 1.85 2.31 2.23 2.05 1.69 1.95 3.08 3.30 2.73 2.28 2.31 2.36 2.12 1.99 2.03 2.01 1.93 1.85 1.79 1.74 1.65 1.56 1.49 1.42 1.35 1.30 1.24 1.19 1.14 1.08 1.03 0.98 0.93 0.89 0.85 0.79 0.72 0.66 0.61 0.55 0.51 0.47 0.43 0.39 0.36 0.34 0.34 0.34 0.35 0.35 0.37 0.43 0.48 0.49 0.48 0.51
1.01 0.95 1.01 1.24 1.45 1.58 1.56 1.45 1.35 1.21 1.08 0.96 0.81 0.81 0.97 1.06 0.98 0.74 0.62 0.80 1.14 1.35 1.15 0.87 0.85 1.10 1.32 1.39 1.96 2.51 2.28 2.07 1.87 2.26 3.32 3.24 2.56 2.46 2.70 2.52 2.01 1.97 2.19 2.13 1.98 1.94 1.91 1.79 1.68 1.62 1.59 1.53 1.44 1.34 1.26 1.20 1.16 1.14 1.11 1.07 1.01 0.96 0.89 0.79 0.70 0.64 0.59 0.57 0.53 0.48 0.44 0.41 0.40 0.38 0.36 0.35 0.36 0.37 0.37 0.41 0.47 0.51 0.48 0.46
1.10 1.08 1.24 1.44 1.52 1.42 1.22 1.06 0.98 0.94 0.96 0.93 0.82 0.88 1.12 1.27 1.07 0.65 0.57 0.90 1.28 1.41 1.17 0.95 0.95 1.12 1.32 1.49 2.10 2.60 2.39 2.16 2.06 2.51 3.43 3.34 2.88 2.99 2.91 2.34 1.92 2.16 2.34 2.13 2.03 2.06 1.98 1.81 1.72 1.69 1.65 1.59 1.50 1.39 1.32 1.27 1.21 1.17 1.14 1.08 1.02 0.97 0.89 0.79 0.71 0.65 0.61 0.57 0.53 0.50 0.47 0.47 0.45 0.42 0.38 0.35 0.35 0.36 0.38 0.40 0.44 0.50 0.49 0.45
1.20 1.20 1.29 1.31 1.22 1.06 0.93 0.89 0.88 0.87 0.92 0.97 0.94 1.05 1.35 1.49 1.15 0.67 0.59 0.92 1.34 1.53 1.29 1.07 1.04 1.21 1.47 1.71 2.15 2.54 2.50 2.29 2.19 2.73 3.73 3.83 3.54 3.37 2.87 2.23 2.20 2.40 2.37 2.22 2.17 2.11 1.93 1.79 1.76 1.74 1.69 1.59 1.47 1.40 1.38 1.32 1.24 1.18 1.13 1.06 1.00 0.95 0.88 0.82 0.78 0.74 0.68 0.61 0.55 0.52 0.51 0.50 0.47 0.42 0.38 0.36 0.35 0.36 0.38 0.39 0.42 0.47 0.48 0.46
1.15 1.10 1.08 1.02 0.98 0.93 0.88 0.87 0.88 0.84 0.87 1.12 1.25 1.29 1.53 1.63 1.18 0.79 0.75 1.03 1.39 1.63 1.45 1.11 1.06 1.44 1.74 1.95 2.15 2.34 2.50 2.47 2.46 3.20 4.22 4.26 3.85 3.29 2.53 2.25 2.23 2.13 2.21 2.45 2.39 2.14 1.89 1.76 1.75 1.76 1.73 1.62 1.50 1.45 1.42 1.36 1.29 1.24 1.19 1.11 1.04 0.96 0.90 0.86 0.85 0.81 0.75 0.68 0.60 0.55 0.52 0.49 0.46 0.43 0.40 0.37 0.36 0.37 0.39 0.41 0.42 0.44 0.45 0.45
1.16 1.02 0.91 0.86 0.89 0.91 0.90 0.91 0.91 0.85 0.95 1.36 1.55 1.46 1.59 1.71 1.30 1.04 1.24 1.40 1.54 1.66 1.46 1.09 1.13 1.70 1.97 2.13 2.15 2.21 2.42 2.60 2.90 3.79 4.53 4.13 3.36 2.71 2.25 2.05 1.84 1.84 2.36 2.71 2.48 2.09 1.88 1.83 1.81 1.80 1.76 1.65 1.59 1.55 1.48 1.40 1.34 1.28 1.23 1.16 1.08 1.01 0.94 0.91 0.89 0.85 0.81 0.76 0.71 0.65 0.60 0.55 0.52 0.48 0.44 0.40 0.37 0.36 0.38 0.41 0.44 0.44 0.42 0.43
