windninja/windninja_output/Output_2025-10-23_2100-2150_Google earth_Fire_150m_10min/merlingen_7.5mi_point_10-23-2025_2120_150m_ang.asc
ncols	158
nrows	163
xllcorner	391686.332397
yllcorner	5160024.123721
cellsize	150.000000
NODATA_value	-32768.000000
[rows 42 to 83 of 163, columns 0 to 93 of 158]
106 106 108 110 111 112 114 114 114 115 116 117 117 118 118 118 119 120 120 121 122 123 124 124 125 127 128 129 131 129 126 126 127 129 134 138 140 139 139 140 141 142 145 148 148 151 153 156 158 156 153 154 159 163 165 171 179 185 192 202 206 203 204 208 211 212 214 217 218 218 219 223 224 219 224 229 215 198 205 220 226 229 236 243 248 247 238 236 243 251 256 255 253 257
106 107 109 110 112 113 115 115 115 116 117 118 118 119 119 119 120 120 121 122 123 124 125 125 126 127 128 129 130 129 127 127 129 133 138 142 142 140 139 139 137 138 140 141 144 149 152 153 154 152 150 153 161 167 170 175 183 190 196 202 202 200 200 204 208 210 209 211 214 212 212 217 218 216 221 223 211 200 206 219 227 233 241 249 250 241 233 236 243 250 255 256 258 261
107 107 109 111 113 114 115 116 116 117 118 119 119 119 120 120 121 121 122 123 124 125 125 126 126 127 129 130 130 130 129 129 131 134 138 141 139 135 133 134 136 136 136 137 142 149 152 151 151 151 152 158 167 172 176 181 187 192 195 196 197 197 198 200 205 209 211 212 212 210 211 216 218 218 221 220 209 202 210 223 233 240 248 251 246 235 233 239 245 250 255 259 265 265
107 108 110 112 114 115 116 117 118 118 119 120 120 121 121 122 122 123 123 124 125 126 126 127 127 128 129 130 130 131 131 131 133 135 138 138 136 133 132 134 137 136 134 136 145 152 152 150 149 150 154 162 171 177 182 186 190 191 189 189 192 195 195 196 202 208 214 216 214 215 219 223 225 225 225 221 209 204 213 225 235 245 251 248 240 235 237 241 245 249 255 263 269 266
109 110 112 113 114 115 116 117 118 119 120 121 121 122 122 123 123 124 124 125 125 126 127 127 128 128 129 130 130 131 132 132 133 136 138 138 136 135 135 136 137 134 132 137 148 150 149 148 147 150 157 166 176 183 185 188 191 187 182 182 186 191 192 194 202 210 216 220 217 220 226 229 231 231 227 221 211 207 216 229 239 247 249 245 240 238 241 243 244 248 254 264 268 263
110 110 112 113 113 114 116 118 119 120 121 122 123 123 123 124 124 124 125 125 126 127 127 128 128 129 130 130 131 132 132 133 133 135 136 137 137 136 136 135 136 134 134 141 150 148 145 144 146 153 162 171 180 183 184 186 185 182 178 177 182 188 193 199 208 216 220 222 220 221 227 231 233 231 227 222 215 213 223 236 245 248 246 244 242 242 244 245 245 249 255 261 263 259
110 111 112 113 112 112 116 120 121 121 122 123 123 124 124 124 125 125 125 126 127 128 128 128 129 129 131 131 132 132 133 134 134 135 137 138 137 136 136 136 135 134 135 143 148 146 144 144 149 157 168 177 181 181 182 182 179 176 175 177 181 190 200 208 215 221 222 222 222 224 228 231 232 231 227 223 219 221 229 239 244 245 245 243 241 242 243 244 248 252 254 255 256 254
110 111 112 113 112 112 115 120 122 123 123 123 124 124 125 125 126 126 126 127 128 128 129 130 130 131 132 132 133 133 134 135 135 136 138 139 138 137 138 137 136 134 137 143 145 142 141 146 152 162 174 178 177 178 178 177 174 171 174 180 186 196 207 215 219 220 221 221 223 225 228 230 230 229 226 223 221 222 228 235 240 243 243 242 242 242 243 245 251 252 251 250 250 250
110 112 114 114 113 114 115 119 123 124 124 125 125 126 126 126 126 127 127 128 129 129 130 131 131 132 133 133 133 134 135 135 136 137 138 139 139 139 139 139 137 137 139 143 142 139 141 147 156 168 174 171 170 172 174 172 169 171 177 185 193 203 214 219 219 219 220 221 223 226 229 230 229 227 225 223 222 222 227 234 239 241 241 242 243 245 246 249 251 250 248 246 246 245
110 113 116 116 115 116 117 118 122 126 126 126 126 127 127 127 127 128 129 129 130 130 131 132 132 132 133 134 134 135 136 136 137 138 138 139 139 138 139 140 140 138 140 143 141 139 142 152 164 172 171 166 166 168 168 166 167 175 185 193 200 208 216 221 219 217 218 219 223 226 229 229 228 226 226 226 224 224 228 234 237 240 243 245 246 248 250 252 251 249 246 244 243 243
110 113 119 118 116 117 118 117 121 127 128 127 127 127 127 127 128 129 129 130 131 131 131 132 132 133 134 135 135 136 136 137 138 138 139 139 139 139 140 141 141 139 140 142 142 141 145 159 168 169 166 166 168 168 164 162 168 181 192 199 203 207 216 221 218 215 215 218 222 225 227 226 225 225 227 227 227 227 231 235 236 238 243 247 251 254 254 252 251 248 244 242 241 242
110 113 121 122 118 119 121 118 119 124 128 128 128 128 128 128 129 130 130 130 131 132 132 133 133 134 135 135 136 136 137 138 138 139 140 140 140 141 141 142 142 140 140 143 144 144 150 161 163 163 164 165 167 167 164 164 172 186 196 202 203 206 215 219 215 212 212 215 220 223 223 222 221 224 227 228 228 231 237 239 236 238 241 244 248 254 256 254 250 246 244 243 241 242
111 113 120 125 121 121 123 120 117 120 126 128 128 129 129 129 130 130 131 131 132 133 133 133 134 135 136 136 137 137 138 139 139 140 140 141 141 142 142 143 142 140 140 142 144 146 152 158 157 158 163 165 164 165 165 167 178 190 196 199 200 205 213 216 212 209 208 210 216 219 218 219 222 225 228 228 228 232 239 239 238 240 240 239 240 246 252 253 249 245 244 246 246 249
113 112 116 121 120 119 122 121 117 118 123 128 129 129 130 130 130 131 132 132 133 133 134 134 135 136 136 137 138 138 139 139 140 141 141 142 142 143 143 143 142 140 140 142 144 146 150 154 154 157 163 165 164 165 166 171 183 191 194 195 196 201 210 214 211 207 207 208 214 217 218 220 224 227 228 228 228 233 238 238 238 240 240 238 238 239 240 242 244 246 249 252 256 263
115 113 113 116 118 117 120 122 119 117 121 127 128 129 131 130 131 132 132 133 133 134 135 135 136 137 137 138 138 139 140 140 141 142 142 143 143 144 144 144 143 142 142 144 146 147 149 150 152 156 162 163 164 165 166 175 186 190 192 191 193 199 209 215 213 209 208 210 216 220 220 222 224 225 226 226 228 233 236 236 237 240 241 239 239 238 235 233 236 243 254 263 274 283
115 115 114 116 118 119 121 124 124 121 123 128 128 129 131 131 131 132 133 134 134 135 135 136 137 138 138 139 139 140 140 141 142 142 143 144 144 145 145 145 145 145 146 147 147 147 147 147 149 154 159 161 163 164 167 177 185 187 187 188 192 201 211 217 216 210 209 211 216 220 221 221 223 223 225 224 227 233 234 233 234 237 240 240 241 240 237 235 235 243 258 277 292 294
115 116 116 117 118 120 121 125 127 125 126 129 128 127 130 132 132 133 134 134 135 135 136 136 138 138 139 139 140 141 141 142 143 143 144 145 145 146 146 147 147 147 148 148 148 147 146 146 146 151 156 159 161 163 169 178 183 184 184 186 193 202 212 218 217 212 208 208 212 216 218 220 222 223 224 224 228 232 231 229 230 234 237 239 240 240 240 241 245 256 274 286 293 293
115 116 117 117 118 119 120 123 126 125 126 129 128 126 129 132 133 133 134 135 136 136 136 137 138 139 140 140 141 141 142 143 143 144 145 146 146 147 147 148 149 149 150 150 150 150 149 149 148 149 154 157 159 162 169 178 182 181 183 187 194 203 212 218 219 214 208 204 209 216 218 219 222 223 223 225 230 232 229 229 230 233 235 235 236 238 241 247 260 276 285 286 288 286
116 116 117 117 118 119 120 121 123 125 127 131 132 130 130 132 133 134 135 136 137 137 138 139 139 140 140 141 141 142 143 144 144 145 146 146 147 148 149 149 150 150 151 151 152 152 152 152 152 151 153 154 155 160 169 179 182 180 183 188 196 204 213 219 219 216 210 204 211 219 219 220 223 224 223 226 230 230 229 230 231 233 235 234 235 238 245 258 274 285 286 283 281 274
118 118 118 118 119 119 120 121 122 125 129 134 135 133 132 133 134 135 135 137 137 137 138 139 140 140 141 141 142 143 144 144 145 146 147 147 148 149 150 150 151 152 152 153 154 154 155 155 155 154 153 152 151 156 168 179 181 180 184 190 198 206 213 218 219 217 211 207 213 219 219 221 224 225 224 227 230 228 227 229 230 233 235 236 238 244 256 271 282 286 285 280 271 258
119 119 118 119 120 121 122 122 124 126 129 133 135 134 134 133 134 136 136 137 137 138 139 139 140 141 141 142 143 144 144 145 146 147 147 148 149 150 151 151 152 153 154 154 155 156 156 157 157 157 156 155 152 155 167 177 180 181 186 192 198 205 210 214 218 218 212 210 214 217 219 222 225 225 225 227 228 228 227 228 231 233 235 239 245 255 270 283 286 284 280 271 258 249
121 120 119 119 120 122 123 123 124 126 128 132 134 136 136 135 135 136 137 138 139 139 139 140 141 141 142 142 144 144 145 146 147 147 148 149 150 151 152 152 153 154 155 156 157 157 158 159 159 159 158 157 155 158 166 175 180 183 187 191 195 200 207 215 223 222 216 213 215 216 218 222 226 225 224 225 226 227 226 227 229 231 235 242 250 265 280 287 286 279 268 259 251 243
123 122 120 119 120 122 122 122 123 125 127 130 135 137 137 137 137 138 139 140 141 141 140 141 142 142 142 143 144 145 146 146 147 148 149 150 151 152 152 153 154 155 156 157 158 159 159 160 161 161 160 159 157 159 163 171 180 185 187 189 192 200 213 226 232 227 217 213 214 215 218 223 226 225 223 223 225 224 221 223 226 230 237 246 259 275 281 283 279 268 257 251 244 238
127 124 121 121 122 122 123 122 122 123 125 128 134 138 138 138 138 139 139 140 142 142 142 141 142 142 142 144 145 145 146 147 148 149 150 151 151 152 153 154 155 156 157 158 159 160 161 162 162 163 163 161 160 159 162 167 175 184 188 190 194 207 220 224 222 216 211 210 212 216 219 224 228 225 222 222 223 221 218 221 228 235 245 255 269 278 279 276 267 255 248 242 236 233
129 126 122 122 122 124 126 126 125 126 127 129 134 137 138 138 138 139 139 140 143 145 144 143 144 143 143 145 146 146 147 148 148 149 150 151 152 153 154 155 156 157 158 159 160 161 162 163 164 165 165 165 163 163 163 163 168 180 190 196 199 203 209 212 212 211 209 209 213 217 220 226 229 225 221 221 223 220 217 223 233 243 255 266 272 274 273 267 254 246 239 233 229 225
133 129 127 125 124 126 131 131 128 127 129 131 134 137 139 139 138 139 140 141 144 147 147 147 146 145 144 144 144 145 147 148 149 150 151 152 153 154 155 156 157 158 159 160 161 162 163 164 165 166 167 168 168 167 166 165 165 175 192 201 199 197 200 207 210 211 212 212 215 219 221 227 229 225 222 222 222 218 217 226 238 251 264 270 272 270 264 253 246 239 231 226 223 219
132 131 132 135 133 134 139 140 132 128 130 133 136 138 141 141 139 140 141 141 142 145 147 149 150 149 147 143 143 144 146 148 149 150 151 152 153 154 155 157 158 159 160 161 162 163 164 166 167 168 169 170 171 172 172 172 172 177 190 200 198 195 199 206 211 213 214 215 217 219 221 227 232 229 225 226 224 219 220 235 248 260 265 267 272 268 257 245 240 232 225 219 218 219
126 126 129 133 133 135 144 149 140 136 139 144 144 144 146 146 144 141 141 142 142 143 144 146 151 154 150 145 144 144 145 147 149 150 151 153 154 155 156 157 158 160 161 162 163 164 166 167 168 169 171 172 173 175 176 178 180 183 189 196 198 197 200 209 214 217 218 218 218 218 221 230 234 230 227 229 229 226 231 246 257 263 261 264 273 268 253 240 233 226 218 214 217 220
123 122 121 121 121 123 134 143 138 136 142 148 149 150 151 151 149 146 143 143 143 143 143 144 150 156 151 147 147 147 146 147 148 150 152 153 154 155 157 158 159 160 161 163 164 165 167 168 169 171 172 174 175 177 179 181 184 187 191 195 199 201 206 216 224 226 226 225 224 222 224 232 234 228 226 230 233 234 241 251 258 259 260 268 273 266 247 235 227 220 214 214 218 221
122 122 120 118 115 113 118 127 127 125 129 137 139 143 147 149 149 148 147 147 145 144 143 144 151 156 152 150 151 151 150 149 149 149 151 153 154 156 157 158 160 161 162 163 165 166 167 169 170 172 173 175 177 179 181 183 186 189 193 196 200 203 209 216 225 231 237 239 236 232 232 237 236 229 229 233 237 238 243 251 257 259 266 275 271 256 238 228 221 217 216 217 221 224
123 123 122 121 118 116 118 122 120 116 116 121 126 131 135 139 143 144 146 149 149 147 146 147 152 154 151 150 153 154 154 153 151 150 151 152 154 156 157 159 160 161 163 164 165 167 168 169 171 173 174 176 178 180 182 185 188 191 194 197 201 204 209 214 219 226 234 241 243 246 251 252 245 237 236 239 242 242 242 249 258 266 275 276 266 243 227 221 219 220 220 223 227 231
125 125 124 123 122 121 121 122 120 117 118 123 127 131 133 136 138 139 142 146 148 149 150 150 153 155 151 150 152 154 156 156 155 153 153 153 154 156 157 159 160 162 163 165 166 167 169 170 172 173 175 177 179 181 183 186 189 191 195 198 201 205 209 213 218 222 227 232 239 251 262 265 258 248 245 247 249 247 243 251 263 275 279 272 255 233 220 218 223 225 224 229 235 252
126 125 123 123 121 120 120 120 120 121 123 126 129 133 135 138 139 139 140 143 144 146 148 150 153 155 153 151 151 153 156 157 157 157 157 157 156 157 157 159 161 162 164 165 166 168 169 171 172 174 176 178 180 182 184 187 189 192 195 198 202 205 209 213 217 220 224 229 235 243 251 257 259 256 255 256 255 250 246 257 271 278 276 262 240 224 218 221 227 229 235 238 253 288
128 125 122 121 119 117 118 119 120 123 125 127 130 132 135 138 139 140 141 143 143 144 145 147 150 153 152 151 151 153 155 157 157 158 159 159 158 158 158 159 161 163 164 165 167 168 170 171 173 174 176 178 180 182 185 187 190 193 196 199 202 206 209 213 216 220 224 228 233 238 242 246 251 258 263 263 258 251 251 267 278 276 267 249 228 217 219 225 230 237 248 262 288 291
135 127 119 118 116 115 116 117 119 122 125 128 131 132 135 138 139 140 141 143 144 144 145 146 149 152 151 149 150 153 155 156 157 157 157 158 157 157 159 160 161 163 165 166 167 169 170 171 173 175 176 178 180 183 185 188 190 193 196 199 202 206 209 212 216 219 223 228 231 235 239 242 248 254 262 266 264 258 261 274 277 270 256 238 224 221 226 229 235 249 267 298 301 292
148 132 112 108 110 112 113 115 118 122 127 130 132 133 135 137 139 139 141 143 144 145 146 147 151 153 150 147 148 150 154 156 157 157 158 158 158 158 159 160 162 164 165 166 168 169 170 172 173 175 177 179 181 183 185 188 191 193 196 199 202 206 209 212 216 219 223 226 230 234 237 241 245 250 257 266 271 273 275 276 272 261 246 234 231 237 243 243 251 272 294 306 301 291
179 150 99 96 104 108 111 115 120 126 131 133 134 135 136 138 139 140 142 143 144 144 145 147 153 155 150 148 148 151 154 156 158 159 159 160 161 161 160 160 162 164 165 167 168 169 170 172 173 175 176 178 181 183 185 188 191 194 196 199 203 206 209 212 216 219 222 226 229 233 236 239 243 247 253 262 271 281 284 277 266 251 238 236 237 242 249 261 281 291 296 299 296 288
218 211 95 99 103 111 118 122 126 132 137 137 137 137 138 139 140 141 142 143 143 144 144 147 153 154 151 150 151 153 155 155 157 159 159 161 163 164 163 161 162 164 165 166 168 169 170 172 173 174 176 178 180 183 185 188 191 194 196 199 202 206 209 212 215 219 222 226 229 232 235 238 242 246 251 257 266 279 286 276 261 243 236 237 237 241 257 281 290 292 292 290 289 287
226 212 145 120 121 132 139 139 137 141 143 142 140 139 139 140 141 141 142 143 143 143 144 147 153 153 150 151 153 155 155 155 157 160 161 162 165 167 166 165 165 165 164 166 167 169 170 171 172 172 174 177 179 182 185 188 191 193 196 199 202 206 209 212 215 218 222 225 228 232 234 237 241 245 249 254 261 272 282 275 257 243 242 240 240 252 277 290 292 289 287 286 285 285
233 205 131 126 131 141 158 158 153 152 151 148 143 141 139 139 140 141 142 142 142 143 144 147 152 151 148 149 153 155 155 155 156 159 162 165 167 167 167 169 170 169 168 167 167 167 168 170 169 168 169 173 177 181 185 188 190 193 196 199 202 205 208 212 215 218 221 225 228 231 234 237 240 244 248 252 258 266 274 274 262 250 248 246 252 273 290 293 290 287 285 284 282 282
231 176 131 132 136 149 165 168 165 162 159 153 146 142 140 139 140 139 140 141 141 142 143 146 151 150 148 149 152 153 154 153 153 155 158 163 167 167 167 169 172 174 173 172 171 171 171 172 171 169 168 170 175 179 184 187 190 193 196 199 202 205 208 211 215 218 221 224 227 230 233 236 240 243 247 251 256 262 269 274 274 258 250 255 276 291 292 291 290 287 284 282 280 281
147 147 144 142 144 150 160 168 169 166 161 153 146 142 138 138 138 137 137 138 139 140 141 145 150 150 149 150 152 153 154 154 154 154 155 157 161 165 166 168 172 173 173 173 173 173 173 173 174 175 177 176 176 178 183 187 190 193 196 199 202 205 208 211 214 217 221 224 227 230 233 236 239 243 247 251 255 260 267 276 287 283 263 272 290 293 290 288 288 287 284 281 279 279
