windninja/windninja_output/Output_2025-10-23_2100-2150_Google earth_Fire_150m_10min/merlingen_7.5mi_point_10-23-2025_2130_150m_ang.asc
ncols	158
nrows	163
xllcorner	391686.332397
yllcorner	5160024.123721
cellsize	150.000000
NODATA_value	-32768.000000
[rows 42 to 83 of 163, columns 0 to 94 of 158]
119 119 118 118 118 118 118 117 117 117 118 117 117 117 117 117 117 117 117 118 118 119 119 119 120 121 122 123 124 123 119 117 118 118 120 121 120 119 120 119 117 115 114 117 120 121 118 114 114 114 111 110 114 116 110 102 97 95 93 88 86 88 90 87 87 92 92 87 78 56 31 356 334 328 321 320 333 346 342 335 333 330 324 319 317 319 325 327 322 318 314 307 297 296 304
119 119 119 119 119 119 119 118 118 118 118 118 118 118 118 117 117 118 118 118 118 119 119 119 120 120 121 122 123 122 119 118 119 122 126 129 127 124 122 119 115 111 112 115 115 114 110 107 108 111 110 108 108 110 106 100 95 91 89 89 91 95 96 92 89 90 91 84 66 39 19 353 339 330 324 326 339 350 346 338 332 329 324 318 316 320 326 322 317 315 313 310 302 299 305
120 120 119 120 120 119 119 119 119 118 119 119 118 118 118 118 118 118 118 118 119 119 120 120 120 120 121 122 122 122 120 120 121 124 128 131 128 122 118 115 113 112 112 111 109 105 104 107 111 114 113 108 105 104 100 96 92 89 90 93 96 99 100 99 96 93 86 75 52 28 10 352 342 334 328 331 345 355 349 338 330 327 321 316 314 318 321 315 311 310 311 310 303 299 302
120 120 120 120 120 120 120 120 120 119 119 119 119 119 119 119 119 119 119 119 120 120 120 120 120 121 121 122 122 122 122 121 122 125 128 129 126 121 117 117 117 114 110 108 106 106 108 112 115 115 111 104 99 97 93 90 89 91 96 100 101 101 103 104 101 94 83 67 44 23 6 350 340 334 329 334 350 356 348 337 329 324 317 310 309 317 317 313 308 307 308 307 303 299 300
121 121 121 121 120 120 120 120 120 120 120 120 120 120 120 120 120 120 120 120 120 120 120 120 121 121 121 121 121 122 122 122 123 125 128 128 126 124 122 121 119 114 109 106 106 109 113 115 115 112 105 99 93 90 91 90 91 97 103 106 106 105 106 106 101 92 79 63 42 21 2 346 336 332 331 337 350 352 341 332 324 317 311 306 310 316 316 314 309 306 306 306 303 301 301
122 121 121 121 119 119 120 121 121 121 121 121 121 121 121 121 120 120 120 120 120 120 120 121 121 121 121 121 122 122 122 122 123 124 126 127 126 125 124 122 120 116 110 107 109 113 115 114 111 107 102 95 89 89 92 93 98 104 108 112 111 107 104 101 96 87 73 58 42 20 359 344 335 331 333 341 349 345 334 323 315 311 309 312 316 319 318 316 311 307 306 305 304 304 303
121 121 121 121 119 117 119 122 122 122 122 122 122 121 121 121 121 121 120 120 121 121 121 121 121 121 122 122 122 122 122 123 123 124 126 127 126 125 124 123 121 117 112 112 115 116 115 112 108 104 97 90 89 92 94 100 105 109 113 115 114 107 99 95 91 83 71 58 42 21 358 343 336 334 337 343 345 340 331 322 315 314 316 319 322 323 322 321 316 312 307 303 303 305 306
120 121 122 121 118 116 118 122 123 123 122 122 122 122 122 121 121 121 121 121 121 121 122 122 121 122 122 122 122 122 123 123 124 124 126 128 127 125 125 124 121 117 116 118 118 115 112 109 106 100 92 90 95 100 104 107 110 113 114 113 110 103 95 92 90 85 74 59 42 21 358 344 339 338 341 343 343 340 334 327 322 321 322 323 324 325 325 324 319 314 308 301 299 303 306
119 121 123 122 119 118 119 121 124 124 123 123 123 123 123 122 122 122 122 122 122 122 122 122 122 122 123 123 123 123 123 124 124 124 125 127 127 126 126 125 122 120 121 123 120 114 110 106 101 93 90 96 102 108 111 113 114 114 111 107 102 96 92 92 91 85 74 60 44 21 360 346 342 341 342 341 341 340 336 329 324 322 323 325 324 324 324 322 316 312 308 300 296 297 300
119 121 125 124 121 120 120 120 123 126 125 124 124 124 123 123 122 123 123 122 123 123 123 123 123 123 123 123 123 123 123 124 124 124 125 126 126 126 126 125 124 122 123 124 121 114 109 103 96 94 102 107 109 111 114 115 113 109 104 100 96 94 94 94 92 85 75 61 44 23 1 349 345 343 341 338 339 339 335 329 325 322 321 322 322 322 321 317 312 309 306 298 290 289 298
118 121 126 125 121 121 121 119 122 127 127 125 124 124 124 123 123 123 123 123 123 123 123 123 123 123 123 123 123 124 124 124 124 124 125 125 126 126 126 127 125 122 123 125 122 115 109 105 104 111 118 118 116 115 116 113 110 104 98 95 94 96 97 95 92 86 75 59 44 23 2 351 347 344 341 338 337 337 332 327 326 324 320 319 318 317 316 314 311 307 303 297 291 293 303
118 121 128 127 122 123 124 120 119 124 127 126 125 124 124 124 124 124 124 123 123 123 123 123 123 124 124 124 124 124 124 124 124 125 125 125 126 126 127 128 127 124 123 126 123 117 113 117 118 120 121 119 117 116 114 111 108 102 96 94 97 99 98 96 93 86 73 57 41 21 2 353 348 345 341 339 339 336 329 326 327 325 323 322 319 315 315 315 312 308 305 303 301 302 306
119 120 126 129 125 124 126 121 117 120 125 126 126 125 125 124 124 124 124 124 124 124 124 124 124 124 124 124 124 124 124 125 125 125 125 125 126 126 126 128 128 124 122 123 123 120 119 124 124 121 120 117 116 114 110 108 107 103 98 98 100 101 100 97 92 83 68 52 37 19 3 356 350 346 342 340 341 337 330 329 330 326 325 326 325 321 319 318 316 314 311 310 312 310 302
120 119 121 126 123 121 124 122 117 117 122 125 126 126 125 125 125 125 125 125 124 124 124 125 125 125 125 125 125 125 125 125 125 125 125 125 126 126 126 127 126 123 121 121 123 124 125 127 125 123 121 118 116 113 109 107 106 103 102 103 104 104 101 96 90 78 61 46 33 18 7 1 353 346 342 342 342 337 332 332 332 328 325 327 328 326 327 328 326 320 313 311 314 312 301
121 119 118 121 121 119 121 123 119 116 119 124 125 126 126 125 125 125 125 125 125 125 125 125 125 125 125 125 125 125 125 125 126 126 126 126 126 126 126 126 125 124 123 124 125 127 129 129 127 125 124 118 116 113 108 106 106 106 107 107 107 105 100 93 86 73 58 45 33 23 14 3 353 346 343 344 342 336 333 333 332 328 326 326 326 326 332 336 336 328 315 313 318 318 308
120 120 119 120 121 121 121 124 123 119 121 124 124 125 126 126 125 126 125 126 125 125 125 125 126 126 126 126 126 126 126 126 126 126 126 126 126 126 126 126 126 126 126 126 126 127 128 128 127 128 126 119 115 113 107 106 111 112 111 111 108 104 98 90 81 69 56 46 36 26 13 0 351 347 344 344 340 335 334 335 334 330 328 327 324 324 327 334 336 330 322 321 323 320 311
120 120 120 120 121 121 122 124 126 123 123 125 123 122 125 126 126 126 126 126 126 126 125 126 126 127 126 126 126 126 126 126 126 126 126 126 127 127 126 126 126 126 126 127 126 126 126 127 128 130 129 121 116 113 108 107 114 114 112 110 107 102 96 88 78 66 54 45 34 22 9 357 349 345 343 342 337 334 335 336 336 334 331 329 327 327 329 331 331 327 321 319 320 317 308
119 120 120 120 120 120 120 123 124 123 123 125 123 121 123 126 127 127 127 127 127 126 126 126 127 127 127 127 127 127 127 127 127 127 127 127 127 127 127 127 127 127 127 127 127 126 127 128 129 131 133 127 118 114 110 110 115 115 112 110 106 101 94 86 77 67 55 44 31 20 6 356 348 343 341 339 334 332 334 336 337 336 334 334 335 335 335 332 328 322 315 313 313 311 302
119 119 119 119 119 119 119 120 121 122 124 127 127 123 123 125 126 127 127 128 128 127 127 127 127 127 127 127 127 127 127 127 127 127 127 127 127 127 127 127 127 127 128 128 128 128 128 128 130 133 136 131 121 114 111 111 114 114 112 109 106 101 93 85 77 68 57 42 29 19 6 354 345 341 340 337 333 333 336 337 337 336 336 337 337 336 335 330 323 316 312 309 307 304 296
120 120 120 120 119 119 119 119 120 123 126 130 130 127 125 124 125 127 128 129 128 128 127 128 128 127 127 127 127 128 128 128 128 128 128 128 128 128 128 128 128 128 128 128 128 128 128 129 130 133 136 133 122 115 111 111 113 112 111 108 104 100 95 88 79 69 56 39 30 19 3 351 342 338 337 334 333 336 339 340 340 339 339 339 336 332 327 323 317 312 311 309 304 298 292
122 121 120 120 120 120 120 120 121 123 125 129 130 129 127 125 125 126 127 129 129 128 128 128 128 127 127 128 128 128 128 128 128 128 128 128 128 128 129 129 129 129 129 129 129 129 129 130 130 132 135 134 125 118 115 114 113 111 110 108 106 104 99 92 82 71 56 42 32 17 358 348 339 336 335 334 335 338 342 343 344 345 345 342 338 328 320 318 314 310 309 305 296 290 285
123 121 119 119 120 121 121 121 121 122 124 127 130 130 129 127 125 125 127 128 129 129 129 129 129 128 128 128 129 129 129 129 129 129 129 129 129 129 129 129 129 129 129 129 129 130 130 130 130 131 134 134 128 123 123 120 115 113 113 112 110 108 102 92 81 72 59 47 33 13 355 345 337 334 335 337 339 341 345 347 349 350 349 344 339 325 317 314 310 306 303 297 290 283 272
124 122 120 119 120 120 120 119 120 121 122 125 130 132 131 130 128 127 126 128 129 130 129 130 130 129 128 128 129 129 129 129 129 129 129 129 130 130 130 130 130 130 130 130 130 130 130 130 131 131 132 133 130 126 128 126 117 114 115 115 114 109 96 84 81 78 67 54 32 9 352 342 334 334 336 338 340 343 347 351 353 353 349 342 333 319 314 311 307 301 298 293 285 272 251
127 124 121 120 120 120 120 119 118 119 120 123 129 133 131 130 130 129 127 127 128 130 130 130 130 129 128 129 129 129 130 130 130 130 130 130 130 130 130 130 130 130 130 130 131 131 131 131 131 131 131 132 130 127 129 129 121 116 116 115 113 105 91 89 91 88 77 57 26 3 349 339 332 333 336 337 339 343 350 354 355 353 346 340 327 315 310 306 303 300 297 288 273 248 211
129 125 121 120 120 121 123 122 120 121 122 124 128 132 132 131 130 130 128 127 129 131 130 130 131 130 129 130 130 130 130 130 130 130 130 130 131 131 131 131 131 131 131 131 131 131 131 131 131 131 131 131 130 128 129 129 124 117 114 111 110 109 105 102 98 89 77 55 18 357 344 335 331 333 335 336 338 344 352 357 354 350 342 335 323 312 307 303 300 297 292 279 248 195 175
132 127 123 122 120 123 127 126 122 121 123 126 128 131 133 132 130 131 130 129 130 132 131 131 132 131 129 129 129 129 130 130 131 131 131 131 131 131 131 131 132 132 132 132 132 132 132 132 132 132 132 131 130 129 129 128 124 118 111 108 112 119 114 107 99 90 76 52 13 350 339 331 328 331 333 334 337 345 353 352 347 341 332 327 317 306 299 297 295 292 285 249 183 166 165
132 129 129 130 128 129 135 134 125 122 124 127 128 130 133 133 131 131 132 130 130 131 131 132 133 132 129 127 127 128 130 131 131 131 131 131 132 132 132 132 132 132 132 132 132 132 132 132 132 132 132 132 131 130 129 128 125 121 116 112 116 121 116 110 102 91 73 46 7 347 336 328 323 326 330 333 337 345 348 344 338 330 320 316 308 296 290 292 293 287 259 161 153 157 163
126 125 126 129 128 130 138 142 132 128 132 136 136 136 137 137 134 132 131 131 131 130 130 131 133 133 128 126 127 128 130 131 131 132 132 132 132 132 133 133 133 133 133 133 133 133 133 133 133 133 132 132 132 131 130 129 127 125 122 119 119 120 117 113 105 91 70 40 4 347 335 326 322 326 329 332 336 342 342 336 329 320 311 308 303 294 289 294 292 277 153 139 141 145 153
121 120 119 119 117 118 128 137 131 128 133 139 139 140 140 140 138 134 132 132 131 130 129 129 133 134 127 126 128 130 130 131 132 132 132 132 133 133 133 133 133 133 133 133 134 134 134 133 133 133 133 133 132 132 131 130 129 128 126 124 123 122 119 115 108 98 77 42 360 346 335 325 321 325 328 331 334 337 336 331 323 315 312 308 300 295 292 294 291 151 130 125 112 86 5
120 120 118 116 112 110 114 123 122 118 121 127 128 131 134 136 136 134 133 133 132 131 129 129 135 139 131 128 130 131 131 132 132 133 133 133 133 133 134 134 134 134 134 134 134 134 134 134 134 134 134 134 133 133 133 132 131 130 129 128 127 125 123 120 116 108 94 53 352 337 329 320 318 324 328 330 331 333 333 328 322 317 316 308 298 293 295 294 156 126 117 95 42 10 349
119 120 120 119 116 113 115 119 117 111 109 113 116 120 123 127 130 131 132 134 134 133 132 132 138 141 134 128 129 131 132 133 132 133 133 133 134 134 134 134 134 135 135 135 135 135 135 135 135 135 135 134 134 134 134 133 133 132 131 131 130 129 128 126 123 118 110 86 342 322 318 315 314 321 325 325 326 329 333 332 329 325 318 307 298 294 302 296 125 107 66 36 21 352 334
120 120 120 120 118 117 118 118 116 112 112 115 119 121 123 125 127 128 129 132 134 134 134 135 139 141 136 130 128 130 132 133 133 133 135 135 135 135 135 135 135 135 135 135 135 135 135 135 135 135 135 135 135 135 135 135 134 134 134 133 133 132 131 130 129 127 124 111 327 313 309 309 308 315 319 321 322 327 335 338 334 326 315 305 298 299 313 110 84 30 15 11 11 349 329
120 119 119 120 118 117 117 117 116 116 117 118 121 123 125 127 128 128 128 130 131 131 132 134 137 141 137 133 129 128 130 133 133 134 137 137 136 135 135 136 136 136 136 136 136 136 136 136 136 136 136 136 136 136 136 136 136 136 135 135 135 135 134 134 134 133 133 133 308 306 303 304 306 313 319 321 323 330 338 338 332 321 310 302 298 304 105 65 1 1 353 357 352 329 322
119 118 117 118 116 115 116 116 116 118 119 120 122 124 126 128 129 129 129 130 130 130 130 131 135 138 137 133 131 129 130 132 133 133 135 137 137 136 136 137 137 136 136 136 136 136 136 136 136 136 136 137 137 137 137 137 137 137 137 137 137 137 137 137 137 138 141 158 288 298 297 301 307 312 318 320 323 332 339 336 325 315 305 297 304 76 73 358 343 345 335 344 333 317 314
121 117 113 114 114 113 114 115 116 118 120 122 124 124 126 128 129 129 129 131 131 131 131 131 134 137 135 133 132 131 130 130 130 129 130 133 135 136 137 137 137 137 137 137 137 137 136 136 137 137 137 137 137 138 138 138 138 138 138 139 139 139 140 141 141 143 149 177 270 289 293 300 306 310 314 316 321 331 336 329 317 308 299 292 81 89 31 1 331 325 330 337 322 311 307
127 117 105 105 109 112 113 114 116 119 122 124 126 126 127 129 129 129 130 131 131 131 132 133 135 136 133 132 132 131 129 128 128 129 130 133 135 135 137 138 138 138 137 137 137 137 137 137 137 137 137 138 138 138 139 139 139 140 140 140 141 141 142 143 145 149 156 185 255 285 292 298 302 306 311 314 319 327 330 320 309 303 298 296 51 28 9 359 344 337 334 330 320 310 307
141 119 92 94 103 109 111 115 119 124 127 128 128 128 128 129 130 130 131 132 131 131 132 133 137 137 133 131 132 133 132 130 131 132 132 134 136 137 136 137 139 139 138 137 137 137 137 137 137 137 137 138 139 139 139 140 140 141 141 142 142 143 144 146 148 153 162 189 247 279 288 294 299 303 307 312 317 325 325 315 307 308 324 348 359 2 1 353 338 331 326 322 316 310 309
183 151 82 92 100 110 118 121 125 130 134 133 131 130 130 131 131 131 132 132 131 131 131 133 139 138 133 133 134 137 136 133 132 132 132 134 137 138 136 137 139 139 138 137 137 136 136 136 136 136 137 138 139 140 140 141 141 142 142 143 144 145 146 148 151 156 167 192 241 273 284 290 296 300 305 310 315 322 321 315 312 324 343 350 355 355 351 339 328 322 317 314 311 309 310
214 190 120 108 114 127 137 137 135 138 140 137 134 132 131 131 132 132 132 132 131 131 131 134 139 139 134 133 135 138 138 136 135 135 134 134 137 139 138 137 140 139 137 136 135 135 134 134 134 135 136 138 139 140 141 142 143 143 144 144 145 146 148 150 154 159 170 194 236 267 279 286 293 298 303 308 313 319 320 318 324 337 344 348 353 350 337 327 321 316 312 310 307 308 309
228 180 118 119 125 135 152 154 149 148 147 143 136 133 131 131 131 131 132 132 131 131 131 134 139 138 133 132 134 137 139 138 137 137 136 136 138 139 138 139 141 142 138 134 132 131 130 129 128 129 133 137 140 141 142 143 143 144 145 146 146 148 150 152 156 162 173 196 231 260 275 283 291 296 301 306 311 317 320 324 334 340 345 349 351 341 327 320 317 313 310 309 306 306 308
218 147 123 127 131 141 157 161 159 156 154 146 138 134 131 130 130 130 130 131 130 130 131 134 139 137 133 134 135 136 137 136 135 134 133 134 136 138 138 139 143 145 143 140 138 136 136 136 134 133 135 138 140 142 143 144 144 145 145 146 148 149 151 154 158 164 175 196 225 254 271 280 288 294 299 304 309 314 320 326 335 341 347 352 348 329 320 317 315 312 309 308 306 306 308
133 138 137 136 136 139 148 157 159 157 152 144 137 132 129 128 128 128 128 129 129 130 130 133 138 138 136 136 136 135 135 135 134 133 131 130 131 134 137 139 142 144 146 145 145 145 146 146 144 144 146 145 144 145 145 145 145 146 146 147 148 150 152 155 159 166 177 195 221 249 267 277 285 292 297 301 307 313 319 326 335 344 350 351 336 321 314 312 311 309 307 306 305 305 306
