windninja/windninja_output/Output_2025-10-23_2100-2150_Google earth_Fire_150m_10min/merlingen_7.5mi_point_10-23-2025_2150_150m_ang.asc
ncols	158
nrows	163
xllcorner	391686.332397
yllcorner	5160024.123721
cellsize	150.000000
NODATA_value	-32768.000000
[rows 84 to 125 of 163, columns 0 to 95 of 158]
18 12 11 20 26 26 25 25 24 17 5 356 351 348 344 340 338 334 330 328 327 327 328 330 331 332 334 335 336 336 336 336 335 334 331 327 325 326 327 329 330 330 329 328 326 326 325 323 322 322 324 324 322 320 318 316 314 313 313 313 313 313 312 312 312 312 312 312 312 313 313 314 315 316 317 319 321 324 328 334 344 351 352 343 323 314 309 306 305 304 302 301 300 299 299 299
1 15 31 36 40 39 38 37 29 15 2 356 352 349 345 342 339 333 328 325 322 321 322 324 326 328 330 332 333 333 335 336 337 338 336 332 328 325 323 323 325 326 325 324 321 319 316 314 312 313 315 317 318 318 317 314 313 313 312 312 312 312 312 312 312 312 312 312 312 312 313 313 314 315 316 318 320 323 327 333 343 349 350 338 317 311 308 305 304 304 302 301 300 299 300 301
4 25 44 48 53 52 47 35 20 7 359 357 352 348 345 344 341 334 326 320 316 312 311 312 319 327 330 331 331 332 333 334 336 338 338 338 337 334 328 323 322 323 323 323 321 318 314 311 310 310 310 311 312 314 314 313 312 311 311 311 311 312 312 312 311 311 311 311 311 312 312 313 313 314 315 317 319 321 325 331 339 344 344 331 315 307 305 304 303 302 301 301 303 305 307 308
35 46 57 54 50 43 33 19 10 6 2 357 351 347 346 344 342 337 327 319 314 310 306 310 320 331 335 334 334 334 333 332 332 332 332 335 338 338 335 331 326 323 322 322 321 318 314 311 310 309 308 309 310 310 309 309 309 309 310 310 311 311 311 311 311 311 311 311 311 311 311 312 313 313 314 316 317 319 323 327 333 337 335 325 312 305 303 301 299 298 299 302 305 307 308 308
54 51 41 30 24 20 17 13 12 13 7 355 348 348 347 348 346 339 330 322 319 316 316 323 332 339 338 337 336 336 335 333 331 328 325 325 329 333 334 333 331 328 325 323 322 320 316 313 311 311 310 310 310 309 309 308 307 306 307 308 310 311 311 311 311 311 310 310 310 310 311 311 312 312 313 314 316 317 320 323 326 329 327 319 309 303 299 297 298 298 300 302 301 296 292 291
49 38 21 19 16 13 14 16 17 16 6 354 350 351 351 352 348 339 329 324 321 321 326 334 345 347 342 339 338 337 336 334 332 330 326 323 322 324 326 326 326 327 326 324 322 320 317 314 312 312 313 314 314 314 314 312 309 304 303 306 310 312 312 311 311 310 310 310 310 310 310 310 311 311 312 313 314 315 317 319 321 323 321 314 305 298 295 294 297 298 297 296 290 283 280 282
38 30 22 23 19 13 12 14 14 11 4 358 355 354 355 354 348 340 328 319 321 327 335 347 354 352 346 341 339 337 335 333 332 331 329 326 324 322 323 323 322 322 322 321 320 317 315 313 312 311 312 314 316 317 317 315 310 305 304 308 313 313 312 311 310 310 309 309 309 309 309 309 310 310 311 311 312 313 314 315 316 318 318 312 305 301 298 295 296 295 291 285 282 279 279 281
28 24 20 18 12 6 3 4 6 7 6 4 1 359 357 354 349 343 330 319 325 335 350 358 0 356 348 343 340 337 335 333 331 329 328 327 327 325 324 325 325 323 321 319 317 315 313 310 308 308 310 312 314 317 320 320 316 314 312 315 318 316 313 311 310 309 309 309 308 308 308 308 309 309 309 310 310 311 311 312 312 314 315 313 309 306 303 298 295 290 282 275 275 274 273 274
14 12 10 8 7 3 357 357 2 7 9 7 4 2 359 353 349 344 336 334 336 350 2 6 6 359 350 344 340 337 334 332 330 328 327 326 327 326 324 323 324 325 322 318 316 314 310 306 302 301 303 307 310 314 320 322 318 316 314 315 319 318 314 311 309 309 308 308 308 308 307 307 308 308 308 308 308 309 309 309 310 310 310 310 307 304 301 297 291 282 269 267 270 270 269 272
356 358 0 2 2 0 358 358 2 8 11 7 2 0 0 359 351 345 342 344 353 3 8 11 8 360 351 345 340 337 333 329 326 325 326 326 325 324 323 323 324 325 323 319 316 312 308 304 301 299 298 303 310 313 316 316 311 307 307 308 312 315 313 310 309 308 307 307 307 307 307 307 307 307 307 307 307 307 307 307 307 307 306 305 302 298 295 290 282 271 266 268 271 271 271 273
337 344 352 355 355 356 358 359 1 4 8 7 3 2 2 1 357 353 350 358 12 14 16 16 9 359 350 345 341 338 333 326 322 322 324 324 324 323 323 323 325 328 327 325 323 318 314 309 305 304 303 308 315 315 313 310 304 301 301 303 306 310 310 309 308 307 307 306 306 306 306 306 306 305 305 305 305 305 305 305 304 304 303 302 299 295 291 286 278 273 272 273 274 274 275 275
319 330 345 349 349 351 353 354 354 356 1 6 6 7 6 5 6 8 5 12 24 30 30 25 9 355 348 344 341 340 335 328 325 325 325 324 322 321 321 321 324 327 327 328 330 329 325 320 316 314 313 315 320 317 311 308 305 303 303 303 304 307 308 307 306 306 306 305 305 305 305 305 305 304 304 304 304 304 304 303 303 302 301 299 297 295 291 286 282 280 279 278 278 278 278 277
306 317 336 343 348 353 354 350 345 343 351 5 15 20 21 23 23 24 23 27 46 58 56 36 360 345 343 342 340 338 334 331 329 327 325 322 320 319 319 320 321 323 324 324 327 330 329 326 322 319 317 316 318 316 310 307 305 303 302 302 303 305 306 305 305 305 305 305 305 304 304 304 303 303 303 303 303 302 302 302 301 300 299 298 296 294 291 289 286 284 282 281 281 280 280 279
301 309 326 338 349 359 1 358 349 342 344 1 40 36 34 31 31 33 38 49 69 77 72 23 338 336 339 339 337 331 326 325 325 323 322 318 315 315 316 318 319 321 322 320 319 322 322 320 317 313 311 310 311 312 309 305 303 301 301 300 301 302 303 303 304 304 304 304 303 303 303 303 302 302 302 302 301 301 301 300 300 299 298 297 295 293 291 289 288 286 285 283 282 282 281 280
293 297 310 323 345 360 7 9 6 2 4 49 104 91 76 63 54 65 77 73 70 63 32 348 339 343 343 339 333 326 319 316 316 317 317 315 312 310 312 315 317 319 321 318 314 312 310 308 305 303 304 306 307 308 307 304 303 303 302 301 300 299 299 300 301 302 303 302 302 302 302 302 301 301 301 301 300 300 300 299 299 298 297 296 294 293 292 290 288 287 286 285 284 283 282 281
282 281 283 292 310 337 15 31 36 45 59 79 92 101 99 95 99 102 101 85 51 17 356 353 355 357 351 340 331 322 316 313 311 311 313 313 312 310 310 312 314 317 319 319 316 313 311 307 306 306 307 308 308 308 307 306 305 303 303 303 302 300 299 299 299 300 301 302 302 302 301 300 300 300 300 299 299 299 298 298 297 297 296 295 294 293 291 290 289 288 286 285 285 284 283 282
286 284 282 283 282 270 128 99 93 91 95 101 109 117 121 116 108 103 89 46 9 351 351 7 21 14 357 341 328 317 308 303 301 302 306 309 311 310 309 311 313 315 317 319 318 315 312 310 309 309 309 310 311 311 310 309 307 304 304 306 305 303 301 300 300 301 301 301 301 300 299 299 299 299 298 298 298 298 297 297 297 296 295 294 294 293 291 290 289 288 287 286 285 284 283 282
298 298 295 291 283 241 147 116 105 103 100 94 94 95 94 83 56 43 28 5 348 345 3 40 47 28 1 340 321 305 296 293 293 295 298 301 303 304 306 309 313 314 315 317 317 314 311 310 311 311 311 311 311 310 309 309 309 306 306 306 306 304 302 301 301 302 302 301 300 299 297 297 298 297 297 297 297 296 296 296 296 295 295 294 293 292 291 290 289 288 287 286 285 284 284 283
313 313 312 314 329 2 64 83 81 79 75 69 61 46 26 18 17 14 8 357 350 3 49 61 52 36 10 336 309 296 293 292 292 292 293 294 297 300 302 306 310 312 313 315 317 316 315 315 315 314 313 312 312 311 309 309 310 308 307 308 308 307 305 302 301 302 303 302 300 296 294 295 296 296 296 295 295 295 295 295 295 295 294 294 293 292 291 290 289 288 287 286 286 285 284 283
334 334 335 342 357 14 28 41 52 56 55 47 33 13 3 4 7 7 4 1 10 53 68 64 53 46 26 339 308 298 295 293 291 291 291 293 295 296 297 300 304 308 310 312 315 316 315 315 316 315 313 312 312 313 312 312 311 310 309 309 310 311 308 304 301 302 302 302 300 296 293 293 295 294 294 293 293 294 294 294 294 294 293 293 293 292 291 290 289 288 287 286 286 285 284 282
354 353 356 2 10 22 33 41 50 57 53 37 18 355 343 348 0 6 12 38 63 64 58 53 50 41 20 351 320 303 296 291 289 291 292 292 294 294 294 297 301 305 308 309 312 313 313 313 315 315 314 313 312 312 312 313 313 311 310 308 309 309 308 305 303 302 303 303 303 299 294 292 291 291 289 289 290 292 293 293 293 293 293 293 292 292 291 290 289 288 287 286 285 284 283 282
10 9 11 16 23 32 39 49 53 55 60 51 15 336 321 322 347 57 88 90 78 61 50 46 38 24 12 357 335 313 299 294 292 292 292 292 295 298 299 300 302 305 306 308 310 313 313 314 316 317 317 316 315 314 312 312 312 312 310 308 308 308 306 304 302 302 303 305 305 300 295 292 290 289 288 287 290 291 290 290 292 293 294 293 292 292 290 289 288 288 287 286 285 283 282 281
24 22 21 25 29 33 38 44 39 34 29 15 3 356 348 342 9 62 71 66 60 51 41 32 25 17 10 2 346 324 311 305 303 297 292 294 300 303 303 303 304 306 306 307 310 312 314 314 316 317 317 317 318 317 315 313 312 311 310 308 308 308 307 305 303 303 303 305 306 301 296 293 291 292 293 292 292 291 289 289 292 295 294 293 292 291 290 289 288 287 286 285 284 283 282 281
31 29 27 29 31 32 32 26 16 11 9 6 8 11 12 10 18 32 45 48 42 33 22 16 14 13 9 3 350 333 323 317 315 302 295 301 307 309 305 304 306 306 307 308 310 312 315 316 317 316 315 315 316 317 317 316 314 312 310 308 307 307 307 306 305 304 303 304 306 302 297 294 292 292 292 292 292 294 295 293 293 296 296 294 293 291 290 289 288 286 285 284 283 282 281 280
35 33 30 29 26 21 16 11 6 7 12 15 19 24 24 20 17 24 34 35 23 15 12 7 5 7 5 359 348 339 332 327 325 308 301 308 313 312 306 307 310 308 307 310 312 313 316 318 318 318 316 314 314 315 316 316 315 314 312 311 310 307 307 307 305 304 303 303 305 305 299 294 292 292 291 292 292 295 296 294 291 293 296 296 294 292 290 288 287 285 284 283 282 282 281 280
39 36 29 23 16 12 11 12 12 16 26 31 30 29 27 20 13 17 24 24 15 10 10 5 357 357 358 355 345 339 339 336 331 312 304 310 315 312 312 315 314 306 306 310 313 313 315 319 319 319 319 318 317 316 315 315 316 315 314 315 314 310 308 308 304 302 303 303 305 306 301 294 293 294 293 293 292 293 293 291 289 290 294 297 296 292 290 287 286 284 283 282 281 281 280 278
40 35 26 20 15 16 20 25 30 32 35 36 32 27 22 15 10 13 17 19 18 15 8 2 352 346 350 352 346 344 343 340 334 317 307 311 314 314 318 322 317 308 307 310 312 313 316 320 320 319 319 319 319 319 317 317 317 315 314 315 315 311 309 309 305 302 302 303 304 306 304 298 295 295 293 292 290 290 290 290 289 289 291 295 295 292 289 286 284 282 281 280 280 280 279 277
38 34 28 25 26 29 33 35 36 34 35 37 31 20 14 11 9 9 11 15 20 21 9 359 352 343 340 341 343 348 349 342 335 321 314 317 319 321 325 326 321 315 312 311 311 312 314 318 320 319 319 319 320 319 318 319 318 315 313 314 314 311 309 310 309 305 303 304 305 306 306 300 295 293 292 291 289 287 286 287 288 288 290 293 294 292 288 284 281 279 278 278 278 278 277 275
42 38 34 34 34 33 33 32 32 31 30 29 22 12 9 10 11 7 5 8 14 20 18 3 354 343 333 328 331 344 351 348 336 322 318 324 328 329 331 328 323 317 311 311 315 315 314 315 317 318 319 321 322 320 318 319 320 318 315 315 316 314 311 311 312 310 307 306 306 306 304 299 295 292 291 290 289 288 286 286 287 289 290 291 293 291 285 281 277 274 275 278 280 279 277 274
46 43 40 39 38 35 32 29 28 26 22 19 16 10 9 11 9 2 356 359 6 17 25 18 358 345 337 330 326 331 344 348 338 321 317 324 332 335 334 328 323 313 307 311 318 319 316 314 315 316 318 322 324 322 320 320 321 320 317 317 318 318 314 312 313 312 310 310 310 310 308 303 299 296 293 290 290 291 289 286 285 287 289 288 289 288 282 277 273 273 279 285 284 279 275 271
47 44 41 38 35 33 30 27 26 22 15 11 12 12 12 10 3 353 349 352 359 12 23 23 5 353 351 345 335 330 335 342 338 325 320 322 327 331 333 331 324 313 310 314 320 321 320 319 319 318 319 322 324 324 322 321 322 321 319 318 319 321 318 314 315 315 313 312 312 312 311 306 301 299 295 291 290 291 291 287 284 286 288 288 288 287 279 275 276 281 286 289 286 278 271 269
46 43 39 35 32 30 29 29 26 18 8 4 8 12 13 9 359 352 348 348 353 3 13 14 9 0 358 356 350 343 341 343 341 333 327 326 327 330 332 331 323 317 317 320 323 325 326 325 322 320 321 323 325 325 323 322 322 322 320 319 320 322 320 316 316 318 316 314 312 312 312 307 300 298 297 293 290 289 291 289 285 285 288 289 288 288 282 280 284 286 288 288 283 274 270 273
43 41 38 35 32 30 28 28 24 14 3 1 5 9 10 7 2 357 351 348 350 355 359 4 9 8 5 1 354 349 346 345 345 341 332 329 330 334 333 328 323 321 324 325 325 328 328 325 321 321 322 325 327 327 325 323 322 322 321 319 321 323 321 317 317 319 319 316 314 313 313 310 304 299 297 295 291 288 288 288 284 284 288 289 286 287 287 286 287 288 287 284 280 276 278 280
42 41 40 38 35 31 26 22 17 11 6 2 3 4 5 9 8 358 348 343 344 346 348 354 2 7 9 6 0 354 348 342 344 346 342 337 336 338 334 329 329 329 329 328 327 329 328 325 324 324 326 329 331 331 329 325 323 323 322 320 321 324 323 320 319 321 321 318 316 315 315 314 310 304 299 297 295 290 287 287 285 286 289 289 285 287 291 289 288 287 285 283 282 282 282 281
44 43 41 39 35 29 23 16 10 9 11 8 2 357 0 11 13 356 341 335 334 335 339 343 349 357 1 360 2 5 358 347 344 343 348 353 351 347 340 336 337 338 335 331 328 329 329 329 329 329 330 333 334 334 333 328 324 324 323 322 321 324 324 322 323 324 324 322 319 317 316 316 314 309 303 300 298 293 289 289 288 288 289 290 289 290 292 291 288 287 285 285 285 282 281 279
46 44 40 39 34 27 21 14 8 7 12 13 2 354 357 9 12 359 339 329 324 325 329 333 336 340 344 348 356 1 356 349 343 341 351 3 4 357 350 350 350 346 341 336 333 333 332 330 331 331 332 334 336 336 335 330 325 324 324 323 321 323 323 321 323 325 325 324 321 318 316 317 316 313 307 302 300 297 292 290 287 285 287 290 292 293 294 292 289 287 286 286 284 279 279 282
46 43 39 38 36 29 24 16 9 7 10 11 2 356 358 5 11 6 348 331 321 317 319 323 325 327 330 336 342 344 346 345 342 344 353 2 7 2 359 2 2 357 351 346 343 342 338 335 335 335 334 336 337 338 338 332 326 324 325 324 322 323 321 317 315 312 312 317 319 316 316 317 317 315 312 307 302 298 294 289 286 284 287 291 293 295 296 293 290 288 286 285 281 276 281 289
44 41 33 29 29 28 25 21 14 8 7 9 1 355 356 2 10 11 1 345 326 311 306 309 313 317 322 328 330 328 331 337 341 345 353 358 2 4 2 4 7 5 359 353 351 348 345 344 344 341 338 337 339 341 341 336 328 325 325 323 320 320 317 308 298 291 292 302 310 312 314 316 315 314 314 312 308 302 296 292 289 288 290 293 296 299 299 296 291 288 288 286 282 281 286 294
38 34 25 20 21 20 19 21 21 15 8 6 0 352 350 356 8 16 14 1 337 314 301 296 296 301 309 316 319 319 325 333 339 345 352 355 358 2 358 356 1 6 5 359 351 345 344 346 347 344 341 338 340 344 343 338 330 326 326 322 318 315 308 303 304 302 300 303 307 308 309 312 313 313 314 315 313 308 302 298 294 292 294 298 300 302 303 299 294 291 291 290 285 284 288 295
35 32 24 17 17 17 17 19 23 22 14 9 4 354 347 348 3 21 26 16 352 325 307 291 284 287 292 299 306 313 324 331 335 343 350 352 356 1 359 353 354 0 6 4 353 343 339 341 344 344 341 339 342 346 343 337 329 323 321 318 316 314 313 317 317 314 311 310 309 309 306 306 308 310 312 315 316 313 309 306 302 298 300 303 304 304 306 302 295 293 293 295 288 286 292 297
35 32 25 19 16 16 15 17 21 21 19 20 14 2 349 342 353 16 27 26 8 341 319 306 297 289 286 296 307 316 328 334 335 341 348 352 353 358 360 355 351 355 3 6 0 349 342 341 343 344 342 343 346 347 345 342 334 324 318 319 323 324 324 325 323 318 315 313 311 309 305 299 299 303 308 312 316 315 312 311 309 302 300 303 303 304 308 303 295 294 297 303 296 291 294 300
30 29 24 18 14 14 15 14 16 16 18 27 30 14 354 340 343 1 16 19 16 360 339 321 311 306 307 315 319 326 338 341 338 339 346 350 350 353 357 356 351 352 358 4 3 355 346 343 344 343 344 346 350 350 349 348 345 339 334 335 334 330 330 330 325 320 317 314 312 310 306 298 295 297 301 307 311 312 310 308 307 302 298 300 302 306 311 305 297 297 304 309 301 295 296 301
