windninja/windninja_output/Output_2025-10-23_2100-2150_Google earth_Fire_150m_10min/merlingen_7.5mi_point_10-23-2025_2100_150m_vel.asc
ncols	158
nrows	163
xllcorner	391686.332397
yllcorner	5160024.123721
cellsize	150.000000
NODATA_value	-32768.000000
[rows 111 to 147 of 163, columns 0 to 83 of 158]
2.60 2.70 2.87 2.98 2.99 2.98 2.99 3.07 3.16 3.19 3.39 3.54 3.19 3.08 3.46 3.47 2.59 1.80 2.42 3.64 4.62 4.56 3.10 2.24 2.19 2.35 2.79 3.54 5.09 6.56 6.28 5.03 4.46 5.05 5.90 5.14 3.80 3.01 2.33 1.76 1.62 1.84 1.82 1.24 0.89 0.76 0.55 0.34 0.24 0.41 0.91 1.49 2.16 2.86 3.25 3.32 3.55 4.13 4.44 4.08 3.87 4.36 4.82 4.75 4.59 4.68 4.50 3.84 3.36 3.20 3.27 3.91 4.72 4.93 4.94 5.01 4.94 4.90 4.86 4.63 4.40 4.39 4.03 3.36
2.60 2.67 2.83 2.99 3.03 2.99 3.01 3.10 3.17 3.15 3.36 3.79 3.48 3.06 3.42 3.55 2.52 1.58 2.07 3.43 4.80 5.32 3.88 2.19 2.13 2.47 2.35 2.45 3.49 5.53 6.67 5.92 4.80 5.15 5.86 5.27 4.09 3.07 2.15 1.82 1.71 1.91 2.08 1.69 0.96 0.61 0.42 0.29 0.24 0.14 0.50 1.04 1.71 2.50 3.07 3.19 3.33 3.90 4.43 4.29 3.93 4.09 4.55 4.72 4.68 4.83 4.95 4.55 3.79 3.27 3.24 3.73 4.44 4.85 5.03 5.16 5.06 4.94 5.10 5.12 4.83 4.58 4.11 3.57
2.84 2.80 2.81 2.95 3.04 2.96 2.90 3.00 3.15 3.17 3.32 3.87 3.79 3.21 3.45 3.63 2.49 1.42 1.87 3.06 4.49 5.73 5.16 2.91 2.29 2.79 2.60 2.39 2.51 3.60 5.65 6.51 5.90 5.63 5.85 5.09 4.06 3.19 2.30 1.96 1.82 1.95 2.25 2.05 1.15 0.46 0.25 0.15 0.13 0.14 0.10 0.58 1.28 2.15 2.85 3.07 3.13 3.57 4.26 4.44 4.13 4.02 4.40 4.65 4.50 4.69 5.03 5.02 4.64 3.94 3.58 3.85 4.29 4.63 5.03 5.31 5.21 4.95 5.05 5.34 5.48 5.01 4.16 3.72
2.94 2.97 2.96 2.98 3.09 3.08 2.93 2.87 2.91 3.01 3.19 3.67 3.77 3.47 3.73 3.83 2.56 1.31 1.52 2.35 3.63 5.36 5.96 4.38 3.41 3.38 3.24 2.88 2.66 2.70 3.84 5.83 6.70 6.54 5.90 4.66 3.77 3.25 2.59 2.14 2.03 2.14 2.37 2.24 1.44 0.69 0.41 0.30 0.16 0.10 0.16 0.26 0.82 1.72 2.59 2.98 3.02 3.26 3.91 4.37 4.24 4.01 4.30 4.73 4.51 4.44 4.82 5.06 5.05 4.68 4.23 4.24 4.43 4.42 4.81 5.41 5.45 5.12 4.86 5.17 5.82 5.58 4.50 3.94
2.80 3.01 3.19 3.15 3.15 3.17 3.14 2.98 2.81 2.83 3.06 3.34 3.39 3.52 4.10 4.19 2.73 1.22 1.17 1.57 2.62 4.20 5.66 5.78 4.92 3.99 3.61 3.51 3.61 2.89 3.00 4.88 6.84 7.33 6.16 4.52 3.47 3.06 2.72 2.34 2.24 2.38 2.55 2.48 1.88 1.14 0.72 0.57 0.46 0.30 0.31 0.37 0.50 1.19 2.20 2.84 2.97 3.05 3.51 4.10 4.19 4.00 4.18 4.66 4.63 4.33 4.55 4.92 5.07 4.94 4.70 4.69 4.84 4.62 4.46 5.07 5.63 5.50 4.93 4.88 5.74 5.91 4.95 4.24
2.58 2.89 3.22 3.24 3.17 3.11 3.14 3.18 3.12 3.04 3.12 2.97 2.81 3.18 4.17 4.56 3.03 1.22 1.00 1.17 2.06 3.23 4.45 5.65 5.93 5.07 4.07 3.91 4.16 3.31 2.89 4.21 6.37 7.66 6.57 4.54 3.36 2.96 2.99 2.74 2.50 2.59 2.71 2.75 2.34 1.53 0.99 0.76 0.71 0.63 0.53 0.56 0.60 0.85 1.75 2.60 2.92 2.94 3.19 3.75 3.97 3.93 4.10 4.49 4.60 4.32 4.39 4.75 5.00 5.03 4.93 4.99 5.32 5.39 4.77 4.66 5.27 5.74 5.34 4.87 5.50 5.92 5.02 4.30
2.41 2.73 3.10 3.20 3.16 3.02 2.92 3.08 3.36 3.53 3.46 2.76 2.24 2.61 3.96 4.87 3.44 1.28 0.92 1.04 1.68 2.54 3.28 4.39 5.60 6.02 5.36 4.80 5.02 3.80 2.88 3.32 5.08 7.21 7.11 4.98 3.71 3.29 3.39 3.35 3.15 3.05 3.01 3.05 2.82 2.04 1.45 1.18 1.05 0.99 0.87 0.82 0.83 0.86 1.39 2.33 2.88 2.93 3.03 3.43 3.66 3.72 4.02 4.42 4.52 4.30 4.32 4.61 4.86 5.00 5.00 5.06 5.45 5.98 5.92 5.21 4.89 5.44 5.71 5.34 5.55 5.85 4.91 4.08
2.35 2.58 2.98 3.19 3.14 2.98 2.76 2.82 3.16 3.56 3.82 3.00 1.94 2.10 3.45 4.98 4.28 1.61 0.73 0.72 0.89 1.51 2.18 2.84 3.80 5.13 5.58 5.63 6.01 5.53 4.06 3.40 4.17 6.08 7.13 7.06 6.05 4.87 4.50 4.34 4.04 3.80 3.54 3.34 3.12 2.61 2.00 1.66 1.47 1.35 1.21 1.06 1.03 1.00 1.20 2.02 2.75 2.95 3.00 3.24 3.41 3.39 3.68 4.22 4.45 4.38 4.37 4.59 4.81 4.91 4.89 4.90 5.20 5.91 6.58 6.38 5.45 5.28 5.66 5.72 5.92 5.93 4.95 3.97
2.38 2.50 2.87 3.19 3.07 2.83 2.72 2.71 2.92 3.14 3.69 3.40 1.97 1.82 2.83 4.52 4.86 2.59 0.65 0.39 0.28 0.51 1.19 1.80 2.37 3.03 3.64 4.17 5.26 5.88 5.39 4.62 4.42 5.26 6.43 7.47 7.60 6.79 6.22 6.03 5.68 5.01 4.46 4.03 3.72 3.32 2.62 2.04 1.75 1.58 1.44 1.26 1.17 1.12 1.14 1.72 2.52 2.89 2.97 3.15 3.29 3.19 3.30 3.71 4.02 4.21 4.26 4.44 4.79 4.93 4.76 4.62 4.78 5.35 6.32 7.00 6.64 5.93 5.80 5.86 6.04 6.02 5.17 4.21
2.36 2.44 2.81 3.28 3.14 2.69 2.68 2.74 2.84 2.78 3.18 3.47 2.22 1.72 2.45 3.94 4.95 3.73 1.34 0.22 0.24 0.13 0.52 1.13 1.62 1.94 2.22 2.60 3.26 3.98 4.62 4.56 4.31 4.88 5.60 6.35 6.98 6.96 6.37 6.38 6.78 6.59 5.96 5.36 4.88 4.35 3.63 2.93 2.36 1.97 1.71 1.51 1.35 1.28 1.24 1.55 2.30 2.77 2.88 3.08 3.25 3.12 3.18 3.35 3.32 3.53 3.57 3.50 4.11 4.73 4.72 4.44 4.38 4.67 5.48 6.60 7.26 7.02 6.54 6.30 6.13 6.02 5.31 4.51
2.27 2.38 2.76 3.39 3.63 3.24 3.18 3.24 3.06 2.56 2.75 3.48 2.45 1.52 2.15 3.55 4.90 4.40 2.34 0.80 0.10 0.42 0.56 0.82 1.23 1.47 1.68 1.98 2.45 2.91 3.29 3.78 4.15 4.49 5.22 5.62 5.61 5.97 5.27 4.93 5.89 6.65 6.63 5.85 5.23 4.80 4.26 3.62 2.98 2.50 2.07 1.75 1.57 1.49 1.41 1.54 2.21 2.69 2.80 2.98 3.15 3.03 3.07 3.25 3.16 3.33 3.28 2.63 2.74 3.81 4.35 4.32 4.21 4.15 4.50 5.46 6.74 7.58 7.62 7.19 6.67 6.28 5.51 4.80
2.14 2.32 2.62 3.08 3.68 3.93 4.11 4.30 3.97 2.88 2.62 3.51 2.64 1.18 1.50 2.70 4.53 4.89 3.12 1.61 0.62 0.46 0.72 0.91 1.15 1.22 1.28 1.60 2.25 2.71 2.75 3.30 3.93 4.07 4.81 5.18 4.88 5.42 4.83 3.83 4.17 5.24 6.40 6.11 5.02 4.41 3.97 3.42 3.01 2.70 2.34 1.98 1.73 1.62 1.52 1.56 2.13 2.66 2.79 2.98 3.06 2.95 3.02 3.16 3.29 3.74 3.81 2.89 2.23 2.51 3.35 3.81 3.99 3.92 3.82 4.20 5.30 6.81 7.87 8.13 7.76 7.07 5.99 5.20
1.91 2.08 2.28 2.42 2.86 3.42 3.93 4.55 4.91 4.12 3.29 3.80 2.85 1.04 0.96 1.78 3.50 4.99 4.26 2.60 1.52 0.83 0.73 0.96 1.14 1.15 1.14 1.45 2.14 2.38 2.24 2.83 3.52 3.65 4.34 4.87 4.52 5.07 5.15 3.82 3.32 4.10 5.75 6.64 5.71 4.55 3.84 3.19 2.91 2.79 2.58 2.27 1.94 1.76 1.62 1.52 1.88 2.47 2.62 2.78 2.95 2.98 3.07 3.13 3.25 3.82 4.27 3.87 2.76 2.07 2.37 3.03 3.41 3.55 3.44 3.34 3.80 5.07 6.63 7.85 8.50 8.34 7.13 5.85
1.86 1.99 2.12 2.10 2.31 2.83 3.29 3.91 4.83 4.83 4.61 4.53 2.81 1.16 0.88 1.30 2.38 4.14 4.97 3.97 2.55 1.57 0.95 0.84 0.93 0.97 1.00 1.34 1.88 1.78 1.77 2.61 3.28 3.34 3.91 4.62 4.26 4.40 4.98 4.14 3.24 3.34 4.51 6.37 6.70 5.47 4.30 3.46 3.02 2.97 2.92 2.67 2.26 1.99 1.83 1.73 1.94 2.49 2.66 2.48 2.69 3.09 3.17 3.17 3.33 3.70 4.14 4.41 3.98 2.64 2.14 2.54 2.81 2.86 2.95 2.81 2.77 3.48 4.79 6.07 7.42 8.69 8.54 6.95
1.94 2.11 2.22 2.14 2.27 2.66 3.01 3.42 4.29 4.69 5.16 5.55 3.79 1.59 1.07 1.16 1.63 2.65 4.12 4.82 4.36 2.81 1.61 1.04 0.88 0.81 0.86 1.20 1.36 1.24 1.53 2.52 3.22 3.11 3.49 4.35 4.08 3.82 4.48 4.25 3.33 2.91 3.38 5.18 6.67 6.27 4.97 3.85 3.24 3.07 2.99 2.84 2.58 2.29 2.10 2.09 2.38 2.91 3.20 2.79 2.70 3.10 3.25 3.27 3.49 3.77 3.93 4.28 4.54 3.97 2.91 2.70 2.77 2.55 2.42 2.33 2.18 2.36 3.15 4.13 5.08 7.12 8.76 8.28
1.82 2.03 2.20 2.10 2.18 2.50 2.85 3.15 3.67 4.21 4.96 6.17 5.53 2.79 1.82 1.40 1.30 1.75 2.65 3.93 4.63 4.27 2.61 1.66 1.69 1.72 1.58 1.39 1.24 1.19 1.48 2.49 3.38 3.12 3.15 4.03 4.08 3.53 3.69 3.86 3.31 2.67 2.71 3.93 5.95 6.51 5.57 4.44 3.70 3.30 3.07 2.84 2.64 2.46 2.24 2.16 2.40 2.96 3.45 3.30 3.06 3.15 3.22 3.26 3.49 3.77 3.89 4.05 4.41 4.54 4.20 3.71 3.27 2.75 2.39 2.16 1.97 1.92 2.23 2.89 3.61 5.07 7.20 8.30
1.76 1.96 2.15 2.01 2.04 2.38 2.80 3.07 3.22 3.63 4.41 5.87 6.50 5.15 3.53 2.10 1.37 1.60 2.16 2.87 3.86 4.55 4.31 3.69 3.36 2.89 2.26 1.65 1.29 1.18 1.36 2.26 3.52 3.67 3.40 3.77 3.98 3.57 3.16 3.25 3.07 2.42 2.17 2.84 4.76 6.17 5.75 4.67 3.96 3.47 3.20 2.97 2.66 2.47 2.30 2.15 2.22 2.70 3.22 3.28 3.17 3.17 3.18 3.23 3.44 3.69 3.83 3.94 4.15 4.39 4.64 4.63 4.10 3.37 2.81 2.41 2.00 1.88 2.06 2.26 2.76 3.85 5.16 6.60
1.76 1.92 2.12 1.97 1.89 2.10 2.53 2.92 3.02 3.15 3.62 4.80 6.24 6.73 5.85 3.38 2.01 1.96 2.25 2.67 3.13 3.87 4.53 4.38 3.92 3.49 2.65 1.78 1.24 1.00 1.06 1.70 3.12 4.04 4.30 4.19 3.90 3.54 3.05 2.89 2.74 2.29 1.85 1.93 3.36 5.45 5.80 4.69 3.98 3.55 3.20 3.02 2.81 2.62 2.43 2.28 2.26 2.56 3.00 3.12 3.11 3.15 3.19 3.28 3.45 3.64 3.75 3.86 4.02 4.17 4.54 5.01 4.89 4.08 3.37 2.93 2.30 2.04 2.15 2.19 2.32 2.86 3.73 4.81
1.73 1.85 2.00 1.83 1.66 1.73 1.98 2.39 2.64 2.70 2.87 3.49 4.62 5.99 6.68 6.11 3.90 2.70 2.44 2.39 2.20 2.38 3.53 4.18 4.03 3.68 3.03 2.18 1.48 0.99 0.82 1.09 2.12 3.36 4.52 5.14 4.67 3.62 3.02 2.82 2.59 2.25 1.80 1.47 2.09 4.16 5.48 5.13 4.44 3.96 3.50 3.17 2.88 2.70 2.51 2.35 2.36 2.59 2.92 3.05 3.07 3.13 3.20 3.31 3.46 3.61 3.69 3.77 3.92 4.09 4.41 5.00 5.38 4.97 4.10 3.57 2.91 2.24 2.20 2.38 2.46 2.44 2.60 3.34
1.75 1.88 2.08 1.90 1.65 1.74 1.90 1.98 2.05 2.08 2.12 2.26 2.71 3.58 4.93 6.13 5.56 4.09 2.91 2.05 1.53 1.61 2.51 3.87 4.49 4.05 3.21 2.66 2.16 1.50 0.97 0.81 1.24 2.29 3.54 5.09 5.79 4.75 3.43 2.99 2.72 2.35 1.99 1.54 1.42 2.54 4.45 5.07 4.83 4.27 3.71 3.35 2.90 2.64 2.46 2.30 2.33 2.61 2.93 3.05 3.02 3.04 3.16 3.27 3.40 3.56 3.64 3.68 3.80 4.01 4.33 4.83 5.37 5.56 5.13 4.50 3.68 2.65 2.38 2.54 2.56 2.53 2.38 2.33
1.83 1.95 2.23 2.21 1.90 1.95 2.20 2.29 2.10 1.72 1.51 1.52 1.73 2.28 3.06 4.19 5.25 4.72 3.07 1.71 1.39 1.39 1.77 2.90 4.43 4.68 3.46 2.95 2.72 2.19 1.59 1.10 1.04 1.58 2.51 3.92 5.64 6.11 5.04 3.93 3.39 2.90 2.54 2.07 1.47 1.61 2.85 4.04 4.55 4.22 3.62 3.30 2.96 2.67 2.46 2.24 2.18 2.44 2.80 2.96 2.94 2.88 2.93 3.14 3.29 3.44 3.57 3.58 3.64 3.84 4.23 4.71 5.12 5.57 5.71 5.51 4.68 3.28 2.71 2.82 2.82 2.63 2.31 2.10
1.83 1.87 2.08 2.29 2.18 2.06 2.27 2.70 2.91 2.28 1.55 1.35 1.45 1.84 2.47 3.19 4.59 4.91 3.12 1.58 1.22 1.25 1.49 2.01 3.45 4.88 4.43 3.08 2.53 2.14 1.69 1.26 0.95 1.14 1.88 2.84 4.22 5.77 6.21 5.75 4.90 4.08 3.57 3.03 2.26 1.63 1.80 2.75 3.80 3.96 3.47 3.17 2.94 2.69 2.51 2.30 2.19 2.36 2.68 2.84 2.91 2.90 2.76 2.94 3.16 3.27 3.43 3.45 3.45 3.61 4.01 4.51 4.88 5.43 5.80 5.92 5.61 4.13 3.17 3.40 3.28 2.62 2.14 2.04
1.85 1.83 1.88 2.15 2.35 2.18 2.05 2.42 3.21 3.45 2.51 1.76 1.65 1.87 2.22 2.85 4.12 4.79 4.32 2.85 1.66 1.40 1.53 1.82 2.66 4.51 5.10 3.74 2.53 1.95 1.53 1.16 0.80 0.82 1.32 2.08 2.99 4.20 5.36 6.02 5.80 5.01 4.49 4.14 3.50 2.66 2.07 2.23 3.09 3.51 3.24 2.97 2.82 2.67 2.53 2.40 2.32 2.44 2.72 2.91 3.04 3.10 2.93 2.94 3.13 3.19 3.29 3.30 3.19 3.32 3.73 4.18 4.53 5.18 5.92 6.30 6.19 4.74 3.48 3.75 3.83 2.81 1.94 1.86
2.00 1.99 1.96 2.12 2.40 2.33 2.04 2.00 2.50 3.47 3.63 2.91 2.69 2.62 2.59 2.93 3.53 4.16 4.55 4.29 3.22 1.99 1.60 1.65 2.11 3.53 5.15 5.22 3.81 2.60 2.00 1.56 1.06 0.72 0.77 1.29 2.16 3.03 3.94 4.96 5.53 5.25 4.80 4.58 4.21 3.65 2.96 2.56 2.87 3.27 3.19 2.90 2.71 2.59 2.48 2.38 2.36 2.48 2.66 2.84 3.04 3.13 3.06 3.04 3.17 3.27 3.30 3.31 3.07 2.91 3.25 3.76 4.12 4.59 5.66 6.73 6.93 5.49 3.81 3.75 4.01 3.31 2.11 1.63
2.10 2.21 2.21 2.22 2.42 2.48 2.29 2.05 1.98 2.49 3.31 3.40 3.23 3.28 3.39 3.08 2.79 3.11 3.50 3.99 3.89 2.80 1.81 1.42 1.54 2.27 3.95 5.47 5.29 3.94 2.96 2.49 1.91 1.16 0.69 0.69 1.30 2.18 3.15 4.12 4.75 4.94 4.75 4.46 4.34 4.09 3.53 2.98 2.95 3.22 3.21 2.99 2.72 2.53 2.38 2.29 2.32 2.46 2.57 2.68 2.89 3.02 3.05 3.09 3.20 3.36 3.38 3.47 3.37 2.79 2.57 3.05 3.61 4.03 5.02 6.57 7.47 6.81 4.68 3.93 3.89 3.39 2.64 1.97
1.99 2.26 2.42 2.24 2.32 2.39 2.35 2.26 2.03 1.98 2.29 2.59 2.70 3.20 3.92 3.12 2.15 2.26 2.56 3.05 3.37 2.88 2.10 1.53 1.32 1.58 2.58 4.30 5.39 5.05 4.05 3.30 2.78 2.05 1.18 0.71 0.82 1.49 2.63 3.59 3.85 4.29 4.57 4.25 4.13 4.02 3.62 3.06 2.88 3.02 3.03 2.88 2.70 2.52 2.36 2.23 2.26 2.43 2.56 2.69 2.86 2.98 3.06 3.12 3.24 3.42 3.45 3.59 3.85 3.32 2.41 2.21 2.66 3.14 4.08 5.80 7.36 7.72 6.59 4.88 3.92 3.32 2.90 2.57
1.69 1.93 2.37 2.36 2.23 2.13 2.05 2.12 2.18 2.16 2.11 2.19 2.25 3.10 4.07 3.24 2.27 2.00 2.03 2.42 2.67 2.40 2.03 1.72 1.34 1.28 1.79 3.04 4.48 5.13 4.61 3.64 2.99 2.49 1.88 1.17 0.88 1.10 2.30 3.34 3.32 3.58 4.12 4.03 3.81 3.74 3.45 2.96 2.77 2.82 2.80 2.71 2.59 2.45 2.30 2.18 2.21 2.39 2.51 2.66 2.83 2.96 3.06 3.08 3.19 3.41 3.51 3.63 4.05 4.05 3.03 2.12 1.96 2.01 2.37 4.01 6.26 7.60 7.84 7.06 5.07 3.54 3.11 2.97
1.48 1.55 1.94 2.38 2.44 2.13 1.77 1.70 1.91 2.20 2.38 2.38 2.33 3.22 3.89 3.58 3.17 2.75 2.21 2.21 2.31 1.96 1.62 1.45 1.20 1.01 1.19 2.10 3.36 4.47 4.97 4.48 3.43 2.76 2.33 1.62 1.01 0.94 1.92 3.18 3.30 3.19 3.54 3.67 3.60 3.62 3.41 2.97 2.76 2.74 2.71 2.64 2.53 2.41 2.26 2.13 2.18 2.33 2.45 2.55 2.70 2.88 3.04 3.10 3.18 3.36 3.54 3.73 4.07 4.40 4.02 2.82 2.09 1.83 1.62 2.10 4.21 6.15 7.30 8.03 7.16 4.56 3.73 3.24
1.69 1.54 1.50 2.00 2.62 2.65 2.12 1.70 1.59 1.79 2.21 2.47 2.69 3.16 3.31 3.31 3.50 3.55 3.36 2.97 2.55 1.97 1.51 1.21 0.95 0.78 0.81 1.30 2.31 3.31 4.40 5.07 4.67 3.58 2.77 1.97 1.34 1.09 1.57 2.84 3.30 3.15 3.20 3.24 3.29 3.42 3.33 3.00 2.79 2.70 2.62 2.58 2.51 2.44 2.34 2.19 2.18 2.29 2.40 2.49 2.58 2.75 2.92 3.09 3.31 3.50 3.65 3.93 4.21 4.50 4.64 4.00 2.69 1.90 1.60 1.55 2.51 4.36 5.62 7.19 7.82 6.38 4.97 3.74
2.03 1.86 1.55 1.59 2.15 2.84 2.96 2.43 1.94 1.83 1.87 2.30 3.02 2.92 2.45 2.55 2.95 3.25 3.48 3.89 3.77 2.86 2.00 1.41 0.99 0.75 0.64 0.77 1.39 2.12 2.94 4.24 5.07 4.74 3.80 2.88 2.21 1.68 1.58 2.42 3.05 3.11 3.09 2.95 2.93 3.08 3.08 2.91 2.77 2.65 2.53 2.42 2.34 2.38 2.40 2.29 2.22 2.27 2.38 2.45 2.52 2.66 2.77 2.97 3.42 3.90 4.12 4.33 4.54 4.78 5.05 4.93 3.79 2.35 1.70 1.34 1.67 3.14 4.31 5.69 7.11 6.93 5.61 4.37
2.13 2.19 1.90 1.38 1.34 1.88 2.84 3.13 2.94 2.75 2.23 2.55 3.09 2.38 1.83 1.98 2.22 2.43 2.51 3.24 4.19 4.36 3.66 2.58 1.79 1.20 0.77 0.61 0.80 1.26 1.80 2.91 4.26 5.01 4.79 3.96 3.12 2.61 2.20 2.35 2.82 3.02 3.01 2.85 2.76 2.83 2.85 2.79 2.70 2.60 2.48 2.30 2.02 1.93 2.14 2.24 2.26 2.31 2.41 2.50 2.55 2.67 2.72 2.83 3.32 4.09 4.70 5.08 5.32 5.61 5.77 5.89 5.27 3.53 2.09 1.15 1.31 2.62 3.76 4.71 6.22 6.74 5.59 4.29
1.96 2.31 2.37 1.55 1.07 1.11 1.60 2.42 3.10 3.38 3.30 3.35 2.98 1.75 1.42 1.54 1.72 1.91 1.87 2.02 2.97 4.15 4.64 4.44 3.74 2.77 1.79 1.02 0.69 0.71 1.00 1.69 2.83 4.07 4.82 4.50 3.73 3.29 2.96 2.69 2.86 3.08 3.06 2.93 2.81 2.74 2.70 2.68 2.64 2.55 2.45 2.36 1.99 1.47 1.43 1.76 2.04 2.21 2.35 2.53 2.64 2.70 2.69 2.67 2.89 3.44 4.20 4.92 5.56 6.15 6.47 6.61 6.60 5.51 2.96 1.64 1.68 2.92 4.17 5.01 5.77 6.31 5.72 4.21
1.80 2.26 2.76 2.24 1.43 1.11 1.07 1.23 1.92 2.75 3.84 4.14 2.72 1.54 1.31 1.31 1.50 1.68 1.59 1.37 1.57 2.30 3.34 4.25 4.46 4.25 3.74 2.70 1.60 1.06 0.93 1.07 1.56 2.66 4.06 4.41 3.93 3.43 3.16 2.94 2.94 3.11 3.10 2.99 2.88 2.76 2.66 2.60 2.57 2.50 2.43 2.43 2.28 1.70 1.16 1.17 1.59 1.93 2.09 2.29 2.50 2.61 2.57 2.45 2.40 2.46 2.66 3.15 3.99 5.18 6.16 6.60 6.99 6.63 4.53 2.66 2.57 3.43 4.99 5.73 5.21 5.66 5.91 4.31
1.91 2.08 2.60 2.90 2.33 1.69 1.30 1.09 1.24 1.50 3.03 4.58 3.26 1.72 1.51 1.41 1.45 1.55 1.40 1.08 0.99 1.13 1.61 2.46 3.12 3.57 3.95 3.99 3.42 2.54 1.80 1.28 1.12 1.62 3.08 3.74 3.54 3.20 3.03 2.96 2.93 3.00 3.02 2.95 2.86 2.75 2.64 2.57 2.53 2.51 2.46 2.44 2.40 2.06 1.38 0.94 1.15 1.58 1.82 1.95 2.18 2.46 2.52 2.34 2.16 2.12 2.11 2.12 2.44 3.22 4.56 5.90 6.92 7.03 5.56 3.81 3.15 3.58 5.41 6.27 5.20 5.50 5.80 4.15
2.26 1.94 1.88 2.65 3.10 2.83 2.22 1.68 1.37 1.22 2.13 4.19 3.96 2.65 2.42 2.21 2.03 1.88 1.52 1.12 0.87 0.80 0.90 1.17 1.54 1.89 2.39 3.27 3.75 3.74 3.22 2.34 1.63 1.54 2.45 3.13 3.09 2.87 2.78 2.83 2.88 2.91 2.93 2.88 2.79 2.69 2.60 2.54 2.53 2.54 2.53 2.48 2.39 2.13 1.54 0.97 0.90 1.24 1.68 1.91 2.03 2.31 2.56 2.54 2.33 2.28 2.28 2.07 2.04 2.28 2.81 4.33 6.46 7.10 5.92 4.46 3.46 3.34 5.24 6.53 5.93 5.88 5.49 3.92
2.84 2.10 1.34 1.74 2.75 3.49 3.63 3.08 2.27 1.47 1.93 3.32 3.52 3.37 3.52 3.51 3.40 3.28 2.92 2.30 1.77 1.36 1.07 0.89 0.91 1.01 1.10 1.43 2.16 2.95 3.48 3.38 2.70 2.08 2.33 2.83 2.84 2.68 2.58 2.64 2.77 2.84 2.86 2.85 2.78 2.68 2.60 2.53 2.51 2.52 2.54 2.55 2.44 2.12 1.66 1.18 0.95 1.07 1.50 1.85 1.96 2.09 2.37 2.64 2.72 2.79 2.84 2.59 2.41 2.45 2.49 3.13 5.20 6.71 6.08 4.92 4.04 3.36 4.13 6.01 6.66 6.19 5.26 4.46
3.56 2.46 1.21 1.00 1.41 2.53 3.57 4.16 3.75 2.50 2.34 2.83 2.87 2.87 3.13 3.48 3.69 3.85 3.99 4.04 3.88 3.42 2.72 1.96 1.27 0.93 0.78 0.73 0.86 1.18 1.94 2.97 2.98 2.45 2.43 2.75 2.79 2.67 2.59 2.57 2.65 2.74 2.79 2.86 2.86 2.75 2.65 2.60 2.57 2.54 2.57 2.68 2.58 2.10 1.61 1.13 0.81 0.90 1.14 1.48 1.69 1.80 1.99 2.28 2.63 3.00 3.32 3.39 3.37 3.42 3.39 3.52 4.64 6.11 6.03 5.35 5.09 4.39 3.69 4.98 6.69 6.58 6.08 5.12
