windninja/windninja_output/Output_2025-10-23_2100-2150_Google earth_Fire_150m_10min/merlingen_7.5mi_point_10-23-2025_2120_150m_vel.asc
ncols	158
nrows	163
xllcorner	391686.332397
yllcorner	5160024.123721
cellsize	150.000000
NODATA_value	-32768.000000
[rows 0 to 37 of 163, columns 0 to 83 of 158]
0.63 0.63 0.62 0.61 0.61 0.62 0.58 0.54 0.56 0.55 0.52 0.46 0.44 0.52 0.58 0.57 0.53 0.49 0.49 0.51 0.46 0.38 0.39 0.42 0.42 0.39 0.35 0.35 0.36 0.34 0.32 0.31 0.30 0.29 0.28 0.28 0.24 0.23 0.23 0.21 0.19 0.18 0.16 0.15 0.14 0.12 0.10 0.09 0.08 0.07 0.06 0.06 0.06 0.06 0.06 0.06 0.07 0.08 0.10 0.11 0.12 0.14 0.16 0.18 0.19 0.21 0.24 0.26 0.28 0.29 0.30 0.31 0.33 0.34 0.37 0.39 0.40 0.43 0.45 0.45 0.46 0.47 0.51 0.54
0.61 0.63 0.64 0.62 0.62 0.62 0.55 0.53 0.56 0.56 0.51 0.43 0.38 0.45 0.54 0.58 0.56 0.52 0.54 0.55 0.47 0.38 0.38 0.42 0.43 0.41 0.36 0.35 0.36 0.34 0.32 0.32 0.31 0.29 0.29 0.29 0.26 0.24 0.23 0.21 0.20 0.19 0.17 0.16 0.15 0.13 0.12 0.11 0.09 0.08 0.06 0.05 0.05 0.04 0.05 0.06 0.07 0.08 0.10 0.11 0.12 0.14 0.16 0.17 0.18 0.20 0.23 0.27 0.29 0.29 0.29 0.30 0.32 0.34 0.37 0.39 0.40 0.44 0.46 0.45 0.45 0.47 0.51 0.54
0.59 0.64 0.65 0.62 0.63 0.58 0.51 0.53 0.58 0.58 0.52 0.38 0.31 0.39 0.51 0.62 0.63 0.59 0.61 0.58 0.47 0.39 0.38 0.40 0.43 0.42 0.38 0.36 0.35 0.34 0.33 0.33 0.32 0.31 0.31 0.30 0.28 0.26 0.25 0.22 0.22 0.21 0.20 0.20 0.19 0.17 0.16 0.15 0.13 0.10 0.08 0.07 0.06 0.05 0.05 0.07 0.08 0.09 0.11 0.13 0.13 0.14 0.16 0.17 0.18 0.20 0.23 0.27 0.30 0.30 0.28 0.30 0.32 0.34 0.36 0.37 0.40 0.45 0.48 0.44 0.42 0.47 0.51 0.52
0.61 0.64 0.64 0.62 0.62 0.56 0.54 0.61 0.66 0.62 0.51 0.35 0.31 0.39 0.51 0.67 0.69 0.64 0.62 0.57 0.48 0.43 0.39 0.38 0.42 0.43 0.40 0.38 0.35 0.34 0.35 0.34 0.34 0.34 0.33 0.32 0.30 0.28 0.27 0.26 0.25 0.24 0.24 0.25 0.23 0.21 0.20 0.18 0.16 0.15 0.14 0.11 0.10 0.09 0.09 0.09 0.10 0.10 0.12 0.13 0.14 0.15 0.16 0.18 0.19 0.20 0.23 0.28 0.31 0.30 0.29 0.30 0.33 0.35 0.36 0.36 0.39 0.46 0.49 0.44 0.39 0.47 0.53 0.51
0.62 0.63 0.63 0.62 0.61 0.59 0.62 0.69 0.69 0.59 0.43 0.32 0.31 0.41 0.58 0.72 0.72 0.66 0.59 0.55 0.50 0.48 0.42 0.38 0.44 0.45 0.43 0.40 0.37 0.37 0.37 0.37 0.38 0.38 0.36 0.33 0.32 0.31 0.31 0.31 0.30 0.29 0.30 0.29 0.26 0.24 0.22 0.19 0.18 0.17 0.15 0.13 0.12 0.12 0.12 0.11 0.11 0.12 0.12 0.14 0.15 0.16 0.17 0.19 0.20 0.21 0.23 0.28 0.32 0.31 0.30 0.31 0.34 0.35 0.36 0.37 0.39 0.43 0.47 0.45 0.40 0.44 0.53 0.53
0.62 0.63 0.63 0.62 0.63 0.64 0.67 0.70 0.64 0.49 0.37 0.33 0.33 0.43 0.63 0.71 0.71 0.64 0.57 0.54 0.54 0.53 0.46 0.41 0.44 0.46 0.44 0.41 0.40 0.39 0.39 0.40 0.43 0.41 0.38 0.36 0.36 0.37 0.38 0.36 0.34 0.33 0.32 0.29 0.26 0.23 0.21 0.19 0.18 0.16 0.15 0.14 0.13 0.12 0.12 0.13 0.13 0.13 0.14 0.15 0.16 0.17 0.18 0.20 0.21 0.22 0.24 0.28 0.32 0.31 0.31 0.34 0.35 0.34 0.35 0.39 0.41 0.43 0.44 0.44 0.43 0.45 0.51 0.54
0.62 0.63 0.63 0.64 0.66 0.67 0.68 0.66 0.55 0.44 0.39 0.36 0.36 0.46 0.65 0.70 0.67 0.64 0.58 0.56 0.57 0.58 0.51 0.44 0.45 0.45 0.43 0.42 0.42 0.41 0.41 0.44 0.46 0.42 0.40 0.41 0.43 0.43 0.40 0.37 0.35 0.33 0.31 0.27 0.24 0.22 0.21 0.19 0.18 0.17 0.16 0.16 0.15 0.15 0.14 0.14 0.15 0.15 0.16 0.16 0.18 0.19 0.21 0.22 0.23 0.23 0.25 0.29 0.32 0.31 0.33 0.37 0.38 0.34 0.35 0.40 0.44 0.45 0.41 0.42 0.48 0.49 0.49 0.53
0.62 0.63 0.64 0.64 0.66 0.66 0.65 0.59 0.50 0.44 0.43 0.41 0.41 0.50 0.65 0.70 0.65 0.63 0.62 0.59 0.60 0.62 0.56 0.49 0.46 0.44 0.43 0.45 0.44 0.41 0.43 0.47 0.45 0.42 0.43 0.45 0.44 0.41 0.38 0.35 0.32 0.30 0.28 0.25 0.23 0.22 0.20 0.19 0.18 0.17 0.16 0.16 0.17 0.17 0.16 0.16 0.17 0.17 0.18 0.18 0.20 0.21 0.23 0.25 0.26 0.26 0.26 0.29 0.32 0.31 0.32 0.38 0.40 0.37 0.36 0.39 0.45 0.47 0.41 0.42 0.52 0.52 0.48 0.51
0.63 0.63 0.64 0.64 0.64 0.63 0.60 0.55 0.50 0.48 0.47 0.46 0.46 0.51 0.64 0.69 0.64 0.64 0.64 0.61 0.63 0.64 0.60 0.54 0.48 0.44 0.45 0.47 0.42 0.40 0.46 0.48 0.44 0.43 0.45 0.45 0.41 0.37 0.34 0.31 0.29 0.27 0.26 0.25 0.24 0.22 0.20 0.19 0.18 0.17 0.17 0.17 0.17 0.17 0.18 0.19 0.19 0.20 0.20 0.20 0.19 0.19 0.20 0.24 0.27 0.28 0.28 0.30 0.32 0.33 0.33 0.36 0.39 0.39 0.38 0.39 0.44 0.46 0.42 0.45 0.55 0.55 0.47 0.48
0.62 0.63 0.64 0.64 0.62 0.60 0.58 0.56 0.54 0.52 0.51 0.50 0.48 0.51 0.61 0.67 0.66 0.66 0.65 0.64 0.66 0.66 0.64 0.58 0.51 0.47 0.46 0.46 0.42 0.43 0.50 0.49 0.44 0.45 0.46 0.43 0.38 0.34 0.32 0.30 0.29 0.28 0.27 0.26 0.25 0.23 0.21 0.20 0.19 0.18 0.17 0.17 0.16 0.17 0.18 0.19 0.19 0.20 0.19 0.18 0.18 0.17 0.16 0.18 0.23 0.27 0.29 0.30 0.32 0.34 0.37 0.38 0.37 0.38 0.39 0.40 0.44 0.43 0.41 0.48 0.57 0.59 0.50 0.45
0.62 0.63 0.65 0.63 0.61 0.60 0.59 0.59 0.57 0.55 0.54 0.53 0.50 0.51 0.58 0.66 0.69 0.69 0.67 0.67 0.69 0.69 0.67 0.61 0.53 0.50 0.45 0.44 0.44 0.46 0.50 0.47 0.43 0.44 0.45 0.41 0.37 0.33 0.32 0.32 0.31 0.30 0.29 0.26 0.24 0.22 0.21 0.20 0.18 0.16 0.15 0.15 0.16 0.17 0.16 0.16 0.15 0.14 0.14 0.15 0.15 0.15 0.14 0.14 0.18 0.23 0.26 0.28 0.28 0.33 0.38 0.39 0.38 0.38 0.39 0.42 0.45 0.43 0.39 0.46 0.56 0.62 0.57 0.50
0.63 0.64 0.64 0.63 0.61 0.60 0.61 0.61 0.59 0.57 0.56 0.55 0.52 0.51 0.56 0.67 0.72 0.72 0.69 0.69 0.71 0.71 0.68 0.61 0.54 0.48 0.40 0.39 0.43 0.45 0.46 0.44 0.42 0.44 0.43 0.40 0.36 0.34 0.35 0.34 0.32 0.30 0.29 0.26 0.24 0.23 0.20 0.16 0.13 0.12 0.11 0.11 0.10 0.10 0.09 0.08 0.09 0.10 0.10 0.11 0.13 0.13 0.11 0.11 0.14 0.17 0.21 0.23 0.23 0.29 0.36 0.40 0.40 0.38 0.39 0.44 0.48 0.48 0.43 0.44 0.52 0.61 0.62 0.59
0.63 0.64 0.64 0.63 0.62 0.62 0.62 0.61 0.60 0.58 0.57 0.55 0.52 0.50 0.56 0.70 0.75 0.73 0.72 0.72 0.73 0.71 0.67 0.60 0.51 0.41 0.35 0.38 0.42 0.44 0.44 0.44 0.45 0.44 0.41 0.39 0.38 0.38 0.37 0.34 0.32 0.32 0.29 0.25 0.24 0.22 0.17 0.12 0.10 0.10 0.10 0.07 0.05 0.04 0.03 0.02 0.04 0.07 0.09 0.11 0.12 0.12 0.11 0.11 0.12 0.14 0.17 0.17 0.18 0.24 0.32 0.38 0.40 0.38 0.38 0.43 0.49 0.52 0.50 0.46 0.49 0.57 0.62 0.66
0.64 0.64 0.64 0.63 0.63 0.63 0.62 0.61 0.60 0.59 0.58 0.57 0.53 0.50 0.57 0.71 0.77 0.74 0.74 0.75 0.72 0.68 0.63 0.56 0.47 0.40 0.37 0.40 0.43 0.44 0.45 0.46 0.47 0.44 0.40 0.41 0.42 0.40 0.37 0.34 0.32 0.30 0.25 0.21 0.20 0.17 0.13 0.11 0.11 0.11 0.09 0.07 0.06 0.04 0.03 0.01 0.02 0.05 0.08 0.11 0.14 0.14 0.14 0.13 0.12 0.14 0.15 0.15 0.14 0.16 0.24 0.33 0.38 0.37 0.35 0.38 0.44 0.50 0.52 0.49 0.50 0.55 0.60 0.67
0.64 0.64 0.64 0.64 0.64 0.63 0.62 0.62 0.62 0.60 0.59 0.58 0.55 0.52 0.58 0.72 0.81 0.77 0.73 0.74 0.69 0.62 0.58 0.53 0.48 0.44 0.42 0.43 0.44 0.43 0.45 0.48 0.47 0.44 0.42 0.44 0.42 0.39 0.35 0.31 0.28 0.24 0.20 0.20 0.19 0.16 0.14 0.15 0.16 0.16 0.14 0.13 0.12 0.12 0.12 0.10 0.08 0.09 0.12 0.16 0.20 0.21 0.21 0.22 0.21 0.19 0.17 0.17 0.15 0.11 0.15 0.27 0.34 0.35 0.33 0.35 0.41 0.47 0.50 0.51 0.52 0.54 0.59 0.66
0.65 0.64 0.64 0.64 0.63 0.63 0.62 0.62 0.62 0.61 0.61 0.60 0.58 0.56 0.61 0.77 0.84 0.78 0.72 0.70 0.66 0.60 0.55 0.52 0.50 0.49 0.46 0.44 0.44 0.44 0.49 0.53 0.48 0.45 0.43 0.40 0.37 0.35 0.31 0.28 0.26 0.22 0.22 0.24 0.22 0.20 0.20 0.19 0.18 0.19 0.23 0.24 0.26 0.27 0.28 0.27 0.24 0.20 0.19 0.21 0.24 0.26 0.27 0.27 0.29 0.30 0.26 0.24 0.21 0.12 0.11 0.19 0.28 0.30 0.32 0.35 0.40 0.45 0.49 0.55 0.54 0.52 0.58 0.62
0.65 0.65 0.65 0.64 0.64 0.63 0.63 0.63 0.63 0.63 0.63 0.62 0.61 0.59 0.64 0.78 0.82 0.76 0.70 0.67 0.64 0.59 0.54 0.52 0.54 0.53 0.48 0.45 0.47 0.50 0.54 0.52 0.44 0.39 0.37 0.35 0.35 0.34 0.31 0.29 0.28 0.27 0.30 0.31 0.27 0.25 0.26 0.24 0.22 0.26 0.30 0.32 0.34 0.34 0.33 0.32 0.32 0.29 0.27 0.27 0.29 0.29 0.29 0.28 0.31 0.34 0.33 0.31 0.29 0.23 0.14 0.16 0.22 0.25 0.28 0.33 0.37 0.44 0.52 0.57 0.55 0.53 0.57 0.59
0.65 0.65 0.65 0.64 0.64 0.64 0.64 0.64 0.65 0.65 0.64 0.64 0.63 0.63 0.66 0.75 0.80 0.75 0.69 0.65 0.62 0.57 0.53 0.54 0.56 0.54 0.49 0.48 0.50 0.52 0.51 0.45 0.37 0.34 0.35 0.37 0.37 0.37 0.35 0.35 0.35 0.35 0.35 0.32 0.29 0.29 0.29 0.30 0.33 0.35 0.34 0.33 0.32 0.31 0.30 0.30 0.32 0.34 0.34 0.33 0.33 0.33 0.32 0.31 0.32 0.36 0.38 0.36 0.34 0.32 0.26 0.19 0.22 0.23 0.23 0.28 0.34 0.44 0.54 0.56 0.55 0.55 0.56 0.57
0.66 0.65 0.65 0.65 0.65 0.65 0.65 0.66 0.66 0.66 0.65 0.65 0.65 0.65 0.67 0.73 0.77 0.73 0.67 0.63 0.59 0.56 0.55 0.56 0.56 0.54 0.52 0.50 0.49 0.49 0.46 0.39 0.34 0.35 0.39 0.41 0.42 0.41 0.38 0.39 0.38 0.36 0.35 0.33 0.31 0.32 0.33 0.35 0.36 0.36 0.33 0.30 0.29 0.29 0.30 0.32 0.34 0.35 0.35 0.35 0.35 0.35 0.34 0.33 0.33 0.36 0.39 0.39 0.37 0.36 0.33 0.28 0.28 0.27 0.23 0.24 0.31 0.41 0.53 0.54 0.54 0.56 0.53 0.52
0.66 0.65 0.66 0.66 0.65 0.66 0.66 0.67 0.67 0.66 0.66 0.67 0.67 0.67 0.68 0.71 0.72 0.69 0.65 0.63 0.60 0.58 0.57 0.57 0.57 0.56 0.54 0.51 0.49 0.46 0.42 0.37 0.35 0.37 0.41 0.44 0.46 0.44 0.42 0.42 0.41 0.39 0.38 0.36 0.36 0.38 0.39 0.38 0.35 0.33 0.32 0.30 0.30 0.30 0.33 0.35 0.35 0.36 0.35 0.34 0.34 0.34 0.33 0.32 0.33 0.34 0.38 0.41 0.41 0.40 0.37 0.34 0.34 0.35 0.30 0.27 0.31 0.40 0.50 0.54 0.55 0.56 0.52 0.48
0.66 0.66 0.66 0.66 0.66 0.66 0.67 0.68 0.68 0.66 0.67 0.68 0.68 0.68 0.69 0.69 0.69 0.67 0.65 0.65 0.63 0.60 0.59 0.58 0.58 0.56 0.54 0.52 0.48 0.45 0.41 0.37 0.37 0.41 0.47 0.50 0.53 0.52 0.48 0.47 0.44 0.42 0.40 0.39 0.41 0.43 0.40 0.36 0.34 0.34 0.34 0.33 0.33 0.33 0.32 0.32 0.33 0.35 0.36 0.35 0.34 0.35 0.35 0.33 0.33 0.35 0.38 0.42 0.43 0.43 0.41 0.38 0.38 0.38 0.35 0.31 0.35 0.45 0.54 0.58 0.58 0.57 0.54 0.47
0.67 0.67 0.66 0.66 0.67 0.67 0.68 0.69 0.68 0.67 0.68 0.69 0.69 0.68 0.69 0.69 0.68 0.67 0.67 0.66 0.64 0.61 0.60 0.59 0.58 0.56 0.55 0.52 0.49 0.46 0.42 0.38 0.41 0.51 0.57 0.58 0.59 0.55 0.49 0.46 0.44 0.41 0.41 0.43 0.43 0.41 0.38 0.38 0.38 0.39 0.38 0.37 0.36 0.33 0.31 0.30 0.30 0.32 0.35 0.36 0.37 0.37 0.38 0.36 0.35 0.37 0.39 0.42 0.45 0.44 0.43 0.42 0.42 0.41 0.35 0.29 0.33 0.46 0.58 0.65 0.64 0.59 0.57 0.51
0.68 0.67 0.66 0.67 0.68 0.68 0.69 0.69 0.69 0.69 0.69 0.70 0.70 0.70 0.69 0.69 0.68 0.68 0.69 0.67 0.65 0.63 0.62 0.60 0.57 0.57 0.55 0.52 0.50 0.47 0.44 0.42 0.49 0.59 0.60 0.58 0.57 0.51 0.46 0.44 0.43 0.43 0.44 0.44 0.43 0.43 0.44 0.44 0.42 0.40 0.39 0.38 0.36 0.33 0.33 0.32 0.32 0.32 0.33 0.36 0.37 0.38 0.39 0.38 0.38 0.40 0.42 0.44 0.47 0.47 0.45 0.44 0.45 0.46 0.38 0.28 0.28 0.40 0.55 0.68 0.72 0.67 0.65 0.58
0.68 0.67 0.68 0.68 0.69 0.69 0.69 0.69 0.70 0.71 0.71 0.71 0.71 0.71 0.70 0.70 0.69 0.69 0.70 0.68 0.66 0.64 0.63 0.60 0.57 0.56 0.54 0.51 0.50 0.50 0.48 0.47 0.54 0.59 0.57 0.56 0.53 0.48 0.46 0.45 0.45 0.46 0.46 0.45 0.48 0.52 0.49 0.45 0.42 0.40 0.39 0.38 0.36 0.36 0.36 0.35 0.34 0.33 0.33 0.35 0.38 0.39 0.40 0.39 0.39 0.41 0.42 0.44 0.47 0.48 0.47 0.46 0.48 0.48 0.42 0.32 0.27 0.33 0.45 0.60 0.73 0.75 0.74 0.69
0.68 0.68 0.69 0.69 0.69 0.69 0.69 0.70 0.72 0.73 0.72 0.71 0.71 0.72 0.71 0.70 0.70 0.71 0.71 0.68 0.66 0.65 0.63 0.60 0.57 0.54 0.51 0.49 0.53 0.54 0.52 0.51 0.54 0.56 0.56 0.55 0.52 0.50 0.50 0.49 0.48 0.48 0.49 0.53 0.58 0.54 0.46 0.43 0.41 0.40 0.39 0.38 0.38 0.39 0.38 0.37 0.35 0.33 0.32 0.32 0.34 0.38 0.41 0.41 0.38 0.37 0.38 0.41 0.44 0.45 0.45 0.45 0.48 0.48 0.43 0.37 0.31 0.30 0.35 0.47 0.64 0.74 0.78 0.79
0.69 0.69 0.69 0.70 0.70 0.70 0.69 0.72 0.75 0.75 0.73 0.72 0.72 0.73 0.72 0.71 0.72 0.72 0.71 0.69 0.67 0.66 0.63 0.60 0.56 0.52 0.47 0.50 0.58 0.59 0.54 0.54 0.56 0.57 0.57 0.55 0.52 0.54 0.56 0.53 0.52 0.52 0.55 0.60 0.59 0.48 0.43 0.43 0.43 0.42 0.41 0.39 0.38 0.37 0.38 0.39 0.38 0.35 0.31 0.29 0.31 0.38 0.43 0.46 0.45 0.41 0.40 0.41 0.45 0.47 0.46 0.46 0.46 0.45 0.42 0.41 0.41 0.36 0.30 0.36 0.51 0.65 0.72 0.81
0.69 0.69 0.69 0.70 0.71 0.70 0.71 0.74 0.76 0.75 0.74 0.74 0.74 0.74 0.73 0.73 0.73 0.73 0.72 0.70 0.68 0.66 0.64 0.60 0.56 0.49 0.45 0.54 0.63 0.61 0.56 0.57 0.58 0.57 0.57 0.54 0.53 0.59 0.62 0.58 0.56 0.58 0.61 0.62 0.56 0.48 0.47 0.47 0.47 0.46 0.44 0.41 0.39 0.39 0.40 0.41 0.39 0.36 0.34 0.33 0.36 0.38 0.40 0.43 0.47 0.47 0.44 0.44 0.47 0.51 0.52 0.49 0.45 0.43 0.39 0.41 0.50 0.50 0.33 0.29 0.40 0.52 0.60 0.71
0.70 0.70 0.71 0.71 0.71 0.71 0.73 0.76 0.77 0.75 0.75 0.75 0.75 0.74 0.74 0.75 0.75 0.74 0.72 0.71 0.69 0.68 0.65 0.61 0.56 0.47 0.45 0.58 0.66 0.62 0.59 0.61 0.61 0.58 0.56 0.53 0.54 0.64 0.67 0.63 0.60 0.63 0.66 0.63 0.58 0.54 0.54 0.53 0.51 0.50 0.48 0.48 0.47 0.47 0.46 0.43 0.40 0.41 0.42 0.43 0.42 0.39 0.36 0.36 0.40 0.44 0.44 0.45 0.47 0.51 0.55 0.52 0.45 0.41 0.37 0.37 0.50 0.61 0.49 0.31 0.32 0.40 0.49 0.59
0.70 0.71 0.71 0.72 0.72 0.73 0.75 0.77 0.77 0.75 0.76 0.76 0.77 0.76 0.76 0.77 0.76 0.74 0.73 0.72 0.71 0.69 0.66 0.62 0.56 0.48 0.51 0.64 0.68 0.62 0.61 0.66 0.64 0.61 0.60 0.59 0.61 0.69 0.75 0.71 0.67 0.72 0.70 0.66 0.63 0.59 0.57 0.55 0.55 0.55 0.55 0.55 0.54 0.53 0.49 0.44 0.44 0.46 0.47 0.45 0.44 0.43 0.41 0.38 0.38 0.41 0.42 0.44 0.47 0.51 0.56 0.56 0.50 0.44 0.37 0.34 0.42 0.62 0.62 0.43 0.31 0.31 0.41 0.53
0.71 0.71 0.72 0.73 0.74 0.75 0.77 0.78 0.77 0.76 0.77 0.78 0.79 0.79 0.79 0.78 0.77 0.76 0.74 0.74 0.73 0.70 0.67 0.63 0.57 0.53 0.60 0.69 0.68 0.61 0.65 0.70 0.68 0.70 0.76 0.75 0.72 0.79 0.86 0.82 0.80 0.80 0.75 0.71 0.66 0.61 0.59 0.60 0.64 0.66 0.64 0.62 0.60 0.56 0.52 0.49 0.47 0.46 0.45 0.43 0.39 0.39 0.42 0.41 0.39 0.39 0.40 0.43 0.48 0.51 0.53 0.54 0.53 0.48 0.40 0.36 0.42 0.59 0.69 0.57 0.37 0.27 0.35 0.49
0.72 0.72 0.72 0.73 0.76 0.78 0.78 0.78 0.78 0.78 0.78 0.80 0.80 0.81 0.81 0.79 0.79 0.77 0.76 0.75 0.74 0.71 0.68 0.64 0.60 0.60 0.65 0.68 0.62 0.57 0.62 0.71 0.77 0.88 0.94 0.85 0.80 0.86 0.93 0.88 0.84 0.81 0.74 0.70 0.66 0.62 0.63 0.66 0.68 0.64 0.61 0.60 0.57 0.53 0.51 0.48 0.44 0.41 0.41 0.40 0.36 0.34 0.37 0.40 0.39 0.36 0.35 0.39 0.48 0.52 0.49 0.48 0.49 0.47 0.42 0.41 0.45 0.58 0.73 0.70 0.48 0.30 0.32 0.45
0.74 0.73 0.72 0.74 0.79 0.81 0.78 0.78 0.80 0.80 0.80 0.82 0.82 0.83 0.83 0.81 0.80 0.79 0.77 0.76 0.75 0.73 0.70 0.67 0.65 0.66 0.66 0.64 0.57 0.52 0.61 0.77 0.91 1.01 0.96 0.79 0.78 0.91 0.96 0.86 0.78 0.70 0.62 0.60 0.58 0.57 0.60 0.62 0.57 0.47 0.45 0.45 0.43 0.43 0.44 0.44 0.43 0.41 0.38 0.36 0.36 0.35 0.37 0.41 0.41 0.36 0.33 0.37 0.49 0.55 0.48 0.44 0.45 0.43 0.41 0.42 0.46 0.57 0.74 0.79 0.62 0.39 0.35 0.43
0.75 0.73 0.72 0.75 0.82 0.82 0.78 0.80 0.81 0.82 0.82 0.83 0.84 0.85 0.85 0.83 0.81 0.80 0.79 0.77 0.77 0.75 0.72 0.70 0.70 0.69 0.68 0.65 0.57 0.59 0.77 0.94 0.99 1.01 0.90 0.72 0.76 0.92 0.89 0.73 0.65 0.58 0.54 0.54 0.52 0.51 0.55 0.53 0.44 0.39 0.37 0.36 0.36 0.37 0.39 0.42 0.45 0.46 0.42 0.38 0.35 0.34 0.38 0.45 0.47 0.40 0.33 0.36 0.50 0.59 0.52 0.47 0.46 0.42 0.40 0.41 0.45 0.55 0.72 0.84 0.72 0.52 0.45 0.45
0.75 0.74 0.73 0.78 0.85 0.83 0.80 0.81 0.83 0.84 0.83 0.85 0.86 0.86 0.86 0.84 0.82 0.82 0.81 0.80 0.79 0.78 0.74 0.73 0.75 0.72 0.70 0.65 0.62 0.71 0.87 0.98 0.95 0.95 0.92 0.78 0.79 0.87 0.78 0.63 0.59 0.54 0.51 0.51 0.48 0.48 0.49 0.44 0.38 0.37 0.37 0.35 0.33 0.32 0.34 0.38 0.41 0.44 0.46 0.45 0.40 0.37 0.40 0.47 0.53 0.49 0.36 0.32 0.44 0.59 0.58 0.53 0.51 0.45 0.41 0.40 0.42 0.51 0.68 0.85 0.83 0.68 0.60 0.54
0.74 0.74 0.76 0.82 0.86 0.84 0.81 0.82 0.85 0.86 0.86 0.87 0.88 0.88 0.87 0.85 0.84 0.84 0.83 0.82 0.81 0.79 0.77 0.78 0.77 0.74 0.70 0.65 0.63 0.71 0.86 0.93 0.91 0.95 1.00 0.89 0.80 0.79 0.70 0.60 0.56 0.50 0.46 0.45 0.43 0.45 0.43 0.38 0.37 0.37 0.35 0.32 0.30 0.29 0.29 0.32 0.35 0.36 0.39 0.46 0.47 0.42 0.40 0.44 0.54 0.57 0.46 0.34 0.38 0.51 0.56 0.56 0.54 0.47 0.42 0.38 0.38 0.43 0.56 0.77 0.88 0.84 0.77 0.70
0.75 0.75 0.79 0.86 0.88 0.84 0.82 0.84 0.87 0.88 0.88 0.89 0.89 0.89 0.88 0.87 0.87 0.86 0.85 0.83 0.82 0.81 0.80 0.80 0.77 0.74 0.69 0.65 0.63 0.71 0.88 0.95 0.97 1.05 1.05 0.87 0.72 0.68 0.61 0.53 0.48 0.43 0.42 0.42 0.43 0.45 0.42 0.39 0.41 0.39 0.36 0.34 0.33 0.33 0.34 0.36 0.35 0.33 0.33 0.39 0.44 0.41 0.37 0.39 0.50 0.61 0.58 0.47 0.40 0.43 0.47 0.53 0.54 0.48 0.42 0.37 0.36 0.39 0.45 0.57 0.74 0.84 0.88 0.88
0.76 0.78 0.83 0.88 0.88 0.85 0.85 0.86 0.89 0.90 0.90 0.90 0.90 0.90 0.90 0.89 0.89 0.88 0.86 0.85 0.84 0.83 0.82 0.80 0.78 0.75 0.71 0.65 0.64 0.80 0.98 1.03 1.07 1.08 0.97 0.77 0.61 0.54 0.49 0.44 0.41 0.41 0.43 0.45 0.47 0.49 0.46 0.45 0.44 0.40 0.39 0.40 0.40 0.41 0.42 0.42 0.40 0.37 0.36 0.39 0.43 0.41 0.36 0.35 0.42 0.56 0.63 0.59 0.50 0.44 0.42 0.48 0.50 0.46 0.42 0.39 0.37 0.41 0.47 0.49 0.54 0.67 0.84 0.97
0.79 0.81 0.86 0.89 0.88 0.87 0.88 0.89 0.90 0.93 0.93 0.92 0.91 0.91 0.92 0.91 0.90 0.89 0.88 0.87 0.86 0.85 0.83 0.82 0.80 0.77 0.73 0.67 0.74 0.99 1.08 1.06 1.05 0.97 0.87 0.70 0.51 0.41 0.41 0.43 0.43 0.46 0.49 0.50 0.52 0.53 0.50 0.49 0.46 0.43 0.44 0.46 0.46 0.45 0.44 0.44 0.44 0.44 0.44 0.45 0.47 0.45 0.39 0.35 0.36 0.45 0.59 0.62 0.56 0.49 0.46 0.49 0.49 0.45 0.43 0.42 0.38 0.41 0.54 0.57 0.48 0.53 0.71 0.91
