windninja/windninja_output/Output_2025-10-23_2100-2150_Google earth_Fire_150m_10min/merlingen_7.5mi_point_10-23-2025_2140_150m_vel.asc
ncols	158
nrows	163
xllcorner	391686.332397
yllcorner	5160024.123721
cellsize	150.000000
NODATA_value	-32768.000000
[rows 0 to 37 of 163, columns 0 to 83 of 158]
0.78 0.78 0.78 0.78 0.81 0.83 0.80 0.81 0.87 0.88 0.88 0.91 1.01 1.12 1.12 1.02 0.87 0.76 0.75 0.74 0.67 0.74 0.94 1.03 0.99 0.90 0.85 0.87 0.94 0.96 0.94 0.92 0.89 0.85 0.86 0.85 0.78 0.72 0.69 0.69 0.73 0.76 0.75 0.73 0.72 0.72 0.69 0.70 0.81 0.95 1.03 1.08 1.12 1.13 1.11 1.06 1.00 0.97 0.98 1.01 1.04 1.04 1.02 1.03 1.05 1.06 1.07 1.08 1.11 1.14 1.15 1.13 1.09 1.07 1.11 1.14 1.11 1.07 1.08 1.12 1.12 1.06 1.04 1.05
0.78 0.79 0.78 0.77 0.80 0.82 0.80 0.80 0.83 0.84 0.83 0.85 0.94 1.07 1.15 1.11 0.99 0.87 0.84 0.83 0.73 0.71 0.84 0.98 1.02 0.97 0.90 0.88 0.90 0.91 0.91 0.90 0.89 0.87 0.85 0.86 0.84 0.81 0.79 0.78 0.79 0.80 0.82 0.82 0.83 0.84 0.85 0.85 0.87 0.90 0.94 0.97 0.98 0.98 0.97 0.97 0.98 0.99 1.01 1.01 1.00 1.00 1.02 1.04 1.05 1.05 1.06 1.08 1.11 1.13 1.13 1.11 1.10 1.12 1.15 1.13 1.09 1.10 1.15 1.16 1.09 1.04 1.05 1.04
0.75 0.80 0.79 0.76 0.79 0.79 0.78 0.81 0.82 0.80 0.76 0.76 0.82 0.96 1.12 1.21 1.14 1.03 0.98 0.94 0.84 0.72 0.70 0.85 1.01 1.04 0.97 0.89 0.87 0.87 0.87 0.86 0.86 0.87 0.86 0.88 0.91 0.92 0.91 0.89 0.87 0.87 0.89 0.91 0.94 0.96 1.00 1.01 0.97 0.91 0.89 0.90 0.88 0.86 0.88 0.93 0.98 1.01 1.02 1.02 1.01 1.02 1.04 1.05 1.04 1.04 1.04 1.07 1.11 1.11 1.08 1.07 1.10 1.15 1.15 1.11 1.09 1.16 1.20 1.15 1.05 1.03 1.06 1.03
0.71 0.79 0.82 0.78 0.80 0.76 0.76 0.83 0.84 0.81 0.76 0.72 0.77 0.87 1.01 1.17 1.16 1.08 1.05 1.00 0.90 0.78 0.69 0.73 0.92 1.04 1.04 0.99 0.95 0.95 0.94 0.91 0.87 0.85 0.87 0.88 0.89 0.90 0.89 0.89 0.91 0.93 0.94 0.96 0.98 1.00 1.01 1.02 1.03 1.02 0.99 0.96 0.94 0.94 0.95 0.95 0.96 0.96 0.97 0.99 1.02 1.02 1.02 1.01 1.01 1.02 1.03 1.06 1.08 1.07 1.04 1.05 1.08 1.08 1.06 1.06 1.10 1.16 1.15 1.07 1.02 1.04 1.07 1.05
0.65 0.75 0.83 0.82 0.82 0.77 0.75 0.80 0.81 0.78 0.73 0.69 0.72 0.82 0.96 1.11 1.15 1.08 1.03 1.02 0.95 0.82 0.69 0.67 0.81 0.96 1.06 1.09 1.08 1.07 1.07 1.06 1.01 0.95 0.90 0.89 0.89 0.89 0.91 0.93 0.95 0.97 1.00 1.01 1.02 1.01 0.99 0.98 0.99 1.00 0.97 0.93 0.92 0.93 0.93 0.92 0.91 0.92 0.93 0.95 0.96 0.97 0.97 0.97 0.98 1.00 1.01 1.03 1.04 1.01 0.98 1.00 1.02 1.03 1.01 1.00 1.02 1.06 1.07 1.01 0.96 0.99 1.06 1.09
0.65 0.70 0.77 0.82 0.83 0.79 0.77 0.78 0.76 0.71 0.68 0.64 0.64 0.75 0.93 1.05 1.12 1.10 1.02 1.00 0.97 0.85 0.68 0.59 0.66 0.80 0.91 1.01 1.05 1.07 1.10 1.13 1.13 1.09 1.03 0.97 0.96 0.98 0.99 0.99 0.99 0.98 0.97 0.97 0.96 0.94 0.93 0.92 0.91 0.90 0.90 0.89 0.87 0.86 0.86 0.88 0.89 0.91 0.93 0.93 0.94 0.95 0.95 0.96 0.97 0.98 0.99 1.01 1.03 0.99 0.95 0.97 1.01 1.03 1.01 1.01 1.03 1.05 1.01 0.91 0.88 0.95 1.06 1.11
0.70 0.70 0.71 0.76 0.81 0.81 0.80 0.79 0.72 0.67 0.64 0.61 0.59 0.68 0.90 1.00 1.07 1.12 1.08 1.03 1.01 0.93 0.73 0.55 0.55 0.64 0.74 0.83 0.91 0.97 1.02 1.06 1.09 1.12 1.11 1.08 1.06 1.04 1.02 1.00 0.97 0.94 0.90 0.86 0.84 0.84 0.85 0.85 0.85 0.85 0.85 0.86 0.87 0.85 0.84 0.85 0.87 0.89 0.90 0.93 0.96 0.99 0.99 0.98 0.97 0.97 0.98 1.00 1.01 0.99 1.00 1.05 1.09 1.07 1.05 1.07 1.09 1.08 0.96 0.85 0.92 1.06 1.11 1.11
0.74 0.74 0.72 0.71 0.76 0.79 0.81 0.79 0.71 0.65 0.61 0.57 0.55 0.66 0.88 0.99 1.00 1.08 1.11 1.07 1.06 1.03 0.86 0.63 0.50 0.54 0.65 0.73 0.79 0.84 0.89 0.94 0.97 1.00 1.03 1.03 1.01 0.98 0.96 0.93 0.89 0.85 0.82 0.80 0.77 0.77 0.78 0.78 0.78 0.79 0.80 0.82 0.84 0.85 0.85 0.85 0.87 0.89 0.92 0.96 1.00 1.01 1.01 1.00 0.98 0.97 0.97 1.00 1.00 0.99 1.03 1.09 1.10 1.06 1.03 1.02 1.03 0.98 0.86 0.84 1.00 1.12 1.13 1.13
0.76 0.78 0.77 0.74 0.74 0.76 0.78 0.77 0.71 0.64 0.59 0.53 0.50 0.61 0.85 0.98 0.98 1.01 1.07 1.08 1.08 1.07 0.97 0.79 0.60 0.53 0.60 0.69 0.71 0.75 0.80 0.83 0.87 0.91 0.92 0.90 0.88 0.86 0.85 0.83 0.80 0.77 0.75 0.74 0.74 0.73 0.73 0.73 0.73 0.74 0.77 0.77 0.77 0.79 0.83 0.86 0.89 0.92 0.94 0.94 0.91 0.88 0.89 0.92 0.92 0.94 0.98 1.02 1.01 0.98 0.98 0.99 0.95 0.94 0.94 0.94 0.95 0.88 0.79 0.85 1.04 1.15 1.18 1.22
0.77 0.79 0.81 0.78 0.75 0.75 0.76 0.75 0.70 0.65 0.60 0.53 0.47 0.53 0.76 0.94 0.98 0.98 1.01 1.07 1.10 1.09 1.04 0.91 0.76 0.61 0.58 0.67 0.70 0.72 0.78 0.79 0.80 0.85 0.87 0.86 0.83 0.80 0.80 0.78 0.76 0.75 0.73 0.72 0.71 0.69 0.69 0.69 0.69 0.69 0.71 0.72 0.72 0.75 0.80 0.83 0.84 0.84 0.81 0.76 0.72 0.72 0.71 0.72 0.78 0.89 0.96 0.99 0.95 0.90 0.88 0.88 0.87 0.87 0.87 0.86 0.85 0.82 0.85 1.02 1.18 1.25 1.24 1.27
0.79 0.80 0.83 0.81 0.77 0.76 0.76 0.75 0.71 0.66 0.62 0.56 0.48 0.48 0.65 0.86 0.95 0.97 0.94 0.99 1.08 1.10 1.09 0.99 0.86 0.74 0.65 0.67 0.71 0.71 0.75 0.76 0.74 0.77 0.81 0.83 0.81 0.79 0.78 0.78 0.78 0.76 0.73 0.70 0.68 0.65 0.63 0.63 0.62 0.59 0.59 0.62 0.65 0.67 0.68 0.68 0.64 0.60 0.56 0.55 0.56 0.57 0.55 0.59 0.70 0.80 0.85 0.84 0.78 0.76 0.81 0.87 0.89 0.87 0.82 0.78 0.79 0.86 1.00 1.22 1.32 1.33 1.29 1.29
0.81 0.82 0.83 0.82 0.78 0.77 0.76 0.76 0.72 0.68 0.65 0.59 0.52 0.48 0.60 0.79 0.90 0.94 0.92 0.91 0.97 1.04 1.07 1.02 0.92 0.82 0.72 0.68 0.69 0.69 0.71 0.73 0.71 0.72 0.75 0.78 0.78 0.77 0.77 0.76 0.76 0.75 0.73 0.71 0.69 0.65 0.59 0.54 0.51 0.47 0.44 0.44 0.43 0.44 0.43 0.43 0.42 0.40 0.37 0.36 0.36 0.37 0.40 0.51 0.62 0.67 0.69 0.65 0.62 0.71 0.85 0.90 0.90 0.88 0.88 0.93 1.02 1.14 1.27 1.36 1.37 1.36 1.38 1.48
0.84 0.84 0.84 0.82 0.80 0.79 0.77 0.76 0.73 0.70 0.67 0.62 0.56 0.51 0.58 0.75 0.84 0.87 0.91 0.91 0.91 0.95 0.99 0.99 0.93 0.83 0.74 0.69 0.68 0.68 0.70 0.72 0.72 0.71 0.73 0.75 0.74 0.73 0.73 0.73 0.73 0.73 0.73 0.72 0.70 0.67 0.61 0.52 0.45 0.39 0.34 0.30 0.27 0.25 0.24 0.25 0.27 0.28 0.25 0.21 0.22 0.26 0.33 0.44 0.51 0.54 0.54 0.54 0.62 0.78 0.85 0.86 0.90 0.96 1.08 1.21 1.31 1.40 1.46 1.44 1.40 1.43 1.51 1.65
0.86 0.86 0.85 0.83 0.81 0.81 0.79 0.77 0.75 0.72 0.69 0.65 0.58 0.55 0.63 0.78 0.83 0.78 0.83 0.89 0.89 0.89 0.93 0.94 0.90 0.84 0.77 0.73 0.72 0.71 0.71 0.71 0.71 0.71 0.71 0.75 0.75 0.73 0.71 0.70 0.70 0.68 0.64 0.60 0.58 0.56 0.55 0.54 0.51 0.43 0.35 0.30 0.26 0.22 0.19 0.18 0.18 0.19 0.20 0.22 0.27 0.34 0.42 0.47 0.48 0.48 0.49 0.56 0.68 0.77 0.79 0.84 0.97 1.08 1.15 1.18 1.23 1.30 1.29 1.27 1.36 1.47 1.54 1.60
0.89 0.88 0.86 0.84 0.82 0.81 0.80 0.78 0.77 0.74 0.71 0.67 0.60 0.56 0.67 0.84 0.89 0.79 0.75 0.84 0.87 0.86 0.89 0.91 0.89 0.85 0.79 0.77 0.76 0.74 0.76 0.74 0.71 0.70 0.70 0.74 0.77 0.75 0.71 0.65 0.62 0.60 0.56 0.51 0.48 0.47 0.45 0.48 0.55 0.57 0.49 0.40 0.36 0.35 0.34 0.29 0.27 0.26 0.30 0.37 0.45 0.53 0.61 0.62 0.56 0.55 0.59 0.67 0.74 0.73 0.77 0.91 1.04 1.05 1.00 1.01 1.08 1.07 1.00 1.09 1.30 1.40 1.41 1.37
0.91 0.90 0.88 0.86 0.84 0.82 0.81 0.79 0.78 0.76 0.73 0.70 0.63 0.55 0.64 0.88 0.97 0.87 0.77 0.79 0.83 0.84 0.86 0.90 0.91 0.86 0.79 0.79 0.80 0.78 0.80 0.81 0.77 0.74 0.72 0.70 0.70 0.71 0.67 0.63 0.59 0.56 0.58 0.57 0.52 0.52 0.51 0.44 0.45 0.55 0.61 0.58 0.56 0.59 0.60 0.59 0.52 0.46 0.46 0.52 0.60 0.68 0.72 0.68 0.66 0.71 0.76 0.80 0.83 0.79 0.80 0.92 0.96 0.89 0.88 0.96 0.96 0.90 0.96 1.20 1.32 1.25 1.19 1.12
0.93 0.92 0.90 0.88 0.85 0.84 0.82 0.81 0.80 0.78 0.75 0.72 0.67 0.58 0.60 0.83 0.97 0.94 0.86 0.82 0.82 0.82 0.83 0.87 0.91 0.89 0.81 0.78 0.82 0.82 0.82 0.82 0.79 0.77 0.74 0.69 0.67 0.67 0.66 0.66 0.65 0.62 0.65 0.67 0.63 0.60 0.60 0.56 0.48 0.50 0.60 0.67 0.68 0.68 0.67 0.66 0.64 0.61 0.60 0.65 0.71 0.73 0.72 0.68 0.70 0.77 0.82 0.88 0.91 0.87 0.84 0.86 0.86 0.86 0.91 0.92 0.88 0.95 1.18 1.31 1.19 1.02 0.97 0.89
0.95 0.94 0.92 0.89 0.87 0.85 0.84 0.82 0.81 0.80 0.78 0.74 0.71 0.64 0.63 0.77 0.92 0.93 0.89 0.86 0.84 0.81 0.81 0.84 0.88 0.89 0.84 0.77 0.77 0.81 0.83 0.81 0.79 0.80 0.81 0.78 0.74 0.72 0.72 0.72 0.71 0.69 0.66 0.66 0.65 0.62 0.60 0.62 0.62 0.59 0.58 0.61 0.63 0.62 0.61 0.61 0.65 0.69 0.71 0.74 0.75 0.75 0.72 0.70 0.74 0.81 0.88 0.92 0.88 0.85 0.88 0.89 0.92 0.94 0.90 0.88 0.93 1.08 1.19 1.07 0.86 0.81 0.77 0.68
0.96 0.95 0.93 0.91 0.89 0.87 0.85 0.85 0.83 0.81 0.80 0.78 0.75 0.71 0.69 0.76 0.87 0.90 0.88 0.87 0.85 0.82 0.80 0.82 0.85 0.86 0.84 0.79 0.76 0.77 0.81 0.81 0.81 0.84 0.87 0.87 0.83 0.76 0.72 0.72 0.71 0.68 0.67 0.65 0.64 0.63 0.59 0.58 0.61 0.61 0.57 0.54 0.54 0.57 0.60 0.63 0.67 0.70 0.72 0.74 0.75 0.73 0.71 0.73 0.78 0.85 0.89 0.86 0.82 0.89 0.98 0.99 1.00 0.96 0.85 0.83 0.86 0.88 0.86 0.74 0.69 0.71 0.65 0.61
0.98 0.97 0.95 0.93 0.91 0.89 0.88 0.87 0.85 0.82 0.82 0.82 0.79 0.76 0.75 0.78 0.84 0.87 0.87 0.88 0.86 0.84 0.82 0.83 0.85 0.86 0.86 0.83 0.80 0.79 0.80 0.82 0.83 0.84 0.86 0.87 0.85 0.78 0.72 0.73 0.73 0.72 0.72 0.70 0.67 0.66 0.64 0.58 0.55 0.56 0.55 0.52 0.51 0.54 0.61 0.66 0.69 0.69 0.70 0.70 0.67 0.64 0.65 0.69 0.75 0.81 0.83 0.83 0.92 1.06 1.09 1.02 0.99 0.95 0.89 0.82 0.71 0.66 0.69 0.69 0.72 0.75 0.73 0.70
1.01 0.99 0.96 0.94 0.92 0.91 0.90 0.89 0.87 0.83 0.83 0.85 0.82 0.80 0.80 0.82 0.85 0.86 0.87 0.88 0.87 0.86 0.85 0.85 0.86 0.88 0.87 0.86 0.84 0.82 0.81 0.82 0.86 0.89 0.91 0.92 0.91 0.84 0.78 0.79 0.78 0.76 0.74 0.72 0.69 0.66 0.64 0.60 0.56 0.56 0.56 0.54 0.53 0.53 0.56 0.59 0.62 0.66 0.68 0.66 0.62 0.62 0.65 0.70 0.75 0.82 0.87 0.96 1.09 1.14 1.03 0.91 0.87 0.89 0.89 0.81 0.73 0.72 0.75 0.79 0.85 0.86 0.83 0.77
1.03 1.01 0.98 0.95 0.94 0.92 0.92 0.91 0.89 0.86 0.85 0.86 0.85 0.83 0.83 0.84 0.85 0.87 0.89 0.89 0.88 0.87 0.87 0.87 0.87 0.89 0.90 0.88 0.86 0.84 0.81 0.81 0.87 0.94 0.95 0.96 0.98 0.92 0.83 0.81 0.81 0.79 0.77 0.74 0.70 0.66 0.62 0.60 0.58 0.57 0.57 0.57 0.56 0.53 0.51 0.52 0.55 0.60 0.63 0.63 0.61 0.63 0.69 0.73 0.80 0.91 1.00 1.10 1.13 1.01 0.84 0.76 0.78 0.85 0.84 0.79 0.79 0.82 0.85 0.91 0.94 0.87 0.82 0.80
1.05 1.03 1.00 0.97 0.96 0.94 0.93 0.92 0.91 0.89 0.87 0.88 0.88 0.86 0.85 0.86 0.86 0.88 0.90 0.90 0.90 0.88 0.89 0.88 0.88 0.90 0.91 0.91 0.89 0.86 0.82 0.79 0.86 0.94 0.93 0.92 0.94 0.93 0.86 0.80 0.79 0.80 0.79 0.77 0.73 0.68 0.65 0.63 0.61 0.59 0.58 0.57 0.56 0.54 0.53 0.53 0.55 0.58 0.59 0.60 0.61 0.65 0.72 0.80 0.95 1.08 1.14 1.14 1.02 0.83 0.72 0.70 0.77 0.88 0.89 0.85 0.81 0.85 0.93 0.97 0.94 0.85 0.86 0.85
1.06 1.04 1.02 1.00 0.98 0.95 0.94 0.93 0.93 0.93 0.89 0.88 0.90 0.90 0.88 0.87 0.88 0.89 0.92 0.91 0.91 0.90 0.91 0.90 0.89 0.92 0.93 0.93 0.92 0.88 0.81 0.75 0.81 0.90 0.93 0.92 0.90 0.88 0.86 0.81 0.77 0.78 0.79 0.79 0.76 0.71 0.68 0.66 0.61 0.58 0.57 0.56 0.55 0.55 0.56 0.55 0.55 0.56 0.56 0.59 0.61 0.66 0.75 0.93 1.10 1.13 1.08 0.97 0.79 0.66 0.62 0.66 0.81 0.97 0.96 0.84 0.78 0.85 0.92 0.91 0.89 0.88 0.90 0.88
1.08 1.06 1.03 1.02 0.99 0.97 0.95 0.95 0.96 0.95 0.92 0.89 0.90 0.92 0.91 0.90 0.90 0.91 0.92 0.92 0.91 0.92 0.92 0.90 0.90 0.93 0.95 0.97 0.97 0.90 0.80 0.74 0.76 0.85 0.92 0.94 0.93 0.89 0.84 0.79 0.75 0.75 0.78 0.81 0.80 0.75 0.70 0.68 0.63 0.58 0.56 0.55 0.56 0.56 0.57 0.57 0.58 0.56 0.55 0.55 0.59 0.68 0.87 1.05 1.07 0.94 0.81 0.65 0.53 0.49 0.53 0.70 0.97 1.05 0.90 0.72 0.71 0.81 0.85 0.84 0.88 0.93 0.94 0.91
1.10 1.08 1.05 1.03 1.01 0.98 0.96 0.97 0.99 0.97 0.94 0.92 0.91 0.92 0.92 0.92 0.92 0.93 0.93 0.93 0.92 0.92 0.92 0.91 0.91 0.93 0.98 1.04 1.07 0.97 0.83 0.77 0.75 0.79 0.89 0.95 0.97 0.96 0.87 0.78 0.74 0.73 0.75 0.78 0.78 0.75 0.72 0.68 0.64 0.60 0.57 0.55 0.53 0.52 0.55 0.58 0.59 0.55 0.51 0.50 0.59 0.83 1.06 1.09 0.97 0.82 0.66 0.52 0.44 0.46 0.60 0.91 1.10 0.99 0.79 0.66 0.69 0.79 0.84 0.88 0.98 1.02 0.98 0.98
1.12 1.10 1.07 1.05 1.02 0.99 0.97 0.99 1.01 0.98 0.96 0.95 0.94 0.93 0.93 0.94 0.94 0.94 0.95 0.94 0.93 0.93 0.92 0.91 0.91 0.91 0.98 1.12 1.18 1.09 0.93 0.83 0.77 0.72 0.77 0.87 0.95 1.02 0.94 0.79 0.74 0.72 0.71 0.74 0.75 0.74 0.76 0.74 0.69 0.65 0.63 0.59 0.54 0.53 0.56 0.60 0.59 0.55 0.53 0.57 0.76 1.01 1.07 0.94 0.80 0.70 0.59 0.50 0.47 0.58 0.87 1.10 1.07 0.89 0.73 0.66 0.71 0.84 0.91 0.96 1.03 1.02 0.98 1.05
1.13 1.12 1.09 1.06 1.04 1.00 1.00 1.02 1.01 0.99 0.98 0.98 0.97 0.95 0.94 0.96 0.96 0.95 0.96 0.96 0.95 0.93 0.92 0.90 0.89 0.87 0.94 1.14 1.26 1.20 1.10 0.98 0.85 0.74 0.69 0.72 0.84 1.02 1.01 0.83 0.73 0.73 0.71 0.72 0.75 0.75 0.79 0.82 0.77 0.69 0.67 0.68 0.66 0.64 0.63 0.62 0.61 0.62 0.68 0.79 0.93 1.02 0.90 0.71 0.60 0.54 0.49 0.48 0.55 0.77 1.05 1.10 0.96 0.81 0.67 0.63 0.73 0.92 1.00 1.00 1.00 0.97 0.98 1.09
1.13 1.13 1.11 1.08 1.05 1.02 1.02 1.04 1.02 1.00 1.00 1.00 1.00 0.98 0.97 0.97 0.98 0.97 0.96 0.97 0.96 0.94 0.92 0.89 0.86 0.83 0.90 1.10 1.26 1.30 1.30 1.21 1.00 0.85 0.75 0.66 0.75 0.95 1.03 0.89 0.79 0.78 0.76 0.75 0.76 0.77 0.79 0.84 0.85 0.77 0.73 0.77 0.77 0.74 0.69 0.65 0.67 0.73 0.78 0.88 0.98 0.95 0.79 0.62 0.54 0.50 0.48 0.51 0.69 0.96 1.12 1.07 0.91 0.74 0.61 0.60 0.71 0.91 0.97 0.96 0.97 0.95 0.98 1.08
1.15 1.14 1.12 1.09 1.07 1.05 1.04 1.04 1.03 1.01 1.01 1.02 1.02 1.01 1.00 0.99 0.99 0.98 0.97 0.97 0.96 0.95 0.92 0.88 0.83 0.78 0.83 1.00 1.16 1.26 1.39 1.44 1.26 1.05 0.87 0.72 0.75 0.94 1.04 0.93 0.86 0.86 0.85 0.84 0.80 0.78 0.80 0.84 0.90 0.93 0.90 0.88 0.87 0.83 0.78 0.74 0.72 0.73 0.77 0.85 0.89 0.79 0.65 0.55 0.49 0.47 0.49 0.59 0.82 1.05 1.11 0.96 0.78 0.66 0.60 0.65 0.77 0.86 0.91 0.95 0.95 0.91 0.93 0.98
1.17 1.15 1.12 1.10 1.10 1.08 1.06 1.05 1.04 1.03 1.03 1.04 1.05 1.04 1.04 1.01 1.00 0.99 0.98 0.98 0.97 0.95 0.93 0.88 0.82 0.76 0.77 0.88 0.98 1.07 1.25 1.45 1.42 1.25 1.00 0.76 0.78 0.94 1.03 0.95 0.89 0.89 0.88 0.89 0.87 0.82 0.82 0.82 0.85 0.90 0.91 0.88 0.86 0.84 0.81 0.75 0.69 0.66 0.71 0.77 0.74 0.60 0.47 0.41 0.42 0.46 0.52 0.62 0.84 1.02 0.95 0.71 0.60 0.63 0.69 0.78 0.82 0.83 0.92 1.01 0.97 0.87 0.86 0.92
1.20 1.16 1.11 1.10 1.14 1.12 1.06 1.05 1.06 1.05 1.05 1.06 1.07 1.07 1.07 1.04 1.02 1.01 0.99 0.98 0.98 0.95 0.92 0.88 0.82 0.78 0.77 0.82 0.88 0.97 1.15 1.33 1.39 1.34 1.08 0.76 0.75 0.92 0.99 0.94 0.88 0.84 0.81 0.82 0.83 0.79 0.76 0.73 0.69 0.68 0.68 0.69 0.70 0.73 0.73 0.71 0.68 0.65 0.65 0.69 0.64 0.52 0.42 0.38 0.43 0.52 0.57 0.65 0.85 0.96 0.78 0.61 0.66 0.77 0.81 0.82 0.81 0.84 0.97 1.07 1.00 0.86 0.85 0.92
1.22 1.17 1.10 1.11 1.18 1.14 1.06 1.06 1.07 1.07 1.07 1.08 1.09 1.09 1.09 1.07 1.04 1.03 1.00 0.99 0.98 0.96 0.91 0.89 0.85 0.78 0.76 0.77 0.81 0.95 1.18 1.32 1.36 1.41 1.16 0.74 0.70 0.89 0.93 0.87 0.85 0.80 0.76 0.76 0.75 0.72 0.69 0.66 0.62 0.59 0.56 0.55 0.57 0.62 0.67 0.69 0.71 0.70 0.67 0.63 0.55 0.47 0.44 0.46 0.52 0.60 0.65 0.74 0.88 0.91 0.77 0.77 0.91 0.92 0.85 0.83 0.84 0.89 1.00 1.07 0.95 0.79 0.82 0.91
1.21 1.18 1.12 1.14 1.20 1.14 1.07 1.07 1.10 1.10 1.08 1.10 1.12 1.11 1.11 1.09 1.07 1.06 1.03 1.00 0.99 0.96 0.90 0.88 0.88 0.81 0.75 0.71 0.70 0.84 1.10 1.30 1.35 1.45 1.31 0.79 0.64 0.86 0.91 0.85 0.85 0.81 0.76 0.75 0.72 0.67 0.65 0.62 0.59 0.57 0.54 0.51 0.49 0.51 0.56 0.61 0.64 0.68 0.68 0.63 0.56 0.51 0.52 0.56 0.62 0.66 0.69 0.76 0.86 0.95 0.96 1.00 1.02 0.92 0.85 0.85 0.90 0.97 1.05 1.03 0.86 0.75 0.82 0.93
1.19 1.17 1.14 1.19 1.20 1.13 1.08 1.09 1.12 1.12 1.11 1.12 1.13 1.13 1.13 1.11 1.09 1.08 1.05 1.02 1.01 0.97 0.91 0.88 0.87 0.82 0.76 0.68 0.63 0.72 0.97 1.20 1.29 1.40 1.41 1.02 0.70 0.82 0.91 0.87 0.87 0.83 0.76 0.74 0.69 0.64 0.60 0.58 0.56 0.54 0.52 0.49 0.46 0.44 0.46 0.49 0.52 0.55 0.58 0.60 0.60 0.58 0.58 0.62 0.66 0.68 0.71 0.77 0.92 1.09 1.08 1.02 0.93 0.83 0.80 0.83 0.88 0.95 0.98 0.91 0.81 0.80 0.87 0.97
1.17 1.16 1.17 1.22 1.21 1.13 1.09 1.10 1.15 1.15 1.14 1.14 1.15 1.15 1.14 1.13 1.11 1.10 1.07 1.04 1.02 0.99 0.94 0.90 0.85 0.81 0.75 0.68 0.64 0.71 0.91 1.07 1.19 1.31 1.39 1.20 0.90 0.83 0.89 0.87 0.85 0.83 0.78 0.74 0.71 0.67 0.61 0.58 0.57 0.56 0.54 0.52 0.50 0.48 0.48 0.50 0.50 0.48 0.48 0.51 0.53 0.54 0.57 0.62 0.67 0.70 0.75 0.86 1.08 1.15 0.96 0.82 0.76 0.71 0.74 0.79 0.80 0.79 0.76 0.75 0.78 0.79 0.83 0.89
1.17 1.18 1.19 1.23 1.20 1.14 1.11 1.13 1.16 1.18 1.17 1.16 1.16 1.16 1.15 1.14 1.13 1.11 1.09 1.06 1.03 1.01 0.97 0.92 0.86 0.80 0.73 0.66 0.67 0.79 0.91 0.96 1.08 1.21 1.29 1.21 1.05 0.94 0.92 0.89 0.84 0.82 0.81 0.76 0.73 0.71 0.65 0.61 0.60 0.57 0.56 0.55 0.55 0.55 0.56 0.56 0.55 0.53 0.51 0.50 0.52 0.53 0.56 0.62 0.66 0.72 0.82 0.99 1.12 0.98 0.70 0.61 0.64 0.70 0.77 0.78 0.73 0.67 0.68 0.76 0.76 0.71 0.72 0.79
1.18 1.20 1.21 1.21 1.18 1.15 1.15 1.15 1.17 1.20 1.20 1.18 1.17 1.17 1.17 1.16 1.14 1.12 1.10 1.08 1.05 1.02 0.99 0.94 0.89 0.81 0.72 0.64 0.68 0.88 0.93 0.92 1.00 1.11 1.19 1.13 1.02 1.00 0.99 0.93 0.87 0.84 0.82 0.79 0.76 0.73 0.68 0.64 0.63 0.61 0.58 0.57 0.59 0.59 0.57 0.57 0.60 0.60 0.59 0.59 0.59 0.59 0.61 0.63 0.63 0.69 0.85 1.01 0.97 0.73 0.56 0.62 0.78 0.87 0.81 0.73 0.72 0.71 0.75 0.81 0.75 0.68 0.69 0.77
