windninja/windninja_output/Output_2025-10-23_2100-2150_Google earth_Fire_150m_10min/merlingen_7.5mi_point_10-23-2025_2110_150m_ang.asc
ncols	158
nrows	163
xllcorner	391686.332397
yllcorner	5160024.123721
cellsize	150.000000
NODATA_value	-32768.000000
[rows 42 to 83 of 163, columns 0 to 93 of 158]
251 251 251 251 251 252 252 252 252 252 252 253 253 253 253 253 253 254 254 255 256 256 256 257 258 260 262 265 268 270 268 266 265 261 255 249 248 253 256 254 252 251 250 252 256 255 251 249 250 256 261 262 260 259 260 257 252 250 251 251 249 248 250 249 250 257 262 262 262 258 251 252 258 261 269 270 260 230 234 246 249 252 257 263 268 267 259 255 261 269 272 267 262 264
251 251 251 251 251 252 252 252 252 252 252 252 253 253 253 253 253 254 254 255 255 256 256 257 258 259 261 263 266 268 267 265 263 262 260 258 259 260 258 256 254 253 254 257 256 250 248 249 254 260 264 261 255 252 254 254 250 248 249 252 254 258 260 257 256 260 265 265 258 247 243 249 253 257 264 262 243 216 227 246 252 258 265 271 270 260 247 249 257 265 269 268 267 269
252 251 251 252 252 252 252 252 252 252 252 252 252 252 253 253 253 254 254 254 255 255 256 257 257 258 260 262 264 265 265 265 264 264 265 268 270 267 262 258 256 257 260 259 252 246 248 253 259 264 263 257 249 246 247 248 247 246 250 255 258 263 266 267 269 268 267 265 256 246 245 249 249 251 254 248 227 210 226 248 259 268 273 272 263 248 244 250 256 262 267 270 273 272
252 252 252 253 252 252 252 252 252 252 252 252 252 252 252 253 253 254 254 254 254 255 255 256 257 258 260 261 262 263 264 264 265 265 268 274 275 271 266 263 261 261 261 256 247 245 251 259 265 265 260 252 246 242 243 245 246 249 256 260 262 264 269 274 276 274 269 263 256 252 253 253 251 250 246 238 218 209 231 252 266 273 273 264 252 245 248 252 255 259 265 272 277 273
253 253 253 253 252 252 253 253 252 252 252 252 252 252 252 253 253 253 254 254 254 255 255 256 257 258 259 259 261 262 264 264 265 267 270 273 275 274 271 268 267 265 261 253 245 250 258 264 265 261 254 248 242 241 243 245 248 255 263 267 267 268 273 277 276 272 267 261 255 256 258 256 253 249 242 232 217 215 239 258 267 269 265 257 251 250 253 255 255 257 264 273 276 271
253 253 253 252 252 253 254 254 253 253 252 252 252 252 252 253 253 253 254 254 254 254 255 256 257 258 258 259 260 261 263 264 265 268 271 272 274 276 275 273 271 267 261 251 248 256 265 266 261 254 248 243 239 241 243 246 253 261 269 273 273 272 273 274 273 269 264 259 254 255 257 256 253 248 240 230 222 227 247 259 263 263 260 257 255 255 258 258 257 259 265 270 272 267
254 254 253 251 251 254 255 255 254 254 253 253 252 252 253 253 253 253 254 254 254 254 255 256 257 257 258 258 259 260 261 263 265 267 270 273 274 275 276 276 274 270 262 254 255 262 266 263 256 248 242 238 241 245 246 251 260 267 272 274 274 272 270 270 270 267 263 258 255 255 255 254 252 246 238 231 229 236 249 257 260 261 261 259 257 258 259 259 262 265 265 264 264 263
255 254 252 250 252 254 255 256 256 255 254 253 253 253 253 253 253 253 254 254 254 255 255 255 256 257 257 258 259 260 261 262 264 265 268 272 274 274 276 276 275 271 267 263 264 266 264 259 252 242 235 238 245 248 252 258 266 272 273 270 269 268 266 267 268 267 263 259 256 254 254 252 249 243 236 233 234 240 248 254 258 260 261 261 260 260 260 263 266 266 261 258 257 258
256 255 252 250 252 254 254 255 256 256 254 253 253 253 253 253 253 253 253 254 254 255 255 255 256 256 257 257 258 259 260 261 263 264 267 270 273 274 275 275 273 272 271 271 271 268 263 255 248 239 237 245 251 253 257 264 271 272 269 264 262 262 264 266 268 266 262 258 256 254 253 251 246 241 238 238 239 242 247 253 257 259 260 261 262 264 265 267 266 262 258 254 252 252
257 256 252 251 253 254 252 253 255 256 255 254 253 253 253 253 253 253 253 254 254 254 255 255 256 256 256 257 258 259 260 261 262 263 266 269 272 274 274 274 273 273 275 275 273 268 260 250 243 242 246 255 258 260 265 271 272 267 260 257 257 259 264 268 268 265 261 256 254 253 252 249 245 242 243 244 244 245 248 253 255 256 259 262 265 267 268 267 264 260 255 252 249 248
258 257 254 254 256 255 252 252 254 255 255 254 254 253 254 254 254 253 254 254 254 255 255 255 256 256 256 257 258 259 259 260 261 263 264 267 270 272 274 274 274 274 276 277 274 267 258 246 242 246 253 257 259 263 270 273 269 261 254 253 255 260 266 268 267 263 258 254 252 251 250 248 245 244 246 247 248 249 253 255 253 253 257 263 267 269 269 266 263 259 254 250 247 248
256 256 255 256 257 255 252 252 253 254 255 255 254 254 254 254 254 254 254 254 255 255 255 256 256 256 256 257 258 258 259 260 261 262 264 265 267 270 273 275 276 275 276 277 274 266 257 248 250 254 256 257 259 264 270 271 265 256 251 252 256 263 267 268 265 261 255 250 249 250 249 246 243 244 247 249 249 253 258 259 254 254 256 259 263 268 270 268 262 257 253 252 249 250
254 254 256 258 257 255 252 251 251 252 255 256 256 255 255 254 254 254 254 254 255 255 255 256 256 256 256 257 257 258 259 260 261 262 263 264 266 268 271 275 277 276 274 274 274 268 261 258 261 260 256 258 262 265 268 267 260 252 251 254 258 264 268 267 263 258 251 245 246 248 246 242 242 245 249 250 250 254 260 262 259 259 258 256 256 261 266 267 262 256 254 255 257 259
254 254 255 258 259 257 255 253 251 251 254 256 257 257 256 255 255 255 255 254 254 255 255 256 256 256 256 257 257 258 259 259 260 261 262 263 265 266 269 272 276 276 273 272 274 274 271 270 269 263 258 261 264 266 267 263 254 250 253 257 262 266 267 265 261 255 248 244 246 245 240 238 244 249 251 250 251 257 261 263 264 263 260 256 254 254 255 257 258 257 259 262 267 273
255 255 254 255 258 259 258 256 253 252 252 254 257 258 257 256 256 256 256 255 255 255 255 256 256 256 256 257 257 258 258 259 260 261 262 263 264 265 267 269 272 273 273 273 275 279 281 279 275 267 263 264 264 267 266 260 250 251 257 262 267 268 266 261 257 251 247 245 246 243 237 241 247 250 251 251 254 259 262 263 264 263 261 258 256 253 248 246 249 255 263 272 284 291
256 256 254 252 253 255 257 258 257 255 252 251 253 257 258 258 257 256 256 256 256 256 255 256 256 256 257 257 257 258 258 259 260 260 261 262 263 264 266 267 269 270 272 273 275 279 283 284 281 276 270 267 266 268 266 258 250 255 262 267 269 268 264 259 253 247 244 242 241 239 241 247 250 251 252 253 257 261 263 262 261 260 260 258 256 253 249 246 247 255 270 287 299 300
256 255 255 253 252 252 254 256 259 259 254 249 249 253 258 260 259 258 257 256 256 256 256 256 256 256 257 257 257 258 258 259 259 260 261 261 262 263 264 266 267 268 270 272 275 277 281 285 287 286 280 272 270 270 265 258 254 261 267 269 268 265 262 257 251 245 240 237 234 239 247 250 251 253 254 256 260 263 261 258 256 255 256 255 253 252 251 252 257 269 284 294 299 298
255 255 254 254 254 253 254 255 259 261 258 252 250 251 254 258 260 260 258 257 257 257 257 257 256 256 257 257 257 258 258 259 259 260 260 261 262 263 264 265 266 267 269 270 273 275 277 282 288 293 293 282 275 271 265 258 258 267 270 270 268 265 260 255 250 244 239 231 231 244 250 252 254 256 257 259 263 263 259 255 252 252 252 250 249 250 253 260 273 287 292 292 292 290
255 255 254 254 254 255 255 256 258 259 259 256 253 251 251 253 258 260 260 259 258 257 257 257 256 257 257 257 258 258 258 259 259 260 260 261 261 262 263 264 265 266 267 269 271 272 275 279 284 293 300 292 280 272 265 259 262 270 272 270 268 264 260 255 250 245 239 227 235 249 253 255 258 260 260 261 263 260 255 252 251 251 250 249 248 251 259 272 285 292 292 288 284 277
255 255 255 254 254 255 256 257 258 258 259 258 257 254 250 249 252 257 260 261 260 259 258 257 256 257 257 258 258 258 258 259 259 260 260 261 261 262 263 263 264 265 266 268 269 271 273 276 281 289 298 296 285 275 267 263 267 272 272 270 267 265 261 257 252 247 238 228 243 254 256 259 262 263 262 263 260 255 251 250 250 250 250 250 252 258 270 283 290 291 290 284 275 260
256 256 256 255 255 255 255 257 257 258 259 260 260 258 253 250 250 252 256 260 261 260 259 257 257 257 258 258 258 258 259 259 259 259 260 260 261 261 262 263 264 265 266 267 268 270 272 275 278 284 292 295 288 280 272 268 271 272 271 270 268 266 263 259 253 247 236 233 250 257 259 261 264 265 263 262 257 253 250 249 249 249 249 253 258 268 281 291 291 289 284 274 259 248
257 257 257 257 257 257 257 257 257 257 258 260 261 260 257 253 250 250 252 255 259 260 260 258 257 257 258 259 259 259 259 259 259 259 260 260 261 261 262 262 263 264 265 266 267 269 271 273 276 280 286 292 289 283 278 273 272 272 271 270 269 267 262 257 254 249 241 247 257 259 260 263 265 265 263 259 255 253 250 248 247 248 250 258 266 277 288 293 290 283 271 260 249 240
258 258 258 259 259 260 259 258 258 257 257 260 262 261 260 258 254 250 249 251 255 258 260 260 259 258 258 259 259 259 259 259 259 260 260 260 261 261 262 262 263 264 264 265 267 268 270 271 274 277 282 288 288 285 285 279 273 271 272 272 271 264 256 254 257 256 255 261 263 262 262 264 266 265 262 258 256 253 248 245 245 248 255 264 275 285 288 289 284 271 258 250 241 234
256 256 257 258 259 260 260 259 259 259 259 260 262 262 261 260 258 253 250 249 251 253 257 259 260 260 259 259 259 259 260 259 260 260 260 260 261 261 261 262 262 263 264 265 266 267 268 270 272 275 278 283 286 286 288 287 278 272 271 271 267 256 252 256 260 262 265 267 266 265 265 265 266 264 262 260 258 253 245 243 247 254 265 274 282 286 285 281 272 257 248 240 232 229
252 251 253 256 258 259 258 256 257 258 260 260 260 262 262 260 260 258 254 251 249 249 252 256 259 260 260 259 259 259 260 260 260 260 260 260 261 261 261 262 262 263 263 264 265 266 267 269 271 273 275 279 282 284 287 291 285 276 270 266 260 254 258 262 262 263 265 266 266 267 267 267 266 264 263 263 260 253 244 245 255 266 277 285 284 282 279 271 256 246 237 230 226 222
243 244 246 249 254 258 256 253 254 257 260 260 258 259 262 261 259 259 258 255 251 247 248 251 254 258 260 260 261 261 260 260 260 260 260 261 261 261 261 262 262 263 263 264 265 266 267 268 269 271 273 275 278 280 284 288 287 281 273 266 262 265 270 268 265 263 261 263 266 269 269 269 267 265 264 262 260 253 247 256 267 276 283 285 282 275 268 256 246 238 229 222 220 217
238 243 244 243 246 249 248 245 250 255 258 257 256 256 257 258 259 260 260 259 255 251 249 249 249 251 254 259 262 263 262 262 261 261 261 261 261 261 261 262 262 262 263 263 264 265 266 267 268 270 271 273 275 277 279 282 283 282 277 271 271 278 279 276 270 265 261 262 266 268 269 269 268 267 265 263 261 257 258 268 276 280 278 276 277 271 259 245 238 230 223 216 216 217
249 255 254 250 249 247 241 238 245 250 251 248 248 249 249 251 254 258 260 259 257 256 254 252 248 245 249 256 261 263 264 264 263 262 262 261 261 261 261 262 262 262 263 263 264 264 265 266 267 268 270 271 272 274 275 277 278 279 278 276 277 282 284 281 276 271 267 267 267 267 266 268 270 268 266 265 264 265 271 276 278 277 270 269 276 270 254 240 232 223 216 213 215 220
258 264 270 269 264 256 248 247 252 253 249 244 243 243 243 245 247 251 255 257 258 257 257 256 250 243 247 253 257 260 263 265 265 264 263 262 262 262 262 262 262 262 262 263 263 264 265 265 266 267 268 269 271 272 273 274 275 275 276 276 277 281 283 282 280 279 277 275 272 269 268 270 270 268 265 264 267 272 278 279 275 270 267 272 276 268 248 235 225 218 213 213 218 222
258 263 271 275 273 268 265 266 268 262 255 252 251 249 247 246 246 248 249 252 255 257 258 257 251 246 248 250 252 254 258 262 265 265 264 263 263 262 262 262 262 262 262 263 263 264 264 265 266 266 267 268 269 270 271 272 272 273 273 274 276 277 279 280 282 283 284 282 279 277 277 275 271 266 264 265 269 274 278 275 271 268 272 278 273 259 239 227 219 215 214 217 222 226
260 263 269 271 272 271 271 275 275 268 261 260 260 258 256 254 253 252 250 249 250 253 255 255 253 251 252 251 249 250 253 256 260 264 266 265 264 263 262 262 262 262 262 262 263 263 264 264 265 266 266 267 268 269 269 270 271 271 272 273 274 275 276 277 279 281 283 283 284 286 287 282 274 267 267 269 271 274 274 271 271 275 281 280 269 246 228 220 218 218 219 224 229 235
261 265 269 271 272 272 273 274 274 269 263 262 262 261 260 259 258 258 256 253 251 252 252 253 252 253 254 253 250 250 251 252 255 260 264 265 264 264 263 262 262 262 262 262 263 263 264 264 265 265 266 266 267 268 268 269 270 270 271 271 272 273 274 275 276 278 279 281 284 287 289 287 280 275 275 276 276 275 274 273 277 284 285 277 259 235 220 217 221 224 225 232 239 256
263 266 271 274 274 274 274 274 272 270 267 265 263 262 261 261 260 260 259 258 257 255 254 253 252 253 254 254 252 251 250 251 253 256 259 262 263 264 264 263 262 262 262 262 263 263 263 264 264 265 265 266 267 267 268 268 269 269 270 270 271 272 273 274 275 276 277 279 281 284 286 286 286 287 287 285 284 280 278 281 286 288 283 269 244 224 217 220 227 229 235 241 257 288
263 266 271 276 278 277 278 276 273 272 270 268 266 264 264 263 262 261 260 260 259 258 257 256 255 254 255 255 254 252 251 251 253 254 256 258 261 263 264 263 263 262 262 262 262 263 263 264 264 265 265 266 266 266 267 267 268 268 269 270 270 271 272 272 273 274 276 277 279 280 282 284 287 292 295 293 290 287 286 291 292 286 274 254 230 216 218 224 230 237 249 262 286 291
263 265 270 277 281 282 282 280 278 275 273 271 269 267 266 265 264 262 261 260 259 259 258 257 256 255 256 258 257 254 252 252 252 253 255 258 261 263 263 263 263 262 262 262 262 262 263 263 264 264 265 265 266 266 267 267 267 268 268 269 269 270 271 271 272 273 275 276 277 278 280 282 285 291 297 297 296 297 297 294 289 279 262 240 222 219 225 229 235 249 267 295 299 291
263 264 267 273 281 286 286 285 283 280 278 274 271 270 268 267 266 264 263 261 260 259 259 258 255 253 257 261 261 257 253 251 252 253 254 257 260 262 263 263 263 262 262 262 262 262 263 263 264 264 265 265 266 266 266 267 267 267 268 268 269 269 270 271 272 273 274 275 276 277 279 281 284 288 294 298 301 305 303 292 282 268 249 233 228 234 241 243 252 273 295 305 300 291
265 263 259 266 280 288 291 290 289 287 283 278 273 271 269 268 267 266 264 262 261 260 260 259 254 251 256 260 261 259 255 252 251 252 253 255 256 258 261 263 264 262 262 262 262 262 263 263 264 265 265 265 266 266 266 266 267 267 267 268 268 269 269 270 271 272 273 274 275 276 278 280 282 285 290 295 301 309 305 290 276 257 239 235 237 243 250 263 283 293 297 299 296 288
262 257 250 256 271 286 294 295 294 294 288 280 274 272 270 269 268 267 265 263 262 261 261 259 255 253 255 257 259 258 256 254 253 252 254 254 254 254 257 261 263 263 262 262 262 262 263 264 264 265 266 266 266 266 266 266 267 267 267 267 268 268 269 270 270 271 272 273 274 276 277 279 281 283 287 291 299 308 306 291 273 252 242 243 243 247 263 284 292 294 292 290 289 285
254 251 248 253 263 277 294 297 295 295 289 280 274 272 270 269 268 267 266 264 263 262 261 260 257 257 257 257 256 257 258 258 255 252 252 253 252 252 254 256 259 261 262 262 262 263 263 264 265 267 268 267 267 267 266 266 266 267 267 267 268 268 269 269 270 271 271 272 274 275 276 278 280 282 285 289 295 303 304 294 277 260 257 253 250 260 282 293 294 290 287 285 284 283
252 253 257 263 272 276 278 282 285 285 283 277 273 270 270 269 268 267 266 266 265 263 262 261 259 259 260 258 257 257 259 260 258 254 251 250 249 251 252 253 253 256 259 261 262 264 264 264 266 270 271 271 269 268 267 266 266 266 267 267 267 268 268 269 270 270 271 272 273 274 275 277 279 281 283 287 292 298 303 301 295 280 269 261 263 281 294 295 292 288 285 283 281 280
263 265 269 277 280 272 260 259 263 266 268 269 269 268 268 268 267 267 267 267 266 265 264 262 260 261 262 260 258 258 259 261 260 259 256 251 249 250 252 252 250 250 252 255 258 260 262 262 264 268 272 273 272 269 267 266 266 266 267 267 267 268 268 269 269 270 271 271 272 273 275 276 278 280 282 285 289 295 301 306 312 300 278 275 288 296 295 293 291 288 284 281 279 278
267 270 274 276 272 261 255 251 250 253 257 263 266 266 266 266 266 267 268 268 268 267 265 264 263 262 262 261 259 258 258 259 259 259 259 257 254 253 253 252 251 250 251 252 254 255 257 259 262 262 264 267 269 269 267 266 266 266 267 267 267 268 268 269 269 270 270 271 272 273 274 276 277 279 282 284 288 293 300 309 322 324 301 296 299 297 293 290 289 287 283 280 278 276
