windninja/windninja_output/Output_2025-10-23_2100-2150_Google earth_Fire_150m_10min/merlingen_7.5mi_point_10-23-2025_2130_150m_vel.asc
ncols	158
nrows	163
xllcorner	391686.332397
yllcorner	5160024.123721
cellsize	150.000000
NODATA_value	-32768.000000
[rows 114 to 151 of 163, columns 0 to 83 of 158]
1.24 1.07 0.91 0.90 0.97 0.97 0.96 0.95 0.89 0.91 1.20 1.65 1.71 1.47 1.58 1.87 1.69 1.55 1.62 1.58 1.60 1.66 1.53 1.33 1.66 2.14 2.23 2.13 2.17 2.27 2.26 2.61 3.31 4.16 4.44 3.65 2.85 2.49 2.18 1.90 1.75 2.17 2.84 2.99 2.56 2.21 2.18 2.13 2.01 1.91 1.81 1.71 1.66 1.60 1.53 1.46 1.38 1.30 1.24 1.20 1.13 1.06 1.01 0.99 0.94 0.89 0.85 0.81 0.78 0.74 0.68 0.61 0.56 0.50 0.46 0.43 0.39 0.36 0.36 0.38 0.43 0.45 0.43 0.42
1.35 1.18 1.06 1.05 1.07 1.04 1.01 0.93 0.88 1.10 1.58 1.95 1.74 1.40 1.64 2.21 2.17 1.83 1.65 1.52 1.61 1.76 1.88 2.11 2.36 2.47 2.35 2.22 2.48 2.48 2.25 2.53 3.42 4.26 4.35 3.77 3.14 2.68 2.24 1.95 2.16 2.89 3.29 3.10 2.75 2.60 2.50 2.26 2.08 2.00 1.90 1.80 1.71 1.62 1.55 1.46 1.37 1.31 1.27 1.24 1.16 1.08 1.05 1.03 0.99 0.94 0.88 0.84 0.79 0.74 0.69 0.63 0.56 0.50 0.46 0.44 0.42 0.38 0.35 0.36 0.39 0.43 0.44 0.43
1.46 1.30 1.15 1.09 1.07 1.04 0.98 0.93 1.07 1.48 2.03 2.10 1.66 1.37 1.82 2.59 2.38 1.80 1.67 1.76 2.00 2.28 2.58 2.78 2.76 2.64 2.37 2.24 2.69 2.85 2.68 2.83 3.32 4.10 4.47 4.10 3.55 2.88 2.49 2.52 2.91 3.45 3.38 3.03 2.86 2.64 2.28 2.04 2.06 2.08 2.03 1.94 1.81 1.68 1.56 1.44 1.37 1.32 1.28 1.24 1.17 1.10 1.08 1.06 1.04 0.97 0.90 0.86 0.81 0.76 0.71 0.66 0.61 0.55 0.49 0.44 0.42 0.40 0.36 0.33 0.34 0.38 0.40 0.41
1.49 1.32 1.10 1.01 1.01 1.02 1.02 1.12 1.48 1.90 2.23 2.03 1.54 1.45 2.07 2.67 2.25 1.76 1.96 2.37 2.67 2.93 3.10 3.13 3.11 3.14 2.91 2.66 3.21 3.13 2.80 2.89 3.31 4.35 5.03 4.75 3.97 3.13 2.94 3.39 3.76 3.66 3.25 3.00 2.85 2.49 2.29 2.30 2.37 2.38 2.31 2.14 1.93 1.75 1.58 1.48 1.43 1.36 1.29 1.24 1.19 1.15 1.15 1.14 1.08 0.99 0.93 0.89 0.84 0.79 0.75 0.71 0.68 0.62 0.56 0.51 0.45 0.40 0.37 0.35 0.33 0.35 0.36 0.37
1.51 1.32 1.06 1.01 1.06 1.12 1.19 1.40 1.79 2.05 2.14 1.89 1.57 1.65 2.11 2.54 2.36 2.00 2.27 2.61 2.79 2.94 3.03 3.13 3.34 3.54 3.77 4.02 4.07 3.75 3.42 3.67 4.54 5.82 5.75 5.08 4.65 3.88 3.88 4.32 4.13 3.64 3.21 2.93 2.75 2.64 2.66 2.73 2.73 2.63 2.44 2.17 1.96 1.78 1.62 1.53 1.45 1.37 1.30 1.27 1.23 1.21 1.22 1.22 1.15 1.07 1.00 0.93 0.85 0.80 0.78 0.75 0.71 0.67 0.63 0.58 0.51 0.44 0.40 0.39 0.38 0.36 0.35 0.33
1.63 1.41 1.11 1.05 1.14 1.22 1.31 1.55 1.88 2.00 1.99 1.89 1.71 1.78 1.98 2.37 2.68 2.40 2.30 2.42 2.52 2.64 2.82 3.10 3.39 3.60 3.84 4.13 4.29 4.60 5.29 5.99 6.51 6.49 5.34 4.44 4.40 4.72 4.98 4.95 4.38 3.75 3.34 3.19 3.20 3.09 2.88 2.79 2.74 2.54 2.30 2.07 1.90 1.74 1.61 1.51 1.42 1.37 1.34 1.31 1.29 1.26 1.24 1.21 1.11 1.03 0.97 0.90 0.83 0.80 0.77 0.74 0.71 0.69 0.66 0.60 0.54 0.48 0.44 0.40 0.37 0.35 0.34 0.32
1.73 1.52 1.22 1.15 1.18 1.17 1.27 1.58 1.92 1.91 1.86 2.06 1.95 1.88 1.91 2.32 2.85 2.70 2.33 2.28 2.33 2.44 2.73 3.09 3.38 3.57 3.65 3.73 4.30 5.21 5.86 6.10 5.93 5.26 4.35 3.87 3.89 4.38 4.62 4.44 4.29 4.11 3.94 3.88 3.75 3.46 3.22 3.14 2.91 2.55 2.28 2.07 1.90 1.76 1.61 1.47 1.40 1.40 1.38 1.35 1.34 1.27 1.14 0.98 0.76 0.68 0.69 0.70 0.74 0.78 0.77 0.74 0.71 0.69 0.66 0.61 0.56 0.52 0.46 0.40 0.36 0.33 0.33 0.32
1.80 1.62 1.46 1.53 1.53 1.39 1.44 1.71 1.97 1.84 1.80 2.28 2.21 2.01 2.06 2.35 2.84 2.82 2.35 2.12 2.09 2.27 2.59 2.98 3.40 3.62 3.67 3.91 4.84 5.74 5.63 5.10 4.77 4.37 4.02 3.74 3.47 3.42 3.22 3.27 3.54 3.74 3.74 3.55 3.32 3.24 3.27 3.22 2.93 2.59 2.29 2.07 1.95 1.83 1.66 1.52 1.49 1.46 1.38 1.33 1.25 1.02 0.76 0.56 0.40 0.46 0.59 0.61 0.67 0.76 0.76 0.72 0.71 0.69 0.65 0.61 0.58 0.54 0.49 0.45 0.41 0.37 0.35 0.33
1.84 1.73 1.73 1.85 1.86 1.85 1.88 1.95 2.01 1.80 1.81 2.54 2.47 2.05 2.01 2.18 2.64 2.70 2.06 1.76 1.86 2.20 2.50 2.86 3.44 3.61 3.70 4.28 5.58 6.27 5.61 5.05 4.68 4.07 3.83 3.60 3.18 2.94 2.73 2.71 2.76 2.82 2.89 2.71 2.56 2.60 2.63 2.55 2.49 2.35 2.17 2.06 1.95 1.79 1.66 1.58 1.53 1.44 1.30 1.16 0.90 0.59 0.42 0.39 0.45 0.63 0.78 0.77 0.76 0.75 0.72 0.71 0.72 0.70 0.66 0.61 0.57 0.55 0.55 0.52 0.47 0.43 0.41 0.39
1.72 1.63 1.64 1.67 1.65 1.74 1.86 1.93 1.97 1.82 1.94 2.77 2.59 1.83 1.68 1.92 2.32 2.41 1.91 1.65 1.88 2.22 2.46 2.89 3.48 3.69 3.78 4.68 6.59 6.91 5.55 4.87 4.43 3.80 3.70 3.52 3.05 2.86 2.70 2.59 2.52 2.53 2.56 2.50 2.42 2.40 2.32 2.23 2.22 2.20 2.15 2.09 1.90 1.73 1.60 1.45 1.27 1.12 0.95 0.78 0.53 0.40 0.49 0.62 0.73 0.90 0.97 0.92 0.86 0.77 0.71 0.72 0.72 0.70 0.66 0.62 0.59 0.59 0.59 0.58 0.55 0.52 0.49 0.45
1.66 1.57 1.53 1.50 1.50 1.61 1.70 1.76 1.90 1.91 2.15 2.66 2.17 1.44 1.45 1.76 2.00 2.09 1.98 1.91 2.12 2.40 2.64 3.05 3.47 3.71 4.16 6.01 8.39 7.39 5.04 4.44 4.25 3.80 3.60 3.41 2.97 2.79 2.68 2.52 2.49 2.45 2.39 2.43 2.50 2.51 2.44 2.34 2.28 2.30 2.31 2.17 1.92 1.74 1.58 1.35 1.08 0.87 0.71 0.56 0.50 0.67 0.85 0.90 0.97 1.05 1.03 0.95 0.87 0.75 0.69 0.71 0.73 0.71 0.68 0.65 0.63 0.63 0.63 0.61 0.58 0.55 0.51 0.46
1.66 1.62 1.61 1.63 1.66 1.69 1.70 1.79 2.05 2.13 2.23 2.33 1.78 1.20 1.32 1.63 1.81 1.85 1.98 2.34 2.77 2.99 3.05 3.30 3.92 4.57 6.27 9.39 9.24 6.46 4.35 4.05 4.13 3.71 3.41 3.32 2.97 2.76 2.67 2.50 2.40 2.31 2.26 2.31 2.41 2.51 2.56 2.49 2.41 2.36 2.25 2.10 1.96 1.80 1.63 1.44 1.25 1.08 0.97 0.87 0.92 1.07 1.11 1.07 1.08 1.09 1.01 0.93 0.84 0.75 0.69 0.73 0.78 0.77 0.75 0.71 0.68 0.66 0.64 0.60 0.55 0.51 0.47 0.43
1.53 1.53 1.57 1.64 1.66 1.66 1.71 1.99 2.25 2.22 2.14 2.04 1.63 1.28 1.49 1.73 1.73 1.74 2.03 2.50 3.18 4.17 4.38 4.59 6.54 8.62 9.53 9.55 7.30 4.86 4.10 3.94 4.00 3.59 3.33 3.34 3.01 2.66 2.49 2.30 2.19 2.19 2.24 2.30 2.42 2.61 2.72 2.68 2.56 2.38 2.14 1.97 1.86 1.75 1.58 1.40 1.26 1.18 1.18 1.22 1.25 1.23 1.12 1.04 1.04 1.03 0.96 0.89 0.82 0.77 0.76 0.83 0.88 0.86 0.83 0.78 0.72 0.66 0.63 0.60 0.55 0.52 0.48 0.43
1.53 1.52 1.57 1.62 1.66 1.73 1.93 2.25 2.32 2.21 2.05 1.94 1.86 1.82 2.04 2.00 1.84 2.02 2.45 3.15 4.81 6.73 7.48 7.84 8.42 9.06 8.27 6.23 4.82 4.10 3.92 4.01 4.01 3.63 3.35 3.24 2.91 2.58 2.28 2.08 1.98 2.01 2.18 2.35 2.51 2.66 2.65 2.54 2.41 2.22 2.05 1.91 1.74 1.61 1.48 1.31 1.16 1.13 1.20 1.21 1.17 1.10 0.99 0.96 1.00 0.99 0.93 0.87 0.82 0.78 0.82 0.90 0.94 0.92 0.89 0.85 0.76 0.70 0.70 0.67 0.63 0.60 0.53 0.45
1.59 1.55 1.57 1.59 1.64 1.79 2.07 2.29 2.30 2.17 2.08 2.18 2.42 2.54 2.52 2.27 2.23 2.73 3.95 6.93 8.68 8.35 7.77 7.22 6.87 6.29 5.32 4.38 3.81 3.58 3.77 4.10 4.05 3.59 3.20 2.97 2.79 2.48 2.07 1.91 1.85 1.97 2.21 2.41 2.60 2.66 2.51 2.25 2.07 1.98 1.90 1.81 1.71 1.60 1.46 1.30 1.16 1.13 1.14 1.07 1.00 0.96 0.94 0.97 0.99 0.97 0.93 0.87 0.83 0.81 0.86 0.93 0.96 0.93 0.90 0.89 0.83 0.78 0.78 0.76 0.73 0.69 0.61 0.52
1.55 1.46 1.40 1.41 1.46 1.61 1.89 2.14 2.15 2.09 2.19 2.46 2.63 2.68 2.73 2.95 3.21 4.29 7.24 9.79 8.80 6.54 5.46 4.83 4.85 5.02 4.74 4.05 3.44 3.42 3.74 3.90 3.68 3.27 3.02 2.91 2.72 2.24 1.88 1.85 1.92 2.06 2.25 2.48 2.70 2.72 2.49 2.25 2.12 2.05 1.95 1.78 1.63 1.53 1.39 1.26 1.16 1.10 1.05 1.00 0.98 0.96 0.96 0.98 0.98 0.97 0.93 0.89 0.87 0.86 0.89 0.96 1.00 0.97 0.93 0.95 0.91 0.83 0.82 0.84 0.81 0.75 0.67 0.58
1.56 1.46 1.41 1.43 1.44 1.56 1.78 1.93 1.97 2.00 2.16 2.23 2.17 2.30 2.61 3.39 4.86 7.06 9.06 8.62 5.97 4.73 4.56 4.50 4.75 5.12 4.64 3.79 3.62 3.78 3.78 3.55 3.26 3.05 2.96 2.89 2.68 2.30 2.05 2.05 2.14 2.27 2.51 2.80 2.97 2.81 2.42 2.22 2.17 2.05 1.88 1.69 1.50 1.36 1.27 1.18 1.10 1.03 1.01 1.01 0.97 0.93 0.94 0.96 0.98 0.97 0.95 0.93 0.90 0.89 0.91 0.99 1.04 1.03 1.01 1.05 1.02 0.90 0.88 0.92 0.89 0.82 0.72 0.59
1.68 1.62 1.60 1.56 1.58 1.75 1.87 1.84 1.87 1.92 1.91 1.82 1.79 2.03 2.58 3.58 5.71 7.82 7.78 5.67 4.76 4.66 4.61 4.63 4.96 5.11 4.25 3.81 3.90 3.96 3.86 3.64 3.37 3.08 2.96 3.00 3.03 3.00 2.78 2.62 2.74 2.91 3.08 3.20 3.14 2.68 2.09 1.88 1.89 1.79 1.61 1.48 1.39 1.27 1.16 1.05 0.94 0.88 0.91 0.90 0.84 0.85 0.90 0.96 0.97 0.98 0.99 0.96 0.93 0.92 0.96 1.06 1.08 1.08 1.12 1.16 1.15 1.03 0.96 0.99 0.99 0.89 0.73 0.59
1.68 1.59 1.54 1.58 1.75 1.99 2.07 1.99 1.94 1.93 1.81 1.76 1.85 2.20 2.94 3.96 6.25 7.67 6.36 4.88 4.79 4.83 4.83 4.97 5.17 4.92 3.95 3.58 3.58 3.44 3.41 3.40 3.20 3.08 3.18 3.38 3.56 3.65 3.58 3.56 3.71 3.75 3.63 3.55 3.22 2.35 1.66 1.48 1.52 1.49 1.35 1.29 1.27 1.18 1.08 0.97 0.86 0.80 0.81 0.79 0.79 0.91 0.94 0.96 0.99 1.01 1.03 1.01 0.97 0.97 1.05 1.13 1.11 1.15 1.22 1.27 1.31 1.19 1.05 1.07 1.08 0.92 0.72 0.62
1.64 1.53 1.52 1.67 1.95 2.13 2.11 2.13 2.22 2.25 2.17 2.10 2.13 2.61 3.40 4.98 7.61 7.99 6.57 5.50 5.38 5.33 5.35 5.33 5.05 4.34 3.59 3.36 3.31 3.11 2.98 2.93 2.88 3.14 3.52 3.71 3.77 3.67 3.58 3.80 4.04 4.03 3.95 3.80 3.24 2.30 1.69 1.41 1.25 1.16 1.14 1.12 1.12 1.08 1.01 0.93 0.85 0.80 0.84 0.89 0.98 1.08 1.03 1.00 1.03 1.04 1.06 1.07 1.03 1.06 1.15 1.19 1.19 1.22 1.26 1.36 1.42 1.24 1.08 1.11 1.08 0.91 0.73 0.64
1.76 1.70 1.77 1.93 2.11 2.10 2.09 2.24 2.42 2.58 2.76 2.73 2.86 3.34 4.87 7.80 8.96 7.94 6.43 5.76 5.65 5.49 5.27 4.94 4.32 3.85 3.60 3.57 3.56 3.43 3.23 3.09 3.08 3.34 3.56 3.60 3.59 3.36 3.28 3.61 3.86 3.86 3.84 3.50 2.78 2.26 1.88 1.51 1.18 1.06 1.06 1.04 1.00 0.96 0.91 0.84 0.77 0.79 0.90 0.99 1.10 1.10 1.02 1.01 1.06 1.08 1.08 1.10 1.14 1.19 1.24 1.28 1.29 1.23 1.26 1.42 1.47 1.30 1.12 1.11 1.05 0.88 0.71 0.61
1.83 1.88 2.01 2.13 2.18 2.17 2.22 2.36 2.45 2.64 2.79 2.90 3.16 4.28 7.42 9.33 8.51 6.92 5.90 5.48 5.22 4.81 4.52 4.09 3.67 3.59 3.68 3.78 3.87 3.94 3.80 3.63 3.59 3.60 3.52 3.44 3.26 3.05 3.27 3.74 3.75 3.48 3.26 2.75 2.30 2.04 1.77 1.44 1.22 1.09 1.04 1.00 0.92 0.85 0.79 0.74 0.72 0.80 0.94 1.03 1.09 1.06 1.03 1.04 1.07 1.10 1.08 1.13 1.29 1.37 1.37 1.39 1.35 1.27 1.31 1.45 1.50 1.39 1.19 1.11 1.02 0.83 0.69 0.64
1.80 1.90 2.01 2.03 2.10 2.18 2.27 2.30 2.28 2.34 2.39 2.58 2.94 4.76 8.26 8.54 6.93 6.27 5.62 5.18 4.63 3.98 3.80 3.76 3.65 3.62 3.72 3.94 4.16 4.24 4.10 3.91 3.84 3.72 3.67 3.60 3.27 3.02 3.34 3.79 3.49 3.08 2.68 2.09 1.83 1.62 1.41 1.22 1.10 0.97 0.90 0.86 0.80 0.76 0.73 0.68 0.71 0.89 1.06 1.14 1.14 1.11 1.11 1.10 1.08 1.08 1.07 1.16 1.41 1.53 1.49 1.44 1.43 1.42 1.41 1.48 1.54 1.45 1.28 1.14 1.02 0.85 0.78 0.77
1.68 1.74 1.80 1.79 1.87 1.98 2.01 1.98 1.98 2.09 2.22 2.60 3.13 5.55 8.46 7.83 6.59 6.04 5.18 4.67 4.26 3.73 3.57 3.71 3.68 3.68 3.84 4.21 4.45 4.19 3.65 3.46 3.51 3.62 3.81 3.80 3.43 3.13 3.40 3.77 3.36 2.75 2.05 1.52 1.29 1.11 1.02 0.98 0.90 0.79 0.73 0.69 0.68 0.67 0.66 0.67 0.82 1.07 1.19 1.20 1.18 1.16 1.16 1.10 1.04 1.04 1.06 1.20 1.46 1.63 1.58 1.50 1.53 1.51 1.41 1.45 1.57 1.51 1.34 1.24 1.13 0.97 0.91 0.93
1.58 1.56 1.56 1.59 1.70 1.73 1.66 1.65 1.83 2.16 2.56 3.13 4.30 7.74 9.22 7.72 6.41 5.41 4.41 4.18 4.13 3.80 3.63 3.61 3.52 3.60 3.88 4.34 4.47 3.96 3.45 3.34 3.55 3.71 3.76 3.61 3.29 3.23 3.64 3.88 3.19 2.11 1.37 1.07 0.95 0.85 0.83 0.84 0.76 0.67 0.63 0.61 0.62 0.61 0.64 0.78 1.05 1.24 1.24 1.22 1.21 1.19 1.17 1.06 0.96 0.98 1.07 1.26 1.50 1.69 1.75 1.68 1.67 1.62 1.49 1.45 1.58 1.54 1.36 1.30 1.23 1.05 1.07 1.08
1.64 1.52 1.45 1.62 1.78 1.67 1.52 1.62 1.93 2.33 2.97 4.16 6.99 9.83 9.16 6.61 5.37 4.63 4.02 3.95 4.18 3.99 3.75 3.56 3.43 3.59 3.96 4.29 4.23 3.78 3.56 3.77 3.92 3.69 3.61 3.45 3.29 3.65 4.03 3.68 2.44 1.35 0.91 0.74 0.71 0.67 0.70 0.73 0.65 0.56 0.55 0.58 0.61 0.66 0.83 1.09 1.29 1.31 1.27 1.26 1.22 1.23 1.19 1.02 0.91 0.97 1.13 1.37 1.58 1.74 1.90 1.96 1.87 1.75 1.63 1.54 1.54 1.54 1.39 1.37 1.37 1.34 1.42 1.28
1.73 1.60 1.57 1.77 1.82 1.77 1.87 2.04 2.16 2.73 3.65 5.51 9.33 9.93 6.89 4.93 4.47 4.12 3.80 4.01 4.36 4.29 3.91 3.63 3.59 3.81 4.05 4.12 4.03 3.70 3.60 3.86 3.84 3.69 3.94 3.95 3.80 3.96 3.74 2.79 1.49 0.86 0.61 0.51 0.51 0.50 0.55 0.58 0.51 0.45 0.45 0.51 0.63 0.86 1.16 1.37 1.39 1.33 1.31 1.28 1.26 1.32 1.25 1.08 1.03 1.17 1.37 1.57 1.71 1.86 2.05 2.13 2.01 1.85 1.79 1.61 1.45 1.51 1.50 1.52 1.63 1.62 1.45 1.23
1.79 1.68 1.60 1.61 1.57 1.79 2.30 2.59 2.76 3.70 4.88 7.75 9.90 7.60 4.75 4.22 4.04 3.97 4.07 4.54 4.80 4.61 4.21 4.03 4.01 4.08 4.10 3.93 3.83 3.65 3.63 3.78 3.85 4.09 4.38 4.30 4.11 3.85 3.03 1.82 0.94 0.59 0.44 0.42 0.41 0.39 0.44 0.43 0.36 0.34 0.32 0.42 0.73 1.11 1.42 1.48 1.43 1.41 1.39 1.37 1.44 1.50 1.41 1.33 1.46 1.74 1.98 2.07 2.10 2.26 2.33 2.23 2.15 2.15 2.05 1.64 1.35 1.45 1.62 1.73 1.85 1.63 1.13 0.92
1.80 1.64 1.41 1.35 1.49 1.92 2.35 2.75 3.52 4.36 5.86 9.15 9.18 5.07 3.93 3.99 3.98 4.39 4.79 5.06 4.97 4.66 4.51 4.61 4.71 4.54 4.20 3.73 3.55 3.58 3.68 3.90 4.07 4.20 4.20 4.06 3.84 3.29 2.31 1.35 0.83 0.58 0.47 0.44 0.38 0.33 0.34 0.29 0.23 0.19 0.22 0.57 1.04 1.32 1.49 1.48 1.42 1.47 1.51 1.59 1.69 1.68 1.63 1.69 1.93 2.27 2.46 2.53 2.58 2.59 2.47 2.32 2.43 2.53 2.20 1.68 1.38 1.46 1.69 1.94 1.90 1.52 1.17 1.02
1.92 1.74 1.54 1.54 1.73 2.02 2.35 2.85 3.72 4.31 6.26 8.32 6.84 4.37 4.03 4.12 4.34 5.01 5.32 4.84 4.40 4.29 4.39 4.67 4.85 4.81 4.43 3.93 3.74 3.87 4.04 4.27 4.19 3.89 3.83 3.58 2.98 2.15 1.52 1.15 0.86 0.64 0.51 0.45 0.38 0.30 0.23 0.16 0.09 0.11 0.41 0.99 1.49 1.73 1.76 1.53 1.43 1.54 1.62 1.73 1.81 1.82 1.84 1.96 2.14 2.29 2.39 2.47 2.48 2.42 2.33 2.36 2.59 2.52 2.06 1.73 1.62 1.59 1.82 2.04 1.76 1.47 1.45 1.24
2.11 1.90 1.90 1.96 1.91 1.97 2.41 3.02 3.62 3.98 5.68 7.71 6.42 4.78 4.50 4.34 4.65 5.36 5.09 3.98 3.84 4.06 4.24 4.39 4.24 4.07 4.07 4.26 4.44 4.46 4.46 4.51 4.11 3.61 3.44 2.66 1.64 1.18 1.06 0.94 0.76 0.60 0.47 0.38 0.33 0.23 0.12 0.06 0.07 0.35 0.88 1.47 1.91 2.11 1.91 1.54 1.55 1.64 1.68 1.85 2.00 2.04 2.05 2.08 2.05 2.11 2.30 2.34 2.24 2.16 2.19 2.34 2.54 2.38 1.89 1.71 1.68 1.65 1.90 1.96 1.58 1.58 1.65 1.20
2.13 1.88 1.99 2.19 2.26 2.33 2.68 3.19 3.80 3.99 5.01 8.06 7.94 5.75 5.08 4.63 4.92 5.34 4.30 3.52 3.77 4.04 4.26 4.24 3.80 3.54 3.75 4.24 4.55 4.59 4.56 4.49 3.94 3.35 2.82 1.64 0.79 0.64 0.75 0.72 0.62 0.52 0.40 0.30 0.25 0.14 0.05 0.09 0.28 0.79 1.35 1.80 2.20 2.26 1.89 1.68 1.78 1.84 2.00 2.33 2.42 2.34 2.28 2.16 2.00 2.10 2.33 2.24 2.09 2.11 2.15 2.30 2.51 2.32 1.80 1.53 1.53 1.66 1.92 1.86 1.64 1.85 1.67 0.93
1.98 1.79 2.03 2.38 2.77 3.17 3.41 3.71 4.34 4.39 5.88 9.28 8.70 6.10 5.47 5.30 5.45 5.31 4.23 3.82 4.09 4.16 4.18 3.97 3.71 3.78 3.89 3.94 3.94 3.97 4.11 4.05 3.54 2.77 1.74 0.91 0.41 0.45 0.56 0.54 0.49 0.43 0.34 0.24 0.15 0.11 0.16 0.28 0.66 1.20 1.62 2.02 2.43 2.41 2.19 2.17 2.18 2.27 2.59 2.79 2.67 2.51 2.40 2.31 2.33 2.48 2.49 2.27 2.16 2.22 2.20 2.25 2.46 2.31 1.77 1.41 1.42 1.68 1.85 1.84 2.00 1.99 1.34 0.77
1.80 1.71 2.00 2.35 2.90 3.50 3.78 4.20 4.81 5.85 8.84 10.01 7.35 5.12 4.94 5.12 5.29 5.03 4.65 4.58 4.61 4.47 4.10 3.76 3.74 4.03 4.02 3.91 3.90 3.49 3.06 2.93 2.42 1.60 0.98 0.60 0.38 0.46 0.53 0.49 0.42 0.37 0.30 0.23 0.23 0.28 0.34 0.59 1.08 1.48 1.77 2.23 2.64 2.59 2.46 2.46 2.52 2.70 2.86 2.86 2.65 2.47 2.43 2.55 2.77 2.91 2.94 2.92 2.89 2.81 2.70 2.60 2.60 2.43 1.88 1.52 1.68 2.05 2.11 2.18 2.26 1.65 0.90 0.60
1.68 1.57 1.83 2.30 2.81 3.24 3.55 4.15 5.72 8.01 9.56 8.07 5.21 4.26 4.12 4.22 4.41 4.37 4.30 4.42 4.55 4.49 4.16 3.76 3.91 4.26 4.33 4.30 4.16 3.39 2.58 2.21 1.61 1.00 0.81 0.70 0.59 0.56 0.57 0.51 0.40 0.32 0.31 0.33 0.41 0.49 0.62 1.01 1.44 1.65 1.90 2.40 2.75 2.78 2.75 2.81 2.84 2.84 2.96 2.95 2.69 2.53 2.61 2.79 2.92 3.06 3.22 3.34 3.40 3.49 3.54 3.37 3.06 2.63 2.10 1.94 2.41 2.85 2.77 2.58 2.05 1.05 0.71 0.62
2.02 2.09 2.27 2.51 2.96 3.55 3.90 4.60 7.18 8.55 7.53 5.41 4.37 3.96 3.82 3.89 3.98 3.90 3.80 3.90 4.00 3.90 3.66 3.72 4.08 4.45 4.69 4.54 3.94 3.10 2.28 1.75 1.34 0.88 0.77 0.77 0.73 0.64 0.59 0.53 0.43 0.38 0.41 0.47 0.55 0.69 0.95 1.35 1.62 1.73 2.00 2.46 2.82 3.09 3.29 3.22 3.01 2.85 2.96 2.95 2.75 2.73 2.84 2.97 3.09 3.24 3.31 3.26 3.24 3.45 3.58 3.34 2.95 2.52 2.27 2.51 3.08 3.02 2.42 1.99 1.24 0.71 0.66 0.68
2.50 2.77 3.09 3.13 3.81 4.49 4.37 5.20 8.17 8.35 5.71 4.45 4.03 3.66 3.59 3.62 3.58 3.56 3.70 3.78 3.65 3.40 3.12 3.28 3.73 4.21 4.37 3.66 2.88 2.28 1.56 1.24 1.06 0.81 0.76 0.76 0.69 0.62 0.62 0.60 0.54 0.55 0.64 0.69 0.75 0.96 1.32 1.62 1.74 1.86 2.10 2.50 2.99 3.53 3.79 3.52 3.22 3.05 2.95 2.90 2.80 2.87 3.04 3.23 3.42 3.46 3.34 3.15 3.04 3.21 3.35 2.94 2.38 2.19 2.34 2.86 3.05 2.33 1.39 1.01 0.67 0.50 0.49 0.49
2.65 2.73 3.10 3.60 4.17 4.36 4.06 5.39 8.58 7.97 4.91 4.06 3.75 3.42 3.39 3.33 3.24 3.42 3.62 3.53 3.24 2.94 2.77 2.92 3.26 3.72 3.87 3.08 2.20 1.75 1.26 1.03 0.92 0.84 0.82 0.77 0.70 0.65 0.65 0.67 0.69 0.78 0.88 0.92 1.06 1.42 1.77 1.83 1.87 2.04 2.26 2.65 3.27 3.85 4.07 3.78 3.47 3.24 3.15 3.13 2.95 3.01 3.33 3.56 3.66 3.52 3.34 3.22 3.19 3.44 3.52 2.85 2.12 2.08 2.47 2.88 2.58 1.47 0.87 0.63 0.40 0.26 0.21 0.27
