windninja/windninja_output/Output_2025-10-23_2100-2150_Google earth_Fire_150m_10min/merlingen_7.5mi_point_10-23-2025_2110_150m_vel.asc
ncols	158
nrows	163
xllcorner	391686.332397
yllcorner	5160024.123721
cellsize	150.000000
NODATA_value	-32768.000000
[rows 0 to 37 of 163, columns 0 to 83 of 158]
1.85 1.87 1.88 1.87 1.93 1.97 1.88 1.87 1.98 2.00 1.96 1.96 2.13 2.43 2.54 2.40 2.18 1.98 2.00 2.09 1.83 1.60 1.89 2.14 2.18 2.07 1.92 1.93 2.08 2.10 2.08 2.11 2.13 2.07 2.11 2.23 2.12 2.06 2.10 2.03 2.05 2.15 2.16 2.19 2.22 2.19 2.23 2.16 2.08 2.14 2.17 2.19 2.25 2.26 2.21 2.22 2.24 2.29 2.34 2.31 2.25 2.27 2.32 2.33 2.35 2.39 2.49 2.55 2.54 2.45 2.37 2.35 2.38 2.43 2.51 2.53 2.50 2.54 2.56 2.50 2.47 2.46 2.59 2.67
1.81 1.86 1.85 1.81 1.89 1.94 1.85 1.83 1.93 1.94 1.86 1.78 1.88 2.23 2.50 2.55 2.36 2.09 2.11 2.16 1.79 1.45 1.64 2.02 2.23 2.16 1.95 1.89 2.02 2.06 2.06 2.10 2.12 2.08 2.10 2.24 2.18 2.10 2.12 2.02 2.03 2.13 2.15 2.23 2.26 2.22 2.27 2.21 2.08 2.08 2.13 2.16 2.22 2.23 2.18 2.18 2.22 2.29 2.37 2.32 2.22 2.22 2.28 2.30 2.27 2.30 2.45 2.59 2.63 2.50 2.34 2.30 2.34 2.40 2.48 2.49 2.48 2.60 2.62 2.47 2.39 2.42 2.57 2.67
1.73 1.85 1.84 1.78 1.87 1.84 1.80 1.86 1.92 1.87 1.70 1.49 1.52 1.86 2.36 2.71 2.61 2.34 2.32 2.24 1.83 1.40 1.34 1.72 2.19 2.26 2.05 1.91 1.95 2.00 2.06 2.09 2.08 2.10 2.13 2.20 2.22 2.19 2.14 2.04 2.04 2.08 2.14 2.30 2.31 2.25 2.30 2.29 2.11 2.02 2.07 2.11 2.14 2.19 2.16 2.16 2.21 2.27 2.36 2.35 2.23 2.17 2.21 2.26 2.19 2.21 2.39 2.63 2.75 2.57 2.30 2.24 2.32 2.39 2.43 2.38 2.42 2.69 2.72 2.41 2.22 2.42 2.58 2.57
1.61 1.82 1.88 1.81 1.88 1.76 1.73 1.89 1.94 1.83 1.59 1.33 1.37 1.66 2.14 2.69 2.71 2.50 2.45 2.30 1.96 1.60 1.31 1.39 1.94 2.21 2.16 2.04 1.96 2.00 2.12 2.15 2.12 2.15 2.14 2.15 2.19 2.22 2.18 2.10 2.08 2.08 2.19 2.32 2.31 2.27 2.27 2.26 2.17 2.09 2.06 2.03 2.08 2.18 2.18 2.17 2.21 2.25 2.29 2.33 2.27 2.17 2.17 2.23 2.19 2.19 2.34 2.62 2.80 2.58 2.28 2.26 2.36 2.38 2.37 2.29 2.36 2.67 2.76 2.38 2.07 2.40 2.65 2.48
1.48 1.71 1.89 1.87 1.88 1.76 1.72 1.86 1.88 1.74 1.50 1.25 1.27 1.57 2.08 2.62 2.75 2.58 2.44 2.36 2.14 1.82 1.40 1.21 1.64 1.99 2.10 2.10 2.02 2.05 2.17 2.26 2.30 2.25 2.14 2.13 2.17 2.21 2.23 2.16 2.08 2.10 2.24 2.31 2.28 2.27 2.23 2.17 2.16 2.15 2.06 1.99 2.05 2.18 2.22 2.21 2.23 2.24 2.25 2.28 2.27 2.17 2.14 2.20 2.19 2.19 2.30 2.60 2.80 2.54 2.30 2.33 2.39 2.36 2.32 2.31 2.37 2.55 2.65 2.39 2.05 2.26 2.64 2.55
1.45 1.57 1.76 1.86 1.90 1.82 1.78 1.84 1.77 1.58 1.40 1.22 1.14 1.47 2.11 2.51 2.72 2.65 2.43 2.37 2.30 2.06 1.55 1.18 1.39 1.70 1.86 1.97 1.99 2.02 2.12 2.30 2.44 2.38 2.23 2.17 2.22 2.25 2.27 2.21 2.11 2.13 2.25 2.27 2.24 2.25 2.21 2.14 2.14 2.10 2.04 2.04 2.08 2.16 2.23 2.26 2.26 2.26 2.24 2.24 2.23 2.16 2.13 2.19 2.21 2.20 2.27 2.58 2.75 2.48 2.34 2.44 2.45 2.31 2.24 2.37 2.47 2.51 2.43 2.30 2.20 2.28 2.54 2.60
1.55 1.56 1.60 1.72 1.85 1.86 1.87 1.84 1.67 1.48 1.34 1.20 1.09 1.41 2.11 2.41 2.56 2.65 2.51 2.41 2.42 2.30 1.79 1.26 1.25 1.46 1.61 1.77 1.86 1.90 2.02 2.25 2.42 2.40 2.35 2.32 2.30 2.30 2.29 2.23 2.17 2.18 2.23 2.22 2.19 2.22 2.19 2.13 2.11 2.03 1.99 2.08 2.14 2.16 2.26 2.31 2.30 2.28 2.24 2.21 2.19 2.11 2.11 2.19 2.23 2.21 2.27 2.55 2.67 2.40 2.33 2.56 2.57 2.26 2.15 2.35 2.56 2.56 2.22 2.13 2.41 2.48 2.47 2.54
1.62 1.63 1.60 1.61 1.73 1.82 1.88 1.81 1.62 1.44 1.31 1.17 1.08 1.40 2.05 2.35 2.36 2.51 2.56 2.46 2.50 2.49 2.08 1.50 1.22 1.24 1.45 1.64 1.69 1.75 1.95 2.19 2.28 2.30 2.37 2.42 2.36 2.31 2.30 2.26 2.23 2.22 2.23 2.21 2.19 2.18 2.15 2.11 2.06 1.96 1.94 2.07 2.12 2.17 2.34 2.39 2.34 2.31 2.25 2.20 2.13 2.01 2.03 2.17 2.28 2.28 2.32 2.52 2.59 2.33 2.29 2.59 2.61 2.32 2.15 2.27 2.55 2.55 2.11 2.08 2.61 2.66 2.40 2.45
1.63 1.68 1.69 1.64 1.67 1.74 1.80 1.75 1.60 1.45 1.32 1.16 1.05 1.31 1.94 2.29 2.26 2.35 2.48 2.48 2.54 2.57 2.31 1.83 1.34 1.13 1.32 1.56 1.55 1.63 1.94 2.10 2.11 2.23 2.40 2.44 2.34 2.28 2.28 2.28 2.26 2.25 2.23 2.21 2.22 2.16 2.10 2.10 2.01 1.86 1.94 2.07 2.01 2.11 2.44 2.49 2.36 2.34 2.29 2.19 2.07 1.91 1.87 2.04 2.25 2.39 2.43 2.48 2.48 2.34 2.34 2.53 2.53 2.37 2.22 2.24 2.48 2.43 2.09 2.21 2.78 2.81 2.38 2.32
1.63 1.68 1.75 1.71 1.67 1.70 1.73 1.69 1.60 1.48 1.36 1.21 1.05 1.20 1.74 2.17 2.25 2.27 2.31 2.44 2.57 2.58 2.45 2.07 1.60 1.22 1.20 1.45 1.49 1.58 1.95 2.02 1.96 2.18 2.42 2.43 2.30 2.23 2.26 2.29 2.29 2.29 2.26 2.22 2.23 2.16 2.06 2.10 2.00 1.78 1.89 2.06 1.95 2.09 2.47 2.56 2.38 2.32 2.29 2.15 2.05 1.94 1.77 1.80 2.15 2.44 2.50 2.44 2.31 2.31 2.47 2.55 2.45 2.33 2.26 2.26 2.41 2.28 2.07 2.42 2.88 2.91 2.49 2.25
1.64 1.69 1.75 1.74 1.69 1.68 1.70 1.67 1.60 1.50 1.41 1.28 1.10 1.13 1.53 2.00 2.20 2.24 2.18 2.30 2.50 2.56 2.52 2.21 1.81 1.46 1.19 1.33 1.51 1.62 1.90 1.96 1.90 2.11 2.35 2.38 2.28 2.21 2.25 2.30 2.30 2.32 2.30 2.22 2.25 2.20 2.03 2.06 2.01 1.77 1.86 1.99 1.95 2.15 2.43 2.58 2.42 2.26 2.22 2.11 2.10 2.04 1.74 1.71 2.14 2.40 2.47 2.35 2.07 2.21 2.56 2.63 2.44 2.26 2.23 2.28 2.42 2.31 2.10 2.45 2.83 2.95 2.69 2.39
1.66 1.69 1.74 1.74 1.70 1.68 1.68 1.67 1.61 1.53 1.46 1.35 1.19 1.13 1.40 1.86 2.10 2.20 2.17 2.19 2.34 2.46 2.50 2.29 1.97 1.65 1.31 1.33 1.53 1.66 1.83 1.91 1.92 2.07 2.23 2.27 2.25 2.21 2.25 2.27 2.27 2.34 2.31 2.21 2.29 2.28 2.05 2.00 2.02 1.89 1.90 1.92 1.93 2.19 2.39 2.49 2.41 2.23 2.12 2.07 2.18 2.13 1.84 1.87 2.20 2.31 2.34 2.16 1.83 2.09 2.53 2.63 2.48 2.21 2.13 2.29 2.49 2.51 2.34 2.40 2.64 2.85 2.82 2.71
1.68 1.70 1.73 1.72 1.70 1.69 1.68 1.66 1.62 1.55 1.49 1.40 1.26 1.17 1.37 1.81 2.01 2.07 2.15 2.19 2.23 2.31 2.37 2.28 2.04 1.73 1.45 1.43 1.57 1.67 1.77 1.89 1.96 2.02 2.09 2.19 2.22 2.21 2.23 2.19 2.23 2.34 2.26 2.19 2.31 2.34 2.15 2.04 2.09 2.10 2.00 1.90 1.93 2.20 2.41 2.39 2.29 2.15 2.03 2.10 2.29 2.25 2.10 2.14 2.22 2.22 2.18 1.99 1.77 2.02 2.35 2.50 2.52 2.22 2.05 2.25 2.48 2.66 2.57 2.37 2.46 2.72 2.86 3.00
1.70 1.71 1.71 1.71 1.70 1.70 1.69 1.66 1.63 1.57 1.51 1.44 1.30 1.22 1.43 1.83 2.01 1.96 2.04 2.18 2.18 2.17 2.22 2.19 2.02 1.78 1.58 1.56 1.62 1.68 1.78 1.89 1.97 1.96 1.95 2.15 2.24 2.22 2.19 2.11 2.21 2.29 2.17 2.15 2.28 2.27 2.12 2.11 2.28 2.33 2.12 1.95 1.94 2.21 2.52 2.39 2.12 1.93 1.87 2.15 2.47 2.42 2.39 2.35 2.20 2.14 2.09 2.07 1.97 1.91 2.06 2.32 2.53 2.31 2.06 2.15 2.44 2.72 2.66 2.42 2.49 2.71 2.87 3.10
1.72 1.72 1.71 1.70 1.69 1.69 1.68 1.67 1.64 1.59 1.54 1.48 1.33 1.23 1.47 1.90 2.10 1.94 1.90 2.07 2.10 2.05 2.08 2.09 1.99 1.82 1.66 1.65 1.67 1.69 1.84 1.95 1.94 1.89 1.89 2.09 2.21 2.23 2.18 2.09 2.16 2.17 2.17 2.21 2.20 2.16 2.02 1.94 2.23 2.52 2.40 2.09 1.98 2.27 2.60 2.49 2.07 1.70 1.65 2.15 2.64 2.64 2.59 2.40 2.20 2.21 2.21 2.28 2.19 1.85 1.81 2.23 2.51 2.34 2.04 2.10 2.42 2.60 2.60 2.63 2.72 2.75 2.84 3.00
1.73 1.72 1.71 1.71 1.69 1.68 1.67 1.66 1.66 1.61 1.56 1.51 1.38 1.23 1.40 1.93 2.17 2.01 1.86 1.92 1.99 1.94 1.94 1.98 1.98 1.87 1.68 1.66 1.73 1.72 1.89 2.01 1.91 1.88 1.92 2.00 2.12 2.22 2.17 2.12 2.13 2.06 2.20 2.35 2.14 2.08 2.12 1.86 1.84 2.35 2.61 2.30 2.11 2.36 2.57 2.61 2.28 1.69 1.56 2.13 2.71 2.82 2.65 2.24 2.22 2.49 2.43 2.42 2.39 1.92 1.77 2.16 2.39 2.17 2.01 2.14 2.31 2.41 2.59 2.93 2.89 2.64 2.72 2.80
1.73 1.73 1.72 1.71 1.69 1.69 1.68 1.66 1.66 1.63 1.59 1.53 1.45 1.28 1.35 1.85 2.13 2.07 1.92 1.86 1.87 1.84 1.82 1.88 1.97 1.93 1.71 1.62 1.73 1.79 1.92 1.99 1.88 1.90 1.98 2.00 2.07 2.14 2.12 2.13 2.12 2.04 2.20 2.37 2.17 2.05 2.19 2.04 1.82 2.09 2.44 2.37 2.25 2.35 2.44 2.57 2.54 2.02 1.67 2.22 2.78 2.90 2.60 2.09 2.20 2.68 2.70 2.57 2.48 2.07 1.81 1.96 2.16 2.05 2.01 2.07 2.09 2.36 2.80 3.07 2.78 2.48 2.57 2.60
1.73 1.73 1.72 1.71 1.70 1.69 1.68 1.67 1.66 1.65 1.61 1.56 1.50 1.40 1.41 1.72 2.01 2.03 1.94 1.87 1.82 1.76 1.74 1.80 1.91 1.91 1.76 1.63 1.68 1.82 1.93 1.91 1.85 1.92 2.05 2.11 2.11 2.08 2.05 2.11 2.13 2.10 2.18 2.25 2.20 2.13 2.12 2.10 2.11 2.19 2.24 2.24 2.26 2.30 2.32 2.44 2.59 2.36 2.00 2.30 2.80 2.89 2.52 2.12 2.23 2.70 2.92 2.74 2.45 2.19 1.99 1.87 2.04 2.09 1.90 1.89 2.01 2.44 2.94 2.89 2.56 2.48 2.45 2.42
1.72 1.73 1.72 1.71 1.70 1.69 1.68 1.68 1.66 1.65 1.64 1.60 1.55 1.50 1.50 1.65 1.87 1.93 1.88 1.85 1.80 1.74 1.71 1.76 1.84 1.85 1.79 1.70 1.67 1.76 1.84 1.81 1.80 1.90 2.08 2.22 2.20 2.07 1.99 2.09 2.12 2.11 2.19 2.17 2.17 2.23 2.15 2.05 2.17 2.33 2.25 2.14 2.13 2.19 2.25 2.35 2.51 2.48 2.30 2.39 2.78 2.87 2.51 2.26 2.35 2.68 2.99 2.82 2.44 2.39 2.24 1.90 1.99 2.03 1.75 1.75 1.96 2.34 2.76 2.67 2.50 2.51 2.32 2.22
1.73 1.72 1.71 1.71 1.70 1.70 1.69 1.69 1.67 1.64 1.64 1.64 1.60 1.56 1.57 1.65 1.77 1.82 1.82 1.81 1.77 1.73 1.71 1.73 1.78 1.80 1.79 1.74 1.69 1.71 1.72 1.71 1.75 1.86 2.05 2.23 2.26 2.10 1.96 2.07 2.10 2.10 2.19 2.18 2.18 2.29 2.30 2.08 2.06 2.33 2.36 2.18 2.05 2.03 2.17 2.30 2.41 2.52 2.50 2.48 2.70 2.84 2.60 2.39 2.47 2.69 2.91 2.83 2.65 2.63 2.33 1.88 1.91 1.95 1.74 1.65 1.75 2.11 2.51 2.61 2.56 2.53 2.28 2.07
1.74 1.73 1.71 1.70 1.70 1.70 1.70 1.70 1.68 1.63 1.63 1.66 1.63 1.60 1.62 1.65 1.71 1.75 1.77 1.77 1.74 1.71 1.71 1.71 1.74 1.77 1.77 1.74 1.71 1.67 1.61 1.61 1.74 1.92 2.08 2.23 2.31 2.16 1.98 2.05 2.08 2.10 2.17 2.21 2.27 2.34 2.35 2.16 2.05 2.27 2.39 2.28 2.12 2.00 2.07 2.16 2.27 2.46 2.60 2.58 2.61 2.86 2.81 2.52 2.55 2.73 2.79 2.86 2.88 2.68 2.20 1.82 1.87 1.98 1.79 1.47 1.52 1.98 2.45 2.65 2.65 2.54 2.31 2.04
1.74 1.73 1.71 1.70 1.70 1.70 1.70 1.71 1.69 1.65 1.64 1.67 1.66 1.62 1.63 1.65 1.67 1.71 1.74 1.73 1.71 1.69 1.69 1.69 1.71 1.74 1.75 1.73 1.70 1.65 1.54 1.50 1.69 1.98 2.08 2.19 2.33 2.22 2.00 2.02 2.06 2.12 2.20 2.28 2.37 2.38 2.34 2.22 2.12 2.22 2.39 2.37 2.24 2.09 2.01 2.04 2.16 2.31 2.50 2.62 2.61 2.91 3.01 2.66 2.66 2.80 2.76 2.90 2.91 2.47 2.00 1.83 1.95 2.11 1.83 1.33 1.30 1.82 2.39 2.75 2.76 2.50 2.36 2.13
1.73 1.73 1.71 1.70 1.70 1.69 1.69 1.70 1.70 1.67 1.64 1.66 1.67 1.64 1.62 1.63 1.64 1.68 1.72 1.70 1.68 1.68 1.68 1.66 1.67 1.71 1.72 1.71 1.70 1.64 1.50 1.40 1.64 1.97 2.05 2.12 2.25 2.23 2.07 1.99 2.01 2.10 2.24 2.36 2.45 2.43 2.36 2.26 2.17 2.20 2.39 2.40 2.30 2.20 2.07 2.02 2.11 2.18 2.22 2.50 2.68 2.99 3.17 2.88 2.86 2.87 2.75 2.82 2.68 2.26 1.96 1.91 2.13 2.30 1.92 1.29 1.09 1.56 2.21 2.73 2.86 2.60 2.54 2.31
1.73 1.72 1.71 1.71 1.70 1.69 1.68 1.69 1.70 1.69 1.65 1.63 1.66 1.66 1.63 1.62 1.62 1.65 1.69 1.67 1.66 1.66 1.65 1.63 1.64 1.67 1.69 1.71 1.72 1.65 1.48 1.36 1.59 1.90 2.03 2.12 2.14 2.14 2.10 1.99 1.95 2.06 2.21 2.40 2.56 2.49 2.32 2.30 2.23 2.20 2.39 2.41 2.33 2.32 2.18 2.04 2.10 2.11 1.98 2.25 2.69 3.08 3.36 3.28 3.07 2.79 2.59 2.54 2.37 2.17 2.03 2.04 2.35 2.47 2.00 1.29 1.00 1.41 1.92 2.40 2.78 2.77 2.74 2.55
1.73 1.71 1.70 1.71 1.70 1.69 1.68 1.69 1.71 1.70 1.66 1.62 1.63 1.66 1.64 1.62 1.62 1.63 1.65 1.63 1.62 1.64 1.62 1.59 1.60 1.63 1.65 1.72 1.81 1.70 1.49 1.39 1.51 1.76 1.97 2.10 2.13 2.12 2.10 1.99 1.92 1.98 2.13 2.41 2.65 2.46 2.27 2.36 2.32 2.27 2.38 2.41 2.39 2.38 2.25 2.09 2.10 2.05 1.88 2.03 2.56 3.18 3.62 3.58 3.04 2.52 2.31 2.20 2.15 2.16 2.13 2.26 2.62 2.53 1.86 1.27 1.15 1.42 1.68 1.96 2.47 2.75 2.77 2.75
1.73 1.72 1.70 1.70 1.70 1.68 1.67 1.69 1.71 1.70 1.66 1.62 1.61 1.63 1.62 1.62 1.62 1.62 1.62 1.61 1.59 1.60 1.58 1.55 1.55 1.56 1.62 1.78 1.96 1.82 1.55 1.46 1.48 1.59 1.83 2.01 2.12 2.24 2.16 1.97 1.90 1.92 2.06 2.43 2.58 2.34 2.31 2.43 2.41 2.38 2.40 2.46 2.47 2.40 2.29 2.11 2.02 2.01 1.94 2.01 2.51 3.36 3.81 3.51 2.80 2.31 2.05 1.93 2.07 2.26 2.39 2.65 2.75 2.31 1.62 1.26 1.50 1.66 1.57 1.66 2.12 2.48 2.54 2.75
1.73 1.72 1.70 1.70 1.70 1.67 1.66 1.69 1.71 1.69 1.66 1.64 1.62 1.60 1.59 1.60 1.61 1.60 1.59 1.58 1.57 1.56 1.54 1.50 1.48 1.45 1.54 1.86 2.11 1.98 1.71 1.58 1.53 1.47 1.58 1.78 2.02 2.37 2.34 2.00 1.88 1.94 2.07 2.38 2.41 2.19 2.35 2.53 2.51 2.44 2.41 2.55 2.58 2.50 2.35 1.98 1.81 1.99 2.12 2.23 2.89 3.72 3.71 3.08 2.57 2.25 1.95 1.81 2.04 2.47 2.90 2.99 2.60 2.03 1.36 1.14 1.74 2.09 1.72 1.58 1.88 2.12 2.20 2.51
1.72 1.72 1.71 1.70 1.69 1.67 1.66 1.70 1.70 1.67 1.65 1.64 1.63 1.59 1.57 1.59 1.59 1.57 1.57 1.56 1.55 1.52 1.49 1.44 1.39 1.32 1.41 1.84 2.16 2.11 1.98 1.85 1.66 1.49 1.43 1.47 1.76 2.34 2.50 2.10 1.86 2.02 2.10 2.23 2.24 2.05 2.25 2.58 2.68 2.47 2.34 2.61 2.72 2.69 2.42 1.69 1.51 2.02 2.40 2.67 3.37 3.82 3.29 2.54 2.29 2.17 1.89 1.80 2.09 2.70 3.28 3.06 2.36 1.78 1.18 0.98 1.71 2.47 2.16 1.65 1.70 1.81 1.96 2.31
1.71 1.72 1.72 1.70 1.69 1.67 1.67 1.69 1.67 1.65 1.65 1.64 1.63 1.60 1.57 1.57 1.57 1.54 1.53 1.54 1.53 1.50 1.44 1.37 1.29 1.20 1.31 1.72 2.07 2.18 2.27 2.21 1.90 1.66 1.49 1.34 1.55 2.17 2.54 2.18 1.93 2.11 2.09 2.11 2.08 1.94 2.09 2.45 2.82 2.60 2.24 2.56 2.86 2.88 2.49 1.49 1.26 2.05 2.76 3.15 3.57 3.57 2.92 2.24 2.05 2.02 1.79 1.80 2.32 2.99 3.38 2.99 2.24 1.66 1.12 0.96 1.53 2.56 2.59 1.94 1.65 1.61 1.83 2.25
1.70 1.71 1.71 1.71 1.70 1.67 1.67 1.68 1.66 1.63 1.63 1.64 1.63 1.61 1.58 1.55 1.54 1.52 1.50 1.51 1.50 1.47 1.41 1.33 1.21 1.10 1.19 1.51 1.80 2.02 2.36 2.56 2.30 1.99 1.71 1.36 1.43 2.06 2.51 2.21 2.03 2.12 2.04 2.12 1.99 1.84 2.00 2.26 2.73 2.70 2.30 2.52 2.90 3.01 2.62 1.64 1.28 2.04 3.04 3.62 3.59 3.11 2.63 2.23 2.00 1.91 1.67 1.83 2.69 3.30 3.31 2.77 2.14 1.68 1.21 1.10 1.57 2.41 2.82 2.44 1.81 1.50 1.68 2.13
1.71 1.70 1.69 1.71 1.72 1.69 1.66 1.66 1.65 1.63 1.62 1.62 1.62 1.61 1.59 1.55 1.52 1.50 1.48 1.48 1.47 1.43 1.38 1.30 1.17 1.07 1.11 1.30 1.47 1.66 2.08 2.54 2.59 2.41 1.97 1.35 1.38 2.00 2.45 2.22 2.05 2.06 1.97 2.13 2.03 1.83 1.99 2.22 2.54 2.56 2.37 2.52 2.82 3.08 2.81 1.92 1.60 2.20 3.19 3.92 3.49 2.56 2.29 2.28 2.14 1.92 1.61 1.87 2.99 3.57 3.11 2.38 2.04 1.74 1.33 1.30 1.56 2.17 2.88 2.87 2.09 1.47 1.53 1.94
1.73 1.70 1.67 1.70 1.74 1.71 1.65 1.64 1.64 1.62 1.61 1.61 1.61 1.60 1.59 1.55 1.51 1.48 1.46 1.46 1.44 1.39 1.34 1.28 1.17 1.08 1.07 1.14 1.24 1.45 1.87 2.32 2.58 2.67 2.18 1.31 1.32 2.02 2.37 2.19 2.05 1.96 1.88 2.05 2.02 1.88 2.05 2.30 2.38 2.34 2.31 2.42 2.61 3.01 2.89 2.11 2.04 2.61 3.36 4.00 3.41 2.24 1.99 2.28 2.42 2.07 1.62 1.91 3.13 3.67 2.83 2.14 2.05 1.78 1.37 1.33 1.47 1.99 2.82 3.12 2.42 1.57 1.50 1.83
1.74 1.70 1.65 1.68 1.75 1.71 1.63 1.63 1.63 1.61 1.60 1.60 1.61 1.60 1.59 1.55 1.51 1.48 1.45 1.43 1.42 1.37 1.30 1.26 1.20 1.08 1.04 1.02 1.06 1.33 1.85 2.28 2.54 2.82 2.37 1.33 1.30 2.06 2.25 2.06 2.04 1.90 1.84 1.99 1.96 1.93 2.16 2.33 2.25 2.27 2.32 2.32 2.40 2.75 2.81 2.26 2.27 2.95 3.63 3.97 3.21 2.03 1.73 2.25 2.75 2.38 1.73 1.90 3.08 3.62 2.76 2.18 2.16 1.76 1.32 1.25 1.37 1.85 2.68 3.21 2.64 1.78 1.68 1.85
1.72 1.71 1.66 1.69 1.75 1.69 1.62 1.62 1.63 1.61 1.58 1.59 1.60 1.59 1.58 1.54 1.51 1.50 1.46 1.42 1.41 1.35 1.26 1.24 1.22 1.10 1.00 0.91 0.89 1.15 1.71 2.22 2.46 2.85 2.70 1.54 1.27 1.99 2.13 1.94 2.00 1.90 1.85 1.99 1.95 2.01 2.23 2.24 2.18 2.29 2.34 2.30 2.31 2.45 2.57 2.36 2.32 2.90 3.71 4.03 3.25 1.95 1.46 2.09 2.96 2.82 2.06 1.92 2.75 3.45 2.93 2.38 2.20 1.68 1.28 1.20 1.30 1.69 2.47 3.09 2.82 2.18 2.06 2.04
1.69 1.69 1.69 1.73 1.74 1.67 1.62 1.61 1.63 1.61 1.57 1.58 1.58 1.58 1.57 1.54 1.51 1.50 1.46 1.42 1.40 1.35 1.26 1.22 1.20 1.11 0.99 0.86 0.79 1.01 1.54 2.03 2.29 2.71 2.89 2.05 1.34 1.79 2.03 1.91 1.97 1.93 1.90 1.98 2.01 2.12 2.18 2.13 2.19 2.30 2.32 2.32 2.32 2.29 2.36 2.44 2.46 2.68 3.36 4.02 3.57 2.16 1.30 1.75 2.90 3.20 2.64 2.18 2.60 3.23 2.92 2.45 2.17 1.68 1.34 1.24 1.29 1.59 2.10 2.69 2.88 2.63 2.50 2.44
1.66 1.67 1.69 1.75 1.74 1.66 1.61 1.61 1.63 1.61 1.58 1.57 1.57 1.56 1.55 1.53 1.51 1.50 1.46 1.43 1.41 1.37 1.29 1.23 1.16 1.09 0.97 0.86 0.80 1.01 1.47 1.81 2.11 2.52 2.82 2.39 1.67 1.67 1.93 1.91 1.92 1.96 1.99 2.00 2.11 2.24 2.10 2.08 2.23 2.28 2.30 2.34 2.34 2.28 2.34 2.49 2.58 2.62 2.95 3.78 3.77 2.47 1.35 1.45 2.52 3.31 3.23 2.76 2.86 3.01 2.56 2.33 2.18 1.77 1.50 1.33 1.29 1.54 1.80 2.13 2.54 2.70 2.83 2.89
1.66 1.66 1.68 1.74 1.73 1.66 1.61 1.60 1.62 1.62 1.59 1.57 1.56 1.55 1.54 1.53 1.51 1.50 1.47 1.43 1.42 1.38 1.32 1.26 1.17 1.07 0.95 0.84 0.84 1.14 1.47 1.66 1.99 2.37 2.59 2.40 1.97 1.80 1.93 1.96 1.89 1.95 2.05 2.06 2.19 2.30 2.10 2.10 2.23 2.24 2.30 2.32 2.33 2.36 2.40 2.47 2.58 2.66 2.83 3.48 3.75 2.75 1.59 1.36 1.99 3.04 3.58 3.45 3.13 2.60 2.10 2.20 2.22 1.90 1.63 1.39 1.26 1.45 1.78 1.97 2.07 2.32 2.76 3.15
1.66 1.66 1.69 1.71 1.69 1.66 1.63 1.61 1.60 1.62 1.60 1.57 1.55 1.55 1.55 1.53 1.51 1.49 1.48 1.45 1.43 1.39 1.35 1.29 1.21 1.08 0.95 0.81 0.90 1.32 1.49 1.60 1.87 2.14 2.38 2.22 1.92 1.92 2.06 2.04 1.95 1.98 2.05 2.13 2.27 2.29 2.13 2.14 2.20 2.27 2.35 2.27 2.25 2.42 2.48 2.41 2.46 2.68 2.86 3.28 3.61 2.99 1.98 1.44 1.61 2.60 3.69 3.91 3.17 2.27 1.99 2.21 2.33 1.99 1.55 1.41 1.27 1.25 1.84 2.13 1.83 1.89 2.38 2.97
