windninja/windninja_output/Output_2025-10-23_2100-2150_Google earth_Fire_150m_10min/merlingen_7.5mi_point_10-23-2025_2100_150m_ang.asc
ncols	158
nrows	163
xllcorner	391686.332397
yllcorner	5160024.123721
cellsize	150.000000
NODATA_value	-32768.000000
[rows 42 to 83 of 163, columns 0 to 93 of 158]
261 261 260 259 259 259 259 258 257 257 257 257 256 256 256 255 255 255 255 256 256 256 256 256 257 258 259 262 264 266 265 262 260 256 248 242 242 246 248 247 245 244 242 244 246 244 241 239 240 246 252 253 248 246 249 248 244 242 245 245 243 241 242 241 241 247 250 250 248 243 237 239 242 239 246 249 230 202 209 226 234 236 242 248 252 250 240 237 243 250 255 254 252 254
261 260 259 259 259 259 259 258 257 257 257 257 256 256 256 255 255 255 256 256 256 256 256 256 256 257 258 261 263 265 264 261 259 256 253 249 250 252 250 248 247 246 247 249 247 241 240 242 246 252 256 253 245 241 245 246 243 241 243 246 248 250 250 247 246 248 250 249 242 232 228 233 235 234 240 238 218 201 208 226 235 240 248 255 254 243 234 236 243 249 254 254 255 258
260 260 259 260 260 259 258 258 258 257 257 257 256 256 256 256 255 255 256 256 255 255 256 256 256 257 258 260 261 262 262 261 259 258 257 259 262 259 254 251 249 250 253 252 245 239 241 246 251 255 254 248 240 236 239 241 241 241 244 248 250 253 255 256 257 256 253 249 239 229 228 232 232 232 234 228 212 202 212 229 240 247 254 256 248 237 234 239 244 249 253 256 262 263
260 260 260 260 260 259 258 258 258 257 257 257 256 256 256 255 255 255 256 255 255 255 255 256 256 257 258 259 259 260 261 261 260 260 261 266 268 264 259 255 254 255 255 250 241 238 244 250 256 255 251 244 239 235 237 240 240 243 248 251 252 254 257 261 263 261 255 248 239 235 237 238 237 235 232 225 210 203 216 232 244 253 256 252 242 236 237 241 245 248 253 260 266 263
260 260 260 260 259 259 259 259 258 257 257 257 256 256 256 256 256 256 255 255 255 255 255 256 256 257 257 257 258 259 260 261 261 261 263 266 268 268 264 261 259 258 255 247 239 243 250 255 257 252 246 241 237 236 238 240 242 248 254 256 254 255 259 263 263 260 254 247 240 240 244 243 241 238 232 223 211 206 221 237 247 253 253 248 242 240 242 244 244 247 252 262 265 260
260 260 260 259 258 259 260 260 259 258 257 257 256 256 256 256 256 256 255 255 255 255 255 256 256 257 257 257 258 258 260 260 261 263 265 266 267 269 268 266 264 261 255 245 241 249 257 258 254 246 241 237 234 236 237 240 246 252 258 261 259 259 261 262 261 258 252 246 241 240 243 244 242 238 231 223 215 215 229 243 250 252 250 247 244 243 245 245 245 248 253 258 260 255
260 260 259 258 257 259 261 261 260 259 258 257 257 256 256 256 256 256 256 255 255 255 255 256 256 256 256 257 257 258 259 260 261 262 265 267 268 269 269 269 267 264 256 247 247 254 258 256 249 241 236 234 237 240 240 243 251 257 260 260 259 260 260 260 260 258 252 246 242 242 243 243 241 237 230 224 221 224 234 244 248 249 249 246 244 244 245 245 248 251 252 253 253 251
260 260 258 256 257 259 261 262 261 260 259 258 257 257 256 256 256 256 256 255 255 255 255 255 256 256 256 256 257 257 258 259 260 261 263 266 268 268 269 270 268 265 260 255 256 259 257 252 245 236 230 234 239 242 243 249 256 261 261 256 254 257 257 258 260 257 252 247 243 242 242 241 239 234 229 225 224 227 234 241 245 247 247 246 244 244 244 245 249 250 249 248 248 247
260 260 257 255 257 259 259 261 262 261 259 258 257 257 256 256 256 256 255 255 255 255 255 255 255 256 256 256 256 257 258 258 259 260 262 265 268 268 268 268 267 266 264 263 263 262 256 249 242 235 233 239 244 244 246 253 260 261 256 251 251 253 256 259 260 256 251 246 244 243 242 241 237 233 230 228 227 228 233 239 244 246 245 245 246 247 247 249 250 248 246 245 244 244
261 260 257 256 258 259 257 258 260 262 260 258 258 257 257 256 256 256 255 255 255 255 255 255 256 255 255 256 256 257 257 258 259 260 261 264 267 269 268 267 266 267 268 267 266 262 254 244 239 237 240 247 249 250 254 260 261 256 249 247 248 251 258 261 260 254 249 244 242 242 241 239 236 233 232 232 230 230 234 239 242 244 246 247 248 250 251 251 250 248 244 243 242 242
262 261 258 259 261 260 257 257 258 260 260 259 258 257 257 257 256 256 256 256 256 255 255 256 256 255 255 256 256 256 257 257 258 259 260 262 265 267 269 268 267 268 269 270 266 261 252 240 237 239 243 247 249 252 260 264 260 252 246 244 247 252 259 262 258 251 246 241 240 240 239 237 234 233 234 235 234 235 238 241 241 242 246 250 253 255 254 252 251 247 244 242 240 241
259 259 260 261 261 260 257 256 257 258 259 259 258 257 257 257 257 256 256 256 256 256 256 256 255 255 255 256 256 256 257 257 258 259 260 261 263 265 267 269 269 269 269 270 266 259 249 240 241 243 244 246 248 253 260 262 256 247 243 244 248 254 261 261 256 248 241 236 237 238 237 234 231 232 235 236 236 238 244 245 242 242 244 246 250 255 257 254 250 246 244 243 240 240
256 257 260 263 262 259 257 255 255 256 259 260 259 258 258 257 257 256 256 256 256 256 256 256 255 255 255 256 256 256 256 257 257 258 259 260 261 263 265 269 271 270 268 267 266 260 252 246 250 249 245 248 252 256 260 259 250 242 242 245 249 256 261 259 252 243 235 230 233 234 232 230 231 234 237 237 236 240 246 247 244 244 244 242 243 247 253 253 249 245 244 244 244 245
256 257 258 262 263 261 259 256 254 254 257 260 261 260 259 258 257 257 256 256 256 256 256 256 256 255 256 256 256 256 256 257 257 258 259 259 260 262 264 267 270 271 268 266 267 266 261 258 257 251 246 251 254 257 260 255 244 240 244 248 252 257 259 256 249 239 231 227 231 232 229 229 233 237 238 237 237 242 246 246 246 246 244 241 240 241 241 243 244 245 248 250 252 257
257 257 257 257 261 262 262 260 256 255 255 257 260 261 260 259 258 258 257 257 256 256 256 256 256 256 256 256 256 256 256 256 257 257 258 259 260 261 262 264 266 268 267 267 268 270 271 268 263 254 250 254 255 258 259 252 240 241 247 252 256 258 257 253 246 237 230 229 232 232 229 231 235 236 237 236 238 243 245 245 245 246 245 242 241 239 236 234 236 243 252 259 267 274
258 258 256 255 255 258 260 262 260 258 255 254 256 260 261 260 259 258 258 257 257 256 256 256 256 256 256 256 256 256 256 256 257 257 258 258 259 260 261 262 263 265 266 267 268 271 275 275 270 262 257 257 258 261 259 249 239 243 250 255 258 258 255 251 243 235 229 228 229 230 231 234 236 236 236 236 238 243 244 242 241 243 244 243 243 241 238 235 235 241 254 269 282 284
257 257 257 255 255 255 256 259 263 262 257 252 252 255 260 262 261 259 258 258 257 257 256 256 256 256 256 256 256 256 256 256 257 257 257 258 258 259 260 261 262 263 264 266 268 270 274 278 279 275 267 263 262 263 258 249 242 249 256 258 258 256 253 249 242 233 227 223 223 228 233 235 236 237 237 237 240 243 241 238 237 238 241 241 242 242 241 241 243 251 266 277 283 283
257 256 256 256 256 256 256 258 262 263 260 255 252 253 256 261 262 261 260 258 258 257 257 257 256 256 256 256 256 256 256 256 256 257 257 257 258 258 259 260 261 262 263 264 266 268 271 275 280 285 283 273 267 264 258 249 247 256 260 260 258 255 252 247 242 234 226 218 219 230 235 236 238 239 238 238 243 243 239 236 235 237 238 237 238 239 241 246 255 269 277 278 278 276
256 256 255 255 256 257 257 258 260 262 261 259 255 253 252 255 259 262 262 260 258 258 257 256 256 256 256 256 256 256 256 256 256 257 257 257 257 258 258 259 260 261 262 263 264 266 268 271 277 286 293 284 272 265 258 251 252 261 263 261 258 255 252 247 242 236 227 216 223 235 238 238 241 241 239 240 243 241 237 236 236 237 238 236 236 239 244 253 268 278 279 275 271 263
256 256 255 255 255 256 257 259 260 260 261 261 260 256 251 251 254 258 262 262 260 259 258 256 256 256 256 256 256 256 256 256 256 256 257 257 257 258 258 259 259 260 261 262 263 264 266 269 273 281 291 290 279 269 260 255 259 264 263 261 259 256 253 249 243 237 227 217 229 239 240 241 244 243 241 242 242 237 235 235 235 237 238 238 240 244 253 265 275 279 277 270 260 247
256 256 256 256 256 256 257 258 259 259 261 262 262 260 254 251 250 253 257 260 262 261 259 257 256 256 257 257 257 256 256 256 256 256 257 257 257 257 258 258 259 259 260 261 262 263 265 267 271 276 284 289 282 274 265 261 264 265 264 262 259 257 254 249 244 238 226 222 234 241 241 243 245 244 242 241 239 236 234 233 235 236 238 241 245 253 266 277 279 276 270 261 249 239
257 258 258 258 258 258 258 258 258 258 260 262 263 262 259 254 251 250 252 256 259 261 259 258 257 256 257 257 257 257 256 256 256 256 256 257 257 257 257 258 258 259 259 260 261 262 264 266 268 272 279 285 283 277 270 265 265 265 264 262 259 256 252 248 246 241 232 233 240 241 242 245 246 245 241 238 236 235 232 231 233 234 237 243 250 261 274 281 279 271 257 249 241 235
258 258 259 259 260 261 260 259 259 258 258 261 263 262 261 259 254 250 249 251 255 258 259 259 258 257 257 257 257 257 257 257 256 256 256 257 257 257 257 257 258 258 259 260 260 262 263 264 266 269 274 281 282 279 276 270 265 264 264 264 260 253 248 249 252 249 243 244 245 243 243 245 247 244 239 236 235 233 228 228 230 233 239 247 256 270 276 277 272 258 247 241 235 232
256 256 257 258 259 260 260 260 260 260 259 261 263 263 261 261 259 254 250 249 250 253 256 259 259 259 258 257 257 257 257 257 257 257 257 257 257 257 257 257 257 258 258 259 260 261 262 263 265 267 271 276 280 280 281 279 270 264 263 262 257 247 245 250 252 250 249 248 246 245 245 247 247 244 238 236 235 230 225 226 232 238 246 253 264 272 273 269 258 245 239 234 230 229
251 250 252 256 258 259 258 257 257 259 261 261 261 263 263 261 260 258 253 250 248 248 251 255 258 259 259 257 257 257 257 257 257 257 257 257 257 257 257 257 257 258 258 259 259 260 261 262 264 266 268 272 276 278 281 285 279 269 263 259 251 243 248 251 250 248 248 247 247 248 248 249 248 243 238 236 234 229 224 227 235 244 253 261 267 268 266 258 245 237 231 227 227 225
241 243 245 248 253 258 256 253 254 257 260 260 258 259 262 261 259 259 258 254 250 246 247 250 253 256 258 259 259 258 258 257 257 257 257 257 257 257 257 257 257 257 258 258 259 259 260 261 263 264 266 268 271 274 278 283 283 277 267 260 252 251 257 256 252 249 246 245 248 250 250 251 250 244 239 236 233 227 223 230 240 250 260 264 266 264 258 245 237 232 226 223 223 223
234 240 242 242 245 249 247 245 249 255 258 257 256 256 256 258 259 259 260 258 254 250 248 247 247 249 253 257 260 261 260 259 258 258 257 257 257 257 257 257 257 257 257 258 258 259 260 260 262 263 264 266 268 270 273 277 279 279 273 266 263 267 269 265 259 252 247 246 248 250 250 252 252 247 241 238 234 228 227 238 248 257 261 261 266 263 251 237 233 227 223 220 222 223
245 252 253 248 247 246 239 237 245 250 250 247 247 247 248 250 254 257 259 258 256 255 253 250 246 243 247 254 259 261 262 261 260 259 258 257 257 257 257 257 257 257 257 257 258 258 259 260 261 262 263 264 265 267 269 271 273 274 274 271 270 275 277 273 267 260 254 252 250 249 248 252 254 248 242 241 238 234 236 248 256 260 258 259 269 263 246 234 229 223 219 218 221 224
255 262 269 269 264 256 247 246 251 252 247 243 242 241 242 243 246 250 254 256 257 256 256 254 248 242 246 251 255 258 260 262 262 260 259 258 257 257 257 257 257 257 257 257 258 258 258 259 260 261 262 263 264 265 266 267 268 269 270 270 271 275 278 277 275 272 268 263 258 253 250 254 254 247 241 241 242 242 246 254 258 257 257 264 269 261 241 230 225 220 217 218 221 223
256 262 270 274 273 268 265 266 267 262 254 251 250 248 246 245 245 246 248 250 253 255 256 255 249 244 246 248 249 252 255 259 261 262 260 259 258 258 257 257 257 257 257 257 257 258 258 259 259 260 261 261 262 263 264 265 266 266 267 267 269 271 273 275 277 279 278 275 270 265 262 260 256 247 242 243 245 247 250 254 257 257 262 270 267 251 233 225 221 219 218 220 222 223
258 261 268 271 271 271 271 275 275 268 260 259 260 258 255 253 251 250 248 247 248 251 253 253 250 248 249 248 247 248 250 253 257 261 262 261 259 258 257 257 257 257 257 257 257 257 258 258 259 259 260 260 261 262 262 263 264 264 265 265 266 267 269 270 273 275 277 278 278 279 279 273 262 252 248 249 251 250 248 252 257 263 271 272 261 238 224 221 221 222 221 224 227 229
260 263 268 270 271 272 273 274 274 269 263 262 261 260 259 258 257 256 254 251 249 249 250 250 249 249 251 250 248 247 247 249 252 256 260 261 260 259 258 257 257 257 257 257 257 257 257 258 258 259 259 260 260 261 261 262 262 263 263 264 265 265 266 267 269 270 272 274 277 282 285 282 273 264 260 260 259 255 249 253 262 271 276 269 251 229 220 219 223 224 223 227 232 243
261 265 270 273 274 274 274 274 272 270 267 264 262 261 260 259 259 259 258 256 255 253 251 250 249 249 251 251 249 248 247 248 250 252 254 257 258 259 259 258 257 257 256 257 257 257 257 257 258 258 259 259 260 260 260 261 261 262 262 263 263 264 265 266 266 267 268 270 273 277 280 281 280 277 274 271 267 260 253 259 271 276 273 259 237 223 219 221 226 227 229 230 236 266
262 265 271 276 278 278 278 276 273 271 270 267 265 263 262 261 260 259 258 258 257 256 254 253 252 251 252 252 251 249 248 248 249 251 252 254 256 258 258 258 257 257 256 256 257 257 257 257 258 258 258 259 259 259 260 260 260 261 261 262 262 263 263 264 265 266 267 268 270 272 273 275 279 283 285 280 274 264 259 270 278 275 265 246 227 218 219 224 228 233 240 243 260 275
261 264 270 276 281 283 283 281 278 275 273 270 268 266 265 264 262 261 259 258 257 256 255 254 253 251 253 255 254 250 249 249 249 250 252 254 256 258 258 258 257 257 256 256 256 257 257 257 258 258 258 258 259 259 259 259 260 260 260 261 261 262 262 263 263 264 265 267 268 269 270 272 275 281 288 288 284 276 272 278 278 269 254 236 224 222 226 229 233 243 256 275 285 280
262 263 266 273 282 287 287 286 283 281 277 274 270 268 267 265 264 263 261 259 258 257 256 255 252 250 254 258 257 254 250 249 249 249 251 253 255 257 258 258 257 256 256 256 256 257 257 257 258 258 258 258 259 259 259 259 259 259 260 260 260 261 261 262 262 263 264 265 266 267 268 270 273 277 283 289 291 292 287 280 273 260 244 233 230 235 240 239 244 258 275 288 287 279
264 262 259 266 280 289 292 291 289 287 283 277 272 269 268 266 265 264 262 260 258 258 257 255 250 248 253 257 258 256 251 249 248 248 250 250 252 253 256 258 258 256 256 256 256 256 257 257 258 258 258 259 259 259 259 259 259 259 259 259 260 260 261 261 262 262 263 264 265 266 267 269 271 274 278 285 292 300 295 281 267 249 235 233 233 237 241 247 263 273 279 283 282 274
261 257 250 256 271 286 294 296 294 294 287 278 273 270 268 267 266 265 263 260 259 259 258 256 251 249 252 254 255 254 252 251 249 248 250 250 249 249 252 256 258 257 257 256 256 257 257 258 258 259 259 259 259 259 259 259 259 259 259 259 259 260 260 260 261 262 262 263 264 265 266 267 269 271 275 279 288 299 298 281 262 241 233 233 232 234 243 262 273 277 277 276 275 271
253 250 247 252 262 275 292 295 294 294 288 278 272 270 268 267 266 265 263 261 260 259 258 256 253 252 253 253 252 252 253 253 250 248 248 248 247 247 249 251 254 256 257 257 257 258 258 259 260 261 261 261 260 259 259 258 258 258 259 259 259 259 260 260 260 261 262 262 263 264 265 266 268 270 272 276 282 292 295 282 260 242 237 235 233 241 261 276 278 276 274 272 271 269
251 252 255 261 269 273 272 274 279 280 278 273 270 268 268 267 266 264 264 263 262 260 259 257 254 255 256 255 252 252 253 254 252 249 247 245 245 246 247 247 248 250 253 256 258 260 260 260 262 265 266 264 262 260 259 258 258 258 258 259 259 259 259 260 260 260 261 262 262 263 264 265 267 268 271 274 278 285 290 285 267 248 242 239 241 259 278 281 279 275 272 270 268 266
262 263 267 274 277 268 255 251 255 259 261 264 266 266 266 265 265 264 264 264 263 262 260 258 255 256 258 256 254 253 254 255 256 254 251 247 245 245 246 246 244 244 246 249 252 255 256 257 259 262 265 266 264 261 259 258 258 258 258 258 258 259 259 259 260 260 261 261 262 263 264 265 266 268 269 272 275 281 286 289 285 257 245 247 262 279 282 281 278 274 271 268 265 263
265 266 270 272 267 257 250 246 245 247 252 259 262 263 264 264 264 265 265 266 266 264 262 260 257 257 257 256 254 253 253 254 255 255 255 253 250 248 248 247 245 244 244 245 246 247 248 250 252 253 254 257 260 260 259 258 258 258 258 258 258 259 259 259 259 260 260 261 261 262 263 264 265 267 269 271 274 278 284 293 305 289 256 261 280 285 283 279 277 275 271 268 265 263
