windninja/windninja_output/Output_2025-10-23_1300-1350_Google earth_Fire_150m_10min/merlingen_7.5mi_point_10-23-2025_1330_150m_ang.asc
ncols	158
nrows	163
xllcorner	391686.332397
yllcorner	5160024.123721
cellsize	150.000000
NODATA_value	-32768.000000
[rows 84 to 125 of 163, columns 0 to 93 of 158]
265 267 271 267 260 257 254 250 251 253 259 265 266 266 267 268 269 269 271 273 275 275 273 272 274 274 270 266 265 263 262 261 260 260 260 262 262 261 259 258 257 257 259 260 260 261 262 265 266 265 262 262 264 267 268 267 267 267 267 267 267 267 267 267 267 268 268 268 268 269 270 271 272 273 275 276 279 283 289 299 322 331 305 289 287 286 282 278 276 275 272 269 265 261
262 261 261 260 257 254 248 247 251 256 261 263 264 264 264 265 266 268 270 273 275 276 276 276 277 278 273 267 266 265 263 261 259 257 257 259 260 261 262 262 262 261 261 262 263 264 265 268 269 269 266 264 262 263 265 267 267 267 268 268 268 268 268 268 268 268 268 268 268 269 270 270 271 273 274 276 279 282 288 299 324 339 329 304 289 284 280 276 274 274 272 269 266 263
262 260 258 259 256 251 246 246 253 259 262 261 261 262 262 262 262 264 267 270 273 275 278 280 282 280 274 270 268 267 264 262 261 259 257 256 255 255 258 262 265 265 263 261 262 263 265 267 268 270 269 267 264 263 265 267 268 268 268 269 269 269 268 268 268 268 268 268 268 269 269 270 271 273 274 276 278 282 288 299 322 338 331 306 289 282 278 276 273 272 270 269 269 268
263 261 259 258 254 249 246 248 253 257 258 257 260 260 259 259 258 259 262 266 270 272 275 283 290 285 274 269 267 265 264 264 264 264 263 258 254 253 253 256 260 264 264 262 261 262 263 265 266 267 269 269 267 266 266 268 269 270 270 270 270 270 269 268 268 268 268 268 268 269 269 270 271 272 274 276 278 282 288 298 317 332 328 309 289 280 276 275 272 271 271 273 275 274
264 263 261 258 253 247 245 247 250 252 254 257 260 258 255 253 251 254 258 263 267 270 278 288 295 288 272 267 264 262 262 263 264 266 267 266 262 257 254 254 255 258 262 263 261 260 261 263 263 264 265 268 268 267 267 267 269 271 273 273 273 271 270 269 268 268 268 268 268 269 269 270 271 272 274 275 278 282 287 295 308 323 324 310 294 281 275 272 272 273 275 277 276 271
266 265 262 258 253 249 247 246 244 246 253 259 258 254 252 247 246 250 256 263 269 277 285 289 287 272 265 263 262 261 261 262 263 263 265 268 269 265 260 257 256 257 259 262 262 261 260 260 262 263 264 265 267 268 267 265 265 268 273 277 277 274 271 269 269 268 268 268 268 269 269 270 271 272 273 275 278 281 285 291 301 312 317 309 297 288 279 275 275 277 278 276 269 263
266 264 259 255 255 253 249 245 240 243 251 256 252 249 246 244 245 248 255 266 279 288 288 277 252 244 256 259 260 260 261 261 262 262 263 265 267 268 265 260 259 259 259 261 263 263 261 260 260 262 264 266 268 269 266 263 261 264 271 279 281 276 271 269 269 268 268 268 269 269 269 270 271 272 273 275 277 279 283 288 295 304 310 307 300 294 289 282 281 281 276 268 264 263
262 259 251 248 249 251 248 242 238 242 249 249 242 240 240 239 242 245 252 268 285 293 278 249 227 232 249 255 257 259 260 261 262 263 264 264 264 267 268 263 258 257 258 261 264 264 263 261 261 262 266 269 271 272 268 262 262 266 269 273 277 275 271 269 269 268 268 269 269 269 269 270 271 272 273 274 276 278 281 285 290 297 303 305 301 298 294 288 284 280 272 263 265 265
260 255 247 244 243 242 239 232 228 234 242 242 235 235 237 240 244 246 255 267 277 275 248 230 220 230 246 253 256 259 260 261 263 265 265 265 264 265 267 267 261 255 256 259 263 264 264 263 262 264 267 272 275 275 274 271 270 270 268 265 266 270 270 269 269 268 269 269 269 269 269 270 271 271 272 274 275 277 280 283 286 291 296 300 299 296 293 288 283 274 264 263 267 267
260 257 250 246 245 243 238 227 219 227 234 231 224 222 224 232 239 247 260 264 255 224 218 220 219 232 246 252 256 258 260 262 265 267 267 266 265 265 266 267 264 257 254 256 260 262 264 263 263 264 267 274 279 278 279 282 278 272 267 263 262 265 268 269 269 269 269 269 269 269 270 270 271 271 272 273 275 276 278 280 283 286 290 293 294 291 289 285 277 268 263 265 268 268
260 258 253 252 253 251 246 234 222 231 235 231 223 219 220 231 240 248 257 251 233 215 211 216 222 237 248 252 254 256 258 263 268 270 269 267 266 267 267 267 266 261 255 254 254 257 261 263 264 264 268 274 279 277 277 281 280 274 270 266 264 265 267 268 269 269 269 269 269 269 270 270 271 271 272 273 274 275 277 278 280 282 285 287 288 287 285 281 274 269 267 267 268 268
259 256 254 257 258 255 249 244 244 250 250 243 237 236 239 249 250 255 254 241 225 221 219 225 233 244 250 252 253 253 257 263 267 269 269 268 268 268 268 269 269 267 261 255 252 253 256 260 264 267 270 270 269 270 273 276 278 276 273 269 267 266 267 269 270 270 270 269 270 270 270 270 270 271 271 272 273 274 276 277 278 280 281 282 282 282 281 278 274 271 270 269 268 268
259 258 257 257 255 249 245 245 254 267 267 258 251 249 255 260 260 262 254 229 223 228 232 241 248 252 253 253 254 256 260 263 264 265 267 269 270 270 270 270 272 274 270 263 257 255 256 260 265 268 266 261 259 263 268 272 275 275 274 272 269 268 269 270 270 270 270 270 270 270 270 270 270 271 271 272 273 274 274 275 276 277 278 279 279 278 277 276 274 272 270 269 268 268
262 262 260 257 253 247 243 242 248 258 263 259 257 255 260 263 266 264 249 226 223 231 242 254 260 259 255 255 257 261 265 264 262 262 266 269 271 273 273 273 274 277 277 272 268 264 262 264 265 264 260 256 256 259 264 267 270 273 273 273 272 271 271 272 272 272 271 271 271 271 270 270 271 271 271 272 272 273 274 274 275 276 276 276 276 276 275 274 273 271 270 269 268 267
264 264 261 258 257 253 247 245 245 248 252 258 264 266 267 268 267 258 241 229 227 235 248 259 261 252 251 255 259 263 265 265 263 263 265 268 272 275 277 278 277 279 281 278 272 270 269 268 265 261 258 257 257 258 262 264 266 269 272 272 272 272 273 274 274 274 273 272 272 271 271 271 271 271 271 272 272 273 273 274 274 275 275 275 275 274 274 273 272 271 270 269 268 267
263 263 261 261 262 261 258 255 251 248 250 253 257 265 268 266 260 249 238 231 232 243 255 257 247 237 245 253 258 261 263 265 266 266 267 270 272 275 279 282 282 282 284 282 275 272 271 268 264 260 259 259 257 257 260 263 264 265 269 270 269 270 272 275 276 277 276 274 273 272 271 271 271 271 272 272 272 273 273 273 274 274 274 274 274 273 272 272 271 270 269 268 267 267
262 261 261 261 261 259 259 259 255 251 251 250 251 258 262 258 255 251 242 237 247 258 259 248 233 234 244 252 256 260 262 265 268 271 273 274 275 275 279 284 288 287 288 287 280 273 270 267 264 261 259 259 258 258 259 260 261 262 266 268 268 268 268 271 275 278 278 277 275 272 272 272 272 272 272 272 272 273 273 273 273 273 273 273 273 272 272 271 270 269 269 268 267 266
262 262 261 260 258 257 257 257 255 253 252 250 248 247 248 250 251 251 246 251 263 266 254 238 234 239 246 251 254 257 261 265 270 274 278 280 279 279 280 285 291 291 291 292 286 276 271 268 266 263 260 259 259 259 259 259 259 260 262 265 268 268 267 268 271 275 278 278 276 273 272 273 273 273 272 272 273 273 273 273 273 273 273 273 272 272 271 271 270 269 268 267 267 266
263 263 262 259 257 257 257 256 255 254 253 251 247 242 242 246 249 249 248 256 262 254 240 237 238 243 248 252 254 257 262 266 271 275 280 284 285 285 284 286 291 295 294 296 293 283 275 270 267 264 261 259 259 259 259 259 260 260 259 260 264 267 267 267 268 271 274 274 274 272 272 274 275 274 273 273 273 274 274 274 274 274 273 273 272 272 271 270 270 269 268 267 266 265
263 262 261 259 257 256 256 256 255 254 254 253 251 251 253 254 253 252 252 257 251 236 235 240 241 242 248 253 257 261 265 267 270 274 278 284 289 290 289 288 292 297 298 300 300 293 282 273 267 264 262 261 260 260 259 259 259 259 259 259 261 264 265 265 266 268 269 270 269 268 270 274 277 276 275 274 275 275 275 275 275 274 274 273 273 272 271 270 269 269 268 267 266 265
262 261 259 258 257 257 257 256 255 256 257 258 260 265 269 268 263 258 257 254 242 234 237 240 239 241 247 252 257 263 267 268 270 273 276 282 288 292 292 292 294 299 302 303 305 301 291 279 270 265 263 262 262 262 261 259 258 258 259 260 261 261 262 264 264 264 265 265 264 265 266 269 273 276 276 276 277 278 277 277 276 276 275 274 273 272 271 271 270 269 268 267 266 265
262 261 258 256 256 257 257 256 255 257 260 263 267 271 273 272 268 261 256 249 242 239 240 239 238 241 246 250 255 261 266 269 271 272 274 279 287 293 296 297 298 302 304 306 308 308 300 288 278 270 266 263 262 261 262 261 259 258 258 259 259 259 261 263 263 262 262 262 261 262 262 261 264 270 273 276 279 280 279 279 279 279 278 276 275 273 272 271 270 269 268 267 266 265
261 259 256 254 254 255 255 255 255 257 261 264 267 269 270 270 265 260 253 246 243 245 243 238 238 241 244 247 253 260 266 271 272 270 271 278 288 295 299 301 302 303 305 307 311 312 308 298 288 278 270 266 262 259 259 260 260 259 258 258 258 259 260 262 262 262 261 261 259 259 259 259 259 262 267 272 276 278 278 279 283 284 281 278 276 274 273 271 270 269 268 267 266 265
259 257 254 253 253 253 254 255 255 257 259 261 260 260 262 264 262 258 252 245 243 248 248 240 237 239 241 243 249 259 266 271 270 264 270 281 291 296 297 300 304 305 306 308 313 316 316 309 298 287 277 270 265 261 258 257 258 259 258 257 257 258 260 260 260 260 259 259 259 257 256 258 260 261 263 267 271 274 277 278 281 286 286 282 278 276 274 272 271 269 268 267 266 265
258 255 251 252 253 253 254 255 255 255 255 255 253 251 254 257 258 255 248 245 247 252 252 244 237 238 240 240 245 257 265 267 266 261 271 284 291 292 293 299 306 308 307 310 315 318 321 319 308 294 282 274 269 265 261 257 256 257 258 256 255 257 260 260 259 259 258 257 258 257 255 256 259 261 262 264 267 271 275 275 276 281 287 287 282 278 275 273 271 270 269 267 267 266
257 255 253 255 256 256 255 253 253 252 251 250 247 247 251 256 257 249 241 244 252 257 256 249 241 238 240 239 246 257 262 263 262 261 272 283 287 288 294 300 304 303 306 313 317 318 323 327 319 303 289 277 271 267 264 260 256 256 257 256 254 255 256 257 257 258 258 257 256 256 255 255 258 261 262 263 265 267 271 273 273 275 282 288 286 281 277 274 272 270 269 268 268 267
257 257 258 260 260 259 256 253 251 249 249 249 246 247 252 258 259 243 234 241 251 260 261 254 248 244 241 240 246 256 261 261 259 260 270 280 285 290 297 300 296 295 302 313 318 320 325 332 329 314 299 284 273 267 265 262 258 257 257 257 255 254 253 252 253 255 258 259 257 255 255 257 258 260 261 262 263 264 266 269 272 273 277 283 286 284 279 275 273 271 270 269 269 268
259 260 262 262 260 257 254 252 251 249 248 249 250 251 255 261 260 238 230 239 248 258 266 261 254 252 249 245 246 250 256 261 259 259 269 279 287 293 298 297 294 293 296 306 316 320 326 334 335 325 310 293 278 269 266 263 260 258 257 257 256 255 252 250 250 252 254 258 258 257 257 259 258 258 259 260 261 261 262 266 270 272 275 278 282 282 280 276 273 271 270 270 270 270
262 263 262 259 257 254 252 251 250 247 245 249 254 256 258 262 261 236 228 237 243 252 263 264 255 258 263 262 254 247 249 256 259 263 273 281 288 293 295 294 293 288 286 296 312 322 326 332 337 333 321 305 286 273 268 264 261 258 257 256 256 254 252 251 250 250 251 252 255 258 260 260 259 258 258 259 259 259 259 262 266 271 273 275 277 277 275 273 271 270 271 274 273 271
262 261 260 257 256 256 254 251 248 245 243 249 255 257 258 262 263 244 232 236 239 246 253 258 256 262 269 272 268 255 248 250 258 268 278 284 286 286 287 286 283 278 281 291 307 321 324 328 334 337 332 322 299 279 269 266 263 259 257 255 254 252 251 252 252 250 249 248 250 253 256 259 260 258 256 257 259 259 259 258 261 267 270 271 273 272 268 267 266 268 274 278 276 271
257 257 256 256 256 255 255 253 248 245 248 254 256 253 254 262 268 270 249 240 238 241 246 252 258 264 268 269 270 268 254 250 256 268 278 283 281 279 279 277 272 274 282 289 301 314 322 326 331 337 340 337 316 287 272 267 264 261 258 255 253 251 251 252 252 251 249 248 248 249 251 255 258 258 256 256 257 260 260 258 259 262 265 266 267 265 262 261 263 269 275 278 275 268
253 253 254 255 254 253 251 251 249 251 257 262 257 247 250 262 274 291 310 254 246 242 241 247 257 264 264 262 265 272 262 251 255 264 275 281 281 278 274 270 270 278 284 287 294 308 321 328 329 333 341 346 336 302 276 267 264 263 260 257 254 251 251 253 252 251 249 248 248 248 248 250 254 257 259 257 256 258 260 259 259 260 261 260 259 256 256 260 265 271 274 273 268 262
251 253 254 253 253 252 249 246 249 257 266 268 257 244 250 264 276 294 347 292 264 253 247 248 251 258 260 257 264 272 268 256 253 259 270 279 282 276 268 268 275 282 284 283 288 301 315 322 322 326 337 349 351 325 283 268 264 264 262 259 255 252 252 254 253 250 249 249 248 247 246 246 248 252 258 260 257 256 257 259 260 262 261 257 253 251 254 260 266 271 270 266 261 258
250 253 253 253 253 253 249 247 252 259 266 270 260 248 253 262 271 290 342 325 288 271 262 254 250 252 253 255 264 272 272 264 256 259 267 275 276 270 264 270 278 281 280 278 281 288 300 311 318 322 332 350 1 347 297 271 265 264 263 261 258 254 253 254 253 250 249 249 248 247 245 245 245 246 250 257 259 256 254 256 260 263 262 255 251 251 255 261 265 267 264 260 257 259
252 252 252 253 254 254 253 254 258 260 262 265 266 259 257 258 264 285 329 334 312 288 275 268 262 256 254 257 260 264 271 277 276 273 270 266 263 258 261 269 273 273 272 273 274 279 291 306 315 321 329 352 8 5 318 276 266 264 263 262 261 258 257 255 252 249 247 247 247 247 246 245 244 243 245 249 253 254 254 255 258 261 260 255 253 255 258 261 263 262 258 256 254 258
251 251 251 255 258 256 256 260 264 263 260 262 270 269 260 256 262 277 312 332 325 304 288 281 277 272 268 267 264 266 275 286 289 283 273 263 257 254 260 264 261 260 262 265 269 273 282 296 308 316 323 349 12 18 346 281 268 264 263 263 262 262 261 259 253 249 247 245 245 247 248 247 245 244 244 244 245 249 253 256 258 258 257 255 257 260 260 261 261 258 255 252 249 253
247 248 250 255 259 259 260 265 268 267 262 264 273 275 262 258 262 271 293 322 329 317 301 291 284 282 280 279 279 281 282 285 286 280 273 268 261 260 263 260 254 251 255 261 265 267 271 282 297 307 315 338 13 27 10 286 269 266 264 263 263 262 260 258 254 253 254 251 249 249 249 248 248 247 244 242 241 244 249 254 256 257 257 256 259 263 263 261 258 255 253 249 244 248
241 248 252 252 252 253 258 264 270 271 265 267 276 284 268 258 260 267 280 303 323 320 310 299 291 287 286 287 289 290 287 283 281 278 274 270 268 265 264 265 259 253 255 259 262 263 268 275 283 291 302 324 9 37 34 292 270 267 265 264 262 258 254 252 250 256 263 268 265 257 252 250 251 251 248 242 239 240 243 248 252 255 257 258 261 263 262 259 256 255 252 246 242 248
235 253 257 253 246 244 248 254 262 268 267 270 279 296 280 262 258 260 268 280 302 311 310 304 295 291 290 292 292 291 291 287 282 280 276 271 270 265 262 268 267 260 256 255 259 264 268 270 271 272 279 299 5 53 49 301 270 265 262 261 256 250 248 248 248 254 262 272 280 273 261 255 254 254 252 247 241 238 239 242 246 252 256 258 260 260 258 254 253 253 250 241 242 253
249 262 264 257 249 247 246 247 252 256 262 272 282 299 291 272 259 254 255 266 281 295 302 300 295 294 293 293 294 295 296 291 284 281 278 273 270 266 261 264 271 266 256 252 253 260 263 264 263 261 265 275 356 74 67 291 266 262 260 256 248 245 249 251 253 256 258 262 273 281 274 266 262 259 257 255 249 244 241 239 241 246 252 255 255 256 253 248 250 252 248 240 244 257
258 265 265 260 255 253 251 248 249 249 255 268 280 290 291 281 265 251 248 256 271 283 291 294 293 292 292 296 301 303 302 293 285 283 280 273 271 270 264 261 269 270 261 253 251 254 258 260 258 256 258 256 204 102 106 220 252 255 257 254 247 249 253 254 256 259 257 255 259 269 277 275 272 269 265 264 262 256 250 244 241 243 246 248 250 250 246 243 249 251 249 245 249 259
252 260 262 260 257 255 253 251 251 249 251 258 266 276 285 284 273 257 246 249 260 276 286 288 288 290 297 307 310 312 309 293 285 284 281 274 271 273 268 263 267 273 268 259 254 253 255 256 254 254 253 244 201 135 130 186 233 245 250 250 251 254 255 254 255 257 256 254 253 254 264 273 277 280 279 277 276 273 265 256 250 247 245 243 245 245 239 239 246 251 252 251 255 263
