windninja/windninja_output/Output_2025-10-23_1300-1350_Google earth_Fire_150m_10min/merlingen_7.5mi_point_10-23-2025_1300_150m_vel.asc
ncols	158
nrows	163
xllcorner	391686.332397
yllcorner	5160024.123721
cellsize	150.000000
NODATA_value	-32768.000000
[rows 114 to 151 of 163, columns 0 to 83 of 158]
7.57 7.44 7.09 6.92 7.10 7.03 6.62 6.50 6.65 6.92 7.26 8.19 8.54 8.03 8.48 8.48 5.81 3.84 4.59 6.30 9.10 13.07 14.57 10.77 8.26 7.94 7.55 6.56 5.74 5.77 8.51 12.95 14.52 13.29 11.17 8.54 7.06 6.38 5.37 4.64 4.31 4.20 4.19 3.91 3.11 2.74 2.88 2.92 2.85 2.90 2.98 3.08 3.61 4.82 6.23 6.97 7.11 7.55 8.71 9.59 9.46 9.11 9.54 10.11 9.65 9.55 10.23 10.63 10.49 9.70 8.66 8.18 8.03 7.84 8.40 9.21 9.02 8.23 7.69 8.09 8.81 8.18 6.43 5.48
7.48 7.76 7.89 7.59 7.49 7.52 7.41 6.99 6.55 6.54 6.91 7.49 7.91 8.46 9.59 9.47 6.24 3.74 3.85 4.56 6.83 10.65 14.38 14.80 12.54 10.04 9.12 8.83 8.72 6.85 7.24 11.38 15.33 15.57 12.31 8.66 6.69 6.24 5.85 5.35 5.27 5.44 5.57 5.34 4.53 3.96 3.76 3.55 3.31 3.29 3.44 3.56 3.66 4.27 5.69 6.80 7.07 7.24 8.07 9.17 9.50 9.28 9.48 10.16 10.08 9.58 9.94 10.52 10.68 10.34 9.76 9.37 9.10 8.27 7.77 8.72 9.56 9.07 7.94 7.72 8.81 8.87 7.43 6.35
7.16 7.69 8.14 8.03 7.74 7.54 7.61 7.70 7.50 7.12 7.04 6.77 6.83 7.92 9.94 10.42 7.02 3.73 3.49 3.94 5.93 8.87 12.10 15.07 15.75 13.42 10.84 10.22 10.26 8.40 7.96 10.82 15.17 17.23 13.82 9.09 7.13 6.97 7.13 6.73 6.49 6.60 6.66 6.49 5.75 4.75 4.03 3.70 3.79 3.93 4.05 4.16 4.10 4.17 5.12 6.46 7.03 7.09 7.54 8.54 9.14 9.25 9.48 9.97 10.13 9.76 9.83 10.35 10.74 10.72 10.44 10.35 10.56 10.17 8.52 7.98 8.94 9.66 8.80 7.77 8.40 8.86 7.61 6.71
6.87 7.45 8.01 8.04 7.82 7.46 7.24 7.66 8.26 8.49 8.03 6.50 5.75 6.76 9.56 11.30 8.09 3.77 3.49 4.14 5.74 7.80 9.56 12.26 15.41 16.64 15.12 13.31 13.29 10.11 8.11 8.95 12.89 17.47 16.91 11.99 9.50 8.87 8.97 8.98 8.96 8.46 7.91 7.65 7.03 5.76 5.08 4.96 4.97 4.99 4.97 4.88 4.71 4.59 4.96 6.26 7.15 7.24 7.36 8.01 8.57 8.94 9.55 10.14 10.25 9.93 9.93 10.32 10.68 10.87 10.83 10.86 11.37 11.96 11.32 9.41 8.47 9.29 9.64 8.80 8.64 8.81 7.55 6.55
6.84 7.21 7.86 8.12 7.90 7.51 7.02 7.12 7.80 8.66 9.13 7.29 5.18 5.65 8.45 11.81 10.17 4.25 3.22 3.58 4.04 5.20 6.61 8.18 10.77 14.58 16.43 16.68 17.37 15.97 11.84 10.04 12.11 16.24 18.79 19.38 17.42 14.37 13.14 12.82 12.01 10.97 9.75 8.70 7.96 7.24 6.66 6.46 6.27 6.03 5.68 5.35 5.16 5.00 5.05 5.98 7.09 7.45 7.47 7.80 8.12 8.27 8.95 10.01 10.57 10.50 10.42 10.66 10.84 10.85 10.76 10.77 11.22 12.29 13.16 12.32 10.15 9.40 9.79 9.71 9.62 9.32 7.85 6.50
7.07 7.19 7.76 8.24 7.79 7.28 7.00 6.81 7.06 7.58 8.91 8.31 5.28 4.99 7.09 10.91 11.66 6.36 2.65 2.54 2.40 2.55 3.74 5.12 6.62 8.63 10.78 12.54 15.61 17.63 16.63 15.09 14.24 14.82 17.29 20.47 21.57 20.33 18.99 18.34 17.03 14.64 12.61 11.16 10.41 9.60 8.26 7.30 6.87 6.41 5.96 5.60 5.40 5.23 5.12 5.64 6.75 7.40 7.56 7.80 7.98 7.87 8.06 8.86 9.71 10.22 10.29 10.58 11.04 11.01 10.51 10.25 10.55 11.49 13.05 14.03 13.02 11.19 10.38 10.06 9.99 9.73 8.39 6.93
7.16 7.22 7.80 8.64 8.08 6.96 6.80 6.73 6.78 6.71 7.76 8.41 5.79 4.94 6.48 9.79 12.01 9.14 3.69 1.89 1.78 1.37 1.53 2.68 3.95 4.97 5.96 7.24 9.38 11.84 13.94 14.10 12.79 13.12 14.71 16.97 19.47 20.20 19.07 19.21 20.13 19.39 17.39 15.61 14.25 12.79 11.07 9.69 8.48 7.31 6.58 6.15 5.84 5.65 5.44 5.54 6.40 7.17 7.45 7.76 7.99 7.80 7.72 7.73 7.51 7.79 7.82 7.98 9.35 10.53 10.45 9.89 9.73 10.19 11.62 13.66 14.69 13.78 12.21 11.14 10.38 9.91 8.75 7.43
7.07 7.21 7.90 9.32 9.87 8.76 8.36 8.16 7.41 6.26 6.82 8.36 6.15 4.60 6.14 9.25 12.18 10.88 6.01 2.49 1.04 1.19 0.76 0.46 1.74 2.81 3.89 5.04 6.20 7.20 8.32 9.75 10.66 11.59 13.49 14.77 15.21 16.32 14.87 14.45 17.26 19.36 19.00 16.57 14.77 13.67 12.55 11.30 9.89 8.56 7.40 6.68 6.39 6.18 5.87 5.83 6.53 7.18 7.37 7.56 7.71 7.37 7.15 7.19 6.80 6.79 6.30 4.98 5.59 8.15 9.51 9.57 9.23 9.03 9.72 11.62 14.04 15.37 14.88 13.41 11.91 10.78 9.29 8.00
6.84 7.19 7.76 8.89 10.45 11.11 11.43 11.58 10.31 7.39 6.64 8.38 6.41 3.70 4.54 7.22 11.44 12.26 7.98 4.21 1.39 0.49 1.13 1.17 0.88 0.98 1.73 2.93 4.38 5.51 6.30 7.97 9.72 10.39 12.18 13.25 12.87 14.30 13.16 11.07 12.11 14.93 17.67 16.54 13.47 11.84 10.86 9.95 9.37 8.71 7.84 7.14 6.71 6.37 6.10 6.08 6.64 7.30 7.42 7.46 7.33 6.92 6.82 7.04 7.31 7.99 7.71 5.40 3.85 4.69 6.88 8.15 8.59 8.44 8.31 9.14 11.32 14.18 15.95 16.00 14.69 12.78 10.51 9.04
6.20 6.51 6.83 7.16 8.29 9.71 11.02 12.52 13.23 11.13 8.65 9.23 6.86 3.11 2.94 4.63 8.82 12.68 11.00 6.70 3.60 1.28 0.61 1.44 1.60 1.16 0.67 1.04 2.54 4.13 5.28 6.80 8.42 9.13 10.86 12.31 11.90 13.43 13.82 10.97 9.87 11.82 15.96 17.99 15.23 11.99 10.19 9.11 8.92 8.82 8.41 7.83 7.14 6.65 6.30 5.86 5.86 6.47 6.48 6.70 7.07 7.05 7.12 7.29 7.58 8.62 9.34 8.21 5.35 3.54 4.27 5.89 6.91 7.40 7.32 7.28 8.34 10.85 13.82 16.10 16.98 16.01 13.30 10.84
6.06 6.24 6.36 6.30 6.82 8.08 9.24 10.84 13.14 13.26 12.50 11.59 7.03 3.24 2.48 3.16 5.83 10.62 13.05 10.41 6.33 3.37 1.33 0.46 0.59 0.98 1.07 0.30 2.02 3.75 4.96 6.49 7.85 8.29 9.75 11.57 11.08 11.64 13.25 11.65 9.70 9.98 12.89 17.48 18.07 14.71 11.71 10.01 9.42 9.53 9.50 8.93 7.96 7.26 6.79 6.25 6.00 6.46 6.42 6.00 6.65 7.62 7.84 7.89 8.09 8.56 9.33 9.81 8.58 5.29 3.70 4.25 4.83 5.21 5.74 5.80 6.05 7.53 10.13 12.78 15.36 17.24 16.47 13.33
6.29 6.64 6.81 6.62 6.93 7.81 8.63 9.68 11.88 13.14 14.29 14.88 10.10 4.35 2.72 2.62 3.82 6.75 10.93 13.00 11.60 6.91 3.41 1.66 1.05 1.04 1.98 3.92 4.40 4.72 5.27 6.68 7.79 7.67 8.75 10.82 10.42 10.04 11.87 11.73 9.75 8.83 10.06 14.43 18.03 16.92 13.69 11.29 10.23 9.93 9.68 9.33 8.79 8.08 7.51 7.32 7.62 8.31 8.61 7.58 7.36 8.15 8.50 8.53 8.75 8.98 9.09 9.69 10.12 8.69 5.91 4.74 4.48 3.91 3.77 3.97 4.06 4.62 6.27 8.33 10.29 14.01 16.95 16.09
5.93 6.41 6.74 6.55 6.79 7.50 8.33 9.06 10.46 12.01 13.98 17.03 15.27 7.79 4.89 3.48 3.24 4.52 7.05 10.71 12.63 11.59 7.05 4.92 6.28 7.63 7.70 6.94 5.87 5.35 5.80 7.31 8.67 7.89 7.95 10.10 10.40 9.11 9.59 10.35 9.31 8.02 8.31 11.24 16.17 17.59 15.46 13.16 11.65 10.62 9.84 9.23 8.87 8.46 7.84 7.52 7.88 8.87 9.79 9.52 8.85 8.69 8.65 8.57 8.77 9.11 9.19 9.38 10.04 10.24 9.22 7.56 5.96 4.43 3.41 2.82 2.57 2.76 3.50 4.98 6.67 9.54 13.80 16.21
5.81 6.26 6.63 6.32 6.48 7.33 8.36 8.95 9.36 10.56 12.75 16.71 18.49 14.71 9.93 5.87 4.05 4.62 6.07 8.14 11.47 14.26 14.47 13.61 12.77 11.34 9.17 6.59 5.32 5.15 5.71 7.35 9.91 10.19 9.13 9.58 10.08 9.09 8.05 8.40 8.20 6.91 6.59 8.38 13.11 16.68 15.92 13.72 12.22 10.95 10.17 9.60 8.88 8.37 7.89 7.42 7.42 8.26 9.26 9.40 9.05 8.79 8.56 8.44 8.66 9.00 9.18 9.31 9.62 10.01 10.31 9.81 8.14 6.16 4.56 3.26 2.25 2.01 2.39 3.07 4.52 6.85 9.64 12.80
5.87 6.22 6.59 6.24 6.06 6.59 7.67 8.60 8.89 9.36 10.79 14.16 18.34 19.81 17.16 9.95 6.21 6.07 7.10 9.26 11.69 13.72 15.44 15.09 13.34 11.31 8.44 5.83 4.58 4.32 4.83 6.19 9.38 11.89 12.37 11.29 9.95 8.96 7.74 7.25 6.94 6.05 5.26 5.78 9.31 14.68 15.98 13.65 12.04 10.98 10.13 9.77 9.34 8.83 8.29 7.84 7.64 8.00 8.70 8.89 8.77 8.72 8.68 8.68 8.82 9.05 9.18 9.28 9.49 9.65 10.14 10.72 9.96 7.81 5.94 4.57 2.91 2.11 2.08 2.13 2.59 4.26 6.64 9.16
5.79 6.01 6.18 5.70 5.30 5.37 5.84 6.92 7.70 8.08 8.77 10.68 13.96 17.96 20.01 18.44 12.00 8.60 8.51 9.40 9.10 8.53 11.02 12.75 12.04 10.78 9.10 6.90 4.98 3.99 4.06 4.62 6.70 10.08 13.41 14.80 12.82 9.41 7.62 6.98 6.32 5.49 4.45 3.91 5.65 11.19 15.23 15.06 13.48 12.24 11.13 10.27 9.49 8.99 8.47 8.06 7.98 8.18 8.60 8.76 8.76 8.83 8.84 8.87 8.99 9.15 9.20 9.26 9.45 9.64 10.04 10.91 11.30 9.98 7.67 6.03 4.28 2.58 2.23 2.29 2.16 2.12 3.18 5.61
5.92 6.18 6.47 5.92 5.26 5.33 5.43 5.43 5.65 6.01 6.36 6.87 8.10 10.62 14.72 18.44 16.81 12.62 9.65 7.60 5.69 5.54 7.85 11.73 13.40 11.94 9.71 8.36 7.00 5.41 4.23 3.83 4.50 7.14 10.77 15.12 16.86 13.43 9.24 7.77 6.84 5.78 4.82 3.81 3.81 6.76 12.51 15.05 14.69 13.18 11.73 10.76 9.47 8.71 8.26 7.87 7.87 8.29 8.77 8.88 8.72 8.66 8.77 8.85 8.98 9.18 9.24 9.22 9.34 9.63 10.05 10.73 11.55 11.62 10.30 8.30 6.06 3.67 2.61 2.49 2.36 2.18 1.85 2.08
6.24 6.51 7.10 6.94 6.09 6.13 6.62 6.57 5.68 4.49 3.96 4.09 4.78 6.43 8.81 12.24 15.03 13.08 8.67 5.43 4.83 5.08 6.10 9.16 13.46 14.05 10.68 9.31 8.68 7.36 5.73 4.56 4.45 5.53 7.95 12.00 17.07 18.45 15.14 11.55 9.67 8.25 7.27 5.90 4.40 4.67 8.17 12.01 13.69 12.88 11.34 10.51 9.61 8.78 8.23 7.63 7.33 7.76 8.38 8.62 8.43 8.11 8.11 8.51 8.76 8.99 9.20 9.12 9.12 9.41 10.01 10.69 11.26 11.89 11.79 10.82 8.55 5.36 3.74 3.17 2.58 2.27 2.03 1.77
6.29 6.32 6.71 7.22 6.91 6.59 7.22 8.34 8.58 6.35 4.07 3.54 3.91 5.08 6.92 8.87 12.28 12.88 8.32 4.67 4.24 4.78 5.60 6.95 10.66 14.79 13.58 9.51 7.69 6.64 5.50 4.57 4.12 4.61 6.42 9.14 13.27 18.02 19.58 18.18 15.41 12.92 11.31 9.49 7.35 5.52 5.61 8.20 11.36 12.03 10.81 10.05 9.51 8.90 8.35 7.76 7.35 7.54 8.05 8.31 8.34 8.15 7.69 8.02 8.46 8.61 8.88 8.86 8.77 9.02 9.65 10.44 11.07 11.85 12.14 11.83 10.61 7.53 5.48 5.05 3.86 2.25 1.81 1.83
6.36 6.19 6.20 6.93 7.42 6.96 6.68 7.78 9.94 10.48 7.63 5.41 4.91 5.27 6.06 7.71 10.99 13.29 12.85 9.08 6.00 5.61 6.06 6.77 8.64 13.87 15.64 11.39 7.50 5.72 4.54 3.69 3.37 3.92 5.26 7.21 9.68 13.27 17.07 19.19 18.46 16.22 14.66 13.41 11.54 8.93 6.93 7.03 9.33 10.71 10.08 9.41 9.12 8.80 8.44 8.06 7.76 7.87 8.37 8.77 8.97 8.97 8.45 8.26 8.50 8.49 8.57 8.47 8.16 8.39 9.11 9.85 10.48 11.61 12.71 12.72 11.67 8.63 6.17 6.04 5.58 3.35 1.42 1.49
6.90 6.79 6.61 7.02 7.69 7.46 6.70 6.62 8.10 10.88 11.49 9.61 8.83 8.10 7.39 7.78 9.55 12.07 14.01 13.67 10.78 7.42 6.25 6.16 7.17 11.22 16.12 16.35 11.91 8.09 6.24 4.98 3.93 3.69 4.06 5.05 7.11 9.55 12.37 15.47 17.32 16.84 15.60 14.83 13.75 12.04 9.84 8.43 9.04 10.19 10.07 9.34 8.84 8.56 8.28 8.02 7.89 8.04 8.36 8.73 9.11 9.20 8.95 8.72 8.81 8.83 8.70 8.50 7.74 7.25 8.01 9.07 9.71 10.54 12.38 13.88 13.41 10.03 6.45 5.86 6.08 4.83 2.48 1.14
7.23 7.53 7.48 7.45 7.87 8.02 7.53 6.81 6.57 7.92 10.41 11.05 10.63 10.26 9.31 7.72 7.35 8.87 10.55 12.48 12.48 9.41 6.39 5.04 5.37 7.51 12.60 17.36 16.88 12.74 9.72 8.25 6.52 4.57 3.71 3.63 4.59 6.93 9.70 12.48 14.63 15.52 15.02 14.27 14.06 13.32 11.57 9.82 9.60 10.30 10.34 9.73 8.95 8.40 7.98 7.71 7.76 8.01 8.12 8.30 8.72 8.98 9.00 8.97 9.07 9.23 9.10 9.04 8.36 6.67 6.11 7.32 8.62 9.56 11.36 13.97 15.14 13.18 8.33 6.24 5.90 5.11 3.81 2.24
6.90 7.71 8.08 7.50 7.58 7.78 7.70 7.39 6.58 6.08 6.83 7.87 8.49 9.42 10.06 7.51 5.36 6.11 7.47 9.22 10.38 9.13 6.79 5.10 4.66 5.47 8.40 13.77 17.33 16.45 13.40 10.96 9.21 6.93 4.59 3.72 3.75 5.06 7.84 10.42 11.49 13.15 14.21 13.60 13.31 12.95 11.69 9.97 9.41 9.76 9.80 9.44 8.91 8.37 7.93 7.56 7.56 7.96 8.22 8.50 8.85 9.05 9.17 9.21 9.34 9.55 9.42 9.47 9.55 7.79 5.25 4.72 6.02 7.49 9.61 12.84 15.50 15.74 12.92 8.70 6.27 5.10 4.36 3.50
5.96 6.68 7.86 7.72 7.14 6.76 6.61 6.84 6.92 6.59 6.21 6.36 6.66 8.45 10.53 8.70 6.48 5.70 5.95 7.13 7.96 7.27 6.32 5.50 4.60 4.58 6.04 9.83 14.41 16.71 15.13 11.88 9.63 8.10 6.42 4.69 4.17 4.40 6.87 9.51 9.74 10.81 12.76 12.80 12.17 11.90 11.07 9.65 9.06 9.18 9.13 8.90 8.58 8.17 7.76 7.44 7.47 7.94 8.23 8.54 8.95 9.19 9.31 9.25 9.34 9.67 9.66 9.56 10.04 9.48 6.60 4.04 3.42 3.65 5.05 8.86 13.36 15.94 16.18 14.01 9.32 6.02 4.89 4.29
5.33 5.48 6.51 7.71 7.66 6.53 5.46 5.29 5.93 6.87 7.33 7.23 6.87 8.60 10.69 10.92 10.23 8.74 6.82 6.55 6.79 5.77 4.81 4.39 3.83 3.60 4.21 6.78 10.75 14.57 16.38 14.70 11.14 8.99 7.63 5.66 4.33 4.17 6.03 9.32 9.86 9.77 10.97 11.55 11.48 11.59 11.02 9.72 9.08 9.03 8.92 8.74 8.43 8.08 7.65 7.32 7.43 7.84 8.11 8.31 8.67 9.06 9.40 9.45 9.46 9.65 9.79 9.84 10.14 10.45 9.07 5.72 3.46 2.61 2.17 3.70 8.53 12.76 15.25 16.37 14.13 8.60 6.28 5.05
6.05 5.51 5.23 6.65 8.36 8.32 6.57 5.12 4.75 5.45 6.82 7.57 7.62 8.34 9.47 10.47 11.33 11.56 10.94 9.42 7.82 5.91 4.43 3.52 2.82 2.62 3.03 4.28 7.26 10.76 14.66 16.94 15.59 11.86 8.98 6.55 5.11 4.70 5.32 8.47 10.06 9.84 9.98 10.22 10.54 11.02 10.85 9.88 9.25 8.98 8.74 8.64 8.50 8.34 8.02 7.60 7.54 7.78 8.04 8.22 8.40 8.75 9.20 9.62 10.02 10.24 10.28 10.56 10.77 10.98 10.75 8.65 5.07 2.79 1.84 1.75 4.17 8.38 11.33 14.48 15.56 12.66 9.70 7.52
7.17 6.54 5.45 5.48 7.14 9.20 9.50 7.75 6.08 5.48 5.58 6.68 7.74 7.46 7.14 7.91 9.39 10.56 11.55 12.89 12.36 9.22 6.28 4.26 2.89 2.35 2.40 2.77 4.36 6.82 9.80 14.17 16.98 15.91 12.73 9.87 8.01 6.43 5.52 7.31 9.39 9.78 9.71 9.34 9.39 9.98 10.11 9.65 9.25 8.91 8.52 8.17 8.02 8.25 8.38 8.06 7.76 7.82 8.06 8.18 8.30 8.61 8.91 9.49 10.68 11.82 12.07 12.17 12.19 12.22 12.24 11.28 8.05 4.21 2.24 1.26 2.21 5.36 8.00 10.92 13.60 13.23 11.17 9.56
7.51 7.63 6.44 4.71 4.54 6.22 9.24 10.31 9.69 8.63 6.66 6.44 7.33 6.17 5.42 6.03 6.96 7.77 8.34 10.96 14.17 14.79 12.31 8.50 5.80 3.81 2.54 2.27 2.68 4.06 5.90 9.60 14.27 17.00 16.34 13.67 11.09 9.32 7.54 7.46 8.84 9.59 9.61 9.15 8.93 9.25 9.47 9.36 9.11 8.81 8.41 7.77 6.86 6.70 7.50 7.94 7.98 8.04 8.28 8.46 8.55 8.83 8.99 9.36 10.84 13.00 14.56 15.27 15.39 15.48 15.21 14.71 12.36 7.50 4.07 2.22 2.26 4.36 6.34 7.95 10.47 11.56 10.09 8.31
7.02 8.02 7.81 5.08 3.55 3.60 5.15 8.00 10.27 10.89 9.97 8.46 7.05 4.72 4.13 4.57 5.34 6.08 6.15 6.91 10.19 14.27 15.98 15.32 12.85 9.42 5.98 3.35 2.33 2.38 3.25 5.48 9.39 13.71 16.34 15.41 13.01 11.46 10.08 8.94 9.32 10.06 10.07 9.71 9.31 9.11 9.08 9.10 8.97 8.68 8.36 7.96 6.67 4.98 4.99 6.28 7.26 7.77 8.18 8.73 9.01 9.11 9.13 9.16 9.86 11.47 13.54 15.41 16.82 17.83 18.01 17.62 16.62 13.31 7.50 5.03 4.61 6.13 7.55 8.09 9.06 10.39 9.59 7.13
6.64 7.98 9.17 7.38 4.75 3.49 3.12 3.70 6.06 8.73 11.29 11.30 7.17 4.31 3.84 4.04 4.78 5.42 5.20 4.65 5.35 7.85 11.52 14.77 15.54 14.78 12.96 9.21 5.29 3.49 3.17 3.58 5.04 8.66 13.53 14.88 13.39 11.62 10.61 9.89 9.86 10.39 10.46 10.18 9.80 9.36 9.04 8.92 8.81 8.58 8.35 8.28 7.65 5.73 4.12 4.33 5.69 6.83 7.37 7.96 8.60 8.93 8.86 8.58 8.41 8.36 8.67 9.97 12.21 15.19 17.39 17.95 17.87 16.37 11.91 8.12 7.63 8.56 10.23 10.35 8.89 9.66 9.83 7.22
7.15 7.50 8.87 9.68 7.73 5.36 3.70 2.64 2.84 3.94 8.26 12.68 9.35 5.38 4.89 4.67 4.78 5.06 4.60 3.58 3.26 3.74 5.41 8.40 10.74 12.38 13.79 13.96 11.88 8.71 6.06 4.25 3.75 5.05 9.94 12.26 11.70 10.61 10.11 9.96 9.90 10.20 10.32 10.17 9.87 9.47 9.09 8.91 8.83 8.70 8.51 8.37 8.11 6.96 4.86 3.58 4.25 5.65 6.43 6.84 7.66 8.57 8.79 8.20 7.51 7.07 6.66 6.47 7.19 9.26 12.84 15.89 17.50 17.28 14.33 10.86 9.32 9.54 11.67 12.27 9.98 9.82 9.87 7.59
8.28 7.04 6.65 9.05 10.44 9.32 6.91 4.67 3.19 2.67 5.35 11.52 11.89 9.35 8.70 7.86 7.12 6.46 5.16 3.78 2.89 2.61 2.94 3.86 5.12 6.36 8.19 11.40 13.12 13.06 11.12 7.90 5.45 4.91 7.69 10.07 10.05 9.39 9.24 9.56 9.84 10.05 10.16 10.04 9.76 9.42 9.07 8.89 8.93 8.93 8.82 8.54 8.08 7.12 5.32 3.64 3.51 4.61 6.09 6.88 7.37 8.27 9.03 8.85 8.03 7.55 7.11 6.21 5.77 6.12 7.53 11.35 16.15 17.47 15.00 11.95 9.62 8.93 11.50 13.47 11.92 10.81 10.06 8.33
9.96 7.41 4.89 6.30 9.59 11.88 12.14 9.92 6.91 4.22 5.27 9.41 11.36 12.26 12.95 12.87 12.41 11.89 10.54 8.29 6.32 4.78 3.71 3.04 2.97 3.24 3.50 4.69 7.28 10.16 12.12 11.66 9.10 6.75 7.37 9.11 9.25 8.82 8.62 8.95 9.53 9.91 10.10 10.11 9.88 9.53 9.24 8.99 8.92 8.88 8.85 8.76 8.22 7.09 5.70 4.33 3.75 4.23 5.68 6.85 7.22 7.61 8.43 9.26 9.50 9.48 9.22 8.18 7.30 6.92 6.55 7.83 12.71 16.41 15.32 12.76 10.37 8.11 9.08 12.82 13.69 12.36 11.13 9.85
12.01 8.38 4.34 3.89 5.32 8.94 12.20 13.78 12.17 8.15 7.47 8.96 9.95 10.50 11.57 12.84 13.56 14.14 14.71 14.95 14.42 12.67 10.00 7.14 4.47 3.11 2.46 2.16 2.53 3.69 6.48 10.18 10.05 7.99 7.87 9.04 9.28 8.97 8.80 8.84 9.24 9.69 10.02 10.32 10.32 9.91 9.54 9.32 9.18 8.98 8.99 9.20 8.67 7.01 5.41 4.00 3.29 3.74 4.48 5.53 6.27 6.64 7.17 8.15 9.33 10.39 11.20 11.38 11.20 10.95 10.32 9.99 12.07 15.36 15.49 14.04 12.95 10.58 8.98 11.57 14.53 14.69 13.73 11.28
13.43 9.59 4.71 3.17 2.72 3.67 6.44 11.12 14.02 12.27 9.96 9.26 8.82 7.85 7.34 8.53 10.70 11.60 11.91 13.37 15.56 16.61 16.65 15.67 12.44 7.81 5.60 4.88 4.31 3.47 3.95 7.14 9.05 8.48 8.49 9.48 9.89 9.52 9.21 9.11 9.31 9.64 9.79 10.10 10.48 10.32 9.94 9.88 9.78 9.53 9.50 9.81 9.43 7.54 5.27 3.44 2.32 2.73 3.41 4.49 5.41 5.96 6.36 6.81 7.40 8.44 9.87 11.13 12.00 12.76 13.40 13.82 15.06 16.97 17.12 15.64 14.77 14.07 13.19 13.48 15.39 17.69 17.65 14.23
13.16 11.82 8.24 5.24 3.28 2.60 3.69 6.61 11.27 12.49 11.13 9.66 8.67 7.26 5.98 5.82 7.63 9.40 9.26 8.83 10.34 12.93 15.22 17.47 18.15 16.01 11.66 9.05 7.86 6.66 5.49 6.37 8.32 8.63 8.63 9.40 10.15 10.19 9.84 9.55 9.56 9.82 9.81 9.78 10.09 10.15 9.86 9.97 10.05 9.91 10.11 10.53 10.27 8.70 6.17 3.58 1.83 1.94 2.60 3.25 4.45 5.41 5.78 5.99 6.27 6.82 7.67 8.53 9.15 9.60 10.36 11.65 13.71 16.63 18.05 16.72 14.63 13.78 13.30 13.81 15.40 17.53 19.86 18.37
10.54 12.35 13.91 11.32 7.79 5.13 4.16 4.73 8.11 10.32 10.31 10.48 9.63 7.57 5.84 4.68 4.86 6.90 8.59 8.38 7.78 8.46 9.90 12.10 15.77 18.03 15.91 10.64 8.13 7.37 6.25 6.28 7.63 8.43 8.57 8.98 9.78 10.25 10.31 10.16 9.95 10.06 10.09 9.94 10.10 10.15 9.61 9.56 10.04 10.22 10.60 11.43 11.43 10.06 7.62 4.46 2.27 1.59 2.56 2.83 3.04 4.33 5.22 5.61 5.95 6.32 6.69 7.10 7.48 7.44 6.75 6.58 8.10 11.50 14.99 16.02 14.41 11.72 10.11 11.81 13.35 14.29 18.07 20.48
6.95 8.70 12.75 14.14 13.21 9.33 5.11 4.31 7.26 8.51 8.55 10.08 11.16 9.69 6.86 4.72 3.51 3.86 5.76 7.27 7.21 6.82 6.78 7.89 10.72 15.01 16.71 12.34 7.67 7.13 7.14 6.98 7.52 8.29 8.65 8.81 9.32 9.86 10.21 10.41 10.41 10.41 10.34 10.17 10.39 10.84 10.40 9.41 9.58 10.27 10.77 11.69 12.45 11.69 9.30 5.84 3.15 1.84 2.33 3.20 3.16 3.18 4.48 5.37 5.70 5.89 6.18 6.63 7.24 7.75 7.10 5.82 5.61 7.23 10.22 13.90 14.51 11.41 9.18 10.00 11.09 11.58 14.32 19.97
