windninja/windninja_output/Output_2025-10-23_1300-1350_Google earth_Fire_150m_10min/merlingen_7.5mi_point_10-23-2025_1320_150m_vel.asc
ncols	158
nrows	163
xllcorner	391686.332397
yllcorner	5160024.123721
cellsize	150.000000
NODATA_value	-32768.000000
[rows 36 to 71 of 163, columns 0 to 80 of 158]
13.50 13.58 14.01 14.70 14.76 14.19 13.87 13.91 14.17 14.25 14.01 13.80 13.74 13.67 13.54 13.35 13.14 12.96 12.64 12.33 12.11 11.68 11.15 10.59 9.82 8.97 8.02 6.99 7.06 9.61 12.40 13.83 16.01 18.52 19.71 17.70 14.21 12.89 13.75 13.79 13.21 13.63 14.29 14.27 14.81 15.24 13.94 13.81 14.44 14.30 14.47 14.43 14.34 14.30 14.34 14.67 15.15 15.40 16.07 19.42 20.69 15.16 8.80 7.19 10.45 15.94 18.60 17.63 15.57 12.58 10.21 10.70 10.64 9.09 7.67 6.39 5.83 6.82 8.27 8.96 9.43
13.75 13.83 14.28 14.63 14.56 14.33 14.14 14.08 14.16 14.30 14.16 13.88 13.73 13.69 13.60 13.40 13.18 12.96 12.73 12.49 12.19 11.79 11.34 10.82 10.09 9.13 8.00 6.77 7.67 11.29 12.76 13.40 15.07 16.82 18.06 16.38 13.86 13.62 14.57 14.32 13.60 13.83 14.34 14.75 15.30 15.19 14.15 14.04 14.20 14.42 14.79 14.16 13.90 14.68 14.82 14.31 14.44 15.42 16.22 18.34 19.90 16.39 10.75 7.53 8.46 13.60 19.06 19.93 15.85 11.05 9.70 10.71 11.06 9.46 7.30 6.51 5.96 5.99 8.60 9.70 8.28
14.03 14.13 14.54 14.65 14.46 14.38 14.31 14.32 14.26 14.30 14.22 13.88 13.72 13.79 13.67 13.43 13.22 12.99 12.78 12.60 12.31 11.89 11.51 11.07 10.37 9.39 8.18 7.25 9.02 12.07 12.60 12.68 13.78 15.02 16.33 14.93 12.62 13.62 15.38 14.88 14.30 14.41 14.54 14.89 15.51 15.30 14.40 13.85 13.72 14.97 15.58 14.05 13.20 14.58 15.53 14.16 13.28 14.66 16.26 17.85 18.95 17.41 13.21 8.93 8.29 12.50 19.20 20.63 15.06 10.70 10.46 11.45 11.39 9.13 6.65 7.10 6.55 4.68 7.79 10.63 8.54
14.42 14.48 14.59 14.65 14.58 14.41 14.36 14.54 14.46 14.24 14.14 13.87 13.71 13.85 13.79 13.48 13.24 13.03 12.81 12.67 12.40 12.01 11.65 11.29 10.68 9.75 8.74 8.39 9.75 11.72 12.34 12.19 12.51 13.56 14.30 12.79 11.74 13.81 15.77 15.62 15.15 14.97 14.98 14.81 15.06 15.57 14.91 13.38 12.91 15.10 16.50 14.50 12.40 13.75 15.91 14.48 12.46 13.49 15.72 17.28 17.79 18.00 16.58 12.33 9.44 12.36 19.45 20.09 14.26 11.34 11.66 11.90 10.77 8.15 6.85 8.33 7.21 3.50 5.91 10.46 9.84
14.84 14.89 14.66 14.61 14.68 14.46 14.47 14.75 14.63 14.14 13.95 13.92 13.74 13.80 13.87 13.56 13.25 13.10 12.90 12.72 12.48 12.12 11.75 11.48 11.06 10.21 9.50 9.30 9.63 11.03 12.38 12.01 11.45 12.02 11.85 10.61 10.66 12.68 15.16 16.25 16.15 15.94 15.66 14.63 14.37 15.42 15.28 13.48 12.45 14.51 17.15 15.60 12.24 12.44 15.04 14.89 12.55 12.35 14.66 16.41 16.44 17.11 18.77 16.85 11.89 12.83 19.21 19.28 14.45 13.03 12.45 11.27 9.84 7.28 7.20 9.54 7.27 2.82 4.43 8.88 10.20
15.12 15.13 14.82 14.64 14.68 14.56 14.58 14.83 14.74 14.11 13.81 13.96 13.80 13.72 13.84 13.61 13.27 13.17 13.04 12.81 12.57 12.16 11.83 11.70 11.38 10.65 10.16 9.80 9.58 10.79 12.31 11.75 10.73 10.40 9.48 9.22 10.18 11.54 13.48 15.54 16.33 16.81 16.28 15.02 14.59 14.83 14.77 13.79 12.65 13.96 17.44 16.99 12.87 11.32 13.22 14.62 13.03 11.76 13.46 15.28 15.08 14.85 17.61 19.24 15.76 14.37 18.13 18.88 15.70 13.89 11.97 10.79 9.88 7.13 7.75 10.01 6.51 2.74 3.86 6.99 9.19
15.23 15.20 14.95 14.71 14.73 14.82 14.65 14.64 14.73 14.22 13.80 13.91 13.85 13.70 13.73 13.60 13.31 13.21 13.15 12.96 12.62 12.17 11.93 11.91 11.61 10.99 10.62 10.26 9.95 10.80 11.82 11.38 10.30 9.09 7.97 8.04 9.63 11.66 12.98 14.26 15.70 16.56 16.28 16.01 15.40 14.12 13.81 13.88 13.32 14.15 17.72 17.97 13.42 10.81 12.00 13.60 12.97 11.88 12.68 14.29 14.16 13.32 15.30 18.22 18.50 17.20 17.19 18.15 16.64 13.41 11.79 11.79 10.72 8.01 8.84 9.65 5.56 3.14 3.78 6.11 8.43
15.32 15.24 15.01 14.83 14.86 15.03 14.74 14.44 14.59 14.35 13.88 13.85 13.88 13.68 13.61 13.55 13.35 13.24 13.22 13.08 12.67 12.25 12.03 11.99 11.78 11.30 10.97 10.76 10.45 10.69 11.18 11.00 10.03 8.63 7.52 7.29 9.10 11.82 12.66 13.26 14.67 15.69 16.26 16.76 15.51 13.29 13.00 13.77 14.20 15.24 17.95 17.77 13.55 11.12 11.79 12.75 12.52 12.07 12.57 13.91 14.07 13.40 14.07 15.53 18.05 19.01 17.50 17.03 15.91 13.18 12.46 13.39 12.16 9.75 9.90 8.85 5.47 4.06 4.19 5.93 8.06
15.44 15.29 15.07 15.02 15.01 14.98 14.79 14.49 14.45 14.36 13.97 13.83 13.84 13.64 13.57 13.50 13.35 13.30 13.25 13.09 12.72 12.40 12.14 11.99 11.89 11.60 11.33 11.14 10.77 10.55 10.74 10.70 9.91 8.72 7.66 7.58 9.38 11.31 11.80 12.31 13.38 15.11 16.86 16.83 14.33 12.58 12.91 13.91 15.19 16.41 17.41 16.59 13.62 11.68 12.10 12.73 12.28 12.05 12.79 14.00 14.48 14.35 14.04 14.47 17.26 19.17 18.02 15.95 13.62 12.23 12.69 13.97 13.61 12.04 11.00 8.86 6.15 5.13 5.21 6.46 8.06
15.53 15.38 15.25 15.26 15.05 14.86 14.78 14.60 14.37 14.27 14.09 13.83 13.71 13.60 13.57 13.47 13.33 13.35 13.29 13.03 12.75 12.51 12.24 12.05 12.00 11.86 11.62 11.29 10.93 10.63 10.59 10.57 9.96 8.89 8.13 8.35 9.34 10.30 10.87 11.33 12.46 14.95 17.14 15.96 12.67 12.11 13.52 14.90 16.28 16.60 16.04 15.23 13.66 11.96 12.17 12.99 12.58 12.28 13.11 14.15 14.76 15.10 14.91 15.51 17.87 18.47 17.24 15.02 11.39 10.29 11.90 13.25 13.90 13.42 11.92 9.62 6.84 5.83 6.27 7.52 8.99
15.66 15.53 15.45 15.35 15.07 14.97 14.82 14.56 14.31 14.17 14.13 13.86 13.60 13.56 13.53 13.47 13.34 13.31 13.27 13.03 12.76 12.51 12.32 12.23 12.16 12.01 11.72 11.38 11.11 10.84 10.64 10.55 10.08 9.15 8.65 8.75 9.16 9.73 10.24 10.79 12.01 14.35 16.29 14.70 11.69 12.10 14.32 16.42 16.83 15.39 14.44 14.01 13.33 12.49 12.17 12.83 13.14 13.21 13.93 14.27 14.57 15.64 16.44 16.80 17.69 17.34 15.62 13.86 10.85 9.75 11.17 12.15 13.26 13.43 12.19 10.27 7.75 6.35 6.94 8.76 10.24
15.94 15.77 15.52 15.16 15.19 15.47 14.96 14.38 14.19 14.09 14.04 13.81 13.57 13.51 13.51 13.45 13.35 13.27 13.20 13.06 12.77 12.49 12.40 12.40 12.31 12.06 11.74 11.51 11.28 11.04 10.80 10.62 10.23 9.55 8.99 8.80 9.27 9.69 9.87 10.53 11.63 13.39 14.58 13.09 11.67 13.06 15.53 17.01 16.02 13.75 13.18 12.96 12.82 13.22 12.71 12.81 13.84 14.57 15.40 14.67 14.11 16.23 17.68 17.17 16.92 16.35 14.20 12.64 10.91 10.11 10.90 11.39 12.37 12.66 11.81 10.44 8.48 7.01 7.54 9.72 11.20
16.30 15.99 15.48 14.85 15.28 16.27 15.41 14.20 13.93 13.96 13.91 13.68 13.51 13.45 13.50 13.45 13.30 13.23 13.14 13.02 12.77 12.54 12.49 12.48 12.39 12.11 11.79 11.61 11.41 11.21 11.00 10.76 10.42 9.93 9.24 8.89 9.41 9.79 9.81 10.33 11.27 12.29 12.48 11.45 11.85 14.55 16.48 16.19 14.52 12.65 12.08 12.29 12.64 13.21 12.87 13.16 14.77 16.02 16.67 14.89 13.69 16.26 18.03 17.33 16.48 15.33 13.17 11.65 10.70 10.34 10.77 11.05 11.49 11.61 11.16 10.28 8.99 8.09 8.59 10.34 11.62
16.72 16.05 15.19 14.68 15.46 16.91 16.17 14.39 13.58 13.68 13.77 13.52 13.38 13.36 13.45 13.47 13.26 13.14 13.11 12.94 12.76 12.65 12.52 12.46 12.46 12.22 11.85 11.64 11.52 11.35 11.16 10.92 10.61 10.21 9.60 9.15 9.48 9.92 9.95 10.14 10.77 11.30 11.01 10.53 12.00 15.33 16.40 14.75 13.02 11.44 11.04 12.17 13.13 13.27 13.11 14.00 16.19 17.57 16.78 14.32 13.40 15.59 17.83 18.14 16.61 14.31 12.27 10.86 10.27 10.26 10.53 10.82 10.84 10.63 10.47 10.04 9.38 9.07 9.68 10.97 11.86
17.27 16.07 14.56 14.54 15.97 17.16 16.74 15.18 13.49 13.24 13.48 13.37 13.28 13.23 13.33 13.44 13.30 13.06 13.03 12.92 12.76 12.73 12.53 12.40 12.50 12.32 11.90 11.70 11.63 11.48 11.29 11.07 10.79 10.45 10.00 9.58 9.65 9.96 9.91 9.85 10.24 10.79 10.62 10.30 12.17 15.19 15.31 13.33 11.78 10.18 9.85 11.80 13.26 13.14 13.53 15.40 17.92 18.08 15.61 13.32 13.14 14.85 17.85 19.36 16.83 13.31 11.41 10.23 9.81 9.95 10.20 10.40 10.21 9.88 9.74 9.58 9.29 9.35 10.29 11.57 12.25
18.00 16.05 13.79 14.32 16.36 17.04 16.81 16.22 14.20 12.99 12.95 13.18 13.20 13.10 13.19 13.32 13.33 13.02 12.92 12.95 12.76 12.71 12.57 12.41 12.46 12.31 11.97 11.81 11.73 11.58 11.40 11.19 10.95 10.68 10.36 10.08 9.91 9.85 9.74 9.57 9.98 10.87 10.72 10.30 12.00 14.15 13.54 11.71 11.04 9.90 9.55 11.90 13.23 13.05 14.22 17.35 18.70 17.07 14.38 12.88 12.93 14.40 18.51 20.44 16.47 12.33 10.69 9.72 9.51 9.70 9.88 9.91 9.62 9.36 9.34 9.18 8.84 8.98 10.23 11.86 12.65
18.89 16.16 13.24 14.28 16.44 16.52 16.28 16.85 15.52 13.24 12.47 12.90 13.08 13.01 13.08 13.20 13.25 12.99 12.88 12.98 12.77 12.61 12.57 12.50 12.40 12.23 12.05 11.91 11.80 11.67 11.49 11.30 11.10 10.89 10.67 10.45 10.16 9.88 9.69 9.38 9.87 11.13 10.97 10.27 11.20 12.69 11.56 9.73 10.40 10.49 10.54 12.09 13.35 13.81 15.88 18.71 17.82 15.17 13.60 13.03 13.08 14.60 19.67 21.07 15.74 11.51 10.01 9.22 9.32 9.59 9.62 9.50 9.22 9.12 9.34 9.16 8.62 8.57 9.75 11.47 12.42
19.25 16.87 13.53 14.08 16.40 15.98 15.35 16.84 16.62 14.00 12.42 12.59 12.86 12.93 13.03 13.12 13.09 12.93 12.90 12.93 12.76 12.58 12.54 12.54 12.35 12.17 12.10 11.98 11.87 11.74 11.57 11.41 11.24 11.07 10.90 10.69 10.43 10.13 9.82 9.38 9.82 11.28 11.24 10.09 10.04 10.91 9.88 8.25 9.65 10.85 11.02 11.91 13.21 14.95 17.84 18.91 15.83 13.21 12.87 13.29 13.63 15.58 20.65 21.03 15.11 10.89 9.25 8.73 9.32 9.59 9.36 9.12 8.99 9.19 9.52 9.34 8.71 8.77 9.81 10.62 11.33
18.44 17.81 15.08 13.75 15.82 15.72 14.53 16.17 17.19 15.27 13.01 12.42 12.64 12.78 12.93 13.02 12.95 12.88 12.87 12.85 12.78 12.61 12.51 12.47 12.31 12.17 12.11 12.02 11.92 11.80 11.65 11.51 11.36 11.22 11.05 10.87 10.66 10.40 10.09 9.66 9.99 11.17 11.14 9.82 9.02 9.30 8.75 7.89 9.44 10.57 10.59 11.90 13.30 15.43 19.10 18.44 13.72 11.64 12.25 13.47 14.36 16.89 21.19 20.46 14.55 10.38 8.56 8.16 9.34 9.83 9.28 8.90 9.00 9.37 9.63 9.47 8.91 9.34 10.38 10.07 10.25
17.21 18.02 16.98 14.37 14.89 15.34 14.07 14.81 16.84 16.69 14.31 12.67 12.54 12.59 12.65 12.84 12.85 12.81 12.76 12.73 12.79 12.67 12.51 12.41 12.26 12.17 12.11 12.04 11.96 11.84 11.72 11.60 11.46 11.33 11.18 11.02 10.84 10.62 10.38 10.10 10.24 10.74 10.62 9.61 8.79 8.55 8.27 8.33 9.32 9.49 9.56 12.12 13.58 15.48 19.55 17.49 11.94 10.81 12.03 13.55 15.10 17.97 21.12 19.79 14.20 9.79 8.03 7.58 8.91 9.82 9.36 9.07 9.33 9.56 9.61 9.38 9.10 9.92 10.82 10.09 9.90
16.82 17.57 17.78 15.89 14.86 15.04 14.03 13.46 15.36 17.15 15.79 13.50 12.81 12.52 12.25 12.58 12.79 12.70 12.64 12.57 12.70 12.72 12.53 12.40 12.21 12.12 12.11 12.05 11.98 11.87 11.77 11.67 11.55 11.41 11.29 11.15 10.99 10.81 10.62 10.45 10.39 10.35 10.16 9.64 9.12 8.70 8.49 8.58 8.78 8.20 8.56 12.09 13.56 15.71 19.42 15.91 10.75 10.69 12.21 13.93 16.00 18.34 20.45 19.41 14.19 9.34 7.44 7.16 8.10 9.04 9.05 9.41 9.80 9.71 9.65 9.24 9.39 10.50 10.92 10.36 10.07
17.14 17.16 17.32 16.74 15.82 15.41 14.51 13.15 13.83 16.39 16.24 14.39 13.68 12.93 12.07 12.25 12.62 12.57 12.52 12.43 12.55 12.63 12.54 12.45 12.17 12.06 12.10 12.04 11.98 11.90 11.81 11.72 11.61 11.49 11.38 11.25 11.11 10.94 10.79 10.63 10.50 10.29 10.06 9.76 9.45 9.18 8.79 8.42 8.23 7.35 7.74 11.47 13.43 15.96 18.84 14.41 9.96 10.89 12.94 14.75 16.57 18.06 19.37 19.00 14.78 9.71 7.26 6.93 7.55 8.26 8.74 9.62 9.99 9.76 9.70 9.22 9.71 10.91 10.86 10.43 10.29
17.44 17.05 16.69 16.53 16.26 15.97 15.43 14.00 13.60 15.32 15.30 14.30 14.54 14.13 12.74 12.10 12.22 12.34 12.38 12.36 12.43 12.46 12.49 12.46 12.13 12.02 12.08 12.03 11.97 11.91 11.83 11.75 11.65 11.55 11.45 11.34 11.20 11.06 10.91 10.75 10.60 10.39 10.17 9.90 9.68 9.49 8.94 8.40 7.95 7.01 7.06 10.29 13.46 16.16 17.77 13.52 9.70 11.25 13.97 15.43 16.30 17.31 18.29 18.28 15.33 10.62 7.62 6.79 7.21 8.21 8.87 9.54 9.95 9.83 9.66 9.31 10.01 10.97 10.63 10.21 10.24
17.43 17.00 16.49 16.34 16.11 16.00 16.04 15.26 14.54 14.68 13.96 13.15 14.20 15.29 14.26 12.59 11.95 11.99 12.14 12.22 12.25 12.34 12.48 12.35 12.06 12.00 12.04 12.01 11.96 11.91 11.85 11.76 11.68 11.60 11.50 11.40 11.27 11.14 11.00 10.85 10.70 10.51 10.30 10.07 9.85 9.59 9.15 8.63 8.04 7.25 7.01 9.42 13.40 15.82 16.35 12.89 10.14 12.20 14.77 15.40 15.50 16.23 17.22 17.45 15.46 11.52 8.22 6.62 6.96 8.48 9.15 9.32 9.84 9.95 9.56 9.49 10.40 10.73 10.19 9.87 9.91
17.14 16.89 16.46 16.30 16.15 16.00 16.14 16.09 15.56 14.61 13.32 12.13 12.92 15.08 15.36 13.89 12.46 11.90 11.87 11.93 11.98 12.24 12.43 12.19 11.97 11.99 12.02 12.00 11.95 11.90 11.85 11.77 11.70 11.62 11.54 11.44 11.33 11.21 11.08 10.94 10.79 10.62 10.42 10.21 9.99 9.71 9.39 8.97 8.44 7.76 7.45 9.03 12.68 14.98 14.75 12.29 11.32 13.55 14.98 14.84 14.66 14.87 15.73 16.38 15.17 12.25 8.70 6.28 6.84 8.79 9.28 9.23 9.78 9.98 9.40 9.60 10.61 10.31 9.72 9.65 9.63
16.79 16.70 16.45 16.23 16.20 16.24 16.31 16.50 16.10 14.91 13.43 11.90 12.07 13.68 14.88 15.08 13.86 12.55 11.93 11.59 11.71 12.05 12.18 12.01 11.90 11.97 12.02 11.99 11.94 11.88 11.82 11.77 11.71 11.64 11.56 11.47 11.37 11.26 11.15 11.02 10.87 10.71 10.52 10.33 10.12 9.89 9.63 9.33 8.89 8.31 7.80 8.71 11.64 13.77 13.10 11.68 12.71 14.56 14.75 14.17 13.79 13.67 14.24 15.05 14.40 12.41 9.08 6.55 7.24 9.05 9.28 9.44 9.92 9.85 9.31 9.58 10.28 9.89 9.45 9.51 9.58
16.68 16.51 16.38 16.17 16.02 16.32 16.64 16.83 16.32 15.27 13.91 12.25 11.82 12.25 13.20 14.86 15.06 13.90 12.62 11.64 11.57 11.73 11.80 11.77 11.78 11.98 12.08 12.02 11.90 11.82 11.79 11.76 11.70 11.65 11.57 11.49 11.41 11.31 11.20 11.08 10.95 10.79 10.62 10.44 10.27 10.08 9.87 9.62 9.25 8.82 8.14 8.58 11.01 12.38 11.38 11.42 13.81 14.94 14.34 13.61 12.97 12.83 13.22 13.53 13.32 12.01 9.07 7.41 8.19 9.14 9.25 9.68 10.17 9.66 9.16 9.41 9.58 9.47 9.24 9.29 9.60
16.90 16.51 16.27 16.15 15.90 16.15 16.67 16.94 16.43 15.61 14.57 12.91 11.78 11.50 11.84 13.38 14.88 14.91 13.75 12.47 11.80 11.46 11.44 11.48 11.57 11.94 12.20 12.05 11.80 11.75 11.76 11.73 11.67 11.64 11.57 11.50 11.42 11.34 11.24 11.13 11.00 10.86 10.72 10.56 10.41 10.25 10.07 9.86 9.56 9.23 8.68 8.84 10.54 11.28 10.08 11.15 14.24 14.97 13.96 13.18 12.42 12.10 12.21 12.17 12.32 11.21 8.51 7.95 8.86 9.14 9.24 9.85 10.42 9.51 8.73 8.89 9.02 9.08 8.93 9.02 9.59
17.30 16.73 16.27 16.21 16.09 16.05 16.31 16.73 16.43 15.73 15.20 13.90 11.95 11.19 11.29 12.06 13.60 14.58 14.56 13.74 12.56 11.61 11.32 11.26 11.27 11.80 12.30 12.03 11.71 11.75 11.73 11.67 11.64 11.62 11.56 11.50 11.43 11.36 11.26 11.17 11.06 10.93 10.81 10.67 10.54 10.39 10.23 10.05 9.84 9.59 9.31 9.24 10.14 10.75 9.49 10.19 13.92 15.01 13.95 13.04 11.67 10.63 10.81 11.64 11.98 10.33 8.41 8.37 8.86 8.94 9.21 10.01 10.55 9.34 8.15 8.18 8.59 8.63 8.38 8.75 9.47
17.27 16.99 16.68 16.43 16.33 16.16 15.96 16.37 16.42 15.69 15.52 14.93 12.39 10.83 11.11 11.60 12.28 13.16 14.19 14.60 13.60 12.25 11.71 11.37 11.04 11.59 12.21 11.92 11.75 11.81 11.65 11.59 11.60 11.59 11.54 11.49 11.42 11.36 11.28 11.19 11.10 10.99 10.88 10.76 10.64 10.51 10.37 10.23 10.08 9.92 9.79 9.63 10.02 10.46 9.47 9.72 12.89 14.76 14.24 12.90 10.23 8.23 9.49 11.81 12.20 10.51 9.01 8.51 8.47 8.63 8.99 10.06 10.54 9.08 7.73 7.56 8.00 7.94 7.60 8.34 9.27
15.98 16.89 17.69 17.10 16.68 16.39 15.69 15.93 16.56 16.09 15.76 15.27 12.99 10.94 10.88 11.42 11.66 11.87 12.88 14.29 14.14 13.02 12.57 11.99 11.25 11.45 11.91 11.78 11.79 11.83 11.60 11.52 11.55 11.56 11.51 11.46 11.41 11.36 11.29 11.21 11.13 11.03 10.94 10.84 10.73 10.62 10.51 10.39 10.28 10.18 10.09 10.00 10.10 10.24 9.83 10.12 11.94 13.76 14.08 12.51 8.79 6.75 9.12 11.84 12.21 11.07 9.55 8.37 8.21 8.46 8.71 9.85 10.33 8.80 7.63 7.20 7.21 7.08 6.83 7.71 9.08
13.07 15.89 18.67 18.37 17.98 17.01 15.08 15.20 16.82 17.14 16.32 14.86 13.34 11.88 10.79 10.89 11.51 11.49 11.85 13.17 13.50 13.15 13.36 12.94 11.94 11.63 11.71 11.73 11.78 11.77 11.59 11.47 11.51 11.51 11.47 11.43 11.39 11.34 11.28 11.22 11.15 11.06 10.98 10.90 10.81 10.71 10.62 10.53 10.44 10.37 10.30 10.26 10.25 10.23 10.23 10.49 11.31 12.23 12.93 11.92 8.29 6.74 9.03 11.36 11.90 11.13 9.80 8.57 8.32 8.45 8.54 9.54 9.93 8.61 7.43 6.89 6.48 6.11 6.13 7.16 9.00
9.73 13.63 17.85 19.01 19.97 18.63 14.62 14.45 17.39 18.37 16.79 14.52 13.37 12.51 11.16 10.62 11.39 11.70 11.56 12.09 12.33 12.49 13.29 13.48 12.71 12.09 12.05 12.19 11.95 11.71 11.53 11.38 11.43 11.44 11.41 11.38 11.36 11.31 11.27 11.21 11.14 11.08 11.01 10.94 10.87 10.79 10.71 10.64 10.57 10.51 10.45 10.42 10.39 10.39 10.46 10.60 10.89 11.11 11.57 11.19 8.68 7.70 9.35 10.81 11.09 10.43 9.68 9.04 8.68 8.49 8.45 9.22 9.68 8.38 6.92 6.48 5.96 5.31 5.42 7.08 9.35
9.27 11.47 15.29 17.49 19.79 19.80 15.59 14.01 17.95 19.75 17.30 14.70 13.71 12.78 11.75 11.17 11.50 12.02 11.63 11.32 11.53 11.94 12.60 13.10 12.54 12.18 13.23 13.47 12.47 11.88 11.49 11.24 11.27 11.32 11.32 11.31 11.31 11.28 11.24 11.19 11.13 11.08 11.03 10.97 10.91 10.85 10.79 10.73 10.67 10.61 10.57 10.54 10.52 10.52 10.55 10.61 10.67 10.66 10.77 10.57 9.32 8.72 9.67 10.41 10.03 9.38 9.30 9.21 8.83 8.44 8.31 9.19 9.65 7.96 6.47 6.21 5.61 5.01 5.15 7.25 9.99
11.68 12.51 14.40 16.07 18.08 18.83 15.49 13.39 17.41 20.23 17.52 14.64 14.20 13.55 12.58 12.01 12.07 12.53 12.04 11.18 11.23 11.65 12.16 12.47 11.11 11.10 14.10 14.99 13.39 12.30 11.69 11.26 11.11 11.13 11.13 11.20 11.24 11.22 11.19 11.15 11.11 11.07 11.03 10.99 10.94 10.89 10.84 10.79 10.74 10.70 10.66 10.62 10.60 10.59 10.58 10.59 10.57 10.53 10.43 10.20 9.71 9.43 9.77 9.88 9.30 8.92 9.11 9.03 8.57 7.96 7.99 9.48 9.61 7.35 6.13 6.05 5.71 5.21 5.34 7.18 9.86
14.36 14.35 15.00 15.90 16.96 17.28 15.21 13.86 17.13 19.69 16.49 13.93 13.88 13.53 13.02 12.40 12.41 13.01 12.77 11.79 11.38 11.61 12.06 11.96 9.91 9.64 13.57 15.78 14.61 13.05 12.24 11.63 11.20 10.94 10.87 11.04 11.14 11.13 11.11 11.10 11.07 11.05 11.02 10.99 10.96 10.92 10.88 10.84 10.80 10.76 10.72 10.68 10.65 10.62 10.60 10.56 10.51 10.45 10.32 10.12 9.89 9.72 9.70 9.55 9.19 9.03 8.95 8.75 8.24 7.56 7.83 9.43 9.30 6.81 5.75 5.99 6.09 5.59 5.45 6.78 8.78
