windninja/windninja_output/Output_2025-10-23_1300-1350_Google earth_Fire_150m_10min/merlingen_7.5mi_point_10-23-2025_1310_150m_vel.asc
ncols	158
nrows	163
xllcorner	391686.332397
yllcorner	5160024.123721
cellsize	150.000000
NODATA_value	-32768.000000
[rows 0 to 35 of 163, columns 0 to 81 of 158]
8.84 9.03 9.20 9.11 9.31 9.50 8.94 8.70 9.23 9.32 8.94 8.57 8.97 10.42 11.31 11.01 10.26 9.50 9.72 10.30 9.24 7.85 8.55 9.52 9.83 9.56 8.86 8.76 9.34 9.40 9.25 9.39 9.47 9.21 9.35 9.91 9.45 9.17 9.38 9.01 9.04 9.43 9.39 9.47 9.62 9.50 9.64 9.37 9.05 9.22 9.23 9.24 9.42 9.36 9.09 9.06 9.13 9.32 9.50 9.35 9.04 9.10 9.26 9.24 9.23 9.38 9.76 9.95 9.84 9.46 9.15 9.08 9.14 9.24 9.53 9.57 9.42 9.55 9.56 9.31 9.17 9.10
8.50 8.98 9.20 9.01 9.37 9.41 8.73 8.60 9.21 9.27 8.64 7.78 7.72 9.26 10.91 11.49 10.97 10.03 10.34 10.72 9.08 7.41 7.78 9.15 10.04 9.79 8.86 8.61 9.15 9.27 9.19 9.34 9.42 9.25 9.36 10.00 9.65 9.33 9.43 8.97 8.97 9.35 9.39 9.70 9.86 9.68 9.86 9.61 9.08 9.03 9.11 9.16 9.29 9.22 8.94 8.91 9.07 9.30 9.58 9.38 8.91 8.91 9.09 9.10 8.94 9.05 9.60 10.11 10.18 9.64 9.04 8.88 8.99 9.13 9.41 9.43 9.32 9.74 9.79 9.19 8.86 8.94
7.97 8.94 9.18 8.86 9.37 8.94 8.36 8.71 9.32 9.18 8.05 6.34 5.87 7.49 10.13 12.13 12.08 11.14 11.30 10.95 9.06 7.25 6.87 8.13 9.86 10.04 9.09 8.60 8.80 8.99 9.19 9.34 9.33 9.42 9.63 9.91 9.86 9.68 9.48 9.04 9.05 9.25 9.46 10.09 10.16 9.92 10.00 9.87 9.16 8.74 8.88 8.93 8.93 8.98 8.82 8.82 9.07 9.24 9.52 9.44 8.93 8.72 8.83 8.92 8.66 8.69 9.36 10.25 10.67 9.91 8.86 8.65 8.88 9.04 9.21 9.03 9.08 10.04 10.15 8.98 8.23 8.88
7.63 8.84 9.12 8.78 9.23 8.45 8.19 9.13 9.57 8.99 7.35 5.30 5.16 6.74 9.38 12.43 12.72 11.92 11.63 10.83 9.31 7.89 6.76 7.03 8.99 9.79 9.37 8.88 8.60 8.78 9.24 9.48 9.55 9.76 9.78 9.74 9.79 9.81 9.65 9.38 9.29 9.31 9.78 10.33 10.28 10.06 9.92 9.67 9.18 8.84 8.71 8.48 8.55 8.88 8.94 8.91 9.08 9.16 9.24 9.36 9.12 8.69 8.63 8.79 8.63 8.60 9.14 10.20 10.85 9.95 8.78 8.71 9.01 9.01 8.95 8.68 8.84 9.98 10.28 8.85 7.65 8.77
7.50 8.55 9.01 8.81 9.12 8.52 8.56 9.58 9.63 8.38 6.45 4.84 4.82 6.61 9.73 12.50 13.03 12.24 11.43 10.84 9.94 8.81 7.28 6.60 8.11 9.11 9.18 8.97 8.57 8.70 9.19 9.72 10.19 10.16 9.73 9.64 9.71 9.87 10.04 9.81 9.45 9.54 10.14 10.38 10.19 10.00 9.65 9.26 9.10 8.95 8.49 8.18 8.35 8.81 9.06 9.04 9.10 9.14 9.10 9.21 9.15 8.67 8.50 8.68 8.65 8.61 8.97 10.13 10.84 9.79 8.82 8.93 9.11 8.95 8.75 8.72 8.89 9.54 9.90 8.87 7.55 8.26
7.77 8.31 8.69 8.84 9.19 8.99 9.24 9.73 9.04 7.40 5.91 4.94 4.67 6.69 10.26 12.14 12.86 12.35 11.21 10.86 10.65 9.93 8.11 6.75 7.44 8.40 8.57 8.63 8.55 8.59 8.99 9.89 10.62 10.39 9.80 9.66 9.95 10.21 10.35 10.09 9.63 9.77 10.19 10.14 9.88 9.74 9.39 9.07 8.94 8.63 8.29 8.24 8.39 8.73 9.09 9.22 9.23 9.21 9.10 9.06 8.99 8.62 8.44 8.64 8.69 8.62 8.85 10.04 10.66 9.54 8.92 9.29 9.35 8.77 8.44 8.87 9.28 9.39 9.06 8.50 8.05 8.35
8.18 8.36 8.47 8.79 9.30 9.41 9.63 9.39 8.14 6.78 5.86 5.23 4.90 6.85 10.41 11.73 12.13 12.16 11.43 11.04 11.19 10.96 9.12 7.13 7.07 7.64 7.89 8.24 8.43 8.40 8.89 9.99 10.58 10.30 10.09 10.21 10.39 10.46 10.36 10.05 9.76 9.79 9.91 9.77 9.54 9.49 9.27 8.99 8.71 8.23 8.04 8.35 8.57 8.74 9.18 9.44 9.41 9.32 9.14 8.97 8.80 8.45 8.34 8.60 8.75 8.63 8.84 9.97 10.36 9.19 8.86 9.74 9.76 8.60 8.11 8.80 9.57 9.54 8.25 7.88 8.81 9.11
8.39 8.57 8.60 8.78 9.23 9.48 9.58 8.85 7.64 6.75 6.13 5.61 5.35 6.98 10.13 11.48 11.27 11.61 11.66 11.22 11.54 11.71 10.10 7.90 6.94 6.89 7.50 8.15 8.10 8.08 8.99 10.02 10.20 10.10 10.47 10.83 10.62 10.32 10.16 9.94 9.77 9.70 9.67 9.56 9.45 9.37 9.13 8.89 8.47 7.93 7.89 8.36 8.52 8.72 9.47 9.75 9.57 9.49 9.27 9.00 8.64 8.07 7.99 8.47 8.82 8.82 9.07 9.86 10.03 8.96 8.73 9.85 9.90 8.73 8.09 8.50 9.49 9.45 7.79 7.66 9.59 9.76
8.45 8.71 8.88 8.85 9.01 9.23 9.18 8.47 7.66 7.08 6.59 6.10 5.74 6.84 9.72 11.18 10.86 11.10 11.45 11.40 11.83 12.03 10.83 8.93 7.34 6.65 7.25 7.93 7.60 7.81 9.26 9.89 9.65 10.04 10.85 11.04 10.47 10.02 9.96 9.89 9.74 9.71 9.60 9.52 9.58 9.28 8.91 8.82 8.32 7.60 7.92 8.47 8.18 8.52 9.88 10.18 9.74 9.65 9.42 8.92 8.39 7.68 7.43 8.00 8.69 9.23 9.52 9.73 9.59 8.93 8.94 9.66 9.59 8.88 8.32 8.39 9.20 8.95 7.68 8.13 10.23 10.31
8.48 8.75 9.07 8.98 8.83 8.87 8.79 8.36 7.91 7.47 7.06 6.58 6.08 6.71 9.02 10.69 10.84 10.93 11.00 11.47 12.03 12.02 11.36 9.72 8.02 6.84 6.74 7.42 7.36 7.76 9.44 9.65 9.13 9.97 10.98 10.93 10.19 9.76 9.80 9.86 9.83 9.86 9.72 9.57 9.64 9.22 8.74 8.80 8.31 7.38 7.80 8.47 8.01 8.58 10.13 10.57 9.89 9.56 9.31 8.63 8.21 7.76 7.07 7.19 8.43 9.56 9.89 9.58 8.88 8.77 9.37 9.70 9.29 8.76 8.45 8.43 8.94 8.44 7.60 8.88 10.60 10.72
8.53 8.78 9.13 9.03 8.74 8.66 8.65 8.47 8.12 7.73 7.41 6.96 6.40 6.60 8.28 10.18 10.88 11.05 10.86 11.28 11.93 11.95 11.64 10.21 8.59 7.34 6.34 6.75 7.36 7.92 9.21 9.33 8.88 9.76 10.72 10.60 9.98 9.60 9.72 9.88 9.93 10.00 9.88 9.54 9.62 9.36 8.62 8.64 8.36 7.38 7.73 8.31 8.13 8.94 10.06 10.65 9.98 9.23 8.91 8.45 8.41 8.12 6.99 6.94 8.59 9.64 9.87 9.22 7.93 8.37 9.71 9.98 9.23 8.50 8.31 8.43 8.95 8.63 7.86 9.11 10.46 10.82
8.66 8.84 9.09 8.99 8.72 8.66 8.69 8.56 8.24 7.89 7.65 7.26 6.73 6.61 7.90 9.90 10.83 11.14 11.07 11.17 11.65 11.80 11.59 10.45 9.00 7.55 6.08 6.32 7.35 7.97 8.68 9.04 8.98 9.58 10.21 10.11 9.83 9.67 9.81 9.85 9.86 10.09 9.88 9.38 9.65 9.63 8.62 8.32 8.36 7.84 7.95 8.12 8.14 9.11 9.92 10.33 9.94 9.08 8.53 8.34 8.73 8.54 7.49 7.66 9.03 9.45 9.41 8.53 7.14 8.08 9.74 9.99 9.36 8.33 7.96 8.43 9.23 9.42 8.87 9.09 9.84 10.47
8.81 8.90 9.01 8.93 8.75 8.78 8.76 8.56 8.32 8.04 7.81 7.49 6.96 6.67 7.77 9.92 10.88 10.99 11.19 11.29 11.40 11.40 11.18 10.42 9.10 7.45 6.31 6.54 7.38 7.90 8.37 8.91 9.20 9.38 9.53 9.73 9.84 9.87 9.85 9.62 9.74 10.08 9.61 9.22 9.66 9.66 8.83 8.37 8.61 8.68 8.38 8.02 8.10 9.13 10.08 9.97 9.48 8.80 8.22 8.46 9.21 9.12 8.56 8.75 9.20 9.14 8.78 7.99 7.21 8.12 9.18 9.57 9.60 8.48 7.83 8.48 9.33 10.04 9.70 8.94 9.24 10.11
8.91 8.96 8.98 8.90 8.83 8.87 8.76 8.53 8.40 8.19 7.94 7.68 7.06 6.72 7.88 10.05 11.17 10.89 10.99 11.35 11.16 10.79 10.53 9.99 8.91 7.63 6.85 7.05 7.50 7.83 8.37 8.90 9.25 9.10 8.90 9.61 10.05 9.97 9.72 9.31 9.62 9.83 9.22 9.08 9.52 9.41 8.69 8.58 9.30 9.60 8.85 8.16 8.10 9.23 10.55 9.98 8.83 7.95 7.59 8.69 9.97 9.91 9.77 9.68 9.18 8.82 8.50 8.49 8.22 7.84 8.21 9.09 9.83 9.02 8.07 8.27 9.32 10.31 9.92 9.01 9.36 10.15
9.01 9.02 8.99 8.93 8.89 8.85 8.71 8.57 8.51 8.31 8.08 7.87 7.24 6.82 7.93 10.24 11.55 10.96 10.56 10.97 10.74 10.07 9.79 9.45 8.79 7.98 7.32 7.43 7.62 7.73 8.50 9.12 9.12 8.84 8.75 9.48 9.93 9.92 9.55 9.09 9.34 9.27 9.23 9.38 9.29 9.12 8.45 8.03 9.12 10.27 9.83 8.59 8.20 9.49 10.84 10.33 8.64 7.06 6.76 8.73 10.76 10.84 10.64 9.92 9.09 9.08 9.08 9.45 9.11 7.72 7.49 9.04 9.98 9.21 7.99 8.10 9.32 9.89 9.64 9.75 10.24 10.34
9.08 9.06 9.01 8.98 8.89 8.80 8.71 8.63 8.60 8.42 8.26 8.04 7.59 7.06 7.90 10.48 11.67 10.94 10.17 10.24 10.13 9.49 9.11 8.96 8.86 8.42 7.59 7.46 7.71 7.79 8.72 9.39 8.90 8.65 8.80 9.00 9.41 9.73 9.37 9.14 9.19 8.83 9.34 9.97 9.14 8.82 8.93 7.89 7.78 9.66 10.63 9.35 8.73 9.82 10.59 10.60 9.31 7.02 6.44 8.81 11.23 11.66 10.92 9.27 9.01 10.08 9.98 9.97 9.89 8.10 7.49 8.88 9.60 8.63 7.87 8.28 8.90 9.07 9.58 10.94 10.93 9.88
9.11 9.10 9.05 8.99 8.87 8.80 8.76 8.69 8.67 8.57 8.44 8.19 7.97 7.52 8.09 10.34 11.38 10.80 10.00 9.67 9.49 8.98 8.56 8.60 8.96 8.75 7.75 7.32 7.77 8.20 8.94 9.17 8.46 8.36 8.70 8.81 9.10 9.36 9.17 9.16 9.15 8.81 9.43 10.12 9.26 8.67 9.18 8.55 7.79 8.95 10.28 9.83 9.40 9.81 9.99 10.26 10.08 8.12 6.94 9.32 11.61 11.98 10.74 8.65 8.93 10.78 10.91 10.49 10.24 8.66 7.66 8.15 8.78 8.32 7.99 8.11 8.05 8.86 10.48 11.56 10.45 9.10
9.12 9.12 9.08 8.99 8.90 8.85 8.81 8.76 8.74 8.70 8.58 8.35 8.24 8.05 8.40 9.83 10.86 10.56 9.88 9.39 8.99 8.56 8.27 8.47 8.88 8.74 7.98 7.49 7.80 8.43 8.80 8.48 7.96 8.15 8.79 9.19 9.19 9.06 8.96 9.14 9.25 9.16 9.48 9.69 9.38 9.02 8.99 8.91 9.02 9.56 9.87 9.70 9.53 9.57 9.51 9.81 10.33 9.44 8.28 9.68 11.65 11.93 10.34 8.69 9.14 10.93 11.74 11.09 9.97 8.89 8.21 7.84 8.47 8.58 7.70 7.49 7.80 9.25 11.03 10.80 9.45 8.99
9.14 9.14 9.09 9.00 8.94 8.90 8.86 8.87 8.82 8.73 8.65 8.52 8.45 8.43 8.61 9.40 10.25 10.13 9.57 9.14 8.70 8.39 8.26 8.39 8.62 8.56 8.23 7.85 7.81 8.15 8.24 7.80 7.57 7.99 8.90 9.62 9.57 9.10 8.82 9.20 9.32 9.24 9.51 9.38 9.30 9.52 9.39 9.05 9.45 10.10 9.90 9.39 9.10 9.15 9.34 9.70 10.21 10.09 9.47 9.95 11.49 11.73 10.17 9.22 9.70 10.91 11.98 11.22 9.79 9.61 9.14 7.97 8.24 8.27 7.09 6.96 7.66 8.88 10.26 9.85 9.16 9.11
9.17 9.16 9.12 9.03 8.97 8.96 8.94 8.96 8.88 8.69 8.66 8.71 8.64 8.59 8.73 9.12 9.58 9.55 9.21 8.91 8.59 8.42 8.31 8.28 8.39 8.42 8.27 8.01 7.80 7.75 7.53 7.22 7.36 7.97 8.96 9.80 9.97 9.35 8.82 9.25 9.26 9.17 9.49 9.38 9.41 9.99 10.19 9.29 9.08 10.13 10.22 9.48 8.91 8.82 9.33 9.68 9.94 10.29 10.24 10.26 11.08 11.48 10.52 9.84 10.18 10.96 11.62 11.24 10.64 10.64 9.53 7.84 7.74 7.74 6.92 6.52 6.80 7.90 9.27 9.60 9.39 9.22
9.22 9.21 9.13 9.02 8.98 9.01 9.01 9.00 8.91 8.67 8.67 8.86 8.75 8.63 8.74 8.88 9.06 9.11 8.97 8.76 8.54 8.41 8.29 8.18 8.23 8.26 8.16 7.95 7.73 7.45 6.93 6.69 7.29 8.25 9.15 9.89 10.27 9.71 8.92 9.09 9.05 9.07 9.39 9.57 9.97 10.38 10.37 9.45 8.97 9.92 10.37 9.89 9.32 8.98 9.15 9.33 9.58 10.11 10.55 10.49 10.58 11.50 11.45 10.41 10.52 11.18 11.30 11.53 11.74 10.87 8.83 7.27 7.29 7.67 7.02 5.77 5.83 7.31 8.94 9.73 9.75 9.31
9.30 9.25 9.10 9.02 9.04 9.04 9.03 9.02 8.94 8.73 8.72 8.88 8.81 8.65 8.67 8.70 8.75 8.87 8.83 8.64 8.46 8.33 8.22 8.09 8.02 8.05 8.01 7.83 7.64 7.26 6.57 6.23 7.18 8.68 9.34 9.84 10.40 9.89 8.89 8.77 8.86 9.07 9.49 9.97 10.46 10.53 10.28 9.68 9.30 9.78 10.41 10.27 9.86 9.30 8.91 8.99 9.34 9.70 10.15 10.50 10.47 11.75 12.29 10.91 10.99 11.63 11.45 11.93 11.86 9.85 7.71 6.95 7.36 8.06 7.10 5.23 5.03 6.67 8.67 10.01 10.07 9.12
9.34 9.23 9.08 9.10 9.12 9.05 9.01 9.00 8.96 8.86 8.77 8.81 8.84 8.67 8.59 8.59 8.59 8.71 8.71 8.50 8.34 8.23 8.11 7.92 7.79 7.84 7.80 7.69 7.56 7.22 6.48 6.06 7.36 9.00 9.44 9.76 10.12 9.82 9.00 8.61 8.71 9.08 9.67 10.34 10.75 10.77 10.46 9.91 9.56 9.71 10.44 10.43 10.05 9.64 9.08 8.95 9.25 9.37 9.16 10.00 10.77 12.15 12.92 11.86 12.02 12.26 11.65 11.61 10.66 8.59 7.28 7.03 7.91 8.73 7.45 5.22 4.41 5.84 8.06 9.81 10.23 9.30
9.33 9.21 9.14 9.21 9.15 9.02 8.97 8.96 9.01 9.02 8.85 8.73 8.75 8.69 8.56 8.52 8.50 8.58 8.59 8.35 8.22 8.14 7.95 7.71 7.59 7.59 7.49 7.54 7.65 7.41 6.67 6.31 7.51 8.84 9.38 9.74 9.72 9.53 9.26 8.79 8.67 9.04 9.62 10.46 11.31 11.21 10.32 9.98 9.73 9.71 10.47 10.49 10.12 10.06 9.53 9.01 9.24 9.12 8.28 9.11 10.91 12.57 13.78 13.75 13.26 12.05 10.84 10.17 8.99 7.97 7.40 7.47 8.77 9.41 7.78 5.14 4.02 5.41 7.17 8.67 9.86 9.78
9.33 9.24 9.20 9.24 9.14 9.00 8.93 8.96 9.11 9.13 8.91 8.64 8.62 8.70 8.57 8.47 8.45 8.46 8.44 8.23 8.08 8.00 7.76 7.50 7.35 7.22 7.08 7.44 8.08 7.84 6.99 6.73 7.36 8.33 9.12 9.56 9.57 9.58 9.51 9.07 8.74 8.89 9.43 10.79 11.99 11.02 9.82 10.06 10.04 9.96 10.43 10.55 10.42 10.36 9.84 9.18 9.17 8.80 7.86 8.39 10.58 13.14 15.12 15.26 13.09 10.60 9.27 8.36 7.87 7.86 7.84 8.44 9.98 9.71 7.13 4.75 4.33 5.52 6.47 7.25 8.82 9.71
9.35 9.29 9.22 9.21 9.15 9.01 8.89 9.04 9.23 9.14 8.88 8.63 8.60 8.66 8.53 8.44 8.42 8.36 8.29 8.12 7.94 7.81 7.59 7.28 7.02 6.67 6.58 7.52 8.75 8.41 7.32 7.13 7.40 7.80 8.58 9.08 9.43 10.10 10.02 9.24 8.87 8.89 9.57 11.33 11.79 10.16 9.72 10.30 10.36 10.38 10.46 10.74 10.83 10.54 10.07 9.33 8.73 8.31 7.95 8.38 10.70 14.43 16.35 14.90 11.60 9.24 7.90 7.08 7.42 8.22 9.00 10.24 10.69 8.90 6.07 4.47 5.43 6.37 6.18 6.35 7.78 8.90
9.35 9.31 9.24 9.20 9.17 9.01 8.91 9.16 9.28 9.05 8.81 8.70 8.66 8.56 8.44 8.43 8.38 8.25 8.15 8.00 7.82 7.67 7.43 7.04 6.63 5.97 5.99 7.74 9.27 8.87 7.84 7.66 7.73 7.55 7.83 8.23 8.99 10.71 10.88 9.54 8.98 9.27 10.05 11.29 10.95 9.41 9.80 10.70 10.80 10.56 10.34 10.95 11.19 10.97 10.54 8.93 7.61 7.93 8.59 9.46 12.72 16.42 16.11 12.87 10.13 8.50 7.05 6.38 7.21 9.05 11.13 11.72 10.10 7.75 5.06 3.94 6.21 7.77 6.69 6.18 7.13 7.83
9.32 9.33 9.28 9.21 9.17 9.02 9.00 9.26 9.22 8.92 8.79 8.75 8.67 8.51 8.39 8.41 8.32 8.15 8.02 7.92 7.80 7.59 7.26 6.76 6.17 5.33 5.48 7.67 9.32 9.05 8.63 8.55 8.20 7.68 7.38 7.32 8.29 10.86 11.72 10.06 9.05 9.91 10.39 10.64 10.22 8.98 9.47 10.76 11.36 10.64 9.94 11.04 11.65 11.72 10.86 7.61 6.04 7.95 9.93 11.62 14.98 16.79 14.09 10.41 8.87 8.00 6.67 6.22 7.50 10.22 12.74 11.91 9.08 6.77 4.32 3.40 6.10 9.00 8.09 6.41 6.53 6.82
9.29 9.32 9.30 9.23 9.18 9.06 9.11 9.28 9.08 8.82 8.79 8.75 8.67 8.56 8.42 8.35 8.26 8.07 7.92 7.91 7.79 7.50 7.07 6.51 5.80 4.98 5.35 7.34 8.73 8.80 9.26 9.66 8.87 8.14 7.67 7.20 7.95 10.48 12.18 10.58 9.50 10.46 10.30 10.17 9.70 8.64 8.95 10.25 11.73 11.12 9.65 10.84 12.07 12.30 10.76 6.38 4.99 8.32 11.63 13.78 15.77 15.36 12.10 8.89 7.82 7.40 6.29 6.31 8.66 11.63 13.18 11.50 8.47 6.13 3.96 3.38 5.53 9.33 9.47 7.22 6.33 6.17
9.29 9.31 9.29 9.26 9.23 9.15 9.19 9.19 8.97 8.80 8.77 8.74 8.70 8.62 8.48 8.30 8.20 8.02 7.88 7.88 7.71 7.37 6.93 6.38 5.65 5.03 5.55 6.92 7.64 7.97 9.30 10.54 9.93 9.34 8.96 7.86 7.80 10.32 12.40 11.01 10.22 10.54 9.83 9.97 9.23 8.20 8.73 9.73 11.67 11.49 9.63 10.53 12.06 12.38 10.64 6.43 5.06 8.57 12.84 15.63 15.63 13.05 10.42 8.46 7.43 7.01 5.98 6.66 10.36 12.97 12.96 10.57 7.89 5.96 4.14 3.95 5.79 8.76 10.20 8.89 6.81 5.85
9.35 9.31 9.23 9.23 9.32 9.29 9.17 9.05 8.93 8.81 8.74 8.76 8.72 8.64 8.53 8.32 8.17 7.99 7.84 7.82 7.62 7.25 6.88 6.39 5.73 5.40 5.75 6.34 6.53 6.85 8.55 10.65 11.20 11.44 10.54 8.02 7.59 10.35 12.48 11.34 10.45 10.11 9.22 9.62 8.95 8.02 8.88 10.12 11.53 11.05 9.68 10.38 11.50 12.29 10.92 6.95 6.08 9.27 13.57 16.65 14.77 10.48 8.88 8.49 7.94 7.20 6.03 7.14 11.64 13.99 12.17 9.03 7.45 6.22 4.67 4.75 5.71 7.79 10.29 10.35 7.78 5.75
9.45 9.32 9.12 9.17 9.49 9.44 9.07 8.95 8.93 8.81 8.72 8.74 8.73 8.66 8.57 8.36 8.13 7.95 7.80 7.77 7.59 7.20 6.85 6.46 5.99 5.76 5.75 5.74 5.56 6.03 8.07 10.51 12.07 13.16 11.41 7.39 7.31 10.86 12.44 11.12 10.12 9.31 8.63 9.15 8.82 8.23 9.38 10.76 10.92 10.18 9.81 10.21 10.70 12.02 11.15 7.52 7.64 10.80 14.29 16.84 14.06 8.85 7.47 8.47 9.10 7.98 6.32 7.46 12.22 14.28 10.96 8.06 7.59 6.63 5.09 4.91 5.35 7.07 10.01 11.19 8.85 5.92
9.46 9.32 9.01 9.18 9.69 9.44 8.94 8.91 8.92 8.82 8.69 8.73 8.76 8.68 8.59 8.35 8.09 7.97 7.85 7.75 7.59 7.22 6.82 6.57 6.37 5.99 5.72 5.30 4.78 5.62 8.47 11.02 12.35 13.80 11.93 7.30 7.45 11.25 11.81 10.09 9.54 8.73 8.30 8.89 8.71 8.58 9.93 10.69 9.94 9.83 10.02 9.94 10.12 11.20 10.91 8.36 8.75 11.99 15.07 16.44 12.99 7.86 6.33 8.30 10.41 9.25 6.94 7.74 12.08 13.90 10.57 8.32 8.20 6.74 5.04 4.69 5.03 6.62 9.54 11.44 9.44 6.43
9.35 9.26 9.01 9.33 9.77 9.31 8.90 8.89 8.91 8.84 8.68 8.76 8.77 8.66 8.57 8.31 8.11 8.08 7.93 7.74 7.60 7.32 6.88 6.73 6.68 6.16 5.70 5.04 4.58 5.85 8.74 11.08 11.85 13.55 13.09 8.38 7.74 10.76 10.72 9.16 9.14 8.54 8.22 8.80 8.66 9.03 10.14 10.01 9.42 9.92 10.17 9.90 9.92 10.22 10.29 9.30 9.46 11.94 15.06 16.18 12.89 7.59 5.35 7.70 11.15 10.78 8.26 8.06 10.98 13.27 11.24 9.15 8.35 6.37 4.89 4.61 4.89 6.18 8.85 10.88 9.80 7.59
9.21 9.14 9.12 9.55 9.73 9.22 8.87 8.83 8.93 8.88 8.74 8.76 8.73 8.64 8.53 8.31 8.20 8.17 7.97 7.76 7.67 7.45 7.07 6.92 6.78 6.24 5.62 5.00 4.80 6.05 8.63 10.57 11.31 13.05 13.90 10.34 7.78 9.42 9.70 8.67 8.73 8.42 8.28 8.68 8.90 9.51 9.81 9.40 9.52 10.05 10.10 10.00 9.93 9.66 9.79 10.13 10.45 11.39 13.72 15.97 13.97 8.40 4.97 6.59 10.90 12.04 10.31 9.05 10.62 12.78 11.37 9.30 8.02 6.16 5.06 4.79 4.93 6.03 7.71 9.42 9.85 8.99
9.10 9.08 9.25 9.69 9.67 9.13 8.80 8.80 8.96 8.94 8.79 8.72 8.70 8.63 8.50 8.37 8.28 8.21 8.00 7.84 7.80 7.57 7.27 7.07 6.75 6.27 5.65 5.12 4.99 6.27 8.69 10.13 11.27 13.01 13.85 11.18 7.82 8.02 8.80 8.36 8.20 8.33 8.56 8.76 9.35 9.98 9.39 9.22 9.79 10.01 9.96 10.00 9.99 9.65 9.88 10.59 11.03 11.14 12.23 15.16 14.84 9.70 5.42 5.68 9.53 12.41 12.36 11.11 11.78 12.15 9.98 8.71 7.93 6.39 5.60 5.08 4.92 5.86 6.75 7.62 8.85 9.24
