windninja/windninja_output/Output_2025-10-23_1300-1350_Google earth_Fire_150m_10min/merlingen_7.5mi_point_10-23-2025_1320_150m_vel.asc
ncols	158
nrows	163
xllcorner	391686.332397
yllcorner	5160024.123721
cellsize	150.000000
NODATA_value	-32768.000000
[rows 0 to 35 of 163, columns 0 to 80 of 158]
13.44 13.69 13.89 13.84 14.27 14.52 13.83 13.84 14.80 14.98 14.68 14.86 16.32 18.54 19.26 18.00 16.03 14.38 14.43 14.71 12.70 11.56 13.98 15.71 15.69 14.72 13.60 13.71 14.71 14.88 14.68 14.79 14.72 14.24 14.39 14.93 13.98 13.38 13.50 12.99 13.21 13.81 13.74 13.70 13.63 13.29 13.28 12.63 12.13 12.60 12.86 13.00 13.28 13.23 12.95 12.98 13.05 13.21 13.26 12.90 12.56 12.79 13.05 13.04 13.13 13.46 13.92 13.94 13.45 12.71 12.27 12.29 12.47 12.62 12.93 12.95 12.75 12.81 12.60 12.19 12.11
13.02 13.55 13.67 13.45 14.06 14.35 13.71 13.60 14.35 14.48 13.93 13.60 14.62 17.14 19.10 19.18 17.55 15.44 15.28 15.36 12.69 10.56 12.10 14.81 16.15 15.51 13.94 13.46 14.23 14.56 14.51 14.63 14.69 14.32 14.25 15.04 14.52 13.83 13.77 13.08 13.07 13.62 13.72 14.02 13.98 13.61 13.74 13.10 12.07 12.11 12.47 12.65 12.96 13.04 12.79 12.79 12.95 13.16 13.41 13.02 12.39 12.44 12.73 12.76 12.58 12.79 13.51 14.05 13.90 13.00 12.17 12.06 12.25 12.39 12.70 12.75 12.70 13.11 12.92 12.09 11.81
12.16 13.34 13.45 13.03 13.83 13.60 13.31 13.73 14.17 13.82 12.61 11.40 11.87 14.37 18.01 20.34 19.51 17.42 16.93 16.15 13.33 10.18 9.58 12.47 15.90 16.40 14.79 13.62 13.73 14.14 14.42 14.49 14.39 14.38 14.41 14.81 14.91 14.56 14.13 13.39 13.17 13.35 13.61 14.32 14.29 13.90 14.03 13.80 12.61 11.83 12.04 12.27 12.54 12.81 12.62 12.56 12.80 12.98 13.39 13.29 12.51 12.14 12.30 12.42 12.06 12.08 12.97 14.11 14.53 13.44 12.08 11.82 12.04 12.13 12.34 12.25 12.44 13.54 13.48 11.98 11.22
11.16 13.02 13.57 13.09 13.77 12.89 12.74 13.94 14.31 13.51 11.82 10.20 10.60 12.65 16.09 20.01 20.08 18.61 18.04 16.86 14.42 11.65 9.33 10.14 14.09 16.04 15.65 14.68 14.09 14.31 14.86 14.94 14.63 14.54 14.44 14.44 14.60 14.71 14.37 13.73 13.43 13.37 13.82 14.39 14.29 13.98 13.84 13.76 13.29 12.62 12.23 12.06 12.38 12.86 12.81 12.60 12.72 12.79 12.95 13.17 12.80 12.13 12.03 12.25 12.01 11.93 12.61 13.95 14.72 13.55 12.09 11.91 12.13 12.05 11.99 11.69 11.90 13.35 13.75 11.97 10.57
10.25 12.20 13.47 13.34 13.75 12.84 12.54 13.61 13.78 12.76 11.14 9.61 9.75 11.87 15.54 19.37 20.31 19.10 18.07 17.42 15.79 13.23 10.07 8.83 11.81 14.34 15.26 15.27 14.76 14.85 15.46 15.98 16.01 15.31 14.44 14.39 14.54 14.66 14.66 14.04 13.39 13.43 14.12 14.40 14.24 14.07 13.72 13.37 13.27 13.11 12.52 12.07 12.25 12.83 13.08 12.90 12.82 12.77 12.67 12.81 12.75 12.13 11.89 12.10 12.01 11.90 12.34 13.81 14.71 13.41 12.19 12.17 12.26 12.01 11.78 11.68 11.73 12.54 13.21 12.09 10.40
10.20 11.23 12.47 13.21 13.75 13.18 12.99 13.43 12.90 11.57 10.30 9.12 8.66 11.06 15.61 18.45 20.08 19.64 18.02 17.50 16.86 14.92 11.12 8.39 9.74 12.10 13.37 14.27 14.52 14.63 15.24 16.36 17.04 16.45 15.37 14.83 14.91 14.92 14.89 14.42 13.63 13.60 14.12 14.22 14.08 14.06 13.69 13.26 13.09 12.85 12.58 12.46 12.43 12.73 13.14 13.19 13.03 12.85 12.62 12.55 12.51 12.08 11.84 12.04 12.04 11.90 12.17 13.67 14.50 13.21 12.47 12.74 12.52 11.73 11.46 12.03 12.35 12.29 12.02 11.66 11.08
10.89 11.08 11.35 12.27 13.34 13.50 13.63 13.32 12.10 10.80 9.76 8.84 8.14 10.49 15.53 17.72 18.98 19.70 18.73 17.91 17.79 16.68 12.87 8.82 8.56 10.20 11.47 12.59 13.31 13.64 14.44 15.87 16.77 16.65 16.33 15.89 15.50 15.30 15.10 14.66 14.15 13.98 14.10 14.01 13.81 13.85 13.60 13.21 12.92 12.41 12.29 12.72 12.86 12.90 13.31 13.46 13.23 12.96 12.62 12.35 12.16 11.83 11.81 12.13 12.24 11.98 12.16 13.53 14.09 12.77 12.48 13.45 13.19 11.59 11.04 11.99 12.93 12.76 11.22 10.99 12.03
11.35 11.52 11.34 11.55 12.50 13.23 13.70 13.07 11.68 10.49 9.48 8.53 7.96 10.28 15.09 17.34 17.50 18.67 19.04 18.33 18.51 18.21 15.05 10.58 8.33 8.63 10.22 11.54 11.97 12.46 13.78 15.16 15.72 15.91 16.31 16.42 15.86 15.41 15.24 14.90 14.56 14.35 14.24 14.05 13.82 13.65 13.36 13.09 12.61 12.01 11.98 12.53 12.75 13.05 13.84 13.89 13.40 13.13 12.67 12.22 11.78 11.23 11.42 12.18 12.59 12.42 12.45 13.36 13.66 12.37 12.07 13.46 13.56 12.04 11.08 11.54 12.84 12.89 10.95 10.76 12.82
11.38 11.81 11.98 11.73 12.00 12.65 13.08 12.58 11.57 10.54 9.51 8.40 7.64 9.49 14.32 16.98 16.81 17.47 18.44 18.52 18.84 18.89 16.77 13.07 9.50 7.94 9.31 10.93 10.92 11.57 13.57 14.46 14.56 15.38 16.32 16.42 15.70 15.21 15.19 15.09 14.79 14.59 14.31 14.09 14.04 13.57 13.10 12.99 12.33 11.45 11.91 12.51 12.13 12.68 14.32 14.38 13.54 13.28 12.84 12.13 11.49 10.62 10.40 11.42 12.50 13.05 13.05 13.15 13.12 12.39 12.23 13.04 13.09 12.29 11.47 11.42 12.45 12.36 10.93 11.25 13.47
11.39 11.85 12.37 12.21 12.01 12.29 12.50 12.14 11.52 10.73 9.83 8.70 7.55 8.60 12.82 16.14 16.72 16.85 17.25 18.30 19.10 19.03 17.86 14.92 11.61 8.77 8.44 10.21 10.57 11.16 13.58 13.98 13.54 14.96 16.46 16.45 15.51 15.00 15.12 15.20 15.03 14.88 14.51 14.15 14.16 13.54 12.87 12.96 12.23 10.95 11.54 12.46 11.80 12.40 14.32 14.75 13.65 13.17 12.89 12.05 11.46 10.69 9.66 9.96 11.72 13.12 13.37 12.91 12.25 12.34 12.99 13.18 12.59 11.99 11.63 11.54 12.17 11.62 10.62 12.02 13.88
11.48 11.87 12.44 12.41 12.11 12.15 12.28 12.07 11.54 10.90 10.23 9.23 7.95 8.13 11.24 14.86 16.37 16.68 16.36 17.23 18.62 18.91 18.44 16.12 13.26 10.63 8.56 9.49 10.68 11.33 13.25 13.69 13.14 14.43 16.03 16.18 15.46 14.93 15.05 15.22 15.19 15.17 14.84 14.27 14.33 13.79 12.62 12.72 12.35 10.86 11.20 11.99 11.70 12.59 14.00 14.82 13.88 12.83 12.48 11.91 11.74 11.15 9.51 9.30 11.32 12.64 13.02 12.36 11.01 11.79 13.44 13.58 12.52 11.62 11.49 11.67 12.23 11.57 10.29 11.74 13.55
11.65 11.92 12.38 12.41 12.15 12.12 12.21 12.07 11.65 11.09 10.58 9.77 8.60 8.16 10.36 13.80 15.61 16.39 16.29 16.39 17.40 18.14 18.28 16.78 14.42 12.02 9.62 9.56 10.83 11.62 12.75 13.46 13.32 14.11 15.25 15.47 15.25 14.99 15.04 15.03 15.07 15.36 15.01 14.31 14.64 14.43 12.85 12.39 12.46 11.54 11.37 11.47 11.46 12.70 13.74 14.35 13.88 12.72 11.98 11.70 12.10 11.66 10.02 9.93 11.51 12.04 12.15 11.27 9.73 11.01 13.15 13.54 12.72 11.38 11.06 11.73 12.58 12.44 11.14 11.16 12.45
11.86 12.01 12.27 12.32 12.20 12.24 12.22 12.00 11.74 11.29 10.84 10.20 9.20 8.56 10.16 13.42 14.98 15.52 16.20 16.38 16.61 17.05 17.34 16.71 15.03 12.70 10.73 10.38 11.13 11.75 12.45 13.30 13.67 13.89 14.40 14.95 15.07 14.97 14.90 14.62 14.85 15.33 14.76 14.30 14.89 14.89 13.70 12.91 13.01 12.77 12.02 11.37 11.41 12.75 13.95 13.74 13.12 12.31 11.58 11.86 12.71 12.36 11.31 11.23 11.64 11.53 11.15 10.21 9.16 10.37 12.00 12.79 12.87 11.31 10.39 11.25 12.35 13.09 12.32 11.12 11.56
12.04 12.12 12.21 12.22 12.22 12.34 12.29 12.04 11.86 11.49 11.05 10.54 9.54 9.01 10.62 13.69 15.13 14.69 15.30 16.29 16.24 16.12 16.32 16.08 14.94 13.14 11.64 11.36 11.62 11.96 12.61 13.27 13.74 13.61 13.58 14.74 15.25 15.02 14.67 14.15 14.68 15.06 14.29 14.06 14.66 14.54 13.59 13.48 14.30 14.30 12.90 11.75 11.54 12.97 14.64 13.71 12.11 11.04 10.71 12.20 13.74 13.35 12.84 12.43 11.63 11.13 10.69 10.49 9.85 9.38 10.28 11.70 12.69 11.50 10.07 10.34 11.76 13.10 12.74 11.54 11.68
12.19 12.22 12.23 12.22 12.23 12.29 12.26 12.14 12.04 11.70 11.29 10.85 9.77 9.11 10.95 14.33 15.87 14.66 14.23 15.48 15.73 15.25 15.41 15.41 14.73 13.45 12.21 12.06 12.10 12.15 13.15 13.74 13.57 13.26 13.19 14.33 15.19 15.27 14.72 14.04 14.42 14.44 14.38 14.41 14.15 13.91 12.90 12.31 14.05 15.71 14.73 12.61 11.89 13.50 15.21 14.31 11.85 9.73 9.48 12.19 14.73 14.49 13.90 12.85 11.74 11.56 11.31 11.52 10.83 8.94 8.72 10.94 12.28 11.40 9.91 10.03 11.54 12.45 12.37 12.33 12.51
12.31 12.31 12.30 12.31 12.27 12.26 12.22 12.18 12.18 11.90 11.55 11.12 10.21 9.10 10.51 14.66 16.46 15.25 14.00 14.43 14.90 14.50 14.46 14.72 14.74 13.84 12.36 12.19 12.54 12.43 13.51 14.29 13.53 13.25 13.45 13.79 14.60 15.23 14.74 14.36 14.35 13.83 14.57 15.30 13.92 13.49 13.53 11.73 11.63 14.64 16.05 14.01 12.81 14.08 15.14 15.22 13.23 9.78 8.91 12.03 15.09 15.41 14.24 12.15 11.97 13.11 12.52 12.21 11.84 9.26 8.38 10.23 11.44 10.52 9.72 10.18 11.06 11.53 12.17 13.51 13.18
12.38 12.39 12.39 12.39 12.32 12.32 12.31 12.24 12.27 12.11 11.81 11.35 10.80 9.61 10.17 14.04 16.27 15.76 14.56 14.05 14.10 13.81 13.61 14.02 14.67 14.27 12.64 11.96 12.63 13.02 13.77 14.20 13.49 13.48 13.95 13.95 14.27 14.71 14.49 14.49 14.44 13.79 14.57 15.55 14.29 13.35 14.04 13.00 11.50 12.91 14.97 14.50 13.68 14.07 14.47 15.12 14.87 11.73 9.56 12.48 15.40 15.77 14.11 11.42 11.86 14.15 13.96 12.99 12.42 10.14 8.58 9.23 10.22 9.78 9.47 9.83 10.03 11.14 12.92 14.09 12.84
12.42 12.46 12.48 12.45 12.40 12.39 12.40 12.37 12.36 12.31 12.08 11.64 11.31 10.59 10.66 13.08 15.37 15.53 14.80 14.20 13.76 13.34 13.08 13.49 14.26 14.24 13.10 12.07 12.31 13.24 13.88 13.74 13.34 13.75 14.58 14.88 14.62 14.34 14.21 14.45 14.52 14.23 14.52 14.89 14.53 13.84 13.64 13.50 13.33 13.53 13.78 13.72 13.68 13.85 13.87 14.39 15.15 13.69 11.50 12.95 15.51 15.85 13.78 11.58 11.99 14.24 15.11 13.92 12.37 10.88 9.61 8.83 9.63 9.80 8.80 8.81 9.41 11.27 13.52 13.42 11.98
12.44 12.49 12.53 12.50 12.50 12.50 12.49 12.52 12.45 12.40 12.34 12.05 11.76 11.46 11.41 12.61 14.38 14.82 14.44 14.11 13.64 13.22 12.99 13.21 13.71 13.83 13.37 12.58 12.29 12.89 13.40 13.16 13.06 13.71 14.91 15.73 15.37 14.41 13.89 14.36 14.45 14.32 14.66 14.41 14.32 14.49 13.89 13.09 13.65 14.48 13.92 13.10 12.86 13.18 13.52 13.95 14.64 14.42 13.18 13.41 15.42 15.82 13.77 12.33 12.64 14.06 15.45 14.46 12.47 11.92 10.89 9.06 9.35 9.47 8.06 8.00 9.04 10.82 12.84 12.53 11.70
12.53 12.54 12.54 12.53 12.56 12.63 12.64 12.68 12.58 12.38 12.45 12.49 12.22 12.00 12.06 12.65 13.65 14.10 14.00 13.82 13.48 13.26 13.10 13.10 13.37 13.54 13.40 12.98 12.60 12.59 12.60 12.52 12.81 13.54 14.78 15.86 15.90 14.72 13.76 14.33 14.37 14.28 14.74 14.53 14.40 14.93 14.87 13.30 12.98 14.56 14.60 13.35 12.41 12.29 13.04 13.60 14.08 14.59 14.30 13.99 15.06 15.69 14.28 13.03 13.22 14.08 15.01 14.57 13.50 13.02 11.32 9.11 9.09 9.18 8.07 7.57 8.18 9.85 11.75 12.23 11.94
12.65 12.62 12.56 12.53 12.60 12.73 12.81 12.84 12.75 12.44 12.49 12.78 12.58 12.35 12.48 12.77 13.25 13.63 13.69 13.56 13.35 13.23 13.13 13.04 13.18 13.37 13.34 13.08 12.78 12.45 11.91 11.85 12.84 14.03 15.07 15.97 16.30 15.21 13.92 14.21 14.27 14.30 14.69 14.81 15.03 15.28 15.18 13.82 12.96 14.21 14.83 13.99 12.89 12.11 12.32 12.79 13.34 14.21 14.85 14.61 14.67 15.86 15.46 13.68 13.60 14.30 14.40 14.61 14.53 13.22 10.78 8.96 9.01 9.40 8.42 6.90 7.32 9.42 11.53 12.44 12.34
12.75 12.72 12.60 12.59 12.68 12.76 12.89 12.99 12.92 12.63 12.60 12.91 12.84 12.58 12.65 12.80 13.04 13.42 13.53 13.38 13.22 13.12 13.06 12.95 12.98 13.20 13.28 13.08 12.81 12.32 11.45 11.14 12.57 14.46 15.11 15.78 16.57 15.72 14.16 14.03 14.23 14.48 14.92 15.29 15.67 15.60 15.13 14.17 13.44 13.98 14.81 14.49 13.68 12.64 11.96 12.11 12.65 13.30 14.23 14.87 14.74 16.19 16.55 14.34 14.11 14.62 14.17 14.68 14.60 12.32 10.00 9.15 9.50 10.07 8.61 6.20 6.25 8.73 11.42 13.01 12.90
12.81 12.75 12.67 12.74 12.80 12.79 12.89 13.05 13.09 12.92 12.73 12.91 13.06 12.80 12.70 12.79 12.91 13.26 13.43 13.25 13.11 13.05 12.98 12.82 12.77 13.01 13.13 13.07 12.90 12.36 11.21 10.55 12.27 14.46 14.98 15.40 16.08 15.85 14.61 13.87 13.98 14.46 15.17 15.91 16.23 15.97 15.28 14.38 13.76 13.88 14.83 14.72 14.09 13.34 12.31 11.95 12.33 12.57 12.63 14.18 15.17 16.65 17.33 15.47 15.06 14.94 14.03 14.19 13.51 11.44 9.96 9.55 10.38 11.05 9.08 6.00 5.11 7.40 10.52 12.96 13.54
12.86 12.74 12.74 12.91 12.90 12.85 12.91 13.05 13.22 13.22 12.90 12.80 13.07 13.07 12.84 12.80 12.85 13.11 13.29 13.08 13.01 13.00 12.85 12.65 12.61 12.81 12.90 13.09 13.15 12.55 11.19 10.32 11.93 14.05 14.97 15.47 15.47 15.33 14.91 14.01 13.67 14.19 15.05 16.16 16.98 16.36 15.07 14.66 14.13 13.93 14.89 14.85 14.24 13.96 12.96 12.05 12.29 12.16 11.25 12.74 15.22 17.17 18.30 17.45 16.06 14.41 13.19 12.87 12.07 11.14 10.38 10.20 11.41 11.78 9.51 6.08 4.61 6.48 8.97 11.36 13.26
12.91 12.79 12.79 12.98 12.99 12.91 12.94 13.11 13.36 13.41 13.10 12.76 12.88 13.17 13.02 12.88 12.89 12.99 13.10 12.92 12.83 12.86 12.67 12.44 12.42 12.53 12.65 13.28 13.88 13.00 11.35 10.62 11.42 13.14 14.62 15.42 15.45 15.31 14.96 14.13 13.51 13.72 14.54 16.28 17.61 16.22 14.77 15.06 14.78 14.35 14.84 14.92 14.56 14.29 13.43 12.37 12.29 11.87 10.68 11.49 14.50 17.66 19.60 19.01 15.87 12.96 11.79 11.26 11.05 11.11 10.88 11.18 12.56 11.97 8.91 6.17 5.35 6.47 7.75 9.20 11.65
12.98 12.90 12.87 13.00 13.05 12.97 12.95 13.25 13.56 13.47 13.22 12.91 12.85 13.04 13.01 12.97 12.98 12.94 12.95 12.82 12.65 12.63 12.45 12.17 12.06 12.04 12.40 13.80 15.13 13.97 11.81 11.14 11.28 12.00 13.63 14.78 15.48 16.21 15.53 14.07 13.43 13.36 14.18 16.46 17.24 15.46 15.00 15.53 15.33 15.06 14.96 15.19 15.06 14.44 13.63 12.51 11.86 11.58 11.07 11.37 14.13 18.48 20.47 18.58 14.66 11.93 10.60 10.03 10.69 11.61 12.12 12.91 13.04 10.96 7.87 6.26 7.16 7.68 7.14 7.56 9.75
13.05 13.01 12.98 13.04 13.12 13.01 13.00 13.41 13.67 13.48 13.28 13.15 13.05 12.94 12.90 12.99 12.98 12.90 12.86 12.72 12.53 12.40 12.19 11.83 11.58 11.21 11.84 14.41 16.26 15.20 13.06 12.11 11.71 11.23 11.93 13.18 14.78 17.16 16.82 14.34 13.34 13.54 14.34 16.18 16.17 14.49 15.24 16.26 15.96 15.37 15.05 15.74 15.72 14.97 13.93 11.77 10.68 11.51 12.12 12.63 16.06 20.22 19.82 16.32 13.55 11.82 10.18 9.50 10.59 12.61 14.46 14.46 12.28 9.63 6.68 5.75 8.47 9.82 7.74 6.87 8.35
13.04 13.10 13.13 13.12 13.19 13.09 13.13 13.56 13.64 13.42 13.37 13.35 13.25 13.01 12.86 12.96 12.91 12.78 12.72 12.65 12.48 12.22 11.86 11.39 10.93 10.27 10.91 14.26 16.71 16.21 15.11 14.07 12.71 11.48 10.90 11.10 13.03 17.02 18.01 15.06 13.26 14.17 14.58 15.18 15.04 13.63 14.66 16.59 17.05 15.57 14.58 16.09 16.58 16.07 14.34 10.04 8.91 11.72 13.69 14.97 18.64 20.72 17.54 13.50 12.17 11.47 10.00 9.47 10.84 13.71 16.25 14.85 11.25 8.53 5.76 4.92 8.29 11.65 9.86 7.14 7.31
13.02 13.14 13.26 13.27 13.28 13.20 13.32 13.66 13.57 13.38 13.45 13.47 13.40 13.21 12.95 12.89 12.85 12.64 12.52 12.56 12.42 12.08 11.57 10.94 10.19 9.39 10.15 13.30 15.99 16.68 17.16 16.76 14.49 12.65 11.37 10.34 11.70 15.92 18.39 15.68 13.72 14.76 14.46 14.43 14.02 12.91 13.66 15.82 17.89 16.44 14.01 15.79 17.36 17.20 14.75 8.83 7.43 11.86 15.64 17.54 19.66 19.38 15.66 11.95 10.90 10.69 9.47 9.45 11.88 14.98 16.69 14.57 10.83 8.05 5.48 4.70 7.23 12.02 12.02 8.60 7.07
13.07 13.16 13.30 13.41 13.45 13.36 13.48 13.66 13.54 13.41 13.47 13.54 13.52 13.39 13.14 12.86 12.77 12.57 12.38 12.44 12.28 11.90 11.35 10.63 9.63 8.72 9.40 11.80 13.92 15.50 17.82 19.27 17.35 15.06 13.07 10.60 10.84 15.16 18.23 15.94 14.44 14.83 14.05 14.43 13.42 12.23 13.16 14.64 17.39 17.05 14.37 15.52 17.62 18.00 15.50 9.70 7.50 11.79 17.17 20.14 19.72 16.84 14.22 11.97 10.63 10.09 8.82 9.50 13.62 16.39 16.26 13.56 10.55 8.26 5.91 5.33 7.37 11.27 13.13 11.04 7.86
13.23 13.21 13.25 13.50 13.72 13.64 13.52 13.58 13.59 13.49 13.47 13.59 13.60 13.50 13.32 12.95 12.71 12.49 12.32 12.34 12.13 11.68 11.17 10.46 9.42 8.60 8.90 10.26 11.51 12.85 15.89 19.30 19.54 18.21 15.08 10.47 10.29 14.74 17.87 16.05 14.59 14.37 13.52 14.40 13.57 12.15 13.10 14.41 16.32 16.25 14.77 15.51 17.16 18.49 16.65 11.25 9.38 12.64 17.96 21.80 19.17 13.90 12.48 12.27 11.38 10.11 8.44 9.64 15.06 17.70 15.31 11.73 10.06 8.53 6.44 6.24 7.38 10.19 13.36 13.10 9.32
13.47 13.29 13.15 13.51 14.05 13.93 13.51 13.55 13.67 13.58 13.52 13.64 13.67 13.59 13.44 13.09 12.72 12.44 12.23 12.21 12.01 11.46 10.98 10.40 9.49 8.80 8.69 9.11 9.78 11.26 14.47 17.91 19.71 20.34 16.67 10.00 9.87 15.02 17.37 15.79 14.57 13.67 12.96 13.89 13.56 12.49 13.55 15.00 15.38 14.87 14.49 15.04 15.98 18.12 17.18 12.40 11.89 14.98 18.94 22.24 18.74 12.21 10.85 12.33 12.84 10.87 8.39 9.76 15.73 18.23 14.03 10.53 9.90 8.53 6.53 6.37 7.07 9.36 13.06 14.34 11.03
13.64 13.46 13.12 13.52 14.34 14.05 13.51 13.61 13.73 13.66 13.55 13.69 13.77 13.67 13.54 13.19 12.79 12.55 12.24 12.08 11.88 11.32 10.72 10.37 9.81 8.90 8.45 8.19 8.32 10.30 14.41 17.73 19.52 21.50 18.07 10.14 9.77 15.38 16.54 14.77 14.40 13.34 12.71 13.52 13.25 12.85 14.30 15.24 14.47 14.44 14.58 14.44 14.80 16.63 16.72 13.33 13.23 16.95 20.50 22.07 17.60 11.11 9.50 12.18 14.58 12.44 8.88 9.73 15.49 17.99 13.72 10.68 10.25 8.29 6.27 6.00 6.58 8.71 12.44 14.79 12.18
13.61 13.58 13.33 13.76 14.48 14.01 13.56 13.67 13.82 13.75 13.55 13.72 13.80 13.70 13.60 13.21 12.88 12.73 12.40 12.05 11.81 11.31 10.52 10.24 10.09 9.05 8.23 7.43 7.01 9.10 13.56 17.36 18.93 21.72 20.40 11.72 9.74 14.86 15.61 13.91 14.14 13.35 12.80 13.52 13.20 13.41 14.74 14.67 13.97 14.56 14.80 14.33 14.29 14.89 15.36 13.94 13.56 16.70 21.00 22.44 17.82 10.71 8.07 11.32 15.68 14.69 10.61 9.85 13.83 17.12 14.49 11.53 10.38 7.95 6.13 5.76 6.13 7.88 11.47 14.32 13.14
13.49 13.56 13.68 14.26 14.56 13.99 13.63 13.72 13.98 13.90 13.65 13.71 13.76 13.69 13.57 13.24 12.99 12.86 12.51 12.12 11.87 11.40 10.61 10.19 9.98 9.16 8.13 7.10 6.55 8.35 12.53 16.12 17.85 20.71 21.75 15.34 10.22 13.34 14.73 13.63 13.86 13.49 13.15 13.56 13.64 14.12 14.44 13.97 14.08 14.66 14.67 14.48 14.31 13.93 14.15 14.44 14.43 15.52 19.06 22.45 19.67 11.90 7.25 9.50 15.35 16.71 13.72 11.23 12.96 15.86 14.34 11.88 10.35 8.02 6.45 5.86 5.92 7.30 9.74 12.54 13.51
13.41 13.49 13.89 14.65 14.71 14.05 13.70 13.80 14.13 14.09 13.82 13.72 13.74 13.68 13.51 13.29 13.10 12.94 12.55 12.20 12.01 11.54 10.88 10.35 9.75 9.04 8.07 7.12 6.75 8.56 12.14 14.62 16.74 19.54 21.31 17.66 12.20 12.25 13.89 13.56 13.47 13.69 13.78 13.77 14.32 14.89 13.92 13.67 14.35 14.59 14.51 14.54 14.46 13.87 13.99 14.76 15.17 15.17 16.77 21.08 20.80 13.65 7.53 7.81 13.31 17.32 16.77 14.17 14.19 14.60 12.43 11.35 10.50 8.48 7.16 6.19 5.88 7.12 8.38 9.80 11.82
