windninja/windninja_output/Output_2025-10-23_1300-1350_Google earth_Fire_150m_10min/merlingen_7.5mi_point_10-23-2025_1350_150m_vel.asc
ncols	158
nrows	163
xllcorner	391686.332397
yllcorner	5160024.123721
cellsize	150.000000
NODATA_value	-32768.000000
[rows 74 to 110 of 163, columns 0 to 83 of 158]
8.72 7.96 6.55 5.68 5.58 5.60 5.38 5.30 5.27 5.02 4.99 5.12 5.07 4.99 4.96 4.92 4.90 4.97 5.07 5.14 5.39 5.77 5.99 5.92 5.40 4.93 5.24 6.19 7.25 7.86 7.70 7.32 7.07 6.49 5.56 4.91 4.76 4.75 4.79 4.93 5.08 5.18 5.24 5.26 5.27 5.27 5.26 5.24 5.21 5.17 5.14 5.09 5.05 5.00 4.95 4.90 4.85 4.79 4.72 4.64 4.55 4.45 4.34 4.23 4.07 3.89 3.69 3.43 3.15 2.85 2.43 2.13 2.08 2.19 2.62 3.19 3.64 4.01 4.17 4.54 5.58 6.65 7.79 8.88
10.22 9.22 7.41 6.08 5.64 5.66 5.36 5.08 5.04 4.81 4.69 4.77 4.77 4.76 4.77 4.76 4.78 4.88 4.98 4.97 5.02 5.25 5.48 5.59 5.30 4.84 4.96 5.62 6.61 7.51 7.72 7.48 7.35 7.06 6.27 5.47 5.05 4.91 4.82 4.82 4.98 5.15 5.24 5.29 5.31 5.31 5.30 5.29 5.27 5.24 5.20 5.17 5.13 5.10 5.06 5.01 4.96 4.91 4.85 4.79 4.71 4.63 4.54 4.43 4.29 4.13 3.97 3.77 3.59 3.39 3.10 2.74 2.40 2.08 2.09 2.56 3.06 3.62 4.08 4.46 5.43 6.67 7.76 8.24
11.68 10.61 8.57 6.84 5.99 5.79 5.26 4.77 4.67 4.53 4.42 4.45 4.48 4.51 4.54 4.55 4.56 4.67 4.83 4.93 4.97 5.11 5.27 5.38 5.23 4.82 4.79 5.14 5.75 6.81 7.57 7.56 7.38 7.26 6.62 5.71 5.23 5.01 4.88 4.82 4.89 5.09 5.23 5.29 5.33 5.34 5.34 5.33 5.30 5.28 5.26 5.22 5.19 5.17 5.13 5.10 5.07 5.02 4.97 4.92 4.85 4.77 4.69 4.59 4.48 4.34 4.19 4.03 3.88 3.72 3.49 3.19 2.85 2.38 2.00 2.04 2.35 2.92 3.63 4.32 5.15 6.16 7.24 7.35
13.00 11.79 9.82 8.17 6.88 6.04 5.15 4.53 4.29 4.12 4.06 4.08 4.22 4.34 4.33 4.33 4.34 4.43 4.60 4.76 4.86 4.99 5.13 5.24 5.23 5.07 5.01 4.99 5.04 5.71 6.90 7.57 7.51 7.48 7.23 6.26 5.58 5.27 4.95 4.80 4.82 5.03 5.23 5.31 5.36 5.39 5.37 5.36 5.33 5.31 5.28 5.25 5.23 5.21 5.19 5.17 5.14 5.11 5.07 5.02 4.97 4.90 4.83 4.74 4.63 4.52 4.39 4.25 4.10 3.94 3.73 3.48 3.21 2.83 2.34 1.99 1.92 2.20 2.80 3.84 4.97 5.65 6.48 6.97
14.45 12.35 10.47 10.16 8.57 6.50 5.03 4.22 3.91 3.64 3.52 3.68 3.96 4.18 4.20 4.18 4.18 4.23 4.37 4.56 4.72 4.86 4.97 5.00 5.01 5.29 5.54 5.30 4.96 5.05 6.00 7.27 7.75 7.77 7.74 7.13 6.26 5.78 5.34 4.84 4.64 4.87 5.17 5.30 5.36 5.40 5.40 5.37 5.34 5.30 5.27 5.25 5.23 5.23 5.22 5.22 5.21 5.18 5.16 5.12 5.07 5.01 4.94 4.86 4.77 4.67 4.55 4.43 4.28 4.12 3.92 3.71 3.50 3.20 2.77 2.31 1.95 1.87 2.14 3.25 4.70 5.33 6.04 7.02
15.20 12.70 10.81 12.57 11.15 7.69 4.96 3.71 3.43 3.05 2.86 3.26 3.73 4.02 4.12 4.11 4.12 4.10 4.14 4.35 4.57 4.73 4.85 4.74 4.58 5.09 5.86 5.89 5.42 5.02 5.39 6.55 7.48 7.87 7.89 7.51 6.93 6.46 6.08 5.32 4.58 4.62 4.99 5.18 5.29 5.35 5.37 5.34 5.29 5.24 5.20 5.18 5.19 5.21 5.23 5.24 5.25 5.24 5.22 5.20 5.15 5.10 5.05 4.98 4.90 4.81 4.70 4.57 4.44 4.29 4.11 3.92 3.74 3.49 3.15 2.73 2.27 1.89 1.88 2.73 4.18 5.05 5.95 7.16
14.09 12.59 11.70 12.43 12.44 9.37 4.46 2.77 2.80 2.49 2.38 2.92 3.60 3.93 4.03 4.06 4.09 4.06 3.98 4.13 4.40 4.61 4.75 4.57 4.25 4.63 5.58 6.04 5.87 5.32 5.18 5.86 6.84 7.78 8.25 7.91 7.25 6.99 6.91 6.33 5.18 4.66 4.89 5.05 5.14 5.23 5.28 5.29 5.20 5.06 4.98 5.01 5.07 5.15 5.21 5.25 5.28 5.28 5.27 5.25 5.22 5.18 5.13 5.07 5.01 4.92 4.82 4.71 4.58 4.44 4.27 4.09 3.93 3.73 3.44 3.09 2.64 2.18 1.98 2.44 3.62 4.80 5.72 6.65
12.25 11.35 10.43 10.92 11.70 10.15 6.37 4.25 3.51 2.95 2.63 2.96 3.63 3.97 4.02 4.01 4.04 4.02 3.89 3.94 4.20 4.46 4.62 4.46 4.10 4.32 5.09 5.64 5.85 5.59 5.28 5.47 6.07 7.03 8.11 8.51 7.88 7.29 7.31 7.22 6.40 5.49 5.33 5.27 5.14 5.09 5.05 5.13 5.16 4.82 4.46 4.53 4.79 5.00 5.15 5.24 5.29 5.32 5.32 5.30 5.28 5.25 5.21 5.16 5.10 5.02 4.94 4.83 4.71 4.58 4.43 4.25 4.09 3.91 3.66 3.36 2.99 2.60 2.38 2.57 3.29 4.40 5.35 5.88
12.62 11.00 9.60 10.36 10.38 9.14 7.64 6.34 5.10 4.25 3.52 3.43 3.82 4.10 4.16 4.05 4.02 4.02 3.85 3.78 3.96 4.21 4.41 4.29 4.01 4.25 4.85 5.23 5.55 5.62 5.40 5.27 5.35 5.80 6.75 7.82 8.16 7.73 7.43 7.41 7.17 6.67 6.37 6.28 6.05 5.80 5.56 5.59 5.84 5.44 4.63 4.26 4.35 4.69 5.01 5.21 5.30 5.33 5.34 5.33 5.32 5.29 5.26 5.22 5.17 5.11 5.03 4.94 4.83 4.70 4.56 4.39 4.23 4.07 3.85 3.58 3.27 2.92 2.69 2.66 2.98 3.74 4.88 5.62
14.12 11.59 9.93 10.54 10.01 8.87 7.68 6.70 5.92 5.01 4.15 3.86 3.99 4.19 4.26 4.12 4.07 4.06 3.84 3.69 3.74 3.88 4.13 4.07 3.80 4.16 4.81 5.09 5.32 5.59 5.56 5.42 5.38 5.51 5.85 6.45 7.17 7.43 7.35 7.18 7.04 6.93 6.89 7.05 7.18 7.16 6.98 6.87 7.05 7.04 6.44 5.48 4.76 4.65 4.93 5.19 5.31 5.35 5.36 5.35 5.34 5.32 5.30 5.27 5.23 5.18 5.11 5.03 4.93 4.81 4.67 4.52 4.35 4.20 4.01 3.76 3.47 3.14 2.84 2.63 2.68 3.09 4.26 5.52
13.76 12.21 10.52 10.75 10.52 9.37 7.66 6.42 5.91 5.21 4.56 4.17 4.12 4.38 4.46 4.24 4.15 4.18 3.96 3.69 3.61 3.58 3.77 3.86 3.55 3.71 4.52 5.00 5.18 5.52 5.71 5.71 5.77 5.92 6.04 6.15 6.41 6.65 6.74 6.69 6.57 6.47 6.43 6.49 6.66 6.77 6.72 6.58 6.61 6.84 6.94 6.69 6.02 5.28 5.06 5.20 5.32 5.36 5.36 5.35 5.35 5.33 5.32 5.30 5.27 5.23 5.18 5.11 5.02 4.91 4.78 4.62 4.46 4.31 4.14 3.91 3.64 3.33 3.03 2.79 2.73 2.94 3.65 4.78
13.64 12.55 10.92 10.56 10.59 9.61 7.68 6.49 6.05 5.39 4.78 4.38 4.22 4.48 4.75 4.62 4.35 4.38 4.21 3.85 3.59 3.37 3.34 3.48 3.35 3.24 3.87 4.62 4.95 5.21 5.50 5.73 5.87 6.23 6.69 6.77 6.71 6.70 6.45 6.16 6.02 6.03 6.09 6.10 6.14 6.19 6.18 6.07 5.87 5.71 5.78 6.08 6.14 5.69 5.28 5.24 5.30 5.33 5.34 5.33 5.32 5.32 5.31 5.31 5.29 5.27 5.23 5.17 5.09 4.99 4.87 4.73 4.58 4.41 4.25 4.04 3.78 3.49 3.21 2.96 2.91 3.09 3.40 4.19
14.68 13.26 11.10 10.33 10.34 9.67 7.87 6.95 6.58 5.75 4.98 4.57 4.43 4.51 4.90 4.96 4.73 4.73 4.55 4.16 3.73 3.34 3.16 3.04 2.83 2.93 3.56 4.33 4.84 4.98 5.12 5.47 5.62 5.95 6.82 7.47 7.68 7.76 7.36 6.52 5.77 5.52 5.79 6.15 6.34 6.40 6.42 6.33 5.99 5.45 5.11 5.25 5.56 5.60 5.38 5.25 5.26 5.26 5.26 5.26 5.26 5.27 5.29 5.30 5.31 5.30 5.27 5.22 5.15 5.06 4.95 4.81 4.67 4.50 4.34 4.14 3.90 3.59 3.26 2.92 2.74 2.93 3.31 4.08
16.35 13.90 11.23 10.30 9.79 9.60 8.54 7.69 7.41 6.64 5.38 4.81 4.69 4.57 4.98 5.16 5.08 5.28 5.13 4.68 4.08 3.55 3.38 2.96 2.31 2.73 3.70 4.45 4.98 5.14 5.06 5.22 5.27 5.21 5.74 6.75 7.61 8.37 8.70 8.16 6.90 5.75 5.47 5.94 6.47 6.73 6.80 6.70 6.44 5.81 5.09 4.84 5.02 5.25 5.27 5.16 5.10 5.07 5.06 5.10 5.13 5.17 5.22 5.27 5.31 5.32 5.30 5.27 5.21 5.12 5.02 4.89 4.76 4.59 4.42 4.22 3.97 3.65 3.26 2.78 2.36 2.34 2.49 2.99
17.57 14.49 11.18 10.17 9.32 9.43 9.57 9.02 8.42 7.72 6.18 5.18 4.89 4.72 5.17 5.54 5.56 5.87 5.89 5.46 4.60 4.04 3.98 3.48 2.88 3.11 3.87 4.61 5.09 5.38 5.37 5.33 5.30 5.06 4.90 5.22 5.92 7.07 8.32 8.86 8.38 7.16 5.99 5.81 6.37 7.00 7.33 7.19 6.89 6.46 5.71 5.06 4.85 5.04 5.27 5.28 5.16 4.97 4.78 4.74 4.82 4.97 5.12 5.23 5.30 5.32 5.32 5.30 5.25 5.18 5.08 4.96 4.83 4.67 4.50 4.29 4.05 3.73 3.33 2.82 2.20 1.72 1.43 1.42
16.90 14.51 11.32 10.07 9.23 8.96 9.54 9.86 9.41 8.96 7.71 5.95 5.21 5.13 5.34 5.64 6.05 6.48 6.57 6.16 5.16 4.63 4.62 4.31 3.83 3.71 4.10 4.70 5.13 5.45 5.61 5.62 5.59 5.50 5.25 4.99 4.88 5.39 6.70 7.95 8.27 7.75 6.79 6.04 6.11 6.74 7.49 7.76 7.36 6.84 6.36 5.76 5.29 5.24 5.49 5.77 5.81 5.52 4.92 4.32 4.24 4.64 4.98 5.17 5.28 5.33 5.34 5.33 5.28 5.22 5.13 5.02 4.90 4.75 4.57 4.37 4.14 3.84 3.46 2.96 2.28 1.49 0.83 0.63
15.38 13.75 11.57 10.30 9.17 8.31 8.53 9.47 9.95 10.29 9.54 7.15 5.76 5.60 5.60 5.68 6.34 7.14 7.56 6.90 5.49 4.93 5.09 5.06 4.58 4.31 4.52 4.92 5.22 5.47 5.66 5.74 5.74 5.72 5.78 5.64 5.13 4.91 5.65 7.14 7.95 7.65 6.99 6.27 5.94 6.22 6.97 7.79 7.83 7.16 6.51 6.03 5.63 5.44 5.58 6.07 6.46 6.46 5.92 4.55 3.84 4.27 4.83 5.12 5.26 5.33 5.35 5.34 5.31 5.25 5.18 5.08 4.96 4.82 4.65 4.46 4.24 3.97 3.62 3.16 2.54 1.76 1.03 0.87
14.12 13.01 12.04 11.68 10.67 8.98 8.25 9.04 10.34 11.46 11.15 8.94 7.23 6.82 6.71 6.78 7.12 7.80 8.65 7.98 5.66 5.01 5.52 5.71 5.21 4.86 4.92 5.14 5.33 5.52 5.68 5.78 5.77 5.66 5.78 5.97 5.71 5.27 5.22 6.23 7.73 8.08 7.41 6.58 6.00 5.91 6.38 7.24 7.80 7.54 6.67 5.92 5.45 5.14 5.23 6.02 6.83 7.21 7.28 6.13 4.54 4.29 4.74 5.08 5.24 5.33 5.36 5.35 5.33 5.28 5.21 5.12 5.02 4.89 4.74 4.56 4.36 4.10 3.79 3.39 2.89 2.24 1.58 1.35
12.39 12.04 12.30 13.22 13.57 12.50 11.61 12.20 13.61 15.04 14.07 11.06 9.08 8.21 7.65 7.53 7.77 8.67 10.20 10.39 7.80 5.65 5.48 5.76 5.32 5.06 5.17 5.32 5.43 5.57 5.69 5.81 5.80 5.65 5.63 5.83 5.89 5.70 5.34 5.37 6.62 8.13 8.28 7.32 6.35 5.86 6.03 6.69 7.39 7.55 6.82 5.80 5.09 4.60 4.40 5.19 6.47 7.12 7.61 7.32 5.90 4.87 4.82 5.08 5.23 5.32 5.36 5.36 5.34 5.30 5.24 5.16 5.06 4.95 4.82 4.66 4.47 4.25 3.97 3.64 3.24 2.73 2.12 1.75
10.09 10.25 11.05 12.44 13.78 14.16 14.23 14.80 15.89 17.63 18.41 16.46 14.48 13.88 13.35 12.68 11.79 11.89 12.38 12.37 10.94 6.98 6.01 5.79 5.41 5.22 5.33 5.51 5.61 5.68 5.76 5.87 5.78 5.51 5.42 5.59 5.76 5.79 5.64 5.30 5.50 7.10 8.70 8.45 7.16 6.28 6.02 6.42 7.21 7.63 7.25 5.95 4.68 4.26 3.81 3.82 4.99 5.98 6.61 6.94 6.33 5.35 5.02 5.12 5.21 5.29 5.34 5.35 5.34 5.31 5.26 5.19 5.11 5.00 4.89 4.75 4.58 4.39 4.17 3.91 3.59 3.20 2.76 2.35
8.14 8.64 9.47 10.34 11.33 11.63 11.73 11.62 11.57 13.87 17.49 18.58 18.17 17.76 17.57 16.87 15.80 14.77 14.25 13.76 11.91 9.63 7.95 6.63 5.76 5.44 5.45 5.60 5.80 5.93 6.00 6.10 5.90 5.34 5.10 5.36 5.63 5.70 5.67 5.42 5.09 5.84 8.04 9.37 8.64 7.58 6.83 6.70 7.27 7.77 7.99 6.80 4.67 4.27 4.10 3.72 4.24 5.05 5.61 6.06 6.00 5.40 5.11 5.16 5.19 5.25 5.30 5.33 5.32 5.30 5.26 5.21 5.14 5.06 4.96 4.83 4.69 4.52 4.34 4.13 3.90 3.64 3.35 3.08
6.37 7.35 8.55 9.10 9.78 9.62 8.77 7.53 6.51 7.86 10.81 12.97 12.80 11.03 10.79 11.85 13.80 14.45 15.50 14.01 11.69 11.00 9.06 7.08 5.76 5.35 5.40 5.56 5.81 6.19 6.54 6.69 6.40 5.58 4.98 5.13 5.47 5.56 5.54 5.34 4.86 4.83 6.39 8.72 9.65 9.41 8.71 8.10 8.03 8.22 8.62 8.02 5.89 4.89 4.77 4.44 4.43 4.78 5.05 5.45 5.62 5.25 5.07 5.13 5.15 5.18 5.22 5.27 5.30 5.29 5.26 5.21 5.16 5.09 5.01 4.91 4.79 4.66 4.50 4.33 4.15 3.97 3.81 3.65
4.74 5.98 7.73 8.64 9.64 9.68 8.56 6.57 4.63 4.08 5.58 7.53 7.80 7.57 7.80 9.76 11.51 14.35 16.23 12.68 10.74 11.09 9.66 7.31 5.43 4.87 5.01 5.38 5.65 6.03 6.78 7.20 7.01 6.15 5.21 5.04 5.29 5.38 5.34 5.20 4.69 4.17 4.80 6.63 8.40 9.37 9.73 9.55 9.24 9.09 9.11 8.82 7.36 5.87 5.50 5.18 4.78 4.77 4.77 4.94 5.18 5.04 4.96 5.03 5.06 5.09 5.12 5.20 5.26 5.26 5.23 5.20 5.17 5.12 5.05 4.97 4.87 4.76 4.65 4.52 4.38 4.24 4.13 4.05
4.47 4.92 6.71 7.76 8.96 9.72 9.25 7.70 5.64 4.38 4.76 5.04 5.26 6.68 7.74 9.64 11.47 14.33 16.20 13.54 11.50 11.38 11.00 8.19 5.21 4.37 4.66 5.17 5.50 5.69 6.27 6.85 7.07 6.59 5.62 5.15 5.18 5.16 5.04 4.95 4.66 4.00 3.91 5.03 6.37 7.36 8.34 8.99 9.08 9.03 8.92 8.88 8.10 6.75 6.19 5.94 5.38 4.94 4.76 4.72 4.71 4.71 4.74 4.81 4.88 4.95 5.00 5.09 5.19 5.23 5.21 5.18 5.17 5.13 5.09 5.02 4.94 4.86 4.75 4.66 4.56 4.47 4.38 4.32
4.13 3.43 5.19 5.96 7.14 8.44 8.72 8.32 7.31 5.97 5.19 4.57 4.44 5.57 7.68 9.80 11.84 13.40 12.62 12.91 12.81 12.39 12.31 9.24 5.63 4.75 4.98 5.21 5.46 5.82 6.20 6.44 6.72 6.64 6.00 5.49 5.34 5.12 4.71 4.51 4.43 3.99 3.61 4.26 5.38 6.01 6.77 7.89 8.52 8.63 8.47 8.52 8.33 7.44 6.73 6.53 6.22 5.57 5.06 4.89 4.69 4.56 4.54 4.52 4.54 4.65 4.79 4.92 5.06 5.15 5.16 5.14 5.16 5.14 5.10 5.05 4.99 4.92 4.85 4.77 4.69 4.62 4.58 4.53
3.26 1.96 4.13 4.96 5.78 6.36 6.57 7.26 7.40 6.64 6.09 5.41 4.79 5.46 7.63 10.33 11.95 11.31 10.02 10.55 12.20 13.09 12.85 10.82 7.56 6.22 5.84 5.62 5.68 6.12 6.43 6.42 6.44 6.38 6.06 5.77 5.67 5.42 4.75 4.14 3.96 3.79 3.45 3.79 4.98 5.96 6.63 7.55 8.33 8.58 8.49 8.32 8.34 8.12 7.42 6.99 6.82 6.42 5.65 5.17 5.08 4.99 4.84 4.56 4.32 4.27 4.41 4.62 4.84 5.04 5.09 5.09 5.12 5.12 5.10 5.06 5.02 4.96 4.90 4.84 4.79 4.74 4.69 4.68
2.83 2.60 4.35 5.19 5.63 5.87 6.05 6.57 6.88 6.58 6.52 6.06 5.44 5.97 7.44 9.74 11.54 10.44 8.68 9.00 10.65 12.12 12.36 10.46 8.26 7.19 6.68 6.21 6.05 6.38 6.71 6.71 6.50 6.20 5.83 5.64 5.65 5.62 5.20 4.19 3.53 3.43 3.19 3.25 4.35 5.76 6.64 7.29 7.95 8.42 8.64 8.43 8.24 8.41 8.26 7.74 7.36 7.21 6.48 5.56 5.35 5.53 5.61 5.29 4.72 4.25 4.14 4.24 4.51 4.86 5.00 5.03 5.07 5.09 5.07 5.05 5.01 4.97 4.93 4.88 4.83 4.80 4.78 4.76
3.53 3.75 4.91 5.64 5.79 6.00 6.26 6.44 6.54 6.48 6.55 6.28 5.85 6.39 7.62 9.27 11.09 10.36 8.37 9.29 10.73 11.40 11.24 10.10 8.65 7.69 7.22 6.76 6.43 6.63 7.10 7.20 6.88 6.46 5.84 5.38 5.27 5.41 5.42 4.52 3.37 3.06 2.92 2.74 3.46 4.97 6.26 6.91 7.40 7.99 8.51 8.62 8.33 8.27 8.41 8.20 7.88 7.93 7.52 6.38 5.60 5.57 5.94 6.09 5.62 4.82 4.37 4.14 4.21 4.60 4.85 4.88 4.91 4.99 5.01 5.01 4.99 4.95 4.91 4.88 4.85 4.82 4.81 4.81
4.69 4.83 5.48 5.97 6.08 6.23 6.47 6.51 6.44 6.44 6.48 6.28 5.80 6.07 7.62 9.55 10.97 10.78 9.75 10.60 11.83 10.85 10.44 10.29 9.31 8.40 7.81 7.20 6.73 6.91 7.47 7.71 7.47 7.02 6.24 5.43 5.03 5.12 5.26 4.64 3.44 2.80 2.66 2.41 2.66 4.03 5.73 6.72 7.21 7.70 8.18 8.55 8.54 8.47 8.54 8.26 8.10 8.26 8.25 7.62 6.54 5.95 6.07 6.43 6.38 5.62 4.91 4.48 4.28 4.50 4.80 4.75 4.63 4.75 4.88 4.92 4.93 4.89 4.86 4.83 4.81 4.80 4.78 4.80
6.02 5.97 6.12 6.31 6.42 6.57 6.67 6.63 6.52 6.44 6.39 6.18 5.48 5.16 5.98 7.84 9.89 10.13 9.77 11.41 12.64 11.41 10.76 10.62 9.85 9.26 8.87 7.95 7.16 7.36 7.78 8.00 8.07 7.63 6.83 5.90 5.22 5.01 4.98 4.58 3.55 2.72 2.42 2.16 2.03 2.80 4.47 5.97 6.87 7.51 7.94 8.32 8.43 8.46 8.81 8.75 8.43 8.36 8.43 8.30 7.68 6.93 6.63 6.81 6.94 6.42 5.57 5.01 4.76 4.91 5.23 4.98 4.44 4.41 4.64 4.75 4.77 4.75 4.73 4.73 4.73 4.72 4.72 4.74
7.03 6.88 6.77 6.79 6.80 6.86 6.84 6.74 6.65 6.56 6.39 6.05 5.35 4.91 5.10 6.15 8.26 9.01 9.09 10.86 11.95 11.88 11.70 11.19 10.42 10.10 10.18 9.39 8.22 8.18 8.15 8.17 8.43 8.15 7.45 6.66 5.76 5.08 4.78 4.42 3.62 2.76 2.28 1.97 1.67 1.89 3.03 4.57 5.90 7.05 7.78 8.16 8.35 8.21 8.34 8.70 8.80 8.72 8.60 8.41 8.03 7.48 7.08 7.16 7.35 7.12 6.39 5.69 5.40 5.60 6.08 5.91 4.97 4.37 4.38 4.53 4.53 4.46 4.45 4.52 4.55 4.56 4.59 4.63
7.76 7.49 7.26 7.34 7.34 7.24 7.06 6.85 6.83 6.92 6.71 6.21 5.66 5.28 5.27 5.91 7.30 8.23 8.71 9.67 10.35 11.00 11.66 11.52 11.05 10.98 11.32 10.90 9.97 9.61 8.97 8.66 8.53 8.35 8.08 7.58 6.56 5.33 4.65 4.21 3.58 2.76 2.24 1.92 1.49 1.34 2.02 3.29 4.68 6.20 7.49 8.12 8.54 8.64 8.29 8.18 8.48 8.83 8.99 8.80 8.30 7.82 7.45 7.30 7.35 7.40 6.94 6.24 5.96 6.16 6.64 6.97 6.55 5.27 4.72 4.75 4.56 4.26 4.18 4.26 4.23 4.22 4.30 4.44
8.39 8.01 7.66 7.87 8.05 7.91 7.53 7.10 7.07 7.42 7.28 6.75 6.21 5.72 5.60 5.86 6.72 7.66 8.05 8.56 9.45 10.37 10.58 10.88 11.50 11.65 12.00 12.21 12.04 11.36 10.40 9.51 8.48 8.24 8.84 8.82 7.43 5.67 4.63 4.03 3.40 2.68 2.26 1.90 1.37 1.00 1.17 2.17 3.40 4.86 6.57 7.67 8.39 9.08 9.18 8.59 8.24 8.47 8.94 9.16 8.78 8.23 7.98 7.81 7.55 7.50 7.27 6.48 6.15 6.62 7.02 7.28 7.60 7.11 6.22 5.76 5.17 4.46 4.29 4.38 4.10 3.75 3.83 4.13
8.74 8.46 8.13 8.32 8.60 8.56 8.21 7.61 7.51 8.15 8.23 7.72 7.20 6.75 6.49 6.15 6.49 7.16 7.29 7.66 8.98 10.39 9.64 9.21 10.96 12.26 12.42 12.90 14.01 13.43 11.72 10.21 8.22 8.25 10.01 10.00 7.94 5.67 4.65 4.05 3.19 2.55 2.25 1.82 1.27 0.83 0.54 1.22 2.43 3.68 5.21 6.53 7.41 8.45 9.37 9.51 8.96 8.61 8.79 9.17 9.23 8.71 8.23 8.19 8.08 7.81 7.68 6.96 6.18 6.59 7.45 7.59 7.67 7.84 7.47 6.89 6.15 5.21 4.83 5.00 4.59 3.61 3.32 3.66
8.67 8.57 8.58 8.82 8.97 9.08 9.19 8.69 8.43 8.82 9.21 8.68 7.76 7.58 7.61 7.04 6.72 6.85 6.99 7.37 8.61 10.18 9.36 7.78 9.10 11.59 12.43 12.64 14.95 15.62 12.78 10.90 8.41 8.79 11.46 10.68 7.82 5.62 4.92 4.26 3.00 2.38 2.20 1.71 1.15 0.70 0.26 0.44 1.61 2.93 4.38 5.68 6.48 7.30 8.43 9.41 9.71 9.36 9.07 9.21 9.65 9.57 8.67 8.21 8.30 8.03 7.87 7.58 6.64 6.37 7.43 8.26 8.05 7.85 7.96 7.80 7.19 6.20 5.34 5.43 5.43 4.33 3.28 3.16
8.50 8.39 8.64 9.05 9.13 9.26 9.42 9.36 8.99 8.82 9.36 9.28 8.24 8.11 8.45 8.03 7.06 6.51 7.23 8.42 9.34 9.88 8.93 7.21 7.20 9.69 11.71 12.14 14.68 16.37 13.79 11.83 9.80 9.96 12.72 11.20 7.71 6.04 5.27 4.33 2.79 2.36 2.32 1.66 1.04 0.63 0.28 0.32 0.82 2.12 3.66 5.23 6.31 6.89 7.50 8.44 9.45 9.88 9.54 9.27 9.83 10.51 9.89 8.75 8.60 8.31 7.71 7.62 7.21 6.52 6.96 8.36 8.79 8.22 8.16 8.23 8.00 7.29 6.14 5.67 5.80 5.36 4.03 3.09
8.38 8.32 8.59 8.80 8.69 8.63 8.61 8.81 8.95 8.88 9.31 9.45 8.59 8.47 9.03 8.76 7.07 5.82 7.34 9.69 11.03 10.44 8.25 6.76 6.26 7.44 9.90 11.75 15.06 17.00 14.58 12.50 11.27 11.83 13.91 11.94 8.29 6.71 5.41 3.97 3.01 2.92 2.64 1.63 1.00 0.65 0.36 0.69 0.72 1.35 2.67 4.29 5.87 6.94 7.38 7.78 8.68 9.72 9.81 9.11 9.31 10.50 10.86 9.85 9.34 9.11 8.10 7.32 7.15 6.85 6.92 8.19 9.23 8.94 8.61 8.48 8.33 8.03 7.22 6.40 6.01 5.86 4.99 3.68
