windninja/windninja_output/Output_2025-10-23_1300-1350_Google earth_Fire_150m_10min/merlingen_7.5mi_point_10-23-2025_1310_150m_ang.asc
ncols	158
nrows	163
xllcorner	391686.332397
yllcorner	5160024.123721
cellsize	150.000000
NODATA_value	-32768.000000
[rows 42 to 83 of 163, columns 0 to 93 of 158]
282 282 281 281 281 281 282 281 280 281 281 281 281 281 281 281 281 281 281 282 283 283 284 284 285 287 288 291 293 292 289 286 286 284 282 280 278 280 281 279 276 273 271 274 278 279 274 270 270 274 275 275 276 277 274 268 263 261 260 258 256 256 259 257 259 267 271 271 272 269 260 261 267 272 278 279 275 260 252 255 257 259 262 267 272 271 263 259 265 272 274 269 263 265
282 282 281 281 281 281 282 281 281 281 281 281 281 281 281 281 281 281 281 282 282 283 284 284 284 285 287 289 291 291 288 286 286 288 291 293 290 287 285 281 276 271 273 276 275 271 266 265 269 275 276 273 270 269 268 264 259 256 256 258 261 266 269 266 265 270 275 275 270 260 255 260 264 269 275 274 259 231 241 256 260 264 270 275 274 264 251 252 260 268 271 270 268 269
282 281 281 281 282 282 281 281 281 281 281 281 281 281 281 281 281 281 281 282 282 282 283 283 284 285 286 288 289 289 288 286 287 290 295 299 296 289 284 279 275 274 276 275 269 262 263 268 274 278 277 271 264 261 259 258 255 254 257 262 266 271 274 276 277 277 276 275 269 259 258 260 260 263 265 258 238 217 236 256 266 273 277 275 266 252 247 252 258 264 269 272 274 273
282 281 282 282 282 281 281 281 281 281 281 281 281 281 281 281 281 281 281 282 282 282 283 283 284 285 286 286 287 288 288 288 289 292 296 298 296 290 285 282 280 279 276 272 264 261 266 274 280 280 274 265 258 253 253 253 254 257 264 269 271 274 279 284 284 282 277 272 267 264 263 261 259 258 254 245 225 214 238 260 273 278 277 268 255 248 250 255 257 261 266 274 277 274
282 282 282 282 281 281 281 281 281 281 281 281 281 281 281 281 281 281 281 281 282 282 282 283 283 284 284 285 285 286 287 288 289 292 295 296 295 293 290 288 286 281 275 268 262 266 274 279 280 275 267 259 251 249 251 253 256 264 272 277 278 279 283 286 284 280 275 269 263 265 266 263 259 254 247 237 222 220 247 265 273 274 268 260 253 252 256 258 257 259 265 274 277 272
282 282 282 281 280 280 282 282 282 282 282 281 281 281 281 281 281 281 281 281 281 281 282 282 283 283 283 284 285 285 286 287 288 291 294 295 294 294 293 291 288 283 276 267 265 274 280 280 275 268 261 252 247 249 252 255 263 271 278 284 285 282 282 282 280 276 271 266 262 263 264 262 258 252 244 234 225 232 254 264 267 266 263 260 257 258 260 260 259 261 266 271 272 268
282 282 281 280 278 279 281 283 283 282 282 282 281 281 281 281 281 281 281 281 281 281 282 282 282 282 283 283 284 285 286 287 288 290 292 294 294 293 294 293 290 285 278 272 274 279 280 277 270 262 253 246 248 253 256 262 270 277 283 286 286 282 278 277 276 273 269 266 263 262 262 260 256 250 241 234 232 242 255 262 263 264 264 262 261 261 261 262 264 266 266 265 265 263
281 281 280 279 278 278 280 283 284 283 282 282 282 281 281 281 281 281 281 281 281 281 282 282 282 282 283 283 284 284 285 286 287 288 291 294 294 294 294 293 290 286 282 281 282 281 277 272 265 255 245 246 254 259 263 270 277 283 284 283 281 277 273 272 274 273 270 266 263 261 259 257 253 247 240 236 238 245 253 259 261 263 264 264 263 263 263 265 268 267 263 259 258 258
281 281 281 278 278 279 280 282 285 285 283 282 282 282 281 281 281 281 281 281 281 281 282 282 282 282 282 283 283 284 284 285 286 287 289 293 294 294 293 292 290 288 288 289 286 281 275 267 259 249 246 255 262 266 271 277 282 283 280 276 273 270 269 271 274 273 269 265 263 261 259 256 251 245 242 242 244 246 252 257 261 262 263 264 265 267 268 269 267 264 259 255 253 252
281 282 282 281 280 280 279 280 283 286 285 283 282 282 282 281 281 281 281 281 281 281 281 282 282 281 282 282 283 283 284 284 285 286 288 290 293 293 292 292 290 289 290 292 288 281 273 262 253 251 258 267 271 273 277 282 282 277 271 267 266 266 269 272 273 271 268 264 261 259 257 254 249 246 247 249 249 249 253 257 259 260 262 265 267 269 270 269 265 261 256 252 249 249
280 282 284 283 282 281 279 278 281 285 286 284 283 282 282 281 281 281 281 281 281 281 281 281 281 281 281 282 282 283 283 284 285 285 287 288 290 292 293 293 292 290 291 293 289 280 271 260 256 262 271 274 274 277 282 282 279 271 264 261 262 266 271 273 272 270 267 262 259 257 255 252 249 248 250 252 253 254 257 258 256 256 260 265 269 271 270 268 264 260 255 251 248 248
278 280 286 286 283 282 281 278 278 282 285 284 283 282 282 282 281 281 281 281 281 281 281 281 281 281 281 282 282 282 283 283 284 285 286 287 288 290 292 294 293 291 291 293 290 280 272 268 270 274 276 276 275 277 280 280 275 266 260 260 263 269 272 273 271 269 265 258 256 257 255 252 249 249 251 253 254 257 262 262 257 257 259 261 265 270 272 269 264 258 254 252 249 250
277 279 285 289 285 283 282 278 275 278 282 284 283 283 282 282 281 281 281 281 281 281 281 281 281 281 281 281 282 282 282 283 283 284 285 286 287 288 290 293 294 291 289 290 289 284 279 281 282 280 276 275 277 277 277 276 270 263 260 262 266 271 273 273 270 268 262 256 255 255 253 248 247 250 253 254 254 258 264 265 263 261 260 258 259 263 268 268 263 257 255 256 257 258
278 278 280 286 284 282 282 279 274 274 279 283 284 284 283 282 282 281 281 281 281 281 281 281 281 281 281 281 281 282 282 282 283 283 284 285 285 287 288 290 292 290 287 287 289 290 290 291 289 283 278 277 278 278 276 273 266 261 263 266 271 274 273 271 269 265 260 255 255 252 246 243 248 254 255 255 255 261 265 266 267 266 262 259 256 256 257 258 259 258 260 262 266 272
280 278 277 279 281 281 281 281 277 274 276 281 283 284 284 283 282 282 282 281 281 280 281 281 281 281 281 281 281 281 282 282 282 283 283 284 285 285 286 288 289 289 288 288 291 294 297 296 292 288 283 279 278 278 275 270 263 263 268 272 276 276 272 268 264 261 257 254 253 248 241 245 253 256 256 256 258 264 266 267 268 266 263 260 258 255 250 248 250 255 263 271 283 290
279 279 277 276 278 279 281 283 282 278 277 278 280 283 285 284 283 282 282 282 281 281 281 281 281 281 281 281 281 281 281 282 282 282 283 283 284 284 285 286 287 287 288 289 291 294 297 298 296 294 289 281 278 278 274 268 264 268 273 277 278 275 270 265 259 256 253 251 247 244 245 253 256 257 258 259 262 266 267 266 264 263 262 260 258 255 251 247 248 255 269 286 298 299
279 279 278 277 277 277 279 282 285 283 280 277 276 278 282 285 284 283 282 282 282 281 281 281 281 281 281 281 281 281 281 281 282 282 282 283 283 284 284 285 285 286 287 288 290 291 294 297 298 299 297 286 281 279 274 268 268 273 278 279 277 273 268 263 257 252 249 245 241 245 253 257 257 259 260 262 266 267 266 263 259 258 258 257 255 253 252 253 257 269 283 293 298 296
278 278 278 277 277 277 277 280 284 284 282 279 275 274 278 283 285 285 284 283 282 281 281 281 281 281 281 281 281 281 281 281 281 281 282 282 282 283 283 284 284 285 286 287 288 290 292 295 299 304 306 295 285 280 274 269 271 278 280 279 276 272 267 261 256 251 247 239 239 250 257 259 260 262 263 265 268 267 263 259 256 255 254 252 251 251 254 260 273 286 291 291 290 288
277 277 277 276 276 277 277 278 280 282 283 283 280 276 276 278 283 285 285 284 283 282 282 281 281 281 281 281 281 281 281 281 281 281 281 282 282 282 283 283 284 284 285 286 287 288 290 293 297 304 310 302 289 281 275 270 274 280 280 278 275 272 266 261 256 251 246 235 243 255 260 262 264 266 266 267 267 264 259 255 254 254 253 250 250 252 259 271 285 291 290 286 283 274
278 277 276 276 276 276 277 278 279 281 284 286 286 281 276 274 278 282 285 286 285 283 282 281 281 281 281 281 281 281 281 281 281 281 281 281 282 282 282 283 283 284 284 285 286 287 289 291 295 301 308 305 293 284 276 273 277 279 279 277 274 271 267 263 258 252 244 235 250 260 263 265 268 268 268 268 265 259 255 253 252 253 252 251 253 258 270 282 289 290 288 282 272 257
278 277 277 277 277 277 277 278 279 280 283 287 288 285 280 275 274 277 282 285 285 284 283 282 281 280 281 281 281 281 281 281 281 281 281 281 281 281 282 282 282 283 284 284 285 286 288 290 292 296 303 305 296 288 281 277 279 279 278 276 274 272 270 265 259 253 242 240 257 265 266 268 270 270 269 266 261 256 254 252 251 251 251 254 259 268 280 290 290 287 283 272 257 245
278 278 277 278 278 279 279 278 278 279 281 285 287 287 285 279 275 274 277 281 284 285 284 283 282 281 281 281 281 281 281 281 281 281 281 281 281 281 281 282 282 282 283 284 284 285 287 288 290 293 299 303 297 292 288 283 279 279 278 278 277 275 270 264 259 254 247 254 265 267 268 269 271 271 269 264 259 257 254 251 250 250 251 258 267 277 287 292 289 281 268 258 248 239
278 278 278 278 279 280 279 278 278 278 279 283 288 289 287 284 279 275 274 276 280 283 284 284 283 281 281 281 281 281 281 281 281 281 281 281 281 281 281 281 282 282 282 283 284 285 285 287 288 291 295 299 297 294 294 290 281 278 279 280 279 273 263 259 261 260 262 269 271 270 269 270 271 270 268 263 261 258 252 248 248 250 256 265 275 284 287 288 283 269 255 248 239 233
277 277 277 279 279 279 279 278 277 278 279 281 287 289 288 287 284 279 274 273 276 279 281 283 284 283 281 281 281 281 281 281 281 281 281 281 281 281 281 281 281 282 282 282 283 284 285 286 287 289 291 295 296 294 296 296 286 280 278 279 276 265 258 261 265 269 274 276 274 273 272 272 271 269 267 266 263 258 249 246 249 256 266 274 281 285 284 280 270 255 246 238 231 228
275 274 274 276 278 279 280 278 277 278 281 282 284 288 289 287 285 283 279 275 274 275 277 280 283 284 282 281 281 281 281 281 281 281 281 281 281 281 281 281 281 281 281 282 282 283 284 284 286 287 288 291 292 293 295 298 292 283 277 274 269 265 267 270 270 271 274 275 275 275 275 273 271 269 268 268 265 257 248 249 257 267 277 284 284 281 277 270 254 244 236 229 225 223
275 272 270 272 275 280 282 279 276 278 281 282 283 286 289 287 285 285 284 280 276 274 274 276 279 281 281 281 281 281 281 281 281 281 281 281 281 281 281 281 281 281 281 281 282 282 283 283 284 285 286 288 289 290 292 295 293 287 278 272 271 277 280 277 273 271 270 272 274 276 276 274 272 270 270 268 264 258 252 259 269 277 283 284 281 275 267 254 244 236 227 222 220 219
281 277 273 273 274 279 282 278 274 277 280 282 282 283 285 286 285 285 286 283 279 276 275 274 275 275 276 279 281 282 282 282 282 281 281 281 281 281 280 280 281 281 281 281 281 282 282 283 283 284 285 285 286 288 289 290 290 288 282 277 278 286 287 283 278 273 270 271 274 275 276 274 273 272 271 268 266 262 262 270 277 280 278 275 276 270 257 244 237 229 222 217 218 220
285 285 282 279 277 276 277 277 275 277 281 282 281 282 282 284 284 284 285 284 281 280 278 276 273 269 269 275 280 282 283 284 283 282 282 281 281 281 281 280 280 280 280 281 281 281 281 282 282 283 283 284 285 285 286 286 286 286 284 282 283 288 289 286 282 277 275 275 275 275 274 274 275 274 271 270 269 270 274 278 278 277 270 268 275 269 253 239 231 223 217 214 217 221
283 285 286 284 280 275 274 280 280 279 279 280 278 278 278 279 279 279 281 283 282 281 280 278 274 267 267 271 277 280 282 284 284 284 283 282 281 281 281 280 280 280 280 280 280 281 281 281 281 282 282 283 283 283 284 284 284 284 283 283 284 287 288 286 284 284 282 280 278 276 274 275 275 273 270 269 271 276 280 280 276 270 267 271 275 267 247 233 225 218 214 215 219 223
280 282 285 285 282 278 278 284 284 279 275 274 274 274 274 275 276 275 276 278 280 280 280 279 278 275 271 270 272 276 279 282 284 285 284 283 282 281 281 280 280 280 280 280 280 280 280 280 281 281 281 282 282 282 282 282 282 282 282 282 283 284 285 285 286 287 286 284 283 282 282 279 275 272 269 269 272 277 280 277 272 268 272 277 272 258 238 227 219 217 216 218 223 226
278 281 284 285 283 281 282 286 285 278 272 273 274 275 275 276 277 276 275 275 276 278 279 279 282 283 277 271 269 272 275 277 280 284 285 284 283 282 281 281 280 280 280 280 280 280 280 280 280 280 281 281 281 281 281 281 281 281 281 282 282 283 283 284 285 286 287 287 287 289 290 285 276 271 270 272 274 276 276 273 272 275 280 279 268 244 227 220 219 220 220 225 230 233
278 280 284 285 284 284 284 285 284 279 275 276 277 278 278 279 279 279 278 277 277 278 278 280 282 284 280 274 270 269 271 273 276 280 284 285 284 283 282 281 280 280 280 280 279 279 279 280 280 280 280 280 280 280 281 281 281 281 281 281 281 282 282 282 283 284 285 286 288 290 291 288 281 277 278 279 278 277 275 274 277 283 284 276 258 234 220 218 222 224 225 231 237 251
277 279 283 286 285 285 285 284 283 282 280 279 279 280 280 281 281 281 280 280 280 279 278 278 280 283 282 276 272 270 270 272 274 277 281 284 283 283 283 282 281 280 280 279 279 279 279 279 279 279 280 280 280 280 280 280 280 280 280 280 281 281 281 281 282 282 283 285 286 287 288 289 288 289 289 288 285 281 279 281 286 287 282 268 244 225 218 220 226 229 233 237 250 281
276 278 282 286 286 286 286 286 284 284 283 282 282 282 282 283 283 282 282 282 281 280 279 278 279 282 282 278 274 271 270 271 272 274 276 280 281 282 283 283 281 280 280 279 279 279 279 279 279 279 279 279 279 279 280 280 280 280 280 280 280 280 280 281 281 282 283 283 284 285 286 288 291 295 297 294 291 288 287 291 291 285 274 253 230 217 218 224 230 235 246 256 278 286
274 275 278 284 287 287 288 288 286 286 286 285 285 284 285 285 284 284 283 282 282 281 280 279 279 280 281 280 278 274 271 270 270 270 273 277 280 282 283 283 282 280 279 279 279 279 279 279 279 279 279 279 279 279 279 279 279 279 279 279 280 280 280 280 281 281 282 282 283 284 285 287 290 294 299 298 298 297 297 294 289 278 261 240 223 220 225 229 235 247 264 288 295 288
274 273 273 277 284 289 290 289 289 290 290 289 288 287 286 286 286 285 284 283 282 282 281 281 279 278 279 281 281 277 271 268 268 269 271 275 279 280 282 283 282 281 279 279 278 278 278 278 278 279 279 279 279 279 279 279 279 279 279 279 279 279 279 280 280 281 281 282 282 283 285 286 288 292 296 300 302 305 303 292 282 268 248 233 228 234 241 242 250 269 289 300 297 287
274 269 262 269 281 289 291 293 294 296 296 293 290 289 288 288 288 287 286 284 283 282 282 282 279 277 278 280 282 280 275 270 269 270 271 273 276 278 280 282 283 281 279 278 278 278 278 278 278 279 279 279 279 279 279 279 279 279 279 279 279 279 279 279 280 280 281 281 282 283 284 285 287 289 293 298 303 309 306 291 276 256 238 235 236 242 248 258 278 288 293 295 292 283
271 263 253 261 275 288 296 299 300 303 303 297 293 291 289 289 289 288 287 285 284 283 282 282 282 279 278 279 281 282 279 275 272 271 271 272 273 274 276 279 282 281 279 278 278 277 277 278 278 279 279 280 280 279 279 279 279 279 279 279 279 279 279 279 279 280 280 281 281 282 283 285 286 288 291 295 301 309 307 292 273 251 241 242 242 244 258 278 288 289 288 286 284 280
267 262 260 265 276 293 307 309 307 309 308 301 295 292 291 290 289 288 288 286 285 284 283 283 285 283 280 278 279 281 282 280 275 272 270 271 271 271 272 275 278 280 278 278 277 277 277 277 278 279 281 281 280 280 279 279 279 279 279 278 278 279 279 279 279 279 280 280 281 282 283 284 285 287 289 293 298 305 305 295 277 260 255 251 247 256 277 289 290 287 284 281 279 277
266 266 270 278 288 296 311 318 314 313 311 304 296 292 290 290 288 288 288 287 286 284 283 284 286 285 282 280 279 280 283 283 280 275 271 268 268 270 271 271 273 275 275 275 275 276 276 275 276 280 283 283 282 281 280 279 279 279 278 278 278 278 279 279 279 279 280 280 281 281 282 283 285 286 288 291 295 301 304 301 295 279 267 259 259 277 290 292 289 284 281 279 276 274
278 277 284 292 296 296 300 309 312 311 309 302 295 291 289 288 287 287 287 287 287 285 284 285 287 286 283 282 280 280 282 282 281 278 273 269 267 268 270 270 270 271 272 272 273 275 276 276 277 280 284 285 285 283 281 280 279 279 278 278 278 278 278 279 279 279 279 280 280 281 282 283 284 285 287 290 293 298 303 307 312 298 276 271 284 293 292 291 288 284 280 276 273 271
283 290 296 295 293 285 285 290 292 294 296 294 291 288 286 286 285 285 286 287 287 287 285 286 289 288 285 284 282 280 280 279 278 277 275 272 270 269 270 270 270 270 272 273 275 276 278 280 280 280 281 283 285 284 282 280 279 279 278 278 278 278 278 279 279 279 279 279 280 281 281 282 284 285 287 289 292 297 302 310 322 322 297 292 297 295 291 288 286 283 279 276 272 270
