windninja/windninja_output/Output_2025-10-23_1300-1350_Google earth_Fire_150m_10min/merlingen_7.5mi_point_10-23-2025_1350_150m_ang.asc
ncols	158
nrows	163
xllcorner	391686.332397
yllcorner	5160024.123721
cellsize	150.000000
NODATA_value	-32768.000000
[rows 84 to 125 of 163, columns 0 to 93 of 158]
249 246 245 247 244 241 238 236 237 236 237 239 241 243 246 247 247 248 249 249 249 246 243 239 234 231 232 232 232 232 232 231 232 234 237 240 240 239 236 233 230 228 226 226 227 227 227 228 229 228 226 224 224 225 227 229 230 230 230 230 229 229 228 228 228 227 227 226 225 225 224 223 222 221 219 217 214 209 202 192 178 179 192 205 220 224 225 225 224 224 224 224 224 222
250 249 249 250 248 246 241 240 242 242 241 241 240 241 243 244 245 248 250 252 253 251 248 244 238 234 234 234 234 233 232 231 230 230 232 235 237 239 240 238 234 231 230 231 233 235 237 239 240 238 234 232 230 228 228 230 231 231 231 230 230 229 229 228 228 227 227 226 226 225 224 223 222 221 220 218 215 210 203 192 178 175 186 206 222 225 224 225 224 224 225 225 225 224
253 253 252 253 252 248 243 240 242 243 242 239 239 239 241 242 243 247 251 253 256 256 256 254 244 232 231 233 235 234 233 232 230 227 228 228 229 231 235 237 237 234 232 232 233 236 238 240 242 242 240 238 235 232 231 232 233 232 232 231 231 230 229 228 228 228 227 227 226 225 225 224 223 222 221 219 216 212 206 195 178 170 178 203 222 227 227 227 225 225 225 225 224 221
257 256 255 254 250 244 239 236 238 240 239 238 239 238 239 241 240 243 247 251 252 251 253 253 236 218 222 228 231 232 232 233 233 231 230 228 226 227 228 230 232 233 232 232 233 235 238 240 241 242 241 240 238 236 236 236 236 236 234 233 232 230 229 229 228 228 227 227 226 226 225 225 224 223 221 220 218 214 210 201 182 165 168 196 221 227 228 229 230 230 230 227 223 216
258 257 254 249 241 234 232 232 235 238 238 238 237 233 233 234 235 238 242 245 244 240 239 231 211 202 216 225 229 230 231 233 234 236 237 236 233 230 230 230 230 229 229 230 232 233 236 238 239 238 238 238 238 237 236 237 238 239 239 236 233 231 229 229 228 228 228 227 227 226 226 225 224 224 222 221 220 218 214 207 192 168 159 199 229 231 232 232 232 234 233 228 224 223
257 254 248 243 237 232 231 231 231 234 237 236 231 229 230 229 230 235 239 240 236 230 226 217 201 199 213 224 227 229 231 232 233 235 237 240 240 238 237 236 235 232 230 230 232 233 234 236 237 236 235 233 232 232 231 232 235 239 243 242 235 230 229 228 228 228 228 228 227 227 226 226 225 224 224 223 222 220 218 213 205 190 176 231 257 254 248 243 239 239 238 232 230 234
254 250 243 241 240 236 232 229 226 228 233 231 225 225 226 226 227 230 235 239 235 225 218 211 200 200 213 222 227 230 232 233 234 234 235 237 239 239 238 238 238 237 235 234 234 235 236 236 237 237 236 233 230 228 227 228 231 235 239 239 231 227 228 228 228 228 228 228 228 228 227 227 226 226 225 225 224 223 221 219 217 213 213 247 268 270 264 257 251 251 247 237 239 243
249 243 235 232 231 229 225 220 218 223 229 226 218 217 217 217 220 223 230 238 232 217 213 209 201 203 215 223 228 231 233 235 236 236 236 237 236 237 237 236 235 236 236 237 237 237 238 239 239 239 238 237 234 230 224 224 227 229 230 228 222 223 226 228 228 229 229 229 229 228 228 227 227 227 226 226 225 225 224 224 224 224 227 242 259 266 266 262 259 258 251 246 253 256
242 235 224 221 219 215 207 202 204 214 222 220 214 213 214 215 215 216 222 227 223 208 210 210 205 209 219 226 230 233 235 237 238 238 238 238 236 236 236 236 235 234 236 238 239 240 241 242 243 244 245 243 240 234 225 222 226 228 229 227 222 220 225 228 229 229 229 229 229 229 229 228 228 228 228 227 227 227 227 228 229 231 236 248 260 266 268 267 265 261 256 260 267 267
237 230 220 217 215 211 204 197 197 207 214 210 203 201 202 206 206 206 217 224 220 205 207 210 209 214 223 228 232 235 237 240 243 242 240 238 238 237 237 236 234 233 234 237 239 240 242 243 244 246 248 249 243 235 230 230 236 238 236 233 228 224 225 228 230 230 230 230 230 230 230 229 229 229 229 229 229 229 229 230 231 234 240 250 263 271 274 274 270 264 261 264 267 267
229 224 218 218 218 216 210 202 196 204 212 209 202 199 199 205 208 212 224 229 219 209 208 212 214 220 226 230 233 236 239 244 247 245 241 239 239 239 239 237 232 229 231 233 233 235 238 240 242 242 243 244 237 232 234 240 247 247 243 238 234 229 228 230 231 231 231 231 231 231 231 230 230 230 230 230 230 230 231 232 233 236 240 246 255 264 270 271 267 262 260 260 260 260
216 218 218 220 223 221 216 207 200 208 218 218 215 215 215 225 227 235 237 230 221 220 219 223 224 228 230 232 233 234 238 242 244 243 241 242 242 242 241 239 234 229 229 229 228 227 229 231 234 235 236 235 228 228 234 239 244 245 243 240 237 232 231 232 232 232 232 232 232 232 232 231 231 231 231 231 231 232 232 233 235 236 239 243 248 253 258 260 259 257 255 255 254 254
196 210 219 221 224 222 219 215 215 230 244 240 237 237 243 249 249 253 246 226 226 232 235 240 239 237 234 234 234 234 237 240 242 242 243 244 245 245 243 241 238 233 231 231 228 225 225 226 228 231 233 233 229 228 233 239 242 244 244 242 239 235 234 234 234 234 233 233 233 233 233 232 232 232 232 233 233 233 234 234 235 237 239 241 244 247 250 251 252 251 251 250 250 249
171 200 220 223 228 228 225 224 227 238 250 251 251 247 252 255 259 258 245 227 229 237 245 252 249 240 235 235 236 240 245 246 246 245 246 248 250 250 248 245 242 238 235 236 235 232 231 232 235 237 237 235 233 231 233 238 241 244 244 244 243 240 238 238 237 236 235 235 234 234 234 233 233 234 234 234 234 234 235 235 236 237 239 240 242 244 245 246 247 247 247 246 246 246
150 190 229 236 241 239 235 233 235 239 248 258 266 267 267 267 265 257 244 234 231 237 245 250 239 227 230 236 241 247 252 253 251 249 248 250 254 256 255 251 246 242 238 239 241 242 243 244 244 242 239 237 235 234 234 237 239 240 242 242 243 243 244 243 241 239 237 236 236 236 235 235 235 235 235 235 235 236 236 236 237 238 239 240 241 242 243 243 244 244 244 244 244 243
137 197 248 253 256 256 254 252 249 249 252 258 263 270 272 268 263 255 245 237 233 237 242 240 226 222 232 240 246 250 254 255 256 255 253 253 254 257 259 258 253 247 242 239 240 242 244 244 242 239 238 236 234 233 234 235 236 238 239 238 238 240 243 245 245 244 241 239 238 237 237 236 236 236 237 237 237 237 237 237 238 238 239 239 240 241 241 242 242 242 242 242 242 242
168 215 250 257 259 260 261 262 259 256 256 256 259 266 269 264 260 257 247 237 240 246 245 237 228 230 237 243 248 252 256 259 262 263 262 260 258 257 259 261 259 253 247 241 240 240 241 241 239 237 236 235 233 232 232 232 233 235 236 235 234 234 237 240 243 245 244 242 239 239 238 238 238 238 238 238 238 238 238 239 239 239 239 240 240 240 240 240 241 241 241 241 240 240
204 226 249 255 257 258 260 261 259 258 257 255 253 252 253 253 251 249 242 241 251 254 246 237 235 239 244 247 251 254 258 262 266 270 273 272 268 264 263 263 263 260 254 247 243 242 242 241 238 236 235 233 232 232 233 232 230 232 233 233 233 233 234 236 238 240 242 242 241 241 242 242 241 241 240 240 240 240 240 240 240 240 240 240 240 240 240 240 240 240 240 240 239 239
224 234 248 252 254 257 258 258 258 257 256 254 249 242 238 239 241 238 234 242 250 247 241 240 241 244 249 252 254 257 260 264 267 272 277 281 280 276 272 269 269 267 262 255 247 241 239 237 235 234 234 233 232 231 232 231 230 230 230 230 230 230 232 234 237 237 238 239 240 243 246 247 246 244 243 243 243 243 242 242 242 241 241 241 240 240 240 240 240 239 239 239 239 239
232 237 246 250 252 254 255 256 256 256 255 254 250 246 244 243 242 240 239 246 245 238 239 243 243 244 249 254 257 259 262 264 266 270 275 281 287 287 282 278 278 278 274 266 256 245 240 236 233 233 233 233 232 230 230 229 229 230 230 229 228 227 228 232 235 235 235 235 235 239 245 250 251 250 249 248 248 247 246 245 244 243 242 242 241 241 240 240 240 239 239 239 238 238
236 239 243 247 251 254 255 256 256 258 259 259 258 261 264 263 257 252 253 253 244 238 239 242 241 242 246 251 255 260 264 265 266 269 272 278 286 292 291 287 286 288 286 281 272 258 246 239 234 232 232 232 232 231 231 229 228 228 229 230 229 228 228 231 233 233 232 230 229 232 239 245 251 256 257 257 256 254 251 249 248 246 245 243 242 241 241 240 240 240 239 239 239 239
239 240 243 246 250 253 255 255 256 258 261 264 268 271 273 272 268 263 259 253 246 242 241 240 239 240 243 247 251 257 262 266 268 267 269 274 282 290 294 293 292 293 294 293 289 272 251 240 233 230 230 230 229 230 231 230 229 228 229 230 230 229 230 232 233 233 231 227 226 230 234 237 241 248 253 258 261 260 259 258 255 252 248 245 244 243 242 241 241 240 240 239 239 239
241 241 241 243 246 249 252 252 253 254 257 259 263 265 268 269 266 262 256 249 245 246 244 237 236 238 240 242 248 254 259 264 266 263 264 272 281 289 294 296 296 296 297 299 300 291 259 240 233 230 229 228 227 227 228 229 229 229 229 230 230 229 230 231 232 232 231 228 225 227 232 234 235 236 240 246 252 255 257 260 263 259 253 248 246 244 243 242 241 241 241 240 240 239
240 239 239 241 244 245 247 247 245 245 246 247 248 250 256 260 261 258 252 246 244 247 245 236 232 234 236 237 242 251 257 261 259 255 261 272 281 285 288 294 298 298 297 299 304 308 278 237 231 230 231 230 228 227 227 227 227 228 229 229 230 230 230 230 230 230 230 228 225 225 229 232 234 235 237 241 244 245 246 251 258 262 259 253 249 246 244 243 243 242 242 241 240 240
239 237 237 239 240 239 238 237 236 238 241 243 243 244 248 252 253 251 246 244 244 247 246 237 230 231 233 231 237 248 254 255 251 247 260 273 278 277 279 287 297 300 298 300 304 312 330 219 221 224 228 230 229 228 227 226 226 227 227 227 228 230 230 230 230 230 229 228 225 223 227 231 234 236 237 238 240 242 244 247 250 255 261 259 253 249 246 245 245 244 243 242 242 241
238 237 236 237 235 234 234 234 236 240 243 243 242 242 245 249 248 240 235 238 245 250 248 239 230 228 230 229 236 247 250 248 245 245 260 270 271 269 274 278 283 290 298 307 313 317 9 103 194 215 221 224 226 227 227 226 226 226 226 224 224 227 229 228 230 232 230 229 226 223 225 230 234 235 236 237 238 240 243 246 248 250 254 260 259 254 250 248 247 246 245 245 244 244
237 236 237 238 239 240 241 242 242 242 243 243 241 241 245 249 246 230 225 233 244 252 251 241 232 228 228 227 234 244 247 245 241 243 257 266 266 267 271 266 256 265 285 307 327 334 28 88 133 195 212 218 221 224 225 225 225 227 227 225 224 227 228 227 228 231 232 230 227 223 223 228 232 233 235 237 239 240 241 244 247 250 251 255 259 259 256 253 251 250 249 249 248 248
236 237 240 242 244 244 245 245 244 242 242 244 244 242 244 248 243 219 217 228 239 249 253 241 234 231 228 224 229 236 243 244 240 242 252 260 263 265 263 250 242 248 259 278 315 348 46 83 103 154 197 210 217 222 224 223 223 226 228 226 225 227 227 226 225 227 229 230 228 225 223 228 232 233 234 237 238 239 240 243 246 249 250 250 253 256 258 258 256 255 255 255 254 253
240 241 243 244 244 243 242 241 241 239 237 240 243 242 244 248 241 212 210 221 230 240 248 240 231 236 236 233 230 231 236 241 241 244 254 259 259 259 251 243 241 243 248 255 269 336 63 81 90 113 164 194 210 220 223 222 221 224 227 226 224 225 226 226 224 225 226 227 227 226 226 230 233 234 234 236 237 236 237 239 244 248 249 248 248 248 253 256 258 260 261 261 258 255
242 243 243 244 244 244 242 239 237 234 232 237 241 239 241 246 240 205 198 211 220 232 240 239 232 240 243 244 239 232 232 236 241 250 261 264 259 253 244 238 235 236 244 252 251 205 128 106 98 103 126 168 197 214 221 221 219 222 225 225 223 222 224 226 224 223 224 224 224 223 223 227 231 231 232 235 236 235 235 236 239 245 247 247 247 245 246 249 252 255 260 261 257 253
240 240 241 242 241 241 241 239 235 232 233 237 237 233 237 245 240 198 183 201 213 225 232 235 234 237 238 240 242 238 231 233 241 252 262 266 259 250 241 230 224 227 237 243 235 195 163 148 129 113 114 136 175 204 217 219 218 220 223 225 223 220 222 225 224 222 222 223 223 221 221 225 229 230 231 233 235 236 235 235 238 241 240 240 241 238 239 241 242 247 252 253 250 249
236 237 237 238 238 237 236 236 235 235 238 239 234 227 233 244 243 200 174 195 210 219 223 227 231 233 231 229 235 236 227 229 238 249 258 259 253 245 236 224 216 222 229 233 227 203 177 164 153 133 122 126 149 188 211 218 219 219 222 224 222 220 221 224 223 221 221 222 223 222 221 224 229 232 233 233 234 236 236 234 238 240 237 234 234 230 230 235 238 245 248 245 242 241
233 235 236 236 236 235 233 231 233 237 243 241 229 222 231 244 245 208 173 187 207 212 213 219 224 228 227 226 235 233 219 221 231 242 252 254 246 232 225 219 214 220 225 227 225 211 188 170 162 153 138 131 138 167 202 216 219 219 220 223 222 220 221 224 224 220 220 222 222 222 221 222 225 229 233 235 235 235 236 236 240 242 239 232 231 227 225 230 236 243 244 240 235 233
231 234 236 237 237 236 232 228 230 235 242 240 225 218 231 244 246 217 171 174 196 205 208 213 218 221 221 223 231 232 221 220 225 235 240 238 229 217 214 214 213 216 220 223 224 213 191 175 168 164 155 143 140 154 187 211 218 218 219 222 222 219 220 223 223 219 219 221 221 221 220 219 221 224 229 233 235 235 235 235 240 243 239 231 228 226 225 228 235 239 238 235 230 231
232 234 236 237 237 235 231 229 232 235 239 238 224 218 230 240 245 233 173 156 178 202 210 214 216 217 214 215 221 224 224 222 223 232 234 227 217 206 205 208 209 212 215 219 221 212 195 182 175 171 166 152 145 150 174 204 216 218 219 221 222 219 219 221 220 217 217 218 220 221 220 218 218 221 225 228 230 232 233 233 237 240 238 231 228 227 226 229 234 234 232 229 226 230
232 232 234 238 239 235 232 234 238 238 238 239 228 221 230 238 244 245 207 139 137 205 220 225 226 223 217 216 219 221 221 220 225 236 237 231 223 210 207 208 208 209 212 213 212 209 200 189 181 177 172 160 150 149 165 196 214 218 218 221 222 219 219 221 219 218 217 217 219 221 221 219 217 218 222 225 226 228 232 235 238 239 237 231 230 229 228 229 231 231 229 225 223 229
231 230 232 237 240 238 238 241 244 242 239 242 234 221 226 236 244 247 238 187 78 333 253 246 243 240 237 235 233 231 230 229 236 242 242 238 230 222 217 215 214 211 211 212 211 209 203 195 187 182 177 168 156 152 161 189 211 218 218 220 222 219 221 225 227 229 228 223 222 223 222 220 218 218 220 222 224 226 230 235 238 239 237 232 231 230 228 228 229 229 228 224 221 226
227 228 228 229 230 231 235 241 247 244 239 246 242 220 220 231 241 246 244 235 312 355 321 288 271 261 253 250 254 256 253 249 248 247 246 242 238 235 228 224 221 219 219 220 219 216 211 204 195 189 183 174 163 156 161 183 208 217 218 221 223 222 226 232 236 243 249 246 235 229 225 222 221 220 219 219 220 223 227 231 234 236 236 232 230 229 226 226 227 229 227 221 218 222
220 223 223 221 220 220 224 231 239 242 240 249 250 224 218 228 238 244 245 243 258 316 328 317 297 285 275 270 270 268 263 258 254 250 250 246 242 240 232 226 227 228 229 228 227 226 223 214 203 196 189 180 168 160 162 178 204 215 219 223 227 228 232 234 233 237 243 249 250 241 232 227 225 223 220 217 218 220 222 225 228 232 232 228 227 225 222 222 224 226 224 217 217 224
218 223 225 220 218 219 221 225 231 234 238 252 256 233 225 234 239 240 242 246 255 274 303 314 308 303 296 288 283 277 268 263 258 254 253 249 243 240 235 226 225 228 230 230 228 227 225 215 204 198 193 185 173 164 165 177 203 220 226 228 229 230 232 230 229 232 234 237 243 249 244 237 232 227 223 219 216 217 219 220 222 226 227 225 224 224 220 219 223 225 222 215 216 226
220 225 227 222 220 223 223 224 229 229 233 248 256 242 238 246 243 237 236 243 254 264 275 288 295 300 301 297 293 285 270 263 260 257 255 251 245 243 239 229 223 225 229 231 229 226 222 213 201 196 194 190 179 169 169 181 203 223 232 231 228 227 227 225 227 231 232 233 235 241 250 253 249 241 233 226 219 218 218 217 218 222 225 224 223 223 218 218 224 226 221 213 214 224
215 221 223 218 217 221 223 224 227 226 229 241 248 246 250 257 250 237 231 234 243 256 264 267 272 278 288 295 295 285 264 260 260 258 256 253 248 246 243 234 226 224 227 233 233 229 223 213 200 196 196 193 184 174 172 182 199 214 223 222 220 222 222 222 225 229 231 232 233 234 240 253 261 262 255 242 232 226 224 221 220 224 226 224 223 222 216 217 223 225 219 211 213 224
