windninja/windninja_output/Output_2025-10-23_1300-1350_Google earth_Fire_150m_10min/merlingen_7.5mi_point_10-23-2025_1340_150m_ang.asc
ncols	158
nrows	163
xllcorner	391686.332397
yllcorner	5160024.123721
cellsize	150.000000
NODATA_value	-32768.000000
[rows 0 to 41 of 163, columns 0 to 93 of 158]
248 247 246 243 242 244 243 239 238 238 237 231 223 221 227 236 247 251 254 261 263 247 236 237 243 248 248 243 241 242 242 243 245 245 244 249 254 256 257 255 251 251 252 253 257 260 264 265 261 256 254 252 252 253 253 252 251 251 253 254 252 250 248 247 244 241 242 246 252 255 254 252 250 248 247 248 249 251 253 253 251 248 247 250 252 250 245 244 244 242 240 241 240 237
247 247 247 245 245 245 242 241 242 242 238 229 221 222 229 237 243 247 252 257 256 247 239 239 243 245 245 244 244 244 244 245 245 245 247 250 251 252 254 253 252 252 251 253 255 257 259 261 261 259 256 255 255 254 253 252 251 251 252 253 252 251 250 248 246 245 246 248 252 254 253 252 250 249 249 249 248 250 253 252 250 248 248 249 250 250 247 245 245 244 244 244 243 241
245 246 246 245 246 244 241 242 245 243 237 225 219 223 231 238 241 243 248 250 247 246 245 243 243 242 242 244 245 245 246 247 247 248 250 250 249 249 250 250 251 252 252 254 255 254 254 254 256 257 257 256 255 253 252 252 252 252 252 251 251 251 251 250 249 249 250 251 253 253 251 251 251 252 252 249 248 250 252 250 246 247 249 248 249 251 248 245 245 246 248 248 246 245
241 243 243 243 244 242 239 241 241 238 231 220 219 226 234 241 243 244 245 245 244 245 245 244 243 241 240 240 241 242 244 246 248 250 250 250 250 249 250 250 251 251 253 254 254 254 253 252 250 251 252 251 250 251 251 252 253 253 253 252 251 251 251 250 250 250 251 252 254 252 250 251 252 253 252 251 251 251 251 248 244 245 248 247 250 252 247 244 244 243 245 247 248 246
239 241 241 240 241 240 240 242 241 236 228 220 219 228 239 245 245 245 245 244 244 246 246 245 245 242 238 237 236 237 238 241 245 248 249 249 249 250 250 251 251 251 252 253 252 252 251 250 249 249 248 248 249 250 251 252 253 253 253 253 252 251 251 251 251 251 252 253 254 252 250 252 253 253 252 252 254 255 252 248 245 247 248 248 251 252 250 248 247 243 242 244 246 246
242 243 242 240 240 241 243 245 243 236 229 224 222 232 243 247 246 246 245 245 247 249 251 250 249 246 242 238 236 236 237 239 241 242 243 245 247 248 249 249 249 251 252 252 251 251 250 250 250 248 246 247 249 250 251 252 253 254 254 253 252 251 250 251 251 251 252 253 253 250 249 251 254 253 250 251 253 255 253 247 247 251 253 251 251 252 253 256 257 252 248 247 246 245
244 246 246 244 243 242 244 244 241 236 232 228 227 236 247 248 247 244 243 244 246 249 252 254 255 252 247 244 242 239 239 242 242 241 241 243 245 247 247 248 248 250 252 252 252 251 251 250 249 247 246 246 247 249 251 253 254 254 254 254 252 250 249 249 250 251 252 254 253 249 247 249 252 251 249 249 251 252 249 244 248 253 254 253 253 253 254 258 264 265 262 258 253 251
243 245 247 249 248 247 246 244 241 238 235 233 231 239 247 248 247 245 244 243 245 247 249 252 257 254 251 250 246 243 245 247 245 244 245 246 247 247 247 248 249 250 251 251 252 253 252 251 250 247 247 248 248 247 250 253 254 254 255 254 253 250 247 247 248 249 252 254 253 250 249 250 250 248 248 250 251 249 244 243 251 255 254 253 252 252 254 257 262 267 271 268 264 261
243 244 246 248 250 250 249 245 242 241 240 238 236 240 246 247 246 246 245 244 246 247 246 247 250 252 252 251 248 247 251 251 248 248 250 251 250 249 249 249 250 251 252 252 253 253 252 252 251 248 248 250 249 248 252 254 254 255 255 254 253 252 250 248 247 249 252 254 252 249 251 253 251 249 248 250 251 248 243 246 254 258 257 254 252 252 252 254 256 259 263 265 265 264
243 244 246 247 247 248 248 246 244 243 243 243 242 244 248 248 247 247 246 245 245 246 245 244 244 246 249 249 248 250 253 252 250 251 252 251 250 249 249 250 250 251 252 253 253 253 252 253 252 250 251 251 250 253 255 256 256 255 255 253 253 255 255 253 253 254 255 254 250 247 250 253 253 251 249 250 251 249 245 249 254 257 259 259 259 257 256 256 256 254 253 257 261 261
243 244 245 246 245 246 246 245 245 244 244 245 246 248 251 251 250 249 248 247 246 245 245 243 241 241 242 245 247 251 253 252 252 254 254 251 250 249 250 250 250 251 252 252 253 254 254 254 253 253 256 256 255 257 259 258 257 257 256 255 256 258 259 261 264 263 260 256 250 248 251 253 253 251 249 249 251 253 253 254 254 254 255 259 264 264 264 263 261 254 252 257 260 259
243 244 245 245 245 245 245 245 245 245 245 246 247 249 253 255 253 251 251 251 251 248 246 243 241 239 238 243 249 252 254 254 255 256 255 253 251 251 252 251 251 251 251 250 251 252 253 254 254 256 261 262 262 263 264 263 260 259 258 257 259 262 265 272 274 271 267 260 253 254 255 253 252 250 248 248 250 254 258 259 256 253 252 255 262 265 264 264 261 255 256 260 260 260
243 244 245 244 244 245 246 246 246 246 246 247 247 249 255 259 258 255 253 253 253 252 249 246 243 240 240 245 251 253 254 255 256 256 255 253 254 254 254 252 252 252 250 248 249 249 247 249 253 258 263 265 266 267 269 269 265 261 257 257 261 265 271 279 281 279 274 270 267 265 260 255 254 253 251 250 250 252 254 256 256 255 255 257 259 260 261 261 257 252 257 259 258 260
243 244 244 244 244 245 245 245 246 246 247 247 247 248 254 260 263 262 259 256 255 253 251 248 245 242 242 245 249 251 254 256 257 256 254 254 255 255 255 253 253 253 251 252 253 251 247 245 249 255 260 262 264 265 268 272 271 264 256 255 260 265 270 276 280 280 279 282 286 281 268 262 260 259 258 257 257 257 255 254 257 260 260 259 258 256 259 259 254 252 258 260 258 259
243 244 244 245 245 245 245 245 246 247 247 248 248 247 250 256 261 264 263 260 256 254 251 248 246 244 244 245 248 249 252 256 257 256 255 255 254 253 253 254 255 253 253 256 258 255 254 251 247 248 253 256 257 259 262 266 268 265 256 254 259 263 267 268 268 272 277 283 291 297 287 274 268 264 261 262 263 261 257 260 265 266 264 261 257 256 259 257 251 252 259 262 259 260
243 243 244 244 245 245 246 246 247 247 248 248 249 248 250 254 256 258 260 260 257 253 250 247 246 246 245 245 246 248 251 253 252 252 254 255 255 254 253 254 255 253 253 256 256 253 254 257 253 248 249 250 250 252 253 253 256 257 255 256 260 263 265 262 259 263 270 275 282 297 303 289 276 268 265 266 264 261 261 266 269 267 265 262 259 257 257 256 253 252 256 260 260 260
243 243 244 244 244 245 245 246 247 247 248 249 250 252 255 257 255 253 254 255 254 252 249 247 247 247 246 245 246 248 251 251 249 250 252 255 257 256 254 253 252 251 252 252 251 250 251 251 254 256 253 249 249 250 249 248 248 250 252 257 261 263 262 259 257 260 264 270 274 281 295 295 285 279 274 269 264 263 266 268 265 262 262 260 259 258 256 255 257 258 257 257 256 257
242 243 243 244 244 245 245 246 247 247 248 249 251 253 258 260 258 255 252 252 252 251 250 250 250 248 247 247 249 250 251 249 246 246 248 251 253 253 251 250 250 251 252 252 250 250 251 249 251 256 258 254 251 250 249 248 248 248 250 256 259 260 259 257 258 260 263 267 268 270 278 288 288 288 285 276 270 268 268 265 260 260 259 257 255 256 256 255 260 266 265 259 255 255
242 243 243 243 244 245 245 246 247 247 248 249 251 253 257 260 260 257 254 253 252 251 252 252 252 250 249 250 252 252 250 246 243 243 246 248 250 251 251 251 252 251 252 251 250 251 254 254 253 254 257 257 255 251 250 250 250 250 251 255 257 257 256 256 259 261 262 262 263 266 272 277 279 282 284 283 278 272 266 262 261 262 261 257 253 252 253 255 259 265 269 264 259 257
242 243 243 243 244 244 245 246 247 247 248 249 250 252 255 258 258 257 255 253 252 252 252 252 251 251 250 250 250 250 247 244 243 245 249 251 252 252 252 252 251 249 249 249 250 252 254 256 255 255 256 257 257 255 253 252 250 250 252 255 256 256 256 258 261 262 262 260 262 266 269 269 269 269 273 275 272 268 264 262 263 264 263 260 256 253 252 253 257 262 266 265 261 259
242 242 243 243 243 244 245 246 247 247 248 249 250 251 253 254 255 254 253 252 251 251 250 250 250 249 249 248 248 247 244 241 241 245 248 249 250 250 248 248 247 247 248 248 251 254 254 253 254 255 255 256 258 259 258 255 253 251 251 253 253 254 257 260 261 263 263 262 265 266 263 260 262 265 267 264 258 256 258 260 263 263 263 262 260 256 254 253 257 262 264 262 259 259
242 242 242 243 244 244 245 245 246 247 248 249 250 250 251 252 252 252 252 251 250 250 250 249 249 248 248 247 247 245 242 239 240 245 246 246 247 247 245 245 245 245 247 249 252 254 254 254 254 254 255 255 257 259 260 259 257 255 252 250 250 254 257 260 262 265 265 265 265 261 255 253 256 262 266 262 254 251 251 255 258 259 260 262 261 257 254 254 259 262 261 257 254 257
241 241 242 242 243 244 245 245 246 247 247 248 249 249 250 251 251 251 250 250 249 249 249 248 247 247 246 245 245 244 242 239 243 247 248 248 248 246 245 245 245 245 247 249 251 253 254 253 253 253 255 255 255 256 258 259 259 258 253 249 250 254 257 260 265 268 267 265 260 253 249 249 254 260 264 264 256 252 250 250 251 251 255 259 261 260 256 257 259 260 258 250 249 255
241 241 242 242 243 244 244 245 246 247 247 248 248 248 249 250 250 250 250 249 248 248 247 246 245 245 244 244 245 246 245 244 247 249 249 250 250 249 247 247 247 247 247 248 251 253 252 251 252 253 255 255 255 256 258 258 259 258 254 250 251 254 259 265 270 270 266 261 254 248 246 249 256 262 262 259 257 259 256 250 247 247 249 253 258 263 263 261 260 259 255 244 248 255
241 241 242 242 243 244 244 245 246 247 247 248 248 248 248 248 249 249 249 248 248 247 246 245 244 243 241 242 247 250 249 250 252 251 250 249 249 250 250 250 249 248 247 249 252 251 248 249 251 253 255 255 256 257 257 257 257 256 254 253 253 257 263 269 271 268 262 254 248 247 249 254 262 264 258 250 255 266 264 255 249 247 245 246 251 260 266 265 263 260 253 240 247 255
241 241 242 242 243 243 244 245 246 247 247 247 248 248 248 248 248 249 249 248 247 247 245 244 242 239 237 240 246 250 251 253 255 253 249 247 246 249 252 252 251 250 250 253 253 248 246 249 250 252 253 255 257 258 258 257 254 252 252 255 259 265 268 267 262 258 253 246 244 246 253 263 268 264 252 241 250 265 271 264 256 250 244 243 246 252 257 260 262 262 253 240 246 253
240 241 241 242 243 243 244 245 246 246 246 247 248 248 248 248 248 248 248 247 247 246 245 242 239 235 232 238 244 247 249 254 258 258 254 247 244 248 252 253 252 252 254 255 252 245 244 247 250 251 250 252 256 259 261 257 249 247 251 258 267 273 272 265 255 249 243 238 240 247 259 267 268 261 248 235 245 258 272 276 267 257 249 246 247 248 247 249 256 258 255 245 247 250
240 240 241 242 243 243 244 245 246 246 246 247 247 248 248 249 249 248 247 247 246 245 244 241 237 231 230 237 241 241 244 250 256 259 259 253 248 249 252 253 252 254 256 254 249 244 242 244 248 249 247 249 252 256 259 253 241 244 253 261 269 273 271 262 253 246 239 235 241 252 262 265 264 257 245 233 244 254 263 277 276 266 258 255 254 250 243 243 250 253 253 253 254 252
239 240 241 242 242 243 244 246 246 246 246 247 247 248 248 248 248 248 247 246 246 245 243 240 236 230 230 235 236 235 238 244 249 253 257 257 252 251 253 252 250 253 253 251 248 243 242 242 245 247 245 246 249 252 253 244 234 245 255 265 270 268 262 255 250 245 237 237 249 259 263 261 256 250 240 237 248 255 258 267 279 276 268 264 261 254 247 248 250 250 249 253 261 260
239 240 241 241 242 243 245 245 245 246 246 247 247 247 248 248 248 247 247 247 246 245 243 240 236 232 232 235 233 229 232 238 242 247 252 251 247 249 252 250 248 248 246 246 245 241 241 243 245 244 240 242 245 247 246 236 232 248 257 266 270 265 255 248 246 245 240 242 256 265 266 260 251 244 238 242 252 254 256 263 275 282 275 268 262 257 255 256 254 249 246 250 260 268
240 240 240 241 243 244 245 245 245 246 246 247 247 247 248 248 248 247 247 247 246 244 243 240 237 235 236 237 234 231 234 238 241 246 249 244 241 248 251 249 247 245 242 242 241 239 242 246 248 244 239 241 243 244 242 233 235 252 261 265 266 261 251 246 247 249 246 250 260 266 267 259 251 246 242 244 248 250 253 259 268 278 277 270 264 260 259 258 255 250 246 248 255 267
240 240 240 241 243 244 244 244 245 245 246 246 247 247 248 248 248 248 247 247 246 245 243 241 239 238 238 237 234 234 240 244 245 249 249 241 241 251 252 248 246 245 243 244 242 241 247 252 252 248 247 247 246 246 242 232 237 253 263 265 262 253 244 243 249 254 253 255 261 265 264 257 255 254 247 244 244 247 251 256 260 265 271 271 268 266 263 260 256 253 250 249 251 261
239 239 240 241 243 244 243 244 245 245 246 246 247 247 247 247 247 247 248 248 247 246 244 242 242 241 239 234 229 231 239 244 246 249 250 244 246 254 254 249 247 245 245 247 246 246 252 254 251 251 253 252 251 249 243 235 240 250 258 262 259 249 237 240 249 256 259 260 261 261 258 256 258 257 249 245 243 246 251 254 253 253 261 268 269 268 266 261 257 255 254 252 252 258
238 239 239 242 244 244 244 244 245 246 246 246 247 247 247 247 246 247 247 247 247 246 245 244 243 242 239 234 228 232 241 244 245 247 249 248 249 254 251 246 246 244 244 247 248 251 254 253 251 253 254 254 254 252 247 244 248 252 253 255 254 247 234 238 247 253 260 266 263 259 257 257 257 253 248 246 246 247 249 249 245 244 252 262 266 263 261 260 256 253 253 254 257 261
238 238 239 242 243 243 243 244 245 246 246 247 247 247 247 247 247 247 247 247 247 247 247 247 245 242 239 236 235 242 249 249 247 247 248 245 244 249 246 243 244 243 245 247 250 254 255 253 253 255 255 255 255 255 253 254 257 258 254 252 251 246 235 239 246 250 256 266 270 266 260 256 253 249 248 249 251 253 251 245 240 240 245 255 262 260 257 257 256 252 251 254 259 265
237 238 239 241 242 242 243 244 245 245 246 246 247 247 247 247 247 247 247 247 247 248 248 248 248 246 242 239 241 251 257 255 252 251 248 242 237 242 244 243 242 243 246 248 251 254 255 253 254 255 254 254 254 254 255 257 258 259 258 255 253 249 242 242 245 247 252 261 272 273 264 255 252 249 251 253 255 257 257 252 245 240 242 248 255 260 258 255 253 253 254 256 260 264
238 238 240 242 242 242 243 244 245 245 246 246 247 247 247 247 247 247 247 248 248 248 248 249 249 248 246 242 244 256 262 261 258 255 250 242 235 235 240 243 243 245 247 249 252 253 252 253 254 253 253 253 253 253 255 256 255 255 256 256 255 253 249 248 247 248 251 259 267 268 260 256 255 254 255 253 251 252 256 260 255 246 242 244 250 260 263 256 253 256 258 258 259 262
237 238 240 242 242 242 243 244 245 245 246 246 246 246 247 247 247 247 247 248 248 248 248 249 249 249 247 244 249 260 263 262 260 256 251 244 235 234 239 242 244 246 248 249 252 252 251 252 251 252 255 255 253 253 255 255 252 251 252 253 254 252 251 251 251 252 255 260 261 255 250 254 258 259 254 249 250 246 249 256 257 250 245 243 249 257 263 258 256 259 261 260 261 265
237 238 240 241 242 243 243 244 245 245 246 245 245 246 247 247 247 247 247 248 248 248 249 249 250 250 249 250 258 263 262 261 259 255 251 242 232 234 241 242 244 246 248 250 250 251 251 249 246 248 253 254 251 251 254 255 251 248 248 249 249 246 245 246 249 255 260 261 257 247 248 255 258 254 244 247 252 242 243 249 250 248 246 246 251 254 255 258 259 259 259 260 266 269
238 239 240 241 242 243 243 244 245 245 245 245 245 246 247 247 247 247 248 248 248 249 249 250 250 251 253 258 264 264 263 263 260 256 250 238 228 234 240 242 245 248 250 250 249 249 250 248 246 247 251 252 249 248 249 249 246 243 244 244 241 238 238 241 246 254 260 261 254 250 256 260 257 245 237 249 254 235 235 242 240 241 247 252 256 256 255 258 259 257 255 261 268 268
239 239 240 241 242 242 243 244 245 245 245 245 245 246 246 246 247 247 248 248 249 249 249 250 251 252 255 261 265 265 265 265 263 257 248 236 233 236 239 241 244 247 251 250 248 248 248 247 245 246 250 253 252 249 248 245 241 241 243 243 239 234 235 241 246 252 258 257 253 256 261 259 254 243 241 254 253 223 228 238 235 234 243 252 256 258 259 258 257 256 255 260 263 263
239 239 240 241 242 243 243 244 245 245 245 245 245 246 246 246 246 247 248 248 249 249 249 250 252 253 255 259 262 265 265 264 263 257 246 237 239 243 244 243 243 244 245 245 248 248 245 242 241 244 250 253 253 252 251 248 244 243 246 245 241 236 237 241 244 251 255 255 255 256 254 250 250 245 249 257 248 213 220 234 236 235 242 249 254 258 256 251 253 256 258 258 257 258
