windninja/windninja_output/Output_2025-10-23_1300-1350_Google earth_Fire_150m_10min/merlingen_7.5mi_point_10-23-2025_1320_150m_ang.asc
ncols	158
nrows	163
xllcorner	391686.332397
yllcorner	5160024.123721
cellsize	150.000000
NODATA_value	-32768.000000
[rows 0 to 41 of 163, columns 0 to 93 of 158]
258 257 255 253 252 253 252 247 245 245 243 236 226 224 229 238 248 252 255 263 266 251 239 239 245 250 250 244 243 243 243 244 245 245 244 248 253 254 255 254 250 249 250 252 255 258 262 264 260 256 254 252 252 253 252 251 250 250 252 253 251 249 247 246 243 241 242 246 251 254 253 251 249 247 246 247 248 249 252 252 250 246 246 249 250 249 244 243 243 241 239 240 239 236
258 258 257 255 254 253 251 249 249 248 244 235 225 225 231 239 246 250 255 260 260 252 243 242 245 248 247 246 245 245 245 245 246 246 247 249 251 252 253 252 251 251 251 253 255 257 258 260 261 259 256 255 254 254 252 251 250 251 252 253 252 250 249 248 246 244 245 248 251 253 253 251 249 249 249 248 248 249 252 252 249 247 247 248 249 249 246 244 244 243 243 243 242 240
257 258 258 256 256 253 249 250 252 251 245 233 225 228 235 242 246 248 253 255 253 252 251 247 246 245 245 246 247 247 247 248 248 249 251 251 250 250 251 251 252 253 253 255 256 256 256 256 257 258 258 257 255 253 252 252 252 252 252 251 251 251 251 250 249 249 250 251 253 253 251 250 251 252 252 249 248 250 252 250 246 246 249 248 248 250 248 245 245 245 248 248 246 245
255 256 255 254 255 252 249 251 251 249 241 229 226 232 240 247 249 249 250 250 250 251 252 250 248 245 243 244 244 245 246 248 250 252 252 252 251 251 251 252 253 253 255 256 256 256 256 254 252 253 254 253 251 251 252 253 254 254 253 252 252 251 251 251 250 251 251 253 254 253 251 251 253 253 253 251 251 252 251 249 244 245 248 248 250 252 248 245 244 244 246 248 248 247
255 255 253 252 253 252 252 255 253 248 238 228 227 236 246 251 251 251 250 249 249 252 254 253 251 247 243 241 240 241 242 244 248 251 252 252 252 252 253 254 254 254 256 256 256 255 254 253 252 251 250 250 250 251 252 253 254 254 254 254 253 252 252 252 252 252 252 254 255 253 251 252 254 254 253 253 255 255 252 248 246 248 249 249 251 253 251 250 248 245 244 246 248 248
259 258 255 252 252 253 256 258 254 247 239 233 231 241 251 253 252 251 250 250 251 254 258 259 257 253 247 244 242 241 242 244 246 247 248 249 251 253 254 254 254 256 257 256 255 254 253 252 252 250 248 248 250 252 252 253 254 255 255 255 254 252 252 252 253 253 253 255 255 251 250 252 255 254 252 252 254 257 254 248 247 252 254 252 252 253 254 257 258 254 250 250 249 249
259 260 260 257 255 255 256 256 252 246 241 239 238 247 254 254 252 249 248 249 251 254 258 263 264 259 253 250 248 245 245 247 247 246 246 248 251 252 253 253 253 255 256 255 255 254 253 253 252 250 248 248 249 251 253 254 255 256 256 256 255 253 251 251 252 253 254 255 255 251 249 251 254 253 251 251 252 254 250 246 249 254 256 255 254 254 255 260 266 267 265 261 256 254
258 259 261 262 261 258 257 254 250 248 246 245 244 250 255 255 253 250 249 249 250 253 255 260 265 263 258 256 253 249 250 252 250 249 250 251 252 252 252 252 253 254 254 254 255 255 254 253 252 250 249 250 250 250 252 255 256 257 257 257 256 253 250 249 250 252 254 256 255 252 252 253 252 251 251 252 253 251 246 245 253 257 256 255 254 254 256 259 264 270 273 271 267 263
258 258 260 262 263 261 258 254 252 251 252 252 251 253 255 255 253 252 250 250 251 253 253 255 260 263 261 258 255 254 256 256 253 253 254 255 254 253 252 252 253 254 255 255 255 255 254 254 253 251 251 252 251 251 254 256 257 258 258 257 256 255 253 251 250 252 255 256 254 252 253 255 254 251 251 252 253 250 245 248 256 260 260 258 256 255 255 257 261 264 268 269 268 268
258 258 259 259 260 259 258 256 255 254 255 257 258 258 257 255 254 254 252 251 252 252 252 252 253 258 260 258 255 257 259 258 255 255 256 255 254 253 252 253 253 254 255 256 256 256 255 255 254 253 253 254 253 255 258 258 259 258 257 256 255 257 257 255 255 257 258 257 253 250 252 255 255 253 252 252 253 251 248 252 257 260 262 263 262 261 260 261 262 260 259 262 266 267
258 258 259 258 258 257 257 257 256 256 257 258 261 262 261 258 257 256 256 255 253 252 251 250 250 252 254 255 255 257 259 257 257 258 257 255 253 252 253 253 253 254 255 255 255 256 256 256 255 255 257 257 257 260 261 260 259 259 257 256 257 259 260 262 265 265 262 259 253 251 253 256 256 254 252 252 254 256 257 258 258 257 259 263 267 268 268 267 266 260 257 261 265 264
258 258 258 258 257 257 257 257 257 257 258 259 261 264 264 263 261 259 259 259 258 255 253 250 249 248 247 251 256 258 259 258 259 260 259 256 254 254 255 255 254 254 254 253 253 254 255 255 255 257 262 263 263 264 264 263 260 259 258 257 259 261 265 272 274 272 268 262 256 257 258 256 255 254 252 252 254 258 263 264 261 257 257 260 267 270 269 268 265 260 260 263 263 264
258 258 258 258 257 258 258 258 257 258 258 259 260 263 265 267 266 263 261 261 261 258 255 252 249 246 245 251 256 258 259 259 259 260 258 256 256 257 257 256 255 255 253 251 252 251 249 249 253 258 263 264 265 266 268 268 265 260 256 256 260 264 270 277 280 278 274 271 269 268 263 258 257 257 257 256 256 258 261 262 262 261 260 262 265 265 266 265 262 258 261 262 261 263
258 258 258 258 258 258 258 257 258 258 259 259 260 260 264 267 270 269 266 263 262 259 256 253 249 246 247 251 254 256 258 260 260 259 257 257 258 258 258 256 256 255 253 253 254 252 248 246 249 256 260 262 263 264 268 271 270 263 255 254 260 265 270 276 280 279 279 281 286 283 271 265 263 264 264 263 262 262 260 259 263 265 265 264 262 261 263 262 257 256 261 262 260 261
258 258 258 258 258 258 258 257 258 258 259 260 260 260 261 265 268 271 270 266 262 259 256 252 250 248 249 251 253 254 256 260 261 259 259 258 257 256 256 255 256 253 253 256 257 255 254 252 249 250 254 258 258 260 263 267 269 266 257 256 261 265 269 270 271 274 279 283 290 297 289 277 272 268 266 267 267 265 261 263 269 270 268 265 260 259 261 259 254 254 261 263 260 260
258 258 258 258 258 258 258 258 258 258 259 260 261 263 263 264 264 266 267 266 262 258 255 252 251 251 251 251 252 253 256 258 257 257 258 258 257 256 254 254 254 253 253 256 257 254 256 258 255 251 252 253 254 257 257 257 260 262 259 260 263 266 269 266 263 267 273 278 284 297 303 290 279 272 269 270 268 264 264 269 272 271 268 265 261 259 259 257 254 253 257 261 260 260
258 258 258 258 258 258 258 258 259 259 260 260 262 265 268 266 263 261 261 262 261 257 254 253 252 252 251 251 252 254 257 256 254 253 254 256 258 257 254 254 253 253 255 255 254 253 254 254 258 259 257 254 255 256 255 253 253 256 259 262 265 267 267 264 262 264 269 274 278 285 297 296 286 282 278 273 268 266 270 271 268 265 264 262 260 259 257 255 258 259 258 259 258 258
257 257 257 257 257 258 258 258 259 259 260 261 262 266 270 269 265 262 260 259 258 257 255 255 255 253 252 253 255 256 256 253 249 248 250 253 255 255 254 253 254 255 256 255 253 254 255 254 257 262 263 260 257 256 254 253 253 254 258 262 264 265 264 262 264 265 267 271 273 275 282 291 290 290 288 279 274 272 271 267 262 261 261 258 256 257 257 256 261 267 267 261 257 257
257 257 257 257 257 258 258 258 259 259 259 260 262 264 268 269 267 263 260 258 257 257 257 257 256 255 254 255 257 257 254 249 246 246 248 251 253 255 254 255 256 255 256 255 254 255 258 260 259 260 262 263 260 257 255 256 256 256 258 262 263 263 261 262 265 267 267 267 268 271 277 283 285 285 288 285 280 275 268 263 262 263 262 258 255 254 255 257 261 267 271 266 261 259
257 257 257 257 257 257 258 258 259 259 259 260 261 263 265 266 265 263 260 259 257 257 257 257 256 256 255 254 255 254 251 247 245 248 251 254 255 256 256 256 256 254 254 254 255 257 260 262 261 260 261 262 263 262 260 258 257 256 258 261 261 261 261 264 266 268 267 265 267 272 276 277 276 276 279 280 276 270 266 264 264 266 265 263 258 256 255 256 259 264 269 269 264 262
257 257 257 257 257 257 258 258 259 259 259 260 261 261 262 263 262 261 260 259 258 257 257 256 256 255 254 253 253 252 249 245 245 249 252 254 255 256 255 254 253 253 253 254 257 260 260 259 260 261 261 262 264 266 265 262 259 258 257 258 258 259 262 266 267 268 268 268 271 273 271 269 269 271 273 272 265 261 261 263 266 266 266 266 263 260 257 256 260 264 268 267 263 261
257 257 257 257 257 258 258 258 258 258 259 260 260 261 261 261 260 260 259 258 258 257 256 256 255 254 253 252 252 251 248 244 246 251 253 253 254 254 253 252 251 251 253 255 258 259 260 260 260 261 261 262 263 266 267 265 264 261 258 256 256 259 263 265 268 271 272 272 272 269 263 260 263 268 272 271 263 258 257 259 262 263 263 266 266 261 257 257 262 265 266 263 259 260
257 257 256 257 257 257 257 257 257 258 259 259 259 260 260 260 260 259 259 258 257 256 256 255 254 253 252 251 250 250 248 247 250 254 255 255 255 252 251 252 252 252 253 255 257 259 260 260 261 261 261 262 262 263 266 267 266 265 260 255 256 259 263 266 272 275 275 273 267 260 255 256 260 266 270 274 269 261 257 255 255 256 259 263 266 265 261 261 263 264 263 257 255 259
257 257 256 257 257 257 257 257 257 258 259 259 258 258 259 259 259 259 258 257 256 256 255 254 253 252 250 249 251 252 252 253 255 256 255 256 256 254 253 254 254 254 254 254 258 261 260 259 260 261 261 261 262 263 265 266 266 266 262 257 257 260 264 271 277 278 274 268 260 253 252 255 262 267 269 269 270 268 263 256 252 251 254 258 263 268 269 266 263 263 260 251 253 259
257 257 257 257 257 257 257 257 258 258 259 259 259 258 258 258 259 259 258 257 256 256 254 253 251 250 247 248 252 255 256 258 259 257 256 255 254 255 256 257 256 256 255 257 260 259 256 257 258 260 262 262 263 264 264 265 265 264 262 260 259 262 268 274 278 275 269 260 253 251 253 259 267 270 266 259 265 274 271 261 255 252 251 251 257 266 271 270 266 264 258 247 253 259
257 257 257 257 257 257 257 257 258 258 258 258 259 259 258 258 258 258 258 257 256 255 254 252 250 247 243 246 252 256 258 261 262 261 257 253 252 255 259 260 259 259 259 262 261 256 254 256 258 259 261 262 264 265 266 266 263 260 260 262 265 271 274 274 270 266 260 252 248 250 258 268 273 270 261 250 258 272 278 271 263 256 250 248 252 258 264 266 267 266 259 247 252 257
256 256 256 257 257 257 257 258 258 258 258 258 259 259 259 258 258 258 257 257 256 255 254 252 249 243 239 244 250 253 256 261 265 266 261 255 251 254 259 262 261 262 264 264 260 254 253 255 258 259 258 260 263 266 269 267 259 255 258 265 274 279 278 271 262 256 249 244 244 252 264 273 274 268 257 245 252 264 279 283 274 264 255 252 253 254 254 256 260 263 261 254 254 255
256 256 256 256 257 257 257 258 258 257 257 258 258 259 259 259 259 258 257 257 256 256 254 252 248 241 239 245 248 249 251 258 264 267 267 262 256 256 260 262 262 264 266 264 259 255 252 253 256 258 257 257 260 264 268 265 252 252 261 270 276 278 276 268 259 251 244 240 247 258 267 271 270 265 255 245 251 260 270 284 283 273 265 262 260 255 249 249 255 257 259 261 262 257
256 256 256 256 257 257 257 258 258 257 257 258 258 258 259 259 259 258 258 257 257 256 254 252 248 242 242 246 245 243 245 252 258 263 267 268 263 260 261 262 263 265 265 263 260 255 253 252 254 257 257 256 258 261 263 258 248 255 263 272 276 274 268 261 256 250 243 242 255 265 268 267 264 259 251 249 257 260 263 274 285 283 274 270 265 258 252 253 255 254 254 260 269 266
256 256 256 256 256 257 258 258 257 257 257 258 258 258 259 259 259 258 258 258 257 256 254 253 250 247 248 248 244 239 241 246 251 258 265 269 265 262 263 263 262 263 260 259 258 255 254 254 255 255 252 253 255 256 255 249 247 258 264 271 275 271 260 253 251 250 246 249 262 270 271 266 258 252 248 253 261 260 260 267 281 288 281 273 266 261 259 260 258 253 251 255 267 273
256 256 256 256 256 257 258 257 257 257 258 258 258 258 259 259 259 259 259 258 258 256 255 254 252 252 254 252 246 242 243 246 250 257 265 267 263 263 264 263 262 260 257 256 254 253 256 259 260 255 250 252 252 252 250 243 246 261 267 270 271 266 256 250 251 254 253 257 265 270 272 264 256 253 251 255 258 257 258 264 274 285 283 275 269 265 264 263 260 254 250 252 259 271
256 256 256 255 256 257 257 257 257 257 258 258 258 259 259 259 259 259 259 259 258 257 256 255 255 256 257 254 248 245 249 253 255 260 263 263 263 266 266 262 260 258 256 255 254 254 259 263 261 257 255 255 253 252 248 240 246 260 268 269 266 259 249 247 253 259 261 262 266 269 268 262 261 261 258 256 254 255 257 261 266 273 278 277 274 271 268 264 260 256 254 252 254 264
256 256 255 256 257 257 257 257 257 258 258 258 258 259 259 259 259 259 260 260 260 259 258 257 258 259 258 254 247 246 252 257 258 259 262 263 266 268 266 261 258 256 255 256 256 257 261 262 259 258 259 259 257 255 249 242 248 257 264 266 264 254 243 245 254 262 267 268 266 265 263 263 266 266 262 257 255 255 257 259 259 260 268 274 275 272 270 265 261 258 257 255 255 261
255 255 255 257 258 257 257 257 258 258 258 259 259 259 259 259 259 259 260 261 261 261 260 260 260 261 260 257 252 253 257 257 256 256 259 264 270 267 262 257 256 254 254 256 256 259 262 260 257 259 260 260 260 258 253 251 256 259 259 259 259 254 243 245 253 259 267 273 269 264 263 265 266 264 260 260 259 258 257 254 251 251 259 269 273 269 266 265 261 257 256 257 260 264
255 254 254 256 258 257 257 257 258 258 259 259 259 259 259 259 259 260 260 261 261 262 262 263 263 262 261 260 261 264 265 261 258 258 258 259 265 263 258 254 253 252 253 255 257 261 261 259 259 261 261 260 261 260 258 259 263 264 259 256 255 253 247 247 252 255 262 273 275 272 267 263 261 259 259 263 264 264 260 251 246 245 251 260 269 268 263 262 261 257 255 258 263 268
254 254 255 256 257 257 256 257 258 258 259 259 260 260 260 260 260 261 261 261 262 262 263 265 265 264 263 263 266 270 272 268 265 263 259 254 253 256 254 252 250 250 252 255 257 261 261 260 261 261 260 260 260 260 262 263 265 265 263 259 257 256 254 253 252 252 257 268 278 279 270 262 258 257 260 265 266 266 264 258 250 245 246 253 261 267 265 261 260 259 259 261 264 267
255 255 256 257 257 256 256 257 258 258 259 260 260 260 260 261 261 261 261 262 263 263 264 265 266 267 267 266 267 274 277 275 271 267 260 252 246 246 249 249 250 251 253 256 259 260 260 260 261 260 260 260 260 261 263 263 262 262 262 260 259 258 258 260 256 253 257 264 273 275 266 261 260 261 264 264 262 260 262 265 261 251 247 248 254 266 271 263 260 263 264 264 264 266
255 255 257 257 257 256 257 258 259 259 259 260 260 260 261 261 261 261 262 262 263 263 264 265 267 268 269 269 273 279 280 278 273 267 260 253 244 241 245 248 250 254 256 257 259 260 260 260 259 259 262 263 261 261 263 263 261 259 259 259 259 258 259 262 261 258 260 265 267 262 256 259 263 267 264 259 261 257 257 262 264 257 250 247 253 262 271 267 263 266 267 265 265 269
255 256 257 257 257 257 257 258 259 260 260 260 260 260 261 261 262 262 262 263 263 264 265 266 267 269 271 277 281 280 278 276 272 266 260 251 239 240 247 250 252 255 257 259 259 260 260 259 257 258 262 264 262 260 262 264 261 257 256 257 255 253 253 256 260 262 264 266 262 253 254 262 266 264 254 256 263 259 252 255 258 256 252 251 256 259 263 268 267 266 266 266 270 273
256 256 257 257 257 257 258 259 260 261 260 260 260 261 261 262 262 262 263 263 264 264 265 266 268 270 274 281 283 279 276 276 273 267 260 247 236 242 247 250 254 257 260 261 259 259 260 260 257 258 261 263 263 260 260 261 259 256 254 253 249 245 244 249 256 261 265 265 258 256 263 268 265 255 246 258 266 258 249 250 248 248 253 258 260 261 262 267 269 265 262 266 272 271
256 256 257 257 257 258 259 260 261 261 260 261 261 261 262 262 262 263 263 264 264 265 265 266 268 270 275 280 281 278 277 277 275 268 258 246 243 247 248 250 253 258 262 262 260 260 259 260 259 258 260 264 267 265 260 257 255 254 254 251 246 240 240 246 254 260 263 262 259 263 269 266 260 252 251 263 266 251 246 247 241 241 250 258 261 263 265 267 267 264 262 265 267 266
256 256 256 257 258 259 260 260 261 261 261 261 262 262 262 262 262 263 263 264 265 265 266 267 268 270 273 276 279 279 277 276 275 269 258 250 252 255 256 255 255 257 258 258 261 261 258 256 255 257 261 264 267 267 263 257 254 253 254 251 246 241 242 246 251 259 261 260 262 264 261 257 257 255 260 266 263 236 237 243 243 242 248 255 260 263 263 260 261 264 265 263 260 261
