windninja/windninja_output/Output_2025-10-23_1300-1350_Google earth_Fire_150m_10min/merlingen_7.5mi_point_10-23-2025_1330_150m_vel.asc
ncols	158
nrows	163
xllcorner	391686.332397
yllcorner	5160024.123721
cellsize	150.000000
NODATA_value	-32768.000000
[rows 111 to 147 of 163, columns 0 to 81 of 158]
5.97 6.88 8.45 9.35 9.60 9.64 9.61 9.84 10.10 10.17 10.79 11.29 10.24 10.02 11.50 11.71 8.32 4.65 6.49 10.88 14.51 14.74 10.24 7.28 7.08 7.95 9.47 11.63 16.80 21.78 21.13 17.34 15.52 18.58 23.43 21.67 17.41 14.95 11.71 8.34 7.91 9.23 9.62 8.34 7.65 7.22 6.29 5.47 5.17 5.03 5.04 5.28 5.95 7.29 8.22 8.18 8.53 10.02 10.83 9.80 9.16 10.29 11.19 10.76 10.36 10.72 10.43 8.98 7.79 7.29 7.48 9.19 11.13 11.45 11.40 11.57 11.33 11.08 10.93 10.50 10.09 10.04
6.02 6.89 8.24 9.05 9.34 9.32 9.41 9.67 9.91 9.81 10.46 12.02 11.31 10.11 11.55 12.04 7.94 3.49 4.97 9.69 14.28 16.34 12.22 6.81 6.68 8.70 8.99 9.63 12.61 18.52 22.04 19.98 16.97 19.84 24.33 22.55 18.16 14.19 9.74 8.06 7.85 8.41 9.49 9.49 8.13 6.92 5.87 5.28 5.12 4.96 4.71 4.44 4.89 6.55 7.87 7.83 7.93 9.34 10.69 10.24 9.22 9.57 10.58 10.80 10.56 10.87 11.19 10.24 8.62 7.60 7.63 8.94 10.60 11.35 11.63 11.91 11.59 11.12 11.39 11.46 10.95 10.46
6.36 6.91 7.83 8.63 9.15 9.10 8.99 9.25 9.60 9.53 10.10 12.31 12.33 10.43 11.52 12.33 7.92 2.67 3.49 7.60 12.49 16.76 15.16 8.31 7.12 10.09 10.22 10.16 10.52 13.20 19.06 21.82 20.99 22.80 25.39 22.14 16.85 12.52 8.94 7.62 6.88 7.73 10.20 10.79 8.33 6.11 5.34 5.14 5.04 4.93 4.58 3.98 4.11 5.70 7.26 7.55 7.47 8.46 10.16 10.47 9.55 9.16 10.10 10.82 10.33 10.55 11.23 11.07 10.23 8.79 8.19 9.11 10.25 10.86 11.61 12.26 11.97 11.26 11.31 11.84 12.20 11.28
6.14 6.77 7.70 8.38 9.01 9.15 8.90 8.78 8.74 9.03 9.98 12.06 12.21 10.68 11.96 13.08 8.62 2.44 1.64 5.17 9.61 15.13 16.74 12.10 10.36 11.55 11.48 10.76 10.77 11.03 13.75 20.02 24.14 26.15 25.49 20.25 15.39 12.44 9.33 7.08 6.56 8.45 11.11 11.34 8.29 5.78 5.39 5.30 5.02 4.85 4.56 3.98 3.64 4.66 6.47 7.28 7.18 7.69 9.27 10.30 9.79 8.96 9.71 11.01 10.39 10.00 10.75 11.18 11.09 10.18 9.26 9.69 10.44 10.40 11.11 12.44 12.55 11.79 11.03 11.50 12.93 12.37
5.22 6.36 7.86 8.41 8.80 9.00 9.06 8.71 8.28 8.80 10.33 11.57 10.80 10.22 12.80 14.56 9.92 2.95 0.83 3.07 6.90 11.46 15.08 15.52 14.07 12.44 11.29 10.97 12.47 11.03 10.40 16.42 24.29 28.20 25.61 19.71 14.98 12.08 9.58 7.27 7.30 9.87 11.49 10.96 8.66 6.57 5.68 5.00 4.70 4.62 4.41 4.06 3.48 3.62 5.51 6.86 7.04 7.22 8.33 9.77 9.70 8.91 9.43 10.87 10.72 9.70 10.13 10.97 11.26 10.82 10.22 10.42 11.10 10.86 10.54 11.83 12.98 12.64 11.25 10.95 12.89 13.13
4.16 5.79 7.66 8.34 8.61 8.58 8.71 8.82 9.01 9.80 11.33 10.78 8.65 8.82 13.09 16.20 11.21 3.14 1.17 2.13 5.25 8.32 11.19 14.66 15.76 14.03 11.26 11.25 14.16 11.83 8.98 13.18 21.48 27.96 26.60 19.98 14.68 10.84 9.57 8.82 8.99 10.82 10.94 10.27 9.16 6.76 4.87 4.06 4.22 4.33 4.17 3.98 3.50 2.99 4.27 6.17 6.96 7.01 7.65 9.04 9.27 8.81 9.35 10.58 10.76 9.66 9.73 10.65 11.15 11.05 10.72 10.86 11.78 12.29 11.25 11.15 12.34 13.16 12.12 11.03 12.55 13.45
3.45 5.19 7.21 8.11 8.52 8.31 7.91 8.37 9.76 11.35 12.30 9.91 6.65 7.10 12.92 17.30 12.35 3.77 2.18 3.11 4.72 7.08 8.95 11.63 14.44 15.15 12.57 12.14 15.46 12.68 9.13 10.91 16.69 25.08 26.40 19.92 13.86 9.68 9.59 10.62 10.58 10.60 9.99 9.88 9.37 6.63 4.49 4.10 4.34 4.46 4.21 3.80 3.40 2.68 2.94 5.30 6.79 6.97 7.31 8.37 8.71 8.44 9.16 10.42 10.57 9.61 9.57 10.34 10.84 11.00 10.87 10.89 11.78 13.15 13.35 12.17 11.56 12.57 12.91 12.05 12.78 13.51
3.07 4.48 6.68 7.96 8.40 8.10 7.44 8.00 9.87 11.64 12.88 10.09 5.74 6.13 11.65 17.40 15.13 6.26 3.67 4.41 4.98 6.51 8.11 9.63 11.63 13.63 12.84 13.25 15.41 14.12 11.38 11.15 14.41 22.62 24.63 20.53 15.10 10.06 10.39 11.57 10.62 9.83 9.50 9.64 9.28 7.36 5.24 4.66 4.59 4.44 3.99 3.30 3.05 2.51 2.08 4.30 6.38 6.94 7.16 7.95 8.34 7.99 8.64 10.00 10.23 9.62 9.52 10.14 10.67 10.92 10.79 10.62 11.16 12.76 14.48 14.26 12.32 12.06 12.88 12.95 13.52 13.55
2.75 3.83 6.10 8.00 8.30 7.72 7.60 8.39 10.01 10.93 12.44 11.34 6.19 5.87 9.79 15.81 17.51 10.36 4.95 4.87 5.39 6.21 7.67 9.40 10.98 11.96 12.10 12.78 14.42 14.98 15.22 15.05 17.70 22.12 22.19 20.47 17.42 12.65 11.84 11.79 10.56 9.92 9.77 9.86 9.48 8.14 6.04 4.93 4.39 3.80 3.20 2.52 2.51 2.34 1.66 3.30 5.79 6.85 7.08 7.76 8.24 7.84 8.16 9.15 9.34 9.40 9.37 9.70 10.62 11.15 10.78 10.25 10.41 11.60 13.82 15.29 14.45 13.10 13.13 13.44 13.86 13.63
2.35 3.30 5.62 8.15 8.49 7.49 8.07 9.19 10.37 10.09 11.03 12.23 7.68 5.53 8.10 13.82 18.17 14.36 6.96 5.08 5.53 6.27 7.67 9.55 11.17 12.01 12.34 12.69 14.32 16.56 18.21 18.10 18.92 20.23 19.91 19.39 17.54 15.28 12.84 11.11 11.26 11.22 11.10 10.81 9.96 8.56 6.89 5.38 4.06 3.22 2.64 1.99 1.99 2.12 1.46 2.35 5.16 6.68 6.97 7.64 8.28 7.77 7.94 8.54 8.29 8.87 8.97 8.43 9.60 11.10 10.98 10.12 9.89 10.44 12.10 14.34 15.62 15.20 14.50 14.29 14.05 13.70
1.82 2.88 5.21 7.71 8.63 8.05 8.98 10.47 11.07 9.45 9.77 13.09 9.53 5.15 6.75 12.14 17.88 16.59 9.54 5.61 5.36 6.40 7.82 9.59 11.55 12.44 12.50 13.22 16.46 19.67 19.87 19.18 19.07 18.63 19.27 18.67 16.59 16.18 12.50 9.74 10.60 11.76 12.90 12.01 10.61 9.33 7.93 5.98 3.75 2.84 2.24 1.63 1.52 1.84 1.36 1.56 4.73 6.48 6.82 7.58 8.13 7.48 7.62 8.28 8.19 9.09 9.41 7.80 7.74 9.82 10.61 10.18 9.94 9.81 10.25 11.94 14.48 16.23 16.47 15.85 14.95 14.21
1.25 2.67 4.85 6.41 7.86 8.70 10.07 11.92 12.47 9.71 9.39 13.97 11.12 5.13 5.36 9.52 16.53 17.93 11.40 6.82 5.69 6.70 7.95 9.46 11.83 12.50 12.69 14.64 19.32 21.86 19.66 19.02 19.17 17.40 18.62 18.45 15.74 16.07 12.92 8.99 8.70 10.62 13.79 13.70 11.55 10.24 8.77 6.12 3.90 2.87 2.17 1.53 1.00 1.54 1.26 1.12 4.19 6.21 6.69 7.48 7.68 7.21 7.52 8.06 8.46 10.09 10.87 8.91 7.47 7.87 9.12 9.72 10.00 9.72 9.16 9.54 11.54 14.60 16.82 17.40 16.83 15.72
1.02 2.63 4.61 5.09 6.21 7.99 9.63 11.96 13.93 11.99 10.96 15.28 12.26 4.87 4.47 7.59 13.51 17.96 14.77 9.82 7.96 7.65 8.14 9.65 11.71 12.48 12.84 16.07 22.56 23.33 18.34 17.62 18.20 16.34 17.64 18.18 15.00 15.29 14.51 9.36 7.30 8.72 12.51 15.03 13.51 11.26 9.23 6.23 4.05 3.01 2.54 1.79 0.33 1.28 0.97 0.68 3.49 5.90 6.52 6.93 7.18 7.26 7.67 7.96 8.38 10.28 11.69 10.84 8.63 7.12 7.54 8.87 9.50 9.46 8.84 8.23 8.76 11.23 14.40 16.65 17.94 17.94
1.29 2.77 4.39 4.37 5.15 7.13 8.52 10.43 13.57 13.43 14.00 16.53 11.22 4.72 4.50 6.76 10.28 15.21 17.09 14.26 11.33 9.83 9.09 10.04 11.40 12.08 13.40 19.41 26.74 23.00 15.38 15.71 17.16 15.81 16.62 17.78 14.79 13.97 14.62 10.56 7.24 7.07 9.52 14.43 15.79 13.06 10.02 6.87 4.08 3.19 2.93 2.09 0.46 1.14 0.96 0.67 2.98 5.64 6.63 6.10 6.39 7.53 7.92 7.97 8.67 10.15 11.28 11.83 10.91 7.96 7.09 8.36 9.01 8.81 8.59 7.87 7.38 8.57 11.15 13.38 15.82 18.62
1.53 2.95 4.22 4.05 4.70 6.49 7.78 9.16 12.13 12.99 15.03 17.82 12.61 5.65 5.18 6.56 8.17 10.64 14.55 16.89 16.80 13.98 11.48 10.99 12.38 13.95 18.58 27.31 26.87 18.00 11.72 13.87 16.59 15.22 15.23 17.27 15.05 13.00 13.84 11.56 7.90 6.26 7.06 11.99 16.24 15.22 11.55 7.51 4.38 3.44 3.14 2.32 1.14 1.28 1.38 1.22 2.97 5.59 7.14 6.19 6.07 7.56 8.00 8.04 9.02 10.22 10.69 11.43 11.98 10.55 8.47 8.74 9.28 8.75 8.39 7.88 7.26 7.43 8.81 10.42 11.92 16.06
1.49 2.92 4.27 3.92 4.35 5.88 7.33 8.77 10.62 11.73 14.02 18.28 16.41 8.64 7.15 7.09 6.92 7.92 10.51 14.54 17.74 18.77 15.45 13.87 17.91 22.65 25.08 25.57 19.24 11.63 9.45 12.26 15.95 14.68 14.16 16.46 15.40 12.76 12.41 11.45 8.74 6.29 6.01 9.36 14.97 16.45 13.18 8.49 5.07 3.73 3.33 2.47 1.59 1.69 1.81 1.61 2.70 5.23 7.25 6.93 6.63 7.53 7.87 8.07 9.14 10.21 10.53 10.87 11.64 11.79 11.12 10.70 10.32 9.41 8.74 8.22 7.63 7.32 7.88 8.89 9.84 12.68
1.29 2.81 4.39 3.87 3.99 5.32 7.14 8.91 9.57 10.23 11.89 16.23 18.05 14.60 11.63 8.41 6.23 7.24 9.60 12.43 16.66 20.49 19.98 18.32 20.23 22.74 20.99 15.83 11.76 9.05 8.19 10.67 14.72 14.52 13.99 15.51 15.30 13.27 11.35 10.71 9.31 6.93 6.12 7.57 12.63 16.45 14.20 9.22 5.86 4.23 3.64 2.84 2.00 2.11 2.17 1.93 2.46 4.83 6.97 7.24 7.15 7.58 7.79 8.18 9.17 10.06 10.38 10.59 11.07 11.53 12.31 12.79 12.00 10.63 9.69 9.06 7.98 7.60 8.13 8.39 8.95 10.87
1.18 2.69 4.41 3.97 3.77 4.94 6.99 8.79 9.06 8.90 9.50 12.52 16.35 17.79 16.44 10.84 7.54 8.69 11.86 18.71 21.83 21.07 20.06 17.96 17.92 17.91 15.24 11.83 9.28 7.93 8.00 9.85 12.73 13.52 14.08 15.22 15.15 13.47 11.03 10.30 9.56 8.02 7.11 7.22 10.39 15.32 14.87 9.65 6.42 5.00 3.96 3.13 2.52 2.59 2.52 2.27 2.58 4.63 6.73 7.24 7.35 7.64 7.87 8.40 9.21 9.92 10.18 10.39 10.80 11.17 12.26 13.85 13.92 12.22 10.85 10.17 8.81 8.23 8.70 8.88 9.17 9.90
1.19 2.57 4.41 4.18 3.79 5.00 6.77 8.35 8.65 8.13 8.06 9.50 12.23 15.58 17.64 16.76 12.56 12.97 19.82 25.81 22.26 16.97 16.72 16.85 17.50 17.72 15.01 11.04 8.51 7.92 8.44 9.09 10.04 11.01 13.02 15.70 15.93 13.28 11.10 10.59 10.00 9.15 8.42 8.11 9.32 12.93 14.11 10.38 7.34 5.99 4.50 3.50 2.97 3.01 2.80 2.51 2.90 4.72 6.59 7.23 7.38 7.63 8.00 8.55 9.25 9.84 10.03 10.22 10.57 11.02 12.02 13.83 15.07 14.21 12.42 11.63 10.36 8.80 8.83 9.55 9.91 9.86
1.17 2.51 4.51 4.43 3.94 5.34 7.06 8.08 8.33 7.89 7.70 7.92 8.89 11.10 14.47 18.16 19.74 22.23 25.74 23.41 15.82 12.72 13.57 16.01 18.63 18.89 14.87 10.43 9.08 8.74 8.59 8.08 7.71 8.39 10.23 14.26 16.93 14.87 11.82 11.11 10.71 10.07 9.78 9.49 9.47 10.33 11.59 9.94 8.28 6.84 5.02 4.07 3.48 3.29 2.94 2.59 3.04 4.79 6.55 7.29 7.37 7.55 8.05 8.62 9.22 9.73 9.98 10.08 10.29 10.82 11.87 13.47 14.99 15.44 14.63 13.73 12.18 9.70 9.33 10.14 10.34 10.21
1.19 2.37 4.45 4.83 4.37 5.66 7.14 8.09 8.68 8.26 7.65 7.32 7.59 9.25 11.88 16.08 23.70 28.31 24.82 16.36 12.78 11.99 12.13 13.79 18.37 19.79 13.68 10.57 10.17 9.11 8.48 7.90 7.10 6.75 7.91 11.00 15.29 16.57 14.00 12.08 11.70 11.06 10.81 10.57 9.52 8.17 7.60 7.93 8.38 7.25 5.28 4.50 4.01 3.56 3.15 2.79 3.05 4.70 6.46 7.31 7.49 7.59 7.87 8.58 9.11 9.55 9.98 9.97 10.01 10.45 11.66 13.24 14.30 15.46 16.02 15.89 14.38 11.09 9.99 10.91 11.33 10.63
1.35 2.27 3.98 5.02 5.34 5.98 6.49 7.59 9.33 9.10 7.61 7.07 7.38 8.87 11.87 15.85 25.49 30.26 22.45 14.75 12.91 11.99 11.75 12.64 16.59 19.63 15.65 11.46 10.81 9.27 8.22 7.63 6.61 6.05 7.10 9.11 12.06 15.25 15.28 14.19 13.46 12.07 11.33 11.02 9.10 5.86 4.31 5.43 7.35 7.07 5.35 4.69 4.25 3.77 3.44 3.17 3.32 4.72 6.41 7.23 7.65 8.01 7.72 8.27 9.03 9.34 9.86 9.89 9.69 10.04 11.34 12.78 13.62 15.19 16.44 17.05 16.75 12.95 10.51 11.85 12.33 10.62
1.54 2.35 3.64 4.86 6.27 6.43 5.81 6.47 9.02 10.28 8.62 7.31 7.66 9.83 12.73 17.95 27.49 29.44 23.25 16.41 13.67 12.39 12.05 12.39 13.99 17.14 17.27 13.73 11.33 9.58 8.28 7.49 6.36 6.45 7.46 8.68 10.49 12.63 13.85 15.31 15.45 13.10 11.74 11.28 8.70 5.05 3.50 3.92 5.78 6.29 5.32 4.63 4.27 3.93 3.69 3.54 3.72 4.91 6.42 7.25 7.96 8.46 7.95 8.14 9.02 9.31 9.78 9.90 9.39 9.66 10.92 12.08 12.80 14.46 16.61 18.24 18.62 14.62 11.22 12.42 12.94 10.44
1.76 2.65 3.68 4.82 6.56 6.64 5.77 6.06 7.42 9.93 10.27 8.19 8.90 11.75 16.69 25.45 29.42 26.96 22.11 18.29 14.73 12.00 11.43 11.11 10.38 12.40 16.43 16.70 13.31 10.41 8.82 8.00 7.24 7.37 7.87 8.29 9.41 10.41 12.10 15.22 16.37 14.15 12.37 11.20 8.15 5.95 4.42 3.65 4.71 5.74 5.44 4.71 4.28 4.03 3.83 3.75 4.05 5.16 6.35 7.19 8.15 8.52 8.22 8.33 9.04 9.55 9.88 10.19 9.77 9.38 10.12 11.31 12.06 12.97 15.84 19.27 20.35 16.70 12.39 12.54 13.06 10.86
1.87 2.96 4.01 4.96 6.39 6.72 6.26 6.50 6.86 8.60 10.31 9.56 9.86 14.65 25.20 30.38 27.31 23.11 20.20 18.73 16.21 11.46 9.98 9.32 8.10 8.91 12.94 16.93 16.40 12.50 9.56 8.60 8.32 8.00 7.95 8.08 8.10 8.62 11.53 15.32 15.97 14.44 12.96 10.32 7.99 7.00 5.62 4.32 4.61 5.55 5.60 5.06 4.52 4.19 3.92 3.79 4.25 5.44 6.39 7.16 8.03 8.32 8.32 8.52 9.04 9.76 10.02 10.62 11.14 10.10 9.42 10.24 11.13 11.59 14.12 18.53 21.16 19.58 14.43 12.94 12.66 10.74
1.43 3.06 4.61 5.03 6.23 6.73 6.69 6.83 7.08 8.26 9.52 10.17 10.33 17.27 29.85 29.26 22.53 20.63 18.74 18.01 16.40 12.13 9.54 8.79 7.85 7.88 10.22 14.74 17.36 15.23 11.05 9.24 9.13 8.53 8.26 8.25 7.43 7.55 11.59 15.63 14.79 13.76 12.80 9.23 7.80 7.43 6.35 4.94 4.75 5.37 5.51 5.21 4.79 4.40 4.07 3.86 4.36 5.68 6.52 7.20 7.85 8.10 8.35 8.55 8.99 9.83 10.17 10.99 12.67 12.06 10.02 9.40 9.92 10.18 11.93 16.35 20.43 21.17 18.23 14.57 12.45 10.51
0.78 2.58 4.79 5.41 6.47 6.97 6.66 6.68 7.33 8.45 9.30 10.50 11.36 20.30 30.89 26.93 21.02 19.12 16.86 16.54 15.82 12.75 10.22 9.29 8.02 7.59 8.90 12.80 16.48 16.17 12.62 10.46 10.01 9.44 8.98 8.26 7.17 6.97 11.36 15.63 13.85 12.04 11.07 8.84 7.70 7.47 6.64 5.33 5.01 5.36 5.42 5.22 4.92 4.56 4.19 3.99 4.56 5.91 6.52 7.02 7.61 7.95 8.38 8.47 8.82 9.75 10.43 11.37 13.44 14.22 11.93 9.83 9.65 9.57 9.37 12.57 17.93 20.63 20.52 18.74 14.52 10.84
1.01 2.13 3.98 5.52 7.13 7.35 6.50 6.41 7.28 8.62 10.05 11.64 14.64 26.36 31.37 25.00 19.72 16.97 14.60 15.28 15.68 13.28 11.13 9.99 8.39 7.79 8.69 11.78 14.63 14.62 13.47 12.63 11.46 10.41 9.89 8.33 6.69 6.96 10.85 15.04 13.11 9.66 8.92 8.22 7.56 7.61 7.03 5.81 5.38 5.49 5.48 5.32 5.03 4.71 4.34 4.17 4.86 5.94 6.38 6.79 7.27 7.75 8.30 8.36 8.70 9.64 10.69 11.95 13.65 15.20 14.59 11.91 10.46 9.88 9.03 9.51 14.01 17.89 19.49 20.96 18.92 12.65
1.75 2.25 3.10 4.93 7.20 7.76 6.99 6.87 7.54 8.73 10.81 14.19 22.79 31.81 29.52 21.04 17.47 15.60 14.10 15.08 15.95 14.04 11.84 10.29 8.96 8.54 9.20 10.87 12.36 11.78 11.65 13.67 13.61 11.36 10.78 8.80 6.83 7.80 10.66 13.34 11.24 8.12 7.72 7.33 7.10 7.46 7.18 6.25 5.77 5.67 5.57 5.46 5.17 4.96 4.79 4.66 5.14 5.78 6.24 6.65 6.94 7.51 7.92 7.96 8.67 9.83 10.94 12.47 13.87 15.20 16.18 15.11 12.20 10.35 9.48 9.07 10.87 14.63 16.55 19.75 20.85 17.06
2.12 2.49 3.36 4.69 5.87 7.19 8.17 8.16 8.16 10.10 12.34 18.06 30.64 32.01 22.05 16.54 15.84 14.69 13.23 14.95 16.69 14.99 12.38 10.66 9.68 9.56 9.76 10.08 10.61 9.79 9.45 12.62 14.29 13.19 12.34 9.90 7.63 8.22 9.33 9.99 8.79 7.68 7.45 6.82 6.64 7.04 6.95 6.42 6.10 5.95 5.78 5.52 5.07 5.03 5.32 5.26 5.23 5.57 6.15 6.53 6.78 7.36 7.34 7.15 8.24 10.05 11.42 12.84 14.04 15.30 16.76 17.10 14.55 11.28 10.08 8.85 8.92 12.20 14.53 17.37 20.66 19.85
1.60 2.99 4.60 4.74 4.68 5.82 8.36 9.00 9.55 13.21 16.15 25.62 33.13 25.05 15.52 14.44 14.35 13.96 12.70 13.99 16.34 15.97 13.66 11.67 10.60 10.34 10.08 9.56 9.45 8.93 8.91 10.86 12.78 14.08 14.18 11.22 8.16 7.63 7.00 6.43 6.96 7.36 7.30 6.72 6.46 6.65 6.67 6.49 6.34 6.24 6.14 5.94 5.29 4.97 5.48 5.45 5.22 5.48 6.06 6.47 6.80 7.20 6.84 6.24 7.16 9.38 11.39 12.82 14.11 15.78 16.95 17.78 17.10 13.97 10.89 7.89 7.32 10.79 14.08 16.71 20.68 20.85
0.66 3.29 5.82 5.07 4.86 6.06 7.64 8.80 11.34 14.96 20.59 31.69 31.56 17.27 13.20 13.53 13.63 14.49 14.14 13.82 14.43 14.95 14.53 13.65 12.22 10.97 9.96 8.86 8.65 8.82 9.11 9.93 11.19 13.40 14.97 12.58 8.58 6.82 5.64 5.07 6.20 7.24 7.30 6.95 6.64 6.55 6.56 6.56 6.57 6.55 6.53 6.85 6.67 5.60 5.25 4.96 4.91 5.44 5.84 6.38 6.91 7.00 6.50 5.80 6.29 8.15 10.11 11.63 13.45 15.71 16.98 17.73 19.04 17.48 11.06 6.39 6.31 10.34 14.85 18.35 20.19 19.84
0.18 2.91 6.30 6.28 5.84 6.68 7.91 9.24 12.07 14.50 23.67 31.42 24.74 15.06 13.35 13.26 13.84 15.66 15.61 13.15 12.28 12.97 13.96 14.61 13.58 11.92 10.51 9.27 8.73 9.21 9.74 10.43 10.56 11.62 14.48 13.36 8.98 6.45 5.51 5.35 6.12 7.13 7.36 7.18 6.93 6.74 6.67 6.69 6.76 6.83 6.97 7.83 8.34 7.23 5.60 4.09 4.27 5.34 5.65 6.19 6.83 6.90 6.55 6.06 6.42 7.82 9.10 10.13 11.50 13.92 16.10 17.68 20.23 19.45 12.17 5.96 6.27 9.68 15.86 19.46 17.62 17.61
0.82 2.59 5.70 7.25 7.05 7.41 8.77 10.40 12.49 13.54 21.67 31.51 24.51 15.46 13.93 13.20 14.27 16.54 15.39 11.56 11.22 12.18 13.24 14.26 13.56 11.81 10.70 10.59 10.02 9.61 10.07 10.80 9.89 9.91 13.12 12.39 8.61 6.45 5.67 5.76 6.22 6.92 7.23 7.22 7.07 6.93 6.86 6.90 6.95 7.19 7.76 8.74 9.53 8.92 6.24 3.65 3.82 4.97 5.59 6.22 6.63 6.71 6.78 6.59 6.66 8.07 9.51 9.95 10.28 11.30 13.60 17.14 20.92 20.65 14.32 7.96 6.63 8.93 16.36 19.59 15.88 17.04
2.11 3.29 4.97 6.60 7.88 8.98 10.45 11.83 13.38 13.58 18.36 31.42 28.90 16.45 13.55 12.81 14.41 16.26 13.50 11.14 11.52 12.19 12.99 13.25 12.42 11.28 10.61 11.10 10.91 10.04 10.26 10.48 8.89 8.62 10.74 10.21 7.95 6.30 5.71 5.95 6.41 6.87 7.16 7.25 7.19 7.09 7.00 7.01 7.18 7.79 8.80 9.74 10.56 9.88 6.93 4.25 3.94 4.46 5.68 6.77 6.55 6.27 6.72 6.84 6.86 8.46 10.10 9.95 9.94 10.70 11.54 14.85 20.47 21.18 15.70 10.33 7.98 8.92 15.80 19.21 17.19 18.42
4.54 4.81 5.20 5.58 7.34 9.83 11.87 13.84 15.14 14.28 19.57 31.32 27.91 15.63 12.42 12.37 14.01 14.86 12.62 11.74 12.16 12.31 12.78 12.29 11.58 11.59 11.21 11.02 10.82 9.89 10.22 10.61 8.48 7.01 7.72 8.47 7.38 6.20 5.66 5.86 6.42 6.84 7.16 7.39 7.39 7.21 7.14 7.15 7.58 8.49 9.54 10.78 11.65 10.48 8.07 5.92 4.71 4.83 6.32 7.27 6.45 5.84 6.30 6.73 7.25 8.87 10.20 9.98 10.07 10.98 11.48 13.20 18.27 20.83 16.66 11.98 10.46 10.80 13.52 17.50 19.50 18.45
7.50 6.47 5.55 5.79 7.15 9.19 11.40 15.34 17.45 18.51 26.76 30.66 21.82 13.13 11.36 11.78 13.51 13.39 11.97 12.13 12.73 12.66 12.44 12.02 11.71 12.09 11.53 10.90 10.75 9.30 8.94 10.53 9.09 6.22 6.34 7.53 7.17 6.28 5.81 5.84 6.33 6.80 7.09 7.48 7.68 7.44 7.28 7.52 8.34 9.09 10.02 11.83 12.83 11.25 9.23 7.47 5.94 6.00 6.66 7.17 6.30 5.62 6.09 6.75 7.65 8.90 9.94 10.22 10.51 11.22 12.02 13.08 16.19 19.12 16.47 12.93 13.30 13.84 12.50 15.12 19.28 16.28
