windninja/windninja_output/Output_2025-10-23_1300-1350_Google earth_Fire_150m_10min/merlingen_7.5mi_point_10-23-2025_1300_150m_ang.asc
ncols	158
nrows	163
xllcorner	391686.332397
yllcorner	5160024.123721
cellsize	150.000000
NODATA_value	-32768.000000
[rows 42 to 83 of 163, columns 0 to 93 of 158]
307 305 301 297 293 291 289 287 284 283 282 280 279 277 276 275 274 273 272 272 271 270 270 270 269 270 271 272 274 274 271 267 264 259 251 244 243 248 250 248 246 244 242 243 244 241 238 236 237 242 248 248 242 239 242 243 239 237 240 242 239 236 236 235 235 239 242 241 238 233 229 230 231 225 228 231 213 195 200 216 224 227 231 236 239 236 228 226 231 236 240 242 243 246
308 306 302 298 295 292 289 287 284 283 281 280 278 277 276 274 273 272 272 271 271 270 270 269 269 269 269 271 272 272 269 266 263 260 256 252 252 254 252 249 247 246 246 248 245 239 237 239 242 248 252 248 239 235 239 241 238 237 239 242 243 243 243 240 238 240 239 237 231 222 219 223 223 220 223 222 207 196 202 216 224 228 235 240 239 231 226 228 233 237 240 241 245 248
308 307 302 298 295 292 289 287 285 283 281 280 278 277 275 274 273 272 272 271 270 270 269 269 268 268 269 270 270 269 268 266 264 262 261 262 264 261 255 250 248 249 251 250 242 236 238 242 246 250 249 243 235 231 234 236 236 236 239 243 244 246 247 247 247 245 241 236 227 219 218 221 222 220 221 217 205 199 206 219 227 232 238 241 236 229 227 232 236 239 242 244 251 253
309 307 303 299 296 292 289 287 285 283 281 280 278 277 275 274 273 273 272 271 270 269 268 268 268 268 268 268 267 267 267 266 265 264 264 268 269 264 258 254 252 253 253 248 238 235 240 246 251 250 245 240 234 231 233 236 236 238 242 244 245 246 247 249 251 249 243 236 227 223 226 227 227 226 223 218 206 201 210 220 228 235 241 240 234 230 230 234 237 240 243 248 255 253
310 308 303 299 295 292 289 287 285 283 281 280 278 277 276 275 274 273 271 270 270 269 268 268 268 268 267 266 266 266 266 266 265 265 266 268 268 267 263 259 257 256 253 245 236 239 245 250 251 247 241 237 233 232 235 236 238 242 247 247 245 245 247 249 249 247 242 236 229 228 232 232 232 230 225 218 208 204 212 223 232 238 242 240 235 232 234 235 236 239 243 250 254 250
310 307 303 299 294 290 289 288 286 284 282 280 278 277 276 275 273 272 271 270 269 268 268 267 267 267 266 265 265 265 265 265 265 266 267 267 267 268 266 263 261 258 252 242 237 244 252 253 249 241 237 233 231 233 234 235 240 245 249 250 246 247 249 250 249 246 241 236 230 229 232 233 234 231 225 219 212 210 219 230 238 242 242 239 236 234 235 236 236 239 243 248 249 245
308 306 302 298 292 288 289 289 287 284 282 280 278 277 275 274 273 272 271 270 269 268 268 267 266 266 265 265 265 264 264 264 265 265 267 268 268 267 267 266 264 260 252 243 242 249 253 251 243 236 231 231 233 236 236 238 244 248 250 247 245 248 249 250 250 247 241 235 231 230 232 233 233 230 225 220 217 218 225 234 239 240 240 237 233 233 234 234 236 239 241 243 244 241
306 305 302 297 291 287 287 289 288 285 283 280 279 277 275 274 273 272 271 270 269 268 268 267 266 266 265 264 264 264 264 264 264 264 265 267 267 267 267 267 265 261 255 250 251 254 252 246 239 231 227 230 235 237 237 241 247 251 249 243 241 245 248 250 250 246 240 235 232 231 232 232 231 228 224 221 219 219 225 231 235 237 236 234 232 232 232 232 235 237 238 240 240 239
304 304 302 297 291 288 286 287 288 286 283 281 279 278 276 274 273 272 271 270 269 268 267 267 266 265 264 264 263 263 263 263 263 263 264 266 267 267 266 265 263 261 258 256 257 256 251 243 237 231 229 235 238 237 238 244 250 250 245 240 240 244 248 251 250 244 239 234 233 232 232 232 230 226 224 221 219 220 224 230 234 235 235 233 233 233 232 234 236 237 236 237 238 238
301 303 303 298 292 289 286 285 287 287 285 281 279 278 276 274 273 272 271 270 269 268 267 266 266 265 264 263 263 263 263 262 262 262 263 265 267 267 266 264 262 262 262 260 259 256 249 239 235 233 235 241 242 241 244 250 251 246 240 237 239 243 250 254 250 242 236 232 231 232 232 231 228 226 225 224 222 221 225 230 232 235 236 236 235 235 236 237 238 238 236 236 237 237
298 301 304 298 292 290 286 283 284 287 286 282 279 277 276 274 273 271 271 270 269 268 267 266 265 264 263 263 263 262 262 262 261 262 262 263 264 266 266 264 263 263 264 262 259 254 246 234 232 233 235 238 240 243 250 254 250 242 237 236 238 243 252 254 248 239 233 229 229 230 230 228 226 225 226 226 225 225 228 231 231 233 237 239 241 241 241 240 240 238 236 236 235 236
295 299 304 300 293 290 287 282 281 283 284 282 279 277 276 274 273 271 270 269 268 267 267 266 265 264 263 263 262 262 261 261 261 261 261 262 262 264 265 265 264 264 263 262 258 252 242 232 233 235 235 237 239 244 251 253 246 238 235 236 239 245 253 252 244 234 228 225 227 228 227 224 223 224 227 227 226 228 233 234 232 233 235 236 239 243 244 242 240 238 237 236 233 233
294 295 301 302 294 290 288 282 277 278 282 282 280 278 276 274 273 271 270 269 268 267 267 266 265 264 263 262 262 261 261 261 260 260 260 261 261 262 263 265 266 265 262 260 257 252 243 236 239 238 236 239 242 247 251 250 240 233 234 237 240 246 252 250 240 229 222 219 222 224 222 221 223 226 228 228 226 230 235 235 232 233 233 232 233 237 241 242 239 237 236 236 234 233
294 291 293 297 292 288 286 281 275 274 278 281 280 279 277 274 273 272 270 269 268 267 266 265 264 264 263 262 262 261 260 260 260 260 260 260 260 260 261 263 266 266 262 259 259 256 250 245 244 239 236 241 244 247 251 246 234 231 234 238 241 246 249 246 236 225 218 215 219 222 221 222 225 228 228 227 226 230 234 232 231 232 232 230 230 231 232 233 235 237 239 239 238 240
292 290 286 287 287 285 285 283 277 273 274 278 279 279 278 275 273 272 271 269 268 267 266 265 264 263 263 262 261 261 260 260 259 259 259 259 259 259 260 261 262 263 261 260 259 259 258 253 248 240 237 243 245 248 251 243 230 230 236 240 244 246 246 242 234 224 217 216 221 223 222 224 226 226 226 225 226 230 232 230 230 231 232 231 230 229 227 227 229 234 242 247 248 249
290 288 285 283 283 283 283 285 282 277 274 274 275 277 278 276 274 272 271 269 268 267 265 265 264 263 262 262 261 260 260 259 259 259 258 258 258 258 258 259 259 259 260 260 260 261 262 260 254 245 241 246 247 251 250 240 228 231 237 242 245 246 245 241 233 223 216 216 220 222 223 225 225 225 225 223 225 229 228 227 227 229 231 232 232 233 231 229 228 232 240 248 252 253
286 286 284 282 281 279 280 283 285 281 277 272 270 271 276 278 276 273 271 270 268 267 266 265 264 263 262 261 261 260 259 259 258 258 258 257 257 257 257 257 257 257 258 259 260 260 262 264 263 256 248 249 251 252 249 238 229 235 242 244 244 244 243 239 232 223 215 213 215 219 222 224 225 225 224 223 225 227 225 223 224 226 229 231 233 234 234 233 233 235 244 250 250 253
284 283 282 280 279 278 277 279 282 282 278 273 268 267 271 275 276 274 272 270 268 267 266 265 264 263 262 261 260 260 259 259 258 258 257 257 257 256 256 256 256 256 257 257 258 258 260 262 265 266 260 256 255 253 248 238 234 242 246 246 244 243 241 238 232 224 215 209 211 220 223 224 225 225 223 223 226 226 224 223 223 226 228 228 229 231 233 235 238 245 253 253 251 251
280 280 279 278 277 277 276 277 278 279 279 277 273 268 267 269 273 275 274 271 269 267 266 264 263 262 262 261 260 260 259 258 258 257 257 256 256 256 255 255 255 255 255 256 256 256 257 259 262 268 272 267 260 255 248 239 239 247 249 247 245 243 241 238 233 226 217 208 213 223 225 224 226 225 223 223 226 225 224 224 225 227 228 228 228 230 233 237 245 254 255 251 247 242
278 278 277 276 275 275 275 275 276 277 279 280 278 272 266 264 266 271 273 273 270 268 266 264 263 262 262 261 260 259 259 258 257 257 256 256 255 255 255 255 255 254 254 254 255 255 256 257 260 265 272 273 266 259 249 243 246 251 250 248 246 243 242 239 233 227 218 210 218 225 225 225 227 226 223 224 225 224 223 223 225 227 230 230 231 233 237 244 251 256 252 246 240 233
277 277 276 275 275 274 274 275 275 276 277 280 280 276 269 263 262 264 268 271 271 269 267 264 263 262 262 261 260 259 259 258 257 257 256 255 255 255 254 254 254 254 254 253 254 254 255 256 258 261 267 271 269 262 252 248 252 253 251 248 246 243 241 238 233 228 218 213 221 225 225 226 227 225 223 223 224 223 222 223 225 227 230 232 235 239 247 254 256 253 246 241 235 230
275 275 275 275 275 275 274 274 273 273 275 277 279 277 273 267 262 261 262 266 269 269 267 265 263 262 261 261 260 259 258 258 257 256 256 255 255 254 254 253 253 253 253 253 253 253 254 255 256 258 262 267 267 263 254 250 253 253 251 248 244 241 239 237 236 232 222 220 224 224 224 226 227 224 221 221 222 221 220 221 224 226 228 233 236 243 253 258 257 249 239 235 232 230
272 273 274 274 275 276 275 273 272 271 272 275 278 278 276 272 265 260 259 260 264 266 267 266 264 262 261 261 260 259 259 258 257 256 255 255 254 254 253 253 253 252 252 252 252 253 253 254 254 256 259 264 266 264 258 253 253 251 250 248 243 238 237 240 244 239 229 226 226 224 224 226 227 223 219 219 219 218 216 218 221 224 228 233 238 248 254 254 250 239 233 231 229 229
269 269 270 272 274 274 274 272 271 271 271 273 277 278 275 273 270 263 258 257 258 260 263 265 265 263 262 260 259 259 258 257 257 256 255 255 254 253 253 252 252 252 252 252 252 252 252 252 253 255 257 261 265 265 263 261 256 251 249 247 241 234 236 240 240 235 229 226 224 224 224 227 227 223 218 217 217 215 213 217 222 226 230 235 242 251 252 247 238 230 228 228 228 229
262 261 264 268 271 273 272 270 269 270 272 273 274 277 276 273 271 267 262 258 255 255 257 260 263 264 262 260 259 259 258 257 256 256 255 254 254 253 253 252 252 251 251 251 251 251 251 252 252 253 255 258 261 264 266 269 265 256 250 245 236 228 233 236 234 230 227 224 224 225 225 228 228 222 217 215 214 213 212 217 223 227 230 234 241 247 246 239 230 227 225 225 227 228
250 251 254 258 265 270 271 267 266 268 272 272 270 272 275 272 269 269 266 262 256 252 252 255 257 260 261 261 261 260 258 257 257 256 255 254 253 253 252 252 251 251 251 250 250 250 251 251 251 252 253 255 257 260 264 269 271 265 256 248 236 230 236 238 235 231 227 225 225 227 227 229 228 222 216 214 212 211 210 215 220 225 231 234 242 247 242 232 228 226 223 224 226 228
244 250 252 252 257 262 263 259 260 265 268 268 268 267 268 270 269 269 268 265 260 255 253 252 251 252 255 259 262 262 260 259 257 256 255 254 253 253 252 251 251 251 250 250 250 250 250 250 250 251 252 253 254 256 259 263 267 267 263 255 246 244 247 245 239 233 229 226 226 226 227 229 230 224 217 215 213 210 209 215 221 229 235 239 249 251 240 228 226 224 223 224 227 229
259 265 264 260 259 257 253 251 256 260 262 260 259 259 259 261 263 265 267 265 262 259 257 254 249 245 249 256 260 262 262 261 259 257 255 254 253 252 252 251 251 250 250 250 249 249 249 249 250 250 250 251 252 253 255 257 259 261 261 258 255 256 257 254 247 240 234 230 227 226 226 229 230 223 216 217 215 212 211 218 228 236 240 244 256 253 236 226 225 223 222 223 226 228
265 272 278 277 271 264 258 258 262 262 259 254 252 251 251 253 254 257 260 262 262 261 259 258 250 243 247 252 255 258 260 261 260 258 256 254 253 252 252 251 250 250 249 249 249 249 249 249 249 249 249 250 250 251 252 253 254 254 255 255 255 258 261 262 258 254 247 241 235 229 227 230 229 221 217 218 218 215 214 222 233 239 243 251 257 250 232 226 224 222 221 222 224 225
263 269 278 281 278 273 271 275 275 268 261 258 257 255 253 252 252 252 253 255 257 259 259 258 251 245 247 248 249 252 255 258 260 260 257 255 254 252 251 251 250 250 249 249 248 248 248 248 248 248 248 249 249 249 250 250 251 251 251 251 252 254 256 259 261 262 262 257 249 240 234 235 232 222 218 220 220 217 217 226 236 242 248 257 255 239 226 223 223 223 222 223 224 223
262 267 275 278 278 276 277 281 280 272 265 264 264 262 260 258 257 255 253 251 251 254 256 255 252 249 249 248 247 247 249 251 255 258 258 257 255 253 251 251 250 249 249 248 248 248 248 248 248 248 248 248 248 248 248 249 249 249 249 249 249 250 251 252 254 257 260 261 258 256 253 249 240 228 224 224 224 221 219 227 237 245 254 258 249 229 220 222 224 225 224 225 227 227
263 267 274 277 278 279 279 281 279 273 268 266 266 265 264 263 262 260 258 254 252 252 252 252 251 250 251 250 247 246 246 247 250 253 256 256 255 253 252 251 250 249 248 248 248 247 247 247 247 247 247 247 247 247 247 247 247 247 247 247 247 248 248 249 250 250 252 253 255 260 265 264 253 239 232 231 230 226 221 228 239 250 257 253 238 224 220 222 226 226 223 225 229 234
263 268 275 280 281 281 281 280 278 275 272 269 267 266 265 264 263 262 261 259 257 255 253 251 250 249 250 250 248 247 246 245 247 249 250 252 253 252 252 251 249 249 248 248 247 247 247 247 247 247 246 246 246 246 246 246 246 246 246 246 246 246 246 247 247 247 247 248 250 254 257 259 256 246 239 236 232 227 223 229 243 253 254 244 229 222 221 223 227 226 225 223 224 237
263 267 274 281 284 284 284 282 279 277 275 273 270 268 267 266 264 263 261 260 259 258 255 253 252 250 251 251 249 247 246 245 246 247 248 249 250 251 251 251 249 248 248 247 247 247 247 246 246 246 246 246 246 246 245 245 245 245 245 245 245 245 245 245 245 245 245 246 247 248 248 248 248 247 244 241 233 225 223 233 248 252 247 235 225 220 222 225 227 230 233 229 230 244
262 265 272 281 287 289 289 287 284 281 278 276 273 271 270 268 266 264 262 260 259 258 256 254 252 251 252 253 251 248 246 246 246 247 248 249 250 251 251 250 249 248 247 247 247 247 246 246 246 246 246 246 245 245 245 245 244 244 244 244 244 244 244 244 244 244 244 244 245 245 244 244 244 246 247 245 236 225 225 241 251 250 241 232 227 225 228 229 232 239 245 246 251 252
262 264 268 276 286 292 293 292 289 287 283 279 276 273 272 270 268 266 263 261 259 258 256 255 251 248 252 255 255 251 247 246 246 246 247 248 249 250 250 250 248 247 247 247 246 246 246 246 246 246 246 245 245 245 244 244 244 244 243 243 243 243 243 243 243 243 243 243 243 243 242 242 243 244 245 245 240 229 232 248 251 244 237 233 232 236 239 238 239 243 245 247 250 249
264 262 259 268 283 292 296 297 296 294 289 283 278 275 272 271 269 267 264 261 259 258 257 255 249 246 251 254 255 252 248 245 244 244 245 245 246 247 249 250 248 247 247 246 246 246 246 246 246 246 246 246 245 244 244 244 243 243 243 242 242 242 242 242 242 242 242 242 242 241 241 241 241 242 242 242 239 233 240 250 247 236 231 231 230 232 234 234 238 240 242 243 245 244
260 256 250 256 272 287 297 301 300 300 295 285 279 275 272 271 270 268 265 262 260 259 258 255 249 247 249 251 251 250 247 246 244 244 245 244 242 242 245 248 249 248 247 247 247 247 247 247 247 247 247 246 245 244 244 243 243 242 242 242 242 241 241 241 241 241 241 241 241 241 240 240 240 240 239 238 237 236 242 248 241 229 225 224 224 224 227 234 240 242 242 242 243 240
252 249 247 253 263 277 294 300 300 301 296 285 278 274 272 271 269 267 265 263 261 259 258 255 250 249 250 249 248 247 247 247 245 242 242 242 241 240 242 244 245 246 248 249 249 249 249 249 250 250 249 247 246 244 243 243 242 242 242 241 241 241 241 241 240 240 240 240 240 240 240 239 239 239 238 237 236 235 239 241 231 222 221 220 221 224 233 242 244 244 243 243 242 239
249 252 256 262 271 275 275 280 286 288 287 280 275 272 272 271 269 267 266 264 262 260 258 255 251 251 253 251 248 247 247 248 245 243 241 239 238 239 240 240 239 241 245 248 250 252 252 252 254 256 254 250 247 244 243 242 242 242 241 241 241 240 240 240 240 240 240 240 239 239 239 238 238 238 237 236 235 233 232 227 216 215 219 220 222 231 244 247 245 243 242 241 240 237
260 263 267 275 277 269 256 253 259 264 268 270 270 270 269 268 267 267 266 265 263 261 259 256 251 252 254 252 249 248 248 249 249 248 245 241 239 238 239 239 236 235 237 240 243 245 246 246 248 251 252 251 248 245 243 242 241 241 241 241 240 240 240 240 240 239 239 239 239 239 238 238 237 237 237 236 234 232 227 218 205 207 216 222 229 243 248 247 245 243 241 239 238 235
262 264 267 270 266 257 250 246 246 249 255 263 266 267 267 267 266 267 267 267 266 264 260 257 253 252 252 250 248 248 247 248 248 249 249 247 244 242 241 239 237 234 233 234 234 235 235 236 238 238 238 240 242 242 241 241 241 241 241 240 240 240 240 239 239 239 239 239 239 238 238 238 237 237 236 236 234 232 227 218 199 199 211 221 238 250 251 248 245 244 242 240 238 236
