windninja/windninja_output/Output_2025-10-23_1300-1350_Google earth_Fire_150m_10min/merlingen_7.5mi_point_10-23-2025_1340_150m_vel.asc
ncols	158
nrows	163
xllcorner	391686.332397
yllcorner	5160024.123721
cellsize	150.000000
NODATA_value	-32768.000000
[rows 111 to 147 of 163, columns 0 to 81 of 158]
5.47 6.34 7.86 8.73 8.97 9.02 9.00 9.23 9.47 9.55 10.15 10.63 9.65 9.46 10.88 11.10 7.87 4.36 6.13 10.32 13.80 14.05 9.78 6.95 6.77 7.62 9.09 11.16 16.14 20.96 20.36 16.73 14.99 17.99 22.75 21.12 17.04 14.68 11.54 8.23 7.81 9.10 9.48 8.25 7.58 7.17 6.25 5.44 5.13 4.98 4.97 5.17 5.79 7.08 7.98 7.94 8.28 9.73 10.51 9.51 8.90 9.99 10.84 10.41 10.02 10.39 10.13 8.73 7.58 7.10 7.30 8.97 10.85 11.16 11.11 11.29 11.06 10.81 10.67 10.28 9.92 9.90
5.54 6.38 7.67 8.45 8.73 8.72 8.82 9.08 9.32 9.24 9.86 11.35 10.70 9.58 10.97 11.45 7.54 3.27 4.68 9.21 13.61 15.61 11.69 6.52 6.40 8.37 8.68 9.31 12.18 17.86 21.27 19.31 16.44 19.28 23.70 22.02 17.79 13.94 9.60 7.96 7.75 8.27 9.33 9.37 8.08 6.88 5.84 5.25 5.09 4.93 4.66 4.37 4.79 6.39 7.66 7.62 7.71 9.09 10.40 9.96 8.97 9.30 10.27 10.47 10.24 10.54 10.84 9.93 8.38 7.42 7.46 8.75 10.36 11.08 11.34 11.61 11.30 10.84 11.10 11.19 10.73 10.30
5.86 6.41 7.29 8.07 8.57 8.54 8.46 8.71 9.05 8.99 9.55 11.67 11.70 9.92 10.97 11.76 7.55 2.50 3.28 7.23 11.92 16.04 14.52 7.96 6.85 9.75 9.90 9.87 10.22 12.80 18.44 21.14 20.39 22.23 24.80 21.65 16.49 12.26 8.79 7.50 6.76 7.58 10.02 10.64 8.28 6.11 5.33 5.13 5.02 4.90 4.55 3.95 4.05 5.58 7.09 7.37 7.29 8.25 9.91 10.20 9.30 8.92 9.83 10.53 10.05 10.24 10.88 10.72 9.91 8.54 7.99 8.92 10.04 10.61 11.32 11.94 11.67 10.99 11.03 11.53 11.90 11.05
5.65 6.27 7.18 7.85 8.47 8.61 8.39 8.29 8.26 8.54 9.47 11.47 11.63 10.16 11.41 12.51 8.26 2.35 1.54 4.93 9.20 14.51 16.07 11.63 10.00 11.19 11.13 10.46 10.49 10.75 13.36 19.45 23.50 25.53 24.94 19.82 15.05 12.17 9.14 6.94 6.42 8.29 10.95 11.20 8.24 5.79 5.41 5.31 5.01 4.84 4.53 3.96 3.61 4.57 6.34 7.13 7.03 7.53 9.07 10.06 9.55 8.73 9.47 10.74 10.13 9.73 10.45 10.85 10.76 9.87 8.99 9.45 10.21 10.17 10.84 12.12 12.23 11.51 10.76 11.19 12.59 12.06
4.79 5.90 7.34 7.90 8.29 8.49 8.56 8.24 7.85 8.36 9.85 11.06 10.31 9.74 12.24 13.98 9.56 2.89 0.87 2.95 6.63 11.03 14.52 14.96 13.61 12.07 10.97 10.66 12.14 10.76 10.15 16.00 23.71 27.56 25.08 19.33 14.70 11.84 9.38 7.11 7.16 9.73 11.34 10.82 8.58 6.57 5.71 5.02 4.71 4.62 4.40 4.05 3.46 3.57 5.41 6.73 6.91 7.09 8.17 9.57 9.50 8.71 9.22 10.63 10.48 9.47 9.87 10.68 10.95 10.51 9.92 10.13 10.82 10.61 10.31 11.55 12.65 12.32 10.97 10.68 12.56 12.78
3.80 5.38 7.17 7.84 8.12 8.12 8.24 8.36 8.56 9.35 10.86 10.34 8.27 8.43 12.56 15.61 10.84 3.08 1.22 2.10 5.08 8.04 10.82 14.19 15.27 13.63 10.95 10.96 13.82 11.58 8.79 12.88 21.01 27.37 26.07 19.62 14.43 10.64 9.37 8.65 8.86 10.69 10.80 10.12 9.04 6.74 4.89 4.09 4.23 4.34 4.17 3.98 3.49 2.97 4.21 6.07 6.85 6.90 7.53 8.90 9.10 8.64 9.17 10.38 10.55 9.45 9.50 10.40 10.86 10.74 10.41 10.54 11.44 11.96 11.00 10.92 12.06 12.82 11.81 10.76 12.25 13.12
3.14 4.82 6.77 7.65 8.07 7.88 7.51 7.96 9.32 10.87 11.82 9.53 6.38 6.81 12.46 16.72 11.95 3.69 2.21 3.10 4.62 6.89 8.70 11.30 14.04 14.74 12.25 11.86 15.14 12.44 8.97 10.71 16.38 24.62 25.92 19.58 13.63 9.50 9.39 10.44 10.44 10.47 9.85 9.72 9.23 6.56 4.49 4.12 4.36 4.47 4.23 3.81 3.40 2.67 2.91 5.23 6.70 6.88 7.22 8.27 8.59 8.31 9.02 10.25 10.39 9.42 9.37 10.12 10.59 10.72 10.57 10.58 11.43 12.75 12.98 11.89 11.31 12.25 12.56 11.73 12.48 13.21
2.79 4.17 6.29 7.53 7.98 7.71 7.09 7.65 9.47 11.19 12.40 9.73 5.54 5.92 11.27 16.85 14.68 6.12 3.68 4.39 4.91 6.37 7.92 9.41 11.36 13.32 12.55 12.98 15.12 13.87 11.20 11.00 14.21 22.28 24.24 20.16 14.81 9.84 10.18 11.37 10.45 9.68 9.34 9.47 9.12 7.25 5.22 4.67 4.62 4.46 4.01 3.32 3.05 2.50 2.06 4.25 6.31 6.88 7.09 7.88 8.26 7.91 8.55 9.87 10.08 9.45 9.34 9.93 10.44 10.67 10.53 10.34 10.84 12.37 14.04 13.84 11.98 11.75 12.53 12.60 13.18 13.22
2.50 3.56 5.76 7.60 7.91 7.37 7.28 8.06 9.65 10.54 12.01 10.96 5.99 5.70 9.50 15.36 17.04 10.13 4.92 4.84 5.32 6.10 7.52 9.20 10.75 11.72 11.87 12.56 14.18 14.75 15.01 14.85 17.46 21.82 21.86 20.13 17.11 12.40 11.61 11.58 10.36 9.73 9.59 9.68 9.32 8.02 5.98 4.92 4.40 3.82 3.21 2.54 2.51 2.32 1.64 3.27 5.74 6.81 7.04 7.71 8.19 7.79 8.11 9.08 9.24 9.28 9.23 9.53 10.41 10.94 10.57 10.02 10.14 11.27 13.41 14.81 13.98 12.70 12.77 13.09 13.51 13.26
2.13 3.06 5.32 7.76 8.12 7.18 7.77 8.87 10.02 9.76 10.68 11.86 7.47 5.38 7.89 13.47 17.73 14.05 6.87 5.05 5.47 6.17 7.54 9.36 10.95 11.79 12.13 12.48 14.11 16.32 17.96 17.86 18.66 19.97 19.65 19.12 17.29 15.04 12.62 10.91 11.06 11.03 10.92 10.64 9.80 8.42 6.78 5.33 4.05 3.21 2.63 2.00 1.99 2.10 1.43 2.33 5.14 6.66 6.94 7.62 8.26 7.75 7.91 8.50 8.25 8.81 8.90 8.35 9.47 10.94 10.80 9.94 9.69 10.21 11.78 13.89 15.09 14.69 14.05 13.90 13.68 13.32
1.63 2.67 4.95 7.37 8.26 7.74 8.66 10.13 10.73 9.17 9.49 12.74 9.29 5.03 6.59 11.86 17.50 16.27 9.39 5.56 5.31 6.32 7.70 9.43 11.35 12.22 12.30 13.02 16.22 19.39 19.60 18.93 18.83 18.40 19.05 18.46 16.39 15.99 12.32 9.59 10.44 11.61 12.75 11.86 10.45 9.19 7.80 5.89 3.71 2.81 2.22 1.61 1.51 1.82 1.33 1.54 4.73 6.47 6.82 7.57 8.13 7.48 7.61 8.25 8.16 9.06 9.40 7.81 7.74 9.76 10.49 10.04 9.80 9.66 10.04 11.61 14.00 15.66 15.90 15.34 14.50 13.81
1.10 2.50 4.63 6.14 7.54 8.37 9.72 11.55 12.11 9.44 9.15 13.64 10.87 5.03 5.26 9.32 16.22 17.62 11.23 6.74 5.65 6.64 7.85 9.33 11.65 12.31 12.49 14.43 19.05 21.56 19.39 18.77 18.95 17.20 18.43 18.27 15.58 15.92 12.78 8.87 8.59 10.52 13.68 13.58 11.43 10.12 8.64 6.02 3.83 2.82 2.14 1.50 0.98 1.52 1.23 1.10 4.20 6.22 6.70 7.50 7.70 7.22 7.52 8.05 8.44 10.07 10.87 8.94 7.53 7.92 9.11 9.66 9.92 9.63 9.05 9.35 11.21 14.11 16.22 16.76 16.24 15.23
0.90 2.49 4.42 4.89 5.99 7.72 9.32 11.61 13.56 11.68 10.71 14.97 12.02 4.79 4.39 7.45 13.29 17.69 14.58 9.72 7.90 7.59 8.06 9.54 11.56 12.31 12.67 15.86 22.27 23.02 18.08 17.39 17.99 16.17 17.48 18.04 14.87 15.18 14.41 9.27 7.21 8.64 12.45 14.98 13.43 11.17 9.13 6.14 3.98 2.96 2.50 1.76 0.29 1.28 0.95 0.67 3.52 5.94 6.56 6.97 7.22 7.28 7.69 7.97 8.38 10.28 11.68 10.85 8.69 7.20 7.60 8.90 9.50 9.44 8.80 8.17 8.62 10.94 13.95 16.04 17.24 17.30
1.19 2.64 4.23 4.21 4.97 6.91 8.28 10.15 13.24 13.12 13.72 16.23 11.03 4.65 4.44 6.66 10.13 15.02 16.92 14.14 11.26 9.77 9.02 9.95 11.29 11.94 13.23 19.17 26.40 22.68 15.14 15.51 16.98 15.65 16.48 17.67 14.69 13.88 14.56 10.51 7.16 6.99 9.49 14.43 15.78 13.02 9.95 6.79 4.02 3.15 2.90 2.08 0.50 1.17 0.98 0.73 3.03 5.70 6.69 6.15 6.44 7.58 7.95 8.00 8.70 10.17 11.29 11.82 10.91 8.01 7.16 8.44 9.09 8.88 8.64 7.90 7.40 8.52 10.95 13.01 15.27 17.95
1.43 2.83 4.07 3.92 4.55 6.31 7.57 8.94 11.87 12.73 14.76 17.54 12.43 5.58 5.12 6.48 8.07 10.53 14.43 16.78 16.73 13.92 11.42 10.91 12.27 13.82 18.36 26.98 26.53 17.72 11.51 13.70 16.44 15.09 15.12 17.18 14.97 12.93 13.79 11.53 7.85 6.19 7.02 12.00 16.28 15.24 11.52 7.46 4.34 3.41 3.13 2.33 1.21 1.34 1.43 1.31 3.05 5.68 7.23 6.26 6.14 7.63 8.06 8.09 9.07 10.27 10.73 11.44 11.97 10.54 8.51 8.82 9.37 8.85 8.51 8.00 7.39 7.55 8.86 10.35 11.71 15.62
1.41 2.81 4.13 3.81 4.23 5.73 7.16 8.57 10.41 11.51 13.80 18.04 16.23 8.56 7.09 7.02 6.85 7.85 10.43 14.47 17.68 18.72 15.38 13.76 17.73 22.40 24.78 25.25 18.97 11.42 9.24 12.10 15.84 14.58 14.06 16.40 15.35 12.70 12.37 11.43 8.72 6.23 5.94 9.36 15.03 16.52 13.22 8.50 5.09 3.75 3.36 2.52 1.69 1.79 1.89 1.71 2.80 5.34 7.36 7.03 6.71 7.62 7.95 8.14 9.20 10.28 10.58 10.90 11.64 11.76 11.11 10.74 10.39 9.52 8.88 8.39 7.81 7.50 8.04 8.99 9.84 12.53
1.22 2.72 4.27 3.77 3.89 5.20 6.99 8.73 9.38 10.06 11.74 16.06 17.90 14.51 11.57 8.35 6.18 7.19 9.54 12.36 16.57 20.38 19.84 18.13 20.01 22.50 20.75 15.63 11.59 8.86 7.98 10.49 14.63 14.46 13.94 15.47 15.29 13.25 11.32 10.69 9.29 6.88 6.03 7.52 12.68 16.55 14.29 9.29 5.93 4.30 3.71 2.93 2.13 2.23 2.27 2.05 2.58 4.95 7.10 7.36 7.27 7.69 7.89 8.27 9.26 10.14 10.45 10.64 11.09 11.53 12.29 12.80 12.04 10.70 9.81 9.23 8.17 7.80 8.34 8.59 9.10 10.91
1.13 2.62 4.30 3.88 3.68 4.83 6.85 8.62 8.90 8.76 9.39 12.41 16.26 17.74 16.41 10.81 7.50 8.63 11.77 18.53 21.60 20.87 19.93 17.85 17.82 17.82 15.15 11.72 9.14 7.77 7.80 9.63 12.61 13.52 14.13 15.28 15.19 13.49 11.04 10.30 9.55 7.98 7.02 7.11 10.36 15.42 15.01 9.77 6.54 5.12 4.07 3.26 2.68 2.73 2.66 2.41 2.73 4.78 6.88 7.39 7.49 7.77 8.00 8.52 9.32 10.02 10.27 10.46 10.84 11.19 12.27 13.85 13.94 12.27 10.94 10.30 8.99 8.43 8.93 9.13 9.43 10.12
1.15 2.52 4.32 4.09 3.72 4.90 6.65 8.20 8.50 8.01 7.96 9.41 12.17 15.55 17.66 16.81 12.55 12.89 19.65 25.56 22.03 16.81 16.67 16.88 17.54 17.73 14.97 10.96 8.40 7.78 8.25 8.87 9.88 10.98 13.14 15.88 16.09 13.36 11.15 10.62 10.00 9.12 8.35 7.99 9.21 12.96 14.28 10.58 7.53 6.15 4.67 3.68 3.16 3.18 2.96 2.67 3.07 4.89 6.77 7.41 7.54 7.79 8.14 8.69 9.38 9.95 10.13 10.30 10.63 11.06 12.05 13.85 15.07 14.22 12.47 11.73 10.51 9.00 9.05 9.80 10.19 10.16
1.14 2.47 4.44 4.36 3.87 5.26 6.95 7.95 8.20 7.77 7.58 7.82 8.82 11.06 14.47 18.21 19.76 22.14 25.57 23.23 15.69 12.62 13.52 16.05 18.73 18.96 14.88 10.40 9.01 8.60 8.42 7.88 7.51 8.27 10.27 14.48 17.24 15.10 11.93 11.17 10.74 10.06 9.72 9.37 9.32 10.25 11.71 10.18 8.54 7.07 5.25 4.30 3.69 3.47 3.11 2.76 3.22 4.97 6.75 7.49 7.56 7.72 8.22 8.78 9.37 9.87 10.10 10.18 10.37 10.87 11.91 13.50 14.99 15.43 14.62 13.78 12.29 9.86 9.53 10.39 10.61 10.51
1.17 2.34 4.40 4.77 4.31 5.58 7.05 8.00 8.57 8.15 7.54 7.22 7.52 9.19 11.85 16.08 23.70 28.27 24.75 16.29 12.70 11.90 12.04 13.77 18.49 19.94 13.74 10.57 10.14 9.01 8.33 7.70 6.88 6.55 7.83 11.11 15.61 16.97 14.28 12.24 11.78 11.07 10.77 10.48 9.38 8.04 7.62 8.13 8.66 7.52 5.55 4.76 4.24 3.77 3.35 2.98 3.24 4.90 6.68 7.53 7.70 7.78 8.06 8.75 9.28 9.70 10.12 10.09 10.11 10.52 11.72 13.29 14.33 15.46 16.01 15.90 14.45 11.23 10.17 11.14 11.62 10.92
1.34 2.26 3.94 4.97 5.29 5.91 6.42 7.53 9.27 9.03 7.53 7.00 7.31 8.82 11.82 15.81 25.49 30.29 22.47 14.74 12.86 11.90 11.65 12.55 16.64 19.84 15.86 11.53 10.82 9.22 8.11 7.47 6.41 5.82 6.92 9.03 12.18 15.60 15.71 14.57 13.70 12.17 11.36 11.00 9.00 5.75 4.28 5.55 7.60 7.37 5.64 4.97 4.51 4.01 3.66 3.37 3.53 4.94 6.65 7.47 7.88 8.23 7.92 8.46 9.22 9.51 10.02 10.04 9.81 10.14 11.43 12.85 13.66 15.21 16.45 17.06 16.80 13.06 10.65 12.04 12.58 10.89
1.55 2.35 3.62 4.83 6.22 6.37 5.75 6.42 8.98 10.26 8.59 7.26 7.62 9.79 12.68 17.90 27.47 29.48 23.33 16.44 13.63 12.30 11.93 12.28 13.96 17.35 17.59 13.94 11.40 9.59 8.22 7.38 6.19 6.24 7.21 8.48 10.43 12.77 14.19 15.75 15.83 13.34 11.90 11.39 8.78 5.11 3.55 4.03 6.02 6.61 5.63 4.92 4.54 4.19 3.94 3.78 3.95 5.15 6.68 7.51 8.22 8.71 8.17 8.35 9.22 9.50 9.96 10.08 9.54 9.79 11.04 12.18 12.87 14.49 16.63 18.27 18.68 14.70 11.34 12.58 13.12 10.66
1.77 2.66 3.67 4.79 6.52 6.59 5.72 6.00 7.37 9.92 10.28 8.18 8.89 11.73 16.64 25.36 29.36 27.00 22.23 18.41 14.76 11.92 11.33 11.00 10.32 12.52 16.78 17.10 13.54 10.48 8.80 7.91 7.09 7.17 7.63 8.05 9.26 10.42 12.28 15.55 16.77 14.50 12.63 11.46 8.46 6.26 4.67 3.88 5.01 6.09 5.79 5.02 4.56 4.31 4.09 4.00 4.30 5.42 6.61 7.46 8.43 8.78 8.45 8.55 9.26 9.75 10.08 10.38 9.95 9.56 10.28 11.44 12.17 13.03 15.86 19.29 20.38 16.77 12.51 12.69 13.19 11.00
1.88 2.97 4.01 4.94 6.36 6.69 6.22 6.44 6.80 8.56 10.32 9.59 9.87 14.65 25.16 30.33 27.29 23.17 20.31 18.89 16.36 11.48 9.93 9.26 8.02 8.89 13.16 17.37 16.82 12.72 9.60 8.56 8.22 7.82 7.74 7.85 7.89 8.54 11.62 15.55 16.30 14.81 13.32 10.70 8.43 7.45 6.02 4.69 4.98 5.94 5.98 5.41 4.83 4.48 4.19 4.04 4.50 5.71 6.66 7.44 8.32 8.60 8.57 8.76 9.27 9.98 10.23 10.83 11.36 10.32 9.64 10.43 11.28 11.68 14.16 18.55 21.15 19.59 14.51 13.07 12.77 10.82
1.46 3.08 4.62 5.03 6.21 6.72 6.67 6.80 7.05 8.22 9.50 10.18 10.34 17.29 29.89 29.30 22.58 20.71 18.85 18.18 16.59 12.25 9.57 8.76 7.78 7.80 10.26 15.04 17.81 15.62 11.24 9.29 9.13 8.43 8.07 8.03 7.20 7.38 11.62 15.83 15.04 14.10 13.24 9.69 8.29 7.93 6.82 5.35 5.14 5.76 5.90 5.58 5.12 4.71 4.36 4.13 4.63 5.96 6.82 7.49 8.15 8.39 8.62 8.81 9.24 10.07 10.39 11.21 12.91 12.31 10.27 9.64 10.14 10.35 12.04 16.39 20.43 21.12 18.20 14.62 12.53 10.58
0.81 2.61 4.82 5.43 6.47 6.96 6.64 6.67 7.33 8.46 9.31 10.52 11.37 20.33 30.99 27.04 21.11 19.22 16.98 16.71 16.03 12.90 10.30 9.32 7.97 7.50 8.84 12.93 16.82 16.62 13.00 10.68 10.12 9.45 8.87 8.05 6.92 6.73 11.36 15.84 14.07 12.32 11.52 9.35 8.21 7.99 7.13 5.76 5.41 5.76 5.81 5.59 5.27 4.88 4.49 4.27 4.84 6.21 6.82 7.32 7.92 8.25 8.66 8.74 9.08 9.99 10.67 11.61 13.70 14.48 12.19 10.08 9.92 9.83 9.60 12.72 17.98 20.58 20.41 18.65 14.53 10.90
1.03 2.16 4.02 5.56 7.16 7.36 6.50 6.41 7.29 8.63 10.08 11.67 14.65 26.39 31.47 25.12 19.85 17.13 14.77 15.49 15.92 13.46 11.25 10.05 8.39 7.73 8.61 11.80 14.82 15.00 13.96 13.06 11.68 10.49 9.87 8.18 6.46 6.71 10.78 15.23 13.36 9.96 9.36 8.74 8.09 8.15 7.55 6.27 5.80 5.91 5.88 5.71 5.40 5.05 4.66 4.46 5.14 6.24 6.69 7.10 7.58 8.05 8.60 8.64 8.96 9.90 10.95 12.21 13.92 15.48 14.86 12.17 10.73 10.16 9.30 9.76 14.18 17.94 19.42 20.83 18.82 12.65
1.80 2.29 3.13 4.96 7.25 7.82 7.04 6.89 7.54 8.74 10.83 14.21 22.79 31.86 29.62 21.19 17.68 15.85 14.37 15.38 16.24 14.27 12.00 10.39 8.99 8.53 9.15 10.82 12.42 11.98 12.04 14.19 14.07 11.61 10.89 8.74 6.61 7.54 10.51 13.48 11.56 8.52 8.17 7.82 7.62 8.01 7.73 6.74 6.22 6.11 5.99 5.87 5.55 5.32 5.13 4.97 5.43 6.08 6.55 6.96 7.25 7.81 8.22 8.24 8.93 10.10 11.22 12.74 14.15 15.48 16.46 15.38 12.48 10.63 9.76 9.34 11.12 14.79 16.59 19.70 20.75 17.01
2.20 2.56 3.40 4.70 5.91 7.27 8.26 8.22 8.19 10.12 12.33 18.07 30.70 32.11 22.18 16.71 16.08 14.96 13.52 15.33 17.10 15.31 12.60 10.80 9.75 9.59 9.74 10.04 10.58 9.80 9.55 12.99 14.85 13.71 12.65 9.95 7.46 7.97 9.17 10.11 9.15 8.14 7.93 7.29 7.13 7.57 7.48 6.92 6.58 6.40 6.21 5.92 5.45 5.39 5.67 5.58 5.54 5.88 6.47 6.85 7.09 7.67 7.64 7.41 8.51 10.33 11.71 13.13 14.32 15.58 17.04 17.38 14.82 11.55 10.36 9.13 9.17 12.40 14.68 17.46 20.69 19.89
1.69 3.09 4.66 4.76 4.70 5.86 8.43 9.09 9.63 13.27 16.17 25.68 33.27 25.20 15.67 14.62 14.58 14.20 12.91 14.26 16.76 16.44 14.04 11.91 10.73 10.41 10.10 9.54 9.41 8.87 8.86 10.99 13.17 14.64 14.67 11.48 8.14 7.52 6.95 6.61 7.36 7.85 7.81 7.22 6.94 7.15 7.19 7.00 6.83 6.71 6.59 6.36 5.65 5.29 5.81 5.78 5.55 5.80 6.39 6.80 7.12 7.51 7.14 6.49 7.40 9.66 11.69 13.12 14.40 16.07 17.23 18.03 17.35 14.25 11.18 8.16 7.55 11.00 14.29 16.91 20.86 20.95
0.77 3.40 5.92 5.13 4.87 6.06 7.64 8.83 11.41 15.05 20.70 31.87 31.77 17.44 13.36 13.72 13.85 14.73 14.34 13.98 14.69 15.37 15.03 14.11 12.53 11.14 10.02 8.86 8.62 8.77 9.04 9.89 11.28 13.76 15.53 13.05 8.80 7.00 5.92 5.45 6.68 7.79 7.86 7.50 7.17 7.07 7.07 7.08 7.08 7.04 7.00 7.31 7.07 5.91 5.52 5.25 5.22 5.76 6.17 6.71 7.24 7.32 6.80 6.05 6.53 8.44 10.43 11.95 13.76 16.01 17.26 17.96 19.29 17.75 11.32 6.62 6.49 10.50 15.04 18.60 20.41 19.94
0.08 3.03 6.44 6.39 5.88 6.69 7.91 9.22 12.07 14.56 23.87 31.72 25.01 15.26 13.53 13.46 14.06 15.92 15.84 13.32 12.45 13.24 14.34 15.09 14.03 12.28 10.80 9.42 8.75 9.18 9.68 10.35 10.49 11.75 14.96 13.92 9.44 6.92 6.02 5.88 6.67 7.73 7.97 7.78 7.51 7.29 7.20 7.22 7.28 7.33 7.46 8.32 8.82 7.60 5.86 4.31 4.52 5.64 5.96 6.51 7.16 7.22 6.85 6.33 6.69 8.13 9.44 10.47 11.84 14.25 16.39 17.96 20.51 19.70 12.33 6.09 6.41 9.80 16.01 19.66 17.79 17.69
0.80 2.68 5.83 7.39 7.16 7.47 8.80 10.40 12.51 13.56 21.86 31.91 24.86 15.67 14.14 13.41 14.50 16.83 15.66 11.76 11.42 12.41 13.52 14.62 13.94 12.19 11.08 10.95 10.23 9.65 10.04 10.73 9.80 9.91 13.47 12.92 9.15 6.98 6.22 6.33 6.79 7.52 7.85 7.84 7.67 7.50 7.41 7.44 7.49 7.72 8.28 9.27 10.04 9.37 6.54 3.83 4.02 5.24 5.89 6.53 6.95 7.03 7.09 6.88 6.94 8.38 9.87 10.31 10.63 11.64 13.92 17.46 21.25 20.91 14.45 8.02 6.72 9.03 16.49 19.74 15.97 17.14
2.21 3.37 5.04 6.71 8.03 9.12 10.55 11.89 13.43 13.61 18.51 31.82 29.30 16.65 13.73 13.02 14.68 16.58 13.79 11.40 11.78 12.45 13.27 13.54 12.71 11.55 10.85 11.38 11.19 10.27 10.41 10.51 8.81 8.60 11.00 10.68 8.46 6.80 6.23 6.51 7.00 7.49 7.80 7.88 7.80 7.68 7.56 7.56 7.73 8.34 9.36 10.30 11.11 10.37 7.28 4.46 4.11 4.67 5.96 7.08 6.85 6.56 7.04 7.15 7.15 8.79 10.47 10.30 10.28 11.05 11.87 15.19 20.83 21.47 15.85 10.39 8.06 9.05 15.95 19.31 17.25 18.55
4.71 4.93 5.24 5.60 7.43 9.97 12.04 14.00 15.25 14.34 19.70 31.62 28.22 15.83 12.61 12.60 14.31 15.22 12.99 12.09 12.48 12.61 13.10 12.60 11.86 11.84 11.42 11.20 11.00 10.09 10.49 10.90 8.61 7.08 7.98 8.92 7.87 6.69 6.15 6.39 7.00 7.47 7.81 8.04 8.03 7.82 7.72 7.71 8.14 9.06 10.12 11.38 12.25 10.99 8.46 6.18 4.89 5.01 6.58 7.58 6.74 6.11 6.60 7.04 7.56 9.22 10.57 10.33 10.41 11.33 11.82 13.55 18.64 21.15 16.84 12.05 10.55 10.98 13.71 17.60 19.60 18.56
7.73 6.62 5.59 5.78 7.13 9.21 11.53 15.57 17.67 18.63 26.90 30.90 22.07 13.33 11.55 12.02 13.85 13.80 12.40 12.60 13.23 13.13 12.89 12.42 12.05 12.39 11.77 11.09 10.89 9.39 9.11 10.93 9.48 6.50 6.68 8.00 7.68 6.79 6.32 6.37 6.91 7.42 7.74 8.16 8.36 8.08 7.89 8.12 8.94 9.68 10.62 12.48 13.48 11.80 9.66 7.78 6.16 6.20 6.91 7.46 6.58 5.87 6.36 7.05 7.97 9.25 10.31 10.58 10.87 11.57 12.38 13.43 16.55 19.45 16.67 13.02 13.41 14.05 12.73 15.30 19.40 16.22
