windninja/windninja_output/Output_2025-10-23_1300-1350_Google earth_Fire_150m_10min/merlingen_7.5mi_point_10-23-2025_1300_150m_vel.asc
ncols	158
nrows	163
xllcorner	391686.332397
yllcorner	5160024.123721
cellsize	150.000000
NODATA_value	-32768.000000
[rows 0 to 37 of 163, columns 0 to 83 of 158]
4.46 4.53 4.57 4.50 4.61 4.72 4.43 4.30 4.55 4.59 4.42 4.25 4.43 5.15 5.57 5.43 5.08 4.67 4.77 5.07 4.51 3.81 4.26 4.79 4.93 4.76 4.40 4.38 4.70 4.76 4.71 4.79 4.83 4.70 4.78 5.05 4.79 4.63 4.72 4.54 4.61 4.84 4.84 4.88 4.89 4.80 4.84 4.61 4.43 4.63 4.77 4.87 5.02 5.04 4.98 5.02 5.07 5.14 5.17 5.06 4.98 5.13 5.27 5.32 5.41 5.61 5.84 5.84 5.61 5.28 5.14 5.22 5.36 5.46 5.60 5.65 5.61 5.60 5.44 5.28 5.35 5.45 5.69 5.72
4.38 4.56 4.60 4.48 4.66 4.71 4.36 4.27 4.56 4.56 4.27 3.85 3.81 4.60 5.40 5.69 5.44 4.93 5.06 5.25 4.39 3.53 3.80 4.57 5.04 4.90 4.42 4.29 4.58 4.67 4.67 4.75 4.80 4.72 4.75 5.08 4.93 4.74 4.77 4.54 4.55 4.76 4.82 4.98 5.01 4.90 4.98 4.77 4.40 4.43 4.60 4.70 4.86 4.94 4.89 4.93 5.01 5.12 5.25 5.12 4.90 4.97 5.13 5.20 5.18 5.31 5.64 5.87 5.79 5.42 5.12 5.15 5.28 5.37 5.50 5.58 5.63 5.78 5.63 5.30 5.29 5.42 5.64 5.81
4.26 4.65 4.67 4.49 4.73 4.54 4.23 4.38 4.65 4.53 3.99 3.14 2.92 3.77 5.06 6.04 5.99 5.46 5.53 5.34 4.35 3.41 3.25 3.96 4.93 5.07 4.59 4.31 4.40 4.52 4.65 4.73 4.71 4.75 4.82 4.99 5.03 4.94 4.83 4.60 4.57 4.65 4.77 5.08 5.10 4.98 5.07 5.02 4.59 4.32 4.41 4.54 4.69 4.83 4.80 4.82 4.94 5.05 5.25 5.25 4.97 4.85 4.96 5.06 4.94 4.98 5.37 5.86 6.04 5.63 5.14 5.07 5.19 5.24 5.34 5.39 5.59 6.03 5.94 5.37 5.19 5.55 5.72 5.73
4.14 4.68 4.78 4.58 4.74 4.34 4.18 4.61 4.78 4.45 3.64 2.64 2.60 3.40 4.66 6.14 6.28 5.84 5.72 5.32 4.51 3.78 3.16 3.28 4.39 4.92 4.77 4.52 4.35 4.46 4.73 4.82 4.79 4.84 4.83 4.84 4.92 4.98 4.89 4.70 4.64 4.63 4.84 5.09 5.06 4.98 4.99 4.99 4.86 4.64 4.52 4.49 4.66 4.89 4.88 4.82 4.88 4.95 5.06 5.20 5.10 4.87 4.86 4.99 4.92 4.91 5.22 5.77 6.09 5.69 5.18 5.12 5.19 5.17 5.17 5.12 5.28 5.91 6.12 5.46 5.00 5.63 6.05 5.67
4.06 4.58 4.83 4.70 4.76 4.42 4.37 4.81 4.81 4.18 3.24 2.45 2.45 3.31 4.77 6.14 6.41 6.00 5.62 5.36 4.87 4.25 3.38 2.95 3.80 4.46 4.62 4.58 4.40 4.50 4.78 5.02 5.16 5.05 4.80 4.79 4.87 4.95 4.98 4.81 4.61 4.63 4.92 5.06 5.01 5.00 4.93 4.83 4.83 4.83 4.65 4.51 4.62 4.88 4.98 4.93 4.92 4.93 4.92 5.01 5.04 4.86 4.81 4.92 4.91 4.90 5.11 5.69 6.08 5.66 5.23 5.21 5.23 5.16 5.11 5.08 5.06 5.42 5.85 5.55 4.90 5.21 5.98 5.83
4.22 4.48 4.71 4.76 4.85 4.69 4.72 4.92 4.56 3.74 3.01 2.51 2.35 3.30 5.01 5.95 6.32 6.08 5.53 5.38 5.24 4.79 3.74 2.95 3.34 3.93 4.14 4.30 4.34 4.41 4.64 5.07 5.41 5.30 4.98 4.86 4.96 5.01 5.02 4.90 4.66 4.66 4.89 4.95 4.92 4.97 4.89 4.76 4.74 4.72 4.67 4.66 4.68 4.82 4.99 5.03 5.00 4.95 4.89 4.89 4.94 4.84 4.80 4.91 4.93 4.90 5.05 5.64 6.01 5.64 5.42 5.48 5.33 5.05 5.07 5.34 5.40 5.31 5.31 5.39 5.19 5.06 5.50 5.73
4.53 4.59 4.60 4.72 4.94 4.94 4.97 4.82 4.17 3.46 3.00 2.65 2.42 3.35 5.09 5.74 5.95 6.00 5.67 5.47 5.50 5.29 4.25 3.14 3.11 3.46 3.66 3.93 4.11 4.16 4.42 4.96 5.32 5.29 5.21 5.15 5.11 5.09 5.05 4.93 4.79 4.77 4.85 4.84 4.80 4.87 4.83 4.71 4.67 4.55 4.55 4.76 4.86 4.89 5.05 5.12 5.05 4.97 4.86 4.80 4.80 4.77 4.85 5.01 5.05 4.96 5.04 5.58 5.86 5.50 5.51 5.88 5.72 5.09 4.96 5.42 5.80 5.71 5.16 5.21 5.61 5.43 5.28 5.51
4.73 4.79 4.72 4.72 4.92 5.02 5.01 4.63 3.96 3.46 3.14 2.80 2.60 3.41 4.96 5.60 5.49 5.70 5.77 5.54 5.66 5.67 4.80 3.60 3.05 3.01 3.35 3.74 3.80 3.85 4.29 4.82 5.01 5.06 5.24 5.34 5.20 5.08 5.05 4.98 4.90 4.87 4.87 4.84 4.79 4.77 4.71 4.65 4.54 4.38 4.39 4.66 4.81 4.96 5.26 5.27 5.10 5.01 4.85 4.72 4.62 4.53 4.74 5.11 5.29 5.20 5.16 5.50 5.70 5.32 5.28 5.86 5.97 5.42 5.03 5.20 5.76 5.88 5.23 5.17 5.85 5.66 5.18 5.42
4.83 4.93 4.94 4.83 4.84 4.92 4.86 4.48 4.00 3.63 3.35 3.02 2.79 3.33 4.74 5.43 5.27 5.43 5.63 5.59 5.76 5.83 5.22 4.19 3.24 2.79 3.13 3.57 3.47 3.61 4.31 4.64 4.63 4.91 5.28 5.36 5.13 4.99 5.01 5.01 4.97 4.94 4.87 4.83 4.85 4.73 4.60 4.60 4.42 4.14 4.34 4.62 4.53 4.78 5.41 5.43 5.12 5.05 4.91 4.68 4.48 4.20 4.22 4.73 5.25 5.46 5.38 5.42 5.54 5.36 5.28 5.56 5.69 5.49 5.19 5.14 5.58 5.70 5.27 5.32 6.02 5.78 4.95 5.04
4.89 5.00 5.11 4.97 4.80 4.78 4.70 4.43 4.13 3.83 3.57 3.26 2.95 3.24 4.36 5.18 5.26 5.31 5.34 5.56 5.82 5.81 5.50 4.63 3.66 2.92 2.85 3.29 3.32 3.51 4.35 4.47 4.29 4.78 5.32 5.33 5.03 4.89 4.96 5.04 5.03 5.02 4.93 4.83 4.88 4.71 4.50 4.58 4.36 3.92 4.18 4.57 4.37 4.61 5.34 5.51 5.11 4.97 4.92 4.65 4.43 4.14 3.77 3.95 4.72 5.31 5.40 5.30 5.21 5.38 5.61 5.61 5.40 5.28 5.22 5.20 5.46 5.33 5.09 5.64 6.26 6.13 5.11 4.51
4.97 5.07 5.18 5.05 4.81 4.71 4.65 4.49 4.24 3.97 3.76 3.47 3.12 3.19 3.98 4.90 5.27 5.34 5.18 5.37 5.72 5.75 5.63 4.89 4.01 3.29 2.70 2.95 3.31 3.57 4.22 4.32 4.15 4.63 5.16 5.21 4.99 4.84 4.93 5.03 5.07 5.12 5.05 4.86 4.93 4.79 4.40 4.49 4.38 3.85 4.01 4.34 4.26 4.61 5.14 5.47 5.15 4.80 4.73 4.55 4.48 4.25 3.61 3.51 4.28 4.83 5.05 4.96 4.65 5.09 5.75 5.79 5.40 5.14 5.18 5.31 5.51 5.16 4.64 5.30 6.18 6.50 5.86 4.82
5.09 5.15 5.20 5.07 4.84 4.74 4.68 4.55 4.31 4.06 3.89 3.63 3.30 3.18 3.77 4.74 5.21 5.32 5.22 5.25 5.50 5.61 5.57 5.01 4.26 3.53 2.76 2.84 3.33 3.64 4.02 4.21 4.20 4.52 4.89 4.96 4.91 4.85 4.93 4.96 5.01 5.17 5.10 4.88 5.05 5.02 4.49 4.37 4.42 4.09 4.04 4.08 4.10 4.60 4.98 5.23 5.13 4.75 4.52 4.41 4.58 4.40 3.71 3.60 4.16 4.38 4.52 4.38 3.98 4.57 5.49 5.77 5.52 5.07 5.11 5.50 5.84 5.64 4.89 4.83 5.60 6.36 6.40 5.84
5.21 5.22 5.20 5.07 4.90 4.82 4.74 4.57 4.36 4.15 3.97 3.75 3.42 3.22 3.72 4.75 5.18 5.19 5.26 5.30 5.34 5.35 5.31 4.99 4.38 3.62 3.02 3.04 3.40 3.65 3.89 4.16 4.32 4.43 4.57 4.78 4.86 4.86 4.89 4.81 4.93 5.16 5.00 4.88 5.15 5.21 4.84 4.59 4.64 4.56 4.29 4.06 4.10 4.64 5.06 4.99 4.83 4.61 4.38 4.50 4.82 4.65 4.17 4.05 4.15 4.12 4.05 3.75 3.40 3.98 4.82 5.37 5.51 4.96 4.73 5.25 5.79 6.05 5.64 5.08 5.25 5.86 6.22 6.29
5.31 5.29 5.22 5.09 4.96 4.89 4.76 4.57 4.42 4.24 4.05 3.85 3.49 3.27 3.79 4.80 5.28 5.10 5.13 5.32 5.21 5.04 4.98 4.79 4.33 3.73 3.31 3.33 3.50 3.66 3.91 4.16 4.35 4.30 4.28 4.71 4.92 4.87 4.80 4.64 4.87 5.07 4.82 4.79 5.07 5.07 4.80 4.83 5.17 5.17 4.66 4.26 4.21 4.76 5.36 5.02 4.46 4.11 4.07 4.68 5.25 5.03 4.78 4.54 4.17 4.01 3.86 3.67 3.29 3.20 3.87 4.66 5.18 4.76 4.25 4.43 5.06 5.68 5.71 5.30 5.20 5.44 5.70 6.14
5.40 5.36 5.26 5.13 5.02 4.91 4.75 4.60 4.49 4.31 4.12 3.95 3.58 3.32 3.82 4.89 5.47 5.13 4.92 5.13 5.01 4.70 4.64 4.54 4.27 3.87 3.52 3.53 3.60 3.66 4.04 4.31 4.28 4.17 4.16 4.59 4.89 4.93 4.80 4.61 4.79 4.85 4.86 4.93 4.90 4.84 4.53 4.39 5.10 5.77 5.43 4.66 4.40 5.01 5.66 5.32 4.39 3.63 3.63 4.72 5.66 5.51 5.24 4.83 4.40 4.28 4.08 4.00 3.61 2.85 2.85 3.93 4.64 4.47 4.01 4.05 4.61 5.11 5.28 5.22 5.09 5.04 5.25 5.75
5.47 5.42 5.31 5.19 5.04 4.91 4.77 4.64 4.55 4.38 4.22 4.04 3.76 3.43 3.78 4.99 5.54 5.14 4.74 4.76 4.72 4.43 4.31 4.30 4.28 4.04 3.61 3.55 3.70 3.72 4.14 4.45 4.21 4.14 4.24 4.40 4.69 4.91 4.82 4.75 4.78 4.65 4.96 5.28 4.83 4.71 4.79 4.17 4.17 5.37 5.99 5.28 4.84 5.33 5.79 5.89 5.13 3.77 3.46 4.65 5.77 5.87 5.42 4.71 4.76 5.11 4.67 4.39 4.10 2.91 2.50 3.27 3.99 3.92 3.80 4.00 4.40 4.76 5.07 5.43 5.13 4.71 4.96 5.29
5.52 5.47 5.35 5.22 5.06 4.93 4.81 4.68 4.59 4.46 4.31 4.13 3.95 3.65 3.86 4.92 5.40 5.09 4.68 4.50 4.42 4.18 4.02 4.09 4.29 4.18 3.68 3.48 3.72 3.90 4.23 4.38 4.13 4.18 4.38 4.42 4.59 4.77 4.75 4.81 4.83 4.64 4.99 5.40 4.98 4.70 5.02 4.68 4.13 4.66 5.51 5.45 5.19 5.37 5.62 5.99 5.95 4.71 3.80 4.81 5.88 6.03 5.45 4.51 4.77 5.61 5.40 4.85 4.51 3.49 2.64 2.84 3.35 3.31 3.39 3.75 4.03 4.59 5.19 5.57 5.19 4.71 4.87 5.01
5.56 5.52 5.40 5.24 5.09 4.96 4.84 4.73 4.63 4.53 4.39 4.21 4.08 3.91 4.02 4.67 5.15 4.98 4.64 4.40 4.20 3.98 3.85 3.98 4.22 4.17 3.81 3.54 3.67 3.99 4.22 4.18 4.04 4.24 4.57 4.72 4.72 4.68 4.66 4.82 4.87 4.81 4.98 5.17 5.09 4.90 4.88 4.88 4.84 4.89 4.97 5.04 5.14 5.29 5.38 5.67 6.05 5.53 4.62 5.05 5.98 6.15 5.44 4.65 4.79 5.63 5.93 5.36 4.71 4.12 3.39 2.80 3.07 3.14 2.86 3.14 3.59 4.42 5.34 5.43 5.03 4.88 4.81 4.84
5.60 5.55 5.42 5.27 5.14 5.00 4.88 4.80 4.68 4.55 4.43 4.29 4.18 4.10 4.13 4.47 4.84 4.76 4.49 4.30 4.08 3.91 3.84 3.93 4.08 4.07 3.92 3.72 3.68 3.88 4.04 3.96 3.95 4.22 4.67 5.00 4.98 4.70 4.56 4.79 4.86 4.85 5.04 5.00 5.02 5.13 4.93 4.65 4.93 5.27 5.04 4.75 4.78 5.02 5.23 5.44 5.78 5.76 5.26 5.27 6.01 6.24 5.54 4.98 5.01 5.51 6.09 5.75 4.96 4.63 4.04 3.15 3.19 3.19 2.64 2.67 3.20 4.11 5.14 5.17 4.91 4.91 4.55 4.48
5.64 5.59 5.46 5.31 5.16 5.04 4.93 4.85 4.71 4.53 4.43 4.38 4.28 4.19 4.20 4.34 4.52 4.48 4.32 4.20 4.03 3.92 3.86 3.87 3.96 4.00 3.94 3.83 3.73 3.75 3.76 3.74 3.87 4.18 4.65 5.06 5.16 4.81 4.51 4.78 4.85 4.86 5.09 5.06 5.06 5.28 5.27 4.72 4.66 5.29 5.32 4.88 4.57 4.59 4.95 5.25 5.53 5.81 5.69 5.52 5.93 6.25 5.73 5.18 5.18 5.48 5.91 5.85 5.39 5.05 4.31 3.47 3.50 3.52 2.99 2.74 3.08 3.92 4.83 5.10 5.03 4.93 4.42 4.10
5.69 5.64 5.50 5.32 5.18 5.08 4.98 4.87 4.73 4.52 4.44 4.46 4.33 4.21 4.20 4.23 4.27 4.26 4.21 4.12 3.99 3.91 3.85 3.82 3.88 3.94 3.91 3.83 3.75 3.68 3.52 3.51 3.87 4.34 4.75 5.11 5.29 4.96 4.57 4.75 4.84 4.89 5.08 5.16 5.27 5.39 5.40 4.96 4.68 5.16 5.43 5.16 4.73 4.42 4.56 4.83 5.15 5.62 5.94 5.84 5.88 6.37 6.16 5.38 5.31 5.55 5.63 5.76 5.66 5.18 4.41 3.78 3.76 3.81 3.35 2.89 3.24 4.18 5.06 5.36 5.27 5.00 4.52 3.98
5.75 5.69 5.50 5.33 5.22 5.11 4.99 4.89 4.74 4.55 4.46 4.46 4.36 4.21 4.17 4.14 4.11 4.14 4.14 4.05 3.93 3.86 3.82 3.77 3.79 3.86 3.86 3.79 3.74 3.62 3.37 3.28 3.78 4.49 4.77 5.04 5.37 5.12 4.65 4.71 4.84 4.97 5.17 5.33 5.50 5.52 5.39 5.10 4.86 5.08 5.43 5.37 5.06 4.64 4.41 4.49 4.76 5.14 5.68 6.03 6.00 6.53 6.59 5.67 5.48 5.58 5.40 5.64 5.70 5.08 4.43 4.14 4.17 4.17 3.46 2.64 2.96 4.20 5.38 5.97 5.79 5.19 4.81 4.23
5.80 5.69 5.50 5.39 5.27 5.12 4.99 4.87 4.74 4.61 4.49 4.42 4.36 4.22 4.12 4.07 4.02 4.07 4.08 3.97 3.86 3.82 3.78 3.69 3.68 3.77 3.78 3.76 3.75 3.63 3.30 3.10 3.71 4.51 4.73 4.91 5.20 5.17 4.82 4.66 4.74 4.96 5.26 5.55 5.72 5.66 5.45 5.19 4.99 5.07 5.46 5.46 5.25 4.98 4.59 4.43 4.60 4.78 5.00 5.77 6.19 6.70 6.89 6.08 5.72 5.55 5.26 5.50 5.56 5.11 4.64 4.43 4.62 4.68 3.73 2.50 2.39 3.56 5.03 6.22 6.55 5.93 5.55 4.81
5.81 5.70 5.55 5.46 5.30 5.11 4.96 4.84 4.76 4.68 4.52 4.37 4.31 4.21 4.09 4.02 3.97 4.00 4.00 3.88 3.79 3.77 3.71 3.60 3.59 3.67 3.68 3.73 3.81 3.70 3.32 3.07 3.64 4.39 4.71 4.94 5.00 4.99 4.93 4.69 4.61 4.86 5.22 5.66 5.99 5.79 5.41 5.34 5.15 5.09 5.50 5.52 5.32 5.25 4.87 4.50 4.60 4.62 4.43 5.15 6.16 6.88 7.19 6.60 5.83 5.27 5.06 5.25 5.31 5.16 4.89 4.71 4.96 4.93 4.02 2.77 2.19 2.87 4.04 5.44 6.60 6.66 6.39 5.76
5.83 5.74 5.59 5.48 5.30 5.10 4.93 4.84 4.81 4.72 4.53 4.32 4.23 4.20 4.08 3.98 3.94 3.93 3.92 3.80 3.72 3.71 3.61 3.50 3.49 3.54 3.56 3.75 4.04 3.88 3.41 3.20 3.50 4.10 4.60 4.93 5.00 4.99 4.95 4.72 4.55 4.69 5.04 5.69 6.20 5.78 5.37 5.53 5.42 5.26 5.48 5.55 5.43 5.36 5.07 4.68 4.67 4.59 4.23 4.57 5.77 6.96 7.51 7.02 5.75 4.86 4.72 4.86 5.03 5.11 4.96 4.90 5.18 4.91 3.97 3.14 2.57 2.61 3.19 4.22 5.70 6.58 6.79 6.75
5.86 5.77 5.61 5.47 5.30 5.09 4.91 4.87 4.86 4.71 4.50 4.29 4.20 4.16 4.04 3.95 3.92 3.88 3.83 3.73 3.65 3.62 3.52 3.40 3.35 3.32 3.42 3.87 4.41 4.19 3.57 3.39 3.48 3.74 4.30 4.73 5.02 5.31 5.14 4.69 4.51 4.55 4.87 5.69 6.07 5.58 5.51 5.73 5.64 5.56 5.57 5.67 5.61 5.38 5.09 4.72 4.61 4.65 4.46 4.47 5.41 6.91 7.55 6.96 5.76 4.90 4.57 4.59 5.00 5.34 5.31 5.25 5.12 4.54 3.78 3.47 3.55 3.16 2.69 3.14 4.49 5.71 6.38 7.04
5.86 5.79 5.62 5.47 5.31 5.08 4.92 4.92 4.87 4.65 4.44 4.30 4.21 4.10 3.98 3.94 3.89 3.82 3.74 3.66 3.59 3.53 3.43 3.29 3.17 3.02 3.19 4.03 4.73 4.53 3.94 3.71 3.63 3.50 3.76 4.21 4.80 5.64 5.58 4.78 4.48 4.59 4.87 5.58 5.70 5.26 5.65 6.03 5.89 5.73 5.71 5.96 5.90 5.58 5.12 4.42 4.34 4.81 4.95 4.92 5.86 7.16 7.11 6.28 5.72 5.28 4.78 4.62 5.10 5.78 6.09 5.70 4.85 4.12 3.41 3.44 4.39 4.40 2.93 2.43 3.38 4.45 5.22 6.16
5.85 5.80 5.65 5.47 5.30 5.08 4.95 4.96 4.82 4.57 4.41 4.30 4.20 4.05 3.94 3.92 3.85 3.75 3.67 3.61 3.55 3.47 3.33 3.15 2.96 2.71 2.91 3.99 4.82 4.77 4.53 4.30 3.95 3.59 3.44 3.53 4.22 5.61 5.99 5.03 4.45 4.79 4.95 5.24 5.31 4.96 5.48 6.23 6.38 5.85 5.59 6.20 6.35 6.07 5.31 3.88 3.89 5.02 5.55 5.69 6.72 7.39 6.40 5.32 5.21 5.21 4.82 4.71 5.18 6.04 6.68 5.99 4.68 3.82 3.08 3.04 4.34 5.44 4.24 2.56 2.59 3.32 4.08 4.94
5.84 5.80 5.66 5.46 5.29 5.09 4.99 4.95 4.72 4.49 4.38 4.28 4.17 4.05 3.94 3.89 3.81 3.68 3.60 3.58 3.53 3.42 3.24 3.01 2.74 2.45 2.70 3.72 4.56 4.82 5.10 5.10 4.47 3.97 3.60 3.28 3.79 5.25 6.12 5.24 4.61 5.00 4.94 4.99 4.94 4.71 5.09 5.97 6.79 6.23 5.40 6.16 6.76 6.64 5.69 3.68 3.47 5.05 6.20 6.52 7.11 7.20 6.13 4.97 4.77 4.90 4.62 4.68 5.38 6.24 6.82 6.14 4.87 3.93 3.08 2.78 3.60 5.52 5.44 3.57 2.49 2.52 3.30 4.24
5.84 5.80 5.63 5.45 5.29 5.12 5.00 4.87 4.63 4.44 4.34 4.25 4.16 4.06 3.96 3.84 3.76 3.64 3.56 3.55 3.49 3.36 3.16 2.92 2.61 2.32 2.58 3.34 3.93 4.41 5.25 5.82 5.32 4.73 4.14 3.35 3.50 4.99 6.04 5.31 4.86 5.05 4.87 5.06 4.78 4.50 4.90 5.51 6.58 6.55 5.73 6.19 6.98 7.18 6.30 4.32 3.55 4.86 6.70 7.50 7.19 6.47 5.94 5.27 4.79 4.63 4.26 4.54 5.80 6.56 6.54 5.84 5.02 4.28 3.37 2.99 3.58 5.21 6.02 4.84 2.99 2.17 2.70 3.80
5.87 5.79 5.59 5.41 5.31 5.16 4.96 4.76 4.58 4.42 4.30 4.23 4.14 4.06 3.97 3.83 3.72 3.62 3.53 3.51 3.44 3.28 3.11 2.89 2.58 2.37 2.53 2.94 3.25 3.67 4.71 5.85 6.01 5.72 4.77 3.30 3.32 4.82 5.89 5.32 4.88 4.91 4.73 5.12 4.92 4.50 4.84 5.27 5.99 6.19 5.90 6.20 6.87 7.50 6.94 5.11 4.27 5.04 6.85 8.21 7.23 5.52 5.35 5.47 5.09 4.51 3.89 4.32 6.20 7.02 6.12 5.08 4.73 4.28 3.57 3.45 3.82 5.01 6.31 5.95 3.90 2.32 2.40 3.34
5.92 5.78 5.51 5.35 5.36 5.21 4.88 4.67 4.54 4.39 4.27 4.19 4.12 4.05 3.97 3.83 3.70 3.59 3.50 3.47 3.41 3.23 3.07 2.89 2.65 2.48 2.49 2.61 2.76 3.25 4.33 5.47 6.12 6.41 5.26 3.15 3.18 4.87 5.68 5.23 4.89 4.67 4.51 4.91 4.88 4.57 4.89 5.32 5.52 5.51 5.50 5.79 6.29 7.27 7.13 5.59 5.26 5.99 7.18 8.44 7.31 5.11 4.85 5.56 5.66 4.68 3.67 4.20 6.44 7.36 5.80 4.60 4.44 3.98 3.43 3.51 3.87 4.84 6.34 6.75 5.10 3.10 2.62 3.12
5.89 5.73 5.42 5.32 5.43 5.17 4.76 4.61 4.50 4.36 4.22 4.16 4.12 4.04 3.96 3.82 3.67 3.60 3.51 3.45 3.40 3.23 3.02 2.91 2.79 2.55 2.43 2.32 2.31 2.96 4.31 5.43 6.09 6.78 5.70 3.21 3.13 4.95 5.38 4.89 4.86 4.57 4.41 4.75 4.70 4.60 5.08 5.40 5.25 5.33 5.41 5.44 5.68 6.56 6.89 5.85 5.73 6.91 8.04 8.57 7.02 4.79 4.47 5.64 6.44 5.31 3.70 4.01 6.38 7.51 5.89 4.70 4.48 3.79 3.28 3.35 3.71 4.64 6.17 7.13 6.02 4.21 3.45 3.31
5.80 5.66 5.36 5.37 5.43 5.04 4.68 4.54 4.45 4.33 4.18 4.15 4.11 4.01 3.94 3.78 3.67 3.63 3.54 3.45 3.40 3.25 3.00 2.93 2.91 2.61 2.38 2.11 1.96 2.63 4.07 5.33 5.89 6.84 6.48 3.73 3.09 4.78 5.11 4.65 4.80 4.60 4.48 4.77 4.66 4.75 5.23 5.27 5.13 5.37 5.49 5.38 5.41 5.77 6.19 5.79 5.56 6.73 8.49 9.11 7.33 4.68 3.97 5.37 7.03 6.43 4.40 3.82 5.58 7.20 6.30 5.13 4.69 3.86 3.30 3.23 3.45 4.24 5.83 7.28 6.98 5.56 4.69 4.04
5.69 5.56 5.37 5.43 5.35 4.93 4.61 4.46 4.41 4.31 4.18 4.13 4.07 3.99 3.91 3.77 3.70 3.68 3.58 3.47 3.42 3.29 3.08 2.98 2.92 2.67 2.35 2.02 1.88 2.46 3.79 4.96 5.55 6.52 6.94 4.93 3.25 4.32 4.88 4.60 4.76 4.70 4.64 4.82 4.82 4.99 5.14 5.07 5.18 5.40 5.46 5.46 5.43 5.36 5.54 5.70 5.62 6.02 7.64 9.27 8.29 5.26 3.59 4.56 6.96 7.49 5.93 4.41 4.93 6.30 6.09 5.44 4.95 4.08 3.41 3.09 3.08 3.59 4.80 6.55 7.43 6.97 6.23 5.40
5.58 5.49 5.41 5.44 5.24 4.81 4.51 4.39 4.37 4.30 4.18 4.09 4.04 3.97 3.88 3.80 3.74 3.71 3.60 3.50 3.47 3.36 3.19 3.06 2.88 2.66 2.33 2.05 1.96 2.55 3.71 4.51 5.21 6.15 6.81 5.73 4.02 4.04 4.64 4.62 4.68 4.82 4.91 4.91 5.09 5.32 5.02 5.00 5.30 5.42 5.46 5.56 5.58 5.39 5.45 5.75 5.89 5.88 6.62 8.59 8.70 5.91 3.52 3.69 6.06 7.87 7.45 5.86 5.30 5.45 5.15 5.22 5.06 4.25 3.56 3.04 2.89 3.28 3.81 4.74 6.20 7.00 7.24 6.91
5.49 5.45 5.41 5.36 5.07 4.64 4.43 4.35 4.31 4.27 4.17 4.07 4.01 3.94 3.89 3.84 3.78 3.72 3.63 3.56 3.52 3.43 3.29 3.13 2.92 2.66 2.35 2.04 2.09 2.93 3.83 4.26 4.98 5.82 6.28 5.78 4.76 4.38 4.69 4.76 4.63 4.83 5.12 5.11 5.30 5.52 5.11 5.10 5.37 5.37 5.49 5.56 5.60 5.60 5.61 5.78 6.05 6.18 6.47 7.92 8.61 6.46 3.88 3.24 4.71 7.19 8.26 7.47 6.17 4.98 4.42 4.84 4.91 4.23 3.61 3.16 3.00 3.42 3.93 4.09 4.51 5.57 6.89 7.74
5.45 5.41 5.36 5.19 4.83 4.52 4.38 4.31 4.25 4.24 4.18 4.06 3.98 3.95 3.93 3.87 3.80 3.74 3.68 3.63 3.57 3.48 3.36 3.22 3.02 2.73 2.38 2.01 2.31 3.50 3.95 4.12 4.69 5.27 5.76 5.37 4.69 4.71 5.06 5.02 4.82 4.93 5.14 5.29 5.52 5.54 5.23 5.25 5.39 5.51 5.61 5.42 5.45 5.79 5.82 5.66 5.88 6.42 6.77 7.64 8.40 7.04 4.70 3.34 3.71 5.92 8.19 8.39 6.71 5.05 4.58 4.89 4.91 4.17 3.56 3.41 3.13 3.35 4.52 4.73 3.97 4.41 5.80 7.35
