windninja/windninja_output/Output_2025-08-09_0700-0750_Google earth_Fire_150m_10min/merlingen_7.5mi_point_08-09-2025_0750_150m_vel.asc
ncols	158
nrows	163
xllcorner	391686.332397
yllcorner	5160024.123721
cellsize	150.000000
NODATA_value	-32768.000000
[rows 114 to 151 of 163, columns 0 to 83 of 158]
0.72 0.75 0.78 0.80 0.84 0.84 0.80 0.79 0.79 0.81 0.88 1.02 1.04 0.93 1.03 1.10 0.73 0.25 0.25 0.54 0.91 1.38 1.53 1.11 0.90 0.94 0.91 0.83 0.79 0.79 1.04 1.55 1.82 1.87 1.76 1.39 1.07 0.88 0.66 0.50 0.46 0.55 0.70 0.70 0.48 0.26 0.20 0.18 0.16 0.15 0.13 0.08 0.14 0.35 0.54 0.62 0.61 0.65 0.77 0.86 0.82 0.77 0.82 0.89 0.84 0.81 0.88 0.91 0.90 0.82 0.73 0.71 0.73 0.71 0.75 0.83 0.81 0.74 0.68 0.71 0.78 0.73 0.57 0.49
0.66 0.74 0.82 0.84 0.85 0.86 0.85 0.81 0.76 0.79 0.88 0.96 0.93 0.93 1.13 1.23 0.82 0.23 0.13 0.33 0.67 1.08 1.43 1.45 1.26 1.06 0.95 0.92 1.00 0.82 0.79 1.29 1.87 2.09 1.82 1.36 1.02 0.84 0.68 0.53 0.50 0.62 0.71 0.69 0.53 0.33 0.21 0.16 0.15 0.13 0.10 0.08 0.04 0.22 0.46 0.60 0.61 0.62 0.71 0.82 0.83 0.78 0.81 0.90 0.88 0.81 0.84 0.90 0.91 0.88 0.82 0.80 0.81 0.75 0.71 0.79 0.86 0.81 0.70 0.68 0.78 0.79 0.65 0.55
0.59 0.70 0.83 0.85 0.85 0.84 0.84 0.85 0.85 0.87 0.94 0.88 0.76 0.83 1.16 1.37 0.93 0.25 0.08 0.19 0.50 0.80 1.08 1.39 1.48 1.28 1.02 1.00 1.16 0.92 0.69 1.06 1.71 2.15 1.94 1.38 0.99 0.76 0.70 0.62 0.58 0.67 0.69 0.69 0.60 0.39 0.22 0.14 0.14 0.12 0.07 0.06 0.04 0.11 0.36 0.55 0.62 0.61 0.66 0.77 0.80 0.78 0.81 0.88 0.89 0.82 0.82 0.88 0.92 0.91 0.88 0.87 0.91 0.90 0.77 0.73 0.81 0.86 0.78 0.69 0.76 0.80 0.67 0.57
0.53 0.66 0.80 0.85 0.86 0.82 0.78 0.82 0.92 1.01 1.04 0.82 0.60 0.67 1.14 1.48 1.06 0.31 0.04 0.10 0.36 0.62 0.80 1.08 1.38 1.46 1.25 1.15 1.34 1.03 0.71 0.85 1.34 1.97 1.99 1.41 0.96 0.70 0.71 0.74 0.69 0.69 0.68 0.70 0.66 0.46 0.27 0.18 0.15 0.15 0.09 0.03 0.06 0.05 0.25 0.50 0.62 0.62 0.64 0.72 0.76 0.75 0.81 0.89 0.90 0.83 0.83 0.88 0.91 0.92 0.91 0.90 0.95 1.02 0.99 0.84 0.76 0.83 0.85 0.77 0.78 0.80 0.67 0.56
0.51 0.61 0.77 0.85 0.86 0.82 0.75 0.77 0.90 1.03 1.13 0.88 0.51 0.56 1.01 1.52 1.33 0.51 0.12 0.13 0.21 0.43 0.62 0.79 1.00 1.27 1.27 1.28 1.44 1.32 0.97 0.85 1.07 1.69 1.89 1.66 1.26 0.88 0.84 0.85 0.77 0.74 0.71 0.72 0.70 0.55 0.36 0.24 0.19 0.16 0.12 0.03 0.08 0.09 0.17 0.42 0.60 0.64 0.64 0.69 0.72 0.70 0.76 0.87 0.90 0.87 0.86 0.89 0.92 0.93 0.91 0.89 0.93 1.03 1.12 1.06 0.88 0.82 0.86 0.85 0.85 0.83 0.69 0.55
0.51 0.58 0.74 0.87 0.85 0.78 0.75 0.78 0.88 0.95 1.10 1.01 0.54 0.50 0.85 1.39 1.54 0.87 0.27 0.20 0.24 0.33 0.50 0.67 0.81 0.93 0.98 1.07 1.29 1.38 1.28 1.09 1.19 1.56 1.72 1.75 1.60 1.23 1.08 1.05 0.98 0.90 0.84 0.80 0.75 0.65 0.47 0.33 0.24 0.19 0.15 0.08 0.10 0.12 0.14 0.34 0.56 0.64 0.65 0.69 0.72 0.68 0.70 0.78 0.84 0.86 0.86 0.89 0.95 0.96 0.91 0.87 0.88 0.96 1.10 1.19 1.10 0.95 0.90 0.89 0.89 0.86 0.73 0.59
0.49 0.55 0.71 0.90 0.88 0.76 0.78 0.84 0.90 0.87 0.97 1.07 0.66 0.47 0.72 1.22 1.60 1.25 0.52 0.25 0.28 0.34 0.45 0.62 0.77 0.84 0.88 0.93 1.06 1.23 1.35 1.30 1.33 1.50 1.57 1.62 1.57 1.41 1.19 1.11 1.18 1.16 1.08 0.98 0.89 0.78 0.63 0.46 0.32 0.25 0.20 0.14 0.13 0.15 0.15 0.28 0.51 0.63 0.65 0.69 0.72 0.68 0.69 0.73 0.72 0.76 0.76 0.73 0.84 0.95 0.93 0.86 0.83 0.86 0.98 1.15 1.24 1.16 1.04 0.97 0.92 0.88 0.77 0.64
0.45 0.52 0.69 0.89 0.96 0.86 0.90 0.97 0.97 0.81 0.86 1.13 0.79 0.41 0.60 1.09 1.59 1.47 0.82 0.38 0.30 0.38 0.48 0.62 0.78 0.84 0.86 0.91 1.13 1.34 1.38 1.39 1.42 1.42 1.53 1.54 1.40 1.41 1.11 0.91 1.07 1.22 1.27 1.13 0.99 0.89 0.76 0.59 0.43 0.34 0.27 0.20 0.16 0.18 0.19 0.26 0.49 0.62 0.64 0.69 0.72 0.68 0.69 0.73 0.71 0.75 0.74 0.58 0.59 0.80 0.89 0.86 0.82 0.80 0.84 0.98 1.18 1.29 1.25 1.14 1.03 0.94 0.81 0.69
0.40 0.50 0.64 0.77 0.92 0.99 1.08 1.19 1.17 0.87 0.82 1.19 0.91 0.36 0.43 0.84 1.48 1.62 1.05 0.60 0.40 0.43 0.52 0.63 0.80 0.85 0.85 0.99 1.31 1.49 1.35 1.36 1.43 1.34 1.48 1.51 1.31 1.38 1.13 0.78 0.80 1.03 1.33 1.30 1.06 0.93 0.80 0.61 0.47 0.41 0.34 0.26 0.20 0.21 0.21 0.25 0.46 0.62 0.65 0.70 0.72 0.68 0.70 0.73 0.76 0.86 0.87 0.66 0.51 0.55 0.71 0.79 0.81 0.78 0.74 0.79 0.96 1.19 1.33 1.33 1.23 1.09 0.90 0.76
0.36 0.46 0.59 0.62 0.73 0.89 1.04 1.23 1.38 1.17 1.00 1.31 1.02 0.34 0.32 0.62 1.20 1.66 1.40 0.92 0.67 0.56 0.56 0.66 0.81 0.85 0.87 1.09 1.53 1.57 1.23 1.25 1.36 1.25 1.40 1.48 1.25 1.32 1.28 0.83 0.64 0.81 1.21 1.46 1.27 1.02 0.84 0.61 0.48 0.44 0.40 0.33 0.25 0.25 0.23 0.24 0.41 0.60 0.64 0.67 0.71 0.71 0.73 0.74 0.76 0.89 0.98 0.88 0.63 0.47 0.52 0.66 0.73 0.74 0.70 0.66 0.73 0.93 1.17 1.33 1.39 1.32 1.10 0.87
0.37 0.47 0.56 0.54 0.61 0.78 0.90 1.07 1.36 1.35 1.35 1.48 0.97 0.38 0.33 0.53 0.88 1.41 1.64 1.36 1.02 0.80 0.67 0.70 0.79 0.82 0.90 1.29 1.77 1.50 1.00 1.12 1.29 1.21 1.31 1.46 1.23 1.18 1.29 0.95 0.64 0.64 0.93 1.41 1.52 1.23 0.94 0.68 0.50 0.47 0.46 0.41 0.33 0.30 0.29 0.30 0.42 0.61 0.67 0.62 0.65 0.75 0.76 0.76 0.79 0.88 0.96 1.01 0.91 0.61 0.49 0.58 0.63 0.62 0.63 0.59 0.57 0.68 0.89 1.08 1.26 1.42 1.35 1.06
0.39 0.49 0.57 0.54 0.58 0.72 0.83 0.95 1.21 1.30 1.48 1.70 1.19 0.52 0.42 0.51 0.67 0.95 1.38 1.62 1.57 1.21 0.90 0.80 0.86 0.94 1.20 1.74 1.71 1.12 0.73 1.01 1.27 1.17 1.21 1.42 1.25 1.08 1.20 1.04 0.71 0.55 0.66 1.16 1.57 1.46 1.11 0.77 0.54 0.49 0.49 0.46 0.40 0.36 0.35 0.38 0.50 0.69 0.79 0.68 0.65 0.76 0.79 0.78 0.84 0.91 0.93 0.99 1.04 0.90 0.67 0.62 0.63 0.58 0.54 0.52 0.48 0.50 0.63 0.78 0.91 1.21 1.43 1.31
0.37 0.49 0.58 0.52 0.55 0.67 0.79 0.89 1.04 1.17 1.40 1.82 1.64 0.86 0.64 0.58 0.56 0.68 0.95 1.36 1.65 1.65 1.23 1.00 1.18 1.41 1.54 1.58 1.18 0.67 0.55 0.91 1.27 1.16 1.12 1.35 1.29 1.06 1.05 1.01 0.77 0.54 0.52 0.88 1.43 1.58 1.28 0.90 0.65 0.55 0.52 0.48 0.43 0.41 0.39 0.40 0.50 0.69 0.85 0.80 0.74 0.77 0.79 0.80 0.86 0.93 0.94 0.96 1.02 1.04 0.95 0.85 0.75 0.63 0.55 0.49 0.44 0.43 0.48 0.58 0.69 0.91 1.22 1.36
0.35 0.47 0.58 0.51 0.51 0.63 0.77 0.89 0.93 1.02 1.22 1.67 1.86 1.50 1.13 0.75 0.51 0.61 0.82 1.07 1.40 1.65 1.51 1.24 1.33 1.46 1.33 1.01 0.73 0.51 0.44 0.76 1.21 1.22 1.15 1.29 1.29 1.12 0.95 0.91 0.80 0.57 0.47 0.64 1.17 1.56 1.39 0.99 0.74 0.61 0.57 0.52 0.46 0.44 0.43 0.42 0.47 0.65 0.81 0.82 0.79 0.80 0.80 0.81 0.87 0.93 0.94 0.95 0.99 1.02 1.06 1.06 0.93 0.77 0.65 0.56 0.45 0.42 0.45 0.48 0.56 0.73 0.92 1.13
0.34 0.46 0.59 0.52 0.48 0.56 0.73 0.87 0.88 0.89 0.99 1.32 1.72 1.88 1.71 1.06 0.67 0.72 0.92 1.29 1.44 1.48 1.53 1.38 1.37 1.39 1.16 0.86 0.61 0.46 0.44 0.64 1.02 1.20 1.28 1.34 1.30 1.15 0.94 0.87 0.80 0.65 0.52 0.51 0.88 1.43 1.46 1.04 0.79 0.68 0.60 0.55 0.51 0.49 0.47 0.46 0.49 0.63 0.78 0.82 0.81 0.82 0.82 0.84 0.89 0.93 0.95 0.95 0.98 0.99 1.06 1.15 1.11 0.93 0.77 0.68 0.53 0.45 0.46 0.46 0.48 0.57 0.71 0.87
0.34 0.45 0.58 0.53 0.46 0.53 0.65 0.79 0.83 0.79 0.80 0.96 1.27 1.65 1.88 1.77 1.21 1.04 1.37 1.70 1.44 1.17 1.36 1.49 1.54 1.52 1.25 0.86 0.61 0.50 0.50 0.56 0.74 0.97 1.25 1.51 1.47 1.17 0.96 0.90 0.83 0.73 0.63 0.55 0.68 1.15 1.40 1.16 0.92 0.79 0.67 0.60 0.54 0.53 0.50 0.49 0.52 0.65 0.78 0.82 0.82 0.83 0.85 0.87 0.91 0.94 0.95 0.95 0.97 0.99 1.05 1.17 1.23 1.12 0.93 0.81 0.67 0.51 0.48 0.51 0.50 0.49 0.52 0.64
0.35 0.45 0.60 0.56 0.47 0.56 0.68 0.74 0.75 0.71 0.69 0.71 0.84 1.08 1.47 1.84 1.84 1.76 1.83 1.60 1.09 0.91 1.07 1.42 1.69 1.66 1.27 0.89 0.72 0.60 0.54 0.49 0.49 0.67 0.96 1.42 1.69 1.43 1.07 0.96 0.90 0.82 0.75 0.67 0.64 0.81 1.13 1.14 1.03 0.89 0.74 0.66 0.58 0.54 0.52 0.49 0.53 0.66 0.79 0.84 0.83 0.83 0.86 0.89 0.92 0.95 0.96 0.95 0.96 0.99 1.05 1.15 1.24 1.26 1.15 1.01 0.83 0.60 0.53 0.55 0.53 0.51 0.47 0.46
0.36 0.45 0.61 0.63 0.53 0.61 0.72 0.79 0.80 0.71 0.63 0.61 0.66 0.83 1.08 1.46 2.06 2.30 1.90 1.21 0.92 0.85 0.89 1.14 1.67 1.81 1.23 0.93 0.86 0.69 0.57 0.48 0.41 0.45 0.67 1.06 1.57 1.71 1.40 1.13 1.03 0.92 0.86 0.79 0.66 0.58 0.71 0.91 1.03 0.93 0.76 0.69 0.63 0.57 0.54 0.50 0.52 0.65 0.79 0.85 0.84 0.83 0.83 0.88 0.92 0.94 0.97 0.96 0.94 0.97 1.05 1.14 1.20 1.27 1.28 1.21 1.03 0.73 0.60 0.62 0.60 0.53 0.45 0.40
0.37 0.43 0.57 0.65 0.63 0.63 0.68 0.81 0.95 0.84 0.65 0.59 0.61 0.75 1.01 1.33 2.13 2.52 1.83 1.14 0.95 0.84 0.83 0.94 1.43 1.85 1.52 1.05 0.94 0.77 0.61 0.51 0.39 0.34 0.51 0.77 1.16 1.57 1.62 1.48 1.31 1.09 0.98 0.91 0.70 0.44 0.39 0.62 0.89 0.91 0.76 0.69 0.65 0.60 0.57 0.54 0.54 0.65 0.78 0.84 0.86 0.87 0.81 0.85 0.91 0.93 0.96 0.95 0.92 0.94 1.02 1.11 1.17 1.26 1.31 1.31 1.23 0.90 0.68 0.73 0.69 0.54 0.42 0.39
0.39 0.44 0.52 0.62 0.71 0.68 0.60 0.69 0.97 1.07 0.83 0.64 0.65 0.81 1.03 1.43 2.20 2.44 1.99 1.35 1.01 0.85 0.82 0.88 1.14 1.65 1.75 1.34 1.03 0.83 0.67 0.55 0.40 0.38 0.46 0.62 0.88 1.20 1.43 1.61 1.57 1.29 1.13 1.06 0.84 0.54 0.39 0.47 0.73 0.83 0.75 0.68 0.65 0.62 0.60 0.58 0.59 0.68 0.80 0.87 0.91 0.93 0.86 0.86 0.92 0.93 0.95 0.95 0.89 0.90 0.98 1.06 1.10 1.21 1.35 1.41 1.36 1.02 0.74 0.79 0.80 0.59 0.40 0.36
0.43 0.47 0.52 0.59 0.73 0.72 0.60 0.59 0.75 1.04 1.07 0.82 0.83 1.01 1.32 1.92 2.26 2.19 1.93 1.65 1.23 0.84 0.78 0.79 0.81 1.18 1.71 1.74 1.32 0.95 0.75 0.63 0.50 0.46 0.48 0.53 0.72 0.91 1.16 1.50 1.63 1.42 1.24 1.15 0.95 0.77 0.59 0.51 0.65 0.79 0.77 0.69 0.64 0.63 0.61 0.60 0.63 0.71 0.80 0.86 0.93 0.95 0.91 0.90 0.94 0.97 0.97 0.98 0.90 0.84 0.90 0.99 1.04 1.10 1.31 1.51 1.52 1.19 0.82 0.79 0.83 0.68 0.44 0.34
0.44 0.52 0.56 0.60 0.72 0.75 0.67 0.63 0.63 0.81 1.03 0.98 0.96 1.26 1.98 2.32 2.10 1.87 1.73 1.70 1.49 0.96 0.74 0.69 0.60 0.76 1.30 1.79 1.73 1.24 0.87 0.74 0.65 0.54 0.51 0.51 0.55 0.70 1.04 1.42 1.53 1.44 1.33 1.14 1.00 0.92 0.77 0.64 0.67 0.78 0.80 0.74 0.68 0.64 0.62 0.60 0.64 0.74 0.80 0.85 0.92 0.94 0.93 0.93 0.96 1.01 1.01 1.03 1.02 0.87 0.78 0.86 0.95 1.00 1.18 1.48 1.63 1.45 0.99 0.83 0.81 0.69 0.54 0.42
0.38 0.53 0.64 0.62 0.70 0.74 0.71 0.69 0.67 0.74 0.87 0.94 0.95 1.46 2.42 2.32 1.78 1.68 1.58 1.60 1.53 1.14 0.82 0.70 0.58 0.60 0.93 1.50 1.82 1.60 1.12 0.87 0.81 0.67 0.57 0.54 0.47 0.54 1.00 1.42 1.37 1.36 1.34 1.08 0.99 0.97 0.86 0.70 0.68 0.76 0.78 0.75 0.71 0.67 0.63 0.61 0.65 0.76 0.82 0.87 0.92 0.93 0.95 0.95 0.98 1.03 1.04 1.08 1.17 1.04 0.80 0.72 0.78 0.83 0.99 1.33 1.62 1.64 1.36 1.01 0.81 0.68 0.59 0.53
0.28 0.44 0.66 0.69 0.73 0.73 0.68 0.69 0.74 0.81 0.85 0.93 0.97 1.68 2.54 2.19 1.70 1.56 1.43 1.47 1.47 1.19 0.92 0.79 0.61 0.55 0.72 1.20 1.66 1.71 1.36 1.07 0.95 0.83 0.70 0.55 0.44 0.44 0.96 1.42 1.27 1.18 1.20 1.06 0.97 0.96 0.88 0.73 0.70 0.75 0.76 0.75 0.72 0.68 0.65 0.62 0.66 0.77 0.82 0.86 0.91 0.94 0.96 0.96 0.98 1.04 1.08 1.12 1.25 1.25 0.98 0.74 0.69 0.67 0.68 0.99 1.42 1.63 1.61 1.42 1.02 0.71 0.63 0.60
0.27 0.36 0.55 0.71 0.82 0.78 0.66 0.63 0.71 0.83 0.93 1.02 1.19 2.10 2.54 2.06 1.66 1.47 1.29 1.39 1.46 1.23 1.00 0.87 0.68 0.58 0.66 1.02 1.40 1.53 1.50 1.38 1.14 0.95 0.85 0.63 0.42 0.44 0.88 1.37 1.24 0.99 1.01 1.00 0.96 0.98 0.92 0.79 0.74 0.76 0.77 0.76 0.73 0.70 0.66 0.63 0.68 0.77 0.81 0.84 0.88 0.93 0.97 0.97 0.99 1.05 1.11 1.17 1.27 1.36 1.24 0.93 0.75 0.67 0.59 0.64 1.04 1.38 1.53 1.63 1.42 0.89 0.74 0.65
0.37 0.38 0.43 0.62 0.85 0.89 0.75 0.67 0.69 0.78 0.95 1.18 1.78 2.48 2.36 1.78 1.58 1.48 1.38 1.46 1.52 1.31 1.08 0.91 0.76 0.68 0.71 0.88 1.11 1.17 1.29 1.53 1.47 1.15 1.01 0.74 0.46 0.51 0.82 1.21 1.13 0.91 0.91 0.90 0.90 0.96 0.94 0.84 0.79 0.78 0.78 0.78 0.75 0.74 0.71 0.68 0.70 0.76 0.80 0.84 0.86 0.91 0.94 0.96 1.02 1.09 1.15 1.24 1.30 1.37 1.40 1.23 0.90 0.70 0.61 0.57 0.73 1.07 1.25 1.50 1.57 1.25 0.96 0.71
0.46 0.45 0.45 0.52 0.68 0.87 0.94 0.85 0.77 0.88 1.01 1.43 2.41 2.52 1.80 1.45 1.47 1.42 1.33 1.54 1.69 1.46 1.17 0.97 0.84 0.79 0.78 0.81 0.89 0.87 0.92 1.35 1.59 1.47 1.26 0.91 0.59 0.57 0.72 0.93 0.96 0.90 0.90 0.84 0.84 0.90 0.91 0.86 0.83 0.81 0.80 0.77 0.73 0.74 0.76 0.73 0.71 0.75 0.80 0.83 0.85 0.90 0.90 0.90 1.01 1.17 1.24 1.31 1.35 1.40 1.47 1.43 1.14 0.80 0.65 0.54 0.56 0.84 1.03 1.25 1.47 1.38 1.08 0.80
0.44 0.54 0.60 0.51 0.49 0.63 0.91 0.98 0.98 1.18 1.30 2.02 2.65 2.04 1.32 1.28 1.32 1.31 1.19 1.36 1.67 1.68 1.42 1.14 0.96 0.89 0.84 0.78 0.77 0.73 0.75 1.05 1.37 1.57 1.54 1.16 0.75 0.64 0.61 0.67 0.82 0.89 0.90 0.84 0.82 0.86 0.87 0.87 0.85 0.85 0.83 0.80 0.72 0.67 0.73 0.74 0.73 0.75 0.81 0.84 0.86 0.89 0.86 0.82 0.92 1.13 1.30 1.39 1.44 1.52 1.55 1.57 1.43 1.05 0.72 0.47 0.45 0.73 0.96 1.11 1.36 1.39 1.09 0.81
0.35 0.58 0.77 0.58 0.48 0.54 0.68 0.85 1.08 1.35 1.74 2.58 2.59 1.46 1.15 1.20 1.24 1.32 1.26 1.21 1.37 1.57 1.60 1.50 1.27 1.05 0.87 0.74 0.72 0.73 0.75 0.85 1.05 1.40 1.63 1.38 0.92 0.74 0.67 0.65 0.79 0.91 0.93 0.89 0.86 0.85 0.86 0.87 0.88 0.88 0.87 0.90 0.83 0.66 0.61 0.64 0.68 0.74 0.78 0.84 0.88 0.88 0.83 0.75 0.78 0.94 1.13 1.28 1.43 1.58 1.65 1.66 1.68 1.43 0.80 0.41 0.42 0.74 1.03 1.20 1.30 1.32 1.14 0.83
0.27 0.54 0.85 0.76 0.59 0.59 0.66 0.75 0.99 1.25 2.06 2.70 2.12 1.31 1.17 1.17 1.23 1.40 1.38 1.14 1.10 1.24 1.43 1.58 1.49 1.31 1.14 0.92 0.76 0.77 0.80 0.86 0.89 1.11 1.54 1.48 1.06 0.82 0.75 0.73 0.81 0.93 0.96 0.94 0.91 0.89 0.88 0.89 0.90 0.90 0.92 0.99 1.00 0.82 0.60 0.47 0.56 0.70 0.74 0.79 0.86 0.86 0.82 0.73 0.71 0.79 0.88 0.97 1.13 1.39 1.59 1.67 1.79 1.67 1.05 0.52 0.52 0.77 1.17 1.33 1.16 1.17 1.20 0.86
0.30 0.47 0.76 0.91 0.80 0.73 0.76 0.84 1.00 1.08 1.86 2.81 2.18 1.34 1.21 1.16 1.27 1.49 1.38 1.04 1.02 1.13 1.26 1.42 1.40 1.28 1.22 1.20 1.05 0.88 0.87 0.91 0.82 0.89 1.36 1.38 1.04 0.84 0.77 0.78 0.83 0.91 0.95 0.96 0.94 0.92 0.91 0.91 0.92 0.95 0.99 1.06 1.11 1.01 0.68 0.38 0.43 0.61 0.70 0.75 0.79 0.82 0.82 0.76 0.72 0.81 0.88 0.88 0.91 1.03 1.29 1.59 1.84 1.79 1.29 0.77 0.62 0.75 1.24 1.41 1.11 1.14 1.19 0.81
0.47 0.49 0.58 0.80 0.95 0.98 0.99 1.01 1.08 1.07 1.54 2.76 2.55 1.42 1.18 1.15 1.31 1.49 1.26 1.05 1.08 1.14 1.22 1.27 1.22 1.13 1.08 1.17 1.18 1.07 1.03 0.96 0.76 0.78 1.11 1.16 0.97 0.80 0.76 0.80 0.86 0.92 0.95 0.96 0.96 0.94 0.93 0.93 0.95 1.01 1.08 1.15 1.20 1.10 0.77 0.44 0.36 0.48 0.66 0.75 0.72 0.73 0.81 0.81 0.77 0.87 0.96 0.90 0.88 0.92 0.99 1.30 1.79 1.86 1.42 0.98 0.73 0.73 1.20 1.44 1.25 1.23 1.11 0.72
0.73 0.63 0.50 0.55 0.81 1.08 1.24 1.30 1.29 1.13 1.58 2.62 2.37 1.38 1.16 1.19 1.35 1.46 1.29 1.19 1.18 1.18 1.23 1.19 1.13 1.13 1.08 1.06 1.08 1.03 1.11 1.15 0.87 0.70 0.85 1.00 0.91 0.79 0.74 0.78 0.86 0.92 0.96 0.99 0.99 0.97 0.95 0.95 0.99 1.06 1.15 1.25 1.30 1.15 0.88 0.59 0.38 0.39 0.60 0.74 0.67 0.64 0.73 0.81 0.83 0.94 1.03 0.97 0.93 0.96 0.97 1.10 1.56 1.82 1.50 1.12 0.93 0.82 0.99 1.32 1.41 1.27 1.00 0.80
1.05 0.81 0.52 0.46 0.57 0.84 1.15 1.53 1.62 1.51 2.10 2.47 1.84 1.19 1.07 1.16 1.37 1.41 1.33 1.37 1.42 1.37 1.31 1.24 1.17 1.18 1.12 1.05 1.03 0.89 0.92 1.20 1.06 0.73 0.76 0.92 0.90 0.81 0.77 0.78 0.85 0.92 0.96 1.02 1.04 1.00 0.98 1.00 1.06 1.12 1.19 1.35 1.42 1.22 0.97 0.73 0.48 0.42 0.54 0.67 0.63 0.58 0.65 0.72 0.80 0.92 1.02 1.02 1.01 1.04 1.06 1.11 1.38 1.67 1.50 1.22 1.18 1.07 0.88 1.09 1.40 1.27 1.11 0.93
1.24 0.96 0.60 0.54 0.58 0.66 0.81 1.28 1.86 2.12 2.25 1.99 1.42 1.10 0.95 1.03 1.28 1.33 1.23 1.30 1.47 1.53 1.53 1.58 1.53 1.32 1.16 1.07 1.01 0.80 0.72 1.01 1.06 0.82 0.77 0.90 0.92 0.85 0.81 0.80 0.85 0.92 0.95 1.00 1.06 1.04 1.01 1.07 1.14 1.17 1.25 1.45 1.54 1.36 1.11 0.88 0.64 0.50 0.51 0.58 0.56 0.55 0.61 0.67 0.73 0.82 0.93 1.00 1.02 1.06 1.11 1.12 1.31 1.55 1.50 1.31 1.31 1.23 0.95 1.07 1.34 1.41 1.42 1.18
1.17 1.09 0.85 0.70 0.69 0.71 0.73 1.04 2.02 2.40 2.04 1.59 1.36 1.13 0.94 0.93 1.11 1.26 1.21 1.16 1.25 1.36 1.39 1.60 1.87 1.83 1.42 1.11 0.96 0.80 0.61 0.76 0.95 0.85 0.78 0.86 0.92 0.90 0.86 0.84 0.87 0.94 0.96 0.97 1.03 1.05 1.04 1.11 1.18 1.20 1.31 1.53 1.63 1.54 1.32 1.03 0.76 0.56 0.53 0.50 0.47 0.53 0.62 0.67 0.72 0.77 0.86 0.93 0.97 1.03 1.04 0.99 1.10 1.37 1.50 1.45 1.39 1.20 0.95 1.09 1.27 1.39 1.62 1.53
0.86 1.04 1.16 1.03 0.98 0.86 0.71 1.11 2.29 2.53 1.83 1.53 1.43 1.19 1.03 0.92 0.94 1.09 1.23 1.19 1.10 1.09 1.05 1.24 1.74 2.12 1.95 1.26 0.94 0.84 0.64 0.66 0.83 0.85 0.81 0.82 0.89 0.91 0.91 0.90 0.90 0.96 0.99 0.98 1.02 1.08 1.07 1.10 1.17 1.22 1.34 1.58 1.73 1.74 1.56 1.16 0.85 0.66 0.57 0.53 0.45 0.50 0.62 0.70 0.74 0.77 0.82 0.88 0.96 1.08 1.06 0.82 0.73 0.97 1.30 1.56 1.52 1.10 0.82 1.01 1.10 1.15 1.51 1.77
0.53 0.76 1.09 1.26 1.37 1.07 0.72 1.25 2.43 2.38 1.53 1.44 1.53 1.40 1.18 1.00 0.88 0.93 1.10 1.17 1.07 0.97 0.90 1.02 1.41 2.01 2.30 1.69 0.98 0.83 0.73 0.69 0.77 0.83 0.83 0.80 0.83 0.87 0.90 0.92 0.94 0.99 1.01 0.98 1.02 1.15 1.18 1.08 1.10 1.22 1.32 1.54 1.80 1.90 1.75 1.32 0.96 0.74 0.62 0.59 0.53 0.49 0.62 0.72 0.76 0.75 0.79 0.85 0.93 1.12 1.12 0.75 0.49 0.68 1.07 1.59 1.63 1.10 0.77 0.84 0.92 0.96 1.25 1.78
