windninja/windninja_output/Output_2025-08-09_0700-0750_Google earth_Fire_150m_10min/merlingen_7.5mi_point_08-09-2025_0750_150m_ang.asc
ncols	158
nrows	163
xllcorner	391686.332397
yllcorner	5160024.123721
cellsize	150.000000
NODATA_value	-32768.000000
[rows 84 to 125 of 163, columns 0 to 93 of 158]
256 255 257 256 252 249 246 243 244 244 247 251 253 254 256 257 257 258 259 260 260 259 257 254 253 252 250 248 247 246 245 244 244 245 247 249 250 248 246 243 241 239 239 239 239 239 240 241 242 240 237 236 236 237 239 240 241 240 240 240 239 238 238 237 237 236 235 235 234 233 233 232 231 230 229 227 225 222 217 210 197 194 201 211 224 227 227 225 222 221 221 220 219 217
256 255 255 255 253 250 245 244 247 250 252 252 252 253 253 254 255 257 259 261 263 263 262 260 258 256 253 250 249 248 246 244 242 241 243 245 247 248 249 248 246 243 243 243 245 246 247 249 250 249 245 242 239 238 239 241 241 241 241 240 240 239 238 238 237 236 236 235 234 234 233 232 231 230 229 228 225 222 218 210 197 191 198 213 227 227 225 224 222 221 221 220 220 219
258 256 255 256 254 250 245 244 248 253 253 251 251 252 252 252 253 255 258 261 264 265 266 268 265 257 252 251 251 250 247 246 243 241 240 240 240 242 245 248 249 247 244 243 244 246 248 250 252 252 250 247 244 242 241 242 243 242 242 241 241 240 239 238 237 237 236 235 235 234 233 232 232 231 229 228 226 223 219 212 198 188 192 213 227 229 227 225 222 221 221 220 218 214
260 258 257 256 252 247 243 243 247 251 251 250 252 251 251 251 249 251 255 258 261 261 265 271 269 255 247 248 248 248 247 248 247 246 245 241 238 237 239 241 244 246 245 244 244 245 247 249 250 251 251 249 247 245 245 245 246 246 245 243 242 241 239 238 238 237 236 236 235 234 234 233 232 231 230 229 227 225 222 216 204 188 188 209 226 228 227 227 225 225 224 220 215 209
261 260 257 253 247 241 240 241 244 247 248 250 251 248 247 245 244 247 250 254 256 256 263 267 261 242 243 245 246 245 246 247 248 250 251 250 246 242 240 240 240 241 243 243 243 243 245 247 247 247 247 248 248 246 246 246 248 249 249 247 244 242 240 239 238 237 237 236 236 235 234 234 233 232 231 230 228 227 225 221 213 199 195 219 231 230 229 228 227 228 225 219 214 212
261 259 255 251 246 242 240 240 240 242 248 251 248 245 244 240 240 244 249 253 255 259 264 260 238 226 237 243 244 245 245 246 247 248 250 253 254 250 247 245 244 243 242 243 244 244 244 245 246 246 245 244 244 244 243 242 244 247 252 253 248 242 240 239 238 238 237 237 236 235 235 234 233 232 232 231 230 229 227 225 221 214 215 237 248 246 241 236 232 231 228 221 220 223
260 257 251 248 249 247 243 239 235 238 245 248 243 240 239 237 237 241 247 255 263 266 261 243 220 218 233 241 243 245 246 247 247 247 248 250 252 253 250 248 247 246 245 245 246 246 245 245 245 246 246 245 244 242 240 239 240 244 250 253 247 242 240 239 238 238 238 237 237 236 235 235 234 233 233 232 231 230 229 228 226 225 226 240 252 254 252 247 241 239 234 225 226 229
255 251 243 240 242 242 239 234 230 235 243 242 234 232 231 231 233 236 243 257 268 266 245 227 214 217 232 240 243 245 246 247 248 249 249 249 249 250 251 248 245 245 246 247 248 248 248 247 247 248 249 249 248 245 238 236 238 240 243 242 238 237 239 239 239 238 238 238 237 237 236 235 235 234 234 233 232 232 231 230 230 230 231 236 244 248 250 248 246 245 238 231 237 239
251 245 236 232 232 230 225 218 217 226 235 234 228 228 229 231 232 233 241 251 256 241 229 222 215 221 234 240 244 246 248 249 250 251 251 250 249 249 251 251 246 243 244 247 249 250 250 250 251 252 253 254 254 250 242 237 240 242 241 238 234 234 237 239 239 239 239 238 238 237 237 236 236 235 234 234 233 233 233 232 232 233 235 239 245 249 250 251 251 248 243 245 250 251
250 244 236 232 231 228 222 212 207 218 226 223 215 213 214 220 224 227 241 246 239 216 216 218 217 226 236 242 245 247 248 251 254 254 253 251 250 250 251 251 248 243 243 245 248 250 251 251 252 253 255 259 258 252 249 250 252 250 246 242 237 235 237 239 240 240 240 239 238 238 238 237 236 236 235 235 234 234 234 234 234 235 237 242 249 254 256 258 257 252 248 249 251 250
248 244 238 237 239 236 230 218 208 219 226 221 214 210 210 218 224 230 242 241 227 213 212 217 221 231 239 243 244 246 249 253 257 257 255 252 252 252 252 251 248 243 241 242 242 244 247 250 251 251 253 257 255 249 251 256 260 257 251 247 242 238 238 240 241 241 240 240 239 239 238 238 237 237 236 236 236 235 235 235 235 236 238 240 245 251 255 257 254 250 246 245 244 243
244 241 240 242 244 242 236 227 222 232 237 233 228 227 228 238 240 246 247 237 224 221 221 227 231 238 242 244 244 244 248 253 256 256 255 254 254 254 253 252 250 246 243 240 238 238 240 243 247 249 251 249 243 243 249 253 256 256 253 249 246 242 241 242 242 242 242 241 240 240 239 239 238 238 237 237 236 236 236 236 236 237 237 239 241 244 247 248 246 244 242 240 239 238
240 242 243 243 243 239 235 233 239 254 259 251 245 243 250 256 255 258 251 228 225 230 235 242 246 247 246 245 245 246 249 252 253 253 254 256 257 257 256 255 254 252 249 245 241 238 237 240 243 247 247 244 240 240 246 251 254 255 254 252 248 244 244 244 244 243 243 242 242 241 240 240 239 239 238 238 238 237 237 237 237 237 238 238 239 240 241 241 241 240 239 238 237 235
236 244 246 244 243 239 236 235 240 251 258 256 254 252 256 259 263 261 247 227 226 235 244 254 258 253 248 247 248 252 255 255 253 253 255 258 260 260 260 258 257 256 255 253 250 246 244 246 248 249 246 243 242 241 245 249 252 254 254 254 252 249 248 247 246 245 244 243 243 242 241 241 240 240 239 239 239 238 238 238 238 238 238 238 238 239 239 239 238 237 237 236 234 233
238 248 251 250 251 247 243 240 241 245 251 258 264 266 266 267 266 258 242 231 229 237 248 256 254 243 243 248 252 256 258 258 257 256 256 258 262 265 265 263 261 259 259 258 256 255 255 255 253 251 247 245 244 243 245 247 249 251 252 252 252 252 253 252 250 248 247 246 244 243 242 242 241 241 241 240 240 239 239 239 238 238 238 238 238 238 238 237 237 236 235 234 233 232
244 253 257 258 260 258 256 253 250 249 251 255 260 267 269 267 261 252 241 234 233 241 250 251 239 232 240 248 253 256 258 260 260 260 259 260 262 265 268 269 267 264 262 260 256 256 256 255 252 248 247 246 244 243 244 246 247 248 250 249 248 249 252 254 255 254 251 248 246 245 244 243 243 242 242 241 241 241 240 240 239 239 239 238 238 238 237 237 236 235 234 234 233 232
245 252 257 259 260 259 260 260 257 253 253 253 254 261 265 261 258 254 244 238 244 254 255 244 232 234 242 249 253 256 258 261 264 266 266 266 265 265 267 272 273 270 267 263 259 256 254 253 250 247 246 245 243 243 243 243 244 246 248 247 246 246 247 250 253 255 254 251 248 246 245 245 244 244 243 243 242 242 241 241 240 240 239 239 238 238 237 236 236 235 234 233 232 232
247 252 257 258 257 257 258 258 257 255 254 252 250 249 251 251 251 250 245 248 259 262 252 238 236 241 246 250 253 256 259 263 267 271 274 275 272 270 270 273 276 275 272 270 264 258 255 253 251 248 246 244 244 244 244 243 242 243 245 245 246 246 245 247 249 251 253 252 250 249 248 247 247 246 245 245 244 244 243 242 242 241 240 239 239 238 237 237 236 235 234 233 232 231
250 253 257 256 255 256 257 257 256 255 254 252 248 242 240 243 245 244 242 251 258 252 241 239 241 245 249 253 254 257 261 264 268 272 277 280 281 278 276 276 279 280 278 276 271 262 256 252 250 248 246 245 244 243 244 243 242 242 242 242 243 244 245 246 247 249 249 249 249 250 252 252 251 249 248 247 246 246 245 244 243 242 241 241 240 239 238 237 236 235 234 233 232 231
251 253 255 255 254 255 256 256 255 255 254 253 251 249 249 249 249 247 247 252 249 237 238 242 243 244 249 254 257 260 263 265 267 271 275 281 286 286 283 281 282 285 285 283 281 272 261 253 249 247 246 246 245 243 243 242 242 242 241 241 240 240 241 244 246 246 246 245 244 246 251 255 256 254 252 251 250 249 248 247 245 244 243 242 241 240 239 238 237 236 235 234 233 232
251 252 252 253 254 255 256 256 256 256 258 258 259 263 267 266 260 255 255 254 243 236 239 242 241 242 247 252 256 262 265 266 268 270 273 278 285 289 289 286 287 290 291 290 289 283 270 259 251 247 246 246 246 245 244 242 241 241 242 242 242 241 241 243 244 244 242 241 239 241 246 250 255 258 259 258 257 255 252 250 249 247 245 243 242 241 240 239 238 237 236 235 234 233
252 251 251 252 253 255 256 256 255 257 260 263 267 271 273 272 268 262 257 251 244 241 242 240 239 241 246 249 253 260 264 267 269 269 270 275 283 290 292 292 291 293 294 295 296 292 280 266 255 249 247 245 244 244 245 244 242 241 241 242 242 241 242 244 244 243 242 238 236 239 242 243 246 252 256 260 262 261 259 257 255 252 248 246 244 242 241 240 238 237 236 236 235 234
251 251 249 249 251 252 254 254 254 256 259 262 265 267 269 269 266 261 255 247 244 246 245 239 238 241 243 246 251 258 263 268 269 266 267 275 284 291 294 295 295 295 296 298 301 300 290 275 262 254 249 245 242 241 242 243 243 242 242 241 241 241 242 243 243 243 242 239 235 237 240 241 241 242 246 252 256 258 258 261 262 259 253 248 246 244 242 241 240 239 238 237 236 234
249 248 246 247 249 250 251 252 251 252 254 255 255 255 259 262 261 258 252 246 244 248 248 240 236 238 240 241 246 256 263 267 265 260 265 277 286 290 291 295 298 298 297 299 303 305 302 287 271 260 254 249 245 242 241 240 240 241 242 241 241 242 242 242 242 241 241 239 236 235 238 240 241 242 244 247 250 251 251 254 259 262 259 253 249 246 244 242 241 240 239 238 237 235
248 246 244 246 247 247 247 247 247 248 249 250 249 248 252 255 257 254 248 245 247 251 251 243 236 236 238 237 242 253 261 263 260 255 267 280 285 285 286 292 299 300 299 301 304 307 311 302 280 264 256 252 249 246 242 240 239 240 240 239 239 241 242 242 242 241 240 239 236 234 236 239 242 244 244 245 246 248 250 251 253 257 261 259 253 248 246 244 243 242 241 239 238 237
247 245 245 246 247 247 246 245 246 247 248 248 245 245 249 253 254 246 239 242 250 256 254 247 238 235 237 236 242 253 258 257 255 255 267 278 281 281 286 291 294 295 299 305 308 308 314 317 295 270 257 251 247 246 244 242 239 239 240 238 237 239 240 240 241 242 242 240 237 234 235 239 242 243 244 244 245 247 249 251 252 253 257 261 258 253 249 247 245 244 243 242 241 240
246 246 248 250 251 251 250 249 248 247 247 247 245 245 250 255 254 239 231 238 249 258 258 251 244 239 237 235 242 251 256 255 252 254 265 275 278 282 288 287 281 284 294 306 312 312 317 327 315 284 264 252 246 244 243 242 240 240 241 239 237 238 239 237 238 241 243 242 239 235 234 238 241 242 243 245 246 246 247 249 252 253 255 257 260 258 254 251 249 247 246 245 245 243
246 248 251 253 253 252 250 250 248 247 246 248 248 248 251 256 254 231 225 235 245 256 262 255 247 245 242 238 239 245 251 255 252 252 263 273 279 285 288 281 277 277 282 296 309 314 319 331 332 304 273 256 247 244 243 241 239 241 242 240 239 239 238 236 235 237 240 241 240 237 236 239 242 242 243 244 245 245 246 249 252 254 254 254 255 257 257 255 253 252 251 251 250 248
249 251 253 252 251 250 248 247 247 245 242 246 250 251 253 257 254 226 221 231 238 248 258 255 246 251 255 253 245 241 244 250 252 256 267 275 279 283 282 277 276 272 272 282 301 315 320 330 339 328 290 259 247 245 244 241 239 239 240 239 238 238 238 236 235 235 236 237 238 239 240 242 243 243 243 244 244 243 243 245 249 253 254 253 252 251 253 255 256 256 258 258 255 251
251 251 252 251 251 251 249 246 244 240 239 245 250 250 252 256 255 225 215 224 231 240 248 251 247 255 261 264 259 247 242 245 252 263 273 278 278 275 273 270 266 262 268 278 292 308 314 320 335 342 324 274 248 245 244 242 239 238 239 238 237 235 236 238 236 235 235 234 234 235 236 240 243 242 241 243 244 243 242 242 246 251 253 253 252 249 248 250 251 254 258 260 255 251
247 248 249 249 249 249 249 247 243 240 242 247 249 245 247 256 258 232 205 221 227 234 240 245 249 254 257 258 261 258 246 243 251 263 274 278 275 270 266 260 252 257 267 275 282 291 302 309 320 337 346 326 254 243 242 241 239 238 239 238 236 233 234 237 236 234 234 233 233 233 233 237 241 241 240 241 243 244 243 242 244 247 247 247 247 243 243 245 245 250 255 254 251 248
243 244 246 247 247 246 245 245 243 244 250 253 247 238 243 256 263 249 194 223 230 232 233 238 246 251 250 248 253 259 249 243 248 259 269 274 273 268 261 252 249 260 267 270 272 280 294 300 302 319 347 5 282 242 242 241 239 238 239 239 236 233 234 237 236 233 233 233 234 233 232 234 239 243 243 242 242 244 244 243 245 247 245 242 241 236 236 240 243 250 253 249 245 242
240 243 245 245 245 245 242 240 242 249 257 258 245 234 242 256 265 255 188 229 237 234 231 234 239 244 245 243 253 257 247 241 244 253 264 272 271 262 252 250 253 262 265 263 266 272 277 281 281 288 321 19 48 235 239 240 240 239 239 240 237 233 235 237 237 233 232 233 233 232 231 232 234 239 244 246 244 243 244 245 247 249 247 241 238 234 233 238 245 250 250 245 240 237
238 242 245 245 246 245 241 239 242 249 257 258 244 234 244 255 262 259 237 255 243 239 236 234 235 237 237 239 250 255 250 246 244 250 257 262 260 249 243 248 254 258 257 257 259 259 255 256 265 268 277 35 85 181 230 238 240 239 239 240 238 234 234 237 236 233 232 233 233 232 231 230 230 233 238 243 245 243 243 243 248 251 248 240 236 234 234 239 244 247 245 241 236 237
239 242 244 245 247 246 243 243 246 249 252 254 247 240 246 251 257 266 300 322 277 255 248 244 241 237 233 235 241 244 249 254 254 257 255 249 241 231 234 242 245 246 247 250 252 250 248 249 255 257 255 170 112 140 213 235 239 239 239 240 240 236 236 236 234 230 229 231 232 232 231 229 229 230 233 237 239 241 242 242 245 249 247 240 238 237 237 239 243 243 240 237 234 237
239 240 243 247 249 246 245 249 253 253 251 252 251 247 247 248 255 265 290 330 321 286 266 261 257 251 245 243 242 243 249 257 264 265 258 248 240 229 231 234 232 233 237 241 243 244 243 245 247 244 237 192 136 135 187 231 239 240 239 240 241 239 238 238 234 231 229 229 230 232 233 231 229 229 231 233 234 237 241 244 246 248 245 241 241 241 240 240 242 240 237 234 231 236
237 238 241 247 251 250 250 255 259 257 252 255 257 250 246 248 255 261 274 312 330 313 290 277 271 267 264 262 261 261 261 262 267 265 260 254 246 240 239 235 230 228 231 235 237 236 235 234 232 230 224 201 157 141 169 222 238 241 240 240 241 239 239 240 239 241 240 236 234 235 234 232 231 230 230 230 231 234 238 243 246 248 246 243 243 244 242 241 240 238 237 233 228 233
233 236 239 241 241 243 247 254 261 260 254 258 262 256 245 246 252 258 265 283 318 321 309 294 283 278 274 273 277 278 275 270 268 265 262 258 254 251 246 243 238 233 236 239 240 239 238 235 227 222 219 205 173 150 162 211 236 241 240 241 242 239 239 241 243 250 256 258 250 242 237 234 234 234 231 229 228 230 234 238 242 245 246 243 244 244 241 240 239 239 236 230 226 231
227 234 239 236 233 232 236 243 252 256 255 262 268 269 253 247 249 253 258 265 289 309 311 305 293 287 284 284 285 284 281 277 271 267 264 260 258 253 248 248 246 242 242 241 243 246 247 241 230 223 219 211 182 156 163 202 233 239 239 241 241 238 240 241 240 246 253 261 266 258 246 240 238 237 234 230 228 228 230 232 236 241 243 242 242 240 237 235 236 237 234 226 225 234
228 238 243 238 233 233 234 236 242 245 251 264 272 275 266 257 250 248 249 257 270 287 299 302 297 294 292 290 290 289 287 281 274 270 267 262 258 254 249 246 247 246 243 240 241 245 246 240 229 222 219 214 187 162 168 198 232 242 243 242 239 238 240 241 240 243 246 249 258 267 260 251 246 242 238 235 230 229 229 228 230 234 238 238 237 237 233 231 235 237 233 224 226 237
233 241 245 241 238 239 237 236 239 239 245 260 270 271 272 268 256 245 242 250 264 275 285 291 292 292 293 295 298 298 293 282 275 273 270 264 259 258 252 246 245 246 243 242 240 240 241 237 225 219 218 213 192 170 173 197 226 240 245 243 238 238 239 239 241 244 244 243 246 255 265 265 261 255 248 243 238 235 232 228 227 231 234 234 235 235 230 229 235 238 233 225 226 237
229 238 242 238 236 239 238 238 240 238 240 250 258 262 272 274 264 248 239 242 252 268 277 280 283 286 294 303 306 305 296 281 275 274 271 265 261 261 256 249 247 247 246 246 244 241 239 234 223 219 219 213 196 178 175 192 215 230 237 236 235 238 238 237 239 243 243 242 242 243 252 263 269 271 267 259 254 249 243 237 233 234 234 232 233 232 226 226 233 236 233 225 228 239
