windninja/windninja_output/Output_2025-08-09_0700-0750_Google earth_Fire_150m_10min/merlingen_7.5mi_point_08-09-2025_0740_150m_ang.asc
ncols	158
nrows	163
xllcorner	391686.332397
yllcorner	5160024.123721
cellsize	150.000000
NODATA_value	-32768.000000
[rows 42 to 83 of 163, columns 0 to 95 of 158]
195 195 195 195 195 194 193 194 194 194 193 193 194 193 194 194 194 194 193 193 193 193 192 192 192 190 189 188 186 185 188 190 190 191 192 194 196 196 194 193 194 196 197 196 192 191 193 196 197 196 198 198 193 191 196 203 205 205 210 216 215 209 207 208 208 205 201 201 199 200 203 203 199 191 188 190 190 188 190 198 203 203 204 204 202 200 202 204 203 201 201 205 212 215 211 203
196 196 196 196 195 194 194 194 194 194 194 194 194 193 194 194 194 194 194 193 193 193 192 192 192 191 190 189 187 187 189 191 191 189 188 188 189 189 189 190 194 198 198 195 193 195 199 202 202 200 200 200 197 196 200 205 208 210 213 216 215 209 205 205 205 202 197 196 198 199 199 199 196 191 189 191 192 191 194 198 201 202 201 200 200 203 207 209 208 205 204 204 209 214 211 205
197 197 197 196 194 194 195 194 194 194 194 194 194 194 194 194 194 194 193 193 193 193 192 192 193 192 191 190 189 189 189 190 190 188 186 183 182 185 189 193 197 199 197 196 198 202 205 204 201 197 196 199 200 199 203 208 211 212 213 212 211 208 205 202 200 198 197 196 197 198 197 199 199 196 195 197 196 196 198 200 201 199 197 199 205 209 210 211 212 210 208 206 210 215 214 210
198 198 197 196 195 195 195 195 194 194 194 194 194 194 194 194 194 193 193 193 193 193 193 193 193 192 191 191 191 190 189 190 189 188 185 182 181 185 190 192 194 196 198 199 200 204 204 201 196 194 198 203 205 205 208 212 213 213 210 207 206 205 201 196 194 195 197 198 197 198 201 203 204 204 204 204 200 198 200 200 197 195 197 206 212 212 211 212 214 214 212 209 211 215 215 212
200 198 196 196 196 196 195 195 195 194 194 194 194 194 194 194 193 194 194 194 193 193 193 193 193 192 192 192 191 191 190 190 189 187 185 184 183 185 187 189 191 195 199 201 202 203 200 197 194 197 202 206 209 212 213 214 214 211 206 201 200 199 196 192 193 196 199 202 201 201 204 206 209 210 209 208 203 199 198 198 197 200 207 214 215 212 211 210 212 214 214 211 212 215 215 213
200 198 197 197 198 197 196 195 194 194 194 194 194 194 194 194 194 194 194 194 194 194 194 193 193 193 193 193 192 191 191 190 190 188 186 185 185 184 185 186 189 194 199 202 202 200 197 196 198 200 204 208 212 213 212 211 210 206 201 195 193 195 195 194 197 200 202 204 203 202 204 207 211 212 212 210 206 201 199 202 206 210 213 214 212 211 210 209 211 213 213 212 212 213 214 213
200 199 198 198 199 199 196 194 194 194 194 194 194 194 194 194 194 194 194 194 194 194 194 194 194 193 193 193 193 192 192 191 190 189 187 185 185 185 185 186 188 192 197 199 199 198 196 197 200 202 207 212 214 214 212 208 205 201 196 192 191 195 200 201 202 204 204 204 204 204 206 208 211 213 213 211 208 205 204 208 211 212 211 209 208 207 207 208 208 208 210 214 214 213 214 214
201 200 199 199 200 200 198 194 193 194 194 194 194 194 194 194 194 194 194 194 194 194 194 194 194 194 193 193 193 193 192 192 191 190 188 186 185 186 186 186 188 192 194 195 195 197 198 199 202 205 208 212 212 211 207 204 201 196 193 192 194 199 205 207 205 203 203 204 205 205 207 209 211 212 212 210 207 205 205 208 209 209 207 206 205 205 205 204 204 205 210 215 217 216 216 218
203 201 199 199 200 199 198 196 193 193 194 194 194 194 194 195 194 194 194 194 194 194 194 194 194 194 193 193 193 193 193 192 192 191 189 187 186 186 187 187 189 191 191 190 193 197 200 203 208 211 211 211 208 204 201 199 196 194 194 196 200 205 211 211 206 202 203 204 205 207 209 211 212 212 210 207 205 204 205 208 209 208 207 206 205 204 202 201 204 207 210 216 219 220 221 220
205 202 199 198 198 198 198 198 194 192 193 194 194 194 194 195 195 194 194 194 194 194 194 194 194 194 194 194 194 193 193 193 192 192 191 189 187 187 187 188 189 190 189 188 191 197 201 207 213 214 211 208 205 201 199 196 195 197 200 202 206 209 213 212 206 202 203 204 205 207 210 211 211 210 208 206 204 204 205 207 208 210 210 208 205 203 202 204 208 210 212 217 221 223 223 220
210 204 198 197 198 198 198 199 197 192 192 193 194 194 195 195 195 195 195 194 194 194 195 194 194 195 195 194 194 194 193 193 193 192 192 191 189 188 187 187 189 190 188 186 190 197 202 206 209 206 200 200 200 200 197 196 197 201 205 207 208 209 212 212 205 201 201 203 206 207 208 209 208 208 208 207 206 204 205 207 209 212 213 211 208 207 206 207 210 212 214 218 220 222 221 215
210 205 196 195 197 197 197 199 199 196 193 193 194 195 195 194 195 195 195 195 195 195 195 195 195 195 195 194 194 194 194 194 193 193 192 192 191 190 188 187 188 190 188 186 189 197 200 200 200 198 196 197 198 199 198 198 199 203 208 209 209 209 212 211 203 199 200 202 205 206 205 205 206 207 208 208 207 207 207 208 209 211 212 211 211 211 209 208 211 214 216 217 216 216 214 201
207 204 198 193 196 196 195 199 202 200 195 193 194 194 194 194 195 195 195 195 195 195 195 195 195 195 195 195 195 194 194 194 194 193 193 193 192 191 190 188 186 188 189 189 189 194 196 194 194 194 196 199 199 200 202 201 200 204 207 208 207 208 210 208 201 197 197 199 202 203 203 204 207 208 209 208 207 208 209 207 206 208 209 209 210 212 211 211 212 214 215 214 212 210 209 198
203 204 201 196 196 198 197 199 203 203 198 194 194 194 194 195 195 195 195 195 195 195 195 195 195 195 195 195 195 195 195 194 194 194 194 193 193 192 191 190 188 189 192 192 190 190 191 189 189 192 196 199 199 200 204 202 201 203 205 206 205 205 207 206 200 197 197 197 200 203 205 208 210 209 208 208 207 207 207 205 203 204 206 207 208 210 210 211 213 214 216 214 210 206 207 200
203 203 204 201 200 200 199 198 202 204 201 196 194 193 193 195 195 195 195 195 195 196 195 195 195 195 195 195 195 195 195 195 195 194 194 194 194 193 193 192 191 191 192 192 190 187 185 185 187 190 193 198 199 201 205 203 201 203 204 203 202 202 206 207 203 198 198 198 202 208 210 210 208 207 207 206 206 206 205 203 202 204 206 207 207 209 210 211 212 216 219 217 207 198 200 201
204 203 203 203 201 200 199 197 198 201 200 198 197 195 193 194 195 195 195 195 195 195 195 195 195 195 195 195 195 195 195 195 195 195 195 194 194 194 194 193 193 192 191 190 190 187 183 182 184 186 190 197 201 203 206 202 199 201 201 200 200 203 208 210 206 200 198 200 205 209 209 207 206 205 205 204 203 203 202 202 203 204 206 208 210 213 214 214 213 213 214 207 193 190 198 204
204 203 203 202 202 201 200 197 195 196 197 198 200 199 196 193 194 194 195 195 195 195 196 195 195 195 195 195 195 195 195 195 195 195 195 195 195 195 194 194 194 193 192 191 191 189 187 183 182 182 187 196 201 203 205 201 198 199 200 199 200 204 208 211 208 203 199 199 203 206 204 204 205 204 203 202 201 201 201 201 202 205 208 210 214 216 217 217 213 209 204 196 190 191 203 212
204 204 203 203 203 202 202 199 197 196 197 198 201 202 199 195 193 193 194 195 195 195 195 195 195 195 195 195 196 195 195 195 195 195 195 195 195 195 195 195 194 194 193 193 192 191 190 187 183 180 182 191 198 201 203 202 199 199 200 200 201 205 209 211 210 205 199 198 201 204 204 203 204 203 201 201 200 200 201 202 204 207 209 210 213 215 216 214 209 202 197 195 195 199 212 218
205 205 204 204 204 203 203 202 200 198 197 196 197 200 200 199 195 193 193 194 194 195 195 195 195 196 196 196 196 196 196 196 196 196 196 196 196 196 195 195 195 195 194 194 193 193 191 189 186 181 178 183 194 200 202 202 201 200 200 201 202 206 210 212 211 207 201 198 202 205 204 203 202 202 200 200 201 202 203 205 206 209 211 211 212 213 213 210 204 198 196 199 201 207 216 219
206 206 206 205 204 204 203 202 201 199 196 193 193 196 200 201 199 195 193 192 193 194 195 196 196 196 196 196 196 196 196 196 196 196 196 196 196 196 196 196 195 195 195 195 194 194 193 191 189 185 179 181 190 199 202 204 204 202 202 203 204 207 210 211 211 208 204 201 203 204 203 202 201 200 199 199 202 204 205 207 208 210 213 214 214 213 210 205 201 197 197 202 207 212 218 220
208 208 207 205 204 204 203 202 201 200 197 193 192 194 198 201 201 199 196 193 193 194 195 196 196 196 196 196 196 196 196 196 196 196 196 196 196 196 196 196 196 196 196 195 195 194 194 192 191 188 183 182 189 196 201 204 205 204 203 204 205 206 207 208 210 209 205 202 202 202 201 201 201 199 199 201 203 205 206 207 209 211 214 216 215 213 209 201 198 199 200 209 215 217 219 221
213 211 209 207 204 203 202 202 202 201 198 195 193 193 194 198 201 201 199 196 194 193 194 195 195 196 196 196 195 196 196 196 196 196 196 196 196 196 196 196 196 196 196 196 195 195 194 193 192 191 187 184 188 192 194 200 205 204 203 202 201 202 204 209 214 214 208 203 201 201 201 201 201 198 198 201 204 205 205 207 209 211 213 215 213 210 205 198 198 203 209 215 218 220 221 223
219 215 210 208 205 203 203 204 203 202 201 197 193 192 192 194 197 200 201 199 197 195 194 194 194 196 196 196 196 196 196 196 196 196 196 197 197 197 197 197 197 197 196 196 196 196 195 195 194 193 190 187 187 189 189 195 203 204 202 199 198 202 210 219 223 217 206 200 199 199 200 201 200 198 198 201 202 202 202 205 208 210 211 212 210 207 203 199 201 207 213 217 220 223 224 226
219 215 209 207 204 204 203 204 205 203 202 199 193 191 192 193 194 198 201 201 200 197 196 194 194 195 196 196 196 196 196 196 196 196 197 197 197 197 197 197 197 197 197 197 196 196 196 195 195 194 193 190 188 189 188 190 199 203 202 199 199 207 216 218 213 207 199 196 197 198 199 200 201 200 198 199 200 200 201 205 209 211 210 209 207 205 203 203 206 210 214 218 222 225 228 230
213 211 209 207 205 203 201 202 203 202 200 198 196 191 190 193 193 195 198 200 200 199 198 197 194 194 195 196 196 196 196 196 196 197 197 197 197 197 197 197 197 197 197 197 197 197 197 196 196 195 194 193 191 191 189 187 192 201 204 204 203 203 206 206 204 201 198 196 197 198 198 200 202 200 198 197 198 199 202 206 208 208 205 201 202 205 205 206 211 214 216 219 223 227 232 235
199 203 206 206 205 201 197 200 203 203 200 198 197 193 190 192 194 193 194 197 199 199 200 198 196 195 196 197 197 197 196 196 196 196 197 197 197 197 197 197 197 197 197 197 197 197 197 197 197 196 196 195 194 194 192 190 191 199 207 209 202 197 198 201 202 202 200 199 198 198 198 200 202 199 197 197 197 198 200 201 201 200 198 196 201 210 212 212 215 217 218 221 226 229 232 236
178 191 199 201 201 198 194 198 204 204 200 197 196 195 193 192 193 193 192 195 197 199 199 199 199 198 199 200 198 197 196 196 196 196 197 197 197 197 197 197 197 198 198 198 198 198 198 197 197 197 197 197 196 196 195 195 196 200 206 208 202 195 196 199 201 202 202 201 199 198 199 201 202 199 197 198 198 197 197 197 197 197 198 202 214 221 218 215 217 219 221 224 229 230 230 232
166 177 193 197 200 200 196 196 201 200 196 194 194 194 193 193 193 194 194 194 196 197 199 199 200 201 204 203 199 197 195 195 195 196 196 197 197 197 197 197 198 198 198 198 198 198 198 198 198 198 198 198 198 197 197 198 199 200 202 204 202 196 195 197 200 202 202 201 199 199 200 203 202 198 197 199 199 197 195 196 197 200 207 216 225 226 217 216 219 220 223 225 228 228 229 229
176 180 191 200 207 209 203 198 199 200 197 196 197 197 196 195 196 197 197 195 195 197 198 199 199 202 206 205 200 198 196 195 194 195 196 196 197 197 197 197 198 198 198 198 198 198 198 198 198 198 198 198 198 198 199 199 200 200 201 201 201 199 198 200 203 203 202 201 200 200 201 203 201 197 198 201 201 197 194 196 200 209 217 222 226 223 217 218 220 222 223 224 224 223 224 225
193 194 198 207 217 220 213 205 206 208 207 206 206 205 202 200 199 200 199 198 197 197 198 199 197 196 201 204 202 199 198 196 194 194 195 196 196 197 197 197 198 198 198 198 199 199 199 199 199 199 199 199 199 199 199 200 200 200 201 201 201 201 201 201 202 202 202 203 202 200 200 202 202 199 200 202 201 197 196 200 207 216 219 223 224 217 215 218 222 225 224 222 221 218 218 217
204 205 205 208 214 216 215 210 213 218 218 218 215 211 208 205 202 201 201 200 198 198 197 197 194 191 197 203 204 202 200 199 197 194 194 195 196 196 197 197 198 198 198 199 199 199 199 199 199 199 199 199 199 200 200 200 200 201 201 201 201 201 201 201 201 201 202 203 202 200 199 203 205 203 202 202 202 199 198 205 212 216 218 221 221 214 215 220 225 226 222 222 223 221 217 208
215 213 211 212 214 214 213 211 214 217 216 214 211 208 207 205 202 202 201 200 199 198 197 197 194 191 195 201 204 204 202 201 200 197 194 194 195 196 196 197 198 198 198 199 199 199 199 199 200 200 200 200 200 200 200 200 200 201 201 201 201 201 201 201 201 201 201 202 201 200 201 205 208 206 204 203 203 202 201 206 211 213 215 218 217 216 218 222 225 223 219 220 223 224 211 200
224 222 220 218 218 217 215 213 213 213 211 209 207 205 204 202 201 200 200 199 199 199 199 199 196 193 194 199 203 205 204 202 201 199 196 194 195 195 196 196 197 198 198 199 199 199 200 200 200 200 200 200 200 200 200 201 201 201 201 201 201 201 201 201 202 202 202 202 201 200 201 202 203 202 201 201 201 202 202 205 209 209 212 216 217 219 222 223 223 221 218 214 212 208 202 198
231 230 229 228 226 224 220 216 212 210 208 207 205 204 202 201 200 199 199 199 199 199 200 200 197 194 195 198 201 204 204 202 202 201 200 197 196 196 196 196 197 198 199 199 199 200 200 200 200 200 200 200 200 200 201 201 201 201 201 201 201 201 202 202 202 202 202 202 201 201 201 202 200 197 195 197 198 199 201 203 204 207 213 218 219 220 221 221 221 223 222 213 203 202 201 203
236 237 239 239 238 234 226 218 213 209 207 204 203 202 201 199 198 198 199 199 198 198 199 199 198 196 196 197 198 201 204 204 204 206 205 201 198 197 196 196 197 198 199 199 200 200 200 200 200 200 200 200 200 201 201 201 201 201 201 201 201 202 202 202 202 202 202 202 201 201 201 201 200 196 193 194 195 195 197 200 203 211 219 223 225 226 224 224 226 229 227 214 202 203 206 209
244 244 246 249 252 250 238 222 210 204 202 200 200 200 199 198 197 198 198 198 198 198 197 197 198 198 198 197 197 199 204 207 207 206 205 201 198 198 197 196 196 198 199 199 200 200 200 201 201 201 201 201 201 201 201 201 201 201 201 201 201 202 202 202 202 202 202 202 202 202 201 201 200 198 195 194 193 191 193 201 208 217 225 229 231 233 233 230 228 224 213 202 198 204 207 211
251 249 245 252 266 270 253 211 195 191 193 195 197 198 198 197 196 196 196 197 197 197 197 197 197 199 200 198 197 197 201 205 205 203 204 202 199 199 198 197 196 197 199 200 200 201 201 201 201 201 201 201 201 201 201 201 201 201 201 201 202 202 202 202 202 202 202 202 202 202 201 201 200 199 198 196 193 189 191 202 213 219 224 226 223 223 223 220 213 208 203 199 199 205 208 209
251 247 240 240 253 258 210 172 173 178 184 190 194 195 196 196 195 195 195 196 197 197 197 197 195 197 199 199 197 195 197 201 203 204 204 203 201 201 201 199 196 197 199 200 201 201 202 202 202 201 201 201 200 200 201 201 201 201 201 201 202 202 202 202 202 202 202 202 202 202 201 201 200 200 199 198 195 190 190 202 212 215 215 214 213 213 213 210 205 202 202 203 204 206 208 208
244 239 228 223 217 202 179 170 172 175 180 187 192 194 195 195 195 195 195 196 196 197 197 196 193 194 198 199 198 196 195 197 200 202 204 204 202 201 202 201 199 198 200 202 203 203 203 203 203 202 201 200 200 200 200 201 201 201 201 202 202 202 202 202 202 202 202 202 202 202 202 201 201 200 200 199 196 193 192 199 206 208 208 208 210 211 209 204 202 203 205 207 208 208 209 211
242 239 227 213 206 203 193 183 182 182 183 186 192 195 195 196 196 196 195 195 195 196 197 196 193 193 197 199 199 197 194 195 196 199 203 204 203 201 202 203 201 200 202 205 206 207 207 208 208 205 200 198 199 199 200 200 201 201 201 202 202 202 202 202 202 202 202 202 202 202 202 202 201 200 200 199 198 195 193 194 196 201 205 207 209 209 206 202 202 205 207 208 210 210 210 212
252 246 221 203 201 208 205 198 193 191 190 191 193 196 197 198 198 196 195 194 195 195 196 195 193 193 195 197 198 197 196 196 197 200 204 206 205 203 203 203 202 201 201 203 203 204 203 203 204 202 198 196 196 198 199 200 201 201 201 202 202 202 202 202 202 202 202 202 202 202 202 202 201 201 200 200 198 196 194 192 191 195 203 208 208 204 202 201 202 205 207 209 211 210 209 212
231 217 200 202 207 211 209 206 205 203 199 197 197 199 200 200 199 197 196 195 194 194 195 194 191 191 194 195 196 198 198 198 200 202 205 207 208 206 204 203 203 201 199 198 198 198 197 196 197 198 197 196 194 195 198 200 201 201 202 202 202 202 202 202 202 202 202 202 202 202 202 202 202 201 200 200 199 197 195 192 189 192 199 204 203 202 202 202 203 205 209 211 212 212 211 213
