windninja/windninja_output/Output_2025-08-09_0700-0750_Google earth_Fire_150m_10min/merlingen_7.5mi_point_08-09-2025_0730_150m_vel.asc
ncols	158
nrows	163
xllcorner	391686.332397
yllcorner	5160024.123721
cellsize	150.000000
NODATA_value	-32768.000000
[rows 114 to 151 of 163, columns 0 to 83 of 158]
1.41 1.28 1.05 0.92 0.88 0.83 0.76 0.74 0.75 0.77 0.83 0.95 1.04 1.05 0.97 0.91 0.98 1.16 1.30 1.33 1.39 1.52 1.57 1.28 1.15 1.23 1.24 1.12 1.04 1.09 1.13 1.21 1.36 1.62 1.77 1.56 1.36 1.36 1.34 1.27 1.20 1.43 1.80 1.91 1.72 1.57 1.59 1.59 1.52 1.48 1.44 1.40 1.42 1.44 1.44 1.43 1.41 1.39 1.39 1.40 1.39 1.37 1.35 1.35 1.32 1.31 1.32 1.33 1.32 1.28 1.21 1.12 1.04 0.98 0.96 0.94 0.91 0.89 0.87 0.84 0.84 0.82 0.74 0.67
1.47 1.39 1.24 1.11 1.04 1.00 0.94 0.85 0.77 0.77 0.90 1.07 1.15 1.16 1.11 1.10 1.20 1.28 1.24 1.18 1.27 1.53 1.87 1.98 1.82 1.65 1.57 1.48 1.46 1.38 1.35 1.43 1.56 1.67 1.78 1.74 1.62 1.53 1.40 1.34 1.52 1.95 2.17 2.06 1.89 1.87 1.83 1.69 1.59 1.56 1.52 1.49 1.46 1.45 1.45 1.43 1.40 1.38 1.39 1.41 1.42 1.40 1.39 1.39 1.39 1.37 1.36 1.35 1.34 1.30 1.26 1.17 1.05 0.94 0.92 0.94 0.95 0.91 0.87 0.84 0.85 0.84 0.80 0.74
1.51 1.44 1.33 1.20 1.10 1.04 1.01 1.00 0.96 0.94 1.07 1.15 1.16 1.19 1.22 1.27 1.29 1.24 1.20 1.27 1.47 1.78 2.16 2.40 2.39 2.11 1.83 1.67 1.61 1.74 1.83 1.92 1.90 1.83 1.91 2.02 2.00 1.82 1.69 1.76 2.03 2.34 2.29 2.08 2.00 1.90 1.69 1.55 1.60 1.66 1.65 1.62 1.54 1.48 1.43 1.39 1.38 1.37 1.38 1.39 1.41 1.41 1.41 1.41 1.42 1.41 1.38 1.37 1.36 1.35 1.31 1.26 1.19 1.08 0.95 0.90 0.91 0.91 0.85 0.79 0.78 0.80 0.79 0.73
1.50 1.43 1.30 1.18 1.08 1.03 1.03 1.11 1.20 1.25 1.22 1.16 1.13 1.19 1.29 1.28 1.18 1.18 1.34 1.61 1.86 2.09 2.25 2.40 2.61 2.74 2.61 2.25 2.22 2.02 1.91 1.91 2.12 2.51 2.82 2.80 2.54 2.21 2.13 2.40 2.67 2.58 2.30 2.14 2.04 1.84 1.75 1.80 1.88 1.91 1.89 1.78 1.65 1.54 1.46 1.44 1.43 1.41 1.39 1.38 1.40 1.45 1.49 1.50 1.48 1.44 1.42 1.41 1.39 1.38 1.37 1.37 1.36 1.29 1.16 1.02 0.93 0.89 0.86 0.82 0.81 0.84 0.78 0.70
1.51 1.42 1.29 1.19 1.11 1.08 1.10 1.15 1.24 1.31 1.27 1.17 1.13 1.20 1.28 1.26 1.17 1.20 1.47 1.68 1.79 1.89 1.96 2.06 2.32 2.76 3.17 3.29 3.25 2.99 2.50 2.48 3.01 3.64 3.71 3.72 3.61 3.12 3.02 3.22 3.09 2.75 2.41 2.17 2.03 2.01 2.07 2.16 2.18 2.13 2.00 1.82 1.68 1.57 1.50 1.48 1.47 1.44 1.41 1.40 1.41 1.45 1.53 1.59 1.60 1.58 1.55 1.50 1.43 1.40 1.40 1.41 1.41 1.40 1.37 1.25 1.08 0.96 0.92 0.94 0.95 0.90 0.78 0.70
1.60 1.48 1.33 1.21 1.12 1.11 1.12 1.11 1.11 1.15 1.18 1.17 1.18 1.21 1.20 1.22 1.27 1.29 1.38 1.46 1.49 1.53 1.62 1.77 1.97 2.22 2.58 2.89 3.21 3.57 3.83 4.13 4.24 3.99 3.47 3.46 3.78 4.04 4.09 4.02 3.63 3.10 2.70 2.51 2.50 2.43 2.29 2.24 2.21 2.07 1.90 1.75 1.64 1.55 1.49 1.47 1.44 1.44 1.44 1.44 1.44 1.46 1.48 1.51 1.52 1.54 1.52 1.49 1.44 1.39 1.37 1.37 1.39 1.43 1.44 1.40 1.27 1.11 1.01 0.95 0.90 0.82 0.76 0.74
1.65 1.54 1.39 1.30 1.15 1.03 0.98 0.98 1.01 1.04 1.07 1.13 1.24 1.28 1.26 1.29 1.34 1.35 1.31 1.31 1.31 1.33 1.44 1.59 1.74 1.87 1.98 2.11 2.55 3.21 3.71 3.91 3.65 3.12 2.69 2.73 3.23 3.71 3.84 3.82 3.84 3.68 3.42 3.25 3.11 2.87 2.67 2.58 2.40 2.11 1.92 1.78 1.67 1.60 1.52 1.44 1.42 1.44 1.45 1.46 1.48 1.45 1.36 1.20 1.00 0.93 0.97 1.07 1.22 1.32 1.34 1.33 1.33 1.37 1.40 1.43 1.41 1.28 1.10 0.95 0.84 0.79 0.77 0.79
1.68 1.59 1.52 1.60 1.61 1.40 1.24 1.13 1.04 1.01 1.03 1.12 1.24 1.35 1.42 1.45 1.40 1.35 1.29 1.19 1.12 1.18 1.29 1.42 1.60 1.74 1.82 2.01 2.49 2.94 2.94 2.74 2.60 2.45 2.37 2.41 2.52 2.68 2.65 2.76 3.16 3.45 3.38 3.08 2.85 2.77 2.76 2.70 2.48 2.21 1.97 1.82 1.75 1.67 1.56 1.50 1.49 1.48 1.45 1.43 1.36 1.20 0.97 0.74 0.53 0.44 0.48 0.61 0.83 1.09 1.22 1.25 1.25 1.26 1.30 1.37 1.45 1.44 1.31 1.13 0.99 0.91 0.87 0.90
1.69 1.64 1.63 1.75 1.89 1.93 1.88 1.72 1.42 1.14 1.05 1.15 1.25 1.29 1.31 1.35 1.33 1.24 1.09 0.95 0.93 1.08 1.21 1.34 1.57 1.64 1.72 2.04 2.66 3.01 2.79 2.54 2.40 2.22 2.13 2.11 2.10 2.13 2.13 2.13 2.28 2.54 2.73 2.52 2.22 2.16 2.17 2.16 2.14 2.05 1.91 1.83 1.75 1.63 1.57 1.56 1.55 1.49 1.41 1.27 1.04 0.79 0.62 0.57 0.62 0.70 0.74 0.71 0.77 0.85 0.95 1.07 1.16 1.20 1.21 1.25 1.33 1.45 1.51 1.45 1.27 1.13 1.09 1.14
1.55 1.51 1.47 1.49 1.57 1.70 1.82 1.87 1.79 1.55 1.25 1.23 1.21 1.10 1.02 1.06 1.09 1.07 0.97 0.79 0.81 1.00 1.13 1.34 1.61 1.68 1.73 2.15 3.06 3.31 2.79 2.44 2.17 1.98 1.97 1.95 1.95 2.02 2.06 2.03 1.98 2.14 2.42 2.50 2.22 1.99 1.88 1.88 1.95 1.96 1.94 1.89 1.74 1.61 1.54 1.45 1.31 1.18 1.04 0.91 0.75 0.66 0.69 0.80 0.91 1.05 1.10 1.02 0.88 0.79 0.77 0.87 0.99 1.06 1.10 1.13 1.20 1.34 1.51 1.63 1.64 1.53 1.44 1.37
1.49 1.43 1.36 1.33 1.35 1.44 1.54 1.64 1.76 1.81 1.68 1.37 1.03 0.85 0.82 0.86 0.85 0.90 1.02 0.89 0.78 0.94 1.15 1.39 1.60 1.73 1.97 2.87 4.05 3.67 2.63 2.25 2.07 1.94 1.86 1.80 1.80 1.85 1.94 1.98 1.95 1.98 2.14 2.43 2.46 2.23 2.06 2.00 2.02 2.08 2.11 2.01 1.81 1.67 1.56 1.39 1.19 0.99 0.81 0.71 0.74 0.91 1.05 1.12 1.16 1.18 1.17 1.13 1.01 0.80 0.68 0.68 0.72 0.81 0.92 1.02 1.11 1.24 1.39 1.56 1.70 1.72 1.63 1.45
1.52 1.50 1.47 1.44 1.46 1.48 1.49 1.56 1.75 1.92 1.93 1.64 1.12 0.73 0.66 0.71 0.75 0.80 1.02 1.27 1.28 1.19 1.30 1.50 1.85 2.21 3.11 4.74 4.68 3.38 2.39 2.11 2.00 1.85 1.74 1.67 1.67 1.72 1.82 1.90 1.86 1.82 1.89 2.14 2.36 2.34 2.24 2.17 2.14 2.13 2.07 1.98 1.89 1.76 1.63 1.53 1.44 1.33 1.22 1.11 1.14 1.27 1.33 1.33 1.30 1.24 1.16 1.11 1.05 0.93 0.73 0.64 0.65 0.70 0.78 0.88 0.98 1.07 1.16 1.25 1.32 1.44 1.54 1.51
1.41 1.43 1.43 1.44 1.46 1.46 1.48 1.60 1.77 1.89 1.94 1.91 1.62 0.98 0.79 0.80 0.81 0.82 1.00 1.32 1.61 2.03 2.17 2.36 3.47 4.61 5.08 5.03 3.88 2.70 2.37 2.20 2.02 1.80 1.69 1.66 1.61 1.55 1.56 1.62 1.65 1.68 1.75 1.92 2.20 2.37 2.41 2.40 2.33 2.18 2.01 1.88 1.82 1.74 1.61 1.52 1.49 1.48 1.50 1.53 1.51 1.45 1.36 1.29 1.24 1.18 1.12 1.07 1.04 1.02 0.95 0.86 0.80 0.77 0.79 0.83 0.87 0.89 0.93 0.97 1.02 1.14 1.34 1.52
1.40 1.40 1.40 1.40 1.43 1.51 1.61 1.70 1.74 1.80 1.91 2.09 2.18 1.82 1.37 1.13 1.06 1.12 1.30 1.70 2.72 3.88 4.43 4.71 4.89 5.04 4.53 3.38 2.65 2.34 2.30 2.33 2.25 2.05 1.82 1.62 1.49 1.41 1.32 1.31 1.37 1.43 1.56 1.76 2.03 2.26 2.35 2.35 2.26 2.10 1.97 1.88 1.75 1.64 1.55 1.45 1.39 1.41 1.47 1.49 1.45 1.36 1.25 1.19 1.16 1.12 1.08 1.05 1.01 0.99 0.99 0.95 0.90 0.86 0.84 0.85 0.83 0.83 0.91 0.98 1.04 1.15 1.25 1.38
1.43 1.42 1.39 1.37 1.38 1.46 1.60 1.69 1.70 1.71 1.82 2.12 2.55 2.69 2.33 1.60 1.41 1.60 2.21 3.80 4.85 4.81 4.62 4.39 4.03 3.49 2.86 2.34 2.08 2.00 2.14 2.34 2.36 2.28 2.06 1.66 1.38 1.28 1.16 1.09 1.12 1.25 1.42 1.61 1.84 2.09 2.22 2.15 2.05 1.96 1.88 1.83 1.77 1.67 1.57 1.48 1.41 1.39 1.38 1.33 1.29 1.24 1.21 1.19 1.15 1.11 1.07 1.03 1.00 0.97 0.96 0.92 0.86 0.80 0.78 0.79 0.82 0.86 0.95 1.01 1.11 1.22 1.28 1.37
1.40 1.35 1.25 1.20 1.19 1.21 1.27 1.40 1.49 1.55 1.70 1.97 2.29 2.64 2.79 2.67 2.21 2.45 3.86 5.16 4.72 3.54 2.99 2.73 2.59 2.54 2.48 2.20 1.88 1.86 2.05 2.15 2.08 2.07 2.16 2.04 1.62 1.17 0.97 0.96 1.03 1.15 1.30 1.50 1.70 1.92 2.16 2.27 2.19 2.10 2.00 1.86 1.73 1.64 1.55 1.49 1.45 1.39 1.32 1.27 1.26 1.25 1.22 1.19 1.15 1.11 1.06 1.04 1.02 1.00 0.97 0.95 0.91 0.82 0.74 0.75 0.81 0.85 0.92 1.03 1.11 1.16 1.20 1.27
1.42 1.37 1.29 1.22 1.16 1.14 1.11 1.08 1.11 1.24 1.40 1.47 1.49 1.69 2.13 2.69 3.04 3.75 4.63 4.40 3.05 2.44 2.39 2.47 2.52 2.56 2.44 2.17 2.08 2.10 2.05 1.93 1.82 1.84 2.01 2.20 2.10 1.60 1.21 1.13 1.15 1.23 1.39 1.61 1.77 1.79 1.98 2.28 2.31 2.17 2.00 1.85 1.64 1.52 1.46 1.43 1.41 1.37 1.32 1.28 1.24 1.20 1.18 1.15 1.13 1.09 1.07 1.06 1.04 1.02 1.00 0.98 0.98 0.95 0.89 0.85 0.86 0.85 0.93 1.07 1.15 1.18 1.13 1.05
1.51 1.49 1.46 1.40 1.31 1.33 1.33 1.18 0.99 0.93 0.95 0.92 0.93 1.09 1.45 2.04 2.84 3.58 3.64 2.76 2.38 2.38 2.40 2.49 2.66 2.66 2.37 2.24 2.28 2.30 2.16 2.01 1.90 1.82 1.86 2.10 2.44 2.52 2.20 1.84 1.74 1.78 1.87 1.91 1.89 1.69 1.59 1.86 2.05 1.99 1.82 1.70 1.58 1.48 1.41 1.34 1.26 1.23 1.21 1.16 1.09 1.04 1.05 1.07 1.07 1.07 1.06 1.05 1.04 1.04 1.04 1.04 1.03 1.02 1.03 1.04 1.03 1.01 1.02 1.11 1.23 1.22 1.09 0.98
1.51 1.45 1.40 1.43 1.44 1.49 1.57 1.57 1.40 1.06 0.86 0.83 0.89 1.08 1.43 1.87 2.63 3.09 2.70 2.25 2.32 2.44 2.51 2.61 2.67 2.61 2.33 2.03 1.92 1.89 1.88 1.86 1.79 1.77 1.91 2.14 2.47 2.86 3.04 2.94 2.75 2.63 2.49 2.34 2.10 1.61 1.27 1.37 1.66 1.75 1.64 1.56 1.51 1.46 1.38 1.30 1.22 1.15 1.10 1.04 1.01 1.01 1.00 1.01 1.01 1.01 1.02 1.03 1.03 1.04 1.07 1.10 1.10 1.10 1.09 1.11 1.19 1.23 1.20 1.23 1.30 1.21 1.04 0.99
1.49 1.39 1.33 1.44 1.54 1.57 1.56 1.65 1.78 1.75 1.44 1.25 1.18 1.28 1.57 2.25 3.31 3.49 3.12 2.77 2.72 2.76 2.80 2.81 2.63 2.41 2.21 1.87 1.65 1.54 1.51 1.53 1.56 1.74 2.02 2.21 2.34 2.51 2.81 3.07 3.11 3.04 2.93 2.78 2.44 1.86 1.43 1.30 1.38 1.48 1.45 1.41 1.42 1.40 1.37 1.32 1.25 1.19 1.16 1.17 1.19 1.19 1.14 1.07 1.02 0.99 0.97 0.96 0.98 1.04 1.10 1.13 1.17 1.21 1.17 1.13 1.15 1.17 1.21 1.26 1.27 1.16 1.01 0.95
1.61 1.54 1.50 1.57 1.63 1.59 1.54 1.59 1.77 2.01 2.15 2.05 1.96 1.89 2.33 3.55 4.02 3.64 3.26 3.16 3.12 2.97 2.79 2.59 2.32 2.26 2.37 2.34 2.06 1.84 1.72 1.65 1.67 1.82 1.97 2.04 2.10 2.10 2.23 2.52 2.79 2.93 2.91 2.74 2.44 2.12 1.78 1.50 1.37 1.41 1.42 1.38 1.35 1.33 1.31 1.27 1.23 1.19 1.19 1.22 1.24 1.22 1.17 1.11 1.06 1.02 0.97 0.91 0.91 1.00 1.10 1.18 1.22 1.21 1.19 1.18 1.13 1.07 1.09 1.15 1.16 1.05 0.92 0.86
1.67 1.70 1.70 1.71 1.70 1.69 1.68 1.65 1.65 1.76 2.00 2.20 2.25 2.42 3.36 4.11 3.74 3.04 2.73 2.78 2.86 2.72 2.42 2.11 1.95 2.02 2.27 2.56 2.58 2.44 2.28 2.15 2.04 1.96 1.91 1.89 1.82 1.81 1.98 2.22 2.43 2.55 2.50 2.34 2.25 2.13 1.88 1.59 1.46 1.47 1.47 1.42 1.33 1.27 1.22 1.19 1.18 1.17 1.16 1.17 1.17 1.16 1.14 1.13 1.10 1.05 0.99 0.92 0.89 0.94 1.04 1.16 1.22 1.25 1.29 1.31 1.27 1.18 1.07 1.05 1.00 0.88 0.82 0.85
1.61 1.71 1.74 1.66 1.62 1.65 1.68 1.65 1.52 1.39 1.35 1.52 1.79 2.31 3.38 3.50 2.89 2.61 2.41 2.28 2.18 2.10 2.02 1.92 1.89 1.93 2.05 2.35 2.67 2.81 2.71 2.49 2.30 2.10 1.99 1.95 1.81 1.73 1.85 1.98 2.03 2.09 2.10 2.03 1.98 1.89 1.70 1.49 1.38 1.36 1.35 1.32 1.28 1.23 1.19 1.15 1.14 1.18 1.23 1.25 1.24 1.21 1.20 1.18 1.14 1.06 0.99 0.94 0.89 0.88 0.92 0.97 1.09 1.27 1.41 1.46 1.45 1.38 1.23 1.06 0.96 0.88 0.90 1.00
1.45 1.53 1.61 1.54 1.42 1.39 1.41 1.41 1.36 1.26 1.17 1.28 1.58 2.37 3.36 3.23 2.83 2.55 2.16 1.86 1.68 1.64 1.75 1.85 1.88 1.90 2.01 2.22 2.51 2.71 2.58 2.27 2.09 2.07 2.11 2.07 1.91 1.80 1.83 1.87 1.84 1.76 1.74 1.72 1.63 1.55 1.46 1.34 1.25 1.22 1.21 1.20 1.18 1.16 1.14 1.12 1.16 1.24 1.29 1.30 1.28 1.26 1.23 1.18 1.12 1.04 0.95 0.86 0.80 0.76 0.76 0.82 0.92 1.02 1.13 1.30 1.45 1.51 1.47 1.35 1.19 1.08 1.09 1.22
1.34 1.32 1.36 1.43 1.34 1.17 1.05 1.04 1.14 1.32 1.46 1.64 2.06 3.33 3.92 3.52 3.08 2.53 1.89 1.56 1.45 1.45 1.53 1.64 1.68 1.77 1.92 2.14 2.29 2.44 2.56 2.36 2.14 2.12 2.10 1.99 1.84 1.84 1.98 2.00 1.79 1.48 1.38 1.42 1.42 1.41 1.37 1.27 1.20 1.17 1.16 1.16 1.15 1.13 1.11 1.14 1.24 1.31 1.30 1.28 1.27 1.27 1.25 1.19 1.09 0.97 0.87 0.78 0.74 0.75 0.77 0.82 0.93 0.99 1.00 1.07 1.22 1.34 1.43 1.47 1.41 1.25 1.32 1.42
1.43 1.30 1.19 1.33 1.48 1.36 1.07 0.93 1.02 1.23 1.58 2.09 3.17 4.27 4.02 3.11 2.69 2.41 2.11 1.69 1.51 1.47 1.49 1.50 1.52 1.66 1.87 2.02 2.05 2.15 2.51 2.74 2.65 2.31 2.04 1.92 1.89 2.07 2.19 1.95 1.53 1.27 1.17 1.19 1.25 1.29 1.30 1.24 1.17 1.14 1.12 1.14 1.16 1.17 1.21 1.28 1.35 1.34 1.30 1.29 1.26 1.25 1.26 1.24 1.16 1.04 0.95 0.92 0.93 0.93 0.93 0.99 1.06 1.09 1.09 1.08 1.07 1.10 1.18 1.36 1.51 1.69 1.93 1.87
1.59 1.44 1.25 1.29 1.44 1.59 1.59 1.41 1.26 1.35 1.77 2.55 4.00 4.22 2.96 2.17 2.03 2.05 2.15 2.22 2.09 1.86 1.64 1.51 1.54 1.69 1.85 1.91 1.89 1.90 2.15 2.52 2.73 2.63 2.46 2.39 2.33 2.32 2.10 1.59 1.20 1.12 1.06 1.03 1.05 1.12 1.16 1.15 1.12 1.09 1.05 1.05 1.11 1.24 1.37 1.43 1.40 1.35 1.32 1.29 1.27 1.29 1.30 1.34 1.40 1.44 1.41 1.37 1.32 1.29 1.29 1.26 1.17 1.16 1.21 1.15 1.04 1.03 1.11 1.31 1.62 1.90 2.00 1.93
1.67 1.59 1.32 1.11 1.06 1.30 1.75 1.98 1.93 2.00 2.31 3.31 4.04 3.09 1.95 1.70 1.63 1.70 1.98 2.39 2.64 2.65 2.35 2.01 1.88 1.85 1.84 1.80 1.77 1.75 1.88 2.14 2.53 2.86 2.92 2.82 2.69 2.46 1.92 1.32 1.07 1.04 1.01 0.98 0.98 1.02 1.07 1.08 1.06 1.03 0.97 0.90 0.92 1.12 1.35 1.44 1.45 1.42 1.40 1.38 1.39 1.43 1.45 1.53 1.74 2.02 2.21 2.24 2.16 2.11 2.01 1.81 1.54 1.46 1.51 1.29 1.05 1.03 1.13 1.33 1.58 1.54 1.30 1.31
1.62 1.61 1.33 0.97 0.89 1.07 1.35 1.79 2.27 2.47 2.73 3.68 3.56 1.94 1.49 1.49 1.52 1.75 2.08 2.36 2.50 2.72 2.90 2.93 2.79 2.46 2.08 1.76 1.63 1.64 1.73 1.94 2.26 2.59 2.76 2.79 2.70 2.38 1.86 1.37 1.17 1.14 1.11 1.08 1.03 1.00 1.00 1.01 0.99 0.94 0.89 0.83 0.83 0.92 1.09 1.26 1.36 1.41 1.46 1.53 1.57 1.58 1.62 1.72 1.93 2.22 2.46 2.64 2.72 2.68 2.53 2.33 2.17 2.09 1.88 1.56 1.31 1.25 1.27 1.47 1.51 1.24 1.09 1.19
1.64 1.66 1.55 1.27 1.07 1.06 1.13 1.40 1.90 2.24 2.69 3.11 2.49 1.61 1.50 1.59 1.72 2.01 2.21 2.12 1.95 1.99 2.33 2.80 3.07 3.08 2.78 2.23 1.86 1.83 1.90 2.02 2.05 2.06 2.27 2.43 2.32 1.92 1.61 1.39 1.26 1.22 1.19 1.14 1.10 1.03 0.98 0.95 0.92 0.88 0.85 0.90 1.00 1.08 1.14 1.14 1.21 1.32 1.42 1.50 1.58 1.64 1.69 1.77 1.86 1.87 1.89 2.02 2.20 2.35 2.41 2.39 2.32 2.21 2.05 1.84 1.75 1.65 1.61 1.68 1.51 1.30 1.41 1.43
1.79 1.68 1.70 1.72 1.44 1.12 1.10 1.31 1.53 1.72 2.17 2.54 2.26 1.95 1.87 1.82 1.88 2.09 2.02 1.61 1.51 1.57 1.68 1.92 2.20 2.46 2.71 2.81 2.70 2.46 2.25 2.16 1.99 1.78 1.75 1.70 1.59 1.44 1.37 1.31 1.23 1.20 1.17 1.13 1.09 1.03 0.96 0.92 0.90 0.88 0.91 1.02 1.16 1.26 1.22 1.10 1.16 1.26 1.31 1.41 1.59 1.73 1.77 1.75 1.66 1.55 1.52 1.52 1.51 1.61 1.90 2.09 2.09 2.01 1.98 1.97 1.91 1.82 1.78 1.70 1.50 1.54 1.68 1.40
1.89 1.59 1.51 1.79 1.91 1.68 1.40 1.37 1.57 1.66 1.89 2.79 3.12 2.88 2.64 2.32 2.22 2.20 1.69 1.30 1.35 1.45 1.54 1.52 1.43 1.53 1.92 2.49 2.84 2.91 2.68 2.37 2.05 1.70 1.37 1.12 1.11 1.12 1.16 1.19 1.18 1.16 1.13 1.09 1.04 0.99 0.93 0.91 0.92 0.95 1.03 1.09 1.16 1.19 1.14 1.14 1.23 1.32 1.47 1.69 1.84 1.91 1.93 1.84 1.67 1.56 1.50 1.36 1.22 1.22 1.38 1.66 1.84 1.85 1.82 1.78 1.72 1.75 1.81 1.70 1.61 1.87 1.79 1.22
1.95 1.52 1.33 1.64 2.10 2.39 2.36 2.05 2.00 1.96 2.47 3.78 3.85 3.42 3.35 3.22 3.11 2.86 2.29 1.86 1.76 1.64 1.52 1.36 1.29 1.38 1.55 1.70 1.95 2.33 2.58 2.47 2.11 1.60 1.07 0.91 0.95 0.99 1.02 1.07 1.11 1.12 1.11 1.08 1.04 1.00 0.96 0.94 0.95 0.99 1.03 1.06 1.12 1.18 1.25 1.37 1.46 1.56 1.79 1.95 1.97 1.95 1.95 1.99 2.02 2.01 1.85 1.61 1.44 1.36 1.29 1.35 1.53 1.66 1.70 1.62 1.50 1.53 1.67 1.77 2.03 2.13 1.64 1.16
1.99 1.49 1.23 1.40 1.76 2.29 2.62 2.66 2.56 2.79 4.02 4.43 3.45 2.87 2.98 3.15 3.16 3.09 3.07 3.03 2.91 2.62 2.10 1.59 1.37 1.46 1.52 1.53 1.59 1.56 1.56 1.73 1.62 1.25 0.99 0.94 0.98 1.02 1.05 1.05 1.05 1.08 1.11 1.13 1.11 1.07 1.04 1.01 1.02 1.03 1.04 1.05 1.10 1.15 1.24 1.37 1.55 1.73 1.84 1.86 1.85 1.84 1.86 2.02 2.24 2.37 2.41 2.43 2.41 2.29 2.11 1.96 1.89 1.84 1.81 1.78 1.77 1.89 2.03 2.26 2.43 2.06 1.48 1.06
2.03 1.49 1.11 1.25 1.47 1.72 2.02 2.47 3.04 3.87 4.48 3.73 2.52 2.19 2.18 2.30 2.43 2.49 2.60 2.80 3.03 3.12 3.01 2.63 2.15 1.90 1.89 1.91 1.87 1.56 1.23 1.11 1.10 1.08 1.07 1.11 1.14 1.13 1.12 1.10 1.08 1.09 1.10 1.13 1.16 1.16 1.14 1.15 1.16 1.14 1.11 1.09 1.07 1.08 1.18 1.37 1.57 1.69 1.80 1.85 1.81 1.81 1.89 2.01 2.12 2.25 2.44 2.64 2.80 2.96 3.06 3.01 2.81 2.54 2.31 2.23 2.48 2.91 3.06 2.91 2.41 1.89 1.64 1.27
2.14 1.97 1.63 1.45 1.51 1.79 2.04 2.40 3.36 3.86 3.48 2.54 2.07 1.92 1.88 1.91 1.99 2.03 2.00 2.04 2.21 2.46 2.71 2.92 2.88 2.69 2.55 2.44 2.13 1.70 1.32 1.06 1.01 1.06 1.09 1.16 1.24 1.25 1.21 1.17 1.14 1.14 1.12 1.12 1.13 1.15 1.17 1.21 1.23 1.20 1.16 1.11 1.06 1.13 1.33 1.49 1.54 1.57 1.70 1.78 1.79 1.86 1.94 2.01 2.08 2.19 2.28 2.32 2.37 2.55 2.75 2.82 2.76 2.67 2.62 2.64 2.92 3.06 2.78 2.40 1.82 1.73 1.79 1.61
2.11 2.36 2.64 2.33 2.19 2.40 2.35 2.55 3.39 3.31 2.47 2.14 1.92 1.71 1.63 1.65 1.64 1.69 1.84 1.91 1.87 1.82 1.93 2.17 2.45 2.60 2.49 2.11 1.69 1.39 1.10 0.96 0.95 1.01 1.06 1.13 1.20 1.26 1.29 1.27 1.22 1.20 1.20 1.19 1.18 1.16 1.17 1.23 1.27 1.27 1.26 1.23 1.21 1.33 1.51 1.58 1.58 1.60 1.64 1.67 1.69 1.85 1.98 2.09 2.21 2.28 2.23 2.12 2.04 2.06 2.17 2.11 1.98 2.11 2.42 2.66 2.71 2.29 1.65 1.40 1.35 1.38 1.53 1.57
1.86 1.97 2.50 2.78 2.75 2.56 2.22 2.51 3.44 3.11 2.17 2.00 1.88 1.64 1.47 1.41 1.38 1.46 1.60 1.67 1.62 1.51 1.47 1.58 1.74 1.89 1.84 1.53 1.25 1.13 1.06 0.99 0.97 1.03 1.09 1.14 1.18 1.24 1.30 1.33 1.32 1.29 1.28 1.28 1.31 1.35 1.34 1.29 1.31 1.35 1.39 1.42 1.47 1.54 1.61 1.64 1.67 1.68 1.73 1.77 1.71 1.81 2.06 2.23 2.31 2.27 2.19 2.13 2.13 2.23 2.29 2.04 1.70 1.75 2.07 2.28 2.08 1.50 1.16 1.07 1.07 1.04 1.09 1.36
