windninja/windninja_output/Output_2025-08-09_0700-0750_Google earth_Fire_150m_10min/merlingen_7.5mi_point_08-09-2025_0730_150m_ang.asc
ncols	158
nrows	163
xllcorner	391686.332397
yllcorner	5160024.123721
cellsize	150.000000
NODATA_value	-32768.000000
[rows 0 to 42 of 163, columns 0 to 95 of 158]
224 224 223 220 219 220 219 216 215 215 214 211 208 209 214 221 228 228 226 226 218 205 203 205 208 210 208 204 203 203 203 204 205 203 202 204 206 206 205 202 200 199 200 200 199 199 199 195 188 187 188 187 187 188 189 189 189 188 187 185 185 185 185 184 183 183 183 183 183 181 181 181 181 180 178 179 180 180 177 175 176 177 176 176 175 173 171 172 171 169 169 167 167 167 167 165
225 225 224 221 222 222 221 220 220 219 216 210 206 208 214 219 222 219 218 218 211 201 200 205 209 210 207 204 204 205 205 205 205 203 202 204 205 203 201 199 198 198 198 197 196 195 195 192 187 187 188 188 189 190 191 190 189 188 187 186 185 185 185 184 182 183 183 184 183 182 181 181 181 179 178 179 181 181 177 176 178 178 177 177 177 174 172 173 174 172 169 168 168 168 168 169
224 224 223 222 224 223 221 222 223 219 212 205 202 207 213 217 216 212 212 212 207 199 196 203 209 210 207 205 206 207 208 207 205 204 202 202 202 200 199 197 196 195 195 194 193 192 191 191 189 187 187 188 190 192 191 190 188 187 187 187 186 185 184 184 183 183 184 184 184 182 182 182 181 179 179 181 182 181 178 178 180 181 179 179 178 175 174 176 177 177 173 171 171 171 171 171
219 222 222 221 223 221 218 218 216 212 206 201 201 206 212 216 215 213 212 212 209 203 196 198 206 208 207 205 204 205 206 206 205 203 201 200 200 200 199 197 194 193 192 192 191 190 190 191 191 189 188 188 190 191 190 188 188 187 187 188 186 185 184 184 184 183 183 184 184 184 183 182 181 180 180 180 180 180 181 180 181 181 181 180 178 175 175 176 177 178 178 175 173 173 173 171
217 220 222 221 221 219 216 216 214 211 207 202 201 206 212 217 217 216 215 215 213 208 199 194 200 204 204 203 202 202 203 204 203 201 199 200 200 199 197 194 192 191 190 190 190 190 191 191 191 191 191 191 191 191 191 190 189 188 187 187 187 186 185 185 185 184 184 184 184 185 185 183 181 181 181 181 178 178 181 182 182 181 181 179 177 176 174 172 173 175 178 178 175 173 173 172
220 222 223 222 221 219 218 218 217 214 210 205 201 206 214 218 220 220 219 219 217 213 203 193 195 200 202 203 202 201 201 202 201 200 200 199 198 196 194 192 191 190 190 191 192 192 193 192 192 193 194 193 192 192 192 191 189 188 187 186 187 186 186 185 185 184 184 184 185 186 186 185 182 180 182 182 180 178 180 184 185 180 178 178 178 178 175 168 166 168 171 173 174 173 171 171
225 226 226 224 222 221 221 221 218 215 211 207 203 208 217 220 220 220 219 217 217 216 208 195 193 198 201 202 202 200 200 201 201 201 200 198 195 194 194 193 193 192 193 194 194 195 195 194 194 194 194 195 194 193 193 191 189 188 187 186 185 185 186 186 186 185 184 184 185 185 186 185 182 181 181 182 182 181 182 186 185 179 177 177 178 179 177 169 162 160 160 163 167 169 170 170
227 227 228 228 227 226 225 224 221 217 212 207 203 208 218 221 219 219 218 216 216 215 211 201 193 194 199 200 200 200 201 201 202 202 201 198 196 196 197 197 197 197 197 197 197 196 196 195 195 195 195 194 194 194 194 191 189 187 186 184 183 184 186 187 187 187 185 184 184 184 184 183 184 183 182 182 183 185 187 186 182 178 176 177 178 179 177 173 167 159 154 155 158 162 167 167
228 228 229 230 231 231 230 227 223 218 214 208 203 207 216 220 218 218 218 217 217 216 213 206 196 190 195 199 200 201 203 202 202 203 203 202 201 201 202 202 202 202 201 199 198 197 197 196 195 195 195 194 194 195 194 191 188 187 185 184 184 184 185 187 189 188 185 183 184 185 183 183 185 186 184 183 184 187 190 186 181 176 174 175 176 176 177 175 172 168 165 164 163 163 165 163
229 230 231 230 230 230 230 228 224 220 216 211 205 207 216 220 219 218 216 216 216 215 213 208 201 192 191 198 200 200 203 202 201 204 205 205 205 205 205 206 205 203 202 200 200 199 197 197 196 194 195 196 194 193 193 191 188 187 187 188 188 186 184 186 188 187 184 183 184 187 187 186 185 186 186 186 186 187 187 183 180 177 174 171 170 171 172 171 171 172 173 171 167 167 167 162
231 232 232 231 230 229 228 226 224 221 218 214 209 208 216 221 221 219 216 215 215 214 213 209 203 197 192 196 200 200 203 204 203 206 208 208 207 207 207 206 205 204 203 202 202 201 198 199 199 197 197 197 195 193 193 194 193 193 194 195 194 190 187 185 183 182 182 183 186 190 190 187 185 185 188 189 189 185 179 176 178 179 178 172 166 165 165 164 166 172 175 171 167 169 168 164
233 233 233 232 230 229 228 227 224 222 220 217 212 210 215 221 221 220 218 216 216 215 214 211 206 202 198 199 202 204 207 208 208 208 210 211 210 208 207 206 205 205 204 203 204 204 202 204 207 206 204 202 201 201 202 204 204 203 204 205 205 201 191 181 176 176 179 183 187 187 186 186 185 185 187 188 186 181 175 172 175 178 179 175 169 166 166 163 164 171 172 168 166 168 166 164
235 235 234 233 231 230 229 228 226 224 222 219 215 213 217 224 224 221 219 218 217 217 216 214 212 209 206 205 207 208 209 210 209 209 211 212 212 209 208 207 206 206 205 205 206 208 209 212 217 217 215 216 217 220 222 219 216 214 217 223 224 216 196 172 163 165 170 176 178 178 181 184 185 182 180 180 180 179 176 174 175 176 176 174 170 170 169 167 168 172 172 169 167 167 164 163
236 236 235 234 233 231 230 229 228 226 224 221 217 215 219 227 229 225 222 221 219 219 220 219 218 214 210 208 208 209 211 212 211 211 211 212 211 209 209 208 209 210 212 214 217 218 217 216 218 220 221 221 222 227 233 233 227 222 221 220 215 205 192 179 168 161 156 154 155 163 174 180 179 177 174 174 175 175 177 177 174 172 172 171 172 173 171 169 171 172 171 169 169 167 163 161
238 237 237 236 234 233 232 230 229 227 225 223 218 214 218 226 229 226 224 225 223 222 222 221 219 215 211 210 210 210 213 214 212 211 209 210 211 212 213 215 219 225 229 233 232 230 224 215 212 215 216 214 212 213 214 215 210 205 202 201 199 193 186 185 184 178 168 156 144 145 159 169 172 173 174 173 172 173 177 175 169 168 168 170 174 174 171 172 176 175 170 167 167 166 160 156
239 239 238 237 236 235 233 232 230 228 226 224 220 214 216 223 225 223 222 224 224 222 221 220 219 216 211 210 212 211 211 211 209 209 211 214 219 223 225 228 233 232 230 227 223 219 218 213 209 211 210 205 200 198 199 201 201 196 191 191 191 188 185 186 187 184 177 171 163 150 146 153 161 169 173 172 173 176 176 170 165 166 167 169 174 175 174 176 181 181 176 168 167 167 160 153
240 240 239 238 237 235 234 233 231 230 228 225 223 218 217 224 226 223 221 221 221 220 218 218 218 216 212 210 211 210 210 211 212 216 222 228 232 232 231 229 226 220 215 215 213 210 211 210 206 202 202 200 196 195 197 200 202 197 188 187 187 187 187 186 186 185 181 176 172 167 155 144 147 157 165 170 175 176 171 167 168 170 170 172 176 180 183 186 180 176 174 173 173 172 168 163
242 241 240 239 238 236 235 233 232 230 229 227 225 222 222 227 229 226 223 221 221 220 219 219 219 218 215 212 212 213 214 216 219 222 225 226 225 222 219 217 215 212 212 214 213 210 208 205 201 198 196 196 196 197 199 200 200 196 189 186 187 188 189 187 184 183 182 179 177 175 168 159 153 152 156 164 170 170 168 169 174 175 175 180 186 188 190 187 174 165 165 170 174 173 172 172
243 242 241 240 239 237 236 235 233 231 230 228 227 225 225 228 231 229 227 226 224 223 221 221 222 221 219 216 216 218 220 220 220 220 220 220 220 218 215 215 215 214 215 214 212 211 207 201 199 200 198 197 197 199 198 197 196 195 191 187 188 190 190 187 183 181 182 183 181 176 171 168 165 162 158 157 160 164 168 175 178 176 178 182 184 185 184 180 174 167 162 165 170 170 172 174
244 244 243 241 240 238 237 236 234 232 231 230 228 227 227 229 230 230 229 227 225 223 222 221 221 220 219 218 218 219 219 219 219 220 223 224 222 219 215 214 213 211 212 211 210 208 205 201 200 203 203 200 197 195 194 193 194 194 192 190 191 194 192 187 183 181 182 183 179 174 172 173 173 172 169 166 166 169 175 178 177 174 174 175 178 180 181 179 175 170 166 166 167 168 169 171
246 245 244 242 241 239 238 237 235 233 232 231 229 228 228 228 228 228 227 225 223 222 221 220 220 220 220 219 218 217 216 216 217 219 219 218 217 213 209 209 209 210 211 210 208 206 206 204 202 203 203 201 196 192 190 191 192 193 194 193 194 195 192 186 182 180 180 179 175 174 177 179 177 175 173 175 178 180 182 180 176 174 174 173 174 176 179 179 175 170 169 169 169 169 168 167
247 246 245 244 242 241 239 238 236 234 233 232 231 229 228 227 226 226 225 224 223 221 221 220 219 220 219 219 218 217 215 213 214 214 212 211 212 210 208 209 210 210 211 210 209 209 208 205 201 201 201 200 197 193 191 191 191 191 194 196 196 195 191 186 181 178 176 175 175 179 183 184 181 176 173 174 177 181 184 183 179 178 178 174 173 174 177 177 172 170 171 172 173 171 169 167
248 247 246 245 243 242 240 238 237 235 233 232 231 229 228 227 226 225 225 223 222 221 220 219 219 219 219 219 218 217 214 210 210 212 212 213 214 214 212 212 211 210 210 211 211 209 205 202 201 200 201 200 198 196 192 190 189 189 191 196 196 194 191 184 178 174 174 175 180 186 188 187 183 178 173 171 173 177 180 183 185 185 182 178 173 171 173 173 171 171 173 176 176 172 169 168
249 249 247 246 244 243 241 239 238 236 234 232 231 229 228 227 225 225 224 223 222 221 220 219 218 219 219 219 220 219 215 210 211 215 216 218 219 218 216 213 210 210 210 211 210 205 203 203 203 201 201 201 199 196 193 190 189 189 189 193 195 193 189 179 173 173 176 180 187 192 192 188 182 176 174 175 173 172 174 181 187 188 186 184 177 170 167 167 169 171 175 180 177 171 169 168
251 250 249 247 246 244 242 240 239 237 235 233 231 230 228 227 226 225 224 223 221 221 220 218 218 218 219 221 224 222 217 214 214 217 218 219 220 219 217 213 210 209 208 207 206 204 204 206 205 203 202 201 198 195 193 191 190 190 190 191 193 191 184 176 173 175 180 189 196 198 194 185 176 174 178 181 177 168 169 176 183 185 187 188 183 173 165 163 164 169 177 182 178 172 170 169
252 251 250 248 247 244 242 241 240 238 236 233 232 231 228 227 226 225 224 223 222 221 220 218 217 217 217 221 224 224 221 218 216 215 216 217 218 219 218 213 210 207 205 205 206 207 207 208 206 203 202 201 199 196 193 190 191 194 194 192 188 182 177 178 180 182 186 194 200 200 191 176 171 175 181 186 182 171 165 169 174 179 184 186 185 179 173 169 166 168 176 180 178 174 172 171
253 253 251 250 248 245 243 242 240 238 236 234 232 231 229 228 227 225 224 223 222 221 219 217 216 214 214 219 224 224 222 222 221 217 216 215 215 218 217 212 208 205 203 205 207 206 206 207 205 202 201 202 201 196 190 188 193 198 197 190 180 173 174 181 187 190 193 196 199 194 182 172 172 177 182 186 186 178 165 162 166 172 178 181 181 180 179 177 174 172 173 174 174 175 175 174
254 254 252 250 248 246 244 243 241 238 236 234 233 231 230 229 227 226 225 223 222 220 218 216 214 211 211 217 221 221 222 224 223 221 218 215 214 217 217 212 206 205 203 203 203 201 202 204 205 201 199 200 199 194 189 187 192 197 193 185 178 174 175 184 192 197 198 198 195 187 178 174 175 178 182 184 184 181 172 163 161 166 171 173 174 178 181 182 179 177 175 170 168 172 175 176
255 255 253 251 249 247 245 244 241 239 237 235 233 232 230 229 228 226 224 223 221 220 218 216 213 209 209 213 216 216 219 222 221 220 217 211 210 214 215 209 203 202 200 200 199 198 199 202 204 200 195 196 197 195 192 188 188 191 189 182 178 180 184 188 193 197 198 195 189 180 177 178 180 183 185 182 179 179 178 169 161 161 165 166 168 175 181 181 179 181 179 171 165 165 169 172
257 256 254 252 250 248 246 244 241 239 237 235 234 232 231 229 228 226 224 223 222 221 219 216 212 207 206 210 211 211 214 218 219 217 211 202 201 207 209 204 199 198 197 198 197 196 197 198 199 196 193 193 195 197 195 190 186 187 189 184 179 184 192 195 196 197 194 190 183 176 175 181 186 188 187 182 177 179 181 174 163 159 160 163 167 173 176 174 175 180 181 176 166 160 159 163
259 258 255 253 251 249 247 244 242 239 237 236 234 233 231 230 228 226 225 224 222 221 218 215 212 208 207 209 210 211 215 219 218 214 206 197 196 202 205 200 196 196 196 198 197 195 195 193 193 195 194 194 196 200 199 195 191 188 188 187 185 189 199 203 201 195 189 185 181 176 176 185 190 188 184 180 179 181 182 177 169 162 160 162 167 170 171 170 172 177 182 180 171 158 149 149
260 259 256 254 252 250 247 244 242 240 238 236 235 233 232 230 229 227 226 224 222 220 218 216 212 209 208 209 210 214 219 220 218 215 208 197 196 201 202 200 198 199 199 201 200 197 195 194 195 198 199 198 200 204 204 200 197 193 190 191 191 193 200 205 202 192 184 181 180 179 182 185 182 179 178 179 180 181 182 180 177 171 166 162 163 165 165 168 172 175 179 181 176 162 147 142
261 260 257 255 254 251 247 244 242 240 238 236 235 234 232 231 229 228 226 225 223 221 218 216 214 210 208 206 205 209 213 215 215 217 214 199 195 201 203 203 204 203 202 203 202 200 199 200 202 204 204 203 203 205 206 200 196 196 195 196 196 195 197 200 199 190 180 177 179 183 184 179 175 175 177 178 179 180 181 182 183 180 173 165 163 162 163 167 172 175 176 177 174 165 155 149
262 261 258 257 255 251 247 245 243 241 239 237 236 234 233 231 229 228 226 225 224 222 218 216 214 211 208 204 201 203 209 213 214 218 217 200 192 202 205 205 207 205 204 205 205 204 205 206 207 207 206 205 204 206 206 200 194 194 198 201 198 192 190 194 197 193 181 173 175 181 181 177 176 177 177 177 176 176 179 184 189 187 180 171 167 168 170 170 173 176 177 175 168 161 158 157
263 262 259 258 256 252 247 245 243 241 239 238 236 235 233 231 230 229 227 226 224 222 219 217 215 212 209 205 201 203 211 215 216 217 215 204 192 200 206 206 207 208 209 211 211 211 211 211 210 210 209 208 208 208 206 202 196 194 199 204 201 192 186 188 194 196 188 175 169 173 178 180 180 180 178 175 173 172 175 184 191 190 185 178 172 172 174 174 174 176 177 173 166 159 158 160
265 263 261 259 255 251 247 245 243 241 240 238 237 235 234 232 231 230 228 226 225 223 221 219 216 214 210 206 204 208 214 215 214 214 213 208 200 202 208 210 212 214 215 215 214 214 212 210 209 209 208 208 207 205 202 199 197 196 199 205 206 197 185 182 190 195 192 180 167 167 177 184 185 183 179 174 172 171 172 179 186 189 189 186 180 172 172 175 176 174 172 169 165 160 157 158
267 266 263 260 255 251 248 245 244 242 240 239 237 236 234 233 232 230 229 227 225 224 222 220 217 214 210 207 207 211 212 210 210 213 215 212 207 207 212 217 218 218 217 215 213 212 209 207 208 208 207 204 203 201 198 197 197 198 198 203 205 198 186 179 183 191 191 183 173 173 181 187 186 180 176 174 174 177 178 174 176 185 190 192 188 175 168 173 175 171 168 166 164 161 159 161
269 268 265 261 255 251 248 246 244 243 241 239 238 236 235 234 232 231 229 228 226 225 223 221 218 215 210 206 206 209 208 206 210 215 217 215 212 214 219 220 218 217 215 212 211 210 207 206 207 207 204 201 199 199 198 195 195 197 198 199 201 198 188 179 179 185 188 184 181 185 188 185 177 173 176 178 176 178 182 179 175 180 186 190 188 179 170 170 171 169 166 165 163 159 161 167
270 269 265 260 255 252 249 247 245 244 242 240 238 237 236 235 233 231 230 228 227 225 223 221 219 215 210 205 204 208 208 209 212 215 216 215 214 219 221 218 216 214 211 209 208 207 204 202 202 202 200 196 195 198 197 192 191 193 194 194 196 196 192 185 181 182 184 185 188 190 186 177 174 177 182 180 173 174 181 184 182 180 182 183 182 180 177 171 168 168 168 165 158 154 161 172
272 271 266 260 256 252 250 248 247 245 243 241 239 238 237 235 234 232 231 229 228 226 224 222 220 216 211 206 207 212 214 212 212 213 216 215 212 215 217 216 215 213 209 205 204 204 202 199 197 199 199 194 190 192 192 189 186 187 190 190 192 196 199 194 186 183 185 188 190 185 176 174 177 185 186 177 171 173 178 184 188 186 183 178 176 179 177 171 168 169 171 166 156 155 163 170
273 272 267 261 257 253 251 250 248 246 243 242 240 239 238 236 234 233 231 230 228 226 224 223 221 217 214 211 211 215 217 214 212 214 216 214 211 212 213 213 212 210 206 203 201 202 201 197 194 197 198 192 184 183 188 188 185 185 188 191 195 201 205 203 191 184 186 190 186 177 173 177 184 187 181 171 171 175 176 182 189 191 187 180 176 174 172 170 169 169 171 165 159 159 163 166
273 272 267 262 258 255 253 251 249 246 244 243 241 240 238 236 234 233 232 230 229 227 225 223 221 219 216 214 213 214 216 214 212 213 212 210 211 212 210 208 206 204 202 201 198 195 195 194 193 193 195 190 183 181 186 190 190 189 192 198 202 204 204 203 196 187 186 187 181 177 181 185 183 179 172 168 173 178 178 182 188 188 185 182 176 172 173 175 173 170 167 165 165 165 162 164
272 271 267 263 259 257 255 252 250 247 245 244 242 240 239 237 235 234 232 231 229 227 225 224 222 220 218 216 213 213 214 213 211 209 206 205 207 206 203 201 201 202 202 199 194 192 194 197 196 194 194 192 187 185 188 193 196 197 201 207 207 201 197 197 196 189 182 181 181 183 188 186 180 174 168 168 176 181 182 184 186 185 182 177 171 172 180 183 178 171 166 165 168 166 165 168
