windninja/windninja_output/Output_2025-08-09_0700-0750_Google earth_Fire_150m_10min/merlingen_7.5mi_point_08-09-2025_0750_150m_vel.asc
ncols	158
nrows	163
xllcorner	391686.332397
yllcorner	5160024.123721
cellsize	150.000000
NODATA_value	-32768.000000
[rows 76 to 113 of 163, columns 0 to 83 of 158]
0.97 0.90 0.76 0.63 0.57 0.57 0.53 0.50 0.49 0.48 0.47 0.47 0.46 0.47 0.47 0.46 0.45 0.47 0.47 0.47 0.47 0.48 0.49 0.50 0.48 0.43 0.43 0.47 0.51 0.59 0.65 0.64 0.63 0.63 0.58 0.51 0.47 0.45 0.44 0.44 0.44 0.46 0.47 0.47 0.48 0.48 0.48 0.48 0.47 0.47 0.47 0.47 0.47 0.46 0.46 0.46 0.45 0.45 0.45 0.44 0.44 0.43 0.42 0.42 0.41 0.40 0.39 0.38 0.37 0.36 0.34 0.32 0.29 0.26 0.22 0.22 0.24 0.27 0.31 0.36 0.42 0.49 0.55 0.55
1.05 0.98 0.85 0.73 0.64 0.59 0.52 0.48 0.47 0.45 0.45 0.44 0.45 0.46 0.46 0.45 0.44 0.45 0.46 0.47 0.47 0.48 0.49 0.49 0.48 0.46 0.46 0.47 0.47 0.51 0.60 0.66 0.65 0.64 0.63 0.55 0.49 0.47 0.45 0.44 0.43 0.45 0.47 0.47 0.48 0.48 0.48 0.48 0.48 0.48 0.47 0.47 0.47 0.47 0.46 0.46 0.46 0.46 0.45 0.45 0.44 0.44 0.43 0.43 0.42 0.41 0.40 0.39 0.38 0.37 0.36 0.34 0.32 0.29 0.25 0.22 0.21 0.21 0.25 0.34 0.43 0.46 0.51 0.53
1.13 0.99 0.88 0.90 0.79 0.63 0.51 0.46 0.45 0.43 0.41 0.41 0.43 0.45 0.45 0.44 0.44 0.44 0.45 0.46 0.47 0.47 0.48 0.47 0.46 0.48 0.51 0.50 0.47 0.46 0.53 0.63 0.66 0.66 0.66 0.61 0.54 0.51 0.48 0.44 0.42 0.44 0.47 0.48 0.48 0.48 0.49 0.48 0.48 0.48 0.47 0.47 0.47 0.47 0.47 0.46 0.46 0.46 0.46 0.45 0.45 0.45 0.44 0.43 0.43 0.42 0.41 0.40 0.39 0.38 0.37 0.35 0.34 0.32 0.28 0.25 0.21 0.19 0.21 0.31 0.42 0.44 0.48 0.54
1.15 0.98 0.89 1.08 1.01 0.75 0.53 0.44 0.43 0.39 0.35 0.38 0.41 0.44 0.45 0.44 0.44 0.43 0.43 0.44 0.46 0.47 0.48 0.46 0.42 0.46 0.54 0.55 0.50 0.45 0.48 0.58 0.65 0.67 0.67 0.64 0.59 0.55 0.54 0.48 0.42 0.42 0.45 0.47 0.48 0.49 0.49 0.49 0.48 0.48 0.47 0.47 0.47 0.47 0.47 0.47 0.47 0.46 0.46 0.46 0.46 0.45 0.45 0.44 0.44 0.43 0.42 0.41 0.40 0.39 0.38 0.37 0.35 0.34 0.31 0.28 0.24 0.20 0.20 0.28 0.38 0.43 0.48 0.55
1.03 0.94 0.92 1.03 1.10 0.90 0.51 0.37 0.38 0.33 0.30 0.34 0.40 0.43 0.44 0.44 0.44 0.43 0.42 0.43 0.45 0.47 0.48 0.45 0.40 0.43 0.52 0.56 0.53 0.48 0.46 0.52 0.59 0.66 0.70 0.67 0.61 0.59 0.59 0.55 0.46 0.42 0.45 0.46 0.47 0.48 0.49 0.49 0.48 0.47 0.46 0.46 0.46 0.46 0.47 0.47 0.47 0.47 0.47 0.46 0.46 0.46 0.45 0.45 0.44 0.44 0.43 0.42 0.41 0.40 0.39 0.38 0.36 0.35 0.33 0.31 0.27 0.23 0.21 0.25 0.34 0.41 0.46 0.51
0.87 0.84 0.84 0.93 1.06 0.93 0.54 0.36 0.35 0.31 0.28 0.32 0.39 0.43 0.44 0.44 0.43 0.43 0.42 0.42 0.44 0.46 0.47 0.45 0.39 0.41 0.49 0.54 0.54 0.51 0.48 0.49 0.54 0.60 0.69 0.72 0.66 0.61 0.62 0.61 0.54 0.47 0.47 0.48 0.48 0.48 0.47 0.48 0.49 0.47 0.43 0.43 0.44 0.45 0.46 0.47 0.47 0.47 0.47 0.47 0.46 0.46 0.46 0.45 0.45 0.44 0.44 0.43 0.42 0.41 0.40 0.39 0.37 0.36 0.35 0.32 0.30 0.26 0.24 0.25 0.30 0.37 0.44 0.46
0.91 0.84 0.82 0.95 0.97 0.79 0.60 0.49 0.41 0.36 0.32 0.34 0.40 0.44 0.45 0.44 0.43 0.44 0.42 0.41 0.43 0.45 0.46 0.44 0.39 0.42 0.48 0.51 0.52 0.52 0.50 0.49 0.49 0.53 0.60 0.67 0.69 0.65 0.63 0.62 0.60 0.55 0.54 0.54 0.53 0.52 0.50 0.50 0.54 0.51 0.44 0.41 0.41 0.43 0.45 0.46 0.47 0.47 0.47 0.47 0.47 0.46 0.46 0.46 0.45 0.45 0.44 0.44 0.43 0.42 0.41 0.40 0.38 0.37 0.36 0.34 0.32 0.29 0.26 0.25 0.26 0.32 0.40 0.45
1.15 0.95 0.85 0.93 0.87 0.74 0.62 0.54 0.48 0.43 0.37 0.37 0.41 0.44 0.46 0.45 0.44 0.44 0.43 0.42 0.42 0.43 0.45 0.43 0.38 0.41 0.48 0.49 0.51 0.52 0.52 0.50 0.50 0.51 0.54 0.59 0.64 0.64 0.63 0.61 0.59 0.57 0.57 0.58 0.59 0.59 0.57 0.57 0.59 0.60 0.55 0.48 0.42 0.42 0.44 0.46 0.47 0.47 0.47 0.47 0.47 0.47 0.46 0.46 0.46 0.45 0.45 0.44 0.43 0.43 0.42 0.41 0.39 0.38 0.37 0.35 0.33 0.30 0.27 0.25 0.23 0.26 0.36 0.44
1.19 1.04 0.88 0.90 0.87 0.78 0.64 0.54 0.51 0.46 0.42 0.41 0.42 0.46 0.48 0.46 0.45 0.46 0.45 0.43 0.42 0.42 0.43 0.43 0.38 0.39 0.46 0.49 0.50 0.52 0.53 0.52 0.52 0.54 0.55 0.57 0.59 0.60 0.60 0.59 0.57 0.55 0.54 0.55 0.56 0.57 0.57 0.56 0.57 0.58 0.58 0.56 0.51 0.45 0.44 0.46 0.47 0.48 0.48 0.47 0.47 0.47 0.47 0.46 0.46 0.46 0.45 0.45 0.44 0.43 0.42 0.41 0.40 0.39 0.38 0.36 0.34 0.32 0.29 0.26 0.24 0.25 0.31 0.39
1.26 1.12 0.93 0.90 0.90 0.82 0.65 0.56 0.54 0.50 0.45 0.43 0.43 0.46 0.49 0.49 0.46 0.48 0.47 0.45 0.43 0.41 0.41 0.42 0.39 0.36 0.41 0.47 0.49 0.50 0.52 0.53 0.53 0.55 0.60 0.61 0.61 0.61 0.59 0.56 0.54 0.53 0.53 0.54 0.54 0.55 0.56 0.56 0.54 0.52 0.52 0.53 0.53 0.49 0.46 0.47 0.47 0.48 0.48 0.47 0.47 0.47 0.47 0.46 0.46 0.46 0.46 0.45 0.45 0.44 0.43 0.42 0.41 0.40 0.38 0.37 0.35 0.33 0.30 0.27 0.25 0.25 0.29 0.35
1.37 1.20 0.96 0.90 0.90 0.84 0.68 0.61 0.60 0.54 0.47 0.44 0.44 0.46 0.50 0.51 0.49 0.51 0.50 0.48 0.45 0.42 0.41 0.41 0.37 0.33 0.37 0.44 0.48 0.49 0.49 0.51 0.51 0.52 0.59 0.65 0.66 0.67 0.65 0.59 0.53 0.50 0.51 0.54 0.56 0.57 0.58 0.58 0.56 0.51 0.48 0.48 0.50 0.50 0.48 0.47 0.48 0.48 0.47 0.47 0.47 0.47 0.47 0.46 0.46 0.46 0.46 0.46 0.45 0.44 0.44 0.43 0.41 0.40 0.39 0.38 0.36 0.34 0.31 0.28 0.24 0.24 0.27 0.34
1.49 1.24 0.98 0.91 0.86 0.83 0.74 0.67 0.67 0.61 0.50 0.45 0.47 0.46 0.50 0.52 0.51 0.55 0.55 0.53 0.48 0.44 0.45 0.44 0.33 0.28 0.36 0.44 0.49 0.50 0.48 0.50 0.50 0.48 0.52 0.59 0.65 0.71 0.74 0.70 0.61 0.52 0.49 0.52 0.57 0.60 0.61 0.61 0.59 0.54 0.48 0.45 0.46 0.48 0.48 0.47 0.47 0.47 0.46 0.46 0.46 0.46 0.46 0.46 0.46 0.46 0.46 0.46 0.45 0.45 0.44 0.43 0.42 0.41 0.40 0.38 0.37 0.34 0.32 0.28 0.22 0.20 0.21 0.27
1.54 1.28 0.99 0.89 0.80 0.79 0.80 0.76 0.73 0.69 0.56 0.49 0.48 0.46 0.50 0.53 0.54 0.59 0.61 0.60 0.53 0.48 0.52 0.45 0.28 0.23 0.34 0.44 0.48 0.51 0.51 0.51 0.51 0.49 0.48 0.50 0.54 0.62 0.72 0.76 0.72 0.62 0.52 0.51 0.56 0.61 0.65 0.64 0.62 0.58 0.52 0.47 0.45 0.46 0.48 0.49 0.48 0.47 0.45 0.44 0.44 0.45 0.46 0.46 0.46 0.47 0.46 0.46 0.46 0.45 0.44 0.44 0.43 0.42 0.40 0.39 0.37 0.35 0.32 0.28 0.22 0.16 0.13 0.17
1.45 1.26 0.99 0.87 0.78 0.75 0.80 0.82 0.79 0.78 0.70 0.55 0.48 0.47 0.49 0.52 0.57 0.64 0.67 0.66 0.58 0.54 0.54 0.42 0.25 0.24 0.34 0.44 0.48 0.51 0.53 0.53 0.53 0.52 0.51 0.50 0.48 0.51 0.61 0.71 0.73 0.68 0.59 0.53 0.53 0.59 0.66 0.68 0.65 0.61 0.57 0.51 0.47 0.47 0.49 0.51 0.52 0.51 0.48 0.42 0.40 0.42 0.44 0.46 0.46 0.47 0.47 0.46 0.46 0.46 0.45 0.44 0.43 0.42 0.41 0.40 0.38 0.36 0.33 0.30 0.25 0.18 0.12 0.13
1.34 1.19 0.99 0.88 0.79 0.72 0.72 0.79 0.81 0.86 0.83 0.62 0.49 0.49 0.49 0.51 0.58 0.68 0.76 0.76 0.65 0.56 0.48 0.38 0.30 0.29 0.37 0.45 0.49 0.52 0.54 0.55 0.54 0.54 0.55 0.55 0.50 0.48 0.53 0.66 0.72 0.69 0.62 0.56 0.53 0.55 0.62 0.69 0.69 0.64 0.58 0.54 0.50 0.47 0.48 0.52 0.56 0.58 0.55 0.44 0.36 0.38 0.43 0.45 0.46 0.47 0.47 0.47 0.46 0.46 0.45 0.45 0.44 0.43 0.42 0.40 0.39 0.37 0.35 0.32 0.27 0.21 0.16 0.15
1.26 1.13 1.01 0.97 0.90 0.76 0.68 0.72 0.80 0.92 0.93 0.73 0.56 0.54 0.54 0.55 0.60 0.70 0.84 0.88 0.68 0.48 0.40 0.40 0.36 0.35 0.40 0.46 0.50 0.52 0.54 0.56 0.56 0.54 0.56 0.58 0.55 0.51 0.50 0.58 0.70 0.72 0.67 0.60 0.54 0.54 0.58 0.65 0.70 0.68 0.61 0.54 0.50 0.46 0.44 0.50 0.58 0.62 0.64 0.53 0.39 0.37 0.42 0.45 0.46 0.47 0.47 0.47 0.47 0.46 0.46 0.45 0.44 0.43 0.42 0.41 0.40 0.38 0.36 0.33 0.30 0.25 0.21 0.19
1.13 1.06 1.00 1.04 1.06 0.95 0.82 0.81 0.91 1.09 1.09 0.85 0.67 0.62 0.59 0.59 0.62 0.70 0.89 0.96 0.72 0.37 0.37 0.42 0.39 0.39 0.44 0.48 0.51 0.53 0.55 0.57 0.57 0.55 0.55 0.57 0.57 0.55 0.51 0.51 0.61 0.73 0.74 0.66 0.58 0.54 0.55 0.62 0.68 0.70 0.64 0.55 0.49 0.43 0.38 0.43 0.55 0.61 0.65 0.62 0.49 0.41 0.42 0.45 0.46 0.47 0.47 0.47 0.47 0.46 0.46 0.45 0.45 0.44 0.43 0.42 0.40 0.39 0.37 0.35 0.32 0.29 0.24 0.21
0.97 0.93 0.90 0.96 1.05 1.04 0.96 0.92 0.98 1.18 1.31 1.15 0.96 0.91 0.88 0.87 0.81 0.83 0.97 1.02 0.84 0.48 0.43 0.44 0.41 0.42 0.46 0.50 0.53 0.55 0.57 0.58 0.59 0.56 0.54 0.55 0.57 0.56 0.55 0.51 0.51 0.64 0.77 0.76 0.65 0.57 0.56 0.60 0.67 0.71 0.69 0.59 0.46 0.40 0.35 0.36 0.47 0.56 0.59 0.60 0.54 0.45 0.43 0.45 0.46 0.47 0.47 0.47 0.47 0.47 0.46 0.46 0.45 0.44 0.43 0.42 0.41 0.40 0.38 0.37 0.34 0.32 0.29 0.25
0.85 0.83 0.81 0.85 0.92 0.92 0.85 0.75 0.69 0.90 1.23 1.27 1.18 1.12 1.10 1.11 1.07 1.03 1.12 1.12 0.91 0.73 0.61 0.52 0.46 0.46 0.49 0.52 0.55 0.57 0.59 0.62 0.62 0.56 0.52 0.54 0.57 0.57 0.56 0.53 0.48 0.52 0.71 0.82 0.75 0.66 0.61 0.61 0.67 0.72 0.75 0.65 0.44 0.39 0.39 0.37 0.44 0.50 0.53 0.55 0.53 0.47 0.45 0.46 0.46 0.47 0.47 0.47 0.47 0.47 0.46 0.46 0.45 0.45 0.44 0.43 0.42 0.41 0.40 0.38 0.37 0.35 0.32 0.30
0.72 0.76 0.78 0.81 0.88 0.84 0.72 0.55 0.41 0.55 0.84 1.00 0.94 0.81 0.78 0.91 1.07 1.17 1.31 1.16 0.93 0.89 0.75 0.59 0.49 0.48 0.50 0.52 0.55 0.59 0.64 0.67 0.66 0.57 0.51 0.53 0.56 0.57 0.56 0.54 0.47 0.44 0.57 0.76 0.82 0.79 0.73 0.69 0.71 0.74 0.78 0.71 0.50 0.42 0.44 0.43 0.44 0.47 0.48 0.51 0.51 0.47 0.45 0.46 0.46 0.47 0.47 0.47 0.47 0.47 0.47 0.46 0.46 0.45 0.44 0.44 0.43 0.42 0.41 0.39 0.38 0.37 0.35 0.34
0.56 0.68 0.77 0.81 0.89 0.87 0.75 0.55 0.40 0.41 0.57 0.72 0.70 0.66 0.68 0.86 1.00 1.26 1.42 1.07 0.90 0.95 0.84 0.65 0.50 0.46 0.48 0.52 0.54 0.58 0.66 0.72 0.70 0.62 0.53 0.53 0.56 0.57 0.56 0.54 0.48 0.41 0.45 0.61 0.73 0.79 0.80 0.79 0.78 0.78 0.79 0.75 0.61 0.49 0.49 0.49 0.46 0.47 0.46 0.47 0.48 0.46 0.45 0.46 0.46 0.46 0.47 0.47 0.47 0.47 0.47 0.46 0.46 0.45 0.45 0.44 0.43 0.43 0.42 0.41 0.39 0.38 0.37 0.36
0.44 0.60 0.75 0.78 0.87 0.92 0.85 0.71 0.55 0.46 0.51 0.51 0.50 0.61 0.71 0.88 1.04 1.29 1.43 1.18 1.00 0.99 0.99 0.77 0.52 0.43 0.45 0.50 0.54 0.58 0.65 0.71 0.72 0.67 0.58 0.55 0.56 0.57 0.55 0.53 0.50 0.42 0.40 0.50 0.61 0.67 0.74 0.79 0.81 0.80 0.77 0.76 0.69 0.57 0.54 0.54 0.51 0.48 0.46 0.46 0.45 0.45 0.45 0.45 0.45 0.46 0.46 0.47 0.47 0.47 0.46 0.46 0.46 0.46 0.45 0.45 0.44 0.43 0.42 0.41 0.41 0.40 0.39 0.38
0.38 0.53 0.70 0.71 0.78 0.87 0.86 0.81 0.72 0.61 0.54 0.47 0.44 0.53 0.72 0.92 1.10 1.22 1.12 1.14 1.12 1.09 1.13 0.89 0.55 0.43 0.46 0.51 0.55 0.61 0.66 0.68 0.70 0.69 0.63 0.59 0.59 0.58 0.55 0.52 0.50 0.44 0.39 0.45 0.55 0.60 0.67 0.76 0.80 0.79 0.75 0.74 0.72 0.64 0.59 0.58 0.57 0.52 0.48 0.46 0.45 0.44 0.44 0.44 0.43 0.44 0.45 0.46 0.46 0.47 0.46 0.46 0.46 0.46 0.45 0.45 0.44 0.44 0.43 0.42 0.41 0.41 0.40 0.39
0.37 0.50 0.64 0.65 0.69 0.71 0.71 0.76 0.76 0.68 0.62 0.55 0.47 0.52 0.72 0.97 1.11 1.03 0.90 0.94 1.08 1.18 1.19 0.99 0.64 0.52 0.53 0.55 0.58 0.64 0.68 0.69 0.69 0.68 0.65 0.63 0.63 0.62 0.57 0.51 0.48 0.45 0.39 0.41 0.52 0.61 0.66 0.73 0.78 0.78 0.75 0.73 0.72 0.70 0.64 0.61 0.61 0.58 0.52 0.48 0.47 0.47 0.47 0.45 0.43 0.42 0.43 0.44 0.45 0.46 0.46 0.46 0.46 0.46 0.46 0.45 0.45 0.44 0.43 0.43 0.42 0.41 0.41 0.40
0.45 0.54 0.65 0.68 0.67 0.67 0.67 0.70 0.72 0.68 0.67 0.61 0.54 0.58 0.71 0.92 1.07 0.94 0.78 0.81 0.97 1.14 1.17 0.93 0.71 0.63 0.62 0.61 0.61 0.66 0.71 0.72 0.71 0.69 0.66 0.64 0.65 0.65 0.62 0.53 0.46 0.44 0.40 0.38 0.47 0.59 0.66 0.70 0.74 0.76 0.77 0.74 0.71 0.72 0.70 0.66 0.63 0.63 0.58 0.49 0.48 0.50 0.51 0.50 0.46 0.42 0.41 0.41 0.43 0.45 0.46 0.46 0.46 0.46 0.46 0.45 0.45 0.44 0.44 0.43 0.42 0.42 0.41 0.41
0.53 0.58 0.68 0.71 0.68 0.67 0.68 0.69 0.69 0.67 0.67 0.63 0.58 0.63 0.73 0.88 1.04 0.95 0.75 0.85 1.04 1.12 1.05 0.91 0.78 0.70 0.68 0.67 0.65 0.69 0.75 0.78 0.76 0.73 0.68 0.64 0.63 0.65 0.66 0.58 0.46 0.42 0.40 0.36 0.41 0.53 0.64 0.68 0.70 0.73 0.76 0.75 0.72 0.71 0.72 0.70 0.66 0.68 0.65 0.55 0.49 0.49 0.53 0.55 0.52 0.46 0.42 0.40 0.40 0.43 0.45 0.45 0.45 0.45 0.45 0.45 0.45 0.44 0.44 0.43 0.42 0.42 0.41 0.41
0.61 0.63 0.69 0.72 0.70 0.69 0.70 0.70 0.68 0.67 0.66 0.64 0.58 0.59 0.73 0.90 1.02 0.98 0.86 0.98 1.15 1.03 0.96 0.94 0.86 0.78 0.74 0.71 0.69 0.72 0.79 0.83 0.82 0.79 0.73 0.66 0.62 0.65 0.67 0.61 0.48 0.41 0.39 0.36 0.36 0.46 0.59 0.66 0.67 0.70 0.73 0.75 0.74 0.72 0.73 0.70 0.68 0.69 0.69 0.64 0.55 0.51 0.53 0.57 0.57 0.51 0.45 0.42 0.40 0.42 0.45 0.45 0.43 0.44 0.45 0.45 0.45 0.44 0.43 0.43 0.42 0.42 0.41 0.41
0.69 0.69 0.71 0.72 0.71 0.71 0.71 0.70 0.69 0.67 0.66 0.64 0.56 0.52 0.59 0.76 0.95 0.95 0.90 1.08 1.20 1.06 0.99 0.98 0.92 0.87 0.85 0.78 0.73 0.77 0.83 0.87 0.89 0.86 0.79 0.72 0.66 0.65 0.66 0.62 0.51 0.42 0.39 0.36 0.33 0.38 0.50 0.60 0.65 0.69 0.71 0.74 0.74 0.72 0.75 0.73 0.70 0.70 0.70 0.69 0.63 0.57 0.55 0.59 0.61 0.56 0.49 0.44 0.42 0.45 0.49 0.47 0.42 0.42 0.43 0.44 0.44 0.43 0.43 0.42 0.42 0.41 0.41 0.41
0.74 0.73 0.73 0.73 0.73 0.73 0.72 0.71 0.70 0.69 0.66 0.63 0.57 0.53 0.55 0.65 0.84 0.90 0.89 1.05 1.12 1.11 1.09 1.04 0.97 0.95 0.97 0.91 0.83 0.86 0.87 0.88 0.93 0.91 0.86 0.80 0.73 0.67 0.65 0.61 0.53 0.44 0.40 0.37 0.34 0.33 0.41 0.50 0.58 0.66 0.71 0.73 0.74 0.72 0.71 0.73 0.73 0.72 0.71 0.70 0.66 0.61 0.58 0.60 0.63 0.61 0.54 0.48 0.46 0.48 0.54 0.53 0.46 0.41 0.41 0.43 0.42 0.42 0.41 0.41 0.41 0.41 0.40 0.40
0.77 0.75 0.74 0.76 0.77 0.76 0.74 0.71 0.71 0.73 0.70 0.65 0.61 0.57 0.57 0.63 0.76 0.84 0.86 0.94 0.98 1.04 1.10 1.07 1.03 1.03 1.08 1.05 0.99 0.99 0.95 0.93 0.95 0.94 0.93 0.91 0.83 0.71 0.65 0.61 0.55 0.46 0.41 0.39 0.34 0.31 0.34 0.41 0.49 0.59 0.69 0.72 0.74 0.75 0.72 0.70 0.71 0.73 0.74 0.73 0.69 0.64 0.62 0.62 0.63 0.63 0.58 0.51 0.49 0.52 0.56 0.60 0.57 0.47 0.44 0.44 0.43 0.40 0.39 0.39 0.39 0.38 0.38 0.39
0.78 0.76 0.74 0.78 0.81 0.80 0.77 0.73 0.73 0.78 0.76 0.71 0.67 0.62 0.61 0.63 0.71 0.78 0.80 0.83 0.91 1.00 1.01 1.02 1.07 1.09 1.14 1.17 1.18 1.14 1.08 1.02 0.94 0.92 1.01 1.05 0.94 0.76 0.66 0.60 0.54 0.46 0.43 0.40 0.34 0.30 0.29 0.33 0.40 0.49 0.62 0.69 0.72 0.77 0.78 0.73 0.69 0.71 0.74 0.76 0.72 0.67 0.66 0.65 0.63 0.63 0.61 0.53 0.49 0.54 0.58 0.61 0.64 0.60 0.54 0.51 0.47 0.41 0.40 0.41 0.38 0.35 0.35 0.37
0.77 0.76 0.75 0.79 0.84 0.85 0.82 0.76 0.76 0.83 0.83 0.78 0.73 0.69 0.67 0.65 0.68 0.73 0.72 0.75 0.87 1.01 0.93 0.86 1.02 1.14 1.16 1.22 1.35 1.33 1.20 1.08 0.88 0.90 1.14 1.20 1.00 0.76 0.67 0.62 0.53 0.47 0.45 0.41 0.35 0.31 0.27 0.28 0.33 0.41 0.53 0.62 0.66 0.73 0.79 0.80 0.75 0.72 0.73 0.76 0.76 0.72 0.68 0.67 0.66 0.64 0.63 0.57 0.49 0.53 0.61 0.63 0.64 0.65 0.62 0.58 0.53 0.45 0.43 0.45 0.42 0.34 0.31 0.33
0.73 0.74 0.77 0.82 0.85 0.87 0.87 0.83 0.81 0.86 0.90 0.85 0.76 0.75 0.77 0.72 0.69 0.69 0.69 0.72 0.85 1.01 0.92 0.74 0.85 1.08 1.16 1.17 1.42 1.53 1.29 1.11 0.86 0.93 1.30 1.27 0.97 0.74 0.70 0.66 0.53 0.46 0.46 0.42 0.36 0.31 0.26 0.24 0.27 0.34 0.46 0.56 0.61 0.65 0.72 0.79 0.80 0.77 0.75 0.75 0.79 0.79 0.71 0.67 0.68 0.66 0.64 0.61 0.53 0.50 0.59 0.67 0.67 0.65 0.65 0.64 0.60 0.52 0.46 0.47 0.47 0.39 0.31 0.29
0.69 0.70 0.76 0.83 0.84 0.86 0.87 0.87 0.85 0.86 0.91 0.90 0.79 0.79 0.85 0.82 0.72 0.64 0.69 0.81 0.93 1.00 0.88 0.69 0.67 0.91 1.10 1.13 1.40 1.61 1.35 1.16 0.96 1.03 1.42 1.30 0.93 0.79 0.76 0.67 0.49 0.46 0.50 0.43 0.36 0.32 0.28 0.22 0.21 0.27 0.38 0.51 0.59 0.62 0.66 0.72 0.79 0.82 0.78 0.74 0.78 0.85 0.80 0.70 0.70 0.68 0.63 0.62 0.58 0.51 0.55 0.68 0.72 0.67 0.66 0.67 0.65 0.60 0.51 0.48 0.49 0.47 0.36 0.28
0.66 0.68 0.75 0.81 0.82 0.82 0.82 0.84 0.86 0.86 0.91 0.92 0.83 0.82 0.91 0.90 0.71 0.54 0.67 0.92 1.09 1.06 0.82 0.65 0.59 0.71 0.94 1.09 1.43 1.66 1.42 1.20 1.08 1.20 1.52 1.35 0.99 0.89 0.78 0.58 0.46 0.52 0.54 0.44 0.36 0.34 0.28 0.21 0.17 0.21 0.30 0.42 0.54 0.62 0.65 0.67 0.73 0.82 0.82 0.74 0.74 0.85 0.88 0.78 0.75 0.74 0.67 0.60 0.57 0.54 0.54 0.66 0.75 0.72 0.69 0.68 0.67 0.65 0.58 0.53 0.50 0.50 0.43 0.33
0.63 0.68 0.77 0.81 0.82 0.81 0.81 0.83 0.85 0.86 0.90 0.94 0.85 0.83 0.95 0.96 0.70 0.43 0.59 0.94 1.22 1.22 0.83 0.59 0.57 0.62 0.74 0.91 1.31 1.68 1.60 1.28 1.13 1.32 1.61 1.44 1.12 0.93 0.72 0.51 0.47 0.55 0.57 0.45 0.38 0.34 0.27 0.20 0.17 0.17 0.22 0.32 0.44 0.58 0.65 0.65 0.68 0.79 0.84 0.76 0.71 0.79 0.87 0.85 0.81 0.82 0.78 0.65 0.56 0.53 0.54 0.63 0.74 0.75 0.74 0.72 0.69 0.67 0.65 0.59 0.54 0.52 0.47 0.38
0.64 0.69 0.76 0.81 0.82 0.81 0.82 0.84 0.85 0.84 0.90 1.02 0.95 0.84 0.95 0.99 0.68 0.36 0.49 0.88 1.25 1.40 1.03 0.57 0.55 0.68 0.67 0.70 0.94 1.44 1.72 1.52 1.24 1.39 1.65 1.50 1.18 0.91 0.62 0.50 0.48 0.53 0.61 0.56 0.41 0.32 0.25 0.21 0.18 0.16 0.16 0.23 0.35 0.52 0.62 0.63 0.65 0.76 0.85 0.82 0.73 0.76 0.84 0.86 0.84 0.86 0.87 0.79 0.65 0.55 0.53 0.60 0.70 0.75 0.76 0.76 0.72 0.69 0.69 0.68 0.61 0.55 0.49 0.42
0.70 0.72 0.75 0.80 0.83 0.81 0.79 0.82 0.85 0.85 0.89 1.05 1.04 0.88 0.96 1.03 0.69 0.30 0.40 0.74 1.14 1.49 1.34 0.74 0.60 0.80 0.77 0.73 0.74 0.98 1.48 1.70 1.57 1.59 1.72 1.49 1.14 0.86 0.60 0.50 0.46 0.52 0.66 0.67 0.45 0.27 0.22 0.19 0.18 0.16 0.12 0.13 0.26 0.45 0.59 0.62 0.62 0.70 0.83 0.86 0.79 0.76 0.82 0.86 0.82 0.85 0.90 0.89 0.81 0.68 0.60 0.63 0.69 0.73 0.78 0.80 0.76 0.70 0.70 0.73 0.72 0.63 0.51 0.45
