windninja/windninja_output/Output_2025-08-09_0700-0750_Google earth_Fire_150m_10min/merlingen_7.5mi_point_08-09-2025_0700_150m_vel.asc
ncols	158
nrows	163
xllcorner	391686.332397
yllcorner	5160024.123721
cellsize	150.000000
NODATA_value	-32768.000000
[rows 0 to 37 of 163, columns 0 to 83 of 158]
0.78 0.76 0.75 0.78 0.82 0.84 0.83 0.84 0.87 0.88 0.88 0.90 0.94 0.96 0.90 0.78 0.65 0.56 0.57 0.59 0.57 0.68 0.86 0.93 0.89 0.81 0.75 0.76 0.82 0.84 0.83 0.81 0.77 0.74 0.75 0.75 0.69 0.63 0.61 0.61 0.65 0.69 0.70 0.68 0.67 0.65 0.63 0.60 0.64 0.76 0.85 0.89 0.93 0.93 0.91 0.88 0.85 0.83 0.81 0.79 0.81 0.83 0.84 0.85 0.88 0.92 0.93 0.90 0.85 0.80 0.80 0.81 0.82 0.83 0.84 0.85 0.83 0.80 0.75 0.74 0.76 0.78 0.79 0.76
0.80 0.78 0.76 0.76 0.79 0.80 0.80 0.78 0.78 0.79 0.81 0.87 0.93 0.99 0.99 0.93 0.82 0.72 0.70 0.70 0.66 0.68 0.79 0.91 0.94 0.88 0.81 0.78 0.79 0.80 0.80 0.79 0.79 0.77 0.75 0.77 0.76 0.73 0.71 0.69 0.70 0.72 0.75 0.76 0.75 0.75 0.76 0.72 0.68 0.71 0.77 0.80 0.82 0.84 0.84 0.84 0.84 0.84 0.84 0.81 0.79 0.81 0.83 0.84 0.85 0.87 0.90 0.90 0.87 0.82 0.80 0.81 0.82 0.83 0.84 0.85 0.85 0.84 0.80 0.77 0.78 0.78 0.79 0.79
0.83 0.83 0.80 0.78 0.77 0.77 0.79 0.78 0.76 0.76 0.80 0.86 0.92 0.98 1.07 1.10 1.05 0.98 0.92 0.87 0.80 0.71 0.70 0.81 0.95 0.97 0.90 0.82 0.79 0.79 0.78 0.78 0.78 0.79 0.78 0.81 0.85 0.86 0.84 0.81 0.79 0.79 0.81 0.84 0.86 0.87 0.90 0.91 0.84 0.76 0.74 0.75 0.77 0.79 0.79 0.81 0.84 0.85 0.87 0.87 0.83 0.82 0.83 0.84 0.82 0.82 0.85 0.89 0.90 0.86 0.82 0.81 0.82 0.82 0.83 0.84 0.87 0.91 0.88 0.82 0.81 0.83 0.82 0.81
0.81 0.86 0.87 0.84 0.83 0.81 0.83 0.89 0.93 0.94 0.93 0.91 0.91 0.94 1.01 1.10 1.11 1.07 1.03 0.97 0.88 0.77 0.70 0.74 0.90 1.02 1.03 0.97 0.93 0.91 0.90 0.86 0.82 0.80 0.82 0.84 0.85 0.87 0.86 0.85 0.86 0.88 0.89 0.90 0.92 0.93 0.94 0.96 0.96 0.92 0.87 0.85 0.86 0.87 0.86 0.84 0.83 0.83 0.84 0.87 0.87 0.84 0.83 0.83 0.83 0.82 0.84 0.88 0.90 0.87 0.83 0.82 0.81 0.79 0.79 0.80 0.82 0.89 0.91 0.84 0.81 0.87 0.90 0.85
0.76 0.83 0.90 0.90 0.88 0.87 0.87 0.90 0.93 0.95 0.93 0.89 0.89 0.93 0.97 1.04 1.08 1.04 1.00 0.98 0.91 0.80 0.71 0.71 0.83 0.98 1.09 1.13 1.11 1.10 1.09 1.07 1.02 0.94 0.89 0.88 0.88 0.89 0.91 0.91 0.92 0.94 0.97 0.99 0.99 0.98 0.96 0.96 0.96 0.96 0.93 0.89 0.87 0.88 0.88 0.85 0.83 0.82 0.82 0.83 0.85 0.83 0.83 0.83 0.83 0.82 0.83 0.87 0.90 0.87 0.84 0.81 0.80 0.79 0.79 0.77 0.74 0.78 0.86 0.86 0.79 0.80 0.89 0.88
0.70 0.74 0.83 0.90 0.92 0.90 0.87 0.85 0.83 0.83 0.83 0.82 0.82 0.86 0.92 0.97 1.02 1.01 0.95 0.93 0.90 0.80 0.68 0.64 0.71 0.83 0.95 1.05 1.10 1.13 1.15 1.18 1.18 1.14 1.07 1.00 0.99 1.00 1.01 1.01 0.99 0.97 0.97 0.97 0.96 0.96 0.94 0.93 0.92 0.92 0.92 0.90 0.87 0.85 0.86 0.86 0.84 0.83 0.82 0.83 0.84 0.84 0.84 0.84 0.83 0.83 0.83 0.87 0.91 0.89 0.88 0.85 0.81 0.79 0.82 0.84 0.81 0.77 0.79 0.83 0.80 0.75 0.80 0.85
0.71 0.70 0.71 0.79 0.88 0.90 0.87 0.83 0.79 0.78 0.78 0.78 0.78 0.80 0.86 0.91 0.97 1.04 1.02 0.98 0.95 0.86 0.71 0.59 0.59 0.66 0.75 0.85 0.94 1.01 1.07 1.12 1.16 1.19 1.19 1.16 1.12 1.10 1.08 1.05 1.01 0.96 0.92 0.89 0.87 0.88 0.88 0.88 0.87 0.88 0.89 0.91 0.90 0.88 0.87 0.86 0.84 0.83 0.82 0.83 0.85 0.88 0.90 0.90 0.87 0.85 0.84 0.87 0.91 0.91 0.94 0.96 0.92 0.85 0.85 0.90 0.92 0.89 0.83 0.83 0.86 0.82 0.80 0.82
0.75 0.73 0.69 0.68 0.73 0.78 0.81 0.79 0.76 0.74 0.74 0.75 0.77 0.80 0.86 0.90 0.93 1.02 1.06 1.05 1.04 0.98 0.84 0.65 0.54 0.57 0.65 0.73 0.80 0.87 0.93 0.98 1.02 1.06 1.10 1.11 1.09 1.06 1.03 0.99 0.95 0.91 0.88 0.85 0.83 0.82 0.83 0.83 0.83 0.84 0.85 0.87 0.90 0.92 0.91 0.88 0.86 0.85 0.84 0.85 0.86 0.89 0.93 0.96 0.95 0.91 0.87 0.88 0.91 0.90 0.91 0.97 0.99 0.93 0.87 0.87 0.91 0.92 0.87 0.85 0.87 0.84 0.81 0.85
0.75 0.76 0.73 0.69 0.66 0.67 0.70 0.73 0.73 0.72 0.71 0.70 0.72 0.77 0.86 0.92 0.92 0.96 1.03 1.05 1.05 1.04 0.97 0.82 0.67 0.61 0.66 0.71 0.73 0.77 0.82 0.85 0.90 0.94 0.96 0.95 0.93 0.92 0.91 0.90 0.87 0.84 0.82 0.82 0.81 0.80 0.80 0.80 0.79 0.80 0.83 0.84 0.84 0.87 0.92 0.91 0.89 0.88 0.87 0.84 0.81 0.78 0.81 0.89 0.94 0.94 0.91 0.90 0.92 0.92 0.88 0.87 0.89 0.90 0.86 0.83 0.86 0.89 0.87 0.85 0.87 0.82 0.78 0.84
0.75 0.75 0.75 0.73 0.70 0.69 0.69 0.71 0.72 0.72 0.70 0.67 0.65 0.68 0.77 0.88 0.92 0.93 0.98 1.06 1.09 1.09 1.05 0.97 0.85 0.73 0.68 0.71 0.73 0.74 0.79 0.80 0.81 0.87 0.91 0.90 0.87 0.85 0.85 0.85 0.84 0.83 0.81 0.80 0.79 0.77 0.76 0.77 0.75 0.74 0.76 0.80 0.79 0.81 0.87 0.88 0.85 0.83 0.81 0.77 0.72 0.68 0.64 0.68 0.78 0.86 0.88 0.88 0.90 0.92 0.90 0.85 0.82 0.83 0.84 0.82 0.82 0.83 0.85 0.92 0.96 0.92 0.81 0.76
0.75 0.75 0.76 0.75 0.74 0.74 0.74 0.74 0.73 0.73 0.70 0.67 0.63 0.61 0.67 0.79 0.87 0.90 0.92 0.98 1.08 1.12 1.12 1.06 0.97 0.87 0.77 0.74 0.75 0.74 0.76 0.77 0.75 0.77 0.83 0.86 0.85 0.83 0.84 0.85 0.86 0.85 0.83 0.80 0.78 0.74 0.70 0.72 0.71 0.65 0.65 0.69 0.70 0.72 0.74 0.77 0.73 0.67 0.66 0.65 0.63 0.58 0.51 0.51 0.58 0.67 0.74 0.77 0.78 0.84 0.89 0.88 0.84 0.83 0.84 0.83 0.83 0.79 0.78 0.90 1.02 1.05 0.96 0.80
0.76 0.76 0.76 0.76 0.75 0.75 0.75 0.76 0.75 0.73 0.71 0.68 0.63 0.60 0.62 0.70 0.79 0.85 0.86 0.87 0.93 1.02 1.07 1.07 1.01 0.93 0.82 0.74 0.71 0.69 0.69 0.70 0.69 0.70 0.75 0.78 0.80 0.81 0.81 0.82 0.84 0.84 0.83 0.81 0.81 0.78 0.69 0.65 0.64 0.58 0.53 0.52 0.51 0.54 0.57 0.61 0.61 0.58 0.55 0.54 0.54 0.49 0.40 0.37 0.41 0.46 0.53 0.59 0.62 0.73 0.84 0.90 0.88 0.85 0.89 0.95 0.98 0.95 0.86 0.87 0.97 1.08 1.10 1.03
0.76 0.76 0.76 0.76 0.76 0.76 0.75 0.74 0.74 0.73 0.71 0.69 0.65 0.61 0.59 0.62 0.68 0.75 0.82 0.83 0.84 0.89 0.95 0.98 0.94 0.86 0.77 0.70 0.66 0.64 0.65 0.68 0.68 0.68 0.71 0.74 0.74 0.75 0.77 0.78 0.80 0.82 0.83 0.83 0.83 0.82 0.76 0.68 0.63 0.57 0.50 0.45 0.43 0.47 0.50 0.50 0.51 0.52 0.51 0.52 0.52 0.47 0.38 0.32 0.30 0.31 0.34 0.38 0.45 0.58 0.72 0.83 0.87 0.86 0.90 1.01 1.10 1.12 1.07 0.99 0.97 1.03 1.10 1.11
0.77 0.76 0.76 0.76 0.76 0.77 0.76 0.75 0.74 0.72 0.71 0.69 0.67 0.64 0.62 0.61 0.59 0.60 0.69 0.77 0.79 0.80 0.83 0.85 0.84 0.81 0.76 0.72 0.69 0.67 0.66 0.65 0.66 0.66 0.68 0.74 0.75 0.74 0.73 0.74 0.76 0.76 0.73 0.71 0.72 0.72 0.72 0.74 0.74 0.68 0.57 0.49 0.47 0.49 0.53 0.48 0.43 0.43 0.47 0.55 0.58 0.53 0.46 0.38 0.31 0.29 0.27 0.24 0.22 0.33 0.53 0.69 0.80 0.82 0.82 0.84 0.90 0.97 1.00 0.97 0.94 0.94 0.98 1.01
0.77 0.77 0.76 0.76 0.75 0.75 0.76 0.75 0.75 0.73 0.71 0.70 0.68 0.68 0.70 0.70 0.66 0.58 0.58 0.65 0.70 0.72 0.75 0.79 0.80 0.79 0.77 0.75 0.73 0.70 0.69 0.66 0.64 0.65 0.67 0.73 0.77 0.76 0.72 0.67 0.66 0.66 0.65 0.63 0.61 0.62 0.61 0.63 0.77 0.85 0.76 0.62 0.57 0.60 0.64 0.57 0.46 0.41 0.46 0.60 0.70 0.66 0.62 0.59 0.52 0.43 0.35 0.28 0.17 0.12 0.28 0.52 0.67 0.73 0.71 0.69 0.71 0.76 0.79 0.78 0.76 0.78 0.80 0.85
0.78 0.77 0.76 0.76 0.75 0.74 0.74 0.74 0.74 0.73 0.72 0.70 0.68 0.67 0.72 0.79 0.80 0.72 0.64 0.62 0.66 0.70 0.74 0.79 0.81 0.79 0.76 0.76 0.76 0.73 0.75 0.76 0.74 0.72 0.69 0.66 0.67 0.69 0.66 0.64 0.62 0.62 0.66 0.69 0.64 0.66 0.66 0.56 0.59 0.79 0.91 0.84 0.79 0.83 0.88 0.89 0.77 0.59 0.56 0.65 0.75 0.77 0.74 0.72 0.73 0.70 0.59 0.49 0.38 0.17 0.13 0.27 0.45 0.55 0.60 0.63 0.65 0.68 0.71 0.72 0.68 0.65 0.66 0.69
0.78 0.77 0.77 0.76 0.76 0.75 0.75 0.74 0.74 0.73 0.72 0.70 0.68 0.64 0.64 0.72 0.80 0.80 0.75 0.70 0.69 0.71 0.73 0.77 0.81 0.81 0.77 0.75 0.78 0.79 0.78 0.78 0.76 0.71 0.66 0.61 0.59 0.62 0.64 0.66 0.68 0.67 0.73 0.79 0.76 0.73 0.77 0.72 0.61 0.66 0.83 0.93 0.92 0.92 0.95 1.00 1.00 0.84 0.70 0.75 0.82 0.81 0.78 0.73 0.77 0.81 0.75 0.66 0.60 0.45 0.25 0.16 0.23 0.33 0.46 0.56 0.62 0.68 0.72 0.74 0.71 0.64 0.62 0.62
0.78 0.78 0.77 0.77 0.76 0.76 0.75 0.75 0.75 0.74 0.73 0.70 0.68 0.64 0.59 0.61 0.69 0.74 0.76 0.74 0.71 0.69 0.69 0.72 0.76 0.78 0.75 0.71 0.72 0.74 0.74 0.72 0.71 0.72 0.72 0.70 0.67 0.68 0.70 0.74 0.76 0.75 0.75 0.77 0.79 0.76 0.76 0.80 0.80 0.76 0.75 0.81 0.86 0.88 0.89 0.93 1.01 0.98 0.87 0.85 0.88 0.88 0.83 0.77 0.77 0.83 0.84 0.77 0.69 0.61 0.48 0.34 0.28 0.27 0.31 0.42 0.55 0.64 0.70 0.68 0.64 0.61 0.58 0.59
0.78 0.78 0.78 0.77 0.77 0.76 0.76 0.75 0.75 0.74 0.74 0.71 0.68 0.65 0.61 0.58 0.62 0.66 0.67 0.68 0.68 0.67 0.66 0.66 0.68 0.71 0.71 0.68 0.65 0.65 0.68 0.70 0.72 0.75 0.79 0.81 0.77 0.73 0.71 0.73 0.74 0.75 0.76 0.75 0.77 0.78 0.75 0.75 0.81 0.83 0.76 0.71 0.74 0.81 0.86 0.90 0.97 0.99 0.93 0.88 0.91 0.92 0.87 0.82 0.79 0.82 0.86 0.83 0.75 0.69 0.63 0.57 0.51 0.42 0.32 0.30 0.37 0.46 0.55 0.58 0.55 0.54 0.52 0.55
0.78 0.77 0.77 0.77 0.77 0.77 0.76 0.75 0.74 0.73 0.74 0.73 0.70 0.67 0.64 0.61 0.60 0.62 0.63 0.65 0.66 0.67 0.67 0.67 0.68 0.70 0.71 0.69 0.67 0.66 0.68 0.71 0.73 0.74 0.75 0.78 0.77 0.73 0.71 0.75 0.78 0.80 0.82 0.82 0.81 0.82 0.82 0.75 0.73 0.78 0.78 0.71 0.68 0.72 0.81 0.89 0.94 0.98 0.94 0.88 0.88 0.90 0.84 0.78 0.77 0.77 0.81 0.85 0.83 0.80 0.76 0.71 0.67 0.61 0.52 0.43 0.39 0.43 0.52 0.57 0.56 0.55 0.52 0.53
0.79 0.78 0.78 0.77 0.77 0.77 0.76 0.76 0.74 0.73 0.73 0.73 0.71 0.69 0.67 0.65 0.65 0.65 0.66 0.68 0.69 0.70 0.70 0.70 0.71 0.72 0.72 0.71 0.70 0.70 0.70 0.73 0.77 0.79 0.82 0.85 0.87 0.85 0.83 0.85 0.86 0.85 0.85 0.85 0.85 0.84 0.83 0.78 0.74 0.76 0.79 0.77 0.72 0.68 0.71 0.77 0.85 0.92 0.96 0.92 0.89 0.92 0.86 0.78 0.76 0.78 0.81 0.86 0.88 0.86 0.83 0.76 0.69 0.65 0.61 0.58 0.60 0.65 0.70 0.69 0.65 0.62 0.58 0.53
0.79 0.79 0.78 0.77 0.77 0.77 0.77 0.77 0.76 0.74 0.73 0.73 0.72 0.70 0.69 0.69 0.69 0.70 0.70 0.70 0.70 0.71 0.71 0.72 0.72 0.73 0.74 0.73 0.72 0.71 0.71 0.74 0.81 0.87 0.91 0.95 0.99 0.96 0.90 0.88 0.89 0.89 0.89 0.88 0.86 0.83 0.80 0.79 0.78 0.80 0.83 0.83 0.79 0.72 0.66 0.67 0.72 0.80 0.90 0.96 0.95 0.96 0.92 0.82 0.79 0.80 0.83 0.88 0.90 0.87 0.82 0.78 0.73 0.66 0.58 0.57 0.66 0.79 0.89 0.90 0.82 0.71 0.65 0.58
0.79 0.79 0.78 0.78 0.77 0.77 0.77 0.77 0.77 0.75 0.74 0.74 0.74 0.72 0.71 0.70 0.71 0.72 0.72 0.72 0.73 0.73 0.73 0.73 0.74 0.75 0.76 0.76 0.75 0.74 0.72 0.74 0.80 0.86 0.87 0.87 0.90 0.91 0.87 0.84 0.85 0.88 0.91 0.91 0.88 0.85 0.85 0.84 0.83 0.83 0.85 0.84 0.82 0.77 0.71 0.68 0.70 0.73 0.80 0.93 0.97 0.98 0.96 0.88 0.84 0.86 0.88 0.91 0.93 0.91 0.85 0.81 0.78 0.74 0.64 0.58 0.61 0.73 0.89 1.02 1.03 0.92 0.82 0.69
0.79 0.79 0.79 0.79 0.78 0.77 0.77 0.76 0.76 0.76 0.74 0.74 0.75 0.75 0.73 0.72 0.72 0.73 0.73 0.74 0.75 0.75 0.75 0.76 0.76 0.76 0.77 0.77 0.75 0.72 0.69 0.68 0.72 0.78 0.80 0.80 0.79 0.81 0.83 0.81 0.82 0.85 0.90 0.93 0.94 0.92 0.91 0.90 0.85 0.83 0.84 0.84 0.82 0.81 0.77 0.73 0.72 0.72 0.74 0.85 0.95 0.98 0.96 0.88 0.84 0.86 0.88 0.89 0.90 0.89 0.85 0.80 0.79 0.77 0.72 0.64 0.57 0.60 0.72 0.91 1.07 1.07 1.00 0.88
0.79 0.79 0.78 0.78 0.78 0.77 0.77 0.76 0.76 0.76 0.75 0.74 0.74 0.75 0.75 0.74 0.73 0.73 0.74 0.74 0.74 0.75 0.76 0.76 0.77 0.78 0.79 0.79 0.75 0.69 0.64 0.61 0.62 0.69 0.77 0.81 0.81 0.80 0.78 0.78 0.79 0.82 0.88 0.96 1.00 0.98 0.94 0.92 0.88 0.83 0.83 0.84 0.83 0.83 0.81 0.78 0.76 0.74 0.71 0.75 0.86 0.95 0.96 0.90 0.81 0.75 0.74 0.78 0.81 0.81 0.78 0.75 0.77 0.78 0.75 0.67 0.55 0.49 0.55 0.71 0.93 1.07 1.12 1.09
0.79 0.79 0.78 0.78 0.77 0.77 0.77 0.77 0.77 0.76 0.75 0.74 0.73 0.74 0.74 0.75 0.74 0.74 0.74 0.74 0.74 0.75 0.76 0.77 0.78 0.81 0.83 0.85 0.83 0.73 0.63 0.58 0.58 0.63 0.74 0.83 0.87 0.86 0.79 0.75 0.76 0.79 0.84 0.92 0.96 0.97 0.96 0.94 0.91 0.89 0.87 0.85 0.81 0.78 0.78 0.79 0.80 0.80 0.73 0.69 0.75 0.88 0.96 0.98 0.93 0.83 0.77 0.77 0.81 0.82 0.77 0.72 0.73 0.75 0.75 0.74 0.67 0.52 0.45 0.56 0.76 0.96 1.10 1.20
0.80 0.79 0.78 0.78 0.78 0.77 0.77 0.77 0.77 0.77 0.76 0.75 0.74 0.73 0.73 0.74 0.74 0.74 0.74 0.74 0.74 0.75 0.76 0.78 0.80 0.82 0.88 0.94 0.94 0.85 0.72 0.61 0.54 0.53 0.61 0.75 0.87 0.94 0.88 0.79 0.78 0.79 0.81 0.87 0.92 0.97 1.03 1.03 0.99 0.96 0.95 0.93 0.86 0.79 0.76 0.79 0.84 0.86 0.81 0.76 0.77 0.81 0.85 0.92 0.96 0.93 0.86 0.83 0.86 0.90 0.86 0.77 0.71 0.71 0.72 0.77 0.83 0.71 0.48 0.45 0.58 0.75 0.91 1.06
0.80 0.80 0.79 0.78 0.78 0.77 0.77 0.77 0.77 0.77 0.76 0.76 0.74 0.73 0.72 0.73 0.73 0.74 0.75 0.75 0.75 0.76 0.76 0.78 0.80 0.82 0.87 0.98 1.05 1.01 0.91 0.76 0.61 0.52 0.50 0.57 0.72 0.91 0.94 0.84 0.79 0.81 0.82 0.88 0.95 1.00 1.09 1.15 1.11 1.01 1.01 1.06 1.04 0.95 0.85 0.80 0.86 0.95 0.95 0.91 0.89 0.83 0.76 0.75 0.82 0.87 0.86 0.86 0.89 0.93 0.92 0.83 0.73 0.70 0.68 0.71 0.83 0.89 0.69 0.47 0.45 0.56 0.69 0.82
0.80 0.80 0.80 0.79 0.78 0.77 0.77 0.77 0.76 0.76 0.76 0.76 0.75 0.74 0.73 0.73 0.73 0.73 0.74 0.76 0.76 0.76 0.76 0.76 0.78 0.82 0.88 1.00 1.13 1.19 1.15 1.02 0.83 0.68 0.58 0.56 0.68 0.87 0.98 0.95 0.91 0.93 0.93 0.94 0.98 1.02 1.07 1.17 1.22 1.13 1.08 1.15 1.19 1.12 1.00 0.87 0.90 1.02 1.03 0.96 0.92 0.93 0.87 0.78 0.77 0.82 0.83 0.85 0.88 0.90 0.94 0.92 0.84 0.75 0.67 0.63 0.68 0.85 0.83 0.58 0.42 0.44 0.54 0.65
0.80 0.79 0.79 0.79 0.78 0.77 0.77 0.77 0.76 0.76 0.76 0.76 0.76 0.75 0.74 0.73 0.73 0.74 0.74 0.75 0.75 0.75 0.76 0.76 0.76 0.79 0.85 0.94 1.07 1.21 1.31 1.30 1.13 0.93 0.82 0.81 0.86 0.98 1.07 1.07 1.08 1.10 1.11 1.10 1.06 1.05 1.09 1.16 1.28 1.32 1.29 1.28 1.30 1.28 1.18 1.02 0.94 0.96 1.01 0.96 0.86 0.86 0.91 0.86 0.78 0.76 0.77 0.82 0.87 0.86 0.86 0.89 0.88 0.81 0.71 0.65 0.67 0.80 0.86 0.69 0.45 0.37 0.42 0.52
0.80 0.79 0.79 0.79 0.79 0.77 0.76 0.77 0.76 0.76 0.76 0.76 0.76 0.75 0.75 0.74 0.73 0.73 0.74 0.74 0.75 0.75 0.76 0.76 0.76 0.76 0.77 0.81 0.89 0.98 1.10 1.24 1.26 1.16 1.05 1.01 1.02 1.06 1.12 1.14 1.14 1.15 1.16 1.17 1.14 1.10 1.09 1.11 1.17 1.25 1.28 1.27 1.29 1.33 1.27 1.11 0.96 0.87 0.92 0.97 0.85 0.74 0.80 0.84 0.78 0.71 0.68 0.73 0.82 0.83 0.74 0.72 0.76 0.76 0.74 0.75 0.76 0.84 0.94 0.84 0.57 0.40 0.38 0.46
0.80 0.80 0.79 0.80 0.80 0.78 0.78 0.77 0.77 0.77 0.76 0.76 0.76 0.75 0.75 0.74 0.73 0.72 0.72 0.74 0.74 0.75 0.76 0.76 0.75 0.75 0.74 0.76 0.80 0.85 0.94 1.07 1.18 1.18 1.08 0.99 0.99 1.04 1.09 1.11 1.08 1.03 1.00 1.02 1.04 1.02 0.99 0.96 0.93 0.94 0.95 0.99 1.06 1.19 1.22 1.11 1.03 0.94 0.88 0.94 0.88 0.76 0.78 0.85 0.82 0.69 0.63 0.68 0.81 0.85 0.72 0.65 0.67 0.70 0.74 0.77 0.80 0.87 0.99 0.99 0.79 0.56 0.45 0.45
0.81 0.80 0.79 0.79 0.79 0.79 0.78 0.77 0.77 0.76 0.76 0.76 0.76 0.76 0.76 0.75 0.74 0.73 0.72 0.72 0.73 0.73 0.74 0.76 0.75 0.73 0.74 0.77 0.83 0.94 1.07 1.15 1.17 1.17 1.02 0.87 0.88 0.94 0.95 0.94 0.94 0.91 0.88 0.89 0.89 0.88 0.87 0.84 0.81 0.81 0.79 0.80 0.86 1.00 1.12 1.09 1.07 1.09 1.05 0.99 0.86 0.74 0.79 0.92 0.94 0.76 0.62 0.66 0.84 0.94 0.82 0.73 0.74 0.74 0.73 0.75 0.80 0.88 1.00 1.07 0.95 0.74 0.58 0.49
0.81 0.81 0.79 0.78 0.78 0.77 0.77 0.77 0.76 0.76 0.75 0.76 0.76 0.76 0.76 0.75 0.75 0.74 0.73 0.72 0.72 0.72 0.72 0.74 0.76 0.74 0.73 0.74 0.80 0.90 1.02 1.11 1.16 1.21 1.10 0.85 0.82 0.89 0.91 0.88 0.89 0.89 0.86 0.85 0.81 0.79 0.78 0.77 0.76 0.77 0.77 0.76 0.76 0.82 0.94 0.96 0.93 1.03 1.18 1.19 0.97 0.76 0.78 0.94 1.07 0.94 0.68 0.59 0.74 0.95 0.96 0.88 0.84 0.79 0.75 0.75 0.78 0.86 1.01 1.15 1.13 0.94 0.76 0.61
0.81 0.82 0.81 0.80 0.79 0.78 0.78 0.77 0.77 0.76 0.75 0.75 0.75 0.75 0.75 0.75 0.75 0.74 0.74 0.73 0.73 0.72 0.71 0.71 0.73 0.74 0.72 0.71 0.70 0.72 0.79 0.92 1.04 1.17 1.23 1.06 0.89 0.88 0.92 0.91 0.91 0.87 0.82 0.79 0.75 0.71 0.71 0.71 0.72 0.74 0.74 0.74 0.72 0.72 0.77 0.80 0.78 0.81 1.02 1.23 1.15 0.87 0.76 0.87 1.09 1.11 0.87 0.62 0.61 0.81 0.94 0.94 0.88 0.80 0.73 0.69 0.69 0.73 0.84 1.06 1.21 1.16 1.02 0.83
0.81 0.81 0.82 0.82 0.81 0.80 0.78 0.78 0.78 0.77 0.76 0.75 0.75 0.75 0.75 0.74 0.74 0.74 0.74 0.73 0.73 0.72 0.71 0.69 0.68 0.68 0.69 0.69 0.66 0.63 0.67 0.79 0.94 1.08 1.22 1.20 1.03 0.90 0.88 0.87 0.85 0.84 0.80 0.77 0.76 0.74 0.71 0.72 0.74 0.76 0.77 0.78 0.77 0.76 0.76 0.79 0.78 0.75 0.83 1.07 1.14 0.89 0.71 0.74 0.98 1.18 1.09 0.82 0.67 0.67 0.76 0.84 0.83 0.75 0.68 0.63 0.61 0.58 0.58 0.70 0.97 1.13 1.16 1.05
0.80 0.80 0.80 0.81 0.81 0.80 0.78 0.78 0.78 0.77 0.76 0.75 0.75 0.75 0.75 0.74 0.74 0.74 0.74 0.73 0.73 0.72 0.70 0.69 0.67 0.65 0.66 0.66 0.66 0.65 0.69 0.76 0.86 0.95 1.04 1.10 1.06 0.96 0.88 0.82 0.78 0.79 0.82 0.80 0.80 0.81 0.78 0.77 0.78 0.78 0.80 0.81 0.84 0.84 0.83 0.85 0.87 0.85 0.85 1.00 1.09 0.91 0.69 0.64 0.80 1.08 1.19 1.05 0.83 0.68 0.64 0.68 0.70 0.67 0.65 0.63 0.60 0.60 0.59 0.57 0.65 0.84 1.04 1.14
0.81 0.81 0.80 0.79 0.80 0.80 0.79 0.77 0.77 0.77 0.76 0.76 0.76 0.75 0.75 0.75 0.74 0.74 0.74 0.73 0.72 0.72 0.71 0.69 0.68 0.67 0.65 0.66 0.69 0.74 0.75 0.75 0.76 0.81 0.90 0.94 0.95 0.95 0.91 0.85 0.81 0.80 0.82 0.85 0.85 0.84 0.83 0.83 0.84 0.84 0.82 0.82 0.87 0.90 0.87 0.85 0.91 0.97 0.99 1.05 1.13 1.01 0.78 0.64 0.66 0.86 1.09 1.09 0.93 0.78 0.70 0.69 0.69 0.68 0.68 0.66 0.62 0.67 0.77 0.72 0.60 0.67 0.87 1.09
