windninja/windninja_output/Output_2025-08-09_0700-0750_Google earth_Fire_150m_10min/merlingen_7.5mi_point_08-09-2025_0700_150m_vel.asc
ncols	158
nrows	163
xllcorner	391686.332397
yllcorner	5160024.123721
cellsize	150.000000
NODATA_value	-32768.000000
[rows 114 to 151 of 163, columns 0 to 83 of 158]
1.14 1.11 1.05 1.02 1.03 1.00 0.95 0.92 0.93 0.96 0.99 1.09 1.13 1.07 1.12 1.11 0.78 0.56 0.66 0.85 1.17 1.62 1.77 1.31 1.00 0.97 0.92 0.80 0.69 0.69 1.01 1.52 1.70 1.58 1.35 1.07 0.91 0.83 0.71 0.62 0.59 0.59 0.59 0.55 0.41 0.32 0.30 0.29 0.27 0.26 0.27 0.30 0.39 0.56 0.74 0.82 0.82 0.86 0.99 1.09 1.07 1.03 1.08 1.15 1.10 1.10 1.18 1.23 1.23 1.14 1.03 0.97 0.94 0.92 0.99 1.08 1.06 0.98 0.92 0.97 1.06 0.99 0.80 0.69
1.11 1.14 1.14 1.10 1.07 1.06 1.04 0.98 0.91 0.90 0.94 0.99 1.05 1.12 1.25 1.22 0.83 0.54 0.55 0.62 0.88 1.31 1.73 1.75 1.48 1.19 1.09 1.05 1.03 0.81 0.84 1.32 1.77 1.83 1.48 1.07 0.85 0.79 0.75 0.67 0.66 0.68 0.70 0.68 0.56 0.45 0.40 0.37 0.33 0.30 0.31 0.33 0.36 0.47 0.66 0.79 0.81 0.82 0.91 1.04 1.07 1.05 1.07 1.15 1.14 1.09 1.14 1.21 1.23 1.20 1.14 1.10 1.06 0.96 0.90 1.02 1.12 1.07 0.94 0.92 1.05 1.06 0.91 0.81
1.04 1.11 1.16 1.14 1.09 1.05 1.05 1.06 1.02 0.97 0.94 0.89 0.90 1.04 1.28 1.33 0.92 0.52 0.48 0.53 0.76 1.09 1.43 1.75 1.82 1.54 1.25 1.19 1.19 0.97 0.90 1.21 1.71 1.98 1.64 1.11 0.85 0.81 0.83 0.78 0.73 0.74 0.77 0.78 0.69 0.53 0.43 0.38 0.37 0.37 0.37 0.38 0.39 0.42 0.57 0.74 0.81 0.80 0.85 0.96 1.03 1.04 1.06 1.12 1.14 1.10 1.12 1.18 1.23 1.23 1.21 1.20 1.23 1.18 0.98 0.92 1.04 1.13 1.03 0.91 0.99 1.05 0.92 0.85
0.98 1.06 1.13 1.12 1.09 1.03 0.99 1.04 1.11 1.12 1.05 0.85 0.76 0.88 1.22 1.43 1.04 0.51 0.46 0.53 0.72 0.95 1.12 1.39 1.73 1.86 1.67 1.47 1.48 1.12 0.89 0.98 1.41 1.93 1.89 1.34 1.02 0.94 0.96 0.95 0.92 0.88 0.86 0.86 0.80 0.63 0.53 0.49 0.47 0.47 0.46 0.45 0.44 0.44 0.52 0.70 0.81 0.82 0.82 0.90 0.96 1.00 1.07 1.14 1.15 1.12 1.12 1.17 1.22 1.24 1.24 1.25 1.32 1.38 1.31 1.08 0.98 1.08 1.12 1.03 1.01 1.03 0.91 0.82
0.95 1.01 1.10 1.12 1.09 1.02 0.94 0.95 1.03 1.13 1.18 0.94 0.68 0.74 1.07 1.48 1.29 0.56 0.41 0.44 0.49 0.62 0.78 0.93 1.19 1.59 1.76 1.76 1.83 1.68 1.23 1.02 1.21 1.68 1.96 1.97 1.72 1.41 1.29 1.25 1.17 1.10 1.00 0.93 0.88 0.77 0.67 0.62 0.58 0.56 0.52 0.49 0.48 0.48 0.51 0.65 0.80 0.83 0.83 0.87 0.90 0.92 0.99 1.12 1.18 1.18 1.17 1.21 1.23 1.24 1.23 1.24 1.29 1.42 1.52 1.42 1.17 1.09 1.13 1.13 1.13 1.10 0.94 0.81
0.97 0.99 1.07 1.13 1.06 0.98 0.93 0.90 0.93 0.98 1.14 1.07 0.68 0.64 0.90 1.37 1.47 0.82 0.34 0.29 0.26 0.30 0.46 0.61 0.75 0.94 1.14 1.29 1.60 1.79 1.64 1.42 1.31 1.46 1.76 2.06 2.12 1.93 1.77 1.71 1.61 1.42 1.25 1.13 1.06 0.97 0.81 0.69 0.63 0.59 0.55 0.52 0.50 0.50 0.50 0.59 0.75 0.82 0.84 0.87 0.88 0.86 0.89 0.98 1.08 1.14 1.16 1.20 1.26 1.26 1.20 1.17 1.21 1.32 1.50 1.61 1.50 1.29 1.20 1.16 1.16 1.14 1.00 0.85
0.96 0.97 1.06 1.16 1.08 0.93 0.90 0.88 0.88 0.86 0.99 1.07 0.74 0.63 0.81 1.22 1.50 1.16 0.49 0.22 0.17 0.12 0.20 0.36 0.50 0.59 0.67 0.78 0.96 1.18 1.36 1.34 1.23 1.33 1.52 1.73 1.92 1.92 1.77 1.77 1.88 1.83 1.66 1.50 1.37 1.25 1.08 0.91 0.78 0.68 0.61 0.57 0.54 0.53 0.52 0.56 0.69 0.79 0.82 0.86 0.88 0.86 0.85 0.86 0.84 0.87 0.88 0.90 1.07 1.21 1.20 1.14 1.12 1.17 1.33 1.57 1.69 1.58 1.40 1.28 1.20 1.16 1.03 0.90
0.93 0.96 1.05 1.21 1.27 1.12 1.07 1.04 0.94 0.79 0.86 1.06 0.78 0.58 0.76 1.14 1.50 1.36 0.78 0.35 0.11 0.06 0.04 0.17 0.31 0.41 0.50 0.59 0.71 0.82 0.91 1.05 1.14 1.23 1.42 1.53 1.52 1.62 1.42 1.33 1.60 1.82 1.81 1.59 1.43 1.32 1.21 1.07 0.93 0.80 0.69 0.62 0.58 0.57 0.55 0.57 0.69 0.78 0.80 0.83 0.85 0.81 0.80 0.81 0.77 0.77 0.71 0.56 0.63 0.94 1.10 1.10 1.07 1.04 1.12 1.34 1.61 1.76 1.70 1.53 1.37 1.25 1.09 0.96
0.88 0.93 1.00 1.13 1.31 1.38 1.41 1.42 1.27 0.91 0.83 1.05 0.81 0.46 0.56 0.88 1.40 1.51 1.00 0.57 0.24 0.05 0.11 0.17 0.26 0.30 0.35 0.46 0.64 0.76 0.77 0.93 1.09 1.12 1.32 1.41 1.32 1.46 1.30 1.02 1.11 1.40 1.72 1.64 1.34 1.18 1.08 0.96 0.89 0.83 0.74 0.65 0.61 0.58 0.57 0.58 0.68 0.78 0.80 0.82 0.81 0.77 0.76 0.79 0.83 0.91 0.88 0.61 0.44 0.54 0.80 0.95 1.00 0.99 0.97 1.06 1.31 1.63 1.83 1.83 1.68 1.47 1.23 1.07
0.78 0.84 0.88 0.90 1.03 1.19 1.34 1.51 1.59 1.33 1.04 1.14 0.86 0.38 0.37 0.58 1.09 1.55 1.35 0.85 0.52 0.26 0.15 0.20 0.28 0.29 0.30 0.41 0.62 0.68 0.64 0.80 0.99 1.01 1.20 1.33 1.22 1.37 1.39 1.02 0.87 1.08 1.54 1.78 1.52 1.21 1.02 0.88 0.83 0.83 0.78 0.72 0.64 0.61 0.58 0.55 0.60 0.70 0.72 0.74 0.79 0.79 0.80 0.82 0.85 0.98 1.07 0.94 0.61 0.41 0.49 0.68 0.81 0.88 0.87 0.86 0.98 1.26 1.59 1.85 1.95 1.84 1.54 1.27
0.76 0.80 0.82 0.79 0.84 0.99 1.11 1.29 1.55 1.56 1.47 1.39 0.86 0.40 0.31 0.40 0.74 1.30 1.57 1.27 0.83 0.52 0.30 0.23 0.25 0.26 0.28 0.41 0.58 0.54 0.51 0.75 0.93 0.94 1.09 1.28 1.16 1.19 1.35 1.11 0.85 0.87 1.20 1.71 1.80 1.47 1.16 0.95 0.86 0.87 0.87 0.82 0.73 0.66 0.63 0.60 0.61 0.71 0.72 0.67 0.74 0.85 0.87 0.87 0.90 0.96 1.06 1.12 0.99 0.61 0.42 0.49 0.56 0.62 0.69 0.70 0.73 0.90 1.19 1.48 1.77 1.98 1.89 1.55
0.78 0.84 0.86 0.81 0.84 0.94 1.03 1.14 1.38 1.51 1.64 1.73 1.19 0.52 0.34 0.34 0.50 0.84 1.31 1.54 1.40 0.91 0.55 0.38 0.33 0.29 0.30 0.43 0.46 0.37 0.42 0.72 0.93 0.88 0.98 1.22 1.12 1.03 1.21 1.14 0.88 0.75 0.89 1.39 1.80 1.69 1.34 1.06 0.92 0.89 0.88 0.86 0.80 0.74 0.70 0.70 0.76 0.88 0.93 0.82 0.80 0.89 0.93 0.94 0.97 1.00 1.03 1.10 1.16 1.00 0.68 0.55 0.52 0.46 0.45 0.48 0.50 0.57 0.76 0.98 1.20 1.61 1.95 1.86
0.72 0.80 0.85 0.79 0.81 0.89 0.99 1.06 1.20 1.36 1.58 1.94 1.74 0.90 0.58 0.43 0.41 0.57 0.85 1.26 1.48 1.38 0.87 0.61 0.62 0.61 0.55 0.48 0.39 0.31 0.39 0.72 0.99 0.90 0.89 1.14 1.14 0.96 1.00 1.04 0.88 0.69 0.70 1.04 1.60 1.76 1.51 1.22 1.04 0.94 0.89 0.84 0.81 0.78 0.73 0.72 0.78 0.92 1.04 1.01 0.94 0.93 0.94 0.94 0.97 1.01 1.03 1.06 1.14 1.18 1.07 0.88 0.70 0.52 0.40 0.33 0.32 0.35 0.44 0.61 0.80 1.11 1.60 1.88
0.69 0.77 0.83 0.76 0.76 0.86 0.98 1.03 1.06 1.18 1.41 1.86 2.05 1.63 1.13 0.68 0.47 0.54 0.71 0.93 1.23 1.45 1.36 1.15 1.06 0.93 0.73 0.52 0.37 0.28 0.32 0.64 1.03 1.06 0.97 1.07 1.12 0.99 0.86 0.88 0.82 0.63 0.55 0.74 1.28 1.67 1.56 1.27 1.10 0.98 0.92 0.87 0.81 0.77 0.74 0.71 0.72 0.84 0.97 0.99 0.96 0.95 0.93 0.92 0.95 1.00 1.03 1.05 1.09 1.14 1.19 1.14 0.96 0.74 0.55 0.39 0.26 0.23 0.30 0.39 0.57 0.83 1.14 1.50
0.69 0.75 0.82 0.75 0.71 0.76 0.89 0.99 1.00 1.04 1.18 1.53 1.98 2.13 1.86 1.10 0.69 0.67 0.76 0.87 0.97 1.19 1.40 1.35 1.23 1.13 0.87 0.57 0.35 0.23 0.22 0.46 0.90 1.16 1.23 1.19 1.11 0.99 0.84 0.79 0.75 0.61 0.47 0.48 0.89 1.48 1.58 1.28 1.10 0.99 0.91 0.88 0.85 0.81 0.77 0.74 0.74 0.81 0.91 0.94 0.94 0.94 0.94 0.95 0.97 1.01 1.03 1.04 1.07 1.09 1.16 1.24 1.16 0.92 0.71 0.56 0.35 0.23 0.23 0.25 0.33 0.55 0.82 1.10
0.67 0.72 0.77 0.70 0.63 0.63 0.70 0.82 0.88 0.90 0.95 1.13 1.47 1.89 2.12 1.95 1.27 0.90 0.82 0.79 0.68 0.72 1.11 1.33 1.31 1.22 0.99 0.68 0.43 0.25 0.15 0.26 0.60 0.96 1.29 1.47 1.34 1.03 0.84 0.79 0.72 0.62 0.48 0.36 0.54 1.13 1.50 1.41 1.23 1.11 1.00 0.92 0.86 0.83 0.79 0.76 0.77 0.82 0.90 0.93 0.93 0.95 0.96 0.97 0.99 1.01 1.02 1.04 1.06 1.09 1.14 1.25 1.31 1.17 0.91 0.73 0.53 0.31 0.25 0.25 0.24 0.26 0.41 0.71
0.68 0.74 0.80 0.72 0.63 0.64 0.67 0.67 0.68 0.69 0.70 0.75 0.87 1.13 1.56 1.94 1.78 1.34 0.99 0.71 0.51 0.52 0.80 1.23 1.46 1.34 1.03 0.80 0.62 0.40 0.21 0.16 0.31 0.63 0.99 1.45 1.67 1.37 0.98 0.85 0.77 0.67 0.56 0.41 0.36 0.67 1.21 1.40 1.34 1.20 1.06 0.98 0.87 0.81 0.78 0.75 0.76 0.84 0.91 0.94 0.93 0.93 0.95 0.97 0.99 1.02 1.03 1.03 1.05 1.09 1.14 1.23 1.33 1.35 1.21 0.99 0.74 0.46 0.32 0.29 0.27 0.24 0.20 0.27
0.71 0.75 0.85 0.82 0.71 0.72 0.78 0.78 0.70 0.56 0.49 0.49 0.56 0.73 0.97 1.32 1.69 1.58 1.10 0.63 0.47 0.45 0.55 0.91 1.44 1.53 1.08 0.87 0.79 0.59 0.38 0.22 0.19 0.38 0.68 1.10 1.61 1.75 1.43 1.11 0.95 0.82 0.72 0.58 0.39 0.40 0.75 1.11 1.27 1.19 1.03 0.96 0.89 0.82 0.78 0.73 0.72 0.79 0.88 0.92 0.91 0.88 0.89 0.94 0.97 1.00 1.03 1.02 1.03 1.07 1.14 1.22 1.29 1.37 1.37 1.27 1.03 0.67 0.48 0.42 0.32 0.25 0.22 0.19
0.71 0.72 0.79 0.85 0.80 0.75 0.81 0.94 0.99 0.76 0.50 0.43 0.47 0.59 0.79 1.01 1.50 1.68 1.15 0.63 0.45 0.39 0.44 0.60 1.12 1.59 1.40 0.94 0.78 0.62 0.45 0.30 0.15 0.21 0.47 0.77 1.18 1.63 1.75 1.61 1.36 1.13 0.98 0.84 0.61 0.41 0.46 0.74 1.07 1.13 1.00 0.93 0.89 0.84 0.80 0.75 0.72 0.77 0.85 0.89 0.91 0.89 0.84 0.89 0.94 0.96 1.00 1.00 0.99 1.02 1.10 1.19 1.26 1.36 1.40 1.38 1.26 0.91 0.69 0.65 0.51 0.29 0.18 0.18
0.72 0.71 0.72 0.80 0.85 0.79 0.73 0.84 1.10 1.16 0.84 0.59 0.55 0.61 0.72 0.93 1.39 1.65 1.48 0.98 0.55 0.37 0.38 0.50 0.83 1.45 1.63 1.20 0.82 0.62 0.47 0.34 0.16 0.10 0.28 0.53 0.82 1.18 1.51 1.70 1.63 1.38 1.23 1.14 0.95 0.71 0.55 0.60 0.86 1.01 0.94 0.88 0.85 0.83 0.81 0.78 0.77 0.81 0.88 0.93 0.97 0.97 0.92 0.91 0.94 0.95 0.97 0.96 0.93 0.95 1.04 1.13 1.19 1.32 1.45 1.47 1.36 1.02 0.76 0.76 0.72 0.45 0.19 0.14
0.77 0.76 0.74 0.78 0.87 0.84 0.73 0.70 0.86 1.17 1.21 0.98 0.90 0.88 0.87 1.03 1.26 1.45 1.53 1.41 1.01 0.51 0.37 0.43 0.60 1.09 1.63 1.65 1.20 0.80 0.59 0.46 0.28 0.10 0.10 0.30 0.59 0.84 1.12 1.43 1.58 1.47 1.33 1.26 1.15 1.00 0.81 0.70 0.81 0.95 0.95 0.88 0.83 0.81 0.80 0.78 0.79 0.83 0.88 0.93 0.98 1.00 0.97 0.95 0.97 0.99 0.98 0.97 0.89 0.83 0.92 1.04 1.11 1.20 1.41 1.59 1.55 1.17 0.77 0.73 0.77 0.63 0.36 0.18
0.79 0.82 0.82 0.81 0.87 0.89 0.81 0.72 0.68 0.84 1.10 1.13 1.07 1.10 1.20 1.17 1.09 1.16 1.24 1.37 1.28 0.83 0.48 0.39 0.40 0.66 1.23 1.72 1.66 1.18 0.82 0.67 0.51 0.26 0.10 0.14 0.33 0.60 0.92 1.23 1.39 1.40 1.34 1.24 1.19 1.13 0.99 0.84 0.85 0.95 0.97 0.92 0.85 0.81 0.78 0.76 0.78 0.83 0.86 0.89 0.94 0.97 0.98 0.98 1.00 1.03 1.02 1.03 0.97 0.78 0.72 0.85 1.00 1.10 1.30 1.60 1.74 1.52 0.98 0.76 0.74 0.66 0.52 0.34
0.72 0.83 0.88 0.82 0.84 0.86 0.83 0.78 0.70 0.67 0.77 0.87 0.89 1.09 1.44 1.24 0.92 0.95 1.00 1.14 1.20 0.96 0.64 0.44 0.32 0.41 0.80 1.38 1.71 1.54 1.14 0.89 0.76 0.54 0.26 0.13 0.15 0.38 0.80 1.12 1.15 1.24 1.31 1.19 1.15 1.13 1.03 0.87 0.84 0.90 0.93 0.90 0.86 0.82 0.78 0.75 0.77 0.83 0.87 0.91 0.95 0.98 0.99 1.00 1.02 1.06 1.06 1.08 1.10 0.92 0.63 0.57 0.71 0.87 1.10 1.46 1.76 1.80 1.49 1.03 0.77 0.64 0.57 0.49
0.60 0.71 0.87 0.86 0.81 0.77 0.73 0.75 0.76 0.74 0.72 0.74 0.75 1.09 1.53 1.28 0.94 0.86 0.86 0.99 1.06 0.90 0.69 0.54 0.34 0.28 0.51 1.00 1.46 1.60 1.37 1.05 0.86 0.71 0.50 0.23 0.10 0.22 0.72 1.08 1.02 1.04 1.18 1.14 1.08 1.07 1.00 0.87 0.83 0.86 0.88 0.86 0.84 0.81 0.77 0.75 0.76 0.83 0.86 0.90 0.95 0.99 1.00 1.00 1.02 1.07 1.08 1.09 1.16 1.12 0.79 0.51 0.44 0.46 0.61 1.03 1.52 1.81 1.84 1.61 1.11 0.74 0.63 0.57
0.54 0.57 0.71 0.86 0.88 0.76 0.63 0.61 0.68 0.77 0.82 0.82 0.80 1.20 1.48 1.32 1.14 1.01 0.87 0.94 1.00 0.84 0.66 0.55 0.37 0.24 0.31 0.71 1.13 1.41 1.50 1.35 1.04 0.81 0.67 0.41 0.15 0.15 0.59 1.03 1.01 0.92 1.01 1.05 1.03 1.05 1.01 0.89 0.84 0.86 0.86 0.85 0.83 0.81 0.77 0.74 0.75 0.81 0.85 0.88 0.92 0.97 1.01 1.02 1.04 1.07 1.10 1.12 1.17 1.22 1.08 0.71 0.46 0.36 0.30 0.46 1.00 1.47 1.74 1.87 1.63 1.02 0.78 0.65
0.64 0.58 0.57 0.74 0.94 0.94 0.75 0.60 0.57 0.64 0.78 0.88 1.01 1.28 1.31 1.21 1.23 1.23 1.16 1.12 1.07 0.88 0.68 0.54 0.40 0.27 0.26 0.47 0.80 1.03 1.30 1.53 1.41 1.06 0.84 0.56 0.28 0.19 0.46 0.91 1.00 0.90 0.92 0.94 0.96 1.01 1.01 0.92 0.87 0.86 0.85 0.85 0.84 0.84 0.81 0.77 0.76 0.80 0.85 0.87 0.90 0.94 0.99 1.03 1.09 1.13 1.15 1.19 1.22 1.26 1.26 1.03 0.64 0.39 0.28 0.26 0.53 0.99 1.31 1.65 1.77 1.45 1.13 0.89
0.75 0.69 0.58 0.60 0.78 1.00 1.04 0.86 0.69 0.66 0.68 0.86 1.25 1.27 1.02 0.98 1.11 1.17 1.19 1.35 1.38 1.10 0.80 0.60 0.46 0.35 0.29 0.33 0.52 0.66 0.85 1.28 1.54 1.43 1.15 0.80 0.52 0.35 0.42 0.73 0.90 0.91 0.91 0.86 0.87 0.93 0.95 0.92 0.89 0.87 0.84 0.82 0.80 0.83 0.84 0.81 0.79 0.80 0.85 0.87 0.88 0.92 0.95 1.00 1.14 1.27 1.31 1.33 1.34 1.36 1.39 1.30 0.96 0.54 0.33 0.21 0.31 0.66 0.95 1.27 1.56 1.51 1.28 1.11
0.77 0.80 0.71 0.53 0.50 0.67 0.98 1.08 1.02 0.97 0.82 1.04 1.35 1.08 0.80 0.84 0.92 0.96 0.91 1.12 1.45 1.50 1.24 0.88 0.63 0.47 0.35 0.30 0.34 0.41 0.53 0.89 1.29 1.51 1.44 1.12 0.78 0.63 0.56 0.65 0.82 0.90 0.91 0.86 0.84 0.87 0.90 0.90 0.89 0.88 0.85 0.80 0.71 0.69 0.76 0.80 0.81 0.83 0.86 0.89 0.90 0.93 0.94 0.96 1.11 1.34 1.50 1.58 1.60 1.63 1.63 1.61 1.39 0.88 0.49 0.26 0.28 0.55 0.78 0.96 1.24 1.35 1.18 0.98
0.69 0.84 0.87 0.59 0.42 0.42 0.57 0.83 1.06 1.17 1.21 1.41 1.36 0.83 0.69 0.74 0.80 0.86 0.79 0.77 1.05 1.41 1.52 1.42 1.15 0.84 0.56 0.35 0.31 0.32 0.37 0.54 0.86 1.25 1.49 1.32 0.98 0.85 0.78 0.74 0.83 0.93 0.94 0.91 0.87 0.86 0.87 0.88 0.89 0.89 0.87 0.85 0.74 0.56 0.54 0.65 0.75 0.80 0.85 0.91 0.94 0.95 0.94 0.92 0.97 1.14 1.35 1.54 1.69 1.82 1.86 1.85 1.78 1.45 0.80 0.50 0.48 0.71 0.91 0.99 1.10 1.24 1.14 0.86
0.63 0.81 1.00 0.82 0.54 0.43 0.42 0.46 0.69 0.96 1.43 1.67 1.23 0.76 0.68 0.68 0.74 0.83 0.78 0.62 0.67 0.90 1.19 1.43 1.42 1.28 1.11 0.81 0.49 0.37 0.36 0.40 0.51 0.86 1.33 1.36 1.10 0.93 0.87 0.83 0.87 0.95 0.97 0.95 0.93 0.89 0.87 0.88 0.89 0.89 0.88 0.90 0.86 0.66 0.45 0.44 0.59 0.72 0.77 0.84 0.90 0.93 0.90 0.85 0.82 0.83 0.88 1.01 1.23 1.55 1.78 1.86 1.89 1.75 1.24 0.80 0.77 0.92 1.18 1.22 1.05 1.14 1.17 0.87
0.67 0.74 0.93 1.04 0.84 0.62 0.50 0.45 0.51 0.59 1.17 1.83 1.40 0.80 0.70 0.67 0.73 0.85 0.78 0.59 0.57 0.65 0.80 1.02 1.14 1.17 1.22 1.21 1.00 0.70 0.51 0.44 0.38 0.56 1.08 1.22 1.05 0.91 0.86 0.86 0.88 0.93 0.96 0.95 0.94 0.91 0.89 0.89 0.90 0.91 0.91 0.93 0.93 0.81 0.54 0.35 0.43 0.60 0.69 0.74 0.80 0.87 0.89 0.82 0.75 0.74 0.73 0.71 0.78 0.98 1.34 1.66 1.87 1.85 1.50 1.09 0.93 0.99 1.30 1.40 1.13 1.13 1.16 0.89
0.81 0.70 0.68 0.94 1.09 1.00 0.81 0.65 0.57 0.53 0.87 1.73 1.64 0.99 0.85 0.81 0.84 0.90 0.78 0.64 0.61 0.63 0.68 0.75 0.79 0.81 0.85 1.04 1.13 1.06 0.92 0.69 0.44 0.49 0.86 1.04 0.95 0.84 0.81 0.84 0.89 0.93 0.95 0.95 0.94 0.92 0.90 0.89 0.91 0.94 0.96 0.97 0.96 0.86 0.62 0.37 0.32 0.46 0.64 0.72 0.73 0.81 0.90 0.89 0.81 0.80 0.79 0.71 0.67 0.71 0.83 1.23 1.75 1.88 1.58 1.22 0.97 0.92 1.26 1.50 1.33 1.22 1.15 0.94
1.02 0.77 0.50 0.62 0.95 1.20 1.26 1.10 0.86 0.61 0.84 1.47 1.45 1.13 1.11 1.11 1.14 1.17 1.06 0.90 0.78 0.70 0.71 0.68 0.66 0.67 0.63 0.65 0.78 0.91 1.04 1.03 0.77 0.59 0.75 0.93 0.89 0.81 0.77 0.81 0.87 0.92 0.95 0.97 0.96 0.94 0.92 0.91 0.93 0.95 0.98 1.02 1.00 0.88 0.68 0.46 0.32 0.36 0.55 0.68 0.70 0.73 0.82 0.91 0.93 0.96 0.97 0.87 0.80 0.78 0.76 0.89 1.41 1.78 1.62 1.32 1.08 0.86 0.99 1.41 1.50 1.36 1.21 1.09
1.26 0.90 0.45 0.36 0.49 0.86 1.21 1.44 1.33 0.96 1.05 1.28 1.15 0.98 1.01 1.12 1.23 1.30 1.31 1.34 1.32 1.19 1.03 0.87 0.72 0.68 0.61 0.56 0.56 0.52 0.70 1.04 0.98 0.74 0.76 0.89 0.89 0.83 0.80 0.80 0.86 0.91 0.95 0.99 1.01 0.97 0.95 0.94 0.96 0.97 1.01 1.09 1.08 0.90 0.70 0.49 0.28 0.25 0.38 0.55 0.61 0.63 0.69 0.78 0.89 1.00 1.10 1.11 1.09 1.08 1.05 1.04 1.29 1.64 1.62 1.44 1.34 1.11 0.93 1.21 1.55 1.56 1.47 1.24
1.42 1.04 0.52 0.34 0.28 0.36 0.63 1.15 1.52 1.39 1.21 1.13 0.99 0.82 0.71 0.82 1.07 1.14 1.10 1.22 1.41 1.49 1.50 1.47 1.26 0.91 0.71 0.62 0.56 0.44 0.48 0.82 0.96 0.82 0.80 0.89 0.92 0.87 0.84 0.83 0.86 0.91 0.93 0.97 1.02 1.01 0.98 1.00 1.02 1.02 1.05 1.16 1.17 0.99 0.76 0.52 0.26 0.11 0.22 0.40 0.51 0.56 0.61 0.65 0.70 0.81 0.95 1.06 1.14 1.20 1.27 1.31 1.48 1.72 1.73 1.57 1.49 1.40 1.26 1.33 1.60 1.85 1.87 1.54
1.37 1.24 0.86 0.56 0.38 0.28 0.33 0.68 1.34 1.53 1.32 1.12 1.00 0.81 0.64 0.62 0.82 1.00 0.97 0.91 1.03 1.22 1.37 1.57 1.71 1.56 1.12 0.82 0.72 0.63 0.52 0.67 0.87 0.84 0.81 0.87 0.93 0.92 0.89 0.86 0.88 0.93 0.94 0.94 0.99 1.00 0.98 1.02 1.05 1.05 1.11 1.23 1.26 1.13 0.89 0.60 0.32 0.08 0.03 0.18 0.37 0.50 0.55 0.58 0.60 0.65 0.74 0.84 0.90 0.94 1.00 1.10 1.31 1.64 1.80 1.67 1.47 1.35 1.28 1.39 1.59 1.82 2.10 1.97
1.05 1.24 1.38 1.13 0.80 0.47 0.28 0.54 1.27 1.53 1.27 1.19 1.11 0.89 0.70 0.57 0.59 0.79 0.95 0.91 0.83 0.87 0.94 1.13 1.53 1.81 1.62 1.04 0.79 0.74 0.61 0.63 0.78 0.83 0.81 0.84 0.90 0.93 0.93 0.92 0.92 0.95 0.96 0.95 0.99 1.01 0.98 0.98 1.04 1.08 1.15 1.30 1.36 1.28 1.07 0.71 0.41 0.17 0.08 0.06 0.11 0.35 0.49 0.54 0.56 0.59 0.65 0.72 0.79 0.82 0.75 0.65 0.78 1.13 1.50 1.64 1.49 1.18 1.01 1.22 1.38 1.49 1.91 2.21
0.63 0.85 1.26 1.40 1.34 0.92 0.43 0.60 1.30 1.37 1.06 1.14 1.26 1.12 0.85 0.64 0.51 0.55 0.74 0.86 0.81 0.75 0.71 0.81 1.13 1.62 1.84 1.37 0.81 0.73 0.70 0.68 0.75 0.81 0.83 0.82 0.85 0.89 0.92 0.94 0.95 0.98 0.98 0.96 1.00 1.07 1.06 0.96 0.98 1.07 1.15 1.29 1.44 1.44 1.24 0.85 0.52 0.28 0.09 0.13 0.11 0.12 0.37 0.49 0.52 0.54 0.60 0.67 0.76 0.86 0.80 0.57 0.52 0.72 1.06 1.49 1.57 1.19 0.94 1.03 1.15 1.22 1.53 2.17
