windninja/windninja_output/Output_2025-08-09_0700-0750_Google earth_Fire_150m_10min/merlingen_7.5mi_point_08-09-2025_0720_150m_ang.asc
ncols	158
nrows	163
xllcorner	391686.332397
yllcorner	5160024.123721
cellsize	150.000000
NODATA_value	-32768.000000
[rows 90 to 134 of 163, columns 0 to 95 of 158]
268 267 262 258 259 258 255 251 247 251 260 267 265 262 257 253 253 256 262 272 284 293 295 288 275 267 268 268 267 266 266 267 268 267 268 269 272 273 269 265 263 264 265 268 270 269 267 265 266 269 271 274 277 278 277 273 270 272 278 286 290 286 283 282 282 283 283 284 285 286 288 289 290 292 294 295 297 299 301 304 306 309 310 306 300 297 295 294 296 297 294 292 292 290 292 295
264 261 253 251 254 256 255 250 245 250 258 260 255 253 252 252 253 254 259 273 290 299 289 265 247 249 260 264 265 265 266 266 266 267 268 268 268 271 272 268 263 261 263 266 269 270 268 266 265 267 271 275 278 279 277 272 272 276 279 283 288 287 283 282 282 282 283 284 285 286 287 288 290 291 293 295 296 298 300 302 303 306 308 307 304 303 301 298 296 292 286 280 282 281 281 285
261 257 250 247 248 248 247 242 237 243 250 251 247 248 251 253 256 256 262 273 283 288 263 243 233 244 257 261 263 264 265 266 267 268 269 268 267 268 271 271 265 259 260 264 268 269 269 267 266 267 271 276 279 281 282 280 279 279 277 275 279 283 282 281 281 281 282 283 284 285 286 288 289 290 292 293 295 297 299 300 302 303 304 305 303 301 299 296 292 284 271 268 271 271 271 275
262 259 253 250 249 248 245 236 227 234 241 240 234 234 236 244 252 258 267 269 261 235 229 229 231 244 255 260 262 263 264 265 268 270 270 269 268 267 269 270 267 260 257 260 264 266 268 267 266 267 270 277 282 282 284 286 282 277 273 270 272 277 279 280 280 281 281 282 283 284 286 287 288 290 291 293 294 295 297 298 300 301 301 301 299 296 294 290 282 272 267 270 274 276 278 282
261 259 255 255 256 255 250 240 228 238 242 237 230 228 229 240 248 255 261 254 236 219 216 223 232 247 256 259 260 260 262 266 270 273 271 269 268 268 268 269 269 264 258 256 257 261 265 267 267 267 271 277 283 281 281 284 281 277 273 271 271 274 277 278 279 280 281 282 283 284 285 286 288 289 290 292 293 295 296 297 298 299 300 300 298 295 292 288 282 278 280 284 287 290 294 297
258 256 254 257 258 256 251 245 246 254 254 246 241 240 243 252 252 256 255 243 228 223 223 231 241 252 257 259 258 257 260 266 270 271 271 269 269 269 269 269 270 269 263 257 254 256 260 264 268 271 273 273 274 275 276 279 280 278 276 273 273 274 276 277 279 280 280 281 282 283 284 286 287 288 289 291 292 293 295 296 297 298 299 299 298 297 295 292 290 291 292 295 298 301 305 308
257 256 256 256 254 249 245 244 253 266 266 258 250 248 255 260 260 262 254 231 225 229 234 245 255 260 260 259 259 261 264 265 266 266 268 270 270 270 270 270 271 273 270 264 259 257 258 263 267 271 269 264 263 267 271 275 277 277 276 275 274 274 276 277 278 279 280 280 281 283 284 285 286 287 289 290 291 293 294 295 297 298 298 299 299 299 298 298 297 298 300 302 305 309 313 317
259 259 257 255 251 246 242 241 246 256 261 258 256 254 259 263 266 264 249 227 224 233 244 258 266 266 263 261 262 265 267 265 263 264 266 269 271 272 272 272 272 275 275 271 267 264 263 265 267 265 261 258 259 262 267 270 273 275 275 276 275 275 276 277 278 279 280 280 281 282 283 284 285 286 288 289 291 292 293 295 296 297 298 299 299 300 300 301 302 303 305 307 310 314 318 322
261 261 258 256 255 250 245 243 244 247 251 257 263 266 266 268 267 258 241 229 227 237 251 262 266 261 258 261 263 266 267 266 265 264 265 268 272 274 276 275 274 275 277 274 270 269 268 267 264 261 259 258 258 260 265 267 269 272 275 275 275 275 277 279 280 280 280 281 281 282 282 283 284 286 287 289 290 291 293 294 295 297 298 299 300 301 302 303 304 306 308 311 314 318 322 326
260 260 259 259 261 259 256 253 250 248 250 254 259 266 269 266 260 250 239 232 234 245 257 259 252 244 252 259 262 264 266 267 267 267 267 269 272 274 278 280 278 277 278 276 271 269 268 266 262 259 259 259 258 259 262 265 266 269 272 273 273 274 276 279 281 282 282 282 281 281 282 283 284 285 286 288 289 291 292 294 295 297 298 299 301 302 303 305 307 309 311 314 317 321 325 329
257 257 258 259 259 258 258 258 255 251 251 251 252 259 263 259 256 253 243 239 249 260 261 251 237 240 250 257 261 263 264 267 270 272 273 274 274 273 276 281 283 281 281 279 273 269 266 264 261 259 259 259 259 259 260 262 264 265 269 272 273 273 273 276 279 282 283 283 282 281 281 282 283 285 286 287 289 290 292 293 295 296 298 299 301 303 305 306 308 311 314 316 320 323 327 331
256 257 258 257 256 255 256 256 255 253 252 250 248 248 250 251 252 252 248 253 265 268 256 241 238 245 252 256 259 261 264 267 271 276 279 281 279 277 277 280 285 285 284 283 278 270 266 264 262 260 258 258 258 259 260 261 261 263 265 269 273 273 272 273 276 280 283 284 283 281 280 282 283 284 285 287 288 290 291 293 295 296 298 300 302 303 305 308 310 312 315 318 322 326 330 334
256 258 258 256 254 254 255 255 254 254 253 251 247 242 242 246 249 249 248 257 263 255 243 240 243 248 253 257 259 262 265 268 272 277 281 285 286 284 282 282 286 288 287 287 283 274 267 263 261 260 258 257 257 258 259 260 261 262 262 264 268 271 272 272 274 278 281 281 281 279 280 282 284 284 285 286 287 289 291 293 294 296 298 300 302 304 306 308 311 314 317 320 324 328 332 336
256 256 256 255 254 254 255 255 254 254 254 253 252 251 253 253 253 252 252 257 252 238 238 244 246 247 252 258 261 265 268 270 272 276 280 285 290 290 287 286 288 291 291 290 290 282 271 264 260 258 257 257 258 258 258 258 260 261 261 262 265 268 270 271 272 274 276 278 278 277 278 282 285 285 285 286 287 289 291 292 294 296 298 300 302 305 307 310 312 315 318 321 325 329 333 337
255 254 254 254 254 255 256 256 255 256 258 259 261 266 269 268 263 258 258 256 245 237 241 245 244 245 251 257 261 266 270 271 272 275 278 282 288 293 292 290 291 294 295 294 295 290 279 268 261 257 257 257 258 259 259 257 257 258 260 262 263 265 267 269 270 270 273 275 276 276 276 278 281 284 284 284 286 289 291 292 294 296 298 301 303 305 308 310 313 316 319 322 326 331 335 339
254 253 252 252 254 255 256 255 255 257 261 264 268 272 274 274 269 263 259 253 245 243 244 243 243 245 250 254 258 264 269 272 274 274 275 279 286 293 296 295 295 297 298 298 299 296 286 274 265 259 257 256 255 256 258 258 257 257 258 260 261 262 265 268 268 269 271 273 273 274 274 274 275 280 282 284 287 289 290 291 294 297 299 301 303 306 308 310 313 316 320 323 327 332 336 339
253 251 250 249 251 253 254 254 254 257 260 263 267 270 272 272 268 263 257 250 247 249 248 243 242 245 248 250 255 262 268 272 274 271 271 279 287 295 298 299 299 299 299 300 302 302 294 281 271 263 259 256 253 252 253 255 257 257 257 257 258 260 263 265 267 268 269 271 272 272 272 272 273 277 283 286 289 290 290 291 295 299 301 302 304 306 309 311 314 317 320 324 328 333 337 340
250 248 246 247 249 250 252 252 252 254 256 258 258 258 262 265 264 261 255 249 247 251 252 245 241 243 244 245 251 260 268 272 271 265 270 281 290 295 296 298 301 302 300 301 304 306 303 290 277 268 262 258 254 252 251 251 253 255 256 255 256 259 262 263 264 266 266 269 272 271 269 271 274 277 280 284 287 292 295 295 296 301 303 304 305 307 309 311 314 317 321 325 329 333 337 340
247 245 244 246 248 248 248 249 249 251 252 253 251 251 254 258 260 258 252 249 251 255 255 249 242 241 243 242 246 258 266 268 267 261 271 284 290 290 291 296 304 304 302 304 305 307 310 302 284 270 263 258 256 254 251 249 249 252 254 254 254 257 260 262 262 263 264 265 269 271 269 269 273 277 279 282 286 291 296 296 295 299 304 306 307 308 309 312 314 317 321 325 329 333 337 341
245 244 244 246 247 248 247 247 248 249 250 250 248 248 252 256 258 251 243 246 254 259 259 253 245 241 242 241 246 257 263 263 262 260 271 282 285 285 291 296 299 300 302 307 309 308 312 313 294 274 263 257 254 253 252 250 249 249 252 252 251 253 256 258 260 262 264 265 266 269 269 268 271 276 279 281 284 288 292 294 294 297 304 308 309 309 310 312 314 317 321 325 328 333 337 342
243 244 247 250 251 252 251 250 249 248 249 249 247 247 252 258 258 244 235 242 252 262 263 257 251 246 242 240 246 255 260 260 258 259 269 278 282 286 292 292 286 288 297 308 313 311 314 321 308 282 267 257 252 250 250 250 249 249 251 251 251 252 252 253 255 259 263 266 267 267 269 270 271 274 277 280 282 284 288 292 294 296 301 308 310 310 310 312 314 316 320 323 327 332 337 342
243 245 250 252 253 252 251 250 250 248 248 249 250 250 254 259 258 238 230 238 247 259 267 262 255 253 250 244 243 248 254 259 256 256 266 276 282 288 291 284 281 281 284 298 311 314 316 326 322 295 272 258 250 248 249 248 247 249 250 251 251 251 250 250 251 255 259 263 267 268 270 271 271 272 274 277 280 281 284 288 293 296 300 307 311 312 311 311 312 313 316 320 324 330 336 343
246 249 251 251 250 249 248 248 247 246 243 247 252 253 255 259 258 233 226 234 240 250 261 262 254 257 261 259 251 244 246 253 256 259 269 277 282 286 285 280 279 275 274 284 303 315 317 324 331 315 279 257 248 248 249 247 246 247 248 248 249 250 250 250 251 252 254 257 262 268 271 271 271 271 272 275 278 281 283 286 291 296 301 307 313 316 313 312 311 308 311 317 324 331 338 344
247 248 250 250 250 250 249 247 244 241 240 246 251 252 254 258 258 232 220 227 233 242 251 255 252 259 265 269 264 251 244 246 253 264 274 280 279 276 274 271 266 263 268 278 292 308 311 314 328 331 303 261 247 246 246 246 245 245 246 246 246 246 248 250 251 251 252 253 257 262 267 270 272 272 271 273 277 281 284 285 288 294 301 305 311 316 315 314 314 311 314 322 329 336 341 345
243 244 246 248 248 248 249 248 244 240 243 248 250 246 249 257 260 238 210 224 228 235 241 247 251 256 259 262 264 262 249 245 251 263 274 279 275 269 265 257 249 253 264 272 277 284 293 296 304 324 329 284 246 242 244 244 243 244 245 245 245 244 246 249 251 251 251 251 254 257 261 266 270 272 271 271 275 280 285 285 286 291 300 305 311 319 318 317 319 317 321 330 336 341 345 347
238 240 242 244 245 244 244 244 244 245 250 254 248 239 244 256 264 251 201 226 231 232 233 238 246 251 251 249 254 260 250 243 248 259 269 273 271 265 257 245 240 251 259 262 262 265 274 272 272 289 324 333 237 238 241 242 242 243 244 245 244 243 245 248 249 249 250 251 253 254 257 261 264 269 273 273 273 277 283 286 285 289 299 308 314 323 323 319 320 319 325 336 344 348 348 348
234 238 241 242 243 243 241 239 242 249 257 257 245 234 242 256 265 255 196 228 235 232 228 232 237 243 244 243 252 255 244 238 242 251 262 269 266 253 242 238 238 248 252 251 252 254 249 239 241 244 237 144 174 225 237 240 242 242 244 245 244 242 244 248 249 248 248 250 251 252 254 256 259 263 270 275 274 274 279 284 285 288 298 307 313 322 323 320 320 322 328 340 348 349 346 348
231 237 241 242 244 244 240 237 241 247 255 257 243 233 243 254 261 257 219 236 234 232 229 229 230 233 233 236 245 251 244 241 239 244 249 251 246 232 227 230 232 237 239 240 244 240 224 213 217 222 214 172 154 195 227 237 240 241 243 245 244 242 243 246 247 246 247 249 250 251 252 254 255 258 263 271 276 274 275 280 284 289 297 306 311 317 321 320 320 325 333 343 348 346 344 348
232 236 240 242 244 243 241 241 244 247 250 252 244 237 244 249 256 263 284 309 254 242 237 235 232 229 224 226 232 235 239 241 239 243 242 234 223 211 212 218 220 223 227 232 235 230 218 210 208 211 209 180 158 171 211 232 238 239 241 244 244 243 244 245 244 243 244 246 248 250 252 253 254 255 258 263 271 274 275 280 285 289 296 305 309 314 318 320 321 328 337 344 348 346 344 348
232 234 238 244 246 244 242 246 251 250 249 250 247 243 244 247 253 262 282 332 319 272 253 248 244 238 231 228 229 229 231 232 238 244 241 233 224 211 209 212 212 214 217 221 222 221 216 211 207 206 203 184 165 165 195 227 237 239 240 242 244 244 246 246 244 242 242 243 245 249 252 254 254 255 256 258 262 269 274 279 282 285 293 302 307 311 316 319 322 330 338 344 349 348 346 346
230 231 236 243 247 246 248 252 256 254 250 253 252 243 242 245 252 258 268 307 335 312 281 266 258 253 248 243 241 239 237 236 241 244 242 238 229 222 218 216 214 212 213 215 216 216 212 207 202 201 199 189 173 166 184 219 235 239 239 241 243 243 244 247 247 249 250 249 248 250 252 253 256 258 257 255 256 261 269 275 279 283 290 299 305 311 316 319 323 329 336 344 350 348 343 341
226 229 232 235 236 238 243 251 258 257 251 256 258 245 238 242 249 255 260 274 319 326 310 290 276 266 258 254 256 257 252 248 246 244 243 240 235 232 226 221 220 218 220 222 222 220 217 213 205 201 199 193 179 169 179 210 232 238 238 241 243 241 243 245 247 254 261 266 263 256 253 253 257 260 260 257 254 256 262 269 275 282 290 298 304 311 317 320 323 327 335 345 348 342 337 338
218 225 229 228 226 227 231 238 248 252 251 259 263 256 242 241 246 251 254 260 284 312 316 309 294 283 273 268 267 265 258 253 249 245 245 242 238 235 228 222 223 225 228 228 228 229 228 220 210 205 203 197 183 173 178 203 228 235 237 240 241 240 243 244 245 250 258 268 276 270 260 257 258 261 263 262 258 256 258 263 270 278 289 298 305 312 319 323 324 326 335 345 344 334 331 335
217 227 232 228 225 227 228 232 238 241 247 261 268 264 255 250 247 245 247 255 266 284 302 308 302 297 291 283 279 271 259 254 251 246 246 243 237 235 230 221 219 224 228 228 227 228 227 219 210 205 204 200 187 176 181 201 227 238 241 241 240 240 243 244 245 249 252 256 268 277 272 266 264 263 264 266 265 262 261 261 265 273 285 297 304 310 319 324 322 325 335 343 338 328 328 335
221 229 233 229 228 231 231 231 235 235 240 256 266 263 264 263 252 242 240 248 261 272 282 290 294 296 297 293 287 275 255 252 251 247 247 244 237 236 234 223 216 218 225 229 228 226 223 216 205 202 203 201 190 179 183 200 223 238 244 243 239 240 242 243 246 250 250 250 254 265 275 275 273 271 270 272 274 273 269 266 266 269 276 288 297 306 318 322 318 322 331 339 333 326 329 339
216 225 229 225 225 229 231 231 234 232 235 246 255 258 266 270 260 245 236 238 248 263 273 275 277 281 287 289 285 265 242 248 250 248 247 245 240 237 236 228 219 216 221 230 232 228 222 214 203 202 204 202 194 185 184 197 214 228 235 235 235 239 240 240 244 248 249 249 249 252 262 272 277 280 280 280 282 283 279 274 271 269 269 276 288 300 313 316 314 319 328 334 329 324 330 342
213 223 229 224 223 228 231 232 233 230 231 238 244 250 257 266 264 250 239 236 241 249 258 257 254 258 265 272 263 233 225 240 246 245 245 245 240 238 238 233 225 218 218 229 233 231 224 214 204 202 205 203 195 189 187 195 209 223 230 230 232 237 238 240 243 247 248 248 248 248 251 261 270 278 284 288 290 289 287 282 279 276 272 272 280 293 307 311 312 316 324 330 325 322 331 344
212 223 230 225 222 225 229 233 233 229 227 230 235 241 251 258 254 248 246 242 241 240 238 232 235 243 248 249 238 217 211 232 238 236 239 244 242 240 240 237 232 224 221 226 234 234 228 217 209 205 206 203 196 192 191 196 209 224 231 232 233 236 238 240 244 246 247 247 247 247 249 255 263 271 279 288 295 296 294 292 289 285 280 276 279 288 304 310 312 314 322 326 322 323 333 345
211 222 230 226 223 225 230 233 231 228 223 223 226 230 238 248 245 244 245 249 245 238 235 232 236 241 241 239 232 213 204 225 233 230 231 238 243 242 239 239 238 233 229 228 236 237 230 219 211 208 206 203 196 193 194 198 209 224 232 234 235 236 238 240 243 245 246 246 247 247 249 252 258 266 273 281 292 300 299 298 297 293 288 284 283 288 300 308 311 314 320 324 323 327 334 343
213 224 234 232 228 233 238 238 234 229 224 221 220 221 226 232 239 244 254 259 253 245 242 240 241 242 238 231 225 217 203 215 229 229 229 231 236 240 240 240 241 240 239 239 240 239 232 219 211 209 206 203 197 196 197 200 211 224 232 234 235 236 237 239 242 244 245 245 246 247 248 251 254 259 267 275 285 296 298 299 300 298 295 290 286 287 293 299 303 307 313 319 325 332 338 342
216 224 234 234 231 237 245 248 245 239 233 228 225 223 224 229 237 247 259 263 256 247 243 239 239 240 235 225 219 215 208 201 216 226 227 229 230 231 233 235 237 238 239 242 243 241 233 221 215 213 208 206 200 199 202 203 211 223 231 234 235 236 237 240 242 243 244 245 245 246 248 251 252 254 259 268 279 288 293 296 299 301 301 296 291 288 290 291 293 297 302 307 317 331 339 345
218 222 229 231 230 235 238 243 251 256 253 247 241 238 236 235 243 254 261 260 252 245 241 239 239 237 229 222 221 216 211 199 193 213 223 227 228 226 223 223 225 225 226 230 234 235 231 225 222 218 212 208 204 203 206 207 213 225 232 235 237 239 240 241 242 243 245 245 245 246 248 251 251 253 256 262 271 282 287 291 298 304 306 302 297 293 292 294 295 295 297 297 303 319 332 341
219 223 228 230 231 233 231 231 239 251 259 257 252 248 246 247 252 256 256 255 253 243 236 237 242 238 229 227 230 226 219 210 186 194 215 223 226 225 221 218 218 216 216 219 218 214 218 225 227 222 214 210 208 207 209 211 216 227 234 237 239 242 243 243 244 245 246 247 246 246 249 250 250 252 256 260 268 278 283 285 293 304 310 308 303 300 300 301 298 294 293 294 294 303 316 326
224 227 229 230 233 234 229 226 230 235 242 247 249 253 255 258 259 252 242 235 237 232 228 230 239 237 231 229 232 231 226 220 192 175 201 216 224 226 224 223 221 217 214 215 212 206 206 217 226 224 217 213 210 210 212 213 217 226 233 235 237 240 240 241 244 245 247 249 249 249 250 251 251 251 253 259 268 276 283 284 287 297 309 310 307 305 306 304 299 293 291 291 289 292 303 312
226 227 226 228 232 233 229 228 226 228 230 229 233 245 258 268 263 252 239 231 225 218 220 226 229 233 231 227 223 221 218 214 205 176 176 206 222 227 230 231 228 222 219 218 213 208 206 209 219 222 218 214 212 213 214 214 219 227 232 235 238 239 238 240 243 245 247 250 253 256 254 253 253 251 251 256 263 272 283 285 285 290 299 305 305 306 306 306 303 296 291 289 287 286 296 308
