windninja/windninja_output/Output_2025-08-09_0700-0750_Google earth_Fire_150m_10min/merlingen_7.5mi_point_08-09-2025_0730_150m_ang.asc
ncols	158
nrows	163
xllcorner	391686.332397
yllcorner	5160024.123721
cellsize	150.000000
NODATA_value	-32768.000000
[rows 43 to 85 of 163, columns 0 to 95 of 158]
271 270 266 263 260 258 255 253 250 248 246 244 243 241 239 237 236 234 233 232 229 227 226 224 222 220 218 216 214 213 214 213 211 206 202 199 199 199 198 198 201 204 202 198 195 197 200 202 201 197 194 193 191 190 193 197 201 204 206 208 204 196 191 191 190 185 179 178 183 187 188 185 181 176 172 174 182 186 186 184 183 182 176 169 169 177 188 189 182 174 169 167 164 161 166 173
267 266 264 263 261 258 255 253 251 248 246 245 243 241 239 238 236 235 233 231 229 227 226 224 223 221 218 216 214 213 213 212 209 204 200 195 194 197 200 201 204 204 202 199 200 203 206 204 199 193 191 193 194 194 198 202 204 206 206 203 198 193 188 184 179 178 177 178 183 187 186 185 185 181 179 183 189 191 191 186 181 175 169 167 173 187 192 189 183 177 171 166 159 157 167 177
262 263 263 262 260 258 255 253 251 249 247 245 243 241 239 238 236 235 233 231 229 227 225 224 222 220 219 217 215 213 212 210 207 203 199 195 194 198 201 201 201 202 203 202 202 204 205 200 193 189 192 198 200 201 204 207 208 206 201 196 193 190 185 178 173 172 176 179 182 185 186 187 188 188 189 192 194 195 192 185 176 169 166 171 185 192 189 186 183 180 174 164 156 157 169 179
258 259 261 260 258 257 255 253 250 248 247 245 243 241 239 238 236 235 233 231 229 227 225 224 222 221 219 217 215 213 212 210 207 203 199 196 196 197 197 198 198 201 204 204 204 203 200 194 190 192 197 202 206 209 210 210 209 202 193 188 186 184 179 174 172 173 177 181 184 184 185 187 190 193 196 198 197 194 187 180 173 169 172 181 189 189 184 181 182 181 174 163 158 162 172 179
253 256 257 255 254 255 255 253 250 248 246 244 242 241 239 238 236 234 233 231 229 227 225 224 222 221 219 217 215 213 211 209 207 204 199 197 197 196 195 196 196 199 203 204 203 201 195 192 193 197 201 206 210 210 209 206 202 196 187 181 179 179 176 173 174 176 180 184 185 185 185 187 191 196 199 202 200 193 184 179 176 176 180 185 186 184 181 180 180 177 171 166 164 169 175 179
247 249 250 249 250 253 255 253 250 248 246 244 242 240 239 238 236 234 232 230 228 227 225 224 222 220 218 216 215 213 211 209 207 204 200 198 197 196 194 194 195 197 201 202 200 197 193 193 196 199 204 211 212 211 207 202 196 188 182 178 177 177 177 176 175 177 180 184 186 186 187 188 192 197 202 204 200 193 187 183 182 181 181 182 182 181 180 180 176 172 171 171 172 175 178 181
242 243 242 242 247 252 253 252 250 247 245 243 241 240 238 237 235 233 232 230 228 226 224 223 221 219 217 216 214 212 210 208 206 204 201 198 196 195 194 193 194 197 198 196 195 195 195 196 199 203 207 210 209 206 202 196 189 181 178 179 179 180 182 180 176 177 180 183 186 187 188 190 193 198 202 201 197 192 188 186 184 182 181 180 179 179 178 176 172 170 173 177 179 180 182 189
238 237 234 235 244 248 248 249 249 246 244 241 240 238 237 235 234 232 230 229 227 225 223 222 220 218 216 215 213 212 210 208 206 204 201 198 195 194 193 193 194 195 193 191 192 194 197 200 206 210 211 209 204 199 194 189 182 179 179 182 184 186 187 181 176 177 180 183 186 188 189 192 196 199 199 196 192 190 189 187 184 182 181 180 178 176 174 171 170 172 176 181 185 188 191 195
235 231 224 230 241 244 243 244 245 244 241 240 238 237 236 234 233 231 229 228 226 224 222 221 219 218 216 214 213 211 209 208 206 204 201 199 196 194 193 193 194 193 190 188 190 194 198 205 213 214 208 203 199 194 189 183 179 181 185 189 190 191 188 180 176 178 181 184 187 189 191 194 196 197 195 192 190 188 187 186 185 185 183 180 176 173 171 169 171 173 178 183 190 196 196 190
233 226 217 228 241 241 239 240 240 239 237 237 236 235 234 233 231 229 228 227 225 223 222 220 219 217 215 214 212 210 209 207 205 203 201 199 197 194 192 191 192 192 188 185 188 194 199 205 208 203 196 194 194 191 185 179 180 186 192 195 195 192 185 178 176 178 182 185 188 190 191 193 194 194 192 191 189 187 184 184 186 188 186 181 175 171 170 171 172 176 181 186 191 193 188 174
226 221 213 223 235 236 233 236 238 236 234 235 234 233 232 231 230 228 227 225 224 222 220 219 217 216 214 213 211 210 208 206 205 203 201 199 197 195 192 190 190 190 187 184 186 194 198 198 197 193 191 191 191 189 184 180 183 190 196 198 195 190 183 178 177 178 182 186 189 189 189 190 192 193 192 191 190 187 183 182 186 188 186 184 180 174 171 171 175 180 183 184 184 183 169 154
215 216 212 215 228 228 226 231 234 234 232 233 232 231 230 229 228 226 225 224 222 221 219 218 216 215 213 212 210 209 207 206 204 203 201 199 197 195 193 189 187 188 187 186 186 191 193 191 189 189 191 192 190 188 186 183 186 193 197 196 193 187 181 177 177 179 182 186 188 188 188 191 194 194 192 191 190 188 184 182 182 182 183 184 185 182 177 175 178 183 183 180 177 172 151 142
205 210 213 214 224 227 225 227 230 231 231 230 230 229 228 227 226 225 223 222 221 219 218 216 215 213 212 211 209 208 206 205 203 202 200 199 197 196 193 190 187 187 188 188 186 185 186 185 184 186 190 191 189 188 186 186 189 194 195 192 188 184 180 179 178 180 183 185 187 189 193 197 196 193 191 191 190 187 183 181 179 178 180 183 185 186 186 186 186 184 180 174 169 161 145 139
199 205 211 213 218 226 225 224 228 230 229 227 228 227 226 225 225 223 221 220 219 218 216 215 213 212 211 209 208 207 205 204 203 201 200 198 197 195 194 192 189 188 188 187 184 181 179 178 180 183 187 189 189 187 186 188 191 193 192 188 183 180 181 182 182 182 184 186 188 194 200 198 193 190 190 189 188 184 181 180 178 178 179 181 183 185 190 192 193 190 181 169 161 156 148 145
197 200 206 209 211 217 220 220 224 228 225 222 223 224 224 223 222 221 219 218 217 216 215 213 212 210 209 208 207 206 204 203 202 201 199 198 196 195 194 192 190 189 187 185 183 180 176 174 176 179 183 187 188 187 187 188 189 190 187 183 180 180 182 185 185 184 185 187 193 198 197 192 190 189 188 187 185 181 180 180 180 180 180 182 184 187 192 195 194 188 177 163 156 153 149 149
194 196 201 205 208 212 215 215 218 223 221 218 219 222 223 221 219 218 217 216 215 214 213 212 210 209 208 207 206 205 203 202 201 200 199 197 196 195 193 192 190 189 187 185 183 180 176 173 171 173 178 185 186 185 186 187 187 186 183 179 179 181 184 187 188 187 186 188 193 194 190 188 188 187 186 184 181 179 179 181 183 184 184 186 189 193 195 194 188 177 163 155 154 151 148 153
191 193 197 202 206 210 213 214 215 219 219 216 217 221 221 218 216 216 215 214 213 212 211 210 209 208 207 206 204 203 202 201 200 199 198 196 195 194 193 192 190 189 187 185 184 182 179 175 171 169 172 178 182 183 185 188 186 183 179 178 179 182 185 189 191 189 187 189 192 190 188 187 186 184 183 182 179 177 180 183 185 187 188 190 192 194 194 187 176 162 152 149 150 149 150 166
188 190 195 199 203 207 211 214 215 215 214 211 212 216 217 216 214 213 212 211 210 209 209 208 207 206 205 204 203 202 201 200 199 198 197 196 195 193 192 191 190 189 187 186 184 182 180 177 173 169 167 170 176 180 184 187 186 180 176 177 179 181 186 190 192 190 189 191 191 189 187 185 183 182 181 180 178 180 183 186 187 188 190 192 193 192 188 178 165 153 149 148 148 151 161 178
186 188 192 196 200 204 208 211 212 211 208 204 205 210 213 214 212 210 209 207 207 207 207 206 206 205 204 203 202 201 200 199 198 197 196 195 194 193 192 191 189 188 187 186 184 183 181 178 175 171 167 167 170 175 182 187 184 178 176 176 179 182 185 189 191 191 192 193 190 186 185 183 180 179 179 178 179 184 187 188 189 191 194 195 193 187 177 167 156 149 148 151 153 163 176 189
186 188 191 194 197 201 204 207 208 208 206 202 202 204 208 212 211 210 208 205 204 204 205 205 204 204 203 201 200 199 198 198 197 196 195 194 193 192 191 190 189 188 187 185 184 182 181 179 176 173 170 168 168 171 180 184 181 177 176 177 179 180 182 186 190 192 195 193 187 183 183 181 179 178 178 179 182 186 188 190 192 194 197 197 191 181 166 156 151 148 151 155 164 176 188 200
191 189 189 191 193 197 200 203 205 206 205 202 199 199 202 207 209 209 208 205 203 201 202 202 201 202 201 200 198 198 197 196 195 195 194 193 192 191 190 189 188 187 186 185 184 182 181 179 177 175 172 169 167 169 175 180 180 177 175 175 177 178 181 188 193 196 196 189 183 182 181 180 178 176 178 181 185 186 188 191 194 196 197 194 187 173 158 151 147 147 156 164 175 189 201 214
197 192 187 188 191 193 197 202 204 204 204 201 195 195 198 201 204 206 207 206 203 200 199 199 198 200 200 198 197 197 196 195 194 193 193 192 191 190 189 189 188 187 186 185 183 182 181 180 178 176 173 169 166 167 170 175 178 177 175 172 174 180 190 199 200 195 187 181 179 180 180 179 177 176 178 182 184 185 188 191 195 196 194 189 179 163 153 149 147 152 166 175 189 204 217 233
197 192 186 186 188 191 194 199 203 202 202 201 194 192 194 196 198 201 205 206 204 201 199 197 196 197 197 197 196 195 194 193 193 192 192 191 190 189 189 188 187 186 185 184 183 182 181 180 178 176 174 170 166 165 166 168 173 176 174 172 175 188 199 197 190 184 178 176 177 178 178 178 176 177 179 180 181 183 188 193 196 195 189 183 172 157 150 149 154 166 177 189 206 220 237 255
190 188 187 187 188 188 189 194 198 198 197 197 194 190 190 193 194 196 201 203 202 200 200 197 195 194 195 195 194 194 193 192 192 191 190 190 189 188 188 187 186 185 185 184 183 182 181 180 178 177 175 172 169 166 164 162 163 170 174 175 181 188 188 185 183 180 177 177 177 176 176 176 176 178 178 178 179 183 189 193 193 189 182 174 165 157 152 154 167 179 190 206 221 239 257 267
174 180 187 189 189 185 184 190 196 197 195 194 193 190 187 189 192 192 194 197 199 199 200 198 195 194 194 194 193 192 191 191 190 190 189 188 188 187 187 186 185 185 184 183 182 182 181 180 178 177 175 173 171 168 165 160 157 160 169 176 180 179 176 177 179 179 179 179 177 175 175 175 175 176 177 178 179 183 188 188 184 178 170 165 161 155 154 165 179 191 205 219 238 252 259 262
154 167 181 186 188 186 183 188 196 196 193 190 190 190 188 187 189 190 189 192 196 197 198 198 197 196 196 195 192 190 189 188 188 188 188 187 187 186 186 185 185 184 183 183 182 181 180 179 178 177 176 175 173 171 168 164 160 159 163 171 173 170 169 170 173 178 180 180 178 176 175 175 173 174 176 178 179 182 183 180 174 169 162 160 157 150 155 175 189 205 219 237 251 255 251 247
141 149 166 178 185 187 186 187 193 193 189 188 188 188 188 188 188 189 189 190 192 193 194 196 196 198 201 198 192 188 186 185 186 186 186 186 186 185 185 184 184 183 183 182 182 181 180 179 178 177 176 175 174 172 171 169 167 165 164 166 166 163 161 162 165 172 176 177 176 176 178 176 172 173 176 178 179 180 178 173 169 164 163 165 155 149 161 184 202 218 232 244 248 244 238 230
143 143 146 157 175 187 187 185 188 191 189 189 190 191 190 190 191 192 191 189 189 190 192 193 194 198 201 199 193 189 185 183 182 183 184 184 184 184 184 183 183 183 182 182 181 180 180 179 178 177 176 175 174 173 172 171 170 169 168 167 166 162 158 156 157 161 166 168 171 175 178 174 171 173 177 179 179 178 174 170 168 168 172 166 152 151 172 196 215 230 238 239 235 228 218 212
153 151 148 149 161 175 178 177 183 190 193 194 195 195 194 193 192 193 193 191 190 190 190 191 190 191 196 197 195 191 188 184 181 180 181 182 182 183 183 182 182 182 181 181 180 180 179 179 178 177 176 176 175 174 173 172 171 170 170 169 167 165 162 159 157 155 155 157 162 167 171 170 170 175 179 180 178 176 174 172 173 176 174 160 151 160 186 208 228 238 238 232 223 211 202 191
164 162 159 160 163 169 170 168 174 187 195 198 198 196 195 194 192 192 192 192 191 190 189 188 185 184 189 195 196 193 190 187 184 180 178 179 180 181 181 181 181 181 181 180 180 179 179 178 177 177 176 175 175 174 173 173 172 171 171 170 169 167 166 165 162 159 157 155 155 156 157 160 167 175 178 178 176 175 176 179 180 177 167 156 154 176 200 221 235 237 229 223 218 206 187 165
174 171 166 165 166 169 169 169 171 180 189 191 190 190 190 189 188 188 190 190 190 189 188 187 185 183 185 191 195 194 192 190 187 182 178 177 178 179 179 180 180 180 180 179 179 179 178 178 177 177 176 175 175 174 174 173 172 172 171 171 170 169 168 167 165 164 163 160 157 154 150 150 158 170 174 173 173 175 179 183 181 172 160 154 165 194 216 230 233 226 216 211 210 197 165 152
187 182 172 166 166 166 166 169 171 174 179 183 185 186 185 185 184 185 186 186 186 187 188 187 185 183 183 188 192 194 193 190 188 185 181 178 178 178 178 178 179 179 179 179 178 178 178 177 177 176 176 175 175 174 173 173 172 172 171 171 170 169 169 168 167 166 165 164 161 159 156 154 156 162 167 168 170 175 181 181 175 164 155 158 185 214 229 229 224 217 205 197 190 166 155 148
202 196 182 169 161 158 158 162 166 169 172 176 179 181 181 181 181 182 183 183 183 184 185 186 184 182 183 185 188 191 191 189 188 187 184 181 179 177 177 177 178 178 178 178 178 177 177 177 176 176 175 175 174 174 173 173 172 172 172 171 170 170 169 169 168 167 166 165 164 163 162 161 160 160 161 163 167 175 180 176 165 157 155 174 209 227 229 223 218 213 196 183 168 151 147 146
215 211 199 181 154 142 142 147 154 160 165 170 173 175 177 177 177 179 181 181 182 182 183 183 183 183 182 182 183 187 190 190 190 190 187 182 179 177 176 176 176 177 177 177 177 177 176 176 175 175 175 174 174 173 173 173 172 172 172 171 171 170 170 169 168 168 167 166 165 165 164 164 163 161 160 159 163 171 175 168 157 154 166 205 236 238 231 228 222 207 185 171 154 143 142 146
228 226 222 210 149 120 119 126 137 148 156 164 168 170 173 174 174 175 178 179 179 180 180 181 183 184 182 179 179 183 189 192 191 190 187 182 178 177 175 175 175 176 177 177 177 176 176 175 175 174 174 173 173 173 172 172 172 172 171 171 171 170 170 169 169 168 167 167 166 166 165 165 164 163 161 159 160 165 167 160 154 162 198 232 241 238 233 224 208 185 171 161 151 144 144 150
242 241 235 235 210 100 103 113 127 140 151 160 165 167 170 171 170 172 175 176 177 178 177 179 182 184 183 179 177 179 184 189 189 187 185 183 180 178 176 174 174 175 176 176 176 176 175 175 174 173 173 172 172 172 172 172 172 171 171 171 170 170 170 169 169 168 168 167 167 166 166 165 165 164 163 161 160 161 161 157 158 184 214 222 216 212 208 196 178 168 161 156 150 146 150 154
245 243 233 220 199 127 121 124 130 141 150 158 163 165 168 169 169 170 172 174 175 175 176 177 179 181 181 180 178 177 179 183 185 186 185 183 182 181 179 175 173 173 175 175 175 175 175 174 173 172 171 171 171 171 171 171 171 171 171 171 170 170 170 169 169 168 168 167 167 166 166 166 165 165 164 163 162 161 159 157 169 193 202 200 199 198 192 177 164 158 153 151 149 148 152 156
239 232 211 194 175 164 154 148 146 150 154 159 162 165 166 167 168 169 170 171 172 173 174 175 175 176 178 180 179 178 176 178 181 184 185 184 183 183 182 179 176 174 174 174 174 174 173 173 171 169 169 169 170 170 170 171 171 171 171 170 170 170 169 169 169 168 168 167 167 167 166 166 166 165 165 164 163 162 160 161 175 187 190 191 193 190 176 163 157 153 151 149 148 149 152 153
239 232 197 172 166 172 176 169 165 163 162 163 164 165 165 166 167 167 167 168 169 170 171 173 173 173 174 177 178 177 175 174 176 180 184 186 185 183 182 182 181 178 177 176 174 172 172 170 167 163 162 164 167 169 170 170 170 170 170 170 170 169 169 169 169 168 168 167 167 167 167 166 166 165 165 165 164 164 163 165 173 181 186 190 190 180 163 155 153 153 151 150 149 150 153 152
245 231 173 159 163 182 189 184 179 175 172 169 167 166 166 166 166 165 165 165 165 167 168 170 171 171 171 173 175 176 175 173 173 176 180 185 186 184 182 182 183 182 180 179 177 175 173 172 169 165 161 161 163 166 168 170 170 170 170 169 169 169 169 169 168 168 168 167 167 167 167 166 166 165 165 165 165 164 164 166 170 178 186 191 185 166 156 152 152 152 152 152 152 154 155 154
200 184 169 169 177 188 191 191 189 185 180 173 169 167 166 166 165 163 162 161 161 162 164 166 168 169 170 171 173 175 175 174 175 176 177 180 183 183 182 182 182 181 179 178 177 176 175 173 172 172 172 169 166 166 168 169 169 169 169 169 169 169 168 168 168 168 167 167 167 167 166 166 166 165 165 165 165 165 165 166 170 176 184 184 172 157 150 149 150 150 150 152 153 155 156 155
169 170 175 184 193 195 196 199 199 192 181 174 170 168 166 165 164 161 158 157 156 157 160 162 162 164 167 170 172 174 175 176 177 179 179 178 178 179 179 180 179 178 176 175 174 174 173 171 170 172 175 174 172 170 170 169 169 169 169 168 168 168 168 168 168 167 167 167 167 167 166 166 166 165 165 165 165 165 165 167 171 176 179 176 161 152 148 147 147 147 147 149 151 154 155 155
142 158 184 193 203 206 209 209 201 188 177 173 171 168 167 166 164 160 157 154 151 151 152 155 157 160 164 168 170 171 174 176 178 180 181 179 178 178 177 175 174 174 174 173 172 172 170 167 166 167 170 173 175 174 171 169 168 168 168 168 167 167 167 167 167 167 167 167 167 166 166 166 165 165 165 164 164 165 165 166 170 173 175 169 155 149 148 149 149 148 148 149 151 154 156 156
