windninja/windninja_output/Output_2025-08-09_0700-0750_Google earth_Fire_150m_10min/merlingen_7.5mi_point_08-09-2025_0700_150m_ang.asc
ncols	158
nrows	163
xllcorner	391686.332397
yllcorner	5160024.123721
cellsize	150.000000
NODATA_value	-32768.000000
[rows 0 to 41 of 163, columns 0 to 93 of 158]
212 211 210 207 207 208 208 206 206 206 206 204 203 205 211 218 225 225 223 224 216 205 203 206 210 213 212 209 208 209 210 212 214 213 212 217 221 222 223 221 217 217 218 220 220 222 225 223 214 209 208 207 207 209 210 211 212 213 214 213 212 211 212 210 208 208 209 212 214 215 213 213 213 212 212 213 215 218 218 217 216 215 217 220 222 221 218 218 220 218 218 218 217 216
212 211 209 207 208 209 209 209 209 208 206 202 201 204 210 215 217 215 214 215 209 200 200 205 210 213 211 208 209 211 212 213 213 213 213 216 217 217 217 215 214 214 215 215 215 215 217 215 211 209 210 210 211 212 213 213 212 212 213 213 212 212 211 210 209 209 211 213 215 214 213 213 213 212 212 213 215 217 216 215 215 216 217 220 221 220 217 218 220 219 219 220 219 218
210 210 207 207 209 209 209 210 210 206 201 197 197 201 208 212 211 208 208 208 205 197 195 203 211 212 210 209 210 213 214 214 213 213 212 213 212 212 211 210 210 210 210 211 210 209 209 209 207 207 209 211 213 215 214 212 211 211 212 212 211 210 210 210 209 210 212 215 216 214 212 212 212 212 212 213 213 215 215 213 212 215 218 218 219 217 212 214 217 218 219 219 218 217
203 206 207 206 208 207 205 204 202 199 197 194 196 200 206 210 210 208 208 209 207 201 194 198 206 209 208 208 208 209 211 213 213 211 210 210 210 211 211 209 207 206 207 207 207 206 206 207 207 206 206 207 209 211 211 211 211 211 212 212 211 209 209 210 210 210 212 215 217 215 212 212 213 213 214 213 213 215 216 213 210 213 217 215 217 216 209 208 211 212 214 215 213 211
197 202 206 206 206 204 201 200 199 199 198 196 195 199 205 209 211 211 211 212 210 205 196 193 200 204 205 205 204 205 206 208 209 208 207 208 210 209 208 206 203 203 203 204 204 205 206 207 207 207 207 208 209 211 212 212 212 212 212 212 211 210 210 211 210 210 211 215 217 215 214 214 214 214 214 215 216 217 217 215 212 214 216 215 216 217 210 204 205 206 208 210 208 205
197 200 204 205 205 203 200 200 201 202 201 197 195 199 205 210 213 215 215 215 214 210 200 191 194 200 203 204 204 203 204 206 206 206 206 206 206 204 204 203 201 202 203 204 206 207 208 208 209 209 210 210 211 212 213 213 213 212 211 211 211 210 210 210 210 210 211 215 216 214 214 215 215 213 212 214 216 216 216 216 216 216 217 215 216 218 214 207 204 203 203 205 204 200
201 201 202 203 204 203 203 203 204 203 201 198 195 198 207 211 213 215 215 214 214 212 204 192 190 197 202 204 204 203 204 205 205 205 205 204 202 202 202 203 203 204 206 208 210 211 211 210 210 210 210 211 211 212 213 214 213 212 211 210 208 207 208 209 210 210 211 214 215 212 211 213 213 210 209 211 213 215 213 214 217 216 214 215 217 219 218 213 208 203 201 203 203 202
202 202 202 202 204 205 206 207 206 204 200 196 193 198 207 211 212 213 213 212 212 212 208 198 190 193 199 202 202 203 205 206 206 207 207 205 204 204 206 207 208 209 210 212 213 213 212 212 212 211 211 212 211 212 214 214 212 211 209 207 205 205 206 208 210 210 211 213 213 211 209 211 212 210 209 211 214 216 213 213 217 216 212 213 214 216 216 214 210 205 202 205 208 209
202 203 204 203 205 208 210 210 207 204 200 195 192 195 205 210 210 211 212 212 212 212 209 203 194 189 194 199 201 203 207 207 207 209 210 210 210 210 212 213 214 214 215 214 214 213 213 214 212 210 211 212 211 212 215 213 211 209 208 207 207 207 206 208 211 212 211 211 211 210 211 214 215 214 212 213 216 217 215 215 219 217 211 208 208 208 209 209 205 200 198 200 203 203
202 203 205 205 205 207 209 208 206 203 200 195 191 193 203 209 210 210 210 210 211 211 209 204 198 191 190 198 200 203 207 207 207 210 212 213 213 214 215 217 217 216 216 215 216 215 214 215 213 211 212 214 212 213 215 214 212 211 212 213 214 212 210 212 215 214 212 211 210 212 215 217 217 216 215 216 218 217 213 213 215 215 210 205 205 205 205 204 200 197 199 199 198 197
203 204 205 205 205 206 206 206 204 203 200 197 193 193 201 209 210 209 208 208 209 209 208 205 201 196 192 196 201 202 207 209 209 212 215 216 215 216 216 216 216 216 216 216 218 218 217 217 217 215 217 218 215 216 219 221 221 221 223 223 223 222 219 219 220 218 216 214 212 215 218 218 216 214 216 218 220 218 209 208 210 212 211 207 206 204 203 204 201 200 204 204 201 199
203 204 205 206 205 205 205 205 204 203 201 199 196 194 199 207 209 209 208 208 209 210 210 207 204 201 198 199 203 206 210 213 213 215 217 219 218 218 217 216 217 217 217 217 219 220 220 222 225 227 229 230 230 232 236 237 236 235 235 236 239 240 237 234 232 229 225 221 216 217 217 217 215 212 212 213 213 211 205 202 206 209 209 206 202 199 201 206 204 200 206 211 208 203
204 204 205 205 205 205 205 205 204 203 202 201 198 196 200 206 208 208 209 209 209 210 211 211 209 208 206 206 208 210 212 214 215 216 218 221 221 219 218 217 218 218 217 217 220 222 223 227 234 239 242 245 249 253 256 255 250 245 244 247 252 254 255 259 259 252 244 232 218 215 216 216 215 210 205 204 205 206 203 201 203 206 206 205 203 200 203 208 204 199 206 214 212 206
205 205 205 205 205 205 205 205 205 204 203 202 199 199 202 209 210 208 209 210 210 212 214 216 216 213 210 209 209 211 213 215 217 217 218 220 219 219 219 218 220 223 225 227 231 232 229 228 232 238 241 245 248 253 260 264 261 253 244 243 245 245 245 250 258 262 261 253 230 215 215 216 214 208 201 202 205 207 207 205 205 205 205 207 208 206 208 212 209 204 211 220 219 217
205 205 205 205 205 205 205 205 205 204 203 202 200 198 202 208 211 208 208 212 214 215 217 218 217 214 210 209 210 212 215 217 217 216 215 217 218 220 222 226 231 235 239 244 244 242 237 229 226 228 232 233 233 236 240 245 246 239 229 228 230 229 226 225 228 233 236 240 243 221 211 213 212 208 205 206 210 213 215 214 211 208 209 213 215 214 216 219 218 216 224 234 236 236
205 205 205 205 205 206 206 206 205 205 204 202 200 196 198 205 208 207 207 211 214 215 216 216 216 214 210 210 211 212 213 213 212 213 216 221 227 231 234 238 242 241 239 238 235 232 232 230 226 225 224 220 216 216 218 221 222 218 213 218 221 221 218 215 216 219 219 220 221 209 189 208 213 211 209 210 213 217 219 218 214 212 216 221 223 224 227 229 229 228 233 241 242 241
205 205 205 205 205 206 205 205 205 205 204 203 201 197 196 204 208 209 208 209 211 212 213 214 214 213 210 209 210 210 210 212 214 220 228 235 239 240 238 236 234 229 226 226 224 222 223 223 222 220 218 214 211 211 213 216 218 214 207 211 216 219 217 212 213 217 217 215 214 210 198 201 217 213 209 210 213 216 216 216 215 217 222 228 233 237 239 240 242 236 230 231 232 233
205 205 205 205 205 205 205 205 205 205 204 203 202 200 198 204 210 211 210 210 211 213 213 214 215 215 213 210 210 212 215 218 222 226 230 231 231 229 226 224 222 221 222 223 223 221 220 217 214 214 214 213 212 213 215 216 216 213 207 208 214 217 215 212 211 215 216 215 214 213 208 201 205 207 206 209 211 214 218 222 225 227 230 233 238 242 243 241 240 237 229 227 227 227
205 205 205 205 205 205 205 205 205 205 205 204 204 202 202 205 211 213 214 215 215 215 215 215 217 217 216 214 214 217 220 222 222 222 223 224 224 223 221 222 222 222 223 223 222 221 219 214 213 214 215 215 215 215 214 213 214 213 209 209 214 217 215 212 211 213 216 217 216 213 207 200 201 204 204 208 216 226 235 239 240 241 238 234 232 231 230 230 232 232 227 225 226 226
206 206 205 205 205 205 205 205 205 205 205 205 204 204 204 206 211 214 216 216 215 215 214 215 215 216 215 215 216 218 219 220 221 222 225 227 226 223 220 219 218 218 219 219 218 217 216 213 214 218 219 217 215 213 211 210 211 213 212 212 216 220 218 214 213 215 218 217 213 209 204 201 202 205 204 205 218 235 242 243 241 239 233 227 224 224 224 226 229 230 222 216 223 226
206 206 205 205 205 205 206 206 206 205 205 206 205 205 206 207 210 212 213 213 213 212 212 212 213 214 215 216 216 216 216 216 218 220 220 220 219 215 212 213 214 215 217 217 216 216 217 216 215 218 219 217 214 211 210 211 211 212 214 215 217 220 220 215 214 215 214 212 210 207 205 205 207 209 206 202 207 216 224 229 230 228 226 222 220 222 224 225 229 228 220 210 218 225
206 205 205 205 205 205 206 206 206 205 205 206 206 206 206 207 208 210 210 210 211 211 211 211 212 213 214 215 215 215 213 212 213 214 212 211 212 212 210 212 213 215 216 216 217 218 219 217 214 215 216 215 214 212 211 212 212 213 214 216 216 219 219 215 213 212 208 208 209 209 209 210 211 213 208 199 200 207 214 219 222 223 224 221 216 218 221 223 226 225 217 207 212 221
205 205 205 205 205 205 205 206 206 206 205 206 206 206 206 207 207 208 209 209 210 210 210 211 211 212 213 214 215 214 211 208 208 211 211 212 215 216 215 214 214 214 215 217 219 218 216 213 212 213 215 215 215 214 212 211 211 211 211 215 216 218 219 214 210 206 203 206 210 211 211 212 213 214 208 195 193 202 209 214 218 218 220 220 215 214 214 217 222 222 215 205 208 219
206 205 205 205 205 205 205 206 206 206 205 205 206 206 206 206 207 207 208 208 208 209 209 209 210 211 213 215 216 215 211 206 208 212 215 218 220 220 218 215 214 213 215 217 217 214 212 213 213 213 215 216 215 214 212 210 210 210 209 212 216 219 220 214 206 203 205 209 214 216 215 214 215 213 206 198 192 198 206 212 216 217 218 219 216 212 210 215 221 222 215 206 210 219
206 205 205 205 205 205 206 206 206 206 205 205 206 206 206 206 206 207 207 208 208 208 208 209 209 211 213 217 220 218 212 209 210 214 217 219 220 221 219 216 213 212 212 213 213 212 212 215 215 215 216 216 215 213 212 210 210 210 209 211 216 219 218 213 208 207 212 217 220 222 221 218 215 211 207 204 201 200 204 209 214 215 215 216 217 215 212 216 223 224 215 206 211 219
206 205 205 205 205 205 205 206 206 206 206 206 205 206 206 206 206 207 207 207 207 208 208 208 208 209 212 216 220 219 215 213 211 211 214 215 217 220 219 215 212 210 209 211 213 214 215 216 216 215 215 216 217 215 212 209 209 211 213 213 215 216 213 211 209 209 212 216 220 223 223 218 213 211 207 205 209 208 202 203 208 210 210 212 214 213 209 211 220 223 212 203 209 216
206 205 205 205 205 205 205 206 206 206 206 206 205 206 206 206 206 206 207 207 207 207 206 206 206 206 208 214 218 219 217 216 215 212 212 212 214 218 218 213 210 209 208 211 213 211 213 214 214 213 213 216 217 215 210 206 207 212 215 213 212 213 213 213 213 212 212 214 217 219 220 216 212 210 204 202 210 214 204 195 201 207 208 209 212 211 207 208 217 220 210 198 204 213
205 205 205 205 205 205 205 205 206 206 206 206 206 206 206 206 206 206 206 206 206 205 205 205 205 204 205 211 215 216 217 218 217 214 213 211 212 216 217 212 208 207 206 208 208 206 207 211 213 212 210 212 213 212 208 202 203 210 211 208 211 215 216 216 218 217 214 213 214 217 219 217 211 208 202 198 207 215 211 196 196 203 207 208 211 212 209 210 217 219 211 198 199 209
205 205 205 205 205 205 205 205 206 206 206 206 206 206 206 205 206 205 205 205 205 205 204 204 202 201 201 205 209 211 214 217 216 213 210 205 205 212 214 209 204 204 203 204 204 203 204 208 212 210 205 207 210 211 208 199 196 204 209 209 212 215 215 215 217 217 214 212 214 216 218 215 210 207 202 199 205 217 218 208 198 198 204 210 215 217 216 215 219 219 215 205 199 205
205 205 205 206 206 205 205 206 206 206 206 206 206 206 205 205 205 205 205 205 205 205 204 203 200 197 196 199 203 206 209 213 214 211 204 195 196 204 208 204 200 200 200 201 201 200 202 204 207 205 201 203 208 210 209 200 194 203 212 216 217 218 218 217 217 217 212 210 216 219 219 216 213 210 204 201 205 216 223 220 207 196 202 213 220 222 220 218 219 219 217 213 206 204
205 205 205 206 206 205 205 206 206 206 206 206 206 206 205 205 204 204 204 205 204 204 203 202 199 196 194 197 201 204 209 214 213 208 200 191 193 199 203 200 197 198 198 201 201 199 201 201 203 204 202 204 208 212 211 204 201 207 216 223 223 221 222 223 223 219 211 210 220 226 225 222 219 213 203 200 203 212 220 222 214 199 201 212 217 216 215 215 217 218 219 219 217 216
206 205 205 205 206 205 205 205 205 205 205 206 206 206 205 205 205 204 204 204 204 203 202 201 198 195 194 196 201 207 213 214 211 208 202 192 192 198 200 200 200 201 202 204 204 202 202 204 206 210 210 211 213 217 216 208 208 214 221 228 226 219 219 224 225 220 209 210 223 230 227 222 218 209 200 199 202 208 216 221 216 205 203 210 214 216 218 220 222 223 224 225 225 227
206 205 205 205 206 205 205 205 205 205 205 205 206 205 205 205 205 204 204 204 203 202 201 200 198 195 194 194 196 201 205 206 208 211 208 194 191 198 202 203 206 206 206 208 208 207 208 211 213 216 218 218 218 220 218 210 208 215 222 230 228 217 213 218 223 220 208 206 219 226 222 214 208 202 198 198 199 204 213 220 218 211 209 211 215 221 225 226 227 229 230 229 229 230
205 205 205 205 206 206 205 205 206 206 205 205 205 205 205 205 204 204 204 203 203 202 200 199 198 195 193 191 191 193 198 203 207 213 212 195 188 199 204 206 209 208 208 211 211 212 215 217 218 220 221 221 221 222 220 214 210 214 221 226 225 213 204 211 220 220 212 206 216 221 215 208 205 202 198 196 196 200 208 216 217 214 214 214 212 215 221 222 222 224 226 228 229 229
205 205 205 205 206 205 205 205 206 205 205 205 205 205 205 205 204 204 204 203 202 201 199 198 197 195 193 191 188 191 198 205 208 211 211 200 189 198 205 207 209 211 213 216 218 220 221 221 222 223 223 224 225 225 224 221 217 218 223 227 224 212 199 204 217 221 219 212 213 217 213 210 209 205 200 197 195 198 205 213 215 214 215 216 212 210 216 218 217 218 220 221 223 225
204 204 204 205 205 205 205 205 205 205 205 205 205 205 205 205 204 204 204 203 202 201 200 198 197 196 194 192 191 194 199 202 205 207 208 204 197 200 208 211 214 217 219 220 221 222 221 221 221 221 222 222 223 222 220 220 220 222 226 231 229 218 201 199 212 219 220 216 212 214 215 216 215 211 205 199 197 203 211 216 216 215 216 220 220 212 212 216 214 213 214 216 220 225
204 204 204 205 205 205 205 205 205 205 205 205 205 205 205 205 204 204 203 203 202 202 200 199 197 195 193 193 194 195 195 196 200 205 210 209 205 206 213 218 220 221 221 219 220 220 218 218 219 219 220 219 218 217 215 216 218 220 223 229 230 222 206 197 206 216 220 218 215 214 219 224 223 215 206 201 200 207 216 219 218 217 219 222 225 219 208 211 212 209 210 214 220 225
204 204 204 205 206 206 205 205 206 206 205 205 205 205 205 204 204 204 203 203 203 202 201 200 198 195 193 192 192 192 191 192 199 207 213 212 210 214 220 221 220 219 219 218 218 217 216 215 216 218 218 215 213 215 215 214 214 216 218 222 225 222 211 199 201 214 222 223 220 216 218 221 218 210 204 204 201 201 211 217 215 215 218 220 224 221 206 203 209 209 209 213 219 223
204 204 204 205 206 206 206 206 205 205 205 205 205 205 205 204 204 204 203 203 203 202 201 200 198 196 193 189 187 189 192 195 201 207 212 212 213 219 221 219 217 216 215 214 215 214 212 210 210 212 213 209 208 212 214 210 207 210 212 214 216 216 211 203 201 213 226 230 224 217 214 211 208 205 204 206 199 192 205 215 212 209 213 217 222 221 209 199 204 208 209 214 221 225
204 204 205 206 206 206 206 206 205 205 205 205 205 205 205 204 204 204 204 203 203 202 201 200 199 196 192 187 187 192 197 198 201 207 212 212 211 214 217 217 216 215 213 210 210 210 210 207 205 209 211 207 202 204 207 203 199 201 205 207 209 212 214 211 205 211 227 231 223 215 209 208 209 208 206 205 197 185 196 210 210 209 213 218 224 224 214 201 200 206 209 214 225 229
205 205 205 206 206 206 206 205 205 205 205 205 205 205 205 204 204 204 204 203 203 202 201 201 200 197 194 191 190 196 200 199 201 207 211 211 210 210 213 214 213 212 210 207 207 208 208 205 202 206 211 206 196 195 201 202 197 198 204 208 210 213 217 218 211 211 224 228 220 212 209 213 217 210 204 203 195 184 189 204 210 210 213 217 223 223 214 202 200 204 207 216 226 231
206 206 206 206 206 206 205 205 206 205 205 205 204 204 205 204 204 204 204 203 203 202 202 202 201 199 197 195 194 196 200 201 201 205 207 207 208 210 210 209 207 206 205 205 204 202 201 201 200 202 208 205 196 193 201 206 205 204 210 217 218 216 218 219 215 213 219 221 214 210 211 215 214 203 199 201 194 185 189 202 210 209 211 214 216 215 209 204 203 205 207 216 226 230
