windninja/windninja_output/Output_2025-08-09_0700-0750_Google earth_Fire_150m_10min/merlingen_7.5mi_point_08-09-2025_0710_150m_ang.asc
ncols	158
nrows	163
xllcorner	391686.332397
yllcorner	5160024.123721
cellsize	150.000000
NODATA_value	-32768.000000
[rows 0 to 42 of 163, columns 0 to 94 of 158]
252 251 250 248 246 247 246 242 241 241 240 233 225 223 228 236 245 249 252 259 259 242 232 233 239 244 242 237 235 236 236 237 238 237 236 241 245 246 247 245 241 240 241 242 245 247 251 251 245 240 237 235 235 236 236 236 236 236 238 238 237 235 234 232 230 229 230 233 237 239 239 237 235 234 234 234 235 237 240 239 237 235 235 238 240 239 235 235 236 234 232 233 232 230 230
251 252 251 249 249 248 246 244 245 245 241 233 223 224 230 237 243 246 250 254 253 242 235 236 239 241 240 238 238 238 238 238 238 238 239 241 242 243 243 242 241 241 240 241 243 243 245 246 244 242 240 239 239 239 238 237 236 236 238 238 237 236 235 234 232 231 232 235 238 239 238 236 235 235 235 235 235 237 239 238 236 235 237 238 239 239 236 235 236 235 235 236 235 234 232
250 251 251 251 251 249 245 246 248 247 241 229 222 226 233 239 242 243 246 248 244 241 240 239 239 238 237 239 240 240 240 241 240 240 241 241 240 240 240 239 240 240 240 241 241 240 240 240 240 240 241 241 240 240 239 238 237 237 237 237 236 236 235 235 235 234 236 238 239 239 236 235 236 237 237 235 234 237 238 236 233 235 238 237 238 239 235 234 235 236 238 239 237 236 235
248 249 249 248 249 247 244 246 246 243 236 224 222 229 236 242 244 244 244 244 242 241 240 239 239 238 236 236 236 236 238 240 242 243 242 241 241 241 240 240 239 239 240 241 241 239 239 238 236 236 237 236 236 237 238 238 238 239 238 238 237 236 236 236 236 236 237 239 241 239 236 236 238 239 239 237 237 238 239 235 231 233 237 236 238 239 234 231 232 232 234 237 236 234 234
247 248 247 247 247 246 246 248 247 242 234 224 223 231 241 246 246 245 244 243 243 244 242 239 240 238 235 233 232 232 234 236 238 241 241 241 241 241 241 240 239 238 239 240 239 238 238 237 236 236 235 235 236 237 238 238 239 240 239 239 238 237 236 237 237 236 237 240 242 239 237 238 240 240 239 239 241 242 240 236 233 235 237 236 239 241 236 232 232 230 230 233 233 231 231
251 251 249 247 247 247 249 251 249 241 234 228 226 235 245 248 247 245 244 244 245 247 247 244 244 242 238 235 233 232 232 233 236 237 237 238 239 239 239 239 238 239 240 240 239 239 238 238 237 237 235 235 237 239 239 239 240 240 240 239 239 237 237 237 237 237 238 241 241 238 236 239 241 239 237 238 241 243 241 236 236 239 241 239 240 241 240 239 239 235 232 232 230 228 228
253 254 254 251 249 249 250 251 247 241 237 233 231 240 248 249 247 245 243 243 245 247 249 249 250 247 243 240 237 234 234 236 237 235 234 236 237 238 238 238 238 239 241 241 241 241 240 239 238 237 235 236 237 238 239 240 241 241 241 240 239 236 235 236 237 238 238 241 241 237 235 238 239 237 235 236 238 240 237 234 237 241 241 241 241 242 243 243 246 246 243 240 236 233 232
252 253 255 256 255 253 251 249 245 242 241 238 236 243 249 249 247 245 243 242 244 246 247 249 252 248 245 244 241 238 240 242 240 238 238 239 239 239 239 239 240 241 242 242 242 242 242 241 240 237 236 238 237 236 239 241 242 242 241 240 238 234 233 234 235 237 239 241 240 237 236 238 238 235 235 237 239 239 233 233 240 243 241 239 240 241 241 242 245 250 252 251 248 244 240
252 252 254 256 257 256 253 250 247 246 245 243 242 244 248 248 247 246 244 243 245 245 245 245 246 246 246 246 243 242 245 246 243 242 244 244 243 242 242 242 242 243 244 244 244 243 242 242 241 238 238 240 238 238 241 243 242 241 241 240 239 237 236 235 235 237 239 240 239 237 238 241 240 237 237 238 240 238 233 236 244 246 242 238 237 237 237 238 238 238 240 243 245 244 242
252 253 253 254 254 254 253 251 249 248 248 248 247 248 250 249 247 247 245 244 245 245 245 243 242 242 244 244 243 244 248 247 244 245 246 245 244 243 243 243 244 244 245 245 245 244 243 243 242 239 240 241 240 242 245 245 243 243 243 242 242 243 241 240 241 242 242 240 238 236 239 242 242 240 239 239 241 239 234 237 242 244 243 241 242 240 238 238 236 231 231 234 238 237 239
253 253 254 253 253 252 251 251 250 249 250 250 251 252 253 252 250 249 248 247 246 245 244 242 239 238 237 240 242 245 248 247 246 248 248 246 244 243 244 244 244 244 245 244 245 246 246 245 244 243 246 246 244 247 249 248 247 247 247 245 246 247 246 248 251 250 247 243 238 238 241 242 242 240 239 240 242 242 240 240 240 240 240 242 246 246 244 245 241 234 234 238 239 236 240
253 254 254 253 252 252 252 252 251 250 251 251 251 252 254 255 253 251 250 251 250 248 245 242 239 237 234 239 245 247 249 249 249 251 250 248 246 245 246 246 245 245 245 243 244 246 246 246 247 249 253 254 254 255 256 255 253 251 251 250 253 254 256 260 262 260 255 249 242 242 243 243 241 239 236 237 239 240 241 241 240 238 237 239 242 242 244 247 243 234 239 244 243 239 244
254 254 254 253 252 252 253 252 252 251 251 251 251 252 256 259 258 255 253 253 253 251 248 245 241 238 237 241 246 249 249 249 251 251 249 249 249 248 248 246 245 246 244 242 243 243 242 243 248 253 257 258 260 262 263 263 260 255 252 253 257 260 264 271 274 270 265 259 253 250 247 244 242 239 236 235 235 237 237 237 238 239 239 240 240 238 241 245 239 232 239 245 243 241 247
254 254 254 253 253 253 253 252 252 252 252 252 251 250 255 260 262 261 258 255 254 252 250 247 243 240 239 242 245 247 249 251 252 251 249 249 249 249 249 247 247 247 246 247 248 247 243 241 245 251 254 257 258 260 264 268 266 259 251 251 255 259 262 268 273 273 272 272 273 265 253 248 246 243 239 240 241 241 239 238 240 242 243 243 242 239 242 244 239 235 242 248 246 245 251
254 254 254 254 254 253 253 252 252 252 252 252 251 250 252 257 261 263 262 259 255 253 250 246 244 242 241 243 244 246 248 252 252 250 250 250 248 248 248 249 250 249 249 253 255 252 250 246 243 244 248 251 252 254 257 261 263 258 249 248 252 255 257 257 257 262 267 272 280 284 270 257 252 247 244 246 248 247 245 247 249 249 248 247 244 243 246 245 241 240 249 254 252 252 256
254 254 254 254 254 254 253 253 253 252 253 253 253 252 252 255 257 258 259 259 255 252 249 246 244 245 243 242 244 245 248 249 248 248 249 251 251 251 250 250 252 250 250 253 252 249 250 252 247 244 244 244 244 245 246 247 249 249 245 248 251 254 254 250 246 251 257 262 268 282 288 273 261 253 249 249 249 248 250 253 254 252 252 251 248 247 248 248 245 244 249 255 254 254 257
255 255 254 254 254 254 254 253 253 253 253 253 254 255 258 258 256 254 253 254 253 251 247 245 245 245 243 242 243 245 248 248 245 246 249 251 254 254 252 250 249 248 248 248 246 245 246 246 248 250 247 243 242 243 242 242 242 242 242 247 251 253 252 246 245 249 252 256 259 263 276 281 272 264 257 252 249 249 253 254 251 250 251 251 251 252 251 250 252 251 249 250 249 250 252
255 255 254 254 254 254 254 253 253 253 254 254 254 256 260 261 258 255 252 251 251 250 248 248 248 246 245 245 247 247 248 246 244 244 246 248 250 250 248 247 247 247 249 248 246 246 246 244 245 250 251 247 245 244 243 242 242 241 240 245 250 251 249 244 245 248 251 253 254 254 259 267 271 271 267 257 252 253 255 253 250 251 251 250 250 252 252 251 254 258 255 250 247 247 248
255 255 255 254 254 254 254 254 254 254 253 254 255 256 259 261 260 257 254 252 251 250 250 251 250 249 247 248 249 250 248 244 241 241 243 246 248 248 247 248 249 248 248 248 247 247 249 249 248 249 250 251 248 245 243 243 243 242 242 245 248 249 246 244 246 249 251 251 250 252 254 254 257 262 265 265 263 261 258 255 255 256 255 251 247 246 247 248 252 256 258 253 250 249 247
256 255 255 255 254 254 254 254 254 254 253 254 254 255 257 259 259 256 254 252 251 250 250 250 250 249 248 248 248 248 245 242 241 243 246 249 250 250 249 248 248 246 246 246 246 248 250 250 250 250 250 251 251 248 245 244 243 243 244 246 248 248 247 247 249 251 252 250 249 251 251 247 248 250 253 256 258 259 259 257 257 257 256 252 247 245 245 246 250 253 254 251 251 251 249
256 256 255 255 255 254 254 254 254 254 254 254 254 254 255 256 256 254 253 252 251 250 249 249 249 248 248 247 246 245 243 240 240 243 246 247 249 248 246 245 245 244 245 245 247 249 249 249 249 250 250 250 251 251 250 247 245 244 244 245 246 247 249 250 251 252 251 250 251 250 246 242 245 249 249 244 241 245 249 253 254 254 253 252 249 247 246 246 250 253 252 247 248 250 251
256 256 255 255 255 255 254 254 254 254 254 254 254 254 254 254 253 253 252 252 251 250 249 249 248 247 247 246 245 244 242 238 239 243 245 245 245 244 243 243 243 243 244 246 249 250 250 249 249 249 250 250 250 251 252 251 249 247 245 244 244 246 249 250 251 253 252 251 251 247 241 239 243 249 250 242 235 238 241 245 249 250 251 252 249 247 246 246 250 253 249 241 242 248 249
256 256 255 255 255 255 255 254 254 254 254 254 253 254 254 253 253 252 252 251 250 249 249 248 247 246 246 245 244 244 242 239 242 246 246 247 247 245 243 244 243 243 244 246 248 250 250 249 248 248 250 250 249 250 251 251 251 249 245 243 243 246 249 250 253 253 252 251 247 241 237 238 243 248 249 241 234 237 239 240 242 243 246 250 249 248 246 246 249 250 246 235 237 245 248
256 256 256 256 255 255 255 254 254 254 254 254 253 253 253 253 252 252 252 251 249 249 248 247 246 245 244 244 245 246 245 244 246 248 248 249 249 247 246 245 244 244 245 246 249 250 248 247 248 248 249 249 249 250 250 251 251 250 246 243 243 247 251 255 257 254 251 248 243 239 237 239 246 250 247 238 234 241 242 240 239 239 241 244 247 250 250 249 250 249 244 232 237 246 249
257 257 256 256 256 255 255 254 255 255 254 254 253 253 252 252 252 252 251 250 249 248 247 246 245 243 242 243 246 249 249 249 251 250 248 248 248 248 249 248 247 246 245 247 249 248 245 246 248 249 250 250 250 250 250 249 249 248 246 245 246 249 254 258 258 254 250 245 241 240 241 245 251 251 243 235 239 248 248 243 240 239 237 238 242 249 253 253 253 251 242 230 238 246 249
257 257 257 256 256 255 255 255 255 255 254 253 254 253 252 251 251 252 251 250 249 248 247 245 243 241 238 241 247 250 251 252 253 251 248 246 245 248 251 250 249 248 247 250 250 245 244 246 247 248 249 250 252 252 252 249 246 245 245 248 251 255 258 255 249 246 243 239 238 241 246 253 255 250 238 230 239 251 254 248 244 240 235 234 238 242 244 247 252 252 241 228 235 243 246
257 257 257 256 256 255 255 255 255 254 253 253 254 253 252 252 252 251 251 250 249 248 247 245 242 237 234 240 245 247 249 253 257 257 252 246 243 247 251 251 250 250 251 252 249 243 242 245 247 247 246 248 251 253 254 249 242 241 245 250 257 263 262 253 245 240 235 233 234 240 249 256 255 247 234 226 235 247 255 255 250 244 237 235 237 238 235 237 246 249 242 230 234 240 242
257 257 257 256 256 256 255 256 255 254 253 253 253 253 253 253 252 251 251 250 249 248 246 244 240 235 233 239 243 243 245 251 256 258 258 252 247 248 251 251 250 252 253 251 247 241 239 241 245 246 243 244 247 250 252 244 234 238 245 251 259 263 261 252 245 240 233 230 235 244 252 254 251 244 232 224 234 244 249 256 257 250 244 243 243 240 233 234 241 244 242 236 238 240 240
258 257 257 257 256 256 256 256 255 254 254 253 253 253 253 253 252 252 251 250 249 248 246 244 240 234 233 238 239 237 240 246 250 254 257 256 251 250 252 250 248 250 250 248 245 240 239 240 242 243 241 241 244 246 247 235 226 236 246 254 259 258 252 246 242 239 232 231 241 250 253 250 244 238 230 227 237 246 248 252 259 257 251 251 250 245 239 239 242 242 240 240 244 245 243
258 258 257 257 256 256 256 256 255 254 254 253 253 253 253 253 252 252 251 250 249 248 247 245 241 236 237 239 236 232 235 240 243 249 253 251 247 249 251 248 246 245 243 243 242 238 238 239 241 239 235 237 240 242 240 230 224 238 249 257 261 256 246 240 239 239 234 234 247 255 255 248 240 235 230 231 240 245 248 252 259 261 257 255 253 249 246 246 245 241 239 240 246 251 252
259 258 257 256 256 257 257 256 255 254 254 254 253 253 253 253 253 252 251 251 250 248 247 244 242 240 242 242 238 234 236 240 242 247 250 245 242 248 250 247 244 242 239 240 238 236 238 242 243 239 234 236 238 239 237 228 228 244 253 257 258 252 244 240 242 242 238 240 251 258 258 250 243 238 232 231 236 240 245 250 255 258 258 257 253 249 248 247 245 242 239 240 245 255 262
259 259 257 256 257 257 256 255 255 254 254 254 253 253 253 253 253 252 252 251 250 249 247 245 244 243 244 242 238 237 242 245 247 250 250 242 241 250 251 246 244 242 241 241 240 238 243 247 247 244 243 242 241 242 238 229 232 246 256 259 255 245 238 239 244 247 243 244 253 257 255 248 246 242 234 232 232 237 243 247 249 247 252 257 256 254 252 250 248 246 244 243 245 253 264
259 259 258 257 258 257 256 255 255 254 254 254 254 253 253 253 253 253 252 251 251 250 248 246 246 246 244 241 235 235 242 247 248 250 251 245 245 253 252 247 245 243 242 244 243 243 247 249 247 247 248 248 247 245 240 232 234 244 252 257 253 242 232 235 244 249 247 246 251 253 249 244 246 242 234 231 230 235 241 246 244 240 246 255 257 257 256 253 250 249 249 247 246 250 258
259 258 257 258 259 257 256 255 255 255 254 254 254 253 253 253 252 252 252 252 252 251 249 248 248 247 246 241 235 237 244 247 246 247 249 248 248 252 249 245 244 243 242 244 245 247 250 249 248 249 250 250 250 248 244 240 241 245 247 249 249 240 227 232 242 247 250 252 252 250 246 243 243 239 232 230 231 234 238 240 238 236 242 250 253 251 251 251 248 246 246 248 250 253 256
259 258 257 258 259 257 256 255 255 255 255 255 254 254 253 253 252 252 252 252 252 252 251 251 250 248 246 243 241 246 251 250 247 248 248 245 244 248 245 242 242 242 243 245 247 251 252 250 250 251 251 251 251 251 250 249 251 251 249 247 246 239 226 230 240 244 248 254 257 255 248 243 241 237 233 234 235 238 239 237 234 233 237 245 249 246 246 247 246 243 243 245 250 255 257
259 259 258 258 258 257 255 255 255 255 255 255 255 254 254 253 253 253 253 252 252 252 252 253 253 251 247 245 244 252 258 256 252 251 249 242 237 241 243 242 242 242 244 246 249 252 252 250 251 251 250 250 250 250 251 252 253 254 253 251 249 243 231 232 239 242 245 251 259 260 251 245 242 239 238 239 239 244 247 244 238 234 235 241 246 247 246 244 243 242 243 245 249 254 257
260 260 260 259 258 256 256 256 255 255 255 255 255 254 254 254 254 253 253 253 253 253 253 253 253 252 250 246 247 257 262 260 257 255 250 242 235 236 240 243 244 244 245 246 249 251 249 249 250 249 249 249 248 248 250 250 249 250 251 252 251 247 239 237 239 241 244 249 255 256 249 248 248 244 242 240 238 240 246 251 247 240 237 239 244 250 249 243 241 242 244 246 248 252 254
260 260 260 260 258 256 256 256 256 256 256 255 255 255 255 254 254 254 253 253 253 253 253 253 253 253 251 248 251 260 262 261 259 255 251 244 236 235 240 243 244 246 247 247 249 250 248 248 248 248 250 250 247 248 250 249 246 246 247 248 249 247 242 241 241 244 248 251 251 245 242 246 249 247 240 238 237 233 240 247 248 243 239 238 243 248 247 241 243 245 246 246 249 253 253
261 261 260 259 258 257 256 256 256 257 256 255 255 255 255 255 254 254 254 254 254 254 254 254 254 254 252 252 258 262 261 260 258 254 250 242 233 236 242 243 244 245 247 247 248 248 247 245 242 244 248 247 245 245 248 247 243 241 241 243 242 240 239 237 239 246 253 254 248 239 239 244 245 240 233 237 238 226 233 241 242 239 239 239 244 246 241 238 242 245 244 246 254 258 254
261 261 260 259 258 257 257 257 258 257 256 255 255 255 255 255 255 255 255 254 254 254 254 254 254 254 255 258 263 263 261 261 258 254 249 238 230 236 240 242 244 247 248 248 246 246 246 244 241 243 246 246 241 240 242 240 236 234 236 236 235 233 233 235 236 244 253 254 246 241 244 247 244 234 230 238 238 219 225 235 234 233 239 245 249 248 243 238 240 242 241 247 257 258 252
261 261 260 259 258 258 258 258 258 258 257 256 256 256 256 255 255 255 255 255 255 255 254 254 255 255 257 261 263 263 263 262 259 255 248 238 235 238 239 240 243 246 248 247 245 245 244 242 240 241 245 246 241 238 238 236 232 231 235 236 233 231 232 236 238 242 250 251 245 245 249 247 244 234 231 240 236 211 217 231 229 228 235 244 248 249 247 240 239 240 239 247 254 254 252
261 261 260 260 259 259 259 259 258 258 257 257 257 256 256 255 255 255 255 255 255 255 254 255 255 255 257 260 261 262 262 261 258 255 246 239 240 243 243 242 241 242 242 242 243 243 239 236 235 238 243 245 241 240 241 240 235 235 239 240 237 233 233 236 237 242 247 246 245 245 243 241 241 233 234 242 231 207 213 229 231 229 234 239 244 246 241 235 237 240 242 246 248 250 253
261 261 260 260 259 260 260 259 258 258 258 258 257 257 256 256 256 255 255 256 256 255 255 255 255 256 257 258 260 262 261 258 256 253 247 241 241 244 246 244 242 241 240 240 241 239 237 236 237 241 247 247 242 239 243 244 240 239 242 243 241 238 238 237 236 240 243 242 240 236 232 234 236 230 235 239 224 206 212 226 231 233 237 241 243 241 233 231 236 241 245 246 245 248 249
