windninja/windninja_output/Output_2025-08-09_1300-1350_Google earth_Fire_150m_10min/merlingen_7.5mi_point_08-09-2025_1320_150m_vel.asc
ncols	158
nrows	163
xllcorner	391686.332397
yllcorner	5160024.123721
cellsize	150.000000
NODATA_value	-32768.000000
[rows 0 to 36 of 163, columns 0 to 83 of 158]
1.57 1.50 1.46 1.51 1.59 1.62 1.61 1.59 1.60 1.62 1.60 1.54 1.42 1.24 1.07 0.90 0.74 0.70 0.80 0.98 1.19 1.42 1.63 1.72 1.67 1.56 1.45 1.45 1.57 1.63 1.60 1.52 1.43 1.38 1.41 1.43 1.32 1.19 1.16 1.21 1.31 1.41 1.42 1.39 1.43 1.46 1.44 1.51 1.83 2.21 2.46 2.61 2.71 2.74 2.66 2.51 2.35 2.25 2.24 2.32 2.39 2.40 2.38 2.40 2.49 2.56 2.57 2.55 2.53 2.55 2.58 2.55 2.48 2.45 2.52 2.58 2.50 2.32 2.26 2.35 2.39 2.30 2.19 2.10
1.60 1.56 1.51 1.51 1.53 1.53 1.49 1.43 1.40 1.42 1.48 1.53 1.53 1.48 1.39 1.27 1.19 1.19 1.27 1.38 1.44 1.53 1.67 1.77 1.75 1.67 1.59 1.57 1.57 1.55 1.52 1.50 1.49 1.49 1.49 1.52 1.51 1.51 1.53 1.53 1.56 1.61 1.67 1.74 1.82 1.88 1.95 1.99 2.05 2.14 2.23 2.31 2.35 2.34 2.31 2.30 2.31 2.35 2.37 2.36 2.34 2.36 2.41 2.46 2.50 2.52 2.54 2.55 2.56 2.58 2.58 2.55 2.54 2.57 2.62 2.60 2.51 2.45 2.49 2.50 2.41 2.29 2.23 2.16
1.70 1.68 1.64 1.59 1.53 1.47 1.43 1.41 1.41 1.48 1.60 1.67 1.70 1.73 1.77 1.80 1.84 1.87 1.86 1.81 1.73 1.67 1.68 1.74 1.81 1.82 1.77 1.69 1.59 1.51 1.48 1.50 1.54 1.61 1.67 1.72 1.83 1.92 1.93 1.92 1.93 1.96 2.04 2.18 2.29 2.39 2.50 2.56 2.45 2.27 2.20 2.20 2.13 2.08 2.12 2.25 2.38 2.47 2.51 2.49 2.46 2.48 2.52 2.55 2.53 2.51 2.52 2.57 2.62 2.62 2.58 2.55 2.60 2.68 2.67 2.62 2.63 2.71 2.73 2.64 2.50 2.41 2.35 2.29
1.75 1.79 1.78 1.70 1.64 1.59 1.64 1.78 1.91 1.97 1.93 1.84 1.78 1.77 1.84 1.99 2.06 2.09 2.04 1.92 1.80 1.74 1.71 1.73 1.87 2.02 2.05 1.98 1.90 1.85 1.81 1.75 1.70 1.75 1.85 1.91 1.94 1.95 1.99 2.09 2.22 2.31 2.40 2.49 2.58 2.65 2.69 2.69 2.69 2.66 2.58 2.47 2.39 2.38 2.39 2.40 2.40 2.40 2.43 2.50 2.56 2.57 2.55 2.53 2.51 2.52 2.55 2.58 2.61 2.59 2.55 2.55 2.57 2.53 2.49 2.51 2.63 2.73 2.70 2.59 2.55 2.58 2.55 2.50
1.71 1.76 1.83 1.80 1.75 1.76 1.84 1.95 2.01 1.98 1.87 1.79 1.79 1.83 1.90 1.98 2.00 1.95 1.87 1.81 1.75 1.72 1.74 1.79 1.93 2.12 2.29 2.38 2.38 2.36 2.34 2.28 2.21 2.15 2.10 2.06 2.04 2.10 2.24 2.39 2.50 2.61 2.73 2.79 2.79 2.76 2.70 2.65 2.67 2.67 2.56 2.44 2.40 2.41 2.40 2.36 2.34 2.34 2.39 2.44 2.48 2.49 2.49 2.49 2.51 2.54 2.55 2.56 2.57 2.52 2.47 2.45 2.46 2.46 2.43 2.38 2.36 2.42 2.51 2.51 2.43 2.43 2.56 2.66
1.61 1.63 1.73 1.82 1.85 1.87 1.88 1.86 1.77 1.65 1.61 1.65 1.69 1.77 1.85 1.86 1.82 1.74 1.63 1.59 1.61 1.61 1.64 1.72 1.83 1.96 2.11 2.26 2.39 2.48 2.55 2.62 2.67 2.64 2.50 2.39 2.43 2.56 2.68 2.73 2.74 2.74 2.74 2.70 2.64 2.56 2.50 2.47 2.45 2.42 2.39 2.34 2.29 2.26 2.27 2.30 2.34 2.39 2.43 2.46 2.47 2.49 2.51 2.53 2.54 2.54 2.55 2.58 2.60 2.58 2.51 2.45 2.47 2.54 2.57 2.55 2.50 2.45 2.41 2.34 2.26 2.28 2.46 2.64
1.57 1.54 1.55 1.67 1.81 1.87 1.84 1.73 1.59 1.51 1.53 1.59 1.65 1.70 1.73 1.73 1.74 1.76 1.75 1.74 1.71 1.66 1.62 1.61 1.66 1.70 1.76 1.92 2.13 2.30 2.43 2.56 2.67 2.74 2.77 2.81 2.88 2.90 2.86 2.78 2.71 2.62 2.48 2.35 2.27 2.25 2.26 2.26 2.26 2.26 2.28 2.32 2.32 2.29 2.27 2.28 2.34 2.39 2.44 2.50 2.61 2.69 2.71 2.67 2.61 2.58 2.59 2.62 2.64 2.68 2.75 2.83 2.84 2.78 2.76 2.81 2.82 2.73 2.51 2.35 2.40 2.57 2.65 2.65
1.61 1.58 1.52 1.51 1.55 1.61 1.61 1.52 1.44 1.43 1.50 1.60 1.69 1.74 1.73 1.71 1.72 1.80 1.88 1.91 1.91 1.88 1.78 1.66 1.61 1.61 1.68 1.82 1.93 2.01 2.14 2.27 2.34 2.41 2.56 2.70 2.73 2.67 2.57 2.47 2.37 2.27 2.16 2.07 2.02 2.03 2.05 2.07 2.09 2.11 2.12 2.21 2.31 2.34 2.32 2.34 2.39 2.45 2.52 2.64 2.75 2.81 2.83 2.82 2.76 2.68 2.64 2.67 2.70 2.72 2.83 2.98 3.00 2.91 2.80 2.74 2.72 2.64 2.47 2.41 2.54 2.71 2.82 2.86
1.61 1.60 1.56 1.48 1.40 1.35 1.33 1.34 1.37 1.42 1.49 1.56 1.66 1.74 1.78 1.76 1.75 1.80 1.88 1.93 1.95 1.97 1.95 1.88 1.78 1.74 1.78 1.80 1.77 1.81 1.91 2.01 2.07 2.15 2.22 2.23 2.18 2.12 2.06 2.01 1.94 1.88 1.86 1.88 1.91 1.92 1.91 1.91 1.93 1.98 2.06 2.10 2.11 2.18 2.31 2.41 2.50 2.57 2.61 2.59 2.49 2.40 2.45 2.57 2.62 2.66 2.70 2.76 2.79 2.76 2.70 2.63 2.59 2.62 2.61 2.55 2.51 2.45 2.40 2.41 2.55 2.71 2.91 3.17
1.58 1.57 1.54 1.51 1.44 1.37 1.33 1.35 1.40 1.46 1.49 1.52 1.55 1.60 1.64 1.69 1.74 1.80 1.89 2.00 2.07 2.08 2.09 2.08 2.01 1.92 1.86 1.82 1.79 1.83 1.91 1.93 1.93 1.98 2.01 1.96 1.87 1.81 1.77 1.74 1.74 1.76 1.79 1.80 1.79 1.77 1.78 1.80 1.81 1.84 1.88 1.92 1.95 2.05 2.21 2.31 2.35 2.33 2.23 2.06 1.90 1.87 1.87 1.89 2.10 2.41 2.63 2.71 2.68 2.60 2.48 2.37 2.34 2.40 2.43 2.39 2.29 2.30 2.52 2.86 3.07 3.14 3.12 3.19
1.57 1.57 1.55 1.52 1.49 1.46 1.45 1.46 1.48 1.49 1.50 1.49 1.48 1.47 1.49 1.56 1.67 1.76 1.84 1.97 2.11 2.21 2.24 2.22 2.19 2.13 2.01 1.88 1.83 1.84 1.82 1.75 1.70 1.70 1.73 1.73 1.70 1.67 1.68 1.74 1.80 1.81 1.78 1.73 1.65 1.60 1.60 1.60 1.55 1.49 1.51 1.60 1.70 1.80 1.82 1.81 1.69 1.55 1.43 1.36 1.36 1.36 1.32 1.41 1.70 2.00 2.18 2.24 2.18 2.19 2.28 2.39 2.44 2.43 2.37 2.25 2.19 2.32 2.73 3.29 3.59 3.60 3.45 3.30
1.58 1.57 1.54 1.52 1.50 1.49 1.50 1.51 1.51 1.51 1.50 1.49 1.46 1.44 1.44 1.50 1.62 1.72 1.77 1.82 1.92 2.05 2.14 2.18 2.16 2.06 1.87 1.71 1.64 1.60 1.52 1.45 1.46 1.49 1.49 1.48 1.51 1.57 1.65 1.71 1.72 1.72 1.70 1.66 1.62 1.54 1.40 1.25 1.12 1.02 0.98 1.00 1.01 1.04 1.01 0.99 0.95 0.88 0.80 0.74 0.71 0.70 0.79 1.05 1.34 1.47 1.56 1.58 1.63 1.93 2.29 2.48 2.52 2.55 2.64 2.81 3.02 3.22 3.42 3.64 3.72 3.80 3.90 4.01
1.56 1.55 1.53 1.52 1.51 1.51 1.50 1.49 1.48 1.48 1.47 1.46 1.44 1.39 1.37 1.41 1.50 1.60 1.70 1.75 1.79 1.81 1.85 1.87 1.81 1.66 1.54 1.47 1.42 1.38 1.38 1.40 1.42 1.42 1.39 1.36 1.39 1.49 1.56 1.58 1.60 1.64 1.65 1.62 1.56 1.47 1.29 1.03 0.82 0.71 0.63 0.53 0.46 0.43 0.42 0.45 0.48 0.48 0.42 0.31 0.28 0.37 0.56 0.80 0.97 1.03 1.05 1.13 1.46 1.93 2.21 2.35 2.52 2.76 3.15 3.59 3.88 4.06 4.13 4.03 3.88 3.91 4.15 4.42
1.55 1.54 1.52 1.51 1.52 1.52 1.50 1.47 1.46 1.45 1.44 1.44 1.43 1.40 1.36 1.32 1.33 1.41 1.53 1.62 1.64 1.59 1.52 1.46 1.41 1.41 1.43 1.44 1.43 1.39 1.34 1.33 1.35 1.34 1.33 1.39 1.45 1.46 1.44 1.44 1.43 1.36 1.20 1.08 1.00 0.95 0.97 1.00 0.96 0.81 0.64 0.52 0.44 0.35 0.29 0.29 0.29 0.28 0.33 0.42 0.54 0.70 0.86 0.96 0.93 0.90 0.92 1.10 1.46 1.75 1.93 2.17 2.56 2.94 3.19 3.27 3.39 3.55 3.60 3.59 3.67 3.84 3.99 4.04
1.55 1.54 1.52 1.50 1.49 1.48 1.47 1.47 1.46 1.45 1.44 1.44 1.45 1.48 1.49 1.46 1.43 1.41 1.39 1.39 1.37 1.31 1.27 1.26 1.29 1.35 1.43 1.47 1.44 1.39 1.34 1.31 1.32 1.32 1.38 1.46 1.46 1.37 1.24 1.07 0.92 0.75 0.63 0.54 0.54 0.59 0.66 0.88 1.17 1.25 1.09 0.94 0.87 0.87 0.87 0.75 0.65 0.64 0.77 1.00 1.26 1.43 1.62 1.63 1.40 1.24 1.27 1.42 1.58 1.62 1.77 2.20 2.59 2.73 2.67 2.64 2.72 2.65 2.52 2.69 3.11 3.37 3.36 3.21
1.54 1.53 1.51 1.49 1.47 1.44 1.43 1.43 1.43 1.43 1.44 1.44 1.46 1.51 1.59 1.67 1.67 1.57 1.43 1.33 1.27 1.25 1.26 1.30 1.35 1.40 1.46 1.48 1.46 1.44 1.51 1.57 1.55 1.46 1.35 1.18 1.01 0.90 0.78 0.65 0.54 0.55 0.64 0.75 0.82 0.91 0.95 0.91 1.01 1.32 1.61 1.67 1.74 1.89 1.96 1.92 1.67 1.43 1.42 1.57 1.83 2.04 2.12 2.05 1.97 1.97 1.96 1.94 1.93 1.81 1.84 2.09 2.22 2.16 2.22 2.40 2.36 2.16 2.24 2.68 2.94 2.79 2.55 2.31
1.53 1.52 1.50 1.48 1.46 1.45 1.44 1.42 1.42 1.43 1.43 1.44 1.45 1.47 1.53 1.60 1.62 1.59 1.52 1.42 1.34 1.31 1.31 1.35 1.42 1.47 1.47 1.48 1.55 1.61 1.63 1.57 1.42 1.20 0.92 0.71 0.61 0.60 0.65 0.72 0.81 0.95 1.18 1.30 1.32 1.32 1.39 1.34 1.24 1.43 1.83 2.13 2.28 2.31 2.29 2.27 2.21 2.07 1.99 2.14 2.26 2.28 2.22 2.13 2.17 2.26 2.30 2.34 2.34 2.17 2.00 1.93 1.87 1.91 2.15 2.24 2.17 2.31 2.71 2.92 2.65 2.22 1.94 1.64
1.53 1.52 1.50 1.48 1.46 1.45 1.44 1.44 1.44 1.44 1.43 1.42 1.42 1.42 1.42 1.41 1.40 1.42 1.43 1.39 1.31 1.24 1.23 1.28 1.35 1.37 1.38 1.40 1.45 1.48 1.41 1.25 1.09 0.98 0.91 0.88 0.90 0.97 1.08 1.19 1.31 1.37 1.37 1.37 1.42 1.44 1.50 1.69 1.85 1.91 1.94 2.05 2.15 2.13 2.08 2.13 2.30 2.46 2.51 2.54 2.51 2.45 2.34 2.27 2.33 2.44 2.55 2.56 2.41 2.26 2.24 2.16 2.11 2.10 2.04 2.05 2.25 2.53 2.60 2.21 1.71 1.52 1.34 1.07
1.51 1.51 1.49 1.47 1.46 1.45 1.44 1.44 1.44 1.44 1.42 1.40 1.39 1.39 1.37 1.33 1.28 1.23 1.19 1.16 1.14 1.13 1.15 1.17 1.18 1.20 1.25 1.27 1.23 1.16 1.09 1.04 1.04 1.11 1.19 1.23 1.22 1.22 1.25 1.30 1.34 1.35 1.36 1.39 1.44 1.50 1.59 1.78 1.95 1.98 1.90 1.82 1.84 1.94 2.06 2.23 2.41 2.53 2.60 2.61 2.57 2.47 2.39 2.40 2.48 2.57 2.60 2.50 2.34 2.41 2.63 2.66 2.56 2.30 1.97 1.87 1.86 1.73 1.45 1.06 0.93 0.93 0.89 0.92
1.50 1.48 1.47 1.47 1.46 1.45 1.43 1.42 1.41 1.41 1.40 1.40 1.40 1.38 1.34 1.29 1.21 1.13 1.09 1.09 1.12 1.15 1.18 1.18 1.19 1.22 1.24 1.23 1.18 1.11 1.08 1.09 1.10 1.10 1.10 1.15 1.22 1.28 1.35 1.45 1.52 1.57 1.61 1.62 1.64 1.75 1.87 1.85 1.78 1.77 1.78 1.75 1.76 1.92 2.18 2.39 2.49 2.53 2.52 2.47 2.36 2.22 2.19 2.27 2.37 2.43 2.44 2.47 2.67 2.99 3.08 2.92 2.71 2.49 2.28 2.00 1.56 1.17 0.97 0.92 0.98 1.08 1.20 1.34
1.49 1.49 1.47 1.46 1.44 1.44 1.43 1.41 1.40 1.38 1.38 1.39 1.39 1.37 1.34 1.30 1.23 1.19 1.18 1.20 1.23 1.25 1.26 1.28 1.29 1.28 1.26 1.24 1.22 1.20 1.20 1.22 1.26 1.29 1.39 1.52 1.62 1.73 1.79 1.82 1.80 1.76 1.72 1.74 1.82 1.89 1.87 1.80 1.75 1.79 1.84 1.87 1.90 1.98 2.07 2.16 2.28 2.42 2.47 2.38 2.25 2.19 2.21 2.28 2.38 2.50 2.64 2.86 3.18 3.30 3.07 2.73 2.47 2.38 2.37 2.25 2.06 1.89 1.74 1.61 1.62 1.69 1.66 1.61
1.50 1.49 1.46 1.44 1.43 1.42 1.42 1.41 1.40 1.39 1.38 1.37 1.36 1.36 1.34 1.32 1.30 1.29 1.29 1.29 1.30 1.31 1.32 1.33 1.32 1.30 1.30 1.28 1.26 1.26 1.28 1.34 1.47 1.66 1.85 1.99 2.05 2.02 1.95 1.88 1.83 1.80 1.81 1.84 1.85 1.79 1.74 1.82 1.92 1.97 2.01 2.05 2.06 2.01 1.93 1.94 2.05 2.20 2.33 2.36 2.31 2.31 2.37 2.44 2.56 2.79 3.06 3.29 3.32 3.04 2.65 2.41 2.28 2.23 2.22 2.26 2.40 2.50 2.48 2.38 2.23 1.99 1.80 1.75
1.47 1.47 1.45 1.44 1.43 1.42 1.42 1.41 1.40 1.39 1.39 1.39 1.39 1.37 1.35 1.34 1.34 1.35 1.36 1.36 1.36 1.36 1.36 1.36 1.35 1.36 1.35 1.34 1.32 1.32 1.36 1.47 1.64 1.78 1.82 1.80 1.79 1.79 1.73 1.70 1.74 1.82 1.89 1.88 1.82 1.86 2.00 2.08 2.09 2.07 2.07 2.08 2.06 2.01 2.01 2.04 2.08 2.15 2.20 2.28 2.34 2.39 2.48 2.66 3.01 3.35 3.52 3.45 3.12 2.71 2.41 2.29 2.28 2.35 2.40 2.42 2.45 2.58 2.78 2.87 2.71 2.42 2.18 2.01
1.46 1.45 1.45 1.44 1.43 1.41 1.39 1.38 1.38 1.39 1.39 1.40 1.40 1.39 1.38 1.37 1.37 1.38 1.39 1.40 1.40 1.41 1.42 1.41 1.41 1.39 1.36 1.32 1.28 1.28 1.34 1.44 1.55 1.58 1.55 1.50 1.44 1.46 1.55 1.63 1.73 1.84 1.90 1.94 2.04 2.22 2.26 2.17 2.08 2.05 2.06 2.05 2.05 2.11 2.16 2.16 2.14 2.13 2.13 2.23 2.34 2.41 2.55 2.98 3.42 3.53 3.37 3.00 2.56 2.30 2.19 2.16 2.29 2.57 2.69 2.52 2.35 2.43 2.60 2.71 2.79 2.78 2.65 2.40
1.45 1.45 1.43 1.42 1.40 1.39 1.37 1.37 1.37 1.39 1.38 1.37 1.37 1.39 1.40 1.40 1.39 1.40 1.40 1.41 1.42 1.44 1.44 1.44 1.43 1.41 1.35 1.28 1.22 1.22 1.28 1.32 1.34 1.38 1.44 1.47 1.45 1.45 1.51 1.63 1.74 1.84 1.98 2.18 2.38 2.38 2.23 2.12 2.06 2.02 2.01 2.05 2.14 2.23 2.26 2.26 2.23 2.14 2.06 2.07 2.18 2.43 2.87 3.29 3.27 2.87 2.47 2.11 1.87 1.77 1.78 2.02 2.53 2.80 2.62 2.30 2.11 2.16 2.25 2.37 2.64 2.93 3.06 2.96
1.44 1.43 1.41 1.39 1.38 1.38 1.37 1.37 1.38 1.38 1.37 1.36 1.36 1.38 1.39 1.40 1.41 1.41 1.41 1.41 1.42 1.43 1.44 1.45 1.46 1.46 1.44 1.41 1.37 1.30 1.24 1.23 1.29 1.39 1.51 1.59 1.61 1.60 1.60 1.67 1.77 1.90 2.09 2.30 2.34 2.24 2.16 2.12 2.13 2.13 2.11 2.09 2.07 2.09 2.19 2.32 2.33 2.16 1.95 1.88 2.15 2.83 3.44 3.51 3.16 2.66 2.19 1.88 1.74 1.67 1.80 2.34 2.78 2.70 2.47 2.30 2.15 2.06 2.13 2.34 2.69 3.03 3.26 3.41
1.43 1.42 1.40 1.39 1.38 1.37 1.37 1.37 1.38 1.38 1.37 1.37 1.37 1.36 1.37 1.38 1.40 1.41 1.42 1.42 1.42 1.44 1.46 1.50 1.52 1.54 1.59 1.63 1.59 1.49 1.35 1.26 1.22 1.25 1.36 1.54 1.69 1.79 1.81 1.85 1.92 2.03 2.17 2.25 2.23 2.28 2.37 2.37 2.34 2.37 2.36 2.25 2.14 2.15 2.33 2.45 2.35 2.17 2.07 2.19 2.67 3.27 3.36 3.05 2.76 2.51 2.22 2.01 1.95 2.05 2.39 2.77 2.75 2.51 2.40 2.42 2.41 2.28 2.26 2.43 2.66 2.80 2.99 3.34
1.42 1.42 1.40 1.38 1.37 1.36 1.36 1.36 1.37 1.36 1.36 1.36 1.35 1.35 1.36 1.37 1.39 1.41 1.42 1.43 1.46 1.49 1.52 1.55 1.58 1.62 1.69 1.80 1.87 1.83 1.67 1.45 1.30 1.23 1.21 1.30 1.54 1.81 1.95 1.99 2.04 2.16 2.27 2.34 2.42 2.56 2.71 2.76 2.66 2.56 2.61 2.67 2.67 2.66 2.65 2.54 2.45 2.49 2.65 2.95 3.26 3.26 2.76 2.23 2.04 2.03 2.02 2.02 2.13 2.41 2.77 2.82 2.62 2.40 2.28 2.31 2.48 2.60 2.59 2.51 2.46 2.48 2.65 2.96
1.41 1.40 1.39 1.37 1.36 1.35 1.36 1.36 1.35 1.34 1.34 1.34 1.35 1.36 1.37 1.39 1.40 1.41 1.43 1.47 1.50 1.53 1.55 1.57 1.61 1.69 1.83 2.03 2.19 2.24 2.13 1.91 1.68 1.51 1.44 1.51 1.73 1.97 2.21 2.36 2.44 2.57 2.60 2.61 2.68 2.76 2.83 2.91 2.96 2.93 2.98 3.10 3.14 3.07 2.88 2.67 2.71 2.91 3.05 3.23 3.35 3.11 2.59 2.10 1.90 1.89 1.96 2.08 2.33 2.70 2.94 2.92 2.72 2.41 2.15 2.09 2.23 2.45 2.47 2.38 2.33 2.33 2.44 2.58
1.39 1.38 1.37 1.36 1.34 1.34 1.34 1.33 1.32 1.33 1.34 1.35 1.37 1.38 1.39 1.40 1.42 1.43 1.46 1.49 1.51 1.53 1.54 1.56 1.61 1.73 1.91 2.09 2.22 2.40 2.52 2.46 2.22 2.03 2.12 2.32 2.42 2.53 2.70 2.86 3.02 3.11 3.10 3.03 2.94 2.91 2.95 3.10 3.36 3.59 3.63 3.57 3.50 3.37 3.17 2.99 2.90 2.89 2.95 3.02 2.94 2.58 2.27 2.03 1.82 1.77 1.92 2.17 2.46 2.73 2.81 2.70 2.53 2.32 2.18 2.20 2.33 2.32 2.21 2.20 2.23 2.19 2.18 2.16
1.38 1.38 1.36 1.34 1.33 1.33 1.32 1.32 1.32 1.33 1.34 1.35 1.37 1.38 1.39 1.41 1.43 1.45 1.47 1.49 1.50 1.53 1.56 1.60 1.66 1.75 1.84 1.88 1.92 1.98 2.11 2.33 2.50 2.63 2.82 2.92 2.90 2.90 3.00 3.14 3.23 3.23 3.19 3.14 3.06 3.01 3.05 3.21 3.35 3.44 3.51 3.48 3.38 3.27 3.15 2.98 2.73 2.58 2.65 2.67 2.39 1.95 1.74 1.67 1.59 1.64 1.84 2.07 2.28 2.43 2.27 1.94 1.90 2.12 2.41 2.63 2.64 2.53 2.44 2.39 2.29 2.14 2.03 2.01
1.37 1.36 1.35 1.34 1.34 1.34 1.34 1.33 1.33 1.34 1.35 1.36 1.36 1.38 1.40 1.42 1.42 1.43 1.45 1.48 1.51 1.55 1.59 1.64 1.70 1.77 1.81 1.80 1.77 1.74 1.81 2.11 2.51 2.75 2.83 2.81 2.82 2.93 3.04 3.04 2.94 2.77 2.64 2.62 2.66 2.72 2.77 2.77 2.58 2.38 2.41 2.50 2.56 2.68 2.75 2.75 2.67 2.52 2.41 2.31 2.11 1.83 1.68 1.65 1.63 1.71 1.89 2.07 2.23 2.19 1.87 1.65 1.85 2.30 2.62 2.75 2.74 2.74 2.76 2.73 2.59 2.32 2.10 2.06
1.36 1.34 1.32 1.31 1.33 1.34 1.33 1.32 1.33 1.34 1.35 1.37 1.39 1.41 1.42 1.43 1.43 1.43 1.45 1.47 1.51 1.56 1.61 1.66 1.72 1.77 1.83 1.89 1.95 2.12 2.38 2.59 2.67 2.59 2.44 2.43 2.60 2.74 2.66 2.47 2.35 2.24 2.18 2.19 2.23 2.27 2.29 2.18 1.96 1.85 1.83 1.86 1.98 2.19 2.43 2.62 2.76 2.76 2.54 2.18 1.86 1.76 1.86 1.98 1.98 1.95 2.06 2.28 2.41 2.30 2.12 2.23 2.56 2.74 2.75 2.76 2.85 2.96 2.98 2.90 2.70 2.40 2.16 2.06
1.34 1.33 1.31 1.30 1.30 1.30 1.30 1.31 1.32 1.33 1.34 1.37 1.40 1.42 1.43 1.43 1.45 1.47 1.49 1.51 1.53 1.56 1.61 1.70 1.77 1.81 1.84 1.87 1.99 2.25 2.49 2.61 2.59 2.52 2.42 2.40 2.53 2.56 2.36 2.18 2.11 2.08 2.05 2.00 1.93 1.91 1.88 1.75 1.66 1.68 1.69 1.68 1.68 1.75 2.01 2.27 2.45 2.63 2.65 2.40 2.07 1.96 2.11 2.32 2.39 2.28 2.18 2.23 2.35 2.55 2.80 2.98 3.00 2.86 2.77 2.82 2.96 3.14 3.25 3.18 2.92 2.58 2.33 2.22
1.34 1.34 1.33 1.32 1.32 1.31 1.31 1.31 1.32 1.33 1.35 1.37 1.39 1.40 1.42 1.44 1.46 1.49 1.52 1.53 1.55 1.57 1.62 1.68 1.75 1.79 1.80 1.79 1.84 1.93 2.07 2.19 2.32 2.52 2.70 2.74 2.63 2.44 2.26 2.16 2.06 1.93 1.79 1.67 1.59 1.56 1.51 1.46 1.49 1.53 1.54 1.53 1.49 1.50 1.62 1.82 2.00 2.11 2.23 2.38 2.36 2.25 2.26 2.42 2.56 2.52 2.31 2.21 2.40 2.79 3.06 3.06 2.86 2.68 2.61 2.65 2.76 2.88 2.93 2.96 3.07 3.06 2.83 2.56
1.32 1.32 1.34 1.35 1.35 1.33 1.32 1.33 1.35 1.36 1.37 1.38 1.40 1.41 1.42 1.44 1.47 1.49 1.51 1.53 1.56 1.60 1.62 1.64 1.65 1.67 1.72 1.75 1.73 1.74 1.88 2.07 2.34 2.62 2.80 2.82 2.61 2.28 2.04 1.89 1.76 1.65 1.56 1.51 1.53 1.51 1.48 1.52 1.60 1.64 1.64 1.64 1.66 1.69 1.79 1.92 1.95 1.87 1.84 1.98 2.12 2.13 2.16 2.31 2.54 2.69 2.63 2.56 2.77 2.82 2.57 2.44 2.36 2.30 2.33 2.41 2.41 2.25 2.01 2.05 2.54 2.94 2.96 2.65
1.31 1.30 1.31 1.33 1.33 1.32 1.32 1.34 1.36 1.37 1.38 1.40 1.41 1.41 1.43 1.46 1.48 1.50 1.52 1.54 1.57 1.59 1.61 1.61 1.62 1.64 1.68 1.70 1.70 1.83 2.07 2.27 2.43 2.47 2.38 2.35 2.34 2.11 1.81 1.57 1.46 1.48 1.56 1.61 1.66 1.72 1.74 1.75 1.75 1.73 1.77 1.88 1.99 2.08 2.18 2.22 2.20 2.10 2.00 2.00 2.07 2.07 2.08 2.20 2.40 2.66 2.85 2.95 2.96 2.53 1.92 1.68 1.74 2.01 2.30 2.37 2.25 2.05 1.83 1.81 1.96 2.20 2.47 2.52
