windninja/windninja_output/Output_2025-08-09_1300-1350_Google earth_Fire_150m_10min/merlingen_7.5mi_point_08-09-2025_1330_150m_vel.asc
ncols	158
nrows	163
xllcorner	391686.332397
yllcorner	5160024.123721
cellsize	150.000000
NODATA_value	-32768.000000
[rows 37 to 73 of 163, columns 0 to 83 of 158]
1.24 1.25 1.26 1.26 1.24 1.23 1.25 1.27 1.28 1.31 1.34 1.35 1.36 1.37 1.40 1.41 1.42 1.43 1.45 1.47 1.49 1.50 1.51 1.54 1.57 1.59 1.59 1.59 1.74 2.11 2.31 2.30 2.20 1.98 1.79 1.65 1.54 1.40 1.26 1.20 1.22 1.30 1.42 1.54 1.64 1.68 1.71 1.74 1.71 1.68 1.76 1.91 2.01 2.06 2.07 2.12 2.17 2.18 2.14 2.11 2.09 2.03 2.01 2.05 2.05 2.14 2.41 2.66 2.55 2.05 1.63 1.58 1.91 2.26 2.29 2.12 2.10 2.19 2.17 2.05 1.88 1.82 1.95 2.18
1.26 1.27 1.27 1.25 1.23 1.24 1.26 1.28 1.31 1.35 1.37 1.37 1.37 1.39 1.41 1.42 1.43 1.44 1.46 1.48 1.50 1.51 1.53 1.55 1.58 1.60 1.63 1.74 2.01 2.20 2.15 2.03 1.90 1.76 1.67 1.50 1.29 1.24 1.31 1.41 1.49 1.59 1.69 1.80 1.89 1.94 2.00 2.09 2.14 2.19 2.27 2.34 2.36 2.32 2.32 2.43 2.55 2.65 2.73 2.77 2.77 2.68 2.47 2.24 2.08 2.08 2.26 2.31 2.04 1.85 1.98 2.44 2.80 2.65 2.26 2.13 2.33 2.50 2.53 2.41 2.19 2.05 2.05 2.24
1.25 1.26 1.25 1.24 1.24 1.25 1.27 1.31 1.35 1.38 1.38 1.37 1.38 1.40 1.42 1.42 1.43 1.44 1.46 1.48 1.50 1.51 1.54 1.55 1.57 1.60 1.66 1.81 1.93 1.90 1.79 1.76 1.73 1.66 1.53 1.32 1.34 1.53 1.65 1.66 1.67 1.74 1.89 2.06 2.17 2.21 2.23 2.25 2.35 2.46 2.53 2.61 2.78 2.99 3.14 3.22 3.30 3.38 3.43 3.44 3.39 3.24 2.91 2.45 2.20 2.18 2.24 2.10 1.86 2.01 2.55 2.89 2.73 2.33 2.19 2.41 2.73 2.80 2.83 2.85 2.71 2.37 2.15 2.23
1.26 1.27 1.26 1.26 1.27 1.29 1.32 1.36 1.39 1.38 1.37 1.38 1.40 1.43 1.44 1.45 1.45 1.46 1.47 1.49 1.51 1.53 1.54 1.55 1.57 1.60 1.65 1.70 1.67 1.63 1.65 1.64 1.57 1.47 1.29 1.20 1.37 1.63 1.83 1.95 2.02 2.10 2.21 2.27 2.29 2.39 2.49 2.54 2.60 2.63 2.66 2.84 3.16 3.43 3.50 3.51 3.50 3.41 3.28 3.14 2.94 2.85 2.84 2.60 2.35 2.36 2.37 2.21 2.18 2.57 2.79 2.44 1.98 1.94 2.25 2.83 3.11 3.05 2.97 2.90 2.90 2.85 2.68 2.58
1.27 1.28 1.28 1.29 1.30 1.32 1.37 1.40 1.40 1.38 1.38 1.41 1.43 1.44 1.45 1.46 1.46 1.47 1.49 1.50 1.52 1.52 1.52 1.54 1.56 1.58 1.60 1.60 1.58 1.62 1.65 1.57 1.47 1.36 1.27 1.33 1.45 1.55 1.82 2.22 2.53 2.71 2.71 2.61 2.64 2.85 2.99 3.02 2.97 2.94 2.99 3.12 3.20 3.07 2.86 2.77 2.69 2.52 2.34 2.14 2.05 2.19 2.58 2.84 2.74 2.63 2.65 2.73 2.95 3.08 2.66 2.14 2.04 2.22 2.68 3.20 3.20 3.00 2.79 2.60 2.61 2.84 3.02 3.10
1.27 1.28 1.29 1.29 1.31 1.36 1.39 1.40 1.40 1.40 1.41 1.43 1.44 1.45 1.46 1.46 1.46 1.47 1.49 1.50 1.51 1.50 1.51 1.53 1.54 1.55 1.56 1.57 1.61 1.66 1.64 1.55 1.46 1.39 1.40 1.53 1.71 1.98 2.28 2.52 2.68 2.70 2.71 2.86 3.03 3.05 2.89 2.68 2.60 2.64 2.75 2.80 2.67 2.43 2.21 2.06 1.94 1.79 1.62 1.53 1.62 1.92 2.41 2.90 3.12 3.15 3.32 3.65 3.77 3.43 2.93 2.73 2.82 2.96 3.33 3.46 3.11 2.85 2.67 2.57 2.60 2.71 2.92 3.41
1.26 1.27 1.27 1.30 1.35 1.40 1.40 1.40 1.40 1.41 1.42 1.43 1.45 1.45 1.44 1.45 1.45 1.46 1.48 1.49 1.49 1.49 1.51 1.53 1.53 1.54 1.55 1.58 1.61 1.60 1.55 1.50 1.47 1.48 1.55 1.68 1.96 2.30 2.46 2.43 2.31 2.25 2.42 2.66 2.65 2.38 2.16 2.08 2.14 2.30 2.50 2.52 2.37 2.21 2.03 1.82 1.65 1.54 1.47 1.50 1.64 1.90 2.21 2.57 3.14 3.70 4.12 4.31 4.27 4.16 4.04 4.03 3.98 3.96 4.01 3.70 3.21 2.89 2.66 2.55 2.63 2.88 3.31 3.94
1.25 1.24 1.26 1.31 1.37 1.38 1.38 1.39 1.40 1.41 1.42 1.43 1.44 1.43 1.44 1.44 1.45 1.47 1.49 1.50 1.50 1.50 1.51 1.51 1.52 1.54 1.57 1.60 1.58 1.55 1.52 1.50 1.51 1.54 1.61 1.75 1.97 2.06 1.98 1.94 1.95 2.09 2.30 2.33 2.08 1.85 1.81 1.95 2.27 2.62 2.74 2.57 2.35 2.17 1.96 1.73 1.56 1.51 1.56 1.73 1.96 2.14 2.28 2.57 3.21 3.85 4.13 4.13 4.10 4.33 4.55 4.59 4.54 4.43 4.09 3.54 3.13 2.89 2.66 2.53 2.69 3.22 3.85 3.91
1.23 1.24 1.28 1.34 1.35 1.35 1.37 1.39 1.40 1.41 1.42 1.43 1.43 1.44 1.45 1.46 1.47 1.49 1.50 1.50 1.50 1.50 1.50 1.50 1.52 1.55 1.57 1.55 1.53 1.53 1.54 1.55 1.56 1.58 1.63 1.73 1.78 1.73 1.70 1.76 1.92 2.10 2.16 2.00 1.82 1.82 1.95 2.23 2.61 2.76 2.52 2.20 2.01 1.83 1.69 1.59 1.51 1.54 1.76 2.10 2.37 2.59 2.86 3.29 3.73 3.84 3.69 3.49 3.27 3.28 3.52 3.69 3.77 3.72 3.42 3.08 2.86 2.80 2.82 2.97 3.33 3.66 3.56 2.86
1.23 1.26 1.31 1.33 1.31 1.32 1.35 1.38 1.39 1.41 1.42 1.43 1.44 1.44 1.45 1.47 1.48 1.48 1.48 1.48 1.48 1.48 1.49 1.51 1.53 1.53 1.52 1.51 1.51 1.52 1.53 1.54 1.56 1.59 1.65 1.68 1.67 1.67 1.72 1.81 1.90 1.96 1.93 1.79 1.68 1.82 2.15 2.52 2.65 2.39 2.05 1.86 1.72 1.58 1.49 1.51 1.59 1.75 2.09 2.50 2.85 3.18 3.57 3.87 3.86 3.60 3.24 2.92 2.72 2.67 2.71 2.80 2.88 2.92 2.89 2.85 2.80 2.81 3.00 3.24 3.34 3.11 2.49 1.90
1.25 1.28 1.30 1.28 1.26 1.27 1.32 1.35 1.37 1.40 1.42 1.43 1.43 1.44 1.45 1.46 1.46 1.46 1.46 1.47 1.46 1.46 1.47 1.49 1.50 1.49 1.49 1.50 1.51 1.51 1.52 1.52 1.52 1.54 1.57 1.59 1.63 1.68 1.70 1.73 1.78 1.85 1.82 1.73 1.78 1.98 2.30 2.45 2.27 1.98 1.81 1.66 1.60 1.64 1.67 1.74 1.94 2.21 2.56 2.92 3.20 3.43 3.57 3.49 3.26 2.99 2.68 2.53 2.51 2.54 2.52 2.46 2.45 2.50 2.57 2.64 2.68 2.68 2.71 2.71 2.52 2.17 1.92 1.88
1.25 1.26 1.26 1.23 1.22 1.25 1.30 1.33 1.35 1.37 1.39 1.40 1.41 1.42 1.43 1.43 1.43 1.44 1.44 1.44 1.44 1.45 1.47 1.47 1.47 1.48 1.49 1.50 1.50 1.51 1.51 1.51 1.52 1.54 1.54 1.55 1.59 1.62 1.63 1.65 1.70 1.71 1.65 1.68 1.93 2.22 2.36 2.25 2.00 1.82 1.65 1.53 1.51 1.60 1.75 1.96 2.27 2.71 3.15 3.35 3.34 3.23 3.04 2.81 2.63 2.47 2.35 2.33 2.35 2.35 2.31 2.26 2.23 2.24 2.32 2.44 2.52 2.53 2.47 2.37 2.25 2.15 2.16 2.26
1.24 1.24 1.22 1.18 1.19 1.25 1.29 1.31 1.34 1.36 1.38 1.38 1.38 1.40 1.41 1.42 1.42 1.42 1.43 1.43 1.43 1.45 1.46 1.47 1.48 1.48 1.49 1.49 1.50 1.50 1.51 1.53 1.54 1.54 1.55 1.57 1.61 1.63 1.64 1.65 1.62 1.56 1.55 1.69 1.94 2.15 2.15 1.96 1.78 1.62 1.56 1.61 1.72 1.87 2.07 2.33 2.70 3.17 3.39 3.28 3.09 2.84 2.58 2.44 2.40 2.33 2.24 2.19 2.20 2.21 2.20 2.17 2.11 2.10 2.22 2.42 2.62 2.74 2.72 2.63 2.57 2.57 2.57 2.58
1.23 1.22 1.20 1.20 1.25 1.32 1.33 1.32 1.33 1.35 1.36 1.37 1.38 1.40 1.41 1.41 1.42 1.42 1.42 1.43 1.44 1.45 1.46 1.47 1.48 1.49 1.49 1.48 1.49 1.50 1.51 1.52 1.52 1.53 1.54 1.57 1.61 1.64 1.63 1.61 1.58 1.58 1.65 1.75 1.88 1.95 1.85 1.65 1.43 1.28 1.30 1.54 1.90 2.24 2.53 2.85 3.21 3.33 3.08 2.71 2.47 2.28 2.18 2.27 2.35 2.27 2.14 2.05 2.01 2.01 2.00 1.96 1.94 2.00 2.17 2.43 2.68 2.82 2.84 2.81 2.79 2.78 2.74 2.71
1.19 1.18 1.17 1.23 1.34 1.40 1.39 1.36 1.34 1.35 1.36 1.37 1.38 1.38 1.39 1.39 1.40 1.41 1.41 1.43 1.44 1.45 1.45 1.46 1.47 1.47 1.47 1.47 1.48 1.49 1.50 1.50 1.51 1.51 1.53 1.54 1.55 1.55 1.55 1.55 1.56 1.62 1.68 1.75 1.82 1.79 1.64 1.44 1.29 1.24 1.37 1.73 2.02 2.27 2.60 3.01 3.18 2.92 2.52 2.23 2.03 1.94 2.05 2.28 2.31 2.19 2.09 2.02 1.97 1.93 1.88 1.87 1.91 2.03 2.19 2.35 2.49 2.63 2.78 2.89 2.88 2.71 2.56 2.58
1.16 1.15 1.16 1.24 1.32 1.35 1.36 1.37 1.38 1.37 1.35 1.35 1.35 1.35 1.35 1.37 1.38 1.39 1.40 1.41 1.42 1.42 1.42 1.43 1.44 1.44 1.45 1.46 1.47 1.48 1.48 1.49 1.50 1.51 1.52 1.53 1.52 1.52 1.52 1.53 1.56 1.62 1.68 1.74 1.75 1.65 1.48 1.41 1.56 1.82 2.13 2.36 2.46 2.53 2.72 2.89 2.73 2.37 2.12 1.97 1.92 1.98 2.18 2.35 2.30 2.20 2.12 2.05 1.99 1.96 1.96 2.01 2.09 2.18 2.25 2.29 2.32 2.40 2.56 2.72 2.76 2.68 2.56 2.47
1.19 1.19 1.23 1.31 1.35 1.36 1.36 1.37 1.36 1.32 1.30 1.30 1.31 1.33 1.34 1.36 1.36 1.37 1.38 1.38 1.38 1.39 1.40 1.42 1.42 1.42 1.43 1.45 1.46 1.46 1.47 1.48 1.49 1.50 1.50 1.51 1.51 1.51 1.51 1.53 1.58 1.66 1.71 1.71 1.65 1.56 1.49 1.59 1.93 2.29 2.47 2.49 2.56 2.68 2.76 2.68 2.37 2.09 1.96 1.92 1.97 2.10 2.32 2.45 2.39 2.31 2.24 2.19 2.14 2.13 2.19 2.26 2.30 2.30 2.29 2.30 2.29 2.28 2.31 2.40 2.52 2.72 2.86 2.80
1.25 1.27 1.31 1.35 1.39 1.39 1.38 1.36 1.31 1.25 1.24 1.25 1.27 1.30 1.33 1.34 1.35 1.36 1.36 1.36 1.37 1.38 1.39 1.40 1.41 1.42 1.42 1.43 1.44 1.45 1.46 1.47 1.48 1.48 1.49 1.50 1.50 1.50 1.50 1.51 1.57 1.63 1.61 1.53 1.45 1.46 1.55 1.76 2.05 2.24 2.27 2.29 2.36 2.47 2.56 2.46 2.20 2.02 2.03 2.11 2.22 2.36 2.55 2.63 2.57 2.52 2.50 2.50 2.53 2.55 2.52 2.41 2.28 2.24 2.30 2.35 2.36 2.37 2.41 2.46 2.61 2.90 3.15 3.24
1.25 1.27 1.28 1.23 1.18 1.18 1.20 1.23 1.26 1.26 1.23 1.21 1.22 1.26 1.28 1.30 1.31 1.33 1.34 1.36 1.37 1.37 1.37 1.38 1.39 1.40 1.41 1.42 1.43 1.44 1.45 1.46 1.46 1.47 1.48 1.48 1.48 1.49 1.49 1.49 1.50 1.47 1.40 1.35 1.37 1.44 1.58 1.84 2.04 2.08 2.12 2.25 2.35 2.39 2.44 2.34 2.13 2.06 2.15 2.31 2.54 2.77 2.87 2.79 2.67 2.59 2.57 2.59 2.67 2.66 2.49 2.27 2.21 2.30 2.39 2.46 2.51 2.61 2.72 2.82 2.96 3.11 3.19 3.26
1.23 1.24 1.24 1.18 1.08 1.02 1.03 1.08 1.17 1.24 1.26 1.23 1.20 1.21 1.23 1.25 1.27 1.29 1.30 1.32 1.34 1.35 1.36 1.36 1.37 1.38 1.40 1.40 1.41 1.42 1.43 1.44 1.45 1.46 1.46 1.47 1.47 1.48 1.48 1.48 1.45 1.41 1.37 1.39 1.45 1.54 1.67 1.81 1.89 1.92 2.01 2.16 2.25 2.32 2.34 2.19 2.10 2.15 2.29 2.52 2.79 2.95 2.91 2.74 2.53 2.37 2.32 2.33 2.30 2.20 2.16 2.28 2.46 2.58 2.62 2.68 2.78 2.93 3.07 3.16 3.16 3.09 3.04 3.06
1.21 1.21 1.23 1.25 1.23 1.16 1.09 1.08 1.13 1.24 1.34 1.34 1.27 1.21 1.19 1.21 1.24 1.26 1.27 1.29 1.31 1.33 1.34 1.35 1.36 1.37 1.38 1.39 1.40 1.41 1.42 1.43 1.43 1.44 1.45 1.46 1.46 1.46 1.47 1.46 1.46 1.45 1.44 1.46 1.49 1.55 1.60 1.63 1.68 1.74 1.84 1.96 2.04 2.15 2.18 2.10 2.16 2.34 2.57 2.80 2.91 2.85 2.70 2.54 2.41 2.29 2.20 2.14 2.05 2.02 2.22 2.54 2.71 2.79 2.87 2.99 3.16 3.32 3.43 3.43 3.32 3.14 2.98 2.85
1.23 1.22 1.22 1.23 1.26 1.26 1.23 1.18 1.19 1.25 1.32 1.36 1.33 1.24 1.16 1.15 1.18 1.22 1.25 1.27 1.28 1.29 1.31 1.33 1.34 1.35 1.36 1.37 1.38 1.39 1.40 1.41 1.42 1.43 1.44 1.44 1.45 1.45 1.46 1.46 1.46 1.46 1.46 1.46 1.47 1.47 1.46 1.47 1.49 1.53 1.62 1.78 1.96 2.11 2.13 2.10 2.17 2.36 2.60 2.78 2.80 2.71 2.59 2.48 2.42 2.34 2.26 2.22 2.24 2.36 2.55 2.71 2.80 2.91 3.06 3.22 3.40 3.57 3.62 3.55 3.42 3.23 2.99 2.74
1.24 1.23 1.21 1.19 1.18 1.19 1.22 1.22 1.19 1.15 1.13 1.18 1.27 1.29 1.24 1.17 1.14 1.16 1.20 1.24 1.26 1.28 1.29 1.31 1.32 1.33 1.34 1.35 1.36 1.37 1.38 1.39 1.40 1.41 1.42 1.43 1.44 1.44 1.45 1.45 1.46 1.46 1.46 1.46 1.46 1.45 1.45 1.44 1.44 1.46 1.56 1.75 1.96 2.07 2.06 2.01 2.06 2.24 2.46 2.56 2.56 2.53 2.48 2.43 2.39 2.37 2.37 2.38 2.42 2.53 2.63 2.72 2.87 3.06 3.22 3.35 3.48 3.50 3.38 3.24 3.14 3.06 2.96 2.83
1.23 1.22 1.20 1.18 1.16 1.14 1.14 1.15 1.14 1.09 1.08 1.12 1.24 1.36 1.39 1.29 1.18 1.14 1.16 1.20 1.24 1.28 1.30 1.30 1.30 1.31 1.31 1.33 1.34 1.35 1.37 1.38 1.39 1.40 1.41 1.42 1.42 1.43 1.44 1.45 1.45 1.46 1.46 1.46 1.47 1.47 1.47 1.47 1.49 1.52 1.58 1.69 1.83 1.89 1.88 1.90 2.02 2.20 2.32 2.32 2.29 2.24 2.22 2.26 2.34 2.39 2.35 2.27 2.32 2.45 2.59 2.74 2.95 3.14 3.29 3.44 3.48 3.31 3.07 2.91 2.84 2.81 2.78 2.74
1.25 1.23 1.20 1.18 1.18 1.16 1.14 1.14 1.14 1.14 1.14 1.16 1.23 1.32 1.40 1.41 1.32 1.21 1.16 1.15 1.19 1.22 1.25 1.26 1.27 1.27 1.28 1.30 1.32 1.33 1.35 1.36 1.37 1.38 1.39 1.40 1.41 1.42 1.43 1.44 1.44 1.45 1.46 1.46 1.46 1.47 1.49 1.50 1.52 1.54 1.56 1.56 1.62 1.66 1.64 1.68 1.87 2.04 2.07 2.03 1.99 1.97 2.01 2.12 2.26 2.35 2.33 2.25 2.31 2.52 2.70 2.87 3.03 3.17 3.28 3.34 3.25 3.08 2.96 2.90 2.81 2.71 2.61 2.55
1.25 1.22 1.18 1.16 1.17 1.20 1.21 1.21 1.18 1.16 1.14 1.14 1.15 1.18 1.28 1.40 1.43 1.35 1.23 1.15 1.14 1.16 1.18 1.21 1.23 1.24 1.26 1.28 1.30 1.31 1.32 1.34 1.35 1.37 1.38 1.39 1.40 1.41 1.42 1.43 1.44 1.44 1.45 1.46 1.47 1.48 1.49 1.51 1.52 1.53 1.52 1.53 1.58 1.57 1.51 1.59 1.76 1.87 1.89 1.88 1.87 1.92 2.02 2.12 2.22 2.28 2.33 2.40 2.52 2.68 2.82 2.96 3.09 3.19 3.26 3.20 3.04 2.96 2.97 2.95 2.88 2.77 2.67 2.61
1.28 1.21 1.13 1.11 1.12 1.17 1.21 1.23 1.22 1.18 1.14 1.10 1.08 1.10 1.17 1.29 1.41 1.44 1.36 1.25 1.17 1.14 1.15 1.18 1.21 1.24 1.26 1.27 1.28 1.29 1.30 1.32 1.33 1.35 1.36 1.37 1.38 1.40 1.41 1.42 1.43 1.43 1.44 1.45 1.46 1.47 1.49 1.49 1.50 1.51 1.52 1.57 1.62 1.62 1.63 1.72 1.80 1.83 1.86 1.93 2.03 2.11 2.05 1.89 1.80 1.83 1.95 2.31 2.66 2.82 2.91 3.02 3.14 3.22 3.23 3.15 3.10 3.11 3.15 3.13 3.07 2.98 2.96 3.06
1.39 1.26 1.12 1.09 1.08 1.07 1.09 1.12 1.14 1.15 1.13 1.09 1.09 1.11 1.12 1.18 1.31 1.44 1.47 1.39 1.28 1.18 1.13 1.14 1.18 1.22 1.24 1.25 1.25 1.26 1.28 1.30 1.31 1.33 1.34 1.35 1.37 1.38 1.39 1.40 1.42 1.43 1.44 1.45 1.46 1.47 1.47 1.48 1.49 1.50 1.52 1.56 1.60 1.62 1.64 1.72 1.83 1.89 1.93 2.02 2.07 1.94 1.63 1.35 1.31 1.48 1.90 2.40 2.70 2.87 3.00 3.10 3.20 3.23 3.19 3.19 3.30 3.42 3.48 3.44 3.34 3.29 3.35 3.58
1.53 1.41 1.25 1.18 1.14 1.11 1.08 1.07 1.05 1.04 1.07 1.08 1.06 1.06 1.09 1.11 1.17 1.29 1.43 1.47 1.39 1.29 1.20 1.14 1.13 1.17 1.21 1.23 1.24 1.25 1.26 1.27 1.29 1.31 1.32 1.34 1.35 1.37 1.38 1.39 1.41 1.42 1.43 1.44 1.45 1.46 1.46 1.47 1.48 1.49 1.50 1.51 1.52 1.52 1.53 1.65 1.82 1.94 1.99 1.96 1.75 1.44 1.40 1.56 1.86 2.15 2.46 2.65 2.73 2.83 2.97 3.09 3.16 3.12 3.12 3.25 3.43 3.52 3.51 3.45 3.41 3.49 3.75 4.23
1.59 1.58 1.48 1.32 1.21 1.18 1.20 1.22 1.21 1.15 1.12 1.13 1.08 1.03 1.06 1.10 1.10 1.14 1.27 1.43 1.50 1.47 1.37 1.25 1.17 1.16 1.18 1.21 1.23 1.24 1.24 1.25 1.27 1.28 1.30 1.32 1.33 1.35 1.36 1.38 1.39 1.41 1.42 1.43 1.44 1.45 1.45 1.46 1.47 1.48 1.48 1.48 1.46 1.44 1.45 1.54 1.66 1.75 1.79 1.68 1.49 1.52 1.88 2.29 2.55 2.70 2.73 2.68 2.68 2.75 2.85 2.97 3.05 3.10 3.20 3.30 3.36 3.37 3.38 3.49 3.78 4.19 4.83 5.67
1.55 1.73 1.86 1.70 1.47 1.32 1.33 1.38 1.37 1.29 1.20 1.16 1.16 1.11 1.04 1.04 1.08 1.09 1.15 1.29 1.45 1.55 1.54 1.45 1.33 1.21 1.14 1.11 1.12 1.15 1.19 1.21 1.23 1.26 1.28 1.30 1.31 1.33 1.35 1.36 1.38 1.39 1.40 1.42 1.43 1.44 1.45 1.45 1.46 1.46 1.46 1.46 1.44 1.42 1.41 1.42 1.42 1.37 1.34 1.36 1.47 1.75 2.06 2.32 2.53 2.65 2.65 2.60 2.59 2.66 2.74 2.82 2.91 3.03 3.15 3.20 3.21 3.27 3.47 3.86 4.45 5.09 5.71 6.02
1.42 1.67 2.06 2.22 2.17 1.96 1.77 1.74 1.64 1.45 1.32 1.24 1.22 1.22 1.16 1.08 1.08 1.10 1.12 1.15 1.23 1.36 1.50 1.57 1.53 1.41 1.24 1.10 1.04 1.05 1.10 1.15 1.20 1.22 1.25 1.27 1.29 1.31 1.33 1.34 1.36 1.38 1.39 1.40 1.42 1.43 1.44 1.44 1.45 1.45 1.45 1.45 1.44 1.43 1.41 1.36 1.29 1.21 1.16 1.20 1.36 1.60 1.82 2.03 2.22 2.37 2.47 2.57 2.66 2.71 2.69 2.68 2.73 2.81 2.87 2.96 3.03 3.12 3.43 3.91 4.41 4.85 4.96 4.38
1.16 1.17 1.46 1.86 2.11 2.19 2.15 2.11 2.09 2.00 1.87 1.80 1.71 1.58 1.50 1.40 1.27 1.18 1.11 1.08 1.11 1.18 1.27 1.40 1.52 1.54 1.42 1.23 1.09 1.04 1.04 1.08 1.13 1.18 1.22 1.25 1.27 1.29 1.31 1.33 1.35 1.36 1.38 1.39 1.40 1.42 1.42 1.43 1.44 1.44 1.45 1.45 1.44 1.43 1.41 1.38 1.33 1.27 1.23 1.22 1.28 1.42 1.59 1.73 1.79 1.88 2.14 2.44 2.64 2.67 2.61 2.61 2.72 2.79 2.81 2.80 2.80 2.93 3.24 3.65 3.91 3.88 3.40 2.96
1.01 0.89 0.78 0.87 1.13 1.44 1.61 1.67 1.83 1.98 2.00 1.99 1.96 1.89 1.79 1.68 1.56 1.41 1.24 1.11 1.09 1.11 1.14 1.18 1.27 1.43 1.55 1.46 1.29 1.17 1.08 1.04 1.07 1.12 1.17 1.21 1.24 1.27 1.29 1.31 1.33 1.34 1.36 1.38 1.39 1.40 1.41 1.42 1.43 1.44 1.44 1.44 1.44 1.44 1.43 1.41 1.39 1.36 1.34 1.32 1.34 1.38 1.40 1.37 1.36 1.46 1.72 1.95 2.13 2.27 2.44 2.67 2.80 2.78 2.72 2.65 2.68 2.84 3.08 3.24 3.19 2.83 2.48 2.77
1.15 1.01 0.79 0.71 0.77 0.87 0.89 0.90 1.04 1.27 1.31 1.31 1.36 1.45 1.51 1.52 1.53 1.53 1.46 1.33 1.19 1.12 1.11 1.12 1.16 1.33 1.59 1.70 1.59 1.41 1.27 1.14 1.07 1.06 1.11 1.16 1.20 1.24 1.27 1.29 1.31 1.33 1.34 1.36 1.37 1.39 1.40 1.41 1.42 1.43 1.43 1.44 1.44 1.44 1.43 1.43 1.43 1.42 1.41 1.42 1.42 1.42 1.39 1.34 1.32 1.35 1.39 1.45 1.56 1.78 2.18 2.52 2.59 2.49 2.46 2.52 2.66 2.79 2.83 2.67 2.42 2.26 2.48 3.21
1.34 1.22 1.03 0.91 0.87 0.86 0.80 0.71 0.76 0.88 0.90 0.89 0.91 0.96 1.04 1.12 1.20 1.32 1.42 1.44 1.40 1.31 1.23 1.21 1.22 1.27 1.43 1.65 1.72 1.62 1.48 1.35 1.19 1.08 1.06 1.11 1.16 1.20 1.24 1.26 1.29 1.31 1.33 1.34 1.36 1.37 1.39 1.40 1.41 1.42 1.43 1.43 1.44 1.44 1.45 1.45 1.45 1.46 1.46 1.47 1.47 1.48 1.47 1.47 1.47 1.43 1.38 1.36 1.40 1.55 1.77 1.94 1.98 1.91 2.05 2.23 2.44 2.55 2.49 2.33 2.23 2.40 3.02 3.68
1.58 1.42 1.16 1.02 0.97 0.94 0.87 0.79 0.77 0.81 0.86 0.89 0.90 0.91 0.93 0.95 0.99 1.05 1.14 1.26 1.37 1.41 1.40 1.36 1.29 1.26 1.30 1.46 1.64 1.69 1.61 1.51 1.40 1.25 1.14 1.11 1.12 1.15 1.20 1.23 1.27 1.29 1.31 1.32 1.34 1.36 1.37 1.38 1.39 1.41 1.42 1.43 1.44 1.44 1.45 1.46 1.47 1.47 1.49 1.50 1.51 1.52 1.53 1.54 1.54 1.52 1.51 1.51 1.52 1.55 1.55 1.51 1.44 1.49 1.72 1.96 2.17 2.26 2.24 2.28 2.44 2.92 3.66 3.69
