windninja/windninja_output/Output_2025-08-09_1300-1350_Google earth_Fire_150m_10min/merlingen_7.5mi_point_08-09-2025_1330_150m_vel.asc
ncols	158
nrows	163
xllcorner	391686.332397
yllcorner	5160024.123721
cellsize	150.000000
NODATA_value	-32768.000000
[rows 111 to 147 of 163, columns 0 to 83 of 158]
2.37 2.62 3.01 3.21 3.25 3.21 3.16 3.22 3.30 3.32 3.52 3.66 3.29 3.20 3.65 3.69 2.63 1.60 2.24 3.61 4.73 4.76 3.26 2.31 2.27 2.55 3.06 3.79 5.46 7.08 6.82 5.52 4.91 5.79 7.19 6.55 5.14 4.33 3.35 2.31 2.07 2.35 2.40 2.01 1.77 1.61 1.34 1.14 0.98 0.74 0.54 0.65 1.03 1.51 1.80 1.88 2.06 2.45 2.65 2.43 2.29 2.58 2.86 2.83 2.71 2.69 2.52 2.09 1.82 1.79 1.85 2.02 2.24 2.29 2.20 2.06 1.90 1.79 1.65 1.40 1.17 1.03 0.93 0.83
2.41 2.66 3.01 3.21 3.27 3.21 3.18 3.25 3.33 3.29 3.51 3.99 3.70 3.27 3.72 3.88 2.58 1.28 1.81 3.33 4.84 5.49 4.05 2.22 2.20 2.82 2.84 3.00 4.02 6.10 7.33 6.59 5.49 6.31 7.64 7.00 5.55 4.28 2.88 2.30 2.14 2.21 2.49 2.42 1.97 1.63 1.32 1.15 1.06 0.88 0.60 0.41 0.70 1.27 1.69 1.81 1.94 2.34 2.71 2.63 2.40 2.50 2.78 2.88 2.87 2.92 2.94 2.68 2.18 1.84 1.78 1.90 2.13 2.28 2.31 2.24 2.09 1.96 1.91 1.77 1.44 1.19 1.01 0.88
2.60 2.75 2.97 3.16 3.29 3.21 3.11 3.18 3.31 3.29 3.48 4.17 4.11 3.45 3.80 4.06 2.63 1.02 1.38 2.75 4.40 5.82 5.24 2.88 2.42 3.32 3.28 3.17 3.27 4.30 6.39 7.36 7.00 7.42 8.17 7.06 5.34 3.96 2.75 2.25 1.94 2.11 2.79 2.90 2.12 1.47 1.19 1.08 1.03 0.98 0.77 0.41 0.39 1.02 1.54 1.74 1.82 2.16 2.66 2.80 2.60 2.55 2.79 2.91 2.83 2.94 3.12 3.11 2.85 2.39 2.12 2.12 2.21 2.33 2.46 2.45 2.28 2.10 2.06 2.07 1.89 1.50 1.14 0.94
2.58 2.80 3.03 3.15 3.32 3.31 3.16 3.09 3.09 3.19 3.48 4.13 4.15 3.66 4.10 4.41 2.89 0.83 0.72 1.94 3.49 5.40 6.00 4.36 3.63 3.91 3.83 3.55 3.50 3.59 4.60 6.84 8.23 8.77 8.44 6.65 5.04 4.05 2.96 2.16 1.89 2.38 3.13 3.14 2.20 1.40 1.20 1.12 1.03 0.99 0.90 0.64 0.21 0.69 1.35 1.69 1.75 1.96 2.46 2.81 2.74 2.62 2.82 3.08 2.93 2.88 3.12 3.26 3.23 2.99 2.67 2.52 2.44 2.35 2.49 2.65 2.52 2.25 2.07 2.11 2.16 1.92 1.51 1.25
2.30 2.72 3.16 3.25 3.32 3.35 3.33 3.16 3.02 3.14 3.57 3.96 3.74 3.63 4.52 5.02 3.36 0.89 0.22 1.14 2.52 4.19 5.58 5.71 5.06 4.36 3.93 3.83 4.31 3.69 3.52 5.72 8.48 9.76 8.76 6.69 5.03 3.99 3.09 2.28 2.17 2.89 3.35 3.14 2.40 1.68 1.34 1.11 0.98 0.91 0.87 0.79 0.46 0.26 1.08 1.60 1.74 1.84 2.22 2.68 2.77 2.67 2.81 3.11 3.09 2.91 3.05 3.26 3.33 3.24 3.05 2.92 2.80 2.51 2.34 2.57 2.75 2.54 2.20 2.09 2.23 2.16 1.86 1.64
1.99 2.54 3.14 3.31 3.32 3.28 3.31 3.31 3.35 3.51 3.90 3.70 3.06 3.24 4.71 5.67 3.89 1.02 0.06 0.59 1.83 3.01 4.18 5.46 5.83 5.14 4.09 4.09 5.05 4.10 3.07 4.66 7.66 9.95 9.36 6.97 5.04 3.66 3.16 2.83 2.78 3.29 3.30 3.04 2.63 1.83 1.18 0.89 0.84 0.80 0.78 0.82 0.69 0.17 0.71 1.43 1.73 1.80 2.04 2.49 2.68 2.68 2.83 3.07 3.14 3.00 3.04 3.24 3.39 3.40 3.31 3.29 3.34 3.18 2.61 2.39 2.62 2.77 2.48 2.13 2.15 2.18 1.93 1.80
1.79 2.35 3.02 3.29 3.34 3.23 3.08 3.22 3.66 4.10 4.32 3.46 2.40 2.67 4.70 6.20 4.42 1.29 0.41 0.64 1.39 2.34 3.16 4.29 5.42 5.71 4.78 4.57 5.68 4.54 3.19 3.88 6.03 9.09 9.54 7.13 4.90 3.33 3.23 3.53 3.42 3.35 3.10 3.00 2.78 1.89 1.11 0.87 0.85 0.81 0.74 0.78 0.79 0.47 0.33 1.21 1.71 1.82 1.96 2.30 2.50 2.60 2.84 3.12 3.19 3.07 3.09 3.26 3.40 3.48 3.48 3.50 3.67 3.84 3.58 2.92 2.56 2.74 2.79 2.49 2.30 2.25 2.00 1.82
1.69 2.13 2.87 3.30 3.35 3.20 2.95 3.09 3.67 4.25 4.68 3.64 2.08 2.26 4.26 6.40 5.58 2.20 0.96 1.15 1.34 1.98 2.70 3.38 4.22 5.09 4.89 5.03 5.82 5.32 4.20 4.02 5.20 8.28 9.06 7.55 5.49 3.55 3.58 3.95 3.55 3.22 3.04 3.01 2.85 2.19 1.41 1.05 0.92 0.82 0.68 0.68 0.81 0.67 0.23 0.94 1.64 1.87 1.98 2.22 2.38 2.41 2.66 3.06 3.26 3.24 3.26 3.39 3.50 3.53 3.51 3.51 3.67 4.02 4.26 3.95 3.20 2.89 2.94 2.86 2.72 2.53 2.18 1.90
1.60 1.94 2.70 3.34 3.35 3.08 3.01 3.24 3.71 4.01 4.60 4.18 2.26 2.12 3.59 5.91 6.57 3.79 1.56 1.44 1.61 1.91 2.53 3.24 3.88 4.32 4.44 4.74 5.46 5.72 5.75 5.59 6.56 8.26 8.32 7.66 6.46 4.58 4.19 4.11 3.61 3.33 3.22 3.19 2.99 2.51 1.73 1.21 0.93 0.71 0.51 0.53 0.77 0.78 0.43 0.68 1.48 1.88 2.01 2.20 2.35 2.32 2.42 2.75 3.01 3.21 3.28 3.42 3.63 3.66 3.50 3.40 3.51 3.83 4.32 4.60 4.23 3.57 3.23 3.04 2.90 2.74 2.38 2.05
1.46 1.77 2.57 3.44 3.47 3.02 3.17 3.53 3.88 3.74 4.11 4.55 2.82 2.02 3.04 5.26 6.92 5.46 2.52 1.66 1.79 2.04 2.59 3.38 4.04 4.40 4.58 4.77 5.45 6.36 7.01 6.96 7.26 7.75 7.61 7.35 6.56 5.64 4.59 3.85 3.85 3.81 3.74 3.58 3.23 2.72 2.07 1.45 0.92 0.59 0.37 0.35 0.69 0.83 0.62 0.53 1.31 1.83 1.99 2.19 2.38 2.32 2.38 2.53 2.52 2.68 2.72 2.72 3.19 3.62 3.58 3.37 3.31 3.47 3.95 4.59 4.88 4.52 3.93 3.49 3.13 2.89 2.55 2.22
1.26 1.62 2.42 3.34 3.64 3.34 3.60 4.07 4.21 3.53 3.68 4.92 3.52 1.84 2.56 4.71 6.96 6.50 3.74 2.04 1.84 2.21 2.76 3.51 4.33 4.71 4.79 5.13 6.48 7.81 7.89 7.59 7.53 7.30 7.49 7.20 6.30 6.04 4.50 3.37 3.61 4.00 4.41 4.07 3.52 3.04 2.48 1.73 0.92 0.52 0.25 0.17 0.59 0.87 0.76 0.53 1.25 1.81 1.98 2.18 2.38 2.32 2.39 2.56 2.51 2.61 2.52 1.98 2.09 2.95 3.38 3.36 3.23 3.14 3.37 4.01 4.79 5.17 4.93 4.35 3.76 3.30 2.82 2.43
1.05 1.52 2.26 2.84 3.39 3.68 4.15 4.80 4.88 3.73 3.61 5.31 4.16 1.79 1.96 3.71 6.54 7.20 4.67 2.73 2.13 2.46 2.95 3.60 4.58 4.89 5.01 5.87 7.87 8.95 8.04 7.71 7.73 6.95 7.35 7.24 6.08 6.07 4.73 3.20 3.01 3.59 4.76 4.74 3.94 3.42 2.83 1.84 1.02 0.62 0.35 0.09 0.50 0.89 0.84 0.57 1.16 1.82 2.03 2.27 2.39 2.35 2.45 2.62 2.76 3.12 3.12 2.28 1.67 1.90 2.60 3.01 3.13 3.04 2.96 3.23 3.97 4.90 5.43 5.36 4.81 4.08 3.31 2.85
0.94 1.47 2.13 2.31 2.71 3.37 3.99 4.89 5.60 4.78 4.34 5.91 4.69 1.75 1.59 2.89 5.37 7.35 6.19 4.11 3.23 3.01 3.18 3.80 4.67 5.06 5.25 6.63 9.47 9.83 7.72 7.33 7.46 6.65 7.10 7.25 5.87 5.85 5.42 3.38 2.57 2.95 4.31 5.28 4.73 3.87 3.07 1.93 1.10 0.72 0.56 0.34 0.49 0.92 0.88 0.64 1.02 1.76 1.98 2.21 2.42 2.49 2.62 2.72 2.85 3.33 3.65 3.25 2.25 1.60 1.82 2.38 2.69 2.81 2.73 2.66 3.00 3.85 4.84 5.55 5.73 5.30 4.33 3.51
1.02 1.51 2.06 2.05 2.28 3.00 3.54 4.31 5.54 5.47 5.66 6.55 4.41 1.80 1.65 2.57 4.06 6.28 7.24 6.08 4.77 4.08 3.76 4.12 4.67 5.03 5.64 8.29 11.59 10.03 6.69 6.69 7.19 6.57 6.82 7.18 5.87 5.43 5.55 3.85 2.56 2.39 3.23 5.10 5.63 4.62 3.45 2.22 1.14 0.82 0.74 0.58 0.62 0.97 0.98 0.85 1.11 1.83 2.11 2.04 2.28 2.70 2.82 2.83 3.00 3.34 3.66 3.83 3.41 2.24 1.72 1.97 2.16 2.21 2.32 2.27 2.29 2.78 3.67 4.56 5.37 5.88 5.49 4.39
1.11 1.59 2.02 1.95 2.12 2.76 3.26 3.81 4.98 5.35 6.17 7.28 5.15 2.27 2.01 2.55 3.23 4.39 6.22 7.29 7.25 5.98 4.89 4.71 5.33 6.05 8.17 12.20 12.08 8.18 5.33 6.03 7.09 6.45 6.36 7.08 6.09 5.16 5.35 4.30 2.83 2.14 2.37 4.25 5.88 5.49 4.07 2.52 1.30 0.93 0.85 0.75 0.79 1.06 1.16 1.14 1.45 2.17 2.62 2.32 2.29 2.76 2.95 2.99 3.24 3.51 3.61 3.84 4.01 3.48 2.54 2.23 2.18 1.93 1.81 1.78 1.71 1.84 2.39 3.10 3.75 4.94 5.79 5.42
1.08 1.58 2.06 1.91 2.01 2.56 3.11 3.63 4.35 4.84 5.82 7.64 6.89 3.63 2.95 2.84 2.74 3.27 4.51 6.31 7.75 8.25 6.81 6.18 8.09 10.37 11.56 11.84 9.05 5.67 4.60 5.46 6.92 6.32 6.03 6.88 6.33 5.15 4.88 4.35 3.20 2.22 2.09 3.34 5.48 6.04 4.76 2.94 1.61 1.09 0.98 0.86 0.92 1.18 1.31 1.30 1.51 2.22 2.87 2.80 2.63 2.85 2.99 3.07 3.36 3.64 3.70 3.80 4.05 4.10 3.77 3.26 2.75 2.22 1.84 1.57 1.36 1.32 1.52 2.01 2.56 3.49 4.85 5.58
0.98 1.53 2.11 1.88 1.86 2.35 3.04 3.68 3.91 4.20 4.99 6.89 7.70 6.26 4.94 3.49 2.53 3.03 4.09 5.36 7.30 9.19 9.13 8.50 9.48 10.73 10.00 7.70 5.87 4.68 4.24 4.98 6.47 6.27 6.03 6.62 6.38 5.43 4.53 4.15 3.48 2.55 2.28 2.77 4.68 6.15 5.23 3.26 1.93 1.31 1.15 1.03 1.07 1.30 1.41 1.38 1.47 2.10 2.79 2.92 2.87 2.98 3.05 3.17 3.45 3.69 3.78 3.84 3.97 4.11 4.29 4.20 3.60 2.89 2.32 1.84 1.37 1.19 1.27 1.43 1.88 2.64 3.54 4.54
0.93 1.49 2.13 1.92 1.77 2.16 2.94 3.64 3.72 3.67 3.98 5.34 7.04 7.72 7.15 4.69 3.23 3.75 5.17 8.37 9.98 9.77 9.44 8.60 8.67 8.72 7.50 5.94 4.78 4.23 4.28 4.89 5.77 5.83 5.99 6.52 6.45 5.61 4.47 4.08 3.68 3.09 2.80 2.79 3.90 5.78 5.56 3.47 2.19 1.66 1.33 1.20 1.30 1.49 1.55 1.53 1.57 2.06 2.74 2.95 3.01 3.11 3.19 3.36 3.58 3.77 3.85 3.91 4.01 4.08 4.34 4.68 4.43 3.61 2.90 2.39 1.72 1.32 1.27 1.23 1.31 1.82 2.58 3.39
0.91 1.46 2.16 2.00 1.77 2.16 2.82 3.44 3.56 3.36 3.35 3.99 5.25 6.80 7.76 7.46 5.60 5.79 9.03 12.02 10.58 8.24 8.11 8.15 8.56 8.76 7.52 5.65 4.44 4.26 4.57 4.74 4.81 4.83 5.49 6.67 6.83 5.61 4.57 4.29 4.00 3.66 3.39 3.28 3.63 4.90 5.32 3.79 2.60 2.10 1.62 1.42 1.49 1.64 1.67 1.64 1.70 2.17 2.79 3.03 3.10 3.21 3.34 3.51 3.71 3.87 3.92 3.96 4.04 4.15 4.39 4.83 5.03 4.51 3.63 3.04 2.34 1.62 1.39 1.36 1.23 1.15 1.44 2.21
0.88 1.43 2.23 2.14 1.84 2.33 2.99 3.38 3.43 3.23 3.16 3.27 3.74 4.80 6.34 8.10 8.96 10.29 12.15 11.30 7.88 6.46 6.82 7.87 9.16 9.45 7.59 5.38 4.74 4.72 4.72 4.39 3.98 3.91 4.43 6.05 7.20 6.32 4.97 4.63 4.44 4.15 4.03 3.95 3.88 3.99 4.31 3.59 3.00 2.49 1.90 1.72 1.70 1.75 1.72 1.65 1.75 2.28 2.89 3.16 3.18 3.25 3.45 3.62 3.79 3.96 4.01 4.00 4.05 4.19 4.45 4.83 5.18 5.17 4.65 3.94 3.07 2.09 1.67 1.57 1.38 1.18 0.98 1.02
0.86 1.38 2.22 2.33 2.06 2.48 3.08 3.47 3.64 3.41 3.14 3.03 3.20 3.97 5.19 7.16 10.88 13.36 12.03 8.26 6.67 6.35 6.40 7.11 9.21 9.94 7.03 5.51 5.33 4.92 4.72 4.44 3.96 3.51 3.69 4.79 6.53 7.08 5.93 5.13 5.00 4.70 4.56 4.47 4.02 3.28 2.71 2.75 3.04 2.70 2.07 1.94 1.93 1.88 1.78 1.69 1.75 2.26 2.90 3.25 3.29 3.28 3.40 3.65 3.83 3.99 4.11 4.05 4.04 4.17 4.49 4.88 5.11 5.33 5.28 4.89 4.00 2.69 2.07 1.92 1.65 1.32 1.03 0.82
0.91 1.36 2.04 2.41 2.48 2.63 2.83 3.34 4.03 3.87 3.19 2.96 3.13 3.83 5.26 7.18 11.88 14.50 11.18 7.70 6.96 6.62 6.50 6.91 8.69 9.93 7.86 5.96 5.69 4.94 4.52 4.31 3.83 3.44 3.64 4.28 5.37 6.65 6.54 6.05 5.85 5.20 4.81 4.68 3.84 2.37 1.44 1.75 2.62 2.65 2.17 2.09 2.06 1.98 1.90 1.83 1.88 2.32 2.95 3.29 3.43 3.51 3.37 3.59 3.86 3.97 4.13 4.09 4.00 4.09 4.43 4.82 5.04 5.38 5.52 5.38 4.88 3.46 2.52 2.49 2.11 1.43 1.01 0.85
1.01 1.40 1.89 2.34 2.89 2.86 2.56 2.87 3.97 4.53 3.75 3.10 3.29 4.31 5.68 8.29 13.13 14.40 11.72 8.67 7.58 7.09 6.96 7.09 7.66 8.76 8.57 7.01 6.03 5.19 4.53 4.12 3.66 3.76 4.08 4.39 4.98 5.70 6.04 6.68 6.81 5.67 5.00 4.76 3.54 1.86 1.08 1.19 2.03 2.41 2.20 2.11 2.09 2.05 2.02 2.02 2.09 2.48 3.09 3.43 3.67 3.82 3.62 3.66 3.97 4.04 4.15 4.13 3.91 3.97 4.32 4.64 4.83 5.27 5.78 5.88 5.51 4.06 2.83 2.82 2.66 1.75 1.00 0.84
1.12 1.53 1.90 2.32 3.04 3.00 2.59 2.67 3.26 4.44 4.59 3.61 3.93 5.28 7.70 12.19 14.45 13.54 11.34 9.64 8.15 7.07 6.82 6.56 5.99 6.56 8.24 8.40 6.94 5.70 4.89 4.38 4.05 4.24 4.39 4.37 4.65 4.83 5.43 6.86 7.35 6.21 5.33 4.69 3.16 2.10 1.45 1.19 1.74 2.32 2.35 2.20 2.14 2.12 2.10 2.14 2.28 2.66 3.13 3.46 3.82 3.97 3.86 3.87 4.12 4.26 4.29 4.31 4.03 3.77 4.01 4.40 4.60 4.85 5.66 6.41 6.27 4.78 3.16 2.88 2.88 2.25 1.31 0.84
1.15 1.68 2.08 2.38 2.98 3.08 2.85 2.90 2.99 3.83 4.65 4.34 4.49 6.83 12.14 14.99 13.82 11.95 10.65 10.02 8.84 6.67 6.04 5.65 4.95 5.12 6.79 8.61 8.34 6.62 5.31 4.77 4.67 4.62 4.53 4.40 4.17 4.13 5.36 7.13 7.30 6.42 5.64 4.26 3.04 2.60 2.06 1.65 1.89 2.39 2.54 2.43 2.29 2.20 2.15 2.17 2.37 2.81 3.19 3.48 3.83 3.99 3.99 4.05 4.24 4.48 4.50 4.63 4.61 3.95 3.55 3.87 4.25 4.44 5.18 6.39 6.86 5.96 3.94 3.11 2.88 2.38 1.79 1.20
0.89 1.71 2.38 2.44 2.93 3.12 3.07 3.10 3.15 3.69 4.30 4.69 4.80 8.27 14.67 14.75 11.79 10.98 10.13 9.84 9.04 6.87 5.66 5.42 4.97 4.89 5.83 7.83 8.98 7.89 5.89 5.07 5.05 4.83 4.76 4.68 4.11 3.85 5.55 7.44 6.86 6.17 5.58 3.71 3.00 2.90 2.50 2.04 2.08 2.40 2.57 2.55 2.45 2.34 2.26 2.24 2.44 2.95 3.30 3.59 3.86 4.00 4.12 4.18 4.34 4.64 4.69 4.90 5.33 4.81 3.71 3.33 3.56 3.75 4.38 5.78 6.90 6.82 5.54 3.93 2.99 2.40 2.01 1.65
0.59 1.48 2.46 2.66 3.09 3.25 3.08 3.07 3.34 3.83 4.24 4.89 5.34 9.87 15.43 13.88 11.26 10.46 9.34 9.18 8.87 7.28 6.04 5.72 5.15 4.93 5.50 7.24 8.90 8.46 6.42 5.46 5.37 5.15 5.08 4.84 4.21 3.80 5.55 7.55 6.54 5.44 4.73 3.54 3.06 3.05 2.76 2.33 2.30 2.50 2.60 2.60 2.54 2.44 2.33 2.31 2.55 3.08 3.34 3.58 3.87 4.04 4.22 4.24 4.37 4.73 4.91 5.13 5.74 5.81 4.61 3.50 3.25 3.12 3.08 4.29 6.09 6.87 6.66 5.73 3.94 2.62 2.18 1.96
0.71 1.28 2.07 2.74 3.43 3.45 3.06 2.97 3.34 3.94 4.65 5.47 7.03 13.09 15.99 13.20 10.73 9.43 8.25 8.64 8.93 7.72 6.66 6.11 5.37 5.14 5.58 7.02 8.23 7.83 6.82 6.41 6.08 5.64 5.42 4.75 4.00 3.94 5.47 7.35 6.23 4.27 3.66 3.30 3.11 3.27 3.08 2.66 2.56 2.66 2.71 2.71 2.64 2.56 2.43 2.39 2.68 3.12 3.34 3.54 3.79 4.03 4.29 4.31 4.43 4.79 5.11 5.46 5.94 6.34 5.84 4.45 3.61 3.20 2.77 2.90 4.53 5.90 6.44 6.68 5.71 3.43 2.63 2.17
1.08 1.35 1.67 2.47 3.47 3.70 3.34 3.21 3.49 4.06 5.10 6.84 11.34 16.23 15.40 11.35 9.60 8.66 7.92 8.59 9.19 8.28 7.17 6.33 5.69 5.59 6.00 6.75 7.26 6.63 6.12 7.04 7.11 5.98 5.76 4.87 3.97 4.46 5.62 6.55 5.15 3.38 3.14 2.99 3.02 3.33 3.29 2.96 2.83 2.83 2.82 2.85 2.81 2.76 2.68 2.60 2.81 3.11 3.34 3.56 3.72 3.98 4.19 4.26 4.58 5.03 5.35 5.79 6.16 6.47 6.59 5.82 4.35 3.41 2.93 2.69 3.28 4.61 5.30 6.20 6.38 4.93 3.59 2.56
1.27 1.49 1.83 2.33 2.84 3.48 3.92 3.86 3.84 4.79 5.95 8.94 15.60 16.68 11.87 9.12 8.82 8.23 7.46 8.51 9.61 8.87 7.57 6.64 6.14 6.20 6.40 6.46 6.54 5.89 5.45 6.82 7.43 6.78 6.55 5.41 4.32 4.67 4.97 4.77 3.75 3.14 3.10 2.89 2.94 3.25 3.30 3.14 3.05 3.02 2.99 2.95 2.82 2.84 2.97 2.91 2.91 3.10 3.37 3.57 3.72 3.98 3.99 3.97 4.52 5.31 5.75 6.11 6.39 6.67 6.94 6.73 5.41 3.87 3.16 2.63 2.63 3.69 4.42 5.18 5.97 5.45 4.13 3.06
1.02 1.75 2.44 2.35 2.27 2.80 4.01 4.29 4.55 6.36 7.94 13.00 17.16 13.35 8.62 8.13 8.18 8.04 7.49 8.28 9.54 9.31 8.14 7.27 6.77 6.69 6.62 6.24 6.05 5.66 5.48 6.23 6.90 7.43 7.53 6.00 4.48 4.16 3.53 2.74 2.80 3.05 3.13 2.96 2.98 3.20 3.28 3.26 3.25 3.23 3.24 3.24 2.94 2.74 3.02 3.05 2.98 3.14 3.42 3.62 3.79 3.98 3.83 3.59 4.06 5.07 5.88 6.34 6.67 7.10 7.26 7.26 6.64 4.98 3.52 2.34 2.16 3.25 4.13 4.64 5.45 5.39 4.12 2.99
0.52 1.87 3.02 2.55 2.38 2.88 3.62 4.22 5.47 7.32 10.31 16.34 16.62 9.46 7.48 7.78 7.94 8.59 8.62 8.55 8.81 8.86 8.54 8.21 7.62 7.03 6.53 5.83 5.62 5.68 5.74 6.10 6.53 7.40 8.01 6.62 4.48 3.33 2.31 1.84 2.51 3.15 3.29 3.21 3.19 3.28 3.33 3.39 3.48 3.49 3.53 3.78 3.67 3.02 2.83 2.76 2.84 3.16 3.36 3.63 3.90 3.95 3.70 3.35 3.50 4.28 5.16 5.83 6.49 7.27 7.58 7.60 7.68 6.56 3.77 2.02 2.00 3.26 4.44 5.01 5.21 5.11 4.29 2.96
0.21 1.65 3.23 3.17 2.88 3.22 3.77 4.43 5.87 7.17 12.01 16.35 13.29 8.44 7.69 7.78 8.24 9.45 9.62 8.29 7.76 8.08 8.55 8.86 8.31 7.41 6.58 5.92 5.73 6.03 6.27 6.63 6.54 6.68 7.87 7.02 4.39 2.67 2.01 2.05 2.56 3.19 3.44 3.45 3.44 3.48 3.52 3.58 3.67 3.73 3.85 4.38 4.63 3.95 3.01 2.22 2.46 3.10 3.25 3.53 3.87 3.91 3.69 3.36 3.40 3.89 4.36 4.78 5.39 6.45 7.33 7.72 8.25 7.58 4.64 2.26 2.30 3.37 4.97 5.53 4.69 4.60 4.52 3.07
0.56 1.48 2.94 3.63 3.49 3.66 4.26 5.04 6.11 6.71 11.09 16.53 13.28 8.78 8.11 7.82 8.62 10.09 9.50 7.32 7.19 7.81 8.44 8.98 8.43 7.32 6.57 6.53 6.41 6.36 6.65 7.00 6.29 5.89 7.26 6.47 3.98 2.61 2.27 2.44 2.75 3.19 3.48 3.61 3.61 3.66 3.74 3.79 3.85 4.04 4.36 4.92 5.33 4.96 3.47 1.98 2.13 2.86 3.25 3.54 3.71 3.79 3.78 3.58 3.51 4.03 4.53 4.59 4.66 5.07 6.08 7.39 8.56 8.23 5.75 3.31 2.66 3.32 5.29 5.87 4.53 4.49 4.49 2.93
1.30 1.83 2.57 3.31 3.90 4.45 5.15 5.81 6.62 6.77 9.45 16.63 15.64 9.39 8.00 7.69 8.78 9.97 8.35 7.02 7.44 7.94 8.46 8.61 7.96 7.20 6.83 7.06 6.90 6.39 6.59 6.77 5.72 5.23 5.95 5.13 3.60 2.69 2.49 2.70 3.00 3.30 3.58 3.75 3.77 3.81 3.90 3.94 4.04 4.46 5.03 5.52 5.96 5.58 3.93 2.35 2.13 2.50 3.25 3.76 3.57 3.49 3.78 3.79 3.68 4.27 4.91 4.71 4.56 4.75 4.96 6.24 8.40 8.57 6.41 4.30 3.20 3.25 5.14 6.03 5.14 4.87 4.27 2.70
2.48 2.57 2.66 2.80 3.60 4.83 5.86 6.88 7.65 7.25 10.21 16.78 15.32 9.06 7.46 7.56 8.61 9.16 7.84 7.40 7.84 8.05 8.37 8.11 7.62 7.61 7.44 7.28 7.03 6.30 6.37 6.54 5.22 4.15 4.00 4.07 3.35 2.77 2.60 2.77 3.13 3.45 3.74 3.96 4.01 3.98 4.05 4.10 4.35 4.92 5.53 6.18 6.66 6.00 4.58 3.32 2.55 2.58 3.44 3.96 3.50 3.19 3.50 3.73 3.89 4.53 5.09 4.87 4.73 4.96 4.98 5.48 7.47 8.47 6.84 5.00 4.14 3.73 4.31 5.57 5.82 5.09 3.90 3.10
3.88 3.38 2.85 2.90 3.51 4.52 5.64 7.69 8.92 9.61 14.22 16.64 12.23 7.71 6.89 7.29 8.38 8.34 7.50 7.66 8.09 8.12 8.04 7.85 7.77 8.07 7.75 7.35 7.19 6.14 5.62 6.26 5.14 3.16 3.00 3.59 3.36 2.90 2.73 2.87 3.22 3.55 3.80 4.08 4.26 4.19 4.16 4.36 4.87 5.35 5.87 6.86 7.42 6.50 5.26 4.24 3.28 3.16 3.57 3.91 3.46 3.06 3.25 3.53 3.91 4.52 5.00 5.00 4.98 5.18 5.32 5.52 6.68 7.85 6.84 5.46 5.24 4.79 3.90 4.64 5.79 5.15 4.44 3.70
