windninja/windninja_output/Output_2025-08-09_1300-1350_Google earth_Fire_150m_10min/merlingen_7.5mi_point_08-09-2025_1320_150m_ang.asc
ncols	158
nrows	163
xllcorner	391686.332397
yllcorner	5160024.123721
cellsize	150.000000
NODATA_value	-32768.000000
[rows 0 to 46 of 163, columns 0 to 95 of 158]
4 2 359 358 358 359 360 359 358 359 359 0 2 3 4 3 1 355 352 352 352 353 356 358 360 0 359 356 356 358 359 359 359 357 356 358 359 358 355 354 354 355 356 356 354 355 355 352 350 352 354 355 355 357 358 358 357 355 354 353 353 354 354 353 352 353 353 353 352 352 352 352 352 351 349 350 352 351 348 347 348 349 347 346 346 343 342 342 341 339 338 337 337 337 336 333
6 3 359 357 357 359 1 0 358 357 358 360 2 4 5 5 2 357 353 353 352 351 353 357 1 2 360 357 356 358 360 359 359 358 356 358 360 358 356 355 355 355 356 355 355 355 356 353 350 350 352 353 354 357 358 358 357 355 354 354 354 354 354 353 352 353 353 353 353 352 352 353 352 351 350 351 353 352 349 348 350 350 348 348 348 344 344 345 344 342 340 338 338 338 339 339
7 4 0 358 358 360 3 2 358 355 355 359 2 3 5 4 1 358 355 354 354 351 349 355 2 4 2 359 359 0 1 360 359 357 356 357 358 358 357 357 355 355 355 354 354 354 355 355 354 352 351 352 355 357 357 357 355 355 355 355 354 353 353 353 353 353 353 353 352 352 353 353 352 350 350 352 354 352 350 351 353 353 351 351 350 347 347 349 350 349 345 342 343 344 344 344
2 3 2 1 0 1 1 359 356 355 356 360 2 2 2 1 359 358 358 358 358 353 349 352 358 2 3 2 2 2 2 1 359 356 355 356 356 357 357 356 354 354 353 353 353 354 354 356 357 356 354 355 357 358 357 355 354 354 354 355 355 354 353 353 354 353 353 353 352 353 354 353 351 350 351 352 352 351 352 353 354 355 353 352 350 348 349 350 351 352 352 349 347 347 347 346
356 360 3 3 2 0 357 354 354 357 1 2 1 1 358 357 359 359 0 2 0 355 350 349 353 358 1 2 2 2 3 3 0 357 356 356 357 356 355 353 353 353 352 352 353 354 355 356 357 357 358 358 358 358 357 356 355 354 354 354 354 354 354 354 354 353 353 353 352 354 355 353 351 351 352 351 349 349 352 355 355 353 353 352 350 348 348 347 347 350 353 353 350 349 348 348
354 356 1 3 2 359 355 353 354 359 3 2 360 358 356 356 360 2 3 4 1 355 349 346 347 351 356 0 1 1 2 2 0 360 359 358 356 354 353 353 353 352 352 353 354 355 356 357 357 358 0 0 359 358 358 357 355 354 353 353 354 354 354 354 354 353 353 353 353 355 357 355 351 351 353 353 351 349 351 357 357 352 349 350 350 349 348 342 340 343 346 349 350 349 348 348
357 356 357 359 359 359 357 355 358 1 2 0 358 356 355 356 0 4 5 3 1 357 349 343 342 346 352 355 357 359 359 359 359 0 1 358 355 354 354 354 354 353 353 354 355 356 357 357 358 359 1 1 360 359 358 356 354 353 353 352 353 354 355 355 355 354 353 352 353 355 357 356 353 352 353 354 354 353 355 359 357 351 349 349 350 350 348 342 336 335 335 337 342 345 345 345
359 358 356 355 356 357 358 360 1 1 359 357 356 355 355 356 359 3 4 3 2 359 354 346 340 343 348 350 353 356 356 355 357 359 358 356 355 355 356 356 356 356 355 356 356 356 356 357 358 359 0 360 360 0 359 356 354 353 352 351 351 353 356 357 357 356 353 352 353 355 355 354 355 355 354 354 354 356 360 359 353 349 349 350 351 351 350 346 340 333 329 329 332 336 341 342
359 359 358 356 355 356 359 2 1 359 356 354 352 353 355 357 359 360 2 3 1 360 357 352 345 343 345 348 351 353 352 352 355 357 356 354 355 357 358 358 358 358 357 356 356 355 356 356 357 359 359 358 359 360 358 355 353 352 351 350 351 352 353 356 358 357 353 352 353 355 354 352 355 357 356 354 355 359 2 359 351 347 346 348 349 350 351 349 346 343 341 339 338 338 341 338
360 0 360 359 358 358 359 0 359 357 355 352 349 349 352 356 358 357 359 1 1 360 358 355 352 346 345 348 351 352 350 350 353 355 355 355 357 358 359 360 359 358 357 356 356 356 356 356 356 357 358 358 358 356 354 353 352 351 351 352 352 350 350 352 354 353 351 351 353 357 356 354 354 356 357 356 356 358 359 355 351 348 346 344 343 344 346 346 346 348 349 346 343 343 342 337
1 1 0 0 360 360 359 359 358 356 354 352 349 348 350 353 355 355 355 357 358 359 359 357 355 351 349 350 352 350 349 351 352 353 354 357 359 360 360 359 359 359 357 357 357 356 355 356 357 357 356 356 356 353 351 351 351 350 352 354 352 348 347 346 344 344 346 348 354 358 357 355 354 355 358 360 358 355 351 349 350 351 350 345 339 339 339 338 340 347 350 345 342 344 343 337
2 1 1 1 0 360 359 358 357 356 354 353 350 348 348 349 351 353 353 353 354 356 358 359 357 356 355 353 351 350 350 351 351 351 354 357 359 359 358 358 359 359 359 360 0 359 358 359 1 359 353 352 350 347 345 347 350 351 353 354 349 341 335 331 329 331 335 343 351 353 353 353 354 355 358 359 357 353 348 345 348 351 352 348 342 341 340 336 338 345 346 341 340 342 340 337
2 2 1 1 1 360 358 358 357 356 355 353 352 350 347 345 345 349 351 351 351 353 357 359 0 2 0 356 352 351 351 352 351 351 355 358 358 357 356 358 359 359 0 2 3 4 7 11 12 5 356 351 345 337 330 331 340 350 360 2 341 322 310 304 304 309 315 327 338 343 346 351 352 352 352 353 353 352 349 348 348 348 349 347 344 344 343 339 342 347 345 341 340 340 337 334
3 2 2 1 0 360 359 358 357 356 355 354 353 352 349 344 341 342 346 348 349 352 356 1 4 5 2 357 354 353 352 351 350 352 355 357 356 355 356 358 359 1 5 8 10 13 17 19 18 13 8 2 356 348 330 314 317 340 5 3 348 336 326 316 308 300 298 305 316 327 338 344 346 346 346 346 346 347 349 349 347 345 344 344 344 346 343 341 344 346 343 340 339 338 332 328
4 3 2 1 0 360 359 359 358 356 355 354 353 353 352 349 343 340 341 344 348 352 357 2 5 3 0 358 356 356 355 352 350 352 353 354 357 359 360 2 6 15 25 26 23 24 19 11 12 15 13 7 3 360 356 351 346 348 354 354 350 345 341 341 339 329 320 313 308 313 325 334 338 341 343 342 341 342 345 344 340 339 340 341 344 345 342 342 345 345 339 331 329 328 322 318
4 3 2 1 1 360 359 359 358 357 355 354 352 350 351 350 348 346 344 344 348 353 358 2 3 0 358 359 359 357 355 353 354 355 355 356 1 6 12 18 25 30 26 17 12 13 10 3 3 8 8 5 1 358 359 2 2 357 353 350 347 346 345 349 350 345 338 331 325 318 317 320 326 334 339 340 340 342 342 337 335 336 336 337 341 342 340 341 345 346 338 327 324 324 319 313
4 4 3 2 1 0 359 358 357 356 355 353 351 349 346 346 348 350 350 349 350 353 357 0 0 359 358 358 358 357 354 355 359 3 6 10 13 16 20 20 17 11 6 7 8 6 6 6 360 355 358 0 358 357 359 4 6 2 354 349 347 347 348 351 350 347 344 339 337 334 324 314 313 322 332 337 342 343 339 336 337 338 336 336 338 338 339 338 333 336 339 338 338 336 332 327
4 4 3 2 1 0 359 358 357 356 355 353 351 348 344 342 345 349 352 352 353 354 356 357 358 359 359 357 355 355 356 1 8 15 17 14 10 8 8 7 6 4 3 5 7 5 3 3 359 353 352 355 357 358 0 3 4 2 356 350 349 350 352 352 349 347 345 343 342 340 335 327 321 320 324 332 338 339 335 334 337 337 336 338 341 339 341 341 332 329 332 338 342 341 340 339
5 4 4 3 2 1 359 358 357 356 355 354 351 349 345 343 343 347 351 353 355 355 355 355 356 358 358 356 355 356 1 8 13 14 12 10 7 5 4 3 3 4 4 5 5 4 359 355 355 355 353 352 355 358 359 359 359 359 356 352 351 353 354 352 349 346 346 347 346 341 339 338 334 330 327 325 327 328 325 326 329 328 332 340 346 349 349 345 339 334 331 335 338 340 342 345
5 4 3 3 2 1 359 358 357 356 356 354 352 350 348 345 345 348 351 353 354 355 355 355 356 357 358 358 358 360 4 10 13 12 11 10 7 3 2 1 2 3 4 4 3 0 357 355 354 356 356 354 353 354 354 355 357 358 356 353 353 355 354 351 347 345 345 347 346 342 342 344 343 341 339 335 331 327 324 327 330 331 335 341 345 348 349 348 343 338 337 338 338 338 340 343
6 5 3 2 2 1 360 358 357 356 355 354 353 351 350 349 349 350 352 353 354 354 355 355 356 357 358 360 1 2 5 9 12 10 7 5 3 1 360 1 2 3 4 4 1 358 358 358 356 356 356 355 352 350 349 351 354 356 357 356 356 357 353 349 346 344 345 345 343 344 348 349 347 344 343 345 348 348 347 344 340 340 341 341 343 345 347 348 343 339 341 343 341 339 339 339
5 5 4 3 2 0 359 359 358 356 355 354 353 352 351 351 351 352 352 352 353 354 355 355 357 358 360 1 2 3 4 7 7 3 0 0 1 1 1 2 4 5 4 2 0 359 359 358 356 356 356 356 354 351 349 349 350 352 356 359 359 357 353 349 345 343 343 343 344 348 353 355 350 344 342 346 350 352 354 352 349 347 346 344 344 345 347 347 341 340 344 348 347 343 342 340
5 5 4 3 1 0 359 359 358 356 355 354 354 353 352 352 352 352 352 353 354 355 355 356 357 359 1 2 3 3 2 2 360 358 358 358 0 4 4 4 4 4 4 3 2 360 358 357 357 356 356 356 355 354 351 349 349 350 354 359 359 355 352 348 343 342 343 345 349 355 358 357 352 346 343 344 347 350 352 355 356 356 353 349 345 343 345 345 342 343 347 352 351 345 343 342
5 5 4 2 1 0 359 359 358 356 355 354 354 353 352 352 352 352 352 353 354 355 355 357 358 360 2 4 5 3 360 357 355 356 359 360 2 5 5 3 2 2 3 4 1 357 358 359 358 357 356 356 356 354 352 350 349 350 352 356 357 354 349 343 340 342 346 349 356 2 2 358 350 345 346 348 348 345 346 353 359 0 359 357 350 343 340 340 340 343 350 356 353 345 343 342
5 5 3 2 1 0 360 359 357 356 355 354 353 353 353 352 352 352 352 353 354 355 356 357 359 1 5 8 7 1 358 354 353 356 360 2 4 4 2 0 359 360 1 360 357 358 1 2 0 358 357 356 355 353 353 352 351 352 353 354 354 351 344 340 340 343 348 356 4 7 3 353 344 344 350 355 350 341 341 348 355 358 0 2 357 347 339 336 336 341 352 359 354 346 344 343
5 5 3 2 1 0 359 358 356 355 355 354 353 352 353 353 352 352 352 353 353 354 356 357 359 3 8 10 8 3 358 354 351 353 357 2 5 5 0 358 357 357 356 355 356 2 5 3 2 360 358 357 354 352 351 352 354 357 357 353 348 342 341 343 348 350 355 3 10 8 357 343 340 346 354 360 355 342 337 342 347 352 358 1 359 353 347 343 339 341 351 357 354 350 347 346
5 5 3 2 1 360 359 357 356 355 355 354 353 352 352 352 352 352 352 353 353 354 355 357 359 3 7 9 8 7 3 357 351 348 352 359 3 4 0 356 355 354 352 353 358 3 5 4 2 360 0 359 356 352 348 351 358 3 0 352 342 336 338 346 355 0 4 9 10 3 349 341 342 348 356 1 359 349 338 336 339 345 352 355 356 355 354 352 348 345 349 352 351 351 351 350
5 4 3 2 1 360 358 356 355 355 355 354 353 352 351 351 351 351 352 353 353 353 354 356 359 2 5 7 8 9 9 3 355 350 348 352 357 0 359 356 354 352 351 353 357 360 2 4 3 0 0 1 358 354 350 353 1 3 357 349 341 336 338 348 359 6 10 11 6 355 345 343 346 351 357 359 357 352 344 337 334 339 345 346 348 352 357 357 353 351 350 347 345 348 351 352
5 4 3 2 0 359 357 356 355 355 354 354 353 352 351 351 351 351 352 352 352 353 354 355 357 0 1 1 5 9 12 9 3 357 351 349 352 356 357 356 354 352 352 353 355 358 360 3 4 1 358 359 359 357 356 357 359 359 354 346 341 343 348 355 1 7 10 8 358 348 345 348 352 356 359 357 352 350 349 341 334 335 338 339 340 347 355 355 354 355 354 348 342 341 345 348
4 4 3 2 0 358 357 356 355 355 354 353 352 352 351 350 350 351 351 351 352 353 354 355 356 356 355 356 1 6 9 10 8 1 353 351 352 354 354 354 353 353 355 355 356 357 359 360 0 360 359 359 360 1 1 1 358 355 351 345 341 347 358 3 5 6 6 1 351 344 343 350 358 2 2 356 351 350 351 344 336 333 334 335 337 344 349 348 349 354 357 352 342 336 335 339
4 3 2 1 360 357 356 356 355 354 353 352 352 351 350 350 350 350 350 351 351 352 353 354 354 352 351 352 357 2 7 9 7 359 353 352 353 352 352 352 352 353 356 357 358 358 357 355 354 358 0 359 1 5 6 6 2 354 349 345 344 352 5 12 10 4 360 355 346 340 342 352 0 1 358 355 353 354 353 348 341 337 334 334 338 343 344 344 346 352 356 355 346 333 325 324
4 3 2 1 359 357 356 355 354 354 353 352 351 351 350 350 349 349 350 350 351 351 352 353 352 350 350 352 357 4 7 4 0 356 353 353 353 350 349 352 353 354 356 358 359 358 355 351 352 357 359 360 3 8 10 10 6 357 348 346 350 359 9 14 9 359 354 351 345 342 347 353 352 352 353 354 355 355 354 352 350 346 340 335 336 337 338 340 344 348 352 354 349 335 321 317
3 3 2 360 358 356 356 355 354 353 352 352 351 350 350 350 350 349 349 349 349 350 351 352 350 349 349 351 357 1 1 358 357 356 354 352 350 347 348 352 355 356 357 358 358 357 354 352 356 358 358 359 2 7 12 9 4 0 355 352 355 2 8 11 7 357 350 347 346 348 351 350 347 348 352 354 355 355 355 355 357 355 347 339 336 334 334 338 344 347 348 349 346 337 328 324
3 3 1 359 356 356 355 354 353 352 351 351 350 350 350 350 350 349 349 349 349 349 349 350 349 349 348 350 352 353 353 354 357 359 357 349 346 347 350 355 357 359 359 359 359 357 355 357 360 360 360 360 0 4 9 6 359 358 1 2 1 1 3 6 6 1 351 343 343 348 351 350 349 351 353 352 352 352 353 358 4 3 354 345 341 342 343 343 346 350 351 348 341 334 333 333
2 2 1 358 355 355 354 354 352 351 350 350 349 349 349 350 349 349 349 349 349 348 348 347 348 348 349 349 348 347 347 351 355 358 357 352 347 349 354 358 0 2 2 3 2 359 358 1 1 1 1 2 2 3 4 2 356 354 0 6 6 2 359 0 4 4 357 344 338 342 349 353 353 355 353 350 349 347 349 358 6 6 1 353 347 347 349 349 349 351 352 348 340 334 333 336
1 1 359 357 355 355 354 353 352 351 350 349 349 349 349 349 349 349 349 349 348 348 347 346 346 347 348 349 348 346 344 347 351 352 355 357 355 354 358 2 5 8 8 6 4 1 1 1 1 1 3 3 3 3 0 358 356 355 358 5 9 4 358 355 0 5 1 349 338 338 347 355 357 357 353 349 347 345 345 352 1 5 5 2 356 349 348 351 352 351 348 345 340 335 332 335
1 359 357 355 355 355 353 352 351 351 350 349 349 349 349 349 348 349 349 348 348 348 347 347 346 346 347 349 350 346 341 343 345 347 353 360 2 3 6 10 12 12 9 7 4 2 2 1 1 2 2 2 2 1 358 358 359 360 360 4 8 5 357 351 354 0 0 352 344 344 351 356 356 353 350 349 350 351 351 347 351 0 6 8 4 351 344 349 352 348 345 342 340 336 335 338
359 358 355 354 354 354 353 351 351 350 349 349 349 349 349 349 349 349 349 348 348 348 348 347 346 346 346 349 349 343 340 340 341 346 353 360 7 13 16 15 13 10 7 5 3 2 2 2 3 4 1 359 360 0 358 357 359 2 3 3 6 5 358 351 350 354 356 352 351 356 359 355 348 347 351 353 351 354 357 353 351 356 2 6 4 355 347 347 348 346 343 341 338 334 337 345
357 356 354 353 353 353 352 351 350 349 349 349 349 349 349 348 348 348 348 348 348 348 348 347 346 346 346 346 343 339 339 339 341 347 353 2 14 20 18 14 10 7 4 2 2 2 1 1 3 3 360 358 359 1 360 356 358 1 3 3 5 6 3 357 353 352 351 352 358 3 359 350 348 352 358 355 349 351 358 0 358 357 359 359 358 357 354 349 346 345 345 342 334 330 337 349
354 353 353 353 353 352 351 350 349 349 349 350 349 349 349 349 349 349 348 348 348 348 348 347 346 346 344 342 338 336 337 338 341 346 353 6 14 15 14 12 9 5 1 359 1 2 0 359 0 1 0 357 357 359 359 357 356 358 0 1 4 9 12 7 359 353 351 354 1 358 350 348 352 0 2 352 347 351 356 2 5 4 0 355 352 355 354 349 346 347 349 343 332 330 339 347
353 351 352 352 352 352 351 350 349 349 350 350 349 349 349 349 349 349 349 348 348 348 348 348 347 346 343 340 337 336 336 336 339 344 355 7 8 8 10 10 8 4 360 358 359 0 1 359 358 360 0 355 351 352 356 358 356 356 359 2 7 14 19 16 4 355 355 358 358 351 348 351 358 2 357 347 348 353 354 360 7 9 5 357 353 351 349 349 347 347 348 342 335 335 339 343
353 351 352 352 352 352 351 350 350 350 350 350 350 349 349 350 350 350 349 349 348 349 349 348 347 346 344 341 340 338 337 338 339 344 355 2 4 4 4 4 3 1 1 1 358 357 358 359 359 359 358 354 350 349 353 358 359 358 1 7 13 17 18 16 9 359 357 358 354 352 356 359 358 355 348 344 350 356 356 360 6 6 3 359 353 349 351 353 351 348 345 342 341 341 339 342
353 353 353 353 353 352 351 351 351 351 351 350 350 350 350 350 350 350 350 349 349 349 349 348 348 347 345 343 341 340 340 341 343 346 351 356 360 359 356 356 357 359 2 360 356 355 358 1 1 358 355 354 353 352 354 358 3 5 9 15 16 12 9 10 9 2 355 355 355 359 4 2 356 351 345 345 355 0 1 2 4 2 359 354 349 350 358 2 357 350 344 343 344 343 343 347
353 354 354 354 353 352 352 352 351 352 351 351 351 351 351 351 351 351 350 350 350 350 349 349 349 348 347 345 342 341 341 343 345 346 348 350 352 351 351 352 355 359 359 355 355 359 3 5 3 358 354 354 356 358 359 2 8 12 15 16 13 5 1 2 2 358 353 353 358 4 5 2 358 353 349 352 0 5 5 3 1 360 354 347 347 355 7 7 0 352 347 345 342 339 345 353
355 355 355 354 353 353 353 353 352 352 352 352 351 352 351 351 351 351 351 351 351 351 350 350 350 349 347 346 345 344 343 344 345 345 345 345 343 344 347 351 356 358 355 354 358 5 8 5 0 355 353 357 1 3 6 10 13 15 15 11 7 2 358 354 351 350 351 353 359 4 4 3 2 359 357 2 8 11 10 5 359 353 347 344 351 6 11 7 2 355 350 345 337 335 345 357
357 357 356 355 354 354 354 354 353 353 353 352 352 353 352 352 352 352 352 352 352 352 351 351 350 349 348 347 347 346 345 345 345 345 344 341 338 340 345 350 353 354 354 356 3 8 7 1 354 352 355 2 7 10 14 17 18 15 9 4 2 360 355 350 345 345 349 353 358 1 2 4 5 6 7 11 14 14 11 3 354 347 344 348 2 10 8 5 3 359 352 342 334 335 348 359
359 358 356 356 356 356 355 354 354 354 354 354 353 353 353 353 353 353 353 353 352 352 352 352 351 350 350 349 348 347 346 346 345 344 343 341 340 340 342 346 348 350 354 360 5 6 1 355 351 354 1 8 15 19 19 20 18 11 1 357 357 355 351 347 345 346 350 355 359 360 0 3 7 11 14 17 17 13 6 358 351 347 349 358 7 8 4 1 1 360 353 341 336 341 352 0
