windninja/windninja_output/Output_2025-08-09_1300-1350_Google earth_Fire_150m_10min/merlingen_7.5mi_point_08-09-2025_1350_150m_vel.asc
ncols	158
nrows	163
xllcorner	391686.332397
yllcorner	5160024.123721
cellsize	150.000000
NODATA_value	-32768.000000
[rows 0 to 37 of 163, columns 0 to 83 of 158]
1.15 1.10 1.06 1.09 1.12 1.14 1.12 1.09 1.09 1.09 1.06 0.97 0.81 0.64 0.55 0.52 0.50 0.53 0.62 0.78 0.93 1.02 1.10 1.14 1.14 1.09 1.01 1.00 1.08 1.12 1.10 1.05 0.99 0.96 0.99 1.02 0.96 0.88 0.88 0.92 0.98 1.04 1.05 1.04 1.09 1.12 1.12 1.20 1.44 1.71 1.87 1.98 2.06 2.08 2.01 1.89 1.77 1.69 1.70 1.78 1.83 1.83 1.81 1.81 1.87 1.92 1.93 1.92 1.94 1.98 2.00 1.97 1.90 1.86 1.93 1.98 1.92 1.79 1.76 1.84 1.85 1.76 1.68 1.62
1.16 1.13 1.10 1.09 1.10 1.09 1.03 0.97 0.96 0.98 0.99 0.97 0.90 0.83 0.78 0.75 0.78 0.83 0.94 1.05 1.08 1.11 1.17 1.21 1.19 1.14 1.10 1.10 1.10 1.07 1.04 1.03 1.03 1.04 1.07 1.09 1.09 1.10 1.14 1.14 1.16 1.20 1.24 1.31 1.39 1.43 1.49 1.54 1.61 1.67 1.72 1.77 1.80 1.77 1.74 1.73 1.74 1.78 1.81 1.81 1.79 1.80 1.83 1.87 1.90 1.91 1.92 1.93 1.96 2.00 2.00 1.96 1.94 1.97 2.02 1.99 1.91 1.88 1.93 1.94 1.85 1.75 1.71 1.66
1.21 1.22 1.20 1.15 1.11 1.04 0.97 0.95 0.98 1.04 1.10 1.09 1.06 1.06 1.08 1.14 1.24 1.30 1.34 1.32 1.25 1.22 1.23 1.24 1.23 1.22 1.21 1.18 1.12 1.04 1.02 1.05 1.09 1.16 1.22 1.26 1.32 1.40 1.42 1.42 1.44 1.47 1.54 1.66 1.75 1.82 1.91 1.96 1.88 1.75 1.71 1.70 1.63 1.57 1.61 1.70 1.82 1.89 1.92 1.90 1.88 1.89 1.93 1.95 1.94 1.92 1.93 1.97 2.02 2.03 1.98 1.95 2.01 2.08 2.07 2.01 2.01 2.08 2.11 2.03 1.91 1.83 1.80 1.75
1.27 1.28 1.26 1.21 1.16 1.11 1.13 1.24 1.35 1.39 1.32 1.20 1.13 1.13 1.19 1.34 1.43 1.46 1.43 1.35 1.26 1.25 1.26 1.25 1.31 1.38 1.39 1.36 1.31 1.28 1.26 1.23 1.22 1.29 1.37 1.41 1.43 1.43 1.46 1.56 1.67 1.74 1.82 1.91 1.97 2.03 2.05 2.04 2.03 2.02 1.98 1.88 1.81 1.80 1.81 1.83 1.84 1.85 1.86 1.91 1.96 1.97 1.96 1.94 1.93 1.94 1.96 1.99 2.02 2.00 1.95 1.96 1.99 1.97 1.93 1.94 2.03 2.11 2.08 1.98 1.94 1.95 1.94 1.91
1.26 1.27 1.28 1.26 1.22 1.23 1.30 1.40 1.45 1.38 1.24 1.16 1.16 1.20 1.30 1.39 1.40 1.36 1.29 1.23 1.20 1.24 1.28 1.32 1.41 1.50 1.59 1.64 1.64 1.64 1.62 1.59 1.58 1.58 1.55 1.52 1.50 1.55 1.68 1.81 1.90 1.99 2.09 2.14 2.13 2.11 2.06 2.01 2.02 2.02 1.93 1.83 1.81 1.83 1.82 1.80 1.80 1.81 1.85 1.89 1.91 1.92 1.92 1.92 1.93 1.95 1.97 1.99 1.99 1.94 1.89 1.89 1.91 1.91 1.88 1.84 1.84 1.89 1.94 1.91 1.84 1.85 1.95 2.04
1.19 1.20 1.24 1.28 1.30 1.32 1.36 1.36 1.27 1.12 1.06 1.08 1.13 1.20 1.31 1.33 1.27 1.18 1.09 1.07 1.11 1.17 1.23 1.30 1.38 1.45 1.51 1.58 1.67 1.74 1.78 1.84 1.91 1.90 1.81 1.75 1.80 1.92 2.03 2.07 2.08 2.10 2.11 2.07 2.01 1.95 1.90 1.87 1.85 1.82 1.78 1.75 1.73 1.72 1.72 1.76 1.80 1.86 1.89 1.91 1.92 1.92 1.93 1.95 1.96 1.97 1.98 2.01 2.02 1.97 1.91 1.88 1.93 1.98 1.98 1.96 1.94 1.92 1.87 1.77 1.71 1.76 1.91 2.04
1.16 1.14 1.14 1.20 1.28 1.32 1.32 1.25 1.11 1.01 1.02 1.07 1.12 1.18 1.25 1.25 1.22 1.18 1.17 1.18 1.19 1.21 1.23 1.24 1.30 1.31 1.31 1.39 1.53 1.64 1.73 1.84 1.93 1.96 1.99 2.06 2.15 2.18 2.16 2.10 2.06 2.00 1.91 1.80 1.74 1.72 1.72 1.72 1.72 1.70 1.71 1.74 1.75 1.73 1.72 1.76 1.82 1.87 1.90 1.95 2.03 2.08 2.09 2.05 2.01 2.00 2.01 2.04 2.05 2.05 2.10 2.17 2.20 2.15 2.13 2.16 2.17 2.11 1.92 1.77 1.82 2.00 2.07 2.06
1.17 1.15 1.12 1.12 1.14 1.16 1.15 1.07 0.98 0.97 1.03 1.10 1.18 1.23 1.25 1.24 1.21 1.22 1.27 1.30 1.32 1.34 1.31 1.28 1.28 1.27 1.29 1.38 1.43 1.47 1.57 1.68 1.72 1.75 1.87 2.01 2.05 2.00 1.93 1.86 1.79 1.72 1.65 1.58 1.55 1.56 1.57 1.58 1.59 1.59 1.60 1.67 1.75 1.76 1.77 1.82 1.87 1.91 1.98 2.08 2.15 2.18 2.18 2.17 2.12 2.06 2.05 2.08 2.09 2.10 2.18 2.30 2.31 2.24 2.16 2.11 2.09 2.01 1.86 1.81 1.95 2.12 2.20 2.22
1.16 1.15 1.13 1.09 1.04 0.99 0.95 0.93 0.94 0.99 1.05 1.12 1.19 1.25 1.29 1.27 1.24 1.26 1.29 1.31 1.36 1.39 1.40 1.40 1.37 1.34 1.37 1.38 1.33 1.34 1.45 1.53 1.55 1.60 1.67 1.70 1.65 1.59 1.54 1.50 1.45 1.42 1.41 1.43 1.47 1.47 1.46 1.46 1.48 1.50 1.56 1.60 1.60 1.64 1.76 1.88 1.96 2.02 2.06 2.04 1.96 1.88 1.91 1.98 2.01 2.04 2.10 2.17 2.17 2.13 2.10 2.05 2.00 2.00 2.00 1.97 1.93 1.85 1.79 1.83 1.99 2.14 2.29 2.47
1.13 1.12 1.11 1.09 1.04 0.99 0.94 0.95 0.99 1.03 1.07 1.11 1.14 1.18 1.21 1.22 1.24 1.29 1.33 1.39 1.45 1.47 1.50 1.52 1.49 1.45 1.43 1.39 1.35 1.39 1.48 1.50 1.47 1.51 1.53 1.49 1.41 1.35 1.31 1.29 1.30 1.33 1.37 1.39 1.39 1.37 1.38 1.39 1.40 1.41 1.44 1.47 1.49 1.59 1.74 1.83 1.86 1.84 1.76 1.61 1.49 1.48 1.47 1.48 1.64 1.89 2.07 2.13 2.08 2.00 1.91 1.84 1.82 1.85 1.87 1.83 1.76 1.76 1.91 2.19 2.40 2.47 2.46 2.52
1.12 1.11 1.10 1.08 1.05 1.03 1.03 1.04 1.05 1.06 1.08 1.09 1.10 1.11 1.12 1.16 1.22 1.29 1.34 1.42 1.51 1.57 1.60 1.59 1.58 1.58 1.51 1.42 1.39 1.42 1.42 1.36 1.31 1.32 1.33 1.30 1.26 1.23 1.24 1.30 1.35 1.37 1.36 1.32 1.27 1.24 1.25 1.25 1.20 1.15 1.18 1.25 1.33 1.44 1.47 1.46 1.36 1.25 1.14 1.08 1.09 1.10 1.07 1.15 1.41 1.64 1.77 1.79 1.70 1.68 1.75 1.85 1.90 1.88 1.81 1.72 1.67 1.80 2.13 2.58 2.80 2.80 2.69 2.60
1.11 1.11 1.09 1.07 1.05 1.05 1.06 1.07 1.08 1.08 1.09 1.09 1.09 1.08 1.09 1.16 1.24 1.29 1.32 1.36 1.43 1.50 1.54 1.55 1.55 1.49 1.35 1.27 1.25 1.24 1.19 1.13 1.14 1.18 1.17 1.13 1.13 1.17 1.25 1.30 1.30 1.30 1.29 1.26 1.22 1.18 1.08 0.96 0.85 0.80 0.81 0.84 0.85 0.90 0.90 0.87 0.81 0.75 0.67 0.62 0.62 0.64 0.72 0.95 1.20 1.29 1.34 1.31 1.29 1.50 1.79 1.94 1.96 1.97 2.02 2.14 2.33 2.51 2.71 2.89 2.93 2.96 3.02 3.14
1.10 1.09 1.08 1.06 1.06 1.06 1.06 1.06 1.05 1.06 1.07 1.07 1.06 1.04 1.05 1.14 1.21 1.25 1.30 1.35 1.38 1.38 1.36 1.34 1.27 1.15 1.08 1.08 1.09 1.08 1.08 1.10 1.13 1.14 1.09 1.04 1.07 1.16 1.22 1.21 1.22 1.26 1.25 1.21 1.16 1.08 0.93 0.72 0.58 0.56 0.56 0.50 0.48 0.50 0.54 0.55 0.53 0.47 0.37 0.30 0.36 0.47 0.62 0.84 0.97 1.00 1.01 1.01 1.21 1.58 1.79 1.86 1.98 2.16 2.46 2.81 3.03 3.18 3.25 3.18 3.05 3.07 3.24 3.47
1.08 1.08 1.06 1.06 1.06 1.07 1.06 1.04 1.04 1.04 1.04 1.05 1.05 1.03 1.04 1.08 1.13 1.18 1.24 1.29 1.29 1.23 1.14 1.04 0.96 0.95 0.99 1.05 1.07 1.06 1.05 1.07 1.09 1.08 1.04 1.08 1.14 1.16 1.13 1.11 1.10 1.04 0.89 0.79 0.72 0.66 0.63 0.64 0.63 0.58 0.50 0.45 0.42 0.42 0.46 0.48 0.44 0.35 0.29 0.35 0.53 0.69 0.85 0.96 0.94 0.91 0.92 1.05 1.30 1.51 1.62 1.77 2.06 2.35 2.55 2.61 2.69 2.81 2.83 2.81 2.90 3.04 3.16 3.20
1.07 1.07 1.05 1.05 1.04 1.04 1.03 1.03 1.04 1.04 1.04 1.05 1.06 1.08 1.10 1.14 1.20 1.20 1.18 1.16 1.10 1.02 0.95 0.89 0.88 0.94 1.02 1.07 1.07 1.05 1.04 1.06 1.08 1.06 1.10 1.16 1.14 1.06 0.95 0.82 0.70 0.52 0.37 0.34 0.37 0.38 0.44 0.62 0.82 0.85 0.77 0.72 0.69 0.71 0.76 0.70 0.63 0.57 0.63 0.81 1.05 1.23 1.40 1.40 1.21 1.11 1.17 1.31 1.44 1.45 1.53 1.84 2.14 2.23 2.15 2.13 2.20 2.13 2.01 2.15 2.51 2.72 2.71 2.57
1.06 1.05 1.04 1.03 1.02 1.01 1.00 1.01 1.01 1.02 1.04 1.05 1.08 1.12 1.19 1.29 1.33 1.26 1.18 1.10 1.03 0.97 0.94 0.92 0.94 1.01 1.06 1.08 1.07 1.08 1.16 1.24 1.21 1.14 1.07 0.93 0.78 0.68 0.56 0.44 0.34 0.30 0.38 0.53 0.60 0.65 0.71 0.72 0.78 0.96 1.18 1.26 1.34 1.48 1.54 1.49 1.31 1.14 1.13 1.27 1.51 1.70 1.76 1.67 1.58 1.62 1.66 1.68 1.70 1.59 1.60 1.80 1.89 1.80 1.81 1.95 1.91 1.75 1.82 2.20 2.41 2.28 2.09 1.89
1.05 1.04 1.03 1.02 1.01 1.00 1.00 1.00 1.01 1.02 1.04 1.05 1.08 1.11 1.18 1.27 1.28 1.23 1.18 1.12 1.06 1.01 0.96 0.96 1.02 1.07 1.07 1.09 1.14 1.22 1.27 1.21 1.06 0.88 0.67 0.52 0.46 0.44 0.44 0.46 0.54 0.68 0.88 0.97 0.97 0.98 1.04 1.01 0.97 1.15 1.44 1.64 1.77 1.81 1.77 1.72 1.66 1.59 1.57 1.72 1.85 1.89 1.81 1.70 1.73 1.84 1.91 1.96 1.97 1.84 1.72 1.69 1.65 1.64 1.80 1.84 1.77 1.88 2.22 2.40 2.18 1.81 1.60 1.36
1.03 1.03 1.02 1.01 1.00 1.00 1.00 1.01 1.02 1.03 1.03 1.04 1.06 1.08 1.12 1.16 1.15 1.12 1.10 1.07 1.01 0.94 0.92 0.96 1.01 1.01 1.01 1.05 1.11 1.14 1.09 0.93 0.75 0.64 0.58 0.60 0.66 0.72 0.79 0.87 0.97 1.03 1.05 1.03 1.05 1.09 1.15 1.28 1.44 1.54 1.57 1.63 1.68 1.66 1.60 1.62 1.74 1.88 1.97 2.03 2.04 1.99 1.88 1.81 1.87 1.98 2.09 2.11 2.00 1.88 1.88 1.84 1.81 1.81 1.74 1.72 1.86 2.09 2.16 1.84 1.42 1.26 1.13 0.89
1.02 1.01 1.00 1.00 0.99 0.99 0.99 1.00 1.02 1.02 1.02 1.03 1.04 1.06 1.08 1.09 1.07 1.01 0.94 0.90 0.87 0.86 0.88 0.90 0.91 0.91 0.94 0.97 0.96 0.91 0.82 0.72 0.69 0.73 0.80 0.86 0.89 0.92 0.94 0.99 1.02 1.02 1.03 1.05 1.08 1.14 1.24 1.41 1.55 1.57 1.52 1.47 1.47 1.51 1.59 1.72 1.86 1.96 2.04 2.08 2.07 1.98 1.90 1.91 2.00 2.09 2.13 2.04 1.91 1.98 2.18 2.20 2.13 1.94 1.68 1.60 1.58 1.49 1.28 0.96 0.84 0.84 0.79 0.78
1.00 0.99 0.99 0.99 0.99 0.98 0.99 0.99 1.00 1.00 1.00 1.02 1.04 1.05 1.05 1.04 1.00 0.92 0.87 0.85 0.86 0.89 0.91 0.91 0.92 0.93 0.94 0.93 0.90 0.84 0.78 0.74 0.73 0.74 0.76 0.82 0.90 0.98 1.04 1.11 1.16 1.19 1.21 1.21 1.24 1.35 1.47 1.49 1.42 1.41 1.42 1.41 1.43 1.53 1.72 1.88 1.94 1.96 1.98 1.97 1.88 1.76 1.74 1.82 1.92 1.99 2.00 2.00 2.17 2.45 2.52 2.37 2.21 2.05 1.88 1.67 1.31 1.03 0.89 0.84 0.88 0.95 1.03 1.11
0.99 0.99 0.98 0.97 0.97 0.97 0.98 0.98 0.98 0.98 0.99 1.01 1.03 1.03 1.03 1.02 0.98 0.94 0.92 0.94 0.95 0.96 0.96 0.97 0.98 0.97 0.95 0.93 0.91 0.88 0.86 0.84 0.85 0.89 1.00 1.13 1.23 1.33 1.37 1.38 1.36 1.33 1.29 1.30 1.40 1.49 1.48 1.42 1.39 1.43 1.47 1.50 1.54 1.61 1.68 1.73 1.80 1.90 1.94 1.87 1.77 1.72 1.76 1.84 1.94 2.06 2.16 2.33 2.60 2.69 2.48 2.18 1.99 1.94 1.92 1.81 1.65 1.51 1.40 1.32 1.35 1.40 1.37 1.33
0.98 0.98 0.97 0.95 0.95 0.96 0.97 0.97 0.97 0.98 0.99 1.00 1.01 1.02 1.02 1.01 1.00 0.99 1.00 1.00 1.00 0.99 1.00 1.01 1.00 0.98 0.96 0.94 0.92 0.92 0.92 0.94 1.03 1.21 1.39 1.50 1.55 1.53 1.47 1.41 1.36 1.33 1.34 1.40 1.44 1.40 1.37 1.43 1.53 1.57 1.60 1.63 1.65 1.62 1.57 1.58 1.66 1.76 1.83 1.83 1.79 1.81 1.89 1.96 2.09 2.31 2.51 2.69 2.72 2.46 2.09 1.89 1.82 1.82 1.81 1.82 1.91 1.97 1.94 1.89 1.79 1.61 1.46 1.42
0.96 0.96 0.95 0.95 0.95 0.96 0.96 0.96 0.97 0.98 1.00 1.01 1.01 1.02 1.02 1.02 1.02 1.03 1.04 1.04 1.03 1.03 1.03 1.03 1.01 1.00 0.99 0.97 0.96 0.96 0.99 1.07 1.22 1.36 1.40 1.38 1.36 1.32 1.28 1.26 1.29 1.35 1.42 1.43 1.40 1.45 1.58 1.64 1.65 1.64 1.64 1.65 1.63 1.61 1.63 1.67 1.70 1.74 1.74 1.77 1.80 1.88 1.99 2.16 2.48 2.77 2.88 2.81 2.52 2.13 1.87 1.78 1.81 1.90 1.95 1.95 1.95 2.04 2.19 2.24 2.11 1.88 1.72 1.60
0.94 0.94 0.94 0.94 0.94 0.94 0.94 0.94 0.95 0.98 1.00 1.01 1.02 1.02 1.03 1.03 1.04 1.05 1.06 1.06 1.06 1.06 1.07 1.05 1.04 1.02 0.98 0.94 0.92 0.94 1.00 1.10 1.20 1.23 1.19 1.15 1.09 1.08 1.14 1.22 1.30 1.39 1.43 1.46 1.57 1.75 1.77 1.69 1.63 1.61 1.62 1.62 1.62 1.69 1.75 1.75 1.74 1.72 1.70 1.74 1.81 1.90 2.08 2.48 2.85 2.90 2.74 2.42 2.01 1.76 1.67 1.68 1.83 2.09 2.17 2.01 1.87 1.96 2.08 2.13 2.14 2.13 2.04 1.87
0.93 0.93 0.93 0.92 0.92 0.92 0.92 0.93 0.95 0.98 0.99 0.99 1.00 1.02 1.04 1.04 1.05 1.06 1.07 1.07 1.07 1.08 1.08 1.07 1.05 1.01 0.95 0.88 0.87 0.93 0.99 1.04 1.08 1.09 1.10 1.11 1.08 1.08 1.15 1.25 1.34 1.41 1.50 1.68 1.87 1.86 1.71 1.62 1.59 1.58 1.59 1.62 1.70 1.79 1.82 1.82 1.80 1.72 1.64 1.64 1.72 1.96 2.38 2.76 2.73 2.37 2.00 1.66 1.42 1.32 1.36 1.60 2.06 2.28 2.10 1.82 1.69 1.76 1.83 1.89 2.06 2.26 2.35 2.26
0.92 0.91 0.90 0.90 0.90 0.91 0.91 0.93 0.96 0.97 0.98 0.98 1.00 1.02 1.03 1.04 1.06 1.07 1.08 1.08 1.08 1.08 1.08 1.07 1.06 1.03 0.98 0.95 0.97 0.98 0.97 0.99 1.06 1.12 1.17 1.19 1.18 1.19 1.24 1.31 1.39 1.49 1.65 1.83 1.85 1.71 1.62 1.62 1.63 1.65 1.65 1.65 1.66 1.69 1.78 1.87 1.86 1.70 1.53 1.50 1.75 2.36 2.89 2.91 2.57 2.14 1.73 1.43 1.29 1.24 1.41 1.92 2.30 2.20 1.96 1.79 1.69 1.68 1.74 1.89 2.15 2.38 2.51 2.60
0.90 0.89 0.89 0.89 0.89 0.90 0.91 0.94 0.96 0.97 0.97 0.99 1.01 1.01 1.02 1.04 1.06 1.07 1.08 1.08 1.08 1.09 1.09 1.10 1.10 1.08 1.08 1.10 1.11 1.07 1.01 1.00 1.02 1.06 1.11 1.18 1.25 1.33 1.40 1.46 1.53 1.62 1.75 1.81 1.75 1.72 1.77 1.78 1.80 1.84 1.83 1.75 1.71 1.75 1.91 1.99 1.85 1.66 1.61 1.76 2.24 2.81 2.87 2.52 2.19 1.94 1.69 1.50 1.45 1.56 1.93 2.30 2.28 2.03 1.88 1.87 1.86 1.82 1.85 1.99 2.16 2.24 2.34 2.58
0.89 0.88 0.88 0.88 0.88 0.89 0.91 0.94 0.95 0.95 0.96 0.98 0.99 1.00 1.02 1.04 1.07 1.08 1.08 1.09 1.10 1.12 1.14 1.15 1.15 1.14 1.16 1.24 1.30 1.27 1.18 1.10 1.06 1.04 1.03 1.06 1.19 1.38 1.51 1.58 1.62 1.74 1.85 1.87 1.90 1.97 2.06 2.08 2.03 1.99 2.01 2.06 2.09 2.14 2.16 2.03 1.89 1.90 2.09 2.41 2.75 2.81 2.37 1.84 1.60 1.54 1.51 1.50 1.60 1.90 2.26 2.33 2.14 1.92 1.78 1.79 1.92 2.05 2.09 2.06 2.03 2.02 2.12 2.35
0.87 0.87 0.87 0.87 0.87 0.89 0.91 0.93 0.94 0.94 0.95 0.97 0.99 1.01 1.04 1.06 1.08 1.08 1.09 1.12 1.14 1.16 1.17 1.17 1.18 1.21 1.31 1.46 1.55 1.53 1.45 1.36 1.27 1.20 1.19 1.25 1.39 1.55 1.75 1.86 1.93 2.06 2.09 2.08 2.11 2.14 2.17 2.21 2.23 2.25 2.32 2.40 2.44 2.42 2.29 2.09 2.09 2.26 2.44 2.68 2.83 2.63 2.13 1.67 1.47 1.43 1.46 1.56 1.81 2.19 2.42 2.38 2.17 1.89 1.67 1.63 1.75 1.95 1.98 1.94 1.93 1.92 1.98 2.09
0.85 0.85 0.85 0.85 0.86 0.88 0.90 0.92 0.92 0.93 0.95 0.98 1.01 1.03 1.06 1.07 1.09 1.10 1.12 1.14 1.16 1.17 1.17 1.18 1.20 1.27 1.43 1.56 1.60 1.66 1.72 1.70 1.58 1.54 1.70 1.86 1.92 2.01 2.15 2.26 2.39 2.47 2.44 2.38 2.30 2.26 2.28 2.39 2.59 2.77 2.81 2.76 2.71 2.60 2.44 2.31 2.25 2.28 2.38 2.54 2.51 2.15 1.80 1.56 1.39 1.34 1.45 1.67 1.97 2.27 2.34 2.18 1.97 1.79 1.69 1.72 1.85 1.85 1.77 1.79 1.84 1.81 1.79 1.78
0.84 0.84 0.84 0.84 0.85 0.88 0.90 0.90 0.92 0.94 0.96 0.99 1.02 1.04 1.06 1.08 1.10 1.12 1.14 1.15 1.16 1.17 1.19 1.21 1.25 1.33 1.42 1.44 1.41 1.41 1.47 1.60 1.78 2.01 2.24 2.31 2.28 2.30 2.40 2.49 2.55 2.55 2.49 2.43 2.37 2.33 2.38 2.53 2.65 2.68 2.70 2.69 2.59 2.48 2.38 2.26 2.10 2.06 2.19 2.26 2.04 1.60 1.33 1.23 1.19 1.26 1.43 1.63 1.87 2.06 1.91 1.56 1.47 1.64 1.88 2.07 2.08 1.99 1.92 1.92 1.87 1.75 1.67 1.66
0.83 0.83 0.82 0.83 0.86 0.89 0.90 0.91 0.93 0.95 0.98 1.00 1.02 1.05 1.07 1.09 1.10 1.12 1.13 1.15 1.17 1.20 1.22 1.25 1.31 1.37 1.40 1.39 1.32 1.25 1.29 1.54 1.89 2.14 2.24 2.21 2.22 2.35 2.45 2.41 2.32 2.17 2.06 2.03 2.05 2.11 2.19 2.23 2.08 1.87 1.87 1.94 1.96 2.01 2.03 2.04 2.02 2.00 2.02 1.98 1.75 1.44 1.26 1.20 1.22 1.35 1.51 1.67 1.85 1.86 1.55 1.32 1.48 1.84 2.08 2.17 2.15 2.14 2.17 2.16 2.07 1.86 1.70 1.69
0.81 0.80 0.80 0.82 0.87 0.89 0.89 0.91 0.94 0.96 0.99 1.01 1.05 1.07 1.09 1.10 1.11 1.12 1.13 1.15 1.19 1.22 1.25 1.28 1.34 1.39 1.44 1.46 1.47 1.57 1.78 1.98 2.06 2.02 1.93 1.93 2.08 2.24 2.17 1.97 1.85 1.75 1.70 1.71 1.73 1.78 1.84 1.77 1.56 1.46 1.45 1.46 1.54 1.65 1.78 1.95 2.11 2.16 2.05 1.82 1.52 1.37 1.40 1.47 1.50 1.55 1.68 1.86 1.98 1.89 1.71 1.79 2.07 2.21 2.19 2.18 2.24 2.32 2.34 2.28 2.11 1.88 1.72 1.69
0.79 0.78 0.78 0.82 0.86 0.87 0.88 0.91 0.94 0.97 0.99 1.03 1.06 1.08 1.10 1.11 1.12 1.15 1.17 1.19 1.22 1.24 1.27 1.33 1.39 1.44 1.46 1.47 1.54 1.73 1.93 2.03 1.99 1.92 1.89 1.92 2.06 2.09 1.91 1.71 1.64 1.61 1.58 1.56 1.51 1.52 1.52 1.40 1.31 1.32 1.34 1.33 1.33 1.35 1.50 1.72 1.92 2.08 2.07 1.87 1.63 1.53 1.62 1.76 1.81 1.78 1.77 1.85 1.95 2.08 2.25 2.39 2.41 2.29 2.20 2.23 2.34 2.48 2.56 2.46 2.22 1.97 1.82 1.80
0.78 0.78 0.79 0.84 0.87 0.88 0.89 0.92 0.95 0.98 1.01 1.04 1.06 1.09 1.10 1.12 1.14 1.17 1.20 1.22 1.23 1.25 1.29 1.35 1.40 1.43 1.43 1.41 1.45 1.55 1.68 1.76 1.81 1.94 2.10 2.16 2.11 1.98 1.79 1.67 1.58 1.47 1.37 1.29 1.24 1.25 1.22 1.15 1.17 1.21 1.22 1.21 1.18 1.18 1.26 1.44 1.61 1.71 1.76 1.81 1.80 1.75 1.77 1.87 1.96 1.93 1.84 1.83 2.02 2.33 2.49 2.45 2.28 2.13 2.07 2.11 2.20 2.30 2.32 2.28 2.32 2.31 2.18 2.03
0.76 0.77 0.81 0.86 0.89 0.90 0.90 0.94 0.98 1.01 1.03 1.06 1.08 1.09 1.11 1.13 1.16 1.18 1.20 1.22 1.25 1.28 1.31 1.33 1.34 1.35 1.37 1.39 1.39 1.43 1.59 1.73 1.90 2.11 2.21 2.17 2.02 1.80 1.59 1.44 1.32 1.22 1.16 1.14 1.17 1.20 1.18 1.20 1.27 1.30 1.29 1.29 1.30 1.33 1.42 1.55 1.59 1.52 1.49 1.54 1.60 1.64 1.70 1.82 1.98 2.06 2.05 2.09 2.34 2.40 2.12 1.94 1.87 1.81 1.85 1.93 1.93 1.81 1.61 1.62 1.95 2.23 2.25 2.03
0.76 0.77 0.82 0.87 0.88 0.89 0.91 0.96 0.99 1.02 1.05 1.07 1.09 1.10 1.13 1.15 1.18 1.19 1.21 1.23 1.26 1.29 1.30 1.32 1.33 1.34 1.37 1.37 1.37 1.53 1.78 1.93 2.05 2.06 1.92 1.79 1.74 1.58 1.34 1.14 1.06 1.08 1.15 1.21 1.29 1.36 1.37 1.39 1.39 1.36 1.40 1.48 1.57 1.66 1.75 1.79 1.75 1.68 1.60 1.57 1.58 1.60 1.65 1.77 1.91 2.07 2.22 2.38 2.46 2.11 1.56 1.34 1.38 1.61 1.84 1.89 1.80 1.63 1.46 1.47 1.57 1.69 1.85 1.87
0.77 0.79 0.83 0.86 0.87 0.90 0.93 0.97 1.00 1.03 1.07 1.09 1.10 1.13 1.16 1.18 1.19 1.21 1.23 1.25 1.27 1.29 1.30 1.33 1.36 1.38 1.39 1.39 1.53 1.84 2.01 2.01 1.93 1.74 1.58 1.47 1.39 1.28 1.15 1.10 1.12 1.18 1.28 1.39 1.47 1.51 1.53 1.56 1.53 1.50 1.57 1.69 1.79 1.83 1.84 1.87 1.93 1.94 1.90 1.87 1.85 1.80 1.77 1.79 1.79 1.87 2.10 2.30 2.20 1.78 1.42 1.37 1.64 1.94 1.97 1.83 1.81 1.88 1.87 1.74 1.60 1.55 1.67 1.88
