windninja/windninja_output/Output_2025-08-09_1300-1350_Google earth_Fire_150m_10min/merlingen_7.5mi_point_08-09-2025_1350_150m_ang.asc
ncols	158
nrows	163
xllcorner	391686.332397
yllcorner	5160024.123721
cellsize	150.000000
NODATA_value	-32768.000000
[rows 47 to 93 of 163, columns 0 to 95 of 158]
324 324 326 328 330 329 330 332 333 334 335 336 337 337 337 337 338 338 338 339 339 340 340 340 339 339 340 340 339 339 338 337 337 337 336 336 335 334 334 335 337 339 344 353 358 353 347 343 345 351 358 6 14 15 13 11 5 357 349 346 346 345 342 340 340 342 346 352 356 356 356 358 3 9 15 19 18 10 0 353 349 347 351 357 360 359 356 354 354 351 346 340 338 343 350 356
324 325 327 330 331 329 330 332 334 335 335 337 338 338 338 338 339 339 339 340 340 341 341 340 340 340 341 341 340 340 340 339 338 337 337 336 335 334 334 334 335 336 342 351 353 349 344 344 349 356 5 14 16 14 11 5 358 351 346 345 345 343 342 340 339 341 347 352 356 357 358 360 4 11 18 21 18 10 2 357 355 354 354 356 357 356 355 355 352 347 345 345 346 350 354 359
325 326 330 333 332 330 330 332 334 335 336 338 338 339 339 339 340 340 340 341 341 341 341 342 342 342 342 342 342 341 341 340 340 339 338 337 336 335 335 335 334 336 340 346 347 344 343 347 354 2 12 15 13 10 6 360 352 345 343 346 347 346 344 342 339 342 347 352 356 358 359 2 6 13 18 18 13 9 4 1 358 356 355 355 355 355 354 352 348 346 348 351 354 356 359 7
326 328 333 336 333 332 333 334 335 336 338 339 339 340 340 341 341 341 342 342 342 342 343 343 343 343 343 343 343 342 342 342 341 340 339 338 336 336 336 336 336 337 339 341 341 341 344 351 1 11 15 11 6 3 359 353 347 343 345 349 350 350 347 342 340 343 348 352 356 358 0 4 9 14 15 12 9 6 5 2 359 357 357 356 354 352 350 348 346 347 351 356 0 5 9 13
328 330 335 336 334 334 337 337 337 337 339 340 341 341 342 342 342 343 343 343 343 344 344 344 344 344 344 344 344 343 343 343 342 342 341 339 337 336 336 337 338 337 337 338 339 340 346 358 12 16 10 4 360 357 353 346 343 345 351 354 355 354 348 340 340 345 350 354 357 360 2 6 10 12 10 7 6 5 4 2 0 0 358 355 352 349 347 345 346 349 353 359 6 13 14 8
331 333 336 335 333 335 339 340 339 340 341 341 342 342 343 343 343 344 344 344 344 345 345 345 345 345 345 345 345 345 344 344 344 343 342 341 339 337 336 337 338 337 336 336 338 341 349 2 11 7 0 358 358 355 348 342 342 349 357 0 360 356 347 340 342 347 352 356 360 1 3 6 8 9 8 6 5 3 0 359 2 4 2 356 350 347 346 346 348 351 357 2 7 9 5 351
336 336 337 336 334 336 341 342 341 342 342 342 343 344 344 344 344 345 345 345 345 346 346 346 346 346 346 346 346 346 345 345 345 344 343 342 341 339 338 338 338 337 336 336 338 343 351 359 0 357 356 356 356 353 347 342 345 355 2 4 1 354 346 341 344 349 354 359 2 2 3 5 7 8 8 7 5 3 359 357 1 3 2 0 356 350 347 348 351 356 360 1 1 359 345 332
339 338 337 337 337 339 343 344 345 345 344 343 344 344 345 345 346 346 346 347 347 347 347 347 347 347 347 347 347 347 347 346 346 345 345 344 343 342 340 338 337 336 336 336 338 342 350 353 351 352 355 356 354 351 347 345 351 360 4 3 360 353 346 343 346 351 356 0 2 2 3 7 10 9 8 7 7 4 359 357 358 359 360 1 2 359 354 352 356 360 0 357 354 349 327 320
339 338 338 338 336 338 342 345 348 348 346 344 344 344 345 346 347 347 347 348 348 348 348 348 348 348 348 348 348 348 348 347 347 347 346 345 344 343 342 340 337 335 336 337 337 339 343 346 346 349 355 355 353 351 347 348 356 2 3 0 357 352 348 347 349 354 357 360 2 4 8 13 12 8 7 7 6 3 359 357 356 355 357 0 2 4 4 4 4 2 358 351 346 338 321 316
339 339 341 342 339 338 340 343 347 349 349 348 345 344 345 347 347 348 348 349 349 349 349 349 349 349 349 349 349 349 349 349 348 348 347 347 346 345 344 342 340 338 338 339 339 338 338 339 342 347 352 353 352 351 348 352 360 3 1 357 352 349 349 351 353 355 358 0 3 9 16 14 9 6 6 6 4 0 358 357 355 355 356 359 0 3 8 11 12 9 358 346 339 334 325 322
341 341 343 346 347 345 343 344 345 347 351 353 351 347 346 347 348 349 349 349 350 350 351 350 350 350 350 350 350 350 350 350 349 349 349 348 347 347 346 344 343 342 341 340 339 337 335 334 337 342 348 350 351 349 348 354 359 0 357 353 350 349 351 355 357 358 359 1 7 13 13 8 6 5 5 4 1 358 357 357 358 358 358 360 2 6 11 14 13 7 355 341 335 331 326 325
344 344 345 347 349 350 349 348 345 345 350 355 356 354 349 347 347 349 350 350 351 351 351 351 352 352 352 352 351 351 351 351 351 350 350 349 349 348 347 346 345 344 343 341 340 338 335 332 332 336 343 348 349 348 349 354 357 356 352 349 349 351 354 358 1 1 1 3 9 10 6 4 4 4 2 1 358 356 356 359 0 2 2 4 8 11 13 12 6 355 341 333 332 329 324 328
346 347 348 349 350 351 352 351 347 346 349 355 359 358 355 350 348 349 350 351 352 352 352 352 353 353 353 353 353 352 352 352 352 351 351 351 350 350 349 348 347 346 345 344 342 340 338 335 332 332 337 343 345 346 349 354 356 352 348 347 349 352 356 0 4 3 2 5 8 6 4 3 2 1 360 359 356 355 357 0 3 5 6 8 11 13 13 6 355 341 330 327 327 326 325 339
349 350 351 352 353 353 353 352 351 349 350 353 356 358 360 357 352 350 349 351 352 353 353 354 354 354 354 354 354 353 353 353 353 353 352 352 351 351 350 350 349 348 347 346 345 343 341 339 336 333 334 336 339 343 348 354 354 349 345 346 348 351 357 2 5 5 4 6 7 5 3 1 359 358 358 357 355 357 1 4 5 7 9 11 12 11 7 357 343 331 326 325 325 327 335 351
353 354 354 355 356 356 355 354 353 353 352 352 352 356 1 3 360 355 351 351 352 353 354 355 355 355 355 355 354 354 354 354 354 354 353 353 353 352 352 351 350 350 349 348 346 345 344 342 339 336 333 333 333 338 346 353 351 346 344 345 348 351 356 1 4 6 8 9 6 2 1 359 357 356 356 355 357 1 5 6 8 9 12 14 12 6 356 345 334 327 326 328 329 337 350 6
358 358 358 357 357 358 357 357 356 356 355 353 352 354 359 3 4 1 357 353 352 353 355 356 357 357 356 355 355 355 355 355 355 355 355 354 354 354 353 352 352 351 350 349 348 347 345 344 342 338 336 334 332 335 344 350 348 345 344 345 348 350 353 358 3 7 11 9 3 359 359 358 355 354 355 356 360 4 6 8 10 13 16 16 11 0 345 335 329 326 327 331 337 351 5 23
7 5 1 359 358 358 358 359 360 359 358 355 353 354 356 1 5 6 3 359 355 354 355 356 357 358 357 357 356 357 356 356 356 356 356 355 355 355 354 354 353 352 352 351 350 348 347 345 344 341 339 336 334 335 342 348 348 345 344 345 348 350 354 0 6 10 10 5 359 358 358 356 354 353 355 358 2 4 7 10 12 15 16 13 7 352 337 329 325 325 331 338 350 7 24 42
18 12 4 1 359 358 359 1 2 2 2 358 355 355 355 357 2 6 7 5 2 359 357 356 357 358 358 358 358 358 357 357 357 357 357 357 356 356 355 355 354 354 353 352 351 350 349 347 346 344 341 337 335 335 339 345 348 347 345 344 346 352 2 10 11 8 2 356 355 356 357 355 353 353 356 359 1 3 6 10 14 15 13 8 359 342 332 327 325 329 341 351 7 27 44 64
22 16 7 3 2 1 2 3 4 4 3 1 357 356 357 357 359 4 8 9 7 4 1 358 357 358 359 360 359 359 358 358 358 358 358 358 357 357 357 356 356 355 354 354 353 352 350 349 347 346 343 339 335 334 335 339 344 347 346 344 346 360 12 10 4 359 354 352 353 354 355 354 353 354 356 357 359 2 6 12 15 14 9 3 351 336 329 327 331 342 353 8 29 48 66 84
19 16 11 8 5 4 4 6 7 6 3 2 1 357 356 358 359 1 5 9 10 8 7 3 360 359 360 1 1 0 360 360 359 359 359 359 358 358 358 357 357 356 356 355 354 353 352 351 349 347 345 342 338 335 334 333 335 341 345 347 352 1 2 0 359 356 353 353 353 352 353 353 353 355 356 356 357 2 8 12 13 9 1 354 344 335 330 332 343 356 9 28 46 66 82 91
6 9 13 13 10 5 3 7 11 9 6 5 5 2 358 359 1 0 2 5 9 10 10 8 5 3 2 2 2 1 1 1 0 0 360 360 359 359 359 358 358 357 357 356 355 355 354 352 351 349 348 345 343 339 336 331 328 331 339 347 353 353 351 353 355 355 356 355 353 351 351 351 352 353 354 355 357 1 6 7 3 358 350 344 339 333 331 342 357 10 27 44 63 76 83 86
347 358 8 11 11 8 5 10 15 13 9 7 6 5 3 1 2 2 1 3 7 10 11 11 10 9 9 7 3 1 1 1 1 1 1 1 0 0 360 359 359 359 358 357 357 356 355 354 353 351 350 348 346 344 340 336 331 329 333 341 345 344 343 345 349 354 357 356 354 352 352 351 350 351 353 355 357 360 2 359 354 348 342 339 336 328 332 353 9 26 43 61 74 77 75 72
335 343 359 7 11 12 11 11 14 13 9 8 8 8 7 6 5 5 4 5 7 8 9 11 12 15 17 13 7 3 1 0 1 1 1 1 1 1 1 0 0 360 359 359 358 357 356 355 354 353 352 351 349 347 345 342 340 338 336 338 339 336 335 336 340 347 352 353 352 353 354 352 349 350 353 355 357 358 356 353 348 343 342 343 334 327 340 4 23 40 55 66 69 67 62 56
342 344 350 2 14 19 17 13 13 14 12 12 12 12 12 11 11 11 10 8 7 8 9 10 12 16 20 17 12 7 4 1 0 1 2 2 2 2 2 2 1 1 0 360 359 359 358 357 356 355 354 353 351 350 348 347 345 344 343 342 340 336 331 328 330 335 341 344 347 351 354 351 348 350 354 356 357 355 352 349 347 347 351 345 331 331 352 18 37 52 59 61 57 52 44 37
1 1 2 10 25 32 27 18 18 21 22 22 22 21 19 16 16 16 15 13 11 11 11 11 10 11 16 18 16 12 9 5 2 1 1 2 3 3 3 3 2 2 2 1 1 360 359 358 358 357 356 355 353 352 351 350 349 348 347 345 343 340 337 334 330 329 328 331 336 343 347 347 348 352 355 357 356 353 351 350 352 355 354 341 331 341 7 30 49 59 58 53 46 36 27 16
18 17 18 22 28 33 31 27 29 35 37 37 35 30 26 22 19 18 18 16 15 13 12 12 8 6 11 18 19 17 14 11 8 3 1 2 3 3 4 4 3 3 3 2 2 1 1 360 359 358 357 356 355 354 353 352 351 350 349 348 347 345 343 341 338 335 332 329 329 330 332 336 343 351 354 354 353 352 354 357 359 358 348 337 336 357 22 42 56 57 50 46 42 32 12 347
32 31 31 32 35 36 35 33 36 40 39 36 33 29 27 24 21 20 19 18 16 15 14 13 9 7 10 16 20 20 18 16 13 9 4 3 3 4 4 4 4 4 4 4 3 3 2 1 0 360 359 358 357 356 355 354 353 352 351 350 349 348 346 345 343 341 339 336 333 329 325 325 333 344 349 350 350 352 357 1 1 353 341 336 347 16 37 50 53 47 39 35 35 22 347 333
45 45 46 45 46 46 43 42 41 39 37 34 31 28 25 22 21 20 19 18 17 17 17 16 12 9 10 15 20 22 20 18 16 13 9 6 5 5 4 5 5 5 5 5 4 4 3 2 2 1 0 359 358 358 357 356 355 354 353 352 351 350 349 347 346 345 343 341 339 336 332 330 332 337 343 345 347 353 359 0 356 345 337 340 7 35 48 49 45 39 28 21 13 347 335 328
56 56 59 61 63 62 58 52 46 40 37 34 31 29 26 23 21 20 19 18 18 19 19 19 15 11 12 15 18 22 21 20 18 18 15 11 8 7 6 5 6 6 6 6 6 5 5 4 3 2 1 1 360 359 358 357 356 356 355 354 353 352 351 350 348 347 346 344 342 341 339 338 337 336 338 340 344 352 358 356 346 339 337 356 30 46 48 43 39 36 22 8 350 331 327 325
61 63 68 75 82 84 79 67 55 45 39 35 31 29 26 23 22 21 21 20 20 19 19 19 17 15 15 15 16 20 22 23 23 24 22 16 12 9 7 7 7 7 8 7 7 7 6 5 4 3 3 2 1 0 359 359 358 357 356 355 354 353 352 351 350 349 348 346 345 344 343 342 340 339 337 336 340 348 353 348 338 336 349 26 52 55 50 48 43 33 13 354 335 323 322 325
68 69 74 82 93 101 101 89 68 48 38 33 30 28 27 25 23 22 22 21 21 20 20 19 19 19 18 17 16 19 24 27 27 26 23 19 14 12 9 8 7 8 9 9 8 8 7 7 6 5 4 3 2 1 0 360 359 358 357 356 356 355 354 353 352 350 349 348 347 346 345 344 342 341 339 336 337 342 345 341 336 344 19 49 57 56 52 45 33 11 353 342 331 324 324 328
74 74 73 81 98 111 119 111 68 37 29 28 28 28 28 26 23 23 22 22 22 22 21 20 19 20 21 20 17 17 22 26 25 24 23 21 17 15 13 10 8 9 10 10 10 10 9 8 7 6 5 4 3 2 1 1 360 359 358 358 357 356 355 354 353 352 351 350 349 347 346 345 344 343 341 339 338 339 339 337 340 5 32 41 36 34 31 20 1 350 342 336 330 326 328 332
74 72 66 66 82 99 104 68 21 15 18 23 26 28 28 26 25 24 23 24 24 23 23 21 18 19 22 22 19 17 18 22 24 25 25 23 20 19 18 15 10 10 12 12 12 12 11 10 9 7 6 4 3 3 2 2 1 0 359 359 358 357 356 355 354 353 352 351 350 349 348 347 346 345 343 342 340 339 337 337 350 13 21 21 21 20 15 0 347 339 334 331 328 327 330 333
67 62 53 51 50 41 21 3 4 6 11 18 25 28 29 28 27 26 25 25 25 25 25 22 17 18 22 23 22 18 16 19 22 24 25 24 22 21 21 20 15 12 14 15 15 15 14 13 11 8 6 4 4 3 3 2 2 1 0 360 359 358 357 356 355 354 353 352 351 350 349 348 347 346 345 344 342 340 338 340 355 7 10 12 15 13 0 345 339 334 331 329 327 327 329 330
65 63 55 47 44 39 24 11 11 12 12 18 26 31 33 32 31 31 29 27 27 27 26 23 18 18 22 24 23 20 17 17 19 21 25 26 25 22 22 22 20 17 18 20 21 20 19 18 16 10 4 2 3 3 3 3 3 2 1 1 360 359 358 357 356 355 354 353 352 351 350 349 348 347 346 345 344 343 341 344 352 0 7 11 12 4 346 337 335 333 331 330 328 328 330 328
75 71 56 45 44 44 36 27 23 22 20 24 30 34 37 37 35 35 33 30 29 28 27 24 19 20 23 24 23 23 21 20 21 24 27 29 28 25 24 24 22 20 19 20 20 19 17 16 15 10 4 0 0 2 3 4 4 3 2 1 1 360 359 358 357 356 355 354 353 352 351 350 349 348 347 346 345 344 343 345 349 357 6 12 8 349 338 334 332 332 331 331 330 331 332 330
62 52 38 41 45 46 43 38 36 34 33 33 36 40 43 42 41 40 38 35 32 30 29 26 19 19 22 22 23 25 25 24 25 28 30 32 32 30 27 26 24 21 18 17 16 15 13 11 11 10 9 5 2 1 3 5 5 4 3 2 1 0 359 359 358 357 356 355 354 353 352 351 350 348 347 347 346 345 344 345 348 355 3 6 355 340 332 330 330 329 329 330 331 331 332 331
52 46 43 50 53 52 50 49 50 48 43 41 42 45 47 46 45 45 43 40 36 33 30 27 19 17 21 24 25 26 26 26 27 29 32 35 35 34 32 29 25 22 19 18 17 16 15 13 12 13 13 11 8 6 6 6 6 5 4 3 2 1 0 359 358 357 356 355 354 353 352 351 350 349 348 347 346 346 345 346 349 354 359 357 344 334 329 327 327 326 326 327 328 330 330 330
55 57 60 63 63 62 59 58 58 55 49 45 45 47 47 47 47 49 48 46 44 39 33 28 21 17 22 26 27 27 27 28 27 28 32 33 34 36 35 31 26 23 22 22 22 22 21 21 19 17 16 16 15 12 9 8 7 6 5 4 3 2 1 360 359 358 357 356 355 354 353 352 351 349 348 347 347 346 345 346 348 351 354 350 337 331 329 329 328 327 326 326 328 329 331 331
63 65 68 70 70 68 63 59 58 56 51 47 48 47 48 49 49 52 54 55 55 50 44 33 20 15 20 26 28 29 29 29 27 26 27 29 30 32 33 32 28 24 23 24 25 25 25 26 24 21 19 19 18 16 12 10 9 7 6 4 3 2 1 0 360 359 358 357 356 355 354 352 351 350 349 347 346 345 345 344 345 346 347 343 333 328 327 327 328 328 327 327 328 330 333 334
71 72 74 73 69 63 57 52 52 53 52 49 50 47 49 50 49 52 55 57 56 50 43 26 6 6 16 23 28 30 30 31 30 27 27 28 28 29 31 31 29 25 24 25 27 28 28 28 28 26 22 19 17 17 15 13 11 8 6 5 3 2 2 1 0 359 359 358 356 355 354 353 352 350 349 348 346 345 343 342 341 339 338 334 329 328 327 325 325 325 325 326 325 327 330 332
74 74 70 64 56 50 47 47 49 53 53 50 48 44 44 45 46 50 52 52 47 35 23 11 1 3 15 24 28 31 32 32 33 32 32 33 31 31 32 33 32 29 25 24 26 28 30 30 30 28 24 20 18 17 16 15 13 10 6 4 2 2 2 1 1 0 359 358 357 356 355 353 352 351 349 347 346 344 342 340 337 333 329 325 321 323 325 324 324 324 323 322 319 315 311 310
71 68 60 55 51 46 46 47 48 50 52 48 43 42 42 42 43 47 49 46 36 21 14 11 6 7 17 26 30 33 34 34 34 34 36 37 35 35 37 39 38 34 30 26 26 28 31 32 32 28 25 21 16 14 14 16 16 16 9 0 358 0 1 2 2 1 0 359 358 357 355 354 353 351 349 347 345 343 341 339 335 330 325 318 312 311 315 318 322 321 317 314 310 303 299 299
68 63 56 55 55 51 47 45 42 44 47 44 38 39 40 40 40 42 45 44 28 15 15 17 12 12 20 28 32 35 36 37 37 36 37 39 37 36 37 41 42 40 36 32 29 30 33 34 34 31 27 22 16 13 13 17 20 19 12 359 355 358 1 2 2 2 1 360 359 357 356 355 353 352 350 348 346 343 341 338 334 330 326 319 312 310 311 312 315 313 308 304 304 302 302 302
62 56 48 46 45 43 39 35 34 39 44 41 34 33 33 31 32 35 41 42 25 15 21 22 17 17 25 32 35 38 40 41 41 40 40 40 38 36 35 36 40 40 40 37 35 33 35 37 37 35 30 24 18 13 12 16 17 14 11 6 359 359 1 3 3 3 2 1 359 358 357 355 354 352 350 348 346 344 341 338 334 330 326 323 319 316 314 312 310 304 297 292 292 290 288 290
55 48 38 34 33 29 22 17 20 29 38 36 31 30 30 30 28 28 31 33 27 19 26 27 23 24 31 36 39 42 44 45 45 43 42 42 40 39 37 36 38 40 42 42 39 38 39 41 43 43 38 29 20 13 9 9 11 11 13 14 8 3 3 4 4 4 3 2 0 359 358 356 354 353 351 349 346 344 341 338 334 330 325 321 318 315 312 309 303 294 279 275 276 274 274 278
47 40 32 30 29 26 19 13 14 24 31 27 20 18 19 22 20 18 27 35 34 22 26 29 28 31 37 40 43 46 48 50 51 48 44 44 43 42 41 38 36 39 43 44 43 43 43 44 46 46 44 34 20 13 7 3 9 15 20 21 16 9 6 6 6 5 4 3 1 360 358 357 355 353 351 349 347 344 341 338 335 331 326 320 314 308 305 300 290 279 273 274 277 277 277 280
