windninja/windninja_output/Output_2025-08-09_1300-1350_Google earth_Fire_150m_10min/merlingen_7.5mi_point_08-09-2025_1330_150m_ang.asc
ncols	158
nrows	163
xllcorner	391686.332397
yllcorner	5160024.123721
cellsize	150.000000
NODATA_value	-32768.000000
[rows 0 to 46 of 163, columns 0 to 95 of 158]
349 346 342 342 343 343 345 344 343 343 344 345 345 340 333 327 323 321 323 329 335 339 341 343 344 344 343 340 340 342 343 343 342 340 339 340 341 339 335 336 337 338 340 339 338 340 340 338 339 342 345 346 347 349 350 349 348 346 344 344 345 345 345 344 344 344 345 344 344 343 344 344 344 342 341 342 343 342 339 338 340 340 338 336 335 333 332 331 329 328 326 324 324 324 321 316
352 348 343 342 342 343 345 344 340 340 342 346 349 347 343 339 336 334 333 334 338 340 341 343 346 346 345 342 341 342 344 343 343 342 340 341 343 343 341 341 340 341 342 342 342 343 344 342 340 341 343 344 345 347 349 349 347 346 345 344 345 345 345 344 344 344 345 344 343 343 344 345 345 343 342 343 345 343 340 340 342 342 339 339 337 335 334 335 333 331 328 327 327 326 326 326
354 350 346 344 343 344 347 345 340 339 342 348 353 352 349 345 343 342 339 339 342 341 339 343 347 349 348 345 344 345 344 343 343 342 341 342 344 345 345 345 344 343 344 343 344 345 345 346 345 343 342 343 345 347 347 347 347 346 346 346 346 345 345 345 345 345 345 344 343 344 345 346 345 343 343 345 346 344 342 343 346 345 342 342 340 338 340 341 341 339 335 333 334 335 335 336
350 350 349 347 346 347 347 345 343 343 346 352 354 351 348 343 342 343 343 343 344 342 340 342 346 349 351 350 349 350 348 347 344 342 342 343 344 345 345 344 344 345 344 343 344 345 345 347 349 348 346 347 349 349 348 347 346 345 345 346 346 346 346 345 346 345 345 344 343 344 347 346 344 342 343 344 344 343 344 345 348 347 345 344 341 339 343 344 345 346 345 342 340 341 341 340
345 347 350 349 348 348 345 342 342 346 351 355 354 350 344 341 341 342 344 346 345 341 340 341 342 346 350 352 353 352 352 352 348 345 344 344 345 344 344 344 344 344 344 344 345 346 346 348 349 349 350 350 349 349 348 347 346 345 345 345 346 346 346 346 346 345 345 343 343 345 347 345 343 343 344 343 341 340 343 347 348 346 345 344 341 340 342 342 342 345 347 347 345 344 344 344
343 344 348 349 349 347 343 340 341 347 353 354 352 348 341 339 341 343 345 345 343 339 337 338 338 341 346 350 352 352 352 352 350 349 349 348 346 345 344 344 345 344 343 344 345 346 347 348 348 349 352 352 349 348 348 347 346 345 344 345 345 346 347 346 346 345 345 344 344 347 349 346 343 343 346 346 343 341 343 348 349 344 341 342 342 341 341 337 335 338 342 344 345 345 344 344
344 343 343 345 346 346 344 342 344 349 351 351 350 346 339 338 341 345 347 346 344 340 336 334 334 336 341 344 347 349 350 348 348 350 351 349 346 345 345 346 345 344 343 344 345 346 347 347 348 350 352 352 351 350 348 346 345 344 344 344 345 347 348 348 347 346 345 344 344 348 350 348 345 345 347 347 346 345 347 351 348 343 341 341 342 341 340 336 331 330 331 333 337 340 341 341
346 345 342 341 341 342 343 344 347 349 348 348 348 345 340 339 342 345 347 347 345 342 340 335 332 334 338 339 342 345 345 344 345 348 348 346 345 346 346 346 346 345 344 344 344 344 345 346 347 350 351 350 350 351 349 346 344 343 343 343 344 347 349 350 349 348 346 344 345 347 347 346 347 348 348 347 346 348 353 352 345 341 342 343 343 343 342 339 335 329 325 325 327 331 337 337
346 346 344 342 340 339 341 345 346 346 345 344 344 343 341 340 342 343 345 347 345 344 343 340 336 336 337 337 340 343 340 340 343 345 343 342 343 345 346 346 345 344 344 344 343 343 344 345 346 349 350 348 349 350 347 344 344 343 343 342 343 344 346 349 350 348 345 344 345 347 346 344 346 349 349 347 346 350 355 351 342 339 340 342 343 344 345 344 341 339 337 335 334 334 337 334
346 346 345 344 343 342 342 344 344 344 343 342 341 340 339 340 341 341 343 345 345 344 344 343 342 339 337 339 341 341 338 338 341 342 341 341 342 344 345 345 345 344 343 343 342 343 344 344 344 347 347 347 348 346 343 342 342 342 342 342 342 341 341 344 345 344 343 343 346 349 347 345 345 347 349 348 347 350 352 348 343 341 340 339 338 339 341 341 342 344 346 343 339 339 338 332
347 346 345 345 345 344 344 344 343 343 342 341 340 338 337 337 338 339 340 342 343 344 344 345 345 343 342 342 342 340 337 338 339 338 339 341 343 345 345 344 345 344 343 343 343 341 342 343 343 344 343 344 344 341 338 338 337 337 337 339 338 335 335 336 334 334 336 339 345 349 347 345 345 347 350 351 349 346 345 343 343 345 344 340 334 334 335 333 336 343 345 341 338 340 338 333
347 347 346 346 345 345 344 343 344 343 342 341 340 338 336 334 335 337 338 338 339 341 343 346 346 346 347 343 340 338 336 336 336 335 336 339 342 343 343 343 344 344 344 345 345 343 342 342 342 340 334 333 333 328 325 325 327 328 328 328 322 317 318 319 319 321 324 331 341 344 343 344 346 348 351 352 350 347 342 340 342 345 346 343 338 337 335 331 333 341 342 336 335 338 336 332
348 347 346 346 346 345 343 343 343 342 342 341 340 339 335 330 330 333 335 335 335 337 340 344 346 349 349 344 339 337 336 336 335 335 337 339 339 340 340 342 343 343 345 347 347 347 349 349 345 334 326 320 314 305 300 302 308 314 315 305 294 294 296 297 298 301 306 316 329 335 337 342 344 345 347 347 347 346 344 343 343 343 344 342 339 340 338 334 337 343 340 335 334 336 331 327
348 347 346 346 345 345 344 343 343 342 341 341 341 341 336 328 324 327 330 332 333 335 338 341 346 349 348 344 340 338 336 334 334 335 338 339 338 338 339 341 342 342 345 346 345 347 354 358 352 342 333 326 318 305 293 289 291 299 312 315 313 313 310 306 301 295 293 300 311 322 330 336 338 340 341 341 340 341 343 344 342 339 339 338 338 340 338 334 337 341 338 332 331 331 325 320
348 348 346 346 345 344 344 344 343 342 341 340 341 342 339 333 327 325 326 327 330 333 336 341 345 346 346 344 342 341 338 334 333 335 337 338 339 340 339 339 338 341 343 336 334 341 344 347 351 354 349 343 340 334 329 323 321 325 334 334 331 329 328 330 328 318 312 307 306 311 321 328 331 334 337 336 334 334 337 336 334 334 334 334 337 338 334 333 337 337 330 320 317 316 311 308
348 348 347 346 345 344 343 343 342 342 341 340 340 340 339 335 332 331 329 327 329 333 338 342 344 343 343 344 344 342 339 338 339 339 338 336 337 337 337 337 335 343 344 340 343 347 345 341 343 349 351 350 348 345 346 348 348 345 342 337 334 334 335 339 340 335 329 324 319 316 315 316 320 327 333 333 333 334 333 330 329 329 329 329 332 332 329 328 331 332 323 312 309 309 306 303
348 348 347 346 345 344 343 343 342 341 340 340 339 338 336 332 332 334 334 332 332 335 339 342 342 342 343 344 344 343 339 339 342 343 340 335 331 332 338 343 345 346 345 346 349 349 348 349 344 340 344 349 348 347 349 353 355 352 346 339 336 336 338 342 341 337 334 331 330 328 321 312 310 317 326 331 335 335 332 329 330 330 327 325 324 321 318 314 313 321 326 325 324 323 319 315
348 348 347 346 345 344 344 343 342 341 340 339 338 336 333 328 328 331 334 335 335 336 338 339 339 341 342 341 340 340 339 341 347 351 349 344 341 342 345 346 346 346 344 346 350 348 347 349 346 341 340 344 346 347 349 352 353 352 348 342 339 339 342 344 341 338 336 335 335 333 329 323 317 317 321 326 332 332 328 326 327 326 323 322 319 314 313 316 316 319 323 327 330 329 328 327
348 348 347 346 345 344 343 342 341 341 340 339 337 335 332 328 326 328 331 332 334 335 336 335 336 338 339 339 337 337 340 346 352 353 351 348 345 344 344 344 344 345 346 347 348 347 344 343 343 343 341 340 343 346 348 349 349 350 347 343 341 342 345 344 340 337 336 337 338 334 333 334 330 325 323 321 322 320 314 311 312 312 315 323 329 332 333 331 326 324 324 326 328 329 332 335
348 348 347 346 345 344 343 342 341 340 340 338 337 335 333 330 327 328 330 331 333 335 335 336 336 337 339 339 339 340 344 350 353 351 347 345 344 343 344 344 346 347 348 349 348 345 344 342 342 342 342 341 341 343 344 346 347 348 346 343 342 343 344 341 338 335 335 338 338 335 337 339 338 335 333 330 324 316 310 311 314 316 322 329 334 336 337 335 330 328 330 332 329 328 330 334
349 348 347 346 345 344 343 342 341 340 339 338 337 336 334 332 331 331 332 333 335 336 337 337 338 339 340 341 342 344 347 352 355 352 348 346 345 345 347 347 348 349 350 349 347 344 344 345 344 342 343 343 341 340 340 342 344 346 347 346 345 344 342 340 337 335 336 337 336 338 342 344 341 337 337 341 342 340 336 332 329 330 331 332 335 335 336 336 331 329 333 337 333 330 330 331
348 348 347 346 345 343 343 342 341 340 339 337 337 336 335 334 334 334 334 334 335 337 337 338 339 340 341 343 344 346 348 352 353 348 346 346 346 347 349 349 350 351 350 348 346 344 344 345 344 344 344 344 343 341 339 339 340 342 346 348 348 345 342 340 337 335 336 336 337 341 347 348 343 337 336 341 345 347 346 343 339 338 336 335 336 336 337 336 331 331 337 343 341 335 333 333
348 347 347 345 344 343 342 342 341 340 339 338 337 336 335 335 335 335 335 336 337 338 338 339 340 342 343 345 346 346 348 349 347 344 343 343 345 348 350 350 351 351 350 348 347 345 345 345 345 345 344 344 344 343 341 339 339 340 344 348 348 344 340 339 336 336 337 338 342 348 352 350 344 338 337 341 344 345 346 347 348 348 344 340 338 336 338 337 333 334 340 348 346 338 335 334
348 347 346 345 344 343 342 341 340 339 338 338 337 337 336 336 336 335 335 336 338 338 339 340 342 343 345 347 346 345 345 344 341 340 342 342 343 346 348 348 348 349 349 349 346 344 346 347 347 346 344 344 344 343 342 341 340 340 343 347 347 343 337 334 334 336 339 342 348 354 354 350 342 337 340 344 344 340 341 346 351 353 351 348 343 336 335 333 332 335 343 352 347 338 335 335
348 347 346 345 344 343 342 341 339 338 338 337 337 337 337 336 336 335 336 337 338 338 340 341 343 345 348 350 346 342 342 340 338 339 341 344 345 345 345 345 346 347 348 347 345 346 350 350 348 346 344 344 343 343 343 343 342 343 344 344 343 339 334 332 333 336 340 347 354 356 352 344 336 337 344 350 345 336 336 341 347 351 353 354 349 340 334 329 328 333 345 355 348 339 336 336
347 347 345 344 343 342 342 340 338 338 338 337 336 336 336 336 336 336 336 337 337 338 340 342 344 348 353 353 348 343 341 338 336 338 341 345 348 347 343 343 344 345 344 342 344 350 353 351 349 348 346 345 342 341 341 343 345 348 347 343 337 333 332 335 340 343 347 354 360 356 345 335 333 339 349 355 349 336 333 337 341 346 352 355 353 347 342 337 332 333 345 353 349 343 340 339
347 346 345 344 343 342 341 339 338 338 338 337 336 335 335 335 335 336 336 337 337 338 340 342 345 350 355 354 350 348 345 339 334 333 336 343 348 347 344 343 343 343 341 341 345 352 354 352 350 349 349 348 344 340 339 343 350 354 350 343 333 328 330 338 347 352 356 1 2 353 339 333 335 342 351 357 353 341 333 332 335 339 346 349 349 349 349 347 340 338 343 348 347 345 344 343
347 346 345 343 342 342 340 338 337 338 337 336 335 335 335 334 335 335 336 337 338 338 340 343 346 351 354 353 352 354 352 346 338 334 333 337 342 343 343 343 343 341 340 342 346 351 353 354 352 350 351 350 348 344 341 347 355 356 349 341 333 328 330 339 349 356 2 4 358 345 336 335 339 344 352 356 352 344 338 333 331 334 339 341 341 346 351 351 346 344 345 344 341 342 345 345
346 346 344 343 342 341 339 338 337 337 336 336 335 335 334 334 334 335 336 337 337 338 340 342 346 350 351 349 352 357 358 353 347 342 338 338 340 342 342 345 345 342 343 344 346 350 352 354 354 352 350 351 350 347 347 351 355 352 345 338 333 333 338 345 351 357 3 1 350 339 336 339 345 350 355 353 347 342 340 336 330 331 333 333 333 339 347 348 345 347 347 343 338 336 339 343
346 345 344 343 341 340 338 337 337 336 336 335 335 334 334 334 334 335 335 336 337 338 340 342 345 347 346 345 349 355 357 357 355 348 342 343 345 343 342 345 345 345 347 347 348 350 351 352 351 352 353 352 351 352 353 355 354 348 342 335 331 337 348 354 355 357 359 354 342 334 334 342 351 356 357 352 345 342 340 336 331 330 329 328 329 335 340 340 341 346 349 345 337 332 330 333
346 345 344 343 340 338 338 337 336 336 335 334 334 334 333 333 334 334 335 336 336 338 339 341 343 343 341 342 346 351 354 355 353 347 343 346 347 344 342 344 344 345 348 349 350 351 349 347 346 350 353 352 353 356 358 0 356 346 338 333 332 340 353 0 358 353 352 347 336 330 332 342 351 354 354 351 348 347 344 339 335 333 330 328 331 335 337 337 339 343 348 346 338 327 320 319
345 344 343 342 339 338 338 337 336 335 335 334 333 333 333 333 333 334 334 335 336 337 339 341 341 341 340 342 347 352 352 349 346 343 343 347 346 341 340 343 344 345 348 348 350 350 346 342 341 346 348 349 352 357 1 4 359 347 336 332 336 347 359 3 356 348 346 343 334 330 335 342 343 345 349 350 351 350 346 343 343 341 335 330 330 331 331 332 335 338 341 343 338 326 316 312
344 344 343 341 338 337 337 336 335 335 334 334 333 333 333 333 333 333 334 334 335 336 338 340 339 340 340 343 349 352 350 345 343 342 341 344 343 338 337 342 344 346 347 347 348 347 343 340 343 345 345 346 349 354 1 1 356 350 342 336 340 351 1 2 355 346 343 340 336 335 341 342 340 343 348 350 351 350 347 346 349 350 341 333 329 327 326 329 333 335 335 336 333 327 321 319
344 343 342 339 336 336 336 336 334 333 333 333 332 333 333 333 334 334 334 334 335 335 337 338 339 339 340 342 346 345 343 342 343 344 342 341 339 337 339 343 345 347 348 347 347 345 341 342 345 345 345 345 346 350 356 355 350 348 348 346 346 351 357 359 355 349 343 336 334 337 342 343 343 346 349 349 348 347 347 350 356 356 347 338 335 336 335 335 337 340 340 336 330 325 326 329
343 343 342 338 336 336 336 335 333 333 333 332 332 332 332 333 333 333 334 334 334 335 336 336 337 338 340 341 341 339 336 337 341 343 343 342 340 339 343 347 348 350 349 348 347 343 341 344 345 344 345 345 345 347 349 348 344 342 346 350 352 353 354 354 354 353 347 337 331 333 341 346 347 349 349 347 345 343 344 351 360 360 354 346 341 342 342 341 342 343 343 339 332 327 327 332
342 342 340 337 336 336 336 335 333 333 332 332 331 332 332 332 333 333 333 334 334 335 335 334 335 336 339 341 341 337 333 334 338 339 342 346 346 344 346 349 352 354 352 351 348 344 344 346 345 346 347 348 348 348 347 345 343 342 343 347 352 354 352 350 351 354 350 341 331 331 340 347 349 350 348 344 342 340 338 344 353 358 358 354 348 343 342 344 346 344 341 338 333 327 325 330
342 340 338 336 335 336 335 334 333 332 332 331 331 332 332 332 332 333 333 334 334 334 334 334 335 336 338 341 342 337 332 333 334 334 338 346 351 352 353 354 356 355 353 352 348 347 348 347 347 348 348 348 350 349 347 347 348 347 346 347 350 353 350 345 346 350 349 343 336 336 342 345 345 345 345 345 345 346 343 339 342 352 358 359 354 344 339 343 346 343 339 336 333 328 328 333
341 339 336 335 335 335 334 333 332 331 331 332 332 332 332 332 332 333 333 334 334 334 334 335 335 336 337 341 341 334 332 332 331 332 336 344 354 2 2 359 357 354 352 351 349 348 349 349 351 351 348 347 349 349 347 347 349 351 351 351 352 353 350 345 343 344 344 341 342 348 350 344 339 341 346 348 346 350 351 346 344 348 354 358 354 347 343 343 342 340 338 335 332 328 331 340
338 337 335 334 334 334 333 332 332 331 331 332 332 332 332 332 332 333 333 333 334 334 334 335 335 336 337 339 336 331 330 330 330 333 337 346 2 9 4 359 356 353 351 350 350 350 350 351 353 353 349 348 350 352 349 347 350 353 354 353 355 357 355 351 347 343 338 338 346 354 351 343 342 346 353 350 344 348 353 354 352 351 352 351 348 349 350 346 341 340 340 336 328 324 331 343
336 335 334 334 334 333 333 332 331 331 332 332 332 332 332 332 333 333 333 333 334 334 334 335 335 335 336 335 331 327 326 327 329 333 338 351 4 4 1 359 356 352 349 348 350 351 350 350 352 352 350 348 350 352 351 350 350 352 354 354 357 2 5 0 352 345 338 340 349 349 343 341 346 355 357 347 343 349 352 356 360 359 354 347 342 346 349 346 342 342 344 337 326 324 332 341
335 333 333 334 334 334 333 332 331 332 332 333 333 332 333 333 333 333 333 334 334 334 335 335 335 335 334 331 329 326 324 325 328 331 339 353 358 357 358 359 357 353 349 348 349 350 351 351 351 351 350 347 345 347 350 351 351 351 352 354 359 8 13 8 357 347 343 345 348 343 341 344 350 357 352 342 344 352 352 355 3 4 359 350 344 342 343 345 344 343 344 336 328 326 331 336
335 334 334 335 335 334 333 333 332 333 333 333 333 333 333 334 334 334 334 334 334 335 335 335 334 334 333 331 330 328 326 326 328 332 342 351 353 352 352 354 353 352 352 352 350 348 350 352 353 352 349 346 344 343 346 350 352 352 352 357 4 9 11 8 1 351 346 347 346 345 349 352 350 350 343 339 347 355 354 356 1 2 357 352 346 343 346 349 347 344 340 335 332 330 330 336
336 335 336 336 336 334 334 334 334 334 334 334 334 334 334 334 334 334 334 334 334 335 335 335 335 335 334 333 332 330 328 329 331 335 341 347 351 349 347 347 348 350 352 351 348 348 350 353 354 350 346 344 345 345 345 348 353 355 358 3 5 3 0 2 1 354 348 347 349 353 358 356 350 347 341 341 352 359 359 358 359 357 353 348 343 345 354 357 352 345 339 336 336 334 336 342
337 337 338 338 337 335 335 335 335 335 335 335 334 334 334 335 335 335 335 335 335 336 335 335 335 335 335 333 332 330 330 331 333 336 339 343 344 343 343 343 345 348 348 345 346 350 354 355 353 348 343 343 348 350 350 352 357 1 4 4 1 355 351 353 354 351 347 347 353 360 1 357 354 349 345 348 358 4 3 359 357 354 348 341 341 350 2 2 354 347 341 339 334 331 338 348
338 339 339 338 337 337 337 336 336 336 336 335 335 335 335 335 336 335 335 336 336 336 336 336 336 336 335 334 333 332 332 332 334 336 337 338 336 335 337 341 345 346 343 342 347 355 358 355 350 345 343 347 353 355 357 360 3 6 4 0 356 352 348 346 343 343 344 347 354 0 360 358 358 355 353 358 6 10 8 1 354 348 342 339 344 360 5 1 355 348 343 338 330 327 337 351
341 341 340 339 338 338 338 337 337 337 337 336 336 337 336 336 336 336 336 337 337 337 337 337 337 336 336 335 335 334 334 334 335 336 336 334 331 331 335 339 342 342 341 343 352 358 357 351 344 342 345 352 358 2 5 7 8 5 359 355 353 351 348 343 339 338 342 347 352 356 357 359 0 1 3 7 12 13 8 359 350 343 338 340 354 4 1 358 355 351 345 336 327 328 339 352
344 342 341 340 340 339 338 338 338 338 338 338 338 338 337 337 337 337 337 337 338 338 338 338 337 337 337 337 336 335 335 334 335 335 335 334 332 332 333 336 338 339 341 347 355 356 351 345 341 343 350 357 5 10 10 11 8 0 351 348 349 348 344 341 338 339 342 348 353 354 354 357 1 4 9 14 16 11 3 354 346 341 341 348 359 1 357 354 353 352 345 335 330 333 343 353
