windninja/windninja_output/Output_2025-08-09_1300-1350_Google earth_Fire_150m_10min/merlingen_7.5mi_point_08-09-2025_1310_150m_ang.asc
ncols	158
nrows	163
xllcorner	391686.332397
yllcorner	5160024.123721
cellsize	150.000000
NODATA_value	-32768.000000
[rows 48 to 95 of 163, columns 0 to 95 of 158]
20 18 17 16 16 13 9 6 6 5 4 4 4 3 3 3 3 3 3 3 4 4 4 4 4 4 4 3 3 3 2 1 0 358 355 354 354 354 353 355 359 4 11 15 16 15 14 15 18 20 25 31 33 34 31 28 26 20 14 9 7 11 15 16 16 17 17 17 17 17 19 21 24 27 29 28 25 19 16 17 19 19 18 17 16 14 14 13 11 7 7 8 9 10 13 15
22 21 20 20 19 16 12 8 7 6 6 6 5 5 5 5 4 5 5 5 5 5 5 6 6 6 5 5 5 5 4 4 3 1 359 356 355 355 355 356 359 4 8 10 12 14 16 18 20 22 26 31 32 30 27 25 21 15 11 10 10 16 22 23 19 17 16 17 18 19 20 22 25 28 29 27 23 19 18 19 19 18 16 14 13 12 11 9 5 5 9 14 17 16 18 23
25 24 22 22 20 17 15 12 8 7 8 8 7 7 7 7 6 6 7 7 7 7 7 7 7 7 7 7 7 7 6 6 5 4 2 359 357 357 358 359 1 4 4 5 9 15 19 22 26 28 30 31 29 24 22 20 17 13 12 14 17 22 29 28 21 16 16 17 19 20 22 25 27 28 27 23 20 18 19 20 19 18 16 14 12 9 7 4 4 7 12 18 22 24 27 29
30 28 24 22 19 17 18 16 12 9 9 9 9 8 8 9 9 8 8 8 8 8 9 9 9 9 9 9 9 9 8 8 8 7 5 2 360 359 359 1 3 4 2 2 7 15 20 25 31 33 30 28 26 22 19 17 15 16 18 20 24 28 33 31 22 17 17 17 19 21 24 26 27 26 24 21 19 18 18 19 20 21 20 16 11 8 5 5 8 11 15 21 28 31 31 25
36 31 25 22 20 19 20 20 16 12 11 11 11 11 11 11 11 10 10 10 10 10 11 11 11 11 11 11 11 11 10 10 10 9 8 6 4 2 1 1 3 5 2 0 6 15 20 24 27 25 20 20 21 21 19 18 18 21 24 26 28 29 33 31 21 16 16 17 20 22 23 24 24 23 23 22 20 18 18 19 21 24 24 19 13 9 8 9 11 15 19 24 28 29 24 8
38 33 25 22 22 20 20 22 21 17 14 13 13 13 13 12 12 12 12 12 13 12 12 13 13 13 13 13 13 13 12 12 12 11 10 10 8 6 4 2 3 6 4 0 4 15 18 17 19 17 15 17 19 21 21 21 20 23 27 30 30 30 33 30 20 15 14 17 20 21 21 21 21 23 23 23 21 20 19 19 21 23 23 21 18 14 11 11 14 20 23 23 22 19 5 342
36 34 27 21 22 22 21 24 25 23 18 16 15 15 15 15 14 14 14 15 15 14 14 15 15 15 15 15 15 15 14 14 14 14 13 12 11 10 8 4 3 6 7 5 5 11 14 11 12 13 16 19 20 23 26 24 21 23 27 29 29 29 31 28 19 13 13 14 18 19 19 20 23 25 24 23 22 22 21 19 18 19 20 20 20 20 16 15 18 21 21 19 14 8 345 328
35 35 32 27 27 27 25 26 28 28 24 19 17 17 17 17 17 16 16 17 17 17 16 16 16 16 17 17 17 17 16 16 16 16 15 15 14 13 12 9 6 7 10 10 7 7 7 6 7 11 15 20 21 24 29 26 21 23 26 27 26 26 29 26 19 13 12 13 16 19 22 25 26 25 23 23 22 21 20 17 14 15 17 18 19 20 21 21 22 22 20 14 6 356 336 325
36 36 36 33 33 33 30 28 29 31 28 23 21 19 19 19 19 19 19 19 19 19 19 18 18 18 18 19 19 18 18 18 18 18 18 17 17 16 15 13 12 11 12 12 9 4 1 1 3 7 13 20 22 26 30 26 21 23 25 25 24 25 28 28 22 15 13 14 18 24 28 27 25 23 22 21 20 19 18 15 13 14 16 18 18 20 22 24 25 25 22 11 356 345 336 332
39 38 37 35 34 33 32 29 29 31 29 26 25 23 21 21 21 21 21 21 21 21 21 21 20 20 20 20 20 20 20 20 20 20 20 19 19 19 18 17 16 15 14 12 11 6 360 357 360 3 9 20 25 28 32 26 20 22 23 22 22 25 30 31 26 17 14 15 21 26 26 24 22 21 21 19 18 17 15 14 15 16 17 19 21 24 27 28 26 22 14 357 344 339 335 336
41 40 38 37 36 35 34 31 28 29 29 28 29 29 26 23 23 23 23 23 23 23 23 23 22 22 22 22 22 22 22 22 22 22 22 22 21 21 20 20 19 18 17 15 14 10 5 359 356 357 4 18 26 29 31 25 19 21 22 22 23 27 30 32 28 21 15 15 20 22 21 21 21 20 19 17 15 14 14 14 16 18 20 22 26 29 30 29 23 13 357 345 340 336 334 342
42 41 40 40 39 38 37 35 32 32 32 31 32 33 31 27 25 25 25 25 25 25 25 25 24 24 24 25 24 24 24 24 24 24 24 24 23 23 23 22 21 21 20 18 17 15 11 6 358 353 357 12 24 29 30 26 21 22 23 23 24 27 31 32 30 23 16 14 17 21 21 20 20 19 16 15 14 13 14 16 18 21 23 24 27 29 29 24 13 357 343 338 337 335 338 355
44 44 43 42 42 41 41 40 38 37 34 31 31 32 32 31 29 27 27 26 26 26 27 27 26 26 27 27 27 26 26 26 26 26 26 26 26 25 25 24 24 23 22 21 20 18 16 12 6 356 351 4 22 29 30 26 24 25 25 25 26 28 32 33 31 26 19 15 18 22 21 19 18 17 15 14 14 15 18 20 21 23 25 26 27 27 24 16 1 346 339 337 336 339 351 7
46 46 46 45 44 43 43 43 41 39 36 31 29 32 33 34 33 31 29 28 28 29 29 29 29 29 29 29 29 28 28 28 28 28 28 28 27 27 27 26 26 25 25 24 22 21 19 16 12 4 355 1 19 29 30 28 29 29 28 28 28 30 32 33 31 27 22 17 19 21 20 18 17 15 14 13 16 19 20 21 23 25 28 30 28 25 16 5 351 341 338 340 343 353 5 16
49 49 49 47 46 45 44 44 43 41 39 34 32 33 34 35 35 34 33 31 31 31 31 31 31 32 32 31 31 30 30 30 30 30 30 30 29 29 29 28 28 27 27 26 25 24 22 20 17 12 4 4 16 26 28 30 34 33 31 30 29 29 30 30 30 29 23 20 19 19 18 18 16 14 13 15 18 20 21 22 25 27 30 32 29 22 8 353 344 340 341 346 357 7 16 27
55 54 53 51 49 47 46 45 45 44 43 39 36 35 34 36 37 37 36 34 33 33 33 33 33 33 34 33 33 32 32 32 32 32 32 32 31 31 31 30 30 29 29 28 27 26 25 24 22 18 12 8 14 21 21 27 35 35 31 28 26 25 27 31 35 33 26 21 19 18 18 17 16 13 13 16 18 20 20 22 25 28 30 30 25 15 358 346 339 340 349 358 8 19 28 38
59 57 55 54 52 51 51 50 49 47 46 44 39 36 36 36 37 38 38 37 36 36 36 35 34 35 36 36 35 35 34 34 34 34 34 33 33 33 33 32 32 31 31 30 29 29 28 27 25 23 19 13 15 19 16 23 34 35 31 26 22 24 32 41 44 38 25 18 17 16 17 17 16 13 13 15 17 17 18 21 25 27 27 25 19 5 352 344 341 348 0 9 19 31 41 52
59 57 54 54 53 53 53 53 53 52 50 49 44 39 39 38 38 39 39 39 39 38 38 38 37 37 38 38 37 37 36 36 36 36 36 35 35 35 34 34 34 33 33 32 32 31 30 29 28 26 24 21 20 21 17 18 31 34 31 27 24 28 37 40 37 28 18 15 15 15 16 17 16 15 13 13 14 15 17 22 26 27 25 21 12 359 349 346 351 1 10 20 33 43 55 67
53 52 52 54 54 53 51 50 51 52 51 50 47 43 41 40 41 41 41 41 40 38 39 39 38 39 40 39 39 39 39 38 38 38 38 37 37 37 36 36 36 35 35 34 34 33 32 32 31 30 28 27 26 25 22 19 28 35 35 32 26 23 28 30 27 22 17 15 14 15 15 16 17 15 12 11 12 14 18 22 25 23 17 11 4 358 353 354 4 13 20 32 42 55 67 75
42 44 47 49 52 52 48 47 50 53 53 51 48 45 43 43 43 43 42 42 41 39 39 40 39 41 43 44 44 43 42 41 40 40 40 39 39 39 38 38 37 37 36 36 35 35 34 34 33 32 32 31 30 29 28 27 32 40 42 38 25 17 21 25 25 23 20 17 16 15 15 16 17 14 11 10 11 13 16 17 16 13 7 2 2 1 1 7 16 23 31 40 53 62 68 73
26 37 42 42 44 44 40 41 48 53 53 50 48 46 44 43 45 45 44 45 44 42 41 41 39 40 44 47 48 47 45 44 43 42 42 41 41 40 40 40 39 39 38 38 37 37 36 36 35 35 34 34 33 33 33 34 37 42 46 41 28 19 22 24 24 24 22 20 17 15 16 17 17 13 10 10 11 11 12 12 10 7 4 5 8 9 10 16 23 32 40 51 61 64 64 64
27 40 48 46 46 45 38 36 44 47 45 41 40 40 39 40 43 46 47 47 47 46 46 44 41 40 45 50 50 50 49 47 46 44 44 43 43 42 42 41 41 40 40 40 39 39 38 38 37 37 36 36 35 35 35 36 37 39 41 40 33 26 24 25 24 24 22 20 17 17 17 18 16 12 10 11 12 10 8 8 8 8 12 18 17 14 15 22 31 39 47 55 58 58 57 55
48 57 69 71 68 60 51 45 49 51 45 40 40 40 39 39 41 45 48 48 49 49 49 49 44 41 46 50 49 49 50 50 49 47 46 45 45 44 44 43 43 42 42 41 41 41 40 40 39 39 38 38 38 37 37 37 37 37 38 37 34 31 30 31 30 26 23 21 19 18 18 18 16 11 11 14 13 10 7 6 10 17 24 25 18 15 20 29 38 45 50 51 51 49 45 43
58 63 75 82 83 79 73 70 71 67 60 55 55 51 48 46 45 46 47 47 48 51 52 51 44 39 45 48 48 48 49 50 51 50 49 48 47 46 45 45 44 44 43 43 43 42 42 41 41 40 40 40 39 39 38 38 38 38 37 36 34 33 33 33 31 29 28 26 22 17 15 17 17 13 13 15 14 10 7 10 18 26 28 23 18 18 25 34 44 50 50 48 44 38 33 26
64 68 74 78 81 81 82 84 85 80 73 71 70 67 62 57 54 52 50 48 47 49 51 50 43 39 45 49 48 48 48 49 51 52 51 50 49 48 47 47 46 46 45 45 44 44 44 43 43 42 42 41 41 40 40 39 39 38 37 36 35 34 33 32 30 30 29 28 23 15 12 17 20 17 15 15 14 11 10 17 24 27 24 19 19 23 30 40 48 50 46 45 44 38 25 359
69 72 77 79 81 82 83 85 86 82 76 74 72 69 67 64 62 61 58 53 50 50 49 49 45 42 47 51 51 50 49 48 50 51 51 51 51 50 49 49 48 47 47 46 46 46 45 45 44 44 43 43 42 42 41 40 40 39 38 37 36 35 34 32 31 30 28 26 22 17 15 19 23 19 17 15 15 14 14 19 24 23 18 17 22 29 37 44 48 46 40 39 41 34 1 341
74 77 82 84 86 86 86 86 85 82 79 76 72 70 68 66 64 64 62 60 57 55 54 52 48 45 47 51 52 53 51 50 51 51 50 50 51 52 51 50 49 49 48 48 48 47 47 46 46 45 45 44 44 43 42 41 41 40 39 38 37 36 35 33 32 31 29 26 24 22 20 19 18 13 12 13 12 14 15 18 21 17 14 19 29 37 43 44 45 42 35 29 23 1 345 336
77 79 84 89 92 92 92 91 87 85 83 80 76 73 71 69 67 65 63 62 61 60 59 57 53 49 50 53 54 54 53 52 52 53 52 52 52 53 53 52 51 51 50 50 49 49 49 48 48 47 46 46 45 44 44 43 42 41 40 39 38 37 36 35 33 31 29 27 26 24 22 19 15 8 6 8 9 12 14 15 14 13 17 28 37 41 43 43 42 42 36 23 3 344 337 334
77 79 85 92 97 99 99 97 93 90 86 83 80 77 75 72 70 68 66 64 63 62 61 60 57 54 55 57 57 55 54 54 55 56 57 56 56 56 55 53 53 52 52 52 51 51 50 50 49 49 48 47 47 46 45 44 43 42 41 40 39 38 36 35 34 32 30 29 27 25 23 19 15 11 6 4 5 7 10 11 11 16 29 40 47 48 47 47 47 45 35 12 347 335 333 335
79 80 84 90 99 104 105 103 100 96 92 87 83 80 78 76 73 71 69 67 65 64 63 61 57 55 59 62 62 59 57 57 57 57 58 57 57 57 57 56 54 53 53 53 53 53 52 52 51 51 50 49 48 47 46 45 44 43 42 41 40 39 37 36 35 33 31 30 28 26 23 21 18 15 9 4 1 1 4 10 16 26 41 49 52 54 54 51 45 31 11 354 342 335 335 339
82 81 78 85 100 108 111 110 107 104 97 90 85 82 80 78 76 74 72 69 68 67 66 63 57 55 60 64 64 61 58 57 56 56 57 56 56 57 58 58 56 55 55 55 54 54 54 54 54 53 52 51 50 49 48 46 45 44 43 42 41 40 38 37 36 34 33 31 29 27 25 22 20 17 13 8 2 358 360 10 23 33 41 44 42 42 41 35 19 7 356 347 340 337 340 342
80 76 70 74 90 105 113 114 111 109 101 91 85 83 81 79 78 76 74 72 70 69 69 65 58 57 61 62 62 60 58 58 57 57 59 58 55 55 57 60 58 57 57 57 57 57 57 57 56 56 55 53 52 50 49 48 46 45 44 43 42 41 39 38 37 35 34 32 30 28 26 24 22 19 15 11 5 359 357 9 25 31 32 32 31 31 28 18 5 356 349 345 341 339 341 342
72 69 64 68 78 90 106 109 107 107 100 90 85 83 82 81 79 78 76 74 73 72 71 68 62 61 63 63 61 60 60 61 59 57 57 58 55 54 56 58 58 58 60 61 60 60 60 60 61 61 59 56 54 52 50 49 48 47 45 44 43 42 40 39 38 36 35 33 31 29 27 25 23 20 17 13 8 2 359 8 19 23 23 24 26 26 18 6 357 352 348 345 341 340 340 340
70 71 72 76 85 88 84 82 89 90 88 85 83 82 83 82 80 79 78 77 76 74 73 70 65 65 68 66 63 62 62 63 61 59 57 56 55 55 56 56 55 55 59 62 64 66 66 66 68 69 66 61 56 53 52 50 49 48 47 46 44 43 42 40 39 37 36 34 32 30 29 26 24 21 18 15 11 6 3 5 9 14 20 23 24 21 8 358 354 352 349 346 343 341 340 338
81 81 84 90 93 85 72 68 70 73 75 78 81 82 82 82 81 81 81 80 79 77 75 73 68 69 71 69 66 65 65 66 66 65 63 59 57 56 57 56 53 51 53 56 59 61 62 62 64 66 66 64 60 55 53 51 50 49 48 47 46 44 43 41 40 38 37 35 33 32 30 27 25 22 19 16 13 9 4 2 2 8 19 24 23 11 1 354 352 351 349 348 346 344 342 339
83 84 86 88 85 77 72 67 66 68 70 76 80 81 82 82 82 82 83 83 83 81 79 76 73 72 72 70 68 67 67 67 67 68 68 66 64 61 60 58 55 53 52 52 52 52 52 53 55 55 54 55 55 54 53 52 52 51 49 48 47 46 44 43 41 39 38 36 35 33 31 28 26 23 21 18 14 11 6 2 359 4 14 18 14 4 356 352 350 348 348 348 347 345 343 341
79 79 81 80 75 73 70 68 68 69 73 77 78 79 81 81 82 83 84 86 86 86 83 80 79 77 74 71 69 68 67 66 65 65 67 69 70 68 66 62 60 58 57 57 57 57 57 59 60 58 54 52 51 51 52 53 53 52 51 50 48 47 45 44 42 41 39 37 36 34 32 29 27 24 22 19 16 12 7 3 359 1 7 10 6 360 355 352 349 346 345 345 346 345 343 341
78 77 77 78 76 73 68 67 71 74 77 77 78 78 78 79 80 82 84 86 89 90 89 87 86 84 78 74 72 71 68 66 64 62 63 66 67 69 70 69 66 63 62 63 64 65 66 68 69 68 63 59 56 54 54 55 55 54 53 52 50 49 47 45 43 42 40 39 37 35 33 31 28 26 23 20 17 13 8 3 358 358 2 5 2 357 355 354 351 348 346 345 345 345 344 342
80 78 77 78 77 72 67 67 72 77 78 76 77 77 77 77 77 80 83 86 89 91 92 95 94 87 80 76 75 74 70 68 66 63 62 62 61 63 66 69 70 68 65 64 64 66 68 70 72 72 70 66 62 59 57 58 58 57 56 54 52 50 48 46 45 43 41 40 38 36 34 32 29 27 24 21 18 14 9 2 356 353 355 359 359 357 355 354 352 350 347 346 344 343 343 343
81 80 79 78 75 70 66 67 72 75 76 75 77 76 75 75 73 75 78 83 86 87 91 98 101 89 77 75 74 72 71 71 70 69 68 64 60 59 60 63 66 68 67 65 64 65 68 70 71 71 71 69 66 63 62 62 62 61 59 57 54 52 50 47 46 44 43 41 39 38 35 33 31 28 26 22 19 14 9 3 354 347 346 349 355 357 357 353 351 350 348 343 339 337 339 340
82 82 80 77 72 66 64 65 68 71 73 75 77 74 71 69 67 70 74 79 82 84 91 99 101 83 73 72 71 70 70 72 72 74 75 74 69 64 62 62 62 63 65 66 64 64 66 68 69 68 68 69 67 66 64 64 65 66 65 62 58 54 51 49 47 46 44 42 41 39 37 35 32 30 27 24 20 16 11 5 355 344 338 339 345 354 358 356 353 350 344 338 332 327 323 321
84 83 79 75 71 67 65 64 63 65 71 76 74 71 68 63 63 67 73 78 83 90 97 97 82 58 66 69 70 70 70 71 72 72 75 78 78 74 70 68 66 65 65 65 66 66 66 67 68 67 66 66 65 64 62 61 62 65 70 70 62 55 52 50 48 47 45 44 42 40 38 36 34 31 29 25 22 18 13 7 358 347 338 334 336 344 355 357 353 346 337 331 327 322 316 313
83 81 75 72 73 71 67 63 58 61 69 73 69 65 63 60 61 64 71 81 92 100 98 81 49 42 60 67 69 70 71 72 72 72 73 75 77 78 74 71 70 69 68 68 69 69 68 67 67 68 69 67 66 63 60 58 59 62 68 70 62 55 52 50 49 48 47 45 44 42 40 38 35 33 30 27 24 20 16 10 2 353 345 339 337 341 347 350 347 339 330 326 328 326 324 321
79 75 67 65 66 68 65 59 54 59 67 66 59 57 55 54 57 60 68 83 99 104 85 57 37 39 57 65 68 70 72 73 74 75 75 75 75 76 77 73 69 68 69 71 72 72 71 70 70 70 72 72 71 68 60 56 58 61 63 61 54 51 52 51 50 49 48 47 45 43 42 39 37 35 32 30 26 23 18 13 7 359 351 346 344 343 343 343 339 331 323 321 321 316 312 312
76 71 62 59 58 57 53 45 42 50 59 58 52 52 53 55 57 59 68 80 89 83 59 45 36 43 58 65 69 71 73 75 76 77 77 76 75 76 78 78 71 67 67 70 73 74 74 73 73 75 77 79 79 74 65 60 62 63 61 57 51 48 51 52 52 51 50 49 47 45 43 41 39 37 34 32 29 25 21 17 12 5 356 348 345 343 341 339 334 327 316 309 305 299 296 298
76 72 64 60 59 57 50 40 33 43 50 47 40 37 39 46 51 57 72 77 69 41 37 38 38 49 60 66 70 72 74 77 80 81 80 78 78 77 78 79 75 68 66 69 71 73 75 75 75 76 79 84 85 79 75 76 76 72 67 61 55 51 52 54 54 53 52 50 49 47 45 43 41 39 36 34 31 28 25 21 16 11 4 355 347 342 339 335 329 323 318 313 308 304 302 300
75 72 67 67 68 66 59 47 36 45 51 46 38 34 34 44 52 60 71 68 51 35 32 36 42 54 63 68 70 71 74 79 83 85 83 81 80 80 80 79 77 70 67 66 66 68 71 74 75 75 79 83 83 76 77 82 84 79 73 67 62 56 55 56 56 55 54 52 51 49 47 45 43 41 39 36 34 31 28 24 20 16 11 5 358 351 345 340 339 337 333 328 323 318 313 310
73 71 69 71 73 71 65 58 55 63 64 59 53 51 54 64 65 72 71 60 45 41 40 47 54 62 67 69 69 69 73 79 83 84 84 84 83 83 82 82 81 77 71 66 62 63 65 69 73 76 78 76 71 70 74 78 81 80 75 70 66 61 59 59 59 58 56 54 53 51 49 47 45 43 41 39 37 34 31 28 24 21 16 12 7 2 357 353 351 348 342 337 333 327 322 318
