windninja/windninja_output/Output_2025-08-09_1300-1350_Google earth_Fire_150m_10min/merlingen_7.5mi_point_08-09-2025_1330_150m_ang.asc
ncols	158
nrows	163
xllcorner	391686.332397
yllcorner	5160024.123721
cellsize	150.000000
NODATA_value	-32768.000000
[rows 94 to 140 of 163, columns 0 to 95 of 158]
64 60 54 53 54 52 45 33 25 34 41 37 29 25 25 32 37 43 56 58 45 32 31 35 38 46 52 56 58 60 63 68 71 70 67 65 64 63 62 59 54 49 51 52 51 52 53 54 56 55 55 51 35 27 25 22 29 34 33 30 24 16 12 10 9 7 5 3 1 359 357 355 353 351 348 346 343 340 337 334 331 327 323 318 312 305 299 292 285 280 280 282 283 283 283 284
60 59 57 59 61 59 53 44 38 46 52 49 44 43 44 54 56 64 65 56 43 41 41 46 50 54 57 58 59 59 63 68 71 71 69 69 69 68 66 64 58 51 50 50 47 46 46 48 49 49 49 46 35 30 32 32 33 34 32 30 26 20 15 13 11 9 7 5 3 0 358 356 354 352 349 347 344 341 338 335 332 328 324 320 315 310 305 299 295 293 292 292 292 292 292 291
57 60 61 61 61 57 53 51 57 72 77 70 64 63 69 75 75 78 70 48 45 51 55 62 65 64 62 61 60 61 65 68 69 70 71 72 73 72 71 69 65 60 55 53 49 45 44 44 45 47 48 46 41 35 37 39 38 37 34 31 28 22 18 15 13 11 9 7 4 2 360 358 355 353 350 348 345 342 339 336 333 330 326 322 318 315 311 307 304 302 300 299 299 299 298 297
54 62 65 64 63 60 56 55 61 73 80 78 76 72 76 79 83 81 67 48 47 55 65 75 77 71 65 64 65 69 73 73 72 71 73 76 78 79 77 75 72 68 63 62 59 54 51 52 54 55 54 51 47 42 42 44 44 43 39 36 31 26 22 18 15 12 10 8 6 4 1 359 357 354 352 349 346 343 341 338 334 331 328 325 322 318 315 312 310 308 307 305 304 303 302 301
56 67 72 72 72 68 63 62 64 67 73 80 87 88 88 88 86 78 62 52 50 57 68 76 74 62 61 65 70 74 78 78 76 76 76 79 83 85 85 83 79 76 72 69 68 66 66 66 65 62 58 55 51 47 46 46 46 44 41 38 35 32 28 23 17 14 12 10 8 6 3 1 358 356 353 350 348 345 342 339 336 333 330 327 324 321 319 316 314 312 310 309 308 307 306 305
65 75 79 80 82 80 78 76 72 71 73 78 82 88 90 87 81 72 62 55 53 61 70 71 58 50 59 67 72 75 78 80 81 81 81 82 84 87 90 92 89 85 81 75 70 69 69 68 64 60 58 55 52 49 48 47 46 45 43 38 34 33 32 28 22 17 14 11 9 7 5 3 0 358 355 352 349 346 343 340 338 335 332 329 326 324 321 319 318 316 314 313 311 310 309 308
68 74 79 81 82 82 82 82 79 76 76 75 76 81 85 81 78 74 65 58 65 74 75 64 52 53 62 68 72 76 78 82 85 88 89 89 88 88 91 96 98 95 90 83 75 71 69 67 63 60 58 55 51 49 48 46 45 46 45 38 33 32 32 31 26 20 15 11 10 10 8 5 2 360 357 354 351 348 345 342 339 336 334 331 329 326 324 322 320 318 317 316 314 313 312 311
70 75 79 80 80 80 80 81 80 78 76 74 72 70 71 72 71 70 65 68 79 82 72 58 56 60 66 70 73 76 79 84 89 93 97 98 96 94 95 99 104 103 100 96 86 77 72 69 65 61 58 55 53 51 51 48 45 45 45 40 36 34 34 33 30 24 18 14 12 12 11 8 5 2 359 356 352 349 346 343 340 338 335 333 330 328 326 325 323 321 320 318 317 316 315 314
73 76 79 79 78 79 79 79 78 78 76 74 70 63 61 64 66 65 63 71 78 71 60 59 60 64 68 72 74 77 81 85 89 94 99 103 105 104 103 104 108 111 109 108 100 84 74 69 64 61 59 56 54 52 52 49 46 46 44 41 37 33 33 35 34 29 23 19 17 17 16 11 7 4 1 358 354 351 347 344 341 339 337 334 332 330 328 326 325 323 322 320 319 318 317 316
75 76 77 77 77 77 78 78 78 77 76 75 72 71 71 70 69 68 68 73 69 56 57 61 62 63 68 74 76 80 84 86 88 92 97 104 110 112 110 109 112 118 119 118 115 101 83 72 65 62 60 58 56 53 51 49 47 46 44 42 38 34 33 35 36 33 28 24 21 21 23 19 11 6 3 0 356 352 348 345 342 339 337 335 333 332 330 328 327 325 324 322 321 320 319 317
75 75 76 76 77 78 78 78 77 78 79 80 81 85 88 86 81 76 75 73 63 55 58 61 60 61 66 72 76 82 85 86 88 91 96 101 109 114 115 114 117 122 125 127 127 119 99 82 70 64 61 60 58 56 53 50 47 46 46 45 42 38 36 37 37 35 31 25 22 22 26 27 23 15 9 3 356 351 348 345 342 340 337 336 334 333 331 330 328 327 325 324 323 322 320 319
76 75 74 74 76 77 78 77 77 79 81 84 88 91 93 92 88 82 76 70 62 60 60 59 58 60 65 69 74 80 84 87 90 91 93 99 107 115 119 120 122 126 129 132 135 133 117 95 77 66 62 59 57 56 55 53 50 47 47 47 45 41 40 40 40 38 34 27 23 25 27 30 30 26 19 10 358 351 345 341 338 337 337 336 335 334 332 331 329 328 326 326 325 323 322 320
75 74 72 72 73 74 75 75 75 78 81 84 86 88 90 89 85 80 73 65 62 64 63 58 57 59 62 65 71 78 83 89 90 88 89 97 107 116 121 124 126 129 131 134 140 142 134 113 91 75 66 60 56 54 54 53 51 50 49 48 46 43 42 42 41 39 36 30 25 27 30 31 31 27 22 17 10 1 352 342 334 332 334 335 335 334 333 332 331 329 328 327 326 325 323 322
74 72 70 70 71 72 73 74 73 74 76 77 77 77 80 82 81 77 71 64 62 66 66 59 55 57 59 60 66 76 84 88 87 82 87 99 110 115 118 123 129 131 132 135 142 147 148 134 110 88 74 67 60 56 53 51 50 50 50 49 47 46 44 42 41 39 38 34 27 27 31 32 31 30 27 24 19 9 360 355 345 333 329 332 335 335 334 333 331 330 330 329 327 326 324 323
73 70 68 69 70 70 70 70 70 71 72 72 70 69 72 75 76 73 67 64 66 70 70 61 54 54 57 56 62 74 82 85 83 77 89 103 110 111 113 120 130 133 133 137 144 149 156 153 131 100 81 71 65 60 55 52 50 50 49 47 47 47 46 44 43 41 39 37 31 27 30 34 34 33 31 28 24 16 7 4 360 346 331 328 332 334 335 334 333 332 331 330 329 327 325 324
72 70 69 70 71 71 70 68 69 69 69 68 66 66 69 74 74 66 58 61 69 75 73 65 56 54 56 55 62 74 79 79 78 78 90 102 106 107 114 121 126 127 131 140 147 150 158 165 155 121 88 72 65 61 58 54 52 50 49 46 45 47 47 44 45 45 42 39 34 29 30 36 37 34 32 30 28 24 18 12 8 0 345 332 329 332 334 334 334 333 332 330 328 327 326 325
72 71 73 75 75 75 72 70 69 67 67 67 65 65 70 76 75 59 50 58 68 77 77 70 63 58 56 55 62 72 77 77 75 77 88 99 104 109 116 119 117 117 125 139 148 151 159 173 172 148 108 79 65 60 58 55 52 52 51 48 45 47 47 44 44 46 45 42 37 32 30 34 37 36 35 34 33 32 28 22 15 9 360 345 332 329 331 334 334 333 332 329 327 326 325 325
72 74 76 77 76 74 72 70 69 67 66 68 69 69 73 77 75 51 44 54 64 75 82 75 67 65 63 59 60 66 73 77 75 76 86 97 105 112 118 115 114 113 116 129 143 151 161 175 180 169 137 93 69 61 59 55 52 53 54 50 47 48 47 45 43 44 45 44 40 34 31 34 39 39 38 38 37 36 35 31 24 17 11 360 347 337 333 333 333 331 329 325 322 323 323 325
76 77 77 75 74 72 70 68 68 65 63 67 72 73 75 78 76 47 40 50 58 68 78 76 66 72 76 74 67 63 66 72 76 80 91 100 107 112 115 113 113 107 105 116 137 152 162 173 181 182 166 120 73 64 61 56 52 52 53 51 47 47 47 46 43 43 44 43 41 38 36 38 41 41 41 41 40 37 35 34 31 26 20 12 2 355 349 345 341 331 319 317 320 323 325 328
76 77 76 74 74 73 71 68 65 62 60 66 72 73 74 79 78 49 38 47 53 61 69 72 68 77 83 86 81 69 64 67 75 86 97 103 106 106 107 107 103 97 100 111 130 150 160 167 178 185 185 173 87 66 61 57 52 51 52 51 47 45 46 47 44 42 43 42 40 38 36 38 40 40 41 43 41 38 35 35 35 34 29 24 17 10 9 11 8 349 331 327 329 333 335 335
73 73 73 73 73 72 72 70 65 62 64 70 72 68 70 78 82 67 33 46 50 56 61 67 72 78 81 82 85 82 69 66 74 86 97 103 102 100 99 97 91 93 101 109 121 139 153 162 171 183 193 199 157 66 61 57 53 51 52 51 48 44 44 47 45 42 42 41 40 38 36 38 41 41 41 43 43 41 38 37 39 38 33 29 27 21 21 22 12 355 346 344 345 351 357 351
69 70 71 71 71 69 68 67 66 67 73 77 71 62 66 79 88 90 26 52 55 55 56 62 71 77 76 74 79 85 75 67 72 83 93 100 102 99 95 89 89 98 103 107 114 130 150 164 169 178 194 207 211 75 61 58 54 51 52 52 49 44 45 47 46 42 41 41 41 40 38 39 43 45 44 44 44 44 41 38 41 42 36 31 31 26 22 19 9 358 357 2 6 11 10 360
68 70 70 70 69 68 65 63 66 73 81 82 71 58 66 80 91 97 163 77 68 62 59 61 65 71 72 70 79 86 80 70 70 77 89 98 102 97 88 88 94 102 104 103 107 122 142 159 162 168 189 209 222 223 58 57 55 53 52 53 49 45 46 48 47 42 41 42 42 40 39 39 41 45 47 47 46 46 45 43 46 47 41 35 34 29 21 17 11 8 11 17 19 14 5 1
68 69 70 70 70 69 65 63 67 74 81 84 71 60 69 79 87 99 160 133 90 77 71 66 64 66 66 69 79 86 85 78 73 78 85 94 96 90 83 89 97 101 100 98 100 108 123 142 153 160 178 210 230 246 37 55 56 54 53 54 51 46 46 48 47 42 41 41 41 40 39 37 38 41 45 47 47 47 47 46 47 49 44 38 35 30 22 18 17 18 21 24 21 12 5 6
69 69 69 70 71 70 68 68 72 74 77 80 76 69 71 74 81 98 145 153 125 97 86 80 75 70 68 71 76 79 86 92 93 91 89 85 83 78 81 89 93 93 92 92 93 97 111 131 146 156 171 214 238 253 322 50 55 54 53 54 52 48 47 47 45 41 39 40 41 41 39 37 37 39 42 44 45 46 47 46 46 49 46 39 35 30 24 21 22 24 25 25 21 16 13 12
69 68 68 72 74 72 71 74 79 78 75 77 81 78 73 73 79 93 126 151 144 120 103 96 93 88 84 83 81 82 92 104 108 102 93 84 78 75 81 85 81 80 81 84 88 92 99 115 132 148 166 220 246 259 288 41 54 55 54 54 54 51 49 48 44 41 39 39 41 42 41 38 37 37 40 42 43 44 46 48 50 51 48 41 35 31 26 24 25 27 27 25 24 24 21 11
66 66 67 72 76 75 75 80 84 82 77 80 86 83 75 73 79 87 107 139 148 136 119 107 102 100 99 98 99 101 101 104 106 101 95 89 83 82 86 83 75 72 75 80 84 85 88 99 115 133 153 224 255 266 287 20 53 57 56 55 55 52 50 52 51 52 51 46 44 45 43 40 38 37 38 40 42 44 47 50 53 53 50 43 38 32 27 26 28 29 29 28 26 25 19 5
63 65 67 68 67 69 73 79 86 86 79 83 91 93 78 73 76 83 95 117 141 139 129 117 109 107 106 107 110 111 109 105 103 101 96 93 91 88 88 90 82 74 76 80 82 83 87 93 99 104 117 244 266 275 290 357 51 58 56 56 56 52 52 55 57 64 71 68 58 51 47 43 42 41 38 38 39 41 45 48 50 51 49 43 38 33 28 28 30 32 31 28 25 20 13 2
60 67 70 67 61 59 63 69 78 83 81 87 95 106 89 75 74 77 84 95 117 129 129 124 114 110 110 112 113 113 113 110 105 102 99 95 94 89 86 95 93 83 77 76 80 85 89 90 87 80 69 14 280 282 294 342 46 55 54 56 55 52 54 56 55 60 67 73 75 66 55 49 47 44 40 37 37 39 41 43 46 48 46 40 36 32 29 29 31 32 31 27 23 17 9 2
66 74 76 71 63 61 61 63 68 71 78 89 98 111 101 85 75 71 73 82 97 112 119 119 115 114 114 113 115 117 119 115 107 105 101 96 95 90 86 91 99 91 78 73 74 81 85 85 80 67 58 40 306 294 301 334 41 57 58 56 53 52 55 55 55 58 60 63 69 75 68 61 55 49 45 40 37 37 38 39 40 43 42 38 35 34 31 30 32 33 31 25 20 16 8 4
73 78 78 73 69 68 65 63 65 65 71 85 97 103 103 94 80 68 65 73 88 100 109 112 112 110 111 116 122 125 126 117 109 108 104 97 96 95 89 88 98 98 84 75 72 75 79 81 74 62 55 35 330 306 312 341 31 54 60 57 51 53 55 54 56 59 59 59 61 67 75 76 71 64 55 48 41 38 38 36 36 40 41 39 37 36 32 32 36 36 31 22 15 12 10 9
70 75 76 73 70 69 67 66 67 64 66 75 83 91 98 99 88 72 64 67 78 93 103 106 106 109 117 127 131 135 135 119 109 109 106 98 96 99 94 90 96 103 94 81 75 73 75 77 71 63 54 30 345 320 320 343 22 44 52 51 50 54 54 52 55 58 59 58 58 58 65 76 82 82 76 64 54 47 44 40 39 42 43 41 39 37 33 33 36 35 27 17 11 11 12 13
67 73 76 74 70 69 69 71 70 66 64 66 71 80 90 99 96 81 72 69 75 88 102 107 115 124 131 136 140 146 145 122 108 107 108 100 96 99 98 94 96 106 106 91 80 77 76 73 66 57 48 27 349 330 327 341 14 39 48 48 48 53 53 53 56 58 58 57 57 55 57 65 73 81 87 87 80 70 62 55 49 48 45 42 40 36 33 33 35 34 26 16 11 11 12 16
69 75 78 76 72 70 72 75 74 68 61 60 63 71 85 96 98 91 87 86 94 103 111 120 124 127 133 138 143 151 152 130 109 103 104 101 96 97 100 98 97 107 116 106 89 81 77 72 63 51 43 25 350 336 334 343 10 39 50 50 50 53 53 54 58 59 58 57 56 55 57 62 68 74 81 91 99 96 85 71 58 53 48 43 39 33 28 28 30 31 27 18 11 12 15 19
71 77 79 78 76 76 77 77 75 70 63 59 59 63 72 87 94 96 103 116 122 118 114 116 118 117 118 125 138 148 152 138 116 103 96 94 95 96 97 97 98 106 118 122 104 87 78 69 57 49 40 21 352 341 340 348 12 40 52 52 52 53 53 55 57 58 58 57 56 56 57 61 66 72 78 85 98 110 106 96 79 60 49 43 37 30 24 22 23 26 25 19 14 16 20 22
71 77 80 81 81 83 85 83 79 75 71 67 61 58 62 71 87 103 116 124 127 125 111 103 102 104 109 118 127 139 146 143 127 109 94 87 88 91 92 93 97 104 114 124 120 98 81 65 52 48 36 18 353 346 346 353 16 40 51 53 52 52 53 55 57 58 58 57 56 56 58 60 63 67 74 81 91 105 113 115 112 93 66 48 39 30 23 20 21 23 23 20 18 19 23 23
72 77 80 82 83 85 88 89 87 84 83 79 71 65 63 70 86 105 118 125 127 125 117 104 98 100 106 111 118 130 139 143 139 124 105 89 81 81 86 90 94 100 108 119 128 115 89 67 55 50 35 17 356 351 353 358 18 39 50 53 53 53 54 56 58 58 58 58 57 56 58 60 62 63 67 74 84 93 103 113 121 125 116 83 55 38 29 27 28 26 24 24 22 21 22 23
75 79 79 79 82 86 85 85 89 94 94 89 84 80 79 81 89 102 113 120 124 127 126 115 102 97 102 108 114 125 134 143 150 141 121 101 85 79 80 85 91 98 104 112 124 126 102 73 61 53 34 15 1 357 1 6 20 40 51 55 55 57 58 59 59 59 59 58 57 56 58 60 61 61 64 68 76 83 87 96 111 129 137 130 103 66 43 35 33 29 27 28 26 22 23 25
78 81 80 78 82 88 84 78 81 91 98 98 95 93 93 94 96 98 103 112 122 129 131 128 112 97 92 102 110 117 128 138 152 154 136 119 102 88 81 81 88 95 99 104 112 121 111 80 66 53 31 15 6 4 9 13 23 41 53 56 57 60 61 60 61 61 61 60 59 58 59 60 59 61 64 67 73 77 76 81 94 116 138 144 138 121 79 45 37 33 29 30 30 26 25 29
81 84 84 82 85 89 89 81 76 79 90 100 101 101 103 106 106 102 99 105 118 130 135 133 121 99 86 90 101 108 117 126 143 153 145 133 118 103 90 86 88 92 95 96 98 95 91 77 62 47 28 16 11 10 15 19 26 42 52 55 58 61 60 60 62 62 63 64 62 61 62 61 60 60 62 67 74 78 77 79 83 94 119 139 144 145 137 98 57 45 37 34 34 31 29 32
83 86 87 87 86 87 90 91 84 78 82 90 95 101 111 117 114 108 101 101 110 128 136 134 127 108 89 84 91 101 109 116 129 144 147 140 127 113 102 95 91 90 93 91 81 68 61 51 43 37 28 19 15 17 20 22 30 44 53 56 60 60 59 59 61 63 64 66 68 68 65 64 62 60 61 66 72 79 83 84 83 84 92 112 130 143 152 153 120 71 50 41 42 39 33 31
77 82 86 88 87 86 88 94 95 88 83 83 89 99 111 117 117 110 106 103 104 116 128 131 133 124 102 88 86 94 105 112 120 133 142 143 136 124 111 103 97 92 90 84 69 57 48 31 26 31 29 22 20 23 24 25 35 49 56 60 62 61 60 60 61 62 63 65 71 77 77 71 66 61 61 63 67 72 81 87 88 84 82 88 103 121 140 152 150 125 88 64 55 48 38 34
68 77 82 86 87 87 88 89 92 93 89 87 91 99 106 111 113 112 109 106 101 105 116 125 135 135 119 100 91 91 99 109 114 122 134 143 147 137 116 106 102 95 87 75 63 54 44 25 21 30 30 26 27 29 28 29 40 54 59 61 62 61 60 60 60 61 62 64 71 79 87 87 77 68 62 61 63 65 69 78 85 83 79 80 86 94 104 125 141 139 120 95 78 63 50 42
75 80 79 80 86 89 89 87 86 89 92 95 101 104 104 107 110 112 110 104 99 101 110 119 133 141 131 114 101 93 91 99 106 114 125 139 152 149 119 106 103 99 84 67 57 50 41 24 22 30 31 32 34 34 33 36 48 59 62 61 61 60 61 60 60 60 62 65 70 77 87 97 98 92 78 66 63 62 61 65 73 78 77 78 78 75 80 91 106 115 102 90 87 82 66 43
95 92 82 77 83 89 91 90 89 90 94 101 111 112 109 108 108 106 103 99 97 101 108 116 127 139 138 123 109 97 88 89 99 108 116 129 149 152 126 107 101 94 78 62 51 45 37 25 25 31 34 37 39 38 40 46 57 63 63 62 62 61 61 60 59 61 63 68 72 76 82 95 106 109 107 91 73 65 60 60 65 69 73 77 70 59 58 56 43 33 39 53 67 76 72 27
94 95 91 84 81 82 87 94 98 98 99 107 116 117 113 108 103 98 94 92 93 98 104 111 120 132 137 129 117 107 97 90 92 98 105 117 137 146 132 110 94 78 68 57 47 43 37 29 29 35 38 42 41 43 49 57 64 65 64 64 63 63 62 58 57 61 65 70 73 75 80 88 102 112 118 114 93 75 66 63 64 64 65 64 50 40 34 28 25 22 26 36 44 49 46 12
85 89 97 98 85 76 80 91 98 103 110 113 116 116 112 107 101 97 94 90 89 93 98 105 113 123 131 133 125 119 114 101 91 90 97 109 126 136 130 109 84 67 59 50 44 43 38 33 35 40 44 46 47 51 59 65 66 65 66 66 65 66 64 57 55 60 65 70 72 75 78 84 93 105 114 121 108 87 77 71 70 69 66 58 45 38 36 33 32 30 29 32 32 32 31 19
