windninja/windninja_output/Output_2025-08-09_1300-1350_Google earth_Fire_150m_10min/merlingen_7.5mi_point_08-09-2025_1310_150m_vel.asc
ncols	158
nrows	163
xllcorner	391686.332397
yllcorner	5160024.123721
cellsize	150.000000
NODATA_value	-32768.000000
[rows 114 to 151 of 163, columns 0 to 83 of 158]
2.52 2.78 3.10 3.31 3.54 3.56 3.43 3.37 3.38 3.50 3.86 4.63 4.67 4.09 4.60 5.01 3.29 0.90 0.65 2.07 3.86 6.04 6.70 4.85 4.12 4.53 4.46 4.15 4.13 4.22 5.30 7.81 9.44 10.15 9.82 7.73 5.83 4.66 3.44 2.52 2.22 2.87 3.83 3.91 2.83 1.92 1.73 1.66 1.55 1.48 1.35 1.07 0.74 1.04 1.73 2.07 2.06 2.26 2.81 3.18 3.02 2.79 3.01 3.35 3.12 2.98 3.21 3.30 3.22 2.90 2.55 2.53 2.60 2.54 2.67 2.90 2.81 2.50 2.25 2.29 2.47 2.24 1.68 1.37
2.21 2.69 3.23 3.39 3.52 3.58 3.59 3.43 3.27 3.46 4.01 4.49 4.20 4.02 5.04 5.70 3.86 1.08 0.17 1.22 2.80 4.66 6.19 6.38 5.73 5.00 4.51 4.38 4.96 4.33 4.08 6.52 9.69 11.20 10.07 7.69 5.79 4.59 3.54 2.60 2.53 3.46 4.06 3.84 3.01 2.24 1.89 1.63 1.48 1.40 1.31 1.17 0.84 0.67 1.42 1.96 2.06 2.14 2.55 3.06 3.06 2.85 3.00 3.38 3.30 3.00 3.11 3.32 3.36 3.19 2.95 2.88 2.93 2.74 2.56 2.82 3.02 2.81 2.39 2.24 2.54 2.49 1.95 1.58
1.85 2.50 3.21 3.44 3.51 3.49 3.54 3.56 3.63 3.89 4.42 4.21 3.42 3.56 5.26 6.44 4.46 1.21 0.31 0.72 2.08 3.37 4.64 6.11 6.57 5.83 4.64 4.62 5.78 4.77 3.57 5.32 8.73 11.34 10.68 7.94 5.77 4.17 3.57 3.22 3.24 3.91 3.94 3.64 3.21 2.35 1.62 1.30 1.28 1.26 1.22 1.19 1.00 0.55 1.00 1.77 2.08 2.11 2.37 2.86 2.98 2.88 3.04 3.36 3.39 3.08 3.08 3.30 3.42 3.37 3.22 3.18 3.32 3.31 2.85 2.69 2.92 3.05 2.71 2.34 2.53 2.62 2.08 1.69
1.64 2.30 3.08 3.41 3.52 3.44 3.29 3.45 3.98 4.55 4.89 3.94 2.67 2.93 5.28 7.02 5.02 1.52 0.71 0.99 1.71 2.73 3.61 4.85 6.12 6.45 5.39 5.15 6.48 5.24 3.70 4.47 6.89 10.34 10.82 8.03 5.49 3.72 3.61 3.99 3.94 3.91 3.63 3.53 3.30 2.31 1.46 1.25 1.30 1.30 1.22 1.16 1.07 0.65 0.50 1.50 2.07 2.15 2.30 2.68 2.82 2.81 3.06 3.41 3.44 3.16 3.13 3.31 3.43 3.45 3.38 3.34 3.51 3.78 3.66 3.13 2.81 2.99 3.02 2.70 2.67 2.71 2.18 1.70
1.54 2.06 2.91 3.41 3.53 3.41 3.15 3.33 4.03 4.73 5.24 4.10 2.33 2.53 4.80 7.22 6.30 2.56 1.33 1.56 1.76 2.42 3.17 3.92 4.86 5.80 5.55 5.71 6.62 6.06 4.81 4.65 5.97 9.41 10.25 8.48 6.12 3.91 3.98 4.44 4.03 3.68 3.49 3.48 3.31 2.59 1.76 1.45 1.39 1.30 1.14 1.01 1.03 0.78 0.17 1.16 1.97 2.21 2.32 2.59 2.72 2.66 2.89 3.34 3.46 3.31 3.25 3.40 3.51 3.52 3.44 3.35 3.47 3.85 4.20 3.96 3.25 3.02 3.12 3.03 2.98 2.85 2.29 1.76
1.45 1.84 2.73 3.48 3.55 3.28 3.24 3.51 4.11 4.48 5.14 4.68 2.54 2.41 4.06 6.66 7.41 4.34 1.93 1.84 2.03 2.35 2.98 3.77 4.51 4.99 5.11 5.44 6.22 6.50 6.52 6.33 7.40 9.29 9.35 8.60 7.24 5.12 4.68 4.62 4.07 3.78 3.66 3.63 3.45 2.92 2.08 1.57 1.33 1.10 0.87 0.76 0.91 0.85 0.32 0.80 1.79 2.24 2.37 2.58 2.73 2.62 2.71 3.06 3.23 3.31 3.31 3.41 3.64 3.70 3.50 3.30 3.32 3.62 4.17 4.48 4.10 3.52 3.33 3.25 3.18 3.01 2.47 1.94
1.31 1.67 2.58 3.59 3.69 3.23 3.44 3.87 4.31 4.19 4.61 5.11 3.19 2.28 3.42 5.91 7.80 6.16 2.91 2.03 2.19 2.46 3.03 3.89 4.64 5.04 5.22 5.41 6.16 7.13 7.84 7.75 8.07 8.64 8.51 8.23 7.38 6.34 5.18 4.39 4.43 4.39 4.29 4.10 3.71 3.13 2.42 1.77 1.23 0.89 0.65 0.50 0.75 0.86 0.51 0.50 1.59 2.22 2.37 2.58 2.80 2.65 2.70 2.90 2.87 3.05 3.06 2.91 3.31 3.75 3.65 3.33 3.20 3.31 3.77 4.39 4.65 4.35 3.91 3.64 3.39 3.16 2.66 2.16
1.11 1.52 2.44 3.48 3.85 3.57 3.91 4.49 4.69 3.97 4.13 5.54 3.99 2.10 2.88 5.29 7.82 7.29 4.20 2.39 2.21 2.62 3.20 4.01 4.91 5.32 5.37 5.72 7.18 8.60 8.67 8.36 8.31 8.07 8.34 8.04 7.05 6.78 5.08 3.84 4.19 4.67 5.12 4.69 4.05 3.50 2.87 2.04 1.15 0.74 0.47 0.27 0.58 0.86 0.67 0.33 1.50 2.20 2.36 2.60 2.82 2.66 2.72 2.96 2.93 3.15 3.15 2.52 2.50 3.25 3.55 3.41 3.25 3.12 3.24 3.78 4.49 4.88 4.72 4.30 3.84 3.46 2.91 2.40
0.89 1.43 2.28 2.95 3.58 3.94 4.49 5.26 5.42 4.17 4.04 5.99 4.72 2.07 2.23 4.17 7.34 8.04 5.20 3.08 2.47 2.85 3.38 4.07 5.14 5.46 5.55 6.45 8.58 9.71 8.70 8.38 8.46 7.62 8.14 8.05 6.76 6.81 5.34 3.59 3.44 4.20 5.57 5.50 4.55 3.95 3.27 2.15 1.23 0.80 0.50 0.17 0.42 0.86 0.75 0.30 1.36 2.19 2.40 2.69 2.81 2.69 2.81 3.01 3.15 3.63 3.77 2.93 2.30 2.44 2.98 3.24 3.29 3.14 2.93 3.06 3.69 4.56 5.06 5.02 4.61 4.05 3.29 2.70
0.79 1.39 2.16 2.39 2.86 3.63 4.34 5.36 6.21 5.31 4.84 6.66 5.29 2.02 1.85 3.29 6.04 8.20 6.87 4.58 3.64 3.39 3.58 4.26 5.19 5.57 5.75 7.22 10.20 10.53 8.21 7.86 8.10 7.24 7.80 8.02 6.50 6.55 6.13 3.83 2.90 3.43 5.08 6.18 5.50 4.47 3.53 2.24 1.33 0.91 0.72 0.42 0.38 0.88 0.77 0.41 1.17 2.13 2.38 2.61 2.79 2.83 2.97 3.06 3.20 3.81 4.22 3.81 2.84 2.20 2.36 2.87 3.08 3.06 2.85 2.64 2.82 3.58 4.49 5.06 5.22 4.93 4.05 3.12
0.91 1.45 2.08 2.10 2.40 3.24 3.85 4.72 6.14 6.08 6.32 7.36 4.95 2.05 1.91 2.93 4.59 7.01 8.05 6.77 5.32 4.54 4.15 4.55 5.15 5.49 6.10 8.88 12.29 10.53 6.97 7.09 7.74 7.08 7.42 7.91 6.48 6.02 6.26 4.42 2.91 2.75 3.83 6.01 6.60 5.36 3.97 2.57 1.38 1.03 0.94 0.69 0.57 0.93 0.90 0.72 1.21 2.18 2.53 2.39 2.58 3.03 3.14 3.13 3.36 3.82 4.18 4.33 3.90 2.70 2.27 2.65 2.84 2.77 2.71 2.48 2.32 2.69 3.49 4.18 4.82 5.37 5.03 3.84
1.01 1.55 2.05 2.00 2.23 2.98 3.55 4.18 5.52 5.94 6.89 8.14 5.77 2.57 2.28 2.89 3.65 4.89 6.90 8.11 8.06 6.62 5.38 5.13 5.76 6.48 8.63 12.75 12.55 8.37 5.39 6.33 7.59 6.91 6.86 7.76 6.68 5.67 5.98 4.92 3.24 2.44 2.79 5.02 6.90 6.41 4.73 2.93 1.57 1.18 1.10 0.91 0.82 1.04 1.11 1.06 1.50 2.43 2.99 2.61 2.53 3.08 3.25 3.26 3.59 3.97 4.08 4.30 4.46 3.87 2.97 2.87 2.96 2.72 2.56 2.39 2.16 2.18 2.61 3.15 3.62 4.73 5.43 4.82
1.00 1.55 2.10 1.95 2.11 2.76 3.37 4.00 4.84 5.39 6.51 8.54 7.71 4.07 3.32 3.21 3.11 3.63 4.97 7.01 8.58 9.05 7.38 6.60 8.48 10.74 11.91 12.14 9.17 5.58 4.47 5.65 7.38 6.75 6.45 7.48 6.93 5.64 5.40 4.92 3.66 2.50 2.36 3.90 6.42 7.05 5.55 3.47 1.98 1.41 1.28 1.06 1.02 1.22 1.31 1.25 1.53 2.42 3.21 3.08 2.86 3.15 3.28 3.35 3.73 4.08 4.15 4.23 4.46 4.46 4.14 3.77 3.44 3.02 2.71 2.47 2.21 2.09 2.23 2.54 2.87 3.68 4.75 5.08
0.91 1.51 2.17 1.94 1.95 2.53 3.30 4.06 4.35 4.70 5.58 7.72 8.64 7.01 5.54 3.93 2.85 3.36 4.53 5.93 7.98 9.87 9.64 8.79 9.74 10.98 10.17 7.73 5.79 4.48 3.97 4.98 6.86 6.73 6.46 7.16 6.99 5.97 4.99 4.63 3.94 2.84 2.47 3.10 5.41 7.15 6.12 3.89 2.41 1.72 1.51 1.30 1.22 1.40 1.46 1.39 1.50 2.30 3.14 3.25 3.17 3.29 3.35 3.48 3.84 4.12 4.20 4.25 4.36 4.47 4.68 4.69 4.20 3.58 3.14 2.79 2.34 2.17 2.29 2.33 2.51 3.07 3.70 4.31
0.86 1.47 2.20 1.99 1.85 2.33 3.21 4.02 4.15 4.11 4.48 6.01 7.92 8.69 8.04 5.25 3.59 4.12 5.62 8.88 10.41 10.16 9.83 8.88 8.93 8.98 7.64 5.93 4.64 3.98 3.95 4.69 5.96 6.31 6.60 7.16 7.07 6.18 4.94 4.53 4.11 3.40 2.98 2.95 4.37 6.69 6.53 4.19 2.75 2.14 1.73 1.53 1.51 1.63 1.64 1.57 1.62 2.27 3.09 3.31 3.34 3.43 3.49 3.68 3.96 4.19 4.25 4.29 4.38 4.44 4.75 5.19 5.03 4.27 3.65 3.26 2.68 2.39 2.46 2.45 2.46 2.65 2.97 3.42
0.85 1.45 2.23 2.09 1.87 2.35 3.09 3.80 3.96 3.76 3.76 4.48 5.91 7.66 8.76 8.38 6.20 6.25 9.52 12.49 10.85 8.40 8.42 8.59 8.99 9.12 7.70 5.63 4.29 4.02 4.25 4.43 4.73 5.13 6.15 7.53 7.63 6.23 5.07 4.76 4.41 3.99 3.62 3.42 3.88 5.57 6.24 4.63 3.29 2.69 2.10 1.79 1.74 1.82 1.79 1.71 1.79 2.40 3.14 3.40 3.45 3.53 3.65 3.84 4.08 4.26 4.31 4.32 4.38 4.49 4.78 5.32 5.61 5.14 4.32 3.87 3.28 2.64 2.55 2.68 2.68 2.57 2.52 2.73
0.84 1.44 2.32 2.25 1.95 2.53 3.27 3.72 3.80 3.59 3.51 3.64 4.19 5.37 7.14 9.07 9.84 10.95 12.68 11.63 7.98 6.49 6.95 8.25 9.68 9.87 7.77 5.40 4.63 4.48 4.40 4.04 3.71 3.89 4.80 6.88 8.27 7.19 5.54 5.11 4.86 4.49 4.30 4.11 4.02 4.33 5.03 4.45 3.79 3.17 2.45 2.14 2.00 1.97 1.87 1.73 1.86 2.51 3.22 3.53 3.53 3.57 3.77 3.96 4.16 4.34 4.39 4.36 4.37 4.51 4.83 5.30 5.71 5.74 5.27 4.72 3.98 3.03 2.77 2.89 2.84 2.70 2.48 2.29
0.84 1.40 2.33 2.47 2.19 2.70 3.37 3.83 4.04 3.77 3.48 3.36 3.55 4.41 5.77 7.91 11.81 14.22 12.57 8.43 6.66 6.27 6.33 7.21 9.66 10.45 7.22 5.55 5.28 4.71 4.39 4.04 3.55 3.21 3.68 5.26 7.52 8.21 6.81 5.75 5.48 5.05 4.84 4.68 4.14 3.42 3.12 3.47 3.84 3.42 2.65 2.40 2.27 2.12 1.96 1.81 1.88 2.49 3.24 3.62 3.65 3.63 3.73 4.00 4.19 4.36 4.49 4.41 4.35 4.46 4.84 5.32 5.59 5.86 5.88 5.61 4.84 3.56 3.05 3.18 3.15 2.85 2.41 2.12
0.91 1.38 2.14 2.58 2.68 2.87 3.10 3.71 4.50 4.30 3.53 3.27 3.45 4.21 5.75 7.79 12.77 15.43 11.66 7.80 6.90 6.44 6.28 6.73 8.85 10.47 8.32 6.10 5.71 4.85 4.27 3.93 3.40 3.01 3.37 4.30 5.85 7.60 7.63 7.03 6.56 5.68 5.19 4.98 4.00 2.42 1.63 2.25 3.34 3.37 2.73 2.54 2.42 2.25 2.11 1.99 2.04 2.57 3.30 3.67 3.80 3.90 3.72 3.93 4.24 4.34 4.52 4.46 4.31 4.39 4.79 5.24 5.47 5.88 6.14 6.11 5.75 4.27 3.30 3.56 3.50 2.89 2.31 2.10
1.03 1.43 1.98 2.51 3.13 3.11 2.79 3.18 4.45 5.06 4.17 3.43 3.62 4.71 6.17 8.87 13.90 15.18 12.26 8.82 7.44 6.79 6.60 6.76 7.57 9.22 9.28 7.41 6.12 5.14 4.34 3.83 3.27 3.31 3.66 4.12 5.02 6.20 6.91 7.72 7.75 6.37 5.56 5.26 3.94 2.17 1.39 1.61 2.66 3.09 2.75 2.55 2.45 2.34 2.26 2.21 2.27 2.74 3.43 3.80 4.05 4.22 3.95 3.98 4.33 4.41 4.55 4.54 4.25 4.29 4.69 5.04 5.23 5.72 6.35 6.66 6.49 4.92 3.60 3.80 3.80 2.93 2.20 2.02
1.16 1.58 1.99 2.48 3.29 3.27 2.81 2.93 3.61 4.94 5.13 4.02 4.34 5.75 8.23 12.78 15.04 14.09 11.82 9.96 8.12 6.69 6.39 6.18 5.73 6.73 8.93 9.13 7.27 5.68 4.70 4.11 3.70 3.81 3.96 4.00 4.49 5.02 5.96 7.67 8.29 7.05 6.03 5.40 3.92 2.85 2.07 1.74 2.35 2.97 2.92 2.64 2.49 2.42 2.35 2.35 2.48 2.93 3.46 3.82 4.22 4.35 4.18 4.18 4.46 4.62 4.68 4.73 4.45 4.19 4.41 4.81 5.02 5.25 6.17 7.17 7.24 5.72 4.04 3.89 3.92 3.17 2.19 1.83
1.21 1.76 2.19 2.55 3.23 3.36 3.11 3.16 3.28 4.20 5.15 4.82 4.95 7.36 12.78 15.58 14.24 12.29 10.96 10.33 9.03 6.46 5.65 5.28 4.57 4.91 7.09 9.35 9.03 6.85 5.18 4.53 4.34 4.19 4.10 4.02 3.90 4.11 5.68 7.73 8.08 7.27 6.48 5.11 4.00 3.55 2.88 2.32 2.52 3.02 3.12 2.90 2.66 2.52 2.41 2.38 2.59 3.10 3.53 3.84 4.22 4.35 4.32 4.36 4.56 4.83 4.86 5.02 5.11 4.50 4.08 4.38 4.69 4.80 5.62 7.05 7.71 6.86 4.82 4.10 3.88 3.20 2.48 2.01
0.96 1.81 2.53 2.63 3.18 3.39 3.34 3.39 3.45 4.03 4.71 5.12 5.22 8.82 15.42 15.31 12.06 11.19 10.31 10.04 9.24 6.88 5.44 5.07 4.54 4.48 5.69 8.21 9.67 8.43 6.03 4.97 4.85 4.49 4.34 4.27 3.73 3.62 5.74 7.93 7.47 6.94 6.51 4.68 4.00 3.88 3.37 2.73 2.68 3.01 3.13 3.03 2.85 2.67 2.52 2.45 2.67 3.26 3.65 3.94 4.23 4.34 4.43 4.48 4.64 4.96 5.04 5.29 5.87 5.43 4.36 3.99 4.17 4.23 4.81 6.35 7.62 7.59 6.28 4.76 3.88 3.18 2.73 2.47
0.60 1.55 2.65 2.89 3.35 3.53 3.34 3.36 3.68 4.21 4.64 5.30 5.74 10.44 16.16 14.35 11.46 10.58 9.43 9.34 9.03 7.32 5.91 5.43 4.72 4.45 5.10 7.19 9.26 9.06 6.95 5.70 5.40 5.00 4.74 4.36 3.72 3.41 5.65 8.00 7.03 6.06 5.65 4.57 4.05 4.01 3.60 3.00 2.88 3.07 3.13 3.07 2.95 2.78 2.61 2.53 2.80 3.41 3.69 3.93 4.22 4.37 4.55 4.54 4.65 5.03 5.25 5.54 6.30 6.48 5.29 4.21 4.03 3.91 3.74 4.90 6.79 7.56 7.26 6.37 4.68 3.33 2.94 2.86
0.70 1.32 2.23 3.00 3.75 3.76 3.32 3.23 3.66 4.32 5.07 5.91 7.45 13.67 16.59 13.54 10.91 9.55 8.33 8.79 9.09 7.75 6.53 5.87 5.00 4.66 5.09 6.70 8.28 8.27 7.54 7.03 6.29 5.58 5.25 4.38 3.49 3.50 5.40 7.73 6.73 4.88 4.55 4.29 4.08 4.20 3.93 3.33 3.14 3.22 3.22 3.18 3.05 2.90 2.72 2.62 2.94 3.45 3.67 3.87 4.11 4.34 4.60 4.59 4.69 5.09 5.46 5.90 6.49 7.00 6.54 5.17 4.40 4.05 3.61 3.70 5.33 6.65 7.03 7.30 6.36 4.02 3.45 3.12
1.14 1.40 1.77 2.67 3.82 4.08 3.66 3.51 3.79 4.39 5.48 7.26 11.82 16.75 15.81 11.59 9.83 8.91 8.16 8.83 9.37 8.31 7.05 6.11 5.36 5.16 5.50 6.30 7.05 6.70 6.57 7.73 7.67 6.22 5.82 4.66 3.52 3.97 5.35 6.82 5.76 4.14 3.99 3.89 3.91 4.22 4.12 3.65 3.43 3.39 3.34 3.33 3.22 3.12 2.99 2.87 3.09 3.41 3.65 3.87 4.01 4.27 4.48 4.48 4.79 5.29 5.68 6.23 6.70 7.09 7.30 6.61 5.17 4.26 3.82 3.59 4.17 5.47 6.02 6.93 7.11 5.58 4.35 3.22
1.39 1.59 1.93 2.49 3.11 3.86 4.35 4.25 4.18 5.15 6.28 9.33 16.14 17.12 12.09 9.30 9.06 8.49 7.73 8.85 9.92 8.97 7.49 6.44 5.82 5.79 5.91 5.97 6.15 5.61 5.33 7.17 8.15 7.45 6.85 5.33 3.91 4.16 4.67 5.02 4.48 4.00 3.96 3.71 3.72 4.05 4.07 3.81 3.66 3.59 3.51 3.40 3.20 3.19 3.30 3.22 3.19 3.37 3.66 3.87 3.99 4.26 4.25 4.14 4.67 5.52 6.04 6.51 6.88 7.25 7.63 7.52 6.22 4.68 4.06 3.52 3.46 4.58 5.31 6.10 6.99 6.46 4.86 3.30
1.16 1.91 2.62 2.51 2.44 3.04 4.40 4.73 4.99 6.83 8.33 13.47 17.71 13.67 8.75 8.26 8.33 8.18 7.51 8.35 9.80 9.63 8.32 7.16 6.45 6.29 6.16 5.77 5.60 5.22 5.09 6.16 7.29 8.08 8.08 6.21 4.28 3.85 3.42 3.14 3.60 3.94 3.99 3.75 3.70 3.91 3.98 3.92 3.85 3.79 3.75 3.68 3.30 3.04 3.34 3.36 3.25 3.40 3.70 3.90 4.06 4.25 4.05 3.72 4.17 5.26 6.14 6.66 7.07 7.61 7.86 7.94 7.40 5.83 4.41 3.14 2.85 4.07 5.15 5.85 6.92 6.75 4.96 3.43
0.66 2.08 3.32 2.75 2.54 3.07 3.87 4.55 5.90 7.83 10.86 16.96 17.14 9.66 7.57 7.85 8.02 8.62 8.50 8.34 8.75 9.09 8.90 8.43 7.54 6.73 6.10 5.38 5.20 5.24 5.30 5.70 6.37 7.68 8.63 7.15 4.66 3.51 2.82 2.63 3.38 4.06 4.17 4.02 3.92 3.95 4.00 4.03 4.06 4.03 4.03 4.25 4.08 3.32 3.11 3.03 3.09 3.41 3.62 3.90 4.17 4.21 3.92 3.49 3.66 4.55 5.48 6.14 6.85 7.72 8.07 8.12 8.38 7.39 4.52 2.57 2.47 3.92 5.44 6.41 6.77 6.46 5.35 3.79
0.27 1.86 3.59 3.47 3.11 3.43 4.01 4.69 6.19 7.59 12.68 17.08 13.73 8.59 7.74 7.79 8.23 9.40 9.45 8.03 7.54 7.98 8.62 9.07 8.45 7.40 6.50 5.66 5.29 5.55 5.76 6.11 6.08 6.60 8.36 7.68 5.02 3.48 2.98 3.00 3.49 4.12 4.35 4.30 4.20 4.15 4.15 4.19 4.23 4.25 4.35 4.87 5.08 4.30 3.28 2.43 2.66 3.34 3.51 3.80 4.14 4.16 3.93 3.58 3.66 4.29 4.86 5.30 5.88 6.94 7.81 8.26 9.02 8.36 5.10 2.47 2.52 3.76 5.85 6.83 5.95 5.76 5.75 4.07
0.58 1.64 3.25 4.03 3.84 3.93 4.54 5.33 6.43 7.03 11.66 17.36 13.78 8.90 8.15 7.81 8.58 10.01 9.38 7.14 6.99 7.61 8.28 8.92 8.46 7.39 6.69 6.59 6.18 5.89 6.11 6.44 5.76 5.61 7.55 7.12 4.84 3.58 3.22 3.35 3.65 4.08 4.35 4.43 4.36 4.33 4.35 4.39 4.41 4.55 4.87 5.42 5.80 5.37 3.75 2.15 2.30 3.07 3.49 3.81 3.99 4.04 4.04 3.86 3.81 4.45 5.08 5.20 5.27 5.66 6.63 8.04 9.42 9.02 6.16 3.40 2.76 3.57 6.11 6.99 5.46 5.59 5.77 3.70
1.45 1.98 2.76 3.65 4.33 4.87 5.55 6.19 6.97 7.07 9.89 17.38 16.21 9.48 7.97 7.66 8.73 9.92 8.30 6.95 7.29 7.74 8.24 8.40 7.84 7.10 6.70 6.96 6.78 6.21 6.29 6.33 5.22 4.92 6.15 5.80 4.45 3.55 3.32 3.54 3.86 4.17 4.42 4.54 4.51 4.48 4.51 4.51 4.60 4.98 5.54 6.03 6.44 6.02 4.23 2.53 2.28 2.67 3.47 4.04 3.86 3.75 4.03 4.05 3.97 4.69 5.44 5.27 5.15 5.38 5.63 6.98 9.29 9.39 6.86 4.47 3.37 3.59 5.93 6.98 6.01 6.07 5.35 2.88
2.80 2.80 2.81 2.97 3.92 5.29 6.39 7.39 8.05 7.53 10.57 17.28 15.66 9.07 7.39 7.50 8.58 9.18 7.92 7.42 7.74 7.87 8.18 7.92 7.43 7.41 7.18 7.00 6.79 6.12 6.30 6.51 5.06 4.02 4.35 4.79 4.16 3.55 3.34 3.54 3.94 4.27 4.54 4.72 4.73 4.64 4.66 4.66 4.89 5.43 6.03 6.70 7.16 6.43 4.90 3.53 2.71 2.76 3.69 4.27 3.78 3.45 3.76 3.99 4.20 4.96 5.57 5.36 5.27 5.57 5.65 6.25 8.38 9.33 7.36 5.24 4.43 4.31 5.11 6.41 6.83 6.16 4.37 3.05
4.38 3.71 3.01 3.00 3.64 4.77 6.09 8.31 9.48 9.95 14.52 16.94 12.37 7.69 6.81 7.22 8.40 8.44 7.66 7.84 8.26 8.21 8.08 7.84 7.64 7.85 7.48 7.04 6.86 5.82 5.49 6.50 5.49 3.53 3.57 4.35 4.18 3.68 3.49 3.60 3.98 4.33 4.58 4.86 5.01 4.88 4.79 4.94 5.41 5.85 6.37 7.39 7.94 6.92 5.59 4.48 3.46 3.39 3.83 4.20 3.71 3.30 3.53 3.85 4.30 4.96 5.46 5.48 5.50 5.73 5.93 6.23 7.50 8.67 7.37 5.72 5.64 5.52 4.73 5.50 6.77 5.63 4.44 3.63
5.39 4.45 3.31 3.43 3.97 4.53 5.14 7.36 11.05 13.84 15.55 13.54 9.20 7.11 6.32 6.68 7.89 8.04 7.36 7.61 8.37 8.52 8.38 8.73 9.03 8.40 7.69 7.23 6.81 5.33 4.41 5.52 5.44 3.85 3.51 4.15 4.29 3.90 3.67 3.72 4.03 4.38 4.54 4.78 5.12 5.09 4.98 5.39 5.93 6.18 6.76 8.00 8.62 7.76 6.48 5.49 4.45 3.91 3.96 4.05 3.61 3.35 3.64 4.01 4.34 4.84 5.36 5.62 5.65 5.86 6.10 6.01 6.76 7.71 7.20 6.19 6.47 6.28 4.79 5.25 6.15 5.76 5.70 4.71
5.16 5.00 4.31 4.11 4.48 5.03 5.28 6.89 12.90 15.57 13.40 10.13 8.53 7.22 6.32 6.31 7.11 7.69 7.40 7.23 7.60 7.84 7.60 8.58 10.39 10.55 8.75 7.19 6.15 4.91 3.58 4.02 4.81 4.04 3.60 3.97 4.29 4.17 3.97 3.91 4.10 4.48 4.61 4.69 5.02 5.17 5.15 5.72 6.22 6.38 7.15 8.47 9.18 8.90 7.89 6.47 5.15 4.26 4.20 3.99 3.55 3.58 3.91 4.27 4.60 4.99 5.39 5.63 5.82 6.21 6.29 5.66 5.62 6.53 7.00 7.07 7.33 6.28 4.50 4.94 5.46 5.66 6.57 6.22
3.99 4.82 5.33 5.20 5.94 6.10 5.50 7.81 15.01 16.32 11.52 9.34 8.70 7.44 6.66 6.24 6.29 6.88 7.56 7.40 6.89 6.66 6.17 7.10 9.86 12.07 11.30 7.43 5.54 4.75 3.35 3.34 4.12 4.12 3.80 3.81 4.15 4.27 4.22 4.17 4.24 4.60 4.77 4.72 4.99 5.39 5.48 5.74 6.20 6.56 7.31 8.71 9.76 10.08 9.31 7.27 5.71 4.81 4.40 4.19 3.78 3.80 4.22 4.63 5.01 5.15 5.33 5.48 5.82 6.60 6.67 5.29 4.20 4.86 6.31 7.98 8.04 5.65 3.74 4.37 4.59 4.72 6.30 7.37
3.04 4.03 5.22 6.23 7.46 6.60 5.29 8.65 16.04 15.47 9.72 8.72 8.98 8.26 7.34 6.54 5.93 6.22 7.09 7.28 6.64 5.98 5.53 6.23 8.33 11.68 13.28 9.74 5.58 4.58 3.82 3.46 3.77 4.07 3.99 3.72 3.87 4.08 4.18 4.29 4.41 4.75 4.91 4.74 4.98 5.82 6.15 5.72 5.90 6.61 7.26 8.53 10.19 11.04 10.40 8.17 6.33 5.27 4.72 4.62 4.28 4.09 4.58 5.05 5.30 5.17 5.21 5.37 5.75 6.85 6.98 4.95 3.22 3.87 5.82 8.47 8.47 5.28 3.38 3.58 3.82 4.04 5.30 7.57
