windninja/windninja_output/Output_2025-08-09_1300-1350_Google earth_Fire_150m_10min/merlingen_7.5mi_point_08-09-2025_1300_150m_ang.asc
ncols	158
nrows	163
xllcorner	391686.332397
yllcorner	5160024.123721
cellsize	150.000000
NODATA_value	-32768.000000
[rows 0 to 54 of 163, columns 0 to 95 of 158]
36 36 34 32 32 34 34 32 32 33 33 31 29 31 37 46 56 60 60 64 59 41 36 38 44 49 49 45 44 45 46 48 51 51 50 55 61 64 65 63 58 57 58 61 63 65 70 70 61 53 50 49 49 50 50 51 52 53 55 55 53 51 51 49 47 45 46 50 54 56 55 53 52 51 50 51 52 55 57 56 55 52 53 57 59 57 53 52 54 52 50 51 50 48 47 49
35 35 33 32 33 34 35 35 36 36 33 29 26 29 36 43 48 48 50 52 47 36 33 38 43 47 46 44 45 47 48 49 50 50 51 54 56 57 57 56 55 55 55 56 57 58 59 60 57 55 53 53 53 53 53 52 52 52 53 54 53 52 51 50 47 47 48 52 54 55 54 52 52 51 51 51 52 54 56 54 53 52 54 56 57 57 53 53 54 53 53 53 52 51 49 50
33 33 32 31 34 34 35 36 37 34 28 23 22 27 34 40 40 38 40 42 38 31 29 36 43 44 43 43 46 48 49 50 50 50 50 51 50 49 49 49 50 50 50 51 51 50 50 49 50 51 53 53 54 54 53 52 51 51 52 51 51 50 50 49 49 49 51 53 55 54 51 51 51 52 52 51 50 53 54 52 49 51 54 54 55 55 50 50 51 52 55 55 53 52 50 49
26 29 30 30 32 31 30 30 28 25 22 19 20 26 33 38 39 37 39 40 38 33 27 30 39 40 39 39 40 42 44 47 48 49 48 47 48 48 48 47 45 45 46 47 47 46 46 46 45 45 46 46 48 49 50 50 51 52 51 51 49 48 48 49 49 49 51 54 56 54 50 51 52 53 53 52 51 53 54 50 46 49 52 51 54 54 47 45 46 47 48 51 50 47 47 47
20 26 29 29 30 28 26 26 25 25 23 20 20 25 32 38 40 40 41 42 41 37 29 24 32 35 35 34 34 35 37 40 42 43 43 44 46 46 45 43 41 41 42 43 43 44 44 44 44 44 44 45 47 48 49 50 51 52 51 51 50 49 49 49 49 49 50 54 56 53 51 52 54 53 53 53 55 56 55 51 47 50 52 51 53 55 48 44 43 42 42 45 44 42 41 41
20 24 28 29 29 27 26 26 27 27 26 22 19 25 34 39 42 44 44 45 44 42 34 23 27 33 34 34 33 33 34 36 38 38 38 40 40 40 39 39 38 39 41 43 43 45 45 45 45 45 45 46 47 49 50 51 51 51 50 50 49 48 48 48 49 49 50 53 54 51 50 53 54 52 50 51 54 56 54 51 50 53 54 53 53 55 52 49 48 44 42 42 40 37 36 37
24 25 26 28 28 27 28 29 29 29 26 23 20 25 36 40 42 43 43 42 44 44 38 26 25 32 35 36 35 33 34 36 37 36 36 36 36 36 37 38 39 41 43 45 47 48 47 47 46 45 45 46 47 48 50 51 51 51 50 49 47 45 45 46 48 48 49 52 53 49 47 49 50 48 46 48 50 52 49 48 51 53 53 53 54 56 55 55 55 53 49 48 45 41 41 42
25 26 26 27 29 30 32 33 32 29 26 22 19 24 35 39 40 41 41 40 41 42 39 31 24 27 32 35 34 34 36 38 39 39 39 38 37 38 40 41 43 44 46 48 49 50 49 48 47 46 46 47 46 46 50 51 50 50 49 47 45 42 42 43 45 47 49 51 51 48 46 48 48 46 46 48 51 51 46 46 53 54 51 51 52 53 53 53 54 56 57 58 56 53 49 49
25 26 27 28 30 33 36 35 33 29 26 21 17 22 32 38 38 39 40 40 40 41 39 33 25 20 26 32 33 36 40 41 40 41 43 44 43 44 45 47 48 49 50 50 50 50 50 50 49 45 46 48 47 47 51 51 49 49 48 47 46 45 44 44 46 48 49 50 49 47 48 51 51 49 48 49 52 51 46 49 56 57 52 48 46 46 47 47 45 43 43 47 50 50 47 51
25 26 28 29 30 32 34 34 31 28 25 21 17 20 31 37 38 38 37 38 39 39 38 33 27 20 21 29 32 35 40 40 40 43 46 47 47 47 49 50 51 51 51 51 52 52 51 51 50 46 48 50 48 50 53 53 51 50 51 51 52 52 50 50 52 52 51 49 47 47 50 54 53 51 50 50 53 51 46 48 53 54 52 48 48 47 46 45 40 36 37 39 42 41 44 53
26 26 28 29 29 30 31 30 29 28 26 23 19 20 30 37 38 37 36 36 37 37 36 33 29 23 20 26 32 34 40 42 43 47 49 49 48 49 50 50 50 50 51 51 53 54 53 53 53 52 55 55 53 55 58 59 59 59 60 59 60 61 59 60 63 60 57 53 48 49 53 54 52 50 50 51 54 53 48 47 48 49 49 49 52 51 49 51 46 40 42 45 44 41 47 55
26 26 28 29 29 29 29 29 28 27 26 25 22 21 28 35 37 37 36 37 38 37 37 34 31 28 25 29 35 39 44 47 48 50 52 52 51 50 50 50 50 51 51 50 53 54 55 57 60 62 67 68 68 70 72 72 70 69 69 69 72 74 75 77 78 74 68 61 53 53 54 53 51 48 46 47 48 48 46 45 46 47 46 45 46 45 48 53 49 40 46 53 51 46 52 57
26 26 27 28 28 28 29 29 29 28 27 26 24 23 28 35 37 37 37 37 38 39 39 39 37 36 34 35 40 43 46 47 49 50 52 53 53 52 52 51 51 52 50 50 52 54 54 58 64 70 75 78 81 83 85 85 80 75 72 74 79 82 87 95 96 91 84 75 64 58 56 53 52 47 41 40 41 43 42 41 43 46 45 46 45 43 46 52 46 38 47 55 54 50 58 62
26 26 27 27 27 28 28 29 29 28 28 27 25 25 30 37 41 39 38 39 39 40 43 44 43 41 38 38 40 42 46 49 51 50 50 52 53 53 53 52 54 55 56 59 62 61 58 56 61 67 72 76 78 81 86 91 89 81 72 70 74 77 81 88 94 96 95 95 91 75 61 57 54 48 42 42 45 47 46 44 45 48 48 50 49 46 50 53 49 44 52 59 59 58 65 68
26 26 26 27 27 28 28 29 29 28 28 27 25 23 28 35 39 38 38 42 43 44 46 46 45 42 39 38 40 42 46 50 50 49 49 50 51 53 55 58 62 64 67 72 72 70 66 60 56 57 62 65 65 68 72 77 79 73 63 61 65 67 67 67 69 76 83 90 102 106 79 64 58 52 48 50 54 55 54 55 56 54 54 55 54 53 56 57 54 53 62 69 69 69 74 76
26 26 26 27 27 28 28 29 29 28 28 27 24 21 23 31 34 34 36 40 43 43 44 44 44 41 38 38 40 41 43 44 43 45 49 54 59 61 63 66 69 68 67 67 65 61 62 62 58 55 54 52 49 51 52 54 56 54 49 55 60 61 60 55 54 60 65 70 78 96 106 83 69 59 54 55 57 58 59 62 62 60 61 62 61 61 63 63 61 60 66 72 72 72 75 79
25 26 26 26 27 27 28 28 28 28 27 27 25 21 21 29 34 34 34 36 39 40 41 41 41 40 37 36 38 38 40 43 44 50 57 64 68 68 66 64 62 58 56 56 54 53 54 54 54 54 51 46 43 45 46 48 49 46 43 49 56 58 57 51 51 56 59 61 64 66 82 96 86 73 62 58 56 57 61 62 60 60 63 65 67 69 68 69 71 69 65 65 65 66 69 72
25 25 26 26 26 27 27 27 27 27 27 27 26 24 23 29 36 37 36 37 38 40 41 41 42 42 40 38 38 40 44 47 49 53 57 59 60 58 55 53 52 51 53 54 52 51 51 48 46 49 49 47 46 46 47 47 48 45 41 46 53 55 53 49 50 54 57 58 58 59 61 69 79 80 73 63 57 60 64 64 63 64 66 66 67 70 70 69 72 74 69 64 62 62 63 64
24 25 25 26 26 26 27 27 27 27 27 27 27 26 26 30 36 39 41 41 42 42 42 43 44 44 43 41 43 46 49 49 49 49 50 52 53 52 50 51 51 51 53 52 51 51 50 47 46 48 50 50 49 48 47 46 46 46 44 46 51 53 51 49 50 54 57 57 56 57 55 51 56 65 69 70 70 72 73 72 72 74 71 66 63 62 62 63 67 71 71 66 64 62 60 59
24 25 25 25 25 26 26 26 27 27 27 28 27 27 28 30 36 40 42 42 41 41 41 41 42 43 42 42 44 46 47 46 47 49 52 54 54 51 48 48 47 47 48 48 48 48 48 46 47 51 52 51 50 48 45 44 44 46 46 48 52 54 54 52 53 56 57 56 53 53 50 45 48 52 52 57 66 73 75 74 74 74 70 64 60 59 58 60 64 67 65 60 63 63 62 59
24 24 24 24 25 25 26 26 27 27 27 28 27 27 28 30 34 37 38 38 37 38 38 38 39 40 41 41 42 42 41 41 43 46 47 47 46 43 40 41 42 43 45 46 46 47 48 48 47 50 51 50 49 47 47 46 45 46 47 49 50 54 56 54 54 56 55 53 53 51 46 44 48 52 50 44 46 53 60 65 67 66 65 62 59 59 59 59 63 66 62 54 58 62 63 61
23 23 23 24 24 25 25 26 26 26 26 27 28 28 28 29 31 33 34 34 34 35 35 36 37 39 39 40 41 40 38 36 38 39 38 37 39 38 37 39 40 42 43 45 47 49 50 48 46 46 48 49 48 48 48 48 48 48 47 48 48 53 55 53 53 54 52 52 52 49 46 45 49 54 52 40 36 43 49 55 59 60 61 61 58 57 57 58 63 64 58 47 50 59 60 60
23 23 23 23 24 24 25 25 26 26 25 26 27 27 27 28 29 31 31 32 32 33 33 34 35 36 37 38 39 38 35 31 33 36 37 39 41 41 41 40 40 41 42 45 48 49 46 44 43 44 47 48 48 48 48 47 48 48 46 47 48 52 55 53 52 51 48 50 50 47 45 45 49 54 50 36 30 38 45 49 52 52 56 59 56 55 54 56 60 61 54 41 45 56 59 59
22 22 22 23 23 23 24 25 26 25 25 25 26 27 27 27 28 29 29 30 30 31 31 32 33 34 36 38 40 39 34 30 32 37 41 44 46 46 44 42 40 40 42 44 46 44 42 43 44 45 48 49 48 48 47 46 47 47 44 45 49 53 57 56 54 50 48 49 49 48 46 47 52 54 48 36 29 38 45 47 49 49 51 54 55 55 55 57 60 60 53 39 45 56 59 59
22 21 22 22 23 23 24 25 25 25 24 24 25 26 26 26 26 27 28 28 29 29 30 30 31 33 35 39 43 42 36 33 35 39 42 44 45 46 45 42 39 39 39 41 43 41 41 44 45 46 48 49 48 48 46 45 46 46 44 45 50 55 58 58 55 52 52 52 51 52 52 53 56 54 45 38 37 45 48 47 48 48 47 48 51 55 57 60 63 62 51 38 46 56 59 59
21 21 21 22 22 23 23 24 24 24 24 24 24 25 25 25 25 26 27 27 27 28 28 29 29 30 33 38 42 42 38 36 35 35 38 40 41 44 45 41 38 37 37 41 43 41 42 44 44 45 47 49 50 50 48 44 43 44 46 48 53 57 58 55 50 48 48 47 49 53 56 59 59 53 42 36 43 52 51 47 47 46 43 44 47 49 49 53 61 62 49 35 43 52 56 57
21 21 21 21 22 22 22 23 23 23 24 24 23 24 24 24 25 25 25 26 26 26 26 26 26 26 28 34 39 40 39 39 39 36 35 36 37 42 43 39 36 36 36 40 41 38 39 42 43 43 43 47 50 50 47 41 39 43 47 49 55 62 61 54 49 46 43 42 45 51 57 61 58 50 38 31 42 52 53 48 48 47 43 43 45 46 42 45 55 58 48 33 39 48 51 53
20 20 20 20 21 21 21 22 22 23 23 23 23 23 23 23 23 23 24 24 24 24 24 23 23 23 24 30 35 36 38 40 40 37 36 34 35 41 43 38 33 35 35 37 36 33 34 38 42 41 39 42 45 46 44 35 32 39 44 47 56 63 62 56 52 48 43 40 44 52 59 60 54 46 34 27 40 51 53 49 51 49 47 47 49 47 42 43 51 54 48 37 39 47 49 50
19 19 20 20 20 21 21 21 21 22 22 23 23 22 22 21 22 22 22 22 22 22 21 21 20 19 19 23 28 31 35 38 37 35 32 27 29 36 39 34 29 31 31 32 31 29 31 35 40 39 34 37 41 43 42 29 24 35 45 51 57 59 55 51 50 47 42 40 48 55 59 56 48 42 33 29 40 53 55 54 54 52 52 54 56 54 49 49 53 53 49 44 43 48 49 49
18 18 19 20 20 20 20 21 21 21 21 21 21 21 20 20 20 20 20 20 21 21 20 19 18 15 14 17 21 24 29 33 34 32 25 16 18 28 33 28 25 25 25 28 27 26 29 32 35 34 29 33 38 41 39 28 22 35 49 58 62 59 53 49 48 47 41 41 53 61 62 55 47 42 35 33 41 53 58 60 59 55 56 60 61 58 56 56 55 52 50 49 49 54 57 54
18 18 18 19 20 19 19 20 20 20 20 20 20 20 20 19 18 18 18 19 19 19 19 18 15 11 10 13 18 22 29 33 33 29 21 12 14 23 28 25 22 23 23 27 27 25 28 30 33 32 30 33 37 41 40 31 29 41 54 62 63 58 54 52 52 50 43 45 59 67 66 59 52 45 35 32 37 47 55 59 59 54 57 61 60 57 56 55 54 52 51 52 55 62 71 70
17 17 18 19 19 18 18 19 19 19 19 19 19 19 18 18 17 17 17 18 18 17 17 16 13 10 9 11 17 24 32 33 31 30 23 12 13 22 25 24 25 25 27 30 30 28 31 34 37 39 40 41 43 46 44 34 36 47 59 66 63 52 48 51 55 53 45 48 61 68 65 58 54 45 34 32 34 42 51 56 55 48 52 59 61 61 60 59 58 58 57 56 58 65 76 80
17 17 17 18 18 17 18 18 18 18 17 17 17 17 17 17 17 16 16 16 16 15 15 14 12 9 8 8 12 18 23 25 28 32 29 15 13 23 27 28 31 31 32 34 34 34 38 42 43 46 48 49 48 49 46 37 37 47 57 65 62 49 40 45 54 55 47 47 59 63 58 51 49 41 32 30 32 39 48 55 53 47 50 58 63 66 67 64 62 62 62 61 61 65 70 74
16 17 17 17 17 17 17 17 17 16 16 16 16 16 16 16 16 15 15 14 14 14 12 12 11 8 6 5 6 9 16 22 27 33 34 17 10 23 29 30 33 33 34 37 38 40 45 46 47 50 51 51 52 52 49 43 42 48 54 58 57 44 32 40 51 54 51 51 58 59 53 47 45 38 31 29 29 35 44 49 48 46 50 56 57 58 60 61 58 58 59 61 64 66 67 65
15 16 16 16 16 16 16 16 16 15 15 14 14 15 15 15 14 14 14 14 14 13 11 9 9 8 6 4 2 6 14 23 27 32 32 22 11 21 29 30 33 35 38 42 44 48 50 50 51 53 53 54 55 55 54 52 52 53 56 57 55 44 29 35 48 53 54 56 61 61 53 48 45 40 34 31 31 36 43 46 45 44 47 53 54 52 54 56 54 53 54 57 61 66 68 64
14 15 15 15 15 15 15 15 14 14 13 13 13 13 14 13 13 13 13 13 13 12 11 9 8 7 6 4 4 7 13 19 24 27 30 26 19 22 31 34 37 41 44 45 47 50 50 49 50 51 51 52 53 52 52 53 54 57 59 61 59 50 33 32 44 51 54 56 62 64 57 52 49 45 41 36 35 43 51 51 48 45 46 52 55 53 52 53 51 50 52 55 60 66 69 66
14 14 13 14 14 15 14 13 13 13 12 12 12 12 12 12 12 12 12 12 12 12 11 10 8 6 5 5 7 9 9 12 18 25 31 31 26 27 35 40 42 44 45 44 46 48 45 46 48 49 49 49 48 48 48 49 51 53 56 60 61 54 40 32 40 49 53 56 60 60 57 58 57 51 44 38 37 43 53 58 54 49 49 52 56 57 52 49 49 49 51 55 59 64 66 60
13 12 12 13 14 14 13 12 12 12 11 11 11 11 11 11 11 12 12 12 12 12 11 10 8 6 4 4 6 6 5 8 16 26 34 33 30 34 41 43 42 43 43 43 45 45 43 43 45 47 48 46 44 46 48 47 46 48 50 54 57 54 45 35 38 49 57 60 59 52 51 55 56 50 41 39 37 35 46 54 53 50 49 50 55 57 49 44 49 51 52 55 60 65 64 55
12 11 12 12 13 13 13 12 11 10 10 10 10 11 10 10 11 11 11 12 12 12 11 10 9 7 4 1 1 3 5 10 17 26 33 32 32 38 42 41 39 40 40 40 41 41 39 38 37 41 43 40 39 43 46 43 40 41 44 47 48 47 43 36 37 50 62 65 59 49 47 49 48 43 36 40 37 24 38 48 47 44 46 49 55 56 47 40 46 50 51 56 65 70 65 56
11 10 11 12 12 12 12 11 9 9 9 10 10 10 10 10 10 11 11 11 12 12 11 11 9 7 4 359 358 4 9 12 17 25 31 31 29 34 38 38 39 39 38 36 36 38 38 35 33 38 41 38 33 34 38 35 30 32 36 39 40 40 42 41 39 48 63 66 57 49 48 50 48 41 35 41 36 15 27 41 41 41 46 53 59 59 51 41 42 47 48 56 68 71 65 58
12 10 11 12 12 11 11 9 9 9 9 10 9 10 10 10 10 11 11 11 12 12 12 12 11 9 5 2 1 8 13 13 16 24 30 29 27 30 34 36 36 37 35 33 33 36 36 32 30 35 41 38 28 27 33 33 28 28 35 39 39 40 43 46 43 47 60 62 54 51 52 53 51 41 36 42 33 10 18 36 38 38 44 53 59 60 54 43 41 45 47 57 66 68 66 61
13 11 12 12 12 11 10 9 9 9 9 9 9 9 10 10 11 11 11 12 12 12 12 12 12 10 8 6 6 9 14 15 17 21 24 24 26 30 32 31 30 30 30 31 30 29 29 27 27 31 38 38 28 26 34 38 35 35 42 46 45 43 44 47 46 48 55 56 51 49 48 49 48 37 36 42 29 10 15 32 39 38 43 49 53 54 48 41 42 45 49 57 62 65 66 61
16 15 15 14 13 11 10 10 10 10 9 9 9 10 10 11 11 12 12 12 12 13 13 14 13 13 12 10 8 9 14 17 17 17 16 17 21 25 24 24 26 29 30 30 27 25 27 30 31 35 42 43 35 31 39 44 43 43 48 52 51 46 46 46 46 47 49 48 46 42 40 42 41 33 35 38 25 11 15 30 38 40 45 49 51 48 42 41 44 48 52 56 58 62 61 53
18 18 17 16 14 12 12 11 11 11 10 10 10 10 11 12 12 12 13 13 14 14 14 14 15 14 14 13 10 11 16 19 18 14 10 10 14 19 19 21 28 32 33 32 30 29 33 37 39 42 46 45 37 34 39 45 46 46 49 53 53 52 50 48 47 47 45 43 40 34 32 35 35 30 32 32 21 13 18 30 37 41 47 52 51 45 42 44 48 51 54 55 60 64 60 49
21 21 20 18 15 14 14 13 12 12 11 11 11 12 12 12 13 13 13 14 14 15 15 15 16 16 15 15 14 15 17 18 17 13 8 6 9 16 21 25 31 35 36 36 33 34 38 40 41 42 42 41 36 34 39 44 46 47 49 52 53 53 53 52 53 51 47 43 37 31 31 34 35 33 33 31 22 17 23 33 40 44 49 53 50 45 44 48 52 55 56 58 66 69 62 51
25 24 21 19 18 17 16 15 14 13 13 12 12 13 13 13 13 14 14 15 15 16 16 17 17 17 17 17 17 17 17 18 17 13 9 7 9 17 24 27 30 35 39 38 34 35 39 41 41 40 40 41 39 38 42 46 47 48 50 51 51 51 51 51 54 54 50 45 38 35 38 40 41 40 39 34 24 19 26 34 40 46 52 54 50 46 47 50 53 56 58 63 70 69 61 53
27 25 22 21 21 19 18 16 16 15 14 14 14 14 14 14 14 15 15 16 16 17 18 18 18 18 19 19 19 19 19 19 18 15 11 11 13 17 21 24 29 36 41 38 34 36 40 41 41 40 41 42 42 43 45 47 49 51 52 50 47 48 49 50 52 53 51 47 41 40 45 46 47 46 42 36 26 21 28 37 44 51 56 56 51 49 49 51 52 55 59 65 70 66 60 53
29 27 25 24 24 23 20 18 17 16 16 15 15 15 15 15 16 16 17 17 18 19 19 19 20 20 21 21 21 21 21 21 21 18 15 15 17 18 19 24 29 36 39 36 34 38 42 43 42 40 41 41 42 44 44 45 48 51 52 49 45 49 52 53 55 55 51 48 43 42 46 48 49 47 43 37 30 27 33 44 52 57 57 55 51 50 51 51 53 55 59 63 65 61 58 53
30 29 27 27 27 26 22 19 18 18 17 17 17 17 17 17 17 18 18 19 20 20 20 21 22 22 22 22 23 23 23 23 23 21 18 17 19 20 21 25 31 36 37 35 35 39 43 43 41 38 39 41 44 46 45 46 49 51 50 45 43 51 56 58 60 58 52 48 45 44 47 48 49 46 43 38 34 34 40 49 54 56 55 52 49 48 50 50 52 55 57 60 60 58 56 53
33 31 30 30 29 28 25 21 19 19 19 19 18 18 19 19 19 19 20 20 21 21 21 22 23 23 23 24 24 24 25 25 25 24 22 19 20 22 23 26 32 36 36 34 36 43 45 43 40 37 37 41 45 45 45 46 50 51 48 43 43 52 58 61 61 58 52 48 46 45 47 47 47 45 42 38 36 36 40 47 51 52 51 49 47 47 47 48 51 53 55 57 57 56 56 54
35 34 32 31 30 29 27 24 21 20 20 20 20 20 20 20 20 21 21 22 22 22 23 23 24 24 24 25 26 26 26 27 27 26 25 23 22 24 25 28 32 35 34 33 39 47 47 43 42 40 40 44 45 42 42 46 50 50 46 44 47 53 60 64 62 56 51 48 47 47 48 48 46 44 41 39 36 36 40 46 49 51 50 48 48 48 47 49 51 53 53 55 56 56 56 55
40 37 33 31 30 28 28 27 24 21 21 21 21 21 21 22 22 22 23 23 23 24 24 25 25 26 26 27 27 28 28 28 28 28 28 27 26 27 28 29 32 35 34 33 41 47 46 42 43 43 43 46 46 44 46 50 52 49 46 46 49 55 63 67 62 54 49 46 46 47 48 47 45 43 42 40 38 37 41 46 49 51 52 51 50 50 51 53 54 54 53 54 55 56 56 56
45 40 33 32 31 30 30 30 27 23 22 23 23 23 23 24 24 24 24 25 25 25 26 26 27 27 28 28 29 29 30 30 30 30 30 30 30 30 30 29 33 38 37 34 39 46 43 38 39 38 37 39 42 45 50 55 54 49 47 47 50 55 65 67 60 51 46 43 44 46 46 45 42 41 42 42 41 41 44 47 48 50 54 55 56 57 56 56 56 55 54 54 54 54 56 57
46 41 33 31 32 30 30 32 31 28 25 25 25 25 25 25 26 26 26 26 27 27 27 28 28 29 29 30 30 31 31 31 32 32 33 33 33 33 32 31 33 38 38 34 37 42 39 32 34 34 34 36 41 46 53 57 52 47 47 49 52 57 66 66 57 47 41 39 42 44 43 40 39 41 43 44 42 44 49 50 49 50 52 53 56 59 60 58 56 55 54 54 52 51 56 63
43 41 35 30 32 31 30 33 35 33 29 27 27 27 27 27 27 27 28 28 29 29 29 29 30 30 31 31 32 32 33 33 33 34 34 35 35 35 35 34 35 40 41 39 38 40 36 29 32 34 35 40 44 49 57 56 47 43 45 49 52 58 65 63 53 42 35 33 38 40 38 38 40 43 44 44 43 46 51 50 48 50 50 49 50 54 57 58 56 54 54 54 52 51 63 76
