windninja/windninja_output/Output_2025-08-09_1300-1350_Google earth_Fire_150m_10min/merlingen_7.5mi_point_08-09-2025_1300_150m_vel.asc
ncols	158
nrows	163
xllcorner	391686.332397
yllcorner	5160024.123721
cellsize	150.000000
NODATA_value	-32768.000000
[rows 0 to 37 of 163, columns 0 to 83 of 158]
1.35 1.32 1.28 1.32 1.37 1.39 1.35 1.36 1.41 1.41 1.40 1.43 1.51 1.57 1.50 1.33 1.12 0.96 0.97 0.98 0.88 0.99 1.30 1.45 1.42 1.29 1.19 1.21 1.32 1.36 1.35 1.34 1.32 1.27 1.29 1.34 1.25 1.18 1.17 1.15 1.21 1.30 1.32 1.32 1.31 1.29 1.28 1.21 1.21 1.37 1.49 1.57 1.63 1.65 1.64 1.63 1.62 1.62 1.61 1.58 1.58 1.65 1.70 1.72 1.76 1.85 1.92 1.90 1.81 1.70 1.67 1.71 1.76 1.78 1.84 1.86 1.85 1.83 1.76 1.71 1.76 1.80 1.87 1.86
1.38 1.34 1.29 1.28 1.31 1.33 1.32 1.27 1.26 1.27 1.29 1.36 1.47 1.59 1.62 1.53 1.35 1.17 1.13 1.12 0.98 0.95 1.15 1.39 1.48 1.41 1.27 1.22 1.27 1.31 1.32 1.32 1.33 1.30 1.29 1.36 1.34 1.28 1.27 1.23 1.24 1.31 1.36 1.40 1.40 1.39 1.42 1.34 1.23 1.28 1.38 1.44 1.51 1.56 1.56 1.58 1.60 1.63 1.65 1.61 1.56 1.59 1.65 1.68 1.69 1.75 1.85 1.90 1.87 1.75 1.67 1.69 1.74 1.77 1.81 1.84 1.87 1.90 1.84 1.74 1.75 1.79 1.86 1.90
1.42 1.42 1.36 1.30 1.28 1.28 1.30 1.28 1.24 1.23 1.26 1.33 1.41 1.54 1.71 1.79 1.69 1.54 1.44 1.36 1.20 0.99 0.95 1.19 1.50 1.56 1.43 1.29 1.26 1.29 1.31 1.31 1.31 1.32 1.32 1.38 1.44 1.44 1.42 1.36 1.33 1.35 1.40 1.48 1.50 1.51 1.57 1.57 1.44 1.31 1.32 1.38 1.45 1.51 1.52 1.54 1.58 1.62 1.69 1.70 1.61 1.58 1.62 1.65 1.62 1.64 1.75 1.90 1.95 1.83 1.70 1.69 1.72 1.73 1.76 1.80 1.88 2.01 1.96 1.79 1.75 1.86 1.90 1.90
1.39 1.47 1.48 1.40 1.38 1.34 1.36 1.44 1.48 1.48 1.44 1.40 1.40 1.45 1.59 1.78 1.77 1.69 1.63 1.53 1.34 1.12 0.95 1.03 1.38 1.61 1.61 1.52 1.45 1.44 1.46 1.43 1.36 1.34 1.35 1.39 1.43 1.46 1.45 1.42 1.42 1.44 1.48 1.53 1.56 1.57 1.60 1.65 1.65 1.57 1.50 1.49 1.55 1.60 1.59 1.56 1.57 1.58 1.63 1.69 1.68 1.61 1.61 1.65 1.63 1.63 1.71 1.87 1.96 1.86 1.73 1.71 1.71 1.70 1.70 1.70 1.77 1.97 2.04 1.84 1.71 1.91 2.03 1.91
1.29 1.41 1.53 1.51 1.47 1.43 1.41 1.44 1.48 1.49 1.45 1.37 1.36 1.42 1.52 1.68 1.74 1.66 1.61 1.58 1.44 1.22 1.01 0.96 1.20 1.49 1.68 1.74 1.71 1.70 1.72 1.72 1.65 1.53 1.44 1.44 1.46 1.49 1.51 1.49 1.47 1.51 1.58 1.62 1.63 1.64 1.64 1.63 1.66 1.67 1.61 1.55 1.56 1.62 1.64 1.61 1.58 1.58 1.58 1.62 1.65 1.61 1.60 1.63 1.63 1.63 1.69 1.85 1.96 1.86 1.75 1.73 1.72 1.70 1.70 1.68 1.66 1.77 1.94 1.88 1.68 1.77 2.01 1.97
1.20 1.25 1.40 1.51 1.53 1.48 1.41 1.36 1.33 1.31 1.30 1.26 1.24 1.31 1.44 1.55 1.67 1.65 1.55 1.52 1.45 1.26 0.98 0.86 0.97 1.21 1.43 1.61 1.70 1.73 1.80 1.88 1.91 1.84 1.72 1.62 1.61 1.62 1.63 1.62 1.57 1.54 1.57 1.60 1.62 1.64 1.62 1.60 1.60 1.62 1.63 1.61 1.58 1.59 1.63 1.63 1.61 1.59 1.58 1.59 1.62 1.62 1.62 1.64 1.65 1.64 1.68 1.84 1.96 1.88 1.83 1.82 1.75 1.68 1.72 1.80 1.79 1.74 1.77 1.83 1.76 1.69 1.83 1.93
1.21 1.18 1.19 1.33 1.45 1.48 1.42 1.34 1.28 1.23 1.21 1.19 1.16 1.21 1.35 1.45 1.59 1.70 1.66 1.59 1.54 1.39 1.07 0.79 0.77 0.93 1.11 1.29 1.45 1.56 1.66 1.77 1.87 1.93 1.93 1.86 1.79 1.76 1.73 1.70 1.64 1.57 1.54 1.53 1.53 1.56 1.57 1.55 1.56 1.56 1.59 1.65 1.66 1.64 1.65 1.65 1.62 1.59 1.57 1.58 1.61 1.64 1.69 1.72 1.71 1.68 1.69 1.83 1.93 1.87 1.90 2.00 1.93 1.74 1.72 1.87 1.97 1.93 1.77 1.80 1.91 1.82 1.77 1.85
1.28 1.24 1.16 1.14 1.21 1.29 1.32 1.29 1.22 1.17 1.15 1.14 1.15 1.20 1.34 1.43 1.49 1.64 1.71 1.68 1.67 1.59 1.32 0.94 0.73 0.78 0.96 1.10 1.23 1.34 1.44 1.54 1.64 1.73 1.79 1.81 1.76 1.73 1.70 1.66 1.61 1.56 1.53 1.50 1.48 1.48 1.49 1.50 1.50 1.49 1.51 1.58 1.64 1.70 1.74 1.70 1.64 1.62 1.58 1.57 1.58 1.61 1.71 1.82 1.85 1.79 1.74 1.82 1.90 1.82 1.83 2.00 2.05 1.90 1.76 1.80 1.96 2.01 1.83 1.80 1.97 1.89 1.76 1.85
1.29 1.29 1.24 1.14 1.09 1.11 1.15 1.19 1.18 1.13 1.09 1.06 1.06 1.14 1.32 1.45 1.46 1.53 1.66 1.69 1.69 1.68 1.54 1.26 0.95 0.82 0.91 1.04 1.09 1.16 1.27 1.34 1.44 1.56 1.61 1.60 1.57 1.57 1.57 1.57 1.54 1.50 1.47 1.47 1.47 1.45 1.44 1.45 1.43 1.40 1.48 1.53 1.53 1.62 1.76 1.74 1.66 1.65 1.61 1.56 1.51 1.44 1.48 1.67 1.84 1.87 1.81 1.81 1.88 1.85 1.80 1.86 1.92 1.89 1.80 1.77 1.89 1.96 1.85 1.85 2.01 1.91 1.67 1.75
1.27 1.28 1.27 1.22 1.16 1.14 1.14 1.15 1.15 1.13 1.08 1.01 0.95 0.99 1.17 1.38 1.45 1.47 1.55 1.68 1.74 1.74 1.68 1.50 1.26 1.00 0.93 1.03 1.08 1.11 1.23 1.27 1.30 1.43 1.54 1.54 1.50 1.48 1.51 1.52 1.51 1.50 1.47 1.44 1.45 1.42 1.39 1.42 1.37 1.30 1.37 1.48 1.44 1.49 1.67 1.72 1.62 1.59 1.57 1.50 1.43 1.33 1.22 1.31 1.56 1.75 1.79 1.77 1.79 1.87 1.90 1.86 1.80 1.79 1.79 1.78 1.85 1.82 1.79 1.96 2.13 2.06 1.73 1.55
1.28 1.28 1.28 1.25 1.22 1.21 1.21 1.19 1.17 1.13 1.09 1.01 0.91 0.88 1.00 1.21 1.35 1.40 1.42 1.53 1.69 1.78 1.77 1.66 1.48 1.28 1.10 1.07 1.11 1.11 1.18 1.21 1.18 1.27 1.42 1.48 1.48 1.46 1.47 1.51 1.53 1.54 1.50 1.46 1.46 1.40 1.31 1.35 1.33 1.19 1.22 1.32 1.32 1.39 1.51 1.61 1.53 1.42 1.41 1.38 1.36 1.27 1.08 1.05 1.27 1.46 1.57 1.60 1.58 1.74 1.93 1.93 1.81 1.76 1.79 1.82 1.86 1.75 1.61 1.85 2.15 2.26 2.04 1.67
1.29 1.29 1.28 1.27 1.24 1.23 1.22 1.21 1.19 1.15 1.10 1.03 0.94 0.87 0.91 1.06 1.21 1.32 1.33 1.35 1.46 1.61 1.71 1.69 1.56 1.40 1.19 1.06 1.05 1.04 1.08 1.12 1.11 1.17 1.28 1.36 1.40 1.41 1.43 1.46 1.50 1.54 1.52 1.48 1.52 1.48 1.32 1.27 1.28 1.16 1.10 1.11 1.12 1.23 1.33 1.42 1.43 1.34 1.29 1.27 1.30 1.23 1.01 0.95 1.09 1.18 1.28 1.32 1.29 1.51 1.81 1.93 1.87 1.76 1.81 1.95 2.06 1.98 1.72 1.70 1.97 2.25 2.29 2.08
1.30 1.29 1.28 1.27 1.26 1.24 1.22 1.19 1.17 1.14 1.10 1.05 0.97 0.88 0.86 0.94 1.03 1.15 1.26 1.28 1.31 1.39 1.50 1.55 1.47 1.32 1.16 1.04 0.99 0.99 1.03 1.09 1.11 1.13 1.21 1.29 1.32 1.33 1.36 1.39 1.44 1.50 1.50 1.50 1.56 1.57 1.47 1.36 1.33 1.25 1.13 1.05 1.06 1.19 1.30 1.29 1.28 1.27 1.23 1.27 1.34 1.26 1.09 1.01 1.01 1.02 1.04 1.01 0.98 1.23 1.54 1.78 1.86 1.73 1.73 1.94 2.13 2.21 2.06 1.87 1.90 2.09 2.23 2.25
1.30 1.29 1.27 1.26 1.26 1.25 1.23 1.20 1.16 1.13 1.09 1.05 1.00 0.94 0.91 0.90 0.88 0.90 1.05 1.18 1.21 1.24 1.31 1.35 1.34 1.26 1.16 1.09 1.05 1.04 1.04 1.04 1.08 1.10 1.15 1.27 1.32 1.30 1.30 1.30 1.37 1.42 1.38 1.37 1.43 1.44 1.41 1.45 1.51 1.45 1.27 1.13 1.10 1.24 1.38 1.28 1.15 1.10 1.13 1.32 1.46 1.37 1.26 1.14 1.02 0.99 0.95 0.88 0.75 0.80 1.15 1.48 1.69 1.62 1.52 1.59 1.78 1.98 2.03 1.92 1.85 1.90 1.99 2.12
1.31 1.30 1.27 1.25 1.23 1.22 1.21 1.20 1.18 1.14 1.10 1.06 1.01 1.00 1.03 1.05 0.98 0.87 0.86 0.99 1.08 1.12 1.19 1.26 1.27 1.22 1.17 1.14 1.10 1.08 1.10 1.07 1.05 1.07 1.10 1.22 1.33 1.34 1.29 1.23 1.27 1.30 1.31 1.30 1.29 1.30 1.24 1.25 1.52 1.72 1.58 1.31 1.23 1.37 1.53 1.41 1.15 0.97 1.03 1.37 1.62 1.55 1.45 1.35 1.23 1.14 1.02 0.94 0.78 0.56 0.66 1.12 1.42 1.45 1.36 1.36 1.50 1.67 1.76 1.74 1.67 1.66 1.75 1.92
1.31 1.30 1.28 1.25 1.23 1.21 1.19 1.17 1.16 1.14 1.10 1.07 1.02 0.98 1.05 1.17 1.20 1.08 0.94 0.93 1.01 1.07 1.14 1.23 1.26 1.22 1.15 1.16 1.16 1.13 1.18 1.21 1.17 1.15 1.13 1.13 1.20 1.27 1.25 1.23 1.23 1.23 1.32 1.39 1.29 1.30 1.32 1.13 1.17 1.60 1.82 1.64 1.52 1.65 1.79 1.84 1.59 1.16 1.08 1.39 1.67 1.70 1.58 1.45 1.51 1.54 1.32 1.17 1.01 0.57 0.43 0.73 1.07 1.18 1.22 1.29 1.41 1.54 1.65 1.72 1.61 1.50 1.59 1.71
1.31 1.30 1.28 1.26 1.23 1.21 1.19 1.17 1.15 1.13 1.10 1.07 1.02 0.94 0.93 1.05 1.19 1.20 1.12 1.04 1.03 1.06 1.11 1.19 1.25 1.25 1.16 1.14 1.20 1.21 1.22 1.24 1.21 1.18 1.15 1.11 1.12 1.18 1.22 1.26 1.28 1.26 1.37 1.51 1.44 1.38 1.47 1.38 1.17 1.30 1.64 1.76 1.72 1.76 1.85 2.00 1.99 1.61 1.29 1.50 1.74 1.77 1.65 1.46 1.55 1.75 1.64 1.43 1.29 0.94 0.54 0.55 0.76 0.85 0.98 1.16 1.31 1.50 1.66 1.75 1.66 1.52 1.56 1.61
1.31 1.31 1.29 1.26 1.24 1.22 1.20 1.18 1.16 1.14 1.11 1.06 1.02 0.94 0.85 0.88 1.01 1.10 1.12 1.10 1.05 1.03 1.04 1.09 1.16 1.19 1.15 1.08 1.09 1.14 1.17 1.17 1.17 1.21 1.25 1.24 1.21 1.22 1.26 1.33 1.37 1.36 1.39 1.46 1.49 1.44 1.44 1.50 1.49 1.42 1.43 1.54 1.64 1.70 1.75 1.87 2.02 1.91 1.63 1.64 1.83 1.88 1.72 1.54 1.55 1.77 1.84 1.65 1.45 1.27 0.96 0.66 0.70 0.72 0.71 0.91 1.14 1.40 1.66 1.70 1.61 1.57 1.54 1.56
1.31 1.30 1.29 1.27 1.25 1.22 1.20 1.18 1.16 1.14 1.12 1.07 1.02 0.96 0.88 0.84 0.89 0.96 0.99 1.00 1.00 0.98 0.97 0.99 1.04 1.09 1.09 1.03 0.99 1.01 1.08 1.13 1.17 1.25 1.34 1.39 1.35 1.27 1.25 1.31 1.34 1.35 1.40 1.41 1.45 1.48 1.41 1.36 1.49 1.56 1.46 1.37 1.44 1.58 1.69 1.78 1.92 1.95 1.80 1.73 1.89 1.96 1.81 1.65 1.62 1.73 1.90 1.82 1.59 1.45 1.25 0.99 0.94 0.87 0.68 0.70 0.89 1.21 1.56 1.60 1.54 1.54 1.43 1.44
1.31 1.29 1.27 1.26 1.25 1.23 1.20 1.18 1.15 1.12 1.11 1.09 1.04 0.99 0.93 0.87 0.87 0.90 0.93 0.95 0.97 0.98 0.98 0.99 1.02 1.06 1.07 1.05 1.02 1.01 1.06 1.12 1.17 1.20 1.27 1.34 1.35 1.28 1.24 1.33 1.38 1.42 1.49 1.50 1.50 1.54 1.52 1.37 1.36 1.52 1.53 1.40 1.33 1.40 1.57 1.71 1.84 1.94 1.89 1.78 1.86 1.96 1.82 1.65 1.62 1.68 1.82 1.86 1.75 1.62 1.43 1.23 1.21 1.17 0.97 0.84 0.91 1.17 1.47 1.58 1.57 1.54 1.39 1.32
1.31 1.30 1.28 1.26 1.24 1.23 1.20 1.18 1.15 1.11 1.10 1.08 1.06 1.01 0.97 0.94 0.93 0.94 0.96 0.98 0.99 1.01 1.01 1.02 1.05 1.07 1.08 1.07 1.07 1.06 1.08 1.13 1.22 1.28 1.35 1.43 1.47 1.44 1.40 1.46 1.49 1.50 1.53 1.55 1.56 1.56 1.56 1.46 1.38 1.48 1.57 1.51 1.39 1.30 1.37 1.50 1.66 1.85 1.95 1.89 1.89 2.02 1.92 1.68 1.64 1.70 1.76 1.84 1.82 1.71 1.56 1.40 1.33 1.29 1.15 1.04 1.16 1.42 1.66 1.73 1.68 1.60 1.45 1.29
1.32 1.31 1.28 1.25 1.23 1.21 1.20 1.18 1.16 1.12 1.10 1.08 1.05 1.02 1.00 0.98 0.98 1.00 1.00 1.00 1.01 1.03 1.03 1.04 1.06 1.09 1.10 1.10 1.10 1.09 1.08 1.13 1.26 1.39 1.46 1.56 1.64 1.60 1.50 1.50 1.53 1.56 1.59 1.59 1.59 1.56 1.53 1.49 1.46 1.51 1.61 1.61 1.52 1.38 1.29 1.32 1.44 1.61 1.85 1.99 1.98 2.08 2.06 1.78 1.69 1.70 1.70 1.80 1.85 1.75 1.62 1.53 1.48 1.40 1.16 0.99 1.16 1.55 1.90 2.05 1.94 1.72 1.59 1.39
1.31 1.30 1.28 1.26 1.24 1.22 1.20 1.19 1.16 1.13 1.10 1.09 1.08 1.04 1.02 1.01 1.00 1.02 1.03 1.04 1.04 1.05 1.05 1.05 1.08 1.11 1.13 1.14 1.14 1.12 1.08 1.11 1.23 1.36 1.40 1.42 1.50 1.55 1.48 1.44 1.48 1.55 1.61 1.65 1.65 1.61 1.59 1.56 1.54 1.55 1.63 1.63 1.59 1.50 1.37 1.32 1.38 1.47 1.62 1.91 2.04 2.13 2.14 1.90 1.76 1.72 1.71 1.81 1.90 1.85 1.72 1.63 1.63 1.58 1.28 0.97 1.00 1.36 1.83 2.21 2.30 2.07 1.90 1.62
1.30 1.29 1.28 1.26 1.24 1.21 1.19 1.17 1.15 1.13 1.10 1.09 1.09 1.08 1.04 1.02 1.02 1.03 1.04 1.05 1.06 1.07 1.08 1.09 1.10 1.12 1.14 1.15 1.13 1.09 1.03 1.01 1.09 1.22 1.29 1.32 1.33 1.38 1.42 1.39 1.40 1.49 1.60 1.70 1.75 1.70 1.67 1.66 1.59 1.56 1.64 1.65 1.62 1.59 1.48 1.39 1.40 1.42 1.44 1.71 2.01 2.16 2.18 1.95 1.73 1.66 1.69 1.79 1.87 1.87 1.78 1.69 1.70 1.65 1.42 1.10 0.93 1.08 1.45 1.94 2.35 2.37 2.25 2.01
1.31 1.29 1.27 1.25 1.23 1.20 1.18 1.16 1.14 1.13 1.10 1.07 1.06 1.07 1.07 1.05 1.03 1.03 1.04 1.04 1.06 1.08 1.09 1.10 1.12 1.14 1.15 1.17 1.14 1.04 0.96 0.91 0.93 1.07 1.23 1.32 1.35 1.35 1.34 1.34 1.35 1.42 1.56 1.72 1.83 1.78 1.73 1.73 1.67 1.59 1.63 1.66 1.64 1.62 1.57 1.48 1.47 1.46 1.38 1.49 1.83 2.13 2.20 2.01 1.69 1.52 1.56 1.67 1.76 1.79 1.72 1.67 1.70 1.64 1.45 1.24 1.00 0.91 1.09 1.49 2.03 2.35 2.45 2.42
1.31 1.29 1.26 1.23 1.22 1.19 1.18 1.16 1.14 1.12 1.10 1.07 1.04 1.04 1.05 1.05 1.04 1.03 1.03 1.04 1.04 1.06 1.07 1.09 1.12 1.17 1.23 1.27 1.26 1.12 0.95 0.87 0.86 0.97 1.18 1.35 1.44 1.46 1.36 1.28 1.30 1.36 1.47 1.65 1.77 1.78 1.79 1.79 1.75 1.72 1.69 1.69 1.64 1.57 1.53 1.50 1.53 1.56 1.47 1.40 1.62 1.97 2.14 2.09 1.90 1.69 1.60 1.64 1.77 1.85 1.78 1.68 1.62 1.54 1.43 1.38 1.33 1.07 0.88 1.09 1.59 2.05 2.34 2.58
1.31 1.29 1.26 1.24 1.21 1.19 1.17 1.15 1.14 1.12 1.10 1.07 1.05 1.03 1.02 1.02 1.03 1.03 1.03 1.04 1.04 1.05 1.07 1.10 1.14 1.20 1.29 1.40 1.43 1.30 1.10 0.94 0.83 0.80 0.95 1.20 1.43 1.58 1.51 1.33 1.32 1.35 1.40 1.57 1.70 1.76 1.91 1.95 1.88 1.83 1.84 1.85 1.76 1.62 1.50 1.45 1.56 1.68 1.65 1.54 1.64 1.86 1.93 1.95 1.98 1.91 1.77 1.72 1.85 2.01 2.00 1.79 1.56 1.44 1.34 1.41 1.65 1.53 0.96 0.80 1.16 1.57 1.90 2.25
1.31 1.30 1.27 1.24 1.21 1.18 1.16 1.14 1.12 1.11 1.09 1.07 1.04 1.02 1.00 1.00 1.01 1.02 1.03 1.04 1.05 1.06 1.08 1.11 1.16 1.20 1.28 1.45 1.59 1.56 1.42 1.18 0.95 0.80 0.76 0.89 1.18 1.53 1.61 1.42 1.34 1.39 1.42 1.55 1.70 1.78 1.98 2.15 2.11 1.92 1.91 2.07 2.05 1.89 1.65 1.43 1.57 1.84 1.88 1.79 1.87 1.94 1.77 1.66 1.77 1.85 1.79 1.77 1.88 2.06 2.15 1.92 1.57 1.39 1.25 1.28 1.65 1.92 1.46 0.85 0.84 1.13 1.44 1.75
1.30 1.29 1.27 1.23 1.20 1.18 1.15 1.13 1.11 1.09 1.07 1.06 1.04 1.02 1.01 1.00 1.01 1.01 1.02 1.04 1.06 1.07 1.09 1.10 1.14 1.20 1.30 1.49 1.71 1.84 1.80 1.60 1.30 1.07 0.91 0.88 1.09 1.45 1.66 1.59 1.52 1.57 1.58 1.63 1.71 1.79 1.92 2.15 2.32 2.14 1.98 2.19 2.31 2.20 1.92 1.53 1.57 1.91 2.06 1.95 1.98 2.07 1.90 1.66 1.65 1.73 1.71 1.75 1.89 2.04 2.19 2.04 1.73 1.49 1.25 1.15 1.35 1.91 1.87 1.21 0.79 0.82 1.11 1.43
1.30 1.29 1.26 1.23 1.20 1.16 1.14 1.12 1.09 1.07 1.06 1.05 1.04 1.04 1.02 1.01 1.01 1.01 1.02 1.04 1.05 1.06 1.07 1.08 1.09 1.15 1.25 1.41 1.62 1.87 2.05 2.06 1.80 1.48 1.29 1.27 1.38 1.61 1.80 1.78 1.79 1.84 1.86 1.88 1.82 1.82 1.91 2.07 2.35 2.43 2.32 2.37 2.50 2.52 2.29 1.85 1.64 1.80 2.11 2.13 1.96 1.93 1.96 1.83 1.68 1.63 1.57 1.67 1.93 2.05 2.06 1.97 1.83 1.62 1.34 1.20 1.33 1.81 2.05 1.62 0.95 0.67 0.86 1.23
1.30 1.29 1.26 1.23 1.19 1.15 1.12 1.11 1.09 1.07 1.05 1.05 1.04 1.03 1.02 1.00 1.00 1.01 1.02 1.03 1.04 1.05 1.07 1.08 1.09 1.11 1.14 1.21 1.33 1.49 1.71 1.98 2.02 1.87 1.68 1.60 1.63 1.73 1.86 1.88 1.88 1.92 1.95 2.01 1.97 1.88 1.90 1.96 2.11 2.29 2.33 2.36 2.48 2.64 2.51 2.09 1.77 1.71 2.02 2.31 2.03 1.68 1.77 1.87 1.73 1.54 1.40 1.52 1.96 2.13 1.89 1.69 1.66 1.58 1.41 1.39 1.47 1.81 2.19 2.01 1.29 0.75 0.75 1.07
1.31 1.28 1.25 1.23 1.20 1.17 1.14 1.11 1.09 1.07 1.06 1.04 1.03 1.02 1.02 1.01 1.00 0.99 1.00 1.01 1.03 1.05 1.07 1.09 1.10 1.10 1.10 1.13 1.19 1.28 1.44 1.69 1.89 1.91 1.74 1.58 1.58 1.68 1.79 1.83 1.79 1.73 1.70 1.77 1.80 1.76 1.74 1.71 1.72 1.77 1.81 1.91 2.10 2.43 2.48 2.15 1.99 1.94 2.05 2.36 2.14 1.66 1.67 1.90 1.89 1.55 1.28 1.43 2.01 2.25 1.83 1.53 1.52 1.44 1.36 1.41 1.52 1.80 2.24 2.33 1.77 1.11 0.89 1.00
1.31 1.28 1.24 1.21 1.19 1.16 1.13 1.10 1.08 1.06 1.05 1.05 1.04 1.04 1.03 1.02 1.01 0.99 0.99 1.00 1.02 1.03 1.06 1.09 1.08 1.08 1.10 1.16 1.26 1.44 1.66 1.81 1.88 1.90 1.65 1.37 1.40 1.53 1.57 1.58 1.60 1.54 1.51 1.55 1.57 1.56 1.56 1.56 1.55 1.57 1.59 1.62 1.75 2.08 2.32 2.15 2.09 2.27 2.41 2.47 2.10 1.60 1.62 1.99 2.16 1.74 1.25 1.34 2.02 2.37 1.94 1.62 1.56 1.41 1.32 1.37 1.49 1.77 2.21 2.49 2.13 1.54 1.22 1.09
1.31 1.29 1.24 1.19 1.16 1.13 1.11 1.09 1.06 1.05 1.04 1.04 1.04 1.04 1.03 1.03 1.03 1.02 1.02 1.01 1.02 1.02 1.04 1.08 1.11 1.10 1.09 1.12 1.22 1.39 1.58 1.75 1.85 1.97 1.81 1.36 1.30 1.45 1.51 1.49 1.53 1.51 1.49 1.50 1.45 1.43 1.47 1.48 1.48 1.53 1.56 1.55 1.57 1.73 1.97 1.95 1.86 2.16 2.66 2.81 2.29 1.61 1.53 1.96 2.40 2.14 1.45 1.21 1.74 2.31 2.14 1.83 1.70 1.48 1.35 1.33 1.41 1.65 2.13 2.60 2.52 2.04 1.68 1.38
1.31 1.30 1.27 1.22 1.18 1.14 1.11 1.09 1.07 1.05 1.03 1.03 1.02 1.03 1.03 1.03 1.03 1.03 1.04 1.03 1.03 1.02 1.02 1.03 1.07 1.09 1.08 1.06 1.06 1.10 1.21 1.42 1.64 1.90 2.02 1.72 1.42 1.44 1.55 1.54 1.55 1.51 1.45 1.42 1.38 1.35 1.37 1.39 1.43 1.48 1.52 1.54 1.54 1.54 1.64 1.72 1.68 1.78 2.33 2.90 2.66 1.83 1.44 1.72 2.40 2.53 1.97 1.38 1.47 1.96 2.05 1.95 1.81 1.56 1.36 1.24 1.24 1.37 1.75 2.37 2.71 2.56 2.26 1.90
1.31 1.29 1.28 1.25 1.21 1.16 1.12 1.10 1.08 1.07 1.05 1.04 1.03 1.03 1.03 1.03 1.03 1.04 1.03 1.03 1.04 1.04 1.02 1.00 0.99 1.00 1.03 1.03 0.99 0.95 1.02 1.21 1.48 1.74 2.00 1.98 1.67 1.47 1.49 1.49 1.47 1.48 1.45 1.40 1.41 1.42 1.36 1.39 1.46 1.52 1.56 1.60 1.62 1.58 1.61 1.70 1.72 1.70 1.94 2.60 2.72 1.97 1.35 1.42 2.12 2.68 2.51 1.89 1.58 1.62 1.70 1.83 1.80 1.56 1.34 1.17 1.11 1.18 1.31 1.65 2.22 2.55 2.62 2.45
1.31 1.29 1.25 1.23 1.20 1.16 1.12 1.10 1.09 1.08 1.06 1.05 1.04 1.04 1.04 1.04 1.04 1.05 1.04 1.04 1.04 1.04 1.03 1.00 0.98 0.97 0.98 0.99 0.98 0.98 1.04 1.17 1.35 1.53 1.71 1.82 1.76 1.60 1.51 1.44 1.38 1.42 1.48 1.47 1.48 1.53 1.47 1.47 1.52 1.54 1.60 1.65 1.70 1.72 1.71 1.76 1.86 1.88 1.96 2.40 2.66 2.09 1.38 1.22 1.66 2.45 2.77 2.45 1.95 1.58 1.47 1.63 1.66 1.48 1.32 1.20 1.14 1.24 1.36 1.38 1.55 1.97 2.45 2.74
1.32 1.30 1.25 1.20 1.17 1.15 1.13 1.10 1.08 1.08 1.08 1.07 1.07 1.06 1.06 1.06 1.06 1.06 1.06 1.06 1.05 1.04 1.04 1.02 1.01 1.00 0.99 1.00 1.05 1.13 1.17 1.17 1.19 1.29 1.47 1.56 1.59 1.61 1.58 1.50 1.44 1.44 1.49 1.54 1.58 1.59 1.55 1.57 1.62 1.65 1.65 1.63 1.71 1.81 1.79 1.76 1.89 2.07 2.17 2.41 2.66 2.30 1.62 1.23 1.32 1.96 2.66 2.70 2.20 1.75 1.60 1.65 1.64 1.45 1.33 1.29 1.19 1.29 1.64 1.65 1.38 1.55 2.05 2.60
