windninja/windninja_output/Output_2025-08-09_1300-1350_Google earth_Fire_150m_10min/merlingen_7.5mi_point_08-09-2025_1340_150m_ang.asc
ncols	158
nrows	163
xllcorner	391686.332397
yllcorner	5160024.123721
cellsize	150.000000
NODATA_value	-32768.000000
[rows 0 to 46 of 163, columns 0 to 95 of 158]
359 357 354 353 353 354 355 354 353 354 355 356 357 357 355 353 349 343 342 343 346 348 351 353 355 355 354 351 351 353 354 354 353 352 350 352 353 351 348 347 348 349 351 350 348 349 349 347 345 348 351 351 352 354 355 354 353 352 350 349 350 351 350 349 349 349 350 349 348 348 348 349 348 347 345 346 348 346 343 343 344 344 342 341 340 338 336 336 334 333 331 330 330 329 327 323
2 359 354 353 353 354 356 355 352 352 353 355 358 359 359 357 353 349 346 346 347 347 349 353 356 357 355 352 351 353 354 354 354 352 351 352 354 353 351 350 350 350 351 351 350 351 351 349 346 347 349 350 351 353 354 354 353 352 351 350 350 350 350 349 349 349 349 349 348 348 348 349 349 347 346 347 349 347 344 344 346 346 344 343 342 339 339 339 338 336 333 331 331 331 331 331
4 0 356 354 353 355 358 357 352 350 351 355 359 360 0 358 355 352 350 349 350 347 346 351 357 359 357 354 353 355 355 354 353 352 351 352 353 353 353 353 351 351 351 350 350 351 351 351 351 349 347 349 351 353 353 353 352 351 351 351 351 350 350 349 349 349 349 349 348 348 349 350 348 347 347 349 350 348 346 347 349 349 346 346 345 342 343 345 345 343 339 337 337 338 339 339
359 359 359 357 356 357 357 354 352 351 353 357 359 359 357 355 353 353 353 353 353 349 346 348 354 358 359 358 357 358 357 356 354 351 350 351 352 353 353 352 351 351 350 349 350 350 351 352 354 353 351 352 354 354 353 352 351 350 351 351 351 350 350 350 350 350 349 349 348 349 351 350 348 346 347 348 348 347 348 349 351 350 349 348 345 343 345 347 348 348 348 345 343 343 343 342
353 357 360 359 358 357 354 350 350 353 358 360 359 357 354 352 353 353 355 357 355 350 346 347 349 354 357 359 359 359 359 359 356 353 351 352 352 352 351 350 350 350 349 349 350 351 352 353 354 354 354 355 354 354 354 353 351 350 350 350 350 351 351 350 350 350 349 348 348 350 351 350 347 347 348 347 345 344 347 351 351 349 348 348 345 344 344 344 344 347 350 349 347 346 346 345
352 353 357 359 358 356 352 349 350 356 0 360 357 355 351 350 353 356 357 357 355 349 345 343 344 347 353 357 358 358 358 358 357 356 356 354 352 351 350 350 350 349 348 349 351 352 353 353 353 355 357 357 355 354 354 353 351 350 349 350 350 351 351 351 350 350 349 348 349 351 353 350 347 347 349 349 347 344 347 352 353 347 345 346 345 345 344 339 337 340 344 346 347 347 345 345
354 353 353 355 356 355 353 351 354 358 359 357 356 353 349 350 354 358 359 357 355 351 344 340 339 342 348 351 353 355 356 355 355 357 357 355 352 351 351 351 351 350 349 350 351 352 353 353 354 355 357 357 356 355 354 352 350 349 349 349 350 351 352 352 351 350 349 348 349 352 353 352 349 349 350 350 350 348 351 355 352 347 345 345 345 345 343 338 333 332 332 335 339 342 343 342
356 355 353 351 352 353 354 355 357 357 356 354 353 352 350 350 353 357 358 358 356 353 349 342 337 340 344 346 349 352 352 351 352 355 355 352 351 352 352 352 352 351 351 351 351 351 352 352 353 355 356 356 356 357 355 351 349 349 348 347 348 350 353 354 353 352 350 348 349 351 351 350 351 352 351 350 350 352 356 355 348 345 345 346 346 347 345 342 337 331 327 326 329 333 338 339
356 356 355 352 351 351 354 357 357 355 353 351 350 350 350 351 353 354 356 357 356 354 352 347 342 340 342 344 347 349 348 347 350 352 351 349 350 352 353 353 353 352 351 351 351 351 351 351 352 354 355 354 355 356 353 350 349 348 347 347 347 349 350 353 354 353 350 348 349 351 350 348 350 353 352 351 350 354 358 354 346 342 343 345 346 346 347 346 343 341 338 336 335 336 338 335
357 357 356 355 354 353 354 355 355 353 351 348 347 346 347 351 352 352 353 355 355 354 353 351 348 343 342 344 347 347 345 346 348 350 349 350 351 353 354 354 354 352 351 350 350 350 351 351 351 353 353 353 354 352 350 348 347 347 347 348 348 346 346 349 350 349 347 347 350 353 352 349 349 351 353 352 352 354 355 351 347 344 343 341 340 341 343 343 343 346 347 344 340 341 340 334
358 357 357 356 356 355 355 354 353 352 350 348 346 344 345 347 349 349 350 351 353 354 353 353 351 348 346 347 348 346 344 345 347 347 348 350 353 354 354 353 353 353 352 351 351 350 349 350 351 352 350 351 351 348 345 345 345 345 345 347 346 342 342 342 339 340 342 344 350 354 352 350 349 351 354 355 353 350 347 346 346 347 347 342 336 336 336 335 337 344 347 342 339 341 340 334
359 358 357 357 357 356 354 354 353 352 350 349 346 345 344 343 345 347 347 347 348 351 353 354 353 352 352 349 347 345 344 345 345 345 347 350 352 353 352 352 353 353 353 354 354 352 351 352 354 351 345 344 343 339 337 337 340 341 342 342 337 330 328 326 325 326 330 337 347 349 348 349 350 352 355 356 354 350 345 342 345 348 349 345 340 338 337 333 335 343 343 338 336 339 337 333
359 358 358 357 357 356 354 353 353 352 350 349 348 346 343 339 339 343 345 345 345 347 350 353 355 357 356 351 347 345 345 345 344 344 347 350 350 350 350 351 353 352 354 356 356 357 360 2 1 352 342 337 330 321 315 317 325 333 340 335 316 308 304 302 302 306 311 322 334 339 342 346 348 349 350 350 350 349 347 346 345 345 346 344 341 342 340 336 338 344 342 337 336 337 333 329
360 359 358 357 356 355 355 354 353 352 350 349 349 348 344 338 334 336 340 342 343 345 349 353 357 359 356 352 349 347 346 344 343 345 348 349 349 348 349 351 352 353 357 359 360 3 8 11 8 1 353 346 338 326 309 300 303 319 341 342 331 326 319 312 305 299 297 303 314 325 334 340 342 343 343 343 343 343 345 346 344 342 341 340 341 342 340 337 340 343 340 335 333 333 327 322
0 359 358 357 356 355 355 354 353 352 350 349 348 349 347 342 336 334 334 337 340 344 349 354 357 356 354 352 350 350 348 344 343 345 347 347 350 351 351 352 355 2 11 8 4 8 6 2 4 6 4 357 353 349 344 339 334 338 345 345 342 338 335 336 334 324 317 310 308 312 323 331 334 338 340 339 337 338 340 339 337 336 336 337 339 340 337 336 340 340 333 324 321 320 315 311
0 360 358 357 356 355 355 354 353 352 350 349 348 347 346 344 341 340 337 337 340 345 350 354 355 353 352 353 353 351 349 347 347 348 348 348 351 355 358 2 8 15 12 3 0 3 360 353 355 1 1 359 355 353 353 356 356 352 348 344 342 341 341 345 346 340 334 328 322 317 317 319 323 330 336 336 336 338 337 333 331 332 332 332 335 336 333 332 336 337 328 317 314 314 310 306
1 360 359 358 357 356 355 353 352 351 350 349 347 345 342 340 342 343 343 342 342 346 350 353 353 352 352 352 352 351 348 348 352 355 356 356 356 359 4 7 5 1 357 359 0 359 359 359 353 349 352 356 354 353 355 359 1 358 351 345 342 342 344 347 346 343 339 336 333 331 322 313 312 320 329 334 338 339 335 332 333 333 330 329 329 327 326 322 320 327 331 329 329 327 323 318
1 0 359 358 357 356 355 353 352 351 350 348 346 344 340 337 338 342 344 345 345 347 349 350 350 352 352 350 349 349 349 353 0 6 7 3 358 357 359 359 358 356 355 358 0 358 357 357 354 348 347 350 352 353 356 358 359 358 352 347 345 345 348 349 345 343 341 339 339 337 332 325 319 319 323 329 335 335 331 330 331 331 328 329 327 323 323 325 322 322 326 331 334 333 332 331
1 0 359 358 357 356 354 353 352 351 350 348 346 344 340 337 336 339 342 344 346 347 347 347 348 350 350 349 347 348 352 360 5 6 4 1 358 356 356 356 355 356 357 358 358 357 353 350 350 350 348 347 350 353 355 355 355 355 352 348 346 348 350 349 345 342 341 342 342 338 336 336 332 328 325 323 324 323 319 318 319 318 321 330 335 338 339 336 331 327 326 329 331 332 335 338
1 0 359 358 357 356 354 353 351 351 350 348 346 344 342 339 337 339 342 344 345 346 346 347 348 349 349 350 350 351 356 2 5 4 2 360 358 355 355 355 356 357 358 358 357 354 352 350 349 350 350 349 348 349 350 351 353 354 352 349 348 350 350 347 343 340 340 343 342 339 339 342 340 338 336 332 327 321 316 318 320 322 327 334 338 340 341 340 335 331 332 334 332 331 333 336
2 0 359 358 357 356 354 353 351 350 349 348 346 345 343 342 341 342 343 344 345 346 347 347 348 349 350 352 353 354 357 2 5 3 359 357 356 354 355 355 357 358 358 358 355 352 352 353 351 350 351 350 348 346 346 347 350 352 353 352 351 351 348 345 342 340 341 341 340 341 345 347 344 340 340 343 345 343 341 337 333 334 335 336 338 339 340 340 335 332 336 339 336 333 333 333
1 0 359 358 356 355 354 353 351 350 349 347 346 345 344 344 344 344 344 345 346 347 347 348 349 350 352 353 355 356 358 1 1 357 354 354 355 356 356 357 359 360 359 357 354 353 353 353 351 351 351 351 349 347 345 345 346 348 352 354 354 352 348 345 341 339 340 340 341 345 350 351 347 340 339 343 347 349 350 347 343 341 340 338 339 339 341 340 334 334 339 344 343 337 336 334
1 0 359 358 356 355 354 353 352 350 349 348 347 346 345 344 345 345 345 345 346 347 347 348 350 351 353 355 356 356 356 357 355 352 352 352 354 358 358 358 359 359 358 357 356 354 352 352 352 352 351 351 351 349 347 345 345 346 350 354 355 351 347 344 340 339 340 341 345 352 355 354 348 342 340 342 346 347 349 350 351 351 348 344 341 339 341 339 336 337 342 349 347 340 337 336
1 0 359 357 356 354 353 352 351 349 348 347 347 346 345 345 345 345 345 346 347 348 348 349 351 352 355 357 357 355 353 351 349 350 352 353 354 358 358 357 357 357 358 358 355 352 353 354 354 353 352 352 351 350 348 346 345 345 348 352 353 349 344 339 337 340 343 346 352 358 358 354 346 341 343 346 346 342 343 349 354 356 354 351 345 339 337 335 335 337 345 353 349 340 337 336
1 360 358 357 356 354 353 352 350 349 348 347 346 346 346 345 345 344 345 346 347 347 349 350 352 354 358 0 358 353 351 348 346 349 352 355 357 357 355 355 354 355 356 355 352 354 357 357 356 354 352 352 350 349 349 348 348 348 349 350 350 346 340 336 337 340 344 352 359 1 357 348 340 340 346 352 347 338 338 344 350 354 356 357 352 342 336 332 331 335 347 356 349 341 338 337
0 360 358 357 355 354 353 351 349 348 348 347 345 345 345 345 345 344 345 345 346 347 349 350 353 356 1 3 359 354 351 347 345 346 351 355 359 358 354 352 352 352 352 350 352 357 0 359 357 355 353 352 349 347 347 348 350 353 353 349 344 338 337 339 344 347 351 359 5 2 351 339 337 342 351 357 351 339 335 339 343 348 354 357 355 349 344 339 334 335 347 354 351 345 341 340
0 359 358 356 355 354 352 350 348 348 348 346 345 344 344 344 344 344 345 345 346 347 348 350 353 357 2 3 1 359 355 349 343 342 345 352 357 357 354 351 351 350 348 348 353 359 1 360 357 356 356 355 352 347 344 348 355 359 356 348 338 332 334 342 351 356 0 5 6 358 344 337 338 344 353 359 355 344 335 334 336 342 349 352 352 351 351 348 342 340 345 349 348 347 346 344
360 359 357 356 354 353 351 349 348 348 347 346 345 344 344 343 343 344 345 345 346 347 348 350 353 357 0 1 1 3 2 356 348 343 341 345 351 354 353 351 350 348 346 349 353 356 359 1 359 356 357 357 354 350 347 351 359 0 354 345 337 332 334 344 354 1 6 7 2 350 341 339 342 347 354 357 354 348 341 334 332 336 341 343 344 348 353 353 348 346 346 345 342 344 347 347
359 358 357 355 354 352 350 348 347 347 346 345 345 344 343 343 343 343 344 345 346 346 348 349 352 356 357 356 359 4 6 2 357 351 346 344 347 351 351 352 351 348 349 350 352 355 357 360 1 357 355 356 356 353 352 355 357 356 350 342 338 338 344 350 356 2 6 5 354 344 340 343 348 353 357 355 349 345 344 338 332 333 335 335 336 342 350 350 348 349 349 345 339 337 341 344
359 358 356 355 353 351 349 348 347 346 346 345 344 343 343 342 342 343 343 344 345 346 347 349 350 352 351 351 356 1 4 5 3 356 348 347 349 350 350 351 350 350 352 352 353 355 356 357 357 357 357 356 356 357 358 358 356 352 348 340 337 343 353 359 0 2 3 358 347 339 339 346 354 359 359 354 348 345 345 339 333 331 331 331 332 338 343 342 344 349 351 347 339 333 331 335
358 357 356 355 352 350 348 347 346 345 345 344 343 343 342 342 342 342 343 343 344 345 347 348 349 348 346 347 352 357 1 4 2 354 349 349 351 349 348 349 349 350 353 354 355 355 354 352 351 355 357 357 358 1 3 4 360 351 344 340 339 346 359 7 4 359 356 351 341 335 337 347 355 357 356 353 350 350 348 342 337 334 332 330 333 338 340 339 341 346 350 349 340 329 321 320
357 357 355 354 351 348 348 347 346 345 344 343 342 342 341 341 341 342 342 343 344 344 346 347 347 346 345 347 353 359 1 358 355 351 349 351 350 346 346 348 349 351 353 354 356 355 351 348 348 353 355 356 359 4 7 8 3 353 343 340 344 354 4 9 3 354 350 347 340 336 341 347 347 348 350 352 353 352 349 347 345 343 337 332 332 333 334 335 338 341 344 346 341 329 317 313
357 356 355 352 349 347 347 346 345 344 343 342 342 341 341 341 342 341 341 342 343 343 345 346 345 345 345 347 353 357 356 353 351 351 349 349 347 343 344 348 351 352 354 353 354 354 350 348 351 353 353 354 357 2 8 6 1 356 350 345 349 358 5 7 1 352 347 343 341 342 346 346 343 346 349 351 352 352 350 350 352 352 344 335 332 330 329 332 336 339 339 339 337 329 323 320
356 356 354 350 347 346 346 345 343 342 342 341 341 341 341 341 342 342 342 342 342 342 343 344 344 344 344 346 349 350 349 349 351 353 351 346 343 343 346 350 353 354 355 354 354 353 350 351 354 354 354 354 355 359 4 2 356 354 356 356 354 356 0 3 1 355 347 340 339 343 347 346 346 348 350 350 350 349 350 354 359 359 350 341 337 338 338 337 340 343 343 339 332 327 328 330
355 355 353 349 346 346 345 344 342 342 341 340 340 340 340 341 341 341 341 342 342 342 342 342 343 344 344 345 345 344 342 345 350 353 352 348 345 345 350 354 355 357 357 357 357 353 352 355 355 354 355 356 356 357 359 356 351 349 355 360 0 358 357 358 360 359 352 341 335 337 345 349 350 352 351 348 346 344 346 354 2 2 356 349 343 344 344 344 344 346 345 341 334 328 328 333
354 353 351 347 346 345 345 343 342 341 340 340 340 340 340 340 341 341 341 341 342 342 341 341 341 342 344 345 345 342 339 342 346 347 350 353 352 350 353 357 0 3 2 1 359 355 355 356 355 356 357 358 358 357 355 353 351 350 352 358 2 0 355 353 356 360 356 345 335 334 343 351 353 353 350 346 344 342 341 347 356 1 1 357 351 345 344 347 348 346 343 340 335 329 327 331
353 351 348 345 345 345 343 342 341 340 340 340 340 340 340 340 340 341 341 341 341 341 341 341 341 341 342 345 347 342 338 339 340 342 347 355 358 359 1 4 6 6 4 2 359 357 357 356 356 358 357 357 358 357 354 354 355 355 355 357 1 360 354 349 350 356 356 348 340 340 346 350 350 348 347 347 347 348 346 342 346 355 1 3 358 346 341 345 348 345 341 338 334 330 329 334
351 349 345 344 344 343 342 341 340 340 339 340 340 340 340 340 340 341 341 341 341 341 341 341 341 341 342 345 345 339 337 337 337 340 347 354 2 9 11 9 7 4 2 0 358 357 357 357 359 360 356 355 356 356 354 354 356 358 358 358 1 0 354 348 347 350 350 347 347 352 355 349 343 344 348 350 348 351 353 349 346 351 357 1 358 350 344 344 344 342 339 337 333 329 332 341
347 346 344 343 343 342 341 341 340 339 339 340 340 340 340 340 340 341 341 341 341 342 342 341 341 341 342 343 340 336 335 336 337 341 347 356 9 16 13 9 5 2 360 358 358 358 357 357 360 360 356 355 356 358 356 353 355 358 359 359 1 3 360 354 351 348 345 346 352 359 355 347 345 349 355 352 346 349 355 356 354 353 354 354 352 352 351 347 342 342 341 338 329 325 332 344
344 343 342 342 342 341 341 340 339 339 340 340 340 340 340 340 341 341 341 341 341 342 342 342 341 341 341 339 335 333 332 334 337 341 347 0 10 11 10 8 5 1 357 355 357 358 357 356 357 358 357 354 354 356 357 354 354 356 358 359 1 7 9 4 356 350 345 348 355 353 346 344 349 358 359 349 345 349 354 358 2 1 356 350 346 349 350 347 343 343 345 339 327 325 333 342
342 340 340 341 341 341 341 340 339 340 340 341 340 340 341 341 341 341 341 342 342 342 342 342 342 341 339 336 334 332 331 332 335 339 349 2 4 4 6 6 4 0 356 355 356 357 358 356 356 357 357 353 349 350 354 356 354 354 356 359 4 12 17 13 1 352 349 352 353 347 344 347 354 359 354 344 346 352 353 357 5 6 1 353 347 345 345 346 345 344 345 338 329 328 332 337
341 340 341 342 342 341 341 340 340 341 341 341 341 341 341 342 342 342 342 342 342 342 343 342 342 341 340 337 336 334 333 333 335 340 350 358 0 360 360 1 360 358 358 358 355 354 356 357 357 357 355 352 348 347 350 355 356 356 358 3 10 14 15 13 6 356 352 353 350 348 352 356 354 352 345 341 349 356 355 357 3 4 360 355 349 345 348 351 349 345 342 337 334 332 332 337
341 341 343 343 343 342 341 341 341 342 342 342 342 342 342 342 343 343 343 343 343 343 343 343 342 342 341 339 338 336 336 337 339 342 347 353 357 356 353 353 354 356 359 357 353 353 355 359 359 356 352 351 350 350 351 355 359 1 5 11 12 8 5 7 6 359 352 351 352 356 1 359 353 349 343 343 353 360 359 360 1 360 355 351 345 347 355 359 353 346 341 338 338 336 337 343
342 343 344 344 344 343 343 343 342 343 343 343 342 343 343 343 343 343 343 343 344 344 344 344 343 343 342 341 339 337 337 339 341 343 345 348 349 348 348 349 352 356 356 352 352 356 0 2 0 355 350 350 353 355 356 359 4 8 11 12 9 1 357 359 359 355 351 350 356 2 3 359 356 351 347 350 359 4 4 1 359 357 351 344 343 352 4 4 356 348 342 340 336 333 339 348
344 345 345 345 344 344 344 344 344 344 344 344 344 344 344 344 344 344 344 344 345 345 344 344 344 344 343 342 341 340 339 340 341 342 342 342 341 341 344 348 353 354 352 350 355 2 5 2 357 352 350 354 358 1 3 6 10 12 11 8 4 358 354 352 348 347 348 350 356 2 2 0 360 357 355 360 7 10 9 3 356 350 344 341 347 2 7 3 357 350 345 340 331 329 339 352
347 347 346 345 346 346 346 345 345 345 345 345 345 345 345 345 345 345 345 346 346 346 346 346 345 345 344 343 343 342 341 341 342 342 341 339 336 338 342 346 350 350 350 352 359 5 4 358 351 349 352 359 5 8 11 13 15 12 6 1 359 357 353 347 343 342 346 350 355 359 360 1 3 3 5 9 13 13 9 1 352 345 341 343 358 6 4 0 357 353 347 337 329 329 341 353
349 348 347 347 348 347 347 346 347 347 346 346 346 346 346 346 346 346 346 347 347 347 347 347 346 345 345 345 344 343 343 342 342 342 341 339 337 338 340 343 345 347 350 356 2 3 358 352 348 351 358 5 12 16 17 17 15 8 358 354 354 353 349 345 343 343 347 352 356 357 357 0 4 7 11 15 16 12 4 356 348 344 344 352 2 3 359 356 356 354 347 336 331 335 345 354
