windninja/windninja_output/Output_2025-08-09_1300-1350_Google earth_Fire_150m_10min/merlingen_7.5mi_point_08-09-2025_1340_150m_vel.asc
ncols	158
nrows	163
xllcorner	391686.332397
yllcorner	5160024.123721
cellsize	150.000000
NODATA_value	-32768.000000
[rows 38 to 75 of 163, columns 0 to 83 of 158]
0.87 0.88 0.89 0.88 0.88 0.89 0.91 0.93 0.95 0.99 1.01 1.02 1.02 1.04 1.05 1.06 1.08 1.09 1.11 1.13 1.15 1.16 1.18 1.20 1.22 1.24 1.27 1.37 1.56 1.68 1.64 1.55 1.46 1.37 1.34 1.27 1.18 1.15 1.20 1.25 1.30 1.36 1.42 1.51 1.58 1.62 1.67 1.75 1.81 1.85 1.88 1.93 1.96 1.94 1.92 2.00 2.12 2.22 2.30 2.34 2.36 2.29 2.10 1.87 1.73 1.72 1.83 1.86 1.70 1.57 1.67 2.02 2.31 2.20 1.90 1.78 1.94 2.09 2.12 2.03 1.84 1.72 1.72 1.89
0.87 0.87 0.87 0.88 0.89 0.90 0.92 0.95 0.99 1.01 1.02 1.02 1.03 1.05 1.06 1.07 1.08 1.10 1.11 1.13 1.15 1.16 1.18 1.20 1.22 1.24 1.29 1.39 1.47 1.43 1.35 1.34 1.32 1.30 1.23 1.16 1.23 1.38 1.47 1.47 1.44 1.47 1.57 1.70 1.81 1.85 1.85 1.88 1.97 2.07 2.10 2.15 2.30 2.49 2.62 2.67 2.74 2.83 2.89 2.92 2.90 2.81 2.54 2.10 1.85 1.81 1.81 1.70 1.56 1.68 2.10 2.38 2.26 1.96 1.85 2.01 2.26 2.34 2.37 2.41 2.30 2.00 1.81 1.86
0.87 0.88 0.88 0.89 0.91 0.93 0.96 0.99 1.01 1.02 1.02 1.03 1.05 1.07 1.08 1.09 1.10 1.11 1.12 1.14 1.15 1.17 1.19 1.20 1.22 1.24 1.27 1.30 1.27 1.23 1.23 1.23 1.19 1.14 1.06 1.06 1.21 1.42 1.60 1.70 1.74 1.77 1.83 1.87 1.90 1.99 2.07 2.11 2.16 2.20 2.22 2.33 2.59 2.82 2.91 2.93 2.93 2.86 2.77 2.67 2.54 2.52 2.54 2.29 1.99 1.96 1.95 1.83 1.82 2.12 2.29 2.01 1.65 1.64 1.89 2.35 2.59 2.55 2.49 2.45 2.47 2.42 2.27 2.15
0.88 0.89 0.91 0.92 0.94 0.96 1.00 1.02 1.03 1.02 1.03 1.05 1.07 1.08 1.09 1.10 1.11 1.12 1.13 1.15 1.16 1.17 1.18 1.19 1.21 1.22 1.23 1.23 1.21 1.22 1.24 1.19 1.13 1.07 1.05 1.14 1.24 1.32 1.54 1.89 2.14 2.27 2.27 2.18 2.19 2.35 2.49 2.53 2.49 2.47 2.49 2.57 2.62 2.52 2.36 2.32 2.28 2.14 1.99 1.86 1.82 1.96 2.31 2.51 2.36 2.21 2.20 2.27 2.45 2.54 2.21 1.80 1.71 1.86 2.23 2.64 2.67 2.52 2.35 2.20 2.22 2.41 2.56 2.60
0.89 0.90 0.92 0.93 0.95 0.99 1.02 1.03 1.04 1.04 1.05 1.07 1.08 1.09 1.10 1.11 1.12 1.13 1.14 1.15 1.15 1.16 1.17 1.18 1.19 1.20 1.20 1.21 1.23 1.26 1.25 1.19 1.14 1.10 1.14 1.27 1.44 1.65 1.87 2.08 2.22 2.26 2.28 2.39 2.50 2.53 2.42 2.27 2.20 2.20 2.26 2.30 2.20 2.01 1.84 1.74 1.67 1.55 1.41 1.37 1.46 1.69 2.09 2.52 2.70 2.66 2.76 3.03 3.13 2.88 2.49 2.31 2.37 2.47 2.76 2.86 2.61 2.40 2.25 2.17 2.21 2.29 2.46 2.84
0.89 0.90 0.92 0.94 0.98 1.02 1.03 1.03 1.04 1.05 1.06 1.08 1.09 1.09 1.10 1.10 1.11 1.12 1.13 1.14 1.14 1.15 1.17 1.18 1.19 1.19 1.20 1.22 1.24 1.22 1.19 1.16 1.15 1.18 1.25 1.37 1.60 1.87 2.00 1.99 1.91 1.89 2.02 2.19 2.20 2.01 1.85 1.80 1.82 1.91 2.03 2.07 1.99 1.87 1.72 1.57 1.45 1.37 1.32 1.34 1.45 1.62 1.86 2.18 2.66 3.10 3.42 3.58 3.59 3.54 3.44 3.42 3.36 3.32 3.35 3.10 2.71 2.45 2.25 2.16 2.23 2.42 2.76 3.26
0.89 0.89 0.91 0.95 1.00 1.02 1.02 1.03 1.05 1.05 1.07 1.08 1.09 1.09 1.09 1.10 1.11 1.12 1.14 1.15 1.16 1.16 1.17 1.17 1.18 1.19 1.22 1.23 1.22 1.19 1.17 1.16 1.18 1.22 1.28 1.40 1.56 1.63 1.59 1.58 1.61 1.74 1.89 1.90 1.76 1.61 1.58 1.68 1.90 2.15 2.24 2.15 2.02 1.88 1.71 1.53 1.40 1.36 1.40 1.52 1.68 1.80 1.89 2.12 2.63 3.16 3.41 3.43 3.46 3.68 3.87 3.90 3.86 3.74 3.45 3.00 2.67 2.46 2.27 2.15 2.26 2.68 3.19 3.24
0.89 0.89 0.93 0.97 0.99 1.00 1.01 1.04 1.05 1.06 1.07 1.08 1.09 1.09 1.10 1.11 1.13 1.14 1.15 1.15 1.16 1.17 1.17 1.17 1.18 1.20 1.22 1.21 1.19 1.19 1.20 1.21 1.22 1.25 1.29 1.36 1.39 1.35 1.34 1.42 1.57 1.71 1.75 1.66 1.57 1.60 1.70 1.87 2.14 2.25 2.10 1.89 1.77 1.63 1.52 1.45 1.38 1.38 1.54 1.79 2.00 2.17 2.36 2.68 3.02 3.11 3.03 2.91 2.76 2.79 3.00 3.14 3.22 3.18 2.93 2.65 2.46 2.40 2.41 2.52 2.79 3.04 2.94 2.37
0.90 0.92 0.96 0.97 0.97 0.98 1.00 1.03 1.04 1.06 1.07 1.09 1.09 1.10 1.11 1.12 1.13 1.14 1.14 1.14 1.15 1.16 1.16 1.18 1.19 1.19 1.19 1.18 1.18 1.18 1.19 1.20 1.22 1.25 1.30 1.32 1.30 1.30 1.35 1.44 1.52 1.57 1.58 1.52 1.48 1.58 1.82 2.08 2.15 1.97 1.75 1.65 1.57 1.46 1.38 1.40 1.45 1.54 1.76 2.07 2.37 2.63 2.92 3.15 3.14 2.93 2.68 2.46 2.31 2.27 2.30 2.39 2.48 2.53 2.52 2.48 2.42 2.42 2.56 2.73 2.79 2.58 2.06 1.60
0.92 0.93 0.95 0.95 0.94 0.95 0.98 1.01 1.03 1.05 1.07 1.09 1.10 1.10 1.11 1.12 1.12 1.13 1.13 1.14 1.14 1.14 1.15 1.16 1.17 1.17 1.17 1.17 1.18 1.19 1.19 1.19 1.19 1.21 1.23 1.25 1.27 1.30 1.32 1.35 1.41 1.47 1.49 1.49 1.55 1.68 1.89 1.99 1.87 1.69 1.59 1.52 1.49 1.53 1.54 1.58 1.71 1.89 2.12 2.39 2.63 2.82 2.91 2.84 2.65 2.45 2.24 2.15 2.15 2.17 2.15 2.11 2.12 2.18 2.25 2.32 2.33 2.31 2.31 2.29 2.11 1.82 1.61 1.60
0.92 0.93 0.93 0.92 0.92 0.94 0.96 0.99 1.01 1.04 1.05 1.07 1.08 1.09 1.09 1.10 1.11 1.11 1.12 1.12 1.13 1.14 1.15 1.15 1.15 1.16 1.17 1.18 1.18 1.19 1.19 1.19 1.19 1.20 1.21 1.21 1.24 1.26 1.26 1.29 1.33 1.35 1.34 1.43 1.64 1.84 1.92 1.84 1.70 1.59 1.50 1.43 1.43 1.48 1.59 1.74 1.94 2.25 2.58 2.74 2.74 2.65 2.48 2.29 2.14 2.03 1.97 1.98 2.02 2.02 1.99 1.95 1.94 1.97 2.06 2.15 2.21 2.19 2.12 2.01 1.90 1.81 1.82 1.91
0.92 0.92 0.92 0.90 0.91 0.94 0.96 0.97 1.00 1.03 1.04 1.05 1.06 1.08 1.09 1.09 1.10 1.10 1.11 1.12 1.12 1.14 1.15 1.16 1.16 1.17 1.17 1.18 1.18 1.19 1.20 1.21 1.21 1.21 1.22 1.23 1.25 1.27 1.28 1.28 1.27 1.22 1.24 1.40 1.60 1.75 1.75 1.65 1.55 1.47 1.45 1.51 1.59 1.69 1.84 2.01 2.26 2.58 2.76 2.71 2.56 2.35 2.13 2.00 1.96 1.92 1.88 1.87 1.89 1.90 1.90 1.88 1.85 1.86 1.97 2.14 2.29 2.37 2.34 2.25 2.19 2.18 2.17 2.17
0.92 0.91 0.91 0.92 0.96 0.99 1.00 0.99 0.99 1.01 1.03 1.05 1.06 1.08 1.09 1.10 1.10 1.11 1.11 1.12 1.13 1.14 1.15 1.16 1.17 1.18 1.18 1.18 1.18 1.19 1.20 1.20 1.21 1.21 1.21 1.23 1.26 1.28 1.28 1.26 1.24 1.25 1.32 1.41 1.52 1.57 1.52 1.42 1.29 1.20 1.23 1.43 1.70 1.96 2.18 2.40 2.63 2.72 2.54 2.27 2.09 1.93 1.82 1.85 1.92 1.88 1.80 1.75 1.74 1.74 1.74 1.72 1.72 1.77 1.92 2.13 2.33 2.44 2.45 2.41 2.38 2.36 2.32 2.29
0.90 0.89 0.90 0.95 1.02 1.07 1.07 1.04 1.02 1.01 1.03 1.05 1.06 1.07 1.08 1.09 1.10 1.10 1.11 1.12 1.14 1.15 1.15 1.16 1.16 1.17 1.17 1.18 1.18 1.19 1.19 1.20 1.20 1.20 1.21 1.21 1.21 1.21 1.21 1.22 1.23 1.27 1.33 1.39 1.45 1.44 1.37 1.28 1.21 1.17 1.26 1.54 1.76 1.94 2.19 2.47 2.58 2.41 2.14 1.92 1.75 1.67 1.71 1.84 1.89 1.83 1.77 1.74 1.71 1.68 1.65 1.65 1.69 1.79 1.92 2.05 2.16 2.27 2.40 2.48 2.46 2.32 2.18 2.18
0.89 0.88 0.89 0.94 0.99 1.03 1.05 1.06 1.06 1.05 1.04 1.04 1.05 1.05 1.05 1.07 1.08 1.09 1.10 1.12 1.12 1.13 1.13 1.14 1.15 1.15 1.16 1.17 1.18 1.18 1.19 1.19 1.20 1.20 1.21 1.21 1.20 1.18 1.19 1.20 1.23 1.27 1.32 1.37 1.39 1.34 1.26 1.27 1.44 1.64 1.86 2.03 2.11 2.15 2.24 2.34 2.23 2.00 1.85 1.74 1.68 1.71 1.81 1.90 1.90 1.85 1.82 1.78 1.73 1.71 1.72 1.77 1.84 1.92 1.97 1.99 2.01 2.07 2.19 2.33 2.37 2.30 2.18 2.08
0.94 0.93 0.94 0.99 1.02 1.03 1.06 1.08 1.06 1.02 1.00 1.01 1.02 1.04 1.05 1.06 1.07 1.08 1.09 1.10 1.10 1.11 1.12 1.13 1.14 1.14 1.15 1.16 1.17 1.18 1.18 1.19 1.20 1.20 1.20 1.20 1.20 1.19 1.19 1.20 1.24 1.30 1.34 1.35 1.32 1.28 1.28 1.40 1.70 1.98 2.12 2.14 2.19 2.27 2.27 2.17 1.97 1.81 1.74 1.72 1.73 1.80 1.91 1.99 1.99 1.96 1.93 1.90 1.87 1.87 1.91 1.99 2.02 2.02 2.00 2.00 1.99 1.97 1.98 2.04 2.16 2.34 2.45 2.38
1.00 1.00 1.00 1.02 1.05 1.07 1.08 1.08 1.06 1.00 0.96 0.97 0.99 1.01 1.04 1.06 1.07 1.08 1.08 1.09 1.09 1.10 1.11 1.12 1.13 1.14 1.15 1.16 1.17 1.17 1.18 1.19 1.19 1.20 1.20 1.20 1.20 1.19 1.19 1.19 1.23 1.27 1.27 1.21 1.17 1.19 1.32 1.51 1.74 1.90 1.96 1.97 2.01 2.08 2.11 2.03 1.88 1.79 1.81 1.88 1.94 2.00 2.10 2.16 2.16 2.16 2.16 2.18 2.21 2.23 2.21 2.12 2.01 1.98 2.01 2.05 2.05 2.05 2.06 2.09 2.22 2.47 2.68 2.76
0.99 1.01 1.00 0.94 0.90 0.91 0.94 0.98 1.04 1.03 0.98 0.94 0.95 0.98 1.00 1.02 1.04 1.05 1.07 1.09 1.10 1.10 1.10 1.11 1.12 1.13 1.14 1.15 1.16 1.17 1.18 1.18 1.19 1.19 1.20 1.20 1.20 1.20 1.19 1.18 1.17 1.14 1.10 1.07 1.09 1.16 1.30 1.52 1.69 1.76 1.82 1.93 2.00 2.01 2.03 1.98 1.86 1.83 1.90 2.02 2.19 2.34 2.39 2.34 2.27 2.23 2.23 2.26 2.33 2.33 2.20 2.02 1.96 2.02 2.09 2.14 2.18 2.24 2.32 2.39 2.51 2.63 2.70 2.77
0.97 0.99 0.99 0.94 0.85 0.80 0.81 0.86 0.95 1.03 1.03 0.98 0.94 0.94 0.96 0.99 1.01 1.02 1.04 1.06 1.08 1.09 1.10 1.10 1.11 1.13 1.14 1.15 1.15 1.16 1.17 1.18 1.18 1.19 1.19 1.20 1.20 1.20 1.19 1.18 1.15 1.11 1.08 1.11 1.16 1.23 1.34 1.47 1.55 1.61 1.72 1.84 1.91 1.96 1.95 1.88 1.86 1.91 2.01 2.17 2.36 2.47 2.45 2.33 2.18 2.06 2.02 2.04 2.02 1.95 1.94 2.03 2.17 2.25 2.28 2.32 2.40 2.50 2.61 2.68 2.67 2.61 2.57 2.60
0.97 0.97 1.00 1.02 1.00 0.94 0.87 0.85 0.90 1.01 1.10 1.10 1.03 0.95 0.93 0.95 0.99 1.01 1.02 1.04 1.06 1.08 1.10 1.10 1.11 1.12 1.13 1.14 1.15 1.16 1.17 1.17 1.18 1.18 1.19 1.19 1.20 1.20 1.19 1.19 1.17 1.16 1.16 1.16 1.19 1.23 1.27 1.30 1.36 1.44 1.55 1.66 1.73 1.80 1.83 1.83 1.91 2.06 2.22 2.37 2.44 2.39 2.29 2.21 2.12 2.01 1.93 1.89 1.82 1.81 1.98 2.23 2.37 2.43 2.49 2.59 2.71 2.83 2.92 2.92 2.82 2.67 2.53 2.43
1.00 0.99 0.99 1.01 1.04 1.04 1.01 0.94 0.93 0.98 1.07 1.14 1.12 1.03 0.92 0.90 0.93 0.98 1.01 1.03 1.04 1.05 1.07 1.09 1.10 1.11 1.12 1.13 1.14 1.15 1.16 1.17 1.17 1.18 1.19 1.19 1.19 1.20 1.20 1.19 1.19 1.19 1.18 1.17 1.17 1.17 1.16 1.15 1.18 1.23 1.34 1.49 1.64 1.76 1.80 1.83 1.91 2.04 2.21 2.34 2.36 2.30 2.23 2.18 2.15 2.08 2.00 1.97 1.99 2.10 2.24 2.36 2.44 2.53 2.64 2.77 2.91 3.03 3.08 3.03 2.92 2.76 2.56 2.35
1.02 1.02 1.00 0.99 0.98 1.00 1.02 1.00 0.95 0.91 0.91 0.98 1.08 1.11 1.03 0.93 0.89 0.92 0.97 1.00 1.03 1.04 1.06 1.07 1.09 1.10 1.11 1.12 1.13 1.14 1.15 1.16 1.17 1.17 1.18 1.19 1.19 1.20 1.20 1.20 1.20 1.20 1.19 1.19 1.18 1.17 1.15 1.14 1.13 1.16 1.26 1.43 1.61 1.72 1.75 1.76 1.80 1.91 2.06 2.14 2.16 2.16 2.16 2.16 2.15 2.12 2.11 2.11 2.15 2.23 2.30 2.37 2.49 2.64 2.77 2.88 2.96 2.98 2.89 2.78 2.70 2.64 2.55 2.45
1.02 1.02 1.01 1.00 0.98 0.97 0.97 0.97 0.94 0.89 0.87 0.91 1.03 1.16 1.19 1.09 0.96 0.90 0.92 0.97 1.01 1.05 1.07 1.08 1.08 1.09 1.10 1.11 1.12 1.13 1.14 1.15 1.16 1.17 1.18 1.18 1.19 1.20 1.20 1.20 1.20 1.20 1.20 1.20 1.20 1.19 1.19 1.18 1.18 1.20 1.25 1.34 1.46 1.54 1.60 1.66 1.75 1.85 1.92 1.94 1.94 1.92 1.95 2.03 2.12 2.16 2.10 2.02 2.06 2.16 2.27 2.38 2.54 2.70 2.82 2.94 2.96 2.83 2.64 2.52 2.45 2.43 2.41 2.38
1.05 1.04 1.02 1.01 1.01 1.00 0.98 0.97 0.96 0.95 0.93 0.93 0.99 1.10 1.21 1.23 1.13 1.00 0.93 0.92 0.96 1.00 1.03 1.05 1.06 1.07 1.08 1.09 1.10 1.12 1.13 1.14 1.15 1.16 1.17 1.18 1.19 1.20 1.20 1.20 1.21 1.21 1.21 1.21 1.21 1.21 1.21 1.22 1.22 1.23 1.23 1.22 1.26 1.32 1.38 1.46 1.60 1.70 1.72 1.70 1.68 1.69 1.76 1.90 2.04 2.13 2.10 2.02 2.05 2.21 2.35 2.48 2.60 2.71 2.81 2.86 2.78 2.66 2.57 2.51 2.44 2.36 2.27 2.22
1.07 1.05 1.02 1.00 1.01 1.04 1.04 1.04 1.01 0.98 0.95 0.92 0.92 0.96 1.08 1.22 1.26 1.16 1.03 0.93 0.92 0.94 0.98 1.01 1.04 1.05 1.06 1.07 1.09 1.11 1.12 1.13 1.15 1.16 1.17 1.18 1.18 1.19 1.20 1.20 1.21 1.21 1.21 1.22 1.22 1.23 1.23 1.23 1.23 1.22 1.21 1.20 1.22 1.23 1.26 1.36 1.48 1.55 1.57 1.57 1.59 1.65 1.76 1.88 2.00 2.07 2.12 2.15 2.22 2.34 2.45 2.55 2.64 2.73 2.79 2.74 2.62 2.57 2.58 2.57 2.51 2.42 2.34 2.27
1.12 1.06 0.99 0.97 0.97 1.01 1.05 1.07 1.06 1.02 0.97 0.91 0.87 0.89 0.96 1.10 1.24 1.28 1.19 1.06 0.97 0.93 0.95 0.99 1.03 1.06 1.07 1.07 1.08 1.10 1.11 1.12 1.13 1.15 1.16 1.17 1.18 1.19 1.20 1.21 1.21 1.22 1.22 1.22 1.23 1.23 1.23 1.23 1.23 1.22 1.22 1.25 1.27 1.28 1.34 1.45 1.51 1.52 1.55 1.62 1.73 1.81 1.79 1.69 1.64 1.68 1.78 2.06 2.32 2.45 2.52 2.60 2.69 2.75 2.77 2.71 2.68 2.71 2.74 2.73 2.68 2.61 2.59 2.65
1.24 1.13 1.00 0.97 0.95 0.94 0.96 0.99 1.01 1.02 0.99 0.93 0.89 0.90 0.91 0.98 1.13 1.28 1.32 1.23 1.10 0.99 0.94 0.95 0.99 1.04 1.06 1.06 1.07 1.07 1.09 1.11 1.13 1.14 1.15 1.16 1.17 1.18 1.19 1.20 1.21 1.22 1.22 1.23 1.23 1.23 1.23 1.23 1.23 1.22 1.23 1.24 1.26 1.28 1.33 1.43 1.53 1.58 1.61 1.68 1.75 1.69 1.48 1.27 1.23 1.36 1.69 2.08 2.34 2.48 2.59 2.67 2.74 2.77 2.74 2.76 2.85 2.96 3.02 3.00 2.92 2.87 2.91 3.07
1.36 1.26 1.12 1.05 1.02 0.98 0.96 0.97 0.96 0.95 0.96 0.94 0.88 0.86 0.90 0.92 0.98 1.13 1.29 1.33 1.25 1.13 1.03 0.96 0.95 0.99 1.04 1.06 1.07 1.08 1.08 1.10 1.11 1.13 1.14 1.15 1.17 1.18 1.19 1.20 1.21 1.22 1.22 1.23 1.23 1.23 1.23 1.23 1.23 1.23 1.23 1.21 1.20 1.20 1.22 1.33 1.50 1.63 1.68 1.65 1.49 1.30 1.32 1.46 1.68 1.89 2.13 2.28 2.35 2.44 2.56 2.66 2.71 2.68 2.69 2.80 2.96 3.05 3.06 3.01 2.99 3.03 3.23 3.60
1.41 1.40 1.33 1.19 1.09 1.05 1.06 1.09 1.10 1.04 1.00 1.00 0.93 0.84 0.86 0.91 0.92 0.97 1.12 1.29 1.36 1.32 1.22 1.09 1.00 0.98 1.01 1.05 1.07 1.08 1.08 1.09 1.10 1.11 1.13 1.14 1.16 1.17 1.18 1.19 1.21 1.22 1.22 1.23 1.23 1.24 1.24 1.24 1.24 1.23 1.22 1.20 1.17 1.13 1.14 1.21 1.31 1.43 1.51 1.44 1.31 1.38 1.69 2.03 2.25 2.36 2.36 2.32 2.32 2.37 2.45 2.55 2.62 2.67 2.76 2.85 2.90 2.93 2.95 3.06 3.29 3.61 4.10 4.77
1.35 1.53 1.67 1.54 1.34 1.17 1.16 1.22 1.25 1.18 1.08 1.03 1.02 0.95 0.86 0.87 0.92 0.93 0.99 1.15 1.31 1.40 1.40 1.31 1.18 1.06 1.00 0.98 0.98 1.01 1.04 1.06 1.08 1.10 1.12 1.13 1.15 1.16 1.18 1.19 1.20 1.21 1.22 1.23 1.23 1.24 1.24 1.24 1.24 1.23 1.22 1.20 1.18 1.14 1.11 1.10 1.08 1.05 1.09 1.17 1.30 1.53 1.78 2.01 2.21 2.32 2.32 2.26 2.24 2.29 2.35 2.42 2.50 2.61 2.72 2.76 2.78 2.84 3.02 3.35 3.83 4.33 4.81 5.04
1.19 1.44 1.82 1.97 1.93 1.72 1.52 1.52 1.50 1.35 1.20 1.10 1.08 1.06 0.99 0.92 0.92 0.95 0.95 1.01 1.11 1.24 1.37 1.43 1.39 1.28 1.14 1.00 0.93 0.93 0.96 1.01 1.05 1.07 1.10 1.12 1.14 1.15 1.17 1.18 1.19 1.21 1.22 1.23 1.23 1.24 1.24 1.24 1.24 1.24 1.23 1.22 1.20 1.17 1.14 1.08 1.00 0.92 0.90 0.99 1.16 1.34 1.52 1.70 1.90 2.06 2.17 2.26 2.31 2.33 2.31 2.30 2.34 2.42 2.48 2.56 2.63 2.71 2.97 3.37 3.76 4.10 4.15 3.66
0.94 0.97 1.27 1.64 1.88 1.95 1.88 1.84 1.88 1.81 1.66 1.57 1.49 1.38 1.30 1.21 1.11 1.03 0.97 0.95 1.00 1.07 1.16 1.29 1.40 1.44 1.36 1.17 1.00 0.92 0.91 0.94 0.99 1.04 1.08 1.10 1.12 1.14 1.16 1.18 1.19 1.20 1.21 1.22 1.23 1.24 1.24 1.24 1.24 1.24 1.24 1.23 1.22 1.20 1.17 1.13 1.08 1.02 0.98 0.98 1.05 1.15 1.28 1.40 1.48 1.61 1.86 2.12 2.29 2.32 2.26 2.25 2.33 2.41 2.44 2.43 2.43 2.54 2.80 3.12 3.32 3.27 2.86 2.49
0.84 0.75 0.70 0.83 1.10 1.38 1.47 1.48 1.65 1.81 1.79 1.76 1.74 1.69 1.59 1.49 1.39 1.27 1.12 1.00 0.98 1.01 1.05 1.10 1.18 1.35 1.50 1.41 1.21 1.07 0.97 0.91 0.93 0.98 1.04 1.08 1.11 1.13 1.15 1.16 1.18 1.20 1.21 1.22 1.23 1.24 1.24 1.25 1.25 1.25 1.24 1.24 1.23 1.22 1.20 1.18 1.16 1.13 1.11 1.09 1.10 1.11 1.11 1.07 1.07 1.19 1.43 1.65 1.82 1.97 2.13 2.31 2.41 2.41 2.36 2.30 2.33 2.46 2.64 2.76 2.71 2.40 2.12 2.32
1.05 0.93 0.77 0.75 0.85 0.95 0.92 0.88 1.04 1.28 1.27 1.25 1.29 1.36 1.40 1.40 1.40 1.41 1.35 1.22 1.09 1.03 1.03 1.04 1.06 1.22 1.51 1.64 1.51 1.32 1.17 1.03 0.94 0.93 0.98 1.03 1.07 1.11 1.13 1.16 1.17 1.19 1.20 1.21 1.22 1.23 1.24 1.24 1.25 1.25 1.25 1.25 1.24 1.24 1.23 1.22 1.21 1.20 1.19 1.19 1.19 1.17 1.13 1.07 1.05 1.07 1.10 1.16 1.29 1.51 1.87 2.15 2.22 2.16 2.15 2.20 2.32 2.41 2.43 2.29 2.08 1.95 2.12 2.66
1.27 1.17 1.00 0.92 0.92 0.93 0.87 0.78 0.86 1.01 0.98 0.95 0.96 0.98 1.04 1.08 1.14 1.25 1.34 1.35 1.30 1.21 1.15 1.12 1.10 1.13 1.32 1.59 1.67 1.55 1.40 1.26 1.10 0.96 0.93 0.98 1.03 1.08 1.12 1.14 1.16 1.18 1.20 1.21 1.22 1.23 1.24 1.25 1.25 1.25 1.26 1.26 1.26 1.26 1.25 1.25 1.25 1.25 1.25 1.25 1.25 1.24 1.23 1.22 1.20 1.16 1.11 1.09 1.12 1.26 1.45 1.60 1.68 1.67 1.79 1.94 2.12 2.21 2.16 2.02 1.94 2.07 2.54 3.03
1.53 1.38 1.16 1.04 1.01 1.00 0.94 0.88 0.88 0.92 0.94 0.96 0.95 0.94 0.94 0.95 0.97 1.03 1.11 1.20 1.28 1.32 1.31 1.26 1.17 1.12 1.19 1.40 1.60 1.64 1.55 1.44 1.33 1.16 1.02 0.98 1.00 1.04 1.08 1.12 1.15 1.17 1.19 1.20 1.21 1.22 1.23 1.24 1.25 1.25 1.26 1.26 1.27 1.27 1.27 1.27 1.27 1.28 1.28 1.29 1.29 1.30 1.30 1.30 1.29 1.27 1.25 1.24 1.24 1.25 1.24 1.21 1.18 1.27 1.49 1.69 1.87 1.96 1.95 1.99 2.12 2.48 3.04 3.05
1.83 1.64 1.30 1.10 1.07 1.04 0.98 0.95 0.93 0.90 0.90 0.94 0.95 0.95 0.95 0.95 0.96 0.98 1.00 1.03 1.09 1.18 1.24 1.25 1.19 1.13 1.17 1.30 1.47 1.59 1.58 1.53 1.48 1.38 1.22 1.10 1.06 1.04 1.06 1.10 1.13 1.16 1.18 1.19 1.20 1.22 1.23 1.24 1.24 1.25 1.26 1.27 1.27 1.28 1.29 1.29 1.30 1.30 1.31 1.32 1.32 1.33 1.34 1.34 1.34 1.34 1.35 1.36 1.37 1.35 1.30 1.22 1.19 1.28 1.49 1.71 1.87 1.91 1.93 2.07 2.48 3.04 3.20 2.57
2.20 1.94 1.51 1.22 1.11 1.08 1.01 0.95 0.92 0.89 0.88 0.89 0.90 0.92 0.93 0.92 0.95 0.99 1.01 1.01 1.02 1.05 1.11 1.15 1.13 1.08 1.10 1.19 1.37 1.54 1.59 1.56 1.53 1.47 1.34 1.20 1.11 1.08 1.07 1.08 1.11 1.15 1.17 1.19 1.20 1.21 1.22 1.23 1.24 1.25 1.26 1.27 1.27 1.28 1.29 1.30 1.31 1.32 1.33 1.34 1.35 1.36 1.37 1.38 1.39 1.40 1.42 1.43 1.44 1.43 1.41 1.39 1.40 1.46 1.58 1.75 1.86 1.93 2.06 2.32 2.89 3.15 2.66 1.76
