windninja/windninja_output/Output_2025-08-09_1300-1350_Google earth_Fire_150m_10min/merlingen_7.5mi_point_08-09-2025_1320_150m_vel.asc
ncols	158
nrows	163
xllcorner	391686.332397
yllcorner	5160024.123721
cellsize	150.000000
NODATA_value	-32768.000000
[rows 111 to 147 of 163, columns 0 to 83 of 158]
2.90 3.13 3.51 3.70 3.73 3.69 3.65 3.73 3.82 3.84 4.06 4.21 3.79 3.69 4.18 4.20 3.03 1.93 2.67 4.21 5.47 5.45 3.71 2.64 2.60 2.89 3.45 4.31 6.20 8.03 7.72 6.21 5.50 6.40 7.83 7.03 5.41 4.45 3.39 2.30 2.03 2.32 2.36 1.90 1.62 1.45 1.19 1.01 0.85 0.54 0.34 0.71 1.27 1.87 2.21 2.32 2.54 2.98 3.21 2.96 2.81 3.13 3.47 3.45 3.30 3.26 3.04 2.52 2.20 2.15 2.21 2.41 2.69 2.74 2.63 2.47 2.29 2.17 1.99 1.69 1.40 1.23 1.09 0.95
2.94 3.17 3.51 3.72 3.78 3.70 3.69 3.78 3.86 3.81 4.06 4.60 4.25 3.75 4.24 4.41 2.98 1.60 2.21 3.93 5.65 6.34 4.65 2.56 2.53 3.16 3.13 3.29 4.49 6.92 8.32 7.43 6.13 6.91 8.24 7.48 5.85 4.43 2.92 2.29 2.10 2.22 2.50 2.33 1.79 1.45 1.17 1.02 0.95 0.75 0.37 0.31 0.89 1.59 2.08 2.23 2.40 2.87 3.29 3.20 2.93 3.04 3.37 3.49 3.48 3.54 3.55 3.22 2.63 2.22 2.13 2.27 2.55 2.73 2.76 2.68 2.51 2.36 2.31 2.14 1.74 1.42 1.21 1.04
3.19 3.30 3.47 3.69 3.81 3.71 3.61 3.70 3.86 3.84 4.05 4.79 4.71 3.97 4.34 4.61 3.02 1.32 1.78 3.32 5.19 6.80 6.12 3.37 2.78 3.71 3.59 3.44 3.56 4.78 7.22 8.33 7.81 8.06 8.75 7.53 5.69 4.19 2.85 2.29 1.98 2.17 2.81 2.84 1.96 1.25 1.01 0.91 0.90 0.87 0.63 0.17 0.50 1.29 1.92 2.16 2.27 2.66 3.23 3.39 3.18 3.12 3.38 3.52 3.43 3.56 3.77 3.74 3.43 2.88 2.54 2.53 2.64 2.79 2.94 2.92 2.72 2.50 2.47 2.49 2.28 1.80 1.37 1.13
3.23 3.40 3.58 3.70 3.87 3.85 3.67 3.59 3.60 3.72 4.02 4.70 4.75 4.24 4.70 4.99 3.26 1.05 1.09 2.40 4.14 6.35 7.06 5.13 4.18 4.41 4.29 3.93 3.81 3.88 5.13 7.70 9.16 9.55 9.06 7.10 5.40 4.32 3.14 2.26 1.99 2.44 3.12 3.09 2.05 1.14 0.91 0.85 0.81 0.84 0.80 0.54 0.10 0.91 1.71 2.11 2.19 2.44 3.00 3.40 3.34 3.20 3.43 3.71 3.54 3.49 3.77 3.93 3.88 3.59 3.21 3.01 2.90 2.81 2.96 3.16 3.01 2.68 2.47 2.53 2.60 2.31 1.81 1.49
2.95 3.35 3.78 3.84 3.89 3.93 3.89 3.70 3.51 3.63 4.06 4.46 4.29 4.25 5.20 5.66 3.72 0.99 0.56 1.44 2.98 4.93 6.59 6.75 5.91 4.99 4.49 4.38 4.81 4.04 3.92 6.43 9.44 10.70 9.44 7.10 5.30 4.22 3.30 2.44 2.26 2.88 3.31 3.11 2.30 1.41 0.98 0.79 0.69 0.69 0.76 0.74 0.41 0.46 1.39 2.00 2.17 2.30 2.72 3.25 3.37 3.27 3.41 3.74 3.73 3.52 3.68 3.92 4.00 3.88 3.65 3.48 3.34 2.99 2.78 3.06 3.28 3.03 2.62 2.49 2.67 2.60 2.23 1.94
2.58 3.16 3.78 3.92 3.91 3.85 3.88 3.90 3.91 4.01 4.36 4.12 3.52 3.82 5.40 6.36 4.29 1.10 0.28 0.75 2.16 3.57 4.95 6.46 6.89 6.02 4.78 4.74 5.65 4.51 3.44 5.26 8.59 11.00 10.15 7.36 5.25 3.85 3.39 2.99 2.81 3.24 3.28 3.07 2.61 1.64 0.87 0.55 0.50 0.48 0.60 0.76 0.69 0.31 0.99 1.81 2.15 2.24 2.51 3.01 3.25 3.28 3.43 3.70 3.78 3.61 3.66 3.89 4.06 4.07 3.96 3.92 3.97 3.78 3.11 2.84 3.12 3.30 2.96 2.53 2.57 2.61 2.30 2.13
2.34 2.95 3.65 3.90 3.94 3.80 3.62 3.78 4.25 4.68 4.85 3.87 2.77 3.14 5.35 6.95 4.93 1.39 0.10 0.38 1.48 2.66 3.61 4.98 6.39 6.79 5.77 5.41 6.44 5.04 3.52 4.28 6.73 10.08 10.41 7.54 5.09 3.55 3.50 3.68 3.44 3.35 3.16 3.10 2.85 1.85 0.89 0.49 0.42 0.38 0.40 0.68 0.83 0.60 0.67 1.59 2.14 2.26 2.42 2.79 3.04 3.16 3.45 3.76 3.84 3.70 3.73 3.91 4.07 4.16 4.16 4.18 4.36 4.55 4.25 3.46 3.03 3.25 3.32 2.97 2.75 2.69 2.38 2.16
2.23 2.71 3.49 3.91 3.95 3.77 3.46 3.58 4.19 4.82 5.29 4.12 2.40 2.61 4.81 7.20 6.25 2.35 0.68 0.79 1.05 1.94 2.84 3.68 4.72 5.90 5.84 5.93 6.76 6.19 4.72 4.31 5.51 8.84 9.86 8.41 6.18 4.09 3.99 4.18 3.72 3.43 3.24 3.20 3.01 2.25 1.27 0.70 0.46 0.33 0.23 0.59 0.89 0.83 0.61 1.31 2.06 2.32 2.44 2.69 2.88 2.93 3.22 3.70 3.94 3.92 3.92 4.07 4.18 4.21 4.18 4.19 4.36 4.76 5.05 4.68 3.79 3.42 3.48 3.39 3.24 3.01 2.58 2.24
2.17 2.51 3.31 3.96 3.93 3.62 3.51 3.68 4.16 4.50 5.19 4.73 2.56 2.38 4.04 6.64 7.34 4.14 1.40 1.18 1.35 1.71 2.46 3.29 4.02 4.58 4.80 5.18 6.15 6.52 6.27 5.71 6.56 8.52 8.99 8.70 7.59 5.53 4.89 4.74 4.27 3.91 3.68 3.53 3.25 2.67 1.75 1.04 0.60 0.29 0.03 0.49 0.88 0.96 0.74 1.05 1.89 2.32 2.47 2.68 2.83 2.79 2.92 3.30 3.64 3.87 3.94 4.10 4.33 4.35 4.15 4.04 4.17 4.53 5.11 5.43 4.99 4.22 3.82 3.60 3.44 3.25 2.82 2.42
2.04 2.35 3.17 4.09 4.07 3.52 3.66 3.97 4.30 4.16 4.63 5.10 3.13 2.23 3.42 5.89 7.71 6.01 2.56 1.45 1.60 1.86 2.45 3.31 4.05 4.46 4.66 4.91 5.64 6.55 7.23 7.09 7.38 8.12 8.24 8.18 7.57 6.60 5.38 4.73 4.90 4.84 4.56 4.20 3.73 3.14 2.35 1.53 0.85 0.43 0.22 0.42 0.85 1.05 0.92 0.94 1.70 2.25 2.44 2.66 2.86 2.79 2.85 3.00 2.98 3.16 3.20 3.22 3.78 4.27 4.22 3.98 3.91 4.09 4.65 5.41 5.75 5.33 4.63 4.11 3.69 3.42 3.01 2.61
1.84 2.20 3.02 4.01 4.36 3.98 4.19 4.62 4.67 3.92 4.12 5.45 3.85 1.98 2.86 5.27 7.74 7.17 4.00 1.98 1.70 2.10 2.66 3.43 4.30 4.71 4.80 5.16 6.51 7.83 7.96 7.79 7.82 7.70 8.08 7.88 7.01 6.84 5.19 4.00 4.50 5.08 5.42 4.86 4.19 3.60 2.90 2.03 1.16 0.75 0.50 0.49 0.82 1.13 1.09 0.97 1.64 2.23 2.42 2.64 2.84 2.77 2.82 2.99 2.92 3.01 2.88 2.26 2.42 3.43 3.95 3.94 3.79 3.70 3.96 4.70 5.62 6.08 5.80 5.12 4.43 3.90 3.33 2.86
1.58 2.07 2.80 3.44 4.14 4.49 4.96 5.59 5.57 4.20 4.02 5.84 4.51 1.82 2.09 4.11 7.28 7.99 5.14 2.92 2.11 2.39 2.89 3.55 4.55 4.88 5.00 5.86 7.86 8.94 8.05 7.86 8.01 7.29 7.88 7.86 6.66 6.78 5.36 3.59 3.50 4.39 5.78 5.67 4.63 3.95 3.25 2.20 1.39 1.04 0.81 0.64 0.83 1.18 1.19 1.03 1.58 2.25 2.47 2.72 2.84 2.77 2.86 3.05 3.20 3.59 3.57 2.58 1.87 2.15 3.00 3.49 3.64 3.55 3.46 3.78 4.64 5.73 6.36 6.29 5.66 4.81 3.90 3.36
1.39 1.92 2.57 2.76 3.28 4.05 4.76 5.76 6.52 5.55 4.89 6.49 5.07 1.77 1.63 3.12 5.93 8.20 6.92 4.53 3.42 3.03 3.14 3.78 4.64 5.02 5.22 6.62 9.42 9.76 7.65 7.40 7.71 6.94 7.55 7.82 6.39 6.50 6.12 3.80 2.86 3.47 5.23 6.36 5.59 4.46 3.50 2.28 1.49 1.21 1.06 0.87 0.94 1.27 1.25 1.06 1.39 2.14 2.37 2.62 2.86 2.93 3.05 3.16 3.31 3.85 4.21 3.73 2.55 1.78 2.04 2.70 3.08 3.24 3.17 3.11 3.51 4.50 5.66 6.49 6.72 6.22 5.10 4.14
1.45 1.93 2.46 2.42 2.72 3.54 4.16 5.04 6.45 6.39 6.50 7.30 4.82 1.91 1.71 2.70 4.43 7.00 8.13 6.78 5.16 4.25 3.77 4.08 4.63 4.96 5.55 8.17 11.39 9.80 6.53 6.73 7.40 6.81 7.18 7.71 6.35 5.94 6.21 4.38 2.85 2.72 3.90 6.14 6.71 5.41 3.98 2.62 1.58 1.35 1.31 1.19 1.18 1.39 1.41 1.30 1.51 2.23 2.51 2.41 2.70 3.17 3.29 3.32 3.49 3.85 4.22 4.42 3.91 2.53 1.90 2.18 2.41 2.48 2.63 2.60 2.66 3.24 4.28 5.32 6.27 6.87 6.44 5.16
1.53 2.03 2.45 2.34 2.54 3.26 3.83 4.45 5.77 6.23 7.13 8.29 5.82 2.53 2.13 2.67 3.44 4.82 6.95 8.15 7.97 6.36 5.02 4.71 5.25 5.92 7.92 11.81 11.68 7.84 5.09 6.07 7.30 6.67 6.67 7.57 6.54 5.56 5.90 4.86 3.17 2.37 2.77 5.05 6.95 6.47 4.77 3.01 1.78 1.47 1.44 1.40 1.42 1.57 1.64 1.65 1.98 2.71 3.18 2.82 2.77 3.26 3.46 3.51 3.77 4.04 4.15 4.42 4.62 4.00 2.87 2.48 2.40 2.11 1.99 1.99 1.94 2.11 2.76 3.58 4.35 5.74 6.76 6.34
1.46 2.00 2.49 2.28 2.40 3.03 3.63 4.18 4.99 5.61 6.76 8.81 7.96 4.15 3.23 3.01 2.90 3.51 4.91 6.98 8.51 8.82 6.99 6.13 7.81 9.88 11.02 11.31 8.62 5.30 4.26 5.45 7.15 6.55 6.29 7.31 6.78 5.52 5.29 4.83 3.57 2.41 2.27 3.84 6.40 7.05 5.58 3.57 2.21 1.72 1.61 1.51 1.56 1.74 1.82 1.81 2.07 2.81 3.51 3.43 3.20 3.38 3.52 3.60 3.89 4.18 4.26 4.36 4.65 4.72 4.32 3.69 3.07 2.44 1.98 1.68 1.47 1.46 1.70 2.27 2.92 4.03 5.64 6.51
1.34 1.92 2.51 2.23 2.22 2.78 3.53 4.18 4.44 4.86 5.83 8.04 8.99 7.26 5.57 3.79 2.68 3.20 4.35 5.72 7.66 9.41 9.10 8.15 9.05 10.25 9.55 7.34 5.55 4.32 3.84 4.83 6.69 6.58 6.32 7.01 6.85 5.84 4.88 4.53 3.84 2.72 2.32 2.96 5.31 7.07 6.10 3.98 2.62 2.01 1.83 1.72 1.70 1.86 1.93 1.89 2.00 2.64 3.38 3.52 3.45 3.53 3.59 3.68 3.97 4.23 4.34 4.41 4.56 4.71 4.90 4.76 4.06 3.21 2.54 1.98 1.45 1.26 1.37 1.58 2.11 3.01 4.08 5.27
1.29 1.86 2.52 2.26 2.07 2.50 3.34 4.10 4.21 4.21 4.66 6.28 8.28 9.06 8.29 5.27 3.48 3.91 5.25 8.17 9.58 9.50 9.36 8.51 8.59 8.71 7.43 5.77 4.54 3.91 3.90 4.60 5.84 6.20 6.49 7.03 6.94 6.06 4.83 4.42 3.99 3.26 2.80 2.75 4.18 6.55 6.46 4.25 2.93 2.37 2.02 1.91 1.95 2.08 2.11 2.07 2.11 2.59 3.28 3.51 3.56 3.66 3.73 3.88 4.11 4.32 4.41 4.48 4.59 4.67 4.94 5.30 4.99 4.03 3.21 2.61 1.83 1.38 1.33 1.30 1.42 2.02 2.94 3.90
1.27 1.82 2.53 2.31 2.03 2.42 3.10 3.79 3.96 3.80 3.82 4.58 6.10 7.96 9.09 8.63 6.19 5.92 8.81 11.57 10.10 7.98 8.22 8.52 8.92 9.02 7.60 5.55 4.27 4.00 4.24 4.40 4.68 5.06 6.06 7.41 7.49 6.12 4.98 4.65 4.29 3.84 3.44 3.21 3.63 5.36 6.14 4.69 3.46 2.90 2.38 2.15 2.14 2.24 2.24 2.20 2.27 2.71 3.33 3.59 3.66 3.77 3.89 4.05 4.25 4.43 4.48 4.53 4.62 4.74 4.99 5.47 5.69 5.08 4.04 3.34 2.54 1.70 1.45 1.42 1.28 1.20 1.56 2.50
1.26 1.82 2.62 2.46 2.10 2.60 3.26 3.64 3.71 3.52 3.43 3.55 4.15 5.39 7.24 9.21 9.74 10.48 11.96 10.98 7.63 6.31 6.85 8.22 9.66 9.83 7.73 5.38 4.64 4.49 4.42 4.08 3.73 3.89 4.74 6.78 8.13 7.07 5.45 5.01 4.74 4.34 4.12 3.89 3.76 4.06 4.90 4.49 3.93 3.34 2.71 2.47 2.35 2.33 2.28 2.20 2.31 2.83 3.44 3.72 3.73 3.79 3.99 4.16 4.34 4.52 4.58 4.57 4.62 4.78 5.06 5.46 5.85 5.84 5.23 4.38 3.38 2.25 1.75 1.63 1.43 1.23 1.00 1.06
1.28 1.77 2.64 2.73 2.37 2.78 3.41 3.82 3.95 3.63 3.31 3.21 3.42 4.29 5.64 7.77 11.55 13.77 12.12 8.16 6.49 6.14 6.25 7.18 9.66 10.46 7.23 5.56 5.30 4.74 4.44 4.11 3.64 3.27 3.68 5.19 7.40 8.07 6.71 5.65 5.35 4.91 4.67 4.46 3.89 3.18 2.96 3.45 3.91 3.54 2.85 2.67 2.58 2.46 2.35 2.22 2.26 2.77 3.43 3.78 3.82 3.79 3.88 4.16 4.36 4.53 4.67 4.62 4.60 4.74 5.09 5.51 5.76 6.02 5.95 5.49 4.45 2.95 2.22 2.03 1.71 1.36 1.07 0.85
1.33 1.72 2.42 2.84 2.85 2.92 3.16 3.79 4.53 4.22 3.39 3.11 3.30 4.04 5.54 7.52 12.41 15.05 11.43 7.68 6.81 6.37 6.25 6.73 8.87 10.51 8.37 6.14 5.75 4.90 4.34 4.03 3.52 3.12 3.42 4.29 5.77 7.47 7.50 6.90 6.42 5.54 5.03 4.79 3.80 2.27 1.50 2.18 3.33 3.45 2.90 2.77 2.70 2.58 2.47 2.37 2.40 2.83 3.46 3.81 3.96 4.02 3.84 4.06 4.38 4.48 4.66 4.64 4.54 4.64 5.01 5.43 5.69 6.07 6.21 6.03 5.45 3.84 2.78 2.71 2.25 1.47 1.05 0.90
1.43 1.76 2.23 2.72 3.26 3.16 2.81 3.23 4.53 5.13 4.12 3.30 3.47 4.51 5.90 8.51 13.46 14.84 12.09 8.73 7.37 6.76 6.61 6.79 7.63 9.29 9.35 7.46 6.18 5.21 4.43 3.95 3.40 3.45 3.76 4.17 5.00 6.09 6.77 7.56 7.58 6.21 5.40 5.09 3.79 2.08 1.31 1.55 2.63 3.14 2.90 2.75 2.71 2.65 2.61 2.58 2.63 3.02 3.63 3.99 4.24 4.38 4.13 4.15 4.48 4.55 4.67 4.65 4.40 4.47 4.86 5.21 5.44 5.94 6.51 6.59 6.14 4.50 3.13 3.11 2.89 1.85 1.00 0.86
1.56 1.90 2.21 2.64 3.40 3.34 2.84 2.88 3.59 5.00 5.18 4.01 4.25 5.57 7.89 12.27 14.57 13.81 11.72 9.94 8.12 6.71 6.45 6.27 5.83 6.83 9.02 9.19 7.34 5.77 4.81 4.24 3.85 3.96 4.09 4.09 4.52 4.96 5.85 7.50 8.09 6.87 5.85 5.23 3.79 2.77 2.03 1.73 2.36 3.02 3.04 2.84 2.74 2.70 2.67 2.70 2.82 3.20 3.67 4.02 4.39 4.54 4.41 4.40 4.64 4.78 4.82 4.83 4.49 4.19 4.46 4.92 5.15 5.45 6.37 7.19 7.01 5.31 3.47 3.15 3.15 2.44 1.37 0.83
1.60 2.09 2.42 2.69 3.34 3.45 3.15 3.10 3.17 4.12 5.13 4.83 4.88 7.14 12.34 15.07 13.88 12.12 10.92 10.36 9.10 6.55 5.77 5.41 4.72 5.06 7.21 9.43 9.09 6.94 5.30 4.67 4.48 4.34 4.25 4.15 3.96 4.10 5.59 7.57 7.88 7.07 6.27 4.93 3.86 3.45 2.83 2.33 2.56 3.10 3.25 3.10 2.90 2.78 2.71 2.70 2.90 3.34 3.70 3.99 4.37 4.54 4.54 4.59 4.79 5.03 5.05 5.17 5.10 4.32 3.87 4.27 4.73 4.98 5.83 7.18 7.71 6.68 4.36 3.41 3.15 2.60 1.93 1.25
1.32 2.12 2.77 2.78 3.27 3.46 3.38 3.37 3.38 3.92 4.60 5.02 5.10 8.55 14.99 14.95 11.87 11.11 10.30 10.11 9.35 7.00 5.58 5.24 4.73 4.68 5.87 8.34 9.75 8.50 6.12 5.07 4.97 4.62 4.48 4.41 3.85 3.68 5.68 7.79 7.29 6.73 6.28 4.49 3.84 3.75 3.29 2.73 2.73 3.07 3.24 3.20 3.05 2.91 2.80 2.76 2.95 3.47 3.82 4.11 4.41 4.56 4.67 4.73 4.90 5.21 5.27 5.47 5.90 5.25 3.97 3.55 3.86 4.15 4.93 6.53 7.78 7.70 6.24 4.37 3.29 2.63 2.19 1.77
0.90 1.79 2.88 3.07 3.43 3.56 3.34 3.36 3.66 4.14 4.54 5.17 5.56 10.14 15.80 14.12 11.35 10.55 9.47 9.43 9.17 7.46 6.07 5.62 4.93 4.68 5.33 7.39 9.41 9.13 6.99 5.76 5.49 5.11 4.87 4.53 3.89 3.54 5.62 7.88 6.88 5.87 5.42 4.35 3.87 3.86 3.52 2.98 2.91 3.13 3.22 3.21 3.13 3.00 2.87 2.81 3.03 3.58 3.84 4.10 4.43 4.61 4.79 4.81 4.94 5.32 5.50 5.71 6.34 6.36 4.97 3.70 3.39 3.27 3.31 4.78 6.84 7.77 7.57 6.50 4.42 2.89 2.38 2.12
0.91 1.48 2.41 3.19 3.86 3.80 3.31 3.20 3.61 4.26 4.97 5.75 7.21 13.30 16.25 13.37 10.86 9.58 8.42 8.92 9.24 7.92 6.72 6.08 5.22 4.90 5.36 6.97 8.49 8.36 7.54 7.03 6.37 5.70 5.37 4.53 3.67 3.65 5.42 7.62 6.57 4.69 4.32 4.07 3.89 4.05 3.84 3.32 3.17 3.28 3.32 3.31 3.22 3.11 2.96 2.87 3.13 3.58 3.83 4.05 4.31 4.59 4.87 4.90 5.03 5.39 5.72 6.06 6.54 6.95 6.35 4.74 3.75 3.29 2.83 3.02 4.96 6.60 7.30 7.61 6.49 3.88 2.92 2.37
1.38 1.57 1.89 2.80 3.95 4.19 3.70 3.47 3.69 4.26 5.33 7.04 11.46 16.33 15.53 11.52 9.86 9.00 8.29 8.97 9.54 8.50 7.25 6.33 5.60 5.42 5.79 6.61 7.31 6.86 6.61 7.73 7.68 6.28 5.90 4.78 3.68 4.14 5.42 6.73 5.58 3.93 3.77 3.68 3.73 4.07 4.03 3.63 3.46 3.44 3.43 3.45 3.39 3.33 3.21 3.06 3.23 3.55 3.81 4.05 4.22 4.51 4.76 4.86 5.21 5.67 5.99 6.44 6.81 7.11 7.20 6.28 4.58 3.51 2.98 2.72 3.44 5.04 5.92 7.01 7.25 5.62 4.08 2.93
1.70 1.83 2.03 2.51 3.19 4.01 4.46 4.25 4.10 4.99 6.05 9.03 15.73 16.77 11.97 9.32 9.14 8.61 7.88 9.01 10.11 9.16 7.69 6.66 6.07 6.07 6.22 6.30 6.45 5.85 5.52 7.25 8.14 7.41 6.88 5.43 4.07 4.34 4.76 4.92 4.26 3.77 3.74 3.53 3.57 3.92 3.99 3.80 3.69 3.64 3.58 3.50 3.35 3.38 3.47 3.36 3.33 3.53 3.84 4.06 4.20 4.47 4.53 4.56 5.19 6.04 6.49 6.84 7.11 7.37 7.62 7.33 5.81 4.03 3.22 2.64 2.69 3.94 4.82 5.75 6.69 6.15 4.72 3.59
1.52 2.19 2.74 2.52 2.43 3.06 4.44 4.77 4.98 6.68 8.06 13.09 17.34 13.49 8.74 8.31 8.44 8.32 7.67 8.54 10.01 9.84 8.52 7.38 6.71 6.58 6.47 6.09 5.91 5.51 5.36 6.35 7.35 8.06 8.06 6.24 4.36 3.95 3.45 3.00 3.36 3.70 3.78 3.59 3.57 3.80 3.92 3.91 3.88 3.84 3.83 3.75 3.36 3.11 3.41 3.47 3.41 3.57 3.89 4.11 4.27 4.47 4.35 4.15 4.71 5.85 6.74 7.24 7.56 7.97 8.09 8.07 7.29 5.31 3.61 2.33 2.19 3.44 4.44 5.02 5.96 5.97 4.65 3.45
1.04 2.37 3.50 2.81 2.50 2.96 3.76 4.47 5.82 7.69 10.62 16.61 16.86 9.62 7.61 7.92 8.13 8.77 8.67 8.55 8.98 9.33 9.12 8.66 7.80 7.00 6.40 5.69 5.50 5.54 5.61 6.00 6.58 7.77 8.62 7.10 4.63 3.44 2.64 2.38 3.14 3.83 3.97 3.87 3.81 3.88 3.95 4.03 4.09 4.09 4.11 4.30 4.07 3.25 3.02 3.05 3.21 3.56 3.80 4.10 4.38 4.43 4.20 3.83 3.99 4.85 5.86 6.67 7.43 8.27 8.60 8.59 8.58 7.22 4.03 2.11 2.13 3.54 4.80 5.39 5.64 5.63 4.78 3.32
0.64 2.14 3.81 3.59 3.07 3.31 3.85 4.49 5.97 7.40 12.48 16.85 13.59 8.59 7.79 7.87 8.35 9.57 9.65 8.24 7.77 8.24 8.90 9.34 8.71 7.66 6.73 5.92 5.59 5.87 6.10 6.45 6.39 6.79 8.39 7.62 4.87 3.23 2.69 2.74 3.26 3.91 4.17 4.16 4.11 4.10 4.13 4.19 4.26 4.32 4.42 4.90 5.07 4.21 3.11 2.32 2.69 3.41 3.61 3.92 4.29 4.35 4.12 3.74 3.70 4.19 4.70 5.21 6.00 7.30 8.34 8.75 9.23 8.45 5.25 2.64 2.64 3.77 5.46 6.02 5.10 5.07 5.00 3.42
0.83 1.85 3.43 4.18 3.89 3.88 4.39 5.11 6.19 6.80 11.46 17.19 13.70 8.90 8.18 7.89 8.69 10.18 9.58 7.35 7.23 7.88 8.58 9.23 8.77 7.65 6.90 6.81 6.44 6.20 6.45 6.80 6.09 5.86 7.63 7.05 4.63 3.31 2.96 3.12 3.44 3.90 4.20 4.31 4.29 4.29 4.34 4.40 4.46 4.62 4.92 5.42 5.77 5.29 3.61 1.99 2.19 3.05 3.51 3.81 4.02 4.15 4.17 3.91 3.78 4.30 4.79 4.84 4.97 5.54 6.79 8.30 9.55 9.18 6.53 3.91 3.14 3.79 5.87 6.50 5.03 4.96 4.96 3.31
1.71 2.12 2.80 3.74 4.45 4.90 5.44 6.00 6.74 6.85 9.69 17.20 16.10 9.46 8.01 7.74 8.86 10.08 8.48 7.15 7.52 8.01 8.55 8.73 8.15 7.41 6.99 7.25 7.05 6.46 6.56 6.64 5.53 5.15 6.22 5.70 4.25 3.32 3.11 3.34 3.67 4.01 4.29 4.45 4.46 4.46 4.51 4.55 4.67 5.04 5.57 6.02 6.39 5.94 4.14 2.37 2.05 2.52 3.40 3.93 3.74 3.74 4.11 4.15 4.01 4.60 5.20 4.96 4.82 5.03 5.32 6.85 9.31 9.55 7.24 4.96 3.71 3.67 5.71 6.75 5.75 5.38 4.74 3.15
3.08 2.93 2.74 2.89 3.94 5.32 6.38 7.28 7.85 7.31 10.34 17.05 15.53 9.08 7.46 7.61 8.73 9.37 8.11 7.63 7.97 8.13 8.48 8.22 7.74 7.74 7.51 7.34 7.10 6.39 6.52 6.72 5.26 4.16 4.32 4.66 3.98 3.37 3.17 3.37 3.78 4.14 4.43 4.65 4.69 4.63 4.67 4.71 4.94 5.47 6.06 6.70 7.11 6.35 4.81 3.34 2.39 2.41 3.40 4.02 3.57 3.31 3.74 4.09 4.28 4.92 5.48 5.22 5.06 5.27 5.27 5.86 8.17 9.40 7.71 5.73 4.70 4.10 4.73 6.24 6.52 5.70 4.50 3.68
4.68 3.85 2.92 2.84 3.46 4.64 6.03 8.26 9.36 9.73 14.21 16.68 12.30 7.74 6.90 7.35 8.58 8.65 7.87 8.07 8.50 8.46 8.34 8.11 7.93 8.18 7.81 7.36 7.19 6.12 5.73 6.65 5.57 3.52 3.47 4.21 4.01 3.52 3.33 3.46 3.85 4.22 4.50 4.81 4.99 4.88 4.82 4.99 5.46 5.89 6.41 7.40 7.91 6.85 5.48 4.28 3.11 2.93 3.39 3.85 3.45 3.08 3.37 3.73 4.18 4.86 5.40 5.42 5.39 5.60 5.73 5.95 7.28 8.68 7.72 6.27 5.96 5.30 4.27 5.18 6.52 5.97 5.27 4.38
