windninja/windninja_output/Output_2025-10-23_2300-2350_Google earth_Fire_150m_10min/merlingen_7.5mi_point_10-23-2025_2340_150m_ang.asc
ncols	158
nrows	163
xllcorner	391686.332397
yllcorner	5160024.123721
cellsize	150.000000
NODATA_value	-32768.000000
[rows 42 to 83 of 163, columns 0 to 94 of 158]
204 205 205 205 206 206 205 205 206 205 204 204 204 204 203 203 202 202 201 200 199 198 197 197 195 194 192 189 186 186 188 190 190 192 193 195 198 196 192 192 192 194 195 192 188 187 189 192 192 190 189 187 184 183 187 193 196 198 203 209 209 203 199 200 199 193 187 186 186 189 194 193 187 181 175 176 181 184 185 190 194 194 193 191 187 188 192 195 193 189 187 192 201 205 200
202 202 203 204 204 205 205 205 205 205 204 204 204 203 203 203 203 202 201 201 200 198 197 197 196 194 192 190 187 186 188 190 191 189 188 188 188 187 187 188 192 195 194 190 189 192 196 198 197 192 189 188 189 189 192 197 202 205 208 210 207 198 193 193 193 189 183 183 187 191 192 190 187 182 178 181 186 188 189 190 192 191 188 184 184 192 200 202 199 194 191 192 196 201 200
200 201 201 202 203 203 204 204 204 204 204 204 204 203 203 203 202 202 201 200 200 198 197 197 196 195 193 191 189 188 189 190 189 187 184 181 180 182 186 190 194 195 192 191 193 199 202 199 194 188 186 190 193 194 198 202 206 208 207 204 200 195 190 186 182 181 181 182 187 191 190 191 190 187 186 190 192 194 194 193 190 185 181 182 190 201 204 205 204 200 196 193 194 200 204
199 199 199 200 201 202 203 203 203 204 203 203 203 203 203 202 202 201 201 200 199 198 197 197 196 194 193 192 191 190 189 189 187 185 183 178 177 180 186 189 190 192 192 194 197 200 200 194 187 184 188 195 199 201 205 208 209 207 202 196 193 190 186 180 176 176 180 184 187 190 192 194 196 196 197 199 198 197 196 192 185 180 180 189 202 206 204 204 205 204 201 194 193 200 207
197 197 197 199 200 201 202 202 202 202 202 202 202 202 202 201 201 201 200 200 199 198 197 197 195 194 194 193 192 190 189 188 186 184 181 179 178 179 182 184 186 189 194 197 199 199 195 188 184 187 194 201 206 210 211 211 210 203 193 187 186 184 180 176 175 177 182 187 190 190 193 196 200 202 204 204 201 197 193 188 184 183 190 201 206 205 202 200 203 205 202 195 195 203 208
196 195 195 197 200 201 200 200 200 201 201 201 201 201 201 201 200 200 200 199 199 198 197 196 196 195 194 193 192 190 189 188 186 184 181 180 179 178 178 181 183 186 193 198 198 195 188 185 188 193 199 205 210 211 210 207 202 195 186 180 179 179 177 175 177 180 185 190 192 192 193 197 202 206 208 208 204 198 192 190 190 194 199 203 203 201 199 198 200 202 200 198 200 204 208
194 194 194 195 199 202 200 197 198 199 200 200 200 200 200 200 200 200 199 199 198 198 197 196 196 195 193 193 192 191 189 188 186 184 181 179 179 178 177 178 180 183 190 195 194 189 185 187 192 197 204 211 213 212 208 202 194 186 180 178 177 178 179 179 179 182 187 190 192 194 196 199 203 207 210 210 206 200 196 196 197 198 197 197 197 196 196 196 196 195 198 203 205 207 208
194 193 193 195 198 201 199 196 195 196 198 198 198 199 199 199 199 199 199 198 198 197 196 195 195 194 193 192 191 190 189 188 186 185 182 180 178 178 177 177 178 182 186 188 187 186 186 190 196 202 208 211 209 206 201 194 187 179 176 178 180 181 184 184 181 182 186 190 193 195 197 200 204 208 210 208 203 199 197 197 197 197 195 194 193 193 193 191 190 192 199 207 210 210 211
194 192 191 193 196 198 198 196 192 193 195 196 197 197 198 198 198 197 197 197 196 196 195 195 194 194 193 192 191 190 189 188 186 185 183 180 178 177 177 177 179 181 181 181 182 184 188 195 204 210 212 209 203 197 193 187 180 177 178 182 185 188 189 186 181 182 186 190 194 196 199 202 206 208 207 204 200 197 197 198 197 196 195 193 192 190 188 187 189 194 201 208 213 215 217
196 192 188 189 193 195 196 197 193 190 191 194 195 195 196 197 197 196 196 196 195 195 194 194 193 193 192 191 191 190 189 188 187 185 183 181 178 176 177 178 179 179 177 177 179 183 190 201 212 214 208 201 197 191 186 180 176 179 185 189 192 193 191 184 180 183 187 191 194 198 201 204 206 206 204 201 198 196 196 197 197 198 198 195 191 188 186 187 192 198 203 210 216 220 220
198 192 185 186 190 192 194 197 194 189 189 191 193 194 195 195 195 195 195 195 194 194 194 193 193 192 192 191 190 189 188 187 186 185 183 181 179 177 176 176 177 177 175 174 177 184 192 202 207 201 194 191 191 188 181 176 177 185 192 196 196 193 188 183 180 183 187 192 196 198 200 202 202 202 201 200 198 196 194 195 198 201 201 197 192 189 188 191 195 200 205 211 215 217 214
198 192 182 182 187 188 190 195 195 191 188 189 191 192 193 193 194 194 194 194 193 193 193 192 192 191 191 190 190 189 188 187 186 185 183 182 180 178 176 175 175 175 173 172 175 184 191 195 194 190 188 188 188 185 180 176 180 190 197 199 196 191 186 182 181 183 187 192 196 197 197 198 200 201 201 200 198 197 195 194 197 200 200 199 196 193 191 192 197 203 207 209 208 208 201
194 191 183 179 184 186 187 192 197 194 189 187 188 190 191 192 192 192 192 192 192 192 191 191 191 190 190 189 189 188 187 186 186 185 183 182 181 179 177 174 172 172 173 173 175 181 187 187 184 184 187 189 186 184 181 179 184 193 197 197 193 188 183 181 181 183 187 191 194 195 195 198 201 202 201 200 199 197 195 193 193 194 196 197 198 198 196 195 199 203 205 204 201 198 189
188 188 186 180 181 184 185 189 196 196 191 187 186 187 188 190 190 190 191 191 191 191 190 190 190 189 189 188 188 187 187 186 185 184 183 182 181 180 178 175 172 171 173 175 174 175 178 178 178 181 186 187 185 183 181 182 188 194 195 192 188 184 182 182 182 184 188 190 192 195 199 204 204 201 199 198 198 195 193 190 188 189 192 195 197 199 200 200 202 203 204 200 194 188 182
184 186 187 185 182 183 182 183 191 196 193 188 185 184 185 187 188 189 189 189 190 190 189 189 188 188 188 187 187 186 186 185 185 184 183 182 181 180 178 177 174 173 173 174 173 171 170 171 173 178 183 184 184 182 181 185 190 193 191 187 183 181 183 185 186 186 189 191 194 201 206 205 200 197 197 196 195 192 190 188 187 188 191 193 195 198 201 203 205 206 205 197 184 176 178
183 183 185 186 185 184 182 179 184 189 191 189 187 184 183 184 186 186 187 187 187 188 188 187 187 187 187 186 186 186 185 185 184 183 182 182 181 180 179 177 176 175 174 172 171 169 166 165 168 173 178 182 182 181 181 185 189 189 186 182 180 180 184 189 190 189 190 193 198 204 203 198 196 195 194 193 191 189 187 188 188 190 192 194 198 202 205 207 205 203 197 184 171 170 176
182 182 182 184 185 185 184 180 178 181 186 188 190 189 184 180 182 184 185 185 185 186 186 186 186 186 185 185 185 185 184 184 183 183 182 181 180 180 179 178 177 176 174 172 171 169 165 162 162 166 172 178 179 179 181 184 186 185 181 178 179 182 186 191 193 192 191 193 198 199 196 194 194 193 191 190 187 186 186 188 190 192 195 198 202 206 208 207 202 193 182 173 169 170 181
181 181 182 182 183 184 184 182 178 178 181 185 189 191 187 181 179 180 182 183 184 184 184 184 184 185 184 184 184 183 183 183 182 182 181 181 180 179 179 178 177 176 175 173 172 170 168 164 161 161 165 171 174 175 179 184 184 181 177 176 178 182 188 193 195 194 191 193 196 195 193 192 192 190 188 187 185 184 187 190 192 195 198 200 203 206 206 201 192 179 170 169 171 176 196
180 180 181 182 182 182 182 182 180 178 178 178 182 187 189 186 180 177 178 179 181 182 182 183 183 183 183 183 183 182 182 182 181 181 180 180 179 179 178 177 177 176 175 174 173 171 169 167 164 160 160 162 167 171 178 183 183 177 174 175 178 182 188 194 196 195 193 194 196 194 192 190 188 187 186 185 184 186 190 193 195 197 200 202 203 203 200 193 180 170 167 171 177 190 210
179 180 181 181 181 181 181 180 179 178 176 174 175 181 187 188 185 180 176 176 178 179 181 182 182 182 182 181 181 181 181 181 180 180 180 179 179 178 178 177 176 176 175 174 173 172 170 168 166 162 159 158 160 165 175 181 179 174 172 174 178 182 187 193 196 196 196 197 194 191 189 188 185 184 184 183 185 190 193 195 197 199 203 205 203 199 191 182 172 166 168 177 189 205 218
181 181 180 179 179 180 179 178 178 177 175 172 172 175 181 187 187 184 179 176 175 176 178 180 181 181 180 180 180 180 180 179 179 179 179 178 178 178 177 177 176 175 175 174 173 172 170 169 167 164 161 160 158 160 171 178 175 172 172 174 177 180 183 189 194 197 199 197 191 187 187 185 183 182 182 184 188 192 194 196 199 201 205 206 202 195 182 171 167 167 174 189 207 216 222
186 183 179 177 175 176 177 177 178 177 175 172 170 171 174 181 185 186 184 179 175 174 176 177 178 179 179 178 178 178 178 178 178 178 178 177 177 177 176 176 176 175 174 174 173 172 170 169 167 165 163 160 158 160 167 173 173 171 170 172 175 177 182 191 198 201 200 193 187 185 185 184 182 181 182 186 190 192 194 197 200 202 204 203 197 187 174 165 164 171 189 205 216 223 228
192 186 178 174 172 172 173 175 176 176 176 172 169 169 171 174 179 184 185 183 179 176 174 174 176 177 177 177 177 177 177 177 177 177 177 176 176 176 176 175 175 174 174 173 172 171 170 169 168 166 164 160 158 158 162 168 171 170 169 169 171 179 191 203 205 200 191 184 182 183 183 182 181 180 182 186 188 189 192 196 200 201 200 197 190 178 169 166 168 183 202 213 222 230 234
194 187 178 173 171 171 171 172 173 173 173 171 168 168 169 170 173 178 183 185 183 179 176 173 173 174 175 176 176 175 175 175 176 175 175 175 175 175 175 175 174 174 173 173 172 171 170 169 168 167 164 161 157 156 158 161 165 169 169 168 172 189 202 200 193 186 180 178 180 180 181 181 180 181 183 184 185 188 191 197 201 200 196 192 183 172 167 170 181 197 209 220 228 234 239
188 185 179 175 171 169 170 173 174 172 170 170 169 166 166 169 170 172 178 182 183 182 180 176 173 172 173 174 174 174 174 174 174 174 174 174 174 174 174 174 173 173 173 172 172 171 170 169 168 167 165 163 159 156 155 154 156 162 167 170 178 188 188 185 183 181 179 178 179 179 179 179 180 181 182 181 183 187 192 197 198 194 188 182 176 173 172 179 197 208 216 225 232 238 245
174 177 180 179 174 169 169 173 175 173 169 169 170 168 165 167 168 169 171 175 180 182 182 180 176 173 172 172 172 172 172 173 173 173 173 173 173 173 173 173 173 172 172 172 171 171 170 169 168 167 166 164 162 159 156 151 148 151 160 170 177 178 175 176 179 180 180 180 179 177 177 178 178 179 180 181 183 186 190 191 188 184 178 173 173 176 181 195 208 216 222 229 237 241 245
155 165 175 179 178 174 173 177 179 174 170 169 169 169 169 167 167 167 168 170 175 178 180 181 180 179 177 173 169 168 169 170 171 171 171 171 172 172 172 172 172 172 171 171 171 170 170 169 168 167 166 165 163 161 159 155 150 148 152 162 167 167 166 168 172 177 181 181 179 177 177 177 177 177 179 181 182 185 186 183 179 175 171 172 177 182 192 205 214 222 228 236 242 243 241
142 147 161 170 175 177 178 179 180 177 174 174 174 173 173 172 170 169 168 169 171 173 175 177 180 184 183 176 170 167 166 166 168 169 169 170 170 170 171 171 171 171 171 170 170 170 169 169 168 167 167 166 164 163 161 159 157 155 155 157 159 158 157 158 163 171 176 177 177 177 179 178 175 176 179 181 182 183 181 178 175 173 176 184 183 186 197 209 220 227 233 238 240 238 236
141 140 140 147 158 170 176 175 175 175 176 178 179 179 178 177 176 174 172 170 169 170 171 172 178 184 184 179 173 169 166 164 164 166 167 168 169 169 169 170 170 170 170 170 169 169 169 168 168 167 167 166 165 164 163 162 161 160 159 159 158 155 151 149 151 157 164 168 171 176 179 177 173 175 179 183 183 181 177 174 175 179 188 189 182 186 202 217 226 232 235 235 233 229 226
149 147 141 138 141 148 156 159 160 165 173 177 179 180 180 179 178 178 176 174 171 170 169 170 174 177 179 179 177 173 170 166 163 163 164 166 167 168 168 169 169 169 169 169 169 169 168 168 168 167 167 166 165 165 164 164 163 162 162 162 161 158 155 153 150 149 149 153 159 167 171 171 172 177 181 183 182 178 176 177 181 189 191 182 179 191 209 222 232 237 236 232 227 219 215
157 154 150 147 145 145 146 145 145 150 162 168 170 172 173 174 174 174 175 176 175 172 170 170 171 171 173 177 179 177 173 171 167 163 162 163 165 166 167 167 168 168 168 168 168 168 168 167 167 167 166 166 166 165 165 164 164 164 163 163 162 161 160 159 157 154 151 149 149 151 154 159 168 177 181 181 179 177 179 184 189 189 182 175 181 200 215 227 237 238 232 229 225 218 207
165 161 155 151 149 147 146 144 142 146 156 161 164 165 166 167 167 167 169 172 173 173 172 171 171 170 170 173 177 177 176 174 171 166 163 162 163 164 165 166 166 167 167 167 167 167 167 167 167 166 166 166 165 165 165 165 164 164 164 164 163 163 162 162 160 159 158 156 152 149 145 145 155 170 175 175 176 177 181 188 189 181 171 172 189 210 223 232 236 232 224 220 220 214 188
175 169 158 151 147 144 143 143 143 146 151 156 159 162 163 163 163 163 164 166 167 169 170 170 170 169 169 171 174 176 176 174 172 169 167 165 164 163 164 164 165 166 166 166 166 166 166 166 166 166 165 165 165 165 165 165 165 164 164 164 164 163 163 163 162 162 161 160 158 155 152 149 151 159 166 168 171 177 183 185 181 171 166 176 204 223 232 234 232 227 217 208 202 187 176
191 182 164 150 140 135 134 137 140 143 147 150 154 156 158 160 160 161 163 163 163 164 166 167 168 168 167 168 170 173 174 173 172 171 169 167 165 163 163 163 164 165 165 165 165 165 165 165 165 165 165 165 165 165 165 165 165 165 164 164 164 164 164 164 163 163 162 161 160 160 159 157 157 157 159 161 166 175 181 178 169 164 168 194 221 232 234 232 229 226 215 198 182 173 173
207 198 175 152 131 123 123 127 131 136 141 146 150 152 154 156 157 158 160 161 162 162 163 164 166 167 165 164 165 169 172 172 172 171 169 166 164 162 162 163 163 164 164 165 165 165 164 164 164 164 164 164 164 164 164 164 164 164 164 164 164 164 164 164 164 163 163 162 162 162 161 161 160 158 156 156 160 170 175 169 160 162 183 221 242 244 239 236 233 225 208 185 168 166 175
223 218 199 154 119 112 112 116 122 130 137 143 147 149 151 153 154 155 157 159 160 160 161 162 166 168 164 160 160 164 170 172 172 171 168 165 163 162 161 161 162 163 164 164 164 164 163 163 163 163 163 163 163 163 164 164 164 164 164 164 164 164 164 164 164 164 164 163 163 163 163 162 162 160 158 155 157 162 166 161 157 172 216 242 250 249 245 234 221 202 184 172 166 168 181
240 239 227 172 108 103 105 111 121 130 138 143 146 148 149 151 151 153 155 157 158 158 158 160 166 168 164 160 159 161 166 170 171 170 168 167 166 164 162 160 161 163 163 163 163 163 162 162 162 162 162 162 162 162 163 163 163 164 164 164 164 164 164 164 164 164 164 164 164 163 163 163 163 162 160 158 157 158 159 157 162 195 226 233 226 221 217 205 188 179 173 169 168 174 188
245 244 234 191 130 115 117 121 126 134 141 145 147 148 149 150 150 151 153 155 155 156 156 159 163 165 163 162 161 162 164 165 168 169 168 167 168 167 164 161 160 161 161 162 162 161 161 160 160 159 160 160 161 161 162 163 163 163 163 164 164 164 164 164 164 164 164 164 164 164 164 163 163 163 162 160 159 157 156 156 172 201 210 207 206 205 198 185 174 169 168 170 173 180 191
239 233 206 175 153 150 147 143 141 144 147 148 148 149 149 149 150 151 152 152 153 153 154 157 160 161 160 161 162 162 162 162 165 168 168 168 168 169 167 165 163 161 159 159 159 159 158 158 156 156 157 158 159 160 161 162 162 163 163 163 163 164 164 164 164 164 164 164 164 164 164 164 164 164 163 162 161 159 157 158 175 191 194 195 198 196 184 170 166 166 168 173 178 185 196
241 231 186 157 152 159 168 164 159 157 156 154 151 150 148 148 149 149 149 150 150 151 152 155 158 158 156 158 161 161 160 160 161 165 168 170 170 169 168 168 167 165 162 159 157 154 153 152 149 147 150 153 157 159 160 161 162 162 162 163 163 163 163 164 164 164 164 164 164 164 164 164 164 164 164 163 162 162 160 162 171 182 189 193 195 186 169 162 163 167 171 176 183 191 200
245 226 160 149 152 169 181 178 173 169 165 160 154 151 149 148 147 146 146 146 147 148 149 153 157 156 153 155 158 159 159 157 157 159 163 168 170 169 167 168 170 170 168 165 163 160 158 157 154 151 150 151 154 157 159 161 161 161 162 162 162 163 163 163 163 164 164 164 164 164 164 164 164 164 164 164 163 163 162 163 168 177 188 193 187 170 161 159 162 168 173 180 188 196 202
186 174 161 159 164 174 181 183 181 177 171 162 155 150 147 146 146 143 142 143 143 144 146 149 153 154 153 155 157 158 158 157 157 157 157 160 163 165 166 167 169 169 168 167 166 165 164 163 162 162 162 160 157 157 159 160 161 161 161 161 162 162 162 163 163 163 163 164 164 164 164 164 164 164 164 164 164 163 163 164 167 175 184 186 174 160 155 157 161 167 174 183 192 200 207
