windninja/windninja_output/Output_2025-10-23_2300-2350_Google earth_Fire_150m_10min/merlingen_7.5mi_point_10-23-2025_2300_150m_ang.asc
ncols	158
nrows	163
xllcorner	391686.332397
yllcorner	5160024.123721
cellsize	150.000000
NODATA_value	-32768.000000
[rows 0 to 41 of 163, columns 0 to 93 of 158]
16 14 10 8 7 8 8 7 7 7 7 7 8 10 12 13 13 11 9 8 5 3 4 7 8 8 7 6 5 6 7 7 7 5 4 4 4 1 358 355 352 348 342 334 324 312 302 291 263 233 221 215 212 211 212 213 213 213 213 211 208 208 208 207 204 204 205 208 210 209 208 208 209 208 207 208 210 214 214 212 211 211 213 217 219 218 214 215 217 215 215 216 215 214
11 9 6 5 5 7 9 8 7 7 6 6 7 10 12 14 12 9 7 6 4 2 3 7 10 10 9 7 7 8 9 9 9 8 6 6 6 3 360 357 354 350 344 335 321 304 283 268 251 234 224 218 216 215 215 213 212 210 210 210 208 208 207 205 203 204 206 208 210 208 207 208 208 206 206 208 210 212 211 209 210 212 213 216 218 216 213 214 217 217 216 217 216 216
0 359 359 360 2 4 7 7 6 4 3 4 6 8 12 13 11 8 7 7 6 2 1 6 12 13 12 10 10 11 12 12 12 11 9 8 8 6 3 1 357 353 346 335 314 282 252 233 225 220 215 213 214 215 213 209 207 206 207 207 205 204 203 203 202 203 206 208 209 207 206 206 206 205 206 207 208 210 210 208 208 211 213 214 215 212 208 210 214 215 216 215 214 213
347 351 355 357 359 1 3 3 2 1 2 3 5 7 10 11 10 9 10 10 9 6 2 5 11 14 14 13 13 14 15 15 15 13 12 11 10 10 8 4 1 357 351 338 306 256 226 215 211 206 203 204 206 207 206 204 204 204 205 204 203 201 202 203 202 202 204 207 209 207 206 206 206 206 207 207 206 209 210 208 205 209 212 211 212 211 204 204 207 208 209 210 208 207
336 342 350 355 357 358 357 357 358 1 4 4 5 6 8 10 12 12 13 14 13 9 5 3 7 12 14 14 14 15 16 17 17 16 15 15 15 14 12 8 6 4 359 348 284 221 207 204 203 202 202 202 203 204 204 204 203 203 202 202 202 201 201 202 202 201 203 206 208 207 206 207 207 206 207 208 208 210 211 209 206 208 211 209 211 211 204 199 199 201 203 205 203 200
329 333 343 351 354 354 354 354 357 2 5 4 3 5 7 10 14 16 17 17 17 13 7 3 5 10 13 15 16 16 17 18 19 19 19 19 17 16 14 13 12 12 12 14 210 200 199 198 199 200 201 202 202 203 203 203 202 200 200 200 200 200 200 201 201 200 202 205 207 206 206 208 206 204 204 207 208 208 209 211 211 210 210 209 210 212 207 199 196 196 197 199 198 195
328 329 335 343 349 351 353 355 358 2 3 3 2 4 8 11 15 18 18 18 18 16 10 3 3 9 13 16 17 18 19 20 21 22 22 22 20 19 19 20 20 22 29 42 127 183 191 193 195 196 199 201 201 201 201 201 200 199 198 197 196 196 198 199 200 200 200 203 205 203 203 205 204 201 201 203 206 207 206 209 211 208 206 208 210 213 211 205 197 192 191 194 196 196
328 329 332 336 342 347 352 356 359 0 0 0 0 3 8 12 14 17 18 18 18 18 14 8 4 7 13 16 18 20 22 23 24 26 26 26 26 26 27 28 30 34 42 57 117 168 182 189 191 194 196 198 198 199 200 199 197 196 195 193 192 193 195 198 199 200 199 201 202 201 200 202 203 202 201 203 206 208 207 208 210 207 204 205 207 209 209 206 201 193 189 193 197 199
327 329 332 335 338 343 349 356 358 358 358 358 358 1 8 12 14 15 18 19 19 20 18 13 7 6 10 16 19 22 25 26 27 29 31 32 33 34 34 36 40 44 53 74 125 162 177 185 188 190 193 194 195 197 198 196 194 194 192 191 192 192 193 197 200 200 199 198 200 200 200 203 205 205 204 204 207 210 208 209 211 208 201 200 200 201 202 202 197 192 190 191 194 194
326 328 332 336 339 343 348 353 356 356 357 356 356 358 5 12 14 15 16 18 19 20 19 16 12 9 10 17 20 22 26 28 29 32 35 36 38 39 40 43 46 50 62 86 127 158 174 182 185 186 190 193 193 193 194 194 193 193 194 196 197 195 193 197 200 200 198 197 198 202 205 206 206 206 206 207 210 209 206 205 206 206 200 196 196 196 197 196 192 191 193 193 191 190
325 327 331 336 340 344 348 351 354 355 356 357 356 357 3 10 14 15 15 17 19 20 20 18 16 14 12 17 22 23 28 31 32 35 39 41 42 43 46 47 49 57 71 93 128 154 170 181 185 185 188 191 191 191 194 197 198 200 203 205 205 202 199 198 199 198 198 198 200 205 207 206 204 204 207 210 212 208 200 198 201 203 202 197 194 193 193 194 192 193 198 197 193 193
325 327 331 335 340 344 347 351 353 355 357 357 357 358 2 8 12 15 15 16 18 20 22 21 20 19 18 21 25 27 32 35 37 39 43 45 45 47 50 50 53 63 77 98 132 157 171 182 189 191 192 194 196 199 204 209 213 214 216 219 223 221 212 202 200 199 201 202 202 204 204 204 204 202 203 204 204 201 195 192 197 201 201 198 193 189 192 196 194 193 199 203 200 196
325 327 330 335 340 343 346 350 353 355 357 358 359 360 3 6 9 13 16 17 18 21 24 25 25 26 26 27 29 32 34 37 39 41 45 47 49 51 54 55 58 68 82 105 134 161 179 191 201 205 206 210 216 225 232 232 229 228 230 238 243 241 234 226 219 213 210 204 196 196 200 203 203 198 195 194 196 196 194 192 194 197 198 196 194 192 194 198 195 192 199 206 204 199
325 327 330 335 339 343 347 350 353 355 357 358 0 2 5 8 10 10 14 18 20 23 26 30 32 31 30 30 31 33 37 40 42 44 46 48 50 53 56 59 64 73 86 104 128 157 183 196 205 211 214 218 223 232 241 246 243 236 231 231 231 227 222 220 224 230 227 203 179 183 195 200 199 194 189 190 193 196 197 196 195 195 195 197 199 198 199 203 202 197 203 212 213 211
325 327 330 334 338 342 346 350 353 355 357 359 0 2 6 11 11 10 12 18 23 26 30 33 34 33 30 31 33 35 38 42 43 44 46 48 51 55 59 64 69 75 84 99 125 159 182 189 197 206 210 211 212 216 219 223 223 217 212 213 213 209 205 205 207 210 205 196 172 158 179 191 193 192 191 192 195 199 203 202 197 195 196 201 205 205 206 210 211 210 217 228 232 232
326 327 331 334 338 342 346 350 353 356 357 359 0 0 4 10 13 13 14 18 24 27 29 32 33 33 30 32 35 36 38 39 40 43 47 52 58 62 64 68 74 79 92 116 146 171 183 186 191 199 202 201 199 199 202 206 207 203 199 202 204 202 201 200 202 203 200 196 192 169 157 175 187 192 194 194 197 204 206 203 198 197 203 208 213 216 220 223 224 224 229 237 238 238
326 328 331 335 339 343 346 350 353 356 358 360 1 360 1 7 13 16 17 19 23 26 28 30 32 32 31 33 35 35 37 40 43 48 55 61 66 68 68 72 78 86 107 134 157 173 184 190 190 189 193 194 193 195 198 203 206 202 195 196 199 201 201 199 200 202 201 198 196 190 173 162 177 185 189 193 199 203 201 200 201 205 210 217 225 232 234 237 238 231 225 226 227 229
326 328 332 335 339 343 347 350 353 356 358 0 2 2 1 6 14 18 20 22 25 27 29 31 33 35 35 35 36 38 42 46 50 54 58 61 63 66 69 74 83 93 112 137 159 173 182 187 188 186 187 190 193 196 199 202 203 200 194 194 198 201 201 199 198 200 201 199 199 198 190 180 177 177 180 189 195 198 202 208 214 217 220 226 233 238 240 237 235 229 221 221 222 223
327 328 332 336 340 343 347 350 353 356 359 1 3 4 4 7 14 20 23 27 29 31 32 34 36 38 39 38 40 44 48 50 51 52 55 58 61 65 70 77 87 97 114 138 159 173 178 180 185 188 188 189 192 196 198 198 199 199 196 194 198 202 202 199 197 198 201 203 202 199 192 187 186 185 183 184 193 207 221 229 232 233 231 227 225 226 225 225 226 224 217 217 220 221
328 329 332 336 340 344 347 350 353 357 360 2 4 6 7 10 16 21 25 29 30 31 32 34 36 38 39 40 42 46 49 50 51 55 59 63 65 70 75 82 91 102 118 142 161 171 176 178 184 189 192 192 192 193 193 193 195 198 197 197 200 205 204 200 198 199 202 203 199 195 191 190 191 193 191 190 201 220 232 234 233 231 224 217 215 218 218 220 223 223 213 207 216 220
329 330 333 337 341 344 348 351 354 357 0 3 5 7 10 13 17 21 24 26 28 29 31 33 34 36 39 41 43 45 47 48 50 55 58 61 65 69 74 81 91 104 121 144 160 170 176 182 185 189 192 193 192 189 189 191 194 197 199 200 203 207 205 200 198 198 198 198 195 194 194 195 197 197 194 193 198 206 214 219 219 218 215 212 210 215 217 219 222 221 212 204 212 219
329 330 334 337 341 344 348 352 355 358 1 4 7 9 11 14 17 20 23 25 27 29 31 32 34 37 40 42 44 45 46 46 49 52 54 57 62 67 73 82 93 108 125 144 159 170 178 182 185 188 191 193 192 190 189 190 192 195 198 201 203 205 204 199 196 194 193 193 195 197 200 201 202 201 196 191 192 199 206 211 213 214 215 212 207 210 213 216 219 218 210 201 206 216
329 331 335 338 341 345 349 353 356 359 1 4 8 10 12 15 17 20 23 25 27 28 31 33 34 37 40 42 44 46 46 45 48 52 56 61 66 70 76 87 99 113 128 145 160 170 177 181 184 188 191 192 193 193 191 190 191 192 195 201 202 203 203 198 192 190 189 192 198 202 203 203 204 203 196 187 186 194 201 207 210 211 213 212 206 205 206 210 214 214 209 200 204 213
330 332 335 339 342 346 350 353 357 360 2 5 9 12 13 16 18 20 23 25 27 29 31 33 34 37 41 44 47 49 48 47 51 57 61 67 72 76 82 91 103 115 129 147 161 169 177 182 185 188 191 192 193 193 191 190 191 192 193 197 201 203 202 194 188 188 191 197 204 208 207 206 204 201 196 190 186 189 196 204 209 210 212 213 209 203 201 206 213 215 209 202 205 214
331 333 336 339 343 347 351 354 357 0 3 6 9 12 14 16 19 21 24 26 27 29 32 33 35 38 42 46 51 53 52 53 57 61 65 68 73 79 87 96 107 120 134 149 160 170 179 185 187 189 191 192 192 192 192 191 192 193 193 195 200 201 197 192 188 191 198 206 212 214 212 207 201 198 197 197 193 189 192 200 206 208 209 211 211 206 201 206 214 216 209 202 207 213
332 334 337 340 344 348 351 355 358 1 4 7 10 12 15 18 20 22 24 27 28 30 32 33 35 38 42 46 51 53 55 57 61 64 65 68 72 80 90 101 112 125 137 148 160 173 182 185 187 189 191 193 193 192 191 191 193 197 198 197 196 193 191 192 194 196 201 208 213 216 212 203 197 198 199 200 202 196 189 192 198 202 204 207 208 206 201 203 212 215 206 199 204 211
334 335 338 341 345 349 352 355 359 2 5 8 11 13 16 19 21 23 26 27 29 31 32 33 35 36 38 44 49 52 55 60 66 71 72 71 74 81 91 104 116 126 137 147 160 173 181 185 186 188 191 194 194 192 188 188 194 200 201 195 189 186 188 195 201 203 204 207 210 211 206 200 197 198 197 197 203 204 191 183 190 197 200 202 205 205 201 203 210 213 203 194 199 208
335 336 339 342 346 350 353 356 360 4 7 10 12 15 17 20 22 24 26 28 29 30 32 33 34 34 36 42 47 49 52 58 65 73 80 81 81 85 94 108 120 129 140 150 162 171 179 184 187 187 189 192 193 191 188 187 194 199 196 190 187 188 192 199 206 208 207 207 207 205 204 201 198 197 195 194 201 206 199 184 184 192 197 199 202 205 204 205 211 213 205 193 193 203
336 337 340 344 347 351 354 357 1 5 8 11 14 16 18 20 22 24 26 28 29 31 32 34 34 32 33 38 41 44 48 53 59 66 74 81 86 90 98 112 125 134 144 152 162 170 176 182 187 186 185 189 191 191 190 187 188 193 193 189 188 193 198 201 205 208 207 205 204 202 202 202 200 199 197 194 198 207 208 197 185 185 192 198 204 209 210 210 213 214 210 200 192 198
337 338 342 345 348 352 355 359 3 6 9 12 15 17 19 21 23 25 26 28 30 32 33 34 33 32 32 36 39 40 44 50 55 60 68 74 83 91 100 114 128 137 147 155 162 170 174 178 182 183 184 186 189 192 193 189 186 189 193 192 191 198 204 206 207 208 204 201 202 202 202 204 204 203 199 195 197 207 214 209 193 182 188 200 209 213 213 211 212 214 212 208 199 196
339 340 343 347 350 353 356 0 4 7 10 13 16 18 20 22 23 25 27 29 31 33 33 34 33 32 33 38 43 45 49 54 55 59 65 71 82 94 104 117 129 138 148 156 163 169 172 172 175 180 183 185 189 194 196 193 191 190 193 197 197 202 210 214 213 208 200 199 204 207 207 210 210 205 197 194 196 204 212 212 202 187 188 199 206 207 207 207 209 212 214 214 212 207
341 342 345 349 352 355 358 2 5 8 11 14 17 19 21 23 25 26 28 30 31 32 33 34 34 33 35 40 45 50 57 59 59 63 69 75 88 100 109 119 128 137 146 154 161 167 168 168 172 178 182 185 190 197 199 197 196 195 196 202 203 203 209 215 215 206 197 197 206 211 212 211 207 199 193 193 195 201 208 212 207 196 193 197 203 205 207 211 215 218 219 220 221 221
342 344 346 350 353 356 360 3 7 9 12 15 17 20 22 24 26 27 29 30 32 33 33 35 35 35 36 38 41 44 50 54 59 67 75 84 97 104 110 118 126 135 145 152 159 165 166 168 174 180 182 185 189 196 200 196 194 196 200 205 206 203 203 209 212 206 194 192 203 211 209 202 197 193 191 191 193 198 205 211 210 204 201 201 204 210 215 218 220 223 224 225 224 224
344 346 349 351 354 358 2 5 8 11 13 16 18 21 23 25 26 28 29 30 32 33 33 34 36 36 37 38 39 43 50 56 62 68 75 87 105 107 111 120 128 137 147 153 159 164 166 172 178 181 184 187 189 194 198 195 191 194 202 207 206 199 196 202 209 208 197 190 199 206 202 196 195 193 191 190 190 193 200 208 211 209 208 205 202 206 212 214 215 218 221 223 224 223
347 348 352 354 357 0 4 7 10 12 14 17 19 22 24 26 27 28 30 31 33 34 34 35 37 37 39 41 44 53 64 67 69 72 76 85 106 111 114 124 132 140 148 155 161 164 169 176 180 183 186 189 192 195 197 196 192 193 201 209 208 199 191 195 205 209 205 195 193 198 199 199 199 197 193 189 188 190 196 206 210 210 209 209 204 203 209 211 210 212 215 216 217 218
349 350 354 357 360 3 6 9 12 14 15 18 20 23 25 26 27 29 30 32 33 34 35 37 39 41 43 45 51 65 75 77 77 79 80 84 101 114 119 126 134 142 150 158 164 168 173 178 181 184 188 191 193 195 194 194 194 195 201 211 213 204 191 189 200 208 208 200 191 192 200 205 205 202 197 191 189 193 201 207 210 209 211 215 213 204 205 209 208 207 208 210 213 218
352 353 355 359 3 6 9 11 13 15 17 19 21 23 25 26 28 29 31 32 33 34 36 38 40 42 45 47 54 67 77 82 85 87 88 90 99 113 121 129 137 146 154 162 167 172 177 180 182 186 188 190 192 192 191 192 195 198 201 209 213 206 193 186 193 204 207 203 196 196 205 212 212 204 196 192 192 199 207 208 208 211 214 218 220 211 200 204 206 203 203 207 213 219
355 356 358 1 6 9 11 13 15 17 18 19 21 23 25 26 27 29 30 32 33 35 37 38 40 42 44 47 54 64 74 84 91 94 95 99 106 115 125 135 145 151 157 164 169 174 178 181 185 188 187 187 189 191 191 191 193 197 200 204 208 206 196 187 188 199 206 206 203 204 208 210 205 197 194 196 193 194 204 208 205 207 212 215 219 214 199 197 203 202 202 207 212 216
358 359 2 6 9 12 14 15 16 17 18 20 22 24 25 26 28 29 30 32 33 34 36 38 40 43 44 46 55 67 79 91 98 101 103 107 116 124 132 143 151 155 160 166 171 175 177 180 184 187 186 185 187 191 192 188 189 194 196 198 201 202 199 192 190 197 207 211 210 207 204 199 195 195 197 198 191 186 199 208 205 203 207 210 216 214 203 194 197 201 203 207 213 218
3 4 6 10 12 14 16 17 17 17 19 21 22 24 25 26 27 29 30 32 33 34 36 38 41 44 46 51 66 81 92 101 106 108 110 115 128 137 142 149 154 158 161 166 172 176 177 179 182 185 185 183 183 186 188 186 184 187 191 193 196 201 204 201 194 196 208 214 211 203 196 194 198 201 200 196 188 181 191 203 205 204 207 210 216 217 207 195 193 199 203 208 217 222
9 9 11 13 14 16 17 17 18 18 19 21 22 23 25 26 27 28 29 31 32 33 35 38 41 44 49 61 79 93 102 110 116 117 119 127 138 142 147 154 159 162 163 167 172 175 178 179 180 183 185 181 177 179 184 185 183 184 188 193 197 204 209 208 199 196 207 212 206 197 194 200 206 202 197 192 187 181 186 199 205 206 207 210 215 215 206 196 194 198 201 209 220 226
15 15 15 16 16 17 17 18 19 19 19 21 21 22 24 25 26 27 28 29 31 33 35 38 42 46 53 65 83 98 106 114 122 125 130 139 144 148 152 157 161 164 167 171 172 173 176 178 180 182 182 180 176 175 180 186 187 187 192 199 204 205 207 208 203 198 203 205 198 195 199 205 204 195 189 189 186 183 186 197 205 204 205 207 208 206 202 198 198 199 201 210 221 226
