windninja/windninja_output/Output_2025-10-23_2300-2350_Google earth_Fire_150m_10min/merlingen_7.5mi_point_10-23-2025_2300_150m_vel.asc
ncols	158
nrows	163
xllcorner	391686.332397
yllcorner	5160024.123721
cellsize	150.000000
NODATA_value	-32768.000000
[rows 114 to 151 of 163, columns 0 to 83 of 158]
2.59 2.32 1.86 1.60 1.52 1.42 1.30 1.26 1.25 1.27 1.43 1.74 1.96 1.95 1.80 1.76 1.95 2.31 2.60 2.64 2.74 2.92 2.98 2.48 2.33 2.61 2.68 2.46 2.36 2.48 2.52 2.66 3.10 3.83 4.20 3.65 3.14 3.08 3.00 2.82 2.65 3.15 3.96 4.18 3.77 3.42 3.47 3.46 3.29 3.18 3.10 3.05 3.11 3.19 3.23 3.23 3.19 3.18 3.22 3.29 3.29 3.26 3.26 3.27 3.21 3.22 3.32 3.40 3.40 3.27 3.02 2.76 2.52 2.39 2.43 2.48 2.39 2.25 2.18 2.23 2.27 2.11 1.82 1.60
2.76 2.56 2.25 2.00 1.86 1.77 1.65 1.47 1.32 1.35 1.72 2.14 2.22 2.16 2.07 2.21 2.50 2.63 2.54 2.41 2.60 3.08 3.75 4.02 3.80 3.53 3.39 3.22 3.23 3.13 3.03 3.20 3.56 3.93 4.22 4.07 3.75 3.48 3.17 3.03 3.40 4.35 4.86 4.60 4.20 4.12 4.02 3.71 3.46 3.39 3.33 3.26 3.21 3.19 3.23 3.22 3.16 3.12 3.17 3.27 3.34 3.34 3.33 3.36 3.36 3.33 3.36 3.42 3.42 3.36 3.24 3.03 2.72 2.38 2.26 2.43 2.55 2.42 2.22 2.18 2.27 2.27 2.15 2.00
2.89 2.72 2.46 2.21 1.99 1.87 1.79 1.76 1.70 1.78 2.19 2.39 2.28 2.26 2.36 2.63 2.73 2.57 2.49 2.68 3.12 3.78 4.56 5.07 5.06 4.52 3.96 3.62 3.58 3.92 4.13 4.34 4.32 4.27 4.55 4.75 4.65 4.18 3.85 3.99 4.58 5.29 5.16 4.68 4.48 4.25 3.76 3.43 3.54 3.66 3.65 3.56 3.39 3.26 3.18 3.13 3.11 3.10 3.13 3.21 3.30 3.35 3.35 3.36 3.41 3.42 3.40 3.42 3.47 3.47 3.41 3.33 3.22 2.93 2.42 2.23 2.40 2.53 2.35 2.10 2.08 2.14 2.14 2.12
2.93 2.74 2.44 2.17 1.97 1.87 1.89 2.05 2.27 2.43 2.50 2.40 2.25 2.35 2.59 2.67 2.49 2.48 2.84 3.48 4.05 4.57 4.92 5.24 5.65 5.93 5.67 4.92 4.97 4.60 4.35 4.38 4.88 5.84 6.62 6.59 5.93 5.10 4.90 5.51 6.13 5.91 5.25 4.89 4.64 4.16 3.93 4.02 4.20 4.27 4.20 3.95 3.64 3.42 3.26 3.24 3.25 3.19 3.15 3.16 3.25 3.39 3.52 3.57 3.55 3.49 3.48 3.50 3.52 3.55 3.57 3.60 3.65 3.59 3.25 2.69 2.39 2.47 2.53 2.34 2.16 2.15 2.11 2.09
3.01 2.77 2.44 2.23 2.08 2.03 2.08 2.23 2.47 2.64 2.56 2.40 2.33 2.47 2.66 2.59 2.44 2.59 3.21 3.70 3.97 4.22 4.38 4.62 5.18 6.12 7.03 7.36 7.32 6.75 5.72 5.76 7.05 8.56 8.71 8.66 8.40 7.26 7.01 7.50 7.19 6.39 5.58 5.00 4.66 4.59 4.70 4.89 4.94 4.80 4.49 4.06 3.73 3.50 3.35 3.33 3.33 3.30 3.23 3.20 3.24 3.34 3.54 3.73 3.81 3.80 3.75 3.68 3.60 3.55 3.58 3.64 3.72 3.85 3.90 3.58 3.00 2.67 2.66 2.69 2.62 2.44 2.22 2.07
3.21 2.93 2.56 2.30 2.14 2.14 2.18 2.22 2.30 2.38 2.40 2.40 2.46 2.55 2.54 2.54 2.69 2.85 3.08 3.25 3.35 3.49 3.72 4.09 4.58 5.14 5.94 6.65 7.35 8.17 8.88 9.66 10.02 9.47 8.18 8.05 8.81 9.44 9.57 9.42 8.51 7.25 6.30 5.83 5.78 5.62 5.26 5.13 5.04 4.71 4.31 3.94 3.69 3.50 3.36 3.30 3.29 3.30 3.29 3.27 3.27 3.31 3.35 3.45 3.58 3.67 3.66 3.66 3.63 3.53 3.46 3.48 3.59 3.79 4.02 4.11 3.81 3.27 2.92 2.73 2.60 2.48 2.33 2.19
3.34 3.08 2.74 2.51 2.22 2.00 1.92 1.99 2.14 2.21 2.22 2.38 2.63 2.71 2.66 2.73 2.87 2.98 2.94 2.94 2.97 3.06 3.37 3.78 4.17 4.50 4.75 5.05 6.07 7.61 8.79 9.27 8.71 7.47 6.40 6.45 7.57 8.72 9.02 8.99 9.03 8.65 8.03 7.64 7.29 6.73 6.22 5.98 5.52 4.84 4.37 4.06 3.81 3.63 3.44 3.27 3.21 3.25 3.28 3.30 3.32 3.28 3.08 2.73 2.34 2.23 2.31 2.58 3.00 3.30 3.36 3.33 3.36 3.49 3.76 4.12 4.28 3.97 3.42 2.94 2.62 2.48 2.39 2.30
3.44 3.21 3.04 3.20 3.20 2.76 2.46 2.31 2.20 2.16 2.18 2.43 2.71 2.91 3.05 3.09 2.99 2.94 2.86 2.68 2.58 2.76 3.07 3.45 3.94 4.29 4.48 4.93 6.12 7.23 7.23 6.68 6.31 5.94 5.68 5.72 5.96 6.32 6.25 6.51 7.47 8.16 8.00 7.28 6.75 6.54 6.50 6.32 5.77 5.12 4.55 4.17 3.99 3.79 3.54 3.39 3.36 3.32 3.27 3.21 3.07 2.73 2.26 1.81 1.39 1.14 1.04 1.24 1.81 2.57 2.98 3.11 3.10 3.12 3.32 3.73 4.24 4.47 4.21 3.68 3.20 2.86 2.62 2.52
3.49 3.36 3.34 3.57 3.82 3.90 3.79 3.46 2.90 2.39 2.25 2.57 2.81 2.83 2.84 2.91 2.85 2.62 2.32 2.11 2.16 2.58 2.92 3.28 3.92 4.13 4.31 5.12 6.67 7.54 6.95 6.30 5.89 5.39 5.13 5.03 4.98 5.04 5.05 5.06 5.42 6.03 6.50 6.00 5.30 5.13 5.15 5.09 5.03 4.80 4.45 4.22 4.01 3.73 3.56 3.52 3.48 3.36 3.17 2.88 2.41 1.91 1.58 1.49 1.60 1.72 1.65 1.39 1.44 1.71 2.16 2.57 2.81 2.89 2.97 3.19 3.67 4.30 4.70 4.65 4.19 3.60 3.18 3.09
3.25 3.13 3.06 3.10 3.22 3.47 3.70 3.78 3.59 3.14 2.64 2.78 2.75 2.41 2.23 2.36 2.40 2.17 1.90 1.67 1.91 2.42 2.76 3.33 4.03 4.24 4.37 5.45 7.76 8.33 6.97 6.08 5.40 4.85 4.77 4.68 4.63 4.77 4.89 4.83 4.72 5.08 5.77 5.95 5.29 4.72 4.47 4.45 4.60 4.62 4.52 4.37 4.02 3.70 3.51 3.27 2.97 2.68 2.36 2.10 1.86 1.70 1.71 1.92 2.15 2.43 2.54 2.28 1.79 1.51 1.54 1.87 2.24 2.48 2.59 2.71 3.03 3.62 4.34 4.96 5.17 4.84 4.26 3.85
3.13 2.99 2.85 2.79 2.82 2.99 3.18 3.35 3.56 3.66 3.46 2.96 2.29 1.86 1.84 1.96 1.95 1.87 1.97 1.81 1.86 2.36 2.87 3.49 4.03 4.34 4.96 7.26 10.20 9.21 6.57 5.62 5.18 4.78 4.54 4.35 4.28 4.39 4.59 4.70 4.65 4.70 5.09 5.78 5.84 5.31 4.88 4.75 4.78 4.90 4.94 4.69 4.21 3.85 3.58 3.20 2.73 2.30 1.91 1.68 1.82 2.17 2.44 2.59 2.66 2.68 2.72 2.69 2.34 1.69 1.31 1.24 1.36 1.64 1.99 2.27 2.55 2.98 3.60 4.31 4.99 5.32 5.09 4.44
3.18 3.14 3.07 3.04 3.07 3.11 3.12 3.25 3.63 3.98 3.99 3.35 2.29 1.54 1.49 1.65 1.78 1.81 2.12 2.68 2.87 2.91 3.24 3.79 4.67 5.54 7.80 11.88 11.72 8.41 5.90 5.24 4.99 4.57 4.25 4.06 3.99 4.09 4.31 4.48 4.42 4.33 4.50 5.10 5.63 5.58 5.31 5.13 5.06 5.02 4.87 4.66 4.42 4.09 3.78 3.54 3.34 3.12 2.89 2.60 2.64 2.90 3.05 3.05 2.98 2.85 2.70 2.65 2.60 2.25 1.61 1.18 1.04 1.12 1.37 1.72 2.02 2.29 2.62 3.05 3.49 4.24 4.95 4.96
2.96 2.97 2.99 3.05 3.09 3.07 3.14 3.42 3.80 4.02 4.05 3.85 3.19 2.00 1.73 1.84 1.88 1.89 2.26 2.94 3.69 4.91 5.33 5.81 8.60 11.42 12.58 12.50 9.65 6.67 5.81 5.41 4.99 4.43 4.13 4.04 3.88 3.70 3.70 3.85 3.94 3.99 4.15 4.55 5.22 5.64 5.72 5.69 5.50 5.14 4.72 4.43 4.28 4.08 3.76 3.52 3.45 3.46 3.52 3.55 3.47 3.31 3.14 2.99 2.87 2.76 2.65 2.56 2.58 2.58 2.35 1.93 1.53 1.30 1.32 1.44 1.60 1.71 1.81 2.01 2.34 2.93 4.01 4.90
2.96 2.95 2.95 2.97 3.05 3.21 3.44 3.68 3.80 3.88 4.03 4.30 4.43 3.74 2.94 2.52 2.40 2.58 3.02 3.99 6.49 9.38 10.72 11.42 11.97 12.45 11.20 8.37 6.56 5.76 5.65 5.73 5.51 5.00 4.41 3.94 3.59 3.40 3.17 3.14 3.29 3.44 3.71 4.16 4.82 5.37 5.59 5.58 5.36 4.97 4.65 4.42 4.11 3.87 3.62 3.35 3.21 3.27 3.40 3.45 3.35 3.14 2.92 2.77 2.69 2.63 2.57 2.51 2.48 2.50 2.50 2.30 1.97 1.70 1.55 1.49 1.45 1.48 1.63 1.82 2.11 2.55 3.14 4.00
3.05 3.00 2.94 2.93 2.96 3.15 3.47 3.67 3.73 3.73 3.91 4.51 5.37 5.66 4.95 3.52 3.21 3.75 5.30 9.27 11.88 11.75 11.22 10.65 9.86 8.64 7.13 5.86 5.17 4.93 5.26 5.74 5.77 5.51 4.94 3.99 3.36 3.10 2.80 2.63 2.71 3.01 3.41 3.83 4.36 4.97 5.27 5.13 4.86 4.63 4.43 4.32 4.17 3.94 3.68 3.45 3.27 3.19 3.16 3.09 2.99 2.90 2.83 2.78 2.69 2.61 2.54 2.48 2.43 2.40 2.39 2.32 2.07 1.72 1.50 1.38 1.39 1.49 1.65 1.78 2.04 2.40 2.81 3.36
2.97 2.86 2.65 2.57 2.57 2.64 2.82 3.11 3.29 3.42 3.74 4.33 4.98 5.65 5.95 5.81 5.04 5.87 9.51 12.81 11.73 8.80 7.38 6.68 6.39 6.35 6.19 5.47 4.67 4.62 5.05 5.28 5.10 5.01 5.16 4.85 3.88 2.85 2.38 2.36 2.50 2.76 3.10 3.54 4.02 4.57 5.15 5.41 5.20 4.95 4.70 4.39 4.08 3.87 3.64 3.46 3.35 3.20 3.04 2.95 2.92 2.89 2.84 2.77 2.68 2.60 2.52 2.48 2.47 2.45 2.42 2.42 2.33 2.00 1.55 1.33 1.35 1.44 1.60 1.77 1.93 2.07 2.25 2.69
3.04 2.93 2.74 2.61 2.52 2.51 2.50 2.47 2.56 2.83 3.17 3.34 3.36 3.76 4.67 5.95 7.07 9.18 11.55 11.06 7.73 6.18 6.00 6.08 6.22 6.39 6.04 5.31 5.10 5.19 5.06 4.74 4.47 4.49 4.83 5.21 4.93 3.81 2.93 2.76 2.80 2.96 3.32 3.81 4.17 4.21 4.74 5.46 5.51 5.13 4.73 4.38 3.89 3.59 3.43 3.31 3.23 3.15 3.05 2.95 2.85 2.78 2.73 2.68 2.63 2.57 2.53 2.52 2.52 2.52 2.50 2.48 2.52 2.47 2.19 1.79 1.54 1.45 1.57 1.85 2.04 2.10 2.01 1.86
3.24 3.19 3.11 2.99 2.85 2.92 2.95 2.64 2.28 2.22 2.27 2.20 2.21 2.55 3.38 4.78 6.90 9.06 9.30 7.04 6.08 6.08 6.09 6.23 6.56 6.55 5.81 5.49 5.61 5.66 5.34 4.97 4.68 4.44 4.51 5.03 5.75 5.91 5.22 4.42 4.18 4.28 4.47 4.54 4.46 3.95 3.79 4.48 4.93 4.74 4.31 4.03 3.76 3.49 3.29 3.09 2.91 2.83 2.78 2.69 2.53 2.41 2.42 2.49 2.50 2.51 2.52 2.52 2.52 2.55 2.58 2.60 2.62 2.65 2.64 2.49 2.19 1.97 1.89 1.95 2.15 2.18 1.96 1.75
3.24 3.13 3.02 3.06 3.13 3.30 3.47 3.44 3.08 2.42 2.06 2.00 2.14 2.60 3.48 4.61 6.73 8.07 7.03 5.82 5.97 6.23 6.38 6.58 6.67 6.40 5.60 4.98 4.79 4.71 4.66 4.61 4.42 4.34 4.64 5.20 5.93 6.78 7.18 6.95 6.54 6.28 5.93 5.55 4.95 3.74 2.97 3.27 3.99 4.21 3.92 3.70 3.59 3.43 3.23 3.02 2.80 2.64 2.52 2.42 2.35 2.33 2.30 2.32 2.35 2.37 2.41 2.44 2.48 2.53 2.62 2.72 2.79 2.82 2.78 2.73 2.70 2.66 2.53 2.39 2.32 2.13 1.85 1.77
3.20 3.00 2.88 3.12 3.38 3.48 3.47 3.65 3.91 3.83 3.25 2.90 2.78 3.12 3.90 5.66 8.50 8.97 7.87 7.00 6.92 6.99 7.09 7.08 6.61 5.86 5.21 4.53 4.12 3.88 3.79 3.82 3.90 4.32 4.97 5.42 5.69 6.04 6.69 7.27 7.37 7.23 6.96 6.56 5.74 4.34 3.32 3.03 3.31 3.60 3.50 3.37 3.34 3.29 3.18 3.04 2.87 2.72 2.66 2.68 2.73 2.75 2.64 2.48 2.37 2.31 2.28 2.27 2.33 2.49 2.64 2.76 2.92 3.07 3.03 2.82 2.60 2.54 2.59 2.57 2.42 2.12 1.82 1.69
3.46 3.33 3.28 3.45 3.60 3.54 3.46 3.59 3.99 4.47 4.80 4.63 4.51 4.48 5.79 9.03 10.35 9.33 8.13 7.77 7.74 7.46 7.05 6.55 5.82 5.52 5.60 5.51 5.01 4.56 4.27 4.15 4.20 4.55 4.89 5.04 5.14 5.11 5.35 6.00 6.64 6.95 6.89 6.46 5.72 4.96 4.15 3.48 3.25 3.40 3.41 3.29 3.17 3.10 3.03 2.93 2.82 2.73 2.72 2.79 2.86 2.82 2.71 2.59 2.49 2.40 2.29 2.16 2.13 2.31 2.58 2.82 2.96 3.02 3.09 3.04 2.73 2.33 2.22 2.27 2.23 2.03 1.72 1.55
3.61 3.68 3.72 3.77 3.77 3.74 3.75 3.74 3.79 4.04 4.54 4.99 5.19 5.80 8.54 10.60 9.71 7.91 6.99 6.92 7.03 6.74 6.10 5.35 4.91 5.01 5.48 6.03 6.11 5.91 5.58 5.31 5.09 4.89 4.77 4.72 4.50 4.42 4.78 5.35 5.82 6.04 5.88 5.52 5.30 4.98 4.39 3.71 3.43 3.48 3.47 3.34 3.12 2.94 2.83 2.74 2.69 2.66 2.64 2.68 2.70 2.69 2.67 2.64 2.58 2.49 2.36 2.22 2.08 2.13 2.37 2.69 2.92 3.09 3.26 3.41 3.35 2.94 2.28 2.03 1.84 1.67 1.57 1.58
3.49 3.71 3.79 3.66 3.60 3.68 3.77 3.71 3.47 3.24 3.20 3.56 4.22 5.73 8.87 9.23 7.61 6.89 6.30 5.87 5.48 5.21 5.06 4.86 4.78 4.84 5.06 5.67 6.36 6.73 6.57 6.09 5.67 5.22 5.00 4.88 4.48 4.26 4.49 4.82 4.85 4.94 4.94 4.77 4.65 4.42 3.99 3.48 3.24 3.21 3.18 3.09 2.98 2.84 2.74 2.63 2.59 2.68 2.79 2.85 2.84 2.81 2.79 2.78 2.70 2.54 2.38 2.26 2.12 1.99 2.02 2.14 2.49 3.03 3.46 3.72 3.84 3.73 3.19 2.38 1.89 1.72 1.78 1.94
3.18 3.34 3.51 3.38 3.15 3.13 3.18 3.19 3.10 2.93 2.81 3.11 3.87 6.11 8.88 8.51 7.43 6.74 5.71 4.93 4.42 4.21 4.43 4.70 4.75 4.80 5.03 5.53 6.11 6.50 6.19 5.53 5.16 5.14 5.28 5.14 4.72 4.43 4.48 4.57 4.40 4.15 4.08 4.01 3.81 3.63 3.43 3.15 2.95 2.87 2.83 2.78 2.74 2.67 2.61 2.56 2.61 2.82 2.95 2.97 2.95 2.93 2.87 2.78 2.65 2.49 2.29 2.09 1.93 1.75 1.63 1.74 1.95 2.21 2.59 3.16 3.69 4.07 4.14 3.66 2.82 2.38 2.28 2.45
2.96 2.92 2.99 3.12 2.93 2.61 2.40 2.38 2.64 3.07 3.46 3.97 5.15 8.62 10.20 9.04 7.84 6.49 4.94 4.21 3.98 3.87 4.02 4.24 4.32 4.52 4.90 5.43 5.70 5.88 6.06 5.63 5.23 5.26 5.23 4.97 4.57 4.52 4.84 4.86 4.26 3.45 3.20 3.29 3.32 3.30 3.21 2.98 2.81 2.72 2.68 2.65 2.62 2.57 2.51 2.57 2.79 2.98 2.98 2.93 2.93 2.95 2.93 2.82 2.61 2.36 2.13 1.92 1.81 1.79 1.72 1.74 1.94 2.10 2.16 2.33 2.83 3.43 3.97 4.17 3.81 3.03 2.88 2.98
3.15 2.87 2.63 2.93 3.22 2.97 2.37 2.14 2.43 2.96 3.80 5.13 8.09 11.11 10.45 7.94 6.73 5.96 5.19 4.36 4.10 4.00 3.98 3.96 3.98 4.33 4.85 5.24 5.21 5.26 5.99 6.48 6.33 5.62 5.05 4.75 4.63 5.04 5.27 4.68 3.61 2.96 2.71 2.75 2.91 3.01 3.02 2.87 2.72 2.61 2.55 2.57 2.62 2.65 2.71 2.88 3.05 3.04 2.97 2.95 2.92 2.92 2.98 2.97 2.81 2.55 2.33 2.28 2.28 2.25 2.19 2.19 2.28 2.37 2.36 2.31 2.29 2.49 2.97 3.64 4.11 4.28 4.55 4.35
3.47 3.16 2.77 2.91 3.19 3.47 3.46 3.16 2.94 3.31 4.39 6.44 10.42 11.07 7.79 5.66 5.19 5.10 5.22 5.38 5.20 4.80 4.31 4.00 4.07 4.45 4.84 5.00 4.89 4.77 5.26 6.08 6.49 6.24 5.94 5.80 5.65 5.60 5.00 3.73 2.78 2.60 2.45 2.38 2.45 2.60 2.69 2.66 2.56 2.46 2.36 2.33 2.48 2.77 3.08 3.25 3.19 3.09 3.04 2.99 2.96 3.02 3.08 3.19 3.38 3.50 3.44 3.38 3.27 3.17 3.14 2.98 2.63 2.51 2.62 2.52 2.24 2.15 2.44 3.09 3.91 4.56 4.81 4.77
3.64 3.47 2.89 2.51 2.43 2.93 3.92 4.44 4.39 4.79 5.79 8.60 10.66 8.20 5.16 4.53 4.33 4.44 5.02 5.93 6.45 6.41 5.74 5.07 4.87 4.86 4.87 4.76 4.63 4.50 4.77 5.32 6.09 6.79 6.98 6.79 6.45 5.87 4.55 3.06 2.47 2.40 2.34 2.28 2.25 2.34 2.43 2.44 2.38 2.30 2.16 1.98 2.03 2.50 3.04 3.28 3.31 3.26 3.22 3.20 3.25 3.36 3.42 3.65 4.19 4.90 5.40 5.52 5.36 5.26 5.02 4.53 3.76 3.33 3.41 2.93 2.37 2.20 2.30 2.69 3.20 3.28 3.09 3.25
3.57 3.52 2.87 2.16 2.08 2.54 3.21 4.18 5.30 5.91 6.85 9.72 9.55 5.21 4.01 4.05 4.12 4.68 5.44 6.09 6.32 6.61 6.92 7.04 6.85 6.18 5.35 4.61 4.27 4.27 4.49 4.95 5.61 6.27 6.60 6.64 6.40 5.62 4.34 3.17 2.70 2.60 2.54 2.46 2.36 2.28 2.24 2.26 2.21 2.09 1.97 1.81 1.78 2.03 2.46 2.88 3.11 3.25 3.40 3.58 3.70 3.75 3.86 4.14 4.66 5.39 6.03 6.51 6.75 6.70 6.37 5.93 5.49 5.14 4.51 3.74 3.16 2.95 2.74 2.90 2.87 2.37 2.26 2.61
3.66 3.63 3.36 2.81 2.48 2.52 2.78 3.48 4.70 5.52 6.89 8.36 6.80 4.38 4.09 4.31 4.63 5.37 5.87 5.56 5.09 5.09 5.73 6.75 7.38 7.43 6.75 5.55 4.78 4.73 4.93 5.20 5.21 5.12 5.46 5.75 5.46 4.47 3.71 3.21 2.87 2.76 2.68 2.57 2.48 2.32 2.15 2.09 2.03 1.91 1.83 1.94 2.21 2.43 2.62 2.63 2.78 3.08 3.31 3.52 3.74 3.91 4.06 4.28 4.50 4.57 4.63 4.97 5.45 5.89 6.12 6.10 5.89 5.59 5.16 4.59 4.34 4.10 3.81 3.66 3.21 2.76 2.91 3.06
4.00 3.72 3.74 3.79 3.23 2.61 2.72 3.34 3.95 4.45 5.77 7.05 6.19 5.16 4.96 4.83 5.03 5.65 5.42 4.31 4.08 4.25 4.49 4.96 5.46 5.95 6.49 6.78 6.61 6.14 5.70 5.52 5.07 4.45 4.28 4.00 3.67 3.32 3.16 3.01 2.80 2.70 2.62 2.52 2.43 2.28 2.09 1.99 1.95 1.88 1.93 2.24 2.61 2.89 2.82 2.56 2.70 2.96 3.08 3.35 3.82 4.16 4.26 4.23 4.07 3.83 3.76 3.75 3.72 4.00 4.78 5.33 5.33 5.19 5.16 5.05 4.84 4.60 4.34 3.97 3.52 3.42 3.58 3.18
4.19 3.55 3.43 4.02 4.26 3.78 3.33 3.50 4.10 4.36 5.07 7.66 8.27 7.24 6.61 5.89 5.76 5.83 4.55 3.60 3.77 4.04 4.29 4.26 3.94 4.03 4.87 6.13 6.93 7.07 6.56 5.92 5.11 4.20 3.33 2.53 2.52 2.56 2.66 2.71 2.67 2.60 2.54 2.43 2.31 2.17 2.01 1.93 1.96 2.01 2.21 2.43 2.66 2.77 2.68 2.70 2.94 3.16 3.51 4.07 4.45 4.61 4.66 4.48 4.12 3.87 3.72 3.36 3.01 3.00 3.40 4.14 4.70 4.84 4.84 4.69 4.44 4.40 4.47 4.24 3.97 4.18 4.00 3.20
4.26 3.36 3.08 3.79 4.78 5.41 5.39 4.90 5.06 5.04 6.47 9.98 9.94 8.38 8.11 7.81 7.62 7.09 5.68 4.73 4.64 4.45 4.24 3.87 3.65 3.86 4.21 4.52 4.96 5.70 6.22 5.95 5.08 3.83 2.47 1.98 2.13 2.27 2.35 2.43 2.49 2.50 2.48 2.39 2.27 2.16 2.05 1.96 1.98 2.11 2.25 2.37 2.62 2.81 3.00 3.31 3.52 3.78 4.34 4.75 4.80 4.74 4.76 4.87 4.98 4.94 4.57 3.98 3.58 3.36 3.17 3.33 3.82 4.32 4.54 4.35 3.90 3.77 4.05 4.45 4.95 5.00 4.19 3.37
4.28 3.26 2.85 3.31 4.20 5.40 6.10 6.23 6.21 7.03 10.33 11.49 8.80 7.05 7.24 7.62 7.66 7.44 7.33 7.26 7.02 6.38 5.27 4.19 3.79 4.09 4.19 4.15 4.20 3.99 3.84 4.12 3.76 2.84 2.18 2.05 2.16 2.29 2.36 2.35 2.35 2.38 2.43 2.45 2.39 2.29 2.19 2.11 2.14 2.22 2.27 2.39 2.64 2.82 3.04 3.37 3.79 4.26 4.52 4.58 4.54 4.51 4.60 4.99 5.52 5.82 5.92 5.99 5.96 5.69 5.26 4.87 4.70 4.73 4.80 4.77 4.65 4.66 4.91 5.49 5.90 5.37 4.38 3.38
4.30 3.23 2.58 3.02 3.62 4.23 4.95 5.93 7.41 9.75 11.45 9.57 6.36 5.46 5.45 5.69 5.96 6.04 6.25 6.68 7.16 7.33 7.03 6.13 5.22 4.93 4.98 4.99 4.84 4.00 3.11 2.68 2.47 2.39 2.38 2.43 2.49 2.50 2.47 2.44 2.39 2.36 2.36 2.43 2.49 2.47 2.42 2.44 2.51 2.51 2.46 2.52 2.61 2.70 2.97 3.44 3.90 4.20 4.48 4.59 4.47 4.47 4.70 5.00 5.25 5.55 6.02 6.52 6.93 7.31 7.56 7.46 7.04 6.49 6.04 5.85 6.29 7.17 7.50 7.09 6.09 5.56 5.20 4.11
4.61 4.30 3.68 3.44 3.73 4.46 5.08 5.97 8.49 9.87 8.87 6.43 5.23 4.84 4.73 4.82 4.98 4.99 4.92 5.03 5.35 5.80 6.28 6.69 6.63 6.38 6.30 6.08 5.27 4.19 3.19 2.46 2.23 2.32 2.41 2.55 2.71 2.75 2.68 2.60 2.52 2.46 2.41 2.41 2.43 2.44 2.50 2.63 2.69 2.67 2.62 2.57 2.57 2.84 3.41 3.80 3.90 3.95 4.28 4.47 4.48 4.66 4.85 5.00 5.17 5.43 5.67 5.77 5.89 6.31 6.77 6.96 6.88 6.80 6.78 6.74 7.16 7.42 6.85 6.02 5.02 5.25 5.70 5.20
4.72 5.28 5.90 5.30 5.26 5.91 5.82 6.43 8.87 8.77 6.36 5.36 4.82 4.31 4.16 4.23 4.20 4.26 4.58 4.76 4.64 4.43 4.54 5.05 5.65 5.98 5.88 5.08 4.05 3.28 2.52 2.14 2.07 2.16 2.30 2.47 2.64 2.77 2.82 2.79 2.68 2.59 2.58 2.58 2.55 2.50 2.55 2.73 2.82 2.86 2.89 2.88 2.93 3.36 3.90 4.05 4.02 4.08 4.18 4.24 4.29 4.66 4.95 5.20 5.52 5.68 5.57 5.31 5.10 5.12 5.32 5.20 4.93 5.29 6.12 6.61 6.52 5.53 4.14 3.78 3.95 4.19 4.93 5.33
4.29 4.51 5.65 6.32 6.40 6.14 5.45 6.39 9.09 8.32 5.60 4.97 4.59 4.02 3.78 3.68 3.59 3.81 4.14 4.22 4.02 3.70 3.58 3.81 4.13 4.33 4.15 3.51 2.93 2.57 2.30 2.13 2.07 2.19 2.36 2.49 2.60 2.72 2.84 2.92 2.91 2.83 2.79 2.82 2.89 2.98 2.99 2.92 2.98 3.11 3.22 3.34 3.56 3.88 4.16 4.22 4.27 4.30 4.41 4.52 4.36 4.58 5.17 5.58 5.79 5.70 5.50 5.33 5.32 5.51 5.62 5.03 4.24 4.35 5.05 5.48 4.99 3.77 3.06 3.00 3.17 3.20 3.61 4.82
