windninja/windninja_output/Output_2025-10-23_2300-2350_Google earth_Fire_150m_10min/merlingen_7.5mi_point_10-23-2025_2310_150m_ang.asc
ncols	158
nrows	163
xllcorner	391686.332397
yllcorner	5160024.123721
cellsize	150.000000
NODATA_value	-32768.000000
[rows 42 to 83 of 163, columns 0 to 93 of 158]
322 321 319 318 316 314 313 312 311 311 311 310 309 309 308 308 308 307 307 307 307 307 308 307 307 308 309 309 310 308 304 302 303 304 307 310 310 308 308 307 305 303 303 305 307 308 306 303 303 302 297 296 301 303 297 290 286 284 279 274 273 278 282 281 283 289 292 292 294 296 290 288 293 301 302 301 312 333 320 296 287 285 284 285 289 290 287 285 287 290 289 282 274 275
323 322 321 319 317 315 314 313 311 311 311 310 309 309 308 307 307 307 307 306 307 307 307 307 307 307 308 308 308 307 304 302 304 307 312 316 315 311 309 306 302 298 299 301 301 301 298 294 295 297 295 292 295 297 293 286 280 277 274 274 278 285 288 287 287 291 297 298 297 299 296 294 297 303 303 304 314 333 320 298 290 289 291 291 290 284 274 273 279 285 286 284 279 279
324 324 321 319 317 315 314 313 312 311 311 310 309 309 308 307 307 307 307 307 307 307 307 307 306 307 307 307 307 306 304 304 305 309 313 316 313 307 303 301 299 298 297 296 295 292 291 293 297 299 297 293 292 292 286 280 276 274 276 280 285 289 292 294 294 295 297 298 299 302 301 297 297 299 299 300 311 328 308 295 293 295 295 291 283 270 265 269 273 279 283 285 284 282
326 325 322 319 318 316 314 313 313 311 311 310 309 309 308 308 308 307 307 307 307 307 307 306 306 306 306 306 306 306 306 305 306 309 312 313 310 305 302 302 301 299 295 292 292 292 293 297 300 299 295 289 284 282 278 274 273 277 283 288 291 293 297 301 299 297 295 294 296 298 295 292 289 288 286 285 293 311 297 296 298 297 292 282 269 264 267 270 271 274 279 285 286 282
328 326 323 320 318 316 314 314 313 312 311 311 310 309 309 308 308 307 307 306 306 306 306 306 306 306 305 305 305 305 305 305 306 309 311 311 309 306 305 305 303 298 292 289 290 294 297 299 298 295 289 282 275 271 272 272 275 283 291 296 298 299 301 302 300 296 293 289 290 293 290 287 283 278 274 269 269 291 295 294 294 290 282 272 266 267 271 273 271 271 277 285 286 281
328 326 323 321 318 315 314 314 313 312 311 311 311 310 309 308 308 307 307 306 306 306 306 305 305 305 305 305 305 305 305 305 305 307 309 309 308 307 306 305 303 299 293 291 293 297 298 297 293 289 284 276 269 270 274 277 284 290 296 301 303 300 298 298 295 291 289 286 287 289 287 284 279 273 267 260 259 281 288 286 284 280 275 273 272 274 276 275 273 273 278 282 283 279
327 326 324 323 319 314 313 314 313 312 311 311 310 310 309 308 307 307 306 306 306 306 305 305 304 304 305 305 305 305 305 305 305 306 308 309 307 306 306 305 302 299 294 295 298 299 297 294 289 285 278 268 269 273 278 285 290 296 300 304 305 298 292 290 289 287 286 286 285 285 283 281 277 270 262 255 260 276 282 281 278 278 279 278 278 279 279 278 279 280 278 276 276 275
326 326 326 324 319 313 312 313 314 313 312 311 311 310 309 308 307 307 306 306 306 306 306 305 304 304 305 305 304 304 304 305 305 305 307 308 308 306 306 305 302 298 297 300 300 297 293 290 286 280 270 269 276 282 288 293 296 299 301 302 301 294 287 285 286 287 286 286 284 283 281 278 273 266 259 259 267 276 279 279 279 280 281 282 282 282 282 283 284 282 275 270 268 269
326 327 328 326 319 314 313 313 314 314 313 312 311 310 309 308 308 307 307 306 306 306 306 305 305 305 305 304 304 304 304 304 304 305 306 307 307 307 306 305 302 300 301 304 301 295 290 286 280 271 268 276 285 291 296 298 299 298 297 295 292 286 282 282 285 287 286 285 283 281 278 275 270 264 263 268 273 276 277 278 279 280 281 283 284 285 286 286 282 277 271 265 262 262
325 327 330 326 319 317 316 314 314 315 314 313 312 311 310 308 308 308 307 306 306 306 306 305 305 304 304 304 304 304 304 304 304 304 305 306 306 305 305 305 303 301 303 304 301 294 288 282 273 272 281 288 291 295 298 298 297 294 290 287 284 281 281 282 285 287 286 284 282 279 276 272 269 267 270 274 276 277 277 277 277 276 278 281 285 286 286 283 278 273 268 262 257 256
326 328 330 325 318 317 317 314 314 316 316 313 312 311 309 308 308 308 307 306 306 306 305 305 304 304 304 304 304 303 303 303 303 304 304 304 304 305 305 305 304 301 302 305 301 294 288 283 282 290 299 299 297 298 298 296 293 288 283 280 280 282 282 282 285 287 286 284 280 278 276 273 272 272 273 275 277 279 279 277 274 272 275 280 284 285 284 281 277 271 265 260 255 256
328 328 330 326 319 318 318 314 312 315 316 313 312 311 310 309 308 308 307 306 306 305 305 305 304 304 304 304 303 303 303 303 303 303 303 303 304 304 305 306 305 302 302 304 302 295 292 295 298 300 302 300 298 297 295 292 290 285 279 278 281 283 283 283 285 288 287 284 280 278 278 277 274 273 274 275 277 279 280 279 275 273 274 277 280 283 284 282 276 269 264 262 259 260
329 328 328 326 321 320 321 316 311 311 314 313 312 311 310 309 308 308 307 306 306 305 305 305 304 304 304 303 303 303 303 303 303 303 303 303 303 303 304 305 305 302 300 301 301 298 298 303 304 302 300 297 296 294 291 289 288 284 281 281 284 285 284 284 286 290 290 288 283 281 280 275 271 272 275 276 277 279 281 283 281 279 277 276 276 278 282 282 276 269 266 267 269 271
328 326 324 324 319 316 318 316 311 309 311 312 311 311 310 309 308 308 307 307 306 305 305 305 304 304 304 303 303 303 303 302 302 302 302 302 302 302 303 303 303 300 298 298 300 301 304 307 305 302 301 297 296 293 289 287 287 285 285 286 288 289 286 284 285 290 291 290 285 280 273 267 270 275 277 277 279 281 283 286 287 284 280 276 274 273 274 275 274 271 271 273 278 283
327 324 322 321 317 313 314 315 311 308 310 312 311 310 310 309 308 307 307 307 306 305 305 305 304 304 304 303 303 303 302 302 302 302 302 302 302 302 302 302 301 300 299 299 302 304 307 308 306 305 304 297 295 292 287 285 286 287 289 291 292 290 285 281 281 285 288 287 282 272 264 268 276 279 280 281 282 284 286 287 288 285 280 277 275 271 267 265 266 269 274 281 293 299
326 324 322 322 321 317 315 315 313 309 311 313 311 310 310 309 308 308 307 306 306 305 305 304 305 304 304 303 303 302 302 302 302 302 301 301 301 301 301 301 301 300 301 301 302 304 305 306 306 307 306 297 293 291 286 284 289 291 293 294 293 289 283 278 275 279 283 282 275 267 270 277 280 281 282 285 286 287 288 288 286 283 280 276 273 268 264 261 263 270 282 296 306 306
325 325 323 322 321 319 317 316 315 312 312 314 311 308 308 309 308 308 307 307 306 305 304 304 304 304 303 303 303 302 302 302 301 301 301 301 301 301 300 300 300 300 301 301 301 301 302 304 305 308 308 299 294 291 286 285 292 294 294 293 291 287 281 276 272 274 279 279 273 274 279 282 281 283 285 288 289 289 288 286 283 279 276 273 269 266 264 266 272 284 295 301 306 303
325 325 323 321 319 317 315 315 314 311 311 312 310 307 307 308 308 308 307 307 306 305 305 304 304 304 303 303 302 302 302 302 301 301 301 301 300 300 300 300 300 300 300 300 301 301 302 303 305 309 312 305 296 291 286 285 291 294 293 291 289 285 280 275 271 271 276 278 275 278 282 283 284 286 288 289 289 288 285 281 278 274 271 269 266 265 267 275 288 297 299 298 298 295
325 324 323 320 318 315 313 312 311 310 311 313 313 309 308 308 308 308 307 307 307 306 305 305 304 304 303 303 302 302 302 301 301 301 301 300 300 300 300 300 300 300 300 300 300 301 301 303 305 310 314 309 298 291 286 285 290 292 292 290 287 284 279 274 270 270 273 274 276 280 283 285 287 288 290 290 288 285 280 276 274 272 269 266 265 267 274 286 296 299 297 293 290 283
326 325 323 320 318 315 312 310 310 311 313 315 315 312 309 308 308 308 308 307 307 306 305 305 304 303 303 302 302 302 302 301 301 301 300 300 300 300 299 299 299 299 299 299 300 300 301 302 304 308 312 309 299 291 287 286 289 290 289 288 285 283 279 275 272 270 268 269 279 283 285 287 289 289 291 290 285 280 277 274 272 270 267 265 267 273 284 294 297 297 296 290 281 266
328 326 323 320 318 315 313 311 310 311 312 314 314 312 310 308 307 307 307 307 307 306 305 304 304 303 302 302 302 302 301 301 301 300 300 300 300 299 299 299 299 299 299 299 299 300 300 301 303 305 309 309 301 294 290 289 288 288 287 286 285 284 282 278 274 270 265 271 283 287 288 288 289 291 290 287 282 278 276 273 271 268 266 268 273 281 291 298 297 294 291 281 265 252
331 328 322 318 316 315 313 311 310 310 310 312 313 313 312 309 307 306 306 307 307 307 306 305 304 303 302 302 302 302 301 301 301 300 300 300 299 299 299 299 299 299 299 299 299 299 300 300 301 303 307 309 303 298 298 294 289 287 288 288 288 287 283 277 271 267 266 279 287 289 289 289 289 291 290 286 282 279 277 273 270 268 268 274 282 289 296 299 295 288 277 266 254 243
336 330 321 317 314 313 311 309 308 309 308 310 314 314 313 311 309 307 306 306 307 307 306 305 305 303 302 302 302 301 301 301 301 300 300 299 299 299 299 298 298 298 298 298 298 299 299 299 300 301 303 306 303 300 302 299 290 287 289 290 290 286 275 268 269 272 279 289 291 291 290 290 289 290 290 287 285 283 279 274 270 270 275 281 289 294 295 295 290 277 264 255 244 235
341 333 322 317 315 312 310 307 306 306 306 307 312 315 313 311 310 308 306 305 305 306 305 305 305 303 302 302 302 302 301 301 300 300 300 299 299 299 298 298 298 298 298 298 298 298 298 299 299 300 301 302 302 300 302 303 295 289 288 289 287 278 269 271 277 284 291 294 293 292 291 289 288 289 290 291 288 285 279 273 271 277 284 290 294 293 292 287 279 264 253 243 234 229
342 335 324 318 314 313 313 311 308 307 307 308 311 314 313 311 310 309 307 305 305 306 305 305 305 304 303 302 302 301 301 301 300 300 300 299 299 299 298 298 298 298 298 297 297 297 298 298 298 298 299 300 300 299 301 303 298 290 285 283 281 282 283 284 285 288 292 294 293 293 292 290 287 288 291 292 290 285 280 277 281 289 296 299 295 290 285 278 263 251 241 231 226 221
338 334 328 322 316 314 317 316 311 308 308 309 311 313 314 312 309 309 308 306 306 307 305 305 305 304 302 301 300 300 301 301 300 300 299 299 299 298 298 298 298 297 297 297 297 297 297 297 297 297 298 298 298 298 298 299 297 291 284 280 283 293 293 290 287 287 288 290 292 292 292 290 287 288 291 291 290 287 286 289 293 296 298 297 290 282 274 262 250 241 230 222 218 215
328 329 329 329 324 322 325 325 314 308 309 311 311 312 314 313 310 309 309 307 306 306 305 305 305 304 300 299 299 300 300 300 300 300 299 299 299 298 298 298 297 297 297 297 297 296 296 296 296 296 296 296 296 296 296 296 294 291 287 283 287 295 295 292 289 287 286 288 291 292 292 289 287 288 290 290 290 292 294 295 295 294 289 285 283 275 263 250 242 231 222 215 214 216
317 318 321 324 323 323 331 333 322 315 317 320 319 318 318 317 313 310 309 308 306 305 304 303 304 302 297 296 298 299 300 301 300 300 300 299 299 298 298 298 297 297 297 296 296 296 296 296 296 296 295 295 295 295 295 294 293 292 290 287 289 294 295 293 290 288 287 289 291 291 290 288 287 289 290 290 291 295 298 296 292 288 278 275 280 273 258 245 234 223 215 211 214 219
313 311 309 308 307 309 321 327 319 315 319 324 323 322 321 320 316 311 308 308 306 305 303 302 303 302 295 295 298 300 300 301 301 300 300 299 299 298 298 298 297 297 296 296 296 296 295 295 295 295 295 295 294 294 294 293 292 291 291 290 290 292 292 290 289 289 290 289 289 289 289 288 288 289 290 289 290 296 299 295 287 279 274 277 279 271 252 238 226 217 211 212 217 223
314 312 308 303 299 296 302 309 307 303 305 310 311 313 315 315 314 311 309 309 307 304 302 301 305 307 299 296 297 299 300 300 301 301 300 299 299 298 298 297 297 297 296 296 296 295 295 295 295 294 294 294 294 293 293 292 292 291 291 291 291 291 291 290 290 291 291 289 289 291 293 290 287 287 288 288 290 294 297 290 282 276 278 282 277 263 243 229 218 214 213 217 223 228
314 313 310 308 303 300 301 303 300 293 291 294 297 300 302 305 307 307 307 308 308 306 304 304 308 311 303 296 295 297 299 299 299 300 301 300 299 299 298 298 297 296 296 296 295 295 295 294 294 294 294 293 293 293 292 292 291 291 291 291 291 290 290 291 291 291 291 290 291 293 295 291 285 283 286 287 289 291 293 287 282 283 286 284 273 251 231 221 217 218 219 225 231 237
315 313 311 310 306 304 303 302 299 294 293 296 298 300 301 302 304 303 304 305 306 306 306 306 309 311 305 297 294 294 296 297 298 299 301 301 300 299 298 298 297 296 296 295 295 295 294 294 294 293 293 293 293 292 292 292 291 291 291 290 290 290 290 290 290 290 291 291 292 293 294 291 286 285 288 290 290 290 291 289 288 291 290 282 264 239 221 216 221 225 227 234 242 259
315 313 310 309 306 303 302 300 298 298 299 299 301 302 303 304 304 303 303 304 304 304 303 304 307 310 306 300 295 293 294 296 296 298 301 302 300 299 299 298 297 296 296 295 295 294 294 293 293 293 293 292 292 292 292 291 291 291 290 290 290 290 290 290 290 290 290 291 292 293 293 292 292 294 296 296 295 294 295 296 296 294 288 274 249 226 217 219 227 231 238 245 262 291
316 312 307 307 303 300 300 300 299 300 300 300 301 302 303 304 305 304 304 304 303 302 301 301 304 307 305 301 297 294 293 295 295 295 297 300 300 299 299 299 298 296 296 295 294 294 293 293 293 293 292 292 292 292 291 291 291 290 290 290 290 290 290 290 290 290 290 291 291 292 292 293 295 299 302 300 300 300 302 303 299 292 279 259 233 216 217 225 231 239 252 267 289 293
322 313 303 302 300 298 298 298 298 300 301 302 303 303 304 305 305 305 304 304 303 302 302 301 302 304 303 300 299 296 293 292 291 290 292 295 297 298 299 299 298 297 295 295 294 293 293 293 292 292 292 292 292 291 291 291 291 290 290 290 290 290 289 289 290 290 290 291 291 291 292 294 296 300 303 303 304 306 308 303 294 284 266 243 223 219 226 230 236 251 270 297 301 292
336 317 294 291 294 295 296 296 298 301 303 304 305 304 304 305 305 305 304 304 304 303 302 302 303 302 300 299 299 297 292 289 288 289 290 294 297 297 298 299 298 297 295 294 293 293 292 292 292 292 292 292 291 291 291 291 290 290 290 290 290 289 289 289 290 290 290 290 291 291 292 294 295 298 302 304 306 311 310 298 287 273 252 234 228 235 242 244 254 276 297 307 302 291
5 336 279 276 285 290 293 297 301 306 308 308 307 306 305 306 306 306 305 305 304 303 302 303 304 302 299 299 299 299 295 290 290 291 292 294 296 296 296 298 299 297 295 294 293 292 292 292 291 291 291 291 291 291 291 291 290 290 290 290 289 289 289 289 289 289 290 290 290 291 292 293 295 297 299 303 307 313 310 296 281 262 243 238 240 247 255 268 288 296 300 301 297 288
44 41 270 276 282 291 299 303 306 312 314 313 310 308 307 307 307 307 306 305 303 303 302 303 306 304 299 299 300 301 300 295 292 291 291 292 294 294 294 295 298 297 294 293 292 291 291 291 291 291 291 291 291 291 291 291 290 290 290 290 289 289 289 289 289 289 289 290 290 291 292 293 294 295 298 301 306 312 310 296 279 260 250 251 252 255 271 290 296 296 294 292 290 286
50 38 323 296 297 309 317 318 317 319 321 317 313 310 308 308 307 307 306 305 304 302 301 303 307 305 300 298 299 302 302 299 296 293 291 291 293 293 292 293 296 296 293 292 291 290 289 289 289 290 291 292 292 292 291 291 290 290 290 289 289 289 289 289 289 289 289 290 290 290 291 292 293 295 297 299 304 309 309 299 287 274 271 266 261 270 289 297 296 293 289 286 284 283
56 30 312 304 308 317 334 335 330 329 328 323 315 311 309 308 307 306 306 305 304 302 302 303 307 305 300 298 298 301 302 301 299 296 292 290 291 292 292 291 293 294 292 289 288 287 286 285 285 288 292 293 293 292 292 291 290 290 290 289 289 289 289 289 289 289 289 289 290 290 291 292 293 294 296 298 302 306 308 307 305 295 285 276 275 289 298 298 295 290 287 284 281 279
54 356 310 310 313 323 339 343 340 337 334 326 317 312 308 307 306 305 304 305 303 302 302 304 307 305 301 300 299 300 300 299 297 295 291 288 288 290 290 290 292 293 292 290 289 289 289 289 288 290 293 295 295 294 292 291 290 290 290 289 289 289 289 289 289 289 289 289 289 290 291 291 293 294 295 297 300 304 308 312 317 312 295 290 298 300 298 296 293 289 285 282 279 277
321 324 320 317 317 320 329 338 340 337 333 324 315 310 306 304 304 302 302 303 303 302 301 303 307 306 303 302 300 299 298 297 295 293 290 288 286 287 289 289 290 292 294 294 295 295 296 297 296 295 296 296 296 296 293 291 290 290 289 289 289 289 289 289 289 289 289 289 289 290 290 291 292 293 295 297 299 303 308 314 324 328 314 308 305 300 296 292 291 288 284 281 278 276
