windninja/windninja_output/Output_2025-10-23_2300-2350_Google earth_Fire_150m_10min/merlingen_7.5mi_point_10-23-2025_2350_150m_vel.asc
ncols	158
nrows	163
xllcorner	391686.332397
yllcorner	5160024.123721
cellsize	150.000000
NODATA_value	-32768.000000
[rows 74 to 110 of 163, columns 0 to 83 of 158]
3.39 3.08 2.65 2.48 2.46 2.51 2.58 2.63 2.56 2.45 2.52 2.66 2.78 2.94 3.10 3.22 3.33 3.43 3.51 3.61 3.76 3.91 4.01 4.05 4.04 4.07 4.08 4.01 3.96 3.98 4.03 4.06 4.07 4.04 3.90 3.68 3.52 3.43 3.39 3.38 3.34 3.30 3.26 3.21 3.17 3.13 3.08 3.04 3.00 2.95 2.90 2.84 2.79 2.72 2.66 2.59 2.52 2.44 2.36 2.28 2.21 2.12 2.03 1.94 1.85 1.75 1.66 1.56 1.44 1.30 1.13 0.97 0.88 0.91 1.02 1.14 1.23 1.27 1.25 1.28 1.42 1.53 1.57 1.74
3.35 2.87 2.29 2.04 2.03 2.18 2.34 2.45 2.52 2.59 2.66 2.73 2.84 3.00 3.15 3.28 3.42 3.55 3.61 3.61 3.59 3.59 3.62 3.70 3.80 3.84 3.83 3.83 3.91 4.00 4.05 4.10 4.09 3.98 3.80 3.65 3.56 3.51 3.46 3.39 3.34 3.30 3.26 3.21 3.17 3.12 3.08 3.04 3.00 2.95 2.91 2.86 2.81 2.76 2.70 2.63 2.57 2.50 2.43 2.35 2.28 2.20 2.12 2.03 1.95 1.86 1.77 1.68 1.58 1.47 1.35 1.23 1.12 1.04 1.05 1.13 1.19 1.25 1.29 1.34 1.47 1.52 1.54 1.63
3.76 2.99 1.94 1.52 1.60 1.91 2.15 2.31 2.45 2.58 2.72 2.86 2.96 3.10 3.24 3.34 3.43 3.52 3.56 3.57 3.60 3.63 3.66 3.71 3.70 3.59 3.54 3.67 3.85 3.97 3.99 3.90 3.72 3.50 3.38 3.40 3.45 3.47 3.44 3.38 3.33 3.28 3.24 3.19 3.15 3.11 3.07 3.03 2.99 2.95 2.91 2.87 2.83 2.78 2.73 2.67 2.61 2.55 2.48 2.41 2.34 2.27 2.19 2.12 2.03 1.95 1.87 1.78 1.68 1.58 1.49 1.39 1.30 1.21 1.14 1.10 1.09 1.15 1.27 1.37 1.34 1.28 1.39 1.45
4.38 3.29 1.69 0.96 1.24 1.74 2.04 2.31 2.57 2.79 2.97 3.05 3.14 3.25 3.31 3.34 3.43 3.53 3.57 3.58 3.62 3.67 3.74 3.79 3.67 3.48 3.48 3.61 3.64 3.63 3.64 3.58 3.49 3.51 3.59 3.59 3.56 3.49 3.39 3.36 3.34 3.28 3.22 3.17 3.12 3.08 3.04 3.00 2.97 2.94 2.91 2.88 2.84 2.80 2.76 2.71 2.65 2.59 2.53 2.47 2.40 2.33 2.26 2.18 2.11 2.03 1.95 1.86 1.77 1.68 1.60 1.52 1.43 1.33 1.22 1.10 1.03 1.04 1.11 1.17 1.11 1.08 1.27 1.35
5.52 3.99 1.89 0.75 0.83 1.68 2.25 2.73 3.15 3.38 3.41 3.35 3.37 3.41 3.41 3.44 3.53 3.59 3.57 3.56 3.61 3.67 3.74 3.73 3.61 3.57 3.65 3.67 3.62 3.56 3.55 3.69 3.87 3.98 4.01 3.95 3.81 3.60 3.43 3.35 3.30 3.26 3.21 3.16 3.11 3.06 3.01 2.97 2.94 2.92 2.90 2.88 2.85 2.82 2.78 2.73 2.68 2.63 2.57 2.51 2.45 2.38 2.31 2.25 2.17 2.10 2.02 1.94 1.86 1.78 1.69 1.60 1.51 1.41 1.29 1.17 1.06 1.01 0.99 0.97 0.96 1.05 1.21 1.37
7.00 5.24 2.54 1.85 1.49 2.60 3.21 3.67 4.09 4.10 3.81 3.62 3.59 3.59 3.57 3.59 3.64 3.62 3.55 3.53 3.59 3.66 3.69 3.62 3.56 3.70 3.91 3.96 3.89 3.77 3.76 3.92 4.05 4.05 4.01 4.01 3.95 3.75 3.53 3.37 3.24 3.15 3.11 3.07 3.02 2.96 2.91 2.87 2.86 2.86 2.86 2.87 2.86 2.84 2.80 2.76 2.71 2.66 2.61 2.55 2.49 2.43 2.36 2.30 2.23 2.16 2.08 2.01 1.93 1.85 1.76 1.67 1.59 1.49 1.39 1.27 1.15 1.05 0.97 0.88 0.92 1.07 1.25 1.47
7.69 6.19 4.19 3.78 5.23 7.13 6.42 5.66 5.39 4.77 4.15 3.90 3.81 3.72 3.67 3.69 3.66 3.55 3.47 3.51 3.59 3.64 3.62 3.59 3.61 3.76 3.97 4.06 4.01 3.93 3.96 4.07 4.19 4.29 4.29 4.13 3.95 3.85 3.77 3.57 3.28 3.05 2.93 2.84 2.77 2.74 2.72 2.68 2.67 2.73 2.81 2.85 2.86 2.86 2.83 2.79 2.74 2.69 2.64 2.58 2.52 2.46 2.41 2.34 2.28 2.21 2.14 2.07 1.99 1.91 1.83 1.75 1.66 1.57 1.47 1.37 1.25 1.12 0.99 0.90 0.97 1.16 1.30 1.44
7.55 5.48 3.49 5.05 7.63 8.45 8.25 7.54 6.54 5.45 4.63 4.18 3.90 3.72 3.64 3.59 3.47 3.38 3.40 3.49 3.56 3.58 3.63 3.66 3.65 3.72 3.85 3.91 3.95 4.04 4.14 4.23 4.29 4.36 4.38 4.27 4.06 3.95 3.91 3.79 3.56 3.25 2.93 2.65 2.46 2.37 2.31 2.26 2.28 2.43 2.61 2.79 2.88 2.89 2.85 2.81 2.76 2.71 2.66 2.61 2.56 2.50 2.44 2.38 2.32 2.25 2.19 2.12 2.04 1.97 1.89 1.80 1.72 1.64 1.55 1.45 1.34 1.22 1.11 1.03 1.08 1.22 1.31 1.31
6.90 4.26 4.14 7.40 8.39 6.99 6.69 6.85 6.30 5.44 4.65 4.09 3.82 3.66 3.55 3.41 3.27 3.26 3.33 3.40 3.47 3.55 3.64 3.67 3.64 3.72 3.88 3.94 3.99 4.05 4.05 3.96 3.78 3.64 3.64 3.81 3.97 3.96 3.88 3.86 3.82 3.68 3.49 3.31 3.13 2.99 2.89 2.86 2.95 2.97 2.92 2.88 2.86 2.89 2.89 2.85 2.79 2.73 2.68 2.63 2.58 2.53 2.47 2.42 2.36 2.30 2.23 2.16 2.09 2.02 1.94 1.86 1.78 1.69 1.60 1.51 1.41 1.30 1.20 1.12 1.10 1.15 1.25 1.31
5.50 6.36 8.12 8.46 7.19 5.44 5.10 5.14 4.83 4.25 3.79 3.61 3.49 3.33 3.22 3.14 3.10 3.13 3.19 3.28 3.39 3.51 3.59 3.61 3.73 3.99 4.16 4.14 4.06 3.96 3.86 3.72 3.51 3.28 3.14 3.13 3.31 3.55 3.70 3.70 3.71 3.84 4.03 4.19 4.29 4.33 4.35 4.39 4.42 4.32 4.03 3.58 3.25 3.09 2.97 2.87 2.80 2.74 2.69 2.64 2.59 2.55 2.50 2.44 2.39 2.33 2.27 2.20 2.13 2.06 1.99 1.91 1.83 1.75 1.66 1.57 1.47 1.36 1.25 1.15 1.06 1.04 1.17 1.37
5.92 6.72 7.04 5.81 4.83 4.27 3.81 3.37 3.07 2.96 3.07 3.20 3.14 3.03 2.98 2.95 2.95 2.99 3.11 3.23 3.36 3.48 3.55 3.68 3.93 4.17 4.23 4.11 3.98 3.95 3.92 3.81 3.63 3.38 3.12 2.98 2.99 3.09 3.20 3.32 3.49 3.67 3.82 3.90 3.96 4.00 4.06 4.11 4.08 4.01 3.99 3.90 3.64 3.29 3.01 2.86 2.79 2.74 2.69 2.65 2.61 2.56 2.52 2.47 2.42 2.36 2.30 2.24 2.17 2.10 2.03 1.95 1.87 1.79 1.70 1.61 1.52 1.42 1.31 1.20 1.11 1.07 1.14 1.30
5.59 4.35 3.24 2.84 2.79 2.63 2.30 2.09 2.14 2.47 2.86 2.99 2.94 2.94 3.00 3.00 2.91 2.94 3.04 3.12 3.23 3.33 3.50 3.80 4.02 4.00 3.87 3.77 3.82 3.90 3.86 3.77 3.70 3.61 3.51 3.43 3.29 3.09 2.99 3.13 3.36 3.49 3.50 3.44 3.36 3.28 3.23 3.17 3.07 3.00 3.04 3.10 3.08 3.01 2.91 2.82 2.76 2.72 2.68 2.65 2.62 2.58 2.54 2.50 2.44 2.39 2.33 2.27 2.20 2.14 2.06 1.99 1.91 1.82 1.74 1.65 1.56 1.46 1.36 1.27 1.22 1.20 1.21 1.26
5.13 3.31 1.76 1.53 1.53 1.58 1.61 1.72 2.17 2.64 2.90 2.85 2.81 2.92 2.98 2.90 2.79 2.74 2.77 2.84 2.92 3.03 3.30 3.76 4.08 4.07 3.94 3.87 3.89 3.80 3.66 3.67 3.75 3.92 4.13 4.21 4.06 3.81 3.56 3.36 3.29 3.33 3.41 3.43 3.34 3.21 3.08 2.97 2.85 2.73 2.62 2.56 2.61 2.71 2.74 2.72 2.70 2.67 2.65 2.64 2.62 2.60 2.56 2.51 2.47 2.41 2.35 2.29 2.23 2.16 2.09 2.02 1.94 1.86 1.77 1.69 1.60 1.51 1.41 1.31 1.24 1.25 1.30 1.32
3.51 2.13 0.99 0.97 1.30 1.78 2.11 2.61 3.09 3.15 2.88 2.67 2.80 2.92 2.84 2.73 2.61 2.54 2.61 2.79 2.93 3.09 3.71 4.68 5.05 4.78 4.49 4.34 4.12 3.83 3.65 3.61 3.63 3.75 3.94 4.14 4.31 4.39 4.32 4.07 3.73 3.47 3.37 3.35 3.29 3.18 3.08 3.03 2.91 2.68 2.48 2.44 2.48 2.51 2.52 2.52 2.51 2.54 2.59 2.61 2.62 2.61 2.58 2.54 2.49 2.44 2.38 2.32 2.26 2.19 2.12 2.05 1.97 1.89 1.80 1.72 1.63 1.53 1.43 1.31 1.21 1.16 1.15 1.12
2.57 2.07 1.89 2.39 2.78 3.32 3.71 3.83 3.61 3.16 2.79 2.84 3.12 3.15 3.11 2.90 2.59 2.58 2.86 3.28 3.63 4.23 5.95 7.07 6.48 5.35 4.71 4.40 4.10 3.88 3.75 3.64 3.52 3.42 3.35 3.38 3.57 3.86 4.08 4.18 4.10 3.86 3.59 3.44 3.40 3.39 3.33 3.20 3.04 2.89 2.75 2.62 2.54 2.54 2.57 2.52 2.46 2.44 2.45 2.51 2.60 2.63 2.61 2.57 2.52 2.46 2.40 2.34 2.28 2.21 2.14 2.07 2.00 1.92 1.83 1.74 1.65 1.54 1.43 1.30 1.14 1.00 0.85 0.69
3.84 3.88 4.06 3.87 3.73 3.87 4.07 4.03 3.67 3.30 3.36 3.64 3.63 3.40 3.14 2.80 2.67 2.88 3.45 4.31 5.26 7.16 8.65 8.01 6.19 5.06 4.52 4.19 3.96 3.83 3.75 3.67 3.59 3.48 3.34 3.23 3.14 3.14 3.24 3.38 3.52 3.62 3.60 3.49 3.42 3.43 3.40 3.28 3.14 3.07 3.07 3.05 3.03 3.04 3.02 2.93 2.72 2.43 2.31 2.46 2.63 2.68 2.66 2.60 2.54 2.48 2.42 2.36 2.30 2.23 2.16 2.09 2.02 1.94 1.86 1.77 1.67 1.56 1.44 1.30 1.12 0.90 0.65 0.40
4.44 4.59 4.35 3.59 3.30 3.46 3.68 3.92 4.14 4.35 4.60 4.48 4.03 3.58 3.12 2.84 3.03 3.44 4.22 5.93 8.28 9.86 9.14 6.88 5.31 4.63 4.27 4.02 3.83 3.71 3.63 3.57 3.54 3.52 3.49 3.40 3.21 3.10 3.13 3.21 3.23 3.22 3.23 3.25 3.23 3.19 3.18 3.21 3.19 3.14 3.16 3.27 3.38 3.41 3.33 3.13 2.88 2.71 2.79 2.92 2.88 2.77 2.70 2.63 2.56 2.49 2.43 2.37 2.31 2.24 2.18 2.11 2.03 1.96 1.87 1.79 1.69 1.58 1.47 1.33 1.15 0.93 0.68 0.44
4.59 4.71 4.80 4.72 4.84 4.68 4.63 5.04 5.56 5.81 5.74 5.30 4.77 4.36 4.13 4.08 4.12 4.24 4.94 7.83 10.38 10.07 7.39 5.69 4.80 4.30 3.99 3.79 3.64 3.52 3.45 3.41 3.39 3.39 3.43 3.46 3.43 3.37 3.38 3.45 3.50 3.40 3.22 3.11 3.03 2.98 2.97 2.97 2.99 3.05 3.13 3.21 3.31 3.40 3.40 3.37 3.47 3.79 3.98 3.74 3.26 2.92 2.75 2.65 2.57 2.50 2.44 2.38 2.32 2.25 2.19 2.12 2.05 1.98 1.89 1.80 1.71 1.61 1.49 1.36 1.20 1.01 0.80 0.63
5.12 5.57 6.62 7.49 8.01 8.23 8.83 9.67 9.81 9.30 7.85 6.55 5.73 5.20 4.85 4.88 5.33 6.14 8.05 10.63 10.56 7.60 5.32 4.51 4.04 3.77 3.63 3.50 3.38 3.31 3.28 3.27 3.31 3.38 3.44 3.47 3.48 3.48 3.43 3.41 3.45 3.46 3.32 3.09 2.92 2.80 2.68 2.57 2.56 2.64 2.78 2.98 3.16 3.22 3.30 3.64 4.09 4.28 4.10 3.75 3.38 3.03 2.79 2.65 2.57 2.50 2.44 2.38 2.32 2.25 2.19 2.13 2.07 1.99 1.91 1.83 1.74 1.63 1.53 1.40 1.26 1.09 0.88 0.70
6.02 6.49 7.52 8.50 9.53 10.57 11.60 12.51 12.75 12.14 11.34 10.69 10.12 10.07 9.77 9.32 9.70 10.91 11.67 10.91 8.68 5.34 4.09 3.67 3.50 3.36 3.27 3.22 3.16 3.11 3.04 3.00 3.10 3.27 3.37 3.37 3.36 3.39 3.44 3.42 3.33 3.31 3.34 3.20 2.93 2.64 2.46 2.45 2.54 2.60 2.70 3.04 3.22 3.15 3.13 3.28 3.38 3.18 2.95 2.94 2.98 2.89 2.73 2.61 2.54 2.48 2.43 2.37 2.30 2.25 2.20 2.14 2.07 2.00 1.92 1.84 1.76 1.67 1.57 1.45 1.33 1.18 1.01 0.82
7.28 7.22 7.46 8.07 8.87 9.33 9.57 9.82 10.07 10.96 11.77 12.49 13.02 13.22 13.27 12.61 12.25 12.10 10.50 7.36 5.79 4.71 3.83 3.35 3.11 3.03 3.03 3.04 3.01 2.87 2.68 2.75 3.07 3.27 3.29 3.28 3.33 3.40 3.45 3.47 3.44 3.49 3.68 3.75 3.46 3.13 2.92 2.88 2.98 3.19 3.61 3.92 3.61 3.27 3.08 2.90 2.64 2.39 2.35 2.45 2.56 2.61 2.59 2.55 2.50 2.46 2.40 2.34 2.29 2.25 2.20 2.14 2.07 2.00 1.93 1.85 1.77 1.69 1.60 1.50 1.40 1.28 1.16 1.03
8.42 7.61 7.13 7.56 7.74 7.29 6.54 6.15 6.26 7.29 7.91 8.17 8.00 6.75 6.93 6.91 7.63 6.74 6.13 4.50 4.27 3.72 3.14 2.63 2.43 2.58 2.77 2.84 2.84 2.81 2.92 3.33 3.60 3.48 3.28 3.23 3.29 3.35 3.39 3.41 3.47 3.62 3.85 4.14 4.37 4.41 4.27 4.15 4.23 4.64 5.01 4.67 3.88 3.35 3.07 2.88 2.70 2.53 2.42 2.40 2.43 2.46 2.48 2.48 2.45 2.41 2.36 2.32 2.30 2.25 2.19 2.12 2.06 2.00 1.93 1.86 1.79 1.71 1.63 1.54 1.45 1.36 1.27 1.20
9.52 8.34 7.38 7.40 6.95 5.93 5.01 4.42 3.97 3.59 3.15 3.14 2.74 2.54 2.47 2.57 2.88 3.15 3.16 2.73 2.53 2.62 2.30 1.76 1.66 2.09 2.43 2.60 2.72 3.04 3.56 3.80 3.60 3.25 3.08 3.09 3.16 3.21 3.28 3.34 3.41 3.52 3.67 3.96 4.49 5.01 5.34 5.55 5.71 5.63 5.06 4.21 3.64 3.30 3.06 2.86 2.69 2.51 2.36 2.32 2.35 2.39 2.40 2.40 2.38 2.35 2.34 2.32 2.28 2.23 2.16 2.10 2.04 1.99 1.93 1.86 1.79 1.72 1.65 1.58 1.50 1.43 1.36 1.31
11.09 9.55 7.65 6.53 5.26 4.29 3.71 3.22 2.69 2.14 1.63 0.86 0.44 1.32 1.45 1.70 1.90 2.17 2.23 2.20 2.35 2.43 1.82 0.95 1.55 2.18 2.42 2.53 2.69 2.97 3.10 2.91 2.72 2.68 2.73 2.80 2.92 3.08 3.23 3.35 3.45 3.51 3.55 3.73 4.00 4.33 4.70 4.99 4.90 4.29 3.58 3.33 3.27 3.17 3.02 2.81 2.58 2.39 2.27 2.21 2.17 2.19 2.25 2.29 2.30 2.30 2.31 2.28 2.23 2.17 2.12 2.07 2.02 1.97 1.92 1.86 1.79 1.73 1.67 1.60 1.54 1.48 1.43 1.40
12.57 10.24 6.71 4.59 3.37 2.86 2.37 2.04 1.72 1.28 0.70 0.42 0.43 0.58 0.55 0.43 0.64 0.88 1.59 2.19 2.37 2.10 1.64 2.19 3.08 3.00 2.62 2.44 2.42 2.41 2.29 2.15 2.20 2.36 2.48 2.62 2.81 3.02 3.19 3.34 3.46 3.53 3.60 3.66 3.58 3.47 3.54 3.60 3.31 2.96 2.88 3.03 3.13 3.06 2.97 2.90 2.78 2.61 2.46 2.31 2.15 2.05 2.05 2.08 2.14 2.20 2.22 2.20 2.16 2.12 2.09 2.05 2.00 1.94 1.89 1.83 1.78 1.73 1.67 1.62 1.57 1.52 1.48 1.46
13.01 9.72 5.55 3.81 2.78 2.05 1.29 0.89 0.65 0.40 0.29 0.31 0.37 0.53 0.67 0.70 0.98 1.42 1.69 1.68 1.66 2.48 3.83 4.36 3.98 2.99 2.32 2.03 1.92 1.90 1.91 1.94 2.06 2.23 2.45 2.75 3.02 3.18 3.27 3.37 3.48 3.59 3.69 3.69 3.65 3.69 3.71 3.56 3.32 3.21 3.23 3.28 3.33 3.32 3.25 3.18 3.06 2.88 2.69 2.55 2.43 2.29 2.15 2.05 2.03 2.06 2.09 2.12 2.12 2.09 2.05 2.00 1.95 1.90 1.85 1.80 1.76 1.71 1.66 1.61 1.57 1.54 1.51 1.49
10.90 8.32 5.04 3.64 2.60 1.91 1.36 0.99 0.83 0.73 0.68 0.72 0.79 0.93 1.16 1.26 1.36 1.46 1.14 0.84 2.01 3.70 4.10 3.11 2.34 1.91 1.59 1.45 1.39 1.41 1.49 1.65 1.91 2.23 2.56 2.89 3.12 3.26 3.43 3.57 3.63 3.68 3.71 3.74 3.87 3.95 3.87 3.69 3.58 3.58 3.61 3.61 3.62 3.69 3.69 3.55 3.32 3.11 2.94 2.82 2.74 2.69 2.57 2.38 2.24 2.14 2.08 2.07 2.06 2.03 1.97 1.92 1.87 1.84 1.80 1.76 1.71 1.67 1.64 1.60 1.57 1.54 1.52 1.51
8.37 6.69 4.50 3.27 2.23 1.74 1.45 1.12 0.90 0.83 0.76 0.68 0.70 0.82 0.84 0.63 0.80 1.24 1.44 2.23 3.35 3.56 2.12 1.40 1.37 1.11 0.91 0.80 0.80 0.95 1.24 1.61 2.01 2.37 2.64 2.82 2.95 3.19 3.56 3.78 3.76 3.72 3.72 3.78 3.83 3.77 3.70 3.70 3.72 3.80 3.87 3.85 3.77 3.71 3.69 3.66 3.59 3.52 3.35 3.05 2.83 2.76 2.77 2.75 2.62 2.44 2.26 2.09 1.96 1.88 1.83 1.80 1.79 1.77 1.73 1.69 1.66 1.62 1.59 1.57 1.55 1.52 1.51 1.51
6.38 5.30 3.75 2.72 1.85 1.43 1.27 1.05 0.78 0.62 0.50 0.35 0.25 0.31 0.96 1.88 2.39 2.84 3.26 3.55 3.42 1.76 1.05 1.25 1.11 0.78 0.45 0.32 0.50 0.92 1.38 1.82 2.24 2.53 2.72 2.86 3.05 3.41 3.75 3.79 3.68 3.67 3.76 3.85 3.93 4.07 4.21 4.24 4.17 4.06 3.95 3.92 3.94 3.91 3.81 3.76 3.80 3.78 3.66 3.47 3.24 3.10 3.04 2.93 2.80 2.63 2.42 2.19 1.94 1.74 1.64 1.64 1.66 1.65 1.63 1.60 1.58 1.55 1.53 1.52 1.50 1.49 1.49 1.49
5.05 4.32 3.16 2.29 1.62 1.21 0.97 0.87 0.68 0.46 0.36 0.23 0.22 0.73 1.42 1.98 2.45 2.77 3.00 2.91 1.81 0.92 1.24 1.12 0.93 0.71 0.35 0.25 0.62 1.20 1.65 2.02 2.39 2.66 2.88 3.14 3.40 3.66 3.79 3.70 3.60 3.67 3.81 3.93 4.07 4.22 4.30 4.30 4.22 4.09 3.99 4.00 4.05 4.15 4.24 4.20 4.04 3.89 3.83 3.84 3.81 3.65 3.41 3.19 3.03 2.83 2.57 2.31 2.10 1.91 1.75 1.60 1.48 1.44 1.45 1.44 1.44 1.43 1.43 1.44 1.44 1.45 1.45 1.45
4.28 3.74 2.75 1.97 1.45 1.07 0.79 0.69 0.64 0.49 0.40 0.43 0.50 0.78 1.02 1.15 1.28 1.31 1.00 0.43 0.66 1.06 1.10 0.97 0.87 0.72 0.57 0.62 0.97 1.45 1.81 2.12 2.54 2.88 3.14 3.44 3.68 3.81 3.89 3.87 3.82 3.83 3.91 4.05 4.14 4.11 4.08 4.05 4.03 4.07 4.13 4.18 4.19 4.18 4.22 4.28 4.25 4.12 3.98 3.89 3.79 3.61 3.45 3.36 3.25 3.04 2.82 2.62 2.45 2.32 2.15 1.83 1.45 1.21 1.10 1.09 1.15 1.23 1.29 1.31 1.33 1.35 1.38 1.41
3.83 3.36 2.49 1.82 1.29 0.90 0.64 0.45 0.54 0.52 0.46 0.58 0.67 0.79 0.91 0.93 0.83 0.58 0.43 0.64 0.77 0.74 0.87 0.97 0.96 0.97 0.98 1.09 1.27 1.53 1.93 2.41 2.87 3.15 3.37 3.79 4.13 4.23 4.33 4.33 4.23 4.08 4.11 4.26 4.26 4.21 4.22 4.18 4.21 4.38 4.56 4.64 4.62 4.46 4.23 4.12 4.15 4.19 4.12 3.94 3.73 3.55 3.41 3.28 3.16 3.07 2.98 2.88 2.75 2.58 2.42 2.25 1.94 1.50 1.22 1.11 1.08 1.06 1.03 1.05 1.13 1.22 1.29 1.34
3.80 3.33 2.55 1.94 1.47 1.10 0.74 0.44 0.55 0.70 0.76 0.92 1.02 1.00 0.92 0.83 0.66 0.44 0.27 0.36 0.42 0.37 0.61 1.02 1.28 1.37 1.43 1.44 1.49 1.86 2.46 3.01 3.18 3.21 3.71 4.56 4.94 4.83 4.75 4.68 4.49 4.33 4.42 4.49 4.39 4.38 4.37 4.33 4.36 4.52 4.76 4.89 4.91 4.85 4.67 4.36 4.14 4.07 4.07 3.98 3.82 3.69 3.60 3.45 3.28 3.17 3.05 2.91 2.84 2.74 2.57 2.45 2.40 2.27 2.04 1.78 1.51 1.25 1.09 1.02 1.04 1.10 1.18 1.25
4.14 3.67 2.90 2.33 1.89 1.56 1.37 1.41 1.74 2.20 2.43 2.45 2.13 1.56 1.09 0.79 0.58 0.37 0.11 0.21 0.31 0.54 0.87 1.26 1.58 1.75 1.80 1.86 2.10 2.65 3.22 3.43 3.16 3.24 4.59 5.72 5.69 5.04 4.83 4.88 4.71 4.64 4.75 4.75 4.71 4.72 4.65 4.62 4.60 4.54 4.52 4.56 4.66 4.80 4.86 4.75 4.48 4.22 4.08 3.99 3.90 3.77 3.70 3.66 3.55 3.38 3.19 2.98 2.83 2.78 2.71 2.58 2.51 2.50 2.38 2.15 1.90 1.73 1.65 1.54 1.30 1.10 1.06 1.13
4.51 4.08 3.38 2.96 2.76 2.89 3.38 3.53 3.69 3.51 3.05 2.45 1.86 1.45 1.15 0.98 0.87 0.69 0.52 0.48 0.65 1.10 1.37 1.49 1.67 1.88 2.18 2.52 2.84 3.38 3.66 3.57 3.27 3.72 5.75 6.46 5.68 5.00 5.22 5.48 5.10 4.91 5.11 5.19 5.10 5.02 4.98 4.95 4.85 4.72 4.61 4.49 4.44 4.50 4.62 4.73 4.70 4.51 4.34 4.27 4.22 4.04 3.83 3.66 3.50 3.34 3.24 3.11 2.93 2.83 2.83 2.76 2.58 2.49 2.48 2.42 2.26 2.08 1.90 1.74 1.56 1.28 1.06 1.02
4.81 4.40 3.91 3.91 4.19 4.42 4.37 4.04 3.46 2.71 2.08 1.71 1.48 1.36 1.29 1.38 1.49 1.43 1.35 1.30 1.38 1.55 1.56 1.61 1.81 2.25 2.65 2.88 3.23 3.84 4.05 4.03 3.95 4.54 6.17 6.28 5.42 5.51 6.27 6.02 4.94 4.87 5.46 5.46 5.22 5.24 5.28 5.08 4.89 4.86 4.91 4.90 4.79 4.61 4.50 4.57 4.71 4.73 4.67 4.64 4.61 4.48 4.18 3.77 3.45 3.20 3.08 3.08 3.04 2.88 2.77 2.79 2.79 2.72 2.66 2.61 2.50 2.28 1.96 1.71 1.60 1.48 1.24 1.05
5.26 4.84 4.44 4.31 4.11 3.63 2.97 2.45 2.06 1.75 1.60 1.55 1.52 1.57 1.74 2.01 2.12 2.04 2.12 2.15 1.98 1.84 1.86 1.99 2.25 2.61 2.94 3.43 4.10 4.51 4.53 4.55 4.55 5.03 6.30 6.45 6.24 6.88 6.92 5.80 4.88 5.38 5.82 5.46 5.35 5.57 5.47 5.12 4.98 5.01 5.04 5.06 5.00 4.86 4.73 4.68 4.71 4.74 4.70 4.57 4.52 4.51 4.35 4.00 3.67 3.37 3.08 2.97 2.97 2.94 2.91 3.01 3.07 2.97 2.77 2.60 2.47 2.31 2.09 1.85 1.65 1.55 1.40 1.18
