windninja/windninja_output/Output_2025-10-23_2300-2350_Google earth_Fire_150m_10min/merlingen_7.5mi_point_10-23-2025_2320_150m_ang.asc
ncols	158
nrows	163
xllcorner	391686.332397
yllcorner	5160024.123721
cellsize	150.000000
NODATA_value	-32768.000000
[rows 0 to 41 of 163, columns 0 to 93 of 158]
271 269 267 266 265 267 267 262 259 259 257 249 236 231 235 244 254 259 263 272 277 266 252 251 257 262 262 256 254 254 254 253 254 254 252 257 262 262 263 261 258 257 258 260 263 266 270 272 270 267 265 264 264 264 263 261 259 258 260 262 260 257 255 254 251 248 249 253 258 261 261 259 256 253 253 254 254 255 257 258 256 251 250 253 254 253 248 246 246 244 242 242 241 239
271 271 270 269 268 267 264 262 262 261 258 249 237 234 239 247 254 260 266 271 274 269 260 256 257 259 260 258 257 256 255 255 255 255 256 258 260 261 262 262 261 260 260 262 264 266 268 270 271 270 267 266 265 264 262 261 260 260 261 261 260 259 257 256 254 252 253 255 258 261 261 258 256 255 256 255 254 255 258 258 255 252 252 253 253 253 250 248 248 246 246 246 245 243
272 272 272 271 270 267 263 263 265 265 262 251 241 241 246 252 257 262 266 268 268 271 271 263 259 257 258 259 259 258 257 258 258 259 261 261 260 261 262 262 264 264 264 266 267 267 268 268 269 270 269 267 265 262 262 262 262 262 261 260 260 261 260 259 258 258 257 258 259 260 259 258 259 259 259 256 254 256 258 257 252 252 254 253 253 255 253 250 249 249 251 252 250 249
273 271 270 270 269 267 266 267 268 268 263 251 245 249 254 259 261 263 264 264 264 268 273 270 263 259 257 257 258 257 258 259 261 263 264 263 263 262 263 265 266 266 268 269 269 269 269 267 265 266 267 265 262 262 262 263 263 263 262 261 261 261 261 260 259 259 259 260 261 260 258 259 260 260 260 258 258 258 257 255 251 251 253 253 255 257 254 251 250 249 250 253 253 252
274 271 269 268 268 269 271 273 272 268 259 251 249 255 261 263 263 263 262 261 262 267 273 276 269 263 259 257 256 256 256 258 261 264 265 264 264 264 266 268 269 269 270 270 269 269 267 266 265 264 263 262 262 262 262 262 263 264 264 263 262 262 261 261 261 261 261 261 261 260 258 259 261 261 260 260 261 261 258 254 252 253 254 255 257 258 258 257 255 252 250 252 255 255
276 274 271 269 269 271 274 275 272 265 258 256 256 261 266 265 263 261 260 260 262 267 274 281 277 270 264 260 258 258 257 259 261 261 262 263 265 267 268 269 270 271 271 270 268 266 265 265 264 262 260 259 261 262 262 262 264 264 265 264 263 262 261 262 262 262 262 262 262 259 257 259 262 262 259 259 261 263 260 254 253 257 259 258 258 258 260 264 265 262 258 257 257 258
275 276 276 274 272 272 273 272 268 264 262 262 264 268 268 267 263 260 259 260 262 266 272 281 283 276 269 266 264 262 261 262 262 260 261 264 267 268 268 268 268 269 269 268 266 265 265 264 263 261 259 259 260 261 262 263 264 265 266 266 265 263 261 261 261 262 262 263 262 259 257 259 261 261 260 259 259 260 257 252 255 260 262 261 260 259 260 266 272 274 272 268 264 262
274 275 277 278 276 273 272 269 266 266 267 269 272 271 269 267 265 262 260 261 262 264 268 276 283 281 275 272 269 266 266 266 264 263 263 266 267 266 266 265 265 266 265 265 265 265 265 264 262 260 260 261 260 259 261 264 265 266 267 268 267 264 261 259 259 261 263 264 263 261 260 261 260 259 260 260 259 258 252 251 258 263 263 262 261 260 262 265 270 276 279 276 272 269
274 274 275 277 277 274 271 268 267 269 272 276 278 276 271 268 266 265 262 262 263 264 266 270 279 284 280 275 271 269 270 269 267 265 266 267 266 264 263 263 263 264 264 264 265 265 264 264 263 261 261 262 261 260 263 265 267 267 268 268 266 265 263 260 258 260 264 265 263 260 262 263 261 258 259 260 260 256 251 254 262 266 267 265 264 263 263 265 269 273 277 277 275 275
274 274 274 275 275 273 271 270 270 272 275 278 282 281 273 268 267 267 266 264 264 264 265 267 272 280 282 275 273 273 272 270 269 267 267 265 264 263 262 262 262 263 264 265 265 265 264 264 264 263 263 263 262 264 266 267 268 267 266 264 263 265 265 264 263 264 265 265 262 258 259 262 262 260 259 259 259 257 255 259 264 266 269 271 270 269 268 269 272 271 270 272 275 276
274 274 274 274 273 273 272 272 273 274 275 279 283 284 277 272 269 269 269 268 266 265 265 266 268 273 278 275 272 273 272 269 269 269 267 264 262 262 262 262 262 263 263 263 263 264 265 264 263 263 265 265 265 267 268 266 265 265 263 261 262 264 265 269 271 271 269 265 260 258 260 262 262 261 259 258 259 262 265 267 266 265 267 271 275 276 275 275 274 270 266 270 273 273
274 274 274 273 273 273 273 273 274 274 276 278 282 284 281 276 273 272 272 272 270 268 266 265 265 266 268 270 271 272 270 268 269 269 267 264 262 262 263 263 263 262 262 261 261 261 262 261 260 262 267 268 267 268 268 266 264 262 261 260 261 263 268 275 278 276 272 267 262 263 264 263 262 262 260 259 262 266 272 274 269 265 265 269 275 279 277 275 273 269 268 269 270 271
274 274 274 273 273 274 274 274 274 275 276 277 280 282 281 279 277 275 273 273 273 271 267 264 262 260 260 266 269 270 269 269 269 269 266 264 264 265 265 264 263 263 261 259 259 257 254 254 256 261 265 267 267 268 269 269 266 262 258 257 261 265 271 278 281 280 276 274 275 274 269 265 264 266 267 267 266 268 271 273 271 269 268 270 273 275 274 272 269 268 268 267 267 270
274 274 274 274 274 274 274 274 274 275 276 277 279 280 280 279 279 280 277 274 273 271 267 263 259 257 259 264 267 268 269 269 269 268 266 265 266 266 265 264 263 261 259 258 258 256 252 249 253 259 263 264 265 265 268 271 270 264 256 256 261 267 272 278 281 280 279 283 288 287 277 271 270 272 274 273 271 270 268 269 272 273 273 271 269 269 270 268 264 264 268 266 264 265
274 274 274 274 274 274 273 273 274 275 276 277 279 281 278 277 279 281 281 276 272 269 265 261 259 259 261 263 265 265 266 269 269 268 268 267 265 263 262 261 260 257 255 258 259 258 257 255 253 253 258 262 262 263 266 269 272 268 261 260 264 270 274 275 275 277 281 285 292 298 293 282 278 276 275 275 274 271 267 270 275 277 275 271 266 265 267 264 258 259 265 265 262 262
274 274 274 274 274 274 274 274 274 275 276 277 280 283 281 278 277 278 279 276 272 269 265 261 260 262 263 263 263 265 267 268 268 267 267 265 263 260 258 257 256 255 255 259 260 258 260 263 260 256 257 260 262 264 264 264 266 269 267 266 269 272 275 273 270 273 279 283 287 300 305 293 283 278 276 277 274 270 269 274 278 277 273 269 265 263 262 260 257 255 260 263 262 262
274 274 274 274 274 274 274 274 274 275 276 277 279 284 286 280 275 274 274 274 272 269 265 263 263 263 264 264 264 266 268 267 263 261 260 260 261 259 257 256 257 258 260 260 259 259 259 260 264 266 264 263 264 265 263 260 260 265 269 271 272 273 274 272 270 271 275 280 284 291 300 298 289 285 283 279 274 272 276 276 274 270 269 265 263 261 259 257 259 261 261 261 260 260
274 274 274 274 274 274 274 274 275 275 276 277 278 282 285 282 276 273 272 271 269 268 266 266 265 263 263 265 267 267 265 261 256 253 254 257 260 260 259 259 260 261 262 261 259 260 261 261 265 270 271 269 266 264 262 261 261 263 269 272 272 272 272 271 272 272 274 278 280 282 289 296 294 293 292 285 280 278 276 272 266 265 264 260 258 258 258 257 263 270 270 264 260 260
274 274 274 274 274 274 274 274 275 275 275 276 278 280 282 281 277 273 271 269 267 267 267 267 266 264 264 265 267 265 261 256 252 252 254 257 259 261 261 262 262 262 262 262 261 262 266 269 268 268 270 271 269 265 264 264 264 265 268 271 271 270 269 271 273 274 273 274 275 278 285 291 291 291 292 290 285 278 271 265 264 265 264 261 257 256 257 260 264 270 275 269 264 262
274 274 274 274 274 274 274 274 275 275 274 275 277 278 279 279 276 273 270 268 267 267 267 267 266 265 264 264 264 263 259 254 252 254 257 259 261 263 264 264 263 262 262 261 263 265 268 271 270 268 268 270 271 270 269 268 266 265 267 270 269 267 268 272 274 274 273 272 275 280 285 287 285 284 286 287 280 273 268 266 266 268 268 266 262 259 258 259 262 267 273 273 267 265
274 274 274 274 274 274 274 274 274 275 275 275 276 276 276 276 274 272 271 270 269 268 268 267 266 265 264 263 262 261 257 253 252 256 260 262 263 265 265 264 263 262 261 262 265 268 268 268 269 268 268 269 272 275 274 271 268 266 266 266 266 265 269 273 274 275 275 276 279 282 281 279 278 279 282 281 273 267 266 267 269 270 270 270 268 263 260 259 263 268 272 273 267 265
274 274 274 274 274 274 274 274 274 274 275 274 275 275 275 274 273 272 271 270 269 269 268 267 266 264 263 262 261 260 257 254 255 260 263 264 264 264 263 262 260 260 261 264 266 267 267 268 269 269 269 270 272 274 275 274 272 270 266 264 263 265 269 273 275 278 280 280 280 278 273 270 271 275 280 282 275 266 263 265 267 268 268 270 271 266 261 261 265 269 271 270 264 264
274 274 273 274 274 274 274 273 273 274 275 274 274 274 274 274 273 272 271 270 269 269 268 267 265 264 263 261 260 260 260 259 262 265 265 265 264 261 260 261 261 261 262 263 265 267 269 270 270 270 270 270 271 272 274 275 275 273 269 263 263 266 269 274 280 283 284 282 276 269 265 264 268 273 278 285 283 272 265 262 261 261 264 268 272 270 266 266 267 268 268 265 261 263
274 274 274 274 274 274 274 273 273 274 275 275 274 273 274 274 273 272 271 270 269 269 268 266 265 263 261 259 260 262 263 265 267 265 264 264 263 261 261 262 263 263 262 263 266 270 270 269 269 270 270 270 270 271 274 276 275 275 271 266 264 266 270 278 285 286 284 278 268 261 260 262 269 274 278 282 285 279 271 263 258 257 260 263 269 274 275 271 268 267 265 259 259 263
274 274 274 274 274 274 273 273 273 274 274 274 274 273 273 273 273 273 272 271 270 269 267 266 264 261 258 257 260 264 267 269 269 267 264 262 261 262 264 265 266 266 265 267 270 270 267 266 267 269 270 270 271 273 274 275 275 273 272 269 266 269 275 281 285 283 277 268 260 257 259 266 274 278 276 272 277 282 278 269 261 258 257 257 262 272 277 274 270 268 263 254 259 264
274 274 274 274 274 273 273 273 274 274 274 274 274 274 273 273 273 272 272 271 270 269 267 266 263 259 254 255 260 265 268 271 272 270 266 262 260 262 267 269 269 269 270 271 270 265 263 265 267 268 270 270 272 273 275 276 274 270 269 270 273 277 281 281 279 275 269 259 254 255 263 275 280 278 271 262 267 279 285 279 271 263 257 255 258 265 271 272 271 270 265 256 258 262
274 274 274 274 274 274 273 274 274 273 273 273 274 274 273 273 273 272 271 271 270 269 268 266 263 257 252 255 260 262 266 270 274 275 271 264 260 263 267 271 272 273 275 273 270 265 263 265 267 269 268 268 271 274 278 278 271 265 267 274 281 285 284 279 271 265 258 252 251 258 270 279 281 277 270 259 261 272 286 291 282 271 263 259 260 261 262 263 266 268 267 264 261 260
274 274 274 274 274 274 274 274 274 273 273 273 273 273 273 273 273 272 271 271 270 270 269 267 263 257 254 257 259 259 261 267 273 276 276 271 266 265 268 272 274 275 277 275 271 268 265 264 266 269 268 267 269 274 278 279 267 264 271 279 283 284 282 275 266 259 251 247 254 265 273 277 278 275 269 260 261 267 277 291 290 280 273 269 267 262 256 255 260 262 265 270 270 263
274 274 273 273 273 274 274 274 273 273 273 273 273 273 274 274 273 273 272 272 271 271 270 268 265 261 260 261 258 255 256 262 269 273 277 279 275 270 271 274 276 277 278 276 274 270 267 264 264 268 270 268 268 271 274 275 268 268 273 280 283 281 276 269 263 257 250 250 263 272 274 274 273 269 264 264 266 266 269 281 291 289 281 276 271 263 257 258 259 258 259 268 276 272
274 274 273 273 273 274 274 274 273 273 273 273 273 273 273 274 273 273 273 273 272 271 270 269 268 268 269 267 260 253 253 257 262 270 279 286 283 275 274 277 278 278 277 275 274 271 269 268 268 268 268 267 267 266 266 266 269 271 273 278 282 278 268 261 259 257 254 258 269 275 277 273 266 262 260 266 270 266 266 273 287 294 287 278 271 265 263 265 263 257 255 261 273 279
274 274 274 273 273 274 274 273 273 273 273 273 273 273 273 274 274 274 273 273 272 272 271 271 272 274 275 271 263 256 254 256 261 270 281 289 286 279 277 278 279 277 274 272 270 270 272 274 273 268 265 265 264 262 260 256 262 272 274 275 276 273 262 255 256 261 262 265 270 275 277 270 263 262 264 269 269 264 264 269 280 292 289 280 274 270 269 268 264 258 254 256 264 276
274 274 274 273 273 274 274 273 273 273 273 273 273 273 273 274 274 274 274 274 273 273 273 273 274 277 278 274 266 259 260 264 267 272 278 286 286 281 279 277 276 274 271 269 268 269 272 275 272 267 266 265 263 260 256 250 257 269 275 274 272 266 256 252 258 266 270 270 271 273 273 268 267 270 272 270 267 264 263 266 272 282 285 282 278 276 273 268 264 260 257 255 257 267
274 274 274 273 274 274 274 273 273 273 273 273 273 273 273 273 273 274 274 275 274 275 275 275 277 279 280 277 271 266 268 270 270 270 274 283 287 282 278 274 270 269 268 268 267 269 272 271 267 266 267 266 265 262 256 252 259 266 270 271 269 262 251 251 260 268 276 277 272 270 269 270 274 277 276 272 269 265 264 265 266 268 276 280 279 276 273 269 264 261 260 258 258 264
273 273 273 274 274 274 273 273 273 273 273 274 273 273 273 273 273 274 275 275 275 276 277 278 279 281 282 281 279 277 274 271 269 267 269 281 289 280 274 270 267 266 266 266 266 269 270 267 265 266 266 267 267 264 259 259 265 267 265 264 265 262 254 253 259 265 275 281 275 270 270 274 276 276 275 275 274 270 265 261 257 257 266 275 278 275 271 269 265 261 259 260 262 267
274 273 273 274 274 274 273 273 273 273 274 274 274 274 273 273 274 274 275 275 276 277 279 280 280 281 282 284 286 284 279 273 270 269 269 275 285 278 270 267 265 262 263 263 265 268 268 265 265 267 267 266 267 266 264 266 270 271 265 261 261 262 261 259 258 261 269 280 281 278 275 273 271 270 273 277 278 276 268 258 251 251 257 267 275 274 268 267 266 261 259 262 266 271
274 274 273 274 274 274 273 273 273 273 274 274 274 274 274 274 274 275 275 276 276 278 279 281 282 282 284 286 288 287 284 280 277 275 271 268 271 271 266 262 260 258 260 262 265 267 268 267 268 268 267 266 266 267 268 270 271 271 268 264 262 263 267 266 260 259 264 275 284 284 278 269 266 266 271 277 278 275 271 264 256 251 252 258 266 274 271 266 265 264 264 265 268 270
274 274 274 274 273 273 273 273 273 273 274 274 274 274 274 274 275 275 275 276 277 278 279 280 282 284 286 287 288 289 290 288 283 278 271 264 259 259 259 257 257 258 260 263 266 267 268 268 269 268 267 268 267 269 271 271 269 269 268 265 264 264 269 273 266 260 263 271 280 281 273 266 265 268 273 275 274 269 269 271 266 257 252 252 259 271 278 269 266 269 270 268 267 269
274 274 275 274 273 272 273 273 274 273 274 274 274 274 275 275 275 276 276 277 277 278 279 280 282 285 288 291 293 293 293 290 284 277 269 263 254 250 252 255 258 261 264 266 268 268 269 269 268 267 270 271 270 270 271 272 269 267 266 266 264 264 268 275 272 266 266 270 273 269 263 264 269 275 275 270 272 269 265 269 270 263 255 251 257 267 278 275 270 272 273 270 269 272
274 275 275 274 273 273 273 273 274 274 275 274 274 274 275 275 276 276 276 277 277 278 279 281 283 285 289 296 298 293 290 287 282 276 269 260 248 247 254 257 261 264 267 268 269 269 271 270 268 268 272 274 273 270 271 274 272 268 266 265 263 261 263 269 272 269 269 270 268 260 262 270 275 274 266 266 274 276 262 262 266 264 258 256 260 264 271 277 274 272 272 270 273 276
274 275 274 273 273 273 273 274 275 275 275 275 275 275 275 276 276 276 277 277 278 278 279 280 282 286 291 297 296 290 286 286 283 277 269 256 245 251 256 259 263 267 270 272 271 270 271 272 270 269 271 275 277 273 272 274 274 270 266 264 259 254 252 258 267 269 270 269 264 263 272 277 275 265 258 268 277 282 264 258 256 256 260 263 265 265 268 276 277 272 268 271 275 274
274 274 274 274 273 274 274 275 275 276 275 275 275 275 275 276 276 276 277 278 278 279 280 280 282 285 289 293 293 288 286 286 284 278 268 256 254 258 259 260 264 268 273 274 273 271 271 273 273 270 270 275 282 281 274 271 271 270 266 261 255 247 246 253 263 268 268 267 265 271 277 274 268 261 262 272 279 284 267 257 249 248 257 264 265 267 271 276 276 271 268 269 270 269
274 274 274 274 274 274 275 275 275 275 276 276 276 276 276 276 276 277 277 278 279 279 279 280 282 284 287 289 291 289 286 285 284 279 270 263 264 267 267 267 268 270 271 272 274 275 273 272 272 272 272 275 281 282 275 269 266 265 263 258 252 247 248 253 259 267 267 266 269 273 270 265 265 267 271 276 278 273 260 254 250 250 255 261 266 269 270 269 270 271 271 267 263 263
