windninja/windninja_output/Output_2025-10-23_2300-2350_Google earth_Fire_150m_10min/merlingen_7.5mi_point_10-23-2025_2300_150m_vel.asc
ncols	158
nrows	163
xllcorner	391686.332397
yllcorner	5160024.123721
cellsize	150.000000
NODATA_value	-32768.000000
[rows 0 to 37 of 163, columns 0 to 83 of 158]
0.45 0.48 0.57 0.67 0.76 0.83 0.87 0.90 0.94 0.96 0.97 0.98 0.96 0.91 0.83 0.73 0.62 0.55 0.58 0.61 0.64 0.71 0.77 0.76 0.71 0.64 0.58 0.55 0.55 0.52 0.48 0.43 0.38 0.33 0.30 0.27 0.23 0.20 0.17 0.15 0.14 0.12 0.11 0.09 0.08 0.08 0.08 0.07 0.06 0.09 0.12 0.16 0.19 0.22 0.24 0.25 0.26 0.27 0.28 0.30 0.33 0.37 0.39 0.41 0.45 0.50 0.53 0.53 0.52 0.51 0.53 0.56 0.57 0.59 0.63 0.65 0.66 0.63 0.60 0.62 0.66 0.68 0.69 0.68
0.47 0.51 0.59 0.67 0.74 0.80 0.83 0.84 0.85 0.87 0.91 0.95 0.99 0.99 0.95 0.87 0.79 0.74 0.74 0.74 0.73 0.73 0.76 0.77 0.73 0.67 0.61 0.57 0.54 0.51 0.47 0.43 0.39 0.35 0.31 0.28 0.25 0.21 0.19 0.16 0.14 0.12 0.10 0.08 0.07 0.06 0.06 0.06 0.06 0.08 0.10 0.13 0.16 0.19 0.21 0.24 0.26 0.28 0.31 0.32 0.33 0.36 0.39 0.42 0.44 0.48 0.51 0.54 0.54 0.53 0.54 0.56 0.59 0.61 0.64 0.66 0.68 0.68 0.66 0.66 0.68 0.69 0.70 0.72
0.51 0.55 0.62 0.67 0.71 0.74 0.78 0.80 0.81 0.85 0.92 0.97 1.00 1.02 1.04 1.03 1.00 0.96 0.92 0.87 0.81 0.75 0.72 0.72 0.73 0.70 0.64 0.58 0.53 0.48 0.45 0.41 0.38 0.35 0.32 0.29 0.26 0.23 0.20 0.17 0.14 0.11 0.09 0.07 0.05 0.05 0.06 0.07 0.08 0.09 0.11 0.13 0.16 0.18 0.21 0.24 0.27 0.30 0.34 0.36 0.36 0.38 0.41 0.44 0.45 0.47 0.50 0.54 0.57 0.57 0.57 0.58 0.60 0.62 0.64 0.67 0.72 0.76 0.75 0.72 0.73 0.76 0.75 0.77
0.56 0.61 0.68 0.71 0.75 0.78 0.84 0.92 0.99 1.03 1.04 1.03 1.01 1.00 1.02 1.05 1.04 1.01 0.96 0.90 0.83 0.76 0.71 0.69 0.71 0.73 0.69 0.63 0.57 0.53 0.48 0.43 0.39 0.35 0.32 0.30 0.26 0.23 0.19 0.16 0.13 0.11 0.08 0.05 0.03 0.04 0.06 0.09 0.12 0.14 0.15 0.17 0.20 0.22 0.24 0.26 0.28 0.30 0.33 0.37 0.40 0.41 0.43 0.45 0.46 0.48 0.51 0.55 0.58 0.59 0.59 0.60 0.61 0.61 0.62 0.65 0.69 0.76 0.79 0.76 0.75 0.82 0.85 0.82
0.62 0.65 0.71 0.76 0.79 0.84 0.90 0.97 1.02 1.03 1.01 0.99 0.99 1.00 1.00 1.01 1.00 0.95 0.90 0.87 0.81 0.74 0.69 0.67 0.69 0.71 0.72 0.70 0.66 0.60 0.56 0.50 0.44 0.39 0.34 0.30 0.26 0.22 0.19 0.16 0.13 0.10 0.07 0.04 0.02 0.04 0.06 0.09 0.12 0.15 0.17 0.18 0.21 0.24 0.26 0.27 0.29 0.31 0.33 0.37 0.40 0.42 0.43 0.46 0.48 0.50 0.52 0.56 0.59 0.60 0.60 0.60 0.60 0.62 0.63 0.63 0.62 0.67 0.76 0.78 0.74 0.76 0.86 0.88
0.65 0.66 0.71 0.78 0.84 0.89 0.92 0.93 0.92 0.90 0.90 0.91 0.93 0.95 0.96 0.95 0.94 0.90 0.83 0.80 0.77 0.71 0.65 0.62 0.63 0.64 0.66 0.67 0.65 0.62 0.58 0.54 0.50 0.44 0.38 0.32 0.28 0.25 0.21 0.17 0.13 0.09 0.06 0.03 0.01 0.03 0.06 0.09 0.12 0.14 0.17 0.19 0.21 0.23 0.26 0.28 0.30 0.33 0.35 0.37 0.40 0.43 0.45 0.47 0.49 0.51 0.53 0.57 0.61 0.63 0.64 0.63 0.62 0.64 0.68 0.71 0.70 0.68 0.71 0.77 0.75 0.72 0.78 0.86
0.68 0.68 0.71 0.77 0.85 0.90 0.92 0.90 0.85 0.84 0.85 0.88 0.90 0.91 0.91 0.90 0.90 0.91 0.88 0.84 0.80 0.73 0.64 0.58 0.56 0.56 0.56 0.58 0.58 0.58 0.55 0.53 0.49 0.46 0.42 0.36 0.31 0.26 0.22 0.17 0.13 0.09 0.06 0.03 0.01 0.03 0.06 0.09 0.12 0.14 0.17 0.20 0.23 0.25 0.27 0.29 0.31 0.33 0.36 0.39 0.43 0.47 0.50 0.52 0.53 0.53 0.55 0.59 0.63 0.66 0.71 0.75 0.74 0.72 0.74 0.79 0.82 0.81 0.77 0.79 0.82 0.80 0.80 0.84
0.73 0.73 0.74 0.75 0.78 0.81 0.83 0.82 0.80 0.81 0.84 0.88 0.90 0.91 0.90 0.89 0.89 0.92 0.93 0.90 0.86 0.80 0.70 0.59 0.52 0.50 0.52 0.53 0.53 0.52 0.51 0.48 0.46 0.43 0.39 0.36 0.31 0.26 0.21 0.17 0.13 0.09 0.06 0.03 0.02 0.04 0.06 0.09 0.11 0.14 0.17 0.20 0.24 0.27 0.29 0.31 0.33 0.35 0.38 0.42 0.46 0.50 0.54 0.58 0.59 0.59 0.59 0.61 0.65 0.68 0.71 0.78 0.82 0.80 0.77 0.78 0.82 0.85 0.82 0.82 0.85 0.84 0.85 0.90
0.78 0.78 0.78 0.77 0.75 0.74 0.74 0.75 0.78 0.81 0.83 0.85 0.87 0.90 0.92 0.92 0.90 0.90 0.92 0.90 0.87 0.83 0.77 0.68 0.58 0.53 0.53 0.52 0.50 0.48 0.47 0.44 0.42 0.40 0.37 0.33 0.29 0.24 0.21 0.17 0.13 0.09 0.06 0.04 0.03 0.05 0.07 0.09 0.11 0.14 0.18 0.20 0.23 0.27 0.30 0.33 0.36 0.39 0.41 0.43 0.43 0.44 0.47 0.54 0.59 0.61 0.62 0.64 0.68 0.70 0.70 0.70 0.73 0.77 0.76 0.76 0.79 0.83 0.84 0.83 0.85 0.83 0.83 0.93
0.81 0.81 0.81 0.81 0.79 0.77 0.75 0.76 0.80 0.82 0.83 0.83 0.83 0.84 0.86 0.90 0.91 0.89 0.90 0.92 0.91 0.87 0.83 0.77 0.68 0.59 0.53 0.52 0.50 0.48 0.46 0.44 0.41 0.39 0.37 0.33 0.29 0.24 0.20 0.17 0.13 0.09 0.07 0.04 0.04 0.05 0.07 0.09 0.12 0.14 0.17 0.20 0.23 0.26 0.30 0.33 0.35 0.37 0.38 0.38 0.37 0.37 0.38 0.41 0.49 0.56 0.61 0.64 0.68 0.71 0.70 0.67 0.68 0.71 0.74 0.74 0.75 0.78 0.84 0.93 0.98 0.96 0.88 0.86
0.85 0.85 0.85 0.84 0.83 0.83 0.83 0.83 0.84 0.85 0.84 0.83 0.80 0.78 0.79 0.83 0.87 0.88 0.87 0.89 0.92 0.92 0.89 0.82 0.75 0.67 0.58 0.54 0.51 0.48 0.46 0.43 0.39 0.36 0.35 0.32 0.29 0.25 0.21 0.17 0.13 0.10 0.07 0.05 0.04 0.05 0.07 0.09 0.11 0.13 0.15 0.18 0.21 0.24 0.26 0.28 0.28 0.28 0.28 0.29 0.30 0.30 0.29 0.31 0.37 0.45 0.51 0.55 0.58 0.64 0.69 0.71 0.71 0.72 0.75 0.75 0.75 0.75 0.79 0.95 1.08 1.13 1.05 0.92
0.90 0.90 0.89 0.88 0.86 0.86 0.87 0.88 0.88 0.87 0.85 0.83 0.81 0.77 0.76 0.78 0.82 0.86 0.85 0.83 0.83 0.86 0.87 0.84 0.78 0.70 0.61 0.54 0.49 0.46 0.43 0.41 0.37 0.35 0.33 0.31 0.28 0.25 0.21 0.17 0.14 0.10 0.08 0.06 0.05 0.06 0.07 0.09 0.10 0.10 0.11 0.13 0.14 0.15 0.16 0.18 0.20 0.21 0.21 0.22 0.22 0.20 0.18 0.20 0.25 0.29 0.34 0.40 0.46 0.56 0.67 0.74 0.75 0.76 0.82 0.89 0.96 0.96 0.92 0.96 1.06 1.18 1.23 1.18
0.94 0.93 0.93 0.91 0.90 0.90 0.90 0.89 0.87 0.87 0.86 0.84 0.82 0.77 0.73 0.73 0.75 0.79 0.82 0.81 0.79 0.78 0.79 0.78 0.73 0.66 0.58 0.51 0.47 0.43 0.41 0.40 0.38 0.34 0.33 0.30 0.27 0.24 0.21 0.17 0.14 0.11 0.08 0.06 0.06 0.07 0.08 0.08 0.09 0.09 0.09 0.09 0.09 0.10 0.11 0.12 0.15 0.17 0.19 0.20 0.20 0.18 0.14 0.10 0.10 0.14 0.18 0.25 0.35 0.48 0.60 0.70 0.76 0.80 0.89 1.02 1.13 1.17 1.16 1.11 1.09 1.15 1.24 1.29
0.98 0.98 0.96 0.95 0.94 0.94 0.92 0.90 0.89 0.88 0.87 0.85 0.83 0.80 0.75 0.70 0.66 0.67 0.72 0.76 0.75 0.73 0.71 0.69 0.66 0.62 0.57 0.52 0.48 0.45 0.41 0.38 0.36 0.34 0.32 0.30 0.28 0.25 0.21 0.17 0.14 0.11 0.08 0.06 0.05 0.05 0.07 0.10 0.12 0.12 0.11 0.11 0.11 0.12 0.13 0.12 0.12 0.15 0.19 0.24 0.26 0.24 0.22 0.18 0.13 0.11 0.10 0.12 0.19 0.32 0.47 0.60 0.71 0.79 0.83 0.87 0.93 1.01 1.06 1.06 1.04 1.07 1.12 1.17
1.02 1.01 1.00 0.98 0.97 0.95 0.93 0.93 0.92 0.90 0.89 0.87 0.85 0.85 0.85 0.81 0.74 0.67 0.64 0.67 0.68 0.66 0.66 0.65 0.64 0.61 0.57 0.54 0.50 0.46 0.43 0.39 0.36 0.33 0.31 0.30 0.28 0.26 0.22 0.17 0.14 0.11 0.08 0.06 0.05 0.05 0.06 0.10 0.15 0.18 0.18 0.17 0.18 0.20 0.22 0.20 0.18 0.18 0.24 0.31 0.37 0.38 0.39 0.39 0.35 0.28 0.23 0.19 0.15 0.18 0.30 0.49 0.63 0.70 0.70 0.69 0.72 0.76 0.79 0.80 0.83 0.89 0.92 0.95
1.06 1.05 1.03 1.01 0.99 0.96 0.94 0.93 0.93 0.91 0.90 0.89 0.87 0.87 0.89 0.91 0.89 0.81 0.71 0.65 0.65 0.65 0.65 0.66 0.65 0.61 0.57 0.54 0.51 0.47 0.45 0.43 0.39 0.35 0.32 0.28 0.26 0.25 0.21 0.17 0.14 0.11 0.08 0.06 0.06 0.08 0.09 0.10 0.13 0.20 0.25 0.27 0.30 0.34 0.38 0.41 0.37 0.32 0.33 0.39 0.45 0.48 0.49 0.51 0.53 0.52 0.46 0.41 0.34 0.24 0.24 0.32 0.45 0.53 0.59 0.64 0.66 0.67 0.70 0.75 0.75 0.73 0.72 0.74
1.10 1.09 1.07 1.05 1.02 1.00 0.98 0.96 0.95 0.93 0.92 0.90 0.88 0.85 0.84 0.86 0.89 0.87 0.81 0.73 0.69 0.67 0.66 0.66 0.66 0.63 0.57 0.53 0.52 0.49 0.46 0.43 0.39 0.35 0.31 0.27 0.25 0.23 0.20 0.17 0.14 0.11 0.09 0.08 0.09 0.11 0.13 0.15 0.15 0.19 0.27 0.33 0.37 0.40 0.43 0.47 0.49 0.45 0.43 0.47 0.51 0.53 0.53 0.53 0.57 0.61 0.59 0.55 0.53 0.44 0.31 0.24 0.25 0.36 0.50 0.58 0.63 0.70 0.76 0.79 0.77 0.69 0.65 0.63
1.14 1.14 1.11 1.08 1.06 1.04 1.02 1.00 0.99 0.97 0.94 0.91 0.88 0.84 0.79 0.76 0.78 0.80 0.79 0.76 0.71 0.66 0.63 0.62 0.62 0.61 0.56 0.51 0.48 0.47 0.44 0.41 0.38 0.35 0.32 0.29 0.25 0.22 0.19 0.17 0.14 0.11 0.10 0.09 0.10 0.11 0.14 0.18 0.22 0.24 0.26 0.31 0.35 0.37 0.40 0.44 0.50 0.53 0.53 0.54 0.56 0.58 0.57 0.57 0.58 0.63 0.66 0.63 0.60 0.56 0.48 0.39 0.34 0.33 0.37 0.47 0.59 0.69 0.72 0.69 0.65 0.62 0.59 0.60
1.18 1.17 1.15 1.12 1.09 1.07 1.05 1.03 1.01 0.99 0.97 0.93 0.89 0.85 0.79 0.73 0.71 0.71 0.70 0.68 0.66 0.62 0.59 0.57 0.56 0.55 0.53 0.49 0.44 0.42 0.41 0.39 0.37 0.35 0.33 0.30 0.26 0.22 0.19 0.17 0.15 0.12 0.10 0.09 0.10 0.12 0.15 0.19 0.23 0.26 0.27 0.28 0.31 0.35 0.40 0.45 0.51 0.55 0.56 0.56 0.58 0.60 0.60 0.60 0.61 0.64 0.68 0.68 0.64 0.62 0.62 0.61 0.56 0.47 0.38 0.36 0.40 0.44 0.50 0.52 0.52 0.51 0.51 0.56
1.22 1.21 1.18 1.16 1.13 1.11 1.08 1.05 1.02 1.00 0.98 0.95 0.92 0.87 0.81 0.75 0.70 0.68 0.66 0.65 0.65 0.63 0.60 0.58 0.56 0.55 0.53 0.49 0.45 0.42 0.40 0.38 0.36 0.33 0.31 0.29 0.26 0.22 0.18 0.17 0.15 0.12 0.10 0.10 0.12 0.15 0.18 0.20 0.22 0.24 0.26 0.27 0.29 0.34 0.40 0.46 0.51 0.55 0.56 0.55 0.56 0.58 0.58 0.57 0.59 0.61 0.65 0.69 0.72 0.75 0.76 0.73 0.70 0.65 0.58 0.49 0.40 0.40 0.46 0.52 0.54 0.54 0.53 0.58
1.26 1.26 1.23 1.20 1.16 1.14 1.11 1.08 1.04 1.01 0.99 0.96 0.93 0.89 0.85 0.79 0.75 0.72 0.70 0.69 0.67 0.65 0.63 0.60 0.58 0.55 0.53 0.50 0.46 0.43 0.40 0.38 0.37 0.34 0.32 0.29 0.26 0.23 0.19 0.17 0.15 0.12 0.11 0.12 0.14 0.17 0.19 0.20 0.22 0.25 0.28 0.30 0.31 0.33 0.37 0.42 0.47 0.53 0.57 0.57 0.57 0.59 0.59 0.57 0.59 0.63 0.68 0.75 0.80 0.82 0.81 0.76 0.70 0.67 0.66 0.66 0.67 0.71 0.73 0.72 0.69 0.68 0.65 0.61
1.32 1.30 1.26 1.22 1.19 1.17 1.14 1.11 1.08 1.04 1.01 0.98 0.94 0.90 0.87 0.83 0.80 0.77 0.75 0.72 0.69 0.67 0.64 0.61 0.58 0.56 0.54 0.50 0.47 0.43 0.40 0.37 0.36 0.35 0.33 0.30 0.28 0.24 0.19 0.17 0.15 0.13 0.12 0.13 0.15 0.16 0.18 0.21 0.24 0.27 0.30 0.33 0.35 0.35 0.36 0.38 0.42 0.48 0.55 0.59 0.61 0.63 0.64 0.62 0.63 0.67 0.74 0.80 0.84 0.83 0.79 0.76 0.72 0.67 0.63 0.65 0.76 0.89 0.99 1.00 0.92 0.82 0.76 0.68
1.35 1.33 1.30 1.27 1.24 1.21 1.17 1.14 1.11 1.07 1.04 1.01 0.98 0.93 0.89 0.86 0.83 0.80 0.78 0.75 0.71 0.68 0.65 0.62 0.59 0.56 0.54 0.51 0.47 0.43 0.39 0.35 0.35 0.35 0.32 0.29 0.27 0.24 0.20 0.17 0.16 0.14 0.14 0.14 0.15 0.17 0.21 0.24 0.27 0.29 0.32 0.34 0.36 0.37 0.38 0.40 0.42 0.46 0.51 0.59 0.63 0.65 0.67 0.67 0.71 0.77 0.82 0.85 0.86 0.84 0.80 0.78 0.77 0.75 0.70 0.68 0.73 0.86 1.03 1.16 1.18 1.08 0.97 0.83
1.39 1.37 1.35 1.32 1.28 1.24 1.19 1.15 1.12 1.09 1.06 1.03 1.01 0.97 0.92 0.88 0.84 0.81 0.79 0.76 0.73 0.70 0.67 0.63 0.59 0.57 0.54 0.51 0.47 0.42 0.37 0.33 0.32 0.32 0.31 0.28 0.25 0.23 0.20 0.17 0.16 0.15 0.14 0.14 0.17 0.20 0.23 0.25 0.27 0.29 0.32 0.35 0.37 0.40 0.41 0.43 0.44 0.46 0.49 0.56 0.63 0.66 0.67 0.70 0.75 0.80 0.82 0.81 0.81 0.81 0.79 0.77 0.77 0.79 0.81 0.76 0.70 0.74 0.86 1.05 1.23 1.27 1.21 1.08
1.44 1.42 1.39 1.34 1.30 1.25 1.21 1.17 1.14 1.11 1.08 1.03 1.00 0.98 0.95 0.91 0.86 0.82 0.79 0.76 0.72 0.70 0.66 0.63 0.60 0.57 0.54 0.51 0.46 0.40 0.34 0.30 0.28 0.29 0.29 0.28 0.25 0.22 0.20 0.18 0.16 0.16 0.15 0.17 0.20 0.22 0.24 0.25 0.27 0.29 0.32 0.35 0.38 0.42 0.44 0.46 0.47 0.48 0.48 0.51 0.58 0.65 0.71 0.74 0.72 0.68 0.67 0.68 0.70 0.72 0.71 0.72 0.77 0.83 0.83 0.77 0.66 0.61 0.68 0.85 1.09 1.28 1.37 1.36
1.47 1.46 1.41 1.37 1.32 1.28 1.25 1.21 1.17 1.13 1.09 1.04 1.00 0.97 0.95 0.91 0.87 0.83 0.79 0.75 0.71 0.68 0.65 0.62 0.59 0.57 0.56 0.54 0.50 0.42 0.33 0.29 0.26 0.26 0.27 0.27 0.25 0.23 0.20 0.18 0.17 0.17 0.17 0.19 0.21 0.22 0.23 0.26 0.29 0.32 0.34 0.36 0.37 0.39 0.43 0.47 0.50 0.51 0.48 0.47 0.54 0.66 0.77 0.82 0.80 0.73 0.67 0.68 0.71 0.72 0.70 0.71 0.77 0.81 0.83 0.84 0.78 0.62 0.58 0.72 0.95 1.19 1.38 1.51
1.52 1.50 1.46 1.41 1.36 1.31 1.27 1.23 1.20 1.16 1.11 1.06 1.01 0.97 0.93 0.90 0.86 0.83 0.79 0.75 0.71 0.68 0.65 0.62 0.59 0.57 0.57 0.58 0.54 0.46 0.37 0.29 0.25 0.22 0.23 0.23 0.23 0.23 0.21 0.18 0.17 0.17 0.18 0.20 0.21 0.23 0.27 0.29 0.32 0.35 0.38 0.39 0.39 0.40 0.44 0.49 0.53 0.53 0.53 0.54 0.59 0.66 0.71 0.76 0.80 0.79 0.76 0.75 0.78 0.82 0.82 0.78 0.77 0.78 0.82 0.89 0.95 0.82 0.62 0.63 0.78 0.97 1.16 1.37
1.56 1.55 1.50 1.45 1.39 1.34 1.30 1.26 1.21 1.16 1.12 1.07 1.02 0.96 0.92 0.88 0.85 0.82 0.79 0.75 0.71 0.68 0.65 0.61 0.59 0.56 0.56 0.58 0.58 0.52 0.44 0.35 0.27 0.22 0.19 0.19 0.20 0.22 0.22 0.19 0.17 0.18 0.20 0.22 0.24 0.27 0.31 0.34 0.36 0.38 0.42 0.46 0.48 0.49 0.50 0.51 0.56 0.61 0.64 0.67 0.69 0.67 0.61 0.60 0.66 0.72 0.75 0.77 0.82 0.87 0.88 0.85 0.80 0.78 0.79 0.84 0.96 1.01 0.84 0.65 0.64 0.75 0.91 1.08
1.61 1.59 1.54 1.48 1.42 1.37 1.32 1.27 1.22 1.16 1.12 1.07 1.02 0.97 0.92 0.88 0.85 0.81 0.78 0.75 0.72 0.67 0.63 0.59 0.56 0.54 0.54 0.57 0.61 0.59 0.53 0.44 0.33 0.25 0.20 0.16 0.17 0.20 0.22 0.20 0.18 0.21 0.22 0.24 0.26 0.29 0.32 0.36 0.40 0.43 0.47 0.53 0.56 0.58 0.56 0.55 0.60 0.68 0.71 0.71 0.72 0.72 0.68 0.63 0.64 0.69 0.73 0.78 0.83 0.87 0.92 0.94 0.91 0.85 0.78 0.75 0.81 0.97 0.96 0.73 0.59 0.62 0.74 0.85
1.65 1.62 1.57 1.51 1.45 1.39 1.34 1.28 1.21 1.16 1.12 1.08 1.04 0.99 0.94 0.88 0.84 0.81 0.77 0.73 0.70 0.66 0.62 0.57 0.53 0.50 0.49 0.52 0.55 0.58 0.58 0.53 0.42 0.30 0.23 0.17 0.16 0.20 0.22 0.21 0.21 0.23 0.25 0.26 0.28 0.31 0.35 0.40 0.46 0.53 0.57 0.60 0.63 0.65 0.65 0.64 0.64 0.66 0.69 0.68 0.64 0.66 0.70 0.69 0.65 0.66 0.70 0.77 0.82 0.83 0.86 0.92 0.94 0.90 0.82 0.79 0.82 0.93 0.97 0.81 0.61 0.55 0.60 0.69
1.69 1.67 1.61 1.54 1.47 1.41 1.35 1.28 1.23 1.17 1.12 1.08 1.03 0.98 0.93 0.88 0.83 0.79 0.76 0.72 0.68 0.64 0.61 0.57 0.52 0.47 0.43 0.43 0.44 0.45 0.48 0.50 0.46 0.36 0.26 0.18 0.16 0.20 0.23 0.22 0.23 0.25 0.26 0.28 0.30 0.33 0.37 0.42 0.47 0.52 0.56 0.60 0.63 0.66 0.68 0.67 0.63 0.60 0.63 0.64 0.59 0.56 0.61 0.65 0.63 0.61 0.64 0.71 0.76 0.76 0.72 0.74 0.79 0.84 0.88 0.93 0.95 1.01 1.09 0.99 0.74 0.58 0.55 0.62
1.73 1.71 1.65 1.58 1.51 1.45 1.38 1.31 1.25 1.19 1.13 1.08 1.02 0.97 0.93 0.87 0.82 0.77 0.73 0.69 0.66 0.63 0.59 0.55 0.50 0.45 0.40 0.38 0.38 0.38 0.40 0.42 0.41 0.38 0.29 0.18 0.16 0.21 0.24 0.23 0.23 0.24 0.25 0.27 0.29 0.32 0.36 0.39 0.40 0.40 0.43 0.47 0.52 0.58 0.64 0.65 0.65 0.62 0.59 0.60 0.60 0.58 0.61 0.67 0.66 0.61 0.61 0.68 0.75 0.76 0.69 0.66 0.72 0.81 0.90 0.96 1.00 1.08 1.19 1.18 1.00 0.77 0.64 0.62
1.78 1.74 1.66 1.59 1.54 1.47 1.39 1.31 1.24 1.18 1.13 1.08 1.03 0.98 0.93 0.87 0.81 0.76 0.70 0.66 0.63 0.59 0.56 0.53 0.48 0.42 0.39 0.36 0.36 0.39 0.42 0.42 0.40 0.39 0.31 0.18 0.16 0.23 0.25 0.22 0.22 0.23 0.23 0.26 0.27 0.30 0.33 0.35 0.34 0.35 0.37 0.39 0.44 0.51 0.60 0.65 0.69 0.71 0.68 0.63 0.58 0.58 0.65 0.76 0.77 0.67 0.63 0.69 0.81 0.87 0.81 0.80 0.85 0.90 0.92 0.96 1.03 1.12 1.23 1.30 1.19 0.97 0.79 0.68
1.82 1.79 1.70 1.61 1.54 1.45 1.37 1.30 1.23 1.16 1.10 1.05 1.01 0.96 0.91 0.86 0.81 0.76 0.71 0.65 0.61 0.57 0.53 0.50 0.47 0.42 0.36 0.33 0.31 0.34 0.38 0.40 0.39 0.39 0.34 0.19 0.16 0.23 0.24 0.22 0.22 0.23 0.24 0.25 0.26 0.28 0.31 0.31 0.32 0.34 0.36 0.38 0.40 0.44 0.52 0.59 0.63 0.70 0.77 0.77 0.68 0.62 0.69 0.82 0.90 0.82 0.67 0.64 0.75 0.93 1.00 1.01 1.00 0.97 0.95 0.98 1.03 1.13 1.29 1.43 1.42 1.22 1.01 0.83
1.88 1.85 1.77 1.68 1.58 1.48 1.40 1.31 1.23 1.15 1.08 1.03 0.97 0.93 0.89 0.84 0.79 0.74 0.69 0.64 0.60 0.55 0.50 0.46 0.43 0.40 0.35 0.30 0.25 0.25 0.30 0.34 0.35 0.37 0.35 0.24 0.17 0.22 0.23 0.22 0.23 0.23 0.23 0.24 0.25 0.26 0.28 0.29 0.31 0.33 0.36 0.37 0.38 0.40 0.44 0.50 0.53 0.57 0.68 0.81 0.81 0.72 0.71 0.80 0.95 0.97 0.81 0.65 0.67 0.86 1.03 1.07 1.02 0.97 0.92 0.91 0.94 0.99 1.10 1.34 1.54 1.51 1.35 1.12
1.92 1.90 1.83 1.75 1.64 1.52 1.41 1.32 1.24 1.16 1.08 1.01 0.95 0.90 0.85 0.81 0.76 0.72 0.67 0.62 0.58 0.53 0.48 0.43 0.38 0.35 0.32 0.27 0.23 0.21 0.25 0.28 0.31 0.33 0.34 0.27 0.19 0.21 0.22 0.21 0.21 0.21 0.22 0.23 0.26 0.28 0.29 0.31 0.34 0.37 0.39 0.41 0.43 0.45 0.48 0.53 0.54 0.53 0.57 0.70 0.77 0.71 0.67 0.73 0.90 1.05 0.99 0.82 0.74 0.77 0.84 0.92 0.93 0.89 0.85 0.83 0.82 0.78 0.75 0.90 1.24 1.48 1.53 1.39
1.96 1.92 1.84 1.75 1.65 1.52 1.40 1.30 1.23 1.15 1.07 0.99 0.93 0.88 0.83 0.78 0.73 0.69 0.65 0.60 0.56 0.51 0.46 0.41 0.36 0.31 0.28 0.25 0.22 0.21 0.22 0.24 0.28 0.31 0.31 0.27 0.21 0.20 0.20 0.20 0.20 0.21 0.24 0.26 0.29 0.32 0.34 0.36 0.38 0.40 0.42 0.46 0.51 0.54 0.57 0.60 0.62 0.62 0.62 0.69 0.76 0.71 0.65 0.67 0.79 0.99 1.09 1.02 0.89 0.77 0.70 0.72 0.76 0.79 0.83 0.84 0.81 0.80 0.77 0.74 0.85 1.10 1.37 1.51
2.03 1.99 1.87 1.73 1.60 1.50 1.39 1.28 1.18 1.11 1.04 0.98 0.92 0.86 0.81 0.77 0.72 0.67 0.63 0.58 0.53 0.49 0.44 0.40 0.35 0.31 0.26 0.22 0.21 0.22 0.22 0.23 0.26 0.29 0.30 0.26 0.21 0.19 0.20 0.20 0.21 0.24 0.27 0.30 0.33 0.35 0.37 0.40 0.42 0.44 0.46 0.51 0.56 0.59 0.60 0.63 0.69 0.73 0.75 0.79 0.84 0.81 0.72 0.67 0.70 0.83 1.00 1.03 0.95 0.84 0.76 0.75 0.78 0.84 0.89 0.86 0.84 0.92 1.03 0.95 0.82 0.92 1.17 1.46
