windninja/windninja_output/Output_2025-10-23_2300-2350_Google earth_Fire_150m_10min/merlingen_7.5mi_point_10-23-2025_2310_150m_vel.asc
ncols	158
nrows	163
xllcorner	391686.332397
yllcorner	5160024.123721
cellsize	150.000000
NODATA_value	-32768.000000
[rows 38 to 75 of 163, columns 0 to 83 of 158]
5.71 5.71 5.64 5.40 5.12 4.97 4.88 4.85 4.86 4.89 4.85 4.71 4.62 4.62 4.60 4.55 4.49 4.45 4.40 4.38 4.35 4.29 4.25 4.23 4.16 4.03 3.89 4.01 4.82 5.68 5.60 5.30 5.13 4.85 4.60 3.55 2.10 2.08 2.80 3.01 3.16 3.46 3.70 3.93 4.16 4.18 4.06 3.93 3.75 4.05 4.48 4.32 4.01 4.10 4.43 4.33 4.04 4.07 4.30 4.63 4.70 4.17 3.37 2.74 2.68 3.61 5.28 5.60 3.97 2.64 2.72 3.43 3.69 2.98 2.02 2.13 2.30 1.91 2.20 2.79 2.39 2.14 2.36 2.93
5.66 5.62 5.44 5.21 5.04 4.91 4.84 4.90 4.96 4.94 4.82 4.67 4.61 4.64 4.63 4.57 4.51 4.47 4.43 4.42 4.38 4.33 4.30 4.27 4.21 4.12 4.13 4.42 4.91 5.13 4.98 4.82 4.64 4.46 4.05 2.74 1.82 2.44 3.11 3.29 3.50 3.78 4.12 4.29 4.31 4.37 4.31 4.02 3.87 4.31 4.77 4.59 4.24 4.40 4.86 4.71 4.32 4.25 4.45 4.60 4.34 3.85 3.38 2.87 2.71 3.55 5.34 5.34 3.62 2.99 3.58 3.92 3.41 2.25 1.77 2.55 2.67 1.90 1.94 2.65 2.35 2.01 2.30 3.06
5.53 5.53 5.32 5.13 5.02 4.92 4.93 5.03 5.04 4.90 4.74 4.68 4.67 4.69 4.68 4.61 4.54 4.50 4.48 4.47 4.44 4.40 4.33 4.30 4.28 4.23 4.27 4.41 4.45 4.57 4.80 4.64 4.28 4.00 3.27 2.25 2.16 2.79 3.29 3.62 3.89 4.26 4.62 4.50 4.35 4.53 4.51 4.24 4.08 4.35 4.93 5.03 4.82 4.90 5.03 4.74 4.25 4.05 4.19 4.19 3.66 3.17 3.29 3.35 3.02 3.62 5.16 5.01 3.80 3.89 4.04 3.47 2.70 1.87 2.04 3.15 2.85 1.84 1.78 2.30 2.19 2.03 2.51 3.26
5.39 5.39 5.24 5.10 5.01 4.98 5.04 5.09 5.02 4.83 4.73 4.76 4.74 4.72 4.70 4.63 4.56 4.54 4.53 4.52 4.50 4.41 4.32 4.33 4.33 4.26 4.27 4.28 4.23 4.49 4.77 4.46 4.00 3.56 2.80 2.36 2.58 3.00 3.58 4.16 4.56 4.97 4.89 4.56 4.70 4.99 4.85 4.49 4.20 4.42 5.27 5.52 4.99 4.56 4.44 4.24 3.66 3.29 3.48 3.52 3.09 2.74 3.26 3.85 3.61 3.89 4.86 4.97 4.49 4.26 3.49 2.86 2.66 2.14 2.65 3.53 2.63 1.57 1.46 1.82 2.05 2.16 2.78 3.45
5.23 5.21 5.11 5.02 4.99 5.07 5.11 5.05 4.97 4.85 4.79 4.80 4.78 4.74 4.71 4.63 4.58 4.56 4.56 4.55 4.49 4.38 4.33 4.37 4.34 4.25 4.25 4.25 4.31 4.55 4.62 4.28 3.84 3.34 2.89 2.77 3.04 3.77 4.47 4.82 5.02 4.98 4.69 4.91 5.26 5.02 4.48 4.01 3.86 4.35 5.40 5.52 4.42 3.68 3.69 3.70 3.21 2.80 2.89 3.10 2.97 2.85 3.45 4.00 4.13 4.46 4.90 5.21 4.85 3.78 2.86 2.91 3.02 2.67 3.28 3.52 2.13 1.22 1.13 1.53 2.01 2.30 2.92 3.79
5.06 5.04 4.97 4.95 5.06 5.17 5.10 4.98 4.94 4.88 4.81 4.81 4.80 4.73 4.67 4.63 4.58 4.56 4.58 4.56 4.47 4.39 4.38 4.38 4.34 4.28 4.27 4.33 4.38 4.41 4.33 4.10 3.76 3.43 3.23 3.23 3.77 4.63 4.88 4.76 4.64 4.52 4.78 5.31 4.98 3.96 3.45 3.48 3.80 4.52 5.46 5.28 3.94 3.18 3.22 3.20 2.87 2.59 2.67 3.03 3.21 3.35 3.73 4.00 4.57 5.24 5.40 5.33 4.54 3.22 2.83 3.33 3.35 3.17 3.50 3.04 1.64 0.93 0.96 1.49 2.04 2.51 3.35 4.42
4.87 4.83 4.82 4.96 5.11 5.09 4.98 4.93 4.93 4.88 4.82 4.81 4.78 4.69 4.66 4.63 4.60 4.61 4.63 4.58 4.48 4.43 4.40 4.37 4.34 4.32 4.36 4.40 4.32 4.22 4.16 4.06 3.84 3.61 3.48 3.64 4.25 4.62 4.40 4.14 4.10 4.51 5.20 5.19 4.05 3.06 3.06 3.58 4.37 5.19 5.47 4.77 3.54 2.85 2.79 2.81 2.60 2.49 2.76 3.25 3.60 3.85 3.98 4.27 5.27 5.92 5.64 4.98 3.88 2.99 3.06 3.45 3.39 3.27 3.11 2.23 1.09 0.62 0.87 1.55 2.24 3.01 4.02 4.52
4.66 4.69 4.83 5.02 5.02 4.94 4.93 4.94 4.90 4.86 4.83 4.80 4.75 4.70 4.69 4.68 4.66 4.68 4.66 4.58 4.51 4.45 4.39 4.36 4.38 4.41 4.41 4.32 4.21 4.16 4.15 4.10 3.96 3.76 3.67 3.88 4.14 4.17 4.03 3.94 4.17 4.81 5.26 4.61 3.24 2.84 3.40 4.29 5.24 5.47 4.83 3.91 3.08 2.47 2.43 2.60 2.53 2.63 3.15 3.68 4.01 4.29 4.54 5.13 6.03 6.08 5.37 4.42 3.18 2.70 3.01 3.20 3.20 3.02 2.50 1.66 0.68 0.44 1.02 1.92 2.83 3.61 4.08 3.78
4.57 4.69 4.89 4.91 4.81 4.83 4.90 4.90 4.86 4.85 4.85 4.81 4.75 4.73 4.72 4.71 4.70 4.68 4.64 4.56 4.50 4.43 4.38 4.40 4.43 4.42 4.33 4.23 4.19 4.16 4.14 4.11 4.01 3.87 3.84 3.91 3.97 4.04 4.08 4.11 4.35 4.77 4.91 4.00 2.85 3.11 4.13 5.19 5.52 4.75 3.83 3.20 2.62 2.30 2.31 2.51 2.71 3.15 3.84 4.26 4.46 4.86 5.44 5.86 6.02 5.61 4.73 3.82 2.81 2.55 2.87 2.95 3.00 2.79 2.20 1.47 0.68 0.58 1.43 2.46 3.18 3.53 3.44 3.03
4.56 4.67 4.76 4.63 4.55 4.72 4.86 4.86 4.84 4.85 4.85 4.80 4.75 4.73 4.72 4.71 4.68 4.65 4.60 4.55 4.47 4.39 4.39 4.42 4.42 4.36 4.27 4.22 4.20 4.17 4.13 4.10 4.02 3.92 3.85 3.82 3.95 4.09 4.10 4.15 4.31 4.59 4.47 3.50 2.98 3.77 4.92 5.47 4.89 3.76 3.13 2.62 2.30 2.42 2.42 2.59 3.21 3.91 4.67 4.89 4.85 5.37 5.83 5.69 5.42 4.95 4.02 3.31 2.72 2.55 2.74 2.74 2.78 2.55 2.03 1.44 0.90 0.98 1.78 2.64 3.12 3.12 2.98 2.74
4.51 4.56 4.53 4.33 4.34 4.69 4.88 4.85 4.82 4.82 4.82 4.76 4.70 4.68 4.70 4.69 4.65 4.61 4.57 4.51 4.44 4.40 4.42 4.42 4.39 4.33 4.28 4.24 4.21 4.18 4.14 4.09 4.04 3.98 3.87 3.82 3.97 4.07 4.05 4.11 4.26 4.35 3.98 3.33 3.52 4.58 5.31 5.04 4.11 3.12 2.48 2.20 2.30 2.59 2.62 3.00 3.93 4.85 5.48 5.22 4.90 5.32 5.54 5.24 4.94 4.45 3.63 3.04 2.67 2.53 2.59 2.58 2.53 2.27 1.85 1.46 1.21 1.40 1.97 2.63 3.00 2.99 2.87 2.70
4.46 4.43 4.26 4.04 4.23 4.73 4.91 4.86 4.81 4.81 4.79 4.71 4.67 4.66 4.67 4.67 4.63 4.58 4.55 4.49 4.44 4.45 4.43 4.41 4.40 4.36 4.29 4.24 4.21 4.18 4.15 4.11 4.08 4.02 3.94 3.91 4.02 4.11 4.09 4.08 4.11 4.05 3.75 3.54 4.02 4.96 5.10 4.31 3.41 2.49 1.95 2.16 2.60 2.85 3.05 3.70 4.85 5.80 5.74 4.89 4.45 4.75 5.09 5.14 4.80 4.14 3.41 2.86 2.57 2.46 2.47 2.45 2.29 1.99 1.72 1.53 1.51 1.70 2.13 2.64 2.97 3.05 2.90 2.69
4.40 4.29 4.03 3.96 4.41 4.89 4.95 4.91 4.82 4.78 4.74 4.69 4.68 4.67 4.67 4.66 4.63 4.57 4.54 4.50 4.48 4.48 4.44 4.40 4.42 4.38 4.28 4.23 4.22 4.19 4.16 4.13 4.09 4.04 3.99 3.99 4.08 4.13 4.05 3.95 3.93 3.98 3.90 3.82 4.29 4.92 4.60 3.64 2.75 1.95 1.76 2.42 3.08 3.29 3.68 4.66 5.83 6.02 5.08 4.10 3.80 4.08 4.82 5.36 4.83 3.85 3.16 2.67 2.44 2.37 2.36 2.30 2.07 1.82 1.69 1.69 1.72 1.85 2.23 2.71 3.04 3.10 2.94 2.72
4.27 4.10 3.88 4.08 4.73 5.04 4.95 4.92 4.85 4.79 4.72 4.68 4.67 4.64 4.63 4.62 4.61 4.55 4.52 4.52 4.51 4.48 4.43 4.40 4.41 4.34 4.25 4.22 4.22 4.19 4.16 4.13 4.09 4.05 4.03 4.04 4.05 4.02 3.94 3.83 3.86 4.08 4.07 3.97 4.31 4.60 4.00 2.94 2.25 1.87 2.04 2.97 3.53 3.71 4.35 5.62 6.12 5.32 4.11 3.45 3.34 3.70 4.95 5.69 4.73 3.53 2.92 2.49 2.31 2.27 2.24 2.14 1.92 1.78 1.80 1.85 1.83 1.90 2.27 2.80 3.07 3.08 3.00 2.84
4.08 3.93 3.84 4.20 4.80 4.91 4.75 4.84 4.93 4.80 4.65 4.64 4.61 4.57 4.57 4.59 4.59 4.52 4.51 4.53 4.49 4.43 4.40 4.40 4.37 4.29 4.24 4.22 4.21 4.19 4.16 4.12 4.09 4.07 4.05 4.04 4.01 3.97 3.92 3.80 3.86 4.18 4.19 4.03 4.10 4.13 3.38 2.34 2.17 2.44 2.98 3.55 3.86 4.16 5.11 6.07 5.59 4.32 3.46 3.14 3.20 3.77 5.34 5.88 4.50 3.27 2.70 2.30 2.19 2.20 2.15 2.03 1.86 1.81 1.93 1.96 1.89 1.96 2.35 2.80 2.94 3.06 3.17 3.04
3.93 3.94 4.08 4.47 4.90 4.87 4.65 4.78 4.86 4.61 4.47 4.52 4.51 4.52 4.56 4.58 4.55 4.50 4.50 4.49 4.43 4.39 4.39 4.38 4.33 4.27 4.25 4.23 4.21 4.19 4.15 4.12 4.10 4.08 4.06 4.03 4.00 3.97 3.93 3.83 3.94 4.30 4.30 3.97 3.76 3.60 2.96 2.28 2.69 3.28 3.50 3.67 3.96 4.58 5.61 5.91 4.72 3.50 3.06 3.11 3.36 4.13 5.67 5.88 4.31 3.08 2.45 2.08 2.11 2.18 2.10 1.95 1.81 1.86 2.01 2.04 1.94 2.07 2.49 2.71 2.73 3.05 3.32 3.20
3.91 4.08 4.37 4.67 4.93 4.82 4.58 4.59 4.59 4.43 4.35 4.41 4.46 4.50 4.55 4.55 4.51 4.49 4.47 4.43 4.42 4.40 4.39 4.36 4.31 4.26 4.24 4.22 4.20 4.17 4.14 4.12 4.10 4.08 4.05 4.03 4.00 3.96 3.93 3.89 4.03 4.29 4.17 3.71 3.37 3.25 2.91 2.71 3.28 3.56 3.35 3.57 4.04 4.71 5.73 5.48 3.89 2.91 2.89 3.27 3.67 4.58 5.90 5.76 4.13 2.90 2.24 1.90 2.07 2.21 2.04 1.80 1.75 1.93 2.09 2.09 1.98 2.22 2.67 2.65 2.64 3.07 3.34 3.21
3.90 4.07 4.27 4.33 4.39 4.33 4.18 4.19 4.32 4.39 4.33 4.34 4.43 4.48 4.48 4.47 4.46 4.46 4.43 4.41 4.41 4.39 4.36 4.33 4.29 4.25 4.24 4.22 4.19 4.17 4.14 4.12 4.09 4.07 4.04 4.02 3.99 3.96 3.94 3.93 4.01 4.06 3.85 3.47 3.26 3.22 3.14 3.24 3.54 3.37 3.11 3.70 4.16 4.71 5.75 5.02 3.18 2.62 2.97 3.52 4.12 5.06 5.92 5.50 3.94 2.65 2.03 1.77 2.01 2.12 1.81 1.64 1.84 2.07 2.16 2.11 2.07 2.45 2.82 2.72 2.74 3.07 3.23 3.11
3.87 3.96 4.03 3.94 3.92 3.98 3.94 3.93 4.13 4.39 4.40 4.33 4.41 4.46 4.41 4.41 4.43 4.42 4.40 4.37 4.37 4.37 4.35 4.32 4.27 4.24 4.22 4.20 4.18 4.15 4.13 4.11 4.08 4.06 4.03 4.01 3.98 3.95 3.93 3.92 3.91 3.84 3.69 3.52 3.46 3.44 3.47 3.52 3.47 3.13 3.03 3.80 4.15 4.76 5.64 4.42 2.73 2.65 3.23 3.92 4.66 5.33 5.68 5.17 3.70 2.38 1.81 1.65 1.78 1.79 1.59 1.75 2.08 2.18 2.21 2.12 2.24 2.72 2.93 2.84 2.82 2.97 3.05 3.00
3.80 3.85 3.91 3.89 3.94 4.03 4.02 3.99 4.17 4.59 4.61 4.37 4.38 4.41 4.35 4.38 4.42 4.39 4.36 4.33 4.36 4.36 4.32 4.31 4.25 4.22 4.21 4.19 4.17 4.14 4.12 4.10 4.07 4.04 4.02 4.00 3.97 3.94 3.91 3.88 3.85 3.78 3.70 3.63 3.60 3.61 3.55 3.44 3.31 2.99 2.95 3.67 4.11 4.82 5.42 3.95 2.62 2.94 3.73 4.43 4.94 5.20 5.26 4.86 3.60 2.30 1.68 1.51 1.50 1.52 1.65 2.04 2.25 2.25 2.28 2.22 2.48 2.94 3.00 2.85 2.75 2.81 2.88 2.86
3.75 3.78 3.82 3.84 3.90 4.00 4.10 4.17 4.43 4.82 4.63 4.24 4.19 4.28 4.32 4.37 4.38 4.35 4.33 4.33 4.33 4.30 4.30 4.30 4.22 4.18 4.19 4.16 4.15 4.13 4.11 4.08 4.06 4.03 4.01 3.98 3.95 3.92 3.89 3.86 3.82 3.77 3.71 3.66 3.64 3.60 3.46 3.33 3.21 2.93 2.84 3.46 4.22 4.93 5.12 3.75 2.73 3.31 4.23 4.71 4.83 4.86 4.85 4.55 3.59 2.37 1.65 1.35 1.27 1.56 1.94 2.20 2.31 2.36 2.40 2.40 2.74 3.08 2.95 2.70 2.57 2.65 2.74 2.68
3.69 3.67 3.67 3.68 3.72 3.84 4.03 4.23 4.51 4.62 4.29 3.93 3.95 4.24 4.39 4.36 4.33 4.32 4.32 4.31 4.28 4.28 4.32 4.28 4.19 4.16 4.16 4.14 4.13 4.11 4.09 4.06 4.04 4.02 3.99 3.96 3.93 3.91 3.87 3.84 3.80 3.76 3.71 3.67 3.63 3.56 3.45 3.34 3.21 3.01 2.92 3.46 4.39 4.89 4.76 3.60 2.93 3.71 4.52 4.67 4.55 4.51 4.48 4.24 3.54 2.52 1.72 1.18 1.19 1.79 2.15 2.23 2.40 2.54 2.51 2.58 2.96 3.05 2.73 2.47 2.37 2.50 2.62 2.53
3.53 3.50 3.50 3.54 3.61 3.75 3.94 4.16 4.35 4.34 4.15 3.94 4.06 4.41 4.46 4.34 4.29 4.31 4.32 4.30 4.28 4.31 4.33 4.23 4.15 4.12 4.12 4.12 4.11 4.09 4.07 4.04 4.02 4.00 3.97 3.94 3.92 3.89 3.86 3.82 3.79 3.75 3.70 3.66 3.61 3.55 3.48 3.40 3.31 3.18 3.12 3.52 4.33 4.70 4.36 3.47 3.32 4.15 4.59 4.48 4.27 4.12 4.07 3.96 3.46 2.69 1.79 1.03 1.27 2.02 2.26 2.32 2.57 2.70 2.59 2.72 3.01 2.80 2.43 2.29 2.23 2.38 2.49 2.42
3.40 3.38 3.38 3.44 3.55 3.71 3.91 4.18 4.36 4.34 4.26 4.17 4.32 4.45 4.34 4.29 4.30 4.32 4.33 4.27 4.25 4.28 4.24 4.14 4.08 4.08 4.10 4.10 4.09 4.07 4.05 4.03 4.00 3.98 3.95 3.93 3.90 3.87 3.84 3.81 3.77 3.74 3.70 3.65 3.60 3.55 3.51 3.46 3.40 3.32 3.23 3.43 4.08 4.42 3.94 3.37 3.76 4.41 4.45 4.22 3.97 3.77 3.74 3.71 3.36 2.75 1.77 1.05 1.53 2.25 2.38 2.50 2.75 2.79 2.67 2.77 2.82 2.48 2.22 2.17 2.16 2.28 2.37 2.35
3.23 3.20 3.24 3.37 3.54 3.76 4.03 4.30 4.39 4.34 4.30 4.24 4.28 4.24 4.17 4.26 4.29 4.31 4.29 4.21 4.23 4.21 4.14 4.06 4.01 4.04 4.10 4.11 4.09 4.05 4.03 4.00 3.98 3.96 3.93 3.91 3.88 3.85 3.82 3.79 3.76 3.72 3.68 3.64 3.61 3.57 3.54 3.50 3.45 3.40 3.27 3.36 3.94 4.12 3.57 3.42 4.12 4.48 4.28 4.02 3.74 3.61 3.60 3.45 3.17 2.67 1.70 1.32 1.96 2.42 2.48 2.67 2.89 2.82 2.67 2.65 2.50 2.28 2.13 2.07 2.11 2.17 2.27 2.40
2.99 2.99 3.09 3.30 3.56 3.86 4.13 4.30 4.32 4.29 4.26 4.21 4.15 4.12 4.14 4.21 4.26 4.28 4.23 4.21 4.21 4.14 4.08 4.03 3.99 4.06 4.14 4.12 4.05 4.01 4.00 3.98 3.96 3.93 3.91 3.88 3.86 3.83 3.80 3.78 3.74 3.71 3.68 3.64 3.61 3.58 3.55 3.52 3.48 3.43 3.35 3.43 3.84 3.90 3.42 3.53 4.28 4.47 4.19 3.96 3.71 3.53 3.35 3.06 2.93 2.53 1.74 1.79 2.35 2.52 2.57 2.79 3.00 2.82 2.56 2.40 2.27 2.19 2.04 1.95 2.04 2.07 2.23 2.59
2.76 2.81 3.02 3.30 3.60 3.83 3.98 4.11 4.18 4.15 4.18 4.27 4.20 4.12 4.13 4.19 4.28 4.25 4.20 4.21 4.15 4.04 4.02 4.00 3.97 4.04 4.15 4.08 3.99 3.99 3.99 3.96 3.93 3.91 3.89 3.86 3.84 3.81 3.79 3.76 3.73 3.70 3.67 3.64 3.61 3.58 3.55 3.52 3.49 3.47 3.45 3.49 3.71 3.80 3.40 3.45 4.25 4.48 4.22 4.02 3.60 3.07 2.74 2.76 2.88 2.50 2.10 2.35 2.57 2.56 2.63 2.88 3.06 2.77 2.36 2.20 2.21 2.13 1.87 1.82 1.93 2.03 2.36 2.88
2.72 2.81 3.12 3.44 3.69 3.81 3.85 3.95 4.02 4.01 4.19 4.39 4.20 4.02 4.06 4.17 4.21 4.13 4.12 4.15 4.06 3.96 3.98 3.98 3.93 4.03 4.13 4.02 3.98 4.01 3.96 3.92 3.90 3.89 3.86 3.84 3.82 3.79 3.77 3.74 3.71 3.68 3.65 3.63 3.60 3.58 3.55 3.53 3.51 3.49 3.50 3.50 3.62 3.70 3.40 3.43 4.12 4.46 4.29 3.96 3.10 2.17 2.23 2.84 3.09 2.82 2.66 2.64 2.58 2.58 2.66 2.92 3.05 2.65 2.23 2.15 2.19 1.99 1.64 1.66 1.88 2.16 2.68 3.33
2.77 2.90 3.22 3.47 3.68 3.89 3.95 3.99 4.10 4.20 4.44 4.51 4.16 3.97 4.06 4.11 4.07 4.00 4.04 4.14 4.08 3.94 3.95 3.97 3.96 4.04 4.08 4.00 3.98 3.98 3.92 3.88 3.87 3.86 3.84 3.82 3.79 3.77 3.75 3.72 3.69 3.67 3.64 3.62 3.59 3.57 3.55 3.53 3.51 3.50 3.51 3.51 3.56 3.58 3.46 3.55 3.99 4.29 4.20 3.67 2.51 1.79 2.40 3.18 3.34 3.14 2.86 2.58 2.51 2.59 2.66 2.91 3.00 2.56 2.24 2.13 2.04 1.78 1.45 1.55 2.02 2.58 3.37 4.36
2.94 3.19 3.52 3.61 3.84 4.20 4.16 4.00 4.13 4.42 4.62 4.43 4.14 4.06 3.99 3.93 3.97 3.99 4.07 4.20 4.08 3.89 3.93 4.00 3.96 3.95 3.93 3.91 3.92 3.92 3.88 3.85 3.85 3.84 3.82 3.80 3.77 3.75 3.73 3.70 3.67 3.65 3.62 3.60 3.58 3.56 3.54 3.52 3.51 3.50 3.50 3.50 3.51 3.50 3.51 3.59 3.78 3.89 3.87 3.43 2.39 2.10 2.79 3.34 3.40 3.17 2.80 2.50 2.51 2.61 2.65 2.87 2.93 2.56 2.21 2.03 1.85 1.57 1.38 1.74 2.47 3.32 4.39 5.01
3.34 3.68 4.12 4.36 4.73 4.96 4.55 4.08 4.14 4.60 4.67 4.33 4.18 4.07 3.89 3.83 3.95 4.06 4.11 4.09 3.91 3.81 3.94 3.99 3.88 3.74 3.72 3.84 3.90 3.91 3.88 3.83 3.83 3.82 3.80 3.77 3.75 3.73 3.70 3.68 3.65 3.63 3.61 3.58 3.56 3.54 3.53 3.51 3.50 3.49 3.48 3.48 3.47 3.48 3.50 3.53 3.58 3.55 3.55 3.32 2.65 2.54 3.02 3.35 3.33 3.03 2.72 2.58 2.59 2.63 2.61 2.77 2.89 2.53 2.07 1.92 1.74 1.47 1.47 2.11 2.92 3.82 4.69 4.62
3.50 3.67 4.02 4.44 4.89 4.94 4.51 4.29 4.70 5.27 5.22 4.82 4.54 4.28 4.07 3.98 3.99 4.06 4.00 3.85 3.76 3.80 3.89 3.94 3.68 3.32 3.54 3.92 3.96 3.94 3.89 3.83 3.82 3.80 3.77 3.75 3.73 3.70 3.68 3.65 3.63 3.61 3.58 3.56 3.54 3.53 3.51 3.50 3.48 3.47 3.46 3.45 3.45 3.45 3.45 3.45 3.44 3.40 3.37 3.24 2.91 2.84 3.13 3.29 3.13 2.84 2.73 2.73 2.67 2.58 2.49 2.71 2.91 2.43 1.96 1.86 1.68 1.52 1.65 2.34 3.13 3.80 4.19 4.30
3.42 3.44 3.54 3.69 3.91 3.80 3.46 3.81 4.81 5.41 5.07 4.59 4.39 4.20 4.05 3.93 3.88 3.91 3.83 3.69 3.71 3.75 3.83 3.84 3.29 2.92 3.58 4.10 4.05 3.97 3.90 3.84 3.82 3.78 3.74 3.72 3.71 3.68 3.65 3.63 3.60 3.58 3.56 3.54 3.52 3.51 3.49 3.48 3.46 3.45 3.44 3.43 3.42 3.41 3.40 3.39 3.36 3.33 3.27 3.18 3.05 3.02 3.12 3.11 2.93 2.79 2.81 2.79 2.65 2.43 2.37 2.81 2.92 2.27 1.84 1.77 1.72 1.67 1.83 2.35 2.97 3.40 3.59 4.57
3.31 3.31 3.37 3.40 3.39 3.28 3.04 3.31 4.27 4.67 3.75 3.23 3.27 3.30 3.40 3.46 3.54 3.69 3.73 3.64 3.61 3.66 3.79 3.70 3.14 3.03 3.77 4.23 4.12 3.95 3.90 3.86 3.82 3.76 3.70 3.70 3.69 3.65 3.62 3.60 3.57 3.55 3.53 3.52 3.50 3.48 3.47 3.46 3.44 3.43 3.41 3.40 3.39 3.38 3.36 3.34 3.31 3.27 3.22 3.16 3.10 3.07 3.05 2.99 2.89 2.85 2.82 2.76 2.59 2.39 2.46 2.88 2.82 2.06 1.70 1.74 1.83 1.80 1.83 2.11 2.50 2.97 3.58 5.31
3.17 3.23 3.32 3.30 3.28 3.31 3.30 3.49 4.01 3.97 3.08 2.79 2.88 2.91 3.01 3.09 3.26 3.51 3.61 3.54 3.56 3.70 3.79 3.67 3.34 3.28 3.76 4.16 4.09 3.94 3.87 3.81 3.80 3.73 3.67 3.69 3.66 3.61 3.59 3.56 3.54 3.52 3.51 3.49 3.47 3.46 3.44 3.43 3.42 3.41 3.39 3.38 3.36 3.34 3.33 3.30 3.27 3.23 3.19 3.14 3.10 3.06 3.03 2.97 2.92 2.87 2.79 2.72 2.59 2.52 2.59 2.77 2.59 1.88 1.64 1.76 1.92 1.85 1.65 1.79 2.21 2.89 4.20 5.87
3.10 3.19 3.22 3.14 3.23 3.39 3.48 3.64 3.77 3.46 3.06 3.03 3.04 3.04 3.11 3.16 3.27 3.43 3.49 3.46 3.58 3.75 3.79 3.72 3.45 3.31 3.63 3.98 4.02 3.97 3.83 3.75 3.81 3.77 3.70 3.67 3.62 3.57 3.54 3.53 3.51 3.49 3.47 3.46 3.44 3.43 3.42 3.41 3.40 3.38 3.37 3.35 3.34 3.32 3.30 3.27 3.24 3.20 3.17 3.13 3.08 3.05 3.01 2.96 2.91 2.85 2.77 2.70 2.64 2.63 2.59 2.55 2.32 1.84 1.71 1.84 1.95 1.82 1.48 1.62 2.25 3.38 5.00 5.69
2.99 3.02 3.01 2.98 3.13 3.35 3.44 3.53 3.49 3.28 3.22 3.24 3.19 3.20 3.27 3.32 3.36 3.45 3.50 3.50 3.58 3.66 3.66 3.60 3.39 3.30 3.52 3.76 3.90 3.95 3.82 3.76 3.85 3.87 3.73 3.59 3.54 3.53 3.51 3.50 3.48 3.45 3.43 3.42 3.41 3.40 3.39 3.38 3.37 3.36 3.35 3.33 3.31 3.29 3.27 3.24 3.21 3.18 3.15 3.11 3.07 3.04 3.00 2.95 2.89 2.84 2.77 2.72 2.69 2.64 2.54 2.42 2.22 1.94 1.87 1.99 1.98 1.75 1.42 1.65 2.73 4.24 5.27 4.68
2.67 2.72 2.80 2.81 2.98 3.27 3.38 3.41 3.39 3.31 3.30 3.30 3.27 3.30 3.37 3.39 3.42 3.50 3.55 3.54 3.54 3.56 3.53 3.50 3.37 3.23 3.35 3.57 3.77 3.90 3.89 3.83 3.86 3.85 3.63 3.46 3.47 3.50 3.51 3.46 3.41 3.40 3.39 3.38 3.38 3.37 3.37 3.36 3.35 3.34 3.33 3.31 3.29 3.27 3.25 3.22 3.19 3.16 3.13 3.09 3.06 3.02 2.98 2.94 2.89 2.83 2.78 2.74 2.70 2.62 2.51 2.39 2.26 2.08 2.02 2.11 1.97 1.66 1.47 2.02 3.54 4.68 4.61 3.34
