windninja/windninja_output/Output_2025-10-23_2300-2350_Google earth_Fire_150m_10min/merlingen_7.5mi_point_10-23-2025_2340_150m_vel.asc
ncols	158
nrows	163
xllcorner	391686.332397
yllcorner	5160024.123721
cellsize	150.000000
NODATA_value	-32768.000000
[rows 37 to 73 of 163, columns 0 to 83 of 158]
4.59 4.62 4.71 4.84 5.01 5.16 5.20 5.20 5.25 5.34 5.38 5.39 5.41 5.44 5.45 5.45 5.45 5.45 5.45 5.42 5.36 5.31 5.27 5.21 5.15 5.09 5.04 5.12 5.41 5.86 6.11 6.11 5.94 5.93 6.30 6.57 6.66 6.50 6.07 5.59 5.32 5.23 5.28 5.40 5.41 5.34 5.27 5.24 5.19 5.08 4.99 5.11 5.38 5.45 5.28 5.25 5.49 5.63 5.52 5.50 5.59 5.21 4.60 4.29 4.24 4.64 5.26 5.35 4.92 4.19 3.52 3.25 3.44 3.87 4.01 3.74 3.57 3.76 3.85 3.42 2.98 3.12 3.72 4.43
4.54 4.60 4.74 4.85 4.94 5.05 5.15 5.18 5.20 5.27 5.35 5.38 5.41 5.42 5.39 5.39 5.40 5.40 5.39 5.38 5.35 5.31 5.28 5.22 5.14 5.08 5.09 5.28 5.63 5.77 5.61 5.36 5.24 5.42 5.89 6.20 6.18 6.24 6.30 6.10 5.92 5.84 5.81 5.91 6.06 6.03 5.98 6.15 6.35 6.40 6.23 6.11 6.18 6.20 6.00 5.93 6.26 6.68 6.93 7.00 7.10 6.86 5.98 4.98 4.43 4.35 4.59 4.65 4.38 4.17 4.21 4.56 4.93 4.77 4.25 3.88 3.88 4.17 4.46 4.39 3.76 3.43 3.57 4.03
4.46 4.49 4.60 4.77 4.88 4.95 5.03 5.11 5.15 5.21 5.29 5.30 5.32 5.37 5.37 5.34 5.33 5.32 5.31 5.30 5.29 5.27 5.24 5.20 5.11 5.03 5.02 5.06 5.00 4.76 4.56 4.54 4.73 5.03 5.36 5.80 6.25 6.83 7.07 6.80 6.39 6.15 6.14 6.35 6.67 6.82 6.61 6.47 6.72 7.03 6.99 6.82 7.11 7.72 8.05 7.96 8.00 8.29 8.50 8.54 8.58 8.49 7.69 6.05 4.92 4.63 4.57 4.41 4.20 4.28 4.81 5.17 5.00 4.58 4.32 4.29 4.47 4.64 4.86 5.21 4.99 4.20 3.70 3.67
4.46 4.49 4.53 4.66 4.80 4.90 4.99 5.06 5.08 5.09 5.16 5.22 5.25 5.32 5.38 5.36 5.34 5.32 5.29 5.26 5.25 5.24 5.21 5.17 5.10 4.99 4.84 4.58 4.26 4.11 4.13 4.11 4.13 4.30 4.70 5.19 5.71 6.47 7.28 7.60 7.44 7.13 6.92 6.83 6.89 7.22 7.39 7.27 7.26 7.41 7.42 7.35 7.79 8.42 8.79 8.85 8.64 8.31 8.07 7.89 7.69 7.87 8.06 7.00 5.50 5.10 5.07 4.87 4.69 4.98 5.07 4.52 3.94 3.91 4.28 4.78 5.10 5.11 5.00 5.15 5.43 5.28 4.75 4.25
4.41 4.46 4.51 4.58 4.68 4.77 4.87 5.00 5.05 5.01 5.05 5.14 5.18 5.22 5.29 5.31 5.31 5.30 5.28 5.24 5.22 5.19 5.15 5.11 5.04 4.92 4.71 4.46 4.25 4.17 4.17 4.06 3.93 4.00 4.45 5.08 5.44 5.68 6.50 7.76 8.51 8.72 8.57 8.12 7.85 8.21 8.67 8.72 8.45 8.25 8.18 8.11 7.91 7.42 7.03 7.10 6.92 6.34 5.93 5.78 5.82 6.22 7.23 7.66 6.75 5.85 5.76 5.94 6.00 5.98 5.30 4.46 4.10 4.20 4.69 5.24 5.38 5.15 4.77 4.57 4.81 5.18 5.31 5.17
4.33 4.37 4.42 4.49 4.57 4.64 4.69 4.82 4.96 4.98 4.99 5.05 5.10 5.13 5.20 5.24 5.24 5.24 5.24 5.19 5.13 5.10 5.08 5.05 4.97 4.85 4.70 4.53 4.40 4.36 4.34 4.26 4.12 4.12 4.44 5.07 5.83 6.49 7.09 7.81 8.37 8.61 8.74 8.86 8.85 8.75 8.44 8.03 7.65 7.36 7.33 7.30 6.85 6.12 5.55 5.38 5.29 4.90 4.54 4.58 4.79 5.20 6.15 7.38 7.76 7.18 7.03 7.59 7.72 7.15 6.38 5.82 5.52 5.42 5.68 5.76 5.44 5.04 4.68 4.55 4.66 4.72 4.87 5.31
4.26 4.27 4.32 4.39 4.47 4.59 4.64 4.68 4.80 4.89 4.90 4.95 5.00 5.03 5.06 5.11 5.13 5.13 5.14 5.13 5.08 5.04 5.01 5.01 4.97 4.87 4.75 4.64 4.48 4.31 4.21 4.20 4.22 4.30 4.52 5.01 5.86 6.76 7.17 7.18 7.12 7.25 7.60 7.88 7.78 7.25 6.81 6.61 6.49 6.40 6.52 6.65 6.47 5.98 5.43 5.00 4.76 4.56 4.39 4.44 4.56 4.70 5.12 6.02 7.28 8.10 8.49 8.76 8.97 9.01 8.71 8.40 7.88 7.40 7.11 6.53 5.86 5.27 4.76 4.48 4.53 4.75 5.06 5.49
4.25 4.22 4.21 4.25 4.33 4.44 4.53 4.57 4.65 4.75 4.79 4.83 4.90 4.94 4.97 5.01 5.04 5.07 5.08 5.11 5.10 5.05 4.99 4.96 4.94 4.89 4.82 4.73 4.57 4.35 4.23 4.23 4.30 4.40 4.51 4.78 5.20 5.44 5.52 5.74 6.03 6.50 6.83 6.81 6.52 6.20 6.05 6.15 6.54 6.98 7.15 7.03 6.71 6.21 5.65 5.11 4.71 4.55 4.55 4.73 4.96 5.01 5.04 5.47 6.54 7.75 8.32 8.36 8.61 9.27 9.57 9.46 9.19 8.61 7.71 6.74 6.00 5.44 4.90 4.46 4.41 4.87 5.39 5.31
4.24 4.21 4.20 4.22 4.24 4.29 4.38 4.48 4.55 4.64 4.70 4.72 4.79 4.86 4.92 4.96 5.01 5.05 5.07 5.07 5.07 5.06 5.02 4.95 4.92 4.90 4.84 4.71 4.56 4.46 4.40 4.40 4.42 4.45 4.48 4.49 4.40 4.34 4.56 5.01 5.58 6.11 6.28 6.13 6.03 6.17 6.34 6.55 6.99 7.18 6.83 6.43 6.14 5.63 5.24 5.01 4.72 4.52 4.71 5.19 5.63 5.91 6.15 6.65 7.19 7.35 7.28 7.13 6.85 6.88 7.31 7.64 7.82 7.62 7.00 6.32 5.70 5.38 5.21 5.10 5.18 5.22 4.85 4.17
4.28 4.24 4.22 4.22 4.19 4.18 4.22 4.32 4.42 4.53 4.63 4.68 4.72 4.79 4.86 4.90 4.94 4.97 4.99 4.99 4.98 4.98 4.98 4.95 4.91 4.86 4.77 4.68 4.58 4.48 4.41 4.39 4.39 4.41 4.45 4.40 4.21 4.15 4.38 4.75 5.09 5.41 5.70 5.79 5.69 5.88 6.43 6.95 6.96 6.44 5.97 5.82 5.68 5.26 4.86 4.84 4.85 4.80 5.05 5.68 6.41 6.97 7.43 7.71 7.50 6.97 6.46 6.12 5.80 5.54 5.55 5.79 6.13 6.32 6.31 6.12 5.70 5.39 5.40 5.38 5.10 4.49 3.68 3.27
4.31 4.25 4.18 4.18 4.18 4.08 4.01 4.09 4.24 4.37 4.50 4.61 4.67 4.71 4.76 4.80 4.84 4.86 4.90 4.92 4.91 4.89 4.88 4.87 4.84 4.78 4.73 4.69 4.64 4.56 4.45 4.36 4.30 4.26 4.21 4.17 4.16 4.14 4.16 4.31 4.57 4.91 5.31 5.68 5.86 6.01 6.33 6.48 6.16 5.76 5.59 5.49 5.47 5.46 5.30 5.26 5.40 5.60 5.89 6.36 6.91 7.28 7.29 6.92 6.36 5.90 5.52 5.41 5.42 5.32 5.16 5.08 5.26 5.57 5.77 5.80 5.55 5.15 4.82 4.51 3.98 3.42 3.19 3.28
4.32 4.27 4.18 4.14 4.17 4.12 3.92 3.88 4.05 4.21 4.32 4.42 4.53 4.61 4.66 4.68 4.72 4.77 4.79 4.82 4.84 4.84 4.84 4.84 4.80 4.76 4.73 4.72 4.67 4.61 4.54 4.46 4.38 4.28 4.15 4.07 4.04 4.02 4.00 4.05 4.20 4.33 4.65 5.22 5.90 6.32 6.35 6.08 5.80 5.62 5.44 5.29 5.18 5.21 5.34 5.53 5.85 6.41 7.06 7.33 7.19 6.78 6.26 5.65 5.16 4.92 4.90 5.00 5.05 4.97 4.84 4.76 4.80 5.04 5.29 5.37 5.23 4.89 4.47 4.10 3.83 3.60 3.51 3.63
4.33 4.28 4.21 4.16 4.13 4.15 4.01 3.81 3.84 4.05 4.22 4.31 4.39 4.49 4.58 4.63 4.64 4.69 4.74 4.76 4.79 4.81 4.82 4.84 4.84 4.81 4.77 4.74 4.70 4.66 4.62 4.56 4.49 4.39 4.27 4.19 4.17 4.17 4.16 4.10 4.00 3.92 4.14 4.74 5.37 5.77 5.78 5.57 5.42 5.28 5.29 5.46 5.54 5.65 5.87 6.16 6.58 7.18 7.50 7.34 6.83 6.13 5.52 5.06 4.76 4.65 4.65 4.66 4.69 4.70 4.66 4.63 4.61 4.72 4.97 5.18 5.26 5.19 4.95 4.64 4.41 4.25 4.07 3.96
4.35 4.25 4.18 4.25 4.31 4.36 4.32 4.05 3.81 3.89 4.11 4.26 4.35 4.44 4.54 4.62 4.65 4.66 4.71 4.75 4.79 4.82 4.82 4.83 4.87 4.87 4.82 4.76 4.73 4.70 4.66 4.60 4.52 4.44 4.35 4.27 4.24 4.26 4.23 4.13 4.01 4.04 4.26 4.56 4.87 5.08 5.08 4.94 4.72 4.47 4.49 4.98 5.63 6.24 6.73 7.12 7.52 7.56 7.02 6.29 5.72 5.22 4.85 4.71 4.70 4.60 4.46 4.37 4.31 4.30 4.29 4.28 4.32 4.44 4.67 4.94 5.15 5.24 5.16 4.96 4.74 4.56 4.36 4.16
4.36 4.21 4.11 4.24 4.45 4.62 4.69 4.51 4.09 3.91 4.04 4.22 4.31 4.38 4.46 4.54 4.62 4.65 4.68 4.72 4.76 4.80 4.82 4.80 4.82 4.84 4.82 4.78 4.75 4.71 4.66 4.61 4.55 4.49 4.42 4.31 4.17 4.07 4.04 4.04 4.05 4.12 4.25 4.44 4.58 4.61 4.61 4.61 4.59 4.37 4.40 5.09 5.61 6.02 6.57 7.16 7.33 6.85 6.14 5.51 4.97 4.67 4.60 4.64 4.65 4.53 4.43 4.35 4.26 4.15 4.08 4.09 4.18 4.33 4.48 4.58 4.66 4.78 4.95 5.03 4.91 4.58 4.17 3.92
4.43 4.19 4.05 4.12 4.22 4.40 4.62 4.74 4.51 4.20 4.08 4.16 4.27 4.32 4.36 4.43 4.52 4.59 4.63 4.68 4.70 4.71 4.74 4.75 4.74 4.75 4.77 4.77 4.75 4.72 4.68 4.64 4.60 4.55 4.48 4.37 4.22 4.06 3.99 4.02 4.09 4.16 4.23 4.34 4.39 4.33 4.27 4.53 5.16 5.61 6.06 6.47 6.63 6.59 6.64 6.69 6.35 5.82 5.46 5.12 4.84 4.74 4.78 4.80 4.73 4.64 4.57 4.47 4.34 4.24 4.21 4.27 4.38 4.47 4.46 4.38 4.27 4.25 4.37 4.60 4.75 4.67 4.30 3.80
4.71 4.45 4.21 4.27 4.39 4.43 4.58 4.80 4.69 4.30 4.05 4.03 4.14 4.26 4.35 4.41 4.47 4.52 4.57 4.60 4.61 4.62 4.67 4.72 4.73 4.74 4.75 4.76 4.75 4.72 4.70 4.67 4.63 4.58 4.53 4.45 4.34 4.21 4.08 4.05 4.15 4.30 4.37 4.32 4.21 4.18 4.33 4.76 5.64 6.43 6.75 6.71 6.80 6.94 6.74 6.28 5.73 5.37 5.21 5.08 4.97 4.95 5.01 5.08 5.05 4.95 4.86 4.80 4.69 4.56 4.57 4.67 4.71 4.62 4.48 4.35 4.18 4.00 3.86 3.92 4.25 4.64 4.76 4.46
4.90 4.82 4.56 4.44 4.56 4.65 4.67 4.82 4.83 4.42 4.01 3.91 3.99 4.14 4.29 4.39 4.45 4.51 4.55 4.58 4.61 4.63 4.65 4.67 4.71 4.73 4.75 4.75 4.75 4.74 4.72 4.70 4.67 4.62 4.56 4.49 4.41 4.31 4.19 4.10 4.12 4.21 4.18 3.95 3.72 3.84 4.34 4.91 5.58 6.06 6.20 6.20 6.21 6.31 6.30 5.99 5.56 5.34 5.37 5.45 5.48 5.47 5.52 5.56 5.54 5.50 5.45 5.43 5.45 5.39 5.22 4.96 4.67 4.49 4.43 4.39 4.28 4.14 3.99 3.93 4.14 4.59 5.00 5.15
4.83 4.89 4.72 4.22 3.94 3.98 4.08 4.34 4.75 4.73 4.25 3.91 3.87 3.99 4.14 4.26 4.34 4.41 4.50 4.58 4.64 4.63 4.63 4.65 4.68 4.71 4.74 4.75 4.74 4.74 4.74 4.72 4.69 4.65 4.61 4.55 4.47 4.39 4.30 4.17 4.01 3.82 3.65 3.53 3.53 3.70 4.16 4.84 5.33 5.52 5.73 6.03 6.14 6.09 6.07 5.91 5.58 5.44 5.54 5.77 6.09 6.35 6.34 6.12 5.88 5.72 5.63 5.58 5.65 5.62 5.29 4.82 4.56 4.50 4.52 4.52 4.48 4.46 4.45 4.42 4.49 4.67 4.87 5.04
4.70 4.75 4.75 4.40 3.84 3.53 3.51 3.71 4.20 4.66 4.59 4.21 3.92 3.86 3.97 4.12 4.23 4.31 4.39 4.48 4.57 4.63 4.63 4.64 4.67 4.71 4.73 4.74 4.76 4.76 4.75 4.73 4.71 4.67 4.64 4.59 4.54 4.48 4.39 4.26 4.06 3.81 3.67 3.71 3.83 3.96 4.26 4.62 4.83 5.02 5.30 5.65 5.83 5.90 5.84 5.65 5.56 5.61 5.78 6.10 6.46 6.64 6.54 6.23 5.76 5.31 5.09 5.00 4.88 4.79 4.74 4.80 4.89 4.91 4.85 4.82 4.84 4.86 4.91 4.91 4.77 4.59 4.54 4.64
4.66 4.65 4.73 4.80 4.64 4.27 3.87 3.68 3.87 4.44 4.90 4.88 4.49 4.05 3.86 3.97 4.18 4.29 4.34 4.39 4.48 4.59 4.66 4.67 4.67 4.69 4.72 4.73 4.74 4.75 4.75 4.74 4.73 4.71 4.68 4.64 4.59 4.53 4.46 4.37 4.26 4.14 4.04 4.00 4.01 4.04 4.07 4.08 4.20 4.41 4.69 5.02 5.24 5.40 5.47 5.48 5.67 5.99 6.33 6.61 6.67 6.43 6.14 5.95 5.68 5.22 4.85 4.64 4.46 4.45 4.70 5.08 5.22 5.21 5.20 5.26 5.35 5.41 5.44 5.36 5.11 4.75 4.48 4.29
4.81 4.77 4.70 4.73 4.82 4.79 4.55 4.21 4.09 4.33 4.75 5.05 4.99 4.49 3.95 3.81 3.97 4.17 4.31 4.39 4.44 4.47 4.55 4.63 4.68 4.70 4.71 4.73 4.75 4.75 4.76 4.76 4.74 4.73 4.71 4.68 4.64 4.60 4.54 4.46 4.38 4.30 4.21 4.11 4.02 3.92 3.77 3.65 3.63 3.74 4.01 4.48 4.95 5.27 5.40 5.47 5.58 5.86 6.24 6.47 6.43 6.21 5.98 5.88 5.79 5.43 5.03 4.84 4.85 4.98 5.12 5.25 5.31 5.35 5.44 5.54 5.63 5.72 5.73 5.57 5.33 4.99 4.58 4.21
4.83 4.80 4.72 4.59 4.51 4.55 4.61 4.52 4.30 4.08 4.08 4.38 4.80 4.90 4.52 4.05 3.87 3.98 4.18 4.34 4.44 4.51 4.55 4.60 4.65 4.68 4.70 4.71 4.73 4.75 4.77 4.77 4.78 4.76 4.74 4.72 4.69 4.65 4.60 4.55 4.49 4.42 4.34 4.26 4.15 4.02 3.88 3.71 3.57 3.57 3.81 4.31 4.86 5.13 5.22 5.21 5.21 5.43 5.77 5.90 5.86 5.82 5.79 5.80 5.75 5.54 5.31 5.17 5.15 5.19 5.17 5.19 5.34 5.50 5.62 5.67 5.66 5.57 5.37 5.13 4.93 4.79 4.62 4.42
4.87 4.80 4.68 4.58 4.47 4.37 4.37 4.36 4.24 4.07 4.00 4.15 4.60 5.17 5.29 4.82 4.23 3.99 4.06 4.25 4.42 4.56 4.66 4.68 4.66 4.66 4.68 4.71 4.73 4.75 4.77 4.78 4.78 4.78 4.77 4.76 4.73 4.70 4.66 4.62 4.57 4.51 4.45 4.37 4.28 4.19 4.09 3.99 3.90 3.84 3.90 4.10 4.41 4.63 4.76 4.90 5.05 5.25 5.38 5.34 5.25 5.14 5.16 5.38 5.60 5.58 5.27 4.93 4.88 4.95 5.03 5.15 5.35 5.51 5.63 5.72 5.64 5.32 4.93 4.66 4.48 4.41 4.37 4.27
4.92 4.85 4.71 4.63 4.61 4.54 4.44 4.39 4.41 4.40 4.38 4.44 4.63 4.99 5.41 5.45 5.01 4.48 4.19 4.17 4.30 4.44 4.54 4.60 4.61 4.62 4.63 4.67 4.71 4.74 4.77 4.79 4.80 4.80 4.80 4.79 4.77 4.75 4.72 4.68 4.64 4.59 4.53 4.47 4.40 4.34 4.28 4.22 4.14 4.06 3.94 3.80 3.85 4.01 4.10 4.26 4.59 4.84 4.81 4.64 4.52 4.48 4.61 4.95 5.31 5.44 5.25 4.88 4.77 4.97 5.17 5.28 5.38 5.48 5.56 5.51 5.31 5.05 4.83 4.66 4.46 4.24 4.08 3.96
4.83 4.71 4.55 4.51 4.58 4.68 4.74 4.77 4.71 4.60 4.53 4.50 4.49 4.59 4.97 5.46 5.56 5.19 4.66 4.29 4.21 4.29 4.39 4.47 4.55 4.60 4.63 4.67 4.72 4.76 4.78 4.79 4.81 4.82 4.83 4.82 4.81 4.79 4.77 4.75 4.71 4.66 4.61 4.56 4.51 4.46 4.41 4.34 4.24 4.14 3.99 3.88 3.89 3.82 3.75 3.96 4.27 4.43 4.42 4.32 4.26 4.36 4.56 4.84 5.10 5.24 5.26 5.15 5.09 5.19 5.31 5.39 5.44 5.48 5.47 5.29 5.02 4.87 4.80 4.70 4.52 4.31 4.14 3.96
4.76 4.53 4.30 4.33 4.43 4.63 4.85 4.93 4.90 4.79 4.62 4.49 4.44 4.47 4.66 5.08 5.53 5.64 5.31 4.84 4.49 4.34 4.36 4.47 4.58 4.67 4.71 4.74 4.75 4.76 4.79 4.81 4.83 4.85 4.85 4.85 4.85 4.84 4.82 4.80 4.77 4.73 4.69 4.65 4.60 4.55 4.49 4.42 4.33 4.23 4.14 4.16 4.18 4.09 4.08 4.28 4.40 4.39 4.40 4.49 4.67 4.79 4.62 4.30 4.13 4.21 4.34 4.81 5.25 5.42 5.44 5.47 5.50 5.49 5.41 5.24 5.11 5.04 5.01 4.92 4.78 4.59 4.48 4.43
4.86 4.56 4.30 4.31 4.38 4.43 4.48 4.56 4.64 4.71 4.68 4.63 4.67 4.67 4.64 4.80 5.26 5.71 5.82 5.50 5.02 4.62 4.41 4.43 4.56 4.66 4.72 4.74 4.72 4.74 4.79 4.83 4.85 4.86 4.87 4.88 4.88 4.88 4.87 4.85 4.83 4.80 4.76 4.73 4.68 4.63 4.56 4.48 4.40 4.33 4.28 4.26 4.24 4.21 4.20 4.32 4.55 4.63 4.64 4.75 4.80 4.50 3.82 3.23 3.05 3.30 3.98 4.77 5.25 5.46 5.57 5.59 5.58 5.50 5.34 5.27 5.35 5.44 5.46 5.35 5.15 4.95 4.86 4.93
5.28 5.01 4.76 4.71 4.69 4.60 4.49 4.40 4.32 4.34 4.52 4.69 4.71 4.69 4.72 4.77 4.92 5.31 5.74 5.83 5.52 5.12 4.76 4.53 4.48 4.60 4.73 4.78 4.80 4.83 4.84 4.86 4.88 4.89 4.90 4.90 4.91 4.92 4.91 4.90 4.88 4.85 4.83 4.79 4.74 4.69 4.63 4.57 4.50 4.44 4.36 4.26 4.17 4.06 3.98 4.16 4.56 4.83 4.88 4.68 4.07 3.39 3.35 3.61 4.10 4.56 5.00 5.23 5.25 5.32 5.45 5.53 5.50 5.33 5.20 5.29 5.45 5.51 5.45 5.31 5.17 5.10 5.19 5.48
5.65 5.68 5.54 5.16 4.92 4.97 5.11 5.12 5.01 4.88 4.95 5.06 4.88 4.71 4.80 4.86 4.81 4.88 5.23 5.77 6.07 5.91 5.48 5.03 4.75 4.69 4.74 4.83 4.88 4.88 4.87 4.86 4.87 4.90 4.92 4.94 4.95 4.95 4.95 4.95 4.94 4.91 4.88 4.85 4.81 4.76 4.70 4.64 4.58 4.51 4.42 4.30 4.14 3.95 3.84 3.97 4.19 4.35 4.38 4.03 3.51 3.53 4.24 5.06 5.54 5.71 5.60 5.33 5.16 5.13 5.17 5.23 5.28 5.26 5.28 5.27 5.23 5.20 5.16 5.24 5.49 5.80 6.25 6.86
6.30 6.78 7.11 6.59 5.92 5.82 5.99 5.93 5.65 5.46 5.40 5.32 5.27 5.18 4.96 4.84 4.87 4.90 5.06 5.48 5.97 6.22 6.15 5.84 5.40 4.97 4.64 4.50 4.54 4.66 4.76 4.83 4.88 4.92 4.95 4.96 4.98 5.00 5.00 4.99 4.98 4.96 4.94 4.91 4.86 4.82 4.77 4.71 4.65 4.57 4.48 4.36 4.21 4.03 3.88 3.77 3.62 3.38 3.21 3.22 3.43 3.95 4.54 5.06 5.46 5.63 5.50 5.20 4.99 4.93 4.92 4.94 4.98 5.06 5.11 5.05 4.95 4.95 5.14 5.53 6.11 6.64 6.98 6.94
7.09 7.56 8.54 9.08 9.02 8.64 8.10 7.53 6.77 6.21 6.01 5.80 5.71 5.66 5.42 5.11 5.03 5.11 5.18 5.19 5.25 5.60 6.08 6.29 6.12 5.62 4.94 4.45 4.32 4.42 4.59 4.74 4.86 4.93 4.97 5.01 5.02 5.03 5.03 5.03 5.03 5.01 4.99 4.96 4.93 4.89 4.83 4.78 4.72 4.64 4.55 4.44 4.32 4.17 4.00 3.75 3.43 3.06 2.80 2.82 3.12 3.56 3.98 4.34 4.71 4.97 5.09 5.14 5.12 5.02 4.85 4.65 4.57 4.58 4.56 4.56 4.58 4.61 4.88 5.33 5.73 5.98 5.77 4.79
6.99 6.80 7.12 8.21 9.05 9.35 9.36 9.19 8.93 8.78 8.69 8.44 7.95 7.35 6.92 6.45 5.90 5.49 5.20 5.00 5.00 5.18 5.43 5.81 6.08 5.91 5.33 4.78 4.56 4.48 4.53 4.66 4.80 4.92 4.99 5.03 5.06 5.08 5.09 5.08 5.07 5.06 5.04 5.01 4.98 4.94 4.89 4.84 4.77 4.71 4.62 4.53 4.43 4.29 4.12 3.92 3.66 3.37 3.12 2.95 2.97 3.18 3.45 3.66 3.69 3.81 4.25 4.77 5.03 4.99 4.71 4.49 4.49 4.50 4.41 4.28 4.14 4.16 4.39 4.75 4.85 4.55 3.85 3.20
6.39 5.91 5.18 4.86 5.04 5.67 6.54 7.44 8.27 8.84 9.13 9.11 8.87 8.50 8.04 7.53 6.97 6.28 5.59 5.17 5.05 5.04 5.07 5.16 5.24 5.49 5.70 5.53 5.24 4.98 4.76 4.68 4.76 4.89 5.00 5.05 5.09 5.11 5.12 5.12 5.12 5.10 5.09 5.06 5.03 4.99 4.95 4.90 4.85 4.78 4.70 4.61 4.51 4.40 4.26 4.10 3.92 3.73 3.52 3.34 3.23 3.19 3.09 2.87 2.70 2.80 3.24 3.65 3.94 4.13 4.31 4.54 4.63 4.51 4.29 4.03 3.88 3.91 4.04 4.07 3.83 3.29 2.87 2.88
5.92 5.50 4.76 4.05 3.48 3.25 3.53 4.31 5.16 5.60 5.42 5.46 5.65 6.04 6.43 6.60 6.65 6.60 6.37 5.93 5.42 5.09 5.03 4.99 5.05 5.55 6.23 6.49 6.24 5.76 5.37 5.06 4.88 4.86 4.94 5.04 5.13 5.16 5.17 5.16 5.16 5.14 5.12 5.10 5.07 5.04 5.00 4.95 4.90 4.84 4.77 4.69 4.60 4.50 4.39 4.26 4.12 3.98 3.84 3.71 3.58 3.43 3.19 2.90 2.70 2.62 2.55 2.56 2.71 3.06 3.70 4.21 4.25 4.01 3.81 3.75 3.79 3.78 3.66 3.30 2.87 2.64 2.73 3.03
5.59 5.32 4.77 4.25 3.80 3.51 3.49 3.68 3.86 3.55 3.01 3.05 3.37 3.75 4.23 4.73 5.22 5.74 6.16 6.28 6.14 5.89 5.65 5.54 5.62 5.82 6.10 6.42 6.54 6.36 6.05 5.66 5.26 5.02 4.98 5.05 5.13 5.18 5.20 5.21 5.20 5.20 5.18 5.15 5.12 5.09 5.05 5.01 4.96 4.90 4.84 4.77 4.69 4.60 4.50 4.40 4.29 4.17 4.05 3.93 3.81 3.68 3.52 3.36 3.19 2.94 2.66 2.48 2.41 2.55 2.83 3.02 3.10 2.93 3.02 3.17 3.36 3.39 3.19 2.87 2.63 2.70 3.10 3.44
5.45 5.15 4.60 4.18 3.94 3.86 3.87 3.87 3.71 3.28 3.11 3.37 3.67 3.87 4.06 4.30 4.60 4.89 5.20 5.63 6.10 6.36 6.36 6.25 6.10 5.98 5.94 6.03 6.28 6.44 6.32 6.06 5.81 5.54 5.36 5.25 5.17 5.16 5.21 5.24 5.26 5.24 5.21 5.18 5.15 5.12 5.08 5.05 5.00 4.96 4.91 4.84 4.77 4.70 4.62 4.52 4.42 4.32 4.22 4.11 4.00 3.89 3.76 3.62 3.47 3.29 3.11 2.93 2.76 2.61 2.44 2.21 2.02 2.09 2.37 2.63 2.86 2.92 2.80 2.76 2.82 3.18 3.68 3.62
