windninja/windninja_output/Output_2025-10-23_2300-2350_Google earth_Fire_150m_10min/merlingen_7.5mi_point_10-23-2025_2330_150m_vel.asc
ncols	158
nrows	163
xllcorner	391686.332397
yllcorner	5160024.123721
cellsize	150.000000
NODATA_value	-32768.000000
[rows 37 to 73 of 163, columns 0 to 83 of 158]
5.17 5.13 5.12 5.13 5.09 4.99 4.84 4.71 4.65 4.63 4.53 4.41 4.34 4.30 4.25 4.17 4.08 4.01 3.93 3.84 3.76 3.64 3.49 3.31 3.07 2.72 2.37 2.00 2.30 3.51 4.01 4.32 5.03 5.72 6.30 5.80 4.90 4.87 5.28 5.25 5.03 5.17 5.43 5.60 5.94 5.99 5.59 5.62 5.75 5.89 6.15 5.97 5.89 6.30 6.46 6.28 6.38 6.90 7.33 8.42 9.29 7.67 5.01 3.55 4.03 6.58 9.31 9.80 7.84 5.46 4.76 5.31 5.55 4.71 3.60 3.23 2.96 2.96 4.33 4.93 4.19 4.40 5.57 7.02
5.31 5.28 5.28 5.22 5.09 4.98 4.88 4.78 4.66 4.60 4.53 4.40 4.33 4.32 4.25 4.15 4.08 4.00 3.93 3.87 3.79 3.66 3.53 3.39 3.14 2.80 2.42 2.12 2.71 3.77 3.98 4.09 4.56 5.05 5.67 5.22 4.37 4.84 5.59 5.44 5.27 5.40 5.51 5.67 6.03 6.04 5.71 5.53 5.53 6.15 6.52 5.91 5.58 6.26 6.78 6.22 5.86 6.54 7.35 8.20 8.81 8.13 6.18 4.19 3.91 6.07 9.44 10.17 7.46 5.26 5.14 5.73 5.75 4.54 3.26 3.53 3.27 2.31 3.93 5.41 4.31 3.88 4.72 6.12
5.49 5.42 5.34 5.28 5.16 5.01 4.89 4.83 4.70 4.58 4.51 4.40 4.33 4.34 4.28 4.16 4.08 4.01 3.94 3.89 3.81 3.69 3.58 3.46 3.24 2.93 2.60 2.48 2.96 3.67 3.92 3.93 4.11 4.53 4.92 4.39 4.01 4.88 5.71 5.70 5.58 5.62 5.71 5.65 5.82 6.16 5.94 5.33 5.20 6.23 6.92 6.13 5.25 5.90 6.94 6.36 5.48 5.98 7.10 7.93 8.21 8.33 7.72 5.77 4.45 6.00 9.57 9.93 7.08 5.59 5.80 6.03 5.42 3.99 3.35 4.17 3.63 1.73 2.98 5.32 4.99 4.17 4.57 5.89
5.77 5.64 5.46 5.34 5.24 5.09 4.97 4.91 4.77 4.58 4.48 4.43 4.34 4.33 4.32 4.20 4.09 4.04 3.97 3.91 3.84 3.73 3.62 3.53 3.38 3.10 2.87 2.80 2.95 3.46 3.95 3.87 3.74 3.99 4.00 3.56 3.59 4.44 5.46 5.94 5.98 6.01 5.99 5.58 5.54 6.12 6.11 5.37 5.02 5.98 7.22 6.66 5.26 5.38 6.57 6.53 5.50 5.44 6.60 7.50 7.54 7.89 8.73 7.92 5.64 6.22 9.46 9.56 7.19 6.49 6.28 5.72 4.90 3.55 3.56 4.83 3.69 1.36 2.17 4.50 5.21 4.99 5.33 6.31
6.09 5.96 5.72 5.50 5.36 5.18 5.05 5.00 4.88 4.63 4.48 4.46 4.38 4.32 4.33 4.24 4.12 4.08 4.03 3.95 3.87 3.75 3.66 3.62 3.51 3.27 3.11 3.00 2.95 3.39 3.95 3.81 3.50 3.41 3.11 3.01 3.39 4.00 4.81 5.66 6.07 6.37 6.21 5.75 5.67 5.89 5.90 5.50 5.08 5.75 7.39 7.31 5.57 4.91 5.77 6.42 5.71 5.17 6.05 6.94 6.88 6.82 8.19 9.07 7.51 6.98 8.95 9.38 7.83 6.95 6.02 5.39 4.92 3.54 3.91 5.12 3.30 1.27 1.84 3.52 4.71 5.09 5.95 6.87
6.36 6.24 6.00 5.74 5.54 5.36 5.14 5.04 4.98 4.75 4.54 4.50 4.43 4.34 4.32 4.27 4.17 4.12 4.09 4.02 3.92 3.78 3.71 3.71 3.62 3.42 3.30 3.18 3.09 3.41 3.81 3.72 3.36 2.94 2.55 2.56 3.17 4.04 4.64 5.19 5.83 6.27 6.22 6.20 6.03 5.57 5.49 5.55 5.37 5.87 7.57 7.77 5.79 4.63 5.21 5.97 5.69 5.23 5.67 6.46 6.46 6.13 7.13 8.60 8.83 8.36 8.52 9.06 8.28 6.64 5.83 5.84 5.38 4.06 4.53 4.94 2.76 1.45 1.80 3.09 4.31 4.82 5.81 7.15
6.60 6.47 6.23 5.97 5.74 5.57 5.32 5.11 5.04 4.87 4.64 4.55 4.50 4.39 4.34 4.29 4.21 4.16 4.15 4.09 3.97 3.84 3.78 3.77 3.72 3.56 3.45 3.40 3.30 3.41 3.63 3.61 3.27 2.78 2.38 2.31 3.02 4.15 4.55 4.80 5.43 5.94 6.26 6.56 6.08 5.19 5.15 5.52 5.80 6.39 7.71 7.70 5.81 4.70 5.07 5.56 5.49 5.32 5.59 6.29 6.44 6.23 6.61 7.38 8.69 9.32 8.73 8.53 7.86 6.38 6.04 6.60 6.09 4.93 5.03 4.46 2.63 1.89 2.00 3.00 4.12 4.84 5.99 7.50
6.82 6.68 6.42 6.17 5.92 5.71 5.50 5.26 5.11 4.97 4.76 4.62 4.56 4.46 4.39 4.33 4.26 4.23 4.20 4.15 4.04 3.93 3.85 3.81 3.79 3.70 3.61 3.57 3.46 3.40 3.51 3.52 3.26 2.84 2.46 2.46 3.21 4.02 4.24 4.43 4.94 5.74 6.55 6.59 5.55 4.89 5.12 5.60 6.28 6.98 7.50 7.14 5.78 4.90 5.15 5.51 5.37 5.33 5.71 6.35 6.69 6.73 6.66 6.97 8.50 9.56 9.04 7.98 6.68 5.85 6.09 6.84 6.76 6.01 5.50 4.38 2.93 2.46 2.56 3.26 4.13 5.06 6.54 7.59
7.03 6.89 6.62 6.36 6.09 5.84 5.64 5.43 5.22 5.06 4.89 4.71 4.61 4.52 4.46 4.39 4.31 4.30 4.27 4.18 4.10 4.02 3.95 3.89 3.87 3.83 3.77 3.67 3.57 3.48 3.49 3.50 3.31 2.95 2.67 2.81 3.26 3.67 3.92 4.11 4.63 5.71 6.66 6.21 4.84 4.70 5.39 6.09 6.88 7.12 6.86 6.47 5.77 5.01 5.15 5.61 5.50 5.46 5.94 6.49 6.87 7.16 7.16 7.62 8.98 9.34 8.68 7.48 5.58 4.98 5.78 6.51 6.91 6.68 5.92 4.73 3.30 2.84 3.10 3.81 4.65 5.66 6.73 7.01
7.23 7.07 6.81 6.57 6.29 6.02 5.77 5.52 5.32 5.15 5.01 4.84 4.68 4.59 4.53 4.46 4.39 4.36 4.33 4.25 4.16 4.09 4.04 4.00 3.97 3.94 3.86 3.76 3.68 3.60 3.55 3.53 3.41 3.09 2.92 3.02 3.25 3.49 3.74 3.98 4.50 5.49 6.32 5.67 4.43 4.73 5.79 6.87 7.20 6.54 6.08 5.88 5.59 5.25 5.15 5.54 5.78 5.95 6.44 6.66 6.88 7.52 8.06 8.41 8.94 8.77 7.84 6.86 5.30 4.75 5.49 6.01 6.61 6.68 6.03 5.05 3.79 3.11 3.45 4.49 5.34 6.01 6.42 6.24
7.45 7.27 6.96 6.69 6.52 6.32 5.90 5.55 5.37 5.22 5.10 4.94 4.78 4.68 4.61 4.53 4.47 4.42 4.38 4.32 4.24 4.15 4.12 4.12 4.09 4.02 3.92 3.86 3.80 3.73 3.65 3.61 3.52 3.30 3.11 3.11 3.33 3.51 3.63 3.91 4.40 5.16 5.63 4.98 4.45 5.20 6.42 7.20 6.80 5.72 5.47 5.39 5.35 5.57 5.39 5.53 6.16 6.69 7.25 6.98 6.79 7.94 8.79 8.63 8.53 8.22 7.07 6.23 5.32 4.92 5.36 5.65 6.16 6.30 5.85 5.15 4.18 3.46 3.81 5.03 5.86 6.01 6.05 5.81
7.65 7.45 7.10 6.75 6.73 6.75 6.16 5.55 5.36 5.28 5.15 4.98 4.85 4.76 4.70 4.62 4.53 4.49 4.44 4.39 4.32 4.23 4.20 4.21 4.19 4.10 4.01 3.96 3.90 3.85 3.78 3.73 3.65 3.50 3.26 3.19 3.42 3.58 3.63 3.89 4.33 4.77 4.79 4.34 4.62 5.94 6.92 6.85 6.07 5.18 4.92 5.06 5.28 5.59 5.49 5.75 6.72 7.54 8.00 7.17 6.66 8.01 8.97 8.68 8.28 7.71 6.56 5.73 5.22 5.03 5.28 5.48 5.70 5.75 5.52 5.09 4.47 4.04 4.38 5.38 6.10 6.07 5.83 5.56
7.90 7.59 7.16 6.87 6.91 7.11 6.57 5.72 5.31 5.27 5.21 5.03 4.91 4.83 4.78 4.73 4.61 4.55 4.52 4.45 4.39 4.34 4.29 4.29 4.29 4.21 4.09 4.04 4.01 3.97 3.91 3.86 3.79 3.66 3.45 3.32 3.48 3.69 3.75 3.89 4.19 4.39 4.23 4.08 4.83 6.37 6.91 6.17 5.34 4.59 4.45 5.02 5.52 5.64 5.66 6.29 7.57 8.46 8.15 6.90 6.46 7.63 8.84 9.07 8.35 7.21 6.13 5.34 5.00 4.99 5.17 5.34 5.35 5.24 5.17 4.98 4.67 4.57 4.97 5.72 6.23 6.28 5.87 5.41
8.22 7.71 7.06 6.96 7.22 7.34 6.97 6.18 5.38 5.19 5.21 5.10 4.98 4.89 4.85 4.83 4.73 4.62 4.59 4.53 4.47 4.45 4.38 4.34 4.38 4.33 4.19 4.13 4.12 4.08 4.04 3.99 3.92 3.81 3.66 3.55 3.61 3.78 3.81 3.83 4.01 4.21 4.17 4.12 5.00 6.35 6.42 5.51 4.73 4.02 3.97 4.92 5.64 5.64 5.98 7.14 8.59 8.77 7.54 6.35 6.25 7.20 8.86 9.72 8.51 6.73 5.69 5.01 4.78 4.85 5.01 5.13 5.02 4.86 4.82 4.76 4.64 4.74 5.31 6.05 6.46 6.45 6.06 5.49
8.63 7.80 6.84 6.92 7.42 7.46 7.23 6.81 5.82 5.20 5.13 5.14 5.06 4.95 4.90 4.89 4.85 4.70 4.65 4.63 4.55 4.53 4.48 4.42 4.45 4.41 4.30 4.24 4.23 4.20 4.16 4.10 4.04 3.97 3.88 3.80 3.78 3.81 3.80 3.76 3.94 4.33 4.32 4.23 4.99 5.93 5.65 4.73 4.34 3.89 3.89 5.05 5.70 5.75 6.53 8.28 9.06 8.22 6.81 6.04 6.09 6.96 9.23 10.34 8.40 6.24 5.30 4.74 4.62 4.73 4.85 4.88 4.71 4.60 4.64 4.58 4.44 4.58 5.30 6.23 6.68 6.69 6.38 5.75
9.17 7.96 6.64 6.88 7.46 7.33 7.17 7.26 6.51 5.45 5.09 5.15 5.14 5.03 4.97 4.95 4.93 4.80 4.72 4.73 4.65 4.58 4.57 4.54 4.51 4.46 4.40 4.37 4.34 4.31 4.26 4.22 4.17 4.12 4.07 4.02 3.94 3.88 3.83 3.73 3.96 4.53 4.52 4.29 4.69 5.31 4.77 3.82 4.06 4.20 4.42 5.18 5.82 6.25 7.53 9.05 8.61 7.20 6.35 6.06 6.17 7.11 9.88 10.74 8.07 5.80 4.92 4.47 4.52 4.68 4.71 4.66 4.51 4.49 4.65 4.59 4.34 4.40 5.08 6.04 6.58 6.99 6.96 6.25
9.52 8.40 6.79 6.83 7.53 7.21 6.92 7.39 7.11 5.93 5.20 5.15 5.17 5.11 5.07 5.03 4.97 4.88 4.82 4.81 4.74 4.66 4.64 4.64 4.58 4.52 4.50 4.48 4.45 4.42 4.38 4.34 4.30 4.27 4.23 4.19 4.12 4.04 3.94 3.81 4.04 4.68 4.72 4.27 4.24 4.55 4.03 3.19 3.83 4.53 4.71 5.14 5.85 6.92 8.54 9.15 7.58 6.17 5.96 6.20 6.50 7.68 10.46 10.79 7.75 5.46 4.50 4.17 4.49 4.68 4.58 4.44 4.39 4.53 4.76 4.71 4.42 4.53 5.15 5.61 6.03 6.91 7.39 6.91
9.31 8.92 7.52 6.71 7.39 7.27 6.73 7.27 7.54 6.62 5.55 5.18 5.16 5.14 5.14 5.11 5.02 4.95 4.91 4.90 4.85 4.76 4.73 4.71 4.66 4.61 4.59 4.58 4.55 4.52 4.49 4.46 4.43 4.41 4.37 4.33 4.29 4.21 4.12 4.00 4.19 4.71 4.73 4.18 3.83 3.92 3.62 3.17 3.95 4.57 4.55 5.18 6.02 7.25 9.17 8.90 6.48 5.34 5.65 6.34 6.93 8.43 10.83 10.56 7.46 5.16 4.10 3.82 4.45 4.78 4.52 4.30 4.39 4.65 4.84 4.79 4.54 4.85 5.47 5.34 5.47 6.50 7.23 7.15
8.81 9.08 8.44 7.05 7.07 7.18 6.59 6.81 7.55 7.36 6.23 5.38 5.17 5.14 5.14 5.15 5.09 5.02 4.98 4.96 4.96 4.89 4.83 4.78 4.73 4.70 4.69 4.68 4.65 4.63 4.61 4.58 4.55 4.53 4.51 4.47 4.43 4.38 4.31 4.25 4.34 4.58 4.55 4.12 3.79 3.72 3.57 3.58 4.09 4.16 4.13 5.38 6.22 7.34 9.45 8.41 5.53 4.92 5.60 6.49 7.43 9.09 10.85 10.21 7.26 4.82 3.78 3.49 4.23 4.75 4.50 4.37 4.59 4.77 4.84 4.77 4.67 5.18 5.72 5.37 5.30 6.10 6.75 6.85
8.69 8.95 8.91 7.92 7.24 7.14 6.61 6.27 6.99 7.67 6.99 5.85 5.40 5.21 5.07 5.15 5.16 5.08 5.03 4.99 5.02 5.02 4.94 4.87 4.80 4.77 4.78 4.77 4.75 4.73 4.72 4.70 4.67 4.65 4.64 4.60 4.57 4.53 4.48 4.45 4.46 4.46 4.41 4.22 4.04 3.90 3.82 3.89 3.98 3.67 3.81 5.49 6.27 7.52 9.43 7.59 4.91 4.90 5.78 6.83 8.07 9.40 10.52 9.97 7.20 4.56 3.47 3.30 3.84 4.34 4.34 4.57 4.86 4.85 4.87 4.70 4.84 5.52 5.80 5.54 5.40 5.82 6.29 6.48
8.91 8.87 8.82 8.46 7.90 7.52 6.96 6.20 6.37 7.40 7.28 6.39 5.96 5.53 5.08 5.09 5.21 5.14 5.09 5.03 5.06 5.08 5.04 4.99 4.89 4.85 4.86 4.86 4.85 4.84 4.82 4.80 4.79 4.77 4.76 4.73 4.70 4.67 4.63 4.59 4.56 4.50 4.44 4.38 4.28 4.19 4.06 3.94 3.83 3.41 3.57 5.29 6.31 7.70 9.16 6.85 4.57 5.10 6.30 7.42 8.48 9.29 9.95 9.72 7.45 4.71 3.37 3.21 3.54 3.93 4.23 4.74 4.97 4.89 4.92 4.71 5.04 5.78 5.80 5.58 5.50 5.74 6.06 6.21
9.16 8.93 8.64 8.45 8.23 7.96 7.55 6.72 6.34 6.98 6.96 6.51 6.55 6.25 5.47 5.10 5.14 5.16 5.14 5.11 5.12 5.12 5.12 5.10 4.98 4.92 4.95 4.94 4.94 4.94 4.92 4.91 4.89 4.89 4.87 4.85 4.82 4.80 4.76 4.71 4.68 4.62 4.56 4.50 4.45 4.37 4.18 4.00 3.79 3.37 3.37 4.85 6.46 7.89 8.66 6.45 4.55 5.46 7.00 7.90 8.39 8.89 9.37 9.32 7.70 5.13 3.53 3.10 3.31 3.90 4.37 4.75 4.95 4.96 4.93 4.80 5.26 5.86 5.70 5.43 5.45 5.82 6.10 6.13
9.27 9.03 8.66 8.45 8.24 8.06 7.94 7.42 6.89 6.82 6.44 6.07 6.54 6.91 6.27 5.43 5.13 5.11 5.14 5.17 5.16 5.18 5.21 5.16 5.05 5.01 5.04 5.04 5.03 5.03 5.02 5.01 5.00 4.99 4.98 4.96 4.94 4.91 4.88 4.84 4.81 4.75 4.69 4.64 4.58 4.48 4.33 4.15 3.90 3.59 3.53 4.66 6.60 7.80 8.01 6.18 4.87 6.11 7.55 7.96 8.02 8.34 8.80 8.88 7.73 5.59 3.84 2.95 3.15 4.11 4.58 4.65 4.95 5.09 4.91 4.93 5.53 5.76 5.44 5.23 5.28 5.78 6.17 6.13
9.24 9.09 8.78 8.55 8.35 8.14 8.07 7.89 7.49 6.95 6.28 5.68 6.02 6.92 6.92 6.17 5.49 5.18 5.13 5.14 5.16 5.24 5.30 5.20 5.11 5.10 5.13 5.14 5.13 5.13 5.12 5.11 5.11 5.10 5.09 5.07 5.06 5.03 5.00 4.96 4.93 4.89 4.82 4.77 4.70 4.61 4.51 4.36 4.17 3.94 3.90 4.67 6.36 7.46 7.29 5.93 5.58 6.94 7.76 7.73 7.61 7.65 8.05 8.33 7.57 6.00 4.11 2.75 3.13 4.37 4.68 4.64 5.01 5.18 4.87 5.04 5.68 5.50 5.14 5.11 5.15 5.60 6.03 6.04
9.23 9.12 8.87 8.63 8.49 8.36 8.24 8.18 7.86 7.23 6.46 5.67 5.67 6.37 6.85 6.86 6.26 5.61 5.28 5.09 5.14 5.28 5.32 5.24 5.17 5.21 5.25 5.24 5.22 5.22 5.21 5.21 5.20 5.20 5.19 5.18 5.17 5.14 5.12 5.09 5.05 5.01 4.95 4.89 4.83 4.76 4.69 4.61 4.47 4.27 4.12 4.55 5.91 6.95 6.53 5.72 6.43 7.55 7.68 7.42 7.16 7.06 7.35 7.66 7.21 6.14 4.28 2.89 3.44 4.57 4.71 4.83 5.16 5.16 4.87 5.08 5.48 5.22 4.97 5.04 5.15 5.50 5.85 5.91
9.30 9.17 8.95 8.71 8.53 8.50 8.50 8.46 8.09 7.52 6.80 5.93 5.63 5.81 6.20 6.86 6.92 6.36 5.73 5.24 5.18 5.25 5.27 5.24 5.23 5.33 5.38 5.35 5.31 5.30 5.30 5.30 5.30 5.30 5.29 5.28 5.27 5.25 5.23 5.20 5.17 5.13 5.08 5.02 4.98 4.93 4.89 4.83 4.69 4.54 4.28 4.52 5.70 6.38 5.78 5.74 7.13 7.80 7.50 7.15 6.76 6.68 6.91 6.91 6.68 5.95 4.24 3.37 4.06 4.67 4.75 5.06 5.37 5.09 4.83 4.98 5.06 4.97 4.85 4.93 5.17 5.44 5.78 5.99
9.54 9.28 9.00 8.81 8.56 8.51 8.63 8.65 8.29 7.80 7.24 6.36 5.74 5.58 5.66 6.28 6.94 6.94 6.38 5.74 5.39 5.25 5.22 5.21 5.27 5.44 5.54 5.48 5.38 5.37 5.39 5.39 5.39 5.39 5.39 5.38 5.37 5.36 5.34 5.32 5.28 5.25 5.20 5.16 5.13 5.09 5.06 5.00 4.90 4.79 4.59 4.74 5.61 5.96 5.31 5.79 7.46 7.89 7.38 7.01 6.56 6.37 6.38 6.18 6.22 5.60 4.05 3.86 4.54 4.70 4.81 5.23 5.55 5.05 4.63 4.66 4.71 4.76 4.68 4.78 5.17 5.39 5.75 6.27
9.89 9.51 9.09 8.94 8.75 8.56 8.57 8.65 8.41 8.00 7.65 6.94 5.95 5.55 5.51 5.78 6.44 6.91 6.88 6.41 5.84 5.44 5.29 5.23 5.26 5.48 5.70 5.59 5.45 5.48 5.48 5.47 5.48 5.49 5.48 5.48 5.47 5.47 5.45 5.43 5.40 5.37 5.34 5.30 5.28 5.24 5.21 5.16 5.10 5.02 4.96 5.01 5.50 5.82 5.18 5.49 7.41 8.00 7.46 7.06 6.27 5.54 5.50 5.87 6.11 5.24 4.22 4.37 4.66 4.65 4.86 5.36 5.66 5.01 4.31 4.25 4.47 4.50 4.36 4.62 5.09 5.34 5.80 6.54
10.00 9.74 9.41 9.18 8.99 8.74 8.52 8.60 8.53 8.10 7.92 7.56 6.28 5.48 5.56 5.69 5.93 6.37 6.84 6.91 6.41 5.85 5.58 5.42 5.26 5.49 5.78 5.66 5.58 5.62 5.56 5.55 5.57 5.58 5.58 5.58 5.57 5.57 5.55 5.54 5.52 5.49 5.46 5.44 5.41 5.38 5.35 5.32 5.29 5.26 5.25 5.24 5.50 5.75 5.26 5.41 7.05 7.99 7.70 7.03 5.45 4.08 4.72 6.05 6.33 5.48 4.82 4.61 4.50 4.57 4.82 5.42 5.70 4.89 4.07 3.93 4.18 4.12 3.92 4.40 4.98 5.35 6.01 6.90
9.41 9.77 10.03 9.64 9.26 8.99 8.52 8.52 8.74 8.41 8.16 7.85 6.69 5.65 5.56 5.72 5.78 5.90 6.33 6.88 6.78 6.27 6.05 5.81 5.45 5.54 5.78 5.72 5.72 5.75 5.65 5.62 5.66 5.67 5.67 5.67 5.67 5.67 5.65 5.64 5.62 5.60 5.58 5.56 5.54 5.52 5.50 5.47 5.46 5.45 5.46 5.47 5.58 5.68 5.50 5.72 6.72 7.61 7.68 6.75 4.54 3.30 4.72 6.30 6.49 5.92 5.20 4.54 4.38 4.58 4.74 5.36 5.64 4.75 4.03 3.75 3.74 3.67 3.53 4.07 4.93 5.62 6.61 8.04
7.87 9.33 10.64 10.32 10.02 9.40 8.34 8.27 8.96 9.06 8.57 7.79 6.98 6.24 5.63 5.59 5.86 5.84 5.96 6.51 6.63 6.40 6.50 6.34 5.85 5.73 5.80 5.81 5.84 5.85 5.77 5.71 5.75 5.76 5.76 5.77 5.76 5.76 5.75 5.74 5.73 5.71 5.70 5.68 5.67 5.65 5.63 5.62 5.61 5.62 5.63 5.65 5.68 5.71 5.76 5.97 6.44 6.86 7.12 6.44 4.33 3.60 5.01 6.25 6.47 6.05 5.30 4.59 4.46 4.63 4.71 5.25 5.48 4.69 3.93 3.57 3.35 3.15 3.17 3.84 5.01 6.28 7.97 9.03
6.15 8.27 10.33 10.69 11.07 10.29 8.17 7.95 9.32 9.79 8.94 7.73 7.12 6.65 5.93 5.58 5.92 6.06 5.95 6.15 6.20 6.22 6.60 6.68 6.28 6.01 6.03 6.12 6.05 5.96 5.86 5.80 5.84 5.85 5.85 5.85 5.86 5.85 5.85 5.83 5.82 5.82 5.81 5.80 5.79 5.78 5.76 5.76 5.76 5.76 5.77 5.78 5.80 5.84 5.92 6.03 6.20 6.29 6.47 6.17 4.76 4.40 5.38 6.10 6.21 5.77 5.24 4.86 4.71 4.70 4.69 5.08 5.38 4.60 3.66 3.38 3.11 2.74 2.84 3.93 5.34 6.99 8.85 8.95
6.19 7.41 9.26 10.14 11.16 10.99 8.68 7.74 9.69 10.57 9.27 7.88 7.35 6.85 6.27 5.93 6.07 6.33 6.10 5.89 5.96 6.12 6.43 6.62 6.27 6.08 6.63 6.84 6.43 6.17 5.98 5.88 5.91 5.91 5.92 5.94 5.94 5.94 5.93 5.93 5.92 5.91 5.91 5.90 5.90 5.89 5.89 5.88 5.88 5.89 5.89 5.90 5.92 5.96 6.00 6.05 6.10 6.09 6.14 5.97 5.29 5.09 5.65 6.00 5.78 5.32 5.17 5.11 4.90 4.69 4.55 5.04 5.42 4.40 3.44 3.30 2.98 2.63 2.78 4.12 5.75 7.23 8.47 8.97
7.71 8.14 8.99 9.71 10.60 10.76 8.83 7.62 9.64 11.01 9.48 7.90 7.62 7.24 6.70 6.38 6.40 6.63 6.37 5.93 5.95 6.12 6.35 6.45 5.67 5.62 7.12 7.67 6.98 6.47 6.21 6.03 5.96 5.96 5.96 6.01 6.03 6.02 6.02 6.01 6.01 6.01 6.01 6.01 6.00 6.01 6.00 6.01 6.00 6.01 6.01 6.02 6.03 6.04 6.06 6.08 6.08 6.07 6.01 5.87 5.60 5.54 5.74 5.73 5.42 5.20 5.26 5.20 4.89 4.46 4.36 5.28 5.47 4.09 3.29 3.24 3.07 2.82 2.96 4.10 5.64 6.88 7.61 9.65
9.24 9.19 9.41 9.77 10.19 10.19 8.97 8.15 9.79 10.99 9.13 7.71 7.63 7.36 7.03 6.67 6.64 6.92 6.79 6.31 6.10 6.20 6.43 6.33 5.21 5.03 6.99 8.15 7.62 6.90 6.57 6.31 6.12 6.00 5.97 6.07 6.10 6.09 6.09 6.09 6.09 6.10 6.10 6.10 6.10 6.11 6.11 6.11 6.12 6.12 6.12 6.12 6.13 6.12 6.13 6.12 6.10 6.07 6.01 5.90 5.77 5.74 5.73 5.59 5.42 5.37 5.30 5.15 4.79 4.31 4.42 5.40 5.36 3.78 3.11 3.23 3.32 3.08 3.02 3.81 4.97 6.26 7.61 11.03
10.36 10.22 10.02 9.85 9.89 9.94 9.40 9.00 10.00 10.36 8.65 7.81 7.64 7.26 7.09 6.78 6.69 6.98 7.00 6.65 6.44 6.51 6.56 6.28 5.29 4.88 6.40 8.01 8.08 7.49 7.00 6.67 6.49 6.17 6.01 6.13 6.14 6.12 6.15 6.17 6.17 6.18 6.19 6.19 6.20 6.21 6.22 6.22 6.23 6.23 6.22 6.22 6.21 6.21 6.20 6.18 6.15 6.11 6.05 5.96 5.88 5.81 5.76 5.65 5.53 5.45 5.25 5.09 4.79 4.58 4.72 5.20 4.98 3.51 3.02 3.24 3.51 3.27 2.84 3.40 4.54 6.07 8.67 12.09
11.46 11.21 10.52 9.92 9.94 10.05 9.76 9.62 9.81 9.36 8.50 8.12 7.74 7.31 7.13 6.89 6.80 6.96 6.94 6.70 6.72 6.83 6.75 6.43 5.55 5.04 6.02 7.42 8.09 8.01 7.42 7.02 7.00 6.63 6.21 6.15 6.15 6.15 6.19 6.23 6.26 6.25 6.26 6.28 6.29 6.31 6.32 6.33 6.33 6.33 6.32 6.32 6.30 6.29 6.27 6.24 6.21 6.16 6.11 6.03 5.96 5.89 5.83 5.73 5.60 5.47 5.27 5.10 4.97 4.93 4.86 4.82 4.40 3.37 3.09 3.33 3.53 3.30 2.65 3.10 4.60 6.88 10.14 11.78
