windninja/windninja_output/Output_2025-10-23_2300-2350_Google earth_Fire_150m_10min/merlingen_7.5mi_point_10-23-2025_2350_150m_ang.asc
ncols	158
nrows	163
xllcorner	391686.332397
yllcorner	5160024.123721
cellsize	150.000000
NODATA_value	-32768.000000
[rows 0 to 41 of 163, columns 0 to 94 of 158]
164 161 158 159 160 161 163 162 161 162 163 164 164 159 152 147 143 142 144 149 155 160 161 163 164 164 163 161 160 162 163 163 162 160 159 160 162 159 156 156 158 159 162 161 160 162 162 161 161 165 169 170 171 173 175 175 174 173 172 172 173 175 175 175 175 176 178 179 179 179 180 181 183 183 182 184 187 190 189 188 190 193 195 199 202 202 201 205 208 207 209 211 211 212 215
166 163 159 159 159 160 163 161 158 159 161 165 168 166 162 158 155 154 153 154 158 160 161 163 165 166 165 163 161 163 164 163 163 162 160 161 164 163 162 162 161 162 164 164 164 166 167 165 163 164 167 168 170 173 175 175 174 173 173 173 173 174 175 175 174 176 178 180 179 179 180 182 183 182 182 185 189 190 188 187 191 194 196 200 203 201 199 203 208 208 209 211 212 213 214
169 165 161 160 159 160 164 162 158 157 160 167 172 171 168 164 162 161 159 159 162 161 160 163 167 169 168 166 164 165 165 164 164 163 162 163 165 166 166 166 165 165 165 165 166 167 168 169 169 167 166 168 171 173 174 174 174 173 174 175 175 174 175 175 175 176 178 180 180 180 181 182 182 181 182 185 188 189 188 189 192 195 197 199 200 197 194 198 203 206 207 207 206 207 207
164 164 163 162 161 163 164 162 161 162 165 171 173 170 167 162 162 162 162 163 164 163 161 163 166 169 171 170 170 170 169 168 165 163 163 164 165 166 166 166 166 166 166 165 166 168 168 171 173 172 170 172 174 175 174 174 173 173 174 175 175 175 175 176 177 177 178 179 180 181 183 183 182 182 183 185 186 188 190 191 191 194 197 196 197 195 191 193 197 199 201 202 200 199 200
158 161 164 164 163 164 162 160 160 164 170 174 173 170 164 160 160 162 164 166 165 162 161 162 163 167 171 173 174 173 173 173 170 166 165 166 166 166 166 165 166 166 166 166 168 169 170 172 173 174 175 176 176 176 176 175 174 173 173 174 175 176 176 177 177 177 178 179 180 183 184 184 183 183 185 186 185 187 191 193 193 194 196 195 196 197 191 187 189 192 195 198 196 193 193
156 157 161 164 163 163 160 157 159 165 171 173 171 167 161 158 160 163 164 165 164 160 158 159 159 162 167 171 173 173 174 173 171 171 171 170 168 167 166 167 167 166 166 167 169 170 172 173 173 175 178 178 177 176 176 176 174 173 173 174 175 176 177 177 178 178 178 179 181 184 186 185 183 182 185 187 187 186 189 195 197 193 192 193 195 197 193 185 182 184 188 191 191 189 188
157 156 156 159 161 161 160 158 162 167 169 170 170 165 159 158 161 165 167 166 164 160 157 156 155 157 162 166 168 171 172 170 170 172 173 171 168 168 168 168 169 168 167 168 170 171 172 173 174 176 179 179 178 178 177 175 174 173 173 173 174 176 178 179 179 178 178 179 181 183 185 185 183 182 184 186 188 188 190 195 196 191 189 192 195 198 197 188 180 177 178 183 187 189 190
158 157 155 155 155 157 159 160 163 166 166 167 167 164 160 158 161 165 167 167 166 163 161 157 154 156 160 161 164 168 167 166 168 171 171 169 168 169 169 170 170 169 169 170 170 170 172 173 174 177 178 178 178 180 178 175 173 173 172 172 173 175 178 180 181 180 179 179 181 182 183 183 185 185 185 186 189 192 194 195 194 190 188 190 193 195 195 191 185 177 172 177 184 190 193
157 157 156 155 153 154 156 160 162 163 163 163 164 163 160 160 162 163 166 167 166 165 164 161 158 158 159 160 163 165 163 162 166 168 167 165 167 169 170 171 171 170 170 170 170 170 172 172 173 176 177 176 177 179 177 174 172 172 172 172 173 174 176 180 183 182 179 178 180 182 182 183 186 188 187 187 190 194 196 195 192 189 184 185 187 189 191 190 186 182 180 181 183 185 188
157 157 156 156 156 156 157 159 160 161 161 160 160 160 159 160 161 162 164 166 166 165 165 164 164 161 160 161 164 164 161 162 165 166 165 165 167 170 171 171 171 170 170 170 170 170 172 172 172 175 176 176 177 176 173 172 171 172 173 174 175 174 173 177 180 179 177 177 180 185 186 186 186 188 189 190 192 194 192 190 189 188 184 181 181 183 185 185 183 184 186 186 184 184 187
157 157 157 157 158 158 158 159 160 160 160 159 159 158 157 157 159 160 161 163 165 166 166 167 167 165 164 165 165 163 160 161 163 162 164 166 168 171 171 171 171 171 170 171 171 170 170 172 173 174 173 174 175 171 169 170 171 172 174 177 177 173 172 171 169 170 173 175 181 187 188 186 185 187 190 194 194 191 184 182 185 188 188 183 178 178 179 180 182 186 191 190 187 188 192
158 157 157 158 158 159 158 159 160 160 160 160 159 158 156 154 155 158 159 159 160 163 165 168 169 169 170 167 164 162 160 161 161 160 162 165 168 170 169 169 171 171 171 173 173 172 172 173 177 174 167 167 167 163 161 164 168 172 175 179 176 168 159 153 151 155 162 170 179 183 183 184 185 186 189 190 189 186 179 177 182 187 189 185 180 177 179 182 183 186 192 195 193 191 195
158 157 157 158 159 159 158 158 159 160 159 159 159 159 156 151 150 154 157 157 157 159 163 167 170 173 173 168 163 161 161 161 160 160 163 165 166 166 166 169 170 170 173 175 176 177 181 185 185 175 165 160 153 141 133 136 151 168 185 198 171 136 122 117 119 127 137 151 164 170 175 181 183 182 181 181 183 182 181 179 181 184 186 184 182 182 184 186 186 186 192 199 198 195 200
158 157 157 158 158 158 159 159 159 159 159 159 160 161 156 149 146 148 152 154 155 158 161 166 171 174 173 169 165 163 162 160 159 160 164 165 164 164 165 168 169 170 175 179 179 183 190 194 191 183 176 169 160 145 120 107 112 142 186 186 169 158 147 136 126 117 113 121 135 150 165 174 176 175 174 175 177 180 182 183 181 181 182 184 186 187 188 192 193 191 196 205 207 206 213
158 158 157 158 158 158 159 159 159 159 159 159 160 161 160 153 148 147 148 150 152 156 160 166 170 171 170 169 167 166 164 160 159 161 163 163 165 167 167 168 170 178 188 184 181 187 186 182 184 187 184 177 174 171 167 162 158 163 171 172 169 165 162 164 164 154 143 133 127 131 147 161 167 170 173 173 175 179 185 184 179 178 182 187 192 194 195 200 203 204 211 222 227 229 234
158 158 158 158 158 158 158 158 159 159 159 159 159 160 160 156 153 152 151 150 152 157 162 167 169 168 168 169 169 167 164 162 163 165 164 163 165 167 170 173 179 189 185 175 176 180 176 171 173 179 180 178 175 173 174 178 179 174 171 168 167 166 167 171 174 170 163 156 149 139 136 144 153 163 170 172 176 182 184 180 176 179 185 191 198 203 209 215 218 220 225 233 235 237 241
158 158 158 158 158 158 158 158 158 158 158 158 158 158 156 153 153 155 156 155 156 159 163 166 167 167 168 169 169 167 164 164 168 170 169 167 164 165 172 178 178 175 172 173 177 176 175 176 171 166 170 174 174 173 176 181 183 180 173 168 167 167 170 173 174 172 170 165 163 159 146 136 138 149 161 169 177 181 179 177 181 186 192 199 210 221 229 234 235 226 219 220 222 225 228
158 158 158 158 158 158 158 158 158 158 158 158 157 156 154 150 150 154 157 158 158 160 163 164 164 166 168 166 165 165 165 168 175 181 181 174 169 169 172 173 172 171 170 173 176 174 173 174 171 166 165 169 172 173 176 179 181 180 175 170 169 170 173 175 173 172 171 169 169 168 161 152 147 146 152 163 171 175 177 182 193 199 203 212 223 232 236 233 228 218 210 213 216 218 220
158 158 158 158 158 158 158 158 158 158 158 158 157 156 153 150 148 151 154 156 158 160 160 160 161 164 165 164 163 163 167 174 180 181 178 174 171 169 170 169 169 170 171 172 173 172 169 167 168 168 166 166 169 172 175 176 177 177 175 171 171 173 176 175 172 171 172 174 174 170 166 164 162 159 155 155 161 171 185 202 212 214 214 214 214 216 216 215 215 211 203 206 213 214 215
158 158 158 158 158 158 158 158 158 158 159 158 157 156 154 152 150 151 154 156 158 159 160 161 161 163 164 165 165 166 171 177 180 178 174 171 169 168 168 168 169 171 172 173 172 170 168 166 166 167 168 167 166 168 170 172 174 176 175 172 173 176 176 174 171 170 172 175 173 170 169 171 171 171 168 165 168 180 198 207 208 207 202 198 200 205 207 209 211 210 200 197 207 213 213
158 158 158 158 158 158 158 158 158 158 158 158 157 157 156 154 154 154 156 157 159 160 161 162 162 164 165 166 168 170 173 178 180 177 172 170 168 168 170 170 171 173 173 173 170 167 168 169 168 167 168 168 166 165 166 168 171 174 175 175 176 177 176 173 170 169 170 172 170 171 175 178 177 175 173 175 180 186 193 196 194 194 194 191 193 200 205 208 210 209 201 193 202 211 213
158 158 158 158 158 158 158 158 158 158 158 158 157 157 157 156 157 157 158 158 159 161 162 163 164 165 167 168 170 171 174 177 177 172 169 169 169 170 171 172 173 175 174 171 169 168 168 168 168 167 168 168 168 166 165 165 167 170 174 178 178 177 175 173 169 167 168 169 171 176 182 185 182 177 174 174 178 185 190 193 193 194 195 193 190 194 200 204 206 205 199 192 198 208 209
158 158 158 158 158 158 158 159 159 158 158 158 158 158 158 158 158 159 159 160 161 162 163 164 165 167 168 170 171 172 172 173 170 167 166 166 167 171 173 173 173 174 172 171 170 168 168 168 168 168 168 168 169 168 166 165 165 167 172 177 178 176 174 171 167 166 168 170 176 184 188 188 184 179 175 172 174 180 186 192 195 197 198 196 190 189 193 197 201 202 198 192 197 205 207
158 158 158 158 158 158 158 159 158 158 158 158 159 159 159 159 159 159 159 160 162 163 164 165 167 168 170 172 172 170 169 168 164 164 165 165 166 169 171 171 171 171 171 172 169 167 169 170 170 169 169 169 170 169 167 166 166 167 170 174 177 175 171 166 164 166 171 176 185 191 192 189 183 178 176 176 175 174 179 189 196 198 199 199 194 186 185 190 198 202 200 195 198 205 209
158 158 158 158 158 158 159 159 158 158 158 158 159 159 159 160 159 159 160 161 162 163 164 166 168 170 174 176 172 167 166 164 161 162 165 167 168 168 167 167 168 168 170 169 167 169 172 172 171 170 169 169 169 168 168 168 168 169 171 172 173 171 166 163 164 168 175 185 194 198 195 186 178 176 180 183 179 171 174 183 192 195 197 200 198 191 184 187 197 203 200 196 200 206 209
158 158 158 158 158 158 159 158 158 158 158 159 158 158 159 160 160 160 160 161 162 163 165 167 169 173 178 179 173 168 165 162 159 160 164 168 171 169 165 165 166 166 166 164 166 172 175 174 172 171 170 169 167 166 166 168 171 175 175 171 167 163 162 166 172 176 182 191 199 199 190 177 173 177 184 188 186 176 169 175 183 189 193 197 198 195 189 189 197 201 197 193 198 204 207
158 158 158 158 158 158 159 158 158 158 159 159 158 158 159 159 159 160 161 161 162 163 165 167 170 175 179 178 175 173 169 163 158 156 159 165 170 168 165 164 165 164 162 162 167 174 176 175 173 172 173 172 169 166 164 168 176 180 178 171 161 157 160 170 180 186 190 195 197 193 182 173 173 179 184 188 190 185 171 166 173 181 188 192 195 195 192 193 199 201 194 188 193 201 206
158 158 158 158 158 158 158 157 158 159 159 159 159 159 159 159 159 160 161 162 162 163 165 167 171 175 178 177 176 178 176 169 162 157 155 158 163 164 164 164 164 162 161 163 168 172 175 176 175 173 174 174 173 169 166 171 179 181 175 168 161 157 161 173 185 193 195 196 193 185 178 176 177 181 185 185 188 188 180 168 166 174 181 185 189 194 196 197 202 204 197 186 187 198 204
158 158 158 158 158 158 158 157 158 159 159 159 159 159 159 159 159 160 161 162 162 163 165 167 170 174 175 173 175 180 181 176 170 165 160 159 161 162 163 165 165 163 164 165 168 171 173 176 177 174 173 174 174 172 172 175 178 177 172 165 161 164 171 179 187 193 195 193 186 178 176 179 182 185 187 184 184 188 188 177 166 167 175 180 187 195 200 201 204 207 203 193 186 191 200
158 158 158 158 158 158 157 157 158 159 159 159 159 159 159 159 159 160 161 161 162 163 165 167 169 171 170 168 173 178 180 180 177 169 163 164 165 164 163 165 166 166 168 169 169 172 173 173 174 174 175 175 175 176 178 179 177 173 170 164 161 169 182 188 191 192 191 187 180 174 175 182 189 191 189 184 182 188 193 186 171 165 169 179 188 196 199 200 203 206 206 202 192 189 195
159 158 158 159 158 157 157 158 158 158 159 158 159 159 158 159 159 160 160 161 162 163 164 166 168 167 165 165 170 174 177 178 175 168 165 167 168 164 162 164 165 167 170 171 172 173 171 169 168 172 176 175 177 181 183 184 181 172 167 164 165 174 189 197 195 190 185 181 177 173 176 187 193 191 186 182 182 188 194 191 180 169 169 177 186 190 192 195 199 205 208 209 205 198 200
158 158 159 159 158 157 158 158 158 159 159 158 158 158 158 159 159 159 160 161 161 162 164 165 166 165 164 165 171 176 176 171 168 164 164 168 168 162 161 164 166 167 169 171 172 172 168 164 164 170 173 174 178 183 187 188 184 174 166 165 171 181 192 199 195 185 178 177 176 177 182 187 186 182 180 181 183 187 192 194 189 181 176 177 181 185 190 196 203 209 212 215 215 213 212
158 158 159 158 157 157 159 158 158 158 159 159 158 158 158 159 159 159 159 160 160 161 163 164 164 164 164 166 172 175 172 167 165 163 163 166 164 159 159 163 166 168 170 169 170 170 166 164 167 169 170 171 175 181 187 186 181 177 172 171 176 184 190 194 192 183 174 172 176 181 184 181 177 177 178 180 182 185 190 195 195 191 186 180 181 185 192 201 208 213 216 218 218 218 215
159 159 159 158 156 157 158 158 158 158 158 158 158 158 158 159 159 159 159 160 160 160 162 163 163 163 163 165 168 168 165 164 165 165 163 162 161 158 161 165 168 170 171 170 170 168 165 166 169 169 170 170 172 177 183 181 176 175 178 180 181 181 184 188 190 185 175 168 172 180 181 179 178 179 179 179 179 181 187 195 200 198 194 187 183 187 195 198 202 207 212 216 217 217 212
159 160 160 158 157 158 159 159 158 158 158 157 158 158 158 159 159 159 159 160 160 160 160 160 161 162 163 164 164 162 158 159 163 165 164 164 162 161 165 169 170 172 172 172 170 166 165 168 168 168 169 171 172 174 176 175 170 169 177 184 185 182 180 182 188 189 182 171 166 171 178 182 183 183 181 177 176 176 182 194 201 200 198 195 188 188 195 197 197 202 207 208 210 212 211
159 159 159 158 158 158 159 159 158 158 158 158 158 158 158 158 159 159 159 159 159 159 159 159 159 160 163 164 164 160 155 156 159 160 163 167 168 166 168 172 175 177 176 174 171 167 167 168 168 169 171 172 173 173 172 171 170 170 173 182 186 184 179 177 183 188 187 176 166 167 177 186 188 187 182 177 175 176 182 191 198 199 201 203 200 190 190 196 196 196 200 202 207 213 215
160 159 158 157 158 159 159 159 158 158 158 158 158 158 158 158 158 158 159 159 159 159 159 159 158 159 161 164 166 159 154 154 155 156 160 168 174 175 176 178 179 178 176 174 170 168 169 169 169 171 171 171 173 172 171 171 173 174 175 179 185 184 178 173 176 184 186 180 173 173 182 190 190 185 180 178 178 182 188 187 190 198 204 208 209 196 184 191 195 193 194 199 207 215 214
160 159 158 157 158 159 159 158 158 157 157 158 158 158 158 158 158 158 159 158 158 158 159 159 159 159 161 164 164 156 153 153 152 153 158 167 178 185 185 182 180 176 174 172 170 169 170 171 172 173 170 169 171 172 171 171 174 177 178 180 184 185 179 172 171 177 182 181 181 185 190 188 182 178 180 182 179 182 189 190 187 193 200 206 208 201 185 185 191 192 192 198 207 212 212
159 159 158 158 159 159 159 158 158 157 157 158 158 158 157 158 158 158 158 158 158 158 158 158 158 159 160 162 158 153 152 151 151 154 159 169 186 192 186 181 178 174 172 170 170 170 170 172 174 174 171 170 172 174 173 171 173 177 179 180 183 186 183 178 174 175 178 182 188 192 188 180 177 180 185 185 177 177 187 194 191 190 195 199 204 203 193 184 187 191 193 199 208 215 217
159 158 158 159 159 159 158 158 157 157 157 158 158 157 157 158 158 158 158 158 158 158 158 158 158 158 159 157 153 149 148 149 151 154 160 174 187 185 183 180 177 173 169 168 170 171 171 171 172 173 171 170 171 174 174 173 173 175 178 180 183 189 192 188 180 177 178 184 190 186 179 177 181 188 189 182 176 174 182 192 195 194 195 197 202 205 197 186 184 190 195 202 212 219 220
160 159 159 159 159 159 158 157 157 157 158 158 158 157 158 158 158 158 158 158 158 158 158 158 158 158 156 154 151 148 146 147 149 153 162 176 180 178 179 179 176 172 169 168 169 171 172 171 171 172 171 168 167 168 172 174 174 174 177 180 186 194 199 197 185 178 181 186 186 179 176 181 188 190 185 178 175 175 178 189 196 197 197 198 202 202 195 187 186 190 194 203 216 223 223
161 160 160 160 159 159 158 157 157 158 158 158 157 157 158 158 158 158 158 158 157 158 158 158 157 157 156 154 152 150 147 148 150 153 164 173 175 173 172 173 173 171 172 172 170 169 171 173 173 173 170 168 166 165 168 173 176 176 179 185 192 196 198 196 190 182 182 184 181 179 184 189 188 183 177 174 177 178 179 188 195 196 196 197 197 195 193 191 191 192 194 204 218 225 224
