windninja/windninja_output/Output_2025-10-23_2300-2350_Google earth_Fire_150m_10min/merlingen_7.5mi_point_10-23-2025_2320_150m_vel.asc
ncols	158
nrows	163
xllcorner	391686.332397
yllcorner	5160024.123721
cellsize	150.000000
NODATA_value	-32768.000000
[rows 0 to 37 of 163, columns 0 to 83 of 158]
5.81 5.93 6.04 5.98 6.12 6.23 5.87 5.76 6.13 6.19 5.98 5.85 6.29 7.28 7.78 7.45 6.81 6.23 6.32 6.57 5.78 4.99 5.67 6.34 6.46 6.18 5.72 5.70 6.10 6.14 6.04 6.12 6.14 5.95 6.03 6.32 5.97 5.76 5.86 5.63 5.67 5.91 5.87 5.89 5.92 5.80 5.85 5.63 5.41 5.53 5.55 5.56 5.67 5.63 5.48 5.48 5.52 5.62 5.69 5.57 5.39 5.45 5.54 5.53 5.54 5.65 5.85 5.92 5.79 5.52 5.32 5.30 5.35 5.41 5.56 5.57 5.48 5.54 5.50 5.33 5.27 5.25 5.53 5.63
5.59 5.89 6.02 5.89 6.12 6.17 5.77 5.70 6.09 6.12 5.75 5.32 5.47 6.55 7.56 7.82 7.33 6.59 6.68 6.84 5.70 4.63 5.03 6.04 6.62 6.41 5.77 5.59 5.94 6.04 6.00 6.07 6.11 5.98 6.00 6.37 6.14 5.89 5.92 5.61 5.61 5.84 5.86 6.02 6.06 5.91 5.99 5.78 5.40 5.38 5.46 5.50 5.59 5.57 5.42 5.41 5.49 5.61 5.75 5.60 5.32 5.32 5.43 5.43 5.34 5.41 5.72 5.99 5.99 5.63 5.27 5.19 5.25 5.33 5.48 5.49 5.44 5.65 5.63 5.27 5.11 5.17 5.47 5.64
5.21 5.83 5.96 5.75 6.09 5.86 5.54 5.77 6.11 5.98 5.28 4.32 4.21 5.31 7.01 8.22 8.06 7.32 7.30 7.03 5.78 4.49 4.23 5.23 6.50 6.65 6.00 5.61 5.71 5.86 5.99 6.05 6.03 6.05 6.13 6.29 6.28 6.14 5.98 5.67 5.64 5.74 5.85 6.20 6.21 6.04 6.08 5.98 5.50 5.22 5.31 5.36 5.40 5.46 5.36 5.34 5.46 5.55 5.72 5.67 5.34 5.20 5.26 5.31 5.15 5.16 5.54 6.05 6.27 5.81 5.19 5.07 5.18 5.25 5.35 5.26 5.31 5.83 5.85 5.18 4.79 5.16 5.48 5.44
4.91 5.73 5.93 5.70 6.00 5.52 5.36 5.96 6.19 5.80 4.79 3.63 3.66 4.69 6.37 8.29 8.41 7.82 7.61 7.08 6.06 5.01 4.15 4.39 5.84 6.47 6.23 5.88 5.66 5.78 6.06 6.17 6.15 6.21 6.19 6.16 6.19 6.21 6.09 5.86 5.76 5.75 6.00 6.30 6.25 6.10 6.00 5.89 5.61 5.37 5.26 5.14 5.22 5.42 5.43 5.38 5.46 5.49 5.55 5.62 5.46 5.18 5.14 5.23 5.13 5.10 5.41 6.01 6.37 5.84 5.17 5.11 5.24 5.23 5.20 5.04 5.13 5.77 5.94 5.13 4.47 5.11 5.64 5.27
4.74 5.49 5.85 5.73 5.94 5.52 5.49 6.10 6.13 5.40 4.29 3.33 3.36 4.49 6.43 8.23 8.60 8.06 7.55 7.19 6.56 5.67 4.51 4.00 5.10 5.91 6.07 5.97 5.72 5.79 6.09 6.39 6.60 6.47 6.15 6.10 6.15 6.23 6.28 6.07 5.81 5.84 6.18 6.31 6.20 6.08 5.88 5.67 5.58 5.50 5.22 5.03 5.12 5.39 5.52 5.48 5.49 5.49 5.46 5.51 5.47 5.18 5.07 5.17 5.14 5.10 5.30 5.97 6.37 5.76 5.20 5.23 5.31 5.21 5.09 5.06 5.12 5.49 5.72 5.16 4.41 4.79 5.60 5.40
4.88 5.26 5.58 5.73 5.96 5.78 5.87 6.17 5.76 4.82 3.95 3.32 3.12 4.40 6.68 7.95 8.50 8.22 7.47 7.24 7.05 6.44 5.05 4.03 4.52 5.28 5.53 5.68 5.67 5.70 5.95 6.50 6.91 6.71 6.31 6.16 6.29 6.39 6.43 6.23 5.91 5.96 6.21 6.20 6.06 5.99 5.79 5.60 5.51 5.35 5.16 5.12 5.18 5.36 5.56 5.60 5.58 5.53 5.45 5.42 5.38 5.16 5.05 5.15 5.16 5.11 5.23 5.91 6.27 5.64 5.29 5.46 5.44 5.10 4.93 5.17 5.36 5.39 5.22 4.96 4.70 4.82 5.35 5.44
5.16 5.27 5.35 5.60 5.96 6.02 6.14 6.00 5.25 4.44 3.86 3.41 3.15 4.40 6.76 7.68 8.03 8.15 7.68 7.38 7.42 7.16 5.78 4.30 4.22 4.70 4.99 5.30 5.46 5.48 5.80 6.48 6.86 6.71 6.56 6.53 6.54 6.53 6.46 6.25 6.05 6.04 6.11 6.04 5.91 5.89 5.75 5.57 5.41 5.14 5.03 5.21 5.32 5.39 5.62 5.74 5.68 5.60 5.47 5.36 5.25 5.05 5.00 5.15 5.22 5.13 5.23 5.87 6.09 5.44 5.26 5.73 5.70 5.01 4.73 5.13 5.56 5.52 4.80 4.63 5.13 5.23 5.17 5.30
5.31 5.42 5.42 5.53 5.85 6.04 6.15 5.73 4.97 4.39 3.95 3.54 3.32 4.43 6.58 7.52 7.44 7.76 7.82 7.51 7.68 7.70 6.53 4.90 4.15 4.16 4.65 5.11 5.14 5.20 5.78 6.42 6.57 6.54 6.75 6.90 6.72 6.52 6.43 6.28 6.15 6.09 6.06 5.98 5.89 5.83 5.67 5.53 5.28 4.97 4.93 5.20 5.29 5.41 5.82 5.93 5.78 5.70 5.53 5.35 5.13 4.81 4.80 5.10 5.30 5.27 5.36 5.80 5.90 5.29 5.15 5.78 5.80 5.12 4.73 4.95 5.52 5.51 4.59 4.51 5.53 5.58 5.04 5.13
5.34 5.52 5.63 5.59 5.70 5.88 5.90 5.50 4.98 4.56 4.17 3.77 3.48 4.26 6.28 7.33 7.16 7.36 7.65 7.63 7.86 7.95 7.10 5.71 4.48 3.94 4.40 4.94 4.79 4.97 5.90 6.30 6.19 6.47 6.95 7.03 6.68 6.41 6.37 6.32 6.21 6.16 6.06 5.99 5.99 5.79 5.56 5.50 5.19 4.76 4.95 5.25 5.07 5.28 6.06 6.18 5.87 5.79 5.62 5.31 5.00 4.58 4.44 4.81 5.24 5.53 5.63 5.72 5.66 5.28 5.26 5.65 5.62 5.23 4.88 4.90 5.36 5.24 4.55 4.76 5.88 5.86 4.99 4.84
5.36 5.54 5.76 5.70 5.60 5.66 5.64 5.40 5.09 4.77 4.44 4.06 3.66 4.10 5.76 7.00 7.15 7.20 7.28 7.63 7.99 7.97 7.49 6.32 5.07 4.13 4.05 4.61 4.64 4.90 5.99 6.14 5.84 6.40 7.05 7.02 6.56 6.29 6.32 6.35 6.30 6.28 6.16 6.03 6.05 5.77 5.47 5.50 5.18 4.60 4.86 5.25 4.96 5.27 6.17 6.40 5.96 5.74 5.59 5.20 4.94 4.65 4.21 4.29 5.04 5.68 5.83 5.63 5.26 5.22 5.54 5.69 5.44 5.14 4.96 4.94 5.22 4.94 4.47 5.15 6.07 6.09 5.20 4.65
5.39 5.56 5.80 5.75 5.57 5.53 5.54 5.43 5.19 4.91 4.67 4.32 3.88 4.00 5.22 6.61 7.14 7.25 7.10 7.40 7.88 7.92 7.71 6.72 5.56 4.61 3.86 4.20 4.66 5.00 5.85 5.97 5.69 6.26 6.89 6.86 6.48 6.23 6.29 6.37 6.37 6.39 6.28 6.04 6.08 5.88 5.39 5.41 5.24 4.61 4.80 5.14 5.01 5.46 6.12 6.47 6.05 5.58 5.40 5.13 5.08 4.87 4.18 4.12 5.06 5.65 5.79 5.43 4.72 4.99 5.75 5.86 5.41 4.99 4.89 4.96 5.23 5.00 4.51 5.19 5.96 6.16 5.60 4.93
5.48 5.60 5.77 5.73 5.56 5.53 5.55 5.47 5.26 5.02 4.84 4.54 4.13 4.02 4.93 6.35 7.02 7.26 7.20 7.25 7.60 7.77 7.68 6.94 5.93 4.93 3.92 4.05 4.71 5.10 5.58 5.84 5.79 6.16 6.58 6.57 6.41 6.28 6.34 6.34 6.33 6.46 6.31 5.99 6.14 6.10 5.44 5.25 5.27 4.92 4.93 5.00 5.00 5.57 6.04 6.29 6.05 5.52 5.19 5.07 5.27 5.13 4.46 4.51 5.27 5.50 5.50 5.01 4.23 4.77 5.72 5.87 5.49 4.88 4.69 4.96 5.38 5.42 5.01 5.09 5.56 5.96 5.86 5.57
5.57 5.64 5.73 5.69 5.59 5.60 5.59 5.47 5.32 5.13 4.96 4.71 4.33 4.11 4.86 6.32 6.98 7.09 7.27 7.33 7.41 7.47 7.40 6.95 6.11 5.05 4.25 4.30 4.79 5.11 5.42 5.77 5.95 6.05 6.18 6.35 6.40 6.38 6.35 6.19 6.26 6.47 6.17 5.93 6.19 6.19 5.66 5.36 5.47 5.46 5.21 4.96 4.99 5.60 6.15 6.07 5.76 5.36 5.01 5.15 5.56 5.47 5.08 5.14 5.36 5.31 5.11 4.66 4.18 4.70 5.34 5.60 5.61 4.93 4.53 4.89 5.37 5.74 5.49 5.02 5.19 5.69 5.91 6.14
5.65 5.68 5.71 5.67 5.63 5.66 5.61 5.46 5.38 5.23 5.06 4.86 4.43 4.20 4.98 6.44 7.16 6.96 7.07 7.37 7.27 7.08 6.99 6.71 6.06 5.22 4.65 4.69 4.93 5.12 5.45 5.78 6.00 5.90 5.80 6.27 6.52 6.44 6.28 6.01 6.20 6.34 5.97 5.86 6.13 6.06 5.61 5.53 5.94 6.05 5.53 5.08 5.01 5.67 6.45 6.07 5.36 4.84 4.64 5.29 6.02 5.93 5.79 5.68 5.36 5.13 4.94 4.90 4.69 4.46 4.72 5.26 5.68 5.17 4.58 4.69 5.29 5.86 5.64 5.11 5.25 5.66 5.91 6.32
5.71 5.73 5.71 5.69 5.67 5.66 5.59 5.50 5.46 5.32 5.16 5.00 4.55 4.25 5.04 6.61 7.44 7.00 6.75 7.11 7.03 6.66 6.56 6.40 6.00 5.44 4.95 4.97 5.06 5.12 5.60 5.96 5.93 5.75 5.69 6.16 6.47 6.47 6.23 5.92 6.07 6.04 6.01 6.06 5.97 5.86 5.42 5.15 5.83 6.53 6.20 5.38 5.11 5.86 6.65 6.30 5.25 4.29 4.13 5.30 6.47 6.46 6.29 5.83 5.33 5.30 5.26 5.43 5.19 4.35 4.23 5.14 5.68 5.24 4.54 4.59 5.27 5.61 5.50 5.53 5.72 5.74 5.81 6.08
5.77 5.76 5.74 5.72 5.68 5.64 5.59 5.55 5.53 5.41 5.29 5.12 4.78 4.37 4.96 6.76 7.57 7.07 6.54 6.64 6.66 6.31 6.12 6.08 6.04 5.70 5.10 5.01 5.18 5.20 5.76 6.15 5.82 5.66 5.76 5.89 6.18 6.41 6.18 6.01 6.02 5.78 6.09 6.45 5.88 5.67 5.71 5.01 4.94 6.13 6.72 5.88 5.44 6.06 6.51 6.52 5.70 4.27 3.91 5.30 6.71 6.92 6.44 5.46 5.32 5.91 5.78 5.73 5.64 4.55 4.18 4.99 5.43 4.90 4.48 4.69 5.04 5.17 5.46 6.15 6.08 5.49 5.54 5.68
5.80 5.79 5.77 5.74 5.68 5.65 5.63 5.59 5.58 5.52 5.42 5.24 5.05 4.68 5.03 6.63 7.43 7.08 6.54 6.32 6.25 5.98 5.76 5.83 6.08 5.92 5.22 4.93 5.22 5.46 5.90 6.05 5.64 5.60 5.82 5.86 6.03 6.20 6.06 6.04 6.02 5.77 6.13 6.54 5.98 5.59 5.89 5.46 4.93 5.61 6.43 6.15 5.84 6.05 6.17 6.35 6.23 4.98 4.19 5.57 6.91 7.10 6.35 5.10 5.27 6.33 6.35 6.04 5.85 4.89 4.27 4.56 4.94 4.68 4.49 4.58 4.57 5.04 5.91 6.47 5.85 5.11 5.23 5.27
5.81 5.82 5.80 5.75 5.70 5.69 5.67 5.64 5.63 5.61 5.53 5.36 5.27 5.08 5.26 6.28 7.09 6.97 6.54 6.23 5.99 5.73 5.56 5.71 6.00 5.93 5.42 5.04 5.21 5.62 5.87 5.71 5.43 5.57 5.96 6.17 6.12 6.01 5.93 6.03 6.07 5.98 6.14 6.27 6.07 5.81 5.76 5.68 5.70 5.96 6.11 6.00 5.91 5.93 5.89 6.07 6.37 5.79 5.00 5.78 6.94 7.09 6.13 5.14 5.37 6.40 6.84 6.40 5.72 5.08 4.63 4.37 4.73 4.79 4.29 4.20 4.39 5.21 6.20 6.09 5.35 5.09 4.99 4.92
5.83 5.83 5.82 5.77 5.74 5.73 5.71 5.72 5.69 5.64 5.60 5.50 5.44 5.39 5.48 6.03 6.68 6.69 6.38 6.13 5.87 5.66 5.56 5.66 5.83 5.81 5.59 5.30 5.23 5.47 5.59 5.35 5.23 5.50 6.06 6.48 6.40 6.04 5.83 6.05 6.10 6.04 6.19 6.08 6.02 6.12 5.97 5.70 5.94 6.31 6.14 5.80 5.63 5.67 5.77 5.97 6.26 6.16 5.73 5.95 6.86 6.99 6.05 5.45 5.69 6.37 6.98 6.53 5.66 5.50 5.17 4.45 4.59 4.61 3.94 3.88 4.29 5.00 5.82 5.60 5.20 5.17 4.74 4.53
5.86 5.85 5.83 5.79 5.77 5.78 5.78 5.79 5.75 5.63 5.63 5.67 5.60 5.55 5.64 5.92 6.28 6.33 6.16 6.01 5.81 5.69 5.61 5.60 5.69 5.72 5.63 5.44 5.29 5.26 5.17 5.02 5.11 5.48 6.08 6.60 6.66 6.21 5.82 6.07 6.07 6.00 6.19 6.10 6.08 6.39 6.46 5.85 5.69 6.34 6.37 5.88 5.50 5.42 5.71 5.92 6.08 6.27 6.20 6.16 6.64 6.87 6.27 5.81 5.97 6.40 6.78 6.54 6.14 6.07 5.38 4.39 4.34 4.35 3.87 3.64 3.83 4.48 5.28 5.47 5.33 5.22 4.67 4.23
5.90 5.90 5.85 5.79 5.79 5.82 5.84 5.84 5.80 5.64 5.66 5.79 5.72 5.63 5.71 5.83 5.99 6.07 6.02 5.91 5.77 5.69 5.61 5.56 5.59 5.63 5.58 5.44 5.30 5.12 4.81 4.69 5.09 5.67 6.21 6.65 6.85 6.43 5.88 5.98 5.96 5.96 6.14 6.22 6.41 6.61 6.58 5.98 5.65 6.21 6.47 6.14 5.73 5.47 5.56 5.68 5.84 6.15 6.41 6.34 6.37 6.89 6.81 6.13 6.16 6.51 6.57 6.67 6.72 6.18 5.01 4.13 4.14 4.35 3.95 3.24 3.31 4.18 5.11 5.54 5.52 5.26 4.72 4.14
5.95 5.93 5.84 5.81 5.83 5.85 5.86 5.88 5.84 5.71 5.70 5.83 5.79 5.69 5.71 5.76 5.82 5.93 5.93 5.83 5.72 5.64 5.58 5.51 5.48 5.52 5.51 5.40 5.27 5.03 4.59 4.38 5.00 5.93 6.29 6.60 6.94 6.58 5.90 5.82 5.87 5.99 6.22 6.47 6.72 6.72 6.54 6.14 5.86 6.12 6.49 6.36 6.06 5.68 5.41 5.45 5.66 5.87 6.16 6.38 6.33 7.03 7.30 6.43 6.42 6.75 6.60 6.84 6.77 5.63 4.44 4.02 4.23 4.59 4.01 2.93 2.84 3.83 4.98 5.72 5.72 5.17 4.80 4.34
5.99 5.93 5.85 5.87 5.89 5.86 5.86 5.89 5.88 5.82 5.75 5.80 5.84 5.74 5.69 5.71 5.73 5.84 5.87 5.75 5.66 5.60 5.53 5.42 5.35 5.41 5.41 5.34 5.26 5.02 4.52 4.22 5.04 6.08 6.34 6.53 6.77 6.58 6.03 5.74 5.79 6.00 6.35 6.72 6.92 6.88 6.64 6.27 6.02 6.08 6.50 6.47 6.19 5.91 5.53 5.42 5.58 5.64 5.55 6.08 6.51 7.26 7.66 6.97 6.97 7.04 6.66 6.64 6.13 4.99 4.25 4.10 4.57 4.99 4.21 2.89 2.44 3.32 4.62 5.63 5.86 5.32 5.16 4.69
6.00 5.92 5.89 5.95 5.93 5.86 5.85 5.88 5.93 5.95 5.82 5.76 5.82 5.80 5.71 5.69 5.69 5.77 5.81 5.67 5.60 5.55 5.45 5.31 5.25 5.27 5.25 5.29 5.35 5.15 4.62 4.31 5.08 5.98 6.33 6.55 6.53 6.41 6.21 5.86 5.74 5.96 6.32 6.81 7.28 7.13 6.55 6.33 6.14 6.09 6.52 6.51 6.25 6.17 5.80 5.45 5.57 5.49 5.00 5.52 6.58 7.51 8.15 8.02 7.63 6.89 6.20 5.86 5.25 4.69 4.36 4.37 5.06 5.36 4.39 2.87 2.23 3.03 4.06 4.96 5.68 5.63 5.53 5.14
6.01 5.95 5.93 5.98 5.94 5.87 5.85 5.89 6.01 6.04 5.90 5.73 5.74 5.83 5.75 5.69 5.69 5.71 5.72 5.60 5.52 5.48 5.35 5.19 5.12 5.08 5.04 5.29 5.67 5.43 4.80 4.57 4.96 5.64 6.19 6.48 6.47 6.44 6.34 6.01 5.76 5.84 6.17 6.98 7.67 7.02 6.28 6.42 6.36 6.25 6.50 6.54 6.42 6.35 6.00 5.56 5.53 5.31 4.75 5.06 6.35 7.81 8.89 8.86 7.53 6.09 5.36 4.90 4.65 4.65 4.61 4.89 5.70 5.50 4.04 2.71 2.45 3.08 3.62 4.12 5.05 5.58 5.57 5.51
6.03 5.99 5.96 5.98 5.96 5.89 5.84 5.96 6.11 6.06 5.91 5.76 5.74 5.81 5.75 5.70 5.70 5.67 5.65 5.56 5.44 5.38 5.25 5.06 4.93 4.77 4.78 5.41 6.16 5.83 5.02 4.85 4.98 5.25 5.82 6.18 6.41 6.80 6.66 6.09 5.82 5.80 6.19 7.26 7.53 6.54 6.27 6.59 6.57 6.52 6.53 6.66 6.66 6.45 6.13 5.65 5.28 5.05 4.82 5.04 6.36 8.48 9.52 8.64 6.72 5.37 4.63 4.20 4.41 4.86 5.24 5.86 6.05 5.04 3.47 2.60 3.12 3.58 3.43 3.54 4.39 5.06 5.15 5.50
6.05 6.03 5.99 5.99 5.99 5.90 5.86 6.05 6.16 6.03 5.90 5.84 5.81 5.76 5.70 5.72 5.70 5.64 5.59 5.50 5.39 5.29 5.15 4.91 4.68 4.32 4.43 5.60 6.56 6.21 5.44 5.23 5.21 5.05 5.26 5.58 6.13 7.21 7.22 6.27 5.87 6.01 6.45 7.22 7.03 6.08 6.33 6.85 6.84 6.64 6.47 6.81 6.90 6.71 6.38 5.38 4.63 4.86 5.22 5.66 7.48 9.56 9.35 7.49 5.94 5.02 4.21 3.83 4.31 5.33 6.42 6.66 5.71 4.40 2.91 2.32 3.59 4.41 3.71 3.39 3.95 4.39 4.51 5.05
6.04 6.05 6.04 6.01 6.01 5.93 5.93 6.13 6.14 5.97 5.92 5.91 5.87 5.76 5.69 5.72 5.68 5.59 5.52 5.46 5.37 5.24 5.03 4.73 4.39 3.89 4.05 5.55 6.64 6.43 6.09 5.91 5.56 5.16 4.94 4.91 5.59 7.27 7.77 6.61 5.89 6.38 6.64 6.80 6.56 5.78 6.10 6.90 7.22 6.69 6.23 6.88 7.19 7.16 6.56 4.58 3.71 4.88 5.99 6.88 8.76 9.77 8.19 6.09 5.23 4.77 4.02 3.76 4.46 5.95 7.31 6.78 5.15 3.85 2.49 2.00 3.53 5.13 4.53 3.51 3.58 3.78 4.06 4.72
6.03 6.06 6.07 6.05 6.03 5.97 6.03 6.17 6.08 5.93 5.95 5.94 5.90 5.83 5.74 5.70 5.66 5.55 5.46 5.45 5.37 5.19 4.92 4.56 4.11 3.59 3.86 5.25 6.26 6.37 6.64 6.78 6.10 5.52 5.13 4.76 5.26 6.96 8.04 6.92 6.14 6.70 6.58 6.48 6.19 5.53 5.74 6.57 7.47 7.00 6.03 6.74 7.46 7.53 6.54 3.87 3.05 5.05 6.96 8.12 9.22 8.96 7.08 5.23 4.63 4.43 3.79 3.80 5.08 6.70 7.54 6.56 4.83 3.52 2.31 1.97 3.17 5.31 5.36 4.02 3.47 3.37 3.83 4.63
6.04 6.06 6.08 6.09 6.09 6.05 6.10 6.14 6.03 5.94 5.95 5.96 5.95 5.90 5.81 5.69 5.64 5.53 5.43 5.44 5.34 5.12 4.83 4.47 3.96 3.51 3.85 4.85 5.47 5.81 6.74 7.51 6.96 6.38 5.94 5.08 5.06 6.77 8.12 7.14 6.55 6.73 6.28 6.37 5.89 5.24 5.58 6.19 7.38 7.22 6.03 6.55 7.47 7.64 6.55 3.97 3.09 5.16 7.67 9.23 9.16 7.65 6.16 5.03 4.43 4.19 3.59 3.95 6.01 7.44 7.40 6.05 4.55 3.47 2.43 2.28 3.29 4.98 5.79 4.99 3.76 3.18 3.54 4.37
6.10 6.08 6.05 6.10 6.18 6.17 6.11 6.07 6.04 5.98 5.95 5.99 5.99 5.95 5.88 5.73 5.63 5.52 5.42 5.41 5.29 5.05 4.79 4.45 3.98 3.69 3.91 4.39 4.64 4.96 6.16 7.59 7.85 7.77 6.92 5.11 4.86 6.73 8.10 7.31 6.67 6.46 5.91 6.19 5.76 5.14 5.64 6.36 7.20 6.94 6.11 6.48 7.16 7.65 6.80 4.37 3.76 5.58 8.09 9.86 8.70 6.18 5.29 5.08 4.74 4.28 3.57 4.18 6.73 8.02 6.95 5.19 4.32 3.62 2.72 2.72 3.26 4.45 5.85 5.84 4.32 3.14 3.24 3.96
6.19 6.11 5.99 6.07 6.33 6.30 6.07 6.03 6.06 6.01 5.97 6.01 6.03 5.99 5.93 5.79 5.64 5.51 5.41 5.39 5.27 5.01 4.76 4.49 4.13 3.92 3.90 3.95 3.96 4.38 5.76 7.37 8.31 8.87 7.54 4.74 4.67 7.01 8.03 7.17 6.52 6.02 5.59 5.93 5.72 5.29 5.94 6.74 6.84 6.41 6.17 6.39 6.69 7.50 6.97 4.76 4.75 6.53 8.52 9.98 8.33 5.27 4.49 5.07 5.41 4.71 3.70 4.33 7.05 8.20 6.28 4.64 4.36 3.79 2.90 2.80 3.06 4.05 5.70 6.33 4.96 3.27 3.13 3.72
6.22 6.13 5.94 6.09 6.49 6.33 6.02 6.04 6.09 6.04 5.98 6.03 6.07 6.03 5.98 5.82 5.64 5.56 5.45 5.38 5.27 5.01 4.72 4.55 4.37 4.06 3.86 3.62 3.36 4.02 5.92 7.57 8.42 9.33 7.99 4.74 4.75 7.26 7.64 6.58 6.25 5.72 5.42 5.78 5.65 5.52 6.30 6.75 6.29 6.21 6.29 6.22 6.31 6.98 6.82 5.26 5.41 7.27 9.02 9.77 7.72 4.71 3.83 4.98 6.17 5.43 4.03 4.45 6.95 8.00 6.07 4.76 4.65 3.81 2.85 2.66 2.87 3.78 5.42 6.48 5.33 3.61 3.41 3.71
6.17 6.13 5.98 6.22 6.57 6.28 6.03 6.06 6.12 6.09 6.00 6.07 6.10 6.04 6.00 5.82 5.68 5.64 5.52 5.38 5.28 5.07 4.74 4.62 4.57 4.17 3.84 3.40 3.09 3.97 5.96 7.57 8.11 9.24 8.84 5.47 4.90 6.96 7.02 6.04 6.04 5.64 5.40 5.75 5.63 5.81 6.46 6.37 6.00 6.27 6.39 6.19 6.17 6.35 6.40 5.77 5.79 7.23 9.06 9.68 7.69 4.55 3.24 4.62 6.60 6.33 4.78 4.61 6.29 7.63 6.44 5.20 4.72 3.61 2.76 2.60 2.76 3.49 5.02 6.19 5.59 4.33 4.07 4.04
6.09 6.07 6.09 6.41 6.57 6.25 6.04 6.06 6.17 6.15 6.06 6.09 6.10 6.06 5.99 5.84 5.75 5.72 5.57 5.41 5.33 5.16 4.86 4.72 4.63 4.25 3.80 3.36 3.17 4.02 5.82 7.20 7.74 8.89 9.38 6.84 4.97 6.14 6.42 5.77 5.81 5.60 5.48 5.70 5.80 6.13 6.28 6.01 6.06 6.34 6.35 6.25 6.18 6.00 6.06 6.22 6.34 6.87 8.26 9.58 8.36 5.03 2.98 3.93 6.45 7.09 6.00 5.18 6.04 7.28 6.48 5.29 4.57 3.52 2.87 2.69 2.75 3.36 4.34 5.37 5.66 5.16 4.90 4.76
6.04 6.05 6.20 6.55 6.57 6.23 6.03 6.07 6.22 6.23 6.13 6.09 6.10 6.07 5.98 5.89 5.82 5.77 5.61 5.48 5.42 5.25 5.01 4.84 4.60 4.26 3.83 3.43 3.31 4.19 5.84 6.82 7.59 8.74 9.31 7.52 5.21 5.32 5.89 5.62 5.52 5.59 5.68 5.76 6.10 6.44 6.02 5.89 6.22 6.32 6.26 6.25 6.22 5.99 6.08 6.47 6.69 6.72 7.35 9.08 8.87 5.79 3.21 3.36 5.63 7.31 7.21 6.38 6.67 6.87 5.67 4.98 4.55 3.67 3.18 2.85 2.74 3.27 3.79 4.31 5.05 5.29 5.51 5.63
6.05 6.09 6.30 6.59 6.53 6.21 6.08 6.13 6.25 6.28 6.19 6.13 6.10 6.06 6.01 5.95 5.87 5.79 5.67 5.57 5.49 5.32 5.13 4.93 4.65 4.31 3.91 3.40 3.42 4.76 6.21 6.83 7.64 8.52 8.69 7.41 5.68 5.15 5.58 5.60 5.37 5.58 5.91 5.99 6.34 6.56 6.00 5.97 6.26 6.18 6.25 6.23 6.18 6.21 6.30 6.45 6.61 6.72 7.01 8.40 8.88 6.48 3.83 3.23 4.54 6.79 8.00 7.82 7.17 5.83 4.57 4.67 4.64 4.01 3.47 2.93 2.65 3.04 3.69 4.03 4.19 4.59 5.40 6.13
6.12 6.17 6.41 6.54 6.40 6.24 6.18 6.20 6.25 6.32 6.27 6.17 6.09 6.08 6.06 5.99 5.91 5.82 5.73 5.65 5.54 5.38 5.22 5.04 4.78 4.42 3.96 3.41 3.92 5.80 6.57 6.76 7.28 7.73 7.93 6.89 5.48 5.25 5.75 5.76 5.53 5.72 6.01 6.25 6.57 6.55 6.10 6.06 6.10 6.19 6.44 6.21 6.06 6.39 6.51 6.31 6.29 6.63 6.98 7.90 8.53 7.00 4.66 3.41 3.80 5.94 8.32 8.82 7.08 4.85 4.18 4.68 4.93 4.31 3.32 2.90 2.68 2.64 3.75 4.30 3.71 3.80 4.67 5.78
