windninja/windninja_output/Output_2025-10-23_2300-2350_Google earth_Fire_150m_10min/merlingen_7.5mi_point_10-23-2025_2330_150m_vel.asc
ncols	158
nrows	163
xllcorner	391686.332397
yllcorner	5160024.123721
cellsize	150.000000
NODATA_value	-32768.000000
[rows 111 to 147 of 163, columns 0 to 83 of 158]
4.86 6.11 8.38 9.54 9.72 9.57 9.31 9.47 9.73 9.84 10.46 10.97 10.05 10.13 12.12 12.65 8.86 3.99 5.37 10.29 14.47 15.24 11.07 8.02 7.85 9.15 11.00 13.22 18.64 23.96 23.61 20.17 18.52 22.94 30.36 29.48 25.28 22.95 18.72 13.90 13.53 15.28 15.77 14.40 13.70 13.18 11.83 10.69 10.39 10.26 9.95 9.46 8.97 9.31 9.87 9.56 9.36 10.32 10.91 9.90 9.22 9.90 10.19 9.48 9.16 9.62 9.57 8.53 7.50 7.01 7.30 8.92 10.54 10.66 10.56 10.69 10.40 10.01 9.84 9.67 9.51 9.54 8.70 7.34
4.80 5.97 7.74 8.52 8.85 8.87 8.88 9.12 9.42 9.33 9.96 11.79 11.54 10.74 12.63 13.25 8.52 2.98 3.90 8.99 13.79 16.27 12.79 7.66 7.52 10.50 11.74 12.98 15.74 20.80 24.20 22.70 20.55 25.54 32.69 31.47 26.74 21.88 15.85 13.67 13.50 13.66 15.05 16.01 14.86 13.07 11.37 10.49 10.34 10.27 9.96 9.14 8.56 9.20 9.89 9.43 9.08 9.91 10.82 10.24 9.25 9.30 9.81 9.78 9.48 9.65 9.91 9.14 8.03 7.46 7.65 8.86 10.22 10.67 10.76 10.93 10.58 10.05 10.23 10.37 10.17 9.93 8.87 7.61
4.61 5.46 6.78 7.68 8.42 8.58 8.54 8.75 9.00 8.81 9.57 12.43 12.96 11.28 12.65 13.71 8.83 3.37 3.88 7.26 11.82 16.10 14.60 8.36 8.06 12.50 13.61 14.26 14.62 16.56 21.63 24.51 25.16 30.05 34.78 30.89 23.97 18.25 14.01 12.45 11.14 12.07 16.09 17.88 15.33 12.28 10.96 10.69 10.53 10.38 10.00 9.15 8.66 9.09 9.64 9.39 8.99 9.41 10.46 10.41 9.45 8.89 9.46 10.15 9.64 9.53 9.88 9.57 9.03 8.22 8.02 9.05 10.11 10.38 10.73 11.22 10.96 10.34 10.30 10.59 11.00 10.48 8.78 7.67
3.96 4.68 6.11 7.28 8.19 8.45 8.45 8.43 8.19 8.45 10.08 13.04 13.24 11.19 12.73 14.72 10.63 5.66 5.13 6.28 9.61 14.40 15.38 11.40 11.75 14.60 14.97 14.42 14.86 15.35 17.15 23.20 29.03 33.92 34.64 27.93 21.23 17.46 13.89 11.21 10.32 13.66 18.38 19.19 15.44 12.38 12.05 11.89 11.22 10.74 10.20 9.43 8.87 8.79 9.30 9.43 8.98 9.02 9.88 10.39 9.70 8.70 9.22 10.49 9.90 9.32 9.66 9.79 9.72 9.04 8.51 9.28 10.17 10.04 10.36 11.37 11.50 10.95 10.20 10.34 11.55 11.16 8.98 7.78
3.20 4.08 6.00 7.16 7.91 8.12 8.29 8.03 7.70 8.85 11.66 13.72 12.13 10.26 13.35 16.87 13.28 7.42 5.71 5.72 8.29 11.65 14.04 15.04 15.65 15.62 14.52 13.95 16.41 15.76 14.30 19.76 29.26 35.67 34.28 27.78 21.92 17.83 14.14 11.26 12.24 17.21 20.03 19.00 16.16 14.27 13.34 12.06 11.23 10.92 10.41 9.81 9.06 8.49 8.87 9.15 8.83 8.76 9.35 10.26 9.77 8.72 9.20 10.52 10.32 9.24 9.35 9.86 9.99 9.49 9.00 9.38 10.22 10.33 10.16 11.09 11.88 11.60 10.43 10.04 11.66 11.79 9.56 7.86
3.20 3.98 5.86 6.83 7.53 7.65 7.70 7.71 8.42 10.65 13.92 13.69 10.14 8.84 14.07 19.31 15.01 7.51 6.19 6.83 8.91 11.09 13.12 15.93 16.98 16.24 13.80 13.71 18.28 17.26 14.27 17.53 26.04 34.52 35.27 28.95 22.88 17.19 14.59 14.31 16.21 19.80 19.59 17.79 16.62 14.38 11.84 10.46 10.75 11.01 10.74 10.26 9.40 8.48 8.19 8.53 8.75 8.69 9.07 9.97 9.62 8.78 9.29 10.54 10.62 9.29 9.11 9.77 9.99 9.71 9.31 9.39 10.26 11.08 10.72 10.83 11.59 12.00 11.04 10.16 11.56 12.32 9.93 7.69
3.39 3.68 5.28 6.40 7.32 7.41 7.11 7.69 9.94 12.85 15.09 12.82 8.40 7.97 14.84 20.51 15.51 7.81 7.96 9.99 11.59 13.38 14.66 15.92 17.04 17.21 14.52 14.39 20.02 18.44 14.94 16.46 21.91 32.07 35.72 30.20 22.93 16.44 15.59 18.43 20.10 19.96 17.95 17.04 16.31 13.30 11.28 11.31 11.94 12.16 11.80 10.81 9.68 8.52 7.62 8.10 8.81 8.78 8.97 9.64 9.54 8.90 9.44 10.67 10.61 9.27 9.04 9.65 9.86 9.76 9.50 9.41 10.04 11.23 11.81 11.47 11.09 11.59 11.61 10.92 11.90 12.66 10.03 7.31
3.56 3.20 4.59 6.22 7.32 7.42 7.22 8.49 11.31 13.64 15.14 12.40 8.04 8.45 14.23 20.25 18.08 10.52 10.26 11.96 12.84 14.06 15.05 16.21 17.77 18.55 17.58 18.93 20.97 19.29 17.70 19.33 24.57 34.91 35.67 29.02 23.20 17.20 18.27 21.49 20.42 18.22 16.63 16.15 15.49 13.93 12.89 13.15 13.36 12.99 12.00 10.50 9.43 8.38 7.41 7.72 8.64 8.80 8.90 9.48 9.66 9.16 9.67 10.70 10.37 9.32 9.04 9.41 9.68 9.86 9.73 9.43 9.63 10.76 12.30 12.46 11.16 11.06 11.71 11.80 12.53 12.57 9.93 7.27
3.91 3.16 4.12 6.48 7.63 7.48 7.93 9.68 12.21 13.37 14.52 13.39 8.97 9.10 12.58 18.58 21.04 14.90 11.25 11.66 12.38 13.33 14.78 16.84 18.95 20.02 20.35 21.35 22.03 22.70 26.33 29.78 34.10 37.39 32.62 26.14 21.84 19.42 21.10 21.41 18.47 16.55 15.81 16.21 16.49 15.44 13.74 13.31 13.03 11.97 10.70 9.43 8.73 8.04 7.19 7.18 8.21 8.81 8.93 9.46 9.90 9.53 9.81 10.43 9.79 9.23 8.94 8.89 9.51 10.19 10.05 9.46 9.36 10.15 11.82 12.77 12.07 11.40 11.90 12.39 12.76 12.37 10.11 8.00
4.27 3.37 3.91 6.74 7.84 7.39 8.66 10.82 12.96 12.78 13.30 14.89 11.00 9.21 11.03 16.86 22.19 18.88 12.56 11.38 11.87 12.81 14.79 17.38 19.65 20.90 21.31 21.64 24.45 28.87 32.03 32.87 33.32 32.02 28.16 25.04 21.56 20.60 20.16 17.50 15.95 15.63 16.54 17.53 17.19 15.60 14.39 13.98 12.85 11.21 9.97 8.95 8.35 7.89 7.01 6.51 7.75 8.89 9.00 9.53 10.20 9.53 9.34 9.47 8.56 8.91 9.12 8.42 9.18 10.54 10.45 9.64 9.45 9.83 10.78 11.95 12.63 12.52 12.53 12.82 12.78 12.43 10.65 8.98
4.71 3.85 4.61 6.89 7.59 7.44 9.30 12.01 13.74 12.28 12.29 16.53 13.52 9.62 10.47 15.40 21.91 21.03 14.28 11.15 11.05 12.41 14.55 17.23 20.30 21.77 21.83 23.09 28.73 34.21 33.93 31.39 30.02 28.08 27.03 24.99 21.65 20.39 16.42 14.01 13.81 14.16 16.04 16.25 15.19 14.47 14.35 13.64 11.82 10.50 9.41 8.57 8.19 7.77 6.89 6.23 7.66 8.90 8.93 9.54 9.82 8.39 7.84 8.16 7.98 9.31 10.23 8.97 8.92 10.41 10.60 9.96 9.91 9.91 9.86 10.47 11.85 13.00 13.47 13.51 13.18 12.83 11.40 10.07
5.27 4.67 5.97 7.11 7.39 7.94 9.77 12.38 14.16 12.05 12.08 18.23 15.84 10.10 9.79 13.14 20.36 21.78 14.67 10.58 10.55 12.53 14.44 16.82 20.76 21.91 22.31 25.77 33.75 37.94 33.93 31.37 30.03 26.30 26.29 24.96 20.89 19.81 16.08 13.12 12.30 12.40 14.38 14.58 13.79 13.66 12.96 10.88 9.54 8.85 8.27 8.07 7.68 7.18 6.65 6.30 7.41 8.53 8.45 8.82 8.22 6.89 7.03 7.67 8.20 10.41 11.91 10.59 9.56 9.73 10.14 10.22 10.47 10.26 9.56 9.31 10.14 12.00 13.60 14.12 14.09 13.86 12.51 11.27
5.21 4.91 6.27 6.61 6.77 8.11 9.56 11.79 14.21 12.78 13.34 20.05 17.20 9.26 8.49 11.53 17.31 21.12 17.04 12.59 12.28 13.32 14.52 17.16 20.79 22.13 22.77 28.38 39.87 41.41 32.75 29.77 28.67 24.84 25.37 24.89 20.14 19.10 17.56 13.16 11.52 11.55 12.85 14.45 14.51 13.97 12.49 9.88 8.45 7.87 7.86 7.76 6.92 6.51 6.06 5.45 5.95 7.33 7.44 7.29 6.68 6.50 7.28 7.91 8.66 11.09 12.69 12.13 10.65 9.32 9.40 10.40 10.80 10.50 9.76 9.01 8.92 10.37 12.46 13.64 14.52 15.18 14.10 12.01
4.94 4.88 5.99 5.93 6.30 8.07 9.18 10.66 13.73 13.56 15.54 20.33 14.97 7.81 7.94 10.69 14.10 18.14 19.25 16.94 15.68 15.59 15.85 18.06 20.60 21.93 24.48 35.49 49.15 42.76 28.72 26.78 27.29 24.57 24.38 24.45 20.05 18.31 17.96 13.76 11.48 10.90 11.07 13.94 15.74 14.72 12.90 10.43 8.40 8.01 8.08 7.42 6.32 6.05 5.47 4.32 4.14 5.95 6.86 6.02 5.82 7.26 8.21 8.52 9.60 11.49 12.40 12.59 11.91 9.58 9.00 10.35 10.96 10.60 10.24 9.48 8.95 9.69 11.32 12.34 13.53 15.70 15.60 12.60
4.89 5.07 5.95 6.02 6.54 7.94 8.78 10.06 13.24 13.80 16.11 19.63 14.40 7.59 8.05 10.25 12.09 13.89 17.14 20.01 21.63 20.68 19.10 19.69 22.92 26.31 35.59 52.86 51.97 35.52 23.27 23.80 26.36 23.87 22.66 23.90 20.65 17.94 17.81 14.76 11.62 10.32 10.11 12.89 16.33 16.02 13.82 10.82 8.59 8.09 7.56 6.56 5.83 5.68 5.20 4.04 3.48 5.24 6.88 6.03 6.28 8.37 8.93 8.90 10.12 11.55 11.83 12.14 12.38 11.05 9.73 10.61 11.44 11.06 10.81 10.27 9.71 9.87 10.76 11.50 11.97 14.64 16.22 14.11
4.47 4.73 5.87 6.11 6.43 7.44 8.65 10.85 13.07 13.41 14.90 18.51 16.28 9.64 9.84 10.89 10.85 11.49 14.17 18.68 23.42 27.66 26.29 26.05 35.72 46.35 51.32 51.80 39.29 25.01 20.59 21.92 25.14 22.89 21.54 23.28 21.15 17.81 16.81 14.81 12.06 10.40 10.16 12.00 16.13 17.70 15.25 11.25 8.68 7.62 6.65 5.62 5.00 4.92 4.62 3.64 2.98 4.80 7.03 7.06 7.44 8.70 8.80 8.84 10.17 11.34 11.48 11.59 12.01 11.86 11.58 12.07 12.40 11.94 11.54 11.10 10.51 10.12 10.53 11.09 11.31 13.18 15.23 14.96
4.58 4.85 6.14 6.17 6.38 7.40 9.31 12.01 12.87 12.62 12.79 15.77 17.07 14.71 14.28 12.34 10.40 11.71 14.89 19.27 27.52 36.66 38.96 39.34 43.08 47.48 43.67 32.89 25.06 20.48 19.04 20.75 23.64 22.20 21.11 22.21 20.97 18.26 15.70 14.30 12.60 10.91 10.96 12.07 15.55 18.64 16.13 10.99 7.77 6.42 5.79 4.91 4.17 4.12 3.93 3.09 2.47 4.74 7.27 7.65 7.73 8.27 8.33 8.85 10.19 11.10 11.26 11.29 11.55 11.76 12.66 13.72 13.64 12.94 12.47 12.13 10.98 10.55 11.21 11.41 11.59 12.85 13.82 14.16
4.86 5.07 6.26 6.28 6.50 7.86 10.19 12.31 12.58 11.76 11.28 13.20 16.20 17.56 17.62 14.13 12.23 15.03 21.66 36.99 45.07 43.01 39.75 36.25 35.44 33.86 28.94 23.44 19.64 17.79 18.36 20.59 21.98 20.45 19.66 20.71 20.72 18.37 14.98 13.93 13.11 12.19 12.47 13.12 15.36 18.53 16.63 10.26 6.46 5.48 4.97 4.07 3.60 3.74 3.51 2.76 2.39 4.80 7.22 7.62 7.70 7.98 8.23 9.08 10.18 10.92 11.04 11.07 11.32 11.61 12.81 14.67 15.20 14.11 13.26 12.97 11.83 11.37 12.08 12.37 12.77 13.24 13.20 13.39
4.63 4.67 5.87 6.09 6.22 7.93 10.29 12.19 12.28 11.45 11.39 12.82 14.53 16.33 18.03 18.72 18.14 23.38 39.10 52.34 46.29 34.46 29.98 27.60 28.51 29.54 26.54 21.29 17.52 17.21 18.68 19.53 19.04 17.48 17.38 19.62 20.44 17.52 14.69 14.30 14.06 13.79 13.99 14.65 16.07 17.74 16.17 10.02 6.37 5.68 4.61 3.40 2.99 3.25 2.99 2.35 2.37 4.68 6.87 7.55 7.72 7.95 8.43 9.24 10.15 10.78 10.87 10.94 11.15 11.58 12.70 14.69 16.11 15.61 14.40 14.21 13.37 12.00 12.22 13.21 13.74 13.73 13.33 13.08
4.74 4.64 5.94 6.34 6.33 8.12 10.42 11.88 12.24 11.83 12.05 12.30 12.57 14.22 17.04 21.88 28.92 39.60 49.80 46.77 31.97 25.33 25.02 26.05 28.96 30.71 25.87 19.39 18.14 18.86 18.89 17.66 16.24 15.37 15.32 17.56 19.64 17.92 15.39 15.20 15.33 15.29 15.99 16.89 17.48 17.02 14.51 9.35 6.79 5.83 3.82 2.30 2.33 2.60 2.23 1.85 2.19 4.38 6.62 7.63 7.76 7.93 8.56 9.35 10.14 10.66 10.90 10.95 11.01 11.46 12.66 14.50 16.03 16.51 16.11 16.03 15.10 12.82 12.77 14.02 14.37 14.23 13.39 12.37
5.16 5.16 6.28 6.67 6.88 8.82 10.43 11.31 12.37 12.43 11.96 11.35 11.36 13.21 16.77 22.95 36.13 47.34 44.96 31.47 25.56 24.52 24.35 25.17 29.31 31.01 23.26 19.35 19.56 19.34 18.81 17.81 16.28 14.68 14.27 15.69 18.29 19.17 17.21 16.40 17.13 17.50 18.17 18.77 17.98 15.11 11.16 7.81 6.78 5.44 2.54 0.84 1.87 1.99 1.38 1.19 1.76 4.14 6.50 7.57 7.78 8.14 8.68 9.52 10.14 10.61 11.09 11.04 10.94 11.26 12.62 14.47 15.47 16.59 17.43 17.84 17.10 14.31 13.51 14.90 15.70 14.82 12.86 11.53
5.16 5.19 5.96 6.76 8.03 9.83 10.26 10.52 12.23 12.82 11.61 11.06 11.53 13.71 18.37 24.81 40.18 48.85 38.42 27.62 25.81 25.10 24.86 25.78 29.05 30.11 23.42 19.35 19.27 17.74 17.04 16.70 15.38 14.35 14.98 16.51 18.32 19.86 18.72 18.19 19.55 19.49 19.12 19.29 17.06 11.68 7.53 6.13 6.11 4.60 1.27 0.69 1.44 1.32 0.68 0.72 1.57 4.02 6.40 7.42 7.99 8.89 8.85 9.43 10.27 10.63 11.23 11.25 10.89 11.16 12.68 14.25 14.90 16.54 18.09 19.11 19.54 16.20 13.95 15.74 16.73 14.82 12.24 11.36
4.94 4.93 5.91 7.31 9.48 10.56 10.03 10.22 12.08 13.31 12.57 11.86 12.45 15.83 20.74 30.02 46.29 48.99 39.05 30.33 28.17 27.02 26.71 26.80 26.75 26.09 23.40 20.37 18.93 17.05 15.67 15.05 14.16 15.01 16.89 18.05 19.04 19.52 18.63 19.86 21.36 19.98 19.07 18.67 14.94 9.05 6.19 5.13 4.62 3.06 1.07 0.87 0.96 0.59 0.21 0.68 1.70 4.12 6.40 7.50 8.63 9.60 9.04 9.27 10.39 10.77 11.42 11.63 11.04 11.36 12.78 13.90 14.49 16.02 18.20 20.46 21.59 17.75 14.58 16.15 16.81 14.27 11.67 10.85
5.42 5.72 6.91 8.33 10.28 10.47 9.95 10.85 12.15 13.87 14.54 13.34 14.81 19.27 28.68 45.47 52.41 46.84 37.38 31.76 29.01 27.01 25.95 24.49 21.50 20.53 22.27 22.39 20.28 18.17 16.50 15.76 15.49 16.56 17.62 17.91 18.25 17.70 18.13 21.33 22.59 20.21 18.75 16.65 10.89 7.16 5.50 3.87 2.36 2.06 1.48 0.90 0.71 0.38 0.51 0.87 2.06 4.49 6.56 7.83 9.25 9.68 9.12 9.37 10.39 11.07 11.58 12.09 12.02 11.98 12.67 13.72 14.33 14.77 17.41 21.35 23.01 19.67 15.72 16.18 16.55 14.00 10.86 9.81
5.60 6.31 7.76 9.11 10.39 10.54 10.53 11.64 12.42 14.11 15.29 14.68 16.13 24.48 43.94 54.63 49.48 40.78 34.78 31.64 28.38 23.67 22.20 20.35 17.82 17.66 20.05 22.84 22.68 20.32 18.13 17.31 17.56 17.74 17.67 17.59 16.68 15.82 18.57 23.11 23.08 20.06 17.75 13.08 7.99 5.97 4.29 1.87 0.76 1.70 1.74 1.27 0.97 0.99 0.99 1.18 2.61 5.14 7.00 8.29 9.39 9.46 9.30 9.63 10.35 11.26 11.60 12.47 13.83 13.52 13.06 13.64 14.01 13.80 16.00 20.53 23.30 21.98 17.43 16.34 15.86 13.36 10.94 10.08
5.37 6.26 7.85 8.77 10.06 10.74 11.05 11.44 11.95 13.44 14.59 15.49 16.60 28.63 50.67 51.31 40.61 36.92 33.12 30.78 27.24 21.37 19.18 18.75 17.69 17.43 18.91 22.32 24.51 22.70 19.21 17.93 18.20 17.95 18.29 18.26 16.39 15.36 19.42 24.26 22.21 19.17 16.25 9.63 6.32 5.04 3.18 0.90 1.01 1.86 2.12 1.93 1.65 1.58 1.44 1.62 3.29 5.99 7.63 8.65 9.28 9.31 9.55 9.79 10.21 11.19 11.65 12.84 15.49 15.75 14.22 13.64 13.89 13.69 14.75 18.61 22.39 22.86 20.08 17.26 15.38 13.16 11.85 11.86
5.31 5.96 7.34 8.05 9.72 10.79 10.64 10.46 11.10 12.74 14.10 16.35 18.66 33.95 52.16 46.97 38.22 34.95 30.27 28.29 26.19 21.65 19.04 18.88 17.91 17.53 18.77 22.49 25.54 23.52 18.54 17.16 17.75 18.08 18.91 18.61 16.62 15.47 19.64 24.52 21.40 17.15 12.95 7.75 5.35 4.49 3.26 1.96 2.00 2.47 2.61 2.50 2.38 2.19 1.95 2.32 4.34 7.08 8.12 8.63 9.07 9.24 9.72 9.71 9.89 10.90 11.85 13.36 16.30 17.87 16.06 14.26 14.39 14.37 13.64 15.92 20.52 22.28 21.45 20.08 17.00 13.70 13.09 13.80
5.39 5.71 6.47 7.34 9.62 10.50 9.78 9.74 11.01 13.04 15.59 18.92 25.29 46.09 54.90 44.63 35.97 30.69 25.75 25.81 26.07 22.77 20.32 19.35 17.76 17.55 19.09 22.76 24.88 21.94 18.14 17.75 18.73 19.00 19.20 17.81 15.71 15.84 20.09 24.23 20.04 12.91 9.14 6.57 4.92 4.75 4.06 3.02 2.80 2.97 3.03 3.07 2.94 2.72 2.70 3.59 5.90 7.83 8.19 8.52 8.88 9.18 9.68 9.39 9.50 10.66 12.12 14.10 16.63 18.86 18.72 16.57 15.57 15.10 14.02 14.16 17.94 20.60 20.78 21.86 20.35 15.03 15.12 15.15
5.52 5.61 5.98 7.48 9.61 9.96 9.48 10.24 11.96 14.12 17.70 24.36 40.82 57.50 53.35 37.75 30.39 26.26 23.13 24.41 26.33 24.16 21.50 19.59 18.12 18.33 19.98 22.27 22.90 19.87 17.22 19.12 20.35 18.87 19.11 17.41 15.65 17.76 21.10 21.98 15.73 8.76 6.92 5.52 4.68 5.01 4.68 3.83 3.44 3.44 3.56 3.72 3.44 3.39 4.19 5.62 7.22 7.90 8.14 8.59 8.73 9.23 9.43 8.68 9.02 10.62 12.40 14.77 16.95 18.83 20.41 20.09 17.73 15.97 14.97 14.32 15.68 18.54 19.22 21.60 22.48 19.55 18.71 16.05
5.31 5.38 6.59 8.55 9.05 9.07 10.43 11.90 12.94 16.71 21.49 32.18 55.02 58.10 40.01 28.96 26.61 24.12 21.44 23.48 26.52 25.35 22.24 20.02 19.18 19.89 20.82 21.32 21.28 18.93 17.37 19.74 20.32 19.10 20.39 19.06 17.31 18.72 18.92 16.20 10.42 6.95 6.16 5.12 4.80 5.19 5.00 4.42 4.13 4.16 4.36 4.46 4.10 4.61 6.29 7.36 7.57 7.72 8.25 8.61 8.79 9.51 9.14 7.91 8.42 10.63 12.84 15.15 17.00 18.85 21.02 22.03 19.88 16.95 16.02 14.43 13.82 16.72 18.54 20.90 24.17 23.80 19.68 14.78
5.01 5.31 7.33 8.34 8.16 9.32 12.29 13.43 14.88 21.84 28.56 45.83 59.02 44.91 27.75 25.15 24.48 23.73 22.65 24.70 26.89 25.77 22.97 21.45 20.93 21.30 21.29 20.41 19.88 18.58 18.22 19.56 19.97 20.89 22.27 20.03 17.62 16.83 13.89 9.25 6.67 6.12 5.87 5.17 4.94 5.15 5.12 4.88 4.80 4.94 5.21 5.66 5.85 6.66 8.04 8.09 7.63 7.82 8.42 8.77 9.32 9.87 9.11 7.87 8.62 11.25 13.77 15.44 16.99 19.42 21.05 21.88 21.79 20.02 17.57 13.66 11.98 15.33 18.90 21.86 26.14 25.35 18.41 13.42
5.20 4.97 7.16 7.64 8.44 10.85 13.31 14.85 19.04 24.98 35.11 55.44 55.56 30.44 23.34 23.81 23.89 25.80 26.61 27.10 26.74 25.09 23.53 23.19 22.91 22.22 21.02 19.07 18.37 18.51 18.99 20.10 20.88 22.05 22.74 19.88 16.01 12.91 8.50 4.56 4.58 5.63 5.71 5.36 5.13 5.21 5.32 5.34 5.49 5.72 6.04 7.37 8.69 8.76 9.07 8.38 7.64 8.23 8.75 9.35 10.15 10.25 9.63 9.17 10.51 13.26 15.19 16.10 17.50 19.52 20.39 20.88 23.31 23.35 17.73 12.21 10.99 14.60 19.69 24.35 26.13 24.05 19.93 15.47
6.28 5.25 7.27 8.50 9.81 11.74 13.95 16.66 21.52 25.01 39.11 52.57 42.50 26.44 23.83 24.07 25.26 28.88 29.75 26.14 23.94 23.82 24.19 24.66 23.84 22.27 20.26 18.70 18.61 19.73 20.72 21.93 21.57 20.94 22.33 19.63 13.00 7.55 3.84 2.54 3.79 5.26 5.71 5.65 5.46 5.49 5.71 5.88 6.07 6.40 7.13 9.51 11.60 11.61 10.58 8.40 7.71 8.88 9.32 9.99 10.75 10.83 10.72 10.90 12.17 14.21 15.76 16.66 17.27 18.28 19.25 20.92 24.74 24.22 16.51 11.08 11.17 13.75 20.47 25.26 22.88 21.60 22.30 17.31
7.17 6.36 8.22 9.70 10.44 11.88 14.89 18.32 21.97 23.88 36.02 50.79 40.81 27.93 25.75 24.69 26.59 30.74 28.96 22.22 21.48 22.98 24.38 25.36 23.73 20.81 19.03 19.41 20.26 20.99 21.90 22.91 20.91 19.22 20.89 17.04 9.25 4.58 2.59 2.89 3.90 5.05 5.65 5.85 5.79 5.87 6.14 6.39 6.54 7.23 9.11 11.85 14.03 14.32 11.49 8.24 8.29 9.29 9.77 10.92 11.79 11.71 11.76 11.99 12.29 14.03 16.19 16.84 16.68 16.87 18.06 21.23 25.59 24.72 16.96 11.27 11.02 12.89 20.77 24.39 19.90 21.35 23.02 15.37
6.79 7.14 9.25 10.28 11.10 13.15 16.65 19.96 23.34 24.09 31.29 51.92 49.12 31.36 26.77 24.87 27.28 30.29 24.81 20.48 21.60 23.02 24.45 24.57 22.47 20.42 19.95 20.99 21.18 20.49 21.11 21.92 19.27 17.17 17.08 12.66 7.45 4.34 3.39 3.68 4.41 5.19 5.74 6.11 6.23 6.32 6.55 6.74 7.11 8.77 11.54 13.94 16.05 15.74 12.01 9.29 9.53 9.94 11.21 13.36 13.54 12.69 12.58 12.35 12.18 14.30 16.70 16.40 16.02 16.80 17.50 20.36 25.47 25.09 17.92 12.25 11.19 13.17 20.34 23.09 20.77 23.57 21.36 10.15
6.51 7.91 10.30 11.40 12.99 15.71 18.53 22.34 26.10 25.79 35.01 55.57 50.48 31.14 26.12 25.47 27.61 28.03 22.85 21.27 22.85 23.34 24.00 22.93 21.55 21.81 21.76 21.59 20.93 19.27 19.30 19.60 16.61 13.30 10.76 9.27 6.60 4.61 3.86 4.07 4.78 5.41 5.98 6.45 6.65 6.62 6.82 7.14 8.32 10.71 13.12 15.67 17.92 16.88 14.08 12.36 11.62 12.08 14.26 15.64 14.44 13.18 12.94 12.80 13.49 15.61 16.87 16.17 16.14 17.25 17.76 19.49 24.06 25.09 18.84 13.13 12.75 15.31 18.57 21.42 24.08 23.54 15.46 8.20
7.66 8.88 10.63 12.14 14.83 17.61 19.43 24.15 28.58 33.57 50.31 57.22 40.95 26.05 23.64 24.23 26.18 25.14 22.33 22.19 23.10 23.09 22.48 21.69 21.73 23.06 22.52 21.58 21.32 18.62 16.50 16.69 13.43 8.16 6.72 7.43 6.32 4.77 4.07 4.22 4.97 5.61 6.00 6.58 7.05 6.98 7.05 7.95 10.16 12.15 14.01 17.36 19.79 18.26 16.10 14.71 13.83 14.72 15.76 15.95 14.34 13.14 13.39 14.26 15.67 17.05 17.84 18.08 18.44 18.83 19.36 20.15 22.61 23.96 18.90 14.03 15.79 19.12 18.89 21.04 24.57 18.32 10.82 8.25
