windninja/windninja_output/Output_2025-10-23_2300-2350_Google earth_Fire_150m_10min/merlingen_7.5mi_point_10-23-2025_2330_150m_ang.asc
ncols	158
nrows	163
xllcorner	391686.332397
yllcorner	5160024.123721
cellsize	150.000000
NODATA_value	-32768.000000
[rows 84 to 125 of 163, columns 0 to 93 of 158]
275 279 286 282 274 272 270 268 268 271 278 283 282 280 279 280 280 280 282 285 286 287 287 287 292 293 289 286 284 283 282 281 279 277 276 275 275 275 274 275 276 278 280 281 282 282 283 285 286 285 285 285 287 289 288 286 285 284 284 284 284 284 284 284 284 284 284 284 284 285 286 286 287 289 290 292 294 299 305 314 333 342 327 306 296 292 288 283 281 279 276 272 268 263
268 268 269 268 265 262 257 255 261 270 277 280 280 278 277 277 278 279 280 283 285 287 288 289 293 295 291 286 285 284 283 281 279 277 275 275 275 275 276 277 279 280 281 280 280 280 281 282 283 284 283 282 281 283 285 285 285 284 284 285 285 285 285 285 284 284 284 284 285 285 285 286 287 288 290 291 294 298 303 314 334 344 338 315 296 290 286 282 280 278 276 273 268 265
267 265 263 264 261 255 251 253 263 273 278 277 277 276 275 274 274 275 276 279 282 283 286 289 294 298 294 289 286 285 284 282 282 281 279 277 275 273 275 278 281 283 282 280 279 279 279 280 282 283 284 282 280 281 283 284 284 285 285 285 285 286 285 285 285 285 285 285 285 285 285 286 287 288 289 291 293 297 303 313 330 341 336 314 295 288 284 281 278 276 274 272 272 271
267 265 262 261 259 255 254 260 267 272 274 273 275 275 272 271 270 269 271 275 278 280 283 292 302 307 299 292 288 285 284 283 283 285 284 280 276 274 273 275 279 283 283 281 278 278 278 279 279 281 282 283 282 281 281 283 284 285 286 286 286 287 286 286 285 285 285 285 285 285 285 286 287 288 289 291 293 296 302 310 324 334 331 314 295 286 282 280 277 275 274 276 278 277
269 268 266 266 263 260 260 263 265 266 269 273 276 275 272 267 264 264 267 272 278 282 291 302 314 319 303 293 287 284 283 283 283 284 284 283 281 277 274 272 274 278 283 283 280 278 277 277 278 278 281 283 284 283 282 283 283 285 287 288 288 288 287 286 286 285 285 285 285 285 285 286 287 287 289 290 292 295 300 306 316 325 325 312 298 286 280 277 276 277 279 281 279 273
273 274 273 270 267 264 262 261 259 259 267 276 278 275 270 262 259 262 268 275 283 293 302 310 324 324 302 291 286 283 282 282 282 282 283 284 285 282 276 273 272 275 279 282 282 279 276 275 276 278 280 283 286 287 286 284 282 281 285 290 293 291 289 287 286 286 285 285 285 285 285 286 286 287 288 290 292 294 297 302 309 317 319 310 298 289 282 277 278 280 281 279 272 264
275 275 271 267 267 268 265 260 256 259 269 277 277 271 266 260 260 262 267 278 293 304 310 315 323 317 297 288 284 282 281 281 281 281 281 282 284 285 281 276 273 274 276 279 282 280 277 275 275 278 281 285 288 290 289 284 279 279 284 293 298 295 290 288 287 286 285 285 285 285 285 286 286 287 288 289 290 292 295 299 303 309 313 309 301 295 290 284 283 283 278 270 265 262
272 271 266 264 267 270 269 266 261 263 270 274 272 268 266 264 264 263 266 281 300 313 317 312 313 302 289 284 281 280 279 279 280 281 282 281 282 285 286 281 275 273 274 278 280 281 278 275 274 276 281 286 289 292 293 287 284 286 288 292 299 297 292 288 287 286 285 285 285 285 285 285 286 286 287 288 289 291 293 296 299 304 308 308 304 300 296 290 286 282 273 263 264 263
271 270 268 268 269 272 277 279 273 267 268 270 267 267 267 269 271 272 277 288 300 318 314 291 283 280 279 278 278 278 278 278 280 282 283 282 282 283 286 285 279 272 271 275 279 280 278 275 274 275 279 285 290 294 298 296 292 291 288 287 291 295 292 289 287 286 285 285 285 285 285 285 286 286 287 287 288 290 291 293 295 298 302 304 302 299 295 290 284 276 263 261 265 265
274 274 275 275 276 279 284 289 287 272 268 269 270 273 275 277 284 287 289 290 289 285 262 251 254 268 274 276 276 276 276 277 280 283 284 283 282 283 284 286 284 275 270 271 275 277 277 276 274 274 278 286 293 296 299 300 293 288 284 281 283 289 290 288 287 286 286 285 285 285 285 285 286 286 286 287 287 288 290 291 293 294 296 298 297 293 290 286 278 268 262 264 266 266
275 276 278 279 281 282 285 291 300 288 276 273 276 279 282 282 285 287 284 274 256 229 219 227 243 264 272 274 273 273 273 276 280 284 285 284 283 283 284 286 288 283 274 271 271 274 277 278 277 277 281 288 297 296 296 296 292 286 283 281 281 285 287 287 287 286 286 285 285 285 285 285 285 285 286 286 287 287 288 289 290 291 292 293 292 290 287 282 275 269 267 268 268 268
273 273 276 279 280 279 278 284 300 296 284 275 272 271 276 277 276 275 269 253 233 223 220 230 248 265 271 272 271 270 272 277 281 284 286 284 284 284 285 286 289 291 284 275 273 275 278 281 283 285 287 289 293 294 291 292 291 289 286 284 283 284 286 287 287 286 286 285 285 285 285 285 285 285 285 286 286 286 287 288 288 289 289 289 288 287 285 281 277 274 272 271 270 269
274 274 276 278 275 270 267 272 283 289 282 273 265 262 268 271 270 270 261 233 221 224 229 244 259 268 271 271 271 273 277 278 279 280 283 284 284 284 285 287 290 295 292 284 280 280 282 285 288 289 287 282 282 286 287 288 289 288 287 286 285 285 286 287 287 286 286 286 286 286 285 285 285 285 285 285 285 286 286 286 287 287 287 287 286 285 283 281 278 276 274 273 271 270
277 276 276 274 269 262 258 258 264 271 272 265 262 264 267 269 272 269 253 225 217 226 239 257 270 275 274 272 273 276 277 275 273 274 278 282 283 285 287 288 291 296 297 291 287 285 284 284 285 282 277 273 274 280 283 283 285 286 286 286 286 285 286 287 287 287 287 287 286 285 285 285 285 285 285 285 285 285 285 285 286 286 286 285 284 283 282 280 278 277 275 274 272 271
276 275 271 268 266 262 257 254 255 256 256 257 262 265 267 269 268 259 238 224 222 233 252 268 279 277 271 271 272 273 273 272 272 273 275 279 282 285 289 291 292 296 299 295 289 286 284 281 278 274 272 272 273 276 280 281 282 285 286 286 285 285 286 287 288 288 288 287 286 285 285 285 285 284 284 284 284 285 285 285 285 285 284 284 283 282 281 280 278 277 276 274 273 272
271 269 265 264 266 264 261 257 253 250 250 252 254 260 265 264 257 245 231 225 231 250 266 273 271 259 261 266 268 269 270 271 273 274 276 280 283 286 289 293 295 297 301 299 292 288 286 282 278 275 275 275 275 275 278 281 281 282 285 286 286 285 286 287 288 289 289 288 287 286 285 285 284 284 284 284 284 284 284 284 284 284 284 283 283 282 281 280 278 277 276 275 273 272
271 268 264 263 262 260 258 257 254 249 248 246 245 251 256 253 251 246 237 237 253 269 271 260 239 241 252 259 263 265 266 269 272 276 280 283 284 285 288 294 299 300 302 303 298 291 287 284 280 278 277 277 278 278 279 280 280 280 283 287 287 286 284 285 288 290 291 290 288 286 285 285 284 284 284 284 284 284 284 284 284 284 283 283 282 282 281 280 278 277 276 275 274 273
273 271 266 263 259 257 255 255 253 251 249 246 243 242 244 248 252 254 251 260 273 275 261 238 232 241 249 254 257 260 263 267 272 277 282 285 286 286 288 294 301 302 304 306 302 293 287 285 283 281 279 278 279 279 279 279 280 280 281 285 287 286 284 284 286 290 291 291 289 286 284 284 285 284 284 284 284 284 284 284 284 284 283 283 282 282 281 280 279 277 276 275 274 273
275 273 268 263 259 257 256 255 254 252 251 249 245 242 246 254 258 260 262 269 271 259 239 234 237 242 248 252 255 258 263 268 273 278 282 286 289 290 290 294 300 304 305 307 307 301 293 290 287 285 282 280 280 280 279 280 281 281 280 281 285 287 286 284 284 287 290 289 288 284 283 284 285 285 284 284 284 284 284 284 284 284 284 283 283 282 281 280 279 278 277 276 274 273
277 274 269 264 261 259 258 256 255 254 253 253 252 256 262 263 263 262 265 266 256 235 232 237 239 240 247 253 257 262 267 269 272 276 281 286 291 293 292 293 298 304 306 308 311 307 299 293 289 285 283 281 281 282 281 281 282 281 281 281 284 287 287 284 283 285 287 287 285 282 281 284 286 285 284 284 284 284 284 284 285 284 284 284 283 282 281 280 279 278 277 276 275 274
278 275 270 265 262 261 259 257 255 256 257 259 261 268 272 271 266 262 260 254 240 231 235 239 237 240 247 254 259 265 269 270 272 275 279 284 290 294 294 295 299 304 307 309 312 311 305 297 292 287 285 284 283 284 284 282 282 281 281 282 283 284 285 284 283 283 284 285 284 282 280 279 282 284 283 282 284 285 285 285 285 285 285 285 284 283 282 281 280 278 277 276 275 274
279 276 269 264 262 261 260 257 256 257 260 262 267 271 273 272 267 260 253 246 238 237 239 238 238 243 248 253 258 264 269 272 274 275 277 282 289 296 298 300 302 306 308 310 313 315 311 305 299 294 290 288 286 284 284 284 283 281 280 280 281 282 283 283 282 281 282 284 284 281 278 275 276 279 281 282 285 286 285 285 287 287 287 286 285 284 282 281 280 279 278 276 275 274
281 277 269 264 261 260 259 257 257 260 263 267 271 272 272 270 264 258 251 243 240 244 243 239 241 245 248 251 257 264 270 275 277 274 274 282 291 299 302 303 305 307 309 311 315 317 316 311 306 301 295 291 289 285 284 284 284 282 280 279 279 281 282 282 282 281 281 283 283 279 276 274 273 276 280 283 285 286 285 286 289 291 290 288 286 285 283 282 280 279 278 277 275 274
282 277 269 264 262 260 261 263 264 267 270 272 271 268 267 266 263 258 251 243 243 248 250 244 242 244 246 248 254 265 273 277 277 271 275 286 296 300 301 303 307 309 310 312 316 319 321 318 313 307 299 293 291 287 284 283 283 283 281 279 278 280 282 282 282 281 280 281 283 279 274 274 274 275 277 280 282 286 288 287 289 293 294 291 288 286 284 282 281 279 278 277 275 274
287 280 270 267 266 267 270 272 273 271 268 266 262 258 259 262 262 258 250 246 250 255 257 251 244 243 247 248 252 263 273 276 276 269 278 290 298 299 299 304 310 311 310 314 318 320 324 324 320 313 305 297 294 291 287 283 281 282 282 281 278 278 281 282 280 280 279 278 281 281 275 272 274 276 276 277 280 285 288 286 285 289 295 295 291 288 285 283 281 280 278 277 276 275
292 285 276 275 277 277 275 273 269 265 260 257 253 253 257 262 265 257 246 249 257 262 262 257 250 247 248 248 253 264 271 273 274 271 279 290 296 297 302 307 311 308 309 315 320 321 325 328 326 319 311 304 298 294 290 286 283 281 283 283 280 278 279 280 278 277 278 278 279 281 276 272 273 277 277 278 279 281 284 284 283 285 292 297 295 290 286 284 281 280 278 277 276 275
302 294 285 283 281 277 271 265 260 256 255 254 252 254 259 266 269 257 244 250 258 267 269 265 262 256 252 252 257 265 271 273 272 271 277 287 294 299 306 310 308 303 307 315 320 321 326 332 331 324 317 310 302 296 293 290 286 282 282 284 282 278 275 275 275 275 277 280 279 279 278 275 275 276 276 277 277 277 279 281 282 283 287 293 295 292 288 284 281 279 278 277 277 276
309 299 288 282 276 270 264 261 258 256 254 255 257 260 265 271 275 265 247 250 257 267 277 277 271 268 265 262 259 261 267 273 272 270 278 289 297 304 310 312 309 306 306 312 318 321 326 332 333 329 323 316 308 299 295 294 290 284 281 283 283 279 274 273 273 273 275 278 280 281 281 278 275 274 274 275 275 274 274 278 281 283 285 289 293 292 288 284 280 278 277 277 277 277
309 298 286 278 272 268 264 262 260 257 253 257 265 270 271 274 279 283 261 255 257 264 277 285 276 274 278 278 270 260 260 268 273 275 283 293 301 307 312 312 310 304 299 306 317 323 326 330 332 332 328 323 315 304 297 296 293 287 282 282 283 280 276 274 275 274 273 274 278 281 281 279 276 273 273 273 274 274 273 274 278 282 285 287 290 290 285 281 278 275 276 279 280 279
311 298 284 275 271 270 267 264 261 257 256 262 269 274 273 275 283 309 299 271 261 261 268 281 278 278 284 287 282 270 261 262 270 279 287 295 301 304 308 308 304 296 294 302 316 325 326 327 330 332 332 331 324 311 301 297 296 291 284 282 282 281 277 276 277 275 273 272 275 279 281 280 278 275 272 272 273 275 274 273 274 279 283 283 286 286 280 276 273 274 280 285 284 280
315 300 284 278 275 272 271 269 264 260 263 269 273 273 270 276 289 323 328 290 268 260 262 272 281 285 288 287 286 283 271 263 268 278 287 293 295 297 301 304 299 294 296 303 314 323 326 328 331 333 335 336 331 318 306 300 299 295 287 282 282 283 280 277 278 278 275 273 274 276 278 278 278 277 273 271 272 275 275 273 272 275 279 281 282 282 276 273 273 278 284 288 285 278
330 305 287 282 278 274 271 269 266 267 274 279 278 270 268 277 295 327 343 309 282 269 266 273 284 290 291 288 287 292 285 269 268 275 285 292 296 297 298 299 298 299 302 305 312 322 329 333 332 333 336 339 338 327 311 302 299 297 291 285 283 283 281 278 278 279 277 274 273 273 274 274 273 275 276 273 271 272 275 274 272 273 277 278 277 277 273 274 278 282 285 286 281 274
351 315 291 283 278 276 271 267 270 276 283 287 284 272 269 279 295 330 351 330 305 293 286 281 283 289 293 287 286 296 300 283 271 272 282 293 299 300 296 297 300 303 306 306 310 321 329 332 330 330 335 341 344 337 319 304 299 297 294 288 285 284 282 280 279 280 278 275 273 272 272 271 269 270 275 276 272 270 272 274 272 274 276 276 272 272 275 277 281 283 283 281 277 274
3 323 293 282 278 277 275 274 277 280 285 290 292 282 273 277 289 324 346 336 320 308 300 291 287 289 296 293 291 298 303 292 280 278 285 295 301 303 298 299 305 307 307 306 307 316 324 327 329 331 336 344 350 346 330 310 301 298 296 291 288 287 285 282 281 280 279 277 274 273 272 271 269 267 269 274 275 271 269 271 273 275 277 275 270 272 277 279 280 281 280 277 276 276
11 336 294 283 281 281 283 283 283 281 281 287 300 293 278 272 280 310 335 334 323 310 302 297 293 293 299 301 299 302 306 306 303 296 294 297 303 308 304 305 310 310 307 304 304 311 321 328 331 334 338 348 354 353 341 318 303 299 297 293 291 291 289 285 282 281 280 277 274 273 273 273 270 266 265 268 272 271 270 271 273 275 275 274 273 276 279 280 279 278 276 275 275 275
20 354 301 286 285 286 286 286 285 283 279 282 301 300 282 271 276 297 324 330 324 312 303 299 296 295 297 299 300 305 310 315 312 304 298 296 300 311 313 314 315 311 306 304 306 311 319 325 330 335 339 349 356 358 350 325 306 299 297 294 292 293 292 287 283 280 279 276 272 272 273 274 272 269 265 263 264 268 270 271 272 272 272 274 277 279 281 280 279 277 275 274 271 269
28 6 310 288 287 287 284 285 286 286 280 282 299 306 289 276 276 287 311 325 325 316 307 300 296 295 295 296 300 303 305 308 307 300 295 294 298 306 314 321 319 314 310 310 313 315 319 324 332 336 340 348 357 2 357 333 309 300 298 295 293 293 289 282 276 273 274 275 273 272 273 274 275 273 268 262 259 262 266 268 270 270 272 275 279 282 283 281 278 275 273 271 266 265
33 10 319 297 291 289 285 285 287 290 284 283 297 314 300 280 274 281 299 317 322 315 307 301 295 294 295 298 301 301 300 298 297 296 294 293 296 297 305 317 318 314 308 308 311 314 319 327 337 339 342 348 357 5 4 342 312 301 298 294 290 285 277 267 260 264 271 280 282 277 274 273 275 276 273 266 260 258 260 264 267 270 273 276 280 284 285 282 277 274 273 269 264 266
30 3 324 308 297 292 286 282 284 290 287 284 296 319 308 285 272 273 285 299 310 310 306 301 294 292 294 298 299 299 300 300 296 297 293 291 294 291 294 309 315 310 298 294 298 304 311 323 335 339 341 345 357 10 8 347 316 302 296 289 280 269 261 259 260 266 273 282 290 287 278 275 276 277 277 273 265 259 258 259 263 268 274 279 282 284 285 280 276 274 273 267 264 270
22 355 322 312 300 290 285 278 276 281 284 286 297 320 312 291 273 265 267 280 292 299 300 296 292 292 293 294 298 300 305 303 296 296 294 290 293 291 289 303 315 312 298 287 288 294 301 314 329 337 338 342 358 13 9 350 316 295 287 279 265 259 263 268 271 273 274 277 286 292 287 281 279 278 279 279 276 268 263 260 260 265 273 279 281 282 282 277 274 274 272 268 267 273
16 349 321 315 305 293 286 278 273 275 278 283 295 313 309 294 277 262 258 267 281 290 294 295 292 290 290 296 303 307 312 305 298 298 296 289 291 294 290 297 312 316 306 288 284 289 297 309 327 335 337 343 1 15 14 358 317 287 279 274 266 269 276 278 279 278 275 272 274 284 288 284 281 281 281 284 286 282 274 268 264 263 266 271 274 276 276 272 271 273 274 275 275 277
8 344 324 320 312 298 290 284 279 278 275 275 283 298 300 294 283 269 259 263 274 287 293 292 291 292 299 309 313 318 321 308 298 298 296 289 289 295 292 294 307 317 315 296 284 284 292 306 324 332 336 345 4 18 21 9 327 291 281 282 284 283 283 282 280 277 275 271 268 270 277 281 282 285 287 288 291 291 285 278 272 266 262 263 268 271 269 266 269 273 279 284 281 281
