windninja/windninja_output/Output_2025-10-23_2300-2350_Google earth_Fire_150m_10min/merlingen_7.5mi_point_10-23-2025_2350_150m_vel.asc
ncols	158
nrows	163
xllcorner	391686.332397
yllcorner	5160024.123721
cellsize	150.000000
NODATA_value	-32768.000000
[rows 0 to 36 of 163, columns 0 to 83 of 158]
3.24 3.16 3.15 3.27 3.42 3.54 3.51 3.43 3.46 3.47 3.36 3.08 2.57 2.05 1.77 1.68 1.63 1.67 1.91 2.35 2.71 2.90 3.03 3.08 3.03 2.87 2.62 2.52 2.64 2.68 2.56 2.38 2.19 2.06 2.08 2.09 1.92 1.71 1.65 1.68 1.74 1.81 1.77 1.71 1.74 1.73 1.67 1.74 2.06 2.44 2.64 2.74 2.79 2.75 2.58 2.35 2.12 1.96 1.90 1.93 1.96 1.93 1.87 1.83 1.87 1.90 1.87 1.79 1.71 1.67 1.66 1.63 1.56 1.49 1.51 1.52 1.46 1.31 1.20 1.21 1.24 1.20 1.14 1.04
3.28 3.27 3.30 3.34 3.40 3.40 3.25 3.10 3.10 3.13 3.17 3.10 2.87 2.61 2.45 2.36 2.42 2.54 2.80 3.07 3.11 3.13 3.23 3.26 3.17 2.99 2.82 2.76 2.71 2.58 2.44 2.35 2.30 2.26 2.25 2.25 2.18 2.14 2.16 2.11 2.09 2.11 2.12 2.19 2.26 2.28 2.32 2.33 2.37 2.40 2.41 2.44 2.41 2.33 2.23 2.16 2.11 2.09 2.07 2.00 1.93 1.90 1.90 1.90 1.89 1.88 1.85 1.81 1.76 1.72 1.69 1.64 1.60 1.58 1.59 1.56 1.49 1.42 1.37 1.32 1.28 1.22 1.17 1.13
3.48 3.55 3.61 3.53 3.45 3.28 3.07 3.04 3.15 3.33 3.49 3.44 3.32 3.30 3.33 3.47 3.70 3.82 3.90 3.79 3.55 3.41 3.39 3.35 3.28 3.19 3.09 2.97 2.76 2.53 2.42 2.41 2.45 2.53 2.59 2.61 2.68 2.76 2.73 2.67 2.65 2.64 2.69 2.83 2.93 2.99 3.06 3.06 2.86 2.57 2.43 2.36 2.21 2.08 2.07 2.14 2.23 2.27 2.26 2.18 2.10 2.06 2.05 2.03 1.97 1.90 1.88 1.88 1.87 1.83 1.75 1.69 1.69 1.70 1.67 1.63 1.63 1.65 1.60 1.50 1.43 1.38 1.30 1.27
3.71 3.78 3.79 3.70 3.62 3.49 3.55 3.91 4.26 4.37 4.15 3.76 3.53 3.50 3.66 4.03 4.24 4.28 4.17 3.87 3.59 3.51 3.48 3.40 3.47 3.58 3.55 3.41 3.23 3.07 2.97 2.84 2.76 2.83 2.93 2.96 2.92 2.86 2.85 2.96 3.10 3.17 3.24 3.33 3.37 3.37 3.34 3.25 3.15 3.06 2.92 2.71 2.53 2.45 2.41 2.36 2.31 2.25 2.22 2.24 2.25 2.21 2.14 2.08 2.02 1.98 1.95 1.94 1.92 1.87 1.80 1.75 1.71 1.65 1.59 1.58 1.63 1.69 1.66 1.56 1.52 1.54 1.51 1.44
3.78 3.82 3.88 3.86 3.81 3.86 4.11 4.45 4.58 4.34 3.89 3.64 3.63 3.72 3.97 4.20 4.18 4.01 3.77 3.54 3.42 3.45 3.51 3.55 3.72 3.89 4.05 4.11 4.03 3.95 3.85 3.69 3.57 3.48 3.35 3.20 3.09 3.13 3.31 3.48 3.58 3.66 3.76 3.78 3.68 3.54 3.38 3.23 3.17 3.11 2.91 2.69 2.58 2.54 2.47 2.37 2.29 2.24 2.24 2.24 2.23 2.20 2.14 2.09 2.06 2.03 2.00 1.98 1.95 1.88 1.80 1.73 1.67 1.64 1.60 1.53 1.46 1.48 1.58 1.58 1.48 1.45 1.55 1.57
3.70 3.72 3.83 3.96 4.06 4.17 4.32 4.36 4.06 3.58 3.35 3.41 3.54 3.73 4.02 4.05 3.82 3.52 3.23 3.11 3.16 3.28 3.39 3.51 3.66 3.77 3.87 3.98 4.12 4.20 4.22 4.26 4.32 4.22 3.95 3.73 3.77 3.92 4.04 4.04 3.96 3.91 3.83 3.68 3.49 3.31 3.15 3.04 2.94 2.82 2.71 2.60 2.49 2.41 2.36 2.33 2.33 2.34 2.33 2.31 2.28 2.24 2.21 2.17 2.12 2.09 2.06 2.04 2.03 1.98 1.90 1.79 1.74 1.75 1.76 1.73 1.63 1.54 1.52 1.54 1.46 1.37 1.45 1.55
3.64 3.64 3.66 3.84 4.09 4.22 4.24 4.04 3.58 3.25 3.25 3.39 3.52 3.69 3.86 3.83 3.68 3.53 3.47 3.45 3.41 3.41 3.39 3.38 3.46 3.44 3.38 3.52 3.78 3.95 4.08 4.27 4.40 4.39 4.37 4.43 4.50 4.48 4.33 4.13 3.96 3.76 3.49 3.22 3.03 2.94 2.88 2.81 2.74 2.67 2.63 2.62 2.58 2.48 2.39 2.36 2.38 2.39 2.38 2.39 2.43 2.47 2.44 2.35 2.25 2.19 2.14 2.12 2.10 2.10 2.15 2.16 2.10 2.00 1.96 1.98 1.95 1.84 1.68 1.61 1.60 1.59 1.57 1.57
3.70 3.70 3.68 3.69 3.75 3.80 3.75 3.49 3.19 3.15 3.31 3.51 3.71 3.85 3.88 3.80 3.69 3.69 3.77 3.78 3.77 3.76 3.62 3.47 3.42 3.32 3.32 3.46 3.53 3.55 3.72 3.91 3.93 3.92 4.10 4.30 4.31 4.13 3.90 3.67 3.46 3.24 3.02 2.84 2.71 2.65 2.60 2.57 2.55 2.50 2.47 2.52 2.58 2.55 2.48 2.46 2.46 2.47 2.50 2.56 2.61 2.62 2.61 2.56 2.46 2.32 2.21 2.19 2.18 2.18 2.23 2.31 2.30 2.18 2.04 1.96 1.93 1.87 1.75 1.68 1.68 1.68 1.70 1.73
3.74 3.74 3.71 3.63 3.50 3.35 3.19 3.08 3.09 3.23 3.39 3.58 3.77 3.94 4.01 3.91 3.79 3.81 3.83 3.82 3.87 3.91 3.88 3.82 3.67 3.52 3.50 3.44 3.28 3.26 3.43 3.54 3.53 3.57 3.65 3.64 3.49 3.30 3.12 2.95 2.78 2.65 2.58 2.55 2.54 2.49 2.41 2.37 2.35 2.34 2.38 2.38 2.34 2.35 2.46 2.55 2.60 2.63 2.61 2.53 2.37 2.24 2.25 2.33 2.34 2.31 2.29 2.30 2.30 2.26 2.15 2.05 2.01 2.01 1.94 1.85 1.80 1.79 1.76 1.71 1.70 1.69 1.73 1.89
3.72 3.70 3.68 3.64 3.52 3.34 3.19 3.16 3.26 3.39 3.49 3.57 3.65 3.74 3.81 3.79 3.80 3.86 3.93 4.06 4.16 4.16 4.18 4.15 4.00 3.80 3.66 3.49 3.35 3.37 3.50 3.46 3.36 3.37 3.36 3.19 2.96 2.77 2.63 2.53 2.50 2.50 2.49 2.46 2.40 2.33 2.29 2.25 2.21 2.18 2.17 2.17 2.15 2.23 2.38 2.46 2.45 2.38 2.22 1.98 1.78 1.70 1.64 1.64 1.82 2.08 2.23 2.27 2.24 2.18 2.04 1.89 1.83 1.85 1.86 1.80 1.71 1.71 1.84 2.01 2.09 2.05 1.90 1.85
3.72 3.72 3.71 3.65 3.56 3.49 3.47 3.48 3.51 3.52 3.55 3.56 3.56 3.53 3.52 3.59 3.72 3.87 3.98 4.17 4.36 4.45 4.46 4.37 4.26 4.15 3.90 3.59 3.44 3.43 3.36 3.15 2.98 2.93 2.87 2.77 2.63 2.50 2.48 2.55 2.60 2.56 2.47 2.35 2.19 2.09 2.04 1.99 1.86 1.73 1.72 1.79 1.87 1.96 1.96 1.90 1.72 1.54 1.38 1.28 1.24 1.18 1.11 1.16 1.40 1.66 1.81 1.86 1.83 1.84 1.88 1.91 1.91 1.90 1.86 1.77 1.68 1.69 1.88 2.22 2.43 2.44 2.25 1.99
3.76 3.76 3.72 3.65 3.58 3.57 3.61 3.63 3.61 3.60 3.60 3.58 3.53 3.46 3.47 3.63 3.81 3.90 3.93 4.01 4.13 4.24 4.30 4.26 4.18 3.96 3.54 3.23 3.09 3.00 2.81 2.60 2.54 2.56 2.48 2.38 2.33 2.36 2.48 2.53 2.47 2.42 2.36 2.24 2.12 1.99 1.76 1.51 1.29 1.14 1.10 1.09 1.07 1.11 1.06 1.00 0.92 0.83 0.73 0.64 0.57 0.52 0.57 0.79 1.03 1.12 1.19 1.25 1.31 1.54 1.83 1.98 2.00 2.00 2.08 2.19 2.31 2.36 2.35 2.42 2.50 2.59 2.63 2.55
3.76 3.75 3.72 3.68 3.66 3.66 3.66 3.61 3.57 3.57 3.57 3.54 3.46 3.35 3.36 3.57 3.72 3.78 3.87 3.96 3.98 3.93 3.84 3.71 3.47 3.10 2.85 2.75 2.69 2.59 2.51 2.49 2.52 2.48 2.32 2.19 2.20 2.32 2.40 2.35 2.31 2.32 2.27 2.15 2.02 1.84 1.55 1.17 0.88 0.76 0.68 0.55 0.47 0.44 0.44 0.44 0.42 0.39 0.30 0.19 0.12 0.20 0.37 0.60 0.72 0.72 0.72 0.79 1.04 1.44 1.71 1.87 2.00 2.15 2.41 2.74 2.93 2.99 2.93 2.77 2.60 2.60 2.72 2.78
3.77 3.76 3.73 3.71 3.71 3.72 3.68 3.60 3.56 3.54 3.52 3.50 3.44 3.36 3.34 3.40 3.49 3.58 3.70 3.80 3.74 3.51 3.19 2.86 2.62 2.56 2.61 2.67 2.66 2.56 2.46 2.43 2.44 2.35 2.24 2.28 2.35 2.32 2.22 2.12 2.05 1.89 1.59 1.37 1.22 1.09 1.05 1.07 1.02 0.85 0.65 0.52 0.43 0.35 0.34 0.35 0.30 0.20 0.23 0.32 0.45 0.60 0.73 0.79 0.72 0.65 0.64 0.75 1.00 1.25 1.46 1.67 1.97 2.24 2.40 2.43 2.48 2.55 2.56 2.50 2.45 2.46 2.52 2.50
3.79 3.77 3.75 3.73 3.71 3.68 3.64 3.61 3.60 3.57 3.54 3.52 3.52 3.55 3.57 3.62 3.71 3.65 3.54 3.42 3.18 2.89 2.64 2.46 2.42 2.53 2.69 2.75 2.68 2.55 2.45 2.43 2.41 2.33 2.37 2.44 2.34 2.10 1.84 1.54 1.25 0.90 0.64 0.53 0.56 0.58 0.67 0.97 1.32 1.38 1.19 1.05 0.99 0.98 0.99 0.83 0.70 0.65 0.77 1.01 1.27 1.41 1.57 1.54 1.26 1.02 0.99 1.05 1.14 1.19 1.28 1.59 1.91 2.04 1.98 1.90 1.88 1.83 1.77 1.80 1.94 2.03 2.02 1.95
3.80 3.79 3.77 3.74 3.68 3.62 3.58 3.57 3.57 3.56 3.57 3.58 3.61 3.69 3.86 4.10 4.14 3.89 3.56 3.25 2.97 2.77 2.64 2.56 2.57 2.67 2.76 2.74 2.66 2.62 2.74 2.85 2.74 2.53 2.28 1.91 1.52 1.29 1.04 0.77 0.55 0.50 0.64 0.88 1.00 1.08 1.16 1.14 1.22 1.55 1.89 2.01 2.10 2.27 2.31 2.22 1.88 1.57 1.53 1.67 1.90 2.08 2.12 2.02 1.90 1.81 1.71 1.61 1.52 1.37 1.33 1.45 1.53 1.52 1.57 1.66 1.61 1.50 1.53 1.67 1.73 1.63 1.49 1.40
3.82 3.81 3.78 3.73 3.69 3.66 3.63 3.60 3.58 3.59 3.61 3.62 3.64 3.69 3.84 4.04 4.01 3.81 3.59 3.34 3.10 2.89 2.72 2.67 2.76 2.83 2.78 2.75 2.85 2.96 3.01 2.82 2.41 1.93 1.39 0.99 0.84 0.81 0.80 0.84 0.98 1.24 1.60 1.74 1.71 1.71 1.79 1.71 1.59 1.84 2.32 2.65 2.80 2.81 2.73 2.64 2.53 2.34 2.21 2.32 2.40 2.38 2.27 2.13 2.12 2.15 2.12 2.07 1.98 1.74 1.49 1.36 1.24 1.25 1.44 1.52 1.52 1.61 1.77 1.82 1.66 1.38 1.20 1.08
3.84 3.83 3.80 3.75 3.72 3.70 3.68 3.67 3.67 3.66 3.64 3.61 3.61 3.62 3.69 3.71 3.60 3.47 3.36 3.20 2.95 2.69 2.57 2.63 2.71 2.67 2.63 2.67 2.75 2.76 2.57 2.14 1.71 1.41 1.24 1.23 1.34 1.43 1.55 1.70 1.86 1.95 1.93 1.87 1.89 1.93 1.99 2.19 2.43 2.54 2.55 2.60 2.66 2.59 2.49 2.50 2.65 2.80 2.83 2.81 2.73 2.61 2.45 2.32 2.32 2.38 2.41 2.33 2.14 1.92 1.80 1.63 1.48 1.40 1.34 1.38 1.55 1.69 1.67 1.41 1.15 1.03 0.93 0.87
3.86 3.84 3.80 3.78 3.75 3.73 3.71 3.71 3.71 3.69 3.64 3.59 3.57 3.57 3.56 3.51 3.36 3.12 2.87 2.68 2.53 2.45 2.45 2.46 2.41 2.38 2.43 2.45 2.36 2.16 1.90 1.66 1.58 1.65 1.77 1.85 1.87 1.87 1.89 1.94 1.97 1.95 1.93 1.93 1.97 2.03 2.16 2.42 2.63 2.63 2.48 2.34 2.32 2.38 2.48 2.64 2.82 2.91 2.95 2.93 2.85 2.69 2.54 2.48 2.50 2.52 2.49 2.35 2.15 2.10 2.20 2.17 1.97 1.66 1.36 1.23 1.17 1.03 0.85 0.70 0.67 0.67 0.68 0.78
3.84 3.82 3.81 3.80 3.78 3.75 3.74 3.72 3.69 3.65 3.61 3.60 3.60 3.55 3.48 3.38 3.18 2.88 2.64 2.54 2.53 2.55 2.54 2.50 2.47 2.46 2.44 2.35 2.20 2.01 1.84 1.74 1.70 1.66 1.66 1.75 1.88 2.00 2.11 2.22 2.29 2.32 2.33 2.27 2.26 2.42 2.60 2.58 2.43 2.35 2.33 2.29 2.30 2.43 2.68 2.88 2.93 2.92 2.88 2.79 2.63 2.43 2.34 2.36 2.39 2.38 2.35 2.35 2.47 2.64 2.67 2.48 2.22 1.96 1.72 1.43 1.04 0.73 0.62 0.66 0.71 0.75 0.81 0.92
3.87 3.87 3.86 3.82 3.79 3.77 3.75 3.72 3.68 3.62 3.59 3.60 3.58 3.52 3.46 3.34 3.14 2.94 2.83 2.82 2.80 2.76 2.71 2.70 2.67 2.58 2.47 2.35 2.24 2.14 2.05 1.99 1.96 2.00 2.20 2.44 2.62 2.80 2.85 2.83 2.75 2.62 2.48 2.45 2.59 2.72 2.66 2.50 2.41 2.43 2.47 2.49 2.50 2.55 2.59 2.62 2.72 2.84 2.86 2.71 2.53 2.42 2.38 2.37 2.40 2.47 2.57 2.73 2.94 2.99 2.77 2.40 2.09 1.92 1.84 1.74 1.62 1.50 1.39 1.25 1.18 1.19 1.14 1.08
3.92 3.92 3.87 3.81 3.79 3.79 3.78 3.74 3.69 3.65 3.63 3.59 3.54 3.50 3.45 3.35 3.23 3.13 3.07 3.02 2.95 2.89 2.85 2.81 2.72 2.61 2.50 2.40 2.31 2.24 2.21 2.22 2.38 2.75 3.11 3.31 3.36 3.26 3.08 2.90 2.74 2.62 2.60 2.67 2.71 2.60 2.48 2.56 2.70 2.74 2.74 2.73 2.69 2.57 2.43 2.40 2.49 2.62 2.72 2.70 2.61 2.56 2.55 2.54 2.61 2.78 2.98 3.13 3.09 2.82 2.45 2.19 1.99 1.83 1.75 1.78 1.90 2.01 2.04 1.95 1.74 1.52 1.34 1.21
3.92 3.89 3.86 3.85 3.86 3.84 3.80 3.76 3.71 3.68 3.68 3.65 3.60 3.53 3.46 3.38 3.31 3.26 3.23 3.17 3.09 3.01 2.95 2.88 2.78 2.69 2.60 2.50 2.40 2.35 2.37 2.52 2.83 3.10 3.13 3.04 2.94 2.81 2.67 2.58 2.59 2.68 2.79 2.77 2.67 2.70 2.90 2.98 2.95 2.87 2.81 2.76 2.67 2.57 2.55 2.57 2.56 2.57 2.57 2.61 2.63 2.64 2.67 2.79 3.08 3.35 3.43 3.30 2.98 2.60 2.30 2.13 2.03 1.98 1.93 1.90 1.90 2.02 2.22 2.35 2.25 2.00 1.74 1.46
3.92 3.91 3.91 3.91 3.89 3.83 3.78 3.72 3.70 3.72 3.72 3.69 3.65 3.58 3.51 3.44 3.38 3.35 3.32 3.25 3.17 3.11 3.06 2.97 2.86 2.74 2.60 2.43 2.29 2.29 2.40 2.59 2.78 2.78 2.65 2.51 2.35 2.28 2.38 2.51 2.66 2.79 2.84 2.84 3.02 3.30 3.30 3.11 2.94 2.84 2.80 2.74 2.69 2.73 2.77 2.71 2.63 2.56 2.51 2.57 2.64 2.67 2.77 3.13 3.49 3.52 3.31 2.93 2.52 2.29 2.15 2.05 2.04 2.14 2.19 2.02 1.84 1.85 1.97 2.17 2.35 2.35 2.19 1.92
3.95 3.94 3.93 3.89 3.85 3.81 3.76 3.72 3.74 3.76 3.72 3.66 3.60 3.59 3.56 3.49 3.43 3.40 3.35 3.27 3.22 3.19 3.12 3.03 2.92 2.76 2.52 2.28 2.17 2.26 2.38 2.45 2.47 2.45 2.45 2.43 2.34 2.31 2.43 2.61 2.74 2.85 2.99 3.30 3.63 3.57 3.24 3.02 2.90 2.81 2.76 2.76 2.82 2.91 2.91 2.85 2.76 2.60 2.44 2.39 2.46 2.69 3.10 3.45 3.35 2.88 2.47 2.14 1.94 1.82 1.78 1.88 2.15 2.31 2.20 1.95 1.70 1.60 1.63 1.80 2.13 2.41 2.53 2.46
3.96 3.94 3.91 3.87 3.85 3.82 3.78 3.79 3.81 3.78 3.70 3.63 3.61 3.59 3.55 3.51 3.49 3.44 3.37 3.31 3.26 3.20 3.12 3.04 2.96 2.83 2.65 2.51 2.48 2.43 2.32 2.32 2.43 2.55 2.63 2.63 2.58 2.56 2.64 2.74 2.85 3.03 3.32 3.64 3.63 3.31 3.09 3.00 2.97 2.95 2.90 2.83 2.78 2.77 2.86 2.96 2.90 2.63 2.31 2.17 2.42 3.12 3.71 3.72 3.31 2.76 2.27 1.97 1.86 1.77 1.76 2.02 2.28 2.26 2.14 2.02 1.81 1.53 1.46 1.62 1.95 2.30 2.58 2.76
3.97 3.95 3.93 3.91 3.88 3.83 3.81 3.84 3.85 3.79 3.70 3.66 3.64 3.58 3.51 3.49 3.49 3.45 3.40 3.33 3.27 3.21 3.17 3.13 3.07 2.98 2.95 2.94 2.87 2.68 2.47 2.38 2.38 2.41 2.50 2.62 2.74 2.90 3.02 3.10 3.20 3.35 3.57 3.63 3.45 3.34 3.38 3.34 3.31 3.33 3.24 3.05 2.89 2.89 3.08 3.17 2.94 2.62 2.45 2.56 3.06 3.64 3.65 3.28 2.96 2.67 2.35 2.13 2.07 2.10 2.21 2.34 2.29 2.14 2.09 2.12 2.08 1.80 1.55 1.59 1.77 1.97 2.22 2.52
4.00 3.99 3.97 3.94 3.89 3.85 3.85 3.87 3.84 3.76 3.70 3.66 3.61 3.54 3.51 3.51 3.50 3.46 3.42 3.37 3.33 3.31 3.29 3.26 3.23 3.17 3.18 3.31 3.38 3.25 2.96 2.68 2.51 2.41 2.35 2.39 2.65 3.04 3.29 3.40 3.45 3.63 3.78 3.77 3.76 3.83 3.95 3.93 3.77 3.62 3.59 3.62 3.59 3.57 3.53 3.27 3.04 3.00 3.16 3.48 3.76 3.66 3.02 2.41 2.20 2.19 2.18 2.15 2.20 2.34 2.49 2.45 2.25 2.08 1.98 2.00 2.13 2.14 1.90 1.66 1.57 1.63 1.80 2.02
4.01 4.00 3.97 3.93 3.90 3.88 3.89 3.89 3.80 3.72 3.67 3.64 3.59 3.57 3.56 3.56 3.53 3.49 3.45 3.44 3.44 3.43 3.39 3.36 3.34 3.38 3.57 3.89 4.08 4.00 3.72 3.39 3.08 2.84 2.77 2.86 3.14 3.47 3.86 4.07 4.15 4.34 4.32 4.23 4.21 4.20 4.18 4.18 4.15 4.10 4.14 4.23 4.21 4.09 3.78 3.40 3.35 3.53 3.66 3.83 3.88 3.52 2.88 2.30 2.05 2.04 2.10 2.18 2.32 2.51 2.64 2.61 2.43 2.15 1.90 1.80 1.86 2.02 1.95 1.65 1.46 1.43 1.52 1.60
4.02 4.00 3.97 3.93 3.91 3.90 3.90 3.85 3.76 3.71 3.68 3.66 3.65 3.65 3.64 3.61 3.57 3.53 3.51 3.50 3.49 3.45 3.41 3.38 3.36 3.51 3.86 4.14 4.21 4.33 4.42 4.27 3.89 3.72 4.04 4.35 4.42 4.56 4.80 4.98 5.15 5.23 5.08 4.85 4.60 4.42 4.38 4.50 4.80 5.05 5.04 4.86 4.68 4.42 4.07 3.78 3.61 3.54 3.56 3.59 3.40 2.92 2.55 2.26 1.99 1.91 2.02 2.22 2.38 2.48 2.49 2.44 2.34 2.15 1.96 1.88 1.92 1.93 1.85 1.62 1.41 1.32 1.28 1.27
4.04 4.03 4.00 3.94 3.91 3.92 3.89 3.82 3.77 3.73 3.70 3.69 3.68 3.66 3.64 3.62 3.60 3.58 3.57 3.55 3.50 3.46 3.45 3.44 3.49 3.64 3.81 3.81 3.70 3.65 3.72 4.01 4.41 4.90 5.38 5.46 5.30 5.26 5.39 5.48 5.52 5.40 5.17 4.96 4.73 4.56 4.56 4.75 4.88 4.86 4.83 4.72 4.48 4.22 4.00 3.74 3.39 3.17 3.22 3.18 2.78 2.21 1.98 1.90 1.78 1.76 1.90 2.07 2.17 2.17 2.00 1.80 1.81 1.96 2.12 2.23 2.21 2.15 2.09 1.88 1.57 1.34 1.20 1.17
4.08 4.06 4.00 3.95 3.98 4.01 3.94 3.86 3.82 3.79 3.75 3.72 3.69 3.67 3.66 3.64 3.60 3.57 3.55 3.52 3.50 3.52 3.53 3.54 3.64 3.76 3.78 3.67 3.44 3.23 3.28 3.86 4.69 5.25 5.39 5.24 5.18 5.39 5.51 5.32 5.01 4.58 4.24 4.10 4.07 4.10 4.17 4.15 3.78 3.34 3.29 3.34 3.34 3.41 3.42 3.37 3.26 3.09 2.96 2.77 2.45 2.09 1.92 1.88 1.81 1.80 1.93 2.07 2.13 2.00 1.72 1.55 1.68 2.01 2.25 2.34 2.32 2.32 2.35 2.25 1.96 1.61 1.33 1.21
4.07 4.03 3.95 3.95 4.03 4.02 3.91 3.85 3.82 3.80 3.77 3.76 3.76 3.75 3.72 3.67 3.62 3.56 3.52 3.50 3.54 3.58 3.60 3.64 3.72 3.80 3.86 3.86 3.85 4.07 4.55 5.01 5.14 4.95 4.66 4.58 4.84 5.13 4.87 4.31 3.96 3.67 3.47 3.41 3.40 3.42 3.46 3.26 2.82 2.57 2.49 2.47 2.56 2.75 2.97 3.20 3.38 3.38 3.09 2.61 2.16 2.02 2.12 2.25 2.19 2.05 2.09 2.25 2.32 2.20 2.02 2.04 2.23 2.35 2.35 2.34 2.39 2.46 2.50 2.46 2.23 1.86 1.50 1.27
4.07 4.03 3.95 3.98 4.02 3.94 3.86 3.83 3.80 3.78 3.76 3.78 3.79 3.76 3.73 3.68 3.64 3.63 3.62 3.61 3.63 3.63 3.66 3.77 3.88 3.94 3.94 3.91 4.04 4.47 4.92 5.11 4.93 4.69 4.55 4.56 4.78 4.77 4.25 3.72 3.48 3.33 3.21 3.09 2.93 2.89 2.83 2.56 2.34 2.31 2.30 2.24 2.19 2.21 2.46 2.78 3.02 3.20 3.16 2.81 2.40 2.26 2.40 2.60 2.63 2.43 2.21 2.17 2.23 2.43 2.64 2.71 2.64 2.50 2.38 2.36 2.42 2.54 2.67 2.73 2.58 2.20 1.81 1.51
4.10 4.07 4.05 4.09 4.07 3.98 3.91 3.85 3.82 3.80 3.79 3.79 3.76 3.74 3.72 3.68 3.68 3.69 3.70 3.69 3.69 3.68 3.71 3.80 3.91 3.94 3.85 3.75 3.76 3.93 4.22 4.38 4.47 4.75 5.05 5.12 4.90 4.48 3.95 3.61 3.34 3.02 2.76 2.53 2.37 2.34 2.25 2.09 2.08 2.11 2.08 2.02 1.93 1.90 2.03 2.27 2.49 2.58 2.65 2.77 2.75 2.61 2.56 2.67 2.80 2.72 2.41 2.16 2.22 2.53 2.81 2.81 2.61 2.40 2.26 2.20 2.22 2.25 2.31 2.53 2.76 2.68 2.37 1.96
4.10 4.10 4.14 4.20 4.16 4.04 3.93 3.89 3.88 3.86 3.84 3.81 3.78 3.74 3.70 3.69 3.71 3.71 3.70 3.70 3.71 3.73 3.75 3.76 3.73 3.68 3.67 3.66 3.57 3.63 4.00 4.31 4.68 5.14 5.31 5.12 4.67 4.04 3.48 3.08 2.76 2.49 2.30 2.22 2.23 2.25 2.17 2.17 2.26 2.27 2.20 2.15 2.15 2.17 2.29 2.45 2.45 2.30 2.22 2.33 2.47 2.46 2.43 2.52 2.77 2.94 2.81 2.57 2.55 2.52 2.35 2.28 2.21 2.10 2.02 1.99 1.92 1.74 1.54 1.68 2.21 2.59 2.60 2.30
4.10 4.11 4.15 4.19 4.11 3.97 3.90 3.90 3.89 3.87 3.85 3.83 3.79 3.75 3.74 3.75 3.75 3.74 3.72 3.72 3.73 3.74 3.74 3.72 3.67 3.63 3.64 3.59 3.55 3.90 4.50 4.82 5.05 5.01 4.58 4.18 3.97 3.51 2.89 2.40 2.16 2.15 2.25 2.34 2.45 2.57 2.56 2.54 2.49 2.39 2.41 2.52 2.64 2.74 2.85 2.86 2.75 2.58 2.44 2.38 2.41 2.37 2.33 2.42 2.61 2.87 3.01 2.98 2.81 2.34 1.82 1.63 1.65 1.81 1.97 1.96 1.83 1.67 1.48 1.38 1.55 1.89 2.24 2.36
