windninja/windninja_output/Output_2025-10-23_2300-2350_Google earth_Fire_150m_10min/merlingen_7.5mi_point_10-23-2025_2310_150m_ang.asc
ncols	158
nrows	163
xllcorner	391686.332397
yllcorner	5160024.123721
cellsize	150.000000
NODATA_value	-32768.000000
[rows 84 to 125 of 163, columns 0 to 93 of 158]
299 308 317 314 310 311 318 325 325 325 322 318 313 307 302 302 301 300 300 301 302 302 302 303 307 308 304 302 300 299 298 297 295 292 289 288 287 286 287 288 290 292 293 294 294 293 294 295 295 294 294 294 295 295 293 291 290 289 289 289 289 289 289 288 288 288 288 289 289 289 290 291 292 293 294 296 299 302 308 316 330 338 332 318 303 298 293 289 287 286 283 280 277 274
281 284 291 290 288 287 287 291 300 309 313 313 310 305 301 300 300 298 298 299 299 300 301 302 305 308 304 300 300 299 298 296 295 293 290 288 287 286 286 288 291 292 292 291 290 289 289 289 289 290 290 289 288 290 291 290 289 289 289 289 289 289 289 288 288 288 288 288 289 289 289 290 291 292 294 295 298 301 307 316 331 340 339 321 301 295 291 287 286 285 283 281 277 275
276 275 274 274 270 264 260 274 291 303 309 311 307 304 300 298 297 294 293 293 294 295 296 299 304 309 307 302 300 299 298 297 297 297 294 292 290 287 287 288 291 293 292 290 289 288 287 287 287 288 289 287 286 287 288 289 289 289 289 289 289 289 289 289 288 288 288 288 288 289 289 290 291 292 293 295 297 301 306 314 328 338 336 318 300 292 289 286 284 283 281 280 281 282
275 271 266 266 265 264 271 285 294 301 306 306 303 302 297 294 292 288 288 289 291 291 292 299 310 317 313 307 302 299 298 297 297 298 297 294 292 289 287 287 289 292 293 290 287 286 285 285 285 286 287 288 287 286 286 287 288 288 289 289 289 289 289 289 288 288 288 288 288 288 289 289 290 291 292 294 296 300 304 312 323 332 330 316 299 290 286 284 282 280 281 283 286 287
278 275 274 278 281 284 288 293 294 294 299 302 303 303 299 294 289 284 284 288 292 294 300 310 322 328 318 308 303 300 298 297 296 296 295 293 292 290 286 285 286 289 292 292 289 286 284 284 284 284 286 288 288 287 286 286 286 288 289 290 290 290 290 289 288 288 288 288 288 288 288 289 289 290 292 293 295 298 302 308 316 324 323 313 300 290 284 281 281 282 284 286 285 280
290 290 291 291 291 292 291 290 288 286 294 303 306 305 300 292 285 282 284 289 296 304 311 320 334 336 320 308 303 299 297 296 295 294 294 293 293 291 286 282 282 284 288 291 290 287 283 282 282 284 286 288 290 291 289 287 285 284 287 291 294 292 290 289 288 288 287 287 287 287 288 288 289 290 291 292 294 297 300 304 310 316 317 310 300 291 284 281 282 284 285 283 276 269
293 294 292 287 287 289 290 288 287 288 294 304 309 305 299 292 286 283 283 291 303 313 320 329 341 338 320 308 302 299 296 295 294 294 293 292 293 293 289 284 281 282 284 287 289 287 283 281 281 283 286 289 292 293 292 287 283 282 286 294 298 295 291 289 288 288 287 287 287 287 287 288 288 289 290 291 293 295 297 301 304 309 312 308 301 296 291 286 285 285 281 274 270 267
289 290 289 287 290 294 296 297 297 294 295 303 311 308 304 301 295 287 282 292 308 321 331 336 344 336 316 305 300 297 295 293 293 293 292 291 292 293 293 289 282 280 281 284 286 286 284 281 279 281 285 289 292 294 295 290 286 287 289 293 299 297 292 289 288 287 287 287 287 287 287 287 288 288 289 290 292 293 295 297 300 304 308 307 303 300 297 291 288 283 275 266 267 267
289 292 298 300 301 306 312 319 320 308 299 303 309 309 307 303 301 298 295 301 311 332 340 339 344 327 310 301 297 295 293 292 292 293 293 292 291 292 293 292 286 279 278 281 284 285 283 280 278 279 282 288 292 295 298 297 293 292 289 287 292 294 292 289 288 287 286 286 286 286 286 287 287 288 288 289 290 292 293 295 297 299 302 304 302 299 295 291 285 277 265 264 267 267
290 294 302 305 306 311 319 329 335 322 309 312 319 321 322 315 312 310 306 305 310 332 335 331 331 314 303 298 295 293 290 289 290 293 293 292 291 290 291 292 290 282 276 277 280 282 281 280 278 277 280 287 294 296 299 300 294 288 284 281 284 289 290 288 287 286 286 286 286 286 286 286 287 287 287 288 289 290 291 292 294 295 297 298 297 294 291 286 279 269 263 265 268 268
289 293 300 303 303 306 314 327 338 326 312 314 322 327 328 318 313 310 301 291 284 269 255 283 302 301 298 295 292 289 286 286 290 293 294 292 291 290 291 292 293 289 280 276 276 279 281 281 280 280 283 289 297 297 296 296 291 286 283 281 281 285 287 287 286 286 286 286 286 286 286 286 286 286 287 287 288 289 289 290 291 292 293 293 292 290 287 282 275 270 269 269 270 270
284 287 293 297 296 296 300 312 326 319 306 301 303 304 307 298 296 290 282 266 246 228 224 248 280 293 294 292 290 287 286 289 291 294 295 293 291 291 291 291 294 295 288 280 277 279 281 284 285 287 288 289 294 294 292 292 291 288 286 284 283 284 286 286 286 286 286 285 285 285 285 285 285 286 286 286 287 287 288 288 289 289 290 289 289 287 285 281 277 274 273 272 272 271
283 284 289 292 289 285 284 291 300 300 291 283 275 272 278 278 277 276 266 237 220 222 229 254 278 290 292 291 290 291 290 290 289 290 292 292 291 291 291 291 294 297 295 287 283 282 283 286 289 289 287 282 282 287 287 288 289 288 287 285 284 284 285 286 286 286 285 285 285 285 285 285 285 285 285 286 286 286 287 287 287 287 287 287 286 285 283 281 279 276 275 274 273 272
285 285 285 286 280 272 269 269 274 277 276 268 263 267 272 275 277 273 255 224 214 223 240 264 284 294 294 292 291 291 289 285 283 284 288 290 290 291 291 292 294 298 298 292 288 286 284 284 284 282 276 273 275 280 283 283 285 286 286 286 285 285 285 286 286 286 286 286 285 285 285 284 284 285 285 285 285 285 286 286 286 286 286 285 284 283 282 280 279 277 276 274 274 273
281 280 277 273 271 267 261 258 258 259 256 255 258 263 267 270 270 260 237 222 220 233 256 276 293 299 294 290 289 287 284 282 281 282 284 287 288 290 293 294 295 298 300 296 289 286 284 281 277 274 272 272 273 276 279 280 281 284 285 285 285 285 285 286 287 287 286 286 285 285 284 284 284 284 284 284 284 285 285 285 285 285 284 284 283 282 281 280 279 277 276 275 274 273
274 271 266 266 266 264 259 256 252 247 247 249 253 261 266 265 257 244 229 223 233 257 275 284 292 289 284 284 284 282 281 281 282 282 284 287 289 290 293 296 297 298 301 299 291 287 285 281 276 273 273 274 273 274 277 279 279 281 283 285 284 284 284 286 287 288 288 287 286 285 284 284 284 284 284 284 284 284 284 284 284 284 283 283 282 281 280 279 278 277 276 275 274 273
274 270 264 263 261 257 255 254 250 245 245 243 243 250 254 252 250 245 236 240 261 277 280 272 256 261 271 276 278 277 277 278 281 284 287 289 290 290 292 297 300 300 302 302 296 289 285 281 278 275 274 275 275 275 276 278 278 278 281 284 285 283 283 284 286 289 289 288 287 285 284 284 284 283 283 283 283 283 283 283 283 283 283 282 282 281 280 279 278 277 276 275 274 273
278 274 267 262 256 252 251 250 249 247 246 244 241 241 244 248 254 258 258 269 281 283 269 245 240 253 264 269 271 272 273 276 280 284 288 291 291 290 292 296 302 303 303 304 299 290 284 282 280 277 275 274 275 275 275 276 276 276 278 281 284 283 282 282 284 287 289 289 287 285 283 283 284 283 283 283 283 283 283 283 283 283 282 282 281 281 280 279 278 277 276 275 274 273
282 278 270 262 256 253 252 251 251 250 249 248 245 244 251 260 264 267 272 278 278 267 245 239 244 253 260 265 267 270 273 276 280 284 288 292 294 294 293 296 301 304 304 306 304 296 288 284 282 279 276 274 274 275 275 276 276 276 276 277 281 283 282 281 282 285 287 287 286 283 282 284 285 284 283 283 283 283 283 283 283 283 282 282 281 280 280 279 278 277 276 275 274 273
285 281 272 264 259 257 256 254 253 253 253 254 256 263 271 271 270 271 274 273 262 239 236 244 248 250 257 264 268 273 276 277 279 283 287 291 296 297 295 296 300 305 306 307 308 303 294 286 282 278 276 275 275 275 275 275 276 276 275 276 279 282 282 280 280 281 283 284 283 280 280 283 285 285 284 283 283 283 283 283 283 283 283 282 281 280 280 279 278 277 276 275 274 273
289 284 274 267 262 260 259 257 255 256 259 262 267 275 280 278 273 269 267 260 245 235 241 246 246 249 256 264 270 274 278 279 279 282 285 289 294 297 297 297 300 305 307 308 309 307 299 290 284 279 277 276 276 276 276 275 274 274 275 276 277 278 279 279 278 278 280 281 280 279 278 278 282 284 283 282 284 285 285 284 284 284 283 283 282 281 280 279 278 277 276 275 274 273
292 287 276 267 263 261 260 257 256 259 262 266 272 277 280 279 273 266 259 251 244 244 247 246 247 251 258 263 267 273 277 279 281 282 283 286 293 299 301 302 304 307 308 309 311 311 305 297 290 283 279 277 276 275 276 276 274 273 273 274 274 275 277 278 277 276 277 279 278 277 275 273 274 278 280 282 285 286 285 285 286 286 285 284 282 281 280 279 278 277 276 275 274 273
296 290 277 268 263 262 260 258 259 262 267 272 276 279 280 278 272 266 259 251 248 251 252 249 249 253 257 259 264 271 277 282 283 280 279 286 294 301 304 306 307 308 309 310 313 314 311 304 297 290 283 279 276 273 273 274 274 273 272 271 272 274 275 276 276 276 276 277 277 274 273 271 271 273 278 281 284 285 284 285 288 290 288 285 284 282 281 279 278 277 276 275 274 273
304 294 279 270 265 262 263 266 269 272 276 279 279 277 276 275 272 267 261 254 252 257 260 256 252 253 255 256 261 271 279 284 284 277 278 288 298 303 303 305 309 310 310 312 314 317 317 312 304 296 287 281 278 274 271 270 271 272 272 270 270 272 274 275 275 274 274 275 276 273 270 270 271 272 274 277 280 283 285 285 287 291 292 288 285 283 281 280 278 277 276 275 274 273
317 303 282 275 272 272 276 279 280 279 276 274 271 268 268 271 272 268 261 257 259 264 267 265 257 254 256 256 259 269 278 281 282 275 281 293 300 301 301 305 312 312 311 314 317 318 321 319 311 301 291 284 280 277 273 269 269 270 271 270 268 270 273 274 273 272 272 272 274 274 270 268 271 272 273 274 277 281 285 284 283 287 292 292 288 285 282 280 279 277 276 275 274 273
337 319 292 286 286 286 284 280 277 272 266 264 262 262 265 271 275 270 259 259 265 271 272 271 265 259 258 257 260 269 276 279 280 276 282 292 297 298 302 308 311 309 310 315 319 319 322 324 318 308 297 287 281 278 275 271 268 268 270 270 268 267 269 270 270 270 271 271 272 273 270 267 269 272 273 273 275 277 280 281 280 282 289 294 292 287 283 281 279 277 276 275 274 273
354 332 303 295 290 285 278 271 266 263 261 261 260 262 267 274 279 274 258 259 265 273 278 278 276 270 263 260 262 268 275 277 277 274 279 289 295 300 306 310 307 303 307 315 319 320 323 329 326 315 304 292 283 277 275 273 270 268 269 270 268 266 265 265 266 267 270 273 272 271 271 269 269 271 272 272 273 273 275 278 279 280 284 290 292 289 285 282 279 277 276 275 275 274
358 332 305 293 284 277 270 266 264 262 260 260 264 268 272 277 284 286 263 258 262 272 284 287 283 279 275 270 264 264 270 276 275 272 279 289 297 304 309 310 307 303 303 311 317 320 324 330 330 322 310 298 287 278 275 274 271 268 267 268 269 266 263 261 262 264 266 270 272 272 273 271 269 268 269 270 270 270 271 274 277 279 282 285 289 289 285 282 279 276 275 275 275 275
355 329 301 287 278 274 271 268 266 262 259 262 270 276 276 279 287 303 280 263 261 267 281 292 285 282 285 284 274 263 262 269 274 276 283 292 300 306 310 309 307 300 296 302 315 323 325 329 331 327 318 306 292 281 276 274 272 268 266 266 267 266 263 262 262 262 262 264 268 272 273 272 270 268 267 268 269 268 268 270 274 278 281 282 285 285 282 279 276 274 275 278 278 276
357 329 298 284 277 275 273 270 267 264 262 267 274 279 277 279 289 318 307 276 263 263 270 284 282 281 287 289 285 272 262 262 270 279 286 293 298 300 303 303 299 291 290 298 312 323 324 325 329 330 326 317 301 285 277 274 273 269 266 264 265 264 262 263 263 261 260 260 262 267 270 271 271 268 266 266 268 269 268 267 269 274 278 279 281 281 276 273 272 272 278 283 281 277
8 335 297 286 280 277 276 275 270 266 269 274 277 277 274 279 292 325 329 292 268 260 261 271 279 283 287 287 287 284 270 261 266 276 286 292 292 291 294 295 289 286 290 296 306 318 323 325 328 330 331 329 313 291 278 274 273 270 266 264 263 262 262 262 263 262 260 259 260 262 265 267 269 269 266 265 266 268 269 266 266 269 273 274 275 275 271 269 270 275 281 284 281 274
26 344 297 288 283 278 275 274 272 273 279 282 280 273 269 278 295 327 343 309 280 265 260 266 276 284 285 283 282 288 281 265 264 272 282 288 290 289 287 286 285 288 292 294 301 313 323 328 327 328 333 335 327 302 281 274 272 271 268 265 263 261 262 262 262 262 260 259 259 259 260 262 264 267 268 266 264 266 268 267 266 267 269 269 269 268 266 269 273 278 281 280 276 269
36 351 299 286 282 279 274 271 273 279 286 289 285 273 269 279 294 329 351 329 300 283 272 268 269 276 280 277 279 288 289 271 262 265 277 287 291 287 279 279 285 290 291 290 293 306 318 324 322 322 330 338 338 316 286 274 271 271 269 266 263 261 262 262 262 261 260 259 258 257 257 257 258 261 267 268 265 263 265 267 267 268 269 266 263 262 265 269 274 278 277 274 270 267
40 359 299 284 280 279 277 275 277 281 285 291 293 282 273 276 288 322 347 337 315 297 286 274 266 266 270 271 275 284 289 278 265 264 270 280 284 279 272 276 284 286 285 282 285 293 304 313 317 319 326 339 346 331 295 275 270 270 269 267 265 263 262 262 262 260 259 259 258 256 256 255 254 255 258 265 267 263 262 263 267 269 269 265 261 262 266 270 273 274 272 269 267 268
45 15 299 283 281 282 284 283 282 281 280 287 299 293 276 270 277 308 337 336 322 304 291 282 275 268 266 268 268 271 279 284 279 273 269 264 261 256 260 269 274 274 273 274 275 279 292 306 314 317 322 340 352 345 307 278 270 268 268 268 267 266 265 263 260 258 257 257 256 256 256 255 254 252 253 257 261 262 261 262 265 268 267 264 263 265 268 270 271 270 267 265 265 267
50 31 303 283 284 285 286 286 284 282 277 281 299 298 280 269 273 294 324 334 327 312 298 290 284 277 273 271 266 266 274 284 285 278 268 257 249 243 248 253 250 252 256 260 264 269 277 291 304 310 314 333 354 355 320 281 270 268 268 268 268 268 268 266 261 257 256 254 254 255 257 256 255 253 251 251 252 256 260 263 264 264 264 264 266 269 270 270 269 266 264 262 259 261
55 40 308 282 282 285 284 284 285 285 278 280 296 303 285 271 272 283 309 328 330 320 307 296 288 284 280 277 276 276 276 277 277 271 264 258 250 246 247 243 239 238 243 250 254 256 260 270 283 292 299 316 350 4 331 282 271 268 268 267 268 268 267 264 261 260 261 259 257 256 257 257 257 256 253 248 247 250 255 259 262 263 263 264 268 271 272 270 267 264 262 258 253 255
57 41 316 284 277 278 278 281 285 287 281 280 293 310 293 273 270 277 295 318 328 323 313 302 293 288 285 284 284 284 279 273 270 267 262 258 255 252 247 245 241 238 242 247 249 250 254 258 260 266 275 290 335 15 344 281 270 268 267 267 266 263 260 257 256 261 268 274 272 264 259 257 259 260 257 250 246 245 248 253 257 261 263 265 269 272 272 268 264 262 260 255 250 256
56 30 319 291 275 270 270 271 276 284 282 281 292 315 303 279 267 269 280 297 314 317 314 307 298 293 290 289 288 285 282 276 270 266 262 258 255 251 245 245 245 243 244 244 247 252 255 253 248 247 252 262 289 48 352 279 269 266 264 264 260 255 254 254 254 259 266 277 285 279 268 262 262 262 261 256 249 244 245 247 251 257 262 265 268 269 268 264 261 261 259 251 250 260
51 19 317 297 278 269 266 263 265 270 276 282 292 316 310 287 269 261 264 278 292 304 308 306 299 296 295 292 291 289 285 278 271 266 263 258 253 250 245 240 242 244 242 241 243 248 250 247 240 236 240 245 227 139 218 268 266 264 263 259 253 251 254 256 258 261 262 266 278 286 280 272 268 266 265 263 258 251 247 244 245 251 258 262 263 264 262 258 259 260 256 250 252 263
48 11 313 299 283 273 267 262 260 261 266 276 290 308 308 293 275 259 254 264 280 292 299 301 299 297 295 296 298 295 288 277 270 266 264 258 253 252 247 239 238 241 241 241 241 242 244 241 233 230 233 231 210 171 189 239 254 258 260 258 252 253 257 259 261 263 262 260 263 275 283 280 277 275 272 271 270 264 256 250 246 248 251 254 256 258 254 251 256 259 257 255 258 266
48 359 307 300 288 276 269 264 262 260 260 265 275 292 299 294 283 266 253 254 265 282 295 297 296 296 299 305 305 301 287 273 268 266 263 258 254 253 249 242 238 238 241 244 243 241 240 236 227 226 229 225 207 184 183 216 239 248 252 253 255 258 258 258 260 261 260 258 257 259 269 277 281 284 284 282 283 280 271 262 255 251 248 247 250 251 246 246 252 257 261 262 264 269
