windninja/windninja_output/Output_2025-10-23_2300-2350_Google earth_Fire_150m_10min/merlingen_7.5mi_point_10-23-2025_2320_150m_ang.asc
ncols	158
nrows	163
xllcorner	391686.332397
yllcorner	5160024.123721
cellsize	150.000000
NODATA_value	-32768.000000
[rows 84 to 125 of 163, columns 0 to 93 of 158]
277 282 289 284 276 273 272 270 270 275 283 288 287 284 283 283 284 284 286 288 289 290 289 289 293 295 290 287 285 283 282 281 280 278 276 276 275 275 275 275 276 277 279 280 280 281 282 284 284 283 282 283 284 286 285 283 283 282 282 282 282 282 282 282 282 282 282 283 283 283 284 285 286 287 289 291 294 298 304 313 331 339 328 310 298 294 289 285 283 281 278 275 271 267
269 269 270 268 265 262 256 254 262 272 280 284 284 282 280 281 282 282 283 286 288 289 290 291 294 296 292 287 285 285 283 281 280 277 275 275 275 275 276 277 279 280 280 280 279 279 280 281 282 282 281 280 279 281 283 283 282 282 282 282 282 282 282 282 282 282 282 282 283 283 284 285 286 287 289 290 293 297 303 313 332 342 338 316 297 291 287 283 281 280 278 275 272 269
267 265 263 263 259 254 249 252 263 274 280 281 281 280 278 278 277 277 279 282 284 286 288 291 295 298 295 289 287 286 284 282 282 281 278 276 274 273 274 277 281 282 280 279 278 278 279 279 280 282 282 280 278 279 280 282 282 282 283 283 283 283 283 283 283 282 282 283 283 283 284 284 285 287 288 290 293 297 302 312 329 340 336 315 296 288 285 282 280 278 277 275 275 275
267 265 261 260 257 253 252 258 267 273 276 276 278 278 275 274 272 272 274 277 280 282 285 293 303 307 300 292 288 285 284 283 283 284 283 279 275 273 272 274 277 281 282 280 277 276 277 277 278 279 281 281 280 279 279 281 282 283 283 284 284 284 284 283 283 283 282 282 283 283 284 284 285 286 288 290 292 296 301 310 323 334 331 315 296 287 283 281 278 276 276 279 281 281
269 267 265 264 261 257 258 261 264 266 269 275 278 278 274 270 267 267 270 274 279 283 291 302 314 318 303 293 287 284 283 283 283 284 284 282 280 276 272 271 273 276 281 281 278 276 275 276 276 277 279 281 282 281 280 280 281 283 284 285 286 285 284 284 283 283 283 283 283 283 283 284 285 286 287 289 291 295 299 306 316 325 325 313 299 287 281 278 277 278 280 283 281 276
273 273 272 269 266 263 261 259 257 259 268 278 279 276 272 265 261 264 269 276 284 293 302 310 323 323 302 291 286 283 282 282 282 282 282 283 284 281 275 272 271 273 277 280 280 277 274 273 275 276 278 281 283 284 283 281 279 279 283 288 290 288 286 284 283 283 283 283 283 283 283 284 285 286 287 288 291 293 297 302 309 317 319 311 299 291 283 279 279 282 282 280 273 267
275 274 270 266 266 266 263 258 254 258 268 277 277 272 267 262 261 263 268 279 293 304 310 314 321 316 297 288 284 282 281 280 281 281 280 281 283 284 280 274 272 272 274 278 279 278 275 273 273 276 278 282 285 286 285 280 276 276 282 290 294 291 287 285 284 283 283 283 283 283 283 284 284 285 286 288 289 292 295 298 303 309 313 309 302 296 291 285 284 284 279 272 267 265
272 270 264 261 264 267 266 263 258 261 268 272 271 268 266 265 265 264 267 282 300 312 315 308 308 300 288 284 281 280 280 279 279 280 280 280 281 283 284 279 273 271 272 276 278 279 277 274 272 274 279 283 286 288 288 282 279 281 284 288 294 293 288 285 284 283 283 283 283 283 283 283 284 285 286 287 288 290 293 295 299 303 308 308 304 301 297 291 287 282 274 265 267 266
271 269 265 264 265 268 272 273 266 262 265 266 264 264 267 269 272 272 277 287 299 316 309 284 275 277 279 279 278 278 278 278 279 281 282 281 281 282 283 283 276 270 269 273 276 278 277 274 272 273 277 283 287 290 293 291 288 287 284 282 286 289 287 285 284 283 283 283 283 283 283 283 284 284 285 286 287 289 291 293 295 298 302 304 302 299 296 291 285 276 265 264 268 267
273 273 272 271 271 274 278 281 275 264 262 263 263 266 269 273 280 285 287 288 286 274 250 244 247 265 273 276 276 276 276 277 279 282 283 282 281 281 282 283 281 273 267 269 273 275 275 274 273 273 276 284 291 292 295 296 290 285 280 277 278 284 285 284 283 283 283 283 282 282 283 283 283 284 284 285 286 287 289 290 292 294 296 298 297 294 291 287 279 269 264 266 269 269
274 274 275 276 277 278 279 282 288 277 268 265 265 268 271 275 280 283 281 271 251 224 215 224 239 262 271 273 273 272 273 275 280 284 284 282 281 281 282 283 284 280 271 268 268 271 274 275 275 275 278 285 293 292 292 293 289 284 280 278 277 281 283 283 283 283 283 282 282 282 283 283 283 283 284 284 285 286 287 288 289 291 292 293 292 291 288 283 276 270 269 269 270 270
272 272 273 276 276 275 273 278 293 290 278 269 265 264 269 272 272 272 267 251 231 222 219 229 246 263 270 272 271 270 272 277 281 284 284 283 282 282 282 283 286 287 279 271 268 270 273 277 279 281 283 284 288 289 287 289 289 286 283 281 279 281 282 283 283 283 283 283 282 283 283 283 283 283 283 284 284 285 286 287 287 288 288 289 288 287 285 281 277 274 273 272 271 271
273 272 273 275 272 266 263 266 278 284 279 270 262 259 265 269 268 269 259 232 221 225 229 243 258 268 271 272 272 274 277 278 278 279 282 283 283 283 283 284 287 291 288 280 275 274 276 279 283 284 282 277 276 281 283 285 286 286 284 283 281 281 283 283 283 283 283 283 283 283 283 283 282 283 283 283 284 284 285 285 286 286 286 286 285 284 283 280 278 276 274 273 272 271
276 275 274 272 266 259 254 254 260 267 270 264 261 261 265 268 271 268 252 225 218 227 240 257 270 275 274 273 274 277 277 275 273 274 278 281 282 284 285 286 288 292 293 287 282 280 279 280 280 278 273 269 270 275 278 280 282 283 284 284 283 282 283 284 284 284 284 283 283 283 283 282 282 282 283 283 283 283 284 284 284 284 284 284 283 282 281 280 278 276 275 273 272 272
275 274 270 266 264 259 254 251 251 253 254 257 261 264 267 269 268 259 239 225 223 233 251 267 277 276 271 272 273 274 274 273 272 273 275 278 281 284 287 289 289 292 296 291 285 282 281 278 275 271 269 268 269 272 276 277 278 281 283 283 282 283 283 285 285 285 285 284 284 283 283 282 282 282 282 282 283 283 283 283 283 283 283 283 282 281 280 279 278 276 275 274 273 272
270 268 264 264 265 262 259 256 252 248 248 251 254 261 266 265 258 246 233 226 232 248 264 270 268 257 261 267 269 270 271 273 274 274 276 279 282 284 288 291 292 294 297 295 288 284 282 278 274 271 270 271 270 271 274 276 277 278 281 282 282 282 283 284 286 287 287 286 284 283 283 282 282 282 282 282 282 282 283 283 283 282 282 282 281 280 279 278 277 276 275 274 273 272
270 267 263 262 261 259 257 257 253 248 247 247 247 253 257 254 252 248 238 237 253 267 269 258 239 241 253 261 265 267 268 270 274 277 280 282 283 284 287 293 296 297 299 299 293 286 282 279 276 273 272 272 272 272 273 275 275 275 278 282 283 281 281 282 285 288 288 288 286 284 283 282 282 282 282 282 282 282 282 282 282 282 282 281 281 280 279 278 277 276 275 274 273 272
272 269 265 262 258 256 254 254 252 250 249 247 244 244 246 249 252 254 251 259 272 274 261 239 234 242 252 257 260 262 265 269 273 278 283 285 285 285 287 292 298 300 300 302 298 289 283 280 278 276 274 273 273 273 273 274 274 274 276 279 282 282 280 280 283 286 288 288 287 284 282 282 282 282 282 282 282 282 282 282 282 282 281 281 280 279 279 278 277 276 275 274 273 272
274 271 267 261 257 256 255 254 253 252 251 249 246 242 246 253 256 258 260 268 270 259 241 236 238 244 251 255 257 261 265 269 274 278 283 287 289 289 289 292 298 302 302 304 303 296 288 283 281 278 275 273 273 273 274 274 275 275 274 276 280 282 281 280 280 284 286 286 285 282 281 283 284 283 282 282 282 282 282 282 282 282 281 281 280 279 279 278 277 276 275 274 273 271
275 272 267 262 259 257 257 255 254 254 253 253 253 256 262 263 262 261 263 265 256 236 234 239 241 243 249 255 259 264 268 270 273 277 282 287 292 293 292 292 297 302 304 305 307 303 294 286 282 278 276 275 275 275 275 275 275 275 274 275 278 281 281 279 279 280 282 283 282 279 279 282 285 284 283 282 282 283 283 283 283 282 282 281 281 280 279 278 277 276 275 274 272 271
276 273 267 263 260 259 258 256 255 255 257 259 262 269 273 272 267 263 261 256 242 233 237 241 240 242 249 256 261 267 271 272 273 276 280 284 290 294 294 294 298 303 306 307 309 307 300 291 285 280 278 277 276 277 277 275 274 274 275 275 276 278 279 279 278 278 279 280 280 278 277 278 281 283 282 282 283 284 284 284 283 283 283 282 281 280 279 278 277 276 275 274 272 271
276 273 267 262 260 260 259 256 255 257 260 263 268 272 275 274 269 262 256 249 241 239 241 240 240 244 250 255 259 265 270 273 276 276 277 282 289 296 298 299 301 305 307 308 311 312 307 299 292 286 282 280 278 277 277 277 275 274 274 274 275 275 277 278 277 276 277 278 278 276 274 272 273 278 280 281 284 285 284 284 285 286 285 283 282 281 279 278 277 276 275 274 272 271
277 273 266 261 259 259 258 256 256 259 263 268 271 274 274 272 267 261 254 246 243 246 246 241 242 246 249 252 258 265 271 276 277 274 275 282 291 298 301 303 304 306 307 309 312 314 312 306 300 293 287 283 280 276 276 276 276 275 274 273 273 274 276 276 276 276 276 277 277 274 272 271 270 272 277 280 283 285 284 284 288 290 288 285 283 282 280 279 277 276 275 274 272 271
278 273 265 261 259 258 259 261 262 265 269 271 270 268 268 268 265 261 254 247 245 251 252 246 243 245 247 249 255 265 273 277 277 271 274 285 295 300 300 302 306 308 308 311 314 317 318 314 307 300 291 285 282 278 275 274 275 275 274 272 271 273 275 276 276 275 274 275 277 273 270 270 271 271 274 277 279 283 285 285 287 292 292 288 285 283 281 279 278 276 275 274 273 272
280 274 265 263 263 263 266 268 270 269 266 265 261 258 260 263 264 260 253 249 252 257 258 253 246 245 248 248 252 263 273 275 275 269 277 289 297 298 298 302 309 310 309 312 316 318 322 321 315 306 297 289 285 282 278 274 273 274 274 273 271 272 275 275 274 274 273 273 275 274 269 268 270 272 272 274 276 281 285 283 283 287 293 292 288 285 282 280 278 276 275 274 273 272
285 278 271 271 273 273 271 269 267 263 259 256 254 254 258 263 266 259 248 250 258 263 263 259 252 248 249 249 253 264 271 272 273 270 278 289 294 295 300 305 309 306 308 314 318 319 323 326 322 313 303 295 289 285 281 277 274 273 274 275 272 270 272 273 271 272 273 272 273 274 270 267 269 272 273 273 274 277 280 281 280 282 289 294 292 287 283 280 278 277 275 274 273 272
292 286 280 279 277 273 268 263 259 256 255 254 252 254 259 266 270 259 245 250 259 267 270 266 263 258 253 252 256 264 270 272 271 269 276 286 292 297 304 307 304 301 306 314 318 319 324 330 328 319 310 301 292 286 283 281 277 274 274 275 273 270 268 268 268 269 272 274 273 272 272 270 270 271 272 272 273 273 275 278 279 280 284 290 292 289 285 281 279 276 275 274 274 273
299 292 284 279 273 268 263 260 258 255 254 254 257 260 264 270 274 265 247 250 256 267 277 277 271 268 266 262 258 260 266 271 270 268 276 287 295 302 307 308 305 302 303 310 316 320 324 331 332 325 317 308 298 288 285 283 280 275 273 274 275 271 267 265 266 267 269 272 274 274 274 273 270 269 269 270 271 270 271 274 277 279 281 285 289 289 285 282 278 276 275 274 275 274
300 291 281 274 269 265 262 260 258 256 252 256 264 268 269 273 277 279 259 254 255 263 275 283 275 274 278 277 269 259 259 266 271 273 281 290 298 304 308 307 305 299 296 303 315 322 324 328 331 329 323 316 306 294 287 285 283 277 273 273 274 272 268 266 266 266 265 267 271 275 275 274 271 269 268 268 269 269 268 270 274 278 281 282 285 285 282 279 275 274 275 277 277 276
299 290 279 272 268 267 265 262 259 256 255 260 267 272 271 274 281 302 291 266 257 259 266 278 275 276 283 286 281 269 259 260 268 277 285 292 297 299 302 302 298 291 290 299 313 323 324 325 329 331 329 325 315 300 290 287 285 281 275 273 273 272 269 268 269 267 265 264 266 271 274 274 273 270 267 267 268 269 269 267 269 274 278 279 280 280 275 272 271 272 277 282 281 276
300 289 277 273 270 269 268 266 261 258 261 267 271 270 268 274 286 319 324 284 263 257 259 269 277 282 285 285 284 281 268 260 265 276 285 291 291 291 295 296 291 289 292 299 310 320 324 326 329 331 333 333 325 308 294 289 287 284 277 273 273 272 270 269 270 269 266 264 265 267 269 271 272 271 268 266 267 269 270 267 267 270 273 274 275 275 270 268 269 274 280 284 281 274
311 291 278 275 273 270 267 266 264 265 272 277 275 267 265 275 292 324 341 304 277 264 261 267 278 285 286 283 283 289 281 266 265 273 282 289 291 291 290 290 290 293 297 300 307 318 326 330 329 331 335 338 334 319 300 290 287 286 281 276 273 273 272 270 270 270 267 265 265 264 265 266 267 269 270 267 265 267 269 268 267 268 270 270 269 268 266 268 273 278 280 280 275 268
336 300 281 275 273 271 266 263 266 274 281 285 280 267 266 276 292 327 350 327 300 286 278 273 275 281 285 281 281 292 294 277 266 268 279 289 294 293 288 288 293 297 299 299 303 315 324 328 326 327 333 340 342 331 308 293 288 287 284 279 275 273 273 272 271 270 268 266 265 263 263 262 262 264 269 270 267 265 266 268 267 269 270 267 263 263 265 269 274 277 277 274 269 266
357 308 282 275 272 272 270 268 272 277 282 287 288 277 270 274 286 320 346 335 316 302 293 283 277 278 284 283 284 292 297 286 273 272 279 289 294 293 288 291 298 300 298 297 299 307 317 322 325 327 333 342 348 342 321 298 289 288 286 282 278 277 275 273 272 270 269 267 265 263 262 261 260 259 262 268 269 265 263 265 268 270 270 266 261 262 267 271 273 274 272 268 266 268
12 322 283 276 275 276 277 278 279 278 278 284 296 289 275 270 277 306 335 334 322 307 297 291 286 283 287 289 288 291 297 299 296 289 286 286 290 293 291 295 299 299 296 294 294 300 313 321 326 329 334 345 352 351 333 306 292 288 287 284 282 281 279 276 273 271 269 267 265 264 264 263 260 257 257 261 264 264 263 264 267 269 268 265 264 266 269 271 271 270 267 265 264 266
25 345 288 278 279 280 281 282 282 280 275 279 297 297 279 269 274 294 323 331 325 312 301 295 292 289 289 291 290 293 300 307 306 297 289 283 283 291 296 299 298 294 291 291 293 299 308 317 324 329 334 345 354 357 344 313 294 289 287 285 283 284 283 279 274 270 268 265 263 263 265 264 262 260 257 255 256 260 263 265 266 266 265 265 268 270 271 271 270 267 264 262 259 261
34 4 295 280 280 282 281 282 284 283 278 279 296 303 286 273 273 284 309 325 326 317 306 298 293 292 291 291 294 296 298 301 300 293 286 283 282 288 296 299 294 290 290 293 296 299 304 313 323 329 333 343 355 1 353 322 297 290 288 286 284 285 282 276 270 268 268 268 266 265 265 265 265 264 259 254 251 254 258 262 264 264 265 266 270 273 274 271 268 265 263 259 254 256
41 11 307 287 281 281 280 281 285 287 281 280 293 311 296 277 272 279 297 317 324 317 309 301 295 293 292 294 297 297 295 292 291 289 285 283 284 283 287 296 293 288 286 288 292 295 302 312 324 328 332 341 353 4 1 331 301 292 289 286 283 278 272 264 259 263 270 278 279 271 267 265 267 268 264 257 251 250 252 257 260 263 265 267 271 274 274 271 266 264 262 256 251 256
39 3 315 298 285 280 277 276 280 286 284 282 294 316 305 282 270 271 283 298 311 312 308 303 295 293 293 296 296 296 296 294 290 289 285 282 283 279 279 292 295 287 278 276 281 287 294 304 317 323 328 335 352 8 5 337 304 292 287 282 274 265 260 258 258 264 271 281 289 284 274 269 269 270 269 264 255 250 249 251 255 260 265 269 272 273 272 267 264 263 261 253 251 261
32 353 315 304 289 280 276 271 271 275 280 284 295 318 311 289 272 263 266 279 292 300 303 299 294 293 293 294 296 298 301 298 291 289 287 282 282 279 276 286 297 292 277 269 272 279 285 295 308 317 321 329 352 12 6 340 304 287 281 273 263 258 261 265 267 269 270 273 283 290 284 277 274 272 272 271 266 258 253 250 250 255 262 267 268 269 267 262 261 262 259 253 254 264
25 347 315 308 296 285 278 271 268 269 273 280 293 311 308 294 277 261 256 266 281 291 296 296 294 292 291 296 302 305 307 299 292 291 288 281 281 282 277 280 294 297 285 271 268 273 280 290 305 314 318 326 352 14 11 344 300 279 274 270 263 265 271 273 274 274 270 268 270 281 286 283 280 279 277 278 278 273 264 257 252 253 256 259 262 263 259 256 259 261 260 258 261 268
17 341 317 314 304 290 282 277 273 271 269 271 280 295 299 294 283 268 257 260 272 286 294 293 292 293 299 308 312 315 316 301 292 291 289 281 281 285 280 279 289 299 295 278 269 269 276 286 302 311 314 324 352 17 20 355 301 277 272 274 276 276 276 275 274 273 270 267 264 266 275 280 282 285 286 286 287 286 278 269 262 257 253 252 256 257 252 250 256 261 265 266 268 271
