windninja/windninja_output/Output_2025-08-24_1800-1850_Google earth_Fire_150m_10min/merlingen_7.5mi_point_08-24-2025_1830_150m_ang.asc
ncols	158
nrows	163
xllcorner	391686.332397
yllcorner	5160024.123721
cellsize	150.000000
NODATA_value	-32768.000000
[rows 42 to 83 of 163, columns 0 to 93 of 158]
317 317 318 319 320 320 321 322 323 324 325 325 325 325 326 326 326 326 326 326 326 326 326 326 325 326 325 325 325 322 319 319 321 324 331 336 337 332 329 328 326 325 327 327 326 327 327 326 326 321 313 312 318 320 314 309 308 308 301 294 295 303 305 304 306 307 307 307 310 314 314 309 311 318 315 315 330 349 344 326 314 310 305 303 304 306 310 311 308 306 303 295 286 286
315 316 316 317 318 319 320 321 321 323 324 324 324 324 325 325 325 325 325 325 325 325 325 325 325 325 325 324 324 322 320 320 322 327 331 335 334 329 327 326 323 321 321 320 321 324 323 321 319 315 310 309 315 319 314 308 304 302 298 295 298 304 305 305 306 309 312 314 316 324 325 319 319 322 319 321 338 355 348 328 315 312 309 306 305 304 303 299 300 302 301 298 292 290
314 314 314 315 316 317 318 319 320 321 322 323 323 323 324 324 324 324 324 324 325 325 324 324 324 324 324 323 323 322 321 320 323 326 330 331 327 323 321 322 321 319 316 315 318 322 321 318 317 316 313 312 316 319 314 307 303 302 301 301 304 306 308 309 308 309 311 314 320 329 328 323 322 323 321 327 347 2 348 326 315 313 309 304 300 294 292 291 292 295 297 298 294 291
314 313 313 314 315 315 316 318 319 320 321 321 322 322 323 323 323 323 323 323 324 324 324 324 323 323 323 323 322 322 322 322 323 326 328 327 323 320 319 321 321 318 313 313 320 324 321 318 316 315 313 311 313 315 310 304 302 303 305 308 309 310 313 314 311 309 309 311 318 323 320 318 317 317 318 326 353 4 343 325 317 312 305 296 288 286 289 290 289 290 294 297 295 291
314 313 313 313 313 314 315 316 317 318 319 320 321 321 322 322 322 322 322 323 323 323 323 323 322 322 322 322 322 321 321 321 322 324 326 325 323 321 320 321 320 316 311 313 322 322 319 316 314 313 311 310 309 308 306 303 303 306 309 312 314 314 315 315 311 309 308 308 314 317 313 311 309 308 312 324 353 356 333 319 312 305 296 287 285 288 292 292 289 287 292 296 295 292
313 312 312 312 312 311 312 314 316 317 318 319 320 320 321 321 321 321 321 321 322 322 322 321 321 321 321 321 321 321 321 320 321 322 323 323 322 321 320 319 318 315 313 317 324 320 316 313 311 312 311 310 309 307 310 310 309 310 311 315 317 314 311 310 308 305 305 307 311 314 311 308 305 303 307 321 343 339 321 308 301 295 290 290 292 294 295 294 291 290 292 294 294 292
312 312 311 312 311 309 310 312 314 315 316 317 318 319 319 319 320 320 320 320 321 321 321 320 320 320 320 321 320 320 320 320 320 321 322 322 321 319 319 318 316 314 314 320 323 318 313 311 311 313 314 310 307 307 311 312 311 312 314 318 318 311 305 303 302 301 303 307 310 311 308 306 303 302 304 314 327 323 312 302 297 295 296 297 300 300 299 299 297 296 293 290 290 290
311 311 311 311 310 308 309 311 313 314 315 316 317 318 318 318 319 319 319 319 320 320 320 320 320 320 320 320 320 320 320 320 320 320 321 322 321 320 320 319 316 313 315 320 319 314 310 310 311 315 319 315 312 314 317 315 313 313 314 317 317 309 301 298 299 301 304 307 309 309 307 305 303 302 304 313 320 319 312 304 300 300 301 303 304 304 304 304 302 298 292 285 283 286
310 311 312 312 310 309 309 311 312 313 314 315 316 317 317 317 318 318 318 319 319 319 319 319 319 319 319 319 319 319 319 319 319 319 320 321 320 320 319 319 317 316 317 320 317 310 307 308 310 313 316 312 314 319 320 317 313 312 313 313 311 303 296 294 298 302 304 306 307 306 305 302 301 302 307 313 317 316 310 304 301 301 302 304 305 305 306 304 300 294 289 281 277 277
309 311 313 312 310 310 311 311 312 313 314 315 315 316 316 317 317 318 318 318 318 318 318 318 318 318 319 319 318 318 318 318 318 318 319 319 319 318 318 318 317 316 317 319 315 309 307 310 312 317 319 316 316 317 317 313 310 309 309 309 305 299 294 294 298 303 306 308 307 306 303 302 303 306 308 311 314 313 309 304 301 298 298 302 304 305 304 300 295 290 285 277 270 269
309 311 313 311 308 309 311 310 311 314 315 314 315 315 315 315 316 316 317 317 317 317 317 317 317 317 318 318 318 318 318 318 318 318 318 318 317 317 317 318 318 315 315 318 315 310 309 318 324 326 326 323 320 318 314 309 307 306 306 305 303 300 295 294 299 305 308 310 308 306 305 306 308 310 309 310 311 311 307 302 299 295 295 298 301 301 300 297 292 287 281 275 269 270
309 310 313 312 309 310 312 310 310 312 314 313 313 314 314 315 315 315 316 316 316 316 316 316 317 317 317 317 317 317 317 317 317 317 317 317 317 317 317 318 318 315 315 317 316 313 315 326 327 326 326 323 320 316 310 306 306 307 305 303 303 301 295 295 300 308 313 315 311 309 310 312 314 312 309 309 311 308 304 301 299 296 296 298 299 299 299 298 293 285 280 278 276 278
310 310 312 313 311 311 313 311 308 309 312 312 312 313 313 314 314 315 315 315 315 315 315 316 316 316 316 316 316 316 316 316 316 316 316 316 316 316 316 317 317 314 313 314 315 315 320 327 325 323 324 321 317 312 306 304 308 311 309 307 306 302 297 297 303 312 319 322 318 315 316 317 314 310 308 309 311 308 304 305 305 302 300 301 300 299 300 299 294 287 284 285 288 290
310 309 309 310 308 307 309 309 307 308 310 311 311 312 312 313 313 314 314 315 315 315 315 315 315 315 315 315 315 315 315 315 315 315 315 315 315 315 315 315 314 312 310 312 314 316 320 324 323 322 324 319 316 311 303 303 311 315 312 310 309 305 300 299 305 315 323 326 321 317 318 316 311 310 310 311 313 309 307 310 311 306 303 302 301 299 300 300 297 291 288 290 296 299
309 308 307 308 306 303 305 307 306 306 308 310 310 310 311 312 312 313 313 314 314 314 314 314 315 315 315 315 315 315 315 315 315 314 314 314 314 314 314 314 313 312 311 312 315 317 320 321 321 323 325 317 314 309 302 303 315 317 314 312 310 306 301 298 303 314 322 325 320 315 316 314 313 314 314 316 315 311 311 312 312 308 303 302 300 298 297 297 297 294 292 296 306 310
308 308 307 308 308 307 306 307 307 306 309 312 311 310 311 311 311 312 312 313 313 313 313 314 314 314 314 314 314 314 314 314 314 314 314 314 314 314 314 313 313 313 313 314 315 316 317 318 319 322 324 315 311 307 301 305 318 319 315 313 309 305 300 296 299 311 321 323 321 317 317 316 315 316 316 319 317 313 314 314 313 309 304 301 297 292 290 290 294 298 302 310 316 315
308 308 307 307 308 308 308 308 309 308 309 313 311 309 309 310 310 311 312 312 312 312 312 313 313 314 313 313 313 313 313 313 313 313 313 313 313 313 313 313 313 313 313 313 313 313 314 315 316 320 323 316 310 306 301 306 318 317 313 311 308 304 299 296 297 308 320 327 329 323 319 317 316 317 318 320 317 314 315 316 314 309 304 300 294 290 289 292 299 307 310 312 315 312
307 307 307 306 306 306 306 307 308 307 307 310 310 308 309 309 309 310 311 311 312 312 312 312 313 313 313 313 313 313 313 313 313 313 313 313 312 312 312 312 312 313 313 313 313 313 313 314 316 319 323 318 310 305 302 306 315 313 309 308 306 304 300 296 296 306 319 333 334 321 318 318 317 317 319 319 316 314 314 313 312 307 302 300 296 294 296 302 309 311 309 307 308 305
307 307 307 306 305 305 304 304 305 305 307 310 311 310 310 310 310 309 310 311 311 312 312 312 312 312 312 312 312 312 312 312 312 312 312 312 312 312 312 312 312 312 312 312 313 313 313 314 316 319 323 319 309 304 302 307 311 309 306 305 304 302 299 296 297 304 317 337 331 317 316 318 317 317 319 318 314 313 313 311 309 305 301 299 297 298 303 309 311 309 306 304 301 297
308 307 307 306 305 305 304 303 304 306 309 312 313 311 311 311 310 310 310 310 311 311 311 311 311 311 311 311 311 311 311 311 311 311 311 311 311 311 311 311 312 312 312 312 312 313 313 314 315 318 321 318 309 303 302 305 306 305 304 302 302 301 299 297 298 303 317 336 325 316 317 317 316 316 318 317 313 313 313 312 310 305 300 297 297 300 306 310 309 306 305 302 296 285
308 307 306 305 305 305 305 305 305 306 308 311 312 311 311 310 310 310 310 310 310 310 310 310 310 310 310 310 311 311 311 311 311 311 311 311 311 311 311 311 311 311 311 312 312 312 313 313 314 316 319 319 311 305 304 306 303 302 302 301 302 302 301 301 300 303 318 330 320 317 318 317 315 317 318 316 314 314 315 314 311 307 302 300 302 303 306 309 307 304 303 296 282 271
310 308 305 304 304 305 305 305 305 306 306 309 310 311 311 311 310 310 311 311 310 310 310 310 310 310 310 310 310 310 310 310 310 310 310 310 310 310 310 310 311 311 311 311 311 312 312 312 313 314 317 318 313 309 311 309 303 301 302 303 305 306 303 300 296 297 311 320 318 318 318 316 314 317 319 318 318 318 319 319 315 312 308 307 310 308 308 308 304 300 293 284 272 258
313 309 305 303 303 304 303 303 303 304 305 307 311 312 312 311 311 311 311 311 311 310 310 310 310 309 309 309 310 310 310 310 310 310 310 310 310 310 310 310 310 310 310 310 311 311 311 311 312 313 314 315 313 310 314 313 304 301 303 305 307 307 299 289 288 296 310 317 318 319 319 316 314 317 320 322 321 322 326 325 321 318 315 313 312 308 306 305 300 292 284 274 259 242
316 311 306 305 304 304 303 301 301 302 303 305 309 312 312 311 311 311 310 310 311 311 310 309 310 309 308 309 309 309 310 310 310 309 309 309 309 310 310 310 310 310 310 310 310 310 310 311 311 311 312 312 311 309 312 314 307 302 303 303 305 305 297 295 300 309 316 318 319 319 318 315 313 317 322 324 323 325 330 329 324 322 319 318 313 306 302 299 294 285 275 259 240 226
317 313 308 305 304 304 306 305 303 303 304 306 308 311 311 311 310 310 310 310 312 313 311 310 310 309 308 309 309 309 309 309 309 309 309 309 309 309 309 309 309 309 309 309 309 310 310 310 310 310 310 310 310 308 310 311 307 302 299 298 303 313 310 308 309 313 316 319 319 318 317 314 312 317 322 324 325 328 334 334 329 326 323 320 311 303 298 294 285 273 259 238 222 208
318 315 312 310 306 307 310 310 306 304 305 307 309 311 312 311 310 310 310 310 311 313 312 311 311 309 307 307 307 307 308 308 308 309 309 309 309 309 309 309 309 309 309 309 309 309 309 309 309 309 309 309 308 308 308 307 304 299 295 294 305 317 313 310 309 311 314 317 318 317 316 313 312 316 322 324 326 331 337 334 328 324 318 314 306 295 288 281 272 259 239 217 204 197
314 314 317 318 316 315 319 319 311 306 307 309 310 311 312 312 310 310 311 310 310 311 312 312 313 311 307 304 304 305 307 308 308 308 308 308 308 308 308 308 308 308 308 308 308 308 308 308 308 308 308 308 307 307 306 305 302 299 296 294 303 311 310 308 307 309 312 315 317 317 316 313 310 314 320 323 327 333 335 328 321 315 307 302 296 286 276 269 260 241 218 198 193 196
306 307 310 315 315 317 324 327 319 314 316 319 319 318 318 317 314 311 310 310 309 309 309 310 312 312 306 303 304 305 306 307 307 308 308 308 308 308 308 308 308 308 308 308 308 308 308 308 308 307 307 307 307 306 305 304 303 301 299 298 301 306 306 305 304 306 309 313 315 316 316 312 310 315 321 323 326 331 331 322 314 306 295 291 291 283 273 264 247 221 200 189 192 202
302 301 300 300 300 303 313 321 316 313 318 323 323 323 322 321 318 314 311 310 309 308 307 307 310 312 305 303 305 306 306 306 307 307 308 308 308 308 308 308 308 308 308 307 307 307 307 307 307 307 307 306 306 306 305 304 303 303 302 301 302 303 302 300 299 301 304 306 309 313 315 311 310 317 322 323 324 328 327 318 308 298 291 291 289 283 269 252 228 203 191 191 200 212
302 301 299 296 293 291 295 304 304 301 303 309 310 313 315 317 316 314 313 312 310 308 306 306 312 315 309 305 306 307 307 306 307 307 307 307 308 308 308 307 307 307 307 307 307 307 307 307 306 306 306 306 306 305 305 304 304 303 303 303 303 303 301 300 300 300 300 300 302 308 313 310 309 316 321 321 322 324 324 315 305 296 296 295 287 278 261 236 207 194 193 201 216 234
303 302 301 299 296 294 294 298 296 291 289 292 296 299 302 306 309 310 311 313 313 311 309 309 314 317 311 305 305 307 308 307 306 307 307 307 307 308 307 307 307 307 307 307 307 306 306 306 306 306 306 306 305 305 305 304 304 304 304 303 303 303 303 303 303 302 301 300 301 304 307 305 303 310 316 317 317 320 323 317 308 303 301 296 286 269 244 215 201 199 204 218 233 252
304 303 301 300 298 297 297 297 294 291 291 294 297 300 301 303 305 305 306 309 311 312 312 312 315 317 312 306 304 305 307 307 306 307 308 308 307 307 307 307 307 307 307 306 306 306 306 306 306 305 305 305 305 305 305 304 304 304 304 304 304 304 303 303 303 303 303 303 303 304 303 301 299 305 312 314 315 317 323 322 314 309 303 294 280 256 219 203 208 216 227 250 266 293
304 303 300 300 297 296 296 295 294 294 295 297 299 301 303 304 305 305 305 307 308 308 309 310 313 316 313 308 304 303 304 306 306 307 309 310 308 308 307 307 307 307 306 306 306 306 305 305 305 305 305 305 305 305 304 304 304 304 304 304 304 304 304 304 304 304 304 305 305 305 304 303 304 309 314 315 317 320 327 325 317 309 300 288 268 229 204 208 223 234 260 286 311 313
305 302 298 297 295 293 293 294 294 295 297 298 299 301 303 304 305 306 306 307 306 306 306 307 310 313 312 308 305 303 304 305 305 305 307 308 308 308 307 308 307 307 306 306 305 305 305 305 305 305 305 304 304 304 304 304 304 304 304 304 304 304 304 304 304 304 305 305 305 306 306 307 309 313 316 316 318 324 331 325 314 305 293 276 243 202 204 219 234 250 274 304 315 307
310 302 295 294 292 291 292 292 293 295 297 299 300 301 303 305 305 305 306 306 306 306 306 306 308 310 309 307 306 305 303 303 302 300 301 304 306 306 307 308 307 307 306 305 305 305 304 304 304 304 304 304 304 304 304 304 304 304 304 304 304 304 304 304 305 305 305 305 306 306 307 309 310 314 316 316 319 326 330 320 308 297 282 254 207 199 216 225 239 265 293 318 314 303
319 304 288 284 287 289 289 290 293 296 299 301 302 302 303 304 305 305 306 306 306 306 307 307 309 309 307 305 305 304 302 299 299 299 300 303 305 306 306 307 308 307 306 305 304 304 304 304 304 304 304 304 304 304 304 304 304 304 304 304 304 304 304 304 305 305 305 306 306 307 308 309 311 313 315 316 319 326 325 313 300 288 267 231 212 224 243 254 277 304 318 321 313 303
342 312 274 274 282 287 288 291 296 301 304 305 304 304 304 305 306 306 306 306 306 306 306 307 310 309 306 305 305 306 304 301 301 302 302 304 306 306 305 306 308 307 305 305 304 303 303 303 303 303 303 304 304 304 304 304 304 304 304 304 304 304 304 305 305 305 305 306 306 307 308 309 311 312 314 316 320 325 323 309 296 283 258 245 260 282 296 310 316 317 316 315 310 302
27 7 266 274 281 290 296 299 302 307 310 309 307 306 306 306 306 306 307 306 306 305 305 307 311 311 306 306 307 309 308 305 303 303 302 303 306 306 304 305 307 306 304 303 303 302 301 301 301 302 302 303 304 304 304 304 304 304 304 304 304 304 304 305 305 305 305 306 306 307 308 309 310 312 314 316 320 324 322 310 299 294 295 300 306 310 319 319 315 312 309 307 305 302
42 23 310 292 296 309 317 316 313 316 316 313 309 308 307 307 306 306 307 306 305 305 305 307 312 311 307 306 307 309 310 308 306 305 303 303 305 306 304 304 306 306 302 301 300 300 299 299 299 300 302 303 304 304 304 304 304 304 304 304 304 304 304 305 305 305 305 306 306 307 308 309 310 312 313 316 319 323 321 315 314 320 322 321 319 318 317 315 312 307 304 302 300 300
51 14 303 301 307 317 333 334 328 326 324 319 312 308 307 306 306 305 306 306 305 304 305 307 312 310 306 305 306 309 310 309 308 307 305 303 304 305 304 304 306 306 302 299 297 295 295 293 293 296 300 303 304 305 305 304 304 304 304 304 304 304 304 305 305 305 305 306 306 307 308 309 310 311 313 315 318 322 323 324 330 333 331 329 327 321 315 312 309 306 303 301 298 298
45 339 306 309 313 323 338 341 338 334 330 322 314 309 306 305 304 303 304 304 304 304 304 307 311 310 306 306 306 307 308 307 305 304 302 301 302 304 304 304 306 308 306 303 302 300 300 299 298 299 302 304 305 305 305 305 304 304 304 304 304 304 304 304 305 305 305 306 306 307 308 309 310 311 313 315 317 321 324 328 336 339 338 337 333 319 312 309 307 305 302 300 298 298
319 322 319 317 318 321 330 337 338 334 328 319 312 307 303 303 302 301 301 302 303 303 303 306 311 311 308 308 307 306 306 305 304 301 299 297 298 300 302 303 305 308 309 309 310 310 311 311 309 309 310 309 308 308 307 305 304 304 304 304 304 304 304 304 305 305 305 305 306 307 307 308 310 311 312 314 317 320 324 330 339 346 345 340 326 314 308 305 305 303 300 299 297 297
