windninja/windninja_output/Output_2025-08-24_1800-1850_Google earth_Fire_150m_10min/merlingen_7.5mi_point_08-24-2025_1800_150m_ang.asc
ncols	158
nrows	163
xllcorner	391686.332397
yllcorner	5160024.123721
cellsize	150.000000
NODATA_value	-32768.000000
[rows 0 to 41 of 163, columns 0 to 93 of 158]
280 278 276 275 274 276 277 273 270 271 270 262 246 238 241 251 261 267 272 282 290 284 271 269 274 280 280 274 272 274 274 273 273 272 271 275 280 279 279 279 277 277 278 278 282 285 288 290 292 292 293 293 294 295 295 292 288 286 286 289 289 287 285 283 281 279 279 281 286 290 291 289 285 282 281 283 283 281 282 284 283 279 275 276 277 275 270 267 266 264 261 260 260 256
280 279 278 277 276 276 274 272 271 272 270 263 250 244 248 256 264 271 277 283 289 289 280 275 275 277 279 278 276 275 274 274 274 274 276 277 279 281 282 282 282 281 281 283 286 288 290 292 295 294 293 292 292 291 291 289 288 288 288 289 289 288 286 286 285 283 282 283 285 289 290 289 286 285 285 284 282 282 284 285 283 279 277 276 276 276 275 271 268 267 265 265 263 261
282 281 280 280 279 276 272 272 274 275 275 269 260 258 259 264 270 276 280 282 285 291 293 284 276 274 277 280 279 276 275 276 277 279 281 281 281 283 285 286 287 287 288 289 290 292 293 294 296 295 294 292 290 288 288 289 290 290 289 289 289 290 289 289 289 288 286 285 285 287 289 288 288 289 288 286 284 284 285 286 283 280 280 278 277 280 282 278 273 272 273 273 273 272
283 280 279 279 278 277 277 278 280 281 279 273 268 267 268 271 274 277 279 279 281 287 294 291 281 278 278 279 279 278 278 278 280 282 284 284 284 283 285 288 290 291 292 292 293 294 295 294 294 295 295 294 291 290 290 291 291 290 289 289 290 291 291 289 289 289 288 286 285 287 288 288 288 288 287 287 287 285 283 284 285 281 280 281 280 282 286 284 280 279 279 280 281 281
283 281 278 278 278 279 282 283 283 281 277 275 274 274 275 275 275 276 276 275 277 284 292 297 289 284 281 281 282 282 281 280 282 285 286 285 285 286 288 291 293 294 294 295 295 294 294 293 293 293 292 292 291 290 289 289 290 290 290 290 290 290 290 289 289 290 289 286 285 285 286 287 287 287 287 286 287 285 283 282 284 282 280 282 282 282 288 292 289 287 285 285 289 292
284 283 281 279 279 281 284 284 282 278 274 277 280 279 279 277 273 272 272 272 274 280 290 299 296 289 286 283 283 284 283 282 283 285 286 287 288 290 292 293 295 296 295 294 293 291 291 291 291 290 289 288 289 288 287 288 289 290 291 291 290 290 290 290 290 290 289 287 285 285 285 285 287 289 288 286 286 287 285 281 280 283 283 284 283 282 287 293 294 294 293 292 294 299
284 284 284 282 281 282 283 282 279 276 277 281 286 284 279 277 274 271 271 273 274 278 286 297 299 293 288 286 285 285 285 285 285 284 285 288 291 292 292 292 293 293 291 290 289 288 288 289 288 288 288 287 287 287 287 287 289 290 291 292 292 293 292 290 290 290 290 288 286 287 287 286 288 291 290 288 287 286 285 281 281 286 287 286 283 282 284 290 295 297 297 294 294 295
282 283 284 285 283 281 280 278 276 277 281 286 291 287 280 278 276 273 272 273 275 277 282 292 299 297 292 290 288 287 286 286 285 284 285 288 289 289 288 288 288 288 287 286 286 286 286 287 287 287 287 287 287 286 285 287 289 290 292 294 295 295 294 291 289 289 289 288 287 288 289 288 288 289 290 288 285 283 282 281 282 287 290 288 286 285 286 290 294 297 297 295 293 292
282 281 282 284 283 281 278 276 276 280 284 290 294 291 282 278 277 276 274 274 275 276 279 286 295 300 296 291 290 289 287 287 285 284 284 285 285 284 283 282 282 282 283 284 284 285 285 285 286 287 287 286 286 285 285 288 290 291 292 293 292 293 293 290 287 287 289 290 288 288 288 287 285 285 287 287 284 281 280 282 283 287 293 294 293 292 292 294 299 303 304 302 300 300
281 281 281 281 281 280 278 278 279 282 285 290 295 293 284 278 277 278 277 276 276 277 279 283 290 298 299 293 291 291 289 287 287 285 283 282 281 280 279 279 279 281 282 283 283 283 284 284 285 287 286 285 286 287 286 287 289 289 287 286 285 287 289 288 286 287 289 289 288 285 283 283 284 285 285 284 282 282 285 287 287 289 294 298 296 296 297 298 303 307 307 305 305 306
281 281 280 280 280 280 279 280 281 283 285 289 294 295 287 281 279 279 281 280 279 278 279 281 286 293 299 294 291 291 288 285 285 284 281 279 278 278 278 279 280 280 281 281 280 281 283 282 281 283 285 284 286 286 285 283 282 281 279 278 278 280 283 287 288 288 287 286 285 282 281 283 285 286 284 282 281 285 293 294 292 291 293 297 297 299 299 297 299 303 301 299 301 303
281 281 280 280 280 280 281 281 282 283 285 288 292 294 290 285 282 281 282 283 282 280 279 279 282 286 290 290 288 288 285 282 283 283 280 278 276 277 279 280 279 279 279 278 277 277 278 277 274 276 280 281 281 280 279 276 274 273 272 270 271 273 278 287 289 287 286 283 283 284 284 284 285 287 288 288 289 293 299 300 296 293 293 297 300 303 301 295 296 302 297 292 294 299
280 280 280 280 280 280 281 281 281 283 284 286 289 292 290 286 285 284 283 283 283 282 279 277 277 277 280 284 285 284 283 282 283 282 280 277 277 279 280 279 279 278 277 276 274 272 269 267 267 271 275 275 275 274 274 275 273 269 265 263 266 270 276 284 286 285 284 284 290 292 289 285 286 291 297 298 297 297 300 302 300 296 296 297 299 302 299 294 295 302 297 289 289 295
280 280 280 280 280 280 280 280 281 282 284 286 288 290 288 285 285 287 285 283 283 281 277 274 271 272 276 281 282 282 282 282 282 281 280 278 279 280 279 279 278 275 271 270 269 266 262 260 263 267 270 272 272 271 272 275 275 269 262 262 268 274 279 284 286 284 283 287 296 299 293 289 290 295 300 299 296 294 294 297 298 298 297 295 293 295 295 289 288 294 292 285 282 284
280 280 280 280 280 280 280 280 281 282 283 285 288 291 288 284 285 288 288 284 280 278 275 271 270 273 277 280 281 281 280 281 282 282 282 281 278 276 275 273 271 265 262 265 266 264 265 267 265 264 268 273 273 272 274 276 279 277 272 271 275 280 285 288 286 286 288 291 296 303 302 296 294 295 297 296 293 290 286 289 294 296 294 290 287 287 287 282 278 279 281 277 273 273
279 279 279 279 279 279 280 280 280 281 283 284 288 292 291 286 284 285 286 284 280 278 275 272 272 275 278 279 279 280 281 282 282 282 281 277 273 270 267 264 263 260 261 267 270 268 271 275 273 268 271 276 279 280 280 279 281 286 285 281 282 285 289 290 287 287 291 293 296 305 309 301 294 293 294 295 291 287 286 290 293 293 289 285 281 279 276 272 269 268 271 271 269 269
279 279 279 279 279 279 279 280 280 281 283 284 287 292 293 287 283 282 283 283 281 279 276 274 274 276 278 279 280 281 283 281 277 274 270 268 268 267 265 264 265 268 272 272 272 273 274 275 278 280 280 281 284 284 282 278 278 285 291 288 286 287 289 291 288 286 289 294 297 302 307 302 295 295 297 295 292 291 292 292 290 287 283 278 274 270 267 263 266 271 273 273 271 271
278 278 278 278 278 279 279 280 280 281 282 284 285 289 292 288 283 280 280 280 279 277 277 277 276 275 276 280 281 281 278 274 268 264 263 266 269 270 270 271 273 275 275 274 273 275 276 277 282 286 287 285 284 283 281 278 279 284 291 290 288 287 288 290 290 287 289 293 295 297 301 305 301 300 301 298 297 295 290 285 280 278 276 270 266 264 264 264 271 280 282 277 273 273
278 278 278 278 278 278 279 280 280 281 281 282 284 286 289 287 283 280 278 277 276 276 277 277 276 275 276 278 280 277 273 267 264 264 266 268 271 273 274 274 275 275 275 275 274 275 280 284 285 284 285 286 285 282 282 282 283 284 289 290 287 286 287 290 291 290 288 289 291 293 299 306 304 302 302 300 296 289 279 272 272 273 272 270 267 267 268 271 275 281 287 283 277 276
277 278 278 278 278 278 279 279 280 280 280 281 283 284 285 285 283 279 277 276 276 277 277 277 277 277 276 277 277 275 271 267 265 266 268 270 272 275 277 277 277 277 276 276 277 279 283 286 285 282 282 285 287 287 287 287 285 284 286 287 285 282 284 288 289 289 287 287 291 296 302 306 303 301 302 301 292 281 274 272 274 276 278 279 277 273 272 273 275 279 288 290 282 278
277 277 277 277 277 278 278 279 279 280 280 281 282 283 283 283 281 279 278 278 278 278 278 278 278 277 276 275 275 274 272 269 266 269 272 274 276 280 281 280 279 278 276 277 280 282 282 283 284 283 282 284 288 291 290 288 286 284 284 284 282 280 283 288 289 290 290 291 295 298 301 302 298 297 300 303 296 285 280 279 281 282 283 285 284 278 275 273 275 280 288 294 284 279
277 277 277 277 277 278 278 278 278 279 280 280 281 282 282 282 281 280 279 279 279 279 279 279 278 277 276 275 275 274 274 272 272 276 279 280 279 280 281 279 277 276 276 278 280 280 280 283 285 285 284 285 287 290 290 289 288 286 283 281 281 280 283 288 290 293 295 296 296 297 295 293 292 292 297 305 304 292 284 282 283 283 282 285 288 283 278 276 278 282 289 296 287 280
276 276 276 276 277 277 278 277 278 279 280 280 280 281 281 281 281 280 280 280 279 279 279 279 278 277 276 275 274 275 276 278 280 280 280 280 278 275 276 276 276 276 277 278 278 280 283 285 287 286 285 285 285 287 290 291 290 289 286 281 279 281 283 289 294 298 300 298 295 291 288 288 288 290 297 308 311 299 289 283 281 281 281 285 290 289 285 283 282 284 289 296 288 281
276 276 276 276 277 277 277 277 277 278 280 280 280 280 281 281 281 281 280 280 280 280 279 279 278 276 275 273 273 275 279 283 283 280 277 276 275 273 274 277 279 279 278 277 280 285 286 284 285 285 284 284 285 287 290 292 291 290 289 284 280 280 283 291 298 301 301 296 288 283 281 283 287 291 298 308 312 303 294 285 279 278 280 282 288 292 293 288 283 283 287 292 286 281
275 275 276 276 276 276 276 277 277 278 279 280 280 280 280 281 281 281 281 280 280 280 279 279 277 275 272 270 272 277 281 284 284 280 277 275 274 275 277 279 281 281 281 282 284 285 283 282 283 284 284 284 286 288 289 292 291 290 290 286 282 282 287 293 298 298 294 286 277 274 276 283 290 294 298 303 304 302 297 290 283 281 280 280 284 291 294 290 284 283 285 289 285 282
275 275 275 275 276 276 276 277 277 278 278 279 280 280 280 280 281 281 281 281 281 280 280 279 278 274 270 268 272 277 281 284 285 284 280 276 273 275 279 283 284 285 286 286 285 282 280 280 282 283 284 284 285 287 289 292 292 288 286 286 286 289 293 295 295 293 288 279 271 270 278 289 294 296 298 298 294 297 301 299 292 287 284 281 282 288 294 291 286 285 288 295 287 283
274 274 275 275 275 276 276 277 277 278 278 279 280 280 280 280 281 281 281 281 281 280 280 280 278 275 270 269 272 275 278 283 286 287 284 278 274 275 280 285 287 288 290 287 284 282 280 281 283 285 284 283 284 287 292 296 293 285 285 290 293 295 295 294 290 286 281 275 271 275 284 292 296 296 300 301 288 290 301 306 300 293 289 286 285 286 291 289 284 285 292 301 292 284
273 273 274 274 275 275 276 277 277 277 277 278 279 279 280 281 281 281 281 281 281 281 282 281 280 277 274 272 272 273 275 279 285 287 288 284 280 277 280 286 290 290 291 289 287 288 285 282 283 286 286 284 286 289 294 300 296 287 290 295 295 294 293 290 284 278 274 271 275 282 287 291 295 296 302 304 290 287 295 306 304 299 295 292 288 285 285 283 280 281 289 301 299 288
273 273 273 274 274 275 276 277 277 277 277 278 278 279 280 281 281 281 281 282 282 282 283 283 283 283 282 279 275 272 271 276 282 286 290 293 290 283 284 289 293 293 294 293 292 292 290 285 283 287 291 288 287 289 292 301 304 292 291 295 295 293 290 286 281 276 274 275 283 287 289 290 293 295 299 303 293 285 287 298 305 305 299 293 288 281 278 279 278 277 282 294 301 295
273 273 273 273 274 275 276 276 276 277 277 278 278 279 280 281 281 282 282 283 283 283 283 284 285 289 290 286 279 273 271 272 277 285 294 303 301 292 289 294 297 297 297 295 295 295 293 291 288 290 294 291 288 286 288 298 306 294 289 290 293 291 284 279 277 276 278 282 285 289 290 290 289 289 296 301 295 285 281 288 301 307 301 292 285 280 280 282 280 276 276 284 295 298
272 272 272 272 273 275 276 276 276 277 277 278 278 279 280 281 282 282 283 283 283 283 284 286 288 293 294 289 282 276 271 271 276 286 297 308 307 297 293 296 298 297 297 294 294 296 295 295 293 291 291 290 286 282 282 289 295 291 288 286 287 286 277 270 271 278 284 286 284 286 288 285 281 286 298 303 298 286 280 284 296 306 303 294 289 287 287 286 282 276 272 274 282 291
272 272 272 272 273 275 275 276 276 277 277 278 278 279 280 281 282 283 283 283 284 285 286 287 291 294 295 292 287 280 276 277 281 286 294 307 307 298 294 295 295 294 292 290 290 293 293 292 289 285 284 284 281 277 275 278 284 286 286 283 282 281 272 266 271 282 290 289 283 283 284 282 284 293 303 304 300 290 282 283 291 302 302 296 293 291 288 283 278 273 270 268 271 280
270 271 271 272 273 274 275 275 276 277 277 278 279 279 280 281 281 282 283 284 285 286 287 289 291 295 297 297 296 291 287 286 285 283 287 303 306 296 292 290 288 288 288 286 287 288 289 286 282 280 281 281 280 277 273 276 283 283 282 281 279 278 274 269 273 283 295 294 284 281 283 287 293 300 306 306 303 294 285 282 285 293 296 295 293 289 285 280 276 273 271 269 269 275
269 269 270 272 273 274 274 275 276 277 278 278 279 279 280 281 281 282 283 285 286 287 289 291 293 296 299 301 304 300 292 287 283 279 282 298 306 295 289 287 284 284 285 284 284 285 284 281 279 279 279 280 280 278 275 278 285 283 278 275 276 282 284 276 275 281 293 297 288 282 287 294 297 302 307 309 307 300 289 281 278 281 287 292 295 291 286 283 280 275 272 271 274 278
269 269 270 272 273 274 274 275 276 277 278 279 279 279 280 280 281 282 284 285 286 287 290 293 294 296 299 302 305 301 293 287 284 282 282 291 303 294 287 285 282 281 280 279 279 281 280 278 278 279 279 278 278 278 278 280 285 284 278 273 274 282 294 285 276 277 285 294 293 290 292 294 294 298 304 307 307 302 292 280 273 276 281 286 294 295 287 285 284 278 275 277 280 284
268 269 270 271 272 273 274 275 276 277 278 279 279 280 280 281 282 283 284 285 286 288 290 292 294 296 299 303 306 302 296 292 290 288 285 285 293 291 283 280 277 274 274 275 277 279 280 280 280 280 279 279 279 281 282 284 284 284 280 274 272 279 294 294 280 275 280 290 296 296 293 289 287 291 297 303 304 297 289 282 276 274 274 277 284 294 291 286 287 286 283 283 283 283
268 269 270 271 272 272 274 275 276 276 278 279 279 280 280 281 282 283 284 285 286 288 289 291 294 297 300 304 306 303 301 299 295 290 284 279 280 280 275 272 271 272 274 277 279 281 282 283 282 281 281 282 283 285 287 287 285 283 281 276 274 278 291 298 288 278 278 286 294 295 289 281 281 288 296 301 301 294 287 287 284 276 270 268 274 290 298 291 289 292 290 286 283 282
268 268 270 271 271 272 273 275 276 276 278 279 279 280 281 281 282 283 284 285 286 288 289 291 294 297 301 307 308 304 303 301 295 288 281 277 272 267 267 269 272 276 278 280 282 283 284 285 283 282 284 287 288 287 287 288 287 284 282 279 277 279 289 298 294 282 279 283 288 287 281 279 285 294 299 298 301 301 289 288 290 283 274 269 273 285 302 300 292 293 293 288 284 286
267 268 270 270 271 272 273 274 276 277 278 279 279 280 281 281 282 283 284 285 286 287 289 291 293 297 302 309 309 303 300 298 293 288 281 275 265 262 268 273 277 280 283 285 285 285 288 289 288 287 289 293 294 289 288 292 293 289 286 284 281 280 285 295 296 286 281 281 281 280 282 289 295 298 298 294 301 312 294 286 291 290 281 276 277 283 297 306 298 294 293 289 287 288
267 268 269 270 271 272 273 275 277 278 278 278 279 280 281 281 282 283 284 285 286 287 289 290 293 296 302 307 305 299 296 295 294 289 282 272 264 270 273 276 279 283 287 289 289 288 290 292 293 290 289 295 300 298 294 298 301 298 292 288 284 279 277 284 293 287 281 279 278 282 291 296 296 295 293 293 303 322 306 287 287 288 285 282 279 281 291 305 303 296 293 289 287 286
267 267 269 270 271 272 274 275 277 278 278 278 279 280 280 281 282 283 284 285 286 287 289 290 292 295 299 302 301 297 294 294 294 290 282 274 276 278 277 279 283 287 290 293 292 290 292 296 298 293 290 295 304 305 299 298 301 300 293 286 280 271 266 273 287 287 281 279 281 289 294 293 288 291 293 295 307 330 317 292 283 283 285 284 282 283 292 303 303 297 294 288 283 280
266 267 268 270 271 273 274 275 276 277 278 279 280 280 281 281 282 283 284 285 286 287 288 289 291 294 296 299 300 298 294 294 294 291 287 285 286 286 286 287 289 291 293 294 296 297 297 299 300 297 292 295 303 305 297 291 291 292 286 278 272 268 268 272 281 287 283 282 288 293 292 286 286 296 298 298 310 334 322 296 284 283 284 285 286 290 295 300 299 297 294 285 276 275
