windninja/windninja_output/Output_2025-08-24_1800-1850_Google earth_Fire_150m_10min/merlingen_7.5mi_point_08-24-2025_1840_150m_ang.asc
ncols	158
nrows	163
xllcorner	391686.332397
yllcorner	5160024.123721
cellsize	150.000000
NODATA_value	-32768.000000
[rows 0 to 41 of 163, columns 0 to 93 of 158]
324 321 319 319 321 322 325 324 322 322 324 323 316 302 293 294 298 301 305 313 321 324 322 321 321 322 322 319 317 319 319 316 314 312 311 312 313 311 308 309 308 308 309 308 309 311 312 313 315 318 320 321 321 323 322 320 316 312 311 312 313 312 309 308 307 305 304 304 306 309 310 308 305 302 300 301 301 298 297 299 299 295 290 289 290 287 282 278 277 275 271 270 270 266
328 324 321 321 320 321 324 322 319 319 322 325 326 318 310 307 310 313 315 318 324 327 326 324 323 323 324 322 319 319 318 317 316 315 314 313 315 316 315 315 314 313 314 314 314 316 317 318 318 318 318 318 318 318 319 317 316 314 313 313 313 312 311 310 309 308 306 305 306 308 310 309 307 305 303 303 302 299 300 301 300 296 292 290 289 289 288 283 280 278 276 275 273 271
332 327 324 324 321 322 324 322 319 320 325 332 337 332 324 319 320 323 322 322 326 329 329 327 325 325 326 325 322 320 319 318 318 318 318 317 319 320 321 321 320 320 319 319 320 321 322 322 323 321 318 318 317 315 316 317 316 316 315 314 314 314 314 312 312 311 309 306 305 307 310 309 308 307 306 305 304 302 302 303 303 298 295 294 291 294 297 293 288 286 285 284 284 284
330 328 327 326 324 326 328 326 326 328 332 339 340 335 328 322 322 324 324 325 327 328 330 330 328 328 330 329 329 327 324 322 320 319 320 321 320 320 321 322 323 323 322 321 322 323 323 324 325 324 323 322 321 319 318 318 316 315 315 314 315 316 315 313 313 312 310 307 305 307 309 309 308 306 305 306 306 303 301 303 306 301 297 298 295 297 303 302 298 297 295 294 295 296
326 326 328 328 327 328 328 326 327 330 336 342 341 336 327 321 321 322 323 324 325 326 329 332 329 329 332 334 335 333 331 329 326 324 323 323 322 322 322 323 325 325 324 324 324 324 324 324 324 324 324 324 322 320 318 317 316 315 314 314 314 315 315 313 313 313 311 307 305 306 308 307 306 306 305 304 303 301 300 302 305 301 298 299 297 297 304 307 306 305 304 303 305 308
324 324 327 329 328 328 327 324 325 330 336 340 340 334 324 320 319 320 321 321 321 322 325 329 328 327 330 332 334 334 334 332 329 329 329 327 326 325 325 326 327 326 324 323 324 323 323 323 323 323 324 323 320 318 316 316 315 315 315 315 314 315 315 314 313 313 312 308 306 308 308 306 306 308 308 306 304 303 302 301 301 300 299 299 298 297 301 306 306 307 308 308 311 315
324 323 324 326 327 327 326 324 326 331 335 337 339 332 323 320 320 321 323 323 321 320 322 326 326 325 326 328 330 332 332 330 329 330 331 330 328 327 327 327 326 325 322 321 321 320 320 321 321 322 323 322 320 319 316 315 314 314 315 315 316 318 318 316 314 313 312 308 307 310 311 309 308 311 311 309 306 305 305 303 300 302 303 301 299 296 298 302 305 307 306 305 307 309
325 324 323 322 322 323 323 324 327 330 333 335 337 333 324 321 322 323 324 325 324 322 323 324 325 326 326 326 327 329 328 326 326 327 327 326 326 326 325 324 323 322 320 319 318 318 318 319 319 321 322 320 320 319 316 314 314 315 315 317 318 320 320 318 315 314 312 309 308 311 312 310 309 312 312 309 305 304 306 305 300 302 306 305 303 301 301 303 305 306 305 303 302 302
325 324 323 322 321 319 320 323 326 328 330 332 334 332 326 323 324 324 325 326 324 323 324 326 327 328 327 326 327 328 324 323 324 324 322 321 321 322 321 320 319 317 316 316 316 316 317 316 318 321 321 318 319 318 314 314 315 315 316 316 316 317 318 317 314 312 311 310 310 311 310 307 306 308 309 308 304 303 306 304 299 301 307 310 309 309 309 310 313 315 315 312 310 310
325 324 323 323 323 321 321 323 326 327 329 330 331 330 325 323 324 324 326 327 325 325 325 328 330 330 329 328 329 328 323 322 324 322 319 318 318 318 317 316 316 315 315 315 314 314 315 315 316 320 318 316 317 316 312 311 313 313 311 310 309 309 311 311 309 308 309 310 311 310 306 303 304 305 307 305 302 303 308 307 304 305 309 311 309 310 311 312 316 321 321 318 316 317
326 325 324 324 324 324 324 325 326 327 328 329 330 329 325 322 322 323 325 326 326 327 327 329 331 332 333 331 329 327 322 321 322 319 316 316 317 317 316 316 316 315 314 314 312 311 312 312 311 314 313 311 313 311 307 304 303 302 299 298 298 299 302 305 304 304 304 305 308 306 302 303 305 307 306 304 301 304 311 311 309 308 309 311 309 310 310 308 311 317 316 313 313 315
326 326 325 325 325 325 325 326 327 328 328 328 329 329 326 322 321 322 323 323 323 325 326 329 331 333 336 332 327 324 320 318 318 316 314 314 315 316 316 316 315 314 313 313 311 309 308 306 302 302 301 301 300 297 293 291 289 288 286 284 283 283 289 297 298 297 297 298 303 304 303 304 305 309 312 311 311 312 314 314 312 310 311 313 313 314 312 306 307 315 311 304 305 311
326 326 325 326 326 326 326 326 326 327 327 328 329 329 325 320 319 321 322 322 322 322 323 326 329 332 334 330 325 322 320 318 317 316 315 313 313 314 314 315 314 313 313 313 310 306 303 297 290 289 290 289 286 282 281 282 281 278 273 269 270 275 281 288 290 290 290 293 302 306 304 303 305 311 317 318 317 316 317 318 315 312 312 312 313 315 312 306 308 317 310 301 300 306
327 326 326 326 326 326 326 326 326 327 327 328 329 330 326 318 315 317 319 320 320 320 320 321 325 329 331 328 325 323 320 317 316 316 316 314 313 313 313 313 311 308 305 302 297 293 292 291 288 287 287 286 283 278 277 279 279 275 269 269 275 282 287 290 290 287 286 291 300 306 305 304 306 311 316 315 312 310 311 314 313 312 311 309 307 310 308 302 302 309 305 295 293 295
327 327 326 326 326 326 327 327 327 327 327 328 330 332 329 322 317 317 317 316 317 318 319 320 323 327 329 328 326 324 320 317 316 316 317 316 314 312 309 306 300 291 283 281 282 282 286 294 296 292 292 294 292 289 287 287 289 290 288 287 289 294 298 301 298 295 295 296 299 306 309 307 306 309 311 310 306 303 301 303 306 308 306 303 300 301 299 294 291 293 291 284 279 279
328 327 327 327 327 326 326 327 327 327 327 328 329 331 330 325 321 321 320 317 317 319 321 323 324 326 328 329 327 326 323 321 321 320 317 312 306 301 296 289 283 280 282 288 294 296 297 300 300 297 300 307 309 307 306 305 306 309 308 300 298 301 304 308 305 302 303 303 303 309 311 306 302 304 307 307 304 300 299 301 303 304 300 295 293 290 286 282 279 277 278 276 274 274
328 328 328 327 327 327 327 327 327 327 327 328 328 329 328 323 322 323 323 322 321 322 324 325 325 326 328 329 329 327 324 322 322 318 308 299 294 291 290 292 295 301 304 304 307 308 306 307 308 306 307 313 315 313 312 310 310 315 317 308 304 304 306 310 307 303 304 306 307 311 312 306 299 302 307 307 305 304 303 302 301 298 293 287 282 277 272 268 271 277 281 281 279 278
329 328 328 328 328 328 328 327 327 327 327 327 327 327 325 321 319 321 323 323 323 323 324 324 324 325 327 328 326 324 322 319 319 314 306 303 304 305 308 309 311 311 309 307 308 309 309 313 314 313 312 312 313 312 310 309 309 314 318 312 307 305 308 311 309 305 304 307 308 309 311 311 306 306 308 307 308 306 301 295 290 287 284 278 272 269 268 269 276 286 290 285 282 282
329 329 329 329 328 328 328 328 328 328 328 327 327 326 324 321 318 318 320 321 322 322 323 322 322 323 324 325 323 320 319 319 321 320 316 313 312 313 313 311 311 311 309 309 309 309 311 314 314 312 311 311 311 311 311 311 311 313 315 313 307 306 308 311 310 306 304 305 306 307 311 317 314 310 309 307 303 297 286 279 278 278 278 277 276 275 277 280 283 288 294 291 286 285
330 329 329 329 329 329 328 328 328 328 328 328 327 326 325 322 320 319 319 321 322 323 324 324 323 324 324 325 324 322 323 325 325 320 315 311 311 314 316 315 316 316 314 314 313 312 313 315 313 309 308 309 311 312 313 314 313 312 311 310 306 302 304 307 307 305 302 303 307 310 315 319 316 313 313 311 301 288 280 278 280 282 286 289 288 284 283 283 283 288 297 300 291 287
331 330 330 330 329 329 329 328 328 328 328 328 328 327 326 325 323 322 323 324 325 326 326 327 326 326 326 326 326 327 329 332 331 325 322 320 319 321 324 322 322 320 317 316 315 314 313 314 314 310 308 310 312 313 312 312 311 311 309 308 305 301 302 306 306 305 306 307 309 313 317 319 314 311 313 317 312 301 292 289 290 292 293 295 295 290 286 283 284 289 298 305 294 288
331 331 331 330 330 329 329 329 329 329 329 328 328 328 327 327 327 326 326 327 327 328 328 328 328 328 328 329 329 330 333 337 334 329 327 326 325 325 326 325 323 321 319 316 314 312 311 313 315 313 311 311 312 313 312 310 310 309 308 307 306 302 302 306 307 307 310 311 311 313 316 315 310 307 311 319 321 312 302 297 296 296 294 297 300 295 290 287 288 292 300 309 300 290
331 331 331 331 330 330 330 330 330 330 330 329 329 329 329 328 328 328 328 329 329 329 330 330 331 331 331 332 331 332 335 338 333 328 326 324 322 323 324 323 323 322 320 316 313 312 315 316 317 315 312 311 312 312 312 312 311 310 310 307 305 302 302 306 309 312 314 313 312 313 313 311 307 305 311 321 325 317 308 302 298 298 296 298 302 300 298 295 293 294 301 312 304 293
332 332 332 331 331 331 331 331 330 330 330 330 330 330 330 330 330 330 330 331 331 331 332 333 333 333 334 334 332 331 333 334 329 325 323 320 318 319 320 322 323 322 320 317 315 316 318 318 317 315 312 311 311 311 313 314 312 311 313 309 304 301 301 306 311 315 316 313 310 308 308 306 304 306 313 323 326 317 310 304 299 299 298 299 302 304 304 298 293 294 300 312 303 293
333 332 332 331 331 331 331 331 331 330 331 331 331 331 331 331 331 331 331 332 332 333 334 335 335 336 338 337 331 329 331 330 327 324 323 321 320 319 319 321 323 322 322 319 317 319 320 317 315 314 311 311 311 312 314 315 314 313 314 310 303 300 302 306 311 312 310 307 302 298 298 301 304 308 315 322 321 314 310 306 301 300 301 300 301 304 304 299 293 293 300 312 301 293
333 333 332 332 332 332 332 332 331 331 331 332 331 331 332 332 332 332 332 333 333 334 335 336 338 341 344 342 333 330 330 328 326 326 325 325 325 321 319 321 323 323 322 319 317 321 320 316 315 314 313 311 310 310 312 315 316 315 312 308 304 304 306 309 312 312 309 305 297 293 296 302 306 310 318 324 314 310 311 311 307 305 306 304 302 304 307 303 296 295 303 316 305 296
334 333 333 332 332 333 333 332 332 332 333 333 332 332 333 333 333 333 334 334 334 335 336 338 340 345 349 345 337 335 333 328 325 324 324 326 327 322 321 323 324 323 321 318 319 324 323 319 317 317 316 312 310 309 312 318 321 316 312 311 308 306 307 310 312 312 312 310 302 297 300 304 308 312 322 329 313 306 311 315 311 307 307 306 304 305 310 306 297 296 306 318 309 299
334 334 334 333 333 333 333 332 332 333 334 333 333 333 333 333 334 334 335 335 335 336 337 340 343 348 350 346 342 342 339 332 327 325 323 324 325 321 320 324 326 323 322 321 323 328 327 324 320 319 321 317 315 313 315 324 330 321 315 314 309 306 305 306 306 305 309 310 305 301 301 304 309 314 325 330 313 303 309 315 313 309 308 306 303 302 305 303 295 295 304 315 312 302
335 334 334 334 334 334 333 333 333 334 334 334 334 334 334 334 334 335 336 336 336 337 339 341 344 348 349 345 345 348 347 339 335 331 328 329 328 324 322 328 329 326 326 325 327 330 330 327 322 322 325 321 318 316 318 330 336 323 314 311 309 307 306 307 306 305 310 311 305 303 302 305 311 316 325 327 312 300 301 310 313 313 309 304 299 294 294 295 292 291 298 308 312 306
335 335 335 334 334 334 334 334 334 335 335 335 335 335 335 335 335 336 337 336 337 338 340 341 344 346 345 343 345 350 349 345 342 336 333 336 337 330 326 330 332 330 332 330 331 333 332 329 325 327 331 326 321 319 321 333 336 321 310 306 306 306 306 305 304 304 311 311 303 302 303 306 310 316 324 324 314 300 294 300 310 314 309 301 294 291 293 295 293 290 292 299 306 306
336 335 335 335 335 334 334 335 335 335 336 336 336 336 336 336 336 337 337 337 337 339 340 342 344 344 341 341 344 347 345 343 341 335 335 340 341 333 328 331 332 332 334 332 333 335 331 327 324 326 330 326 321 318 320 333 331 316 305 300 301 303 300 295 296 302 310 308 298 297 299 301 302 310 323 324 318 305 296 297 307 314 311 303 298 298 299 298 294 290 286 288 294 298
336 336 336 336 335 335 335 336 336 336 337 337 337 336 337 337 337 337 337 338 338 339 340 342 342 342 342 343 347 349 345 339 335 331 333 341 340 331 327 330 331 331 332 329 331 332 327 321 318 317 318 317 316 312 315 329 325 311 302 297 297 303 301 292 293 302 311 308 296 293 296 297 301 311 322 324 321 311 300 298 305 314 312 305 302 300 297 293 288 284 281 279 281 287
336 336 336 336 335 335 336 337 337 337 338 338 337 337 337 338 338 338 337 338 338 339 341 341 341 341 342 345 350 352 345 338 334 329 330 338 337 327 325 327 328 329 329 326 326 326 320 315 313 311 310 310 310 308 311 322 320 310 301 295 295 304 310 300 295 302 313 311 298 293 298 304 309 316 324 325 324 315 303 298 302 310 309 305 302 297 293 289 284 281 279 277 277 282
337 337 337 335 335 336 337 337 337 338 338 338 338 338 338 339 339 339 338 338 338 339 340 340 341 342 342 344 347 346 340 336 334 330 327 334 334 326 325 328 327 328 328 324 323 320 314 312 311 309 307 307 306 305 306 313 314 308 300 294 296 308 321 310 299 301 310 310 301 297 303 311 313 319 325 326 325 319 308 300 299 304 304 304 305 302 296 293 290 285 282 280 282 286
337 337 337 336 336 337 338 338 338 338 338 338 338 339 339 339 339 339 339 339 339 339 339 339 340 341 343 344 344 340 334 332 333 331 329 332 334 329 328 330 329 328 325 321 317 313 310 308 307 306 305 304 303 303 303 305 307 305 298 292 295 310 325 317 301 298 303 308 304 302 307 312 313 318 323 323 322 317 309 300 297 301 301 301 306 307 299 297 297 291 287 288 289 292
337 337 337 337 337 338 339 339 339 339 339 339 339 339 339 339 339 339 339 339 338 338 338 338 338 339 342 344 344 338 331 330 331 330 329 334 338 333 329 330 329 327 322 319 315 311 311 311 310 309 308 306 306 307 307 306 305 303 298 291 291 304 322 320 305 298 300 305 307 306 307 307 307 312 316 319 319 311 303 297 296 297 296 294 299 307 304 299 301 300 296 295 292 291
337 337 336 337 338 339 339 339 340 340 340 340 340 340 340 339 339 339 339 339 338 338 338 338 338 339 341 344 345 338 331 330 329 326 326 332 339 339 333 329 327 325 321 320 316 314 317 315 313 311 310 310 312 312 312 311 308 305 301 294 292 301 316 319 310 300 298 302 306 307 304 297 297 305 313 318 318 311 302 299 298 294 289 285 289 302 309 304 303 305 302 297 292 290
337 337 336 336 338 340 340 340 340 340 340 340 340 340 340 340 339 339 339 339 338 338 338 338 338 339 340 344 343 335 332 330 326 324 323 329 340 345 337 331 329 326 323 322 319 318 319 319 317 315 313 315 316 314 312 313 312 310 306 301 297 302 312 319 314 301 295 298 303 306 301 295 299 309 316 317 318 320 309 303 304 300 292 286 287 298 313 312 305 305 304 298 293 294
336 337 337 337 339 339 340 340 340 340 340 341 341 340 340 339 339 339 339 338 338 338 338 337 337 338 340 342 337 331 329 328 326 325 325 331 349 350 337 334 331 328 326 325 322 322 323 324 325 322 319 321 323 319 315 317 319 317 314 310 307 308 313 320 317 303 294 293 298 302 303 306 310 315 321 314 317 328 316 305 309 308 299 292 290 296 312 318 310 306 305 299 295 294
336 336 337 338 339 339 340 340 340 340 340 341 340 340 340 339 339 339 338 338 337 337 337 337 337 337 338 336 332 327 325 325 326 326 326 339 355 348 340 336 332 328 326 326 326 325 325 327 328 324 320 323 327 327 323 324 327 326 322 318 316 315 314 317 318 306 294 292 295 302 307 310 313 318 321 312 318 335 327 310 312 312 304 296 291 293 306 317 314 308 306 300 294 292
336 337 337 337 338 339 339 339 339 339 340 340 340 340 339 339 339 338 338 337 337 337 337 336 336 336 335 332 329 326 323 323 324 325 330 344 348 343 340 338 335 331 328 329 328 327 327 330 330 326 320 321 327 328 325 326 328 327 321 316 315 314 309 308 314 307 295 293 299 305 309 308 307 316 317 311 321 341 334 315 313 314 307 300 293 294 304 315 315 310 307 298 290 287
334 335 335 336 337 337 338 338 338 339 339 339 339 339 339 339 339 338 337 337 336 336 336 335 335 334 333 331 330 327 323 323 325 327 335 345 344 339 336 336 336 333 333 333 331 329 331 333 334 330 322 321 325 326 321 319 322 322 314 307 305 308 306 306 311 309 300 299 306 309 310 306 306 317 315 312 325 346 338 320 312 312 307 302 300 302 309 315 314 310 305 295 285 282
