windninja/windninja_output/Output_2025-08-24_1800-1850_Google earth_Fire_150m_10min/merlingen_7.5mi_point_08-24-2025_1810_150m_ang.asc
ncols	158
nrows	163
xllcorner	391686.332397
yllcorner	5160024.123721
cellsize	150.000000
NODATA_value	-32768.000000
[rows 0 to 41 of 163, columns 0 to 94 of 158]
316 313 311 311 312 314 317 315 312 313 314 311 300 282 275 280 286 291 296 305 314 317 313 311 312 314 314 309 308 310 310 307 305 303 302 304 306 304 301 302 301 301 302 302 303 306 307 309 311 314 317 318 318 319 319 316 312 309 308 309 310 309 307 305 304 303 302 302 305 307 309 307 304 300 299 301 301 298 297 298 298 295 290 289 289 287 283 279 277 275 271 270 270 266 262
319 316 313 313 312 313 315 313 309 310 312 314 312 300 293 293 298 303 306 310 317 321 318 315 314 314 315 313 310 310 309 308 307 307 306 306 308 309 308 309 308 307 308 308 309 312 313 314 315 315 315 315 315 315 315 314 312 311 310 310 310 309 308 307 307 305 304 303 304 307 308 308 305 304 302 302 301 299 299 301 299 296 292 290 289 289 288 284 280 278 276 275 274 272 269
323 319 316 316 314 313 314 313 310 312 316 324 327 320 311 307 310 314 314 315 319 323 323 320 316 315 317 317 314 311 310 309 309 310 310 310 312 314 314 315 315 314 314 314 315 317 318 318 319 317 315 314 313 312 312 313 313 313 312 311 312 312 311 310 310 309 307 304 304 306 308 308 307 307 305 305 304 301 301 303 303 298 295 294 292 294 298 294 288 287 286 285 285 285 285
323 320 319 318 316 318 319 318 318 320 325 332 333 325 317 311 312 315 315 316 319 322 324 324 320 319 321 321 320 319 316 314 312 312 313 314 314 314 314 316 318 318 318 317 318 319 319 320 321 321 320 319 317 315 315 315 313 313 312 312 312 313 312 311 311 310 308 305 304 305 308 308 307 305 305 305 305 302 301 303 305 301 297 298 296 297 303 302 299 298 296 295 296 297 297
320 319 320 320 319 321 321 319 320 323 329 335 335 327 318 312 311 313 314 314 316 318 323 327 323 322 324 326 327 326 324 321 319 317 317 317 316 316 317 318 320 321 320 320 320 320 320 320 321 320 320 320 318 316 315 314 313 312 312 312 312 313 312 311 311 311 309 306 303 305 307 306 305 305 305 304 303 301 300 302 305 301 298 300 298 297 304 308 306 306 305 304 306 309 309
318 317 319 320 320 321 320 318 318 322 328 333 334 326 316 311 309 309 310 310 311 313 319 325 323 321 323 325 327 327 327 325 322 322 322 321 320 320 320 321 322 322 320 319 319 319 319 319 319 319 319 319 316 314 313 312 312 312 312 312 312 313 313 312 311 311 310 306 304 306 307 305 305 307 307 305 303 302 302 301 301 300 299 300 299 297 302 306 306 308 309 309 312 316 315
317 316 317 318 319 320 319 317 318 323 327 331 333 325 314 311 310 310 312 313 312 311 315 321 321 320 320 321 323 326 325 323 322 324 325 324 323 322 322 322 322 320 318 317 316 316 316 317 317 318 319 318 316 315 313 311 311 312 312 313 314 316 316 314 312 312 311 307 306 308 310 308 307 310 311 308 306 304 305 303 300 302 303 301 299 297 298 303 305 307 307 306 308 310 311
318 317 316 316 315 316 315 315 318 322 325 329 332 326 316 312 312 313 314 315 314 313 315 319 320 321 320 320 321 323 321 319 319 321 321 321 321 321 320 319 318 317 315 314 313 313 314 314 315 317 317 316 316 315 312 311 312 312 313 314 316 318 318 316 313 312 311 308 307 310 311 309 308 311 311 309 305 303 306 305 300 302 306 305 303 301 302 304 306 307 305 303 302 303 306
317 317 316 315 314 312 311 313 317 321 323 326 329 326 318 314 314 314 314 315 314 314 316 319 322 324 322 320 321 321 318 316 318 318 316 315 315 315 315 314 312 311 311 311 311 312 312 312 313 316 316 314 315 314 311 310 312 313 313 314 314 315 316 315 312 310 310 309 309 310 309 306 305 307 308 307 303 302 305 304 299 301 308 310 309 310 310 311 313 315 315 313 310 311 313
317 316 315 315 315 313 313 314 317 320 322 324 326 324 318 314 314 315 316 317 316 315 316 320 324 326 325 322 323 322 317 316 317 316 313 311 312 312 311 309 309 309 309 310 309 309 310 310 311 315 314 311 313 312 309 308 310 310 308 307 306 307 309 309 307 307 308 309 310 308 305 303 303 305 306 305 302 303 308 307 304 305 309 311 310 310 311 313 317 321 322 319 317 318 316
318 317 316 316 316 316 316 317 318 320 321 322 324 323 318 314 313 314 316 317 317 317 318 321 325 327 329 326 323 321 316 314 315 312 309 309 309 310 309 309 310 309 308 308 306 306 308 307 306 309 308 307 309 307 304 301 300 299 297 296 296 296 300 303 302 303 303 304 306 304 301 302 304 306 306 303 301 304 311 311 309 308 310 311 309 310 310 308 311 318 317 313 313 316 312
318 317 316 316 317 317 317 318 319 320 321 322 323 324 319 314 313 314 315 315 315 316 317 320 323 326 329 326 320 317 313 311 311 309 307 306 306 308 309 309 309 307 307 307 305 303 303 300 296 296 297 297 296 294 291 288 286 285 284 282 281 282 288 295 297 296 296 297 301 303 302 303 305 309 311 311 311 312 314 314 312 311 312 313 313 315 312 306 308 316 312 305 306 312 308
318 317 317 317 317 317 317 318 318 319 320 321 322 323 319 313 311 313 314 314 314 314 314 316 319 322 325 322 317 314 312 311 310 309 307 305 305 307 307 308 307 306 307 306 303 300 296 290 285 285 286 285 283 280 279 280 279 276 271 267 269 273 280 287 289 289 289 292 301 305 304 303 304 311 317 318 317 316 317 318 316 313 313 313 313 316 313 306 309 318 311 301 301 307 303
318 317 317 317 318 318 318 318 318 319 319 320 323 324 319 311 308 310 312 312 312 312 311 310 313 317 321 319 317 315 312 310 308 308 308 306 306 306 306 306 304 301 298 295 290 287 285 283 282 282 283 282 280 276 275 277 278 274 268 268 274 281 286 289 289 287 286 290 300 305 305 303 305 311 316 315 312 310 311 314 314 312 311 309 308 310 308 302 303 310 305 296 294 296 293
318 318 317 317 317 317 318 318 318 319 319 320 323 325 321 314 309 310 310 309 308 308 308 308 310 315 319 319 317 315 311 309 308 309 310 308 306 304 301 298 292 284 276 276 278 277 280 288 289 287 287 290 289 286 285 286 288 288 286 285 288 293 297 300 298 294 294 295 299 305 308 306 306 308 311 310 306 303 301 303 307 308 307 303 301 301 300 295 292 294 292 285 279 280 281
318 318 317 317 317 317 317 317 318 318 319 320 322 325 323 317 313 313 312 309 308 309 310 311 312 314 318 319 317 316 314 312 313 312 309 304 297 292 287 281 276 273 276 282 288 289 291 295 295 292 295 302 305 304 303 302 303 307 306 299 297 300 303 307 304 301 303 302 303 308 311 305 302 303 306 307 304 300 299 301 303 304 300 296 293 291 287 282 279 278 279 277 274 274 276
318 318 318 317 318 317 317 318 318 318 319 319 320 323 322 315 313 313 314 313 312 312 313 314 314 315 318 320 319 318 315 313 312 307 297 289 285 283 282 282 286 292 296 297 300 301 300 301 303 302 303 309 312 310 309 307 307 312 314 307 303 303 305 309 307 302 303 306 307 311 312 305 299 302 306 306 305 304 303 302 301 298 293 288 283 278 273 269 271 278 282 281 279 278 279
318 318 318 318 318 318 318 318 318 318 318 319 319 320 319 314 310 311 313 313 313 312 313 313 313 313 316 317 317 315 312 308 305 298 292 291 294 295 298 299 302 304 302 300 301 303 304 307 309 309 308 309 310 309 307 306 307 312 316 311 305 304 307 310 308 304 304 306 308 309 311 311 306 305 307 307 308 306 301 295 290 288 285 278 272 270 268 269 277 286 290 286 283 282 282
318 318 318 318 318 318 318 318 318 318 318 318 318 318 317 314 310 309 309 309 310 311 311 311 310 310 312 314 313 310 306 305 304 303 302 301 301 303 304 303 303 303 302 302 302 302 305 309 310 308 308 307 307 307 308 309 309 311 313 311 306 304 307 310 309 306 303 304 306 307 311 316 313 309 309 307 303 297 286 279 278 279 278 278 276 276 278 281 283 289 295 292 287 286 285
319 318 318 318 318 318 318 318 318 318 318 318 318 318 316 314 310 308 308 309 310 312 312 312 312 312 312 313 312 310 309 309 308 305 301 299 301 304 307 307 307 308 307 307 306 307 308 311 309 305 304 306 308 309 310 311 311 310 309 309 305 301 303 306 306 304 302 303 307 310 314 319 316 313 313 311 301 288 280 278 280 282 286 290 289 285 285 284 284 289 298 301 292 288 287
319 319 319 319 318 318 318 318 318 318 318 318 318 318 317 315 313 312 311 312 313 314 315 315 314 314 313 314 314 314 315 317 314 310 309 309 309 312 316 314 313 312 309 308 309 308 308 309 309 306 305 307 309 311 310 309 309 309 307 306 304 300 301 305 305 305 305 307 309 313 317 319 314 311 313 317 312 301 293 290 291 293 294 296 296 290 287 284 285 290 299 306 295 289 289
319 319 319 319 318 318 318 318 318 318 318 318 317 318 317 316 316 315 315 315 315 316 316 316 316 315 315 315 315 316 319 323 320 317 317 317 315 316 318 316 314 313 311 310 308 306 306 308 311 309 307 308 310 310 309 308 308 307 306 305 304 301 301 306 306 307 310 310 311 313 315 315 310 307 310 319 321 312 303 298 297 296 295 297 300 296 291 288 289 293 301 310 302 292 293
319 319 319 319 319 319 319 318 318 318 319 318 318 318 318 317 317 317 316 317 317 318 318 318 318 317 318 318 317 318 322 326 322 317 316 314 312 313 314 314 314 313 312 309 307 307 310 312 313 311 308 308 309 309 310 310 309 308 308 305 303 301 301 306 309 312 314 313 312 312 313 311 307 305 311 321 325 317 308 303 299 299 297 299 303 301 299 296 294 295 303 314 306 294 294
319 319 319 319 319 319 319 319 318 318 319 319 319 319 319 319 318 318 318 318 319 319 320 320 320 320 319 318 317 317 321 323 319 314 312 309 307 307 309 313 314 314 312 309 309 311 314 313 312 311 308 307 308 309 311 312 310 309 311 307 303 300 300 305 311 315 315 313 310 308 308 306 304 306 313 323 326 317 310 304 300 300 299 300 303 305 305 299 295 295 302 314 305 294 293
319 319 319 319 319 319 319 319 318 318 319 319 319 319 320 320 319 319 319 319 320 320 321 322 322 322 322 319 314 315 319 319 316 313 311 309 308 308 309 312 314 314 314 313 312 314 315 312 311 310 308 307 309 309 311 313 312 311 312 308 302 299 301 306 310 312 310 306 301 298 298 301 304 308 315 323 321 314 310 307 302 302 303 302 302 305 305 300 294 294 302 314 303 295 293
319 319 319 319 319 319 319 319 318 319 319 319 319 319 320 320 320 320 320 320 321 321 322 323 324 326 328 323 316 315 317 317 316 315 314 313 312 309 310 313 315 316 316 313 312 315 314 311 310 310 309 308 307 307 310 313 315 313 310 307 303 304 306 309 312 312 309 305 297 293 296 302 306 310 318 324 315 310 311 312 308 306 307 306 304 306 309 304 297 296 305 318 307 298 295
320 320 319 319 319 319 320 319 319 319 320 320 320 320 320 320 320 320 321 321 321 322 323 325 327 331 334 327 320 318 319 316 314 314 314 315 314 310 311 315 317 317 316 313 313 317 316 313 313 313 313 309 307 307 310 317 319 314 310 309 307 306 307 309 311 311 311 309 302 297 300 305 308 312 322 329 313 306 312 315 311 308 308 308 305 306 311 308 299 298 307 319 311 301 297
320 320 320 319 319 320 320 319 319 320 320 320 320 320 320 320 320 321 322 322 322 323 325 327 330 335 337 330 325 325 323 318 315 315 314 314 314 311 311 316 319 317 316 316 317 322 322 318 315 315 317 313 312 311 314 322 327 318 314 313 308 305 305 306 305 305 309 310 305 301 301 304 309 314 325 330 314 304 309 315 313 310 309 307 304 303 307 305 297 296 305 316 313 304 300
320 320 320 319 319 320 320 319 319 320 320 320 320 320 321 321 321 322 322 323 323 324 326 328 332 338 338 332 331 333 330 324 322 320 319 320 320 315 314 320 323 320 321 320 322 325 325 321 317 318 322 318 315 314 316 328 334 321 313 311 308 306 306 306 305 304 309 310 305 303 302 306 311 316 325 327 313 301 302 310 314 313 310 305 300 296 296 297 294 293 299 310 313 307 302
320 320 320 319 319 319 319 319 320 320 320 320 321 321 321 321 322 322 323 323 324 325 327 329 333 336 335 332 333 336 334 329 328 324 325 330 330 323 319 324 326 325 327 325 326 328 327 325 321 323 327 323 318 316 318 330 334 319 308 305 305 306 305 305 303 303 310 310 303 302 303 306 311 316 324 324 314 301 295 301 310 315 310 302 295 292 294 296 295 292 294 300 308 307 303
320 320 320 320 319 319 319 320 320 320 321 321 321 321 321 322 322 323 324 324 324 326 327 330 333 334 332 330 332 334 330 327 326 325 328 335 335 326 321 325 327 327 329 327 328 330 327 323 320 322 326 323 318 315 317 330 329 314 304 300 300 302 300 295 295 301 310 308 298 297 300 301 303 311 323 324 318 306 297 298 307 315 311 303 299 299 300 299 296 291 288 290 295 299 298
320 320 320 320 319 319 320 321 321 321 321 321 321 321 321 322 322 323 323 324 325 326 328 330 332 333 332 332 335 336 329 324 322 321 325 336 335 325 321 324 325 325 326 323 325 327 322 317 314 313 314 313 312 309 311 325 322 309 302 296 297 302 301 292 293 302 311 308 296 294 296 298 301 312 322 324 321 312 301 299 306 315 313 306 302 301 298 294 290 286 283 281 282 289 293
320 320 320 320 319 319 321 321 321 321 322 322 322 322 322 322 323 323 323 324 324 326 328 330 330 332 333 335 341 341 334 327 323 318 320 332 332 321 318 320 321 322 322 319 320 320 315 311 308 306 306 306 306 305 307 318 318 308 300 295 294 303 309 300 295 302 312 311 299 294 298 305 309 317 324 326 324 316 305 299 303 312 310 306 302 298 294 290 286 283 281 278 278 283 291
320 320 320 319 318 319 321 321 321 321 322 322 322 322 322 323 323 324 324 324 325 326 328 329 330 332 333 336 340 337 330 325 323 318 317 327 329 320 318 320 319 320 320 317 316 314 309 306 305 304 303 303 303 302 303 310 312 307 299 293 295 307 320 309 299 301 310 311 301 297 304 311 313 320 326 327 325 319 309 301 301 306 305 305 306 303 297 295 292 287 283 282 283 287 295
320 321 321 319 319 320 321 321 321 321 322 322 322 322 322 323 323 324 324 325 325 326 327 328 329 331 333 335 336 332 324 321 321 319 318 325 329 322 320 322 320 319 316 312 309 307 304 303 302 302 301 300 300 300 300 302 305 303 297 292 294 309 325 316 301 298 304 308 305 303 308 312 313 319 323 324 323 318 310 302 300 303 303 303 308 308 301 298 298 293 289 289 291 293 298
320 320 320 320 320 321 322 322 322 322 322 322 322 322 322 323 323 323 324 325 325 325 326 326 327 329 333 335 336 330 322 321 321 320 319 324 330 325 320 320 318 315 311 309 307 304 305 305 305 304 303 302 302 304 304 304 303 301 297 290 290 304 322 319 305 298 300 305 307 306 308 308 308 313 317 319 319 312 304 299 298 299 298 296 300 308 305 301 303 301 298 296 294 292 295
320 320 319 319 320 321 322 322 322 322 322 322 322 322 323 323 323 323 324 324 324 325 325 326 327 329 332 335 337 329 323 323 321 318 316 320 328 328 320 315 313 312 310 310 309 308 311 310 308 307 306 307 308 309 310 309 306 304 300 293 291 300 316 319 310 300 298 303 307 307 304 298 297 306 314 318 319 312 303 300 299 296 291 287 291 304 310 306 305 307 303 299 294 291 295
320 320 319 319 320 321 321 321 321 321 322 322 323 323 323 323 323 324 324 324 324 325 325 326 327 329 331 336 335 327 325 323 318 315 312 316 325 328 319 314 315 314 313 314 312 311 314 313 312 310 309 312 313 311 310 311 311 308 305 300 297 301 312 318 314 301 296 298 303 306 302 296 300 309 317 317 319 321 310 304 305 301 294 288 290 300 314 314 306 306 305 299 295 295 299
319 319 319 319 320 321 321 321 321 321 322 323 323 322 322 323 323 323 324 324 324 324 325 325 326 328 331 334 331 324 322 320 317 315 313 317 331 329 319 319 319 318 318 317 316 316 318 320 321 317 315 318 320 316 313 315 318 316 313 309 307 308 313 319 317 304 294 294 298 303 304 306 310 316 322 315 318 328 318 307 310 310 301 295 292 298 314 319 311 307 306 301 296 295 297
318 318 318 319 320 320 320 320 321 321 322 322 323 322 322 323 323 323 323 323 323 324 324 325 325 327 329 329 325 319 317 317 317 316 315 322 338 332 325 323 321 319 319 320 320 319 320 322 324 320 317 320 325 324 321 322 325 324 321 317 315 314 314 317 318 306 294 292 296 303 308 311 313 319 322 313 319 335 327 312 314 315 306 298 293 295 308 319 316 309 307 301 295 293 293
318 318 318 319 319 320 320 320 320 321 322 322 322 322 322 323 323 323 323 323 323 324 324 324 324 326 326 325 322 318 315 315 316 315 317 328 334 330 327 326 325 323 321 323 323 321 322 325 326 322 317 319 325 326 323 324 327 326 320 315 314 313 308 308 314 308 296 294 300 306 309 309 308 317 317 312 322 341 334 317 315 317 310 302 295 296 306 317 317 311 309 299 292 288 290
317 317 318 318 319 319 320 320 320 321 321 321 322 322 322 322 323 323 323 323 323 323 323 323 323 324 324 323 322 319 315 315 316 317 323 332 332 328 326 327 328 326 327 327 326 325 327 329 330 326 319 318 323 324 319 317 320 320 313 306 304 307 306 306 311 309 300 300 306 310 311 307 307 318 316 313 326 346 339 322 315 315 309 304 302 304 311 317 315 311 307 297 286 284 290
