windninja/windninja_output/Output_2025-08-24_1800-1850_Google earth_Fire_150m_10min/merlingen_7.5mi_point_08-24-2025_1850_150m_vel.asc
ncols	158
nrows	163
xllcorner	391686.332397
yllcorner	5160024.123721
cellsize	150.000000
NODATA_value	-32768.000000
[rows 76 to 113 of 163, columns 0 to 83 of 158]
2.02 2.08 2.22 2.24 2.38 2.62 2.65 2.60 2.59 2.55 2.52 2.49 2.45 2.48 2.50 2.49 2.48 2.52 2.54 2.52 2.51 2.52 2.53 2.54 2.46 2.32 2.37 2.59 2.72 2.76 2.76 2.72 2.68 2.65 2.65 2.67 2.75 2.85 2.88 2.85 2.83 2.83 2.85 2.87 2.89 2.92 2.95 2.98 3.01 3.04 3.07 3.09 3.11 3.13 3.14 3.15 3.16 3.16 3.17 3.17 3.18 3.17 3.17 3.17 3.17 3.16 3.16 3.14 3.12 3.08 3.02 2.98 2.95 2.90 2.89 2.93 2.78 2.54 2.73 3.84 5.13 4.95 3.38 1.46
1.61 1.62 1.88 2.12 2.43 2.67 2.66 2.66 2.73 2.73 2.71 2.63 2.58 2.61 2.60 2.56 2.56 2.59 2.59 2.55 2.54 2.57 2.62 2.61 2.42 2.25 2.41 2.67 2.72 2.67 2.62 2.58 2.57 2.66 2.81 2.84 2.86 2.90 2.89 2.87 2.84 2.83 2.85 2.87 2.90 2.93 2.96 2.99 3.02 3.06 3.09 3.12 3.14 3.15 3.16 3.17 3.18 3.19 3.19 3.19 3.20 3.20 3.20 3.20 3.20 3.20 3.19 3.18 3.16 3.14 3.10 3.06 3.03 2.99 2.97 2.95 2.79 2.64 2.96 3.98 4.48 3.24 1.63 0.94
1.29 0.91 1.37 2.18 2.61 2.76 2.82 2.94 3.10 3.09 2.93 2.75 2.70 2.71 2.68 2.65 2.65 2.67 2.63 2.59 2.59 2.63 2.69 2.61 2.34 2.27 2.56 2.75 2.74 2.63 2.57 2.66 2.78 2.91 3.03 3.01 2.94 2.89 2.89 2.88 2.82 2.80 2.84 2.86 2.89 2.92 2.96 3.00 3.04 3.08 3.12 3.15 3.17 3.18 3.19 3.20 3.20 3.21 3.22 3.22 3.23 3.23 3.23 3.23 3.23 3.23 3.22 3.22 3.21 3.19 3.15 3.11 3.08 3.06 3.02 2.97 2.85 2.79 3.06 3.66 3.46 1.81 0.74 0.63
1.69 0.92 0.90 2.28 3.33 3.60 3.45 3.45 3.64 3.45 3.05 2.84 2.81 2.81 2.79 2.75 2.74 2.71 2.63 2.59 2.62 2.68 2.71 2.57 2.33 2.41 2.73 2.88 2.84 2.70 2.69 2.86 2.95 2.99 3.07 3.06 2.94 2.84 2.87 2.89 2.77 2.73 2.78 2.82 2.84 2.88 2.93 2.98 3.05 3.11 3.16 3.19 3.21 3.21 3.22 3.22 3.23 3.23 3.23 3.24 3.25 3.25 3.26 3.26 3.26 3.26 3.26 3.26 3.25 3.23 3.19 3.15 3.13 3.12 3.07 3.02 2.95 2.94 3.08 3.20 2.49 1.21 0.87 1.12
2.33 1.64 1.53 2.88 4.73 5.91 5.10 4.39 4.20 3.66 3.10 2.89 2.88 2.87 2.84 2.79 2.76 2.70 2.61 2.61 2.66 2.71 2.72 2.59 2.43 2.56 2.86 2.95 2.87 2.79 2.85 3.02 3.08 3.10 3.16 3.11 2.90 2.81 2.90 2.91 2.72 2.63 2.70 2.74 2.76 2.83 2.87 2.93 3.05 3.17 3.23 3.25 3.25 3.25 3.25 3.25 3.25 3.26 3.26 3.27 3.27 3.28 3.28 3.29 3.29 3.30 3.30 3.30 3.29 3.27 3.24 3.21 3.20 3.18 3.14 3.10 3.06 3.00 2.99 2.81 2.10 1.58 1.64 1.69
2.56 1.49 2.19 4.19 6.30 6.38 5.40 4.89 4.40 3.70 3.13 2.90 2.86 2.84 2.82 2.76 2.70 2.65 2.62 2.64 2.70 2.75 2.77 2.67 2.52 2.61 2.89 2.95 2.90 2.91 3.01 3.16 3.20 3.19 3.17 3.05 2.87 2.86 2.93 2.91 2.73 2.59 2.61 2.62 2.65 2.72 2.72 2.79 3.04 3.26 3.32 3.34 3.33 3.30 3.27 3.27 3.27 3.27 3.28 3.29 3.30 3.31 3.31 3.32 3.33 3.33 3.34 3.33 3.32 3.30 3.29 3.26 3.26 3.24 3.21 3.18 3.13 3.06 3.00 2.78 2.39 2.18 2.02 1.81
2.14 1.37 3.60 6.26 6.84 4.87 3.85 3.94 3.74 3.30 2.89 2.70 2.73 2.76 2.76 2.68 2.60 2.61 2.63 2.64 2.73 2.79 2.83 2.73 2.56 2.69 2.97 3.02 3.00 3.01 3.03 3.06 3.01 2.95 2.93 2.89 2.88 2.89 2.93 2.92 2.77 2.66 2.68 2.76 2.83 2.91 2.93 3.04 3.39 3.59 3.55 3.47 3.38 3.33 3.31 3.28 3.28 3.29 3.30 3.31 3.32 3.33 3.34 3.35 3.36 3.37 3.37 3.37 3.36 3.34 3.34 3.32 3.31 3.30 3.28 3.25 3.20 3.13 3.06 2.90 2.64 2.35 2.12 2.16
3.70 4.53 5.99 6.43 5.26 3.46 2.84 2.72 2.57 2.36 2.22 2.34 2.51 2.57 2.60 2.53 2.51 2.59 2.62 2.67 2.78 2.84 2.87 2.79 2.70 2.90 3.13 3.13 3.04 3.00 2.97 2.91 2.82 2.77 2.74 2.76 2.80 2.84 2.92 2.87 2.76 2.78 2.96 3.19 3.37 3.53 3.64 3.83 4.07 4.10 3.89 3.66 3.53 3.42 3.31 3.27 3.29 3.31 3.33 3.34 3.35 3.36 3.37 3.38 3.39 3.40 3.40 3.40 3.39 3.39 3.38 3.37 3.36 3.36 3.35 3.32 3.28 3.21 3.13 2.97 2.68 2.46 2.43 3.05
5.29 5.32 5.09 4.09 3.12 2.57 2.03 1.60 1.46 1.56 1.86 2.17 2.29 2.39 2.47 2.44 2.47 2.58 2.67 2.74 2.85 2.89 2.90 2.93 2.97 3.08 3.17 3.10 2.99 3.01 2.98 2.88 2.76 2.67 2.66 2.73 2.81 2.87 2.86 2.80 2.80 2.91 3.08 3.24 3.38 3.50 3.63 3.84 3.98 3.88 3.68 3.59 3.51 3.33 3.22 3.24 3.28 3.32 3.34 3.36 3.38 3.39 3.41 3.41 3.42 3.42 3.43 3.43 3.43 3.43 3.42 3.42 3.41 3.41 3.41 3.40 3.36 3.31 3.25 3.11 2.93 2.91 3.09 3.99
6.17 4.78 3.11 2.61 2.22 1.75 1.13 0.93 1.18 1.58 1.98 2.13 2.18 2.32 2.43 2.46 2.45 2.59 2.71 2.77 2.87 2.89 2.97 3.13 3.18 3.07 3.00 2.95 2.96 3.03 2.94 2.83 2.73 2.65 2.72 2.84 2.89 2.90 2.89 2.91 2.96 3.00 3.05 3.10 3.16 3.24 3.39 3.58 3.62 3.47 3.30 3.20 3.09 3.03 3.09 3.19 3.28 3.33 3.36 3.39 3.41 3.43 3.44 3.44 3.45 3.45 3.46 3.46 3.47 3.47 3.46 3.46 3.46 3.47 3.47 3.46 3.44 3.42 3.39 3.35 3.35 3.55 3.99 5.08
6.38 4.66 2.77 2.38 1.96 1.46 0.98 1.12 1.64 2.03 2.15 2.07 2.14 2.28 2.40 2.40 2.36 2.53 2.66 2.75 2.82 2.84 3.04 3.36 3.38 3.11 2.97 3.00 3.06 3.00 2.84 2.81 2.81 2.83 3.01 3.09 3.01 2.99 3.04 3.09 3.09 3.05 3.03 3.05 3.10 3.22 3.40 3.53 3.52 3.37 3.15 2.99 2.94 2.95 3.03 3.17 3.28 3.34 3.39 3.43 3.46 3.47 3.47 3.47 3.47 3.48 3.48 3.49 3.50 3.50 3.50 3.51 3.52 3.52 3.53 3.53 3.54 3.55 3.59 3.64 3.79 4.20 4.96 6.29
5.50 4.07 2.75 2.40 1.95 1.61 1.47 1.81 2.29 2.38 2.07 1.97 2.18 2.22 2.29 2.30 2.23 2.43 2.66 2.84 2.88 2.94 3.46 4.09 3.97 3.42 3.15 3.16 3.11 2.94 2.81 2.83 2.87 2.93 3.07 3.12 3.07 3.13 3.22 3.26 3.22 3.12 3.02 3.01 3.08 3.21 3.40 3.49 3.46 3.28 3.06 2.98 2.95 2.95 3.02 3.15 3.27 3.37 3.45 3.49 3.52 3.52 3.51 3.50 3.50 3.50 3.51 3.52 3.52 3.53 3.54 3.55 3.56 3.57 3.59 3.61 3.64 3.70 3.77 3.87 4.09 4.57 5.36 6.54
4.16 3.69 3.06 2.77 2.39 2.21 2.30 2.41 2.39 2.20 1.98 2.16 2.37 2.26 2.29 2.22 2.11 2.42 2.82 3.18 3.29 3.65 4.93 5.51 4.61 3.52 3.14 3.08 2.96 2.85 2.82 2.84 2.87 2.88 2.92 2.97 2.99 3.04 3.16 3.25 3.26 3.17 3.06 3.05 3.11 3.24 3.41 3.47 3.42 3.29 3.15 3.05 2.97 3.02 3.13 3.19 3.29 3.43 3.51 3.58 3.61 3.57 3.54 3.52 3.52 3.52 3.53 3.54 3.55 3.56 3.57 3.59 3.60 3.62 3.65 3.69 3.74 3.80 3.88 3.99 4.21 4.57 5.14 6.14
3.79 3.91 3.70 3.13 2.74 2.57 2.54 2.42 2.12 2.11 2.47 2.65 2.52 2.29 2.13 1.94 2.05 2.56 3.24 3.91 4.40 5.62 6.58 5.77 3.96 3.04 2.84 2.84 2.80 2.78 2.80 2.84 2.88 2.86 2.89 2.97 2.94 2.88 2.94 3.07 3.13 3.09 3.05 3.04 3.11 3.24 3.34 3.43 3.45 3.39 3.31 3.23 3.24 3.32 3.32 3.28 3.29 3.39 3.64 3.82 3.76 3.62 3.55 3.53 3.52 3.53 3.54 3.55 3.57 3.59 3.60 3.62 3.64 3.66 3.70 3.75 3.81 3.87 3.95 4.08 4.28 4.53 4.85 5.44
4.15 4.00 3.45 2.83 2.66 2.58 2.49 2.36 2.22 2.60 3.18 3.01 2.50 2.18 1.91 1.81 2.18 2.82 3.86 5.24 6.64 7.43 6.55 4.40 2.97 2.52 2.54 2.64 2.67 2.69 2.75 2.82 2.85 2.85 2.91 3.01 2.94 2.88 2.93 3.06 3.14 3.08 2.98 2.95 3.04 3.12 3.22 3.40 3.49 3.48 3.46 3.48 3.55 3.55 3.36 3.18 3.16 3.47 4.13 4.28 3.90 3.62 3.54 3.51 3.52 3.53 3.55 3.57 3.59 3.61 3.63 3.64 3.67 3.70 3.75 3.80 3.85 3.92 4.01 4.15 4.33 4.50 4.68 5.06
4.30 3.85 3.25 3.11 3.24 3.12 2.96 2.92 2.90 3.27 3.61 3.14 2.53 2.27 2.20 2.28 2.57 3.05 4.31 6.76 8.10 7.25 4.70 3.09 2.35 2.14 2.25 2.41 2.50 2.59 2.69 2.76 2.81 2.84 2.94 3.04 3.00 3.00 3.06 3.11 3.16 3.08 3.00 2.98 3.00 3.03 3.13 3.33 3.49 3.60 3.65 3.68 3.70 3.60 3.30 3.16 3.52 4.26 4.82 4.55 3.85 3.53 3.47 3.48 3.51 3.53 3.56 3.59 3.61 3.63 3.64 3.67 3.70 3.74 3.78 3.82 3.88 3.96 4.06 4.19 4.33 4.48 4.70 5.08
4.54 4.24 4.05 4.26 4.49 4.61 4.87 5.05 4.77 4.45 4.09 3.41 2.78 2.56 2.51 2.73 3.17 3.86 5.79 7.98 7.69 4.73 2.79 2.01 1.71 1.70 1.95 2.19 2.36 2.51 2.61 2.72 2.84 2.92 3.02 3.08 3.07 3.08 3.10 3.08 3.02 2.98 3.01 3.03 2.98 2.93 2.98 3.17 3.44 3.69 3.79 3.85 3.82 3.61 3.36 3.59 4.37 4.84 4.73 4.10 3.51 3.33 3.37 3.44 3.48 3.53 3.57 3.60 3.62 3.64 3.66 3.69 3.73 3.76 3.80 3.85 3.91 3.99 4.08 4.19 4.32 4.47 4.71 4.99
5.12 4.92 4.82 5.04 5.49 5.92 6.25 6.41 6.15 5.58 5.26 5.01 4.71 4.74 4.62 4.66 5.35 6.49 7.80 7.62 5.40 2.42 1.58 1.29 1.26 1.43 1.80 2.10 2.28 2.42 2.51 2.70 2.93 3.05 3.07 3.07 3.07 3.09 3.12 3.07 2.91 2.85 2.98 3.05 2.92 2.82 2.88 3.10 3.47 3.78 4.09 4.28 3.99 3.61 3.47 3.81 4.35 4.31 3.90 3.50 3.20 3.12 3.23 3.37 3.45 3.52 3.58 3.60 3.62 3.64 3.67 3.71 3.75 3.78 3.82 3.87 3.93 4.00 4.09 4.18 4.29 4.44 4.61 4.81
5.89 5.49 5.07 5.24 5.72 5.77 5.44 5.15 5.03 5.41 5.71 5.88 6.08 6.21 6.25 6.26 6.55 7.04 6.91 4.70 2.35 1.28 0.86 0.82 0.96 1.35 1.79 2.04 2.18 2.25 2.39 2.77 3.17 3.22 3.08 3.04 3.09 3.14 3.18 3.12 2.95 2.86 3.03 3.15 2.97 2.90 3.00 3.23 3.65 4.07 4.75 4.91 4.02 3.52 3.51 3.68 3.91 3.82 3.55 3.36 3.19 3.04 3.12 3.32 3.45 3.53 3.57 3.59 3.62 3.66 3.70 3.73 3.76 3.78 3.82 3.88 3.94 4.00 4.08 4.17 4.27 4.38 4.51 4.67
6.55 5.87 5.15 5.31 5.53 5.01 4.12 3.51 3.53 4.21 4.57 4.31 3.92 3.20 3.41 3.89 4.35 4.32 4.40 2.50 0.83 0.30 0.13 0.36 0.83 1.39 1.76 1.96 2.08 2.19 2.57 3.19 3.50 3.29 3.00 3.00 3.13 3.21 3.23 3.19 3.06 2.98 3.14 3.30 3.28 3.33 3.48 3.75 4.23 4.92 5.48 4.95 3.69 3.30 3.45 3.60 3.74 3.74 3.55 3.40 3.28 3.09 3.13 3.35 3.46 3.53 3.56 3.59 3.64 3.69 3.72 3.73 3.75 3.78 3.83 3.88 3.94 4.00 4.07 4.14 4.23 4.32 4.42 4.53
7.04 6.41 5.62 5.44 5.17 4.24 3.36 2.82 2.67 2.73 2.74 2.55 1.81 1.47 1.66 2.26 2.59 3.33 3.39 1.43 0.96 1.12 0.90 0.77 1.14 1.55 1.79 1.95 2.12 2.45 3.09 3.48 3.42 3.10 2.88 2.98 3.18 3.26 3.28 3.25 3.17 3.09 3.18 3.41 3.64 3.81 4.11 4.59 5.15 5.46 5.05 4.01 3.21 3.07 3.34 3.56 3.61 3.59 3.45 3.38 3.30 3.14 3.21 3.38 3.47 3.53 3.57 3.62 3.68 3.70 3.71 3.71 3.74 3.78 3.83 3.89 3.94 3.99 4.05 4.12 4.19 4.26 4.34 4.41
7.85 7.15 5.98 5.07 4.28 3.49 2.85 2.42 2.23 2.08 1.99 1.58 1.07 1.18 1.56 2.12 2.62 3.15 2.89 1.87 1.76 1.63 1.62 1.67 1.75 1.84 1.89 2.00 2.26 2.68 3.11 3.17 3.05 2.92 2.84 2.98 3.20 3.34 3.37 3.35 3.32 3.22 3.20 3.48 3.79 3.93 4.25 4.72 4.93 4.54 3.71 3.26 3.07 3.00 3.25 3.45 3.47 3.44 3.37 3.34 3.24 3.18 3.29 3.43 3.51 3.55 3.59 3.65 3.69 3.68 3.68 3.70 3.74 3.79 3.84 3.88 3.93 3.98 4.03 4.09 4.14 4.21 4.26 4.32
8.82 7.65 5.63 4.27 3.55 3.19 2.66 2.28 2.10 1.86 1.65 1.39 1.05 1.03 1.52 2.15 2.67 2.67 2.15 2.11 1.98 1.74 2.32 2.78 2.53 2.02 1.84 1.98 2.27 2.60 2.88 2.95 2.97 2.97 2.92 3.03 3.28 3.48 3.52 3.49 3.47 3.35 3.28 3.47 3.67 3.77 4.05 4.35 4.20 3.73 3.31 3.21 3.15 3.09 3.23 3.40 3.48 3.46 3.39 3.31 3.19 3.20 3.36 3.49 3.54 3.58 3.63 3.66 3.66 3.65 3.66 3.69 3.74 3.79 3.83 3.88 3.92 3.97 4.01 4.06 4.11 4.16 4.20 4.24
9.22 7.42 5.03 3.93 3.34 2.97 2.50 2.31 2.16 1.86 1.67 1.46 1.16 1.13 1.53 2.13 2.48 2.30 2.07 2.03 1.90 2.52 3.73 3.60 2.35 1.49 1.54 1.87 2.15 2.48 2.79 2.93 3.04 3.10 3.11 3.25 3.51 3.69 3.71 3.65 3.58 3.50 3.43 3.46 3.63 3.89 4.11 4.17 3.96 3.64 3.49 3.39 3.29 3.29 3.36 3.48 3.52 3.51 3.43 3.31 3.23 3.29 3.47 3.55 3.59 3.63 3.65 3.66 3.62 3.63 3.65 3.69 3.73 3.78 3.82 3.87 3.91 3.96 4.00 4.05 4.08 4.12 4.16 4.18
7.99 6.56 4.72 3.90 3.23 2.78 2.46 2.29 2.18 1.96 1.85 1.65 1.41 1.43 1.67 2.14 2.41 1.97 1.64 1.64 2.40 3.94 4.13 2.31 0.87 0.91 1.42 1.80 2.07 2.41 2.77 3.01 3.16 3.30 3.40 3.54 3.70 3.83 3.95 3.88 3.73 3.68 3.58 3.52 3.72 3.98 4.06 4.02 3.88 3.71 3.66 3.56 3.44 3.50 3.57 3.58 3.48 3.54 3.55 3.39 3.33 3.41 3.54 3.66 3.73 3.71 3.71 3.66 3.58 3.59 3.63 3.67 3.72 3.77 3.82 3.86 3.91 3.95 3.99 4.02 4.06 4.09 4.11 4.13
6.41 5.52 4.42 3.74 3.01 2.63 2.48 2.31 2.10 1.95 1.86 1.67 1.46 1.51 1.70 1.99 2.18 1.82 1.38 2.30 3.88 4.28 2.88 1.61 1.26 1.24 1.57 1.86 2.06 2.39 2.84 3.21 3.42 3.61 3.71 3.73 3.79 3.97 4.23 4.15 3.88 3.78 3.69 3.61 3.68 3.80 3.92 3.95 3.86 3.81 3.78 3.65 3.55 3.57 3.65 3.58 3.49 3.67 3.67 3.44 3.36 3.42 3.57 3.78 3.88 3.82 3.76 3.61 3.46 3.49 3.58 3.66 3.72 3.77 3.81 3.85 3.90 3.95 3.98 4.02 4.05 4.07 4.08 4.09
5.19 4.66 3.90 3.35 2.81 2.49 2.39 2.28 2.07 1.89 1.79 1.63 1.36 1.26 1.46 1.96 2.36 2.29 2.24 3.27 4.07 2.86 1.93 1.82 1.64 1.62 1.78 1.99 2.17 2.51 3.04 3.50 3.76 3.94 3.99 3.93 3.98 4.26 4.50 4.34 3.96 3.79 3.78 3.73 3.73 3.90 4.11 4.12 3.99 3.88 3.76 3.69 3.65 3.63 3.72 3.65 3.66 3.76 3.67 3.57 3.50 3.53 3.68 3.84 3.94 3.85 3.67 3.44 3.25 3.32 3.56 3.72 3.74 3.74 3.79 3.84 3.90 3.95 3.99 4.02 4.04 4.05 4.06 4.06
4.27 3.92 3.34 2.94 2.62 2.36 2.25 2.17 2.06 1.88 1.75 1.65 1.38 1.31 1.66 2.17 2.63 2.57 2.59 3.26 3.12 2.25 2.07 1.99 1.87 1.89 2.06 2.17 2.34 2.80 3.31 3.72 4.05 4.23 4.28 4.27 4.31 4.50 4.60 4.42 4.04 3.85 3.88 3.88 3.90 4.02 4.15 4.10 3.90 3.76 3.70 3.76 3.79 3.80 3.89 3.84 3.77 3.73 3.72 3.77 3.75 3.71 3.72 3.83 3.96 3.83 3.53 3.27 3.09 3.21 3.62 3.82 3.71 3.67 3.74 3.82 3.91 3.96 4.00 4.01 4.04 4.05 4.05 4.04
3.56 3.30 2.85 2.60 2.41 2.25 2.14 2.03 2.01 1.95 1.80 1.74 1.61 1.65 1.87 2.16 2.58 2.55 2.41 2.57 2.53 2.39 2.26 2.13 2.00 2.09 2.37 2.49 2.64 3.17 3.54 3.84 4.30 4.51 4.56 4.66 4.67 4.65 4.66 4.56 4.27 4.05 4.02 4.06 4.03 3.98 4.00 3.95 3.74 3.68 3.78 3.88 3.92 3.92 3.93 3.86 3.78 3.75 3.80 3.85 3.76 3.62 3.60 3.83 3.93 3.76 3.48 3.21 3.06 3.23 3.63 3.76 3.61 3.53 3.61 3.81 3.96 4.01 4.01 4.03 4.06 4.06 4.05 4.02
2.95 2.72 2.37 2.24 2.20 2.12 2.03 1.89 1.93 2.04 1.93 1.87 1.89 1.87 1.93 2.11 2.38 2.43 2.28 2.31 2.28 2.28 2.33 2.18 2.07 2.24 2.62 2.80 3.01 3.53 3.78 4.12 4.51 4.66 4.83 5.16 5.23 5.02 4.96 4.86 4.61 4.28 4.18 4.25 4.14 4.03 4.03 3.96 3.83 3.87 4.02 4.08 4.04 3.99 3.92 3.84 3.77 3.75 3.81 3.83 3.69 3.53 3.59 3.79 3.79 3.68 3.50 3.21 3.05 3.24 3.50 3.57 3.58 3.48 3.60 3.97 4.12 4.01 3.94 4.06 4.14 4.12 4.05 3.99
2.42 2.24 1.99 1.93 1.99 1.96 1.87 1.77 1.88 2.14 2.11 2.05 2.07 1.96 1.95 2.01 2.13 2.19 2.03 1.99 2.10 2.30 2.24 2.08 2.18 2.39 2.72 3.01 3.47 3.94 4.26 4.58 4.52 4.55 5.25 6.04 6.04 5.53 5.23 5.05 4.76 4.42 4.41 4.44 4.26 4.16 4.08 3.99 3.97 4.04 4.20 4.21 4.08 4.02 3.98 3.87 3.75 3.72 3.76 3.76 3.64 3.59 3.69 3.78 3.74 3.66 3.51 3.18 2.99 3.14 3.33 3.44 3.62 3.71 3.90 4.22 4.22 3.93 3.92 4.25 4.39 4.21 4.03 3.96
2.14 1.96 1.74 1.70 1.80 1.84 1.84 1.86 2.01 2.40 2.53 2.39 2.13 1.87 1.85 1.83 1.90 1.92 1.75 1.71 1.99 2.41 2.19 1.88 2.14 2.50 2.71 3.06 3.89 4.54 4.80 4.75 4.11 4.38 6.11 7.13 6.62 5.58 5.22 5.18 4.85 4.62 4.70 4.64 4.48 4.38 4.23 4.17 4.13 4.08 4.13 4.11 3.99 3.97 3.96 3.86 3.75 3.73 3.73 3.68 3.64 3.70 3.76 3.79 3.77 3.61 3.44 3.19 2.96 2.99 3.22 3.45 3.70 3.91 4.06 4.24 4.22 4.06 4.16 4.49 4.56 4.23 3.98 3.91
2.06 1.85 1.63 1.69 1.89 2.10 2.40 2.50 2.66 2.71 2.52 2.14 1.71 1.59 1.75 1.79 1.80 1.66 1.47 1.55 2.01 2.55 2.31 1.78 1.92 2.44 2.77 3.00 4.12 5.17 5.01 4.64 3.85 4.57 7.19 7.70 6.39 5.38 5.50 5.63 5.06 4.79 4.98 4.94 4.73 4.59 4.47 4.38 4.24 4.11 4.07 4.03 3.96 3.93 3.89 3.80 3.76 3.76 3.78 3.70 3.70 3.82 3.84 3.73 3.65 3.49 3.34 3.21 2.99 2.92 3.12 3.48 3.80 3.99 4.14 4.28 4.34 4.31 4.26 4.39 4.45 4.22 3.97 3.85
2.09 1.89 1.83 2.20 2.60 2.83 2.81 2.60 2.40 2.13 1.93 1.73 1.43 1.51 1.85 2.00 1.86 1.38 1.21 1.62 2.30 2.70 2.34 1.79 1.76 2.31 2.80 2.99 4.30 5.56 5.08 4.65 4.23 5.18 7.67 7.51 5.96 5.74 6.28 5.88 4.73 4.72 5.28 5.13 4.79 4.75 4.69 4.42 4.19 4.13 4.15 4.15 4.07 3.94 3.84 3.77 3.75 3.83 3.91 3.81 3.75 3.92 3.88 3.55 3.43 3.40 3.28 3.22 3.05 2.86 2.94 3.48 3.99 4.12 4.26 4.38 4.44 4.35 4.14 4.17 4.32 4.30 4.05 3.77
2.32 2.17 2.28 2.58 2.67 2.50 2.12 1.81 1.68 1.63 1.70 1.66 1.45 1.62 2.09 2.37 1.98 1.15 1.05 1.76 2.56 2.83 2.33 1.88 1.88 2.28 2.73 3.11 4.54 5.69 5.28 4.81 4.62 5.69 7.85 7.64 6.57 6.81 6.59 5.31 4.41 5.06 5.57 5.10 4.85 4.98 4.79 4.37 4.18 4.21 4.23 4.18 4.03 3.91 3.87 3.82 3.76 3.88 3.98 3.77 3.68 3.84 3.73 3.34 3.27 3.39 3.35 3.25 3.06 2.86 2.98 3.64 4.21 4.22 4.24 4.34 4.34 4.22 4.08 4.13 4.25 4.37 4.10 3.66
2.47 2.36 2.34 2.28 2.05 1.78 1.53 1.47 1.49 1.50 1.59 1.69 1.67 1.90 2.50 2.78 2.11 1.18 1.07 1.82 2.67 3.02 2.51 2.08 2.08 2.44 2.95 3.50 4.54 5.50 5.50 5.04 4.84 6.08 8.35 8.56 7.86 7.48 6.32 4.91 4.90 5.46 5.58 5.23 5.12 5.02 4.60 4.25 4.22 4.29 4.24 4.07 3.83 3.83 3.95 3.86 3.74 3.86 3.93 3.72 3.58 3.64 3.56 3.34 3.31 3.46 3.49 3.29 3.06 3.00 3.19 3.72 4.15 4.15 4.15 4.26 4.20 4.08 4.09 4.17 4.27 4.39 4.11 3.65
2.35 2.14 1.94 1.75 1.58 1.51 1.47 1.47 1.48 1.43 1.50 1.95 2.22 2.36 2.86 3.03 2.18 1.42 1.38 2.00 2.71 3.20 2.85 2.19 2.15 2.88 3.47 3.95 4.46 5.01 5.44 5.41 5.37 6.98 9.21 9.28 8.35 7.12 5.44 4.85 4.87 4.83 5.21 5.71 5.52 4.95 4.40 4.15 4.17 4.26 4.24 4.00 3.78 3.87 4.00 3.86 3.74 3.83 3.93 3.79 3.58 3.51 3.49 3.46 3.47 3.52 3.54 3.35 3.16 3.12 3.24 3.63 4.00 4.08 4.10 4.22 4.18 4.05 4.15 4.29 4.39 4.44 4.10 3.65
2.44 2.09 1.67 1.48 1.44 1.48 1.50 1.53 1.53 1.46 1.66 2.40 2.80 2.71 2.97 3.19 2.41 1.92 2.29 2.60 2.91 3.26 2.91 2.17 2.27 3.40 3.96 4.33 4.43 4.60 5.16 5.65 6.27 8.17 9.75 8.91 7.21 5.74 4.73 4.35 3.96 4.18 5.47 6.22 5.62 4.70 4.31 4.29 4.29 4.29 4.22 3.99 3.89 3.97 4.00 3.88 3.78 3.81 3.92 3.83 3.62 3.45 3.46 3.63 3.59 3.54 3.55 3.44 3.42 3.38 3.41 3.72 4.04 4.04 4.06 4.23 4.23 4.14 4.18 4.26 4.50 4.48 3.92 3.50
