windninja/windninja_output/Output_2025-08-24_1800-1850_Google earth_Fire_150m_10min/merlingen_7.5mi_point_08-24-2025_1850_150m_ang.asc
ncols	158
nrows	163
xllcorner	391686.332397
yllcorner	5160024.123721
cellsize	150.000000
NODATA_value	-32768.000000
[rows 42 to 83 of 163, columns 0 to 94 of 158]
329 330 331 333 334 335 335 337 338 338 339 339 339 339 339 339 339 339 338 337 337 337 337 336 335 335 334 333 332 329 327 327 329 333 340 345 346 341 338 336 335 335 337 336 333 334 335 335 335 330 321 319 325 327 322 318 319 319 314 307 309 316 316 316 317 316 314 314 317 321 323 318 318 324 320 319 335 352 349 335 324 320 314 310 310 313 318 320 316 313 309 301 292 291 299
326 327 328 330 331 332 334 335 336 337 337 338 338 338 338 338 338 338 337 337 336 336 336 335 335 334 333 332 331 329 327 328 331 334 338 342 340 336 335 334 332 332 331 328 329 333 334 332 329 324 318 316 323 328 323 318 317 316 313 308 310 313 314 314 315 316 319 320 324 333 334 327 326 328 324 327 343 358 354 336 324 320 315 311 310 312 315 312 309 309 307 304 297 294 300
324 325 325 327 328 330 332 333 334 335 336 336 336 337 337 337 337 337 336 336 336 336 335 335 334 334 333 332 331 330 328 329 331 334 336 336 332 329 329 330 331 329 325 324 328 334 334 330 326 323 320 320 326 330 326 320 318 317 315 313 314 314 315 315 314 314 317 320 327 337 336 331 330 330 328 334 352 5 355 335 323 319 315 310 306 306 306 303 301 303 304 303 298 295 297
323 323 323 324 326 327 329 331 332 333 334 334 335 336 336 336 336 336 335 335 335 335 335 334 333 333 332 331 331 330 330 329 330 333 334 332 328 326 326 329 330 326 322 322 332 337 333 327 323 322 321 322 325 330 326 320 318 317 316 317 318 318 319 319 315 314 314 317 325 331 329 327 326 327 329 338 360 8 352 333 324 318 311 303 297 299 301 300 297 297 300 302 299 296 295
322 322 322 323 324 325 326 328 330 331 332 333 334 334 334 335 335 334 334 334 334 334 334 333 332 332 331 331 330 330 329 329 329 331 332 330 328 326 327 328 327 323 320 324 335 334 329 324 321 321 321 323 327 328 325 320 319 318 317 319 321 321 320 319 316 314 314 315 322 325 321 320 319 320 327 341 2 2 342 326 318 311 302 295 294 300 302 301 297 295 298 301 299 296 294
321 321 320 322 322 322 323 325 327 329 330 331 332 333 333 333 333 333 333 333 333 333 332 332 331 331 331 330 330 329 329 328 328 329 329 329 327 326 326 325 324 322 322 329 336 330 323 319 319 322 324 326 331 328 328 325 321 319 318 320 322 319 316 315 313 310 312 315 320 323 319 317 316 317 326 342 358 350 330 316 308 302 297 298 302 304 304 303 299 297 298 299 299 298 295
319 320 320 321 321 320 320 322 324 326 328 329 330 331 331 331 332 332 332 332 332 332 331 331 330 330 330 330 329 329 328 328 328 327 328 328 326 325 325 324 322 320 322 330 332 326 320 318 320 325 330 333 330 326 327 325 320 319 319 323 323 316 311 308 307 307 310 315 319 320 318 316 315 317 325 340 347 337 323 311 305 303 304 306 309 310 308 307 305 303 299 296 296 297 297
318 319 319 320 319 318 319 320 322 324 326 327 328 329 330 330 330 330 331 331 331 331 330 330 330 329 329 329 329 328 328 328 327 327 328 328 326 325 325 324 321 320 322 327 327 321 317 318 322 330 339 337 330 329 329 325 320 318 319 322 322 315 307 303 304 307 311 315 317 318 317 316 316 319 326 335 337 332 323 314 309 308 309 311 312 312 312 312 309 305 299 292 290 293 295
317 318 319 320 319 318 319 320 321 322 324 326 327 328 328 329 329 329 329 330 330 329 329 329 329 329 329 329 328 328 327 327 327 326 327 326 326 325 325 324 323 322 323 326 323 317 315 318 324 334 339 330 327 329 329 324 319 317 318 320 318 311 302 300 303 308 311 314 316 316 315 314 316 320 326 329 331 329 322 315 311 310 311 313 313 313 313 311 306 301 296 289 285 285 287
317 318 319 319 318 319 321 321 321 321 323 324 325 326 327 327 328 328 328 328 329 329 329 328 328 328 328 328 327 327 326 326 326 326 325 325 324 323 323 324 323 321 322 324 321 316 316 323 331 339 336 328 325 326 324 319 316 315 317 317 314 307 300 299 303 309 313 316 317 316 314 314 318 322 324 325 326 326 320 314 310 308 307 310 312 312 310 306 301 297 293 285 278 277 283
317 317 319 317 315 317 320 320 321 322 323 323 324 325 325 326 326 327 327 327 327 327 327 327 327 327 327 327 326 326 326 325 325 325 325 324 323 323 323 324 323 320 320 322 321 317 319 332 339 339 335 332 329 326 320 314 312 313 315 315 313 308 300 299 304 312 316 319 318 317 317 319 322 324 322 322 323 322 317 312 309 306 304 306 307 307 306 303 299 294 289 283 277 278 288
317 317 318 318 316 317 320 320 319 321 322 322 322 323 324 324 325 325 326 326 326 326 326 326 326 326 326 326 325 325 325 325 324 324 324 323 323 323 322 323 323 320 320 322 321 320 325 336 337 334 333 331 328 323 316 311 312 316 316 314 313 308 301 300 306 315 320 324 322 320 321 324 327 325 322 321 322 319 313 310 309 306 306 307 306 305 305 304 300 293 289 286 285 287 296
318 317 318 318 317 318 320 320 319 319 320 320 320 322 322 323 324 324 325 325 325 325 325 325 325 325 325 325 325 324 324 324 324 323 323 323 322 322 322 322 321 319 318 319 320 321 327 334 331 330 331 328 324 319 312 309 315 321 321 317 315 309 302 302 309 319 327 331 328 325 327 329 328 323 321 321 323 319 313 313 314 310 309 310 310 307 307 305 301 296 293 293 297 298 297
317 316 316 316 313 313 316 317 318 318 318 319 319 319 321 321 322 323 323 324 324 324 324 324 324 324 324 324 324 323 323 323 323 322 322 322 322 321 321 321 319 316 315 317 319 322 326 329 328 329 332 327 323 317 309 310 320 325 322 319 316 312 306 304 311 322 331 335 331 328 331 332 326 323 322 323 324 319 316 318 318 314 311 311 311 310 310 310 307 300 296 297 302 304 298
315 314 314 314 312 309 311 314 315 316 318 319 317 317 319 320 320 321 322 322 323 323 323 323 323 323 323 323 323 323 322 322 322 322 321 321 321 321 320 320 318 316 316 318 320 322 324 325 325 329 331 324 321 316 308 311 324 327 323 319 316 312 307 305 310 322 330 333 330 329 334 330 326 325 325 326 325 320 318 320 319 315 312 311 310 309 310 312 311 305 299 302 310 313 305
314 314 314 315 315 313 312 313 314 315 318 321 319 317 318 318 319 320 320 321 321 322 322 322 322 322 322 322 322 322 322 321 321 321 321 321 320 320 320 319 319 318 318 318 319 320 321 321 323 327 329 321 318 313 307 312 327 327 323 319 315 311 306 303 308 320 330 333 333 334 332 328 326 327 326 329 326 321 321 322 321 317 313 310 307 303 302 305 309 309 309 314 319 317 309
314 314 314 314 315 316 315 315 315 314 317 322 321 318 316 316 317 318 319 320 320 320 320 321 322 322 321 321 321 321 321 321 320 320 320 320 320 319 319 319 319 318 318 318 318 317 318 318 319 324 327 322 316 312 307 314 326 324 319 316 314 310 306 304 307 319 330 337 342 336 330 327 326 326 327 328 325 322 322 324 323 318 314 310 305 302 301 304 310 314 314 315 317 315 306
313 313 313 313 313 313 314 314 314 312 314 318 319 318 317 316 316 317 318 319 319 320 319 320 320 321 320 320 320 320 320 320 320 320 319 319 319 319 319 318 318 318 318 318 318 317 317 318 319 322 326 323 315 310 308 314 323 319 315 313 312 310 307 304 307 317 330 343 345 333 327 327 326 325 327 327 323 321 322 322 322 318 314 312 309 307 308 312 316 315 311 310 310 308 298
313 313 313 312 312 312 311 311 311 311 313 317 319 319 319 319 316 316 316 317 318 319 319 320 320 320 319 319 319 319 319 319 319 319 319 319 318 318 318 318 318 318 318 318 318 318 318 318 319 322 325 321 313 308 308 314 318 314 311 311 310 309 306 304 307 315 329 346 341 328 325 326 324 324 326 326 322 321 322 321 320 316 313 312 310 310 313 316 315 312 309 306 305 301 290
314 313 313 312 312 311 311 310 311 312 315 317 318 318 320 320 319 317 316 316 317 317 318 319 319 318 318 318 318 318 318 318 318 318 318 318 318 318 318 317 317 317 317 317 317 317 318 318 319 321 323 320 312 307 307 312 312 310 308 308 307 307 306 305 308 314 330 347 335 325 325 325 323 323 325 324 321 322 324 323 322 317 313 310 309 310 313 315 312 309 308 306 300 292 281
314 313 312 311 311 311 311 311 311 312 314 316 317 317 319 320 320 319 317 316 316 316 317 317 318 317 317 317 318 318 318 318 318 318 317 317 317 317 317 317 317 317 317 317 317 317 317 317 318 319 321 321 313 308 309 311 308 306 306 306 307 308 308 308 310 315 333 342 330 325 325 324 322 323 324 323 323 324 326 326 324 321 316 313 313 311 311 312 310 307 306 300 289 279 269
316 314 310 309 310 310 311 311 312 312 312 314 315 316 317 318 319 319 319 318 316 316 316 317 317 317 316 317 317 317 317 317 317 317 317 317 317 317 317 316 316 316 316 316 316 316 316 317 317 318 320 320 315 312 315 314 308 305 306 308 311 312 310 308 305 309 325 330 326 325 325 323 321 323 325 326 327 327 330 331 328 326 323 319 319 314 311 310 307 303 298 290 279 266 248
320 315 310 308 308 308 308 308 309 311 311 312 315 317 317 317 318 319 320 319 318 316 315 316 316 316 315 316 316 316 316 316 316 316 316 316 316 316 316 316 316 316 316 316 316 316 316 316 316 316 317 318 315 313 317 317 309 306 307 309 312 313 307 298 296 305 319 324 324 325 325 322 320 323 327 329 329 331 335 336 334 332 327 322 319 312 309 307 303 297 290 282 268 247 228
323 318 312 310 309 308 308 307 306 307 308 310 314 317 317 316 316 317 319 319 319 318 316 315 315 315 314 315 316 316 316 316 316 316 316 316 316 315 315 315 315 315 315 315 315 315 315 315 315 315 315 315 314 312 315 317 311 307 307 308 310 313 308 304 308 316 322 324 325 325 324 321 319 323 328 330 330 333 339 340 337 333 328 325 318 309 305 302 298 292 284 269 244 224 208
325 320 314 311 309 309 311 311 309 309 309 311 313 316 316 316 315 316 317 318 320 321 319 316 316 315 314 315 315 315 315 315 315 315 315 315 315 315 315 315 315 315 315 315 315 315 314 314 314 314 314 314 313 311 312 313 310 305 303 303 310 321 318 315 316 319 322 324 324 323 323 320 319 323 328 330 331 335 342 343 338 334 330 325 316 307 302 298 291 283 270 243 220 201 192
323 321 319 317 313 312 315 316 312 310 311 312 314 316 316 315 315 315 316 317 319 322 321 319 318 315 313 312 312 313 314 314 314 314 314 314 314 314 314 314 314 314 314 314 314 314 314 314 314 313 313 312 312 311 310 309 306 302 298 298 311 322 318 315 315 318 321 323 323 322 322 319 318 322 327 330 332 338 344 341 335 329 323 318 310 299 293 287 280 269 246 214 195 187 189
317 319 322 325 323 321 325 325 318 312 312 314 315 317 318 317 315 315 316 315 316 318 319 320 320 318 314 310 310 310 312 313 313 314 314 314 314 314 314 314 314 314 314 314 314 313 313 313 313 313 312 312 311 310 309 307 305 301 298 298 307 315 314 312 312 315 319 322 323 322 321 318 316 320 326 329 333 338 341 334 327 320 311 306 300 289 280 277 270 248 215 188 182 186 194
308 309 314 320 322 323 330 333 326 321 322 325 325 324 324 323 319 316 315 315 315 315 316 317 320 321 314 310 309 310 310 312 312 313 313 313 313 313 313 313 313 313 313 313 313 313 313 312 312 312 312 311 311 310 309 308 306 304 302 301 304 309 309 308 308 311 315 318 321 322 322 318 315 320 327 328 332 336 336 327 319 311 300 296 294 286 278 272 255 219 189 178 181 192 207
304 303 302 302 304 308 319 326 322 320 324 329 330 329 329 328 325 320 317 316 315 314 313 313 318 321 314 311 311 311 310 311 311 312 313 313 313 313 313 313 313 313 313 313 312 312 312 312 312 311 311 311 310 310 309 308 307 306 305 304 305 306 304 302 302 304 308 311 314 319 321 317 315 322 328 329 330 332 331 323 313 303 297 295 292 286 276 260 229 193 179 179 189 204 237
305 304 301 298 295 294 299 307 308 306 310 316 318 321 323 324 324 322 320 319 316 314 312 312 318 322 317 313 314 314 312 311 311 311 312 312 312 313 313 313 313 312 312 312 312 312 312 311 311 311 311 310 310 309 309 308 308 307 307 306 306 306 304 303 302 302 302 303 306 312 316 314 313 321 327 328 327 329 328 321 311 302 301 298 290 282 270 241 200 183 182 190 210 243 274
307 305 303 301 298 296 297 300 299 294 293 297 301 305 309 313 315 316 318 320 319 317 315 315 320 323 317 313 314 314 314 313 311 311 311 311 312 312 312 312 312 312 312 312 312 311 311 311 311 311 310 310 310 309 309 308 308 308 307 307 307 307 306 306 305 304 303 302 303 307 309 308 307 315 322 323 322 325 328 323 314 309 305 299 289 276 253 212 191 188 194 214 238 264 295
309 307 305 303 301 299 299 299 297 294 295 298 302 305 306 308 310 311 312 316 318 318 318 318 321 322 318 313 312 313 314 314 312 312 312 312 312 312 312 312 312 312 312 311 311 311 311 310 310 310 310 310 309 309 309 309 308 308 308 308 308 307 307 307 307 306 306 306 306 306 305 302 301 309 317 318 319 322 328 327 319 313 306 297 285 265 219 195 200 210 230 270 288 307 318
310 307 304 302 300 298 298 298 296 297 299 301 303 306 308 309 310 310 310 312 313 314 315 316 319 321 318 314 311 310 312 313 313 313 314 314 313 312 312 312 312 312 311 311 311 310 310 310 310 310 309 309 309 309 309 309 308 308 308 308 308 308 308 307 308 307 308 308 308 307 306 305 306 312 317 319 321 324 331 330 321 313 303 293 276 234 197 201 220 238 277 307 324 318 316
312 308 302 300 297 295 295 296 296 298 299 301 303 305 307 309 310 310 311 311 311 311 311 312 315 318 317 314 312 310 311 312 312 311 312 313 313 312 312 312 312 311 311 311 310 310 310 310 309 309 309 309 309 309 309 309 309 308 308 308 308 308 308 308 308 308 308 309 308 308 309 310 312 315 318 319 321 328 334 329 318 308 297 282 251 195 196 216 238 259 285 315 321 310 308
319 310 299 296 293 291 292 293 295 297 299 302 303 305 306 308 309 310 310 311 311 311 311 311 313 316 314 312 312 311 310 309 308 306 307 309 310 311 312 312 312 311 311 310 310 309 309 309 309 309 309 309 309 309 309 309 308 308 308 308 308 308 308 308 308 309 309 309 309 310 311 312 313 316 318 318 321 329 333 323 310 300 286 260 198 189 210 223 242 273 300 323 316 306 302
334 316 292 286 287 289 289 290 293 297 301 303 305 305 306 308 309 309 310 310 311 311 311 312 314 315 312 310 310 310 308 306 306 305 306 309 310 310 311 312 312 311 310 310 309 309 308 308 308 308 308 308 308 308 308 308 309 308 308 308 308 308 308 308 309 309 309 309 310 310 311 313 314 315 318 318 321 327 328 315 303 292 273 230 202 218 245 261 289 312 323 323 315 306 301
6 335 279 275 282 286 288 291 296 301 305 306 306 306 307 308 309 309 310 310 310 310 310 312 315 315 311 309 310 311 310 308 308 309 308 310 311 311 310 310 312 311 310 309 308 308 308 307 307 307 308 308 308 308 308 308 308 308 308 308 308 308 308 309 309 309 309 310 310 311 312 313 314 315 317 319 322 326 324 312 299 290 268 253 279 304 315 322 322 321 320 318 313 305 303
41 34 274 278 282 290 296 299 302 308 311 310 309 308 308 309 309 309 310 310 309 309 309 311 316 316 311 310 312 313 313 311 310 309 308 309 311 311 309 309 311 311 309 308 307 306 306 306 306 306 307 307 308 308 308 308 308 308 308 308 308 308 309 309 309 309 309 310 310 311 312 313 314 315 316 319 322 325 323 313 303 304 313 318 324 326 329 324 319 315 312 310 307 305 305
47 33 325 300 301 312 318 316 314 317 318 315 312 310 309 309 309 309 310 309 309 308 308 311 316 315 311 311 312 314 315 313 312 311 310 309 311 312 310 309 311 310 307 305 305 304 303 303 303 304 306 307 308 308 308 308 308 308 308 308 308 308 308 309 309 309 309 310 310 311 312 313 314 315 316 318 321 324 323 318 319 328 331 331 330 328 323 318 315 310 307 305 303 303 304
53 26 311 306 310 320 336 335 330 328 326 321 314 311 309 309 308 308 309 309 308 308 308 311 315 314 310 309 311 313 315 314 313 313 311 310 311 312 311 310 312 312 307 303 301 299 298 297 296 299 303 306 308 308 308 308 308 308 308 308 308 308 308 309 309 309 309 309 310 311 311 313 313 315 316 318 321 324 325 326 333 337 337 337 335 327 318 314 312 309 306 304 301 301 303
50 355 310 311 315 327 343 345 341 336 332 324 316 311 309 308 307 306 307 307 307 307 307 310 315 313 310 310 311 312 312 311 310 308 307 307 309 311 310 311 313 314 312 309 307 305 304 303 302 303 305 307 308 309 309 309 308 308 308 308 308 308 308 308 309 309 309 309 310 311 311 312 313 314 316 317 320 323 326 330 337 342 343 343 337 322 314 312 310 308 306 304 301 302 304
326 327 323 321 322 327 336 343 342 338 332 322 315 310 306 306 305 303 304 305 305 306 306 309 314 314 312 311 312 311 310 310 308 306 304 302 303 306 308 309 312 314 315 315 315 315 316 315 314 313 314 313 311 311 310 309 308 308 308 308 308 308 308 308 309 309 309 309 310 310 311 312 313 314 315 317 319 323 326 331 340 347 348 343 329 316 310 308 307 306 303 302 301 301 302
