windninja/windninja_output/Output_2025-08-24_1800-1850_Google earth_Fire_150m_10min/merlingen_7.5mi_point_08-24-2025_1810_150m_ang.asc
ncols	158
nrows	163
xllcorner	391686.332397
yllcorner	5160024.123721
cellsize	150.000000
NODATA_value	-32768.000000
[rows 84 to 125 of 163, columns 0 to 94 of 158]
310 318 327 327 328 329 336 342 340 335 328 322 317 311 307 306 305 304 304 305 305 306 307 309 314 316 314 314 313 313 313 313 312 310 306 303 302 303 305 308 311 313 314 314 313 313 313 313 312 313 314 315 315 314 312 309 308 308 308 308 308 308 308 308 308 309 309 309 310 310 311 312 313 314 315 317 319 322 327 333 343 350 350 340 321 313 307 304 303 302 301 299 298 297 298
289 294 306 307 309 312 318 322 320 321 320 319 316 311 307 306 305 302 301 302 302 303 305 307 311 314 313 311 312 312 313 313 314 313 310 307 305 303 303 305 309 311 311 310 308 306 305 304 304 305 307 308 309 311 310 309 308 307 307 307 308 308 308 308 308 308 309 309 309 310 310 311 312 313 315 316 318 321 326 332 343 349 349 336 316 309 306 304 303 302 301 299 298 297 298
282 283 286 287 286 282 288 301 309 314 318 318 314 310 307 305 303 299 297 296 296 297 298 301 308 315 315 313 312 312 313 313 314 317 316 314 313 310 307 306 307 309 310 309 307 305 303 302 301 302 303 304 304 306 307 307 306 306 307 307 307 308 308 308 308 308 309 309 309 309 310 311 312 313 314 315 317 320 324 330 339 344 343 330 313 306 304 302 302 301 300 300 301 304 306
283 280 274 276 280 289 302 310 312 315 318 316 312 310 306 303 301 296 293 292 294 294 295 301 313 322 322 318 315 314 313 312 313 314 314 314 316 315 313 311 310 310 310 309 307 305 302 301 301 301 302 303 303 303 304 304 304 305 306 307 307 308 308 308 308 308 308 309 309 309 310 310 311 312 313 314 316 319 322 326 333 337 335 325 311 304 302 300 298 297 298 301 304 306 308
293 288 287 296 305 314 318 319 318 315 316 314 313 313 310 307 301 295 292 294 297 299 305 314 326 333 327 321 318 316 315 313 312 311 309 309 311 312 312 311 311 312 312 311 309 307 304 302 301 302 303 304 304 304 303 303 302 303 304 305 307 308 309 308 308 308 308 308 309 309 309 310 310 311 312 313 315 317 319 322 326 329 327 318 309 302 299 297 297 297 299 301 300 295 291
314 311 310 314 316 318 320 320 320 315 314 317 319 318 315 309 301 295 294 298 303 309 316 325 339 342 331 322 319 317 315 313 312 311 309 307 307 308 306 304 305 308 311 312 310 307 304 302 302 303 305 307 308 309 309 307 304 300 300 304 308 309 309 309 308 308 308 308 308 308 309 309 310 310 311 312 313 315 316 318 321 323 321 313 304 298 294 293 296 298 297 296 290 282 279
317 317 316 314 312 314 317 320 324 319 317 322 325 322 318 312 305 299 294 299 309 318 326 337 348 346 334 324 320 317 314 313 312 312 310 308 308 308 307 304 303 304 306 308 308 306 304 301 301 302 305 308 311 312 313 310 305 301 301 307 312 312 310 309 309 308 308 308 308 308 308 309 309 310 310 311 312 313 314 315 316 318 318 313 305 301 298 294 295 295 291 285 282 278 278
312 316 321 321 319 320 321 326 330 326 323 329 334 332 329 324 316 306 296 300 314 327 340 349 355 349 334 324 319 316 313 312 310 311 310 309 310 310 310 309 306 304 304 305 306 305 303 300 298 299 303 306 309 312 316 315 311 309 309 312 316 315 311 310 309 308 308 307 307 308 308 308 308 308 309 310 310 311 312 312 313 314 315 313 309 306 303 298 295 290 282 275 275 274 272
309 316 327 330 331 332 333 338 344 342 335 336 340 338 333 327 323 318 312 314 322 341 353 357 360 349 333 323 318 314 312 310 309 310 310 309 310 310 310 310 308 305 303 303 304 303 301 297 294 294 297 302 307 311 317 318 314 312 311 312 316 316 313 310 308 307 307 307 307 307 307 307 307 308 308 308 309 309 309 310 310 310 311 310 307 304 301 297 291 282 269 267 269 269 268
307 313 324 330 332 334 339 345 351 351 347 346 346 346 347 342 335 329 323 323 332 353 0 4 1 345 330 322 317 313 310 307 306 308 309 309 309 309 309 310 311 308 303 302 302 301 299 296 293 292 293 299 307 311 314 314 308 305 304 305 309 313 312 309 308 307 307 307 306 306 306 307 307 307 307 307 307 307 307 307 307 307 307 306 302 298 295 290 282 271 265 267 270 270 270
301 308 319 324 324 328 335 344 351 349 347 348 349 350 351 346 340 334 326 325 343 1 9 7 356 339 326 320 315 311 306 302 303 307 309 309 308 308 309 310 313 314 309 306 306 305 303 300 297 297 298 304 312 313 311 309 303 299 299 300 304 308 309 308 307 306 306 306 306 306 306 306 306 306 306 306 306 306 306 306 305 305 304 302 300 296 292 286 279 274 273 273 274 274 275
294 300 312 316 316 318 324 333 340 339 336 339 343 346 345 337 336 330 318 316 354 14 24 3 339 327 322 317 314 312 308 306 307 309 310 309 307 307 308 309 313 316 314 311 313 314 313 310 308 307 307 310 316 314 309 307 304 302 301 301 302 306 307 306 306 306 305 305 305 305 305 305 305 305 305 305 305 305 304 304 304 303 302 300 298 295 292 287 283 281 279 279 278 278 278
290 295 305 311 312 313 315 319 321 318 313 315 321 326 325 316 314 309 298 284 176 168 181 294 311 314 316 315 313 313 311 309 308 308 308 307 305 306 306 308 311 315 315 312 313 317 317 316 315 313 311 309 312 312 308 305 304 302 301 301 302 304 305 305 305 305 305 305 305 305 304 304 304 304 304 304 304 303 303 303 302 301 300 299 297 295 292 290 287 285 283 282 281 281 280
290 293 299 304 305 304 306 307 303 298 293 283 283 309 307 303 302 298 278 214 174 178 218 273 301 312 315 314 312 309 305 301 300 301 303 303 302 303 305 307 309 313 315 312 310 311 312 311 309 306 303 302 304 308 305 302 301 300 300 300 300 302 303 303 304 304 304 304 304 304 304 303 303 303 303 303 303 302 302 301 301 300 299 298 296 294 293 291 289 287 286 284 283 283 282
285 286 287 287 289 290 291 291 287 282 268 255 247 254 269 277 279 263 220 191 183 212 274 298 315 323 319 312 307 301 296 293 293 295 297 299 299 300 303 306 308 312 315 312 307 304 303 300 297 295 296 298 300 303 303 302 301 301 301 301 300 299 299 301 302 303 303 303 303 303 303 303 302 302 302 302 301 301 301 300 300 299 298 297 296 295 293 291 290 288 287 286 285 284 283
277 275 271 271 273 271 268 267 261 252 246 242 239 243 253 256 245 221 199 193 228 291 306 316 330 332 318 307 300 294 290 290 290 292 295 298 299 300 302 305 307 310 314 314 309 306 304 300 298 298 299 301 302 303 303 303 302 302 302 303 302 301 299 299 300 301 302 303 303 303 302 302 301 301 301 301 300 300 300 300 299 298 298 297 295 294 293 292 290 289 288 287 286 285 284
279 275 269 267 264 258 254 251 245 239 236 229 223 225 227 228 228 217 210 241 291 304 307 315 330 318 302 295 290 286 283 282 285 288 293 297 298 299 301 304 308 310 313 315 312 308 305 303 302 302 302 304 305 305 305 305 304 302 303 305 306 304 302 300 301 302 302 303 302 302 301 300 300 300 300 300 299 299 299 299 298 298 297 296 295 294 293 292 291 290 289 288 287 286 285
286 283 275 268 260 253 248 245 242 239 236 231 225 221 225 237 261 280 295 302 303 303 295 255 231 267 279 278 276 274 274 276 281 285 289 293 294 296 298 303 308 310 312 314 313 308 305 304 304 305 305 305 306 306 305 306 306 305 304 306 306 305 303 302 302 303 304 303 302 300 299 299 299 299 299 298 298 298 298 298 297 297 296 296 295 294 293 292 291 290 289 288 287 286 285
293 289 280 271 263 257 253 249 247 245 244 243 241 248 281 300 305 314 322 312 302 289 243 223 233 252 260 264 265 269 273 276 280 284 287 290 293 295 297 301 306 309 310 313 314 312 310 309 309 308 307 306 307 307 306 307 307 307 306 307 308 307 305 303 302 303 304 304 302 298 296 296 298 298 297 297 297 297 297 297 297 297 296 296 295 294 293 292 291 290 289 288 287 286 286
303 299 289 279 272 267 262 257 254 253 252 255 264 286 300 303 304 310 314 305 286 233 214 228 238 243 252 261 267 272 276 278 280 282 285 289 293 294 294 297 302 306 309 311 314 314 311 310 310 309 308 307 308 309 309 310 309 308 307 308 310 311 309 305 303 303 304 304 302 298 294 295 296 296 295 295 295 295 296 296 296 296 296 295 295 294 293 292 291 290 289 289 288 287 285
314 310 300 289 280 273 267 261 256 255 258 264 273 284 287 287 286 287 283 267 237 219 228 239 238 245 260 269 274 277 278 278 279 282 285 288 292 294 294 295 300 305 307 309 312 313 311 309 310 310 309 309 308 309 309 310 311 310 309 308 309 310 309 306 304 304 305 306 305 301 296 293 293 293 291 290 292 294 295 295 295 295 295 295 295 294 293 292 291 290 289 288 287 286 285
328 323 312 299 287 278 271 263 258 259 261 264 269 276 278 277 271 262 250 236 227 233 244 245 252 265 272 276 278 279 280 281 282 283 284 287 292 296 298 300 302 305 307 308 311 314 313 312 313 313 312 312 312 310 310 310 310 310 309 308 308 308 307 305 304 303 305 308 308 303 298 294 292 291 290 289 291 292 292 292 294 295 296 295 295 294 293 292 291 290 289 288 287 286 285
345 339 327 315 301 291 282 272 269 273 279 285 287 288 285 278 269 260 250 240 239 248 256 263 273 279 280 279 280 283 286 288 289 284 283 288 296 301 303 303 304 306 307 308 311 314 315 314 315 315 314 314 315 314 312 311 311 310 309 308 308 308 308 306 305 304 305 308 309 304 299 295 293 294 295 294 294 294 291 291 294 297 297 296 295 294 293 292 291 290 289 287 286 285 284
2 356 345 333 319 308 304 305 305 308 312 315 314 309 296 286 277 270 261 251 254 266 277 287 288 288 287 285 284 288 293 295 296 286 285 294 302 305 303 304 306 307 308 310 312 314 317 317 317 316 313 312 314 314 314 314 313 311 310 308 308 308 308 308 307 306 305 307 309 306 300 297 295 295 295 294 295 297 297 295 295 298 298 297 295 294 293 292 290 289 288 287 286 285 284
14 10 358 346 337 331 331 330 328 325 322 320 318 311 300 294 291 287 278 270 275 283 293 300 297 292 295 296 289 292 298 299 301 289 290 300 307 307 304 306 310 309 308 311 314 316 318 320 320 319 316 313 313 313 314 314 314 313 312 312 310 308 308 308 307 306 306 306 309 308 302 297 295 295 294 294 295 297 299 296 294 296 299 298 297 295 293 291 290 288 287 286 285 285 283
24 18 3 350 342 338 337 336 331 325 319 316 316 310 302 303 308 315 314 302 295 294 300 307 306 301 301 300 291 293 302 304 304 294 292 301 307 306 308 312 313 307 307 312 315 316 318 322 322 320 319 318 316 315 314 314 314 314 314 315 314 310 309 310 306 304 305 306 308 309 304 297 295 297 296 296 295 296 296 294 292 293 297 300 298 295 292 290 288 287 286 285 284 284 283
28 20 2 349 342 337 335 332 328 321 316 315 318 315 308 310 319 336 337 320 305 303 310 316 315 308 305 306 299 299 305 308 306 296 293 300 307 309 314 318 314 307 307 312 314 315 319 323 324 322 320 320 319 318 317 316 316 314 313 315 315 312 310 311 308 304 304 306 308 310 308 301 298 298 296 295 293 293 293 293 292 291 294 298 298 295 292 289 287 285 284 283 283 282 281
27 19 4 353 346 342 339 335 331 328 322 317 318 318 315 316 328 349 346 328 317 315 321 326 322 313 310 311 306 304 307 309 307 298 297 305 311 315 321 322 318 313 311 312 313 315 318 322 324 322 321 321 321 319 318 319 318 315 313 315 315 312 310 312 311 308 306 307 308 310 309 303 298 296 295 294 292 291 289 290 291 291 293 296 298 296 291 287 284 282 280 280 281 281 280
31 23 11 4 357 352 349 346 341 340 335 326 325 325 320 321 335 354 350 337 332 331 334 336 328 314 310 308 306 305 306 310 309 301 302 311 318 322 326 324 320 314 308 310 316 318 318 319 321 322 322 324 324 321 318 320 321 318 315 316 317 315 313 312 314 312 310 310 310 309 307 302 298 296 295 293 293 292 290 290 290 292 293 295 297 295 289 284 280 276 277 280 282 281 279
37 31 20 14 5 357 353 349 348 348 342 330 330 332 325 323 337 353 347 341 339 339 346 349 331 315 314 312 308 305 305 307 306 302 304 312 321 325 327 323 319 309 304 309 318 321 319 318 320 321 322 325 327 323 320 321 322 321 318 317 319 319 316 314 315 315 313 313 313 313 311 306 302 300 296 294 293 294 293 290 289 291 293 292 293 293 286 280 277 276 282 287 287 282 278
40 35 26 17 8 3 356 352 351 348 337 329 333 339 332 325 335 346 345 340 337 341 351 355 338 328 327 322 314 311 308 305 303 302 304 310 315 320 324 325 319 309 307 312 320 323 322 323 322 322 323 326 328 326 323 322 323 322 320 318 320 322 320 316 317 318 316 315 315 316 315 310 304 302 299 295 294 295 295 291 288 289 292 292 293 293 284 280 280 284 289 293 289 281 274
41 36 26 17 10 6 2 360 356 343 331 328 336 344 336 326 334 346 347 340 335 339 348 350 345 338 337 335 328 325 323 315 307 303 307 312 315 319 323 324 318 313 314 317 322 326 328 329 326 324 325 327 329 328 325 323 323 323 322 320 321 324 322 318 318 320 319 317 316 316 316 311 304 301 300 297 294 293 295 294 289 288 293 294 294 295 288 285 288 290 291 292 287 279 275
40 35 26 19 13 8 6 5 357 340 329 330 340 346 335 326 335 350 351 343 339 339 341 344 348 347 346 341 330 332 333 326 316 308 308 314 320 325 324 321 318 318 321 321 323 328 330 328 325 324 326 329 332 331 328 325 323 324 323 321 322 325 323 319 319 322 321 318 317 317 317 314 308 303 301 298 295 293 293 293 288 288 292 294 292 294 294 291 291 291 291 289 286 282 283
39 35 29 23 16 10 6 0 351 340 333 334 343 344 332 326 335 349 347 341 337 335 335 337 344 349 354 349 339 337 335 328 323 320 320 323 326 330 327 323 324 325 326 325 324 328 329 327 326 327 329 333 336 335 332 328 325 325 324 322 322 325 325 321 321 323 323 321 319 319 319 318 314 308 303 301 299 294 291 291 289 290 293 295 292 294 297 294 292 292 290 289 289 287 286
42 39 32 25 16 10 3 353 343 339 336 339 345 340 330 326 331 340 339 335 330 327 327 328 332 340 347 346 346 349 344 335 331 327 330 338 341 340 333 330 332 333 331 327 325 327 330 331 331 332 333 337 339 339 337 331 327 326 325 323 323 325 325 324 325 327 327 324 322 320 320 320 318 313 308 304 303 298 294 294 293 292 294 296 295 296 298 296 293 292 291 291 292 288 286
45 41 33 25 15 7 360 349 338 335 336 340 344 339 331 327 328 334 334 329 324 320 319 319 320 324 329 333 341 347 343 339 334 328 333 345 351 349 344 344 345 341 336 331 329 330 332 331 333 334 336 339 341 342 340 333 328 326 326 325 323 325 324 323 325 327 327 327 324 320 319 320 320 317 312 307 305 302 297 295 292 290 292 296 297 298 299 297 294 293 293 293 292 285 284
45 41 32 24 17 9 358 345 335 335 336 335 341 341 336 330 327 332 335 329 322 316 313 312 311 313 315 320 325 329 332 333 330 327 331 341 350 351 351 355 357 352 346 341 340 339 337 336 337 338 338 340 343 344 343 337 329 326 327 325 323 324 323 319 316 314 314 319 321 319 318 320 319 318 315 311 308 304 299 294 291 289 292 296 298 300 301 299 296 294 293 293 290 283 286
44 39 26 17 15 12 2 350 339 337 336 330 336 343 340 333 328 331 337 334 324 312 306 304 303 305 309 314 316 315 316 319 322 325 329 335 342 346 349 356 0 359 352 347 346 345 343 343 345 344 342 342 344 347 347 341 332 327 327 325 322 322 319 310 300 292 293 303 312 314 316 318 317 317 316 315 312 308 302 297 294 293 295 298 300 303 304 301 297 294 295 295 291 287 290
38 32 17 9 9 7 3 359 351 346 338 327 332 341 337 332 328 330 340 338 325 311 303 297 294 295 300 306 308 309 312 316 318 323 326 328 335 339 341 347 354 358 356 349 343 340 341 345 348 347 344 343 346 350 349 342 333 329 328 324 320 317 310 305 306 303 302 304 308 309 311 313 315 315 316 317 316 312 308 304 300 297 300 304 305 308 309 306 300 297 298 299 293 289 292
34 28 14 6 4 2 0 359 358 357 344 329 333 343 336 327 323 329 340 338 323 311 303 293 288 289 292 296 301 306 314 317 315 320 323 324 332 338 339 342 347 353 356 353 343 335 335 340 346 347 345 343 348 352 349 343 334 326 323 321 319 317 315 318 319 314 312 311 310 310 307 307 309 312 314 317 318 316 313 311 308 304 305 309 309 310 312 309 302 300 301 305 296 291 295
33 27 15 8 4 360 357 356 357 359 351 339 339 346 335 322 317 325 339 338 324 313 305 299 294 289 287 295 305 311 320 319 315 319 322 321 328 335 337 341 344 349 355 355 348 340 336 338 344 346 346 347 352 354 352 348 340 329 322 322 326 326 326 326 323 318 315 313 312 311 306 300 300 304 309 313 317 317 314 314 313 307 306 309 310 311 315 311 302 300 304 310 302 295 298
28 24 15 9 3 359 357 354 353 354 353 352 354 350 333 319 314 319 332 337 331 322 315 306 300 298 302 312 316 322 330 324 316 318 321 319 323 331 335 339 342 346 352 353 349 343 339 340 344 346 347 351 355 357 356 355 350 342 337 338 336 331 330 331 326 321 317 315 312 312 308 299 296 298 302 307 312 313 311 310 309 305 303 306 309 313 320 314 305 304 310 315 306 298 300
