windninja/windninja_output/Output_2025-08-24_1800-1850_Google earth_Fire_150m_10min/merlingen_7.5mi_point_08-24-2025_1820_150m_ang.asc
ncols	158
nrows	163
xllcorner	391686.332397
yllcorner	5160024.123721
cellsize	150.000000
NODATA_value	-32768.000000
[rows 42 to 83 of 163, columns 0 to 93 of 158]
348 348 348 347 347 346 345 345 346 346 345 345 345 344 344 344 343 343 342 341 340 340 339 338 337 337 335 334 332 330 327 328 329 333 339 345 346 341 338 337 336 335 336 335 333 333 333 334 333 328 319 317 322 324 319 314 314 314 307 300 301 307 308 307 309 309 308 308 310 314 313 308 310 317 314 313 328 348 342 322 310 306 301 300 301 303 305 305 303 302 299 291 282 282
348 348 347 347 346 345 345 345 345 345 345 344 344 344 343 343 343 342 341 340 340 339 338 338 337 336 335 333 332 329 328 328 330 334 338 342 340 336 335 334 332 331 330 328 328 332 332 330 327 322 315 314 320 324 319 313 311 309 305 300 303 307 308 308 308 310 313 314 317 324 324 318 318 320 318 320 336 353 346 324 312 308 306 303 302 300 296 292 294 297 297 294 288 286
348 348 347 345 344 344 344 344 344 344 344 343 343 343 342 342 342 341 340 340 339 339 338 337 336 335 334 333 332 330 329 329 330 333 336 336 332 329 329 330 331 329 325 323 327 332 331 327 324 321 318 318 322 326 321 314 311 309 307 306 308 309 310 310 309 310 312 315 320 329 328 322 321 321 320 325 344 360 346 323 313 311 307 302 296 288 285 285 287 290 293 294 291 288
349 348 346 344 343 343 343 343 343 343 343 342 342 342 342 341 341 340 339 339 339 338 337 336 335 334 333 333 332 331 330 330 330 332 333 332 327 325 326 329 329 326 321 321 330 335 331 326 322 320 319 318 321 324 320 313 310 310 310 312 313 313 315 315 312 310 310 311 318 323 320 317 315 315 316 323 350 2 339 322 315 310 303 294 283 280 283 284 283 285 290 293 292 288
349 348 345 344 343 342 341 341 342 342 341 341 341 341 341 340 340 339 339 338 338 337 337 336 335 333 333 332 331 330 329 329 329 331 331 330 327 326 326 327 326 323 320 323 332 332 327 322 319 318 318 318 320 321 317 313 311 312 313 315 317 317 317 316 312 310 309 309 314 317 313 310 307 306 309 320 349 352 329 316 310 303 294 284 280 283 287 287 284 283 287 293 292 288
349 347 344 344 344 341 339 339 340 340 340 340 340 340 339 339 338 338 338 337 337 336 335 334 333 333 332 332 331 330 329 328 328 328 329 328 327 325 325 324 323 321 320 327 333 328 322 318 316 319 320 321 322 320 320 318 315 315 314 317 319 316 313 311 309 306 306 308 312 314 310 307 304 301 304 315 338 334 317 306 298 293 288 286 287 290 291 289 286 285 288 290 291 287
348 346 345 345 344 341 338 337 338 338 338 339 339 339 338 338 337 337 337 336 336 335 334 333 333 332 332 331 330 330 329 328 327 327 327 327 325 324 323 323 321 319 321 328 331 324 319 317 317 321 325 325 321 318 321 319 316 315 316 320 320 313 307 304 303 302 304 307 310 311 308 305 302 300 301 308 321 319 309 300 294 292 293 294 295 296 295 294 293 292 289 286 285 285
347 346 345 346 343 340 337 335 335 336 337 337 337 337 337 337 336 336 336 335 335 334 334 333 332 332 331 331 330 329 329 328 327 327 327 327 325 324 324 323 320 318 321 326 325 319 316 316 319 325 332 329 323 323 324 321 316 315 316 319 319 311 302 299 300 302 305 307 309 309 307 304 301 300 301 308 315 315 308 301 297 297 298 299 300 299 299 300 298 294 287 280 278 280
347 346 346 346 343 339 338 336 334 335 336 336 336 336 336 336 335 335 335 334 334 333 333 332 332 331 331 330 329 329 328 327 327 326 326 326 325 324 323 323 321 320 322 324 321 315 313 315 319 327 331 323 322 325 325 321 316 315 315 316 313 306 298 296 299 303 305 307 308 306 304 301 300 300 303 309 313 313 307 301 298 298 299 301 301 301 302 301 296 290 283 276 271 271
347 346 346 344 341 340 340 338 335 334 334 335 335 335 335 335 334 334 334 333 333 332 332 331 331 330 330 329 329 328 327 327 326 325 325 324 323 322 322 322 322 320 321 323 319 314 313 318 325 331 329 324 322 322 321 316 313 312 312 312 308 302 296 295 299 304 306 308 308 305 303 301 301 303 306 309 311 310 305 300 297 295 295 298 301 302 301 296 290 285 280 272 265 263
349 347 344 341 337 338 340 339 337 335 334 334 334 334 334 333 333 333 333 332 332 331 331 330 330 329 329 328 328 327 327 326 325 325 324 323 322 321 321 322 322 319 319 321 319 315 315 327 335 334 332 328 325 323 317 311 309 309 310 308 306 302 296 295 300 306 309 310 309 306 305 305 307 308 307 307 308 308 304 299 295 291 292 295 298 298 297 293 288 283 276 269 263 264
351 348 342 339 337 337 339 339 337 335 334 333 333 333 333 332 332 332 332 331 331 330 330 329 329 329 328 328 327 326 326 325 325 324 323 323 322 321 321 322 321 318 318 320 320 317 321 333 333 331 331 328 325 320 313 308 308 311 310 307 306 303 297 296 301 309 313 315 311 309 309 311 312 310 307 306 308 306 302 299 295 292 292 294 295 295 296 294 288 280 275 272 270 271
350 347 342 338 337 338 339 339 338 336 333 331 331 331 331 331 331 331 331 330 330 329 329 328 328 328 327 327 326 326 325 324 324 323 323 322 321 321 320 321 320 317 316 318 318 319 324 331 329 327 328 325 321 316 309 307 311 315 314 310 309 304 298 298 304 313 319 323 318 314 315 315 312 308 306 307 308 305 302 303 302 298 296 296 295 295 296 295 289 282 278 279 282 284
346 345 342 337 333 334 335 337 338 336 333 331 329 329 330 330 330 330 330 330 329 328 328 327 327 327 326 326 325 325 324 324 323 323 322 321 321 320 320 319 317 315 313 315 317 319 323 327 326 326 328 323 320 314 306 307 315 319 316 313 311 307 301 300 306 316 323 327 321 317 317 314 310 308 308 309 310 307 305 307 308 303 299 297 296 294 294 294 291 285 283 285 290 294
343 342 341 339 334 330 330 332 334 335 334 332 328 327 328 328 328 328 328 328 328 328 327 327 326 326 326 325 325 324 324 323 322 322 321 321 320 320 319 318 317 315 314 316 318 320 322 323 323 326 328 321 318 313 305 307 319 321 317 314 312 308 302 299 304 315 322 325 320 314 314 313 312 312 312 313 313 309 308 310 309 305 300 298 296 292 290 289 289 287 287 292 303 307
342 341 340 341 339 335 331 330 330 331 334 335 331 327 326 326 327 327 327 327 327 326 326 326 326 325 325 324 324 323 323 322 322 321 321 320 320 319 319 318 317 317 316 316 317 318 319 319 321 325 326 318 314 310 303 308 322 322 318 315 311 306 301 297 300 312 321 323 320 317 316 315 314 314 314 317 315 311 311 312 310 305 301 297 292 287 283 282 286 291 297 307 314 313
342 341 339 339 339 338 335 332 329 328 332 336 334 330 326 324 325 326 326 326 325 325 325 325 325 325 324 324 323 323 322 322 321 321 320 320 319 319 318 318 317 317 316 316 316 315 316 316 317 321 324 319 313 309 304 310 321 319 315 312 310 306 301 297 299 309 321 327 329 323 318 316 315 315 316 318 315 312 313 313 310 305 300 295 289 285 283 285 293 302 306 310 313 310
340 340 339 338 337 336 335 332 329 326 327 332 334 331 328 325 323 323 324 325 325 324 324 324 324 324 323 323 322 322 321 321 320 320 319 319 319 318 318 317 317 317 316 316 316 315 315 316 317 320 324 320 313 308 305 310 318 315 311 309 308 305 301 297 298 306 320 333 334 321 317 317 315 316 318 318 314 312 311 310 308 303 298 294 290 288 289 296 305 308 306 305 306 303
340 340 339 338 336 334 332 330 327 326 326 329 331 331 331 329 324 322 322 323 324 324 324 324 323 323 322 322 321 321 321 320 320 319 319 318 318 318 317 317 316 316 316 316 315 315 315 316 317 320 323 320 311 306 305 309 314 311 308 307 306 304 300 297 298 305 318 337 330 317 316 317 316 315 318 317 313 311 310 307 305 300 296 293 291 291 297 305 308 307 305 301 299 293
341 340 339 337 336 334 331 328 327 327 327 328 329 329 332 331 328 324 322 322 322 322 322 323 322 322 321 321 320 320 320 319 319 319 318 318 317 317 317 316 316 316 316 315 315 315 315 316 317 319 321 318 310 304 304 307 308 307 305 304 303 302 300 299 299 304 317 336 324 316 317 317 315 315 317 315 311 310 310 308 305 300 294 291 292 295 302 307 307 305 303 300 293 280
342 341 338 336 334 333 331 329 327 327 326 327 326 326 329 330 330 327 324 322 320 320 321 321 321 321 320 320 320 319 319 319 318 318 318 317 317 316 316 316 315 315 315 315 315 315 315 315 316 317 320 319 311 306 306 308 305 303 303 303 303 303 303 302 302 304 319 330 320 317 317 316 314 316 317 314 312 311 312 310 307 302 296 294 297 300 303 307 305 302 300 293 278 266
347 343 337 333 331 330 330 328 328 327 326 325 325 325 326 328 329 329 327 324 321 320 320 321 321 320 319 319 319 319 318 318 318 317 317 317 316 316 316 315 315 315 315 314 314 314 314 314 315 315 317 318 313 310 312 311 305 302 303 304 307 307 305 301 297 298 312 320 318 318 318 316 314 316 317 316 315 315 316 315 311 307 303 302 306 305 306 306 303 298 290 280 267 253
353 346 336 331 328 327 326 325 325 326 325 324 325 325 325 325 327 328 328 326 324 321 320 319 320 319 318 318 318 318 318 317 317 317 316 316 316 315 315 315 314 314 314 314 314 314 313 313 314 314 315 316 313 311 315 314 306 303 304 306 308 308 300 290 289 297 311 317 318 319 318 315 313 316 319 320 319 320 323 321 316 313 310 309 309 306 304 303 298 290 280 269 255 241
357 349 338 332 329 327 325 323 322 322 322 321 323 325 324 323 324 326 327 327 326 324 321 319 319 318 317 318 318 317 317 317 316 316 316 315 315 315 314 314 314 314 314 313 313 313 313 313 313 313 313 313 312 310 313 315 308 304 304 304 306 306 299 296 301 309 316 319 319 318 318 315 312 316 321 322 322 323 328 326 320 317 315 315 310 304 301 297 291 281 270 255 239 227
355 349 340 334 329 327 327 327 325 323 322 322 323 324 323 323 322 323 324 326 327 327 324 321 319 318 317 317 317 317 317 316 316 315 315 315 315 314 314 314 313 313 313 313 312 312 312 312 312 312 311 311 310 309 310 311 308 303 300 299 304 314 312 309 310 313 316 319 319 317 317 314 312 316 321 323 323 326 332 331 325 323 321 318 309 301 296 291 280 268 254 236 224 212
346 346 344 340 333 328 330 331 328 325 322 323 325 324 323 322 322 322 322 323 326 328 327 324 322 319 316 315 314 315 315 315 315 315 315 314 314 314 313 313 313 313 312 312 312 312 311 311 311 311 310 310 309 308 308 307 304 300 295 295 306 318 314 310 310 312 314 317 317 316 316 313 311 315 321 323 325 330 336 332 326 322 317 313 304 294 286 277 267 255 237 219 209 202
331 336 343 345 342 337 338 340 335 327 324 325 325 325 326 324 322 321 321 321 322 324 325 325 325 322 318 313 312 312 313 314 314 314 314 314 313 313 313 313 312 312 312 312 311 311 311 311 310 310 309 309 308 308 307 305 303 299 296 295 304 312 311 308 308 310 313 315 317 316 316 312 310 313 320 322 325 332 334 327 320 314 305 300 294 284 274 265 256 239 220 203 199 201
319 321 330 337 339 340 345 346 341 335 334 335 334 333 332 330 326 322 321 320 320 321 321 322 325 326 319 313 312 311 312 313 313 313 313 313 313 313 313 312 312 312 311 311 311 311 310 310 310 309 309 308 308 307 306 305 303 302 300 298 301 306 307 305 304 306 310 313 315 316 316 311 309 314 321 322 325 331 330 321 313 305 294 289 290 282 270 259 244 222 204 195 198 207
316 315 313 315 320 327 338 341 336 333 336 340 340 339 338 336 333 328 323 321 320 319 318 318 322 326 319 314 314 313 312 312 312 312 313 313 312 312 312 312 312 311 311 311 310 310 310 309 309 309 308 308 307 307 306 305 304 303 302 302 302 303 302 300 299 301 305 307 309 313 315 311 310 316 322 322 324 327 326 318 307 296 290 290 288 281 267 249 227 207 196 196 205 214
320 318 312 308 305 306 314 321 319 318 324 331 332 334 334 334 333 330 328 325 322 319 317 316 322 326 321 317 317 316 314 312 312 312 312 312 312 312 312 311 311 311 310 310 310 309 309 309 308 308 308 307 307 306 306 305 304 304 303 303 303 303 302 301 300 300 300 300 302 308 313 310 308 315 321 321 321 323 323 314 303 294 294 293 286 275 258 234 209 199 198 205 217 229
325 322 318 314 310 308 308 310 307 304 306 311 314 317 320 323 325 325 326 327 326 322 319 319 323 325 320 317 317 317 316 315 312 312 311 311 311 312 311 311 311 310 310 310 309 309 309 308 308 308 307 307 306 306 306 305 305 304 304 304 303 303 303 303 302 302 301 300 301 304 307 305 303 310 316 317 316 319 322 316 307 302 300 295 284 266 241 215 203 203 208 219 230 245
329 325 320 317 314 311 310 309 305 303 305 309 313 315 316 317 318 318 319 322 324 323 322 322 324 325 320 316 315 316 316 315 313 313 313 312 311 311 311 311 310 310 310 309 309 308 308 308 307 307 307 306 306 306 305 305 305 304 304 304 304 304 303 303 303 303 303 303 303 304 303 301 300 306 312 314 314 317 323 321 313 308 302 293 279 253 219 205 210 217 226 243 256 283
334 329 321 316 313 309 308 307 305 306 308 310 313 315 316 317 317 317 317 318 319 319 320 320 322 324 321 317 314 313 314 315 314 314 314 314 312 311 311 311 310 310 309 309 308 308 308 307 307 307 306 306 306 306 305 305 305 304 304 304 304 304 304 304 304 304 304 304 305 305 304 304 304 310 314 315 317 320 327 325 316 309 299 287 265 227 206 210 223 232 253 275 302 310
343 334 321 314 308 304 303 304 305 306 308 309 311 313 314 316 316 316 317 317 316 316 316 316 319 321 319 316 314 313 313 314 313 312 313 313 312 311 311 311 310 310 309 308 308 307 307 307 306 306 306 306 305 305 305 305 305 304 304 304 304 304 304 304 304 304 305 305 305 305 306 307 309 313 316 316 318 325 331 325 314 304 292 275 240 204 206 220 233 247 269 299 312 305
360 346 322 310 302 298 298 300 301 304 306 309 311 312 313 315 315 315 316 316 316 315 315 315 317 319 316 314 314 313 312 311 310 307 307 309 310 310 311 311 310 309 309 308 307 307 306 306 306 306 305 305 305 305 305 305 305 304 304 304 304 304 304 304 304 304 305 305 305 306 307 308 310 314 317 316 319 327 330 319 307 297 281 253 209 202 216 225 238 262 289 316 312 302
21 6 323 300 294 293 293 294 298 302 306 310 311 312 312 314 314 314 315 315 315 315 315 315 317 318 314 312 312 311 310 308 307 307 307 309 310 310 310 310 311 310 308 307 307 306 306 305 305 305 305 305 305 305 305 305 304 304 304 304 304 304 304 304 304 304 305 305 305 306 307 309 310 313 315 317 320 326 326 312 300 288 266 231 214 226 242 252 272 300 316 319 312 302
47 41 333 286 285 287 289 293 299 305 310 312 312 312 313 313 314 314 315 315 315 314 314 315 319 319 314 311 311 312 311 309 310 310 309 310 311 310 309 309 310 310 308 307 306 306 305 305 304 304 304 304 305 305 305 304 304 304 304 304 304 304 304 304 304 304 305 305 306 306 307 309 310 312 314 316 320 326 323 309 296 283 257 244 256 276 291 306 313 315 314 313 308 300
59 59 20 304 289 292 298 301 304 311 315 315 314 314 314 314 314 314 315 314 314 313 313 314 319 319 314 313 313 315 314 312 311 310 308 309 311 311 308 308 310 309 307 306 305 304 303 303 303 303 303 304 304 304 304 304 304 304 304 304 304 304 304 304 304 304 305 305 306 306 307 308 310 311 313 316 320 324 322 310 299 292 290 295 300 304 315 317 313 310 308 305 303 299
57 48 5 324 313 319 322 319 317 320 321 319 317 316 315 314 314 314 314 314 313 312 312 314 319 318 313 313 314 315 315 313 312 312 310 309 311 311 309 308 309 308 305 303 302 302 301 300 300 301 303 304 304 304 304 304 304 304 304 304 304 304 304 304 304 304 304 305 305 306 307 308 309 311 313 315 319 323 322 315 314 318 320 318 314 315 315 313 310 306 303 300 298 298
58 44 340 319 319 328 341 339 334 332 330 325 320 317 315 314 313 313 313 313 312 311 311 314 318 316 312 311 313 315 315 314 314 313 312 310 311 311 310 309 310 309 305 301 299 297 296 295 294 297 300 303 305 305 305 304 304 304 304 304 304 304 304 304 304 304 304 305 305 306 307 308 309 310 312 314 317 322 323 324 330 332 330 327 324 319 314 311 308 304 301 299 296 296
62 32 324 319 322 336 351 351 346 342 338 330 322 318 315 313 312 311 311 311 310 310 310 313 317 315 311 311 312 313 313 312 310 309 308 308 309 310 309 309 311 312 310 306 304 302 302 301 299 300 302 304 305 305 305 305 304 304 304 303 303 303 303 303 304 304 304 304 305 305 306 307 309 310 312 314 316 320 324 329 336 340 337 336 332 317 311 308 306 303 300 298 295 295
348 341 332 329 331 339 347 352 351 346 339 330 322 316 312 311 310 308 308 308 308 309 309 311 316 316 313 313 313 312 311 310 309 306 304 303 303 306 307 308 310 312 313 312 312 312 313 313 311 310 311 310 308 308 306 305 304 304 303 303 303 303 303 303 303 304 304 304 305 305 306 307 308 310 311 313 316 319 324 330 339 346 345 339 325 313 307 304 304 301 299 296 294 294
