windninja/windninja_output/Output_2025-08-24_1800-1850_Google earth_Fire_150m_10min/merlingen_7.5mi_point_08-24-2025_1830_150m_vel.asc
ncols	158
nrows	163
xllcorner	391686.332397
yllcorner	5160024.123721
cellsize	150.000000
NODATA_value	-32768.000000
[rows 76 to 113 of 163, columns 0 to 83 of 158]
2.50 2.61 2.78 2.76 2.90 3.17 3.19 3.12 3.10 3.04 3.00 2.96 2.90 2.93 2.95 2.91 2.90 2.94 2.95 2.92 2.91 2.92 2.94 2.94 2.83 2.65 2.72 2.99 3.14 3.20 3.21 3.17 3.13 3.10 3.08 3.07 3.15 3.25 3.26 3.22 3.19 3.20 3.22 3.25 3.27 3.30 3.33 3.37 3.40 3.42 3.45 3.47 3.49 3.50 3.51 3.52 3.52 3.53 3.53 3.53 3.53 3.53 3.52 3.51 3.50 3.49 3.48 3.47 3.43 3.37 3.30 3.24 3.19 3.13 3.12 3.15 2.96 2.67 2.86 4.10 5.59 5.47 3.90 1.94
1.98 2.10 2.45 2.69 3.00 3.23 3.20 3.19 3.25 3.23 3.19 3.09 3.03 3.07 3.05 2.98 2.97 3.02 3.00 2.95 2.95 2.98 3.03 3.01 2.78 2.57 2.78 3.10 3.14 3.09 3.05 3.04 3.02 3.11 3.27 3.26 3.26 3.29 3.27 3.24 3.20 3.19 3.22 3.25 3.27 3.31 3.35 3.38 3.41 3.44 3.47 3.50 3.51 3.53 3.54 3.54 3.54 3.55 3.55 3.55 3.55 3.55 3.54 3.54 3.54 3.53 3.52 3.49 3.46 3.43 3.38 3.33 3.29 3.23 3.19 3.16 2.98 2.79 3.12 4.31 4.92 3.66 2.05 1.39
1.39 1.22 1.92 2.84 3.27 3.35 3.36 3.47 3.64 3.61 3.41 3.21 3.15 3.16 3.12 3.07 3.08 3.10 3.03 2.98 2.99 3.04 3.10 3.00 2.66 2.58 2.95 3.18 3.16 3.02 2.96 3.10 3.22 3.35 3.49 3.44 3.33 3.28 3.27 3.26 3.17 3.15 3.21 3.24 3.27 3.31 3.35 3.39 3.43 3.48 3.51 3.53 3.55 3.56 3.56 3.56 3.56 3.57 3.57 3.57 3.57 3.57 3.57 3.57 3.57 3.56 3.55 3.53 3.51 3.49 3.44 3.39 3.34 3.30 3.25 3.18 3.04 2.95 3.24 3.97 3.83 2.11 1.08 1.03
1.42 0.71 1.41 3.03 4.18 4.35 4.07 4.02 4.21 3.99 3.51 3.28 3.24 3.25 3.23 3.18 3.17 3.12 3.02 2.98 3.02 3.09 3.13 2.94 2.63 2.72 3.13 3.31 3.24 3.06 3.05 3.27 3.38 3.43 3.53 3.50 3.33 3.21 3.26 3.28 3.12 3.07 3.15 3.20 3.22 3.27 3.32 3.38 3.45 3.51 3.55 3.58 3.59 3.59 3.59 3.59 3.59 3.59 3.59 3.59 3.60 3.60 3.60 3.60 3.60 3.59 3.58 3.58 3.56 3.53 3.49 3.43 3.39 3.36 3.30 3.23 3.14 3.11 3.27 3.46 2.74 1.38 0.98 1.22
2.08 1.43 1.81 3.53 5.65 6.87 5.83 4.98 4.78 4.17 3.51 3.29 3.30 3.29 3.27 3.22 3.17 3.10 3.00 3.00 3.07 3.13 3.12 2.95 2.73 2.87 3.26 3.37 3.26 3.14 3.21 3.41 3.49 3.52 3.60 3.54 3.28 3.17 3.28 3.29 3.07 2.96 3.07 3.11 3.15 3.23 3.28 3.35 3.47 3.59 3.64 3.64 3.63 3.62 3.61 3.61 3.61 3.61 3.62 3.62 3.62 3.63 3.63 3.62 3.62 3.62 3.62 3.62 3.60 3.57 3.53 3.48 3.45 3.42 3.37 3.31 3.25 3.17 3.18 3.00 2.23 1.62 1.65 1.69
2.40 1.37 2.64 4.91 7.31 7.30 5.99 5.39 4.89 4.12 3.50 3.26 3.25 3.24 3.24 3.18 3.09 3.03 3.00 3.03 3.09 3.15 3.17 3.04 2.82 2.94 3.30 3.36 3.29 3.29 3.38 3.54 3.60 3.59 3.59 3.47 3.24 3.21 3.30 3.29 3.07 2.90 2.95 2.99 3.04 3.13 3.14 3.22 3.49 3.71 3.74 3.74 3.71 3.67 3.64 3.63 3.62 3.63 3.63 3.64 3.65 3.65 3.66 3.66 3.66 3.66 3.66 3.65 3.63 3.60 3.57 3.53 3.51 3.49 3.44 3.40 3.33 3.24 3.17 2.92 2.46 2.20 2.04 1.81
1.96 1.52 4.23 7.22 7.87 5.51 4.18 4.24 4.06 3.61 3.18 3.01 3.09 3.14 3.16 3.08 2.98 3.00 3.02 3.03 3.12 3.19 3.23 3.10 2.86 3.02 3.37 3.42 3.39 3.40 3.41 3.45 3.41 3.36 3.34 3.30 3.27 3.25 3.30 3.28 3.08 2.94 2.98 3.10 3.20 3.30 3.32 3.44 3.83 4.06 3.98 3.87 3.75 3.69 3.66 3.64 3.64 3.64 3.65 3.66 3.67 3.68 3.68 3.68 3.69 3.69 3.69 3.68 3.67 3.64 3.62 3.60 3.57 3.55 3.52 3.47 3.41 3.31 3.22 3.02 2.71 2.39 2.11 2.15
4.30 5.15 6.77 7.31 5.98 3.90 3.11 2.92 2.75 2.56 2.44 2.62 2.83 2.92 2.99 2.92 2.88 2.98 3.02 3.06 3.17 3.24 3.27 3.15 3.02 3.24 3.52 3.52 3.43 3.38 3.34 3.29 3.21 3.16 3.15 3.19 3.24 3.26 3.31 3.23 3.08 3.07 3.24 3.49 3.69 3.86 3.98 4.18 4.47 4.51 4.27 4.02 3.88 3.76 3.64 3.62 3.63 3.66 3.68 3.69 3.70 3.70 3.71 3.72 3.72 3.72 3.72 3.72 3.70 3.69 3.68 3.65 3.63 3.61 3.59 3.55 3.49 3.39 3.29 3.10 2.77 2.51 2.44 3.08
6.19 6.09 5.76 4.68 3.59 2.94 2.27 1.76 1.61 1.73 2.08 2.43 2.58 2.73 2.85 2.83 2.84 2.97 3.07 3.14 3.25 3.29 3.30 3.31 3.32 3.44 3.55 3.47 3.36 3.38 3.35 3.24 3.11 3.03 3.05 3.15 3.26 3.31 3.28 3.19 3.16 3.24 3.40 3.58 3.74 3.87 4.00 4.23 4.39 4.27 4.04 3.93 3.83 3.64 3.54 3.58 3.63 3.67 3.69 3.71 3.72 3.73 3.74 3.74 3.75 3.75 3.75 3.75 3.74 3.73 3.72 3.70 3.68 3.67 3.66 3.63 3.58 3.50 3.42 3.25 3.03 2.99 3.15 4.12
7.28 5.68 3.74 3.17 2.74 2.19 1.42 1.15 1.41 1.82 2.23 2.39 2.45 2.65 2.81 2.83 2.81 2.99 3.12 3.18 3.28 3.30 3.37 3.54 3.55 3.41 3.35 3.31 3.33 3.40 3.30 3.18 3.06 2.96 3.08 3.25 3.32 3.34 3.32 3.32 3.33 3.35 3.40 3.48 3.56 3.66 3.82 4.02 4.07 3.90 3.70 3.57 3.43 3.35 3.40 3.53 3.63 3.69 3.72 3.74 3.76 3.77 3.77 3.77 3.78 3.78 3.78 3.78 3.78 3.77 3.76 3.75 3.74 3.73 3.73 3.71 3.67 3.62 3.57 3.49 3.46 3.66 4.12 5.32
7.59 5.64 3.46 2.99 2.55 1.98 1.36 1.42 1.96 2.33 2.42 2.30 2.41 2.60 2.75 2.77 2.73 2.93 3.08 3.17 3.24 3.25 3.45 3.79 3.77 3.44 3.28 3.34 3.43 3.36 3.18 3.15 3.13 3.12 3.34 3.45 3.38 3.39 3.46 3.51 3.48 3.41 3.39 3.42 3.49 3.62 3.82 3.99 4.00 3.81 3.55 3.36 3.31 3.30 3.36 3.51 3.64 3.70 3.75 3.79 3.81 3.81 3.81 3.80 3.80 3.81 3.81 3.81 3.81 3.81 3.80 3.80 3.80 3.80 3.80 3.78 3.77 3.76 3.77 3.80 3.93 4.36 5.16 6.63
6.69 5.02 3.46 3.04 2.51 2.10 1.84 2.14 2.63 2.71 2.34 2.20 2.47 2.53 2.62 2.66 2.58 2.83 3.09 3.28 3.30 3.35 3.90 4.57 4.38 3.72 3.43 3.48 3.45 3.27 3.14 3.18 3.20 3.25 3.41 3.46 3.40 3.47 3.60 3.66 3.61 3.48 3.37 3.36 3.45 3.60 3.83 3.97 3.94 3.71 3.45 3.35 3.32 3.31 3.38 3.52 3.64 3.74 3.82 3.85 3.86 3.85 3.84 3.83 3.83 3.83 3.83 3.84 3.84 3.84 3.85 3.85 3.85 3.85 3.86 3.86 3.89 3.92 3.98 4.07 4.29 4.80 5.64 6.91
5.23 4.59 3.75 3.35 2.84 2.58 2.63 2.74 2.73 2.55 2.26 2.42 2.67 2.55 2.59 2.54 2.44 2.82 3.27 3.66 3.74 4.09 5.47 6.05 4.99 3.75 3.37 3.36 3.27 3.16 3.13 3.18 3.20 3.22 3.28 3.35 3.34 3.39 3.54 3.65 3.64 3.52 3.39 3.38 3.45 3.63 3.86 3.95 3.88 3.71 3.54 3.43 3.33 3.37 3.49 3.56 3.68 3.82 3.90 3.95 3.96 3.91 3.87 3.85 3.84 3.85 3.85 3.86 3.87 3.87 3.88 3.89 3.90 3.91 3.92 3.95 4.00 4.05 4.13 4.24 4.45 4.83 5.45 6.55
4.66 4.69 4.32 3.62 3.14 2.91 2.87 2.75 2.43 2.46 2.82 2.96 2.79 2.55 2.39 2.20 2.37 2.98 3.73 4.44 4.91 6.18 7.18 6.24 4.20 3.19 3.03 3.09 3.07 3.08 3.11 3.16 3.20 3.20 3.24 3.35 3.30 3.24 3.33 3.51 3.56 3.49 3.40 3.36 3.45 3.62 3.78 3.89 3.90 3.81 3.71 3.60 3.57 3.65 3.66 3.63 3.66 3.79 4.06 4.21 4.11 3.95 3.88 3.85 3.85 3.85 3.87 3.88 3.89 3.90 3.92 3.93 3.94 3.96 3.99 4.03 4.08 4.14 4.22 4.34 4.54 4.80 5.16 5.83
4.93 4.70 3.98 3.27 3.07 2.95 2.82 2.67 2.48 2.92 3.58 3.32 2.73 2.41 2.14 2.04 2.48 3.23 4.41 5.88 7.31 8.09 7.07 4.66 3.06 2.58 2.68 2.86 2.92 2.98 3.06 3.14 3.18 3.18 3.27 3.39 3.30 3.22 3.28 3.47 3.60 3.52 3.38 3.30 3.39 3.50 3.64 3.86 3.96 3.92 3.88 3.85 3.89 3.86 3.66 3.49 3.50 3.87 4.58 4.68 4.22 3.92 3.85 3.83 3.84 3.86 3.88 3.90 3.92 3.93 3.94 3.96 3.98 4.01 4.05 4.09 4.14 4.20 4.29 4.43 4.61 4.79 5.00 5.44
5.05 4.46 3.68 3.49 3.62 3.46 3.24 3.13 3.07 3.56 3.99 3.41 2.68 2.43 2.35 2.46 2.82 3.42 4.88 7.53 8.85 7.80 4.97 3.17 2.36 2.16 2.37 2.61 2.74 2.87 3.00 3.09 3.15 3.18 3.29 3.41 3.35 3.33 3.39 3.48 3.59 3.52 3.42 3.37 3.37 3.40 3.54 3.78 3.98 4.08 4.09 4.08 4.07 3.92 3.56 3.41 3.84 4.65 5.26 4.93 4.13 3.79 3.76 3.79 3.82 3.86 3.89 3.91 3.93 3.95 3.96 3.99 4.01 4.05 4.09 4.13 4.19 4.26 4.36 4.49 4.64 4.80 5.04 5.46
5.22 4.77 4.40 4.55 4.77 4.85 5.05 5.14 4.78 4.55 4.34 3.60 2.88 2.66 2.64 2.91 3.41 4.19 6.36 8.73 8.31 4.97 2.85 1.99 1.66 1.71 2.07 2.39 2.61 2.79 2.93 3.06 3.20 3.27 3.36 3.44 3.41 3.41 3.44 3.43 3.40 3.39 3.44 3.45 3.37 3.31 3.38 3.61 3.94 4.22 4.29 4.29 4.21 3.94 3.61 3.83 4.71 5.25 5.14 4.45 3.76 3.57 3.64 3.74 3.80 3.85 3.89 3.93 3.95 3.96 3.98 4.01 4.05 4.08 4.12 4.16 4.22 4.30 4.40 4.52 4.65 4.82 5.06 5.37
5.74 5.44 5.18 5.33 5.78 6.17 6.40 6.44 6.09 5.52 5.28 5.02 4.67 4.71 4.61 4.75 5.56 6.83 8.38 8.25 5.71 2.39 1.49 1.20 1.20 1.44 1.93 2.30 2.53 2.71 2.83 3.05 3.31 3.41 3.41 3.41 3.43 3.45 3.49 3.41 3.23 3.19 3.41 3.50 3.33 3.20 3.26 3.53 3.97 4.32 4.63 4.78 4.39 3.93 3.75 4.11 4.75 4.74 4.31 3.88 3.50 3.37 3.49 3.66 3.76 3.85 3.91 3.93 3.95 3.97 4.01 4.04 4.07 4.10 4.14 4.19 4.25 4.33 4.42 4.52 4.64 4.79 4.98 5.21
6.49 6.01 5.46 5.60 6.12 6.13 5.65 5.21 5.03 5.43 5.76 5.87 6.00 6.12 6.17 6.30 6.73 7.36 7.44 5.16 2.39 1.08 0.65 0.67 0.89 1.40 1.94 2.25 2.43 2.54 2.72 3.16 3.57 3.58 3.41 3.37 3.45 3.52 3.55 3.45 3.24 3.14 3.39 3.58 3.36 3.28 3.39 3.65 4.13 4.58 5.31 5.43 4.37 3.81 3.82 4.02 4.31 4.24 3.96 3.75 3.54 3.32 3.39 3.62 3.77 3.86 3.90 3.92 3.95 4.00 4.03 4.06 4.08 4.11 4.16 4.21 4.27 4.34 4.42 4.51 4.62 4.75 4.90 5.08
7.13 6.40 5.58 5.74 6.00 5.42 4.38 3.63 3.62 4.36 4.80 4.49 4.01 3.27 3.50 4.14 4.66 4.78 5.02 3.01 0.97 0.60 0.43 0.46 0.90 1.52 1.94 2.18 2.32 2.46 2.90 3.59 3.91 3.66 3.33 3.35 3.51 3.59 3.59 3.52 3.35 3.24 3.43 3.65 3.63 3.68 3.83 4.14 4.67 5.42 6.02 5.41 3.98 3.56 3.76 3.94 4.11 4.13 3.93 3.77 3.63 3.39 3.42 3.66 3.79 3.85 3.88 3.93 3.99 4.03 4.05 4.06 4.08 4.12 4.17 4.23 4.28 4.35 4.42 4.50 4.59 4.70 4.81 4.94
7.57 6.94 6.09 5.89 5.64 4.64 3.65 3.01 2.84 2.95 3.06 2.90 2.10 1.72 1.95 2.69 3.12 4.04 4.21 2.04 1.46 1.61 1.34 1.09 1.36 1.75 1.98 2.18 2.36 2.73 3.44 3.89 3.83 3.47 3.21 3.34 3.55 3.63 3.64 3.60 3.48 3.35 3.45 3.73 3.98 4.13 4.44 4.96 5.57 5.94 5.53 4.41 3.51 3.33 3.65 3.91 3.98 3.97 3.83 3.74 3.64 3.46 3.53 3.71 3.80 3.85 3.90 3.97 4.03 4.04 4.03 4.04 4.08 4.13 4.18 4.24 4.29 4.35 4.41 4.48 4.56 4.64 4.73 4.82
8.34 7.66 6.49 5.54 4.74 3.94 3.22 2.70 2.48 2.33 2.29 1.89 1.34 1.45 1.92 2.61 3.22 3.91 3.75 2.56 2.28 2.13 2.16 2.09 2.03 2.05 2.08 2.22 2.53 3.01 3.51 3.61 3.48 3.31 3.20 3.34 3.58 3.72 3.74 3.70 3.64 3.50 3.47 3.80 4.16 4.29 4.63 5.16 5.41 5.04 4.16 3.68 3.44 3.30 3.57 3.82 3.85 3.81 3.73 3.70 3.58 3.51 3.62 3.76 3.83 3.88 3.95 4.00 4.03 4.01 4.00 4.04 4.09 4.14 4.19 4.24 4.29 4.34 4.40 4.46 4.52 4.59 4.65 4.72
9.32 8.17 6.16 4.75 4.03 3.68 3.10 2.68 2.46 2.19 1.97 1.68 1.30 1.32 1.94 2.70 3.34 3.42 2.82 2.73 2.57 2.33 2.93 3.25 2.80 2.17 2.02 2.22 2.57 2.98 3.29 3.37 3.40 3.38 3.31 3.42 3.69 3.89 3.90 3.85 3.80 3.65 3.56 3.78 4.04 4.17 4.50 4.87 4.73 4.24 3.77 3.65 3.57 3.43 3.57 3.78 3.87 3.83 3.75 3.65 3.53 3.55 3.71 3.83 3.88 3.93 3.98 4.00 3.99 3.98 4.00 4.05 4.10 4.14 4.19 4.24 4.28 4.34 4.38 4.44 4.49 4.54 4.59 4.64
9.75 7.93 5.53 4.39 3.79 3.41 2.92 2.75 2.60 2.26 2.04 1.76 1.41 1.41 1.93 2.69 3.13 2.88 2.57 2.55 2.51 3.13 4.32 4.06 2.54 1.61 1.75 2.14 2.47 2.86 3.21 3.36 3.47 3.53 3.53 3.67 3.93 4.11 4.11 4.02 3.92 3.82 3.72 3.74 3.96 4.27 4.55 4.66 4.45 4.11 3.94 3.82 3.69 3.66 3.73 3.85 3.90 3.88 3.79 3.64 3.55 3.63 3.82 3.91 3.95 3.98 4.00 4.00 3.96 3.96 3.99 4.04 4.09 4.13 4.19 4.24 4.28 4.33 4.37 4.42 4.46 4.51 4.54 4.57
8.46 7.04 5.19 4.36 3.67 3.19 2.85 2.68 2.59 2.36 2.23 1.98 1.70 1.73 2.03 2.64 3.01 2.49 2.08 2.12 2.93 4.56 4.74 2.72 1.17 1.19 1.71 2.12 2.41 2.80 3.21 3.45 3.61 3.76 3.85 3.98 4.13 4.26 4.37 4.27 4.08 4.01 3.87 3.78 4.02 4.35 4.48 4.46 4.32 4.15 4.10 3.97 3.82 3.88 3.95 3.94 3.83 3.91 3.92 3.70 3.62 3.72 3.88 4.02 4.10 4.07 4.06 4.00 3.91 3.92 3.97 4.03 4.08 4.14 4.19 4.23 4.28 4.33 4.37 4.40 4.44 4.48 4.50 4.53
6.84 5.95 4.87 4.19 3.43 3.04 2.88 2.69 2.49 2.34 2.25 2.02 1.78 1.85 2.10 2.49 2.77 2.35 1.80 2.73 4.46 4.91 3.44 2.10 1.67 1.61 1.93 2.22 2.44 2.80 3.30 3.69 3.91 4.11 4.18 4.18 4.22 4.40 4.67 4.57 4.23 4.10 3.98 3.88 3.97 4.14 4.31 4.36 4.26 4.22 4.19 4.04 3.91 3.94 4.03 3.94 3.83 4.04 4.04 3.75 3.64 3.71 3.91 4.15 4.26 4.18 4.09 3.93 3.78 3.82 3.93 4.03 4.09 4.14 4.18 4.23 4.28 4.32 4.36 4.40 4.43 4.45 4.47 4.49
5.57 5.05 4.32 3.78 3.21 2.88 2.79 2.68 2.46 2.27 2.16 1.98 1.67 1.58 1.84 2.41 2.85 2.73 2.58 3.75 4.70 3.40 2.45 2.32 2.10 2.03 2.19 2.38 2.56 2.94 3.52 4.01 4.29 4.46 4.48 4.38 4.42 4.71 4.98 4.77 4.31 4.10 4.07 4.01 4.01 4.21 4.46 4.48 4.35 4.25 4.13 4.07 4.01 3.99 4.09 4.00 4.00 4.11 4.02 3.88 3.79 3.83 4.00 4.20 4.32 4.21 3.99 3.75 3.56 3.65 3.93 4.11 4.11 4.11 4.17 4.22 4.28 4.33 4.38 4.40 4.42 4.44 4.45 4.45
4.61 4.28 3.74 3.34 3.01 2.75 2.64 2.56 2.44 2.25 2.11 2.00 1.68 1.58 1.96 2.54 3.08 3.02 3.00 3.82 3.77 2.82 2.59 2.52 2.36 2.35 2.52 2.60 2.75 3.26 3.80 4.24 4.61 4.77 4.79 4.75 4.78 4.97 5.08 4.85 4.40 4.17 4.19 4.18 4.18 4.31 4.47 4.43 4.23 4.10 4.05 4.13 4.15 4.14 4.24 4.17 4.10 4.07 4.05 4.10 4.05 4.00 4.01 4.17 4.35 4.19 3.84 3.56 3.37 3.53 4.01 4.23 4.08 4.05 4.13 4.21 4.30 4.36 4.39 4.41 4.43 4.44 4.43 4.42
3.87 3.61 3.19 2.96 2.79 2.63 2.51 2.41 2.40 2.32 2.15 2.07 1.91 1.93 2.18 2.52 3.05 3.05 2.90 3.15 3.15 2.98 2.83 2.69 2.51 2.58 2.89 2.99 3.11 3.67 4.05 4.36 4.86 5.08 5.12 5.19 5.17 5.12 5.12 4.98 4.65 4.39 4.34 4.36 4.32 4.25 4.30 4.25 4.04 3.99 4.12 4.23 4.27 4.27 4.28 4.20 4.10 4.07 4.14 4.19 4.09 3.90 3.88 4.17 4.30 4.11 3.79 3.49 3.32 3.54 4.01 4.17 4.01 3.91 4.00 4.21 4.38 4.42 4.42 4.43 4.45 4.45 4.44 4.40
3.21 3.00 2.67 2.58 2.57 2.49 2.40 2.25 2.33 2.43 2.28 2.21 2.21 2.18 2.25 2.47 2.81 2.89 2.76 2.81 2.81 2.84 2.90 2.75 2.62 2.78 3.19 3.37 3.55 4.06 4.32 4.67 5.09 5.25 5.42 5.74 5.77 5.51 5.41 5.29 5.00 4.62 4.50 4.56 4.43 4.30 4.30 4.23 4.09 4.14 4.32 4.39 4.37 4.33 4.27 4.17 4.08 4.07 4.15 4.18 4.02 3.82 3.90 4.13 4.14 4.02 3.81 3.47 3.29 3.53 3.86 3.97 4.00 3.87 4.00 4.39 4.55 4.42 4.35 4.47 4.54 4.51 4.44 4.37
2.62 2.46 2.23 2.23 2.34 2.34 2.24 2.12 2.27 2.54 2.48 2.41 2.41 2.28 2.27 2.36 2.52 2.61 2.46 2.42 2.58 2.84 2.76 2.61 2.74 2.95 3.30 3.62 4.08 4.55 4.87 5.19 5.10 5.12 5.86 6.69 6.64 6.04 5.70 5.47 5.14 4.76 4.74 4.76 4.54 4.42 4.33 4.25 4.21 4.29 4.48 4.50 4.37 4.32 4.30 4.18 4.06 4.03 4.10 4.11 3.97 3.90 4.01 4.11 4.07 4.00 3.83 3.44 3.22 3.42 3.67 3.81 4.03 4.12 4.30 4.65 4.66 4.33 4.32 4.68 4.81 4.60 4.40 4.33
2.23 2.08 1.91 1.96 2.12 2.21 2.19 2.17 2.36 2.78 2.88 2.73 2.46 2.18 2.19 2.17 2.26 2.31 2.12 2.09 2.45 2.94 2.67 2.31 2.64 3.06 3.29 3.67 4.57 5.25 5.46 5.37 4.63 4.90 6.78 7.86 7.25 6.08 5.68 5.61 5.22 4.96 5.03 4.94 4.76 4.65 4.47 4.40 4.36 4.31 4.40 4.39 4.27 4.26 4.25 4.15 4.05 4.03 4.05 4.01 3.98 4.03 4.09 4.11 4.09 3.93 3.76 3.46 3.18 3.24 3.55 3.81 4.10 4.33 4.49 4.68 4.65 4.45 4.55 4.93 4.99 4.61 4.34 4.27
2.06 1.87 1.73 1.90 2.13 2.38 2.67 2.75 2.91 3.01 2.85 2.48 2.02 1.90 2.11 2.15 2.14 2.02 1.82 1.90 2.44 3.07 2.77 2.12 2.31 2.94 3.32 3.55 4.83 5.96 5.69 5.25 4.31 5.08 7.95 8.46 6.98 5.84 5.95 6.06 5.43 5.12 5.30 5.25 5.01 4.85 4.71 4.61 4.45 4.31 4.31 4.30 4.23 4.19 4.16 4.09 4.04 4.04 4.07 4.00 4.02 4.18 4.17 4.04 3.97 3.80 3.64 3.49 3.22 3.14 3.41 3.85 4.21 4.42 4.59 4.74 4.79 4.74 4.66 4.80 4.88 4.61 4.33 4.19
2.02 1.84 1.88 2.34 2.78 3.03 3.03 2.83 2.66 2.46 2.30 2.11 1.78 1.85 2.22 2.37 2.18 1.66 1.51 1.99 2.74 3.19 2.76 2.09 2.05 2.71 3.30 3.50 4.98 6.38 5.77 5.23 4.71 5.73 8.48 8.26 6.49 6.20 6.75 6.30 5.06 5.04 5.63 5.45 5.06 5.01 4.94 4.63 4.38 4.31 4.35 4.37 4.30 4.19 4.09 4.04 4.03 4.11 4.19 4.08 4.02 4.26 4.21 3.84 3.75 3.74 3.59 3.51 3.30 3.07 3.19 3.85 4.42 4.55 4.70 4.83 4.91 4.80 4.54 4.58 4.75 4.73 4.43 4.10
2.23 2.11 2.32 2.72 2.87 2.73 2.37 2.10 2.01 1.98 2.09 2.06 1.81 1.96 2.48 2.77 2.28 1.31 1.26 2.14 3.04 3.32 2.71 2.16 2.13 2.57 3.14 3.57 5.19 6.50 5.97 5.38 5.12 6.31 8.67 8.39 7.12 7.32 7.05 5.65 4.69 5.38 5.93 5.40 5.12 5.24 5.02 4.56 4.36 4.39 4.41 4.38 4.23 4.11 4.10 4.06 4.01 4.17 4.28 4.03 3.92 4.15 4.07 3.63 3.58 3.73 3.68 3.54 3.31 3.06 3.20 3.96 4.63 4.65 4.68 4.80 4.82 4.69 4.51 4.55 4.68 4.83 4.52 4.00
2.40 2.31 2.40 2.43 2.26 2.02 1.80 1.77 1.81 1.83 1.97 2.10 2.04 2.25 2.90 3.18 2.36 1.22 1.16 2.14 3.16 3.55 2.88 2.32 2.30 2.70 3.27 3.86 5.10 6.25 6.24 5.64 5.36 6.73 9.18 9.34 8.47 8.00 6.73 5.19 5.17 5.78 5.91 5.53 5.39 5.27 4.82 4.44 4.40 4.46 4.41 4.23 3.99 4.01 4.17 4.07 3.95 4.13 4.25 3.99 3.82 3.93 3.89 3.64 3.60 3.78 3.82 3.58 3.30 3.21 3.41 4.03 4.56 4.59 4.61 4.74 4.68 4.55 4.56 4.63 4.72 4.86 4.55 4.00
2.28 2.10 1.99 1.87 1.77 1.73 1.69 1.71 1.77 1.72 1.84 2.36 2.60 2.69 3.23 3.43 2.39 1.40 1.36 2.17 3.10 3.71 3.24 2.37 2.33 3.18 3.79 4.28 4.87 5.61 6.19 6.07 5.92 7.66 10.06 10.04 8.94 7.57 5.74 5.10 5.12 5.10 5.52 6.03 5.80 5.19 4.60 4.32 4.34 4.41 4.39 4.13 3.91 4.04 4.20 4.05 3.92 4.06 4.23 4.06 3.80 3.75 3.78 3.75 3.73 3.80 3.86 3.65 3.41 3.35 3.48 3.93 4.39 4.52 4.57 4.70 4.64 4.50 4.63 4.78 4.87 4.92 4.53 4.01
2.33 2.00 1.66 1.54 1.60 1.67 1.68 1.73 1.76 1.68 1.92 2.78 3.16 3.00 3.32 3.59 2.61 1.91 2.27 2.66 3.13 3.69 3.31 2.34 2.45 3.73 4.31 4.68 4.79 5.03 5.79 6.36 6.97 8.95 10.64 9.65 7.74 6.11 4.98 4.57 4.15 4.40 5.79 6.57 5.88 4.90 4.47 4.44 4.43 4.44 4.37 4.11 3.99 4.10 4.18 4.06 3.94 4.00 4.17 4.09 3.84 3.65 3.71 3.92 3.84 3.79 3.83 3.73 3.68 3.60 3.63 4.01 4.39 4.44 4.50 4.71 4.70 4.58 4.64 4.75 5.03 4.98 4.33 3.87
