windninja/windninja_output/Output_2025-08-24_1800-1850_Google earth_Fire_150m_10min/merlingen_7.5mi_point_08-24-2025_1840_150m_vel.asc
ncols	158
nrows	163
xllcorner	391686.332397
yllcorner	5160024.123721
cellsize	150.000000
NODATA_value	-32768.000000
[rows 76 to 113 of 163, columns 0 to 83 of 158]
1.90 1.97 2.10 2.12 2.25 2.47 2.50 2.46 2.45 2.41 2.39 2.36 2.33 2.36 2.38 2.36 2.36 2.40 2.41 2.39 2.39 2.40 2.42 2.43 2.35 2.21 2.26 2.48 2.61 2.66 2.67 2.64 2.61 2.58 2.58 2.60 2.67 2.77 2.79 2.76 2.75 2.76 2.78 2.81 2.84 2.87 2.91 2.95 2.98 3.02 3.04 3.07 3.10 3.12 3.14 3.15 3.16 3.17 3.18 3.19 3.20 3.21 3.21 3.20 3.21 3.20 3.21 3.20 3.18 3.13 3.08 3.02 2.99 2.94 2.94 2.98 2.81 2.55 2.74 3.92 5.32 5.19 3.67 1.77
1.52 1.53 1.78 2.01 2.31 2.52 2.51 2.52 2.58 2.58 2.56 2.49 2.44 2.48 2.47 2.42 2.43 2.47 2.45 2.42 2.42 2.45 2.50 2.49 2.31 2.14 2.31 2.57 2.61 2.57 2.53 2.51 2.51 2.59 2.74 2.76 2.77 2.81 2.80 2.78 2.76 2.75 2.79 2.81 2.84 2.88 2.92 2.96 2.99 3.03 3.07 3.10 3.12 3.14 3.16 3.17 3.18 3.20 3.20 3.21 3.22 3.23 3.23 3.23 3.24 3.24 3.24 3.23 3.21 3.19 3.15 3.11 3.08 3.04 3.01 2.99 2.82 2.66 2.99 4.10 4.66 3.45 1.88 1.23
1.19 0.86 1.31 2.07 2.47 2.61 2.66 2.77 2.92 2.91 2.76 2.60 2.56 2.56 2.54 2.51 2.52 2.54 2.49 2.45 2.46 2.50 2.56 2.48 2.22 2.16 2.44 2.64 2.63 2.52 2.47 2.58 2.69 2.80 2.94 2.92 2.84 2.80 2.80 2.80 2.74 2.73 2.78 2.81 2.84 2.88 2.92 2.97 3.01 3.06 3.10 3.13 3.15 3.17 3.18 3.19 3.20 3.21 3.22 3.24 3.25 3.25 3.26 3.27 3.27 3.27 3.27 3.26 3.26 3.24 3.21 3.17 3.13 3.10 3.06 3.01 2.89 2.81 3.10 3.77 3.62 1.96 0.95 0.89
1.51 0.81 0.88 2.17 3.15 3.39 3.25 3.25 3.41 3.24 2.87 2.67 2.64 2.65 2.63 2.60 2.60 2.57 2.48 2.45 2.49 2.55 2.58 2.44 2.20 2.28 2.61 2.75 2.71 2.57 2.57 2.74 2.83 2.88 2.97 2.97 2.84 2.74 2.79 2.81 2.69 2.66 2.73 2.77 2.80 2.84 2.90 2.96 3.03 3.09 3.14 3.17 3.19 3.20 3.21 3.22 3.23 3.23 3.24 3.25 3.27 3.28 3.29 3.29 3.30 3.30 3.31 3.31 3.30 3.29 3.25 3.21 3.18 3.16 3.12 3.07 2.99 2.97 3.12 3.29 2.59 1.28 0.91 1.14
2.10 1.48 1.43 2.71 4.43 5.52 4.77 4.10 3.92 3.42 2.90 2.71 2.71 2.70 2.68 2.64 2.61 2.55 2.47 2.47 2.53 2.58 2.58 2.45 2.29 2.41 2.72 2.81 2.73 2.65 2.71 2.88 2.94 2.97 3.04 3.00 2.80 2.71 2.81 2.83 2.65 2.56 2.65 2.69 2.73 2.81 2.86 2.93 3.04 3.16 3.21 3.22 3.23 3.23 3.23 3.23 3.24 3.26 3.27 3.28 3.29 3.30 3.31 3.32 3.33 3.33 3.34 3.35 3.34 3.32 3.29 3.26 3.24 3.23 3.19 3.14 3.09 3.03 3.04 2.87 2.12 1.56 1.60 1.64
2.33 1.35 2.05 3.90 5.85 5.92 5.00 4.53 4.09 3.44 2.92 2.71 2.68 2.66 2.66 2.61 2.54 2.49 2.47 2.50 2.56 2.61 2.63 2.53 2.37 2.47 2.75 2.80 2.76 2.77 2.85 3.00 3.05 3.05 3.05 2.94 2.77 2.75 2.84 2.83 2.65 2.51 2.55 2.58 2.63 2.71 2.73 2.81 3.05 3.26 3.30 3.31 3.30 3.27 3.26 3.25 3.25 3.27 3.28 3.30 3.31 3.33 3.34 3.35 3.36 3.37 3.38 3.38 3.38 3.36 3.34 3.31 3.30 3.29 3.26 3.22 3.17 3.09 3.03 2.80 2.38 2.15 1.99 1.77
1.93 1.25 3.35 5.80 6.35 4.50 3.54 3.62 3.45 3.06 2.68 2.52 2.56 2.59 2.60 2.53 2.45 2.47 2.49 2.51 2.58 2.64 2.68 2.58 2.40 2.53 2.82 2.86 2.85 2.86 2.88 2.92 2.88 2.84 2.83 2.80 2.78 2.78 2.83 2.82 2.67 2.56 2.59 2.69 2.78 2.87 2.90 3.01 3.36 3.57 3.52 3.43 3.34 3.30 3.28 3.26 3.27 3.29 3.30 3.32 3.33 3.35 3.36 3.37 3.39 3.40 3.41 3.41 3.41 3.40 3.39 3.37 3.36 3.35 3.33 3.30 3.25 3.17 3.09 2.91 2.63 2.33 2.07 2.11
3.42 4.19 5.54 5.95 4.87 3.21 2.62 2.50 2.36 2.18 2.06 2.19 2.34 2.41 2.45 2.40 2.37 2.45 2.49 2.53 2.62 2.68 2.71 2.63 2.54 2.72 2.95 2.96 2.88 2.84 2.82 2.78 2.71 2.67 2.66 2.69 2.74 2.77 2.83 2.78 2.66 2.67 2.83 3.05 3.23 3.39 3.51 3.69 3.95 4.00 3.79 3.58 3.46 3.36 3.26 3.24 3.27 3.30 3.33 3.35 3.36 3.37 3.39 3.40 3.42 3.43 3.44 3.44 3.44 3.44 3.44 3.43 3.41 3.41 3.40 3.37 3.33 3.25 3.16 2.99 2.69 2.46 2.40 3.02
4.91 4.92 4.70 3.79 2.90 2.39 1.88 1.48 1.36 1.46 1.74 2.02 2.14 2.24 2.33 2.32 2.33 2.44 2.53 2.59 2.69 2.73 2.74 2.76 2.79 2.89 2.99 2.92 2.83 2.85 2.83 2.74 2.64 2.56 2.57 2.66 2.75 2.81 2.79 2.73 2.72 2.81 2.97 3.12 3.27 3.39 3.51 3.72 3.87 3.78 3.59 3.51 3.42 3.26 3.17 3.21 3.27 3.31 3.34 3.36 3.38 3.40 3.42 3.43 3.44 3.46 3.47 3.48 3.48 3.48 3.48 3.48 3.47 3.47 3.47 3.45 3.41 3.35 3.28 3.14 2.94 2.92 3.09 4.03
5.73 4.44 2.89 2.43 2.08 1.66 1.08 0.89 1.13 1.49 1.85 1.98 2.03 2.18 2.30 2.33 2.31 2.45 2.56 2.62 2.71 2.74 2.81 2.95 2.98 2.88 2.82 2.78 2.80 2.87 2.79 2.69 2.60 2.52 2.61 2.75 2.81 2.83 2.82 2.84 2.87 2.90 2.96 3.02 3.10 3.19 3.33 3.52 3.57 3.43 3.27 3.17 3.05 2.99 3.05 3.17 3.27 3.32 3.36 3.39 3.42 3.43 3.45 3.46 3.47 3.48 3.49 3.51 3.52 3.52 3.52 3.52 3.52 3.53 3.54 3.53 3.50 3.47 3.43 3.38 3.37 3.57 4.02 5.19
5.93 4.35 2.60 2.23 1.86 1.41 0.97 1.08 1.56 1.91 2.00 1.91 1.99 2.14 2.26 2.27 2.24 2.40 2.52 2.61 2.67 2.69 2.87 3.16 3.17 2.91 2.78 2.82 2.90 2.84 2.69 2.67 2.66 2.67 2.85 2.95 2.89 2.89 2.96 3.01 2.99 2.95 2.94 2.97 3.04 3.15 3.33 3.49 3.50 3.35 3.13 2.98 2.94 2.94 3.01 3.15 3.27 3.33 3.39 3.43 3.46 3.47 3.48 3.49 3.50 3.51 3.52 3.54 3.55 3.56 3.56 3.57 3.58 3.59 3.60 3.60 3.60 3.61 3.63 3.68 3.81 4.24 5.03 6.45
5.12 3.79 2.57 2.26 1.84 1.54 1.40 1.71 2.14 2.21 1.93 1.83 2.04 2.09 2.15 2.18 2.11 2.31 2.52 2.69 2.73 2.78 3.26 3.83 3.70 3.16 2.93 2.96 2.93 2.77 2.66 2.70 2.72 2.77 2.92 2.96 2.92 2.98 3.09 3.14 3.11 3.01 2.92 2.92 2.99 3.13 3.34 3.46 3.45 3.26 3.04 2.97 2.94 2.94 3.02 3.15 3.27 3.37 3.45 3.49 3.51 3.51 3.51 3.51 3.52 3.53 3.55 3.56 3.58 3.59 3.60 3.61 3.63 3.64 3.66 3.68 3.71 3.76 3.83 3.93 4.16 4.66 5.49 6.73
3.89 3.43 2.85 2.58 2.22 2.06 2.14 2.24 2.23 2.07 1.85 2.00 2.21 2.12 2.15 2.09 1.99 2.29 2.67 3.01 3.10 3.41 4.59 5.11 4.25 3.22 2.89 2.87 2.78 2.69 2.66 2.70 2.72 2.74 2.79 2.85 2.85 2.90 3.03 3.13 3.13 3.04 2.94 2.94 3.00 3.16 3.35 3.44 3.39 3.26 3.12 3.03 2.95 3.00 3.12 3.19 3.30 3.43 3.52 3.57 3.59 3.56 3.54 3.53 3.54 3.55 3.57 3.58 3.60 3.62 3.64 3.65 3.67 3.69 3.72 3.76 3.82 3.89 3.97 4.09 4.31 4.70 5.30 6.38
3.52 3.62 3.42 2.89 2.53 2.37 2.35 2.24 1.98 1.98 2.30 2.46 2.34 2.13 1.99 1.82 1.94 2.43 3.06 3.66 4.10 5.20 6.08 5.32 3.62 2.76 2.61 2.64 2.62 2.62 2.64 2.69 2.72 2.72 2.76 2.85 2.82 2.76 2.84 2.99 3.04 3.00 2.94 2.92 3.00 3.15 3.28 3.39 3.41 3.34 3.27 3.18 3.17 3.25 3.27 3.25 3.28 3.41 3.66 3.81 3.73 3.60 3.55 3.53 3.54 3.56 3.58 3.60 3.62 3.65 3.67 3.69 3.72 3.74 3.79 3.84 3.90 3.97 4.06 4.19 4.40 4.66 5.03 5.69
3.82 3.69 3.17 2.59 2.45 2.38 2.29 2.18 2.04 2.40 2.94 2.78 2.31 2.03 1.79 1.69 2.04 2.64 3.61 4.88 6.14 6.85 6.02 4.02 2.67 2.27 2.32 2.46 2.50 2.54 2.60 2.67 2.70 2.70 2.78 2.88 2.81 2.75 2.81 2.96 3.06 3.01 2.90 2.86 2.94 3.04 3.16 3.35 3.45 3.43 3.41 3.41 3.45 3.44 3.27 3.12 3.14 3.48 4.12 4.24 3.84 3.58 3.52 3.51 3.53 3.56 3.59 3.62 3.65 3.67 3.69 3.72 3.75 3.79 3.84 3.89 3.96 4.03 4.13 4.27 4.46 4.66 4.87 5.31
3.95 3.53 2.97 2.83 2.96 2.86 2.70 2.65 2.63 2.99 3.32 2.88 2.31 2.09 2.01 2.09 2.36 2.83 4.01 6.26 7.46 6.64 4.28 2.78 2.09 1.91 2.06 2.25 2.34 2.44 2.54 2.62 2.67 2.70 2.80 2.90 2.86 2.85 2.91 2.98 3.06 3.00 2.93 2.91 2.92 2.95 3.07 3.29 3.46 3.56 3.59 3.61 3.61 3.50 3.19 3.06 3.45 4.18 4.75 4.47 3.76 3.46 3.45 3.48 3.52 3.56 3.60 3.63 3.66 3.69 3.71 3.75 3.79 3.83 3.88 3.93 4.00 4.08 4.20 4.33 4.50 4.66 4.91 5.33
4.16 3.87 3.68 3.86 4.07 4.17 4.39 4.54 4.27 4.01 3.72 3.10 2.52 2.33 2.28 2.49 2.90 3.54 5.33 7.33 7.04 4.29 2.50 1.79 1.50 1.52 1.80 2.05 2.22 2.37 2.48 2.59 2.71 2.78 2.86 2.92 2.91 2.92 2.95 2.94 2.91 2.89 2.94 2.96 2.91 2.87 2.93 3.13 3.42 3.67 3.76 3.78 3.73 3.51 3.23 3.44 4.23 4.72 4.64 4.03 3.43 3.27 3.34 3.43 3.50 3.55 3.60 3.64 3.67 3.70 3.73 3.77 3.82 3.86 3.91 3.96 4.03 4.12 4.23 4.36 4.50 4.68 4.93 5.25
4.66 4.47 4.36 4.55 4.96 5.34 5.61 5.74 5.50 4.99 4.70 4.48 4.21 4.24 4.14 4.20 4.84 5.89 7.12 6.98 4.91 2.15 1.38 1.12 1.11 1.29 1.67 1.96 2.15 2.29 2.39 2.57 2.79 2.88 2.89 2.90 2.92 2.94 2.98 2.92 2.77 2.73 2.90 2.99 2.86 2.76 2.82 3.05 3.45 3.76 4.05 4.21 3.89 3.50 3.35 3.68 4.26 4.26 3.88 3.51 3.19 3.08 3.20 3.36 3.47 3.55 3.61 3.64 3.67 3.71 3.75 3.80 3.84 3.88 3.93 3.99 4.06 4.15 4.25 4.36 4.49 4.65 4.85 5.09
5.35 4.98 4.59 4.73 5.18 5.22 4.90 4.62 4.52 4.86 5.12 5.26 5.43 5.56 5.59 5.62 5.91 6.37 6.32 4.34 2.11 1.08 0.70 0.68 0.84 1.23 1.66 1.91 2.05 2.14 2.28 2.64 3.00 3.03 2.90 2.87 2.94 2.99 3.02 2.96 2.79 2.70 2.90 3.06 2.88 2.82 2.93 3.16 3.59 3.99 4.65 4.78 3.88 3.40 3.41 3.60 3.87 3.81 3.56 3.39 3.21 3.03 3.10 3.33 3.47 3.56 3.60 3.64 3.68 3.73 3.78 3.81 3.84 3.89 3.94 4.01 4.08 4.16 4.25 4.35 4.47 4.61 4.77 4.96
5.92 5.31 4.66 4.80 5.01 4.55 3.74 3.17 3.19 3.81 4.15 3.92 3.56 2.92 3.12 3.56 3.99 3.99 4.10 2.40 0.78 0.33 0.21 0.35 0.78 1.30 1.64 1.84 1.96 2.06 2.43 3.01 3.29 3.10 2.83 2.84 2.98 3.05 3.06 3.01 2.88 2.79 2.96 3.14 3.13 3.18 3.33 3.61 4.08 4.74 5.29 4.76 3.53 3.17 3.36 3.52 3.69 3.71 3.55 3.41 3.29 3.09 3.13 3.36 3.49 3.55 3.59 3.65 3.71 3.76 3.79 3.81 3.84 3.89 3.95 4.02 4.09 4.16 4.24 4.33 4.44 4.56 4.68 4.82
6.36 5.79 5.07 4.92 4.69 3.86 3.07 2.57 2.44 2.50 2.52 2.36 1.70 1.39 1.56 2.12 2.44 3.15 3.24 1.46 0.99 1.13 0.93 0.80 1.10 1.46 1.67 1.83 1.99 2.29 2.89 3.27 3.22 2.92 2.72 2.83 3.01 3.08 3.10 3.07 2.98 2.89 2.98 3.22 3.44 3.59 3.87 4.34 4.88 5.22 4.86 3.88 3.11 2.97 3.26 3.49 3.56 3.57 3.45 3.38 3.31 3.15 3.22 3.40 3.49 3.54 3.61 3.68 3.74 3.76 3.77 3.79 3.84 3.90 3.96 4.03 4.09 4.16 4.23 4.32 4.40 4.50 4.60 4.70
7.08 6.44 5.40 4.59 3.88 3.19 2.61 2.21 2.04 1.91 1.85 1.49 1.03 1.10 1.47 2.00 2.48 2.99 2.79 1.84 1.69 1.58 1.60 1.62 1.66 1.72 1.76 1.87 2.12 2.52 2.94 3.00 2.89 2.77 2.69 2.82 3.02 3.15 3.18 3.16 3.12 3.01 2.99 3.28 3.59 3.71 4.02 4.49 4.72 4.39 3.64 3.23 3.03 2.93 3.18 3.41 3.45 3.42 3.36 3.34 3.25 3.19 3.30 3.44 3.52 3.57 3.65 3.71 3.74 3.73 3.74 3.79 3.85 3.91 3.97 4.02 4.08 4.15 4.22 4.29 4.37 4.45 4.52 4.60
7.93 6.89 5.10 3.88 3.24 2.92 2.44 2.10 1.93 1.73 1.55 1.32 1.00 0.99 1.45 2.04 2.53 2.56 2.09 2.02 1.89 1.69 2.23 2.61 2.35 1.86 1.71 1.86 2.14 2.47 2.72 2.79 2.81 2.81 2.77 2.87 3.10 3.28 3.31 3.27 3.25 3.13 3.07 3.26 3.48 3.59 3.89 4.21 4.10 3.67 3.28 3.19 3.14 3.04 3.17 3.37 3.46 3.44 3.38 3.30 3.20 3.22 3.38 3.50 3.56 3.61 3.67 3.70 3.70 3.70 3.74 3.80 3.85 3.91 3.96 4.02 4.08 4.14 4.20 4.27 4.33 4.39 4.46 4.52
8.29 6.68 4.56 3.58 3.05 2.71 2.29 2.13 2.00 1.74 1.57 1.36 1.08 1.07 1.45 2.02 2.36 2.18 1.97 1.93 1.83 2.38 3.47 3.34 2.16 1.38 1.46 1.77 2.04 2.35 2.64 2.77 2.87 2.93 2.94 3.08 3.30 3.47 3.48 3.42 3.35 3.27 3.20 3.23 3.41 3.68 3.93 4.02 3.84 3.56 3.43 3.34 3.24 3.23 3.31 3.43 3.48 3.48 3.40 3.28 3.21 3.29 3.48 3.57 3.62 3.66 3.68 3.69 3.68 3.69 3.73 3.79 3.84 3.90 3.96 4.02 4.07 4.13 4.19 4.25 4.30 4.36 4.41 4.45
7.17 5.90 4.27 3.54 2.95 2.54 2.24 2.09 2.01 1.82 1.72 1.53 1.32 1.33 1.56 2.01 2.28 1.87 1.57 1.57 2.26 3.66 3.83 2.17 0.87 0.91 1.36 1.71 1.96 2.29 2.62 2.83 2.98 3.12 3.21 3.33 3.47 3.58 3.69 3.63 3.48 3.43 3.33 3.26 3.46 3.75 3.87 3.85 3.74 3.60 3.57 3.47 3.35 3.42 3.50 3.50 3.42 3.50 3.52 3.34 3.27 3.37 3.53 3.67 3.76 3.74 3.73 3.69 3.63 3.65 3.71 3.77 3.83 3.89 3.96 4.01 4.07 4.12 4.18 4.23 4.28 4.32 4.36 4.40
5.77 4.97 3.99 3.39 2.74 2.41 2.27 2.11 1.93 1.81 1.74 1.55 1.37 1.41 1.59 1.87 2.06 1.74 1.34 2.14 3.58 3.95 2.70 1.57 1.24 1.22 1.51 1.77 1.96 2.27 2.69 3.02 3.22 3.40 3.48 3.49 3.53 3.70 3.94 3.87 3.61 3.50 3.41 3.34 3.42 3.57 3.72 3.76 3.69 3.66 3.65 3.54 3.44 3.47 3.56 3.50 3.41 3.61 3.62 3.38 3.29 3.37 3.55 3.78 3.89 3.83 3.76 3.63 3.50 3.55 3.67 3.77 3.84 3.89 3.95 4.00 4.06 4.12 4.17 4.22 4.26 4.29 4.33 4.36
4.66 4.19 3.52 3.04 2.55 2.27 2.19 2.09 1.91 1.76 1.67 1.52 1.27 1.18 1.37 1.84 2.19 2.13 2.07 3.01 3.76 2.66 1.84 1.74 1.58 1.56 1.71 1.88 2.05 2.37 2.86 3.28 3.52 3.68 3.71 3.65 3.70 3.96 4.20 4.04 3.66 3.50 3.49 3.45 3.46 3.63 3.86 3.88 3.77 3.70 3.60 3.56 3.52 3.51 3.61 3.54 3.56 3.67 3.60 3.49 3.42 3.47 3.64 3.83 3.94 3.85 3.67 3.46 3.30 3.39 3.66 3.84 3.85 3.86 3.93 3.99 4.06 4.12 4.17 4.21 4.25 4.28 4.30 4.32
3.82 3.53 3.03 2.67 2.38 2.15 2.06 1.99 1.89 1.73 1.62 1.53 1.28 1.22 1.54 2.00 2.42 2.38 2.39 3.02 2.91 2.12 1.95 1.89 1.78 1.80 1.96 2.05 2.20 2.63 3.09 3.46 3.78 3.93 3.97 3.96 4.00 4.17 4.28 4.10 3.74 3.56 3.59 3.59 3.60 3.73 3.87 3.84 3.68 3.56 3.53 3.61 3.64 3.64 3.75 3.70 3.65 3.63 3.63 3.68 3.66 3.62 3.64 3.80 3.96 3.83 3.53 3.28 3.12 3.28 3.73 3.94 3.82 3.80 3.89 3.97 4.07 4.14 4.18 4.21 4.25 4.27 4.28 4.28
3.19 2.96 2.57 2.35 2.19 2.05 1.95 1.87 1.86 1.79 1.65 1.60 1.48 1.52 1.72 1.99 2.38 2.37 2.24 2.40 2.38 2.24 2.12 2.02 1.89 1.97 2.23 2.34 2.47 2.95 3.28 3.55 3.98 4.18 4.23 4.32 4.32 4.29 4.31 4.21 3.95 3.74 3.71 3.74 3.72 3.67 3.72 3.69 3.51 3.47 3.59 3.70 3.75 3.76 3.78 3.72 3.65 3.63 3.70 3.76 3.68 3.53 3.52 3.79 3.92 3.76 3.48 3.21 3.07 3.28 3.73 3.89 3.75 3.67 3.76 3.97 4.14 4.19 4.20 4.23 4.26 4.28 4.27 4.26
2.64 2.45 2.14 2.03 1.99 1.93 1.85 1.73 1.79 1.87 1.76 1.72 1.73 1.71 1.77 1.94 2.19 2.24 2.12 2.14 2.13 2.14 2.18 2.05 1.97 2.11 2.45 2.63 2.80 3.25 3.49 3.80 4.16 4.32 4.48 4.76 4.81 4.62 4.56 4.47 4.24 3.93 3.85 3.91 3.81 3.71 3.72 3.67 3.56 3.61 3.78 3.85 3.84 3.81 3.76 3.69 3.62 3.62 3.71 3.74 3.61 3.45 3.53 3.75 3.76 3.67 3.49 3.19 3.04 3.27 3.58 3.69 3.73 3.62 3.75 4.13 4.30 4.18 4.13 4.26 4.34 4.33 4.26 4.22
2.18 2.02 1.79 1.74 1.80 1.79 1.70 1.61 1.73 1.95 1.91 1.87 1.88 1.79 1.78 1.84 1.96 2.01 1.88 1.84 1.95 2.14 2.08 1.95 2.05 2.24 2.54 2.81 3.21 3.62 3.92 4.21 4.17 4.20 4.83 5.54 5.53 5.06 4.79 4.62 4.36 4.05 4.05 4.08 3.90 3.82 3.75 3.68 3.67 3.74 3.91 3.94 3.84 3.81 3.79 3.70 3.60 3.59 3.65 3.67 3.56 3.51 3.63 3.72 3.70 3.64 3.51 3.16 2.97 3.16 3.40 3.54 3.75 3.85 4.02 4.37 4.39 4.09 4.10 4.45 4.58 4.39 4.22 4.17
1.91 1.75 1.56 1.54 1.62 1.68 1.67 1.67 1.84 2.18 2.28 2.17 1.95 1.70 1.69 1.68 1.74 1.77 1.61 1.58 1.85 2.22 2.03 1.75 1.99 2.32 2.52 2.83 3.58 4.17 4.39 4.35 3.77 4.01 5.58 6.50 6.03 5.08 4.77 4.73 4.42 4.22 4.29 4.23 4.09 4.01 3.87 3.82 3.79 3.76 3.85 3.85 3.75 3.75 3.75 3.67 3.60 3.59 3.61 3.58 3.56 3.63 3.69 3.72 3.71 3.58 3.43 3.17 2.93 2.99 3.28 3.53 3.81 4.03 4.19 4.38 4.38 4.20 4.30 4.68 4.75 4.40 4.15 4.10
1.83 1.65 1.46 1.53 1.69 1.89 2.16 2.24 2.38 2.43 2.26 1.94 1.56 1.44 1.60 1.64 1.64 1.53 1.37 1.43 1.85 2.34 2.12 1.63 1.76 2.24 2.55 2.75 3.78 4.72 4.56 4.23 3.51 4.16 6.54 6.99 5.80 4.88 5.00 5.11 4.59 4.36 4.53 4.50 4.31 4.18 4.07 3.99 3.87 3.77 3.77 3.77 3.72 3.69 3.67 3.61 3.58 3.59 3.62 3.58 3.60 3.75 3.75 3.65 3.59 3.45 3.32 3.19 2.95 2.89 3.14 3.56 3.90 4.10 4.28 4.43 4.50 4.46 4.40 4.55 4.64 4.40 4.14 4.01
1.84 1.67 1.63 1.96 2.31 2.52 2.51 2.33 2.15 1.93 1.75 1.57 1.31 1.38 1.67 1.81 1.68 1.27 1.12 1.48 2.09 2.46 2.12 1.62 1.60 2.10 2.56 2.73 3.91 5.05 4.61 4.21 3.82 4.69 6.96 6.80 5.39 5.19 5.67 5.31 4.28 4.29 4.81 4.66 4.35 4.32 4.26 4.01 3.81 3.77 3.81 3.84 3.78 3.69 3.61 3.57 3.56 3.65 3.73 3.64 3.60 3.81 3.78 3.46 3.39 3.39 3.26 3.20 3.02 2.82 2.93 3.55 4.08 4.22 4.37 4.51 4.60 4.52 4.28 4.33 4.51 4.51 4.22 3.92
2.05 1.92 2.01 2.29 2.38 2.23 1.90 1.63 1.52 1.48 1.54 1.51 1.33 1.47 1.89 2.14 1.78 1.04 0.96 1.60 2.32 2.56 2.11 1.70 1.70 2.05 2.48 2.82 4.10 5.15 4.76 4.33 4.15 5.14 7.09 6.90 5.91 6.12 5.93 4.77 3.97 4.59 5.06 4.62 4.40 4.51 4.34 3.95 3.79 3.83 3.86 3.84 3.72 3.63 3.62 3.59 3.55 3.70 3.81 3.59 3.51 3.71 3.64 3.27 3.23 3.37 3.33 3.22 3.02 2.81 2.94 3.65 4.27 4.29 4.34 4.47 4.50 4.40 4.26 4.30 4.44 4.59 4.31 3.82
2.19 2.08 2.07 2.03 1.83 1.59 1.37 1.33 1.34 1.35 1.44 1.54 1.52 1.72 2.24 2.49 1.89 1.05 0.96 1.63 2.40 2.72 2.26 1.86 1.86 2.18 2.65 3.13 4.08 4.94 4.95 4.52 4.33 5.47 7.50 7.69 7.04 6.70 5.66 4.38 4.39 4.92 5.04 4.73 4.63 4.54 4.16 3.84 3.82 3.89 3.86 3.72 3.52 3.54 3.68 3.61 3.50 3.66 3.77 3.55 3.41 3.51 3.47 3.26 3.24 3.41 3.46 3.25 3.01 2.94 3.13 3.69 4.20 4.23 4.27 4.40 4.36 4.27 4.29 4.37 4.47 4.61 4.33 3.81
2.08 1.90 1.72 1.55 1.41 1.36 1.31 1.31 1.33 1.28 1.35 1.76 2.00 2.12 2.54 2.70 1.93 1.24 1.21 1.77 2.42 2.86 2.54 1.93 1.90 2.57 3.09 3.50 3.96 4.47 4.88 4.84 4.79 6.24 8.23 8.28 7.44 6.33 4.83 4.32 4.35 4.34 4.70 5.16 4.98 4.46 3.98 3.75 3.77 3.85 3.85 3.64 3.45 3.56 3.71 3.59 3.48 3.61 3.75 3.61 3.39 3.35 3.38 3.36 3.35 3.42 3.48 3.30 3.10 3.05 3.18 3.60 4.02 4.16 4.22 4.35 4.31 4.20 4.34 4.50 4.60 4.66 4.30 3.82
2.15 1.84 1.47 1.30 1.29 1.32 1.33 1.36 1.37 1.30 1.48 2.15 2.49 2.40 2.64 2.83 2.13 1.68 2.02 2.31 2.58 2.89 2.57 1.90 2.00 3.00 3.50 3.81 3.91 4.08 4.60 5.04 5.59 7.27 8.69 7.94 6.41 5.10 4.19 3.87 3.53 3.75 4.93 5.61 5.04 4.22 3.87 3.85 3.86 3.87 3.82 3.61 3.52 3.63 3.70 3.60 3.50 3.55 3.70 3.63 3.43 3.27 3.32 3.51 3.44 3.41 3.45 3.36 3.33 3.27 3.31 3.66 4.02 4.07 4.14 4.35 4.36 4.27 4.33 4.46 4.74 4.71 4.11 3.69
