windninja/windninja_output/Output_2025-08-24_1800-1850_Google earth_Fire_150m_10min/merlingen_7.5mi_point_08-24-2025_1810_150m_vel.asc
ncols	158
nrows	163
xllcorner	391686.332397
yllcorner	5160024.123721
cellsize	150.000000
NODATA_value	-32768.000000
[rows 38 to 75 of 163, columns 0 to 83 of 158]
1.64 1.67 1.72 1.72 1.70 1.70 1.72 1.74 1.76 1.80 1.81 1.80 1.80 1.81 1.83 1.83 1.84 1.85 1.87 1.88 1.90 1.91 1.93 1.96 1.97 1.97 1.98 2.10 2.48 2.81 2.77 2.63 2.50 2.32 2.17 1.70 1.07 0.95 1.23 1.41 1.56 1.75 1.93 2.10 2.24 2.29 2.32 2.33 2.27 2.42 2.69 2.72 2.61 2.60 2.78 2.86 2.79 2.78 2.89 3.07 3.09 2.79 2.44 2.19 2.14 2.63 3.67 3.92 2.86 1.96 2.11 2.82 3.17 2.68 1.93 1.95 2.20 2.06 2.08 2.32 2.07 1.89 1.96 2.34
1.64 1.65 1.67 1.67 1.68 1.68 1.69 1.74 1.78 1.81 1.79 1.77 1.78 1.80 1.82 1.82 1.83 1.84 1.86 1.88 1.90 1.91 1.94 1.95 1.97 1.99 2.06 2.24 2.44 2.47 2.37 2.33 2.26 2.17 1.93 1.34 1.04 1.30 1.54 1.63 1.76 1.96 2.21 2.39 2.45 2.50 2.52 2.47 2.47 2.68 2.92 2.97 2.96 3.10 3.35 3.39 3.31 3.28 3.32 3.36 3.14 2.70 2.33 2.12 2.13 2.62 3.71 3.69 2.55 2.28 2.96 3.35 2.95 2.03 1.68 2.32 2.60 2.23 2.14 2.34 2.06 1.80 1.95 2.54
1.64 1.63 1.64 1.66 1.67 1.68 1.71 1.76 1.79 1.78 1.75 1.76 1.78 1.81 1.82 1.83 1.83 1.84 1.86 1.88 1.90 1.92 1.93 1.95 1.98 2.01 2.07 2.15 2.16 2.16 2.24 2.21 2.08 1.93 1.57 1.16 1.23 1.55 1.75 1.91 2.08 2.32 2.56 2.59 2.56 2.68 2.74 2.72 2.73 2.81 3.06 3.30 3.48 3.65 3.67 3.53 3.38 3.24 3.18 3.03 2.56 2.06 1.95 2.13 2.26 2.71 3.60 3.46 2.78 3.11 3.37 2.88 2.17 1.64 1.92 2.91 2.89 2.32 2.18 2.21 1.93 1.80 2.15 2.76
1.66 1.65 1.65 1.66 1.67 1.69 1.74 1.78 1.78 1.75 1.74 1.77 1.79 1.80 1.82 1.82 1.83 1.84 1.87 1.89 1.91 1.91 1.91 1.94 1.97 1.99 2.02 2.05 2.04 2.13 2.23 2.12 1.95 1.75 1.45 1.34 1.45 1.63 1.94 2.33 2.64 2.90 2.91 2.79 2.92 3.16 3.18 3.07 2.97 3.04 3.40 3.65 3.59 3.38 3.17 2.97 2.67 2.46 2.41 2.22 1.85 1.61 1.92 2.40 2.54 2.90 3.49 3.59 3.52 3.53 2.89 2.28 2.15 2.00 2.56 3.34 2.80 2.15 1.93 1.87 1.80 1.91 2.41 2.98
1.68 1.67 1.67 1.66 1.68 1.72 1.75 1.76 1.75 1.74 1.75 1.77 1.79 1.80 1.81 1.81 1.82 1.84 1.86 1.88 1.89 1.88 1.90 1.93 1.95 1.96 1.98 2.02 2.07 2.18 2.19 2.06 1.90 1.72 1.60 1.63 1.80 2.18 2.58 2.81 2.94 2.93 2.85 3.06 3.35 3.31 3.00 2.69 2.61 2.87 3.39 3.51 3.04 2.65 2.53 2.40 2.06 1.80 1.73 1.72 1.66 1.77 2.29 2.67 2.87 3.33 3.81 4.15 4.03 3.28 2.46 2.44 2.69 2.66 3.26 3.45 2.45 1.87 1.68 1.70 1.86 2.08 2.59 3.42
1.70 1.69 1.68 1.68 1.71 1.76 1.76 1.74 1.74 1.75 1.75 1.77 1.78 1.78 1.79 1.79 1.80 1.82 1.85 1.87 1.87 1.87 1.90 1.93 1.94 1.95 1.98 2.04 2.09 2.11 2.07 1.98 1.88 1.81 1.81 1.90 2.23 2.69 2.84 2.77 2.64 2.55 2.77 3.14 3.05 2.53 2.19 2.12 2.33 2.78 3.34 3.29 2.64 2.26 2.18 2.02 1.72 1.49 1.48 1.67 1.89 2.19 2.58 2.82 3.32 4.06 4.50 4.58 4.03 3.17 2.88 3.19 3.31 3.33 3.63 3.21 2.18 1.69 1.56 1.67 1.96 2.38 3.17 4.23
1.71 1.69 1.68 1.72 1.76 1.76 1.73 1.73 1.74 1.74 1.75 1.76 1.77 1.76 1.77 1.78 1.80 1.82 1.86 1.87 1.87 1.88 1.90 1.91 1.93 1.95 2.01 2.06 2.05 2.02 2.00 1.97 1.93 1.91 1.93 2.09 2.41 2.57 2.43 2.31 2.29 2.51 2.90 2.94 2.38 1.85 1.80 2.11 2.67 3.28 3.48 3.05 2.37 2.00 1.83 1.67 1.47 1.37 1.55 1.94 2.30 2.61 2.82 3.17 4.05 4.72 4.71 4.37 3.66 3.19 3.30 3.50 3.48 3.46 3.29 2.53 1.77 1.48 1.42 1.68 2.20 2.98 3.96 4.32
1.71 1.71 1.74 1.78 1.77 1.74 1.74 1.75 1.75 1.74 1.75 1.76 1.76 1.76 1.78 1.80 1.82 1.85 1.87 1.87 1.87 1.88 1.89 1.91 1.94 1.98 2.01 2.01 1.99 1.99 2.01 2.02 2.01 1.99 2.01 2.16 2.28 2.26 2.18 2.19 2.36 2.67 2.86 2.53 1.91 1.73 2.02 2.61 3.30 3.51 3.07 2.42 1.90 1.53 1.41 1.39 1.33 1.48 1.94 2.43 2.76 3.07 3.43 4.07 4.85 4.95 4.46 3.78 2.97 2.69 2.90 3.00 2.97 2.84 2.40 1.76 1.32 1.29 1.48 2.09 2.91 3.64 3.92 3.34
1.73 1.76 1.81 1.79 1.74 1.73 1.75 1.76 1.75 1.75 1.76 1.77 1.77 1.77 1.79 1.81 1.83 1.84 1.85 1.85 1.86 1.87 1.88 1.91 1.95 1.98 1.97 1.95 1.96 1.99 2.00 2.02 2.03 2.03 2.08 2.15 2.18 2.21 2.26 2.31 2.45 2.61 2.62 2.16 1.67 1.87 2.49 3.20 3.45 2.98 2.34 1.88 1.43 1.17 1.17 1.26 1.45 1.92 2.57 3.04 3.32 3.73 4.33 4.81 4.95 4.60 3.93 3.19 2.51 2.37 2.54 2.54 2.49 2.24 1.78 1.31 1.10 1.26 1.78 2.54 3.14 3.32 2.98 2.37
1.78 1.81 1.81 1.75 1.70 1.73 1.77 1.76 1.76 1.77 1.78 1.78 1.77 1.78 1.79 1.81 1.82 1.83 1.84 1.84 1.85 1.84 1.87 1.90 1.93 1.94 1.93 1.95 1.97 1.99 2.00 2.01 2.02 2.03 2.05 2.08 2.15 2.24 2.28 2.31 2.41 2.54 2.42 1.95 1.79 2.27 2.98 3.32 2.96 2.29 1.86 1.43 1.13 1.19 1.28 1.46 1.96 2.60 3.29 3.67 3.82 4.22 4.60 4.57 4.35 3.95 3.25 2.72 2.35 2.29 2.38 2.30 2.19 1.89 1.42 1.02 0.96 1.27 1.84 2.41 2.71 2.61 2.37 2.11
1.82 1.82 1.79 1.69 1.67 1.76 1.80 1.78 1.77 1.78 1.78 1.77 1.76 1.77 1.79 1.80 1.81 1.81 1.82 1.83 1.83 1.84 1.88 1.90 1.92 1.92 1.94 1.95 1.97 1.98 2.00 2.02 2.04 2.05 2.04 2.06 2.15 2.21 2.23 2.28 2.38 2.40 2.18 1.93 2.16 2.77 3.19 3.03 2.46 1.89 1.40 1.06 1.08 1.30 1.46 1.87 2.60 3.40 4.03 4.08 3.98 4.15 4.21 4.00 3.81 3.45 2.89 2.50 2.26 2.17 2.16 2.09 1.94 1.60 1.16 0.88 0.96 1.32 1.77 2.20 2.43 2.41 2.36 2.24
1.86 1.83 1.74 1.63 1.67 1.81 1.84 1.81 1.80 1.79 1.79 1.77 1.76 1.77 1.78 1.80 1.80 1.81 1.82 1.82 1.83 1.86 1.89 1.90 1.92 1.94 1.95 1.96 1.97 1.99 2.01 2.03 2.06 2.07 2.07 2.11 2.19 2.25 2.27 2.29 2.30 2.23 2.10 2.11 2.44 2.92 2.99 2.55 2.02 1.45 1.03 1.06 1.37 1.65 1.96 2.52 3.38 4.20 4.35 3.89 3.60 3.64 3.70 3.74 3.62 3.23 2.74 2.35 2.14 2.05 2.01 1.93 1.70 1.34 1.05 1.01 1.24 1.55 1.88 2.21 2.45 2.56 2.51 2.39
1.89 1.82 1.69 1.63 1.76 1.90 1.89 1.86 1.83 1.81 1.80 1.78 1.79 1.79 1.80 1.81 1.81 1.82 1.82 1.84 1.86 1.88 1.90 1.91 1.94 1.95 1.95 1.95 1.97 2.00 2.02 2.04 2.05 2.07 2.09 2.14 2.22 2.27 2.27 2.24 2.22 2.24 2.26 2.32 2.58 2.84 2.63 2.07 1.47 0.95 0.85 1.27 1.82 2.19 2.61 3.34 4.21 4.43 3.87 3.18 2.90 2.95 3.34 3.79 3.62 3.05 2.55 2.19 1.99 1.91 1.85 1.71 1.44 1.19 1.14 1.30 1.52 1.69 1.92 2.25 2.54 2.64 2.55 2.45
1.90 1.80 1.67 1.71 1.92 1.99 1.93 1.90 1.86 1.84 1.82 1.80 1.80 1.80 1.80 1.81 1.82 1.82 1.83 1.85 1.88 1.89 1.90 1.91 1.94 1.94 1.93 1.95 1.98 2.00 2.02 2.04 2.05 2.07 2.10 2.15 2.19 2.21 2.20 2.17 2.20 2.32 2.38 2.41 2.58 2.65 2.28 1.60 1.06 0.89 1.16 1.80 2.24 2.53 3.09 4.00 4.39 3.85 3.00 2.51 2.36 2.53 3.37 4.02 3.57 2.82 2.38 2.06 1.88 1.79 1.70 1.55 1.34 1.25 1.36 1.51 1.60 1.70 1.96 2.33 2.53 2.51 2.48 2.49
1.87 1.78 1.69 1.80 1.99 1.99 1.90 1.91 1.93 1.88 1.82 1.81 1.80 1.79 1.79 1.81 1.83 1.82 1.84 1.87 1.88 1.88 1.89 1.91 1.93 1.92 1.93 1.96 1.98 2.00 2.02 2.04 2.06 2.08 2.11 2.14 2.16 2.18 2.19 2.17 2.22 2.39 2.46 2.46 2.49 2.40 1.93 1.34 1.25 1.60 2.12 2.49 2.68 2.93 3.59 4.23 3.92 3.03 2.38 2.11 2.16 2.59 3.68 4.19 3.43 2.68 2.25 1.93 1.78 1.73 1.66 1.54 1.42 1.41 1.52 1.59 1.61 1.72 2.03 2.34 2.35 2.35 2.50 2.58
1.84 1.82 1.81 1.93 2.06 2.01 1.90 1.92 1.93 1.83 1.78 1.79 1.79 1.79 1.81 1.83 1.83 1.83 1.84 1.86 1.86 1.87 1.89 1.91 1.92 1.92 1.94 1.96 1.98 2.00 2.02 2.04 2.06 2.09 2.12 2.14 2.16 2.19 2.20 2.20 2.29 2.48 2.54 2.45 2.33 2.15 1.79 1.55 1.88 2.35 2.57 2.65 2.83 3.23 3.86 4.04 3.28 2.43 2.02 2.02 2.27 2.87 3.97 4.24 3.35 2.60 2.17 1.85 1.76 1.78 1.75 1.64 1.50 1.48 1.58 1.63 1.62 1.75 2.09 2.26 2.19 2.38 2.65 2.67
1.86 1.91 1.97 2.04 2.11 2.04 1.92 1.90 1.86 1.79 1.76 1.78 1.79 1.81 1.83 1.84 1.84 1.84 1.85 1.85 1.87 1.88 1.90 1.92 1.92 1.93 1.95 1.97 1.99 2.00 2.02 2.05 2.07 2.09 2.11 2.14 2.16 2.18 2.20 2.23 2.35 2.49 2.45 2.25 2.08 2.01 1.88 1.93 2.34 2.54 2.43 2.51 2.81 3.22 3.81 3.69 2.74 2.06 1.97 2.22 2.56 3.24 4.21 4.25 3.31 2.59 2.17 1.91 1.92 1.97 1.84 1.57 1.40 1.48 1.64 1.68 1.65 1.86 2.24 2.30 2.31 2.63 2.83 2.74
1.90 1.96 1.99 1.95 1.95 1.90 1.80 1.78 1.80 1.80 1.78 1.78 1.80 1.83 1.83 1.83 1.83 1.84 1.85 1.87 1.88 1.89 1.91 1.92 1.92 1.93 1.96 1.97 1.99 2.01 2.03 2.05 2.07 2.09 2.12 2.14 2.16 2.18 2.21 2.24 2.32 2.34 2.23 2.06 2.01 2.05 2.08 2.28 2.52 2.43 2.30 2.59 2.88 3.21 3.77 3.36 2.29 1.93 2.14 2.53 3.03 3.75 4.35 4.13 3.21 2.47 2.11 1.94 2.00 1.93 1.56 1.25 1.38 1.63 1.77 1.76 1.78 2.12 2.47 2.51 2.62 2.85 2.88 2.73
1.93 1.96 1.95 1.85 1.81 1.80 1.75 1.72 1.76 1.82 1.83 1.79 1.81 1.84 1.83 1.82 1.84 1.85 1.86 1.86 1.88 1.90 1.91 1.92 1.93 1.94 1.96 1.98 2.00 2.01 2.03 2.05 2.07 2.09 2.11 2.14 2.16 2.18 2.20 2.23 2.25 2.23 2.16 2.12 2.17 2.24 2.34 2.45 2.47 2.31 2.28 2.65 2.85 3.22 3.68 2.95 2.04 2.02 2.42 2.96 3.56 4.06 4.23 3.83 2.92 2.18 1.86 1.75 1.70 1.45 1.13 1.30 1.69 1.87 1.93 1.91 2.06 2.47 2.72 2.74 2.77 2.81 2.76 2.65
1.94 1.95 1.93 1.87 1.85 1.85 1.82 1.77 1.80 1.94 1.94 1.84 1.84 1.85 1.82 1.84 1.86 1.86 1.86 1.86 1.89 1.91 1.92 1.94 1.94 1.95 1.97 1.98 2.00 2.02 2.04 2.06 2.08 2.10 2.12 2.14 2.16 2.18 2.20 2.22 2.23 2.23 2.22 2.24 2.27 2.33 2.38 2.37 2.33 2.22 2.22 2.54 2.77 3.21 3.49 2.68 2.10 2.34 2.91 3.47 3.84 3.97 3.88 3.49 2.68 2.00 1.70 1.55 1.34 1.16 1.31 1.75 1.98 2.04 2.11 2.18 2.45 2.84 2.96 2.85 2.72 2.66 2.61 2.48
1.97 1.96 1.93 1.89 1.87 1.87 1.87 1.87 1.94 2.07 1.99 1.83 1.80 1.81 1.82 1.85 1.86 1.86 1.87 1.88 1.90 1.90 1.92 1.95 1.95 1.95 1.97 1.99 2.00 2.02 2.04 2.06 2.08 2.10 2.12 2.14 2.16 2.18 2.20 2.21 2.22 2.23 2.24 2.26 2.29 2.30 2.28 2.26 2.23 2.14 2.13 2.43 2.86 3.29 3.35 2.60 2.22 2.62 3.28 3.68 3.75 3.70 3.56 3.22 2.58 1.94 1.65 1.46 1.29 1.43 1.79 2.02 2.10 2.21 2.34 2.47 2.80 3.10 3.02 2.77 2.56 2.46 2.38 2.21
1.97 1.94 1.89 1.86 1.83 1.83 1.87 1.92 2.00 2.03 1.88 1.73 1.73 1.82 1.87 1.87 1.87 1.87 1.88 1.90 1.90 1.92 1.95 1.96 1.94 1.95 1.97 1.99 2.01 2.03 2.04 2.06 2.08 2.10 2.12 2.14 2.16 2.18 2.20 2.21 2.23 2.24 2.26 2.27 2.29 2.28 2.27 2.25 2.23 2.18 2.20 2.52 3.03 3.30 3.17 2.51 2.29 2.86 3.45 3.60 3.52 3.43 3.26 2.97 2.46 1.95 1.68 1.45 1.39 1.71 2.00 2.09 2.26 2.47 2.57 2.70 3.02 3.08 2.75 2.43 2.24 2.19 2.14 1.98
1.94 1.91 1.85 1.83 1.81 1.83 1.87 1.92 1.97 1.94 1.85 1.76 1.81 1.93 1.94 1.89 1.88 1.89 1.91 1.92 1.92 1.95 1.98 1.96 1.94 1.95 1.97 1.99 2.01 2.03 2.05 2.07 2.09 2.11 2.12 2.14 2.16 2.18 2.20 2.21 2.23 2.25 2.26 2.28 2.29 2.29 2.30 2.30 2.32 2.32 2.36 2.61 3.01 3.17 2.92 2.42 2.49 3.12 3.47 3.42 3.27 3.10 2.93 2.73 2.38 2.01 1.63 1.30 1.40 1.85 2.08 2.22 2.50 2.69 2.73 2.89 3.05 2.78 2.33 2.09 1.97 1.97 1.94 1.81
1.90 1.88 1.83 1.82 1.82 1.85 1.89 1.96 2.00 1.98 1.94 1.90 1.95 1.99 1.93 1.90 1.91 1.93 1.94 1.93 1.94 1.96 1.96 1.93 1.92 1.94 1.97 2.00 2.02 2.04 2.06 2.07 2.09 2.11 2.13 2.15 2.17 2.18 2.20 2.22 2.24 2.26 2.27 2.28 2.30 2.31 2.33 2.36 2.39 2.41 2.42 2.53 2.86 3.00 2.66 2.34 2.71 3.22 3.31 3.17 2.97 2.81 2.73 2.61 2.35 2.02 1.50 1.24 1.56 2.09 2.27 2.46 2.74 2.83 2.83 2.92 2.80 2.37 2.07 1.95 1.85 1.81 1.73 1.67
1.84 1.82 1.80 1.81 1.84 1.89 1.97 2.05 2.05 2.01 1.98 1.95 1.96 1.94 1.90 1.92 1.94 1.95 1.95 1.92 1.94 1.95 1.93 1.91 1.91 1.94 1.99 2.02 2.04 2.05 2.06 2.08 2.10 2.11 2.13 2.15 2.17 2.19 2.21 2.22 2.24 2.26 2.27 2.29 2.31 2.33 2.36 2.39 2.41 2.44 2.42 2.50 2.81 2.88 2.48 2.41 2.91 3.21 3.15 3.00 2.81 2.75 2.74 2.57 2.31 1.93 1.38 1.40 1.95 2.35 2.46 2.66 2.90 2.93 2.86 2.75 2.45 2.15 1.99 1.87 1.78 1.68 1.62 1.74
1.74 1.73 1.75 1.81 1.88 1.96 2.04 2.08 2.05 2.01 1.99 1.96 1.93 1.92 1.92 1.94 1.95 1.96 1.95 1.95 1.96 1.94 1.93 1.92 1.93 1.97 2.02 2.04 2.04 2.05 2.07 2.08 2.10 2.12 2.14 2.15 2.17 2.19 2.21 2.23 2.25 2.26 2.28 2.30 2.32 2.35 2.38 2.40 2.43 2.45 2.47 2.58 2.82 2.85 2.57 2.62 3.05 3.21 3.12 3.03 2.93 2.84 2.62 2.22 2.00 1.68 1.29 1.72 2.33 2.53 2.61 2.80 3.02 2.99 2.81 2.55 2.32 2.20 2.04 1.87 1.76 1.66 1.72 2.15
1.62 1.66 1.75 1.84 1.93 1.98 2.00 2.01 2.01 1.98 1.98 2.01 1.99 1.96 1.94 1.96 2.00 1.99 1.98 1.98 1.96 1.93 1.92 1.94 1.94 1.98 2.04 2.04 2.02 2.05 2.08 2.09 2.10 2.12 2.14 2.16 2.18 2.20 2.22 2.23 2.25 2.27 2.29 2.31 2.34 2.36 2.39 2.41 2.44 2.47 2.52 2.62 2.77 2.84 2.65 2.68 3.09 3.25 3.20 3.18 2.96 2.49 1.93 1.68 1.79 1.68 1.77 2.30 2.59 2.64 2.75 2.94 3.11 2.97 2.68 2.48 2.44 2.38 2.15 1.94 1.80 1.79 2.13 2.76
1.61 1.67 1.82 1.93 1.99 2.00 1.97 1.97 1.96 1.93 1.99 2.08 2.01 1.93 1.95 1.99 2.00 1.98 1.97 1.97 1.94 1.92 1.93 1.95 1.94 1.99 2.05 2.03 2.04 2.08 2.09 2.09 2.11 2.13 2.15 2.16 2.18 2.20 2.22 2.24 2.26 2.28 2.30 2.32 2.34 2.37 2.39 2.41 2.45 2.49 2.54 2.60 2.71 2.78 2.64 2.73 3.13 3.32 3.27 3.12 2.50 1.62 1.40 1.83 2.24 2.37 2.58 2.72 2.69 2.72 2.81 2.99 3.10 2.84 2.58 2.57 2.61 2.43 2.10 1.86 1.83 2.11 2.76 3.62
1.66 1.74 1.90 1.97 2.01 2.06 2.05 2.03 2.04 2.05 2.15 2.17 2.01 1.94 1.98 1.99 1.97 1.95 1.96 2.00 2.01 1.97 1.96 1.97 1.98 2.03 2.06 2.05 2.06 2.09 2.08 2.09 2.11 2.13 2.15 2.17 2.19 2.21 2.23 2.24 2.26 2.28 2.30 2.32 2.35 2.37 2.39 2.42 2.45 2.49 2.54 2.59 2.65 2.69 2.66 2.80 3.10 3.24 3.14 2.77 1.94 1.50 1.97 2.61 2.86 2.90 2.86 2.71 2.66 2.74 2.82 2.98 3.04 2.78 2.67 2.66 2.57 2.29 1.98 1.93 2.30 3.01 4.06 5.36
1.83 1.97 2.11 2.08 2.13 2.26 2.21 2.09 2.08 2.18 2.26 2.17 2.05 2.02 1.98 1.95 1.96 1.97 2.01 2.07 2.05 1.98 2.00 2.04 2.02 2.02 2.00 1.99 2.02 2.05 2.07 2.09 2.11 2.14 2.16 2.18 2.19 2.21 2.23 2.25 2.27 2.28 2.31 2.32 2.35 2.37 2.40 2.43 2.46 2.49 2.53 2.56 2.61 2.64 2.68 2.78 2.92 2.94 2.83 2.48 1.91 1.97 2.54 2.93 3.01 2.92 2.72 2.56 2.62 2.74 2.80 2.94 2.98 2.80 2.66 2.57 2.43 2.20 2.11 2.48 3.25 4.24 5.45 6.17
2.16 2.32 2.49 2.54 2.67 2.73 2.51 2.22 2.16 2.32 2.34 2.18 2.11 2.07 1.98 1.94 1.98 2.03 2.07 2.06 1.96 1.94 2.03 2.07 2.03 1.96 1.91 1.95 2.01 2.05 2.07 2.09 2.13 2.14 2.16 2.18 2.20 2.22 2.23 2.25 2.27 2.29 2.31 2.33 2.35 2.37 2.40 2.43 2.45 2.48 2.51 2.55 2.58 2.61 2.66 2.71 2.73 2.69 2.64 2.46 2.14 2.27 2.69 2.95 2.97 2.76 2.57 2.57 2.70 2.79 2.76 2.82 2.92 2.73 2.48 2.40 2.31 2.17 2.31 2.94 3.75 4.65 5.37 5.07
2.31 2.37 2.47 2.61 2.79 2.78 2.57 2.43 2.56 2.78 2.77 2.59 2.44 2.29 2.17 2.10 2.07 2.08 2.04 1.96 1.92 1.95 2.01 2.04 1.95 1.78 1.80 1.98 2.05 2.08 2.10 2.11 2.14 2.16 2.17 2.19 2.21 2.23 2.24 2.26 2.27 2.29 2.31 2.33 2.35 2.37 2.40 2.42 2.45 2.48 2.50 2.53 2.56 2.59 2.62 2.64 2.64 2.62 2.59 2.49 2.34 2.43 2.71 2.88 2.77 2.54 2.53 2.68 2.78 2.74 2.60 2.75 2.97 2.71 2.41 2.31 2.18 2.18 2.46 3.09 3.74 4.21 4.19 4.07
2.28 2.26 2.23 2.22 2.24 2.14 1.98 2.17 2.62 2.87 2.76 2.57 2.47 2.36 2.26 2.18 2.12 2.07 1.99 1.92 1.93 1.94 1.97 1.99 1.76 1.59 1.82 2.08 2.13 2.13 2.13 2.13 2.16 2.17 2.18 2.20 2.22 2.23 2.24 2.26 2.27 2.29 2.31 2.33 2.35 2.37 2.40 2.42 2.44 2.47 2.50 2.52 2.55 2.57 2.59 2.60 2.60 2.59 2.57 2.52 2.49 2.55 2.65 2.63 2.52 2.45 2.56 2.63 2.60 2.47 2.47 2.88 3.05 2.62 2.29 2.16 2.16 2.29 2.57 2.96 3.27 3.32 3.22 4.23
2.20 2.16 2.12 2.06 1.97 1.86 1.71 1.83 2.27 2.41 1.98 1.75 1.77 1.80 1.87 1.92 1.95 2.00 2.00 1.96 1.92 1.92 1.97 1.93 1.73 1.72 2.02 2.23 2.21 2.17 2.16 2.17 2.18 2.18 2.18 2.21 2.23 2.24 2.25 2.26 2.28 2.29 2.31 2.33 2.35 2.37 2.39 2.42 2.44 2.46 2.49 2.51 2.53 2.55 2.57 2.58 2.58 2.58 2.57 2.55 2.55 2.58 2.58 2.54 2.51 2.52 2.52 2.49 2.40 2.34 2.56 2.97 2.91 2.33 2.06 2.08 2.24 2.37 2.45 2.48 2.51 2.66 3.26 5.15
2.09 2.09 2.07 1.99 1.92 1.89 1.85 1.90 2.12 2.05 1.58 1.43 1.48 1.50 1.57 1.64 1.74 1.88 1.96 1.95 1.95 2.01 2.04 2.00 1.90 1.91 2.10 2.23 2.19 2.18 2.19 2.17 2.18 2.19 2.19 2.23 2.24 2.24 2.25 2.26 2.28 2.29 2.31 2.33 2.35 2.37 2.39 2.41 2.44 2.46 2.48 2.50 2.52 2.54 2.56 2.57 2.57 2.58 2.57 2.57 2.57 2.58 2.58 2.57 2.58 2.56 2.50 2.46 2.39 2.42 2.59 2.74 2.52 1.93 1.84 2.01 2.22 2.27 2.11 2.01 2.16 2.75 4.16 5.87
2.02 2.04 1.99 1.90 1.89 1.93 1.94 1.98 2.02 1.83 1.60 1.58 1.59 1.59 1.63 1.66 1.73 1.83 1.87 1.89 1.98 2.08 2.11 2.10 2.01 1.97 2.08 2.17 2.17 2.18 2.16 2.15 2.21 2.24 2.25 2.25 2.23 2.23 2.25 2.26 2.28 2.29 2.30 2.32 2.34 2.36 2.38 2.41 2.43 2.45 2.48 2.50 2.52 2.54 2.55 2.56 2.57 2.57 2.58 2.58 2.59 2.59 2.59 2.59 2.58 2.56 2.53 2.51 2.50 2.53 2.54 2.47 2.20 1.81 1.82 2.02 2.18 2.12 1.87 1.89 2.35 3.52 5.24 5.72
1.90 1.89 1.84 1.79 1.83 1.90 1.92 1.94 1.89 1.77 1.72 1.73 1.70 1.70 1.75 1.78 1.82 1.87 1.89 1.90 1.96 2.01 2.03 2.03 1.98 1.97 2.06 2.12 2.13 2.15 2.13 2.16 2.26 2.33 2.31 2.25 2.24 2.25 2.26 2.27 2.28 2.28 2.30 2.31 2.34 2.36 2.38 2.40 2.43 2.45 2.47 2.50 2.52 2.53 2.55 2.56 2.57 2.57 2.58 2.58 2.59 2.60 2.60 2.60 2.59 2.58 2.56 2.56 2.58 2.57 2.51 2.40 2.21 2.03 2.07 2.25 2.31 2.10 1.86 2.08 3.09 4.66 5.57 4.48
1.67 1.68 1.68 1.66 1.72 1.85 1.89 1.88 1.86 1.82 1.79 1.78 1.76 1.78 1.82 1.84 1.87 1.92 1.94 1.94 1.94 1.95 1.95 1.95 1.94 1.92 1.97 2.05 2.12 2.17 2.19 2.21 2.27 2.28 2.22 2.18 2.21 2.26 2.28 2.27 2.26 2.27 2.29 2.31 2.33 2.35 2.37 2.40 2.42 2.45 2.47 2.49 2.51 2.53 2.54 2.55 2.57 2.58 2.59 2.59 2.60 2.61 2.61 2.61 2.60 2.60 2.60 2.61 2.61 2.57 2.52 2.44 2.36 2.30 2.33 2.47 2.40 2.13 2.06 2.63 4.12 5.12 4.63 2.64
