windninja/windninja_output/Output_2025-08-24_1800-1850_Google earth_Fire_150m_10min/merlingen_7.5mi_point_08-24-2025_1800_150m_vel.asc
ncols	158
nrows	163
xllcorner	391686.332397
yllcorner	5160024.123721
cellsize	150.000000
NODATA_value	-32768.000000
[rows 76 to 113 of 163, columns 0 to 83 of 158]
1.84 1.86 1.80 1.66 1.66 1.75 1.72 1.64 1.62 1.57 1.53 1.50 1.47 1.47 1.46 1.42 1.41 1.44 1.43 1.41 1.41 1.43 1.45 1.46 1.38 1.26 1.32 1.47 1.57 1.64 1.69 1.69 1.68 1.67 1.65 1.60 1.60 1.64 1.64 1.62 1.63 1.66 1.69 1.72 1.74 1.77 1.80 1.83 1.85 1.87 1.90 1.92 1.94 1.95 1.97 1.98 2.00 2.01 2.02 2.03 2.04 2.05 2.06 2.07 2.07 2.07 2.08 2.09 2.08 2.06 2.03 1.99 1.95 1.92 1.94 1.98 1.85 1.66 1.79 2.61 3.59 3.59 2.68 1.44
1.68 1.72 1.77 1.74 1.75 1.76 1.68 1.63 1.62 1.59 1.55 1.50 1.46 1.48 1.46 1.41 1.41 1.44 1.42 1.40 1.41 1.43 1.45 1.45 1.33 1.23 1.36 1.52 1.54 1.55 1.60 1.65 1.64 1.67 1.74 1.68 1.64 1.65 1.63 1.62 1.61 1.63 1.67 1.70 1.73 1.76 1.79 1.82 1.85 1.87 1.89 1.92 1.93 1.95 1.96 1.98 1.99 2.00 2.02 2.03 2.04 2.05 2.06 2.07 2.08 2.08 2.09 2.09 2.08 2.07 2.06 2.03 2.01 1.99 1.98 1.97 1.86 1.75 1.98 2.76 3.18 2.44 1.49 1.03
1.44 1.39 1.60 1.94 1.96 1.80 1.69 1.67 1.71 1.66 1.55 1.47 1.46 1.47 1.45 1.42 1.42 1.43 1.39 1.37 1.40 1.43 1.46 1.41 1.23 1.21 1.43 1.54 1.52 1.47 1.49 1.62 1.67 1.72 1.79 1.75 1.65 1.63 1.63 1.63 1.58 1.59 1.65 1.69 1.72 1.75 1.78 1.81 1.84 1.87 1.90 1.92 1.93 1.95 1.96 1.97 1.99 2.00 2.01 2.03 2.04 2.05 2.06 2.07 2.08 2.09 2.10 2.10 2.10 2.10 2.09 2.07 2.03 2.02 2.00 1.97 1.89 1.84 2.05 2.55 2.49 1.46 0.83 0.78
1.02 0.97 1.40 2.13 2.46 2.23 1.90 1.79 1.83 1.71 1.49 1.41 1.43 1.45 1.44 1.42 1.43 1.40 1.35 1.35 1.39 1.43 1.45 1.36 1.18 1.23 1.48 1.57 1.52 1.43 1.44 1.60 1.69 1.73 1.80 1.77 1.65 1.59 1.64 1.64 1.55 1.54 1.62 1.66 1.69 1.72 1.76 1.80 1.84 1.87 1.90 1.92 1.93 1.94 1.95 1.97 1.98 2.00 2.01 2.02 2.04 2.05 2.06 2.08 2.09 2.10 2.11 2.11 2.12 2.12 2.11 2.08 2.05 2.05 2.03 1.99 1.94 1.92 2.05 2.21 1.79 0.96 0.71 0.83
0.56 0.70 1.32 2.09 2.84 3.02 2.36 1.95 1.90 1.65 1.39 1.34 1.40 1.41 1.42 1.42 1.40 1.35 1.31 1.33 1.39 1.42 1.43 1.33 1.18 1.26 1.50 1.57 1.51 1.43 1.46 1.59 1.67 1.72 1.80 1.77 1.61 1.56 1.64 1.65 1.52 1.48 1.57 1.61 1.64 1.70 1.74 1.79 1.85 1.90 1.93 1.93 1.93 1.94 1.95 1.96 1.97 1.99 2.00 2.02 2.04 2.05 2.07 2.08 2.09 2.10 2.11 2.13 2.13 2.13 2.12 2.10 2.08 2.07 2.06 2.03 1.99 1.96 1.99 1.90 1.42 1.05 1.06 1.09
0.29 0.67 1.54 2.37 3.25 3.03 2.12 1.82 1.73 1.48 1.28 1.25 1.32 1.36 1.39 1.38 1.34 1.31 1.30 1.32 1.37 1.40 1.41 1.34 1.20 1.27 1.49 1.54 1.51 1.48 1.50 1.60 1.65 1.68 1.74 1.72 1.60 1.57 1.63 1.64 1.51 1.43 1.50 1.56 1.60 1.66 1.68 1.73 1.87 1.97 1.97 1.95 1.94 1.94 1.94 1.95 1.96 1.98 2.00 2.02 2.03 2.05 2.07 2.08 2.10 2.11 2.13 2.14 2.14 2.14 2.13 2.12 2.10 2.10 2.09 2.07 2.04 2.00 1.97 1.82 1.54 1.38 1.29 1.16
0.47 1.00 2.03 3.10 3.31 2.22 1.41 1.32 1.30 1.20 1.08 1.11 1.23 1.29 1.34 1.32 1.28 1.28 1.30 1.31 1.34 1.38 1.41 1.34 1.20 1.29 1.49 1.52 1.52 1.52 1.52 1.56 1.57 1.58 1.62 1.64 1.62 1.59 1.61 1.61 1.51 1.43 1.47 1.55 1.62 1.69 1.70 1.76 1.98 2.09 2.04 1.99 1.94 1.92 1.92 1.93 1.95 1.97 2.00 2.01 2.03 2.05 2.07 2.08 2.10 2.12 2.13 2.15 2.15 2.15 2.15 2.14 2.13 2.13 2.12 2.11 2.09 2.04 1.98 1.86 1.69 1.49 1.34 1.37
2.12 2.23 2.71 2.96 2.46 1.62 1.18 0.97 0.89 0.85 0.85 0.99 1.13 1.21 1.27 1.25 1.24 1.27 1.29 1.30 1.34 1.37 1.40 1.33 1.24 1.34 1.50 1.51 1.50 1.50 1.50 1.50 1.49 1.49 1.53 1.58 1.62 1.61 1.61 1.57 1.49 1.47 1.53 1.64 1.74 1.83 1.88 1.98 2.15 2.19 2.09 2.00 1.95 1.91 1.89 1.90 1.94 1.96 1.99 2.01 2.03 2.05 2.07 2.09 2.11 2.12 2.14 2.15 2.16 2.16 2.17 2.17 2.16 2.16 2.16 2.15 2.13 2.08 2.01 1.91 1.73 1.58 1.54 1.94
2.84 2.62 2.33 2.00 1.64 1.36 1.01 0.76 0.71 0.73 0.83 0.95 1.03 1.13 1.21 1.22 1.21 1.26 1.30 1.31 1.35 1.37 1.37 1.37 1.34 1.38 1.47 1.47 1.44 1.48 1.48 1.45 1.42 1.41 1.46 1.54 1.61 1.63 1.60 1.55 1.52 1.54 1.60 1.68 1.77 1.84 1.91 2.03 2.12 2.08 1.98 1.93 1.89 1.82 1.81 1.87 1.92 1.96 1.98 2.01 2.03 2.05 2.07 2.09 2.11 2.13 2.14 2.16 2.17 2.18 2.19 2.19 2.19 2.19 2.19 2.20 2.18 2.14 2.09 2.01 1.89 1.88 1.98 2.59
3.30 2.65 1.84 1.63 1.50 1.28 0.92 0.75 0.78 0.84 0.91 0.93 0.97 1.09 1.19 1.20 1.18 1.26 1.30 1.32 1.35 1.35 1.37 1.43 1.42 1.35 1.37 1.39 1.42 1.46 1.43 1.40 1.36 1.33 1.43 1.54 1.58 1.61 1.61 1.60 1.58 1.57 1.60 1.66 1.73 1.79 1.87 1.98 2.01 1.95 1.87 1.81 1.75 1.71 1.74 1.83 1.91 1.95 1.98 2.01 2.03 2.05 2.07 2.09 2.11 2.12 2.14 2.16 2.18 2.19 2.20 2.21 2.21 2.22 2.23 2.24 2.23 2.20 2.18 2.15 2.14 2.28 2.57 3.35
3.46 2.69 1.80 1.60 1.47 1.27 0.95 0.87 0.97 1.01 0.96 0.89 0.95 1.06 1.15 1.16 1.15 1.23 1.28 1.32 1.33 1.33 1.40 1.51 1.48 1.32 1.29 1.36 1.44 1.42 1.36 1.38 1.35 1.33 1.47 1.55 1.54 1.58 1.63 1.65 1.62 1.57 1.58 1.62 1.68 1.75 1.86 1.96 1.99 1.90 1.79 1.72 1.70 1.71 1.74 1.82 1.90 1.94 1.99 2.02 2.04 2.05 2.07 2.09 2.11 2.13 2.15 2.17 2.19 2.20 2.22 2.23 2.24 2.25 2.27 2.28 2.28 2.28 2.29 2.32 2.41 2.69 3.22 4.19
3.18 2.48 1.80 1.61 1.39 1.23 1.05 1.04 1.16 1.13 0.94 0.86 0.98 1.02 1.08 1.11 1.09 1.19 1.29 1.35 1.34 1.34 1.53 1.75 1.62 1.34 1.28 1.36 1.40 1.36 1.32 1.36 1.36 1.37 1.47 1.52 1.49 1.55 1.64 1.67 1.64 1.58 1.54 1.58 1.63 1.72 1.85 1.94 1.96 1.85 1.73 1.69 1.69 1.70 1.75 1.82 1.89 1.96 2.01 2.03 2.05 2.06 2.07 2.08 2.10 2.12 2.15 2.17 2.19 2.21 2.23 2.25 2.27 2.28 2.30 2.32 2.34 2.37 2.42 2.50 2.64 2.98 3.54 4.37
2.66 2.29 1.83 1.60 1.34 1.21 1.18 1.18 1.17 1.11 0.94 0.93 1.02 0.98 1.02 1.02 1.02 1.19 1.35 1.46 1.45 1.54 2.00 2.15 1.71 1.25 1.20 1.29 1.30 1.29 1.30 1.34 1.35 1.37 1.42 1.46 1.46 1.49 1.59 1.66 1.65 1.58 1.53 1.53 1.59 1.70 1.84 1.91 1.90 1.82 1.75 1.70 1.66 1.70 1.77 1.83 1.91 1.99 2.03 2.06 2.07 2.06 2.06 2.08 2.10 2.12 2.15 2.17 2.20 2.22 2.24 2.26 2.29 2.31 2.33 2.36 2.41 2.46 2.53 2.61 2.76 3.03 3.45 4.18
2.29 2.17 1.87 1.54 1.32 1.22 1.21 1.19 1.09 1.11 1.16 1.09 1.00 0.94 0.92 0.88 0.98 1.22 1.48 1.68 1.78 2.16 2.48 2.11 1.33 0.99 1.05 1.17 1.20 1.24 1.28 1.31 1.33 1.34 1.39 1.44 1.42 1.41 1.49 1.61 1.64 1.59 1.53 1.50 1.56 1.67 1.79 1.87 1.88 1.83 1.79 1.74 1.72 1.76 1.79 1.82 1.88 1.96 2.10 2.17 2.11 2.05 2.04 2.06 2.08 2.11 2.14 2.17 2.20 2.22 2.25 2.28 2.30 2.33 2.36 2.40 2.46 2.52 2.59 2.68 2.82 3.00 3.28 3.75
2.22 2.04 1.69 1.40 1.30 1.21 1.15 1.12 1.05 1.20 1.39 1.18 0.92 0.86 0.81 0.79 0.96 1.26 1.68 2.13 2.50 2.70 2.33 1.47 0.88 0.76 0.91 1.07 1.13 1.19 1.24 1.28 1.31 1.31 1.37 1.43 1.39 1.37 1.42 1.55 1.64 1.60 1.54 1.49 1.53 1.60 1.70 1.83 1.89 1.86 1.84 1.82 1.82 1.81 1.75 1.72 1.78 1.98 2.33 2.35 2.12 2.00 2.01 2.04 2.07 2.10 2.14 2.17 2.20 2.22 2.25 2.28 2.32 2.35 2.39 2.44 2.49 2.55 2.63 2.73 2.86 3.01 3.18 3.50
2.15 1.86 1.49 1.40 1.40 1.29 1.16 1.10 1.07 1.31 1.48 1.17 0.85 0.79 0.79 0.83 0.98 1.25 1.80 2.63 2.94 2.51 1.53 0.91 0.62 0.61 0.81 0.98 1.07 1.14 1.20 1.25 1.29 1.30 1.35 1.41 1.38 1.38 1.41 1.48 1.58 1.58 1.55 1.52 1.51 1.54 1.63 1.77 1.88 1.92 1.91 1.90 1.89 1.82 1.66 1.62 1.86 2.26 2.58 2.41 2.02 1.91 1.95 2.00 2.05 2.09 2.13 2.16 2.19 2.22 2.26 2.29 2.33 2.37 2.41 2.46 2.52 2.58 2.66 2.76 2.89 3.02 3.21 3.51
2.06 1.82 1.55 1.54 1.58 1.53 1.48 1.40 1.26 1.35 1.45 1.16 0.86 0.80 0.82 0.93 1.10 1.37 2.12 2.87 2.67 1.48 0.80 0.52 0.40 0.50 0.74 0.91 1.01 1.10 1.17 1.23 1.29 1.30 1.34 1.38 1.38 1.39 1.41 1.42 1.45 1.50 1.55 1.54 1.50 1.49 1.54 1.67 1.85 1.98 2.00 1.99 1.94 1.82 1.65 1.75 2.20 2.49 2.49 2.18 1.85 1.79 1.87 1.96 2.02 2.07 2.12 2.15 2.19 2.22 2.26 2.30 2.33 2.38 2.42 2.47 2.53 2.60 2.68 2.78 2.90 3.03 3.22 3.46
2.07 1.91 1.69 1.68 1.78 1.83 1.78 1.64 1.46 1.39 1.49 1.37 1.20 1.20 1.19 1.30 1.60 2.02 2.62 2.64 1.77 0.60 0.35 0.28 0.29 0.47 0.71 0.87 0.97 1.06 1.12 1.21 1.30 1.32 1.32 1.34 1.37 1.39 1.40 1.38 1.33 1.36 1.50 1.56 1.48 1.43 1.47 1.60 1.83 1.99 2.13 2.17 1.98 1.79 1.70 1.89 2.24 2.29 2.14 1.97 1.79 1.70 1.78 1.91 2.00 2.06 2.11 2.14 2.18 2.22 2.26 2.30 2.34 2.38 2.42 2.48 2.54 2.61 2.69 2.78 2.89 3.02 3.17 3.36
2.20 2.00 1.74 1.76 1.92 1.89 1.64 1.38 1.26 1.43 1.61 1.58 1.53 1.53 1.56 1.71 1.92 2.19 2.38 1.78 0.82 0.31 0.20 0.20 0.28 0.50 0.71 0.85 0.93 0.99 1.06 1.22 1.36 1.35 1.29 1.30 1.35 1.39 1.40 1.37 1.28 1.26 1.43 1.55 1.46 1.43 1.48 1.61 1.83 2.04 2.36 2.39 1.91 1.70 1.75 1.86 2.05 2.07 1.98 1.91 1.82 1.69 1.74 1.89 1.99 2.05 2.09 2.13 2.17 2.22 2.25 2.29 2.33 2.37 2.42 2.48 2.54 2.61 2.69 2.77 2.87 2.98 3.12 3.27
2.30 2.06 1.77 1.81 1.93 1.75 1.38 1.08 1.04 1.29 1.49 1.41 1.21 0.99 1.06 1.34 1.52 1.64 1.82 1.26 0.56 0.50 0.41 0.34 0.39 0.57 0.71 0.82 0.88 0.93 1.09 1.34 1.44 1.34 1.24 1.27 1.34 1.37 1.38 1.36 1.29 1.25 1.36 1.50 1.50 1.53 1.60 1.73 1.96 2.28 2.56 2.33 1.71 1.58 1.72 1.82 1.93 1.98 1.93 1.88 1.84 1.72 1.76 1.90 1.98 2.02 2.07 2.13 2.17 2.21 2.24 2.27 2.32 2.37 2.42 2.48 2.54 2.60 2.67 2.75 2.84 2.94 3.05 3.18
2.33 2.15 1.91 1.85 1.82 1.54 1.21 0.97 0.92 0.99 1.10 1.09 0.85 0.71 0.78 1.05 1.21 1.56 1.68 0.95 0.72 0.77 0.67 0.54 0.55 0.65 0.72 0.80 0.86 0.97 1.23 1.41 1.38 1.26 1.18 1.23 1.32 1.36 1.37 1.36 1.32 1.27 1.32 1.46 1.58 1.64 1.76 1.98 2.25 2.44 2.33 1.92 1.56 1.49 1.66 1.80 1.86 1.89 1.85 1.84 1.82 1.75 1.80 1.91 1.96 2.01 2.08 2.13 2.17 2.18 2.21 2.26 2.31 2.36 2.42 2.47 2.53 2.59 2.66 2.73 2.81 2.90 2.99 3.09
2.49 2.32 2.01 1.75 1.56 1.36 1.14 0.95 0.87 0.84 0.86 0.76 0.59 0.62 0.77 1.02 1.25 1.52 1.50 1.07 0.92 0.88 0.89 0.82 0.74 0.72 0.73 0.79 0.89 1.06 1.25 1.29 1.24 1.19 1.16 1.21 1.30 1.35 1.37 1.36 1.35 1.29 1.29 1.46 1.62 1.68 1.83 2.07 2.21 2.12 1.82 1.67 1.57 1.49 1.61 1.76 1.81 1.80 1.79 1.81 1.78 1.76 1.82 1.91 1.96 2.02 2.08 2.12 2.13 2.15 2.19 2.25 2.30 2.35 2.40 2.45 2.51 2.57 2.64 2.70 2.78 2.85 2.93 3.01
2.75 2.44 1.91 1.52 1.34 1.28 1.11 0.97 0.90 0.81 0.74 0.64 0.52 0.55 0.77 1.04 1.27 1.32 1.10 1.05 0.98 0.91 1.09 1.14 0.93 0.72 0.69 0.77 0.89 1.04 1.15 1.17 1.19 1.19 1.17 1.21 1.30 1.38 1.38 1.37 1.37 1.32 1.30 1.41 1.55 1.63 1.79 1.98 1.98 1.82 1.66 1.64 1.61 1.54 1.61 1.74 1.80 1.79 1.78 1.76 1.72 1.75 1.85 1.92 1.97 2.03 2.06 2.09 2.11 2.13 2.18 2.24 2.29 2.33 2.39 2.44 2.50 2.55 2.61 2.68 2.74 2.81 2.87 2.94
2.87 2.37 1.71 1.39 1.24 1.14 1.00 0.96 0.93 0.82 0.74 0.65 0.53 0.54 0.74 1.01 1.15 1.05 0.93 0.92 0.92 1.09 1.44 1.33 0.82 0.54 0.60 0.73 0.84 0.98 1.08 1.12 1.17 1.20 1.20 1.25 1.34 1.41 1.41 1.39 1.38 1.35 1.32 1.35 1.47 1.63 1.78 1.86 1.82 1.72 1.69 1.66 1.62 1.62 1.67 1.74 1.77 1.80 1.77 1.72 1.69 1.76 1.87 1.94 1.99 2.03 2.04 2.07 2.09 2.11 2.16 2.21 2.26 2.31 2.37 2.42 2.47 2.53 2.59 2.65 2.71 2.77 2.82 2.88
2.49 2.09 1.59 1.36 1.17 1.04 0.94 0.90 0.88 0.81 0.77 0.68 0.58 0.60 0.71 0.93 1.06 0.88 0.74 0.75 0.98 1.48 1.53 0.89 0.43 0.43 0.58 0.70 0.79 0.92 1.04 1.11 1.18 1.23 1.26 1.31 1.36 1.41 1.46 1.44 1.39 1.38 1.34 1.32 1.45 1.62 1.72 1.74 1.72 1.69 1.71 1.67 1.62 1.67 1.73 1.74 1.71 1.79 1.81 1.71 1.68 1.76 1.88 1.97 2.04 2.04 2.04 2.05 2.04 2.07 2.12 2.19 2.24 2.30 2.35 2.40 2.46 2.51 2.57 2.62 2.67 2.73 2.78 2.83
2.02 1.76 1.47 1.29 1.08 0.97 0.92 0.87 0.81 0.78 0.75 0.67 0.59 0.60 0.68 0.82 0.93 0.80 0.63 0.89 1.42 1.56 1.10 0.69 0.55 0.53 0.62 0.70 0.77 0.88 1.03 1.14 1.23 1.29 1.31 1.31 1.33 1.41 1.52 1.50 1.39 1.36 1.34 1.33 1.40 1.51 1.62 1.66 1.66 1.67 1.69 1.66 1.63 1.66 1.73 1.71 1.68 1.81 1.83 1.70 1.67 1.74 1.87 2.01 2.08 2.05 2.03 1.99 1.95 2.00 2.09 2.18 2.23 2.27 2.33 2.38 2.44 2.49 2.54 2.59 2.64 2.69 2.74 2.78
1.63 1.48 1.29 1.15 0.98 0.90 0.87 0.83 0.78 0.73 0.70 0.64 0.54 0.50 0.60 0.79 0.92 0.89 0.84 1.17 1.46 1.05 0.75 0.70 0.63 0.62 0.66 0.70 0.76 0.88 1.05 1.19 1.28 1.33 1.34 1.33 1.35 1.46 1.57 1.52 1.37 1.32 1.35 1.35 1.37 1.48 1.61 1.66 1.64 1.64 1.63 1.64 1.64 1.65 1.72 1.70 1.72 1.80 1.78 1.74 1.72 1.77 1.88 2.00 2.08 2.05 1.97 1.89 1.84 1.91 2.08 2.20 2.21 2.24 2.30 2.36 2.41 2.47 2.52 2.57 2.62 2.66 2.70 2.73
1.34 1.24 1.11 1.00 0.90 0.83 0.80 0.78 0.74 0.69 0.66 0.62 0.53 0.51 0.64 0.82 0.96 0.95 0.94 1.16 1.13 0.80 0.73 0.71 0.67 0.66 0.71 0.73 0.77 0.93 1.08 1.20 1.31 1.36 1.38 1.39 1.41 1.49 1.55 1.50 1.37 1.32 1.35 1.37 1.39 1.47 1.57 1.60 1.56 1.55 1.57 1.63 1.65 1.66 1.73 1.73 1.73 1.75 1.77 1.81 1.81 1.80 1.83 1.95 2.08 2.02 1.88 1.78 1.72 1.82 2.10 2.23 2.17 2.19 2.26 2.33 2.40 2.47 2.51 2.55 2.59 2.63 2.66 2.69
1.11 1.04 0.93 0.86 0.82 0.77 0.74 0.71 0.71 0.68 0.64 0.62 0.58 0.59 0.67 0.78 0.92 0.91 0.86 0.91 0.87 0.80 0.74 0.71 0.66 0.67 0.75 0.79 0.83 0.98 1.09 1.18 1.32 1.40 1.43 1.47 1.47 1.48 1.51 1.49 1.42 1.35 1.36 1.40 1.41 1.41 1.47 1.50 1.47 1.48 1.55 1.63 1.67 1.69 1.72 1.72 1.70 1.71 1.77 1.83 1.81 1.74 1.76 1.93 2.02 1.96 1.84 1.72 1.66 1.80 2.08 2.19 2.12 2.10 2.18 2.31 2.42 2.47 2.50 2.53 2.57 2.61 2.63 2.65
0.91 0.85 0.77 0.74 0.73 0.71 0.67 0.64 0.66 0.68 0.64 0.63 0.63 0.63 0.66 0.73 0.82 0.82 0.76 0.75 0.74 0.73 0.72 0.68 0.64 0.68 0.78 0.84 0.89 1.02 1.10 1.21 1.34 1.40 1.46 1.56 1.58 1.53 1.53 1.53 1.47 1.38 1.38 1.43 1.41 1.39 1.43 1.45 1.44 1.48 1.58 1.64 1.67 1.68 1.69 1.68 1.67 1.69 1.76 1.80 1.75 1.70 1.76 1.89 1.92 1.90 1.83 1.68 1.62 1.78 1.98 2.06 2.11 2.06 2.14 2.37 2.49 2.44 2.44 2.53 2.60 2.61 2.60 2.60
0.74 0.70 0.63 0.62 0.64 0.64 0.60 0.57 0.61 0.68 0.67 0.66 0.66 0.64 0.64 0.66 0.70 0.71 0.65 0.61 0.63 0.69 0.67 0.61 0.63 0.67 0.77 0.84 0.95 1.08 1.19 1.29 1.29 1.31 1.51 1.74 1.74 1.61 1.55 1.52 1.46 1.38 1.42 1.45 1.40 1.40 1.40 1.42 1.44 1.49 1.60 1.65 1.63 1.65 1.67 1.65 1.63 1.65 1.71 1.75 1.71 1.71 1.78 1.85 1.86 1.87 1.82 1.65 1.56 1.70 1.86 1.95 2.09 2.15 2.25 2.47 2.50 2.35 2.39 2.62 2.71 2.61 2.54 2.55
0.63 0.59 0.53 0.53 0.56 0.58 0.57 0.56 0.63 0.74 0.77 0.75 0.68 0.59 0.58 0.58 0.60 0.60 0.53 0.50 0.57 0.68 0.63 0.54 0.58 0.66 0.71 0.79 1.00 1.19 1.26 1.27 1.11 1.19 1.67 1.95 1.82 1.56 1.50 1.51 1.43 1.40 1.45 1.45 1.43 1.43 1.40 1.42 1.44 1.47 1.55 1.59 1.58 1.60 1.62 1.62 1.61 1.62 1.66 1.68 1.69 1.74 1.78 1.81 1.84 1.81 1.76 1.64 1.52 1.59 1.77 1.92 2.09 2.22 2.33 2.46 2.47 2.38 2.47 2.71 2.77 2.57 2.47 2.48
0.59 0.54 0.49 0.52 0.56 0.63 0.72 0.75 0.80 0.81 0.76 0.65 0.52 0.47 0.51 0.53 0.53 0.50 0.43 0.42 0.55 0.70 0.64 0.49 0.51 0.62 0.69 0.74 1.01 1.27 1.25 1.17 0.98 1.18 1.86 2.01 1.68 1.44 1.52 1.57 1.43 1.40 1.49 1.50 1.46 1.45 1.43 1.44 1.43 1.44 1.49 1.53 1.54 1.55 1.57 1.57 1.58 1.60 1.63 1.64 1.68 1.77 1.79 1.75 1.76 1.72 1.68 1.63 1.52 1.50 1.66 1.91 2.10 2.22 2.35 2.45 2.51 2.51 2.49 2.60 2.68 2.57 2.44 2.39
0.59 0.55 0.54 0.65 0.76 0.83 0.83 0.77 0.71 0.63 0.55 0.48 0.41 0.41 0.49 0.55 0.53 0.41 0.34 0.42 0.59 0.70 0.61 0.47 0.47 0.58 0.68 0.72 1.00 1.29 1.20 1.10 1.02 1.27 1.89 1.87 1.50 1.48 1.66 1.57 1.30 1.36 1.55 1.52 1.44 1.46 1.47 1.40 1.38 1.41 1.47 1.52 1.53 1.52 1.52 1.53 1.55 1.60 1.66 1.64 1.64 1.77 1.77 1.64 1.65 1.67 1.63 1.61 1.54 1.43 1.52 1.87 2.16 2.25 2.36 2.46 2.54 2.53 2.41 2.46 2.59 2.63 2.48 2.31
0.66 0.63 0.67 0.75 0.77 0.72 0.61 0.52 0.47 0.44 0.44 0.43 0.38 0.42 0.54 0.62 0.55 0.37 0.32 0.45 0.61 0.68 0.58 0.49 0.51 0.59 0.67 0.74 1.02 1.26 1.18 1.09 1.06 1.32 1.83 1.81 1.59 1.69 1.67 1.36 1.17 1.42 1.58 1.46 1.42 1.50 1.46 1.35 1.34 1.40 1.46 1.49 1.48 1.48 1.50 1.51 1.51 1.60 1.66 1.59 1.57 1.69 1.69 1.54 1.56 1.64 1.64 1.60 1.51 1.41 1.49 1.87 2.21 2.25 2.31 2.41 2.47 2.45 2.39 2.42 2.53 2.66 2.53 2.24
0.72 0.69 0.68 0.65 0.59 0.50 0.42 0.40 0.38 0.38 0.39 0.40 0.41 0.48 0.62 0.70 0.57 0.39 0.36 0.46 0.60 0.67 0.60 0.55 0.54 0.62 0.74 0.86 1.03 1.17 1.15 1.08 1.06 1.34 1.86 1.94 1.83 1.78 1.53 1.21 1.26 1.47 1.52 1.46 1.46 1.47 1.38 1.29 1.32 1.39 1.43 1.42 1.38 1.42 1.50 1.49 1.47 1.56 1.63 1.55 1.51 1.58 1.59 1.52 1.52 1.62 1.67 1.58 1.48 1.45 1.55 1.86 2.14 2.20 2.25 2.35 2.37 2.35 2.40 2.45 2.52 2.65 2.52 2.23
0.69 0.63 0.57 0.50 0.45 0.42 0.40 0.40 0.39 0.37 0.36 0.46 0.55 0.59 0.69 0.73 0.57 0.45 0.47 0.57 0.67 0.72 0.66 0.56 0.54 0.69 0.84 0.94 1.02 1.05 1.07 1.08 1.12 1.48 1.97 2.02 1.87 1.62 1.26 1.16 1.22 1.26 1.40 1.56 1.53 1.40 1.29 1.26 1.29 1.36 1.40 1.36 1.33 1.41 1.49 1.46 1.44 1.52 1.60 1.55 1.48 1.48 1.52 1.53 1.53 1.59 1.64 1.58 1.50 1.48 1.56 1.78 2.02 2.13 2.20 2.29 2.30 2.28 2.39 2.50 2.58 2.65 2.46 2.21
0.72 0.62 0.50 0.44 0.42 0.41 0.41 0.42 0.42 0.40 0.44 0.59 0.68 0.68 0.71 0.73 0.61 0.57 0.72 0.81 0.83 0.79 0.67 0.55 0.55 0.75 0.88 0.97 0.99 0.99 1.02 1.06 1.21 1.63 1.98 1.85 1.54 1.26 1.06 1.02 0.97 1.08 1.44 1.66 1.50 1.29 1.23 1.27 1.30 1.35 1.37 1.32 1.32 1.41 1.47 1.46 1.44 1.48 1.55 1.54 1.48 1.43 1.47 1.56 1.54 1.55 1.59 1.57 1.57 1.55 1.58 1.77 1.98 2.04 2.12 2.25 2.28 2.26 2.33 2.45 2.65 2.65 2.33 2.13
