windninja/windninja_output/Output_2025-08-24_1800-1850_Google earth_Fire_150m_10min/merlingen_7.5mi_point_08-24-2025_1820_150m_vel.asc
ncols	158
nrows	163
xllcorner	391686.332397
yllcorner	5160024.123721
cellsize	150.000000
NODATA_value	-32768.000000
[rows 38 to 75 of 163, columns 0 to 83 of 158]
1.80 1.81 1.82 1.79 1.75 1.74 1.73 1.72 1.72 1.73 1.73 1.73 1.71 1.70 1.70 1.70 1.70 1.70 1.71 1.72 1.72 1.73 1.74 1.76 1.77 1.78 1.81 1.93 2.20 2.41 2.34 2.21 2.06 1.90 1.77 1.47 1.10 0.98 1.09 1.22 1.33 1.47 1.61 1.75 1.86 1.90 1.94 1.97 1.93 2.04 2.25 2.29 2.21 2.19 2.32 2.41 2.37 2.36 2.45 2.60 2.62 2.37 2.09 1.87 1.82 2.25 3.18 3.41 2.49 1.71 1.83 2.44 2.74 2.30 1.63 1.66 1.86 1.70 1.76 2.02 1.79 1.63 1.72 2.10
1.77 1.76 1.75 1.73 1.71 1.69 1.68 1.69 1.71 1.72 1.70 1.68 1.67 1.68 1.68 1.67 1.67 1.67 1.68 1.69 1.70 1.72 1.73 1.74 1.75 1.77 1.84 1.98 2.10 2.06 1.94 1.91 1.86 1.78 1.58 1.22 1.12 1.28 1.41 1.45 1.51 1.65 1.85 2.01 2.08 2.11 2.13 2.11 2.13 2.28 2.46 2.52 2.55 2.66 2.86 2.90 2.84 2.81 2.84 2.86 2.68 2.31 1.98 1.81 1.82 2.25 3.21 3.21 2.22 1.98 2.56 2.90 2.54 1.73 1.42 1.99 2.20 1.82 1.75 2.00 1.75 1.53 1.71 2.26
1.75 1.74 1.71 1.69 1.68 1.67 1.68 1.68 1.69 1.67 1.65 1.64 1.66 1.67 1.67 1.67 1.67 1.67 1.67 1.68 1.70 1.71 1.72 1.72 1.74 1.77 1.81 1.85 1.81 1.77 1.80 1.78 1.68 1.56 1.29 1.09 1.20 1.44 1.60 1.72 1.83 1.99 2.17 2.21 2.20 2.29 2.34 2.35 2.37 2.41 2.58 2.80 2.99 3.15 3.15 3.04 2.92 2.80 2.72 2.58 2.18 1.74 1.65 1.81 1.92 2.32 3.12 3.01 2.42 2.69 2.91 2.50 1.89 1.40 1.63 2.50 2.44 1.88 1.76 1.85 1.62 1.50 1.86 2.45
1.75 1.74 1.71 1.68 1.65 1.65 1.67 1.68 1.66 1.63 1.62 1.64 1.65 1.65 1.65 1.65 1.66 1.66 1.67 1.68 1.69 1.69 1.69 1.70 1.72 1.73 1.75 1.74 1.72 1.75 1.79 1.71 1.58 1.43 1.25 1.24 1.33 1.44 1.71 2.06 2.34 2.55 2.55 2.44 2.53 2.74 2.77 2.70 2.62 2.64 2.89 3.10 3.09 2.91 2.71 2.52 2.28 2.09 2.03 1.86 1.54 1.35 1.62 2.04 2.17 2.48 3.01 3.10 3.03 3.05 2.50 1.98 1.87 1.70 2.18 2.86 2.34 1.72 1.54 1.54 1.52 1.60 2.08 2.62
1.74 1.73 1.69 1.66 1.64 1.63 1.64 1.64 1.63 1.62 1.62 1.62 1.63 1.63 1.63 1.63 1.63 1.64 1.65 1.66 1.66 1.65 1.66 1.68 1.69 1.69 1.70 1.71 1.75 1.81 1.79 1.68 1.56 1.44 1.40 1.47 1.63 1.93 2.25 2.46 2.58 2.56 2.51 2.69 2.92 2.89 2.63 2.35 2.28 2.46 2.85 2.94 2.59 2.26 2.14 2.01 1.73 1.50 1.43 1.42 1.37 1.48 1.93 2.26 2.44 2.84 3.26 3.56 3.46 2.80 2.09 2.09 2.30 2.25 2.77 2.94 2.02 1.47 1.31 1.37 1.55 1.76 2.24 2.99
1.73 1.71 1.68 1.65 1.64 1.65 1.64 1.61 1.60 1.60 1.60 1.60 1.60 1.60 1.60 1.60 1.60 1.61 1.62 1.63 1.63 1.63 1.65 1.67 1.67 1.68 1.69 1.73 1.76 1.75 1.69 1.62 1.55 1.53 1.57 1.67 1.96 2.33 2.46 2.40 2.27 2.18 2.36 2.68 2.62 2.20 1.90 1.82 1.97 2.33 2.78 2.74 2.24 1.93 1.83 1.68 1.42 1.22 1.21 1.37 1.56 1.84 2.17 2.39 2.82 3.46 3.84 3.91 3.43 2.66 2.39 2.69 2.79 2.80 3.06 2.69 1.75 1.30 1.19 1.34 1.63 2.01 2.73 3.67
1.71 1.69 1.64 1.64 1.65 1.63 1.60 1.59 1.58 1.58 1.58 1.58 1.58 1.57 1.57 1.58 1.58 1.60 1.62 1.63 1.63 1.64 1.64 1.65 1.66 1.67 1.71 1.74 1.73 1.68 1.65 1.62 1.61 1.62 1.66 1.80 2.05 2.16 2.04 1.95 1.93 2.10 2.41 2.44 2.01 1.59 1.53 1.77 2.24 2.75 2.92 2.56 2.02 1.71 1.54 1.39 1.21 1.12 1.27 1.61 1.92 2.19 2.38 2.68 3.45 4.03 4.02 3.72 3.10 2.66 2.74 2.93 2.91 2.89 2.76 2.08 1.37 1.10 1.07 1.36 1.85 2.53 3.40 3.76
1.69 1.68 1.67 1.67 1.64 1.60 1.58 1.58 1.58 1.57 1.56 1.57 1.56 1.57 1.57 1.58 1.60 1.62 1.62 1.62 1.63 1.64 1.64 1.64 1.65 1.69 1.71 1.69 1.67 1.67 1.68 1.68 1.68 1.68 1.71 1.82 1.90 1.85 1.79 1.82 1.97 2.21 2.33 2.08 1.63 1.50 1.71 2.19 2.77 2.95 2.58 2.02 1.60 1.30 1.17 1.13 1.08 1.21 1.61 2.03 2.32 2.59 2.90 3.46 4.13 4.23 3.81 3.23 2.52 2.26 2.44 2.54 2.51 2.40 2.02 1.43 0.96 0.92 1.12 1.70 2.44 3.10 3.39 2.96
1.70 1.70 1.70 1.66 1.60 1.57 1.56 1.57 1.56 1.56 1.57 1.57 1.57 1.57 1.58 1.59 1.60 1.60 1.60 1.60 1.61 1.61 1.62 1.64 1.66 1.68 1.66 1.65 1.65 1.66 1.67 1.68 1.69 1.71 1.76 1.81 1.81 1.82 1.85 1.91 2.02 2.13 2.11 1.77 1.43 1.59 2.09 2.68 2.89 2.49 1.95 1.56 1.19 0.96 0.95 1.02 1.18 1.59 2.15 2.56 2.81 3.16 3.67 4.09 4.22 3.94 3.36 2.72 2.12 2.00 2.16 2.17 2.14 1.94 1.51 1.04 0.77 0.90 1.40 2.11 2.67 2.87 2.64 2.16
1.71 1.71 1.68 1.63 1.56 1.52 1.53 1.54 1.55 1.56 1.57 1.57 1.57 1.57 1.57 1.58 1.58 1.58 1.58 1.59 1.59 1.59 1.60 1.62 1.64 1.63 1.63 1.64 1.65 1.66 1.67 1.67 1.68 1.69 1.72 1.73 1.78 1.85 1.87 1.89 1.97 2.06 1.96 1.62 1.53 1.91 2.47 2.75 2.45 1.90 1.54 1.18 0.93 0.97 1.05 1.21 1.63 2.17 2.76 3.10 3.24 3.58 3.91 3.89 3.72 3.38 2.79 2.33 2.00 1.94 2.03 1.97 1.90 1.65 1.22 0.81 0.67 0.95 1.50 2.06 2.38 2.33 2.14 1.93
1.71 1.70 1.66 1.58 1.52 1.51 1.52 1.53 1.54 1.55 1.55 1.55 1.55 1.55 1.55 1.55 1.56 1.56 1.56 1.57 1.57 1.58 1.60 1.61 1.62 1.62 1.63 1.65 1.66 1.66 1.67 1.68 1.69 1.70 1.70 1.72 1.77 1.82 1.83 1.86 1.93 1.94 1.77 1.60 1.82 2.31 2.64 2.50 2.03 1.57 1.17 0.86 0.87 1.05 1.20 1.56 2.18 2.86 3.41 3.46 3.37 3.53 3.58 3.42 3.26 2.96 2.47 2.13 1.92 1.84 1.85 1.80 1.68 1.39 1.00 0.71 0.73 1.05 1.49 1.92 2.16 2.16 2.11 2.00
1.70 1.68 1.63 1.54 1.50 1.53 1.54 1.54 1.54 1.55 1.55 1.54 1.54 1.54 1.55 1.55 1.55 1.55 1.56 1.56 1.57 1.59 1.60 1.62 1.62 1.64 1.65 1.65 1.66 1.67 1.68 1.70 1.72 1.72 1.73 1.76 1.81 1.86 1.87 1.88 1.87 1.80 1.70 1.74 2.02 2.40 2.45 2.09 1.66 1.21 0.87 0.88 1.13 1.36 1.63 2.11 2.84 3.55 3.68 3.30 3.05 3.09 3.16 3.20 3.11 2.77 2.34 2.01 1.82 1.74 1.72 1.66 1.47 1.16 0.89 0.82 0.99 1.26 1.57 1.92 2.16 2.26 2.21 2.09
1.68 1.66 1.60 1.56 1.59 1.63 1.62 1.59 1.57 1.56 1.56 1.55 1.56 1.56 1.56 1.56 1.56 1.56 1.57 1.57 1.59 1.60 1.61 1.62 1.64 1.65 1.65 1.65 1.66 1.68 1.69 1.71 1.72 1.73 1.75 1.79 1.84 1.88 1.87 1.84 1.82 1.82 1.85 1.91 2.12 2.31 2.14 1.68 1.19 0.78 0.70 1.04 1.50 1.83 2.20 2.82 3.55 3.75 3.27 2.69 2.45 2.50 2.85 3.26 3.11 2.61 2.18 1.86 1.70 1.63 1.58 1.48 1.25 1.02 0.96 1.07 1.23 1.38 1.62 1.95 2.23 2.32 2.24 2.13
1.64 1.61 1.58 1.61 1.70 1.75 1.71 1.66 1.62 1.60 1.58 1.57 1.57 1.56 1.56 1.56 1.57 1.57 1.57 1.59 1.60 1.61 1.62 1.63 1.64 1.64 1.64 1.65 1.66 1.68 1.69 1.70 1.72 1.73 1.76 1.79 1.82 1.83 1.81 1.79 1.80 1.90 1.95 1.99 2.12 2.15 1.84 1.29 0.85 0.72 0.96 1.48 1.86 2.12 2.59 3.37 3.70 3.25 2.53 2.12 1.99 2.15 2.89 3.46 3.07 2.42 2.03 1.75 1.60 1.53 1.46 1.33 1.15 1.06 1.14 1.26 1.32 1.40 1.65 2.02 2.22 2.23 2.21 2.19
1.60 1.57 1.57 1.62 1.70 1.72 1.69 1.68 1.69 1.66 1.61 1.58 1.57 1.55 1.55 1.56 1.57 1.57 1.58 1.59 1.60 1.60 1.60 1.62 1.63 1.62 1.63 1.65 1.67 1.68 1.69 1.71 1.72 1.74 1.76 1.78 1.80 1.80 1.81 1.80 1.83 1.96 2.02 2.03 2.04 1.95 1.56 1.10 1.04 1.35 1.79 2.09 2.25 2.46 3.02 3.55 3.30 2.55 1.99 1.77 1.82 2.20 3.16 3.61 2.95 2.29 1.91 1.64 1.51 1.47 1.41 1.31 1.19 1.18 1.27 1.33 1.34 1.43 1.72 2.03 2.07 2.11 2.26 2.31
1.62 1.62 1.66 1.73 1.77 1.75 1.71 1.70 1.67 1.62 1.58 1.56 1.55 1.55 1.57 1.58 1.57 1.57 1.58 1.58 1.58 1.58 1.60 1.62 1.62 1.62 1.64 1.66 1.67 1.68 1.70 1.71 1.73 1.75 1.77 1.79 1.80 1.82 1.83 1.83 1.89 2.04 2.09 2.02 1.92 1.76 1.46 1.30 1.59 1.98 2.17 2.23 2.37 2.71 3.24 3.39 2.76 2.04 1.69 1.69 1.92 2.45 3.41 3.66 2.88 2.21 1.83 1.55 1.48 1.51 1.47 1.36 1.24 1.23 1.33 1.38 1.36 1.48 1.81 1.97 1.93 2.13 2.39 2.39
1.69 1.72 1.78 1.83 1.84 1.81 1.75 1.70 1.62 1.55 1.53 1.54 1.55 1.56 1.58 1.59 1.58 1.58 1.59 1.58 1.59 1.60 1.61 1.62 1.62 1.63 1.65 1.66 1.67 1.69 1.70 1.72 1.74 1.75 1.77 1.79 1.80 1.82 1.83 1.86 1.95 2.06 2.02 1.85 1.71 1.65 1.55 1.62 1.97 2.13 2.04 2.10 2.35 2.69 3.19 3.10 2.30 1.72 1.64 1.86 2.16 2.76 3.62 3.66 2.84 2.19 1.81 1.58 1.59 1.64 1.52 1.28 1.15 1.24 1.38 1.42 1.38 1.58 1.94 1.98 1.99 2.30 2.50 2.42
1.71 1.74 1.75 1.70 1.64 1.59 1.57 1.57 1.57 1.56 1.54 1.53 1.54 1.56 1.57 1.57 1.57 1.58 1.59 1.60 1.61 1.61 1.62 1.62 1.63 1.64 1.65 1.67 1.68 1.69 1.71 1.73 1.74 1.76 1.77 1.79 1.80 1.82 1.84 1.87 1.92 1.93 1.83 1.69 1.66 1.69 1.73 1.90 2.10 2.03 1.93 2.16 2.41 2.68 3.16 2.82 1.92 1.61 1.79 2.13 2.56 3.20 3.74 3.56 2.75 2.08 1.74 1.58 1.64 1.59 1.27 1.02 1.14 1.37 1.49 1.47 1.49 1.80 2.12 2.13 2.22 2.45 2.51 2.38
1.69 1.70 1.69 1.61 1.51 1.44 1.43 1.46 1.49 1.55 1.58 1.56 1.55 1.57 1.56 1.56 1.57 1.58 1.59 1.59 1.60 1.62 1.62 1.63 1.64 1.65 1.66 1.67 1.69 1.70 1.72 1.73 1.75 1.76 1.78 1.79 1.81 1.83 1.84 1.86 1.87 1.84 1.78 1.76 1.80 1.86 1.95 2.05 2.06 1.93 1.91 2.20 2.38 2.69 3.08 2.47 1.71 1.69 2.03 2.49 3.01 3.46 3.63 3.31 2.50 1.83 1.53 1.43 1.40 1.19 0.91 1.06 1.40 1.56 1.60 1.58 1.70 2.09 2.31 2.31 2.33 2.40 2.40 2.31
1.67 1.67 1.67 1.67 1.64 1.58 1.52 1.49 1.52 1.63 1.70 1.67 1.62 1.58 1.55 1.56 1.59 1.59 1.59 1.59 1.61 1.63 1.64 1.65 1.65 1.66 1.67 1.68 1.69 1.71 1.72 1.74 1.75 1.77 1.78 1.80 1.81 1.83 1.84 1.85 1.86 1.86 1.85 1.87 1.89 1.94 1.98 1.97 1.94 1.85 1.85 2.11 2.31 2.68 2.93 2.24 1.75 1.96 2.45 2.93 3.26 3.39 3.34 3.02 2.31 1.68 1.40 1.26 1.09 0.93 1.06 1.43 1.63 1.68 1.74 1.78 2.02 2.38 2.48 2.37 2.27 2.26 2.25 2.18
1.69 1.68 1.66 1.66 1.67 1.67 1.64 1.62 1.66 1.75 1.73 1.68 1.63 1.57 1.55 1.57 1.58 1.59 1.60 1.61 1.62 1.62 1.63 1.66 1.66 1.66 1.67 1.69 1.70 1.71 1.73 1.74 1.76 1.77 1.79 1.80 1.82 1.83 1.85 1.86 1.87 1.87 1.88 1.89 1.91 1.92 1.90 1.88 1.85 1.78 1.77 2.02 2.38 2.75 2.81 2.18 1.85 2.20 2.76 3.11 3.19 3.16 3.06 2.79 2.22 1.63 1.35 1.17 1.01 1.14 1.46 1.66 1.73 1.82 1.92 2.02 2.32 2.58 2.50 2.28 2.11 2.08 2.06 1.95
1.68 1.67 1.64 1.60 1.58 1.59 1.63 1.67 1.71 1.69 1.59 1.53 1.55 1.59 1.61 1.60 1.59 1.59 1.61 1.62 1.63 1.64 1.66 1.67 1.66 1.66 1.68 1.69 1.71 1.72 1.73 1.75 1.77 1.78 1.79 1.81 1.82 1.84 1.85 1.86 1.88 1.89 1.90 1.91 1.92 1.91 1.90 1.88 1.86 1.82 1.83 2.10 2.53 2.76 2.66 2.11 1.92 2.40 2.92 3.05 3.00 2.93 2.80 2.57 2.12 1.64 1.37 1.13 1.07 1.38 1.64 1.72 1.87 2.04 2.11 2.21 2.51 2.57 2.27 2.00 1.85 1.86 1.86 1.75
1.66 1.63 1.60 1.57 1.55 1.55 1.57 1.61 1.64 1.62 1.57 1.55 1.61 1.71 1.72 1.66 1.62 1.61 1.63 1.64 1.65 1.68 1.70 1.68 1.66 1.67 1.68 1.70 1.71 1.73 1.74 1.76 1.77 1.79 1.80 1.82 1.83 1.85 1.86 1.87 1.89 1.90 1.91 1.92 1.93 1.93 1.93 1.93 1.94 1.94 1.97 2.18 2.52 2.66 2.45 2.03 2.09 2.63 2.94 2.90 2.78 2.65 2.52 2.36 2.06 1.70 1.32 1.00 1.09 1.51 1.72 1.83 2.07 2.23 2.24 2.37 2.54 2.31 1.92 1.73 1.64 1.68 1.70 1.61
1.64 1.61 1.57 1.56 1.56 1.57 1.58 1.62 1.67 1.67 1.67 1.68 1.74 1.77 1.73 1.70 1.69 1.67 1.67 1.65 1.66 1.68 1.68 1.66 1.65 1.66 1.68 1.70 1.72 1.74 1.75 1.77 1.78 1.79 1.81 1.82 1.84 1.85 1.87 1.88 1.90 1.91 1.92 1.93 1.94 1.95 1.97 1.99 2.01 2.03 2.03 2.12 2.40 2.52 2.23 1.96 2.28 2.73 2.82 2.70 2.54 2.40 2.34 2.25 2.03 1.71 1.21 0.94 1.25 1.72 1.87 2.04 2.27 2.35 2.33 2.41 2.33 1.96 1.70 1.60 1.54 1.55 1.54 1.51
1.59 1.55 1.52 1.53 1.56 1.61 1.66 1.72 1.73 1.71 1.71 1.72 1.73 1.71 1.69 1.72 1.73 1.72 1.70 1.66 1.67 1.67 1.65 1.64 1.64 1.66 1.70 1.72 1.74 1.75 1.76 1.77 1.79 1.80 1.82 1.83 1.85 1.86 1.88 1.89 1.91 1.92 1.93 1.94 1.96 1.98 2.00 2.03 2.04 2.06 2.04 2.10 2.37 2.42 2.09 2.03 2.47 2.73 2.68 2.56 2.40 2.35 2.34 2.20 1.98 1.64 1.10 1.08 1.59 1.94 2.03 2.21 2.41 2.43 2.36 2.27 2.02 1.76 1.62 1.52 1.47 1.42 1.43 1.57
1.50 1.46 1.44 1.49 1.56 1.64 1.72 1.76 1.74 1.72 1.71 1.70 1.70 1.69 1.69 1.71 1.74 1.75 1.73 1.71 1.70 1.68 1.66 1.66 1.66 1.69 1.73 1.75 1.75 1.75 1.77 1.78 1.80 1.81 1.83 1.84 1.86 1.87 1.89 1.90 1.92 1.93 1.94 1.96 1.98 2.00 2.02 2.04 2.06 2.08 2.09 2.18 2.39 2.40 2.16 2.21 2.59 2.74 2.66 2.59 2.49 2.42 2.23 1.91 1.73 1.44 1.05 1.39 1.92 2.09 2.15 2.33 2.52 2.47 2.30 2.07 1.88 1.77 1.62 1.48 1.42 1.36 1.47 1.88
1.45 1.42 1.43 1.49 1.56 1.62 1.64 1.66 1.68 1.68 1.69 1.73 1.75 1.73 1.72 1.73 1.77 1.78 1.77 1.76 1.73 1.69 1.67 1.68 1.68 1.71 1.75 1.75 1.74 1.76 1.78 1.80 1.81 1.82 1.84 1.85 1.87 1.88 1.90 1.91 1.93 1.94 1.96 1.97 1.99 2.01 2.04 2.05 2.07 2.10 2.14 2.22 2.35 2.41 2.24 2.27 2.63 2.78 2.74 2.72 2.52 2.11 1.65 1.47 1.58 1.46 1.48 1.91 2.15 2.18 2.27 2.44 2.60 2.46 2.18 1.99 1.96 1.88 1.65 1.48 1.39 1.43 1.77 2.35
1.52 1.49 1.53 1.60 1.64 1.64 1.62 1.61 1.60 1.60 1.67 1.77 1.76 1.72 1.73 1.76 1.76 1.76 1.76 1.76 1.73 1.70 1.69 1.69 1.69 1.73 1.77 1.76 1.76 1.79 1.80 1.80 1.82 1.83 1.85 1.86 1.88 1.89 1.91 1.92 1.94 1.95 1.97 1.99 2.00 2.02 2.04 2.06 2.09 2.12 2.17 2.22 2.31 2.37 2.24 2.32 2.67 2.85 2.81 2.68 2.13 1.37 1.21 1.60 1.95 2.02 2.16 2.26 2.23 2.25 2.33 2.50 2.60 2.34 2.08 2.05 2.07 1.89 1.57 1.38 1.40 1.69 2.29 3.06
1.61 1.64 1.68 1.67 1.67 1.72 1.75 1.74 1.72 1.74 1.82 1.86 1.77 1.72 1.76 1.76 1.74 1.72 1.73 1.78 1.81 1.78 1.75 1.74 1.73 1.77 1.79 1.78 1.79 1.81 1.80 1.81 1.82 1.84 1.86 1.87 1.89 1.90 1.92 1.93 1.95 1.96 1.98 2.00 2.01 2.03 2.05 2.08 2.10 2.14 2.17 2.21 2.27 2.30 2.27 2.39 2.66 2.79 2.71 2.38 1.65 1.25 1.66 2.22 2.43 2.45 2.39 2.25 2.20 2.28 2.34 2.50 2.55 2.29 2.15 2.12 2.03 1.77 1.46 1.42 1.78 2.43 3.36 4.50
1.80 1.92 2.01 1.92 1.86 1.95 1.96 1.88 1.83 1.87 1.94 1.89 1.82 1.81 1.78 1.73 1.73 1.74 1.77 1.83 1.83 1.80 1.80 1.82 1.79 1.77 1.74 1.72 1.75 1.78 1.79 1.81 1.83 1.85 1.87 1.88 1.90 1.91 1.93 1.94 1.96 1.97 1.99 2.00 2.02 2.04 2.06 2.09 2.11 2.14 2.17 2.20 2.24 2.27 2.30 2.39 2.51 2.54 2.45 2.16 1.62 1.65 2.15 2.50 2.56 2.47 2.28 2.13 2.17 2.29 2.33 2.46 2.50 2.31 2.15 2.04 1.91 1.68 1.56 1.88 2.57 3.46 4.57 5.24
2.07 2.20 2.42 2.53 2.57 2.58 2.41 2.16 1.99 2.02 2.04 1.94 1.90 1.87 1.80 1.75 1.76 1.80 1.83 1.81 1.74 1.73 1.82 1.86 1.83 1.75 1.67 1.69 1.74 1.78 1.80 1.82 1.85 1.86 1.88 1.90 1.91 1.92 1.94 1.95 1.97 1.98 2.00 2.01 2.03 2.05 2.07 2.09 2.12 2.14 2.17 2.20 2.23 2.25 2.30 2.34 2.37 2.33 2.30 2.14 1.84 1.93 2.30 2.53 2.55 2.35 2.16 2.15 2.25 2.33 2.30 2.37 2.46 2.27 2.01 1.92 1.81 1.65 1.75 2.31 3.05 3.89 4.61 4.43
2.10 2.10 2.19 2.44 2.64 2.68 2.60 2.51 2.50 2.59 2.60 2.48 2.33 2.17 2.05 1.96 1.89 1.86 1.81 1.74 1.70 1.73 1.77 1.81 1.76 1.61 1.58 1.71 1.78 1.81 1.83 1.84 1.86 1.88 1.89 1.91 1.92 1.94 1.95 1.96 1.97 1.99 2.00 2.02 2.04 2.06 2.08 2.10 2.12 2.15 2.17 2.19 2.22 2.24 2.27 2.29 2.29 2.27 2.25 2.18 2.03 2.10 2.34 2.49 2.40 2.18 2.15 2.26 2.33 2.28 2.17 2.32 2.51 2.24 1.95 1.85 1.72 1.69 1.92 2.50 3.12 3.62 3.72 3.71
1.97 1.90 1.79 1.75 1.79 1.80 1.87 2.12 2.45 2.64 2.63 2.53 2.43 2.32 2.20 2.10 1.99 1.90 1.79 1.72 1.71 1.72 1.74 1.74 1.57 1.44 1.61 1.82 1.87 1.87 1.86 1.87 1.89 1.90 1.91 1.92 1.93 1.95 1.96 1.97 1.98 2.00 2.01 2.03 2.05 2.06 2.08 2.10 2.12 2.15 2.17 2.19 2.21 2.23 2.25 2.26 2.27 2.26 2.24 2.20 2.17 2.21 2.30 2.30 2.19 2.13 2.21 2.26 2.21 2.08 2.06 2.44 2.58 2.15 1.84 1.73 1.72 1.81 2.04 2.42 2.77 2.93 2.93 3.91
1.85 1.78 1.68 1.56 1.45 1.36 1.33 1.52 1.88 1.99 1.71 1.59 1.62 1.68 1.77 1.82 1.84 1.86 1.84 1.78 1.72 1.70 1.74 1.70 1.55 1.56 1.80 1.96 1.96 1.92 1.91 1.91 1.91 1.91 1.92 1.94 1.95 1.96 1.97 1.98 1.99 2.00 2.02 2.03 2.05 2.07 2.09 2.11 2.13 2.15 2.17 2.19 2.21 2.23 2.24 2.25 2.26 2.25 2.24 2.23 2.23 2.25 2.25 2.22 2.19 2.20 2.20 2.17 2.08 2.00 2.17 2.53 2.47 1.91 1.66 1.67 1.81 1.89 1.96 2.04 2.15 2.40 2.97 4.73
1.73 1.71 1.65 1.55 1.47 1.43 1.42 1.50 1.66 1.57 1.22 1.13 1.20 1.26 1.36 1.45 1.57 1.71 1.79 1.79 1.78 1.81 1.82 1.78 1.71 1.73 1.87 1.96 1.94 1.94 1.95 1.93 1.93 1.93 1.93 1.96 1.97 1.97 1.97 1.98 2.00 2.01 2.02 2.04 2.06 2.07 2.09 2.11 2.13 2.15 2.17 2.19 2.21 2.23 2.24 2.25 2.26 2.26 2.26 2.25 2.25 2.26 2.26 2.25 2.26 2.24 2.19 2.16 2.09 2.10 2.23 2.37 2.17 1.61 1.51 1.64 1.82 1.84 1.69 1.65 1.86 2.44 3.75 5.37
1.66 1.65 1.58 1.50 1.48 1.50 1.53 1.57 1.58 1.42 1.25 1.27 1.32 1.35 1.40 1.45 1.52 1.61 1.66 1.70 1.79 1.88 1.91 1.89 1.82 1.78 1.86 1.92 1.91 1.93 1.92 1.91 1.96 1.99 1.99 1.99 1.97 1.97 1.98 1.99 2.01 2.01 2.02 2.04 2.06 2.08 2.09 2.11 2.13 2.16 2.17 2.19 2.21 2.23 2.24 2.25 2.26 2.26 2.26 2.27 2.27 2.28 2.28 2.27 2.27 2.25 2.22 2.20 2.18 2.21 2.21 2.16 1.92 1.55 1.53 1.68 1.82 1.74 1.49 1.53 2.00 3.09 4.70 5.22
1.54 1.49 1.43 1.39 1.42 1.48 1.52 1.54 1.51 1.42 1.40 1.43 1.43 1.46 1.52 1.56 1.60 1.65 1.67 1.69 1.75 1.80 1.82 1.82 1.79 1.79 1.85 1.88 1.89 1.90 1.89 1.93 2.01 2.07 2.05 2.00 1.99 1.99 2.00 2.01 2.01 2.01 2.03 2.04 2.06 2.08 2.10 2.12 2.14 2.16 2.18 2.20 2.22 2.23 2.24 2.25 2.26 2.27 2.27 2.28 2.28 2.29 2.29 2.29 2.28 2.26 2.24 2.24 2.26 2.25 2.20 2.09 1.92 1.74 1.75 1.89 1.93 1.72 1.48 1.69 2.64 4.09 4.99 4.12
1.36 1.30 1.26 1.25 1.31 1.42 1.47 1.49 1.49 1.48 1.49 1.49 1.50 1.53 1.59 1.62 1.66 1.70 1.72 1.73 1.73 1.74 1.74 1.75 1.74 1.73 1.77 1.82 1.88 1.93 1.94 1.97 2.02 2.03 1.98 1.95 1.97 2.01 2.03 2.02 2.00 2.01 2.03 2.04 2.06 2.08 2.10 2.12 2.14 2.16 2.19 2.20 2.22 2.23 2.25 2.26 2.27 2.28 2.28 2.29 2.30 2.30 2.30 2.30 2.29 2.28 2.28 2.29 2.29 2.25 2.20 2.12 2.04 1.96 1.98 2.08 2.00 1.74 1.65 2.17 3.55 4.52 4.19 2.54
