windninja/windninja_output/Output_2025-08-24_1800-1850_Google earth_Fire_150m_10min/merlingen_7.5mi_point_08-24-2025_1840_150m_vel.asc
ncols	158
nrows	163
xllcorner	391686.332397
yllcorner	5160024.123721
cellsize	150.000000
NODATA_value	-32768.000000
[rows 114 to 151 of 163, columns 0 to 83 of 158]
2.31 1.98 1.54 1.40 1.44 1.43 1.44 1.45 1.36 1.39 1.87 2.63 2.78 2.44 2.61 3.07 2.76 2.53 2.67 2.61 2.67 2.85 2.68 2.30 2.86 3.72 3.91 3.78 3.89 4.07 4.14 4.93 6.30 7.88 8.41 6.95 5.41 4.66 4.02 3.49 3.29 4.28 5.71 6.02 5.07 4.33 4.31 4.30 4.11 3.99 3.85 3.66 3.60 3.61 3.67 3.65 3.53 3.50 3.59 3.63 3.47 3.24 3.32 3.64 3.55 3.43 3.44 3.46 3.51 3.44 3.40 3.67 3.96 3.92 3.98 4.30 4.44 4.40 4.23 4.27 4.79 4.78 4.04 3.61
2.47 2.17 1.81 1.68 1.65 1.61 1.55 1.43 1.34 1.68 2.51 3.15 2.85 2.31 2.67 3.61 3.54 3.00 2.72 2.53 2.71 2.98 3.18 3.55 4.01 4.23 4.04 3.83 4.32 4.34 3.95 4.61 6.36 7.96 8.09 6.95 5.74 4.87 4.05 3.50 3.95 5.45 6.30 6.00 5.29 4.94 4.75 4.36 4.12 4.06 3.93 3.79 3.64 3.54 3.58 3.57 3.46 3.43 3.51 3.65 3.49 3.24 3.36 3.67 3.66 3.44 3.42 3.50 3.54 3.43 3.36 3.50 3.74 3.85 3.89 4.20 4.45 4.47 4.20 4.12 4.74 4.87 4.13 3.52
2.63 2.33 1.98 1.77 1.68 1.62 1.53 1.47 1.65 2.30 3.26 3.39 2.69 2.23 2.96 4.22 3.88 2.94 2.73 2.90 3.32 3.79 4.26 4.59 4.60 4.44 4.00 3.81 4.64 4.88 4.54 4.87 5.94 7.51 8.13 7.30 6.22 4.97 4.32 4.43 5.19 6.27 6.19 5.62 5.36 4.90 4.22 3.83 3.99 4.14 4.10 3.97 3.72 3.52 3.43 3.39 3.40 3.40 3.47 3.61 3.47 3.26 3.38 3.70 3.75 3.44 3.37 3.49 3.52 3.44 3.35 3.36 3.58 3.88 3.94 4.09 4.32 4.44 4.21 4.03 4.61 4.98 4.16 3.29
2.67 2.35 1.92 1.67 1.59 1.59 1.62 1.81 2.33 3.00 3.55 3.26 2.53 2.38 3.36 4.33 3.65 2.85 3.19 3.89 4.38 4.81 5.05 5.09 5.06 5.09 4.70 4.34 5.34 5.22 4.69 4.85 5.64 7.54 8.66 8.03 6.60 5.11 4.87 5.76 6.44 6.38 5.71 5.40 5.21 4.51 4.10 4.21 4.45 4.57 4.49 4.18 3.81 3.53 3.32 3.35 3.46 3.43 3.44 3.55 3.50 3.37 3.51 3.81 3.78 3.42 3.36 3.49 3.49 3.43 3.38 3.39 3.52 3.76 4.02 4.16 4.14 4.23 4.22 4.11 4.65 5.06 4.10 3.03
2.73 2.37 1.88 1.67 1.67 1.74 1.89 2.23 2.82 3.25 3.41 3.05 2.57 2.69 3.43 4.09 3.79 3.24 3.72 4.28 4.55 4.78 4.90 5.05 5.36 5.63 5.91 6.30 6.43 5.94 5.48 5.92 7.31 9.46 9.36 8.07 7.21 5.94 6.10 6.97 6.71 5.99 5.39 5.12 4.90 4.67 4.64 4.86 4.96 4.87 4.57 4.09 3.74 3.47 3.26 3.31 3.43 3.41 3.41 3.53 3.58 3.52 3.70 3.93 3.79 3.52 3.44 3.44 3.41 3.44 3.47 3.43 3.44 3.61 4.00 4.17 3.96 3.97 4.20 4.36 4.79 4.89 3.92 2.94
2.90 2.52 1.97 1.73 1.78 1.90 2.08 2.43 2.92 3.13 3.16 3.03 2.77 2.91 3.20 3.79 4.28 3.86 3.73 3.92 4.07 4.25 4.53 4.94 5.39 5.67 6.01 6.42 6.63 7.02 8.12 9.23 10.12 10.25 8.45 6.83 6.49 6.85 7.38 7.42 6.55 5.74 5.29 5.26 5.40 5.24 4.90 4.87 4.84 4.53 4.15 3.74 3.50 3.30 3.14 3.17 3.31 3.39 3.42 3.54 3.67 3.65 3.76 3.87 3.62 3.42 3.33 3.23 3.26 3.45 3.51 3.43 3.41 3.58 3.88 4.00 3.84 3.85 4.18 4.47 4.68 4.57 3.81 3.17
3.03 2.67 2.13 1.87 1.81 1.79 1.98 2.44 2.95 2.98 2.95 3.27 3.13 3.04 3.08 3.70 4.53 4.31 3.74 3.65 3.73 3.91 4.35 4.87 5.30 5.56 5.66 5.75 6.57 7.92 8.90 9.27 9.08 8.17 6.78 5.95 5.69 6.30 6.65 6.26 5.97 5.79 5.82 5.98 5.90 5.48 5.21 5.19 4.87 4.33 3.94 3.62 3.40 3.24 3.05 2.98 3.19 3.41 3.44 3.57 3.76 3.62 3.48 3.30 2.80 2.78 2.91 2.85 3.07 3.47 3.54 3.43 3.47 3.60 3.70 3.72 3.74 3.83 4.07 4.34 4.46 4.43 3.92 3.51
3.11 2.80 2.45 2.47 2.41 2.17 2.24 2.63 3.02 2.89 2.84 3.60 3.51 3.24 3.30 3.71 4.48 4.45 3.73 3.38 3.33 3.61 4.09 4.64 5.26 5.58 5.60 5.92 7.29 8.63 8.51 7.75 7.28 6.69 6.22 5.73 5.20 5.08 4.59 4.49 4.78 5.05 5.33 5.26 5.02 4.95 5.10 5.05 4.60 4.16 3.78 3.51 3.39 3.23 3.01 2.93 3.23 3.44 3.41 3.53 3.51 2.99 2.56 2.33 2.08 2.50 2.97 2.88 3.05 3.49 3.54 3.41 3.51 3.61 3.57 3.51 3.57 3.73 3.98 4.23 4.36 4.46 4.16 3.95
3.14 2.91 2.80 2.91 2.93 2.93 2.96 3.01 3.11 2.83 2.84 3.98 3.91 3.28 3.20 3.46 4.17 4.22 3.22 2.77 2.95 3.46 3.90 4.40 5.25 5.47 5.57 6.39 8.27 9.26 8.29 7.51 7.03 6.11 5.88 5.51 4.77 4.45 3.94 3.73 3.74 3.80 4.03 3.96 3.91 4.08 4.13 3.87 3.72 3.58 3.42 3.37 3.24 3.02 2.91 2.98 3.22 3.33 3.20 3.12 2.67 2.01 1.82 1.90 2.07 2.81 3.44 3.37 3.32 3.42 3.43 3.42 3.59 3.66 3.55 3.41 3.38 3.58 3.93 4.16 4.37 4.64 4.58 4.52
2.90 2.70 2.60 2.60 2.57 2.71 2.89 2.99 3.07 2.86 3.02 4.32 4.05 2.90 2.68 3.07 3.67 3.75 2.94 2.58 2.92 3.42 3.77 4.38 5.22 5.47 5.59 6.88 9.60 10.00 7.96 7.06 6.56 5.63 5.59 5.40 4.54 4.26 3.98 3.53 3.38 3.41 3.46 3.55 3.69 3.82 3.68 3.36 3.26 3.23 3.29 3.31 3.03 2.81 2.73 2.64 2.65 2.72 2.55 2.29 1.81 1.60 1.87 2.18 2.52 3.26 3.72 3.69 3.54 3.29 3.27 3.51 3.68 3.66 3.54 3.41 3.36 3.60 3.98 4.15 4.41 4.94 5.11 4.80
2.74 2.53 2.38 2.31 2.30 2.46 2.61 2.69 2.91 2.96 3.34 4.14 3.38 2.29 2.32 2.79 3.14 3.25 3.04 2.94 3.26 3.62 3.92 4.52 5.12 5.42 6.02 8.63 11.89 10.38 7.01 6.29 6.18 5.53 5.35 5.21 4.42 4.11 3.96 3.43 3.29 3.25 3.17 3.38 3.72 3.84 3.75 3.49 3.28 3.32 3.43 3.28 2.91 2.73 2.58 2.30 2.08 2.09 2.08 1.75 1.58 2.04 2.49 2.68 3.02 3.51 3.67 3.63 3.52 3.12 3.05 3.44 3.66 3.63 3.62 3.55 3.54 3.80 4.16 4.32 4.48 5.06 5.21 4.57
2.70 2.59 2.50 2.48 2.52 2.57 2.57 2.70 3.12 3.26 3.45 3.60 2.78 1.91 2.10 2.55 2.81 2.86 3.01 3.52 4.18 4.50 4.51 4.79 5.63 6.49 8.78 12.98 12.68 8.71 5.73 5.54 5.86 5.30 4.95 5.02 4.44 4.03 3.93 3.46 3.13 3.01 2.98 3.24 3.66 3.83 3.84 3.58 3.36 3.34 3.24 3.02 2.83 2.69 2.52 2.31 2.12 2.13 2.23 2.04 2.21 2.78 2.96 2.96 3.21 3.48 3.46 3.41 3.36 3.10 2.99 3.38 3.73 3.73 3.77 3.74 3.74 3.92 4.18 4.32 4.32 4.82 5.05 4.48
2.46 2.40 2.40 2.49 2.51 2.50 2.57 2.99 3.40 3.38 3.28 3.14 2.55 2.00 2.30 2.65 2.67 2.66 3.02 3.69 4.66 6.04 6.31 6.48 9.02 11.72 12.87 12.81 9.64 6.20 5.14 5.16 5.53 5.01 4.70 4.90 4.45 3.89 3.69 3.31 2.97 2.87 2.95 3.20 3.68 4.06 4.02 3.68 3.42 3.21 2.94 2.70 2.57 2.49 2.34 2.17 2.08 2.20 2.50 2.62 2.82 3.02 2.92 2.85 3.07 3.26 3.23 3.18 3.17 3.10 3.18 3.61 3.93 3.95 3.95 3.95 3.90 3.85 4.02 4.18 4.19 4.64 4.96 4.68
2.44 2.36 2.36 2.42 2.48 2.59 2.86 3.32 3.47 3.34 3.10 2.95 2.85 2.78 3.11 3.05 2.81 3.01 3.59 4.53 6.73 9.24 10.14 10.53 11.21 12.01 10.86 8.02 6.08 5.04 4.76 5.01 5.29 4.86 4.58 4.66 4.31 3.82 3.38 3.11 2.88 2.76 2.97 3.29 3.78 4.22 3.97 3.41 3.06 2.83 2.69 2.52 2.31 2.19 2.10 1.96 1.89 2.16 2.57 2.67 2.69 2.71 2.61 2.66 2.92 3.07 3.05 3.00 3.00 3.02 3.30 3.77 4.04 4.07 4.12 4.19 3.96 3.91 4.23 4.39 4.49 4.85 5.01 4.85
2.49 2.39 2.33 2.36 2.44 2.65 3.04 3.36 3.39 3.22 3.08 3.25 3.60 3.76 3.76 3.41 3.32 3.98 5.60 9.50 11.68 11.12 10.22 9.38 8.84 8.03 6.71 5.43 4.63 4.27 4.47 4.97 5.08 4.57 4.20 4.20 4.15 3.73 3.11 2.95 2.87 2.88 3.16 3.47 3.90 4.25 3.84 2.94 2.49 2.43 2.41 2.29 2.17 2.09 2.00 1.91 1.90 2.17 2.48 2.45 2.41 2.42 2.45 2.63 2.83 2.94 2.91 2.85 2.88 2.94 3.26 3.78 4.12 4.11 4.12 4.25 4.11 4.13 4.50 4.71 5.00 5.26 5.18 5.13
2.40 2.23 2.06 2.06 2.13 2.35 2.74 3.10 3.15 3.08 3.22 3.60 3.83 3.89 3.95 4.23 4.57 6.00 9.87 13.07 11.55 8.41 6.91 6.06 6.06 6.23 5.79 4.83 4.04 4.01 4.40 4.63 4.45 3.96 3.71 3.86 3.93 3.42 2.93 2.93 3.01 3.14 3.37 3.70 4.11 4.28 3.77 2.78 2.43 2.46 2.37 2.15 1.98 1.92 1.86 1.84 1.90 2.09 2.28 2.31 2.33 2.35 2.44 2.58 2.73 2.81 2.77 2.76 2.79 2.88 3.17 3.68 4.12 4.20 4.16 4.39 4.41 4.22 4.45 4.91 5.24 5.38 5.34 5.27
2.44 2.26 2.08 2.07 2.08 2.25 2.54 2.76 2.86 2.93 3.16 3.25 3.16 3.33 3.75 4.77 6.66 9.49 11.99 11.21 7.53 5.83 5.58 5.49 5.83 6.24 5.51 4.34 4.13 4.33 4.35 4.11 3.80 3.55 3.44 3.55 3.62 3.31 3.03 3.11 3.26 3.43 3.76 4.16 4.43 4.31 3.58 2.66 2.43 2.39 2.15 1.90 1.70 1.64 1.65 1.71 1.79 1.95 2.17 2.27 2.27 2.26 2.35 2.50 2.63 2.68 2.71 2.73 2.73 2.81 3.10 3.60 4.03 4.23 4.36 4.71 4.76 4.34 4.54 5.13 5.40 5.47 5.27 4.93
2.59 2.45 2.34 2.27 2.28 2.52 2.69 2.63 2.69 2.79 2.79 2.66 2.61 2.93 3.68 5.01 7.74 10.33 10.06 7.09 5.78 5.57 5.46 5.47 5.91 6.10 4.88 4.26 4.36 4.41 4.30 4.09 3.78 3.46 3.34 3.47 3.65 3.72 3.52 3.50 3.78 4.04 4.34 4.59 4.54 3.93 2.98 2.27 2.13 2.01 1.67 1.48 1.48 1.47 1.49 1.53 1.54 1.71 1.97 2.06 2.03 2.10 2.26 2.42 2.52 2.60 2.70 2.70 2.69 2.75 3.07 3.58 3.86 4.18 4.59 5.02 5.19 4.75 4.73 5.34 5.82 5.64 5.00 4.55
2.56 2.40 2.26 2.28 2.49 2.84 2.96 2.83 2.80 2.77 2.60 2.53 2.65 3.12 4.12 5.45 8.38 10.00 7.98 5.91 5.65 5.60 5.55 5.68 5.98 5.75 4.51 3.98 4.01 3.81 3.77 3.75 3.51 3.35 3.53 3.84 4.13 4.28 4.13 4.17 4.58 4.74 4.73 4.80 4.38 3.17 2.22 1.87 1.79 1.56 1.22 1.19 1.29 1.36 1.38 1.40 1.40 1.54 1.77 1.83 1.91 2.18 2.25 2.35 2.48 2.56 2.68 2.71 2.67 2.75 3.15 3.56 3.71 4.16 4.73 5.27 5.77 5.26 4.86 5.54 6.09 5.57 4.70 4.46
2.48 2.27 2.18 2.38 2.74 3.00 2.97 2.99 3.15 3.19 3.06 2.96 3.00 3.63 4.66 6.64 9.91 10.18 8.08 6.52 6.21 6.04 5.96 5.91 5.63 4.91 4.07 3.75 3.68 3.44 3.30 3.26 3.15 3.41 3.91 4.21 4.38 4.36 4.17 4.45 4.88 4.89 4.84 4.78 4.02 2.72 2.04 1.75 1.45 1.02 0.87 0.98 1.12 1.23 1.31 1.34 1.36 1.52 1.77 1.91 2.17 2.41 2.32 2.31 2.46 2.51 2.66 2.75 2.70 2.87 3.26 3.54 3.71 4.10 4.66 5.50 6.18 5.50 4.93 5.57 5.92 5.25 4.46 4.22
2.66 2.51 2.51 2.70 2.94 2.95 2.91 3.12 3.38 3.61 3.83 3.77 3.92 4.54 6.48 10.12 11.39 9.87 7.74 6.71 6.41 6.10 5.76 5.33 4.61 4.11 3.92 3.89 3.82 3.66 3.46 3.38 3.38 3.68 3.98 4.10 4.16 3.97 3.96 4.50 4.84 4.68 4.62 4.22 3.10 2.39 2.04 1.64 1.12 0.80 0.81 0.93 1.02 1.12 1.20 1.23 1.28 1.52 1.82 2.05 2.33 2.37 2.22 2.24 2.39 2.50 2.60 2.74 2.89 3.12 3.36 3.62 3.81 3.86 4.42 5.55 6.29 5.78 5.07 5.43 5.64 4.92 4.05 3.78
2.70 2.71 2.82 2.96 3.03 3.01 3.07 3.27 3.41 3.65 3.84 3.96 4.28 5.71 9.62 11.87 10.57 8.39 6.95 6.27 5.82 5.22 4.83 4.30 3.79 3.70 3.84 4.01 4.09 4.10 3.91 3.79 3.83 3.89 3.90 3.92 3.75 3.55 3.99 4.79 4.82 4.37 4.03 3.19 2.32 2.00 1.73 1.31 1.00 0.86 0.86 0.92 0.97 1.03 1.08 1.12 1.24 1.55 1.87 2.11 2.28 2.22 2.15 2.21 2.32 2.45 2.49 2.70 3.20 3.47 3.60 3.77 3.83 3.74 4.22 5.31 6.14 6.10 5.34 5.30 5.23 4.50 3.85 3.76
2.55 2.67 2.79 2.80 2.88 3.00 3.11 3.14 3.13 3.22 3.29 3.49 3.93 6.25 10.56 10.66 8.34 7.38 6.47 5.82 5.08 4.21 3.94 3.85 3.70 3.65 3.78 4.09 4.37 4.37 4.12 3.94 3.95 3.90 3.96 3.99 3.66 3.45 4.12 4.94 4.58 4.02 3.42 2.27 1.74 1.47 1.16 0.89 0.80 0.73 0.72 0.76 0.87 0.97 1.03 1.08 1.28 1.70 2.05 2.24 2.27 2.21 2.22 2.23 2.24 2.32 2.38 2.67 3.40 3.77 3.78 3.78 3.92 3.99 4.23 4.97 5.84 6.08 5.65 5.29 4.95 4.38 4.11 4.34
2.35 2.41 2.49 2.46 2.54 2.70 2.74 2.70 2.71 2.87 3.03 3.49 4.13 7.14 10.64 9.57 7.77 6.94 5.83 5.17 4.62 3.91 3.64 3.74 3.66 3.63 3.82 4.29 4.63 4.31 3.65 3.50 3.64 3.80 4.04 4.05 3.69 3.49 4.16 4.94 4.40 3.59 2.63 1.60 1.14 0.83 0.62 0.55 0.54 0.51 0.55 0.66 0.80 0.90 0.98 1.12 1.48 2.00 2.22 2.27 2.25 2.20 2.22 2.15 2.07 2.12 2.26 2.65 3.38 3.93 3.90 3.79 4.01 4.15 4.07 4.55 5.50 5.86 5.71 5.67 5.28 4.59 4.59 5.07
2.24 2.17 2.15 2.17 2.29 2.34 2.23 2.24 2.50 2.94 3.45 4.17 5.58 9.76 11.38 9.23 7.42 6.09 4.84 4.54 4.44 3.98 3.70 3.64 3.47 3.51 3.82 4.39 4.58 3.98 3.35 3.31 3.66 3.88 3.99 3.82 3.46 3.53 4.33 4.94 4.09 2.69 1.76 1.13 0.71 0.49 0.35 0.36 0.40 0.44 0.55 0.71 0.83 0.90 1.03 1.35 1.86 2.22 2.24 2.22 2.21 2.18 2.17 1.99 1.83 1.89 2.13 2.64 3.33 3.98 4.25 4.18 4.25 4.28 4.13 4.26 5.10 5.58 5.50 5.89 5.84 4.87 5.30 5.59
2.34 2.14 1.97 2.17 2.40 2.26 2.04 2.20 2.62 3.13 3.95 5.41 8.86 12.19 11.10 7.72 6.07 5.08 4.30 4.18 4.41 4.14 3.81 3.57 3.39 3.51 3.89 4.28 4.28 3.74 3.36 3.62 3.89 3.77 3.83 3.65 3.46 3.95 4.63 4.57 3.14 1.71 1.19 0.78 0.45 0.33 0.22 0.23 0.32 0.46 0.64 0.82 0.92 1.04 1.37 1.83 2.20 2.26 2.21 2.22 2.17 2.18 2.14 1.85 1.65 1.77 2.14 2.76 3.39 3.96 4.54 4.86 4.73 4.54 4.41 4.32 4.66 5.23 5.27 5.90 6.35 6.19 6.71 6.17
2.48 2.25 2.12 2.37 2.45 2.38 2.50 2.73 2.91 3.65 4.79 7.04 11.62 12.10 8.12 5.62 4.97 4.45 3.99 4.15 4.49 4.35 3.90 3.58 3.52 3.73 3.96 4.06 4.01 3.64 3.47 3.76 3.76 3.65 4.04 4.04 3.89 4.21 4.22 3.45 2.03 1.17 0.87 0.53 0.33 0.28 0.16 0.14 0.30 0.51 0.71 0.88 1.06 1.40 1.90 2.24 2.28 2.23 2.22 2.19 2.18 2.28 2.19 1.91 1.85 2.10 2.53 3.08 3.54 4.06 4.75 5.24 5.08 4.73 4.70 4.37 4.20 4.87 5.33 6.05 7.19 7.59 6.90 5.73
2.53 2.36 2.16 2.14 2.09 2.38 3.06 3.42 3.63 4.84 6.29 9.71 12.15 9.05 5.40 4.70 4.42 4.24 4.23 4.66 4.88 4.62 4.14 3.92 3.88 3.96 3.99 3.84 3.74 3.55 3.55 3.74 3.78 3.98 4.36 4.24 4.03 3.89 3.21 2.08 1.24 0.86 0.67 0.45 0.34 0.30 0.19 0.21 0.39 0.57 0.69 0.89 1.27 1.79 2.24 2.35 2.31 2.29 2.30 2.30 2.40 2.51 2.41 2.35 2.64 3.18 3.69 3.96 4.18 4.71 5.10 5.25 5.38 5.48 5.24 4.28 3.75 4.53 5.53 6.56 8.00 7.86 5.87 4.65
2.52 2.29 1.91 1.78 1.98 2.54 3.12 3.62 4.58 5.62 7.43 11.32 11.14 5.89 4.38 4.36 4.28 4.63 4.95 5.17 5.02 4.64 4.42 4.46 4.50 4.31 3.99 3.58 3.42 3.46 3.58 3.83 4.03 4.18 4.24 4.00 3.65 3.12 2.16 1.20 0.79 0.69 0.58 0.45 0.36 0.30 0.27 0.35 0.47 0.55 0.66 1.07 1.65 2.04 2.31 2.31 2.25 2.34 2.45 2.58 2.73 2.77 2.76 2.94 3.44 4.12 4.57 4.79 5.01 5.22 5.21 5.19 5.85 6.35 5.47 4.15 3.66 4.41 5.76 7.33 7.99 7.29 6.16 5.18
2.69 2.42 2.11 2.05 2.29 2.67 3.10 3.75 4.85 5.53 7.87 10.22 8.17 4.99 4.45 4.46 4.63 5.26 5.51 4.92 4.40 4.24 4.30 4.53 4.65 4.54 4.11 3.64 3.51 3.68 3.89 4.15 4.12 3.94 3.99 3.63 2.80 1.86 1.12 0.70 0.58 0.60 0.55 0.45 0.34 0.31 0.35 0.42 0.46 0.55 0.86 1.55 2.21 2.55 2.61 2.33 2.21 2.41 2.55 2.71 2.86 2.95 3.07 3.33 3.70 4.06 4.35 4.61 4.78 4.84 4.85 5.20 6.17 6.28 4.98 4.07 4.04 4.43 6.04 7.56 7.01 6.60 7.04 5.88
2.98 2.62 2.55 2.60 2.54 2.60 3.18 3.96 4.70 5.10 7.11 9.40 7.58 5.41 4.96 4.69 4.91 5.58 5.24 4.01 3.79 3.96 4.13 4.27 4.12 3.87 3.78 3.91 4.06 4.12 4.18 4.33 4.00 3.64 3.65 2.88 1.63 0.87 0.50 0.40 0.44 0.52 0.48 0.39 0.31 0.33 0.40 0.44 0.49 0.76 1.38 2.12 2.71 3.00 2.73 2.29 2.34 2.48 2.54 2.82 3.13 3.25 3.33 3.44 3.48 3.67 4.09 4.27 4.22 4.25 4.51 5.14 6.08 5.97 4.59 3.96 4.08 4.36 6.12 7.12 6.03 6.67 7.41 5.19
2.98 2.58 2.66 2.89 2.98 3.05 3.51 4.16 4.91 5.11 6.25 9.78 9.40 6.56 5.65 5.03 5.19 5.53 4.37 3.49 3.65 3.89 4.09 4.04 3.63 3.36 3.51 3.94 4.18 4.18 4.17 4.20 3.75 3.30 3.00 1.97 0.99 0.41 0.19 0.25 0.37 0.41 0.37 0.32 0.32 0.37 0.44 0.50 0.68 1.23 1.93 2.50 3.01 3.09 2.64 2.43 2.61 2.72 2.97 3.50 3.72 3.67 3.64 3.52 3.38 3.64 4.07 3.98 3.85 4.05 4.33 4.97 5.90 5.79 4.44 3.63 3.74 4.36 6.01 6.57 6.16 7.48 6.94 3.35
2.77 2.45 2.70 3.13 3.65 4.12 4.40 4.79 5.53 5.55 7.25 11.16 10.22 6.92 6.09 5.77 5.83 5.57 4.34 3.80 3.99 4.00 3.99 3.72 3.47 3.53 3.62 3.67 3.67 3.67 3.78 3.76 3.28 2.62 1.86 1.28 0.72 0.34 0.18 0.26 0.33 0.31 0.28 0.31 0.39 0.45 0.53 0.66 1.07 1.67 2.18 2.69 3.22 3.22 3.00 3.03 3.11 3.31 3.80 4.13 4.01 3.84 3.76 3.75 3.91 4.24 4.29 4.02 3.95 4.18 4.34 4.77 5.64 5.68 4.38 3.39 3.60 4.61 5.57 6.20 7.30 7.53 4.95 2.40
2.50 2.32 2.63 3.07 3.79 4.54 4.87 5.37 6.07 7.26 10.75 11.93 8.49 5.73 5.41 5.51 5.62 5.27 4.82 4.68 4.63 4.40 3.95 3.53 3.47 3.72 3.70 3.60 3.61 3.25 2.89 2.80 2.30 1.50 1.04 0.89 0.62 0.38 0.31 0.30 0.28 0.27 0.31 0.42 0.55 0.60 0.67 0.94 1.48 1.93 2.27 2.87 3.42 3.38 3.27 3.33 3.49 3.85 4.09 4.11 3.89 3.72 3.78 4.08 4.55 4.88 5.02 5.14 5.25 5.26 5.27 5.36 5.69 5.67 4.46 3.59 4.31 5.67 6.04 6.76 7.75 5.71 2.84 1.83
2.30 2.12 2.39 2.99 3.65 4.19 4.58 5.28 7.15 9.84 11.52 9.50 5.92 4.70 4.44 4.48 4.61 4.51 4.40 4.47 4.57 4.48 4.13 3.63 3.66 3.95 3.99 3.94 3.82 3.12 2.43 2.15 1.62 0.99 0.79 0.77 0.66 0.50 0.40 0.31 0.29 0.37 0.47 0.59 0.71 0.77 0.90 1.34 1.81 2.04 2.36 3.01 3.49 3.54 3.55 3.70 3.83 3.94 4.14 4.17 3.87 3.76 4.01 4.39 4.69 4.99 5.40 5.78 6.09 6.50 6.81 6.67 6.31 5.68 4.70 4.53 6.19 7.67 7.53 7.60 6.58 3.02 1.94 1.91
2.68 2.75 2.96 3.27 3.83 4.55 4.98 5.80 8.88 10.38 8.92 6.22 4.89 4.31 4.07 4.07 4.10 3.97 3.82 3.87 3.92 3.83 3.62 3.62 3.87 4.18 4.39 4.25 3.67 2.87 2.12 1.66 1.34 0.90 0.76 0.78 0.73 0.58 0.44 0.37 0.40 0.54 0.65 0.73 0.80 0.93 1.20 1.65 1.95 2.06 2.40 3.02 3.51 3.87 4.17 4.18 3.98 3.83 4.05 4.11 3.93 4.00 4.27 4.56 4.84 5.18 5.46 5.57 5.76 6.38 6.86 6.55 5.90 5.20 4.90 5.99 8.03 8.10 6.47 5.69 3.70 1.54 1.79 2.23
3.25 3.59 4.00 4.06 4.92 5.75 5.57 6.53 10.07 10.07 6.64 5.04 4.47 3.95 3.78 3.76 3.66 3.57 3.69 3.77 3.59 3.27 2.99 3.12 3.50 3.91 4.06 3.47 2.75 2.17 1.51 1.22 1.08 0.85 0.79 0.78 0.71 0.58 0.50 0.51 0.57 0.73 0.85 0.87 0.92 1.15 1.54 1.86 1.98 2.12 2.43 2.98 3.64 4.36 4.75 4.49 4.17 4.01 3.96 3.96 3.92 4.15 4.48 4.84 5.25 5.45 5.45 5.31 5.32 5.90 6.38 5.71 4.70 4.48 5.16 7.08 8.10 6.28 3.69 2.82 1.65 0.87 1.69 2.41
3.42 3.51 4.01 4.65 5.36 5.56 5.15 6.74 10.54 9.59 5.71 4.58 4.12 3.68 3.59 3.48 3.32 3.44 3.62 3.50 3.18 2.84 2.65 2.77 3.04 3.37 3.48 2.82 2.09 1.68 1.25 1.04 0.94 0.89 0.87 0.80 0.72 0.64 0.61 0.67 0.77 0.93 1.03 1.03 1.16 1.53 1.90 1.98 2.04 2.24 2.52 3.04 3.87 4.69 5.06 4.75 4.43 4.22 4.17 4.21 4.06 4.24 4.78 5.23 5.52 5.47 5.36 5.31 5.49 6.25 6.65 5.44 4.07 4.26 5.56 7.30 7.04 4.02 2.11 1.49 0.72 0.64 1.42 2.50
