windninja/windninja_output/Output_2025-08-09_0300-0350_Google earth_Fire_150m_10min/merlingen_7.5mi_point_08-09-2025_0310_150m_ang.asc
ncols	158
nrows	163
xllcorner	391686.332397
yllcorner	5160024.123721
cellsize	150.000000
NODATA_value	-32768.000000
[rows 43 to 85 of 163, columns 0 to 95 of 158]
302 300 297 294 292 289 288 285 283 281 280 279 277 276 275 274 273 272 271 271 270 269 269 268 268 268 268 269 270 270 268 265 263 260 258 254 253 254 252 249 247 245 245 245 242 237 236 238 240 243 246 243 234 229 233 235 234 234 235 238 238 236 234 230 227 225 220 217 215 210 208 210 208 202 201 202 199 196 199 207 211 212 212 210 209 210 212 214 213 210 209 209 213 216 212 205
302 301 298 296 293 291 288 286 284 282 281 280 278 277 276 274 273 273 272 271 270 270 269 269 268 268 268 268 269 268 267 265 263 262 261 261 262 260 255 250 248 249 250 247 240 236 238 241 242 244 243 238 230 226 230 233 234 233 235 237 237 237 235 232 229 225 220 215 211 207 206 208 208 205 204 205 201 200 204 209 210 209 208 209 213 215 216 217 217 216 213 210 213 216 214 210
303 302 299 297 294 292 289 287 285 283 282 281 279 278 276 275 275 274 273 272 271 270 269 269 268 268 268 268 267 267 266 265 264 263 262 265 266 263 257 253 251 251 250 245 237 235 239 243 244 243 240 235 231 229 231 233 234 235 236 236 235 233 231 228 227 225 221 217 211 210 212 213 214 213 212 210 204 202 206 208 206 206 209 215 219 218 217 217 219 219 216 212 213 216 216 213
305 304 301 298 294 292 290 288 286 284 283 281 280 279 277 276 276 274 273 272 271 270 269 269 269 268 267 266 266 266 266 265 264 264 264 264 265 264 261 257 255 254 250 243 236 238 243 245 245 241 237 233 231 232 234 234 235 237 238 235 230 228 226 223 223 223 220 218 213 213 216 218 219 218 216 213 207 203 205 206 207 211 218 223 222 219 217 216 217 218 217 213 213 216 216 214
305 304 301 298 293 291 291 290 288 286 284 282 281 279 278 277 276 275 273 272 271 270 270 269 269 268 267 266 266 266 265 265 264 264 265 264 264 265 264 260 258 255 250 241 237 242 247 247 243 237 234 232 231 232 232 232 234 236 237 232 226 226 226 225 225 224 221 219 215 214 216 218 221 221 218 215 210 206 207 212 217 221 223 222 219 217 216 215 216 217 215 214 213 214 215 214
303 302 301 298 292 289 290 291 289 287 285 283 281 280 279 278 276 275 274 273 271 271 270 269 268 268 267 266 266 265 264 264 264 264 264 264 265 265 264 262 260 257 250 242 241 245 247 245 239 233 231 231 233 235 233 232 235 236 233 226 222 226 229 229 228 226 221 218 216 216 217 219 221 221 219 217 213 211 212 217 221 222 220 217 214 213 213 212 212 211 212 215 215 214 214 215
302 302 301 297 291 289 289 292 291 289 286 284 282 281 279 278 277 275 274 273 272 271 270 269 268 267 267 266 265 264 264 263 263 263 263 264 264 264 262 261 260 257 252 246 246 249 247 242 236 231 228 231 234 234 232 233 235 235 229 222 221 226 231 232 229 225 220 218 217 217 218 219 220 220 219 216 213 211 212 216 218 217 215 212 211 210 209 207 206 207 211 216 218 217 217 219
300 301 302 298 292 290 289 290 292 291 287 285 283 282 280 278 277 276 274 273 272 271 270 269 268 267 266 266 265 264 263 263 263 262 262 263 264 263 261 259 258 257 254 251 251 251 246 240 237 232 231 234 235 231 230 232 234 231 225 222 223 228 233 235 229 222 219 218 217 218 219 221 221 219 217 214 211 210 212 215 216 215 214 211 210 208 206 204 206 209 212 217 220 221 222 222
298 301 304 300 294 291 289 287 291 292 289 286 284 282 280 278 277 276 275 273 273 271 270 269 268 267 266 265 264 264 263 263 262 261 261 262 263 262 261 259 257 257 255 252 253 251 245 238 236 234 234 237 236 233 232 234 234 229 225 224 226 229 236 236 228 220 217 216 217 218 220 221 219 218 216 214 212 210 212 214 215 217 217 214 210 208 206 207 210 212 214 218 223 224 224 220
295 300 306 301 294 292 289 285 287 292 291 287 284 282 280 279 277 276 275 274 273 271 270 269 268 267 266 265 264 263 263 262 261 261 260 260 261 261 261 259 257 257 256 254 252 249 242 234 232 231 231 231 232 232 235 237 233 228 225 225 227 230 236 235 225 217 215 214 216 218 218 218 216 215 215 215 213 212 212 214 215 218 219 217 214 211 210 211 213 215 217 220 221 222 220 210
293 298 307 304 295 293 291 285 284 288 290 287 285 282 280 279 278 276 275 274 272 271 270 269 268 266 265 265 264 263 262 261 260 260 259 259 259 259 259 258 257 256 255 252 249 245 238 231 230 230 228 229 229 232 236 237 230 226 225 227 228 230 235 233 222 213 211 211 214 215 214 213 213 214 216 215 214 214 215 215 215 217 217 216 215 215 213 212 214 217 218 218 216 214 208 187
292 294 303 306 296 293 292 285 280 282 287 287 285 283 281 279 278 276 275 273 272 271 270 269 268 266 265 264 263 262 261 260 260 259 258 258 257 257 257 258 258 257 253 250 247 244 237 231 231 230 228 230 231 234 237 234 226 222 224 226 227 229 233 229 217 209 206 207 210 211 210 211 214 216 216 215 214 215 216 214 212 213 213 212 213 215 214 214 216 217 216 215 210 206 196 175
292 290 294 300 295 290 290 285 278 277 282 286 286 284 282 279 278 276 275 273 272 271 270 269 267 266 265 264 263 262 261 260 259 258 257 257 256 255 255 256 257 257 253 249 248 246 240 234 232 229 227 230 231 234 237 231 221 220 223 225 225 226 228 224 214 206 204 204 208 210 212 214 216 216 215 214 213 214 214 211 208 209 210 210 211 212 212 213 215 216 216 213 206 198 189 174
292 289 286 289 290 288 289 288 281 276 278 282 284 284 283 280 278 276 275 273 271 270 269 268 267 266 265 263 262 261 260 259 258 257 256 255 255 254 253 253 254 254 251 248 247 245 241 237 233 228 226 231 231 234 236 228 218 219 222 224 223 224 225 223 215 207 205 205 209 214 216 216 215 213 213 212 211 211 210 208 206 207 210 210 210 211 212 213 214 216 218 212 197 185 182 179
289 288 285 285 285 286 287 290 286 280 278 278 279 282 283 281 278 276 275 273 272 270 269 268 267 265 264 263 262 261 259 258 257 256 255 254 253 253 252 251 250 250 248 247 246 245 243 240 235 228 227 232 233 236 235 225 216 218 221 221 221 222 224 223 216 207 205 206 211 216 215 213 212 211 210 208 208 208 207 206 206 207 209 211 213 215 216 216 214 212 209 196 180 175 177 183
286 286 285 284 283 282 283 287 289 285 280 276 273 275 280 282 280 277 275 273 272 270 269 267 266 265 263 262 261 260 259 257 256 255 254 253 252 251 250 249 248 247 246 246 245 245 243 242 238 232 229 232 235 236 233 223 215 218 221 221 220 221 223 222 217 209 204 204 208 211 211 210 210 210 208 206 205 205 204 204 205 208 210 213 216 219 219 217 213 205 194 182 175 173 179 193
282 282 282 282 281 280 280 283 286 286 282 278 272 271 275 280 281 278 275 273 271 269 268 267 265 264 263 262 260 259 258 257 255 254 253 252 251 250 249 248 246 245 244 244 243 242 241 240 239 234 229 231 235 234 230 223 218 221 223 221 220 221 222 221 217 211 205 202 205 209 210 209 209 208 205 204 204 204 204 205 207 209 212 212 215 217 217 213 205 192 181 177 175 177 189 203
278 278 279 278 278 279 279 279 281 282 282 282 277 271 269 272 276 278 277 274 271 270 268 266 264 263 262 261 259 258 257 256 254 253 252 251 249 248 247 246 245 244 243 242 241 239 238 236 235 231 227 231 236 234 230 223 221 223 223 221 220 221 222 221 218 213 207 203 206 210 210 208 207 206 203 202 204 205 206 208 209 211 213 214 214 214 212 206 195 183 177 178 178 185 200 209
275 274 274 275 275 275 277 277 278 280 281 283 282 275 267 266 269 274 276 275 272 270 267 265 263 262 261 260 259 257 256 255 253 252 251 249 248 247 246 244 243 242 241 240 238 237 236 234 232 230 227 232 239 236 230 225 225 225 223 222 221 221 221 221 218 214 209 204 207 210 208 207 205 204 202 202 204 207 208 209 210 213 215 216 215 213 206 197 187 178 176 181 187 197 207 213
272 272 273 274 274 274 275 276 276 277 279 282 282 278 270 265 264 266 270 273 273 271 267 265 262 261 260 259 258 256 255 253 252 251 249 248 247 245 244 243 242 240 239 238 236 235 234 232 231 229 227 229 236 235 228 226 228 227 224 222 220 219 219 217 216 215 210 206 207 207 206 206 204 202 201 203 206 208 208 209 211 214 216 218 216 211 201 187 180 178 180 189 201 207 212 218
269 270 272 273 275 276 275 274 273 273 275 279 280 279 275 268 263 261 263 267 270 270 267 264 262 260 260 258 257 255 254 252 251 249 248 247 245 244 242 241 240 238 237 236 234 233 232 231 229 228 226 225 229 228 222 223 227 226 222 219 215 214 215 218 220 219 213 208 206 205 204 204 203 200 200 203 205 206 207 208 211 213 215 215 212 204 192 180 176 180 190 200 208 214 218 222
262 264 268 271 274 275 274 272 272 271 271 275 278 278 275 271 265 260 258 261 264 265 265 264 262 259 258 257 255 254 253 251 249 248 246 245 244 242 241 239 238 237 235 234 233 231 230 229 228 227 225 222 223 223 217 219 225 224 219 215 211 213 219 226 229 223 212 205 203 203 203 203 202 199 199 201 203 203 203 206 210 212 212 211 206 195 185 179 178 188 199 206 213 220 224 229
256 257 262 268 271 272 271 270 270 270 270 272 276 277 274 272 268 262 257 255 256 258 261 263 262 260 257 255 254 253 251 249 248 246 245 243 242 241 239 238 236 235 234 232 231 230 229 227 226 225 223 222 221 222 217 215 221 221 217 213 212 216 223 224 220 212 204 200 201 201 201 202 202 200 199 198 199 200 202 206 210 211 209 206 199 189 183 182 187 197 204 212 219 225 232 238
241 244 253 261 266 268 268 266 266 267 269 270 271 274 274 270 267 264 259 254 251 251 254 257 259 259 257 254 252 251 249 248 246 245 243 242 240 239 237 236 235 233 232 231 229 228 227 226 225 223 222 221 221 221 218 215 217 220 218 216 212 210 213 212 209 205 201 199 199 199 200 201 201 200 197 196 197 199 202 206 208 206 201 195 191 188 186 188 198 205 210 217 224 232 241 246
205 225 239 246 255 262 263 260 260 264 268 268 265 267 270 268 265 264 262 257 251 247 247 249 251 254 255 254 253 251 248 246 245 243 241 240 238 237 236 234 233 231 230 229 228 226 225 224 223 222 221 220 219 218 217 216 219 223 224 220 210 203 205 207 206 205 203 201 200 199 199 200 201 198 196 195 196 198 200 201 199 196 191 187 188 192 193 199 206 211 216 222 231 238 242 245
164 210 227 232 241 247 246 245 251 258 262 261 260 260 261 263 263 262 261 257 252 248 246 245 244 245 248 252 253 251 248 246 243 242 240 238 237 235 234 232 231 229 228 227 226 225 223 222 221 220 219 218 217 217 216 216 218 222 224 221 210 203 203 204 205 205 204 202 199 198 198 200 200 197 195 195 196 197 196 195 193 190 188 190 197 201 202 205 210 216 222 230 238 240 238 238
151 193 228 234 240 239 231 230 242 248 248 244 245 246 246 249 254 257 258 256 253 251 249 245 241 238 242 248 250 250 249 245 242 240 238 236 235 233 231 230 229 227 226 225 224 223 222 220 219 218 218 217 216 215 215 214 215 216 217 217 211 205 203 202 203 205 203 201 198 198 200 201 198 195 194 196 197 196 193 192 191 191 197 205 206 205 204 208 216 221 227 233 236 235 233 231
176 206 254 262 256 247 236 234 244 246 241 235 235 235 235 238 241 245 249 251 251 250 248 246 240 235 239 243 244 244 245 244 242 238 236 234 232 231 229 228 227 225 224 223 222 221 220 219 218 217 216 215 214 213 213 212 212 212 212 211 208 206 205 205 205 204 202 200 199 199 200 199 196 194 194 198 198 194 190 190 194 201 209 210 206 203 206 214 221 226 230 231 229 227 224 222
208 222 256 271 269 263 258 256 258 255 247 242 242 239 237 237 237 238 239 241 244 246 247 246 238 232 236 237 237 237 238 239 239 237 234 233 230 229 227 226 225 223 222 221 220 219 218 217 216 215 214 213 213 212 211 211 210 209 209 208 206 205 205 204 203 202 201 201 199 198 196 196 196 195 196 198 197 193 191 194 202 209 211 206 203 203 209 217 226 231 230 227 224 218 215 208
222 229 248 261 265 266 267 271 271 263 254 252 251 249 246 243 240 239 237 236 236 239 241 239 233 229 234 235 233 232 232 232 234 234 232 231 228 226 225 224 222 221 220 219 218 217 216 215 214 214 213 212 211 210 209 209 208 207 207 206 205 204 203 202 200 200 199 199 197 193 191 195 198 199 198 198 197 194 194 201 207 209 204 200 201 205 212 223 231 232 227 225 224 219 208 186
230 235 247 255 261 265 265 269 270 263 255 252 250 248 247 245 243 242 241 238 235 234 234 232 229 227 232 234 233 231 229 228 229 229 227 227 225 224 223 221 220 219 218 217 216 216 215 214 213 212 211 210 209 209 208 207 206 206 205 204 203 202 202 200 199 199 198 197 195 191 188 192 198 200 199 197 197 196 198 202 206 202 195 196 203 211 220 227 230 227 221 220 221 216 187 169
238 242 252 259 264 265 265 265 263 259 254 251 248 246 245 242 240 241 241 239 237 235 233 231 227 224 227 230 231 231 228 226 226 224 222 220 220 220 220 219 218 217 216 215 215 214 213 212 211 210 209 209 208 207 206 205 205 204 203 203 202 201 200 199 199 198 197 196 194 191 190 191 193 193 193 192 193 197 198 199 199 193 190 198 210 221 227 227 226 223 216 210 205 186 172 165
243 245 253 266 273 272 271 267 261 256 253 250 247 246 244 241 238 239 239 237 235 234 233 231 228 224 225 228 228 228 227 225 224 223 221 218 218 217 217 216 215 215 214 213 212 212 211 210 209 209 208 207 206 205 205 204 203 203 202 201 200 200 199 198 198 197 196 194 193 192 191 191 190 186 185 186 189 194 196 194 189 187 193 207 219 225 227 225 224 223 217 203 186 170 166 166
242 246 256 270 282 285 282 274 266 259 254 249 246 244 241 238 236 237 236 233 231 231 229 229 226 223 225 227 226 225 225 224 225 225 223 220 218 216 214 213 212 212 212 211 211 210 209 208 208 207 206 205 204 204 203 202 202 201 200 200 199 199 198 197 196 196 195 194 193 192 191 190 188 185 181 181 184 188 190 188 184 189 206 222 232 233 231 229 228 226 215 192 171 163 164 171
248 250 257 268 286 295 296 289 276 262 253 246 242 240 239 235 233 233 232 228 227 227 226 225 222 221 224 226 224 223 224 225 225 223 221 218 215 214 212 210 209 209 210 209 209 208 208 207 206 205 204 203 203 202 201 201 200 200 199 198 198 197 197 196 195 194 194 193 192 191 190 189 188 186 182 180 180 181 183 184 187 201 222 234 238 239 237 231 224 210 191 176 166 163 168 176
253 252 250 260 282 300 310 308 288 263 245 237 235 235 234 231 229 229 227 224 224 224 223 221 218 218 222 223 221 219 220 222 220 218 217 215 212 211 210 208 206 207 207 207 207 207 206 205 204 203 203 202 201 200 200 199 199 198 198 197 197 196 195 195 194 193 193 192 191 190 189 189 188 186 184 182 179 177 178 183 195 212 225 228 224 222 219 212 197 186 177 171 166 167 173 178
251 247 240 246 262 282 299 310 267 228 219 222 226 228 226 225 224 224 222 220 221 221 220 218 213 214 218 218 216 213 213 216 217 216 216 214 211 210 210 208 204 204 206 206 206 206 206 205 203 202 201 200 199 198 198 197 197 197 196 196 195 195 194 194 193 192 192 191 190 190 189 188 188 186 185 183 180 177 175 182 200 211 214 212 211 209 205 194 183 175 171 170 169 170 175 178
243 237 229 230 231 225 200 175 180 184 190 203 214 218 220 219 219 218 217 216 217 217 217 214 208 209 214 215 213 209 208 210 212 212 212 212 209 208 208 207 204 203 206 207 207 206 205 205 203 201 198 197 197 196 196 196 195 195 195 194 194 193 193 192 192 191 191 190 189 189 188 188 187 186 185 183 181 178 176 182 195 203 203 203 205 203 193 181 175 172 171 171 170 172 175 177
241 240 232 222 222 218 200 185 184 184 183 192 205 212 215 217 217 215 212 211 213 213 212 209 204 205 211 212 210 207 205 205 206 207 209 210 208 206 206 207 205 203 205 208 209 209 208 208 206 201 195 193 193 193 194 194 194 194 193 193 193 192 192 191 191 190 190 189 189 188 188 187 186 185 184 183 182 180 178 180 187 193 198 202 203 196 181 173 172 173 172 172 173 174 176 176
251 246 223 210 213 215 207 198 193 190 188 193 202 208 212 213 212 210 208 208 208 208 207 205 201 202 206 207 206 205 204 203 205 207 209 210 209 206 205 205 204 202 202 203 203 203 202 200 199 195 190 187 188 190 191 192 192 192 192 192 191 191 191 190 190 189 189 188 188 187 187 186 186 185 184 183 182 180 179 179 181 188 197 202 198 182 173 170 170 172 173 174 176 177 177 178
226 211 197 204 210 213 209 205 203 200 197 197 202 207 210 210 209 207 205 204 202 201 202 200 196 196 200 201 202 204 203 204 205 207 208 210 210 207 205 204 202 200 198 197 196 195 193 191 191 191 190 188 186 186 189 191 191 191 191 190 190 190 189 189 189 188 188 187 187 187 186 185 185 184 183 182 181 180 179 178 179 184 193 195 186 173 168 168 169 170 172 175 178 179 179 180
206 201 201 212 218 217 214 213 213 209 202 199 202 206 207 208 207 205 202 199 196 194 195 194 189 189 194 198 199 201 201 201 203 205 207 209 209 208 206 203 201 198 196 195 194 194 192 190 190 191 192 191 189 188 188 189 190 189 189 189 188 188 188 188 187 187 187 187 186 186 185 185 184 183 182 182 181 180 179 178 179 182 186 186 176 169 166 167 168 168 171 174 178 181 182 182
196 207 219 224 227 226 223 221 218 211 203 199 199 202 203 204 204 203 199 195 192 188 186 185 183 183 190 196 197 197 198 200 200 202 204 205 205 206 205 201 198 196 195 195 195 195 194 193 192 191 192 193 193 192 189 189 189 188 188 187 187 187 187 186 186 186 186 186 185 185 184 184 183 182 182 181 180 179 178 177 177 178 181 179 170 166 167 169 170 170 171 174 178 181 183 182
