windninja/windninja_output/Output_2025-08-09_0300-0350_Google earth_Fire_150m_10min/merlingen_7.5mi_point_08-09-2025_0300_150m_ang.asc
ncols	158
nrows	163
xllcorner	391686.332397
yllcorner	5160024.123721
cellsize	150.000000
NODATA_value	-32768.000000
[rows 42 to 83 of 163, columns 0 to 95 of 158]
249 249 249 249 249 250 250 250 249 249 249 249 249 249 249 248 248 248 248 248 248 248 247 248 248 248 249 251 253 255 255 253 251 247 239 235 235 238 239 238 237 236 234 235 235 232 231 230 231 236 242 242 236 233 238 239 236 235 239 241 239 235 234 234 233 236 238 238 235 230 227 229 230 223 227 230 215 199 204 218 226 227 231 235 237 234 227 225 230 234 237 240 241 244 243 235
249 249 249 249 250 250 250 250 250 249 249 249 249 249 249 249 248 248 249 249 248 248 248 248 248 248 249 250 252 254 254 252 249 246 241 237 238 240 239 238 239 239 239 240 237 232 233 235 238 243 247 244 235 231 235 238 237 236 238 241 242 242 241 238 236 237 235 233 229 221 218 222 222 219 222 222 209 200 205 218 225 229 234 239 237 230 226 228 232 235 238 239 242 246 242 232
248 248 249 250 251 251 250 250 250 250 250 250 250 249 249 249 249 249 249 249 248 248 248 248 248 248 249 250 251 252 252 252 249 246 244 243 247 247 244 242 241 242 244 243 237 233 235 239 242 244 244 239 231 228 232 235 236 236 238 241 243 244 245 244 244 242 237 233 225 218 217 221 221 219 220 218 208 202 210 221 228 232 237 239 235 229 228 231 235 238 240 241 248 250 243 234
248 248 249 251 251 251 251 251 250 250 250 250 250 249 249 249 249 249 249 249 248 248 248 248 249 249 249 250 250 250 251 251 249 248 247 250 254 252 249 246 244 246 246 242 234 232 237 241 245 244 241 237 232 230 232 235 236 238 241 242 242 243 243 245 247 245 240 234 225 223 225 227 227 226 224 219 209 204 213 222 229 234 240 239 234 230 231 233 236 239 241 246 252 251 243 235
248 249 250 250 250 251 252 251 251 250 250 250 250 250 249 249 249 249 249 249 249 248 248 248 249 249 249 249 249 250 251 251 250 249 249 251 254 255 252 249 248 249 247 240 233 236 241 245 246 242 238 235 232 232 235 236 238 241 245 244 241 241 242 244 245 243 239 234 228 228 232 233 233 231 226 220 210 206 215 225 232 238 242 240 235 233 234 235 236 238 241 248 252 248 242 236
249 249 250 249 249 252 253 253 252 251 251 250 250 250 250 250 250 249 249 249 249 248 248 249 249 249 249 249 249 250 250 251 251 251 251 252 254 255 255 253 252 251 246 238 234 240 246 248 244 238 235 233 231 233 234 235 239 243 246 245 241 242 244 245 245 243 239 234 230 229 232 234 235 232 227 221 215 213 221 232 239 242 242 239 236 235 236 236 236 238 241 245 247 243 239 236
249 249 249 248 249 252 254 254 253 252 252 251 250 250 250 250 250 250 249 249 249 249 249 249 249 249 249 249 249 249 249 250 250 251 252 253 255 256 256 256 255 253 247 239 238 244 248 246 240 234 231 231 234 236 235 237 242 245 246 242 239 244 246 246 247 245 239 234 231 231 233 234 234 232 227 223 219 220 227 235 240 241 240 237 234 233 234 234 236 238 240 242 242 240 238 236
250 249 248 246 249 252 254 255 254 253 252 251 251 250 250 250 250 250 250 249 249 249 249 249 249 249 249 248 249 249 249 249 250 250 251 252 254 255 255 256 256 254 250 244 245 249 248 243 237 231 228 231 235 237 236 239 244 247 244 238 237 242 245 247 247 244 239 235 232 232 233 233 232 230 226 223 221 222 227 233 236 237 237 234 233 232 232 232 235 236 237 239 239 238 238 236
251 250 247 245 249 252 252 253 255 254 252 251 251 250 250 250 250 250 249 249 249 249 249 249 249 248 248 248 248 249 249 249 249 250 250 252 254 254 254 254 254 254 251 249 251 252 248 241 237 232 231 236 238 236 236 241 246 246 241 236 237 241 246 250 248 243 238 234 233 234 234 234 232 229 226 224 222 222 226 231 235 236 235 233 233 233 232 233 235 236 236 236 237 237 238 237
252 251 246 246 250 250 250 251 253 254 252 251 251 251 250 250 250 249 249 249 249 249 249 249 249 248 248 248 248 248 249 249 249 249 250 252 254 255 255 253 253 254 254 252 254 252 246 238 235 235 236 241 241 239 241 246 247 243 237 235 237 242 249 252 248 241 236 233 232 233 234 233 231 228 228 227 225 224 227 231 233 235 237 236 235 235 236 237 238 237 235 236 237 237 238 237
253 251 247 249 252 252 249 249 251 252 252 251 251 250 250 250 250 249 249 249 249 249 249 249 249 248 248 248 248 248 248 248 249 249 250 251 253 254 255 254 253 255 256 254 253 251 244 234 233 233 234 237 238 240 246 251 247 240 236 235 237 242 250 252 246 238 233 230 231 232 232 231 228 228 229 229 228 228 230 233 233 234 238 240 241 241 241 240 240 238 236 236 235 236 237 238
251 250 249 250 252 251 249 249 250 250 251 252 251 250 250 251 250 250 250 250 249 249 249 249 249 248 248 248 248 248 248 248 248 249 249 250 251 252 254 254 255 255 255 254 251 248 240 232 232 233 233 235 237 241 248 250 244 237 234 236 239 244 251 251 243 234 228 226 229 230 229 227 226 227 229 230 229 231 236 236 234 234 236 237 239 243 244 242 240 238 237 236 233 233 236 243
248 248 249 251 252 250 247 247 248 249 251 252 252 251 251 251 250 250 249 249 249 249 249 249 248 248 248 248 248 248 248 248 248 249 249 249 250 251 252 254 256 257 255 253 252 248 240 234 236 236 234 237 240 244 249 248 238 232 233 236 239 245 250 249 239 229 223 220 224 226 225 224 226 229 231 230 229 232 237 237 234 234 234 232 233 237 241 242 240 237 236 236 234 233 243 254
247 248 249 252 254 253 250 248 247 248 250 252 253 253 252 251 251 250 250 249 249 249 249 249 249 248 248 248 248 248 248 248 248 248 249 249 249 250 251 253 256 258 256 253 253 251 246 241 240 237 234 239 242 245 249 244 233 230 234 237 240 244 247 245 236 225 220 218 222 225 223 225 228 231 231 230 229 233 236 234 233 234 234 231 230 231 232 233 235 237 239 239 237 238 248 254
248 248 248 248 252 254 254 252 249 248 249 250 253 254 253 252 251 251 250 250 249 249 249 249 249 248 248 248 248 248 248 248 248 248 248 248 249 249 250 251 253 255 255 253 253 253 251 248 244 237 235 241 243 246 249 241 229 230 235 239 242 245 245 242 234 225 220 220 224 226 225 227 229 229 230 228 229 233 234 232 232 233 234 232 231 230 228 227 229 234 242 245 245 244 247 245
249 249 248 246 246 249 252 253 252 251 248 246 248 252 254 253 252 251 251 250 250 249 249 249 248 248 248 248 248 248 248 248 248 248 248 248 248 249 249 250 251 251 252 252 253 254 255 254 249 241 239 244 246 249 249 238 227 231 237 241 243 245 244 241 233 224 219 220 224 226 226 228 229 228 228 226 228 231 231 229 229 231 233 233 234 234 232 230 229 231 239 245 246 245 248 241
248 248 248 247 246 246 248 251 254 254 249 244 244 248 253 255 254 252 251 250 250 250 249 249 248 248 248 248 248 248 248 248 247 248 248 248 248 248 248 249 249 250 250 251 253 254 256 258 257 251 245 247 249 251 248 237 229 235 241 243 243 243 242 239 233 224 218 217 219 223 226 227 228 228 227 226 228 230 228 226 226 228 231 233 234 235 235 234 233 234 241 244 243 245 248 237
248 247 247 247 247 247 248 249 253 256 253 247 244 246 249 253 255 254 252 251 250 250 250 249 248 248 248 248 248 248 248 247 247 247 247 247 247 248 248 248 248 249 249 250 251 252 253 256 259 259 254 253 252 251 247 237 233 241 245 245 243 242 241 238 233 226 218 213 215 223 227 227 228 228 227 226 229 230 227 226 226 228 230 230 231 232 233 235 237 242 248 248 244 245 242 232
247 247 247 247 248 249 249 251 253 254 253 250 247 246 245 247 252 254 254 252 251 250 249 249 248 248 248 248 248 248 247 247 247 247 247 247 247 247 247 247 248 248 248 249 249 250 251 252 255 259 263 262 257 252 246 238 238 245 248 246 244 243 241 239 234 228 220 212 217 227 229 228 229 229 227 227 230 229 227 227 228 230 231 230 230 231 233 237 243 250 250 246 242 238 235 230
247 247 247 247 247 248 250 251 252 252 252 251 250 248 244 244 246 250 254 254 252 251 250 249 248 248 248 248 248 248 247 247 247 247 247 247 247 247 247 247 247 247 247 248 248 249 249 251 253 257 263 267 263 256 248 242 245 249 249 248 246 244 242 240 235 229 221 213 222 229 229 229 230 230 227 228 229 228 226 227 228 230 232 232 232 234 237 242 248 251 247 241 237 231 230 229
248 248 248 248 248 248 249 250 251 251 252 252 252 250 246 244 243 245 249 252 254 253 251 249 248 248 249 249 248 248 247 247 247 247 247 247 246 246 246 247 247 247 247 247 247 248 249 250 251 254 259 264 265 259 250 247 251 252 250 248 246 244 242 239 235 230 221 217 225 229 229 230 231 229 227 228 228 227 226 226 228 230 232 234 236 239 246 251 252 248 241 238 234 229 228 229
250 250 250 250 250 250 250 250 250 250 251 252 253 252 250 246 244 243 245 248 251 252 251 250 248 248 249 249 248 248 247 247 247 247 247 246 246 246 246 246 246 246 246 246 247 247 248 249 250 252 255 260 262 259 251 248 251 252 250 247 244 241 239 238 238 234 225 224 228 228 228 230 231 229 226 226 226 226 225 225 227 228 231 234 236 242 251 254 253 245 236 234 231 229 229 229
251 251 251 251 252 253 253 252 251 250 250 252 252 252 251 249 246 243 242 244 246 249 251 251 249 249 249 248 248 248 248 247 247 247 246 246 246 246 246 246 246 246 246 246 246 247 247 248 249 250 253 257 260 259 253 250 251 250 249 247 242 238 238 241 245 241 232 230 229 228 228 230 231 228 224 224 224 223 221 222 225 227 230 234 238 247 251 250 246 237 231 230 229 229 230 230
249 249 249 250 251 252 252 252 253 252 252 253 253 252 251 251 249 245 242 242 243 245 248 250 250 250 249 248 248 248 248 247 247 247 246 246 246 246 246 246 245 245 245 246 246 246 247 247 248 249 251 255 259 260 258 256 253 249 247 246 241 235 237 241 242 237 232 230 229 228 229 231 231 228 224 222 222 220 218 221 225 229 232 235 241 249 250 244 236 229 228 228 228 230 231 232
243 243 244 248 250 251 249 248 249 251 252 252 251 252 252 251 250 249 245 243 241 240 243 246 249 250 250 248 248 248 247 247 247 247 246 246 246 246 245 245 245 245 245 245 245 246 246 246 247 248 250 252 256 259 261 264 261 254 248 244 236 229 234 237 236 232 230 228 228 229 230 232 232 227 223 221 221 219 217 221 226 229 232 234 240 245 244 237 229 226 225 226 228 229 233 236
231 234 237 240 245 249 246 244 246 249 252 251 248 248 251 250 250 250 249 246 242 238 239 241 244 247 249 250 250 249 248 248 247 247 246 246 246 246 245 245 245 245 245 245 245 245 245 246 246 247 248 250 252 255 259 264 267 263 255 247 236 230 237 239 236 233 230 228 229 231 231 233 233 227 222 220 219 217 216 219 224 227 232 234 241 245 240 231 228 226 224 225 228 229 232 237
216 228 232 232 236 238 235 234 241 247 249 247 246 245 245 247 249 250 250 249 245 242 240 239 239 240 244 249 252 252 250 249 248 247 247 246 246 245 245 245 245 245 245 245 245 245 245 245 246 246 247 248 250 252 254 258 263 264 260 253 244 243 246 245 240 234 231 229 229 230 231 233 234 229 223 222 220 216 215 221 226 231 236 239 248 250 239 228 226 225 224 225 229 230 232 235
221 235 240 237 237 235 228 226 235 240 239 235 235 236 236 238 243 247 249 249 247 246 244 242 238 235 240 247 251 252 252 251 249 248 247 246 246 245 245 245 245 244 244 244 244 244 245 245 245 246 246 247 248 249 251 253 255 257 258 255 252 254 255 253 247 240 236 232 230 229 229 233 234 228 222 223 222 219 218 224 232 238 240 244 255 252 236 227 226 224 224 225 228 230 232 234
239 249 260 261 256 248 238 234 240 242 236 231 231 230 231 232 235 240 244 246 247 247 247 246 240 234 239 244 246 249 251 252 251 249 248 247 246 245 245 245 244 244 244 244 244 244 244 244 245 245 245 246 247 247 248 249 250 251 252 252 253 255 259 260 257 253 247 242 237 232 230 234 233 226 222 224 224 222 222 228 236 240 243 250 257 249 232 226 225 224 223 224 226 227 230 231
245 251 262 269 268 263 258 257 259 254 246 242 242 239 237 235 235 237 239 240 243 246 248 247 240 234 238 240 241 243 245 248 251 251 249 247 246 246 245 245 244 244 244 244 244 244 244 244 244 244 245 245 245 246 247 247 248 248 248 249 249 251 254 256 258 260 259 256 249 241 237 237 235 226 224 226 226 224 224 231 239 243 248 256 254 239 227 224 224 225 224 225 226 225 226 228
249 252 260 264 265 265 265 268 269 263 255 254 254 251 248 245 242 241 239 238 238 241 244 244 239 236 240 241 239 239 241 243 246 249 250 249 247 246 245 245 244 244 244 244 243 243 243 244 244 244 244 244 245 245 245 246 246 246 246 246 247 248 249 250 252 254 257 258 257 255 253 250 241 232 228 229 230 227 225 232 240 246 253 257 248 229 222 223 226 227 226 227 229 229 229 233
252 255 261 263 264 265 266 268 268 263 257 255 254 253 252 250 248 248 246 242 240 240 240 240 238 237 241 242 240 239 239 239 242 245 247 248 247 246 245 245 244 244 244 243 243 243 243 243 243 243 244 244 244 244 244 244 245 245 245 245 245 245 246 246 247 248 249 251 253 257 261 261 252 241 236 235 235 232 227 232 241 250 257 253 239 225 221 223 228 228 226 227 231 235 239 240
255 258 263 266 267 268 268 267 265 263 260 257 254 252 251 250 249 249 249 247 245 244 242 241 238 237 240 242 242 241 239 239 240 241 242 244 245 246 246 245 244 243 243 243 243 243 243 243 243 243 243 243 243 243 243 243 244 244 244 244 244 244 244 245 245 245 245 246 248 251 254 256 254 247 241 239 237 232 228 232 244 252 254 245 230 223 223 225 229 228 227 225 225 235 239 238
257 260 265 271 273 272 272 270 267 264 262 259 257 255 253 252 250 249 249 248 247 247 245 244 241 239 241 242 242 241 240 239 240 241 241 242 243 245 245 245 244 243 243 243 243 243 243 243 243 243 243 243 243 243 243 243 243 243 243 243 243 243 243 243 243 243 243 244 245 246 246 247 247 246 245 242 237 230 227 235 249 252 247 236 226 222 224 227 229 232 235 230 229 240 240 236
257 259 265 272 278 279 279 276 271 268 265 262 259 257 255 253 252 250 249 248 247 246 246 245 243 241 243 245 244 242 240 240 241 242 243 243 244 245 245 244 243 243 243 243 243 243 243 243 243 243 243 243 242 242 242 242 242 242 242 242 242 242 242 242 242 242 242 243 243 243 243 243 243 244 246 245 239 230 229 242 251 250 242 233 228 228 230 231 233 239 245 244 246 247 241 235
258 260 263 270 279 285 285 282 278 274 269 264 261 259 257 255 253 252 250 248 247 247 246 245 241 239 244 248 247 245 242 241 241 242 242 243 243 244 245 244 243 242 243 243 243 243 243 243 243 243 243 243 242 242 242 242 241 241 241 241 241 241 241 241 241 241 241 241 241 241 241 241 241 242 243 245 242 234 236 248 251 245 238 234 234 238 241 239 239 243 243 243 245 244 237 233
261 260 257 265 279 288 291 290 285 281 273 266 262 259 257 255 254 253 251 249 247 247 247 245 239 238 243 247 248 245 242 241 240 240 240 240 240 242 243 244 243 242 242 242 242 243 243 243 243 243 243 243 242 242 242 241 241 241 241 241 240 240 240 240 240 240 240 240 240 240 240 240 240 240 241 242 241 237 242 250 248 238 233 233 232 233 235 235 237 238 238 238 239 239 233 230
259 255 248 253 269 284 292 293 289 286 276 266 261 258 256 255 254 253 251 249 248 248 248 245 239 238 242 244 244 242 241 241 240 240 241 240 238 238 241 244 244 243 243 243 243 244 244 244 244 244 244 243 242 242 241 241 241 240 240 240 240 240 240 240 239 239 239 239 239 239 239 239 239 239 239 239 238 238 243 249 243 232 227 227 226 226 229 234 238 239 239 238 237 235 231 228
251 247 242 247 255 266 279 281 280 279 270 262 258 257 256 255 254 252 251 249 249 248 248 245 240 240 243 243 241 240 241 242 240 238 238 239 237 236 238 240 241 242 244 245 245 245 245 246 247 247 246 244 243 242 241 241 240 240 240 240 239 239 239 239 239 239 239 239 239 238 238 238 238 238 237 237 237 236 240 242 234 226 224 223 223 226 233 240 241 241 239 238 237 233 231 230
248 249 250 253 261 262 250 241 250 253 252 253 254 255 255 255 254 252 251 251 250 249 247 245 240 242 245 244 242 240 241 242 240 238 237 236 235 235 236 237 236 237 241 245 247 249 249 249 251 253 251 247 244 242 241 240 240 240 239 239 239 239 239 239 238 238 238 238 238 238 238 237 237 237 236 236 235 234 234 232 223 221 223 224 225 231 242 244 241 239 238 236 235 232 230 232
259 260 261 266 267 257 241 232 232 235 237 244 250 252 254 254 253 253 253 252 251 250 248 245 241 242 246 245 243 242 242 243 244 244 241 238 236 235 236 236 233 232 234 237 240 243 243 244 246 248 249 248 246 242 240 240 239 239 239 239 239 239 238 238 238 238 238 238 237 237 237 237 236 236 236 235 234 233 231 226 216 216 221 225 230 241 244 243 240 238 236 234 233 230 228 229
258 257 257 260 257 248 241 235 232 233 236 243 249 251 253 253 253 254 254 254 253 252 250 247 242 242 244 243 242 242 242 243 244 245 245 244 242 239 238 236 234 232 231 231 232 232 232 233 235 236 236 238 240 239 239 239 239 239 239 239 239 238 238 238 238 238 237 237 237 237 236 236 236 236 235 235 234 232 230 225 213 210 217 223 236 246 247 243 240 238 237 235 233 230 228 229
