windninja/windninja_output/Output_2025-08-09_0300-0350_Google earth_Fire_150m_10min/merlingen_7.5mi_point_08-09-2025_0350_150m_ang.asc
ncols	158
nrows	163
xllcorner	391686.332397
yllcorner	5160024.123721
cellsize	150.000000
NODATA_value	-32768.000000
[rows 0 to 41 of 163, columns 0 to 93 of 158]
214 213 211 208 207 208 207 205 205 206 205 204 203 205 210 216 222 223 221 222 215 203 202 206 209 212 211 208 208 209 210 211 213 213 212 216 220 222 223 220 217 218 219 221 222 224 227 226 217 212 211 210 211 212 213 215 216 217 218 218 216 216 216 215 214 213 214 218 221 222 221 220 220 219 219 220 222 225 226 225 224 223 224 228 230 229 226 226 228 226 225 226 225 224
214 213 210 207 208 209 208 208 208 208 205 202 200 203 209 214 216 214 213 214 208 199 200 205 210 212 210 207 209 210 212 212 213 213 213 216 217 217 217 215 215 215 216 217 217 217 219 218 214 213 213 213 215 216 216 216 216 216 217 218 217 217 216 216 214 214 216 219 221 221 220 220 220 219 219 220 222 224 225 223 223 223 225 227 229 228 225 226 228 227 227 228 227 226
210 210 208 206 208 209 209 210 209 206 201 197 197 201 207 211 210 207 208 208 204 197 195 203 210 211 209 208 210 212 214 214 213 213 213 214 213 212 212 211 211 212 212 213 213 212 212 212 211 211 213 214 217 219 218 216 216 215 216 217 216 215 215 216 215 216 218 221 222 221 219 219 219 219 220 220 220 223 223 221 220 223 226 226 227 226 222 222 225 226 229 229 227 226
203 206 206 205 207 206 204 204 202 199 197 194 196 200 205 210 209 207 208 209 206 201 195 198 207 209 209 208 208 209 212 213 213 212 211 211 212 213 213 211 209 209 209 210 210 209 210 210 210 209 210 211 213 215 215 215 216 216 217 217 216 215 215 216 216 216 218 221 223 222 219 219 220 221 222 221 220 223 224 221 217 221 224 223 226 226 219 218 220 221 223 225 224 222
196 201 205 205 205 203 200 200 199 199 198 195 195 199 204 209 211 211 211 212 210 206 198 194 201 205 206 206 205 205 207 209 210 210 209 210 212 212 210 208 206 206 207 208 208 209 210 210 211 211 211 212 213 215 216 216 217 217 217 217 217 216 216 217 217 217 218 222 224 222 220 221 222 222 222 223 224 226 225 222 219 222 224 223 225 227 220 216 216 216 217 219 219 216
194 198 202 204 203 201 200 200 200 201 200 197 194 198 205 210 213 215 215 215 214 211 201 193 196 202 204 205 205 204 205 207 208 208 208 208 208 207 206 206 205 205 207 208 209 211 212 212 212 213 213 214 215 216 218 218 217 217 217 217 217 216 216 217 217 217 218 221 223 221 220 223 223 221 220 222 224 226 225 223 223 225 226 225 225 227 224 220 218 216 215 216 214 211
198 198 199 201 202 201 201 202 203 202 200 197 194 198 207 211 214 215 214 214 214 213 206 194 193 199 204 206 205 205 205 206 207 208 207 206 205 205 206 206 206 208 210 212 213 214 214 214 214 214 214 215 215 216 218 219 218 217 217 216 215 214 214 216 217 217 218 221 222 219 218 220 221 218 217 219 222 223 221 221 224 225 224 225 226 229 228 226 224 221 219 219 217 215
199 199 199 199 201 203 205 206 205 202 199 196 193 198 207 211 212 213 213 212 213 213 209 200 193 195 201 204 204 205 207 208 209 210 209 208 207 208 209 210 211 212 214 215 216 217 216 216 216 215 215 216 215 216 218 219 218 217 216 214 213 211 212 214 216 217 218 220 221 218 217 219 219 217 217 219 223 223 220 220 226 226 222 222 224 226 226 225 225 224 225 227 227 225
198 199 200 200 202 205 208 208 206 202 199 194 191 196 205 210 211 212 213 213 213 213 211 205 196 192 197 203 204 206 209 210 210 212 213 213 213 213 215 216 217 218 218 218 218 218 218 218 217 215 215 217 216 217 220 219 217 216 215 214 214 214 213 215 217 219 219 219 219 218 219 222 223 221 220 221 224 224 221 222 228 228 222 218 218 219 220 220 217 214 214 217 221 220
198 199 201 201 202 204 206 206 204 201 199 195 191 193 203 210 211 211 211 211 212 212 211 206 200 193 193 201 204 205 209 210 210 213 216 216 216 217 219 220 220 220 219 219 220 219 219 219 218 215 217 219 218 219 221 221 218 218 219 219 221 220 218 219 222 222 220 219 217 219 222 225 225 223 222 223 226 225 220 221 225 225 222 218 219 218 217 217 212 209 210 212 213 212
198 199 201 201 202 203 203 204 202 201 199 197 193 193 202 209 211 211 209 210 211 211 210 207 203 198 194 199 204 205 210 212 212 216 219 219 219 219 220 220 219 220 220 220 222 222 221 222 222 220 222 223 221 222 225 227 226 227 229 228 229 229 227 226 229 227 225 222 219 222 225 226 224 222 223 225 228 226 219 218 220 222 221 219 221 219 219 220 217 213 215 218 216 214
198 199 200 201 201 202 202 202 202 201 200 198 195 194 200 207 210 210 210 210 211 211 211 209 206 203 200 202 207 210 214 217 217 219 222 222 222 221 221 220 220 221 221 221 222 224 224 226 229 231 234 234 234 237 240 240 239 238 238 239 242 243 242 241 241 239 235 229 224 224 226 225 223 220 219 220 221 220 216 215 217 219 219 217 216 214 217 223 219 213 219 225 223 218
198 199 200 201 201 201 202 202 202 202 201 200 198 197 201 207 210 210 210 210 211 212 213 213 212 210 208 209 211 214 216 218 219 220 222 224 224 222 222 221 221 222 221 221 223 225 226 230 236 240 243 246 249 253 256 255 251 246 244 248 253 254 257 262 263 257 251 241 230 226 226 225 224 219 214 213 214 215 213 212 214 217 217 217 216 213 217 223 218 211 219 228 226 221
198 199 199 200 200 201 202 202 203 202 202 201 199 199 203 210 213 211 211 212 212 214 217 218 218 215 212 212 213 214 217 220 221 221 221 223 223 223 223 222 224 226 227 230 234 234 231 230 234 239 243 246 248 253 259 263 261 253 245 244 247 248 249 255 261 264 263 260 249 233 227 226 224 218 212 213 216 218 217 216 216 218 219 220 221 218 221 225 221 216 224 232 232 230
198 199 199 200 200 201 202 203 203 203 202 202 199 198 203 210 213 210 210 214 216 217 220 220 219 216 213 212 213 215 219 221 221 220 219 221 222 224 226 229 234 237 241 245 246 243 240 232 229 231 235 236 236 239 243 248 249 242 233 233 235 235 234 233 235 242 247 253 260 254 233 228 225 220 217 219 223 226 226 226 225 223 224 226 226 225 228 230 228 226 235 244 244 243
198 198 199 200 200 201 202 203 203 203 203 202 200 196 199 207 210 209 209 213 217 217 218 218 218 216 213 213 215 215 216 217 216 217 220 225 231 234 236 239 243 242 241 241 238 235 235 234 229 228 228 225 221 222 224 226 228 224 220 225 229 229 228 223 223 228 230 233 238 242 241 237 232 226 223 223 226 229 231 232 229 228 231 233 233 234 236 237 236 235 240 247 247 247
198 198 199 200 201 201 202 202 203 203 203 202 201 197 197 205 210 211 210 211 214 215 215 216 217 216 213 212 213 213 215 217 218 223 231 237 241 242 240 238 236 232 229 230 227 226 227 227 226 226 224 219 216 217 219 221 223 219 214 219 225 227 226 220 221 226 227 227 228 226 228 243 244 234 226 225 226 227 229 230 229 230 234 237 240 243 244 245 246 243 238 239 239 240
198 198 199 200 200 201 202 202 203 203 203 203 202 200 199 206 212 213 212 213 214 215 216 217 218 218 216 214 214 216 219 222 225 228 232 234 234 232 229 228 226 225 226 227 226 225 224 222 220 220 221 220 219 220 221 222 222 219 213 216 223 225 223 219 219 224 226 226 225 225 223 223 232 236 230 227 224 227 232 234 235 237 239 240 242 246 247 245 246 246 240 237 235 236
198 198 199 200 200 201 202 202 203 203 204 204 204 203 203 206 213 215 216 218 218 218 217 218 220 220 219 217 218 222 224 225 225 225 226 227 228 227 225 226 226 226 227 227 226 226 224 220 219 221 222 222 222 221 220 220 220 219 216 217 222 224 222 219 219 223 226 226 225 224 221 214 218 225 227 230 234 240 245 245 246 248 245 241 238 237 237 237 240 242 240 237 236 236
198 198 199 199 200 201 202 202 203 203 204 205 205 205 205 208 213 216 218 219 218 217 217 218 219 219 219 219 220 222 223 223 224 226 229 230 230 227 224 224 223 223 223 223 223 223 223 220 221 225 225 224 222 220 218 217 218 219 219 220 223 227 225 222 223 225 227 226 223 220 217 212 215 219 219 222 233 245 249 248 248 247 243 236 232 232 232 233 237 240 235 230 235 237
198 198 198 199 200 201 202 203 203 204 204 205 206 206 207 209 212 214 215 216 215 215 216 216 217 218 219 219 220 220 220 219 221 224 224 224 224 221 217 218 219 220 222 222 222 222 223 222 221 224 225 224 221 219 218 219 219 219 221 222 223 227 227 224 224 225 224 223 221 218 216 214 218 221 219 215 218 226 233 238 239 238 236 233 231 232 233 233 237 239 234 225 230 236
197 198 198 199 200 201 202 203 204 204 204 206 207 207 208 209 211 212 213 214 214 214 215 215 216 218 218 219 219 219 217 216 217 218 217 216 218 217 215 217 219 220 221 222 223 225 225 223 220 221 222 222 221 220 220 221 220 220 221 222 222 225 227 224 223 222 220 219 220 219 218 218 221 225 222 211 210 217 223 228 231 232 234 233 229 230 230 232 237 237 230 219 224 232
197 197 198 199 200 200 202 203 204 204 204 205 207 207 208 209 210 211 212 213 213 213 214 214 215 217 217 218 219 218 216 212 213 216 217 218 220 220 220 220 220 220 220 222 225 224 222 220 219 219 222 222 222 222 220 219 220 220 219 221 222 225 227 224 221 218 215 218 220 219 219 219 222 225 220 208 204 212 219 223 226 227 230 232 228 227 226 229 233 234 227 215 219 230
197 197 198 199 200 201 202 203 204 205 204 205 207 207 208 208 209 210 211 212 212 213 213 213 214 216 217 219 221 220 216 212 214 218 221 224 225 225 224 221 219 219 220 222 223 221 218 219 220 220 222 223 222 222 220 218 219 220 217 219 222 226 228 225 219 216 216 219 222 222 221 221 225 225 218 209 204 211 217 221 224 224 226 228 228 227 225 229 232 233 226 215 220 230
197 197 198 199 200 201 202 203 204 205 205 205 207 208 208 208 209 210 211 212 212 212 213 213 214 215 218 221 224 223 219 216 217 221 223 224 225 226 225 222 219 218 219 219 220 218 218 221 222 222 223 223 222 221 220 218 218 219 217 219 223 227 228 226 221 220 222 224 226 227 227 226 226 224 217 212 212 215 219 221 223 223 222 224 226 227 227 231 236 235 225 214 221 231
197 197 198 199 200 201 202 203 204 205 206 206 207 208 208 209 209 210 211 211 212 212 213 213 213 214 216 220 224 224 221 220 219 219 220 221 222 225 225 222 219 217 216 218 220 219 220 222 222 222 222 224 224 223 221 217 217 219 220 222 224 226 225 222 219 218 220 222 225 228 230 229 227 223 216 212 218 223 220 218 220 220 218 219 222 223 221 225 234 235 223 211 219 227
197 197 198 199 200 201 202 203 204 205 206 207 207 208 208 209 210 210 211 211 212 212 212 211 211 211 212 218 222 223 223 223 223 221 220 219 219 223 224 220 217 216 216 219 220 217 218 221 221 219 220 223 225 224 220 214 214 219 222 222 224 227 226 223 220 219 218 218 222 225 229 229 226 221 212 208 218 225 222 215 218 219 218 218 220 220 216 219 228 232 222 209 215 223
197 197 198 199 200 201 202 203 204 205 206 207 208 208 209 209 210 210 211 211 211 211 210 210 209 208 209 215 219 220 222 224 225 223 222 219 219 223 224 219 215 215 215 216 216 212 213 217 219 218 216 218 220 220 217 209 209 216 218 218 222 228 229 226 225 223 219 217 220 225 229 229 224 218 210 206 215 225 224 216 218 220 220 220 222 222 218 219 226 229 223 211 213 221
197 197 198 199 200 201 202 203 205 206 207 208 208 209 209 209 210 210 210 211 210 210 210 209 207 205 205 210 213 215 218 222 222 221 219 214 214 219 221 216 211 212 211 212 211 209 210 214 218 216 211 214 217 218 216 205 201 211 217 220 224 226 225 223 223 223 219 217 222 226 229 226 220 216 210 207 215 227 228 224 220 219 222 226 229 228 225 225 228 229 225 219 216 221
197 197 198 200 201 201 202 204 205 206 207 208 208 209 209 209 210 210 210 210 210 210 210 209 206 203 202 205 208 210 213 218 219 218 212 203 203 211 215 211 206 207 207 208 208 206 208 210 213 211 207 209 214 216 215 205 199 210 221 227 229 228 225 223 223 223 217 216 225 230 231 226 221 218 212 210 216 227 232 232 226 219 224 231 234 233 231 230 230 228 226 224 222 224
197 197 198 200 201 202 203 204 206 206 207 208 209 209 210 209 210 210 210 210 210 210 209 208 205 202 201 204 207 209 214 218 218 215 207 198 199 206 211 207 204 205 205 208 207 206 207 208 210 210 208 210 214 218 217 209 206 215 225 232 233 229 228 227 228 225 218 218 230 237 236 231 227 221 212 209 212 221 229 232 229 220 223 231 232 229 228 228 228 228 227 228 229 234
198 197 198 200 202 202 203 204 206 206 207 208 209 210 210 210 210 210 210 210 210 209 209 207 205 202 201 203 207 212 219 220 217 216 210 198 198 206 209 207 207 208 209 212 211 209 210 212 215 217 218 218 220 223 221 213 213 221 230 237 234 225 224 227 230 227 218 219 232 239 237 231 227 219 210 208 211 217 226 230 228 219 221 229 232 232 232 232 233 233 232 232 233 239
198 198 199 200 202 203 203 205 206 207 207 208 209 210 210 210 210 211 210 210 210 209 208 207 205 202 201 201 202 206 211 213 215 218 216 201 198 208 211 211 213 213 213 216 215 214 217 220 222 224 226 226 225 226 224 215 214 221 230 237 235 223 216 222 229 228 218 217 229 235 230 223 220 214 208 207 208 214 223 229 227 221 223 229 233 237 238 238 237 237 237 237 236 239
198 199 199 201 203 204 204 205 207 207 208 209 209 210 211 211 210 210 210 210 210 209 207 206 205 203 200 199 197 199 206 211 214 219 219 204 196 208 213 214 216 215 215 218 219 220 224 225 226 227 228 228 229 229 226 220 218 222 228 232 231 219 209 216 226 228 222 218 227 231 224 218 217 212 207 205 206 210 218 224 224 222 224 228 228 229 233 234 232 233 234 236 238 240
198 199 200 202 203 204 204 206 207 208 208 209 210 210 211 211 211 211 210 210 210 209 207 206 205 203 201 199 196 199 208 214 216 218 218 208 197 207 214 214 216 218 220 223 225 228 229 229 230 231 231 231 232 232 231 228 226 227 230 232 230 218 205 210 223 227 227 224 228 229 223 219 218 214 210 207 207 210 217 222 222 220 222 227 226 224 228 229 228 228 229 232 235 239
198 199 200 202 203 204 205 206 208 208 209 209 210 211 211 211 211 211 211 210 210 209 208 207 206 205 202 200 199 204 211 214 214 216 216 211 204 208 215 218 220 223 225 227 228 230 230 228 229 229 229 230 230 229 229 229 229 231 233 236 235 225 208 207 219 225 227 226 227 230 226 225 223 219 215 211 210 217 225 227 224 221 223 228 230 225 225 227 225 224 226 228 233 239
199 199 201 203 204 205 206 207 208 209 209 210 210 211 211 211 211 211 211 210 210 210 209 208 207 205 202 201 202 206 207 208 211 215 218 216 211 212 219 224 226 227 227 226 227 228 225 225 227 227 227 226 225 224 224 224 226 228 230 235 236 229 214 206 214 223 227 227 227 227 228 232 231 225 218 213 212 219 228 232 229 225 225 229 232 231 223 223 223 222 224 228 232 238
200 200 202 204 206 207 207 208 209 210 210 210 210 211 211 211 211 211 211 211 210 210 210 209 207 204 202 200 201 203 203 204 211 218 222 220 216 219 225 227 226 226 226 225 225 225 223 223 224 225 226 223 221 223 224 223 222 223 225 229 232 229 218 209 211 223 230 232 229 224 225 229 230 222 215 215 213 211 221 229 227 225 226 227 231 232 220 217 222 223 224 228 233 238
200 201 203 205 207 208 208 209 209 210 210 210 210 211 211 211 211 211 211 211 211 210 210 209 207 205 202 197 197 201 204 207 213 219 222 220 218 224 227 225 223 223 222 221 222 222 220 217 217 219 221 218 216 220 222 219 215 217 219 221 223 222 218 211 210 222 234 237 231 223 221 221 220 216 212 217 212 202 214 225 223 220 223 225 231 231 221 212 219 223 223 228 237 242
202 203 205 207 208 209 209 210 210 210 210 211 211 212 212 212 212 212 211 211 211 210 210 210 208 206 202 197 198 206 211 212 214 218 221 219 216 220 222 223 223 222 221 218 217 219 218 215 213 216 219 215 210 211 214 211 206 208 212 214 215 217 218 217 213 221 235 239 231 223 220 220 220 216 213 217 211 194 205 218 218 218 223 228 234 234 225 214 214 220 221 229 241 244
205 205 206 208 209 209 209 210 210 210 210 211 211 211 212 211 211 211 211 211 211 211 210 210 209 207 204 202 203 210 215 215 215 219 221 218 216 217 219 220 220 219 218 215 215 216 216 212 209 213 218 215 204 203 209 209 205 205 211 215 216 218 221 223 218 220 233 235 228 223 222 225 226 218 213 217 208 191 197 214 216 216 221 228 233 234 227 216 214 218 220 230 240 243
207 207 208 208 209 209 209 210 211 210 210 211 211 211 212 212 211 211 212 211 211 211 211 211 210 208 207 206 206 210 215 215 216 218 217 215 216 218 218 216 214 213 213 213 211 210 209 208 206 209 215 214 205 202 211 215 212 212 218 223 223 221 222 224 221 221 228 229 223 221 222 224 224 213 210 215 205 191 196 211 217 216 219 224 227 227 221 215 216 219 222 230 237 240
