windninja/windninja_output/Output_2025-08-09_0300-0350_Google earth_Fire_150m_10min/merlingen_7.5mi_point_08-09-2025_0340_150m_ang.asc
ncols	158
nrows	163
xllcorner	391686.332397
yllcorner	5160024.123721
cellsize	150.000000
NODATA_value	-32768.000000
[rows 0 to 41 of 163, columns 0 to 93 of 158]
162 160 158 158 159 161 163 162 161 162 163 164 164 159 153 148 145 143 145 150 155 159 160 161 162 162 161 158 157 159 160 159 157 155 153 154 155 152 149 149 150 151 152 151 150 152 152 151 152 156 160 161 161 163 164 163 160 158 156 156 157 158 157 156 156 156 157 156 155 156 157 157 157 154 153 154 156 154 151 151 153 153 150 148 147 144 142 141 139 138 136 134 134 133
165 161 158 158 158 160 163 162 159 159 161 165 168 166 162 158 155 154 153 154 158 160 160 162 163 164 163 160 158 159 160 159 158 157 155 155 158 157 155 155 154 154 156 155 155 157 157 156 155 155 157 158 159 161 162 162 161 159 158 157 157 158 158 157 156 157 157 156 156 156 157 158 158 156 154 156 157 155 153 153 155 154 151 151 149 147 146 146 144 142 139 137 138 137
166 162 159 159 158 160 163 162 158 157 160 167 171 170 167 164 161 161 159 159 161 161 160 162 165 166 166 163 162 162 161 160 159 159 158 158 160 161 160 160 159 158 159 158 159 160 161 161 161 158 157 158 159 160 161 161 160 160 160 160 159 159 159 158 158 158 158 157 156 156 159 159 158 157 156 158 160 157 156 157 160 158 155 155 154 152 154 155 154 153 148 146 147 148
162 161 161 160 160 162 163 162 161 161 165 171 173 170 166 162 161 162 162 163 164 162 160 162 165 167 169 168 167 167 166 164 161 159 159 160 160 161 161 161 161 161 160 159 160 161 161 163 165 164 162 163 164 163 162 161 160 160 160 160 161 160 160 159 160 159 158 157 156 157 160 160 157 156 156 158 158 157 157 160 162 161 159 159 155 154 158 159 160 161 160 157 155 156
156 158 161 162 161 162 161 159 160 163 169 173 172 169 163 160 160 162 163 165 164 162 161 162 162 165 169 171 171 171 170 169 166 162 162 162 162 161 161 161 161 162 161 161 162 162 163 164 165 165 166 166 165 164 163 162 161 160 159 160 160 161 161 160 160 160 159 157 156 159 161 159 157 157 157 157 154 154 157 161 163 160 159 159 156 154 157 158 158 161 164 164 162 161
152 154 158 161 162 161 159 157 158 164 170 172 171 167 160 158 160 162 164 164 163 159 158 159 159 161 165 169 171 171 171 170 168 167 167 166 164 163 162 162 163 162 161 161 163 164 164 165 165 166 168 168 165 164 163 163 161 160 160 160 161 162 162 161 161 160 160 158 157 161 163 160 157 158 160 160 157 154 157 163 163 157 155 157 157 156 156 153 151 155 159 161 164 164
153 152 153 157 159 160 159 158 161 166 168 169 169 165 159 158 161 164 166 165 164 160 157 156 155 157 161 164 167 169 169 168 167 169 170 168 165 164 164 164 164 163 162 162 163 163 164 165 165 167 169 169 167 166 164 162 160 160 160 160 161 163 164 164 162 161 160 158 159 162 165 162 160 160 162 162 161 159 162 166 163 158 156 157 157 156 156 152 147 147 148 150 156 159
154 153 152 152 153 156 157 159 162 165 165 166 167 164 160 159 161 165 166 167 165 162 160 157 154 156 159 160 163 166 165 164 165 167 167 165 164 165 165 165 164 164 163 162 162 162 163 164 165 167 168 167 167 168 165 162 160 160 160 160 161 164 166 166 165 164 161 159 160 162 163 162 162 164 163 162 161 162 168 167 159 156 158 159 159 159 159 156 152 146 143 142 145 150
153 153 153 152 151 152 154 158 161 162 162 163 164 163 161 160 162 163 166 167 165 164 163 161 158 157 158 159 162 164 161 160 163 165 163 162 163 164 165 165 164 163 162 162 162 162 163 163 163 166 167 165 166 167 164 161 160 160 160 160 160 162 163 166 166 164 161 160 161 163 162 159 161 164 164 162 161 165 170 166 157 154 156 159 160 161 163 162 160 158 156 154 152 154
153 153 153 153 154 154 155 157 159 160 161 160 160 160 159 160 162 162 164 166 166 165 164 164 163 161 159 161 163 163 160 160 162 163 161 161 162 164 165 165 164 163 162 161 161 161 162 162 162 165 165 164 166 164 160 159 159 159 159 159 159 157 158 161 161 160 159 159 162 165 163 160 160 162 164 163 162 164 168 164 159 157 157 156 155 157 159 159 161 164 165 162 159 159
153 153 153 154 155 156 157 158 159 160 160 159 159 158 157 158 159 160 162 163 164 165 165 166 166 165 164 164 164 162 159 159 161 160 160 161 163 165 165 164 164 163 162 162 161 160 160 161 161 162 161 161 162 158 155 154 154 153 154 155 154 151 152 153 150 151 153 155 161 165 162 160 160 163 165 166 163 161 161 159 160 162 162 158 152 152 153 152 155 163 166 161 158 160
153 153 153 154 156 156 157 158 159 160 160 160 159 159 157 155 156 159 160 160 161 163 165 167 168 168 169 166 163 160 159 159 158 157 158 160 163 164 163 163 164 163 163 164 163 161 160 159 159 157 151 150 150 145 142 141 142 143 143 142 137 132 134 136 136 138 141 147 157 160 159 160 161 164 167 168 166 163 159 157 159 163 164 161 157 156 155 151 153 161 162 156 155 159
153 153 153 155 156 156 157 157 158 159 159 160 160 160 157 152 152 155 158 158 158 160 163 166 169 172 172 167 162 160 159 159 158 157 159 160 160 160 160 162 163 162 164 166 165 164 166 165 159 148 141 136 130 122 117 119 124 128 127 116 108 110 113 116 117 120 123 132 145 151 154 157 160 162 164 165 165 164 162 162 161 161 162 160 159 160 158 154 157 163 161 156 155 157
153 153 154 155 156 156 157 158 158 159 159 159 161 161 158 151 147 149 153 155 156 158 161 165 170 173 172 168 164 162 160 158 157 158 160 160 159 159 159 161 161 161 163 164 161 162 168 172 165 153 145 138 131 119 109 107 110 114 122 124 125 127 127 124 120 114 112 118 129 140 147 152 155 157 159 158 158 158 161 162 160 158 158 157 158 161 158 155 158 162 159 154 153 153
153 153 154 154 155 156 157 158 158 159 159 159 161 162 161 155 150 148 149 151 154 157 161 166 170 170 169 168 166 165 162 158 156 158 159 159 160 160 159 159 158 159 158 150 148 152 156 161 164 165 160 155 152 145 140 136 135 139 146 145 144 144 144 146 145 136 129 125 125 130 139 145 148 152 155 154 152 152 154 154 153 153 153 153 156 158 155 154 158 159 152 144 141 141
153 153 154 155 155 156 157 157 158 159 159 159 160 161 161 157 155 154 153 152 154 158 163 167 169 167 167 168 168 166 163 160 161 162 160 158 158 158 157 156 152 156 156 153 157 161 158 155 157 161 163 164 163 160 160 162 162 160 157 151 148 149 151 156 157 151 146 141 137 135 135 135 138 145 151 151 151 152 151 148 148 149 149 149 152 153 150 149 154 155 147 137 135 136
153 153 154 155 156 156 157 157 158 158 159 159 159 159 157 155 155 157 158 157 157 160 164 167 167 166 167 168 168 166 162 162 165 166 163 157 152 151 156 160 161 162 160 161 164 164 163 163 159 154 158 163 163 162 163 167 169 167 162 155 151 151 154 159 158 154 151 149 148 147 140 131 129 136 145 149 153 154 151 148 149 150 147 145 145 143 141 137 137 144 149 148 148 148
153 154 154 155 156 157 157 158 158 158 159 159 158 158 155 152 152 156 159 159 160 161 163 164 164 166 167 166 164 163 163 165 171 174 172 165 160 160 163 164 163 162 160 162 164 163 162 164 162 157 155 158 161 161 163 165 166 167 164 158 154 154 158 160 157 154 153 152 153 152 148 143 137 136 140 146 151 151 147 145 147 146 143 142 141 137 136 139 139 141 145 149 152 153
153 154 154 155 156 157 157 158 158 159 159 159 158 157 155 152 151 153 156 158 160 161 162 161 162 164 165 164 162 161 164 170 175 175 172 167 164 162 163 161 161 162 161 162 163 161 159 158 159 158 156 155 157 160 163 163 163 164 163 159 156 157 160 160 157 154 153 154 155 152 151 153 150 145 143 141 141 139 133 130 132 132 135 142 148 152 153 152 148 145 145 148 150 151
154 154 154 155 156 157 157 157 158 159 159 159 159 158 156 154 152 153 156 158 160 161 161 161 162 163 164 164 164 164 168 174 176 172 168 164 162 161 162 162 162 163 164 164 163 160 159 158 157 156 156 155 155 158 159 161 162 163 161 159 157 157 158 157 155 152 151 154 155 153 155 158 157 154 153 149 144 135 128 129 133 136 141 148 152 155 156 155 151 149 151 152 150 149
154 154 154 155 156 157 157 158 158 159 159 159 159 159 158 157 156 157 158 159 161 162 162 163 163 164 165 166 167 168 171 175 176 172 167 165 163 163 165 165 165 166 165 165 162 159 159 160 158 156 156 157 156 155 155 157 159 161 161 160 159 158 157 155 153 152 153 154 154 156 160 163 160 156 156 159 161 158 154 149 147 148 149 150 153 153 154 154 150 149 154 157 154 151
154 154 155 156 156 157 158 158 159 159 159 159 159 159 159 159 159 160 160 160 161 163 163 163 164 165 166 167 168 169 171 175 174 169 166 165 165 166 167 167 167 168 166 163 160 159 158 159 159 158 157 158 157 156 154 154 155 157 160 162 162 159 156 156 153 152 153 154 155 159 165 167 162 155 154 160 164 164 163 160 156 155 154 152 154 154 155 154 150 151 156 162 160 155
154 154 155 156 156 157 158 159 159 159 159 160 160 160 160 160 160 161 161 161 162 163 164 164 165 166 168 169 170 170 171 171 168 164 163 162 163 166 167 167 167 167 165 163 161 159 159 160 160 159 158 158 158 157 156 155 154 155 158 162 162 158 155 155 153 153 155 156 159 166 169 168 162 156 155 159 163 163 163 164 164 164 161 157 155 154 156 155 152 153 159 166 165 157
154 154 155 156 157 157 158 159 159 159 159 160 161 161 161 161 161 161 161 162 163 164 165 166 167 168 169 171 170 168 167 166 162 161 161 161 161 164 165 165 165 165 164 164 160 159 161 162 161 160 158 158 158 157 157 156 155 155 158 160 160 157 152 150 151 154 157 160 165 171 171 167 159 155 158 163 163 158 158 162 167 169 167 164 159 154 153 152 151 154 162 170 165 157
154 155 155 156 157 158 158 159 159 159 160 160 161 161 162 162 162 161 162 163 164 164 165 167 168 170 173 174 170 165 164 162 159 159 161 162 163 162 161 162 162 162 163 162 159 161 164 163 162 160 158 158 157 157 157 158 157 157 159 158 156 153 149 148 151 154 158 164 170 172 168 160 154 155 162 168 163 154 153 158 163 167 169 171 166 157 152 148 147 152 163 172 166 157
155 155 155 156 157 158 159 159 159 159 160 161 161 161 162 162 162 162 162 163 164 164 166 167 169 173 178 177 171 166 163 160 157 158 160 164 166 163 159 160 160 161 160 158 159 165 167 164 162 161 159 158 156 154 155 158 160 162 161 156 151 148 148 152 157 160 163 170 175 171 160 152 151 156 166 173 166 153 150 154 158 162 168 171 169 164 160 155 150 151 163 171 167 161
155 155 156 156 157 158 159 159 159 160 161 161 161 161 162 162 162 162 163 163 164 165 166 168 170 175 179 177 173 170 167 160 155 153 156 161 165 163 160 160 160 159 157 156 160 167 168 166 163 162 163 161 157 154 153 158 166 168 164 157 149 144 147 155 164 169 173 177 177 167 155 150 152 159 169 175 169 158 151 151 152 156 163 166 166 166 167 165 158 156 161 166 165 164
155 156 156 157 157 158 159 159 159 161 161 161 161 161 162 162 162 162 163 164 164 165 166 168 171 175 178 176 175 176 174 166 159 154 152 155 159 159 159 160 160 157 156 157 162 166 168 168 166 164 165 164 161 158 156 163 171 170 163 156 149 145 146 155 165 172 178 180 173 161 152 152 156 161 170 173 168 161 155 151 149 152 156 158 158 163 169 169 164 162 162 162 160 161
156 156 157 157 158 159 159 159 160 161 161 162 162 162 162 161 162 162 163 164 164 165 166 168 171 174 175 172 174 179 179 173 167 162 157 156 158 158 158 161 162 159 159 160 162 166 167 168 168 166 165 165 164 161 161 168 172 167 160 153 149 150 154 161 167 172 178 177 165 155 152 156 162 167 172 170 163 158 157 153 149 149 151 151 150 155 163 165 163 164 165 161 156 155
156 156 157 158 158 158 159 159 160 161 161 162 162 162 162 162 162 162 163 163 164 165 166 167 169 171 169 168 172 177 179 178 175 167 161 162 163 161 159 162 163 162 164 164 164 167 167 167 166 167 169 167 166 166 168 172 171 164 156 149 147 153 163 169 170 171 174 170 157 150 151 159 168 172 173 169 162 157 156 152 149 149 148 146 146 151 156 157 158 164 167 163 156 151
157 157 157 158 158 158 159 160 161 161 162 162 162 162 162 162 162 162 163 163 163 164 166 167 168 167 165 165 169 174 175 176 173 166 163 165 166 162 159 161 162 163 166 166 167 168 166 163 161 165 169 168 168 169 172 176 173 160 151 146 147 155 167 173 170 166 167 162 151 145 148 158 166 169 170 167 165 163 159 155 152 151 148 146 148 152 154 155 156 161 165 164 158 148
157 157 158 159 159 159 160 161 161 162 162 162 162 162 162 162 162 162 162 163 163 164 165 166 166 165 164 165 170 175 174 169 165 162 162 167 166 159 157 161 162 163 165 165 167 167 162 158 156 160 163 163 166 169 173 179 174 160 149 144 149 161 172 175 167 161 161 158 148 144 150 157 158 161 165 166 167 165 161 159 159 159 153 148 147 148 149 150 152 155 158 161 158 147
157 158 159 159 158 159 161 161 161 162 162 162 162 162 162 162 162 162 162 162 162 163 164 165 164 164 164 166 172 175 171 166 163 160 160 164 163 156 155 159 162 163 164 163 164 163 158 155 156 157 157 158 161 165 172 175 170 162 153 147 151 164 175 174 165 159 158 156 150 149 155 158 156 160 164 166 167 166 163 161 164 166 158 150 147 145 144 146 149 152 152 153 153 148
158 159 160 159 158 160 161 162 162 162 162 162 162 162 162 162 162 162 162 162 161 162 163 163 163 163 163 165 168 167 164 162 163 163 160 160 159 155 156 161 162 164 165 163 162 160 155 155 157 156 155 156 156 159 166 167 163 159 158 155 156 164 172 172 166 161 157 153 149 151 158 160 159 163 166 166 165 164 163 165 171 171 163 154 152 153 152 151 154 156 156 154 149 146
159 160 161 160 159 160 162 162 162 162 162 161 161 162 162 162 162 162 162 162 161 161 161 161 161 163 164 164 164 161 157 157 161 162 161 161 160 158 160 164 165 166 165 163 160 155 153 155 154 153 154 154 154 155 157 157 154 153 155 158 160 166 170 169 166 164 160 153 147 148 157 162 163 166 166 163 161 159 159 166 174 174 168 161 157 158 158 157 157 159 160 157 152 148
160 160 161 160 161 162 163 163 162 162 162 161 161 161 162 162 161 161 161 161 161 161 160 159 159 160 163 164 164 159 154 155 158 158 160 164 166 163 163 166 167 168 166 163 159 154 155 156 155 155 156 156 156 157 155 154 153 151 151 152 157 165 167 165 164 165 163 156 148 147 155 163 164 166 164 161 159 155 153 157 166 172 172 167 163 159 158 160 161 161 159 157 153 148
161 161 161 161 162 163 163 163 162 162 162 162 161 161 161 161 161 161 161 161 160 160 160 159 159 159 161 164 165 158 153 153 154 154 156 164 170 171 169 170 170 168 166 163 159 157 159 158 157 157 157 158 159 159 157 157 157 156 154 153 155 161 164 161 160 161 161 156 152 152 157 159 158 159 160 161 161 160 156 152 155 164 170 171 167 158 156 159 162 160 157 155 153 150
162 162 161 161 163 164 163 163 162 162 162 162 162 161 161 161 161 161 161 160 160 160 159 159 159 159 161 164 163 155 153 152 150 151 154 162 173 180 178 174 171 167 164 162 159 159 160 160 161 160 157 158 160 159 157 158 160 161 160 158 158 162 162 159 157 156 154 153 156 162 164 157 153 156 161 163 162 165 164 158 156 160 165 169 166 161 159 159 159 157 155 154 152 149
163 163 163 163 164 164 164 163 162 161 161 162 162 161 161 160 160 160 160 160 159 159 159 159 158 159 160 162 158 152 151 150 150 152 155 164 181 187 179 173 170 166 163 162 161 161 161 163 165 164 160 160 162 163 160 159 162 164 165 164 164 167 167 164 161 155 148 149 159 168 164 157 157 162 168 164 160 164 167 165 164 164 164 163 161 163 166 162 158 157 158 155 148 146
164 164 164 164 165 164 164 163 162 161 161 162 161 161 160 160 160 160 160 159 159 159 159 158 158 158 158 157 152 148 147 147 149 152 156 170 183 180 176 173 169 165 162 161 162 163 162 163 164 163 161 161 163 165 164 163 164 166 167 166 169 174 177 172 166 157 147 149 160 162 157 157 161 170 172 161 159 165 168 169 173 171 166 158 155 159 164 162 159 159 161 156 146 145
166 166 165 165 165 165 164 162 161 161 162 162 161 161 160 160 160 160 159 159 159 158 158 158 157 157 156 153 150 147 144 145 147 150 157 172 176 173 173 173 170 166 162 161 162 163 164 164 164 164 161 159 160 161 163 165 165 166 166 166 171 179 184 179 169 159 151 153 159 156 155 158 163 171 167 157 160 169 168 168 175 178 171 162 156 156 159 162 161 160 161 156 148 148
169 169 168 167 166 165 164 162 162 162 162 161 161 160 160 160 160 160 159 159 158 158 158 157 157 156 155 153 151 148 145 145 147 150 160 169 170 167 166 168 167 166 166 166 163 162 164 166 167 165 161 158 158 158 159 162 164 164 163 166 172 179 181 177 172 162 156 157 158 158 162 164 163 165 159 154 163 172 170 169 173 175 170 165 160 158 162 166 164 160 158 154 152 152
