windninja/windninja_output/Output_2025-08-09_0300-0350_Google earth_Fire_150m_10min/merlingen_7.5mi_point_08-09-2025_0340_150m_vel.asc
ncols	158
nrows	163
xllcorner	391686.332397
yllcorner	5160024.123721
cellsize	150.000000
NODATA_value	-32768.000000
[rows 0 to 37 of 163, columns 0 to 83 of 158]
0.93 0.92 0.93 0.98 1.04 1.08 1.08 1.06 1.07 1.08 1.06 0.98 0.82 0.67 0.59 0.57 0.55 0.56 0.64 0.78 0.88 0.92 0.96 0.97 0.95 0.91 0.83 0.80 0.84 0.85 0.81 0.76 0.70 0.67 0.67 0.68 0.63 0.57 0.56 0.57 0.58 0.60 0.58 0.57 0.58 0.59 0.58 0.60 0.69 0.78 0.83 0.85 0.87 0.85 0.80 0.74 0.67 0.63 0.63 0.64 0.64 0.63 0.60 0.59 0.60 0.59 0.59 0.58 0.58 0.59 0.58 0.56 0.53 0.51 0.52 0.52 0.50 0.46 0.45 0.46 0.45 0.42 0.40 0.38
0.94 0.95 0.98 1.00 1.03 1.04 1.00 0.96 0.97 0.98 1.00 0.98 0.91 0.83 0.79 0.76 0.78 0.82 0.90 0.98 0.99 0.99 1.01 1.02 0.99 0.94 0.89 0.87 0.85 0.81 0.77 0.75 0.73 0.72 0.72 0.72 0.70 0.69 0.70 0.68 0.67 0.68 0.68 0.70 0.72 0.73 0.74 0.75 0.77 0.77 0.77 0.77 0.76 0.73 0.70 0.68 0.67 0.67 0.67 0.65 0.63 0.62 0.61 0.61 0.61 0.60 0.59 0.59 0.59 0.59 0.58 0.56 0.54 0.54 0.55 0.53 0.49 0.48 0.49 0.49 0.45 0.42 0.41 0.39
1.00 1.04 1.07 1.06 1.04 1.00 0.94 0.94 0.98 1.04 1.09 1.07 1.04 1.03 1.04 1.09 1.16 1.19 1.22 1.19 1.11 1.07 1.06 1.04 1.01 0.98 0.95 0.92 0.86 0.79 0.76 0.76 0.76 0.79 0.81 0.82 0.83 0.85 0.84 0.82 0.82 0.82 0.83 0.87 0.90 0.91 0.93 0.93 0.88 0.81 0.77 0.74 0.69 0.65 0.64 0.67 0.70 0.71 0.71 0.69 0.66 0.66 0.65 0.65 0.63 0.61 0.60 0.61 0.62 0.61 0.58 0.56 0.56 0.58 0.57 0.54 0.52 0.54 0.55 0.51 0.47 0.44 0.43 0.41
1.08 1.11 1.12 1.11 1.09 1.06 1.08 1.19 1.30 1.34 1.28 1.16 1.10 1.09 1.14 1.25 1.31 1.32 1.28 1.19 1.11 1.08 1.07 1.05 1.06 1.09 1.07 1.03 0.98 0.93 0.90 0.86 0.85 0.87 0.90 0.90 0.89 0.87 0.87 0.90 0.93 0.95 0.98 1.01 1.01 1.01 1.00 0.97 0.93 0.91 0.88 0.82 0.76 0.74 0.73 0.73 0.72 0.71 0.69 0.69 0.70 0.69 0.67 0.65 0.63 0.62 0.62 0.62 0.63 0.60 0.57 0.56 0.57 0.56 0.54 0.52 0.54 0.56 0.54 0.50 0.48 0.47 0.47 0.45
1.11 1.13 1.15 1.15 1.14 1.16 1.24 1.35 1.39 1.32 1.20 1.12 1.12 1.15 1.22 1.29 1.28 1.23 1.15 1.08 1.05 1.06 1.07 1.09 1.13 1.17 1.21 1.22 1.20 1.17 1.14 1.09 1.06 1.04 1.00 0.96 0.93 0.93 0.99 1.04 1.06 1.08 1.12 1.12 1.09 1.05 1.00 0.95 0.93 0.91 0.86 0.79 0.77 0.76 0.74 0.72 0.70 0.70 0.70 0.70 0.69 0.68 0.66 0.65 0.64 0.63 0.63 0.63 0.62 0.59 0.56 0.55 0.55 0.54 0.52 0.50 0.50 0.51 0.51 0.48 0.45 0.45 0.48 0.49
1.10 1.11 1.14 1.18 1.22 1.26 1.31 1.32 1.24 1.10 1.03 1.05 1.09 1.15 1.23 1.24 1.17 1.08 0.99 0.95 0.97 1.01 1.04 1.07 1.11 1.14 1.16 1.18 1.21 1.23 1.23 1.24 1.26 1.23 1.15 1.09 1.10 1.15 1.18 1.18 1.16 1.15 1.13 1.09 1.03 0.97 0.93 0.89 0.87 0.83 0.79 0.76 0.74 0.72 0.71 0.70 0.71 0.72 0.72 0.71 0.70 0.68 0.67 0.66 0.65 0.64 0.64 0.64 0.64 0.60 0.56 0.55 0.56 0.57 0.55 0.54 0.53 0.52 0.49 0.45 0.42 0.44 0.48 0.50
1.09 1.09 1.10 1.16 1.23 1.28 1.29 1.23 1.10 1.00 1.00 1.04 1.08 1.13 1.18 1.17 1.12 1.08 1.05 1.05 1.04 1.04 1.03 1.03 1.05 1.04 1.01 1.05 1.12 1.16 1.19 1.25 1.28 1.27 1.26 1.28 1.30 1.30 1.26 1.20 1.15 1.10 1.03 0.95 0.90 0.87 0.85 0.83 0.81 0.78 0.76 0.76 0.75 0.73 0.71 0.71 0.72 0.73 0.73 0.73 0.74 0.74 0.73 0.70 0.68 0.66 0.66 0.66 0.65 0.62 0.62 0.64 0.65 0.62 0.60 0.60 0.60 0.57 0.50 0.45 0.46 0.51 0.52 0.50
1.11 1.11 1.11 1.12 1.14 1.16 1.15 1.07 0.98 0.97 1.02 1.08 1.14 1.18 1.18 1.16 1.12 1.12 1.14 1.14 1.14 1.13 1.09 1.05 1.03 0.99 0.99 1.03 1.05 1.05 1.10 1.15 1.15 1.14 1.19 1.25 1.25 1.20 1.13 1.07 1.01 0.95 0.89 0.84 0.81 0.79 0.78 0.76 0.75 0.73 0.72 0.74 0.75 0.74 0.73 0.74 0.75 0.75 0.77 0.79 0.80 0.79 0.77 0.74 0.72 0.68 0.67 0.67 0.66 0.65 0.66 0.69 0.68 0.64 0.61 0.59 0.57 0.54 0.48 0.46 0.50 0.54 0.55 0.54
1.13 1.13 1.13 1.11 1.08 1.03 0.99 0.95 0.95 0.99 1.04 1.10 1.15 1.20 1.22 1.19 1.15 1.15 1.15 1.15 1.16 1.17 1.16 1.14 1.09 1.05 1.05 1.03 0.98 0.97 1.02 1.05 1.04 1.04 1.07 1.07 1.02 0.96 0.91 0.87 0.82 0.79 0.77 0.76 0.76 0.75 0.73 0.71 0.71 0.70 0.71 0.71 0.69 0.69 0.73 0.77 0.79 0.80 0.80 0.78 0.73 0.69 0.68 0.69 0.68 0.68 0.69 0.70 0.69 0.66 0.64 0.62 0.59 0.57 0.56 0.55 0.53 0.49 0.46 0.46 0.52 0.56 0.58 0.61
1.13 1.13 1.13 1.12 1.08 1.03 0.99 0.98 1.01 1.04 1.07 1.10 1.12 1.14 1.16 1.15 1.15 1.16 1.18 1.22 1.24 1.24 1.24 1.23 1.19 1.13 1.09 1.04 1.00 1.00 1.04 1.03 0.99 0.99 0.99 0.95 0.88 0.82 0.78 0.75 0.74 0.75 0.75 0.74 0.73 0.71 0.69 0.69 0.67 0.66 0.66 0.66 0.65 0.68 0.74 0.77 0.76 0.74 0.69 0.62 0.56 0.55 0.53 0.52 0.56 0.64 0.69 0.70 0.67 0.62 0.59 0.56 0.54 0.54 0.53 0.51 0.49 0.47 0.50 0.57 0.63 0.64 0.62 0.62
1.14 1.14 1.14 1.12 1.10 1.08 1.07 1.07 1.08 1.08 1.09 1.09 1.09 1.08 1.08 1.09 1.13 1.16 1.20 1.25 1.30 1.32 1.32 1.29 1.26 1.23 1.16 1.07 1.02 1.02 1.00 0.94 0.89 0.88 0.87 0.83 0.78 0.74 0.74 0.76 0.77 0.76 0.74 0.71 0.67 0.64 0.63 0.62 0.58 0.54 0.55 0.57 0.59 0.63 0.64 0.63 0.57 0.52 0.46 0.43 0.42 0.42 0.40 0.41 0.51 0.58 0.61 0.60 0.55 0.52 0.54 0.56 0.57 0.55 0.52 0.48 0.46 0.49 0.57 0.68 0.73 0.72 0.67 0.65
1.15 1.16 1.15 1.13 1.11 1.10 1.11 1.12 1.11 1.11 1.11 1.10 1.08 1.06 1.06 1.10 1.15 1.17 1.18 1.20 1.23 1.26 1.27 1.26 1.24 1.17 1.06 0.97 0.93 0.90 0.85 0.79 0.77 0.78 0.76 0.72 0.70 0.71 0.74 0.76 0.74 0.73 0.71 0.67 0.65 0.61 0.55 0.48 0.42 0.39 0.40 0.40 0.40 0.42 0.42 0.40 0.37 0.33 0.29 0.27 0.26 0.27 0.29 0.37 0.46 0.48 0.48 0.45 0.42 0.48 0.56 0.59 0.59 0.58 0.57 0.60 0.64 0.69 0.74 0.77 0.77 0.75 0.75 0.78
1.16 1.16 1.15 1.14 1.13 1.13 1.13 1.12 1.10 1.10 1.10 1.09 1.06 1.03 1.03 1.08 1.12 1.14 1.16 1.19 1.19 1.17 1.14 1.11 1.04 0.93 0.85 0.83 0.81 0.78 0.77 0.76 0.77 0.76 0.71 0.67 0.67 0.71 0.73 0.72 0.70 0.71 0.69 0.65 0.62 0.56 0.47 0.36 0.29 0.29 0.29 0.26 0.25 0.27 0.29 0.29 0.27 0.23 0.18 0.16 0.19 0.23 0.28 0.35 0.40 0.40 0.38 0.37 0.41 0.51 0.57 0.58 0.60 0.64 0.71 0.80 0.84 0.87 0.88 0.85 0.80 0.78 0.81 0.86
1.17 1.17 1.16 1.15 1.15 1.16 1.14 1.12 1.10 1.09 1.09 1.08 1.06 1.03 1.02 1.03 1.05 1.08 1.11 1.14 1.12 1.05 0.96 0.87 0.80 0.77 0.79 0.81 0.81 0.78 0.75 0.74 0.75 0.72 0.69 0.70 0.72 0.72 0.69 0.66 0.64 0.59 0.49 0.43 0.39 0.35 0.31 0.31 0.30 0.29 0.26 0.24 0.23 0.24 0.27 0.28 0.25 0.20 0.16 0.18 0.26 0.32 0.37 0.41 0.39 0.37 0.36 0.40 0.46 0.51 0.53 0.56 0.63 0.71 0.75 0.76 0.76 0.78 0.77 0.75 0.76 0.78 0.80 0.80
1.18 1.18 1.17 1.16 1.16 1.15 1.13 1.12 1.12 1.10 1.09 1.09 1.08 1.09 1.09 1.10 1.12 1.09 1.06 1.02 0.96 0.88 0.80 0.75 0.74 0.77 0.81 0.83 0.81 0.77 0.74 0.74 0.74 0.72 0.73 0.75 0.72 0.66 0.58 0.49 0.41 0.30 0.21 0.20 0.21 0.21 0.23 0.31 0.40 0.40 0.37 0.35 0.34 0.35 0.38 0.36 0.32 0.28 0.28 0.35 0.45 0.51 0.57 0.55 0.47 0.43 0.45 0.49 0.52 0.51 0.52 0.60 0.67 0.68 0.64 0.62 0.63 0.60 0.55 0.58 0.67 0.71 0.70 0.65
1.19 1.19 1.18 1.17 1.15 1.13 1.12 1.11 1.11 1.10 1.10 1.10 1.11 1.13 1.18 1.24 1.25 1.17 1.07 0.98 0.90 0.84 0.80 0.78 0.78 0.81 0.83 0.83 0.80 0.79 0.83 0.86 0.83 0.77 0.71 0.60 0.49 0.42 0.34 0.26 0.20 0.17 0.22 0.30 0.33 0.34 0.37 0.38 0.39 0.46 0.55 0.59 0.62 0.67 0.68 0.65 0.56 0.49 0.48 0.53 0.62 0.68 0.69 0.64 0.59 0.60 0.61 0.61 0.61 0.56 0.54 0.60 0.61 0.56 0.54 0.57 0.55 0.50 0.51 0.61 0.66 0.61 0.55 0.49
1.20 1.20 1.19 1.17 1.16 1.15 1.14 1.12 1.12 1.11 1.12 1.12 1.12 1.13 1.17 1.22 1.21 1.15 1.09 1.01 0.94 0.88 0.83 0.82 0.84 0.86 0.84 0.83 0.85 0.89 0.90 0.85 0.73 0.59 0.44 0.33 0.29 0.28 0.27 0.28 0.32 0.39 0.49 0.53 0.52 0.51 0.53 0.51 0.48 0.57 0.69 0.76 0.80 0.81 0.77 0.72 0.69 0.65 0.64 0.70 0.75 0.75 0.70 0.64 0.63 0.67 0.69 0.70 0.70 0.63 0.58 0.56 0.54 0.52 0.55 0.55 0.52 0.54 0.63 0.68 0.60 0.49 0.44 0.37
1.21 1.21 1.20 1.19 1.17 1.16 1.16 1.15 1.15 1.14 1.13 1.11 1.11 1.11 1.12 1.12 1.09 1.05 1.02 0.97 0.90 0.82 0.79 0.80 0.82 0.81 0.79 0.80 0.83 0.83 0.78 0.65 0.52 0.43 0.38 0.38 0.42 0.45 0.48 0.52 0.56 0.59 0.59 0.56 0.55 0.56 0.58 0.63 0.70 0.75 0.76 0.76 0.76 0.73 0.69 0.68 0.71 0.76 0.79 0.81 0.81 0.78 0.72 0.67 0.68 0.72 0.75 0.75 0.69 0.64 0.63 0.61 0.59 0.58 0.54 0.53 0.56 0.61 0.63 0.53 0.40 0.35 0.32 0.26
1.23 1.22 1.21 1.20 1.19 1.18 1.17 1.16 1.16 1.15 1.13 1.11 1.10 1.09 1.08 1.06 1.01 0.94 0.87 0.82 0.77 0.75 0.75 0.75 0.73 0.72 0.73 0.74 0.71 0.66 0.58 0.51 0.47 0.49 0.53 0.56 0.56 0.57 0.57 0.58 0.59 0.58 0.57 0.56 0.57 0.59 0.63 0.71 0.76 0.76 0.73 0.69 0.67 0.67 0.68 0.72 0.77 0.79 0.81 0.83 0.82 0.77 0.72 0.70 0.73 0.76 0.76 0.71 0.65 0.67 0.72 0.72 0.69 0.62 0.53 0.50 0.49 0.45 0.39 0.29 0.25 0.25 0.24 0.23
1.23 1.22 1.22 1.21 1.20 1.19 1.18 1.17 1.16 1.14 1.12 1.11 1.11 1.09 1.06 1.03 0.96 0.87 0.80 0.78 0.77 0.77 0.77 0.76 0.75 0.74 0.74 0.71 0.67 0.61 0.56 0.52 0.51 0.49 0.50 0.53 0.56 0.59 0.62 0.65 0.66 0.67 0.66 0.64 0.64 0.69 0.75 0.75 0.70 0.68 0.68 0.67 0.67 0.69 0.75 0.80 0.80 0.79 0.79 0.78 0.74 0.68 0.66 0.68 0.70 0.72 0.71 0.69 0.74 0.82 0.83 0.77 0.71 0.65 0.59 0.52 0.41 0.32 0.28 0.27 0.27 0.29 0.31 0.32
1.24 1.24 1.24 1.22 1.21 1.20 1.19 1.17 1.15 1.13 1.12 1.11 1.10 1.08 1.06 1.02 0.95 0.89 0.86 0.85 0.85 0.83 0.82 0.81 0.80 0.78 0.74 0.71 0.67 0.64 0.61 0.59 0.57 0.58 0.64 0.71 0.76 0.81 0.81 0.81 0.77 0.73 0.69 0.69 0.73 0.77 0.76 0.71 0.69 0.70 0.70 0.71 0.72 0.73 0.74 0.74 0.75 0.77 0.77 0.74 0.69 0.66 0.67 0.68 0.71 0.74 0.76 0.81 0.88 0.90 0.81 0.70 0.63 0.61 0.60 0.55 0.49 0.45 0.42 0.40 0.41 0.41 0.40 0.38
1.27 1.26 1.24 1.22 1.21 1.21 1.20 1.18 1.16 1.14 1.13 1.11 1.09 1.07 1.05 1.02 0.98 0.95 0.93 0.91 0.89 0.87 0.86 0.84 0.81 0.78 0.75 0.72 0.69 0.66 0.65 0.65 0.69 0.79 0.89 0.94 0.95 0.92 0.86 0.81 0.76 0.72 0.72 0.74 0.76 0.73 0.70 0.72 0.75 0.76 0.77 0.76 0.76 0.73 0.70 0.69 0.70 0.73 0.73 0.71 0.69 0.69 0.71 0.73 0.76 0.83 0.88 0.93 0.92 0.82 0.68 0.60 0.57 0.57 0.57 0.55 0.56 0.57 0.56 0.54 0.52 0.46 0.42 0.40
1.27 1.26 1.25 1.24 1.24 1.23 1.21 1.19 1.17 1.15 1.15 1.13 1.11 1.08 1.06 1.03 1.00 0.99 0.97 0.95 0.92 0.90 0.88 0.85 0.82 0.80 0.77 0.74 0.71 0.69 0.69 0.73 0.81 0.89 0.89 0.86 0.83 0.78 0.74 0.71 0.71 0.73 0.76 0.76 0.73 0.75 0.80 0.82 0.81 0.79 0.78 0.77 0.74 0.72 0.72 0.73 0.72 0.72 0.70 0.68 0.69 0.71 0.75 0.80 0.90 0.99 1.01 0.97 0.85 0.69 0.59 0.56 0.56 0.60 0.61 0.59 0.57 0.59 0.62 0.63 0.58 0.52 0.47 0.44
1.28 1.27 1.27 1.27 1.25 1.23 1.20 1.18 1.17 1.16 1.16 1.14 1.12 1.10 1.07 1.04 1.02 1.01 0.99 0.97 0.94 0.93 0.91 0.88 0.84 0.81 0.76 0.71 0.67 0.67 0.69 0.74 0.80 0.79 0.75 0.71 0.66 0.63 0.65 0.69 0.72 0.76 0.76 0.76 0.82 0.90 0.89 0.84 0.80 0.77 0.77 0.75 0.73 0.75 0.77 0.75 0.74 0.72 0.68 0.68 0.69 0.72 0.79 0.93 1.04 1.04 0.96 0.83 0.67 0.56 0.53 0.52 0.58 0.66 0.67 0.60 0.55 0.57 0.60 0.59 0.58 0.57 0.54 0.50
1.29 1.29 1.28 1.27 1.25 1.22 1.20 1.18 1.18 1.18 1.16 1.13 1.11 1.10 1.08 1.06 1.03 1.02 1.00 0.97 0.95 0.94 0.92 0.89 0.85 0.80 0.73 0.66 0.63 0.65 0.68 0.70 0.70 0.70 0.69 0.68 0.65 0.64 0.67 0.71 0.74 0.77 0.80 0.88 0.98 0.95 0.85 0.80 0.77 0.75 0.75 0.75 0.77 0.80 0.79 0.78 0.76 0.71 0.66 0.64 0.66 0.75 0.91 1.04 1.00 0.85 0.71 0.57 0.46 0.42 0.43 0.51 0.66 0.72 0.64 0.54 0.50 0.52 0.53 0.53 0.56 0.60 0.61 0.58
1.30 1.30 1.28 1.26 1.25 1.23 1.21 1.20 1.20 1.18 1.15 1.12 1.11 1.10 1.08 1.06 1.05 1.03 1.00 0.98 0.96 0.94 0.91 0.89 0.86 0.82 0.76 0.71 0.70 0.69 0.66 0.66 0.69 0.71 0.73 0.72 0.70 0.70 0.72 0.74 0.77 0.81 0.89 0.98 0.97 0.86 0.79 0.78 0.77 0.78 0.77 0.76 0.76 0.76 0.78 0.80 0.77 0.69 0.61 0.59 0.68 0.92 1.11 1.09 0.93 0.76 0.60 0.48 0.41 0.39 0.46 0.63 0.74 0.69 0.59 0.52 0.49 0.50 0.51 0.53 0.59 0.63 0.65 0.65
1.31 1.31 1.29 1.28 1.26 1.24 1.22 1.22 1.21 1.19 1.15 1.13 1.11 1.09 1.06 1.05 1.04 1.02 1.00 0.98 0.95 0.93 0.92 0.90 0.88 0.85 0.83 0.82 0.80 0.75 0.69 0.67 0.67 0.67 0.69 0.71 0.73 0.78 0.81 0.83 0.85 0.89 0.95 0.97 0.90 0.85 0.85 0.85 0.85 0.86 0.84 0.79 0.77 0.79 0.85 0.85 0.76 0.66 0.63 0.70 0.90 1.12 1.11 0.94 0.79 0.67 0.57 0.48 0.46 0.50 0.64 0.75 0.73 0.63 0.56 0.54 0.53 0.53 0.54 0.57 0.60 0.60 0.61 0.65
1.33 1.33 1.31 1.29 1.27 1.25 1.24 1.23 1.21 1.18 1.15 1.13 1.10 1.07 1.06 1.05 1.04 1.02 1.00 0.98 0.97 0.96 0.95 0.93 0.91 0.89 0.89 0.92 0.93 0.89 0.81 0.73 0.69 0.67 0.64 0.65 0.71 0.81 0.88 0.90 0.91 0.96 1.00 0.99 0.97 0.97 0.99 0.98 0.95 0.92 0.91 0.92 0.92 0.95 0.95 0.86 0.76 0.74 0.82 0.96 1.10 1.12 0.93 0.69 0.57 0.52 0.49 0.48 0.51 0.62 0.75 0.76 0.68 0.59 0.53 0.52 0.55 0.59 0.60 0.59 0.57 0.55 0.56 0.61
1.34 1.34 1.32 1.30 1.28 1.26 1.25 1.24 1.20 1.16 1.14 1.12 1.10 1.08 1.07 1.06 1.04 1.02 1.01 1.00 0.99 0.98 0.96 0.95 0.94 0.94 0.99 1.07 1.11 1.08 1.00 0.91 0.83 0.76 0.75 0.77 0.83 0.92 1.02 1.06 1.08 1.13 1.13 1.10 1.08 1.06 1.05 1.04 1.03 1.03 1.04 1.06 1.06 1.05 0.98 0.86 0.83 0.89 0.97 1.08 1.14 1.04 0.81 0.61 0.51 0.48 0.47 0.50 0.59 0.73 0.80 0.76 0.67 0.57 0.49 0.47 0.51 0.56 0.57 0.55 0.54 0.53 0.53 0.55
1.35 1.34 1.32 1.30 1.28 1.26 1.25 1.22 1.18 1.16 1.14 1.12 1.11 1.10 1.08 1.07 1.05 1.03 1.02 1.01 1.00 0.98 0.96 0.94 0.94 0.97 1.06 1.13 1.14 1.16 1.17 1.13 1.03 0.98 1.07 1.15 1.16 1.19 1.25 1.29 1.33 1.35 1.30 1.24 1.17 1.11 1.10 1.12 1.20 1.26 1.25 1.21 1.16 1.10 1.01 0.93 0.90 0.90 0.96 1.03 1.02 0.84 0.67 0.55 0.48 0.45 0.48 0.54 0.66 0.77 0.77 0.69 0.60 0.53 0.49 0.50 0.54 0.54 0.51 0.51 0.52 0.50 0.49 0.48
1.36 1.36 1.34 1.31 1.28 1.27 1.25 1.22 1.19 1.16 1.14 1.13 1.11 1.10 1.08 1.06 1.05 1.04 1.03 1.01 0.99 0.98 0.97 0.96 0.96 1.00 1.04 1.03 0.99 0.97 0.98 1.05 1.15 1.29 1.41 1.42 1.37 1.36 1.40 1.41 1.42 1.38 1.31 1.25 1.19 1.14 1.15 1.21 1.25 1.22 1.19 1.17 1.10 1.02 0.96 0.89 0.82 0.82 0.90 0.94 0.84 0.62 0.48 0.42 0.41 0.43 0.48 0.55 0.64 0.71 0.64 0.50 0.45 0.49 0.55 0.60 0.60 0.56 0.54 0.54 0.53 0.49 0.46 0.45
1.38 1.37 1.34 1.31 1.31 1.30 1.27 1.23 1.20 1.18 1.15 1.13 1.11 1.09 1.08 1.06 1.04 1.03 1.01 1.00 0.99 0.99 0.98 0.98 1.00 1.02 1.02 0.98 0.91 0.85 0.85 1.01 1.22 1.37 1.40 1.35 1.33 1.39 1.43 1.37 1.28 1.17 1.07 1.03 1.02 1.03 1.06 1.08 0.98 0.85 0.83 0.84 0.82 0.82 0.80 0.78 0.77 0.80 0.84 0.84 0.71 0.54 0.44 0.40 0.42 0.48 0.52 0.57 0.64 0.65 0.52 0.42 0.46 0.56 0.61 0.63 0.61 0.60 0.60 0.60 0.57 0.51 0.47 0.46
1.38 1.37 1.33 1.31 1.32 1.30 1.25 1.22 1.19 1.17 1.15 1.14 1.12 1.11 1.09 1.07 1.04 1.02 1.00 0.99 0.99 0.99 0.99 1.00 1.01 1.02 1.03 1.03 1.01 1.06 1.19 1.31 1.34 1.28 1.20 1.17 1.24 1.32 1.26 1.10 1.00 0.93 0.87 0.86 0.86 0.87 0.89 0.85 0.73 0.66 0.64 0.64 0.65 0.67 0.69 0.74 0.81 0.85 0.84 0.76 0.61 0.50 0.48 0.49 0.52 0.55 0.59 0.64 0.68 0.64 0.56 0.56 0.64 0.67 0.64 0.63 0.63 0.64 0.64 0.62 0.57 0.50 0.47 0.46
1.39 1.37 1.33 1.32 1.32 1.27 1.23 1.21 1.18 1.16 1.14 1.14 1.13 1.11 1.09 1.06 1.05 1.03 1.02 1.01 1.00 1.00 1.00 1.03 1.05 1.06 1.05 1.03 1.06 1.17 1.29 1.33 1.27 1.20 1.16 1.16 1.22 1.23 1.09 0.94 0.88 0.84 0.81 0.78 0.74 0.74 0.74 0.67 0.60 0.60 0.60 0.59 0.57 0.56 0.59 0.67 0.76 0.82 0.81 0.73 0.62 0.56 0.57 0.60 0.62 0.62 0.62 0.64 0.67 0.69 0.72 0.74 0.74 0.69 0.64 0.64 0.66 0.68 0.69 0.65 0.57 0.51 0.48 0.49
1.41 1.39 1.37 1.36 1.33 1.29 1.25 1.21 1.18 1.16 1.14 1.13 1.11 1.09 1.08 1.06 1.05 1.04 1.04 1.03 1.02 1.01 1.01 1.03 1.05 1.05 1.02 0.99 0.98 1.02 1.09 1.13 1.14 1.21 1.29 1.30 1.25 1.14 1.00 0.91 0.83 0.75 0.69 0.63 0.60 0.61 0.59 0.54 0.54 0.56 0.55 0.53 0.51 0.50 0.52 0.58 0.66 0.70 0.69 0.68 0.67 0.64 0.63 0.64 0.66 0.65 0.63 0.64 0.70 0.78 0.79 0.76 0.69 0.63 0.60 0.60 0.62 0.64 0.63 0.60 0.58 0.58 0.56 0.53
1.41 1.41 1.40 1.39 1.36 1.30 1.25 1.22 1.20 1.17 1.15 1.13 1.11 1.08 1.06 1.05 1.05 1.04 1.03 1.02 1.02 1.02 1.01 1.01 0.99 0.98 0.97 0.96 0.93 0.94 1.03 1.11 1.20 1.31 1.35 1.29 1.17 1.02 0.87 0.76 0.68 0.60 0.56 0.54 0.56 0.58 0.56 0.56 0.59 0.59 0.57 0.55 0.55 0.56 0.60 0.64 0.66 0.63 0.60 0.60 0.60 0.60 0.60 0.63 0.67 0.68 0.69 0.71 0.80 0.81 0.68 0.60 0.56 0.53 0.54 0.56 0.55 0.51 0.46 0.44 0.50 0.56 0.56 0.51
1.42 1.41 1.40 1.39 1.34 1.27 1.23 1.21 1.19 1.17 1.14 1.12 1.10 1.08 1.07 1.06 1.05 1.04 1.03 1.02 1.02 1.01 1.00 0.99 0.97 0.96 0.95 0.93 0.91 1.01 1.16 1.24 1.30 1.28 1.17 1.05 0.98 0.86 0.71 0.58 0.51 0.51 0.54 0.57 0.62 0.66 0.65 0.64 0.64 0.61 0.61 0.64 0.66 0.69 0.73 0.73 0.70 0.66 0.63 0.62 0.60 0.58 0.58 0.63 0.66 0.69 0.73 0.80 0.83 0.71 0.50 0.42 0.42 0.48 0.54 0.54 0.51 0.45 0.41 0.42 0.43 0.44 0.46 0.45
1.44 1.44 1.41 1.36 1.30 1.25 1.22 1.19 1.17 1.15 1.14 1.13 1.10 1.09 1.08 1.07 1.06 1.05 1.04 1.03 1.02 1.01 1.00 1.00 0.99 0.99 0.97 0.95 1.02 1.23 1.32 1.29 1.21 1.07 0.94 0.83 0.75 0.66 0.57 0.53 0.53 0.57 0.62 0.67 0.71 0.72 0.71 0.71 0.68 0.66 0.70 0.74 0.76 0.76 0.76 0.76 0.76 0.74 0.72 0.71 0.68 0.64 0.63 0.64 0.63 0.64 0.71 0.78 0.73 0.57 0.44 0.42 0.51 0.58 0.57 0.52 0.51 0.51 0.50 0.48 0.43 0.40 0.42 0.45
