windninja/windninja_output/Output_2025-08-09_0300-0350_Google earth_Fire_150m_10min/merlingen_7.5mi_point_08-09-2025_0330_150m_ang.asc
ncols	158
nrows	163
xllcorner	391686.332397
yllcorner	5160024.123721
cellsize	150.000000
NODATA_value	-32768.000000
[rows 94 to 140 of 163, columns 0 to 95 of 158]
106 108 114 116 116 118 124 135 147 134 120 121 129 135 137 129 126 125 117 107 97 83 76 91 106 111 111 110 108 105 103 104 107 111 112 110 109 109 109 110 112 109 100 96 97 99 101 101 100 100 103 109 117 116 115 115 111 106 103 101 101 105 107 107 106 106 106 105 105 105 105 105 105 105 106 106 106 107 107 108 109 109 110 110 110 108 106 101 95 90 89 89 90 90 90 91
102 103 109 112 111 110 112 122 137 131 118 112 113 114 119 113 111 107 99 85 69 55 53 72 95 107 109 108 106 104 103 106 110 112 113 111 109 109 109 110 113 114 108 100 98 100 102 104 105 107 109 110 114 114 111 112 111 108 106 104 103 104 106 106 106 106 106 105 105 105 105 105 105 105 105 105 106 106 106 107 107 107 107 107 107 106 104 100 97 94 93 92 92 92 92 91
101 102 106 109 105 101 99 105 116 117 109 101 94 93 98 99 97 97 87 61 45 47 55 77 97 106 108 107 107 108 108 108 107 108 110 110 109 109 109 110 112 116 114 107 103 103 105 107 110 110 108 103 103 107 108 108 109 108 107 106 104 105 105 106 106 106 105 105 105 105 105 105 105 105 105 105 105 105 105 105 106 106 106 105 105 104 102 100 98 96 95 94 93 93 92 92
104 103 103 103 97 91 88 89 94 99 99 93 90 91 95 96 98 95 77 47 37 46 64 86 104 111 111 109 108 109 107 104 101 102 106 108 108 109 110 110 112 116 117 112 107 106 105 106 106 103 98 95 96 101 104 104 105 106 106 106 105 105 105 106 106 106 106 105 105 105 105 104 104 104 104 104 104 104 105 105 105 105 104 104 103 102 101 100 98 97 96 95 94 94 93 92
100 99 96 93 92 88 83 81 82 84 83 83 87 90 92 94 93 82 60 44 42 56 78 97 113 117 112 108 106 105 103 101 100 100 102 105 106 108 111 112 113 116 118 114 108 106 104 102 98 95 94 94 95 98 101 102 102 105 106 106 105 105 105 106 107 107 106 106 105 105 104 104 104 104 104 104 104 104 104 104 104 104 103 103 102 102 101 100 98 97 96 96 95 94 93 93
94 91 87 88 89 87 84 81 77 74 74 77 81 88 91 88 79 66 52 45 56 79 96 104 112 108 103 103 102 101 100 100 101 101 102 105 107 108 111 114 115 116 119 117 111 107 105 102 98 95 95 96 96 97 99 101 101 102 105 105 105 104 105 106 107 108 108 107 106 105 104 104 104 104 104 104 103 103 103 103 103 103 103 102 102 101 100 99 98 98 97 96 95 94 94 93
94 90 86 85 84 82 81 80 76 73 73 72 73 78 80 75 72 68 60 64 85 99 101 94 79 83 91 96 97 97 96 97 100 102 105 107 108 108 110 115 118 118 119 120 114 109 105 102 99 97 97 97 98 98 99 100 100 100 102 106 106 105 104 104 107 109 109 108 107 105 104 104 104 103 103 103 103 103 103 103 103 103 102 102 101 101 100 99 98 98 97 96 95 94 94 93
98 94 89 85 81 79 78 77 76 75 75 74 71 70 70 72 78 83 84 93 103 104 91 68 63 76 86 90 91 91 92 95 99 103 106 109 109 108 109 114 119 120 120 122 118 110 104 103 101 100 98 97 98 98 98 99 99 99 100 103 106 105 103 103 105 108 109 109 108 105 104 104 104 104 103 103 103 103 103 103 103 102 102 102 101 101 100 99 98 98 97 96 95 94 94 93
101 98 91 85 81 80 79 79 79 79 78 77 76 74 79 86 89 92 98 101 100 89 68 63 68 76 82 85 87 89 92 95 99 102 106 110 111 111 111 113 118 121 121 122 122 115 109 105 104 102 99 98 98 98 98 99 100 100 99 100 104 105 104 103 103 106 108 108 106 103 102 104 105 104 103 103 103 103 103 103 103 102 102 102 101 101 100 99 98 98 97 96 95 95 94 93
103 100 93 88 85 83 83 82 81 81 81 82 85 92 97 96 94 95 98 96 85 62 59 67 71 73 78 84 88 92 95 96 98 101 105 110 113 114 112 113 117 121 122 123 125 121 113 107 104 101 99 98 99 99 99 99 100 99 99 100 102 105 105 102 102 103 105 105 104 101 101 103 106 105 104 103 103 103 103 103 103 103 102 102 101 101 100 99 98 98 97 96 95 95 94 93
105 102 95 90 87 86 85 83 82 82 85 88 93 99 102 100 95 91 90 83 67 58 64 70 70 71 78 85 90 94 97 97 98 101 103 107 112 115 114 114 117 121 123 124 126 124 117 110 105 101 100 99 99 100 100 99 99 98 99 99 101 102 102 102 101 101 102 103 103 101 99 99 102 104 103 102 103 104 104 104 104 103 103 102 102 101 100 99 99 98 97 96 95 94 94 93
107 103 96 90 87 86 85 83 82 84 87 90 95 99 101 100 95 88 82 74 67 67 70 69 70 74 79 84 88 92 96 98 100 100 101 104 111 116 118 119 120 123 124 125 127 127 123 116 110 106 102 101 100 99 100 100 99 98 98 98 99 99 100 101 100 99 100 102 102 100 98 95 96 99 101 102 104 105 104 104 105 105 105 103 102 101 100 99 99 98 97 96 95 94 94 93
109 105 97 91 88 86 85 84 83 86 91 95 99 101 102 99 94 88 81 74 71 75 75 72 73 76 79 80 85 91 96 101 102 99 98 104 113 119 121 122 123 124 124 125 128 129 127 122 116 111 106 103 101 98 98 99 99 98 97 96 97 98 99 100 100 99 99 101 101 98 96 94 93 95 99 102 104 105 104 104 107 109 107 105 103 102 101 100 99 98 97 96 95 95 94 93
114 107 98 92 88 86 87 90 92 94 99 102 101 99 98 97 94 89 84 77 75 79 83 80 75 75 77 77 81 91 98 103 103 96 97 107 116 121 120 122 125 125 125 127 129 131 132 128 122 116 109 104 102 99 97 96 97 98 97 95 95 97 99 99 99 99 98 99 101 98 94 94 94 95 97 99 101 104 106 105 107 111 111 108 105 103 101 100 99 98 97 96 95 95 94 93
119 111 99 95 94 94 98 101 103 101 98 97 94 90 90 93 94 91 84 80 82 86 89 88 80 76 78 78 79 89 98 101 102 94 100 112 118 119 118 122 128 128 126 129 131 133 135 134 128 120 112 106 104 102 99 96 95 96 97 96 94 95 98 99 98 97 97 97 99 99 94 92 94 95 96 97 99 103 106 104 103 107 112 111 108 104 102 100 99 98 97 96 96 95 94 93
127 117 106 104 106 106 104 102 99 94 89 86 85 84 87 92 96 92 82 81 87 92 93 92 87 80 79 78 80 89 97 99 99 95 101 111 116 117 120 125 127 124 125 130 133 133 136 139 133 125 117 110 106 103 101 98 95 95 97 97 95 93 95 97 95 95 97 97 97 99 95 92 93 96 97 97 97 99 102 103 101 103 108 113 111 107 103 101 99 98 97 96 96 95 94 93
137 126 114 111 108 104 99 93 88 86 84 83 83 84 88 95 100 97 82 80 86 94 99 99 97 90 83 81 82 89 96 98 97 94 99 108 114 119 124 127 123 119 123 130 133 133 137 142 139 130 122 115 107 103 101 100 97 95 95 97 96 93 91 92 92 93 96 98 97 97 97 94 94 95 95 96 96 96 97 100 101 101 104 109 111 109 105 102 99 98 97 96 96 95 94 93
141 128 115 109 103 97 92 89 87 85 83 83 86 89 92 98 105 107 86 80 83 93 104 107 103 98 95 90 85 85 90 97 96 93 99 109 117 123 128 128 124 121 120 127 132 134 137 142 143 135 127 119 110 104 102 101 99 95 94 96 97 93 90 89 90 90 92 96 98 99 99 96 94 93 93 94 94 93 94 96 99 101 103 106 109 108 105 102 99 97 96 96 96 96 95 93
137 125 112 103 98 95 92 90 89 86 82 84 92 97 97 99 107 121 100 84 82 89 102 112 104 100 104 103 95 84 83 91 96 97 104 113 121 126 129 127 125 118 114 120 131 136 137 139 142 139 132 125 116 107 102 102 100 96 93 94 96 94 91 90 90 90 89 91 95 99 99 97 94 92 92 92 93 93 92 93 97 100 102 104 106 106 102 100 97 94 96 98 99 97 96 93
136 124 109 101 97 96 95 93 90 87 85 88 95 100 98 99 109 134 123 97 85 84 92 105 102 100 106 109 105 93 83 84 91 100 107 115 119 121 124 123 118 110 109 117 129 137 136 136 140 141 138 133 123 111 104 102 102 98 94 93 94 93 91 91 92 90 88 88 90 95 98 97 96 94 91 91 92 93 93 91 93 97 101 101 103 102 98 94 93 93 98 103 102 98 95 93
137 123 108 103 100 98 98 97 92 89 91 95 98 98 94 99 112 141 143 110 90 82 84 94 101 104 107 108 107 105 92 83 88 98 107 113 113 114 117 117 111 108 111 117 126 133 136 137 139 141 142 141 131 116 106 102 102 100 95 92 93 93 91 91 92 92 89 88 89 91 94 95 95 95 92 90 91 93 94 91 90 93 97 98 99 99 94 91 92 96 102 105 103 96 91 91
148 126 109 105 103 100 97 96 94 94 99 103 101 94 90 99 115 144 156 124 100 88 84 90 100 106 107 104 104 110 104 88 86 94 104 111 113 113 112 111 110 112 115 118 123 132 138 140 138 139 143 145 140 124 109 102 101 101 97 94 92 92 92 91 91 92 90 89 88 89 89 90 90 93 94 91 89 91 94 93 91 92 94 95 95 94 91 92 96 100 102 102 98 92 89 91
164 131 111 105 102 100 96 93 95 100 106 109 106 95 90 99 115 145 164 142 118 106 98 94 95 101 105 101 101 112 114 97 86 89 100 110 116 115 108 108 113 116 118 116 119 128 135 137 134 135 141 147 148 134 114 103 100 101 99 96 93 92 92 92 92 92 91 89 88 87 87 87 86 88 93 94 91 89 90 92 91 92 94 93 90 90 91 94 98 100 100 98 93 91 92 93
173 135 110 103 100 100 99 97 99 101 105 111 113 103 94 96 108 139 161 151 132 118 110 101 94 95 100 99 101 110 115 104 92 91 98 108 114 113 107 109 115 117 115 113 114 120 127 131 133 134 139 148 153 144 122 105 100 100 100 97 95 94 93 93 92 91 91 90 88 87 86 86 84 83 86 92 93 89 87 89 92 94 95 92 88 89 93 95 97 98 96 93 92 93 95 93
181 142 109 102 102 103 104 104 103 101 100 107 119 113 97 91 98 126 151 151 138 123 113 107 102 98 100 102 100 103 111 114 111 104 101 101 104 106 105 110 114 113 111 109 108 113 123 130 134 136 138 149 156 152 131 109 101 99 100 98 97 98 97 94 92 90 90 89 87 87 87 87 85 82 82 85 89 89 88 89 91 93 93 91 90 92 95 96 96 94 92 91 91 92 93 92
190 153 111 102 104 105 106 106 105 103 98 101 119 118 101 90 95 114 140 148 142 128 117 111 108 104 103 103 100 102 110 119 119 110 102 94 92 97 104 107 105 103 102 103 105 110 117 124 131 134 135 144 154 156 140 114 102 99 99 98 98 100 100 97 93 90 89 87 85 86 88 88 86 84 81 80 81 85 88 89 90 90 90 91 93 95 96 96 95 92 90 89 87 86 89 92
197 163 114 102 104 105 104 104 105 105 99 101 116 123 106 93 94 104 127 143 144 135 123 115 110 107 106 105 106 108 109 112 111 104 97 93 89 92 99 100 93 91 95 100 104 106 110 118 127 130 131 138 150 157 146 117 103 100 100 99 99 99 98 94 90 88 89 89 87 86 87 88 89 88 83 78 76 79 83 86 88 89 90 91 95 98 98 96 93 91 89 87 82 82 88 96
205 169 121 106 102 103 101 102 106 108 102 101 114 130 115 96 92 99 115 133 141 136 127 118 112 109 108 109 111 111 108 104 102 99 95 93 92 90 91 96 92 87 89 94 97 100 105 113 121 123 126 132 145 158 150 121 105 100 100 99 97 94 90 84 81 85 91 99 99 92 88 87 89 90 88 81 76 74 77 81 84 87 90 92 96 99 99 96 92 90 89 84 79 82 90 99
205 162 126 114 104 100 97 96 100 106 104 102 113 135 123 101 90 91 102 115 128 130 127 122 114 110 110 111 112 111 110 106 101 99 95 92 92 87 84 94 95 89 84 83 88 95 100 104 109 112 115 122 139 157 150 125 106 100 98 95 90 84 81 80 80 85 91 101 109 104 95 90 90 92 92 88 80 74 74 75 79 85 90 94 97 98 98 94 90 90 88 82 79 86 94 101
195 152 125 117 106 99 95 91 90 95 100 103 114 135 128 108 91 83 86 98 110 119 122 119 114 112 111 111 113 113 113 109 101 99 96 92 90 86 82 87 95 92 82 77 80 88 93 97 101 103 106 113 130 153 143 122 104 96 94 89 81 78 81 85 87 89 90 93 103 110 104 98 95 93 93 93 89 82 78 75 75 80 87 92 94 95 94 89 88 89 87 82 81 89 97 102
184 145 123 119 110 102 97 90 87 88 92 100 112 128 126 113 96 81 76 85 100 109 114 115 114 112 111 114 119 120 118 109 102 100 98 91 89 89 84 82 91 94 85 78 77 81 87 92 97 100 102 105 117 141 134 112 97 90 89 87 81 84 88 90 92 92 90 87 90 101 106 103 101 99 98 99 99 95 88 81 77 77 80 85 87 89 87 84 85 88 88 87 87 92 97 101
172 138 122 121 115 105 99 94 91 89 87 90 99 113 117 113 103 88 76 78 88 103 112 112 111 112 117 125 127 128 124 108 101 100 98 91 89 91 87 82 87 94 91 83 78 78 82 87 92 97 98 97 102 119 123 102 90 85 86 88 90 91 92 92 91 91 89 86 84 86 95 100 102 105 106 105 107 106 99 91 85 80 77 76 81 84 80 78 82 87 92 94 93 95 97 98
163 131 118 121 115 105 100 99 96 91 85 81 84 98 107 113 111 98 87 81 85 96 111 114 118 125 130 133 134 134 130 109 99 98 98 93 88 91 90 85 86 93 97 90 82 79 80 82 85 90 90 90 91 94 101 95 87 85 85 88 92 93 91 90 89 89 88 86 83 81 84 92 99 105 109 112 113 112 108 101 95 89 81 76 76 77 74 76 81 87 93 97 96 97 98 94
165 130 116 119 117 108 103 102 100 94 84 77 78 86 101 113 117 108 101 97 102 108 115 123 125 127 131 132 131 136 135 113 98 93 94 93 88 88 90 88 87 94 103 100 89 82 80 79 79 80 83 83 79 74 77 84 87 87 87 88 89 89 88 88 88 88 86 85 83 81 81 86 92 99 105 111 118 119 116 112 107 100 91 83 78 73 71 75 80 85 90 95 97 98 96 91
164 130 114 117 118 112 106 102 100 96 89 81 77 79 88 104 113 111 111 119 123 120 115 116 117 113 112 115 123 132 136 121 101 89 85 86 88 87 87 88 88 94 106 111 100 87 79 74 71 74 78 77 67 59 64 76 86 89 88 87 86 86 86 87 87 87 85 84 83 82 81 82 86 93 99 105 114 122 121 119 117 110 101 93 86 78 74 76 78 79 83 89 95 94 90 87
160 128 111 113 115 111 107 102 99 98 97 92 83 76 77 84 101 112 120 124 126 121 107 98 97 98 100 104 109 122 132 126 108 92 81 78 80 83 84 86 89 94 103 114 112 95 81 70 66 70 72 70 57 51 60 73 84 87 86 86 86 85 85 86 86 85 84 83 82 81 81 81 82 86 92 98 107 117 119 119 120 118 112 103 94 88 85 83 81 80 80 83 85 82 79 79
162 128 109 111 114 109 106 104 102 102 102 98 89 81 77 81 94 110 120 124 123 118 109 96 91 93 96 95 98 110 122 126 117 100 87 78 73 74 79 83 87 92 99 110 118 108 87 72 67 69 67 62 48 49 61 73 82 84 85 85 85 85 84 85 85 84 84 83 82 81 80 81 81 81 85 93 101 110 114 116 119 122 121 114 104 98 94 90 88 88 86 82 78 73 69 68
161 132 110 108 112 109 104 101 102 105 105 101 95 91 88 88 93 104 113 118 119 120 117 105 93 89 89 91 94 102 112 122 127 112 96 84 75 71 72 77 83 89 94 103 114 115 96 78 71 69 63 54 46 50 64 73 80 83 84 83 83 85 85 85 85 84 84 84 83 81 81 81 81 80 82 87 95 105 109 111 117 125 127 122 116 108 102 99 98 96 92 86 79 73 67 62
153 132 111 104 108 110 106 98 95 102 108 107 104 100 98 98 97 98 102 108 116 121 121 117 102 88 79 86 93 97 104 113 128 126 107 96 86 77 71 71 78 84 88 93 101 107 99 85 76 69 58 51 49 55 65 71 77 82 83 82 82 85 87 86 85 85 84 84 84 82 83 82 80 80 82 85 92 101 105 105 112 123 130 128 123 119 117 113 106 99 94 89 81 74 67 62
148 129 114 107 106 109 110 102 93 93 104 111 109 107 106 107 106 100 95 98 111 122 125 121 108 87 75 77 86 91 96 103 119 133 120 107 97 87 78 75 77 80 82 85 85 82 86 86 78 67 57 53 54 59 66 69 74 80 82 82 83 86 86 86 85 85 85 86 86 86 85 84 82 80 80 84 91 99 105 104 106 115 127 129 126 125 126 122 114 103 97 91 82 73 64 62
145 127 117 112 106 106 109 109 101 93 96 105 106 106 112 116 113 105 96 92 98 117 125 121 110 91 76 71 75 83 88 93 106 127 129 117 104 94 87 84 81 79 81 80 72 66 70 74 69 63 58 56 58 63 66 68 73 79 82 83 85 84 83 84 84 84 85 85 89 92 90 87 85 82 79 81 87 95 104 105 104 106 115 121 123 125 126 126 121 111 101 94 84 74 64 64
136 121 116 112 106 104 107 110 108 101 94 95 98 103 111 116 114 106 100 94 91 98 112 114 113 102 85 74 71 75 81 85 94 111 126 125 112 100 94 91 86 81 79 75 66 63 62 59 59 61 59 57 60 65 67 68 74 80 83 85 85 83 82 82 82 83 82 83 89 97 99 94 89 85 81 80 81 87 98 104 103 102 103 110 117 121 124 126 124 115 106 97 88 80 71 68
131 113 108 109 105 104 104 104 105 102 96 93 96 100 105 110 111 107 103 98 90 88 95 105 116 113 98 84 76 73 75 80 85 94 112 125 124 110 100 94 90 85 78 69 64 63 59 53 55 61 61 60 62 66 68 69 76 82 85 86 85 83 82 82 81 80 80 81 86 94 104 104 98 93 86 80 79 80 85 95 101 100 100 105 113 119 120 122 122 118 111 104 96 88 79 75
140 114 102 100 101 103 103 99 97 97 98 99 103 103 103 104 106 107 104 98 91 88 92 99 112 121 109 95 84 75 70 75 82 88 98 116 130 122 102 94 91 87 77 66 63 62 59 53 55 61 62 63 66 68 69 72 80 85 87 86 84 82 82 81 79 78 78 80 83 88 98 108 109 106 99 87 80 77 77 82 93 100 101 106 113 115 112 112 117 120 116 107 100 94 92 95
142 123 103 94 96 100 101 99 97 97 99 103 111 111 107 104 102 98 96 92 90 90 94 99 107 121 121 105 91 78 69 69 77 85 91 102 123 129 107 94 88 82 74 66 61 60 58 53 55 61 64 66 68 69 72 78 85 88 87 85 84 82 81 79 77 76 77 80 82 85 91 104 113 115 115 105 89 80 76 77 83 93 100 107 111 107 104 107 114 119 116 103 95 95 103 115
133 124 112 100 94 92 96 102 104 103 102 107 115 115 110 103 96 88 83 82 85 88 93 98 104 116 124 113 98 85 73 70 71 76 83 92 109 124 113 95 82 73 70 66 62 61 58 55 57 63 66 69 68 70 76 85 89 88 86 85 84 83 81 76 73 75 78 81 84 85 88 97 110 119 123 121 104 88 81 79 81 88 100 107 111 108 111 115 116 113 100 90 87 91 104 117
121 117 116 112 99 88 90 99 104 107 111 112 114 114 108 100 93 88 82 78 78 81 86 92 99 110 120 120 107 95 86 78 72 69 76 83 94 109 109 93 76 69 67 64 63 63 60 58 61 65 69 71 72 75 82 87 89 87 86 85 84 85 82 76 72 74 79 82 84 85 88 93 102 114 122 127 116 97 90 87 87 92 99 103 110 116 116 114 103 81 72 79 87 92 99 109
