windninja/windninja_output/Output_2025-08-09_0300-0350_Google earth_Fire_150m_10min/merlingen_7.5mi_point_08-09-2025_0320_150m_ang.asc
ncols	158
nrows	163
xllcorner	391686.332397
yllcorner	5160024.123721
cellsize	150.000000
NODATA_value	-32768.000000
[rows 45 to 89 of 163, columns 0 to 95 of 158]
319 318 316 314 312 311 310 309 309 308 307 307 306 306 305 305 305 304 304 304 304 304 304 303 303 303 304 303 303 303 303 302 303 306 309 310 307 302 299 299 298 297 293 290 289 289 291 296 299 298 294 288 285 283 280 277 276 280 286 291 294 296 300 303 301 300 298 298 302 306 304 302 301 301 301 304 322 335 319 310 309 307 302 294 287 287 291 293 293 295 299 301 299 297 298 303
320 319 316 314 312 311 310 309 309 308 307 307 306 306 305 305 305 304 304 303 303 303 303 303 303 303 302 302 302 303 303 302 303 306 308 308 306 304 302 302 300 296 291 287 288 292 295 298 297 294 289 283 276 273 275 275 278 286 292 297 300 300 303 304 302 298 296 294 296 300 297 296 293 291 291 295 313 325 313 307 305 300 293 285 284 289 293 294 293 293 297 301 300 298 298 302
320 319 316 314 312 309 309 309 308 308 307 307 307 306 305 305 304 304 303 303 303 303 302 302 302 302 302 302 302 302 302 302 302 304 306 306 305 304 304 302 300 296 291 288 291 295 297 296 292 289 284 276 270 272 277 280 285 292 296 302 304 301 300 299 297 294 292 291 293 296 295 293 289 286 285 287 300 310 305 298 294 291 287 287 291 294 296 296 294 294 297 300 301 300 299 302
319 318 316 315 311 307 308 309 309 308 307 307 306 306 305 304 304 303 303 302 302 302 302 302 301 301 302 302 301 301 302 302 302 303 304 305 304 303 303 302 300 296 292 292 296 297 296 293 289 285 278 269 270 276 280 286 291 296 300 304 305 299 293 292 291 290 289 290 292 293 291 290 287 284 281 282 291 299 298 293 290 290 292 294 297 299 299 299 300 300 298 297 298 300 301 303
317 318 317 315 311 306 306 308 309 308 307 307 306 305 304 304 304 303 303 302 302 302 302 302 301 301 301 301 301 301 301 301 302 302 304 305 305 304 304 303 300 296 295 297 299 295 292 289 285 279 271 270 277 283 288 293 296 299 301 302 302 295 288 286 288 289 290 291 291 290 289 288 285 282 279 283 292 298 297 294 293 294 296 298 300 301 302 304 303 301 297 292 293 297 300 300
316 318 319 316 311 308 307 308 309 309 308 307 306 306 305 304 304 303 303 302 302 302 302 302 301 301 301 301 301 301 301 301 301 301 302 304 305 304 303 302 300 298 299 301 299 293 288 284 278 270 268 277 285 291 295 298 299 298 298 296 293 288 283 284 287 290 290 290 289 288 287 285 282 280 282 288 294 297 295 293 293 294 296 299 301 302 304 304 301 298 295 290 288 291 294 297
315 318 320 317 312 310 309 307 309 310 309 307 306 306 305 304 303 303 303 302 302 302 302 301 301 301 301 301 300 300 300 300 300 301 301 302 303 302 302 302 300 299 300 302 299 292 286 280 272 271 280 288 291 294 297 298 297 294 290 288 285 282 282 284 287 290 290 289 288 287 285 283 282 283 286 290 293 295 294 293 292 292 293 297 300 302 302 299 296 293 292 287 283 284 290 298
315 318 320 316 310 310 309 307 307 310 310 308 306 306 305 304 303 303 303 302 302 302 301 301 300 300 300 300 300 300 300 300 300 300 300 301 301 302 302 302 301 299 300 302 299 291 285 280 279 288 297 297 296 297 297 295 292 288 283 281 282 283 283 284 287 290 291 290 287 286 285 284 285 286 288 290 292 294 293 291 289 288 289 294 297 298 298 296 294 291 289 285 282 284 293 305
315 317 320 317 311 311 311 307 305 308 310 308 306 305 305 304 303 303 302 302 301 301 301 300 300 300 300 300 299 299 299 299 299 299 300 300 300 301 301 303 302 299 299 302 299 292 288 290 294 297 299 297 296 296 294 292 289 285 280 278 282 285 284 284 288 292 292 291 287 287 288 288 288 287 287 289 291 292 292 291 289 288 290 293 295 296 297 297 294 290 287 287 288 291 298 310
316 316 318 318 313 312 313 308 303 304 307 307 306 305 305 304 303 303 302 301 301 301 301 300 300 300 299 299 299 299 299 299 299 299 299 299 299 300 300 302 302 299 298 298 298 294 294 299 300 298 297 294 294 293 290 288 287 284 281 282 285 287 286 285 289 293 296 295 291 290 290 288 285 285 287 289 291 291 292 294 294 293 293 294 295 296 298 298 294 291 290 292 296 298 298 305
316 314 314 315 311 308 310 308 303 301 304 306 306 305 304 303 303 302 302 302 301 300 300 300 300 300 299 299 299 299 298 298 298 298 298 298 298 299 299 300 300 298 295 295 297 298 300 303 302 299 297 294 294 292 288 286 286 284 284 286 289 290 287 286 288 294 297 297 293 288 285 280 282 287 289 290 292 293 294 297 299 297 294 294 295 295 297 298 297 293 292 294 300 303 299 302
315 313 310 311 308 305 306 307 303 300 302 305 305 305 305 303 302 302 302 301 300 300 300 300 300 299 299 299 298 298 298 298 298 298 298 298 298 298 298 298 298 297 295 296 298 301 304 304 302 301 300 294 292 291 286 284 284 286 288 291 292 291 287 283 284 289 293 293 289 281 275 280 286 290 291 292 294 295 296 298 299 297 294 294 294 293 293 295 296 295 293 298 307 312 305 304
314 312 310 310 310 307 306 307 306 302 303 305 304 304 304 304 302 302 301 301 300 300 300 299 300 299 299 298 298 298 298 297 297 297 297 297 297 297 297 297 297 297 297 297 298 300 302 303 302 303 302 293 290 289 284 283 287 290 292 294 293 289 284 280 279 284 289 289 283 277 280 286 289 291 292 296 297 297 298 299 299 296 294 292 290 287 286 288 293 298 302 310 316 316 309 304
312 312 311 310 309 308 307 308 308 305 305 305 303 301 302 303 303 302 301 301 300 300 299 299 299 299 298 298 298 297 297 297 297 297 297 296 296 296 296 296 296 296 297 297 298 298 299 300 301 304 304 296 291 289 284 283 289 292 293 293 291 287 283 278 276 279 286 287 283 283 288 289 289 291 294 297 298 297 298 298 297 294 291 289 287 284 285 288 295 304 309 312 315 313 305 296
311 311 310 308 307 306 305 306 306 304 304 304 301 299 300 302 303 302 302 301 300 300 299 299 299 299 298 298 297 297 297 297 296 296 296 296 296 296 296 296 296 296 296 296 297 297 298 299 301 306 309 302 294 289 284 282 289 292 292 291 289 286 281 277 274 276 283 287 286 286 289 290 290 293 296 297 297 296 295 294 293 290 288 288 286 286 289 296 305 308 307 306 308 306 297 287
310 310 309 308 306 305 303 302 302 303 304 306 305 301 300 301 302 302 302 301 301 300 299 299 299 298 298 297 297 297 296 296 296 296 296 296 295 295 295 295 295 295 295 296 296 296 297 299 301 306 310 305 295 288 284 283 288 291 291 289 287 284 280 275 273 274 279 284 285 286 288 290 292 294 296 297 295 293 291 289 289 287 286 285 285 288 295 303 307 307 305 303 301 298 289 280
311 310 309 307 305 304 302 301 301 303 305 308 308 304 300 299 300 301 302 302 301 300 299 299 298 297 297 297 297 296 296 296 296 295 295 295 295 295 295 295 295 295 295 295 295 296 297 298 300 304 308 306 296 289 284 283 287 289 288 287 285 282 280 277 274 273 274 279 285 287 289 291 293 294 296 296 292 289 288 288 287 286 283 283 285 290 299 305 306 304 304 302 296 289 282 276
311 310 308 306 305 304 303 302 301 302 304 307 307 305 302 298 298 299 300 301 301 300 299 298 298 297 296 297 297 296 296 296 295 295 295 295 295 294 294 294 294 294 294 294 295 295 296 297 298 301 305 306 298 291 287 286 286 286 286 285 284 283 282 279 276 273 271 278 287 290 291 291 292 294 295 293 289 287 287 287 286 285 283 284 289 294 300 305 304 302 301 295 284 278 274 268
312 310 306 305 304 304 303 301 301 301 302 304 306 306 304 301 297 297 298 300 301 301 300 299 298 297 296 297 297 296 296 295 295 295 295 294 294 294 294 294 294 294 294 294 294 295 295 295 297 298 302 305 300 295 294 291 286 285 286 286 287 287 283 277 273 269 270 282 289 291 291 291 291 294 294 292 289 289 289 288 286 285 285 290 296 300 303 305 302 297 291 283 276 269 263 258
314 310 305 303 302 302 301 299 299 299 299 302 306 307 306 303 300 297 297 297 299 300 299 299 299 297 296 296 296 296 295 295 295 294 294 294 294 294 293 293 293 293 293 293 294 294 294 295 295 297 299 302 300 297 298 296 287 285 287 288 289 285 275 268 270 273 280 289 291 292 292 291 291 293 294 292 292 292 292 289 287 288 291 296 300 302 302 301 297 289 281 276 268 259 252 243
316 311 306 304 302 301 300 298 296 297 297 299 304 307 305 304 302 299 296 295 296 298 298 298 299 297 296 296 296 295 295 295 294 294 294 294 293 293 293 293 293 293 293 293 293 293 293 294 294 295 296 298 298 296 299 300 292 286 286 287 285 277 269 271 277 284 291 294 293 292 292 291 289 291 293 294 294 293 292 288 287 292 297 302 303 300 298 295 290 281 275 266 256 249 239 225
317 311 305 303 302 301 302 300 298 298 299 300 302 306 306 304 302 300 298 295 295 297 296 297 299 298 296 296 296 295 295 295 294 294 294 293 293 293 293 292 292 292 292 292 292 292 292 293 293 294 294 295 296 295 297 300 295 288 283 281 279 279 281 283 285 288 291 293 292 292 292 290 288 290 293 295 294 292 291 291 294 301 305 307 303 297 293 288 279 271 264 254 245 233 223 220
318 312 306 303 301 302 306 304 299 298 299 300 302 304 306 304 301 301 300 298 297 296 295 296 297 297 295 295 294 294 294 294 294 294 293 293 293 293 292 292 292 292 292 292 292 292 292 292 292 292 293 293 294 294 295 296 294 289 282 277 280 289 290 288 286 286 286 288 290 291 291 290 288 289 292 293 293 293 296 299 302 305 305 303 297 289 282 274 267 261 252 242 230 219 220 229
315 312 311 310 307 307 312 310 300 297 299 301 302 302 304 304 301 301 302 299 297 296 295 294 295 294 292 292 293 294 294 294 294 293 293 293 292 292 292 292 292 291 291 291 291 291 291 291 291 291 291 292 292 292 292 293 292 289 284 280 284 292 292 290 287 284 284 286 289 290 290 288 287 288 290 291 292 295 300 301 301 300 295 290 288 280 270 263 259 250 239 225 218 220 230 242
307 307 307 309 307 307 314 317 306 302 305 308 307 306 306 306 303 300 300 299 297 296 295 294 294 291 287 289 292 294 294 295 294 294 293 293 292 292 292 291 291 291 291 291 291 290 290 290 290 290 291 291 291 291 291 290 290 289 287 284 286 291 292 290 287 285 285 286 288 289 288 287 286 288 290 290 292 296 300 299 296 292 283 280 284 278 267 259 251 239 226 216 220 232 245 258
303 302 300 298 297 296 304 312 306 302 306 310 309 308 307 306 303 300 298 299 298 296 295 293 293 289 285 286 291 293 294 295 295 294 294 293 292 292 291 291 291 291 290 290 290 290 290 290 290 290 290 290 290 289 289 289 288 288 287 287 287 289 289 287 286 287 287 286 287 287 287 286 286 288 289 288 291 295 299 297 290 283 278 281 283 277 263 252 241 228 219 222 235 247 262 277
301 300 299 296 292 288 292 300 298 293 293 296 297 298 299 301 300 298 297 298 297 295 294 293 295 296 289 286 288 291 292 294 295 295 294 293 292 292 291 291 291 290 290 290 290 289 289 289 289 289 289 289 289 289 288 288 288 287 287 287 287 288 287 287 287 288 287 286 285 287 289 287 285 286 287 286 289 293 296 292 285 280 282 286 281 270 256 244 231 224 224 234 249 263 276 296
299 299 299 298 295 292 293 296 294 287 283 285 287 289 291 293 295 295 295 295 295 295 294 295 299 301 293 286 285 288 290 291 292 294 295 294 293 292 291 291 290 290 290 289 289 289 289 288 288 288 288 288 288 288 288 287 287 287 287 287 287 287 287 287 287 287 287 287 287 289 291 288 282 280 283 284 286 289 291 288 284 286 289 287 278 260 244 233 228 231 237 248 259 269 286 309
298 299 299 299 297 295 295 295 293 288 286 287 290 291 291 293 294 293 293 294 295 295 295 296 299 301 295 288 284 285 287 288 289 292 295 295 293 292 291 291 290 290 289 289 289 288 288 288 288 288 288 288 287 287 287 287 287 287 286 286 286 286 286 286 286 287 287 287 288 289 290 287 282 280 283 285 286 287 289 288 289 292 292 285 271 249 233 227 234 243 252 263 272 288 309 311
297 297 298 299 297 295 295 294 292 291 291 291 292 293 294 294 295 294 293 294 294 293 293 293 296 300 297 290 285 283 284 286 287 290 293 295 294 292 292 291 290 289 289 288 288 288 288 287 287 287 287 287 287 287 287 286 286 286 286 286 286 286 286 286 286 286 287 287 288 288 288 287 286 288 290 290 290 289 290 293 295 296 290 278 258 238 226 231 244 251 264 278 297 308 310 307
294 294 294 297 296 294 294 294 292 293 293 293 293 294 294 295 295 295 294 294 294 293 291 291 293 297 295 291 287 284 284 285 286 287 289 291 292 292 292 292 290 289 289 288 288 287 287 287 287 287 287 286 286 286 286 286 286 286 286 286 286 286 286 286 286 286 286 287 287 287 288 289 290 293 295 294 293 292 295 299 299 293 282 265 244 227 228 239 248 256 271 290 306 303 302 300
293 290 290 293 294 293 294 294 293 293 294 294 295 295 295 296 296 295 295 294 294 293 292 291 292 294 293 292 290 286 283 283 282 281 283 287 290 291 292 292 291 289 288 288 287 287 287 286 286 286 286 286 286 286 286 286 286 285 285 285 285 285 285 285 285 286 286 286 286 287 287 289 290 293 296 295 295 297 300 300 294 285 269 249 231 229 238 243 248 263 283 306 307 299 294 293
294 288 282 284 289 292 293 293 294 295 297 297 297 296 296 296 296 296 295 294 294 293 292 292 292 291 291 291 291 288 283 279 279 280 282 286 289 290 291 291 291 289 288 287 286 286 286 286 286 286 286 286 286 286 285 285 285 285 285 285 285 285 285 285 285 285 286 286 286 287 287 288 290 291 294 296 297 300 302 295 286 274 256 240 235 244 252 255 266 289 307 313 308 298 292 291
297 284 268 272 284 289 292 295 297 301 302 301 299 297 297 297 297 297 296 295 294 293 293 292 292 290 289 290 291 290 285 281 281 282 283 285 287 288 289 291 291 290 288 287 286 285 285 285 285 285 285 285 285 285 285 285 285 285 285 285 285 285 285 285 285 285 285 286 286 286 287 288 289 290 292 294 297 302 302 292 280 264 247 246 252 261 269 281 299 305 307 307 304 296 292 293
306 282 258 267 278 290 297 301 303 307 308 305 301 299 298 298 298 297 297 295 294 293 292 292 294 292 289 289 291 292 290 286 283 281 282 283 285 285 285 288 291 290 287 286 285 284 284 284 284 285 285 285 285 285 285 285 285 285 284 284 284 284 284 284 284 285 285 285 286 286 287 287 288 289 291 293 297 301 301 291 277 261 257 263 267 271 284 298 302 302 300 298 296 293 292 293
346 310 280 278 286 301 312 313 312 314 314 309 303 300 299 298 298 297 297 295 294 292 291 292 296 294 290 288 289 291 292 290 286 283 281 281 283 283 283 284 288 288 286 285 284 283 283 283 283 285 286 286 286 285 285 285 284 284 284 284 284 284 284 284 284 284 285 285 285 286 286 287 288 289 290 292 295 299 299 292 281 274 275 275 273 280 295 301 300 297 294 292 290 290 290 290
28 309 286 290 298 307 323 327 322 321 319 312 305 301 299 298 297 296 296 296 294 293 292 293 296 294 290 288 288 290 292 292 290 286 281 279 280 282 282 281 283 285 284 282 281 281 281 280 280 284 287 288 287 286 285 285 284 284 284 284 284 284 284 284 284 284 284 284 285 285 286 287 287 288 289 291 293 297 298 296 294 289 283 279 280 292 300 299 297 293 291 289 287 286 288 288
349 300 295 301 304 310 321 327 327 324 321 313 304 300 298 297 296 294 295 295 294 293 292 293 296 294 291 290 289 289 290 290 289 286 282 278 277 279 280 280 281 282 282 281 281 282 282 282 282 285 288 290 289 287 286 285 284 284 284 283 283 283 283 283 283 284 284 284 284 285 285 286 287 288 289 290 292 295 297 299 302 298 288 286 296 301 299 297 295 292 289 287 285 285 287 288
298 306 308 306 305 302 306 314 317 315 313 307 302 297 295 294 293 292 293 294 294 293 292 293 296 296 292 291 290 288 287 287 286 284 282 279 278 278 279 280 280 281 283 283 284 285 287 288 288 287 288 289 290 289 287 285 284 283 283 283 283 283 283 283 283 283 283 284 284 284 285 286 286 287 288 290 291 294 297 300 306 307 298 300 303 300 296 293 292 290 287 285 283 282 284 285
287 294 303 298 291 290 293 294 292 296 299 300 298 293 291 291 291 290 291 293 293 294 293 293 297 298 294 291 289 288 287 286 284 282 280 279 279 279 279 279 280 282 284 284 284 284 285 287 287 286 285 285 287 288 286 284 283 283 283 283 283 283 283 283 283 283 283 283 284 284 285 285 286 287 288 289 291 293 296 301 310 317 315 309 301 297 293 289 287 287 285 283 281 279 279 281
275 276 279 278 275 273 269 268 276 287 294 297 295 291 289 289 289 288 289 291 292 292 293 294 297 299 294 290 289 288 287 285 284 281 279 279 279 278 279 280 282 283 283 283 282 281 282 283 283 283 283 281 281 282 283 283 283 283 283 283 283 283 283 283 283 283 283 283 283 284 284 285 285 286 287 288 290 292 296 301 313 322 324 312 298 294 290 287 286 286 284 282 280 279 280 282
271 269 268 269 265 259 255 262 275 287 293 294 292 290 287 286 285 284 284 286 287 288 289 292 297 300 297 291 289 288 287 285 285 285 282 280 278 276 277 280 283 284 283 281 280 280 280 281 281 283 283 281 279 279 281 282 282 282 282 283 283 283 283 283 283 282 283 283 283 283 284 284 285 286 287 288 289 292 295 301 313 323 325 311 296 290 287 285 284 283 282 281 283 285 287 288
270 268 263 263 261 258 260 270 279 285 290 289 289 288 284 282 280 278 279 281 283 284 286 294 304 308 302 295 290 288 287 286 286 287 286 282 279 276 275 276 280 284 284 281 279 278 278 279 279 280 281 282 281 279 279 281 282 282 283 283 283 283 283 283 282 282 282 282 282 283 283 284 284 285 286 287 289 291 295 300 309 319 320 310 295 287 285 283 281 280 280 283 287 289 289 288
272 270 269 270 270 269 270 275 277 278 281 286 288 288 284 280 275 273 275 279 283 286 293 303 315 319 304 295 289 286 285 285 285 285 286 284 282 279 275 274 275 279 283 283 280 277 276 277 277 277 279 281 282 280 280 280 281 282 283 284 285 284 283 283 282 282 282 282 282 282 283 283 284 285 285 287 288 290 293 297 304 312 313 306 295 287 282 279 279 280 283 286 286 281 277 277
278 279 279 278 276 274 273 271 269 269 278 288 290 288 282 275 269 270 274 280 287 296 304 311 324 323 304 293 288 285 284 284 283 283 283 284 285 282 277 273 273 274 278 282 281 278 275 274 275 277 278 281 283 284 282 280 278 278 282 287 288 286 284 283 282 282 281 281 282 282 282 283 283 284 285 286 287 289 291 294 299 305 307 302 293 286 281 278 279 282 283 282 276 269 267 270
