windninja/windninja_output/Output_2025-08-09_0300-0350_Google earth_Fire_150m_10min/merlingen_7.5mi_point_08-09-2025_0320_150m_ang.asc
ncols	158
nrows	163
xllcorner	391686.332397
yllcorner	5160024.123721
cellsize	150.000000
NODATA_value	-32768.000000
[rows 0 to 44 of 163, columns 0 to 95 of 158]
300 298 296 297 298 300 302 299 296 297 297 291 276 261 259 267 275 280 284 293 302 301 292 289 292 295 294 289 287 288 287 285 284 282 281 283 286 285 283 283 281 280 281 281 284 287 289 291 293 294 296 296 296 297 297 293 289 286 286 288 289 286 284 282 281 279 278 280 285 288 289 286 283 280 280 281 281 280 280 282 282 278 274 275 276 274 270 267 267 265 262 262 262 259 256 254
303 300 298 299 298 299 299 297 295 295 296 295 286 274 272 275 282 288 293 297 303 306 300 294 293 294 295 294 290 289 288 287 286 286 285 286 287 289 289 289 287 286 286 287 289 292 293 295 297 296 295 295 294 293 292 291 289 288 288 289 289 287 286 285 284 283 282 282 285 288 289 287 285 284 284 283 282 281 283 285 283 279 277 276 276 276 275 272 270 268 267 267 266 264 262 261
307 303 302 302 299 299 298 297 297 298 301 305 305 296 288 288 292 297 299 300 304 309 309 302 295 294 296 297 294 291 289 289 289 290 291 291 291 293 294 295 295 294 294 294 296 297 298 299 300 299 297 295 293 290 290 291 292 292 291 290 291 291 290 290 289 289 287 285 285 288 289 288 288 289 288 286 285 284 286 287 285 281 281 279 278 282 284 280 276 276 277 276 276 276 276 275
307 304 303 303 301 302 303 303 304 307 310 315 314 305 298 294 296 299 299 299 302 306 311 309 301 298 299 299 299 297 294 293 293 294 295 295 295 294 295 297 299 299 299 299 300 301 301 300 300 301 300 298 296 294 294 294 293 293 292 291 292 293 292 291 291 291 289 287 287 288 289 289 289 289 288 288 289 287 285 286 288 284 283 283 283 285 290 288 285 285 285 285 287 287 288 289
306 304 303 304 303 305 307 307 307 309 312 317 317 309 302 297 296 297 297 297 298 303 310 314 307 304 304 304 305 304 301 299 298 299 299 298 297 297 298 301 303 304 303 303 303 302 302 301 300 300 299 298 297 295 294 293 293 293 293 292 292 293 293 292 292 292 291 289 287 288 289 289 289 289 288 288 288 288 286 286 288 286 284 286 286 286 292 295 294 293 292 293 296 299 300 302
305 304 304 304 304 306 307 306 305 306 310 316 318 310 301 297 294 293 293 293 294 298 307 314 311 306 305 305 306 306 305 303 302 302 302 302 301 302 303 304 306 305 304 303 302 300 299 299 299 298 297 296 295 294 292 293 293 294 294 294 293 293 294 293 293 293 292 290 288 289 289 288 290 292 291 289 289 290 288 285 285 287 287 288 287 287 291 296 297 298 298 298 302 307 307 307
304 303 304 305 305 306 305 304 304 306 310 315 318 311 300 297 295 292 293 294 294 296 302 311 311 307 305 304 305 306 306 304 303 303 304 305 306 306 305 305 305 304 301 299 298 297 297 297 297 296 296 295 294 294 293 293 293 294 295 296 296 297 297 295 294 294 293 291 290 291 292 291 292 295 295 293 292 291 291 287 286 290 292 290 289 287 288 293 297 299 299 298 299 302 303 303
303 303 304 304 303 303 302 301 303 306 310 315 319 313 302 298 297 296 296 297 297 297 300 307 311 310 307 305 305 305 304 302 301 301 302 303 304 304 302 301 300 299 297 296 295 295 295 295 295 296 295 295 295 294 293 293 295 295 297 298 300 301 299 296 294 294 294 293 292 294 295 294 293 295 296 294 291 290 290 289 288 292 295 294 292 291 292 295 298 300 299 298 296 296 299 302
303 303 303 303 302 300 299 299 302 306 310 314 318 315 304 299 299 299 298 298 298 298 300 305 311 314 311 307 306 305 302 301 301 300 299 298 298 298 296 295 294 294 294 294 294 295 294 294 295 297 296 295 295 294 293 294 297 297 298 299 298 298 298 296 293 293 294 295 294 294 294 292 291 292 293 293 290 288 288 289 289 292 298 300 299 300 300 301 305 308 309 307 304 304 307 306
303 302 302 303 303 301 300 301 304 306 309 313 316 314 306 300 300 300 301 300 299 299 300 305 310 315 314 309 308 307 303 301 302 299 297 295 295 294 292 291 291 292 293 293 293 293 294 293 294 297 296 294 295 296 294 294 296 296 294 292 291 292 294 293 291 292 294 295 295 292 290 289 290 291 291 291 288 288 293 294 294 295 300 303 301 302 303 305 310 314 314 313 311 312 311 305
303 303 302 302 303 303 303 304 305 307 309 311 315 314 307 301 300 301 302 302 301 302 302 305 309 314 317 313 309 307 302 300 300 298 295 293 292 292 292 292 293 292 292 292 290 290 293 292 291 293 293 292 294 294 291 289 288 287 284 283 283 285 288 291 292 292 292 291 291 288 287 289 291 293 291 289 287 292 299 300 299 298 300 303 302 303 304 302 305 310 309 307 308 311 308 302
304 303 303 303 303 304 304 305 306 307 309 310 313 314 309 303 301 301 302 303 302 302 302 304 307 311 315 311 306 303 299 296 297 296 293 291 290 291 292 293 292 291 291 290 289 288 288 286 283 284 286 286 285 284 282 280 278 277 275 274 273 274 280 288 290 289 288 286 288 290 290 291 292 295 296 296 297 300 305 305 303 301 302 305 306 309 306 301 302 309 306 300 301 307 305 300
303 303 303 303 304 304 305 305 306 307 308 310 312 313 309 303 301 302 302 302 302 301 300 300 301 303 306 305 302 300 298 296 296 296 293 290 290 292 293 293 292 291 291 290 287 284 280 276 274 276 279 279 277 275 275 276 275 271 267 264 266 270 276 283 286 285 284 285 293 296 293 291 292 298 304 306 305 305 307 309 306 304 304 305 306 309 307 301 303 312 306 297 298 304 301 295
303 303 303 304 304 305 305 305 305 306 308 309 312 313 308 302 300 302 302 301 301 300 297 295 294 297 301 302 301 300 297 296 295 294 293 292 292 292 292 292 290 287 283 280 278 275 272 269 270 274 276 277 275 273 273 276 276 271 265 264 270 277 281 285 286 284 283 287 295 299 296 293 295 300 306 305 303 301 302 305 305 304 304 302 301 304 303 298 298 305 302 294 292 294 292 288
303 303 303 304 304 304 305 305 306 306 307 309 312 315 310 303 300 302 302 299 297 296 294 291 292 295 300 301 300 299 296 294 295 295 296 295 292 290 287 284 280 273 268 269 271 270 272 276 276 274 276 280 280 278 279 281 283 282 278 277 281 286 291 293 291 289 290 292 295 302 302 299 298 299 301 301 298 295 293 295 300 302 301 298 295 296 295 291 289 291 290 284 279 280 282 282
303 303 304 304 304 304 304 305 305 306 307 309 311 315 313 306 303 303 303 300 297 297 296 294 294 297 301 302 300 300 299 298 299 298 295 291 285 280 275 271 269 267 268 274 278 278 279 283 282 278 281 287 291 292 291 290 292 296 295 289 289 292 296 298 295 293 296 297 298 305 308 301 296 296 298 299 297 292 292 295 298 299 295 292 289 287 284 281 279 278 279 278 276 277 279 281
303 303 304 304 304 305 305 305 305 306 307 308 310 313 313 306 302 302 303 302 300 299 299 297 297 298 301 302 302 302 301 298 296 290 282 278 275 273 272 273 275 279 283 284 285 286 285 286 289 289 290 294 297 297 295 292 291 298 302 296 294 294 296 299 296 293 296 299 301 305 308 302 295 296 300 299 297 296 298 297 296 294 290 285 281 277 273 270 273 279 284 284 282 282 283 284
303 303 304 304 305 305 305 306 306 306 307 308 309 311 311 305 300 300 301 301 300 299 299 298 297 296 298 301 301 299 296 291 285 279 276 277 280 282 283 284 287 288 288 286 285 287 288 291 295 297 297 296 296 294 292 291 291 297 303 300 296 295 297 299 298 295 296 299 300 301 305 306 302 301 303 301 301 300 296 291 286 285 283 278 273 271 270 271 278 288 292 289 286 287 287 286
304 304 304 304 305 305 305 306 306 307 307 307 308 308 308 305 300 298 297 297 296 297 297 297 295 294 295 297 297 294 289 285 281 281 282 283 285 287 288 287 288 288 287 287 286 287 292 296 296 295 295 296 294 293 293 294 295 296 300 300 296 294 296 299 299 297 295 296 297 299 304 310 307 304 304 301 298 293 284 277 276 278 278 278 277 277 280 282 285 290 296 294 290 289 290 289
304 304 304 305 305 305 306 306 306 307 306 307 307 307 307 304 301 297 296 296 296 297 298 297 296 296 296 295 295 292 289 286 283 283 282 282 285 288 291 291 291 291 290 290 291 292 295 298 296 292 291 293 295 296 297 297 297 296 297 297 294 291 293 297 297 296 294 294 298 303 308 312 309 306 307 305 296 286 278 277 279 282 286 289 288 286 285 286 285 289 298 302 294 291 291 292
304 304 305 305 305 305 306 306 306 306 306 306 306 307 306 304 302 300 299 299 299 300 299 299 299 297 296 295 295 294 293 291 287 287 289 290 292 295 298 297 295 293 291 291 293 294 294 295 295 293 292 294 297 299 299 297 296 295 294 294 292 289 292 296 297 297 298 299 302 306 309 310 306 303 306 309 304 295 289 287 289 291 293 295 294 290 287 285 286 291 300 306 297 292 293 294
304 305 305 305 305 306 306 306 306 307 307 306 306 306 306 305 304 302 302 301 301 301 301 300 299 298 297 296 295 295 296 297 295 295 298 298 297 298 299 297 294 293 292 292 292 292 292 294 296 296 294 295 297 299 299 297 296 296 294 292 291 290 292 297 298 299 303 303 304 305 306 304 301 299 303 311 312 304 297 294 294 294 293 296 299 294 291 289 290 294 302 310 303 294 296 298
304 304 305 305 306 306 306 306 306 307 307 307 306 306 306 305 305 304 303 303 303 302 302 301 300 299 298 297 296 296 299 303 301 298 297 296 294 292 293 293 293 293 292 291 290 292 295 297 298 297 295 295 296 297 299 299 298 298 296 292 291 290 292 297 301 305 308 306 304 303 302 300 298 298 304 313 317 309 301 297 294 295 295 297 301 300 298 296 294 296 303 313 307 297 297 299
304 305 305 306 306 306 306 306 306 306 307 307 307 306 306 306 306 305 304 304 304 303 303 303 302 300 298 295 294 295 300 304 300 295 293 290 289 288 289 292 294 294 292 291 292 297 299 298 297 297 295 294 295 296 299 301 300 299 299 295 291 289 291 298 305 308 309 305 300 296 296 296 296 299 306 315 318 310 303 298 294 295 296 297 301 302 303 298 294 295 302 313 306 297 296 299
305 305 306 306 306 306 307 306 306 306 307 307 307 307 307 307 306 305 305 305 304 304 303 303 302 300 297 293 291 294 299 301 299 294 291 289 288 288 290 293 296 296 295 295 297 298 298 295 295 295 294 294 296 298 299 301 301 299 300 297 291 290 294 300 305 305 302 297 290 287 288 293 298 302 307 312 312 307 304 300 296 296 297 298 299 302 303 299 294 294 302 313 305 297 297 299
305 305 306 306 306 307 307 307 306 307 307 307 307 307 307 307 306 306 305 305 304 304 304 304 303 302 299 293 291 294 298 299 299 298 295 291 289 289 292 295 297 298 299 298 296 296 294 293 294 295 295 295 295 296 298 302 302 299 297 295 294 296 299 302 304 304 300 293 285 282 288 296 301 304 308 312 305 303 306 306 302 300 301 300 300 303 307 303 297 296 305 317 308 300 299 300
305 306 306 306 306 307 307 307 307 307 307 307 307 307 307 306 306 306 305 305 305 305 305 305 305 306 304 297 293 294 297 298 298 299 297 294 291 289 293 298 300 300 301 298 296 298 296 295 296 297 297 294 294 296 300 305 305 298 296 299 299 300 301 302 301 300 298 294 288 287 293 299 303 305 312 316 303 299 307 311 307 303 302 302 301 303 309 307 299 298 307 318 312 303 301 301
306 306 306 307 307 307 308 307 307 307 307 307 307 307 307 306 306 306 306 306 306 306 306 307 308 311 310 301 297 296 296 296 298 299 298 296 293 291 293 299 302 301 302 301 300 303 301 298 297 299 300 297 297 299 303 310 311 301 300 303 301 299 299 298 295 292 293 292 292 293 295 299 303 306 314 318 303 297 304 311 309 305 304 303 301 300 304 303 297 297 306 315 313 305 303 303
306 306 306 307 307 308 308 307 307 307 307 307 307 307 307 307 307 307 307 306 306 307 307 308 310 315 315 307 303 301 298 297 299 301 302 304 303 296 296 302 306 305 305 304 305 307 305 300 297 300 305 302 299 300 303 314 319 305 301 302 301 299 298 297 294 291 292 294 295 296 296 299 304 307 314 315 304 294 296 305 310 309 305 301 297 293 294 297 294 295 301 310 312 308 305 305
307 307 307 307 307 308 308 307 307 308 307 307 307 307 307 307 307 307 307 307 306 307 307 309 312 316 316 311 307 305 301 298 299 302 308 315 315 305 301 307 310 309 310 308 308 310 308 305 302 304 310 306 301 299 302 314 320 305 297 297 299 298 295 293 291 291 296 298 295 296 297 299 302 305 312 313 306 295 290 296 307 311 306 299 293 291 293 296 295 294 296 302 309 308 305 303
307 307 308 307 307 307 308 308 308 308 308 307 307 307 307 307 307 308 307 307 307 307 308 310 313 316 314 310 307 304 297 294 298 304 311 321 321 310 305 308 311 311 311 308 309 311 309 307 304 304 307 304 300 295 297 308 311 301 295 292 293 294 289 282 284 290 299 298 292 292 295 295 294 299 311 314 309 299 291 294 303 311 308 300 297 298 299 299 297 294 292 294 298 301 300 298
308 308 308 308 307 308 309 309 308 308 308 307 307 307 307 307 307 307 307 307 307 308 309 310 313 315 314 312 310 305 297 296 299 301 308 322 321 309 306 307 308 307 306 303 304 307 305 302 298 295 296 295 293 289 289 298 300 296 293 289 289 292 287 279 282 292 302 299 291 289 291 291 294 303 312 314 311 303 295 294 302 311 309 303 301 299 298 295 292 289 287 286 287 292 295 296
308 308 309 308 307 308 309 309 308 308 308 308 307 307 307 307 307 307 307 307 307 308 310 311 312 314 315 317 319 316 308 304 302 297 301 317 318 306 303 302 301 300 301 298 299 300 298 295 292 289 289 290 290 287 285 293 298 294 290 287 287 291 292 284 285 293 305 303 293 288 292 298 302 309 315 315 314 307 298 294 299 307 306 304 301 297 294 291 288 287 285 284 284 288 295 300
308 308 309 308 307 308 309 309 308 308 308 308 307 307 307 307 307 307 307 307 307 308 310 311 312 314 316 318 322 318 310 303 300 295 296 311 316 305 300 299 297 297 298 295 295 295 293 289 287 287 288 288 288 286 285 290 296 293 287 284 286 295 303 293 287 291 302 304 295 291 297 304 306 311 316 317 316 311 302 296 296 300 301 303 304 301 297 295 294 291 288 287 288 291 298 307
309 310 310 309 308 309 310 309 308 308 308 308 307 307 307 307 307 307 307 307 307 308 310 311 311 313 315 318 320 314 306 300 299 297 297 306 315 306 299 299 296 294 292 289 288 289 288 285 285 286 286 286 286 285 285 288 292 292 286 281 283 295 310 302 289 287 294 301 299 297 301 304 305 309 313 314 314 310 303 296 293 297 299 300 305 306 300 298 300 296 294 294 295 297 301 308
310 311 310 309 309 310 310 309 308 308 308 308 307 307 306 306 307 306 307 307 307 308 309 309 310 312 315 318 318 312 305 303 302 301 298 302 310 305 297 293 290 286 285 286 286 287 288 288 288 288 287 286 287 288 290 291 291 291 287 281 280 291 308 307 292 286 290 298 302 302 301 299 298 302 306 310 311 304 297 293 292 294 294 294 299 306 303 301 303 303 301 300 298 296 299 305
311 311 310 310 310 310 310 309 309 308 308 307 307 307 306 306 306 306 307 307 307 307 308 308 310 311 314 318 318 312 309 308 305 300 295 294 299 298 290 284 283 283 285 287 289 289 291 291 290 289 289 290 291 293 295 294 292 291 289 283 281 288 303 309 298 288 288 295 301 302 297 290 289 297 304 309 309 302 296 296 295 291 288 286 290 302 308 304 304 307 305 301 297 295 299 308
312 312 311 310 310 310 310 309 308 307 307 307 307 307 306 306 306 306 306 306 306 307 307 308 309 312 315 320 319 313 311 309 304 297 291 290 290 284 280 281 284 287 288 290 291 291 293 294 292 291 292 295 296 294 295 296 295 293 291 288 285 289 299 308 303 291 287 291 296 298 292 288 293 301 308 307 308 310 301 298 300 297 291 286 288 299 311 311 305 306 306 302 298 298 303 312
313 313 312 311 310 310 309 308 308 308 307 307 307 306 306 306 306 306 306 306 306 306 307 308 309 311 315 320 318 311 308 306 301 297 292 288 282 277 280 285 289 291 293 294 294 295 297 298 298 296 297 300 301 297 295 299 301 298 296 294 291 292 298 306 305 294 287 287 290 293 294 298 303 307 310 304 308 318 307 298 303 304 297 292 291 297 311 316 309 307 307 303 299 299 301 307
313 313 312 311 310 310 309 308 308 308 307 307 307 306 306 306 306 306 306 305 306 306 307 307 308 310 314 316 313 306 302 302 301 297 292 286 284 287 287 289 291 293 296 298 298 297 298 301 302 298 297 302 307 305 302 305 309 307 302 299 296 293 291 298 304 295 287 286 287 293 300 304 305 307 308 302 309 326 316 302 304 306 300 295 291 294 305 315 314 309 308 304 298 297 298 303
314 314 313 312 310 310 309 308 308 308 307 307 307 306 306 306 306 305 305 305 305 306 306 306 307 309 311 311 309 303 300 300 300 296 291 287 291 293 292 292 295 297 299 301 301 299 300 304 305 300 296 301 310 311 306 305 309 308 301 295 291 285 280 286 299 296 287 286 290 297 302 301 297 303 305 303 312 332 323 305 302 305 302 298 293 294 304 314 315 310 309 302 295 293 296 302
316 315 314 312 311 310 310 309 308 308 307 307 307 306 306 305 306 305 305 305 305 305 306 305 306 307 308 308 308 305 301 300 300 297 295 297 297 297 297 299 301 302 302 303 304 304 305 307 308 304 299 300 308 309 302 297 298 299 293 285 280 279 280 284 293 296 290 289 296 301 301 296 296 306 306 304 316 334 324 307 300 303 301 299 299 302 308 314 313 310 308 300 291 290 296 304
317 316 315 313 311 310 310 309 308 308 308 307 306 306 306 305 305 305 305 304 305 305 305 305 305 306 306 306 308 306 302 300 300 301 304 307 306 305 306 305 303 300 300 302 305 306 304 301 301 301 296 295 300 303 297 291 288 287 283 278 278 284 287 287 289 295 297 297 301 304 301 297 301 309 308 307 319 335 328 312 304 303 300 300 303 306 310 311 309 308 306 300 293 293 301 311
318 317 315 314 312 311 310 309 308 308 308 307 306 306 305 305 305 304 304 304 304 304 304 304 304 305 305 305 306 305 302 300 301 305 309 313 311 308 306 304 299 295 296 298 299 299 295 292 294 296 294 292 295 298 294 288 283 280 278 278 282 289 292 291 292 296 302 303 304 309 309 305 307 311 310 311 323 337 329 313 305 304 304 303 303 303 302 301 302 304 304 303 298 296 302 313
318 317 315 314 312 311 310 309 308 307 307 307 306 306 305 305 304 304 304 304 304 304 304 304 303 304 304 305 305 304 302 301 302 306 310 313 310 304 301 298 296 295 295 294 292 289 289 291 295 298 296 293 292 293 288 283 280 278 280 284 288 292 295 297 297 298 301 303 306 312 311 308 308 310 309 312 326 339 325 310 305 306 306 302 298 294 294 294 296 299 302 302 299 297 300 307
