windninja/windninja_output/Output_2025-08-09_0300-0350_Google earth_Fire_150m_10min/merlingen_7.5mi_point_08-09-2025_0320_150m_vel.asc
ncols	158
nrows	163
xllcorner	391686.332397
yllcorner	5160024.123721
cellsize	150.000000
NODATA_value	-32768.000000
[rows 38 to 75 of 163, columns 0 to 83 of 158]
0.74 0.74 0.74 0.72 0.68 0.67 0.65 0.65 0.66 0.66 0.66 0.64 0.63 0.63 0.63 0.62 0.62 0.61 0.60 0.60 0.60 0.59 0.58 0.58 0.57 0.55 0.53 0.54 0.65 0.77 0.75 0.71 0.69 0.67 0.64 0.51 0.31 0.31 0.41 0.44 0.46 0.50 0.53 0.55 0.58 0.58 0.57 0.55 0.52 0.55 0.61 0.59 0.54 0.55 0.60 0.59 0.55 0.54 0.57 0.61 0.62 0.55 0.45 0.37 0.37 0.47 0.67 0.70 0.50 0.33 0.35 0.46 0.51 0.42 0.30 0.31 0.35 0.31 0.33 0.37 0.33 0.30 0.30 0.35
0.74 0.73 0.72 0.69 0.67 0.66 0.65 0.66 0.67 0.67 0.65 0.63 0.63 0.63 0.63 0.62 0.62 0.61 0.61 0.61 0.60 0.60 0.59 0.59 0.58 0.57 0.56 0.60 0.66 0.69 0.67 0.65 0.64 0.62 0.57 0.40 0.27 0.36 0.45 0.48 0.50 0.54 0.58 0.60 0.60 0.60 0.60 0.55 0.53 0.59 0.65 0.62 0.57 0.59 0.66 0.64 0.59 0.58 0.61 0.62 0.58 0.51 0.44 0.38 0.37 0.47 0.68 0.66 0.45 0.38 0.47 0.53 0.47 0.32 0.26 0.37 0.41 0.32 0.32 0.37 0.33 0.28 0.30 0.37
0.72 0.72 0.70 0.68 0.67 0.66 0.66 0.68 0.68 0.66 0.64 0.63 0.63 0.64 0.64 0.63 0.62 0.61 0.61 0.61 0.61 0.60 0.59 0.59 0.59 0.58 0.58 0.60 0.60 0.62 0.65 0.64 0.59 0.56 0.46 0.33 0.31 0.40 0.47 0.52 0.55 0.60 0.64 0.62 0.60 0.62 0.62 0.58 0.55 0.59 0.67 0.68 0.65 0.66 0.68 0.64 0.58 0.56 0.58 0.57 0.49 0.41 0.42 0.43 0.41 0.48 0.65 0.62 0.48 0.50 0.53 0.46 0.36 0.27 0.29 0.45 0.43 0.32 0.31 0.34 0.30 0.27 0.32 0.40
0.71 0.71 0.69 0.68 0.67 0.67 0.67 0.68 0.67 0.65 0.64 0.64 0.64 0.64 0.64 0.63 0.62 0.62 0.62 0.62 0.61 0.60 0.59 0.60 0.59 0.58 0.58 0.58 0.57 0.61 0.66 0.62 0.56 0.50 0.40 0.34 0.37 0.43 0.51 0.59 0.63 0.69 0.67 0.62 0.64 0.67 0.66 0.60 0.56 0.59 0.71 0.74 0.67 0.62 0.61 0.58 0.51 0.46 0.48 0.48 0.41 0.36 0.42 0.49 0.47 0.51 0.62 0.62 0.57 0.56 0.46 0.38 0.36 0.31 0.38 0.50 0.41 0.29 0.27 0.28 0.28 0.30 0.36 0.42
0.69 0.69 0.68 0.67 0.67 0.68 0.68 0.68 0.67 0.65 0.64 0.65 0.64 0.64 0.64 0.63 0.62 0.62 0.62 0.62 0.61 0.60 0.59 0.60 0.59 0.58 0.58 0.58 0.59 0.62 0.64 0.59 0.53 0.46 0.40 0.39 0.43 0.53 0.62 0.67 0.69 0.68 0.64 0.66 0.71 0.68 0.60 0.54 0.52 0.59 0.73 0.75 0.60 0.51 0.51 0.52 0.45 0.39 0.40 0.42 0.40 0.38 0.46 0.52 0.53 0.58 0.63 0.67 0.63 0.50 0.38 0.39 0.42 0.39 0.47 0.51 0.34 0.24 0.22 0.25 0.30 0.32 0.37 0.47
0.67 0.67 0.66 0.66 0.67 0.69 0.68 0.67 0.66 0.66 0.65 0.65 0.65 0.64 0.63 0.63 0.62 0.62 0.62 0.62 0.61 0.60 0.60 0.60 0.59 0.59 0.59 0.59 0.60 0.60 0.60 0.57 0.52 0.47 0.45 0.45 0.53 0.64 0.67 0.65 0.64 0.62 0.65 0.72 0.68 0.53 0.47 0.48 0.52 0.62 0.75 0.72 0.54 0.45 0.46 0.45 0.40 0.36 0.37 0.41 0.43 0.45 0.50 0.53 0.59 0.68 0.70 0.70 0.60 0.44 0.40 0.46 0.47 0.46 0.51 0.46 0.29 0.20 0.20 0.25 0.31 0.35 0.44 0.56
0.65 0.64 0.65 0.66 0.68 0.68 0.67 0.66 0.66 0.66 0.65 0.65 0.65 0.64 0.63 0.63 0.62 0.63 0.63 0.63 0.61 0.61 0.60 0.60 0.60 0.59 0.60 0.60 0.59 0.58 0.57 0.56 0.53 0.50 0.48 0.51 0.59 0.64 0.61 0.57 0.57 0.62 0.71 0.72 0.56 0.42 0.42 0.49 0.60 0.71 0.75 0.66 0.50 0.41 0.40 0.40 0.37 0.35 0.38 0.44 0.49 0.52 0.53 0.57 0.69 0.76 0.73 0.65 0.52 0.42 0.44 0.48 0.48 0.47 0.46 0.35 0.22 0.17 0.18 0.26 0.33 0.42 0.53 0.58
0.62 0.63 0.65 0.67 0.68 0.67 0.66 0.67 0.66 0.66 0.65 0.65 0.64 0.64 0.64 0.63 0.63 0.64 0.63 0.63 0.62 0.61 0.60 0.60 0.60 0.61 0.60 0.59 0.58 0.57 0.57 0.57 0.55 0.52 0.51 0.54 0.58 0.58 0.56 0.54 0.57 0.66 0.73 0.64 0.45 0.39 0.47 0.60 0.72 0.75 0.67 0.55 0.44 0.35 0.35 0.37 0.36 0.37 0.44 0.50 0.54 0.57 0.61 0.68 0.78 0.79 0.70 0.58 0.43 0.38 0.42 0.44 0.44 0.42 0.36 0.26 0.16 0.14 0.20 0.30 0.41 0.50 0.54 0.47
0.61 0.63 0.66 0.66 0.65 0.65 0.66 0.66 0.66 0.65 0.66 0.65 0.64 0.64 0.64 0.64 0.64 0.64 0.63 0.62 0.62 0.61 0.60 0.60 0.61 0.61 0.60 0.58 0.58 0.57 0.57 0.57 0.56 0.54 0.53 0.54 0.55 0.56 0.56 0.56 0.60 0.66 0.68 0.56 0.39 0.43 0.57 0.72 0.76 0.66 0.54 0.46 0.38 0.33 0.34 0.36 0.39 0.44 0.53 0.58 0.60 0.65 0.72 0.77 0.78 0.73 0.62 0.50 0.38 0.35 0.40 0.40 0.40 0.37 0.30 0.22 0.14 0.15 0.25 0.37 0.45 0.47 0.43 0.36
0.62 0.63 0.65 0.63 0.62 0.65 0.66 0.66 0.66 0.66 0.66 0.65 0.64 0.64 0.64 0.64 0.64 0.63 0.63 0.62 0.61 0.60 0.60 0.61 0.61 0.60 0.59 0.58 0.58 0.58 0.57 0.57 0.56 0.55 0.54 0.53 0.54 0.56 0.56 0.57 0.60 0.64 0.62 0.49 0.41 0.52 0.69 0.76 0.68 0.53 0.45 0.38 0.33 0.35 0.35 0.38 0.45 0.54 0.64 0.67 0.65 0.71 0.77 0.74 0.70 0.64 0.53 0.44 0.37 0.36 0.38 0.38 0.38 0.34 0.27 0.20 0.14 0.18 0.28 0.38 0.42 0.40 0.37 0.33
0.62 0.62 0.62 0.59 0.60 0.65 0.67 0.66 0.66 0.65 0.65 0.65 0.64 0.64 0.64 0.64 0.63 0.63 0.63 0.62 0.61 0.60 0.61 0.61 0.61 0.60 0.59 0.59 0.58 0.58 0.58 0.57 0.56 0.55 0.54 0.53 0.55 0.56 0.56 0.57 0.59 0.60 0.56 0.47 0.49 0.64 0.74 0.71 0.58 0.45 0.36 0.32 0.34 0.38 0.38 0.43 0.55 0.66 0.74 0.71 0.66 0.70 0.72 0.68 0.64 0.58 0.48 0.41 0.37 0.36 0.36 0.36 0.35 0.31 0.25 0.19 0.17 0.22 0.29 0.36 0.39 0.38 0.36 0.34
0.61 0.61 0.58 0.56 0.59 0.66 0.68 0.67 0.66 0.65 0.65 0.64 0.64 0.63 0.64 0.64 0.63 0.63 0.62 0.62 0.61 0.61 0.61 0.61 0.61 0.60 0.59 0.59 0.58 0.58 0.58 0.57 0.57 0.56 0.54 0.54 0.55 0.57 0.57 0.57 0.57 0.56 0.52 0.49 0.56 0.70 0.72 0.61 0.49 0.37 0.29 0.32 0.38 0.42 0.44 0.52 0.66 0.79 0.78 0.66 0.59 0.63 0.66 0.66 0.63 0.55 0.46 0.39 0.36 0.35 0.35 0.35 0.32 0.28 0.23 0.21 0.22 0.26 0.31 0.36 0.39 0.39 0.38 0.35
0.61 0.59 0.55 0.54 0.61 0.68 0.69 0.68 0.66 0.65 0.65 0.64 0.64 0.64 0.64 0.64 0.64 0.63 0.62 0.62 0.62 0.62 0.61 0.61 0.61 0.61 0.59 0.59 0.59 0.58 0.58 0.57 0.57 0.56 0.55 0.55 0.56 0.57 0.56 0.55 0.54 0.55 0.54 0.53 0.60 0.70 0.66 0.52 0.40 0.29 0.26 0.36 0.45 0.47 0.52 0.64 0.79 0.81 0.69 0.55 0.51 0.54 0.62 0.69 0.63 0.51 0.43 0.37 0.35 0.34 0.34 0.33 0.29 0.25 0.24 0.25 0.26 0.28 0.31 0.36 0.40 0.40 0.38 0.36
0.60 0.57 0.53 0.56 0.65 0.70 0.69 0.68 0.66 0.66 0.64 0.64 0.64 0.64 0.64 0.64 0.64 0.63 0.62 0.62 0.62 0.62 0.61 0.61 0.61 0.60 0.59 0.59 0.59 0.58 0.58 0.57 0.57 0.56 0.56 0.56 0.56 0.56 0.55 0.53 0.54 0.57 0.57 0.55 0.61 0.66 0.58 0.43 0.34 0.28 0.31 0.44 0.51 0.52 0.60 0.77 0.83 0.72 0.56 0.46 0.44 0.48 0.64 0.74 0.62 0.48 0.40 0.35 0.33 0.33 0.32 0.31 0.28 0.26 0.27 0.28 0.28 0.28 0.32 0.38 0.39 0.39 0.38 0.36
0.59 0.56 0.53 0.58 0.67 0.68 0.66 0.67 0.68 0.66 0.63 0.64 0.63 0.63 0.63 0.63 0.64 0.62 0.62 0.63 0.62 0.61 0.61 0.61 0.61 0.60 0.59 0.59 0.59 0.58 0.58 0.58 0.57 0.57 0.57 0.57 0.56 0.55 0.54 0.53 0.54 0.59 0.59 0.56 0.58 0.59 0.49 0.34 0.33 0.36 0.44 0.52 0.55 0.58 0.70 0.83 0.76 0.59 0.47 0.42 0.42 0.49 0.70 0.77 0.60 0.45 0.38 0.33 0.32 0.32 0.32 0.30 0.28 0.27 0.29 0.29 0.28 0.29 0.34 0.38 0.37 0.37 0.38 0.37
0.57 0.56 0.56 0.62 0.69 0.68 0.65 0.67 0.68 0.64 0.62 0.62 0.63 0.63 0.63 0.64 0.63 0.62 0.62 0.62 0.62 0.61 0.61 0.61 0.60 0.60 0.59 0.59 0.59 0.59 0.58 0.58 0.57 0.57 0.57 0.57 0.56 0.55 0.55 0.53 0.55 0.60 0.60 0.56 0.53 0.52 0.43 0.33 0.39 0.48 0.51 0.53 0.56 0.63 0.77 0.81 0.65 0.48 0.42 0.42 0.45 0.55 0.75 0.78 0.58 0.43 0.36 0.31 0.31 0.33 0.32 0.30 0.28 0.28 0.30 0.30 0.29 0.30 0.35 0.37 0.35 0.37 0.40 0.38
0.55 0.58 0.61 0.64 0.69 0.67 0.63 0.64 0.65 0.63 0.61 0.61 0.62 0.63 0.63 0.63 0.63 0.63 0.62 0.62 0.62 0.61 0.61 0.61 0.60 0.60 0.59 0.59 0.59 0.59 0.58 0.58 0.58 0.57 0.57 0.57 0.56 0.56 0.55 0.54 0.56 0.60 0.59 0.53 0.48 0.47 0.42 0.39 0.48 0.52 0.48 0.51 0.57 0.65 0.79 0.76 0.54 0.40 0.39 0.44 0.49 0.61 0.78 0.76 0.56 0.41 0.33 0.29 0.32 0.34 0.31 0.28 0.26 0.29 0.31 0.31 0.29 0.32 0.37 0.37 0.36 0.39 0.41 0.39
0.55 0.58 0.61 0.61 0.63 0.62 0.59 0.59 0.62 0.63 0.61 0.61 0.62 0.63 0.62 0.62 0.62 0.62 0.62 0.62 0.62 0.61 0.61 0.61 0.60 0.60 0.59 0.59 0.59 0.59 0.58 0.58 0.58 0.57 0.57 0.57 0.56 0.56 0.55 0.55 0.56 0.57 0.55 0.50 0.47 0.46 0.45 0.46 0.51 0.49 0.44 0.53 0.59 0.65 0.80 0.70 0.44 0.37 0.41 0.48 0.56 0.68 0.79 0.73 0.54 0.39 0.31 0.28 0.31 0.33 0.28 0.24 0.27 0.31 0.32 0.31 0.30 0.35 0.39 0.38 0.38 0.41 0.41 0.38
0.56 0.58 0.59 0.57 0.57 0.59 0.57 0.57 0.60 0.64 0.63 0.61 0.62 0.63 0.62 0.62 0.63 0.62 0.62 0.61 0.61 0.62 0.61 0.61 0.60 0.60 0.60 0.59 0.59 0.59 0.58 0.58 0.58 0.57 0.57 0.57 0.56 0.56 0.56 0.55 0.55 0.55 0.53 0.51 0.49 0.49 0.49 0.50 0.50 0.45 0.43 0.55 0.59 0.66 0.79 0.62 0.38 0.37 0.44 0.54 0.64 0.72 0.76 0.69 0.51 0.35 0.28 0.26 0.28 0.27 0.23 0.26 0.32 0.33 0.33 0.31 0.33 0.39 0.41 0.40 0.39 0.40 0.40 0.38
0.56 0.57 0.57 0.57 0.57 0.59 0.59 0.58 0.60 0.67 0.66 0.62 0.62 0.62 0.61 0.62 0.63 0.62 0.62 0.61 0.62 0.62 0.61 0.61 0.60 0.60 0.60 0.59 0.59 0.59 0.58 0.58 0.58 0.57 0.57 0.57 0.56 0.56 0.56 0.55 0.55 0.54 0.53 0.52 0.51 0.51 0.51 0.49 0.48 0.42 0.42 0.53 0.58 0.67 0.76 0.56 0.36 0.41 0.51 0.61 0.68 0.71 0.71 0.65 0.50 0.33 0.26 0.24 0.24 0.23 0.25 0.32 0.35 0.34 0.34 0.33 0.36 0.42 0.42 0.40 0.39 0.38 0.38 0.36
0.56 0.56 0.56 0.57 0.57 0.58 0.60 0.60 0.63 0.69 0.66 0.60 0.60 0.61 0.62 0.62 0.62 0.62 0.62 0.61 0.62 0.61 0.61 0.61 0.60 0.59 0.60 0.59 0.59 0.59 0.58 0.58 0.58 0.57 0.57 0.57 0.56 0.56 0.56 0.55 0.55 0.54 0.53 0.52 0.52 0.52 0.50 0.48 0.46 0.41 0.40 0.50 0.60 0.69 0.73 0.53 0.38 0.46 0.59 0.65 0.67 0.66 0.66 0.62 0.50 0.34 0.25 0.22 0.21 0.25 0.31 0.35 0.35 0.35 0.36 0.36 0.40 0.44 0.42 0.39 0.36 0.36 0.36 0.34
0.55 0.55 0.55 0.55 0.56 0.57 0.60 0.62 0.65 0.67 0.62 0.57 0.57 0.62 0.64 0.63 0.62 0.62 0.62 0.61 0.61 0.61 0.62 0.61 0.60 0.59 0.59 0.59 0.59 0.59 0.58 0.58 0.58 0.58 0.57 0.57 0.56 0.56 0.56 0.55 0.55 0.54 0.53 0.53 0.52 0.51 0.50 0.48 0.46 0.43 0.41 0.49 0.63 0.69 0.68 0.51 0.41 0.52 0.63 0.65 0.63 0.62 0.62 0.59 0.50 0.36 0.26 0.20 0.20 0.29 0.34 0.35 0.37 0.38 0.38 0.38 0.43 0.44 0.40 0.35 0.33 0.33 0.33 0.31
0.53 0.53 0.53 0.54 0.55 0.57 0.59 0.62 0.64 0.64 0.61 0.57 0.58 0.64 0.65 0.63 0.62 0.62 0.62 0.61 0.61 0.62 0.62 0.61 0.59 0.59 0.59 0.59 0.59 0.59 0.58 0.58 0.58 0.58 0.57 0.57 0.56 0.56 0.56 0.55 0.55 0.54 0.53 0.53 0.52 0.51 0.50 0.49 0.48 0.45 0.44 0.50 0.61 0.67 0.62 0.49 0.47 0.59 0.65 0.62 0.60 0.58 0.57 0.56 0.49 0.39 0.27 0.17 0.21 0.32 0.35 0.36 0.39 0.41 0.39 0.40 0.44 0.41 0.35 0.32 0.31 0.32 0.32 0.29
0.52 0.52 0.52 0.53 0.55 0.57 0.59 0.63 0.65 0.64 0.62 0.60 0.62 0.64 0.63 0.63 0.62 0.62 0.62 0.61 0.61 0.62 0.61 0.60 0.59 0.59 0.59 0.59 0.59 0.59 0.58 0.58 0.58 0.57 0.57 0.57 0.56 0.56 0.56 0.55 0.55 0.54 0.53 0.53 0.52 0.52 0.51 0.50 0.49 0.47 0.45 0.48 0.58 0.64 0.57 0.48 0.54 0.62 0.63 0.59 0.56 0.53 0.53 0.53 0.48 0.40 0.27 0.17 0.25 0.35 0.37 0.39 0.42 0.42 0.40 0.41 0.41 0.36 0.32 0.31 0.30 0.30 0.30 0.28
0.50 0.50 0.51 0.53 0.55 0.57 0.61 0.65 0.66 0.65 0.63 0.61 0.62 0.61 0.60 0.62 0.63 0.63 0.62 0.61 0.61 0.61 0.60 0.59 0.58 0.59 0.60 0.60 0.59 0.59 0.58 0.58 0.58 0.57 0.57 0.57 0.56 0.56 0.56 0.55 0.55 0.54 0.54 0.53 0.52 0.52 0.52 0.51 0.50 0.49 0.46 0.47 0.56 0.60 0.52 0.49 0.59 0.64 0.61 0.57 0.53 0.51 0.52 0.51 0.46 0.39 0.26 0.21 0.31 0.38 0.38 0.41 0.44 0.42 0.40 0.39 0.37 0.33 0.31 0.30 0.29 0.29 0.28 0.28
0.47 0.48 0.50 0.53 0.56 0.59 0.63 0.66 0.65 0.64 0.63 0.62 0.61 0.60 0.60 0.61 0.63 0.63 0.62 0.61 0.61 0.60 0.59 0.59 0.58 0.59 0.60 0.60 0.59 0.58 0.58 0.58 0.58 0.57 0.57 0.57 0.56 0.56 0.56 0.55 0.55 0.54 0.54 0.53 0.53 0.52 0.52 0.51 0.50 0.49 0.48 0.49 0.55 0.56 0.49 0.51 0.62 0.64 0.59 0.56 0.53 0.51 0.49 0.46 0.44 0.37 0.27 0.29 0.37 0.39 0.39 0.42 0.45 0.42 0.39 0.36 0.34 0.33 0.31 0.29 0.28 0.27 0.28 0.31
0.44 0.46 0.49 0.53 0.57 0.60 0.62 0.64 0.64 0.63 0.64 0.64 0.62 0.60 0.60 0.61 0.63 0.63 0.62 0.62 0.61 0.59 0.59 0.58 0.58 0.59 0.61 0.60 0.58 0.59 0.58 0.58 0.58 0.57 0.57 0.57 0.56 0.56 0.56 0.55 0.55 0.54 0.54 0.53 0.53 0.52 0.52 0.51 0.51 0.50 0.50 0.50 0.53 0.55 0.48 0.49 0.61 0.64 0.60 0.58 0.52 0.45 0.41 0.42 0.43 0.37 0.32 0.37 0.40 0.39 0.40 0.44 0.46 0.42 0.36 0.34 0.34 0.33 0.29 0.27 0.27 0.27 0.30 0.36
0.42 0.45 0.51 0.55 0.58 0.60 0.61 0.62 0.63 0.62 0.64 0.67 0.62 0.58 0.59 0.61 0.62 0.62 0.61 0.62 0.61 0.59 0.58 0.59 0.58 0.59 0.61 0.59 0.59 0.59 0.58 0.58 0.58 0.57 0.57 0.57 0.56 0.56 0.56 0.55 0.55 0.54 0.54 0.53 0.53 0.53 0.52 0.52 0.51 0.51 0.51 0.51 0.52 0.53 0.48 0.49 0.59 0.64 0.62 0.57 0.45 0.33 0.34 0.43 0.46 0.42 0.40 0.41 0.40 0.40 0.40 0.44 0.46 0.40 0.35 0.34 0.35 0.32 0.27 0.25 0.27 0.29 0.35 0.42
0.41 0.45 0.52 0.56 0.59 0.62 0.61 0.62 0.64 0.65 0.68 0.69 0.62 0.58 0.59 0.61 0.60 0.60 0.60 0.63 0.62 0.59 0.59 0.59 0.59 0.60 0.61 0.59 0.59 0.59 0.58 0.58 0.58 0.57 0.57 0.57 0.56 0.56 0.56 0.55 0.55 0.54 0.54 0.54 0.53 0.53 0.52 0.52 0.52 0.51 0.51 0.51 0.52 0.52 0.50 0.51 0.57 0.62 0.61 0.54 0.37 0.27 0.37 0.48 0.50 0.47 0.43 0.40 0.39 0.40 0.40 0.44 0.45 0.39 0.35 0.34 0.33 0.29 0.24 0.24 0.29 0.36 0.45 0.55
0.42 0.47 0.54 0.56 0.61 0.66 0.63 0.60 0.64 0.69 0.71 0.67 0.63 0.60 0.59 0.58 0.59 0.60 0.61 0.63 0.62 0.58 0.59 0.60 0.59 0.59 0.59 0.59 0.59 0.59 0.58 0.58 0.58 0.57 0.57 0.57 0.56 0.56 0.56 0.55 0.55 0.54 0.54 0.54 0.53 0.53 0.53 0.52 0.52 0.52 0.51 0.51 0.51 0.51 0.51 0.52 0.55 0.57 0.57 0.51 0.36 0.32 0.42 0.50 0.51 0.47 0.42 0.38 0.39 0.40 0.40 0.43 0.44 0.39 0.35 0.33 0.31 0.27 0.24 0.28 0.37 0.46 0.58 0.63
0.47 0.53 0.60 0.62 0.69 0.73 0.65 0.58 0.64 0.72 0.72 0.66 0.63 0.61 0.58 0.57 0.60 0.61 0.62 0.62 0.59 0.58 0.60 0.61 0.58 0.56 0.57 0.59 0.59 0.59 0.58 0.58 0.58 0.57 0.57 0.57 0.56 0.56 0.56 0.55 0.55 0.54 0.54 0.54 0.53 0.53 0.53 0.52 0.52 0.52 0.52 0.51 0.51 0.51 0.51 0.52 0.52 0.52 0.53 0.50 0.40 0.38 0.45 0.50 0.50 0.45 0.41 0.40 0.40 0.40 0.40 0.42 0.44 0.39 0.33 0.31 0.29 0.26 0.26 0.33 0.43 0.52 0.60 0.55
0.51 0.55 0.62 0.66 0.73 0.73 0.62 0.57 0.69 0.79 0.77 0.69 0.66 0.63 0.59 0.58 0.60 0.62 0.61 0.58 0.57 0.58 0.60 0.61 0.56 0.51 0.56 0.61 0.61 0.60 0.59 0.58 0.58 0.57 0.57 0.57 0.56 0.56 0.56 0.55 0.55 0.54 0.54 0.54 0.53 0.53 0.53 0.52 0.52 0.52 0.52 0.51 0.51 0.51 0.51 0.51 0.51 0.50 0.50 0.49 0.44 0.42 0.47 0.50 0.47 0.43 0.42 0.42 0.41 0.39 0.38 0.42 0.44 0.38 0.32 0.31 0.29 0.27 0.28 0.36 0.45 0.51 0.52 0.49
0.54 0.55 0.59 0.62 0.66 0.64 0.54 0.55 0.72 0.82 0.75 0.65 0.63 0.61 0.58 0.57 0.58 0.60 0.59 0.57 0.57 0.58 0.59 0.60 0.51 0.46 0.58 0.65 0.63 0.61 0.59 0.58 0.58 0.57 0.57 0.56 0.56 0.56 0.56 0.55 0.55 0.54 0.54 0.54 0.53 0.53 0.53 0.52 0.52 0.52 0.52 0.51 0.51 0.51 0.51 0.50 0.50 0.50 0.49 0.48 0.46 0.45 0.47 0.47 0.44 0.42 0.43 0.43 0.41 0.38 0.37 0.43 0.45 0.36 0.31 0.30 0.29 0.29 0.30 0.36 0.43 0.45 0.44 0.52
0.55 0.55 0.58 0.60 0.61 0.60 0.54 0.55 0.71 0.78 0.62 0.52 0.53 0.53 0.53 0.53 0.54 0.58 0.58 0.56 0.56 0.57 0.59 0.58 0.48 0.46 0.59 0.68 0.65 0.61 0.60 0.59 0.58 0.57 0.56 0.56 0.56 0.56 0.55 0.55 0.55 0.54 0.54 0.54 0.53 0.53 0.53 0.52 0.52 0.52 0.52 0.51 0.51 0.51 0.50 0.50 0.50 0.49 0.48 0.47 0.47 0.46 0.46 0.45 0.44 0.43 0.43 0.42 0.40 0.37 0.38 0.44 0.43 0.33 0.29 0.29 0.31 0.30 0.30 0.33 0.36 0.39 0.44 0.61
0.55 0.56 0.58 0.59 0.59 0.60 0.59 0.61 0.69 0.70 0.55 0.50 0.51 0.51 0.51 0.51 0.53 0.57 0.57 0.55 0.55 0.58 0.60 0.58 0.51 0.49 0.58 0.67 0.66 0.62 0.60 0.59 0.59 0.57 0.56 0.56 0.56 0.56 0.55 0.55 0.55 0.54 0.54 0.54 0.53 0.53 0.53 0.52 0.52 0.52 0.52 0.51 0.51 0.51 0.50 0.50 0.49 0.49 0.48 0.47 0.47 0.46 0.46 0.45 0.44 0.43 0.42 0.41 0.40 0.39 0.40 0.43 0.41 0.31 0.28 0.30 0.32 0.31 0.27 0.28 0.32 0.39 0.52 0.69
0.57 0.58 0.59 0.57 0.58 0.61 0.62 0.64 0.66 0.62 0.55 0.54 0.54 0.53 0.53 0.53 0.55 0.57 0.57 0.55 0.57 0.59 0.60 0.58 0.53 0.50 0.56 0.63 0.65 0.64 0.61 0.59 0.60 0.59 0.57 0.56 0.56 0.55 0.55 0.55 0.54 0.54 0.54 0.54 0.53 0.53 0.53 0.53 0.52 0.52 0.52 0.51 0.51 0.51 0.50 0.50 0.49 0.49 0.48 0.47 0.47 0.46 0.46 0.45 0.44 0.43 0.42 0.41 0.41 0.41 0.40 0.40 0.37 0.30 0.28 0.31 0.32 0.30 0.25 0.26 0.33 0.45 0.62 0.68
0.58 0.59 0.58 0.56 0.58 0.62 0.62 0.63 0.63 0.59 0.57 0.57 0.56 0.55 0.56 0.56 0.56 0.57 0.57 0.57 0.58 0.59 0.59 0.58 0.53 0.50 0.54 0.60 0.64 0.65 0.62 0.60 0.61 0.61 0.58 0.55 0.55 0.55 0.55 0.55 0.54 0.54 0.54 0.53 0.53 0.53 0.53 0.53 0.52 0.52 0.52 0.51 0.51 0.51 0.50 0.50 0.49 0.49 0.48 0.47 0.47 0.46 0.46 0.45 0.44 0.43 0.42 0.42 0.41 0.41 0.39 0.37 0.35 0.31 0.31 0.33 0.33 0.29 0.24 0.26 0.38 0.56 0.66 0.57
0.57 0.58 0.57 0.55 0.57 0.62 0.63 0.62 0.61 0.59 0.58 0.58 0.57 0.57 0.57 0.57 0.57 0.58 0.58 0.58 0.58 0.59 0.58 0.57 0.54 0.50 0.52 0.57 0.61 0.64 0.64 0.62 0.62 0.62 0.58 0.55 0.54 0.55 0.55 0.54 0.54 0.54 0.53 0.53 0.53 0.53 0.53 0.53 0.52 0.52 0.52 0.51 0.51 0.50 0.50 0.50 0.49 0.49 0.48 0.47 0.47 0.46 0.46 0.45 0.44 0.43 0.43 0.42 0.41 0.40 0.39 0.37 0.36 0.33 0.33 0.34 0.32 0.28 0.24 0.30 0.49 0.62 0.59 0.41
