windninja/windninja_output/Output_2025-08-09_0300-0350_Google earth_Fire_150m_10min/merlingen_7.5mi_point_08-09-2025_0330_150m_ang.asc
ncols	158
nrows	163
xllcorner	391686.332397
yllcorner	5160024.123721
cellsize	150.000000
NODATA_value	-32768.000000
[rows 0 to 46 of 163, columns 0 to 95 of 158]
116 114 112 113 114 116 117 114 111 112 112 105 89 75 75 83 92 97 101 110 119 116 106 103 106 110 110 104 102 103 102 100 99 97 96 99 102 101 100 100 97 96 97 98 100 103 106 108 109 109 110 110 110 111 110 106 102 100 101 103 102 100 97 95 93 91 91 93 98 101 102 99 96 93 92 93 93 92 93 95 94 89 86 88 89 87 82 79 79 77 74 74 74 71 68 67
118 116 115 115 114 115 115 112 110 110 111 108 98 87 86 90 98 104 109 113 119 121 115 108 107 108 110 108 105 103 102 101 100 100 100 101 102 104 104 104 103 102 102 103 105 107 108 111 112 111 110 109 108 107 106 104 103 102 102 103 103 101 99 98 97 95 94 95 98 101 101 100 97 96 96 95 93 93 95 96 93 90 89 88 88 88 86 83 81 80 79 79 77 75 73 72
122 119 118 118 116 114 113 112 112 113 116 119 116 107 101 102 107 112 115 116 119 125 125 117 109 107 109 111 108 105 104 104 104 105 106 106 106 107 108 109 109 109 109 109 111 112 112 113 114 114 111 110 107 104 104 105 105 105 104 103 104 104 103 102 102 101 99 98 98 100 101 100 100 100 99 97 95 95 97 97 94 91 91 90 89 92 93 88 85 85 86 86 85 84 83 82
123 119 118 119 117 118 119 118 120 122 124 128 125 117 111 109 111 114 114 114 116 121 126 124 115 112 112 112 112 110 108 107 107 109 110 110 109 108 109 111 113 114 114 114 114 115 115 114 113 114 114 112 109 107 107 107 107 106 105 104 105 105 105 103 103 103 101 100 99 100 100 100 101 100 99 99 99 97 96 96 95 92 91 92 92 94 96 94 90 89 90 91 92 92 91 92
122 119 118 119 118 121 123 122 123 124 126 131 130 122 116 112 110 112 112 111 112 117 125 129 122 117 117 117 117 116 114 112 112 113 113 112 111 111 112 115 117 118 117 117 117 116 115 114 113 113 112 111 109 108 107 107 106 106 106 105 105 105 105 104 104 104 103 101 100 100 100 100 100 100 99 99 100 99 96 95 95 94 93 94 94 95 99 101 99 96 93 94 98 100 100 102
121 120 119 119 119 122 123 122 121 121 124 129 132 124 116 112 109 107 108 107 109 113 122 130 127 121 119 118 118 119 118 116 115 115 116 115 115 117 118 119 120 120 118 117 115 114 113 113 112 110 109 108 108 107 106 106 106 107 107 107 106 106 106 105 105 105 104 102 100 100 99 99 101 102 101 99 100 101 98 93 93 96 97 96 95 95 98 104 105 104 102 100 102 106 107 106
120 120 120 120 120 121 121 120 120 120 124 129 133 126 116 112 109 107 107 109 109 111 118 127 128 123 119 118 119 119 119 117 116 116 117 118 119 120 119 119 119 118 115 113 112 111 111 110 110 109 108 107 107 106 106 106 107 107 108 108 109 109 108 106 105 105 105 103 102 101 101 101 103 104 104 102 100 100 98 93 94 99 100 98 97 95 96 102 107 109 108 106 104 104 105 104
119 119 120 120 119 119 118 117 118 120 125 130 134 128 117 113 112 110 110 111 111 111 115 123 127 126 122 120 120 119 118 116 115 115 115 117 118 117 116 115 114 113 111 110 109 110 109 109 109 108 108 108 108 106 105 106 108 109 110 111 112 112 110 107 105 105 105 104 103 103 104 103 102 103 104 102 100 97 95 94 96 100 103 101 99 97 98 102 106 110 111 109 106 104 104 107
119 119 119 120 119 117 115 114 117 121 125 130 134 130 120 114 114 113 111 111 112 112 114 120 127 130 127 122 121 120 117 116 115 114 113 113 112 112 110 109 108 108 108 108 108 109 108 108 108 109 109 108 108 106 105 107 110 110 111 111 110 110 109 106 103 103 105 106 104 103 104 102 100 100 101 101 99 95 93 95 98 102 106 106 105 104 104 105 110 114 116 114 111 111 112 112
119 118 118 119 119 117 116 116 119 122 125 129 132 130 121 115 114 115 115 114 113 113 114 119 125 130 130 124 123 122 118 116 116 114 111 110 109 108 106 105 105 106 107 107 107 107 108 107 108 110 109 107 107 108 107 107 109 109 107 105 103 105 107 105 103 104 105 106 104 101 100 100 100 100 100 99 97 96 98 100 102 104 108 111 109 109 108 110 114 117 116 116 116 117 116 111
119 119 118 118 119 119 118 119 121 123 124 127 131 130 123 116 115 115 117 117 116 115 116 118 123 128 132 128 123 122 117 115 115 113 109 107 106 106 105 106 106 106 106 106 104 105 107 106 104 106 107 106 107 108 106 103 102 101 99 97 97 99 101 104 106 106 105 103 101 98 97 100 101 101 99 97 96 100 107 108 106 104 106 110 111 112 112 111 112 113 110 110 113 114 111 107
120 119 118 118 119 119 120 120 122 123 124 126 129 130 125 119 117 116 117 118 116 116 115 117 121 124 128 125 121 118 114 111 112 111 108 105 104 105 106 107 106 105 105 104 103 102 102 101 97 98 101 102 101 100 99 97 94 93 91 90 90 91 97 104 106 105 103 100 99 101 101 101 101 103 102 102 103 107 113 114 110 106 107 110 114 117 115 109 109 113 109 105 107 111 110 106
119 119 119 119 119 120 120 121 121 122 123 125 128 129 125 119 118 118 117 117 117 116 114 114 114 115 118 119 116 114 113 111 111 110 107 104 104 106 107 107 106 105 104 103 100 98 94 91 89 92 96 96 95 93 94 94 92 89 84 82 85 89 95 102 105 104 102 101 106 108 105 101 102 107 111 112 111 111 114 116 114 110 110 111 113 116 113 108 109 114 109 103 103 108 107 102
119 119 119 119 120 120 120 121 121 122 123 124 127 128 124 118 116 118 118 116 116 114 111 108 107 109 113 115 115 114 112 111 110 109 108 106 106 107 107 106 104 101 97 95 93 90 87 84 86 90 93 93 92 91 92 95 94 89 83 82 88 94 99 103 105 103 102 105 113 115 109 105 106 111 115 114 111 109 109 111 112 113 112 110 108 109 109 104 102 107 106 100 98 100 100 97
119 119 119 120 120 120 120 121 121 122 123 124 127 130 126 119 117 118 119 115 113 111 108 105 105 108 113 114 114 113 110 110 110 110 111 109 107 104 102 99 95 89 85 86 88 87 88 91 90 88 91 95 95 94 95 98 100 98 93 92 96 101 105 107 106 105 107 109 114 120 119 113 110 111 112 112 109 106 102 105 110 112 110 106 102 102 103 98 94 95 98 94 90 91 93 94
119 119 119 120 120 120 120 120 121 121 122 124 127 131 129 121 118 119 119 116 113 111 110 107 107 110 114 114 113 113 113 112 113 112 110 105 100 95 91 88 86 84 85 90 94 93 95 99 97 92 95 100 104 105 104 103 104 108 107 102 103 106 109 110 106 106 110 112 114 123 126 118 111 109 109 111 108 103 103 106 110 110 106 102 98 96 94 91 87 86 89 90 89 89 91 94
119 119 120 120 120 120 120 121 121 121 122 124 125 129 129 122 117 117 118 117 115 113 112 111 110 111 114 115 114 115 115 112 109 104 97 93 92 90 88 89 90 94 98 98 99 100 99 100 103 104 104 106 109 109 106 103 102 109 113 109 107 108 109 111 108 105 109 113 115 120 125 120 112 112 113 111 108 106 109 109 107 104 101 96 93 90 86 83 86 90 92 91 90 90 92 93
119 119 120 120 120 120 121 121 121 122 122 123 124 126 127 121 116 115 116 116 114 113 112 112 111 110 111 114 115 113 110 105 98 92 90 93 96 97 97 99 100 102 102 100 99 101 102 104 108 111 111 110 109 106 104 102 102 107 114 112 109 108 109 111 110 107 108 112 113 114 119 122 118 117 118 115 113 112 108 103 97 96 94 90 86 85 84 84 90 99 101 95 92 92 92 91
120 120 120 120 120 121 121 121 122 122 122 122 123 124 124 121 116 114 112 111 111 111 111 111 109 108 109 111 111 108 103 98 94 94 95 97 99 101 102 102 102 102 101 101 100 101 105 110 110 109 109 110 108 106 105 106 106 107 111 112 108 107 108 110 111 110 108 108 109 111 117 123 121 119 119 117 113 107 98 91 91 92 92 90 87 87 88 91 94 100 105 101 96 95 93 91
120 120 120 120 121 121 121 121 121 122 121 121 122 122 122 120 116 113 111 110 111 111 112 111 110 110 109 109 109 106 103 99 96 96 96 97 99 103 105 105 105 105 103 103 104 106 109 111 110 106 106 108 109 110 110 110 108 107 108 109 106 103 105 109 110 109 107 106 110 115 120 123 120 117 119 118 110 100 93 91 93 95 98 98 96 92 92 92 93 98 106 108 100 97 96 94
120 120 120 121 121 121 121 121 121 121 121 121 121 122 121 119 117 115 114 113 113 113 113 113 112 111 110 109 108 107 105 102 99 100 103 104 106 109 111 110 108 106 104 104 107 108 108 108 109 107 106 108 111 113 113 110 109 107 106 106 104 102 104 109 110 110 110 111 114 117 119 119 116 114 117 119 112 103 98 98 100 102 102 103 102 97 93 91 94 99 106 110 101 97 97 98
120 120 121 121 121 121 121 121 121 122 122 121 121 121 120 119 118 117 116 115 115 115 114 114 113 111 110 109 108 108 108 108 106 108 111 111 110 111 112 109 107 105 105 106 107 106 106 108 110 109 108 109 111 113 113 111 110 108 106 103 103 102 105 109 111 112 115 116 116 116 114 111 109 110 114 120 118 108 102 100 102 102 101 104 106 101 96 94 97 101 106 111 103 97 99 101
120 120 121 121 121 122 121 121 121 121 122 121 121 121 121 120 119 118 117 117 116 116 115 115 114 112 111 109 108 109 111 114 113 112 111 110 107 105 105 106 106 106 105 105 105 106 109 111 112 111 109 109 109 110 112 113 112 111 108 103 102 103 104 110 115 118 120 118 114 110 107 106 106 108 114 123 125 115 106 101 99 99 100 103 108 106 103 100 100 101 105 110 104 98 99 102
120 121 121 121 121 122 121 121 121 121 122 122 121 121 121 120 120 119 118 118 117 117 116 116 114 113 110 108 107 108 113 116 114 109 107 105 103 102 103 106 107 107 106 104 106 111 112 111 111 110 109 108 109 110 113 114 113 112 112 106 102 102 104 112 119 122 121 116 109 103 101 102 105 110 115 123 127 118 110 102 97 96 98 100 106 109 110 105 101 100 103 106 101 98 99 101
121 121 121 121 121 121 121 121 121 121 122 122 121 121 121 121 120 119 119 118 118 117 117 116 115 113 109 105 104 108 113 115 113 109 105 103 102 102 105 107 109 109 109 109 111 112 110 108 108 109 108 108 110 111 113 114 114 112 112 108 103 103 108 114 118 118 114 107 98 94 96 102 109 113 115 117 119 118 114 107 100 98 98 97 101 108 111 107 102 100 102 103 100 98 99 100
121 121 121 121 121 122 122 121 121 121 121 122 122 121 121 121 120 120 119 118 118 117 117 117 116 114 109 105 105 108 112 113 114 112 109 105 103 103 106 110 111 112 113 112 111 109 107 106 107 109 109 108 109 110 112 115 115 111 109 108 107 110 114 116 116 114 109 101 92 91 98 108 113 114 114 113 110 114 118 115 109 104 100 98 99 105 110 108 104 102 104 107 101 99 99 99
121 121 121 122 122 122 122 122 121 122 121 121 121 121 121 120 120 120 119 119 118 118 118 118 118 116 113 107 106 108 110 112 113 114 112 108 104 103 107 113 114 115 115 113 110 110 108 108 109 111 110 108 108 110 114 118 116 108 107 111 114 116 116 115 112 108 104 97 92 95 104 112 115 114 116 115 105 108 118 123 116 109 105 102 101 103 107 105 102 102 107 114 106 99 98 98
122 122 122 122 122 122 122 122 122 122 121 121 121 121 121 120 120 120 119 119 119 119 120 120 120 121 119 112 109 108 109 110 113 114 114 111 108 105 107 114 117 116 117 115 114 116 113 110 109 112 112 110 110 113 117 123 120 110 112 117 116 115 114 111 105 100 96 94 97 102 107 111 114 114 118 119 106 104 113 123 121 115 110 108 105 102 100 98 97 98 105 115 113 103 98 98
122 122 122 122 122 122 122 122 122 122 121 121 121 121 121 121 120 120 120 120 120 120 120 121 123 126 126 119 114 111 109 110 113 115 117 120 117 111 111 117 120 120 120 119 119 120 117 112 109 113 117 114 112 113 116 126 128 116 113 116 116 114 111 108 103 99 96 97 103 107 108 110 112 113 116 117 109 102 104 115 122 121 115 110 105 99 95 96 95 94 98 109 116 110 103 101
122 122 122 122 122 122 122 122 122 122 121 121 121 121 121 121 121 121 121 120 120 120 121 122 125 129 129 123 118 115 111 109 112 116 123 131 130 120 116 121 125 124 124 122 122 123 120 118 115 117 121 118 113 111 113 124 130 117 111 112 114 112 106 102 100 99 101 104 106 109 110 109 108 107 112 116 112 102 99 106 118 124 118 109 102 98 98 100 98 93 93 100 111 113 109 105
123 123 123 122 122 122 123 122 122 122 122 121 121 121 121 121 121 121 121 120 120 121 122 123 126 129 128 124 119 114 108 106 110 118 126 137 136 125 120 123 126 125 125 122 122 124 122 121 118 117 118 116 111 107 107 115 120 114 109 107 108 108 100 92 94 100 106 107 104 106 108 105 101 104 114 118 114 104 98 102 113 123 119 111 106 104 104 104 100 94 90 91 99 108 109 107
123 123 124 123 122 123 123 123 122 122 122 121 121 121 121 121 121 121 121 121 121 122 122 124 126 129 129 126 122 116 110 110 113 116 123 137 136 125 121 122 122 121 120 117 117 120 119 117 113 109 109 109 106 102 100 105 109 109 108 105 104 104 96 89 94 104 112 110 103 103 104 102 103 111 118 119 114 107 100 101 108 118 119 113 110 108 105 101 96 92 89 87 89 98 105 107
123 123 124 123 122 123 123 123 122 122 122 121 121 121 121 121 121 121 121 121 121 122 123 124 126 129 130 130 132 128 121 118 116 112 116 132 133 122 118 117 115 115 115 113 113 114 113 110 106 104 104 104 104 101 97 102 108 106 105 103 101 102 98 92 96 105 116 115 105 101 103 107 112 118 122 121 118 110 103 100 103 109 112 113 110 107 103 99 95 92 90 88 87 93 102 109
124 124 124 123 122 123 123 123 122 122 122 121 121 121 120 121 121 121 121 121 121 122 124 125 126 129 130 133 136 132 124 118 114 109 111 126 132 121 115 114 112 112 112 110 109 110 108 105 102 102 103 103 103 101 98 102 108 106 101 98 99 105 108 100 97 103 113 117 108 103 106 113 115 119 122 123 121 116 107 99 96 99 104 110 112 108 103 101 98 94 91 90 92 96 103 112
125 125 124 123 123 123 124 123 122 122 122 121 121 121 120 121 121 121 121 121 122 122 124 125 126 128 130 133 135 130 121 115 113 111 111 121 131 121 114 113 110 108 106 104 103 105 104 101 101 102 102 101 101 101 100 102 107 107 100 95 96 106 117 109 98 98 106 114 113 110 111 113 112 115 119 121 122 118 109 98 92 93 98 104 111 111 103 102 102 96 93 95 98 102 106 112
125 125 125 124 124 124 124 123 122 122 122 121 121 120 120 120 120 120 121 121 122 122 124 124 125 127 129 133 134 128 122 119 118 116 113 116 124 119 111 108 104 100 100 101 102 103 104 103 104 104 102 102 102 103 105 106 106 106 102 96 95 102 117 116 102 96 101 110 116 116 113 108 105 108 113 118 119 113 106 100 95 92 92 95 102 111 107 102 103 102 100 100 100 100 104 109
126 126 125 124 124 124 124 123 122 122 121 121 121 120 120 120 120 120 121 121 121 122 123 123 125 127 129 133 133 128 126 125 121 117 111 109 112 111 104 99 98 98 100 102 104 105 106 107 106 104 104 105 106 107 109 109 107 105 103 98 96 101 114 120 109 99 99 107 114 115 108 100 99 105 113 116 116 109 104 105 102 95 89 87 93 107 114 106 104 107 106 102 99 99 103 110
127 127 126 124 124 124 123 123 122 121 121 121 121 121 121 121 121 121 121 121 121 122 122 123 125 127 130 135 135 130 128 126 120 114 108 105 103 97 94 96 99 102 104 105 106 107 108 109 107 106 107 110 110 109 109 110 109 106 104 102 99 102 111 120 115 103 100 104 108 107 100 98 104 111 115 113 115 114 105 105 107 101 93 87 91 102 116 114 107 108 108 103 100 102 106 109
127 127 126 125 124 123 123 122 122 122 122 122 121 121 120 120 120 121 121 121 121 122 122 123 124 127 131 136 134 128 125 123 118 113 108 103 95 91 95 100 104 107 108 109 109 110 112 113 112 110 112 115 116 111 110 114 115 111 108 106 103 103 108 116 116 106 101 101 102 100 101 108 113 115 114 109 116 125 108 102 107 107 98 93 94 100 112 119 112 109 108 104 104 105 104 101
127 127 126 125 124 123 123 122 122 122 122 121 121 120 120 120 120 120 120 120 121 121 122 122 123 126 130 133 130 123 119 119 118 114 108 100 96 100 102 103 106 109 111 114 113 112 113 116 116 113 112 117 121 119 116 119 122 119 114 110 106 101 99 106 114 108 101 100 98 101 110 114 114 111 107 109 118 134 118 102 102 103 101 99 97 98 106 118 116 110 106 105 104 103 99 98
128 128 127 125 124 124 123 123 122 122 122 121 121 121 120 121 121 120 120 120 121 121 122 122 123 125 127 128 126 121 118 118 117 113 107 102 105 107 106 107 109 112 115 117 116 114 115 119 120 115 111 116 125 126 120 118 122 121 114 107 101 93 88 95 108 108 101 99 101 108 113 111 106 106 108 111 121 141 127 105 97 97 100 101 99 100 107 116 116 110 107 103 100 97 98 100
129 129 128 127 125 124 124 123 122 122 122 122 121 121 121 121 121 120 120 121 121 121 121 121 122 123 124 125 125 122 118 117 117 114 112 112 112 112 112 114 116 117 118 119 119 120 120 121 123 119 114 116 124 125 117 111 112 112 106 98 92 89 89 93 102 107 102 101 107 111 110 104 104 112 113 113 123 141 127 106 97 97 99 100 102 105 110 113 112 111 108 101 93 92 98 102
130 130 129 127 126 125 124 124 122 123 123 122 122 121 121 121 121 120 120 120 120 121 121 121 121 122 122 123 125 123 119 118 118 118 120 122 121 121 122 121 118 116 116 118 121 122 119 116 116 116 112 111 116 118 113 106 102 100 97 92 91 95 99 97 99 105 108 108 110 111 105 103 108 116 117 116 124 138 126 108 102 101 101 103 107 108 104 101 104 108 107 101 93 94 100 105
131 130 129 128 127 126 125 124 123 123 123 122 122 121 121 120 120 120 120 120 120 120 121 120 120 121 122 122 123 122 119 117 118 122 126 130 128 125 123 120 115 112 113 115 116 114 110 107 109 112 111 109 110 112 109 103 97 94 93 93 96 102 105 103 103 108 114 114 112 112 109 108 111 117 118 118 123 133 123 110 105 105 108 109 108 102 91 91 97 103 105 103 98 98 100 102
132 131 129 128 127 126 125 124 124 123 123 122 122 121 121 120 120 120 120 120 120 120 120 120 120 121 121 122 122 121 119 118 120 123 127 130 128 122 118 116 113 112 113 112 109 105 104 108 112 115 113 109 107 107 102 97 94 92 94 98 102 106 109 111 111 112 113 114 114 114 113 110 110 113 113 112 116 122 113 108 108 112 112 109 101 89 85 88 92 97 102 103 103 101 98 95
132 132 130 129 127 126 125 125 124 123 123 123 122 122 121 121 121 121 120 120 120 120 120 120 120 120 121 121 120 121 121 120 121 124 127 128 125 120 117 117 116 114 111 107 105 105 108 113 116 116 111 104 100 97 95 92 91 95 101 105 108 110 114 118 117 114 112 110 111 112 110 107 105 104 102 99 100 106 107 110 114 115 110 100 88 84 87 89 90 93 98 104 105 101 95 91
133 132 131 129 127 126 125 125 124 124 123 123 123 122 122 121 121 121 120 120 120 120 120 120 120 120 120 120 120 120 120 120 121 124 126 126 124 122 121 120 119 114 109 105 104 108 112 115 115 111 105 99 92 89 90 90 93 101 108 113 114 115 118 120 117 113 110 106 106 109 107 104 100 96 92 88 86 100 108 110 111 108 101 92 86 87 91 93 91 91 97 104 105 100 94 90
