windninja/windninja_output/Output_2025-08-09_0300-0350_Google earth_Fire_150m_10min/merlingen_7.5mi_point_08-09-2025_0340_150m_ang.asc
ncols	158
nrows	163
xllcorner	391686.332397
yllcorner	5160024.123721
cellsize	150.000000
NODATA_value	-32768.000000
[rows 84 to 125 of 163, columns 0 to 93 of 158]
181 179 180 187 194 195 197 200 200 193 182 173 169 164 160 157 155 153 151 149 148 148 149 150 152 153 153 154 155 155 155 156 156 156 154 151 150 152 154 156 158 158 158 157 156 156 156 154 154 156 158 158 156 155 153 151 151 150 150 150 150 150 150 151 151 151 151 151 151 151 150 150 151 151 151 151 151 152 153 155 160 165 169 167 152 144 140 138 138 138 138 140 143 146
153 170 194 202 207 208 211 213 204 189 178 173 170 165 161 158 156 153 150 147 145 144 145 146 148 150 151 152 153 154 156 157 158 159 158 155 153 152 151 152 154 155 155 153 152 151 150 148 147 148 151 154 156 156 154 152 150 150 150 150 150 150 150 150 151 151 151 151 151 151 151 151 151 151 151 151 151 152 153 155 160 165 168 162 146 141 140 139 140 139 139 140 142 146
147 170 205 213 222 226 223 210 192 179 174 174 170 165 161 160 158 153 148 144 140 138 136 137 142 150 152 152 153 153 155 156 157 160 160 160 160 159 156 152 151 152 154 154 153 151 149 147 145 145 147 149 152 153 152 151 150 150 149 149 150 150 150 150 151 151 151 151 151 151 151 151 151 151 151 151 151 152 153 154 158 161 163 156 143 138 138 138 140 140 140 142 144 148
176 198 223 223 222 217 207 191 181 177 176 174 168 164 162 160 159 154 147 142 139 135 131 134 143 154 157 156 155 156 155 155 155 156 156 158 161 162 161 159 155 153 153 154 154 152 150 148 147 146 146 147 148 149 149 148 147 147 148 148 149 150 150 150 151 151 151 151 151 151 151 151 151 151 151 151 151 151 152 153 154 155 154 149 141 138 137 136 137 138 139 142 143 146
217 214 204 196 194 193 190 185 183 182 179 171 165 165 164 164 163 155 148 143 142 139 138 145 154 162 161 159 158 158 157 156 154 153 151 151 154 158 160 161 160 158 156 154 155 154 152 150 150 150 150 148 148 149 149 148 146 145 145 146 148 149 150 150 151 151 151 151 151 151 151 151 151 151 151 150 150 151 151 151 150 150 147 141 135 134 135 136 137 138 138 140 138 136
217 205 188 189 188 186 187 188 189 186 176 168 167 167 167 168 165 155 147 143 142 143 147 155 167 170 165 161 160 159 158 157 156 155 153 149 149 151 154 156 157 159 158 156 155 154 154 152 151 152 152 152 152 152 152 152 150 146 141 142 146 149 150 151 151 151 151 151 151 151 151 151 151 150 150 150 150 150 150 149 148 146 143 136 128 125 127 130 135 136 134 134 132 128
207 199 193 195 190 185 185 187 187 181 173 171 171 171 171 170 164 156 145 139 142 148 156 169 176 176 169 163 161 160 159 158 157 156 155 153 151 150 152 153 154 155 155 155 153 153 152 152 152 151 151 152 153 154 155 156 154 149 143 143 147 150 151 151 151 151 151 151 151 151 151 151 150 150 150 150 150 149 149 148 147 145 143 137 130 127 126 127 130 129 126 126 130 129
197 196 195 192 185 180 177 179 181 179 175 176 177 176 174 171 165 159 145 137 144 156 171 180 183 179 171 165 163 161 159 157 156 156 155 154 154 153 152 154 156 156 155 153 152 151 151 150 150 150 149 150 151 153 157 159 157 153 151 152 153 153 152 152 151 151 151 151 151 151 150 150 150 150 150 150 149 149 148 147 146 145 143 140 137 134 132 130 129 124 119 119 121 119
186 187 186 185 182 179 174 175 179 182 181 180 180 178 175 170 165 161 152 151 154 171 183 188 188 182 173 167 164 161 159 157 155 155 155 154 155 154 153 152 155 158 158 154 152 151 149 147 145 144 144 145 147 150 155 157 154 153 154 157 159 157 154 152 151 151 151 150 150 150 150 150 150 150 150 149 149 148 148 147 146 144 142 139 137 134 132 129 124 117 107 105 107 108
171 174 178 179 178 177 176 177 181 185 185 182 179 178 178 175 168 162 159 161 171 183 190 193 191 182 173 168 164 161 159 156 153 152 154 154 154 154 153 152 154 158 159 157 154 151 148 146 143 141 139 140 145 149 151 149 146 146 150 154 158 158 155 152 151 151 150 150 150 150 150 150 150 150 149 149 149 148 147 147 145 144 141 138 134 129 126 122 115 106 103 108 111 113
155 162 170 172 171 172 175 178 181 182 183 183 181 179 180 177 173 168 165 173 189 193 196 196 191 181 172 168 165 163 159 153 150 151 153 154 153 153 153 153 155 158 159 160 160 157 153 149 146 145 143 144 150 152 149 145 140 140 144 149 153 155 154 152 151 150 150 150 150 150 150 150 150 150 149 149 148 148 147 146 145 144 142 139 135 131 126 121 116 115 117 121 123 125
138 149 164 166 165 166 170 173 174 174 175 180 182 183 181 177 178 179 175 186 202 208 209 202 189 177 170 167 166 165 161 154 152 153 154 153 152 152 152 152 154 156 158 160 164 163 161 157 152 150 149 153 158 156 151 147 144 143 145 147 150 152 152 151 150 150 150 149 149 149 150 150 150 149 149 149 148 148 147 146 145 144 143 141 138 136 132 129 127 127 128 130 131 133
126 137 155 160 163 167 169 168 164 161 163 173 184 190 189 184 186 185 185 202 225 235 230 206 179 168 167 166 165 163 159 156 156 156 155 153 151 150 151 151 152 153 154 156 159 162 162 160 156 154 154 159 161 158 152 148 146 144 145 146 148 150 150 149 149 149 149 149 149 149 149 149 149 149 149 148 148 148 147 146 146 145 143 142 140 139 137 135 135 134 134 135 136 137
123 130 145 155 163 171 173 171 164 157 156 163 198 201 195 187 184 187 198 226 250 255 240 182 160 160 164 164 162 157 153 153 155 156 154 151 148 148 149 150 151 152 152 151 151 154 155 154 152 152 156 159 160 158 154 149 146 144 144 144 145 147 147 147 148 148 148 148 148 149 149 149 149 148 148 148 148 147 147 146 146 145 144 143 142 141 140 139 138 138 138 138 139 140
114 118 130 141 158 168 176 179 174 167 161 155 250 245 219 190 181 208 255 255 249 235 192 160 158 165 167 164 160 154 150 149 150 152 152 149 146 145 146 148 149 151 151 149 147 146 144 143 144 148 152 155 157 156 153 151 149 147 146 145 145 144 143 144 145 146 147 147 148 148 148 148 148 148 148 148 147 147 147 146 146 145 145 144 143 142 142 141 141 141 140 141 141 141
103 102 104 113 128 142 168 185 187 192 197 207 221 231 236 241 284 296 289 267 218 183 167 167 173 177 172 165 159 154 150 147 146 147 149 149 147 145 144 145 147 149 151 150 149 147 146 145 147 150 152 154 156 156 154 152 151 150 148 148 148 147 144 142 142 143 144 146 147 147 148 148 147 147 147 147 147 147 147 146 146 146 145 145 144 144 143 143 142 142 142 142 143 143
107 105 102 105 105 101 104 214 245 244 241 250 259 279 304 311 304 289 261 200 173 161 162 180 197 190 176 166 159 152 147 143 141 141 143 145 146 146 145 144 146 148 149 151 150 149 148 147 149 152 153 154 156 156 156 155 154 152 150 150 151 150 148 146 143 143 143 145 146 147 147 147 146 147 147 146 146 146 146 146 146 146 145 145 145 144 144 144 144 144 144 144 144 144
120 119 116 112 106 92 70 346 251 238 232 232 236 248 257 244 203 195 188 170 157 155 170 205 211 192 175 165 157 148 141 137 135 135 136 138 140 142 142 144 146 147 148 149 149 147 147 148 149 152 153 155 156 155 155 156 156 154 153 153 151 150 150 149 147 146 145 145 145 145 145 145 145 146 146 146 146 146 145 145 145 145 145 145 145 145 145 145 145 145 145 145 145 145
135 134 133 132 140 145 145 165 188 190 190 195 200 197 186 179 178 178 176 166 157 164 204 216 203 187 173 163 154 144 139 136 134 133 132 133 135 137 138 141 145 146 146 147 148 149 149 150 152 152 153 155 156 156 154 155 156 155 156 156 154 152 151 150 149 148 148 148 147 144 142 142 143 144 144 144 144 145 145 145 145 145 145 145 145 145 145 145 145 145 146 146 146 146
156 156 155 158 166 174 174 171 177 181 180 180 179 172 166 166 168 170 170 164 164 203 222 207 195 186 172 160 150 142 138 136 134 132 132 131 132 133 134 137 141 143 144 145 147 147 148 150 152 153 153 154 154 155 156 156 156 156 156 157 156 156 154 152 150 150 151 150 150 147 142 140 141 142 142 142 142 143 143 144 144 144 145 145 145 145 145 146 146 146 146 146 146 147
176 175 175 177 178 182 184 180 175 177 173 166 164 156 149 146 151 157 158 162 195 214 203 193 190 183 170 160 150 141 137 134 132 131 132 131 131 130 131 133 138 141 142 143 144 145 145 147 151 153 153 153 154 154 154 156 157 157 156 155 156 157 156 153 152 153 154 154 154 151 147 144 141 138 136 135 137 139 141 142 143 143 144 145 145 145 146 146 146 146 146 146 147 147
192 190 190 191 191 191 190 191 180 173 169 153 144 141 138 136 133 132 140 171 200 192 187 188 184 176 168 161 154 144 137 133 131 132 131 130 131 133 134 136 138 141 141 141 143 145 145 146 150 153 153 154 155 155 154 154 156 157 156 155 156 156 155 152 152 153 155 156 157 154 151 150 147 142 137 134 134 136 136 137 139 141 143 144 145 145 146 146 146 146 146 146 147 147
204 202 200 199 199 197 197 197 181 170 168 160 154 152 148 143 139 141 154 173 178 172 174 179 177 172 167 163 156 145 140 138 138 135 130 129 133 138 138 138 140 141 141 141 143 144 145 146 148 150 152 153 156 157 156 155 155 155 156 156 156 156 155 154 153 154 154 156 157 156 153 152 152 150 147 143 141 139 136 134 136 140 142 143 144 145 145 146 146 146 146 146 147 147
212 209 206 204 202 200 196 188 178 172 170 169 169 170 164 157 153 156 163 170 170 164 165 170 171 170 168 165 156 147 145 144 147 139 129 132 139 142 140 139 141 142 142 142 143 144 146 147 148 149 149 150 153 155 157 158 157 155 155 156 156 155 155 155 155 155 156 156 157 157 155 153 151 151 150 148 146 146 144 142 140 140 141 142 144 145 145 145 145 146 146 146 146 147
216 214 209 205 199 192 185 180 175 173 175 176 178 179 173 166 162 164 171 171 162 158 161 166 166 166 166 163 155 149 150 150 152 142 132 138 145 145 140 141 144 144 142 144 145 146 147 148 149 150 149 149 150 152 155 157 158 157 156 157 157 156 154 155 155 156 157 157 157 157 156 154 151 150 150 150 149 148 147 145 144 142 141 141 143 144 145 145 145 145 145 145 146 146
220 216 207 198 189 184 182 181 179 179 183 185 184 181 174 167 165 172 178 174 161 155 160 164 162 160 161 160 151 148 153 155 154 143 135 141 147 145 143 147 149 142 140 144 146 146 147 149 149 150 150 151 151 152 153 155 157 157 157 158 159 157 157 157 156 155 155 156 158 158 156 154 152 151 150 151 150 150 149 146 144 144 143 142 142 143 144 144 144 144 144 144 145 145
221 215 203 194 187 185 186 189 190 188 187 187 185 179 171 164 166 175 179 174 164 158 160 162 160 155 157 158 153 150 154 156 156 145 136 141 145 145 149 154 152 143 140 143 145 145 147 150 150 149 150 151 152 153 153 154 155 156 156 157 158 158 159 160 158 156 154 154 157 158 157 154 152 152 151 150 150 150 150 148 145 144 144 145 143 142 142 142 143 143 143 143 143 143
219 213 204 198 195 196 197 196 194 191 188 187 181 173 166 163 168 177 178 173 169 164 162 162 160 154 151 152 151 153 156 156 155 146 140 144 147 150 155 159 155 150 148 144 143 144 147 150 150 149 149 150 152 153 153 154 155 155 155 156 156 156 159 161 161 159 157 156 156 156 156 153 151 153 152 151 151 151 150 148 146 144 145 147 146 144 141 140 140 139 139 138 139 140
221 217 210 207 203 200 197 195 192 190 188 182 175 169 164 163 171 178 176 172 171 170 168 166 161 151 146 143 144 150 155 157 153 144 142 150 156 159 163 161 157 154 149 146 147 147 147 148 147 147 148 151 153 152 152 154 155 155 155 156 157 157 158 159 160 161 160 160 158 155 153 151 150 152 152 152 152 153 152 151 147 145 147 148 149 149 145 141 138 134 132 134 137 140
225 221 215 212 207 201 196 192 190 189 184 176 172 170 166 163 170 175 171 169 169 172 177 175 161 149 146 143 141 143 149 154 151 142 142 151 161 166 166 163 160 153 144 144 150 151 148 147 146 146 147 151 153 153 152 153 155 155 155 157 158 159 158 158 159 160 161 163 162 159 157 153 151 153 154 153 153 153 154 154 151 148 148 148 149 151 148 144 140 134 133 137 141 142
226 223 217 211 205 200 195 191 189 186 177 169 171 174 170 163 165 168 166 164 164 170 179 179 164 156 155 152 146 143 145 148 146 142 143 150 159 164 166 165 161 151 145 147 152 153 151 150 149 148 147 150 152 153 152 153 154 155 155 156 158 160 159 158 158 160 161 162 162 162 161 157 154 153 154 154 153 153 153 154 152 152 153 152 152 154 151 147 144 140 140 144 146 144
225 222 215 208 202 199 195 194 190 180 168 164 170 176 172 162 162 167 167 162 161 165 173 173 168 162 162 161 155 152 152 150 147 144 146 151 155 160 164 165 158 150 150 153 155 156 156 157 154 150 149 150 151 152 152 153 154 154 154 155 157 160 159 157 158 160 160 161 162 162 162 160 157 154 152 153 154 154 154 154 152 153 156 158 158 160 155 149 146 142 144 149 151 149
223 219 213 208 203 198 196 195 189 175 164 163 170 175 169 160 163 171 171 165 162 163 164 166 169 169 167 164 156 157 158 154 150 146 147 152 157 162 163 160 155 152 155 158 158 159 159 157 154 152 151 152 153 153 152 152 153 153 153 153 156 159 158 156 157 160 160 160 161 162 163 163 161 158 154 151 152 154 155 153 150 150 156 160 162 162 157 151 147 145 148 152 154 152
222 219 215 210 205 199 194 190 182 173 165 165 171 172 164 159 164 170 168 162 159 158 156 158 164 169 173 169 160 159 158 152 151 151 152 156 161 166 163 158 157 158 160 161 160 161 159 156 154 154 154 156 157 156 155 153 152 153 153 152 154 157 158 156 157 159 160 160 161 162 163 163 163 163 160 155 153 154 156 155 150 149 155 161 162 161 157 152 149 150 153 155 156 151
224 221 216 211 204 197 191 182 174 170 168 169 171 166 160 159 162 164 160 156 152 149 149 149 152 160 166 165 165 168 164 156 153 151 157 168 171 171 165 161 164 165 164 162 161 161 160 158 158 158 158 160 160 159 157 154 152 153 153 152 153 155 155 156 158 160 161 161 161 161 162 162 163 164 164 162 159 156 156 156 154 153 157 160 159 158 156 153 151 154 157 158 158 152
226 222 216 210 203 195 188 178 169 166 168 170 170 164 159 158 158 160 156 151 146 143 142 142 142 144 148 151 158 165 162 159 154 149 158 175 181 178 173 172 174 172 169 165 162 162 162 160 160 160 161 162 162 161 159 154 152 152 152 152 151 153 152 153 156 159 160 161 162 160 160 161 162 162 164 166 166 162 158 155 154 155 158 159 156 154 155 154 154 157 159 160 161 156
226 222 214 209 204 195 187 176 166 164 166 165 167 165 162 158 155 158 158 151 145 140 138 136 134 134 135 138 143 147 150 151 148 146 154 170 182 181 180 184 185 180 175 171 170 169 167 164 163 163 162 163 163 162 161 156 152 151 151 151 150 152 151 149 150 150 150 155 158 158 158 159 159 159 161 165 168 167 163 158 155 154 157 157 154 153 154 155 156 158 160 162 164 158
224 220 209 202 200 196 189 178 168 165 164 159 162 166 163 159 155 157 161 157 148 138 132 130 128 129 131 134 134 132 132 135 137 141 149 160 172 179 182 187 189 186 181 177 177 176 173 172 171 169 166 164 164 165 164 159 153 150 151 150 148 150 149 145 142 134 131 138 146 151 155 157 157 156 158 162 167 170 169 164 160 157 157 156 153 154 156 156 157 158 160 164 164 156
219 213 201 194 193 191 187 183 177 171 164 154 158 163 160 156 153 155 162 160 151 139 131 125 121 121 124 128 127 126 128 131 132 138 143 150 162 170 174 179 184 187 185 181 177 174 173 175 175 172 168 164 165 167 165 160 153 150 150 148 147 148 146 145 147 144 140 138 138 142 148 152 154 154 155 158 162 167 169 170 167 161 158 156 156 158 160 161 160 159 162 166 162 151
215 210 199 191 188 186 184 182 181 180 168 154 157 164 158 150 148 153 161 159 149 139 132 124 116 115 118 119 122 124 130 131 128 134 139 142 155 165 168 172 176 180 183 182 174 169 168 170 173 172 168 165 167 168 164 159 152 147 146 145 147 149 149 151 151 149 148 147 143 140 141 144 147 150 152 154 157 161 164 168 170 166 162 161 161 162 164 165 162 161 164 166 160 148
215 210 200 192 188 184 180 179 179 180 173 161 161 165 157 146 142 148 157 155 147 140 134 129 123 119 116 119 125 129 136 132 127 131 135 136 146 157 162 168 171 173 179 180 175 169 166 167 170 170 168 167 169 169 166 162 155 147 143 145 150 152 152 153 152 149 149 151 149 145 139 135 136 141 146 149 152 154 157 160 165 166 166 166 165 165 169 168 163 162 163 164 157 149
210 207 199 192 186 182 180 176 174 175 173 170 170 165 153 143 139 142 150 152 146 142 141 135 130 127 128 134 136 140 145 136 127 129 132 130 138 150 156 163 166 169 173 174 173 170 166 167 169 169 168 170 172 171 168 166 162 157 154 155 155 153 153 154 153 150 149 151 152 152 146 135 130 132 136 141 145 146 148 150 154 160 166 170 169 169 173 171 166 163 161 161 154 148
