windninja/windninja_output/Output_2025-08-09_1500-1550_Google earth_Fire_150m_10min/merlingen_7.5mi_point_08-09-2025_1520_150m_vel.asc
ncols	158
nrows	163
xllcorner	391686.332397
yllcorner	5160024.123721
cellsize	150.000000
NODATA_value	-32768.000000
[rows 0 to 37 of 163, columns 0 to 83 of 158]
1.52 1.46 1.41 1.45 1.52 1.54 1.52 1.53 1.57 1.59 1.60 1.61 1.63 1.59 1.46 1.24 1.01 0.86 0.90 0.98 1.07 1.34 1.65 1.78 1.71 1.57 1.46 1.49 1.61 1.67 1.64 1.58 1.50 1.44 1.47 1.47 1.34 1.21 1.16 1.19 1.29 1.39 1.40 1.37 1.36 1.37 1.33 1.32 1.56 1.90 2.14 2.28 2.36 2.39 2.32 2.20 2.08 2.00 1.96 1.98 2.04 2.07 2.07 2.09 2.16 2.25 2.26 2.20 2.12 2.07 2.08 2.09 2.06 2.04 2.09 2.12 2.06 1.90 1.79 1.84 1.89 1.86 1.79 1.70
1.56 1.51 1.43 1.43 1.45 1.47 1.45 1.40 1.38 1.40 1.46 1.56 1.66 1.72 1.69 1.55 1.38 1.25 1.24 1.28 1.28 1.38 1.59 1.77 1.80 1.70 1.59 1.56 1.57 1.58 1.57 1.56 1.55 1.53 1.51 1.54 1.53 1.48 1.47 1.46 1.48 1.54 1.60 1.64 1.67 1.70 1.74 1.72 1.73 1.82 1.92 2.00 2.05 2.06 2.05 2.05 2.05 2.06 2.06 2.02 2.00 2.02 2.07 2.11 2.14 2.18 2.20 2.19 2.15 2.11 2.10 2.09 2.09 2.11 2.13 2.13 2.09 2.02 1.98 1.97 1.94 1.87 1.82 1.77
1.64 1.62 1.55 1.48 1.44 1.42 1.43 1.41 1.37 1.39 1.50 1.62 1.71 1.81 1.92 1.96 1.92 1.84 1.76 1.68 1.60 1.49 1.49 1.64 1.84 1.88 1.79 1.67 1.58 1.55 1.54 1.54 1.56 1.60 1.62 1.68 1.79 1.84 1.84 1.81 1.79 1.81 1.87 1.96 2.04 2.11 2.20 2.24 2.13 1.95 1.88 1.89 1.87 1.86 1.90 1.99 2.08 2.14 2.17 2.16 2.11 2.11 2.15 2.16 2.14 2.12 2.14 2.18 2.20 2.17 2.13 2.11 2.13 2.15 2.15 2.15 2.19 2.23 2.20 2.11 2.05 2.00 1.92 1.88
1.64 1.70 1.70 1.61 1.56 1.52 1.56 1.67 1.75 1.79 1.78 1.75 1.75 1.78 1.89 2.04 2.06 2.03 1.98 1.86 1.71 1.58 1.50 1.57 1.81 2.03 2.07 1.98 1.90 1.86 1.82 1.75 1.67 1.68 1.75 1.82 1.85 1.87 1.89 1.94 2.02 2.08 2.14 2.20 2.27 2.32 2.36 2.39 2.40 2.34 2.24 2.16 2.12 2.12 2.11 2.09 2.08 2.07 2.10 2.17 2.20 2.19 2.16 2.14 2.13 2.12 2.14 2.17 2.18 2.16 2.13 2.11 2.09 2.05 2.02 2.04 2.13 2.22 2.21 2.13 2.11 2.16 2.13 2.06
1.55 1.65 1.76 1.73 1.68 1.66 1.67 1.74 1.80 1.82 1.77 1.72 1.73 1.78 1.85 1.95 2.00 1.94 1.89 1.85 1.74 1.60 1.53 1.57 1.76 2.02 2.25 2.34 2.34 2.32 2.31 2.26 2.16 2.04 1.96 1.94 1.93 1.97 2.07 2.15 2.23 2.32 2.40 2.45 2.46 2.44 2.39 2.37 2.38 2.38 2.30 2.19 2.14 2.15 2.13 2.08 2.04 2.03 2.04 2.09 2.13 2.13 2.12 2.12 2.13 2.13 2.14 2.15 2.16 2.14 2.09 2.05 2.02 2.01 1.99 1.94 1.88 1.94 2.08 2.10 2.01 2.00 2.13 2.19
1.43 1.48 1.62 1.75 1.77 1.74 1.69 1.64 1.59 1.56 1.56 1.57 1.60 1.67 1.75 1.80 1.86 1.83 1.73 1.70 1.67 1.55 1.44 1.46 1.57 1.76 1.99 2.19 2.33 2.41 2.48 2.55 2.58 2.51 2.37 2.25 2.25 2.33 2.40 2.44 2.43 2.41 2.40 2.38 2.35 2.30 2.26 2.23 2.21 2.20 2.20 2.15 2.07 2.04 2.05 2.05 2.05 2.05 2.07 2.09 2.12 2.14 2.15 2.15 2.15 2.14 2.14 2.17 2.20 2.21 2.17 2.08 2.03 2.07 2.12 2.12 2.04 1.95 1.96 1.99 1.93 1.86 1.97 2.12
1.43 1.39 1.40 1.55 1.69 1.73 1.67 1.57 1.49 1.45 1.46 1.49 1.52 1.56 1.62 1.67 1.77 1.87 1.86 1.81 1.76 1.63 1.43 1.33 1.36 1.45 1.59 1.79 2.01 2.19 2.32 2.43 2.54 2.62 2.65 2.63 2.62 2.61 2.57 2.51 2.43 2.32 2.20 2.10 2.04 2.04 2.05 2.06 2.06 2.07 2.10 2.14 2.13 2.09 2.05 2.03 2.03 2.05 2.07 2.12 2.21 2.30 2.33 2.30 2.23 2.18 2.17 2.20 2.24 2.29 2.37 2.41 2.36 2.28 2.27 2.34 2.35 2.24 2.09 2.04 2.05 2.07 2.08 2.09
1.49 1.45 1.36 1.33 1.40 1.48 1.51 1.46 1.40 1.38 1.40 1.46 1.52 1.57 1.62 1.65 1.72 1.86 1.96 1.96 1.95 1.87 1.66 1.41 1.28 1.31 1.45 1.61 1.75 1.88 2.01 2.12 2.21 2.31 2.42 2.50 2.50 2.44 2.36 2.27 2.18 2.08 1.99 1.91 1.86 1.86 1.88 1.90 1.92 1.94 1.96 2.03 2.12 2.16 2.12 2.08 2.08 2.11 2.15 2.22 2.31 2.37 2.43 2.45 2.40 2.30 2.23 2.24 2.28 2.31 2.38 2.50 2.53 2.44 2.32 2.27 2.28 2.25 2.15 2.09 2.11 2.14 2.20 2.25
1.50 1.49 1.43 1.33 1.26 1.25 1.28 1.33 1.34 1.34 1.35 1.37 1.43 1.53 1.64 1.70 1.72 1.79 1.92 1.98 1.98 1.98 1.89 1.70 1.50 1.44 1.51 1.58 1.61 1.67 1.76 1.83 1.94 2.03 2.07 2.06 2.03 2.00 1.97 1.93 1.86 1.80 1.76 1.77 1.79 1.78 1.77 1.78 1.79 1.85 1.92 1.94 1.96 2.03 2.11 2.14 2.18 2.21 2.23 2.19 2.11 2.03 2.09 2.23 2.32 2.32 2.30 2.31 2.35 2.35 2.26 2.19 2.21 2.24 2.21 2.14 2.12 2.13 2.11 2.08 2.09 2.11 2.22 2.44
1.48 1.47 1.45 1.40 1.33 1.28 1.27 1.30 1.33 1.34 1.33 1.31 1.31 1.35 1.48 1.63 1.71 1.75 1.86 2.01 2.07 2.08 2.05 1.97 1.82 1.65 1.58 1.59 1.60 1.63 1.70 1.73 1.77 1.85 1.89 1.87 1.81 1.78 1.76 1.74 1.72 1.71 1.71 1.70 1.69 1.66 1.66 1.68 1.68 1.70 1.75 1.80 1.81 1.87 1.99 2.05 2.04 2.02 1.95 1.81 1.68 1.62 1.59 1.64 1.84 2.07 2.21 2.26 2.28 2.26 2.16 2.02 1.99 2.04 2.07 2.02 1.96 1.99 2.16 2.37 2.46 2.45 2.35 2.36
1.48 1.47 1.46 1.43 1.40 1.38 1.37 1.37 1.36 1.35 1.33 1.28 1.24 1.22 1.29 1.46 1.60 1.68 1.75 1.89 2.07 2.17 2.19 2.13 2.03 1.90 1.75 1.66 1.64 1.63 1.62 1.61 1.58 1.60 1.67 1.72 1.72 1.69 1.69 1.74 1.78 1.77 1.73 1.67 1.61 1.53 1.50 1.52 1.49 1.42 1.41 1.49 1.56 1.61 1.61 1.63 1.53 1.40 1.32 1.29 1.25 1.19 1.12 1.16 1.35 1.60 1.77 1.85 1.88 1.95 2.03 2.06 2.06 2.05 2.04 1.97 1.91 1.94 2.17 2.57 2.83 2.86 2.69 2.46
1.49 1.48 1.46 1.45 1.42 1.40 1.40 1.40 1.39 1.37 1.34 1.29 1.23 1.19 1.21 1.32 1.47 1.60 1.64 1.68 1.80 1.96 2.09 2.12 2.06 1.94 1.74 1.58 1.50 1.46 1.42 1.40 1.39 1.41 1.46 1.51 1.56 1.60 1.64 1.68 1.71 1.72 1.70 1.66 1.64 1.55 1.39 1.27 1.20 1.07 0.96 0.95 0.94 0.95 0.93 0.96 0.96 0.91 0.86 0.83 0.77 0.68 0.62 0.71 0.88 1.00 1.14 1.28 1.42 1.68 1.97 2.12 2.14 2.16 2.27 2.41 2.54 2.60 2.62 2.73 2.87 3.02 3.10 3.08
1.48 1.47 1.45 1.45 1.43 1.41 1.39 1.38 1.36 1.35 1.32 1.30 1.25 1.18 1.14 1.18 1.27 1.42 1.55 1.59 1.62 1.69 1.80 1.87 1.82 1.68 1.53 1.42 1.34 1.30 1.30 1.34 1.36 1.36 1.37 1.40 1.42 1.48 1.54 1.58 1.61 1.65 1.67 1.66 1.64 1.58 1.43 1.22 1.05 0.89 0.73 0.62 0.55 0.53 0.51 0.52 0.59 0.66 0.67 0.63 0.56 0.45 0.32 0.29 0.36 0.45 0.55 0.75 1.10 1.50 1.77 1.97 2.13 2.28 2.55 2.90 3.12 3.22 3.22 3.10 2.99 3.03 3.22 3.38
1.49 1.47 1.44 1.43 1.43 1.42 1.41 1.37 1.35 1.33 1.31 1.29 1.26 1.23 1.17 1.11 1.08 1.15 1.31 1.44 1.48 1.50 1.52 1.54 1.54 1.52 1.47 1.42 1.38 1.34 1.29 1.26 1.28 1.29 1.33 1.41 1.45 1.45 1.44 1.45 1.47 1.44 1.35 1.27 1.23 1.23 1.25 1.29 1.26 1.08 0.86 0.70 0.62 0.58 0.54 0.43 0.39 0.48 0.61 0.71 0.72 0.65 0.58 0.48 0.36 0.30 0.31 0.48 0.80 1.10 1.41 1.71 2.03 2.29 2.47 2.53 2.63 2.78 2.85 2.84 2.83 2.90 3.01 3.04
1.49 1.47 1.44 1.42 1.40 1.39 1.38 1.38 1.36 1.33 1.31 1.29 1.27 1.30 1.32 1.29 1.20 1.11 1.11 1.20 1.27 1.29 1.34 1.40 1.44 1.46 1.47 1.47 1.43 1.37 1.33 1.27 1.24 1.27 1.33 1.43 1.49 1.44 1.33 1.20 1.11 1.07 1.01 0.93 0.91 0.95 0.97 1.09 1.39 1.52 1.31 1.06 0.96 0.97 0.98 0.81 0.64 0.62 0.79 1.04 1.22 1.24 1.27 1.26 1.06 0.82 0.73 0.72 0.79 0.87 1.10 1.53 1.89 2.06 2.05 2.01 2.04 2.03 2.00 2.06 2.27 2.43 2.45 2.37
1.49 1.47 1.44 1.41 1.39 1.36 1.35 1.34 1.34 1.32 1.31 1.29 1.27 1.29 1.38 1.48 1.47 1.35 1.21 1.15 1.19 1.24 1.32 1.41 1.47 1.47 1.47 1.49 1.48 1.45 1.48 1.52 1.49 1.43 1.34 1.23 1.16 1.15 1.08 1.00 0.95 0.95 1.04 1.09 1.06 1.13 1.14 1.00 1.09 1.48 1.74 1.70 1.68 1.79 1.87 1.86 1.60 1.30 1.27 1.41 1.59 1.70 1.72 1.71 1.69 1.60 1.44 1.31 1.19 1.04 1.08 1.26 1.44 1.56 1.67 1.80 1.78 1.68 1.72 1.92 2.04 1.96 1.80 1.68
1.49 1.47 1.44 1.41 1.39 1.37 1.35 1.33 1.32 1.31 1.30 1.29 1.27 1.23 1.25 1.35 1.46 1.47 1.39 1.30 1.26 1.29 1.34 1.42 1.50 1.53 1.49 1.48 1.55 1.59 1.58 1.55 1.47 1.33 1.14 0.98 0.92 0.96 1.02 1.08 1.13 1.18 1.34 1.47 1.45 1.42 1.48 1.41 1.23 1.36 1.76 2.05 2.12 2.13 2.15 2.20 2.16 1.92 1.75 1.84 1.91 1.90 1.85 1.81 1.85 1.89 1.82 1.74 1.68 1.48 1.24 1.11 1.06 1.19 1.48 1.62 1.64 1.75 1.96 2.07 1.92 1.63 1.41 1.23
1.48 1.47 1.45 1.42 1.39 1.38 1.36 1.35 1.34 1.33 1.30 1.28 1.25 1.20 1.14 1.14 1.23 1.33 1.36 1.34 1.29 1.25 1.26 1.32 1.40 1.44 1.43 1.39 1.42 1.46 1.43 1.36 1.29 1.26 1.23 1.19 1.16 1.18 1.27 1.37 1.44 1.46 1.45 1.49 1.54 1.51 1.54 1.69 1.77 1.72 1.73 1.87 1.99 2.00 1.98 2.07 2.23 2.28 2.21 2.16 2.12 2.07 2.00 1.94 1.94 2.01 2.06 1.98 1.84 1.68 1.56 1.39 1.29 1.27 1.28 1.38 1.61 1.82 1.84 1.60 1.32 1.19 1.06 0.95
1.47 1.46 1.44 1.42 1.39 1.37 1.35 1.34 1.33 1.33 1.31 1.28 1.24 1.19 1.13 1.08 1.10 1.14 1.17 1.19 1.19 1.18 1.18 1.20 1.24 1.29 1.32 1.30 1.24 1.21 1.23 1.26 1.30 1.37 1.44 1.47 1.42 1.37 1.36 1.41 1.44 1.46 1.47 1.48 1.53 1.57 1.57 1.66 1.81 1.84 1.72 1.63 1.68 1.82 1.95 2.08 2.24 2.33 2.30 2.23 2.19 2.15 2.08 2.04 2.05 2.08 2.10 2.02 1.87 1.84 1.92 1.92 1.79 1.53 1.26 1.17 1.18 1.13 0.97 0.80 0.74 0.72 0.74 0.85
1.46 1.44 1.42 1.41 1.39 1.37 1.35 1.33 1.31 1.30 1.30 1.29 1.26 1.22 1.16 1.11 1.07 1.07 1.09 1.13 1.16 1.19 1.21 1.22 1.25 1.29 1.31 1.30 1.25 1.22 1.24 1.30 1.34 1.35 1.36 1.40 1.42 1.40 1.41 1.51 1.57 1.62 1.67 1.68 1.68 1.74 1.77 1.70 1.65 1.68 1.67 1.58 1.56 1.70 1.94 2.14 2.25 2.31 2.26 2.15 2.07 2.00 1.93 1.92 1.94 1.94 1.96 2.03 2.14 2.28 2.32 2.22 2.05 1.86 1.65 1.40 1.06 0.78 0.68 0.73 0.77 0.82 0.91 1.05
1.47 1.45 1.42 1.40 1.38 1.37 1.35 1.33 1.31 1.29 1.28 1.28 1.27 1.24 1.21 1.17 1.15 1.15 1.17 1.21 1.24 1.27 1.28 1.30 1.33 1.34 1.34 1.34 1.33 1.32 1.34 1.40 1.47 1.50 1.57 1.66 1.72 1.75 1.78 1.82 1.82 1.80 1.78 1.79 1.81 1.81 1.79 1.72 1.64 1.66 1.72 1.71 1.67 1.68 1.77 1.88 2.03 2.19 2.24 2.14 2.03 2.00 1.94 1.90 1.93 1.99 2.10 2.28 2.46 2.53 2.42 2.18 1.95 1.83 1.80 1.74 1.65 1.55 1.46 1.33 1.28 1.29 1.26 1.22
1.47 1.45 1.41 1.39 1.36 1.35 1.35 1.34 1.32 1.30 1.28 1.28 1.26 1.25 1.24 1.23 1.23 1.25 1.26 1.27 1.29 1.31 1.33 1.34 1.36 1.38 1.39 1.39 1.38 1.37 1.40 1.47 1.61 1.76 1.88 2.00 2.07 2.03 1.94 1.89 1.88 1.87 1.87 1.86 1.83 1.76 1.70 1.73 1.77 1.80 1.85 1.87 1.84 1.74 1.64 1.65 1.76 1.92 2.11 2.19 2.14 2.13 2.10 2.04 2.05 2.17 2.36 2.54 2.58 2.44 2.21 2.05 1.89 1.75 1.68 1.75 1.92 2.08 2.13 2.05 1.84 1.61 1.45 1.37
1.44 1.43 1.41 1.38 1.36 1.35 1.34 1.34 1.33 1.31 1.29 1.30 1.30 1.28 1.26 1.26 1.28 1.30 1.32 1.33 1.35 1.36 1.38 1.39 1.41 1.43 1.45 1.46 1.45 1.44 1.45 1.53 1.68 1.79 1.82 1.81 1.85 1.88 1.81 1.77 1.81 1.88 1.93 1.91 1.84 1.82 1.89 1.92 1.92 1.91 1.92 1.91 1.88 1.80 1.73 1.72 1.75 1.83 1.95 2.13 2.20 2.19 2.18 2.20 2.35 2.57 2.71 2.69 2.54 2.33 2.13 2.00 1.93 1.88 1.84 1.86 1.93 2.09 2.33 2.47 2.38 2.13 1.88 1.64
1.43 1.42 1.40 1.38 1.36 1.34 1.32 1.32 1.32 1.31 1.29 1.30 1.32 1.32 1.30 1.29 1.30 1.32 1.35 1.37 1.40 1.42 1.43 1.45 1.46 1.47 1.48 1.47 1.44 1.40 1.40 1.44 1.52 1.60 1.62 1.59 1.56 1.61 1.67 1.70 1.75 1.84 1.92 1.98 2.01 2.07 2.10 2.05 1.95 1.90 1.91 1.90 1.88 1.89 1.88 1.84 1.82 1.81 1.86 2.03 2.17 2.19 2.19 2.34 2.58 2.70 2.65 2.45 2.23 2.10 2.00 1.93 1.92 2.03 2.10 1.98 1.83 1.87 2.04 2.28 2.49 2.51 2.35 2.07
1.43 1.41 1.38 1.36 1.34 1.32 1.31 1.31 1.30 1.30 1.29 1.28 1.29 1.32 1.34 1.33 1.33 1.34 1.36 1.38 1.41 1.43 1.45 1.47 1.50 1.51 1.51 1.49 1.42 1.33 1.30 1.29 1.31 1.41 1.53 1.60 1.60 1.58 1.60 1.65 1.72 1.81 1.95 2.13 2.25 2.24 2.14 2.06 1.97 1.89 1.87 1.90 1.93 1.98 1.98 1.95 1.92 1.86 1.80 1.83 1.98 2.15 2.34 2.51 2.47 2.22 2.00 1.87 1.79 1.74 1.69 1.76 1.99 2.16 2.10 1.89 1.66 1.59 1.69 1.91 2.27 2.58 2.71 2.63
1.42 1.40 1.36 1.34 1.33 1.32 1.31 1.31 1.31 1.30 1.29 1.28 1.28 1.30 1.33 1.34 1.35 1.36 1.37 1.38 1.40 1.43 1.46 1.49 1.53 1.58 1.63 1.64 1.58 1.43 1.28 1.21 1.23 1.35 1.54 1.69 1.77 1.73 1.64 1.63 1.70 1.80 1.96 2.11 2.19 2.18 2.14 2.08 2.06 2.02 1.98 1.93 1.87 1.84 1.91 2.00 2.03 1.94 1.76 1.66 1.82 2.25 2.64 2.74 2.56 2.22 1.91 1.77 1.74 1.70 1.65 1.83 2.08 2.10 2.05 1.97 1.79 1.55 1.54 1.76 2.12 2.51 2.82 3.00
1.41 1.39 1.36 1.33 1.32 1.30 1.30 1.30 1.30 1.30 1.30 1.30 1.29 1.29 1.30 1.32 1.35 1.37 1.38 1.39 1.41 1.44 1.48 1.53 1.58 1.65 1.75 1.84 1.82 1.67 1.45 1.26 1.15 1.14 1.31 1.58 1.80 1.91 1.84 1.76 1.79 1.85 1.93 2.03 2.11 2.21 2.34 2.32 2.25 2.23 2.22 2.12 1.97 1.89 1.96 2.09 2.11 2.03 1.92 1.90 2.10 2.37 2.48 2.46 2.41 2.28 2.08 1.94 1.93 1.97 2.02 2.09 2.06 1.99 2.01 2.10 2.11 1.85 1.63 1.71 1.93 2.16 2.45 2.80
1.39 1.38 1.36 1.33 1.31 1.29 1.28 1.29 1.29 1.30 1.30 1.30 1.29 1.29 1.29 1.31 1.33 1.36 1.39 1.42 1.45 1.48 1.52 1.56 1.62 1.69 1.80 1.97 2.08 2.03 1.83 1.54 1.28 1.13 1.09 1.24 1.55 1.88 1.97 1.88 1.87 1.94 2.01 2.11 2.26 2.41 2.59 2.68 2.56 2.40 2.43 2.51 2.46 2.35 2.25 2.19 2.24 2.33 2.38 2.45 2.51 2.38 2.08 1.87 1.89 1.97 1.98 1.98 2.05 2.16 2.24 2.19 2.05 1.96 1.93 1.99 2.16 2.19 1.97 1.77 1.71 1.80 2.03 2.31
1.37 1.36 1.34 1.32 1.30 1.28 1.28 1.28 1.28 1.28 1.29 1.30 1.30 1.30 1.30 1.32 1.34 1.37 1.40 1.44 1.48 1.50 1.52 1.55 1.62 1.72 1.87 2.09 2.33 2.44 2.35 2.07 1.72 1.47 1.31 1.34 1.59 1.92 2.14 2.19 2.21 2.29 2.31 2.34 2.43 2.55 2.65 2.79 2.86 2.75 2.73 2.86 2.90 2.77 2.55 2.36 2.43 2.63 2.66 2.62 2.58 2.45 2.17 1.87 1.78 1.84 1.91 2.00 2.11 2.23 2.35 2.37 2.26 2.05 1.85 1.78 1.85 2.05 2.02 1.76 1.61 1.62 1.77 1.89
1.35 1.34 1.32 1.31 1.28 1.26 1.26 1.26 1.26 1.27 1.29 1.30 1.31 1.33 1.33 1.33 1.35 1.38 1.41 1.44 1.46 1.49 1.52 1.55 1.60 1.70 1.85 2.04 2.28 2.55 2.73 2.69 2.36 2.01 1.92 2.02 2.15 2.32 2.48 2.60 2.71 2.78 2.79 2.75 2.67 2.68 2.74 2.89 3.14 3.32 3.32 3.27 3.24 3.15 2.94 2.71 2.58 2.55 2.55 2.44 2.26 2.13 2.09 1.95 1.77 1.72 1.82 2.00 2.11 2.15 2.19 2.24 2.21 2.07 1.90 1.84 1.90 1.94 1.89 1.70 1.54 1.49 1.51 1.52
1.33 1.32 1.30 1.30 1.28 1.25 1.24 1.25 1.26 1.27 1.28 1.30 1.32 1.33 1.33 1.34 1.36 1.39 1.41 1.43 1.46 1.50 1.54 1.58 1.62 1.67 1.72 1.80 1.93 2.09 2.30 2.58 2.66 2.57 2.52 2.56 2.58 2.61 2.71 2.83 2.89 2.92 2.92 2.91 2.85 2.79 2.80 2.89 3.01 3.17 3.26 3.22 3.18 3.16 3.04 2.80 2.50 2.27 2.26 2.21 1.95 1.70 1.72 1.74 1.63 1.58 1.68 1.83 1.90 1.87 1.76 1.68 1.74 1.89 2.05 2.18 2.18 2.15 2.12 1.94 1.68 1.50 1.40 1.39
1.32 1.30 1.28 1.28 1.28 1.26 1.25 1.26 1.27 1.28 1.29 1.30 1.32 1.33 1.35 1.35 1.35 1.36 1.39 1.43 1.47 1.51 1.55 1.59 1.62 1.66 1.68 1.71 1.77 1.83 1.97 2.25 2.55 2.64 2.57 2.51 2.52 2.60 2.70 2.75 2.68 2.55 2.47 2.48 2.53 2.55 2.53 2.47 2.34 2.25 2.29 2.37 2.48 2.69 2.77 2.69 2.54 2.28 2.05 1.97 1.87 1.72 1.70 1.75 1.68 1.57 1.63 1.75 1.83 1.76 1.56 1.45 1.59 1.91 2.16 2.26 2.28 2.32 2.38 2.31 2.07 1.76 1.52 1.43
1.30 1.28 1.25 1.25 1.26 1.25 1.24 1.25 1.26 1.28 1.30 1.32 1.34 1.35 1.36 1.37 1.38 1.38 1.39 1.41 1.45 1.49 1.54 1.59 1.62 1.64 1.68 1.76 1.89 2.11 2.37 2.54 2.61 2.56 2.32 2.19 2.29 2.39 2.36 2.28 2.23 2.15 2.10 2.10 2.13 2.15 2.11 2.01 1.87 1.81 1.78 1.81 1.94 2.21 2.50 2.59 2.62 2.58 2.33 2.00 1.76 1.69 1.83 2.01 1.99 1.75 1.70 1.86 2.00 1.98 1.84 1.87 2.06 2.20 2.23 2.26 2.36 2.47 2.53 2.51 2.32 1.99 1.68 1.48
1.28 1.27 1.24 1.22 1.22 1.22 1.22 1.24 1.25 1.26 1.28 1.31 1.34 1.36 1.37 1.39 1.40 1.42 1.42 1.43 1.45 1.47 1.52 1.59 1.64 1.66 1.67 1.72 1.86 2.11 2.35 2.51 2.57 2.59 2.41 2.14 2.19 2.25 2.18 2.09 2.07 2.06 2.01 1.96 1.88 1.83 1.78 1.71 1.66 1.67 1.67 1.66 1.65 1.77 2.06 2.23 2.28 2.45 2.58 2.41 2.03 1.82 1.96 2.24 2.36 2.12 1.81 1.75 1.89 2.17 2.38 2.46 2.43 2.33 2.27 2.30 2.41 2.56 2.73 2.81 2.67 2.31 1.95 1.69
1.25 1.25 1.24 1.23 1.22 1.22 1.23 1.24 1.26 1.27 1.28 1.30 1.32 1.35 1.37 1.39 1.41 1.43 1.44 1.45 1.46 1.48 1.50 1.53 1.59 1.64 1.65 1.65 1.68 1.74 1.87 2.07 2.30 2.56 2.70 2.55 2.33 2.20 2.16 2.12 2.07 1.97 1.83 1.73 1.64 1.56 1.51 1.51 1.53 1.55 1.57 1.56 1.52 1.52 1.64 1.78 1.84 1.91 2.18 2.48 2.40 2.10 2.04 2.23 2.48 2.44 2.05 1.73 1.79 2.17 2.52 2.56 2.40 2.25 2.16 2.14 2.20 2.29 2.39 2.63 2.87 2.81 2.50 2.11
1.20 1.21 1.22 1.24 1.24 1.23 1.24 1.25 1.28 1.29 1.30 1.31 1.33 1.35 1.37 1.39 1.41 1.42 1.44 1.46 1.48 1.49 1.49 1.48 1.49 1.53 1.58 1.61 1.58 1.54 1.62 1.86 2.18 2.48 2.74 2.77 2.49 2.17 2.03 1.95 1.87 1.80 1.71 1.64 1.62 1.57 1.51 1.55 1.61 1.65 1.67 1.67 1.67 1.67 1.72 1.81 1.80 1.71 1.75 2.09 2.25 2.05 1.93 2.04 2.36 2.62 2.45 2.12 2.04 2.06 2.06 2.10 2.07 1.98 1.93 1.94 1.91 1.77 1.59 1.73 2.29 2.70 2.73 2.41
1.17 1.16 1.16 1.19 1.22 1.23 1.23 1.25 1.28 1.30 1.31 1.32 1.33 1.35 1.37 1.39 1.41 1.43 1.45 1.46 1.47 1.48 1.48 1.48 1.47 1.48 1.52 1.55 1.56 1.60 1.74 1.92 2.12 2.24 2.32 2.43 2.42 2.19 1.95 1.75 1.65 1.68 1.74 1.74 1.74 1.76 1.74 1.73 1.74 1.73 1.77 1.84 1.93 1.98 2.01 2.05 2.05 1.97 1.89 2.02 2.17 2.02 1.85 1.88 2.11 2.51 2.68 2.54 2.32 1.95 1.60 1.51 1.56 1.70 1.87 1.91 1.82 1.68 1.51 1.44 1.62 1.98 2.36 2.47
1.13 1.13 1.13 1.15 1.18 1.22 1.23 1.24 1.26 1.29 1.32 1.33 1.35 1.37 1.39 1.41 1.42 1.44 1.46 1.47 1.47 1.48 1.49 1.49 1.50 1.51 1.52 1.56 1.68 1.85 1.94 1.95 1.90 1.87 1.96 2.05 2.09 2.05 1.93 1.80 1.74 1.74 1.80 1.88 1.90 1.90 1.91 1.93 1.93 1.91 1.90 1.97 2.11 2.16 2.12 2.13 2.24 2.33 2.31 2.34 2.42 2.27 2.00 1.87 1.88 2.11 2.43 2.48 2.28 1.96 1.66 1.55 1.68 1.92 2.01 1.89 1.85 1.98 2.03 1.82 1.61 1.70 2.03 2.41
