windninja/windninja_output/Output_2025-08-09_1500-1550_Google earth_Fire_150m_10min/merlingen_7.5mi_point_08-09-2025_1520_150m_ang.asc
ncols	158
nrows	163
xllcorner	391686.332397
yllcorner	5160024.123721
cellsize	150.000000
NODATA_value	-32768.000000
[rows 50 to 99 of 163, columns 0 to 95 of 158]
14 13 14 16 19 20 21 18 15 16 17 17 18 18 18 18 18 17 17 17 16 15 15 14 14 13 12 12 11 10 9 8 7 5 3 359 357 356 357 357 359 1 1 1 3 6 10 16 22 27 29 28 23 18 15 10 4 0 1 4 7 11 14 11 5 4 7 10 12 15 17 20 23 25 25 22 18 16 16 16 15 14 13 11 10 8 5 3 4 8 14 21 26 29 31 32
17 14 12 14 16 18 20 20 17 14 15 17 17 17 18 18 18 17 17 17 16 16 15 14 14 14 13 12 11 11 10 9 8 6 4 1 358 357 357 358 359 359 358 358 1 6 12 20 29 31 27 22 18 14 10 4 1 3 8 11 14 17 17 11 5 5 8 10 13 16 18 21 23 23 21 19 16 15 15 16 16 17 16 13 9 6 3 4 7 12 16 24 30 34 34 29
21 16 11 12 15 17 19 21 19 15 14 16 17 18 18 18 18 18 17 17 16 16 16 15 15 14 14 13 12 11 11 10 9 7 6 4 1 359 357 357 359 359 356 355 359 6 13 20 25 21 15 13 13 12 6 1 2 8 15 18 19 18 16 10 5 5 7 11 14 16 18 20 20 20 20 18 16 14 13 14 17 20 20 15 10 6 5 7 10 15 20 25 30 31 28 13
23 17 9 9 14 15 17 21 22 18 15 16 17 18 18 18 18 18 17 17 17 16 16 15 15 15 14 13 13 12 11 10 9 8 7 5 4 1 359 357 357 358 356 354 357 6 12 14 14 11 9 10 11 10 6 3 6 13 19 22 20 17 14 10 5 4 7 11 15 16 16 17 18 19 20 19 17 16 14 14 17 19 19 18 15 11 8 8 13 19 23 24 23 21 10 347
20 17 10 7 12 14 15 20 24 22 18 16 17 17 17 18 18 18 18 18 17 17 16 16 15 15 14 14 13 12 12 11 10 9 8 7 5 3 1 358 356 356 357 356 357 3 8 7 5 6 9 11 10 9 9 7 9 15 19 20 18 15 12 8 5 4 7 10 13 14 14 17 20 21 20 19 18 17 15 13 13 14 16 16 17 16 13 12 16 20 21 19 15 10 351 333
15 16 14 10 12 16 16 19 25 25 21 17 16 17 17 18 18 18 18 18 17 17 16 16 15 15 15 14 14 13 12 11 11 10 9 8 7 5 3 360 357 356 358 359 358 358 360 359 359 3 8 11 10 10 10 9 11 16 18 17 14 11 10 9 6 5 7 9 12 15 18 22 23 20 19 18 17 16 14 11 9 9 12 14 16 18 18 19 20 21 20 15 7 358 342 331
13 15 17 16 16 18 17 17 23 26 24 20 18 16 16 18 18 18 18 17 18 17 17 16 16 15 15 14 14 13 13 12 11 11 10 9 8 6 5 3 0 359 359 360 357 354 352 353 355 360 5 9 10 10 11 11 13 16 16 12 9 8 10 12 9 7 8 9 13 20 25 24 20 17 17 16 15 13 11 9 8 8 11 13 15 17 20 22 23 24 21 10 356 347 341 339
14 15 17 18 18 18 18 15 18 23 23 21 20 18 16 16 17 18 18 17 17 17 17 16 16 15 15 15 14 14 13 13 12 11 10 10 9 8 6 5 3 2 1 359 357 353 349 348 350 354 0 7 10 10 12 12 12 13 11 8 6 8 12 15 14 10 9 11 17 23 22 18 17 16 15 14 12 10 9 9 9 10 12 14 17 21 24 26 24 21 13 357 345 341 339 344
15 15 16 17 18 19 19 17 15 18 20 21 23 23 19 16 16 17 17 17 17 17 17 17 16 16 15 15 15 14 14 13 12 12 11 10 9 9 7 6 5 4 2 0 358 355 350 346 345 348 355 4 8 9 11 11 10 10 7 5 6 9 14 17 17 13 10 12 17 19 16 15 15 14 12 11 9 7 7 9 11 13 15 18 22 26 27 26 21 10 356 345 341 339 340 353
15 15 17 18 19 21 21 19 17 17 19 21 23 25 23 18 16 16 16 17 17 17 17 16 16 16 16 15 15 14 14 13 13 12 12 11 10 9 8 7 6 5 4 2 0 358 354 350 345 343 347 357 3 6 11 11 10 7 4 4 6 10 15 19 19 16 11 12 15 15 14 13 13 11 10 9 7 6 8 11 13 16 18 20 23 26 26 20 10 355 343 339 339 339 347 9
16 16 18 19 20 21 22 22 21 19 18 17 19 23 24 22 18 15 15 16 16 16 17 16 16 16 16 15 15 15 14 14 13 13 12 11 11 10 9 8 7 6 5 4 2 0 358 354 349 344 342 347 357 4 9 11 9 5 3 4 6 10 16 20 21 17 13 13 15 15 13 12 10 9 7 7 6 8 11 14 16 18 20 22 23 23 20 12 357 344 339 339 340 347 4 20
17 18 19 20 21 22 23 23 22 20 17 14 14 18 23 24 22 18 15 14 15 16 17 17 17 17 16 16 15 15 14 14 13 13 12 12 11 11 10 9 8 7 6 5 3 2 360 357 353 348 343 343 350 359 7 11 9 5 3 4 7 11 15 19 20 19 17 15 15 13 11 9 8 7 6 5 8 11 14 16 18 20 23 25 24 20 11 0 348 340 339 343 349 3 18 28
20 21 21 21 21 22 22 22 22 21 18 14 12 15 20 23 24 22 19 15 14 15 16 17 17 17 17 16 15 15 15 14 14 13 13 12 12 11 10 10 9 8 7 6 4 3 1 359 356 352 347 345 346 353 4 9 8 5 4 5 7 9 11 15 18 20 19 16 12 10 9 8 6 5 5 6 10 14 15 17 20 22 26 27 23 16 1 348 341 339 342 351 6 18 27 37
27 25 23 22 21 20 21 22 23 22 20 16 13 13 15 20 24 24 22 19 16 14 15 16 16 17 17 16 15 15 15 14 14 14 13 13 12 12 11 10 10 9 8 7 5 4 3 1 359 355 351 347 346 350 357 5 8 6 4 4 4 6 10 16 22 24 20 14 10 8 8 7 5 3 4 8 11 13 15 18 21 23 25 24 19 8 352 342 337 341 353 6 18 29 38 46
34 30 24 22 21 21 22 24 24 24 23 19 13 12 13 16 20 23 23 22 19 16 15 15 15 16 17 16 16 15 15 14 14 14 13 13 12 12 11 11 10 9 8 7 6 5 4 2 0 358 354 348 347 348 351 359 6 7 3 0 1 7 17 29 31 25 14 7 6 6 6 6 4 3 4 8 10 10 13 17 21 23 22 19 11 357 346 341 340 349 5 17 28 40 49 57
35 31 24 21 21 21 22 25 26 25 24 21 15 12 13 13 16 20 23 24 22 20 18 16 14 15 17 16 16 15 15 14 14 14 14 13 13 12 12 11 11 10 9 8 7 6 5 4 2 360 356 352 348 347 347 351 360 5 3 0 2 14 26 27 21 13 5 2 3 4 4 5 4 4 5 5 6 9 12 18 22 22 18 14 5 351 344 344 350 4 15 28 40 50 59 67
29 27 24 23 22 20 19 22 24 24 22 21 18 12 11 13 14 16 20 23 23 21 20 18 15 14 16 16 16 16 15 15 14 14 14 13 13 13 12 12 11 10 10 9 8 7 6 5 3 2 359 356 352 349 346 344 349 359 4 5 7 12 14 14 11 7 4 2 2 2 3 3 4 4 3 3 4 8 13 18 19 16 10 3 357 351 348 351 5 16 25 38 48 58 68 74
13 17 21 23 23 18 15 19 24 24 22 20 18 15 11 12 15 15 16 19 21 21 22 20 18 17 17 17 17 16 15 15 14 14 14 14 13 13 12 12 11 11 10 10 9 8 7 6 5 3 2 359 357 353 349 344 342 349 2 8 7 4 3 6 7 7 6 5 3 2 1 2 3 2 2 2 4 7 11 12 10 6 360 355 354 353 355 6 18 26 35 45 56 63 68 72
351 4 14 18 19 16 12 17 24 25 21 18 17 16 14 12 14 14 14 16 20 21 21 21 20 20 21 21 18 16 15 14 14 14 14 14 13 13 12 12 12 11 11 10 9 9 8 7 6 5 3 2 0 358 355 351 347 348 356 4 1 356 356 358 2 6 7 6 4 2 2 2 2 0 1 2 3 5 6 5 2 358 354 354 356 357 4 16 25 35 44 54 62 64 64 64
338 347 6 14 18 18 15 15 20 21 17 15 15 14 14 14 14 16 15 16 18 19 20 21 21 23 26 25 20 17 14 13 13 13 13 13 13 13 13 12 12 12 11 11 10 9 9 8 7 6 5 4 2 1 359 358 356 355 355 358 356 350 348 351 355 1 4 4 3 3 4 3 0 359 1 2 3 3 2 360 358 356 359 5 2 1 10 22 34 42 50 57 60 59 57 54
345 348 358 13 24 28 23 17 19 21 18 17 17 17 17 16 17 19 19 17 17 18 19 21 21 23 27 27 22 18 15 13 12 12 13 13 13 13 13 12 12 12 11 11 10 10 9 9 8 7 6 5 4 3 2 1 0 360 359 358 356 351 346 345 346 350 355 357 359 2 4 2 359 359 2 4 4 1 359 357 359 3 11 11 2 3 16 30 41 48 52 53 52 49 45 42
4 5 9 21 37 42 35 25 27 31 29 27 27 26 24 21 21 21 21 19 19 19 20 20 17 17 23 25 23 20 18 15 12 11 11 12 13 13 13 13 12 12 12 11 11 10 10 9 9 8 7 6 6 5 4 3 3 2 1 0 358 355 352 350 346 343 344 346 351 355 357 358 359 1 3 5 4 0 358 360 5 12 14 6 1 8 24 36 47 53 52 50 45 38 33 25
19 19 22 27 34 40 38 35 40 44 43 42 40 36 32 27 24 23 22 21 20 19 19 18 14 12 18 24 25 23 20 18 16 12 10 11 12 12 13 13 13 12 12 12 11 11 11 10 9 9 8 7 7 6 5 5 4 3 3 2 1 359 357 356 353 349 346 343 342 342 343 349 357 2 4 4 3 0 1 6 12 13 8 1 3 17 30 42 51 53 48 46 44 36 24 360
32 32 32 34 37 39 38 38 42 44 42 39 36 34 31 28 25 24 24 22 21 20 19 17 14 11 15 22 25 25 23 21 19 16 11 10 11 11 12 12 13 12 12 12 12 11 11 11 10 9 9 8 8 7 6 6 5 5 4 3 2 1 360 359 357 355 353 349 345 340 335 337 348 357 0 0 1 1 3 9 12 8 359 358 10 27 38 47 51 47 41 38 39 32 0 343
43 44 45 44 45 45 43 42 42 40 37 35 32 30 27 25 24 23 23 21 21 21 21 19 16 12 14 19 24 26 25 22 21 18 14 11 11 11 11 12 12 13 13 12 12 12 11 11 11 10 9 9 8 8 7 7 6 5 5 4 3 2 1 1 359 358 356 354 351 348 345 342 343 348 352 355 357 1 5 8 7 359 354 2 22 38 45 47 47 42 34 27 21 360 346 338
54 55 57 59 60 59 55 48 43 38 35 33 31 28 26 24 22 22 21 20 20 21 22 21 18 14 15 18 22 25 25 23 22 22 19 15 13 12 11 11 12 13 13 13 13 12 12 12 11 11 10 9 9 8 8 7 7 6 5 5 4 3 3 2 1 359 358 356 355 354 352 349 346 344 345 348 352 358 5 4 357 353 357 17 36 44 46 45 43 42 33 18 0 343 339 337
60 62 67 72 79 82 73 58 47 38 33 30 28 26 24 22 21 21 20 20 20 20 20 20 19 17 17 17 19 22 25 25 26 27 25 20 16 13 12 11 11 12 13 13 13 13 12 12 11 11 10 10 9 9 8 8 7 7 6 6 5 4 3 3 2 0 359 358 357 356 354 352 350 347 343 342 346 353 359 356 350 353 12 37 52 53 50 49 48 43 28 5 345 335 335 340
66 68 72 81 92 101 100 81 51 33 26 25 24 24 22 21 20 19 19 20 20 19 19 19 19 19 19 18 17 20 25 28 28 27 25 20 16 14 12 11 11 12 13 14 14 13 13 13 12 11 11 10 9 9 9 8 8 7 7 6 5 5 4 3 2 1 0 359 358 357 356 354 352 350 346 342 342 347 351 351 350 4 34 52 57 57 56 51 42 24 4 350 340 335 338 345
73 73 72 81 99 114 126 111 16 10 13 17 20 21 21 19 18 17 18 19 19 19 18 18 18 20 21 19 17 17 22 26 26 25 24 21 18 17 15 12 11 12 14 14 14 14 14 13 13 12 11 10 10 9 9 8 8 7 7 6 6 5 5 4 3 2 1 0 359 358 357 356 354 352 349 345 343 342 344 347 357 21 40 45 42 39 38 29 12 1 351 345 339 338 343 348
73 71 66 65 79 95 88 327 337 349 0 10 15 18 18 18 17 16 17 18 18 18 18 18 16 17 20 20 17 15 17 21 23 24 25 23 20 19 19 16 12 12 14 15 15 16 15 14 13 12 11 10 9 9 9 8 8 8 7 7 6 6 5 4 4 3 2 1 0 359 358 357 356 354 352 349 345 342 341 346 4 24 28 28 27 26 22 9 357 349 345 342 340 341 345 348
66 61 50 46 41 27 2 346 346 350 356 5 12 16 17 17 17 17 16 17 18 18 18 17 13 14 18 20 19 16 14 16 20 23 24 23 21 20 21 19 15 13 16 17 17 17 17 17 15 12 10 9 9 9 9 8 8 8 8 7 7 6 6 5 4 3 3 2 1 360 359 358 357 355 353 351 348 345 343 348 3 15 17 18 20 19 10 355 349 345 343 342 341 342 344 346
64 62 51 37 30 26 15 3 1 1 1 5 12 16 18 18 18 18 16 16 16 17 17 15 12 13 17 19 19 16 13 13 16 19 23 24 23 21 21 21 19 16 18 21 21 22 21 21 19 13 7 6 7 8 8 8 8 8 8 7 7 6 6 5 5 4 3 2 1 1 360 358 357 356 354 353 351 348 346 349 357 6 13 17 18 12 356 347 345 345 345 344 343 344 345 345
73 68 46 27 26 32 28 19 14 12 10 11 15 18 20 20 20 20 17 15 15 16 16 14 12 12 15 17 17 17 15 15 16 19 24 26 25 23 22 22 20 19 18 19 19 19 18 16 15 11 5 2 3 5 7 8 8 8 8 8 7 7 6 5 5 4 4 3 2 1 0 359 358 357 355 354 352 350 348 348 352 0 11 17 14 358 348 343 343 344 346 346 346 347 347 347
54 42 24 26 31 36 34 29 27 25 22 20 20 23 24 24 23 22 19 16 14 14 14 13 9 10 13 14 16 18 18 18 19 22 25 28 28 26 24 22 21 19 16 15 14 13 12 10 10 10 9 7 4 4 6 8 9 9 8 8 7 7 6 6 5 5 4 3 2 2 1 359 358 357 356 355 353 351 349 348 350 357 7 10 2 349 342 340 341 342 344 346 348 349 349 349
39 32 30 39 43 43 41 41 41 38 31 26 24 26 28 27 26 25 21 17 13 11 12 11 6 5 10 14 16 17 18 19 20 23 26 29 30 29 27 24 22 18 16 15 14 14 13 11 11 12 13 12 9 7 8 9 9 9 8 8 7 7 6 6 5 5 4 4 3 2 1 360 359 358 356 355 354 352 350 349 350 355 1 2 352 344 340 339 339 340 341 344 347 349 350 350
37 43 50 54 55 55 52 51 50 43 34 29 26 27 29 29 27 27 25 20 15 10 7 5 2 2 8 14 16 16 18 19 20 22 25 26 27 29 28 25 20 18 17 17 18 18 18 17 15 15 15 16 16 13 11 10 10 9 9 8 7 7 6 6 5 5 4 4 3 2 1 0 359 358 357 355 354 352 351 349 350 352 356 355 346 341 341 341 342 341 341 343 346 349 351 351
48 55 61 63 65 63 58 52 47 40 33 30 28 27 29 31 30 32 32 28 21 13 3 355 354 358 6 12 15 16 18 19 19 18 20 22 23 26 26 24 20 17 17 19 20 20 20 20 19 17 16 17 17 16 13 11 10 9 9 8 7 7 6 6 6 5 5 4 3 3 2 1 359 358 357 356 354 352 350 348 347 347 349 348 342 339 340 341 342 343 343 344 345 346 349 350
62 66 69 68 63 57 49 41 38 37 34 31 29 27 30 32 32 34 35 31 24 11 356 343 343 353 3 9 14 17 18 19 18 16 17 19 21 23 24 24 21 17 16 18 20 22 22 23 22 21 18 16 16 16 15 13 11 9 8 7 6 6 6 6 6 5 5 4 4 3 2 1 360 359 357 356 354 352 349 346 343 340 339 338 337 339 340 340 341 343 343 342 339 340 343 347
68 67 61 53 45 39 36 35 36 40 38 31 26 24 26 29 31 34 33 27 16 1 349 346 349 355 4 10 15 18 19 19 20 19 18 19 20 22 25 26 24 21 17 16 19 21 23 24 23 22 19 16 14 15 15 14 13 10 7 5 4 5 5 6 6 5 5 5 4 3 2 1 0 359 357 356 354 352 349 345 340 334 330 328 328 334 339 341 342 342 339 336 333 330 329 332
63 57 45 41 37 33 33 35 37 39 37 28 23 23 26 28 30 31 28 18 3 350 349 354 359 2 7 13 17 19 20 21 21 21 21 20 20 22 27 30 29 26 21 18 18 21 24 25 24 22 19 16 12 10 11 14 15 14 8 0 359 2 4 5 6 6 5 5 4 3 3 2 0 359 358 356 354 352 349 345 340 333 327 320 316 319 329 336 340 337 332 330 329 327 324 323
56 50 42 42 40 36 33 33 32 32 32 26 21 23 26 27 26 26 23 9 351 348 355 5 7 7 11 15 18 21 22 22 22 22 23 23 21 20 23 29 31 30 26 22 20 21 24 26 26 23 19 15 11 9 10 14 18 17 10 358 355 360 3 5 6 6 6 5 4 4 3 2 1 359 358 356 354 352 349 345 340 335 329 322 316 316 321 327 331 327 323 323 330 333 333 334
49 43 36 33 31 27 23 21 22 26 30 27 21 21 20 18 18 19 19 4 349 353 7 14 13 12 15 19 21 23 24 25 25 24 24 24 22 20 19 23 28 30 29 26 23 22 24 27 28 26 21 15 11 8 8 13 14 11 8 4 359 360 3 5 6 6 6 5 5 4 3 2 1 360 358 357 355 353 350 346 342 337 331 327 324 322 323 324 324 319 315 317 322 320 320 325
37 31 24 21 20 16 9 7 11 20 26 25 20 19 19 17 14 12 9 5 360 5 17 21 19 18 20 23 24 25 27 27 27 25 24 23 23 21 19 20 25 30 32 30 27 26 27 30 32 31 25 16 10 6 4 6 7 7 10 12 8 4 4 6 6 7 6 6 5 4 4 3 2 0 359 357 356 353 351 347 344 339 333 327 323 321 320 320 316 310 298 290 287 285 284 291
21 18 15 15 15 12 8 6 8 17 22 18 13 10 11 13 8 4 7 13 17 16 21 25 23 23 25 26 27 29 30 31 30 26 23 23 24 23 22 20 20 27 32 33 32 30 30 30 32 33 28 16 7 4 1 358 2 9 15 18 15 9 7 7 7 7 7 6 5 5 4 3 2 1 360 358 356 354 352 349 346 341 336 329 321 316 312 309 302 293 286 285 288 289 292 294
1 5 8 10 11 11 10 8 7 13 19 17 12 10 10 13 13 12 18 28 29 24 26 29 28 28 28 29 30 32 35 36 32 26 22 23 25 24 23 20 17 19 27 31 31 30 28 27 28 26 22 14 5 5 3 359 2 11 17 19 17 12 9 8 8 7 7 6 6 5 4 3 2 1 0 359 357 355 353 351 348 344 340 335 328 321 314 308 304 307 313 316 319 321 321 320
338 351 4 7 11 12 11 8 3 8 18 22 21 22 22 27 29 37 40 40 36 38 39 40 36 33 31 31 31 33 34 32 29 25 23 24 26 25 23 21 16 13 19 26 26 25 24 22 20 16 15 16 12 9 9 6 6 9 13 15 16 13 10 9 8 7 7 7 6 5 5 4 3 2 1 359 358 356 354 352 350 347 344 340 336 332 328 325 324 327 330 331 332 334 334 334
319 335 357 5 12 15 16 11 5 11 31 39 42 44 49 56 57 61 56 42 47 55 57 57 48 38 33 32 31 29 29 30 31 31 28 27 27 26 24 22 17 11 13 19 22 21 20 17 15 15 18 23 21 16 14 13 10 11 12 13 14 13 10 9 8 8 7 7 6 6 5 4 4 3 2 0 359 357 356 354 352 349 347 345 342 340 337 336 336 337 338 338 339 340 340 340
309 323 349 4 17 25 26 23 21 27 46 57 63 57 62 66 69 70 60 49 54 62 68 69 53 35 30 32 32 32 35 39 41 39 35 31 31 28 25 22 17 11 9 14 18 19 19 19 20 24 29 31 28 22 19 18 17 15 14 13 13 12 10 9 8 7 7 6 6 6 6 5 4 3 2 1 360 358 357 355 353 352 350 348 346 345 343 342 342 342 343 343 343 343 344 344
297 306 339 8 31 38 38 38 40 44 59 77 89 88 86 85 82 76 67 59 57 60 62 56 32 23 29 34 38 42 48 50 49 45 41 37 36 32 25 20 16 11 7 11 17 21 24 28 32 35 35 33 30 26 23 22 20 18 15 14 14 13 10 8 7 6 6 6 6 7 6 5 5 4 3 2 1 359 358 356 355 353 352 350 349 348 347 346 346 346 346 346 346 346 346 347
286 288 315 23 56 63 66 66 65 67 74 82 90 96 95 91 86 81 73 64 54 50 47 41 29 28 36 42 46 51 54 55 55 51 45 40 37 33 26 18 14 10 6 7 15 20 23 28 32 33 32 30 29 27 24 22 22 21 17 15 14 13 12 9 6 4 4 5 6 7 6 6 5 4 3 2 1 0 359 357 356 355 353 352 351 350 350 349 349 349 349 349 349 348 349 349
