windninja/windninja_output/Output_2025-08-09_1500-1550_Google earth_Fire_150m_10min/merlingen_7.5mi_point_08-09-2025_1530_150m_ang.asc
ncols	158
nrows	163
xllcorner	391686.332397
yllcorner	5160024.123721
cellsize	150.000000
NODATA_value	-32768.000000
[rows 0 to 50 of 163, columns 0 to 95 of 158]
4 2 359 358 358 359 0 360 359 359 0 1 3 5 5 6 5 359 355 355 355 355 358 1 2 3 2 359 359 1 2 3 3 2 1 3 5 4 2 1 1 1 3 3 2 2 3 360 356 357 359 360 1 2 4 4 4 3 2 1 1 2 2 1 1 1 2 3 3 2 1 2 3 2 1 2 4 4 2 0 2 3 3 3 4 2 1 2 3 1 1 1 0 1 3 4
6 3 359 358 358 359 2 1 359 358 359 0 3 5 6 7 4 359 355 355 354 353 355 360 3 4 3 360 359 2 3 3 3 2 1 3 5 3 2 1 360 0 2 1 0 1 2 360 356 356 358 359 1 3 5 5 4 3 2 2 1 2 2 1 0 1 2 3 3 2 2 2 3 1 1 2 5 5 2 0 3 4 4 5 5 2 1 3 4 3 2 1 2 2 2 5
8 5 1 359 359 1 4 3 358 355 356 359 2 4 6 6 2 359 357 356 356 352 351 357 4 6 4 2 1 3 4 3 3 1 0 1 2 2 2 1 360 359 359 359 359 359 360 360 359 357 357 359 2 4 4 3 2 2 2 3 2 1 1 1 1 1 2 3 3 2 3 3 2 1 1 3 5 5 3 2 5 6 5 6 6 2 0 3 6 6 4 2 2 2 2 3
3 3 3 1 1 2 1 359 357 356 357 360 2 3 3 2 0 359 359 0 359 354 350 353 0 4 5 4 4 5 5 4 2 359 359 359 0 2 1 360 359 358 358 357 358 358 359 0 2 1 359 1 3 4 3 2 1 1 2 3 2 1 1 1 1 1 2 3 3 3 4 3 2 1 2 3 3 4 5 5 5 7 7 6 5 2 0 1 4 5 6 4 1 1 1 360
357 0 4 4 2 1 358 355 355 357 1 2 2 1 359 359 0 1 2 4 2 356 351 350 354 359 3 4 4 4 5 5 3 360 359 360 1 0 359 357 357 357 356 357 357 358 360 1 2 2 3 3 4 4 4 3 2 2 1 1 2 2 2 2 2 1 2 3 4 5 5 4 2 2 3 3 1 2 5 7 6 6 7 5 4 3 359 357 358 1 4 4 2 359 359 358
355 357 2 4 3 360 356 354 355 360 4 2 0 359 356 357 1 4 5 6 3 357 350 347 348 353 358 2 3 3 4 4 3 2 2 1 360 358 357 357 356 356 356 357 359 0 1 2 2 4 6 6 5 5 5 4 3 1 1 1 1 2 2 2 2 2 2 3 4 5 7 5 2 2 3 5 3 2 4 9 9 5 3 4 4 4 1 353 350 353 356 359 359 358 356 356
358 357 357 360 1 359 357 356 359 2 2 1 359 357 356 357 1 6 7 5 3 359 351 344 343 348 354 357 360 1 1 1 1 3 3 1 358 357 357 358 358 357 357 359 0 2 2 3 3 5 6 7 6 6 5 4 2 1 360 360 360 1 2 3 3 2 2 2 3 5 6 5 3 2 2 4 5 4 6 10 9 4 1 2 4 6 3 355 347 344 345 348 353 355 355 356
1 359 357 356 357 358 359 1 2 2 360 358 356 356 356 357 0 4 6 5 4 1 356 347 342 344 349 352 355 358 358 358 360 2 1 360 358 359 360 0 0 0 1 1 1 1 2 3 4 5 6 6 6 7 6 3 1 0 359 358 358 360 2 4 5 4 2 2 3 3 3 3 4 4 3 3 6 8 10 10 7 2 1 2 4 5 3 359 352 344 338 340 344 349 354 353
1 1 360 357 356 357 360 3 2 360 357 354 353 354 356 358 360 1 4 4 3 2 359 354 347 344 347 350 353 356 355 355 358 0 359 358 359 1 2 3 3 3 3 2 2 2 2 3 4 5 5 5 5 6 5 2 0 359 358 357 358 359 0 3 6 5 2 1 2 4 3 3 5 7 6 5 7 10 13 10 5 1 358 358 360 0 1 0 356 352 349 348 348 349 351 349
1 2 1 360 359 359 0 1 0 358 355 352 350 350 353 358 359 359 0 2 2 2 0 357 353 347 346 350 353 354 353 354 356 359 359 360 1 3 4 5 5 4 3 2 2 2 3 4 3 3 4 5 5 4 3 1 360 359 360 1 2 360 359 2 4 3 1 360 3 6 7 6 5 7 7 8 9 10 9 6 4 1 357 354 353 354 356 355 354 355 357 355 351 351 351 348
3 2 2 1 1 1 0 359 358 357 355 352 349 348 350 354 357 357 357 358 360 1 1 359 357 353 351 352 354 353 353 354 356 357 359 2 4 5 5 5 5 4 3 4 5 4 3 4 5 4 4 4 3 1 1 2 2 2 5 7 6 2 359 358 356 356 357 359 4 9 9 7 5 6 9 11 11 7 1 359 1 2 1 355 350 349 349 349 350 356 359 356 352 353 353 351
3 3 3 2 2 1 360 359 358 357 355 353 351 349 349 350 352 354 354 354 356 358 0 1 359 358 357 355 354 353 354 355 356 356 359 2 5 5 4 4 5 5 5 6 7 7 6 8 11 10 6 4 4 2 3 7 10 12 15 17 16 8 356 347 343 345 350 357 3 5 4 5 5 5 7 9 7 3 356 354 357 1 2 358 352 349 349 348 349 355 358 355 353 353 353 352
4 4 3 3 2 1 360 359 358 357 356 354 352 350 348 346 347 350 352 352 353 355 359 1 3 4 2 358 355 354 355 356 356 356 360 4 4 2 2 4 5 5 7 8 10 12 15 20 25 23 16 15 15 17 17 16 19 25 34 44 43 22 342 318 314 321 331 343 350 354 358 3 4 2 0 0 1 0 358 356 356 358 359 357 354 353 353 352 353 356 357 357 355 353 352 353
5 4 3 3 2 1 0 359 358 357 356 354 353 353 350 346 342 343 347 350 351 354 358 3 7 7 4 0 357 357 356 355 355 357 0 3 2 1 2 4 6 9 13 17 20 24 26 27 28 28 26 25 26 30 35 31 26 34 39 36 25 8 350 334 320 309 306 312 322 336 350 356 358 356 354 354 355 357 358 358 356 355 355 355 356 357 355 356 357 357 357 359 359 357 355 357
6 5 4 3 2 1 1 360 359 357 356 354 353 353 353 350 344 341 342 346 350 355 0 5 7 6 3 1 359 359 359 356 355 357 358 360 2 4 6 10 15 26 36 40 38 36 31 22 21 24 24 20 18 16 16 15 10 10 11 10 7 1 355 354 354 345 333 321 311 315 332 344 349 351 352 352 352 354 359 357 352 350 351 355 359 360 358 1 4 3 1 4 8 7 2 0
6 5 4 3 2 1 1 360 359 357 356 354 353 351 351 351 349 347 345 346 350 355 0 4 5 3 1 1 2 1 359 357 357 359 360 2 8 15 21 28 36 39 36 29 23 22 20 14 13 17 17 13 8 6 7 11 11 6 2 1 360 358 357 359 1 357 350 343 334 322 319 326 336 345 350 351 352 357 358 352 348 348 351 355 1 5 6 9 14 15 14 14 16 15 10 4
6 6 5 4 3 2 1 359 358 357 355 354 352 349 347 347 350 352 351 350 352 355 359 2 3 2 1 1 1 360 358 359 3 7 13 18 22 27 29 28 25 19 14 14 14 13 14 14 8 3 6 7 4 3 6 11 13 9 1 357 357 358 359 0 0 359 356 350 347 342 329 317 319 331 342 348 354 357 353 350 351 354 355 0 8 16 22 28 25 15 10 10 12 12 11 9
7 6 5 4 3 2 1 359 358 357 356 354 352 349 345 344 347 351 353 354 355 356 358 359 0 2 2 359 358 359 0 5 13 20 23 20 17 15 14 13 12 10 9 12 14 12 10 9 5 360 359 1 3 5 7 10 11 8 2 358 358 360 1 1 358 358 357 354 353 351 344 334 327 326 332 341 349 351 350 352 359 1 4 12 22 30 34 30 16 1 358 5 9 10 10 12
7 6 6 4 3 2 1 359 358 357 356 354 352 350 346 344 345 349 353 355 357 358 357 357 359 1 1 360 358 360 5 12 17 18 17 15 13 10 9 9 9 10 11 11 12 10 5 1 2 2 360 359 2 5 6 6 6 6 2 359 360 2 3 1 357 356 357 359 357 353 348 346 342 338 335 334 338 344 352 3 9 8 11 15 17 19 18 15 10 1 353 358 5 6 8 11
8 7 6 4 3 2 1 359 358 357 356 355 353 351 349 347 347 350 353 355 357 357 357 357 359 0 1 1 1 3 8 14 16 16 16 15 12 9 7 6 7 8 9 10 9 6 3 0 1 3 3 1 0 0 1 1 4 5 4 1 2 6 5 0 357 355 357 359 356 352 351 351 351 350 348 344 344 351 2 9 8 6 4 4 7 10 12 12 10 4 356 355 0 4 5 7
8 7 5 4 3 2 1 359 358 357 356 355 353 352 351 350 350 352 353 354 356 356 357 358 359 0 1 3 4 5 8 12 15 14 11 9 7 5 4 5 6 8 9 8 6 3 4 4 3 3 4 3 359 356 356 358 1 4 5 5 6 7 4 359 356 355 355 355 353 353 356 357 356 354 353 354 358 2 6 6 4 2 2 0 1 6 10 12 10 4 359 357 0 4 4 2
8 7 6 5 3 2 1 360 358 357 356 355 354 353 352 352 352 353 353 354 355 356 357 358 359 1 2 4 5 6 7 9 9 6 4 3 4 4 4 6 8 9 9 7 5 5 5 4 3 2 3 2 0 357 356 356 358 0 4 8 8 7 3 359 355 352 352 352 353 357 2 3 1 356 353 353 357 2 6 8 6 5 5 1 359 2 7 8 6 3 1 359 2 5 3 1
8 7 6 5 3 1 0 360 359 357 356 355 354 353 353 353 353 353 354 355 356 356 357 358 360 1 3 5 6 6 5 4 3 1 1 2 4 7 8 8 8 8 8 8 7 5 3 3 2 2 2 2 2 1 358 356 356 357 2 7 8 5 3 358 352 350 351 353 358 5 7 7 4 359 353 351 353 358 3 7 10 11 9 5 360 358 1 2 2 3 2 2 4 5 3 1
8 7 6 4 3 2 0 360 358 357 355 355 355 354 353 353 353 353 354 355 356 356 357 359 0 2 4 7 7 5 2 359 358 360 3 4 6 9 9 7 6 6 7 8 6 2 2 4 4 3 3 3 3 1 359 357 356 357 360 4 6 5 0 353 348 350 353 358 6 12 12 9 3 357 355 355 353 353 356 4 11 13 12 11 4 356 353 356 0 3 5 6 5 5 4 3
8 7 6 4 3 2 1 359 358 356 355 354 354 354 354 353 353 353 354 354 355 356 357 359 1 3 7 11 9 4 0 357 356 359 3 6 9 9 7 4 3 3 4 4 2 3 6 7 6 4 3 3 1 0 360 358 358 359 0 1 3 1 355 350 348 351 358 7 16 18 15 6 357 355 359 2 357 349 350 359 7 10 12 14 10 1 352 352 357 2 7 8 7 5 5 4
8 7 6 4 3 2 0 359 357 356 355 355 353 353 353 353 353 353 354 354 355 356 357 359 1 5 10 13 10 6 1 357 354 356 1 6 9 9 5 2 1 0 360 359 1 7 9 8 7 5 4 3 1 359 358 358 0 4 4 1 357 352 350 352 356 359 4 13 20 20 11 357 352 356 3 7 4 352 346 351 358 4 8 12 11 6 359 357 358 1 4 5 6 6 6 5
8 7 6 4 2 1 360 358 356 356 356 355 353 353 353 353 353 353 354 354 355 356 357 358 1 5 9 11 11 9 6 360 354 352 355 2 7 8 4 0 359 358 356 357 2 7 9 9 6 5 5 6 3 359 355 357 4 9 7 0 350 344 347 356 4 9 12 16 19 15 3 353 353 358 3 7 8 1 347 343 348 356 3 6 7 7 5 4 4 3 1 359 2 6 7 7
8 7 6 4 2 1 359 357 356 356 355 354 353 353 352 352 352 353 354 354 355 355 356 358 0 4 6 8 10 11 11 6 359 353 352 355 1 4 4 0 358 356 354 357 1 3 6 8 8 5 5 6 4 0 356 358 5 9 4 356 349 345 348 359 10 15 17 18 15 7 359 356 356 360 3 4 6 5 356 344 342 349 356 358 1 5 8 9 9 8 4 356 355 1 6 7
8 7 5 4 2 0 358 357 356 356 355 354 354 353 352 352 352 352 353 354 354 355 356 357 359 1 2 3 7 11 14 11 6 0 355 352 355 359 1 360 357 355 355 357 358 1 3 6 8 5 2 4 4 3 1 0 2 4 0 353 349 352 358 4 11 16 17 15 8 0 358 360 1 4 5 3 1 4 3 353 343 343 349 352 356 4 9 9 10 12 9 359 351 353 359 3
7 7 5 3 1 359 357 356 356 355 354 354 353 352 352 351 352 352 352 353 353 354 355 356 357 357 356 357 2 8 11 12 11 4 355 352 354 357 357 357 356 356 357 358 358 0 2 3 4 3 2 3 4 6 6 4 1 360 359 354 350 358 8 13 15 16 14 9 3 357 357 2 8 10 8 3 360 4 8 0 347 341 343 348 356 4 7 5 7 12 12 6 354 348 350 355
7 6 5 3 1 358 357 356 355 354 354 353 353 352 352 351 351 352 352 352 353 354 355 355 355 354 352 354 359 4 9 12 9 2 354 353 355 355 355 355 355 356 358 360 1 1 360 358 358 1 3 3 6 10 11 9 5 0 358 356 356 3 15 22 20 14 8 4 0 357 357 6 12 10 5 1 1 5 9 5 354 345 343 347 355 359 360 360 3 9 13 12 4 350 341 342
7 6 4 3 0 358 356 356 355 354 353 353 352 352 351 351 351 351 351 352 352 353 354 354 354 352 352 354 359 6 9 7 3 358 355 355 355 352 352 354 356 357 359 1 2 1 358 355 356 2 4 5 8 13 16 14 10 4 359 359 3 9 18 24 21 10 3 1 0 0 3 7 5 1 360 0 2 5 8 8 3 355 349 347 350 353 355 359 5 10 14 17 14 1 343 335
6 5 3 1 359 357 356 355 354 353 353 352 352 351 351 351 351 351 351 351 351 352 353 353 352 351 351 353 359 3 3 0 359 359 357 354 352 349 350 355 359 360 1 1 2 1 358 357 1 5 5 6 8 13 17 13 9 7 5 5 8 11 15 19 18 9 359 356 359 4 6 1 357 357 358 359 1 3 6 10 10 5 358 352 350 352 355 1 8 13 16 17 15 7 353 342
6 5 3 360 357 356 355 354 353 352 352 351 351 351 351 351 351 351 351 351 351 351 351 352 351 351 350 352 354 355 355 356 359 2 359 351 348 349 353 358 1 2 3 3 3 2 0 2 6 7 7 7 7 12 15 12 5 5 10 13 12 8 8 12 15 12 360 351 355 2 3 359 358 359 359 358 358 359 3 10 15 13 7 359 354 357 1 3 6 11 14 14 9 2 355 349
5 4 2 359 356 355 355 354 353 352 351 351 351 351 351 351 351 351 351 351 351 350 350 349 350 351 351 351 350 349 349 353 358 1 360 354 349 351 357 1 4 6 7 7 7 4 4 7 8 7 8 9 10 11 12 9 3 2 10 17 16 9 3 6 13 15 7 354 349 354 360 2 3 3 0 357 355 354 359 9 16 16 13 7 359 359 4 5 5 8 11 8 3 357 353 352
3 2 360 357 355 355 354 353 352 351 351 351 350 350 351 351 351 351 351 351 350 350 349 348 348 349 350 351 351 348 346 349 353 355 358 359 357 356 1 5 9 12 13 11 9 7 7 7 7 7 9 10 11 10 8 6 4 4 8 18 20 12 2 0 8 15 12 360 348 348 359 7 8 6 1 356 354 354 357 6 13 15 17 16 10 1 1 6 6 4 4 3 0 358 355 352
2 0 357 355 355 354 353 352 352 351 351 350 350 350 350 350 350 350 351 350 350 350 350 349 348 348 349 351 353 348 344 345 347 350 356 2 4 5 9 13 15 16 14 11 8 7 7 6 6 8 8 8 8 7 4 4 6 8 9 15 19 14 3 357 2 10 11 3 355 354 3 11 11 5 359 357 357 1 4 2 5 13 19 22 20 6 356 1 4 0 358 359 360 360 356 354
360 358 355 353 354 354 353 351 351 351 351 350 350 350 350 350 350 350 350 350 350 350 350 349 349 348 349 351 351 345 342 343 344 349 356 3 9 16 19 19 16 13 11 9 7 7 6 6 8 9 6 4 5 6 4 3 5 9 10 12 16 14 5 357 357 4 8 6 3 7 11 9 2 357 359 1 358 0 7 6 3 8 15 19 20 11 357 357 0 358 356 357 358 356 357 360
357 355 353 353 352 352 352 351 350 350 350 350 351 351 350 350 350 350 350 350 350 350 350 349 349 348 348 348 345 341 341 342 344 350 357 5 16 23 21 17 13 10 7 6 6 6 4 4 6 7 4 2 3 6 5 1 2 6 8 9 12 13 10 3 359 1 5 8 11 13 9 1 357 360 5 3 355 356 5 11 8 6 10 13 14 12 5 357 356 358 358 358 354 353 359 7
353 352 351 352 351 351 351 350 349 350 350 351 351 351 350 350 350 350 350 350 350 350 350 350 349 348 347 344 340 339 339 341 344 349 357 9 16 17 16 15 12 8 5 2 4 5 4 2 3 5 4 1 360 2 3 1 359 2 5 6 9 14 17 13 4 2 6 11 14 8 360 357 1 8 9 0 354 354 1 10 13 12 11 9 11 12 7 358 355 358 1 359 354 355 4 8
350 349 350 350 350 351 350 350 349 350 351 351 351 351 351 351 351 351 351 351 350 350 350 350 349 348 346 342 340 339 339 339 342 348 359 10 11 10 12 12 10 7 2 1 2 3 4 2 1 3 4 359 354 355 360 1 360 360 3 7 12 19 24 21 10 3 8 13 9 1 357 1 8 10 4 356 354 356 358 7 14 16 14 10 10 9 3 358 356 358 360 359 360 4 6 5
348 347 349 350 350 350 350 349 350 350 351 351 351 351 351 351 351 351 351 351 351 351 351 350 349 348 346 344 343 341 340 341 343 348 358 5 6 6 6 6 5 3 3 3 0 359 1 2 2 2 2 358 353 352 357 2 3 3 7 14 19 21 23 21 15 7 7 9 4 1 5 9 7 2 355 352 356 358 359 6 14 13 12 10 7 3 2 2 1 359 357 360 7 11 6 2
346 346 348 349 350 349 349 350 350 351 351 351 351 351 351 352 352 352 352 351 351 351 351 350 350 349 348 346 344 342 342 344 346 349 354 359 2 1 358 358 359 1 4 2 358 357 0 4 4 2 359 358 357 356 358 4 9 11 16 22 23 18 15 16 15 9 4 3 3 6 10 9 4 358 352 352 359 2 4 8 11 10 9 6 1 2 8 11 7 2 358 1 8 9 5 3
345 346 348 349 349 349 349 350 350 351 351 351 351 351 352 352 352 352 352 352 352 352 351 351 351 350 349 347 345 343 344 346 348 349 350 352 353 353 353 354 357 2 2 358 357 1 6 8 7 2 358 359 1 2 4 8 14 18 21 23 20 12 8 8 9 5 0 360 5 9 9 7 4 359 356 358 4 7 8 8 8 8 4 359 358 6 16 17 13 6 2 1 3 4 6 7
345 346 347 348 348 349 350 350 351 351 351 351 352 352 352 352 352 352 352 352 352 352 352 352 351 351 349 348 347 346 346 347 348 348 347 346 345 345 349 354 358 0 358 356 1 8 11 9 3 358 357 1 5 7 11 15 18 20 21 18 14 9 5 1 358 358 358 359 4 8 8 8 8 5 4 7 10 12 12 10 6 2 357 356 4 16 20 19 17 12 6 2 358 1 8 13
346 346 346 347 348 349 350 351 351 351 352 352 352 352 353 353 353 353 353 353 353 353 353 352 352 351 350 350 349 348 348 348 348 347 346 343 341 342 347 352 355 356 356 359 6 11 10 4 357 355 359 7 12 15 18 21 22 20 15 11 8 6 1 356 352 353 357 1 4 7 8 10 12 12 14 16 16 15 14 9 2 356 355 2 16 21 19 18 18 16 11 2 356 1 12 17
347 346 346 347 349 349 350 350 351 352 352 352 353 353 353 353 353 353 353 353 353 353 353 353 352 352 351 351 350 349 348 348 347 347 345 344 342 342 345 348 350 353 357 3 8 8 4 358 355 357 5 12 19 23 24 24 23 16 7 2 2 1 357 353 352 354 358 3 6 7 8 12 16 19 21 21 19 15 10 5 360 358 3 14 21 20 16 15 16 18 12 2 359 6 15 18
347 346 346 348 350 349 349 350 351 352 352 353 353 353 353 353 354 354 354 354 354 354 354 353 353 353 352 352 351 351 350 349 348 346 345 344 344 342 343 344 347 350 356 5 8 4 357 354 357 3 10 18 24 25 23 21 17 10 1 356 355 356 354 352 353 356 1 6 8 8 9 12 17 21 24 25 22 15 9 6 5 8 13 17 17 16 13 13 14 14 10 6 6 11 17 19
346 346 347 350 351 350 348 349 350 351 352 353 353 354 354 354 354 354 354 355 355 355 354 354 354 353 353 353 352 352 351 350 349 347 346 345 344 343 342 342 344 347 355 2 3 359 355 356 1 8 16 24 26 24 21 16 10 2 356 354 354 354 356 356 355 358 3 6 8 9 11 14 18 23 26 27 23 17 13 11 13 13 12 12 13 12 12 12 10 7 9 12 14 16 19 20
346 347 349 352 352 350 349 348 349 351 352 353 354 354 354 355 355 355 355 355 355 355 355 355 355 354 354 354 353 353 352 351 350 349 348 346 344 344 343 343 344 346 351 355 356 355 355 360 6 13 20 24 22 19 16 10 3 355 353 355 357 358 1 0 357 358 2 6 8 10 13 15 19 23 26 25 20 16 14 14 13 12 11 10 9 9 9 7 4 5 10 17 21 21 23 27
347 348 350 353 352 351 351 350 349 350 352 353 354 354 355 355 355 355 356 356 356 355 355 355 355 355 355 354 354 353 353 352 352 351 349 347 345 344 344 345 346 347 348 350 351 352 357 4 13 21 23 21 16 12 9 3 357 353 355 359 2 5 7 3 358 359 3 6 9 12 14 17 21 24 23 20 16 15 15 15 13 12 11 10 8 6 4 2 3 7 13 21 26 28 30 32
