windninja/windninja_output/Output_2025-08-09_1500-1550_Google earth_Fire_150m_10min/merlingen_7.5mi_point_08-09-2025_1550_150m_vel.asc
ncols	158
nrows	163
xllcorner	391686.332397
yllcorner	5160024.123721
cellsize	150.000000
NODATA_value	-32768.000000
[rows 0 to 37 of 163, columns 0 to 83 of 158]
0.90 0.86 0.81 0.81 0.84 0.83 0.80 0.80 0.81 0.81 0.80 0.80 0.84 0.86 0.82 0.73 0.62 0.54 0.55 0.56 0.51 0.56 0.75 0.86 0.84 0.77 0.71 0.72 0.80 0.83 0.83 0.84 0.83 0.81 0.83 0.87 0.83 0.79 0.80 0.78 0.82 0.89 0.91 0.92 0.92 0.91 0.92 0.87 0.87 0.98 1.07 1.13 1.19 1.21 1.20 1.20 1.20 1.21 1.21 1.19 1.20 1.25 1.29 1.31 1.36 1.42 1.48 1.48 1.42 1.34 1.31 1.34 1.39 1.43 1.47 1.49 1.49 1.48 1.44 1.40 1.44 1.47 1.54 1.55
0.92 0.88 0.82 0.79 0.79 0.80 0.78 0.74 0.72 0.72 0.73 0.76 0.82 0.88 0.90 0.85 0.75 0.65 0.63 0.64 0.55 0.53 0.66 0.81 0.88 0.84 0.76 0.73 0.77 0.80 0.81 0.82 0.83 0.82 0.82 0.88 0.88 0.85 0.85 0.82 0.84 0.89 0.93 0.97 0.98 0.98 1.01 0.96 0.88 0.92 1.00 1.05 1.10 1.14 1.15 1.17 1.19 1.21 1.24 1.22 1.18 1.21 1.26 1.29 1.30 1.34 1.43 1.48 1.47 1.38 1.32 1.33 1.38 1.41 1.45 1.48 1.51 1.54 1.50 1.42 1.43 1.47 1.53 1.58
0.96 0.94 0.88 0.82 0.79 0.77 0.77 0.75 0.71 0.70 0.72 0.76 0.80 0.87 0.97 1.02 0.96 0.87 0.82 0.78 0.69 0.55 0.53 0.70 0.90 0.94 0.86 0.78 0.77 0.79 0.81 0.82 0.82 0.84 0.84 0.89 0.95 0.95 0.94 0.91 0.90 0.92 0.96 1.03 1.05 1.06 1.11 1.12 1.03 0.94 0.96 1.00 1.06 1.11 1.12 1.14 1.18 1.21 1.27 1.28 1.23 1.20 1.24 1.27 1.25 1.27 1.36 1.48 1.53 1.45 1.34 1.33 1.36 1.39 1.42 1.44 1.51 1.63 1.60 1.46 1.43 1.53 1.56 1.57
0.95 0.98 0.97 0.89 0.86 0.82 0.82 0.86 0.88 0.88 0.85 0.81 0.80 0.83 0.91 1.02 1.02 0.97 0.94 0.89 0.79 0.66 0.55 0.60 0.82 0.97 0.98 0.93 0.89 0.90 0.92 0.90 0.87 0.86 0.87 0.90 0.94 0.97 0.97 0.95 0.96 0.98 1.02 1.07 1.09 1.10 1.13 1.18 1.18 1.13 1.09 1.09 1.13 1.18 1.18 1.16 1.17 1.19 1.23 1.28 1.27 1.23 1.23 1.27 1.26 1.26 1.34 1.47 1.55 1.47 1.37 1.35 1.37 1.37 1.38 1.37 1.42 1.60 1.66 1.50 1.39 1.57 1.67 1.57
0.89 0.95 1.01 0.97 0.93 0.89 0.87 0.88 0.90 0.89 0.85 0.80 0.79 0.82 0.87 0.96 1.00 0.96 0.93 0.92 0.84 0.71 0.58 0.56 0.72 0.90 1.03 1.08 1.07 1.07 1.10 1.10 1.07 0.99 0.93 0.94 0.96 0.99 1.01 1.00 1.00 1.03 1.09 1.13 1.15 1.16 1.16 1.17 1.20 1.21 1.17 1.14 1.15 1.21 1.22 1.20 1.19 1.19 1.20 1.24 1.26 1.24 1.23 1.27 1.27 1.27 1.32 1.46 1.56 1.48 1.39 1.37 1.37 1.37 1.37 1.36 1.35 1.45 1.59 1.53 1.37 1.45 1.66 1.63
0.83 0.85 0.93 0.98 0.97 0.93 0.88 0.83 0.80 0.78 0.77 0.74 0.72 0.76 0.83 0.89 0.96 0.95 0.89 0.87 0.84 0.74 0.57 0.50 0.58 0.73 0.88 1.00 1.06 1.10 1.15 1.21 1.24 1.21 1.13 1.07 1.07 1.09 1.10 1.10 1.07 1.06 1.09 1.12 1.14 1.16 1.16 1.15 1.16 1.18 1.19 1.19 1.17 1.18 1.22 1.22 1.21 1.21 1.20 1.22 1.25 1.24 1.25 1.28 1.28 1.28 1.32 1.46 1.56 1.50 1.46 1.46 1.41 1.35 1.38 1.45 1.46 1.43 1.44 1.50 1.45 1.40 1.52 1.60
0.84 0.81 0.80 0.86 0.93 0.93 0.88 0.82 0.77 0.74 0.72 0.70 0.69 0.70 0.78 0.83 0.91 0.98 0.96 0.93 0.91 0.83 0.64 0.47 0.46 0.56 0.68 0.80 0.91 0.99 1.06 1.14 1.22 1.27 1.27 1.24 1.20 1.19 1.18 1.16 1.13 1.09 1.08 1.08 1.08 1.11 1.13 1.12 1.14 1.14 1.17 1.22 1.23 1.23 1.25 1.24 1.22 1.22 1.20 1.21 1.24 1.27 1.31 1.34 1.34 1.32 1.33 1.45 1.53 1.49 1.52 1.60 1.55 1.40 1.38 1.51 1.61 1.57 1.43 1.46 1.57 1.52 1.47 1.54
0.88 0.85 0.78 0.75 0.77 0.81 0.82 0.79 0.74 0.70 0.69 0.68 0.68 0.71 0.77 0.82 0.86 0.95 1.00 0.99 0.99 0.95 0.79 0.57 0.44 0.48 0.59 0.69 0.77 0.84 0.91 0.99 1.07 1.13 1.18 1.20 1.18 1.17 1.16 1.14 1.11 1.08 1.07 1.06 1.05 1.05 1.07 1.08 1.09 1.10 1.11 1.17 1.23 1.28 1.31 1.28 1.24 1.23 1.21 1.21 1.22 1.25 1.33 1.42 1.45 1.41 1.38 1.45 1.51 1.46 1.47 1.61 1.65 1.53 1.42 1.46 1.61 1.64 1.49 1.47 1.63 1.58 1.46 1.53
0.88 0.87 0.83 0.76 0.71 0.70 0.72 0.73 0.71 0.68 0.66 0.64 0.64 0.68 0.78 0.84 0.85 0.89 0.96 0.99 1.00 1.00 0.93 0.77 0.59 0.51 0.56 0.64 0.67 0.72 0.79 0.86 0.93 1.01 1.06 1.06 1.05 1.06 1.07 1.07 1.05 1.04 1.03 1.03 1.03 1.03 1.03 1.04 1.03 1.03 1.09 1.13 1.13 1.21 1.33 1.31 1.26 1.26 1.24 1.20 1.17 1.12 1.15 1.31 1.45 1.49 1.44 1.44 1.50 1.49 1.46 1.51 1.56 1.53 1.46 1.44 1.55 1.60 1.51 1.51 1.67 1.61 1.39 1.43
0.87 0.86 0.84 0.80 0.75 0.71 0.71 0.71 0.70 0.68 0.65 0.61 0.58 0.59 0.69 0.80 0.84 0.85 0.90 0.98 1.03 1.04 1.01 0.92 0.78 0.62 0.58 0.64 0.68 0.70 0.77 0.81 0.84 0.93 1.01 1.02 0.99 0.99 1.02 1.03 1.03 1.04 1.03 1.01 1.02 1.01 1.00 1.03 1.00 0.95 1.01 1.09 1.07 1.12 1.26 1.30 1.23 1.21 1.21 1.15 1.10 1.03 0.95 1.01 1.23 1.39 1.42 1.42 1.44 1.51 1.54 1.52 1.47 1.46 1.46 1.46 1.52 1.50 1.47 1.61 1.77 1.73 1.44 1.28
0.87 0.86 0.84 0.82 0.79 0.76 0.75 0.74 0.72 0.69 0.66 0.61 0.55 0.53 0.58 0.69 0.77 0.81 0.83 0.90 1.00 1.06 1.07 1.01 0.92 0.81 0.70 0.69 0.71 0.70 0.74 0.77 0.76 0.82 0.91 0.97 0.97 0.97 0.99 1.03 1.05 1.06 1.05 1.02 1.03 1.00 0.94 0.97 0.97 0.87 0.89 0.97 0.98 1.04 1.14 1.22 1.15 1.08 1.09 1.07 1.06 0.99 0.84 0.82 1.00 1.16 1.25 1.28 1.27 1.41 1.56 1.57 1.49 1.44 1.46 1.50 1.54 1.44 1.33 1.52 1.78 1.89 1.70 1.39
0.87 0.86 0.84 0.82 0.80 0.77 0.76 0.75 0.73 0.70 0.67 0.63 0.57 0.53 0.54 0.61 0.70 0.76 0.78 0.79 0.86 0.96 1.03 1.03 0.97 0.88 0.75 0.67 0.66 0.65 0.67 0.69 0.70 0.74 0.82 0.89 0.93 0.94 0.97 0.99 1.02 1.06 1.06 1.04 1.07 1.05 0.95 0.92 0.93 0.85 0.80 0.80 0.82 0.93 1.00 1.08 1.08 1.02 0.99 0.98 1.02 0.97 0.80 0.74 0.86 0.93 1.02 1.05 1.03 1.22 1.47 1.58 1.53 1.44 1.49 1.61 1.69 1.63 1.42 1.41 1.64 1.87 1.91 1.74
0.87 0.86 0.84 0.82 0.80 0.78 0.75 0.73 0.71 0.69 0.66 0.63 0.58 0.53 0.51 0.54 0.59 0.66 0.73 0.75 0.76 0.82 0.90 0.93 0.90 0.81 0.71 0.64 0.62 0.61 0.64 0.68 0.70 0.72 0.77 0.84 0.87 0.88 0.92 0.94 0.98 1.04 1.05 1.06 1.11 1.12 1.05 0.99 0.97 0.92 0.83 0.77 0.79 0.89 0.97 0.98 0.97 0.96 0.95 0.99 1.05 0.99 0.86 0.80 0.79 0.81 0.84 0.81 0.78 0.98 1.25 1.45 1.52 1.41 1.42 1.60 1.76 1.82 1.70 1.55 1.57 1.74 1.86 1.88
0.87 0.85 0.83 0.81 0.80 0.78 0.76 0.73 0.71 0.68 0.65 0.62 0.59 0.56 0.53 0.51 0.49 0.51 0.60 0.68 0.70 0.73 0.77 0.79 0.79 0.76 0.71 0.67 0.65 0.64 0.64 0.65 0.68 0.70 0.74 0.83 0.86 0.87 0.88 0.88 0.93 0.98 0.96 0.96 1.01 1.02 1.01 1.05 1.11 1.06 0.93 0.84 0.82 0.92 1.04 0.97 0.87 0.83 0.88 1.03 1.14 1.08 1.00 0.90 0.80 0.78 0.76 0.72 0.61 0.64 0.93 1.22 1.39 1.33 1.25 1.32 1.48 1.64 1.69 1.60 1.54 1.59 1.68 1.80
0.86 0.85 0.82 0.80 0.78 0.76 0.75 0.73 0.71 0.68 0.65 0.63 0.60 0.60 0.60 0.60 0.55 0.49 0.50 0.56 0.61 0.63 0.68 0.73 0.75 0.74 0.71 0.71 0.69 0.68 0.69 0.67 0.67 0.69 0.72 0.81 0.87 0.89 0.87 0.83 0.85 0.89 0.90 0.90 0.90 0.92 0.89 0.90 1.11 1.27 1.17 0.98 0.92 1.03 1.16 1.08 0.87 0.74 0.80 1.07 1.27 1.23 1.16 1.07 0.98 0.91 0.82 0.77 0.64 0.45 0.54 0.93 1.17 1.19 1.12 1.13 1.26 1.40 1.49 1.47 1.40 1.40 1.50 1.65
0.86 0.85 0.82 0.79 0.77 0.74 0.72 0.71 0.69 0.67 0.65 0.63 0.61 0.59 0.63 0.68 0.69 0.62 0.54 0.53 0.57 0.61 0.66 0.72 0.75 0.73 0.70 0.72 0.73 0.71 0.74 0.77 0.76 0.75 0.73 0.74 0.78 0.83 0.83 0.81 0.82 0.83 0.91 0.97 0.91 0.93 0.95 0.81 0.86 1.18 1.36 1.24 1.17 1.26 1.38 1.43 1.23 0.91 0.85 1.08 1.32 1.35 1.26 1.16 1.21 1.25 1.08 0.96 0.82 0.46 0.36 0.62 0.89 0.97 1.01 1.07 1.18 1.30 1.40 1.46 1.36 1.28 1.38 1.49
0.85 0.84 0.81 0.79 0.76 0.74 0.72 0.70 0.68 0.67 0.65 0.63 0.61 0.57 0.56 0.62 0.68 0.69 0.64 0.60 0.59 0.62 0.65 0.70 0.75 0.75 0.71 0.71 0.76 0.77 0.78 0.79 0.78 0.75 0.73 0.70 0.72 0.77 0.80 0.84 0.87 0.87 0.97 1.07 1.03 1.00 1.07 1.01 0.87 0.97 1.23 1.34 1.33 1.35 1.44 1.56 1.56 1.27 1.03 1.18 1.37 1.41 1.32 1.17 1.25 1.42 1.35 1.17 1.05 0.77 0.45 0.47 0.65 0.71 0.82 0.97 1.09 1.27 1.42 1.49 1.41 1.31 1.36 1.41
0.84 0.83 0.81 0.78 0.76 0.74 0.72 0.70 0.69 0.67 0.65 0.62 0.60 0.56 0.52 0.52 0.57 0.62 0.64 0.63 0.60 0.59 0.60 0.64 0.69 0.72 0.70 0.67 0.69 0.73 0.75 0.74 0.75 0.77 0.80 0.80 0.80 0.81 0.85 0.91 0.95 0.95 0.98 1.04 1.07 1.05 1.05 1.11 1.12 1.07 1.08 1.17 1.26 1.31 1.35 1.46 1.58 1.51 1.30 1.31 1.46 1.50 1.38 1.24 1.26 1.44 1.51 1.35 1.19 1.04 0.80 0.56 0.60 0.62 0.61 0.77 0.96 1.19 1.43 1.45 1.38 1.35 1.34 1.37
0.83 0.82 0.80 0.78 0.76 0.73 0.71 0.70 0.68 0.67 0.65 0.62 0.59 0.56 0.52 0.49 0.50 0.53 0.55 0.56 0.56 0.56 0.56 0.58 0.61 0.64 0.66 0.64 0.61 0.63 0.68 0.71 0.75 0.81 0.88 0.92 0.90 0.86 0.85 0.90 0.93 0.95 0.99 1.01 1.05 1.08 1.04 1.01 1.11 1.18 1.10 1.04 1.10 1.21 1.30 1.39 1.50 1.53 1.43 1.38 1.51 1.57 1.45 1.33 1.31 1.41 1.56 1.50 1.31 1.20 1.04 0.83 0.79 0.74 0.59 0.60 0.77 1.04 1.34 1.38 1.32 1.33 1.26 1.26
0.82 0.81 0.78 0.77 0.75 0.73 0.71 0.68 0.66 0.65 0.64 0.63 0.60 0.57 0.54 0.50 0.49 0.50 0.51 0.53 0.54 0.56 0.57 0.58 0.60 0.63 0.65 0.64 0.63 0.63 0.67 0.72 0.75 0.78 0.82 0.87 0.90 0.86 0.85 0.93 0.97 1.01 1.07 1.08 1.09 1.12 1.12 1.02 1.02 1.14 1.15 1.07 1.02 1.08 1.22 1.34 1.45 1.53 1.49 1.42 1.49 1.57 1.46 1.33 1.31 1.37 1.51 1.54 1.44 1.35 1.20 1.03 1.01 0.99 0.82 0.71 0.77 1.02 1.28 1.36 1.35 1.33 1.23 1.15
0.81 0.80 0.78 0.75 0.73 0.72 0.70 0.68 0.65 0.64 0.62 0.62 0.60 0.58 0.56 0.54 0.52 0.52 0.54 0.56 0.57 0.58 0.60 0.61 0.63 0.65 0.66 0.66 0.67 0.67 0.69 0.74 0.80 0.84 0.89 0.96 1.00 1.00 0.99 1.04 1.07 1.08 1.11 1.13 1.14 1.14 1.15 1.10 1.03 1.11 1.19 1.15 1.06 1.01 1.06 1.17 1.31 1.46 1.55 1.51 1.51 1.61 1.54 1.36 1.33 1.39 1.46 1.52 1.50 1.43 1.32 1.18 1.12 1.09 0.97 0.88 0.98 1.22 1.44 1.49 1.44 1.38 1.28 1.13
0.81 0.79 0.77 0.74 0.72 0.70 0.69 0.67 0.65 0.63 0.62 0.61 0.59 0.58 0.57 0.56 0.56 0.56 0.57 0.58 0.59 0.60 0.62 0.63 0.64 0.66 0.67 0.68 0.69 0.70 0.71 0.75 0.84 0.93 1.00 1.08 1.15 1.12 1.07 1.08 1.10 1.12 1.14 1.16 1.16 1.15 1.13 1.12 1.10 1.15 1.23 1.23 1.16 1.07 1.00 1.03 1.13 1.28 1.47 1.58 1.58 1.66 1.65 1.44 1.37 1.39 1.41 1.50 1.53 1.46 1.36 1.29 1.25 1.19 0.99 0.84 0.98 1.32 1.63 1.75 1.65 1.48 1.39 1.21
0.79 0.78 0.76 0.73 0.71 0.69 0.68 0.66 0.65 0.63 0.62 0.61 0.60 0.59 0.58 0.57 0.57 0.58 0.60 0.61 0.62 0.62 0.63 0.64 0.66 0.68 0.70 0.71 0.72 0.72 0.72 0.75 0.84 0.93 0.95 0.97 1.03 1.07 1.04 1.02 1.06 1.12 1.17 1.20 1.20 1.18 1.19 1.19 1.17 1.18 1.24 1.25 1.22 1.16 1.07 1.04 1.09 1.16 1.29 1.52 1.62 1.69 1.71 1.54 1.43 1.41 1.42 1.51 1.57 1.54 1.44 1.37 1.38 1.34 1.08 0.82 0.84 1.15 1.56 1.89 1.96 1.78 1.64 1.40
0.77 0.76 0.74 0.73 0.70 0.68 0.66 0.64 0.63 0.62 0.61 0.61 0.61 0.60 0.59 0.58 0.58 0.59 0.61 0.62 0.63 0.64 0.65 0.66 0.68 0.70 0.71 0.72 0.71 0.69 0.68 0.69 0.74 0.82 0.87 0.88 0.89 0.94 0.98 0.98 1.01 1.09 1.16 1.24 1.28 1.26 1.26 1.26 1.21 1.19 1.25 1.27 1.25 1.24 1.16 1.09 1.11 1.13 1.16 1.37 1.60 1.72 1.75 1.58 1.40 1.36 1.40 1.49 1.56 1.55 1.49 1.43 1.44 1.40 1.19 0.93 0.79 0.92 1.24 1.66 2.01 2.03 1.94 1.74
0.76 0.75 0.73 0.70 0.68 0.66 0.64 0.63 0.62 0.61 0.60 0.59 0.59 0.60 0.60 0.59 0.59 0.59 0.61 0.62 0.63 0.65 0.67 0.68 0.70 0.71 0.72 0.72 0.70 0.66 0.64 0.62 0.63 0.72 0.82 0.89 0.92 0.92 0.94 0.95 0.97 1.04 1.14 1.26 1.35 1.34 1.31 1.31 1.27 1.22 1.24 1.27 1.27 1.27 1.23 1.17 1.17 1.16 1.11 1.20 1.45 1.69 1.77 1.63 1.38 1.25 1.29 1.39 1.47 1.48 1.44 1.41 1.45 1.39 1.22 1.04 0.86 0.78 0.94 1.28 1.74 2.02 2.10 2.09
0.75 0.74 0.71 0.68 0.67 0.65 0.63 0.62 0.61 0.60 0.59 0.58 0.57 0.58 0.59 0.59 0.60 0.60 0.61 0.62 0.63 0.65 0.67 0.68 0.71 0.74 0.77 0.79 0.79 0.71 0.63 0.59 0.59 0.67 0.80 0.92 0.99 1.01 0.95 0.92 0.95 1.00 1.10 1.22 1.31 1.34 1.35 1.36 1.33 1.30 1.29 1.30 1.27 1.23 1.20 1.19 1.23 1.26 1.18 1.12 1.28 1.56 1.72 1.70 1.56 1.40 1.33 1.36 1.48 1.53 1.48 1.42 1.39 1.32 1.21 1.17 1.14 0.92 0.76 0.94 1.36 1.75 2.00 2.21
0.74 0.72 0.69 0.67 0.65 0.63 0.62 0.61 0.60 0.59 0.59 0.58 0.57 0.57 0.57 0.58 0.59 0.60 0.61 0.62 0.64 0.65 0.67 0.70 0.72 0.77 0.83 0.89 0.90 0.83 0.72 0.63 0.57 0.56 0.66 0.84 1.00 1.10 1.06 0.97 0.98 1.01 1.05 1.17 1.26 1.33 1.45 1.49 1.43 1.41 1.42 1.43 1.36 1.27 1.18 1.16 1.26 1.35 1.32 1.24 1.30 1.47 1.55 1.59 1.63 1.59 1.48 1.44 1.54 1.67 1.66 1.50 1.33 1.23 1.14 1.20 1.41 1.31 0.83 0.70 1.00 1.34 1.62 1.93
0.72 0.71 0.69 0.66 0.64 0.62 0.60 0.59 0.59 0.58 0.58 0.57 0.57 0.56 0.57 0.58 0.59 0.60 0.62 0.63 0.65 0.66 0.68 0.71 0.75 0.80 0.85 0.94 1.01 1.02 0.94 0.79 0.65 0.57 0.54 0.64 0.84 1.06 1.13 1.04 1.00 1.04 1.07 1.17 1.29 1.37 1.52 1.65 1.62 1.49 1.49 1.61 1.60 1.49 1.31 1.16 1.28 1.49 1.52 1.45 1.49 1.54 1.42 1.35 1.44 1.53 1.49 1.47 1.57 1.71 1.79 1.61 1.34 1.18 1.06 1.08 1.40 1.64 1.25 0.74 0.74 0.97 1.22 1.50
0.71 0.69 0.67 0.64 0.62 0.60 0.59 0.58 0.57 0.56 0.56 0.56 0.56 0.56 0.57 0.58 0.59 0.60 0.62 0.64 0.66 0.68 0.70 0.73 0.76 0.81 0.88 0.99 1.13 1.22 1.20 1.07 0.89 0.75 0.66 0.66 0.81 1.04 1.20 1.18 1.16 1.20 1.22 1.25 1.32 1.39 1.49 1.66 1.79 1.66 1.56 1.72 1.81 1.74 1.54 1.26 1.29 1.55 1.66 1.57 1.58 1.66 1.55 1.36 1.36 1.44 1.42 1.46 1.57 1.70 1.82 1.72 1.47 1.26 1.07 0.98 1.15 1.64 1.60 1.05 0.69 0.70 0.95 1.22
0.69 0.67 0.65 0.63 0.60 0.59 0.58 0.56 0.56 0.55 0.55 0.56 0.57 0.58 0.58 0.59 0.60 0.61 0.63 0.65 0.67 0.69 0.71 0.73 0.75 0.80 0.88 0.98 1.10 1.26 1.38 1.39 1.23 1.04 0.96 0.99 1.06 1.20 1.33 1.36 1.39 1.43 1.46 1.46 1.42 1.43 1.49 1.62 1.83 1.92 1.85 1.88 1.98 2.00 1.83 1.51 1.35 1.46 1.69 1.70 1.56 1.55 1.60 1.50 1.39 1.36 1.31 1.40 1.61 1.71 1.71 1.66 1.55 1.38 1.15 1.03 1.14 1.56 1.76 1.40 0.83 0.58 0.74 1.07
0.67 0.66 0.64 0.61 0.59 0.57 0.56 0.55 0.55 0.55 0.55 0.56 0.57 0.58 0.59 0.59 0.61 0.62 0.64 0.66 0.67 0.69 0.71 0.73 0.75 0.79 0.82 0.87 0.93 1.01 1.14 1.32 1.38 1.33 1.27 1.25 1.27 1.31 1.40 1.43 1.45 1.49 1.52 1.56 1.53 1.48 1.50 1.54 1.65 1.80 1.86 1.87 1.97 2.09 2.01 1.70 1.44 1.38 1.61 1.83 1.62 1.36 1.45 1.53 1.43 1.28 1.17 1.27 1.63 1.77 1.57 1.43 1.41 1.34 1.22 1.19 1.26 1.56 1.89 1.74 1.12 0.65 0.66 0.94
0.66 0.65 0.62 0.60 0.58 0.57 0.56 0.55 0.55 0.55 0.56 0.56 0.57 0.58 0.59 0.60 0.61 0.62 0.64 0.66 0.67 0.69 0.72 0.75 0.77 0.80 0.81 0.82 0.85 0.88 0.97 1.14 1.31 1.36 1.30 1.23 1.23 1.28 1.35 1.39 1.37 1.32 1.31 1.36 1.40 1.38 1.36 1.34 1.33 1.37 1.41 1.49 1.65 1.91 1.97 1.75 1.62 1.56 1.62 1.86 1.71 1.36 1.37 1.56 1.55 1.29 1.08 1.20 1.67 1.87 1.52 1.29 1.29 1.23 1.17 1.21 1.31 1.56 1.94 2.02 1.53 0.95 0.77 0.90
0.64 0.62 0.60 0.58 0.57 0.56 0.55 0.54 0.54 0.55 0.56 0.57 0.58 0.60 0.61 0.62 0.63 0.63 0.64 0.65 0.67 0.70 0.73 0.76 0.78 0.80 0.82 0.86 0.92 1.04 1.18 1.28 1.33 1.33 1.19 1.07 1.11 1.18 1.19 1.19 1.20 1.17 1.15 1.18 1.21 1.21 1.20 1.20 1.19 1.21 1.22 1.25 1.36 1.63 1.84 1.73 1.70 1.83 1.92 1.96 1.69 1.31 1.34 1.64 1.78 1.45 1.06 1.13 1.69 1.99 1.63 1.37 1.33 1.20 1.13 1.17 1.29 1.53 1.92 2.16 1.85 1.33 1.07 0.98
0.63 0.61 0.58 0.56 0.55 0.54 0.53 0.53 0.54 0.55 0.56 0.58 0.59 0.61 0.62 0.63 0.64 0.66 0.67 0.68 0.70 0.71 0.73 0.77 0.80 0.82 0.83 0.86 0.93 1.05 1.17 1.25 1.30 1.36 1.28 1.06 1.05 1.12 1.13 1.12 1.14 1.14 1.13 1.14 1.11 1.10 1.11 1.12 1.13 1.17 1.20 1.20 1.21 1.35 1.56 1.56 1.50 1.74 2.12 2.25 1.85 1.33 1.28 1.63 1.98 1.78 1.21 1.01 1.46 1.95 1.80 1.56 1.46 1.27 1.15 1.14 1.21 1.42 1.85 2.26 2.19 1.76 1.47 1.23
0.61 0.60 0.58 0.56 0.55 0.54 0.54 0.54 0.55 0.56 0.57 0.59 0.60 0.61 0.63 0.64 0.66 0.67 0.69 0.70 0.71 0.72 0.74 0.76 0.80 0.82 0.83 0.82 0.84 0.87 0.92 1.03 1.16 1.33 1.43 1.30 1.14 1.11 1.16 1.16 1.16 1.13 1.08 1.07 1.04 1.02 1.02 1.05 1.09 1.13 1.16 1.18 1.18 1.20 1.29 1.36 1.33 1.42 1.86 2.32 2.15 1.51 1.22 1.45 2.00 2.10 1.63 1.14 1.23 1.65 1.74 1.66 1.55 1.35 1.16 1.07 1.07 1.18 1.51 2.06 2.35 2.22 1.97 1.68
0.59 0.58 0.57 0.56 0.56 0.55 0.54 0.55 0.57 0.58 0.59 0.60 0.62 0.63 0.64 0.65 0.67 0.69 0.70 0.71 0.73 0.74 0.75 0.75 0.76 0.77 0.79 0.81 0.79 0.77 0.81 0.93 1.09 1.26 1.44 1.46 1.29 1.14 1.13 1.11 1.09 1.09 1.07 1.05 1.07 1.07 1.02 1.06 1.13 1.17 1.21 1.24 1.26 1.25 1.28 1.34 1.37 1.35 1.55 2.08 2.19 1.62 1.14 1.21 1.77 2.23 2.09 1.57 1.32 1.38 1.45 1.55 1.55 1.35 1.16 1.01 0.96 1.01 1.13 1.44 1.94 2.21 2.28 2.16
0.58 0.57 0.56 0.56 0.55 0.54 0.55 0.57 0.58 0.60 0.61 0.63 0.64 0.65 0.66 0.68 0.69 0.71 0.72 0.73 0.74 0.75 0.76 0.76 0.75 0.76 0.78 0.79 0.79 0.81 0.87 0.96 1.06 1.14 1.23 1.32 1.31 1.20 1.11 1.05 1.01 1.04 1.09 1.10 1.13 1.16 1.13 1.13 1.18 1.21 1.25 1.29 1.35 1.38 1.38 1.42 1.49 1.52 1.57 1.92 2.14 1.70 1.16 1.05 1.40 2.04 2.30 2.03 1.63 1.36 1.26 1.39 1.43 1.27 1.15 1.05 0.98 1.07 1.18 1.21 1.35 1.72 2.14 2.40
0.57 0.56 0.56 0.55 0.54 0.55 0.57 0.58 0.60 0.62 0.64 0.65 0.66 0.68 0.69 0.71 0.72 0.73 0.74 0.75 0.75 0.76 0.77 0.78 0.78 0.79 0.79 0.81 0.86 0.94 0.99 0.98 0.96 0.97 1.06 1.13 1.17 1.18 1.15 1.10 1.07 1.07 1.11 1.16 1.22 1.23 1.21 1.23 1.28 1.30 1.30 1.30 1.37 1.46 1.44 1.43 1.54 1.69 1.77 1.95 2.16 1.88 1.35 1.05 1.12 1.63 2.20 2.23 1.85 1.51 1.37 1.41 1.41 1.24 1.16 1.13 1.03 1.11 1.42 1.43 1.20 1.35 1.79 2.27
