windninja/windninja_output/Output_2025-08-09_1500-1550_Google earth_Fire_150m_10min/merlingen_7.5mi_point_08-09-2025_1510_150m_vel.asc
ncols	158
nrows	163
xllcorner	391686.332397
yllcorner	5160024.123721
cellsize	150.000000
NODATA_value	-32768.000000
[rows 0 to 37 of 163, columns 0 to 83 of 158]
1.90 1.83 1.78 1.86 1.95 2.00 1.97 1.94 1.95 1.98 1.97 1.89 1.72 1.48 1.26 1.10 0.96 0.94 1.10 1.34 1.58 1.81 2.02 2.09 2.03 1.92 1.79 1.78 1.89 1.94 1.88 1.79 1.69 1.62 1.65 1.66 1.55 1.40 1.36 1.40 1.48 1.58 1.60 1.58 1.63 1.67 1.65 1.70 1.99 2.36 2.62 2.78 2.87 2.88 2.77 2.58 2.41 2.30 2.28 2.33 2.38 2.39 2.36 2.37 2.44 2.50 2.51 2.47 2.42 2.41 2.42 2.41 2.35 2.31 2.35 2.38 2.29 2.11 2.02 2.10 2.14 2.05 1.95 1.85
1.94 1.90 1.86 1.88 1.89 1.89 1.83 1.75 1.72 1.76 1.82 1.86 1.83 1.75 1.64 1.51 1.46 1.48 1.61 1.76 1.83 1.93 2.07 2.15 2.13 2.02 1.93 1.89 1.88 1.85 1.81 1.79 1.77 1.75 1.75 1.77 1.75 1.73 1.75 1.74 1.76 1.81 1.86 1.94 2.02 2.08 2.14 2.16 2.23 2.32 2.40 2.47 2.48 2.46 2.41 2.39 2.39 2.41 2.41 2.37 2.34 2.35 2.39 2.43 2.46 2.47 2.48 2.47 2.45 2.45 2.44 2.41 2.38 2.40 2.43 2.41 2.32 2.25 2.25 2.25 2.17 2.05 1.98 1.92
2.07 2.07 2.04 1.96 1.88 1.81 1.75 1.73 1.75 1.84 1.98 2.04 2.05 2.07 2.11 2.17 2.26 2.31 2.32 2.25 2.16 2.11 2.11 2.15 2.20 2.20 2.13 2.03 1.92 1.82 1.77 1.77 1.81 1.89 1.97 2.03 2.12 2.21 2.22 2.20 2.21 2.23 2.29 2.42 2.54 2.64 2.75 2.80 2.69 2.49 2.38 2.34 2.25 2.18 2.22 2.34 2.47 2.54 2.55 2.52 2.49 2.49 2.52 2.53 2.49 2.46 2.46 2.48 2.51 2.51 2.46 2.42 2.45 2.49 2.49 2.45 2.46 2.51 2.51 2.41 2.29 2.20 2.11 2.05
2.15 2.19 2.19 2.10 2.02 1.96 2.01 2.19 2.38 2.47 2.40 2.27 2.19 2.18 2.27 2.45 2.55 2.58 2.52 2.36 2.21 2.15 2.14 2.17 2.31 2.46 2.48 2.40 2.30 2.21 2.14 2.05 2.01 2.09 2.20 2.26 2.28 2.28 2.32 2.42 2.54 2.62 2.71 2.81 2.90 2.96 2.98 2.97 2.94 2.87 2.76 2.63 2.53 2.50 2.49 2.49 2.48 2.47 2.49 2.55 2.59 2.59 2.55 2.51 2.49 2.49 2.49 2.50 2.52 2.50 2.45 2.44 2.43 2.39 2.35 2.35 2.44 2.53 2.51 2.41 2.37 2.39 2.34 2.29
2.13 2.18 2.24 2.22 2.16 2.18 2.29 2.46 2.55 2.48 2.32 2.21 2.21 2.27 2.37 2.47 2.48 2.42 2.32 2.23 2.15 2.13 2.18 2.25 2.40 2.59 2.78 2.87 2.86 2.82 2.78 2.72 2.64 2.56 2.49 2.43 2.39 2.45 2.61 2.75 2.87 3.00 3.12 3.18 3.16 3.09 3.00 2.92 2.91 2.89 2.77 2.62 2.55 2.54 2.52 2.48 2.44 2.42 2.44 2.48 2.52 2.51 2.49 2.49 2.50 2.50 2.50 2.51 2.51 2.46 2.40 2.36 2.35 2.35 2.31 2.23 2.20 2.27 2.37 2.36 2.25 2.24 2.38 2.47
2.02 2.03 2.13 2.24 2.29 2.33 2.38 2.37 2.24 2.06 2.00 2.05 2.11 2.21 2.33 2.34 2.28 2.17 2.04 1.99 2.01 2.03 2.09 2.19 2.31 2.43 2.59 2.75 2.90 3.00 3.06 3.13 3.17 3.11 2.94 2.81 2.85 2.99 3.11 3.16 3.17 3.17 3.15 3.07 2.97 2.87 2.79 2.74 2.70 2.65 2.59 2.52 2.44 2.40 2.41 2.43 2.44 2.46 2.48 2.51 2.52 2.53 2.54 2.54 2.53 2.52 2.52 2.54 2.56 2.54 2.47 2.39 2.39 2.44 2.46 2.44 2.37 2.31 2.25 2.20 2.12 2.11 2.27 2.43
1.96 1.93 1.94 2.09 2.26 2.34 2.32 2.19 1.99 1.88 1.91 1.99 2.07 2.15 2.19 2.17 2.16 2.15 2.14 2.12 2.10 2.08 2.06 2.06 2.11 2.12 2.17 2.34 2.57 2.76 2.91 3.06 3.17 3.24 3.27 3.31 3.37 3.38 3.31 3.22 3.12 2.98 2.81 2.64 2.53 2.50 2.50 2.49 2.46 2.44 2.45 2.48 2.49 2.45 2.41 2.40 2.42 2.46 2.51 2.58 2.68 2.76 2.77 2.71 2.63 2.58 2.57 2.60 2.62 2.65 2.73 2.78 2.77 2.69 2.67 2.72 2.72 2.60 2.38 2.25 2.28 2.39 2.44 2.43
2.00 1.97 1.92 1.91 1.96 2.03 2.03 1.92 1.81 1.80 1.89 2.02 2.14 2.20 2.18 2.16 2.16 2.24 2.32 2.35 2.36 2.33 2.22 2.07 1.99 1.97 2.07 2.22 2.34 2.45 2.60 2.74 2.81 2.87 3.02 3.16 3.19 3.10 2.97 2.84 2.71 2.58 2.45 2.34 2.27 2.27 2.28 2.28 2.28 2.28 2.29 2.38 2.49 2.50 2.46 2.45 2.50 2.57 2.66 2.76 2.84 2.88 2.89 2.88 2.80 2.70 2.65 2.67 2.69 2.70 2.79 2.92 2.95 2.86 2.73 2.67 2.64 2.56 2.41 2.32 2.40 2.53 2.62 2.66
2.00 1.99 1.95 1.87 1.78 1.73 1.69 1.68 1.73 1.80 1.88 1.98 2.10 2.20 2.25 2.23 2.20 2.24 2.32 2.38 2.42 2.45 2.42 2.34 2.23 2.20 2.24 2.25 2.22 2.24 2.34 2.43 2.47 2.54 2.60 2.61 2.55 2.48 2.40 2.32 2.23 2.16 2.12 2.14 2.17 2.17 2.14 2.12 2.14 2.19 2.27 2.30 2.31 2.36 2.47 2.57 2.67 2.74 2.77 2.71 2.58 2.47 2.51 2.63 2.67 2.69 2.73 2.78 2.78 2.74 2.66 2.58 2.55 2.58 2.55 2.48 2.43 2.38 2.32 2.32 2.42 2.54 2.71 2.95
1.97 1.95 1.93 1.89 1.82 1.74 1.68 1.69 1.77 1.84 1.90 1.94 1.99 2.05 2.11 2.15 2.19 2.25 2.36 2.51 2.59 2.60 2.62 2.61 2.54 2.42 2.33 2.26 2.21 2.22 2.29 2.30 2.29 2.35 2.38 2.31 2.21 2.13 2.07 2.02 2.01 2.02 2.04 2.04 2.03 1.99 1.98 1.98 1.99 2.03 2.07 2.11 2.13 2.23 2.39 2.49 2.51 2.48 2.34 2.14 1.98 1.95 1.94 1.96 2.15 2.46 2.66 2.72 2.68 2.59 2.46 2.34 2.30 2.33 2.35 2.30 2.20 2.22 2.45 2.75 2.91 2.94 2.89 2.95
1.96 1.95 1.93 1.91 1.87 1.84 1.83 1.84 1.87 1.89 1.91 1.91 1.91 1.91 1.94 2.01 2.13 2.24 2.36 2.51 2.67 2.76 2.78 2.75 2.70 2.63 2.47 2.30 2.23 2.22 2.20 2.13 2.07 2.08 2.09 2.08 2.03 1.97 1.96 2.02 2.07 2.07 2.04 1.97 1.86 1.79 1.77 1.77 1.72 1.66 1.67 1.75 1.84 1.94 1.95 1.94 1.79 1.63 1.49 1.41 1.39 1.38 1.33 1.40 1.70 2.01 2.18 2.22 2.18 2.20 2.29 2.37 2.39 2.37 2.32 2.21 2.14 2.25 2.61 3.12 3.41 3.42 3.24 3.05
1.96 1.95 1.93 1.90 1.88 1.87 1.89 1.92 1.92 1.92 1.91 1.90 1.88 1.87 1.88 1.95 2.08 2.21 2.28 2.33 2.42 2.55 2.65 2.69 2.67 2.56 2.33 2.14 2.04 1.99 1.91 1.83 1.82 1.84 1.82 1.79 1.80 1.84 1.92 1.97 1.99 1.98 1.95 1.89 1.83 1.73 1.56 1.39 1.26 1.13 1.07 1.08 1.06 1.09 1.05 1.03 0.98 0.89 0.80 0.74 0.69 0.66 0.74 0.99 1.29 1.43 1.51 1.57 1.66 1.97 2.31 2.46 2.49 2.53 2.63 2.77 2.94 3.10 3.24 3.43 3.54 3.64 3.72 3.77
1.94 1.93 1.92 1.91 1.90 1.90 1.90 1.89 1.88 1.89 1.90 1.90 1.88 1.82 1.79 1.85 1.97 2.10 2.20 2.24 2.26 2.28 2.31 2.33 2.25 2.06 1.91 1.84 1.78 1.73 1.71 1.73 1.75 1.74 1.67 1.60 1.62 1.73 1.83 1.85 1.86 1.89 1.88 1.84 1.77 1.65 1.43 1.13 0.88 0.74 0.65 0.54 0.45 0.40 0.40 0.43 0.46 0.47 0.41 0.30 0.23 0.32 0.51 0.74 0.91 0.97 0.98 1.10 1.47 1.92 2.17 2.33 2.51 2.73 3.08 3.50 3.77 3.92 3.97 3.86 3.71 3.73 3.95 4.18
1.93 1.92 1.90 1.90 1.91 1.92 1.91 1.88 1.86 1.87 1.88 1.88 1.87 1.83 1.79 1.77 1.81 1.89 2.00 2.08 2.09 2.03 1.94 1.83 1.76 1.75 1.78 1.79 1.78 1.73 1.67 1.63 1.64 1.62 1.59 1.64 1.71 1.73 1.71 1.69 1.65 1.55 1.37 1.23 1.13 1.08 1.09 1.12 1.05 0.88 0.69 0.54 0.42 0.33 0.28 0.28 0.27 0.25 0.33 0.42 0.52 0.67 0.82 0.90 0.88 0.84 0.85 1.06 1.41 1.65 1.86 2.14 2.51 2.85 3.10 3.18 3.29 3.46 3.51 3.49 3.53 3.64 3.77 3.80
1.92 1.91 1.90 1.89 1.88 1.87 1.87 1.87 1.88 1.87 1.87 1.88 1.90 1.95 1.97 1.94 1.92 1.87 1.84 1.82 1.77 1.69 1.62 1.59 1.61 1.69 1.79 1.83 1.80 1.72 1.65 1.60 1.58 1.59 1.67 1.76 1.76 1.64 1.46 1.24 1.04 0.85 0.70 0.58 0.58 0.65 0.75 0.99 1.30 1.38 1.18 0.99 0.90 0.90 0.92 0.78 0.66 0.64 0.79 1.05 1.33 1.50 1.66 1.65 1.41 1.23 1.25 1.37 1.50 1.51 1.70 2.14 2.51 2.68 2.64 2.59 2.64 2.58 2.46 2.57 2.92 3.15 3.13 2.97
1.91 1.91 1.89 1.87 1.85 1.83 1.82 1.84 1.85 1.86 1.87 1.89 1.92 1.98 2.09 2.19 2.19 2.07 1.89 1.75 1.66 1.62 1.61 1.64 1.69 1.75 1.82 1.84 1.80 1.78 1.85 1.92 1.89 1.79 1.65 1.43 1.21 1.07 0.91 0.74 0.62 0.62 0.72 0.84 0.92 1.01 1.06 1.00 1.10 1.44 1.75 1.82 1.90 2.07 2.13 2.07 1.79 1.54 1.53 1.69 1.95 2.16 2.23 2.16 2.08 2.04 1.98 1.91 1.88 1.74 1.77 1.99 2.13 2.13 2.19 2.34 2.31 2.11 2.14 2.48 2.71 2.58 2.32 2.09
1.90 1.90 1.88 1.86 1.85 1.84 1.84 1.83 1.84 1.85 1.87 1.88 1.90 1.94 2.02 2.12 2.14 2.08 1.98 1.86 1.75 1.69 1.67 1.71 1.79 1.85 1.84 1.84 1.91 1.99 2.01 1.94 1.75 1.46 1.11 0.84 0.71 0.69 0.75 0.84 0.94 1.10 1.35 1.48 1.49 1.48 1.53 1.47 1.35 1.56 2.01 2.37 2.53 2.55 2.51 2.48 2.41 2.26 2.17 2.31 2.42 2.42 2.35 2.27 2.29 2.35 2.36 2.39 2.38 2.17 1.93 1.83 1.77 1.81 2.05 2.17 2.11 2.20 2.52 2.72 2.50 2.06 1.76 1.47
1.90 1.89 1.88 1.86 1.85 1.85 1.85 1.85 1.86 1.87 1.87 1.86 1.87 1.88 1.90 1.88 1.85 1.86 1.87 1.82 1.71 1.61 1.59 1.64 1.70 1.71 1.71 1.73 1.79 1.83 1.74 1.52 1.30 1.15 1.07 1.04 1.06 1.13 1.25 1.39 1.51 1.57 1.57 1.56 1.60 1.61 1.67 1.88 2.07 2.13 2.17 2.30 2.39 2.36 2.29 2.35 2.53 2.67 2.71 2.72 2.67 2.59 2.48 2.39 2.43 2.54 2.65 2.64 2.46 2.27 2.20 2.08 2.00 1.99 1.92 1.94 2.13 2.37 2.44 2.09 1.62 1.40 1.23 1.01
1.88 1.88 1.86 1.86 1.85 1.84 1.84 1.85 1.86 1.87 1.86 1.84 1.84 1.84 1.82 1.77 1.70 1.64 1.58 1.53 1.50 1.48 1.49 1.50 1.49 1.52 1.57 1.59 1.54 1.46 1.36 1.28 1.26 1.32 1.41 1.45 1.45 1.44 1.46 1.51 1.56 1.57 1.56 1.57 1.62 1.69 1.82 2.04 2.21 2.24 2.15 2.04 2.04 2.15 2.29 2.46 2.63 2.75 2.80 2.78 2.72 2.61 2.51 2.51 2.59 2.67 2.69 2.56 2.38 2.42 2.61 2.63 2.51 2.22 1.86 1.72 1.70 1.60 1.32 0.94 0.80 0.80 0.82 0.90
1.86 1.85 1.85 1.85 1.85 1.85 1.84 1.84 1.84 1.83 1.84 1.85 1.85 1.83 1.79 1.72 1.62 1.51 1.45 1.44 1.47 1.51 1.53 1.53 1.54 1.56 1.58 1.55 1.49 1.41 1.35 1.34 1.35 1.34 1.33 1.37 1.44 1.49 1.58 1.70 1.77 1.81 1.84 1.85 1.88 2.02 2.15 2.13 2.05 2.02 2.00 1.94 1.94 2.11 2.40 2.61 2.71 2.74 2.73 2.65 2.51 2.35 2.31 2.40 2.49 2.51 2.50 2.54 2.75 3.02 3.09 2.94 2.72 2.47 2.21 1.93 1.49 1.08 0.84 0.80 0.88 0.98 1.10 1.24
1.86 1.86 1.85 1.84 1.83 1.84 1.84 1.83 1.82 1.81 1.82 1.83 1.84 1.82 1.79 1.73 1.65 1.59 1.57 1.59 1.61 1.63 1.64 1.65 1.65 1.63 1.60 1.57 1.54 1.51 1.48 1.49 1.52 1.56 1.68 1.82 1.93 2.06 2.13 2.15 2.10 2.04 1.99 2.02 2.12 2.19 2.16 2.07 1.99 2.00 2.04 2.07 2.11 2.19 2.29 2.37 2.49 2.62 2.65 2.54 2.39 2.32 2.34 2.42 2.50 2.59 2.72 2.95 3.24 3.34 3.13 2.79 2.50 2.37 2.35 2.24 2.05 1.86 1.69 1.56 1.55 1.58 1.53 1.49
1.86 1.86 1.84 1.82 1.82 1.83 1.83 1.83 1.82 1.82 1.82 1.82 1.81 1.80 1.79 1.77 1.74 1.72 1.71 1.70 1.70 1.70 1.71 1.70 1.69 1.67 1.65 1.62 1.59 1.56 1.58 1.66 1.79 2.01 2.22 2.38 2.45 2.42 2.32 2.22 2.15 2.12 2.12 2.15 2.15 2.07 2.01 2.07 2.15 2.20 2.25 2.30 2.31 2.25 2.15 2.14 2.23 2.37 2.51 2.53 2.47 2.48 2.55 2.59 2.67 2.89 3.16 3.38 3.40 3.12 2.74 2.49 2.32 2.23 2.20 2.24 2.39 2.51 2.50 2.40 2.18 1.89 1.70 1.67
1.84 1.83 1.82 1.82 1.83 1.83 1.83 1.83 1.83 1.83 1.84 1.85 1.84 1.82 1.80 1.80 1.79 1.79 1.79 1.79 1.78 1.78 1.77 1.76 1.75 1.74 1.72 1.69 1.66 1.66 1.71 1.83 2.02 2.17 2.20 2.18 2.16 2.13 2.05 2.01 2.06 2.15 2.21 2.19 2.12 2.14 2.28 2.35 2.36 2.37 2.37 2.37 2.33 2.27 2.23 2.24 2.26 2.32 2.39 2.48 2.55 2.61 2.68 2.83 3.14 3.49 3.65 3.57 3.25 2.83 2.53 2.37 2.33 2.36 2.38 2.41 2.45 2.59 2.80 2.88 2.72 2.43 2.18 1.97
1.82 1.82 1.82 1.83 1.83 1.82 1.81 1.80 1.81 1.83 1.85 1.86 1.86 1.85 1.84 1.83 1.83 1.84 1.84 1.85 1.85 1.85 1.85 1.83 1.81 1.78 1.73 1.67 1.61 1.62 1.68 1.80 1.91 1.94 1.90 1.83 1.74 1.75 1.85 1.94 2.04 2.15 2.21 2.25 2.36 2.55 2.59 2.49 2.40 2.35 2.34 2.32 2.32 2.37 2.39 2.38 2.36 2.35 2.34 2.45 2.56 2.61 2.73 3.15 3.60 3.70 3.52 3.14 2.69 2.42 2.28 2.24 2.34 2.58 2.68 2.52 2.32 2.37 2.53 2.69 2.83 2.84 2.68 2.39
1.81 1.81 1.81 1.80 1.80 1.79 1.79 1.79 1.81 1.83 1.84 1.83 1.83 1.86 1.88 1.87 1.86 1.86 1.86 1.86 1.87 1.87 1.87 1.87 1.86 1.82 1.73 1.62 1.54 1.54 1.60 1.65 1.68 1.72 1.77 1.78 1.75 1.73 1.81 1.94 2.06 2.17 2.32 2.56 2.78 2.76 2.58 2.43 2.35 2.29 2.28 2.32 2.41 2.49 2.53 2.52 2.48 2.37 2.26 2.26 2.37 2.63 3.08 3.49 3.46 3.01 2.58 2.23 2.00 1.88 1.87 2.09 2.54 2.79 2.63 2.30 2.06 2.06 2.18 2.34 2.66 2.97 3.09 2.97
1.80 1.79 1.78 1.78 1.78 1.79 1.79 1.80 1.83 1.84 1.83 1.82 1.83 1.85 1.87 1.88 1.89 1.88 1.87 1.86 1.86 1.87 1.88 1.90 1.90 1.89 1.84 1.78 1.72 1.63 1.55 1.55 1.62 1.72 1.84 1.92 1.94 1.91 1.91 1.99 2.10 2.24 2.46 2.68 2.70 2.57 2.45 2.41 2.42 2.44 2.42 2.37 2.33 2.35 2.47 2.59 2.58 2.39 2.15 2.06 2.34 3.06 3.69 3.74 3.36 2.82 2.32 2.00 1.86 1.79 1.88 2.35 2.77 2.70 2.50 2.35 2.15 2.01 2.08 2.28 2.64 3.00 3.27 3.42
1.79 1.78 1.77 1.77 1.77 1.78 1.79 1.81 1.84 1.84 1.83 1.83 1.84 1.84 1.84 1.86 1.87 1.88 1.88 1.87 1.89 1.91 1.95 1.97 1.97 1.98 2.02 2.06 2.00 1.86 1.69 1.56 1.51 1.55 1.68 1.87 2.03 2.14 2.17 2.20 2.27 2.38 2.54 2.62 2.58 2.62 2.73 2.72 2.71 2.73 2.68 2.54 2.42 2.42 2.61 2.74 2.62 2.41 2.30 2.42 2.92 3.51 3.59 3.26 2.97 2.70 2.39 2.15 2.09 2.18 2.46 2.78 2.74 2.51 2.44 2.50 2.49 2.30 2.20 2.32 2.52 2.68 2.91 3.28
1.78 1.78 1.77 1.77 1.77 1.77 1.79 1.81 1.82 1.82 1.82 1.83 1.83 1.83 1.83 1.85 1.86 1.88 1.90 1.92 1.95 1.98 2.00 2.01 2.04 2.07 2.16 2.29 2.35 2.27 2.05 1.79 1.60 1.52 1.49 1.60 1.87 2.19 2.34 2.38 2.42 2.56 2.69 2.76 2.85 2.99 3.14 3.17 3.04 2.92 2.95 3.02 3.01 2.99 2.98 2.86 2.75 2.77 2.95 3.25 3.54 3.51 2.96 2.41 2.22 2.21 2.20 2.18 2.28 2.54 2.84 2.85 2.64 2.44 2.35 2.39 2.57 2.63 2.52 2.37 2.31 2.33 2.52 2.84
1.76 1.76 1.76 1.75 1.76 1.77 1.79 1.80 1.80 1.80 1.81 1.82 1.83 1.83 1.85 1.86 1.88 1.90 1.93 1.97 2.00 2.01 2.01 2.02 2.08 2.19 2.36 2.58 2.76 2.78 2.62 2.35 2.07 1.86 1.77 1.86 2.12 2.40 2.67 2.83 2.92 3.07 3.10 3.09 3.14 3.21 3.27 3.35 3.38 3.35 3.41 3.53 3.55 3.46 3.25 3.01 3.04 3.24 3.37 3.54 3.64 3.38 2.81 2.28 2.05 2.05 2.11 2.23 2.46 2.80 3.01 2.98 2.79 2.50 2.24 2.16 2.25 2.45 2.45 2.29 2.19 2.17 2.30 2.44
1.74 1.73 1.74 1.74 1.75 1.76 1.78 1.78 1.78 1.79 1.81 1.83 1.85 1.87 1.88 1.90 1.91 1.94 1.96 1.97 1.98 2.00 2.02 2.05 2.11 2.24 2.45 2.65 2.81 3.02 3.14 3.04 2.73 2.50 2.62 2.86 2.97 3.07 3.25 3.45 3.64 3.73 3.68 3.58 3.46 3.41 3.45 3.59 3.87 4.12 4.15 4.05 3.96 3.80 3.57 3.35 3.23 3.20 3.24 3.30 3.20 2.81 2.48 2.21 1.97 1.91 2.06 2.31 2.56 2.78 2.85 2.78 2.64 2.44 2.27 2.23 2.33 2.32 2.21 2.12 2.07 2.04 2.05 2.03
1.72 1.72 1.73 1.73 1.73 1.75 1.77 1.77 1.78 1.80 1.82 1.84 1.86 1.88 1.89 1.91 1.93 1.94 1.96 1.98 2.00 2.04 2.07 2.11 2.17 2.26 2.36 2.40 2.44 2.50 2.63 2.88 3.08 3.25 3.49 3.60 3.55 3.55 3.67 3.82 3.91 3.89 3.81 3.72 3.62 3.55 3.57 3.73 3.87 3.95 4.00 3.95 3.82 3.68 3.52 3.31 3.02 2.83 2.91 2.94 2.62 2.12 1.89 1.82 1.72 1.76 1.97 2.19 2.35 2.45 2.31 2.03 2.02 2.21 2.46 2.66 2.66 2.56 2.45 2.32 2.17 2.02 1.92 1.88
1.72 1.72 1.72 1.72 1.75 1.78 1.79 1.79 1.80 1.82 1.84 1.85 1.86 1.88 1.90 1.91 1.91 1.92 1.95 2.00 2.03 2.06 2.10 2.14 2.21 2.30 2.33 2.31 2.24 2.19 2.26 2.63 3.12 3.41 3.51 3.47 3.48 3.62 3.74 3.71 3.56 3.33 3.17 3.12 3.15 3.20 3.25 3.23 3.01 2.75 2.76 2.84 2.89 3.00 3.06 3.04 2.94 2.77 2.65 2.55 2.31 2.00 1.82 1.78 1.76 1.83 2.00 2.15 2.29 2.25 1.95 1.74 1.91 2.33 2.66 2.78 2.76 2.76 2.78 2.71 2.54 2.26 2.01 1.92
1.70 1.69 1.68 1.70 1.75 1.77 1.77 1.78 1.80 1.82 1.84 1.87 1.90 1.92 1.92 1.93 1.93 1.94 1.96 1.99 2.01 2.06 2.12 2.18 2.24 2.29 2.34 2.38 2.46 2.66 2.98 3.25 3.34 3.23 3.05 3.03 3.21 3.39 3.27 3.01 2.85 2.71 2.62 2.61 2.63 2.66 2.68 2.55 2.28 2.13 2.09 2.11 2.23 2.44 2.70 2.90 3.05 3.05 2.80 2.41 2.03 1.90 2.01 2.15 2.14 2.07 2.16 2.39 2.53 2.41 2.21 2.30 2.60 2.77 2.78 2.78 2.87 2.96 2.99 2.93 2.73 2.40 2.11 1.95
1.68 1.68 1.67 1.69 1.72 1.73 1.75 1.77 1.79 1.81 1.83 1.87 1.91 1.92 1.93 1.95 1.97 1.99 2.01 2.01 2.03 2.07 2.13 2.22 2.29 2.32 2.34 2.38 2.53 2.85 3.15 3.28 3.24 3.14 3.02 2.98 3.14 3.17 2.90 2.65 2.55 2.51 2.45 2.36 2.26 2.24 2.20 2.04 1.91 1.91 1.92 1.92 1.91 1.97 2.22 2.50 2.71 2.92 2.93 2.64 2.24 2.10 2.28 2.53 2.60 2.43 2.30 2.36 2.48 2.67 2.92 3.08 3.07 2.92 2.81 2.85 2.97 3.14 3.28 3.26 3.03 2.65 2.33 2.13
1.67 1.68 1.70 1.72 1.73 1.75 1.77 1.78 1.80 1.82 1.85 1.87 1.88 1.91 1.93 1.96 1.98 2.00 2.02 2.04 2.07 2.09 2.12 2.18 2.26 2.31 2.32 2.32 2.37 2.48 2.63 2.76 2.93 3.17 3.37 3.41 3.27 3.02 2.76 2.62 2.48 2.30 2.11 1.96 1.87 1.83 1.78 1.70 1.71 1.76 1.78 1.76 1.70 1.68 1.79 2.02 2.23 2.35 2.47 2.60 2.57 2.45 2.47 2.64 2.77 2.70 2.44 2.30 2.48 2.88 3.18 3.17 2.94 2.75 2.66 2.67 2.76 2.88 2.94 3.03 3.20 3.16 2.87 2.50
1.65 1.67 1.71 1.76 1.78 1.78 1.78 1.80 1.83 1.86 1.87 1.88 1.89 1.91 1.93 1.95 1.97 2.00 2.02 2.05 2.09 2.10 2.12 2.14 2.16 2.19 2.24 2.27 2.23 2.22 2.40 2.65 2.97 3.29 3.49 3.49 3.23 2.81 2.49 2.28 2.10 1.95 1.83 1.78 1.81 1.80 1.74 1.77 1.85 1.91 1.89 1.87 1.86 1.89 1.99 2.15 2.19 2.08 2.02 2.16 2.31 2.33 2.37 2.50 2.72 2.88 2.78 2.68 2.86 2.89 2.64 2.50 2.43 2.35 2.36 2.44 2.42 2.24 1.98 2.05 2.57 3.00 3.03 2.70
1.63 1.64 1.68 1.74 1.76 1.76 1.77 1.81 1.84 1.86 1.87 1.89 1.90 1.92 1.93 1.96 1.98 2.01 2.04 2.06 2.08 2.09 2.11 2.12 2.12 2.15 2.19 2.19 2.19 2.36 2.68 2.91 3.08 3.11 2.97 2.91 2.87 2.59 2.18 1.86 1.72 1.75 1.86 1.92 1.98 2.03 2.03 2.03 2.04 2.01 2.04 2.13 2.24 2.35 2.45 2.49 2.44 2.31 2.18 2.18 2.26 2.27 2.27 2.35 2.55 2.85 3.05 3.13 3.09 2.60 1.96 1.73 1.78 2.04 2.33 2.39 2.27 2.06 1.83 1.78 1.92 2.22 2.57 2.66
1.63 1.65 1.68 1.70 1.72 1.74 1.78 1.80 1.82 1.84 1.88 1.91 1.92 1.94 1.96 1.99 2.01 2.03 2.05 2.06 2.07 2.09 2.11 2.13 2.16 2.20 2.21 2.25 2.44 2.83 3.03 2.99 2.83 2.60 2.44 2.36 2.33 2.18 1.97 1.83 1.81 1.88 2.01 2.14 2.20 2.22 2.26 2.30 2.26 2.20 2.24 2.39 2.55 2.61 2.59 2.62 2.70 2.73 2.68 2.66 2.66 2.56 2.43 2.35 2.36 2.53 2.83 3.00 2.84 2.35 1.91 1.78 2.04 2.43 2.50 2.32 2.29 2.43 2.43 2.18 1.95 1.99 2.27 2.61
