windninja/windninja_output/Output_2025-08-09_1500-1550_Google earth_Fire_150m_10min/merlingen_7.5mi_point_08-09-2025_1540_150m_ang.asc
ncols	158
nrows	163
xllcorner	391686.332397
yllcorner	5160024.123721
cellsize	150.000000
NODATA_value	-32768.000000
[rows 0 to 45 of 163, columns 0 to 95 of 158]
354 351 346 345 344 345 346 345 343 342 344 344 344 340 331 326 321 319 321 328 335 340 342 345 346 346 345 343 342 345 346 346 345 343 342 344 345 343 340 340 341 342 344 343 342 344 344 343 342 345 348 349 350 351 353 352 351 349 348 348 348 349 349 348 348 348 349 349 348 348 348 349 348 347 346 347 349 348 344 344 346 346 345 344 343 341 340 340 339 337 336 335 335 336 335 332
359 354 348 346 345 345 347 345 341 339 342 345 348 347 343 339 336 334 332 334 338 339 341 345 347 348 347 344 343 345 346 346 346 345 343 345 347 346 345 345 344 344 346 346 345 346 347 346 343 344 346 347 348 351 352 352 351 350 349 348 348 349 349 348 348 348 349 349 348 348 348 349 349 348 347 348 350 349 346 345 348 348 346 346 346 343 342 342 342 341 338 337 337 337 338 338
4 359 354 351 348 349 351 348 342 339 342 348 353 352 350 346 344 342 340 340 342 340 339 343 348 351 350 347 346 347 347 346 346 345 344 345 348 348 348 348 347 346 346 346 346 347 348 349 348 346 345 346 348 350 351 351 350 349 350 350 349 349 349 349 349 349 349 349 348 348 350 350 349 348 347 349 351 350 347 348 351 351 349 349 348 345 346 347 348 348 344 341 342 343 344 344
2 1 359 356 353 353 352 349 346 345 347 352 354 352 348 344 343 344 343 344 344 342 340 342 347 351 352 352 351 351 351 349 346 344 344 345 347 348 348 347 347 347 346 345 346 347 348 350 351 350 349 350 351 352 351 350 349 349 349 350 350 349 349 349 349 349 349 349 348 349 351 350 348 347 348 349 349 349 349 351 353 353 352 351 348 346 348 349 351 352 352 349 346 347 347 346
358 0 2 0 357 355 351 346 345 348 353 355 354 351 345 341 342 343 345 347 345 341 340 341 343 347 351 353 354 354 354 353 350 347 346 347 347 347 346 346 346 346 346 346 347 348 349 350 351 352 352 353 352 352 352 350 349 349 348 349 349 350 350 350 349 349 349 348 348 350 352 350 348 348 349 349 347 346 349 353 353 352 351 351 349 347 347 346 347 350 353 353 350 349 349 348
359 359 2 2 359 355 350 345 346 351 356 355 353 348 341 339 341 344 346 346 344 340 337 337 338 341 346 351 353 353 353 353 351 351 351 349 348 347 346 346 346 346 345 346 347 349 350 350 351 352 354 354 353 352 351 350 349 348 348 348 349 350 350 350 350 349 349 348 349 352 353 351 348 348 351 351 349 346 349 355 355 350 348 349 349 348 347 342 339 343 346 348 350 349 348 348
4 2 0 0 359 356 351 349 350 353 354 353 351 346 340 339 342 346 347 347 344 340 335 333 333 336 341 344 347 350 350 349 350 352 352 350 348 347 347 347 347 346 345 346 347 348 349 350 351 353 355 355 354 353 351 350 349 348 347 348 348 350 351 352 351 350 350 348 349 352 354 353 350 350 351 352 352 351 353 357 355 350 347 348 349 349 347 341 335 334 334 337 342 345 345 346
7 6 1 358 356 355 353 354 354 354 352 350 349 346 341 339 342 346 348 348 346 343 339 335 331 333 337 339 342 345 345 345 347 349 349 347 347 347 348 348 348 347 347 347 347 347 348 349 351 353 354 353 354 354 352 350 348 347 347 346 347 350 352 353 353 352 350 348 349 351 352 351 352 353 352 351 352 354 358 358 352 348 348 349 350 350 349 345 340 333 329 329 332 336 342 342
9 8 5 1 357 355 355 356 355 352 349 346 345 344 341 341 342 344 346 347 345 344 343 340 336 335 336 337 340 343 341 340 344 346 344 343 345 346 347 348 348 347 346 346 346 346 347 348 350 352 353 351 352 353 351 349 348 347 346 346 347 348 350 352 354 353 350 348 350 352 351 349 352 354 354 352 352 357 1 357 349 345 345 347 349 349 350 349 346 343 341 339 338 339 341 339
12 11 8 5 1 358 357 356 353 350 347 344 342 341 340 341 342 342 344 345 345 345 344 343 341 338 337 338 341 341 339 339 342 343 342 343 344 346 347 348 348 347 346 346 345 346 347 348 348 350 351 351 351 350 348 347 346 346 346 347 347 346 346 348 350 349 347 347 351 354 353 350 351 353 354 354 354 356 358 354 350 347 345 343 343 344 346 345 346 348 349 347 343 343 343 338
15 13 10 7 4 1 358 355 353 350 347 344 341 339 337 338 339 339 340 342 343 345 345 345 345 342 341 341 341 340 338 338 340 340 340 343 345 347 347 347 348 347 346 346 346 345 345 347 348 348 348 348 348 345 343 343 343 343 344 346 345 341 341 341 339 340 341 345 351 355 353 351 351 353 356 357 356 353 350 348 349 350 349 344 339 338 339 338 340 347 350 346 342 344 343 338
17 15 12 10 6 3 359 355 353 350 347 344 342 339 336 334 336 337 337 337 339 341 344 346 346 346 346 343 340 338 337 337 338 337 338 342 345 346 346 346 347 347 347 349 349 347 347 347 348 346 341 339 338 335 333 334 336 338 340 340 335 328 326 325 324 326 330 338 348 350 349 351 352 353 356 358 355 352 346 344 347 350 351 348 342 340 340 337 338 346 347 342 340 343 341 338
19 17 14 11 8 3 359 356 353 350 347 345 343 340 335 330 330 333 335 335 335 337 340 344 346 348 347 343 339 337 337 337 337 337 339 342 342 342 343 345 346 347 349 351 351 352 355 356 354 345 336 330 324 315 309 312 320 329 337 331 312 305 302 301 301 305 311 322 334 340 343 348 350 350 351 351 352 350 349 347 347 348 349 347 344 344 343 340 342 347 346 342 341 342 338 336
21 20 16 12 8 4 0 357 353 350 347 345 344 342 337 329 325 326 330 332 333 335 337 341 345 348 347 343 341 339 338 336 335 337 340 342 341 341 342 345 346 347 350 351 352 355 1 5 2 354 346 340 333 319 304 297 301 316 338 340 329 323 317 311 304 297 296 303 313 325 336 342 344 345 345 345 345 345 348 349 346 344 344 343 344 346 343 341 344 346 344 341 340 339 334 331
24 22 18 14 9 5 1 358 354 350 347 345 344 343 340 333 327 325 325 327 329 332 336 341 344 345 345 344 342 342 340 336 335 337 340 341 342 343 344 344 345 350 356 351 350 355 357 356 359 2 359 354 350 345 340 335 332 337 345 345 341 338 336 336 334 324 317 310 306 312 324 332 336 339 342 341 339 340 344 343 339 339 339 341 344 345 342 342 346 346 340 333 332 331 325 321
26 24 20 15 11 6 2 358 354 350 347 344 342 341 340 336 332 331 328 327 329 333 337 342 343 343 343 344 344 344 341 340 341 341 341 340 341 344 347 349 350 357 358 353 352 355 354 349 351 357 358 357 354 351 352 355 355 352 349 344 342 341 341 345 346 341 335 329 323 317 317 319 325 332 338 339 339 341 341 336 334 335 335 337 341 343 341 342 346 347 341 330 328 328 323 316
28 26 22 17 12 7 2 358 354 350 347 344 341 339 336 333 333 334 334 332 332 335 339 342 342 343 343 344 345 344 341 342 345 346 345 342 340 344 351 355 355 354 352 353 355 355 356 356 350 346 350 354 353 351 354 358 0 357 351 345 342 342 344 348 347 344 341 337 335 332 323 313 312 321 331 336 341 342 338 335 336 337 335 336 338 339 340 340 335 338 342 341 341 340 336 331
30 28 23 18 13 8 3 358 353 349 346 343 340 337 333 329 329 332 334 335 335 336 338 339 340 342 343 342 342 341 341 344 350 355 355 351 349 349 352 353 353 352 351 353 356 355 354 355 352 347 345 348 351 352 355 357 358 357 352 347 345 345 348 349 346 344 342 341 340 339 334 326 320 319 324 331 337 338 335 333 336 337 336 339 342 341 344 343 334 331 334 340 344 344 344 343
32 29 25 20 14 8 3 358 353 349 346 343 339 336 333 329 327 328 331 333 334 335 336 336 337 340 341 341 339 339 343 350 355 357 355 354 352 350 350 350 351 352 353 354 355 354 350 348 349 349 346 346 349 352 354 353 354 354 352 348 347 348 350 349 345 343 342 344 344 340 338 338 334 329 326 325 327 327 325 325 327 327 332 341 347 350 350 347 341 335 333 337 341 343 346 349
34 32 27 21 15 9 3 357 352 349 346 343 339 337 333 330 328 328 330 332 334 336 336 337 338 340 341 342 342 343 347 354 357 356 353 352 351 350 350 350 352 353 354 355 354 351 349 348 348 348 348 347 347 348 349 350 352 353 352 349 348 350 350 347 344 341 342 344 343 340 341 343 342 340 338 334 330 326 323 326 329 330 336 341 345 348 350 349 344 339 338 340 340 341 343 346
36 34 28 22 16 9 3 357 352 348 345 342 339 337 335 333 331 332 333 334 336 337 338 339 340 341 342 344 345 347 351 356 358 356 353 352 351 351 351 352 354 355 355 355 352 350 350 351 350 349 349 349 347 345 344 347 349 352 353 352 352 351 348 345 343 341 342 342 341 342 346 348 346 343 343 345 348 348 347 343 340 340 342 342 343 346 349 350 345 341 342 344 343 343 342 342
38 35 30 24 17 9 3 357 352 348 344 341 339 337 336 335 334 334 335 336 337 338 339 340 341 343 344 346 347 349 352 356 356 352 351 351 352 352 353 354 356 357 356 354 352 351 350 351 350 350 349 349 348 346 344 344 345 348 352 355 355 351 348 345 342 340 341 341 342 346 352 353 349 343 342 345 350 352 354 352 348 347 347 344 344 345 349 348 343 342 345 349 349 346 344 343
40 38 32 25 17 9 2 357 352 347 344 341 339 337 336 335 335 335 336 337 338 339 340 341 343 344 346 348 349 350 351 353 351 348 348 348 350 354 355 355 356 356 356 355 353 351 350 351 351 351 350 349 349 348 346 345 344 345 350 355 355 350 347 344 341 340 341 343 347 353 357 356 351 345 343 344 347 350 352 354 356 357 354 349 346 344 346 346 343 344 348 353 353 348 346 344
43 40 33 25 17 9 2 356 351 346 343 340 339 338 337 336 336 336 336 338 339 340 341 343 344 346 348 350 350 349 349 348 346 346 348 349 350 354 355 354 354 354 355 356 352 350 352 353 352 351 350 350 350 349 347 346 345 346 349 353 353 349 344 339 338 340 344 347 354 360 0 356 349 344 345 348 348 345 346 352 359 0 359 357 351 343 341 340 342 345 351 357 354 348 346 345
45 42 35 27 18 9 2 355 349 344 342 340 338 337 337 336 336 336 337 338 339 340 342 344 346 348 352 354 351 348 347 345 344 346 349 351 353 353 352 352 352 353 354 352 350 352 355 356 354 352 350 350 349 348 348 348 347 348 350 350 349 346 340 337 337 341 346 354 2 4 0 351 343 343 349 354 350 341 340 347 354 358 1 2 357 347 340 337 338 343 353 0 356 349 347 346
48 45 37 28 18 9 0 353 347 343 341 339 337 336 336 336 336 336 337 338 339 341 342 344 347 351 356 357 353 349 347 344 342 344 348 353 356 355 351 350 350 350 350 348 350 356 359 357 355 353 352 350 348 347 347 348 350 353 353 349 343 338 337 340 345 348 352 1 7 6 354 341 339 345 354 0 355 342 337 341 347 352 358 2 0 354 348 344 341 343 352 358 356 352 350 349
51 47 39 28 18 8 358 351 345 342 340 338 336 335 335 335 336 337 337 338 340 341 343 345 348 353 358 358 356 354 352 346 342 340 344 351 355 355 351 350 349 348 346 346 351 357 359 358 355 354 355 353 350 346 344 348 355 359 356 348 338 332 334 343 352 357 2 7 8 1 347 339 340 347 356 1 359 348 338 336 339 345 352 356 356 356 355 353 349 347 350 352 353 353 353 353
54 50 41 29 17 6 356 348 343 340 339 337 335 335 335 335 335 337 338 339 340 341 343 345 349 354 357 357 357 359 358 353 346 342 341 345 350 352 351 350 349 347 345 347 351 355 358 359 357 355 355 355 353 349 346 351 359 0 353 345 337 332 335 345 356 3 8 9 4 352 343 341 344 350 356 359 357 352 344 337 335 340 345 347 348 353 358 358 355 353 352 348 346 350 353 354
58 54 44 30 16 3 352 345 341 338 337 335 334 334 334 335 335 337 338 339 340 341 343 345 349 353 354 354 357 2 3 359 354 350 345 344 347 349 350 351 350 347 348 349 351 354 356 358 359 356 354 355 355 352 351 354 358 356 350 342 337 339 344 351 358 4 9 7 356 346 342 346 350 355 359 357 352 350 348 342 335 336 339 340 341 348 356 356 355 357 356 349 343 343 347 351
62 58 47 31 14 359 348 342 338 336 335 334 334 334 334 334 335 337 338 338 340 341 343 345 348 349 349 349 354 359 2 3 1 354 348 347 349 349 348 350 349 349 351 351 352 354 355 355 355 355 356 355 355 356 357 358 356 352 347 340 336 343 354 360 2 4 5 360 349 341 341 349 357 1 1 356 351 350 350 344 337 334 334 335 339 346 350 349 351 356 359 353 344 338 337 341
68 64 51 31 10 353 343 338 335 333 333 333 333 333 333 334 335 336 338 338 340 342 343 345 347 346 345 346 351 355 359 1 360 353 348 349 351 348 347 348 348 349 352 353 354 354 353 351 350 353 356 356 357 360 2 3 359 350 344 339 339 347 360 8 6 1 358 353 343 337 339 350 359 360 358 355 353 354 353 348 342 337 334 335 339 344 345 345 348 354 358 357 348 335 327 327
76 71 57 31 2 345 337 334 331 331 331 331 331 332 333 334 335 336 337 338 340 341 343 345 345 345 345 347 352 358 359 356 353 349 348 350 350 346 345 347 349 350 352 353 354 354 350 346 346 351 354 354 357 2 5 7 3 352 342 339 343 354 6 11 5 355 352 349 342 338 343 350 351 351 353 354 355 356 354 352 350 346 340 336 337 338 339 342 346 350 355 357 353 339 324 319
86 83 67 28 348 335 330 328 327 328 330 330 331 332 333 334 335 336 337 338 339 341 343 344 344 344 345 347 353 357 355 352 350 348 347 348 347 342 342 347 350 351 352 352 353 352 348 346 349 352 351 353 355 0 6 6 0 355 349 344 348 359 6 8 2 354 348 345 343 344 348 348 346 348 352 354 355 355 355 355 356 355 348 340 337 335 335 340 346 350 351 353 350 341 332 326
99 98 85 13 328 322 322 323 323 325 327 329 330 331 333 334 336 336 337 338 339 340 342 343 344 344 344 347 350 350 348 348 350 351 349 345 343 342 344 349 352 353 354 353 353 351 348 349 353 352 352 352 353 357 3 1 355 353 354 354 354 357 1 3 2 357 348 341 340 345 349 348 348 351 353 352 352 352 353 358 3 3 355 346 342 343 344 345 349 353 354 351 344 338 336 336
116 119 125 290 304 310 314 318 320 323 326 327 329 331 332 334 336 336 338 339 339 340 341 341 342 344 345 346 346 344 342 344 349 351 350 347 344 344 348 352 354 356 356 356 355 351 350 353 353 352 353 354 354 356 357 355 350 348 353 359 360 358 357 358 1 1 353 342 336 339 347 351 353 355 353 350 349 347 349 358 6 6 2 354 348 348 350 350 351 353 354 350 344 337 336 339
135 142 171 251 286 300 308 314 317 321 324 327 329 331 332 334 335 337 338 339 339 340 341 341 341 343 345 346 346 343 340 342 345 346 348 351 351 349 352 356 359 1 1 359 356 353 353 354 353 354 355 356 356 356 354 352 350 348 350 357 1 360 355 353 357 1 357 346 336 336 346 354 356 356 352 349 347 345 345 352 1 5 6 3 356 349 349 353 353 352 350 347 343 338 335 338
154 164 198 248 276 292 303 310 315 319 323 326 328 331 332 334 336 337 338 339 339 340 341 341 341 342 344 346 348 344 339 339 340 342 346 353 357 358 359 2 4 4 2 359 356 355 355 355 354 356 356 355 356 356 353 352 354 354 354 356 359 359 354 350 352 357 356 348 341 342 349 354 354 352 349 349 350 351 351 347 351 0 7 9 5 352 345 350 353 350 346 344 342 339 338 341
173 184 214 249 273 289 300 308 314 318 323 326 329 331 333 334 336 337 338 339 340 341 341 342 342 342 344 347 347 341 338 338 338 340 345 352 1 8 9 8 6 2 360 358 356 356 356 356 357 358 355 354 355 355 353 352 355 357 358 357 359 360 355 350 348 350 351 348 348 354 358 353 347 346 350 353 351 353 357 354 351 356 3 7 5 356 348 348 349 347 344 343 341 338 340 348
191 200 225 251 273 289 299 307 313 318 323 326 329 331 333 335 336 338 339 340 340 341 342 342 342 343 344 345 341 337 336 337 338 341 346 355 9 15 11 7 4 0 358 357 357 356 355 356 359 358 355 353 355 357 355 352 354 357 358 358 0 2 0 355 351 348 346 346 354 1 357 349 347 351 358 355 348 351 358 0 358 357 359 360 359 358 355 350 347 347 347 344 337 334 341 353
208 214 234 256 275 289 299 307 313 318 323 326 329 331 333 335 337 338 339 340 341 341 342 342 342 342 342 341 337 334 334 335 338 341 347 0 10 10 8 6 3 359 356 354 356 357 356 355 356 357 355 353 354 355 355 354 353 355 357 358 1 6 9 5 356 350 346 349 357 356 348 346 351 360 2 351 347 351 356 1 5 4 1 355 353 356 355 350 347 348 350 345 335 334 343 352
223 225 240 260 277 290 300 307 313 319 323 327 330 332 334 336 337 339 340 340 341 342 342 343 342 342 341 338 336 335 334 334 336 340 350 2 4 3 5 5 3 359 355 354 355 356 356 356 355 356 355 351 349 350 353 355 354 354 356 358 3 12 16 12 1 352 350 353 355 348 346 350 356 1 356 347 348 354 354 360 8 9 5 357 353 352 350 350 348 348 350 345 339 339 344 348
234 235 246 262 278 291 301 308 314 319 324 327 330 333 335 337 338 339 340 341 341 342 343 343 343 342 341 340 339 337 335 336 338 342 352 360 0 359 359 359 359 357 357 357 354 353 355 356 356 356 354 350 347 347 349 354 355 355 357 3 9 13 14 12 5 355 352 354 351 349 354 357 356 354 348 344 350 357 357 1 6 6 3 359 354 350 352 354 353 349 346 344 345 346 344 346
243 244 252 264 278 291 301 308 314 320 325 328 331 333 335 337 339 340 341 341 342 343 343 343 343 343 342 341 340 338 338 339 341 344 350 355 357 355 353 352 353 355 357 356 352 352 355 358 358 354 350 349 349 349 350 353 358 1 4 9 11 8 5 6 6 358 352 352 353 357 2 0 355 351 345 345 354 0 1 3 4 2 359 355 349 351 359 3 358 351 346 346 348 347 347 350
250 251 256 266 279 291 301 309 314 320 325 328 331 334 336 338 339 341 341 342 343 343 344 344 344 344 343 342 341 339 339 341 343 345 347 349 349 348 348 349 351 354 354 351 350 355 359 1 358 353 348 348 352 354 355 358 3 7 10 11 7 0 356 357 358 355 351 351 356 3 4 0 357 353 349 351 0 6 6 4 1 359 354 347 347 356 8 8 2 354 349 347 345 343 349 356
255 256 261 269 280 291 300 308 315 320 325 329 332 334 337 338 340 341 342 343 344 344 344 345 345 345 344 343 342 341 341 342 343 344 345 344 342 341 344 348 351 353 350 348 353 1 4 0 355 350 348 352 357 360 2 5 8 11 10 6 2 357 353 350 347 347 348 350 357 3 3 1 1 359 357 1 8 11 10 5 359 353 347 345 351 6 12 9 4 358 352 347 340 339 350 1
260 261 265 273 281 291 300 308 315 320 325 329 332 335 337 339 341 342 343 344 345 345 345 345 345 345 344 344 344 343 343 343 343 344 343 341 338 338 342 346 349 349 348 350 358 4 2 355 349 347 350 357 3 7 10 12 13 10 4 359 357 355 351 346 342 342 346 351 356 360 1 2 4 5 7 11 14 14 11 3 354 347 344 348 3 11 9 6 4 1 355 345 337 340 353 3
