windninja/windninja_output/Output_2025-08-09_1500-1550_Google earth_Fire_150m_10min/merlingen_7.5mi_point_08-09-2025_1510_150m_ang.asc
ncols	158
nrows	163
xllcorner	391686.332397
yllcorner	5160024.123721
cellsize	150.000000
NODATA_value	-32768.000000
[rows 0 to 46 of 163, columns 0 to 95 of 158]
358 356 352 352 352 353 355 354 353 353 354 355 356 357 355 353 350 345 343 345 348 349 351 354 355 355 354 352 352 354 355 354 354 353 352 353 355 353 350 350 350 351 352 352 351 352 352 350 348 350 353 353 354 356 357 357 356 355 354 353 353 354 354 353 353 354 354 354 354 353 353 354 354 353 352 353 355 354 351 350 352 353 352 352 351 350 349 349 348 348 347 346 346 347 348 347
1 357 353 352 352 353 356 354 352 351 353 355 358 359 359 357 354 350 347 347 348 348 349 354 356 357 356 353 352 354 355 355 355 354 352 353 356 354 352 352 351 351 353 352 352 352 353 352 348 349 351 352 353 356 357 357 356 355 354 354 353 354 354 353 353 353 354 355 354 353 354 354 354 353 352 354 356 355 352 351 354 355 353 353 354 351 350 351 351 350 348 347 348 348 349 350
3 359 354 353 352 354 357 356 352 349 350 355 359 360 0 358 355 353 350 350 350 348 347 352 357 359 358 356 355 356 356 355 355 354 352 353 355 355 355 354 353 352 352 352 352 352 353 354 352 351 350 351 354 356 357 356 355 355 355 355 354 354 354 354 353 353 354 355 354 354 355 355 354 353 353 355 357 356 354 354 357 358 356 356 356 352 352 354 356 356 352 350 350 351 351 352
358 357 357 356 355 356 356 354 351 351 353 357 359 359 357 355 354 353 353 354 353 350 347 349 355 359 360 359 358 359 359 357 355 352 352 353 354 355 355 353 353 353 352 351 351 352 353 355 356 355 354 355 357 357 356 355 354 354 355 355 355 354 354 354 354 354 354 355 354 355 356 355 354 353 353 354 355 355 356 356 358 359 358 357 355 353 352 354 356 358 358 355 352 353 353 352
352 355 358 358 357 356 353 350 350 353 357 359 359 357 354 352 353 354 356 357 356 351 347 347 350 355 358 360 0 0 0 360 357 354 353 353 354 354 353 352 351 352 351 351 352 353 354 355 356 357 357 358 358 357 357 356 355 354 354 354 354 355 355 355 354 354 354 354 355 356 357 356 354 354 355 355 353 352 356 359 359 358 358 357 355 354 351 350 351 354 357 357 355 353 353 352
349 351 356 358 357 355 351 348 350 355 359 359 357 355 351 351 354 357 358 359 356 351 345 343 344 349 354 358 359 359 360 359 358 357 357 356 354 353 352 352 352 351 351 351 353 354 355 356 356 358 0 0 359 358 357 356 355 354 354 353 354 355 355 355 355 355 355 354 355 357 359 357 354 354 356 357 355 352 355 1 2 356 354 355 355 355 352 346 343 347 350 353 354 353 351 352
352 351 351 354 355 354 351 351 353 357 358 357 355 353 350 350 354 359 360 359 357 352 345 341 340 344 349 352 355 357 357 356 357 358 359 356 354 353 353 353 353 352 352 353 354 355 356 356 357 359 1 1 0 359 358 356 355 354 353 353 353 355 356 356 356 355 355 354 355 357 359 358 355 355 356 357 357 356 358 3 1 355 353 354 355 356 354 347 340 338 338 341 347 349 349 350
354 353 350 349 351 352 352 354 356 356 355 354 353 352 351 351 354 358 359 359 357 354 350 343 338 341 345 347 350 353 354 353 355 357 356 355 354 354 354 355 355 354 354 355 355 354 355 356 358 359 0 359 360 0 359 356 355 353 352 351 352 354 357 358 358 357 355 354 355 357 357 356 357 358 357 357 358 0 3 3 358 354 353 354 356 356 355 351 345 337 332 333 337 341 347 347
354 354 353 350 349 350 352 355 356 354 352 350 350 350 351 352 353 355 358 358 357 355 354 349 343 341 343 346 348 351 350 350 353 355 353 352 353 355 356 357 357 356 355 355 354 354 355 356 357 359 359 358 358 360 358 355 353 352 351 351 352 353 355 357 359 358 355 353 355 357 356 355 357 359 359 358 359 3 6 3 356 352 350 352 353 354 355 354 350 347 344 343 342 343 345 343
355 355 354 353 352 352 353 354 354 353 350 348 347 347 348 351 353 353 355 356 356 356 355 353 349 345 343 346 349 349 348 348 351 353 353 353 355 356 357 358 358 356 355 355 354 355 356 356 356 357 358 358 358 357 355 353 352 352 352 353 354 352 351 354 356 355 353 353 356 359 359 357 357 359 360 360 0 2 3 359 355 353 350 348 347 348 350 350 349 351 353 350 346 346 346 342
356 355 355 354 354 354 354 353 353 352 350 348 346 345 346 348 351 351 351 352 354 356 356 355 353 350 348 349 350 349 348 349 350 350 352 354 357 358 358 358 358 357 356 356 356 355 355 356 357 356 356 356 355 353 352 352 352 352 354 356 354 350 349 348 346 346 348 351 357 1 360 358 357 359 1 3 3 359 354 352 354 355 354 349 343 343 343 342 344 351 354 350 346 348 347 344
356 356 355 355 355 354 354 353 352 352 350 349 347 345 344 345 347 349 349 348 350 353 355 356 355 354 354 352 350 348 348 349 349 349 351 355 357 358 357 357 358 358 357 359 359 358 357 359 1 359 353 351 350 348 346 348 351 353 356 357 352 343 336 333 331 332 338 346 354 356 356 357 357 358 1 2 1 356 350 348 351 355 356 352 346 344 343 341 343 350 352 348 345 347 346 344
357 356 356 356 355 354 353 353 352 352 351 349 348 346 344 341 341 344 347 347 347 350 353 356 358 359 358 354 350 349 349 349 349 349 352 355 356 355 355 356 357 358 359 1 2 4 7 10 11 6 355 349 344 336 328 331 342 355 6 11 350 323 309 304 304 308 316 329 339 345 350 354 355 355 355 355 356 355 352 351 351 352 353 351 348 348 347 345 347 351 351 348 347 347 344 343
358 357 356 356 355 354 354 354 353 352 351 350 349 349 346 340 336 337 342 344 346 349 352 357 1 2 360 356 353 351 350 348 348 350 353 355 354 353 354 356 358 360 3 6 9 13 16 18 18 13 7 2 358 346 325 311 316 346 11 9 353 338 327 317 306 298 297 303 315 329 341 347 349 349 349 349 349 350 352 353 350 348 348 348 349 350 348 347 350 351 350 348 349 347 343 342
358 358 357 356 355 354 354 354 353 352 351 350 349 350 349 345 339 336 337 340 344 348 353 358 1 0 358 356 355 354 353 349 348 350 352 353 355 356 357 0 4 13 22 24 21 21 17 11 11 14 13 8 4 359 355 351 346 350 356 355 352 347 343 343 341 331 322 313 307 312 327 337 341 344 346 346 344 346 350 348 344 343 344 346 350 351 349 350 355 354 349 346 347 346 340 336
359 358 357 356 355 355 354 353 353 352 351 350 348 348 348 346 344 342 341 341 344 349 354 358 359 358 356 357 357 356 353 352 352 353 353 354 359 3 9 16 22 26 23 15 10 10 8 3 2 7 8 5 0 357 359 2 2 357 354 351 349 348 347 350 352 347 340 333 326 318 317 321 329 337 343 344 344 347 348 343 339 340 342 345 350 352 352 354 359 0 355 349 349 348 341 333
359 358 357 357 356 355 354 353 353 352 350 349 348 346 344 343 345 347 346 345 347 350 354 357 357 357 356 356 357 355 353 353 357 0 4 6 8 13 17 17 14 8 4 5 6 5 5 5 359 354 358 360 358 357 359 4 6 2 355 350 348 348 350 352 352 350 346 342 339 336 325 314 313 324 335 341 345 348 344 341 342 344 344 346 351 356 0 4 358 354 354 354 355 354 351 347
359 359 358 357 356 355 354 353 353 352 350 349 348 345 341 339 342 346 348 349 350 351 353 354 355 357 357 355 354 354 355 359 6 13 15 11 7 6 6 5 4 2 1 3 6 4 2 2 358 353 351 354 356 358 0 2 3 2 356 351 350 351 353 354 351 349 348 346 345 344 338 329 321 321 326 335 342 343 341 341 345 347 348 353 1 6 10 6 352 342 344 351 355 356 356 356
359 359 358 357 356 355 354 353 352 352 351 350 348 345 342 340 340 343 347 349 351 352 352 352 354 356 356 355 353 354 359 6 11 12 10 8 5 3 2 1 1 2 3 3 4 2 358 355 355 355 352 352 354 358 359 359 359 359 356 353 352 354 355 354 350 348 348 349 349 345 342 340 336 332 329 327 330 333 334 339 343 343 348 355 1 4 3 359 353 346 341 345 351 353 356 359
0 359 358 357 357 356 354 353 352 352 351 350 348 347 345 342 342 344 347 349 351 352 352 352 354 355 356 356 356 357 2 9 11 10 8 7 5 2 360 359 0 2 3 3 1 358 356 354 354 355 355 353 352 353 354 355 357 358 357 354 354 356 355 352 349 347 348 350 348 345 345 346 345 344 341 338 335 334 336 342 344 343 347 351 355 358 360 359 356 350 345 346 348 351 353 356
1 360 358 358 357 356 355 354 353 352 351 350 349 348 347 346 346 347 348 350 351 352 352 353 354 355 357 358 359 0 4 8 10 8 5 3 1 359 358 359 1 2 3 2 359 356 356 357 356 355 356 355 352 349 349 351 354 357 358 358 358 358 354 350 348 346 347 347 346 346 350 352 350 347 346 348 352 354 354 352 349 349 350 349 350 354 358 360 356 350 349 349 350 352 352 351
0 360 359 358 357 355 355 354 353 352 351 350 349 349 348 348 348 349 349 350 351 352 353 354 355 357 358 359 0 1 4 6 5 2 359 359 359 359 360 1 3 3 3 0 358 357 357 357 356 355 355 355 353 350 348 349 350 353 357 0 360 357 354 351 347 345 345 345 346 351 356 357 354 348 346 348 353 357 359 358 356 355 354 351 349 352 356 357 353 351 351 353 354 354 353 350
0 360 359 358 356 355 355 354 353 352 351 351 350 350 349 349 349 349 350 351 352 352 353 354 356 357 359 1 2 2 1 1 359 357 357 357 359 2 3 3 3 2 2 1 360 358 357 357 356 355 355 355 355 353 351 349 349 350 355 360 360 356 353 350 345 344 345 347 351 358 1 0 356 350 347 347 349 353 356 360 2 3 360 355 351 350 352 352 351 352 354 357 357 355 353 352
0 0 359 358 356 356 355 354 353 352 351 351 351 351 350 349 349 350 350 351 352 353 354 355 357 358 1 3 3 1 359 356 354 355 357 358 0 3 3 2 0 0 1 2 359 356 357 358 357 356 355 355 355 354 352 351 350 350 353 357 358 355 350 344 342 344 347 352 359 5 5 1 354 349 349 350 350 348 350 357 4 6 4 3 356 348 346 346 349 353 357 1 359 355 354 353
1 0 359 357 357 356 355 354 353 352 351 351 351 351 350 350 350 350 351 351 352 353 354 356 358 0 4 7 5 360 357 354 352 355 358 1 3 2 0 359 358 358 359 358 356 357 0 1 359 357 355 355 354 353 353 352 352 352 354 354 354 352 346 342 342 345 351 359 8 11 6 357 348 348 353 358 353 344 344 352 360 3 5 7 3 352 344 342 345 351 359 4 0 356 355 354
1 0 359 358 357 356 355 354 352 352 351 351 350 350 350 350 350 350 351 351 352 353 354 356 358 2 7 9 6 1 357 353 350 352 357 1 4 3 358 356 356 355 354 353 355 1 4 2 0 358 357 356 353 352 351 352 354 358 358 353 348 343 342 345 350 352 357 6 13 12 1 347 344 349 357 3 359 345 340 345 351 357 2 6 5 359 352 349 348 351 357 1 0 358 357 356
1 0 359 358 356 356 355 353 352 352 352 351 350 350 350 350 350 351 351 352 352 353 354 356 359 3 7 9 7 5 2 355 350 348 351 358 2 2 358 355 354 353 350 351 356 2 4 3 360 358 359 359 355 351 348 351 358 3 1 353 342 336 339 348 357 2 6 11 13 7 353 344 345 351 359 3 2 353 341 338 342 350 357 0 1 360 359 358 356 354 355 355 356 359 360 359
1 0 359 358 356 355 354 353 352 352 352 351 350 350 350 350 350 351 351 352 352 352 354 356 359 2 5 6 7 9 8 2 354 349 347 351 356 358 358 355 353 351 349 351 356 359 1 3 2 359 359 360 358 353 350 353 1 3 357 349 341 337 340 350 1 9 12 13 8 358 349 347 349 353 359 1 0 357 349 339 337 343 350 352 353 358 2 3 1 360 357 351 350 354 359 0
0 360 359 358 356 355 354 352 352 352 352 351 351 350 350 350 350 350 351 351 352 353 354 355 357 0 1 1 5 9 11 8 2 356 351 348 351 354 355 355 353 351 351 352 354 357 359 2 3 360 358 359 359 356 355 357 359 359 354 346 342 344 349 356 3 10 13 10 1 351 349 351 355 358 1 359 356 356 354 346 338 339 343 344 347 354 1 2 2 4 2 353 346 347 352 356
0 360 359 357 356 354 353 352 352 352 352 351 351 350 350 350 350 350 350 351 351 353 354 354 356 356 355 356 1 6 9 10 8 0 352 350 352 353 353 353 353 352 354 354 355 357 358 359 359 359 359 358 359 0 1 0 358 355 352 345 341 348 360 5 8 9 8 4 354 347 347 354 1 4 4 359 354 356 357 351 340 336 337 340 345 353 357 355 357 3 5 359 348 342 342 347
1 360 358 357 356 354 353 353 352 352 351 351 350 350 350 349 349 350 350 350 351 352 353 354 354 353 351 353 357 2 6 9 6 358 352 352 353 352 351 351 351 353 355 356 357 357 356 354 353 357 360 359 0 4 6 6 2 354 349 345 345 353 6 14 12 6 2 357 350 344 346 356 4 4 1 357 356 358 360 355 346 340 337 338 345 350 351 351 354 0 5 4 355 341 332 332
0 359 358 357 355 353 353 353 352 351 351 351 350 350 350 350 349 349 350 350 351 352 352 353 352 351 351 352 358 4 7 4 359 355 352 353 353 349 348 351 352 353 355 357 358 357 354 350 351 356 358 359 2 7 10 10 6 357 348 346 351 1 11 17 11 1 356 353 349 346 350 356 356 355 356 356 358 359 360 359 355 349 343 340 342 344 345 349 354 359 3 6 3 348 330 324
360 359 358 356 354 353 353 352 352 351 351 351 350 350 350 350 350 349 349 349 350 351 351 352 351 350 350 352 358 2 0 357 356 355 353 351 350 346 346 351 355 356 357 357 357 356 353 351 354 357 357 358 1 6 11 9 4 360 355 352 356 4 10 12 8 359 352 349 349 352 355 353 350 351 354 356 357 358 359 1 1 359 351 344 342 341 342 348 355 360 2 4 2 352 340 332
360 359 358 355 353 353 353 352 351 351 350 350 350 350 350 350 350 350 349 349 349 349 350 350 350 350 350 351 353 354 353 353 356 358 355 349 346 346 349 354 357 358 358 358 358 356 353 355 358 359 358 358 359 3 8 5 359 358 0 2 2 2 4 6 7 3 352 345 345 351 354 352 352 354 355 355 354 355 357 3 8 7 360 351 347 348 351 352 356 0 3 1 355 348 343 341
359 359 357 354 353 352 352 352 351 350 350 349 350 350 350 350 350 350 350 350 349 349 349 348 349 350 350 350 349 347 347 350 355 357 356 352 347 348 353 357 359 1 2 2 0 357 356 359 360 359 359 360 0 2 3 1 355 353 359 6 7 2 359 1 6 7 358 346 340 344 352 355 357 358 356 353 351 350 352 2 10 10 6 360 352 352 356 356 356 359 1 358 352 345 343 344
358 357 356 354 353 352 352 352 351 350 350 350 349 349 350 350 350 349 349 349 349 349 348 347 347 348 349 350 350 347 343 346 350 351 354 356 355 353 357 1 4 8 7 5 2 359 358 359 359 359 0 1 2 1 359 357 355 353 357 5 9 4 357 356 2 7 3 351 340 340 350 359 1 1 356 351 350 348 349 357 6 10 10 8 2 353 354 358 358 357 355 353 350 346 343 344
357 356 354 352 352 353 352 351 351 350 350 350 349 350 350 349 349 349 349 349 349 349 348 348 347 347 348 350 352 347 342 342 344 346 351 359 2 2 5 9 11 10 8 5 1 0 360 359 359 360 0 0 1 359 357 356 358 359 359 3 7 4 357 352 356 2 2 354 346 346 354 1 1 357 353 352 352 354 355 352 356 5 11 14 11 357 349 354 357 354 351 350 349 347 345 346
356 355 352 351 352 352 351 351 350 350 350 350 350 350 349 349 349 349 349 349 349 349 348 348 347 347 348 350 349 343 340 340 341 345 351 359 6 13 16 14 11 8 5 3 1 0 360 360 1 2 359 357 358 359 357 356 358 1 2 2 5 5 358 352 351 355 357 354 354 359 3 359 353 350 353 356 353 356 0 358 355 360 7 12 11 2 351 351 353 351 349 349 348 345 347 353
354 353 352 351 351 351 351 350 350 349 349 350 350 350 349 349 349 349 349 349 349 349 348 348 347 347 347 347 344 339 339 340 341 345 352 1 14 20 18 13 8 4 2 1 0 360 358 359 1 1 358 356 358 360 358 355 357 0 1 2 4 6 4 358 354 352 352 354 1 6 2 353 351 354 0 358 350 352 1 5 1 359 3 5 5 3 358 352 350 351 351 349 343 341 349 359
352 351 351 351 351 351 351 350 349 349 350 350 350 350 350 349 349 349 349 349 349 349 348 348 347 346 345 343 339 337 337 338 340 345 353 6 14 14 13 11 7 3 359 357 359 359 358 358 359 360 358 356 356 358 358 356 355 357 359 1 4 9 12 8 359 354 353 357 4 1 352 350 355 3 5 355 349 352 358 4 7 7 5 1 360 2 360 353 349 352 354 350 342 343 352 359
350 349 350 350 350 350 350 349 349 349 350 350 350 350 350 350 350 349 349 349 349 349 348 348 347 346 344 341 338 337 336 336 339 344 356 7 8 7 9 8 6 2 358 356 357 358 359 358 357 358 358 354 351 351 355 357 356 356 358 1 7 14 19 16 4 356 356 0 1 353 350 354 1 4 359 350 350 354 355 2 10 12 8 2 359 358 355 352 351 352 354 350 347 350 353 355
349 349 349 350 350 350 349 349 349 350 350 350 350 350 350 350 350 350 349 349 349 349 349 348 347 346 344 342 340 338 337 337 340 345 356 3 4 3 2 2 2 359 359 359 356 355 357 358 358 358 356 353 349 348 352 356 358 358 1 7 13 16 18 15 9 359 358 360 356 353 358 2 360 357 351 347 352 357 357 3 9 9 6 3 358 355 356 357 356 353 351 351 355 357 353 353
347 348 349 349 350 349 348 349 350 350 350 350 350 350 350 350 350 350 350 349 349 349 349 348 347 347 345 343 342 340 339 341 343 346 352 357 359 357 355 355 356 357 360 358 354 354 356 360 0 357 353 352 352 351 352 357 2 5 9 14 16 11 8 10 9 2 356 356 356 360 5 3 358 354 348 348 356 1 2 5 6 5 2 358 354 355 3 6 1 355 351 352 356 357 355 356
347 347 348 349 349 349 349 349 350 350 350 350 350 350 350 350 350 350 350 349 349 349 349 348 348 347 346 344 342 341 341 343 345 346 348 350 351 350 350 351 353 357 357 353 353 357 2 4 1 356 351 351 355 357 358 1 7 11 14 15 11 4 360 1 2 358 354 354 359 5 6 3 0 356 351 354 2 6 7 5 3 2 357 351 351 360 11 12 6 359 354 353 352 352 356 1
347 347 348 348 348 348 349 349 349 350 350 350 350 350 350 350 350 350 350 350 350 350 349 349 348 348 346 345 344 343 343 343 344 345 345 344 342 342 345 349 354 356 352 351 356 4 7 3 357 352 351 355 360 2 5 9 12 14 14 10 6 0 356 353 351 351 352 353 360 5 5 4 4 1 359 4 9 12 11 7 1 356 351 349 356 10 15 13 9 4 358 353 347 348 358 6
348 347 347 347 347 348 349 349 350 350 350 350 350 350 350 350 350 350 350 350 350 350 350 349 349 348 347 346 346 345 344 344 344 344 343 341 338 339 343 348 351 351 350 353 1 7 5 358 351 349 353 0 6 10 13 16 16 13 7 3 0 358 354 349 345 345 350 354 359 3 4 6 7 8 10 13 15 14 12 5 357 350 348 353 7 15 13 11 10 7 1 352 344 349 1 9
348 347 346 347 348 348 348 349 349 350 350 350 350 350 351 351 350 350 350 350 350 350 350 350 349 348 348 347 347 346 345 344 344 344 342 341 339 339 341 344 346 347 350 357 4 4 358 352 348 351 358 6 14 19 19 19 16 9 359 355 355 354 350 346 345 346 350 356 1 1 2 5 10 13 17 19 18 13 7 0 354 351 354 4 12 13 9 7 8 9 2 351 347 354 5 11
