windninja/windninja_output/Output_2025-08-09_1500-1550_Google earth_Fire_150m_10min/merlingen_7.5mi_point_08-09-2025_1530_150m_vel.asc
ncols	158
nrows	163
xllcorner	391686.332397
yllcorner	5160024.123721
cellsize	150.000000
NODATA_value	-32768.000000
[rows 38 to 75 of 163, columns 0 to 83 of 158]
1.21 1.23 1.26 1.28 1.30 1.34 1.37 1.40 1.44 1.49 1.52 1.54 1.56 1.57 1.59 1.61 1.64 1.66 1.68 1.69 1.71 1.73 1.75 1.78 1.80 1.83 1.87 2.01 2.24 2.36 2.29 2.16 2.04 1.95 1.94 1.92 1.83 1.81 1.86 1.90 1.93 1.98 2.04 2.13 2.22 2.26 2.31 2.42 2.50 2.53 2.53 2.55 2.60 2.60 2.55 2.59 2.75 2.93 3.06 3.11 3.16 3.07 2.73 2.34 2.13 2.10 2.20 2.23 2.11 2.02 2.08 2.34 2.59 2.53 2.24 2.07 2.16 2.36 2.49 2.43 2.14 2.00 2.06 2.31
1.18 1.19 1.23 1.26 1.30 1.34 1.37 1.42 1.48 1.52 1.53 1.54 1.56 1.58 1.61 1.62 1.64 1.65 1.67 1.69 1.72 1.74 1.76 1.78 1.80 1.83 1.89 2.01 2.08 1.99 1.87 1.86 1.86 1.84 1.78 1.76 1.89 2.12 2.23 2.20 2.13 2.12 2.22 2.39 2.55 2.61 2.58 2.57 2.70 2.83 2.85 2.85 3.02 3.29 3.45 3.47 3.54 3.68 3.78 3.81 3.84 3.81 3.47 2.79 2.34 2.23 2.20 2.11 2.03 2.10 2.44 2.68 2.60 2.38 2.28 2.34 2.52 2.63 2.74 2.93 2.82 2.41 2.13 2.14
1.18 1.19 1.23 1.28 1.32 1.37 1.42 1.46 1.50 1.52 1.52 1.55 1.58 1.61 1.63 1.65 1.66 1.67 1.69 1.71 1.73 1.75 1.77 1.78 1.80 1.82 1.85 1.85 1.79 1.72 1.72 1.71 1.67 1.60 1.54 1.61 1.82 2.12 2.40 2.54 2.56 2.54 2.59 2.63 2.67 2.79 2.88 2.90 2.94 3.00 3.01 3.08 3.36 3.66 3.80 3.84 3.81 3.70 3.59 3.50 3.41 3.49 3.59 3.18 2.59 2.44 2.42 2.33 2.28 2.49 2.59 2.31 2.01 2.04 2.29 2.64 2.85 2.88 2.85 2.91 3.05 2.99 2.72 2.48
1.20 1.21 1.26 1.31 1.35 1.39 1.45 1.50 1.51 1.52 1.54 1.57 1.60 1.62 1.65 1.66 1.68 1.69 1.71 1.72 1.74 1.75 1.76 1.77 1.79 1.79 1.79 1.76 1.73 1.73 1.73 1.67 1.58 1.50 1.52 1.70 1.85 1.96 2.27 2.75 3.09 3.25 3.24 3.08 3.04 3.24 3.44 3.47 3.40 3.35 3.35 3.41 3.42 3.24 3.06 3.05 3.00 2.78 2.60 2.50 2.52 2.74 3.24 3.48 3.14 2.78 2.75 2.85 2.95 2.99 2.66 2.24 2.11 2.23 2.54 2.87 2.97 2.88 2.69 2.57 2.70 2.96 3.09 3.04
1.23 1.24 1.28 1.32 1.37 1.42 1.47 1.50 1.52 1.54 1.56 1.59 1.61 1.63 1.65 1.66 1.68 1.70 1.71 1.72 1.73 1.73 1.75 1.76 1.77 1.77 1.76 1.76 1.78 1.80 1.77 1.68 1.60 1.56 1.65 1.86 2.12 2.40 2.69 2.97 3.17 3.23 3.25 3.36 3.47 3.48 3.33 3.15 3.03 2.99 3.03 3.05 2.91 2.64 2.40 2.29 2.22 2.07 1.93 1.93 2.05 2.31 2.80 3.39 3.61 3.40 3.39 3.69 3.80 3.55 3.18 2.95 2.87 2.88 3.06 3.14 2.99 2.79 2.62 2.56 2.66 2.74 2.88 3.17
1.25 1.26 1.29 1.33 1.40 1.46 1.48 1.50 1.52 1.55 1.57 1.60 1.62 1.63 1.64 1.65 1.67 1.68 1.70 1.72 1.72 1.73 1.75 1.76 1.77 1.77 1.77 1.79 1.79 1.76 1.69 1.64 1.63 1.68 1.79 1.98 2.30 2.65 2.82 2.80 2.70 2.67 2.84 3.06 3.05 2.80 2.60 2.52 2.54 2.60 2.71 2.76 2.69 2.52 2.30 2.09 1.98 1.91 1.86 1.90 1.99 2.12 2.37 2.82 3.44 3.88 4.13 4.30 4.43 4.47 4.37 4.26 4.07 3.88 3.80 3.53 3.19 2.90 2.67 2.57 2.63 2.80 3.04 3.37
1.26 1.26 1.29 1.35 1.42 1.45 1.47 1.49 1.52 1.55 1.57 1.60 1.61 1.62 1.64 1.65 1.67 1.69 1.71 1.73 1.74 1.75 1.75 1.76 1.77 1.78 1.80 1.81 1.78 1.72 1.68 1.67 1.70 1.76 1.84 1.99 2.19 2.27 2.23 2.23 2.27 2.44 2.64 2.66 2.47 2.30 2.26 2.37 2.62 2.89 2.98 2.90 2.76 2.57 2.35 2.12 1.96 1.92 1.96 2.08 2.23 2.31 2.37 2.61 3.16 3.76 4.07 4.12 4.26 4.61 4.81 4.80 4.73 4.51 4.10 3.61 3.26 3.00 2.76 2.56 2.58 2.91 3.31 3.30
1.27 1.28 1.33 1.38 1.41 1.43 1.46 1.50 1.53 1.55 1.57 1.59 1.61 1.63 1.65 1.67 1.70 1.72 1.73 1.74 1.75 1.76 1.76 1.76 1.77 1.80 1.81 1.78 1.75 1.74 1.74 1.75 1.77 1.80 1.85 1.92 1.93 1.87 1.87 1.97 2.18 2.39 2.45 2.33 2.24 2.29 2.41 2.60 2.88 3.00 2.83 2.61 2.48 2.29 2.14 2.06 1.96 1.93 2.08 2.34 2.58 2.75 2.91 3.19 3.48 3.57 3.56 3.51 3.39 3.43 3.68 3.88 4.01 3.96 3.68 3.36 3.08 2.98 2.94 2.94 3.07 3.18 3.01 2.56
1.30 1.33 1.38 1.39 1.39 1.41 1.45 1.49 1.52 1.55 1.58 1.60 1.62 1.64 1.66 1.68 1.70 1.72 1.72 1.73 1.74 1.75 1.76 1.77 1.79 1.79 1.77 1.75 1.74 1.74 1.74 1.75 1.77 1.81 1.86 1.87 1.81 1.79 1.85 1.97 2.10 2.19 2.21 2.17 2.13 2.25 2.54 2.84 2.90 2.67 2.41 2.31 2.24 2.09 1.97 2.00 2.05 2.09 2.27 2.62 2.99 3.27 3.53 3.69 3.62 3.39 3.16 3.00 2.86 2.78 2.81 2.96 3.14 3.26 3.29 3.24 3.08 2.99 3.07 3.13 3.03 2.73 2.23 1.94
1.34 1.36 1.38 1.37 1.36 1.37 1.41 1.46 1.50 1.54 1.58 1.61 1.63 1.65 1.66 1.68 1.69 1.70 1.71 1.72 1.73 1.73 1.74 1.76 1.76 1.76 1.75 1.76 1.76 1.76 1.75 1.74 1.74 1.75 1.76 1.76 1.77 1.79 1.82 1.88 1.96 2.04 2.08 2.14 2.24 2.38 2.60 2.70 2.55 2.34 2.23 2.16 2.16 2.20 2.19 2.23 2.34 2.47 2.67 2.95 3.23 3.43 3.46 3.31 3.07 2.87 2.68 2.64 2.68 2.68 2.63 2.61 2.70 2.88 3.02 3.09 3.01 2.86 2.75 2.62 2.35 2.03 1.90 1.96
1.37 1.38 1.37 1.35 1.34 1.36 1.39 1.44 1.48 1.52 1.56 1.58 1.61 1.63 1.64 1.65 1.67 1.68 1.70 1.70 1.71 1.73 1.74 1.75 1.75 1.75 1.76 1.77 1.77 1.77 1.77 1.76 1.75 1.74 1.72 1.72 1.74 1.76 1.78 1.80 1.83 1.84 1.87 2.03 2.33 2.56 2.64 2.52 2.34 2.23 2.14 2.08 2.07 2.13 2.24 2.37 2.56 2.87 3.23 3.39 3.35 3.19 2.96 2.70 2.49 2.38 2.37 2.44 2.51 2.51 2.47 2.45 2.49 2.63 2.79 2.89 2.87 2.74 2.55 2.38 2.25 2.14 2.12 2.22
1.38 1.38 1.36 1.33 1.33 1.38 1.41 1.43 1.47 1.51 1.55 1.57 1.59 1.61 1.64 1.65 1.66 1.68 1.69 1.70 1.71 1.73 1.75 1.76 1.77 1.78 1.78 1.78 1.78 1.79 1.79 1.79 1.78 1.77 1.76 1.77 1.79 1.81 1.82 1.79 1.74 1.68 1.72 1.94 2.21 2.39 2.39 2.26 2.15 2.08 2.09 2.19 2.27 2.37 2.52 2.69 2.93 3.26 3.44 3.38 3.18 2.88 2.60 2.40 2.28 2.25 2.26 2.30 2.35 2.38 2.39 2.40 2.42 2.49 2.65 2.82 2.93 2.94 2.86 2.71 2.61 2.55 2.49 2.46
1.39 1.38 1.36 1.37 1.42 1.47 1.48 1.47 1.47 1.50 1.54 1.57 1.60 1.62 1.65 1.67 1.68 1.69 1.70 1.71 1.73 1.75 1.76 1.77 1.79 1.80 1.80 1.79 1.79 1.80 1.80 1.79 1.78 1.78 1.78 1.79 1.82 1.83 1.81 1.76 1.72 1.73 1.82 1.94 2.08 2.14 2.08 1.97 1.84 1.73 1.78 2.03 2.37 2.68 2.93 3.14 3.37 3.42 3.20 2.88 2.64 2.42 2.27 2.23 2.25 2.23 2.18 2.17 2.17 2.19 2.21 2.24 2.28 2.37 2.53 2.73 2.91 3.01 3.00 2.92 2.83 2.75 2.68 2.60
1.37 1.36 1.36 1.42 1.52 1.59 1.59 1.56 1.52 1.52 1.54 1.57 1.60 1.62 1.64 1.66 1.68 1.69 1.70 1.72 1.74 1.76 1.77 1.77 1.78 1.79 1.79 1.80 1.80 1.80 1.80 1.80 1.80 1.80 1.79 1.79 1.76 1.73 1.72 1.72 1.74 1.78 1.85 1.93 1.99 1.96 1.89 1.83 1.78 1.71 1.79 2.13 2.40 2.61 2.88 3.18 3.29 3.09 2.78 2.52 2.28 2.16 2.15 2.20 2.22 2.19 2.17 2.17 2.16 2.14 2.13 2.15 2.23 2.34 2.46 2.57 2.66 2.78 2.91 2.99 2.95 2.77 2.57 2.48
1.36 1.35 1.36 1.43 1.50 1.55 1.58 1.60 1.60 1.58 1.56 1.57 1.59 1.60 1.61 1.64 1.66 1.68 1.70 1.72 1.73 1.74 1.75 1.76 1.77 1.77 1.79 1.80 1.80 1.80 1.80 1.81 1.81 1.81 1.80 1.78 1.74 1.71 1.70 1.72 1.75 1.79 1.84 1.90 1.91 1.84 1.76 1.82 2.07 2.31 2.57 2.78 2.87 2.87 2.92 2.98 2.85 2.61 2.46 2.33 2.22 2.21 2.26 2.28 2.26 2.25 2.26 2.25 2.22 2.20 2.21 2.27 2.36 2.44 2.48 2.47 2.46 2.49 2.60 2.76 2.87 2.85 2.65 2.38
1.40 1.40 1.44 1.52 1.57 1.58 1.60 1.62 1.61 1.55 1.52 1.53 1.56 1.59 1.61 1.64 1.65 1.67 1.69 1.70 1.70 1.72 1.74 1.76 1.77 1.77 1.78 1.79 1.80 1.81 1.81 1.81 1.81 1.81 1.80 1.79 1.77 1.74 1.72 1.72 1.77 1.85 1.89 1.88 1.82 1.77 1.79 1.97 2.37 2.74 2.90 2.90 2.94 3.03 2.97 2.79 2.55 2.40 2.34 2.32 2.30 2.32 2.37 2.41 2.43 2.42 2.42 2.43 2.40 2.38 2.42 2.51 2.56 2.55 2.51 2.48 2.43 2.36 2.30 2.37 2.59 2.85 2.95 2.79
1.49 1.51 1.55 1.59 1.63 1.64 1.64 1.64 1.59 1.52 1.47 1.48 1.52 1.56 1.60 1.63 1.65 1.67 1.69 1.70 1.71 1.72 1.74 1.75 1.76 1.78 1.79 1.80 1.81 1.81 1.81 1.82 1.82 1.82 1.81 1.80 1.78 1.76 1.74 1.73 1.76 1.81 1.79 1.70 1.61 1.65 1.84 2.10 2.40 2.61 2.67 2.67 2.70 2.77 2.78 2.65 2.48 2.40 2.44 2.51 2.56 2.58 2.61 2.64 2.68 2.70 2.72 2.76 2.82 2.82 2.77 2.67 2.55 2.49 2.51 2.52 2.49 2.45 2.40 2.40 2.56 2.85 3.12 3.24
1.53 1.55 1.56 1.48 1.42 1.41 1.44 1.50 1.56 1.57 1.50 1.46 1.47 1.52 1.56 1.59 1.61 1.65 1.68 1.71 1.72 1.73 1.73 1.74 1.76 1.78 1.79 1.80 1.81 1.81 1.82 1.82 1.82 1.82 1.82 1.81 1.80 1.78 1.76 1.73 1.70 1.63 1.56 1.50 1.51 1.60 1.80 2.09 2.30 2.39 2.48 2.63 2.69 2.69 2.68 2.61 2.49 2.46 2.53 2.67 2.84 2.99 3.00 2.93 2.85 2.81 2.81 2.84 2.92 2.94 2.81 2.60 2.50 2.52 2.57 2.61 2.63 2.65 2.69 2.70 2.78 2.93 3.08 3.22
1.52 1.53 1.52 1.45 1.32 1.25 1.25 1.32 1.44 1.55 1.57 1.52 1.47 1.47 1.50 1.55 1.58 1.61 1.64 1.67 1.70 1.73 1.74 1.74 1.76 1.77 1.79 1.80 1.81 1.81 1.82 1.83 1.83 1.83 1.82 1.82 1.81 1.80 1.78 1.75 1.69 1.60 1.55 1.56 1.62 1.70 1.85 2.01 2.10 2.18 2.32 2.48 2.55 2.60 2.58 2.51 2.49 2.54 2.64 2.82 3.01 3.12 3.11 3.00 2.81 2.62 2.55 2.55 2.52 2.51 2.53 2.62 2.72 2.77 2.77 2.79 2.85 2.91 2.97 3.01 2.96 2.90 2.91 3.01
1.51 1.51 1.53 1.55 1.53 1.44 1.35 1.32 1.39 1.55 1.69 1.71 1.61 1.49 1.46 1.50 1.57 1.60 1.62 1.64 1.68 1.72 1.74 1.75 1.76 1.77 1.79 1.80 1.81 1.82 1.82 1.83 1.83 1.83 1.83 1.83 1.82 1.81 1.79 1.77 1.74 1.70 1.67 1.66 1.69 1.73 1.76 1.78 1.83 1.92 2.06 2.21 2.32 2.40 2.45 2.47 2.56 2.72 2.90 3.06 3.11 3.03 2.94 2.90 2.80 2.60 2.45 2.37 2.32 2.35 2.54 2.79 2.91 2.94 2.98 3.06 3.15 3.23 3.28 3.28 3.19 3.02 2.89 2.81
1.54 1.54 1.53 1.54 1.57 1.58 1.54 1.47 1.47 1.56 1.67 1.75 1.73 1.59 1.46 1.44 1.50 1.56 1.60 1.64 1.66 1.68 1.71 1.74 1.76 1.77 1.78 1.79 1.80 1.81 1.82 1.83 1.83 1.83 1.84 1.83 1.83 1.82 1.81 1.79 1.77 1.75 1.72 1.70 1.68 1.66 1.60 1.57 1.58 1.65 1.79 2.00 2.21 2.34 2.40 2.44 2.51 2.67 2.87 2.99 2.98 2.93 2.89 2.90 2.88 2.72 2.55 2.49 2.54 2.66 2.79 2.90 2.97 3.04 3.13 3.23 3.33 3.42 3.48 3.45 3.35 3.20 2.98 2.78
1.56 1.55 1.52 1.49 1.48 1.50 1.54 1.55 1.51 1.46 1.44 1.53 1.66 1.71 1.62 1.50 1.45 1.49 1.56 1.62 1.65 1.68 1.70 1.73 1.75 1.76 1.78 1.79 1.80 1.81 1.82 1.83 1.83 1.84 1.84 1.84 1.84 1.83 1.83 1.81 1.80 1.79 1.77 1.75 1.71 1.67 1.62 1.58 1.54 1.57 1.68 1.89 2.13 2.25 2.30 2.34 2.39 2.51 2.65 2.71 2.72 2.76 2.82 2.88 2.88 2.79 2.70 2.68 2.73 2.80 2.83 2.88 3.01 3.14 3.25 3.33 3.36 3.36 3.30 3.21 3.13 3.09 3.03 2.94
1.56 1.54 1.52 1.49 1.47 1.46 1.46 1.48 1.46 1.42 1.40 1.46 1.63 1.81 1.86 1.72 1.55 1.48 1.51 1.58 1.64 1.70 1.73 1.74 1.74 1.75 1.76 1.78 1.79 1.80 1.82 1.83 1.83 1.84 1.84 1.85 1.85 1.84 1.84 1.83 1.82 1.81 1.79 1.78 1.76 1.73 1.70 1.67 1.64 1.63 1.66 1.75 1.91 2.03 2.13 2.25 2.33 2.41 2.46 2.46 2.46 2.47 2.53 2.69 2.83 2.84 2.71 2.59 2.61 2.69 2.77 2.87 3.02 3.15 3.27 3.37 3.36 3.24 3.06 2.95 2.89 2.88 2.90 2.88
1.57 1.55 1.52 1.50 1.50 1.50 1.48 1.48 1.50 1.50 1.51 1.55 1.63 1.76 1.90 1.92 1.79 1.62 1.53 1.53 1.58 1.64 1.68 1.71 1.72 1.73 1.74 1.76 1.78 1.80 1.81 1.82 1.83 1.84 1.85 1.85 1.85 1.85 1.85 1.85 1.84 1.83 1.82 1.80 1.79 1.77 1.76 1.74 1.70 1.67 1.63 1.61 1.66 1.75 1.85 1.96 2.11 2.19 2.19 2.15 2.13 2.15 2.26 2.49 2.71 2.80 2.73 2.58 2.56 2.71 2.85 2.95 3.04 3.13 3.22 3.24 3.19 3.11 3.03 2.97 2.90 2.82 2.76 2.71
1.55 1.51 1.46 1.46 1.49 1.54 1.57 1.59 1.58 1.55 1.53 1.53 1.55 1.60 1.73 1.91 1.97 1.85 1.68 1.55 1.53 1.57 1.61 1.65 1.69 1.71 1.72 1.75 1.77 1.79 1.80 1.82 1.83 1.84 1.85 1.85 1.86 1.86 1.86 1.86 1.85 1.84 1.84 1.83 1.82 1.80 1.79 1.76 1.73 1.69 1.65 1.63 1.64 1.63 1.66 1.80 1.93 1.98 1.99 1.98 1.99 2.08 2.23 2.42 2.61 2.72 2.76 2.74 2.75 2.83 2.93 3.01 3.07 3.13 3.19 3.15 3.06 3.03 3.05 3.04 2.98 2.89 2.83 2.74
1.55 1.47 1.40 1.40 1.44 1.52 1.59 1.63 1.62 1.59 1.54 1.50 1.49 1.52 1.61 1.77 1.95 2.00 1.89 1.73 1.62 1.57 1.59 1.63 1.68 1.72 1.75 1.76 1.77 1.78 1.80 1.81 1.83 1.84 1.85 1.85 1.86 1.86 1.87 1.87 1.86 1.86 1.85 1.85 1.84 1.82 1.81 1.78 1.75 1.72 1.71 1.73 1.73 1.70 1.75 1.90 1.96 1.95 1.97 2.05 2.17 2.28 2.28 2.19 2.16 2.23 2.31 2.58 2.83 2.94 2.99 3.05 3.11 3.16 3.17 3.15 3.14 3.16 3.20 3.20 3.17 3.10 3.08 3.10
1.61 1.49 1.38 1.38 1.40 1.42 1.45 1.49 1.53 1.55 1.54 1.52 1.53 1.55 1.56 1.64 1.83 2.02 2.08 1.97 1.80 1.65 1.58 1.59 1.65 1.70 1.74 1.75 1.75 1.76 1.78 1.81 1.82 1.83 1.85 1.86 1.86 1.87 1.87 1.87 1.87 1.87 1.87 1.86 1.85 1.84 1.82 1.80 1.78 1.76 1.74 1.72 1.70 1.70 1.75 1.87 2.02 2.07 2.09 2.15 2.22 2.16 1.95 1.74 1.67 1.77 2.10 2.51 2.80 2.97 3.08 3.13 3.16 3.16 3.13 3.17 3.29 3.41 3.48 3.49 3.43 3.37 3.37 3.46
1.77 1.66 1.54 1.50 1.49 1.45 1.42 1.41 1.40 1.41 1.48 1.51 1.50 1.51 1.55 1.59 1.67 1.84 2.03 2.09 1.99 1.83 1.69 1.61 1.59 1.65 1.71 1.74 1.76 1.77 1.78 1.80 1.81 1.83 1.84 1.85 1.86 1.87 1.88 1.88 1.88 1.88 1.88 1.87 1.86 1.85 1.84 1.82 1.80 1.78 1.75 1.69 1.64 1.61 1.61 1.73 1.95 2.13 2.18 2.11 1.91 1.71 1.78 1.94 2.16 2.36 2.58 2.73 2.80 2.89 3.01 3.10 3.11 3.07 3.07 3.19 3.35 3.46 3.50 3.50 3.49 3.50 3.60 3.83
1.91 1.90 1.81 1.65 1.55 1.55 1.60 1.62 1.61 1.56 1.56 1.60 1.55 1.49 1.53 1.59 1.59 1.63 1.81 2.04 2.16 2.12 1.97 1.80 1.69 1.66 1.69 1.73 1.76 1.78 1.78 1.79 1.80 1.82 1.83 1.85 1.86 1.87 1.88 1.89 1.89 1.89 1.89 1.88 1.88 1.87 1.86 1.84 1.82 1.80 1.76 1.70 1.63 1.56 1.53 1.58 1.69 1.84 1.95 1.87 1.72 1.80 2.17 2.57 2.83 2.93 2.89 2.79 2.75 2.76 2.83 2.91 2.99 3.05 3.14 3.20 3.25 3.30 3.35 3.50 3.73 3.97 4.29 4.73
2.03 2.21 2.35 2.17 1.90 1.80 1.85 1.88 1.83 1.74 1.68 1.66 1.66 1.63 1.55 1.53 1.57 1.60 1.69 1.88 2.09 2.23 2.22 2.10 1.92 1.75 1.64 1.60 1.62 1.67 1.72 1.75 1.78 1.80 1.82 1.84 1.85 1.87 1.88 1.89 1.89 1.90 1.90 1.89 1.89 1.88 1.87 1.86 1.84 1.81 1.78 1.73 1.66 1.58 1.51 1.45 1.38 1.32 1.38 1.51 1.67 1.93 2.21 2.50 2.76 2.88 2.86 2.75 2.67 2.66 2.70 2.75 2.84 2.97 3.07 3.10 3.09 3.18 3.39 3.71 4.13 4.51 4.76 4.78
2.13 2.34 2.75 2.95 2.91 2.72 2.54 2.42 2.22 1.99 1.88 1.80 1.78 1.77 1.70 1.61 1.60 1.63 1.66 1.70 1.79 1.97 2.18 2.28 2.22 2.05 1.80 1.59 1.52 1.54 1.61 1.68 1.74 1.78 1.81 1.83 1.85 1.86 1.88 1.89 1.89 1.90 1.90 1.90 1.90 1.89 1.88 1.87 1.85 1.83 1.80 1.76 1.72 1.65 1.57 1.45 1.30 1.17 1.12 1.24 1.43 1.64 1.85 2.06 2.31 2.54 2.69 2.75 2.75 2.72 2.68 2.65 2.67 2.74 2.78 2.83 2.90 3.01 3.26 3.60 3.89 4.08 3.97 3.42
1.95 1.90 2.10 2.55 2.87 2.98 2.99 2.96 2.90 2.82 2.73 2.67 2.53 2.35 2.23 2.08 1.90 1.76 1.66 1.61 1.65 1.75 1.88 2.07 2.22 2.23 2.05 1.77 1.60 1.53 1.54 1.60 1.67 1.74 1.78 1.81 1.84 1.86 1.87 1.89 1.89 1.90 1.91 1.91 1.91 1.90 1.89 1.88 1.87 1.85 1.82 1.79 1.76 1.71 1.64 1.56 1.45 1.33 1.25 1.23 1.29 1.38 1.51 1.63 1.74 1.93 2.22 2.52 2.69 2.74 2.68 2.62 2.64 2.68 2.68 2.66 2.64 2.74 2.95 3.22 3.31 3.17 2.80 2.46
1.69 1.51 1.25 1.21 1.42 1.78 2.10 2.33 2.58 2.78 2.88 2.90 2.87 2.78 2.64 2.49 2.31 2.08 1.84 1.68 1.64 1.66 1.69 1.76 1.87 2.08 2.22 2.10 1.89 1.73 1.61 1.56 1.59 1.67 1.74 1.78 1.82 1.84 1.87 1.88 1.89 1.90 1.91 1.91 1.91 1.91 1.90 1.89 1.88 1.87 1.85 1.82 1.79 1.75 1.71 1.65 1.59 1.52 1.45 1.40 1.37 1.35 1.30 1.22 1.21 1.33 1.59 1.86 2.10 2.29 2.47 2.61 2.66 2.66 2.61 2.54 2.52 2.59 2.71 2.78 2.69 2.42 2.23 2.27
1.61 1.43 1.10 0.85 0.75 0.82 0.97 1.17 1.39 1.64 1.72 1.77 1.87 2.02 2.16 2.21 2.24 2.24 2.16 1.98 1.79 1.68 1.66 1.68 1.75 1.99 2.32 2.46 2.32 2.08 1.88 1.71 1.61 1.60 1.66 1.73 1.79 1.83 1.86 1.88 1.89 1.90 1.91 1.91 1.91 1.91 1.91 1.90 1.89 1.88 1.87 1.85 1.82 1.80 1.76 1.72 1.69 1.65 1.61 1.57 1.53 1.46 1.36 1.24 1.17 1.15 1.15 1.22 1.39 1.66 2.05 2.34 2.43 2.39 2.38 2.42 2.48 2.51 2.49 2.32 2.13 2.07 2.17 2.36
1.61 1.47 1.22 1.02 0.89 0.83 0.82 0.81 0.83 0.90 0.95 1.00 1.09 1.23 1.39 1.57 1.73 1.92 2.09 2.14 2.09 1.97 1.87 1.84 1.89 1.97 2.14 2.39 2.50 2.38 2.20 2.01 1.80 1.65 1.62 1.68 1.74 1.80 1.84 1.86 1.88 1.90 1.91 1.91 1.92 1.92 1.91 1.91 1.90 1.89 1.88 1.87 1.85 1.83 1.81 1.78 1.75 1.72 1.70 1.67 1.64 1.60 1.55 1.49 1.41 1.30 1.20 1.14 1.17 1.31 1.48 1.62 1.77 1.79 1.92 2.07 2.23 2.28 2.22 2.09 2.01 2.09 2.35 2.57
1.71 1.52 1.23 1.06 0.97 0.92 0.89 0.84 0.78 0.79 0.90 1.01 1.10 1.16 1.24 1.33 1.43 1.53 1.68 1.87 2.04 2.13 2.13 2.08 2.02 1.97 2.00 2.16 2.37 2.45 2.37 2.24 2.09 1.89 1.75 1.71 1.72 1.75 1.80 1.84 1.87 1.89 1.90 1.91 1.91 1.92 1.92 1.91 1.91 1.91 1.90 1.89 1.88 1.86 1.85 1.83 1.81 1.79 1.77 1.74 1.72 1.69 1.66 1.61 1.56 1.51 1.45 1.39 1.33 1.27 1.17 1.07 1.09 1.28 1.53 1.75 1.93 2.02 2.02 2.04 2.13 2.34 2.62 2.66
1.88 1.61 1.18 0.95 0.86 0.82 0.80 0.79 0.79 0.82 0.92 1.04 1.15 1.23 1.31 1.37 1.42 1.46 1.51 1.60 1.73 1.86 1.97 2.01 1.99 1.97 1.99 2.07 2.20 2.32 2.36 2.33 2.29 2.20 2.04 1.89 1.81 1.77 1.78 1.83 1.87 1.89 1.90 1.91 1.91 1.92 1.92 1.92 1.92 1.91 1.91 1.90 1.89 1.88 1.87 1.86 1.85 1.84 1.82 1.80 1.78 1.76 1.73 1.70 1.68 1.65 1.62 1.58 1.51 1.40 1.27 1.16 1.14 1.27 1.50 1.72 1.88 1.96 1.98 2.08 2.41 2.77 2.80 2.51
2.17 1.81 1.22 0.84 0.66 0.61 0.59 0.64 0.72 0.80 0.87 0.97 1.07 1.17 1.27 1.35 1.42 1.49 1.54 1.58 1.60 1.64 1.71 1.79 1.84 1.85 1.86 1.92 2.09 2.27 2.35 2.36 2.34 2.26 2.11 1.96 1.85 1.82 1.81 1.82 1.85 1.88 1.90 1.90 1.91 1.91 1.91 1.92 1.92 1.92 1.91 1.91 1.91 1.91 1.90 1.89 1.89 1.88 1.86 1.85 1.83 1.82 1.80 1.78 1.76 1.74 1.71 1.68 1.62 1.57 1.52 1.48 1.45 1.46 1.54 1.68 1.83 1.94 2.07 2.27 2.68 2.83 2.48 2.10
