windninja/windninja_output/Output_2025-08-09_1500-1550_Google earth_Fire_150m_10min/merlingen_7.5mi_point_08-09-2025_1500_150m_ang.asc
ncols	158
nrows	163
xllcorner	391686.332397
yllcorner	5160024.123721
cellsize	150.000000
NODATA_value	-32768.000000
[rows 102 to 152 of 163, columns 0 to 95 of 158]
329 335 359 36 63 75 80 82 82 80 79 76 69 59 49 45 45 42 35 37 45 53 60 62 62 63 66 69 70 71 72 71 71 71 68 53 29 17 13 5 354 348 348 347 351 1 10 14 16 18 21 22 21 21 21 20 18 18 19 17 13 10 11 12 12 9 6 5 6 7 9 6 5 5 5 5 4 3 2 1 0 360 359 359 359 359 359 359 359 359 359 360 0 0 1 2
356 2 20 40 55 65 70 74 76 77 75 72 63 51 42 41 42 40 38 45 53 58 63 65 64 65 69 73 73 72 71 69 69 68 66 60 34 3 2 360 349 341 340 340 342 350 1 10 14 18 20 21 20 19 19 19 18 19 19 18 15 12 12 13 14 13 11 10 10 11 12 9 5 5 6 5 4 3 2 1 1 360 359 359 359 359 359 360 360 0 0 1 1 2 2 3
16 20 31 43 54 63 68 72 76 78 78 75 70 66 65 65 62 58 61 68 66 61 61 62 62 62 64 65 66 69 69 69 68 67 65 63 49 347 334 340 338 332 331 331 333 339 351 3 12 17 19 19 19 18 18 19 19 19 19 19 17 16 14 14 16 16 14 12 11 12 15 16 13 9 7 5 2 0 0 0 360 359 359 359 359 360 0 0 1 1 1 2 3 3 3 3
31 33 39 47 56 63 68 71 73 76 79 82 84 86 88 88 85 81 80 77 69 63 61 59 57 55 57 59 61 64 67 69 67 64 63 59 44 359 330 329 330 327 324 324 326 331 341 354 4 11 15 17 18 19 19 18 19 19 20 20 19 18 17 16 17 18 16 14 13 14 16 20 21 17 11 6 1 358 358 357 355 356 357 359 359 0 1 1 1 2 2 3 4 4 4 4
40 40 42 47 52 58 63 66 67 67 67 67 68 70 76 82 83 82 77 70 66 65 61 54 51 51 52 54 57 60 62 62 60 57 56 52 36 5 340 328 326 325 322 320 321 324 332 344 355 3 10 14 16 18 19 19 19 19 21 22 21 20 18 18 18 18 18 15 13 15 18 20 21 19 14 11 7 3 0 355 349 349 353 357 359 360 1 1 2 3 4 4 4 4 4 4
43 43 43 46 50 53 55 53 49 45 44 44 46 52 61 70 74 74 70 65 62 62 58 48 44 46 47 46 50 56 57 56 50 44 46 45 32 11 350 332 324 323 322 321 320 321 326 336 347 356 5 11 14 17 19 20 20 19 21 22 23 21 19 19 18 19 19 18 14 15 19 20 20 20 18 16 13 7 3 1 356 348 347 353 357 359 1 2 3 4 5 5 5 5 5 6
45 44 43 44 44 42 38 35 32 34 40 45 49 52 57 60 61 61 60 58 57 58 55 44 38 41 42 39 43 52 53 51 43 34 41 43 34 16 358 343 330 323 321 322 322 321 322 329 340 351 1 8 12 14 18 20 21 20 20 20 22 23 20 19 21 21 20 20 16 14 18 22 21 20 20 19 16 11 6 6 6 358 347 347 353 357 1 3 4 5 6 5 5 6 7 8
47 45 42 39 35 32 32 33 36 42 50 53 52 52 55 56 53 47 46 49 54 58 55 44 34 34 37 35 41 50 49 45 37 30 43 46 34 15 359 355 344 326 318 319 321 321 321 324 333 344 355 4 9 13 15 18 21 21 20 18 20 23 23 21 23 24 22 20 18 15 17 22 22 20 19 19 19 17 13 11 11 8 358 348 349 354 360 3 5 6 6 6 6 7 8 9
46 44 40 37 37 39 43 48 51 52 54 55 52 51 52 53 47 35 35 42 52 59 55 43 31 28 31 31 37 46 47 41 35 33 44 45 28 11 3 2 355 340 327 319 316 318 320 322 327 336 347 358 7 12 14 16 18 21 21 19 19 23 25 24 25 26 24 21 19 17 15 18 21 21 20 21 22 22 20 16 14 13 8 359 351 352 358 3 6 7 8 8 8 8 10 12
45 44 42 44 46 49 53 55 54 53 54 56 54 49 48 49 41 25 26 36 47 56 54 38 29 25 22 20 28 38 44 42 34 33 38 36 23 12 9 4 356 353 348 329 317 316 317 319 321 328 339 350 2 10 13 14 16 21 23 21 19 23 26 25 24 25 25 23 19 16 14 16 21 23 23 24 24 25 25 22 18 16 14 8 1 357 359 4 9 11 12 11 10 10 12 15
49 49 48 50 51 51 50 50 50 49 48 50 49 43 44 47 39 18 18 27 37 47 51 36 27 27 19 13 18 31 39 41 35 31 36 33 25 19 14 7 0 1 357 344 329 321 317 314 315 320 331 344 357 7 12 13 14 19 22 22 20 21 25 25 23 24 25 25 22 17 15 17 21 24 25 26 25 24 24 24 22 19 17 14 10 7 9 13 18 20 15 8 7 10 13 17
53 52 51 52 52 51 49 47 45 43 40 43 43 38 40 45 37 11 6 15 26 39 48 42 29 31 25 19 15 22 33 38 39 37 41 40 35 29 19 11 8 3 356 349 340 329 322 317 315 315 322 335 350 2 10 12 12 16 21 22 20 20 23 24 23 23 25 25 23 19 16 17 19 22 25 27 26 24 23 25 26 25 22 21 18 15 18 22 23 18 7 1 4 11 17 21
52 51 51 50 49 49 48 45 42 40 38 38 37 34 38 44 32 2 354 5 17 31 41 42 34 29 28 26 23 18 24 34 40 44 48 47 41 32 22 13 7 358 353 353 348 337 329 327 323 318 318 327 341 356 7 11 12 14 19 22 21 19 21 23 22 21 23 24 23 21 19 19 21 21 23 27 28 25 23 25 28 28 24 22 22 19 20 22 17 8 5 5 8 16 24 26
50 49 48 46 45 44 43 43 42 40 36 34 32 31 36 42 30 1 350 358 11 22 30 33 32 28 25 25 26 20 16 26 37 46 48 39 29 24 20 11 360 354 356 359 355 345 338 335 331 325 321 323 332 347 3 11 12 13 17 20 21 19 20 23 22 20 21 23 24 23 22 22 25 26 24 25 28 28 26 24 28 30 26 24 24 21 18 17 10 6 9 13 16 20 22 19
47 47 46 45 44 43 41 40 40 38 35 31 26 26 34 41 34 7 352 354 5 12 15 22 28 30 27 25 29 21 10 15 29 41 44 33 19 15 13 5 356 355 360 4 1 353 345 338 333 330 327 326 330 341 357 9 13 13 15 19 20 19 20 22 22 20 20 22 23 23 23 23 26 28 27 26 28 30 29 28 30 32 28 26 27 23 16 13 10 11 16 20 20 16 13 13
46 47 47 47 46 44 39 35 34 35 36 31 22 20 31 43 41 11 349 346 354 0 4 12 20 25 25 25 28 23 11 11 20 30 31 21 11 8 6 1 358 360 4 7 7 360 348 340 336 336 334 332 332 338 352 6 12 13 14 17 18 18 19 21 21 20 20 21 23 23 22 22 23 27 29 28 27 30 32 30 31 32 30 26 26 22 15 11 13 17 21 22 18 13 11 12
48 48 48 48 46 43 36 31 31 33 37 34 19 15 27 42 45 17 343 335 338 348 356 3 9 16 16 16 21 24 20 11 10 18 24 23 16 7 3 2 3 6 8 9 9 3 352 345 342 342 341 338 336 338 348 2 11 14 14 16 17 15 16 19 20 19 18 20 22 23 22 20 21 24 28 29 28 29 30 29 30 32 31 27 23 20 15 13 16 20 22 21 18 15 15 15
49 47 47 49 47 41 36 33 34 34 38 37 21 13 24 39 45 32 348 327 323 333 347 356 2 6 6 9 16 20 16 9 7 15 27 31 26 14 10 10 11 11 11 9 7 4 358 350 346 346 346 343 339 339 345 358 10 14 14 16 16 14 14 16 18 19 19 20 23 24 22 20 20 21 25 29 30 29 30 31 33 36 33 27 21 18 15 14 17 21 22 21 19 21 20 13
48 46 45 47 48 44 41 40 40 36 37 40 25 13 20 34 44 41 12 333 316 315 329 344 355 360 3 8 12 12 13 11 13 24 34 37 32 25 20 21 21 18 15 13 11 10 5 357 353 351 349 347 342 341 345 356 8 13 14 15 16 14 16 20 25 29 27 23 23 25 23 21 19 19 22 26 30 31 32 35 37 38 34 27 21 17 14 15 19 22 22 22 21 22 18 7
46 44 39 38 39 39 40 43 44 38 35 42 30 10 14 28 42 45 31 3 324 300 298 317 338 351 359 5 9 9 14 22 28 33 39 39 36 35 30 27 28 26 25 23 21 18 13 8 3 359 355 351 346 344 347 355 7 12 14 16 17 19 25 33 41 48 48 34 23 24 24 22 20 19 19 22 26 30 33 35 36 36 32 25 20 16 14 16 20 23 23 22 19 17 12 4
40 38 32 29 29 29 31 36 42 39 35 44 36 8 7 21 39 47 44 30 360 307 282 274 287 315 340 355 4 8 13 26 33 36 43 43 40 40 33 26 29 33 35 33 30 26 23 17 10 6 1 354 349 347 348 353 4 12 15 19 25 31 38 41 39 40 41 35 21 20 24 24 22 19 17 17 21 26 29 31 33 34 29 22 18 16 15 17 20 22 22 20 17 13 9 4
36 36 32 27 26 27 28 32 38 39 37 47 44 12 5 18 37 47 49 48 37 1 299 261 253 262 281 318 345 357 8 26 37 40 45 45 40 41 37 26 24 31 37 37 33 28 24 16 11 7 3 358 353 350 350 353 5 17 23 28 35 39 38 34 30 31 33 32 26 17 21 24 23 20 17 15 16 20 24 26 28 29 26 21 20 20 18 19 21 23 22 18 14 11 7 5
37 37 33 28 26 28 28 30 36 36 37 49 51 26 13 20 36 44 46 50 52 41 359 316 289 268 265 292 326 344 5 28 39 40 46 48 42 42 41 30 22 25 34 39 37 30 23 15 9 6 5 3 358 353 353 359 10 25 33 35 34 32 29 26 25 27 30 32 33 28 23 29 28 23 19 14 11 12 17 19 22 27 28 25 24 23 21 22 25 25 21 14 9 8 8 9
32 33 31 26 23 26 28 29 32 31 35 47 54 42 29 28 33 36 38 40 46 48 31 358 333 319 315 326 335 348 8 31 42 42 47 50 45 42 43 35 26 23 29 39 41 35 26 16 8 6 7 7 3 358 356 2 11 22 28 27 23 23 23 22 24 27 30 32 35 35 33 36 40 32 20 12 7 5 10 14 18 26 30 29 27 25 23 23 25 24 16 9 5 6 9 12
28 32 32 25 22 25 27 27 26 27 32 43 50 49 41 35 28 29 29 33 37 37 26 5 352 348 347 347 351 357 8 29 42 43 46 50 47 44 44 41 32 24 24 35 42 39 30 19 11 9 10 8 5 2 360 2 10 19 24 22 19 21 22 24 26 29 31 32 34 35 34 35 36 33 22 5 359 360 4 12 18 24 29 29 28 26 24 24 25 23 16 7 3 5 9 14
28 31 32 25 21 22 25 25 23 24 27 36 42 45 47 39 23 21 25 24 22 20 15 8 6 4 5 7 3 358 3 23 37 39 42 50 51 48 46 45 38 28 22 29 40 41 34 24 17 14 12 10 7 5 4 4 9 18 23 23 22 24 25 27 29 31 32 33 34 35 36 38 38 35 28 15 350 346 354 2 10 18 23 26 27 24 21 20 21 21 18 9 4 6 11 16
27 30 32 26 20 19 21 24 23 22 22 26 31 35 41 42 27 19 13 5 2 10 17 19 22 26 25 18 7 356 355 13 32 37 40 47 53 52 48 48 44 34 22 21 36 43 38 27 21 17 14 12 9 7 7 7 11 17 23 25 26 27 27 28 29 32 33 33 34 35 37 40 43 42 39 35 14 329 327 340 351 3 13 18 20 18 15 14 15 18 18 12 8 11 17 19
28 32 35 31 23 22 24 25 24 21 18 17 20 25 32 36 32 19 4 356 356 10 31 37 39 38 32 23 13 357 345 357 24 36 40 44 48 52 52 51 48 41 29 15 26 41 39 29 22 19 15 13 11 10 10 9 12 18 25 27 27 27 28 29 30 32 33 34 34 35 36 39 43 45 45 45 38 355 300 294 308 331 352 6 12 12 10 10 12 15 16 15 13 16 19 20
31 34 36 33 26 27 31 32 30 23 17 14 17 21 26 31 31 23 10 2 5 16 32 40 42 40 34 26 18 5 349 343 7 30 38 43 45 45 45 45 44 39 31 16 9 32 39 32 27 23 19 18 15 13 13 10 13 20 25 28 28 28 29 30 32 33 34 34 33 34 35 38 40 42 43 44 43 28 346 292 281 285 300 331 357 5 6 9 12 12 14 17 17 17 19 21
32 32 33 32 27 26 29 34 39 36 28 25 26 29 29 30 34 35 29 20 14 13 22 36 43 42 33 27 24 16 6 351 351 15 31 39 42 40 36 33 32 27 23 18 6 14 33 36 34 29 24 22 19 16 15 13 14 22 28 30 32 32 32 32 33 34 34 34 33 33 35 37 38 40 40 41 40 30 14 357 315 288 281 282 304 338 356 6 10 10 12 18 19 17 19 22
33 32 32 32 29 25 24 28 36 42 40 34 32 32 32 35 43 47 42 28 15 8 13 25 43 45 39 34 34 28 17 3 346 358 20 31 36 37 34 30 27 23 21 19 12 9 19 34 38 34 28 25 22 19 18 16 18 24 31 34 36 36 34 34 35 35 35 35 33 32 34 35 35 38 40 40 40 31 20 16 3 328 293 281 279 288 318 347 359 5 9 16 21 19 21 25
37 36 32 30 29 25 20 21 28 34 35 31 31 34 36 37 42 42 36 26 12 2 6 16 37 47 44 41 39 35 27 13 346 340 2 19 31 36 36 35 32 26 23 21 18 15 14 24 37 38 32 27 23 21 20 19 20 25 30 32 33 33 32 33 35 36 37 37 34 32 32 33 33 34 38 42 45 39 25 22 21 6 330 295 278 277 288 307 332 355 5 13 22 23 24 28
38 35 29 26 28 27 22 18 19 27 29 26 27 32 36 34 37 39 37 32 22 7 4 14 29 43 45 42 36 30 24 17 360 332 334 3 25 35 41 42 39 32 28 27 25 21 18 20 31 36 32 27 24 23 22 21 22 27 29 31 32 33 33 33 35 37 38 40 38 33 31 31 31 31 36 42 47 47 35 29 29 24 5 327 295 281 278 282 296 325 350 8 24 28 25 25
30 29 26 24 26 27 23 19 16 21 26 24 24 30 38 39 40 44 44 41 35 22 15 17 22 36 45 44 39 30 21 17 13 355 327 335 11 32 43 47 43 39 36 33 30 27 24 23 28 33 31 28 26 25 24 23 24 28 30 32 34 34 34 34 35 37 38 41 43 39 31 29 29 28 31 37 42 45 43 38 38 34 23 360 330 306 290 280 279 283 304 352 27 32 26 25
17 24 27 25 27 26 24 23 22 26 31 30 27 34 48 52 51 53 51 51 47 37 29 24 16 26 43 48 44 36 26 22 22 17 357 331 345 22 46 52 47 44 41 35 34 34 32 28 29 33 33 31 29 27 26 24 26 29 30 31 33 33 34 34 35 38 39 41 46 48 41 33 28 23 24 31 37 41 41 41 40 33 23 9 352 336 322 305 289 279 276 289 32 39 33 29
11 21 29 30 32 31 27 26 28 33 37 39 35 43 52 48 44 49 54 58 56 49 39 32 19 15 34 47 48 42 35 32 31 27 17 354 338 5 46 54 48 46 44 40 39 40 37 32 32 35 36 34 32 30 28 26 26 28 29 30 31 32 34 34 36 39 41 44 49 54 57 53 40 25 18 25 33 36 37 38 36 27 18 9 2 357 349 330 311 306 309 323 26 58 36 16
20 23 29 33 38 40 37 34 33 34 36 38 38 45 46 39 36 39 47 59 63 58 52 44 31 13 24 46 49 44 39 37 35 30 27 15 347 353 38 50 46 44 46 44 42 42 40 35 34 36 36 34 33 31 30 27 26 27 29 30 31 32 34 35 37 41 45 49 52 55 58 61 61 43 14 19 31 34 34 37 37 29 17 9 6 5 358 347 341 344 352 6 28 42 359 331
33 31 29 31 36 40 43 43 39 36 35 36 39 44 43 40 40 39 39 47 57 58 57 54 46 25 14 41 48 44 39 39 36 32 33 24 2 353 24 47 46 44 47 46 44 44 41 37 36 37 36 34 32 31 30 26 25 27 29 30 31 33 33 34 38 43 46 49 50 52 55 57 53 36 4 358 27 35 34 36 37 29 17 10 5 1 356 356 1 5 10 16 23 24 5 325
37 35 32 29 29 33 37 39 39 41 37 37 47 49 46 48 48 44 39 41 44 45 46 50 51 45 20 30 44 41 39 42 40 36 33 24 11 4 18 44 47 47 49 47 46 46 43 40 39 38 37 36 32 30 28 26 25 27 29 31 32 33 32 31 33 38 41 44 45 46 48 51 53 42 16 349 9 35 36 35 35 29 22 17 10 3 1 7 17 21 20 18 14 11 6 351
32 37 40 35 30 28 30 31 33 38 38 48 58 57 53 54 55 51 43 41 41 38 34 33 33 36 38 27 36 35 37 44 43 39 36 28 17 15 21 36 46 49 49 47 46 46 43 41 40 40 40 41 37 30 27 26 25 26 29 30 30 31 29 25 25 27 30 32 34 35 37 41 45 41 20 3 7 30 39 38 39 39 36 29 17 10 15 25 31 31 25 16 7 3 4 2
27 39 49 47 39 31 27 26 27 32 40 58 69 63 62 62 59 56 49 43 43 40 36 32 27 25 26 28 36 38 37 40 42 44 42 35 24 22 27 32 41 46 46 44 44 43 42 42 42 43 43 45 45 37 28 25 25 26 27 28 28 28 26 21 17 16 18 21 23 27 30 33 37 36 23 10 11 24 36 42 46 49 45 32 21 20 26 30 31 30 26 18 9 2 4 10
29 39 47 47 43 38 36 29 26 29 44 58 67 63 61 59 57 57 54 48 51 50 46 40 34 29 27 26 26 28 29 34 39 49 50 42 32 31 33 35 39 43 44 43 43 42 42 43 44 45 45 46 46 41 28 20 24 26 26 27 28 27 24 19 15 14 15 16 18 23 28 31 35 38 30 15 12 19 31 37 38 40 39 28 23 28 28 27 26 25 24 23 20 14 13 12
40 40 40 42 43 45 48 47 49 40 52 60 58 47 45 46 52 59 60 59 64 68 64 56 47 40 34 31 27 23 25 30 29 50 57 50 42 38 37 38 41 44 44 44 44 44 43 44 45 46 46 46 46 43 32 17 18 25 27 27 26 25 24 21 19 22 25 23 24 25 27 32 39 41 34 21 14 16 29 37 34 32 33 29 30 33 30 24 19 19 22 25 27 24 17 9
52 47 37 36 38 41 46 51 57 56 61 60 50 30 25 29 38 48 53 60 72 78 79 74 65 56 46 39 33 29 29 29 25 42 58 54 48 42 40 40 42 44 45 46 46 46 45 44 44 45 46 48 49 48 40 20 10 18 25 24 20 20 22 24 24 29 33 33 35 36 32 34 41 43 38 29 20 16 27 35 33 29 30 30 32 34 32 23 16 17 23 27 30 27 19 11
62 57 38 27 27 30 35 41 45 43 48 52 43 27 23 23 27 31 32 35 41 52 66 77 77 73 66 57 47 38 36 35 32 36 51 53 49 43 41 41 43 44 45 46 46 46 44 44 44 46 48 51 54 51 42 25 7 7 16 19 16 15 19 22 23 26 31 34 36 39 41 41 45 45 40 34 31 24 24 30 30 28 30 34 36 37 29 21 19 23 27 27 26 25 21 17
69 63 42 22 15 20 26 34 40 37 36 41 38 31 28 28 31 30 27 27 28 30 35 44 59 71 73 73 68 53 50 48 43 38 45 49 46 42 40 40 43 44 44 44 45 44 43 43 46 47 49 53 57 55 48 33 7 356 5 15 15 15 17 17 18 20 24 25 25 28 31 33 39 43 39 34 32 27 17 19 25 29 35 40 38 34 26 23 26 28 27 22 19 21 24 19
69 65 48 28 11 10 17 29 37 36 34 38 39 35 32 35 39 37 33 33 32 31 30 32 36 41 42 42 43 42 48 55 48 40 40 43 42 39 38 39 41 43 43 43 44 43 42 43 45 46 49 54 59 60 57 46 11 343 352 7 12 14 15 14 14 16 18 18 18 19 19 19 25 32 34 30 25 18 11 14 25 33 38 40 35 31 29 28 28 27 25 20 17 20 22 13
54 50 42 34 23 5 6 24 39 41 39 40 40 37 34 37 42 42 40 40 40 37 33 33 36 36 32 29 30 31 33 44 46 40 38 40 39 38 37 38 39 42 43 43 44 44 43 44 45 46 48 54 59 61 61 54 27 325 320 346 3 11 13 14 13 14 15 17 18 16 14 13 18 26 29 28 21 14 13 21 31 34 39 41 39 38 33 27 21 21 22 24 22 20 14 2
28 31 32 32 28 13 0 23 52 54 44 40 40 39 39 40 43 45 43 40 39 40 37 39 42 43 40 34 33 35 32 37 41 40 38 38 38 38 37 37 38 41 42 42 43 45 46 45 45 45 47 52 56 60 62 58 40 342 295 301 336 2 11 12 11 11 14 18 22 24 19 9 13 23 28 29 25 18 21 32 34 33 41 47 49 45 36 23 12 12 20 27 28 20 4 350
3 18 27 29 32 28 14 30 59 56 43 41 40 39 41 44 46 49 48 44 41 39 40 44 49 52 49 42 35 34 29 31 36 38 38 37 38 37 37 37 38 41 42 41 41 44 47 46 44 44 45 48 53 58 62 60 46 12 308 288 298 337 3 8 8 9 13 18 22 26 21 9 9 20 28 35 34 27 27 34 36 38 46 52 52 46 38 27 10 7 16 24 26 16 357 349
5 14 25 31 37 38 34 41 52 47 39 40 40 39 37 36 40 48 57 55 51 48 46 46 50 55 54 46 30 24 26 28 32 35 37 36 36 36 36 37 38 40 42 41 40 44 47 47 46 45 45 46 50 54 59 59 49 25 337 301 291 305 342 359 5 7 11 15 19 24 22 14 12 21 35 47 45 36 31 35 42 47 50 52 49 43 36 29 18 11 10 14 16 9 1 358
