windninja/windninja_output/Output_2025-08-09_1500-1550_Google earth_Fire_150m_10min/merlingen_7.5mi_point_08-09-2025_1500_150m_vel.asc
ncols	158
nrows	163
xllcorner	391686.332397
yllcorner	5160024.123721
cellsize	150.000000
NODATA_value	-32768.000000
[rows 38 to 75 of 163, columns 0 to 83 of 158]
1.01 1.02 1.06 1.07 1.09 1.12 1.15 1.17 1.21 1.24 1.27 1.29 1.30 1.31 1.33 1.34 1.36 1.38 1.39 1.41 1.43 1.44 1.46 1.48 1.50 1.53 1.56 1.68 1.88 1.99 1.93 1.82 1.71 1.63 1.59 1.53 1.44 1.41 1.45 1.49 1.53 1.59 1.65 1.72 1.79 1.83 1.88 1.97 2.03 2.05 2.06 2.09 2.13 2.12 2.08 2.13 2.26 2.39 2.49 2.53 2.56 2.48 2.22 1.92 1.76 1.73 1.80 1.83 1.73 1.65 1.70 1.94 2.16 2.10 1.86 1.71 1.81 1.98 2.07 2.00 1.78 1.67 1.71 1.90
0.99 1.01 1.03 1.06 1.09 1.12 1.14 1.19 1.24 1.27 1.28 1.28 1.30 1.32 1.34 1.35 1.36 1.38 1.39 1.41 1.43 1.45 1.47 1.48 1.50 1.53 1.59 1.69 1.75 1.68 1.58 1.57 1.57 1.53 1.45 1.40 1.49 1.67 1.76 1.74 1.70 1.71 1.80 1.95 2.08 2.12 2.10 2.10 2.20 2.30 2.32 2.34 2.48 2.69 2.82 2.84 2.90 3.01 3.08 3.10 3.11 3.06 2.79 2.26 1.92 1.84 1.81 1.72 1.65 1.72 2.02 2.23 2.16 1.97 1.88 1.94 2.11 2.19 2.28 2.42 2.33 1.99 1.76 1.76
1.00 1.00 1.03 1.07 1.11 1.14 1.18 1.23 1.26 1.27 1.27 1.29 1.31 1.34 1.36 1.37 1.38 1.39 1.40 1.42 1.44 1.46 1.47 1.49 1.51 1.52 1.55 1.56 1.51 1.46 1.46 1.46 1.41 1.34 1.26 1.28 1.45 1.70 1.91 2.03 2.05 2.05 2.11 2.15 2.18 2.27 2.34 2.36 2.40 2.44 2.45 2.53 2.77 3.01 3.12 3.15 3.12 3.03 2.93 2.84 2.74 2.79 2.86 2.54 2.11 2.01 1.98 1.89 1.86 2.06 2.15 1.91 1.65 1.68 1.90 2.20 2.38 2.40 2.37 2.41 2.50 2.45 2.24 2.05
1.02 1.03 1.06 1.10 1.13 1.16 1.22 1.25 1.26 1.26 1.28 1.31 1.33 1.35 1.37 1.38 1.39 1.41 1.42 1.43 1.45 1.46 1.46 1.48 1.49 1.50 1.50 1.48 1.46 1.47 1.47 1.41 1.33 1.25 1.24 1.37 1.49 1.59 1.84 2.23 2.50 2.64 2.63 2.51 2.48 2.65 2.80 2.83 2.77 2.73 2.73 2.80 2.82 2.68 2.52 2.49 2.44 2.26 2.10 2.00 2.01 2.18 2.57 2.78 2.53 2.27 2.24 2.32 2.42 2.47 2.19 1.84 1.74 1.86 2.12 2.40 2.47 2.39 2.24 2.11 2.20 2.43 2.54 2.51
1.04 1.05 1.08 1.11 1.14 1.19 1.23 1.25 1.27 1.28 1.30 1.32 1.34 1.36 1.37 1.38 1.39 1.41 1.42 1.43 1.44 1.44 1.45 1.47 1.47 1.47 1.48 1.48 1.50 1.53 1.49 1.41 1.34 1.30 1.36 1.52 1.73 1.97 2.21 2.43 2.59 2.63 2.63 2.73 2.83 2.85 2.72 2.55 2.46 2.43 2.48 2.50 2.39 2.17 1.97 1.86 1.79 1.66 1.54 1.52 1.62 1.84 2.25 2.72 2.90 2.77 2.78 3.03 3.12 2.91 2.60 2.41 2.37 2.38 2.54 2.62 2.48 2.31 2.16 2.11 2.19 2.26 2.38 2.63
1.06 1.07 1.09 1.12 1.17 1.22 1.24 1.25 1.27 1.29 1.31 1.33 1.34 1.36 1.36 1.37 1.38 1.40 1.41 1.42 1.43 1.43 1.45 1.46 1.47 1.47 1.48 1.50 1.51 1.48 1.42 1.37 1.36 1.40 1.49 1.65 1.90 2.19 2.33 2.31 2.21 2.17 2.30 2.50 2.50 2.28 2.09 2.02 2.05 2.12 2.23 2.26 2.19 2.05 1.86 1.68 1.58 1.52 1.47 1.50 1.58 1.71 1.93 2.29 2.79 3.17 3.40 3.54 3.63 3.65 3.57 3.49 3.34 3.20 3.15 2.93 2.64 2.39 2.20 2.12 2.18 2.32 2.52 2.82
1.07 1.07 1.09 1.13 1.19 1.22 1.23 1.25 1.27 1.29 1.31 1.33 1.34 1.35 1.36 1.37 1.38 1.40 1.42 1.43 1.44 1.45 1.46 1.46 1.47 1.48 1.51 1.52 1.49 1.44 1.41 1.40 1.43 1.48 1.54 1.67 1.83 1.90 1.85 1.83 1.85 1.98 2.16 2.18 2.01 1.84 1.80 1.90 2.13 2.38 2.46 2.36 2.23 2.07 1.88 1.69 1.56 1.52 1.55 1.66 1.79 1.87 1.94 2.15 2.61 3.11 3.36 3.39 3.49 3.76 3.93 3.92 3.86 3.70 3.37 2.97 2.67 2.47 2.27 2.11 2.14 2.43 2.77 2.76
1.08 1.09 1.12 1.17 1.19 1.20 1.22 1.25 1.28 1.29 1.31 1.32 1.34 1.35 1.37 1.39 1.41 1.42 1.44 1.44 1.45 1.46 1.46 1.46 1.47 1.50 1.51 1.49 1.46 1.45 1.46 1.47 1.48 1.51 1.55 1.61 1.62 1.58 1.56 1.62 1.79 1.97 2.02 1.90 1.79 1.83 1.93 2.12 2.38 2.48 2.32 2.11 1.98 1.82 1.70 1.63 1.55 1.53 1.67 1.90 2.10 2.25 2.40 2.65 2.90 2.98 2.95 2.89 2.77 2.80 3.00 3.16 3.26 3.23 3.00 2.73 2.52 2.44 2.41 2.43 2.55 2.66 2.52 2.13
1.10 1.12 1.16 1.17 1.17 1.18 1.21 1.24 1.27 1.29 1.32 1.33 1.34 1.36 1.38 1.39 1.41 1.42 1.43 1.43 1.44 1.45 1.45 1.47 1.48 1.49 1.47 1.46 1.46 1.45 1.46 1.47 1.48 1.52 1.56 1.57 1.52 1.50 1.54 1.64 1.75 1.82 1.82 1.76 1.71 1.81 2.07 2.33 2.39 2.19 1.95 1.84 1.77 1.64 1.55 1.58 1.62 1.68 1.85 2.16 2.46 2.70 2.93 3.08 3.02 2.82 2.61 2.46 2.33 2.27 2.30 2.41 2.55 2.63 2.66 2.62 2.51 2.45 2.52 2.59 2.52 2.27 1.85 1.59
1.13 1.15 1.17 1.15 1.14 1.15 1.18 1.22 1.26 1.29 1.31 1.33 1.35 1.36 1.38 1.39 1.40 1.41 1.42 1.42 1.43 1.43 1.44 1.46 1.46 1.46 1.45 1.46 1.47 1.47 1.46 1.46 1.46 1.47 1.48 1.48 1.49 1.51 1.54 1.59 1.65 1.71 1.71 1.73 1.80 1.94 2.14 2.23 2.09 1.90 1.78 1.71 1.69 1.73 1.73 1.77 1.87 2.01 2.19 2.45 2.68 2.85 2.88 2.76 2.56 2.38 2.20 2.15 2.18 2.19 2.15 2.12 2.19 2.32 2.43 2.50 2.45 2.34 2.26 2.16 1.93 1.67 1.55 1.60
1.16 1.16 1.16 1.13 1.12 1.14 1.17 1.21 1.24 1.27 1.29 1.32 1.34 1.35 1.36 1.37 1.38 1.39 1.40 1.41 1.42 1.43 1.44 1.45 1.45 1.45 1.46 1.47 1.47 1.48 1.48 1.47 1.46 1.45 1.44 1.44 1.46 1.49 1.51 1.53 1.54 1.54 1.54 1.65 1.89 2.10 2.18 2.07 1.91 1.79 1.69 1.63 1.62 1.68 1.78 1.90 2.07 2.36 2.67 2.82 2.79 2.65 2.46 2.24 2.07 1.96 1.94 1.99 2.04 2.04 2.01 1.98 2.01 2.12 2.25 2.33 2.33 2.24 2.09 1.94 1.84 1.75 1.74 1.83
1.17 1.16 1.14 1.11 1.11 1.15 1.18 1.20 1.23 1.26 1.29 1.30 1.32 1.34 1.35 1.37 1.38 1.39 1.40 1.40 1.42 1.43 1.45 1.46 1.46 1.47 1.47 1.48 1.48 1.49 1.49 1.49 1.48 1.47 1.47 1.49 1.51 1.54 1.54 1.51 1.46 1.41 1.43 1.60 1.82 1.98 1.98 1.85 1.73 1.65 1.64 1.72 1.79 1.89 2.02 2.18 2.40 2.71 2.87 2.80 2.63 2.38 2.14 1.97 1.89 1.85 1.85 1.87 1.91 1.93 1.94 1.95 1.96 2.01 2.13 2.28 2.38 2.40 2.33 2.22 2.14 2.10 2.05 2.03
1.17 1.16 1.13 1.13 1.18 1.23 1.24 1.23 1.23 1.26 1.28 1.30 1.32 1.34 1.36 1.38 1.39 1.39 1.40 1.41 1.43 1.45 1.46 1.47 1.48 1.49 1.49 1.48 1.49 1.49 1.49 1.49 1.49 1.49 1.49 1.51 1.53 1.55 1.53 1.48 1.44 1.46 1.53 1.62 1.73 1.79 1.72 1.59 1.46 1.36 1.39 1.60 1.89 2.16 2.38 2.57 2.79 2.85 2.65 2.37 2.16 1.97 1.84 1.82 1.85 1.83 1.79 1.77 1.76 1.78 1.80 1.81 1.84 1.91 2.04 2.22 2.37 2.45 2.45 2.39 2.32 2.26 2.21 2.15
1.16 1.15 1.13 1.18 1.27 1.33 1.32 1.29 1.27 1.27 1.29 1.31 1.33 1.34 1.35 1.37 1.39 1.40 1.40 1.42 1.44 1.45 1.46 1.46 1.47 1.48 1.48 1.49 1.49 1.49 1.49 1.49 1.50 1.50 1.50 1.50 1.48 1.46 1.45 1.45 1.46 1.50 1.56 1.62 1.67 1.64 1.55 1.46 1.40 1.35 1.42 1.71 1.94 2.12 2.35 2.63 2.74 2.55 2.27 2.04 1.84 1.73 1.74 1.80 1.83 1.80 1.78 1.77 1.75 1.73 1.72 1.74 1.79 1.89 1.99 2.08 2.17 2.27 2.38 2.45 2.41 2.27 2.11 2.04
1.14 1.13 1.14 1.20 1.27 1.30 1.31 1.32 1.33 1.32 1.30 1.31 1.32 1.32 1.33 1.35 1.37 1.39 1.40 1.42 1.43 1.43 1.44 1.45 1.46 1.46 1.47 1.48 1.49 1.49 1.49 1.50 1.50 1.50 1.50 1.49 1.46 1.44 1.43 1.45 1.47 1.51 1.56 1.60 1.61 1.54 1.43 1.45 1.64 1.85 2.08 2.27 2.33 2.34 2.41 2.49 2.36 2.13 1.98 1.86 1.78 1.78 1.84 1.88 1.86 1.85 1.85 1.83 1.80 1.78 1.79 1.84 1.91 1.98 2.01 2.01 2.00 2.03 2.13 2.26 2.34 2.32 2.16 1.96
1.16 1.16 1.21 1.28 1.32 1.32 1.32 1.34 1.32 1.29 1.27 1.27 1.29 1.31 1.34 1.35 1.37 1.38 1.39 1.40 1.41 1.42 1.43 1.45 1.45 1.46 1.47 1.48 1.49 1.49 1.50 1.50 1.50 1.50 1.50 1.49 1.48 1.46 1.45 1.46 1.50 1.56 1.60 1.59 1.53 1.46 1.46 1.60 1.92 2.23 2.37 2.36 2.39 2.47 2.45 2.32 2.10 1.94 1.87 1.84 1.84 1.87 1.93 1.98 1.99 1.98 1.98 1.97 1.95 1.93 1.97 2.03 2.07 2.06 2.03 2.01 1.97 1.92 1.88 1.94 2.11 2.32 2.40 2.28
1.23 1.26 1.30 1.34 1.37 1.37 1.36 1.35 1.30 1.25 1.23 1.24 1.26 1.30 1.33 1.35 1.37 1.38 1.39 1.40 1.41 1.42 1.43 1.44 1.45 1.46 1.47 1.48 1.49 1.49 1.50 1.50 1.51 1.50 1.50 1.50 1.49 1.47 1.46 1.46 1.49 1.53 1.51 1.43 1.35 1.37 1.51 1.72 1.97 2.14 2.18 2.17 2.20 2.27 2.29 2.19 2.02 1.93 1.95 2.01 2.05 2.09 2.13 2.17 2.20 2.22 2.22 2.25 2.29 2.29 2.25 2.16 2.06 2.01 2.03 2.05 2.03 2.00 1.96 1.97 2.10 2.33 2.56 2.66
1.27 1.29 1.30 1.25 1.20 1.18 1.20 1.23 1.27 1.27 1.24 1.22 1.23 1.26 1.29 1.31 1.33 1.36 1.38 1.41 1.42 1.42 1.43 1.44 1.45 1.46 1.47 1.48 1.49 1.49 1.50 1.50 1.51 1.51 1.50 1.50 1.50 1.49 1.48 1.46 1.44 1.39 1.31 1.26 1.27 1.34 1.50 1.74 1.91 1.97 2.03 2.14 2.20 2.20 2.20 2.14 2.01 1.97 2.03 2.15 2.30 2.44 2.46 2.40 2.33 2.30 2.30 2.31 2.37 2.38 2.27 2.09 2.01 2.03 2.08 2.12 2.14 2.16 2.20 2.22 2.29 2.41 2.53 2.64
1.26 1.27 1.26 1.20 1.11 1.05 1.06 1.10 1.18 1.26 1.28 1.25 1.22 1.23 1.25 1.28 1.31 1.34 1.36 1.38 1.40 1.42 1.43 1.44 1.45 1.46 1.47 1.48 1.49 1.49 1.50 1.51 1.51 1.51 1.51 1.51 1.50 1.50 1.48 1.46 1.42 1.35 1.30 1.31 1.36 1.43 1.56 1.69 1.76 1.81 1.91 2.03 2.09 2.13 2.12 2.04 2.01 2.04 2.13 2.29 2.47 2.57 2.55 2.44 2.28 2.13 2.08 2.07 2.04 2.02 2.03 2.10 2.19 2.24 2.25 2.27 2.32 2.38 2.44 2.47 2.44 2.39 2.40 2.47
1.25 1.25 1.26 1.27 1.26 1.20 1.13 1.11 1.16 1.28 1.39 1.40 1.32 1.24 1.22 1.25 1.30 1.33 1.34 1.36 1.38 1.41 1.43 1.44 1.45 1.46 1.47 1.48 1.49 1.49 1.50 1.50 1.51 1.51 1.51 1.51 1.51 1.50 1.49 1.48 1.45 1.42 1.40 1.40 1.42 1.47 1.49 1.50 1.54 1.60 1.70 1.82 1.90 1.98 2.01 2.00 2.06 2.19 2.35 2.50 2.56 2.49 2.39 2.34 2.26 2.11 1.98 1.92 1.87 1.88 2.04 2.25 2.36 2.39 2.43 2.50 2.58 2.65 2.70 2.70 2.62 2.49 2.37 2.31
1.28 1.27 1.26 1.27 1.29 1.30 1.27 1.23 1.24 1.31 1.38 1.42 1.40 1.30 1.21 1.21 1.25 1.29 1.33 1.36 1.37 1.38 1.40 1.43 1.45 1.45 1.46 1.47 1.48 1.49 1.50 1.50 1.51 1.51 1.51 1.51 1.51 1.51 1.50 1.49 1.48 1.46 1.44 1.43 1.42 1.40 1.36 1.33 1.34 1.39 1.50 1.66 1.82 1.94 1.96 1.97 2.03 2.17 2.35 2.46 2.46 2.40 2.34 2.33 2.31 2.19 2.06 2.01 2.04 2.15 2.25 2.35 2.41 2.47 2.55 2.64 2.73 2.81 2.86 2.83 2.75 2.62 2.44 2.27
1.29 1.28 1.25 1.23 1.22 1.23 1.27 1.28 1.26 1.22 1.20 1.25 1.34 1.38 1.32 1.25 1.22 1.25 1.30 1.34 1.36 1.38 1.40 1.42 1.44 1.45 1.46 1.47 1.48 1.49 1.49 1.50 1.51 1.51 1.52 1.52 1.52 1.51 1.51 1.50 1.50 1.49 1.48 1.46 1.44 1.40 1.37 1.34 1.32 1.34 1.42 1.58 1.77 1.86 1.88 1.90 1.94 2.06 2.20 2.24 2.24 2.25 2.28 2.30 2.30 2.24 2.18 2.17 2.20 2.26 2.29 2.34 2.45 2.56 2.66 2.73 2.76 2.76 2.72 2.63 2.56 2.52 2.46 2.39
1.29 1.27 1.25 1.23 1.21 1.20 1.20 1.22 1.21 1.19 1.17 1.21 1.34 1.47 1.51 1.41 1.28 1.24 1.26 1.31 1.36 1.40 1.43 1.43 1.43 1.44 1.45 1.46 1.47 1.48 1.49 1.50 1.51 1.51 1.52 1.52 1.52 1.52 1.52 1.51 1.51 1.50 1.49 1.48 1.47 1.45 1.43 1.41 1.40 1.38 1.41 1.49 1.61 1.70 1.76 1.83 1.90 1.99 2.04 2.04 2.02 2.01 2.04 2.14 2.26 2.28 2.19 2.09 2.10 2.17 2.25 2.34 2.47 2.58 2.68 2.76 2.76 2.65 2.51 2.40 2.35 2.34 2.35 2.34
1.29 1.27 1.24 1.23 1.23 1.22 1.21 1.22 1.24 1.25 1.26 1.29 1.36 1.45 1.54 1.55 1.45 1.34 1.27 1.27 1.31 1.35 1.38 1.40 1.41 1.42 1.43 1.44 1.46 1.48 1.49 1.50 1.51 1.51 1.52 1.52 1.52 1.53 1.52 1.52 1.52 1.51 1.51 1.50 1.49 1.49 1.47 1.46 1.43 1.41 1.39 1.38 1.43 1.49 1.53 1.60 1.73 1.82 1.82 1.77 1.74 1.75 1.82 1.99 2.16 2.24 2.20 2.07 2.07 2.19 2.32 2.41 2.49 2.57 2.64 2.66 2.62 2.54 2.46 2.42 2.36 2.29 2.24 2.19
1.26 1.23 1.19 1.20 1.22 1.25 1.29 1.31 1.30 1.28 1.27 1.28 1.30 1.33 1.42 1.54 1.58 1.50 1.37 1.29 1.27 1.30 1.33 1.36 1.39 1.40 1.42 1.44 1.46 1.47 1.48 1.49 1.50 1.51 1.52 1.52 1.53 1.53 1.53 1.53 1.53 1.53 1.52 1.52 1.51 1.50 1.49 1.48 1.46 1.43 1.41 1.40 1.42 1.39 1.39 1.48 1.60 1.65 1.65 1.63 1.63 1.70 1.81 1.95 2.09 2.17 2.20 2.20 2.23 2.31 2.39 2.46 2.51 2.57 2.62 2.59 2.50 2.47 2.48 2.47 2.42 2.35 2.29 2.22
1.25 1.19 1.14 1.14 1.18 1.25 1.31 1.33 1.32 1.30 1.27 1.25 1.25 1.26 1.33 1.44 1.57 1.61 1.53 1.42 1.33 1.30 1.31 1.35 1.38 1.41 1.43 1.45 1.46 1.46 1.47 1.49 1.50 1.51 1.52 1.52 1.53 1.53 1.53 1.54 1.54 1.54 1.53 1.53 1.52 1.52 1.50 1.49 1.47 1.46 1.45 1.48 1.48 1.45 1.47 1.57 1.63 1.62 1.63 1.70 1.79 1.87 1.86 1.76 1.71 1.77 1.84 2.08 2.30 2.40 2.45 2.50 2.56 2.60 2.61 2.58 2.56 2.58 2.61 2.60 2.57 2.51 2.50 2.52
1.27 1.19 1.12 1.13 1.15 1.18 1.20 1.22 1.25 1.27 1.27 1.26 1.28 1.29 1.30 1.36 1.50 1.63 1.67 1.59 1.47 1.36 1.30 1.31 1.35 1.40 1.42 1.43 1.43 1.44 1.47 1.48 1.49 1.50 1.51 1.52 1.53 1.53 1.54 1.54 1.54 1.54 1.54 1.54 1.53 1.52 1.51 1.50 1.49 1.48 1.48 1.47 1.46 1.45 1.48 1.57 1.68 1.72 1.74 1.79 1.84 1.76 1.56 1.36 1.30 1.41 1.69 2.04 2.29 2.43 2.52 2.57 2.60 2.59 2.56 2.59 2.68 2.78 2.84 2.84 2.79 2.74 2.75 2.83
1.39 1.31 1.24 1.23 1.22 1.19 1.17 1.15 1.14 1.15 1.21 1.25 1.25 1.26 1.29 1.32 1.38 1.50 1.63 1.67 1.60 1.49 1.38 1.32 1.31 1.36 1.41 1.43 1.44 1.45 1.46 1.47 1.49 1.50 1.51 1.52 1.53 1.53 1.54 1.54 1.55 1.55 1.55 1.55 1.54 1.53 1.53 1.52 1.51 1.49 1.47 1.43 1.40 1.38 1.38 1.48 1.65 1.78 1.81 1.76 1.58 1.39 1.41 1.53 1.73 1.91 2.11 2.24 2.30 2.37 2.46 2.54 2.55 2.51 2.51 2.61 2.75 2.83 2.86 2.85 2.84 2.85 2.95 3.15
1.52 1.51 1.45 1.33 1.26 1.26 1.30 1.32 1.30 1.27 1.28 1.32 1.28 1.24 1.28 1.32 1.31 1.34 1.47 1.64 1.73 1.70 1.59 1.46 1.39 1.37 1.39 1.42 1.44 1.46 1.46 1.46 1.48 1.49 1.50 1.52 1.53 1.53 1.54 1.55 1.55 1.55 1.55 1.55 1.55 1.54 1.54 1.53 1.52 1.50 1.47 1.44 1.39 1.33 1.31 1.36 1.45 1.55 1.62 1.55 1.41 1.46 1.76 2.09 2.31 2.40 2.37 2.29 2.25 2.26 2.32 2.39 2.45 2.50 2.58 2.64 2.67 2.69 2.74 2.85 3.05 3.25 3.54 3.93
1.63 1.77 1.86 1.72 1.52 1.47 1.52 1.52 1.47 1.41 1.38 1.36 1.36 1.34 1.29 1.27 1.29 1.32 1.39 1.53 1.68 1.78 1.78 1.69 1.56 1.43 1.34 1.31 1.33 1.37 1.41 1.44 1.46 1.48 1.49 1.51 1.52 1.53 1.54 1.55 1.55 1.56 1.56 1.56 1.56 1.55 1.55 1.54 1.52 1.51 1.49 1.45 1.40 1.35 1.29 1.25 1.20 1.15 1.16 1.25 1.37 1.59 1.83 2.07 2.26 2.35 2.33 2.25 2.19 2.18 2.21 2.26 2.33 2.44 2.53 2.55 2.54 2.60 2.77 3.04 3.40 3.73 3.96 4.00
1.75 1.91 2.21 2.36 2.33 2.20 2.06 1.95 1.77 1.60 1.53 1.48 1.46 1.45 1.40 1.32 1.32 1.35 1.37 1.40 1.45 1.59 1.75 1.83 1.78 1.65 1.45 1.29 1.24 1.27 1.33 1.38 1.43 1.46 1.48 1.50 1.52 1.53 1.54 1.55 1.55 1.56 1.56 1.56 1.56 1.56 1.55 1.54 1.53 1.52 1.50 1.47 1.44 1.39 1.33 1.24 1.13 1.02 0.97 1.04 1.19 1.37 1.56 1.72 1.91 2.08 2.20 2.25 2.25 2.23 2.20 2.18 2.21 2.26 2.29 2.33 2.38 2.47 2.68 2.97 3.21 3.38 3.31 2.85
1.63 1.60 1.73 2.07 2.31 2.39 2.40 2.38 2.32 2.26 2.22 2.16 2.05 1.90 1.81 1.70 1.56 1.44 1.36 1.32 1.35 1.42 1.52 1.66 1.78 1.77 1.62 1.42 1.30 1.26 1.27 1.32 1.38 1.43 1.46 1.49 1.51 1.52 1.54 1.54 1.55 1.56 1.56 1.56 1.56 1.56 1.56 1.55 1.54 1.53 1.51 1.49 1.46 1.43 1.38 1.31 1.23 1.14 1.07 1.04 1.08 1.18 1.29 1.38 1.46 1.60 1.83 2.07 2.21 2.26 2.21 2.16 2.18 2.21 2.20 2.17 2.17 2.25 2.43 2.66 2.74 2.63 2.32 2.02
1.42 1.29 1.09 1.05 1.17 1.42 1.67 1.88 2.08 2.24 2.32 2.34 2.31 2.23 2.13 2.01 1.86 1.68 1.50 1.37 1.34 1.35 1.37 1.42 1.50 1.65 1.75 1.66 1.52 1.41 1.32 1.29 1.32 1.38 1.43 1.47 1.49 1.51 1.53 1.54 1.55 1.56 1.56 1.56 1.57 1.57 1.56 1.56 1.55 1.54 1.53 1.51 1.49 1.46 1.42 1.38 1.34 1.28 1.22 1.18 1.16 1.15 1.11 1.05 1.03 1.12 1.33 1.55 1.74 1.89 2.03 2.15 2.19 2.18 2.14 2.08 2.07 2.13 2.24 2.31 2.23 2.00 1.82 1.85
1.34 1.21 0.96 0.76 0.65 0.67 0.79 0.97 1.16 1.32 1.37 1.41 1.48 1.61 1.73 1.77 1.80 1.79 1.73 1.60 1.45 1.36 1.35 1.36 1.41 1.60 1.85 1.95 1.85 1.67 1.52 1.40 1.33 1.33 1.37 1.42 1.47 1.50 1.52 1.54 1.55 1.56 1.56 1.57 1.57 1.57 1.57 1.56 1.56 1.55 1.54 1.53 1.51 1.49 1.46 1.44 1.41 1.37 1.35 1.32 1.28 1.23 1.16 1.07 1.00 0.98 0.99 1.04 1.17 1.38 1.70 1.93 2.00 1.97 1.95 1.98 2.04 2.07 2.05 1.92 1.75 1.69 1.77 1.95
1.31 1.21 1.02 0.87 0.75 0.70 0.69 0.70 0.72 0.73 0.73 0.77 0.85 0.97 1.10 1.25 1.39 1.54 1.67 1.72 1.68 1.59 1.51 1.49 1.53 1.60 1.73 1.90 1.98 1.89 1.76 1.62 1.47 1.36 1.34 1.38 1.44 1.48 1.51 1.53 1.54 1.55 1.56 1.56 1.57 1.57 1.57 1.57 1.56 1.56 1.55 1.54 1.53 1.51 1.50 1.48 1.45 1.43 1.41 1.39 1.37 1.34 1.30 1.25 1.19 1.11 1.03 0.99 1.01 1.12 1.26 1.36 1.47 1.47 1.57 1.70 1.83 1.88 1.83 1.72 1.64 1.70 1.93 2.14
1.35 1.21 1.01 0.88 0.80 0.77 0.76 0.73 0.67 0.65 0.71 0.80 0.87 0.93 0.99 1.07 1.15 1.24 1.35 1.50 1.64 1.72 1.72 1.68 1.64 1.61 1.62 1.72 1.87 1.94 1.89 1.79 1.68 1.54 1.44 1.42 1.42 1.45 1.48 1.51 1.53 1.55 1.56 1.56 1.56 1.57 1.57 1.57 1.57 1.56 1.56 1.55 1.54 1.53 1.52 1.51 1.50 1.48 1.47 1.45 1.43 1.41 1.38 1.35 1.31 1.27 1.23 1.18 1.14 1.09 1.01 0.92 0.92 1.06 1.26 1.45 1.60 1.67 1.66 1.68 1.75 1.93 2.19 2.22
1.45 1.25 0.93 0.77 0.70 0.68 0.67 0.67 0.67 0.69 0.75 0.84 0.93 1.00 1.06 1.11 1.15 1.18 1.22 1.30 1.40 1.50 1.59 1.62 1.61 1.61 1.62 1.66 1.75 1.83 1.87 1.86 1.83 1.77 1.67 1.55 1.49 1.46 1.46 1.50 1.53 1.55 1.56 1.56 1.57 1.57 1.57 1.57 1.57 1.57 1.57 1.56 1.56 1.55 1.54 1.53 1.53 1.52 1.50 1.49 1.48 1.46 1.44 1.42 1.40 1.38 1.36 1.33 1.27 1.19 1.08 0.99 0.98 1.08 1.26 1.44 1.57 1.63 1.63 1.71 1.99 2.32 2.36 2.07
1.64 1.36 0.91 0.64 0.52 0.49 0.50 0.55 0.62 0.68 0.73 0.80 0.88 0.96 1.04 1.10 1.16 1.21 1.25 1.28 1.30 1.34 1.38 1.44 1.49 1.50 1.51 1.55 1.67 1.80 1.86 1.88 1.87 1.81 1.70 1.59 1.51 1.48 1.48 1.49 1.52 1.54 1.55 1.56 1.56 1.56 1.56 1.56 1.57 1.57 1.57 1.57 1.57 1.57 1.56 1.56 1.55 1.54 1.54 1.53 1.52 1.51 1.49 1.48 1.46 1.45 1.43 1.40 1.36 1.32 1.28 1.25 1.23 1.24 1.30 1.41 1.53 1.61 1.71 1.89 2.25 2.39 2.07 1.69
