windninja/windninja_output/Output_2025-08-09_1500-1550_Google earth_Fire_150m_10min/merlingen_7.5mi_point_08-09-2025_1540_150m_vel.asc
ncols	158
nrows	163
xllcorner	391686.332397
yllcorner	5160024.123721
cellsize	150.000000
NODATA_value	-32768.000000
[rows 38 to 75 of 163, columns 0 to 83 of 158]
0.27 0.26 0.23 0.24 0.27 0.31 0.36 0.41 0.47 0.53 0.58 0.62 0.66 0.71 0.75 0.80 0.84 0.88 0.92 0.96 1.00 1.04 1.08 1.13 1.17 1.21 1.27 1.38 1.58 1.71 1.68 1.62 1.56 1.50 1.47 1.39 1.28 1.24 1.30 1.37 1.44 1.52 1.60 1.70 1.78 1.83 1.90 2.00 2.06 2.10 2.15 2.22 2.25 2.23 2.22 2.32 2.45 2.56 2.66 2.71 2.73 2.63 2.40 2.15 2.00 1.99 2.11 2.14 1.95 1.81 1.91 2.30 2.62 2.52 2.17 2.02 2.21 2.40 2.43 2.32 2.10 1.97 1.97 2.16
0.34 0.33 0.29 0.29 0.31 0.34 0.39 0.44 0.50 0.55 0.59 0.63 0.67 0.72 0.76 0.80 0.84 0.88 0.92 0.96 1.01 1.05 1.09 1.13 1.17 1.22 1.29 1.40 1.49 1.47 1.41 1.43 1.44 1.43 1.35 1.27 1.34 1.51 1.61 1.62 1.61 1.65 1.77 1.94 2.06 2.12 2.12 2.15 2.25 2.36 2.42 2.48 2.65 2.87 3.03 3.09 3.17 3.28 3.35 3.36 3.33 3.22 2.91 2.43 2.15 2.11 2.12 1.99 1.82 1.94 2.41 2.72 2.59 2.27 2.15 2.32 2.60 2.67 2.72 2.80 2.68 2.31 2.05 2.09
0.43 0.44 0.37 0.33 0.34 0.37 0.41 0.47 0.52 0.55 0.59 0.63 0.68 0.73 0.78 0.82 0.85 0.89 0.93 0.97 1.01 1.06 1.09 1.13 1.18 1.22 1.27 1.31 1.30 1.29 1.32 1.35 1.32 1.27 1.18 1.18 1.35 1.58 1.78 1.90 1.94 1.98 2.07 2.14 2.17 2.28 2.37 2.42 2.48 2.53 2.56 2.71 3.02 3.28 3.38 3.41 3.41 3.33 3.21 3.07 2.92 2.89 2.91 2.64 2.32 2.29 2.27 2.13 2.11 2.45 2.63 2.31 1.92 1.92 2.22 2.70 2.94 2.92 2.86 2.82 2.86 2.80 2.60 2.44
0.54 0.53 0.43 0.38 0.37 0.39 0.44 0.49 0.53 0.56 0.60 0.65 0.70 0.74 0.78 0.82 0.86 0.90 0.94 0.98 1.02 1.06 1.09 1.13 1.17 1.20 1.23 1.25 1.26 1.30 1.34 1.31 1.26 1.19 1.18 1.29 1.41 1.51 1.76 2.12 2.40 2.56 2.57 2.48 2.50 2.70 2.85 2.89 2.86 2.84 2.89 3.01 3.08 2.96 2.77 2.72 2.66 2.48 2.30 2.13 2.08 2.25 2.65 2.89 2.74 2.57 2.56 2.64 2.84 2.94 2.57 2.11 2.01 2.18 2.57 3.00 3.05 2.90 2.69 2.49 2.54 2.80 2.96 2.98
0.63 0.59 0.50 0.43 0.41 0.43 0.46 0.50 0.54 0.57 0.61 0.66 0.70 0.75 0.79 0.82 0.86 0.90 0.94 0.98 1.02 1.05 1.08 1.12 1.15 1.18 1.21 1.25 1.29 1.35 1.35 1.31 1.26 1.23 1.29 1.45 1.65 1.89 2.14 2.37 2.52 2.57 2.59 2.72 2.88 2.91 2.78 2.61 2.54 2.57 2.66 2.71 2.61 2.39 2.18 2.04 1.94 1.80 1.64 1.58 1.68 1.97 2.43 2.92 3.15 3.12 3.23 3.55 3.67 3.37 2.93 2.73 2.77 2.86 3.15 3.27 3.01 2.77 2.58 2.50 2.56 2.66 2.82 3.21
0.70 0.66 0.56 0.48 0.45 0.46 0.48 0.51 0.55 0.58 0.62 0.67 0.71 0.75 0.79 0.82 0.86 0.90 0.94 0.98 1.01 1.04 1.08 1.12 1.15 1.18 1.22 1.27 1.31 1.31 1.29 1.27 1.28 1.33 1.43 1.59 1.84 2.13 2.27 2.27 2.18 2.15 2.31 2.54 2.55 2.32 2.14 2.08 2.13 2.27 2.43 2.47 2.37 2.23 2.04 1.83 1.68 1.60 1.54 1.56 1.68 1.90 2.20 2.58 3.15 3.67 4.04 4.23 4.24 4.18 4.07 4.02 3.92 3.84 3.85 3.57 3.14 2.83 2.61 2.51 2.58 2.78 3.12 3.62
0.76 0.71 0.61 0.54 0.50 0.49 0.50 0.52 0.56 0.60 0.63 0.67 0.71 0.75 0.79 0.83 0.86 0.90 0.95 0.98 1.02 1.05 1.09 1.12 1.16 1.19 1.24 1.28 1.29 1.28 1.27 1.29 1.33 1.40 1.48 1.62 1.80 1.88 1.84 1.84 1.86 2.01 2.21 2.25 2.05 1.87 1.84 1.97 2.27 2.58 2.69 2.56 2.38 2.22 2.01 1.79 1.63 1.59 1.64 1.79 1.99 2.14 2.27 2.55 3.16 3.77 4.05 4.08 4.10 4.36 4.56 4.56 4.51 4.37 4.02 3.50 3.13 2.88 2.65 2.49 2.58 3.02 3.56 3.59
0.80 0.75 0.66 0.59 0.54 0.52 0.52 0.55 0.58 0.61 0.64 0.68 0.72 0.76 0.80 0.84 0.88 0.92 0.96 0.99 1.03 1.06 1.09 1.12 1.16 1.21 1.24 1.26 1.26 1.28 1.31 1.35 1.38 1.43 1.50 1.58 1.62 1.59 1.59 1.67 1.84 2.03 2.09 1.97 1.84 1.87 2.00 2.25 2.59 2.72 2.52 2.25 2.08 1.91 1.77 1.68 1.61 1.62 1.82 2.13 2.40 2.60 2.85 3.25 3.64 3.73 3.62 3.47 3.29 3.30 3.53 3.69 3.79 3.74 3.46 3.13 2.90 2.83 2.82 2.90 3.17 3.41 3.29 2.67
0.84 0.80 0.71 0.64 0.58 0.56 0.56 0.57 0.59 0.62 0.66 0.69 0.73 0.76 0.80 0.84 0.88 0.92 0.95 0.99 1.02 1.06 1.09 1.13 1.17 1.20 1.22 1.23 1.26 1.29 1.31 1.35 1.39 1.44 1.51 1.55 1.54 1.54 1.60 1.70 1.82 1.91 1.91 1.82 1.75 1.88 2.19 2.54 2.63 2.39 2.10 1.94 1.83 1.69 1.60 1.63 1.70 1.83 2.12 2.52 2.88 3.19 3.55 3.82 3.79 3.53 3.21 2.94 2.75 2.69 2.73 2.83 2.93 2.99 2.99 2.95 2.86 2.84 2.98 3.15 3.17 2.91 2.33 1.85
0.88 0.84 0.75 0.67 0.62 0.60 0.60 0.60 0.61 0.64 0.67 0.70 0.74 0.77 0.81 0.84 0.88 0.92 0.95 0.98 1.02 1.05 1.08 1.12 1.16 1.18 1.21 1.24 1.27 1.29 1.32 1.34 1.37 1.41 1.44 1.47 1.50 1.54 1.59 1.66 1.74 1.81 1.81 1.80 1.87 2.05 2.34 2.47 2.30 2.05 1.90 1.78 1.74 1.78 1.81 1.87 2.03 2.26 2.58 2.94 3.23 3.44 3.55 3.45 3.22 2.97 2.69 2.56 2.57 2.59 2.55 2.49 2.51 2.60 2.70 2.78 2.77 2.71 2.69 2.63 2.39 2.06 1.85 1.85
0.92 0.88 0.79 0.69 0.65 0.65 0.64 0.62 0.63 0.65 0.68 0.71 0.74 0.77 0.80 0.84 0.87 0.91 0.94 0.98 1.01 1.05 1.09 1.12 1.15 1.18 1.21 1.25 1.28 1.31 1.33 1.36 1.38 1.40 1.41 1.43 1.47 1.52 1.57 1.61 1.65 1.67 1.65 1.75 2.01 2.27 2.40 2.29 2.08 1.93 1.78 1.68 1.67 1.75 1.88 2.07 2.33 2.75 3.20 3.40 3.38 3.25 3.04 2.80 2.62 2.46 2.37 2.38 2.42 2.42 2.37 2.31 2.30 2.36 2.47 2.58 2.62 2.58 2.46 2.32 2.19 2.09 2.09 2.19
0.97 0.91 0.81 0.71 0.68 0.70 0.68 0.65 0.65 0.67 0.69 0.71 0.74 0.77 0.81 0.84 0.88 0.91 0.95 0.98 1.02 1.06 1.10 1.13 1.16 1.19 1.22 1.25 1.28 1.32 1.34 1.37 1.39 1.41 1.44 1.47 1.52 1.57 1.60 1.60 1.58 1.53 1.56 1.74 1.99 2.19 2.19 2.03 1.87 1.75 1.72 1.79 1.89 2.02 2.21 2.44 2.79 3.24 3.46 3.36 3.16 2.89 2.61 2.46 2.40 2.34 2.28 2.25 2.27 2.28 2.27 2.25 2.22 2.24 2.36 2.55 2.71 2.78 2.74 2.62 2.54 2.51 2.49 2.48
1.01 0.94 0.82 0.74 0.74 0.75 0.71 0.68 0.67 0.68 0.70 0.72 0.75 0.78 0.82 0.85 0.88 0.92 0.96 0.99 1.03 1.07 1.10 1.14 1.18 1.21 1.24 1.26 1.29 1.32 1.35 1.37 1.39 1.42 1.45 1.49 1.55 1.59 1.59 1.57 1.55 1.58 1.68 1.79 1.93 2.01 1.91 1.74 1.56 1.43 1.47 1.71 2.06 2.39 2.67 2.97 3.32 3.43 3.18 2.82 2.57 2.35 2.21 2.28 2.37 2.30 2.19 2.13 2.10 2.09 2.09 2.08 2.07 2.13 2.30 2.53 2.74 2.87 2.87 2.81 2.76 2.72 2.67 2.62
1.06 0.97 0.82 0.78 0.81 0.79 0.74 0.71 0.70 0.71 0.72 0.74 0.76 0.79 0.82 0.85 0.89 0.93 0.96 1.00 1.04 1.08 1.11 1.14 1.18 1.21 1.24 1.27 1.30 1.32 1.35 1.38 1.40 1.43 1.46 1.49 1.50 1.51 1.52 1.54 1.57 1.64 1.72 1.80 1.87 1.86 1.73 1.58 1.47 1.42 1.54 1.89 2.18 2.41 2.73 3.13 3.30 3.06 2.67 2.38 2.14 2.01 2.09 2.30 2.35 2.24 2.17 2.12 2.08 2.03 2.00 1.99 2.03 2.14 2.29 2.42 2.55 2.67 2.81 2.90 2.86 2.69 2.52 2.50
1.10 0.99 0.84 0.83 0.86 0.82 0.75 0.74 0.73 0.73 0.73 0.75 0.77 0.79 0.82 0.85 0.89 0.93 0.97 1.01 1.04 1.07 1.10 1.14 1.17 1.20 1.23 1.27 1.30 1.33 1.35 1.38 1.41 1.44 1.47 1.48 1.48 1.48 1.50 1.54 1.59 1.65 1.73 1.79 1.82 1.74 1.59 1.57 1.76 2.02 2.32 2.55 2.64 2.69 2.86 3.03 2.87 2.52 2.28 2.12 2.03 2.07 2.25 2.41 2.37 2.29 2.25 2.19 2.12 2.08 2.08 2.13 2.20 2.29 2.34 2.36 2.37 2.43 2.56 2.70 2.76 2.70 2.54 2.39
1.11 1.02 0.90 0.88 0.90 0.84 0.77 0.76 0.75 0.72 0.72 0.74 0.77 0.79 0.83 0.86 0.90 0.93 0.97 1.00 1.03 1.06 1.10 1.14 1.17 1.20 1.24 1.27 1.30 1.33 1.36 1.39 1.42 1.44 1.47 1.48 1.50 1.51 1.52 1.55 1.62 1.71 1.77 1.78 1.74 1.65 1.63 1.77 2.13 2.49 2.67 2.68 2.74 2.86 2.93 2.83 2.53 2.26 2.12 2.08 2.11 2.22 2.41 2.53 2.50 2.44 2.39 2.35 2.29 2.27 2.32 2.39 2.42 2.40 2.38 2.37 2.34 2.30 2.29 2.36 2.52 2.73 2.84 2.74
1.10 1.07 0.99 0.93 0.93 0.87 0.80 0.78 0.74 0.71 0.72 0.74 0.77 0.80 0.84 0.87 0.91 0.94 0.97 1.01 1.04 1.08 1.11 1.14 1.18 1.21 1.24 1.28 1.31 1.34 1.37 1.39 1.42 1.45 1.47 1.49 1.50 1.52 1.53 1.56 1.62 1.69 1.69 1.62 1.54 1.56 1.71 1.95 2.25 2.44 2.47 2.48 2.55 2.66 2.74 2.65 2.39 2.22 2.22 2.30 2.39 2.51 2.68 2.75 2.73 2.71 2.68 2.69 2.72 2.72 2.67 2.54 2.40 2.35 2.39 2.42 2.41 2.40 2.40 2.43 2.58 2.85 3.09 3.20
1.11 1.11 1.04 0.94 0.90 0.85 0.78 0.76 0.74 0.73 0.73 0.74 0.76 0.80 0.83 0.86 0.90 0.94 0.98 1.02 1.05 1.08 1.11 1.15 1.18 1.21 1.25 1.28 1.31 1.34 1.37 1.40 1.43 1.45 1.47 1.49 1.51 1.53 1.54 1.55 1.56 1.54 1.49 1.44 1.46 1.55 1.73 2.01 2.22 2.28 2.33 2.48 2.57 2.61 2.65 2.56 2.35 2.27 2.35 2.51 2.75 2.99 3.06 2.98 2.87 2.80 2.77 2.78 2.84 2.83 2.66 2.42 2.34 2.40 2.48 2.53 2.56 2.63 2.72 2.78 2.89 3.03 3.13 3.21
1.14 1.12 1.05 0.93 0.87 0.83 0.77 0.74 0.74 0.75 0.76 0.76 0.77 0.79 0.82 0.86 0.89 0.93 0.97 1.01 1.05 1.09 1.12 1.15 1.19 1.22 1.25 1.29 1.32 1.35 1.38 1.40 1.43 1.46 1.48 1.50 1.52 1.54 1.55 1.56 1.54 1.50 1.47 1.49 1.57 1.67 1.82 1.99 2.07 2.12 2.23 2.38 2.46 2.54 2.56 2.42 2.33 2.38 2.51 2.75 3.03 3.19 3.15 2.97 2.76 2.59 2.52 2.51 2.45 2.37 2.34 2.44 2.60 2.69 2.71 2.75 2.83 2.94 3.05 3.12 3.10 3.02 2.98 3.03
1.16 1.13 1.06 0.96 0.90 0.85 0.81 0.77 0.77 0.81 0.84 0.83 0.81 0.81 0.81 0.85 0.90 0.94 0.97 1.00 1.05 1.09 1.13 1.16 1.20 1.23 1.26 1.29 1.32 1.35 1.38 1.41 1.44 1.46 1.49 1.51 1.53 1.55 1.56 1.57 1.57 1.57 1.57 1.59 1.63 1.70 1.77 1.80 1.85 1.92 2.03 2.17 2.27 2.39 2.44 2.37 2.42 2.60 2.83 3.08 3.19 3.11 2.94 2.80 2.68 2.53 2.40 2.32 2.22 2.20 2.39 2.69 2.85 2.90 2.96 3.07 3.20 3.33 3.41 3.41 3.30 3.12 2.95 2.83
1.19 1.15 1.06 0.99 0.93 0.88 0.84 0.82 0.83 0.87 0.87 0.85 0.85 0.83 0.81 0.84 0.88 0.92 0.97 1.01 1.05 1.08 1.12 1.17 1.20 1.23 1.26 1.29 1.32 1.35 1.38 1.41 1.44 1.47 1.49 1.51 1.53 1.55 1.57 1.58 1.59 1.60 1.61 1.61 1.63 1.64 1.62 1.62 1.64 1.70 1.83 2.01 2.22 2.38 2.39 2.35 2.42 2.62 2.90 3.08 3.08 2.98 2.86 2.77 2.70 2.60 2.48 2.42 2.44 2.56 2.73 2.86 2.94 3.03 3.16 3.30 3.44 3.58 3.63 3.56 3.43 3.24 3.00 2.76
1.19 1.14 1.06 0.99 0.93 0.87 0.85 0.85 0.86 0.85 0.80 0.79 0.83 0.87 0.88 0.86 0.87 0.91 0.96 1.01 1.05 1.09 1.13 1.17 1.20 1.23 1.26 1.30 1.33 1.36 1.39 1.42 1.45 1.47 1.50 1.52 1.54 1.56 1.58 1.60 1.61 1.62 1.64 1.64 1.65 1.64 1.63 1.61 1.61 1.66 1.77 1.97 2.20 2.32 2.30 2.27 2.33 2.54 2.77 2.85 2.83 2.81 2.77 2.72 2.67 2.64 2.62 2.61 2.65 2.73 2.80 2.88 3.02 3.19 3.34 3.44 3.53 3.54 3.43 3.29 3.18 3.09 2.99 2.88
1.18 1.14 1.06 0.99 0.93 0.88 0.86 0.85 0.84 0.83 0.81 0.82 0.88 0.96 0.99 0.96 0.91 0.91 0.95 1.00 1.06 1.11 1.16 1.18 1.20 1.23 1.26 1.30 1.33 1.36 1.39 1.42 1.45 1.48 1.50 1.53 1.55 1.57 1.59 1.61 1.63 1.64 1.65 1.67 1.67 1.68 1.69 1.69 1.71 1.73 1.78 1.89 2.05 2.14 2.16 2.19 2.32 2.51 2.62 2.62 2.58 2.53 2.49 2.53 2.63 2.68 2.62 2.52 2.55 2.65 2.77 2.91 3.10 3.26 3.40 3.53 3.54 3.38 3.14 2.98 2.90 2.86 2.84 2.80
1.18 1.13 1.06 1.00 0.95 0.91 0.88 0.87 0.87 0.87 0.87 0.89 0.94 0.99 1.03 1.05 1.02 0.98 0.97 0.99 1.03 1.09 1.13 1.17 1.19 1.22 1.25 1.29 1.33 1.36 1.40 1.43 1.45 1.48 1.51 1.53 1.56 1.58 1.60 1.62 1.64 1.65 1.67 1.68 1.70 1.71 1.73 1.75 1.75 1.76 1.75 1.76 1.85 1.93 1.91 1.96 2.16 2.34 2.36 2.31 2.25 2.22 2.26 2.39 2.55 2.64 2.61 2.50 2.52 2.72 2.90 3.04 3.18 3.30 3.39 3.44 3.35 3.19 3.07 2.99 2.91 2.79 2.68 2.61
1.13 1.10 1.04 1.00 0.96 0.93 0.93 0.94 0.92 0.90 0.89 0.90 0.92 0.94 0.99 1.07 1.12 1.10 1.04 1.01 1.02 1.06 1.10 1.14 1.18 1.22 1.25 1.29 1.33 1.37 1.40 1.43 1.46 1.48 1.51 1.54 1.57 1.59 1.61 1.63 1.65 1.67 1.68 1.70 1.72 1.74 1.75 1.76 1.77 1.77 1.76 1.78 1.85 1.84 1.77 1.86 2.05 2.15 2.16 2.14 2.11 2.17 2.29 2.40 2.50 2.57 2.62 2.66 2.75 2.90 3.03 3.14 3.24 3.34 3.39 3.33 3.18 3.10 3.10 3.06 2.98 2.86 2.75 2.66
1.07 1.06 1.03 1.00 0.98 0.98 0.98 0.97 0.93 0.91 0.90 0.90 0.92 0.93 0.97 1.05 1.13 1.18 1.15 1.10 1.07 1.07 1.09 1.14 1.19 1.24 1.28 1.31 1.34 1.36 1.40 1.43 1.46 1.49 1.52 1.54 1.57 1.60 1.62 1.64 1.66 1.68 1.70 1.72 1.74 1.75 1.76 1.77 1.78 1.79 1.81 1.88 1.93 1.91 1.90 2.01 2.10 2.12 2.15 2.23 2.33 2.41 2.34 2.15 2.03 2.07 2.20 2.56 2.90 3.05 3.12 3.21 3.32 3.39 3.39 3.31 3.25 3.26 3.28 3.25 3.18 3.08 3.04 3.10
1.00 1.02 1.03 1.02 1.00 0.98 0.95 0.92 0.90 0.90 0.91 0.92 0.95 0.97 0.97 1.02 1.12 1.22 1.27 1.24 1.17 1.12 1.09 1.12 1.18 1.23 1.28 1.31 1.33 1.36 1.40 1.43 1.46 1.49 1.52 1.55 1.58 1.60 1.63 1.65 1.67 1.69 1.71 1.73 1.75 1.76 1.77 1.78 1.80 1.81 1.84 1.88 1.90 1.92 1.94 2.04 2.17 2.23 2.28 2.37 2.40 2.25 1.90 1.57 1.50 1.67 2.11 2.62 2.95 3.12 3.24 3.33 3.40 3.40 3.35 3.35 3.45 3.56 3.61 3.56 3.46 3.39 3.43 3.61
1.00 1.03 1.08 1.07 1.04 0.99 0.95 0.90 0.86 0.86 0.89 0.93 0.95 0.96 0.99 1.03 1.07 1.16 1.26 1.31 1.28 1.22 1.17 1.14 1.16 1.21 1.27 1.31 1.34 1.38 1.41 1.43 1.46 1.50 1.52 1.55 1.58 1.61 1.63 1.66 1.68 1.70 1.72 1.74 1.76 1.77 1.78 1.80 1.81 1.82 1.83 1.83 1.83 1.83 1.84 1.97 2.17 2.31 2.36 2.31 2.06 1.71 1.66 1.81 2.11 2.42 2.74 2.93 3.00 3.09 3.21 3.32 3.36 3.30 3.29 3.41 3.58 3.65 3.64 3.59 3.55 3.59 3.79 4.19
1.08 1.12 1.15 1.10 1.04 1.04 1.03 1.00 0.96 0.95 0.97 1.00 0.97 0.96 1.01 1.04 1.05 1.08 1.17 1.31 1.41 1.41 1.34 1.26 1.22 1.23 1.27 1.31 1.35 1.38 1.41 1.43 1.46 1.50 1.53 1.56 1.59 1.61 1.64 1.67 1.69 1.71 1.73 1.75 1.77 1.78 1.80 1.81 1.82 1.83 1.83 1.82 1.80 1.77 1.77 1.87 2.00 2.09 2.13 2.01 1.79 1.81 2.18 2.61 2.91 3.06 3.08 3.00 2.96 2.99 3.07 3.17 3.23 3.29 3.39 3.47 3.50 3.50 3.51 3.63 3.89 4.25 4.78 5.49
1.28 1.34 1.36 1.26 1.17 1.20 1.19 1.13 1.06 1.04 1.06 1.04 1.03 1.04 1.02 1.02 1.05 1.08 1.15 1.27 1.40 1.49 1.51 1.46 1.37 1.29 1.23 1.22 1.26 1.31 1.37 1.41 1.45 1.49 1.52 1.56 1.59 1.62 1.65 1.67 1.70 1.72 1.74 1.76 1.78 1.79 1.81 1.82 1.83 1.83 1.83 1.82 1.80 1.77 1.75 1.74 1.72 1.66 1.61 1.63 1.75 2.05 2.39 2.68 2.91 3.02 3.01 2.93 2.88 2.91 2.96 3.02 3.10 3.23 3.34 3.37 3.35 3.40 3.60 3.97 4.51 5.06 5.55 5.74
1.55 1.60 1.67 1.69 1.68 1.65 1.54 1.40 1.25 1.19 1.17 1.14 1.12 1.13 1.11 1.07 1.08 1.12 1.16 1.18 1.23 1.35 1.51 1.60 1.58 1.48 1.32 1.20 1.18 1.23 1.30 1.37 1.43 1.48 1.52 1.56 1.59 1.62 1.65 1.68 1.70 1.72 1.75 1.77 1.78 1.80 1.81 1.83 1.83 1.84 1.84 1.84 1.82 1.80 1.76 1.70 1.60 1.49 1.41 1.44 1.60 1.86 2.13 2.35 2.55 2.71 2.82 2.91 2.96 2.96 2.94 2.92 2.96 3.03 3.06 3.11 3.17 3.26 3.54 3.97 4.40 4.74 4.75 4.13
1.63 1.60 1.58 1.65 1.74 1.75 1.73 1.70 1.68 1.68 1.69 1.66 1.58 1.49 1.43 1.36 1.27 1.20 1.16 1.14 1.17 1.24 1.34 1.47 1.59 1.59 1.46 1.31 1.24 1.23 1.26 1.32 1.39 1.46 1.51 1.56 1.59 1.62 1.65 1.68 1.71 1.73 1.75 1.77 1.79 1.81 1.82 1.83 1.84 1.85 1.85 1.85 1.84 1.83 1.79 1.74 1.67 1.59 1.52 1.48 1.53 1.68 1.87 1.99 2.05 2.16 2.42 2.73 2.93 2.99 2.92 2.89 2.97 3.00 2.97 2.94 2.91 3.03 3.30 3.66 3.84 3.75 3.27 2.81
1.53 1.45 1.31 1.20 1.15 1.14 1.22 1.41 1.59 1.71 1.78 1.79 1.78 1.74 1.68 1.61 1.52 1.40 1.27 1.19 1.18 1.20 1.23 1.28 1.36 1.49 1.59 1.54 1.44 1.37 1.31 1.30 1.35 1.42 1.49 1.54 1.58 1.62 1.65 1.68 1.71 1.73 1.75 1.77 1.79 1.81 1.83 1.84 1.85 1.86 1.86 1.86 1.86 1.85 1.83 1.80 1.76 1.72 1.67 1.63 1.62 1.65 1.66 1.60 1.56 1.66 1.91 2.15 2.37 2.54 2.71 2.91 3.01 2.97 2.89 2.79 2.79 2.91 3.10 3.23 3.14 2.77 2.44 2.60
1.41 1.33 1.18 1.04 0.89 0.78 0.77 0.89 1.05 1.11 1.05 1.07 1.13 1.24 1.35 1.42 1.47 1.49 1.46 1.38 1.28 1.22 1.22 1.25 1.31 1.49 1.72 1.82 1.75 1.61 1.50 1.41 1.37 1.39 1.44 1.51 1.57 1.62 1.65 1.68 1.71 1.73 1.76 1.78 1.80 1.82 1.83 1.84 1.86 1.87 1.87 1.88 1.88 1.87 1.86 1.85 1.83 1.81 1.79 1.77 1.76 1.73 1.67 1.58 1.52 1.53 1.54 1.59 1.72 1.96 2.38 2.70 2.76 2.66 2.61 2.65 2.77 2.85 2.85 2.68 2.42 2.27 2.42 2.94
1.30 1.24 1.12 1.00 0.89 0.80 0.77 0.78 0.80 0.72 0.59 0.59 0.66 0.76 0.88 1.02 1.15 1.30 1.42 1.49 1.48 1.44 1.39 1.39 1.44 1.52 1.65 1.81 1.88 1.83 1.73 1.62 1.50 1.42 1.42 1.48 1.55 1.60 1.64 1.68 1.71 1.74 1.76 1.78 1.80 1.82 1.83 1.85 1.86 1.87 1.88 1.89 1.90 1.89 1.89 1.88 1.88 1.87 1.86 1.85 1.85 1.83 1.81 1.77 1.72 1.65 1.56 1.52 1.56 1.72 1.93 2.04 2.08 2.00 2.13 2.31 2.51 2.60 2.53 2.36 2.24 2.36 2.84 3.35
1.21 1.15 1.03 0.93 0.86 0.82 0.80 0.78 0.74 0.65 0.60 0.66 0.72 0.77 0.83 0.91 0.99 1.08 1.18 1.32 1.47 1.56 1.58 1.57 1.56 1.55 1.58 1.67 1.81 1.88 1.85 1.78 1.70 1.59 1.53 1.52 1.54 1.57 1.62 1.67 1.70 1.74 1.76 1.78 1.80 1.82 1.84 1.85 1.87 1.88 1.89 1.90 1.91 1.92 1.92 1.92 1.92 1.92 1.91 1.91 1.91 1.90 1.89 1.86 1.83 1.80 1.77 1.74 1.73 1.71 1.64 1.51 1.43 1.51 1.77 2.03 2.23 2.32 2.29 2.30 2.42 2.81 3.41 3.42
1.13 1.03 0.88 0.79 0.75 0.74 0.74 0.72 0.70 0.67 0.68 0.73 0.79 0.85 0.92 0.98 1.02 1.06 1.11 1.18 1.28 1.38 1.47 1.52 1.54 1.56 1.59 1.63 1.71 1.79 1.84 1.86 1.86 1.82 1.75 1.66 1.61 1.60 1.62 1.67 1.71 1.74 1.76 1.78 1.80 1.82 1.84 1.85 1.87 1.88 1.90 1.91 1.92 1.93 1.94 1.95 1.95 1.95 1.96 1.96 1.96 1.95 1.94 1.93 1.93 1.92 1.91 1.91 1.88 1.79 1.67 1.56 1.52 1.62 1.84 2.08 2.24 2.28 2.26 2.38 2.86 3.50 3.67 2.95
1.07 0.91 0.70 0.61 0.60 0.62 0.64 0.65 0.66 0.68 0.70 0.73 0.78 0.85 0.92 0.99 1.04 1.10 1.15 1.19 1.21 1.25 1.30 1.37 1.44 1.47 1.49 1.54 1.66 1.78 1.86 1.89 1.90 1.85 1.77 1.69 1.64 1.63 1.65 1.67 1.70 1.74 1.76 1.78 1.80 1.82 1.84 1.85 1.87 1.89 1.90 1.92 1.94 1.95 1.96 1.97 1.98 1.99 1.99 1.99 2.00 2.00 1.99 1.99 1.99 2.00 2.00 1.99 1.95 1.91 1.87 1.85 1.85 1.88 1.96 2.11 2.24 2.29 2.40 2.70 3.37 3.68 3.09 2.07
