windninja/windninja_output/Output_2025-08-09_2100-2150_Google earth_Fire_150m_10min/merlingen_7.5mi_point_08-09-2025_2100_150m_ang.asc
ncols	158
nrows	163
xllcorner	391686.332397
yllcorner	5160024.123721
cellsize	150.000000
NODATA_value	-32768.000000
[rows 0 to 41 of 163, columns 0 to 93 of 158]
185 183 180 179 180 181 182 181 181 181 182 183 185 187 189 191 192 187 183 183 181 180 182 186 188 189 189 186 186 188 190 191 193 192 191 194 198 198 198 196 194 195 197 198 197 198 201 197 190 189 190 190 191 193 194 195 196 196 196 195 194 195 195 194 193 193 195 196 197 197 196 196 197 196 196 196 198 201 200 198 198 199 200 202 203 202 200 202 203 202 202 202 201 201
187 184 180 179 179 181 183 182 181 180 181 182 184 187 189 191 189 184 180 180 179 176 178 184 189 190 189 186 186 189 191 191 192 191 190 193 196 194 193 192 192 192 194 194 193 194 195 192 188 188 190 190 192 195 196 196 196 195 195 195 194 195 195 194 193 193 195 197 198 196 196 196 196 195 195 197 199 200 198 196 198 200 200 203 204 202 199 201 204 203 202 202 202 202
187 184 180 179 179 181 184 184 180 177 177 180 184 186 188 188 185 182 180 180 180 175 174 181 189 191 190 187 188 190 192 191 191 190 189 190 191 191 191 190 189 189 189 189 189 189 190 190 189 188 188 190 194 197 196 195 194 194 195 195 194 193 193 193 193 193 195 198 198 197 196 196 195 194 195 197 198 199 198 196 197 200 201 202 203 199 195 198 202 203 202 201 200 200
182 182 182 181 181 182 182 180 178 177 178 181 183 184 185 185 183 182 183 184 183 178 174 177 185 189 190 189 189 190 191 191 190 187 187 187 189 190 190 188 187 187 186 186 187 187 187 189 190 189 188 190 193 194 194 193 193 193 194 195 194 192 192 193 193 193 195 197 198 197 196 196 195 195 196 196 196 198 199 198 196 199 201 200 200 198 193 194 197 198 199 199 196 195
175 179 183 183 182 181 178 175 175 178 182 183 183 183 181 181 183 184 186 188 186 180 175 174 178 184 187 188 188 189 190 191 189 187 186 187 188 188 187 185 184 184 184 184 186 187 188 189 190 191 191 192 193 194 194 194 194 193 193 193 193 193 193 194 193 193 194 197 198 198 198 197 197 196 197 197 197 198 200 200 197 198 201 199 199 199 193 189 190 192 195 196 193 190
173 175 180 183 182 180 176 174 176 181 185 183 181 180 179 180 184 187 189 190 188 182 174 170 172 177 183 186 187 187 188 189 188 188 187 187 186 184 184 183 183 183 183 185 187 189 190 190 191 193 194 195 195 195 195 195 194 193 192 192 193 193 193 193 193 193 194 196 198 198 198 199 197 195 196 198 198 197 199 202 202 199 199 198 199 200 196 187 184 185 188 190 190 187
176 175 175 178 180 179 177 176 179 183 183 182 180 178 178 180 184 189 190 189 188 183 175 168 167 172 178 182 184 185 186 186 186 188 188 186 184 183 184 184 184 184 185 187 189 191 191 192 192 193 195 196 195 195 195 195 194 192 191 191 191 191 192 193 194 193 194 195 197 196 197 197 195 193 193 195 197 198 198 201 202 198 196 197 199 202 200 191 183 178 178 182 186 186
177 177 175 174 175 177 178 180 182 182 180 179 177 177 178 180 183 187 188 188 187 185 180 171 165 168 174 177 180 183 183 183 185 187 187 185 184 185 186 187 188 188 189 190 191 191 192 192 193 194 195 195 195 196 196 195 193 191 190 188 188 189 191 193 194 194 193 194 195 195 194 195 196 195 194 195 198 200 200 200 201 197 194 195 197 199 198 194 188 179 173 176 181 185
177 177 177 175 174 175 178 182 182 180 178 175 174 175 178 180 182 184 186 187 186 186 183 178 171 167 171 174 177 181 181 181 184 186 186 185 186 188 190 191 192 192 192 192 192 191 192 193 193 193 194 194 194 195 196 193 191 190 188 188 188 189 190 193 196 196 193 192 194 194 194 196 198 198 197 197 199 202 202 201 201 197 191 190 191 192 193 192 188 183 180 180 181 182
177 178 178 177 176 177 178 180 180 178 176 173 171 172 175 180 182 181 183 185 185 185 184 181 177 171 170 174 178 179 179 180 182 185 186 187 189 191 193 194 194 194 192 192 192 192 193 194 193 192 193 195 194 193 194 193 191 190 191 193 194 192 190 193 196 195 193 192 193 197 199 199 199 199 199 199 202 202 199 198 197 196 191 186 186 187 188 187 184 184 185 184 181 181
178 178 178 178 178 178 178 178 178 177 175 173 171 170 172 177 179 179 179 181 183 184 184 183 180 176 174 176 178 178 178 180 182 184 187 189 191 193 193 193 193 193 192 193 195 194 193 194 195 194 195 195 194 193 194 196 197 197 200 202 201 198 195 194 193 192 192 193 195 200 201 200 198 198 200 203 204 200 192 190 193 195 193 188 183 182 182 182 182 185 189 187 183 183
178 178 178 178 178 178 178 177 177 177 176 174 172 170 171 172 175 177 177 177 179 182 184 184 182 181 180 179 179 179 180 182 183 184 187 191 193 193 192 192 193 194 194 195 197 197 196 199 203 203 202 201 201 202 205 209 211 212 214 217 219 217 206 194 190 190 192 195 197 198 198 198 198 196 197 199 198 194 187 184 189 193 193 189 183 180 181 183 182 184 189 190 187 185
178 178 178 178 178 178 177 177 177 177 176 175 173 172 170 168 169 172 175 175 176 178 182 185 186 187 186 183 180 180 181 183 183 184 188 192 192 191 191 192 193 194 195 196 199 201 204 210 216 218 216 218 223 230 235 233 229 227 230 237 242 238 226 204 189 189 193 192 188 189 193 197 197 193 190 189 190 190 187 185 187 189 190 188 185 183 184 186 185 184 188 193 191 186
178 178 177 178 177 177 177 177 177 176 176 175 174 174 172 168 164 166 170 173 175 178 182 187 191 191 188 185 182 182 182 182 182 184 188 191 190 189 190 192 194 198 202 206 210 213 213 214 217 220 221 223 227 235 245 250 245 237 232 230 228 220 210 202 195 194 188 170 162 173 187 192 192 188 184 184 187 188 190 189 187 186 186 188 189 188 188 191 191 188 191 197 198 195
178 178 177 177 177 177 177 177 177 176 175 175 174 174 174 172 167 164 165 170 174 179 184 189 191 190 187 185 184 184 185 183 182 184 185 187 190 192 195 199 206 215 224 229 228 226 220 211 209 212 214 213 211 213 216 219 217 212 207 207 206 201 195 194 196 194 185 171 149 146 168 181 185 185 184 185 186 190 194 192 187 184 186 190 194 194 194 198 200 198 201 210 215 215
178 178 177 177 177 177 177 177 176 176 175 174 173 172 173 172 171 170 168 169 174 179 184 188 189 186 184 185 186 185 184 182 183 184 186 190 197 204 210 217 224 226 223 218 213 211 210 205 203 206 205 202 197 196 198 201 202 197 192 195 196 194 192 193 195 194 189 183 176 155 147 161 175 182 185 185 188 194 196 191 185 185 189 195 200 204 206 210 212 212 215 222 224 224
178 178 177 177 177 177 176 176 176 175 174 174 172 170 168 168 171 174 174 173 175 178 182 185 186 185 184 184 185 183 182 183 187 193 200 207 212 216 217 216 212 206 201 202 202 200 202 202 197 194 195 195 192 192 195 199 202 197 189 189 192 193 193 192 193 194 192 187 184 178 161 148 157 170 178 184 190 193 190 188 189 192 196 203 212 219 224 228 227 217 211 212 213 215
177 177 177 177 177 176 176 176 175 175 174 173 172 170 166 165 168 173 175 176 177 179 181 182 183 185 185 183 182 182 184 190 197 205 208 207 204 202 200 199 198 196 196 199 201 199 198 196 192 188 188 190 192 194 196 199 200 197 190 188 191 194 194 192 191 192 193 190 189 187 179 167 162 162 167 178 185 187 190 194 201 204 207 214 222 229 231 228 222 210 202 206 208 209
177 177 177 177 176 176 176 175 175 175 174 173 172 170 167 165 166 171 175 177 179 180 180 180 182 185 185 183 182 184 190 197 201 202 201 200 198 196 195 195 195 196 198 198 199 198 193 189 189 191 189 189 192 195 195 195 195 195 191 189 192 196 195 193 190 190 193 194 193 188 182 177 175 173 169 170 178 190 204 216 220 220 218 216 215 216 215 213 212 207 197 199 205 206
177 177 176 176 176 176 175 175 174 174 174 174 172 171 169 167 168 171 174 177 179 179 179 180 181 183 183 184 185 186 191 197 199 200 200 200 198 194 192 192 193 194 195 196 195 193 191 188 189 193 194 192 190 190 190 190 192 194 194 192 195 199 198 193 190 191 193 195 191 186 183 182 182 183 181 178 185 203 218 222 219 216 209 204 204 207 208 209 210 207 196 192 200 205
177 176 176 176 176 175 175 175 174 174 174 173 172 172 171 170 171 173 174 176 177 178 179 179 181 182 184 185 186 188 190 194 197 196 194 193 191 189 187 189 191 193 194 194 192 191 191 192 191 192 194 193 189 186 186 188 191 193 195 196 197 201 199 193 190 190 190 190 187 185 187 188 188 188 185 185 189 197 204 207 206 204 202 199 198 203 206 209 210 206 197 190 197 204
176 176 176 176 175 175 175 174 174 174 173 173 172 172 172 172 172 173 174 175 176 177 178 179 181 182 184 185 187 188 189 191 191 189 186 186 187 188 188 190 192 193 194 193 192 193 193 192 190 190 192 192 190 187 186 187 189 191 195 198 199 199 198 193 189 187 185 185 186 189 193 194 194 191 186 183 186 192 199 202 203 203 203 199 194 198 203 205 206 203 197 191 195 202
176 176 176 175 175 174 174 174 174 173 173 173 173 172 172 172 173 173 174 175 176 177 177 179 181 182 184 186 187 187 186 185 184 183 184 185 188 191 192 191 192 192 193 194 194 193 190 190 189 190 191 191 192 191 188 186 187 188 191 197 198 198 197 192 185 182 182 185 190 196 197 197 196 193 187 180 180 187 194 199 203 203 203 201 194 193 195 198 201 201 196 191 194 200
175 175 175 174 174 174 174 174 174 173 172 172 173 173 172 172 172 173 173 175 176 177 177 179 181 182 185 188 188 186 183 180 180 182 185 187 190 193 193 191 190 190 192 194 192 189 189 191 191 190 192 192 192 191 188 187 187 187 189 194 197 198 196 188 181 181 184 190 198 202 202 199 196 192 187 183 180 182 188 196 202 204 204 204 198 191 188 192 199 201 198 194 196 201
175 175 174 174 174 174 174 173 173 172 172 172 172 172 172 172 172 172 173 174 175 176 177 179 181 183 187 191 190 185 181 178 177 181 186 189 192 192 191 188 187 188 189 189 188 189 191 193 193 192 192 192 191 190 189 188 188 189 189 191 195 196 191 185 181 184 191 199 206 209 206 200 192 189 190 191 186 180 183 191 199 201 202 204 202 195 188 190 198 202 199 196 197 201
175 174 174 173 173 173 173 173 172 171 172 172 171 171 172 172 172 172 173 173 174 176 177 179 181 184 189 192 190 186 182 178 175 178 183 188 191 192 189 186 185 185 184 184 187 192 195 195 194 193 192 193 192 190 188 187 189 193 194 192 191 187 185 186 188 191 195 203 209 211 206 194 187 189 192 194 194 186 178 182 190 195 198 201 202 198 191 191 197 200 196 192 196 200
174 174 173 173 173 173 173 172 171 171 172 171 170 170 171 171 171 172 172 173 174 175 176 178 180 184 189 191 191 189 186 180 175 173 177 184 189 191 188 184 183 182 180 183 188 191 194 194 193 192 193 194 193 189 185 185 191 197 197 191 184 180 182 189 196 198 200 203 206 206 199 190 187 190 191 193 197 195 180 173 180 188 193 196 198 197 194 194 199 200 193 187 191 198
174 174 173 173 172 172 172 170 170 171 171 171 170 170 170 170 170 171 172 173 173 174 175 177 180 183 186 187 189 191 191 187 179 174 172 177 183 187 187 184 181 180 179 182 185 187 190 193 194 192 191 193 193 189 185 184 191 196 193 186 182 181 185 193 201 204 204 204 203 200 196 192 190 191 190 189 195 198 190 175 173 182 188 190 193 196 197 198 202 202 195 185 184 193
173 173 173 172 172 171 171 170 170 171 170 170 170 170 169 169 170 170 171 172 172 173 174 176 178 181 181 182 186 191 193 191 186 181 175 173 176 182 184 183 180 179 179 181 182 185 187 191 194 191 187 190 192 191 189 186 186 190 190 185 183 187 192 196 201 205 204 202 199 195 195 194 193 193 192 189 191 199 198 186 174 175 182 187 192 199 201 201 204 205 201 190 182 186
173 172 172 172 171 170 170 170 170 170 170 170 169 169 169 169 169 170 170 171 171 172 174 175 176 176 175 176 181 187 190 192 191 184 176 173 175 179 180 180 179 179 180 182 182 183 185 187 189 188 187 188 191 193 193 188 184 187 190 188 186 193 200 203 204 205 201 197 196 194 194 197 198 198 195 190 190 198 204 198 181 172 176 186 196 202 202 200 202 204 204 198 187 182
172 172 172 172 171 169 169 169 169 169 169 169 168 168 168 168 168 169 169 170 170 172 173 174 174 173 171 172 177 183 188 191 189 182 175 174 176 177 177 177 177 178 181 183 184 184 183 182 183 186 188 188 192 196 197 194 190 188 191 193 193 198 207 211 210 204 196 194 197 198 198 202 204 200 192 188 189 197 204 202 190 176 176 184 193 195 195 195 198 203 205 205 199 189
172 171 171 171 170 169 169 169 169 168 168 168 168 167 167 167 167 168 168 169 170 171 172 173 172 171 170 172 177 184 188 186 183 179 176 175 175 174 174 177 178 180 182 184 185 185 182 180 182 188 190 191 195 201 202 198 196 194 194 199 200 201 206 212 211 202 192 192 199 203 204 203 200 192 187 187 190 195 201 203 197 187 181 183 188 191 193 198 203 207 209 211 210 204
171 171 171 170 168 168 169 168 168 168 168 167 167 167 167 167 167 167 167 168 168 169 171 171 170 169 169 172 177 182 181 179 179 180 178 174 173 171 173 178 182 183 184 185 186 185 184 184 188 192 193 194 196 201 204 198 195 196 199 204 205 201 201 206 209 202 189 187 196 204 202 195 190 186 185 186 188 192 198 204 202 196 191 187 189 193 198 203 208 212 214 214 213 210
171 171 171 169 167 168 168 168 167 166 166 166 166 166 166 167 167 167 167 167 167 168 169 169 169 169 168 170 173 174 174 175 179 183 181 172 168 171 176 181 184 185 186 187 187 187 187 189 193 195 195 196 197 201 203 198 193 195 202 207 206 197 193 199 206 204 192 184 192 200 197 191 189 188 186 185 185 187 194 202 205 203 199 194 190 193 199 201 203 208 211 212 211 207
171 171 170 168 167 167 168 167 166 166 165 165 165 165 166 166 166 166 167 167 167 167 167 167 168 169 169 169 168 167 168 172 177 181 181 176 170 172 179 183 186 189 190 192 192 190 191 194 196 196 197 199 200 201 202 199 194 194 202 209 208 197 188 192 203 206 200 188 185 191 193 194 194 192 188 184 182 183 189 200 205 204 203 200 193 192 199 200 199 202 205 205 203 200
170 170 169 167 167 167 167 167 166 165 165 165 164 165 165 165 166 166 166 167 167 167 166 166 166 167 168 169 169 166 164 168 173 175 178 180 178 177 183 187 191 195 196 195 194 193 193 194 194 195 197 199 200 199 198 196 196 196 202 212 213 202 188 187 198 206 205 195 184 185 193 200 200 197 191 185 183 185 191 199 204 204 206 208 204 194 195 199 198 197 198 198 199 201
170 169 167 166 167 167 167 166 165 165 164 164 164 164 165 165 165 165 166 166 166 166 166 166 166 166 167 169 171 166 162 163 166 170 176 184 185 186 191 195 198 198 197 195 193 193 192 192 193 195 196 196 196 195 193 193 196 198 201 209 213 205 191 183 190 201 204 198 191 190 199 207 206 198 190 186 186 191 198 198 200 204 208 212 212 200 189 194 197 193 192 195 199 202
169 168 166 165 166 167 166 165 164 164 164 164 164 164 164 164 165 165 165 166 166 166 166 166 166 166 167 169 169 163 161 162 163 169 177 184 190 197 201 200 198 196 194 192 192 192 191 191 194 195 194 192 192 194 193 192 194 198 200 204 208 205 194 184 185 196 203 203 199 200 203 204 199 191 189 190 187 189 197 200 197 200 205 209 212 205 189 187 193 192 190 194 198 198
168 167 166 166 166 166 166 165 164 163 163 164 164 164 164 164 164 165 165 166 166 166 166 166 166 166 166 167 163 160 160 161 164 169 177 185 196 203 202 198 194 192 190 190 190 190 189 189 191 193 191 188 189 193 193 189 190 194 196 198 201 202 198 190 187 194 204 208 206 204 200 194 190 190 193 193 185 182 194 202 198 196 200 204 208 206 195 186 188 191 192 194 196 197
167 166 166 166 166 165 165 164 163 163 163 164 164 164 164 164 164 165 165 165 166 166 166 166 166 165 165 162 159 157 158 159 163 169 177 188 196 197 197 196 193 191 188 186 187 189 188 187 188 190 191 187 185 188 190 187 185 187 191 194 196 201 204 200 192 194 205 211 208 200 192 190 193 197 196 191 183 178 187 198 200 199 201 203 207 208 199 187 185 190 193 195 198 202
167 165 166 166 166 166 165 163 163 163 164 164 164 164 164 164 165 165 165 165 166 166 166 166 166 165 164 160 158 158 157 158 161 167 179 189 190 190 193 194 192 189 185 184 185 187 188 186 185 188 191 186 179 180 186 187 185 185 190 194 198 204 209 208 198 194 205 210 203 194 190 195 201 198 192 187 182 178 182 194 201 202 202 203 206 206 197 188 185 189 192 196 203 209
168 167 167 167 166 166 165 164 164 164 164 164 164 164 164 165 165 166 166 166 166 166 167 167 166 166 164 162 161 160 159 160 162 167 178 185 186 186 187 187 187 185 185 186 184 183 184 185 185 186 188 185 178 177 183 189 189 189 194 202 206 207 209 209 203 197 201 204 197 193 196 201 200 191 185 184 183 181 183 193 201 200 200 201 200 197 194 191 190 190 190 197 208 213
