windninja/windninja_output/Output_2025-08-09_2100-2150_Google earth_Fire_150m_10min/merlingen_7.5mi_point_08-09-2025_2150_150m_ang.asc
ncols	158
nrows	163
xllcorner	391686.332397
yllcorner	5160024.123721
cellsize	150.000000
NODATA_value	-32768.000000
[rows 42 to 83 of 163, columns 0 to 93 of 158]
249 249 249 250 250 251 252 251 250 250 250 250 250 250 250 249 249 249 249 249 249 248 248 249 249 249 250 252 253 256 256 253 251 247 240 235 235 239 239 237 236 235 234 234 234 231 229 229 230 234 241 240 234 230 236 238 234 233 237 239 237 233 232 231 231 233 234 233 231 226 223 225 225 217 219 222 209 195 200 213 221 222 225 229 230 226 221 220 222 225 228 232 235 238
249 249 249 250 251 251 252 251 251 251 250 250 250 250 250 250 249 249 250 250 249 249 249 249 249 249 250 251 253 255 255 253 250 246 241 238 239 241 239 238 238 238 238 239 236 231 231 234 237 241 245 242 233 229 234 237 236 235 237 240 240 239 239 235 233 233 230 228 224 217 215 218 218 213 215 215 205 197 202 213 220 223 227 230 229 224 221 223 226 228 230 230 235 239
249 249 250 251 252 252 251 251 252 251 251 251 251 250 250 250 250 250 250 250 249 249 249 249 249 249 250 251 252 253 253 252 250 247 245 245 248 247 244 242 241 242 244 243 236 232 234 238 240 242 242 237 230 227 230 234 234 235 237 240 241 242 242 240 240 237 232 228 221 214 214 217 217 215 216 213 205 200 206 216 222 224 228 231 229 224 224 227 230 232 232 233 240 243
249 249 250 252 252 252 252 252 252 252 251 251 251 251 251 250 250 250 250 250 249 249 249 249 250 250 250 251 251 251 252 251 250 248 248 251 254 252 249 246 244 245 246 242 233 231 236 241 243 242 239 235 231 229 231 234 235 236 239 240 240 240 240 240 242 240 235 229 221 219 221 223 223 222 220 216 207 202 209 217 221 225 231 233 230 226 226 229 231 234 235 237 244 244
249 250 251 251 251 252 253 253 252 252 252 252 251 251 251 251 251 251 250 250 250 249 249 249 250 250 250 250 250 251 252 252 251 250 250 252 254 255 252 249 248 249 247 240 232 235 240 244 244 240 237 234 231 231 234 235 237 239 242 241 238 237 238 239 239 238 235 230 224 223 228 229 229 227 223 218 209 204 210 218 224 230 235 236 232 228 229 229 230 233 235 240 243 241
250 250 251 250 250 253 254 254 253 253 252 252 251 251 251 251 251 251 251 250 250 250 250 250 250 250 250 250 250 250 251 252 252 252 253 253 254 256 255 253 252 251 246 238 233 239 245 247 243 237 234 232 231 232 233 234 237 240 243 242 237 238 240 240 241 239 235 231 226 225 229 230 231 229 225 219 213 210 216 226 233 236 237 235 231 229 230 230 230 232 235 238 239 236
250 250 250 249 250 253 255 255 254 254 253 252 252 251 252 252 251 251 251 251 250 250 250 250 250 250 250 250 250 250 251 251 252 252 253 254 255 256 257 257 256 253 247 239 238 243 247 245 239 233 231 231 233 236 235 236 240 242 242 238 235 240 242 243 244 241 236 231 228 227 229 230 231 229 225 221 217 217 222 230 234 236 235 232 228 227 228 228 229 231 233 236 236 234
251 250 249 248 250 253 255 256 256 254 254 253 252 252 252 252 252 251 251 251 250 250 250 250 250 250 250 250 250 250 250 250 251 251 252 253 255 256 256 257 256 254 250 244 245 248 247 242 237 231 227 230 235 236 235 238 242 244 241 235 233 239 242 244 245 241 235 231 229 229 229 230 229 227 224 221 218 218 222 228 231 232 231 229 226 225 225 225 226 228 230 233 234 233
251 251 248 246 250 253 253 255 256 256 254 253 252 252 252 251 251 251 251 251 250 250 250 250 250 250 249 249 250 250 250 250 250 251 252 253 255 255 255 255 255 254 252 249 251 251 247 241 236 232 230 235 237 235 234 238 243 242 238 234 234 239 244 247 245 239 234 231 230 230 231 231 229 226 224 221 219 218 222 226 229 230 229 227 226 225 224 225 227 229 230 232 233 233
253 251 248 247 251 252 251 252 254 256 254 253 253 252 252 252 251 251 251 251 251 250 250 250 250 250 249 249 250 250 250 250 250 250 251 253 255 256 255 254 254 255 254 253 253 252 245 238 235 235 236 240 240 238 239 244 245 240 235 233 235 239 247 250 245 237 233 230 229 230 231 230 228 226 224 223 221 219 222 226 228 230 232 230 228 227 227 229 230 231 230 231 233 234
254 252 249 250 253 253 250 250 252 254 254 253 252 252 252 252 252 251 251 251 251 251 250 250 250 250 249 249 250 250 250 250 250 250 251 252 254 255 256 255 254 256 256 254 253 250 243 234 233 233 233 235 237 239 244 248 245 238 234 234 236 240 248 250 243 234 230 227 228 229 229 228 225 224 225 225 223 223 225 227 228 230 233 234 234 233 233 233 233 232 231 232 232 232
252 251 250 251 254 253 250 250 251 252 253 253 253 252 252 252 252 251 251 251 251 251 251 250 250 250 250 249 249 249 249 249 250 250 251 251 252 253 255 255 255 256 255 254 252 248 240 231 232 232 232 234 236 239 246 248 242 235 233 235 237 242 249 249 240 230 225 223 226 227 226 224 223 224 226 226 225 226 230 231 229 229 231 231 233 237 237 234 233 233 232 231 229 228
249 249 250 253 253 251 249 249 249 250 253 254 254 253 253 252 252 251 251 251 251 251 251 250 250 250 250 249 249 249 249 249 250 250 250 250 251 252 253 255 257 257 255 253 252 248 240 234 236 235 233 236 239 242 247 246 237 231 232 234 237 243 248 246 235 225 220 217 221 223 221 221 223 226 227 226 225 227 232 231 228 229 229 227 227 231 234 235 233 231 231 230 227 225
248 248 250 253 256 254 252 250 248 249 251 254 255 255 254 253 252 252 251 251 251 251 251 251 250 250 250 250 249 249 249 249 249 250 250 250 250 251 252 254 257 259 256 254 253 251 245 241 240 236 233 238 240 244 248 243 231 229 232 235 238 242 245 242 232 222 216 215 219 221 220 222 226 227 227 226 225 228 230 228 226 227 227 226 225 226 226 228 230 231 233 232 229 227
249 249 249 250 253 256 255 253 250 249 250 252 255 256 255 254 253 253 252 251 251 251 250 250 250 250 250 249 249 249 249 249 249 249 249 250 250 250 251 252 254 256 255 254 253 253 251 247 243 236 234 241 242 245 248 240 228 229 233 237 240 242 242 239 231 222 217 216 221 223 223 224 226 225 225 224 224 227 228 226 225 226 227 226 225 225 223 223 225 229 236 238 233 227
250 250 249 247 248 251 253 255 254 252 249 247 250 254 256 255 254 253 252 252 252 251 250 250 250 250 250 249 249 249 249 249 249 249 249 249 249 250 250 251 252 252 253 253 253 254 255 254 249 240 237 243 245 248 248 237 226 229 234 238 240 242 242 239 231 221 216 217 221 223 223 224 225 224 224 222 223 225 224 223 223 224 226 227 228 229 228 225 224 226 231 232 224 222
250 249 249 248 247 247 249 252 256 256 251 246 246 250 255 257 256 254 253 252 252 251 251 251 250 250 250 249 249 249 249 249 249 249 249 249 249 249 249 250 250 251 251 252 253 254 256 258 257 250 244 246 248 250 247 236 227 232 238 240 240 240 240 237 231 222 215 214 216 220 222 224 224 224 223 221 222 223 221 220 220 223 225 227 229 231 231 230 227 226 228 226 220 223
249 248 248 248 249 248 249 251 255 257 254 248 246 247 251 255 257 256 254 253 252 251 251 251 250 250 250 249 249 249 249 249 249 249 249 249 249 249 249 249 249 249 250 250 251 252 254 256 259 259 254 252 251 250 246 236 231 238 243 242 241 240 239 236 231 224 215 210 213 220 223 223 224 223 221 220 223 223 221 220 221 223 225 225 226 228 229 229 228 229 231 230 226 228
248 248 248 248 249 250 251 252 254 255 255 251 248 247 247 249 253 256 256 254 252 252 251 250 250 250 250 250 249 249 249 249 249 248 248 248 248 248 248 248 249 249 249 249 250 250 251 253 255 260 263 261 256 252 245 237 236 243 246 244 242 240 239 237 232 225 217 210 215 223 225 224 224 224 221 220 223 222 221 222 223 225 226 225 225 226 227 229 230 233 233 230 227 227
248 248 248 248 248 249 251 252 253 253 253 253 252 249 245 245 248 252 256 256 254 253 252 250 250 250 250 250 250 249 249 249 248 248 248 248 248 248 248 248 248 248 248 248 249 249 250 251 253 257 263 267 263 256 247 241 244 248 248 246 244 242 240 238 233 227 218 212 218 225 225 224 225 224 221 221 223 222 221 222 223 225 227 228 228 228 229 230 233 234 230 227 226 224
249 249 249 249 249 249 250 251 252 252 253 254 254 252 248 245 245 247 251 254 255 254 253 251 250 250 250 250 250 249 249 249 248 248 248 248 248 248 248 248 247 247 248 248 248 248 249 250 251 254 258 264 265 259 249 246 249 251 249 246 244 242 240 237 233 228 219 215 221 225 224 225 226 223 221 222 222 222 221 222 223 225 228 230 231 232 236 236 236 233 227 228 228 225
250 251 251 251 251 251 251 251 251 251 252 254 255 254 251 248 245 245 246 249 253 254 253 252 250 250 250 250 250 249 249 249 248 248 248 248 248 247 247 247 247 247 247 247 247 248 248 249 250 252 255 260 262 258 250 247 250 251 248 245 242 239 237 236 236 232 223 221 223 224 224 225 226 222 220 220 221 221 220 220 222 224 226 229 230 233 238 239 237 232 227 228 227 227
252 252 252 253 253 254 254 253 252 251 252 253 254 254 253 251 248 244 243 245 248 251 253 253 251 250 251 250 250 250 249 249 248 248 248 248 247 247 247 247 247 247 247 247 247 247 248 248 249 250 253 257 261 259 253 249 250 249 247 245 240 236 236 241 244 239 229 226 225 223 223 225 226 222 218 218 219 217 216 217 220 223 225 228 230 236 238 236 233 228 225 226 226 228
250 250 250 252 252 253 254 253 254 253 253 254 255 254 253 253 251 247 243 243 244 246 249 252 252 252 251 250 249 250 249 249 248 248 248 247 247 247 247 247 246 246 246 246 246 247 247 247 248 249 251 255 259 260 258 255 252 248 246 244 238 233 236 240 239 234 228 225 224 223 223 225 226 222 218 216 216 214 213 216 221 224 226 228 232 237 237 232 227 222 223 225 227 230
244 244 246 249 251 252 251 250 250 252 254 254 253 253 254 253 252 251 247 244 242 241 244 248 250 252 252 250 249 249 249 249 248 248 248 247 247 247 247 246 246 246 246 246 246 246 246 247 247 248 250 252 256 258 261 264 261 253 247 243 234 227 232 235 233 229 225 223 223 224 224 227 226 221 216 214 214 213 212 216 221 223 224 224 229 234 233 228 223 222 223 224 227 230
233 235 238 241 246 250 247 245 247 250 253 252 250 250 253 252 252 252 251 248 243 240 240 243 245 249 251 252 252 251 250 249 249 248 248 247 247 247 246 246 246 246 246 246 246 246 246 246 247 247 248 250 252 255 259 264 267 263 254 246 235 228 234 236 233 229 226 224 224 225 225 227 227 221 216 214 213 211 210 213 217 219 221 222 230 236 233 225 224 223 223 224 228 231
220 229 233 233 237 239 236 235 242 248 250 249 247 247 247 249 251 252 252 251 247 243 241 241 240 242 246 251 254 254 252 250 249 249 248 247 247 247 246 246 246 246 245 245 245 245 245 246 246 247 247 248 249 251 254 258 263 264 260 253 243 240 243 242 237 231 227 225 225 224 225 228 228 222 217 215 213 209 208 213 216 221 225 229 240 244 234 224 224 223 224 226 230 232
225 237 242 239 238 237 229 227 236 241 240 237 236 237 237 239 244 249 251 251 249 248 246 244 239 237 241 248 252 254 254 253 251 249 248 248 247 247 246 246 246 245 245 245 245 245 245 245 245 246 246 247 248 249 250 252 255 257 258 255 251 252 254 251 244 237 232 228 225 224 224 228 228 222 216 216 215 211 210 215 222 228 232 238 249 247 231 223 224 223 224 226 229 230
241 251 262 261 257 249 239 235 241 243 238 232 232 232 232 233 237 242 246 248 249 249 249 248 241 235 240 245 248 250 252 254 253 251 249 248 247 247 246 246 245 245 245 245 245 245 245 245 245 245 245 246 246 247 248 249 250 251 252 252 251 254 258 258 255 250 244 238 232 227 226 229 227 219 216 218 217 214 212 218 227 233 238 245 251 244 228 224 224 224 224 225 226 226
247 253 264 269 268 264 259 258 260 256 247 243 242 240 238 237 237 239 240 242 245 248 249 248 242 236 239 242 242 244 247 250 252 252 251 249 248 247 246 246 245 245 245 245 244 244 244 244 244 245 245 245 245 246 246 247 247 247 247 248 248 250 252 255 257 258 257 253 245 237 232 232 229 220 217 219 219 216 215 223 232 237 242 251 249 234 223 223 224 225 225 225 225 222
250 254 261 265 266 265 266 269 270 263 256 254 254 252 249 246 244 243 241 239 240 243 246 245 241 238 241 242 240 241 242 244 248 251 251 250 249 247 246 246 245 245 245 244 244 244 244 244 244 244 244 244 244 245 245 245 245 245 245 245 245 246 247 248 250 252 255 256 254 251 248 244 236 226 222 223 223 219 217 225 234 241 247 251 243 225 219 222 226 227 225 226 227 225
253 256 261 264 265 266 266 268 269 264 258 256 255 254 253 251 250 249 246 243 241 241 242 242 240 239 243 244 242 241 240 241 243 246 249 250 249 248 247 246 245 245 244 244 244 244 244 244 244 244 244 244 244 244 244 244 244 244 244 244 244 244 244 244 245 245 246 248 250 255 259 258 248 236 230 229 228 224 219 225 235 243 249 246 233 222 220 223 227 227 223 224 227 229
256 259 264 267 268 268 268 268 266 263 261 258 255 254 253 252 251 251 250 249 247 245 244 242 240 239 242 243 243 242 241 240 241 242 244 245 247 247 247 246 245 244 244 244 244 244 244 243 243 243 243 243 243 243 243 243 243 243 243 242 242 242 242 242 242 242 242 243 245 247 250 252 249 241 234 232 228 224 220 226 236 243 246 238 226 222 223 225 227 226 224 220 218 220
258 260 266 271 273 273 273 271 267 265 263 260 258 256 255 253 252 251 250 250 249 249 247 245 243 241 243 244 244 242 241 241 241 242 243 243 245 246 246 246 245 244 244 244 244 243 243 243 243 243 243 243 243 242 242 242 242 242 242 241 241 241 241 241 241 240 240 241 241 242 241 241 241 239 236 233 227 222 220 227 239 243 240 231 224 222 223 225 227 229 230 222 215 220
258 260 266 272 278 280 279 276 272 268 265 263 260 258 257 255 253 252 251 250 249 248 247 246 245 243 245 247 246 243 242 242 242 243 245 245 245 246 246 245 245 244 244 244 243 243 243 243 243 243 243 243 242 242 242 242 241 241 241 241 240 240 240 240 239 239 239 239 239 239 238 237 237 237 237 235 228 220 220 231 241 242 237 231 229 228 229 230 232 236 238 230 224 226
259 260 263 270 279 285 285 283 279 274 270 265 262 260 258 257 255 253 252 250 249 248 248 246 243 241 246 250 249 246 243 242 242 243 244 244 244 246 246 245 244 243 243 243 243 243 243 243 243 243 243 242 242 242 241 241 241 240 240 240 240 239 239 239 239 238 238 238 237 237 236 236 236 235 234 234 229 220 223 238 243 240 235 234 234 237 240 237 236 235 229 220 219 223
261 260 257 265 279 288 291 289 285 281 274 267 263 261 259 257 256 254 253 251 249 249 249 247 241 240 245 249 249 247 244 242 241 241 242 241 241 243 245 246 245 243 243 243 243 243 244 244 244 243 243 243 242 242 241 241 240 240 240 239 239 239 238 238 238 238 237 237 236 236 235 235 234 234 233 231 228 221 227 241 242 234 231 232 230 230 232 230 227 224 220 216 216 220
259 255 249 254 269 285 292 293 290 286 277 267 263 260 258 257 256 255 253 251 250 249 249 247 241 240 243 245 246 244 243 242 241 241 242 241 239 239 242 245 245 244 244 244 244 244 244 245 245 244 244 243 242 241 241 240 240 240 239 239 238 238 238 237 237 237 236 236 236 235 234 234 233 232 231 229 227 223 228 239 237 228 224 224 222 222 223 224 224 222 220 219 219 219
251 247 243 247 256 267 280 283 282 281 273 264 260 259 258 256 255 254 253 251 250 250 249 247 242 242 244 244 243 242 243 243 241 240 240 240 238 237 239 241 242 243 245 246 246 246 246 247 247 247 246 244 243 241 241 240 239 239 239 238 238 238 237 237 237 236 236 235 235 234 234 233 232 231 230 229 226 224 226 231 226 221 219 218 218 221 224 225 224 224 223 223 222 218
248 249 251 254 262 263 253 244 253 256 255 255 256 257 257 256 255 254 253 252 251 250 249 247 243 244 247 246 244 242 242 243 242 240 238 237 236 236 237 237 237 238 242 246 248 250 250 250 252 254 252 247 244 242 240 240 239 239 238 238 238 237 237 236 236 236 235 235 234 234 233 232 232 231 230 228 226 223 221 219 212 213 217 218 219 224 228 227 224 224 223 222 222 219
259 260 262 267 268 258 242 234 234 236 239 246 252 254 255 255 254 254 254 254 253 252 250 247 243 244 248 247 245 243 244 245 246 245 243 239 237 236 237 236 234 233 235 238 241 243 244 244 246 249 250 248 245 242 240 239 239 238 238 238 237 237 237 236 236 235 235 234 234 233 233 232 231 230 229 228 226 222 218 212 203 206 214 219 222 228 228 226 223 223 222 221 221 218
259 258 259 262 258 249 241 235 233 234 237 244 250 253 254 254 254 255 255 256 255 254 251 249 245 244 246 245 244 244 244 244 245 247 247 246 243 240 239 237 235 233 232 232 232 232 232 233 235 236 235 237 239 239 238 238 238 238 238 238 237 237 236 236 235 235 234 234 233 233 232 231 231 230 229 227 225 222 218 210 198 199 209 216 224 230 230 227 224 224 223 222 222 219
