windninja/windninja_output/Output_2025-08-09_2100-2150_Google earth_Fire_150m_10min/merlingen_7.5mi_point_08-09-2025_2130_150m_ang.asc
ncols	158
nrows	163
xllcorner	391686.332397
yllcorner	5160024.123721
cellsize	150.000000
NODATA_value	-32768.000000
[rows 42 to 83 of 163, columns 0 to 93 of 158]
201 201 201 201 201 200 199 199 200 199 198 198 198 198 198 198 197 197 197 197 196 196 195 195 194 193 191 189 187 187 190 192 192 192 193 194 197 197 195 194 195 197 199 197 193 191 194 197 198 197 199 199 193 191 196 203 205 207 212 218 217 211 208 210 209 205 202 201 200 200 203 203 199 191 187 189 188 186 189 197 202 202 203 204 201 200 201 203 202 199 199 205 213 216
200 200 201 201 200 200 199 199 200 199 198 198 198 198 198 198 198 198 197 197 197 196 195 195 195 194 192 191 188 188 191 193 192 190 188 187 189 190 189 191 195 200 200 196 194 196 200 204 204 201 201 201 197 196 200 206 210 212 215 218 216 210 206 206 206 203 197 196 198 199 198 198 196 191 188 190 191 190 192 197 200 201 200 199 198 202 207 209 208 205 203 204 210 214
200 201 201 200 200 200 200 200 200 199 199 199 199 198 198 198 198 198 198 197 197 196 196 195 195 195 193 192 191 191 192 192 191 188 185 183 183 185 189 193 198 201 199 197 199 203 206 206 202 198 197 200 200 200 204 209 212 213 215 214 212 208 205 202 200 198 196 195 196 197 197 198 198 195 195 196 196 195 197 199 199 197 195 198 203 208 210 212 212 211 208 206 210 215
201 201 200 200 200 200 200 200 200 200 199 199 199 199 199 198 198 198 198 197 197 197 196 196 196 195 194 193 193 192 192 192 190 188 185 182 181 185 190 194 196 198 200 201 202 204 205 202 197 195 198 203 205 206 210 214 215 214 211 208 206 204 201 195 194 195 197 198 196 198 200 202 204 204 204 203 200 197 199 199 195 193 196 205 211 212 211 212 214 215 212 209 211 216
202 200 199 200 201 201 200 200 200 200 199 199 199 199 199 198 198 198 198 198 197 197 197 197 196 195 195 195 194 193 192 192 190 188 185 184 184 185 188 190 192 196 201 203 203 204 202 198 195 197 203 207 211 214 215 216 215 212 206 201 199 199 195 192 193 195 198 201 200 200 203 206 209 210 210 208 202 197 197 196 195 198 206 214 215 212 211 211 213 215 214 210 211 215
201 200 199 200 202 202 201 200 200 199 199 199 199 199 199 199 199 199 199 198 198 198 198 197 197 197 196 196 195 194 193 192 191 189 186 186 186 185 185 187 190 195 200 203 203 201 198 197 198 201 205 210 213 215 213 212 211 207 202 195 193 195 194 194 196 199 202 204 202 201 204 207 211 213 212 210 205 200 198 201 205 209 214 215 213 210 209 210 211 213 212 212 213 215
201 200 200 201 203 204 202 199 199 199 199 199 199 199 199 199 199 199 199 199 199 198 198 198 198 197 196 196 196 195 194 193 192 191 188 187 186 186 185 186 189 193 199 201 200 199 197 198 201 203 208 213 216 215 213 209 207 202 196 191 190 195 199 201 202 203 204 204 203 203 206 208 211 213 213 212 208 204 203 207 211 212 211 209 207 206 207 207 207 207 210 214 216 215
202 201 201 202 203 205 203 200 198 199 199 199 199 200 200 200 199 199 199 199 199 198 198 198 198 197 197 196 196 196 195 195 194 192 190 187 186 186 186 186 189 193 196 196 196 198 199 200 203 206 209 213 213 212 209 206 202 195 192 191 193 198 205 208 205 203 203 203 204 205 207 208 210 212 213 210 206 204 204 207 209 209 207 205 204 204 204 203 202 204 209 216 219 218
203 201 201 202 203 204 203 201 198 198 199 199 199 199 200 200 200 199 199 199 199 199 198 198 198 198 197 197 197 196 196 195 194 193 191 188 187 187 187 188 190 192 191 191 194 198 201 204 209 212 212 213 209 205 202 200 196 193 193 196 199 205 212 212 206 202 202 203 205 206 208 210 212 212 211 207 204 203 204 207 208 208 207 205 203 202 200 199 202 206 211 217 220 221
206 203 200 200 201 202 202 203 199 197 198 199 199 199 200 200 200 200 200 200 199 199 199 198 198 198 198 198 197 197 197 196 195 194 193 190 188 188 188 189 190 191 189 188 192 198 202 207 214 215 212 209 206 202 200 197 195 196 199 202 206 211 215 214 206 202 202 203 205 207 209 211 211 210 208 206 204 202 204 206 208 210 210 207 203 201 200 202 206 210 213 218 222 225
210 205 199 199 201 201 202 204 202 197 197 199 199 200 200 200 200 200 200 200 199 199 199 199 199 199 199 198 198 197 197 196 196 195 194 193 191 190 188 188 190 191 188 186 191 198 203 206 210 207 201 199 201 201 198 196 197 201 205 208 210 211 214 213 205 200 200 202 205 207 208 208 208 208 208 207 205 203 204 206 208 212 213 211 207 205 204 206 209 213 215 218 221 222
211 206 197 197 200 200 201 204 204 200 198 199 200 200 200 200 200 200 200 200 200 200 200 199 199 199 199 199 198 198 198 197 197 196 195 194 193 191 189 188 188 190 188 186 189 198 201 200 200 198 195 197 199 200 199 198 199 203 208 211 211 211 214 212 203 198 198 201 204 205 205 205 205 207 208 207 206 205 206 207 208 211 212 211 211 210 208 208 211 214 217 217 216 215
208 205 198 194 198 199 199 203 207 205 200 199 199 200 200 200 200 200 200 201 200 200 200 200 200 199 199 199 199 198 198 198 197 197 196 195 195 193 191 188 187 189 190 189 190 195 197 194 193 194 196 199 200 201 203 201 200 203 207 209 209 209 211 209 200 196 195 197 201 202 202 204 207 208 208 208 206 207 208 206 205 207 208 208 209 211 210 210 212 214 215 214 211 208
204 204 202 198 199 202 201 203 207 207 203 200 199 199 200 201 201 201 200 200 201 200 200 200 200 200 199 199 199 199 199 198 198 197 197 196 196 195 193 191 189 190 193 193 191 190 190 188 188 191 195 199 200 201 205 203 200 203 206 207 206 206 208 206 200 195 195 196 199 202 205 208 210 208 207 207 206 206 206 203 201 203 205 206 207 209 210 210 212 214 216 213 207 202
203 204 205 203 203 204 203 202 206 208 206 202 200 199 199 200 201 201 201 201 201 201 201 200 200 200 200 200 199 199 199 199 198 198 198 197 197 196 195 193 192 193 194 193 190 186 183 183 185 188 193 199 200 202 206 203 201 203 204 204 202 203 207 208 202 197 196 197 201 207 210 210 208 206 206 205 204 204 203 201 200 201 204 205 206 208 209 210 212 215 218 214 201 191
204 204 205 204 204 204 203 201 202 206 205 203 202 201 199 200 200 200 201 201 201 201 201 201 200 200 200 200 200 200 199 199 199 199 198 198 197 197 196 195 195 194 193 192 190 186 182 180 182 184 190 198 201 204 207 203 199 201 201 200 200 203 208 210 206 199 196 198 204 209 208 206 205 204 204 202 201 201 200 200 200 202 204 206 209 212 214 214 213 212 212 201 185 182
205 204 204 204 204 204 204 201 199 201 203 204 205 205 202 199 199 200 201 201 201 201 201 201 200 200 200 200 200 200 200 199 199 199 199 198 198 197 197 196 196 195 195 193 191 189 185 181 179 179 185 196 201 203 206 202 198 199 199 198 200 204 208 211 208 202 197 198 202 205 203 203 204 203 202 200 199 198 198 198 200 203 206 209 213 216 217 216 212 206 198 188 182 182
204 204 204 205 206 206 206 204 201 201 203 204 206 207 205 201 199 199 200 200 201 201 201 201 201 201 201 200 200 200 200 200 200 199 199 199 199 198 198 197 197 196 196 194 193 192 189 185 180 175 177 189 198 202 205 202 199 199 199 199 201 204 209 211 210 204 198 196 200 203 202 202 202 201 199 198 197 197 198 200 202 205 208 209 212 215 215 213 206 196 188 186 186 189
204 205 205 206 207 207 207 207 205 203 202 201 202 205 206 204 201 199 199 199 200 200 201 201 201 201 201 201 201 200 200 200 200 200 200 199 199 199 198 198 198 197 196 196 195 193 191 189 184 177 173 180 194 201 203 202 200 199 199 199 201 205 210 212 211 206 200 197 200 203 202 201 200 199 197 196 197 198 201 203 205 207 210 210 211 212 211 207 199 190 187 189 191 199
205 206 207 207 207 207 208 207 206 204 201 198 198 201 205 206 204 201 199 198 199 200 201 201 201 201 201 201 201 201 201 200 200 200 200 200 199 199 199 199 198 198 197 196 196 195 193 191 188 182 175 176 189 199 203 204 203 201 201 202 204 207 210 212 211 208 203 200 201 202 201 199 199 197 196 196 198 201 203 205 206 209 212 213 213 211 207 200 193 187 187 193 200 208
208 208 208 208 207 207 207 206 206 205 202 198 197 199 202 206 206 204 202 199 199 199 201 201 202 202 202 201 201 201 201 201 201 200 200 200 200 200 199 199 199 198 198 197 196 196 195 193 191 187 181 178 185 195 201 204 205 204 203 203 204 205 207 208 209 208 205 202 200 200 199 199 198 196 195 197 200 202 203 205 207 210 213 215 214 211 204 194 189 189 191 202 212 215
214 212 211 209 207 206 206 207 206 206 204 200 198 197 199 203 206 206 204 202 200 199 200 200 201 202 202 201 201 201 201 201 201 201 201 200 200 200 200 199 199 199 198 198 197 197 196 195 193 190 185 181 184 190 193 200 206 205 203 201 200 200 204 209 214 213 207 202 199 198 198 198 197 195 194 197 200 202 202 205 208 210 213 213 211 206 198 189 187 193 202 212 217 220
220 217 212 210 208 207 207 209 208 207 206 203 198 196 197 199 203 205 206 205 202 200 200 200 200 201 202 202 201 201 201 201 201 201 201 201 201 200 200 200 200 199 199 198 198 198 197 196 195 193 189 184 184 187 187 194 204 205 201 198 196 200 210 220 223 217 205 198 196 196 196 197 197 195 194 197 198 198 200 203 207 209 210 209 206 201 194 190 191 200 209 215 219 224
220 217 211 209 207 207 208 210 211 209 208 205 199 196 197 197 200 203 205 206 205 203 202 200 200 201 202 202 202 201 201 201 201 201 201 201 201 201 200 200 200 200 199 199 199 198 198 197 196 194 192 189 186 187 185 187 199 203 201 198 197 206 216 218 214 205 197 193 193 194 195 197 197 195 194 194 195 196 198 203 208 209 208 206 203 198 194 194 199 205 211 218 223 228
214 213 210 209 209 207 205 206 209 208 206 205 202 197 195 197 199 200 203 206 205 204 204 202 200 200 201 202 202 202 201 201 201 201 201 201 201 201 201 201 200 200 200 200 199 199 198 198 197 196 195 193 191 189 186 183 191 201 204 203 201 202 205 206 203 199 195 193 193 194 194 197 197 195 193 191 193 195 199 203 206 205 201 197 196 198 198 199 206 211 215 220 226 231
200 203 207 208 208 204 200 203 207 208 206 204 202 199 195 197 199 199 200 203 204 204 205 204 202 201 202 203 203 202 202 202 201 201 201 201 201 201 201 201 201 201 200 200 200 199 199 199 198 198 197 196 194 193 191 187 189 199 208 208 201 195 196 199 200 199 198 196 195 194 194 196 197 194 191 191 192 194 196 198 198 197 193 190 195 204 206 208 213 216 218 223 229 233
178 191 200 202 203 200 196 200 207 208 205 202 201 200 198 197 199 199 198 200 203 204 204 204 203 203 205 206 204 203 202 201 201 201 201 201 201 201 201 201 201 201 201 201 200 200 200 200 199 199 198 198 197 196 195 194 195 199 208 209 200 192 193 196 199 199 199 198 196 194 194 196 196 193 191 192 192 192 192 193 192 192 192 195 207 216 214 212 215 219 222 227 233 234
166 177 194 199 202 202 198 198 203 204 200 197 198 197 197 197 198 200 199 200 202 203 204 205 204 206 209 209 206 203 202 201 201 201 201 201 201 201 201 201 201 201 201 201 201 201 200 200 200 200 199 199 199 198 198 198 199 200 203 205 200 193 191 194 196 198 199 197 195 195 195 197 195 192 192 193 192 191 189 190 192 194 201 211 220 222 214 213 218 221 225 228 231 231
176 180 193 204 211 212 206 200 202 204 201 199 200 199 199 199 200 202 202 201 201 203 204 205 204 206 210 211 206 204 202 201 200 200 201 201 201 202 202 202 202 201 201 201 201 201 201 201 201 200 200 200 200 200 200 200 200 201 201 201 200 196 194 196 197 197 197 196 195 195 196 197 195 192 193 195 193 190 187 189 195 203 213 220 223 219 214 216 221 224 225 226 226 225
194 196 203 213 225 227 220 210 211 214 212 210 210 208 206 204 203 204 204 202 202 203 204 204 201 200 206 209 207 205 203 202 200 199 200 201 201 201 202 202 202 202 202 202 202 201 201 201 201 201 201 201 201 201 200 201 201 201 201 201 200 199 198 199 199 197 196 196 195 194 193 196 196 193 194 196 194 190 188 192 202 212 217 221 220 214 213 218 223 226 226 224 222 218
206 207 210 214 220 224 222 219 223 226 225 223 221 218 214 210 207 206 205 204 203 203 203 202 198 195 202 208 209 207 205 204 203 200 199 200 200 201 201 202 202 202 202 202 202 202 202 202 202 202 201 201 201 201 201 201 201 201 201 201 201 200 200 199 199 197 196 195 193 190 188 194 198 197 196 196 195 192 191 198 207 213 216 217 216 212 214 220 226 227 224 223 223 219
217 217 217 218 220 221 220 220 223 225 223 221 218 216 214 211 209 207 207 205 204 203 202 201 198 195 200 206 209 209 207 206 205 202 199 198 200 200 201 202 202 202 202 202 202 202 202 202 202 202 202 202 202 202 202 202 202 201 201 201 201 201 200 200 200 198 197 195 194 191 189 194 200 198 197 196 195 194 194 201 208 211 211 213 213 214 218 223 227 224 220 219 221 220
226 226 226 226 226 225 224 223 223 221 218 217 214 212 210 209 207 207 207 205 205 205 204 203 200 197 198 204 208 210 208 207 206 204 200 199 199 200 200 201 202 202 202 202 203 203 203 202 202 202 202 202 202 202 202 202 202 202 202 202 201 201 201 201 200 199 198 197 196 196 194 193 192 190 190 192 192 194 196 201 205 204 205 210 214 218 222 224 224 222 217 212 208 199
234 235 237 237 237 236 232 226 223 219 216 215 213 211 209 208 206 206 205 205 204 205 206 205 202 199 199 203 206 209 209 207 207 207 205 202 201 201 200 200 201 202 202 203 203 203 203 203 203 203 203 203 202 202 202 202 202 202 202 202 202 201 201 201 200 200 199 198 198 197 196 193 190 185 183 186 188 191 195 197 197 199 206 214 218 221 223 222 223 224 221 208 195 189
240 242 245 248 251 250 242 232 225 220 215 213 211 210 208 207 206 205 204 204 204 205 205 205 203 201 201 202 204 207 209 209 210 212 210 206 203 201 200 200 200 202 203 203 203 203 203 203 203 203 203 203 203 203 202 202 202 202 202 202 202 202 201 201 201 200 200 199 198 197 196 194 192 187 182 181 182 186 191 193 195 202 215 223 228 228 227 227 228 229 223 204 188 186
246 247 250 256 264 267 260 244 227 216 211 209 209 208 206 206 205 204 203 204 204 204 204 203 203 203 204 203 203 205 209 212 212 212 211 207 203 202 201 200 200 201 203 203 204 204 204 204 204 204 203 203 203 203 203 203 202 202 202 202 202 202 202 201 201 201 200 199 199 198 197 196 194 190 185 181 178 179 184 192 199 211 224 232 234 235 235 233 228 219 204 189 183 186
252 252 250 257 273 283 280 244 211 202 202 203 206 206 205 204 204 202 202 203 204 204 203 203 202 203 205 204 203 203 207 210 210 209 209 207 204 203 203 201 200 201 203 204 204 205 205 205 204 204 204 203 203 203 203 203 203 203 202 202 202 202 202 202 201 201 200 200 199 198 198 197 195 193 189 184 179 175 178 192 206 216 224 227 224 222 223 218 207 199 192 185 183 189
252 250 244 243 256 269 249 184 180 184 191 198 202 203 203 203 202 201 201 202 203 203 203 203 200 201 204 204 202 200 202 206 208 209 210 208 205 205 206 204 201 201 204 205 206 206 206 206 205 205 204 203 203 203 203 203 203 203 203 203 202 202 202 202 201 201 201 200 200 199 198 197 196 194 191 188 182 176 176 190 207 214 214 213 212 211 210 203 196 191 189 189 189 191
245 240 230 226 222 209 187 173 175 179 185 193 199 201 202 202 202 202 201 202 203 203 203 202 198 199 203 204 203 201 199 202 204 207 209 208 206 206 206 206 203 202 205 207 207 208 208 209 208 206 204 203 203 202 202 203 203 203 203 203 203 202 202 202 202 201 201 200 200 199 198 197 197 195 193 190 186 180 179 187 199 204 204 205 207 208 204 195 191 191 192 193 194 193
243 241 230 218 212 208 197 186 184 185 186 191 198 201 202 202 203 203 201 201 202 203 203 201 198 198 202 204 204 201 199 199 201 204 207 209 207 206 206 207 205 203 206 210 212 213 214 214 214 210 204 201 201 202 202 202 203 203 203 203 203 203 202 202 202 202 201 201 200 200 199 198 197 196 194 192 189 185 182 183 187 194 201 204 206 205 197 190 189 192 194 195 197 196
252 248 226 209 207 213 209 201 196 195 194 195 199 202 203 204 204 204 202 201 201 202 202 200 197 198 201 202 203 202 201 201 202 205 209 210 209 207 207 207 206 204 205 207 208 208 208 208 208 206 201 199 199 200 201 202 203 203 203 203 203 203 202 202 202 202 201 201 200 200 199 198 197 197 195 193 190 187 183 180 180 188 199 205 204 197 191 187 188 192 195 197 199 198
234 221 204 207 212 216 214 210 208 207 204 202 203 205 207 207 207 206 204 202 201 200 201 199 196 196 199 200 201 203 203 203 205 208 211 213 213 211 209 208 206 204 202 201 201 200 199 198 199 200 199 198 196 197 200 202 203 203 203 203 203 203 203 202 202 202 202 201 201 200 199 199 198 197 196 194 192 188 185 181 177 183 194 200 198 191 188 188 189 192 196 199 201 201
