windninja/windninja_output/Output_2025-08-09_2100-2150_Google earth_Fire_150m_10min/merlingen_7.5mi_point_08-09-2025_2120_150m_ang.asc
ncols	158
nrows	163
xllcorner	391686.332397
yllcorner	5160024.123721
cellsize	150.000000
NODATA_value	-32768.000000
[rows 84 to 125 of 163, columns 0 to 93 of 158]
219 213 210 218 222 222 221 221 222 218 212 207 205 206 207 206 205 204 202 198 196 194 195 194 189 188 193 196 197 199 200 200 202 204 208 211 212 211 210 208 205 203 201 200 200 200 200 199 199 201 201 200 198 197 198 200 201 201 201 201 200 200 200 199 199 199 198 198 197 196 196 194 193 192 191 189 187 184 180 177 174 176 184 189 186 181 179 180 180 182 184 187 191 193
218 224 231 234 235 234 233 232 230 223 215 210 208 208 208 208 207 207 206 203 200 196 194 192 189 187 192 198 199 199 201 202 202 204 207 209 210 213 213 210 206 204 203 204 205 206 207 207 207 207 206 206 205 203 201 202 202 202 202 202 201 201 200 200 200 200 199 199 198 197 197 196 194 193 192 190 188 185 182 177 173 174 179 184 182 180 180 183 183 183 185 188 192 195
229 236 242 244 245 244 238 233 228 222 215 212 210 209 210 211 211 213 213 211 208 202 197 189 184 186 191 197 200 201 202 203 202 201 203 205 207 209 211 210 207 205 204 206 207 209 210 212 212 210 209 210 209 207 205 204 204 204 203 203 202 201 201 201 201 200 200 200 199 198 197 197 195 194 193 191 189 186 182 177 171 169 172 177 179 180 182 184 185 186 188 189 190 189
243 247 250 249 244 238 231 224 220 219 217 214 212 210 212 214 214 216 217 216 212 204 194 180 174 180 190 195 200 202 203 204 204 201 202 204 205 207 209 209 208 205 204 206 209 211 213 214 214 214 212 210 210 210 209 208 207 206 205 203 203 202 202 201 201 201 201 200 200 199 198 197 196 195 194 192 190 187 183 178 170 163 163 167 176 182 185 186 188 191 191 188 183 180
249 249 244 236 228 222 219 217 219 222 221 215 211 208 209 212 213 216 216 213 206 194 182 176 176 181 190 197 201 204 205 205 206 205 206 207 207 208 210 211 210 208 205 205 208 210 213 215 215 214 212 210 209 210 210 210 210 209 207 204 202 202 202 202 202 202 202 201 201 200 199 199 197 196 195 193 191 188 185 179 170 160 154 156 166 180 187 190 192 192 189 182 178 176
245 240 230 226 222 218 218 219 220 222 221 213 208 208 210 211 213 215 214 208 195 182 179 181 184 186 193 199 203 205 207 207 208 208 209 210 209 210 214 217 216 213 209 207 208 210 213 215 215 214 212 209 206 205 206 208 210 213 212 205 200 200 201 202 203 203 203 202 202 201 200 200 199 197 196 194 193 190 187 182 174 163 154 150 154 171 190 195 194 191 185 179 183 189
240 235 228 227 227 223 219 218 216 216 217 212 207 208 211 211 210 211 211 202 185 178 184 191 191 191 197 202 205 207 209 209 210 210 211 212 211 211 213 218 219 218 215 212 211 212 214 217 217 216 213 209 205 203 203 207 211 213 211 202 195 198 201 203 203 204 203 203 203 202 201 201 200 199 197 196 194 192 189 185 179 170 162 156 156 166 185 195 194 190 185 185 196 204
235 230 222 220 218 215 211 208 207 211 215 213 207 206 205 204 204 205 207 199 181 182 194 199 196 196 201 205 208 210 211 212 213 212 213 213 212 211 210 213 217 218 218 217 215 214 216 219 220 219 216 212 208 204 202 205 208 207 206 202 195 196 201 203 204 204 204 204 204 203 203 202 201 200 199 198 196 194 191 188 184 177 170 165 166 170 177 188 192 192 193 200 214 221
226 220 212 209 207 203 196 192 196 204 211 210 205 204 204 202 200 198 198 196 190 191 202 205 202 202 206 209 211 213 214 216 216 215 214 214 214 213 212 212 215 218 220 220 219 218 220 223 225 226 223 217 211 205 199 200 203 204 207 207 202 199 201 204 205 205 206 205 205 204 204 203 202 201 200 199 198 196 194 192 188 184 177 171 170 172 178 188 198 205 219 233 244 247
217 212 205 204 203 200 195 190 191 201 207 203 197 194 195 197 193 190 195 202 204 199 204 208 206 208 211 213 215 216 218 220 221 218 215 215 216 215 215 213 212 217 221 223 222 222 223 225 227 228 228 222 212 206 200 198 205 212 215 215 210 204 204 205 206 207 207 206 206 205 205 204 204 203 202 201 200 198 197 195 193 190 186 180 176 178 186 201 221 234 239 242 245 245
204 203 202 203 203 202 199 194 191 198 205 202 196 193 193 197 197 197 206 216 213 207 208 211 210 212 214 215 217 220 223 226 225 220 216 217 218 218 217 214 210 211 217 220 220 220 221 222 224 223 223 218 207 205 205 206 214 220 221 219 215 209 207 208 208 208 208 208 207 207 206 206 205 204 203 203 202 200 199 198 196 195 193 191 189 192 199 214 228 231 229 227 227 227
187 195 202 204 207 206 203 197 192 198 207 209 207 207 207 213 215 224 226 224 218 219 219 221 219 218 218 218 219 220 222 223 222 220 218 219 221 220 219 217 212 207 212 216 216 215 215 215 216 215 215 215 208 206 210 212 214 218 219 218 216 212 210 210 210 209 209 209 209 208 207 207 206 206 205 204 203 203 201 200 199 198 198 197 198 199 203 210 215 218 218 218 218 218
165 185 201 205 209 210 208 203 200 211 228 230 229 230 235 241 242 246 240 223 226 233 236 237 231 224 220 220 219 218 219 222 223 223 222 223 224 223 222 220 215 209 209 214 214 212 211 211 211 212 216 218 215 211 214 216 217 219 219 219 218 214 212 212 211 211 210 210 210 209 209 208 208 207 207 206 205 204 204 203 202 201 201 201 202 203 205 207 210 212 213 213 214 214
148 172 199 207 216 218 217 215 216 225 239 243 245 241 245 248 252 252 242 228 231 239 245 248 238 224 219 220 221 222 227 230 231 230 228 228 229 228 226 223 219 213 209 214 217 215 215 216 218 222 224 224 221 217 217 220 221 222 222 221 220 218 216 214 213 212 212 211 211 211 210 210 209 209 208 208 207 206 206 205 204 204 204 204 204 205 206 207 209 210 210 211 211 211
132 154 206 221 231 231 229 227 228 232 243 255 263 264 263 263 261 256 244 236 234 238 243 241 223 212 217 222 226 231 236 238 237 235 233 232 234 235 231 226 222 217 212 215 221 223 226 229 231 231 229 226 224 221 220 221 222 222 221 221 221 221 220 218 216 214 213 213 212 212 212 211 211 210 210 209 209 208 208 207 207 206 206 206 206 206 207 208 208 209 210 210 210 210
118 137 231 243 250 251 250 248 246 246 250 255 261 268 270 267 263 257 248 239 233 232 233 229 216 213 221 227 232 237 240 241 242 240 237 235 236 237 236 232 226 221 215 214 220 224 227 229 230 228 227 225 223 222 221 221 221 222 221 219 219 220 221 221 220 217 215 214 214 214 213 213 213 212 212 211 211 210 209 209 208 208 208 208 208 208 208 208 209 209 210 210 210 210
134 163 239 251 256 258 260 261 258 255 255 255 258 265 269 265 262 259 248 236 233 235 235 230 224 225 230 233 237 241 244 247 249 249 246 242 239 238 238 236 230 225 218 214 218 222 225 227 227 226 225 224 222 221 220 220 220 222 222 218 216 216 218 220 220 219 217 216 215 215 215 215 215 214 214 213 213 212 211 211 210 210 209 209 209 209 209 209 209 210 210 210 210 210
172 198 238 249 254 257 259 260 259 257 255 253 251 251 252 252 248 245 236 233 240 243 240 235 234 235 238 240 242 245 249 253 256 258 258 255 250 245 243 240 233 228 222 216 217 224 227 227 226 225 224 223 222 222 222 221 219 220 221 219 216 216 218 219 219 218 217 216 216 218 219 218 217 217 216 215 215 214 213 213 212 211 211 211 210 210 210 210 210 210 210 210 210 211
204 218 239 247 251 254 256 256 255 254 253 250 245 237 232 232 233 231 225 231 240 240 239 239 239 240 244 246 247 249 252 255 257 261 264 266 263 258 253 248 241 233 228 220 217 220 223 223 223 223 223 223 222 221 222 221 219 219 220 219 216 215 217 219 220 219 217 217 218 221 224 223 221 219 219 218 218 217 216 215 214 213 213 212 212 211 211 211 211 211 211 211 211 211
221 227 238 244 247 250 252 253 253 252 251 249 243 236 232 232 233 231 229 237 240 236 238 241 240 241 246 249 250 252 254 254 257 260 263 268 272 271 265 259 252 245 237 227 218 218 221 222 222 223 223 224 223 221 220 220 219 220 220 219 216 214 215 218 220 220 218 217 217 220 226 228 226 224 224 223 222 220 219 217 216 215 214 213 213 212 212 212 212 212 212 212 212 212
228 231 237 242 246 250 251 252 253 254 254 253 250 251 253 253 249 245 246 249 242 236 237 239 239 239 243 246 248 253 255 256 257 259 262 267 274 278 276 269 263 257 248 237 225 220 223 224 222 223 223 223 223 222 221 220 219 219 220 220 219 217 216 218 220 220 218 215 214 217 222 227 231 233 234 233 230 226 223 221 219 217 216 215 214 214 213 213 213 213 213 212 213 213
234 235 238 242 246 250 251 252 252 254 257 259 262 264 265 265 263 258 256 251 244 239 238 237 236 236 239 242 245 250 255 258 259 258 260 265 271 277 278 274 269 263 256 249 235 221 220 221 220 221 222 221 221 222 223 222 220 220 220 221 221 219 219 221 221 221 219 215 213 216 220 223 226 230 233 236 236 233 231 229 225 220 218 216 216 215 215 214 214 214 214 214 214 214
237 237 238 240 243 246 248 249 249 250 252 253 255 256 259 261 260 257 252 245 242 243 240 234 232 234 236 238 243 248 252 256 257 254 256 263 270 274 277 277 273 266 262 257 243 224 215 217 218 219 220 220 219 220 221 221 221 221 222 222 222 220 220 221 221 221 220 216 213 216 220 221 223 222 223 226 229 230 231 233 231 224 219 218 217 216 216 216 215 215 215 215 215 215
237 236 236 238 240 242 243 243 240 239 239 239 239 242 248 252 254 252 247 241 240 243 240 231 228 230 232 232 238 246 251 253 250 246 254 264 271 271 272 276 276 269 263 258 246 225 206 209 214 217 221 222 220 220 221 221 220 221 222 222 223 222 221 221 220 220 220 218 214 215 219 221 222 223 223 225 226 223 222 225 229 226 221 219 218 217 217 217 217 217 217 217 216 216
237 235 234 236 237 235 233 231 229 231 234 237 237 239 242 245 246 244 241 239 240 243 241 231 225 227 229 227 233 243 249 249 243 239 253 266 268 264 265 270 273 270 267 260 246 227 196 193 205 213 219 222 222 222 221 221 221 221 221 220 221 223 222 221 222 221 220 219 215 213 217 221 223 224 224 224 224 223 221 224 227 227 223 220 219 219 219 219 219 219 219 218 218 217
237 235 233 233 231 229 229 229 231 234 238 240 237 237 240 243 242 234 230 234 241 245 243 233 224 224 226 225 232 243 245 243 239 238 254 264 263 259 262 263 261 265 272 270 254 233 196 172 191 206 214 218 220 221 221 221 221 221 220 218 219 222 222 221 223 224 223 221 217 214 216 221 224 223 223 224 224 225 225 226 228 228 225 222 221 221 222 222 222 222 221 221 220 220
236 235 234 234 234 235 237 238 239 239 240 240 237 236 240 243 239 224 220 229 240 248 245 235 225 222 223 223 231 241 243 240 236 239 253 261 260 259 261 253 243 251 266 276 271 248 201 155 168 195 207 213 217 219 220 220 220 222 222 219 218 221 223 221 222 225 225 222 219 215 214 219 223 223 224 226 227 227 227 228 229 231 229 225 224 225 226 226 226 226 226 225 225 224
235 235 237 239 240 241 242 242 241 239 239 241 240 238 240 243 237 214 213 225 235 246 248 235 227 225 222 219 225 233 240 241 236 238 249 257 258 259 257 243 235 240 249 258 269 265 201 140 144 175 198 208 214 219 220 219 219 222 224 222 220 222 223 221 220 222 224 223 220 217 215 219 223 224 225 227 228 228 229 230 231 232 231 228 224 225 230 232 233 233 233 233 231 229
239 240 241 241 242 240 239 238 238 237 235 238 240 237 239 243 236 208 207 218 227 238 244 234 225 230 230 226 225 228 233 238 238 241 252 257 257 257 249 240 237 239 244 249 253 252 204 131 121 144 180 197 209 217 220 219 217 221 223 222 220 220 222 222 220 220 222 222 220 218 218 221 225 225 226 227 227 226 226 228 231 233 232 229 226 224 229 235 239 242 243 240 235 232
242 242 242 242 242 241 239 237 234 231 229 234 237 234 237 243 236 202 196 208 218 230 238 235 228 236 239 238 234 228 230 234 239 249 260 263 259 253 245 239 235 236 243 251 249 226 197 160 126 124 149 180 200 213 219 219 217 219 222 222 220 218 220 222 220 219 220 220 219 217 216 220 223 223 225 227 227 226 225 226 229 232 232 232 230 226 228 233 235 238 239 236 231 230
240 240 240 240 240 239 238 236 233 230 230 234 234 230 234 242 237 196 182 199 211 223 231 234 232 234 235 236 239 235 229 232 240 252 262 266 260 252 243 233 226 229 239 246 241 215 192 180 160 135 131 152 183 206 216 218 216 217 221 222 220 217 218 222 220 218 219 219 219 217 216 218 222 223 223 226 228 227 226 226 229 231 228 228 227 223 225 228 227 228 230 228 226 229
237 237 237 237 236 235 234 234 233 232 235 236 230 225 231 242 240 199 175 194 209 217 222 226 230 231 229 228 233 234 226 228 238 249 259 261 256 249 240 228 221 228 235 239 235 219 198 187 180 158 138 138 160 193 213 218 218 217 220 222 220 217 218 221 220 217 217 219 219 218 217 219 223 226 225 226 227 228 227 226 229 231 227 224 224 219 219 222 222 226 228 226 224 225
233 235 236 235 235 234 232 230 231 235 240 238 226 220 229 243 244 208 175 188 207 212 213 219 225 229 227 226 235 234 219 221 232 243 254 257 251 239 231 225 222 229 233 235 234 225 207 192 186 176 154 141 147 176 206 217 219 218 219 222 220 218 219 221 221 217 217 219 219 218 217 218 221 225 227 228 228 229 229 228 232 234 230 224 223 219 215 218 221 226 228 226 222 219
232 235 237 237 237 235 231 227 229 233 240 237 222 216 229 243 246 218 175 177 197 206 209 214 219 222 222 224 233 234 223 222 228 237 243 244 237 225 221 223 223 226 229 231 233 225 207 192 186 183 170 152 147 162 194 213 219 218 219 221 220 217 218 220 220 217 216 218 218 218 217 216 217 221 225 227 228 229 229 229 233 236 231 224 222 219 215 217 222 226 226 223 219 217
233 235 236 237 237 235 230 228 230 233 237 236 222 216 229 240 245 235 179 163 183 205 212 216 219 219 216 217 224 227 227 227 230 239 240 233 224 213 213 218 219 221 224 228 230 224 209 197 190 187 181 162 151 156 181 208 218 219 219 221 221 217 217 219 218 215 214 216 217 218 217 215 215 217 221 224 225 227 228 228 230 233 231 224 221 219 217 218 222 224 223 220 216 218
234 234 235 239 239 235 232 233 237 237 237 238 226 219 229 237 244 246 215 152 155 213 225 229 230 227 222 221 224 225 228 229 236 246 244 237 228 216 214 216 215 217 219 222 222 220 213 204 196 191 186 170 156 154 171 202 217 220 219 221 221 218 218 219 217 216 214 215 217 219 218 216 214 215 219 222 223 224 227 230 232 234 231 225 222 221 218 219 221 222 221 218 216 220
233 232 234 238 241 238 238 241 244 241 238 242 233 220 226 235 244 247 241 213 66 287 256 251 248 247 244 242 242 241 240 241 248 252 250 245 236 229 225 222 219 217 217 219 219 218 213 206 199 194 189 178 163 156 167 196 216 221 220 221 222 219 220 223 225 227 226 221 220 221 220 217 215 215 216 219 221 223 226 231 234 235 232 226 224 222 219 219 221 221 220 218 215 219
230 230 230 231 232 232 236 242 247 244 239 245 242 220 220 231 241 247 246 241 285 331 308 284 272 265 259 258 264 267 264 259 258 256 254 250 246 242 237 232 228 224 225 227 227 224 220 214 205 199 194 184 169 160 166 189 213 220 220 222 224 222 225 230 234 242 247 242 231 225 222 219 218 217 215 216 218 221 224 228 230 232 231 226 224 221 218 218 220 222 220 216 213 215
224 227 227 224 222 221 225 231 239 242 240 249 250 225 219 228 239 245 246 245 259 301 314 307 292 283 277 276 277 277 274 269 263 260 258 254 251 247 240 237 236 234 235 234 234 235 233 225 213 206 200 191 175 164 166 184 210 219 221 225 227 228 232 233 232 236 242 246 245 236 228 224 222 219 216 214 215 217 220 222 226 229 228 223 221 219 216 216 218 220 218 213 211 216
223 228 230 224 221 222 223 226 232 234 238 253 257 235 226 235 239 241 242 247 256 273 294 303 300 296 292 288 287 285 281 274 268 264 262 257 252 249 243 237 236 237 236 235 234 236 235 226 214 207 203 196 180 167 169 183 210 225 229 230 230 230 232 230 228 230 233 235 240 243 238 233 228 223 219 215 213 214 216 218 220 223 223 220 219 219 215 214 218 220 217 210 210 217
226 230 232 227 224 226 225 226 230 230 234 249 257 243 240 247 243 238 237 243 255 264 274 284 289 292 293 295 296 294 286 276 270 268 265 260 254 253 248 239 236 236 237 237 235 233 231 224 212 206 204 199 185 172 173 187 209 227 234 233 229 228 227 225 226 230 231 231 233 237 245 248 244 236 228 220 214 213 215 214 215 220 222 220 220 219 215 215 220 222 217 208 207 215
222 227 229 224 222 225 226 226 229 227 231 242 249 246 251 258 250 238 232 235 245 258 266 268 273 279 290 300 302 301 288 275 271 270 267 262 257 257 252 244 239 237 237 240 239 235 231 223 210 206 206 201 190 178 175 187 204 219 226 224 222 224 223 222 225 229 230 231 231 232 237 249 256 256 248 234 224 219 218 217 216 221 223 221 220 219 214 214 219 221 214 205 206 214
