windninja/windninja_output/Output_2025-08-09_2100-2150_Google earth_Fire_150m_10min/merlingen_7.5mi_point_08-09-2025_2110_150m_ang.asc
ncols	158
nrows	163
xllcorner	391686.332397
yllcorner	5160024.123721
cellsize	150.000000
NODATA_value	-32768.000000
[rows 84 to 125 of 163, columns 0 to 93 of 158]
239 234 232 236 236 234 231 230 231 229 226 226 227 230 233 233 233 234 233 232 231 230 228 225 220 218 221 222 223 224 224 224 225 227 231 234 235 234 232 229 226 224 223 223 224 225 225 226 228 227 225 225 225 226 229 231 232 233 233 233 234 234 234 234 234 235 235 235 235 236 236 236 236 236 237 236 236 234 232 225 206 199 211 230 252 258 257 255 254 254 254 252 249 247
241 241 243 244 244 241 238 236 237 234 231 228 228 230 231 232 232 234 235 235 235 234 231 228 223 219 222 224 225 225 224 224 224 224 227 230 232 234 235 233 229 227 227 228 230 232 234 236 238 236 234 231 230 229 229 231 233 233 234 234 234 234 234 234 234 235 235 235 235 236 236 236 236 237 237 237 236 235 233 226 208 197 213 242 257 257 255 253 253 253 254 253 251 249
247 247 248 250 249 246 240 237 236 235 231 228 228 229 230 231 232 235 238 240 241 240 239 235 225 217 219 223 225 226 225 225 223 221 222 224 225 227 230 232 232 230 228 228 230 232 235 238 240 240 238 237 234 232 232 233 234 235 235 235 235 234 234 234 235 235 235 235 236 236 236 236 237 237 237 237 237 236 235 231 217 202 218 250 258 257 255 254 252 252 252 252 252 251
252 253 253 252 247 241 235 231 232 232 231 229 229 228 230 231 231 234 237 240 240 238 237 231 212 205 212 218 222 224 225 226 225 224 224 223 222 223 225 227 228 228 228 228 230 232 235 237 238 239 239 238 237 236 236 236 237 237 237 236 235 235 235 234 235 235 235 235 236 236 236 237 237 237 238 238 238 238 238 238 234 228 246 260 258 255 254 254 253 253 254 255 256 254
255 254 250 243 236 229 226 226 229 232 232 229 227 225 225 226 227 231 234 235 232 225 219 210 197 195 208 217 221 223 224 226 227 228 230 230 227 225 226 226 226 226 226 227 228 230 233 235 236 236 236 236 236 236 236 237 239 240 240 239 237 235 234 234 235 235 235 236 236 236 237 237 237 238 238 239 239 240 241 243 246 260 285 281 269 259 254 253 254 256 258 260 258 255
252 249 240 235 231 226 226 227 227 230 231 227 223 222 223 223 224 228 230 230 222 212 207 203 195 196 207 217 220 223 224 225 226 227 230 233 233 232 232 232 231 229 227 226 228 230 232 234 235 234 233 232 231 231 231 232 235 240 244 244 239 235 234 234 235 235 235 236 236 237 237 237 238 238 239 240 240 242 243 245 250 264 287 291 283 273 265 260 259 261 263 260 256 253
248 244 236 235 235 231 227 225 222 223 227 224 218 219 221 220 221 223 227 227 215 204 204 204 198 198 208 216 220 223 225 226 227 227 228 231 232 232 232 233 234 233 231 230 230 232 233 234 235 235 234 232 230 228 227 229 232 236 241 242 236 233 233 234 234 235 236 236 236 237 237 238 238 239 239 240 241 243 244 247 252 261 276 285 284 282 276 270 267 268 265 256 254 255
243 237 229 226 225 224 219 216 214 219 225 222 214 213 213 212 214 217 222 225 211 201 206 206 201 202 211 218 222 224 226 228 229 229 229 230 229 229 230 230 231 232 233 233 233 233 235 236 237 237 236 235 233 229 225 225 229 231 233 232 227 228 232 233 234 235 236 236 237 237 237 238 239 239 240 241 242 243 245 248 252 259 269 277 280 281 279 275 272 270 262 255 259 260
235 228 218 215 214 210 203 198 200 210 218 217 211 210 211 210 210 209 212 214 209 201 208 209 206 207 215 220 224 226 228 230 231 230 230 230 229 229 230 230 230 231 232 234 235 236 237 239 241 242 242 241 238 233 225 223 227 230 231 229 225 226 230 233 234 235 236 237 237 237 238 238 239 240 240 241 242 244 246 248 252 257 265 274 278 279 278 276 273 267 258 259 264 265
228 221 213 211 210 206 200 194 194 205 211 208 201 198 199 203 200 199 208 215 213 203 207 210 209 213 219 223 225 228 230 233 235 233 231 231 231 231 231 230 228 229 231 234 235 237 239 240 242 243 245 246 241 234 230 231 237 239 238 235 230 228 230 233 235 236 237 237 237 238 238 239 239 240 241 242 243 244 246 248 251 255 261 269 276 277 277 276 271 263 259 261 264 264
217 214 210 211 212 210 205 198 194 202 209 206 200 197 197 202 204 205 216 223 217 208 208 212 213 217 221 224 226 229 233 237 238 235 232 231 232 232 232 230 226 225 228 230 231 232 235 237 239 239 241 241 234 231 233 239 247 247 243 239 236 232 232 234 236 237 237 237 238 238 239 239 240 240 241 242 243 245 246 248 250 253 257 262 268 272 273 272 267 262 260 261 261 261
201 206 210 213 216 214 210 202 196 204 214 214 211 211 211 220 222 230 232 228 220 219 219 222 222 223 224 226 227 228 231 234 235 233 231 232 234 234 233 231 227 222 224 226 225 225 226 229 231 232 234 233 227 227 233 238 243 245 243 241 238 235 234 236 237 237 238 238 239 239 239 240 240 241 242 243 244 245 246 248 250 252 255 258 261 264 265 265 263 261 260 259 259 259
178 197 210 213 216 216 213 208 207 220 237 235 233 232 238 245 245 249 243 225 226 232 235 238 235 230 227 227 227 226 229 232 233 233 233 234 236 236 235 233 230 225 225 226 225 223 222 223 225 229 231 231 228 227 233 238 241 244 243 242 240 237 237 238 238 238 239 239 239 240 240 240 241 241 242 243 244 245 246 248 249 251 253 255 257 258 259 259 259 258 258 257 257 257
156 184 209 214 221 223 221 218 220 231 244 247 249 244 248 251 255 255 243 228 230 238 245 250 243 231 226 227 228 231 236 238 238 237 236 238 240 240 238 235 232 228 226 229 230 228 227 229 232 234 235 234 232 230 233 237 241 243 244 244 243 241 240 240 240 240 240 240 240 240 240 241 241 242 243 243 244 245 246 247 249 250 251 253 254 255 256 256 256 256 256 255 255 255
138 166 216 227 235 234 231 229 230 234 243 255 264 265 264 264 262 256 244 235 232 237 244 244 229 218 222 228 233 238 243 245 243 241 240 241 244 245 243 239 235 231 228 231 235 237 239 241 241 240 238 236 234 233 234 236 238 240 241 242 243 244 245 245 244 242 242 241 241 241 241 242 242 243 243 244 245 246 246 247 248 249 250 251 252 253 254 254 254 254 254 254 254 254
122 152 238 246 252 252 251 248 246 245 249 254 260 267 270 267 263 255 247 238 232 234 237 233 219 216 225 232 237 242 245 247 247 246 243 242 243 245 246 244 239 235 230 229 233 236 239 240 239 237 236 235 233 232 233 234 236 237 239 239 238 240 244 246 247 247 245 243 242 242 242 243 243 244 244 245 245 246 247 247 248 249 250 250 251 252 252 252 253 253 253 253 253 253
140 177 241 251 256 257 259 260 257 254 254 254 257 264 268 265 261 258 247 236 235 239 239 232 226 226 232 237 241 245 248 251 253 253 251 248 246 245 246 246 242 238 232 228 231 234 236 237 236 234 234 233 231 231 231 232 233 235 237 236 235 235 238 242 246 247 247 246 244 243 243 244 244 245 245 246 246 247 247 248 248 249 249 250 250 251 251 251 251 252 252 252 251 251
177 203 239 249 253 256 258 259 258 256 255 252 251 251 252 252 249 246 238 236 243 247 242 236 234 236 239 242 245 248 252 256 259 261 262 260 255 251 250 248 244 240 236 231 231 234 236 236 235 233 233 232 231 231 232 231 230 232 234 234 234 235 236 238 241 243 245 245 245 245 246 246 246 246 246 247 247 248 248 249 249 249 250 250 250 250 250 251 251 251 251 251 251 251
205 220 240 247 250 253 255 255 254 254 252 250 245 238 233 233 235 233 228 234 243 243 239 239 239 241 245 248 249 251 254 257 260 263 267 269 267 262 257 253 249 244 240 235 231 231 232 232 231 231 231 231 230 230 232 231 230 231 231 231 231 232 234 237 239 240 241 242 244 246 249 250 250 249 248 249 249 249 249 250 250 250 250 250 250 250 250 250 250 250 250 250 250 250
220 227 238 244 246 249 251 252 252 252 251 249 244 237 234 235 236 233 232 239 241 236 238 241 241 242 247 251 252 254 256 257 259 262 266 271 275 274 268 262 257 252 247 240 233 231 231 230 229 230 231 231 231 229 229 229 229 230 230 230 229 229 231 234 237 238 238 238 239 242 248 253 254 253 252 252 252 252 251 251 251 251 251 251 250 250 250 250 250 250 250 250 249 249
227 230 236 241 245 249 250 251 252 253 254 253 251 253 255 256 251 247 248 250 243 237 238 240 240 240 244 247 250 254 258 258 259 261 264 268 275 280 277 270 265 260 254 247 239 234 234 232 230 229 230 231 231 230 230 229 228 229 230 231 231 230 230 233 235 236 235 234 233 236 242 247 253 257 258 258 258 257 255 254 254 253 252 251 251 250 250 250 250 250 250 249 249 249
232 233 236 240 245 249 250 251 252 254 257 260 263 265 267 267 264 260 257 252 244 240 240 238 237 237 240 243 246 252 257 259 260 260 261 265 271 277 278 274 269 264 259 255 245 235 232 230 227 227 228 228 228 229 230 230 229 228 230 231 231 231 232 234 235 235 234 231 230 233 237 240 244 250 255 259 262 262 261 260 259 257 254 253 252 251 250 250 250 250 250 249 249 249
235 235 236 238 241 245 247 248 249 250 252 254 256 257 261 263 262 259 253 246 243 244 241 235 233 235 237 239 244 249 254 257 257 255 257 263 270 274 276 275 271 264 260 257 248 236 228 227 226 225 227 226 225 226 228 229 229 229 230 231 231 230 231 233 234 234 234 231 228 231 235 237 238 240 244 250 255 258 259 262 265 263 258 255 253 252 251 251 250 250 250 249 249 249
235 234 234 236 239 241 242 241 239 238 238 239 239 242 248 254 255 253 249 243 241 244 242 233 229 231 233 233 239 247 252 254 250 246 253 263 269 269 269 273 271 264 258 253 244 232 219 220 222 224 227 228 226 226 226 227 227 228 230 230 231 231 232 232 232 232 233 231 228 229 233 236 238 239 241 245 248 250 251 255 261 265 263 259 255 253 252 251 251 250 250 250 249 249
234 233 232 234 235 233 231 229 227 230 234 236 237 238 243 246 248 246 242 240 241 244 242 232 226 228 230 228 233 244 249 249 243 238 252 263 265 260 260 264 265 261 258 250 238 226 207 205 213 219 225 228 228 227 227 226 226 227 228 228 229 231 232 232 232 232 232 231 229 227 230 234 238 240 240 242 244 247 249 251 254 259 265 264 259 255 253 252 252 251 250 250 250 250
234 232 231 230 228 227 227 227 229 233 238 239 237 237 241 243 242 235 231 235 241 246 244 234 225 224 226 225 232 243 245 242 238 236 253 262 258 253 254 254 250 255 261 254 236 222 200 186 201 212 219 223 225 226 227 226 226 227 227 225 226 229 230 230 232 234 233 232 229 227 228 234 237 238 240 241 242 244 247 250 252 254 259 264 263 258 255 254 253 252 252 251 251 251
233 231 230 231 231 233 235 237 238 238 240 240 237 236 240 243 239 224 221 229 240 248 246 235 226 222 223 223 230 240 242 239 234 236 250 258 254 251 250 242 233 240 254 256 237 219 195 170 181 202 212 218 221 223 225 225 225 227 228 226 225 228 229 228 230 233 234 234 231 227 227 232 236 237 239 241 242 243 245 248 251 254 256 259 263 262 259 256 255 254 254 253 253 253
231 232 233 236 238 239 240 241 240 238 238 241 240 237 239 242 236 214 213 225 235 246 247 234 226 224 221 218 223 232 238 239 233 235 245 252 250 248 243 230 223 228 236 239 230 211 186 160 160 184 203 212 218 222 224 223 223 227 229 227 226 228 229 227 227 229 232 233 231 228 227 232 236 237 238 240 242 242 244 247 250 253 254 255 257 260 260 259 258 257 257 257 257 256
235 236 237 238 239 238 237 237 237 235 234 237 239 235 237 241 234 207 206 217 226 237 243 232 223 229 227 222 221 226 232 236 234 236 246 249 246 244 235 226 223 227 233 234 223 200 179 155 143 159 187 202 212 220 224 222 222 225 228 227 225 226 228 227 226 227 228 229 230 230 230 234 237 237 238 239 240 239 240 243 247 252 253 253 253 253 255 257 258 259 261 262 260 257
238 238 239 239 239 239 237 235 233 230 228 232 235 232 235 240 233 200 194 206 216 228 237 234 225 233 234 233 228 224 227 231 235 243 253 255 249 242 232 225 222 224 231 235 224 195 178 164 147 143 161 185 203 215 221 222 220 222 226 226 224 223 226 228 226 225 226 226 226 226 227 232 235 235 236 238 239 239 239 239 243 249 251 251 251 249 249 251 252 256 261 264 260 256
236 236 237 237 237 236 236 234 231 228 227 231 231 227 231 239 232 193 180 197 209 221 229 231 228 229 230 230 232 228 224 229 236 246 256 258 250 241 231 220 214 215 223 228 219 195 179 173 165 150 147 162 188 208 218 221 220 221 224 226 224 221 223 227 226 224 225 225 225 224 224 228 233 234 234 236 239 240 239 238 242 244 244 245 245 242 242 245 246 252 258 259 255 252
233 233 233 233 233 232 231 232 231 230 231 232 226 222 228 238 233 194 174 190 206 214 219 223 226 226 223 222 226 226 218 223 232 243 251 250 243 234 227 215 207 210 216 221 216 199 184 179 176 164 151 150 168 197 214 220 220 220 223 225 224 221 222 226 225 223 223 225 225 225 224 227 232 236 236 236 237 239 239 238 242 244 241 239 238 234 234 240 245 252 255 252 247 245
229 231 232 232 231 231 229 227 228 231 234 232 221 216 226 238 236 201 174 184 201 206 208 214 220 223 221 220 228 224 208 213 225 237 246 244 233 221 216 210 204 208 214 218 216 206 192 182 179 174 161 152 156 181 207 218 221 220 222 225 224 221 223 226 226 222 222 224 225 224 224 224 228 232 237 239 238 238 239 240 244 246 243 237 235 231 231 237 245 251 251 246 241 239
228 230 232 233 233 231 227 223 225 228 234 231 217 212 225 238 239 208 172 172 188 197 201 207 213 216 216 217 225 223 211 211 218 228 232 227 217 208 206 205 202 206 211 215 216 209 193 182 178 178 171 160 156 169 196 214 220 220 221 224 223 221 221 224 224 222 221 223 224 223 223 222 223 227 232 236 238 238 238 239 243 247 244 236 232 231 231 237 243 247 245 241 236 238
230 231 232 233 233 231 225 223 225 227 232 230 215 210 223 235 239 221 170 158 171 189 198 204 208 210 207 208 215 218 215 211 211 221 224 219 210 200 199 200 202 205 209 213 215 208 195 185 181 181 179 168 160 164 185 209 219 220 221 223 223 221 221 223 222 219 219 221 222 223 222 221 221 223 227 231 233 235 237 237 240 244 242 235 233 233 233 237 242 242 239 236 233 238
230 230 231 234 234 230 226 227 230 231 232 232 217 210 221 232 239 234 188 149 147 178 199 208 210 210 205 206 211 213 212 207 210 222 227 224 217 205 201 203 204 204 206 208 207 205 199 191 186 185 184 174 164 163 177 203 217 220 221 222 223 221 221 223 221 219 219 219 221 224 223 221 220 221 224 227 229 231 235 239 241 243 241 236 235 236 235 237 239 238 235 232 230 236
229 228 229 233 236 233 232 234 237 233 232 235 224 209 217 229 238 239 220 167 130 145 199 216 220 219 218 218 218 216 216 214 220 230 233 231 224 216 211 211 210 208 207 207 207 206 201 195 189 188 186 180 170 165 173 197 215 221 221 222 223 221 223 226 228 231 230 225 224 225 225 222 221 221 222 224 226 228 233 238 241 243 241 237 237 238 237 236 237 236 234 230 227 232
226 226 224 225 226 227 230 235 240 236 231 238 231 207 210 223 235 239 233 212 160 84 350 253 243 235 228 227 232 234 233 234 235 236 237 235 231 228 222 218 218 215 215 216 215 213 209 203 197 193 190 184 174 168 173 192 213 220 220 223 225 224 228 233 237 245 250 248 237 231 227 224 224 224 222 221 223 225 229 233 237 240 240 237 237 237 235 234 235 235 233 227 224 230
220 220 219 216 216 216 219 226 233 234 231 241 238 207 205 218 232 238 237 231 227 287 349 326 290 267 250 245 247 247 242 242 241 239 241 238 235 233 226 220 221 224 225 224 223 222 220 213 204 199 196 189 178 171 173 187 209 218 220 225 228 230 234 236 234 238 244 251 253 244 234 229 228 226 223 221 220 222 224 227 231 236 237 235 234 233 230 229 231 233 230 223 223 233
218 220 220 215 214 215 216 220 227 228 230 244 246 215 207 222 232 236 237 240 242 251 292 324 318 305 291 275 266 255 242 244 245 242 243 241 235 234 229 219 218 223 227 227 225 224 222 213 205 201 198 193 182 174 176 187 209 223 228 230 231 232 233 231 230 232 235 238 245 251 246 240 234 230 227 223 220 221 222 223 225 229 232 231 230 231 227 225 230 232 228 221 223 237
219 221 222 217 215 218 218 219 224 224 227 242 248 227 219 230 234 233 233 238 246 252 257 273 290 303 307 291 272 252 236 243 246 244 245 243 237 236 233 222 216 219 225 228 226 223 219 211 202 199 198 196 187 178 179 190 210 226 234 233 229 228 227 226 227 231 232 233 236 242 252 255 251 244 236 229 224 222 222 221 221 226 229 228 229 229 224 223 230 233 228 221 224 237
215 218 219 214 212 216 218 218 222 221 224 236 243 236 235 242 239 231 227 229 236 246 249 246 247 250 251 247 247 230 226 241 246 245 245 245 239 237 235 227 219 217 222 230 230 226 220 210 200 199 200 199 191 183 181 190 205 218 225 223 221 223 223 222 225 229 231 232 233 234 240 254 262 263 256 245 237 232 229 226 224 228 229 227 227 226 221 221 228 231 227 220 226 238
