windninja/windninja_output/Output_2025-08-09_2100-2150_Google earth_Fire_150m_10min/merlingen_7.5mi_point_08-09-2025_2120_150m_ang.asc
ncols	158
nrows	163
xllcorner	391686.332397
yllcorner	5160024.123721
cellsize	150.000000
NODATA_value	-32768.000000
[rows 0 to 41 of 163, columns 0 to 93 of 158]
172 169 166 166 167 168 169 169 168 168 169 170 171 170 167 164 160 156 156 159 163 166 169 171 173 173 172 170 170 173 174 174 175 173 173 175 177 176 174 174 174 176 178 178 177 179 180 177 174 176 178 179 180 182 184 185 184 184 184 183 183 184 185 184 183 184 185 187 187 186 186 187 188 187 186 187 190 191 190 188 189 190 191 193 194 193 191 193 194 193 193 194 193 193
174 171 166 165 165 167 170 169 166 165 167 170 173 174 172 170 167 164 161 162 164 165 167 171 174 175 174 171 170 173 174 174 175 174 173 175 178 177 175 175 175 175 177 177 177 178 179 177 174 174 177 178 180 183 185 185 184 184 184 183 183 184 184 184 183 184 186 187 187 186 186 187 187 186 186 188 191 191 189 187 190 191 192 194 195 192 190 193 195 195 194 194 194 194
176 172 168 167 166 168 171 170 165 163 166 171 176 176 175 173 170 168 166 166 167 165 165 169 175 177 176 174 173 175 175 175 174 174 173 174 176 177 177 177 175 175 176 176 176 177 178 178 177 176 176 178 181 184 185 184 183 183 184 184 184 183 183 183 183 184 185 187 187 187 186 187 186 185 186 188 190 190 189 188 190 193 193 194 195 191 188 191 195 196 194 193 193 192
172 171 171 169 168 170 170 168 166 167 169 174 176 175 173 170 169 169 169 170 170 167 165 167 173 177 178 177 177 178 178 177 174 172 172 173 175 176 177 175 175 175 174 174 175 176 177 179 181 179 178 180 182 184 183 182 182 182 183 184 184 183 183 184 184 184 185 187 187 187 187 187 186 186 187 188 188 189 191 190 190 192 194 193 192 190 187 188 191 192 193 192 190 189
165 168 171 171 170 170 168 165 165 169 174 176 176 174 169 167 168 169 171 173 172 168 165 165 168 173 177 178 179 179 179 179 177 174 173 174 175 175 174 173 173 174 173 174 175 176 178 179 181 181 182 183 183 184 184 183 183 182 182 183 183 183 184 184 184 184 185 186 188 188 189 188 187 187 188 188 187 188 191 192 191 191 193 192 191 191 186 183 184 187 190 191 188 186
163 164 168 171 170 169 165 163 164 170 176 176 174 171 166 165 168 171 173 174 172 167 163 162 163 167 172 176 178 178 179 179 178 177 177 176 175 174 173 173 173 173 173 174 176 178 179 180 181 183 185 185 184 184 184 184 183 182 182 182 183 183 184 184 184 184 185 186 187 189 190 190 187 186 188 189 189 187 190 194 195 191 190 190 191 192 188 180 177 179 183 185 185 183
164 163 164 167 168 167 165 165 167 172 174 174 173 169 164 164 168 173 174 174 172 168 162 159 158 162 167 171 174 176 176 176 176 178 179 177 174 173 174 175 175 174 174 176 177 179 180 181 182 183 185 186 186 185 184 184 183 181 181 181 181 182 184 185 185 185 184 185 187 188 189 189 187 185 186 188 189 189 190 194 195 190 188 189 191 194 192 183 175 171 172 176 180 181
166 164 162 162 163 164 165 167 170 171 171 170 170 168 165 165 168 172 174 174 173 170 167 161 157 159 164 166 169 172 172 172 174 176 176 175 174 175 176 176 177 177 177 178 178 178 180 181 182 184 185 185 185 186 185 183 182 181 179 179 179 181 183 186 186 186 184 184 186 186 186 187 188 188 187 187 190 193 194 194 193 189 186 188 190 192 191 187 180 171 166 168 174 178
165 165 164 162 161 161 163 167 169 169 168 167 167 167 165 166 168 170 172 173 172 171 170 167 162 160 162 164 167 170 169 168 172 174 173 172 174 176 177 178 179 179 178 178 178 178 180 181 181 183 184 183 184 185 185 182 180 180 179 178 179 180 182 185 188 187 184 183 185 187 186 187 189 190 189 189 191 195 196 195 192 188 184 184 185 186 188 187 182 178 175 175 175 176
165 165 165 164 163 163 164 166 167 167 166 164 164 163 163 166 168 168 170 172 172 172 171 170 167 163 162 165 168 168 167 167 170 172 172 173 175 177 179 180 180 179 178 178 178 179 180 181 181 181 183 183 183 183 182 181 179 180 181 182 183 181 180 183 186 185 183 183 185 189 190 189 189 190 191 192 194 195 193 191 189 187 183 179 179 180 182 181 179 180 182 180 177 177
166 165 165 165 165 165 165 165 166 166 165 164 163 162 161 163 165 165 166 168 170 172 172 172 171 168 167 167 168 167 166 167 169 170 171 174 177 178 179 179 180 179 178 179 180 179 179 181 182 181 181 182 182 180 180 181 182 183 186 188 187 184 181 181 179 179 180 182 187 192 192 190 189 190 193 195 196 192 185 183 186 188 187 181 176 175 175 176 176 181 185 182 178 179
166 165 165 165 165 165 165 165 166 165 165 164 163 162 160 159 161 163 164 164 165 168 171 173 172 172 172 170 168 167 166 167 168 168 170 174 177 178 177 177 179 179 180 181 182 182 181 183 186 185 182 180 180 179 181 185 189 191 194 197 197 191 180 171 168 170 175 182 187 188 188 189 189 189 191 192 191 187 180 178 182 186 187 184 177 174 175 176 176 180 184 183 181 180
165 165 165 165 166 165 165 165 165 165 165 164 164 163 159 155 155 159 161 162 162 165 169 172 174 176 176 172 168 167 167 167 167 167 171 174 175 174 175 177 178 179 181 183 184 187 190 194 198 195 188 185 186 187 186 188 194 201 210 220 221 205 173 148 143 150 161 171 175 178 183 187 188 185 183 183 184 184 181 180 181 183 184 182 179 178 179 179 179 180 183 186 184 181
166 165 165 165 165 165 165 165 165 164 164 164 164 165 161 154 150 152 156 159 161 163 167 171 176 178 176 173 170 169 167 166 166 168 171 174 173 172 174 176 178 180 185 188 191 195 199 201 202 200 197 195 196 198 199 192 192 206 213 213 204 191 176 162 150 140 138 140 147 161 175 182 183 180 177 178 180 181 183 183 181 180 180 181 182 182 182 184 185 183 185 189 190 188
166 165 165 164 164 164 165 165 165 164 164 164 164 165 164 158 153 151 152 155 158 162 167 172 175 176 174 172 171 171 169 166 165 167 169 171 173 175 176 179 183 193 203 205 203 204 200 193 194 198 198 194 192 191 190 190 186 186 189 190 187 183 178 178 178 172 161 149 136 139 157 170 174 176 177 177 177 181 185 184 178 176 178 182 187 187 186 190 193 191 192 200 205 204
165 165 165 164 164 164 164 164 164 164 163 163 163 163 163 160 158 157 155 155 158 163 168 172 173 172 172 173 173 172 170 168 169 170 170 171 175 180 186 192 198 204 202 195 190 191 190 185 185 191 192 189 185 183 185 189 189 184 181 181 180 179 179 181 184 181 175 169 161 147 142 151 162 171 176 176 178 184 186 180 175 176 180 185 191 194 197 201 204 205 206 211 213 213
165 165 165 164 164 164 164 164 163 163 163 163 162 161 159 157 158 160 161 160 160 164 168 171 171 171 171 172 173 171 169 169 173 176 179 180 181 186 192 193 191 187 183 185 186 186 187 187 181 178 181 183 182 181 184 189 192 188 180 177 178 179 181 182 182 182 180 175 172 168 153 141 145 158 168 174 180 184 180 178 179 182 185 192 200 209 214 219 217 207 202 202 204 205
165 165 165 164 164 164 164 164 163 163 162 162 161 160 157 153 154 158 161 162 163 164 166 167 168 170 171 170 169 169 169 173 181 187 188 185 181 181 182 182 182 181 180 183 186 184 183 183 180 175 174 178 180 183 185 188 190 187 181 178 179 181 183 183 181 181 181 178 178 177 169 159 152 152 158 168 175 178 178 182 189 192 195 203 212 220 223 219 210 196 191 197 200 201
165 164 164 164 164 164 163 163 163 163 163 162 161 159 157 153 152 155 159 161 163 164 164 164 166 168 169 168 167 167 172 179 185 186 184 182 180 178 178 178 178 180 181 182 184 183 179 176 177 178 176 175 179 183 184 184 185 185 182 179 180 184 185 183 180 179 181 183 182 178 173 170 167 164 160 160 166 175 186 199 204 204 204 205 206 207 206 204 202 195 185 189 196 198
165 164 164 164 164 164 163 162 162 162 162 162 161 159 157 155 154 155 157 160 162 163 164 164 166 167 168 169 169 170 175 182 185 183 181 180 178 177 176 176 178 180 181 182 181 179 177 175 176 178 179 178 177 178 179 180 182 184 183 181 183 187 186 182 179 179 181 184 181 176 175 175 175 175 173 170 173 184 199 205 203 200 195 193 195 198 200 200 201 197 186 184 191 196
165 164 163 164 163 163 163 162 162 162 162 161 161 160 159 158 157 158 159 161 162 163 164 165 166 167 168 170 171 173 177 182 184 181 178 177 176 175 175 176 178 180 181 181 179 177 177 178 178 178 179 179 176 174 174 177 180 183 185 185 186 188 186 181 179 178 179 179 177 177 179 181 181 179 177 178 183 189 194 195 193 192 191 188 189 194 198 200 200 196 188 184 190 196
164 164 164 163 163 163 163 162 162 162 161 161 160 160 160 159 160 160 160 161 163 164 164 165 167 168 169 171 172 174 176 180 180 176 174 174 175 176 176 178 180 181 181 179 178 178 178 178 178 178 178 179 177 175 173 174 176 179 184 187 188 188 185 181 178 175 175 175 177 181 186 187 186 182 178 177 180 186 191 194 193 193 193 189 186 190 195 197 196 194 189 185 189 195
163 163 164 163 163 162 162 162 162 161 161 161 161 160 160 160 160 160 161 162 163 164 164 166 168 169 170 172 173 174 175 175 173 171 171 171 174 177 179 179 180 180 180 180 180 178 177 177 178 178 178 178 179 178 176 174 175 176 181 187 188 186 184 180 175 173 173 176 182 188 191 190 188 184 178 174 176 181 187 192 196 196 195 192 186 185 188 190 192 192 190 187 189 194
163 163 163 162 162 162 162 162 161 161 160 161 161 161 161 160 160 161 161 162 163 164 165 167 168 169 172 174 174 172 171 170 168 168 170 171 173 177 178 177 177 178 179 180 178 176 177 179 179 178 178 179 180 179 177 176 175 176 179 184 186 186 182 175 171 172 176 181 190 195 195 192 187 182 180 178 176 176 181 189 196 198 197 197 191 183 180 184 190 193 192 190 191 194
163 163 162 162 162 162 162 161 161 160 160 160 160 161 161 161 160 160 161 162 163 164 165 167 169 171 175 177 174 169 168 166 164 167 170 173 176 176 175 174 174 175 177 177 175 177 180 182 181 179 179 179 178 178 178 177 177 178 179 181 184 183 177 172 171 174 181 190 199 201 198 190 182 180 183 185 181 173 175 184 192 195 196 198 196 187 180 181 188 193 193 192 193 194
163 162 162 161 161 162 162 161 160 160 160 160 160 160 160 161 160 161 161 162 163 164 165 167 169 173 179 180 175 170 167 164 162 164 169 174 177 176 173 172 172 173 172 172 174 181 184 183 181 180 180 179 178 176 176 177 179 183 184 181 178 174 172 175 179 182 187 195 202 203 196 182 177 181 186 190 188 178 171 176 183 189 193 196 196 192 185 184 188 191 191 189 191 194
163 162 162 161 161 161 161 160 159 160 160 160 159 159 159 160 160 160 161 162 162 163 165 167 170 175 180 179 176 174 171 166 160 159 163 171 176 176 173 171 171 170 168 170 175 181 184 183 181 180 182 182 180 176 173 175 183 188 187 180 171 166 169 178 187 191 193 198 200 198 188 178 178 182 186 189 191 187 172 167 173 181 188 191 192 192 189 189 192 192 188 183 187 193
162 162 161 161 161 161 160 159 159 160 160 159 159 159 159 159 159 160 161 162 162 163 164 167 170 175 178 177 177 179 178 172 164 160 159 163 169 172 172 171 170 168 167 170 175 178 181 183 183 181 181 182 181 178 174 177 184 188 183 176 170 167 171 182 192 197 199 199 196 190 184 181 181 183 185 186 189 190 182 169 167 175 181 184 187 191 192 193 196 196 190 181 180 188
162 162 161 161 160 160 159 158 159 159 159 159 159 158 158 158 159 159 160 161 162 163 164 166 169 173 174 173 176 181 183 179 173 168 163 162 165 169 170 171 171 169 169 171 173 176 179 182 184 181 179 181 182 180 179 179 182 183 180 174 171 174 180 186 192 197 198 196 191 184 183 184 185 187 187 185 185 190 190 179 168 169 175 179 184 191 196 196 198 199 195 185 177 180
161 161 161 161 160 159 159 158 159 159 159 158 158 158 158 158 158 159 160 160 161 162 164 166 168 169 168 168 173 179 181 182 180 173 166 166 168 169 169 170 170 170 172 173 174 176 178 179 180 180 180 180 182 184 184 183 180 179 179 174 172 179 190 194 196 197 195 191 186 182 182 187 191 193 190 185 183 190 195 188 173 166 169 177 186 193 195 193 195 199 199 193 181 176
161 161 161 160 159 158 158 158 158 158 158 158 158 157 157 158 158 158 159 160 160 162 164 165 166 166 164 165 169 174 178 180 178 172 167 168 170 168 167 169 169 171 174 175 176 177 176 174 174 178 181 181 183 187 189 188 184 179 177 177 177 185 196 203 201 195 189 186 185 183 184 192 196 193 188 184 184 190 196 193 181 170 168 175 184 187 188 188 191 197 200 200 193 181
161 161 161 160 159 158 158 158 158 158 158 157 157 157 157 157 157 158 158 159 160 161 163 164 164 164 163 165 170 176 177 174 171 168 167 169 170 166 165 168 170 171 174 175 177 177 174 170 171 177 180 181 185 191 193 192 189 183 178 180 184 190 198 205 202 191 184 183 185 187 190 193 190 185 182 183 185 189 193 195 189 180 175 175 179 182 184 189 195 199 203 205 204 195
160 160 160 159 157 157 158 158 157 157 157 157 157 157 157 157 157 157 157 158 159 160 162 163 162 162 163 165 171 175 173 169 168 167 166 168 167 162 163 168 172 173 174 175 176 176 172 171 175 179 179 181 184 190 195 192 187 186 185 185 189 192 195 199 199 191 180 178 184 191 191 186 181 180 181 182 184 186 192 196 195 190 184 179 179 182 187 193 199 203 206 207 207 202
160 160 160 158 156 157 158 157 157 156 156 156 156 156 156 157 157 157 157 158 158 159 160 161 162 162 162 164 168 168 166 166 168 170 168 164 163 162 165 170 173 175 176 176 176 175 173 175 179 180 180 181 182 187 192 189 183 184 189 193 192 188 188 192 197 194 182 174 179 188 187 183 182 182 181 181 180 182 188 195 199 197 192 186 182 185 190 192 195 200 204 205 203 198
160 160 160 158 156 157 157 157 156 155 155 155 155 155 156 157 157 157 157 158 158 158 159 159 160 162 162 163 163 161 159 161 166 169 169 167 164 164 169 173 175 178 178 179 178 175 175 179 180 180 181 183 184 186 188 186 181 180 189 197 196 189 183 186 194 197 190 177 173 179 184 186 187 186 183 179 178 178 183 194 200 199 197 193 186 185 192 193 192 196 199 198 196 192
160 160 159 157 157 157 157 157 156 155 155 155 155 155 155 156 156 156 157 157 157 158 158 158 158 160 162 163 163 159 155 158 162 164 167 171 170 169 172 176 180 183 183 181 179 177 178 179 179 180 183 184 185 185 184 182 181 181 187 197 200 192 182 180 190 197 195 184 172 173 183 191 193 190 185 179 177 178 183 191 197 199 201 202 197 187 188 193 192 191 192 192 192 193
160 159 157 156 157 157 157 156 155 155 155 155 155 155 155 155 156 156 156 157 157 157 158 158 158 159 160 163 165 159 155 155 157 159 164 172 176 177 179 183 185 185 183 181 179 178 179 179 179 181 182 183 184 183 181 181 184 186 188 194 199 194 183 177 182 192 194 187 179 179 189 197 197 190 183 180 181 185 189 189 191 198 203 207 206 193 182 188 191 187 186 189 192 194
160 159 157 156 156 157 156 155 155 154 154 155 155 155 155 155 156 156 156 157 157 157 158 158 158 159 160 164 163 157 155 154 154 157 163 170 180 187 190 188 185 182 180 179 178 178 179 179 181 183 181 179 181 182 181 181 183 187 189 191 195 194 185 177 177 186 192 190 188 191 195 195 188 182 182 184 182 184 191 192 189 193 199 204 206 198 183 182 187 186 184 187 191 190
158 158 157 156 156 156 156 155 154 154 154 155 155 155 155 155 155 156 156 156 157 157 158 158 158 158 160 161 158 153 152 153 154 158 163 172 187 195 191 186 182 180 178 177 178 178 178 179 181 182 180 178 180 183 182 179 181 185 187 189 192 193 190 183 180 183 190 193 196 197 193 185 182 184 188 187 179 178 189 196 192 190 194 198 202 200 190 182 182 185 186 188 188 188
158 157 156 156 156 156 155 154 154 154 154 155 155 155 155 155 155 156 156 156 157 157 157 158 158 158 158 157 153 150 149 151 154 157 164 177 188 189 187 185 182 179 176 174 177 178 178 177 179 180 180 178 177 180 181 179 178 181 184 186 189 194 198 193 185 184 190 197 198 192 184 181 185 191 192 185 177 175 183 193 196 195 195 196 199 201 193 183 180 185 188 189 189 193
158 156 156 157 156 156 156 154 154 154 155 155 155 155 155 155 156 156 156 156 157 157 158 158 158 158 157 154 151 150 148 149 152 156 166 179 182 181 183 183 182 178 174 174 175 177 178 177 177 179 180 176 172 173 178 180 178 179 182 186 191 199 204 202 191 185 192 197 194 185 181 186 193 193 187 181 177 177 179 190 197 198 197 196 198 198 190 183 181 184 187 190 195 201
159 158 158 158 157 156 156 155 155 155 155 155 155 155 155 156 156 156 156 156 157 157 158 158 157 157 156 155 154 152 149 150 152 156 167 176 177 176 176 178 178 176 177 177 175 174 176 178 178 179 178 175 171 170 175 180 182 182 186 193 198 201 203 202 196 188 191 193 188 184 189 194 192 185 179 177 178 179 180 189 197 196 196 196 194 191 189 187 186 185 185 191 201 206
