windninja/windninja_output/Output_2025-08-09_2100-2150_Google earth_Fire_150m_10min/merlingen_7.5mi_point_08-09-2025_2100_150m_vel.asc
ncols	158
nrows	163
xllcorner	391686.332397
yllcorner	5160024.123721
cellsize	150.000000
NODATA_value	-32768.000000
[rows 0 to 37 of 163, columns 0 to 83 of 158]
0.64 0.62 0.60 0.62 0.65 0.66 0.66 0.65 0.65 0.65 0.64 0.62 0.58 0.52 0.45 0.38 0.31 0.27 0.31 0.36 0.43 0.52 0.61 0.64 0.61 0.56 0.52 0.52 0.56 0.58 0.57 0.54 0.51 0.49 0.50 0.50 0.45 0.40 0.39 0.40 0.44 0.47 0.48 0.47 0.47 0.47 0.46 0.45 0.54 0.67 0.76 0.82 0.85 0.86 0.84 0.80 0.76 0.73 0.72 0.73 0.75 0.77 0.78 0.79 0.82 0.87 0.88 0.86 0.82 0.80 0.80 0.82 0.82 0.82 0.84 0.86 0.84 0.79 0.74 0.75 0.79 0.79 0.78 0.75
0.66 0.64 0.62 0.63 0.63 0.63 0.61 0.58 0.57 0.57 0.59 0.62 0.62 0.61 0.57 0.52 0.47 0.46 0.48 0.51 0.52 0.55 0.61 0.65 0.65 0.61 0.57 0.56 0.56 0.55 0.55 0.54 0.53 0.53 0.52 0.53 0.53 0.51 0.51 0.51 0.51 0.53 0.56 0.58 0.59 0.60 0.62 0.61 0.61 0.64 0.68 0.72 0.74 0.75 0.75 0.75 0.75 0.76 0.76 0.75 0.74 0.75 0.78 0.80 0.81 0.83 0.85 0.86 0.84 0.82 0.81 0.82 0.83 0.84 0.86 0.86 0.86 0.84 0.82 0.81 0.81 0.80 0.79 0.78
0.70 0.70 0.68 0.65 0.63 0.60 0.59 0.58 0.57 0.60 0.64 0.67 0.68 0.69 0.71 0.71 0.72 0.72 0.70 0.67 0.64 0.61 0.60 0.63 0.67 0.68 0.65 0.61 0.57 0.55 0.54 0.54 0.55 0.56 0.58 0.60 0.64 0.66 0.66 0.65 0.64 0.65 0.67 0.71 0.73 0.76 0.80 0.81 0.77 0.70 0.67 0.68 0.68 0.68 0.70 0.73 0.77 0.79 0.81 0.81 0.79 0.79 0.81 0.82 0.81 0.81 0.83 0.85 0.87 0.85 0.83 0.83 0.84 0.85 0.86 0.87 0.90 0.93 0.91 0.87 0.86 0.86 0.84 0.83
0.73 0.74 0.74 0.71 0.68 0.66 0.67 0.72 0.78 0.80 0.78 0.74 0.71 0.71 0.73 0.78 0.80 0.80 0.78 0.73 0.67 0.64 0.62 0.63 0.69 0.76 0.76 0.73 0.70 0.67 0.65 0.62 0.60 0.61 0.64 0.66 0.67 0.67 0.68 0.70 0.73 0.76 0.78 0.81 0.83 0.85 0.87 0.88 0.88 0.86 0.82 0.79 0.78 0.79 0.78 0.77 0.77 0.77 0.79 0.82 0.83 0.83 0.82 0.82 0.82 0.82 0.83 0.85 0.87 0.86 0.85 0.84 0.83 0.82 0.82 0.83 0.87 0.93 0.94 0.90 0.89 0.93 0.93 0.90
0.71 0.73 0.76 0.75 0.73 0.73 0.75 0.80 0.82 0.80 0.76 0.72 0.72 0.73 0.75 0.78 0.78 0.76 0.73 0.70 0.67 0.64 0.64 0.65 0.70 0.78 0.85 0.88 0.88 0.86 0.85 0.83 0.79 0.75 0.72 0.71 0.70 0.72 0.76 0.80 0.83 0.86 0.89 0.91 0.91 0.90 0.89 0.88 0.88 0.89 0.85 0.81 0.80 0.80 0.80 0.78 0.77 0.76 0.77 0.79 0.81 0.81 0.81 0.81 0.82 0.82 0.83 0.85 0.87 0.86 0.84 0.82 0.81 0.81 0.81 0.79 0.77 0.80 0.88 0.90 0.85 0.86 0.93 0.95
0.67 0.68 0.72 0.76 0.77 0.77 0.78 0.76 0.72 0.68 0.66 0.67 0.68 0.70 0.73 0.73 0.72 0.69 0.64 0.63 0.63 0.61 0.60 0.62 0.66 0.71 0.77 0.83 0.88 0.91 0.93 0.95 0.96 0.94 0.88 0.83 0.84 0.87 0.90 0.91 0.91 0.90 0.90 0.89 0.87 0.86 0.84 0.83 0.82 0.82 0.82 0.81 0.78 0.76 0.77 0.78 0.78 0.78 0.79 0.80 0.81 0.82 0.83 0.83 0.83 0.83 0.84 0.86 0.89 0.89 0.88 0.85 0.82 0.84 0.87 0.88 0.85 0.81 0.82 0.86 0.84 0.80 0.85 0.92
0.66 0.65 0.65 0.70 0.76 0.78 0.76 0.72 0.66 0.62 0.63 0.65 0.66 0.68 0.68 0.68 0.68 0.70 0.69 0.68 0.66 0.63 0.59 0.58 0.59 0.60 0.63 0.69 0.77 0.83 0.88 0.92 0.96 0.98 0.99 0.99 0.99 0.99 0.97 0.95 0.91 0.87 0.82 0.78 0.76 0.76 0.77 0.77 0.77 0.78 0.79 0.81 0.81 0.79 0.78 0.77 0.77 0.78 0.79 0.81 0.85 0.89 0.91 0.90 0.88 0.86 0.86 0.88 0.90 0.93 0.97 0.99 0.96 0.92 0.93 0.97 0.98 0.94 0.89 0.89 0.90 0.88 0.88 0.90
0.68 0.67 0.64 0.63 0.65 0.67 0.67 0.64 0.60 0.60 0.62 0.65 0.68 0.69 0.68 0.67 0.68 0.71 0.74 0.75 0.74 0.72 0.67 0.60 0.56 0.56 0.59 0.64 0.69 0.73 0.77 0.81 0.84 0.87 0.91 0.95 0.95 0.92 0.89 0.85 0.82 0.78 0.74 0.71 0.70 0.70 0.71 0.72 0.72 0.73 0.74 0.77 0.81 0.83 0.81 0.80 0.80 0.81 0.83 0.86 0.89 0.92 0.96 0.97 0.96 0.92 0.89 0.90 0.92 0.93 0.97 1.02 1.05 1.01 0.96 0.94 0.96 0.97 0.93 0.91 0.92 0.91 0.93 0.96
0.68 0.68 0.66 0.63 0.59 0.57 0.56 0.57 0.58 0.59 0.61 0.64 0.67 0.70 0.71 0.70 0.69 0.71 0.74 0.76 0.76 0.77 0.75 0.70 0.64 0.62 0.64 0.65 0.64 0.66 0.68 0.71 0.74 0.77 0.78 0.78 0.77 0.75 0.74 0.72 0.69 0.67 0.66 0.66 0.67 0.68 0.67 0.68 0.68 0.71 0.74 0.75 0.75 0.79 0.82 0.83 0.85 0.86 0.87 0.85 0.82 0.80 0.83 0.89 0.94 0.94 0.92 0.93 0.96 0.96 0.93 0.90 0.92 0.94 0.92 0.90 0.90 0.93 0.92 0.91 0.91 0.90 0.92 1.01
0.67 0.67 0.66 0.64 0.62 0.58 0.56 0.57 0.59 0.61 0.62 0.62 0.63 0.64 0.66 0.68 0.69 0.71 0.74 0.79 0.81 0.81 0.81 0.79 0.76 0.70 0.67 0.66 0.65 0.65 0.67 0.68 0.68 0.71 0.72 0.70 0.68 0.66 0.65 0.64 0.64 0.64 0.64 0.64 0.64 0.63 0.64 0.64 0.65 0.66 0.68 0.70 0.71 0.73 0.78 0.81 0.80 0.80 0.77 0.72 0.68 0.65 0.64 0.66 0.75 0.84 0.90 0.92 0.94 0.94 0.90 0.85 0.83 0.86 0.88 0.86 0.85 0.86 0.93 1.02 1.06 1.04 0.97 0.96
0.67 0.67 0.66 0.65 0.64 0.63 0.62 0.62 0.62 0.63 0.62 0.61 0.60 0.59 0.60 0.63 0.67 0.70 0.73 0.77 0.83 0.86 0.87 0.86 0.83 0.80 0.74 0.68 0.66 0.66 0.65 0.63 0.61 0.61 0.63 0.64 0.64 0.63 0.63 0.65 0.67 0.67 0.66 0.64 0.61 0.59 0.58 0.59 0.58 0.55 0.55 0.59 0.62 0.64 0.64 0.66 0.62 0.57 0.54 0.53 0.52 0.49 0.46 0.47 0.55 0.65 0.73 0.77 0.79 0.83 0.87 0.88 0.87 0.87 0.87 0.85 0.83 0.83 0.90 1.06 1.19 1.21 1.13 1.00
0.68 0.67 0.66 0.65 0.64 0.64 0.64 0.65 0.64 0.64 0.63 0.62 0.60 0.59 0.58 0.60 0.65 0.68 0.70 0.71 0.74 0.79 0.83 0.84 0.83 0.79 0.71 0.64 0.61 0.59 0.56 0.54 0.54 0.54 0.55 0.56 0.58 0.60 0.62 0.64 0.65 0.65 0.65 0.64 0.63 0.60 0.54 0.49 0.47 0.42 0.38 0.38 0.37 0.38 0.38 0.40 0.41 0.39 0.37 0.36 0.34 0.30 0.27 0.29 0.35 0.41 0.47 0.54 0.60 0.72 0.84 0.90 0.91 0.91 0.96 1.03 1.08 1.09 1.06 1.10 1.18 1.27 1.31 1.28
0.67 0.67 0.66 0.66 0.65 0.65 0.65 0.64 0.63 0.63 0.62 0.61 0.60 0.57 0.55 0.56 0.60 0.64 0.67 0.69 0.69 0.70 0.72 0.73 0.71 0.65 0.60 0.56 0.53 0.51 0.51 0.52 0.53 0.53 0.52 0.52 0.53 0.56 0.59 0.60 0.61 0.63 0.64 0.64 0.63 0.61 0.55 0.47 0.40 0.34 0.28 0.24 0.22 0.22 0.22 0.22 0.26 0.29 0.30 0.29 0.28 0.23 0.16 0.12 0.13 0.17 0.22 0.31 0.45 0.62 0.75 0.84 0.91 0.95 1.06 1.20 1.30 1.34 1.32 1.26 1.22 1.25 1.34 1.39
0.67 0.67 0.66 0.66 0.66 0.66 0.65 0.64 0.62 0.62 0.62 0.61 0.60 0.58 0.56 0.54 0.53 0.56 0.60 0.63 0.64 0.62 0.60 0.58 0.57 0.57 0.56 0.56 0.55 0.53 0.51 0.49 0.50 0.50 0.50 0.53 0.55 0.55 0.55 0.56 0.56 0.54 0.50 0.47 0.46 0.46 0.47 0.50 0.49 0.42 0.34 0.28 0.25 0.24 0.23 0.19 0.18 0.22 0.28 0.33 0.34 0.31 0.27 0.21 0.14 0.10 0.10 0.15 0.28 0.42 0.58 0.72 0.85 0.94 1.00 1.03 1.08 1.15 1.19 1.18 1.16 1.18 1.23 1.25
0.67 0.67 0.66 0.66 0.65 0.64 0.64 0.64 0.63 0.62 0.62 0.61 0.61 0.62 0.62 0.60 0.58 0.56 0.54 0.54 0.54 0.52 0.51 0.51 0.52 0.54 0.57 0.57 0.56 0.53 0.51 0.49 0.48 0.49 0.52 0.56 0.57 0.54 0.50 0.44 0.40 0.37 0.35 0.32 0.31 0.34 0.35 0.42 0.54 0.60 0.52 0.43 0.40 0.40 0.41 0.35 0.28 0.27 0.35 0.46 0.54 0.54 0.55 0.54 0.46 0.35 0.29 0.26 0.25 0.28 0.40 0.61 0.77 0.84 0.84 0.82 0.83 0.85 0.85 0.87 0.92 0.98 1.00 1.00
0.67 0.67 0.66 0.65 0.64 0.63 0.62 0.62 0.62 0.62 0.62 0.62 0.62 0.63 0.66 0.69 0.68 0.64 0.57 0.53 0.51 0.50 0.51 0.53 0.55 0.56 0.57 0.58 0.57 0.56 0.58 0.60 0.59 0.56 0.52 0.46 0.42 0.40 0.37 0.33 0.31 0.32 0.35 0.38 0.39 0.42 0.44 0.39 0.43 0.59 0.70 0.69 0.69 0.74 0.78 0.78 0.68 0.55 0.54 0.60 0.68 0.72 0.73 0.73 0.73 0.69 0.61 0.53 0.45 0.36 0.37 0.44 0.55 0.63 0.69 0.74 0.74 0.72 0.74 0.80 0.82 0.80 0.76 0.74
0.67 0.67 0.66 0.65 0.64 0.64 0.63 0.62 0.62 0.62 0.62 0.62 0.62 0.62 0.64 0.66 0.67 0.66 0.62 0.58 0.54 0.53 0.53 0.55 0.58 0.59 0.58 0.58 0.61 0.63 0.63 0.61 0.56 0.49 0.39 0.32 0.29 0.30 0.33 0.36 0.39 0.43 0.50 0.56 0.56 0.55 0.58 0.55 0.49 0.54 0.71 0.83 0.87 0.87 0.88 0.91 0.90 0.80 0.73 0.76 0.79 0.79 0.77 0.76 0.78 0.80 0.77 0.72 0.68 0.58 0.45 0.37 0.36 0.44 0.58 0.66 0.69 0.75 0.82 0.86 0.81 0.71 0.63 0.59
0.67 0.67 0.66 0.66 0.65 0.64 0.64 0.63 0.63 0.63 0.62 0.61 0.61 0.60 0.59 0.58 0.58 0.59 0.59 0.57 0.54 0.51 0.50 0.52 0.54 0.55 0.55 0.55 0.56 0.57 0.55 0.50 0.45 0.43 0.41 0.40 0.40 0.42 0.46 0.51 0.54 0.56 0.56 0.57 0.59 0.59 0.61 0.67 0.71 0.70 0.70 0.76 0.81 0.81 0.81 0.84 0.92 0.94 0.91 0.88 0.88 0.86 0.83 0.81 0.81 0.84 0.86 0.82 0.76 0.69 0.61 0.52 0.46 0.45 0.47 0.55 0.66 0.76 0.78 0.70 0.62 0.57 0.53 0.51
0.67 0.67 0.66 0.66 0.65 0.64 0.64 0.64 0.63 0.63 0.62 0.61 0.60 0.59 0.58 0.55 0.53 0.51 0.49 0.48 0.47 0.47 0.47 0.47 0.47 0.49 0.50 0.50 0.48 0.46 0.44 0.44 0.44 0.47 0.50 0.52 0.51 0.50 0.51 0.53 0.54 0.55 0.56 0.56 0.59 0.61 0.62 0.67 0.73 0.74 0.70 0.66 0.68 0.74 0.79 0.85 0.91 0.95 0.94 0.91 0.90 0.89 0.87 0.85 0.84 0.86 0.88 0.85 0.79 0.76 0.77 0.76 0.70 0.59 0.47 0.44 0.46 0.46 0.46 0.43 0.42 0.41 0.42 0.47
0.67 0.66 0.66 0.66 0.65 0.65 0.64 0.63 0.63 0.62 0.61 0.61 0.60 0.59 0.57 0.54 0.50 0.47 0.45 0.45 0.46 0.47 0.48 0.48 0.48 0.49 0.50 0.49 0.47 0.45 0.44 0.45 0.46 0.46 0.46 0.48 0.50 0.51 0.53 0.57 0.60 0.62 0.64 0.65 0.65 0.69 0.71 0.69 0.66 0.67 0.67 0.64 0.63 0.69 0.79 0.87 0.92 0.95 0.93 0.88 0.86 0.84 0.81 0.80 0.80 0.80 0.82 0.86 0.89 0.93 0.94 0.90 0.84 0.76 0.67 0.56 0.44 0.36 0.38 0.42 0.43 0.44 0.46 0.52
0.67 0.67 0.67 0.66 0.65 0.65 0.64 0.63 0.62 0.61 0.61 0.61 0.60 0.59 0.57 0.55 0.52 0.50 0.50 0.50 0.51 0.51 0.52 0.52 0.52 0.52 0.51 0.50 0.49 0.49 0.49 0.50 0.52 0.53 0.56 0.61 0.64 0.68 0.70 0.71 0.70 0.69 0.68 0.69 0.71 0.72 0.71 0.68 0.66 0.67 0.69 0.69 0.68 0.68 0.72 0.77 0.83 0.90 0.92 0.88 0.85 0.84 0.82 0.79 0.80 0.82 0.86 0.94 1.00 1.02 0.99 0.90 0.82 0.77 0.75 0.73 0.71 0.70 0.69 0.65 0.62 0.62 0.60 0.57
0.68 0.68 0.66 0.65 0.65 0.64 0.64 0.63 0.62 0.62 0.61 0.60 0.59 0.59 0.58 0.56 0.55 0.55 0.54 0.54 0.54 0.54 0.54 0.54 0.53 0.53 0.53 0.52 0.51 0.51 0.51 0.54 0.59 0.66 0.72 0.77 0.80 0.79 0.75 0.73 0.72 0.72 0.72 0.72 0.71 0.68 0.67 0.68 0.71 0.73 0.75 0.76 0.75 0.71 0.67 0.67 0.72 0.79 0.87 0.91 0.90 0.89 0.88 0.85 0.84 0.88 0.95 1.02 1.04 1.00 0.93 0.87 0.81 0.74 0.70 0.73 0.82 0.92 0.97 0.95 0.86 0.76 0.68 0.63
0.67 0.67 0.66 0.66 0.65 0.65 0.64 0.63 0.63 0.62 0.62 0.61 0.61 0.59 0.58 0.57 0.57 0.57 0.57 0.56 0.56 0.56 0.56 0.55 0.55 0.55 0.55 0.54 0.53 0.53 0.55 0.59 0.65 0.69 0.70 0.69 0.70 0.70 0.68 0.67 0.69 0.72 0.74 0.73 0.71 0.71 0.74 0.77 0.77 0.77 0.77 0.77 0.76 0.73 0.71 0.70 0.71 0.75 0.80 0.89 0.92 0.92 0.92 0.91 0.95 1.03 1.08 1.08 1.05 0.99 0.92 0.87 0.84 0.81 0.77 0.76 0.80 0.90 1.03 1.13 1.11 1.00 0.89 0.76
0.67 0.67 0.67 0.66 0.66 0.65 0.63 0.63 0.62 0.62 0.62 0.62 0.61 0.60 0.59 0.59 0.58 0.58 0.58 0.58 0.58 0.58 0.58 0.57 0.57 0.56 0.55 0.53 0.52 0.52 0.53 0.57 0.60 0.61 0.60 0.59 0.57 0.58 0.61 0.64 0.67 0.71 0.73 0.75 0.78 0.82 0.84 0.81 0.78 0.76 0.77 0.76 0.76 0.77 0.77 0.75 0.74 0.74 0.76 0.84 0.91 0.92 0.91 0.95 1.02 1.07 1.06 1.00 0.95 0.92 0.88 0.85 0.83 0.86 0.88 0.83 0.76 0.78 0.88 1.03 1.16 1.18 1.11 0.98
0.67 0.67 0.66 0.66 0.65 0.64 0.63 0.62 0.62 0.62 0.62 0.61 0.60 0.60 0.61 0.60 0.59 0.59 0.59 0.58 0.59 0.59 0.58 0.58 0.58 0.57 0.55 0.52 0.49 0.49 0.50 0.51 0.52 0.54 0.56 0.58 0.57 0.57 0.59 0.62 0.66 0.70 0.75 0.83 0.89 0.88 0.84 0.81 0.78 0.75 0.75 0.76 0.78 0.80 0.81 0.80 0.78 0.76 0.74 0.75 0.82 0.90 0.96 1.00 0.97 0.88 0.82 0.80 0.79 0.78 0.76 0.77 0.84 0.90 0.89 0.81 0.70 0.65 0.70 0.84 1.04 1.20 1.26 1.23
0.67 0.67 0.66 0.65 0.64 0.64 0.63 0.63 0.63 0.62 0.61 0.60 0.60 0.60 0.60 0.60 0.60 0.59 0.59 0.58 0.58 0.58 0.58 0.59 0.59 0.59 0.58 0.57 0.55 0.51 0.48 0.48 0.49 0.53 0.58 0.62 0.64 0.63 0.61 0.63 0.66 0.71 0.77 0.83 0.86 0.85 0.83 0.81 0.81 0.80 0.79 0.77 0.75 0.75 0.77 0.81 0.83 0.80 0.73 0.68 0.75 0.91 1.06 1.10 1.04 0.91 0.81 0.77 0.78 0.78 0.75 0.77 0.85 0.88 0.88 0.86 0.79 0.65 0.62 0.73 0.92 1.13 1.29 1.39
0.67 0.67 0.66 0.65 0.64 0.64 0.63 0.63 0.63 0.62 0.61 0.61 0.60 0.60 0.59 0.59 0.59 0.59 0.59 0.59 0.58 0.59 0.60 0.61 0.61 0.62 0.63 0.65 0.63 0.59 0.53 0.48 0.46 0.47 0.52 0.60 0.66 0.70 0.69 0.69 0.71 0.73 0.77 0.81 0.82 0.86 0.91 0.91 0.88 0.88 0.88 0.84 0.79 0.76 0.79 0.84 0.86 0.83 0.79 0.78 0.84 0.93 0.98 0.99 1.00 0.97 0.89 0.85 0.86 0.89 0.88 0.86 0.84 0.83 0.86 0.92 0.94 0.81 0.65 0.68 0.80 0.94 1.10 1.27
0.68 0.67 0.67 0.66 0.64 0.64 0.63 0.63 0.63 0.62 0.61 0.61 0.60 0.59 0.59 0.59 0.59 0.59 0.59 0.59 0.60 0.61 0.62 0.62 0.63 0.64 0.67 0.71 0.74 0.72 0.65 0.56 0.49 0.46 0.45 0.49 0.59 0.70 0.74 0.74 0.74 0.78 0.81 0.84 0.89 0.94 1.01 1.04 1.00 0.94 0.96 1.00 0.98 0.94 0.90 0.88 0.90 0.95 0.97 0.99 1.00 0.93 0.82 0.77 0.80 0.85 0.87 0.87 0.90 0.94 0.96 0.91 0.85 0.83 0.82 0.86 0.96 0.98 0.84 0.70 0.68 0.75 0.88 1.02
0.68 0.67 0.66 0.65 0.64 0.64 0.64 0.63 0.62 0.61 0.60 0.60 0.60 0.59 0.59 0.59 0.60 0.60 0.60 0.61 0.62 0.62 0.62 0.62 0.64 0.67 0.72 0.79 0.86 0.87 0.83 0.74 0.65 0.57 0.54 0.56 0.64 0.74 0.82 0.86 0.88 0.92 0.93 0.93 0.96 1.00 1.03 1.08 1.11 1.07 1.08 1.13 1.15 1.10 1.02 0.95 0.98 1.06 1.07 1.04 1.02 0.98 0.89 0.78 0.76 0.80 0.84 0.87 0.92 0.95 0.99 1.00 0.96 0.88 0.80 0.77 0.81 0.92 0.91 0.73 0.63 0.64 0.73 0.81
0.67 0.67 0.66 0.65 0.64 0.64 0.63 0.62 0.61 0.60 0.60 0.60 0.60 0.60 0.60 0.60 0.60 0.61 0.61 0.61 0.62 0.62 0.62 0.62 0.64 0.68 0.75 0.81 0.86 0.93 0.98 0.96 0.86 0.77 0.79 0.86 0.89 0.93 0.98 1.03 1.09 1.11 1.11 1.08 1.05 1.05 1.07 1.12 1.22 1.30 1.30 1.28 1.28 1.24 1.17 1.08 1.03 1.02 1.03 0.97 0.90 0.87 0.88 0.83 0.76 0.75 0.79 0.86 0.90 0.90 0.92 0.96 0.97 0.91 0.83 0.79 0.81 0.87 0.88 0.75 0.62 0.58 0.60 0.65
0.68 0.67 0.66 0.65 0.64 0.63 0.63 0.62 0.61 0.61 0.60 0.60 0.61 0.60 0.60 0.60 0.61 0.61 0.61 0.61 0.62 0.62 0.63 0.64 0.66 0.69 0.72 0.73 0.74 0.76 0.81 0.89 0.96 0.99 1.04 1.08 1.06 1.05 1.09 1.13 1.16 1.16 1.15 1.13 1.11 1.09 1.09 1.13 1.18 1.23 1.27 1.26 1.24 1.24 1.20 1.11 1.00 0.90 0.91 0.89 0.79 0.70 0.74 0.76 0.72 0.69 0.72 0.78 0.82 0.80 0.75 0.74 0.78 0.83 0.88 0.93 0.94 0.96 0.99 0.89 0.71 0.59 0.56 0.58
0.68 0.67 0.66 0.65 0.65 0.65 0.64 0.62 0.62 0.61 0.61 0.61 0.60 0.61 0.61 0.61 0.61 0.60 0.61 0.61 0.62 0.63 0.64 0.65 0.67 0.70 0.70 0.69 0.68 0.66 0.68 0.80 0.94 1.02 1.04 1.03 1.02 1.05 1.09 1.09 1.06 0.99 0.95 0.95 0.97 0.98 0.98 0.96 0.91 0.87 0.88 0.92 0.96 1.05 1.09 1.06 1.01 0.91 0.82 0.80 0.78 0.72 0.73 0.77 0.74 0.68 0.69 0.74 0.79 0.78 0.69 0.65 0.70 0.81 0.91 0.96 0.98 1.02 1.09 1.06 0.92 0.74 0.63 0.59
0.68 0.67 0.65 0.65 0.65 0.65 0.63 0.62 0.62 0.61 0.61 0.61 0.62 0.62 0.62 0.61 0.61 0.60 0.61 0.62 0.62 0.63 0.65 0.66 0.68 0.69 0.71 0.72 0.74 0.80 0.90 0.98 1.00 0.96 0.90 0.88 0.93 0.97 0.94 0.89 0.85 0.81 0.79 0.80 0.81 0.82 0.82 0.77 0.72 0.69 0.68 0.69 0.75 0.86 0.98 1.02 1.04 1.04 0.95 0.83 0.74 0.71 0.77 0.87 0.87 0.75 0.70 0.76 0.86 0.88 0.81 0.80 0.86 0.91 0.93 0.95 1.00 1.07 1.13 1.16 1.06 0.89 0.73 0.63
0.68 0.67 0.65 0.65 0.64 0.63 0.62 0.62 0.61 0.61 0.61 0.62 0.62 0.62 0.62 0.62 0.62 0.62 0.63 0.63 0.63 0.64 0.65 0.68 0.70 0.71 0.71 0.72 0.76 0.85 0.94 0.98 0.97 0.94 0.89 0.86 0.90 0.91 0.85 0.79 0.77 0.77 0.75 0.73 0.71 0.69 0.68 0.65 0.63 0.63 0.64 0.64 0.64 0.69 0.81 0.88 0.91 0.98 1.05 1.01 0.85 0.76 0.82 0.95 1.02 0.92 0.75 0.71 0.79 0.95 1.02 1.03 1.01 0.97 0.95 0.96 1.01 1.09 1.20 1.29 1.25 1.07 0.89 0.75
0.68 0.68 0.67 0.66 0.65 0.64 0.63 0.62 0.61 0.61 0.62 0.62 0.61 0.62 0.62 0.62 0.63 0.63 0.63 0.64 0.64 0.64 0.65 0.67 0.69 0.70 0.70 0.69 0.70 0.73 0.78 0.82 0.86 0.94 1.00 1.00 0.95 0.88 0.82 0.79 0.77 0.72 0.67 0.63 0.60 0.58 0.56 0.56 0.57 0.58 0.60 0.60 0.58 0.59 0.64 0.70 0.73 0.76 0.89 1.04 1.01 0.87 0.84 0.92 1.06 1.06 0.87 0.70 0.71 0.89 1.05 1.08 1.02 0.95 0.91 0.89 0.91 0.95 1.03 1.20 1.35 1.32 1.17 0.97
0.68 0.68 0.68 0.68 0.67 0.65 0.63 0.63 0.63 0.63 0.62 0.62 0.62 0.62 0.62 0.62 0.63 0.63 0.63 0.64 0.65 0.65 0.66 0.66 0.65 0.66 0.67 0.68 0.66 0.66 0.70 0.77 0.86 0.97 1.04 1.04 0.96 0.83 0.75 0.70 0.66 0.63 0.60 0.58 0.59 0.58 0.56 0.58 0.61 0.63 0.64 0.64 0.65 0.65 0.67 0.72 0.72 0.68 0.71 0.87 0.95 0.85 0.78 0.83 0.99 1.13 1.06 0.88 0.80 0.80 0.85 0.90 0.90 0.85 0.82 0.80 0.79 0.74 0.69 0.79 1.07 1.28 1.31 1.17
0.68 0.68 0.68 0.68 0.66 0.64 0.63 0.63 0.63 0.63 0.63 0.63 0.63 0.62 0.63 0.63 0.63 0.64 0.64 0.64 0.65 0.65 0.65 0.65 0.65 0.65 0.66 0.66 0.65 0.69 0.78 0.84 0.89 0.90 0.87 0.88 0.87 0.79 0.68 0.60 0.56 0.58 0.61 0.62 0.63 0.65 0.65 0.66 0.66 0.66 0.68 0.71 0.75 0.78 0.79 0.81 0.81 0.79 0.76 0.84 0.91 0.84 0.75 0.75 0.86 1.07 1.16 1.07 0.93 0.78 0.68 0.68 0.70 0.74 0.79 0.80 0.76 0.72 0.67 0.64 0.73 0.94 1.15 1.24
0.69 0.69 0.68 0.67 0.65 0.63 0.63 0.63 0.63 0.63 0.64 0.64 0.64 0.63 0.64 0.64 0.64 0.64 0.65 0.65 0.65 0.65 0.65 0.65 0.66 0.67 0.66 0.67 0.72 0.84 0.89 0.87 0.82 0.75 0.72 0.72 0.72 0.69 0.64 0.60 0.59 0.61 0.65 0.68 0.70 0.71 0.72 0.73 0.73 0.72 0.73 0.76 0.82 0.84 0.83 0.83 0.88 0.92 0.93 0.95 1.00 0.94 0.81 0.75 0.76 0.88 1.04 1.06 0.96 0.83 0.73 0.69 0.73 0.80 0.84 0.80 0.78 0.84 0.90 0.82 0.71 0.78 0.98 1.19
