windninja/windninja_output/Output_2025-08-09_2100-2150_Google earth_Fire_150m_10min/merlingen_7.5mi_point_08-09-2025_2100_150m_vel.asc
ncols	158
nrows	163
xllcorner	391686.332397
yllcorner	5160024.123721
cellsize	150.000000
NODATA_value	-32768.000000
[rows 114 to 151 of 163, columns 0 to 83 of 158]
0.96 0.99 1.04 1.07 1.11 1.10 1.05 1.02 1.02 1.05 1.12 1.30 1.31 1.17 1.30 1.40 0.92 0.31 0.31 0.67 1.13 1.72 1.89 1.37 1.12 1.20 1.16 1.06 1.03 1.04 1.38 2.06 2.45 2.59 2.49 2.00 1.56 1.29 0.97 0.74 0.70 0.85 1.08 1.09 0.76 0.45 0.38 0.35 0.31 0.28 0.24 0.17 0.18 0.43 0.69 0.79 0.79 0.85 1.04 1.16 1.14 1.08 1.16 1.28 1.22 1.21 1.32 1.39 1.39 1.30 1.17 1.14 1.15 1.14 1.23 1.36 1.35 1.24 1.17 1.24 1.36 1.28 1.03 0.89
0.87 0.97 1.08 1.10 1.11 1.11 1.10 1.05 0.99 1.02 1.13 1.23 1.17 1.16 1.42 1.56 1.04 0.29 0.15 0.41 0.82 1.33 1.74 1.77 1.56 1.33 1.20 1.17 1.27 1.07 1.04 1.70 2.50 2.86 2.57 1.98 1.52 1.25 1.02 0.79 0.77 0.98 1.12 1.08 0.84 0.56 0.42 0.33 0.30 0.27 0.24 0.20 0.11 0.26 0.57 0.75 0.78 0.81 0.93 1.10 1.13 1.08 1.13 1.27 1.27 1.19 1.26 1.36 1.40 1.37 1.31 1.29 1.29 1.20 1.14 1.29 1.42 1.36 1.20 1.18 1.36 1.39 1.18 1.04
0.76 0.92 1.08 1.11 1.11 1.08 1.08 1.08 1.08 1.12 1.21 1.13 0.96 1.03 1.46 1.74 1.19 0.31 0.07 0.23 0.61 0.97 1.30 1.68 1.79 1.57 1.25 1.24 1.49 1.19 0.90 1.38 2.25 2.91 2.73 2.04 1.50 1.14 1.03 0.94 0.92 1.08 1.10 1.06 0.94 0.64 0.40 0.30 0.30 0.27 0.22 0.19 0.13 0.11 0.42 0.69 0.78 0.79 0.86 1.02 1.08 1.07 1.13 1.24 1.27 1.20 1.22 1.33 1.40 1.41 1.39 1.40 1.47 1.45 1.24 1.18 1.34 1.45 1.33 1.19 1.30 1.39 1.21 1.10
0.67 0.85 1.04 1.10 1.12 1.07 1.00 1.04 1.16 1.29 1.33 1.06 0.76 0.84 1.43 1.88 1.35 0.39 0.06 0.16 0.44 0.75 0.96 1.28 1.64 1.73 1.46 1.38 1.66 1.31 0.92 1.11 1.75 2.64 2.77 2.08 1.46 1.05 1.05 1.13 1.09 1.09 1.05 1.06 1.01 0.70 0.43 0.34 0.33 0.31 0.23 0.16 0.15 0.03 0.26 0.60 0.78 0.79 0.82 0.94 1.01 1.02 1.12 1.24 1.27 1.21 1.22 1.31 1.38 1.42 1.43 1.45 1.55 1.67 1.62 1.37 1.26 1.39 1.46 1.34 1.34 1.38 1.20 1.07
0.63 0.78 1.00 1.10 1.11 1.05 0.95 0.98 1.15 1.32 1.43 1.12 0.65 0.70 1.29 1.93 1.69 0.66 0.23 0.26 0.34 0.59 0.80 0.98 1.23 1.51 1.47 1.49 1.71 1.56 1.20 1.12 1.45 2.35 2.61 2.23 1.67 1.14 1.15 1.25 1.14 1.06 1.04 1.06 1.04 0.82 0.54 0.42 0.37 0.32 0.24 0.12 0.13 0.08 0.14 0.49 0.74 0.81 0.82 0.90 0.95 0.94 1.03 1.20 1.27 1.24 1.25 1.32 1.38 1.41 1.41 1.42 1.50 1.69 1.85 1.76 1.47 1.39 1.47 1.48 1.49 1.46 1.25 1.06
0.60 0.71 0.94 1.11 1.10 1.01 0.97 1.00 1.14 1.22 1.40 1.28 0.69 0.64 1.08 1.77 1.97 1.14 0.42 0.35 0.40 0.52 0.71 0.92 1.11 1.23 1.26 1.35 1.56 1.65 1.62 1.54 1.80 2.31 2.38 2.26 1.96 1.44 1.33 1.31 1.19 1.13 1.11 1.12 1.08 0.92 0.67 0.50 0.40 0.31 0.22 0.08 0.10 0.12 0.06 0.37 0.68 0.80 0.82 0.89 0.93 0.89 0.93 1.06 1.16 1.21 1.24 1.30 1.41 1.44 1.39 1.36 1.41 1.56 1.81 1.98 1.86 1.63 1.55 1.53 1.54 1.53 1.33 1.13
0.56 0.66 0.90 1.14 1.13 0.98 1.01 1.09 1.17 1.12 1.24 1.37 0.84 0.59 0.91 1.56 2.05 1.62 0.72 0.42 0.45 0.53 0.70 0.93 1.13 1.24 1.28 1.33 1.51 1.76 1.94 1.92 2.02 2.19 2.18 2.16 1.97 1.72 1.44 1.25 1.29 1.29 1.27 1.23 1.15 1.00 0.81 0.60 0.42 0.31 0.22 0.09 0.06 0.13 0.09 0.28 0.61 0.78 0.81 0.88 0.93 0.89 0.91 0.98 0.97 1.04 1.05 1.04 1.22 1.41 1.40 1.32 1.31 1.39 1.61 1.92 2.09 1.99 1.80 1.68 1.60 1.55 1.39 1.21
0.50 0.61 0.85 1.10 1.18 1.07 1.13 1.24 1.25 1.05 1.10 1.46 1.03 0.53 0.75 1.38 2.03 1.89 1.07 0.55 0.47 0.58 0.74 0.95 1.19 1.30 1.32 1.42 1.78 2.14 2.17 2.11 2.11 2.07 2.15 2.09 1.86 1.82 1.40 1.09 1.19 1.33 1.47 1.38 1.23 1.10 0.94 0.71 0.46 0.34 0.25 0.13 0.03 0.14 0.13 0.22 0.57 0.76 0.80 0.87 0.92 0.88 0.90 0.97 0.96 1.02 1.00 0.79 0.82 1.15 1.31 1.31 1.27 1.25 1.35 1.63 1.99 2.20 2.16 1.99 1.81 1.67 1.47 1.29
0.42 0.58 0.79 0.95 1.11 1.19 1.30 1.46 1.46 1.11 1.06 1.55 1.20 0.49 0.55 1.07 1.90 2.08 1.34 0.79 0.58 0.66 0.79 0.97 1.25 1.34 1.37 1.61 2.15 2.45 2.22 2.15 2.16 1.97 2.11 2.09 1.78 1.81 1.46 1.02 0.97 1.19 1.56 1.57 1.34 1.20 1.04 0.75 0.51 0.40 0.31 0.20 0.06 0.15 0.15 0.18 0.51 0.74 0.80 0.88 0.91 0.88 0.91 0.98 1.03 1.18 1.21 0.90 0.68 0.76 1.02 1.17 1.23 1.21 1.17 1.29 1.61 2.03 2.30 2.33 2.18 1.95 1.63 1.42
0.36 0.55 0.75 0.77 0.89 1.08 1.25 1.49 1.68 1.43 1.27 1.71 1.33 0.47 0.44 0.82 1.55 2.11 1.77 1.18 0.92 0.83 0.86 1.03 1.28 1.37 1.42 1.81 2.59 2.69 2.13 2.04 2.10 1.88 2.03 2.08 1.70 1.73 1.65 1.07 0.82 0.97 1.41 1.72 1.56 1.32 1.10 0.76 0.53 0.43 0.37 0.27 0.11 0.17 0.17 0.17 0.45 0.72 0.79 0.85 0.90 0.92 0.96 0.99 1.03 1.23 1.37 1.23 0.88 0.64 0.72 0.94 1.06 1.11 1.08 1.05 1.20 1.57 2.00 2.33 2.48 2.38 2.01 1.66
0.39 0.56 0.72 0.68 0.75 0.95 1.09 1.30 1.65 1.63 1.66 1.89 1.25 0.50 0.46 0.72 1.16 1.80 2.06 1.72 1.35 1.14 1.02 1.12 1.28 1.36 1.53 2.26 3.16 2.74 1.84 1.86 2.02 1.86 1.94 2.06 1.70 1.60 1.68 1.21 0.83 0.80 1.06 1.65 1.83 1.53 1.20 0.84 0.53 0.44 0.42 0.34 0.19 0.21 0.22 0.24 0.44 0.73 0.83 0.77 0.83 0.97 1.00 1.01 1.07 1.20 1.34 1.42 1.28 0.85 0.67 0.79 0.87 0.89 0.93 0.90 0.90 1.11 1.49 1.86 2.24 2.54 2.46 2.01
0.41 0.59 0.71 0.65 0.70 0.88 1.01 1.14 1.47 1.57 1.79 2.09 1.47 0.65 0.56 0.70 0.91 1.24 1.75 2.05 2.03 1.66 1.35 1.28 1.45 1.63 2.20 3.29 3.27 2.22 1.46 1.68 1.99 1.82 1.81 2.03 1.76 1.52 1.60 1.33 0.91 0.72 0.79 1.36 1.88 1.78 1.38 0.92 0.56 0.46 0.45 0.37 0.27 0.26 0.28 0.32 0.51 0.79 0.96 0.84 0.82 0.98 1.03 1.04 1.13 1.24 1.29 1.40 1.48 1.29 0.94 0.87 0.87 0.79 0.75 0.72 0.69 0.75 0.98 1.27 1.55 2.10 2.55 2.42
0.38 0.57 0.72 0.63 0.65 0.81 0.96 1.09 1.28 1.41 1.68 2.18 1.96 1.03 0.82 0.79 0.77 0.91 1.24 1.76 2.15 2.26 1.85 1.67 2.16 2.75 3.08 3.18 2.43 1.52 1.24 1.53 1.94 1.79 1.72 1.97 1.83 1.52 1.46 1.33 1.01 0.74 0.69 1.07 1.73 1.93 1.57 1.04 0.64 0.49 0.46 0.38 0.30 0.31 0.33 0.35 0.50 0.78 1.01 0.98 0.91 0.99 1.03 1.05 1.15 1.26 1.30 1.35 1.46 1.49 1.38 1.22 1.07 0.88 0.75 0.65 0.58 0.57 0.67 0.86 1.08 1.50 2.12 2.46
0.35 0.55 0.73 0.62 0.61 0.75 0.94 1.10 1.15 1.22 1.43 1.95 2.18 1.76 1.38 0.97 0.70 0.83 1.12 1.47 1.99 2.48 2.44 2.26 2.52 2.86 2.68 2.07 1.58 1.25 1.14 1.39 1.83 1.79 1.71 1.88 1.83 1.59 1.36 1.27 1.10 0.83 0.74 0.89 1.47 1.94 1.70 1.12 0.73 0.55 0.50 0.42 0.33 0.35 0.37 0.37 0.46 0.72 0.96 1.00 0.98 1.02 1.03 1.07 1.16 1.26 1.30 1.33 1.40 1.47 1.54 1.54 1.36 1.11 0.92 0.75 0.58 0.53 0.58 0.64 0.82 1.15 1.54 1.98
0.34 0.53 0.73 0.63 0.57 0.69 0.90 1.08 1.09 1.07 1.15 1.51 1.97 2.15 1.99 1.30 0.88 1.02 1.39 2.23 2.65 2.60 2.52 2.29 2.32 2.35 2.03 1.62 1.30 1.13 1.16 1.36 1.64 1.67 1.70 1.84 1.83 1.63 1.32 1.23 1.15 0.98 0.89 0.90 1.24 1.82 1.78 1.17 0.79 0.64 0.53 0.44 0.38 0.40 0.41 0.42 0.47 0.69 0.93 0.99 1.01 1.04 1.06 1.11 1.19 1.27 1.30 1.33 1.38 1.43 1.54 1.69 1.64 1.36 1.12 0.95 0.71 0.57 0.57 0.57 0.61 0.81 1.12 1.47
0.33 0.51 0.73 0.66 0.57 0.68 0.86 1.02 1.05 0.98 0.96 1.13 1.46 1.88 2.15 2.05 1.51 1.55 2.40 3.19 2.82 2.19 2.16 2.19 2.30 2.36 2.04 1.54 1.22 1.16 1.24 1.31 1.36 1.39 1.57 1.87 1.92 1.61 1.34 1.29 1.23 1.14 1.06 1.04 1.17 1.57 1.70 1.24 0.89 0.75 0.58 0.48 0.42 0.45 0.45 0.44 0.51 0.71 0.92 1.00 1.02 1.05 1.09 1.14 1.22 1.28 1.31 1.33 1.38 1.42 1.52 1.71 1.82 1.67 1.37 1.18 0.95 0.68 0.62 0.63 0.61 0.59 0.68 0.98
0.33 0.51 0.74 0.69 0.59 0.73 0.90 0.99 1.00 0.94 0.90 0.92 1.04 1.31 1.73 2.20 2.40 2.74 3.23 3.00 2.10 1.72 1.82 2.11 2.46 2.54 2.04 1.46 1.31 1.30 1.29 1.21 1.13 1.14 1.28 1.70 2.01 1.79 1.44 1.37 1.33 1.27 1.25 1.24 1.25 1.31 1.41 1.18 0.99 0.84 0.64 0.54 0.48 0.48 0.46 0.45 0.52 0.73 0.93 1.02 1.03 1.05 1.11 1.16 1.23 1.29 1.32 1.33 1.36 1.42 1.52 1.68 1.84 1.88 1.73 1.50 1.22 0.85 0.72 0.71 0.67 0.62 0.55 0.55
0.34 0.48 0.73 0.75 0.65 0.77 0.93 1.01 1.06 0.98 0.89 0.85 0.88 1.08 1.40 1.92 2.90 3.55 3.20 2.19 1.76 1.68 1.71 1.90 2.46 2.66 1.89 1.49 1.47 1.37 1.30 1.23 1.11 1.01 1.07 1.36 1.83 1.97 1.69 1.48 1.46 1.41 1.40 1.40 1.29 1.09 0.94 0.94 1.01 0.89 0.66 0.58 0.55 0.51 0.49 0.47 0.51 0.72 0.93 1.03 1.05 1.05 1.08 1.16 1.22 1.28 1.33 1.33 1.33 1.39 1.52 1.67 1.78 1.90 1.93 1.84 1.56 1.08 0.86 0.85 0.78 0.67 0.55 0.47
0.36 0.47 0.66 0.78 0.77 0.81 0.85 0.98 1.17 1.11 0.90 0.83 0.86 1.04 1.40 1.89 3.14 3.84 2.96 2.04 1.84 1.74 1.73 1.85 2.31 2.65 2.10 1.60 1.55 1.36 1.24 1.19 1.07 0.98 1.05 1.24 1.54 1.86 1.83 1.70 1.67 1.54 1.47 1.46 1.24 0.81 0.56 0.65 0.89 0.86 0.66 0.60 0.58 0.54 0.53 0.52 0.55 0.72 0.93 1.03 1.08 1.11 1.06 1.13 1.22 1.26 1.32 1.32 1.30 1.34 1.48 1.63 1.73 1.88 1.98 1.99 1.86 1.36 1.04 1.08 0.98 0.71 0.52 0.46
0.39 0.48 0.62 0.75 0.89 0.87 0.76 0.83 1.14 1.28 1.05 0.87 0.91 1.17 1.53 2.19 3.46 3.79 3.08 2.29 2.00 1.87 1.85 1.89 2.04 2.34 2.29 1.87 1.62 1.40 1.23 1.14 1.03 1.06 1.18 1.29 1.45 1.63 1.70 1.86 1.90 1.65 1.50 1.46 1.14 0.65 0.44 0.48 0.70 0.77 0.66 0.60 0.58 0.57 0.57 0.57 0.61 0.76 0.95 1.06 1.14 1.19 1.12 1.13 1.23 1.26 1.31 1.32 1.25 1.28 1.42 1.55 1.63 1.82 2.04 2.13 2.07 1.56 1.14 1.20 1.18 0.83 0.51 0.44
0.41 0.52 0.62 0.73 0.92 0.91 0.76 0.77 0.93 1.23 1.27 1.00 1.08 1.43 2.06 3.22 3.80 3.56 2.97 2.53 2.14 1.85 1.81 1.75 1.60 1.75 2.19 2.22 1.84 1.51 1.32 1.23 1.17 1.21 1.27 1.29 1.36 1.41 1.56 1.92 2.05 1.77 1.57 1.41 0.98 0.67 0.50 0.41 0.55 0.70 0.69 0.61 0.58 0.58 0.59 0.60 0.66 0.80 0.95 1.06 1.17 1.21 1.18 1.18 1.26 1.31 1.34 1.36 1.28 1.19 1.29 1.44 1.53 1.65 1.97 2.30 2.32 1.81 1.24 1.20 1.25 1.02 0.63 0.44
0.42 0.55 0.66 0.75 0.90 0.92 0.83 0.83 0.85 1.06 1.27 1.18 1.21 1.82 3.21 3.95 3.63 3.14 2.79 2.62 2.31 1.74 1.60 1.50 1.31 1.38 1.82 2.27 2.22 1.77 1.44 1.34 1.33 1.32 1.31 1.30 1.24 1.22 1.55 2.02 2.06 1.82 1.62 1.25 0.90 0.77 0.61 0.45 0.52 0.68 0.72 0.67 0.63 0.61 0.60 0.61 0.69 0.85 0.96 1.05 1.16 1.20 1.20 1.23 1.28 1.36 1.39 1.44 1.44 1.23 1.12 1.25 1.39 1.49 1.78 2.25 2.50 2.24 1.53 1.27 1.23 1.07 0.83 0.60
0.35 0.56 0.74 0.76 0.88 0.93 0.89 0.88 0.89 1.03 1.18 1.26 1.27 2.18 3.86 3.87 3.08 2.88 2.66 2.58 2.35 1.79 1.49 1.43 1.32 1.31 1.56 2.07 2.38 2.12 1.61 1.40 1.41 1.37 1.37 1.36 1.21 1.15 1.61 2.11 1.96 1.77 1.59 1.07 0.86 0.82 0.69 0.53 0.55 0.67 0.72 0.71 0.68 0.65 0.63 0.62 0.70 0.88 0.99 1.07 1.16 1.19 1.22 1.25 1.30 1.40 1.43 1.51 1.66 1.49 1.14 1.04 1.14 1.23 1.49 2.02 2.48 2.54 2.13 1.57 1.26 1.05 0.92 0.81
0.24 0.48 0.76 0.82 0.92 0.95 0.89 0.87 0.94 1.07 1.17 1.31 1.42 2.60 4.05 3.63 2.94 2.73 2.45 2.41 2.31 1.89 1.58 1.50 1.36 1.31 1.46 1.94 2.37 2.25 1.74 1.49 1.48 1.45 1.46 1.39 1.23 1.15 1.62 2.15 1.88 1.57 1.35 1.01 0.85 0.83 0.75 0.60 0.59 0.68 0.72 0.72 0.71 0.68 0.66 0.65 0.73 0.92 0.99 1.06 1.14 1.19 1.24 1.26 1.30 1.41 1.48 1.56 1.77 1.80 1.42 1.07 1.00 0.97 1.00 1.48 2.16 2.52 2.52 2.24 1.61 1.13 0.98 0.93
0.27 0.41 0.65 0.83 1.01 1.01 0.87 0.84 0.94 1.10 1.27 1.47 1.87 3.45 4.19 3.43 2.78 2.45 2.14 2.25 2.33 2.01 1.73 1.60 1.41 1.36 1.49 1.89 2.20 2.07 1.81 1.72 1.66 1.58 1.55 1.37 1.17 1.19 1.63 2.12 1.79 1.24 1.06 0.93 0.84 0.86 0.82 0.69 0.66 0.71 0.74 0.75 0.73 0.72 0.69 0.68 0.77 0.92 0.99 1.04 1.11 1.18 1.25 1.27 1.31 1.42 1.53 1.65 1.81 1.95 1.80 1.36 1.09 0.97 0.85 0.93 1.57 2.12 2.40 2.57 2.26 1.44 1.17 1.02
0.38 0.43 0.52 0.74 1.02 1.07 0.94 0.90 0.97 1.12 1.38 1.82 2.98 4.26 4.03 2.94 2.48 2.23 2.04 2.21 2.38 2.14 1.86 1.66 1.50 1.47 1.59 1.82 1.96 1.76 1.62 1.86 1.91 1.67 1.64 1.40 1.18 1.35 1.68 1.91 1.49 0.97 0.88 0.82 0.80 0.87 0.86 0.77 0.73 0.75 0.77 0.78 0.76 0.76 0.76 0.75 0.81 0.91 0.98 1.04 1.08 1.15 1.21 1.24 1.34 1.47 1.59 1.74 1.86 1.97 2.03 1.80 1.33 1.03 0.89 0.82 1.07 1.61 1.93 2.35 2.49 2.00 1.54 1.16
0.44 0.47 0.55 0.70 0.84 1.00 1.10 1.07 1.05 1.30 1.59 2.35 4.09 4.36 3.08 2.35 2.27 2.12 1.92 2.17 2.46 2.28 1.95 1.72 1.62 1.64 1.69 1.74 1.78 1.59 1.47 1.82 1.98 1.83 1.82 1.57 1.31 1.42 1.51 1.42 1.09 0.88 0.85 0.77 0.76 0.84 0.86 0.81 0.80 0.81 0.82 0.80 0.76 0.78 0.84 0.84 0.83 0.89 0.98 1.03 1.07 1.15 1.15 1.15 1.32 1.55 1.69 1.82 1.92 2.02 2.13 2.09 1.69 1.19 0.97 0.79 0.82 1.25 1.57 1.93 2.31 2.18 1.73 1.34
0.36 0.53 0.72 0.70 0.67 0.80 1.11 1.18 1.24 1.71 2.10 3.40 4.49 3.48 2.22 2.09 2.10 2.06 1.92 2.11 2.43 2.39 2.09 1.86 1.76 1.77 1.75 1.68 1.65 1.53 1.51 1.70 1.85 1.99 2.05 1.71 1.35 1.29 1.11 0.85 0.80 0.84 0.84 0.78 0.76 0.81 0.84 0.85 0.85 0.87 0.89 0.88 0.80 0.77 0.86 0.87 0.85 0.89 0.98 1.04 1.08 1.14 1.10 1.03 1.18 1.48 1.73 1.88 2.00 2.14 2.22 2.27 2.10 1.57 1.08 0.70 0.67 1.09 1.44 1.69 2.10 2.16 1.74 1.32
0.19 0.56 0.89 0.76 0.69 0.82 1.00 1.15 1.47 1.94 2.71 4.27 4.32 2.45 1.92 1.99 2.04 2.19 2.20 2.19 2.26 2.27 2.19 2.09 1.96 1.85 1.73 1.58 1.53 1.55 1.60 1.69 1.80 2.01 2.16 1.82 1.31 1.03 0.73 0.53 0.67 0.83 0.85 0.83 0.80 0.81 0.85 0.87 0.90 0.94 0.96 1.03 1.02 0.86 0.81 0.80 0.81 0.89 0.96 1.04 1.11 1.12 1.06 0.95 1.00 1.23 1.50 1.71 1.93 2.18 2.31 2.36 2.43 2.11 1.20 0.62 0.65 1.12 1.57 1.83 2.00 2.05 1.80 1.31
0.08 0.50 0.95 0.92 0.82 0.90 1.04 1.20 1.57 1.89 3.15 4.26 3.43 2.16 1.96 1.99 2.11 2.41 2.45 2.12 1.99 2.07 2.19 2.27 2.13 1.91 1.72 1.58 1.56 1.65 1.75 1.85 1.83 1.87 2.14 1.90 1.21 0.75 0.53 0.50 0.65 0.82 0.88 0.88 0.86 0.86 0.88 0.91 0.95 0.99 1.04 1.19 1.27 1.11 0.86 0.65 0.70 0.87 0.92 1.00 1.10 1.11 1.05 0.95 0.95 1.09 1.23 1.35 1.55 1.91 2.21 2.37 2.58 2.43 1.55 0.77 0.78 1.16 1.77 2.04 1.79 1.84 1.89 1.35
0.16 0.44 0.86 1.05 0.99 1.00 1.16 1.37 1.64 1.78 2.89 4.28 3.42 2.24 2.07 2.01 2.20 2.57 2.43 1.87 1.83 2.00 2.16 2.31 2.18 1.89 1.71 1.72 1.71 1.73 1.83 1.94 1.78 1.69 2.01 1.74 1.05 0.67 0.54 0.58 0.68 0.81 0.88 0.90 0.91 0.91 0.92 0.96 1.00 1.06 1.17 1.34 1.46 1.37 0.97 0.57 0.61 0.81 0.91 1.00 1.05 1.06 1.07 1.01 0.98 1.13 1.26 1.27 1.31 1.46 1.80 2.25 2.65 2.60 1.88 1.13 0.91 1.13 1.88 2.16 1.72 1.78 1.86 1.29
0.38 0.53 0.74 0.95 1.10 1.22 1.39 1.57 1.77 1.80 2.46 4.30 4.04 2.41 2.04 1.96 2.23 2.54 2.14 1.80 1.89 2.02 2.16 2.21 2.06 1.88 1.80 1.87 1.84 1.72 1.79 1.87 1.64 1.51 1.66 1.39 0.95 0.67 0.58 0.64 0.73 0.82 0.89 0.93 0.95 0.96 0.97 1.00 1.05 1.16 1.34 1.50 1.62 1.52 1.08 0.67 0.59 0.69 0.90 1.05 1.01 0.98 1.06 1.06 1.04 1.21 1.37 1.31 1.28 1.34 1.43 1.87 2.59 2.68 2.05 1.42 1.08 1.09 1.81 2.21 1.93 1.92 1.75 1.17
0.72 0.74 0.75 0.79 1.01 1.32 1.58 1.84 2.01 1.91 2.66 4.35 3.95 2.31 1.90 1.91 2.18 2.32 1.99 1.89 1.99 2.04 2.14 2.07 1.96 1.99 1.96 1.94 1.88 1.70 1.72 1.78 1.46 1.18 1.12 1.11 0.88 0.69 0.61 0.65 0.76 0.85 0.91 0.97 1.00 1.00 1.01 1.04 1.13 1.28 1.46 1.66 1.79 1.62 1.26 0.92 0.69 0.69 0.94 1.10 0.98 0.89 0.97 1.05 1.10 1.28 1.43 1.36 1.34 1.41 1.42 1.61 2.27 2.63 2.17 1.62 1.36 1.24 1.50 2.02 2.18 1.99 1.59 1.30
1.11 0.96 0.79 0.80 0.96 1.22 1.52 2.04 2.33 2.50 3.71 4.32 3.15 1.98 1.76 1.84 2.11 2.10 1.89 1.92 2.04 2.05 2.04 2.00 1.99 2.10 2.04 1.95 1.92 1.67 1.54 1.67 1.38 0.87 0.82 0.96 0.87 0.72 0.65 0.67 0.77 0.86 0.93 1.01 1.06 1.05 1.05 1.11 1.26 1.39 1.54 1.83 1.98 1.74 1.44 1.15 0.87 0.84 0.96 1.06 0.95 0.84 0.91 1.00 1.11 1.26 1.39 1.41 1.41 1.47 1.53 1.62 2.01 2.41 2.15 1.75 1.71 1.60 1.34 1.67 2.16 1.98 1.76 1.51
1.35 1.12 0.86 0.90 1.04 1.18 1.33 1.83 2.72 3.48 3.97 3.45 2.34 1.83 1.65 1.73 1.98 2.00 1.84 1.89 2.03 2.04 1.98 2.04 2.19 2.18 2.08 2.00 1.93 1.56 1.28 1.44 1.30 0.86 0.75 0.87 0.87 0.76 0.70 0.70 0.78 0.88 0.93 1.00 1.09 1.10 1.09 1.23 1.39 1.46 1.62 1.97 2.14 1.95 1.66 1.42 1.14 0.98 0.98 1.01 0.90 0.84 0.93 1.02 1.09 1.19 1.32 1.41 1.43 1.48 1.56 1.58 1.84 2.18 2.12 1.87 1.90 1.81 1.41 1.61 2.03 2.18 2.23 1.89
1.28 1.25 1.09 1.06 1.17 1.32 1.39 1.77 3.24 3.91 3.37 2.54 2.13 1.83 1.63 1.64 1.82 1.92 1.86 1.85 1.92 1.91 1.77 1.94 2.38 2.51 2.26 1.98 1.71 1.38 1.03 1.05 1.14 0.90 0.76 0.81 0.85 0.79 0.75 0.73 0.79 0.90 0.96 0.99 1.08 1.13 1.16 1.33 1.46 1.50 1.71 2.08 2.28 2.22 2.01 1.67 1.32 1.06 1.04 0.98 0.86 0.89 1.00 1.08 1.13 1.20 1.30 1.38 1.43 1.52 1.55 1.42 1.51 1.88 2.07 2.06 2.04 1.77 1.39 1.61 1.90 2.12 2.51 2.41
1.01 1.20 1.32 1.31 1.53 1.59 1.45 2.02 3.80 4.10 2.86 2.30 2.15 1.86 1.70 1.62 1.64 1.76 1.91 1.90 1.79 1.69 1.51 1.69 2.28 2.79 2.68 1.88 1.43 1.21 0.86 0.83 0.96 0.91 0.81 0.79 0.81 0.80 0.79 0.79 0.82 0.93 1.00 1.00 1.08 1.21 1.27 1.36 1.46 1.54 1.75 2.13 2.41 2.51 2.36 1.87 1.47 1.21 1.09 1.02 0.90 0.93 1.06 1.15 1.22 1.24 1.29 1.34 1.42 1.62 1.63 1.26 1.04 1.33 1.79 2.24 2.23 1.61 1.18 1.46 1.61 1.73 2.33 2.76
0.80 1.02 1.30 1.56 1.86 1.67 1.36 2.20 4.05 3.90 2.43 2.15 2.18 2.01 1.84 1.67 1.54 1.63 1.83 1.87 1.71 1.53 1.41 1.55 2.00 2.71 3.06 2.28 1.36 1.10 0.88 0.79 0.85 0.89 0.86 0.77 0.76 0.77 0.78 0.81 0.86 0.97 1.03 1.01 1.09 1.32 1.44 1.36 1.40 1.57 1.74 2.08 2.50 2.75 2.62 2.09 1.63 1.36 1.19 1.13 1.03 0.98 1.12 1.23 1.29 1.25 1.26 1.31 1.41 1.70 1.71 1.16 0.74 0.97 1.53 2.31 2.38 1.58 1.09 1.20 1.33 1.44 1.90 2.76
