windninja/windninja_output/Output_2025-08-09_2100-2150_Google earth_Fire_150m_10min/merlingen_7.5mi_point_08-09-2025_2150_150m_vel.asc
ncols	158
nrows	163
xllcorner	391686.332397
yllcorner	5160024.123721
cellsize	150.000000
NODATA_value	-32768.000000
[rows 76 to 113 of 163, columns 0 to 83 of 158]
1.80 1.66 1.39 1.13 1.03 1.02 0.95 0.88 0.87 0.85 0.83 0.82 0.82 0.82 0.82 0.80 0.79 0.80 0.82 0.82 0.82 0.83 0.85 0.86 0.82 0.73 0.73 0.80 0.88 1.02 1.11 1.10 1.07 1.06 0.97 0.83 0.77 0.74 0.72 0.70 0.71 0.74 0.75 0.76 0.76 0.76 0.76 0.76 0.75 0.75 0.74 0.73 0.73 0.72 0.72 0.71 0.70 0.69 0.69 0.68 0.67 0.66 0.65 0.63 0.62 0.60 0.58 0.56 0.55 0.52 0.50 0.46 0.42 0.36 0.31 0.30 0.32 0.36 0.42 0.51 0.63 0.75 0.84 0.82
1.93 1.78 1.54 1.32 1.14 1.04 0.92 0.83 0.81 0.78 0.77 0.76 0.77 0.79 0.78 0.77 0.75 0.76 0.78 0.79 0.80 0.81 0.82 0.83 0.80 0.76 0.77 0.79 0.79 0.86 1.02 1.10 1.08 1.08 1.04 0.90 0.80 0.76 0.72 0.69 0.69 0.71 0.74 0.75 0.76 0.76 0.76 0.75 0.75 0.74 0.74 0.73 0.73 0.72 0.71 0.71 0.70 0.70 0.69 0.68 0.67 0.66 0.65 0.64 0.63 0.61 0.60 0.58 0.56 0.54 0.51 0.49 0.45 0.41 0.34 0.30 0.27 0.27 0.33 0.49 0.63 0.69 0.75 0.78
2.07 1.79 1.59 1.60 1.39 1.09 0.88 0.78 0.75 0.71 0.68 0.69 0.72 0.75 0.75 0.74 0.73 0.73 0.74 0.76 0.77 0.79 0.80 0.79 0.75 0.78 0.84 0.82 0.77 0.76 0.88 1.05 1.10 1.09 1.09 0.99 0.87 0.81 0.76 0.69 0.66 0.69 0.73 0.74 0.75 0.75 0.75 0.75 0.74 0.74 0.73 0.72 0.72 0.71 0.71 0.71 0.70 0.70 0.69 0.68 0.68 0.67 0.66 0.65 0.63 0.62 0.61 0.59 0.57 0.55 0.53 0.50 0.48 0.44 0.39 0.33 0.27 0.23 0.27 0.44 0.61 0.64 0.69 0.78
2.08 1.76 1.58 1.92 1.79 1.30 0.89 0.71 0.69 0.62 0.56 0.61 0.67 0.71 0.72 0.72 0.71 0.70 0.70 0.72 0.75 0.77 0.78 0.74 0.68 0.75 0.88 0.89 0.81 0.73 0.77 0.94 1.05 1.10 1.10 1.03 0.94 0.88 0.84 0.75 0.64 0.65 0.70 0.72 0.74 0.74 0.75 0.74 0.73 0.73 0.72 0.71 0.71 0.71 0.70 0.70 0.70 0.69 0.69 0.68 0.68 0.67 0.66 0.65 0.64 0.63 0.61 0.60 0.58 0.57 0.54 0.52 0.50 0.47 0.43 0.37 0.31 0.24 0.25 0.38 0.54 0.60 0.67 0.78
1.85 1.67 1.63 1.84 1.94 1.56 0.84 0.57 0.58 0.51 0.45 0.52 0.63 0.68 0.70 0.70 0.69 0.68 0.66 0.68 0.72 0.75 0.76 0.72 0.63 0.68 0.84 0.90 0.86 0.76 0.73 0.83 0.95 1.07 1.13 1.07 0.97 0.93 0.93 0.86 0.70 0.64 0.68 0.70 0.72 0.73 0.73 0.73 0.73 0.71 0.69 0.69 0.69 0.69 0.69 0.70 0.69 0.69 0.69 0.68 0.68 0.67 0.66 0.65 0.64 0.63 0.62 0.61 0.59 0.57 0.55 0.53 0.51 0.49 0.45 0.41 0.35 0.29 0.26 0.33 0.45 0.56 0.63 0.71
1.53 1.47 1.46 1.62 1.84 1.60 0.92 0.58 0.53 0.46 0.41 0.48 0.60 0.67 0.68 0.68 0.67 0.67 0.64 0.65 0.69 0.72 0.74 0.69 0.61 0.64 0.77 0.84 0.85 0.80 0.74 0.77 0.84 0.96 1.09 1.13 1.03 0.95 0.96 0.95 0.84 0.72 0.71 0.72 0.71 0.71 0.70 0.72 0.73 0.69 0.63 0.63 0.65 0.67 0.68 0.69 0.69 0.69 0.69 0.68 0.68 0.67 0.66 0.66 0.65 0.64 0.63 0.61 0.60 0.58 0.56 0.54 0.52 0.50 0.47 0.44 0.39 0.34 0.30 0.32 0.38 0.49 0.59 0.63
1.58 1.45 1.39 1.61 1.65 1.36 1.05 0.84 0.68 0.58 0.49 0.51 0.60 0.66 0.68 0.67 0.66 0.66 0.63 0.62 0.65 0.68 0.71 0.67 0.60 0.64 0.74 0.78 0.81 0.80 0.77 0.75 0.76 0.81 0.93 1.04 1.07 1.00 0.96 0.96 0.91 0.84 0.81 0.81 0.79 0.77 0.74 0.74 0.78 0.74 0.64 0.59 0.59 0.62 0.65 0.67 0.68 0.68 0.68 0.68 0.67 0.67 0.66 0.66 0.65 0.64 0.63 0.62 0.60 0.59 0.57 0.55 0.53 0.52 0.49 0.46 0.42 0.37 0.33 0.31 0.33 0.41 0.54 0.61
1.95 1.60 1.42 1.56 1.47 1.26 1.07 0.92 0.81 0.69 0.58 0.56 0.61 0.66 0.68 0.66 0.65 0.66 0.63 0.61 0.62 0.63 0.67 0.64 0.57 0.62 0.72 0.75 0.77 0.80 0.79 0.76 0.76 0.77 0.82 0.88 0.96 0.98 0.96 0.93 0.89 0.87 0.86 0.87 0.89 0.88 0.86 0.84 0.87 0.87 0.80 0.69 0.61 0.60 0.63 0.66 0.68 0.68 0.68 0.67 0.67 0.67 0.66 0.65 0.65 0.64 0.63 0.62 0.61 0.60 0.58 0.56 0.54 0.52 0.50 0.47 0.44 0.40 0.35 0.31 0.29 0.33 0.46 0.59
1.99 1.74 1.47 1.51 1.48 1.32 1.07 0.90 0.83 0.73 0.65 0.61 0.62 0.67 0.70 0.67 0.65 0.66 0.64 0.61 0.60 0.59 0.61 0.61 0.55 0.56 0.67 0.73 0.74 0.78 0.80 0.79 0.79 0.81 0.82 0.84 0.87 0.89 0.89 0.87 0.84 0.82 0.80 0.81 0.83 0.84 0.83 0.82 0.83 0.85 0.85 0.82 0.74 0.65 0.63 0.66 0.67 0.67 0.67 0.67 0.67 0.66 0.66 0.65 0.65 0.64 0.63 0.62 0.61 0.60 0.58 0.57 0.55 0.53 0.51 0.49 0.46 0.42 0.38 0.33 0.29 0.31 0.39 0.51
2.04 1.83 1.54 1.49 1.49 1.35 1.08 0.91 0.85 0.76 0.68 0.63 0.62 0.67 0.72 0.70 0.67 0.68 0.66 0.62 0.59 0.56 0.56 0.57 0.54 0.50 0.58 0.68 0.71 0.74 0.76 0.78 0.79 0.82 0.88 0.90 0.89 0.89 0.86 0.81 0.78 0.77 0.77 0.77 0.78 0.79 0.79 0.78 0.76 0.73 0.73 0.76 0.76 0.70 0.66 0.66 0.66 0.67 0.66 0.66 0.66 0.65 0.65 0.65 0.64 0.64 0.63 0.62 0.61 0.60 0.59 0.57 0.56 0.54 0.52 0.50 0.47 0.43 0.39 0.35 0.31 0.32 0.35 0.45
2.19 1.93 1.56 1.46 1.46 1.35 1.09 0.96 0.92 0.81 0.70 0.64 0.64 0.66 0.72 0.73 0.70 0.71 0.70 0.65 0.60 0.56 0.54 0.53 0.48 0.45 0.52 0.63 0.69 0.70 0.71 0.74 0.75 0.77 0.88 0.95 0.97 0.98 0.94 0.84 0.75 0.71 0.73 0.77 0.79 0.81 0.81 0.80 0.77 0.70 0.66 0.67 0.70 0.69 0.67 0.65 0.66 0.65 0.65 0.65 0.65 0.64 0.64 0.64 0.64 0.64 0.63 0.62 0.62 0.60 0.59 0.58 0.56 0.54 0.53 0.50 0.48 0.44 0.40 0.35 0.30 0.30 0.34 0.44
2.36 1.98 1.57 1.44 1.36 1.32 1.17 1.05 1.02 0.92 0.74 0.66 0.66 0.65 0.71 0.74 0.73 0.77 0.76 0.71 0.63 0.57 0.57 0.53 0.40 0.38 0.50 0.62 0.69 0.70 0.69 0.71 0.71 0.69 0.75 0.86 0.95 1.03 1.07 1.01 0.86 0.72 0.68 0.74 0.80 0.83 0.84 0.84 0.81 0.73 0.65 0.61 0.63 0.66 0.66 0.64 0.64 0.63 0.63 0.63 0.63 0.63 0.63 0.63 0.63 0.63 0.63 0.62 0.62 0.61 0.59 0.58 0.57 0.55 0.53 0.51 0.48 0.45 0.41 0.35 0.28 0.24 0.25 0.34
2.44 2.02 1.55 1.40 1.27 1.27 1.28 1.20 1.13 1.04 0.83 0.70 0.67 0.65 0.71 0.76 0.76 0.82 0.84 0.80 0.69 0.62 0.63 0.54 0.36 0.35 0.49 0.61 0.68 0.72 0.71 0.71 0.71 0.68 0.66 0.69 0.76 0.88 1.03 1.09 1.02 0.87 0.73 0.71 0.77 0.85 0.89 0.88 0.84 0.79 0.70 0.63 0.60 0.63 0.65 0.65 0.64 0.62 0.60 0.59 0.59 0.60 0.61 0.62 0.63 0.63 0.63 0.62 0.62 0.61 0.60 0.58 0.57 0.55 0.53 0.51 0.49 0.46 0.41 0.36 0.27 0.19 0.15 0.19
2.29 1.97 1.54 1.35 1.23 1.18 1.25 1.29 1.23 1.18 1.03 0.79 0.69 0.68 0.70 0.74 0.81 0.88 0.92 0.88 0.74 0.67 0.66 0.56 0.42 0.41 0.50 0.61 0.67 0.71 0.73 0.73 0.73 0.72 0.69 0.66 0.65 0.70 0.84 0.99 1.02 0.94 0.82 0.73 0.74 0.81 0.90 0.93 0.88 0.82 0.77 0.69 0.64 0.63 0.66 0.69 0.70 0.67 0.61 0.54 0.52 0.56 0.59 0.61 0.62 0.62 0.62 0.62 0.61 0.61 0.60 0.59 0.57 0.56 0.54 0.52 0.49 0.47 0.43 0.37 0.30 0.20 0.13 0.14
2.07 1.85 1.54 1.36 1.21 1.09 1.11 1.22 1.27 1.32 1.24 0.92 0.73 0.71 0.71 0.73 0.82 0.94 1.02 0.97 0.79 0.67 0.64 0.60 0.52 0.49 0.55 0.63 0.67 0.71 0.73 0.74 0.74 0.73 0.74 0.73 0.67 0.63 0.72 0.89 0.98 0.93 0.85 0.76 0.71 0.75 0.83 0.92 0.93 0.85 0.77 0.72 0.67 0.64 0.65 0.71 0.76 0.76 0.71 0.56 0.46 0.51 0.57 0.60 0.61 0.62 0.62 0.62 0.61 0.61 0.60 0.59 0.57 0.56 0.54 0.52 0.50 0.48 0.44 0.40 0.33 0.25 0.18 0.17
1.90 1.73 1.57 1.51 1.37 1.15 1.05 1.13 1.27 1.42 1.40 1.11 0.87 0.82 0.81 0.82 0.87 0.97 1.12 1.10 0.78 0.60 0.64 0.67 0.60 0.57 0.60 0.64 0.68 0.71 0.73 0.74 0.74 0.72 0.74 0.76 0.73 0.67 0.66 0.77 0.94 0.98 0.89 0.79 0.72 0.71 0.76 0.85 0.92 0.89 0.79 0.70 0.65 0.60 0.61 0.69 0.78 0.83 0.84 0.70 0.52 0.50 0.55 0.59 0.61 0.61 0.62 0.61 0.61 0.60 0.60 0.59 0.58 0.56 0.55 0.53 0.51 0.48 0.46 0.42 0.37 0.30 0.24 0.22
1.67 1.58 1.56 1.65 1.68 1.52 1.36 1.39 1.55 1.76 1.69 1.32 1.06 0.95 0.89 0.88 0.91 1.02 1.23 1.28 0.95 0.62 0.63 0.68 0.63 0.60 0.63 0.66 0.69 0.71 0.72 0.74 0.74 0.72 0.71 0.74 0.74 0.71 0.67 0.67 0.81 0.97 0.99 0.87 0.75 0.70 0.71 0.79 0.87 0.88 0.80 0.69 0.61 0.55 0.51 0.59 0.74 0.81 0.86 0.83 0.66 0.55 0.55 0.59 0.60 0.61 0.61 0.61 0.61 0.60 0.59 0.59 0.58 0.56 0.55 0.54 0.52 0.50 0.47 0.44 0.40 0.35 0.29 0.25
1.37 1.35 1.38 1.52 1.67 1.68 1.63 1.64 1.75 2.00 2.13 1.87 1.61 1.53 1.46 1.40 1.29 1.29 1.40 1.45 1.27 0.80 0.70 0.69 0.64 0.62 0.65 0.68 0.70 0.71 0.73 0.74 0.73 0.70 0.69 0.70 0.72 0.72 0.70 0.65 0.67 0.85 1.03 0.99 0.84 0.73 0.70 0.75 0.84 0.88 0.84 0.70 0.56 0.50 0.45 0.45 0.58 0.69 0.76 0.79 0.72 0.60 0.57 0.59 0.60 0.60 0.61 0.61 0.60 0.60 0.59 0.58 0.58 0.57 0.55 0.54 0.52 0.51 0.48 0.46 0.43 0.39 0.35 0.30
1.13 1.15 1.19 1.27 1.39 1.40 1.37 1.30 1.26 1.55 2.00 2.09 2.00 1.93 1.89 1.83 1.72 1.62 1.62 1.61 1.39 1.13 0.94 0.79 0.68 0.65 0.66 0.69 0.71 0.73 0.75 0.76 0.74 0.67 0.64 0.67 0.70 0.71 0.70 0.67 0.62 0.69 0.94 1.08 0.99 0.86 0.78 0.76 0.83 0.89 0.91 0.78 0.54 0.49 0.48 0.44 0.51 0.59 0.65 0.69 0.68 0.61 0.58 0.59 0.59 0.59 0.60 0.60 0.60 0.59 0.59 0.58 0.57 0.57 0.56 0.54 0.53 0.51 0.50 0.48 0.45 0.43 0.40 0.37
0.90 0.99 1.10 1.15 1.24 1.20 1.06 0.87 0.72 0.89 1.28 1.52 1.47 1.26 1.22 1.35 1.57 1.67 1.81 1.64 1.36 1.29 1.07 0.84 0.68 0.64 0.65 0.68 0.71 0.75 0.80 0.82 0.79 0.69 0.62 0.64 0.68 0.69 0.69 0.66 0.59 0.58 0.75 1.01 1.09 1.05 0.97 0.90 0.89 0.91 0.96 0.89 0.65 0.55 0.54 0.51 0.51 0.55 0.58 0.62 0.64 0.59 0.57 0.58 0.58 0.58 0.59 0.59 0.59 0.59 0.58 0.58 0.57 0.56 0.56 0.55 0.53 0.52 0.51 0.49 0.47 0.45 0.44 0.42
0.64 0.82 1.02 1.10 1.23 1.22 1.07 0.81 0.57 0.53 0.74 0.96 0.97 0.93 0.94 1.17 1.36 1.69 1.91 1.48 1.26 1.30 1.13 0.86 0.64 0.58 0.60 0.65 0.68 0.72 0.82 0.87 0.85 0.75 0.64 0.62 0.65 0.67 0.66 0.64 0.58 0.51 0.57 0.77 0.96 1.05 1.07 1.04 1.01 0.99 0.99 0.96 0.80 0.64 0.61 0.58 0.54 0.54 0.54 0.56 0.59 0.57 0.56 0.56 0.57 0.57 0.57 0.58 0.58 0.58 0.58 0.57 0.57 0.56 0.56 0.55 0.54 0.53 0.51 0.50 0.49 0.47 0.46 0.45
0.51 0.67 0.91 1.02 1.16 1.25 1.18 0.98 0.73 0.58 0.62 0.65 0.66 0.82 0.94 1.16 1.37 1.69 1.91 1.59 1.34 1.31 1.27 0.95 0.61 0.52 0.55 0.62 0.65 0.68 0.75 0.82 0.85 0.79 0.68 0.63 0.63 0.64 0.62 0.61 0.58 0.50 0.48 0.60 0.74 0.84 0.93 0.99 0.99 0.98 0.97 0.96 0.88 0.73 0.68 0.66 0.60 0.55 0.53 0.53 0.53 0.53 0.53 0.54 0.54 0.55 0.56 0.56 0.57 0.57 0.57 0.56 0.56 0.56 0.55 0.55 0.54 0.53 0.52 0.51 0.50 0.49 0.48 0.47
0.40 0.48 0.76 0.83 0.96 1.11 1.13 1.07 0.94 0.77 0.67 0.58 0.55 0.68 0.93 1.17 1.41 1.58 1.47 1.50 1.48 1.42 1.41 1.06 0.65 0.55 0.58 0.61 0.64 0.69 0.73 0.76 0.80 0.79 0.72 0.66 0.65 0.62 0.58 0.56 0.55 0.50 0.45 0.52 0.64 0.70 0.77 0.88 0.94 0.94 0.91 0.92 0.89 0.80 0.72 0.70 0.68 0.61 0.56 0.54 0.52 0.51 0.50 0.50 0.50 0.51 0.53 0.54 0.55 0.56 0.56 0.56 0.56 0.55 0.55 0.54 0.54 0.53 0.52 0.51 0.51 0.50 0.49 0.48
0.29 0.35 0.63 0.70 0.78 0.85 0.86 0.94 0.95 0.85 0.77 0.68 0.59 0.66 0.91 1.23 1.41 1.32 1.16 1.21 1.40 1.49 1.46 1.23 0.86 0.71 0.67 0.65 0.66 0.71 0.74 0.75 0.75 0.74 0.71 0.68 0.68 0.65 0.58 0.51 0.50 0.48 0.44 0.47 0.60 0.70 0.76 0.84 0.91 0.93 0.91 0.89 0.88 0.86 0.78 0.74 0.73 0.69 0.61 0.56 0.55 0.54 0.53 0.50 0.47 0.47 0.48 0.51 0.53 0.54 0.55 0.55 0.55 0.55 0.54 0.54 0.53 0.53 0.52 0.51 0.51 0.50 0.50 0.49
0.34 0.42 0.63 0.71 0.75 0.77 0.78 0.83 0.87 0.83 0.81 0.75 0.66 0.71 0.88 1.15 1.35 1.20 0.99 1.02 1.21 1.37 1.40 1.18 0.93 0.81 0.75 0.70 0.69 0.72 0.76 0.76 0.74 0.71 0.67 0.65 0.66 0.67 0.62 0.51 0.44 0.44 0.41 0.41 0.53 0.67 0.76 0.81 0.87 0.91 0.92 0.89 0.86 0.88 0.86 0.81 0.77 0.76 0.68 0.59 0.57 0.59 0.60 0.57 0.51 0.46 0.45 0.46 0.49 0.52 0.53 0.53 0.54 0.54 0.53 0.53 0.53 0.52 0.52 0.51 0.51 0.50 0.50 0.50
0.48 0.53 0.68 0.75 0.75 0.76 0.79 0.81 0.81 0.80 0.81 0.77 0.71 0.76 0.90 1.09 1.29 1.19 0.94 1.04 1.21 1.28 1.25 1.12 0.96 0.85 0.80 0.75 0.71 0.74 0.79 0.80 0.76 0.71 0.65 0.60 0.60 0.63 0.64 0.54 0.42 0.39 0.38 0.36 0.43 0.59 0.72 0.77 0.81 0.86 0.90 0.91 0.87 0.86 0.87 0.84 0.81 0.82 0.77 0.66 0.58 0.58 0.62 0.64 0.59 0.51 0.46 0.44 0.45 0.49 0.51 0.51 0.51 0.52 0.52 0.52 0.52 0.51 0.51 0.51 0.50 0.50 0.50 0.50
0.61 0.63 0.72 0.77 0.77 0.78 0.80 0.80 0.79 0.79 0.79 0.76 0.70 0.72 0.90 1.11 1.26 1.23 1.09 1.18 1.32 1.20 1.15 1.13 1.02 0.92 0.85 0.78 0.73 0.75 0.81 0.84 0.81 0.76 0.67 0.59 0.55 0.57 0.60 0.54 0.42 0.36 0.35 0.32 0.35 0.49 0.67 0.76 0.79 0.83 0.87 0.89 0.88 0.87 0.87 0.84 0.82 0.83 0.84 0.77 0.66 0.61 0.62 0.66 0.65 0.58 0.51 0.47 0.45 0.47 0.49 0.49 0.48 0.49 0.50 0.51 0.51 0.50 0.50 0.50 0.49 0.49 0.49 0.49
0.74 0.74 0.76 0.79 0.80 0.80 0.81 0.80 0.79 0.78 0.76 0.74 0.65 0.61 0.70 0.91 1.14 1.15 1.09 1.27 1.40 1.25 1.17 1.15 1.06 1.00 0.95 0.85 0.76 0.78 0.83 0.85 0.86 0.81 0.72 0.62 0.55 0.53 0.54 0.52 0.42 0.33 0.31 0.29 0.28 0.36 0.54 0.68 0.76 0.81 0.84 0.87 0.87 0.86 0.89 0.88 0.84 0.83 0.84 0.83 0.77 0.69 0.66 0.68 0.70 0.65 0.57 0.51 0.49 0.50 0.53 0.50 0.45 0.44 0.47 0.48 0.48 0.48 0.48 0.48 0.48 0.48 0.48 0.48
0.84 0.82 0.81 0.82 0.82 0.82 0.82 0.80 0.79 0.78 0.75 0.71 0.63 0.57 0.59 0.71 0.94 1.02 1.01 1.20 1.31 1.29 1.26 1.20 1.11 1.07 1.08 0.99 0.86 0.85 0.85 0.85 0.88 0.85 0.77 0.69 0.59 0.52 0.50 0.48 0.40 0.32 0.28 0.26 0.23 0.26 0.39 0.54 0.67 0.77 0.83 0.85 0.86 0.83 0.84 0.87 0.87 0.86 0.85 0.83 0.79 0.74 0.70 0.71 0.73 0.71 0.64 0.57 0.54 0.56 0.60 0.58 0.49 0.43 0.43 0.44 0.44 0.44 0.44 0.45 0.45 0.46 0.46 0.47
0.91 0.87 0.85 0.86 0.87 0.85 0.83 0.80 0.80 0.81 0.78 0.71 0.65 0.60 0.60 0.67 0.83 0.92 0.96 1.06 1.13 1.18 1.25 1.22 1.16 1.15 1.18 1.13 1.03 0.99 0.92 0.88 0.87 0.85 0.82 0.77 0.66 0.53 0.47 0.43 0.38 0.30 0.26 0.23 0.20 0.20 0.28 0.41 0.55 0.69 0.80 0.85 0.88 0.87 0.83 0.81 0.84 0.86 0.88 0.86 0.81 0.76 0.72 0.71 0.72 0.72 0.68 0.62 0.59 0.61 0.65 0.68 0.64 0.51 0.45 0.45 0.43 0.40 0.40 0.41 0.41 0.41 0.43 0.44
0.96 0.91 0.88 0.91 0.93 0.91 0.87 0.82 0.81 0.86 0.83 0.77 0.70 0.65 0.63 0.66 0.75 0.85 0.88 0.93 1.02 1.11 1.12 1.14 1.20 1.20 1.23 1.25 1.22 1.15 1.04 0.95 0.85 0.83 0.88 0.87 0.73 0.55 0.45 0.40 0.34 0.28 0.25 0.22 0.17 0.15 0.19 0.30 0.42 0.55 0.71 0.81 0.86 0.92 0.92 0.85 0.81 0.82 0.86 0.88 0.84 0.79 0.76 0.75 0.72 0.72 0.70 0.63 0.60 0.64 0.67 0.70 0.73 0.68 0.60 0.55 0.49 0.42 0.40 0.41 0.38 0.35 0.37 0.41
0.98 0.95 0.91 0.94 0.98 0.97 0.93 0.86 0.85 0.93 0.93 0.87 0.81 0.76 0.72 0.69 0.72 0.79 0.79 0.82 0.96 1.10 1.01 0.96 1.13 1.25 1.26 1.30 1.40 1.33 1.15 1.00 0.81 0.81 0.97 0.96 0.76 0.54 0.45 0.39 0.31 0.26 0.24 0.21 0.16 0.12 0.13 0.21 0.32 0.44 0.58 0.70 0.77 0.86 0.93 0.94 0.87 0.83 0.84 0.87 0.88 0.82 0.78 0.77 0.77 0.74 0.73 0.66 0.59 0.63 0.71 0.71 0.72 0.74 0.70 0.65 0.58 0.49 0.46 0.47 0.42 0.33 0.31 0.35
0.96 0.95 0.95 0.98 1.00 1.01 1.02 0.97 0.94 0.99 1.03 0.96 0.86 0.84 0.84 0.78 0.74 0.75 0.76 0.79 0.91 1.07 0.98 0.80 0.92 1.17 1.24 1.25 1.46 1.52 1.23 1.05 0.81 0.84 1.08 1.00 0.74 0.54 0.48 0.41 0.28 0.23 0.23 0.19 0.15 0.11 0.09 0.13 0.25 0.37 0.50 0.62 0.68 0.74 0.84 0.92 0.94 0.90 0.86 0.87 0.91 0.90 0.81 0.77 0.77 0.75 0.74 0.71 0.63 0.60 0.69 0.77 0.74 0.72 0.73 0.72 0.67 0.58 0.50 0.50 0.50 0.40 0.30 0.30
0.93 0.92 0.94 0.99 1.00 1.02 1.04 1.03 0.99 0.97 1.03 1.02 0.90 0.88 0.92 0.88 0.77 0.71 0.78 0.89 0.98 1.03 0.92 0.74 0.72 0.96 1.16 1.18 1.41 1.56 1.31 1.12 0.92 0.93 1.17 1.04 0.72 0.57 0.50 0.42 0.29 0.24 0.23 0.17 0.12 0.11 0.07 0.08 0.17 0.29 0.44 0.58 0.67 0.71 0.75 0.83 0.91 0.94 0.90 0.87 0.92 0.98 0.92 0.81 0.79 0.77 0.71 0.71 0.67 0.61 0.64 0.76 0.80 0.75 0.74 0.75 0.73 0.66 0.56 0.52 0.53 0.49 0.37 0.28
0.91 0.90 0.93 0.95 0.94 0.94 0.93 0.95 0.97 0.96 1.01 1.02 0.93 0.91 0.97 0.94 0.76 0.62 0.78 1.02 1.15 1.08 0.85 0.68 0.62 0.73 0.97 1.13 1.43 1.61 1.36 1.16 1.04 1.08 1.26 1.08 0.75 0.61 0.51 0.40 0.34 0.32 0.27 0.15 0.09 0.08 0.07 0.08 0.12 0.21 0.34 0.49 0.63 0.72 0.74 0.76 0.84 0.93 0.92 0.85 0.86 0.97 1.00 0.90 0.85 0.83 0.74 0.67 0.66 0.63 0.63 0.74 0.83 0.80 0.77 0.75 0.74 0.72 0.65 0.57 0.54 0.53 0.45 0.34
0.88 0.89 0.92 0.93 0.92 0.91 0.91 0.92 0.94 0.95 0.99 1.03 0.93 0.90 0.99 0.99 0.75 0.54 0.71 1.04 1.29 1.25 0.84 0.61 0.59 0.63 0.73 0.93 1.31 1.65 1.56 1.22 1.07 1.18 1.33 1.13 0.82 0.64 0.50 0.42 0.39 0.42 0.38 0.21 0.09 0.06 0.05 0.08 0.10 0.15 0.26 0.39 0.53 0.67 0.74 0.75 0.79 0.89 0.93 0.86 0.81 0.89 0.99 0.98 0.93 0.93 0.87 0.73 0.63 0.61 0.62 0.70 0.80 0.83 0.81 0.79 0.76 0.74 0.71 0.64 0.58 0.55 0.49 0.40
0.87 0.88 0.90 0.94 0.93 0.91 0.92 0.94 0.95 0.94 0.99 1.10 1.01 0.89 0.98 1.02 0.73 0.48 0.62 0.99 1.36 1.48 1.07 0.60 0.58 0.65 0.61 0.63 0.89 1.40 1.67 1.46 1.15 1.19 1.31 1.16 0.90 0.68 0.51 0.44 0.41 0.45 0.47 0.36 0.16 0.08 0.06 0.07 0.10 0.12 0.20 0.31 0.45 0.60 0.71 0.73 0.75 0.86 0.95 0.91 0.83 0.85 0.94 0.97 0.96 0.98 0.99 0.90 0.73 0.62 0.59 0.65 0.75 0.81 0.83 0.83 0.80 0.77 0.77 0.75 0.66 0.59 0.52 0.45
0.94 0.92 0.90 0.93 0.94 0.91 0.89 0.91 0.95 0.95 0.99 1.13 1.10 0.94 1.00 1.05 0.73 0.45 0.58 0.91 1.29 1.61 1.44 0.81 0.63 0.74 0.67 0.60 0.62 0.90 1.42 1.61 1.42 1.29 1.30 1.12 0.91 0.74 0.56 0.48 0.45 0.46 0.49 0.44 0.26 0.14 0.11 0.11 0.12 0.14 0.16 0.24 0.38 0.54 0.68 0.71 0.72 0.80 0.93 0.95 0.89 0.86 0.92 0.95 0.93 0.96 1.02 1.02 0.93 0.78 0.69 0.69 0.74 0.79 0.85 0.87 0.83 0.78 0.78 0.82 0.80 0.68 0.55 0.48
