windninja/windninja_output/Output_2025-08-09_2100-2150_Google earth_Fire_150m_10min/merlingen_7.5mi_point_08-09-2025_2140_150m_ang.asc
ncols	158
nrows	163
xllcorner	391686.332397
yllcorner	5160024.123721
cellsize	150.000000
NODATA_value	-32768.000000
[rows 0 to 41 of 163, columns 0 to 93 of 158]
244 243 241 238 237 238 237 232 231 232 230 225 218 218 223 232 241 245 246 251 250 234 225 227 232 237 236 232 230 231 231 232 234 233 232 237 242 243 244 242 238 238 239 240 243 245 249 250 243 238 235 233 233 234 234 234 234 235 237 237 236 234 233 232 229 227 229 232 237 239 238 236 235 233 233 234 235 237 239 239 237 234 234 238 240 239 234 234 235 233 232 232 231 229
243 243 242 240 239 239 236 235 236 235 231 223 216 218 224 231 237 239 242 246 243 232 226 228 232 235 234 232 232 233 233 234 234 234 235 238 239 239 240 239 237 238 237 239 240 241 243 244 242 240 238 237 237 237 236 236 235 235 237 237 236 235 234 233 231 230 232 235 238 238 237 236 235 234 234 235 235 237 239 238 236 235 236 238 239 239 235 235 236 235 235 235 234 233
240 242 241 240 241 239 235 236 239 237 229 219 214 218 225 232 234 234 238 239 235 230 228 230 233 233 232 232 234 235 235 236 236 236 237 237 236 236 236 235 236 237 237 238 238 238 237 237 237 238 239 239 239 239 237 236 236 236 236 236 235 235 235 234 234 234 235 237 239 238 236 235 236 236 237 235 234 237 238 236 232 234 237 237 237 238 234 233 235 235 238 238 236 235
236 238 238 237 239 236 233 234 234 230 223 214 213 219 227 235 236 235 235 235 234 231 228 229 232 232 230 230 230 231 233 235 237 238 237 237 237 236 236 236 235 235 236 238 237 236 236 235 233 233 234 234 234 235 236 236 237 238 237 237 236 235 235 235 235 235 236 239 241 239 236 236 238 238 238 237 236 238 238 235 230 233 236 235 238 239 233 230 231 232 233 236 235 233
233 236 236 235 236 234 233 235 234 229 221 214 213 221 231 237 238 237 237 236 235 235 231 227 231 230 228 227 226 226 228 231 234 236 236 236 236 237 237 236 234 234 235 236 235 235 235 234 234 233 233 233 234 235 236 237 238 239 239 238 237 236 236 236 236 236 237 240 241 239 237 238 239 239 238 239 241 242 240 236 232 235 237 236 238 240 235 232 231 229 229 232 232 230
236 238 237 235 235 234 235 238 235 229 223 217 215 224 235 239 239 239 238 238 238 239 237 231 232 233 230 228 226 226 226 229 231 231 231 233 234 234 235 234 233 234 236 236 236 236 236 235 235 234 233 233 235 237 238 238 239 239 239 239 238 236 236 236 237 237 237 240 241 238 236 239 241 239 237 238 241 243 241 236 235 239 241 239 239 241 239 238 238 234 231 231 229 227
239 240 240 238 237 236 237 237 234 229 225 221 218 227 238 241 240 238 237 237 239 241 240 236 236 236 234 233 231 228 229 231 231 230 230 231 232 233 233 233 234 235 237 238 238 238 238 237 236 234 233 234 235 236 238 240 240 240 240 239 237 235 234 235 236 237 238 241 241 237 234 237 239 237 235 236 238 239 236 234 237 240 241 241 241 242 242 243 247 246 243 240 235 232
238 239 241 242 242 240 240 238 234 231 227 223 221 228 238 241 239 238 237 236 237 239 239 238 238 237 237 237 234 232 233 235 234 233 234 234 234 234 235 235 236 237 239 239 240 240 239 239 237 235 235 236 235 235 238 240 241 240 240 239 237 234 232 233 235 236 238 241 240 237 236 238 237 235 235 237 239 238 233 233 240 243 240 240 240 240 241 243 245 249 252 251 248 244
237 239 240 242 244 244 243 239 236 233 231 228 224 229 238 240 239 238 237 237 238 239 238 236 234 234 236 237 235 235 239 240 237 237 239 240 239 238 238 239 239 241 241 241 242 241 240 240 239 236 236 238 237 237 240 241 241 240 240 239 238 236 235 234 235 237 239 240 239 236 238 241 240 237 237 238 240 238 233 236 244 246 243 239 237 237 237 238 238 238 240 242 245 244
238 239 240 241 241 242 242 240 237 235 234 232 229 231 238 240 239 239 238 237 238 238 237 234 231 230 232 235 235 237 241 241 239 240 242 242 240 240 240 241 241 242 242 242 243 242 241 242 240 238 239 240 238 240 243 244 243 242 242 241 241 241 240 240 241 242 242 240 237 236 239 242 242 240 239 239 241 239 234 238 242 244 244 242 242 240 238 238 235 231 230 233 237 236
238 239 240 240 239 239 239 239 237 236 235 235 233 234 240 242 241 241 240 239 238 237 236 234 231 228 227 231 235 238 242 242 241 244 244 243 241 240 241 241 241 242 242 242 244 244 244 243 243 242 244 245 243 246 248 248 247 247 247 245 246 247 247 248 252 250 247 244 238 238 241 243 242 240 239 240 242 243 240 240 240 240 241 243 246 246 245 246 241 234 234 238 239 236
238 239 240 239 239 239 239 238 237 237 236 236 235 236 242 245 244 243 242 243 242 240 238 235 232 229 226 231 237 240 243 244 245 247 247 244 243 242 243 243 242 243 242 241 242 244 244 245 246 248 252 254 253 255 257 256 253 252 251 251 253 255 257 261 263 261 256 249 242 243 244 243 241 239 237 237 239 241 242 242 240 239 238 239 243 243 244 247 243 234 238 244 243 239
238 239 239 239 238 239 239 239 238 238 237 237 236 237 243 249 249 246 245 244 245 243 241 238 235 232 231 234 240 243 244 245 246 247 246 246 246 246 245 244 244 244 242 240 242 242 241 243 248 253 257 259 261 262 264 264 260 255 252 253 257 261 265 273 275 272 267 260 254 251 248 244 243 240 236 235 236 237 238 237 239 240 239 240 241 239 241 245 239 231 239 245 243 241
238 239 239 239 239 239 239 239 239 239 238 238 236 236 243 251 254 253 249 247 246 245 243 241 238 235 234 236 239 242 245 247 248 247 246 246 247 247 246 245 246 246 245 246 247 246 242 240 244 251 255 257 259 261 265 269 267 260 252 251 256 260 264 270 274 275 274 275 276 267 254 249 247 244 240 240 241 242 240 238 240 243 243 243 242 239 242 245 239 235 243 248 246 246
239 239 239 239 239 239 239 238 239 239 239 239 237 235 239 247 253 255 254 251 248 246 244 242 239 237 236 237 239 240 244 248 249 247 246 246 246 246 246 247 249 249 249 253 254 252 250 246 242 243 248 251 251 254 257 261 263 259 249 248 252 255 258 258 259 264 269 275 283 288 273 259 253 248 244 246 249 248 246 247 250 250 248 247 244 243 246 245 241 240 249 254 253 252
238 239 239 239 239 239 239 239 239 239 239 239 238 236 238 245 247 248 250 251 249 245 243 240 240 239 237 237 238 240 243 245 244 244 246 248 249 249 249 250 251 250 249 252 251 249 250 251 247 243 243 243 242 245 246 246 248 248 244 247 252 254 254 250 247 252 258 263 270 286 293 276 263 254 249 250 251 249 250 254 255 253 252 251 249 248 249 248 246 245 250 255 255 254
238 238 239 239 239 239 239 239 240 240 240 240 240 240 243 247 246 245 244 246 246 243 241 240 240 240 238 237 238 240 243 243 242 243 247 251 253 253 250 249 248 247 247 247 245 244 245 245 248 249 246 241 240 242 241 240 241 241 241 247 251 253 252 247 245 249 253 257 260 265 281 285 275 267 259 254 250 250 253 255 252 250 252 252 252 252 251 251 253 252 249 250 250 250
238 238 238 238 238 239 239 239 239 240 240 240 241 243 247 250 250 247 244 243 243 243 242 242 243 241 240 240 241 243 244 243 241 242 244 247 249 248 246 245 245 245 247 246 245 245 245 243 244 248 249 246 243 242 242 241 241 240 239 245 249 251 249 245 246 249 252 254 255 255 261 271 275 275 271 260 254 254 256 254 251 251 252 251 251 253 253 251 255 259 256 250 248 248
238 238 238 238 238 239 239 239 240 240 240 241 242 244 247 251 251 249 247 245 245 244 244 245 245 244 243 243 244 246 245 242 239 239 241 244 246 246 245 246 247 246 247 246 245 246 247 247 245 247 249 249 247 244 242 242 242 241 242 244 248 249 246 245 247 250 251 251 251 253 256 257 261 265 269 268 265 262 259 256 256 257 255 251 248 247 247 249 252 257 259 254 250 249
238 238 238 238 238 238 239 240 240 240 240 241 242 243 245 248 250 249 248 246 245 244 244 245 245 244 243 243 244 244 242 239 238 241 244 247 248 248 246 246 245 244 244 244 245 246 248 248 248 248 249 250 250 247 245 243 242 242 243 245 247 248 248 248 250 252 252 250 250 252 252 249 250 252 254 258 260 261 259 258 258 258 257 252 248 246 245 246 250 254 255 252 251 251
238 238 238 238 238 238 239 240 240 240 240 241 242 243 244 246 247 247 246 245 244 244 243 243 243 243 243 242 242 241 239 236 237 241 244 245 245 245 242 242 242 242 243 243 245 247 248 247 247 249 249 249 250 250 249 246 244 243 243 245 245 247 250 250 251 253 252 251 252 251 247 244 246 250 250 245 243 246 250 253 256 256 254 253 250 248 247 246 250 254 253 248 248 250
238 238 237 238 238 239 239 239 240 240 240 241 242 242 243 244 244 244 244 244 243 243 243 242 242 242 242 241 241 240 237 234 236 240 241 241 242 241 240 240 240 240 242 244 247 248 248 247 247 247 248 248 249 250 251 250 249 246 244 243 243 246 250 250 252 254 253 252 252 248 242 240 244 250 251 243 236 238 242 246 250 251 251 252 251 248 246 247 251 253 250 242 242 248
238 237 237 238 238 238 239 239 239 240 240 241 241 242 242 243 243 243 243 243 242 242 242 241 241 241 241 240 240 239 237 234 237 241 242 243 243 242 241 241 241 241 242 244 247 248 248 247 246 246 248 248 248 249 250 250 250 249 245 242 243 247 250 251 253 254 253 251 248 242 238 239 243 249 249 243 235 237 239 241 242 243 246 250 250 249 246 247 250 251 246 235 237 246
237 237 237 238 238 238 238 239 240 240 240 240 240 241 241 242 242 243 243 242 241 241 241 240 240 240 239 239 241 242 240 238 242 244 244 246 246 245 243 243 242 242 242 244 247 248 246 245 246 247 248 248 248 249 249 249 250 249 245 242 244 247 251 256 258 255 251 248 243 239 238 240 246 250 247 239 235 241 243 241 239 239 242 245 248 251 251 251 251 250 244 232 236 246
237 237 237 238 238 238 238 239 240 241 240 240 241 241 241 241 242 242 242 242 241 241 240 239 238 238 237 239 243 246 244 244 246 246 245 245 245 246 247 245 244 243 242 244 247 246 243 244 246 247 249 249 249 249 249 248 249 248 245 244 246 250 255 259 259 255 251 245 241 241 242 246 251 252 245 236 239 249 250 244 241 239 238 239 243 249 254 255 254 252 243 230 237 246
237 237 237 238 238 238 238 239 240 240 240 240 241 241 241 241 241 242 242 242 241 241 240 238 237 235 233 237 243 246 247 248 249 248 245 243 242 245 248 248 246 245 245 248 248 243 242 244 245 247 248 249 251 252 251 249 246 244 244 247 251 256 259 256 251 246 243 239 238 241 247 254 257 251 240 231 239 252 256 249 244 240 235 235 238 243 245 248 253 253 242 228 235 243
237 237 237 237 238 238 238 239 240 240 240 240 241 241 241 242 242 241 241 241 241 240 239 237 235 231 229 235 241 244 245 250 253 253 249 243 240 244 248 248 247 247 248 249 247 241 240 243 245 245 245 247 250 252 253 248 240 240 244 249 258 264 263 254 245 240 235 232 234 241 250 258 257 249 235 225 236 248 258 258 251 244 238 236 238 238 236 238 246 249 242 230 234 240
236 237 237 237 238 238 238 240 240 240 240 240 241 241 242 242 242 242 241 241 240 240 239 236 233 228 227 234 238 239 241 247 252 255 255 249 244 246 248 248 247 248 250 248 244 238 237 239 243 244 242 243 246 249 251 243 232 237 244 251 260 264 262 253 245 239 233 230 235 245 253 256 252 245 232 223 234 245 251 259 259 251 245 244 244 240 233 234 242 244 242 235 237 240
236 236 237 237 238 238 239 240 240 240 240 241 241 241 242 242 242 241 241 241 240 240 238 236 232 227 227 232 234 233 236 242 246 249 252 251 247 247 249 247 244 246 246 245 242 237 236 237 240 242 239 240 243 245 246 234 224 236 246 255 260 259 253 247 243 239 232 231 241 251 254 251 245 239 230 226 237 246 249 254 262 259 253 252 251 245 240 240 243 242 240 240 243 245
236 236 237 237 238 238 239 240 240 240 240 241 241 241 242 242 242 241 241 241 241 240 238 236 232 228 228 232 230 228 230 235 239 244 247 244 241 244 247 244 241 241 239 240 238 235 235 237 239 237 233 235 239 241 239 228 222 238 249 257 262 256 247 241 240 239 233 234 248 256 257 250 242 236 229 231 240 246 249 253 261 265 261 257 254 249 247 247 246 242 239 240 246 252
237 236 236 237 238 239 239 240 240 240 240 241 241 242 242 242 242 242 241 241 241 240 238 236 233 231 232 234 231 229 232 236 238 242 244 237 234 242 246 242 240 238 235 236 235 233 236 239 241 237 232 235 237 239 237 227 227 244 254 258 259 254 245 241 242 243 238 241 252 260 260 252 244 239 231 232 236 241 246 251 257 262 262 259 254 250 249 249 246 242 239 240 245 256
237 236 236 237 238 239 239 239 240 240 240 241 242 242 242 242 242 242 242 242 241 240 239 237 235 234 234 234 231 232 238 242 242 245 245 234 233 244 246 242 240 239 237 239 237 235 240 245 246 243 242 242 241 241 238 228 231 246 257 260 256 247 239 240 245 247 244 245 254 259 257 250 247 243 234 232 233 237 244 248 250 250 256 259 257 256 254 251 249 247 245 243 245 253
236 236 236 237 239 239 238 239 240 240 240 241 242 242 242 242 242 242 243 243 242 241 239 238 238 236 235 231 227 229 236 241 243 246 247 238 237 248 248 243 242 240 240 242 241 241 246 249 247 247 248 248 246 245 239 231 234 244 253 258 255 243 232 236 245 250 249 249 253 255 251 247 248 243 235 232 231 236 242 247 246 242 249 256 259 259 258 255 251 250 249 247 247 252
236 236 236 238 240 239 239 240 240 241 241 242 242 242 242 242 242 242 243 243 243 242 241 240 239 237 235 231 226 229 237 241 241 244 246 241 241 248 246 242 242 240 240 243 243 246 250 249 247 249 250 250 250 249 243 239 241 246 248 250 250 241 228 233 242 247 251 255 255 252 248 245 245 240 233 232 232 235 240 242 239 238 244 252 255 253 253 253 249 247 247 248 251 254
235 235 235 238 240 239 239 239 241 241 242 242 243 243 243 242 243 243 243 243 243 243 242 242 241 238 236 233 231 238 245 246 244 244 245 240 237 244 242 240 240 240 242 244 247 251 252 249 250 252 251 251 252 251 249 249 251 252 250 248 247 240 227 231 241 244 249 257 261 258 250 245 242 238 235 235 236 240 241 238 235 234 238 246 251 249 248 249 247 244 244 246 251 256
235 235 236 238 239 238 238 239 241 241 242 243 243 243 243 243 243 244 244 243 244 244 244 244 243 241 238 235 236 245 252 251 248 247 245 238 232 238 241 240 240 241 243 246 248 251 251 250 251 251 250 250 250 250 251 252 254 255 254 252 250 244 234 233 239 242 246 253 263 264 254 247 243 240 240 240 241 246 249 246 239 235 236 242 248 250 248 246 244 243 244 246 250 255
235 236 237 239 239 238 239 240 241 242 242 243 243 243 244 244 244 244 244 244 245 244 244 245 245 244 241 237 239 250 256 255 252 251 247 240 232 233 238 241 242 243 245 246 249 250 249 249 251 250 250 249 248 249 250 250 250 251 252 252 252 248 241 238 240 242 245 251 258 259 252 250 249 247 244 241 239 243 249 253 249 241 238 240 245 251 251 245 243 244 246 247 250 253
235 236 238 239 239 239 240 241 242 243 243 243 243 244 244 244 244 244 244 245 245 245 245 245 245 244 242 239 243 253 256 255 255 252 248 242 234 233 238 241 242 245 246 247 249 249 248 248 248 248 251 250 248 248 250 250 247 246 247 249 250 248 244 240 241 246 250 254 254 247 244 247 251 249 242 239 239 236 242 249 250 245 240 239 243 249 249 244 245 247 248 248 250 255
236 236 238 239 240 240 241 242 243 243 243 243 243 244 245 245 245 245 245 245 245 245 246 246 246 245 244 243 250 256 256 255 254 252 248 240 231 234 240 241 242 244 246 247 247 247 247 245 242 244 248 248 245 245 248 249 244 242 242 244 244 242 240 237 240 248 255 257 251 241 240 246 248 243 234 238 241 229 234 242 243 241 239 240 245 247 243 241 245 246 246 249 256 259
237 238 239 240 240 241 242 243 244 244 244 244 244 244 245 245 245 246 246 246 246 246 246 246 247 247 247 250 256 258 258 257 255 252 247 237 229 234 239 241 243 246 247 247 245 245 246 244 241 243 246 246 242 241 243 242 237 236 237 238 236 234 234 235 238 247 256 256 248 242 247 250 247 237 230 240 241 220 226 236 234 234 240 246 250 249 245 241 243 243 242 249 258 259
238 238 239 240 241 241 242 243 244 244 244 244 244 245 245 245 245 246 246 246 247 247 247 247 248 248 250 254 258 259 260 260 258 254 246 236 233 236 238 239 241 244 247 246 244 244 244 242 239 241 245 247 243 240 240 237 233 233 236 237 234 231 233 237 240 245 253 253 247 248 251 251 247 236 233 244 240 211 218 231 230 229 237 246 250 251 249 243 241 242 241 249 255 255
239 239 239 240 241 242 243 244 244 244 244 245 245 245 246 245 245 246 246 247 247 247 247 248 248 249 251 254 256 259 260 259 258 253 243 236 238 241 242 241 240 241 241 241 243 242 239 236 234 238 244 246 243 242 243 241 237 237 241 241 237 233 234 238 239 244 249 249 247 247 245 244 243 236 238 246 234 207 214 228 231 230 235 241 246 248 244 237 238 242 244 248 249 251
