windninja/windninja_output/Output_2025-08-24_2100-2150_Google earth_Fire_150m_10min/merlingen_7.5mi_point_08-24-2025_2130_150m_ang.asc
ncols	158
nrows	163
xllcorner	391686.332397
yllcorner	5160024.123721
cellsize	150.000000
NODATA_value	-32768.000000
[rows 84 to 125 of 163, columns 0 to 93 of 158]
280 286 294 287 279 276 277 278 278 282 289 291 290 287 285 285 284 283 284 284 284 283 280 278 279 278 274 270 268 266 264 261 260 259 259 259 258 256 253 250 246 244 242 241 240 240 238 238 237 234 231 229 228 228 230 230 230 229 228 227 226 225 224 223 222 221 220 219 218 216 215 214 212 211 209 206 203 199 195 188 180 182 190 196 198 196 196 198 198 200 203 205 208 209
270 270 271 270 267 265 262 262 269 278 285 287 287 284 282 282 282 282 282 283 283 283 281 279 279 279 274 269 267 266 262 259 257 254 253 254 254 255 255 253 249 245 244 244 244 244 244 244 244 241 238 234 232 230 229 230 230 229 228 227 225 224 223 222 221 220 219 218 217 216 215 213 212 211 209 206 203 200 195 188 180 178 184 192 196 196 196 199 200 201 203 206 209 211
267 265 263 264 260 256 252 257 268 279 285 285 284 283 281 279 279 278 278 279 280 280 280 281 281 278 273 269 267 265 262 259 256 252 250 248 246 246 248 251 251 248 244 242 242 242 243 244 244 243 241 238 235 232 230 230 230 229 228 226 225 224 223 222 221 220 219 218 217 216 214 213 212 210 209 206 204 200 195 188 178 173 176 185 194 197 199 201 202 203 204 207 207 205
266 264 260 259 257 253 253 260 270 276 280 280 281 281 278 276 274 272 273 275 276 276 276 282 285 280 271 267 264 262 260 259 257 255 253 247 242 240 240 242 243 244 242 241 240 240 241 242 242 242 241 239 236 235 233 232 232 230 228 226 224 223 222 221 220 219 218 217 216 215 214 213 212 210 209 207 204 201 196 189 177 166 166 175 190 199 201 203 205 208 209 206 201 196
267 265 262 261 258 255 257 262 267 268 271 276 279 278 274 271 268 268 269 271 273 272 277 283 285 276 267 263 260 258 257 256 255 256 256 253 247 243 240 239 238 237 237 237 237 237 238 239 238 237 236 236 235 234 232 232 233 232 230 227 224 222 221 220 219 218 218 217 216 215 214 213 212 210 209 207 205 202 198 191 180 165 159 166 184 198 204 207 209 211 208 202 198 197
269 268 266 263 260 258 258 258 257 259 267 275 277 274 271 266 262 263 265 269 273 277 281 280 271 261 261 259 257 255 254 253 252 252 252 253 252 249 245 242 240 237 235 235 235 235 235 235 235 234 232 230 228 227 226 227 229 232 233 229 223 220 219 219 218 218 217 217 216 215 214 213 212 211 209 208 206 203 200 194 186 172 160 160 178 203 215 216 213 212 208 202 206 213
268 266 261 258 259 260 257 254 250 254 264 271 270 268 265 261 259 259 262 270 278 282 278 262 246 245 253 255 254 253 252 251 250 248 247 248 248 248 245 242 241 240 238 236 235 235 235 234 234 233 231 227 224 222 221 223 226 228 229 224 216 216 217 218 218 217 217 216 216 215 214 213 212 211 210 209 207 205 202 198 192 183 173 170 181 205 222 224 219 218 215 210 219 226
262 258 251 249 253 255 255 251 248 252 260 262 259 257 256 255 255 255 258 269 281 280 259 241 233 237 248 251 251 251 250 249 248 247 245 245 243 243 241 239 238 237 237 237 236 236 235 235 235 233 231 229 225 221 217 219 220 219 219 216 210 211 215 217 217 217 216 216 215 215 214 213 212 211 210 209 208 206 204 201 198 192 184 182 188 197 209 219 223 225 224 226 237 243
257 252 244 243 244 244 242 238 235 242 250 252 250 250 252 254 254 252 255 262 266 250 237 232 229 235 244 248 249 249 249 248 247 245 244 243 241 239 239 237 235 234 235 236 237 236 236 237 237 237 236 232 227 222 215 213 215 215 217 217 212 210 213 216 216 216 216 216 215 214 214 213 212 211 211 210 209 207 206 204 202 199 194 190 194 201 211 224 233 236 242 250 258 260
255 250 243 241 241 239 235 226 221 231 238 236 231 230 232 239 243 245 252 253 241 219 222 226 227 235 242 245 246 247 247 247 247 245 243 241 239 237 236 234 232 231 233 234 235 236 237 237 237 238 238 235 226 220 215 213 219 222 224 222 218 213 214 216 216 216 216 215 215 214 214 213 213 212 211 210 210 209 208 207 206 204 203 202 206 217 229 243 251 252 253 256 259 259
250 246 241 242 244 242 236 226 218 229 234 229 222 220 221 230 235 239 246 241 225 215 216 223 227 236 241 243 243 244 245 247 248 245 241 238 237 235 233 231 228 225 227 229 229 230 232 232 233 231 230 227 218 217 218 219 226 230 228 225 222 217 215 216 216 216 216 215 215 214 214 213 213 212 212 211 210 210 209 209 208 208 208 209 213 222 234 246 250 249 246 245 245 246
242 240 239 242 244 241 235 229 226 238 242 237 232 232 235 243 242 246 245 234 223 223 224 230 234 238 240 241 241 240 241 242 242 240 237 236 234 233 232 230 225 221 222 224 222 222 222 222 223 221 220 219 214 214 218 220 223 225 225 224 222 218 216 217 216 216 215 215 215 215 214 213 213 212 212 212 211 211 210 210 210 210 211 212 215 220 227 233 236 236 236 236 236 236
231 235 237 239 239 235 231 230 236 249 255 250 245 244 249 254 254 256 248 227 227 233 236 242 243 242 240 239 238 235 236 237 237 236 234 233 232 231 230 228 225 220 219 220 219 217 215 214 214 215 218 220 218 216 218 221 222 223 224 224 222 219 217 217 216 216 215 215 215 215 214 213 213 213 213 212 212 212 211 211 211 212 213 214 216 219 222 225 227 229 230 230 230 231
212 228 237 237 238 235 231 230 233 243 251 251 250 249 253 257 259 259 245 228 229 237 245 251 248 240 237 237 236 237 240 239 237 236 233 232 232 231 229 226 223 218 216 219 219 217 216 217 218 221 224 224 222 218 219 221 223 224 224 224 223 220 219 218 217 216 215 215 215 214 214 214 213 213 213 213 212 212 212 212 212 213 214 215 216 218 220 221 223 224 226 226 227 227
191 223 240 241 244 241 236 234 234 238 246 252 257 261 262 264 263 256 243 235 232 237 244 245 233 225 230 234 237 240 243 241 239 236 233 231 232 231 228 224 221 217 213 216 220 222 224 226 228 228 227 225 223 221 220 221 221 221 221 221 222 222 221 220 218 216 215 214 214 214 214 214 214 214 213 213 213 213 213 213 213 214 214 215 216 217 218 220 221 222 223 223 224 225
169 218 244 247 249 249 249 247 244 243 246 250 256 264 268 266 261 253 245 237 232 233 236 232 221 220 229 234 238 240 241 240 239 236 231 228 227 227 225 221 218 214 211 211 216 219 221 224 225 224 223 222 221 219 219 219 219 220 219 218 218 219 220 220 219 217 215 214 214 215 214 214 214 214 214 214 214 213 213 214 214 214 214 215 216 217 218 219 220 220 221 222 223 223
175 209 238 244 246 247 250 252 250 247 247 247 250 258 265 263 259 256 246 235 233 236 235 230 226 228 232 235 237 240 241 242 241 238 232 227 224 223 221 216 212 210 208 206 210 214 217 219 220 220 220 218 217 217 216 216 216 218 218 215 214 214 216 217 217 216 214 214 214 215 215 215 215 215 214 214 214 214 214 214 214 214 215 215 216 217 217 218 219 220 220 221 222 222
188 207 231 238 242 244 246 248 247 246 246 245 244 246 249 250 247 244 236 233 238 240 238 234 233 234 236 237 239 241 242 244 243 242 237 231 225 222 219 213 207 205 204 202 205 212 216 217 216 216 216 216 215 215 216 215 214 215 215 214 212 212 213 214 215 213 213 213 214 215 216 217 216 215 215 215 215 215 215 215 215 215 215 215 216 216 217 218 218 219 219 220 221 221
198 210 228 235 238 241 243 243 243 243 242 242 238 233 231 232 233 230 225 229 236 237 237 237 237 238 240 242 242 243 243 242 242 241 238 232 223 218 215 211 204 201 200 198 199 204 208 210 211 212 214 214 213 213 214 213 212 212 213 212 210 210 211 213 215 213 212 212 214 218 221 220 217 216 217 217 216 216 215 215 215 215 215 215 216 216 217 217 218 218 219 219 220 221
206 211 223 229 232 235 237 239 240 240 240 239 234 229 228 229 230 228 226 233 236 235 237 239 238 239 242 245 243 242 241 239 238 237 233 226 217 212 211 208 202 197 196 194 192 195 202 206 208 210 212 212 211 210 210 210 210 211 211 211 209 208 208 211 213 213 212 212 213 217 221 222 220 219 220 219 218 217 217 216 216 216 215 215 216 216 217 217 218 218 219 219 220 221
209 212 219 225 230 233 236 237 239 241 241 240 237 237 240 242 241 238 240 245 241 235 235 236 236 236 238 240 239 240 239 236 234 232 227 221 212 204 203 201 196 192 190 189 187 189 196 202 206 208 210 210 210 209 209 209 209 209 210 210 210 209 208 209 211 213 212 210 210 212 217 221 224 227 228 227 224 221 219 218 217 216 216 216 216 216 217 217 218 218 218 219 220 221
212 213 217 223 228 232 234 235 237 240 242 244 245 245 247 250 251 250 249 247 242 237 234 234 232 231 233 234 234 235 235 233 229 225 221 214 202 192 187 187 187 185 184 182 181 183 188 195 199 203 205 206 207 208 208 208 208 208 209 210 210 210 209 210 212 212 211 209 208 211 214 218 221 224 226 228 227 225 225 224 220 217 216 216 216 216 217 217 217 218 219 219 220 221
214 213 214 218 223 227 230 231 233 236 236 235 235 235 238 243 246 247 244 240 238 237 234 228 226 226 227 229 230 230 228 224 219 216 212 202 189 182 179 178 179 180 178 177 177 177 181 187 192 196 200 202 204 205 206 206 206 207 209 210 210 209 209 209 210 211 211 209 207 210 213 215 216 216 215 218 220 221 224 226 222 216 215 215 216 216 217 217 218 218 219 219 220 220
213 211 211 216 220 223 225 223 221 220 217 216 219 223 229 233 237 239 237 234 232 233 229 221 219 221 222 221 223 224 219 216 210 204 197 187 180 178 175 171 172 174 173 173 173 172 174 180 186 191 196 200 202 203 205 206 206 206 207 209 210 209 208 208 208 209 210 209 206 208 212 214 214 215 215 216 217 215 213 216 219 216 214 215 215 216 217 218 218 219 219 220 220 220
211 209 209 212 213 212 209 206 205 208 212 215 219 222 225 226 227 228 229 228 227 227 223 215 211 215 215 211 213 217 213 209 202 191 183 179 178 176 170 167 168 169 168 169 171 170 169 173 180 187 192 197 199 201 203 204 205 205 205 205 207 209 207 207 209 209 209 209 206 205 209 213 214 214 215 215 215 214 212 215 218 217 214 214 215 216 217 218 219 220 220 220 220 221
211 208 205 203 201 200 201 202 205 210 217 220 219 220 221 221 218 216 218 220 222 223 220 211 204 205 208 205 206 210 205 200 194 182 177 177 176 170 165 168 171 165 161 164 168 168 167 169 175 181 187 192 196 198 200 202 204 204 203 202 204 207 207 207 209 211 209 209 207 204 207 212 213 212 212 213 214 216 215 216 219 219 216 213 214 216 218 220 220 221 221 221 222 222
209 204 199 197 198 200 204 210 213 215 217 219 217 216 216 214 209 205 208 214 219 221 215 207 198 195 198 198 199 201 198 193 189 180 172 171 167 163 165 172 174 164 159 160 162 163 165 167 170 175 181 187 193 196 198 198 201 203 203 201 202 205 208 208 209 211 210 208 207 205 204 207 210 210 212 214 216 217 217 217 218 220 220 216 215 218 221 222 223 223 224 224 225 225
204 200 197 198 201 205 209 211 212 212 215 218 215 209 207 206 200 196 200 207 214 218 209 198 193 188 183 182 186 193 195 188 182 175 166 164 163 163 169 173 171 168 166 160 156 159 163 165 166 170 175 182 189 194 196 196 197 201 203 202 200 204 207 207 207 208 209 208 206 203 201 204 209 211 213 215 216 217 219 219 219 221 221 218 216 217 223 226 228 229 230 230 229 229
204 201 198 200 203 203 203 204 206 207 208 210 206 198 197 198 195 190 192 197 203 209 207 194 188 182 171 166 169 182 189 186 176 165 159 163 167 169 174 173 172 172 168 162 158 159 161 161 160 163 169 177 185 190 193 194 195 198 201 201 199 201 205 205 204 205 207 208 206 203 202 204 208 211 213 214 215 214 216 218 219 220 220 219 217 217 223 229 233 237 238 234 230 229
207 203 199 200 201 200 198 198 200 201 199 199 196 191 191 191 188 183 181 185 192 201 207 200 185 176 169 163 159 165 177 181 172 157 154 162 171 175 175 174 174 170 162 159 161 162 161 159 158 158 163 171 180 186 190 192 192 195 198 200 199 199 202 203 202 203 205 206 205 202 200 202 205 207 211 213 214 213 213 215 218 220 220 221 221 219 222 228 230 232 232 228 225 227
207 204 200 198 197 196 195 193 195 195 190 187 188 188 188 184 178 174 172 176 182 192 201 200 184 175 173 169 162 158 163 170 165 154 151 158 167 172 174 174 172 163 157 159 163 162 161 162 161 159 159 165 172 181 187 190 190 191 195 198 198 197 199 201 200 200 202 203 203 202 201 202 204 205 208 211 213 213 212 213 218 219 217 218 219 217 219 222 221 220 221 220 221 225
205 202 197 194 192 191 192 193 192 187 179 176 181 186 185 176 170 171 170 170 174 181 189 189 183 176 175 174 168 163 163 165 161 154 151 154 159 165 170 171 165 158 159 163 165 164 164 166 165 162 160 161 166 175 183 188 189 189 192 195 196 196 196 198 198 197 199 201 202 203 202 203 207 208 207 209 212 213 212 212 216 219 216 214 216 214 213 215 214 215 219 219 219 222
202 199 194 192 189 188 190 191 189 179 169 169 177 181 178 168 167 173 172 169 170 172 174 178 181 180 178 174 165 164 165 162 161 155 149 152 157 164 166 162 158 157 163 167 167 167 167 166 164 163 161 162 165 171 180 186 188 187 188 191 194 194 195 196 196 196 197 199 201 201 202 203 205 208 208 208 210 213 214 213 217 220 217 214 216 212 209 210 212 216 219 219 218 216
201 198 193 191 188 186 185 184 180 174 168 167 173 174 169 164 166 170 167 163 163 163 163 166 173 177 181 177 167 165 163 157 158 156 155 155 158 163 163 158 159 161 166 168 168 169 166 163 162 164 164 165 166 170 176 183 186 186 186 188 190 191 192 193 194 194 195 196 198 199 199 200 202 206 208 208 208 212 214 214 216 219 216 214 214 211 206 207 211 216 218 217 214 212
203 199 192 189 186 182 180 175 170 169 168 168 170 167 162 160 160 160 158 155 153 152 153 154 158 166 171 169 170 173 168 160 157 154 159 167 168 168 163 161 164 168 169 168 168 168 166 164 164 166 168 169 169 170 174 180 183 185 185 186 186 186 187 189 191 192 192 194 197 197 197 197 198 202 206 208 207 209 211 211 213 216 216 212 211 209 205 206 211 215 215 214 212 213
206 199 191 187 181 178 174 168 162 162 164 165 166 162 158 155 153 154 153 149 145 143 144 145 146 148 152 155 162 168 164 161 156 152 160 173 178 175 171 172 174 173 172 169 167 168 168 165 165 168 170 171 171 171 173 177 181 183 183 183 183 182 182 185 188 190 190 193 196 196 195 195 195 197 202 207 208 208 209 211 215 218 216 211 208 207 205 206 210 213 213 211 211 215
206 199 190 185 180 175 169 161 156 157 158 157 162 162 158 152 147 149 151 148 143 138 136 135 135 137 139 142 147 150 152 153 151 150 156 167 177 177 177 183 184 181 177 174 174 174 172 169 169 170 171 173 172 172 174 176 178 179 181 181 180 180 181 184 189 193 191 190 193 195 194 193 192 193 197 203 207 209 210 213 217 218 216 211 207 205 203 205 209 212 212 211 210 213
207 198 184 180 181 179 171 163 155 155 154 148 154 161 159 152 143 144 150 150 143 134 128 127 126 128 132 136 137 137 138 141 143 147 152 159 168 173 177 183 188 187 182 180 180 180 178 177 177 175 175 174 174 175 175 176 176 177 178 178 179 182 187 195 203 205 196 182 182 189 192 192 191 190 192 197 202 207 210 212 214 215 213 208 205 203 202 205 209 211 211 209 207 208
201 190 176 174 176 177 174 170 163 158 151 141 148 158 155 148 139 137 145 146 140 130 124 121 117 119 123 128 130 130 134 138 139 145 148 151 161 166 169 174 181 187 187 183 180 178 179 181 181 180 178 175 175 177 176 174 174 175 176 178 183 191 199 202 199 196 191 179 168 174 186 190 190 188 187 190 195 201 205 208 211 212 209 203 202 202 201 203 207 209 209 206 204 206
195 182 169 168 168 169 169 169 167 166 153 139 145 158 152 141 133 129 134 134 130 127 122 115 111 113 115 118 123 128 136 138 136 142 144 146 156 163 164 168 174 181 186 185 178 173 173 176 179 180 177 175 176 178 177 174 173 174 176 182 192 198 195 191 187 186 188 187 176 166 173 181 184 186 185 184 187 193 198 202 205 207 205 201 202 203 202 203 207 208 207 203 202 204
191 178 167 166 165 163 162 163 163 165 156 143 147 157 148 136 127 122 123 123 121 121 121 118 114 110 109 117 127 133 142 140 136 140 142 142 150 158 160 165 170 175 182 183 179 173 171 172 176 178 177 177 179 179 179 178 177 179 180 185 190 187 184 182 181 181 185 189 189 179 169 168 173 177 180 180 179 183 188 192 197 203 206 204 204 205 203 205 209 209 206 199 197 200
184 174 167 167 165 162 161 161 159 160 156 148 149 151 139 129 123 120 119 120 120 120 120 117 115 116 121 132 137 144 152 144 135 138 140 137 143 152 156 161 166 171 177 178 177 173 170 171 174 175 177 180 182 182 181 181 181 182 182 182 179 177 178 179 179 180 183 187 192 192 184 173 166 164 166 170 171 173 178 184 190 200 207 207 206 205 204 205 208 207 201 194 192 197
