windninja/windninja_output/Output_2025-08-24_2100-2150_Google earth_Fire_150m_10min/merlingen_7.5mi_point_08-24-2025_2120_150m_vel.asc
ncols	158
nrows	163
xllcorner	391686.332397
yllcorner	5160024.123721
cellsize	150.000000
NODATA_value	-32768.000000
[rows 0 to 37 of 163, columns 0 to 83 of 158]
0.51 0.52 0.53 0.53 0.54 0.55 0.52 0.50 0.52 0.53 0.50 0.46 0.46 0.52 0.58 0.57 0.55 0.51 0.52 0.56 0.50 0.42 0.45 0.50 0.52 0.51 0.46 0.46 0.49 0.49 0.49 0.49 0.50 0.48 0.49 0.51 0.48 0.47 0.47 0.45 0.46 0.49 0.49 0.48 0.48 0.47 0.47 0.44 0.43 0.46 0.49 0.51 0.53 0.54 0.53 0.54 0.54 0.54 0.54 0.53 0.53 0.56 0.57 0.58 0.60 0.63 0.65 0.64 0.61 0.58 0.58 0.60 0.61 0.63 0.65 0.65 0.65 0.63 0.60 0.60 0.62 0.64 0.65 0.64
0.50 0.53 0.55 0.54 0.55 0.55 0.51 0.50 0.53 0.53 0.49 0.43 0.40 0.47 0.56 0.60 0.58 0.54 0.56 0.58 0.50 0.40 0.42 0.49 0.54 0.52 0.47 0.45 0.48 0.49 0.48 0.49 0.49 0.48 0.48 0.52 0.50 0.48 0.48 0.46 0.46 0.48 0.49 0.50 0.50 0.49 0.49 0.47 0.43 0.44 0.46 0.48 0.50 0.51 0.51 0.52 0.53 0.54 0.55 0.54 0.52 0.54 0.56 0.57 0.58 0.60 0.63 0.64 0.63 0.60 0.58 0.60 0.61 0.62 0.64 0.65 0.66 0.66 0.64 0.62 0.63 0.64 0.65 0.66
0.49 0.55 0.57 0.54 0.57 0.54 0.49 0.51 0.55 0.54 0.48 0.37 0.32 0.40 0.54 0.64 0.64 0.60 0.60 0.59 0.49 0.39 0.37 0.44 0.53 0.54 0.48 0.46 0.46 0.48 0.48 0.49 0.49 0.49 0.49 0.51 0.51 0.50 0.49 0.47 0.46 0.47 0.48 0.51 0.51 0.50 0.51 0.51 0.47 0.43 0.44 0.46 0.48 0.49 0.50 0.51 0.52 0.53 0.56 0.56 0.54 0.53 0.55 0.56 0.55 0.56 0.59 0.63 0.65 0.62 0.59 0.59 0.60 0.61 0.63 0.64 0.67 0.71 0.69 0.65 0.65 0.68 0.67 0.67
0.50 0.57 0.58 0.55 0.57 0.52 0.49 0.55 0.58 0.55 0.46 0.32 0.30 0.38 0.51 0.67 0.68 0.64 0.62 0.57 0.50 0.42 0.36 0.38 0.48 0.52 0.50 0.48 0.46 0.47 0.49 0.50 0.49 0.50 0.49 0.49 0.50 0.50 0.50 0.48 0.47 0.47 0.49 0.51 0.51 0.50 0.50 0.51 0.51 0.49 0.47 0.47 0.49 0.51 0.51 0.51 0.51 0.52 0.53 0.56 0.56 0.54 0.54 0.55 0.55 0.55 0.58 0.62 0.65 0.62 0.60 0.60 0.60 0.59 0.60 0.61 0.63 0.69 0.71 0.67 0.65 0.71 0.73 0.70
0.52 0.57 0.58 0.56 0.58 0.54 0.54 0.60 0.60 0.53 0.40 0.30 0.29 0.39 0.55 0.68 0.69 0.65 0.60 0.57 0.53 0.47 0.39 0.35 0.43 0.48 0.49 0.48 0.46 0.47 0.49 0.52 0.53 0.52 0.49 0.49 0.49 0.50 0.50 0.48 0.46 0.47 0.49 0.50 0.51 0.50 0.50 0.50 0.50 0.51 0.49 0.48 0.49 0.51 0.52 0.52 0.51 0.51 0.52 0.53 0.54 0.53 0.53 0.54 0.55 0.55 0.57 0.61 0.64 0.62 0.60 0.59 0.59 0.59 0.59 0.59 0.57 0.61 0.68 0.68 0.63 0.65 0.73 0.73
0.55 0.57 0.58 0.58 0.59 0.58 0.59 0.62 0.57 0.46 0.37 0.31 0.30 0.40 0.58 0.66 0.68 0.65 0.59 0.57 0.56 0.53 0.43 0.36 0.39 0.44 0.45 0.46 0.46 0.46 0.48 0.52 0.55 0.54 0.51 0.49 0.50 0.50 0.51 0.49 0.47 0.47 0.49 0.49 0.50 0.50 0.50 0.49 0.49 0.49 0.50 0.50 0.49 0.50 0.52 0.52 0.52 0.52 0.51 0.52 0.53 0.53 0.54 0.55 0.55 0.55 0.56 0.61 0.64 0.63 0.63 0.62 0.59 0.59 0.61 0.63 0.62 0.60 0.62 0.66 0.64 0.61 0.65 0.70
0.58 0.59 0.59 0.59 0.62 0.62 0.62 0.60 0.52 0.43 0.38 0.34 0.33 0.42 0.59 0.64 0.65 0.64 0.60 0.58 0.59 0.58 0.49 0.38 0.37 0.40 0.42 0.44 0.44 0.45 0.47 0.52 0.54 0.53 0.53 0.52 0.51 0.51 0.51 0.50 0.48 0.48 0.48 0.48 0.48 0.49 0.49 0.48 0.48 0.48 0.49 0.51 0.51 0.51 0.52 0.53 0.52 0.51 0.51 0.51 0.53 0.54 0.56 0.57 0.57 0.56 0.57 0.60 0.64 0.63 0.66 0.69 0.66 0.62 0.62 0.67 0.70 0.68 0.64 0.66 0.68 0.66 0.65 0.67
0.60 0.61 0.60 0.61 0.63 0.63 0.62 0.57 0.49 0.44 0.40 0.37 0.36 0.43 0.58 0.63 0.61 0.62 0.61 0.59 0.61 0.62 0.53 0.41 0.36 0.36 0.40 0.42 0.42 0.42 0.47 0.51 0.52 0.51 0.53 0.54 0.52 0.51 0.51 0.50 0.49 0.49 0.49 0.48 0.48 0.48 0.48 0.47 0.47 0.46 0.47 0.49 0.51 0.53 0.55 0.54 0.53 0.52 0.51 0.51 0.51 0.53 0.57 0.60 0.61 0.60 0.58 0.60 0.63 0.62 0.63 0.68 0.71 0.68 0.64 0.65 0.69 0.71 0.68 0.67 0.69 0.67 0.66 0.70
0.62 0.63 0.63 0.62 0.62 0.62 0.60 0.55 0.49 0.47 0.44 0.41 0.39 0.43 0.56 0.62 0.59 0.59 0.60 0.60 0.63 0.63 0.57 0.47 0.39 0.35 0.38 0.41 0.39 0.41 0.47 0.49 0.48 0.50 0.54 0.54 0.51 0.50 0.50 0.50 0.49 0.49 0.49 0.48 0.49 0.47 0.46 0.47 0.45 0.44 0.46 0.48 0.48 0.51 0.56 0.55 0.53 0.53 0.52 0.50 0.49 0.48 0.50 0.56 0.61 0.62 0.61 0.61 0.63 0.63 0.61 0.62 0.65 0.66 0.63 0.62 0.65 0.68 0.68 0.67 0.69 0.66 0.63 0.69
0.63 0.64 0.65 0.64 0.62 0.61 0.58 0.55 0.52 0.50 0.47 0.44 0.41 0.43 0.53 0.60 0.59 0.59 0.59 0.61 0.64 0.63 0.59 0.51 0.42 0.36 0.35 0.38 0.38 0.40 0.48 0.48 0.45 0.49 0.54 0.54 0.51 0.49 0.50 0.50 0.50 0.50 0.49 0.48 0.49 0.47 0.45 0.46 0.44 0.41 0.44 0.48 0.46 0.48 0.54 0.55 0.52 0.51 0.51 0.49 0.47 0.44 0.42 0.45 0.52 0.58 0.60 0.60 0.61 0.64 0.64 0.61 0.60 0.61 0.62 0.62 0.63 0.64 0.66 0.72 0.76 0.73 0.65 0.62
0.64 0.65 0.66 0.65 0.62 0.60 0.59 0.57 0.54 0.52 0.49 0.46 0.43 0.43 0.50 0.59 0.60 0.60 0.59 0.61 0.63 0.62 0.60 0.54 0.46 0.39 0.33 0.35 0.38 0.40 0.47 0.47 0.44 0.48 0.53 0.53 0.51 0.49 0.49 0.51 0.51 0.51 0.50 0.49 0.49 0.48 0.44 0.45 0.44 0.40 0.41 0.44 0.44 0.46 0.50 0.53 0.51 0.47 0.47 0.46 0.45 0.42 0.37 0.37 0.43 0.48 0.52 0.54 0.54 0.60 0.64 0.64 0.61 0.61 0.62 0.63 0.63 0.61 0.60 0.69 0.80 0.83 0.77 0.65
0.66 0.66 0.67 0.65 0.62 0.61 0.60 0.58 0.56 0.53 0.51 0.48 0.45 0.43 0.48 0.58 0.61 0.61 0.61 0.61 0.62 0.62 0.60 0.55 0.48 0.41 0.33 0.34 0.38 0.41 0.44 0.46 0.45 0.48 0.51 0.51 0.50 0.49 0.50 0.50 0.51 0.52 0.51 0.49 0.51 0.50 0.45 0.44 0.44 0.41 0.40 0.40 0.40 0.43 0.46 0.49 0.49 0.45 0.43 0.43 0.43 0.41 0.34 0.32 0.35 0.38 0.42 0.44 0.46 0.53 0.61 0.65 0.64 0.62 0.65 0.70 0.73 0.72 0.65 0.66 0.75 0.85 0.88 0.83
0.68 0.68 0.67 0.65 0.63 0.62 0.61 0.59 0.56 0.54 0.52 0.50 0.46 0.43 0.48 0.58 0.62 0.62 0.62 0.61 0.61 0.60 0.59 0.55 0.48 0.40 0.34 0.35 0.39 0.41 0.43 0.46 0.47 0.47 0.48 0.50 0.50 0.49 0.50 0.49 0.50 0.52 0.50 0.49 0.52 0.53 0.49 0.47 0.47 0.45 0.42 0.39 0.39 0.43 0.46 0.46 0.45 0.44 0.43 0.43 0.45 0.42 0.36 0.33 0.32 0.32 0.32 0.33 0.35 0.44 0.53 0.61 0.64 0.62 0.65 0.74 0.81 0.84 0.80 0.76 0.76 0.81 0.87 0.90
0.69 0.69 0.68 0.66 0.64 0.64 0.62 0.59 0.57 0.55 0.53 0.51 0.47 0.43 0.49 0.60 0.65 0.62 0.61 0.62 0.60 0.57 0.56 0.53 0.47 0.41 0.37 0.38 0.40 0.41 0.44 0.46 0.48 0.47 0.46 0.49 0.51 0.50 0.49 0.48 0.49 0.51 0.49 0.49 0.51 0.51 0.49 0.50 0.53 0.52 0.46 0.42 0.41 0.45 0.50 0.46 0.41 0.39 0.40 0.46 0.50 0.46 0.42 0.38 0.33 0.31 0.28 0.26 0.22 0.27 0.41 0.52 0.59 0.59 0.59 0.61 0.66 0.73 0.76 0.75 0.73 0.74 0.78 0.82
0.71 0.70 0.69 0.67 0.66 0.64 0.62 0.60 0.58 0.56 0.54 0.52 0.48 0.45 0.49 0.61 0.67 0.63 0.59 0.60 0.58 0.54 0.52 0.50 0.47 0.43 0.40 0.40 0.41 0.41 0.45 0.48 0.47 0.46 0.45 0.49 0.51 0.51 0.50 0.47 0.49 0.49 0.50 0.50 0.49 0.49 0.46 0.45 0.53 0.59 0.55 0.47 0.44 0.49 0.54 0.50 0.42 0.35 0.37 0.47 0.55 0.53 0.49 0.46 0.42 0.37 0.33 0.29 0.21 0.14 0.22 0.39 0.50 0.53 0.52 0.51 0.54 0.58 0.61 0.60 0.60 0.62 0.64 0.68
0.72 0.71 0.70 0.68 0.66 0.64 0.62 0.61 0.59 0.57 0.56 0.54 0.50 0.47 0.50 0.63 0.68 0.63 0.58 0.57 0.56 0.52 0.49 0.48 0.48 0.46 0.42 0.41 0.42 0.42 0.46 0.50 0.47 0.46 0.46 0.47 0.49 0.52 0.50 0.49 0.50 0.48 0.51 0.54 0.49 0.49 0.49 0.42 0.43 0.55 0.61 0.55 0.51 0.55 0.59 0.60 0.53 0.40 0.37 0.47 0.56 0.57 0.53 0.49 0.51 0.51 0.44 0.39 0.32 0.16 0.10 0.22 0.35 0.42 0.45 0.47 0.50 0.53 0.55 0.56 0.54 0.52 0.53 0.55
0.73 0.72 0.71 0.69 0.66 0.65 0.63 0.62 0.60 0.59 0.57 0.55 0.53 0.50 0.52 0.63 0.67 0.62 0.57 0.54 0.53 0.50 0.47 0.47 0.49 0.48 0.43 0.40 0.43 0.44 0.48 0.49 0.46 0.46 0.47 0.47 0.49 0.50 0.50 0.50 0.51 0.49 0.52 0.55 0.52 0.49 0.52 0.49 0.43 0.47 0.56 0.57 0.55 0.56 0.58 0.63 0.63 0.51 0.42 0.49 0.57 0.58 0.54 0.49 0.52 0.57 0.54 0.48 0.44 0.33 0.18 0.14 0.20 0.27 0.36 0.42 0.48 0.53 0.56 0.58 0.56 0.51 0.49 0.49
0.74 0.73 0.72 0.69 0.67 0.66 0.64 0.63 0.61 0.60 0.58 0.56 0.54 0.53 0.54 0.61 0.64 0.61 0.56 0.53 0.50 0.48 0.46 0.47 0.49 0.48 0.44 0.42 0.43 0.46 0.48 0.47 0.45 0.46 0.49 0.51 0.50 0.50 0.49 0.51 0.51 0.51 0.52 0.53 0.53 0.51 0.51 0.51 0.50 0.49 0.50 0.51 0.53 0.55 0.56 0.59 0.63 0.60 0.51 0.52 0.59 0.60 0.55 0.50 0.51 0.57 0.60 0.54 0.49 0.44 0.35 0.24 0.22 0.22 0.24 0.33 0.42 0.50 0.54 0.53 0.51 0.48 0.46 0.47
0.75 0.74 0.72 0.70 0.68 0.67 0.65 0.64 0.62 0.61 0.59 0.57 0.56 0.55 0.55 0.58 0.61 0.59 0.55 0.51 0.49 0.47 0.46 0.47 0.48 0.47 0.46 0.44 0.44 0.45 0.46 0.44 0.44 0.46 0.51 0.54 0.53 0.50 0.49 0.51 0.51 0.51 0.53 0.52 0.52 0.53 0.51 0.48 0.51 0.54 0.51 0.48 0.49 0.52 0.54 0.57 0.60 0.61 0.56 0.54 0.60 0.62 0.57 0.53 0.52 0.56 0.60 0.59 0.53 0.49 0.44 0.39 0.35 0.31 0.24 0.24 0.29 0.36 0.44 0.46 0.44 0.43 0.41 0.44
0.76 0.75 0.73 0.71 0.69 0.67 0.66 0.65 0.63 0.60 0.59 0.58 0.57 0.56 0.55 0.56 0.58 0.57 0.53 0.51 0.49 0.48 0.47 0.47 0.47 0.47 0.47 0.45 0.44 0.44 0.43 0.42 0.43 0.46 0.51 0.55 0.55 0.52 0.49 0.51 0.51 0.51 0.53 0.53 0.53 0.55 0.54 0.49 0.48 0.54 0.54 0.50 0.46 0.47 0.51 0.54 0.58 0.60 0.59 0.56 0.59 0.62 0.57 0.52 0.52 0.53 0.58 0.60 0.57 0.54 0.51 0.47 0.46 0.44 0.38 0.32 0.31 0.35 0.42 0.46 0.45 0.44 0.42 0.43
0.77 0.76 0.74 0.72 0.70 0.68 0.67 0.65 0.63 0.61 0.59 0.60 0.58 0.56 0.55 0.55 0.55 0.55 0.52 0.51 0.50 0.49 0.48 0.47 0.47 0.47 0.47 0.46 0.45 0.43 0.41 0.40 0.43 0.48 0.52 0.56 0.57 0.54 0.50 0.51 0.51 0.52 0.54 0.54 0.55 0.55 0.55 0.51 0.48 0.53 0.55 0.52 0.48 0.45 0.46 0.49 0.53 0.58 0.61 0.60 0.60 0.63 0.60 0.53 0.52 0.54 0.56 0.59 0.59 0.57 0.55 0.51 0.48 0.47 0.44 0.43 0.46 0.51 0.55 0.55 0.52 0.50 0.47 0.44
0.78 0.77 0.74 0.72 0.71 0.69 0.67 0.66 0.64 0.61 0.60 0.60 0.58 0.56 0.55 0.55 0.54 0.54 0.52 0.51 0.50 0.49 0.48 0.47 0.46 0.46 0.46 0.46 0.45 0.42 0.39 0.38 0.43 0.50 0.53 0.55 0.58 0.55 0.50 0.50 0.51 0.53 0.55 0.56 0.57 0.56 0.55 0.52 0.50 0.52 0.55 0.54 0.51 0.47 0.44 0.45 0.48 0.52 0.58 0.62 0.62 0.65 0.64 0.55 0.53 0.54 0.54 0.58 0.59 0.57 0.55 0.54 0.52 0.48 0.43 0.41 0.49 0.60 0.69 0.71 0.65 0.58 0.53 0.48
0.79 0.78 0.75 0.73 0.72 0.70 0.68 0.66 0.64 0.62 0.61 0.60 0.58 0.56 0.55 0.54 0.54 0.53 0.52 0.51 0.50 0.49 0.48 0.47 0.46 0.45 0.46 0.46 0.45 0.43 0.39 0.37 0.44 0.52 0.53 0.55 0.57 0.56 0.52 0.50 0.51 0.53 0.56 0.58 0.59 0.58 0.55 0.53 0.51 0.52 0.55 0.55 0.53 0.51 0.46 0.45 0.46 0.48 0.51 0.60 0.64 0.66 0.66 0.59 0.55 0.55 0.55 0.58 0.61 0.61 0.58 0.56 0.56 0.54 0.46 0.41 0.44 0.55 0.69 0.80 0.81 0.74 0.66 0.57
0.80 0.78 0.76 0.75 0.73 0.70 0.68 0.66 0.65 0.64 0.62 0.60 0.58 0.57 0.55 0.54 0.54 0.53 0.52 0.51 0.50 0.49 0.47 0.46 0.45 0.45 0.45 0.45 0.46 0.44 0.40 0.38 0.44 0.51 0.54 0.55 0.55 0.55 0.53 0.51 0.50 0.52 0.55 0.59 0.62 0.59 0.55 0.54 0.53 0.52 0.56 0.55 0.54 0.53 0.49 0.46 0.46 0.46 0.46 0.54 0.63 0.67 0.67 0.60 0.54 0.52 0.54 0.57 0.60 0.61 0.59 0.57 0.57 0.56 0.52 0.46 0.41 0.45 0.56 0.71 0.84 0.86 0.81 0.72
0.81 0.79 0.77 0.76 0.73 0.70 0.68 0.66 0.66 0.65 0.62 0.59 0.58 0.57 0.56 0.54 0.54 0.53 0.52 0.50 0.49 0.48 0.47 0.46 0.44 0.43 0.43 0.45 0.49 0.47 0.42 0.40 0.43 0.48 0.53 0.55 0.55 0.55 0.54 0.52 0.50 0.51 0.54 0.60 0.64 0.59 0.55 0.56 0.55 0.54 0.55 0.56 0.54 0.53 0.51 0.48 0.48 0.47 0.44 0.48 0.59 0.67 0.68 0.62 0.52 0.47 0.49 0.52 0.56 0.57 0.56 0.54 0.56 0.56 0.54 0.49 0.41 0.37 0.43 0.56 0.74 0.86 0.91 0.90
0.82 0.80 0.78 0.76 0.73 0.71 0.68 0.67 0.67 0.65 0.62 0.59 0.58 0.58 0.56 0.54 0.54 0.52 0.52 0.50 0.49 0.48 0.47 0.45 0.43 0.41 0.40 0.46 0.54 0.51 0.44 0.43 0.43 0.45 0.50 0.53 0.56 0.59 0.57 0.52 0.50 0.49 0.52 0.60 0.62 0.57 0.56 0.58 0.57 0.56 0.56 0.57 0.55 0.53 0.51 0.48 0.48 0.49 0.46 0.45 0.53 0.62 0.66 0.64 0.58 0.52 0.50 0.52 0.56 0.59 0.56 0.53 0.52 0.54 0.54 0.54 0.51 0.40 0.35 0.44 0.61 0.78 0.90 0.99
0.82 0.81 0.79 0.76 0.74 0.71 0.68 0.69 0.68 0.65 0.62 0.60 0.59 0.57 0.56 0.55 0.54 0.52 0.51 0.50 0.49 0.48 0.47 0.44 0.41 0.37 0.37 0.48 0.57 0.54 0.47 0.46 0.45 0.44 0.45 0.49 0.54 0.63 0.62 0.53 0.50 0.50 0.52 0.58 0.59 0.55 0.58 0.61 0.60 0.58 0.57 0.59 0.58 0.54 0.50 0.46 0.47 0.51 0.51 0.49 0.53 0.59 0.59 0.59 0.60 0.59 0.56 0.55 0.59 0.64 0.63 0.55 0.50 0.51 0.52 0.56 0.62 0.55 0.38 0.36 0.47 0.62 0.75 0.88
0.83 0.82 0.79 0.77 0.74 0.71 0.69 0.70 0.68 0.64 0.62 0.61 0.59 0.57 0.56 0.55 0.53 0.52 0.51 0.50 0.50 0.48 0.46 0.43 0.39 0.34 0.34 0.48 0.58 0.55 0.53 0.52 0.48 0.45 0.43 0.43 0.49 0.63 0.66 0.56 0.50 0.52 0.53 0.55 0.55 0.52 0.56 0.63 0.64 0.58 0.56 0.62 0.63 0.59 0.52 0.41 0.44 0.54 0.57 0.55 0.59 0.60 0.54 0.50 0.54 0.57 0.57 0.57 0.60 0.65 0.66 0.60 0.52 0.50 0.49 0.51 0.62 0.69 0.54 0.37 0.37 0.46 0.58 0.69
0.83 0.82 0.80 0.77 0.75 0.72 0.71 0.70 0.67 0.63 0.62 0.61 0.59 0.58 0.56 0.55 0.54 0.52 0.51 0.51 0.50 0.48 0.45 0.42 0.38 0.33 0.35 0.46 0.54 0.54 0.57 0.59 0.53 0.48 0.45 0.41 0.45 0.59 0.68 0.58 0.51 0.54 0.53 0.53 0.52 0.49 0.52 0.61 0.68 0.62 0.55 0.61 0.67 0.65 0.57 0.41 0.41 0.55 0.61 0.60 0.62 0.63 0.57 0.50 0.50 0.54 0.55 0.56 0.60 0.64 0.67 0.65 0.59 0.53 0.48 0.46 0.51 0.66 0.65 0.46 0.35 0.37 0.46 0.55
0.84 0.83 0.80 0.78 0.75 0.73 0.71 0.69 0.66 0.63 0.62 0.61 0.60 0.58 0.57 0.55 0.54 0.53 0.52 0.52 0.50 0.48 0.45 0.42 0.38 0.34 0.36 0.44 0.48 0.50 0.57 0.64 0.60 0.55 0.51 0.43 0.42 0.56 0.67 0.59 0.53 0.55 0.52 0.53 0.50 0.47 0.50 0.56 0.66 0.65 0.58 0.62 0.69 0.71 0.64 0.48 0.42 0.51 0.64 0.66 0.61 0.58 0.59 0.56 0.51 0.51 0.50 0.54 0.61 0.62 0.62 0.63 0.62 0.58 0.51 0.48 0.51 0.62 0.68 0.55 0.37 0.31 0.36 0.44
0.84 0.83 0.80 0.77 0.76 0.74 0.71 0.68 0.66 0.64 0.62 0.61 0.60 0.59 0.57 0.56 0.54 0.53 0.52 0.52 0.50 0.48 0.46 0.43 0.39 0.36 0.38 0.41 0.42 0.44 0.52 0.64 0.67 0.66 0.58 0.42 0.40 0.55 0.66 0.59 0.54 0.53 0.50 0.53 0.51 0.47 0.50 0.53 0.60 0.62 0.59 0.62 0.68 0.74 0.69 0.55 0.47 0.50 0.62 0.71 0.62 0.51 0.54 0.57 0.53 0.48 0.45 0.49 0.59 0.62 0.55 0.53 0.55 0.55 0.54 0.55 0.57 0.65 0.73 0.67 0.46 0.33 0.32 0.39
0.85 0.84 0.80 0.77 0.77 0.76 0.71 0.68 0.66 0.64 0.62 0.61 0.60 0.59 0.58 0.56 0.54 0.53 0.52 0.52 0.50 0.48 0.46 0.43 0.41 0.39 0.38 0.38 0.37 0.39 0.50 0.63 0.70 0.74 0.63 0.39 0.37 0.56 0.64 0.58 0.53 0.50 0.48 0.51 0.51 0.47 0.50 0.53 0.55 0.55 0.54 0.56 0.61 0.71 0.70 0.58 0.55 0.57 0.63 0.72 0.64 0.50 0.51 0.58 0.57 0.48 0.41 0.45 0.60 0.65 0.54 0.48 0.49 0.51 0.53 0.57 0.60 0.67 0.77 0.78 0.63 0.46 0.38 0.38
0.86 0.84 0.79 0.77 0.79 0.75 0.70 0.68 0.66 0.64 0.62 0.62 0.61 0.60 0.58 0.56 0.55 0.54 0.53 0.52 0.51 0.49 0.46 0.45 0.43 0.41 0.38 0.35 0.32 0.37 0.52 0.65 0.70 0.77 0.67 0.39 0.37 0.58 0.61 0.54 0.52 0.49 0.47 0.49 0.49 0.48 0.51 0.54 0.52 0.53 0.53 0.52 0.55 0.63 0.68 0.59 0.58 0.67 0.72 0.74 0.62 0.48 0.49 0.60 0.65 0.53 0.40 0.43 0.61 0.70 0.60 0.52 0.53 0.52 0.53 0.55 0.60 0.67 0.78 0.84 0.76 0.60 0.48 0.42
0.85 0.83 0.79 0.79 0.80 0.74 0.69 0.67 0.66 0.64 0.63 0.62 0.62 0.60 0.59 0.57 0.55 0.55 0.54 0.52 0.51 0.50 0.47 0.46 0.45 0.42 0.38 0.34 0.31 0.37 0.53 0.65 0.68 0.77 0.74 0.44 0.38 0.56 0.58 0.51 0.51 0.49 0.47 0.49 0.49 0.49 0.53 0.53 0.51 0.53 0.54 0.52 0.52 0.55 0.60 0.57 0.54 0.64 0.78 0.82 0.67 0.48 0.46 0.59 0.72 0.64 0.45 0.39 0.52 0.69 0.68 0.61 0.59 0.56 0.54 0.55 0.59 0.66 0.78 0.91 0.90 0.76 0.63 0.52
0.85 0.83 0.80 0.80 0.79 0.73 0.69 0.67 0.66 0.65 0.63 0.63 0.61 0.60 0.59 0.57 0.56 0.56 0.54 0.53 0.52 0.51 0.48 0.47 0.46 0.42 0.38 0.34 0.32 0.38 0.52 0.62 0.65 0.74 0.78 0.56 0.39 0.50 0.54 0.50 0.50 0.50 0.48 0.50 0.51 0.51 0.52 0.51 0.51 0.53 0.54 0.53 0.52 0.51 0.53 0.54 0.52 0.55 0.70 0.85 0.77 0.54 0.43 0.52 0.72 0.75 0.59 0.42 0.43 0.58 0.66 0.66 0.62 0.57 0.53 0.51 0.52 0.56 0.65 0.84 0.97 0.95 0.84 0.70
0.84 0.83 0.81 0.82 0.79 0.73 0.68 0.67 0.67 0.66 0.64 0.63 0.62 0.61 0.59 0.58 0.57 0.56 0.55 0.54 0.54 0.52 0.50 0.48 0.46 0.43 0.39 0.35 0.33 0.39 0.52 0.59 0.64 0.73 0.77 0.63 0.44 0.45 0.51 0.49 0.49 0.51 0.51 0.51 0.53 0.54 0.51 0.51 0.53 0.54 0.54 0.54 0.54 0.52 0.52 0.54 0.54 0.53 0.60 0.77 0.79 0.58 0.40 0.43 0.63 0.79 0.74 0.57 0.46 0.48 0.53 0.59 0.60 0.55 0.50 0.47 0.46 0.45 0.46 0.56 0.78 0.92 0.95 0.87
0.84 0.83 0.82 0.82 0.77 0.71 0.67 0.67 0.67 0.66 0.64 0.63 0.62 0.61 0.60 0.59 0.58 0.57 0.56 0.55 0.54 0.52 0.51 0.49 0.47 0.43 0.40 0.35 0.34 0.44 0.56 0.59 0.65 0.71 0.73 0.63 0.50 0.46 0.50 0.50 0.48 0.51 0.53 0.54 0.55 0.56 0.52 0.51 0.53 0.53 0.54 0.54 0.55 0.55 0.54 0.55 0.57 0.57 0.59 0.71 0.78 0.61 0.41 0.37 0.50 0.72 0.82 0.72 0.57 0.47 0.45 0.50 0.52 0.50 0.48 0.47 0.46 0.47 0.48 0.46 0.53 0.69 0.86 0.95
0.84 0.83 0.83 0.80 0.74 0.70 0.68 0.67 0.66 0.66 0.65 0.64 0.62 0.61 0.61 0.60 0.59 0.58 0.57 0.56 0.55 0.53 0.52 0.50 0.48 0.45 0.41 0.35 0.38 0.54 0.59 0.59 0.62 0.65 0.67 0.59 0.49 0.48 0.52 0.52 0.50 0.51 0.54 0.56 0.57 0.56 0.53 0.53 0.54 0.55 0.55 0.53 0.53 0.56 0.55 0.54 0.56 0.61 0.64 0.70 0.77 0.67 0.48 0.37 0.40 0.58 0.76 0.77 0.64 0.54 0.50 0.51 0.52 0.50 0.50 0.49 0.48 0.53 0.62 0.58 0.49 0.56 0.73 0.91
