windninja/windninja_output/Output_2025-08-24_2100-2150_Google earth_Fire_150m_10min/merlingen_7.5mi_point_08-24-2025_2150_150m_ang.asc
ncols	158
nrows	163
xllcorner	391686.332397
yllcorner	5160024.123721
cellsize	150.000000
NODATA_value	-32768.000000
[rows 0 to 41 of 163, columns 0 to 93 of 158]
280 279 278 279 280 283 284 280 277 278 277 269 254 244 246 256 265 270 274 283 290 283 269 266 270 275 275 268 265 265 264 263 263 262 260 263 267 267 267 265 261 260 261 262 264 267 270 272 269 264 262 260 259 259 258 255 253 253 254 255 253 250 248 246 242 240 240 244 248 250 249 247 245 242 241 242 243 244 246 246 243 240 240 243 244 243 238 237 238 235 234 234 233 231
281 281 281 282 282 282 282 280 279 278 277 271 258 250 253 260 267 274 279 284 288 287 278 271 270 272 273 271 269 267 265 265 264 263 264 265 266 267 267 266 264 263 262 263 265 267 268 270 270 267 264 262 261 259 257 255 254 254 254 254 253 251 249 247 245 243 244 246 249 250 249 247 245 243 243 243 242 244 246 245 242 240 241 242 243 243 239 238 239 237 237 237 236 234
283 283 283 284 283 281 279 279 281 282 282 279 271 265 264 267 273 278 282 283 285 290 290 280 272 270 271 272 271 268 267 267 267 267 268 268 266 267 267 267 267 267 266 266 267 267 266 266 267 267 266 264 261 258 257 256 256 255 254 253 252 252 251 249 248 247 247 248 250 249 247 246 246 246 246 243 241 243 245 243 238 239 242 241 241 242 238 237 237 238 240 240 238 236
285 283 283 283 283 283 283 284 286 288 288 286 281 276 274 274 276 279 279 279 281 286 292 288 277 272 270 271 270 269 268 268 269 271 271 270 269 267 267 268 269 268 269 269 269 268 267 264 262 262 262 260 258 257 257 257 257 256 255 253 252 252 251 250 249 249 249 250 251 249 246 246 247 247 247 245 244 245 245 241 236 238 241 240 242 242 237 234 234 234 235 237 237 235
286 283 282 283 283 285 289 290 290 289 287 287 286 283 281 279 277 278 277 275 277 282 291 294 285 277 273 271 270 269 268 268 270 272 272 271 269 269 270 271 271 271 271 270 269 267 265 263 261 260 258 257 257 256 256 256 257 257 256 255 254 252 251 250 250 250 250 251 251 249 246 247 248 248 247 247 248 249 246 241 237 239 241 240 242 243 239 235 234 231 230 233 233 231
286 285 284 283 284 287 290 290 289 286 285 288 291 287 283 280 276 274 274 274 275 280 289 297 292 284 278 274 272 271 269 269 270 270 270 270 271 272 272 272 272 273 272 270 267 265 263 262 261 258 255 255 256 256 256 256 257 257 257 256 254 252 251 251 250 250 250 251 251 247 245 247 249 248 245 245 247 249 246 241 240 243 245 243 242 244 242 242 241 236 232 232 230 227
286 286 287 287 286 287 288 288 286 285 287 291 295 291 283 280 277 273 272 273 274 278 285 296 296 289 282 278 276 274 273 272 271 268 268 270 272 273 272 271 271 271 270 268 266 264 263 262 260 257 255 254 255 255 256 257 257 258 257 256 254 251 249 249 250 249 250 252 251 246 243 246 247 246 243 243 245 245 242 238 241 245 245 244 244 245 245 247 250 248 245 241 236 232
285 286 288 289 288 287 285 284 284 285 290 295 299 293 285 281 279 276 274 274 275 277 281 289 296 293 287 284 281 277 276 275 272 270 270 271 272 271 269 268 268 267 266 265 265 265 263 262 260 257 256 256 255 254 255 257 258 258 258 257 255 251 248 247 247 248 250 252 250 247 245 246 245 243 242 244 245 243 238 237 244 247 244 243 243 243 244 245 248 252 254 252 248 245
285 285 286 288 288 286 284 282 284 287 292 297 301 297 287 282 280 279 276 275 276 277 278 284 293 298 292 286 283 280 278 277 274 272 272 272 270 268 267 266 265 265 265 265 265 265 263 262 260 258 257 258 256 255 257 258 259 259 258 257 255 253 250 247 246 248 250 251 249 246 247 249 247 244 243 244 246 242 237 240 247 250 247 242 240 239 239 240 240 240 241 243 245 244
286 285 286 287 287 286 285 285 286 289 292 297 302 299 289 283 281 281 280 278 278 277 278 281 287 295 295 288 284 283 280 278 276 273 272 270 268 267 265 264 264 265 265 265 265 264 263 262 261 260 259 259 257 258 260 260 260 259 257 255 254 255 254 252 251 252 252 251 247 244 247 249 249 246 245 245 246 243 239 242 246 248 248 246 245 243 240 240 237 232 231 234 237 236
286 286 286 286 287 287 287 287 289 290 292 296 300 301 293 285 283 283 284 282 280 278 278 279 283 289 294 289 284 284 280 277 276 275 272 269 266 265 265 265 264 264 264 264 263 264 264 262 261 261 262 261 260 262 263 261 260 259 257 255 256 257 257 259 262 260 257 252 246 245 248 249 248 246 244 244 246 247 245 245 245 244 244 246 250 249 247 248 243 234 234 238 239 235
287 287 286 286 287 287 288 289 290 291 292 295 299 301 296 289 286 285 285 285 283 280 279 278 280 283 285 285 282 281 278 275 275 275 272 268 266 265 266 266 265 264 263 262 261 261 261 261 259 261 265 266 265 265 266 264 261 259 258 257 258 260 263 269 271 269 264 256 250 250 251 249 247 245 242 242 244 246 248 247 245 242 241 242 246 247 247 249 244 234 238 244 243 238
287 287 287 287 288 288 289 289 290 291 292 294 297 299 296 291 289 288 286 286 285 282 279 277 275 274 275 278 279 279 277 275 275 274 271 268 267 268 268 266 265 264 262 260 259 257 254 254 256 261 265 266 266 267 268 268 265 260 256 256 260 263 269 276 279 276 272 266 263 259 254 250 249 246 243 241 241 243 243 243 244 244 242 243 244 242 244 247 240 231 239 245 243 241
287 287 287 288 288 289 289 289 290 291 292 293 296 298 294 290 289 290 288 286 284 282 278 274 270 269 272 276 277 277 276 276 275 273 270 269 269 269 268 267 265 263 260 259 258 256 252 249 252 258 262 264 264 265 268 271 270 263 255 254 259 264 268 274 278 278 277 279 282 275 262 256 254 251 248 247 248 247 245 243 245 247 246 246 245 241 244 246 240 236 243 248 246 245
287 287 288 288 289 289 289 289 290 291 292 293 297 299 295 290 289 291 291 286 283 280 276 272 269 270 273 275 275 274 273 274 275 273 273 272 269 266 265 263 262 258 256 258 260 258 257 255 252 252 256 259 259 261 264 267 269 265 257 255 259 263 266 267 267 270 275 280 287 293 281 267 261 255 252 252 255 253 250 251 254 254 252 250 246 245 247 246 241 241 249 254 253 253
287 288 288 289 289 289 289 290 290 291 292 294 297 301 298 291 289 290 290 287 283 279 276 273 271 273 275 274 273 274 275 275 275 273 272 269 266 262 259 258 258 256 256 259 260 258 260 262 258 253 254 255 257 258 258 258 260 261 258 258 261 264 265 261 257 261 267 271 277 293 299 283 270 260 256 256 256 253 254 257 259 257 255 253 250 249 250 249 246 245 250 255 255 255
288 288 288 289 289 290 290 290 291 291 292 294 296 300 300 293 288 287 287 287 284 281 278 275 274 274 275 275 274 275 276 274 270 266 263 262 263 261 258 258 258 259 260 260 259 258 258 258 262 263 260 257 257 258 256 253 253 255 257 260 263 264 263 259 256 258 262 266 269 275 289 291 281 273 266 260 255 254 258 259 255 253 254 253 253 253 252 251 253 253 250 250 249 250
288 288 289 289 290 290 291 291 291 292 292 293 295 297 299 294 288 285 285 284 282 280 278 277 276 273 273 275 276 275 273 267 261 257 257 260 262 262 261 261 261 262 263 261 259 259 259 259 261 266 266 263 260 257 255 254 253 254 256 260 261 262 260 257 257 259 261 263 264 265 271 280 282 282 278 267 260 259 260 257 253 253 253 252 251 253 253 252 255 259 256 250 247 247
289 289 289 290 290 291 291 291 292 292 292 293 294 295 296 293 288 285 282 280 279 278 278 278 275 273 273 274 275 273 267 261 256 256 258 260 262 263 263 263 263 262 262 261 260 260 263 265 264 264 265 265 262 258 256 256 255 255 256 259 260 259 257 256 259 260 260 260 259 261 265 268 271 274 276 274 270 266 262 258 257 258 256 252 249 247 248 249 253 257 259 253 250 248
289 289 290 290 291 291 291 292 292 292 292 292 293 293 293 292 288 284 281 280 279 279 279 278 276 275 274 273 272 270 265 259 257 258 260 262 263 265 265 265 264 262 261 261 261 263 266 267 265 263 263 264 265 263 261 258 256 255 256 258 258 258 258 259 260 261 260 258 259 262 262 260 260 260 262 265 265 263 261 259 259 259 258 253 248 246 245 246 250 254 255 251 250 250
290 290 291 291 291 291 292 292 292 292 292 292 292 292 292 290 288 285 283 282 281 280 279 278 277 275 273 272 270 268 264 259 258 260 263 265 266 267 267 265 263 261 261 261 263 265 265 264 264 264 263 264 266 267 266 262 258 256 255 256 255 256 259 261 261 262 261 260 261 262 257 254 255 257 257 252 248 249 252 255 257 257 256 254 251 248 246 246 250 253 252 246 246 249
290 291 291 291 292 292 292 292 292 293 293 292 292 292 291 290 288 286 285 284 282 281 280 279 277 275 273 271 270 268 265 262 262 265 268 267 267 266 265 263 261 260 260 262 264 265 264 264 264 264 264 264 265 267 267 265 262 259 255 253 253 255 259 260 262 264 264 263 262 258 251 248 251 256 258 250 242 241 244 248 252 253 253 253 251 248 245 246 251 252 248 239 240 246
291 291 291 292 292 293 293 292 292 293 293 292 292 291 291 290 289 287 286 284 283 282 280 279 277 275 272 270 268 268 268 267 269 269 269 268 266 263 261 261 261 260 261 262 263 264 265 265 265 264 264 264 263 264 265 266 265 263 257 253 253 256 259 261 265 266 265 263 257 250 245 245 249 254 256 251 242 241 242 243 243 244 247 251 250 248 245 246 249 250 244 232 234 243
291 291 292 292 293 293 293 293 292 293 293 293 292 291 291 290 289 288 286 285 284 282 281 279 277 274 271 268 267 269 271 273 272 269 267 266 265 262 262 263 263 262 261 261 264 267 266 264 264 264 264 263 263 263 265 265 265 264 259 254 253 256 260 266 270 269 264 259 251 245 244 245 251 255 254 247 242 246 246 242 240 240 242 245 248 250 250 250 249 249 242 229 234 244
292 292 293 293 293 293 293 293 293 293 293 293 292 291 291 290 289 288 287 285 284 282 281 279 276 273 268 265 267 271 273 275 274 270 266 264 263 263 265 265 265 264 263 264 267 266 262 261 262 263 264 264 264 264 264 264 264 262 259 256 255 258 264 269 271 267 261 253 247 245 247 251 257 258 250 241 243 254 253 246 241 239 238 238 242 249 253 254 253 251 241 227 235 244
292 293 293 293 293 294 294 293 293 293 293 293 293 292 291 290 289 288 287 285 284 282 281 279 276 271 264 263 267 271 274 276 277 274 268 264 261 263 267 269 268 268 268 269 267 261 259 260 262 263 264 264 265 266 265 265 261 257 256 258 262 266 269 268 262 257 252 245 242 245 251 260 263 257 245 234 242 256 260 252 245 240 235 234 238 242 244 247 252 251 239 224 232 240
293 293 294 294 294 294 295 294 294 294 293 293 293 292 291 290 289 288 287 285 284 283 282 280 276 271 264 264 267 269 271 275 277 278 273 266 261 263 268 271 271 271 272 270 266 260 258 260 262 263 261 261 264 266 268 266 257 252 255 261 269 275 273 265 255 248 242 238 238 245 256 263 263 255 240 229 239 251 261 261 253 245 238 235 237 237 234 236 245 248 239 225 229 236
294 294 294 295 295 295 295 295 294 294 293 293 292 292 291 290 289 288 287 286 285 284 283 281 278 273 269 267 266 265 267 271 276 278 278 272 266 265 268 271 272 273 274 271 267 262 259 258 260 262 260 259 261 265 268 264 250 250 257 265 272 274 272 263 253 245 238 234 240 250 258 261 258 251 237 227 237 247 253 261 261 251 245 243 242 239 232 232 240 242 238 230 231 235
295 295 295 295 295 295 296 295 294 294 293 292 292 292 291 291 290 289 288 287 286 285 283 282 280 278 276 273 268 263 262 267 272 276 279 280 276 270 270 273 274 275 274 272 269 264 260 258 258 260 260 259 259 262 263 257 246 252 260 268 272 269 263 255 250 244 236 235 247 256 259 256 251 244 234 230 240 248 250 255 263 259 253 251 249 244 238 238 241 240 237 235 237 239
295 295 295 295 296 296 296 295 295 294 293 293 292 292 291 291 290 289 288 287 286 284 284 283 283 284 284 279 271 263 260 262 266 273 282 288 284 275 274 275 276 275 273 270 268 264 262 261 260 259 257 256 257 256 255 248 244 255 261 268 272 266 255 248 246 245 239 240 253 262 262 255 246 240 233 234 243 248 250 254 262 266 261 256 252 248 245 245 243 239 236 237 241 246
296 296 296 296 296 296 296 296 295 294 294 293 292 292 291 291 290 290 288 287 286 285 285 285 285 288 287 282 273 264 260 261 265 274 284 291 287 279 277 277 277 274 270 266 264 263 264 266 265 259 254 254 254 252 250 241 244 258 264 267 268 262 252 246 247 248 245 247 257 264 264 256 247 242 234 235 239 242 247 252 257 262 263 258 253 248 247 246 243 240 237 238 242 251
297 297 298 297 296 297 297 296 295 295 294 293 292 291 291 291 290 289 289 288 287 286 286 285 287 289 289 284 275 266 265 268 271 275 281 289 287 281 279 276 273 270 267 264 262 262 265 268 265 260 258 257 254 252 248 238 244 258 266 267 263 255 246 244 249 254 252 252 259 263 261 254 251 247 238 235 235 239 244 249 251 251 256 258 256 254 252 249 246 244 242 241 242 251
298 298 298 298 297 297 297 296 296 295 294 293 292 292 291 290 290 289 289 288 287 287 287 287 288 290 290 287 281 275 274 275 274 273 276 285 288 282 277 272 268 266 264 264 262 263 266 266 261 259 260 260 258 254 248 241 246 255 261 264 261 250 239 241 250 256 257 257 258 258 255 252 252 248 239 234 233 237 243 247 246 242 248 256 257 258 257 253 249 248 247 245 245 249
299 299 299 298 297 297 297 297 295 295 294 293 292 292 291 290 290 289 289 288 288 288 288 288 288 290 290 290 289 285 280 276 272 269 271 282 290 280 273 268 265 263 262 262 262 264 265 262 259 260 260 260 260 257 252 249 253 256 256 257 256 249 237 240 248 253 258 263 260 256 253 251 250 244 237 234 234 236 240 242 239 237 243 251 253 251 251 250 247 245 245 246 248 251
300 300 300 299 298 298 298 297 295 295 294 293 292 291 290 290 290 289 289 288 288 288 289 290 289 290 290 292 293 289 283 276 272 270 271 276 286 278 269 265 262 259 259 259 261 264 264 261 260 261 261 260 260 259 257 258 261 261 257 254 252 248 239 240 246 249 254 263 267 262 255 249 246 241 238 238 238 241 242 238 235 233 237 245 249 246 245 246 244 241 241 243 247 252
301 302 301 300 299 300 299 297 296 295 294 293 292 291 290 290 289 289 288 288 288 288 289 289 289 289 291 292 293 290 286 282 279 276 272 269 271 271 265 260 257 255 256 259 261 263 263 261 262 262 260 259 259 259 260 261 262 263 260 257 255 252 246 244 245 246 251 259 269 269 259 250 246 243 243 243 242 247 249 245 238 234 235 241 246 247 244 243 240 239 240 242 246 251
303 303 302 301 300 299 299 297 296 295 294 293 292 291 290 290 289 289 288 288 288 288 288 288 289 290 292 292 292 291 291 289 284 279 272 264 259 258 257 255 255 255 257 260 262 263 262 262 263 261 260 260 259 259 261 261 259 259 259 258 256 254 251 249 247 247 250 256 264 264 256 252 250 248 247 243 240 243 249 252 248 240 237 239 244 249 247 241 239 239 240 242 246 249
305 304 303 301 300 299 298 297 295 294 294 293 292 291 290 290 289 289 288 288 287 287 287 288 289 291 293 296 297 295 294 291 285 277 269 262 254 248 251 253 255 258 260 262 263 263 262 262 261 260 262 262 260 260 261 261 257 255 255 256 255 254 252 251 250 251 254 258 258 251 247 250 252 252 245 240 239 235 241 248 248 243 238 237 242 247 244 239 240 241 242 243 246 251
306 306 304 302 301 299 298 296 295 295 294 293 292 291 290 290 289 289 288 287 287 287 287 288 289 291 294 300 300 294 291 287 282 276 269 259 246 245 252 255 258 261 262 263 263 263 263 262 258 259 262 263 260 258 259 261 257 253 252 252 250 248 247 246 249 254 259 260 254 244 243 249 251 246 236 238 241 228 233 241 241 239 237 237 243 244 239 235 239 240 240 243 251 255
307 306 305 303 301 299 298 296 296 295 294 293 292 291 290 289 289 288 288 287 287 287 287 287 288 290 294 299 297 290 286 285 282 276 267 254 243 249 254 256 260 263 265 266 264 263 263 262 259 258 260 262 260 257 257 257 253 250 248 247 243 240 239 242 246 253 259 259 251 245 250 253 249 239 231 240 241 218 224 234 233 232 237 243 248 247 241 235 236 237 237 243 254 255
309 308 306 304 301 300 298 297 296 295 294 292 292 291 290 289 289 288 288 287 287 287 287 287 287 289 292 294 293 288 285 284 282 275 265 253 251 254 255 257 260 264 267 268 265 263 262 262 260 258 260 263 264 261 256 252 249 247 247 245 240 235 236 241 246 251 256 255 250 251 255 253 248 238 234 244 239 208 216 229 228 227 234 243 247 248 244 236 233 235 235 243 251 252
311 310 308 305 302 300 299 297 296 295 294 293 292 291 290 289 289 288 288 287 287 287 287 286 287 288 289 290 291 288 285 283 281 276 266 259 260 263 263 263 263 264 264 264 265 265 261 258 257 257 260 262 264 263 258 253 249 247 248 247 241 236 237 241 244 249 253 251 250 251 247 245 245 237 238 245 233 205 211 225 229 227 232 238 243 244 239 232 232 235 238 243 246 248
