windninja/windninja_output/Output_2025-08-24_2100-2150_Google earth_Fire_150m_10min/merlingen_7.5mi_point_08-24-2025_2110_150m_ang.asc
ncols	158
nrows	163
xllcorner	391686.332397
yllcorner	5160024.123721
cellsize	150.000000
NODATA_value	-32768.000000
[rows 0 to 41 of 163, columns 0 to 93 of 158]
291 289 287 288 288 291 293 289 285 286 285 277 260 248 249 258 267 272 276 285 293 288 275 272 276 280 279 273 270 270 269 267 266 265 263 266 270 269 269 267 263 262 262 263 266 268 271 273 271 268 266 264 263 263 261 258 255 254 255 256 253 250 248 245 242 239 239 242 246 248 247 244 241 239 238 238 238 239 241 240 237 234 233 236 237 235 231 230 231 228 227 227 225 223
293 291 290 290 290 290 290 287 285 285 285 281 268 258 258 264 272 278 283 288 293 293 285 278 277 278 279 277 274 272 270 269 268 268 268 268 269 270 271 270 268 266 266 267 269 270 271 273 273 271 268 266 264 262 260 258 256 255 256 255 254 252 250 248 245 243 243 245 247 248 246 244 242 240 240 239 238 239 241 239 236 234 235 236 236 235 231 231 231 230 229 229 228 226
296 294 293 293 291 290 288 287 288 289 291 291 285 277 272 274 280 285 288 289 292 297 297 287 279 277 278 279 277 274 272 272 272 272 273 273 272 272 273 272 273 272 271 272 273 273 272 272 272 272 270 268 264 262 260 259 259 258 257 255 254 253 252 251 249 248 248 248 249 248 245 244 244 243 243 240 238 240 241 238 233 234 237 235 235 235 231 229 230 231 232 232 229 228
297 294 293 294 292 293 293 293 295 297 298 300 295 287 283 282 284 287 287 286 288 293 298 295 285 280 279 280 279 277 275 274 275 277 277 277 275 274 274 275 276 276 276 277 276 276 275 272 269 270 270 267 263 262 261 261 261 260 258 256 255 254 253 252 251 250 250 250 251 249 245 245 246 246 244 242 241 242 241 237 232 233 236 234 236 236 229 226 227 227 228 230 228 225
297 294 293 294 293 295 298 298 298 299 299 302 300 293 289 286 284 285 285 283 284 290 298 302 293 287 284 283 282 281 279 277 278 280 280 278 277 277 278 280 281 280 280 279 278 276 274 272 270 268 266 264 263 262 261 261 261 261 260 259 257 255 254 253 252 251 251 252 252 249 246 247 247 246 245 244 246 246 243 238 234 235 237 235 237 238 232 227 226 224 223 225 224 221
297 295 294 294 294 297 299 298 297 296 297 301 304 297 290 287 283 281 280 280 282 286 295 303 299 292 288 285 284 284 282 281 280 281 280 280 280 282 282 283 283 283 281 279 277 274 272 271 270 267 263 262 263 263 262 262 262 262 261 260 258 256 255 254 254 253 252 253 252 248 246 248 249 247 244 244 246 247 244 238 237 240 240 238 238 238 236 233 232 227 224 223 221 217
295 295 296 296 296 297 297 296 295 295 298 302 306 299 290 287 283 280 280 281 282 284 291 301 302 296 290 288 287 286 285 283 282 281 280 282 284 285 284 282 282 281 279 277 275 273 271 270 268 266 263 262 262 262 262 263 263 263 263 262 260 257 255 254 254 253 253 254 253 248 245 247 248 246 243 243 244 244 240 236 239 242 241 240 240 240 239 239 239 236 232 229 225 221
295 295 296 297 296 295 293 292 293 295 299 305 309 302 292 288 286 283 282 283 283 284 288 296 302 300 295 292 290 287 286 285 283 281 281 283 284 282 280 279 278 277 275 274 273 273 271 270 268 266 264 264 263 261 262 264 265 265 264 264 262 258 254 252 252 252 254 255 253 249 248 249 247 244 243 244 245 243 237 235 242 244 241 239 239 239 239 239 239 240 241 239 236 232
295 294 295 296 295 293 291 290 292 296 300 305 310 305 294 289 288 286 284 284 284 284 287 293 300 304 300 294 292 289 287 286 284 282 281 281 280 278 276 275 274 273 273 273 273 273 271 270 269 267 266 266 264 262 264 266 266 266 265 264 262 259 257 253 251 252 255 255 252 249 250 251 249 245 244 245 246 242 236 239 246 247 243 238 236 235 234 234 232 229 229 230 231 229
295 294 294 295 295 293 292 292 294 297 301 305 309 306 296 289 288 289 288 287 286 286 286 291 297 304 304 297 294 293 289 287 285 283 281 279 277 275 273 272 272 272 273 273 273 272 271 270 270 269 268 266 265 266 267 267 267 266 264 261 260 260 259 257 256 257 257 255 251 248 249 251 251 248 246 245 246 243 238 241 245 246 245 242 240 237 235 233 228 223 221 222 223 221
295 295 294 294 295 295 294 295 297 298 300 303 307 307 299 292 289 290 291 290 289 288 288 290 295 300 305 299 294 293 289 285 285 283 280 276 274 273 273 273 273 273 273 272 271 271 272 270 268 269 270 269 268 269 269 267 265 264 262 259 259 260 260 262 265 264 261 257 250 248 250 252 251 248 246 246 247 248 245 244 244 243 242 243 245 243 240 239 234 225 225 227 225 221
296 295 295 295 295 296 296 296 298 299 300 302 306 307 301 295 292 291 292 292 291 289 288 289 292 295 298 296 292 289 286 282 282 282 279 275 273 274 275 274 273 272 271 270 269 269 269 267 264 265 269 270 269 269 268 266 263 262 260 258 259 261 264 270 272 270 266 259 252 253 254 252 250 248 244 244 245 247 248 248 244 241 239 239 241 240 239 241 235 225 229 234 230 224
295 295 295 295 296 296 297 297 297 298 300 301 304 305 301 295 294 293 292 292 292 290 287 286 285 285 287 289 288 286 284 283 282 282 278 275 275 276 276 275 273 273 271 268 267 264 261 258 260 263 267 268 268 267 268 269 266 261 257 256 260 263 268 275 278 275 271 267 264 262 258 253 252 250 247 245 244 245 245 243 243 242 240 239 239 236 236 239 232 222 229 235 232 227
295 295 295 296 296 297 297 297 297 298 299 301 303 305 300 294 293 294 294 292 291 289 285 281 278 279 283 286 286 285 284 283 282 281 278 277 277 277 276 275 273 270 266 264 263 260 256 253 256 261 264 266 266 266 268 271 270 264 256 255 261 266 270 275 278 277 276 277 281 276 265 259 257 255 253 251 250 249 245 242 244 245 244 243 240 236 238 239 233 227 233 239 236 234
295 296 296 296 296 296 297 297 297 298 299 300 304 306 302 295 293 295 295 291 288 286 282 278 277 279 283 285 285 283 281 282 282 281 281 280 277 274 272 269 267 261 258 261 262 260 260 260 258 257 261 265 265 265 267 270 272 268 261 259 263 268 271 272 271 273 276 280 286 291 281 269 264 259 255 255 256 254 250 250 252 251 249 246 242 240 242 241 236 234 241 247 246 245
296 296 296 296 296 296 296 297 297 298 299 300 303 307 305 297 294 295 295 292 288 286 283 280 279 281 285 285 283 283 284 284 284 282 280 276 271 267 264 261 260 258 258 263 265 263 265 268 265 260 262 265 267 268 268 267 268 270 267 265 268 270 272 269 264 267 272 275 280 292 296 283 271 263 258 258 257 254 253 257 257 254 252 250 247 245 245 245 242 240 244 250 249 248
296 296 296 296 297 297 297 297 297 298 299 300 302 306 306 298 294 293 293 293 290 288 285 283 282 283 285 286 285 286 286 283 279 274 269 267 266 264 262 262 263 265 267 268 267 267 266 267 270 271 270 269 270 270 267 264 263 266 269 270 270 271 271 268 264 265 269 273 275 280 290 289 280 273 267 262 256 255 258 258 254 251 251 251 250 251 249 248 250 247 243 243 243 243
296 296 296 297 297 297 297 298 298 298 299 300 301 303 304 298 293 291 291 290 289 287 286 285 283 282 282 285 286 284 281 276 269 263 262 265 268 268 268 268 270 271 271 269 267 268 269 269 272 277 277 274 271 269 266 264 263 265 269 271 271 270 269 266 266 266 267 270 271 270 276 283 283 281 278 268 261 260 260 257 252 252 252 250 249 251 251 249 251 253 248 243 240 240
296 296 296 297 297 297 298 298 298 298 298 299 299 301 301 298 293 290 288 286 285 285 285 284 282 281 281 283 283 280 275 269 264 263 265 267 270 271 272 271 272 271 271 270 269 269 273 276 275 274 276 276 273 269 267 267 267 266 269 271 270 268 266 266 268 268 267 266 266 268 272 275 275 276 277 275 270 266 261 257 256 257 255 250 246 245 245 246 248 251 251 245 242 240
297 297 297 297 297 298 298 298 298 298 298 298 299 299 299 297 293 289 286 285 285 285 285 285 283 282 282 281 280 278 273 268 265 266 267 269 271 273 275 275 274 273 272 271 271 273 276 278 276 273 273 274 275 274 272 271 268 267 268 270 268 266 266 268 269 269 267 265 266 270 271 270 267 266 267 268 266 263 261 259 259 259 256 251 246 244 243 243 246 249 247 241 242 242
297 297 297 298 298 298 298 298 298 298 298 298 298 298 297 296 293 290 289 288 288 287 287 286 285 283 282 280 279 277 274 270 267 269 272 274 276 278 280 278 275 273 272 272 274 276 276 275 275 274 273 274 276 278 277 273 270 268 266 267 265 264 267 269 270 270 269 268 270 271 267 263 262 263 263 258 252 252 254 256 257 257 255 252 249 246 244 243 246 249 245 236 238 241
297 297 298 298 298 298 298 298 298 298 298 297 297 297 297 295 294 292 291 290 289 289 288 287 285 283 281 280 279 278 276 274 273 277 280 280 279 279 279 276 273 272 272 273 275 275 274 275 276 276 275 275 276 278 278 276 274 271 267 264 263 264 267 269 271 273 273 272 271 267 260 256 257 261 263 257 248 246 247 250 253 253 252 252 249 246 243 243 247 247 241 230 232 238
297 297 298 298 298 299 298 298 298 298 299 298 297 297 297 296 295 293 292 291 290 290 289 288 286 284 282 280 279 278 279 281 282 281 281 279 277 274 273 274 273 272 272 273 273 275 277 278 278 277 275 275 275 275 277 278 276 274 270 264 262 265 267 270 275 277 277 273 267 259 253 252 255 260 262 259 250 247 245 245 245 245 248 250 249 246 242 242 245 244 238 225 227 236
298 298 298 298 299 299 299 298 298 298 299 299 298 297 297 296 295 294 293 292 291 290 289 288 286 284 281 278 277 278 282 285 284 280 277 276 274 272 272 274 275 275 273 272 275 279 279 277 277 277 275 275 274 275 277 278 277 276 272 266 263 265 268 275 280 280 276 269 260 253 250 252 257 261 260 255 250 252 250 245 242 241 243 245 247 248 246 245 245 243 236 223 227 236
298 298 299 299 299 299 299 298 298 298 298 299 298 297 297 296 296 295 293 293 292 291 290 289 287 283 279 275 275 279 283 285 284 280 276 274 272 273 275 276 278 277 276 277 279 279 276 274 275 276 276 275 276 277 277 278 277 275 272 268 265 267 272 278 281 278 271 261 253 251 252 256 263 264 257 248 251 259 256 248 243 241 239 239 242 247 249 249 248 245 235 222 228 236
298 299 299 299 299 299 299 299 298 298 298 298 298 297 297 296 296 295 294 293 292 291 290 289 287 283 277 274 276 280 283 285 286 284 279 275 272 273 277 280 280 281 281 281 280 276 273 273 274 275 276 275 276 277 278 279 276 272 269 270 271 275 278 278 274 269 263 254 249 250 256 265 269 264 252 242 248 260 263 254 247 241 236 234 237 240 240 242 247 246 233 219 225 232
299 299 299 299 299 299 299 299 299 298 298 298 298 297 297 296 295 295 294 293 292 291 291 290 288 285 279 276 277 278 281 284 286 286 283 277 273 274 278 283 284 284 285 283 279 276 273 274 275 276 275 274 275 277 281 282 274 267 268 273 279 283 282 276 267 260 253 246 246 252 262 269 269 262 249 237 244 254 263 263 254 246 238 235 236 235 231 232 240 242 232 218 222 228
299 299 299 300 299 300 300 299 299 298 298 298 297 297 297 296 295 295 294 293 293 293 292 292 290 289 285 280 278 278 278 282 285 287 286 282 278 276 278 284 286 286 287 285 282 280 277 274 275 277 276 274 275 278 282 284 272 266 272 279 282 283 280 273 263 255 247 243 248 257 265 268 265 258 247 236 242 250 256 264 262 252 245 242 241 236 229 229 236 238 232 221 221 226
300 300 300 300 300 300 300 299 299 298 298 297 297 297 297 296 296 295 295 294 294 294 293 293 293 295 293 288 283 279 277 279 284 287 289 291 288 282 282 287 289 289 289 287 286 284 280 275 273 277 280 276 275 277 279 281 275 270 274 280 282 279 274 267 260 254 246 245 255 264 266 264 259 252 243 239 246 252 253 258 264 259 252 250 247 242 236 235 237 236 232 227 224 226
300 300 300 300 300 300 300 299 299 298 298 297 297 297 297 297 296 296 296 295 294 294 293 294 296 299 299 293 287 281 277 277 280 286 294 302 300 290 287 291 293 292 291 288 288 286 283 280 278 278 280 277 274 273 272 274 276 274 274 278 281 276 266 259 256 254 249 251 262 268 269 262 253 247 241 243 250 252 252 256 263 265 259 254 250 246 242 241 239 235 231 230 229 230
301 301 301 300 300 300 300 299 299 299 298 297 297 297 296 297 296 296 296 295 294 294 294 295 298 301 300 295 288 282 276 274 279 288 298 308 306 295 291 293 295 293 291 287 285 286 285 285 283 279 276 275 272 268 265 263 267 274 275 275 276 272 261 254 255 257 256 258 264 269 270 261 253 248 243 244 246 247 250 254 259 263 260 256 250 245 243 241 238 235 232 232 234 238
301 302 302 301 300 300 301 300 299 299 298 297 297 296 296 296 296 296 296 295 295 295 296 296 299 301 301 297 291 283 279 280 284 288 295 307 306 296 292 292 291 289 286 283 281 283 284 284 280 274 273 272 268 265 261 256 261 271 275 274 271 265 255 252 257 263 264 263 265 268 266 259 256 255 248 245 243 244 248 251 253 252 255 256 253 250 248 245 242 240 238 236 237 242
302 302 302 301 300 301 301 300 299 299 299 298 297 297 296 296 296 295 296 296 295 296 297 297 299 302 302 302 301 295 290 289 287 284 288 302 304 294 290 287 284 282 281 280 279 280 281 279 274 271 272 271 269 266 260 257 263 268 271 272 269 262 251 250 258 265 270 269 265 264 261 259 260 258 250 244 241 243 247 249 248 244 248 254 255 254 253 249 245 244 243 241 239 242
302 302 302 302 300 300 301 300 299 299 298 298 297 297 296 296 296 296 296 296 296 296 298 299 300 302 303 305 307 303 295 289 285 281 282 297 304 293 286 283 280 279 279 277 276 278 277 274 271 271 271 271 271 268 263 263 268 269 266 265 265 262 253 252 257 262 270 274 268 263 260 260 259 255 248 245 243 243 244 244 241 238 243 250 251 248 248 246 242 240 240 241 242 242
303 303 303 302 301 301 301 300 299 298 299 298 297 296 296 296 296 296 296 296 296 297 298 300 300 301 303 305 307 302 294 288 285 283 283 292 302 292 284 281 278 275 274 273 273 275 274 271 271 272 271 270 270 269 267 269 273 273 266 262 262 262 259 256 256 258 264 273 274 269 264 258 255 251 248 248 247 248 246 241 236 234 238 244 247 243 242 242 239 236 236 236 238 241
305 304 304 303 302 302 302 301 299 299 298 298 297 296 296 296 296 296 296 296 296 297 298 299 299 300 303 306 306 301 296 292 290 288 285 286 292 289 280 276 272 269 269 270 272 274 274 273 273 273 271 270 270 270 272 273 273 273 270 264 262 263 265 263 257 256 260 269 277 277 267 258 253 251 251 252 251 253 253 247 240 235 236 241 245 244 241 239 236 233 233 233 236 240
306 305 304 303 302 302 301 301 299 298 298 298 297 296 296 296 296 296 296 296 296 297 297 298 299 301 303 306 306 302 300 299 295 290 283 279 278 277 272 268 267 267 269 272 274 274 275 275 274 273 272 272 272 273 275 274 272 271 270 266 264 264 267 270 262 257 258 265 273 273 263 258 256 255 254 251 249 249 252 255 249 241 238 239 243 246 242 237 234 232 231 233 235 238
307 306 305 303 302 302 301 300 299 298 298 298 297 297 296 296 296 296 296 296 296 296 297 298 299 302 304 309 309 304 303 301 295 287 280 275 270 263 263 265 268 271 273 274 276 276 276 276 274 273 275 277 275 274 275 275 272 269 268 267 265 264 267 272 268 262 261 265 266 260 254 256 259 260 254 249 247 243 245 251 251 244 239 237 241 244 240 233 234 233 232 232 235 237
307 307 306 304 303 302 301 300 299 299 298 298 298 297 296 296 296 296 296 296 296 296 297 298 299 301 305 311 309 303 300 297 292 287 280 273 261 258 264 269 272 275 277 278 278 278 279 279 276 275 278 280 278 274 274 277 275 270 267 266 263 261 262 266 267 265 265 266 261 252 252 257 260 255 245 246 249 238 239 244 244 241 238 238 242 242 235 228 231 232 230 232 238 240
308 307 306 304 303 302 301 300 300 300 299 298 298 297 296 296 296 296 296 296 296 296 297 297 298 301 305 308 306 299 295 294 292 287 280 269 260 265 269 271 274 277 280 282 281 279 280 281 279 277 277 281 283 279 276 278 278 273 268 265 260 254 252 256 263 264 266 265 258 254 260 263 259 248 239 247 249 230 231 238 235 234 238 243 246 244 237 227 226 228 227 232 240 242
309 308 307 305 303 303 302 301 300 300 299 298 298 297 297 297 297 296 296 296 296 297 297 297 298 300 302 304 302 296 293 293 292 287 279 269 270 273 273 274 277 280 284 285 283 281 281 283 283 278 276 281 288 286 279 275 275 273 267 262 255 247 246 251 259 263 264 262 258 261 265 262 256 246 242 251 248 221 224 233 230 229 235 242 245 245 239 228 224 225 225 231 239 241
310 310 308 306 304 303 303 301 300 300 300 299 299 298 297 297 297 297 296 296 296 297 297 297 297 298 300 300 301 298 294 292 292 288 282 279 279 280 280 281 283 284 285 285 286 286 284 283 283 281 278 281 287 287 279 271 268 267 264 259 252 247 247 251 255 261 262 260 261 262 258 254 253 246 247 253 242 215 219 230 232 230 233 237 240 239 233 225 224 225 226 231 236 238
