windninja/windninja_output/Output_2025-08-24_2100-2150_Google earth_Fire_150m_10min/merlingen_7.5mi_point_08-24-2025_2100_150m_ang.asc
ncols	158
nrows	163
xllcorner	391686.332397
yllcorner	5160024.123721
cellsize	150.000000
NODATA_value	-32768.000000
[rows 0 to 41 of 163, columns 0 to 93 of 158]
292 290 288 289 289 292 293 289 286 287 286 278 262 249 250 258 267 273 277 287 295 291 279 276 279 283 283 277 274 275 274 272 271 269 268 271 275 274 274 273 270 269 269 270 273 276 279 281 281 280 279 279 279 279 278 274 271 269 270 271 270 267 265 263 260 257 257 260 265 269 268 266 262 259 259 260 259 260 261 262 260 256 254 256 257 255 250 248 249 246 244 244 243 240
294 292 291 291 291 291 290 288 286 286 286 282 269 259 259 265 273 279 284 289 295 296 288 281 280 282 283 281 278 276 274 273 273 272 273 274 275 276 277 276 275 274 273 274 277 279 280 282 284 282 280 279 278 276 274 273 271 271 271 271 270 269 267 266 264 262 261 263 266 268 268 266 263 262 262 261 259 260 262 263 259 256 256 256 256 256 253 251 250 249 248 248 246 245
297 295 294 294 292 291 289 288 288 290 292 292 287 278 274 276 281 287 290 291 294 300 300 291 282 280 282 283 281 278 276 276 276 277 279 278 278 279 280 280 281 280 280 281 282 283 283 283 285 284 282 280 277 274 273 274 274 274 272 271 271 271 270 269 268 267 266 266 267 268 267 266 266 266 266 263 260 262 263 262 258 256 258 257 256 259 257 254 252 252 254 254 252 251
298 295 294 295 293 294 294 294 296 298 299 301 297 289 284 283 285 288 289 289 291 296 301 299 289 284 284 284 284 282 280 279 280 282 283 282 281 280 281 283 284 285 285 286 286 286 286 284 283 283 283 281 277 276 276 276 276 275 274 272 272 273 272 270 270 269 269 268 268 268 266 266 267 267 266 265 264 264 263 261 257 257 258 258 259 261 259 256 254 253 254 256 257 255
298 295 294 294 294 296 299 299 299 300 301 304 303 295 290 287 286 287 286 285 287 292 301 305 297 291 289 288 288 287 284 283 284 285 286 284 283 283 285 287 289 289 289 289 288 287 285 284 283 282 280 279 277 276 275 275 275 275 275 274 273 273 272 271 271 271 270 269 269 267 266 267 268 268 266 266 267 267 264 260 258 259 259 259 261 262 262 262 260 257 254 256 259 259
297 296 295 295 295 298 300 299 298 297 298 303 306 299 292 288 284 282 282 282 283 288 298 306 302 296 292 290 290 290 288 287 286 287 287 287 287 289 290 290 291 291 290 288 287 285 283 282 281 279 277 276 276 276 275 275 276 276 276 276 274 273 273 272 272 272 271 270 269 267 265 267 269 269 267 266 267 268 265 259 258 263 264 262 262 262 264 268 269 266 262 261 261 262
296 296 297 297 297 298 298 297 296 296 299 304 308 301 292 288 285 281 282 283 284 286 293 303 304 299 294 292 292 291 290 289 288 287 287 289 291 292 291 290 290 289 287 285 284 282 281 281 280 278 276 275 275 275 275 275 276 277 277 277 277 276 274 273 272 272 272 272 270 268 266 267 270 270 268 267 267 267 264 258 260 266 267 265 264 263 264 269 275 276 274 271 266 265
296 296 297 297 296 295 294 293 293 296 301 306 310 304 293 289 287 285 284 285 285 286 290 299 304 302 298 295 294 292 291 289 288 286 287 289 290 289 288 286 285 284 283 282 281 281 280 279 279 277 276 277 276 274 274 276 278 278 279 280 280 279 275 272 271 271 273 273 271 270 270 270 269 268 268 268 266 264 259 258 264 268 269 267 265 264 265 269 274 279 280 278 274 270
296 295 296 297 296 294 291 291 293 297 302 307 311 306 296 290 289 288 286 286 286 286 289 295 303 307 303 297 296 294 291 290 288 287 286 286 285 284 282 281 280 280 280 280 280 280 279 279 279 278 277 277 276 275 275 278 279 280 280 280 279 277 276 273 270 270 273 274 272 270 270 270 268 266 267 267 266 262 257 260 266 270 273 271 269 268 267 269 273 277 280 279 277 277
295 295 295 295 296 294 292 293 295 298 302 306 310 307 297 291 290 290 290 289 288 288 289 293 300 306 306 300 297 296 292 290 290 287 285 283 282 280 279 278 278 278 279 280 279 279 279 278 278 279 278 277 277 278 278 278 279 279 277 274 273 274 276 273 272 273 274 274 271 267 267 269 269 267 266 266 265 263 262 266 269 271 275 277 275 274 273 274 276 276 274 276 278 278
296 295 295 295 295 295 295 296 297 299 301 304 308 308 300 293 291 291 293 292 290 290 290 293 298 303 308 303 298 297 292 289 288 286 283 280 279 278 278 278 278 278 278 278 277 277 278 277 276 277 278 277 278 279 278 275 274 273 271 268 269 271 272 275 278 277 275 273 269 265 266 268 269 268 266 264 265 268 272 274 272 270 272 276 279 280 279 278 277 274 270 273 276 275
296 296 295 295 296 296 296 297 298 300 301 303 307 308 302 296 293 292 293 293 292 291 290 291 294 298 302 299 295 293 289 286 286 285 282 279 277 278 279 279 278 277 277 276 274 274 274 273 270 271 275 275 275 275 274 271 269 267 265 264 265 266 271 279 281 280 277 272 268 269 270 269 269 269 267 267 269 273 279 281 276 271 271 275 280 283 281 278 276 273 271 271 272 273
296 296 296 296 296 297 297 297 298 299 300 302 305 306 302 296 294 294 293 293 293 291 289 288 288 288 291 292 291 289 287 286 285 285 281 278 278 280 280 279 278 277 276 274 272 269 266 263 263 267 270 271 271 270 271 271 269 264 260 259 262 266 272 279 282 280 278 276 279 279 275 271 271 273 276 276 275 276 279 281 278 275 274 276 279 280 278 275 273 273 272 270 269 272
296 296 296 296 297 297 297 297 298 299 300 301 304 306 301 295 294 295 294 293 292 290 287 283 280 282 286 289 289 288 286 285 285 283 281 280 280 280 280 279 277 274 270 268 266 263 259 257 259 264 268 269 268 268 270 272 272 266 258 258 264 270 275 280 282 281 280 283 289 289 281 276 276 279 282 281 278 277 275 275 278 279 278 276 274 273 274 271 267 269 271 268 266 267
296 296 296 297 297 297 297 297 298 299 300 301 304 307 302 296 294 296 296 292 289 287 283 280 279 281 286 287 287 286 284 284 285 284 284 283 280 277 275 272 269 264 260 262 264 262 262 264 262 261 265 269 269 269 271 273 276 273 267 265 270 275 279 281 280 280 283 286 292 298 294 286 282 281 281 280 279 276 271 274 279 281 279 275 270 269 270 267 261 262 267 267 263 263
296 296 296 297 297 297 297 297 298 298 300 301 304 308 306 298 295 296 296 293 289 287 284 282 281 284 287 287 286 286 286 287 287 285 283 279 274 270 266 263 261 259 260 265 268 267 268 272 269 265 267 271 275 276 275 274 276 280 278 274 276 279 282 282 278 279 284 286 290 300 304 294 286 281 280 281 278 273 273 278 281 280 276 272 268 266 265 262 259 257 261 264 263 263
296 296 296 297 297 297 297 298 298 298 299 301 303 307 307 299 294 294 294 293 291 289 287 285 284 285 287 288 288 288 288 286 282 277 271 268 268 266 264 263 265 267 271 271 271 271 271 272 275 277 276 277 279 279 277 273 272 278 283 281 280 281 282 281 278 278 281 286 288 294 301 298 289 287 286 283 278 276 279 280 277 274 272 268 265 263 260 258 260 263 263 263 262 262
296 296 297 297 297 297 298 298 298 299 299 300 301 304 304 299 293 292 292 291 290 288 287 286 285 283 285 287 288 287 284 278 271 265 264 267 270 270 270 271 273 275 275 273 271 273 274 275 279 283 283 282 280 278 275 273 273 277 283 283 281 281 281 281 281 279 280 284 286 287 292 297 294 294 293 287 284 282 280 275 269 268 267 263 260 260 259 259 264 271 272 266 262 262
297 297 297 297 297 298 298 298 299 299 299 299 300 301 301 298 293 290 288 287 286 286 286 286 284 282 283 285 285 282 277 271 266 266 268 270 272 274 275 275 275 275 274 274 273 274 278 282 282 281 282 282 280 277 276 277 277 278 281 283 280 279 279 280 282 281 280 280 281 284 290 296 295 293 294 291 287 281 273 266 266 267 266 263 260 259 260 262 266 272 276 271 266 264
297 297 297 297 298 298 298 298 298 299 298 298 299 300 299 297 293 289 287 286 286 286 287 286 285 284 283 283 282 280 275 270 268 268 270 271 273 276 278 278 278 277 276 275 276 278 282 284 283 279 279 281 282 282 281 281 279 278 279 281 278 276 277 280 282 281 279 278 281 287 291 294 291 289 290 290 283 274 269 267 268 270 271 269 266 262 261 262 265 269 276 276 269 267
297 297 298 298 298 298 298 298 298 298 298 298 298 299 298 296 293 291 289 289 289 288 288 288 286 285 283 282 281 280 277 273 270 272 275 277 279 282 284 282 280 278 277 277 279 281 281 281 282 280 279 281 284 286 285 283 280 278 277 277 276 274 277 281 282 282 282 283 286 289 289 288 285 284 287 287 279 272 270 270 272 273 273 274 271 267 263 262 265 270 275 276 269 267
297 298 298 298 298 298 298 298 298 298 299 298 297 298 297 296 294 293 292 291 290 290 289 288 287 285 283 282 281 280 279 278 277 280 283 283 283 283 283 281 278 277 277 278 279 279 279 281 283 282 281 282 284 286 286 284 282 280 277 274 274 274 277 281 283 285 287 288 287 286 282 279 278 281 285 288 283 274 269 269 272 272 272 274 275 270 265 264 268 271 273 274 268 266
297 297 298 298 298 299 299 298 298 298 299 298 298 297 297 296 295 294 293 292 291 291 290 289 287 286 284 282 281 281 282 285 285 284 284 283 280 278 277 278 277 277 277 277 278 280 282 284 284 283 282 282 282 283 285 286 285 284 280 274 273 275 277 282 287 291 292 290 285 279 274 273 275 279 284 292 291 279 272 268 266 267 269 273 276 274 270 269 270 271 271 269 265 266
298 298 298 298 299 299 299 298 298 298 299 299 298 297 297 297 296 295 294 293 292 291 291 290 288 286 283 280 279 281 284 288 287 283 280 278 277 275 275 278 280 279 278 277 280 284 285 283 283 283 282 281 281 283 285 287 286 285 283 277 274 274 278 285 292 294 292 286 277 270 268 270 275 280 285 290 293 285 278 269 263 263 265 268 273 278 278 274 270 270 269 264 263 266
298 298 299 298 299 299 299 298 298 298 299 299 298 297 297 297 296 295 294 294 293 292 291 290 288 285 281 277 277 281 286 288 287 282 279 277 275 276 278 280 282 282 281 282 284 285 282 280 281 282 282 281 283 284 285 287 286 285 283 280 275 276 281 288 292 291 286 277 267 264 266 272 280 284 283 281 285 288 283 275 267 264 263 262 267 276 280 277 273 270 267 259 262 266
298 299 299 299 299 299 299 299 298 298 298 298 298 298 297 297 296 295 295 294 293 292 291 290 289 286 280 276 278 282 285 287 288 286 282 278 275 276 280 283 285 285 286 286 284 281 279 279 280 281 282 282 282 284 286 288 286 282 280 280 281 284 288 289 288 285 278 269 261 262 269 280 285 285 280 273 275 284 289 284 276 269 264 261 263 270 276 275 274 272 268 261 262 264
299 299 299 299 299 299 299 299 299 299 298 298 298 298 297 296 296 295 295 294 293 293 292 292 290 287 282 278 279 280 283 286 288 289 286 280 276 277 281 286 288 288 289 287 284 282 280 280 282 283 282 280 281 284 288 291 286 278 278 284 288 291 291 288 282 276 270 262 259 265 276 284 287 284 280 272 270 277 289 294 286 276 269 265 265 266 268 268 269 270 271 270 265 263
299 299 299 299 299 300 300 299 299 299 298 298 297 297 297 296 296 296 295 294 294 294 294 294 293 292 288 283 281 280 281 284 287 289 289 285 281 279 282 287 290 290 291 289 287 287 284 281 281 284 284 281 283 286 290 294 287 279 283 289 291 290 289 284 276 269 262 258 263 272 279 283 284 283 280 275 270 272 282 295 293 284 277 274 271 266 261 260 263 265 269 275 274 266
300 300 299 300 300 300 300 299 299 298 298 297 297 297 297 297 296 296 296 295 295 295 295 295 296 298 296 290 285 282 279 282 287 289 292 294 291 285 285 291 294 294 294 292 291 291 288 283 281 284 288 285 283 285 288 295 294 284 285 290 291 288 284 279 273 267 261 261 272 279 280 281 281 279 277 277 275 272 274 285 294 292 284 279 274 267 261 261 262 261 263 271 279 274
300 300 300 300 300 300 300 299 299 298 298 297 297 297 297 297 297 296 296 296 295 295 295 296 298 302 302 296 290 284 280 280 284 289 297 306 304 294 291 295 298 297 297 294 294 294 291 288 286 287 290 287 284 282 283 290 296 287 283 286 289 285 277 271 268 267 266 269 276 281 282 280 275 271 272 278 278 272 270 277 290 296 289 280 274 268 266 268 266 260 258 264 275 280
301 301 301 300 299 300 300 299 299 299 298 298 297 297 297 297 297 297 297 296 295 296 296 297 300 303 303 297 291 285 279 277 282 291 301 311 310 299 294 297 299 298 297 293 293 294 293 292 290 287 287 285 281 277 276 279 285 285 283 282 283 281 271 263 264 269 273 275 276 280 282 276 270 270 275 280 278 271 268 273 284 294 291 282 276 273 272 271 267 261 257 258 266 277
301 301 301 301 300 300 301 300 299 299 298 298 297 297 297 297 297 297 296 296 296 297 297 298 301 304 303 300 295 287 282 283 286 290 297 311 310 299 296 296 296 294 292 289 288 290 290 289 286 281 280 280 276 272 270 269 275 280 282 280 278 275 265 260 265 274 280 279 276 277 277 273 273 278 282 281 277 271 269 271 277 286 289 285 281 278 275 271 266 262 259 257 259 268
301 301 302 301 300 300 301 300 299 299 299 298 297 297 297 297 296 296 296 296 296 297 298 299 301 304 305 305 304 299 293 291 290 287 290 305 308 297 293 291 288 287 286 285 284 286 286 283 279 277 277 277 276 272 268 268 275 277 278 277 275 272 264 261 267 276 286 285 278 274 274 277 281 285 286 283 279 274 270 270 271 274 280 283 282 279 275 271 266 263 262 259 259 264
302 302 302 301 300 300 301 300 299 299 298 298 297 297 296 296 296 296 297 297 297 298 299 301 301 304 306 307 310 306 297 292 288 283 285 300 307 296 290 287 284 283 283 282 281 282 281 278 275 276 276 276 276 274 270 271 278 278 273 271 272 274 271 266 268 274 284 289 281 275 277 282 284 285 286 286 284 279 272 266 262 263 271 279 282 277 273 271 267 263 261 261 263 267
303 303 303 302 301 301 301 300 299 298 299 298 297 297 296 296 296 296 297 297 297 298 300 301 302 303 305 308 310 305 296 290 287 285 285 295 305 295 287 285 282 279 278 276 276 279 278 275 275 276 275 275 275 274 273 275 280 280 273 268 269 274 281 274 268 269 277 287 287 283 282 281 279 280 283 286 287 283 275 264 257 257 263 271 279 278 271 270 269 263 261 263 267 272
304 304 303 302 302 302 301 300 299 299 298 298 297 297 296 296 296 296 296 297 297 298 299 300 301 302 305 308 309 304 298 294 292 290 287 289 295 292 284 279 276 272 272 273 275 277 277 276 277 277 276 275 275 276 278 279 280 279 276 270 268 273 283 282 271 267 272 282 290 289 284 277 273 274 279 285 286 281 276 269 261 257 257 262 270 278 274 269 268 267 266 266 268 270
305 305 304 302 302 302 301 300 299 298 298 298 297 297 296 296 296 296 296 297 297 297 298 299 300 302 305 308 309 304 302 301 297 292 285 281 282 281 275 271 270 270 272 275 277 278 279 279 279 277 277 278 278 280 282 281 279 278 276 272 270 273 282 288 277 269 270 278 286 287 279 272 271 275 280 283 282 276 273 275 271 262 256 256 262 275 281 272 268 271 271 269 268 268
306 306 304 303 302 301 301 300 299 298 298 298 297 297 297 297 296 296 296 297 297 297 298 299 300 303 306 311 311 306 305 302 296 289 282 278 273 267 265 268 270 274 276 278 279 280 281 281 279 278 280 282 282 281 282 283 280 277 276 274 272 273 280 289 284 274 272 276 280 277 270 270 275 281 282 279 280 277 271 274 276 268 260 255 260 270 282 278 272 273 274 270 269 272
306 306 305 303 302 301 300 300 299 299 298 298 298 297 296 296 296 296 296 296 297 297 298 298 300 302 307 313 311 304 301 299 294 288 282 275 264 260 266 271 275 278 280 282 282 282 284 285 283 281 284 287 287 282 282 286 285 281 278 276 274 272 276 283 285 277 275 275 274 268 269 277 282 282 277 274 282 286 270 268 272 271 264 260 263 267 274 280 276 273 272 271 273 275
307 306 305 303 302 301 300 299 299 299 298 298 297 297 296 296 296 296 296 296 296 297 298 298 299 302 306 310 307 300 296 296 294 289 282 272 263 268 272 274 278 281 284 286 285 284 286 287 287 284 284 288 292 289 286 289 291 287 282 278 273 267 265 272 280 278 275 274 270 270 279 284 282 274 268 275 284 294 275 265 263 264 265 267 267 267 271 279 279 273 269 271 275 274
308 307 306 304 303 302 301 300 300 300 299 298 298 297 297 297 297 296 296 296 297 297 297 298 299 301 303 305 303 298 294 294 293 288 281 272 273 276 276 277 280 284 288 289 288 286 287 290 291 286 283 288 297 297 290 287 290 288 281 275 268 259 256 263 275 277 274 272 272 278 284 281 275 270 271 279 286 299 281 265 256 255 262 268 268 269 273 278 278 273 269 270 270 268
309 309 307 305 304 303 302 301 300 300 299 298 298 298 297 297 297 297 296 297 297 297 297 297 298 299 300 301 302 299 295 294 293 289 284 282 283 283 284 285 287 288 289 290 291 292 291 291 292 289 285 288 295 296 288 281 280 280 275 268 261 256 257 262 269 276 274 272 277 281 278 272 272 275 279 282 286 293 277 264 258 257 261 265 268 272 273 272 272 272 272 268 263 263
