windninja/windninja_output/Output_2025-08-24_2100-2150_Google earth_Fire_150m_10min/merlingen_7.5mi_point_08-24-2025_2140_150m_ang.asc
ncols	158
nrows	163
xllcorner	391686.332397
yllcorner	5160024.123721
cellsize	150.000000
NODATA_value	-32768.000000
[rows 84 to 125 of 163, columns 0 to 93 of 158]
279 285 293 287 279 276 277 276 275 280 287 291 290 287 285 285 285 284 285 287 287 287 285 284 286 286 281 277 275 273 272 270 268 267 267 267 266 264 263 261 259 258 258 258 257 257 257 258 258 255 251 249 250 251 252 251 251 250 249 248 247 246 245 243 242 241 240 239 238 236 235 233 232 230 228 226 222 218 211 200 186 186 196 206 217 219 218 217 216 215 216 216 217 216
270 270 271 270 267 264 260 258 266 276 284 287 287 284 282 282 283 282 283 285 286 287 286 286 287 288 283 277 276 275 272 269 267 264 263 263 264 264 265 264 263 261 260 260 260 260 261 262 262 260 257 253 250 249 250 251 251 250 249 248 247 246 244 243 242 241 240 239 237 236 235 233 232 230 228 226 222 218 211 200 186 181 190 205 219 219 217 217 216 215 216 217 217 218
267 265 264 264 260 255 250 254 266 277 284 285 284 283 280 279 278 278 279 281 283 284 285 287 290 290 284 279 276 275 272 270 268 265 262 260 258 258 260 264 266 264 261 259 259 259 260 261 262 262 261 257 254 251 251 251 251 251 250 249 247 246 244 243 242 241 239 238 237 236 235 233 232 230 228 226 223 219 213 203 186 176 182 201 217 220 219 218 217 216 216 217 216 212
267 264 260 260 256 252 251 258 268 275 279 280 281 280 277 275 273 272 274 277 279 279 281 289 296 296 286 279 275 273 272 271 270 270 267 261 256 254 254 256 259 262 262 259 257 257 259 259 259 260 261 259 257 254 253 253 254 253 252 250 248 246 244 243 242 240 239 238 237 236 235 233 232 230 229 226 224 221 216 207 189 170 172 193 215 220 220 221 221 222 221 217 211 205
268 266 263 263 259 255 256 261 265 267 270 276 280 278 274 271 267 267 269 273 276 278 286 295 304 302 286 278 273 270 269 269 269 270 271 268 263 258 254 253 253 255 258 258 256 255 255 256 256 256 256 257 257 255 254 254 255 256 255 253 250 247 244 243 241 240 239 238 237 236 235 233 232 231 229 227 225 223 218 211 197 174 166 192 218 223 223 224 224 225 222 215 210 207
271 271 269 266 263 260 259 258 257 258 267 276 278 276 271 265 261 263 267 273 279 287 294 299 305 297 281 275 271 269 267 267 267 267 268 270 270 266 260 257 255 254 255 257 257 255 253 253 254 254 253 252 252 252 250 249 250 253 257 258 253 247 244 242 241 240 239 238 237 236 235 234 232 231 230 228 227 224 221 216 208 194 180 208 240 242 239 235 230 228 225 217 217 222
272 270 266 262 263 262 260 255 251 255 266 273 273 269 265 260 259 260 265 275 287 296 299 294 285 278 273 271 269 268 267 266 266 265 264 266 268 268 264 259 256 256 256 257 257 256 254 253 252 253 253 252 251 249 246 245 245 248 253 257 252 246 243 242 241 240 239 238 237 236 235 234 233 232 230 229 228 226 223 221 217 211 206 225 251 257 254 246 240 239 234 224 229 233
268 264 257 255 258 261 260 256 251 256 263 266 263 260 258 258 259 259 262 276 293 302 294 273 257 259 266 267 267 266 266 265 265 265 264 264 264 265 265 260 255 254 255 257 258 258 256 255 253 253 255 255 254 251 245 241 242 243 245 245 242 241 241 241 240 240 239 238 237 236 235 234 233 232 231 230 229 227 226 225 223 221 219 225 240 248 250 249 247 247 240 237 245 249
265 261 255 253 253 255 256 253 246 250 256 258 254 254 256 259 261 261 266 276 287 294 270 249 240 249 260 264 265 265 265 265 265 265 265 264 263 263 263 262 256 252 252 255 257 258 258 257 256 256 258 259 259 255 247 242 243 244 242 239 235 236 239 240 240 240 239 238 237 236 235 234 234 233 232 231 230 229 228 228 227 227 228 234 243 248 252 255 255 253 251 256 263 264
266 263 259 256 256 256 255 248 237 242 246 246 241 241 243 251 259 265 272 273 266 239 232 233 233 247 258 262 263 264 264 265 266 268 267 265 263 262 261 262 258 252 249 252 255 257 258 257 257 257 259 263 263 257 254 255 254 251 247 243 238 236 238 240 240 240 239 238 238 237 236 235 234 233 232 231 231 230 230 229 229 230 233 239 250 259 263 266 264 260 258 261 264 264
266 264 261 261 262 262 258 250 239 245 247 242 236 234 236 246 254 261 265 257 238 220 218 226 235 250 258 261 261 261 262 265 269 271 269 265 263 262 261 260 258 252 248 247 248 250 253 255 255 255 256 260 258 254 255 260 262 258 253 248 243 239 239 240 240 240 239 239 238 237 236 235 235 234 233 232 232 231 231 231 231 232 234 238 245 254 261 264 262 258 255 254 254 254
263 261 260 262 263 260 256 253 258 263 259 251 245 244 248 256 256 259 257 244 228 224 224 233 244 255 259 261 260 258 260 265 268 269 267 265 263 262 262 261 259 255 250 245 242 242 245 248 250 252 253 251 246 247 252 255 258 258 254 250 246 242 241 242 241 241 240 239 238 238 237 236 235 234 234 233 232 232 232 232 232 233 234 237 240 245 250 252 252 250 248 247 246 246
262 261 260 261 259 252 249 250 261 271 269 260 253 251 258 263 262 264 255 231 225 230 236 247 257 262 262 261 260 260 262 264 263 263 264 265 265 264 263 262 261 260 256 250 245 241 241 243 246 248 248 245 241 242 248 252 255 256 254 252 249 245 243 243 243 242 241 240 239 238 237 236 236 235 234 234 233 233 233 232 233 233 234 235 237 239 241 243 243 243 243 242 241 241
265 264 262 259 254 248 244 244 249 260 265 261 260 258 262 265 268 266 250 227 224 234 245 259 268 268 265 262 263 266 267 264 261 261 263 265 267 267 265 263 262 262 261 258 254 249 247 248 249 249 247 244 243 242 246 249 253 255 255 254 252 249 247 246 245 243 242 240 240 239 238 237 236 236 235 234 234 234 233 233 233 233 234 235 236 237 238 238 238 239 238 238 238 237
265 264 261 258 256 252 247 245 246 250 255 260 265 267 269 270 269 259 242 230 228 237 251 262 267 261 260 262 264 266 267 266 264 262 262 264 267 269 269 267 265 263 262 261 258 257 257 256 254 251 248 246 244 244 245 247 249 250 252 252 251 251 252 251 249 246 243 241 240 240 239 238 237 236 236 235 235 234 234 234 234 234 234 234 234 235 235 236 236 236 235 235 235 234
263 262 260 260 262 260 258 255 252 249 251 255 261 269 271 268 262 251 240 232 234 245 257 259 251 245 253 260 263 265 266 267 267 266 264 264 266 268 271 272 269 266 264 261 257 257 257 255 252 249 247 246 243 243 244 245 246 247 248 248 247 248 251 252 252 250 246 244 242 241 240 239 238 237 237 236 236 235 235 234 234 234 234 234 234 234 234 234 234 234 234 234 233 233
260 259 259 260 260 259 259 259 255 252 252 253 255 262 265 261 257 254 244 239 249 261 261 251 238 241 251 258 262 264 265 267 269 270 270 269 268 267 269 273 273 269 266 263 258 255 254 252 250 247 245 244 242 241 241 242 242 244 245 244 243 243 244 247 250 251 249 247 244 242 241 240 239 239 238 237 237 236 236 235 235 234 234 234 234 233 233 233 233 233 233 232 232 232
260 259 259 258 257 256 257 257 255 254 254 253 251 250 251 252 254 254 249 254 266 268 257 242 239 246 253 258 260 262 264 267 271 274 277 277 274 271 270 272 274 272 269 267 262 256 253 252 249 246 244 243 242 242 242 240 239 240 241 241 242 242 242 242 244 246 247 247 245 244 243 243 242 240 239 239 238 237 237 236 235 235 234 234 233 233 233 233 232 232 232 231 231 231
260 260 260 257 255 256 256 256 256 255 255 254 250 245 245 249 251 251 250 258 264 257 244 242 244 249 255 258 260 262 265 268 271 275 279 282 282 279 275 274 275 275 273 270 265 257 252 249 246 245 243 242 241 240 241 240 238 238 238 238 238 239 240 240 242 243 243 243 244 246 248 248 246 243 242 241 240 239 238 238 237 236 235 234 234 233 233 232 232 232 231 231 231 231
259 258 258 256 255 256 256 256 256 256 256 256 255 256 257 257 255 254 255 259 254 240 240 245 247 249 254 259 262 265 267 268 270 274 278 283 287 286 281 278 278 280 278 275 271 263 254 248 244 243 243 242 241 239 238 237 237 237 237 236 235 234 235 237 240 240 240 239 239 242 247 251 251 249 247 246 244 243 241 240 238 237 236 235 234 233 233 232 232 231 231 231 231 231
257 256 255 255 256 257 258 257 257 258 260 262 264 269 273 271 265 260 260 257 246 239 242 245 246 247 251 257 261 266 269 270 271 273 276 279 285 288 286 283 283 283 282 280 278 271 261 252 245 242 242 242 241 240 239 237 236 235 236 237 236 235 234 236 237 237 236 234 233 235 240 245 251 255 255 254 252 249 246 243 241 239 237 236 235 234 233 233 232 231 231 231 231 231
256 255 254 254 255 257 258 257 257 259 263 266 270 275 277 276 271 266 261 254 247 245 245 244 244 245 249 253 257 263 268 271 272 271 272 276 282 288 290 288 286 286 285 284 282 276 265 255 246 242 240 239 238 239 239 238 236 235 235 236 236 235 235 237 237 237 235 231 229 232 236 238 241 247 252 255 257 256 253 251 248 243 239 237 236 234 234 233 232 232 231 231 231 231
254 253 251 251 253 254 255 255 256 258 262 266 269 272 275 274 270 265 259 252 249 250 249 244 242 245 247 249 254 260 265 270 271 267 267 274 282 288 290 290 288 286 286 285 285 282 271 258 249 243 240 238 236 235 236 236 236 236 235 235 235 234 235 235 236 236 235 231 228 230 233 234 235 236 238 243 248 250 252 254 255 249 242 239 237 235 234 233 233 232 232 232 231 231
251 249 248 249 251 251 253 255 254 256 258 260 260 262 265 268 267 263 258 251 249 252 253 245 240 242 244 244 249 258 265 268 266 260 265 275 283 286 286 289 290 287 285 285 285 284 276 261 251 246 243 240 237 235 234 233 234 235 235 235 234 235 234 234 234 233 233 231 228 228 231 233 234 234 235 238 241 240 240 244 249 251 247 242 238 236 235 234 234 233 233 232 232 231
248 246 245 248 249 249 250 251 252 253 254 255 254 254 256 260 262 260 254 251 252 255 256 249 241 240 242 240 244 255 262 263 260 254 265 277 281 279 280 285 290 288 285 285 283 282 279 265 250 244 242 241 239 237 234 232 232 232 233 232 232 234 234 233 234 233 232 231 228 226 228 232 234 235 235 235 236 237 238 240 243 246 249 246 241 238 237 236 235 235 234 233 233 232
246 245 246 248 250 250 250 249 251 252 252 251 249 250 254 258 260 253 245 247 254 259 259 253 245 240 240 238 244 254 258 257 254 253 265 275 276 273 277 280 281 283 286 288 284 279 279 270 251 242 238 237 236 236 235 233 232 232 231 229 229 231 232 231 233 235 233 231 228 225 226 231 233 233 234 234 235 236 238 240 241 242 244 247 245 242 239 238 237 236 236 235 235 234
245 245 249 252 254 254 253 252 251 250 250 250 248 249 253 259 260 246 237 243 252 261 262 256 249 244 240 238 243 252 256 254 250 251 262 270 271 273 276 271 262 268 280 288 288 282 278 272 250 241 237 234 233 233 233 232 231 232 232 229 228 230 231 229 231 234 234 233 229 225 224 228 231 231 233 235 236 236 237 238 241 243 243 244 246 246 244 242 241 240 239 239 239 238
244 247 252 254 255 254 253 252 251 250 249 250 252 252 255 260 259 240 232 239 247 258 265 259 252 250 246 239 240 244 250 253 249 248 258 266 269 271 270 258 251 256 263 274 285 286 280 271 248 238 234 232 231 232 232 230 229 232 233 230 229 230 230 228 227 229 231 232 230 226 224 227 231 231 232 234 235 235 236 238 241 243 243 241 241 244 247 247 247 246 246 245 244 243
247 250 252 253 252 251 250 249 249 247 245 248 253 254 256 260 258 235 227 235 240 249 260 260 251 254 256 253 245 240 242 248 248 251 260 265 266 266 259 251 250 251 253 260 270 275 272 271 262 235 228 225 227 231 232 229 228 229 231 230 228 228 229 228 226 226 227 228 228 227 226 229 232 232 232 234 234 233 233 235 238 241 241 240 238 238 243 248 250 252 253 251 247 244
248 249 251 251 251 252 251 249 246 243 241 247 252 253 254 258 258 232 222 228 233 241 250 254 249 255 260 262 257 244 239 242 247 256 266 268 264 258 250 246 243 244 249 257 258 252 250 247 235 207 211 214 220 227 230 229 226 227 229 229 226 225 226 228 226 225 225 224 224 223 223 226 229 229 230 232 233 231 230 231 235 239 240 240 240 237 239 243 245 247 250 249 244 242
244 245 247 249 249 249 250 249 245 242 244 249 250 247 249 257 259 236 212 224 228 235 241 245 248 251 253 255 258 254 242 240 246 257 266 269 262 253 246 237 231 234 243 249 246 229 221 217 209 190 179 192 209 221 227 227 226 226 228 228 226 223 224 226 225 223 223 223 222 221 220 223 227 228 228 230 232 232 230 230 233 236 234 234 235 232 233 236 235 237 241 240 238 239
239 240 243 245 246 246 245 246 245 246 251 254 248 240 244 255 262 245 204 224 230 231 232 236 242 246 245 243 247 251 240 236 242 253 261 262 256 248 240 230 223 229 236 239 235 222 211 208 207 196 174 167 188 212 224 227 226 225 226 227 225 222 222 225 224 221 221 222 222 221 220 222 227 230 229 229 230 232 231 230 233 235 231 229 229 226 225 228 230 234 237 235 233 233
235 238 241 243 245 244 242 240 243 249 257 258 246 235 242 255 262 247 200 224 232 230 227 230 234 239 239 238 246 246 232 229 235 245 255 257 249 236 229 224 220 226 230 232 231 223 212 206 203 197 181 164 169 197 218 226 227 225 225 226 224 221 222 225 224 220 219 221 221 221 220 220 223 227 230 231 231 231 231 231 235 237 233 228 227 223 220 223 228 233 235 232 228 226
231 237 241 243 245 244 241 238 242 248 256 257 244 234 243 253 259 248 208 223 229 229 226 226 228 230 229 231 240 242 233 230 231 237 241 240 231 220 217 218 217 221 224 226 228 221 207 199 196 195 187 172 166 182 207 222 225 224 224 225 224 220 220 223 222 219 218 219 220 219 218 217 218 222 226 229 230 230 231 231 234 238 234 227 225 222 219 221 227 231 231 228 224 223
232 236 240 243 245 244 241 241 245 247 250 252 244 237 244 249 254 257 250 258 241 236 232 230 229 226 221 221 227 230 231 230 228 234 234 227 217 207 207 210 212 215 218 222 224 218 205 197 194 194 191 179 168 173 195 216 223 223 223 224 223 220 219 220 219 216 215 217 218 218 217 215 215 218 222 225 226 227 229 228 231 234 232 226 223 222 219 221 226 227 226 223 221 223
232 234 239 244 246 244 243 247 252 251 249 250 247 243 244 246 251 258 267 319 309 264 248 243 240 233 226 223 224 224 225 222 227 236 236 230 222 209 207 209 209 211 213 215 215 213 206 200 197 195 194 184 172 170 186 211 222 223 222 223 223 220 219 220 218 216 214 215 217 219 217 215 214 215 218 221 223 224 227 229 232 234 231 226 223 222 220 221 224 224 223 220 219 224
229 231 236 243 247 247 249 253 256 254 250 252 251 243 242 245 251 255 260 291 331 305 275 261 254 248 243 239 236 233 231 229 234 240 240 236 228 220 216 215 214 212 211 212 212 211 207 201 196 195 194 188 177 171 180 205 220 223 222 222 222 219 220 224 225 227 226 220 219 220 218 215 214 213 215 218 220 222 226 230 233 234 231 226 224 222 220 220 222 223 222 219 217 221
225 228 233 236 237 239 244 251 258 257 251 255 256 244 237 241 248 253 255 262 309 321 305 286 273 263 254 250 251 252 249 245 244 243 242 239 235 232 226 222 221 219 219 220 219 217 213 208 201 199 196 191 182 174 179 198 217 222 222 223 224 223 227 232 236 243 248 241 228 223 220 217 215 214 213 214 216 219 223 226 229 231 229 225 222 220 218 219 221 223 221 217 214 217
217 224 230 228 227 227 232 239 248 253 251 258 261 252 240 240 245 249 251 253 273 306 313 306 292 280 270 265 264 261 255 252 248 245 245 242 238 236 229 224 225 227 228 227 226 226 224 217 209 204 201 195 185 177 179 193 212 220 222 225 228 230 234 235 232 235 240 244 241 231 224 220 218 215 212 210 212 215 218 220 224 227 225 220 219 217 215 215 218 220 218 213 212 216
215 226 232 228 226 228 229 232 238 241 247 260 266 259 251 249 246 245 246 251 261 278 298 306 302 296 289 281 276 268 257 254 251 247 247 244 238 237 232 223 223 228 230 229 227 226 225 217 209 205 203 198 188 180 181 192 213 226 229 231 231 232 232 229 226 228 230 231 235 236 232 227 222 218 213 209 208 210 213 215 217 220 220 217 216 217 214 213 217 219 217 210 210 217
218 228 233 229 229 232 232 232 235 235 240 255 265 258 259 261 251 242 239 246 258 267 276 284 291 296 296 290 283 270 253 252 252 249 249 246 240 239 235 226 221 224 228 230 228 225 221 214 206 203 202 200 191 182 184 195 213 229 235 234 230 228 225 222 222 225 227 227 229 231 237 242 237 227 219 212 206 206 209 209 211 216 219 218 217 217 213 213 219 220 215 207 206 214
214 224 229 225 225 230 232 232 234 233 235 246 254 255 263 268 258 243 235 236 245 260 267 268 270 274 280 279 274 256 241 249 252 250 249 247 242 240 238 230 223 222 226 232 232 228 222 213 204 202 204 202 195 187 186 194 207 219 225 223 220 221 219 218 220 224 225 226 227 228 231 242 250 248 236 220 210 206 207 209 210 217 220 219 217 216 212 213 217 218 212 203 204 212
