windninja/windninja_output/Output_2025-08-24_2100-2150_Google earth_Fire_150m_10min/merlingen_7.5mi_point_08-24-2025_2120_150m_ang.asc
ncols	158
nrows	163
xllcorner	391686.332397
yllcorner	5160024.123721
cellsize	150.000000
NODATA_value	-32768.000000
[rows 42 to 83 of 163, columns 0 to 93 of 158]
318 316 314 311 308 305 304 302 300 299 298 296 295 294 293 292 291 290 289 289 288 288 287 286 286 286 286 287 288 287 283 279 277 274 269 264 263 265 265 262 258 255 251 251 252 248 243 240 239 242 246 245 237 233 236 237 233 231 234 236 233 227 225 224 223 223 221 220 216 213 213 214 210 201 198 200 194 189 192 201 207 207 208 208 205 203 204 205 204 201 201 206 214 216
320 318 315 312 310 307 305 303 301 300 299 297 296 295 293 292 291 290 290 289 288 288 287 286 286 286 286 286 287 286 282 279 277 276 276 275 273 271 267 263 259 255 254 255 252 245 241 242 244 248 250 246 236 231 234 236 234 232 234 236 235 232 229 225 223 221 215 213 211 207 205 207 205 199 197 198 195 192 195 201 205 205 205 204 202 204 208 210 209 206 204 205 210 213
322 320 317 314 311 308 306 304 302 300 299 298 296 295 294 293 292 291 290 289 289 288 288 287 286 285 286 286 285 284 282 280 279 279 280 282 280 274 268 263 259 257 259 257 249 242 242 245 248 250 248 241 233 228 231 233 233 232 233 235 234 233 231 227 225 221 216 211 208 204 204 205 205 202 201 201 198 196 199 203 204 202 200 202 206 210 212 213 214 212 209 206 210 214
323 321 318 315 312 309 306 305 303 301 300 299 297 296 295 294 293 292 291 290 289 288 288 287 286 286 286 285 284 283 282 281 280 280 282 284 282 276 270 266 263 262 261 255 245 240 244 249 252 250 244 239 233 230 232 233 233 233 234 233 231 230 227 224 223 220 217 213 207 206 208 210 210 210 209 207 201 199 201 202 199 197 201 209 214 213 213 214 215 216 213 209 210 215
325 323 319 315 312 309 307 305 304 302 301 299 298 297 295 294 293 292 291 290 289 289 288 287 286 286 285 284 283 283 282 281 281 281 282 282 281 278 274 271 268 265 260 252 243 244 250 253 253 247 241 237 233 232 234 234 235 235 235 232 227 225 223 220 220 219 217 215 210 209 213 214 216 216 214 210 204 199 199 200 200 203 211 218 217 214 212 212 214 216 214 210 211 215
325 323 319 316 313 308 307 306 305 303 301 300 299 297 296 295 294 292 291 290 289 289 288 287 286 285 284 284 283 283 282 281 281 281 282 281 280 279 278 275 271 267 259 249 244 250 256 256 250 243 238 234 231 233 233 233 234 235 235 231 224 224 224 222 222 221 219 217 212 210 213 215 217 218 216 212 207 202 201 205 210 214 217 218 215 212 211 211 212 213 213 212 212 214
324 323 320 317 313 307 306 307 306 304 302 301 299 298 296 295 294 293 292 290 289 289 288 287 286 285 285 284 283 282 282 281 281 281 281 281 280 279 279 277 273 268 260 252 250 255 257 253 246 239 234 232 234 236 234 234 235 235 233 226 221 225 228 227 227 224 220 216 213 213 214 216 217 217 216 214 210 206 207 211 215 216 214 212 210 208 208 209 208 208 210 214 215 215
323 323 321 318 312 306 306 307 307 305 303 301 300 298 297 295 294 293 292 291 290 289 288 287 286 286 285 284 283 282 282 281 280 280 281 282 281 279 279 277 274 269 264 259 258 259 257 250 243 235 229 231 235 236 234 234 236 235 230 223 221 226 230 231 229 224 219 215 214 214 215 215 216 216 215 212 209 206 207 211 213 212 210 208 206 205 205 203 203 204 209 216 218 218
322 323 324 320 313 308 306 307 308 306 304 302 301 299 298 296 295 294 293 291 291 290 289 288 287 286 285 284 283 282 281 281 280 280 280 281 281 280 278 275 273 270 268 265 264 261 255 247 241 235 232 236 237 234 232 234 236 234 228 223 224 228 233 235 230 222 218 215 215 215 216 217 217 216 214 210 207 205 207 210 211 211 209 207 205 203 201 200 202 206 210 217 220 221
322 324 326 321 314 311 308 306 307 307 306 303 302 300 298 296 295 294 293 292 291 290 289 288 287 286 285 284 283 282 281 280 280 279 279 280 281 280 277 275 273 271 270 268 266 262 253 243 239 237 238 241 241 237 236 238 238 232 227 225 227 230 236 237 229 220 216 214 214 216 216 217 216 214 212 209 206 205 207 209 211 212 212 209 205 202 201 202 206 210 212 217 222 224
321 324 326 320 313 311 309 305 306 308 308 305 302 300 299 297 295 294 293 292 291 290 289 288 287 286 285 284 283 282 281 281 280 279 279 279 279 279 278 276 274 272 272 270 266 260 250 239 237 237 236 237 238 237 240 243 239 231 227 227 228 230 237 237 227 217 214 212 214 215 215 214 213 211 211 210 208 206 207 209 211 214 215 213 209 206 205 206 209 212 215 218 221 222
321 323 326 321 314 312 311 306 304 306 307 305 303 301 299 298 296 295 294 292 291 290 289 288 287 286 285 284 283 282 281 280 280 279 278 278 277 277 278 277 275 273 272 270 265 258 248 239 238 238 235 236 236 237 242 243 236 229 227 228 228 231 237 235 223 213 210 210 212 213 211 210 210 211 212 211 209 208 210 210 211 213 214 213 212 211 209 208 211 214 216 217 215 214
323 321 323 323 316 314 314 307 302 302 305 305 303 301 300 298 297 295 294 292 291 291 290 288 287 286 285 284 283 282 281 280 280 279 278 277 276 276 276 277 277 274 271 268 265 258 249 243 244 241 236 238 239 240 244 241 231 225 225 227 228 231 236 232 219 209 205 205 208 209 208 208 211 212 212 211 209 210 211 209 207 209 210 210 210 211 211 210 212 214 215 213 209 205
323 319 318 319 314 311 311 307 301 299 302 304 303 302 300 298 297 295 294 293 292 291 290 289 288 287 285 284 283 282 281 280 279 278 278 277 276 275 275 276 277 275 270 267 266 263 257 252 249 242 236 239 240 241 245 238 226 223 225 226 227 229 231 227 216 207 203 202 206 208 209 212 214 213 211 210 209 209 209 206 203 205 207 207 208 209 210 211 212 214 215 211 204 198
321 318 315 315 311 307 308 308 303 298 300 303 302 302 301 299 297 296 295 293 292 290 290 289 288 287 286 284 283 282 281 280 279 278 277 276 275 275 274 274 274 272 270 268 266 266 264 259 252 242 237 242 241 242 244 235 222 222 225 226 226 228 229 226 217 207 203 203 207 212 213 213 212 210 209 208 207 207 206 203 202 203 205 206 206 208 209 210 212 214 216 211 196 185
319 317 315 314 312 310 308 309 306 301 301 302 301 301 301 300 298 296 295 294 292 291 290 289 288 287 286 285 283 282 281 280 279 278 277 276 275 274 273 272 271 270 269 268 267 267 267 264 257 246 241 244 243 245 244 232 220 222 224 225 226 227 228 226 218 208 203 204 209 213 212 210 209 208 207 205 204 204 202 201 202 203 205 207 209 212 213 213 212 211 209 196 179 176
317 317 315 313 312 310 308 309 309 305 303 303 299 298 299 300 299 297 295 294 293 291 290 289 288 287 286 285 284 282 281 280 279 278 277 276 275 274 273 271 270 269 268 267 267 267 266 266 264 255 246 246 246 246 243 231 220 223 226 226 226 226 227 225 219 210 203 202 206 208 208 208 208 207 205 202 201 201 200 200 201 204 206 209 213 216 217 216 211 204 193 182 175 174
316 316 315 312 310 308 307 307 307 304 303 302 298 295 296 299 299 298 296 295 293 292 290 289 288 287 286 285 284 283 281 280 279 278 277 276 274 273 272 271 270 269 267 266 266 265 264 264 265 263 256 251 249 247 241 231 223 227 230 228 226 225 225 224 220 212 204 200 203 207 207 206 206 204 202 200 200 199 199 201 203 205 208 209 212 214 214 211 203 191 181 178 177 179
315 315 313 311 309 307 305 303 303 303 304 305 302 297 295 296 298 299 297 296 294 293 291 290 288 287 286 285 284 282 281 280 279 278 277 275 274 273 272 271 269 268 267 265 264 263 262 262 263 264 264 259 253 248 240 231 227 231 232 229 226 226 226 225 221 214 205 200 203 208 207 205 204 202 200 199 199 200 201 204 205 207 210 210 211 212 210 204 194 182 178 179 181 188
316 315 313 310 308 306 303 302 302 303 305 308 306 301 296 294 295 297 298 297 295 293 291 290 288 287 286 285 284 283 281 280 279 278 276 275 274 273 271 270 269 267 266 265 263 262 261 260 260 262 265 265 260 251 241 234 234 236 234 231 228 227 226 225 220 215 207 202 205 207 205 204 202 200 198 198 200 202 203 205 206 209 212 213 212 210 204 196 186 179 177 183 190 201
317 315 311 310 308 306 304 302 302 302 304 307 306 303 299 293 292 293 295 296 296 294 292 290 288 287 286 285 284 283 281 280 279 278 276 275 274 272 271 270 269 267 266 264 263 262 260 259 259 259 261 262 261 254 243 238 240 240 236 232 229 226 224 222 219 215 208 204 205 205 203 203 201 199 197 198 201 203 204 205 207 210 213 215 213 208 199 187 180 179 181 192 204 210
318 315 310 308 307 306 304 302 301 301 302 304 305 304 302 297 292 291 292 294 295 295 293 291 289 287 286 285 284 283 282 280 279 278 276 275 274 272 271 270 268 267 265 264 262 261 260 259 258 257 257 258 258 253 242 239 241 240 235 230 225 221 220 222 223 220 212 206 204 203 202 201 200 197 196 198 201 202 202 204 207 210 212 212 209 202 191 180 177 182 193 204 211 216
320 315 309 307 305 304 302 300 299 299 299 301 305 306 304 300 295 292 290 291 292 294 293 292 290 288 286 285 284 283 282 280 279 278 276 275 274 272 271 269 268 266 265 264 262 261 259 258 257 256 256 257 257 253 243 238 240 238 233 228 221 219 223 230 232 225 212 204 202 201 200 200 199 196 195 197 198 198 199 202 206 209 209 208 203 195 186 180 181 190 202 209 215 222
322 315 309 307 305 303 301 299 297 297 297 299 304 306 304 301 298 294 290 288 289 291 291 292 291 289 287 285 284 283 282 281 279 278 276 275 273 272 271 269 268 266 265 263 262 260 259 257 256 255 255 255 256 254 247 242 240 236 232 227 221 220 225 228 224 215 205 199 199 199 198 199 199 196 194 194 194 195 197 203 207 208 206 203 198 190 185 184 190 198 206 214 222 228
324 315 307 305 303 303 303 301 298 298 299 299 301 304 304 301 299 297 293 289 288 288 288 289 291 290 288 286 284 283 282 280 279 278 276 275 273 272 270 269 267 266 264 263 261 260 258 257 255 254 253 253 253 253 252 250 246 240 234 228 220 214 217 218 214 208 202 199 198 198 197 199 199 195 192 191 191 194 197 202 205 203 199 193 191 190 188 190 200 206 211 219 226 233
325 316 307 305 302 303 307 304 298 297 299 300 300 302 304 301 298 298 297 292 289 287 286 287 288 289 287 286 285 283 282 281 279 278 276 275 273 272 270 269 267 266 264 263 261 259 258 256 255 253 252 251 251 251 251 253 255 250 242 233 219 209 211 214 212 208 204 201 199 198 197 198 198 193 190 190 190 192 195 196 196 194 189 185 188 195 197 201 208 212 217 223 231 236
320 315 311 311 307 307 312 309 299 296 298 299 300 300 302 301 298 298 298 295 291 288 286 285 285 284 283 284 285 284 283 282 280 278 276 275 273 272 270 269 267 265 264 262 261 259 257 256 254 253 251 250 248 248 248 249 252 252 248 239 224 214 214 214 211 208 205 202 200 197 196 197 196 191 189 189 189 189 190 190 189 187 186 188 197 205 205 207 212 217 222 229 235 237
311 310 309 309 307 306 313 316 304 300 303 305 304 302 302 302 299 297 297 295 292 290 288 285 283 279 277 280 284 285 285 283 281 279 277 275 273 272 270 268 267 265 264 262 260 259 257 255 254 252 250 249 247 246 245 244 244 244 244 240 231 223 220 217 212 208 206 202 199 197 197 197 195 190 189 190 189 187 185 186 187 188 194 203 209 210 207 209 216 221 226 230 233 232
306 305 302 299 297 296 303 311 304 300 303 306 304 303 302 301 298 295 294 294 293 291 289 287 284 277 274 277 281 283 284 284 283 281 278 276 274 272 270 268 267 265 263 262 260 258 256 255 253 251 250 248 246 245 243 242 240 239 237 235 231 227 227 226 220 213 208 203 199 197 197 197 193 189 190 191 189 186 183 184 189 196 205 211 210 208 208 214 220 225 226 227 227 225
303 303 301 298 293 290 293 301 298 292 291 294 293 294 295 295 294 292 291 292 292 290 289 287 287 285 278 275 277 279 280 282 283 282 279 277 274 272 270 268 267 265 263 261 260 258 256 254 253 251 249 247 245 243 242 240 238 236 234 231 229 226 225 225 223 218 213 208 201 196 194 195 193 190 191 192 190 185 183 186 195 205 209 210 208 206 210 217 224 227 227 225 222 217
301 301 301 300 296 294 294 297 294 287 282 284 286 288 289 290 291 290 289 289 289 289 288 287 290 291 283 276 274 275 276 277 279 281 281 278 276 273 271 268 267 265 263 261 259 258 256 254 252 250 248 246 245 243 241 239 237 234 232 230 227 225 222 221 219 216 212 208 201 193 188 193 196 193 192 192 190 186 186 193 201 206 206 205 205 207 212 220 227 228 224 222 222 217
299 300 301 301 298 297 297 296 293 288 286 287 289 290 290 291 292 291 289 288 288 288 287 288 290 291 286 278 274 272 273 274 275 277 280 279 277 274 271 269 266 265 263 261 259 257 255 254 252 250 248 246 244 242 240 238 236 233 231 229 226 224 221 219 216 213 209 205 201 196 190 192 196 193 192 191 189 188 189 196 202 203 199 200 205 211 217 223 227 224 218 217 219 215
297 297 299 301 299 297 296 295 293 292 291 291 291 292 292 292 292 291 290 290 289 287 286 286 287 290 287 281 275 272 272 272 272 274 276 277 276 274 272 269 267 264 262 261 259 257 255 253 251 249 247 245 243 241 239 237 235 233 230 228 225 223 221 218 215 212 209 206 203 200 196 191 188 185 185 186 186 188 191 196 198 194 193 199 209 217 222 224 223 220 214 208 204 188
295 294 295 298 298 295 295 295 293 293 293 293 292 293 293 293 293 292 291 290 290 288 286 285 286 288 286 282 277 273 272 272 272 271 272 274 274 273 272 270 267 265 262 260 258 257 255 253 251 249 247 245 243 241 239 236 234 232 230 227 225 223 220 217 215 212 209 207 204 201 197 192 186 180 177 179 181 185 190 192 189 188 194 206 215 221 222 221 221 221 215 201 186 174
293 291 291 294 296 295 295 295 294 294 294 294 294 294 294 294 294 293 292 291 290 288 286 285 285 286 285 284 281 276 272 271 270 269 270 272 273 273 272 270 267 264 262 260 258 256 255 253 251 249 247 245 243 240 238 236 234 231 229 227 224 222 220 217 214 212 210 207 204 201 198 194 189 182 175 173 174 179 185 186 184 189 205 220 228 228 226 226 226 225 214 192 173 166
294 288 283 285 291 294 295 295 295 296 297 297 296 295 295 295 294 294 293 291 290 288 287 286 284 283 283 284 283 279 272 269 268 267 268 271 272 272 271 270 267 264 262 260 258 256 254 253 251 249 247 245 242 240 238 236 233 231 229 226 224 222 219 217 214 212 210 207 204 201 198 196 192 186 179 173 170 172 177 182 186 199 220 231 234 235 234 231 224 211 192 177 168 167
295 283 268 272 284 291 294 296 298 301 302 300 298 296 296 295 295 295 294 291 290 288 287 286 284 281 281 283 283 281 275 270 268 268 268 268 269 269 269 270 268 265 262 260 258 256 255 253 251 249 247 245 242 240 237 235 233 231 228 226 224 221 219 217 214 212 209 207 204 202 199 196 193 189 183 176 170 167 170 180 193 209 222 225 222 220 219 213 198 188 179 172 168 170
304 283 258 267 278 289 297 301 303 307 308 304 300 298 297 296 296 295 294 292 290 289 287 287 286 283 281 281 282 282 279 274 270 268 267 267 266 265 266 268 269 266 263 261 259 257 255 254 252 250 248 245 242 240 237 235 232 230 228 226 223 221 219 216 214 212 209 207 205 202 199 197 194 190 186 180 174 167 167 178 196 208 211 209 208 208 205 195 184 177 173 172 170 172
339 308 280 277 286 300 311 312 311 313 313 307 302 299 298 297 296 295 294 292 290 288 287 287 288 286 282 280 279 281 281 277 273 268 266 265 264 262 262 263 265 265 264 262 260 258 257 255 254 253 250 246 243 240 237 234 232 230 228 225 223 221 219 216 214 212 209 207 205 202 200 197 194 191 188 183 177 171 169 176 190 199 200 200 202 202 195 182 176 174 174 173 172 173
25 308 286 290 297 306 322 325 320 319 317 311 303 299 298 297 295 294 294 293 291 289 287 287 289 287 283 281 279 279 281 280 276 271 265 262 261 261 260 259 258 259 260 261 261 261 259 258 258 259 255 249 244 240 237 234 232 229 227 225 223 221 218 216 214 212 209 207 205 202 200 197 195 192 189 185 180 175 172 173 180 189 196 199 201 197 183 175 173 174 175 175 175 175
347 300 295 300 304 308 319 325 324 321 318 311 303 299 297 296 294 293 293 292 291 289 288 288 289 287 284 282 280 279 280 279 277 274 269 263 260 259 259 258 255 253 254 254 255 255 254 253 253 254 254 251 246 240 236 234 231 229 227 225 223 220 218 216 214 212 209 207 205 202 200 197 195 192 190 186 182 178 174 172 173 182 194 200 198 185 176 171 170 173 176 177 178 178
297 305 308 306 304 300 304 311 313 312 310 305 300 296 294 293 292 291 292 292 291 290 288 288 290 288 285 283 281 279 278 277 276 274 272 268 264 261 260 259 256 253 251 249 248 246 244 243 243 241 239 240 240 237 235 233 231 229 227 225 222 220 218 216 214 212 209 207 205 202 200 197 195 193 190 187 183 179 176 171 170 177 189 194 188 176 170 169 169 171 174 177 179 180
