windninja/windninja_output/Output_2025-08-24_2100-2150_Google earth_Fire_150m_10min/merlingen_7.5mi_point_08-24-2025_2140_150m_ang.asc
ncols	158
nrows	163
xllcorner	391686.332397
yllcorner	5160024.123721
cellsize	150.000000
NODATA_value	-32768.000000
[rows 0 to 41 of 163, columns 0 to 93 of 158]
283 281 281 282 283 286 287 283 280 281 280 272 256 245 247 257 266 271 275 283 290 284 270 266 270 275 275 269 265 265 264 263 263 261 259 263 267 266 266 264 260 259 259 260 262 265 268 270 266 261 258 256 255 255 253 251 250 249 250 250 248 245 243 241 238 235 236 239 243 244 243 241 239 236 236 236 237 239 240 239 237 234 234 237 238 237 232 231 233 230 229 229 228 226
284 283 284 284 285 285 285 283 281 281 280 274 261 252 255 261 269 275 280 285 289 288 279 272 271 273 273 271 269 267 265 265 264 263 263 264 265 266 266 265 263 262 261 261 263 265 266 267 267 264 261 259 257 256 253 251 250 250 250 250 248 246 245 242 240 238 239 241 243 244 243 241 239 237 237 237 236 238 239 238 235 234 235 237 237 237 233 232 233 232 231 232 230 229
287 286 286 287 285 284 282 282 283 284 285 283 275 268 266 269 274 280 283 285 286 292 291 281 273 271 271 273 272 269 267 267 266 267 268 267 266 266 266 265 266 265 264 265 265 265 264 263 264 264 263 260 258 255 254 253 252 251 250 249 248 247 246 244 243 242 242 243 245 244 241 240 240 239 239 237 235 237 239 236 232 233 236 235 236 236 231 230 232 232 234 234 232 230
288 286 286 287 285 286 286 287 289 291 292 291 286 280 276 276 278 280 281 281 283 288 293 289 278 273 271 272 271 269 268 268 269 271 271 270 268 267 266 267 268 267 267 268 267 266 265 262 259 259 259 257 254 253 253 253 253 252 251 249 248 247 246 245 244 243 244 245 246 244 241 240 241 241 240 239 237 239 239 235 230 232 235 233 235 235 229 226 227 227 228 230 229 226
289 286 285 286 286 288 292 293 293 292 291 292 291 286 284 281 279 279 279 277 278 284 292 295 286 279 274 272 271 270 268 268 270 272 272 271 269 268 269 270 270 270 270 269 267 265 263 261 259 257 255 254 253 253 253 253 253 253 252 251 249 247 246 246 245 244 244 246 247 244 241 242 243 242 241 241 242 242 240 235 231 233 235 234 235 236 231 226 225 223 223 225 225 221
289 288 287 287 287 290 293 293 292 289 289 293 295 290 285 282 278 276 276 275 277 281 290 298 293 285 279 275 273 272 270 270 270 270 270 270 271 272 272 272 271 271 271 269 266 263 262 260 259 256 253 252 253 253 253 253 253 253 253 251 250 247 246 246 246 245 245 246 246 242 240 242 244 242 239 239 241 243 240 235 234 237 238 236 235 237 235 231 230 225 222 223 220 216
289 289 290 289 289 290 291 291 289 288 290 295 299 293 285 282 278 275 274 275 276 279 287 297 297 290 283 279 277 275 274 273 271 269 268 270 273 273 272 270 270 270 268 267 265 263 261 260 258 255 252 252 252 252 253 254 254 254 253 252 250 246 244 244 245 244 245 247 246 241 238 240 242 239 236 237 238 239 236 233 235 238 238 237 237 238 238 238 238 235 231 229 225 221
288 288 290 291 290 289 288 287 286 289 293 298 302 296 287 283 281 277 276 276 277 278 283 291 297 294 288 285 282 278 277 276 273 270 270 272 272 271 269 268 267 266 265 264 264 263 262 260 258 255 253 254 252 251 253 254 255 255 254 253 250 246 243 242 242 243 245 247 245 241 239 241 240 237 236 237 239 238 232 232 238 240 237 235 235 236 236 237 237 239 240 239 236 233
288 288 289 291 290 288 286 285 286 290 294 300 304 299 289 284 283 281 278 277 278 278 280 286 294 299 294 288 284 281 279 277 274 272 272 272 270 268 267 265 265 265 264 264 264 263 262 260 258 256 255 256 254 252 254 256 256 255 254 252 250 248 245 243 242 243 245 246 243 240 241 244 242 239 237 238 240 237 232 234 241 243 238 233 232 231 231 231 229 226 226 228 231 229
288 288 288 289 290 289 287 287 289 292 295 299 304 302 292 285 283 283 282 280 280 279 280 283 289 297 296 289 286 284 280 278 276 274 272 270 268 267 265 264 264 264 264 264 264 263 262 261 260 258 257 256 255 256 257 257 257 256 254 251 251 251 249 247 247 248 247 245 241 239 242 245 244 241 239 239 241 238 233 235 240 241 239 236 235 232 230 229 225 219 219 221 222 220
289 289 289 289 289 289 289 290 291 293 295 298 303 303 295 287 285 285 286 284 282 280 280 281 285 291 295 290 286 285 281 277 276 275 272 269 267 265 264 264 264 264 264 263 263 263 263 261 260 259 261 259 258 260 261 259 258 257 255 253 253 254 253 255 258 256 252 248 241 241 243 245 243 240 239 239 242 242 238 236 237 237 236 237 239 237 235 235 230 222 223 226 224 221
289 289 289 289 290 290 291 291 292 293 295 297 301 303 297 291 288 287 287 287 285 282 280 280 283 285 288 286 284 282 279 276 275 275 272 269 266 265 266 266 264 264 263 261 260 260 260 260 258 260 264 264 263 264 264 262 259 257 256 255 257 258 261 266 268 265 260 252 245 245 246 244 242 239 237 236 238 239 238 237 236 234 233 233 234 233 234 238 232 222 227 233 231 225
289 290 290 290 290 291 291 292 292 293 295 296 299 301 297 292 290 289 288 287 286 284 281 279 277 276 277 280 280 279 278 276 275 275 271 268 267 268 268 267 265 264 262 259 258 256 253 253 256 260 264 265 265 266 268 268 264 259 255 255 259 262 268 275 277 274 269 263 258 254 249 245 243 240 236 234 234 235 234 233 234 234 233 233 232 229 231 236 229 219 228 235 233 228
290 290 290 290 291 291 292 292 292 293 295 296 298 300 296 291 290 291 290 287 286 284 280 275 272 271 274 277 279 278 277 276 275 273 271 269 269 270 269 267 265 263 259 258 258 256 251 248 252 258 261 263 263 264 268 271 269 262 254 253 258 263 267 273 277 277 276 277 279 270 256 250 248 244 239 238 239 239 236 234 235 237 236 236 235 231 234 236 230 225 232 239 237 236
290 290 291 291 292 292 292 292 293 294 295 296 299 301 297 291 290 292 292 288 284 281 277 273 271 272 275 276 276 275 274 275 275 274 273 272 269 267 265 263 261 258 256 258 259 258 257 255 251 252 255 259 259 260 263 266 268 264 255 253 257 261 264 264 264 268 272 277 285 290 275 261 254 248 243 244 247 246 243 243 245 243 242 241 238 236 239 239 234 233 242 248 248 248
290 290 291 291 292 292 292 292 293 293 295 296 299 303 300 293 291 291 292 288 284 281 278 274 273 274 277 276 274 275 276 276 276 274 272 270 266 262 259 258 257 256 256 259 260 258 259 262 257 252 253 254 255 257 257 256 258 259 256 256 259 261 262 258 254 257 263 267 274 289 296 278 263 254 248 248 248 247 247 250 251 248 247 246 244 243 244 244 241 240 245 251 251 251
290 291 291 292 292 292 292 293 293 294 295 296 298 302 302 295 290 288 289 288 285 282 279 277 276 276 277 277 276 277 277 275 271 267 263 262 263 261 258 258 258 259 260 260 259 258 258 258 261 262 259 256 256 257 255 252 252 253 254 257 260 261 260 255 252 255 258 262 264 269 284 287 277 267 258 252 248 248 250 251 248 245 247 248 248 250 249 248 250 248 244 244 244 245
291 291 291 292 292 293 293 293 294 294 295 296 297 299 301 295 289 287 286 286 284 281 280 279 277 275 274 277 277 276 274 268 261 257 257 260 263 262 261 261 261 262 263 261 259 259 259 258 261 265 266 262 258 256 254 252 251 251 253 257 259 259 257 253 253 255 257 259 259 259 264 274 277 276 271 259 252 251 253 251 248 248 248 248 248 251 251 249 252 254 249 243 241 241
291 291 292 292 293 293 293 294 294 294 294 295 296 297 298 295 290 286 284 282 280 280 280 279 277 274 274 275 276 273 268 262 257 256 258 261 262 263 263 263 264 263 262 261 260 260 263 265 263 263 265 264 261 257 255 254 254 253 253 256 257 257 254 253 255 256 256 255 255 256 259 260 263 266 269 267 263 260 258 255 254 255 253 248 245 244 243 244 247 251 251 245 243 241
292 292 292 293 293 293 294 294 294 295 294 294 295 295 295 293 289 285 283 281 280 280 280 279 277 276 275 274 273 271 266 260 258 259 261 262 264 265 266 266 265 263 262 261 261 263 265 267 265 263 262 263 264 261 259 257 254 253 254 255 256 255 255 255 257 258 257 254 254 256 255 252 251 252 254 256 258 259 258 256 256 256 253 248 243 241 240 241 245 248 246 241 242 243
292 293 293 293 294 294 294 294 294 295 294 294 294 294 294 292 289 286 285 284 283 282 281 280 279 277 274 273 272 270 266 260 259 261 264 265 267 268 268 266 264 262 261 261 264 266 265 264 263 263 262 263 264 266 264 260 257 254 253 253 253 254 256 257 258 258 257 255 256 255 250 246 247 250 249 243 240 243 247 251 252 252 250 247 244 242 241 241 244 247 243 235 238 241
293 293 293 294 294 294 294 294 294 295 295 294 294 294 293 292 290 288 286 285 284 283 282 280 279 276 274 272 271 269 267 263 263 267 269 269 268 267 266 264 261 261 261 263 265 265 264 263 264 263 263 263 264 265 265 263 261 257 253 251 251 253 256 257 258 260 259 258 256 252 245 242 245 250 250 240 232 234 238 243 246 247 247 247 243 241 239 240 245 245 239 228 231 238
293 293 294 294 295 295 295 295 294 295 295 294 294 293 293 292 290 289 287 286 285 284 282 281 279 276 274 272 270 269 269 269 270 271 270 269 267 264 262 262 262 261 261 262 263 264 265 265 264 264 263 263 263 263 264 264 263 261 255 251 251 254 256 258 261 262 260 257 252 245 240 240 244 249 248 239 230 232 235 237 238 238 241 244 242 240 237 239 242 242 235 222 225 236
294 294 295 295 295 295 295 295 295 295 295 295 294 293 293 292 291 290 288 287 286 284 283 281 279 276 273 270 269 270 272 274 274 271 268 267 265 263 262 263 264 263 262 261 264 267 266 264 264 264 263 263 262 262 263 264 263 262 256 252 251 254 258 262 266 264 258 254 247 242 240 241 246 249 246 237 230 236 238 236 235 235 237 239 240 241 240 241 242 241 234 221 226 236
294 295 295 295 295 296 296 295 295 295 295 295 294 293 293 292 291 290 288 287 286 284 283 281 278 275 270 266 268 272 275 276 275 271 267 265 264 264 266 266 266 265 264 265 267 266 262 261 262 263 264 263 263 263 263 263 262 260 256 254 253 256 261 266 267 262 256 249 244 243 243 246 251 251 243 233 234 244 244 238 235 234 232 233 236 240 243 244 246 243 233 220 227 236
295 295 296 296 296 296 296 296 295 295 295 295 295 294 293 292 291 290 289 287 286 284 283 281 278 273 266 264 268 272 275 277 278 275 270 265 262 264 268 270 269 269 269 269 267 262 259 261 262 263 263 263 264 265 264 263 260 256 254 256 259 264 266 264 258 253 248 242 240 242 248 255 256 250 238 228 236 248 250 241 237 233 229 228 231 234 234 237 244 244 231 217 224 232
296 296 296 296 296 297 297 296 296 296 295 295 295 294 293 292 291 290 288 287 286 285 284 282 279 273 266 266 268 270 273 276 278 279 274 267 262 264 268 272 272 272 273 271 266 261 259 260 262 263 261 261 263 265 267 264 255 251 253 259 267 272 270 262 251 244 239 235 236 242 251 258 256 248 233 223 233 244 251 248 241 236 230 228 230 230 226 227 237 240 230 215 220 228
296 296 297 297 297 297 297 297 296 296 295 295 294 294 293 292 291 290 289 288 287 286 285 283 280 277 272 269 268 267 268 273 277 279 278 273 267 266 269 272 273 274 275 272 268 263 259 259 261 262 259 259 261 264 267 263 248 248 255 262 269 272 269 259 250 243 235 232 237 246 254 256 251 244 230 220 231 241 245 248 247 240 235 234 234 231 225 225 233 235 229 218 218 225
297 297 297 297 297 298 298 297 296 296 295 294 294 293 293 292 291 291 290 288 288 287 285 284 283 282 280 276 270 265 265 269 274 277 280 282 277 271 271 274 275 276 276 273 270 265 261 258 258 260 260 258 259 261 262 255 244 250 258 265 269 266 260 252 247 242 234 232 243 252 254 251 244 238 228 223 233 242 244 245 249 245 241 242 241 237 231 231 234 234 230 224 222 226
298 298 298 298 298 298 298 297 296 296 295 294 294 293 293 293 292 291 290 289 288 287 286 286 286 287 287 282 274 266 263 264 268 275 284 290 286 277 275 277 278 277 274 271 269 265 263 261 260 259 257 256 256 256 254 246 242 252 259 266 270 263 253 246 244 242 236 237 249 257 257 250 241 234 227 227 235 242 245 248 251 251 248 247 245 241 238 237 236 233 230 229 228 230
299 299 299 298 298 298 298 297 297 296 296 295 294 293 293 293 292 291 290 289 288 287 287 287 288 291 290 284 276 268 263 263 267 276 286 294 290 281 278 279 279 276 272 268 265 264 265 266 265 259 254 254 253 252 249 240 242 256 263 265 266 260 250 245 245 246 241 243 254 260 260 252 243 237 228 227 231 236 242 246 249 249 250 249 244 240 238 237 236 233 231 232 233 239
300 300 300 299 298 299 299 298 297 297 296 295 294 293 293 292 292 291 290 290 289 289 288 288 290 292 291 287 278 269 267 270 273 277 283 292 290 283 280 278 275 272 269 266 264 263 266 268 266 260 257 257 254 252 247 238 242 257 265 266 262 253 244 243 248 251 247 248 256 259 257 250 246 240 230 227 228 232 239 243 243 240 243 248 247 244 243 241 240 238 237 236 237 243
300 300 300 300 299 299 299 298 297 297 296 295 294 293 293 292 292 291 291 290 289 289 289 289 290 292 292 290 285 278 277 278 277 275 278 288 291 283 279 274 270 267 266 265 264 264 267 266 262 260 260 260 257 254 248 240 245 254 260 263 260 248 238 240 248 253 252 252 254 255 251 247 245 239 230 226 225 229 237 241 240 235 239 246 248 249 250 246 243 243 242 240 240 243
301 301 301 300 299 299 299 298 297 296 296 295 294 293 292 292 292 291 291 290 290 290 291 291 291 292 293 293 293 289 283 278 274 271 273 285 292 282 275 270 267 265 264 263 263 265 266 263 260 260 260 260 260 257 251 248 252 255 255 255 255 247 234 238 245 250 254 258 256 253 248 244 242 236 229 225 224 227 233 236 234 232 236 242 243 242 244 243 240 239 239 240 242 244
302 302 302 301 300 300 300 299 297 296 296 295 294 293 292 292 291 291 290 290 290 290 291 292 291 292 293 294 296 292 285 279 275 273 273 279 289 280 271 267 264 261 260 260 262 265 265 261 261 262 261 260 260 259 257 257 260 260 256 253 251 246 236 237 243 246 251 259 262 258 250 243 240 234 230 229 228 231 234 233 230 229 232 237 239 236 238 238 236 234 234 236 239 243
304 304 303 302 301 302 301 299 298 297 296 295 294 293 292 292 291 291 290 290 290 290 291 291 292 292 293 295 296 292 288 284 281 279 274 272 275 273 267 263 259 257 257 260 262 264 264 262 262 262 261 260 259 259 259 260 261 262 260 256 253 250 242 240 242 244 248 255 264 264 254 245 241 237 236 234 232 238 242 240 233 229 230 236 239 237 235 235 232 231 231 233 237 242
305 305 304 303 302 301 301 299 298 296 296 295 294 293 292 292 291 291 290 290 290 290 290 291 291 293 294 295 295 293 293 291 287 281 274 267 262 261 260 257 256 257 258 261 263 264 263 263 263 262 261 260 259 259 260 260 258 258 258 257 255 253 248 245 243 244 247 253 259 259 252 249 246 243 240 235 232 236 243 246 242 235 233 235 239 241 235 232 230 229 230 233 237 241
307 307 305 303 302 301 300 299 297 296 295 295 294 293 292 292 291 291 290 290 290 290 290 290 291 293 295 299 299 297 296 293 287 279 271 264 256 251 253 255 257 260 262 263 264 264 263 263 262 261 262 262 260 259 260 260 256 254 254 255 254 252 250 247 246 248 251 255 254 247 243 246 248 245 237 233 231 227 235 242 241 236 233 233 237 240 233 227 230 231 230 233 237 240
308 308 306 304 303 301 300 299 297 297 296 295 294 293 292 292 291 291 290 290 290 290 290 290 291 293 296 302 302 296 293 289 284 278 271 262 249 247 253 257 260 263 264 265 264 264 265 263 259 259 262 263 260 257 259 260 256 252 251 251 249 246 244 243 244 250 256 258 251 240 239 243 244 239 230 232 232 218 227 235 235 231 231 232 238 238 230 222 227 229 229 233 241 245
309 309 307 305 303 301 300 298 298 297 296 295 294 293 292 292 291 291 290 290 290 290 290 290 291 293 297 301 299 292 288 287 284 278 270 256 246 251 256 258 262 265 267 268 266 264 265 264 260 259 261 262 260 256 256 256 252 248 246 245 241 238 237 239 242 249 257 257 248 241 245 246 243 233 226 233 231 208 217 228 227 226 231 236 242 240 233 223 222 226 226 233 244 246
311 310 308 306 304 302 301 299 298 297 296 295 294 293 292 292 291 291 290 290 290 290 290 290 290 292 294 296 295 290 287 286 284 277 267 256 254 257 258 259 262 266 269 270 267 265 264 263 262 259 260 263 264 260 255 251 247 245 245 243 239 234 235 239 243 247 253 253 246 246 249 247 243 233 227 235 228 201 208 223 223 222 228 236 241 241 235 224 221 223 224 233 242 244
313 312 310 307 305 303 302 300 298 298 297 295 295 294 293 292 292 291 290 290 290 290 289 289 289 290 292 293 293 290 287 285 283 278 269 262 263 266 266 265 266 267 267 266 267 267 263 260 258 258 260 262 264 262 258 252 247 246 247 245 240 235 236 239 241 246 249 248 246 245 242 240 240 231 230 236 223 199 205 220 224 222 226 231 235 235 229 221 221 224 226 233 239 241
