windninja/windninja_output/Output_2025-08-24_2100-2150_Google earth_Fire_150m_10min/merlingen_7.5mi_point_08-24-2025_2150_150m_ang.asc
ncols	158
nrows	163
xllcorner	391686.332397
yllcorner	5160024.123721
cellsize	150.000000
NODATA_value	-32768.000000
[rows 84 to 125 of 163, columns 0 to 93 of 158]
272 276 283 278 270 267 266 264 264 268 276 281 281 279 278 278 278 278 279 281 281 281 278 277 279 278 273 269 267 266 264 262 261 260 261 261 261 260 258 256 254 253 253 253 253 253 253 255 255 253 249 248 249 250 251 252 251 251 251 250 249 249 248 247 247 246 246 245 245 244 243 243 242 242 241 240 238 235 231 221 202 197 207 222 242 247 246 243 241 240 239 237 235 233
266 265 266 265 262 259 254 253 259 267 274 278 278 276 275 275 276 276 278 280 281 281 281 280 281 280 275 270 268 267 264 261 259 256 256 258 259 259 260 260 258 256 255 255 256 257 258 260 260 259 255 252 249 249 250 251 251 251 251 250 249 249 248 247 247 246 245 245 244 244 243 243 242 241 241 239 238 235 231 222 203 192 204 230 246 246 243 241 240 239 239 238 236 235
264 262 261 261 258 253 247 249 259 269 275 275 275 274 272 272 271 272 274 276 279 280 281 283 284 282 276 271 269 267 264 262 260 257 255 253 252 253 255 259 261 259 256 255 255 256 257 259 260 260 259 256 253 251 251 252 252 252 251 251 250 249 248 247 246 246 245 245 244 243 243 242 242 241 241 239 238 236 233 227 209 191 202 233 246 246 244 242 239 238 238 238 237 233
264 262 259 258 254 249 247 252 260 267 270 270 272 272 269 268 266 266 268 272 274 275 278 285 291 286 275 270 267 265 264 263 262 262 260 254 250 248 249 251 255 257 257 255 253 254 256 257 257 258 259 258 256 253 253 254 254 254 253 252 250 249 248 247 246 245 245 244 244 243 243 242 242 241 241 240 239 238 237 233 222 200 208 239 246 245 243 243 242 242 242 240 238 231
265 264 261 258 254 249 249 253 257 259 262 267 270 269 265 262 260 261 263 267 271 272 280 289 295 288 272 267 264 261 261 261 262 263 264 262 257 252 249 248 249 251 253 254 252 252 253 254 254 254 255 256 256 254 253 254 255 256 256 255 253 250 248 247 246 245 245 244 244 243 243 242 242 241 241 241 240 240 239 237 235 233 257 266 258 249 245 244 243 245 245 243 239 236
267 266 263 259 255 251 250 250 249 251 259 267 268 265 261 256 253 256 261 267 272 279 286 289 286 272 266 263 261 260 259 259 260 260 261 264 264 260 255 252 251 250 250 252 253 252 250 251 252 252 251 251 251 251 250 249 250 254 258 260 256 251 248 246 246 245 244 244 244 243 243 242 242 242 241 241 241 241 241 241 243 251 276 284 276 266 258 252 249 250 250 245 241 242
266 264 259 255 256 255 251 247 243 247 257 263 261 258 255 251 251 253 259 269 280 288 288 276 254 248 257 259 259 259 258 259 259 258 258 260 262 262 259 254 252 252 252 253 254 253 251 250 251 252 252 251 250 249 246 245 246 249 255 259 256 250 247 246 245 245 244 244 244 243 243 242 242 242 242 242 242 242 242 243 246 253 268 280 281 278 271 263 259 259 255 245 245 247
262 258 250 247 249 251 249 244 240 246 253 255 249 247 246 245 248 250 255 269 285 292 275 249 231 235 250 256 257 258 258 258 258 258 258 258 258 259 259 255 251 250 251 253 254 255 254 252 252 252 253 254 253 251 245 241 243 245 247 248 246 245 245 245 245 245 244 244 244 243 243 243 242 242 242 242 242 243 243 245 248 253 261 271 275 276 273 268 265 263 256 249 254 257
258 253 244 241 241 240 237 231 228 236 245 245 240 240 243 246 248 249 255 266 276 272 246 232 224 233 247 253 256 257 258 258 259 259 259 259 257 257 258 257 252 248 248 252 254 255 255 254 254 255 257 259 258 255 248 243 245 246 245 242 238 240 243 244 245 245 244 244 244 243 243 243 243 243 242 243 243 243 244 246 248 252 259 269 273 274 274 272 269 263 256 258 264 265
257 253 245 241 241 239 234 223 216 226 234 231 224 223 225 233 240 246 258 261 252 224 220 223 223 235 247 252 255 256 257 259 261 262 261 259 257 256 256 256 253 248 246 249 252 254 255 255 255 256 258 262 262 256 254 256 256 253 249 245 241 239 241 244 245 245 244 244 244 244 243 243 243 243 243 243 243 244 245 246 248 251 256 264 272 275 275 274 270 263 259 262 264 264
256 252 246 246 248 246 240 227 214 226 233 228 220 217 218 229 237 244 253 248 231 215 213 220 226 239 248 252 253 254 256 260 264 265 263 259 258 257 256 256 253 247 245 244 245 247 251 252 253 253 256 259 258 253 255 260 263 259 254 249 245 242 242 244 245 245 245 245 244 244 244 243 243 243 243 243 244 244 245 246 247 250 253 258 264 269 271 271 266 261 259 259 259 259
252 249 246 249 251 248 242 234 230 241 244 238 233 232 234 245 246 252 251 239 225 222 222 229 236 246 250 252 252 251 254 259 262 263 261 260 259 258 257 256 254 250 246 242 239 239 242 245 248 250 252 250 245 246 251 256 259 259 255 251 248 245 244 245 246 246 245 245 245 244 244 244 244 243 243 244 244 244 245 246 247 249 251 253 257 260 262 262 260 258 256 255 255 254
248 248 248 249 248 242 238 237 245 259 261 253 246 245 251 258 258 260 252 229 225 230 235 244 252 255 254 253 253 253 256 257 258 258 259 260 260 260 259 258 256 255 251 246 242 238 238 240 244 247 247 244 241 242 248 253 256 257 256 254 251 247 246 247 247 247 246 245 245 245 245 244 244 244 244 244 244 245 245 246 246 248 249 251 252 254 255 255 255 254 253 252 252 251
245 249 250 247 245 240 237 236 241 252 259 257 255 252 257 261 264 263 248 227 226 234 245 257 263 260 256 255 255 259 261 259 257 257 259 261 263 263 262 260 258 258 256 254 250 246 244 245 247 248 246 243 242 242 245 250 253 255 256 256 254 251 250 250 249 248 247 246 246 245 245 245 244 244 244 244 245 245 245 246 246 247 248 249 250 251 251 251 251 251 250 249 249 248
246 252 253 251 251 247 242 240 241 244 251 258 264 266 267 268 267 258 242 231 229 237 249 259 259 251 251 254 258 261 263 262 260 259 259 261 264 266 266 264 261 259 258 257 255 255 255 254 252 250 247 245 243 243 245 247 249 251 253 253 253 254 254 254 253 251 249 247 247 246 246 245 245 245 245 245 245 245 245 246 246 246 247 247 248 248 249 249 249 248 248 247 247 246
248 254 257 258 259 258 256 253 250 248 250 254 260 268 270 268 262 252 241 233 233 242 252 253 242 237 246 254 258 261 263 264 264 263 261 262 263 266 269 269 266 262 260 257 254 254 255 253 250 247 246 244 243 242 243 245 246 248 249 249 249 250 253 256 256 255 252 250 248 247 246 246 246 246 246 246 246 246 246 246 246 246 246 247 247 247 247 247 247 247 246 246 245 245
246 251 256 258 259 258 259 259 255 252 252 252 255 262 265 261 258 255 245 238 246 256 256 246 234 237 247 254 258 261 263 265 267 269 268 267 266 265 267 271 271 267 263 259 255 253 251 250 248 245 244 243 241 241 241 242 242 244 246 246 245 245 247 250 254 255 255 253 250 248 247 247 247 247 247 246 246 246 246 246 246 246 246 246 246 246 246 246 246 245 245 245 244 244
246 250 255 256 255 256 256 257 255 254 253 252 250 249 251 252 252 251 246 249 261 264 253 240 238 243 250 255 258 260 263 266 270 274 276 276 273 270 269 271 273 271 267 264 259 254 251 250 247 245 243 241 241 241 241 240 239 241 242 243 244 244 244 246 248 251 253 253 251 250 250 250 249 248 248 248 248 247 247 247 247 246 246 246 246 246 245 245 245 244 244 244 243 243
248 251 255 254 253 254 255 255 255 254 254 252 248 242 241 244 246 245 243 252 259 253 243 241 243 247 253 257 258 261 264 267 270 275 279 283 282 279 275 274 275 275 272 269 263 254 249 246 244 243 242 241 240 239 240 240 239 239 239 239 240 241 242 244 245 247 248 249 250 251 253 254 253 251 250 250 249 249 249 248 248 247 247 246 246 245 245 245 244 244 243 243 243 242
248 250 252 252 252 253 254 255 255 255 255 254 252 250 251 250 250 248 248 254 250 239 240 244 246 247 252 257 261 264 266 268 270 273 278 283 288 287 282 279 279 281 278 275 270 260 251 246 242 241 241 241 240 238 238 237 237 238 238 237 237 237 238 241 243 244 244 244 244 247 252 256 257 256 254 253 253 252 251 250 249 249 248 247 246 245 245 244 244 244 243 243 242 242
247 248 249 251 252 254 255 255 255 257 259 260 261 265 269 268 262 257 257 255 245 238 241 244 244 245 250 255 260 264 268 269 270 273 276 280 286 290 289 285 285 286 285 282 278 270 259 249 243 240 240 240 240 240 239 237 236 236 237 238 237 237 237 239 241 241 240 239 238 240 245 250 256 260 261 260 260 258 256 254 252 251 249 248 247 246 245 245 244 243 243 242 242 242
247 247 248 249 252 254 256 255 255 258 261 265 269 273 276 275 270 264 260 254 247 243 244 243 242 243 248 251 255 261 267 270 272 271 272 276 283 290 292 290 289 289 288 287 285 277 264 252 244 239 239 238 237 238 239 238 236 235 236 237 237 237 238 240 240 240 238 235 234 237 241 242 246 252 258 261 264 263 262 260 258 255 252 249 248 247 246 245 244 243 243 242 242 242
247 246 245 246 249 251 253 253 253 256 259 263 266 269 272 272 269 264 258 251 247 249 247 241 240 242 245 247 252 258 264 269 270 267 267 274 283 290 293 293 292 290 290 290 290 285 271 255 246 241 238 236 234 234 235 236 236 236 236 236 236 236 237 238 239 239 238 235 232 235 238 239 240 241 245 251 256 259 260 263 265 262 256 252 249 247 246 245 245 244 243 243 242 242
244 242 242 244 246 248 250 250 250 251 253 254 255 257 261 265 264 261 256 249 247 250 250 242 238 239 241 242 247 256 263 267 265 259 264 275 283 287 288 292 294 292 290 290 290 290 279 258 247 242 241 238 235 234 233 233 233 235 236 235 236 236 236 236 237 236 236 235 232 232 235 238 239 240 241 245 248 250 251 254 260 264 261 256 251 249 247 246 245 245 244 243 243 242
241 240 239 242 243 243 244 244 243 245 248 249 249 249 253 257 259 256 251 248 249 253 252 245 237 237 239 237 242 253 260 261 258 252 264 277 281 280 281 287 294 293 291 290 289 288 285 262 245 240 239 239 237 236 234 232 232 233 233 233 233 235 236 236 236 236 235 234 232 230 232 236 239 240 241 242 244 246 248 250 253 257 263 261 255 251 249 247 246 246 245 244 244 243
240 238 239 241 241 241 241 241 243 246 247 247 246 246 250 254 255 248 241 244 251 256 255 248 240 236 237 235 241 252 256 254 252 250 264 274 275 273 277 281 283 286 291 294 291 286 287 272 243 236 234 234 234 234 234 232 231 232 232 230 230 232 234 234 235 237 236 235 232 229 231 235 238 239 240 240 242 244 246 249 251 252 257 262 260 255 251 250 248 247 247 246 245 245
238 238 241 244 245 246 247 247 247 246 247 247 245 245 250 255 254 239 232 239 249 258 259 251 244 239 236 234 240 249 253 251 247 249 260 269 270 271 275 270 261 268 282 294 298 291 287 277 232 231 231 230 230 231 232 231 231 232 232 230 229 231 232 231 233 236 237 236 233 229 229 233 237 237 239 241 242 243 244 247 250 252 253 256 260 259 256 253 251 250 249 249 249 248
237 239 243 247 248 248 248 248 247 246 245 247 248 248 250 255 252 230 225 234 244 255 261 253 246 244 240 234 236 242 248 250 246 246 256 264 267 269 268 255 248 253 261 276 292 297 293 294 184 219 225 226 227 230 231 229 229 232 233 231 230 231 231 230 229 232 234 235 234 230 229 233 236 237 238 240 241 241 243 246 249 251 252 252 254 257 258 257 256 255 254 254 253 252
240 243 246 247 247 246 245 245 245 243 241 244 249 249 251 255 251 223 218 229 236 246 255 253 244 248 250 246 240 237 240 245 245 248 258 263 263 263 256 247 246 247 251 258 269 281 281 339 99 178 210 216 222 228 230 228 227 229 231 230 229 229 230 230 228 229 230 231 231 231 232 235 237 237 237 239 239 239 239 241 246 250 251 250 249 250 253 256 257 258 260 260 257 254
242 243 245 246 246 247 246 243 241 238 236 242 247 246 248 253 250 217 208 220 227 237 246 248 242 250 255 257 252 240 237 239 245 254 264 267 262 256 247 242 239 240 246 254 254 241 229 194 123 127 172 198 213 224 228 227 226 227 229 229 227 226 228 230 228 227 228 227 227 227 228 232 235 235 235 238 239 238 237 238 241 246 248 249 249 246 247 249 251 254 259 260 256 252
239 240 242 244 244 244 244 243 239 237 238 243 244 240 243 252 251 214 193 212 221 230 237 241 242 245 247 250 252 248 238 237 244 255 265 268 260 251 242 232 226 229 238 245 239 214 197 188 170 143 141 167 198 216 224 226 224 225 228 229 227 224 225 228 227 225 226 226 226 225 224 228 233 234 234 236 238 238 237 237 240 242 242 242 243 240 240 242 243 248 253 253 250 248
235 236 238 239 240 240 240 240 239 240 244 247 241 233 239 250 253 219 182 207 220 225 228 231 237 240 238 237 242 245 234 233 240 251 259 260 254 245 236 224 217 222 230 233 229 211 195 189 184 166 147 147 172 204 220 225 225 225 226 228 226 223 224 227 227 224 224 225 226 225 224 227 231 235 235 235 236 238 237 236 239 241 239 236 236 232 232 236 239 246 249 246 242 241
231 233 236 237 239 238 236 235 237 243 250 249 237 228 237 250 254 225 179 200 218 221 219 224 229 233 233 232 241 239 224 224 232 243 253 254 244 231 224 217 212 218 224 226 225 215 200 189 185 178 161 149 156 187 213 223 225 224 225 227 226 223 224 227 227 223 222 224 225 224 223 224 227 232 236 237 237 237 237 238 241 244 240 234 232 229 227 232 238 244 245 241 236 234
228 232 236 238 239 238 234 232 235 241 249 248 233 225 237 249 253 231 178 186 208 215 215 218 222 224 224 226 234 236 225 223 227 234 238 235 224 213 211 211 209 213 218 221 223 214 197 186 182 181 173 159 155 171 201 219 224 223 224 226 225 222 223 225 225 222 221 223 224 223 222 221 222 226 230 235 236 236 236 237 241 244 241 233 230 228 227 230 237 240 240 236 232 232
229 232 236 238 239 238 234 233 237 240 244 244 233 226 237 245 250 245 190 162 196 215 218 219 220 219 215 216 222 225 225 222 222 229 230 223 213 202 201 204 205 209 212 217 219 212 197 188 184 183 180 168 159 164 188 213 222 223 223 225 225 222 221 223 222 219 219 220 222 222 221 220 220 222 226 229 231 233 234 234 237 241 239 232 230 229 228 230 235 236 234 230 228 232
229 230 234 239 241 237 235 239 244 244 243 244 236 230 236 241 247 251 235 121 117 233 231 230 228 223 217 215 218 219 218 215 218 228 231 226 218 206 202 204 205 206 209 210 210 207 200 193 188 186 184 174 164 162 179 206 220 223 222 224 225 222 222 223 221 219 218 218 221 223 222 220 219 219 223 225 227 229 233 235 238 240 237 232 231 231 229 230 232 232 230 227 225 230
227 228 232 238 242 240 242 246 249 247 243 247 241 229 233 239 247 250 248 248 21 318 264 249 243 238 233 229 227 225 223 221 226 233 235 232 224 216 212 211 210 208 208 208 208 207 202 195 190 188 186 180 169 164 174 200 218 223 222 223 224 222 223 227 228 231 230 225 223 224 223 221 219 219 220 222 224 226 230 235 239 240 237 233 232 232 230 229 230 230 229 225 222 227
224 225 227 230 231 233 238 245 251 249 244 249 248 228 226 234 243 249 248 247 320 344 317 286 268 255 244 240 242 243 240 237 238 237 237 235 230 228 222 218 217 215 216 216 216 213 209 204 197 193 190 184 174 168 173 193 215 221 222 224 226 225 229 234 238 245 251 247 236 229 225 222 222 221 219 219 221 223 227 231 234 236 236 232 231 230 228 227 229 230 228 223 219 224
216 220 222 221 221 221 225 233 242 245 244 252 254 234 225 232 241 246 247 247 266 317 327 317 297 281 266 258 256 253 246 244 241 239 241 238 234 232 225 219 221 223 225 225 223 222 220 213 204 199 195 189 178 172 174 188 210 220 222 226 229 231 235 236 235 238 244 250 251 242 232 227 225 223 219 217 217 219 222 225 228 232 232 229 227 226 224 223 225 227 225 218 218 225
213 220 224 219 218 221 223 227 233 236 241 255 260 242 234 239 241 242 243 248 257 276 306 318 312 304 294 281 271 259 246 245 244 241 242 240 234 232 228 218 217 223 226 226 224 223 221 213 205 201 197 192 182 174 176 188 211 225 229 231 232 233 234 232 230 232 234 237 243 249 243 236 231 227 222 218 216 217 219 219 222 225 227 225 224 224 221 219 224 226 223 216 217 227
215 221 225 220 220 224 225 226 230 230 234 250 259 248 246 252 246 239 237 244 255 264 274 287 297 305 307 294 278 258 239 243 245 242 243 241 235 234 231 221 215 218 224 228 226 222 218 210 201 198 198 195 187 178 179 191 211 227 235 234 230 229 228 226 227 230 232 232 235 240 249 253 248 240 231 223 217 216 217 216 217 222 225 224 223 223 219 219 225 227 222 214 215 225
210 218 221 217 217 222 224 225 228 227 230 242 250 249 255 262 253 239 232 234 242 256 263 264 266 271 275 265 257 234 226 240 245 243 243 243 237 235 234 226 217 215 220 229 229 225 219 209 200 198 199 198 191 183 181 191 205 218 225 224 221 223 222 222 224 228 230 231 232 233 239 252 260 261 252 238 228 222 221 219 218 223 225 224 223 222 217 217 223 225 219 211 214 225
