windninja/windninja_output/Output_2025-08-24_2100-2150_Google earth_Fire_150m_10min/merlingen_7.5mi_point_08-24-2025_2110_150m_vel.asc
ncols	158
nrows	163
xllcorner	391686.332397
yllcorner	5160024.123721
cellsize	150.000000
NODATA_value	-32768.000000
[rows 38 to 75 of 163, columns 0 to 83 of 158]
1.24 1.24 1.23 1.18 1.12 1.09 1.07 1.07 1.07 1.08 1.07 1.04 1.02 1.02 1.02 1.00 0.99 0.98 0.96 0.96 0.94 0.92 0.91 0.89 0.86 0.82 0.76 0.75 0.91 1.11 1.10 1.04 1.03 1.02 1.01 0.82 0.56 0.59 0.73 0.74 0.74 0.77 0.80 0.82 0.85 0.84 0.80 0.76 0.73 0.78 0.84 0.77 0.71 0.75 0.80 0.74 0.68 0.71 0.77 0.83 0.87 0.79 0.61 0.42 0.40 0.58 0.86 0.90 0.66 0.48 0.48 0.53 0.52 0.44 0.35 0.38 0.34 0.27 0.42 0.54 0.43 0.39 0.46 0.56
1.23 1.22 1.19 1.14 1.11 1.08 1.07 1.09 1.10 1.09 1.07 1.04 1.02 1.03 1.03 1.01 1.00 0.99 0.97 0.97 0.95 0.94 0.92 0.91 0.88 0.84 0.82 0.85 0.96 1.03 1.01 0.97 0.95 0.94 0.89 0.67 0.50 0.63 0.77 0.79 0.80 0.82 0.85 0.86 0.85 0.86 0.83 0.75 0.70 0.80 0.88 0.79 0.68 0.72 0.82 0.75 0.64 0.66 0.74 0.80 0.80 0.78 0.72 0.55 0.44 0.57 0.87 0.88 0.63 0.51 0.52 0.53 0.50 0.41 0.37 0.42 0.36 0.23 0.35 0.56 0.53 0.44 0.45 0.52
1.20 1.21 1.16 1.13 1.11 1.09 1.09 1.12 1.13 1.09 1.06 1.05 1.04 1.04 1.04 1.03 1.01 0.99 0.99 0.98 0.97 0.95 0.93 0.92 0.90 0.87 0.86 0.88 0.89 0.94 1.00 0.96 0.88 0.85 0.74 0.55 0.53 0.65 0.77 0.83 0.86 0.89 0.92 0.87 0.83 0.86 0.85 0.76 0.70 0.78 0.91 0.86 0.72 0.71 0.79 0.75 0.63 0.61 0.69 0.75 0.73 0.74 0.81 0.74 0.54 0.58 0.85 0.85 0.64 0.58 0.55 0.51 0.46 0.37 0.37 0.46 0.37 0.23 0.30 0.49 0.57 0.55 0.54 0.56
1.17 1.17 1.14 1.12 1.11 1.10 1.12 1.14 1.12 1.08 1.06 1.06 1.06 1.05 1.05 1.03 1.01 1.00 1.00 0.99 0.98 0.96 0.93 0.93 0.92 0.89 0.88 0.87 0.86 0.92 0.99 0.93 0.83 0.76 0.61 0.53 0.58 0.66 0.77 0.87 0.92 0.97 0.94 0.85 0.85 0.88 0.84 0.76 0.69 0.75 0.93 0.93 0.75 0.66 0.71 0.73 0.63 0.57 0.64 0.70 0.68 0.65 0.77 0.84 0.70 0.64 0.80 0.83 0.69 0.61 0.54 0.50 0.47 0.35 0.38 0.47 0.35 0.24 0.28 0.41 0.51 0.55 0.60 0.63
1.12 1.12 1.11 1.10 1.10 1.13 1.14 1.13 1.11 1.08 1.07 1.07 1.07 1.06 1.05 1.04 1.02 1.01 1.01 1.01 0.99 0.95 0.94 0.94 0.93 0.90 0.89 0.88 0.88 0.93 0.96 0.89 0.80 0.69 0.59 0.56 0.62 0.76 0.87 0.92 0.96 0.96 0.90 0.90 0.92 0.85 0.77 0.72 0.69 0.76 0.96 0.97 0.73 0.59 0.63 0.68 0.63 0.56 0.60 0.66 0.65 0.60 0.69 0.81 0.81 0.76 0.75 0.79 0.73 0.60 0.54 0.55 0.50 0.39 0.41 0.45 0.33 0.26 0.29 0.38 0.47 0.50 0.56 0.63
1.08 1.08 1.08 1.08 1.11 1.15 1.13 1.11 1.11 1.09 1.07 1.07 1.07 1.06 1.05 1.04 1.02 1.02 1.02 1.01 0.98 0.96 0.95 0.95 0.93 0.91 0.90 0.90 0.90 0.91 0.90 0.86 0.78 0.69 0.63 0.61 0.71 0.88 0.92 0.90 0.91 0.90 0.93 0.99 0.91 0.73 0.67 0.70 0.74 0.83 0.98 0.95 0.70 0.56 0.59 0.63 0.60 0.57 0.59 0.65 0.66 0.63 0.65 0.70 0.80 0.84 0.76 0.74 0.70 0.60 0.59 0.63 0.58 0.48 0.47 0.44 0.35 0.31 0.32 0.38 0.45 0.49 0.54 0.60
1.04 1.04 1.04 1.08 1.12 1.13 1.11 1.10 1.10 1.09 1.08 1.08 1.07 1.05 1.04 1.04 1.03 1.03 1.03 1.02 0.99 0.97 0.96 0.95 0.94 0.92 0.92 0.92 0.90 0.87 0.87 0.85 0.79 0.72 0.67 0.68 0.80 0.89 0.86 0.82 0.82 0.90 1.01 1.00 0.79 0.63 0.64 0.72 0.82 0.92 0.96 0.87 0.67 0.56 0.58 0.61 0.58 0.57 0.60 0.66 0.69 0.68 0.66 0.66 0.77 0.84 0.78 0.69 0.61 0.57 0.60 0.66 0.65 0.59 0.55 0.48 0.40 0.37 0.37 0.40 0.44 0.47 0.54 0.59
0.99 1.00 1.04 1.09 1.10 1.09 1.10 1.10 1.09 1.09 1.08 1.08 1.06 1.05 1.05 1.05 1.04 1.04 1.04 1.02 0.99 0.98 0.96 0.95 0.95 0.94 0.94 0.91 0.88 0.87 0.86 0.85 0.81 0.75 0.71 0.74 0.79 0.81 0.79 0.78 0.81 0.94 1.04 0.92 0.66 0.60 0.70 0.82 0.94 0.95 0.87 0.77 0.65 0.55 0.56 0.61 0.59 0.58 0.63 0.68 0.70 0.71 0.69 0.71 0.79 0.80 0.74 0.65 0.51 0.48 0.55 0.61 0.65 0.64 0.60 0.52 0.42 0.39 0.42 0.45 0.46 0.48 0.53 0.57
0.96 1.00 1.05 1.07 1.06 1.07 1.09 1.09 1.08 1.08 1.09 1.07 1.06 1.06 1.06 1.05 1.05 1.04 1.03 1.01 0.99 0.97 0.96 0.96 0.96 0.95 0.92 0.90 0.88 0.87 0.86 0.85 0.82 0.77 0.75 0.76 0.77 0.78 0.78 0.79 0.83 0.93 0.99 0.82 0.60 0.64 0.79 0.95 0.98 0.86 0.75 0.68 0.62 0.57 0.56 0.60 0.62 0.64 0.69 0.70 0.70 0.74 0.76 0.76 0.78 0.75 0.67 0.61 0.49 0.45 0.51 0.56 0.62 0.64 0.61 0.55 0.46 0.41 0.44 0.48 0.49 0.50 0.52 0.54
0.96 0.99 1.03 1.01 1.00 1.06 1.09 1.08 1.08 1.08 1.08 1.07 1.06 1.06 1.06 1.05 1.04 1.04 1.03 1.01 0.99 0.97 0.96 0.97 0.96 0.94 0.92 0.90 0.89 0.87 0.86 0.85 0.82 0.79 0.76 0.74 0.77 0.79 0.78 0.79 0.83 0.89 0.90 0.73 0.62 0.74 0.91 1.00 0.91 0.73 0.66 0.61 0.59 0.61 0.59 0.60 0.67 0.72 0.77 0.73 0.68 0.76 0.80 0.76 0.74 0.71 0.62 0.56 0.50 0.47 0.50 0.53 0.58 0.61 0.60 0.56 0.49 0.43 0.43 0.49 0.51 0.51 0.52 0.52
0.96 0.97 0.97 0.94 0.96 1.06 1.10 1.08 1.07 1.07 1.07 1.06 1.05 1.05 1.05 1.05 1.04 1.03 1.02 1.00 0.98 0.97 0.97 0.97 0.96 0.94 0.92 0.90 0.89 0.88 0.86 0.85 0.83 0.81 0.77 0.75 0.77 0.79 0.78 0.79 0.82 0.84 0.79 0.67 0.69 0.87 0.99 0.94 0.80 0.65 0.58 0.57 0.59 0.63 0.61 0.63 0.73 0.80 0.83 0.73 0.65 0.75 0.81 0.76 0.72 0.67 0.58 0.52 0.49 0.48 0.50 0.52 0.55 0.57 0.57 0.55 0.51 0.47 0.46 0.51 0.54 0.53 0.51 0.51
0.96 0.95 0.91 0.87 0.94 1.07 1.11 1.08 1.07 1.07 1.07 1.05 1.04 1.04 1.04 1.05 1.04 1.02 1.01 1.00 0.98 0.98 0.97 0.96 0.96 0.94 0.92 0.90 0.89 0.88 0.87 0.85 0.84 0.81 0.78 0.76 0.78 0.79 0.78 0.78 0.79 0.79 0.73 0.68 0.76 0.94 0.97 0.84 0.70 0.57 0.51 0.57 0.63 0.64 0.63 0.69 0.82 0.89 0.83 0.69 0.62 0.71 0.80 0.80 0.72 0.62 0.54 0.49 0.48 0.48 0.50 0.52 0.53 0.53 0.55 0.54 0.53 0.51 0.52 0.56 0.57 0.57 0.53 0.50
0.95 0.92 0.85 0.84 0.97 1.10 1.11 1.10 1.06 1.06 1.05 1.04 1.04 1.04 1.04 1.04 1.03 1.02 1.01 1.00 0.99 0.99 0.97 0.96 0.96 0.95 0.92 0.90 0.89 0.88 0.87 0.86 0.84 0.82 0.80 0.78 0.79 0.80 0.78 0.75 0.75 0.76 0.74 0.71 0.80 0.94 0.90 0.74 0.61 0.49 0.47 0.58 0.67 0.65 0.67 0.78 0.91 0.91 0.76 0.63 0.60 0.67 0.79 0.85 0.73 0.58 0.51 0.47 0.46 0.47 0.49 0.50 0.51 0.51 0.51 0.52 0.52 0.53 0.56 0.59 0.60 0.59 0.56 0.52
0.94 0.88 0.81 0.87 1.04 1.11 1.10 1.10 1.07 1.05 1.04 1.03 1.03 1.03 1.03 1.03 1.03 1.01 1.00 1.00 0.99 0.98 0.97 0.96 0.96 0.94 0.91 0.90 0.89 0.88 0.87 0.86 0.84 0.82 0.81 0.80 0.79 0.78 0.76 0.73 0.74 0.78 0.76 0.73 0.80 0.88 0.80 0.64 0.56 0.49 0.48 0.63 0.69 0.68 0.74 0.90 0.95 0.84 0.68 0.59 0.59 0.65 0.82 0.89 0.72 0.55 0.49 0.45 0.45 0.47 0.48 0.49 0.49 0.49 0.49 0.49 0.49 0.50 0.55 0.61 0.63 0.61 0.57 0.52
0.91 0.85 0.80 0.90 1.06 1.09 1.05 1.08 1.09 1.05 1.01 1.02 1.02 1.01 1.02 1.02 1.02 1.00 1.00 1.00 0.99 0.97 0.96 0.96 0.95 0.93 0.91 0.90 0.89 0.88 0.87 0.86 0.84 0.83 0.82 0.81 0.79 0.77 0.75 0.72 0.73 0.80 0.78 0.73 0.76 0.80 0.69 0.53 0.53 0.54 0.58 0.66 0.70 0.72 0.84 0.97 0.89 0.73 0.63 0.60 0.59 0.66 0.87 0.92 0.69 0.51 0.46 0.44 0.45 0.47 0.48 0.48 0.48 0.48 0.49 0.49 0.47 0.46 0.51 0.57 0.62 0.65 0.62 0.54
0.87 0.85 0.86 0.95 1.08 1.07 1.02 1.06 1.09 1.02 0.98 0.99 1.00 1.00 1.01 1.02 1.01 1.00 1.00 0.99 0.98 0.96 0.96 0.96 0.94 0.92 0.91 0.90 0.89 0.88 0.87 0.86 0.84 0.83 0.82 0.81 0.79 0.78 0.76 0.72 0.74 0.81 0.80 0.72 0.69 0.70 0.60 0.47 0.54 0.62 0.63 0.66 0.70 0.78 0.93 0.96 0.78 0.63 0.60 0.61 0.62 0.70 0.91 0.92 0.66 0.49 0.44 0.43 0.46 0.48 0.47 0.47 0.48 0.49 0.51 0.50 0.47 0.47 0.49 0.52 0.57 0.64 0.67 0.62
0.84 0.88 0.92 0.99 1.07 1.05 0.99 1.02 1.04 1.00 0.96 0.97 0.99 1.00 1.01 1.01 1.00 1.00 0.99 0.98 0.97 0.97 0.96 0.95 0.93 0.92 0.91 0.90 0.89 0.88 0.87 0.86 0.84 0.83 0.82 0.81 0.79 0.78 0.76 0.74 0.76 0.81 0.78 0.69 0.63 0.62 0.56 0.50 0.59 0.64 0.61 0.65 0.71 0.81 0.97 0.92 0.67 0.55 0.57 0.62 0.66 0.76 0.93 0.89 0.64 0.48 0.41 0.41 0.47 0.50 0.48 0.47 0.48 0.50 0.51 0.50 0.48 0.49 0.51 0.49 0.51 0.59 0.66 0.67
0.83 0.88 0.93 0.93 0.97 0.96 0.92 0.93 0.98 1.00 0.97 0.96 0.98 0.99 0.99 0.99 0.99 0.99 0.98 0.97 0.97 0.96 0.95 0.94 0.93 0.92 0.91 0.90 0.89 0.88 0.87 0.86 0.84 0.83 0.82 0.81 0.79 0.78 0.77 0.75 0.76 0.77 0.74 0.66 0.61 0.59 0.57 0.57 0.61 0.59 0.56 0.67 0.73 0.81 0.99 0.87 0.57 0.51 0.57 0.63 0.70 0.81 0.93 0.86 0.63 0.46 0.40 0.39 0.46 0.51 0.50 0.49 0.50 0.51 0.51 0.51 0.50 0.52 0.54 0.51 0.50 0.55 0.62 0.65
0.83 0.87 0.89 0.87 0.87 0.90 0.89 0.88 0.93 1.01 1.00 0.96 0.98 0.99 0.97 0.98 0.99 0.98 0.97 0.96 0.96 0.96 0.95 0.94 0.92 0.91 0.90 0.89 0.89 0.87 0.86 0.85 0.84 0.83 0.82 0.81 0.79 0.78 0.77 0.76 0.75 0.73 0.71 0.67 0.64 0.62 0.60 0.60 0.59 0.53 0.52 0.68 0.73 0.82 0.98 0.78 0.51 0.51 0.58 0.65 0.74 0.82 0.90 0.85 0.63 0.44 0.37 0.37 0.42 0.48 0.49 0.51 0.52 0.52 0.52 0.51 0.51 0.54 0.55 0.53 0.51 0.53 0.57 0.60
0.83 0.85 0.87 0.86 0.87 0.90 0.90 0.89 0.93 1.04 1.04 0.97 0.97 0.98 0.96 0.97 0.98 0.97 0.96 0.95 0.96 0.95 0.94 0.93 0.92 0.90 0.90 0.89 0.88 0.87 0.86 0.85 0.84 0.83 0.82 0.81 0.79 0.78 0.77 0.75 0.74 0.72 0.70 0.68 0.66 0.65 0.62 0.59 0.56 0.49 0.49 0.65 0.73 0.83 0.95 0.71 0.48 0.53 0.62 0.69 0.76 0.81 0.85 0.83 0.66 0.46 0.37 0.37 0.40 0.45 0.48 0.51 0.53 0.52 0.53 0.51 0.53 0.56 0.56 0.55 0.54 0.55 0.56 0.57
0.83 0.83 0.84 0.85 0.86 0.89 0.91 0.92 0.98 1.08 1.03 0.93 0.93 0.96 0.96 0.97 0.97 0.96 0.95 0.95 0.95 0.94 0.94 0.93 0.91 0.90 0.89 0.89 0.88 0.87 0.86 0.85 0.84 0.83 0.82 0.80 0.79 0.78 0.76 0.75 0.74 0.72 0.70 0.68 0.67 0.65 0.61 0.58 0.54 0.48 0.46 0.60 0.74 0.85 0.90 0.67 0.47 0.55 0.67 0.72 0.75 0.77 0.81 0.81 0.69 0.50 0.39 0.37 0.40 0.45 0.48 0.51 0.53 0.53 0.52 0.51 0.53 0.56 0.56 0.56 0.57 0.59 0.59 0.59
0.81 0.81 0.81 0.82 0.84 0.86 0.91 0.94 1.00 1.03 0.96 0.87 0.88 0.96 0.99 0.97 0.95 0.95 0.95 0.94 0.93 0.93 0.94 0.93 0.90 0.89 0.89 0.88 0.87 0.86 0.85 0.84 0.83 0.82 0.81 0.80 0.79 0.77 0.76 0.75 0.73 0.72 0.70 0.68 0.67 0.65 0.62 0.58 0.54 0.49 0.46 0.57 0.75 0.84 0.83 0.64 0.50 0.60 0.71 0.72 0.71 0.73 0.77 0.78 0.70 0.55 0.42 0.37 0.40 0.46 0.49 0.50 0.52 0.52 0.51 0.51 0.53 0.54 0.54 0.55 0.56 0.59 0.62 0.62
0.78 0.78 0.78 0.80 0.82 0.85 0.90 0.94 0.98 0.98 0.93 0.87 0.89 0.98 1.00 0.96 0.95 0.95 0.95 0.94 0.93 0.93 0.94 0.91 0.89 0.88 0.88 0.87 0.87 0.86 0.85 0.84 0.83 0.82 0.81 0.80 0.78 0.77 0.76 0.75 0.73 0.72 0.70 0.68 0.67 0.65 0.62 0.60 0.56 0.52 0.48 0.56 0.72 0.80 0.76 0.62 0.56 0.66 0.71 0.69 0.67 0.67 0.71 0.74 0.69 0.58 0.45 0.36 0.39 0.47 0.49 0.49 0.50 0.51 0.50 0.51 0.54 0.54 0.53 0.54 0.54 0.57 0.60 0.61
0.76 0.75 0.76 0.78 0.81 0.85 0.89 0.96 0.99 0.97 0.94 0.91 0.94 0.98 0.96 0.96 0.95 0.95 0.95 0.93 0.92 0.93 0.92 0.89 0.88 0.87 0.87 0.87 0.86 0.85 0.84 0.83 0.82 0.81 0.80 0.79 0.78 0.77 0.76 0.74 0.73 0.71 0.70 0.68 0.67 0.65 0.63 0.61 0.58 0.54 0.50 0.54 0.67 0.75 0.68 0.59 0.63 0.71 0.70 0.66 0.63 0.62 0.65 0.68 0.66 0.59 0.47 0.37 0.40 0.47 0.48 0.49 0.50 0.50 0.49 0.50 0.53 0.54 0.54 0.55 0.55 0.57 0.59 0.59
0.72 0.72 0.74 0.77 0.81 0.85 0.92 0.98 0.99 0.97 0.95 0.92 0.93 0.93 0.92 0.95 0.95 0.95 0.94 0.91 0.91 0.91 0.89 0.88 0.86 0.87 0.87 0.87 0.86 0.85 0.84 0.83 0.82 0.81 0.80 0.79 0.78 0.76 0.75 0.74 0.73 0.71 0.70 0.68 0.67 0.65 0.63 0.62 0.59 0.56 0.52 0.53 0.63 0.68 0.61 0.59 0.69 0.72 0.68 0.64 0.60 0.59 0.61 0.62 0.62 0.58 0.48 0.41 0.44 0.47 0.48 0.49 0.50 0.48 0.48 0.50 0.52 0.54 0.54 0.55 0.57 0.58 0.60 0.60
0.68 0.69 0.72 0.77 0.82 0.88 0.94 0.98 0.98 0.96 0.95 0.93 0.91 0.90 0.90 0.92 0.95 0.95 0.93 0.91 0.91 0.89 0.88 0.87 0.85 0.87 0.88 0.87 0.85 0.84 0.83 0.82 0.81 0.81 0.79 0.78 0.77 0.76 0.75 0.74 0.72 0.71 0.70 0.68 0.67 0.65 0.64 0.62 0.60 0.58 0.54 0.54 0.61 0.63 0.55 0.58 0.71 0.72 0.66 0.62 0.58 0.56 0.57 0.57 0.58 0.54 0.44 0.43 0.46 0.47 0.47 0.49 0.51 0.47 0.46 0.49 0.52 0.54 0.55 0.57 0.59 0.60 0.62 0.63
0.63 0.65 0.71 0.77 0.84 0.88 0.91 0.95 0.95 0.94 0.94 0.95 0.91 0.89 0.89 0.91 0.94 0.94 0.93 0.92 0.90 0.87 0.86 0.86 0.85 0.86 0.88 0.86 0.84 0.84 0.83 0.82 0.81 0.80 0.79 0.78 0.77 0.76 0.74 0.73 0.72 0.71 0.69 0.68 0.67 0.65 0.64 0.62 0.61 0.59 0.57 0.55 0.58 0.60 0.52 0.53 0.70 0.73 0.66 0.61 0.55 0.50 0.52 0.55 0.56 0.50 0.42 0.42 0.44 0.45 0.47 0.49 0.51 0.47 0.45 0.48 0.51 0.54 0.56 0.59 0.62 0.63 0.63 0.65
0.60 0.64 0.73 0.80 0.85 0.88 0.89 0.91 0.93 0.92 0.95 0.98 0.92 0.87 0.88 0.91 0.92 0.91 0.91 0.92 0.89 0.86 0.85 0.85 0.84 0.86 0.88 0.85 0.84 0.84 0.82 0.81 0.80 0.79 0.78 0.77 0.76 0.75 0.74 0.73 0.72 0.70 0.69 0.68 0.67 0.65 0.64 0.63 0.61 0.60 0.58 0.57 0.57 0.58 0.51 0.51 0.65 0.72 0.68 0.61 0.49 0.41 0.47 0.57 0.58 0.50 0.43 0.41 0.41 0.43 0.45 0.49 0.51 0.47 0.44 0.45 0.49 0.52 0.54 0.58 0.62 0.62 0.63 0.65
0.58 0.63 0.74 0.80 0.85 0.89 0.89 0.90 0.93 0.95 1.00 1.01 0.91 0.86 0.88 0.89 0.89 0.87 0.89 0.91 0.89 0.85 0.85 0.85 0.84 0.86 0.87 0.84 0.84 0.83 0.81 0.80 0.80 0.79 0.78 0.77 0.76 0.75 0.74 0.72 0.71 0.70 0.69 0.68 0.66 0.65 0.64 0.63 0.61 0.60 0.59 0.58 0.57 0.57 0.53 0.52 0.60 0.67 0.67 0.60 0.43 0.34 0.45 0.56 0.57 0.52 0.45 0.41 0.40 0.41 0.42 0.47 0.50 0.46 0.44 0.43 0.46 0.49 0.52 0.57 0.62 0.64 0.65 0.67
0.59 0.66 0.76 0.80 0.87 0.95 0.91 0.88 0.93 1.00 1.03 0.98 0.91 0.88 0.86 0.85 0.86 0.87 0.88 0.92 0.89 0.84 0.85 0.86 0.84 0.84 0.84 0.83 0.83 0.82 0.81 0.79 0.79 0.78 0.77 0.76 0.75 0.74 0.73 0.72 0.71 0.70 0.69 0.67 0.66 0.65 0.64 0.63 0.62 0.60 0.59 0.58 0.57 0.56 0.55 0.54 0.57 0.60 0.62 0.57 0.41 0.33 0.43 0.53 0.55 0.52 0.47 0.42 0.40 0.40 0.41 0.44 0.47 0.44 0.42 0.42 0.43 0.46 0.50 0.55 0.61 0.64 0.65 0.64
0.66 0.75 0.85 0.90 1.00 1.06 0.94 0.84 0.92 1.04 1.04 0.95 0.91 0.88 0.84 0.83 0.86 0.88 0.89 0.89 0.85 0.83 0.85 0.86 0.83 0.80 0.80 0.82 0.83 0.82 0.81 0.79 0.79 0.78 0.77 0.76 0.75 0.74 0.73 0.72 0.70 0.69 0.68 0.67 0.66 0.65 0.64 0.63 0.62 0.60 0.59 0.58 0.57 0.56 0.55 0.55 0.55 0.55 0.56 0.54 0.42 0.36 0.43 0.48 0.50 0.49 0.47 0.44 0.42 0.41 0.40 0.43 0.45 0.42 0.39 0.40 0.40 0.42 0.45 0.50 0.53 0.56 0.58 0.56
0.73 0.78 0.88 0.95 1.05 1.05 0.90 0.84 0.99 1.14 1.11 1.01 0.95 0.90 0.86 0.84 0.86 0.89 0.87 0.84 0.82 0.83 0.85 0.85 0.79 0.72 0.77 0.85 0.84 0.83 0.81 0.79 0.78 0.77 0.76 0.75 0.74 0.73 0.72 0.71 0.70 0.69 0.68 0.67 0.66 0.65 0.63 0.62 0.61 0.60 0.59 0.58 0.57 0.56 0.55 0.55 0.54 0.53 0.52 0.51 0.44 0.40 0.43 0.45 0.44 0.42 0.43 0.43 0.42 0.41 0.41 0.43 0.44 0.40 0.37 0.38 0.37 0.37 0.39 0.43 0.47 0.49 0.54 0.55
0.75 0.78 0.83 0.87 0.93 0.90 0.76 0.79 1.04 1.18 1.08 0.94 0.90 0.87 0.84 0.82 0.82 0.85 0.84 0.80 0.81 0.82 0.84 0.84 0.71 0.63 0.79 0.89 0.86 0.83 0.81 0.79 0.78 0.77 0.75 0.74 0.74 0.73 0.72 0.70 0.69 0.68 0.67 0.66 0.65 0.64 0.63 0.62 0.61 0.60 0.59 0.58 0.57 0.56 0.55 0.54 0.53 0.52 0.51 0.49 0.46 0.43 0.43 0.43 0.40 0.38 0.39 0.39 0.39 0.38 0.39 0.44 0.44 0.38 0.36 0.37 0.37 0.35 0.35 0.38 0.43 0.48 0.52 0.57
0.76 0.77 0.81 0.83 0.85 0.83 0.75 0.77 0.99 1.09 0.87 0.73 0.74 0.74 0.75 0.75 0.77 0.81 0.82 0.79 0.79 0.80 0.83 0.81 0.67 0.64 0.82 0.92 0.88 0.83 0.81 0.79 0.78 0.76 0.74 0.74 0.73 0.72 0.71 0.70 0.69 0.68 0.67 0.66 0.65 0.64 0.63 0.62 0.61 0.60 0.59 0.58 0.57 0.56 0.55 0.54 0.53 0.52 0.50 0.48 0.46 0.45 0.44 0.42 0.39 0.38 0.37 0.36 0.34 0.32 0.34 0.40 0.42 0.36 0.35 0.37 0.37 0.35 0.33 0.35 0.40 0.46 0.51 0.58
0.76 0.77 0.80 0.81 0.81 0.82 0.81 0.84 0.96 0.96 0.76 0.69 0.70 0.70 0.71 0.71 0.74 0.79 0.80 0.77 0.77 0.81 0.83 0.80 0.71 0.68 0.80 0.90 0.88 0.84 0.81 0.79 0.78 0.75 0.73 0.73 0.73 0.71 0.70 0.69 0.68 0.67 0.66 0.65 0.64 0.63 0.63 0.62 0.61 0.60 0.59 0.58 0.57 0.56 0.55 0.53 0.52 0.51 0.50 0.48 0.47 0.45 0.44 0.42 0.40 0.38 0.36 0.35 0.32 0.29 0.29 0.33 0.37 0.33 0.32 0.34 0.35 0.34 0.32 0.35 0.39 0.44 0.51 0.59
0.77 0.79 0.79 0.77 0.80 0.83 0.85 0.88 0.91 0.84 0.75 0.74 0.73 0.72 0.73 0.73 0.75 0.78 0.78 0.77 0.79 0.82 0.82 0.80 0.73 0.69 0.77 0.85 0.87 0.85 0.81 0.78 0.78 0.76 0.74 0.73 0.72 0.70 0.69 0.69 0.68 0.67 0.66 0.65 0.64 0.63 0.62 0.61 0.60 0.59 0.58 0.57 0.56 0.55 0.54 0.53 0.52 0.51 0.50 0.48 0.47 0.45 0.44 0.43 0.41 0.39 0.37 0.35 0.32 0.30 0.28 0.29 0.29 0.27 0.28 0.30 0.32 0.32 0.31 0.34 0.40 0.44 0.51 0.59
0.78 0.78 0.77 0.75 0.78 0.83 0.85 0.86 0.85 0.79 0.78 0.78 0.76 0.75 0.76 0.76 0.77 0.78 0.79 0.78 0.80 0.81 0.80 0.78 0.73 0.69 0.74 0.80 0.84 0.85 0.81 0.79 0.80 0.79 0.75 0.71 0.70 0.69 0.68 0.68 0.67 0.66 0.65 0.64 0.63 0.63 0.62 0.61 0.60 0.59 0.58 0.57 0.56 0.55 0.54 0.53 0.52 0.51 0.49 0.48 0.47 0.45 0.44 0.43 0.41 0.39 0.38 0.36 0.34 0.32 0.30 0.28 0.26 0.23 0.24 0.27 0.29 0.30 0.30 0.33 0.40 0.46 0.52 0.58
0.74 0.75 0.75 0.73 0.76 0.82 0.84 0.83 0.82 0.80 0.79 0.79 0.77 0.77 0.78 0.78 0.78 0.79 0.80 0.79 0.79 0.79 0.78 0.77 0.73 0.69 0.71 0.76 0.81 0.84 0.83 0.80 0.80 0.79 0.74 0.69 0.68 0.69 0.68 0.67 0.66 0.65 0.64 0.64 0.63 0.62 0.61 0.61 0.60 0.59 0.58 0.57 0.56 0.55 0.54 0.53 0.51 0.50 0.49 0.48 0.47 0.45 0.44 0.43 0.41 0.40 0.38 0.36 0.35 0.33 0.31 0.29 0.26 0.22 0.21 0.23 0.25 0.28 0.30 0.32 0.39 0.46 0.52 0.55
