windninja/windninja_output/Output_2025-08-24_2100-2150_Google earth_Fire_150m_10min/merlingen_7.5mi_point_08-24-2025_2110_150m_ang.asc
ncols	158
nrows	163
xllcorner	391686.332397
yllcorner	5160024.123721
cellsize	150.000000
NODATA_value	-32768.000000
[rows 42 to 83 of 163, columns 0 to 93 of 158]
312 311 309 308 306 304 303 302 301 301 301 299 299 299 298 297 297 297 296 296 296 296 296 296 296 297 298 299 300 299 295 292 292 291 291 291 289 290 291 290 287 283 281 284 287 288 283 277 277 279 279 278 279 279 275 269 263 260 259 257 255 254 255 253 253 259 262 260 259 253 245 246 249 245 250 251 233 211 215 227 232 233 235 237 237 233 225 223 226 227 228 230 232 234
313 312 310 309 307 305 304 303 302 301 301 300 299 299 298 297 297 297 296 296 296 296 296 296 296 296 297 298 299 298 294 292 292 295 298 301 299 296 294 290 284 280 281 283 283 279 274 271 274 279 279 276 273 271 270 266 260 257 256 258 259 263 264 260 257 260 263 261 253 241 236 240 241 239 243 240 222 208 214 227 232 234 237 240 237 229 224 226 228 229 229 229 231 234
314 313 311 309 308 306 305 304 303 301 301 301 300 299 298 298 297 297 297 296 296 297 297 296 296 296 297 297 297 297 295 293 294 297 300 304 301 295 290 286 283 281 283 281 276 269 269 273 278 282 280 274 268 264 262 259 257 255 257 261 264 267 269 269 269 267 263 259 249 237 235 238 237 236 236 230 216 208 217 229 235 236 239 240 235 228 226 229 231 232 232 230 235 237
315 314 312 310 308 307 305 304 303 302 301 301 300 300 299 298 298 298 297 297 297 297 296 296 296 296 296 296 296 296 296 295 296 298 301 302 300 294 290 288 287 285 282 277 271 268 273 279 283 283 277 269 262 257 256 255 255 257 263 266 267 269 271 275 275 271 264 257 248 243 243 242 240 238 234 227 214 209 219 229 235 238 241 240 233 229 228 230 232 234 234 234 238 237
316 315 313 311 309 307 305 305 304 303 302 302 301 300 300 299 299 298 297 297 297 297 296 296 296 296 296 295 295 296 296 295 296 298 301 301 299 297 294 293 290 286 280 274 269 273 279 283 283 279 271 263 255 252 254 255 257 263 270 273 272 272 274 276 274 269 262 254 246 246 248 246 244 240 234 226 215 211 221 231 237 241 243 240 235 231 231 231 231 232 234 236 237 235
317 315 313 311 308 305 305 305 305 304 303 302 302 301 300 299 299 298 297 297 297 296 296 296 296 295 295 295 295 295 295 295 295 297 299 299 298 297 296 294 292 287 280 273 272 279 284 283 279 272 265 257 251 252 255 257 262 269 275 279 278 275 274 273 270 265 259 252 246 246 247 246 244 240 233 226 219 218 228 237 243 244 242 239 235 232 232 231 231 232 232 234 233 231
315 315 313 312 308 304 304 306 305 304 303 303 302 301 300 299 299 298 298 297 297 297 296 296 295 295 295 295 295 295 295 295 295 296 298 299 298 297 297 295 293 288 282 278 280 283 284 281 274 266 258 251 252 256 258 262 269 275 279 280 279 274 270 268 267 264 258 252 248 246 246 245 243 239 233 227 224 226 233 240 242 242 240 236 232 230 230 229 229 229 230 232 231 229
314 315 314 312 307 303 304 306 306 305 304 303 302 301 300 300 299 299 298 297 297 297 297 296 295 295 296 295 295 295 295 295 295 296 297 299 298 297 297 296 293 288 286 286 286 284 281 276 269 260 250 251 257 262 264 269 275 280 280 276 273 269 266 265 266 263 258 252 248 246 245 244 241 236 231 228 226 227 231 236 239 239 237 233 230 228 227 225 225 226 227 230 230 229
313 315 316 314 308 305 304 305 307 306 305 304 303 302 301 300 300 299 298 298 298 297 297 297 296 296 296 295 295 295 295 295 295 295 296 298 299 298 297 295 293 290 290 292 289 284 278 271 264 254 251 258 265 267 270 276 279 279 275 269 265 263 263 265 266 262 257 252 249 247 245 243 240 235 232 230 228 227 230 234 237 236 235 232 230 228 226 224 225 226 226 229 230 230
312 315 318 315 309 307 306 305 306 308 307 305 304 303 302 300 300 299 299 298 298 298 297 297 296 296 295 295 295 295 295 295 295 295 296 297 297 297 296 295 293 292 293 294 290 283 276 267 258 256 262 270 272 274 277 280 279 274 266 262 260 260 264 267 266 261 255 250 248 246 245 242 238 235 234 233 230 229 230 234 235 236 236 234 231 229 228 228 229 228 227 228 231 231
312 315 319 314 308 307 307 304 305 308 309 306 304 303 302 301 300 300 299 299 298 298 297 297 296 296 295 295 295 295 294 294 294 294 295 295 296 296 296 296 295 292 293 295 291 283 275 265 261 267 275 276 275 277 280 281 276 268 260 256 257 261 266 267 264 259 253 248 245 245 243 240 237 235 235 235 233 232 233 235 234 234 237 237 237 235 233 232 231 230 228 229 229 229
312 315 319 316 310 309 309 305 303 306 308 306 304 303 302 301 300 300 299 299 298 298 297 297 296 296 296 295 295 295 294 294 294 294 294 294 295 295 296 297 296 293 293 295 291 283 276 272 274 277 279 277 276 277 279 278 272 263 256 255 258 263 267 267 262 256 250 244 243 243 241 237 234 234 236 236 234 235 239 238 234 234 235 234 236 238 237 233 231 230 230 228 225 223
313 313 317 318 312 310 311 306 301 302 306 306 305 304 303 302 301 300 300 299 298 298 298 297 297 296 296 295 295 295 294 294 294 294 294 294 294 294 295 297 297 294 292 292 290 285 281 283 284 282 278 276 277 277 276 274 268 259 256 257 261 265 268 266 260 253 245 239 239 240 237 234 234 236 237 236 234 236 240 238 234 234 232 230 229 232 234 234 232 229 228 226 222 218
314 311 312 314 310 307 309 306 300 299 303 305 305 304 303 302 301 300 300 299 298 298 298 297 297 296 296 295 295 295 294 294 294 294 294 293 293 294 294 295 295 293 290 289 290 290 290 291 289 283 278 277 277 277 275 271 262 257 258 261 264 267 267 263 257 249 241 236 238 237 233 232 236 238 238 235 234 236 238 236 233 232 231 228 226 227 227 227 228 229 229 227 221 216
313 311 308 309 307 304 305 306 302 298 300 304 304 304 304 302 301 301 300 299 299 298 298 297 297 297 296 296 295 295 294 294 294 294 293 293 293 293 293 293 293 292 290 290 292 294 296 295 291 287 283 279 277 276 274 267 258 258 262 266 269 269 265 260 253 246 239 237 238 237 233 234 237 237 236 234 233 236 236 233 232 232 231 228 226 225 223 222 223 227 231 230 219 206
312 311 309 309 309 307 306 307 305 301 302 304 303 303 304 303 302 301 300 300 299 298 298 297 297 297 296 296 295 295 294 294 294 293 293 293 293 292 292 292 292 292 292 292 292 294 296 296 293 291 287 280 277 277 272 265 259 262 267 270 270 268 263 257 250 242 237 236 236 235 234 237 237 236 235 232 233 235 233 230 229 229 230 229 229 229 227 225 223 223 225 218 201 194
311 311 309 309 308 307 306 308 308 305 304 304 302 300 302 303 302 301 301 300 299 298 298 297 297 297 296 296 295 295 294 294 294 293 293 293 292 292 292 292 291 291 291 292 292 292 293 295 295 296 293 284 279 278 272 265 263 268 271 272 269 265 261 255 248 240 234 231 230 233 236 238 237 236 234 232 233 233 230 227 225 226 228 229 230 230 230 228 224 220 215 205 194 192
310 310 309 308 307 306 305 306 306 304 303 304 301 298 300 302 303 302 301 301 300 299 298 298 298 297 296 296 295 295 294 294 294 293 293 292 292 292 292 291 291 291 291 291 291 291 292 293 296 299 301 292 283 278 272 265 266 272 274 272 268 264 259 253 247 240 233 226 226 235 239 238 237 236 234 232 234 233 229 226 225 226 227 226 227 228 228 226 223 216 210 203 196 196
309 309 308 307 306 304 303 302 303 303 304 306 305 301 299 300 302 302 302 301 301 300 299 298 298 297 296 296 295 295 295 294 294 293 293 292 292 292 291 291 291 291 290 290 290 290 291 292 295 300 305 299 286 279 272 266 269 274 275 271 268 263 258 253 247 241 234 223 229 239 240 239 239 237 233 232 233 231 228 227 226 227 228 226 225 225 225 223 220 213 207 203 199 201
310 310 308 307 305 304 302 301 302 303 306 309 308 304 300 299 300 301 302 302 301 300 299 298 298 297 296 296 295 295 295 294 294 293 293 292 292 292 291 291 291 290 290 290 290 290 290 291 294 298 303 301 290 281 273 269 272 275 273 271 267 263 259 254 248 242 233 224 234 241 241 240 240 238 234 233 233 229 227 226 226 228 229 228 227 227 225 221 217 210 203 203 205 208
311 310 308 306 305 304 303 302 302 303 305 308 308 306 303 299 298 299 301 302 302 301 299 298 297 296 296 296 296 295 295 294 294 293 293 292 292 291 291 291 290 290 290 290 290 290 290 291 292 295 300 300 293 285 277 273 274 274 272 270 267 264 261 256 249 242 231 227 238 242 241 240 241 237 233 232 231 228 226 225 226 227 229 230 230 229 228 221 214 208 203 207 213 214
312 310 307 305 305 304 303 302 302 302 303 305 307 307 306 302 298 297 299 301 302 301 300 299 298 297 296 296 296 295 295 294 294 293 293 292 292 291 291 291 290 290 290 289 289 289 289 290 291 292 296 299 294 288 284 278 275 274 273 271 268 265 260 254 251 245 236 237 242 242 241 241 241 236 232 230 228 227 224 224 225 226 227 229 228 228 226 218 212 209 209 213 216 218
314 311 306 304 303 303 302 300 300 300 300 303 307 309 307 305 301 299 297 298 300 301 300 300 299 298 296 296 296 295 295 295 294 293 293 292 292 291 291 291 290 290 289 289 289 289 289 289 289 290 293 296 294 290 289 284 276 273 273 273 270 263 255 252 254 251 246 247 246 242 240 241 240 235 229 227 226 223 220 220 222 224 225 227 226 226 222 215 211 209 212 215 217 222
317 312 307 305 304 303 301 299 297 298 299 301 306 309 307 306 304 301 298 296 297 299 299 300 300 298 297 296 296 296 295 295 294 294 293 292 292 291 291 290 290 290 289 289 289 288 288 288 288 289 290 292 293 291 291 291 281 274 272 272 267 255 250 253 255 254 252 250 246 243 241 241 240 234 228 225 223 220 217 219 223 225 226 225 225 225 220 214 210 210 213 217 222 226
319 313 306 304 303 303 304 302 299 299 300 301 304 308 308 306 304 302 300 297 297 298 298 299 300 299 298 297 296 296 296 295 294 294 293 293 292 291 291 290 290 290 289 289 288 288 288 288 288 288 288 289 290 290 291 293 288 278 271 266 259 252 255 257 255 253 251 248 246 244 242 242 240 233 227 223 221 218 216 218 222 223 221 219 220 222 218 213 212 213 215 219 224 230
320 314 308 305 302 304 307 305 300 299 301 302 304 306 308 306 304 303 303 300 299 298 297 297 299 299 297 296 296 295 295 295 294 294 293 293 292 292 291 291 290 289 289 289 288 288 287 287 287 287 287 287 287 288 289 291 289 283 273 266 260 261 264 262 257 252 248 245 246 245 244 243 240 233 226 222 219 215 213 215 217 217 216 214 219 224 221 215 215 216 218 222 228 233
317 314 313 312 309 309 314 312 302 299 301 303 304 305 307 306 304 304 304 302 299 298 297 297 297 297 294 294 295 295 295 295 295 294 293 293 292 292 291 291 290 289 289 288 288 287 287 287 286 286 286 285 285 286 286 286 286 284 278 271 269 272 273 268 261 253 248 245 245 244 243 243 241 234 226 222 218 214 211 214 215 217 219 220 229 233 224 216 217 219 221 226 232 234
309 309 309 311 309 309 317 320 309 305 307 310 310 309 309 309 306 303 303 302 300 299 298 297 296 294 290 291 294 295 296 296 295 295 294 293 292 292 291 291 290 289 289 288 288 287 287 286 286 285 285 284 284 284 283 283 282 282 279 276 275 278 278 274 267 259 253 249 246 243 241 242 241 232 225 223 220 215 212 215 219 223 226 230 239 237 222 216 219 221 224 228 230 231
305 304 301 300 298 298 307 315 308 304 308 313 312 311 311 310 307 303 302 302 301 299 297 296 296 293 288 289 293 295 296 296 296 296 295 294 293 292 291 291 290 289 289 288 288 287 286 286 285 285 284 284 283 283 282 281 280 279 278 277 276 278 278 276 273 269 264 258 251 245 241 242 240 230 224 224 222 217 214 217 224 228 232 237 241 233 219 219 221 223 224 225 226 225
303 302 300 298 294 290 294 302 300 295 296 300 300 302 304 305 304 302 301 301 300 299 297 296 299 300 292 289 291 293 295 296 297 297 296 294 293 293 292 291 290 290 289 288 287 287 286 286 285 284 284 283 282 282 281 280 279 278 277 276 275 275 275 275 275 275 273 269 262 254 248 246 240 230 224 224 223 218 216 221 228 232 236 241 239 225 217 219 223 225 225 224 222 219
302 302 302 300 297 294 295 298 296 289 285 288 290 293 294 297 299 299 299 300 300 299 298 298 303 305 297 290 288 291 293 294 295 296 297 295 294 293 292 291 290 290 289 288 287 287 286 285 285 284 283 283 282 281 280 279 278 277 276 275 274 273 272 272 272 272 272 271 269 266 263 257 246 234 229 228 226 222 217 223 230 234 238 240 233 219 216 220 226 226 224 223 224 220
301 301 302 301 299 298 298 298 295 290 288 290 293 294 295 296 297 297 297 298 299 299 299 300 303 305 299 292 288 288 290 291 292 294 297 297 295 294 293 292 291 290 289 288 287 287 286 285 284 284 283 282 281 281 280 279 278 277 275 274 273 272 271 270 269 269 268 267 267 269 270 267 256 243 236 234 231 226 219 223 230 236 239 236 225 218 218 222 226 224 220 220 222 220
300 300 300 301 299 297 297 296 294 294 294 294 295 296 297 298 299 298 298 298 298 298 297 298 301 304 301 295 289 287 288 290 291 293 296 297 296 294 293 292 291 290 289 288 287 287 286 285 284 284 283 282 281 280 279 278 277 276 275 274 273 272 270 269 268 267 265 264 264 264 265 264 260 251 242 237 232 226 220 223 231 234 235 229 221 220 222 223 225 222 218 213 209 197
298 297 297 299 298 296 296 296 295 295 296 296 296 297 298 299 300 299 299 299 298 297 296 296 298 302 300 296 292 288 288 289 290 290 292 294 295 294 294 293 292 290 289 288 287 286 286 285 284 283 283 282 281 280 279 278 277 276 275 273 272 271 270 269 267 266 264 263 262 261 259 257 255 252 247 240 231 223 219 223 231 233 231 226 221 220 222 223 223 224 222 210 195 183
298 295 292 295 296 295 295 295 295 296 297 298 298 298 299 300 301 300 299 299 299 298 297 296 297 299 298 296 295 291 288 287 286 285 287 291 293 294 294 294 293 291 289 288 287 286 285 285 284 283 282 282 281 280 279 278 277 276 274 273 272 271 269 268 266 265 264 262 260 258 256 254 252 251 249 244 234 222 219 226 234 234 231 228 227 227 227 228 229 231 226 206 185 176
302 293 284 285 290 293 294 295 296 298 300 300 300 300 300 301 301 301 300 299 299 298 298 298 298 297 296 296 296 293 288 284 284 284 286 290 292 293 294 294 293 291 289 288 287 286 285 285 284 283 283 282 281 280 279 278 277 275 274 273 272 270 269 267 266 264 263 261 259 257 255 253 251 249 247 244 236 223 221 232 236 233 232 232 233 235 236 234 230 222 206 188 178 175
309 291 270 273 284 290 293 296 299 303 305 304 303 301 301 302 302 302 301 300 299 298 298 298 299 297 295 295 296 295 291 286 286 286 287 289 291 291 292 293 294 292 289 288 287 286 285 284 284 283 283 282 281 280 279 278 277 275 274 273 271 270 269 267 266 264 262 261 259 257 254 252 250 248 245 242 235 225 225 235 236 230 228 229 227 226 227 222 211 201 191 182 176 177
338 303 259 269 279 290 298 302 304 309 311 308 305 303 303 303 303 302 302 301 299 298 298 298 301 299 295 295 296 298 296 291 288 286 286 287 289 289 289 291 294 292 289 288 287 285 284 284 284 283 283 282 281 280 279 278 277 276 274 273 271 270 268 267 265 264 262 260 258 256 254 252 249 246 243 239 234 226 225 233 232 224 221 220 217 216 215 209 200 192 186 182 178 178
23 351 291 283 290 304 314 315 314 316 317 313 308 305 304 303 303 303 302 301 300 298 297 299 303 301 296 294 295 298 298 295 292 288 286 286 288 288 287 288 291 292 289 287 286 285 284 283 283 284 284 283 282 281 280 278 277 275 274 273 271 270 268 267 265 263 262 260 258 256 253 251 248 245 241 238 233 227 224 227 222 217 214 213 213 213 210 201 194 190 187 183 180 178
45 342 293 295 301 311 328 330 326 325 323 317 310 306 304 303 303 302 302 301 300 299 298 299 303 301 297 294 294 297 299 298 295 292 287 285 285 287 286 286 287 289 287 285 284 283 282 281 281 284 286 286 284 282 280 279 277 276 274 273 271 270 268 267 265 263 261 260 258 255 253 250 247 244 241 237 232 226 221 216 209 209 212 212 212 211 204 195 191 189 187 184 182 179
27 316 300 304 308 315 328 334 333 330 328 320 311 306 303 302 301 300 301 301 300 299 298 300 303 301 297 296 296 296 297 296 295 292 288 284 283 285 285 285 285 286 285 284 283 283 283 283 282 284 287 288 287 284 281 279 277 276 274 273 272 270 268 267 265 263 261 259 257 255 253 250 247 244 240 236 232 225 218 209 200 202 209 213 212 207 198 191 188 187 186 185 183 181
306 313 313 311 310 309 316 325 328 326 323 315 309 304 301 300 299 298 299 300 300 299 298 299 303 303 299 298 297 295 295 294 293 290 288 285 283 283 284 285 285 286 287 287 287 287 288 288 287 286 286 287 287 286 283 279 277 276 274 273 272 270 269 267 265 263 261 259 257 255 252 250 247 243 240 236 231 225 217 208 196 196 204 208 208 202 196 190 186 185 185 185 184 182
