windninja/windninja_output/Output_2025-08-24_2100-2150_Google earth_Fire_150m_10min/merlingen_7.5mi_point_08-24-2025_2120_150m_ang.asc
ncols	158
nrows	163
xllcorner	391686.332397
yllcorner	5160024.123721
cellsize	150.000000
NODATA_value	-32768.000000
[rows 0 to 41 of 163, columns 0 to 93 of 158]
279 278 278 279 281 283 284 280 277 278 277 269 254 244 246 256 265 269 272 280 286 277 262 259 264 269 268 261 257 257 256 255 255 253 251 254 258 258 257 255 250 248 248 249 251 252 255 255 248 241 237 234 233 233 232 231 231 231 231 230 227 225 224 222 219 217 218 220 222 222 220 219 218 216 215 215 216 219 219 216 215 214 215 217 218 217 214 214 215 213 212 212 211 210
280 280 281 282 282 282 282 280 279 278 277 271 259 250 253 259 266 272 276 280 284 281 271 264 264 266 266 263 261 259 257 256 255 254 254 255 256 256 255 253 251 250 248 248 249 250 250 250 248 244 241 238 237 236 234 232 231 230 230 230 228 226 224 222 220 219 220 222 223 222 220 218 217 216 216 216 216 218 217 215 214 214 216 217 218 216 213 213 215 214 213 213 213 212
283 282 283 284 283 281 279 279 281 282 282 279 270 264 263 266 271 275 279 279 280 284 282 273 266 263 263 264 263 261 259 259 258 257 258 257 254 253 253 251 251 250 249 249 248 247 245 243 242 242 242 240 239 237 235 233 232 230 229 228 227 225 224 223 221 220 222 223 224 222 219 218 217 216 216 215 215 217 216 213 212 214 216 216 217 214 209 210 213 214 214 214 212 210
284 282 282 283 283 283 283 284 286 287 287 285 279 274 272 273 274 276 276 275 276 280 284 280 270 264 262 262 261 260 259 259 260 261 260 258 256 254 253 252 251 250 250 250 248 246 244 241 238 237 237 235 234 234 233 233 232 231 230 228 226 224 223 223 222 221 222 224 225 222 219 218 218 218 217 216 215 217 217 214 210 213 215 214 215 213 206 205 208 208 210 210 207 205
285 283 282 283 283 285 288 289 289 288 286 285 284 280 279 277 275 275 274 272 272 277 284 286 277 269 264 261 259 258 256 257 259 261 260 258 256 255 255 254 252 250 250 248 247 245 242 240 238 236 235 233 233 233 233 233 233 232 231 229 228 225 224 224 223 222 222 224 226 223 220 220 220 219 218 218 218 219 218 215 211 213 215 213 214 214 206 201 202 202 204 205 203 200
286 285 284 283 284 286 290 290 288 286 284 286 288 285 281 278 274 272 271 271 271 276 283 290 284 276 269 263 260 258 257 257 257 257 256 256 256 256 255 253 252 251 251 249 246 244 242 241 239 237 234 234 234 235 235 234 233 232 231 229 228 225 224 224 223 222 222 224 225 221 220 221 221 218 216 217 218 218 218 217 215 215 216 214 214 215 210 202 199 198 199 200 199 195
286 286 287 286 286 287 288 288 286 284 285 289 293 288 282 279 275 271 270 270 271 274 281 290 289 281 274 269 266 262 261 260 258 255 253 255 256 255 254 252 251 251 250 249 247 246 244 242 240 237 234 234 234 234 235 235 234 233 231 229 226 223 222 222 222 221 221 224 224 219 217 219 218 215 213 214 216 216 214 215 216 215 213 214 215 217 215 209 202 196 194 196 197 196
285 286 288 289 288 287 285 284 283 285 288 293 296 291 283 280 277 273 271 271 271 273 276 283 289 286 279 275 271 267 265 264 261 257 257 257 256 255 253 252 251 250 250 249 248 247 245 243 240 237 236 236 234 233 235 235 234 232 230 227 224 220 219 220 221 221 221 223 222 218 216 218 217 214 212 214 217 217 214 214 217 215 211 211 212 214 213 210 205 198 193 195 198 200
286 285 287 288 288 286 284 282 284 287 290 295 299 294 285 280 279 276 273 272 273 273 274 278 286 290 284 278 274 270 269 267 263 261 261 260 258 255 254 252 252 252 251 250 249 248 246 244 241 237 237 237 235 234 236 235 233 231 229 227 225 222 220 220 221 222 222 221 220 218 218 220 220 218 215 216 219 218 216 216 219 217 210 206 206 206 206 206 201 195 192 193 195 195
286 286 286 287 288 287 285 285 286 288 291 295 300 297 288 281 279 279 277 275 274 273 273 275 280 287 286 279 275 273 271 268 265 263 262 260 257 255 254 253 252 252 251 251 250 249 246 245 243 239 239 239 236 236 238 237 235 233 232 230 230 228 225 224 226 225 223 221 218 219 221 223 222 220 218 219 221 219 214 214 216 215 209 204 203 202 202 200 196 193 195 194 192 190
287 286 286 287 287 287 287 287 289 290 291 294 299 299 291 283 281 281 281 280 277 274 273 274 276 280 284 279 275 274 271 268 266 265 263 259 256 255 254 253 252 252 251 251 250 250 248 247 245 243 244 243 240 241 243 242 241 240 239 237 236 236 233 232 234 231 228 224 220 221 224 224 221 219 219 221 223 220 211 209 211 212 210 205 203 200 198 199 196 195 199 198 193 192
287 287 287 287 287 288 288 289 290 290 291 293 297 299 294 287 284 283 283 282 280 277 274 273 274 275 275 275 274 273 270 267 266 266 264 260 257 256 256 255 253 252 251 249 249 249 248 248 248 249 252 252 251 252 253 252 249 247 246 245 247 248 247 248 247 243 238 230 223 223 224 222 220 217 215 216 216 214 207 204 207 209 208 205 200 196 197 200 197 195 200 203 199 195
287 288 288 288 288 289 289 290 290 291 292 293 296 297 294 289 287 286 284 283 282 279 276 272 270 267 267 270 272 271 270 268 267 266 263 260 259 259 258 256 254 253 250 248 247 246 244 245 249 253 257 258 259 260 262 262 257 252 249 250 254 257 260 265 266 261 253 242 229 225 224 222 220 215 209 207 208 208 205 202 203 206 205 203 200 197 199 202 198 194 199 206 203 197
288 288 288 289 289 289 290 290 290 291 292 293 295 296 293 289 288 289 286 283 282 279 275 270 266 264 266 269 270 270 269 269 268 266 262 261 261 260 259 257 255 254 251 250 251 249 245 242 245 251 255 256 257 260 264 267 265 257 249 247 251 254 256 261 266 267 265 262 251 233 226 223 221 214 206 206 208 210 208 205 204 204 204 205 205 202 203 206 203 198 203 211 210 207
288 288 289 289 290 290 290 290 291 291 292 293 295 298 293 288 288 290 289 284 280 277 273 269 266 266 267 268 268 267 267 268 268 266 265 263 260 258 257 256 255 253 252 255 256 254 251 247 243 244 247 250 250 252 255 258 260 254 243 241 244 245 245 243 244 249 252 257 265 257 231 224 220 215 210 210 213 215 216 214 210 206 206 210 211 209 210 213 212 210 216 225 228 227
289 289 289 290 290 290 290 290 291 291 292 293 296 299 297 290 288 288 289 285 281 277 273 269 268 269 270 268 267 267 268 268 267 265 264 262 259 257 255 254 254 253 252 255 254 251 252 253 248 243 243 242 241 241 242 242 243 241 235 238 241 241 239 233 231 234 237 239 243 248 241 231 225 219 215 214 216 219 220 218 213 209 213 217 219 220 222 224 223 223 226 233 235 234
289 289 290 290 290 291 291 291 291 292 292 294 295 299 299 292 287 285 286 285 282 278 275 272 270 270 270 269 268 268 269 267 263 260 258 259 259 258 255 254 253 253 253 252 250 248 248 248 249 249 245 240 238 238 237 236 236 234 230 235 239 240 237 230 228 232 233 232 232 229 229 239 238 226 217 216 217 218 218 216 214 214 219 224 229 233 235 236 237 230 224 224 225 226
290 290 290 291 291 291 292 292 292 292 293 293 294 297 298 293 287 284 283 282 280 277 275 274 272 269 268 270 270 269 267 262 256 253 253 256 258 257 255 254 254 253 254 252 249 249 248 246 246 249 249 245 241 239 238 237 236 233 229 232 237 238 234 229 228 231 232 231 229 227 224 222 228 227 219 216 215 216 219 222 223 225 227 230 235 239 240 237 235 229 220 220 220 220
290 290 291 291 292 292 292 292 293 293 292 293 293 295 295 293 288 284 281 279 277 276 276 275 272 270 269 270 270 268 263 257 252 251 253 255 256 257 256 256 255 254 253 252 250 250 251 250 248 248 249 248 245 241 238 237 236 234 232 232 236 236 233 229 229 230 232 231 229 226 222 214 215 218 217 219 222 229 236 239 239 239 236 231 229 228 227 226 227 225 217 216 219 219
291 291 291 292 292 292 293 293 293 293 292 292 293 293 293 291 287 283 280 278 277 277 276 275 273 271 270 268 267 265 261 255 253 254 256 257 258 258 258 257 255 253 252 251 251 251 252 252 250 249 249 248 247 243 240 237 235 234 234 234 237 238 235 232 232 232 233 231 226 223 217 212 213 214 212 213 224 237 243 243 240 237 231 224 221 221 221 222 225 224 214 208 215 218
292 292 292 293 293 293 293 293 293 293 293 292 292 292 291 290 287 284 282 281 279 278 277 275 274 272 269 268 266 264 259 254 253 255 258 258 259 259 258 256 253 252 251 251 252 253 252 250 249 249 249 248 247 246 243 240 237 235 234 235 235 237 237 234 233 233 230 228 225 221 216 214 215 217 213 208 211 219 226 230 230 227 224 220 217 219 221 222 224 223 213 204 211 217
292 293 293 293 293 294 294 293 293 294 293 292 292 292 291 289 287 285 283 282 281 279 277 276 274 271 269 267 265 263 260 256 256 259 260 259 259 257 255 253 251 250 251 252 253 253 252 250 249 249 248 247 246 246 245 243 241 237 235 234 233 236 237 234 232 231 227 225 224 221 218 217 219 221 215 205 204 210 216 220 223 223 223 219 214 216 217 219 222 219 211 201 206 215
293 293 293 294 294 294 294 294 293 294 294 293 292 292 291 290 288 286 284 283 281 280 278 276 274 271 269 266 264 263 262 260 261 262 262 261 259 256 253 253 252 251 251 252 253 253 252 251 249 248 248 247 246 245 244 243 242 239 235 233 233 235 237 234 231 227 223 222 222 220 218 218 220 221 214 201 197 205 211 215 218 218 220 219 213 211 211 213 217 216 209 200 204 212
293 294 294 294 295 295 295 294 294 294 294 294 292 291 291 290 289 287 285 284 282 280 278 276 274 271 267 264 264 264 265 266 265 263 261 260 259 256 255 254 254 252 251 251 253 254 251 249 249 248 248 248 246 245 244 242 241 239 234 232 233 236 238 236 231 225 222 223 224 222 221 220 222 220 213 203 197 202 208 213 216 217 217 218 214 209 206 210 215 216 210 202 205 213
294 294 295 295 295 295 295 294 294 294 294 294 293 291 291 290 289 287 285 284 282 280 278 276 273 270 265 262 263 267 268 269 268 264 261 259 257 257 258 257 256 254 252 253 255 252 248 248 249 249 249 248 247 245 243 241 240 238 234 233 235 237 239 238 233 228 227 227 227 228 227 224 223 219 213 208 205 205 207 211 214 214 214 215 215 212 207 210 217 218 211 203 207 213
295 295 295 295 295 296 296 295 295 295 294 294 293 292 291 290 289 287 285 284 282 280 278 276 273 268 261 260 264 267 269 270 271 267 262 258 255 257 260 260 259 257 256 257 255 249 247 248 249 249 249 248 249 248 245 241 238 235 235 236 238 240 239 235 228 225 224 225 226 229 229 227 222 218 212 208 212 212 205 204 208 210 209 211 213 211 206 207 214 216 207 199 204 210
296 296 296 296 296 296 296 296 295 295 294 294 293 292 291 290 289 287 285 284 283 281 279 277 273 267 260 260 263 265 267 270 272 272 267 259 254 257 260 262 260 260 260 259 254 248 246 247 248 247 245 246 248 249 247 240 233 233 235 237 242 246 242 234 227 223 221 220 222 226 228 227 221 217 209 205 212 217 207 196 201 206 207 208 210 208 204 205 212 214 204 194 199 207
296 296 297 297 297 297 297 296 296 295 294 294 293 292 291 290 289 287 286 284 283 282 280 278 274 269 264 263 263 262 262 267 271 273 272 265 259 259 261 262 262 262 262 259 253 247 244 244 246 246 243 243 244 245 245 235 226 229 234 236 242 247 243 235 230 226 221 218 221 225 228 226 220 214 206 201 209 217 213 198 197 202 205 206 208 209 206 207 213 214 206 193 192 202
297 297 297 297 297 298 298 297 296 295 294 293 292 292 291 290 289 288 287 285 284 282 281 279 276 273 271 268 264 259 258 263 267 270 272 273 267 263 263 263 262 262 261 258 254 247 244 243 244 244 240 240 241 242 241 227 217 227 234 239 243 242 236 230 228 226 220 218 222 226 228 223 217 212 206 202 208 219 219 209 198 197 202 207 211 213 212 211 214 215 210 199 191 196
298 298 298 298 298 298 298 297 296 295 294 293 293 292 291 291 290 288 287 285 284 282 281 280 279 279 278 274 266 258 256 257 261 267 274 278 272 266 265 264 262 260 257 254 251 245 244 243 243 240 235 235 237 238 235 222 214 227 237 244 246 241 233 228 227 226 219 217 226 231 230 224 218 214 208 204 208 219 224 220 207 195 200 210 216 217 216 213 213 214 212 207 197 193
299 299 299 299 298 298 298 297 296 296 295 294 293 292 291 291 290 289 287 286 284 283 282 281 281 283 282 277 268 260 256 257 260 268 275 279 273 268 267 265 262 258 253 250 247 244 244 246 245 240 233 234 235 236 233 222 220 233 243 247 247 240 235 232 232 229 220 220 231 237 235 229 224 217 207 203 205 214 221 223 214 199 200 209 213 212 210 209 211 213 214 213 210 203
300 300 300 300 299 299 299 298 297 296 295 294 293 292 291 290 290 289 288 286 285 284 283 282 283 284 283 278 270 262 261 264 266 270 274 276 273 271 269 264 261 257 253 251 247 245 248 251 249 244 241 240 239 238 234 224 225 237 247 250 245 235 230 232 235 232 222 222 234 239 236 229 223 214 204 202 204 210 218 221 216 205 202 207 210 211 212 214 216 218 219 219 219 217
301 301 301 300 299 300 300 298 297 296 295 294 293 292 291 290 289 289 288 287 286 285 284 284 284 285 284 281 274 268 269 270 269 268 270 274 275 273 269 262 258 255 253 252 250 249 252 252 249 247 247 246 244 241 236 226 227 236 244 249 245 232 223 227 233 233 223 220 230 235 230 221 215 208 202 201 202 206 215 220 218 211 208 209 211 216 220 221 222 224 224 224 223 221
302 302 302 301 300 300 300 298 297 296 295 294 293 292 291 290 289 289 288 287 286 286 286 286 285 285 285 284 281 278 275 271 267 265 266 274 279 272 265 260 256 254 252 252 251 252 254 252 249 249 249 248 247 245 239 233 233 236 240 242 240 228 216 221 230 232 227 222 228 230 223 215 211 207 202 199 199 202 209 216 217 214 213 211 208 211 217 217 217 219 221 222 221 219
303 303 303 302 301 301 301 299 297 296 296 294 293 292 291 290 290 289 288 287 287 287 287 287 286 285 285 286 286 283 278 272 268 266 266 269 275 269 262 257 254 252 251 251 253 255 255 252 251 251 250 249 249 247 244 243 243 243 241 241 238 227 212 216 227 231 230 228 229 228 221 216 214 209 204 200 198 200 206 213 215 214 214 214 209 207 213 214 212 213 215 215 214 213
305 305 304 303 302 302 301 299 298 296 296 294 293 292 291 290 289 288 288 287 287 287 287 287 287 286 286 286 286 284 281 278 274 272 267 263 262 263 258 254 251 250 250 252 254 256 254 252 252 251 249 248 247 246 245 245 245 246 245 245 242 233 217 214 224 229 230 229 228 228 224 222 220 215 209 203 200 206 213 216 216 214 215 218 217 208 208 212 210 208 208 208 210 213
306 306 305 304 303 302 301 300 298 296 295 294 293 292 291 290 290 289 288 288 287 287 286 286 286 287 287 287 286 286 287 285 280 275 267 259 253 252 253 251 250 251 252 253 255 254 252 252 252 250 249 247 245 244 244 243 242 242 243 244 244 237 224 214 220 226 229 229 228 226 227 229 228 219 211 205 203 209 218 219 217 217 218 221 223 215 203 206 207 204 203 205 210 214
308 308 306 304 303 302 301 299 297 296 295 294 293 292 291 291 290 289 288 288 287 287 286 286 287 288 289 290 291 291 290 287 281 274 266 258 250 246 248 250 251 253 254 254 255 254 252 251 250 249 250 248 244 243 244 242 239 238 238 240 240 236 227 217 217 226 232 234 230 224 224 227 224 215 208 207 204 203 212 218 215 214 216 219 222 218 202 199 204 203 201 205 209 210
309 309 307 305 304 302 301 299 298 297 296 295 294 292 291 291 290 289 289 288 287 287 287 286 287 288 290 295 295 290 287 284 279 273 266 256 244 244 249 251 253 255 255 255 254 253 252 249 245 245 247 245 241 240 242 240 234 232 232 232 232 230 225 218 216 226 237 239 232 222 219 217 214 210 208 209 202 194 206 216 212 208 211 214 219 217 205 195 198 202 202 205 208 210
311 310 308 306 304 302 301 299 298 298 296 295 294 292 291 291 290 289 289 288 287 287 287 287 287 288 291 295 294 287 283 282 279 273 265 252 241 246 250 252 254 256 257 256 254 252 251 248 243 243 245 243 237 234 235 232 225 223 224 225 223 223 223 222 218 225 238 240 230 221 217 214 214 212 208 208 199 187 197 210 210 209 212 215 220 219 209 196 194 199 202 205 211 214
313 312 310 307 305 303 302 300 299 298 296 295 294 293 292 291 291 290 289 288 288 288 287 287 287 288 290 291 290 285 282 282 279 272 262 251 248 251 251 252 254 256 258 257 254 251 249 247 243 242 244 243 236 231 231 228 221 219 223 224 223 222 224 226 222 223 234 236 227 220 217 219 221 213 206 206 197 185 190 205 209 209 211 214 218 218 208 197 194 197 200 206 215 219
315 314 312 309 306 304 303 301 299 298 297 296 295 294 292 292 291 290 289 289 288 288 287 286 286 287 288 288 288 286 283 281 278 273 263 256 256 258 258 256 255 255 254 253 253 250 246 241 238 238 243 242 236 232 233 232 226 224 228 230 228 224 225 226 224 223 229 229 222 217 217 219 218 206 201 203 196 186 190 203 209 208 209 211 211 209 203 199 198 198 199 207 217 221
