windninja/windninja_output/Output_2025-08-24_1300-1350_Google earth_Fire_150m_10min/merlingen_7.5mi_point_08-24-2025_1320_150m_ang.asc
ncols	158
nrows	163
xllcorner	391686.332397
yllcorner	5160024.123721
cellsize	150.000000
NODATA_value	-32768.000000
[rows 52 to 103 of 163, columns 0 to 95 of 158]
6 7 6 359 349 346 347 343 340 340 340 337 335 333 331 330 329 329 328 328 328 327 327 327 327 328 328 329 329 330 330 331 332 332 332 332 331 330 330 332 334 334 334 336 342 351 0 8 15 16 13 15 19 22 25 29 31 32 33 36 39 44 55 57 49 39 34 33 35 37 38 37 35 34 35 35 33 33 35 39 41 43 46 46 45 45 44 44 46 46 46 47 49 49 50 46
13 11 6 360 352 349 351 347 343 343 343 339 338 336 334 333 332 331 331 330 330 330 330 330 330 330 331 332 332 333 333 334 335 335 336 336 336 335 334 334 336 337 337 337 342 353 0 3 8 9 9 12 19 24 30 34 33 32 35 38 41 47 56 57 47 36 31 30 34 36 35 33 32 34 36 36 35 36 40 42 41 43 45 45 47 49 48 46 46 47 47 47 45 45 46 40
16 13 7 1 355 354 355 352 348 347 345 342 340 339 337 335 335 334 334 333 333 333 333 333 333 333 334 334 335 336 336 337 338 339 340 340 341 340 339 338 337 339 341 341 343 351 358 358 1 6 10 16 21 28 37 37 31 31 35 38 41 48 56 55 43 32 26 25 30 32 31 31 33 36 37 37 36 38 43 42 40 42 42 41 42 46 48 48 47 46 46 46 44 42 47 46
17 15 10 4 360 358 358 357 353 350 348 344 342 341 340 338 337 337 337 336 336 336 335 335 336 336 337 337 338 339 340 341 342 343 344 344 345 345 345 343 341 341 345 347 347 348 352 354 357 3 10 19 23 31 41 38 29 30 35 38 41 47 53 51 41 30 24 23 28 32 31 33 37 38 38 37 36 39 42 39 37 40 41 40 40 42 42 43 45 47 49 48 45 43 50 49
20 18 15 13 7 2 0 359 356 354 351 349 346 343 342 341 340 339 339 339 339 339 339 339 339 340 340 341 342 343 344 344 346 347 348 349 350 351 351 350 349 348 350 353 352 348 347 349 354 360 8 20 26 35 43 37 28 31 36 39 42 47 52 50 42 31 25 24 29 34 35 36 37 36 36 35 36 39 40 38 37 39 41 40 40 41 40 39 41 46 52 54 49 42 46 43
24 22 19 17 14 9 5 1 358 355 355 355 352 347 345 344 343 342 342 342 342 342 342 342 343 343 344 344 345 346 347 348 350 351 352 354 355 356 356 357 357 357 357 358 357 353 347 346 350 355 5 22 31 39 45 36 27 31 36 39 44 49 52 51 44 32 25 25 30 34 35 35 36 35 35 34 35 38 37 36 36 38 40 41 43 44 44 42 41 44 49 49 39 35 43 42
28 26 23 21 19 14 11 6 359 355 357 360 359 354 348 346 345 345 345 345 345 345 345 346 346 347 347 348 349 350 351 353 354 356 357 358 360 1 2 2 3 4 4 5 4 1 356 350 346 349 0 22 35 42 45 36 27 32 39 43 46 49 51 51 44 34 25 23 26 31 33 34 35 35 34 33 34 36 35 33 34 37 40 42 45 47 47 46 45 44 46 43 35 36 46 43
31 30 28 25 23 19 15 10 4 359 359 3 4 0 355 351 349 348 348 348 349 348 348 349 350 350 351 352 353 354 356 357 359 0 2 3 5 6 7 8 9 10 11 11 11 10 8 3 353 346 353 18 37 43 45 37 31 38 45 47 48 50 51 50 45 36 27 20 23 31 34 34 35 35 33 33 36 36 34 34 34 38 40 41 42 45 46 46 47 47 49 46 41 42 47 43
36 35 33 30 27 24 20 15 10 6 4 4 4 2 1 359 355 351 350 351 352 352 353 353 354 355 356 357 358 359 0 2 3 5 7 8 10 11 13 14 15 16 17 17 18 18 17 14 8 355 350 14 38 46 45 39 38 46 50 50 50 51 52 50 46 39 29 19 25 35 36 35 36 36 33 33 36 36 35 36 36 39 41 41 42 44 45 47 49 52 51 47 43 42 44 43
40 40 37 34 31 28 24 19 15 12 8 5 3 3 6 6 3 358 355 354 355 355 357 358 358 359 0 1 2 4 5 7 8 10 12 13 15 16 18 19 20 21 22 23 24 24 24 23 21 12 1 14 41 50 47 43 47 53 55 54 53 53 53 51 47 41 31 22 29 37 36 36 37 36 34 34 37 36 35 36 37 40 43 44 45 46 48 50 53 54 49 45 43 41 42 42
45 44 42 38 35 30 26 23 19 17 13 8 6 6 7 9 9 7 3 360 359 359 1 2 3 5 5 6 7 8 10 12 13 15 17 18 20 21 23 24 25 27 27 28 29 30 31 31 30 27 18 20 45 53 48 49 56 59 58 56 54 53 52 49 46 42 31 26 33 36 36 37 38 36 34 35 36 36 35 36 38 40 44 46 48 51 56 57 57 53 46 45 45 42 42 43
52 51 47 43 38 33 30 27 24 22 19 14 11 9 8 10 13 13 11 7 5 5 5 6 8 9 10 11 12 14 15 17 18 20 22 23 25 26 28 29 30 31 32 33 34 35 36 37 37 36 32 31 47 53 46 50 58 61 59 56 52 50 49 49 50 46 35 33 36 36 37 39 39 36 33 34 34 34 34 35 38 40 43 47 49 53 60 61 58 52 45 45 44 44 44 45
57 55 51 47 42 38 36 33 30 28 26 21 16 13 11 11 13 17 17 15 13 12 11 11 12 14 16 17 18 19 20 22 24 25 27 28 29 31 32 34 35 36 37 38 39 40 41 42 42 42 42 43 52 56 49 51 59 61 60 57 52 48 49 54 59 53 41 38 37 36 37 39 40 36 32 32 33 31 30 32 36 39 43 46 50 57 61 59 55 47 43 43 43 45 46 47
58 56 52 48 45 42 40 39 37 35 31 27 22 18 16 14 15 19 21 21 21 20 18 17 17 19 21 22 23 24 26 27 29 30 31 33 34 35 37 38 39 40 41 42 43 44 45 46 47 48 49 52 58 63 59 58 62 62 60 58 51 44 49 55 55 49 42 38 36 36 37 40 41 37 31 30 30 28 27 32 37 41 45 48 53 60 60 55 47 41 41 42 44 47 49 51
55 53 51 50 47 44 41 39 39 37 34 32 28 23 20 20 20 22 23 25 26 25 25 24 23 24 26 28 29 30 31 32 34 35 36 38 39 40 41 42 43 44 45 45 46 47 48 49 50 52 54 56 61 65 68 72 73 68 63 59 47 37 46 51 49 45 41 37 37 38 39 42 43 36 31 28 27 27 27 32 38 42 44 46 52 58 56 49 43 40 40 41 44 47 52 56
47 47 48 47 48 46 41 39 41 41 38 36 34 30 26 25 26 26 25 27 29 28 29 30 29 30 33 34 36 37 37 38 39 40 41 42 43 44 45 45 46 47 48 49 50 51 51 52 54 55 57 59 62 66 71 78 83 79 71 63 48 39 49 52 51 47 43 39 39 41 41 43 43 37 30 27 26 25 25 30 35 39 43 45 53 59 55 45 42 41 40 41 45 48 52 57
36 42 44 42 42 41 36 37 42 44 42 39 37 35 32 30 31 32 31 32 33 33 33 34 33 34 38 42 44 44 43 43 44 45 46 46 47 48 48 49 50 50 51 52 53 53 54 55 56 57 59 60 62 65 69 74 80 82 78 70 60 56 61 61 56 50 45 42 41 41 41 44 45 38 30 28 27 23 24 30 35 41 48 51 62 65 55 43 41 40 41 43 47 49 51 54
40 48 51 47 45 43 37 35 40 42 38 35 35 34 33 32 34 37 37 38 39 39 39 39 37 37 42 47 49 50 50 50 49 49 50 50 51 51 52 52 53 53 54 55 55 56 57 58 59 59 61 62 63 65 67 70 73 76 77 74 71 72 74 72 65 56 51 47 44 42 41 45 47 38 30 30 29 25 24 32 40 48 53 58 70 68 52 42 41 40 41 43 46 48 51 52
57 63 71 71 67 60 50 44 46 47 42 38 38 37 36 36 37 40 43 43 44 44 46 46 42 40 45 49 50 51 53 55 55 54 54 54 54 55 55 56 56 56 57 57 58 59 59 60 61 61 62 63 64 65 67 68 69 71 72 72 73 76 80 81 77 71 64 58 52 45 43 47 47 36 31 33 32 28 27 35 45 52 57 65 73 65 48 42 41 40 40 42 44 45 47 49
64 68 76 81 82 78 73 69 70 65 58 55 54 51 47 44 43 45 45 46 47 49 51 51 44 40 45 50 50 51 54 56 59 59 59 59 58 58 58 58 59 59 59 60 60 61 61 62 62 63 64 64 65 66 67 68 69 69 70 70 71 73 75 78 80 81 80 75 66 55 50 53 50 38 33 35 35 31 30 38 48 55 62 72 71 56 42 40 40 41 41 42 43 41 42 44
69 72 76 79 80 80 80 82 84 79 73 72 71 67 63 58 54 53 51 49 48 50 53 52 46 42 48 52 52 53 54 56 59 63 64 63 62 61 61 61 61 62 62 62 63 63 63 64 64 65 65 66 66 67 67 68 68 69 69 69 70 70 71 72 74 77 79 79 76 72 70 67 58 44 38 38 38 35 31 39 50 59 68 74 66 46 37 39 42 43 42 44 46 45 45 43
74 76 79 80 81 82 82 84 85 81 76 75 73 71 69 66 64 63 60 56 53 53 53 53 50 48 52 55 55 55 55 56 59 62 64 65 65 65 65 64 64 64 64 64 65 65 65 66 66 66 67 67 67 68 68 68 69 69 69 69 69 70 70 70 71 72 72 73 74 79 83 82 70 54 46 44 44 40 34 40 53 65 73 70 56 41 37 39 44 44 41 44 48 51 50 44
77 79 83 85 86 86 86 86 85 83 80 78 75 72 71 69 69 68 66 64 62 60 59 58 55 53 55 57 59 59 58 58 60 62 63 65 67 68 68 67 66 66 66 66 67 67 67 67 68 68 68 68 69 69 69 69 69 69 69 69 69 69 70 70 70 69 69 69 71 74 77 78 73 61 52 50 47 41 35 42 58 69 71 62 46 39 38 41 44 44 43 41 41 47 46 41
80 82 86 90 91 91 92 90 88 86 84 82 79 77 75 73 72 70 69 68 67 67 66 64 62 59 59 61 61 61 61 61 62 63 64 66 68 69 70 69 69 68 68 68 68 69 69 69 69 69 70 70 70 70 70 70 70 70 70 70 70 70 70 70 69 69 69 69 70 70 70 69 67 64 60 57 49 39 36 48 65 70 65 52 41 37 38 42 44 47 50 45 41 50 47 41
80 82 87 92 96 98 98 96 94 91 88 86 84 81 80 78 76 74 72 71 70 70 69 68 66 63 64 67 66 64 63 63 64 65 67 69 70 72 72 72 71 70 70 70 70 70 71 71 71 71 71 71 71 71 71 71 71 71 70 70 70 70 70 69 69 69 69 69 69 68 67 66 65 66 66 64 53 38 39 57 69 67 58 48 42 41 44 46 49 56 61 58 57 57 50 43
81 82 85 90 98 102 103 102 99 97 94 90 87 85 83 82 80 79 77 75 74 73 72 71 67 65 69 73 72 69 66 65 66 66 68 70 72 73 74 74 73 72 72 72 72 72 72 72 73 73 73 73 73 72 72 72 72 71 71 71 71 70 70 70 70 69 69 69 69 68 67 66 66 66 66 66 57 42 47 64 68 61 53 48 47 51 55 55 57 60 60 56 55 54 47 42
84 82 79 86 99 106 108 108 106 104 100 94 90 87 86 85 84 82 80 78 77 76 76 74 68 65 70 74 75 73 69 67 66 67 68 69 70 72 74 76 76 74 73 73 73 73 74 74 74 75 75 75 74 74 74 73 73 72 72 72 71 71 71 70 70 70 69 69 69 68 67 67 66 66 65 64 59 49 54 67 64 52 46 46 46 48 51 53 55 56 55 52 51 50 43 38
82 78 71 75 91 105 113 113 111 110 105 97 92 89 88 87 86 85 83 81 80 79 79 77 71 69 71 73 75 74 72 70 68 68 70 70 69 70 73 76 77 76 76 75 75 75 75 76 76 77 77 77 76 76 75 74 74 73 73 72 72 72 71 71 71 70 70 70 69 69 68 67 66 66 64 62 59 55 58 65 58 44 40 41 41 42 46 53 57 57 55 52 50 46 40 36
75 71 67 72 82 97 113 115 112 112 107 98 93 91 90 89 88 87 85 84 83 82 81 79 76 75 75 75 74 74 75 75 72 70 70 70 69 68 70 73 75 76 77 77 77 77 77 78 79 81 81 80 79 77 76 76 75 75 74 74 73 73 72 72 71 71 70 70 70 69 68 67 66 65 64 62 60 57 58 58 46 38 37 37 38 42 52 60 61 59 56 53 50 45 40 38
72 73 75 82 92 97 101 105 106 105 102 97 93 90 90 90 89 88 88 87 86 84 83 82 80 80 80 78 76 76 78 79 76 73 70 68 68 69 70 70 70 72 74 76 78 80 80 80 82 85 87 85 82 80 78 77 76 75 75 74 74 74 73 73 72 72 71 71 70 70 69 68 67 66 65 63 61 58 55 47 34 32 35 37 40 50 63 66 62 58 55 52 49 44 39 39
84 85 89 97 101 96 88 89 92 94 94 92 91 90 90 90 89 89 89 89 89 87 86 85 83 83 84 82 80 79 80 81 81 79 75 71 69 70 71 70 68 67 69 72 75 77 78 79 81 85 88 89 86 83 80 78 77 77 76 76 75 75 74 73 73 72 72 71 71 70 69 69 68 67 66 64 62 59 53 42 25 25 34 40 48 63 68 66 61 57 54 51 48 42 38 38
89 92 96 98 95 88 84 82 82 83 85 88 90 89 90 89 89 90 91 91 92 91 89 88 88 87 86 84 82 81 80 81 81 80 79 77 75 73 73 72 70 69 69 70 72 73 75 77 79 79 80 83 85 84 81 79 78 78 77 77 76 76 75 74 74 73 73 72 72 71 70 69 69 68 67 65 64 60 55 44 21 17 29 41 60 72 72 67 62 58 55 52 48 43 39 38
85 87 91 89 84 82 80 78 77 79 84 87 88 87 88 88 89 89 91 93 94 94 93 92 94 93 89 85 83 82 81 80 78 77 78 79 80 79 77 76 75 74 75 76 76 77 78 81 82 80 77 77 78 80 80 80 79 79 78 78 78 77 76 76 75 74 74 73 72 72 71 70 69 69 68 67 65 62 58 48 21 12 25 44 69 74 72 68 63 61 58 55 51 46 43 42
82 82 83 83 81 78 74 73 77 82 86 87 87 87 86 86 87 89 90 93 95 97 97 97 98 98 93 87 86 85 82 80 78 75 76 78 79 79 80 81 80 79 79 80 80 81 82 85 86 86 83 79 77 77 79 80 80 80 80 79 79 78 78 77 76 75 74 74 73 73 72 71 70 70 69 68 67 64 60 51 25 11 28 59 75 75 70 65 62 60 58 55 51 48 45 43
83 82 81 82 80 75 71 72 79 85 87 86 86 86 84 84 84 86 88 91 94 95 98 101 103 102 96 91 89 87 84 82 81 78 77 76 74 75 78 82 84 84 81 80 79 80 82 84 86 88 87 83 80 79 80 81 82 82 82 81 81 80 79 78 77 76 75 75 74 73 73 72 71 71 70 69 68 66 63 58 40 20 40 72 77 74 70 66 62 59 57 54 51 47 40 36
84 83 81 81 78 74 72 75 80 84 85 84 86 85 82 81 80 80 83 87 91 92 96 104 112 110 98 92 88 86 85 85 84 85 83 79 74 73 73 76 80 84 84 81 79 79 82 83 85 86 86 86 84 82 82 83 84 85 85 84 83 82 80 79 78 77 76 76 75 74 74 73 73 72 71 71 70 69 68 68 67 70 82 83 78 73 70 68 64 62 60 57 53 45 37 33
85 85 83 82 79 74 73 75 77 79 81 84 86 84 80 77 74 76 80 84 89 92 101 112 121 117 98 90 86 84 84 85 85 87 88 87 83 78 75 74 75 78 82 82 80 79 80 82 82 82 84 86 86 85 84 84 85 87 88 88 87 84 82 80 79 78 77 77 76 75 75 74 74 73 73 72 72 72 73 75 80 99 115 102 89 76 70 67 65 66 65 61 56 51 48 49
88 88 86 83 80 77 74 73 71 72 79 86 86 82 78 72 70 74 79 86 92 102 110 116 121 109 93 87 85 84 83 84 84 85 87 89 90 86 81 78 77 78 80 82 82 81 79 79 81 82 83 84 86 86 84 82 82 84 89 94 92 87 84 81 80 79 78 77 77 76 76 75 75 74 74 74 74 75 75 77 82 95 112 110 100 90 80 73 70 71 70 65 59 57 54 55
88 87 83 80 80 80 77 72 67 70 78 85 82 77 73 69 69 71 78 89 103 113 117 112 97 83 84 84 84 83 83 84 84 85 85 87 89 90 86 81 80 80 80 82 84 83 81 79 80 82 84 86 88 88 85 80 78 81 88 96 97 90 85 82 81 80 79 78 78 77 77 76 76 75 75 75 75 76 77 78 82 91 103 107 102 98 92 85 81 80 75 63 60 59 54 52
85 82 76 74 77 79 77 72 67 70 77 79 74 71 68 66 67 69 76 92 110 121 115 91 67 67 77 81 82 82 83 84 85 86 86 86 87 89 90 86 80 78 80 83 85 85 83 81 81 82 86 89 92 92 88 81 80 84 88 90 93 90 86 83 81 81 80 79 79 78 77 77 77 76 76 76 76 77 77 79 83 89 97 102 101 100 97 92 88 85 76 65 67 68 65 63
83 80 74 72 72 74 74 69 62 65 71 72 67 66 67 69 71 73 81 94 106 115 93 66 53 62 74 79 81 82 83 85 86 88 89 88 87 88 91 90 83 77 77 81 84 86 85 83 82 84 88 92 96 96 95 91 90 89 86 83 82 85 85 83 82 81 81 80 80 79 78 78 78 77 77 77 77 78 79 80 82 86 93 100 101 100 97 94 90 83 73 72 76 76 74 74
85 83 79 77 76 76 75 68 58 60 64 63 58 57 58 65 73 80 90 93 88 64 52 49 50 63 74 78 80 82 83 85 88 90 90 89 88 89 90 92 88 79 76 78 81 83 84 84 84 85 88 95 101 100 101 103 98 92 86 81 79 81 83 83 83 82 82 81 80 80 80 79 79 78 78 78 78 79 79 81 82 85 89 94 98 98 96 94 88 80 74 74 77 76 74 75
86 84 83 83 85 85 82 76 68 70 68 63 57 55 55 66 74 81 86 79 61 41 37 42 51 66 75 78 80 80 82 86 90 93 93 91 90 91 91 92 91 85 78 76 76 79 83 85 85 86 90 96 102 99 99 102 100 94 89 85 82 82 83 84 84 84 83 82 82 81 81 80 80 79 79 79 79 79 80 80 82 83 86 89 92 94 93 91 85 79 76 75 74 74 73 72
84 83 83 86 87 85 82 81 89 90 83 75 69 67 71 78 79 82 79 66 49 43 42 50 60 72 76 78 78 77 81 87 91 93 94 93 93 93 93 93 95 93 86 78 75 76 80 84 87 90 93 93 93 93 94 97 98 96 92 88 85 84 84 85 86 85 84 83 83 83 82 81 80 80 80 80 80 80 80 81 81 82 84 85 86 87 87 86 82 79 77 75 73 72 71 70
86 85 85 86 84 78 75 77 88 97 94 84 76 74 80 84 84 85 77 51 43 48 53 64 74 79 79 79 79 80 85 87 88 90 92 94 94 94 95 95 98 100 96 87 82 80 81 85 90 92 90 84 82 86 89 93 96 95 94 91 88 86 87 87 87 86 86 85 85 84 83 82 81 81 81 81 81 81 81 81 82 82 82 83 84 83 83 82 80 78 76 74 73 71 70 69
89 88 87 84 80 74 70 70 76 85 87 82 78 78 83 85 88 86 70 47 42 51 62 76 86 86 83 81 82 86 89 87 85 86 90 93 95 97 98 99 100 103 104 98 92 89 87 88 90 88 83 79 79 82 85 88 91 93 93 93 91 89 89 90 89 88 88 87 86 85 84 83 83 82 82 82 82 82 81 81 82 82 82 82 82 82 81 80 78 77 75 74 72 71 70 69
90 89 86 83 81 77 72 70 71 73 75 79 84 87 87 88 87 78 60 48 46 56 71 84 90 84 79 81 84 86 87 87 86 86 89 92 96 99 102 103 103 106 108 104 97 94 93 91 88 84 81 79 79 80 84 86 87 90 92 92 91 91 92 93 92 91 90 89 87 86 85 84 84 83 83 83 83 82 82 82 82 82 82 82 81 81 80 79 78 76 75 74 72 71 70 68
87 85 83 83 84 83 80 77 73 71 72 75 78 84 87 85 79 68 56 50 52 66 80 84 77 66 72 78 82 84 85 87 88 89 91 94 97 100 104 107 108 109 112 109 101 97 95 92 87 83 82 82 80 80 83 85 86 87 90 91 90 90 91 93 95 95 94 91 89 87 86 86 85 84 84 84 84 83 83 83 83 83 82 82 81 81 80 79 77 76 75 74 72 71 70 68
86 84 82 83 82 80 80 80 76 73 72 70 70 75 80 77 74 70 60 58 70 83 84 73 56 58 68 75 79 81 83 86 90 93 96 98 99 100 103 109 113 114 115 115 107 99 95 92 88 85 83 83 82 81 82 83 83 84 88 90 90 88 88 90 94 97 97 95 91 89 87 86 86 86 85 85 85 85 84 84 84 83 83 82 82 81 80 79 78 77 75 74 73 71 70 69
87 86 84 82 80 78 78 78 76 74 72 69 67 66 67 70 71 72 68 75 87 90 77 59 55 61 68 73 76 78 81 86 91 96 101 103 102 102 104 110 116 118 118 120 114 103 97 94 91 88 85 83 83 83 83 82 82 83 85 87 89 89 87 88 91 95 97 96 93 90 88 88 88 87 87 86 86 86 86 85 85 85 84 83 82 81 80 79 78 77 76 75 73 72 70 69
88 87 85 82 79 78 78 77 76 75 73 71 67 62 64 69 72 72 73 81 85 76 60 57 59 63 68 73 75 78 83 87 92 96 101 105 108 108 108 111 117 121 121 123 122 112 102 97 93 90 86 84 83 83 83 83 83 83 82 83 86 88 88 87 88 91 93 93 91 89 89 91 91 89 88 88 88 88 87 87 87 86 85 85 84 83 81 80 79 78 76 75 74 72 71 70
89 87 84 82 79 79 78 77 77 76 74 74 72 73 76 76 76 75 77 80 73 55 54 59 61 62 68 74 77 82 86 88 91 95 99 105 111 113 112 112 117 122 125 126 127 121 110 101 94 90 87 86 85 85 84 83 83 83 82 82 84 86 87 86 87 88 89 89 87 86 88 92 94 92 91 90 90 90 89 89 89 88 87 86 85 84 82 81 80 79 77 76 75 73 72 71
