windninja/windninja_output/Output_2025-08-24_1300-1350_Google earth_Fire_150m_10min/merlingen_7.5mi_point_08-24-2025_1340_150m_vel.asc
ncols	158
nrows	163
xllcorner	391686.332397
yllcorner	5160024.123721
cellsize	150.000000
NODATA_value	-32768.000000
[rows 76 to 113 of 163, columns 0 to 83 of 158]
3.19 2.95 2.49 2.07 1.86 1.79 1.63 1.48 1.40 1.33 1.27 1.22 1.19 1.18 1.14 1.10 1.12 1.13 1.12 1.11 1.12 1.12 1.14 1.16 1.11 1.02 1.02 1.07 1.18 1.39 1.55 1.57 1.52 1.51 1.42 1.24 1.11 1.06 1.02 1.00 1.01 1.05 1.08 1.10 1.11 1.12 1.12 1.13 1.12 1.12 1.12 1.12 1.11 1.11 1.10 1.10 1.10 1.09 1.09 1.08 1.07 1.07 1.06 1.05 1.04 1.02 1.01 0.99 0.97 0.95 0.93 0.92 0.91 0.87 0.85 0.88 0.99 1.18 1.39 1.56 1.59 1.55 1.60 1.66
3.50 3.25 2.83 2.47 2.16 1.94 1.70 1.53 1.44 1.35 1.29 1.24 1.22 1.22 1.19 1.14 1.14 1.14 1.13 1.14 1.16 1.16 1.17 1.17 1.15 1.11 1.11 1.11 1.10 1.22 1.47 1.64 1.62 1.61 1.60 1.40 1.23 1.16 1.08 1.04 1.03 1.06 1.11 1.14 1.15 1.16 1.17 1.17 1.17 1.16 1.16 1.15 1.15 1.14 1.14 1.14 1.13 1.13 1.13 1.12 1.12 1.11 1.10 1.10 1.09 1.08 1.06 1.04 1.03 1.02 1.01 0.99 0.97 0.93 0.88 0.85 0.90 1.02 1.19 1.34 1.37 1.36 1.53 1.68
3.83 3.36 3.00 3.04 2.68 2.16 1.80 1.59 1.49 1.38 1.27 1.24 1.24 1.26 1.25 1.21 1.19 1.18 1.15 1.18 1.21 1.20 1.22 1.19 1.13 1.19 1.28 1.24 1.15 1.14 1.33 1.62 1.72 1.72 1.75 1.64 1.42 1.31 1.22 1.11 1.05 1.08 1.15 1.19 1.20 1.21 1.22 1.22 1.21 1.20 1.20 1.19 1.18 1.18 1.17 1.17 1.17 1.17 1.17 1.16 1.16 1.15 1.15 1.14 1.13 1.12 1.11 1.10 1.09 1.07 1.06 1.04 1.01 0.99 0.95 0.91 0.89 0.94 1.05 1.15 1.26 1.39 1.60 1.86
3.92 3.37 3.11 3.66 3.44 2.65 1.96 1.61 1.54 1.38 1.21 1.21 1.27 1.32 1.33 1.29 1.26 1.23 1.19 1.22 1.26 1.27 1.27 1.20 1.07 1.18 1.41 1.42 1.29 1.17 1.23 1.52 1.72 1.80 1.84 1.76 1.60 1.49 1.44 1.28 1.09 1.08 1.18 1.23 1.25 1.27 1.28 1.28 1.27 1.25 1.23 1.22 1.21 1.21 1.21 1.20 1.20 1.20 1.20 1.20 1.20 1.19 1.19 1.18 1.17 1.17 1.15 1.14 1.13 1.12 1.10 1.08 1.06 1.05 1.02 0.99 0.96 0.95 0.98 1.03 1.23 1.46 1.75 2.10
3.55 3.29 3.29 3.62 3.84 3.21 2.00 1.53 1.50 1.31 1.12 1.18 1.31 1.37 1.40 1.38 1.32 1.29 1.25 1.28 1.31 1.33 1.34 1.23 1.06 1.14 1.42 1.52 1.44 1.28 1.23 1.41 1.62 1.82 1.96 1.90 1.71 1.64 1.66 1.55 1.26 1.13 1.22 1.27 1.29 1.32 1.33 1.34 1.33 1.29 1.25 1.23 1.22 1.23 1.23 1.24 1.24 1.24 1.24 1.24 1.23 1.23 1.23 1.22 1.21 1.21 1.20 1.19 1.17 1.16 1.14 1.12 1.11 1.10 1.09 1.07 1.03 1.00 0.97 1.02 1.26 1.58 1.85 2.11
3.04 3.05 3.15 3.47 3.90 3.40 1.94 1.37 1.38 1.22 1.09 1.18 1.36 1.45 1.50 1.46 1.39 1.38 1.35 1.33 1.36 1.39 1.40 1.30 1.09 1.15 1.41 1.51 1.52 1.43 1.32 1.40 1.52 1.70 1.96 2.05 1.89 1.76 1.79 1.77 1.55 1.32 1.34 1.37 1.37 1.38 1.36 1.40 1.44 1.37 1.25 1.19 1.20 1.23 1.25 1.26 1.27 1.28 1.28 1.27 1.27 1.26 1.26 1.25 1.25 1.24 1.23 1.22 1.21 1.20 1.18 1.17 1.15 1.14 1.13 1.12 1.09 1.07 1.05 1.12 1.35 1.64 1.86 1.98
3.31 3.18 3.27 3.79 3.81 2.91 2.02 1.58 1.38 1.28 1.15 1.24 1.43 1.54 1.61 1.55 1.47 1.48 1.46 1.40 1.42 1.45 1.47 1.36 1.15 1.23 1.45 1.50 1.54 1.53 1.45 1.45 1.47 1.56 1.78 2.00 2.04 1.92 1.87 1.86 1.74 1.60 1.56 1.58 1.57 1.55 1.48 1.50 1.62 1.56 1.34 1.19 1.16 1.20 1.25 1.29 1.31 1.31 1.31 1.31 1.30 1.30 1.30 1.29 1.28 1.28 1.27 1.26 1.25 1.23 1.22 1.20 1.19 1.18 1.17 1.16 1.14 1.12 1.12 1.18 1.31 1.51 1.78 1.99
4.47 3.85 3.54 3.75 3.34 2.67 2.16 1.76 1.57 1.43 1.31 1.38 1.53 1.64 1.72 1.65 1.58 1.60 1.58 1.51 1.50 1.52 1.54 1.43 1.22 1.29 1.50 1.53 1.56 1.60 1.59 1.57 1.54 1.59 1.69 1.85 2.00 2.01 1.95 1.88 1.79 1.71 1.69 1.73 1.77 1.77 1.71 1.69 1.79 1.80 1.63 1.39 1.23 1.19 1.25 1.31 1.34 1.35 1.35 1.34 1.34 1.33 1.32 1.32 1.31 1.31 1.30 1.29 1.28 1.27 1.26 1.24 1.22 1.21 1.20 1.19 1.18 1.16 1.15 1.17 1.23 1.37 1.70 2.09
4.94 4.35 3.60 3.47 3.23 2.82 2.24 1.86 1.77 1.64 1.56 1.55 1.62 1.76 1.84 1.77 1.70 1.74 1.73 1.65 1.63 1.60 1.58 1.53 1.35 1.32 1.50 1.57 1.58 1.66 1.68 1.66 1.64 1.68 1.79 1.89 1.97 2.00 1.97 1.90 1.80 1.73 1.71 1.73 1.78 1.82 1.80 1.80 1.82 1.83 1.77 1.65 1.48 1.31 1.29 1.35 1.39 1.39 1.39 1.38 1.37 1.36 1.35 1.35 1.34 1.34 1.33 1.32 1.31 1.30 1.28 1.27 1.25 1.23 1.22 1.21 1.20 1.19 1.18 1.19 1.24 1.37 1.64 2.00
5.56 4.81 3.78 3.54 3.46 3.05 2.35 2.05 2.04 1.92 1.77 1.69 1.73 1.86 1.95 1.92 1.84 1.90 1.90 1.83 1.79 1.71 1.65 1.65 1.51 1.34 1.44 1.58 1.64 1.69 1.69 1.72 1.69 1.73 1.94 2.04 2.06 2.09 2.04 1.94 1.81 1.75 1.76 1.78 1.82 1.85 1.89 1.92 1.87 1.77 1.70 1.67 1.62 1.48 1.39 1.40 1.44 1.44 1.43 1.42 1.40 1.39 1.38 1.37 1.37 1.36 1.36 1.35 1.34 1.33 1.31 1.30 1.28 1.26 1.24 1.23 1.22 1.21 1.20 1.23 1.31 1.45 1.66 1.91
6.21 5.25 4.00 3.69 3.58 3.22 2.57 2.36 2.40 2.20 1.93 1.80 1.86 1.93 2.04 2.05 2.00 2.07 2.08 2.05 1.96 1.84 1.82 1.83 1.65 1.35 1.37 1.57 1.73 1.72 1.68 1.76 1.71 1.69 1.97 2.16 2.20 2.27 2.26 2.12 1.89 1.76 1.78 1.87 1.93 1.97 2.04 2.10 2.03 1.82 1.65 1.60 1.60 1.57 1.50 1.48 1.49 1.49 1.47 1.45 1.43 1.41 1.40 1.40 1.40 1.39 1.39 1.38 1.37 1.36 1.34 1.32 1.30 1.28 1.26 1.24 1.23 1.22 1.22 1.24 1.32 1.48 1.71 1.93
6.61 5.45 4.23 3.86 3.54 3.32 2.92 2.71 2.75 2.52 2.04 1.90 2.01 1.97 2.09 2.17 2.12 2.27 2.35 2.33 2.17 2.01 2.12 2.18 1.75 1.25 1.31 1.59 1.76 1.77 1.74 1.81 1.77 1.70 1.87 2.08 2.18 2.37 2.53 2.47 2.18 1.88 1.77 1.87 2.01 2.12 2.21 2.27 2.21 1.96 1.71 1.60 1.56 1.60 1.59 1.57 1.55 1.53 1.51 1.48 1.45 1.42 1.42 1.42 1.42 1.42 1.42 1.41 1.40 1.39 1.37 1.35 1.33 1.30 1.28 1.26 1.24 1.22 1.21 1.19 1.21 1.32 1.49 1.66
6.65 5.62 4.43 3.94 3.43 3.26 3.22 3.08 2.97 2.80 2.31 2.11 2.15 1.99 2.08 2.20 2.26 2.51 2.67 2.70 2.48 2.34 2.69 2.57 1.68 1.00 1.23 1.59 1.76 1.84 1.87 1.90 1.88 1.85 1.89 1.96 2.00 2.21 2.54 2.71 2.58 2.23 1.92 1.85 1.99 2.22 2.40 2.43 2.35 2.15 1.90 1.70 1.58 1.60 1.67 1.67 1.67 1.62 1.55 1.49 1.44 1.42 1.42 1.43 1.44 1.45 1.44 1.44 1.43 1.42 1.40 1.38 1.35 1.33 1.30 1.27 1.24 1.22 1.17 1.13 1.08 1.08 1.13 1.19
6.37 5.66 4.52 3.85 3.42 3.22 3.29 3.33 3.15 3.15 2.96 2.46 2.17 2.04 2.05 2.13 2.41 2.78 3.06 3.16 2.96 3.06 3.18 2.45 1.14 0.71 1.15 1.58 1.78 1.91 2.00 2.02 2.02 2.02 2.06 2.06 1.95 2.01 2.33 2.70 2.77 2.54 2.21 1.96 1.98 2.22 2.48 2.61 2.52 2.30 2.12 1.88 1.69 1.64 1.69 1.76 1.82 1.82 1.73 1.53 1.37 1.36 1.41 1.45 1.47 1.48 1.48 1.47 1.46 1.44 1.43 1.40 1.38 1.35 1.31 1.28 1.24 1.20 1.15 1.10 1.02 0.96 0.90 0.83
6.15 5.48 4.45 3.88 3.58 3.25 3.14 3.25 3.24 3.51 3.59 2.78 2.13 2.08 2.05 2.11 2.49 3.04 3.64 3.98 3.90 3.69 2.98 1.69 0.73 0.65 1.18 1.62 1.85 2.00 2.10 2.16 2.17 2.14 2.23 2.27 2.07 1.97 2.16 2.59 2.85 2.71 2.45 2.17 2.06 2.18 2.43 2.70 2.72 2.50 2.28 2.06 1.84 1.69 1.64 1.78 1.95 2.08 2.09 1.68 1.26 1.25 1.38 1.46 1.49 1.51 1.51 1.50 1.49 1.47 1.46 1.43 1.41 1.38 1.34 1.30 1.26 1.21 1.15 1.09 1.01 0.92 0.83 0.74
5.99 5.28 4.45 4.21 3.97 3.43 3.03 3.00 3.16 3.76 3.98 3.07 2.24 2.15 2.15 2.24 2.55 3.15 4.11 4.97 4.55 3.38 1.91 1.15 0.73 0.81 1.32 1.72 1.95 2.11 2.22 2.30 2.33 2.26 2.32 2.43 2.29 2.13 2.11 2.37 2.81 2.87 2.68 2.42 2.22 2.19 2.37 2.67 2.86 2.79 2.50 2.22 1.98 1.73 1.52 1.67 2.02 2.27 2.38 1.93 1.28 1.19 1.35 1.47 1.52 1.55 1.55 1.54 1.52 1.51 1.49 1.46 1.44 1.40 1.37 1.33 1.28 1.23 1.18 1.10 1.01 0.90 0.82 0.79
5.66 5.09 4.45 4.39 4.38 3.90 3.24 2.86 3.02 3.96 4.32 3.36 2.56 2.36 2.31 2.44 2.66 3.16 4.47 5.38 4.37 1.89 1.09 1.03 0.90 1.06 1.51 1.86 2.07 2.25 2.36 2.46 2.51 2.42 2.40 2.49 2.46 2.37 2.26 2.24 2.52 2.90 2.99 2.76 2.43 2.28 2.36 2.63 2.95 3.05 2.81 2.46 2.12 1.77 1.41 1.51 2.05 2.34 2.41 2.14 1.56 1.27 1.35 1.49 1.55 1.58 1.58 1.57 1.56 1.54 1.52 1.49 1.47 1.43 1.39 1.35 1.31 1.25 1.20 1.13 1.04 0.93 0.80 0.72
5.31 4.88 4.30 4.28 4.47 4.25 3.58 2.80 2.58 3.74 4.64 4.01 3.16 2.89 2.82 3.07 3.18 3.63 5.00 5.36 3.74 1.28 1.13 1.18 1.13 1.33 1.72 2.03 2.23 2.41 2.52 2.66 2.73 2.59 2.49 2.54 2.58 2.55 2.48 2.30 2.21 2.59 3.15 3.16 2.72 2.45 2.43 2.64 3.02 3.23 3.20 2.83 2.19 1.77 1.49 1.54 2.05 2.29 2.28 2.18 1.84 1.46 1.41 1.53 1.59 1.63 1.63 1.61 1.59 1.58 1.55 1.53 1.50 1.47 1.43 1.39 1.34 1.29 1.22 1.15 1.08 0.99 0.87 0.72
5.18 4.82 4.25 4.25 4.56 4.34 3.57 2.51 1.80 2.82 4.31 4.34 3.68 3.26 3.16 3.70 4.05 4.47 5.53 5.14 3.37 2.37 2.00 1.68 1.51 1.64 1.93 2.18 2.38 2.55 2.71 2.96 3.04 2.77 2.55 2.60 2.70 2.70 2.64 2.44 2.13 2.19 2.92 3.39 3.09 2.79 2.67 2.76 3.10 3.36 3.60 3.23 2.11 1.73 1.71 1.73 2.01 2.17 2.14 2.11 1.93 1.61 1.51 1.59 1.64 1.67 1.67 1.66 1.64 1.61 1.59 1.56 1.53 1.50 1.47 1.43 1.38 1.33 1.27 1.20 1.12 1.04 0.95 0.84
5.05 4.85 4.46 4.50 4.81 4.39 3.43 2.31 1.65 2.35 3.56 3.97 3.54 2.95 2.89 3.87 4.65 5.44 6.23 5.14 3.56 3.44 2.86 2.25 1.90 1.94 2.10 2.32 2.48 2.65 3.00 3.36 3.36 2.95 2.61 2.67 2.83 2.84 2.77 2.59 2.24 2.02 2.48 3.16 3.30 3.19 3.07 3.07 3.28 3.57 3.83 3.33 2.11 1.76 1.92 1.94 2.02 2.10 2.05 2.03 1.96 1.70 1.61 1.67 1.69 1.70 1.71 1.71 1.69 1.65 1.62 1.59 1.57 1.54 1.51 1.47 1.42 1.36 1.31 1.25 1.19 1.12 1.03 0.95
4.70 4.90 4.83 4.76 4.94 4.48 3.61 2.64 2.10 2.31 3.00 3.42 3.08 2.84 3.07 4.05 4.78 6.15 6.86 4.80 3.98 4.17 3.66 2.85 2.29 2.14 2.18 2.41 2.54 2.76 3.33 3.69 3.57 3.15 2.78 2.80 2.95 2.98 2.91 2.75 2.44 2.10 2.19 2.74 3.15 3.27 3.36 3.47 3.65 3.83 3.72 3.23 2.48 2.00 2.10 2.19 2.14 2.12 2.02 1.98 1.94 1.77 1.72 1.74 1.74 1.73 1.75 1.75 1.73 1.68 1.65 1.63 1.60 1.58 1.55 1.51 1.46 1.41 1.36 1.30 1.24 1.18 1.11 1.04
4.63 4.99 5.08 4.80 4.85 4.73 4.15 3.39 2.81 2.55 2.70 2.56 2.29 2.72 3.35 4.27 5.13 6.35 6.87 5.50 4.67 4.60 4.64 3.78 2.70 2.20 2.18 2.44 2.69 3.03 3.54 3.77 3.71 3.45 3.12 3.03 3.13 3.17 3.08 2.91 2.67 2.29 2.14 2.58 3.02 3.17 3.44 3.80 3.97 3.87 3.51 3.28 2.90 2.35 2.32 2.45 2.35 2.19 2.07 2.01 1.91 1.83 1.82 1.80 1.78 1.78 1.79 1.79 1.77 1.72 1.68 1.67 1.65 1.62 1.59 1.55 1.51 1.46 1.41 1.35 1.29 1.23 1.17 1.12
4.99 5.19 5.11 4.61 4.58 4.72 4.40 3.99 3.62 3.13 2.80 2.40 2.12 2.50 3.52 4.59 5.52 6.00 5.42 5.47 5.35 5.21 5.57 4.68 2.98 2.10 2.23 2.56 2.91 3.35 3.69 3.78 3.81 3.73 3.48 3.36 3.43 3.45 3.28 3.06 2.87 2.53 2.28 2.53 2.95 3.16 3.50 3.95 4.02 3.79 3.47 3.35 3.16 2.74 2.58 2.64 2.60 2.38 2.18 2.08 1.94 1.91 1.93 1.87 1.81 1.82 1.83 1.81 1.79 1.75 1.72 1.71 1.70 1.67 1.64 1.60 1.55 1.50 1.45 1.40 1.34 1.29 1.23 1.18
5.45 5.32 4.93 4.49 4.34 4.24 3.99 4.06 3.98 3.53 3.19 2.77 2.36 2.54 3.52 4.84 5.53 5.08 4.51 4.74 5.33 5.93 6.28 5.22 3.04 2.30 2.55 2.84 3.14 3.57 3.88 3.92 3.96 3.95 3.80 3.74 3.79 3.77 3.56 3.28 3.04 2.78 2.50 2.47 2.84 3.25 3.58 3.86 3.88 3.72 3.58 3.40 3.23 3.08 2.89 2.81 2.76 2.65 2.38 2.13 2.02 2.04 2.09 2.01 1.91 1.87 1.83 1.81 1.80 1.78 1.77 1.76 1.74 1.71 1.69 1.65 1.60 1.55 1.50 1.45 1.39 1.33 1.29 1.24
5.36 5.22 4.93 4.67 4.33 4.06 3.88 3.90 3.90 3.65 3.51 3.14 2.75 2.89 3.52 4.68 5.41 4.67 3.97 4.20 5.07 6.37 6.46 4.65 3.27 2.97 3.09 3.24 3.41 3.77 4.13 4.27 4.29 4.25 4.14 4.08 4.06 4.04 3.97 3.62 3.23 3.00 2.69 2.47 2.76 3.28 3.57 3.69 3.70 3.68 3.69 3.48 3.24 3.26 3.20 3.02 2.86 2.91 2.69 2.24 2.06 2.14 2.26 2.24 2.12 1.95 1.84 1.78 1.77 1.80 1.81 1.82 1.80 1.77 1.73 1.70 1.65 1.60 1.55 1.49 1.44 1.38 1.33 1.28
5.10 5.02 4.98 4.80 4.32 4.08 4.02 3.94 3.82 3.69 3.60 3.31 2.99 3.18 3.76 4.58 5.30 4.75 3.81 4.52 6.04 6.56 5.67 4.64 3.92 3.56 3.57 3.67 3.73 4.02 4.46 4.74 4.79 4.72 4.53 4.33 4.22 4.31 4.43 4.07 3.43 3.13 2.88 2.63 2.71 3.10 3.50 3.62 3.58 3.61 3.69 3.58 3.36 3.33 3.37 3.19 2.99 3.11 2.99 2.48 2.17 2.18 2.36 2.48 2.38 2.12 1.92 1.78 1.74 1.80 1.86 1.88 1.85 1.82 1.79 1.75 1.70 1.66 1.60 1.54 1.48 1.43 1.37 1.32
4.95 4.91 4.90 4.74 4.36 4.14 4.11 4.05 3.90 3.72 3.59 3.39 3.01 3.03 3.68 4.55 5.18 4.96 4.37 5.41 6.64 5.68 5.06 4.95 4.53 4.17 4.06 4.03 4.04 4.33 4.85 5.26 5.35 5.24 4.97 4.65 4.51 4.68 4.83 4.41 3.66 3.26 3.09 2.86 2.75 2.98 3.41 3.57 3.51 3.54 3.58 3.61 3.52 3.43 3.50 3.29 3.15 3.22 3.14 2.86 2.46 2.29 2.41 2.61 2.63 2.35 2.03 1.83 1.74 1.83 1.96 1.97 1.88 1.84 1.84 1.81 1.76 1.71 1.65 1.58 1.52 1.46 1.41 1.35
4.88 4.83 4.75 4.63 4.41 4.24 4.17 4.10 4.01 3.78 3.61 3.46 3.01 2.78 3.19 4.10 5.04 5.04 4.83 6.00 6.63 5.76 5.38 5.33 5.00 4.79 4.74 4.50 4.41 4.83 5.25 5.61 5.86 5.77 5.53 5.25 5.00 5.04 5.03 4.61 3.95 3.50 3.32 3.12 2.96 2.99 3.25 3.41 3.39 3.44 3.52 3.63 3.61 3.50 3.58 3.45 3.30 3.28 3.21 3.13 2.83 2.51 2.48 2.69 2.82 2.56 2.17 1.92 1.80 1.92 2.17 2.15 1.93 1.84 1.87 1.86 1.83 1.77 1.70 1.63 1.56 1.49 1.43 1.38
4.80 4.70 4.60 4.56 4.46 4.34 4.22 4.14 4.10 3.96 3.70 3.53 3.21 3.01 3.21 3.77 4.80 5.05 4.98 5.78 6.20 6.12 6.00 5.78 5.41 5.34 5.56 5.36 5.10 5.49 5.65 5.83 6.30 6.35 6.16 5.97 5.60 5.31 5.16 4.83 4.32 3.83 3.55 3.41 3.20 3.03 3.09 3.17 3.16 3.32 3.53 3.65 3.69 3.61 3.57 3.51 3.43 3.37 3.35 3.30 3.07 2.74 2.60 2.81 2.93 2.73 2.37 2.04 1.89 2.05 2.38 2.42 2.13 1.93 1.92 1.93 1.90 1.82 1.73 1.67 1.60 1.53 1.45 1.39
4.64 4.54 4.43 4.52 4.58 4.45 4.29 4.16 4.20 4.25 3.98 3.76 3.60 3.37 3.41 3.77 4.46 4.81 4.85 5.23 5.52 5.82 6.12 6.06 5.84 5.86 6.27 6.27 6.06 6.30 6.23 6.36 6.68 6.74 6.73 6.79 6.45 5.83 5.50 5.17 4.71 4.13 3.84 3.72 3.42 3.15 3.07 3.02 2.96 3.17 3.51 3.65 3.70 3.74 3.65 3.49 3.43 3.45 3.53 3.49 3.23 2.94 2.84 2.93 2.96 2.86 2.58 2.16 1.99 2.19 2.48 2.62 2.55 2.20 2.07 2.12 2.03 1.87 1.77 1.72 1.64 1.54 1.46 1.40
4.42 4.31 4.23 4.45 4.70 4.64 4.40 4.22 4.32 4.57 4.38 4.14 3.93 3.65 3.60 3.74 4.18 4.50 4.50 4.70 5.19 5.71 5.74 5.83 6.15 6.29 6.73 7.03 7.26 7.34 7.24 7.19 6.80 6.72 7.45 8.07 7.56 6.49 5.86 5.42 4.90 4.34 4.15 3.99 3.59 3.34 3.13 2.98 2.90 3.02 3.41 3.57 3.59 3.75 3.82 3.60 3.43 3.45 3.59 3.64 3.42 3.15 3.10 3.10 3.01 2.94 2.76 2.29 2.04 2.30 2.56 2.69 2.83 2.68 2.45 2.41 2.23 1.93 1.85 1.89 1.75 1.53 1.41 1.39
4.04 4.02 4.07 4.37 4.72 4.80 4.63 4.37 4.47 4.83 4.78 4.50 4.12 3.87 3.87 3.77 4.00 4.21 4.09 4.24 5.02 5.88 5.42 5.04 5.88 6.68 6.97 7.39 8.43 8.70 8.24 7.66 6.35 6.60 8.73 9.55 8.36 6.65 5.97 5.67 5.05 4.61 4.48 4.21 3.86 3.63 3.33 3.10 2.95 2.92 3.22 3.43 3.43 3.59 3.81 3.81 3.63 3.51 3.58 3.67 3.65 3.46 3.28 3.21 3.15 3.00 2.88 2.51 2.10 2.26 2.68 2.83 2.93 2.99 2.86 2.73 2.49 2.11 1.99 2.09 1.95 1.58 1.36 1.34
3.58 3.63 3.94 4.40 4.68 4.84 4.87 4.62 4.65 4.92 5.03 4.70 4.13 4.05 4.29 4.14 4.00 3.96 3.86 4.07 4.94 5.94 5.42 4.36 4.98 6.43 7.03 7.19 9.04 10.14 8.88 7.86 6.14 6.94 10.32 10.47 8.23 6.53 6.37 6.22 5.30 4.80 4.81 4.59 4.19 3.88 3.60 3.31 3.00 2.84 3.01 3.25 3.33 3.39 3.57 3.79 3.85 3.71 3.64 3.64 3.77 3.84 3.53 3.26 3.27 3.11 2.95 2.78 2.31 2.16 2.63 3.08 3.16 3.13 3.12 3.03 2.81 2.46 2.15 2.19 2.16 1.80 1.45 1.29
3.10 3.26 3.83 4.45 4.70 4.86 4.87 4.77 4.79 4.87 5.07 4.92 4.32 4.30 4.74 4.70 4.11 3.54 3.76 4.54 5.44 5.99 5.26 4.10 4.06 5.51 6.73 7.03 9.15 10.89 9.38 8.16 6.91 7.91 11.39 10.65 7.87 7.05 7.25 6.50 4.99 4.82 5.26 4.92 4.36 4.12 3.87 3.44 3.03 2.83 2.87 3.07 3.23 3.26 3.34 3.57 3.83 3.94 3.83 3.62 3.73 4.13 3.92 3.36 3.37 3.33 3.01 2.89 2.60 2.23 2.46 3.17 3.50 3.32 3.26 3.21 3.12 2.84 2.41 2.27 2.28 2.12 1.71 1.34
2.72 3.08 3.92 4.54 4.76 4.79 4.66 4.69 4.81 4.88 5.12 5.09 4.55 4.57 5.18 5.25 4.11 2.85 3.52 5.11 6.34 6.37 4.99 3.91 3.64 4.44 5.89 6.90 9.42 11.31 9.89 8.53 7.81 9.16 12.17 11.21 8.69 8.31 7.66 5.81 4.61 5.26 5.70 4.99 4.49 4.40 4.03 3.49 3.14 2.94 2.83 2.87 2.98 3.14 3.27 3.38 3.61 4.02 4.09 3.65 3.57 4.14 4.23 3.67 3.55 3.63 3.30 2.94 2.69 2.41 2.45 3.14 3.70 3.60 3.46 3.38 3.30 3.13 2.77 2.52 2.40 2.34 2.02 1.51
2.57 3.17 4.06 4.53 4.68 4.61 4.51 4.61 4.75 4.81 5.13 5.34 4.83 4.77 5.57 5.72 4.00 2.08 2.97 5.19 7.05 7.27 5.11 3.61 3.54 4.10 4.96 6.04 8.68 11.31 11.05 9.19 8.31 10.12 13.08 12.39 10.26 9.08 7.30 5.25 4.99 5.63 5.76 5.16 4.80 4.52 3.96 3.50 3.28 3.06 2.82 2.66 2.62 2.96 3.30 3.27 3.36 3.94 4.27 3.83 3.51 3.94 4.24 4.02 3.82 3.91 3.80 3.23 2.74 2.52 2.56 3.11 3.71 3.80 3.72 3.63 3.44 3.29 3.13 2.88 2.64 2.53 2.23 1.73
2.64 3.24 3.99 4.36 4.55 4.49 4.43 4.57 4.73 4.68 5.03 5.83 5.51 4.96 5.75 6.04 3.89 1.49 2.21 4.63 6.99 8.10 6.14 3.43 3.39 4.66 4.99 5.37 6.82 9.77 11.66 10.71 9.31 11.23 14.08 13.26 10.95 8.79 6.21 5.20 5.05 5.08 5.62 5.90 5.29 4.55 3.86 3.45 3.31 3.14 2.89 2.51 2.33 2.78 3.25 3.19 3.18 3.73 4.30 4.09 3.62 3.73 4.11 4.16 4.01 4.07 4.18 3.80 3.13 2.71 2.69 3.12 3.63 3.86 3.92 3.88 3.64 3.40 3.39 3.31 3.03 2.79 2.39 1.93
2.74 3.20 3.78 4.17 4.49 4.47 4.33 4.44 4.64 4.59 4.93 6.14 6.17 5.20 5.84 6.32 4.02 1.19 1.51 3.61 6.15 8.34 7.53 4.14 3.72 5.56 5.79 5.85 6.01 7.33 10.30 11.81 11.73 13.31 15.11 13.23 10.14 7.65 5.64 4.86 4.26 4.58 6.16 6.75 5.52 4.25 3.65 3.43 3.33 3.23 2.99 2.52 2.25 2.59 3.08 3.16 3.07 3.44 4.16 4.28 3.84 3.64 4.02 4.31 4.04 4.06 4.31 4.21 3.83 3.24 2.97 3.28 3.64 3.80 4.02 4.13 3.90 3.56 3.48 3.56 3.56 3.18 2.53 2.12
