windninja/windninja_output/Output_2025-08-24_1300-1350_Google earth_Fire_150m_10min/merlingen_7.5mi_point_08-24-2025_1320_150m_vel.asc
ncols	158
nrows	163
xllcorner	391686.332397
yllcorner	5160024.123721
cellsize	150.000000
NODATA_value	-32768.000000
[rows 114 to 151 of 163, columns 0 to 83 of 158]
2.21 2.61 3.14 3.48 3.79 3.85 3.75 3.69 3.68 3.82 4.32 5.32 5.35 4.60 5.24 5.85 3.94 1.28 0.82 2.21 4.18 6.58 7.24 5.26 4.76 5.51 5.51 5.23 5.31 5.46 6.58 9.47 11.66 13.02 12.93 10.31 7.83 6.35 4.84 3.71 3.33 4.40 5.93 6.11 4.68 3.49 3.27 3.18 2.98 2.83 2.63 2.28 1.98 2.09 2.65 2.93 2.84 3.01 3.64 4.05 3.80 3.44 3.74 4.25 3.96 3.76 4.02 4.14 4.07 3.70 3.33 3.50 3.77 3.72 3.91 4.31 4.27 3.95 3.63 3.72 4.13 3.91 3.05 2.59
1.77 2.41 3.19 3.50 3.72 3.80 3.84 3.68 3.54 3.85 4.66 5.30 4.82 4.41 5.67 6.69 4.76 1.75 0.88 1.48 3.15 5.09 6.61 6.89 6.49 5.96 5.42 5.27 6.14 5.58 5.17 7.93 11.89 14.11 13.08 10.27 7.92 6.35 4.95 3.77 3.88 5.43 6.36 6.01 4.93 4.05 3.63 3.21 2.95 2.82 2.62 2.39 2.05 1.84 2.35 2.81 2.82 2.88 3.34 3.92 3.84 3.48 3.71 4.27 4.18 3.75 3.87 4.15 4.23 4.02 3.74 3.80 4.05 3.95 3.79 4.18 4.51 4.32 3.79 3.62 4.21 4.21 3.36 2.75
1.37 2.20 3.12 3.48 3.65 3.67 3.73 3.73 3.90 4.43 5.29 5.09 3.93 3.85 5.95 7.63 5.49 1.89 1.13 1.39 2.63 3.88 5.11 6.69 7.24 6.61 5.36 5.39 7.06 6.12 4.68 6.57 10.62 14.04 13.72 10.67 8.06 5.90 5.01 4.71 5.06 6.18 6.18 5.65 5.15 4.14 3.18 2.70 2.72 2.74 2.63 2.49 2.19 1.78 1.94 2.56 2.84 2.86 3.15 3.72 3.75 3.53 3.77 4.25 4.30 3.82 3.80 4.11 4.27 4.19 4.02 4.02 4.33 4.52 4.13 4.04 4.38 4.59 4.16 3.74 4.19 4.43 3.54 2.79
1.15 1.97 2.94 3.42 3.65 3.61 3.45 3.63 4.35 5.21 5.82 4.76 3.10 3.23 6.09 8.28 6.02 2.19 1.71 2.19 2.81 3.74 4.57 5.69 6.83 7.10 5.85 5.77 7.78 6.63 4.91 5.77 8.51 12.82 13.81 10.86 7.77 5.35 5.14 5.93 6.19 6.17 5.63 5.42 5.14 3.90 2.95 2.81 2.95 2.98 2.85 2.58 2.26 1.77 1.49 2.24 2.83 2.90 3.08 3.51 3.61 3.47 3.77 4.29 4.32 3.88 3.81 4.08 4.24 4.27 4.17 4.12 4.40 4.88 4.93 4.48 4.20 4.47 4.52 4.16 4.36 4.56 3.64 2.72
1.04 1.66 2.72 3.41 3.65 3.58 3.34 3.64 4.59 5.46 6.10 4.82 2.78 3.00 5.64 8.43 7.42 3.42 2.52 2.95 3.21 3.81 4.47 5.20 6.09 6.82 6.32 6.67 7.78 7.15 6.09 6.33 8.17 12.47 13.24 10.77 7.96 5.31 5.67 6.64 6.18 5.59 5.23 5.19 4.98 4.18 3.42 3.26 3.25 3.13 2.83 2.41 2.15 1.76 1.30 1.88 2.71 2.94 3.07 3.41 3.55 3.40 3.66 4.21 4.26 3.96 3.87 4.09 4.27 4.33 4.24 4.12 4.27 4.81 5.41 5.29 4.52 4.36 4.60 4.56 4.68 4.63 3.70 2.75
0.87 1.36 2.49 3.49 3.71 3.48 3.51 3.98 4.82 5.29 5.96 5.42 3.10 3.03 4.84 7.77 8.74 5.45 3.13 3.14 3.39 3.76 4.43 5.34 6.20 6.69 6.75 7.11 7.72 7.96 8.65 9.19 10.82 12.86 12.13 10.42 8.51 6.27 6.33 6.41 5.53 5.14 5.07 5.21 5.15 4.59 3.72 3.32 3.13 2.80 2.41 2.04 1.92 1.71 1.25 1.51 2.48 2.97 3.12 3.39 3.60 3.44 3.56 3.96 3.99 3.97 3.91 4.01 4.35 4.54 4.36 4.09 4.09 4.49 5.27 5.74 5.35 4.80 4.78 4.85 4.89 4.72 3.87 3.03
0.68 1.12 2.29 3.60 3.86 3.45 3.81 4.47 5.13 5.00 5.39 6.01 3.93 2.94 4.11 6.95 9.23 7.48 4.06 3.27 3.46 3.80 4.54 5.59 6.52 7.02 7.21 7.40 8.39 9.79 10.81 10.91 11.31 11.59 10.90 10.14 8.76 7.62 6.61 5.46 5.13 5.12 5.38 5.54 5.25 4.59 3.91 3.45 2.95 2.48 2.12 1.79 1.71 1.64 1.21 1.12 2.24 2.99 3.14 3.39 3.71 3.48 3.51 3.77 3.65 3.88 3.91 3.64 4.07 4.66 4.56 4.16 4.01 4.18 4.74 5.50 5.88 5.64 5.34 5.23 5.06 4.84 4.12 3.39
0.47 0.97 2.18 3.42 3.84 3.65 4.23 5.11 5.55 4.77 4.89 6.62 4.96 2.88 3.57 6.24 9.23 8.70 5.31 3.50 3.37 3.88 4.66 5.71 6.89 7.44 7.48 7.95 9.98 11.96 11.98 11.33 11.09 10.60 10.65 10.08 8.73 8.27 6.25 4.79 4.85 5.19 5.98 5.82 5.20 4.65 4.17 3.46 2.56 2.13 1.83 1.56 1.53 1.55 1.21 0.85 2.12 2.98 3.12 3.43 3.70 3.37 3.40 3.72 3.71 4.12 4.27 3.54 3.46 4.28 4.54 4.31 4.17 4.06 4.15 4.71 5.58 6.13 6.13 5.85 5.45 5.12 4.43 3.77
0.43 1.04 2.19 2.94 3.48 3.85 4.61 5.68 6.13 4.87 4.81 7.25 5.90 2.99 3.03 5.05 8.65 9.44 6.18 3.94 3.50 4.10 4.80 5.72 7.17 7.61 7.75 8.99 11.92 13.48 12.06 11.41 11.26 10.01 10.43 10.17 8.49 8.34 6.54 4.67 4.35 4.88 6.34 6.40 5.57 5.09 4.41 3.11 2.13 1.72 1.48 1.36 1.30 1.40 1.17 0.76 1.92 2.89 3.06 3.44 3.52 3.27 3.44 3.71 3.92 4.67 5.03 4.15 3.47 3.59 4.06 4.27 4.33 4.15 3.86 3.91 4.59 5.66 6.39 6.48 6.19 5.74 4.90 4.19
0.62 1.22 2.24 2.51 2.89 3.70 4.47 5.65 6.71 5.82 5.61 8.07 6.58 2.87 2.62 4.20 7.21 9.51 7.90 5.44 4.68 4.67 5.01 5.95 7.24 7.76 8.01 10.04 14.19 14.70 11.53 10.79 10.81 9.53 10.06 10.17 8.20 8.05 7.45 4.89 3.88 4.22 5.76 6.98 6.49 5.61 4.62 3.08 2.00 1.52 1.41 1.25 0.95 1.18 0.97 0.52 1.55 2.74 3.01 3.23 3.33 3.36 3.60 3.75 3.97 4.87 5.47 5.07 4.07 3.35 3.50 4.06 4.27 4.18 3.87 3.55 3.67 4.54 5.67 6.36 6.68 6.61 5.72 4.60
0.76 1.35 2.19 2.23 2.51 3.46 4.10 5.02 6.61 6.52 7.04 8.64 6.01 2.68 2.60 3.83 5.64 8.16 9.17 7.84 6.53 5.92 5.68 6.34 7.20 7.70 8.58 12.48 17.32 14.95 9.94 9.74 10.34 9.40 9.64 10.05 8.21 7.55 7.66 5.48 3.89 3.62 4.48 6.78 7.57 6.41 4.99 3.41 1.97 1.52 1.44 1.07 0.59 0.97 0.81 0.10 1.22 2.61 3.11 2.88 3.02 3.59 3.81 3.83 4.21 4.92 5.38 5.56 5.11 3.78 3.38 3.92 4.19 4.05 3.91 3.56 3.29 3.70 4.63 5.36 6.11 7.01 6.76 5.26
0.85 1.45 2.11 2.10 2.36 3.21 3.80 4.51 6.04 6.43 7.54 9.13 6.55 3.06 2.94 3.77 4.64 5.87 7.95 9.34 9.56 8.32 7.14 7.07 8.07 9.19 12.33 18.29 18.00 12.14 7.87 8.68 10.10 9.18 8.95 9.87 8.50 7.24 7.46 6.09 4.22 3.33 3.53 5.83 7.95 7.49 5.72 3.70 2.07 1.61 1.40 0.85 0.27 0.79 0.85 0.35 1.15 2.58 3.40 2.96 2.91 3.70 3.93 3.93 4.46 5.04 5.20 5.46 5.64 4.96 4.03 4.14 4.39 4.15 3.97 3.71 3.40 3.43 3.90 4.44 4.90 6.31 7.20 6.33
0.85 1.44 2.16 2.09 2.25 2.97 3.65 4.48 5.46 5.93 7.06 9.28 8.35 4.53 4.02 4.12 4.03 4.52 5.99 8.27 10.23 11.25 9.78 9.18 12.20 15.66 17.39 17.67 13.38 8.33 6.75 7.84 9.74 8.90 8.45 9.57 8.80 7.24 6.89 6.16 4.68 3.46 3.29 4.81 7.55 8.30 6.62 4.12 2.28 1.58 1.30 0.74 0.13 0.74 0.93 0.63 1.02 2.42 3.52 3.40 3.25 3.75 3.92 4.03 4.61 5.11 5.20 5.31 5.58 5.57 5.27 5.08 4.91 4.54 4.24 3.97 3.66 3.48 3.66 4.00 4.27 5.25 6.47 6.68
0.81 1.45 2.30 2.12 2.13 2.75 3.66 4.70 5.06 5.27 6.01 8.20 9.15 7.54 6.37 4.85 3.72 4.33 5.74 7.49 10.31 13.18 13.39 12.86 14.26 16.00 14.83 11.26 8.51 6.77 6.13 7.13 9.05 8.73 8.38 9.16 8.85 7.61 6.42 5.91 5.06 3.90 3.62 4.24 6.65 8.56 7.27 4.47 2.52 1.61 1.30 0.79 0.41 0.89 1.03 0.82 0.98 2.32 3.51 3.67 3.61 3.83 3.93 4.18 4.72 5.11 5.22 5.28 5.42 5.56 5.90 6.11 5.72 5.14 4.73 4.40 3.86 3.66 3.88 3.94 4.08 4.72 5.38 5.90
0.82 1.47 2.36 2.20 2.11 2.71 3.76 4.73 4.87 4.69 4.89 6.38 8.35 9.17 8.72 6.08 4.53 5.41 7.63 12.60 15.07 14.50 13.68 12.41 12.40 12.28 10.53 8.36 6.77 5.96 6.02 6.92 8.07 8.05 8.20 8.92 8.90 7.82 6.29 5.81 5.33 4.62 4.34 4.39 5.83 8.20 7.73 4.70 2.75 1.97 1.44 0.91 0.75 1.09 1.16 1.00 1.10 2.31 3.50 3.77 3.82 3.95 4.06 4.39 4.82 5.14 5.23 5.28 5.39 5.51 6.00 6.69 6.67 5.89 5.27 4.93 4.28 3.99 4.19 4.25 4.32 4.52 4.70 5.05
0.78 1.41 2.39 2.33 2.17 2.84 3.80 4.64 4.74 4.42 4.37 5.11 6.47 8.15 9.30 9.12 7.38 8.35 13.46 17.91 15.71 11.94 11.19 10.93 11.46 11.79 10.22 7.78 6.15 5.91 6.33 6.59 6.70 6.67 7.44 8.99 9.29 7.74 6.37 6.07 5.76 5.39 5.13 5.07 5.63 7.19 7.44 5.03 3.21 2.51 1.69 1.12 1.07 1.31 1.30 1.14 1.31 2.43 3.51 3.86 3.93 4.04 4.23 4.55 4.91 5.18 5.25 5.28 5.37 5.54 6.00 6.79 7.29 6.85 6.01 5.63 5.03 4.30 4.29 4.59 4.70 4.62 4.48 4.54
0.74 1.36 2.46 2.50 2.27 3.04 4.01 4.61 4.72 4.46 4.41 4.53 5.00 6.17 7.96 10.17 11.89 14.59 17.66 16.43 11.27 9.06 9.34 10.47 12.09 12.58 10.18 7.26 6.48 6.52 6.49 6.01 5.49 5.43 6.05 8.11 9.63 8.54 6.84 6.48 6.32 6.02 5.99 6.00 6.02 6.15 6.19 4.76 3.74 3.02 2.00 1.50 1.46 1.53 1.39 1.18 1.44 2.50 3.54 3.99 4.01 4.08 4.37 4.67 4.97 5.23 5.32 5.30 5.33 5.54 6.01 6.73 7.35 7.48 7.05 6.62 5.89 4.75 4.56 4.91 4.94 4.82 4.50 4.16
0.79 1.37 2.47 2.67 2.50 3.25 4.04 4.59 4.96 4.78 4.48 4.29 4.44 5.39 6.98 9.57 14.72 18.45 16.88 11.56 9.26 8.79 8.79 9.56 12.13 13.07 9.30 7.35 7.19 6.74 6.46 6.03 5.39 4.83 5.06 6.47 8.71 9.44 8.01 7.08 7.03 6.76 6.72 6.72 6.19 5.14 4.15 3.77 3.91 3.34 2.25 1.89 1.83 1.70 1.50 1.33 1.54 2.52 3.58 4.10 4.16 4.21 4.39 4.75 5.01 5.24 5.43 5.36 5.30 5.45 6.00 6.73 7.14 7.58 7.76 7.63 6.91 5.41 4.90 5.28 5.43 5.03 4.33 3.87
0.88 1.40 2.27 2.76 3.07 3.52 3.75 4.27 5.22 5.23 4.48 4.19 4.41 5.34 7.27 9.88 16.21 19.72 15.20 10.51 9.53 9.06 8.87 9.35 11.51 12.94 10.18 7.83 7.54 6.62 6.07 5.77 5.13 4.65 4.98 5.88 7.32 8.95 8.75 8.19 8.10 7.40 7.01 6.94 5.85 3.74 2.38 2.57 3.49 3.30 2.38 2.15 2.03 1.84 1.68 1.59 1.76 2.61 3.65 4.15 4.35 4.56 4.41 4.69 5.09 5.24 5.49 5.44 5.25 5.37 5.96 6.61 6.93 7.57 8.07 8.26 8.06 6.30 5.14 5.71 5.89 5.07 4.15 3.83
0.93 1.43 2.17 2.80 3.67 3.84 3.48 3.79 5.07 5.78 5.02 4.38 4.66 6.06 7.99 11.58 18.10 19.56 15.71 11.69 10.33 9.65 9.45 9.58 10.17 11.32 10.97 9.05 7.85 6.79 5.93 5.42 4.83 5.01 5.56 6.05 6.87 7.82 8.18 9.03 9.30 7.93 7.15 6.90 5.24 2.86 1.79 1.83 2.74 2.97 2.49 2.24 2.11 1.96 1.87 1.85 2.01 2.78 3.76 4.24 4.62 4.92 4.61 4.68 5.18 5.33 5.55 5.57 5.23 5.32 5.89 6.38 6.65 7.32 8.24 8.93 9.03 7.11 5.48 5.97 6.12 4.99 3.95 3.67
1.08 1.65 2.30 2.94 3.92 3.93 3.50 3.75 4.45 5.72 5.94 4.88 5.44 7.35 10.84 17.11 20.00 18.38 15.09 12.73 10.92 9.56 9.17 8.78 7.91 8.45 10.48 10.69 8.93 7.37 6.32 5.72 5.37 5.65 5.93 5.98 6.39 6.68 7.46 9.37 10.05 8.58 7.50 6.65 4.45 2.93 2.03 1.58 2.17 2.80 2.69 2.36 2.19 2.10 2.02 2.05 2.29 3.01 3.80 4.29 4.85 5.04 4.82 4.87 5.28 5.55 5.68 5.81 5.58 5.35 5.63 6.15 6.43 6.71 7.95 9.50 9.89 8.11 6.07 6.05 6.17 5.12 3.78 3.31
1.14 1.84 2.54 3.09 3.88 3.99 3.80 4.07 4.30 5.28 6.14 5.72 6.08 9.42 16.86 20.80 18.98 16.08 14.09 13.07 11.53 8.79 7.98 7.41 6.44 6.61 8.65 10.93 10.64 8.52 6.87 6.24 6.18 6.15 6.06 5.98 5.73 5.71 7.39 9.79 10.03 8.85 7.82 5.93 4.14 3.47 2.66 1.95 2.20 2.81 2.91 2.65 2.40 2.27 2.16 2.14 2.47 3.26 3.92 4.38 4.88 5.01 4.96 5.06 5.35 5.74 5.82 6.12 6.42 5.88 5.46 5.79 6.10 6.16 7.23 9.23 10.30 9.41 7.00 6.25 6.01 5.03 4.01 3.49
0.93 1.89 2.84 3.11 3.80 4.08 4.09 4.21 4.38 5.13 5.84 6.29 6.53 11.31 20.05 20.12 15.92 14.67 13.37 12.79 11.60 8.78 7.32 7.00 6.41 6.29 7.44 9.95 11.44 10.11 7.59 6.61 6.64 6.38 6.36 6.30 5.56 5.29 7.63 10.20 9.47 8.54 7.71 5.11 4.05 3.83 3.20 2.44 2.43 2.83 2.98 2.86 2.66 2.47 2.31 2.26 2.63 3.52 4.09 4.51 4.85 4.96 5.09 5.17 5.38 5.83 5.99 6.39 7.33 7.03 5.92 5.53 5.70 5.68 6.32 8.28 10.04 10.13 8.61 6.93 5.91 4.97 4.37 4.18
0.83 1.74 2.89 3.23 3.95 4.28 4.10 4.08 4.45 5.16 5.75 6.65 7.34 13.48 20.90 18.70 15.09 13.90 12.27 11.89 11.33 9.25 7.70 7.31 6.60 6.32 7.00 9.21 11.33 10.80 8.25 7.09 7.01 6.77 6.75 6.43 5.59 5.15 7.61 10.32 9.03 7.56 6.55 4.87 4.14 4.04 3.54 2.85 2.75 2.99 3.05 2.98 2.85 2.66 2.45 2.41 2.88 3.79 4.18 4.47 4.79 4.96 5.21 5.21 5.34 5.85 6.20 6.70 7.82 8.26 7.00 5.83 5.72 5.62 5.33 6.64 9.02 9.97 9.61 8.69 6.81 5.17 4.77 4.85
1.06 1.63 2.49 3.26 4.29 4.47 4.03 3.96 4.48 5.30 6.30 7.51 9.76 17.96 21.68 17.68 14.25 12.38 10.67 11.09 11.40 9.81 8.45 7.76 6.81 6.51 7.08 8.91 10.48 9.97 8.71 8.26 7.88 7.37 7.17 6.29 5.26 5.29 7.48 10.04 8.58 5.93 5.11 4.56 4.19 4.30 3.96 3.29 3.09 3.19 3.19 3.15 3.01 2.83 2.63 2.62 3.20 3.91 4.17 4.41 4.67 4.93 5.24 5.19 5.33 5.87 6.43 7.12 8.04 8.85 8.46 6.99 6.23 5.88 5.33 5.44 7.40 8.94 9.29 9.74 8.74 5.93 5.53 5.29
1.32 1.66 2.11 3.06 4.31 4.60 4.26 4.29 4.78 5.58 6.98 9.45 15.68 22.23 20.86 15.06 12.50 11.12 10.06 10.88 11.67 10.49 9.06 7.99 7.16 7.04 7.58 8.55 9.22 8.41 7.76 9.00 9.17 7.80 7.59 6.44 5.26 5.98 7.62 8.95 7.11 4.70 4.36 4.12 4.05 4.37 4.22 3.67 3.44 3.40 3.36 3.36 3.21 3.09 3.03 3.07 3.50 3.88 4.14 4.41 4.56 4.88 5.09 4.98 5.32 6.03 6.65 7.48 8.24 8.90 9.35 8.75 7.20 6.18 5.67 5.39 6.10 7.64 8.22 9.39 9.72 7.94 6.81 5.44
1.31 1.67 2.34 3.13 3.65 4.22 4.86 5.06 5.21 6.61 8.26 12.36 21.38 22.67 15.87 11.91 11.35 10.49 9.43 10.67 12.07 11.17 9.53 8.34 7.71 7.79 8.04 8.16 8.28 7.45 6.88 8.68 9.56 8.79 8.57 7.15 5.77 6.26 6.71 6.57 5.25 4.37 4.27 3.94 3.91 4.26 4.22 3.90 3.74 3.67 3.62 3.53 3.28 3.26 3.53 3.60 3.61 3.81 4.16 4.40 4.55 4.89 4.82 4.52 5.06 6.14 6.94 7.71 8.35 8.98 9.68 9.79 8.39 6.68 6.05 5.34 5.20 6.63 7.55 8.61 9.94 9.44 7.37 5.16
0.85 1.84 3.02 3.17 3.08 3.69 5.16 5.55 6.03 8.68 10.99 17.83 23.30 17.92 11.34 10.53 10.49 10.24 9.52 10.47 11.95 11.63 10.18 9.09 8.47 8.42 8.32 7.85 7.64 7.12 6.91 7.92 8.83 9.57 9.79 7.90 5.99 5.59 4.82 3.90 3.99 4.24 4.27 3.97 3.91 4.13 4.17 4.07 4.00 3.95 3.95 3.96 3.63 3.44 3.86 3.84 3.65 3.83 4.19 4.42 4.65 4.90 4.59 4.06 4.52 5.83 6.96 7.69 8.34 9.24 9.76 10.02 9.63 8.10 6.56 4.87 4.37 5.96 7.50 8.61 10.27 10.04 7.33 5.14
0.40 1.94 3.58 3.26 3.27 4.06 5.05 5.73 7.40 9.92 14.00 22.14 22.36 12.50 9.73 10.03 10.17 10.97 11.00 10.93 11.14 11.07 10.62 10.19 9.49 8.81 8.20 7.32 7.08 7.14 7.24 7.73 8.32 9.51 10.38 8.66 5.95 4.53 3.28 2.70 3.52 4.29 4.41 4.23 4.12 4.17 4.21 4.24 4.28 4.27 4.32 4.72 4.74 4.08 3.92 3.67 3.55 3.92 4.15 4.47 4.84 4.89 4.50 4.00 4.33 5.51 6.55 7.23 8.07 9.19 9.70 9.89 10.60 9.84 6.58 4.08 3.81 5.66 7.85 9.51 10.16 9.60 7.96 5.86
0.79 1.73 3.75 3.92 3.91 4.50 5.32 6.28 8.18 9.80 16.11 21.80 17.62 11.03 9.96 10.03 10.58 12.10 12.28 10.57 9.81 10.12 10.64 10.99 10.30 9.19 8.19 7.37 7.16 7.58 7.89 8.37 8.28 8.55 10.18 9.15 5.84 3.72 2.87 2.88 3.52 4.29 4.56 4.52 4.41 4.37 4.41 4.46 4.51 4.55 4.75 5.55 6.01 5.34 4.33 3.24 3.26 3.99 4.18 4.52 4.91 4.92 4.67 4.39 4.71 5.62 6.36 6.85 7.37 8.38 9.28 9.98 11.33 10.75 6.73 3.63 3.73 5.28 8.28 9.98 8.90 8.56 8.70 6.43
1.12 1.76 3.54 4.45 4.50 4.90 5.91 7.08 8.52 9.28 14.89 21.79 17.40 11.50 10.57 10.14 11.08 12.90 12.11 9.26 9.02 9.76 10.52 11.16 10.47 9.06 8.12 8.08 7.96 7.96 8.35 8.80 7.92 7.52 9.37 8.43 5.34 3.63 3.13 3.30 3.69 4.23 4.56 4.66 4.59 4.58 4.65 4.71 4.72 4.94 5.48 6.34 6.97 6.65 4.86 3.01 3.10 3.87 4.29 4.73 4.96 4.95 4.94 4.85 4.92 5.79 6.71 6.94 6.96 7.28 8.21 9.90 11.82 11.40 7.70 4.34 3.80 4.91 8.50 9.91 7.92 8.35 8.82 5.74
1.53 2.31 3.41 4.22 4.88 5.74 6.93 8.01 9.17 9.37 12.76 22.00 20.61 12.42 10.50 9.98 11.28 12.74 10.59 8.83 9.31 9.90 10.53 10.68 9.87 8.94 8.48 8.76 8.56 7.97 8.24 8.50 7.20 6.65 7.67 6.73 4.85 3.67 3.35 3.58 3.95 4.32 4.63 4.80 4.77 4.76 4.84 4.86 4.95 5.51 6.39 7.15 7.83 7.44 5.35 3.48 3.33 3.67 4.50 5.30 5.13 4.85 5.04 5.04 4.99 6.00 7.08 6.93 6.80 7.13 7.43 8.96 11.73 11.78 8.47 5.48 4.39 4.99 8.25 9.65 8.50 9.11 8.14 4.07
2.71 3.19 3.74 3.97 4.81 6.32 7.71 9.22 10.42 9.99 13.89 22.48 20.37 11.97 9.77 9.78 11.04 11.64 9.84 9.26 9.83 10.05 10.41 10.05 9.43 9.44 9.25 9.06 8.74 7.83 7.92 8.17 6.58 5.28 5.21 5.40 4.50 3.71 3.44 3.64 4.09 4.46 4.77 5.00 5.02 4.95 5.00 5.03 5.37 6.17 7.05 7.99 8.74 7.97 6.22 4.80 4.04 4.15 5.21 5.87 5.24 4.73 4.90 5.02 5.31 6.35 7.14 6.90 6.86 7.33 7.51 8.28 10.79 11.75 9.06 6.33 5.62 6.03 7.28 8.87 9.72 9.10 6.19 3.85
4.38 4.15 3.99 4.23 5.10 6.32 7.55 10.13 11.85 13.11 19.43 22.47 16.25 10.09 8.95 9.35 10.63 10.49 9.35 9.49 10.05 10.08 9.97 9.73 9.62 10.01 9.63 9.13 8.95 7.65 7.00 7.82 6.48 4.07 3.95 4.77 4.48 3.85 3.59 3.72 4.14 4.53 4.81 5.12 5.31 5.20 5.13 5.37 6.07 6.75 7.47 8.84 9.69 8.59 7.12 5.99 5.04 5.13 5.63 5.92 5.22 4.66 4.85 5.21 5.77 6.54 7.08 7.13 7.23 7.53 7.84 8.27 9.78 10.98 9.05 6.84 7.10 7.64 6.98 7.99 9.68 7.64 5.44 4.40
5.47 4.84 4.21 4.69 5.55 6.32 6.98 9.30 13.89 18.13 20.78 17.91 11.88 9.20 8.32 8.65 9.88 9.94 9.12 9.30 9.98 10.00 9.67 10.02 10.76 10.52 9.90 9.44 8.95 7.07 5.73 6.66 6.25 4.20 3.73 4.42 4.53 4.05 3.75 3.81 4.18 4.59 4.76 5.04 5.43 5.43 5.33 5.94 6.74 7.13 7.92 9.56 10.46 9.59 8.24 7.29 6.27 5.75 5.87 5.88 5.22 4.84 5.19 5.70 6.14 6.72 7.30 7.62 7.69 8.01 8.35 8.15 8.78 9.59 8.65 7.49 8.52 8.91 7.22 7.77 8.41 6.78 6.61 5.60
5.34 5.41 5.18 5.38 6.14 7.04 7.46 9.35 16.78 20.22 17.42 12.94 10.76 9.21 8.23 8.26 9.05 9.51 9.14 9.03 9.36 9.35 8.68 9.58 11.81 12.38 10.85 9.32 7.99 6.33 4.60 4.81 5.46 4.37 3.78 4.18 4.49 4.29 4.03 3.98 4.22 4.69 4.85 4.96 5.35 5.55 5.61 6.41 7.10 7.35 8.36 10.07 11.07 10.94 10.01 8.54 7.09 6.10 6.11 5.90 5.30 5.27 5.67 6.16 6.60 7.12 7.59 7.81 8.04 8.70 8.91 7.96 7.41 7.93 8.29 8.93 10.21 9.11 6.40 6.63 6.65 6.37 7.54 7.31
4.59 5.44 5.99 6.26 7.85 8.56 7.93 10.70 19.64 21.01 14.57 11.57 10.73 9.29 8.48 8.11 8.14 8.63 9.32 9.19 8.62 8.19 7.38 8.27 11.31 13.86 13.20 9.01 6.79 5.72 3.93 3.81 4.59 4.45 4.03 4.00 4.32 4.38 4.28 4.23 4.34 4.81 5.04 4.99 5.33 5.88 6.13 6.55 7.11 7.57 8.53 10.28 11.71 12.40 11.77 9.52 7.77 6.76 6.29 6.07 5.61 5.65 6.15 6.72 7.27 7.47 7.61 7.67 8.02 9.09 9.39 7.65 5.91 6.23 7.87 10.52 11.13 7.90 4.80 5.27 5.23 5.25 7.29 8.72
4.18 5.06 6.07 7.36 9.22 8.73 7.48 11.68 20.97 19.99 12.34 10.76 10.82 9.95 9.11 8.32 7.65 8.01 8.94 9.03 8.21 7.36 6.79 7.54 9.82 13.50 15.28 11.28 6.57 5.31 4.24 3.77 4.09 4.38 4.25 3.88 3.99 4.17 4.24 4.34 4.52 4.98 5.22 5.02 5.33 6.41 6.97 6.58 6.81 7.67 8.48 10.07 12.23 13.53 13.04 10.57 8.52 7.33 6.73 6.63 6.19 6.05 6.73 7.36 7.72 7.54 7.50 7.61 8.04 9.50 9.85 7.23 4.81 5.45 7.91 11.39 11.33 6.77 4.01 4.09 4.23 4.52 6.18 9.02
