windninja/windninja_output/Output_2025-08-24_1300-1350_Google earth_Fire_150m_10min/merlingen_7.5mi_point_08-24-2025_1330_150m_vel.asc
ncols	158
nrows	163
xllcorner	391686.332397
yllcorner	5160024.123721
cellsize	150.000000
NODATA_value	-32768.000000
[rows 38 to 75 of 163, columns 0 to 83 of 158]
1.93 1.89 1.78 1.63 1.51 1.43 1.38 1.33 1.31 1.30 1.29 1.26 1.23 1.21 1.19 1.17 1.16 1.14 1.13 1.12 1.11 1.10 1.08 1.08 1.07 1.06 1.06 1.11 1.22 1.27 1.20 1.10 1.02 0.99 1.06 1.13 1.14 1.20 1.26 1.25 1.24 1.25 1.25 1.29 1.38 1.40 1.38 1.43 1.53 1.61 1.58 1.49 1.53 1.66 1.67 1.57 1.65 1.90 2.10 2.26 2.44 2.36 1.92 1.41 1.23 1.52 2.10 2.26 1.88 1.60 1.57 1.58 1.56 1.45 1.33 1.29 1.15 1.18 1.57 1.80 1.46 1.35 1.58 1.94
1.92 1.88 1.75 1.62 1.53 1.45 1.40 1.38 1.38 1.36 1.32 1.28 1.25 1.24 1.23 1.21 1.18 1.17 1.15 1.14 1.13 1.11 1.10 1.09 1.07 1.06 1.07 1.12 1.14 1.06 0.96 0.92 0.91 0.92 0.97 1.05 1.16 1.33 1.43 1.40 1.33 1.31 1.31 1.37 1.49 1.57 1.51 1.46 1.54 1.71 1.75 1.62 1.61 1.85 2.03 1.94 1.90 2.09 2.33 2.50 2.66 2.81 2.63 1.97 1.46 1.57 2.12 2.24 1.85 1.61 1.58 1.58 1.57 1.50 1.44 1.42 1.27 1.23 1.53 2.03 1.98 1.66 1.58 1.74
1.93 1.90 1.77 1.66 1.58 1.52 1.49 1.47 1.44 1.40 1.35 1.32 1.30 1.30 1.28 1.25 1.23 1.20 1.18 1.17 1.15 1.14 1.12 1.10 1.09 1.07 1.06 1.04 0.97 0.89 0.85 0.82 0.79 0.78 0.83 0.92 1.06 1.26 1.47 1.57 1.56 1.51 1.46 1.44 1.49 1.62 1.66 1.60 1.60 1.74 1.86 1.72 1.61 1.79 2.08 2.16 2.05 2.02 2.18 2.36 2.47 2.71 2.95 2.58 1.80 1.70 2.23 2.30 1.90 1.70 1.58 1.52 1.45 1.34 1.41 1.50 1.39 1.34 1.47 1.89 2.18 2.13 1.99 1.94
1.94 1.93 1.83 1.73 1.64 1.59 1.57 1.54 1.49 1.43 1.39 1.37 1.36 1.34 1.32 1.29 1.26 1.24 1.22 1.20 1.18 1.16 1.13 1.10 1.08 1.06 1.03 0.98 0.93 0.89 0.86 0.80 0.74 0.72 0.79 0.92 1.02 1.09 1.27 1.58 1.77 1.84 1.82 1.71 1.63 1.72 1.87 1.89 1.84 1.86 1.97 1.88 1.62 1.51 1.63 1.85 1.80 1.67 1.76 1.97 2.08 2.24 2.69 2.89 2.38 1.98 2.27 2.42 2.09 1.90 1.77 1.65 1.52 1.33 1.38 1.53 1.46 1.41 1.42 1.63 1.93 2.11 2.24 2.28
1.94 1.92 1.85 1.77 1.71 1.67 1.63 1.59 1.54 1.49 1.45 1.43 1.40 1.38 1.34 1.31 1.29 1.26 1.24 1.22 1.19 1.16 1.13 1.11 1.08 1.05 1.02 0.98 0.96 0.94 0.89 0.82 0.77 0.76 0.83 0.96 1.11 1.24 1.37 1.55 1.71 1.80 1.85 1.86 1.81 1.80 1.81 1.80 1.73 1.68 1.79 1.79 1.55 1.35 1.36 1.52 1.56 1.49 1.55 1.74 1.83 1.86 2.17 2.68 2.80 2.47 2.33 2.51 2.45 2.25 2.16 2.06 1.84 1.58 1.54 1.60 1.53 1.46 1.45 1.58 1.81 1.90 2.06 2.27
1.93 1.91 1.86 1.81 1.78 1.75 1.69 1.62 1.57 1.53 1.50 1.47 1.44 1.40 1.36 1.33 1.30 1.27 1.25 1.23 1.19 1.17 1.15 1.12 1.09 1.06 1.03 1.00 0.97 0.91 0.85 0.82 0.81 0.82 0.87 0.96 1.10 1.28 1.39 1.42 1.44 1.52 1.60 1.64 1.63 1.57 1.55 1.57 1.56 1.52 1.62 1.69 1.57 1.44 1.42 1.48 1.52 1.52 1.57 1.70 1.74 1.66 1.74 2.08 2.53 2.66 2.48 2.52 2.70 2.75 2.73 2.70 2.47 2.13 1.97 1.88 1.75 1.62 1.52 1.56 1.72 1.86 1.99 2.14
1.92 1.89 1.85 1.83 1.81 1.76 1.70 1.65 1.60 1.56 1.52 1.49 1.45 1.41 1.38 1.35 1.32 1.30 1.28 1.26 1.23 1.20 1.16 1.13 1.10 1.08 1.05 1.03 0.98 0.91 0.86 0.84 0.83 0.84 0.87 0.91 0.98 1.03 1.05 1.10 1.19 1.34 1.43 1.44 1.41 1.41 1.44 1.48 1.54 1.58 1.68 1.78 1.72 1.60 1.58 1.58 1.55 1.56 1.62 1.72 1.77 1.71 1.63 1.70 2.01 2.34 2.41 2.36 2.49 2.74 2.87 2.96 2.92 2.66 2.39 2.15 1.93 1.79 1.67 1.61 1.64 1.77 1.95 2.08
1.92 1.90 1.88 1.86 1.81 1.75 1.71 1.67 1.63 1.59 1.55 1.51 1.48 1.44 1.42 1.39 1.37 1.35 1.32 1.28 1.25 1.22 1.18 1.14 1.11 1.10 1.07 1.02 0.97 0.93 0.90 0.88 0.86 0.86 0.85 0.83 0.80 0.78 0.82 0.91 1.06 1.22 1.32 1.34 1.33 1.41 1.49 1.50 1.52 1.57 1.64 1.73 1.72 1.59 1.58 1.65 1.61 1.57 1.61 1.70 1.80 1.84 1.76 1.73 1.88 2.03 2.14 2.15 2.01 2.04 2.28 2.51 2.70 2.67 2.49 2.25 1.97 1.86 1.84 1.82 1.78 1.78 1.84 1.96
1.96 1.94 1.92 1.88 1.80 1.74 1.70 1.67 1.64 1.61 1.58 1.54 1.51 1.48 1.45 1.42 1.40 1.36 1.32 1.29 1.25 1.22 1.19 1.16 1.13 1.10 1.05 1.01 0.97 0.93 0.90 0.88 0.86 0.84 0.84 0.80 0.73 0.71 0.76 0.85 0.94 1.06 1.21 1.29 1.28 1.34 1.45 1.51 1.51 1.49 1.55 1.63 1.69 1.62 1.56 1.64 1.68 1.63 1.59 1.61 1.76 1.91 1.90 1.83 1.90 1.96 1.96 1.98 1.81 1.71 1.85 2.06 2.33 2.48 2.46 2.33 2.08 1.91 1.91 1.91 1.82 1.75 1.77 1.83
1.99 1.96 1.91 1.86 1.79 1.70 1.65 1.65 1.64 1.62 1.60 1.57 1.54 1.50 1.46 1.43 1.40 1.36 1.33 1.29 1.25 1.21 1.19 1.16 1.13 1.09 1.05 1.02 0.99 0.95 0.91 0.87 0.83 0.79 0.76 0.74 0.72 0.70 0.71 0.74 0.80 0.92 1.10 1.24 1.31 1.33 1.36 1.42 1.45 1.44 1.51 1.60 1.67 1.73 1.68 1.69 1.76 1.75 1.66 1.53 1.61 1.85 1.92 1.82 1.83 1.88 1.82 1.83 1.78 1.72 1.78 1.88 2.10 2.30 2.36 2.31 2.13 1.90 1.77 1.79 1.77 1.72 1.76 1.79
1.98 1.95 1.90 1.85 1.79 1.71 1.64 1.62 1.61 1.60 1.58 1.56 1.52 1.49 1.46 1.43 1.39 1.36 1.32 1.29 1.25 1.23 1.20 1.16 1.12 1.09 1.07 1.04 1.01 0.98 0.94 0.89 0.85 0.80 0.75 0.71 0.70 0.68 0.66 0.66 0.69 0.78 0.93 1.09 1.24 1.34 1.37 1.39 1.42 1.43 1.50 1.58 1.63 1.68 1.68 1.72 1.79 1.80 1.76 1.62 1.56 1.77 1.94 1.86 1.76 1.75 1.69 1.69 1.70 1.70 1.75 1.83 1.96 2.12 2.23 2.23 2.11 1.92 1.80 1.83 1.90 1.85 1.79 1.80
1.98 1.95 1.91 1.87 1.79 1.74 1.67 1.60 1.59 1.59 1.58 1.55 1.52 1.50 1.47 1.43 1.40 1.36 1.33 1.29 1.27 1.24 1.21 1.18 1.15 1.12 1.08 1.05 1.02 0.99 0.96 0.92 0.89 0.84 0.79 0.74 0.71 0.70 0.67 0.64 0.64 0.68 0.76 0.90 1.06 1.23 1.32 1.35 1.37 1.40 1.49 1.63 1.71 1.72 1.73 1.77 1.82 1.79 1.74 1.68 1.63 1.79 2.02 2.02 1.81 1.65 1.59 1.57 1.61 1.67 1.74 1.83 1.91 2.00 2.11 2.17 2.14 2.08 2.05 2.07 2.09 2.05 1.92 1.82
2.00 1.96 1.92 1.93 1.88 1.83 1.77 1.66 1.59 1.58 1.57 1.55 1.53 1.51 1.49 1.46 1.42 1.38 1.34 1.31 1.29 1.26 1.22 1.20 1.17 1.15 1.11 1.07 1.04 1.01 0.97 0.94 0.90 0.86 0.81 0.76 0.72 0.69 0.67 0.65 0.65 0.68 0.71 0.78 0.90 1.09 1.23 1.27 1.28 1.25 1.30 1.50 1.66 1.73 1.79 1.85 1.88 1.84 1.72 1.64 1.64 1.80 2.09 2.15 1.85 1.58 1.51 1.49 1.52 1.59 1.68 1.77 1.83 1.90 1.98 2.05 2.08 2.12 2.19 2.24 2.23 2.16 2.05 1.90
2.03 1.94 1.88 1.93 1.95 1.96 1.93 1.81 1.65 1.58 1.57 1.57 1.54 1.51 1.48 1.45 1.42 1.38 1.35 1.33 1.30 1.27 1.24 1.21 1.18 1.15 1.12 1.09 1.06 1.02 0.99 0.96 0.92 0.89 0.84 0.77 0.70 0.65 0.64 0.65 0.67 0.67 0.66 0.69 0.81 0.99 1.14 1.23 1.28 1.23 1.23 1.42 1.55 1.57 1.66 1.78 1.84 1.84 1.77 1.69 1.67 1.81 2.16 2.25 1.84 1.53 1.47 1.47 1.52 1.58 1.65 1.72 1.77 1.83 1.88 1.89 1.90 1.97 2.14 2.30 2.35 2.28 2.11 1.90
2.12 1.96 1.83 1.87 1.88 1.88 1.92 1.89 1.77 1.65 1.59 1.57 1.54 1.50 1.46 1.43 1.41 1.39 1.36 1.33 1.29 1.26 1.23 1.20 1.18 1.15 1.13 1.10 1.07 1.04 1.01 0.98 0.95 0.91 0.87 0.81 0.74 0.67 0.63 0.63 0.66 0.68 0.64 0.63 0.74 0.93 1.04 1.15 1.36 1.43 1.43 1.54 1.66 1.66 1.65 1.74 1.75 1.75 1.78 1.77 1.76 1.87 2.27 2.34 1.84 1.51 1.47 1.50 1.56 1.62 1.67 1.73 1.78 1.83 1.87 1.84 1.78 1.79 1.92 2.15 2.35 2.44 2.31 1.98
2.27 2.09 1.88 1.89 1.91 1.88 1.90 1.93 1.84 1.68 1.56 1.52 1.51 1.49 1.46 1.43 1.40 1.38 1.35 1.32 1.28 1.25 1.23 1.21 1.18 1.15 1.13 1.11 1.09 1.06 1.03 1.00 0.97 0.94 0.90 0.85 0.80 0.73 0.66 0.62 0.64 0.69 0.67 0.62 0.67 0.86 0.98 1.07 1.30 1.46 1.50 1.54 1.66 1.77 1.82 1.79 1.67 1.67 1.78 1.85 1.84 1.96 2.37 2.39 1.86 1.53 1.49 1.56 1.66 1.71 1.73 1.78 1.84 1.88 1.90 1.86 1.78 1.75 1.78 1.89 2.12 2.42 2.52 2.33
2.32 2.24 2.00 1.87 1.93 1.94 1.91 1.94 1.89 1.71 1.54 1.47 1.46 1.46 1.45 1.43 1.40 1.38 1.35 1.32 1.29 1.26 1.23 1.21 1.19 1.17 1.15 1.12 1.10 1.07 1.05 1.02 1.00 0.97 0.94 0.90 0.85 0.79 0.72 0.64 0.61 0.66 0.68 0.61 0.59 0.73 0.89 0.96 1.09 1.26 1.38 1.47 1.54 1.71 1.95 1.87 1.62 1.63 1.78 1.91 1.96 2.12 2.47 2.41 1.90 1.61 1.57 1.65 1.83 1.90 1.87 1.86 1.87 1.88 1.90 1.90 1.84 1.85 1.87 1.81 1.92 2.25 2.52 2.58
2.22 2.25 2.11 1.81 1.71 1.73 1.72 1.79 1.89 1.83 1.62 1.45 1.41 1.41 1.41 1.40 1.38 1.37 1.35 1.33 1.31 1.27 1.24 1.21 1.19 1.18 1.16 1.14 1.12 1.10 1.07 1.05 1.03 1.00 0.97 0.94 0.90 0.85 0.79 0.71 0.63 0.61 0.64 0.62 0.56 0.58 0.69 0.80 0.91 1.07 1.24 1.45 1.54 1.70 2.02 1.90 1.61 1.63 1.77 1.92 2.02 2.25 2.57 2.48 1.97 1.64 1.59 1.63 1.82 1.98 1.97 1.91 1.90 1.89 1.91 1.92 1.91 1.95 2.00 1.90 1.89 2.10 2.35 2.50
2.16 2.19 2.18 1.98 1.73 1.61 1.55 1.56 1.73 1.86 1.75 1.55 1.42 1.35 1.35 1.37 1.35 1.33 1.32 1.31 1.30 1.29 1.26 1.23 1.20 1.18 1.17 1.15 1.13 1.11 1.10 1.08 1.05 1.03 1.01 0.97 0.94 0.90 0.86 0.80 0.73 0.67 0.66 0.66 0.61 0.55 0.55 0.62 0.72 0.87 1.06 1.36 1.50 1.71 2.04 1.84 1.59 1.64 1.77 1.89 2.02 2.25 2.58 2.59 2.08 1.61 1.48 1.50 1.62 1.81 1.89 1.96 1.98 1.98 1.98 1.97 1.99 2.06 2.08 2.02 1.96 2.03 2.19 2.32
2.20 2.18 2.18 2.17 2.04 1.86 1.67 1.53 1.58 1.78 1.86 1.77 1.61 1.41 1.31 1.31 1.33 1.32 1.31 1.29 1.28 1.28 1.27 1.24 1.22 1.20 1.18 1.17 1.16 1.14 1.12 1.10 1.08 1.06 1.04 1.02 0.99 0.96 0.92 0.87 0.83 0.78 0.73 0.70 0.66 0.58 0.49 0.46 0.53 0.64 0.84 1.21 1.44 1.68 2.01 1.76 1.54 1.66 1.80 1.89 2.03 2.24 2.51 2.64 2.25 1.71 1.46 1.45 1.56 1.72 1.85 1.98 2.04 2.04 2.05 2.03 2.08 2.17 2.16 2.15 2.13 2.13 2.17 2.22
2.26 2.21 2.15 2.15 2.13 2.07 1.93 1.71 1.58 1.66 1.78 1.84 1.81 1.61 1.35 1.25 1.26 1.29 1.30 1.29 1.28 1.26 1.26 1.25 1.23 1.21 1.20 1.18 1.17 1.16 1.14 1.13 1.11 1.10 1.08 1.06 1.03 1.01 0.97 0.94 0.90 0.86 0.81 0.76 0.71 0.63 0.52 0.41 0.36 0.41 0.59 0.99 1.37 1.66 1.91 1.69 1.46 1.58 1.76 1.86 2.00 2.23 2.47 2.63 2.41 1.91 1.57 1.53 1.66 1.82 1.89 1.96 2.04 2.06 2.06 2.05 2.10 2.19 2.22 2.23 2.27 2.31 2.31 2.27
2.32 2.27 2.19 2.13 2.08 2.05 2.02 1.88 1.68 1.57 1.54 1.62 1.79 1.79 1.57 1.33 1.22 1.22 1.26 1.27 1.27 1.27 1.26 1.25 1.24 1.23 1.22 1.20 1.19 1.18 1.17 1.16 1.14 1.13 1.12 1.10 1.08 1.06 1.03 1.00 0.97 0.93 0.89 0.84 0.79 0.72 0.64 0.51 0.37 0.29 0.36 0.73 1.26 1.59 1.79 1.63 1.42 1.52 1.70 1.80 1.91 2.13 2.40 2.60 2.48 2.07 1.72 1.62 1.72 1.86 1.89 1.91 2.01 2.05 2.04 2.06 2.10 2.13 2.16 2.18 2.22 2.34 2.42 2.41
2.33 2.31 2.24 2.17 2.11 2.03 1.98 1.91 1.77 1.61 1.49 1.47 1.63 1.84 1.84 1.62 1.36 1.21 1.20 1.23 1.27 1.29 1.29 1.27 1.25 1.24 1.23 1.22 1.21 1.20 1.19 1.18 1.18 1.16 1.15 1.14 1.12 1.10 1.08 1.05 1.02 0.99 0.95 0.92 0.87 0.82 0.75 0.65 0.50 0.33 0.25 0.52 1.06 1.45 1.62 1.55 1.47 1.56 1.67 1.73 1.80 1.95 2.21 2.46 2.46 2.18 1.80 1.58 1.64 1.82 1.87 1.86 1.94 1.99 1.98 2.03 2.13 2.13 2.12 2.14 2.15 2.26 2.39 2.42
2.39 2.36 2.28 2.21 2.17 2.10 2.02 1.95 1.85 1.73 1.58 1.46 1.49 1.68 1.87 1.88 1.67 1.40 1.23 1.18 1.21 1.25 1.27 1.28 1.27 1.26 1.25 1.23 1.22 1.22 1.22 1.21 1.20 1.19 1.19 1.18 1.16 1.15 1.13 1.11 1.08 1.05 1.02 0.98 0.94 0.90 0.84 0.76 0.64 0.47 0.31 0.43 0.84 1.24 1.40 1.40 1.50 1.62 1.64 1.65 1.69 1.79 1.99 2.24 2.33 2.21 1.89 1.62 1.63 1.80 1.85 1.86 1.89 1.92 1.91 1.96 2.09 2.15 2.15 2.18 2.20 2.26 2.34 2.35
2.45 2.41 2.32 2.23 2.19 2.16 2.12 2.05 1.94 1.81 1.65 1.47 1.39 1.46 1.65 1.87 1.90 1.70 1.44 1.24 1.18 1.20 1.24 1.26 1.27 1.28 1.27 1.25 1.24 1.24 1.24 1.24 1.23 1.23 1.22 1.21 1.20 1.19 1.18 1.16 1.14 1.11 1.08 1.05 1.01 0.97 0.92 0.86 0.77 0.64 0.46 0.45 0.75 1.03 1.15 1.30 1.56 1.66 1.62 1.60 1.60 1.68 1.84 2.01 2.17 2.17 1.93 1.76 1.74 1.79 1.83 1.88 1.89 1.86 1.87 1.95 2.05 2.13 2.17 2.21 2.27 2.32 2.39 2.39
2.59 2.47 2.32 2.23 2.15 2.13 2.14 2.12 2.04 1.92 1.76 1.54 1.38 1.36 1.43 1.66 1.88 1.91 1.72 1.47 1.29 1.23 1.22 1.25 1.28 1.31 1.31 1.28 1.26 1.26 1.27 1.26 1.26 1.26 1.26 1.25 1.24 1.24 1.22 1.21 1.19 1.17 1.14 1.11 1.08 1.04 1.00 0.95 0.88 0.78 0.62 0.54 0.73 0.91 0.94 1.23 1.64 1.71 1.60 1.57 1.54 1.61 1.75 1.85 1.97 1.96 1.71 1.68 1.75 1.78 1.82 1.89 1.92 1.84 1.83 1.95 2.07 2.15 2.20 2.28 2.38 2.43 2.49 2.54
2.81 2.61 2.36 2.26 2.15 2.07 2.06 2.09 2.05 1.98 1.87 1.66 1.43 1.36 1.36 1.44 1.68 1.91 1.94 1.75 1.53 1.35 1.25 1.23 1.26 1.32 1.35 1.33 1.29 1.29 1.29 1.29 1.29 1.29 1.29 1.29 1.28 1.28 1.27 1.26 1.24 1.22 1.20 1.18 1.15 1.12 1.08 1.04 0.98 0.90 0.78 0.67 0.75 0.86 0.80 1.03 1.62 1.80 1.64 1.53 1.42 1.46 1.66 1.81 1.86 1.68 1.49 1.51 1.63 1.72 1.81 1.91 1.94 1.84 1.79 1.91 2.06 2.17 2.27 2.40 2.50 2.53 2.57 2.61
2.96 2.78 2.53 2.37 2.26 2.15 2.08 2.08 2.05 1.95 1.91 1.78 1.48 1.34 1.36 1.36 1.44 1.68 1.91 1.94 1.78 1.58 1.42 1.30 1.24 1.29 1.37 1.37 1.34 1.33 1.32 1.32 1.32 1.33 1.33 1.33 1.32 1.32 1.31 1.31 1.29 1.28 1.26 1.24 1.22 1.19 1.16 1.12 1.07 1.01 0.94 0.83 0.82 0.88 0.77 0.84 1.41 1.79 1.74 1.56 1.29 1.25 1.57 1.91 1.95 1.72 1.51 1.46 1.52 1.61 1.73 1.87 1.94 1.83 1.74 1.81 1.98 2.12 2.22 2.39 2.51 2.53 2.56 2.61
2.90 2.91 2.82 2.58 2.39 2.27 2.17 2.18 2.22 2.08 1.96 1.88 1.63 1.37 1.33 1.39 1.39 1.46 1.68 1.90 1.94 1.83 1.69 1.51 1.34 1.31 1.37 1.38 1.39 1.39 1.36 1.35 1.36 1.36 1.36 1.36 1.36 1.36 1.35 1.35 1.34 1.33 1.32 1.30 1.28 1.26 1.23 1.20 1.17 1.12 1.07 1.00 0.95 0.93 0.85 0.85 1.16 1.59 1.76 1.62 1.23 1.13 1.53 1.93 2.02 1.87 1.64 1.48 1.46 1.53 1.60 1.77 1.90 1.81 1.74 1.74 1.84 1.99 2.11 2.32 2.53 2.59 2.62 2.67
2.48 2.89 3.20 3.00 2.73 2.41 2.19 2.26 2.40 2.32 2.10 1.92 1.79 1.58 1.36 1.35 1.43 1.43 1.48 1.69 1.87 1.93 1.93 1.80 1.58 1.45 1.41 1.40 1.39 1.40 1.39 1.37 1.38 1.39 1.39 1.40 1.40 1.40 1.40 1.39 1.39 1.38 1.37 1.36 1.35 1.33 1.30 1.28 1.25 1.22 1.18 1.14 1.09 1.04 0.99 0.97 1.09 1.31 1.57 1.57 1.17 1.01 1.30 1.69 1.89 1.88 1.75 1.57 1.47 1.48 1.52 1.67 1.81 1.74 1.68 1.69 1.72 1.84 2.03 2.24 2.47 2.58 2.59 2.55
1.83 2.48 3.19 3.37 3.35 2.96 2.44 2.47 2.68 2.58 2.26 1.99 1.86 1.76 1.57 1.42 1.47 1.49 1.44 1.52 1.65 1.77 1.93 1.98 1.87 1.74 1.64 1.54 1.44 1.40 1.38 1.39 1.41 1.42 1.42 1.43 1.44 1.44 1.44 1.44 1.43 1.43 1.43 1.42 1.41 1.39 1.37 1.35 1.33 1.31 1.28 1.25 1.22 1.18 1.15 1.13 1.15 1.20 1.35 1.40 1.09 0.93 1.13 1.39 1.60 1.71 1.72 1.66 1.56 1.52 1.51 1.61 1.71 1.61 1.52 1.56 1.60 1.66 1.81 2.01 2.17 2.30 2.48 2.42
1.49 1.83 2.48 2.93 3.29 3.30 2.88 2.71 3.01 3.02 2.63 2.34 2.21 2.04 1.89 1.74 1.65 1.63 1.53 1.48 1.53 1.61 1.73 1.87 1.91 1.96 2.00 1.85 1.61 1.47 1.39 1.38 1.40 1.43 1.45 1.47 1.47 1.47 1.47 1.48 1.48 1.48 1.48 1.47 1.47 1.45 1.44 1.42 1.41 1.39 1.37 1.34 1.32 1.30 1.28 1.26 1.26 1.25 1.28 1.29 1.12 1.00 1.08 1.20 1.30 1.37 1.48 1.56 1.56 1.55 1.55 1.64 1.68 1.53 1.44 1.46 1.45 1.46 1.53 1.73 1.92 2.10 2.42 2.55
1.88 1.94 2.12 2.36 2.70 2.94 2.66 2.38 2.77 3.09 2.81 2.54 2.50 2.39 2.22 2.07 1.98 1.91 1.75 1.57 1.54 1.59 1.65 1.71 1.67 1.85 2.21 2.21 1.89 1.66 1.52 1.42 1.39 1.42 1.46 1.49 1.50 1.51 1.52 1.52 1.52 1.53 1.52 1.52 1.52 1.51 1.50 1.49 1.48 1.46 1.45 1.43 1.41 1.39 1.38 1.36 1.36 1.35 1.33 1.29 1.21 1.14 1.12 1.13 1.12 1.11 1.20 1.29 1.33 1.38 1.47 1.66 1.68 1.47 1.41 1.44 1.41 1.35 1.34 1.48 1.78 2.09 2.34 2.70
2.48 2.40 2.34 2.42 2.57 2.63 2.36 2.10 2.44 2.82 2.52 2.25 2.27 2.25 2.21 2.11 2.08 2.13 2.05 1.84 1.69 1.66 1.69 1.68 1.49 1.57 2.14 2.45 2.25 1.96 1.77 1.60 1.47 1.42 1.45 1.50 1.52 1.54 1.55 1.56 1.56 1.57 1.57 1.57 1.57 1.57 1.57 1.56 1.55 1.53 1.52 1.50 1.49 1.47 1.46 1.45 1.43 1.42 1.40 1.36 1.31 1.27 1.23 1.17 1.12 1.09 1.08 1.09 1.08 1.06 1.18 1.48 1.58 1.37 1.33 1.41 1.43 1.33 1.27 1.38 1.65 2.03 2.32 2.88
2.95 2.85 2.68 2.59 2.60 2.60 2.43 2.26 2.48 2.65 2.33 2.15 2.11 2.03 2.02 1.95 1.94 2.06 2.11 2.03 1.93 1.86 1.81 1.73 1.49 1.40 1.84 2.40 2.49 2.28 2.05 1.87 1.71 1.53 1.45 1.50 1.53 1.55 1.58 1.60 1.61 1.61 1.62 1.62 1.63 1.62 1.62 1.62 1.61 1.60 1.59 1.58 1.56 1.55 1.53 1.52 1.50 1.49 1.47 1.44 1.40 1.37 1.34 1.28 1.22 1.17 1.11 1.07 0.98 0.89 0.92 1.15 1.34 1.18 1.17 1.26 1.35 1.30 1.23 1.37 1.62 1.94 2.39 3.04
3.42 3.25 2.94 2.73 2.71 2.70 2.58 2.48 2.52 2.46 2.31 2.23 2.13 2.02 1.97 1.89 1.87 1.93 1.97 1.96 1.99 2.01 1.97 1.85 1.58 1.42 1.68 2.15 2.47 2.49 2.28 2.12 2.02 1.80 1.57 1.52 1.54 1.56 1.60 1.63 1.64 1.65 1.66 1.67 1.68 1.68 1.68 1.68 1.67 1.67 1.65 1.64 1.63 1.62 1.60 1.59 1.57 1.55 1.53 1.50 1.48 1.45 1.42 1.38 1.33 1.28 1.21 1.13 1.03 0.95 0.91 0.97 1.02 0.95 0.99 1.08 1.18 1.21 1.17 1.33 1.64 1.99 2.53 3.01
3.93 3.69 3.19 2.85 2.82 2.82 2.69 2.62 2.53 2.37 2.29 2.26 2.16 2.07 2.00 1.92 1.91 1.94 1.90 1.86 1.90 1.97 2.00 1.95 1.71 1.51 1.64 1.97 2.33 2.53 2.43 2.29 2.25 2.10 1.81 1.63 1.61 1.61 1.62 1.65 1.67 1.69 1.71 1.72 1.73 1.74 1.73 1.74 1.73 1.72 1.72 1.70 1.69 1.68 1.67 1.65 1.63 1.61 1.59 1.57 1.54 1.52 1.48 1.45 1.41 1.36 1.30 1.23 1.17 1.09 1.01 0.95 0.87 0.77 0.81 0.95 1.03 1.10 1.12 1.25 1.67 2.16 2.64 2.82
4.44 4.13 3.52 3.06 2.92 2.93 2.80 2.64 2.54 2.39 2.29 2.24 2.16 2.10 2.04 1.95 1.95 1.98 1.93 1.88 1.88 1.92 1.97 1.96 1.79 1.58 1.62 1.86 2.18 2.47 2.50 2.41 2.38 2.31 2.07 1.83 1.72 1.70 1.68 1.66 1.69 1.73 1.75 1.77 1.78 1.79 1.79 1.79 1.79 1.78 1.78 1.76 1.75 1.74 1.72 1.71 1.69 1.67 1.65 1.63 1.60 1.58 1.55 1.52 1.47 1.43 1.37 1.32 1.27 1.21 1.12 1.02 0.89 0.74 0.69 0.81 0.88 0.97 1.07 1.23 1.72 2.28 2.59 2.54
