windninja/windninja_output/Output_2025-08-24_1300-1350_Google earth_Fire_150m_10min/merlingen_7.5mi_point_08-24-2025_1350_150m_ang.asc
ncols	158
nrows	163
xllcorner	391686.332397
yllcorner	5160024.123721
cellsize	150.000000
NODATA_value	-32768.000000
[rows 0 to 47 of 163, columns 0 to 95 of 158]
21 20 18 16 16 18 18 18 18 19 20 20 21 25 31 39 49 51 50 51 41 27 25 29 35 40 40 37 35 37 38 41 44 44 43 48 54 57 57 53 48 47 48 50 51 53 56 54 42 35 33 31 31 32 33 34 34 35 35 34 32 31 31 29 27 26 27 29 31 30 29 28 28 27 26 26 27 29 29 26 26 25 26 28 29 28 25 26 26 24 24 24 23 22 23 25
21 19 16 15 15 18 19 19 20 20 19 17 18 22 28 34 36 34 34 35 30 20 21 27 34 37 36 34 35 38 40 41 42 42 42 46 47 47 46 44 43 43 43 43 43 43 44 42 37 35 35 34 35 36 36 35 34 34 34 33 32 31 30 29 27 26 28 30 31 30 28 27 27 26 25 26 27 29 27 25 25 26 27 28 29 27 23 25 27 25 25 25 24 23 23 24
19 18 15 14 15 17 20 21 19 16 13 13 14 19 24 28 27 24 25 26 23 16 14 23 32 35 33 32 35 39 41 41 40 39 39 40 39 38 38 37 36 36 36 36 35 34 33 33 32 32 33 34 36 37 36 34 32 31 32 32 30 29 28 28 27 27 29 31 31 29 27 26 26 25 25 25 26 27 26 24 23 26 27 27 27 24 20 22 25 25 25 24 22 21 20 20
12 14 15 14 15 16 15 14 12 11 10 11 13 17 21 24 24 23 24 25 24 19 12 16 27 30 30 30 30 32 35 36 37 36 35 35 36 37 36 33 31 30 30 31 30 29 29 30 29 28 28 29 31 33 32 31 31 31 31 31 29 27 27 28 27 27 28 30 32 30 27 26 26 26 26 25 25 27 28 25 22 25 27 25 26 24 18 17 20 21 22 21 18 17 16 15
5 10 14 14 14 13 10 9 9 11 13 13 12 15 18 22 24 25 27 29 28 22 13 10 18 23 25 25 24 25 28 30 31 31 30 31 33 33 31 28 26 25 26 26 27 27 28 28 29 28 29 29 30 31 32 32 32 31 30 30 29 28 27 28 27 26 27 30 32 30 28 28 28 27 27 27 27 28 28 26 23 24 27 24 25 25 18 13 13 15 17 18 15 12 11 9
3 6 11 13 13 11 9 8 10 14 16 14 11 13 17 21 26 29 31 33 31 26 15 6 10 17 21 23 23 23 24 25 26 26 27 27 27 25 24 24 23 23 24 26 27 29 30 29 30 30 30 31 31 32 33 33 31 30 29 29 28 27 27 27 27 26 27 30 31 29 29 29 28 25 25 26 27 27 27 28 27 26 25 24 25 26 20 12 8 9 10 12 11 8 6 6
5 5 7 9 10 10 10 10 13 16 16 13 10 12 17 21 26 29 29 29 29 27 19 6 4 12 19 22 22 21 22 23 25 25 25 24 22 22 22 23 23 24 26 29 30 31 31 31 31 30 30 31 31 32 33 33 31 30 28 27 26 24 24 26 26 26 26 29 30 27 26 27 26 23 22 24 26 26 25 26 28 25 23 23 25 27 24 16 8 3 2 5 7 7 7 7
6 6 5 5 7 10 12 15 16 16 13 10 8 10 16 21 23 26 27 26 27 27 22 11 1 5 13 17 18 20 22 23 25 26 26 24 23 24 25 26 27 29 31 32 33 33 33 32 31 30 30 31 30 31 33 32 30 29 27 24 22 21 22 24 26 26 26 27 28 25 24 25 25 23 22 23 27 28 26 25 28 25 21 21 23 24 23 18 12 3 358 360 4 6 8 7
5 6 6 6 6 10 14 17 16 14 11 7 5 7 14 19 21 23 25 25 26 26 23 16 6 1 7 14 17 20 23 23 25 27 28 27 28 29 31 32 34 35 35 35 34 34 34 34 32 30 30 31 31 32 33 32 28 27 25 24 23 22 22 24 27 28 26 25 25 25 25 27 28 27 25 25 28 29 27 27 28 25 18 16 16 17 17 16 11 5 2 2 3 3 3 3
5 6 7 7 8 10 13 14 13 11 9 5 2 4 11 18 20 20 21 22 23 24 22 18 11 4 3 11 16 17 20 21 22 27 30 31 32 33 35 37 37 37 36 35 35 35 34 34 33 29 31 33 31 32 34 33 29 28 29 29 30 28 25 27 30 29 27 24 24 26 29 30 29 28 27 28 30 29 25 24 25 23 17 12 11 12 12 10 7 6 7 5 2 1 2 3
5 5 6 7 8 9 10 10 10 9 8 6 2 2 8 15 18 17 17 18 20 21 21 18 14 9 5 10 14 15 19 22 24 29 33 34 34 35 36 36 35 36 35 35 38 38 36 37 37 35 36 37 34 35 37 39 38 39 40 40 40 38 34 32 33 32 29 27 26 29 32 31 28 27 28 31 33 28 20 18 20 21 19 13 9 7 7 6 5 7 10 8 4 3 5 6
4 4 5 7 8 8 8 8 9 8 7 6 4 2 5 10 13 15 15 15 17 19 20 19 17 14 12 13 17 19 24 28 29 32 35 37 37 36 35 35 35 37 36 36 38 40 39 43 46 48 50 50 50 52 55 55 54 53 54 54 58 58 53 46 43 40 37 33 29 30 31 30 28 25 25 26 26 22 15 12 15 19 18 14 8 4 5 7 5 6 10 11 8 5 6 8
4 4 5 6 7 7 7 8 8 8 7 7 5 4 4 5 7 11 13 13 14 17 21 22 23 23 21 20 21 23 26 28 29 31 35 38 38 36 35 35 36 37 36 36 39 41 43 48 55 60 63 67 71 75 78 77 71 66 64 68 73 74 75 78 76 65 54 42 29 25 27 28 27 22 17 16 17 17 14 11 13 15 15 13 9 7 8 10 7 6 10 14 11 7 8 12
3 3 4 5 5 6 6 7 7 7 7 7 6 6 5 5 4 4 8 11 13 17 23 28 30 28 25 22 22 23 26 29 29 30 33 36 35 35 36 36 39 41 44 48 52 53 50 49 53 58 63 66 69 74 81 87 84 74 65 63 64 63 61 65 71 76 75 60 26 16 23 26 25 18 12 12 15 17 17 15 13 13 13 13 14 12 12 14 13 9 12 18 19 15 16 21
2 2 3 3 4 5 6 7 7 7 7 6 5 5 6 7 3 0 2 9 15 20 27 31 31 28 23 22 22 24 27 28 28 28 29 31 34 38 41 45 51 57 62 68 67 64 60 50 45 48 51 52 51 54 59 64 64 56 46 46 47 45 41 39 40 45 46 43 25 351 9 20 19 16 14 15 17 21 23 21 15 12 13 17 19 18 18 21 22 20 23 32 36 34 34 36
2 1 2 2 3 4 5 6 6 6 6 5 4 2 2 4 4 3 3 7 14 19 24 28 28 25 20 21 23 22 23 23 23 26 30 37 46 51 55 60 65 64 62 60 55 51 51 48 43 43 42 37 33 34 36 39 40 34 29 34 38 37 34 30 31 33 31 29 25 357 340 4 15 17 17 16 20 25 26 22 16 14 18 23 26 28 31 34 35 34 36 43 45 44 44 43
1 1 1 2 3 3 4 4 5 5 4 4 2 359 357 359 4 7 7 8 11 16 20 24 24 22 19 19 20 18 19 22 27 35 45 55 61 62 59 57 54 47 43 43 41 39 40 39 37 36 35 30 27 28 30 34 35 31 23 27 33 35 33 27 28 32 31 27 24 16 356 347 6 11 12 16 20 22 21 20 19 21 26 31 37 44 48 51 50 40 33 34 35 36 36 37
359 360 0 1 2 2 3 3 3 3 3 3 2 359 355 355 0 6 9 11 12 16 19 20 21 22 20 17 17 19 23 29 37 43 48 49 48 45 41 40 37 35 37 39 38 37 35 32 30 29 29 28 28 30 31 33 34 30 23 24 30 33 31 26 25 29 30 28 25 22 13 1 1 1 2 10 14 18 22 27 31 33 36 41 48 53 55 52 47 35 26 29 31 30 31 32
358 359 359 0 1 1 2 2 2 2 3 2 1 359 356 354 357 4 10 14 15 17 17 18 20 22 21 19 18 24 31 36 37 37 38 38 38 36 34 35 35 36 37 37 36 36 33 28 27 30 30 30 30 31 31 30 30 29 25 25 30 33 31 27 25 27 31 31 27 23 16 8 7 7 2 3 12 27 41 47 49 50 48 43 41 41 40 38 37 32 21 23 28 27 27 28
358 358 358 359 360 0 1 0 1 1 2 1 0 359 357 356 357 3 10 12 13 13 14 15 17 18 19 19 21 25 30 32 34 36 38 39 38 33 30 30 30 30 32 32 32 32 30 27 28 33 34 32 29 27 26 26 27 29 28 28 32 36 34 29 28 29 31 31 25 20 15 11 12 14 10 9 19 39 51 53 51 48 40 32 31 32 33 33 35 32 20 15 22 26 26 25
357 357 357 358 359 359 360 360 360 0 0 360 359 359 358 357 359 3 6 7 7 9 10 11 12 15 17 18 21 23 24 25 29 31 29 28 28 24 21 24 25 27 29 30 30 30 31 30 29 31 33 31 28 25 24 25 27 28 30 31 32 36 36 31 28 28 27 26 22 19 17 16 18 18 14 12 16 25 34 38 37 34 31 27 25 29 32 33 34 31 21 13 19 26 25 22
356 356 356 357 357 358 358 359 359 359 359 358 358 358 357 357 359 1 2 2 3 6 7 7 10 13 15 17 19 20 19 19 21 20 18 18 20 20 20 22 24 27 28 29 30 32 33 30 27 27 30 30 28 26 26 26 27 28 30 32 32 35 36 31 27 25 22 21 21 21 22 22 23 22 16 9 11 19 26 30 31 30 31 28 22 25 28 31 31 28 20 12 16 23 22 18
354 355 355 356 356 356 357 358 358 358 357 357 357 357 356 356 357 358 359 359 1 3 4 5 8 11 13 15 17 17 14 11 12 13 14 17 21 23 24 24 24 26 27 29 32 31 28 26 25 26 30 30 29 29 26 24 25 26 27 31 32 34 35 30 24 19 17 20 23 25 25 25 25 24 16 5 4 13 20 26 29 29 31 29 22 20 22 24 26 24 19 12 15 21 21 18
354 354 354 355 355 355 356 357 357 356 355 355 356 356 355 355 355 355 356 357 358 1 1 3 6 9 11 15 17 16 11 5 6 12 17 21 24 27 26 24 22 23 25 28 29 26 25 26 27 27 30 31 30 29 26 24 25 25 25 28 32 35 36 29 20 17 19 24 29 30 29 28 27 24 16 8 4 8 15 23 28 29 30 30 24 18 15 18 23 25 20 15 17 22 22 20
353 353 353 354 354 355 355 355 354 354 354 353 353 353 353 353 353 353 353 354 356 358 359 1 5 8 12 17 19 14 7 3 4 10 17 22 24 25 24 21 19 20 22 24 25 24 26 29 29 29 30 31 30 28 26 24 25 26 24 26 32 35 34 28 22 22 26 31 35 37 35 31 26 21 17 15 11 7 11 19 25 27 27 28 27 21 14 16 23 25 21 17 18 22 23 21
352 352 352 352 353 354 354 353 352 352 352 352 351 350 351 351 350 350 350 352 353 355 357 359 3 7 12 15 16 13 7 3 1 4 11 17 22 24 22 19 17 17 17 20 24 25 28 30 29 29 30 31 32 30 27 24 24 27 29 29 31 31 29 27 25 25 28 32 36 39 36 29 23 21 18 18 20 15 7 11 17 21 22 24 26 22 16 15 22 24 18 13 17 21 22 21
351 351 351 351 352 353 352 351 350 350 351 350 348 348 348 348 347 347 348 349 350 352 354 356 359 4 8 11 14 14 11 5 359 357 3 11 17 21 21 16 14 14 14 19 23 23 26 29 28 27 28 31 33 31 25 20 23 29 31 29 28 29 29 29 29 29 29 30 33 35 33 28 23 21 16 16 22 23 9 1 8 15 18 20 22 21 17 17 23 23 15 8 12 19 21 21
350 350 350 351 351 351 351 349 348 349 349 348 346 345 345 344 343 344 345 346 347 349 351 353 356 0 3 6 11 14 15 11 4 359 356 1 10 18 20 15 11 12 12 16 19 18 21 25 28 26 24 28 29 28 24 17 19 27 28 25 27 31 33 33 35 34 31 29 31 32 32 29 23 20 15 13 20 26 18 2 1 9 14 16 19 21 20 21 25 25 18 6 5 14 19 19
350 349 350 350 350 350 349 347 347 347 346 345 344 343 342 341 340 341 342 343 345 346 348 350 352 356 358 359 4 11 15 15 10 5 358 355 2 11 15 12 9 10 11 13 14 14 17 22 27 25 20 23 27 27 25 15 13 22 27 27 29 32 33 32 34 34 30 28 30 31 32 29 24 21 16 13 17 27 27 15 2 2 9 14 19 24 25 25 27 28 23 12 3 7 13 15
349 349 349 349 349 348 347 346 345 345 344 342 341 340 339 338 338 338 339 339 342 343 345 347 349 351 350 351 357 5 11 14 14 8 358 355 358 6 10 8 6 8 9 12 12 12 15 18 22 20 17 20 24 27 26 17 11 20 30 34 35 36 36 35 34 34 28 26 31 34 33 30 28 25 19 14 17 27 33 27 10 359 4 15 24 28 27 25 26 27 26 20 8 2 6 10
349 348 349 349 348 346 345 345 344 342 341 339 338 337 336 335 335 335 336 337 339 340 342 344 345 344 344 345 352 360 7 13 12 6 358 355 358 2 6 5 5 6 9 12 13 12 13 14 17 19 18 20 25 30 29 22 18 24 34 42 42 39 40 41 40 35 27 26 36 40 39 36 33 27 17 13 15 24 32 32 19 4 4 14 21 22 21 21 23 26 28 27 20 10 4 5
348 348 349 349 346 344 345 344 341 340 338 336 335 334 333 332 332 332 332 334 336 337 339 342 342 341 341 343 350 359 6 7 5 3 360 356 357 360 3 5 6 8 11 15 15 14 14 15 19 24 25 26 30 35 34 26 25 31 40 48 45 36 36 40 43 37 25 26 38 45 42 36 31 22 13 12 15 21 29 32 26 13 8 12 17 19 20 23 28 31 32 33 31 25 13 3
347 348 348 347 344 343 344 342 339 337 336 334 332 331 331 330 330 330 330 331 333 334 337 339 339 339 339 342 349 355 358 359 1 5 3 356 354 358 2 7 11 12 14 17 17 17 19 22 26 30 32 33 34 37 36 28 26 33 41 49 47 35 29 35 41 38 24 22 36 43 37 27 22 15 11 11 13 18 26 32 29 22 18 16 18 22 26 30 34 36 37 37 36 31 20 5
347 348 348 345 342 342 342 340 337 334 333 331 330 329 329 329 329 329 329 330 331 332 334 336 337 337 338 340 344 346 349 354 360 8 8 355 350 358 5 10 13 14 17 19 20 22 25 29 31 33 35 35 37 39 38 32 28 33 41 46 44 30 21 28 38 39 29 22 33 38 31 22 20 16 11 9 10 13 21 29 31 27 25 21 17 21 26 27 28 32 34 35 33 28 18 6
348 348 348 344 341 341 341 339 334 332 330 328 327 327 327 327 327 327 328 329 330 331 332 333 334 336 337 338 338 339 341 348 357 5 8 360 352 359 8 12 15 18 21 24 26 30 32 34 35 37 38 39 41 41 41 39 36 36 42 47 44 31 16 22 36 40 37 28 30 33 29 25 24 19 14 9 8 10 17 27 30 28 27 27 21 18 24 26 24 26 29 28 25 21 15 8
348 348 347 343 342 341 340 337 333 330 329 327 326 325 325 325 326 326 327 328 329 330 331 330 331 333 335 337 337 337 337 343 351 358 5 6 1 2 11 16 20 24 27 28 31 34 33 33 35 35 37 39 39 39 38 38 39 40 45 50 49 37 18 17 31 39 39 34 29 30 30 31 30 25 18 11 9 14 21 28 30 29 30 33 31 20 20 24 23 21 22 21 21 22 18 9
348 347 345 342 341 341 338 335 332 329 327 326 325 325 325 324 325 326 326 327 329 329 330 330 330 331 333 336 338 336 334 339 345 352 2 10 9 10 18 24 26 28 28 28 31 32 29 30 33 34 35 35 34 34 33 34 36 39 42 48 50 42 24 16 25 35 39 37 33 31 34 39 38 28 19 14 12 19 27 29 28 30 33 37 38 27 14 19 21 16 16 18 21 23 17 8
348 346 344 342 341 340 337 334 331 328 326 326 326 325 324 325 325 326 326 327 328 329 330 331 331 332 333 337 338 334 333 337 341 350 3 10 13 20 26 28 26 26 26 27 29 29 27 28 31 33 34 31 30 33 34 32 32 35 38 42 46 42 29 18 20 34 42 43 38 34 34 37 34 23 17 18 14 14 25 29 26 27 32 35 37 32 15 12 17 15 13 16 19 18 15 12
347 345 344 342 341 339 336 333 331 328 327 327 326 325 324 325 325 326 327 328 329 330 331 331 332 332 334 336 335 332 332 335 339 349 2 9 16 25 28 25 23 23 23 23 26 26 24 24 25 28 29 26 25 30 33 28 26 29 32 35 37 36 31 23 20 33 46 49 43 35 31 28 24 20 19 20 12 6 20 29 26 23 27 30 35 33 20 10 12 15 15 16 17 17 18 20
346 344 343 343 341 339 336 333 331 329 328 328 327 326 325 326 326 327 327 328 329 330 331 332 332 333 333 332 330 328 330 332 338 347 360 9 14 20 23 23 23 23 21 19 21 24 24 21 21 25 29 25 20 22 26 22 18 20 25 28 29 32 33 31 25 32 47 51 43 33 27 25 25 24 21 20 11 1 11 25 26 24 27 30 36 35 24 11 8 13 16 17 19 21 23 21
347 344 344 344 342 341 337 334 332 331 330 329 328 327 327 328 328 328 328 329 330 331 332 333 333 334 332 330 328 328 329 330 335 344 358 7 9 13 18 21 22 21 19 17 19 23 23 19 18 23 29 24 14 14 21 21 17 17 23 28 30 33 37 38 31 32 45 48 39 31 28 31 33 26 20 17 9 1 5 20 25 26 28 31 35 33 22 12 9 12 15 18 24 28 26 21
352 348 348 347 345 342 339 336 334 333 333 331 330 329 329 330 330 330 330 331 331 333 334 334 335 335 334 332 331 331 331 333 335 343 354 1 5 10 14 16 16 17 17 18 17 17 17 17 16 20 26 24 14 11 20 26 23 22 29 36 37 35 37 39 36 34 40 41 34 29 30 33 31 19 14 14 9 2 5 17 25 25 26 28 28 24 19 15 14 13 13 19 29 32 26 18
357 355 354 352 349 345 342 340 338 337 335 334 332 332 331 331 332 332 332 332 333 334 336 336 337 337 336 335 334 334 335 338 340 343 348 354 1 6 6 7 11 15 18 17 15 13 16 20 20 23 29 29 21 17 24 31 32 32 38 43 42 37 36 37 36 35 33 32 29 27 28 28 24 14 10 12 9 5 7 17 23 24 26 26 22 20 20 22 20 17 15 19 27 28 22 14
3 2 0 357 353 349 346 344 341 340 338 337 335 334 334 334 334 334 334 334 335 337 337 338 339 339 339 338 337 336 338 342 344 344 344 347 353 359 0 3 11 18 20 18 17 18 22 26 28 29 33 32 25 22 27 33 35 37 40 45 44 40 37 36 35 34 28 26 26 23 22 23 20 14 12 13 11 9 11 17 21 23 23 21 20 22 26 28 26 22 19 19 22 25 22 17
9 8 6 1 357 353 351 348 345 343 342 340 338 337 337 336 336 336 336 337 338 339 340 341 342 342 342 342 341 341 342 344 345 344 342 342 346 352 358 5 13 19 21 20 21 24 28 29 30 29 29 30 26 24 29 34 37 38 41 43 42 41 39 36 35 33 29 25 23 21 20 22 22 19 18 18 15 13 16 20 21 20 18 20 24 29 30 31 31 28 24 21 21 24 25 24
15 14 10 5 1 358 355 352 349 347 345 343 342 341 340 340 339 339 339 340 341 342 343 344 344 345 345 345 346 346 346 347 348 346 343 341 342 349 358 4 11 18 23 23 22 25 29 29 28 27 29 31 31 30 33 38 39 40 41 40 39 38 35 32 33 32 31 28 23 22 24 27 28 27 26 24 19 16 19 20 18 16 19 27 33 33 31 32 33 33 29 23 21 25 28 27
21 18 13 9 7 3 359 356 354 351 349 347 345 344 343 343 342 342 343 343 344 345 346 347 347 348 349 350 350 350 349 350 350 348 345 344 344 349 355 0 7 17 24 25 23 26 28 29 28 28 31 33 34 35 37 39 41 42 41 37 34 34 32 30 31 33 32 31 26 25 29 31 33 34 31 28 21 17 18 19 19 22 29 36 36 33 31 31 32 34 31 25 23 27 30 29
24 21 17 16 13 8 3 360 357 355 352 351 349 348 347 346 346 346 346 347 348 349 349 350 351 352 353 354 354 354 353 354 354 351 347 348 349 350 352 357 6 16 23 24 24 27 29 31 31 29 31 34 35 37 37 38 41 41 40 33 29 32 34 34 36 37 34 32 29 27 29 32 35 36 34 30 25 20 20 24 29 33 37 36 34 32 30 30 31 32 30 27 26 28 31 30
