windninja/windninja_output/Output_2025-08-24_1300-1350_Google earth_Fire_150m_10min/merlingen_7.5mi_point_08-24-2025_1330_150m_ang.asc
ncols	158
nrows	163
xllcorner	391686.332397
yllcorner	5160024.123721
cellsize	150.000000
NODATA_value	-32768.000000
[rows 0 to 50 of 163, columns 0 to 95 of 158]
21 20 18 16 16 17 18 17 17 18 19 19 19 23 28 36 44 46 45 46 37 25 24 27 33 37 38 34 34 36 37 40 43 44 43 49 55 58 60 56 52 51 53 55 57 59 64 63 52 45 42 41 41 42 43 44 45 46 48 47 45 44 44 42 40 38 39 43 46 47 46 44 44 42 42 42 44 46 48 46 44 43 44 47 49 48 44 44 45 43 42 42 41 40 40 42
21 19 16 14 15 17 19 19 19 19 18 16 17 20 26 31 34 31 31 32 27 19 19 26 32 35 34 32 34 37 39 41 42 42 43 47 49 49 49 48 47 48 48 49 50 50 52 51 48 46 45 44 45 46 46 46 45 45 46 46 45 44 43 42 40 39 41 44 46 46 44 43 43 42 42 42 43 45 46 44 43 43 45 47 48 47 43 43 45 44 44 44 43 42 40 41
18 17 14 13 15 17 19 20 18 15 12 12 13 17 23 27 26 23 23 24 22 15 13 22 31 34 32 32 34 38 40 41 40 40 41 42 41 41 41 41 41 41 42 42 42 41 41 41 41 42 44 45 46 48 47 45 44 43 44 44 43 42 42 41 40 41 43 45 47 45 43 42 42 42 42 42 42 44 44 42 40 42 45 45 45 44 39 40 42 43 45 44 42 41 39 39
11 13 14 13 14 15 15 14 12 10 9 10 12 16 20 24 23 22 23 25 23 18 12 16 26 30 30 30 30 32 35 37 38 38 37 37 38 40 40 38 36 35 36 38 37 37 37 38 37 37 37 38 41 42 43 42 43 44 44 43 42 40 40 41 41 41 42 45 47 45 42 42 43 44 44 42 42 44 45 41 37 40 43 42 44 44 36 34 36 37 39 40 38 36 36 35
3 8 13 13 13 12 9 8 8 10 12 11 11 14 18 22 24 25 26 28 27 22 14 10 18 24 25 25 25 26 29 31 33 33 33 34 36 36 35 33 31 31 32 33 34 35 36 36 36 37 37 38 39 41 42 43 44 44 43 43 42 41 40 41 41 41 42 45 47 45 43 44 45 44 43 44 45 47 46 42 39 41 43 41 43 45 37 31 31 31 33 35 33 30 29 27
0 3 9 12 12 10 8 7 9 13 15 13 10 13 17 21 26 29 30 32 31 26 16 7 11 18 22 24 24 24 25 27 28 29 29 30 31 30 29 29 28 29 31 33 34 36 37 37 38 38 38 39 41 42 43 44 43 43 42 42 41 40 40 40 41 40 41 45 46 43 42 44 45 42 41 42 45 46 45 43 42 44 44 43 43 45 41 34 32 30 29 30 28 25 23 24
3 2 4 8 9 9 9 9 12 15 14 12 9 11 17 22 26 29 29 29 30 28 20 7 7 14 21 24 24 23 24 26 27 28 28 27 26 26 27 28 29 31 33 36 38 39 39 39 39 38 38 39 40 41 43 44 43 42 41 40 39 37 37 38 40 40 41 44 45 41 39 41 42 39 37 39 42 43 40 40 43 43 42 43 44 46 45 40 37 32 30 30 29 27 26 27
4 3 3 3 6 8 11 13 15 14 12 9 7 10 17 21 24 27 27 27 27 27 23 13 4 8 16 20 21 23 25 26 28 29 29 28 27 28 30 32 33 35 37 39 41 41 41 41 40 39 39 40 39 40 43 43 42 42 40 38 36 34 34 36 38 39 40 42 43 39 38 40 40 38 37 39 42 43 39 39 44 44 40 40 41 43 42 40 38 35 33 35 36 35 33 32
3 3 4 3 4 8 12 15 15 12 9 6 4 7 14 20 22 23 25 26 27 27 24 18 8 4 10 17 20 23 26 27 28 31 32 32 33 34 36 38 40 41 42 42 42 42 42 42 41 38 39 41 40 41 44 43 41 40 39 38 37 36 35 36 39 40 41 41 40 39 39 43 43 41 39 40 44 43 39 41 47 46 39 35 35 35 36 35 31 27 25 27 30 29 28 30
2 3 4 5 6 8 11 13 12 10 8 5 2 4 12 19 21 21 22 23 25 25 24 19 14 6 6 15 19 21 25 26 27 31 35 36 37 38 40 42 43 43 43 42 43 43 43 43 42 38 41 43 41 42 45 45 42 42 42 43 44 43 41 41 44 44 42 40 38 39 43 45 45 43 42 42 45 43 38 39 43 43 39 34 34 33 32 31 26 23 24 24 24 23 25 32
2 2 4 5 6 8 9 9 9 8 7 5 2 2 9 16 19 19 19 20 22 23 23 20 16 11 8 13 18 20 24 28 29 34 38 39 39 40 41 41 41 42 42 43 45 46 45 45 46 44 47 47 45 47 50 51 51 52 53 52 53 53 50 50 53 51 47 44 40 42 46 46 44 42 42 44 47 45 37 36 38 39 38 35 35 33 32 33 29 25 29 30 27 25 29 36
2 2 3 5 6 6 7 8 8 8 7 6 4 2 6 12 15 17 17 18 20 21 23 22 19 17 15 17 21 24 29 33 34 37 41 42 42 42 41 41 41 43 43 43 45 47 48 51 54 56 61 61 61 64 66 66 65 64 64 64 68 69 69 69 68 64 59 52 45 45 46 45 43 39 38 39 40 38 34 32 34 36 36 33 31 28 30 36 31 25 32 37 34 29 33 38
1 1 2 4 5 5 6 7 8 7 7 7 5 5 6 8 10 14 16 17 17 20 24 25 25 25 24 23 25 28 31 34 35 37 40 43 44 42 42 41 43 44 43 43 46 48 49 54 61 66 71 74 78 81 83 83 78 73 70 73 78 80 84 92 93 86 77 66 52 47 46 45 43 37 32 31 32 33 31 29 31 34 34 33 31 28 31 36 30 24 32 40 38 33 39 45
0 1 1 3 4 4 6 7 7 7 7 7 6 7 7 9 9 9 13 16 17 21 26 31 32 31 28 26 26 28 32 35 36 37 39 41 42 42 43 43 45 48 50 54 57 58 55 53 58 64 69 72 75 79 85 90 88 79 70 68 71 73 75 82 89 92 91 89 78 57 48 46 44 37 30 30 34 36 35 33 33 34 34 36 36 33 35 39 36 30 36 46 46 43 50 55
0 0 1 2 3 4 5 6 7 7 7 7 6 6 8 10 9 6 8 15 20 25 30 34 34 31 27 26 27 29 33 35 35 35 36 38 41 44 47 51 57 61 65 70 70 67 64 56 51 53 57 59 59 63 67 72 74 67 57 56 59 59 58 57 59 67 73 80 91 89 57 49 45 39 35 37 41 43 44 43 41 39 39 42 42 41 43 45 43 41 50 59 61 60 64 67
359 359 0 1 2 3 4 5 6 6 6 6 5 3 4 8 9 9 9 13 20 24 28 31 31 29 25 25 28 28 29 29 29 32 36 43 51 56 59 63 68 67 65 64 61 57 57 56 51 49 48 45 41 43 45 47 49 45 41 47 51 52 50 45 45 50 53 57 63 71 71 59 52 45 41 41 44 47 49 49 46 44 47 49 49 50 53 55 53 52 58 65 65 65 68 71
358 359 359 0 2 3 3 4 5 5 5 5 4 1 360 3 9 12 12 13 17 21 25 27 28 27 24 24 25 24 25 29 32 40 50 58 64 65 62 61 58 53 49 49 47 46 47 46 46 46 43 38 35 37 39 41 43 39 34 40 47 49 48 42 42 47 49 49 50 48 51 69 67 54 44 43 43 45 47 48 46 47 52 55 58 62 63 64 65 61 55 56 57 58 60 63
358 358 359 360 1 2 3 4 4 4 5 5 4 2 359 0 7 12 15 16 18 21 24 25 26 27 26 23 23 26 30 35 41 47 51 53 53 51 47 45 43 42 44 46 45 44 43 39 38 38 39 38 37 38 40 41 42 38 33 36 44 47 44 40 40 45 48 48 46 46 44 43 53 56 48 44 42 45 51 53 53 56 58 59 62 65 66 64 65 64 57 54 52 53 53 55
357 357 358 359 0 1 2 2 3 4 5 5 4 2 0 0 5 12 17 20 22 23 23 25 27 29 28 26 26 31 37 41 42 42 43 44 44 42 40 41 42 42 44 44 43 43 41 36 36 39 40 40 40 40 39 39 39 38 36 37 42 45 43 40 40 44 48 47 45 45 40 33 36 44 44 46 52 60 65 65 66 68 65 60 57 56 56 56 59 60 56 53 53 52 50 49
356 357 357 358 360 1 1 2 2 3 4 5 4 3 2 2 6 12 18 20 21 21 21 23 25 26 26 27 29 32 36 38 39 41 44 45 44 40 37 37 37 37 38 39 39 39 38 36 37 42 43 42 40 38 36 36 36 38 39 39 43 47 46 43 43 46 48 47 43 41 36 30 33 37 36 38 51 64 69 68 68 67 62 55 51 50 50 51 55 57 51 44 50 52 51 48
356 356 356 358 359 360 1 1 2 3 3 4 4 4 4 4 7 11 14 15 16 17 18 19 21 23 25 26 28 30 30 32 35 37 36 35 34 30 28 30 31 33 35 37 37 37 39 38 37 40 42 41 39 36 36 36 37 38 40 41 43 47 48 45 44 46 45 43 41 39 35 33 36 39 36 31 34 44 52 57 58 57 54 51 48 50 51 51 55 56 49 38 45 51 51 49
355 355 356 357 358 359 360 1 2 2 2 3 4 4 4 5 7 10 11 11 13 15 16 16 19 22 23 25 27 27 26 26 27 27 25 25 27 27 26 28 30 32 34 35 37 39 40 38 35 36 39 39 38 37 37 38 38 39 40 41 41 45 48 45 43 43 40 40 41 39 37 36 39 43 39 27 25 34 41 47 50 51 52 50 45 46 48 50 54 53 45 33 38 47 48 46
354 354 356 356 357 358 359 0 1 2 1 2 3 3 4 5 6 7 9 9 11 13 14 15 17 20 21 23 25 25 22 19 20 21 22 25 28 30 30 30 30 31 33 35 39 39 36 34 33 34 38 39 39 39 37 36 37 38 38 40 41 45 48 45 41 38 36 38 40 39 37 38 41 44 38 23 18 28 36 41 44 45 48 49 44 43 43 45 50 49 42 29 33 44 47 45
354 354 355 356 356 357 359 360 1 1 0 1 3 3 3 4 4 5 6 7 9 11 12 13 16 18 21 24 26 25 19 14 16 21 25 30 32 34 33 30 29 30 31 35 36 33 32 33 34 35 38 39 39 39 37 35 37 37 35 37 41 46 49 46 41 37 36 40 42 41 40 40 44 44 36 24 18 25 33 39 42 42 44 46 44 42 40 44 48 49 41 29 34 45 47 46
353 353 354 355 356 357 358 359 359 359 360 0 1 2 3 3 3 4 5 6 7 9 10 11 14 18 21 26 29 25 18 14 15 21 26 30 32 33 32 29 27 27 28 30 32 31 32 35 36 36 38 39 39 38 36 35 36 37 35 37 42 47 49 47 43 41 42 44 45 46 46 45 46 42 35 28 26 29 34 37 40 40 40 41 43 43 41 46 51 51 40 29 35 45 47 47
353 353 353 354 355 357 358 358 358 358 359 360 360 0 1 2 2 2 3 4 5 7 8 10 13 16 20 25 27 24 19 15 13 15 21 26 29 31 30 27 24 24 24 28 31 31 34 36 35 36 37 40 41 40 38 34 34 36 38 40 44 48 48 45 41 39 40 42 44 48 49 49 47 41 33 29 34 38 33 33 36 37 35 37 39 39 36 40 49 50 37 26 33 41 44 45
352 352 353 354 355 356 357 357 357 358 359 359 359 359 360 0 0 1 1 3 4 5 6 8 10 13 16 21 24 24 21 17 13 10 14 20 24 29 28 23 21 21 21 26 30 29 31 34 34 34 35 39 41 41 37 30 31 37 40 40 44 50 49 45 41 40 38 37 41 45 49 50 46 39 29 25 35 42 36 27 33 35 34 34 37 37 32 34 44 46 35 22 28 37 41 42
352 352 353 353 354 355 356 355 356 357 358 358 358 358 358 358 358 359 360 1 2 3 4 5 7 10 12 16 20 22 23 21 17 11 9 13 19 26 27 22 18 19 19 23 25 23 26 30 33 33 31 34 37 37 34 25 26 33 37 38 44 51 52 48 46 43 38 36 40 45 50 50 43 36 26 21 32 42 40 29 30 34 35 36 38 38 34 35 42 44 37 24 24 34 38 39
351 351 352 353 354 354 355 354 355 357 357 357 357 357 356 356 356 357 358 359 360 0 1 2 4 6 7 8 13 18 22 23 19 15 9 4 10 19 23 19 15 16 17 19 20 19 22 27 32 31 26 30 34 35 34 22 18 29 37 41 46 49 48 44 44 43 37 36 42 47 50 47 40 34 26 22 32 45 46 40 33 31 35 40 44 44 41 41 44 45 40 31 26 32 36 36
351 351 352 353 353 353 353 354 355 355 356 356 355 355 354 354 354 355 355 356 357 358 359 360 0 0 359 1 6 13 18 21 21 16 6 0 4 12 16 14 12 13 14 17 17 17 20 23 27 26 22 26 31 34 33 22 16 28 41 49 52 51 47 44 43 42 36 36 46 52 53 47 40 36 29 25 32 44 50 50 41 31 36 45 50 49 47 46 45 44 42 38 33 33 38 38
351 351 352 353 353 352 353 354 354 354 354 354 354 353 353 352 352 353 353 354 355 356 357 358 357 355 353 356 2 9 16 20 19 13 4 360 2 8 12 11 10 12 13 17 18 17 19 20 23 24 24 26 31 36 35 26 24 34 46 55 56 52 49 48 48 45 37 38 51 59 58 51 46 39 28 25 29 39 48 51 45 33 35 45 47 45 44 44 44 44 43 43 43 45 50 50
351 351 352 353 352 352 353 353 353 353 353 352 352 352 351 351 351 350 351 352 353 353 354 356 354 352 351 353 0 9 16 16 14 11 6 1 2 6 9 11 12 14 16 20 21 19 21 23 27 31 32 34 36 41 39 30 30 40 52 59 57 46 43 47 51 48 38 40 54 61 58 51 46 37 26 24 27 35 44 49 45 35 35 43 47 48 47 48 49 49 49 49 50 54 60 61
350 351 352 352 351 351 353 353 352 352 351 351 350 350 349 349 349 349 349 350 350 350 352 353 351 350 350 352 358 4 7 7 9 13 11 1 0 5 9 14 18 18 21 24 24 24 27 31 34 38 40 41 42 44 42 33 32 41 51 59 57 43 35 41 49 49 39 38 52 57 52 43 40 32 24 23 24 31 41 47 45 37 38 44 49 53 55 54 54 54 55 54 53 55 57 54
351 351 352 351 350 351 352 352 351 350 349 349 348 348 348 348 348 348 348 348 348 348 349 350 350 349 348 349 352 355 358 3 8 16 16 1 356 5 12 17 20 21 23 26 27 30 34 37 39 42 43 44 45 46 44 38 36 41 49 54 53 39 27 35 46 49 44 41 50 53 46 38 37 30 23 21 21 27 36 43 42 39 41 44 44 45 50 50 49 50 51 53 55 56 53 44
351 352 353 351 350 351 352 351 350 348 348 347 346 346 346 347 347 346 346 347 347 347 347 346 347 348 347 347 347 348 352 360 7 14 15 6 358 5 15 18 22 25 28 31 34 38 40 41 43 45 46 47 49 49 48 47 45 46 51 53 51 39 23 30 44 49 48 47 52 53 45 40 38 32 26 23 22 26 34 39 40 38 40 44 43 40 44 46 44 44 46 48 51 54 52 44
352 352 352 351 351 351 352 351 349 347 346 345 345 345 345 345 345 345 345 345 346 346 345 344 344 345 346 347 346 346 348 354 1 7 12 12 7 9 18 22 27 31 34 35 37 41 41 41 42 43 44 46 47 46 46 47 48 50 54 57 56 45 27 26 40 47 49 49 53 54 48 45 43 38 32 27 25 33 41 44 42 39 41 46 47 41 41 43 41 40 42 44 48 53 54 47
352 352 351 350 351 352 351 349 348 347 345 344 344 344 344 343 343 344 344 344 345 345 345 344 343 343 344 347 348 346 343 348 355 2 11 16 15 16 24 30 33 34 35 35 37 39 36 37 40 41 42 42 41 41 41 42 44 47 51 56 57 50 34 26 35 44 49 51 52 51 49 52 51 44 35 29 28 34 44 49 46 43 44 47 51 48 38 39 39 37 39 43 48 52 51 41
353 352 351 350 352 352 350 348 347 345 344 344 344 343 343 343 343 343 344 344 344 344 345 344 344 343 344 346 347 343 342 345 351 0 13 18 19 25 32 34 33 33 33 33 35 36 33 34 37 40 41 39 37 40 41 40 40 43 45 50 53 50 39 28 31 44 53 55 53 47 46 50 50 41 32 31 28 27 39 46 44 42 43 45 49 49 36 32 38 38 38 42 47 51 48 39
352 352 351 352 352 351 350 348 346 344 344 344 344 343 342 342 342 343 343 344 344 344 345 344 344 343 344 344 342 340 341 344 350 0 12 17 22 31 34 31 29 29 29 29 32 32 30 29 30 34 36 33 32 37 40 37 34 36 39 42 44 43 39 31 31 45 58 61 54 45 42 43 41 35 30 33 28 17 32 42 39 37 40 43 49 49 38 28 33 37 38 42 51 55 51 43
353 352 352 352 352 351 349 347 345 344 344 344 344 343 342 342 342 343 343 343 344 344 345 345 344 343 342 340 337 337 340 343 349 359 10 17 21 25 28 29 29 29 27 25 27 29 29 27 26 31 35 31 26 28 32 29 25 27 32 35 36 37 39 37 34 43 59 62 53 44 42 42 41 35 31 34 27 9 21 36 36 35 40 46 53 52 42 29 28 35 37 43 54 58 52 46
355 353 353 353 353 352 350 347 345 345 345 344 344 343 343 343 343 343 343 344 344 345 345 345 345 344 342 338 336 338 339 341 346 356 9 15 16 19 24 26 27 26 24 22 24 28 28 24 23 28 35 31 21 20 27 28 23 24 31 35 36 38 41 43 39 43 56 58 50 45 45 47 46 36 31 34 24 6 13 30 34 34 39 46 52 52 44 31 28 33 35 44 54 58 54 48
359 357 356 356 355 353 350 348 347 346 346 345 344 344 344 344 344 344 344 344 344 345 346 346 346 345 343 341 340 340 341 343 346 354 4 9 13 17 20 21 21 21 21 22 22 21 22 21 20 25 32 31 21 19 28 33 30 30 37 43 42 40 42 44 43 44 51 52 46 43 43 45 43 31 28 33 22 7 11 27 34 34 37 42 45 45 38 31 31 33 36 44 52 56 55 47
4 2 1 360 357 354 352 350 349 348 347 346 345 345 345 345 345 345 345 345 345 346 347 347 347 347 346 344 343 342 345 348 350 352 357 1 8 12 11 12 16 20 22 22 19 18 20 24 25 28 36 37 29 25 32 39 39 39 45 49 48 43 43 43 43 44 45 44 41 37 37 38 36 27 27 30 19 8 12 25 33 35 39 42 42 39 34 34 36 37 39 44 49 52 49 38
8 7 6 3 360 357 355 353 351 350 349 348 347 346 346 346 346 346 346 346 347 348 348 349 349 349 348 347 345 344 347 351 352 352 351 354 360 4 5 8 16 23 24 23 21 22 27 31 33 36 41 40 32 28 34 40 42 43 46 50 51 48 47 45 44 44 41 39 36 31 29 32 31 25 25 26 18 11 15 25 32 36 39 42 41 38 36 39 41 41 42 43 48 53 48 37
13 12 10 6 2 360 358 356 354 353 351 350 349 348 348 348 348 347 347 348 349 349 350 350 351 351 350 350 349 349 350 352 353 351 349 348 352 358 4 11 19 25 26 26 26 29 33 35 36 36 37 36 32 30 35 40 42 44 46 49 50 50 49 48 49 47 43 39 33 28 28 31 31 29 28 27 19 15 20 28 34 36 39 42 42 40 39 42 45 46 46 46 53 57 50 42
18 17 13 9 6 4 1 359 357 355 353 352 351 350 350 350 349 349 349 350 351 351 352 352 352 353 352 353 353 353 353 354 354 352 349 347 348 356 5 11 17 23 28 29 27 30 33 35 35 34 35 37 36 35 38 43 44 46 48 48 48 48 47 47 50 49 46 41 34 32 34 37 38 37 35 31 22 18 24 30 33 36 42 46 45 42 42 44 47 49 49 51 57 57 51 44
22 19 15 12 10 7 4 2 360 358 356 354 353 353 352 351 351 351 351 352 352 353 354 354 354 355 355 356 356 356 355 356 356 354 351 350 351 355 2 7 14 23 30 30 28 31 34 35 35 35 37 38 39 40 42 44 46 48 49 47 44 45 46 46 49 49 47 43 37 36 41 42 44 42 39 33 24 19 24 31 36 42 48 50 47 44 44 45 46 49 51 54 57 55 51 46
25 22 18 17 15 11 7 4 2 0 358 357 356 355 354 353 353 353 353 354 355 355 356 356 357 357 358 359 359 359 358 359 359 356 353 354 356 356 358 4 13 23 29 29 28 32 35 38 37 35 37 38 39 41 41 43 46 49 50 45 42 45 49 50 52 52 48 45 40 38 41 44 46 44 40 35 28 24 29 38 46 50 51 49 46 45 45 45 46 48 50 53 54 51 49 46
27 25 23 21 19 15 10 6 4 3 1 359 359 358 356 356 356 356 356 357 357 358 358 359 359 360 1 1 2 2 2 3 3 1 357 357 358 359 359 4 13 21 26 27 29 33 37 38 37 34 35 38 42 44 42 43 47 49 47 42 40 48 54 56 57 55 50 45 41 40 43 44 45 44 40 36 32 31 36 44 49 50 49 46 43 42 43 43 44 46 48 51 52 49 48 46
30 28 27 26 23 18 13 9 6 5 3 2 1 0 359 358 358 358 358 359 360 360 0 1 2 3 3 4 5 5 6 6 6 5 3 1 1 2 4 7 15 22 24 24 29 37 40 39 36 33 33 38 42 43 42 45 49 49 46 40 41 49 56 59 59 55 50 45 42 42 43 44 44 42 39 36 33 33 37 42 46 47 45 43 41 41 40 40 42 44 46 50 51 50 49 49
34 32 30 29 24 20 17 13 8 7 6 5 4 2 2 1 1 1 1 2 2 2 3 4 5 6 6 7 8 8 9 10 10 10 8 5 4 6 8 12 17 21 21 22 31 41 43 40 38 36 36 41 42 40 40 45 49 49 45 42 45 52 59 63 61 54 49 45 43 44 45 45 43 41 38 36 33 33 37 42 45 46 44 42 41 41 39 40 42 45 46 49 50 51 51 50
