windninja/windninja_output/Output_2025-08-24_1300-1350_Google earth_Fire_150m_10min/merlingen_7.5mi_point_08-24-2025_1350_150m_vel.asc
ncols	158
nrows	163
xllcorner	391686.332397
yllcorner	5160024.123721
cellsize	150.000000
NODATA_value	-32768.000000
[rows 76 to 113 of 163, columns 0 to 83 of 158]
5.10 4.88 4.36 3.80 3.59 3.61 3.41 3.17 3.04 2.89 2.77 2.67 2.56 2.53 2.46 2.33 2.30 2.34 2.28 2.22 2.22 2.22 2.23 2.24 2.08 1.83 1.88 2.08 2.25 2.54 2.75 2.76 2.69 2.68 2.53 2.24 2.07 2.00 1.93 1.87 1.87 1.90 1.94 1.96 1.97 1.97 1.97 1.97 1.95 1.94 1.92 1.90 1.88 1.85 1.83 1.80 1.78 1.75 1.72 1.69 1.66 1.63 1.60 1.56 1.51 1.47 1.41 1.36 1.31 1.25 1.18 1.11 1.01 0.87 0.76 0.79 0.92 1.13 1.38 1.62 1.84 2.08 2.38 2.45
5.33 5.14 4.76 4.34 4.04 3.83 3.49 3.24 3.13 2.98 2.85 2.70 2.61 2.61 2.54 2.40 2.37 2.39 2.33 2.29 2.30 2.29 2.30 2.27 2.10 1.94 2.08 2.22 2.21 2.33 2.64 2.87 2.83 2.80 2.81 2.50 2.25 2.16 2.03 1.95 1.90 1.93 1.99 2.02 2.04 2.04 2.05 2.04 2.03 2.02 1.99 1.97 1.94 1.92 1.89 1.86 1.84 1.81 1.78 1.76 1.72 1.69 1.66 1.62 1.58 1.54 1.49 1.44 1.39 1.33 1.27 1.19 1.11 1.00 0.86 0.77 0.77 0.88 1.09 1.44 1.76 1.95 2.24 2.43
5.51 4.98 4.83 5.21 4.85 4.14 3.63 3.39 3.30 3.11 2.85 2.69 2.65 2.65 2.61 2.50 2.46 2.44 2.35 2.34 2.37 2.37 2.39 2.28 2.01 2.04 2.35 2.41 2.28 2.19 2.41 2.83 2.95 2.93 3.00 2.80 2.47 2.32 2.21 2.07 1.93 1.94 2.04 2.09 2.11 2.12 2.13 2.13 2.12 2.09 2.07 2.04 2.00 1.98 1.95 1.92 1.90 1.87 1.84 1.82 1.79 1.75 1.72 1.69 1.65 1.60 1.56 1.51 1.46 1.40 1.34 1.27 1.19 1.11 1.00 0.88 0.76 0.75 0.89 1.26 1.71 1.92 2.20 2.55
5.24 4.62 4.77 6.14 6.25 5.15 4.05 3.55 3.50 3.19 2.75 2.61 2.64 2.69 2.69 2.60 2.55 2.48 2.37 2.39 2.44 2.47 2.47 2.28 1.92 2.05 2.54 2.61 2.42 2.18 2.24 2.68 2.95 3.05 3.13 2.99 2.68 2.49 2.47 2.29 1.98 1.95 2.09 2.15 2.17 2.20 2.22 2.22 2.21 2.18 2.15 2.10 2.06 2.03 2.00 1.97 1.95 1.92 1.90 1.87 1.84 1.81 1.78 1.74 1.71 1.67 1.62 1.58 1.53 1.47 1.41 1.34 1.27 1.21 1.12 1.01 0.87 0.77 0.80 1.11 1.58 1.89 2.24 2.68
4.37 4.25 4.86 6.03 7.05 6.51 4.53 3.61 3.52 3.04 2.53 2.48 2.65 2.72 2.75 2.71 2.61 2.52 2.42 2.45 2.51 2.55 2.55 2.32 1.94 2.07 2.60 2.74 2.58 2.31 2.26 2.56 2.83 3.06 3.26 3.15 2.79 2.65 2.72 2.59 2.16 1.98 2.15 2.22 2.24 2.29 2.31 2.33 2.34 2.30 2.22 2.15 2.10 2.07 2.04 2.02 2.00 1.98 1.95 1.93 1.90 1.87 1.84 1.80 1.76 1.73 1.68 1.64 1.59 1.53 1.48 1.41 1.34 1.28 1.22 1.12 1.00 0.87 0.82 1.03 1.45 1.87 2.22 2.55
3.46 3.99 4.97 6.15 7.52 6.67 3.99 3.10 3.08 2.67 2.32 2.37 2.61 2.74 2.83 2.78 2.63 2.58 2.53 2.52 2.58 2.61 2.62 2.41 2.02 2.14 2.62 2.75 2.69 2.53 2.41 2.56 2.70 2.90 3.21 3.29 2.99 2.80 2.86 2.83 2.46 2.14 2.24 2.33 2.36 2.40 2.38 2.42 2.54 2.49 2.30 2.17 2.11 2.09 2.08 2.07 2.05 2.03 2.01 1.98 1.95 1.92 1.89 1.85 1.82 1.78 1.74 1.70 1.65 1.59 1.54 1.47 1.40 1.35 1.29 1.20 1.11 0.99 0.94 1.06 1.37 1.79 2.13 2.34
4.04 4.51 5.64 7.30 7.51 5.28 3.30 2.64 2.46 2.32 2.10 2.25 2.58 2.79 2.90 2.82 2.67 2.69 2.68 2.60 2.64 2.69 2.72 2.50 2.11 2.26 2.67 2.74 2.75 2.71 2.60 2.63 2.66 2.75 3.00 3.23 3.22 3.02 2.96 2.92 2.67 2.42 2.41 2.51 2.55 2.56 2.48 2.51 2.76 2.74 2.44 2.21 2.09 2.07 2.09 2.09 2.09 2.08 2.06 2.03 2.00 1.97 1.94 1.90 1.87 1.83 1.79 1.75 1.71 1.65 1.60 1.53 1.46 1.40 1.34 1.27 1.19 1.08 1.02 1.07 1.23 1.55 1.98 2.29
7.07 6.39 6.49 7.03 6.06 4.43 3.36 2.64 2.31 2.15 2.04 2.28 2.60 2.82 2.97 2.88 2.77 2.82 2.82 2.74 2.74 2.78 2.80 2.60 2.25 2.40 2.74 2.76 2.76 2.80 2.76 2.73 2.69 2.74 2.87 3.08 3.25 3.20 3.09 2.95 2.75 2.60 2.56 2.64 2.73 2.75 2.68 2.69 2.90 2.91 2.64 2.33 2.13 2.04 2.06 2.12 2.14 2.14 2.12 2.09 2.05 2.02 1.99 1.95 1.92 1.88 1.84 1.80 1.76 1.71 1.65 1.59 1.52 1.45 1.39 1.33 1.25 1.16 1.08 1.04 1.10 1.32 1.79 2.28
8.38 7.42 6.22 5.79 5.17 4.42 3.39 2.69 2.52 2.36 2.36 2.46 2.62 2.90 3.06 2.98 2.89 2.97 3.01 2.92 2.91 2.89 2.85 2.76 2.52 2.49 2.73 2.77 2.75 2.84 2.84 2.79 2.73 2.77 2.93 3.10 3.24 3.27 3.17 3.01 2.83 2.71 2.68 2.73 2.82 2.88 2.87 2.91 2.98 2.93 2.75 2.55 2.32 2.09 2.07 2.15 2.20 2.20 2.18 2.14 2.11 2.07 2.04 2.00 1.96 1.93 1.89 1.85 1.81 1.76 1.70 1.64 1.57 1.50 1.44 1.37 1.30 1.21 1.12 1.05 1.08 1.24 1.58 2.03
9.64 8.14 6.14 5.65 5.40 4.67 3.49 2.95 2.94 2.83 2.71 2.62 2.70 2.97 3.16 3.13 3.02 3.16 3.20 3.13 3.11 3.02 2.96 2.98 2.80 2.53 2.61 2.75 2.82 2.89 2.83 2.83 2.74 2.75 3.05 3.26 3.31 3.35 3.27 3.12 2.92 2.80 2.80 2.85 2.93 2.99 3.06 3.15 3.09 2.90 2.73 2.62 2.48 2.28 2.17 2.22 2.28 2.27 2.24 2.21 2.16 2.12 2.08 2.04 2.01 1.97 1.94 1.90 1.86 1.81 1.75 1.69 1.62 1.55 1.48 1.42 1.35 1.25 1.16 1.09 1.12 1.25 1.46 1.77
10.59 8.71 6.40 5.83 5.54 4.89 3.79 3.45 3.56 3.33 2.94 2.72 2.85 3.02 3.24 3.25 3.18 3.34 3.40 3.39 3.30 3.16 3.18 3.27 3.02 2.52 2.48 2.73 2.94 2.91 2.78 2.87 2.77 2.69 3.07 3.34 3.38 3.49 3.52 3.36 3.07 2.85 2.84 2.94 3.05 3.11 3.24 3.36 3.28 2.97 2.70 2.55 2.50 2.44 2.33 2.33 2.35 2.35 2.31 2.27 2.21 2.16 2.12 2.08 2.05 2.02 1.99 1.95 1.91 1.86 1.80 1.74 1.67 1.60 1.52 1.45 1.38 1.29 1.19 1.10 1.08 1.20 1.39 1.69
10.79 8.75 6.66 6.04 5.42 4.98 4.31 4.01 4.12 3.80 3.07 2.84 3.07 3.04 3.23 3.35 3.27 3.53 3.71 3.74 3.55 3.36 3.63 3.87 3.27 2.43 2.38 2.72 2.93 2.90 2.82 2.93 2.87 2.76 3.01 3.24 3.31 3.55 3.78 3.73 3.38 2.99 2.83 2.93 3.10 3.27 3.44 3.55 3.48 3.11 2.73 2.56 2.48 2.50 2.49 2.47 2.46 2.44 2.40 2.33 2.26 2.19 2.15 2.11 2.09 2.06 2.03 1.99 1.95 1.90 1.85 1.79 1.72 1.65 1.57 1.50 1.42 1.32 1.20 1.06 0.93 0.94 1.07 1.30
10.35 8.77 6.90 6.10 5.23 4.86 4.75 4.55 4.39 4.14 3.40 3.15 3.27 3.04 3.17 3.31 3.36 3.80 4.13 4.26 3.99 3.89 4.66 4.65 3.28 2.08 2.19 2.64 2.82 2.91 2.95 3.01 2.99 2.96 3.04 3.15 3.15 3.37 3.78 4.00 3.82 3.37 2.97 2.89 3.05 3.37 3.65 3.72 3.61 3.30 2.94 2.68 2.51 2.52 2.60 2.60 2.62 2.58 2.49 2.39 2.29 2.20 2.16 2.14 2.12 2.10 2.07 2.04 2.00 1.95 1.90 1.84 1.77 1.70 1.62 1.54 1.45 1.35 1.21 1.05 0.83 0.68 0.66 0.75
9.61 8.65 7.01 5.89 5.17 4.81 4.85 4.85 4.54 4.55 4.35 3.69 3.28 3.05 3.03 3.10 3.52 4.16 4.69 4.98 4.82 5.23 5.62 4.45 2.31 1.47 1.94 2.52 2.76 2.95 3.07 3.12 3.13 3.13 3.22 3.27 3.11 3.15 3.55 4.03 4.09 3.76 3.32 2.99 3.03 3.36 3.72 3.90 3.78 3.48 3.21 2.89 2.63 2.57 2.61 2.68 2.76 2.80 2.75 2.53 2.26 2.15 2.15 2.15 2.15 2.14 2.12 2.09 2.05 2.00 1.95 1.89 1.83 1.76 1.67 1.59 1.49 1.38 1.26 1.10 0.88 0.64 0.48 0.42
9.25 8.28 6.73 5.80 5.35 4.87 4.65 4.71 4.60 5.03 5.27 4.13 3.14 3.01 2.94 3.00 3.59 4.49 5.54 6.32 6.54 6.43 5.25 2.99 1.33 1.04 1.80 2.46 2.79 3.01 3.16 3.26 3.29 3.25 3.40 3.50 3.23 3.09 3.32 3.88 4.21 4.00 3.63 3.26 3.14 3.30 3.63 4.00 4.03 3.74 3.44 3.14 2.85 2.65 2.52 2.63 2.84 3.09 3.25 2.77 2.15 2.01 2.10 2.16 2.19 2.18 2.16 2.14 2.10 2.05 2.00 1.95 1.88 1.81 1.73 1.64 1.55 1.44 1.32 1.17 0.98 0.74 0.54 0.46
8.99 7.86 6.52 6.15 5.85 5.09 4.48 4.35 4.46 5.37 5.78 4.43 3.14 2.98 2.98 3.12 3.63 4.57 6.19 7.91 7.66 5.90 3.30 1.76 0.89 1.01 1.86 2.51 2.85 3.10 3.29 3.42 3.48 3.40 3.50 3.65 3.47 3.28 3.26 3.59 4.14 4.19 3.92 3.59 3.33 3.30 3.55 3.95 4.21 4.13 3.75 3.39 3.08 2.72 2.35 2.44 2.93 3.38 3.61 2.99 2.05 1.87 2.04 2.16 2.22 2.23 2.22 2.19 2.15 2.10 2.05 2.00 1.94 1.86 1.79 1.71 1.62 1.52 1.40 1.26 1.09 0.87 0.67 0.61
8.48 7.55 6.47 6.34 6.33 5.66 4.73 4.06 4.05 5.40 6.07 4.69 3.46 3.18 3.15 3.40 3.81 4.62 6.82 8.51 7.16 3.25 1.63 1.23 0.95 1.27 2.05 2.64 2.97 3.25 3.45 3.60 3.70 3.60 3.59 3.71 3.67 3.56 3.44 3.42 3.73 4.16 4.28 4.00 3.59 3.39 3.50 3.88 4.32 4.49 4.19 3.75 3.30 2.80 2.26 2.35 3.14 3.56 3.59 3.10 2.25 1.89 2.00 2.18 2.26 2.29 2.28 2.24 2.20 2.15 2.11 2.05 1.99 1.93 1.85 1.77 1.69 1.59 1.48 1.36 1.22 1.03 0.81 0.66
8.04 7.35 6.38 6.25 6.52 6.21 5.20 3.90 3.24 4.82 6.19 5.30 4.05 3.66 3.58 4.09 4.55 5.50 7.75 8.20 5.50 1.57 1.26 1.30 1.25 1.64 2.31 2.81 3.14 3.43 3.61 3.85 4.00 3.83 3.68 3.75 3.81 3.78 3.71 3.48 3.30 3.72 4.45 4.50 3.93 3.57 3.56 3.86 4.41 4.72 4.72 4.30 3.43 2.81 2.42 2.54 3.25 3.50 3.37 3.13 2.59 2.08 2.05 2.22 2.31 2.35 2.34 2.30 2.25 2.21 2.17 2.11 2.05 1.99 1.92 1.85 1.76 1.67 1.56 1.45 1.33 1.19 1.03 0.83
7.98 7.35 6.38 6.36 6.84 6.50 5.27 3.58 2.44 3.82 5.81 5.69 4.64 4.00 3.87 4.90 5.67 6.54 8.16 7.27 4.40 2.91 2.43 1.99 1.78 2.08 2.58 2.99 3.31 3.56 3.81 4.23 4.41 4.07 3.75 3.80 3.96 3.98 3.91 3.63 3.19 3.20 4.13 4.74 4.32 3.94 3.84 4.00 4.50 4.88 5.30 4.86 3.30 2.71 2.69 2.77 3.16 3.31 3.18 3.06 2.77 2.29 2.18 2.30 2.38 2.41 2.39 2.36 2.32 2.28 2.22 2.16 2.10 2.05 1.99 1.92 1.84 1.75 1.66 1.55 1.44 1.33 1.20 1.08
7.90 7.44 6.70 6.76 7.22 6.54 5.04 3.37 2.50 3.52 5.13 5.50 4.77 3.92 3.89 5.39 6.46 7.60 8.72 7.00 4.62 4.45 3.66 2.83 2.40 2.53 2.81 3.16 3.40 3.64 4.16 4.77 4.83 4.27 3.80 3.89 4.12 4.14 4.06 3.81 3.33 3.03 3.59 4.44 4.55 4.42 4.31 4.38 4.74 5.24 5.64 4.89 3.14 2.66 2.90 2.97 3.11 3.19 3.07 2.98 2.83 2.45 2.33 2.42 2.45 2.45 2.44 2.44 2.40 2.33 2.27 2.21 2.17 2.11 2.06 1.99 1.91 1.83 1.74 1.65 1.56 1.46 1.35 1.26
7.50 7.59 7.28 7.13 7.29 6.49 5.18 3.78 3.09 3.43 4.36 4.86 4.26 3.87 4.21 5.62 6.62 8.53 9.48 6.47 5.30 5.53 4.81 3.70 3.01 2.86 2.94 3.26 3.47 3.80 4.65 5.20 5.04 4.46 3.97 4.04 4.27 4.31 4.23 4.02 3.61 3.17 3.28 3.96 4.45 4.57 4.70 4.93 5.29 5.58 5.36 4.54 3.46 2.87 3.07 3.24 3.21 3.17 3.01 2.92 2.83 2.56 2.49 2.54 2.52 2.50 2.51 2.52 2.47 2.39 2.32 2.27 2.22 2.18 2.13 2.07 1.99 1.91 1.83 1.74 1.65 1.57 1.49 1.40
7.52 7.82 7.68 7.10 7.01 6.70 5.82 4.75 3.98 3.64 3.84 3.60 3.16 3.69 4.59 5.88 7.08 8.75 9.39 7.41 6.27 6.11 6.15 5.03 3.65 3.00 2.96 3.31 3.67 4.21 4.95 5.25 5.14 4.78 4.36 4.30 4.48 4.55 4.44 4.22 3.92 3.43 3.24 3.81 4.39 4.55 4.92 5.43 5.68 5.49 4.88 4.50 3.99 3.29 3.30 3.51 3.42 3.23 3.06 2.96 2.80 2.66 2.66 2.63 2.59 2.57 2.59 2.58 2.52 2.43 2.36 2.34 2.30 2.25 2.20 2.14 2.06 1.99 1.91 1.83 1.75 1.66 1.58 1.51
8.15 8.16 7.64 6.72 6.55 6.67 6.14 5.54 5.02 4.36 3.90 3.34 2.90 3.38 4.80 6.31 7.59 8.21 7.34 7.36 7.15 6.90 7.42 6.32 4.09 2.85 2.99 3.45 3.96 4.61 5.09 5.21 5.25 5.14 4.81 4.71 4.86 4.91 4.71 4.43 4.18 3.74 3.43 3.77 4.31 4.56 5.03 5.63 5.67 5.28 4.79 4.60 4.33 3.78 3.61 3.73 3.69 3.42 3.18 3.02 2.82 2.78 2.82 2.75 2.66 2.66 2.66 2.62 2.56 2.48 2.42 2.40 2.37 2.32 2.27 2.21 2.14 2.07 1.99 1.91 1.83 1.76 1.68 1.60
8.79 8.25 7.26 6.47 6.18 5.99 5.57 5.63 5.49 4.87 4.39 3.79 3.20 3.44 4.77 6.58 7.53 6.90 6.11 6.39 7.11 7.91 8.47 7.07 4.03 2.96 3.34 3.78 4.23 4.85 5.29 5.37 5.43 5.42 5.24 5.20 5.32 5.32 5.07 4.71 4.41 4.08 3.72 3.68 4.14 4.68 5.13 5.47 5.43 5.15 4.93 4.68 4.42 4.21 4.00 3.92 3.87 3.73 3.40 3.07 2.89 2.92 3.01 2.92 2.82 2.76 2.68 2.62 2.58 2.52 2.49 2.48 2.44 2.39 2.35 2.29 2.22 2.14 2.07 1.99 1.91 1.83 1.76 1.68
8.34 7.88 7.15 6.66 6.11 5.67 5.38 5.38 5.36 5.00 4.80 4.28 3.73 3.91 4.75 6.32 7.31 6.27 5.33 5.62 6.80 8.66 8.76 6.12 4.17 3.79 4.02 4.27 4.54 5.07 5.58 5.78 5.84 5.82 5.71 5.66 5.66 5.65 5.58 5.15 4.66 4.37 3.97 3.68 4.06 4.72 5.09 5.20 5.17 5.09 5.07 4.78 4.44 4.45 4.38 4.15 3.94 4.01 3.76 3.18 2.93 3.02 3.19 3.18 3.07 2.87 2.72 2.61 2.55 2.56 2.55 2.55 2.52 2.47 2.42 2.37 2.30 2.22 2.15 2.07 1.99 1.91 1.83 1.76
7.63 7.36 7.11 6.76 6.02 5.64 5.54 5.40 5.21 5.02 4.89 4.49 4.04 4.29 5.05 6.15 7.10 6.33 5.04 6.05 8.24 8.95 7.56 6.04 5.07 4.61 4.66 4.81 4.93 5.35 5.98 6.39 6.50 6.45 6.24 5.99 5.86 5.98 6.18 5.73 4.91 4.52 4.19 3.88 3.99 4.47 4.96 5.09 5.00 5.01 5.07 4.88 4.59 4.55 4.60 4.34 4.07 4.24 4.10 3.44 3.05 3.07 3.30 3.46 3.37 3.05 2.79 2.60 2.51 2.56 2.62 2.64 2.60 2.55 2.50 2.45 2.38 2.31 2.23 2.14 2.06 1.98 1.89 1.81
7.12 6.98 6.85 6.57 5.98 5.65 5.61 5.51 5.28 5.02 4.85 4.56 4.04 4.04 4.89 6.06 6.89 6.56 5.77 7.28 8.99 7.58 6.63 6.45 5.87 5.41 5.28 5.28 5.32 5.75 6.48 7.06 7.22 7.11 6.79 6.39 6.21 6.48 6.71 6.16 5.18 4.66 4.45 4.17 4.04 4.34 4.87 5.04 4.91 4.91 4.92 4.92 4.78 4.65 4.75 4.47 4.28 4.36 4.24 3.87 3.38 3.19 3.36 3.61 3.65 3.30 2.89 2.61 2.47 2.57 2.76 2.79 2.67 2.59 2.58 2.54 2.47 2.40 2.31 2.22 2.13 2.04 1.96 1.88
6.79 6.67 6.51 6.31 5.97 5.73 5.61 5.53 5.39 5.07 4.84 4.62 4.02 3.70 4.27 5.50 6.73 6.70 6.42 8.03 8.80 7.54 7.02 6.92 6.47 6.20 6.16 5.88 5.80 6.39 7.00 7.50 7.87 7.77 7.49 7.15 6.86 6.94 6.94 6.39 5.52 4.95 4.74 4.50 4.31 4.37 4.69 4.84 4.74 4.76 4.82 4.96 4.92 4.75 4.84 4.66 4.46 4.42 4.31 4.20 3.83 3.44 3.39 3.68 3.86 3.52 3.01 2.66 2.48 2.64 3.01 3.03 2.74 2.62 2.65 2.62 2.57 2.49 2.40 2.30 2.20 2.10 2.01 1.93
6.48 6.34 6.17 6.11 5.96 5.79 5.62 5.52 5.48 5.28 4.93 4.70 4.28 4.04 4.34 5.10 6.45 6.75 6.63 7.65 8.15 7.98 7.79 7.49 6.98 6.89 7.20 6.97 6.68 7.25 7.50 7.76 8.41 8.50 8.28 8.07 7.62 7.27 7.08 6.66 5.99 5.36 5.02 4.85 4.61 4.40 4.46 4.53 4.45 4.59 4.83 4.99 5.02 4.90 4.84 4.73 4.59 4.51 4.48 4.43 4.12 3.68 3.51 3.80 3.97 3.68 3.20 2.76 2.54 2.76 3.23 3.30 2.96 2.72 2.71 2.74 2.70 2.60 2.47 2.37 2.28 2.17 2.06 1.96
6.11 5.97 5.81 5.95 6.03 5.88 5.66 5.48 5.55 5.64 5.27 4.99 4.79 4.51 4.59 5.07 5.98 6.43 6.43 6.88 7.23 7.57 7.93 7.81 7.50 7.54 8.09 8.12 7.88 8.26 8.22 8.43 8.88 8.99 9.00 9.13 8.72 7.92 7.51 7.10 6.49 5.73 5.37 5.25 4.87 4.53 4.43 4.36 4.23 4.44 4.84 4.99 5.02 5.05 4.93 4.70 4.59 4.59 4.68 4.64 4.29 3.90 3.80 3.95 3.97 3.82 3.44 2.88 2.63 2.90 3.30 3.48 3.41 3.00 2.87 2.98 2.90 2.68 2.53 2.48 2.37 2.22 2.09 1.99
5.66 5.53 5.44 5.74 6.10 6.04 5.74 5.50 5.67 6.02 5.77 5.47 5.22 4.85 4.81 5.00 5.56 5.96 5.93 6.14 6.74 7.42 7.42 7.48 7.87 8.05 8.63 9.04 9.38 9.56 9.50 9.50 9.02 8.92 9.90 10.79 10.16 8.79 7.98 7.41 6.73 6.00 5.78 5.58 5.07 4.76 4.50 4.31 4.20 4.32 4.77 4.92 4.87 5.03 5.09 4.81 4.59 4.59 4.75 4.79 4.49 4.16 4.10 4.12 4.00 3.90 3.64 3.02 2.67 3.00 3.35 3.52 3.71 3.54 3.30 3.32 3.12 2.72 2.62 2.71 2.56 2.26 2.07 2.00
5.03 5.02 5.12 5.55 6.04 6.18 5.97 5.66 5.82 6.33 6.27 5.91 5.41 5.06 5.08 4.98 5.27 5.52 5.34 5.50 6.49 7.61 7.01 6.46 7.50 8.51 8.89 9.43 10.83 11.28 10.77 10.07 8.37 8.69 11.55 12.72 11.20 8.96 8.08 7.70 6.90 6.34 6.19 5.85 5.42 5.13 4.74 4.47 4.28 4.21 4.55 4.76 4.69 4.84 5.05 5.02 4.79 4.65 4.72 4.80 4.75 4.54 4.33 4.24 4.15 3.95 3.77 3.28 2.73 2.92 3.46 3.67 3.83 3.92 3.78 3.67 3.38 2.92 2.79 2.95 2.80 2.33 2.04 1.97
4.34 4.42 4.86 5.51 5.92 6.18 6.25 5.96 6.03 6.41 6.52 6.08 5.31 5.20 5.55 5.39 5.22 5.14 4.97 5.23 6.37 7.69 7.00 5.59 6.33 8.17 8.93 9.14 11.57 13.09 11.54 10.25 8.03 9.09 13.61 13.88 10.96 8.74 8.57 8.41 7.21 6.57 6.60 6.34 5.83 5.44 5.08 4.73 4.34 4.13 4.29 4.54 4.59 4.62 4.77 4.98 5.02 4.85 4.76 4.74 4.88 4.99 4.63 4.27 4.27 4.05 3.82 3.58 2.98 2.79 3.37 3.96 4.11 4.10 4.10 4.01 3.76 3.34 2.99 3.04 3.00 2.57 2.14 1.93
3.64 3.86 4.68 5.57 5.97 6.23 6.25 6.11 6.13 6.24 6.48 6.28 5.49 5.48 6.09 6.07 5.32 4.53 4.76 5.77 7.00 7.75 6.79 5.25 5.16 6.99 8.53 8.91 11.70 14.02 12.12 10.56 8.97 10.33 14.93 14.02 10.41 9.39 9.72 8.76 6.77 6.56 7.17 6.74 6.02 5.73 5.43 4.87 4.36 4.12 4.15 4.34 4.47 4.46 4.50 4.73 5.00 5.11 4.99 4.70 4.80 5.30 5.06 4.34 4.35 4.30 3.89 3.73 3.33 2.86 3.14 4.07 4.53 4.34 4.27 4.22 4.12 3.79 3.26 3.11 3.13 2.94 2.44 1.98
3.12 3.62 4.82 5.72 6.06 6.11 5.92 5.93 6.08 6.18 6.50 6.46 5.75 5.80 6.63 6.78 5.31 3.58 4.37 6.44 8.09 8.19 6.43 5.02 4.66 5.67 7.48 8.72 12.00 14.49 12.72 10.97 10.06 11.88 15.84 14.66 11.46 11.04 10.23 7.81 6.23 7.11 7.72 6.80 6.17 6.08 5.61 4.90 4.46 4.24 4.11 4.13 4.18 4.29 4.42 4.51 4.73 5.21 5.30 4.73 4.60 5.28 5.37 4.64 4.51 4.63 4.24 3.80 3.45 3.07 3.12 4.03 4.78 4.67 4.50 4.42 4.33 4.11 3.66 3.39 3.26 3.21 2.81 2.17
2.95 3.77 5.00 5.66 5.87 5.78 5.64 5.78 5.96 6.04 6.46 6.75 6.12 6.07 7.15 7.38 5.16 2.54 3.60 6.47 8.90 9.27 6.59 4.67 4.56 5.29 6.41 7.74 11.06 14.37 14.07 11.78 10.66 13.04 16.96 16.16 13.50 12.04 9.73 7.04 6.74 7.59 7.76 7.00 6.56 6.21 5.48 4.87 4.62 4.38 4.10 3.87 3.74 4.07 4.45 4.37 4.42 5.10 5.51 4.94 4.52 5.02 5.35 5.03 4.79 4.92 4.81 4.13 3.51 3.23 3.28 4.01 4.79 4.89 4.80 4.70 4.47 4.27 4.09 3.82 3.55 3.43 3.05 2.41
3.01 3.82 4.84 5.33 5.61 5.56 5.49 5.67 5.89 5.83 6.27 7.34 7.00 6.34 7.39 7.78 5.00 1.79 2.62 5.71 8.72 10.19 7.80 4.43 4.35 6.04 6.57 7.11 8.87 12.41 14.72 13.59 11.92 14.49 18.26 17.27 14.35 11.58 8.25 6.96 6.79 6.81 7.50 7.92 7.18 6.22 5.32 4.79 4.62 4.44 4.16 3.69 3.41 3.89 4.41 4.28 4.21 4.84 5.52 5.23 4.62 4.74 5.17 5.20 5.01 5.08 5.21 4.75 3.96 3.47 3.47 4.03 4.68 4.95 5.03 4.99 4.70 4.38 4.39 4.32 4.00 3.75 3.24 2.64
3.05 3.69 4.50 5.02 5.47 5.49 5.34 5.48 5.73 5.65 6.11 7.72 7.83 6.64 7.47 8.11 5.17 1.56 1.88 4.45 7.60 10.35 9.37 5.20 4.75 7.21 7.61 7.76 7.94 9.47 13.03 14.89 14.91 17.14 19.54 17.14 13.16 9.95 7.41 6.44 5.67 6.07 8.15 8.98 7.45 5.81 5.03 4.77 4.65 4.54 4.26 3.69 3.35 3.69 4.21 4.24 4.09 4.48 5.32 5.44 4.86 4.59 5.04 5.40 5.06 5.05 5.33 5.19 4.75 4.07 3.78 4.20 4.67 4.86 5.12 5.28 5.01 4.58 4.49 4.59 4.63 4.20 3.37 2.84
