windninja/windninja_output/Output_2025-08-24_1300-1350_Google earth_Fire_150m_10min/merlingen_7.5mi_point_08-24-2025_1310_150m_ang.asc
ncols	158
nrows	163
xllcorner	391686.332397
yllcorner	5160024.123721
cellsize	150.000000
NODATA_value	-32768.000000
[rows 49 to 97 of 163, columns 0 to 95 of 158]
344 344 345 347 340 332 330 331 331 330 328 328 327 326 325 324 324 323 323 323 324 324 324 324 324 325 326 326 326 327 327 328 328 328 328 328 327 327 327 327 328 330 335 342 346 346 348 353 359 6 13 19 20 18 16 13 9 3 360 1 2 7 13 14 11 10 11 12 14 15 17 20 23 26 27 25 22 19 18 19 20 19 17 15 14 14 14 12 9 10 16 22 25 24 26 30
346 348 352 352 342 335 334 333 334 333 332 331 330 329 328 327 326 326 326 326 326 326 326 327 327 328 328 329 329 329 330 330 330 331 330 330 329 329 330 330 331 332 335 339 342 344 350 357 5 12 16 17 15 12 11 8 4 1 2 5 9 14 20 20 13 10 11 13 15 17 19 22 25 26 25 22 19 17 19 20 20 19 18 16 14 12 10 8 9 13 18 25 29 31 33 34
351 353 357 354 344 340 340 337 336 336 335 334 333 331 330 329 329 329 329 328 328 329 329 329 329 330 331 331 331 332 332 333 333 333 333 332 330 330 331 332 334 333 334 337 340 344 351 2 14 18 15 13 11 9 7 4 2 5 9 12 16 20 25 22 15 11 12 13 16 18 21 23 24 24 22 20 18 17 18 20 21 22 21 18 13 11 9 9 13 17 20 27 34 37 37 31
357 359 360 354 344 343 345 341 339 340 339 337 336 334 333 332 331 331 331 331 331 331 331 331 332 332 333 333 334 334 335 335 336 336 336 335 334 333 332 334 335 335 334 335 339 345 354 4 12 11 6 6 8 8 5 3 4 10 16 19 21 22 25 23 15 11 11 14 17 19 21 22 22 21 21 20 18 17 17 19 22 25 25 21 16 13 12 13 16 20 24 29 33 34 31 17
5 3 1 355 348 346 349 345 342 343 342 340 339 338 336 335 334 334 334 333 333 333 334 334 334 335 335 336 336 337 338 338 338 339 339 338 338 337 335 335 336 337 336 336 339 347 355 1 4 3 2 4 7 8 7 6 8 14 20 23 23 23 26 23 15 10 11 14 17 19 18 18 19 21 22 21 20 19 19 19 22 24 25 23 21 18 15 15 19 24 27 28 27 25 15 351
9 6 1 357 352 351 353 350 347 347 345 342 341 340 339 337 337 337 337 336 336 336 336 337 337 338 338 339 339 340 340 341 341 342 342 342 342 341 339 338 337 337 338 338 340 346 353 355 356 358 2 6 7 9 12 10 10 16 21 22 22 23 25 22 14 10 9 12 16 17 16 18 21 23 23 22 21 21 21 19 18 20 21 21 22 23 20 19 22 25 26 24 20 15 357 337
10 8 5 0 356 355 356 355 352 351 348 345 344 343 341 340 340 340 340 340 339 339 339 339 340 340 341 342 342 343 343 344 344 345 345 345 345 345 344 342 339 338 340 342 341 343 347 349 351 355 2 7 8 11 15 14 13 16 20 20 20 20 23 22 15 10 9 10 14 17 20 23 24 23 22 22 21 21 20 17 14 16 18 20 21 23 23 24 25 26 26 21 13 4 348 334
14 12 10 8 4 359 358 358 355 354 352 350 347 345 344 343 343 342 342 342 342 343 342 343 343 344 344 345 345 346 347 347 348 348 349 349 349 349 348 347 345 343 344 346 345 342 342 343 346 352 360 6 9 13 17 16 14 17 19 18 17 19 23 24 18 12 10 11 15 22 25 25 23 21 21 20 20 19 18 15 14 15 18 19 20 22 25 26 27 29 28 19 4 352 345 341
18 17 15 14 11 7 3 0 357 355 356 356 353 349 347 346 346 346 345 345 345 346 346 346 346 347 347 348 349 349 350 351 351 352 352 353 353 353 353 352 351 350 349 349 348 344 340 339 342 347 356 6 11 15 19 16 13 15 16 15 16 20 25 27 23 15 11 12 18 24 24 22 20 20 19 18 17 16 15 15 15 17 19 21 23 27 29 29 28 26 20 4 349 344 343 347
23 21 19 18 16 13 10 5 359 356 358 1 1 356 351 349 348 348 349 349 348 349 349 349 350 350 351 351 352 353 353 354 355 355 356 356 357 357 357 356 356 355 354 353 352 348 344 339 337 341 350 3 12 16 20 16 12 14 15 15 17 22 26 29 25 18 12 12 17 20 19 19 19 19 17 16 14 14 14 14 16 19 21 24 28 31 32 31 26 17 3 351 345 342 343 355
27 26 24 22 20 17 15 10 4 0 1 4 6 3 358 354 352 351 351 352 352 352 352 353 353 354 355 355 356 356 357 358 359 359 360 0 1 1 1 1 0 0 359 358 357 355 351 346 339 337 343 357 10 15 19 17 14 15 16 16 18 23 27 29 28 21 14 12 15 18 18 18 18 17 15 14 14 13 14 16 18 21 24 25 28 30 31 27 18 3 350 345 343 343 351 9
32 31 30 28 25 22 19 15 11 8 5 5 6 5 5 3 358 355 354 355 356 356 356 357 357 358 359 359 360 0 1 2 2 3 4 4 5 5 5 5 5 4 4 3 2 0 358 354 348 340 338 349 6 15 19 18 16 17 17 18 20 24 28 30 29 23 16 12 16 19 19 17 16 15 14 13 14 15 17 19 21 23 26 27 28 29 27 20 7 353 346 345 345 350 5 19
37 36 35 32 30 27 24 20 17 14 10 7 5 6 9 10 7 2 359 358 359 359 0 1 2 2 3 3 4 4 5 6 6 7 8 8 9 9 9 9 9 9 8 8 7 5 4 1 356 348 341 345 0 13 18 20 21 21 20 21 23 25 28 30 29 25 19 15 17 19 18 16 15 14 13 12 15 18 19 21 23 25 29 30 30 27 20 10 358 348 345 349 354 5 17 27
42 42 39 36 33 30 27 24 21 19 16 11 8 8 11 13 13 11 7 4 2 3 4 6 6 7 7 7 8 8 9 10 10 11 12 12 13 13 13 13 13 13 13 12 11 10 9 7 3 358 350 348 358 10 17 21 26 26 24 24 24 25 26 27 28 26 21 17 17 17 16 16 15 13 12 14 17 20 20 22 24 27 31 32 31 26 14 360 351 348 349 357 9 19 26 34
50 48 45 41 37 33 30 28 27 25 22 17 14 12 11 13 16 17 15 11 9 8 8 9 10 11 12 12 12 13 13 14 15 15 16 16 17 17 17 17 17 17 17 16 15 15 14 12 10 6 359 354 359 7 10 19 28 28 25 23 21 21 23 27 32 31 23 18 17 16 16 16 15 12 12 15 18 19 20 22 25 28 30 31 28 20 6 353 347 350 359 10 20 28 35 42
55 53 49 46 42 39 37 35 33 31 29 25 19 16 15 15 17 20 21 18 17 15 14 14 14 15 17 17 17 17 18 18 19 19 20 20 21 21 21 21 21 21 21 20 20 19 18 17 15 13 8 2 2 7 6 15 28 30 26 22 18 21 29 38 42 35 22 16 15 15 15 16 15 12 11 14 16 16 17 21 25 27 28 27 22 11 0 352 350 358 10 19 28 37 44 52
57 54 50 47 45 43 41 41 40 38 35 31 25 21 20 18 18 22 25 24 24 23 21 19 18 20 21 22 22 22 22 23 23 23 24 24 25 25 25 25 25 25 24 24 24 23 22 22 20 19 16 11 9 10 7 10 25 30 28 24 20 24 34 38 34 26 16 12 12 13 14 15 15 13 12 11 13 14 16 21 26 28 26 23 17 6 358 356 0 10 18 28 37 46 54 62
53 51 50 49 48 45 42 41 41 40 38 36 32 27 24 24 24 25 26 28 28 27 26 26 24 24 26 26 26 27 27 27 27 28 28 28 28 29 29 29 28 28 28 28 28 27 27 26 25 24 22 20 18 17 13 11 21 31 32 30 22 19 26 28 26 21 16 13 12 13 13 15 16 14 11 9 10 13 16 22 25 24 20 14 10 6 2 3 13 20 27 35 44 53 63 69
44 45 46 47 48 47 42 41 43 44 42 40 37 34 31 30 30 29 29 30 31 30 30 30 29 30 32 33 33 33 32 32 32 32 32 32 32 32 32 32 32 32 32 32 31 31 30 30 29 29 28 27 26 25 23 21 26 36 40 36 22 14 18 24 24 22 19 16 14 13 13 15 16 13 10 9 9 12 15 17 17 15 10 6 8 11 11 16 22 28 34 41 51 58 63 68
31 39 42 42 42 41 37 38 44 47 46 43 41 39 36 34 35 35 34 34 35 34 34 34 33 33 37 40 40 39 38 37 37 36 36 36 36 36 36 36 36 35 35 35 35 34 34 33 33 33 32 32 31 30 30 31 35 40 44 39 25 16 19 22 23 23 21 18 15 14 14 16 16 12 9 9 9 10 11 12 11 9 8 10 16 21 21 23 28 34 41 49 57 59 59 60
35 45 50 46 46 44 38 36 41 44 41 37 37 37 36 35 37 39 40 40 40 40 40 39 36 36 41 45 45 45 44 43 41 41 40 40 40 40 39 39 39 39 38 38 38 38 37 37 37 36 36 35 35 35 35 36 37 38 41 39 32 24 22 23 24 23 21 19 16 15 16 17 16 11 8 10 10 9 7 8 9 11 17 24 28 27 24 27 34 40 46 51 55 55 55 53
54 61 70 71 68 61 51 45 48 49 44 40 39 39 38 38 39 42 44 44 44 45 45 46 41 38 44 47 47 47 48 47 46 45 45 44 44 43 43 43 42 42 42 41 41 41 40 40 40 39 39 39 38 38 38 38 38 38 38 38 35 32 31 31 30 26 22 20 18 17 17 18 15 10 9 12 11 8 5 7 12 20 29 32 31 27 26 32 39 44 47 49 48 47 45 44
63 67 76 82 83 79 74 71 72 67 60 57 56 52 49 46 45 46 46 46 47 49 50 50 42 38 43 47 47 47 49 50 51 50 49 48 48 47 46 46 45 45 45 44 44 44 43 43 43 42 42 41 41 41 41 40 40 40 39 38 36 36 35 35 33 31 28 26 21 16 15 17 17 12 11 13 12 8 6 10 19 29 33 33 31 26 28 36 43 47 47 46 43 39 35 30
68 71 76 80 82 82 83 85 86 81 74 74 73 69 64 59 55 54 52 49 48 50 51 50 44 39 45 49 49 49 49 50 53 54 54 53 51 50 50 49 49 48 48 47 47 47 46 46 45 45 45 44 44 43 43 42 42 41 40 39 38 37 36 35 33 32 32 30 23 15 12 17 20 16 13 13 13 10 9 16 25 30 31 30 29 27 31 40 47 48 44 44 44 39 30 7
73 76 80 81 83 84 84 86 87 84 78 77 75 73 70 67 65 64 61 56 53 52 52 51 47 44 49 52 52 52 51 51 53 55 55 55 55 54 53 52 52 51 50 50 50 49 49 48 48 48 47 47 46 46 45 44 44 43 42 41 40 39 37 36 35 34 32 29 24 18 16 20 22 18 15 13 13 13 12 19 26 28 26 27 28 31 37 42 46 44 40 39 42 38 9 348
77 79 84 86 87 88 88 88 87 85 83 80 76 74 72 70 69 69 67 63 61 59 57 56 52 49 51 53 55 55 54 53 54 55 55 55 57 57 57 55 54 54 53 53 52 52 52 51 51 50 50 49 48 48 47 46 45 44 43 42 41 40 39 38 36 35 32 29 27 24 23 22 18 12 10 11 11 13 14 18 24 23 23 27 32 37 41 43 44 41 36 31 26 8 353 343
79 81 86 91 93 93 94 93 90 88 87 84 81 79 76 74 72 71 69 67 67 66 64 62 59 55 55 57 58 57 57 56 56 57 57 58 59 59 59 58 57 56 56 55 55 54 54 54 53 53 52 51 51 50 49 48 47 46 45 44 43 42 41 39 38 36 34 31 29 27 25 22 16 8 5 7 8 11 13 16 18 20 25 32 37 39 41 42 42 42 38 26 9 352 346 343
79 82 87 93 98 100 100 98 96 93 91 88 85 83 81 79 76 74 72 70 70 69 68 66 63 60 61 63 62 60 59 59 60 61 62 62 62 63 62 61 60 59 58 58 57 57 57 56 56 55 54 54 53 52 51 50 49 48 47 46 44 43 42 41 39 37 35 33 32 30 27 23 18 11 5 3 4 5 9 14 17 23 34 41 45 45 45 46 47 48 41 18 355 344 343 346
81 82 85 91 99 104 105 104 102 99 96 92 89 86 85 83 81 79 76 74 73 72 71 69 65 62 65 69 68 65 62 61 61 62 63 64 64 65 65 64 62 61 61 60 60 59 59 59 58 58 57 56 55 54 53 52 51 50 48 47 46 45 44 42 40 39 37 35 34 31 28 24 21 16 11 5 0 359 4 13 22 31 42 48 50 52 53 51 47 37 18 0 349 344 346 350
84 82 79 86 99 107 110 109 108 106 102 96 92 89 87 85 84 83 80 78 76 75 74 72 65 62 67 71 71 68 64 63 62 62 63 63 63 64 66 67 65 63 63 62 62 62 61 61 61 61 60 59 58 56 55 54 52 51 50 49 48 46 45 43 42 40 39 37 35 32 30 27 24 21 16 9 1 356 359 14 27 34 41 44 41 42 42 37 25 14 3 354 348 347 350 352
81 77 71 75 91 105 113 114 112 112 107 99 93 90 89 88 87 85 83 81 79 78 77 75 68 66 68 70 71 69 67 65 64 63 65 65 63 62 65 68 68 66 66 65 64 64 64 64 64 64 63 62 60 58 57 56 54 53 52 51 49 48 47 45 44 42 40 38 36 34 32 29 26 23 19 13 6 358 357 12 27 31 32 32 32 31 30 23 12 3 357 353 350 349 351 352
74 71 67 72 82 97 114 115 114 114 109 99 94 92 90 89 88 87 85 84 82 81 80 77 73 71 72 71 70 69 70 70 67 64 64 65 63 62 63 66 67 67 68 68 68 68 68 68 69 69 67 65 63 61 59 58 56 55 54 52 51 50 48 47 45 43 42 40 38 36 34 31 28 25 21 16 10 3 359 9 19 22 23 25 27 28 23 13 5 1 358 354 351 350 350 350
72 73 75 81 91 97 101 105 107 106 104 98 93 91 91 91 89 88 88 87 85 83 82 80 77 77 77 75 73 72 73 73 71 67 65 63 62 63 63 64 63 63 66 69 71 73 73 72 74 76 75 71 67 63 61 59 58 57 55 54 53 51 50 48 47 45 43 42 40 38 35 33 30 27 23 19 14 7 3 4 8 14 20 24 26 25 16 6 2 1 359 356 354 352 350 349
83 84 88 96 101 95 87 88 92 94 94 93 92 91 91 90 90 89 90 89 88 86 85 83 80 80 81 79 76 75 75 77 76 74 71 66 64 64 65 64 61 59 61 64 67 69 70 70 72 75 77 75 71 67 63 61 60 58 57 56 54 53 51 50 48 47 45 43 41 39 37 34 31 28 25 21 17 11 5 1 0 7 18 25 25 18 9 3 0 360 359 358 357 354 352 350
88 91 95 97 95 87 83 82 81 83 85 89 90 90 90 90 90 90 91 91 91 90 89 87 86 84 83 81 79 77 77 77 77 76 75 73 71 68 67 66 63 61 61 61 62 62 63 64 66 66 66 67 68 67 64 62 61 60 59 58 56 55 53 52 50 48 47 45 43 41 39 36 33 30 27 23 19 14 7 1 357 2 14 20 19 12 6 2 359 358 358 358 358 356 353 352
84 86 90 88 83 81 79 77 77 79 84 88 88 88 88 89 89 90 91 93 94 94 92 91 92 91 86 82 80 79 77 76 74 73 74 76 76 75 73 70 68 67 67 67 67 67 68 69 71 68 65 63 63 63 64 64 63 62 61 60 58 57 55 53 52 50 48 46 45 42 40 38 35 32 29 25 21 16 10 3 357 358 7 13 14 9 6 4 360 357 357 357 358 357 355 353
82 82 82 82 80 78 74 73 77 82 86 87 87 86 86 87 87 89 91 93 95 97 97 96 97 97 91 85 83 82 79 76 74 71 71 74 75 75 76 76 74 72 72 72 73 74 75 77 78 77 73 69 65 64 64 65 65 65 63 62 60 59 57 55 53 52 50 48 46 44 42 40 37 34 30 27 23 18 12 4 356 355 1 7 10 8 6 5 2 359 357 357 358 358 356 354
82 81 80 81 80 75 71 72 79 85 87 86 86 86 85 84 84 86 88 91 94 96 98 101 103 101 93 88 86 84 81 79 76 73 72 71 70 71 73 77 79 77 75 73 73 74 75 78 80 81 79 75 71 68 67 68 68 67 66 65 63 61 59 57 55 53 52 50 48 46 44 41 39 36 33 29 25 20 13 4 355 351 355 3 8 9 7 6 3 1 359 358 356 354 353 352
84 82 81 81 78 74 72 74 79 84 85 84 85 85 82 81 80 80 83 87 91 93 96 104 111 108 95 89 86 83 82 82 81 80 79 74 69 68 69 71 75 78 77 75 73 73 75 77 78 79 79 78 75 72 71 72 72 72 70 68 66 63 61 59 57 55 53 51 50 48 45 43 41 38 35 31 27 22 15 7 355 345 345 353 4 9 9 6 4 4 1 356 349 347 347 349
85 84 83 82 78 73 72 74 77 79 81 84 86 84 80 76 74 76 80 84 89 91 100 110 119 114 94 87 83 81 81 82 82 83 85 83 79 73 70 70 70 73 76 76 73 73 74 76 76 76 77 78 77 75 74 73 74 76 76 73 70 66 63 60 58 57 55 53 51 49 47 45 43 40 37 33 29 25 18 11 358 343 337 342 355 7 12 10 7 5 358 349 343 338 334 333
87 87 85 82 79 75 73 72 70 72 78 85 85 82 77 71 69 73 78 85 91 100 109 114 117 103 88 84 82 81 81 81 81 82 84 86 87 83 77 74 73 73 74 75 76 75 74 74 75 75 75 76 76 75 73 71 72 74 79 81 76 69 64 62 60 58 56 55 53 51 49 47 45 42 39 36 32 28 23 16 5 350 338 336 346 2 16 15 10 3 352 344 341 339 332 326
87 86 82 79 79 79 76 71 66 69 77 83 81 76 72 68 67 70 77 88 102 112 114 108 90 75 80 81 81 81 80 81 82 82 82 84 86 86 83 78 76 76 76 77 78 78 76 74 75 76 78 78 78 77 73 69 68 71 78 84 79 70 65 63 61 60 58 57 55 53 51 49 47 44 42 39 36 32 27 21 13 1 350 346 350 0 13 15 9 360 349 343 348 348 343 338
84 81 74 72 75 78 76 70 65 69 76 77 72 69 67 65 66 68 74 91 109 119 111 86 61 60 74 78 79 80 81 82 83 84 84 83 83 86 86 82 77 75 76 78 80 80 79 77 76 78 80 82 83 81 74 68 68 72 75 75 72 68 66 64 63 61 60 58 57 55 53 51 49 47 44 42 39 35 31 26 20 11 1 357 358 1 5 8 7 359 349 346 351 347 340 338
82 79 72 70 70 71 70 64 58 62 69 70 64 64 65 67 69 71 79 92 103 112 89 63 50 58 71 77 79 80 82 83 84 86 86 85 84 85 87 87 80 74 74 77 80 81 81 79 79 80 83 87 89 87 82 76 76 77 74 69 64 64 65 65 64 63 62 60 59 57 55 53 51 49 47 45 42 39 35 31 27 21 13 5 4 5 6 8 10 9 6 1 356 346 332 324
83 81 77 74 74 73 71 62 52 57 62 60 54 53 54 61 69 76 87 90 85 60 50 47 48 60 71 76 79 81 82 84 86 88 88 87 86 86 87 88 84 76 73 75 78 80 81 81 81 81 85 91 95 91 90 92 88 83 77 71 66 64 65 67 66 65 64 62 61 59 57 56 53 51 49 47 45 42 40 37 33 29 24 18 15 16 17 23 32 37 31 23 12 360 347 332
84 82 80 81 82 82 78 71 62 65 65 60 53 50 51 61 69 77 84 78 59 40 36 41 49 64 73 76 78 78 80 84 89 91 91 89 88 88 89 88 87 81 74 73 73 75 79 81 81 82 86 92 95 91 90 95 93 88 81 76 72 68 68 69 68 67 66 64 63 61 60 58 56 54 52 50 48 46 43 41 38 35 32 29 28 29 32 38 43 39 30 23 16 6 357 349
83 81 81 84 85 83 80 78 84 86 80 72 66 64 68 76 76 80 78 65 48 43 42 49 60 70 75 76 76 75 79 85 90 92 92 91 91 90 90 91 91 89 81 74 70 71 74 78 82 85 87 87 84 84 87 90 91 89 85 80 76 72 71 72 71 69 68 67 65 64 62 60 58 56 55 53 51 49 47 44 42 40 38 36 35 34 35 36 36 32 26 22 16 9 3 358
84 83 83 84 82 76 73 75 86 95 93 83 75 72 79 83 83 85 76 51 44 48 53 64 74 78 78 78 77 79 83 86 87 88 91 93 93 93 93 93 95 97 92 83 77 74 75 78 83 86 84 78 75 78 82 86 89 89 87 84 79 76 75 75 74 72 71 70 68 66 64 62 61 59 57 56 54 52 50 48 46 44 42 40 39 38 36 35 33 31 27 22 18 13 8 3
88 87 85 83 78 72 68 68 75 84 87 81 78 77 82 84 87 85 70 47 43 51 63 76 85 86 82 80 81 85 88 86 84 85 88 92 94 96 96 97 98 101 100 94 89 84 82 83 85 83 78 74 74 75 79 82 86 88 87 86 84 81 80 79 77 75 74 72 70 68 66 64 63 62 60 58 57 55 53 51 49 47 46 44 42 40 39 37 34 31 28 24 20 16 12 8
