windninja/windninja_output/Output_2025-08-24_1300-1350_Google earth_Fire_150m_10min/merlingen_7.5mi_point_08-24-2025_1310_150m_vel.asc
ncols	158
nrows	163
xllcorner	391686.332397
yllcorner	5160024.123721
cellsize	150.000000
NODATA_value	-32768.000000
[rows 76 to 113 of 163, columns 0 to 83 of 158]
3.07 2.86 2.45 2.07 1.89 1.86 1.72 1.58 1.51 1.44 1.39 1.34 1.30 1.30 1.27 1.22 1.22 1.25 1.24 1.23 1.24 1.25 1.27 1.29 1.23 1.12 1.13 1.21 1.34 1.57 1.75 1.77 1.72 1.71 1.60 1.40 1.27 1.21 1.17 1.14 1.16 1.20 1.24 1.26 1.27 1.28 1.28 1.29 1.29 1.28 1.28 1.27 1.27 1.26 1.26 1.25 1.25 1.24 1.23 1.22 1.21 1.20 1.19 1.18 1.16 1.14 1.12 1.09 1.06 1.03 1.01 0.98 0.95 0.90 0.86 0.89 1.01 1.22 1.45 1.62 1.67 1.68 1.80 1.88
3.35 3.14 2.78 2.45 2.19 2.01 1.79 1.64 1.56 1.47 1.41 1.36 1.33 1.34 1.31 1.26 1.25 1.27 1.26 1.26 1.28 1.29 1.30 1.31 1.26 1.21 1.24 1.27 1.26 1.39 1.66 1.84 1.82 1.80 1.79 1.57 1.39 1.31 1.23 1.19 1.18 1.21 1.27 1.30 1.31 1.32 1.33 1.33 1.33 1.32 1.32 1.31 1.30 1.30 1.29 1.29 1.29 1.28 1.27 1.27 1.26 1.25 1.24 1.23 1.21 1.20 1.17 1.15 1.13 1.11 1.09 1.06 1.03 0.98 0.91 0.87 0.91 1.04 1.22 1.39 1.46 1.50 1.71 1.88
3.64 3.21 2.92 3.02 2.71 2.22 1.88 1.70 1.62 1.51 1.39 1.34 1.35 1.38 1.37 1.32 1.30 1.30 1.27 1.30 1.33 1.33 1.35 1.31 1.23 1.29 1.42 1.40 1.30 1.29 1.49 1.81 1.91 1.91 1.94 1.81 1.58 1.46 1.37 1.25 1.18 1.22 1.30 1.34 1.36 1.37 1.38 1.38 1.37 1.36 1.35 1.34 1.33 1.33 1.33 1.32 1.32 1.32 1.31 1.31 1.30 1.30 1.29 1.28 1.26 1.25 1.23 1.21 1.19 1.17 1.15 1.12 1.08 1.05 0.99 0.94 0.91 0.95 1.06 1.19 1.36 1.52 1.76 2.04
3.69 3.18 2.99 3.64 3.51 2.75 2.07 1.74 1.68 1.52 1.32 1.30 1.36 1.41 1.43 1.39 1.36 1.33 1.30 1.33 1.37 1.39 1.40 1.31 1.16 1.28 1.55 1.57 1.43 1.30 1.37 1.68 1.90 1.99 2.03 1.94 1.76 1.64 1.59 1.42 1.21 1.21 1.32 1.37 1.40 1.42 1.43 1.43 1.42 1.40 1.38 1.36 1.35 1.35 1.35 1.35 1.35 1.35 1.35 1.34 1.34 1.33 1.32 1.32 1.30 1.29 1.28 1.26 1.24 1.22 1.19 1.17 1.14 1.12 1.08 1.04 0.99 0.96 0.99 1.07 1.31 1.58 1.89 2.27
3.30 3.07 3.15 3.59 3.93 3.37 2.16 1.66 1.64 1.42 1.21 1.25 1.38 1.45 1.49 1.47 1.41 1.38 1.34 1.36 1.41 1.44 1.45 1.34 1.14 1.23 1.55 1.66 1.58 1.41 1.36 1.56 1.79 1.99 2.15 2.07 1.87 1.79 1.81 1.69 1.38 1.25 1.35 1.40 1.42 1.45 1.47 1.48 1.47 1.43 1.39 1.37 1.36 1.36 1.37 1.38 1.38 1.38 1.38 1.38 1.37 1.37 1.36 1.36 1.35 1.33 1.32 1.31 1.29 1.27 1.25 1.22 1.19 1.18 1.16 1.12 1.08 1.02 0.99 1.05 1.33 1.68 1.98 2.25
2.80 2.86 3.06 3.47 4.02 3.52 2.01 1.43 1.45 1.28 1.13 1.22 1.40 1.51 1.57 1.53 1.46 1.45 1.42 1.41 1.45 1.48 1.50 1.39 1.17 1.24 1.53 1.65 1.65 1.55 1.45 1.53 1.66 1.85 2.13 2.23 2.04 1.90 1.93 1.92 1.68 1.44 1.47 1.50 1.50 1.51 1.49 1.52 1.57 1.50 1.36 1.31 1.33 1.36 1.38 1.40 1.41 1.41 1.41 1.41 1.41 1.40 1.39 1.39 1.38 1.37 1.36 1.35 1.33 1.31 1.29 1.27 1.24 1.23 1.21 1.18 1.15 1.11 1.09 1.16 1.40 1.73 1.97 2.11
3.08 3.03 3.23 3.87 3.93 2.95 1.99 1.55 1.36 1.26 1.14 1.24 1.45 1.58 1.65 1.60 1.52 1.53 1.52 1.47 1.49 1.53 1.55 1.44 1.22 1.31 1.55 1.61 1.66 1.65 1.57 1.57 1.60 1.69 1.92 2.16 2.20 2.06 2.01 2.00 1.88 1.72 1.68 1.71 1.70 1.67 1.61 1.62 1.75 1.68 1.44 1.29 1.26 1.31 1.37 1.41 1.44 1.44 1.44 1.44 1.44 1.43 1.43 1.42 1.41 1.40 1.39 1.38 1.37 1.35 1.33 1.31 1.28 1.27 1.25 1.23 1.21 1.17 1.16 1.22 1.36 1.58 1.88 2.11
4.36 3.76 3.52 3.79 3.38 2.67 2.12 1.72 1.51 1.38 1.27 1.36 1.53 1.65 1.74 1.68 1.61 1.63 1.63 1.56 1.55 1.58 1.60 1.49 1.28 1.36 1.59 1.62 1.65 1.71 1.69 1.67 1.65 1.70 1.81 1.98 2.13 2.14 2.08 2.01 1.91 1.84 1.81 1.86 1.90 1.90 1.84 1.82 1.93 1.94 1.75 1.51 1.33 1.29 1.36 1.43 1.46 1.47 1.48 1.47 1.46 1.46 1.45 1.45 1.44 1.43 1.42 1.41 1.40 1.38 1.37 1.34 1.32 1.30 1.29 1.27 1.25 1.23 1.21 1.21 1.27 1.42 1.78 2.20
4.87 4.28 3.56 3.44 3.20 2.79 2.20 1.81 1.72 1.58 1.51 1.52 1.60 1.75 1.84 1.78 1.72 1.76 1.76 1.68 1.66 1.64 1.62 1.58 1.40 1.37 1.57 1.64 1.66 1.74 1.77 1.75 1.74 1.78 1.89 1.99 2.08 2.11 2.08 2.01 1.91 1.84 1.81 1.83 1.89 1.93 1.91 1.90 1.93 1.95 1.90 1.78 1.60 1.42 1.40 1.46 1.50 1.51 1.51 1.50 1.49 1.48 1.48 1.47 1.47 1.46 1.45 1.44 1.43 1.42 1.40 1.38 1.35 1.33 1.31 1.29 1.28 1.26 1.24 1.24 1.29 1.42 1.70 2.10
5.49 4.74 3.72 3.49 3.41 3.00 2.31 1.99 1.97 1.86 1.72 1.65 1.69 1.83 1.94 1.91 1.84 1.90 1.90 1.84 1.80 1.73 1.68 1.67 1.54 1.38 1.48 1.63 1.70 1.76 1.77 1.80 1.77 1.82 2.03 2.14 2.16 2.18 2.12 2.02 1.90 1.84 1.85 1.87 1.91 1.94 1.97 2.00 1.95 1.84 1.78 1.77 1.73 1.59 1.49 1.50 1.54 1.55 1.54 1.53 1.51 1.50 1.50 1.49 1.49 1.48 1.48 1.47 1.46 1.44 1.43 1.40 1.38 1.35 1.33 1.32 1.30 1.28 1.27 1.29 1.37 1.51 1.72 1.99
6.11 5.16 3.93 3.62 3.52 3.17 2.51 2.30 2.33 2.14 1.87 1.74 1.81 1.89 2.01 2.03 1.98 2.06 2.07 2.04 1.95 1.84 1.82 1.84 1.65 1.36 1.40 1.61 1.77 1.77 1.73 1.82 1.78 1.76 2.05 2.25 2.29 2.37 2.35 2.19 1.96 1.82 1.85 1.94 2.01 2.05 2.11 2.17 2.09 1.87 1.71 1.67 1.69 1.67 1.59 1.57 1.58 1.58 1.57 1.55 1.53 1.52 1.51 1.51 1.51 1.51 1.50 1.50 1.49 1.47 1.45 1.43 1.41 1.38 1.35 1.33 1.31 1.30 1.29 1.31 1.38 1.55 1.78 2.02
6.47 5.33 4.13 3.77 3.45 3.24 2.84 2.63 2.67 2.45 1.98 1.84 1.95 1.91 2.05 2.13 2.09 2.24 2.32 2.30 2.14 1.99 2.10 2.15 1.71 1.23 1.32 1.61 1.79 1.81 1.77 1.84 1.81 1.74 1.92 2.14 2.27 2.47 2.62 2.55 2.24 1.93 1.82 1.93 2.07 2.19 2.27 2.32 2.26 2.01 1.75 1.65 1.62 1.66 1.67 1.64 1.62 1.60 1.58 1.56 1.54 1.52 1.52 1.52 1.53 1.53 1.53 1.52 1.51 1.50 1.48 1.46 1.43 1.40 1.37 1.35 1.33 1.30 1.28 1.26 1.27 1.38 1.56 1.74
6.49 5.47 4.29 3.81 3.33 3.17 3.13 3.00 2.89 2.73 2.24 2.04 2.07 1.93 2.03 2.15 2.20 2.46 2.62 2.65 2.42 2.29 2.61 2.48 1.61 0.96 1.22 1.60 1.77 1.86 1.89 1.92 1.91 1.87 1.90 1.98 2.04 2.27 2.61 2.78 2.65 2.29 1.96 1.90 2.04 2.28 2.45 2.48 2.40 2.20 1.94 1.74 1.62 1.65 1.72 1.73 1.72 1.67 1.60 1.54 1.51 1.49 1.51 1.53 1.54 1.55 1.55 1.55 1.54 1.52 1.50 1.48 1.45 1.43 1.39 1.36 1.33 1.30 1.24 1.19 1.13 1.13 1.17 1.22
6.17 5.47 4.36 3.71 3.30 3.11 3.19 3.24 3.07 3.07 2.87 2.37 2.09 1.98 1.99 2.08 2.35 2.72 2.99 3.08 2.86 2.93 3.04 2.33 1.07 0.68 1.15 1.58 1.78 1.92 2.01 2.03 2.03 2.03 2.06 2.06 1.95 2.02 2.36 2.74 2.81 2.59 2.25 1.99 2.01 2.26 2.53 2.66 2.55 2.34 2.15 1.92 1.73 1.68 1.74 1.82 1.88 1.87 1.76 1.55 1.40 1.42 1.49 1.53 1.56 1.57 1.57 1.57 1.56 1.55 1.53 1.51 1.48 1.45 1.41 1.37 1.33 1.28 1.23 1.16 1.07 0.99 0.93 0.84
5.91 5.26 4.28 3.74 3.44 3.12 3.03 3.16 3.16 3.43 3.48 2.68 2.05 2.01 1.99 2.05 2.42 2.96 3.53 3.83 3.72 3.48 2.79 1.59 0.71 0.65 1.18 1.61 1.84 1.99 2.09 2.15 2.16 2.13 2.22 2.26 2.06 1.96 2.16 2.61 2.87 2.73 2.47 2.19 2.08 2.19 2.45 2.73 2.75 2.53 2.29 2.07 1.86 1.72 1.69 1.84 2.02 2.13 2.11 1.67 1.27 1.30 1.45 1.53 1.58 1.59 1.60 1.60 1.59 1.57 1.55 1.53 1.50 1.47 1.44 1.39 1.34 1.29 1.22 1.15 1.06 0.96 0.85 0.74
5.73 5.05 4.28 4.05 3.81 3.28 2.91 2.91 3.09 3.68 3.87 2.98 2.18 2.09 2.09 2.18 2.48 3.05 3.97 4.75 4.28 3.13 1.78 1.13 0.76 0.84 1.32 1.70 1.92 2.08 2.19 2.27 2.30 2.23 2.29 2.40 2.27 2.11 2.08 2.36 2.82 2.89 2.69 2.42 2.22 2.19 2.37 2.68 2.87 2.79 2.49 2.21 1.97 1.73 1.56 1.74 2.08 2.31 2.40 1.95 1.32 1.24 1.41 1.54 1.60 1.62 1.63 1.62 1.61 1.60 1.58 1.56 1.53 1.49 1.46 1.42 1.37 1.31 1.25 1.17 1.07 0.94 0.85 0.81
5.35 4.82 4.25 4.23 4.23 3.76 3.12 2.79 3.01 3.93 4.25 3.30 2.51 2.31 2.26 2.38 2.58 3.07 4.30 5.11 4.11 1.73 1.06 1.07 0.95 1.08 1.50 1.84 2.03 2.20 2.32 2.41 2.45 2.36 2.35 2.44 2.42 2.33 2.21 2.19 2.50 2.90 3.00 2.75 2.42 2.26 2.34 2.62 2.92 3.02 2.77 2.41 2.07 1.73 1.40 1.53 2.06 2.34 2.44 2.21 1.64 1.34 1.41 1.55 1.62 1.65 1.66 1.65 1.64 1.62 1.61 1.58 1.55 1.52 1.48 1.44 1.39 1.33 1.27 1.20 1.10 0.98 0.83 0.73
4.95 4.56 4.05 4.06 4.28 4.08 3.45 2.77 2.66 3.79 4.64 4.01 3.18 2.92 2.85 3.05 3.11 3.50 4.77 5.11 3.61 1.31 1.18 1.22 1.17 1.34 1.69 1.98 2.17 2.35 2.45 2.59 2.65 2.51 2.40 2.46 2.51 2.48 2.41 2.24 2.17 2.58 3.15 3.15 2.71 2.43 2.40 2.60 2.97 3.17 3.12 2.73 2.10 1.71 1.44 1.47 1.98 2.26 2.29 2.23 1.90 1.53 1.47 1.58 1.65 1.68 1.69 1.68 1.66 1.65 1.63 1.61 1.58 1.55 1.52 1.47 1.42 1.36 1.29 1.22 1.14 1.04 0.91 0.74
4.76 4.44 3.94 3.97 4.28 4.09 3.39 2.43 1.81 2.82 4.30 4.35 3.75 3.36 3.27 3.72 3.99 4.33 5.32 5.00 3.38 2.42 2.04 1.70 1.51 1.63 1.88 2.12 2.31 2.48 2.62 2.86 2.92 2.65 2.44 2.49 2.60 2.60 2.55 2.36 2.07 2.15 2.91 3.38 3.08 2.77 2.64 2.71 3.03 3.27 3.48 3.08 2.00 1.66 1.65 1.65 1.93 2.12 2.12 2.12 1.97 1.66 1.56 1.63 1.68 1.71 1.71 1.71 1.69 1.67 1.65 1.63 1.60 1.57 1.54 1.51 1.46 1.40 1.34 1.27 1.19 1.10 1.00 0.88
4.55 4.41 4.10 4.16 4.47 4.10 3.22 2.17 1.52 2.20 3.42 3.87 3.50 2.93 2.87 3.79 4.54 5.30 6.05 5.04 3.56 3.43 2.84 2.23 1.87 1.89 2.03 2.24 2.39 2.57 2.89 3.22 3.20 2.80 2.48 2.54 2.70 2.71 2.65 2.48 2.14 1.94 2.42 3.14 3.30 3.19 3.05 3.01 3.19 3.44 3.67 3.20 2.06 1.71 1.86 1.86 1.94 2.03 2.00 2.01 1.96 1.73 1.64 1.69 1.71 1.73 1.74 1.74 1.73 1.70 1.67 1.65 1.63 1.61 1.58 1.54 1.49 1.44 1.38 1.32 1.25 1.18 1.09 1.00
4.15 4.39 4.40 4.37 4.59 4.20 3.41 2.48 1.93 2.13 2.81 3.26 2.98 2.76 2.98 3.93 4.64 5.96 6.66 4.70 3.90 4.08 3.57 2.77 2.21 2.05 2.09 2.31 2.44 2.64 3.18 3.51 3.40 3.00 2.64 2.65 2.79 2.82 2.76 2.61 2.30 1.97 2.08 2.65 3.09 3.24 3.32 3.39 3.52 3.67 3.59 3.18 2.47 1.98 2.05 2.12 2.06 2.04 1.96 1.94 1.92 1.77 1.72 1.74 1.74 1.74 1.76 1.77 1.76 1.72 1.70 1.68 1.66 1.64 1.61 1.57 1.53 1.48 1.43 1.37 1.30 1.24 1.18 1.10
4.00 4.40 4.59 4.38 4.51 4.45 3.93 3.22 2.64 2.38 2.52 2.42 2.20 2.63 3.23 4.12 4.95 6.13 6.66 5.34 4.53 4.45 4.48 3.63 2.57 2.08 2.08 2.32 2.56 2.87 3.34 3.58 3.53 3.28 2.95 2.85 2.95 2.97 2.88 2.73 2.50 2.13 1.99 2.42 2.88 3.04 3.33 3.66 3.81 3.73 3.44 3.25 2.88 2.34 2.28 2.38 2.27 2.12 2.00 1.95 1.86 1.80 1.79 1.78 1.76 1.77 1.79 1.80 1.78 1.74 1.71 1.71 1.69 1.67 1.64 1.60 1.56 1.52 1.47 1.41 1.36 1.30 1.24 1.19
4.26 4.53 4.58 4.19 4.22 4.41 4.14 3.78 3.42 2.95 2.63 2.26 2.01 2.40 3.38 4.41 5.31 5.79 5.24 5.29 5.17 5.03 5.35 4.45 2.81 1.99 2.12 2.43 2.75 3.16 3.47 3.56 3.60 3.52 3.27 3.16 3.21 3.21 3.04 2.84 2.66 2.33 2.09 2.34 2.77 2.98 3.32 3.76 3.86 3.67 3.40 3.29 3.12 2.71 2.53 2.57 2.53 2.30 2.11 2.01 1.88 1.85 1.87 1.82 1.76 1.78 1.80 1.80 1.79 1.76 1.74 1.74 1.72 1.70 1.68 1.64 1.60 1.55 1.51 1.46 1.40 1.35 1.30 1.25
4.65 4.63 4.41 4.06 3.97 3.92 3.71 3.80 3.74 3.32 3.01 2.62 2.24 2.43 3.38 4.64 5.31 4.88 4.33 4.56 5.13 5.69 5.98 4.96 2.91 2.22 2.44 2.69 2.96 3.36 3.65 3.69 3.72 3.70 3.55 3.49 3.53 3.49 3.28 3.01 2.79 2.54 2.26 2.25 2.64 3.05 3.37 3.66 3.73 3.61 3.48 3.31 3.17 3.03 2.83 2.73 2.69 2.57 2.30 2.06 1.96 1.98 2.02 1.93 1.83 1.79 1.77 1.77 1.78 1.77 1.77 1.77 1.75 1.73 1.71 1.68 1.63 1.59 1.55 1.50 1.45 1.40 1.35 1.31
4.61 4.57 4.41 4.22 3.95 3.73 3.59 3.64 3.65 3.42 3.30 2.96 2.59 2.75 3.36 4.47 5.19 4.48 3.81 4.01 4.84 6.03 6.11 4.45 3.16 2.85 2.94 3.06 3.21 3.54 3.88 3.99 4.00 3.95 3.84 3.77 3.75 3.73 3.65 3.30 2.92 2.71 2.42 2.22 2.52 3.05 3.35 3.49 3.54 3.55 3.57 3.38 3.17 3.19 3.12 2.94 2.79 2.83 2.60 2.16 2.00 2.09 2.20 2.16 2.03 1.86 1.76 1.72 1.73 1.78 1.80 1.80 1.79 1.77 1.74 1.71 1.67 1.63 1.58 1.53 1.49 1.43 1.39 1.35
4.45 4.43 4.47 4.35 3.95 3.75 3.72 3.66 3.56 3.45 3.38 3.12 2.82 3.02 3.57 4.36 5.07 4.56 3.65 4.30 5.69 6.17 5.39 4.43 3.75 3.40 3.39 3.45 3.50 3.76 4.17 4.42 4.45 4.37 4.18 3.98 3.88 3.95 4.05 3.69 3.08 2.80 2.57 2.33 2.43 2.85 3.26 3.40 3.39 3.45 3.55 3.46 3.26 3.24 3.28 3.11 2.92 3.03 2.91 2.41 2.10 2.12 2.29 2.40 2.29 2.02 1.83 1.71 1.68 1.76 1.82 1.84 1.82 1.80 1.78 1.75 1.71 1.67 1.61 1.56 1.51 1.47 1.42 1.38
4.37 4.37 4.41 4.31 3.99 3.81 3.80 3.75 3.63 3.47 3.37 3.18 2.84 2.87 3.50 4.34 4.94 4.74 4.18 5.12 6.25 5.38 4.82 4.71 4.30 3.96 3.83 3.79 3.78 4.04 4.52 4.89 4.95 4.83 4.57 4.26 4.11 4.26 4.39 3.99 3.29 2.90 2.74 2.52 2.42 2.68 3.13 3.32 3.30 3.35 3.43 3.48 3.40 3.32 3.39 3.19 3.06 3.13 3.07 2.80 2.39 2.21 2.33 2.52 2.54 2.26 1.95 1.77 1.69 1.78 1.91 1.91 1.83 1.80 1.81 1.79 1.74 1.70 1.65 1.59 1.54 1.49 1.45 1.40
4.36 4.33 4.30 4.22 4.04 3.91 3.85 3.80 3.72 3.53 3.38 3.24 2.83 2.61 3.00 3.87 4.77 4.78 4.59 5.68 6.28 5.46 5.10 5.05 4.73 4.53 4.47 4.23 4.12 4.49 4.88 5.19 5.41 5.31 5.07 4.79 4.54 4.56 4.54 4.16 3.54 3.11 2.93 2.74 2.58 2.62 2.92 3.13 3.17 3.26 3.36 3.48 3.47 3.37 3.46 3.34 3.20 3.18 3.13 3.06 2.77 2.45 2.41 2.61 2.73 2.48 2.11 1.87 1.76 1.88 2.11 2.07 1.85 1.78 1.82 1.82 1.79 1.73 1.68 1.62 1.56 1.50 1.45 1.42
4.33 4.26 4.18 4.18 4.10 4.00 3.90 3.84 3.80 3.68 3.45 3.29 3.00 2.81 3.00 3.53 4.51 4.76 4.71 5.47 5.87 5.79 5.68 5.47 5.11 5.04 5.24 5.03 4.76 5.10 5.23 5.38 5.80 5.83 5.63 5.43 5.07 4.79 4.64 4.33 3.86 3.39 3.13 2.98 2.78 2.63 2.72 2.85 2.91 3.12 3.34 3.47 3.51 3.44 3.41 3.39 3.33 3.28 3.25 3.20 2.99 2.68 2.54 2.72 2.85 2.67 2.32 2.01 1.87 2.02 2.34 2.35 2.06 1.85 1.84 1.86 1.82 1.75 1.68 1.63 1.58 1.52 1.46 1.41
4.23 4.14 4.05 4.16 4.22 4.11 3.97 3.85 3.89 3.95 3.71 3.50 3.34 3.13 3.18 3.52 4.18 4.52 4.57 4.94 5.21 5.49 5.79 5.72 5.51 5.52 5.90 5.88 5.65 5.86 5.76 5.86 6.12 6.16 6.14 6.17 5.83 5.23 4.92 4.61 4.18 3.64 3.37 3.25 2.96 2.72 2.65 2.65 2.65 2.92 3.28 3.44 3.51 3.56 3.47 3.33 3.30 3.35 3.43 3.39 3.14 2.87 2.76 2.84 2.87 2.80 2.53 2.14 1.99 2.17 2.45 2.60 2.51 2.14 1.98 2.02 1.93 1.78 1.69 1.65 1.57 1.49 1.44 1.40
4.06 3.96 3.89 4.11 4.35 4.30 4.09 3.91 4.01 4.24 4.08 3.85 3.66 3.39 3.35 3.49 3.90 4.22 4.23 4.42 4.88 5.37 5.40 5.49 5.79 5.92 6.32 6.58 6.77 6.82 6.68 6.60 6.21 6.13 6.77 7.31 6.80 5.81 5.22 4.81 4.33 3.81 3.63 3.47 3.10 2.87 2.68 2.56 2.52 2.69 3.13 3.33 3.39 3.58 3.66 3.45 3.29 3.32 3.48 3.54 3.33 3.07 3.01 3.00 2.92 2.86 2.70 2.27 2.04 2.29 2.54 2.67 2.81 2.65 2.39 2.33 2.13 1.84 1.76 1.79 1.65 1.44 1.36 1.36
3.75 3.73 3.77 4.06 4.39 4.46 4.30 4.07 4.14 4.49 4.45 4.19 3.85 3.62 3.61 3.52 3.74 3.94 3.84 3.98 4.71 5.52 5.10 4.74 5.53 6.27 6.54 6.91 7.86 8.07 7.59 7.02 5.81 6.01 7.91 8.61 7.50 5.93 5.30 5.01 4.44 4.03 3.90 3.65 3.32 3.10 2.82 2.62 2.51 2.53 2.88 3.14 3.19 3.40 3.65 3.67 3.49 3.38 3.45 3.56 3.55 3.36 3.17 3.11 3.06 2.93 2.83 2.48 2.09 2.26 2.67 2.80 2.89 2.94 2.81 2.66 2.41 2.03 1.90 1.99 1.84 1.48 1.28 1.28
3.35 3.40 3.68 4.10 4.35 4.51 4.53 4.30 4.32 4.58 4.70 4.40 3.88 3.81 4.02 3.88 3.74 3.71 3.62 3.82 4.62 5.56 5.08 4.09 4.67 6.03 6.58 6.73 8.42 9.39 8.17 7.21 5.62 6.31 9.31 9.40 7.36 5.81 5.63 5.47 4.63 4.17 4.17 3.96 3.59 3.30 3.04 2.77 2.50 2.40 2.63 2.93 3.05 3.16 3.39 3.65 3.72 3.59 3.51 3.53 3.67 3.73 3.41 3.15 3.18 3.04 2.90 2.74 2.29 2.16 2.63 3.05 3.11 3.06 3.05 2.97 2.74 2.37 2.06 2.10 2.08 1.71 1.34 1.20
2.94 3.07 3.58 4.14 4.35 4.50 4.53 4.45 4.46 4.55 4.76 4.63 4.07 4.05 4.45 4.39 3.84 3.33 3.55 4.27 5.09 5.59 4.92 3.84 3.79 5.15 6.28 6.56 8.49 10.06 8.64 7.50 6.32 7.17 10.26 9.57 7.04 6.25 6.37 5.69 4.35 4.18 4.55 4.23 3.72 3.50 3.26 2.87 2.50 2.35 2.43 2.70 2.92 3.01 3.12 3.39 3.69 3.81 3.69 3.49 3.63 4.01 3.81 3.28 3.29 3.24 2.94 2.84 2.57 2.23 2.45 3.13 3.43 3.24 3.17 3.14 3.05 2.77 2.33 2.19 2.21 2.05 1.61 1.23
2.60 2.90 3.64 4.19 4.38 4.43 4.34 4.38 4.50 4.57 4.80 4.78 4.27 4.29 4.84 4.90 3.84 2.69 3.34 4.82 5.94 5.95 4.66 3.66 3.39 4.12 5.48 6.42 8.72 10.44 9.11 7.82 7.14 8.31 10.97 10.05 7.73 7.32 6.70 5.06 3.99 4.55 4.92 4.28 3.82 3.72 3.38 2.91 2.59 2.40 2.33 2.45 2.66 2.88 3.05 3.17 3.44 3.86 3.92 3.50 3.47 4.02 4.13 3.61 3.49 3.54 3.20 2.86 2.64 2.40 2.43 3.08 3.61 3.51 3.37 3.29 3.22 3.06 2.71 2.45 2.31 2.25 1.93 1.42
2.45 2.97 3.77 4.19 4.33 4.29 4.21 4.31 4.44 4.50 4.80 5.01 4.52 4.46 5.19 5.32 3.73 1.99 2.84 4.89 6.61 6.80 4.76 3.36 3.29 3.77 4.57 5.57 8.02 10.45 10.19 8.43 7.58 9.17 11.77 11.06 9.07 7.95 6.35 4.54 4.28 4.84 4.96 4.41 4.07 3.82 3.32 2.91 2.71 2.49 2.29 2.19 2.27 2.69 3.05 3.05 3.18 3.76 4.09 3.67 3.38 3.81 4.15 3.96 3.77 3.84 3.71 3.14 2.67 2.48 2.51 3.02 3.60 3.71 3.63 3.54 3.36 3.22 3.08 2.81 2.55 2.43 2.14 1.66
2.52 3.04 3.71 4.06 4.24 4.19 4.15 4.28 4.44 4.39 4.72 5.46 5.14 4.61 5.33 5.60 3.63 1.45 2.14 4.38 6.58 7.61 5.74 3.19 3.15 4.27 4.52 4.85 6.22 9.01 10.76 9.84 8.48 10.12 12.60 11.79 9.65 7.69 5.38 4.48 4.32 4.39 4.88 5.05 4.47 3.82 3.23 2.87 2.73 2.56 2.32 2.00 1.93 2.47 2.97 2.96 2.99 3.55 4.11 3.93 3.49 3.62 4.00 4.07 3.95 4.02 4.11 3.74 3.07 2.63 2.60 3.00 3.50 3.74 3.81 3.78 3.56 3.34 3.34 3.25 2.94 2.69 2.30 1.86
2.65 3.04 3.55 3.91 4.20 4.17 4.05 4.16 4.35 4.31 4.62 5.72 5.74 4.84 5.41 5.85 3.73 1.13 1.46 3.45 5.82 7.87 7.11 3.91 3.45 5.08 5.24 5.25 5.39 6.66 9.47 10.87 10.68 11.95 13.47 11.76 8.98 6.74 4.91 4.20 3.68 3.98 5.34 5.80 4.66 3.53 3.01 2.82 2.73 2.64 2.41 1.98 1.77 2.21 2.77 2.90 2.86 3.25 3.98 4.12 3.71 3.54 3.92 4.18 3.94 3.99 4.25 4.17 3.80 3.19 2.90 3.16 3.50 3.68 3.91 4.03 3.81 3.48 3.42 3.51 3.49 3.09 2.45 2.06
