windninja/windninja_output/Output_2025-08-24_1300-1350_Google earth_Fire_150m_10min/merlingen_7.5mi_point_08-24-2025_1300_150m_vel.asc
ncols	158
nrows	163
xllcorner	391686.332397
yllcorner	5160024.123721
cellsize	150.000000
NODATA_value	-32768.000000
[rows 114 to 151 of 163, columns 0 to 83 of 158]
1.93 2.35 2.87 3.16 3.45 3.50 3.40 3.34 3.32 3.44 3.91 4.85 4.85 4.14 4.75 5.33 3.62 1.25 0.82 2.00 3.75 5.88 6.46 4.71 4.33 5.06 5.08 4.83 4.94 5.11 6.09 8.73 10.82 12.19 12.18 9.75 7.44 6.06 4.65 3.60 3.24 4.26 5.75 5.93 4.58 3.47 3.25 3.15 2.95 2.79 2.58 2.24 1.95 2.00 2.43 2.67 2.57 2.71 3.27 3.66 3.42 3.09 3.37 3.84 3.59 3.41 3.66 3.78 3.74 3.40 3.06 3.20 3.44 3.40 3.59 3.96 3.92 3.61 3.33 3.42 3.79 3.58 2.80 2.37
1.54 2.15 2.90 3.19 3.38 3.45 3.48 3.32 3.21 3.51 4.25 4.87 4.39 3.97 5.15 6.12 4.41 1.73 0.94 1.39 2.86 4.56 5.90 6.17 5.88 5.47 4.98 4.84 5.70 5.22 4.82 7.34 11.03 13.19 12.33 9.78 7.59 6.11 4.77 3.67 3.80 5.32 6.23 5.88 4.86 4.06 3.65 3.22 2.95 2.80 2.59 2.37 2.05 1.82 2.19 2.56 2.56 2.60 3.01 3.55 3.46 3.13 3.36 3.87 3.79 3.41 3.53 3.79 3.88 3.70 3.45 3.50 3.73 3.63 3.48 3.85 4.15 3.97 3.49 3.34 3.87 3.88 3.11 2.57
1.22 1.96 2.82 3.17 3.30 3.32 3.37 3.36 3.54 4.06 4.87 4.70 3.60 3.47 5.42 7.01 5.10 1.87 1.20 1.40 2.46 3.54 4.65 6.05 6.53 6.00 4.88 4.93 6.55 5.75 4.43 6.12 9.85 13.10 12.94 10.21 7.79 5.74 4.86 4.61 5.01 6.11 6.10 5.55 5.07 4.14 3.23 2.75 2.75 2.76 2.64 2.49 2.20 1.80 1.85 2.34 2.58 2.59 2.85 3.37 3.38 3.18 3.41 3.85 3.90 3.48 3.46 3.75 3.92 3.87 3.71 3.72 4.02 4.18 3.80 3.71 4.04 4.23 3.86 3.46 3.86 4.07 3.29 2.64
1.07 1.75 2.64 3.11 3.29 3.26 3.12 3.29 3.98 4.78 5.36 4.41 2.85 2.93 5.58 7.62 5.58 2.14 1.76 2.22 2.78 3.58 4.33 5.28 6.21 6.42 5.28 5.26 7.23 6.24 4.67 5.47 7.97 12.00 13.06 10.48 7.63 5.28 5.04 5.86 6.18 6.14 5.58 5.33 5.05 3.90 3.05 2.92 3.03 3.05 2.91 2.62 2.30 1.83 1.51 2.07 2.58 2.63 2.78 3.18 3.27 3.15 3.42 3.88 3.92 3.54 3.48 3.72 3.89 3.93 3.85 3.82 4.10 4.55 4.58 4.14 3.87 4.13 4.21 3.88 4.02 4.19 3.38 2.59
0.96 1.46 2.43 3.10 3.31 3.24 3.04 3.36 4.24 5.03 5.61 4.44 2.58 2.77 5.19 7.75 6.84 3.25 2.52 2.96 3.22 3.74 4.34 4.97 5.74 6.32 5.85 6.25 7.26 6.67 5.80 6.13 7.93 12.00 12.66 10.30 7.75 5.30 5.66 6.65 6.20 5.58 5.19 5.12 4.90 4.19 3.54 3.40 3.36 3.22 2.92 2.49 2.22 1.84 1.38 1.79 2.47 2.66 2.78 3.09 3.22 3.10 3.33 3.81 3.87 3.62 3.54 3.73 3.92 3.99 3.92 3.82 3.98 4.50 5.05 4.93 4.22 4.06 4.29 4.26 4.35 4.28 3.46 2.63
0.80 1.19 2.22 3.16 3.38 3.18 3.21 3.70 4.49 4.90 5.47 4.98 2.90 2.85 4.48 7.15 8.06 5.11 3.07 3.11 3.36 3.71 4.34 5.18 5.97 6.42 6.49 6.84 7.35 7.59 8.44 9.17 10.77 12.58 11.67 9.85 8.03 6.14 6.36 6.44 5.52 5.08 5.00 5.13 5.11 4.62 3.82 3.45 3.27 2.94 2.55 2.18 2.02 1.78 1.34 1.48 2.27 2.69 2.83 3.08 3.28 3.15 3.26 3.59 3.61 3.61 3.57 3.66 3.99 4.18 4.03 3.78 3.81 4.20 4.93 5.39 5.03 4.50 4.48 4.53 4.56 4.40 3.65 2.89
0.64 0.98 2.04 3.25 3.52 3.15 3.49 4.15 4.80 4.65 4.96 5.55 3.68 2.81 3.84 6.44 8.54 6.97 3.93 3.24 3.41 3.73 4.45 5.46 6.33 6.80 7.00 7.17 8.16 9.59 10.62 10.79 11.16 11.27 10.45 9.62 8.25 7.28 6.48 5.36 4.94 4.91 5.22 5.44 5.21 4.60 4.00 3.62 3.15 2.68 2.31 1.97 1.84 1.72 1.30 1.14 2.05 2.74 2.87 3.09 3.38 3.18 3.21 3.42 3.31 3.54 3.57 3.32 3.73 4.28 4.22 3.85 3.72 3.89 4.43 5.17 5.55 5.33 5.04 4.92 4.74 4.53 3.88 3.21
0.53 0.88 1.96 3.10 3.47 3.30 3.85 4.72 5.18 4.44 4.53 6.14 4.65 2.80 3.38 5.81 8.55 8.10 5.06 3.43 3.31 3.79 4.55 5.57 6.71 7.23 7.30 7.77 9.79 11.77 11.76 11.07 10.80 10.28 10.20 9.61 8.31 7.84 5.96 4.66 4.61 4.83 5.60 5.54 5.01 4.55 4.18 3.60 2.80 2.36 2.04 1.76 1.69 1.67 1.31 0.95 1.97 2.75 2.85 3.12 3.37 3.07 3.10 3.39 3.38 3.76 3.90 3.23 3.15 3.92 4.19 4.00 3.85 3.75 3.87 4.43 5.28 5.82 5.82 5.55 5.15 4.81 4.17 3.55
0.61 1.01 2.04 2.72 3.12 3.43 4.15 5.18 5.64 4.50 4.47 6.76 5.55 2.93 2.94 4.74 8.01 8.77 5.80 3.75 3.39 3.99 4.68 5.59 7.01 7.43 7.59 8.82 11.74 13.30 11.91 11.20 10.98 9.73 10.02 9.72 8.12 7.89 6.20 4.57 4.22 4.53 5.77 5.87 5.21 4.86 4.29 3.13 2.28 1.92 1.69 1.58 1.51 1.53 1.28 0.90 1.79 2.65 2.78 3.11 3.19 2.97 3.14 3.40 3.60 4.29 4.61 3.80 3.17 3.28 3.74 3.95 4.00 3.84 3.58 3.66 4.34 5.38 6.09 6.19 5.89 5.44 4.61 3.94
0.78 1.22 2.13 2.38 2.64 3.33 4.03 5.11 6.08 5.28 5.19 7.53 6.20 2.81 2.55 3.96 6.70 8.81 7.32 5.08 4.46 4.53 4.89 5.82 7.09 7.63 7.87 9.86 14.02 14.58 11.48 10.66 10.56 9.28 9.72 9.75 7.87 7.64 7.02 4.72 3.85 4.04 5.23 6.30 5.97 5.30 4.45 3.05 2.08 1.66 1.58 1.47 1.19 1.30 1.09 0.67 1.43 2.49 2.72 2.92 3.01 3.06 3.30 3.44 3.66 4.48 5.03 4.67 3.74 3.08 3.23 3.74 3.93 3.86 3.58 3.29 3.43 4.29 5.38 6.08 6.40 6.31 5.42 4.34
0.90 1.35 2.09 2.14 2.35 3.16 3.74 4.56 5.99 5.88 6.42 8.00 5.64 2.57 2.49 3.65 5.28 7.55 8.46 7.27 6.16 5.69 5.56 6.22 7.07 7.61 8.50 12.38 17.26 14.98 10.00 9.67 10.14 9.19 9.36 9.66 7.90 7.24 7.23 5.20 3.85 3.57 4.14 6.11 6.86 5.95 4.76 3.34 2.05 1.67 1.61 1.30 0.88 1.11 0.91 0.30 1.06 2.34 2.80 2.60 2.74 3.28 3.51 3.53 3.89 4.54 4.96 5.13 4.71 3.51 3.12 3.60 3.85 3.73 3.61 3.28 3.03 3.43 4.33 5.07 5.83 6.70 6.46 5.04
0.97 1.43 2.01 2.04 2.25 2.96 3.50 4.13 5.51 5.83 6.86 8.36 6.02 2.85 2.79 3.60 4.38 5.49 7.37 8.66 8.96 7.94 6.94 6.96 7.99 9.15 12.36 18.40 18.14 12.34 8.06 8.65 9.93 9.00 8.72 9.51 8.20 7.01 7.09 5.75 4.09 3.31 3.40 5.35 7.22 6.86 5.36 3.57 2.15 1.75 1.52 1.02 0.60 0.91 0.89 0.30 0.93 2.28 3.03 2.65 2.64 3.40 3.62 3.63 4.14 4.67 4.81 5.07 5.22 4.61 3.75 3.82 4.05 3.83 3.64 3.40 3.10 3.11 3.57 4.12 4.60 5.98 6.88 6.10
0.96 1.41 2.06 2.04 2.15 2.75 3.38 4.16 5.04 5.41 6.41 8.41 7.55 4.14 3.78 3.93 3.83 4.29 5.66 7.74 9.62 10.77 9.56 9.12 12.29 15.89 17.67 17.95 13.66 8.63 7.04 7.88 9.57 8.74 8.28 9.27 8.49 7.00 6.61 5.84 4.47 3.42 3.29 4.55 6.94 7.62 6.14 3.90 2.28 1.64 1.32 0.81 0.35 0.75 0.89 0.50 0.77 2.12 3.15 3.06 2.96 3.44 3.61 3.73 4.28 4.73 4.82 4.94 5.17 5.18 4.92 4.73 4.57 4.21 3.90 3.63 3.33 3.14 3.30 3.65 3.94 4.89 6.12 6.40
0.93 1.43 2.19 2.07 2.06 2.58 3.43 4.42 4.72 4.85 5.44 7.38 8.22 6.82 5.90 4.59 3.58 4.19 5.52 7.19 10.03 13.03 13.44 13.13 14.57 16.31 15.13 11.53 8.78 7.10 6.50 7.32 8.94 8.53 8.19 8.90 8.52 7.32 6.19 5.65 4.82 3.82 3.67 4.20 6.25 7.93 6.71 4.11 2.32 1.48 1.19 0.68 0.24 0.77 0.90 0.65 0.72 2.03 3.17 3.33 3.28 3.50 3.62 3.88 4.39 4.74 4.85 4.90 5.03 5.18 5.52 5.71 5.35 4.79 4.38 4.05 3.52 3.31 3.51 3.56 3.72 4.34 5.00 5.57
0.96 1.48 2.25 2.14 2.07 2.59 3.57 4.46 4.56 4.35 4.46 5.76 7.50 8.25 7.93 5.67 4.37 5.29 7.54 12.64 15.28 14.70 13.83 12.60 12.56 12.37 10.65 8.55 7.02 6.28 6.41 7.24 8.11 7.85 7.88 8.57 8.55 7.49 6.03 5.55 5.09 4.51 4.37 4.45 5.67 7.67 7.11 4.24 2.38 1.65 1.20 0.60 0.44 0.89 0.95 0.78 0.82 2.04 3.18 3.43 3.47 3.61 3.74 4.08 4.48 4.77 4.86 4.90 5.02 5.13 5.62 6.27 6.25 5.51 4.91 4.57 3.94 3.64 3.82 3.84 3.89 4.09 4.30 4.67
0.92 1.41 2.27 2.24 2.11 2.72 3.63 4.41 4.47 4.15 4.10 4.75 5.94 7.38 8.39 8.33 7.02 8.25 13.51 18.11 15.99 12.15 11.19 10.77 11.28 11.69 10.27 7.96 6.38 6.20 6.69 6.95 6.90 6.60 7.08 8.48 8.80 7.36 6.07 5.79 5.53 5.26 5.10 5.13 5.64 6.88 6.88 4.47 2.72 2.08 1.32 0.68 0.71 1.04 1.05 0.88 1.01 2.14 3.18 3.51 3.57 3.69 3.91 4.23 4.56 4.82 4.88 4.91 5.01 5.18 5.62 6.37 6.84 6.42 5.63 5.26 4.66 3.96 3.93 4.18 4.25 4.15 4.03 4.12
0.86 1.34 2.33 2.40 2.21 2.89 3.82 4.41 4.48 4.24 4.22 4.34 4.72 5.76 7.33 9.41 11.38 14.43 17.71 16.59 11.46 9.22 9.40 10.32 11.81 12.40 10.20 7.39 6.68 6.81 6.84 6.37 5.79 5.55 5.93 7.63 8.94 7.97 6.49 6.20 6.10 5.89 5.95 6.05 6.10 6.10 5.81 4.18 3.16 2.52 1.51 0.98 1.08 1.22 1.11 0.89 1.15 2.20 3.21 3.65 3.66 3.74 4.05 4.35 4.63 4.88 4.96 4.94 4.99 5.19 5.64 6.32 6.91 7.03 6.63 6.21 5.48 4.40 4.22 4.50 4.49 4.35 4.05 3.74
0.91 1.38 2.34 2.53 2.42 3.09 3.84 4.35 4.69 4.55 4.30 4.12 4.24 5.11 6.61 9.11 14.20 18.10 16.77 11.65 9.44 9.02 8.99 9.62 11.92 12.80 9.30 7.47 7.35 7.01 6.80 6.40 5.75 5.12 5.20 6.29 8.11 8.72 7.48 6.74 6.82 6.66 6.69 6.76 6.30 5.23 4.02 3.31 3.32 2.78 1.70 1.37 1.42 1.37 1.18 1.02 1.27 2.22 3.25 3.76 3.82 3.88 4.08 4.44 4.68 4.91 5.08 5.00 4.96 5.11 5.63 6.33 6.73 7.14 7.31 7.18 6.47 5.05 4.56 4.87 4.97 4.57 3.91 3.48
0.98 1.42 2.17 2.59 2.93 3.38 3.59 4.02 4.86 4.94 4.29 4.03 4.25 5.14 7.01 9.57 15.74 19.25 15.03 10.57 9.72 9.34 9.17 9.62 11.52 12.65 9.93 7.84 7.62 6.78 6.35 6.12 5.50 5.03 5.29 6.02 7.16 8.43 8.12 7.67 7.81 7.29 6.95 6.95 5.95 3.89 2.41 2.31 2.98 2.73 1.84 1.68 1.62 1.47 1.34 1.27 1.46 2.30 3.33 3.80 4.00 4.22 4.12 4.40 4.76 4.92 5.15 5.08 4.92 5.04 5.60 6.23 6.53 7.14 7.61 7.78 7.58 5.90 4.80 5.30 5.42 4.63 3.75 3.46
1.00 1.43 2.10 2.66 3.50 3.69 3.40 3.63 4.72 5.38 4.77 4.23 4.51 5.87 7.78 11.36 17.79 19.21 15.50 11.75 10.59 10.03 9.86 9.97 10.38 11.06 10.48 8.83 7.87 6.91 6.15 5.69 5.15 5.38 5.94 6.36 7.00 7.64 7.73 8.48 8.85 7.67 7.02 6.82 5.22 2.89 1.79 1.66 2.30 2.40 1.97 1.80 1.70 1.58 1.51 1.52 1.70 2.46 3.42 3.88 4.26 4.56 4.30 4.39 4.87 5.01 5.21 5.22 4.91 5.00 5.55 6.02 6.28 6.91 7.78 8.42 8.49 6.69 5.13 5.55 5.68 4.58 3.60 3.33
1.12 1.65 2.27 2.86 3.77 3.77 3.42 3.68 4.28 5.38 5.60 4.70 5.26 7.13 10.66 16.99 19.88 18.23 14.92 12.67 11.12 10.00 9.61 9.17 8.22 8.42 10.00 10.20 8.76 7.48 6.55 5.96 5.64 5.99 6.29 6.32 6.62 6.68 7.24 8.97 9.58 8.19 7.25 6.39 4.12 2.56 1.74 1.27 1.69 2.24 2.16 1.91 1.79 1.71 1.67 1.72 1.97 2.68 3.47 3.95 4.48 4.69 4.49 4.56 4.97 5.23 5.34 5.46 5.25 5.04 5.32 5.81 6.08 6.35 7.52 8.98 9.32 7.64 5.69 5.65 5.75 4.75 3.49 3.03
1.18 1.84 2.53 3.04 3.73 3.82 3.71 4.00 4.21 5.10 5.85 5.47 5.88 9.21 16.67 20.70 18.94 16.02 13.99 12.96 11.52 9.08 8.35 7.75 6.79 6.84 8.49 10.43 10.20 8.46 7.08 6.50 6.47 6.51 6.41 6.29 6.00 5.83 7.30 9.53 9.66 8.42 7.41 5.49 3.58 2.84 2.10 1.41 1.65 2.25 2.37 2.17 1.98 1.88 1.81 1.83 2.15 2.94 3.61 4.06 4.53 4.68 4.65 4.75 5.04 5.42 5.49 5.77 6.07 5.57 5.18 5.48 5.78 5.83 6.84 8.74 9.73 8.87 6.59 5.85 5.60 4.70 3.75 3.22
1.07 1.89 2.77 3.02 3.67 3.93 3.96 4.09 4.26 4.96 5.61 6.06 6.34 11.09 19.76 19.96 15.92 14.65 13.34 12.73 11.53 8.86 7.56 7.32 6.76 6.62 7.60 9.74 11.01 9.82 7.63 6.80 6.88 6.72 6.71 6.64 5.90 5.53 7.62 10.00 9.19 8.15 7.19 4.52 3.39 3.14 2.55 1.87 1.91 2.30 2.47 2.39 2.24 2.09 1.97 1.96 2.35 3.21 3.78 4.18 4.50 4.64 4.79 4.85 5.08 5.51 5.64 6.05 6.94 6.67 5.63 5.25 5.41 5.39 5.97 7.81 9.49 9.57 8.13 6.52 5.52 4.65 4.09 3.88
1.05 1.78 2.76 3.06 3.78 4.11 3.97 3.94 4.25 4.94 5.51 6.42 7.18 13.27 20.61 18.57 15.11 13.94 12.29 11.82 11.25 9.27 7.84 7.57 6.94 6.69 7.34 9.30 11.13 10.47 7.98 7.02 7.08 6.97 7.07 6.85 5.99 5.47 7.65 10.14 8.82 7.27 6.00 4.18 3.45 3.36 2.90 2.32 2.27 2.49 2.58 2.53 2.44 2.29 2.10 2.11 2.61 3.49 3.88 4.16 4.46 4.65 4.89 4.88 5.03 5.52 5.84 6.33 7.41 7.84 6.67 5.55 5.45 5.35 5.05 6.26 8.52 9.43 9.09 8.20 6.40 4.85 4.46 4.52
1.23 1.69 2.39 3.04 4.04 4.24 3.88 3.82 4.29 5.08 6.06 7.30 9.62 17.79 21.51 17.65 14.29 12.41 10.67 11.00 11.29 9.80 8.56 7.94 7.10 6.88 7.46 9.15 10.49 9.74 8.29 7.91 7.82 7.49 7.36 6.63 5.67 5.63 7.63 9.92 8.36 5.63 4.55 3.87 3.51 3.62 3.31 2.75 2.60 2.71 2.73 2.71 2.61 2.47 2.30 2.35 2.96 3.63 3.88 4.11 4.36 4.62 4.92 4.86 5.00 5.54 6.06 6.74 7.63 8.41 8.07 6.68 5.97 5.61 5.08 5.18 7.02 8.46 8.78 9.19 8.24 5.58 5.18 4.94
1.38 1.69 2.09 2.92 4.03 4.29 4.03 4.11 4.61 5.41 6.81 9.30 15.58 22.17 20.83 15.06 12.45 11.03 9.94 10.73 11.55 10.48 9.17 8.16 7.40 7.35 7.93 8.86 9.38 8.43 7.56 8.62 8.89 7.72 7.63 6.67 5.63 6.37 7.92 8.90 6.80 4.25 3.79 3.50 3.42 3.73 3.59 3.12 2.94 2.93 2.91 2.93 2.81 2.72 2.70 2.82 3.28 3.65 3.88 4.13 4.29 4.59 4.77 4.66 5.01 5.69 6.29 7.09 7.82 8.46 8.92 8.36 6.90 5.92 5.42 5.15 5.80 7.23 7.77 8.86 9.17 7.49 6.38 5.06
1.31 1.66 2.34 3.09 3.48 3.92 4.53 4.81 5.02 6.44 8.17 12.28 21.28 22.65 15.89 11.88 11.24 10.35 9.27 10.46 11.87 11.12 9.62 8.52 7.95 8.08 8.38 8.48 8.54 7.69 7.03 8.53 9.15 8.43 8.48 7.33 6.14 6.69 7.03 6.51 4.82 3.81 3.69 3.37 3.36 3.68 3.65 3.37 3.24 3.19 3.17 3.13 2.93 2.95 3.25 3.36 3.41 3.60 3.92 4.13 4.29 4.63 4.53 4.22 4.75 5.79 6.56 7.30 7.91 8.55 9.23 9.34 8.03 6.42 5.79 5.10 4.96 6.28 7.14 8.13 9.37 8.88 6.90 4.83
0.92 1.76 2.91 3.10 3.01 3.57 4.93 5.30 5.78 8.45 10.90 17.75 23.18 17.87 11.34 10.51 10.41 10.16 9.54 10.49 11.82 11.44 10.10 9.21 8.73 8.71 8.64 8.15 7.93 7.44 7.20 8.02 8.65 9.25 9.56 7.93 6.30 5.95 5.02 3.73 3.47 3.64 3.68 3.42 3.41 3.63 3.63 3.54 3.51 3.48 3.50 3.59 3.36 3.25 3.65 3.62 3.46 3.64 3.95 4.17 4.42 4.67 4.33 3.82 4.25 5.48 6.56 7.25 7.88 8.79 9.30 9.53 9.18 7.77 6.31 4.67 4.18 5.67 7.10 8.13 9.67 9.44 6.89 4.82
0.73 1.80 3.32 3.11 3.19 4.00 4.96 5.60 7.22 9.69 13.78 21.96 22.20 12.46 9.74 10.04 10.15 10.97 11.14 11.15 11.25 10.94 10.41 10.10 9.62 9.10 8.54 7.63 7.37 7.45 7.55 8.02 8.50 9.41 10.05 8.44 6.04 4.63 3.13 2.23 2.93 3.67 3.79 3.64 3.60 3.70 3.70 3.73 3.82 3.81 3.88 4.34 4.47 3.95 3.81 3.52 3.39 3.74 3.93 4.25 4.63 4.67 4.27 3.83 4.18 5.27 6.24 6.86 7.64 8.72 9.20 9.38 10.08 9.39 6.32 3.94 3.65 5.39 7.45 8.98 9.57 9.04 7.49 5.49
1.12 1.63 3.42 3.68 3.79 4.42 5.25 6.21 8.10 9.65 15.78 21.46 17.45 11.01 9.99 10.08 10.63 12.19 12.45 10.80 10.00 10.20 10.59 10.88 10.26 9.30 8.36 7.61 7.48 7.91 8.24 8.74 8.63 8.65 9.90 8.79 5.56 3.29 2.26 2.22 2.87 3.64 3.91 3.89 3.84 3.88 3.92 3.98 4.06 4.12 4.33 5.18 5.73 5.18 4.25 3.19 3.18 3.84 4.01 4.36 4.72 4.73 4.49 4.27 4.61 5.46 6.15 6.59 7.05 7.96 8.79 9.46 10.76 10.23 6.41 3.50 3.60 5.06 7.87 9.44 8.40 8.08 8.19 6.02
1.43 1.78 3.32 4.16 4.28 4.77 5.79 6.98 8.42 9.19 14.61 21.32 17.16 11.52 10.63 10.21 11.18 13.02 12.24 9.39 9.17 9.89 10.60 11.18 10.43 9.03 8.11 8.14 8.21 8.35 8.76 9.21 8.31 7.72 9.20 8.04 4.81 2.99 2.47 2.66 3.05 3.58 3.92 4.05 4.01 4.07 4.20 4.23 4.26 4.52 5.08 5.99 6.70 6.45 4.77 3.02 3.11 3.79 4.18 4.62 4.82 4.81 4.79 4.73 4.80 5.60 6.49 6.71 6.70 6.96 7.81 9.39 11.22 10.84 7.32 4.14 3.66 4.72 8.08 9.37 7.49 7.88 8.31 5.41
1.66 2.32 3.36 4.03 4.58 5.48 6.72 7.84 9.05 9.28 12.58 21.60 20.36 12.52 10.65 10.10 11.40 12.86 10.66 8.88 9.42 10.03 10.66 10.80 9.92 8.96 8.57 8.87 8.73 8.22 8.54 8.85 7.57 6.89 7.57 6.31 4.28 3.08 2.78 2.99 3.34 3.68 4.01 4.21 4.20 4.24 4.39 4.39 4.49 5.12 6.02 6.82 7.56 7.22 5.22 3.48 3.38 3.70 4.48 5.23 5.06 4.79 4.94 4.91 4.83 5.79 6.86 6.71 6.56 6.87 7.14 8.55 11.15 11.19 8.05 5.21 4.19 4.79 7.83 9.12 8.04 8.60 7.69 3.86
2.49 3.06 3.74 3.99 4.71 6.12 7.43 8.95 10.27 9.94 13.81 22.36 20.35 12.17 10.03 10.01 11.20 11.72 9.84 9.27 9.93 10.18 10.52 10.17 9.53 9.54 9.40 9.24 8.90 8.02 8.05 8.27 6.76 5.44 5.02 4.91 3.93 3.17 2.93 3.12 3.51 3.85 4.18 4.43 4.46 4.43 4.52 4.57 4.94 5.81 6.69 7.65 8.45 7.75 6.08 4.79 4.14 4.25 5.26 5.86 5.24 4.75 4.86 4.90 5.14 6.14 6.91 6.67 6.60 7.08 7.24 7.93 10.28 11.16 8.59 6.01 5.35 5.76 6.92 8.40 9.20 8.61 5.84 3.65
3.90 3.89 3.98 4.29 5.17 6.33 7.39 9.79 11.59 13.06 19.50 22.55 16.36 10.27 9.20 9.58 10.76 10.51 9.34 9.46 10.01 10.07 9.94 9.72 9.69 10.13 9.80 9.34 9.17 7.88 7.10 7.66 6.26 3.86 3.58 4.24 3.91 3.29 3.05 3.20 3.60 3.95 4.22 4.52 4.73 4.66 4.62 4.91 5.67 6.40 7.14 8.49 9.37 8.38 6.99 5.97 5.13 5.22 5.71 5.95 5.27 4.71 4.82 5.13 5.67 6.41 6.91 6.94 7.02 7.31 7.58 7.95 9.35 10.45 8.57 6.48 6.74 7.27 6.65 7.59 9.18 7.22 5.12 4.16
4.86 4.46 4.12 4.70 5.60 6.39 7.00 9.13 13.63 18.06 20.89 18.00 11.90 9.29 8.50 8.82 9.94 9.94 9.15 9.31 9.87 9.81 9.40 9.67 10.55 10.59 10.11 9.69 9.22 7.32 5.86 6.51 5.92 3.82 3.27 3.87 3.94 3.46 3.17 3.27 3.65 4.02 4.18 4.46 4.87 4.87 4.81 5.49 6.35 6.78 7.58 9.19 10.10 9.36 8.11 7.23 6.32 5.83 5.97 5.98 5.30 4.88 5.16 5.67 6.10 6.67 7.23 7.49 7.53 7.84 8.15 7.92 8.44 9.13 8.19 7.10 8.10 8.50 6.90 7.40 7.96 6.37 6.22 5.29
4.82 5.00 5.01 5.33 6.15 7.12 7.57 9.41 16.65 20.11 17.42 12.91 10.70 9.23 8.35 8.42 9.15 9.51 9.14 9.07 9.36 9.21 8.42 9.16 11.32 12.06 10.89 9.54 8.21 6.50 4.71 4.69 5.14 3.96 3.33 3.65 3.89 3.67 3.43 3.42 3.69 4.14 4.29 4.41 4.83 5.04 5.13 5.97 6.72 7.00 7.99 9.66 10.67 10.67 9.86 8.47 7.12 6.18 6.20 6.00 5.40 5.31 5.67 6.16 6.62 7.12 7.55 7.69 7.87 8.51 8.72 7.76 7.14 7.52 7.83 8.49 9.75 8.71 6.10 6.28 6.26 5.97 7.09 6.91
4.41 5.20 5.70 6.07 7.82 8.69 8.11 10.77 19.52 20.84 14.44 11.44 10.61 9.25 8.53 8.23 8.26 8.68 9.29 9.18 8.65 8.18 7.34 8.11 10.90 13.33 12.83 8.94 6.77 5.64 3.80 3.61 4.28 4.03 3.56 3.50 3.76 3.77 3.64 3.60 3.77 4.27 4.48 4.45 4.82 5.40 5.71 6.16 6.74 7.23 8.16 9.84 11.29 12.08 11.57 9.46 7.82 6.85 6.36 6.14 5.69 5.70 6.17 6.75 7.31 7.50 7.58 7.58 7.86 8.87 9.16 7.47 5.74 5.94 7.47 10.01 10.62 7.53 4.53 4.94 4.89 4.92 6.86 8.24
4.28 5.02 5.85 7.10 9.00 8.73 7.63 11.71 20.82 19.85 12.23 10.59 10.59 9.76 9.03 8.33 7.75 8.13 8.98 9.00 8.17 7.34 6.80 7.50 9.61 13.04 14.68 10.89 6.41 5.14 4.01 3.48 3.76 3.98 3.80 3.40 3.48 3.61 3.64 3.74 3.94 4.45 4.69 4.52 4.84 5.95 6.57 6.25 6.49 7.33 8.13 9.68 11.81 13.15 12.78 10.49 8.55 7.40 6.81 6.69 6.24 6.12 6.81 7.45 7.79 7.58 7.48 7.55 7.92 9.30 9.62 7.06 4.72 5.28 7.57 10.85 10.76 6.39 3.75 3.82 3.97 4.27 5.82 8.52
