windninja/windninja_output/Output_2025-08-24_1300-1350_Google earth_Fire_150m_10min/merlingen_7.5mi_point_08-24-2025_1340_150m_ang.asc
ncols	158
nrows	163
xllcorner	391686.332397
yllcorner	5160024.123721
cellsize	150.000000
NODATA_value	-32768.000000
[rows 0 to 47 of 163, columns 0 to 95 of 158]
321 318 314 314 315 316 317 315 311 311 311 306 290 268 261 266 272 277 282 294 305 308 302 301 303 306 304 298 298 301 301 299 296 294 294 298 300 297 295 298 301 304 307 307 310 315 317 318 323 330 336 338 340 343 344 344 343 341 340 341 343 345 345 345 345 346 348 348 348 348 349 350 350 349 348 350 352 352 349 348 350 351 350 350 350 348 347 348 348 346 346 345 345 346 346 345
324 320 316 315 314 314 315 312 308 308 309 310 304 289 281 282 287 293 297 302 309 313 309 306 305 306 307 305 302 301 301 299 299 300 300 302 306 308 308 310 310 312 315 317 320 324 327 327 327 329 332 334 337 340 342 343 342 342 341 342 343 344 345 345 345 346 347 348 348 348 349 350 351 349 348 350 353 352 349 349 352 352 351 352 352 349 348 350 350 349 347 346 347 347 348 349
327 323 319 318 316 315 315 312 309 310 314 321 324 314 304 300 303 307 308 308 313 317 316 313 309 309 311 310 307 304 302 303 304 306 308 309 313 317 318 320 320 321 323 324 327 330 332 334 334 333 331 333 336 338 340 341 341 342 343 344 344 344 345 345 345 346 347 347 347 348 350 351 350 349 349 352 354 353 351 351 354 355 353 354 353 350 350 353 355 354 351 349 349 350 351 351
326 323 321 320 318 319 320 318 318 320 323 331 330 320 311 306 307 311 311 311 313 316 318 318 314 314 317 317 317 316 313 311 310 310 313 315 316 317 319 322 324 326 327 327 330 332 333 336 339 339 337 339 341 341 341 341 340 340 342 343 344 345 345 345 346 346 347 347 347 348 351 350 349 348 349 351 351 351 352 354 355 356 356 355 352 351 352 353 355 356 356 354 352 352 352 351
322 322 322 322 320 322 322 319 320 323 329 335 333 323 313 307 306 308 309 309 310 312 318 322 318 318 321 324 326 325 324 322 320 318 318 319 319 320 322 324 327 329 329 330 332 333 334 337 339 340 341 342 341 341 341 341 340 340 340 342 343 344 345 345 346 346 346 346 346 349 351 350 348 349 350 350 348 348 352 355 356 355 355 354 352 351 350 349 350 353 356 357 354 352 352 351
320 320 321 322 322 322 321 318 318 321 328 333 332 322 311 306 303 303 303 303 304 307 314 320 318 317 319 323 326 327 327 327 325 325 326 325 324 325 326 328 329 329 328 329 331 333 334 336 337 339 342 342 341 340 341 340 340 339 340 341 343 344 345 346 346 346 346 346 347 351 353 351 348 348 351 352 350 348 351 357 358 353 351 352 352 352 350 345 342 345 349 352 353 352 350 351
319 318 318 320 320 321 319 317 318 322 326 330 331 321 309 305 304 303 305 307 306 305 309 315 316 314 315 318 321 324 325 324 324 327 329 328 328 328 328 329 330 329 327 328 329 330 332 334 335 338 342 343 342 341 340 339 338 339 339 341 342 345 347 347 347 347 346 346 347 351 353 352 350 350 351 352 353 352 354 359 357 352 350 351 352 353 351 345 338 337 337 340 345 348 348 349
319 318 318 317 316 316 316 315 317 321 324 328 330 323 310 306 306 306 307 309 309 308 310 314 315 316 316 315 318 320 320 318 320 323 324 325 325 326 327 327 327 326 325 325 326 327 329 331 334 337 340 340 341 343 341 338 338 338 339 340 341 345 348 349 349 348 346 346 347 350 351 350 352 353 352 352 353 355 359 359 354 350 350 351 353 354 352 348 343 336 331 332 335 340 345 345
319 318 317 316 314 312 311 312 316 319 322 325 328 323 313 308 308 308 308 309 309 308 311 315 317 319 318 315 316 317 314 314 317 318 318 317 319 320 321 321 321 321 321 322 324 325 327 328 330 335 338 336 339 341 339 337 337 338 338 339 340 342 344 348 350 349 346 345 347 350 349 348 351 354 353 352 353 357 2 358 351 348 347 349 350 352 353 352 348 345 343 341 340 341 343 341
318 317 316 316 316 313 312 313 316 319 320 322 324 321 313 308 307 308 309 310 310 310 311 315 319 321 320 317 318 318 314 313 316 315 313 313 314 316 316 316 317 318 319 321 321 323 326 326 328 333 334 334 337 336 334 334 335 336 336 337 338 337 338 342 344 344 344 344 347 351 351 349 350 352 354 354 354 357 358 355 351 349 347 345 344 346 348 348 348 350 351 348 345 345 345 340
319 317 316 316 316 316 315 315 317 318 319 320 322 320 313 307 306 307 309 311 311 312 313 316 321 323 325 322 319 317 312 310 311 310 308 309 310 313 314 315 318 319 319 319 319 319 322 323 324 327 327 329 332 330 327 327 328 328 329 332 331 329 331 333 332 334 337 340 347 352 351 350 349 352 355 357 356 353 350 349 350 352 351 346 340 340 341 340 342 349 352 348 344 346 346 341
318 318 316 316 316 316 316 316 317 318 318 319 320 320 314 307 306 306 308 308 308 310 311 314 319 322 324 320 314 311 306 304 305 305 304 304 306 310 312 314 316 316 317 319 319 318 318 317 315 313 311 313 314 312 309 310 311 314 314 314 310 307 310 314 316 319 324 331 342 346 347 348 350 352 356 357 356 352 347 345 348 352 353 349 344 342 341 339 340 347 349 345 343 345 344 341
318 317 316 316 317 316 316 315 316 316 317 318 319 319 313 306 304 305 306 307 307 307 307 309 311 314 316 313 308 305 304 303 303 304 303 302 304 307 309 312 313 314 317 319 318 317 317 312 303 299 297 293 290 285 283 285 290 294 292 283 279 283 288 291 294 298 304 314 329 336 340 345 348 349 350 351 352 351 349 348 348 349 350 348 345 346 345 342 344 348 348 345 344 344 341 339
317 317 316 316 316 316 316 315 315 315 315 316 318 319 312 303 300 303 304 304 304 303 301 299 300 304 309 309 307 305 303 302 301 302 303 303 304 306 306 308 309 307 306 305 301 299 303 309 307 301 297 294 290 283 278 277 278 281 287 295 301 306 306 303 298 293 291 297 310 322 332 339 342 343 344 344 345 346 348 349 347 345 345 345 346 348 346 344 346 348 346 344 344 343 338 336
317 317 316 316 316 315 315 315 314 314 315 315 318 320 314 305 301 303 303 300 299 298 295 294 296 300 306 307 306 305 301 300 301 302 305 305 304 302 300 297 293 284 275 275 279 281 288 305 316 319 317 316 316 313 310 308 307 312 320 324 324 325 326 328 327 318 312 307 304 309 321 330 334 338 340 340 339 341 344 343 340 340 341 343 346 347 345 345 349 349 344 339 339 338 332 328
317 316 316 316 315 314 314 314 313 313 314 314 316 319 317 308 305 304 303 300 297 297 297 296 297 300 305 307 305 305 304 304 306 305 303 298 292 287 282 276 270 269 275 287 296 302 305 308 313 320 327 332 334 333 334 338 339 337 335 331 330 331 333 338 340 336 330 325 320 315 314 317 322 330 336 337 338 341 342 338 335 337 338 339 344 346 345 346 352 353 346 338 338 338 332 325
316 316 316 315 315 314 314 313 313 312 313 313 314 317 315 307 303 303 304 302 300 299 299 298 298 300 304 307 307 308 306 304 303 297 286 279 277 276 277 279 285 296 305 309 314 317 318 321 320 320 326 334 336 336 339 343 346 346 341 335 332 333 336 341 341 338 336 333 332 330 321 312 311 319 329 335 340 342 339 336 338 339 338 339 342 345 348 350 345 345 346 346 347 347 343 339
316 316 315 315 315 314 314 313 313 312 312 312 312 313 312 305 300 300 301 300 299 297 297 298 297 298 300 304 304 304 300 296 291 285 280 283 287 291 296 301 306 310 310 311 316 318 320 326 327 325 325 330 333 335 338 341 344 346 343 338 336 337 341 343 341 339 338 337 338 336 331 324 319 318 322 330 337 338 336 335 339 340 339 342 347 349 353 353 342 336 338 345 349 350 349 350
316 316 315 315 314 314 313 313 312 312 311 310 310 310 309 304 299 296 295 294 293 293 295 295 293 293 295 298 298 295 291 287 286 288 292 294 296 299 303 304 306 309 309 312 316 317 320 323 326 326 325 326 329 333 337 339 341 343 342 339 338 340 343 343 340 338 339 340 341 337 335 336 332 328 325 324 326 327 326 328 332 331 335 344 351 354 355 352 347 340 336 340 346 347 350 354
316 315 315 315 314 313 313 312 311 311 310 309 309 308 306 303 298 294 292 291 292 294 295 294 294 294 295 295 295 293 290 289 288 288 289 291 295 301 307 309 311 314 315 317 318 319 321 323 323 323 324 326 327 331 334 337 340 342 341 339 339 341 342 341 339 337 338 341 341 339 339 342 341 339 337 333 329 326 325 329 333 334 338 343 348 352 354 353 349 345 342 342 344 345 347 351
316 315 315 314 314 313 312 311 310 310 309 307 307 307 305 302 299 296 295 295 295 296 296 296 296 295 295 294 295 294 295 296 295 295 298 302 305 310 315 316 317 318 318 319 320 320 321 323 324 323 325 327 328 329 330 333 336 340 341 341 342 342 341 340 338 337 338 340 340 341 345 348 345 342 341 344 347 347 348 345 342 343 343 343 346 349 352 353 350 346 345 346 346 347 347 346
315 315 315 314 313 312 311 310 309 309 308 306 306 305 304 302 300 299 298 297 297 297 298 298 297 295 295 295 295 296 299 302 303 305 308 311 312 314 317 317 317 318 318 319 319 319 320 323 326 327 327 329 330 330 329 329 332 335 340 343 344 343 341 340 337 336 338 339 340 345 351 352 348 342 341 344 348 352 354 353 350 349 348 346 346 348 351 352 348 346 348 350 351 350 348 346
315 314 314 314 313 312 311 310 309 308 308 306 305 304 303 302 301 300 299 298 298 298 298 298 297 297 296 296 296 298 301 307 308 306 307 307 307 309 312 314 315 318 318 318 318 319 323 326 328 329 328 329 331 331 331 331 331 333 338 343 344 342 340 339 337 337 339 341 345 352 356 355 350 344 342 343 346 349 352 355 357 358 356 352 347 346 349 349 347 348 351 354 355 351 349 347
315 314 314 313 313 312 311 309 308 307 307 306 305 304 303 302 301 300 299 299 299 299 299 299 298 297 296 294 294 295 300 306 305 302 300 300 300 302 306 311 315 317 318 319 320 323 327 328 328 329 328 329 331 332 332 333 333 334 338 342 343 341 337 335 335 338 342 345 352 358 359 355 348 343 344 347 346 344 346 353 360 2 1 359 352 345 343 344 346 349 354 358 356 351 350 348
315 314 314 313 312 311 310 308 307 306 306 305 304 303 302 302 301 300 299 299 299 299 299 299 299 297 294 291 290 294 299 302 301 298 298 299 299 301 305 310 314 317 319 320 321 325 329 328 328 329 328 329 331 332 333 335 335 336 338 339 340 337 334 333 335 338 343 351 359 2 359 350 343 343 348 353 348 340 341 348 356 360 2 4 359 350 342 340 342 347 356 1 357 352 351 350
314 314 313 312 311 310 310 308 306 305 305 304 303 302 301 301 300 300 299 299 299 299 299 299 299 299 296 293 292 295 298 299 300 301 301 302 303 303 306 310 314 317 319 319 321 327 330 329 329 330 330 330 329 329 332 335 339 342 341 338 334 332 332 336 342 345 350 358 5 3 353 342 339 344 353 358 354 341 337 342 348 354 359 3 2 356 350 347 344 347 354 359 358 355 353 352
314 314 313 312 311 310 309 307 306 305 304 303 302 301 301 300 299 299 299 299 299 299 299 300 301 302 301 297 295 296 298 299 299 301 301 303 305 305 308 313 317 318 318 318 322 329 332 331 331 332 334 333 331 329 330 336 344 347 344 339 331 327 330 339 349 355 359 4 6 359 346 340 340 347 355 360 358 349 338 336 340 347 354 357 358 358 357 355 352 351 352 353 354 356 357 356
314 314 313 312 311 310 308 306 305 304 303 302 301 300 300 299 299 299 299 298 299 299 300 302 304 307 306 300 300 302 302 301 301 301 301 302 304 304 308 314 318 318 319 321 325 331 335 335 334 334 337 337 337 334 334 340 350 350 344 338 332 328 331 340 352 360 4 6 2 352 343 342 344 349 355 358 357 353 345 337 335 340 346 349 351 355 360 0 358 357 354 350 348 352 356 357
314 314 312 311 310 309 308 306 304 303 302 300 300 299 299 299 298 298 298 298 299 300 302 303 306 311 312 306 306 308 306 305 307 306 307 310 311 309 311 318 322 322 323 324 327 333 335 336 336 337 339 340 340 339 340 346 350 348 341 335 332 334 340 347 354 360 4 4 355 345 343 346 351 355 358 356 352 352 350 342 335 336 340 342 344 351 359 359 359 1 359 351 345 345 350 353
315 314 312 311 309 308 307 305 303 302 301 300 299 299 299 299 298 298 299 299 299 300 302 304 307 312 313 309 308 311 310 308 310 311 315 322 323 318 316 322 326 326 329 329 331 334 335 336 336 339 342 342 342 343 346 350 350 344 339 333 331 338 349 356 358 359 1 357 348 341 342 349 358 1 0 355 351 352 353 346 337 334 335 338 341 349 354 353 355 0 2 356 346 340 340 344
315 314 313 311 308 307 306 304 303 302 300 299 299 298 298 298 298 298 299 299 300 300 301 304 307 311 311 308 307 307 304 304 309 313 319 328 328 321 318 323 326 327 331 331 333 335 334 333 332 337 342 342 343 346 350 354 352 341 335 331 332 341 354 2 0 356 354 350 343 338 341 351 360 360 357 354 353 355 356 351 343 338 336 337 342 347 349 349 352 358 3 1 352 339 330 330
314 314 313 311 308 307 306 304 302 301 300 299 298 297 297 297 298 298 298 299 299 300 302 305 308 310 310 309 309 307 302 303 307 310 317 328 328 320 317 321 324 324 327 327 330 332 330 326 326 329 333 335 340 345 351 357 353 342 333 331 336 348 359 5 360 351 349 347 342 340 346 352 352 351 352 353 355 356 357 356 353 348 342 338 340 342 343 346 351 356 1 3 359 345 329 323
314 313 313 310 307 306 306 304 302 301 300 298 298 297 297 297 297 297 298 298 299 301 303 305 307 310 311 313 316 317 312 310 309 306 310 323 324 316 314 317 318 320 323 322 324 326 323 321 322 324 325 328 333 340 349 353 350 345 339 335 340 351 360 3 359 351 346 343 344 347 351 350 347 348 351 353 355 356 357 359 360 358 350 342 340 340 341 346 352 357 359 1 359 350 338 330
314 313 312 310 306 305 305 303 301 300 299 298 298 297 297 297 297 297 298 299 300 301 304 306 307 310 312 315 319 318 312 308 307 305 306 318 322 315 312 315 316 318 321 320 321 321 318 318 321 322 324 326 329 334 343 346 343 342 344 346 347 351 356 360 359 355 346 340 341 347 351 350 349 351 352 352 352 353 355 1 7 6 358 349 345 347 349 350 354 358 1 359 353 346 342 339
315 314 313 309 307 306 305 303 300 299 299 298 297 297 297 297 297 298 299 300 300 301 303 306 307 309 311 314 316 313 307 303 305 306 308 316 322 316 314 317 316 317 318 315 315 314 314 316 318 319 322 324 327 330 335 337 336 336 342 350 352 353 354 355 359 359 353 342 337 341 349 353 354 355 353 350 348 348 351 1 9 9 4 358 351 351 354 355 355 358 360 357 351 344 341 342
315 315 313 309 307 306 305 303 301 299 299 298 298 297 297 297 297 298 299 300 300 301 303 304 306 307 310 313 315 312 307 305 307 307 308 315 322 318 314 314 314 313 313 313 313 313 315 319 320 323 326 328 330 333 334 335 336 335 339 346 353 354 352 350 355 0 358 348 338 338 348 356 358 357 353 349 347 346 348 356 4 8 9 7 2 353 352 357 357 356 355 353 349 345 341 342
316 315 312 309 307 306 304 303 301 299 299 299 298 297 297 298 298 298 299 300 301 302 303 304 305 307 310 314 315 311 309 310 309 306 304 308 316 317 312 308 308 310 312 315 316 317 321 323 324 326 328 331 335 337 337 338 340 342 343 346 352 354 350 346 349 356 358 351 344 344 351 357 357 354 351 350 350 352 353 351 355 4 10 14 11 356 348 354 357 354 351 350 349 347 344 344
316 315 312 309 307 305 304 302 301 299 299 299 299 298 298 299 299 299 299 300 301 302 303 304 306 308 311 316 317 312 311 310 307 303 300 302 310 312 308 308 311 313 315 318 319 321 325 327 329 330 330 332 336 338 338 339 343 347 348 350 354 356 351 346 345 350 354 352 352 357 0 356 350 348 352 354 351 354 359 357 354 359 7 12 11 2 351 351 353 351 349 349 348 344 346 351
316 315 312 309 307 305 304 302 302 301 300 300 300 299 299 299 299 300 300 301 301 302 303 304 306 308 312 317 316 311 308 307 304 302 301 302 309 310 309 313 316 318 319 322 324 325 328 332 336 336 335 336 340 342 341 341 345 349 351 353 356 359 357 352 349 349 350 352 359 4 360 352 350 353 358 356 350 351 360 4 1 360 3 5 6 4 359 352 350 351 351 350 344 340 347 357
315 314 311 309 308 306 304 303 303 302 301 301 301 300 300 300 300 300 301 301 302 303 304 304 306 308 311 314 312 306 303 304 304 303 301 303 314 317 316 317 318 320 321 324 328 329 330 333 337 337 336 338 341 345 345 345 346 349 352 354 357 4 7 3 355 351 351 356 2 359 352 350 354 2 3 354 349 350 357 4 8 6 4 1 2 4 0 353 350 352 355 351 342 342 350 357
315 313 312 311 309 308 307 305 304 304 303 302 302 302 301 301 302 302 302 302 303 304 304 305 306 308 310 310 308 304 301 302 303 302 301 305 314 317 319 321 323 323 324 326 329 331 333 336 338 339 338 337 339 341 344 347 347 348 351 354 359 9 15 12 0 353 355 360 359 352 350 354 1 4 358 350 349 353 354 2 9 11 8 4 2 0 356 353 351 353 355 351 347 349 352 353
318 316 315 314 312 310 309 307 306 306 305 304 304 303 303 303 303 303 303 303 304 304 305 305 306 307 308 308 308 306 302 302 303 302 305 312 315 316 318 323 327 328 330 332 332 333 336 339 341 341 338 337 337 337 340 344 347 348 350 356 4 10 13 12 6 357 357 360 356 354 358 2 1 357 350 347 352 356 356 1 8 9 7 5 1 357 357 358 356 354 352 351 355 357 352 351
320 319 318 317 315 312 311 310 308 308 308 306 305 305 304 304 304 304 304 304 305 305 305 305 306 307 307 308 309 307 305 304 305 307 312 317 321 321 322 323 325 327 330 332 332 334 336 339 340 338 335 334 337 338 339 342 347 351 354 1 5 4 3 7 7 1 356 356 357 1 6 5 359 353 348 348 356 359 360 3 6 6 4 1 356 357 3 7 2 356 352 352 357 357 354 355
323 323 322 320 318 315 314 312 310 310 309 308 307 307 306 305 305 305 305 305 305 306 306 306 307 307 308 308 309 308 306 305 307 311 315 319 322 321 321 321 321 323 325 326 328 333 336 337 337 334 331 333 339 342 343 346 351 356 0 3 2 357 355 358 1 359 354 355 0 6 6 4 1 355 352 355 1 4 4 4 4 4 360 354 354 2 12 13 7 0 355 354 353 352 355 360
326 326 324 322 320 318 316 315 313 312 311 310 309 308 308 307 307 306 306 306 307 307 307 308 308 308 309 309 309 308 307 307 309 312 315 318 318 315 314 316 319 321 320 321 326 334 336 336 335 333 333 337 344 348 350 353 357 0 1 0 358 355 353 352 351 351 353 355 0 5 5 5 5 2 0 4 8 9 9 6 2 358 353 352 359 12 16 14 11 5 359 354 348 348 357 5
330 329 327 324 322 321 319 317 316 314 313 312 311 310 310 309 309 308 308 308 308 309 309 308 309 309 309 310 310 310 309 309 311 313 315 316 314 312 312 315 319 319 318 320 329 337 337 334 332 332 335 342 349 353 356 359 2 1 357 355 355 355 352 349 346 347 351 355 359 2 4 7 9 9 10 13 13 13 11 6 359 353 351 357 11 16 14 13 12 10 3 354 346 350 1 9
334 332 329 327 325 323 321 319 318 317 315 314 314 313 312 311 311 310 309 309 310 310 310 310 310 310 310 310 310 310 311 311 312 314 315 315 313 313 314 316 317 317 316 321 332 335 333 331 330 332 338 345 354 359 0 3 4 359 351 350 352 352 350 347 346 348 352 358 1 1 3 7 11 14 17 18 16 12 7 2 357 354 358 9 16 15 11 10 11 11 5 354 349 355 5 10
337 334 332 331 327 323 321 321 320 319 317 316 316 315 313 313 312 311 311 311 311 311 311 311 311 311 311 311 311 312 312 312 312 313 314 315 314 314 314 314 316 316 317 325 334 333 329 328 329 335 342 351 359 2 2 3 0 355 348 346 347 349 347 346 347 350 355 0 2 3 4 7 12 17 20 22 19 12 5 3 1 3 8 12 13 11 9 8 9 9 4 358 357 2 8 11
