windninja/windninja_output/Output_2025-08-24_1300-1350_Google earth_Fire_150m_10min/merlingen_7.5mi_point_08-24-2025_1300_150m_ang.asc
ncols	158
nrows	163
xllcorner	391686.332397
yllcorner	5160024.123721
cellsize	150.000000
NODATA_value	-32768.000000
[rows 51 to 101 of 163, columns 0 to 95 of 158]
328 332 338 335 325 321 321 319 320 322 320 318 317 316 314 313 312 312 312 311 311 311 311 311 310 310 311 311 311 311 311 312 312 312 313 313 312 312 313 313 313 312 313 317 317 315 317 326 336 344 346 345 345 347 347 344 343 347 354 359 3 8 11 8 4 4 6 9 12 15 19 21 23 23 21 19 17 16 18 20 22 24 24 20 17 15 13 15 19 23 26 33 39 41 41 37
331 336 341 335 325 323 325 320 320 324 324 321 319 318 316 315 314 314 313 313 313 312 312 312 312 312 312 312 312 312 313 313 313 314 314 314 314 314 314 315 315 313 314 316 317 316 320 332 343 346 344 345 347 348 344 340 343 352 1 6 8 10 12 10 6 4 6 10 14 16 18 20 20 20 20 19 18 17 17 20 23 27 28 25 20 18 17 19 23 26 30 34 38 39 37 26
336 339 342 337 328 327 329 323 320 324 325 323 321 320 318 317 316 316 315 314 314 314 314 313 313 313 313 314 314 314 314 315 315 315 315 316 316 316 315 316 317 315 315 317 318 319 325 335 341 342 342 344 347 348 344 342 347 357 6 10 10 10 13 12 7 5 6 11 15 16 16 17 18 20 21 20 19 19 20 21 23 26 27 26 25 24 21 21 25 29 32 33 32 32 25 4
341 340 341 339 332 331 333 327 322 323 325 324 323 322 320 319 318 317 317 316 316 316 315 315 315 315 315 315 315 316 316 316 317 317 317 317 318 317 317 318 317 316 315 316 318 320 327 334 335 337 342 344 345 346 346 346 352 2 9 11 10 11 13 12 8 6 6 9 13 15 15 16 20 21 22 21 21 21 22 20 20 22 24 24 25 27 26 25 27 30 31 30 27 23 13 352
344 341 340 339 333 331 333 331 325 323 325 325 325 323 322 320 320 319 319 318 318 317 317 317 317 317 317 317 317 318 318 318 318 319 319 319 320 320 319 319 317 315 315 317 318 320 325 329 331 335 342 346 346 348 349 351 358 5 8 9 8 9 13 14 10 7 7 8 12 16 18 21 23 22 21 21 21 21 21 18 16 18 21 23 24 26 27 27 29 31 32 29 22 16 7 352
347 344 341 342 337 331 332 333 328 324 325 327 326 324 324 322 321 321 320 320 319 319 319 319 319 319 319 319 319 319 320 320 320 321 321 321 322 322 322 321 320 318 318 320 321 322 324 326 328 334 341 345 347 349 351 355 1 6 7 7 6 8 15 18 14 9 7 8 13 20 23 24 22 20 20 20 20 20 19 17 16 18 21 22 23 26 27 28 30 33 35 29 15 4 1 359
350 348 345 346 344 339 336 336 332 327 328 331 329 326 325 324 323 323 322 322 321 321 321 321 321 321 321 321 321 321 322 322 322 323 323 324 324 324 324 324 324 323 323 324 324 323 322 322 324 330 338 343 347 350 354 358 2 5 5 4 5 10 18 22 19 12 8 10 16 22 22 20 19 19 19 18 17 18 17 16 17 19 21 24 26 30 32 32 31 30 28 16 359 354 357 4
355 353 350 349 348 345 342 339 335 330 331 336 333 328 327 326 325 325 324 324 323 323 323 323 323 323 323 323 323 323 324 324 325 325 326 326 327 327 327 327 327 327 327 327 327 325 323 321 320 325 333 342 347 350 355 359 0 2 3 3 7 13 20 24 23 16 10 10 15 18 18 18 19 18 17 16 15 15 15 16 18 21 24 26 30 34 35 34 31 24 14 2 355 353 360 14
359 358 356 353 351 348 345 341 337 332 332 337 336 331 329 329 327 326 326 326 326 325 324 325 325 325 325 325 326 326 326 327 327 328 328 329 329 330 330 330 331 331 331 331 330 329 328 325 322 323 329 338 345 350 357 1 1 2 3 5 8 15 21 26 25 19 12 9 13 17 17 17 18 17 15 15 15 15 16 17 19 23 26 27 30 33 34 31 25 14 3 359 356 357 10 24
5 4 2 359 356 351 347 342 338 336 336 339 339 335 334 333 331 328 328 328 328 328 327 328 328 328 328 328 328 328 329 329 330 330 331 332 332 333 334 334 334 335 335 335 335 335 334 332 329 326 327 333 341 349 357 2 3 3 4 6 10 16 22 27 26 22 14 10 14 18 18 16 16 16 14 14 15 16 18 21 22 25 28 29 30 31 31 26 17 6 1 1 1 7 21 30
12 11 8 5 1 356 350 345 341 341 340 341 340 338 338 338 336 333 331 330 330 329 330 330 330 330 330 330 330 331 331 332 333 333 334 335 336 336 337 338 338 339 339 339 339 339 339 338 335 331 328 330 335 345 356 3 6 5 7 9 13 18 23 26 27 24 17 13 16 18 17 16 15 15 13 14 17 19 20 22 24 27 30 32 32 31 27 20 12 3 1 5 11 20 28 34
20 19 15 10 5 360 354 349 346 345 343 343 341 340 340 340 340 338 335 334 332 332 332 333 333 333 332 332 333 334 334 335 336 336 337 338 339 340 341 341 342 343 343 344 344 344 344 343 341 338 333 332 334 342 354 4 9 10 11 13 15 18 21 23 26 25 19 16 16 16 16 16 16 14 13 15 18 21 21 23 26 28 32 35 34 32 25 14 7 4 5 13 24 29 34 39
31 28 22 15 8 2 358 354 351 349 347 345 344 343 342 341 343 343 341 339 336 336 335 335 336 336 335 336 336 337 337 338 339 340 341 342 343 344 345 346 346 347 348 348 349 349 349 348 347 345 341 337 338 343 352 4 13 15 14 13 13 15 19 24 30 29 21 17 16 15 16 17 16 13 13 16 19 20 21 23 26 29 32 34 32 29 20 9 5 8 16 24 31 35 39 43
41 37 28 20 12 6 2 358 356 354 351 348 347 346 344 342 344 347 347 344 343 341 339 338 339 339 339 339 340 340 341 342 343 344 345 346 347 348 349 350 351 352 353 353 354 354 354 354 353 352 348 343 342 345 349 360 15 19 16 13 11 15 25 35 41 33 20 15 14 14 16 17 16 14 12 15 17 17 18 21 26 29 31 31 29 24 17 10 9 15 23 29 35 41 45 49
45 40 31 23 16 11 8 4 1 358 355 351 350 350 347 345 344 348 350 349 349 348 344 342 341 341 342 343 344 344 345 346 347 348 349 350 351 352 354 355 356 357 358 359 359 360 360 0 360 358 356 352 349 349 349 354 12 21 20 16 13 19 31 36 34 25 15 12 12 14 15 17 17 15 13 12 14 15 16 22 27 30 30 29 26 22 16 14 16 22 28 34 40 46 51 57
43 40 34 28 22 16 12 9 7 3 358 355 355 353 350 349 347 349 350 352 354 354 352 349 347 345 346 347 348 349 349 350 351 352 353 355 356 357 358 360 1 2 3 4 5 5 6 6 6 5 4 2 360 358 354 353 6 21 25 24 17 16 23 27 25 21 16 12 12 14 14 17 19 15 12 10 12 14 17 22 27 27 24 21 21 22 20 19 24 28 32 37 44 50 57 63
36 35 33 30 26 19 15 14 13 9 3 1 2 358 355 353 352 351 350 352 357 359 358 357 354 352 351 352 352 353 354 355 356 357 358 360 1 2 4 5 6 7 8 9 10 11 12 12 12 12 12 11 11 9 7 4 9 23 33 31 18 11 16 23 25 22 19 16 15 15 15 18 19 15 11 10 10 12 15 19 20 19 17 15 20 28 28 27 30 33 36 41 48 53 58 62
23 27 29 28 24 19 16 18 19 14 9 7 6 4 2 359 356 356 354 354 358 0 1 3 2 2 1 360 358 358 358 360 1 2 4 5 6 8 9 10 12 13 14 15 16 17 17 18 18 18 19 19 19 19 18 19 23 29 37 36 22 13 17 23 25 24 22 19 17 16 16 18 20 15 10 10 10 10 12 14 15 15 17 21 32 40 35 31 33 37 40 46 52 54 55 57
20 27 32 29 26 24 22 20 20 16 12 11 10 9 8 6 3 2 1 360 1 2 3 5 7 10 12 10 6 4 4 5 6 8 10 11 12 13 15 16 17 18 19 20 21 22 23 23 24 24 25 25 26 26 27 28 30 33 36 37 30 23 22 25 27 25 23 21 18 17 18 21 20 14 10 11 11 10 9 12 15 19 27 36 45 46 35 33 37 39 43 47 50 51 52 52
39 43 49 48 45 41 34 26 23 21 18 17 17 16 15 13 12 11 10 8 6 6 7 8 10 15 18 18 15 13 12 11 11 13 15 17 18 19 20 22 23 24 25 26 27 27 28 29 29 30 30 31 31 32 32 33 34 36 37 37 35 34 34 36 36 30 27 24 21 19 20 22 20 13 11 14 13 10 8 11 18 28 37 44 49 44 34 36 39 42 44 45 46 45 45 45
51 53 59 63 66 63 55 46 41 37 34 33 32 29 25 21 19 19 18 16 14 14 14 14 13 13 18 22 22 21 21 20 20 20 22 23 24 25 26 27 28 29 30 31 32 32 33 34 34 35 35 36 36 37 37 37 38 38 39 38 38 38 39 40 41 39 37 35 28 21 19 23 22 15 13 16 15 11 9 14 25 36 42 48 48 38 33 37 41 44 44 43 42 39 37 35
59 60 62 64 65 65 63 61 60 57 54 53 50 45 38 32 28 27 25 23 21 20 20 20 16 13 19 26 29 28 28 28 29 29 28 29 30 31 32 33 34 35 35 36 37 37 38 38 39 39 40 40 40 40 41 41 41 41 41 41 41 41 40 40 40 41 42 41 33 24 21 27 27 20 16 16 17 13 11 20 30 38 44 48 44 34 33 38 44 45 42 43 44 41 35 19
65 67 68 68 68 67 66 65 66 64 59 56 53 49 44 40 37 36 33 29 27 26 26 26 22 18 23 30 34 35 34 34 36 36 34 35 36 37 38 39 39 39 40 41 41 42 42 43 43 43 44 44 44 44 44 44 44 44 44 44 43 43 43 42 42 41 40 38 34 32 33 37 34 23 19 18 18 17 15 22 32 39 43 44 39 34 36 40 44 43 39 40 43 42 22 3
71 72 74 75 74 74 72 71 69 66 63 59 55 51 47 44 44 43 39 36 35 34 35 34 30 26 27 32 38 40 40 39 41 41 40 40 42 44 44 44 44 45 45 46 46 46 47 47 47 47 47 47 48 47 47 47 47 47 46 46 46 45 45 44 44 42 41 39 37 36 37 37 31 20 17 17 17 17 17 23 33 38 41 40 36 37 39 41 43 41 38 34 31 21 8 358
75 76 79 81 82 82 80 78 75 72 68 65 61 57 53 51 49 47 44 43 43 44 44 43 39 34 34 38 42 44 45 44 45 46 47 47 48 48 49 48 49 49 49 50 50 50 51 51 51 51 51 51 51 51 50 50 50 49 49 49 48 48 47 46 45 44 42 41 40 39 37 34 27 18 13 15 14 14 16 23 31 37 40 39 37 37 39 40 42 44 42 32 19 10 4 1
76 78 82 86 89 90 89 86 83 78 74 71 67 64 61 58 56 53 51 50 50 50 50 49 46 43 43 46 47 48 49 50 51 53 55 55 54 54 54 54 53 53 53 54 54 54 55 55 55 55 55 54 54 54 53 53 52 52 51 51 50 50 49 48 47 46 44 44 42 41 38 34 29 23 16 14 11 9 14 24 33 39 43 42 42 42 44 45 47 51 49 31 12 7 6 7
79 80 82 87 94 97 97 94 91 87 82 76 72 70 67 65 63 61 58 58 57 56 55 54 51 49 52 55 55 54 54 54 55 56 58 58 58 59 59 59 58 57 57 58 58 58 58 58 58 58 58 58 57 57 56 55 55 54 54 53 52 52 51 50 49 48 47 46 44 42 40 36 33 29 23 17 9 4 11 27 38 41 45 47 48 51 53 52 51 46 32 15 6 6 8 10
82 81 77 84 97 104 105 102 98 94 87 81 77 74 72 71 69 67 65 64 63 62 62 60 54 52 56 60 61 59 57 57 56 56 58 59 59 60 62 64 62 60 61 61 61 61 61 62 62 62 62 61 60 60 59 58 57 56 56 55 54 53 53 52 51 50 49 47 46 44 42 39 36 33 29 22 11 2 8 29 40 39 41 43 42 43 45 43 35 28 19 10 6 8 10 10
80 77 70 73 89 103 109 107 103 100 93 84 79 77 76 76 74 72 70 69 68 68 67 65 58 56 60 62 63 61 59 60 59 60 62 62 60 60 63 66 66 64 64 64 64 64 65 65 65 65 65 64 63 62 61 61 60 59 58 57 56 55 55 54 53 52 50 49 48 46 44 42 39 36 32 27 17 6 6 27 36 34 33 34 34 34 35 33 27 21 16 13 10 9 9 9
73 70 65 68 77 91 106 105 102 102 94 85 82 81 80 79 78 77 75 75 74 73 72 70 64 63 66 65 64 64 64 65 63 62 62 63 61 60 62 65 66 66 67 68 68 68 69 69 70 71 71 69 67 65 64 63 62 61 60 59 58 57 56 55 54 53 52 51 49 48 46 44 41 38 35 30 23 13 9 20 26 26 26 27 30 32 33 29 24 22 19 17 14 10 9 8
71 71 72 77 86 91 91 91 93 93 89 86 83 82 83 82 81 80 80 80 78 77 76 74 71 70 72 70 69 68 69 70 68 65 64 62 61 62 63 64 63 63 67 69 72 73 73 73 75 78 78 75 71 69 67 65 64 63 62 61 60 59 58 57 56 55 54 53 51 50 48 46 43 40 37 33 28 19 13 12 12 17 23 27 30 33 33 27 23 22 21 18 16 12 9 9
82 82 85 92 96 91 82 81 83 84 84 83 84 84 84 84 83 83 84 83 83 81 81 79 75 76 77 76 73 72 73 75 74 73 70 66 64 64 65 65 62 60 62 65 68 71 71 72 74 78 81 80 76 72 69 67 66 65 64 63 62 61 60 59 58 57 56 54 53 52 50 47 45 42 40 36 31 24 16 8 3 10 21 28 32 34 31 26 22 21 21 20 18 14 10 9
86 88 91 93 91 85 82 79 78 79 80 83 84 84 85 85 85 86 86 87 87 86 85 84 82 81 80 79 77 75 75 76 76 76 75 74 71 69 68 67 65 63 63 63 64 65 66 68 71 71 71 73 75 74 71 69 68 67 66 65 64 63 62 61 60 59 57 56 55 53 51 49 47 44 42 39 34 28 19 9 360 3 16 26 32 34 32 28 23 21 22 21 20 16 13 12
83 84 87 86 82 81 79 77 77 78 81 84 84 84 85 85 85 86 88 89 91 91 89 88 89 89 84 81 79 78 77 75 74 73 74 76 76 75 74 72 70 69 69 70 70 70 71 74 75 73 70 69 69 70 71 70 70 69 68 68 67 65 64 63 62 61 59 58 57 55 53 51 49 47 44 41 37 31 23 12 359 359 9 21 33 36 34 32 27 25 24 23 22 20 17 16
81 81 82 82 81 79 75 74 78 82 85 85 84 84 84 84 85 86 88 90 93 94 94 94 95 95 89 84 83 82 79 77 74 72 72 74 76 76 77 78 76 75 74 75 76 76 78 80 82 81 78 74 70 70 71 72 72 72 71 70 69 68 66 65 64 62 61 60 58 57 55 53 51 49 46 44 40 35 27 15 360 356 5 20 36 37 34 32 28 26 24 23 23 22 19 16
82 81 81 82 81 77 73 74 80 86 87 85 85 84 83 82 83 84 86 89 92 94 96 99 102 100 93 88 86 85 82 79 77 75 74 73 72 72 75 79 81 80 77 76 76 77 78 81 83 84 83 79 75 73 73 74 74 74 74 73 72 70 68 67 65 64 63 61 60 59 57 55 53 51 49 46 43 38 30 18 1 353 359 20 37 39 37 34 30 28 26 24 21 17 13 11
84 83 82 82 79 75 74 76 81 85 86 84 85 84 82 80 79 79 82 86 90 91 95 103 110 108 95 90 86 84 83 83 82 82 81 76 72 70 71 74 77 81 80 78 76 76 78 80 82 83 83 82 80 77 77 77 78 78 78 76 74 73 71 69 67 66 64 63 62 60 59 57 55 54 51 49 46 41 35 25 7 350 352 15 36 40 40 37 34 33 30 24 16 9 6 7
85 85 84 83 80 76 74 76 79 80 82 84 86 84 80 76 73 75 79 84 88 91 100 110 120 115 96 89 85 82 82 83 83 85 87 85 81 76 73 72 73 76 79 79 77 76 78 79 79 79 81 83 82 80 79 79 80 82 82 81 79 76 73 71 69 67 66 65 63 62 61 59 58 56 54 51 49 45 41 35 21 357 348 17 40 43 43 40 38 37 32 22 14 9 6 7
88 88 87 84 81 78 76 74 73 74 80 86 86 83 78 71 69 73 78 85 91 100 110 115 119 107 91 86 84 83 82 82 83 84 85 88 89 85 80 77 76 76 77 79 80 79 77 77 79 79 80 81 82 81 79 77 77 79 84 88 85 79 75 72 70 69 68 66 65 64 63 61 60 58 56 54 52 50 47 43 35 20 9 39 62 62 56 50 44 41 34 24 22 23 18 14
88 87 84 81 82 82 78 73 69 71 79 86 83 78 74 69 68 70 77 88 102 113 116 112 98 83 84 83 83 82 82 83 83 84 84 86 88 89 85 80 79 78 79 80 82 81 79 78 78 80 82 83 84 84 80 75 74 76 84 91 90 82 76 73 72 71 69 68 67 66 64 63 62 60 59 57 56 54 52 49 45 40 38 55 69 73 70 63 56 51 43 31 32 34 27 23
85 83 77 75 78 81 79 74 69 72 79 81 76 72 69 67 67 68 75 92 110 121 115 93 70 68 77 81 81 82 83 84 85 86 86 85 86 88 89 85 79 78 79 81 83 83 82 80 79 81 84 87 89 88 83 76 75 79 83 84 84 81 77 75 73 72 71 70 69 67 66 65 64 62 61 60 58 57 55 54 52 51 51 57 65 69 70 68 65 62 53 43 47 49 45 41
83 81 76 74 74 76 77 72 65 67 73 74 69 68 68 69 71 73 82 95 106 117 98 71 57 64 75 79 81 82 83 85 86 88 88 87 86 87 90 90 83 76 76 80 83 84 83 81 81 83 86 91 93 94 91 86 85 85 82 77 75 77 77 75 74 74 73 72 70 69 68 67 66 64 63 62 61 60 59 58 58 58 61 65 71 74 74 74 74 70 63 63 68 69 66 62
85 84 81 79 79 79 78 73 63 64 67 66 61 60 61 67 74 82 91 94 90 69 57 53 53 65 74 78 81 82 83 85 88 90 90 89 88 89 90 91 88 79 75 77 81 82 83 83 83 84 87 94 99 97 97 100 95 89 83 78 74 74 76 76 76 75 74 73 72 71 70 69 67 66 65 64 63 62 62 61 61 62 64 70 77 81 81 82 80 74 68 68 70 69 65 64
86 85 84 85 87 87 85 81 77 75 72 67 61 59 60 69 76 84 88 81 63 43 39 45 53 67 76 79 80 80 81 85 90 93 93 91 91 91 91 92 91 85 78 75 75 78 82 84 84 85 89 95 100 97 97 100 98 92 86 82 78 76 77 78 78 77 76 75 74 73 72 70 69 68 67 66 65 65 64 64 64 64 65 68 73 78 81 81 77 71 67 65 64 61 59 57
85 84 85 88 89 88 85 86 96 95 87 78 72 71 75 81 81 84 81 68 50 44 44 51 62 73 77 78 78 77 80 86 91 94 94 94 93 93 93 93 95 93 85 78 74 75 79 83 86 90 92 92 91 91 92 95 96 94 90 86 82 79 79 80 80 78 77 77 76 75 73 72 71 70 69 68 68 67 66 66 65 65 66 67 69 71 73 73 71 67 64 62 59 57 55 53
87 86 87 88 86 81 77 81 92 100 97 87 78 76 82 86 85 86 78 53 44 48 54 65 75 80 80 79 79 81 85 88 89 90 92 94 94 95 95 96 98 101 96 87 82 80 80 84 89 91 89 83 81 84 88 91 94 94 92 89 85 83 83 83 82 81 80 79 78 76 75 74 73 72 71 70 69 69 68 68 67 67 67 67 68 68 68 67 66 64 62 60 57 55 53 51
90 89 88 86 81 76 72 72 78 87 89 83 79 79 83 86 89 87 71 47 43 51 63 77 87 87 83 81 82 86 89 87 85 86 90 93 96 97 98 99 100 104 104 98 92 89 87 88 89 87 82 78 78 80 84 87 90 92 92 91 89 86 86 86 85 83 83 81 80 78 76 75 75 74 73 72 71 71 70 69 69 68 68 68 67 67 67 65 64 62 60 58 57 55 53 51
91 90 87 84 83 78 73 71 72 74 76 79 85 87 88 88 88 78 60 48 47 56 71 84 92 86 81 82 84 87 88 87 86 87 89 92 96 100 102 103 104 106 109 104 98 94 93 91 88 84 80 79 78 79 83 85 86 89 91 91 89 89 89 90 89 87 86 84 82 80 78 77 76 76 75 74 73 73 72 71 70 70 69 69 68 67 66 65 64 62 61 59 56 55 53 51
87 86 84 84 85 83 81 78 74 71 73 76 79 84 87 85 79 68 56 50 53 67 81 85 79 68 73 79 82 84 85 87 88 89 91 94 97 100 104 107 108 110 113 110 101 97 96 92 87 83 82 81 79 79 82 84 85 86 89 90 88 87 89 91 92 92 90 87 84 82 80 79 78 77 77 76 75 74 74 73 72 71 70 70 69 68 67 65 64 62 60 59 57 55 53 51
87 85 83 83 83 81 81 80 77 74 73 71 70 75 79 77 74 70 61 58 70 84 85 74 58 59 68 75 79 81 83 86 89 93 96 98 99 100 103 110 114 114 116 115 108 100 96 92 88 85 83 83 82 81 81 83 83 83 86 89 87 85 85 88 92 94 93 91 87 84 82 81 80 80 79 78 77 77 76 75 74 73 72 71 70 69 67 66 64 63 61 59 58 56 54 52
88 87 85 83 80 79 78 78 77 75 73 70 67 65 67 70 72 72 69 75 88 91 78 59 55 61 68 72 75 78 81 86 91 96 100 102 102 102 104 110 117 118 119 121 115 104 97 94 91 88 85 83 83 82 82 82 81 82 83 85 87 86 85 86 88 92 93 92 89 86 84 83 83 82 81 80 79 79 78 77 76 75 74 73 71 70 68 67 65 64 62 60 59 57 55 53
