windninja/windninja_output/Output_2025-10-23_2000-2050_Google earth_Fire_150m_10min/merlingen_7.5mi_point_10-23-2025_2030_150m_vel.asc
ncols	158
nrows	163
xllcorner	391686.332397
yllcorner	5160024.123721
cellsize	150.000000
NODATA_value	-32768.000000
[rows 76 to 113 of 163, columns 0 to 83 of 158]
1.64 1.47 1.17 0.92 0.80 0.79 0.74 0.71 0.71 0.72 0.75 0.77 0.80 0.83 0.85 0.84 0.86 0.91 0.94 0.95 0.97 1.00 1.03 1.06 1.04 0.96 0.97 1.05 1.16 1.35 1.49 1.50 1.47 1.46 1.37 1.22 1.14 1.12 1.11 1.10 1.13 1.18 1.22 1.24 1.27 1.29 1.30 1.32 1.33 1.35 1.36 1.37 1.38 1.39 1.40 1.42 1.42 1.43 1.44 1.45 1.45 1.46 1.46 1.46 1.45 1.44 1.43 1.42 1.41 1.38 1.34 1.28 1.22 1.14 1.10 1.13 1.03 0.85 0.93 1.62 2.49 2.77 2.53 1.92
1.79 1.61 1.32 1.07 0.88 0.77 0.67 0.61 0.60 0.61 0.65 0.69 0.73 0.77 0.79 0.79 0.80 0.85 0.89 0.91 0.94 0.97 0.99 1.02 1.02 1.00 1.00 1.01 1.03 1.15 1.36 1.49 1.48 1.47 1.45 1.30 1.19 1.14 1.10 1.08 1.09 1.14 1.19 1.23 1.25 1.27 1.29 1.31 1.32 1.34 1.35 1.36 1.37 1.38 1.40 1.41 1.42 1.43 1.44 1.45 1.46 1.46 1.46 1.46 1.46 1.46 1.45 1.44 1.42 1.40 1.36 1.31 1.26 1.20 1.14 1.12 1.02 0.89 1.06 1.80 2.34 2.10 1.78 1.61
2.00 1.67 1.37 1.32 1.08 0.79 0.59 0.50 0.48 0.48 0.53 0.60 0.67 0.72 0.75 0.75 0.76 0.80 0.83 0.86 0.90 0.93 0.95 0.96 0.96 1.02 1.08 1.05 0.99 1.01 1.18 1.42 1.49 1.49 1.50 1.42 1.28 1.21 1.15 1.08 1.05 1.10 1.17 1.21 1.24 1.26 1.28 1.30 1.31 1.32 1.33 1.34 1.36 1.37 1.38 1.40 1.41 1.42 1.44 1.45 1.45 1.46 1.47 1.47 1.47 1.47 1.46 1.46 1.44 1.42 1.39 1.34 1.29 1.24 1.18 1.13 1.03 0.95 1.13 1.69 1.94 1.48 1.31 1.42
2.11 1.71 1.39 1.62 1.39 0.88 0.51 0.35 0.35 0.36 0.42 0.53 0.62 0.68 0.72 0.73 0.74 0.75 0.77 0.81 0.86 0.89 0.92 0.91 0.88 0.97 1.12 1.13 1.05 0.99 1.05 1.27 1.43 1.49 1.50 1.46 1.37 1.30 1.26 1.15 1.02 1.04 1.13 1.18 1.21 1.24 1.26 1.28 1.29 1.30 1.31 1.32 1.33 1.35 1.37 1.38 1.40 1.42 1.43 1.44 1.45 1.46 1.47 1.47 1.48 1.48 1.48 1.47 1.46 1.44 1.41 1.36 1.31 1.28 1.23 1.16 1.06 1.00 1.13 1.43 1.41 1.07 1.04 1.20
1.95 1.69 1.50 1.56 1.54 1.16 0.53 0.35 0.36 0.36 0.39 0.49 0.60 0.66 0.69 0.71 0.72 0.72 0.73 0.76 0.82 0.85 0.89 0.87 0.82 0.88 1.05 1.14 1.11 1.02 1.00 1.13 1.30 1.46 1.54 1.50 1.39 1.36 1.37 1.29 1.10 1.02 1.10 1.14 1.18 1.21 1.24 1.26 1.28 1.27 1.27 1.28 1.30 1.32 1.35 1.37 1.39 1.41 1.42 1.43 1.45 1.46 1.47 1.48 1.48 1.49 1.49 1.48 1.48 1.46 1.43 1.38 1.33 1.31 1.26 1.20 1.11 1.03 1.08 1.14 0.95 0.81 0.86 0.97
1.69 1.46 1.22 1.25 1.38 1.34 1.09 0.89 0.72 0.60 0.53 0.55 0.61 0.65 0.67 0.68 0.68 0.69 0.69 0.71 0.76 0.81 0.85 0.84 0.79 0.82 0.96 1.05 1.09 1.06 1.01 1.05 1.16 1.32 1.50 1.58 1.47 1.38 1.41 1.41 1.27 1.13 1.13 1.15 1.16 1.18 1.19 1.23 1.28 1.25 1.20 1.20 1.24 1.28 1.31 1.34 1.37 1.39 1.41 1.43 1.44 1.46 1.47 1.48 1.49 1.49 1.50 1.50 1.49 1.47 1.45 1.41 1.36 1.34 1.30 1.24 1.17 1.07 1.04 0.95 0.74 0.69 0.78 0.83
1.65 1.31 1.01 1.08 1.18 1.29 1.28 1.18 1.00 0.84 0.70 0.63 0.64 0.66 0.68 0.67 0.66 0.66 0.66 0.66 0.70 0.75 0.80 0.80 0.77 0.81 0.90 0.97 1.03 1.05 1.02 1.00 1.02 1.10 1.26 1.44 1.51 1.44 1.40 1.41 1.38 1.30 1.27 1.28 1.27 1.25 1.22 1.25 1.34 1.31 1.19 1.13 1.15 1.21 1.27 1.32 1.35 1.38 1.40 1.42 1.43 1.45 1.46 1.48 1.49 1.50 1.50 1.51 1.50 1.49 1.46 1.43 1.39 1.36 1.33 1.28 1.21 1.11 1.02 0.89 0.72 0.60 0.66 0.79
1.60 1.33 1.21 1.27 1.30 1.27 1.20 1.14 1.04 0.89 0.74 0.67 0.65 0.65 0.66 0.65 0.64 0.63 0.62 0.61 0.63 0.68 0.73 0.75 0.73 0.80 0.89 0.94 0.99 1.03 1.03 1.01 1.01 1.03 1.09 1.20 1.33 1.37 1.37 1.36 1.35 1.33 1.34 1.37 1.40 1.41 1.38 1.38 1.45 1.48 1.39 1.25 1.15 1.15 1.22 1.29 1.34 1.37 1.39 1.40 1.42 1.44 1.46 1.47 1.49 1.50 1.51 1.51 1.51 1.50 1.48 1.46 1.42 1.39 1.36 1.32 1.26 1.16 1.04 0.91 0.74 0.62 0.61 0.95
1.41 1.35 1.28 1.33 1.37 1.28 1.11 0.98 0.91 0.82 0.72 0.66 0.65 0.66 0.65 0.63 0.62 0.61 0.59 0.58 0.58 0.60 0.66 0.70 0.69 0.73 0.85 0.93 0.96 1.01 1.04 1.05 1.06 1.08 1.10 1.12 1.18 1.22 1.25 1.26 1.25 1.24 1.24 1.26 1.30 1.34 1.35 1.35 1.38 1.44 1.47 1.42 1.31 1.21 1.21 1.27 1.32 1.35 1.38 1.39 1.41 1.43 1.45 1.46 1.48 1.49 1.51 1.52 1.52 1.51 1.50 1.48 1.45 1.42 1.39 1.37 1.30 1.21 1.09 0.96 0.81 0.79 0.83 1.32
1.13 1.15 1.15 1.17 1.25 1.19 1.02 0.88 0.82 0.75 0.69 0.66 0.65 0.67 0.68 0.66 0.63 0.61 0.58 0.55 0.53 0.53 0.55 0.61 0.64 0.65 0.74 0.85 0.90 0.95 1.00 1.05 1.07 1.12 1.19 1.20 1.20 1.20 1.17 1.15 1.14 1.15 1.18 1.19 1.21 1.24 1.26 1.28 1.28 1.27 1.30 1.35 1.36 1.29 1.23 1.27 1.31 1.34 1.36 1.38 1.40 1.41 1.43 1.45 1.47 1.49 1.51 1.52 1.52 1.53 1.51 1.50 1.48 1.45 1.43 1.41 1.35 1.26 1.16 1.04 0.93 1.00 1.19 1.85
1.10 1.11 1.06 1.04 1.12 1.11 0.95 0.86 0.81 0.74 0.69 0.66 0.65 0.66 0.68 0.68 0.65 0.63 0.58 0.52 0.48 0.44 0.43 0.46 0.53 0.63 0.72 0.81 0.87 0.90 0.93 0.99 1.02 1.08 1.21 1.32 1.35 1.36 1.30 1.18 1.08 1.05 1.12 1.19 1.23 1.25 1.28 1.30 1.28 1.21 1.17 1.21 1.27 1.28 1.25 1.26 1.30 1.32 1.34 1.36 1.38 1.39 1.42 1.44 1.46 1.49 1.50 1.52 1.53 1.53 1.53 1.52 1.51 1.49 1.46 1.44 1.39 1.33 1.26 1.18 1.12 1.27 1.60 2.40
1.30 1.15 0.99 0.95 1.00 1.06 1.00 0.95 0.93 0.85 0.73 0.66 0.65 0.65 0.67 0.68 0.67 0.66 0.61 0.54 0.49 0.44 0.42 0.45 0.58 0.72 0.82 0.87 0.91 0.92 0.91 0.93 0.94 0.94 1.03 1.19 1.33 1.45 1.50 1.43 1.24 1.07 1.04 1.13 1.23 1.28 1.31 1.33 1.33 1.24 1.14 1.12 1.16 1.22 1.24 1.25 1.27 1.29 1.31 1.33 1.35 1.37 1.40 1.42 1.45 1.48 1.50 1.52 1.53 1.54 1.54 1.54 1.53 1.52 1.50 1.48 1.45 1.41 1.38 1.34 1.34 1.53 1.90 2.57
1.54 1.23 0.96 0.96 1.01 1.14 1.20 1.15 1.08 0.96 0.78 0.68 0.67 0.69 0.72 0.74 0.72 0.71 0.69 0.63 0.58 0.59 0.71 0.87 0.92 0.89 0.89 0.92 0.94 0.96 0.95 0.93 0.91 0.87 0.86 0.91 1.03 1.21 1.41 1.51 1.46 1.29 1.12 1.09 1.19 1.30 1.37 1.38 1.37 1.32 1.22 1.13 1.11 1.17 1.23 1.26 1.28 1.28 1.27 1.28 1.29 1.32 1.36 1.40 1.44 1.47 1.50 1.52 1.54 1.55 1.56 1.56 1.56 1.55 1.54 1.52 1.52 1.50 1.50 1.48 1.51 1.67 2.00 2.61
1.55 1.32 1.11 1.08 1.06 1.11 1.19 1.23 1.17 1.08 0.93 0.79 0.77 0.76 0.75 0.76 0.77 0.77 0.75 0.74 0.77 0.96 1.17 1.21 1.10 0.98 0.93 0.93 0.94 0.96 0.97 0.96 0.95 0.93 0.89 0.85 0.83 0.92 1.11 1.31 1.39 1.34 1.23 1.12 1.13 1.24 1.37 1.44 1.40 1.34 1.29 1.22 1.15 1.16 1.23 1.30 1.35 1.36 1.31 1.23 1.19 1.25 1.32 1.38 1.42 1.46 1.49 1.51 1.54 1.55 1.57 1.58 1.58 1.58 1.58 1.58 1.58 1.59 1.60 1.60 1.64 1.75 2.00 2.47
1.38 1.29 1.19 1.08 0.96 0.94 1.03 1.16 1.25 1.26 1.17 0.99 0.88 0.82 0.78 0.75 0.80 0.85 0.84 0.84 1.08 1.37 1.44 1.32 1.15 1.03 0.96 0.94 0.94 0.94 0.95 0.95 0.95 0.94 0.96 0.94 0.87 0.84 0.95 1.17 1.30 1.28 1.21 1.12 1.08 1.13 1.26 1.41 1.44 1.36 1.29 1.24 1.19 1.17 1.20 1.31 1.42 1.48 1.46 1.23 1.07 1.15 1.27 1.35 1.41 1.45 1.48 1.51 1.53 1.56 1.57 1.59 1.60 1.61 1.61 1.63 1.64 1.66 1.68 1.71 1.76 1.84 2.01 2.35
1.24 1.26 1.32 1.32 1.25 1.12 1.10 1.25 1.43 1.50 1.42 1.25 1.11 1.03 0.99 0.97 0.97 0.98 0.97 1.05 1.40 1.57 1.45 1.33 1.18 1.06 0.98 0.94 0.93 0.92 0.92 0.92 0.92 0.90 0.93 0.98 0.96 0.90 0.89 1.05 1.27 1.33 1.25 1.14 1.06 1.06 1.14 1.29 1.40 1.38 1.28 1.20 1.14 1.11 1.12 1.27 1.44 1.55 1.62 1.41 1.09 1.09 1.23 1.33 1.40 1.44 1.47 1.50 1.53 1.56 1.58 1.60 1.61 1.63 1.65 1.67 1.69 1.71 1.75 1.80 1.87 1.94 2.08 2.36
1.13 1.29 1.58 1.79 1.90 1.88 1.94 2.13 2.26 2.25 1.95 1.59 1.38 1.24 1.14 1.10 1.15 1.28 1.51 1.78 1.75 1.52 1.27 1.20 1.10 1.01 0.96 0.92 0.89 0.89 0.89 0.89 0.89 0.88 0.89 0.94 0.97 0.96 0.91 0.92 1.11 1.33 1.35 1.22 1.08 1.02 1.06 1.17 1.29 1.33 1.25 1.14 1.06 1.02 0.97 1.10 1.36 1.52 1.65 1.60 1.31 1.14 1.21 1.31 1.38 1.43 1.47 1.49 1.53 1.55 1.58 1.61 1.63 1.65 1.68 1.70 1.73 1.77 1.81 1.87 1.95 2.03 2.17 2.39
1.08 1.27 1.60 1.87 2.11 2.32 2.53 2.75 2.88 2.87 2.76 2.55 2.37 2.32 2.24 2.10 2.05 2.19 2.21 2.10 1.93 1.40 1.17 1.09 1.02 0.96 0.91 0.89 0.87 0.85 0.84 0.83 0.81 0.82 0.84 0.89 0.92 0.94 0.94 0.90 0.95 1.17 1.39 1.36 1.18 1.06 1.02 1.09 1.22 1.30 1.27 1.11 0.96 0.95 0.88 0.88 1.13 1.35 1.49 1.56 1.43 1.24 1.22 1.30 1.37 1.42 1.45 1.48 1.52 1.55 1.58 1.61 1.64 1.67 1.70 1.73 1.77 1.81 1.87 1.93 2.01 2.11 2.24 2.41
1.20 1.30 1.49 1.65 1.82 1.95 2.08 2.19 2.27 2.50 2.78 2.97 3.04 3.06 3.07 2.88 2.71 2.58 2.22 1.87 1.77 1.53 1.27 1.09 0.98 0.91 0.88 0.86 0.85 0.84 0.80 0.77 0.76 0.76 0.79 0.84 0.88 0.91 0.93 0.92 0.92 1.03 1.32 1.49 1.40 1.26 1.15 1.13 1.21 1.31 1.38 1.23 0.97 0.95 0.93 0.89 1.02 1.19 1.32 1.41 1.40 1.27 1.24 1.30 1.35 1.40 1.44 1.48 1.51 1.55 1.58 1.61 1.64 1.68 1.72 1.76 1.80 1.85 1.90 1.97 2.05 2.15 2.28 2.43
1.39 1.33 1.38 1.48 1.53 1.51 1.45 1.39 1.39 1.60 1.80 1.98 1.98 1.70 1.70 1.69 1.89 1.76 1.72 1.59 1.56 1.44 1.21 0.98 0.84 0.81 0.82 0.82 0.82 0.84 0.86 0.86 0.86 0.82 0.79 0.80 0.83 0.86 0.89 0.90 0.89 0.93 1.13 1.44 1.59 1.58 1.48 1.39 1.38 1.42 1.52 1.47 1.19 1.05 1.04 1.00 1.03 1.12 1.19 1.28 1.32 1.25 1.24 1.29 1.33 1.38 1.43 1.47 1.50 1.53 1.57 1.61 1.65 1.69 1.73 1.77 1.82 1.87 1.93 2.00 2.08 2.18 2.29 2.43
1.67 1.46 1.37 1.45 1.42 1.33 1.20 1.06 0.89 0.75 0.65 0.81 0.86 0.84 0.82 0.90 1.03 1.20 1.38 1.29 1.15 1.16 1.02 0.79 0.64 0.65 0.71 0.75 0.78 0.84 0.92 0.95 0.92 0.85 0.77 0.75 0.77 0.80 0.83 0.85 0.85 0.84 0.92 1.15 1.42 1.60 1.68 1.67 1.63 1.60 1.61 1.60 1.40 1.18 1.14 1.11 1.07 1.09 1.12 1.17 1.24 1.22 1.22 1.27 1.30 1.35 1.41 1.45 1.48 1.51 1.55 1.60 1.64 1.69 1.73 1.78 1.83 1.89 1.95 2.02 2.10 2.19 2.29 2.41
2.08 1.74 1.40 1.28 1.12 1.06 1.03 0.91 0.71 0.51 0.36 0.26 0.33 0.58 0.64 0.73 0.83 1.04 1.28 1.20 1.07 1.05 0.92 0.61 0.51 0.60 0.67 0.71 0.73 0.74 0.74 0.75 0.77 0.76 0.72 0.69 0.68 0.71 0.76 0.81 0.83 0.81 0.82 0.92 1.08 1.24 1.39 1.48 1.49 1.49 1.52 1.56 1.47 1.29 1.22 1.21 1.13 1.09 1.09 1.11 1.14 1.16 1.19 1.23 1.26 1.32 1.37 1.42 1.45 1.49 1.54 1.59 1.64 1.68 1.73 1.78 1.84 1.89 1.96 2.02 2.10 2.19 2.28 2.39
2.45 1.93 1.20 0.82 0.65 0.67 0.70 0.68 0.59 0.44 0.26 0.13 0.20 0.34 0.46 0.54 0.65 0.84 0.93 1.06 1.09 1.02 0.89 0.73 0.82 0.83 0.74 0.68 0.65 0.60 0.55 0.55 0.60 0.65 0.66 0.64 0.63 0.64 0.68 0.74 0.80 0.81 0.81 0.84 0.90 0.94 1.01 1.14 1.26 1.34 1.39 1.45 1.46 1.35 1.27 1.27 1.24 1.16 1.11 1.11 1.10 1.12 1.15 1.17 1.21 1.26 1.32 1.38 1.42 1.46 1.52 1.58 1.62 1.67 1.72 1.78 1.83 1.89 1.95 2.02 2.10 2.18 2.26 2.36
2.63 1.91 0.99 0.64 0.43 0.29 0.21 0.26 0.28 0.25 0.23 0.20 0.21 0.28 0.41 0.55 0.67 0.71 0.70 0.76 0.90 1.03 1.17 1.23 1.16 0.93 0.73 0.61 0.54 0.50 0.48 0.47 0.49 0.53 0.59 0.64 0.68 0.68 0.66 0.69 0.75 0.80 0.82 0.84 0.91 0.98 1.03 1.13 1.25 1.35 1.38 1.40 1.45 1.44 1.36 1.32 1.32 1.29 1.18 1.13 1.14 1.16 1.18 1.17 1.17 1.19 1.24 1.32 1.38 1.43 1.50 1.56 1.61 1.66 1.71 1.77 1.82 1.89 1.95 2.01 2.08 2.16 2.24 2.32
2.28 1.70 0.96 0.65 0.41 0.24 0.11 0.03 0.08 0.12 0.17 0.20 0.22 0.29 0.41 0.53 0.64 0.65 0.54 0.56 0.78 1.05 1.14 1.04 0.87 0.73 0.60 0.50 0.43 0.39 0.36 0.34 0.35 0.41 0.50 0.60 0.67 0.71 0.72 0.72 0.74 0.79 0.81 0.84 0.92 1.01 1.08 1.14 1.24 1.35 1.41 1.42 1.43 1.48 1.48 1.42 1.39 1.39 1.29 1.16 1.16 1.23 1.28 1.26 1.21 1.16 1.18 1.24 1.30 1.39 1.47 1.53 1.58 1.64 1.70 1.75 1.81 1.87 1.93 1.99 2.06 2.13 2.21 2.29
1.82 1.43 0.91 0.62 0.37 0.24 0.15 0.05 0.02 0.07 0.12 0.17 0.20 0.28 0.35 0.41 0.56 0.63 0.61 0.74 0.87 0.89 0.75 0.69 0.62 0.54 0.45 0.37 0.30 0.25 0.23 0.24 0.29 0.35 0.41 0.48 0.54 0.63 0.72 0.77 0.78 0.79 0.80 0.82 0.86 0.94 1.04 1.11 1.19 1.30 1.40 1.45 1.43 1.43 1.46 1.47 1.45 1.48 1.44 1.27 1.17 1.20 1.30 1.37 1.33 1.23 1.19 1.19 1.23 1.34 1.45 1.51 1.55 1.61 1.67 1.73 1.79 1.85 1.91 1.97 2.03 2.10 2.17 2.25
1.44 1.20 0.83 0.58 0.37 0.25 0.18 0.11 0.06 0.07 0.10 0.14 0.20 0.29 0.47 0.69 0.83 0.92 0.99 0.99 0.88 0.60 0.57 0.59 0.52 0.43 0.34 0.26 0.19 0.17 0.20 0.26 0.32 0.37 0.40 0.45 0.51 0.61 0.70 0.75 0.77 0.78 0.80 0.83 0.87 0.97 1.10 1.21 1.26 1.30 1.36 1.42 1.45 1.46 1.46 1.45 1.46 1.51 1.54 1.46 1.30 1.23 1.29 1.39 1.43 1.33 1.24 1.20 1.21 1.30 1.43 1.49 1.49 1.56 1.64 1.70 1.76 1.83 1.88 1.94 2.00 2.07 2.13 2.20
1.21 1.05 0.77 0.56 0.41 0.31 0.24 0.19 0.15 0.12 0.12 0.15 0.21 0.32 0.47 0.61 0.75 0.83 0.87 0.82 0.62 0.51 0.53 0.50 0.45 0.39 0.30 0.20 0.15 0.19 0.26 0.32 0.38 0.43 0.47 0.53 0.60 0.65 0.68 0.70 0.73 0.77 0.80 0.84 0.88 0.93 1.04 1.17 1.26 1.31 1.34 1.39 1.42 1.46 1.52 1.53 1.50 1.50 1.54 1.55 1.48 1.38 1.36 1.43 1.49 1.43 1.31 1.24 1.23 1.33 1.49 1.51 1.45 1.49 1.59 1.66 1.73 1.79 1.84 1.90 1.96 2.02 2.09 2.15
1.07 0.96 0.73 0.56 0.43 0.33 0.26 0.21 0.16 0.12 0.12 0.15 0.20 0.24 0.27 0.28 0.33 0.38 0.33 0.29 0.40 0.47 0.47 0.44 0.40 0.35 0.30 0.25 0.23 0.27 0.32 0.36 0.44 0.52 0.57 0.64 0.69 0.72 0.73 0.75 0.77 0.80 0.83 0.85 0.88 0.88 0.92 1.02 1.16 1.27 1.34 1.38 1.41 1.40 1.43 1.51 1.55 1.54 1.53 1.53 1.50 1.44 1.40 1.46 1.52 1.52 1.42 1.32 1.29 1.39 1.57 1.62 1.51 1.46 1.52 1.62 1.70 1.74 1.79 1.85 1.91 1.97 2.03 2.09
0.98 0.88 0.69 0.54 0.42 0.32 0.25 0.18 0.16 0.15 0.12 0.14 0.17 0.20 0.21 0.19 0.12 0.01 0.11 0.24 0.30 0.33 0.37 0.39 0.37 0.36 0.35 0.33 0.33 0.34 0.39 0.49 0.59 0.64 0.68 0.77 0.86 0.90 0.92 0.93 0.92 0.90 0.90 0.91 0.92 0.92 0.94 1.00 1.12 1.27 1.38 1.45 1.49 1.48 1.41 1.40 1.47 1.54 1.56 1.55 1.50 1.45 1.42 1.43 1.48 1.53 1.48 1.37 1.34 1.44 1.60 1.73 1.73 1.55 1.53 1.65 1.69 1.68 1.72 1.81 1.86 1.90 1.94 2.01
0.94 0.85 0.68 0.55 0.46 0.37 0.29 0.22 0.23 0.26 0.27 0.31 0.32 0.30 0.26 0.20 0.12 0.03 0.07 0.15 0.18 0.19 0.24 0.34 0.39 0.40 0.40 0.40 0.40 0.47 0.60 0.72 0.74 0.73 0.82 1.03 1.14 1.14 1.12 1.08 1.04 1.00 1.01 1.01 0.98 0.98 0.99 1.01 1.08 1.20 1.34 1.45 1.52 1.58 1.56 1.47 1.41 1.45 1.52 1.57 1.53 1.48 1.47 1.47 1.47 1.50 1.49 1.37 1.34 1.48 1.61 1.71 1.84 1.80 1.72 1.77 1.73 1.63 1.68 1.83 1.86 1.79 1.83 1.92
0.98 0.89 0.73 0.61 0.53 0.46 0.42 0.44 0.53 0.65 0.71 0.71 0.62 0.46 0.33 0.23 0.16 0.10 0.06 0.09 0.11 0.16 0.24 0.34 0.41 0.44 0.46 0.48 0.55 0.70 0.85 0.89 0.81 0.80 1.13 1.43 1.44 1.28 1.20 1.19 1.15 1.13 1.14 1.13 1.11 1.10 1.09 1.10 1.12 1.14 1.20 1.29 1.39 1.50 1.60 1.61 1.52 1.46 1.48 1.54 1.56 1.51 1.47 1.50 1.52 1.52 1.53 1.42 1.30 1.41 1.61 1.70 1.79 1.88 1.90 1.90 1.84 1.69 1.70 1.88 1.90 1.73 1.69 1.78
1.04 0.94 0.80 0.73 0.72 0.78 0.92 0.97 1.02 0.97 0.85 0.69 0.52 0.40 0.33 0.29 0.26 0.20 0.14 0.12 0.17 0.29 0.35 0.37 0.40 0.44 0.53 0.62 0.72 0.91 0.99 0.96 0.89 1.00 1.55 1.74 1.53 1.35 1.38 1.43 1.34 1.26 1.28 1.29 1.27 1.23 1.21 1.20 1.19 1.19 1.20 1.23 1.27 1.34 1.46 1.57 1.60 1.55 1.51 1.54 1.60 1.59 1.48 1.46 1.51 1.51 1.52 1.50 1.35 1.32 1.54 1.75 1.80 1.83 1.93 1.99 1.97 1.84 1.73 1.87 1.97 1.83 1.64 1.63
1.07 0.99 0.92 0.98 1.10 1.19 1.17 1.08 0.93 0.73 0.55 0.44 0.38 0.34 0.35 0.40 0.42 0.37 0.31 0.29 0.36 0.43 0.41 0.40 0.43 0.53 0.62 0.69 0.85 1.06 1.11 1.10 1.09 1.28 1.76 1.78 1.54 1.55 1.75 1.68 1.37 1.29 1.40 1.41 1.35 1.33 1.32 1.27 1.22 1.23 1.27 1.32 1.34 1.33 1.35 1.44 1.56 1.60 1.56 1.56 1.63 1.71 1.63 1.50 1.50 1.48 1.43 1.46 1.41 1.31 1.41 1.71 1.86 1.83 1.90 2.00 2.05 1.99 1.83 1.84 1.99 2.01 1.74 1.54
1.17 1.10 1.08 1.12 1.11 0.98 0.79 0.63 0.51 0.43 0.38 0.36 0.36 0.39 0.48 0.57 0.58 0.51 0.48 0.48 0.50 0.52 0.50 0.50 0.55 0.63 0.71 0.82 1.05 1.25 1.25 1.25 1.26 1.45 1.89 1.93 1.85 2.02 2.03 1.71 1.43 1.49 1.56 1.45 1.41 1.45 1.42 1.33 1.27 1.26 1.28 1.33 1.39 1.40 1.38 1.40 1.47 1.55 1.55 1.49 1.53 1.67 1.72 1.62 1.57 1.55 1.43 1.35 1.36 1.33 1.35 1.62 1.87 1.89 1.91 1.98 2.06 2.07 1.99 1.92 1.96 2.07 1.90 1.59
1.22 1.16 1.09 0.99 0.83 0.66 0.52 0.44 0.40 0.39 0.37 0.36 0.41 0.53 0.68 0.77 0.73 0.64 0.61 0.59 0.63 0.67 0.66 0.67 0.67 0.74 0.91 1.10 1.29 1.37 1.36 1.36 1.39 1.66 2.27 2.46 2.45 2.44 2.17 1.78 1.76 1.83 1.73 1.59 1.56 1.52 1.42 1.33 1.32 1.31 1.30 1.29 1.31 1.37 1.40 1.40 1.42 1.49 1.51 1.45 1.42 1.52 1.67 1.70 1.67 1.69 1.62 1.41 1.29 1.27 1.30 1.50 1.78 1.90 1.94 2.00 2.04 2.09 2.12 2.05 2.00 2.07 1.96 1.69
1.17 1.06 0.93 0.80 0.69 0.62 0.58 0.54 0.51 0.48 0.46 0.54 0.67 0.78 0.88 0.92 0.81 0.77 0.76 0.84 0.94 0.95 0.87 0.79 0.75 0.90 1.12 1.29 1.40 1.40 1.41 1.49 1.61 2.10 2.78 2.97 2.86 2.53 2.06 1.87 1.84 1.70 1.65 1.81 1.80 1.62 1.43 1.33 1.32 1.33 1.33 1.32 1.31 1.34 1.38 1.40 1.42 1.48 1.54 1.51 1.44 1.46 1.57 1.64 1.68 1.74 1.78 1.66 1.43 1.25 1.23 1.37 1.63 1.83 1.93 2.01 2.04 2.07 2.19 2.24 2.16 2.10 1.94 1.76
1.21 1.05 0.84 0.73 0.67 0.63 0.62 0.63 0.62 0.61 0.65 0.81 0.95 0.98 0.99 1.01 0.93 0.96 1.14 1.24 1.25 1.18 1.02 0.85 0.82 1.09 1.30 1.42 1.44 1.46 1.49 1.58 1.86 2.51 3.05 2.91 2.54 2.18 1.92 1.76 1.57 1.48 1.76 2.03 1.94 1.68 1.49 1.43 1.40 1.37 1.35 1.33 1.36 1.39 1.41 1.40 1.39 1.44 1.52 1.54 1.50 1.48 1.54 1.58 1.59 1.69 1.80 1.83 1.73 1.51 1.38 1.42 1.56 1.73 1.91 2.03 2.03 2.01 2.13 2.31 2.41 2.24 1.93 1.79
