windninja/windninja_output/Output_2025-10-23_2000-2050_Google earth_Fire_150m_10min/merlingen_7.5mi_point_10-23-2025_2020_150m_vel.asc
ncols	158
nrows	163
xllcorner	391686.332397
yllcorner	5160024.123721
cellsize	150.000000
NODATA_value	-32768.000000
[rows 111 to 147 of 163, columns 0 to 83 of 158]
1.05 1.38 1.93 2.23 2.32 2.30 2.26 2.31 2.36 2.38 2.54 2.68 2.46 2.44 2.89 3.03 2.14 1.00 1.31 2.44 3.40 3.58 2.62 1.89 1.83 2.10 2.52 2.99 4.21 5.38 5.28 4.48 4.10 5.07 6.65 6.43 5.46 4.92 4.00 2.98 2.97 3.46 3.61 3.30 3.15 3.07 2.78 2.51 2.49 2.56 2.62 2.63 2.64 2.88 3.11 3.06 3.07 3.45 3.68 3.37 3.19 3.49 3.68 3.49 3.42 3.63 3.66 3.30 2.96 2.81 2.94 3.63 4.35 4.50 4.57 4.73 4.71 4.67 4.70 4.66 4.64 4.76 4.46 3.83
1.03 1.32 1.75 1.96 2.08 2.09 2.09 2.17 2.24 2.20 2.35 2.79 2.72 2.50 2.91 3.07 2.00 0.71 0.93 2.07 3.15 3.70 2.90 1.73 1.68 2.33 2.59 2.82 3.42 4.55 5.28 4.90 4.39 5.43 6.91 6.62 5.58 4.54 3.27 2.85 2.89 3.06 3.44 3.64 3.32 2.93 2.60 2.42 2.43 2.49 2.52 2.42 2.40 2.74 3.04 2.96 2.90 3.23 3.58 3.42 3.13 3.21 3.45 3.49 3.43 3.55 3.71 3.48 3.09 2.89 2.99 3.51 4.12 4.40 4.55 4.72 4.68 4.58 4.77 4.91 4.88 4.85 4.43 3.90
0.96 1.18 1.51 1.73 1.92 1.97 1.96 2.02 2.08 2.03 2.19 2.85 2.95 2.54 2.84 3.09 2.00 0.74 0.88 1.66 2.64 3.55 3.19 1.82 1.73 2.65 2.88 2.99 3.07 3.52 4.59 5.16 5.22 6.17 7.14 6.34 4.93 3.76 2.86 2.58 2.41 2.72 3.63 3.99 3.32 2.64 2.42 2.41 2.42 2.46 2.44 2.28 2.28 2.59 2.89 2.89 2.81 2.99 3.39 3.41 3.13 2.99 3.24 3.50 3.36 3.40 3.60 3.56 3.40 3.11 3.06 3.49 3.96 4.17 4.44 4.74 4.73 4.57 4.67 4.92 5.21 5.03 4.30 3.88
0.77 0.98 1.33 1.59 1.81 1.89 1.89 1.88 1.84 1.89 2.22 2.89 2.91 2.45 2.79 3.21 2.30 1.19 1.10 1.41 2.11 3.09 3.27 2.39 2.42 2.98 3.05 2.93 3.03 3.14 3.53 4.75 5.87 6.79 6.93 5.63 4.33 3.57 2.82 2.29 2.21 2.96 3.97 4.13 3.27 2.59 2.56 2.57 2.50 2.46 2.39 2.25 2.23 2.40 2.71 2.83 2.74 2.80 3.13 3.34 3.14 2.85 3.06 3.50 3.35 3.22 3.40 3.51 3.55 3.35 3.19 3.51 3.90 3.93 4.17 4.68 4.83 4.69 4.49 4.69 5.36 5.28 4.34 3.87
0.58 0.81 1.27 1.53 1.70 1.76 1.81 1.74 1.68 1.92 2.49 2.94 2.60 2.19 2.84 3.54 2.75 1.50 1.18 1.24 1.77 2.44 2.93 3.08 3.14 3.11 2.87 2.74 3.23 3.10 2.82 3.91 5.75 6.96 6.67 5.41 4.27 3.51 2.83 2.28 2.50 3.51 4.14 3.96 3.35 2.90 2.71 2.49 2.41 2.42 2.35 2.27 2.19 2.21 2.51 2.70 2.67 2.67 2.90 3.21 3.08 2.78 2.97 3.41 3.39 3.09 3.18 3.41 3.53 3.43 3.30 3.50 3.88 3.96 3.95 4.42 4.85 4.86 4.47 4.44 5.26 5.44 4.54 3.87
0.59 0.75 1.19 1.43 1.57 1.60 1.63 1.62 1.79 2.25 2.90 2.85 2.12 1.84 2.89 3.92 3.01 1.49 1.24 1.40 1.83 2.27 2.68 3.18 3.31 3.12 2.64 2.61 3.47 3.27 2.70 3.34 4.97 6.56 6.65 5.45 4.28 3.23 2.83 2.79 3.14 3.87 3.90 3.63 3.39 2.87 2.35 2.13 2.27 2.39 2.37 2.30 2.16 2.09 2.24 2.49 2.62 2.62 2.75 3.03 2.96 2.74 2.91 3.32 3.38 3.02 3.00 3.28 3.43 3.40 3.32 3.41 3.83 4.18 4.06 4.17 4.59 4.91 4.65 4.38 5.06 5.50 4.59 3.73
0.65 0.68 1.03 1.31 1.48 1.50 1.45 1.57 2.06 2.64 3.08 2.61 1.71 1.61 2.96 4.04 3.02 1.51 1.55 1.98 2.31 2.66 2.90 3.11 3.25 3.21 2.68 2.65 3.67 3.37 2.74 3.04 4.05 5.89 6.50 5.47 4.14 2.97 2.90 3.43 3.72 3.76 3.47 3.40 3.30 2.65 2.22 2.27 2.45 2.55 2.52 2.33 2.14 1.99 1.99 2.31 2.58 2.59 2.64 2.86 2.86 2.70 2.87 3.25 3.28 2.93 2.89 3.13 3.27 3.30 3.27 3.29 3.62 4.14 4.41 4.33 4.26 4.61 4.77 4.59 5.06 5.48 4.48 3.44
0.68 0.58 0.86 1.23 1.44 1.46 1.42 1.70 2.29 2.74 3.02 2.45 1.59 1.67 2.77 3.88 3.41 1.96 1.93 2.29 2.50 2.74 2.91 3.08 3.30 3.38 3.16 3.38 3.72 3.41 3.12 3.41 4.32 6.13 6.28 5.11 4.05 2.98 3.23 3.83 3.65 3.33 3.15 3.18 3.12 2.77 2.50 2.54 2.61 2.61 2.47 2.18 2.01 1.89 1.84 2.15 2.48 2.54 2.57 2.75 2.83 2.71 2.86 3.16 3.11 2.86 2.81 2.95 3.10 3.22 3.22 3.17 3.32 3.83 4.48 4.63 4.22 4.29 4.66 4.81 5.19 5.34 4.35 3.31
0.77 0.60 0.75 1.22 1.46 1.45 1.53 1.89 2.41 2.63 2.82 2.57 1.73 1.77 2.40 3.46 3.84 2.69 2.06 2.18 2.34 2.53 2.80 3.12 3.42 3.54 3.56 3.70 3.79 3.87 4.47 5.05 5.78 6.38 5.61 4.54 3.78 3.26 3.56 3.66 3.20 2.97 2.96 3.11 3.18 2.98 2.63 2.54 2.51 2.36 2.18 1.93 1.82 1.75 1.71 1.95 2.32 2.50 2.54 2.69 2.83 2.75 2.84 3.01 2.87 2.75 2.69 2.70 2.94 3.19 3.19 3.06 3.09 3.45 4.13 4.63 4.51 4.34 4.60 4.90 5.18 5.17 4.36 3.52
0.86 0.67 0.70 1.24 1.46 1.40 1.63 2.06 2.50 2.45 2.51 2.79 2.08 1.78 2.08 3.07 3.94 3.31 2.23 2.06 2.18 2.37 2.72 3.13 3.44 3.58 3.61 3.63 4.05 4.76 5.27 5.42 5.51 5.33 4.74 4.27 3.70 3.50 3.39 2.94 2.74 2.76 2.99 3.21 3.19 2.92 2.71 2.62 2.41 2.16 2.00 1.81 1.70 1.66 1.60 1.73 2.17 2.48 2.51 2.66 2.85 2.70 2.67 2.70 2.45 2.56 2.63 2.46 2.71 3.17 3.20 3.00 2.99 3.18 3.60 4.17 4.58 4.66 4.77 4.97 5.07 5.06 4.45 3.81
0.97 0.79 0.84 1.26 1.40 1.38 1.71 2.23 2.56 2.28 2.26 3.01 2.49 1.84 1.99 2.77 3.78 3.57 2.44 1.94 1.95 2.20 2.57 2.99 3.42 3.60 3.59 3.74 4.60 5.47 5.43 5.03 4.83 4.56 4.43 4.15 3.66 3.51 2.85 2.42 2.43 2.55 2.94 3.02 2.86 2.74 2.71 2.52 2.13 1.95 1.83 1.71 1.65 1.60 1.52 1.62 2.13 2.45 2.45 2.62 2.71 2.37 2.22 2.26 2.16 2.53 2.81 2.51 2.54 3.01 3.13 2.99 3.00 3.05 3.13 3.45 4.10 4.69 5.02 5.14 5.11 5.08 4.58 4.12
1.05 0.93 1.10 1.32 1.36 1.46 1.79 2.25 2.55 2.17 2.17 3.23 2.84 1.90 1.88 2.37 3.43 3.58 2.39 1.73 1.76 2.11 2.43 2.80 3.38 3.52 3.55 4.03 5.23 5.88 5.27 4.89 4.71 4.16 4.21 4.07 3.49 3.39 2.80 2.25 2.17 2.31 2.76 2.84 2.71 2.70 2.57 2.10 1.75 1.66 1.61 1.62 1.53 1.43 1.44 1.60 2.04 2.33 2.31 2.40 2.24 1.90 1.90 2.01 2.13 2.71 3.15 2.87 2.65 2.74 2.91 2.95 3.05 3.03 2.89 2.89 3.30 4.11 4.86 5.24 5.36 5.35 4.86 4.44
1.02 0.94 1.12 1.20 1.23 1.47 1.73 2.11 2.48 2.21 2.31 3.45 3.00 1.72 1.59 2.06 2.89 3.35 2.61 1.91 1.90 2.11 2.33 2.74 3.26 3.43 3.51 4.30 5.98 6.22 4.94 4.53 4.39 3.83 3.96 3.97 3.31 3.21 2.99 2.21 1.97 2.10 2.46 2.82 2.82 2.75 2.52 1.97 1.62 1.50 1.57 1.59 1.37 1.28 1.32 1.39 1.69 2.02 2.03 1.96 1.76 1.69 1.87 2.01 2.19 2.81 3.26 3.17 2.84 2.56 2.62 2.90 3.03 3.00 2.84 2.66 2.71 3.30 4.17 4.82 5.36 5.74 5.36 4.63
0.98 0.92 1.05 1.07 1.14 1.44 1.65 1.89 2.35 2.29 2.59 3.38 2.55 1.40 1.42 1.87 2.34 2.81 2.83 2.45 2.31 2.33 2.41 2.75 3.12 3.30 3.65 5.21 7.16 6.23 4.20 3.98 4.09 3.70 3.72 3.81 3.22 3.02 3.01 2.31 1.93 1.92 2.06 2.66 2.99 2.83 2.54 2.07 1.62 1.55 1.63 1.52 1.25 1.19 1.18 1.14 1.29 1.67 1.81 1.58 1.49 1.81 2.05 2.12 2.38 2.84 3.09 3.18 3.06 2.52 2.43 2.80 3.00 2.95 2.88 2.69 2.57 2.88 3.51 4.01 4.68 5.73 5.88 4.88
0.94 0.92 1.03 1.09 1.19 1.41 1.57 1.78 2.27 2.33 2.63 3.13 2.31 1.27 1.37 1.73 1.98 2.17 2.50 2.82 3.05 2.97 2.78 2.86 3.32 3.79 5.10 7.48 7.33 5.00 3.29 3.44 3.85 3.51 3.39 3.64 3.22 2.88 2.91 2.46 1.94 1.77 1.81 2.39 3.02 3.01 2.66 2.12 1.67 1.60 1.55 1.36 1.15 1.11 1.09 1.04 1.12 1.47 1.74 1.54 1.60 2.05 2.17 2.16 2.45 2.76 2.84 2.97 3.06 2.79 2.51 2.79 3.07 3.00 2.95 2.83 2.71 2.80 3.14 3.50 3.81 5.02 5.94 5.42
0.85 0.85 1.00 1.09 1.17 1.32 1.52 1.91 2.26 2.26 2.41 2.83 2.43 1.48 1.56 1.76 1.76 1.81 2.12 2.64 3.23 3.83 3.71 3.66 4.98 6.42 7.06 7.10 5.32 3.35 2.79 3.08 3.57 3.29 3.15 3.46 3.21 2.77 2.69 2.43 2.00 1.73 1.76 2.17 2.90 3.21 2.84 2.15 1.68 1.52 1.41 1.21 1.02 0.97 0.96 0.93 1.01 1.35 1.73 1.74 1.85 2.08 2.07 2.08 2.35 2.59 2.65 2.72 2.84 2.88 2.87 3.08 3.25 3.15 3.05 2.98 2.87 2.79 2.98 3.25 3.43 4.23 5.24 5.49
0.87 0.86 1.02 1.09 1.15 1.31 1.62 2.07 2.20 2.13 2.08 2.37 2.46 2.13 2.15 1.94 1.68 1.84 2.24 2.79 3.92 5.14 5.42 5.46 5.86 6.37 5.77 4.26 3.20 2.60 2.49 2.84 3.28 3.10 3.00 3.22 3.09 2.75 2.44 2.30 2.07 1.79 1.84 2.11 2.74 3.28 2.91 2.08 1.54 1.34 1.29 1.12 0.89 0.83 0.83 0.83 0.91 1.32 1.75 1.80 1.80 1.88 1.88 1.99 2.24 2.43 2.49 2.53 2.62 2.74 3.03 3.38 3.46 3.32 3.23 3.19 2.94 2.88 3.13 3.26 3.40 3.92 4.43 4.83
0.93 0.90 1.03 1.08 1.15 1.37 1.75 2.08 2.12 1.98 1.87 2.07 2.40 2.52 2.51 2.11 1.91 2.29 3.18 5.24 6.30 5.91 5.35 4.80 4.56 4.22 3.54 2.85 2.40 2.19 2.33 2.74 3.01 2.82 2.73 2.90 2.94 2.67 2.26 2.18 2.11 1.98 2.04 2.20 2.66 3.20 2.92 1.94 1.37 1.25 1.19 1.01 0.80 0.77 0.78 0.79 0.92 1.32 1.68 1.69 1.67 1.71 1.77 1.94 2.14 2.29 2.33 2.36 2.46 2.59 2.96 3.49 3.73 3.54 3.37 3.37 3.13 3.07 3.33 3.47 3.65 3.89 4.01 4.26
0.89 0.84 0.92 0.99 1.06 1.32 1.70 2.01 2.02 1.90 1.91 2.13 2.30 2.41 2.49 2.56 2.61 3.35 5.43 7.08 6.16 4.44 3.70 3.26 3.29 3.40 3.07 2.49 2.08 2.06 2.30 2.54 2.57 2.40 2.37 2.64 2.77 2.45 2.15 2.15 2.17 2.18 2.24 2.40 2.71 3.05 2.82 1.89 1.37 1.31 1.15 0.91 0.70 0.68 0.71 0.77 0.94 1.25 1.53 1.60 1.60 1.63 1.72 1.87 2.04 2.16 2.18 2.23 2.32 2.47 2.81 3.36 3.82 3.82 3.60 3.63 3.47 3.17 3.31 3.66 3.88 3.95 3.92 3.98
0.92 0.84 0.92 1.00 1.05 1.30 1.66 1.89 1.94 1.90 1.98 2.02 2.01 2.15 2.41 2.93 3.87 5.28 6.52 5.99 3.94 3.01 2.91 2.94 3.17 3.36 2.87 2.18 2.06 2.18 2.24 2.20 2.13 2.07 2.09 2.34 2.54 2.36 2.13 2.17 2.25 2.33 2.49 2.69 2.86 2.91 2.57 1.79 1.43 1.33 1.02 0.74 0.54 0.55 0.64 0.75 0.90 1.14 1.41 1.53 1.52 1.54 1.65 1.79 1.93 2.03 2.08 2.12 2.19 2.34 2.66 3.18 3.68 3.93 3.95 4.04 3.87 3.34 3.42 3.83 4.00 4.04 3.88 3.67
1.01 0.94 1.00 1.05 1.12 1.40 1.63 1.74 1.88 1.91 1.87 1.78 1.75 1.97 2.39 3.12 4.64 5.91 5.49 3.69 2.91 2.78 2.73 2.77 3.11 3.24 2.47 2.09 2.14 2.16 2.14 2.10 2.00 1.91 1.94 2.12 2.36 2.43 2.27 2.24 2.42 2.55 2.73 2.89 2.87 2.56 2.07 1.58 1.42 1.23 0.80 0.49 0.44 0.50 0.60 0.70 0.79 1.02 1.30 1.40 1.40 1.46 1.57 1.71 1.81 1.91 2.01 2.02 2.06 2.18 2.53 3.05 3.41 3.82 4.17 4.43 4.34 3.69 3.56 4.03 4.35 4.17 3.68 3.36
1.01 0.95 0.95 1.04 1.26 1.54 1.64 1.64 1.80 1.88 1.74 1.67 1.73 2.02 2.59 3.34 5.02 5.80 4.36 2.99 2.77 2.70 2.67 2.76 3.03 3.02 2.32 1.98 2.03 1.92 1.89 1.91 1.80 1.78 1.97 2.21 2.43 2.56 2.44 2.45 2.69 2.79 2.83 2.93 2.70 2.00 1.50 1.36 1.32 1.04 0.55 0.35 0.39 0.50 0.58 0.65 0.72 0.93 1.17 1.24 1.31 1.49 1.52 1.61 1.74 1.83 1.94 1.96 1.95 2.06 2.46 2.89 3.14 3.67 4.21 4.65 4.90 4.13 3.62 4.22 4.60 4.13 3.45 3.28
0.98 0.91 0.94 1.12 1.44 1.64 1.61 1.64 1.83 1.94 1.87 1.79 1.84 2.25 2.84 3.91 5.66 5.69 4.29 3.21 2.93 2.80 2.76 2.78 2.74 2.53 2.15 1.92 1.88 1.77 1.72 1.71 1.64 1.80 2.14 2.36 2.53 2.56 2.44 2.60 2.84 2.82 2.82 2.84 2.39 1.62 1.29 1.21 1.10 0.76 0.40 0.32 0.39 0.49 0.59 0.64 0.70 0.88 1.11 1.21 1.38 1.55 1.48 1.51 1.68 1.75 1.87 1.94 1.88 2.02 2.38 2.71 2.94 3.42 4.10 4.85 5.33 4.48 3.74 4.30 4.62 3.94 3.23 3.08
1.06 1.02 1.11 1.29 1.54 1.58 1.56 1.72 1.89 2.07 2.17 2.05 2.19 2.66 3.75 5.66 6.24 5.28 3.96 3.24 2.94 2.71 2.58 2.44 2.15 1.98 1.98 1.96 1.88 1.80 1.73 1.73 1.74 1.92 2.15 2.30 2.39 2.33 2.35 2.69 2.88 2.75 2.73 2.53 1.83 1.39 1.23 1.03 0.78 0.57 0.42 0.38 0.42 0.50 0.57 0.60 0.67 0.87 1.09 1.23 1.42 1.47 1.38 1.42 1.58 1.69 1.79 1.92 1.98 2.07 2.28 2.57 2.80 3.02 3.81 4.95 5.60 4.92 4.00 4.26 4.51 3.88 3.00 2.74
1.07 1.10 1.24 1.41 1.55 1.58 1.63 1.80 1.91 2.10 2.21 2.16 2.34 3.24 5.40 6.49 5.62 4.34 3.47 3.02 2.68 2.28 2.09 1.91 1.69 1.69 1.83 1.96 1.98 1.93 1.85 1.84 1.92 2.00 2.07 2.17 2.16 2.08 2.37 2.84 2.87 2.63 2.45 1.98 1.42 1.23 1.07 0.78 0.58 0.53 0.48 0.43 0.45 0.51 0.54 0.56 0.66 0.89 1.09 1.23 1.35 1.33 1.31 1.36 1.47 1.62 1.69 1.88 2.21 2.28 2.30 2.48 2.63 2.69 3.36 4.63 5.57 5.46 4.43 4.26 4.26 3.70 3.07 2.81
1.01 1.07 1.22 1.32 1.47 1.58 1.66 1.72 1.77 1.91 2.00 2.08 2.25 3.58 5.89 5.73 4.28 3.69 3.14 2.76 2.37 1.87 1.68 1.65 1.59 1.60 1.74 1.95 2.09 2.05 1.90 1.85 1.93 1.96 2.05 2.15 2.04 1.99 2.43 2.90 2.72 2.46 2.14 1.45 1.14 0.99 0.78 0.53 0.45 0.47 0.42 0.40 0.45 0.51 0.53 0.56 0.70 0.95 1.14 1.25 1.28 1.26 1.28 1.30 1.35 1.50 1.58 1.85 2.39 2.57 2.44 2.41 2.53 2.57 2.94 4.01 5.19 5.61 5.12 4.50 4.08 3.58 3.28 3.31
0.97 0.99 1.08 1.15 1.34 1.49 1.52 1.51 1.55 1.71 1.85 2.09 2.40 4.05 5.83 5.00 3.84 3.34 2.73 2.39 2.11 1.74 1.54 1.56 1.53 1.54 1.70 1.99 2.18 2.03 1.71 1.65 1.78 1.90 2.06 2.11 1.99 1.96 2.42 2.86 2.61 2.22 1.70 1.12 0.87 0.71 0.53 0.37 0.35 0.37 0.36 0.40 0.47 0.50 0.52 0.60 0.81 1.08 1.19 1.21 1.21 1.19 1.22 1.19 1.21 1.34 1.50 1.83 2.42 2.81 2.64 2.44 2.56 2.64 2.58 3.25 4.56 5.30 5.41 5.26 4.49 3.65 3.57 3.83
0.96 0.93 0.94 1.00 1.24 1.35 1.30 1.31 1.47 1.72 2.01 2.39 3.13 5.31 6.02 4.65 3.54 2.81 2.17 2.02 1.96 1.71 1.55 1.51 1.42 1.45 1.65 1.98 2.12 1.87 1.58 1.58 1.77 1.92 2.01 1.98 1.84 1.95 2.48 2.83 2.41 1.70 1.23 0.89 0.66 0.54 0.42 0.31 0.31 0.35 0.40 0.46 0.49 0.51 0.56 0.72 0.99 1.15 1.16 1.15 1.13 1.12 1.13 1.04 1.03 1.18 1.43 1.84 2.37 2.89 3.02 2.79 2.74 2.72 2.60 2.77 3.79 4.67 5.05 5.64 5.40 4.02 4.11 4.15
1.01 0.94 0.90 1.04 1.25 1.24 1.19 1.32 1.55 1.82 2.25 3.00 4.78 6.41 5.68 3.76 2.81 2.27 1.84 1.76 1.85 1.71 1.54 1.44 1.37 1.43 1.63 1.89 1.94 1.73 1.58 1.72 1.86 1.84 1.93 1.89 1.84 2.17 2.62 2.62 1.89 1.16 0.91 0.70 0.52 0.44 0.36 0.29 0.32 0.38 0.46 0.53 0.56 0.60 0.74 0.96 1.13 1.14 1.12 1.11 1.07 1.08 1.05 0.88 0.86 1.07 1.38 1.85 2.32 2.80 3.25 3.37 3.08 2.86 2.76 2.71 3.16 4.01 4.43 5.35 5.85 5.20 5.00 4.28
1.04 0.97 0.99 1.19 1.25 1.20 1.34 1.54 1.66 2.08 2.67 3.83 6.12 6.21 3.99 2.64 2.24 1.93 1.65 1.68 1.80 1.70 1.49 1.38 1.39 1.49 1.62 1.73 1.78 1.65 1.61 1.78 1.80 1.78 2.00 2.06 2.06 2.30 2.40 2.06 1.34 0.88 0.72 0.54 0.42 0.38 0.31 0.28 0.34 0.42 0.49 0.55 0.62 0.77 1.00 1.14 1.14 1.10 1.09 1.05 1.03 1.08 1.01 0.83 0.83 1.07 1.42 1.86 2.27 2.73 3.29 3.67 3.44 3.03 2.93 2.68 2.71 3.51 4.11 4.95 6.07 6.20 5.26 4.00
1.07 0.99 1.01 1.09 1.09 1.26 1.64 1.82 1.97 2.68 3.43 5.16 6.29 4.50 2.53 2.13 1.92 1.78 1.72 1.87 1.94 1.79 1.55 1.45 1.46 1.52 1.57 1.58 1.61 1.58 1.62 1.75 1.81 1.93 2.14 2.15 2.13 2.14 1.87 1.36 0.93 0.71 0.59 0.46 0.40 0.36 0.31 0.32 0.38 0.43 0.45 0.52 0.67 0.92 1.13 1.16 1.13 1.11 1.08 1.06 1.11 1.15 1.06 0.98 1.12 1.40 1.71 1.97 2.28 2.81 3.23 3.57 3.75 3.58 3.18 2.49 2.29 3.17 4.12 5.03 6.40 6.57 5.07 3.79
1.09 0.95 0.88 0.92 1.07 1.41 1.73 1.96 2.46 3.05 3.98 5.89 5.64 2.79 1.96 1.90 1.79 1.88 1.98 2.05 1.98 1.81 1.71 1.71 1.72 1.64 1.53 1.42 1.43 1.51 1.61 1.76 1.90 2.01 2.05 2.02 1.96 1.78 1.35 0.91 0.71 0.63 0.55 0.48 0.42 0.37 0.34 0.36 0.39 0.38 0.39 0.53 0.79 0.98 1.10 1.10 1.07 1.10 1.12 1.18 1.24 1.23 1.19 1.26 1.50 1.81 2.03 2.16 2.41 2.78 3.04 3.30 3.96 4.17 3.18 2.16 2.02 2.99 4.32 5.58 6.31 6.22 5.43 4.27
1.23 1.05 0.94 1.02 1.23 1.48 1.74 2.09 2.66 2.99 4.17 5.26 4.01 2.27 1.93 1.87 1.87 2.09 2.16 1.90 1.67 1.60 1.62 1.73 1.82 1.80 1.63 1.41 1.39 1.53 1.69 1.86 1.91 1.87 1.88 1.80 1.53 1.14 0.85 0.68 0.63 0.61 0.55 0.49 0.43 0.38 0.36 0.36 0.33 0.32 0.43 0.71 0.99 1.17 1.20 1.07 1.02 1.10 1.15 1.21 1.26 1.29 1.33 1.44 1.63 1.82 1.99 2.16 2.29 2.49 2.75 3.21 4.12 4.27 2.95 1.91 2.00 2.74 4.49 5.79 5.47 5.51 5.91 4.67
1.39 1.20 1.17 1.25 1.31 1.43 1.78 2.20 2.58 2.77 3.77 4.81 3.64 2.40 2.12 1.92 1.94 2.16 1.99 1.46 1.35 1.40 1.45 1.51 1.50 1.49 1.53 1.60 1.65 1.68 1.74 1.87 1.82 1.72 1.70 1.38 0.91 0.66 0.55 0.55 0.57 0.57 0.52 0.45 0.40 0.37 0.36 0.34 0.32 0.40 0.63 0.92 1.18 1.32 1.21 1.03 1.05 1.09 1.11 1.23 1.36 1.41 1.44 1.49 1.52 1.66 1.92 2.06 2.09 2.19 2.49 3.17 4.14 4.26 3.02 1.96 1.94 2.47 4.50 5.58 4.74 5.37 5.99 4.13
1.37 1.22 1.29 1.40 1.47 1.61 1.93 2.29 2.65 2.73 3.28 4.92 4.51 2.92 2.41 2.06 2.04 2.12 1.60 1.19 1.21 1.29 1.36 1.34 1.22 1.14 1.27 1.54 1.72 1.77 1.75 1.77 1.66 1.55 1.42 0.96 0.59 0.43 0.41 0.48 0.53 0.52 0.46 0.40 0.36 0.36 0.35 0.35 0.40 0.59 0.83 1.04 1.24 1.28 1.11 1.05 1.14 1.18 1.29 1.52 1.61 1.59 1.57 1.51 1.46 1.65 1.93 1.93 1.93 2.12 2.35 2.95 4.01 4.21 3.13 2.15 1.99 2.48 4.31 5.25 4.96 5.85 5.48 2.81
1.24 1.17 1.36 1.57 1.82 2.10 2.30 2.56 2.93 2.90 3.69 5.47 4.82 3.08 2.65 2.45 2.40 2.22 1.66 1.35 1.34 1.30 1.26 1.16 1.09 1.13 1.20 1.28 1.36 1.49 1.63 1.62 1.46 1.24 0.95 0.67 0.46 0.38 0.40 0.46 0.49 0.47 0.43 0.41 0.41 0.41 0.40 0.42 0.52 0.71 0.87 1.04 1.25 1.27 1.22 1.27 1.33 1.43 1.64 1.78 1.72 1.64 1.59 1.58 1.68 1.89 1.99 1.91 1.95 2.18 2.36 2.74 3.68 4.09 3.20 2.31 2.33 2.93 3.80 4.78 5.69 5.78 4.02 2.44
1.08 1.11 1.33 1.58 1.96 2.34 2.49 2.79 3.16 3.69 5.29 5.72 3.90 2.52 2.36 2.38 2.36 2.20 2.04 1.96 1.89 1.72 1.40 1.09 1.01 1.12 1.17 1.19 1.26 1.23 1.15 1.16 1.02 0.78 0.61 0.53 0.45 0.44 0.48 0.49 0.47 0.47 0.49 0.51 0.51 0.50 0.49 0.53 0.64 0.75 0.85 1.04 1.25 1.28 1.28 1.35 1.45 1.62 1.72 1.72 1.63 1.57 1.58 1.72 1.95 2.13 2.23 2.32 2.43 2.53 2.67 2.88 3.40 3.80 3.11 2.42 2.90 3.69 3.76 4.53 5.74 4.60 3.11 2.55
