windninja/windninja_output/Output_2025-10-23_2000-2050_Google earth_Fire_150m_10min/merlingen_7.5mi_point_10-23-2025_2020_150m_vel.asc
ncols	158
nrows	163
xllcorner	391686.332397
yllcorner	5160024.123721
cellsize	150.000000
NODATA_value	-32768.000000
[rows 74 to 110 of 163, columns 0 to 83 of 158]
5.73 5.51 4.98 4.59 4.67 4.80 4.71 4.69 4.58 4.29 4.14 4.08 3.90 3.76 3.69 3.60 3.57 3.65 3.65 3.56 3.60 3.69 3.69 3.59 3.20 2.91 3.24 3.80 4.28 4.50 4.31 4.10 4.13 4.01 3.67 3.47 3.49 3.52 3.55 3.58 3.60 3.63 3.66 3.69 3.71 3.74 3.76 3.78 3.79 3.81 3.82 3.83 3.84 3.84 3.85 3.84 3.84 3.83 3.82 3.80 3.78 3.76 3.74 3.71 3.66 3.60 3.53 3.48 3.45 3.41 3.33 3.19 2.90 2.53 2.44 2.62 2.62 2.29 1.84 2.24 3.87 6.15 7.79 7.03
6.12 5.84 5.22 4.69 4.64 4.81 4.71 4.55 4.41 4.18 4.05 3.98 3.85 3.77 3.70 3.59 3.55 3.62 3.61 3.54 3.54 3.60 3.63 3.59 3.31 2.98 3.14 3.55 4.00 4.36 4.37 4.22 4.23 4.17 3.82 3.53 3.49 3.53 3.54 3.51 3.53 3.59 3.63 3.67 3.70 3.73 3.75 3.77 3.79 3.81 3.82 3.83 3.84 3.84 3.84 3.83 3.83 3.82 3.81 3.80 3.78 3.76 3.74 3.70 3.66 3.61 3.56 3.52 3.49 3.41 3.29 3.14 2.94 2.72 2.66 2.80 2.62 2.17 1.96 2.82 5.05 6.79 6.79 4.99
6.25 6.07 5.56 4.90 4.72 4.87 4.67 4.40 4.29 4.12 3.99 3.90 3.78 3.76 3.71 3.56 3.51 3.58 3.57 3.50 3.49 3.52 3.55 3.57 3.35 2.99 3.12 3.50 3.76 4.09 4.32 4.29 4.23 4.23 4.03 3.70 3.58 3.58 3.53 3.46 3.46 3.53 3.59 3.64 3.68 3.71 3.75 3.77 3.79 3.81 3.82 3.83 3.83 3.83 3.83 3.83 3.82 3.82 3.80 3.80 3.78 3.76 3.74 3.70 3.67 3.63 3.59 3.55 3.50 3.41 3.29 3.16 3.03 2.88 2.82 2.85 2.59 2.18 2.31 3.78 5.59 5.95 5.07 3.61
6.21 6.09 5.79 5.36 5.10 4.94 4.56 4.32 4.24 4.08 3.96 3.80 3.71 3.73 3.68 3.52 3.47 3.53 3.49 3.44 3.45 3.48 3.52 3.50 3.22 2.99 3.26 3.58 3.61 3.73 4.06 4.29 4.24 4.25 4.28 3.93 3.69 3.64 3.53 3.45 3.40 3.45 3.55 3.61 3.66 3.71 3.74 3.77 3.79 3.81 3.82 3.83 3.83 3.83 3.82 3.82 3.81 3.81 3.80 3.79 3.78 3.76 3.74 3.71 3.68 3.65 3.61 3.57 3.51 3.43 3.33 3.22 3.12 3.00 2.90 2.83 2.60 2.32 2.65 4.14 5.16 4.38 3.41 3.02
6.06 5.57 5.60 6.23 5.92 5.13 4.56 4.35 4.34 4.13 3.84 3.64 3.62 3.66 3.61 3.49 3.46 3.47 3.39 3.35 3.40 3.46 3.52 3.38 2.97 2.98 3.48 3.68 3.56 3.44 3.65 4.13 4.28 4.30 4.40 4.16 3.79 3.66 3.59 3.48 3.32 3.35 3.50 3.58 3.64 3.69 3.73 3.77 3.80 3.82 3.83 3.83 3.83 3.82 3.81 3.81 3.80 3.80 3.79 3.78 3.77 3.76 3.74 3.72 3.70 3.66 3.63 3.59 3.53 3.46 3.38 3.28 3.17 3.08 2.96 2.84 2.63 2.48 2.81 3.88 4.20 2.94 2.42 2.65
5.35 4.77 5.27 7.17 7.54 6.30 5.00 4.47 4.49 4.11 3.55 3.41 3.49 3.56 3.55 3.47 3.44 3.38 3.26 3.26 3.36 3.44 3.49 3.25 2.77 2.93 3.60 3.78 3.58 3.28 3.36 3.89 4.20 4.33 4.44 4.27 3.87 3.66 3.72 3.59 3.26 3.24 3.44 3.54 3.60 3.67 3.73 3.78 3.82 3.84 3.85 3.84 3.82 3.81 3.80 3.79 3.79 3.79 3.78 3.78 3.77 3.76 3.75 3.73 3.71 3.68 3.65 3.61 3.56 3.50 3.42 3.31 3.21 3.14 3.02 2.88 2.71 2.61 2.82 3.31 3.03 2.04 1.89 2.21
4.05 4.07 5.14 6.89 8.42 8.01 5.64 4.49 4.39 3.79 3.16 3.12 3.34 3.43 3.47 3.44 3.37 3.27 3.15 3.18 3.32 3.41 3.43 3.16 2.71 2.90 3.58 3.79 3.60 3.30 3.30 3.69 3.98 4.22 4.44 4.31 3.86 3.68 3.82 3.75 3.29 3.14 3.38 3.50 3.56 3.66 3.72 3.80 3.88 3.92 3.89 3.84 3.81 3.79 3.78 3.78 3.77 3.78 3.77 3.77 3.77 3.76 3.75 3.73 3.71 3.69 3.66 3.63 3.59 3.53 3.45 3.35 3.26 3.19 3.08 2.95 2.81 2.67 2.72 2.71 2.12 1.62 1.69 1.86
2.84 3.70 5.29 7.03 8.95 7.98 4.78 3.72 3.68 3.18 2.75 2.81 3.13 3.29 3.39 3.35 3.25 3.18 3.11 3.13 3.26 3.35 3.37 3.14 2.72 2.89 3.51 3.69 3.61 3.44 3.38 3.60 3.77 3.97 4.26 4.29 3.93 3.73 3.84 3.83 3.43 3.13 3.30 3.46 3.55 3.66 3.67 3.77 4.02 4.09 3.95 3.84 3.78 3.75 3.75 3.75 3.75 3.76 3.77 3.77 3.76 3.76 3.75 3.74 3.72 3.71 3.68 3.66 3.61 3.55 3.48 3.39 3.31 3.24 3.14 3.03 2.89 2.72 2.63 2.39 1.86 1.61 1.64 1.63
3.43 4.32 6.12 8.41 8.76 5.98 3.55 2.84 2.67 2.51 2.29 2.50 2.92 3.16 3.29 3.24 3.13 3.14 3.12 3.10 3.19 3.29 3.34 3.12 2.71 2.93 3.46 3.57 3.57 3.54 3.48 3.54 3.60 3.70 3.92 4.11 4.06 3.86 3.83 3.80 3.51 3.24 3.29 3.47 3.59 3.69 3.67 3.77 4.18 4.30 4.05 3.85 3.71 3.68 3.69 3.70 3.73 3.74 3.76 3.76 3.76 3.76 3.75 3.74 3.73 3.72 3.70 3.67 3.63 3.58 3.52 3.44 3.36 3.29 3.21 3.10 2.97 2.78 2.62 2.35 1.94 1.59 1.50 1.66
7.13 6.61 7.12 7.86 6.69 4.71 3.44 2.64 2.28 2.12 2.04 2.36 2.76 3.02 3.19 3.13 3.07 3.14 3.14 3.10 3.17 3.24 3.29 3.10 2.77 2.98 3.42 3.47 3.46 3.52 3.50 3.48 3.47 3.54 3.67 3.87 4.02 3.96 3.87 3.73 3.49 3.35 3.37 3.53 3.69 3.81 3.82 3.94 4.29 4.36 4.08 3.82 3.66 3.57 3.57 3.64 3.70 3.73 3.75 3.76 3.76 3.76 3.75 3.74 3.74 3.73 3.71 3.69 3.65 3.61 3.56 3.49 3.41 3.35 3.27 3.18 3.05 2.86 2.66 2.39 2.00 1.70 1.59 2.23
8.64 7.66 6.51 6.01 5.29 4.48 3.38 2.61 2.41 2.23 2.25 2.42 2.62 2.93 3.12 3.09 3.05 3.16 3.19 3.15 3.20 3.20 3.20 3.16 2.95 2.99 3.29 3.35 3.32 3.44 3.46 3.39 3.35 3.40 3.57 3.77 3.93 3.97 3.87 3.69 3.52 3.45 3.48 3.60 3.76 3.88 3.96 4.11 4.27 4.20 3.97 3.80 3.63 3.43 3.43 3.57 3.67 3.72 3.74 3.75 3.76 3.76 3.75 3.75 3.74 3.74 3.72 3.70 3.68 3.64 3.59 3.54 3.47 3.40 3.34 3.26 3.13 2.96 2.77 2.51 2.20 2.12 2.17 3.13
9.82 8.19 6.09 5.58 5.31 4.60 3.42 2.81 2.72 2.60 2.52 2.47 2.55 2.85 3.09 3.10 3.04 3.20 3.25 3.21 3.24 3.18 3.18 3.26 3.13 2.91 3.03 3.19 3.28 3.37 3.32 3.29 3.22 3.23 3.53 3.77 3.87 3.94 3.88 3.74 3.58 3.49 3.53 3.62 3.76 3.89 4.05 4.23 4.24 4.06 3.86 3.74 3.58 3.39 3.38 3.53 3.67 3.72 3.75 3.76 3.76 3.76 3.75 3.75 3.74 3.74 3.73 3.72 3.70 3.67 3.63 3.58 3.52 3.47 3.41 3.34 3.22 3.08 2.92 2.70 2.54 2.67 3.04 4.29
10.46 8.53 6.18 5.57 5.29 4.66 3.58 3.17 3.20 3.00 2.67 2.44 2.56 2.79 3.04 3.09 3.04 3.23 3.31 3.31 3.27 3.18 3.26 3.42 3.22 2.79 2.79 3.06 3.28 3.27 3.14 3.21 3.14 3.09 3.46 3.72 3.76 3.89 3.97 3.87 3.66 3.47 3.47 3.58 3.74 3.89 4.10 4.29 4.26 4.00 3.72 3.58 3.54 3.48 3.45 3.56 3.68 3.72 3.76 3.77 3.76 3.75 3.74 3.74 3.74 3.74 3.74 3.73 3.72 3.70 3.66 3.63 3.58 3.53 3.48 3.42 3.33 3.22 3.11 2.99 2.96 3.29 3.97 5.51
10.27 8.26 6.23 5.58 5.00 4.57 3.88 3.57 3.65 3.37 2.70 2.44 2.66 2.70 2.93 3.04 2.98 3.27 3.45 3.49 3.35 3.23 3.56 3.87 3.35 2.62 2.60 2.94 3.16 3.12 3.04 3.16 3.15 3.09 3.32 3.53 3.58 3.79 4.04 4.05 3.80 3.49 3.35 3.47 3.67 3.90 4.16 4.30 4.28 3.98 3.63 3.50 3.47 3.49 3.54 3.62 3.71 3.77 3.80 3.79 3.77 3.75 3.73 3.73 3.73 3.74 3.74 3.74 3.74 3.72 3.70 3.67 3.64 3.60 3.55 3.50 3.45 3.39 3.33 3.31 3.38 3.80 4.55 5.85
9.42 7.98 6.25 5.45 4.63 4.29 4.17 3.98 3.83 3.58 2.90 2.65 2.73 2.60 2.77 2.89 2.92 3.35 3.69 3.82 3.61 3.60 4.41 4.46 3.24 2.20 2.33 2.74 2.92 2.99 3.03 3.11 3.15 3.15 3.24 3.36 3.39 3.57 3.93 4.14 4.01 3.65 3.35 3.34 3.54 3.87 4.18 4.30 4.24 4.00 3.71 3.51 3.39 3.46 3.59 3.66 3.77 3.86 3.85 3.83 3.79 3.73 3.70 3.70 3.72 3.73 3.74 3.75 3.75 3.74 3.73 3.71 3.69 3.66 3.63 3.60 3.58 3.56 3.55 3.57 3.67 4.00 4.62 5.77
8.37 7.56 6.14 5.11 4.42 4.09 4.16 4.16 3.89 3.84 3.62 3.02 2.65 2.51 2.55 2.60 2.93 3.51 4.04 4.32 4.22 4.71 5.14 4.13 2.23 1.54 1.98 2.50 2.72 2.88 3.00 3.08 3.13 3.15 3.23 3.34 3.27 3.30 3.64 4.06 4.13 3.86 3.52 3.31 3.43 3.75 4.09 4.30 4.25 4.04 3.84 3.60 3.44 3.48 3.54 3.62 3.76 3.92 4.06 4.01 3.78 3.65 3.64 3.66 3.69 3.72 3.74 3.75 3.76 3.76 3.76 3.75 3.73 3.72 3.70 3.69 3.70 3.70 3.72 3.76 3.87 4.09 4.51 5.31
7.80 7.00 5.71 4.89 4.43 4.00 3.85 3.93 3.83 4.15 4.30 3.29 2.46 2.38 2.36 2.41 2.89 3.65 4.59 5.31 5.60 5.60 4.61 2.66 1.26 1.07 1.75 2.32 2.60 2.80 2.96 3.07 3.12 3.12 3.25 3.39 3.23 3.14 3.35 3.83 4.12 3.97 3.67 3.42 3.41 3.59 3.89 4.26 4.35 4.15 3.95 3.76 3.61 3.49 3.35 3.42 3.65 4.04 4.52 4.28 3.67 3.47 3.54 3.60 3.66 3.70 3.73 3.76 3.77 3.78 3.78 3.78 3.78 3.78 3.78 3.78 3.80 3.81 3.85 3.92 4.04 4.19 4.45 5.01
7.36 6.41 5.31 5.01 4.71 4.06 3.58 3.50 3.59 4.31 4.61 3.46 2.39 2.26 2.28 2.41 2.83 3.59 4.95 6.47 6.38 4.97 2.77 1.51 0.81 0.93 1.67 2.22 2.52 2.74 2.93 3.06 3.14 3.11 3.23 3.39 3.28 3.17 3.20 3.48 3.93 3.99 3.80 3.59 3.46 3.48 3.71 4.12 4.39 4.37 4.15 3.94 3.76 3.49 3.11 3.14 3.70 4.37 4.86 4.36 3.42 3.23 3.39 3.53 3.63 3.69 3.73 3.76 3.78 3.79 3.80 3.81 3.82 3.83 3.84 3.86 3.88 3.91 3.97 4.06 4.18 4.31 4.55 5.02
6.70 5.94 5.06 4.98 4.96 4.41 3.68 3.15 3.14 4.20 4.71 3.60 2.57 2.34 2.33 2.55 2.90 3.55 5.35 6.77 5.76 2.59 1.30 1.02 0.77 1.03 1.70 2.19 2.48 2.73 2.91 3.06 3.18 3.16 3.20 3.32 3.31 3.26 3.22 3.23 3.48 3.84 3.96 3.80 3.55 3.43 3.56 3.93 4.36 4.59 4.44 4.17 3.88 3.48 3.00 3.16 4.07 4.63 4.70 4.13 3.29 3.05 3.24 3.47 3.59 3.67 3.72 3.76 3.78 3.80 3.82 3.84 3.85 3.87 3.89 3.92 3.95 4.00 4.07 4.16 4.28 4.43 4.67 5.02
6.16 5.60 4.83 4.75 4.98 4.72 3.94 2.95 2.43 3.63 4.66 3.95 2.94 2.63 2.55 2.97 3.40 4.21 5.96 6.32 4.22 1.19 1.00 1.03 0.95 1.24 1.80 2.21 2.48 2.72 2.89 3.11 3.28 3.23 3.16 3.23 3.29 3.30 3.28 3.15 3.05 3.38 3.96 4.04 3.66 3.43 3.48 3.79 4.31 4.66 4.80 4.58 3.92 3.41 3.12 3.40 4.19 4.44 4.25 3.96 3.43 3.05 3.15 3.41 3.56 3.67 3.72 3.75 3.78 3.81 3.84 3.86 3.88 3.90 3.93 3.97 4.01 4.07 4.14 4.23 4.35 4.50 4.71 4.98
5.94 5.43 4.68 4.67 5.07 4.82 3.88 2.63 1.78 2.81 4.28 4.14 3.29 2.82 2.70 3.50 4.12 4.83 6.01 5.31 3.23 2.16 1.79 1.46 1.27 1.50 1.92 2.24 2.48 2.68 2.90 3.26 3.47 3.29 3.08 3.13 3.27 3.31 3.31 3.16 2.86 2.90 3.60 4.08 3.80 3.58 3.57 3.78 4.28 4.69 5.22 4.98 3.69 3.22 3.28 3.48 3.94 4.09 3.96 3.83 3.57 3.17 3.16 3.41 3.57 3.66 3.70 3.74 3.79 3.83 3.85 3.87 3.89 3.93 3.97 4.01 4.07 4.12 4.20 4.28 4.40 4.54 4.71 4.94
5.74 5.34 4.75 4.81 5.19 4.71 3.61 2.42 1.79 2.55 3.71 3.93 3.37 2.76 2.73 3.81 4.53 5.33 6.13 4.92 3.28 3.13 2.57 1.96 1.63 1.76 2.00 2.25 2.42 2.61 3.02 3.51 3.65 3.29 2.97 3.05 3.25 3.31 3.30 3.18 2.87 2.69 3.13 3.77 3.86 3.80 3.81 3.98 4.40 4.95 5.43 4.85 3.36 3.02 3.33 3.51 3.73 3.87 3.79 3.70 3.59 3.26 3.24 3.46 3.57 3.64 3.69 3.76 3.80 3.83 3.85 3.87 3.91 3.95 4.00 4.05 4.10 4.16 4.23 4.32 4.42 4.55 4.70 4.87
5.31 5.30 5.03 4.92 5.07 4.52 3.61 2.62 2.14 2.41 3.05 3.40 2.98 2.68 2.88 3.86 4.52 5.81 6.46 4.40 3.58 3.69 3.17 2.42 1.96 1.91 2.02 2.22 2.38 2.63 3.25 3.67 3.63 3.25 2.94 3.03 3.24 3.30 3.28 3.20 2.96 2.70 2.84 3.37 3.75 3.86 4.03 4.35 4.78 5.14 5.01 4.30 3.39 3.02 3.35 3.60 3.66 3.71 3.62 3.59 3.54 3.32 3.33 3.50 3.57 3.63 3.71 3.78 3.81 3.82 3.83 3.87 3.91 3.97 4.02 4.07 4.12 4.18 4.25 4.34 4.43 4.54 4.66 4.80
5.21 5.35 5.18 4.76 4.69 4.50 3.93 3.20 2.66 2.43 2.59 2.46 2.18 2.50 3.03 3.89 4.70 5.82 6.23 4.89 4.10 3.93 3.88 3.14 2.29 1.94 1.96 2.17 2.43 2.80 3.32 3.56 3.53 3.31 3.06 3.08 3.25 3.33 3.30 3.21 3.07 2.79 2.72 3.19 3.67 3.82 4.16 4.65 4.95 4.84 4.35 4.06 3.69 3.25 3.40 3.66 3.67 3.61 3.54 3.53 3.44 3.35 3.42 3.53 3.58 3.64 3.72 3.77 3.79 3.79 3.82 3.87 3.93 3.98 4.04 4.08 4.14 4.20 4.27 4.34 4.43 4.52 4.62 4.73
5.53 5.44 5.00 4.36 4.23 4.33 4.01 3.62 3.26 2.82 2.54 2.20 1.91 2.21 3.09 4.04 4.90 5.32 4.74 4.68 4.52 4.27 4.54 3.85 2.50 1.79 1.89 2.18 2.52 2.93 3.26 3.38 3.45 3.40 3.22 3.20 3.35 3.43 3.35 3.23 3.14 2.90 2.74 3.05 3.51 3.75 4.16 4.67 4.76 4.49 4.13 4.02 3.87 3.54 3.52 3.70 3.75 3.64 3.53 3.46 3.36 3.38 3.51 3.58 3.60 3.66 3.71 3.74 3.75 3.76 3.81 3.88 3.93 3.98 4.04 4.10 4.15 4.21 4.27 4.34 4.41 4.49 4.58 4.67
5.78 5.32 4.58 4.05 3.86 3.76 3.50 3.53 3.46 3.07 2.78 2.41 2.02 2.16 3.00 4.09 4.70 4.34 3.82 3.94 4.33 4.70 5.04 4.23 2.40 1.76 1.99 2.27 2.56 2.95 3.24 3.33 3.41 3.44 3.35 3.37 3.50 3.56 3.46 3.28 3.15 3.00 2.82 2.88 3.29 3.74 4.11 4.42 4.45 4.28 4.14 3.99 3.86 3.77 3.70 3.73 3.77 3.74 3.57 3.39 3.31 3.41 3.59 3.65 3.67 3.68 3.68 3.70 3.71 3.74 3.80 3.87 3.92 3.98 4.04 4.10 4.15 4.21 4.27 4.33 4.40 4.47 4.54 4.61
5.28 4.89 4.36 4.04 3.70 3.44 3.26 3.26 3.25 3.03 2.93 2.62 2.27 2.38 2.89 3.81 4.43 3.82 3.21 3.34 3.99 5.04 5.11 3.56 2.39 2.16 2.29 2.44 2.62 2.95 3.27 3.42 3.49 3.52 3.49 3.50 3.57 3.64 3.64 3.41 3.16 3.06 2.88 2.79 3.14 3.66 3.97 4.11 4.15 4.12 4.15 3.98 3.79 3.85 3.87 3.79 3.70 3.82 3.72 3.37 3.26 3.41 3.63 3.76 3.78 3.71 3.67 3.64 3.61 3.69 3.77 3.85 3.92 3.98 4.04 4.10 4.16 4.21 4.27 4.32 4.38 4.44 4.50 4.56
4.62 4.39 4.19 3.97 3.53 3.30 3.25 3.16 3.04 2.94 2.88 2.65 2.38 2.51 2.93 3.57 4.14 3.68 2.88 3.46 4.70 5.11 4.29 3.38 2.81 2.54 2.56 2.63 2.72 2.98 3.36 3.61 3.70 3.73 3.65 3.56 3.56 3.69 3.85 3.62 3.18 3.03 2.91 2.80 2.97 3.39 3.77 3.93 3.92 3.97 4.05 3.96 3.80 3.83 3.93 3.80 3.67 3.89 3.85 3.44 3.26 3.36 3.63 3.87 3.91 3.75 3.65 3.53 3.47 3.60 3.76 3.86 3.92 3.97 4.04 4.10 4.16 4.21 4.27 4.32 4.36 4.41 4.46 4.51
4.11 3.99 3.88 3.72 3.40 3.20 3.17 3.11 2.97 2.84 2.76 2.59 2.29 2.28 2.73 3.39 3.88 3.66 3.19 4.05 5.01 4.18 3.60 3.47 3.11 2.87 2.81 2.78 2.81 3.07 3.50 3.83 3.95 3.96 3.83 3.64 3.60 3.80 4.00 3.75 3.23 2.98 2.95 2.86 2.86 3.17 3.61 3.79 3.77 3.82 3.86 3.90 3.83 3.80 3.93 3.79 3.73 3.87 3.83 3.64 3.40 3.38 3.60 3.87 4.01 3.83 3.58 3.39 3.30 3.48 3.79 3.95 3.92 3.94 4.02 4.09 4.16 4.22 4.27 4.31 4.35 4.39 4.42 4.46
3.72 3.64 3.54 3.43 3.26 3.13 3.06 3.00 2.93 2.78 2.66 2.53 2.19 2.02 2.34 3.02 3.70 3.64 3.47 4.34 4.71 3.96 3.64 3.56 3.30 3.16 3.15 2.99 2.93 3.27 3.64 3.93 4.16 4.17 4.06 3.89 3.79 3.89 3.98 3.76 3.30 3.02 2.99 2.94 2.90 3.05 3.38 3.57 3.57 3.62 3.70 3.84 3.84 3.78 3.90 3.83 3.76 3.78 3.79 3.80 3.63 3.45 3.51 3.80 4.04 3.87 3.51 3.26 3.14 3.37 3.90 4.08 3.89 3.87 3.99 4.08 4.17 4.24 4.27 4.30 4.33 4.36 4.39 4.41
3.37 3.30 3.21 3.18 3.13 3.05 2.96 2.88 2.86 2.78 2.61 2.48 2.26 2.15 2.33 2.75 3.46 3.59 3.51 4.00 4.20 4.05 3.90 3.70 3.43 3.37 3.53 3.41 3.25 3.56 3.76 3.94 4.29 4.38 4.30 4.22 4.04 3.91 3.89 3.76 3.43 3.14 3.03 3.02 2.95 2.93 3.11 3.27 3.29 3.42 3.62 3.78 3.84 3.81 3.82 3.79 3.73 3.72 3.80 3.86 3.72 3.49 3.46 3.77 3.98 3.84 3.50 3.18 3.05 3.34 3.92 4.12 3.92 3.80 3.91 4.11 4.25 4.27 4.27 4.30 4.32 4.34 4.35 4.35
3.02 2.94 2.89 2.97 3.03 2.98 2.86 2.74 2.79 2.86 2.70 2.54 2.44 2.33 2.38 2.64 3.11 3.32 3.30 3.48 3.59 3.72 3.85 3.72 3.53 3.55 3.81 3.82 3.71 3.92 3.97 4.11 4.36 4.44 4.50 4.60 4.44 4.08 3.94 3.82 3.56 3.21 3.10 3.11 2.98 2.87 2.95 3.04 3.06 3.25 3.56 3.70 3.77 3.81 3.77 3.69 3.65 3.69 3.82 3.87 3.70 3.51 3.55 3.76 3.83 3.79 3.56 3.14 2.99 3.33 3.78 4.02 4.07 3.85 3.91 4.27 4.38 4.25 4.21 4.33 4.38 4.34 4.29 4.28
2.64 2.58 2.57 2.73 2.92 2.92 2.79 2.65 2.73 2.95 2.85 2.68 2.57 2.42 2.39 2.50 2.78 2.98 2.93 2.99 3.23 3.52 3.50 3.44 3.57 3.65 3.90 4.08 4.26 4.38 4.40 4.44 4.25 4.25 4.77 5.23 4.95 4.34 4.01 3.81 3.54 3.23 3.19 3.18 2.98 2.88 2.84 2.87 2.93 3.11 3.45 3.59 3.60 3.71 3.76 3.65 3.56 3.61 3.76 3.84 3.70 3.57 3.64 3.74 3.74 3.73 3.59 3.13 2.90 3.24 3.63 3.86 4.14 4.14 4.17 4.47 4.45 4.13 4.16 4.50 4.57 4.32 4.18 4.18
2.21 2.21 2.29 2.51 2.77 2.86 2.78 2.63 2.69 2.99 3.01 2.80 2.57 2.40 2.40 2.38 2.52 2.66 2.54 2.56 2.99 3.49 3.19 2.88 3.28 3.69 3.84 4.08 4.71 4.96 4.78 4.52 3.80 4.00 5.33 5.91 5.24 4.25 3.92 3.82 3.47 3.26 3.29 3.21 3.04 2.95 2.82 2.80 2.86 2.96 3.25 3.43 3.42 3.53 3.67 3.65 3.55 3.54 3.64 3.72 3.74 3.71 3.68 3.70 3.72 3.63 3.53 3.20 2.84 3.03 3.52 3.83 4.11 4.34 4.43 4.57 4.50 4.20 4.25 4.66 4.71 4.28 4.04 4.05
1.78 1.83 2.05 2.37 2.60 2.75 2.82 2.70 2.72 2.93 3.00 2.76 2.40 2.34 2.49 2.44 2.39 2.36 2.25 2.33 2.82 3.40 3.08 2.41 2.69 3.41 3.71 3.80 4.84 5.52 4.92 4.41 3.51 4.03 6.03 6.18 4.94 4.00 4.01 4.00 3.47 3.26 3.39 3.31 3.12 2.99 2.87 2.80 2.76 2.80 3.02 3.24 3.30 3.36 3.46 3.54 3.57 3.55 3.56 3.57 3.70 3.87 3.75 3.60 3.65 3.54 3.42 3.29 2.91 2.82 3.30 3.89 4.20 4.36 4.55 4.67 4.67 4.49 4.32 4.54 4.68 4.36 4.01 3.88
1.39 1.49 1.89 2.33 2.56 2.72 2.75 2.68 2.66 2.70 2.83 2.72 2.36 2.36 2.62 2.63 2.34 1.96 2.01 2.43 2.97 3.31 2.90 2.21 2.14 2.84 3.43 3.56 4.73 5.71 4.96 4.35 3.75 4.39 6.35 6.01 4.53 4.15 4.36 3.99 3.16 3.19 3.56 3.37 3.08 3.03 2.95 2.73 2.61 2.67 2.84 3.05 3.17 3.21 3.26 3.35 3.48 3.60 3.60 3.45 3.53 3.91 3.85 3.47 3.53 3.56 3.36 3.28 3.03 2.73 3.00 3.85 4.40 4.41 4.56 4.72 4.81 4.69 4.36 4.39 4.62 4.59 4.15 3.76
1.13 1.34 1.92 2.35 2.53 2.57 2.49 2.48 2.51 2.53 2.69 2.69 2.38 2.40 2.76 2.85 2.26 1.47 1.71 2.56 3.27 3.35 2.66 2.06 1.90 2.28 2.94 3.37 4.68 5.68 5.01 4.35 4.02 4.82 6.47 6.05 4.81 4.70 4.40 3.43 2.84 3.37 3.69 3.28 3.05 3.11 2.94 2.62 2.52 2.61 2.73 2.86 2.95 3.05 3.15 3.18 3.29 3.58 3.68 3.36 3.32 3.77 3.85 3.44 3.44 3.62 3.47 3.25 3.02 2.75 2.87 3.74 4.48 4.50 4.55 4.72 4.80 4.73 4.52 4.46 4.56 4.73 4.37 3.74
