windninja/windninja_output/Output_2025-10-23_2000-2050_Google earth_Fire_150m_10min/merlingen_7.5mi_point_10-23-2025_2050_150m_vel.asc
ncols	158
nrows	163
xllcorner	391686.332397
yllcorner	5160024.123721
cellsize	150.000000
NODATA_value	-32768.000000
[rows 38 to 75 of 163, columns 0 to 83 of 158]
2.11 2.11 2.17 2.15 2.10 2.06 2.04 2.04 2.03 2.04 2.03 1.98 1.96 1.98 1.98 1.96 1.95 1.94 1.93 1.93 1.93 1.90 1.89 1.88 1.82 1.74 1.64 1.65 2.06 2.59 2.62 2.56 2.62 2.66 2.76 2.28 1.59 1.78 2.25 2.30 2.33 2.49 2.64 2.80 3.05 3.10 2.98 2.89 2.85 3.23 3.56 3.32 3.12 3.46 3.82 3.61 3.39 3.69 4.14 4.66 5.01 4.60 3.56 2.54 2.45 3.77 5.90 6.42 4.70 3.28 3.27 3.80 3.91 3.09 2.14 2.37 2.28 1.62 2.58 3.60 2.92 2.63 3.18 4.14
2.09 2.09 2.10 2.08 2.06 2.03 2.01 2.04 2.04 2.03 2.00 1.95 1.94 1.97 1.97 1.95 1.94 1.94 1.93 1.94 1.94 1.92 1.91 1.90 1.86 1.80 1.77 1.88 2.17 2.40 2.41 2.38 2.37 2.42 2.38 1.78 1.37 1.84 2.32 2.42 2.50 2.66 2.83 2.89 2.99 3.16 3.10 2.84 2.76 3.31 3.76 3.46 3.05 3.34 3.93 3.70 3.25 3.43 4.00 4.45 4.53 4.49 4.16 3.23 2.66 3.71 5.98 6.22 4.40 3.54 3.87 4.11 3.64 2.56 2.10 2.83 2.59 1.30 1.93 3.46 3.22 2.71 3.08 4.08
2.08 2.03 2.04 2.04 2.04 2.01 2.01 2.05 2.05 2.00 1.96 1.94 1.95 1.97 1.98 1.96 1.94 1.94 1.95 1.95 1.95 1.94 1.92 1.92 1.91 1.87 1.87 1.94 2.02 2.18 2.38 2.33 2.19 2.15 1.89 1.41 1.37 1.81 2.27 2.54 2.70 2.89 3.05 2.92 2.90 3.18 3.19 2.89 2.75 3.21 3.92 3.81 3.26 3.34 3.82 3.73 3.19 3.15 3.73 4.16 4.05 4.11 4.59 4.32 3.28 3.82 5.86 5.92 4.49 4.26 4.25 3.81 3.19 2.25 2.32 3.36 2.67 1.03 1.42 2.90 3.25 3.11 3.50 4.36
2.09 2.05 2.04 2.04 2.04 2.03 2.04 2.07 2.05 1.98 1.94 1.96 1.96 1.96 1.97 1.96 1.94 1.95 1.97 1.97 1.98 1.95 1.93 1.95 1.96 1.91 1.92 1.93 1.94 2.14 2.38 2.26 2.05 1.87 1.52 1.30 1.47 1.81 2.23 2.63 2.88 3.14 3.11 2.93 3.03 3.23 3.17 2.93 2.73 3.12 4.08 4.19 3.45 3.12 3.43 3.62 3.17 2.89 3.38 3.80 3.68 3.57 4.36 4.97 4.26 4.22 5.51 5.79 4.98 4.57 3.90 3.45 3.18 2.32 2.71 3.65 2.37 0.79 1.10 2.24 2.95 3.19 3.90 4.69
2.14 2.11 2.09 2.07 2.06 2.08 2.08 2.06 2.04 1.99 1.96 1.98 1.98 1.97 1.97 1.97 1.95 1.97 1.99 1.99 1.98 1.95 1.95 1.98 1.98 1.94 1.95 1.96 1.99 2.16 2.29 2.17 1.95 1.68 1.41 1.33 1.55 2.07 2.49 2.74 2.99 3.14 3.05 3.17 3.31 3.11 2.92 2.82 2.78 3.21 4.25 4.41 3.36 2.74 3.02 3.35 3.10 2.82 3.08 3.52 3.50 3.33 3.97 4.80 4.98 4.97 5.28 5.67 5.26 4.19 3.54 3.63 3.47 2.72 3.23 3.54 1.88 0.65 0.92 1.89 2.72 3.10 3.89 4.96
2.19 2.16 2.14 2.12 2.13 2.15 2.11 2.06 2.06 2.03 1.98 1.99 1.99 1.98 1.97 1.98 1.97 1.98 2.01 2.02 1.99 1.97 1.98 2.00 2.01 1.98 1.99 2.03 2.06 2.12 2.16 2.09 1.90 1.68 1.51 1.47 1.83 2.43 2.61 2.65 2.82 2.98 3.20 3.51 3.28 2.68 2.55 2.73 2.98 3.50 4.36 4.35 3.22 2.59 2.80 3.03 2.93 2.80 2.98 3.42 3.57 3.55 3.87 4.30 5.08 5.64 5.50 5.44 4.89 3.75 3.48 4.01 3.82 3.22 3.48 3.06 1.53 0.77 0.98 1.82 2.62 3.20 4.15 5.39
2.22 2.20 2.19 2.20 2.21 2.19 2.13 2.09 2.08 2.06 2.02 2.01 2.01 1.99 1.99 1.99 1.99 2.01 2.04 2.04 2.01 2.00 2.01 2.02 2.03 2.03 2.06 2.09 2.07 2.05 2.08 2.06 1.93 1.77 1.64 1.71 2.12 2.46 2.43 2.41 2.57 2.98 3.49 3.53 2.85 2.35 2.46 2.82 3.37 3.94 4.28 3.95 3.06 2.53 2.67 2.87 2.79 2.77 3.04 3.51 3.79 3.93 3.98 4.26 5.30 6.03 5.75 5.10 4.12 3.37 3.54 4.11 4.09 3.73 3.51 2.67 1.47 1.08 1.29 1.98 2.71 3.51 4.70 5.50
2.25 2.25 2.27 2.29 2.26 2.21 2.18 2.15 2.12 2.09 2.07 2.04 2.03 2.01 2.02 2.02 2.03 2.05 2.07 2.05 2.03 2.03 2.03 2.04 2.07 2.10 2.11 2.09 2.06 2.05 2.07 2.07 2.00 1.86 1.78 1.91 2.14 2.26 2.28 2.30 2.54 3.10 3.58 3.25 2.37 2.22 2.66 3.25 3.90 4.11 3.83 3.42 2.93 2.48 2.57 2.85 2.82 2.87 3.25 3.68 3.99 4.23 4.37 4.84 5.81 6.04 5.55 4.72 3.44 3.00 3.52 3.98 4.20 4.06 3.55 2.71 1.65 1.33 1.64 2.37 3.19 4.07 4.84 4.94
2.30 2.32 2.35 2.33 2.28 2.26 2.25 2.21 2.16 2.13 2.12 2.09 2.06 2.05 2.06 2.06 2.06 2.08 2.09 2.07 2.06 2.06 2.06 2.08 2.12 2.14 2.12 2.09 2.09 2.09 2.09 2.10 2.06 1.94 1.91 1.99 2.09 2.19 2.28 2.35 2.60 3.06 3.38 2.89 2.14 2.35 3.06 3.84 4.11 3.66 3.23 2.99 2.74 2.55 2.55 2.79 2.98 3.23 3.69 3.94 4.13 4.58 5.07 5.45 5.81 5.65 4.99 4.27 3.23 2.92 3.42 3.72 4.06 4.05 3.56 2.85 1.96 1.54 1.97 2.92 3.70 4.24 4.46 4.27
2.38 2.39 2.39 2.32 2.30 2.36 2.33 2.25 2.20 2.18 2.17 2.13 2.09 2.09 2.10 2.10 2.10 2.11 2.11 2.10 2.09 2.08 2.09 2.13 2.16 2.15 2.13 2.13 2.13 2.13 2.12 2.13 2.10 2.04 1.99 1.99 2.11 2.23 2.28 2.38 2.59 2.94 3.04 2.51 2.19 2.75 3.59 4.08 3.77 3.05 2.79 2.63 2.56 2.71 2.66 2.80 3.28 3.77 4.29 4.30 4.26 4.97 5.55 5.51 5.45 5.21 4.42 3.84 3.23 3.01 3.33 3.50 3.79 3.80 3.43 2.90 2.25 1.86 2.33 3.32 3.98 4.12 4.11 3.94
2.47 2.45 2.40 2.29 2.33 2.48 2.44 2.30 2.25 2.23 2.21 2.16 2.13 2.13 2.14 2.14 2.13 2.14 2.14 2.13 2.12 2.12 2.14 2.17 2.19 2.18 2.16 2.17 2.17 2.17 2.17 2.17 2.16 2.12 2.04 2.03 2.15 2.25 2.28 2.39 2.59 2.76 2.64 2.28 2.45 3.29 3.90 3.82 3.27 2.65 2.38 2.39 2.54 2.77 2.76 3.01 3.74 4.42 4.86 4.49 4.25 5.02 5.56 5.41 5.21 4.83 4.07 3.53 3.19 3.07 3.25 3.37 3.49 3.44 3.21 2.89 2.50 2.33 2.72 3.51 4.06 4.08 3.94 3.77
2.57 2.49 2.37 2.27 2.38 2.61 2.57 2.39 2.29 2.27 2.25 2.20 2.17 2.17 2.18 2.19 2.17 2.17 2.17 2.16 2.16 2.17 2.18 2.20 2.23 2.23 2.20 2.20 2.21 2.21 2.22 2.22 2.22 2.18 2.12 2.11 2.20 2.31 2.34 2.40 2.52 2.56 2.42 2.32 2.74 3.58 3.83 3.36 2.80 2.25 2.05 2.35 2.70 2.85 2.95 3.45 4.39 5.11 5.03 4.28 4.02 4.68 5.37 5.56 5.20 4.52 3.81 3.29 3.07 3.05 3.16 3.27 3.23 3.10 2.99 2.84 2.67 2.69 3.06 3.67 4.10 4.19 3.95 3.67
2.67 2.53 2.31 2.27 2.50 2.71 2.66 2.51 2.34 2.29 2.28 2.24 2.22 2.21 2.22 2.23 2.22 2.20 2.21 2.20 2.21 2.23 2.23 2.23 2.27 2.28 2.24 2.23 2.25 2.26 2.27 2.27 2.26 2.24 2.21 2.21 2.27 2.36 2.36 2.35 2.42 2.50 2.48 2.46 2.92 3.59 3.53 2.93 2.39 1.91 1.86 2.41 2.89 2.98 3.27 4.10 5.13 5.32 4.58 3.82 3.74 4.29 5.31 5.92 5.27 4.21 3.54 3.09 2.93 2.96 3.06 3.11 3.00 2.86 2.80 2.76 2.71 2.81 3.26 3.85 4.22 4.28 4.05 3.71
2.79 2.55 2.26 2.33 2.66 2.76 2.69 2.64 2.45 2.32 2.29 2.28 2.27 2.25 2.25 2.26 2.27 2.24 2.24 2.26 2.26 2.27 2.27 2.27 2.31 2.31 2.27 2.28 2.30 2.31 2.31 2.31 2.31 2.31 2.30 2.31 2.33 2.35 2.34 2.30 2.38 2.59 2.60 2.56 2.94 3.36 3.09 2.44 2.10 1.85 1.92 2.64 3.08 3.20 3.76 4.90 5.43 4.89 3.97 3.50 3.54 4.08 5.52 6.30 5.19 3.88 3.28 2.91 2.81 2.87 2.94 2.94 2.80 2.71 2.73 2.72 2.65 2.75 3.27 3.96 4.34 4.40 4.25 3.90
2.89 2.58 2.26 2.43 2.78 2.77 2.66 2.74 2.63 2.38 2.27 2.30 2.31 2.28 2.29 2.31 2.32 2.28 2.28 2.32 2.31 2.30 2.31 2.33 2.34 2.32 2.31 2.33 2.35 2.36 2.36 2.36 2.37 2.37 2.38 2.38 2.38 2.37 2.36 2.30 2.41 2.71 2.73 2.62 2.79 3.01 2.59 1.93 1.96 2.10 2.37 2.85 3.23 3.56 4.42 5.38 5.09 4.17 3.58 3.41 3.53 4.17 5.92 6.54 4.98 3.60 3.02 2.71 2.72 2.82 2.84 2.79 2.67 2.65 2.78 2.77 2.64 2.70 3.19 3.87 4.24 4.54 4.62 4.26
2.91 2.69 2.39 2.53 2.85 2.76 2.61 2.78 2.78 2.47 2.29 2.31 2.33 2.33 2.34 2.36 2.35 2.33 2.34 2.36 2.35 2.34 2.35 2.38 2.37 2.35 2.37 2.38 2.39 2.40 2.40 2.41 2.42 2.43 2.44 2.45 2.44 2.43 2.41 2.36 2.47 2.81 2.84 2.61 2.54 2.60 2.21 1.69 2.05 2.49 2.64 2.88 3.29 3.96 4.99 5.37 4.42 3.49 3.30 3.46 3.71 4.52 6.29 6.57 4.77 3.38 2.75 2.49 2.68 2.81 2.75 2.64 2.58 2.68 2.86 2.85 2.69 2.81 3.29 3.63 3.88 4.49 4.89 4.66
2.85 2.84 2.65 2.60 2.84 2.77 2.56 2.72 2.84 2.62 2.39 2.34 2.36 2.38 2.40 2.40 2.38 2.38 2.38 2.39 2.40 2.39 2.40 2.41 2.40 2.40 2.41 2.43 2.44 2.44 2.45 2.47 2.48 2.49 2.50 2.50 2.50 2.49 2.48 2.45 2.57 2.85 2.83 2.51 2.30 2.29 2.07 1.85 2.33 2.63 2.57 2.90 3.41 4.16 5.29 5.14 3.71 2.97 3.12 3.57 3.98 4.97 6.51 6.42 4.58 3.17 2.47 2.24 2.62 2.84 2.67 2.51 2.56 2.76 2.92 2.91 2.77 3.02 3.51 3.46 3.55 4.27 4.80 4.76
2.80 2.93 2.89 2.66 2.75 2.76 2.55 2.59 2.82 2.81 2.58 2.41 2.41 2.43 2.43 2.43 2.42 2.42 2.42 2.43 2.44 2.45 2.45 2.45 2.44 2.44 2.46 2.47 2.48 2.49 2.50 2.52 2.53 2.54 2.55 2.56 2.56 2.56 2.55 2.55 2.64 2.75 2.68 2.43 2.27 2.24 2.16 2.20 2.48 2.45 2.37 3.05 3.55 4.22 5.42 4.80 3.10 2.71 3.14 3.72 4.33 5.40 6.52 6.19 4.42 2.92 2.25 2.03 2.48 2.78 2.59 2.50 2.68 2.86 2.95 2.90 2.85 3.26 3.68 3.48 3.48 4.06 4.50 4.56
2.85 2.95 2.98 2.77 2.71 2.76 2.62 2.51 2.71 2.94 2.79 2.53 2.49 2.49 2.44 2.46 2.48 2.47 2.47 2.46 2.48 2.50 2.50 2.49 2.48 2.48 2.50 2.52 2.53 2.54 2.55 2.57 2.58 2.59 2.60 2.61 2.62 2.62 2.62 2.63 2.65 2.66 2.60 2.50 2.43 2.39 2.38 2.43 2.45 2.23 2.26 3.15 3.59 4.32 5.38 4.29 2.72 2.72 3.31 4.00 4.78 5.63 6.31 5.98 4.31 2.73 2.06 1.93 2.24 2.50 2.46 2.63 2.87 2.93 2.97 2.86 2.99 3.51 3.75 3.60 3.55 3.87 4.20 4.31
2.94 2.96 2.97 2.87 2.79 2.80 2.73 2.56 2.64 2.99 2.93 2.64 2.61 2.58 2.46 2.48 2.53 2.51 2.51 2.49 2.52 2.55 2.54 2.55 2.52 2.52 2.54 2.56 2.57 2.59 2.60 2.61 2.63 2.64 2.65 2.66 2.67 2.67 2.68 2.68 2.68 2.66 2.63 2.60 2.58 2.56 2.51 2.44 2.37 2.12 2.17 3.06 3.62 4.44 5.22 3.87 2.56 2.90 3.69 4.41 5.06 5.56 5.94 5.77 4.40 2.78 1.99 1.85 2.01 2.22 2.41 2.78 2.97 2.96 3.00 2.88 3.16 3.70 3.75 3.61 3.57 3.77 4.01 4.12
3.03 2.99 2.95 2.91 2.87 2.86 2.84 2.72 2.73 3.01 2.90 2.63 2.68 2.72 2.59 2.53 2.55 2.54 2.54 2.54 2.56 2.57 2.59 2.60 2.56 2.56 2.59 2.60 2.62 2.63 2.65 2.66 2.67 2.69 2.70 2.71 2.72 2.73 2.73 2.72 2.72 2.71 2.69 2.67 2.66 2.64 2.54 2.45 2.34 2.11 2.09 2.85 3.74 4.56 4.94 3.66 2.61 3.18 4.15 4.71 4.99 5.28 5.55 5.49 4.51 3.00 2.05 1.74 1.82 2.20 2.54 2.81 2.98 3.02 3.03 2.98 3.35 3.78 3.67 3.47 3.48 3.74 3.96 4.02
3.07 3.01 2.95 2.93 2.91 2.91 2.95 2.92 2.92 2.98 2.78 2.54 2.66 2.87 2.81 2.64 2.57 2.57 2.57 2.59 2.59 2.61 2.65 2.64 2.60 2.59 2.63 2.65 2.66 2.68 2.69 2.71 2.72 2.73 2.75 2.76 2.77 2.77 2.78 2.77 2.77 2.76 2.75 2.73 2.72 2.68 2.61 2.52 2.40 2.23 2.19 2.80 3.86 4.51 4.59 3.53 2.82 3.60 4.49 4.74 4.77 4.95 5.18 5.19 4.50 3.26 2.21 1.59 1.71 2.36 2.69 2.77 3.00 3.14 3.05 3.11 3.57 3.72 3.47 3.30 3.33 3.67 3.95 3.94
3.06 3.03 2.97 2.95 2.95 2.98 3.04 3.08 3.08 2.97 2.75 2.51 2.60 2.93 2.96 2.79 2.67 2.62 2.62 2.62 2.61 2.66 2.70 2.66 2.63 2.64 2.67 2.69 2.71 2.73 2.74 2.75 2.77 2.78 2.79 2.80 2.81 2.82 2.83 2.82 2.82 2.82 2.80 2.79 2.77 2.73 2.69 2.62 2.54 2.43 2.40 2.84 3.76 4.33 4.18 3.40 3.24 4.09 4.61 4.60 4.52 4.54 4.73 4.85 4.41 3.50 2.34 1.46 1.74 2.56 2.78 2.79 3.09 3.24 3.07 3.22 3.66 3.50 3.22 3.19 3.22 3.53 3.83 3.85
3.05 3.03 3.00 2.98 3.00 3.05 3.11 3.21 3.20 3.05 2.83 2.60 2.64 2.84 2.92 2.94 2.85 2.73 2.69 2.63 2.64 2.70 2.71 2.67 2.65 2.68 2.72 2.74 2.75 2.77 2.78 2.79 2.81 2.83 2.84 2.85 2.86 2.87 2.87 2.88 2.88 2.87 2.86 2.84 2.83 2.80 2.78 2.75 2.69 2.61 2.53 2.78 3.53 4.06 3.77 3.31 3.75 4.43 4.55 4.41 4.25 4.18 4.33 4.48 4.22 3.57 2.42 1.55 1.97 2.73 2.84 2.95 3.23 3.27 3.11 3.28 3.50 3.26 3.07 3.11 3.18 3.43 3.68 3.76
3.04 3.03 3.03 3.03 3.05 3.12 3.22 3.33 3.29 3.14 2.97 2.73 2.68 2.71 2.77 2.96 3.01 2.91 2.79 2.67 2.68 2.71 2.70 2.68 2.67 2.74 2.79 2.80 2.80 2.81 2.82 2.84 2.85 2.87 2.88 2.89 2.90 2.92 2.92 2.93 2.93 2.92 2.91 2.90 2.89 2.88 2.87 2.85 2.81 2.75 2.62 2.76 3.42 3.76 3.36 3.35 4.16 4.57 4.43 4.24 4.02 3.98 4.09 4.06 3.93 3.46 2.37 1.86 2.39 2.84 2.90 3.13 3.38 3.26 3.10 3.18 3.17 3.07 2.97 3.00 3.16 3.35 3.60 3.81
3.05 3.03 3.06 3.11 3.13 3.21 3.33 3.40 3.34 3.22 3.09 2.88 2.72 2.67 2.68 2.85 3.04 3.06 2.94 2.80 2.75 2.71 2.69 2.68 2.70 2.79 2.86 2.86 2.83 2.84 2.86 2.88 2.90 2.91 2.92 2.94 2.95 2.96 2.97 2.98 2.97 2.98 2.97 2.96 2.96 2.96 2.95 2.94 2.91 2.87 2.77 2.87 3.35 3.53 3.14 3.40 4.35 4.62 4.37 4.17 3.93 3.83 3.78 3.63 3.66 3.27 2.31 2.24 2.74 2.89 2.97 3.26 3.52 3.25 2.96 2.93 2.92 2.93 2.84 2.88 3.12 3.27 3.57 4.02
3.05 3.05 3.11 3.20 3.26 3.30 3.35 3.42 3.39 3.28 3.22 3.09 2.81 2.68 2.68 2.76 2.95 3.06 3.07 2.98 2.84 2.74 2.72 2.71 2.72 2.82 2.94 2.91 2.86 2.89 2.91 2.92 2.93 2.95 2.96 2.98 2.99 3.00 3.01 3.02 3.02 3.03 3.03 3.03 3.03 3.03 3.02 3.01 3.00 2.98 2.96 3.01 3.29 3.46 3.09 3.26 4.33 4.68 4.42 4.22 3.78 3.33 3.22 3.41 3.60 3.11 2.51 2.66 2.87 2.89 3.03 3.36 3.60 3.21 2.74 2.65 2.78 2.76 2.59 2.73 3.03 3.23 3.63 4.26
3.02 3.07 3.21 3.31 3.36 3.36 3.34 3.41 3.44 3.33 3.34 3.32 2.93 2.66 2.71 2.79 2.86 2.94 3.06 3.11 2.98 2.83 2.80 2.78 2.74 2.85 2.99 2.93 2.91 2.95 2.94 2.95 2.97 2.99 3.01 3.02 3.04 3.05 3.06 3.07 3.07 3.08 3.08 3.08 3.09 3.09 3.09 3.09 3.09 3.09 3.11 3.12 3.27 3.42 3.14 3.23 4.15 4.68 4.55 4.19 3.28 2.43 2.74 3.52 3.76 3.32 2.96 2.86 2.81 2.88 3.04 3.42 3.63 3.11 2.57 2.48 2.62 2.51 2.28 2.56 2.96 3.29 3.88 4.67
2.85 3.05 3.35 3.43 3.45 3.46 3.35 3.38 3.50 3.47 3.51 3.46 3.04 2.72 2.74 2.80 2.81 2.83 2.95 3.13 3.10 2.93 2.92 2.89 2.81 2.89 2.99 2.96 2.97 3.01 2.98 2.98 3.01 3.03 3.05 3.06 3.08 3.09 3.10 3.11 3.12 3.12 3.13 3.14 3.14 3.15 3.15 3.16 3.17 3.18 3.21 3.23 3.30 3.37 3.27 3.41 3.98 4.48 4.52 4.00 2.72 1.98 2.79 3.73 3.90 3.61 3.20 2.82 2.75 2.90 3.01 3.41 3.59 3.02 2.55 2.40 2.37 2.21 2.02 2.35 2.98 3.59 4.50 5.75
2.52 2.97 3.46 3.52 3.65 3.66 3.34 3.27 3.54 3.71 3.69 3.43 3.12 2.91 2.75 2.74 2.83 2.84 2.89 3.09 3.08 2.96 3.03 3.05 2.93 2.93 2.98 2.99 3.03 3.05 3.02 3.01 3.05 3.07 3.08 3.10 3.11 3.13 3.14 3.15 3.16 3.17 3.18 3.19 3.20 3.21 3.21 3.23 3.24 3.26 3.28 3.31 3.35 3.38 3.42 3.54 3.82 4.06 4.20 3.81 2.60 2.20 3.03 3.77 3.92 3.68 3.24 2.83 2.81 2.95 3.00 3.35 3.50 2.99 2.51 2.29 2.12 1.88 1.80 2.29 3.21 4.28 5.69 6.61
2.39 2.96 3.50 3.61 3.94 3.92 3.25 3.04 3.57 3.96 3.80 3.38 3.18 3.03 2.79 2.71 2.86 2.94 2.94 3.00 2.96 2.94 3.09 3.15 3.02 2.94 2.99 3.10 3.12 3.11 3.08 3.06 3.09 3.11 3.12 3.14 3.15 3.16 3.18 3.19 3.20 3.21 3.22 3.23 3.25 3.26 3.27 3.29 3.30 3.32 3.34 3.37 3.40 3.43 3.49 3.57 3.68 3.73 3.84 3.67 2.87 2.69 3.27 3.72 3.81 3.53 3.20 3.00 2.96 2.99 2.99 3.25 3.46 2.96 2.36 2.18 1.98 1.65 1.69 2.55 3.63 4.91 6.31 6.43
2.69 3.05 3.53 3.74 4.11 4.04 3.18 2.84 3.68 4.23 3.90 3.40 3.22 3.06 2.86 2.78 2.88 3.02 2.97 2.88 2.88 2.96 3.09 3.16 2.97 2.83 3.14 3.36 3.27 3.20 3.14 3.10 3.12 3.14 3.15 3.17 3.19 3.20 3.21 3.22 3.24 3.25 3.27 3.28 3.29 3.31 3.32 3.34 3.36 3.38 3.40 3.42 3.45 3.48 3.52 3.57 3.61 3.61 3.65 3.56 3.19 3.09 3.43 3.67 3.57 3.28 3.18 3.17 3.08 2.97 2.88 3.24 3.50 2.85 2.23 2.13 1.90 1.66 1.81 2.80 3.97 5.05 5.90 6.31
3.14 3.29 3.58 3.80 4.07 4.00 3.22 2.94 3.87 4.45 3.89 3.27 3.16 3.03 2.88 2.82 2.88 3.03 2.99 2.85 2.88 2.97 3.08 3.13 2.72 2.59 3.31 3.68 3.47 3.31 3.23 3.17 3.15 3.16 3.17 3.20 3.22 3.23 3.24 3.25 3.27 3.29 3.30 3.32 3.34 3.35 3.37 3.39 3.41 3.43 3.45 3.47 3.49 3.52 3.55 3.57 3.59 3.59 3.57 3.51 3.38 3.36 3.49 3.51 3.35 3.22 3.26 3.26 3.08 2.82 2.78 3.40 3.54 2.65 2.11 2.06 1.97 1.84 2.02 2.82 3.85 4.70 5.21 6.79
3.50 3.53 3.67 3.80 3.92 3.88 3.44 3.28 4.04 4.48 3.65 3.07 3.07 2.98 2.91 2.84 2.87 3.04 3.06 2.93 2.90 2.98 3.11 3.08 2.55 2.43 3.31 3.87 3.69 3.44 3.35 3.28 3.22 3.18 3.17 3.22 3.25 3.25 3.27 3.29 3.30 3.32 3.34 3.36 3.38 3.40 3.42 3.43 3.45 3.47 3.49 3.51 3.53 3.55 3.57 3.58 3.59 3.59 3.57 3.52 3.47 3.48 3.48 3.42 3.35 3.33 3.30 3.24 3.03 2.77 2.87 3.49 3.45 2.43 1.97 2.06 2.16 2.04 2.07 2.58 3.32 4.22 5.22 7.85
3.76 3.78 3.80 3.77 3.81 3.84 3.69 3.65 4.11 4.21 3.46 3.13 3.12 3.01 2.99 2.91 2.91 3.08 3.12 3.01 2.97 3.07 3.15 3.05 2.62 2.47 3.14 3.83 3.85 3.64 3.48 3.38 3.35 3.24 3.18 3.25 3.26 3.26 3.29 3.31 3.33 3.35 3.37 3.39 3.41 3.43 3.46 3.48 3.50 3.51 3.53 3.55 3.56 3.58 3.59 3.60 3.60 3.60 3.58 3.56 3.53 3.51 3.49 3.45 3.41 3.38 3.28 3.21 3.05 2.96 3.07 3.36 3.19 2.24 1.93 2.10 2.30 2.16 1.89 2.24 2.99 4.09 6.06 8.65
4.06 4.05 3.92 3.75 3.81 3.90 3.86 3.88 4.01 3.80 3.42 3.31 3.21 3.09 3.07 3.01 3.02 3.13 3.14 3.05 3.09 3.19 3.20 3.10 2.75 2.55 3.00 3.60 3.86 3.84 3.62 3.49 3.53 3.42 3.26 3.25 3.26 3.26 3.30 3.33 3.35 3.37 3.39 3.42 3.45 3.47 3.49 3.52 3.54 3.56 3.57 3.59 3.60 3.62 3.62 3.63 3.63 3.62 3.61 3.59 3.57 3.55 3.53 3.50 3.45 3.39 3.30 3.22 3.16 3.15 3.14 3.12 2.83 2.19 2.02 2.19 2.34 2.17 1.73 2.03 3.06 4.73 7.17 8.38
4.37 4.29 4.01 3.77 3.85 3.98 3.94 3.93 3.85 3.60 3.47 3.43 3.29 3.19 3.16 3.11 3.11 3.17 3.17 3.12 3.16 3.23 3.23 3.15 2.85 2.64 2.92 3.35 3.72 3.91 3.76 3.64 3.71 3.66 3.40 3.24 3.25 3.29 3.32 3.34 3.36 3.38 3.42 3.45 3.48 3.51 3.53 3.56 3.58 3.60 3.61 3.63 3.64 3.65 3.65 3.65 3.65 3.65 3.64 3.62 3.60 3.59 3.56 3.53 3.48 3.42 3.35 3.29 3.27 3.22 3.11 2.96 2.68 2.30 2.21 2.38 2.37 2.07 1.65 2.06 3.69 5.91 7.54 6.93
4.55 4.46 4.16 3.86 3.88 4.05 4.01 3.89 3.79 3.62 3.51 3.45 3.34 3.28 3.26 3.19 3.17 3.22 3.22 3.18 3.18 3.23 3.24 3.21 2.98 2.73 2.86 3.20 3.56 3.86 3.88 3.78 3.83 3.82 3.54 3.31 3.29 3.34 3.36 3.33 3.34 3.39 3.43 3.47 3.51 3.54 3.57 3.59 3.62 3.63 3.65 3.66 3.68 3.68 3.68 3.68 3.68 3.68 3.67 3.65 3.64 3.62 3.60 3.56 3.51 3.46 3.41 3.37 3.34 3.24 3.10 2.93 2.74 2.50 2.43 2.54 2.35 1.92 1.72 2.56 4.77 6.53 6.66 5.07
