windninja/windninja_output/Output_2025-10-23_2000-2050_Google earth_Fire_150m_10min/merlingen_7.5mi_point_10-23-2025_2040_150m_vel.asc
ncols	158
nrows	163
xllcorner	391686.332397
yllcorner	5160024.123721
cellsize	150.000000
NODATA_value	-32768.000000
[rows 114 to 151 of 163, columns 0 to 83 of 158]
1.16 1.13 1.24 1.40 1.56 1.59 1.59 1.57 1.50 1.54 1.91 2.56 2.58 2.16 2.47 2.92 2.24 1.49 1.43 1.53 1.98 2.71 2.79 2.13 2.45 3.17 3.29 3.20 3.37 3.54 3.92 5.29 6.79 8.22 8.64 7.14 5.59 4.73 3.87 3.21 3.02 4.02 5.38 5.61 4.54 3.69 3.59 3.55 3.37 3.23 3.06 2.82 2.70 2.75 2.96 3.04 2.92 2.95 3.28 3.50 3.30 2.99 3.23 3.70 3.55 3.43 3.63 3.75 3.80 3.60 3.43 3.78 4.20 4.22 4.48 5.03 5.18 5.01 4.80 5.02 5.73 5.63 4.63 4.12
1.19 1.13 1.29 1.45 1.56 1.57 1.57 1.48 1.44 1.73 2.36 2.83 2.45 1.98 2.59 3.42 2.89 1.90 1.55 1.47 1.86 2.37 2.73 3.01 3.32 3.45 3.24 3.12 3.75 3.67 3.35 4.57 6.84 8.58 8.53 7.17 5.83 4.86 3.96 3.27 3.61 5.04 5.87 5.58 4.80 4.28 4.00 3.61 3.38 3.29 3.12 2.94 2.75 2.65 2.82 2.96 2.88 2.87 3.11 3.44 3.30 2.98 3.19 3.68 3.67 3.36 3.45 3.71 3.85 3.74 3.61 3.83 4.25 4.33 4.31 4.81 5.29 5.28 4.86 4.81 5.69 5.87 4.91 4.18
1.33 1.23 1.32 1.41 1.49 1.50 1.46 1.41 1.62 2.19 2.93 2.92 2.15 1.77 2.80 3.98 3.28 1.92 1.66 1.79 2.19 2.61 3.04 3.52 3.66 3.58 3.10 3.08 4.17 4.10 3.53 4.22 6.13 8.26 8.75 7.53 6.17 4.78 4.15 4.17 4.76 5.79 5.76 5.26 4.95 4.32 3.57 3.16 3.27 3.36 3.26 3.11 2.85 2.62 2.62 2.77 2.86 2.86 3.01 3.31 3.23 2.99 3.20 3.65 3.73 3.34 3.32 3.62 3.79 3.77 3.69 3.80 4.26 4.65 4.51 4.60 5.07 5.41 5.12 4.81 5.54 6.01 5.01 4.09
1.38 1.22 1.19 1.31 1.43 1.46 1.42 1.53 2.06 2.70 3.20 2.78 1.87 1.74 3.07 4.22 3.31 1.98 2.10 2.59 2.98 3.38 3.66 3.82 3.92 3.95 3.45 3.37 4.69 4.45 3.75 4.11 5.34 7.83 9.00 8.02 6.34 4.70 4.52 5.38 5.91 5.87 5.30 5.07 4.88 4.04 3.48 3.50 3.67 3.74 3.63 3.29 2.93 2.60 2.41 2.62 2.89 2.89 2.95 3.19 3.19 3.02 3.22 3.66 3.69 3.30 3.25 3.52 3.69 3.73 3.70 3.73 4.10 4.68 4.98 4.86 4.77 5.15 5.34 5.13 5.61 6.05 4.96 3.83
1.42 1.19 1.07 1.28 1.46 1.53 1.55 1.85 2.45 2.90 3.15 2.64 1.86 1.96 3.03 4.15 3.76 2.51 2.63 3.05 3.28 3.55 3.76 3.99 4.32 4.51 4.51 4.92 5.29 4.88 4.56 5.06 6.47 9.09 9.30 7.83 6.60 5.14 5.44 6.36 6.06 5.43 4.98 4.84 4.67 4.27 4.01 4.06 4.09 3.98 3.68 3.18 2.84 2.54 2.32 2.51 2.83 2.88 2.93 3.13 3.22 3.09 3.27 3.63 3.57 3.28 3.22 3.38 3.57 3.70 3.71 3.65 3.83 4.41 5.14 5.30 4.81 4.87 5.29 5.43 5.83 5.96 4.88 3.73
1.54 1.27 1.07 1.33 1.58 1.62 1.73 2.12 2.66 2.87 3.00 2.78 2.09 2.17 2.75 3.85 4.39 3.37 2.82 2.94 3.11 3.33 3.67 4.15 4.64 4.93 5.14 5.50 5.70 6.01 7.11 8.19 9.32 10.00 8.65 6.97 6.10 5.88 6.42 6.50 5.64 5.04 4.80 4.91 5.02 4.75 4.27 4.12 4.02 3.71 3.32 2.90 2.64 2.42 2.23 2.34 2.68 2.89 2.95 3.12 3.30 3.20 3.30 3.51 3.35 3.22 3.14 3.17 3.46 3.76 3.76 3.58 3.63 4.04 4.83 5.40 5.24 5.01 5.29 5.60 5.88 5.87 4.96 4.01
1.66 1.39 1.14 1.42 1.63 1.59 1.83 2.32 2.82 2.76 2.79 3.13 2.53 2.26 2.51 3.60 4.69 4.14 3.06 2.87 2.97 3.17 3.66 4.28 4.80 5.13 5.28 5.42 6.25 7.54 8.49 8.86 8.98 8.50 7.41 6.60 5.87 5.95 6.04 5.40 4.99 4.87 5.09 5.35 5.28 4.83 4.50 4.38 4.02 3.52 3.14 2.78 2.54 2.38 2.15 2.11 2.54 2.94 2.98 3.14 3.38 3.19 3.14 3.20 2.93 3.08 3.17 2.95 3.26 3.80 3.84 3.59 3.57 3.78 4.27 4.96 5.43 5.48 5.57 5.78 5.84 5.82 5.12 4.38
1.76 1.52 1.42 1.70 1.75 1.67 1.97 2.54 2.96 2.67 2.64 3.53 3.06 2.41 2.53 3.41 4.66 4.55 3.34 2.77 2.74 3.05 3.58 4.23 4.96 5.35 5.43 5.82 7.33 8.82 8.80 8.17 7.85 7.37 7.07 6.58 5.84 5.59 4.71 4.26 4.26 4.37 4.85 4.91 4.64 4.47 4.48 4.27 3.71 3.30 2.96 2.67 2.52 2.36 2.11 2.02 2.55 2.96 2.94 3.14 3.25 2.82 2.66 2.77 2.72 3.18 3.50 3.08 3.08 3.67 3.83 3.66 3.67 3.69 3.78 4.19 4.96 5.62 5.97 6.06 5.98 5.91 5.33 4.77
1.87 1.72 1.83 2.01 1.96 1.97 2.22 2.64 2.98 2.60 2.64 3.95 3.57 2.52 2.45 3.01 4.35 4.64 3.26 2.49 2.57 3.07 3.55 4.15 5.11 5.40 5.57 6.50 8.61 9.78 8.84 8.18 7.82 6.90 6.87 6.57 5.64 5.33 4.48 3.90 3.73 3.72 4.16 4.23 4.10 4.15 4.00 3.41 3.02 2.82 2.64 2.57 2.40 2.18 2.03 2.04 2.48 2.83 2.78 2.91 2.73 2.33 2.39 2.59 2.77 3.51 4.02 3.61 3.27 3.37 3.61 3.69 3.79 3.75 3.56 3.55 4.06 5.03 5.90 6.29 6.38 6.31 5.70 5.17
1.80 1.69 1.83 1.88 1.81 1.97 2.20 2.51 2.88 2.63 2.88 4.36 3.86 2.30 2.10 2.68 3.76 4.43 3.57 2.75 2.87 3.24 3.58 4.26 5.17 5.53 5.73 7.18 10.22 10.74 8.62 7.83 7.47 6.52 6.65 6.54 5.45 5.17 4.77 3.83 3.49 3.48 3.71 4.07 4.19 4.17 3.83 3.12 2.71 2.54 2.55 2.51 2.17 1.97 1.86 1.76 2.01 2.44 2.45 2.41 2.22 2.18 2.45 2.63 2.89 3.69 4.25 4.12 3.63 3.21 3.29 3.66 3.83 3.78 3.56 3.31 3.38 4.10 5.14 5.88 6.48 6.85 6.35 5.45
1.73 1.66 1.73 1.70 1.70 1.94 2.12 2.30 2.78 2.74 3.24 4.32 3.32 1.88 1.89 2.49 3.14 3.83 3.96 3.59 3.54 3.71 3.92 4.51 5.16 5.56 6.26 9.14 12.80 11.26 7.66 7.09 7.16 6.49 6.43 6.42 5.40 5.01 4.87 3.90 3.45 3.32 3.30 3.92 4.42 4.31 3.93 3.30 2.73 2.62 2.66 2.43 2.01 1.86 1.69 1.41 1.47 2.02 2.26 1.99 1.93 2.39 2.71 2.80 3.17 3.79 4.13 4.25 4.06 3.30 3.12 3.59 3.85 3.77 3.67 3.40 3.22 3.59 4.37 4.97 5.75 6.94 7.06 5.81
1.74 1.71 1.78 1.79 1.84 1.99 2.08 2.28 2.85 2.93 3.33 3.97 2.97 1.70 1.87 2.39 2.76 3.06 3.64 4.27 4.81 4.84 4.67 4.94 5.82 6.77 9.29 13.92 13.75 9.53 6.35 6.36 6.94 6.32 6.02 6.28 5.52 4.92 4.86 4.12 3.42 3.12 3.07 3.70 4.53 4.56 4.13 3.41 2.82 2.68 2.51 2.18 1.88 1.76 1.59 1.31 1.27 1.79 2.24 1.97 2.07 2.72 2.89 2.90 3.33 3.78 3.90 4.08 4.19 3.81 3.38 3.67 4.02 3.91 3.82 3.63 3.44 3.52 3.93 4.37 4.74 6.18 7.23 6.55
1.61 1.61 1.74 1.82 1.84 1.92 2.09 2.55 2.98 2.97 3.10 3.59 3.09 2.01 2.23 2.54 2.54 2.65 3.23 4.16 5.30 6.58 6.55 6.68 9.38 12.32 13.70 13.84 10.57 6.88 5.74 5.94 6.63 6.07 5.76 6.17 5.63 4.85 4.61 4.09 3.44 3.09 3.10 3.55 4.52 4.98 4.48 3.52 2.87 2.56 2.26 1.92 1.65 1.54 1.41 1.18 1.10 1.63 2.27 2.29 2.43 2.79 2.82 2.87 3.31 3.66 3.74 3.85 4.02 4.06 4.01 4.20 4.36 4.21 4.04 3.89 3.69 3.56 3.77 4.10 4.31 5.25 6.46 6.72
1.62 1.62 1.78 1.82 1.85 1.98 2.33 2.89 3.04 2.89 2.76 3.07 3.21 2.95 3.15 2.90 2.54 2.86 3.58 4.63 6.88 9.46 10.31 10.65 11.63 12.76 11.76 8.90 6.84 5.71 5.38 5.75 6.32 5.90 5.65 5.91 5.56 4.90 4.29 3.94 3.52 3.16 3.28 3.61 4.46 5.24 4.64 3.36 2.56 2.20 2.02 1.73 1.41 1.28 1.20 1.01 0.94 1.60 2.34 2.45 2.46 2.61 2.65 2.86 3.26 3.54 3.64 3.69 3.81 3.97 4.35 4.77 4.79 4.55 4.37 4.24 3.85 3.71 4.00 4.14 4.28 4.90 5.50 5.98
1.70 1.68 1.80 1.81 1.86 2.10 2.57 2.97 3.00 2.78 2.61 2.87 3.37 3.64 3.77 3.27 3.04 3.78 5.51 9.63 11.94 11.46 10.64 9.82 9.54 9.02 7.72 6.34 5.39 4.98 5.20 5.79 6.02 5.50 5.22 5.45 5.46 4.88 4.05 3.81 3.63 3.49 3.65 3.88 4.49 5.24 4.71 3.07 2.12 1.90 1.77 1.48 1.23 1.17 1.08 0.92 0.92 1.64 2.32 2.39 2.39 2.48 2.59 2.89 3.22 3.45 3.53 3.57 3.69 3.86 4.37 5.05 5.30 4.96 4.66 4.58 4.17 4.02 4.32 4.45 4.63 4.89 5.01 5.31
1.64 1.57 1.64 1.68 1.72 2.02 2.51 2.91 2.90 2.73 2.77 3.11 3.40 3.60 3.86 4.19 4.45 5.97 10.14 13.71 12.25 9.16 7.84 7.10 7.32 7.65 7.03 5.79 4.84 4.81 5.26 5.53 5.34 4.80 4.63 5.10 5.30 4.59 3.91 3.87 3.88 3.91 4.04 4.28 4.71 5.11 4.61 2.97 2.08 1.94 1.68 1.30 1.05 1.01 0.93 0.82 0.94 1.58 2.16 2.33 2.36 2.44 2.62 2.89 3.16 3.38 3.43 3.48 3.60 3.80 4.26 5.00 5.57 5.49 5.09 5.05 4.74 4.25 4.38 4.77 4.99 5.02 4.94 4.99
1.65 1.55 1.65 1.71 1.72 2.02 2.47 2.78 2.84 2.79 2.92 2.99 2.98 3.28 3.82 4.99 7.05 10.09 12.89 12.21 8.42 6.70 6.56 6.67 7.32 7.88 6.85 5.29 5.01 5.25 5.30 5.00 4.61 4.32 4.24 4.62 4.98 4.59 4.07 4.10 4.21 4.30 4.58 4.91 5.12 5.00 4.22 2.78 2.15 1.95 1.42 0.97 0.78 0.77 0.72 0.72 0.90 1.45 2.05 2.33 2.35 2.40 2.62 2.88 3.11 3.30 3.39 3.43 3.51 3.72 4.16 4.86 5.50 5.77 5.71 5.71 5.37 4.58 4.61 5.08 5.22 5.20 4.95 4.64
1.79 1.73 1.82 1.83 1.87 2.23 2.52 2.63 2.81 2.87 2.80 2.67 2.66 3.06 3.92 5.43 8.72 11.74 11.42 8.16 6.74 6.53 6.47 6.61 7.46 7.88 6.16 5.27 5.36 5.37 5.27 5.02 4.62 4.21 4.08 4.33 4.77 4.94 4.56 4.46 4.76 4.96 5.21 5.43 5.27 4.49 3.36 2.37 2.08 1.74 0.99 0.52 0.58 0.59 0.53 0.57 0.73 1.32 1.98 2.27 2.30 2.42 2.62 2.88 3.07 3.25 3.40 3.40 3.43 3.59 4.08 4.78 5.24 5.73 6.13 6.37 6.10 5.12 4.87 5.41 5.73 5.42 4.74 4.30
1.80 1.72 1.75 1.83 2.13 2.53 2.62 2.57 2.78 2.92 2.71 2.60 2.74 3.27 4.42 6.01 9.71 11.92 9.62 7.12 6.80 6.73 6.68 6.91 7.57 7.60 5.98 5.16 5.18 4.84 4.74 4.70 4.36 4.13 4.32 4.69 5.08 5.34 5.05 5.03 5.52 5.58 5.52 5.60 5.02 3.53 2.37 1.95 1.87 1.42 0.53 0.23 0.40 0.43 0.39 0.46 0.63 1.24 1.91 2.16 2.32 2.61 2.63 2.82 3.07 3.22 3.41 3.41 3.36 3.50 4.05 4.65 4.97 5.64 6.29 6.77 6.98 5.80 5.02 5.74 6.14 5.42 4.49 4.23
1.74 1.64 1.73 1.98 2.46 2.73 2.64 2.65 2.91 3.12 3.02 2.91 3.04 3.84 5.06 7.43 11.47 12.14 9.80 7.88 7.50 7.31 7.26 7.27 7.12 6.60 5.75 5.21 5.01 4.61 4.33 4.21 4.00 4.28 4.83 5.14 5.38 5.39 5.10 5.45 5.94 5.71 5.55 5.47 4.45 2.83 2.02 1.71 1.46 0.91 0.25 0.07 0.21 0.26 0.33 0.42 0.62 1.23 1.87 2.15 2.49 2.79 2.65 2.74 3.08 3.22 3.41 3.49 3.35 3.50 4.02 4.47 4.75 5.38 6.27 7.19 7.69 6.37 5.24 5.90 6.23 5.26 4.28 4.02
1.87 1.86 2.05 2.31 2.69 2.70 2.62 2.85 3.11 3.41 3.62 3.46 3.78 4.77 7.15 11.47 13.22 11.79 9.45 8.20 7.75 7.39 7.08 6.66 5.86 5.39 5.50 5.55 5.29 4.94 4.58 4.38 4.33 4.66 4.98 5.08 5.17 4.94 4.97 5.77 6.15 5.66 5.42 4.87 3.30 2.29 1.84 1.39 0.86 0.54 0.28 0.06 0.08 0.18 0.30 0.37 0.63 1.30 1.89 2.23 2.64 2.78 2.63 2.73 3.05 3.27 3.41 3.60 3.61 3.64 3.92 4.34 4.62 4.88 5.94 7.47 8.19 7.08 5.66 5.90 6.16 5.24 4.04 3.64
1.94 2.05 2.32 2.55 2.75 2.74 2.79 3.05 3.21 3.56 3.79 3.76 4.16 6.13 11.00 13.79 12.54 10.29 8.77 8.04 7.38 6.44 6.05 5.53 4.90 4.81 5.19 5.69 5.73 5.46 5.07 4.86 4.93 4.99 4.95 4.93 4.71 4.45 5.11 6.25 6.24 5.51 4.98 3.77 2.42 1.87 1.45 0.85 0.41 0.40 0.35 0.15 0.12 0.26 0.31 0.37 0.75 1.45 1.98 2.33 2.64 2.68 2.65 2.76 2.99 3.28 3.38 3.68 4.14 4.09 3.99 4.24 4.44 4.47 5.37 7.11 8.28 7.93 6.33 5.97 5.88 5.05 4.17 3.78
1.91 2.07 2.32 2.44 2.65 2.80 2.89 2.97 3.04 3.31 3.51 3.77 4.16 7.09 12.54 12.83 10.28 9.33 8.36 7.75 6.90 5.60 5.15 5.09 4.85 4.78 5.08 5.73 6.17 5.91 5.30 5.04 5.10 5.04 5.10 5.10 4.63 4.34 5.34 6.53 6.00 5.22 4.42 2.69 1.84 1.46 0.97 0.32 0.11 0.34 0.38 0.29 0.31 0.39 0.36 0.45 0.94 1.66 2.13 2.41 2.57 2.61 2.70 2.76 2.90 3.21 3.36 3.77 4.62 4.76 4.33 4.18 4.32 4.32 4.79 6.29 7.87 8.24 7.37 6.36 5.69 4.95 4.50 4.49
1.83 1.93 2.10 2.16 2.47 2.70 2.69 2.64 2.73 3.05 3.36 3.94 4.63 8.40 12.90 11.76 9.71 8.89 7.67 7.08 6.55 5.53 5.01 5.06 4.88 4.82 5.13 5.94 6.55 6.04 4.89 4.64 4.84 4.99 5.26 5.23 4.70 4.38 5.40 6.59 5.80 4.71 3.48 2.03 1.38 1.09 0.69 0.24 0.25 0.43 0.47 0.47 0.52 0.52 0.46 0.65 1.25 1.96 2.25 2.38 2.49 2.56 2.70 2.68 2.77 3.09 3.38 3.89 4.85 5.40 4.89 4.35 4.44 4.48 4.29 5.22 7.06 7.94 7.87 7.50 6.32 5.10 4.93 5.21
1.78 1.79 1.83 1.92 2.33 2.50 2.38 2.37 2.66 3.15 3.78 4.65 6.34 11.54 13.77 11.34 9.23 7.84 6.52 6.41 6.45 5.76 5.26 5.08 4.77 4.78 5.19 6.06 6.49 5.68 4.67 4.62 5.02 5.18 5.26 4.97 4.44 4.47 5.57 6.55 5.43 3.54 2.40 1.61 1.13 1.01 0.76 0.48 0.45 0.54 0.58 0.66 0.68 0.64 0.68 1.03 1.68 2.15 2.26 2.34 2.42 2.51 2.64 2.54 2.60 2.97 3.42 4.07 4.91 5.68 5.72 5.08 4.83 4.70 4.38 4.55 6.00 7.15 7.49 8.13 7.66 5.65 5.69 5.68
1.81 1.74 1.72 1.99 2.36 2.34 2.23 2.44 2.88 3.45 4.38 6.11 10.31 14.54 13.50 9.62 7.74 6.66 5.83 6.03 6.49 6.07 5.51 5.09 4.80 4.90 5.37 5.95 6.04 5.27 4.60 5.01 5.37 5.08 5.17 4.82 4.43 5.02 5.93 6.01 4.21 2.30 1.73 1.29 1.00 1.03 0.90 0.67 0.62 0.67 0.76 0.86 0.80 0.84 1.14 1.60 2.04 2.18 2.23 2.33 2.36 2.49 2.53 2.30 2.43 2.92 3.47 4.22 4.95 5.63 6.24 6.21 5.50 4.97 4.69 4.54 5.11 6.28 6.73 7.86 8.40 7.34 6.94 5.89
1.84 1.75 1.90 2.28 2.34 2.25 2.52 2.89 3.16 4.10 5.40 8.13 13.87 14.70 10.14 7.29 6.66 6.04 5.40 5.84 6.55 6.36 5.69 5.20 5.04 5.27 5.56 5.68 5.65 5.09 4.73 5.22 5.26 5.01 5.49 5.29 4.93 5.34 5.37 4.48 2.74 1.71 1.46 1.13 1.01 1.08 1.00 0.84 0.80 0.86 0.97 1.06 1.03 1.25 1.75 2.07 2.12 2.14 2.24 2.30 2.35 2.55 2.43 2.06 2.23 2.88 3.56 4.29 4.93 5.61 6.39 6.81 6.20 5.32 5.02 4.52 4.45 5.58 6.36 7.40 8.81 8.81 7.33 5.48
1.84 1.78 2.00 2.16 2.11 2.39 3.09 3.42 3.76 5.43 7.20 11.55 14.84 11.33 7.02 6.31 6.09 5.92 5.78 6.34 6.80 6.49 5.86 5.59 5.52 5.63 5.65 5.41 5.29 5.00 4.91 5.21 5.27 5.51 5.95 5.54 5.06 4.86 4.00 2.62 1.70 1.42 1.31 1.10 1.05 1.10 1.03 0.96 1.00 1.06 1.15 1.36 1.53 1.84 2.24 2.25 2.13 2.17 2.27 2.33 2.50 2.66 2.42 2.08 2.33 3.08 3.82 4.35 4.90 5.75 6.35 6.73 6.83 6.31 5.51 4.25 3.82 5.09 6.44 7.60 9.36 9.38 7.04 5.17
1.89 1.69 1.79 1.87 2.12 2.74 3.36 3.79 4.86 6.29 8.77 13.86 13.91 7.65 5.88 5.97 5.96 6.49 6.84 7.04 6.90 6.39 6.02 6.05 6.11 5.95 5.62 5.07 4.88 4.94 5.06 5.38 5.61 5.84 5.95 5.36 4.59 3.80 2.54 1.33 1.07 1.23 1.21 1.10 1.07 1.10 1.08 1.09 1.18 1.23 1.35 1.80 2.26 2.39 2.50 2.30 2.13 2.26 2.35 2.52 2.75 2.77 2.57 2.50 2.94 3.69 4.24 4.54 5.03 5.73 6.10 6.37 7.28 7.37 5.53 3.74 3.42 4.83 6.74 8.46 9.30 8.92 7.60 5.89
2.13 1.81 1.84 2.08 2.46 2.95 3.48 4.19 5.44 6.30 9.63 12.94 10.54 6.62 6.01 6.09 6.38 7.32 7.63 6.78 6.18 6.07 6.14 6.32 6.28 6.03 5.51 5.03 4.97 5.25 5.51 5.86 5.80 5.56 5.75 5.11 3.60 2.18 1.14 0.62 0.76 1.07 1.15 1.12 1.10 1.13 1.19 1.24 1.31 1.40 1.65 2.38 3.01 3.11 2.89 2.33 2.15 2.41 2.52 2.72 2.90 2.92 2.89 3.01 3.41 3.95 4.39 4.69 4.91 5.28 5.68 6.32 7.68 7.66 5.20 3.36 3.44 4.51 7.03 8.79 8.12 7.96 8.35 6.50
2.37 2.08 2.25 2.48 2.63 2.94 3.68 4.57 5.49 5.99 8.86 12.33 10.04 7.07 6.56 6.29 6.76 7.80 7.37 5.69 5.50 5.84 6.16 6.37 5.99 5.40 5.06 5.22 5.51 5.70 5.89 6.13 5.62 5.11 5.37 4.31 2.32 1.07 0.44 0.43 0.70 0.97 1.11 1.15 1.14 1.20 1.31 1.35 1.40 1.64 2.21 3.01 3.65 3.79 3.12 2.30 2.32 2.54 2.66 2.97 3.18 3.19 3.20 3.30 3.40 3.85 4.48 4.71 4.69 4.80 5.25 6.35 7.86 7.79 5.41 3.50 3.40 4.17 7.10 8.52 7.09 7.80 8.53 5.78
2.32 2.19 2.54 2.75 2.89 3.28 4.08 4.92 5.82 6.04 7.75 12.73 12.19 8.15 7.03 6.46 7.00 7.71 6.26 5.14 5.47 5.85 6.19 6.20 5.61 5.12 5.12 5.51 5.67 5.58 5.73 5.89 5.20 4.61 4.43 3.11 1.69 0.84 0.53 0.59 0.78 0.96 1.10 1.20 1.23 1.29 1.40 1.42 1.53 2.09 2.87 3.54 4.16 4.13 3.19 2.54 2.64 2.75 3.09 3.66 3.71 3.52 3.48 3.38 3.31 3.89 4.61 4.57 4.49 4.77 5.05 6.01 7.76 7.85 5.72 3.89 3.52 4.22 6.87 8.07 7.43 8.54 7.87 3.92
2.11 2.22 2.76 3.11 3.54 4.16 4.73 5.55 6.55 6.55 8.85 14.01 12.85 8.31 7.15 6.93 7.33 7.29 5.86 5.38 5.80 5.94 6.05 5.79 5.42 5.48 5.52 5.52 5.40 5.11 5.18 5.22 4.49 3.62 2.77 2.16 1.41 0.89 0.69 0.72 0.87 0.99 1.14 1.27 1.32 1.36 1.44 1.52 1.89 2.62 3.27 3.96 4.61 4.40 3.71 3.35 3.23 3.37 3.95 4.31 4.00 3.69 3.60 3.51 3.69 4.29 4.67 4.48 4.50 4.90 5.12 5.70 7.27 7.79 5.96 4.22 4.11 4.95 6.15 7.42 8.56 8.48 5.75 3.34
2.01 2.28 2.81 3.24 3.96 4.72 5.10 6.07 7.18 8.60 12.96 14.70 10.59 6.95 6.45 6.62 7.00 6.65 5.96 5.88 6.03 5.96 5.69 5.40 5.42 5.79 5.70 5.51 5.48 4.84 4.26 4.21 3.40 2.12 1.62 1.63 1.30 0.90 0.72 0.75 0.90 1.02 1.12 1.26 1.41 1.43 1.47 1.75 2.40 2.99 3.49 4.36 5.05 4.74 4.23 3.96 3.81 4.06 4.35 4.39 3.98 3.66 3.68 3.92 4.35 4.77 5.01 5.09 5.24 5.41 5.61 5.91 6.79 7.36 5.90 4.47 5.09 6.21 6.17 7.13 8.67 6.71 4.34 3.49
2.03 2.21 2.66 3.31 4.03 4.62 5.02 5.97 8.51 11.80 13.91 11.74 7.51 5.96 5.61 5.72 6.05 5.96 5.68 5.73 5.87 5.72 5.30 5.02 5.53 5.98 5.96 5.84 5.64 4.57 3.58 3.43 2.75 1.59 1.23 1.35 1.24 0.93 0.73 0.71 0.87 1.04 1.13 1.27 1.48 1.52 1.60 2.16 2.83 3.17 3.68 4.68 5.33 5.18 4.82 4.65 4.45 4.35 4.51 4.49 4.03 3.78 4.01 4.41 4.73 5.08 5.47 5.75 5.94 6.29 6.61 6.45 6.48 6.49 5.60 5.08 6.60 7.68 6.88 7.34 7.32 4.92 4.69 4.19
2.43 2.72 3.17 3.62 4.31 5.11 5.54 6.59 10.72 12.79 11.09 7.96 6.42 5.67 5.32 5.37 5.55 5.49 5.29 5.36 5.44 5.18 4.63 4.70 5.55 6.19 6.30 5.94 5.14 4.04 2.96 2.52 2.30 1.54 1.18 1.24 1.19 0.94 0.73 0.69 0.84 1.11 1.22 1.33 1.54 1.70 1.92 2.55 3.03 3.24 3.83 4.83 5.53 5.83 5.80 5.39 4.83 4.42 4.55 4.50 4.14 4.11 4.39 4.74 5.07 5.43 5.73 5.82 6.00 6.64 7.00 6.41 5.70 5.38 5.38 6.48 8.41 8.05 5.94 5.77 4.95 4.09 5.11 5.24
3.11 3.48 3.85 4.16 5.44 6.37 6.13 7.53 12.43 12.83 8.65 6.65 6.05 5.39 5.14 5.09 5.04 5.04 5.25 5.30 5.05 4.65 4.11 4.33 5.25 6.20 6.31 4.98 3.89 3.12 2.09 1.79 1.81 1.50 1.26 1.19 1.12 0.92 0.74 0.72 0.88 1.21 1.38 1.40 1.59 1.99 2.41 2.80 3.08 3.35 3.89 4.84 5.81 6.60 6.74 5.93 5.20 4.78 4.56 4.47 4.27 4.38 4.74 5.16 5.60 5.77 5.78 5.69 5.81 6.57 7.02 5.97 4.66 4.51 5.51 7.90 8.96 6.64 3.85 3.77 3.31 3.19 4.85 6.16
3.45 3.62 3.99 4.77 5.89 6.15 5.69 7.95 13.16 12.26 7.39 6.09 5.73 5.23 5.08 4.88 4.65 4.86 5.19 5.06 4.58 4.10 3.80 4.06 4.75 5.84 6.37 4.90 3.21 2.54 1.83 1.50 1.49 1.48 1.37 1.14 1.02 0.89 0.79 0.82 1.00 1.36 1.55 1.50 1.71 2.39 2.93 2.94 3.06 3.47 3.93 4.80 6.10 7.14 7.33 6.43 5.63 5.11 4.86 4.83 4.56 4.62 5.18 5.67 5.96 5.84 5.73 5.72 5.95 6.95 7.37 5.68 3.97 4.29 6.01 8.55 8.55 4.97 2.71 2.55 2.48 2.75 4.07 6.31
