windninja/windninja_output/Output_2025-10-23_2000-2050_Google earth_Fire_150m_10min/merlingen_7.5mi_point_10-23-2025_2040_150m_ang.asc
ncols	158
nrows	163
xllcorner	391686.332397
yllcorner	5160024.123721
cellsize	150.000000
NODATA_value	-32768.000000
[rows 84 to 125 of 163, columns 0 to 93 of 158]
304 311 320 322 323 324 325 323 316 310 306 303 299 295 293 292 291 290 290 292 293 294 295 297 301 302 300 298 297 296 295 294 292 289 285 283 282 283 284 285 286 288 288 288 288 288 289 290 290 289 289 290 291 291 290 288 287 286 286 286 286 286 286 286 286 286 286 286 287 288 289 290 291 293 295 297 301 306 314 326 345 355 345 321 304 299 294 290 289 288 285 282 279 277
286 291 301 303 306 307 307 300 298 300 301 300 297 294 292 291 289 288 288 288 290 291 293 295 299 301 299 296 295 295 295 293 293 290 287 285 284 282 282 284 286 288 288 287 286 285 284 285 286 286 286 285 284 285 287 286 286 286 286 286 286 286 286 286 286 286 286 286 287 287 288 289 290 292 294 296 300 305 312 324 343 352 347 324 302 296 292 289 288 287 286 283 280 278
280 282 286 288 288 287 288 290 294 299 301 299 295 293 290 288 286 284 283 284 285 286 287 291 297 303 301 297 295 295 294 292 293 294 292 290 288 285 283 285 287 288 287 285 284 283 282 283 284 285 285 283 282 283 284 285 285 285 286 286 286 286 286 286 286 286 286 286 286 287 287 288 290 291 293 295 298 303 309 320 337 346 342 321 301 293 290 288 286 285 284 283 284 285
281 279 277 280 284 287 292 296 298 300 301 296 294 292 288 284 282 279 278 279 282 283 285 293 304 310 307 302 297 295 294 292 293 294 293 290 289 287 284 284 286 289 288 285 283 281 281 281 282 282 283 284 283 282 282 283 284 285 286 287 287 287 287 286 286 286 286 286 286 286 287 288 289 290 292 294 297 301 307 316 329 338 334 318 300 291 288 286 284 283 283 286 289 290
285 284 285 291 297 300 302 302 301 297 296 294 295 295 290 284 278 275 277 280 283 287 295 306 317 322 310 302 297 294 293 292 291 291 291 290 289 287 284 282 283 285 288 287 284 282 281 280 279 280 282 284 284 283 283 283 283 285 286 287 288 288 287 286 286 286 285 285 286 286 286 287 288 289 291 293 296 299 304 311 320 329 327 316 302 291 286 283 283 284 286 289 288 283
297 297 300 302 302 302 302 300 297 292 293 298 299 297 291 282 275 274 277 283 290 298 307 315 328 328 311 301 296 293 291 290 290 289 288 289 289 287 283 279 279 281 285 287 286 283 280 278 279 280 282 284 286 287 286 283 281 281 284 289 291 290 288 287 286 285 285 285 285 286 286 287 287 289 290 292 294 297 301 306 312 319 321 313 302 294 287 283 285 287 287 286 279 272
298 300 301 298 296 298 299 297 297 294 296 303 303 296 289 282 276 274 276 286 299 309 316 324 331 326 309 300 295 292 290 289 289 289 287 287 289 289 286 281 279 279 280 283 285 283 280 277 277 280 283 285 289 290 288 283 279 278 284 292 296 293 289 287 286 285 285 285 285 285 285 286 287 288 289 291 293 295 297 301 306 312 315 311 303 298 294 288 288 288 284 277 273 270
294 297 300 300 301 303 303 305 306 302 302 307 309 302 297 291 285 278 277 289 306 318 327 328 331 321 304 296 291 289 288 287 287 288 287 286 287 290 290 287 281 278 279 281 283 283 280 277 276 278 282 286 289 292 292 287 284 285 288 292 297 295 290 287 286 285 285 285 285 285 285 285 286 287 288 289 291 293 295 298 301 305 309 309 305 302 299 293 289 285 277 269 270 270
292 297 305 310 312 314 318 323 326 319 311 311 312 308 302 297 295 293 293 301 310 329 332 326 323 309 297 291 288 287 286 286 286 288 288 287 287 288 289 289 283 277 275 278 281 281 279 276 274 276 280 285 290 293 296 295 292 291 288 286 290 292 290 287 285 285 284 284 284 284 284 285 285 286 287 288 289 291 292 295 297 300 303 305 303 300 297 292 287 278 267 266 269 269
292 297 306 311 314 318 324 332 339 334 324 324 325 326 325 319 314 312 308 307 312 327 320 311 306 297 290 287 286 284 283 282 284 287 288 287 287 287 288 289 287 279 273 274 277 278 277 276 275 275 278 285 292 294 297 298 292 287 283 280 282 287 287 286 285 284 284 284 284 284 284 284 285 285 286 287 288 289 290 292 293 295 297 299 298 294 292 287 280 270 265 267 270 270
290 294 302 307 309 312 320 330 339 335 327 327 331 334 335 327 321 316 307 298 298 293 279 280 284 288 287 285 283 280 278 279 283 287 288 287 287 287 288 289 291 288 279 275 274 276 278 278 277 277 281 288 296 295 294 294 290 285 282 280 280 283 285 285 285 284 284 283 284 284 284 284 284 284 285 286 286 287 288 289 290 291 292 293 292 290 288 283 276 271 270 270 271 271
285 288 296 301 302 303 308 317 327 325 318 316 319 320 322 313 309 302 291 277 264 242 240 254 272 281 283 282 279 277 278 282 286 288 289 288 287 287 287 289 292 294 287 280 277 279 281 283 284 286 288 289 292 292 289 290 289 287 285 282 281 282 284 284 284 284 283 283 284 284 283 283 283 284 284 284 285 286 286 287 288 288 289 289 288 287 285 281 277 274 273 272 272 272
283 286 292 297 297 295 296 301 307 306 300 295 291 290 293 291 288 285 274 247 225 225 234 254 271 279 281 280 279 280 283 284 284 284 286 286 286 286 287 289 292 296 294 287 284 284 286 288 290 290 287 282 282 285 285 286 287 286 285 284 282 283 284 284 284 284 284 284 284 283 283 283 283 283 283 284 284 284 285 285 286 286 286 286 285 284 282 280 278 276 274 273 272 272
285 286 288 291 288 284 283 284 286 287 284 275 272 280 281 281 282 279 260 228 214 222 240 262 278 284 283 280 280 282 282 279 277 277 281 283 284 286 288 290 292 296 298 292 288 287 287 287 286 283 277 273 275 279 281 281 283 284 284 283 283 283 283 284 284 284 284 284 283 283 282 282 282 282 282 283 283 283 284 284 284 284 284 284 283 282 280 279 277 276 275 274 273 272
281 281 280 278 278 276 273 272 271 270 264 261 262 266 270 272 272 260 236 221 219 233 256 276 290 291 282 279 278 277 276 274 273 274 277 280 283 285 288 291 292 296 299 296 289 286 285 282 279 275 272 272 273 275 278 279 280 282 283 283 282 282 283 284 285 285 284 283 283 282 282 282 282 282 282 282 282 282 282 283 283 283 282 282 281 281 279 278 277 276 274 273 273 272
274 272 269 269 271 269 267 265 261 256 255 255 255 258 263 263 255 241 226 221 232 258 277 286 290 279 272 272 272 271 271 272 273 275 277 280 283 285 289 292 294 296 300 298 292 288 286 282 278 275 275 275 274 275 277 279 279 279 282 283 282 281 282 283 285 286 285 284 283 283 282 281 281 281 281 281 281 282 282 282 282 282 281 281 280 279 278 277 276 275 274 273 272 272
275 272 267 267 265 262 260 260 256 252 249 246 243 246 249 248 247 241 233 239 262 279 281 272 251 251 259 263 265 266 266 268 272 275 279 282 284 285 288 293 297 298 301 302 297 291 287 283 280 278 277 277 277 277 277 278 278 277 280 283 283 281 280 282 284 286 287 286 284 282 281 281 281 281 281 281 281 281 281 281 281 281 280 280 279 279 278 277 276 275 274 273 272 271
279 276 271 267 262 259 257 256 255 252 249 246 242 239 241 246 254 258 259 270 281 282 267 241 235 244 252 256 258 259 262 266 271 276 280 283 284 285 287 292 299 300 301 304 300 292 287 284 283 281 279 278 278 278 277 277 277 277 278 281 282 281 280 280 282 285 287 286 284 282 281 281 281 281 281 280 281 281 281 281 281 280 280 279 279 278 277 276 275 274 274 273 272 271
282 280 274 268 263 261 259 257 255 254 252 251 247 244 253 263 268 272 277 280 278 264 240 234 237 242 248 252 254 258 262 267 271 275 280 283 286 287 289 292 297 301 302 304 305 299 292 289 287 284 281 279 278 278 278 278 278 278 277 278 281 283 282 280 280 283 285 284 283 280 279 281 282 281 280 280 280 280 280 280 280 280 280 279 279 278 277 276 275 274 273 272 271 270
286 283 276 270 266 264 262 260 258 257 255 255 256 262 270 272 271 272 276 274 260 234 230 236 238 240 246 252 256 261 266 268 270 274 278 283 288 290 290 291 295 300 303 305 307 305 297 292 288 284 282 280 280 280 280 280 279 278 277 278 281 283 282 280 279 280 281 281 279 277 277 280 282 282 280 280 280 280 281 281 280 280 280 279 279 278 277 276 275 274 273 272 271 270
289 286 279 273 269 266 263 261 258 258 259 260 264 269 273 272 269 265 262 254 238 229 233 237 236 239 247 253 259 264 267 267 269 273 277 282 287 291 291 292 295 300 303 305 308 307 302 295 290 286 284 282 282 282 282 280 279 279 278 279 279 280 280 279 278 278 278 279 278 276 275 275 278 280 279 279 280 281 282 281 281 281 280 280 279 278 277 276 274 274 273 272 270 269
293 289 281 273 269 266 263 260 257 258 260 262 266 269 271 270 265 257 250 242 234 234 237 236 238 242 248 253 258 263 267 269 272 273 275 280 287 292 295 296 298 302 304 306 309 310 307 302 297 292 288 286 284 282 282 281 280 278 278 277 278 278 278 279 277 276 277 278 277 275 273 270 271 275 277 278 281 282 281 281 282 283 282 281 279 278 277 275 274 273 272 271 270 269
297 292 282 274 269 267 264 261 260 262 266 270 272 273 271 268 261 255 247 239 237 241 241 238 240 244 248 251 257 263 269 274 275 272 273 280 289 296 299 300 301 303 304 306 310 312 311 307 303 298 293 290 287 283 282 281 281 279 277 276 276 277 278 278 277 276 276 277 276 272 270 269 268 270 275 278 280 281 280 281 285 286 285 282 280 278 277 276 274 273 272 271 269 268
303 296 285 277 272 269 268 270 271 275 278 280 278 273 268 266 261 255 247 239 240 246 249 244 241 243 246 248 254 265 273 277 276 269 273 285 294 298 298 300 303 305 305 307 311 314 316 314 309 304 296 291 289 285 282 280 280 280 278 276 275 276 278 277 277 276 274 275 276 272 269 268 269 270 272 274 277 280 282 282 284 288 288 285 282 279 277 276 274 273 272 270 269 268
312 303 289 282 279 280 284 286 286 283 279 275 269 262 261 262 262 256 247 243 248 255 256 250 242 242 247 248 253 264 273 276 276 269 277 289 296 297 296 301 307 307 306 309 313 315 318 319 315 309 301 294 291 288 284 281 279 279 279 277 275 275 278 278 275 274 273 272 274 273 268 267 269 270 271 272 274 278 281 280 279 283 289 288 284 281 278 276 274 273 271 270 269 268
322 312 297 292 293 293 292 288 283 275 267 262 258 256 259 264 266 258 247 249 257 262 261 256 249 247 249 249 254 265 272 274 274 271 278 289 295 295 300 305 307 303 305 311 314 315 319 323 321 314 307 300 295 291 288 283 280 279 280 280 277 274 275 275 273 273 273 273 273 273 269 266 268 271 272 272 273 275 277 278 277 279 285 289 287 283 279 276 274 272 271 270 269 268
334 321 305 299 295 290 283 275 268 262 259 258 256 258 263 270 274 263 248 252 259 267 269 265 262 257 253 253 258 266 272 274 273 271 277 287 294 298 304 308 304 300 304 310 314 316 320 326 325 319 313 306 299 293 290 288 283 280 280 281 279 274 272 271 270 270 272 274 273 272 271 269 269 270 271 271 271 271 272 275 276 277 280 285 287 284 280 276 274 272 271 270 269 269
339 324 307 297 289 281 273 268 264 261 258 258 262 266 270 276 282 278 255 253 259 269 279 279 272 268 266 264 261 263 268 274 273 271 278 289 297 303 308 309 306 303 302 308 313 316 320 326 327 323 318 311 303 296 292 290 287 281 279 280 280 275 271 269 269 269 270 273 274 274 274 272 269 268 268 269 269 268 268 271 275 276 278 281 284 283 280 276 273 271 270 270 270 270
339 323 304 293 284 279 275 271 268 264 259 263 272 277 277 280 287 303 277 263 263 269 281 288 278 275 279 278 271 262 262 270 274 276 284 294 301 307 310 309 307 301 296 302 313 319 320 323 326 325 322 318 311 300 294 292 290 284 280 279 280 277 272 270 270 269 268 269 272 275 275 273 270 268 267 267 267 267 266 268 272 276 277 278 280 279 276 273 271 269 270 273 273 271
344 326 304 292 285 281 278 275 272 268 266 270 278 283 280 281 292 324 315 287 271 268 274 287 280 279 285 287 282 271 263 264 272 280 287 295 301 303 306 305 301 293 292 300 313 320 320 320 323 326 325 325 318 307 297 294 293 288 281 279 279 278 274 272 273 270 268 266 268 272 274 273 272 269 266 266 267 268 267 266 267 272 275 275 276 274 270 267 265 267 273 278 275 270
354 334 309 297 290 286 284 281 276 272 274 278 282 284 279 282 298 331 334 304 281 270 271 282 288 290 292 290 287 284 272 264 270 279 287 293 294 297 300 302 296 292 295 301 311 319 321 323 324 326 328 330 325 313 302 297 295 291 284 280 279 279 276 274 274 273 270 267 268 269 271 271 271 270 267 265 266 268 268 265 265 268 270 271 271 269 264 263 264 270 276 279 274 267
6 344 316 304 297 292 287 283 279 278 283 287 288 283 277 284 302 333 344 317 293 282 280 287 295 298 298 294 292 295 288 272 270 277 286 293 296 297 297 298 297 298 301 304 310 319 325 328 326 326 330 333 332 321 307 298 295 293 288 283 280 280 278 275 275 275 272 269 268 267 267 267 267 269 270 267 265 266 268 267 265 266 267 267 266 263 261 263 268 274 276 274 268 261
13 350 321 307 299 294 288 284 284 287 291 295 295 287 279 286 303 335 351 333 313 305 300 296 297 300 303 296 291 301 305 289 275 275 284 294 300 302 297 297 300 303 305 305 308 318 325 326 324 324 329 335 338 331 314 301 295 294 291 285 282 281 279 277 276 276 273 270 268 267 266 264 263 265 269 270 266 264 265 266 266 267 268 264 260 258 261 265 270 274 273 268 262 259
15 355 325 307 299 296 294 292 291 292 293 298 304 296 282 283 296 330 346 337 324 315 309 303 301 304 312 306 300 305 309 298 286 283 290 298 303 305 300 301 306 308 307 306 307 313 321 323 324 326 330 338 343 339 324 306 298 296 293 288 285 284 282 279 278 276 274 272 269 267 266 264 262 260 263 268 269 264 262 264 266 269 268 263 258 258 263 267 269 270 268 263 260 261
20 5 330 309 302 300 301 299 295 292 290 297 311 304 286 279 286 316 336 334 324 314 308 304 303 305 314 314 311 314 315 312 309 302 300 305 310 312 307 308 311 311 308 305 304 309 319 325 327 329 332 341 347 347 335 313 300 296 294 290 288 289 287 283 280 278 276 272 269 268 267 266 263 259 259 261 265 264 263 264 266 268 267 263 261 263 265 268 268 266 263 260 258 260
27 14 337 311 305 304 302 298 294 292 287 292 311 309 290 278 283 304 325 328 323 313 306 303 302 302 305 308 311 316 319 321 318 309 305 305 311 319 319 319 319 314 309 306 307 311 317 322 327 331 333 342 349 351 343 320 303 297 295 292 290 291 290 286 281 278 275 272 268 268 268 268 265 262 259 257 257 260 263 264 265 265 264 263 265 268 268 268 267 264 260 258 254 256
31 19 344 313 305 304 298 295 294 294 289 290 308 315 298 283 282 294 315 324 323 315 307 301 299 299 300 302 306 310 312 314 312 306 302 302 307 315 321 327 326 321 315 313 315 316 318 323 329 332 334 341 350 354 349 327 306 298 296 294 291 291 287 281 275 271 272 273 270 268 268 269 269 267 262 256 253 255 259 262 263 263 264 264 268 271 271 268 265 262 259 254 249 252
33 20 346 323 317 312 301 295 295 297 292 289 304 321 308 288 281 287 305 319 321 313 306 300 296 296 298 302 304 304 304 303 302 302 300 300 304 305 312 324 326 322 315 313 314 316 319 326 334 336 336 341 350 358 356 335 309 300 297 293 289 284 276 267 260 264 270 278 280 274 270 269 270 271 267 259 253 251 253 257 260 263 265 266 270 272 271 268 263 261 258 251 247 253
28 12 343 329 324 319 309 299 296 300 294 290 302 323 314 293 279 279 292 305 311 308 304 299 293 292 295 300 301 301 303 303 301 302 299 297 301 298 301 316 321 318 307 301 302 306 312 322 332 335 336 339 350 2 359 339 313 300 295 288 279 268 261 259 259 265 272 281 289 285 276 272 272 272 272 266 258 252 251 252 256 261 265 269 271 272 270 265 261 260 257 249 248 258
21 5 338 328 322 313 307 298 292 296 294 292 302 324 317 296 279 269 272 285 295 299 299 294 290 291 292 294 298 302 307 306 300 301 299 295 299 298 296 309 320 319 306 295 294 298 303 314 327 333 333 336 351 5 360 342 311 294 287 278 265 259 263 267 270 272 273 276 284 290 285 278 276 274 274 274 269 261 256 252 252 257 264 268 268 268 265 260 259 259 256 249 251 262
17 0 337 330 323 311 305 297 289 292 291 291 302 319 313 297 281 266 262 272 284 292 295 294 291 288 288 296 304 308 314 308 301 302 300 294 297 300 296 304 317 321 314 297 291 294 300 311 325 332 332 337 353 5 3 348 312 287 279 273 266 269 275 277 278 277 274 271 273 281 285 281 279 279 278 280 280 275 267 260 255 255 258 261 263 263 259 255 258 259 258 256 259 266
10 356 340 334 328 316 308 301 294 294 289 284 292 307 304 296 286 273 264 269 279 289 295 293 291 292 299 309 313 319 323 311 301 301 300 293 294 300 298 301 312 322 321 303 290 290 297 309 324 330 332 339 355 8 10 358 322 292 282 283 285 283 283 282 279 277 274 269 266 268 275 279 281 284 285 286 288 287 280 271 265 259 255 254 257 258 252 251 256 260 263 265 266 270
