windninja/windninja_output/Output_2025-10-23_2000-2050_Google earth_Fire_150m_10min/merlingen_7.5mi_point_10-23-2025_2020_150m_ang.asc
ncols	158
nrows	163
xllcorner	391686.332397
yllcorner	5160024.123721
cellsize	150.000000
NODATA_value	-32768.000000
[rows 0 to 41 of 163, columns 0 to 93 of 158]
264 263 261 259 258 259 259 254 252 252 250 243 231 227 232 241 252 257 260 269 274 262 248 248 254 259 259 253 252 252 252 252 254 253 252 257 262 263 264 263 259 259 259 261 265 268 271 274 272 269 268 267 267 268 267 265 263 262 264 266 265 262 260 259 256 254 254 258 263 267 268 265 262 259 259 260 260 261 263 264 262 258 256 258 260 258 254 251 252 249 247 247 246 243
264 264 263 261 260 260 257 255 255 255 252 243 231 230 236 244 251 256 262 268 270 264 255 252 254 256 257 255 255 254 253 254 254 255 256 258 260 262 263 262 261 261 261 263 266 268 269 272 274 272 270 269 268 267 266 264 263 263 264 265 265 263 262 261 259 257 257 260 263 266 267 264 262 262 262 261 260 261 264 264 261 258 258 258 258 259 257 254 253 252 251 251 249 248
264 264 264 263 263 260 255 256 259 258 253 242 232 235 241 248 253 256 261 263 263 265 265 259 255 253 254 256 257 255 255 257 257 258 260 260 259 261 262 262 264 264 265 266 268 268 269 269 271 272 271 270 267 265 265 265 265 266 265 264 265 265 264 264 263 262 262 263 264 265 265 264 264 265 265 262 260 262 264 263 259 258 260 258 258 261 260 256 254 254 257 257 255 254
262 262 261 261 261 259 257 258 260 258 252 239 235 241 247 253 256 258 259 259 259 262 266 263 258 254 253 254 254 254 255 257 259 261 262 262 262 261 262 264 265 266 267 269 269 269 269 267 266 267 268 267 265 264 265 266 267 266 266 265 265 265 265 264 264 264 264 264 265 265 263 264 265 266 265 264 264 263 262 261 258 257 259 259 260 263 262 258 256 255 256 259 260 259
263 262 260 259 259 259 261 263 262 257 248 239 238 245 254 258 258 258 257 256 257 262 267 268 263 258 254 252 251 252 253 254 258 261 263 262 262 263 264 266 267 268 269 269 269 268 268 266 265 265 264 263 264 264 264 265 266 267 267 266 266 265 265 265 265 265 265 265 265 264 263 264 266 265 264 265 266 266 263 260 258 259 259 260 262 263 264 265 263 259 257 259 262 263
266 265 262 260 259 261 264 265 262 255 247 244 243 251 259 260 258 256 256 256 258 262 268 274 271 265 259 255 253 253 253 254 257 258 259 261 263 265 266 267 268 269 270 269 267 266 265 265 265 263 261 261 263 264 264 265 266 267 267 267 266 265 265 265 265 265 265 266 265 263 261 263 266 266 264 263 265 267 264 258 258 262 264 263 263 263 266 271 272 269 266 264 265 267
266 267 267 264 262 262 264 264 259 254 251 250 250 257 262 261 258 255 254 256 257 261 267 275 277 271 264 261 258 256 256 258 258 257 257 260 263 265 265 265 266 267 268 267 266 265 264 264 263 262 260 260 261 262 263 265 266 268 268 268 268 266 265 264 265 265 266 266 265 263 261 263 265 266 264 263 264 265 262 256 259 265 267 265 264 263 265 271 277 280 278 274 270 269
265 266 268 269 267 265 263 261 257 256 256 256 258 261 262 262 259 256 255 255 257 259 263 271 278 275 269 267 264 260 261 262 261 259 260 262 264 264 263 263 264 264 264 264 265 265 264 264 263 261 261 262 261 260 262 265 267 268 269 270 269 267 264 263 262 264 266 267 266 264 264 265 264 263 264 264 263 261 257 256 262 267 268 266 265 264 266 270 276 281 283 281 277 274
264 264 266 268 268 267 264 260 259 259 261 263 265 265 263 261 260 259 257 256 258 259 260 264 272 277 273 269 266 264 266 266 263 262 263 264 263 262 261 261 262 262 263 264 265 265 264 264 264 262 262 263 262 261 264 267 268 269 270 270 268 268 266 263 261 263 266 267 265 263 265 266 263 262 262 263 263 259 255 258 265 269 272 270 269 268 268 270 275 280 283 283 281 281
264 264 265 265 266 265 263 262 262 262 264 267 270 270 266 262 260 261 259 258 258 259 259 261 264 272 274 269 267 268 268 267 265 264 264 263 262 261 260 260 261 262 263 264 264 264 264 264 264 263 263 263 263 265 267 268 269 269 267 266 265 267 268 266 265 266 268 268 264 261 262 264 264 263 262 262 262 260 259 263 267 270 274 276 275 274 273 275 278 278 277 279 282 283
264 264 265 264 264 264 263 263 263 264 265 268 272 273 269 265 263 263 263 262 260 259 259 259 260 264 269 267 266 268 268 266 266 266 265 262 260 260 260 261 261 262 262 262 263 264 265 264 263 264 266 266 266 268 269 267 266 266 264 263 264 266 268 271 274 273 271 268 263 260 262 264 265 264 262 261 262 265 269 271 269 268 270 275 279 280 280 279 279 276 273 276 279 280
264 264 264 264 263 264 264 264 264 265 266 268 271 274 272 270 267 265 265 266 265 262 260 258 258 258 259 263 266 267 267 265 266 267 265 262 260 260 262 262 261 261 261 260 260 261 262 262 260 263 267 269 269 269 269 267 265 264 262 261 263 265 270 277 280 278 274 269 265 265 266 265 265 264 262 262 265 269 276 278 273 269 269 273 280 283 282 278 277 276 274 273 274 277
264 264 264 264 263 264 264 264 264 265 266 267 269 272 273 273 272 269 267 267 267 265 262 259 256 254 255 260 265 266 266 266 267 267 264 262 262 263 264 262 261 262 260 258 258 257 255 254 257 262 266 268 269 269 270 270 267 263 259 258 262 266 272 280 283 281 278 275 277 276 272 267 266 268 270 270 270 271 274 277 275 273 272 274 278 280 278 276 274 275 274 271 271 275
264 264 264 264 264 264 264 264 264 265 266 267 268 270 272 273 274 275 272 269 268 266 262 258 255 253 254 259 262 264 265 267 267 266 264 263 264 264 264 263 262 261 258 258 258 256 252 249 253 259 263 265 266 266 269 272 272 265 258 257 263 268 273 279 282 281 281 284 290 289 279 273 272 275 277 276 274 273 271 272 275 277 277 275 273 273 274 272 268 270 272 270 268 269
264 264 264 264 264 264 264 264 264 265 266 267 269 270 269 271 273 276 276 271 268 264 261 257 255 255 256 259 261 262 263 266 267 266 266 265 263 262 261 260 260 257 255 259 260 258 257 256 253 253 258 262 263 264 266 270 272 269 262 260 265 270 274 276 276 278 282 286 293 299 294 284 280 278 278 278 277 273 269 272 278 280 278 274 269 269 270 267 261 262 268 268 264 265
263 264 264 264 264 264 264 264 264 265 266 267 269 272 271 270 270 272 273 271 267 264 261 257 256 257 258 258 259 261 263 265 265 264 264 264 261 260 258 257 257 255 255 259 260 258 260 263 260 255 257 259 261 263 264 263 266 269 267 266 269 272 275 274 270 273 280 283 288 300 305 294 285 280 278 279 276 272 272 276 280 279 275 272 268 265 264 262 258 257 262 264 263 263
263 263 263 263 263 264 264 264 265 265 266 267 269 274 276 273 269 267 268 268 267 263 260 258 258 258 258 259 259 261 264 263 260 258 258 259 260 259 257 256 256 257 259 259 258 258 259 260 263 265 263 261 263 264 262 259 260 264 268 270 272 273 274 272 270 271 275 281 285 291 301 299 290 287 285 281 276 275 278 278 276 273 271 267 265 263 260 258 260 263 263 263 262 262
263 263 263 263 263 263 264 264 265 265 266 267 269 273 277 275 270 267 265 265 264 262 261 261 260 259 258 260 262 263 262 258 254 252 253 256 259 259 258 258 259 260 261 260 258 259 260 260 263 269 270 267 265 263 261 260 260 262 267 271 271 272 271 271 272 272 274 278 281 282 290 296 294 294 293 286 282 281 278 273 268 267 266 262 259 259 259 259 264 272 272 266 262 262
263 263 263 263 263 263 264 264 265 265 265 267 268 271 274 275 272 268 265 264 262 262 262 263 262 260 260 261 263 262 259 254 250 250 253 255 258 259 259 260 261 260 260 260 259 260 264 267 266 267 269 270 267 264 262 263 263 264 267 270 270 269 269 270 273 274 274 274 275 279 285 292 292 292 293 291 286 280 272 266 265 266 265 262 259 258 259 261 265 271 277 271 266 265
263 263 263 263 263 263 264 264 265 265 265 266 267 269 271 272 270 267 265 264 263 262 263 263 262 261 261 260 260 260 256 252 250 252 255 258 259 261 261 262 261 260 260 259 260 263 266 269 268 266 267 269 270 269 267 266 265 264 266 269 268 267 268 271 273 274 273 272 275 281 285 288 286 285 288 288 282 273 268 266 267 269 269 268 264 261 260 261 264 269 275 276 269 267
263 263 263 263 263 263 263 264 264 265 265 266 267 268 269 269 268 266 265 264 263 263 262 262 262 261 260 259 258 257 254 250 250 253 257 259 261 262 262 261 260 259 259 260 263 265 266 266 267 267 267 268 271 273 273 270 267 265 265 266 265 265 268 272 274 275 275 276 279 282 281 280 279 280 283 283 275 268 267 268 270 271 271 272 269 265 262 261 264 269 274 276 269 267
262 262 262 262 263 263 263 263 264 264 265 265 266 267 267 267 266 265 265 264 263 263 262 262 261 260 259 258 257 256 254 251 252 257 260 260 260 260 259 259 257 257 258 261 264 265 265 266 267 268 267 268 270 273 273 272 271 269 265 263 263 265 268 272 275 278 280 280 280 278 273 270 272 276 281 284 277 268 265 266 268 269 269 272 272 268 263 263 267 270 273 273 268 266
262 262 262 262 263 263 263 263 263 264 265 265 265 266 266 266 265 265 265 264 263 263 262 261 260 259 258 257 256 256 255 254 257 261 261 262 260 258 257 258 257 257 259 261 263 265 267 267 268 268 268 268 268 270 273 274 273 272 267 262 262 265 269 273 279 283 284 281 276 269 265 265 269 274 280 287 285 273 267 263 262 263 265 270 273 272 268 267 269 270 271 269 265 266
262 262 262 262 262 263 263 263 263 264 265 265 264 264 265 265 265 265 264 264 263 262 261 260 259 258 256 255 256 258 259 260 263 262 261 261 260 259 258 259 260 260 260 260 264 267 267 266 267 267 267 268 268 270 272 274 274 273 270 264 263 265 270 277 284 286 283 277 268 261 260 263 269 275 279 283 287 281 273 264 259 258 261 264 270 276 277 273 270 269 268 262 263 266
262 262 262 262 262 262 262 262 263 264 264 265 264 264 264 264 265 265 264 264 263 262 261 260 258 256 253 253 256 261 263 265 266 263 261 260 259 260 261 262 263 262 261 263 266 266 263 263 265 267 268 268 269 271 272 273 273 272 270 268 265 268 274 280 284 283 277 268 260 257 259 266 275 278 277 273 279 284 280 270 262 260 258 258 264 273 279 276 272 270 266 258 262 266
262 262 262 262 262 262 262 263 263 264 264 264 265 265 264 264 264 265 264 264 263 262 261 259 257 253 249 251 256 261 264 267 269 267 262 259 257 260 264 266 266 266 266 268 267 262 260 262 264 266 267 268 270 271 273 274 272 268 267 269 272 276 280 280 278 274 268 259 254 255 264 275 280 279 272 264 269 280 286 281 272 265 259 256 260 267 273 274 273 271 267 260 262 264
261 261 261 262 262 262 262 263 263 263 263 264 264 265 264 264 264 264 264 263 263 262 261 259 256 250 246 250 255 258 261 266 271 272 267 260 256 259 264 268 268 269 271 270 266 261 259 261 264 265 265 266 268 272 276 276 268 263 266 272 280 284 284 279 271 264 258 251 251 258 270 279 281 278 271 260 262 272 287 292 283 273 265 261 262 263 264 265 268 269 270 269 265 263
261 261 261 261 262 262 262 263 263 263 263 263 264 264 265 265 265 264 264 263 263 262 261 259 255 249 246 251 254 254 256 263 269 273 273 267 262 261 265 268 270 271 273 271 267 263 260 260 263 265 264 264 267 271 276 276 264 261 269 278 282 284 282 275 266 258 251 247 254 265 273 277 278 275 269 262 262 268 278 292 291 282 275 271 268 264 259 258 262 264 268 275 274 266
261 261 261 261 261 262 263 263 263 263 263 263 263 264 265 265 265 265 264 264 263 263 262 260 256 251 250 253 252 249 251 258 264 268 273 275 270 266 267 269 271 273 273 271 269 265 262 260 261 264 266 264 265 269 271 270 264 265 271 279 282 280 275 268 263 257 250 250 263 272 275 275 273 269 264 265 268 268 271 282 293 291 283 278 273 265 259 260 261 260 262 271 280 276
261 261 261 261 261 262 263 263 263 263 263 263 263 264 265 265 265 265 265 265 264 263 262 261 258 257 258 258 252 246 247 251 256 264 273 279 275 270 270 271 272 272 271 269 268 266 264 264 264 264 263 263 263 263 263 262 264 269 272 277 281 277 267 260 258 257 254 258 269 276 277 273 267 262 261 268 272 267 267 274 288 296 288 279 273 267 265 266 264 259 257 263 276 282
261 261 260 260 261 262 263 263 262 263 263 263 264 264 265 265 265 265 265 265 264 264 263 262 261 263 265 262 255 249 249 251 255 264 274 280 276 273 272 272 273 271 268 266 264 264 266 269 269 264 261 262 261 259 257 253 258 270 273 274 276 272 261 255 256 260 262 265 270 275 277 270 263 262 265 270 270 265 264 270 281 293 290 282 275 272 271 270 266 260 256 257 266 278
261 261 260 260 261 262 262 262 262 263 263 263 264 264 265 265 266 266 266 265 265 265 264 264 265 267 267 264 257 253 255 258 262 266 272 277 277 275 274 272 270 268 266 264 263 264 268 271 269 264 263 263 260 258 254 248 255 267 274 273 271 265 255 252 258 265 270 270 271 273 273 268 267 271 273 272 268 265 264 267 274 283 287 284 280 277 274 270 265 261 258 256 259 269
260 260 260 260 262 262 262 262 262 263 263 263 264 264 265 265 265 266 266 266 266 266 266 265 267 269 270 266 259 256 260 264 265 265 268 275 279 276 273 269 266 264 264 264 264 265 269 269 265 264 265 265 263 260 254 250 257 264 269 270 268 261 250 251 259 268 276 276 271 269 269 270 274 278 277 274 270 267 265 265 266 269 277 281 281 278 274 270 265 262 261 259 259 265
259 259 259 261 262 262 262 262 263 263 263 264 264 264 265 265 265 265 266 267 267 268 268 268 269 271 272 270 267 266 266 265 263 262 265 274 282 275 269 265 263 262 262 263 263 266 268 265 263 264 265 265 265 263 258 258 263 265 264 263 264 261 252 252 258 265 275 281 274 269 270 274 276 277 276 276 275 271 266 261 257 258 267 276 280 276 272 270 266 262 260 261 264 268
259 258 259 261 262 262 262 262 263 263 264 265 265 265 265 265 265 266 266 267 268 268 270 272 272 272 272 273 275 275 273 268 264 263 264 268 277 272 265 262 260 259 260 261 262 266 266 264 264 265 265 265 265 265 264 265 269 270 264 261 260 261 258 257 258 261 269 279 281 277 275 273 272 271 274 278 280 277 269 259 252 252 259 268 276 276 269 269 267 262 260 263 268 273
259 259 259 261 261 261 261 262 263 263 264 265 265 265 265 265 266 266 267 267 268 269 271 273 274 274 274 275 278 280 279 275 271 270 266 262 263 265 262 258 257 256 257 259 262 265 266 265 266 266 265 264 265 266 267 269 270 270 268 263 261 261 264 264 260 258 263 274 284 284 278 270 267 267 272 278 279 276 272 264 257 252 253 259 267 275 272 268 267 266 266 267 269 272
259 259 260 261 261 261 261 262 263 263 264 265 265 265 265 266 266 267 267 268 269 270 271 272 274 276 277 278 279 283 285 283 278 273 266 259 254 254 255 255 255 256 258 260 264 265 265 266 266 265 265 266 266 267 270 270 268 268 267 265 263 263 267 272 265 260 262 271 280 281 273 266 266 269 274 276 275 270 269 272 267 257 252 253 259 273 280 271 268 271 272 270 269 270
259 259 261 261 261 260 261 262 263 264 264 265 265 265 266 266 267 267 267 268 269 270 271 272 274 277 279 282 285 287 287 285 280 273 266 259 250 246 250 253 255 259 261 263 265 266 266 266 265 265 268 269 268 268 270 270 268 265 265 264 263 263 267 274 271 265 265 270 273 269 263 264 270 276 275 272 274 270 266 270 271 264 256 252 258 268 281 277 272 274 275 272 271 274
259 259 260 261 261 261 262 262 264 264 265 265 265 266 266 267 267 267 268 269 269 270 271 273 275 277 281 287 291 287 285 283 278 272 266 257 244 245 251 255 257 261 263 265 266 266 267 267 264 265 269 272 270 267 269 272 270 266 264 263 262 260 262 268 271 268 269 270 267 260 262 270 275 275 267 267 276 277 264 263 267 265 259 257 261 265 273 280 277 275 274 273 275 277
259 260 260 260 261 262 262 263 265 265 265 265 265 266 266 267 267 268 268 269 270 271 272 273 275 278 282 289 291 285 282 282 279 273 266 252 241 248 253 255 259 263 267 268 267 266 268 268 267 266 268 272 274 270 270 272 272 268 264 262 258 253 252 257 266 268 269 269 264 263 272 277 275 265 259 269 278 285 266 259 257 258 261 264 266 266 270 280 280 275 271 273 277 276
259 259 260 261 261 262 263 264 265 265 265 265 266 266 266 267 267 268 269 269 270 271 272 273 274 278 282 287 288 284 282 282 280 275 264 252 250 254 254 256 260 265 269 270 269 268 268 269 270 267 268 273 279 278 272 269 269 268 264 260 254 247 246 252 262 267 268 266 265 271 277 274 268 262 263 273 281 289 270 258 251 250 258 265 267 268 273 279 279 275 272 272 272 270
259 259 260 261 262 263 264 264 265 265 265 266 266 267 267 267 267 268 269 270 271 271 272 273 274 277 280 283 285 285 282 281 280 275 266 259 260 262 263 262 263 266 267 267 270 271 269 268 268 268 269 273 279 280 273 267 264 264 262 258 252 247 248 252 258 266 267 266 269 273 270 265 265 267 272 277 280 279 264 257 252 251 257 263 267 271 273 272 273 274 274 270 265 265
