windninja/windninja_output/Output_2025-10-23_2000-2050_Google earth_Fire_150m_10min/merlingen_7.5mi_point_10-23-2025_2030_150m_vel.asc
ncols	158
nrows	163
xllcorner	391686.332397
yllcorner	5160024.123721
cellsize	150.000000
NODATA_value	-32768.000000
[rows 38 to 75 of 163, columns 0 to 83 of 158]
1.48 1.48 1.51 1.51 1.48 1.48 1.48 1.48 1.48 1.51 1.50 1.47 1.47 1.48 1.48 1.46 1.45 1.43 1.42 1.40 1.38 1.35 1.31 1.27 1.20 1.09 0.95 0.82 0.97 1.30 1.37 1.40 1.56 1.71 1.94 1.85 1.62 1.76 1.96 1.89 1.83 1.83 1.82 1.86 2.00 2.00 1.87 1.82 1.85 2.04 2.11 1.91 1.83 2.07 2.21 2.01 1.94 2.19 2.46 2.74 2.97 2.77 2.16 1.50 1.37 2.07 3.21 3.49 2.66 2.00 1.96 2.14 2.14 1.72 1.33 1.44 1.26 0.92 1.59 2.16 1.73 1.57 1.92 2.48
1.48 1.48 1.49 1.49 1.48 1.47 1.48 1.50 1.50 1.50 1.49 1.46 1.47 1.49 1.49 1.46 1.45 1.44 1.42 1.41 1.39 1.36 1.33 1.30 1.23 1.12 0.99 0.91 1.04 1.28 1.36 1.36 1.41 1.55 1.72 1.62 1.54 1.79 2.02 1.99 1.92 1.89 1.87 1.84 1.93 2.04 1.93 1.75 1.74 2.05 2.24 1.98 1.72 1.95 2.28 2.09 1.83 2.02 2.39 2.67 2.81 2.91 2.72 2.05 1.55 2.04 3.24 3.41 2.53 2.09 2.15 2.21 2.02 1.57 1.39 1.64 1.39 0.72 1.22 2.14 2.02 1.69 1.86 2.39
1.47 1.48 1.46 1.46 1.47 1.46 1.48 1.51 1.51 1.48 1.47 1.47 1.47 1.49 1.49 1.47 1.45 1.45 1.43 1.42 1.40 1.37 1.34 1.32 1.27 1.17 1.07 1.02 1.05 1.22 1.37 1.33 1.28 1.38 1.46 1.37 1.38 1.64 1.94 2.07 2.06 2.02 1.95 1.81 1.83 2.01 2.00 1.78 1.68 1.97 2.32 2.11 1.66 1.72 2.14 2.17 1.87 1.85 2.22 2.53 2.60 2.77 3.07 2.77 1.96 2.11 3.21 3.28 2.55 2.35 2.27 2.10 1.85 1.40 1.44 1.86 1.42 0.59 0.90 1.82 2.10 2.00 2.16 2.56
1.44 1.45 1.44 1.44 1.46 1.46 1.48 1.51 1.52 1.47 1.45 1.47 1.47 1.47 1.49 1.47 1.45 1.45 1.44 1.42 1.41 1.37 1.35 1.34 1.30 1.22 1.15 1.10 1.06 1.19 1.37 1.31 1.21 1.22 1.19 1.20 1.31 1.47 1.70 1.95 2.08 2.13 2.07 1.91 1.86 1.92 1.95 1.86 1.73 1.90 2.35 2.30 1.74 1.54 1.86 2.11 1.92 1.75 2.02 2.33 2.35 2.37 2.84 3.13 2.59 2.37 3.04 3.22 2.74 2.49 2.20 2.02 1.87 1.37 1.52 1.95 1.29 0.57 0.78 1.45 1.88 2.01 2.39 2.77
1.40 1.41 1.42 1.42 1.44 1.47 1.47 1.49 1.51 1.47 1.44 1.47 1.47 1.46 1.47 1.47 1.46 1.45 1.46 1.44 1.41 1.37 1.35 1.36 1.33 1.26 1.21 1.16 1.11 1.20 1.32 1.29 1.19 1.09 1.00 1.04 1.23 1.45 1.59 1.75 1.95 2.09 2.09 2.04 1.95 1.83 1.85 1.88 1.81 1.90 2.35 2.42 1.85 1.50 1.69 1.95 1.90 1.77 1.90 2.17 2.18 2.08 2.41 2.92 3.03 2.84 2.88 3.09 2.91 2.44 2.20 2.22 2.04 1.55 1.72 1.88 1.12 0.64 0.77 1.28 1.70 1.90 2.32 2.85
1.38 1.38 1.39 1.40 1.44 1.48 1.46 1.46 1.49 1.48 1.44 1.46 1.47 1.46 1.46 1.47 1.46 1.45 1.46 1.45 1.42 1.38 1.36 1.37 1.35 1.30 1.26 1.22 1.17 1.19 1.26 1.26 1.18 1.04 0.91 0.89 1.08 1.39 1.53 1.61 1.79 1.97 2.05 2.07 1.94 1.76 1.76 1.85 1.89 2.00 2.36 2.39 1.89 1.58 1.68 1.84 1.85 1.80 1.88 2.10 2.14 2.04 2.15 2.43 2.89 3.11 2.91 2.90 2.81 2.44 2.35 2.54 2.33 1.89 1.93 1.75 1.11 0.81 0.85 1.21 1.60 1.92 2.37 2.97
1.35 1.35 1.36 1.40 1.43 1.45 1.45 1.45 1.46 1.47 1.45 1.45 1.46 1.45 1.45 1.46 1.45 1.46 1.46 1.45 1.42 1.40 1.38 1.37 1.36 1.33 1.29 1.27 1.23 1.20 1.23 1.23 1.16 1.03 0.90 0.84 1.02 1.29 1.41 1.48 1.64 1.89 2.07 2.05 1.83 1.70 1.75 1.84 1.98 2.12 2.29 2.26 1.93 1.69 1.75 1.86 1.82 1.80 1.90 2.09 2.18 2.16 2.11 2.20 2.69 3.07 2.97 2.71 2.42 2.25 2.36 2.64 2.61 2.33 2.15 1.76 1.23 1.03 1.05 1.29 1.60 1.99 2.57 3.01
1.32 1.33 1.36 1.40 1.41 1.42 1.43 1.44 1.44 1.45 1.45 1.44 1.44 1.44 1.45 1.45 1.45 1.46 1.46 1.44 1.42 1.41 1.39 1.38 1.37 1.36 1.33 1.29 1.26 1.22 1.22 1.22 1.16 1.04 0.93 0.90 1.00 1.17 1.28 1.34 1.50 1.82 2.08 1.97 1.67 1.66 1.81 1.93 2.07 2.14 2.13 2.11 1.96 1.74 1.76 1.89 1.85 1.82 1.92 2.07 2.19 2.27 2.22 2.33 2.76 2.94 2.83 2.55 2.02 1.86 2.17 2.47 2.64 2.58 2.33 1.90 1.35 1.16 1.25 1.49 1.81 2.21 2.62 2.77
1.30 1.32 1.35 1.38 1.39 1.40 1.42 1.42 1.42 1.43 1.44 1.43 1.42 1.43 1.44 1.45 1.45 1.45 1.46 1.44 1.42 1.41 1.40 1.39 1.38 1.37 1.35 1.31 1.28 1.25 1.23 1.21 1.17 1.06 0.97 0.96 1.01 1.09 1.18 1.25 1.40 1.71 1.98 1.86 1.57 1.62 1.85 2.06 2.13 2.02 1.96 1.96 1.92 1.82 1.75 1.85 1.92 1.94 2.01 2.03 2.12 2.32 2.44 2.53 2.76 2.78 2.58 2.37 1.92 1.75 2.02 2.24 2.51 2.57 2.36 2.01 1.52 1.25 1.38 1.73 2.07 2.34 2.48 2.44
1.31 1.32 1.33 1.34 1.38 1.43 1.41 1.38 1.39 1.40 1.42 1.42 1.41 1.42 1.43 1.44 1.44 1.44 1.44 1.44 1.42 1.40 1.40 1.40 1.40 1.38 1.35 1.33 1.31 1.28 1.25 1.22 1.18 1.10 1.01 0.98 1.03 1.09 1.12 1.19 1.32 1.58 1.78 1.68 1.56 1.70 1.93 2.12 2.07 1.85 1.82 1.84 1.86 1.91 1.82 1.84 2.00 2.11 2.18 2.03 2.01 2.38 2.64 2.62 2.67 2.64 2.36 2.18 1.93 1.81 1.97 2.10 2.32 2.41 2.27 2.02 1.66 1.38 1.49 1.92 2.25 2.33 2.33 2.25
1.32 1.32 1.31 1.28 1.37 1.49 1.44 1.35 1.35 1.38 1.40 1.39 1.39 1.41 1.43 1.43 1.43 1.43 1.43 1.43 1.42 1.40 1.40 1.41 1.41 1.38 1.36 1.34 1.32 1.30 1.27 1.24 1.21 1.15 1.05 1.00 1.06 1.11 1.10 1.14 1.27 1.45 1.52 1.46 1.54 1.83 2.03 2.05 1.92 1.74 1.71 1.76 1.82 1.88 1.83 1.86 2.09 2.26 2.32 2.06 1.94 2.39 2.73 2.69 2.61 2.49 2.20 2.01 1.89 1.84 1.94 2.04 2.15 2.19 2.12 1.97 1.74 1.58 1.68 2.04 2.33 2.33 2.22 2.14
1.35 1.32 1.26 1.24 1.36 1.53 1.49 1.35 1.30 1.34 1.37 1.36 1.37 1.39 1.41 1.42 1.41 1.42 1.42 1.42 1.41 1.41 1.40 1.41 1.42 1.39 1.36 1.35 1.34 1.32 1.29 1.27 1.24 1.19 1.10 1.04 1.07 1.11 1.10 1.13 1.24 1.33 1.31 1.29 1.49 1.87 2.03 1.92 1.77 1.61 1.60 1.75 1.86 1.87 1.84 1.96 2.24 2.41 2.31 2.02 1.94 2.33 2.74 2.83 2.63 2.33 2.06 1.87 1.81 1.82 1.90 1.99 2.01 1.99 1.96 1.90 1.80 1.76 1.88 2.16 2.37 2.39 2.23 2.07
1.38 1.30 1.19 1.20 1.39 1.54 1.52 1.41 1.27 1.27 1.32 1.34 1.35 1.36 1.39 1.41 1.41 1.40 1.41 1.41 1.41 1.41 1.40 1.40 1.42 1.40 1.37 1.35 1.35 1.33 1.31 1.29 1.26 1.22 1.16 1.09 1.08 1.11 1.11 1.13 1.19 1.26 1.23 1.21 1.46 1.83 1.92 1.78 1.63 1.45 1.43 1.66 1.84 1.82 1.88 2.10 2.43 2.46 2.18 1.94 1.94 2.25 2.77 3.01 2.66 2.18 1.92 1.76 1.72 1.76 1.85 1.91 1.88 1.84 1.81 1.79 1.77 1.80 1.99 2.26 2.43 2.44 2.29 2.10
1.43 1.28 1.10 1.17 1.41 1.51 1.50 1.50 1.33 1.23 1.25 1.31 1.33 1.34 1.36 1.39 1.41 1.39 1.39 1.41 1.40 1.40 1.40 1.39 1.41 1.40 1.38 1.36 1.35 1.34 1.33 1.31 1.28 1.25 1.21 1.16 1.11 1.10 1.10 1.11 1.16 1.26 1.22 1.18 1.41 1.71 1.73 1.62 1.56 1.42 1.37 1.63 1.79 1.77 1.92 2.30 2.50 2.36 2.08 1.92 1.95 2.21 2.86 3.16 2.61 2.03 1.79 1.67 1.67 1.72 1.79 1.81 1.76 1.73 1.72 1.70 1.67 1.71 1.96 2.31 2.51 2.52 2.40 2.19
1.49 1.27 1.04 1.16 1.40 1.43 1.43 1.54 1.44 1.24 1.19 1.27 1.31 1.32 1.34 1.37 1.39 1.38 1.38 1.40 1.39 1.39 1.39 1.39 1.39 1.39 1.38 1.37 1.36 1.35 1.34 1.32 1.30 1.27 1.24 1.21 1.17 1.12 1.10 1.07 1.14 1.28 1.24 1.16 1.31 1.56 1.52 1.39 1.50 1.50 1.47 1.63 1.80 1.87 2.09 2.45 2.39 2.13 2.00 1.96 1.99 2.24 3.00 3.25 2.52 1.90 1.68 1.60 1.64 1.70 1.73 1.73 1.68 1.67 1.72 1.69 1.61 1.62 1.85 2.23 2.45 2.61 2.61 2.37
1.51 1.31 1.05 1.13 1.38 1.36 1.33 1.52 1.54 1.30 1.18 1.22 1.27 1.30 1.33 1.35 1.36 1.36 1.37 1.38 1.38 1.37 1.38 1.39 1.38 1.38 1.37 1.37 1.37 1.36 1.34 1.33 1.31 1.30 1.27 1.25 1.21 1.17 1.12 1.06 1.12 1.29 1.28 1.14 1.17 1.37 1.33 1.17 1.36 1.50 1.51 1.60 1.78 2.01 2.35 2.48 2.15 1.90 1.92 2.01 2.07 2.36 3.12 3.25 2.42 1.79 1.56 1.53 1.65 1.71 1.69 1.66 1.64 1.68 1.75 1.72 1.62 1.64 1.85 2.04 2.21 2.55 2.77 2.62
1.43 1.38 1.17 1.09 1.30 1.33 1.25 1.44 1.58 1.42 1.22 1.19 1.22 1.26 1.31 1.33 1.33 1.34 1.36 1.37 1.38 1.37 1.37 1.38 1.37 1.37 1.37 1.37 1.37 1.36 1.35 1.34 1.33 1.31 1.30 1.27 1.25 1.22 1.17 1.10 1.12 1.27 1.28 1.14 1.06 1.17 1.16 1.05 1.23 1.40 1.45 1.60 1.76 2.06 2.53 2.45 1.90 1.71 1.84 2.04 2.16 2.52 3.19 3.17 2.33 1.71 1.47 1.44 1.66 1.77 1.68 1.61 1.64 1.70 1.75 1.74 1.65 1.74 1.95 1.91 1.97 2.38 2.69 2.70
1.31 1.39 1.32 1.12 1.20 1.27 1.19 1.30 1.54 1.55 1.34 1.19 1.18 1.22 1.26 1.30 1.31 1.32 1.33 1.35 1.37 1.37 1.36 1.36 1.36 1.36 1.36 1.37 1.36 1.36 1.35 1.35 1.34 1.33 1.31 1.30 1.28 1.25 1.22 1.17 1.16 1.22 1.23 1.14 1.05 1.04 1.02 1.02 1.14 1.23 1.31 1.62 1.79 2.07 2.59 2.35 1.71 1.61 1.81 2.04 2.23 2.65 3.19 3.09 2.28 1.63 1.40 1.34 1.58 1.77 1.69 1.63 1.68 1.72 1.74 1.72 1.68 1.84 2.03 1.90 1.88 2.21 2.48 2.55
1.25 1.33 1.38 1.25 1.19 1.22 1.16 1.15 1.38 1.58 1.47 1.26 1.20 1.20 1.20 1.26 1.29 1.29 1.31 1.32 1.35 1.36 1.36 1.35 1.34 1.35 1.36 1.36 1.36 1.36 1.36 1.35 1.34 1.34 1.33 1.31 1.30 1.28 1.25 1.23 1.21 1.20 1.18 1.14 1.09 1.02 0.96 0.98 1.04 1.04 1.15 1.58 1.78 2.09 2.56 2.16 1.59 1.60 1.83 2.05 2.30 2.69 3.11 3.05 2.29 1.57 1.30 1.26 1.43 1.62 1.62 1.67 1.74 1.74 1.75 1.68 1.73 1.94 2.04 1.94 1.91 2.09 2.29 2.38
1.26 1.28 1.33 1.32 1.27 1.26 1.20 1.11 1.21 1.47 1.49 1.35 1.30 1.24 1.16 1.20 1.25 1.27 1.28 1.29 1.31 1.34 1.35 1.35 1.33 1.33 1.35 1.35 1.35 1.35 1.35 1.35 1.35 1.34 1.34 1.32 1.31 1.30 1.28 1.26 1.24 1.21 1.17 1.15 1.12 1.06 0.98 0.94 0.93 0.89 0.99 1.47 1.76 2.11 2.48 1.99 1.49 1.61 1.90 2.11 2.36 2.66 2.96 2.99 2.40 1.65 1.28 1.22 1.34 1.47 1.56 1.69 1.76 1.75 1.75 1.67 1.78 2.01 2.03 1.95 1.94 2.06 2.19 2.26
1.27 1.26 1.27 1.28 1.30 1.31 1.28 1.17 1.16 1.33 1.37 1.34 1.40 1.37 1.22 1.15 1.19 1.23 1.25 1.27 1.29 1.31 1.33 1.34 1.32 1.32 1.33 1.34 1.35 1.35 1.35 1.35 1.35 1.35 1.34 1.33 1.33 1.32 1.30 1.28 1.26 1.24 1.20 1.17 1.15 1.11 1.02 0.94 0.88 0.81 0.85 1.29 1.74 2.10 2.34 1.88 1.44 1.62 1.98 2.17 2.33 2.57 2.80 2.88 2.50 1.81 1.34 1.21 1.29 1.46 1.57 1.65 1.74 1.75 1.73 1.68 1.83 2.02 1.98 1.90 1.93 2.07 2.18 2.21
1.26 1.25 1.25 1.25 1.26 1.29 1.32 1.27 1.22 1.24 1.22 1.20 1.36 1.49 1.37 1.19 1.14 1.17 1.20 1.23 1.26 1.29 1.31 1.31 1.30 1.31 1.32 1.33 1.34 1.34 1.34 1.34 1.35 1.35 1.34 1.34 1.33 1.33 1.32 1.30 1.28 1.26 1.23 1.20 1.18 1.14 1.08 0.99 0.90 0.80 0.76 1.11 1.69 2.03 2.16 1.80 1.47 1.70 2.04 2.15 2.23 2.42 2.64 2.75 2.52 1.96 1.44 1.18 1.25 1.50 1.59 1.60 1.71 1.75 1.69 1.72 1.90 1.97 1.88 1.82 1.86 2.04 2.18 2.18
1.24 1.23 1.23 1.24 1.25 1.27 1.30 1.32 1.30 1.23 1.14 1.07 1.20 1.45 1.49 1.35 1.20 1.14 1.15 1.18 1.22 1.26 1.29 1.29 1.28 1.29 1.31 1.32 1.32 1.33 1.33 1.34 1.34 1.34 1.34 1.34 1.34 1.33 1.32 1.31 1.30 1.28 1.26 1.23 1.21 1.17 1.12 1.05 0.96 0.84 0.78 1.02 1.55 1.90 1.95 1.72 1.60 1.85 2.05 2.09 2.12 2.22 2.41 2.57 2.46 2.07 1.52 1.11 1.21 1.54 1.60 1.57 1.68 1.74 1.65 1.73 1.93 1.88 1.77 1.77 1.79 1.95 2.11 2.12
1.20 1.21 1.22 1.22 1.25 1.27 1.30 1.34 1.32 1.25 1.14 1.02 1.07 1.27 1.45 1.49 1.37 1.21 1.14 1.12 1.16 1.22 1.25 1.26 1.27 1.28 1.30 1.30 1.31 1.32 1.32 1.33 1.33 1.34 1.34 1.34 1.34 1.34 1.33 1.32 1.31 1.30 1.28 1.26 1.23 1.20 1.16 1.11 1.04 0.94 0.84 0.98 1.39 1.71 1.72 1.61 1.75 1.97 2.02 2.00 2.00 2.05 2.18 2.34 2.32 2.09 1.57 1.15 1.26 1.56 1.58 1.60 1.69 1.70 1.64 1.72 1.86 1.79 1.71 1.73 1.77 1.88 2.01 2.06
1.19 1.19 1.20 1.20 1.21 1.27 1.31 1.34 1.33 1.26 1.16 1.03 1.00 1.09 1.25 1.46 1.50 1.38 1.23 1.12 1.12 1.16 1.19 1.22 1.24 1.27 1.29 1.29 1.29 1.30 1.31 1.32 1.32 1.33 1.33 1.34 1.34 1.34 1.33 1.33 1.32 1.31 1.29 1.27 1.25 1.23 1.20 1.16 1.10 1.03 0.91 0.95 1.29 1.51 1.47 1.55 1.87 2.02 1.97 1.93 1.88 1.93 2.02 2.08 2.14 2.02 1.56 1.29 1.41 1.56 1.57 1.64 1.73 1.66 1.61 1.68 1.72 1.70 1.65 1.68 1.75 1.83 1.96 2.06
1.22 1.18 1.16 1.17 1.17 1.22 1.29 1.33 1.33 1.29 1.21 1.07 0.98 0.99 1.07 1.28 1.46 1.50 1.39 1.23 1.14 1.12 1.14 1.17 1.21 1.26 1.29 1.28 1.27 1.28 1.29 1.30 1.31 1.32 1.32 1.33 1.33 1.33 1.33 1.33 1.33 1.32 1.31 1.29 1.27 1.25 1.23 1.20 1.16 1.11 1.00 0.99 1.22 1.36 1.27 1.48 1.91 2.02 1.92 1.86 1.79 1.81 1.87 1.88 1.98 1.87 1.43 1.34 1.49 1.54 1.57 1.67 1.77 1.64 1.53 1.57 1.61 1.62 1.58 1.62 1.73 1.80 1.94 2.13
1.27 1.20 1.14 1.15 1.16 1.17 1.22 1.28 1.30 1.28 1.25 1.14 0.98 0.94 0.99 1.10 1.28 1.45 1.50 1.40 1.25 1.15 1.12 1.12 1.15 1.22 1.28 1.27 1.25 1.26 1.27 1.28 1.30 1.30 1.31 1.32 1.33 1.33 1.33 1.33 1.33 1.32 1.31 1.30 1.29 1.27 1.26 1.23 1.21 1.16 1.10 1.06 1.17 1.28 1.16 1.30 1.86 2.04 1.91 1.82 1.68 1.62 1.70 1.82 1.93 1.69 1.37 1.37 1.46 1.49 1.56 1.70 1.80 1.62 1.42 1.43 1.53 1.52 1.47 1.56 1.69 1.77 1.94 2.22
1.29 1.23 1.18 1.17 1.16 1.17 1.17 1.24 1.27 1.24 1.25 1.21 1.00 0.89 0.96 1.02 1.10 1.26 1.44 1.50 1.38 1.25 1.18 1.13 1.10 1.17 1.25 1.25 1.24 1.25 1.25 1.26 1.28 1.29 1.30 1.31 1.32 1.32 1.33 1.33 1.33 1.33 1.32 1.32 1.30 1.29 1.28 1.26 1.24 1.21 1.18 1.14 1.17 1.25 1.14 1.19 1.67 1.99 1.95 1.81 1.50 1.31 1.53 1.86 1.95 1.70 1.45 1.37 1.38 1.44 1.52 1.69 1.80 1.58 1.33 1.31 1.41 1.38 1.32 1.46 1.64 1.76 2.00 2.36
1.20 1.25 1.29 1.23 1.18 1.17 1.15 1.22 1.29 1.26 1.23 1.22 1.05 0.89 0.90 0.98 1.02 1.08 1.25 1.44 1.46 1.38 1.31 1.22 1.12 1.14 1.20 1.22 1.23 1.25 1.23 1.24 1.26 1.27 1.28 1.29 1.30 1.31 1.32 1.32 1.33 1.33 1.33 1.32 1.32 1.31 1.30 1.29 1.27 1.26 1.24 1.21 1.22 1.24 1.18 1.21 1.49 1.82 1.94 1.80 1.33 1.09 1.44 1.84 1.93 1.78 1.55 1.36 1.33 1.41 1.47 1.65 1.77 1.53 1.30 1.24 1.26 1.22 1.16 1.33 1.60 1.84 2.23 2.83
0.99 1.22 1.44 1.41 1.32 1.20 1.11 1.19 1.33 1.34 1.26 1.17 1.10 0.99 0.88 0.92 1.00 1.01 1.08 1.25 1.37 1.41 1.44 1.37 1.24 1.18 1.18 1.18 1.20 1.21 1.21 1.22 1.24 1.25 1.26 1.28 1.29 1.30 1.31 1.32 1.32 1.33 1.33 1.33 1.33 1.32 1.32 1.31 1.30 1.29 1.28 1.27 1.27 1.26 1.25 1.28 1.41 1.59 1.77 1.71 1.24 1.03 1.34 1.71 1.86 1.79 1.61 1.40 1.35 1.42 1.44 1.60 1.72 1.48 1.25 1.18 1.13 1.03 1.02 1.22 1.61 2.09 2.77 3.26
0.69 1.02 1.42 1.57 1.63 1.47 1.20 1.26 1.45 1.45 1.31 1.15 1.10 1.06 0.96 0.91 0.98 1.01 1.02 1.10 1.19 1.28 1.40 1.44 1.39 1.31 1.27 1.23 1.18 1.16 1.17 1.18 1.20 1.22 1.24 1.26 1.27 1.28 1.29 1.30 1.31 1.32 1.33 1.33 1.33 1.33 1.33 1.32 1.32 1.32 1.32 1.31 1.31 1.31 1.31 1.33 1.39 1.45 1.56 1.57 1.25 1.12 1.33 1.57 1.70 1.68 1.59 1.48 1.43 1.43 1.42 1.56 1.68 1.43 1.17 1.11 1.03 0.87 0.89 1.26 1.75 2.38 3.11 3.24
0.48 0.63 0.99 1.29 1.56 1.62 1.43 1.38 1.60 1.67 1.48 1.33 1.28 1.20 1.12 1.06 1.04 1.05 1.02 1.02 1.08 1.15 1.25 1.34 1.38 1.41 1.46 1.39 1.23 1.16 1.12 1.12 1.15 1.18 1.21 1.23 1.25 1.26 1.28 1.29 1.30 1.31 1.32 1.33 1.33 1.34 1.34 1.34 1.34 1.34 1.34 1.34 1.34 1.35 1.36 1.37 1.39 1.41 1.45 1.46 1.32 1.24 1.35 1.49 1.53 1.47 1.48 1.50 1.46 1.42 1.39 1.56 1.67 1.36 1.10 1.08 0.97 0.83 0.89 1.36 1.92 2.49 2.96 3.22
0.55 0.57 0.68 0.86 1.13 1.32 1.25 1.17 1.43 1.66 1.55 1.44 1.44 1.40 1.32 1.25 1.21 1.19 1.12 1.02 1.03 1.09 1.15 1.21 1.19 1.30 1.56 1.57 1.36 1.22 1.15 1.09 1.09 1.13 1.17 1.20 1.22 1.24 1.26 1.28 1.29 1.30 1.31 1.32 1.33 1.34 1.34 1.35 1.35 1.35 1.35 1.36 1.36 1.37 1.38 1.39 1.41 1.42 1.42 1.41 1.37 1.34 1.37 1.42 1.41 1.36 1.41 1.45 1.40 1.32 1.33 1.61 1.67 1.26 1.05 1.06 1.00 0.90 0.98 1.37 1.88 2.36 2.62 3.47
0.77 0.73 0.72 0.80 0.94 1.03 0.95 0.88 1.12 1.39 1.30 1.20 1.24 1.27 1.28 1.25 1.25 1.30 1.27 1.16 1.08 1.08 1.12 1.15 1.04 1.10 1.48 1.69 1.55 1.37 1.26 1.16 1.09 1.07 1.10 1.16 1.19 1.21 1.24 1.26 1.27 1.29 1.30 1.31 1.33 1.33 1.34 1.35 1.36 1.36 1.37 1.37 1.38 1.39 1.39 1.40 1.41 1.42 1.42 1.41 1.40 1.40 1.39 1.38 1.38 1.37 1.39 1.40 1.33 1.23 1.28 1.59 1.61 1.18 1.00 1.05 1.08 1.00 1.01 1.27 1.65 2.11 2.60 3.98
0.94 0.88 0.83 0.83 0.88 0.93 0.90 0.85 1.01 1.18 1.09 1.05 1.05 1.05 1.09 1.09 1.11 1.20 1.27 1.26 1.21 1.17 1.15 1.13 1.01 0.96 1.25 1.60 1.67 1.54 1.40 1.29 1.19 1.08 1.05 1.10 1.14 1.17 1.21 1.23 1.25 1.27 1.29 1.30 1.32 1.33 1.34 1.35 1.36 1.37 1.37 1.38 1.39 1.40 1.40 1.41 1.42 1.43 1.43 1.42 1.42 1.42 1.41 1.40 1.40 1.39 1.37 1.37 1.29 1.24 1.31 1.49 1.48 1.10 0.98 1.04 1.14 1.06 0.92 1.11 1.48 2.01 3.00 4.36
1.09 1.01 0.89 0.84 0.87 0.91 0.89 0.88 0.95 1.00 1.00 1.01 1.00 0.98 0.99 0.99 1.00 1.05 1.11 1.15 1.20 1.23 1.22 1.17 1.04 0.95 1.11 1.40 1.60 1.62 1.51 1.41 1.35 1.20 1.07 1.06 1.10 1.13 1.17 1.20 1.23 1.25 1.27 1.29 1.31 1.32 1.33 1.35 1.36 1.37 1.38 1.38 1.39 1.40 1.41 1.42 1.42 1.43 1.43 1.43 1.43 1.43 1.43 1.42 1.42 1.41 1.38 1.35 1.30 1.30 1.34 1.39 1.30 1.05 0.98 1.05 1.13 1.05 0.83 1.01 1.49 2.30 3.54 4.20
1.27 1.15 0.94 0.83 0.84 0.87 0.86 0.88 0.89 0.88 0.91 0.94 0.95 0.95 0.95 0.95 0.96 0.99 1.02 1.02 1.07 1.13 1.18 1.18 1.07 0.98 1.05 1.25 1.46 1.58 1.54 1.47 1.44 1.36 1.20 1.10 1.09 1.11 1.13 1.16 1.20 1.23 1.26 1.28 1.30 1.31 1.33 1.34 1.35 1.36 1.37 1.38 1.39 1.40 1.41 1.42 1.43 1.43 1.44 1.44 1.44 1.44 1.44 1.44 1.43 1.42 1.39 1.37 1.35 1.34 1.34 1.31 1.20 1.04 1.00 1.08 1.11 0.97 0.79 1.01 1.76 2.84 3.69 3.48
1.46 1.30 1.03 0.85 0.81 0.83 0.81 0.81 0.82 0.81 0.83 0.85 0.87 0.89 0.90 0.90 0.92 0.96 0.99 0.98 1.00 1.04 1.08 1.12 1.06 0.97 1.00 1.14 1.33 1.50 1.53 1.49 1.47 1.44 1.31 1.18 1.12 1.12 1.12 1.13 1.16 1.21 1.24 1.26 1.28 1.30 1.32 1.33 1.34 1.36 1.37 1.38 1.39 1.40 1.41 1.42 1.43 1.44 1.44 1.45 1.45 1.45 1.45 1.45 1.44 1.42 1.41 1.40 1.39 1.37 1.34 1.27 1.18 1.07 1.05 1.13 1.07 0.88 0.81 1.22 2.24 3.11 3.27 2.57
