windninja/windninja_output/Output_2025-10-23_2000-2050_Google earth_Fire_150m_10min/merlingen_7.5mi_point_10-23-2025_2000_150m_ang.asc
ncols	158
nrows	163
xllcorner	391686.332397
yllcorner	5160024.123721
cellsize	150.000000
NODATA_value	-32768.000000
[rows 0 to 41 of 163, columns 0 to 93 of 158]
189 188 185 184 184 185 186 185 185 185 186 187 188 191 193 196 197 193 190 189 185 183 185 188 190 191 191 188 188 190 191 193 194 193 192 196 199 200 199 197 196 197 199 200 200 201 203 200 193 192 193 193 194 196 197 199 200 201 201 200 200 200 201 201 199 199 201 204 206 206 205 206 207 206 206 207 210 213 214 212 212 213 215 219 221 221 217 219 221 219 219 220 219 218
190 188 184 183 183 185 187 187 185 185 185 186 187 190 193 195 193 189 186 185 183 180 181 187 191 193 191 188 188 191 193 193 194 193 192 195 197 196 195 194 194 194 196 196 196 196 197 195 191 191 193 194 196 198 200 200 200 200 200 200 200 200 201 200 199 200 202 205 206 206 205 206 206 205 206 207 210 212 212 211 212 213 215 218 220 219 216 218 220 220 220 221 220 220
189 187 183 182 183 185 188 188 184 182 181 183 186 188 191 193 190 187 185 185 183 179 177 184 192 194 192 190 190 193 194 194 193 192 192 193 194 193 193 192 191 191 192 192 192 192 192 192 191 191 192 194 198 201 201 200 199 198 200 200 199 199 199 199 199 200 203 206 207 206 205 205 205 205 206 207 209 211 211 209 209 213 215 216 217 215 211 213 216 218 219 220 218 217
183 184 184 183 184 185 185 183 181 180 181 183 185 187 188 189 188 187 187 188 187 182 177 180 188 192 192 192 191 193 194 194 193 191 190 190 192 193 193 191 189 189 189 189 189 190 190 192 193 192 192 194 197 198 198 198 198 199 200 200 199 198 198 200 200 200 202 205 208 207 205 205 206 206 207 207 207 210 212 210 207 211 214 213 215 214 207 207 210 211 213 214 212 210
175 179 184 184 184 183 180 178 178 181 184 184 184 185 185 187 188 189 190 192 190 184 178 177 182 187 190 191 191 191 192 193 192 190 189 190 191 191 190 188 187 187 187 187 189 190 191 193 194 194 195 196 197 198 199 199 199 199 199 199 200 199 199 200 200 200 202 205 208 207 206 207 207 207 208 209 210 211 213 211 208 211 213 212 214 215 207 202 203 204 206 208 206 203
172 175 180 183 183 181 178 177 178 183 186 185 183 183 183 186 190 193 194 195 193 187 179 174 176 181 186 189 190 190 191 192 191 191 191 190 189 188 187 187 186 186 187 188 190 192 194 194 195 197 198 199 199 200 201 201 200 199 198 198 199 199 199 200 200 201 202 205 207 206 207 208 207 205 206 208 210 210 211 213 213 212 213 212 213 215 211 203 200 200 201 203 202 198
174 173 175 179 180 180 179 179 181 184 185 183 181 181 183 186 190 194 195 194 193 189 181 172 171 176 183 186 188 189 189 189 190 191 192 190 187 187 187 188 188 188 189 192 194 195 196 196 197 198 199 200 200 200 201 201 200 199 198 197 197 197 198 200 201 201 201 204 206 204 204 206 205 203 203 205 208 209 208 211 213 211 210 211 213 216 215 208 202 197 196 199 201 200
176 175 174 174 176 178 180 183 184 184 182 180 179 180 183 186 189 193 194 193 193 191 186 176 170 173 179 182 184 187 188 188 190 192 191 190 188 189 191 191 192 193 194 195 196 197 197 198 198 199 200 200 200 201 202 201 199 198 196 195 194 195 197 199 201 202 201 203 204 203 202 204 205 203 203 205 209 211 209 210 213 211 207 208 210 212 212 209 205 198 195 199 204 205
175 176 175 174 174 177 180 184 184 182 180 177 176 178 182 186 188 190 192 193 192 192 189 183 175 172 175 179 183 186 187 187 189 192 192 191 192 194 196 197 198 198 198 198 198 198 198 199 199 199 200 200 200 202 203 200 198 197 196 195 196 196 197 200 203 203 202 201 202 203 203 206 208 207 206 207 210 212 211 211 214 212 205 202 203 204 205 205 200 195 194 196 199 200
175 176 176 176 176 178 180 182 182 180 178 175 173 174 180 186 188 188 189 191 191 191 190 186 181 175 174 180 183 184 185 186 188 191 193 194 196 197 199 201 201 200 199 199 200 200 200 201 200 198 200 202 201 201 202 201 199 198 200 201 203 202 199 202 205 204 202 201 202 205 208 209 209 209 208 209 213 212 208 208 209 209 204 199 199 200 200 200 196 194 196 196 195 195
175 176 176 177 178 179 180 180 180 179 178 176 173 173 177 183 186 186 186 187 189 190 190 188 185 181 178 181 184 184 185 188 189 192 195 197 199 200 201 201 200 200 200 201 203 203 201 203 204 203 204 205 203 202 204 207 207 208 212 213 213 212 208 206 207 205 204 203 204 208 211 210 208 207 209 212 215 211 203 201 204 206 205 201 198 197 197 199 197 197 201 202 198 198
176 176 176 178 178 179 179 179 179 179 178 177 175 173 175 179 182 184 184 184 186 189 190 190 188 186 185 184 185 186 188 191 192 193 197 200 201 201 200 200 201 202 202 203 205 206 206 210 214 215 216 216 216 218 222 224 225 226 228 231 234 234 228 217 213 210 210 209 207 208 209 209 207 205 206 207 207 204 197 195 199 203 204 201 196 193 196 201 199 197 204 208 206 202
176 176 176 177 178 178 178 179 179 179 178 178 176 175 175 175 177 181 183 183 184 187 190 192 193 194 192 190 189 189 191 192 193 194 198 202 202 201 200 201 202 203 203 205 207 210 213 219 227 230 232 236 242 248 253 252 246 242 243 249 254 254 253 254 249 236 227 216 204 202 205 207 207 202 197 197 198 199 196 194 197 200 201 200 198 195 199 203 200 196 204 213 211 206
176 176 176 177 178 178 179 179 179 179 179 178 178 178 177 176 174 175 179 182 184 187 192 196 199 198 195 192 191 191 192 193 194 195 198 201 201 200 201 202 205 208 212 217 221 223 223 223 226 231 234 238 242 249 259 265 263 253 244 241 241 237 233 233 241 252 252 227 189 190 200 204 203 197 192 193 196 199 200 199 198 199 199 202 203 202 204 209 207 203 209 219 220 219
176 176 176 177 177 178 179 180 180 179 179 178 178 178 179 179 176 173 175 180 185 190 195 199 201 198 195 193 193 194 195 194 194 195 196 198 201 204 207 211 218 227 234 240 239 237 232 222 218 221 224 223 222 225 228 233 234 228 220 218 218 214 208 207 210 214 210 202 172 154 182 195 197 196 194 196 199 204 208 207 203 200 202 207 211 211 213 217 217 216 224 236 238 239
176 176 176 177 177 178 179 179 180 179 179 179 177 176 177 179 180 179 177 180 185 190 194 198 199 196 193 194 195 194 193 193 193 195 198 203 211 218 223 230 236 237 234 231 226 223 221 218 214 215 213 209 204 203 205 209 210 205 200 204 206 204 202 201 203 205 201 197 192 165 151 175 191 196 197 198 202 209 211 209 204 204 210 216 219 222 226 229 230 230 235 243 244 244
176 176 177 177 178 178 179 179 179 179 179 178 177 175 173 176 180 183 183 183 186 189 193 195 196 195 193 193 194 193 192 194 198 204 213 222 228 231 230 228 225 218 213 213 212 210 211 211 207 204 203 201 198 198 201 205 208 203 195 196 200 202 202 199 200 203 202 198 196 189 169 157 175 187 192 197 203 207 207 207 208 212 218 225 231 237 240 242 244 238 232 233 234 235
176 176 177 177 178 178 179 179 179 179 179 179 178 175 172 173 179 183 185 187 188 191 193 194 195 196 196 193 192 193 196 202 209 216 220 220 218 215 213 211 209 207 207 210 210 208 206 204 200 196 196 197 198 200 202 205 206 202 195 194 198 201 201 199 198 201 202 200 199 197 189 176 174 176 181 192 198 203 208 214 220 224 227 232 238 243 245 243 242 238 231 228 228 229
176 176 177 177 178 178 179 179 179 179 180 179 178 177 174 174 178 183 187 190 192 193 193 193 196 198 197 195 194 198 204 209 212 212 212 212 210 208 206 206 206 207 208 208 208 207 202 197 197 198 197 197 199 201 201 201 201 201 197 195 199 203 202 199 197 198 202 203 202 198 191 185 184 185 182 185 197 214 228 236 239 240 238 234 231 231 230 230 233 233 227 226 228 227
176 176 177 177 178 178 179 179 179 180 180 180 179 178 177 177 179 184 188 191 192 192 192 193 195 196 197 197 198 201 205 208 210 211 213 213 210 206 203 203 203 203 204 204 204 202 199 196 196 201 201 199 197 197 196 196 198 200 199 198 201 206 205 200 198 199 202 203 199 194 190 189 190 192 190 190 203 225 238 239 239 237 231 224 222 223 224 225 229 229 221 215 223 227
177 176 176 177 178 178 179 179 179 180 180 180 180 180 180 180 182 185 187 189 190 191 191 192 193 195 197 198 199 201 202 205 207 208 206 204 202 199 197 198 199 201 202 202 201 199 199 199 198 199 201 199 196 192 192 194 196 199 201 201 203 207 206 201 199 198 198 198 195 193 194 195 196 197 194 193 198 208 217 223 225 223 221 217 216 220 222 224 227 227 219 210 218 225
176 176 177 177 178 178 179 180 180 180 180 181 181 181 181 182 184 185 186 187 189 190 191 191 193 195 197 199 200 200 200 201 201 199 196 196 197 197 196 198 200 201 202 201 200 201 201 199 197 197 198 198 196 194 192 193 195 197 200 203 204 206 205 200 197 194 193 193 195 197 200 201 202 202 197 190 192 200 208 214 216 217 219 217 212 215 218 221 225 224 216 205 211 221
176 176 177 177 178 178 179 180 181 180 180 181 182 182 182 183 184 185 186 187 188 189 190 191 193 195 197 199 200 200 198 195 194 194 194 195 198 200 200 200 200 200 200 201 202 201 197 196 195 196 197 198 198 197 194 192 193 194 197 202 204 205 205 199 193 189 189 192 198 202 204 204 205 204 196 186 186 194 202 209 213 214 216 216 210 210 211 215 219 220 213 203 207 218
176 176 177 177 178 178 179 180 181 181 180 181 182 183 183 183 184 185 186 187 188 189 190 191 193 195 198 201 202 200 196 191 191 194 197 200 202 204 203 200 198 198 199 201 200 195 195 196 197 196 198 198 198 197 194 192 192 193 194 199 203 205 204 196 188 188 191 197 205 208 208 207 206 202 196 190 185 190 198 206 211 213 214 215 212 207 206 211 218 219 213 204 208 218
176 176 176 177 178 179 180 180 180 181 181 181 182 183 183 184 184 185 186 187 188 189 190 191 193 196 200 204 205 201 195 191 190 195 199 202 203 204 201 198 196 196 196 196 195 195 197 199 199 198 198 198 197 195 194 193 193 194 194 197 201 203 199 193 189 192 199 207 213 215 214 209 203 200 198 197 193 190 194 202 208 210 211 213 213 210 206 211 219 221 213 204 210 218
176 176 177 177 178 179 180 180 180 181 181 182 182 182 184 184 184 185 186 187 187 189 190 191 193 196 200 204 205 201 196 192 189 190 195 199 202 203 199 195 193 192 191 191 194 198 200 200 199 198 198 199 198 195 194 192 193 197 199 198 197 195 193 193 195 197 202 209 215 217 214 205 199 199 199 199 201 197 190 194 201 205 206 209 211 209 205 207 217 219 210 201 207 215
177 177 177 177 178 179 180 180 180 181 182 182 182 182 183 184 184 185 186 187 187 188 189 190 192 195 198 202 204 203 200 195 190 187 190 195 198 200 198 192 190 189 187 190 194 197 199 200 198 197 198 199 199 195 190 189 194 201 202 197 191 188 190 196 202 204 205 208 212 212 209 202 199 199 197 197 204 205 192 184 192 200 203 205 207 207 204 206 214 217 207 196 202 211
176 177 177 178 178 179 179 180 180 182 182 183 183 183 183 184 184 185 186 187 187 187 188 189 191 193 195 198 201 202 203 200 194 189 187 189 193 197 197 192 188 187 185 188 191 192 194 198 199 196 195 197 197 194 190 188 194 199 197 191 189 189 194 201 208 210 209 208 209 208 207 204 200 199 195 194 201 207 201 186 186 194 199 202 206 208 206 208 215 217 209 196 197 208
176 177 177 178 178 179 179 180 181 182 183 183 183 183 183 183 184 185 185 186 186 186 187 188 189 190 190 192 196 200 203 202 198 193 187 183 185 191 193 189 186 184 185 186 187 189 191 195 198 195 191 194 196 195 193 189 189 194 194 191 190 195 200 203 208 210 208 207 206 205 205 204 201 200 197 194 199 209 210 199 186 187 195 202 209 213 213 213 217 218 213 204 197 203
177 177 178 178 179 179 179 180 181 182 183 183 184 184 183 183 184 184 185 185 185 186 187 187 187 186 184 186 191 195 199 201 200 194 184 180 181 185 187 186 183 183 185 186 186 187 190 191 193 192 190 191 195 197 197 191 187 191 196 195 194 200 207 208 210 210 206 203 205 206 206 206 206 204 200 195 197 209 216 211 195 184 191 204 214 217 217 216 217 217 216 212 204 203
177 177 178 179 179 179 179 181 182 182 183 183 183 184 184 183 183 184 184 185 185 186 186 186 185 182 181 183 188 193 198 201 199 191 182 179 181 182 184 183 182 183 185 188 188 188 188 187 187 190 192 192 196 200 201 197 193 193 197 202 202 206 213 216 216 211 203 201 208 211 211 212 212 206 198 194 196 205 214 215 204 188 190 203 211 211 211 212 214 217 218 218 217 215
177 177 178 179 179 179 180 181 182 182 183 183 184 184 184 183 183 183 184 184 184 184 185 185 183 181 180 182 188 195 199 198 193 189 184 180 180 180 181 182 184 185 187 190 191 189 187 186 188 194 196 197 200 206 206 201 199 199 201 208 209 207 211 217 218 209 199 199 209 216 215 213 209 200 193 192 195 202 210 214 209 197 194 201 207 210 213 216 220 222 223 224 225 227
178 178 178 179 179 180 181 181 182 182 183 183 183 183 184 184 184 184 183 183 183 183 183 183 182 180 179 181 185 190 191 189 189 190 187 180 178 178 180 185 188 190 191 192 192 192 190 191 195 199 201 202 203 207 209 202 198 201 206 212 213 207 205 211 215 209 196 194 206 214 211 204 198 193 191 191 193 198 207 213 212 205 203 203 208 214 220 223 225 227 229 229 229 230
178 179 179 179 179 180 181 182 182 182 183 183 183 184 184 184 184 184 183 183 182 182 182 181 181 179 178 179 180 181 183 185 189 193 191 179 174 178 184 188 192 193 193 194 195 194 195 198 201 203 203 204 205 208 209 203 198 200 208 213 212 202 197 204 211 210 199 191 201 209 205 198 196 194 191 189 190 193 202 210 213 210 209 207 205 209 216 218 219 222 225 227 229 229
178 179 180 179 180 181 181 182 183 183 182 183 183 183 184 184 184 183 183 183 182 181 180 179 179 179 178 178 176 176 178 183 188 192 191 183 175 180 187 191 194 197 198 200 200 200 201 203 204 205 206 207 208 209 209 206 201 201 209 215 213 202 192 197 208 212 207 197 196 202 202 201 200 197 193 189 188 190 198 208 212 211 211 211 207 205 212 214 213 216 219 221 223 226
179 179 180 180 181 181 182 183 183 183 183 183 183 183 184 184 183 183 183 182 182 181 180 178 177 178 178 178 177 176 175 179 183 185 188 188 184 185 191 196 200 204 205 204 203 203 203 202 202 203 205 206 207 205 204 203 202 204 210 218 218 208 193 191 203 210 210 203 195 196 202 207 207 203 197 191 189 194 202 210 212 211 213 216 216 207 208 212 210 210 212 215 219 226
180 179 179 180 182 183 183 183 183 183 183 183 183 183 183 183 183 183 182 182 181 181 180 179 177 177 176 178 179 175 171 173 176 180 187 193 193 194 200 205 207 208 206 204 202 201 200 199 200 202 203 202 201 200 198 199 201 204 207 215 218 211 196 188 195 206 210 206 200 200 207 215 214 205 197 192 192 199 208 211 211 212 215 220 222 214 202 206 208 206 208 213 219 225
180 180 180 181 183 184 183 183 183 183 183 183 183 183 183 183 183 182 182 182 181 181 180 179 178 176 176 177 177 171 169 170 173 180 189 194 199 205 209 209 207 205 203 201 200 199 198 197 200 201 200 197 197 198 198 197 198 202 204 209 213 210 199 189 190 202 211 211 207 207 210 212 208 199 195 196 193 194 205 210 207 209 214 217 221 217 201 199 206 206 206 212 219 224
180 180 181 182 183 184 184 184 183 183 183 183 183 183 183 182 182 182 182 182 181 180 180 179 177 176 175 174 170 167 168 170 174 181 189 196 204 211 211 207 203 201 198 196 197 196 194 194 195 197 195 192 193 197 197 193 193 197 200 202 205 206 202 194 191 200 212 217 214 209 206 201 198 196 197 199 191 186 199 209 206 204 209 213 219 218 206 196 200 205 207 212 222 227
182 182 182 184 184 184 184 184 183 182 183 183 183 183 183 182 182 182 182 181 181 180 180 179 177 176 173 169 166 166 167 169 173 180 189 199 204 205 205 204 201 198 195 192 193 194 193 191 191 194 194 191 188 190 192 190 187 190 194 197 200 204 207 203 196 199 213 219 214 206 199 197 199 201 200 197 189 180 191 204 206 205 209 213 220 220 210 197 196 203 207 214 226 231
184 184 184 184 185 185 184 183 182 182 183 183 183 183 183 182 182 182 181 181 180 180 179 179 177 176 172 168 166 167 167 168 171 179 191 199 199 198 200 201 199 195 191 189 190 192 192 190 188 191 194 189 182 182 188 190 187 188 193 198 202 207 212 211 202 200 212 217 210 201 198 203 208 203 197 194 187 180 185 199 206 206 208 213 218 219 210 199 196 202 205 215 227 232
186 186 186 185 185 185 184 183 183 183 183 183 182 182 182 182 182 182 181 181 180 180 180 179 178 176 173 171 169 168 168 169 171 178 188 193 195 195 194 194 192 190 190 190 188 186 187 188 188 189 191 188 181 180 186 193 193 193 199 206 210 210 212 212 207 202 207 210 203 199 202 207 206 196 191 191 187 182 185 197 205 205 207 210 212 211 206 201 201 203 206 216 227 232
