windninja/windninja_output/Output_2025-10-23_2000-2050_Google earth_Fire_150m_10min/merlingen_7.5mi_point_10-23-2025_2050_150m_ang.asc
ncols	158
nrows	163
xllcorner	391686.332397
yllcorner	5160024.123721
cellsize	150.000000
NODATA_value	-32768.000000
[rows 0 to 41 of 163, columns 0 to 93 of 158]
279 278 277 277 278 280 282 279 276 278 277 270 254 244 247 257 267 273 278 287 295 291 278 276 280 285 285 279 277 278 277 276 276 275 273 277 281 281 280 280 276 276 276 277 280 283 285 288 288 287 286 285 285 286 285 282 278 276 277 279 278 275 272 270 268 265 264 267 272 276 276 273 270 267 266 267 267 267 268 269 267 263 260 262 264 262 257 254 254 251 249 249 248 245
280 279 279 279 280 280 279 278 277 278 277 272 259 252 255 262 270 277 283 289 295 296 288 281 280 282 284 283 280 279 278 277 277 277 277 278 280 281 282 282 281 280 279 280 283 285 286 288 290 289 287 285 284 283 281 280 278 278 278 278 278 276 274 273 271 269 268 269 272 275 275 273 271 269 269 268 266 266 269 269 266 263 262 262 262 262 260 256 255 254 253 253 251 249
282 281 282 282 282 280 277 278 280 281 282 280 273 268 267 270 276 282 286 288 292 298 299 290 281 280 282 284 283 280 278 279 279 280 282 281 281 283 284 284 285 285 285 285 286 287 288 288 290 289 288 286 283 280 279 280 280 280 278 277 278 278 277 275 275 274 272 271 272 273 273 272 272 273 272 269 266 267 269 268 264 262 264 262 261 264 264 259 257 257 258 259 257 256
282 281 281 282 281 281 282 283 285 287 287 286 282 278 276 277 280 283 284 284 287 294 300 297 287 282 282 283 283 281 280 280 281 283 284 284 284 283 283 286 287 288 288 288 289 289 289 287 286 287 287 285 282 280 280 281 281 280 279 277 277 278 277 276 275 275 274 273 272 272 272 272 273 273 271 270 270 269 267 266 263 262 262 262 264 266 265 262 259 258 259 260 262 260
283 281 280 280 281 283 287 288 289 288 286 288 287 284 283 281 280 281 281 280 283 289 299 303 295 288 285 285 285 284 282 282 283 285 286 285 284 284 286 288 290 291 290 290 289 288 287 286 285 284 283 282 281 280 279 279 279 279 279 278 277 277 277 276 275 275 274 273 272 271 271 271 272 272 271 270 272 271 267 264 264 264 263 263 265 266 268 269 266 262 259 261 264 265
284 283 282 281 282 285 288 289 287 285 284 289 293 289 285 282 278 277 277 278 280 286 296 305 300 294 289 287 286 286 285 284 284 285 285 286 286 288 289 290 291 292 290 289 287 286 284 284 283 281 279 279 279 278 278 278 279 280 280 279 278 277 276 276 276 275 275 273 272 270 269 270 272 273 270 269 270 272 269 263 262 266 267 266 266 266 268 274 275 272 268 266 266 269
284 284 285 284 284 285 287 286 285 284 286 291 297 292 285 283 279 276 276 278 279 283 291 302 303 297 292 290 289 288 287 286 285 284 284 287 289 290 289 289 289 289 287 285 284 283 282 282 281 279 278 277 277 277 277 278 279 279 280 280 279 278 277 275 275 275 275 274 272 270 269 270 272 273 271 269 269 269 267 261 263 269 270 268 267 266 267 273 279 282 280 276 272 271
282 283 286 287 286 285 284 282 282 285 289 295 300 295 286 283 281 278 278 279 280 281 287 296 303 301 296 293 292 289 288 287 285 284 284 286 287 287 285 285 284 284 283 282 281 281 281 280 279 278 277 277 277 275 276 278 279 280 281 282 282 280 277 274 273 273 275 274 273 272 272 271 270 270 271 270 268 266 261 260 266 270 272 270 268 267 268 272 278 283 285 282 278 275
282 282 284 286 286 284 282 281 282 286 291 297 302 298 289 284 283 282 280 279 280 281 284 291 300 305 301 295 294 292 289 288 286 284 284 284 283 282 280 280 279 279 279 280 280 280 280 279 279 279 278 278 277 275 276 278 280 280 281 281 280 279 278 274 271 271 274 275 273 271 272 271 269 268 268 269 268 264 259 262 268 272 275 274 272 271 270 273 277 282 285 284 282 282
282 282 283 284 285 284 282 283 285 288 292 297 302 300 291 285 283 284 283 282 282 281 283 288 295 303 304 297 295 294 290 288 287 285 283 281 280 279 277 276 277 277 278 279 279 279 279 278 278 279 278 277 277 278 278 278 279 279 277 275 274 276 277 275 273 274 275 275 272 268 268 269 269 268 267 267 266 264 263 267 270 273 277 279 278 277 276 277 280 281 280 281 284 284
282 282 283 283 284 284 284 285 287 289 292 296 301 301 294 287 285 285 286 286 284 283 284 286 291 298 303 299 295 294 290 287 287 285 281 279 277 277 276 277 277 277 277 277 276 277 278 277 275 277 278 277 278 279 278 276 274 274 271 269 270 272 275 278 279 278 276 274 269 266 267 269 270 269 266 265 266 269 274 275 273 272 273 278 281 283 282 281 281 278 275 277 280 281
283 283 283 283 284 284 285 286 288 290 292 295 299 301 297 291 288 287 287 288 287 285 283 284 287 291 296 295 292 291 287 284 285 284 281 278 276 276 277 277 276 275 275 274 273 273 274 272 270 272 276 277 276 276 275 272 270 268 267 266 267 269 274 282 283 282 278 274 270 270 271 270 269 269 268 267 269 274 280 282 277 272 272 276 282 286 284 280 279 278 275 275 276 278
282 283 283 283 284 285 286 287 288 289 291 293 297 300 297 292 290 289 288 289 288 286 283 282 282 283 286 289 289 287 286 284 284 284 280 277 277 278 278 277 276 275 274 271 270 268 265 263 264 268 272 273 273 272 273 273 271 266 262 261 264 268 275 282 285 283 280 279 281 281 276 271 271 273 276 276 275 276 279 281 279 276 275 277 280 282 281 277 276 277 275 272 272 276
282 283 283 284 284 285 286 286 287 289 291 293 296 298 295 291 291 292 290 288 288 286 282 279 276 277 282 285 286 286 285 285 284 282 280 278 278 279 278 277 275 272 269 267 266 263 259 256 259 265 268 270 270 269 271 274 274 268 260 259 265 270 276 281 284 283 282 286 292 292 283 277 276 279 282 281 278 277 275 276 279 280 279 277 275 275 276 273 269 271 273 270 268 270
282 283 283 284 285 285 286 286 287 289 290 292 296 299 296 291 290 293 293 289 286 283 280 276 275 278 282 284 285 284 282 283 283 282 282 281 278 275 273 272 269 264 261 263 265 263 262 263 260 260 263 268 268 268 270 273 276 273 266 264 269 274 278 280 279 281 284 288 294 301 297 287 283 282 282 281 280 276 272 275 280 282 280 275 271 270 272 268 262 263 269 268 265 265
282 282 283 284 285 285 286 286 287 289 290 292 296 300 299 293 290 291 292 289 285 283 281 278 277 280 283 284 283 283 284 284 284 282 281 278 273 269 266 264 262 260 260 265 267 265 267 271 267 262 264 267 270 271 271 270 272 276 274 272 274 277 280 279 275 277 283 287 291 302 307 296 287 283 281 282 279 274 274 278 282 281 277 273 269 266 265 263 259 258 262 265 263 263
282 282 283 284 284 285 286 287 287 289 290 292 295 300 301 294 289 288 289 289 287 285 283 280 280 281 283 284 284 285 285 282 279 274 270 268 268 266 264 263 264 265 268 268 268 268 268 269 272 274 272 271 273 273 271 267 267 272 278 277 277 278 279 278 276 276 280 285 288 294 303 300 291 289 288 284 279 277 280 280 278 274 272 268 265 263 260 258 261 263 263 263 262 262
282 282 283 284 284 285 286 287 288 289 290 292 294 297 299 294 289 287 287 287 286 284 283 283 281 280 281 284 285 284 281 275 269 264 263 266 268 269 268 268 269 271 271 269 267 269 270 270 274 279 279 276 274 272 269 267 267 270 277 278 277 277 277 277 278 277 278 282 284 286 293 299 296 296 295 289 285 283 280 275 269 268 267 262 259 260 259 259 264 272 272 266 262 262
282 283 283 284 285 285 286 287 288 289 290 291 292 295 296 294 290 287 285 283 283 283 283 283 281 280 280 282 283 280 275 269 264 264 265 267 269 271 271 271 271 271 270 270 269 269 274 277 276 276 278 278 276 272 271 271 271 271 275 278 276 275 275 276 279 279 278 278 279 282 289 296 295 294 296 293 288 281 273 267 266 267 266 262 259 258 259 261 265 272 277 271 266 264
282 283 283 284 285 285 286 287 288 289 289 290 292 293 293 293 289 286 284 283 283 283 284 283 282 281 281 281 280 278 273 268 265 266 267 269 270 273 274 274 273 272 270 270 271 273 276 279 277 274 274 276 278 277 276 275 273 272 273 275 274 271 273 276 278 279 277 276 279 284 289 292 290 288 291 291 283 274 269 267 268 269 270 269 264 261 260 261 264 269 276 276 269 267
283 283 284 284 285 286 286 287 288 289 289 290 291 292 292 291 289 287 286 285 285 285 285 284 283 282 281 279 278 277 274 270 267 268 271 273 274 276 277 275 273 272 270 270 273 275 275 275 276 275 274 276 279 281 280 277 274 272 271 272 270 269 273 277 278 279 279 279 283 286 286 285 283 283 286 286 278 270 268 269 271 272 272 272 270 265 262 261 264 269 274 276 269 266
283 283 284 284 285 286 287 287 288 289 290 290 290 291 291 291 290 288 288 287 287 286 286 285 284 282 280 279 278 277 276 273 272 275 277 277 276 276 276 274 271 270 270 272 274 274 274 275 277 276 275 276 278 280 281 279 277 275 271 268 268 269 273 277 279 282 284 284 284 282 278 275 276 279 284 287 281 271 266 267 269 270 270 272 273 268 263 263 267 270 273 273 267 265
283 283 284 285 286 286 287 287 288 289 290 290 290 291 291 291 290 289 288 288 287 287 286 285 284 282 280 279 277 277 278 280 280 279 279 277 275 272 271 271 270 270 271 271 272 274 276 277 278 277 276 276 276 277 280 281 280 278 274 268 267 270 273 278 283 287 288 286 281 274 269 269 272 276 282 290 289 276 268 265 263 264 266 270 274 273 269 267 269 270 270 268 264 265
283 283 284 285 286 287 287 287 288 289 290 291 290 290 291 291 291 290 289 289 288 288 287 286 284 282 279 277 276 278 281 285 283 279 276 275 273 270 270 272 273 273 271 270 273 277 277 276 276 276 275 275 275 277 280 281 281 279 276 270 268 270 274 281 288 290 288 282 273 265 263 266 272 278 282 287 291 283 275 266 260 259 262 265 271 276 277 273 269 269 268 261 262 265
283 284 284 285 286 287 287 288 288 289 290 291 291 291 291 291 291 291 290 290 289 288 287 286 284 281 277 274 274 279 283 286 284 279 275 273 271 271 273 275 276 275 274 275 277 277 274 273 274 275 275 275 277 278 279 280 280 278 277 274 270 272 278 284 288 287 281 272 263 260 262 269 277 281 280 277 282 286 282 271 263 260 259 259 264 274 279 276 272 270 265 257 261 265
283 284 285 285 286 287 287 288 289 289 290 291 291 291 291 291 291 291 291 290 290 288 288 287 285 281 275 272 274 279 283 285 286 284 278 273 270 271 275 278 279 279 279 279 278 273 270 271 273 274 275 275 276 278 280 281 279 275 273 275 276 280 284 285 283 279 273 263 256 258 266 277 283 282 276 268 271 282 288 282 273 266 260 257 260 267 273 274 272 271 267 259 260 264
283 284 285 285 286 287 288 289 289 290 290 291 292 292 292 292 292 291 291 290 290 289 289 288 286 282 276 273 274 276 280 284 286 287 283 276 271 271 276 281 282 282 283 281 277 272 270 271 273 274 274 273 275 278 282 284 277 270 272 278 284 287 287 283 275 269 262 255 254 260 272 281 284 280 275 264 265 274 288 293 284 274 266 262 262 263 264 265 267 269 269 268 264 262
283 284 285 286 286 287 288 289 290 290 290 291 291 292 292 292 292 292 291 291 291 291 291 290 288 286 282 277 275 274 275 280 285 288 287 283 276 274 276 282 284 284 285 282 279 277 273 271 272 275 274 273 275 279 283 286 275 269 276 283 287 287 285 279 270 262 255 251 257 267 275 280 281 278 274 266 264 269 280 294 292 283 275 272 269 264 258 258 261 264 267 274 273 265
284 284 285 286 287 288 289 289 290 290 290 291 291 292 293 293 293 293 292 292 292 292 292 291 292 293 291 285 279 273 272 276 282 285 289 292 287 280 280 284 287 287 287 285 283 281 277 272 271 275 277 275 274 277 279 283 279 274 278 284 286 284 279 273 267 260 253 254 266 275 277 277 276 273 268 268 270 269 272 283 294 292 283 278 272 265 259 259 260 259 261 270 279 274
284 284 285 286 287 288 289 290 290 291 291 291 292 292 293 293 293 293 293 293 293 292 292 293 295 299 298 291 283 275 271 272 276 283 293 301 298 287 285 288 290 290 288 286 285 283 280 278 276 276 278 276 273 272 272 275 280 277 277 282 285 281 272 264 262 260 258 262 272 278 279 275 269 265 264 271 274 268 267 275 289 296 289 279 272 266 265 266 264 258 256 262 275 281
284 285 285 286 287 288 290 290 290 291 291 292 292 292 293 293 294 294 294 293 293 293 294 295 298 302 301 294 287 278 272 270 275 284 295 306 304 292 288 290 292 290 288 284 282 283 283 283 281 277 275 274 271 267 266 265 271 277 278 278 279 276 265 257 259 263 266 269 273 277 279 272 265 265 268 274 272 266 265 271 282 293 291 282 275 271 271 270 265 259 255 256 265 277
284 285 286 286 287 289 290 290 291 292 292 292 292 292 293 293 294 294 294 294 294 295 295 296 299 303 302 299 292 283 277 277 280 284 292 305 304 294 290 289 288 286 283 280 279 281 283 283 279 274 273 272 268 265 261 256 263 273 277 276 274 269 258 254 260 268 274 273 273 274 274 269 269 274 276 275 270 266 265 268 274 284 287 284 280 277 274 269 264 260 257 255 258 268
284 285 286 287 288 289 290 291 291 292 292 292 293 293 293 293 294 294 294 295 295 296 297 298 300 303 304 304 303 295 288 286 284 281 285 301 303 293 289 285 282 280 279 278 277 279 280 278 273 271 272 271 270 266 260 257 265 270 273 273 271 265 254 253 261 271 280 280 273 271 270 272 277 281 280 277 272 268 266 266 267 270 277 281 280 277 274 269 264 261 260 258 258 264
284 285 286 287 288 289 290 291 291 292 293 293 293 293 293 293 294 294 295 295 295 296 298 300 301 304 306 308 310 304 294 287 283 278 280 296 303 291 285 281 278 277 277 275 275 277 276 273 270 271 271 271 271 268 263 264 270 271 268 266 267 265 258 256 261 268 278 284 276 271 272 276 279 279 280 280 278 273 267 262 258 258 267 276 280 275 271 269 265 261 259 260 263 268
285 285 286 287 288 290 291 291 291 292 293 293 293 293 293 293 294 294 295 295 295 297 299 300 301 303 306 310 312 305 295 287 283 280 280 289 300 290 281 278 275 272 272 271 271 274 273 270 270 271 271 270 270 269 268 269 274 274 268 263 263 265 266 262 261 263 271 282 283 279 277 276 274 274 277 280 282 278 270 259 252 252 259 268 276 275 268 268 266 261 259 262 267 272
285 286 287 288 289 290 291 291 292 292 293 293 293 293 293 293 293 294 294 295 295 297 298 300 301 303 306 310 312 306 298 293 290 287 282 282 288 285 277 273 269 266 267 268 270 272 273 272 272 272 270 270 270 271 272 273 274 274 271 265 263 265 271 270 263 261 266 277 286 286 280 272 269 269 274 280 281 277 272 264 256 252 253 259 267 275 271 267 266 265 264 266 268 271
285 286 287 288 289 290 291 291 292 292 292 293 293 292 293 293 293 293 294 295 295 296 297 298 300 303 307 311 311 306 303 300 295 289 281 276 274 273 268 265 264 265 266 269 272 273 273 274 273 272 271 272 272 273 275 275 273 272 271 267 265 266 273 277 269 263 265 273 282 283 275 268 267 271 276 278 277 271 269 272 267 257 252 253 259 272 279 269 266 270 270 269 268 269
286 287 288 288 289 289 290 291 291 291 292 292 292 292 292 293 293 293 294 294 295 295 296 298 300 303 307 313 313 307 305 302 295 286 279 273 265 258 259 262 264 268 270 272 274 274 274 274 273 272 274 276 275 274 275 276 273 270 269 268 266 266 272 279 276 268 267 272 275 271 265 266 271 277 277 273 275 271 266 269 271 263 255 252 257 267 279 276 270 272 274 270 269 273
286 287 288 288 288 289 289 290 290 291 291 292 292 291 292 292 292 293 293 293 294 295 296 297 299 303 308 314 312 305 302 299 293 286 279 270 256 253 260 264 268 271 274 275 275 276 277 277 274 274 277 280 279 275 275 278 277 272 269 268 266 264 266 273 275 271 271 271 269 262 264 272 277 277 269 269 277 279 264 263 266 265 259 256 260 265 272 279 275 273 273 271 274 276
286 286 287 287 288 288 288 289 290 291 290 290 291 290 291 291 291 292 292 292 293 294 295 296 298 301 306 311 308 300 296 296 293 287 279 265 253 260 264 267 270 274 278 280 278 277 278 279 278 276 276 281 284 280 278 280 281 276 271 268 263 257 255 261 271 271 271 270 265 265 274 279 277 268 260 270 280 287 266 259 256 257 261 263 265 265 269 278 278 273 269 271 275 275
285 286 286 286 287 287 288 288 289 289 289 289 290 290 290 290 291 291 291 292 292 293 294 295 296 299 303 305 304 298 295 295 294 288 278 266 265 268 268 269 273 277 281 282 281 279 279 282 282 278 276 282 290 289 281 278 279 277 272 266 258 250 248 255 266 271 269 268 267 273 279 276 270 263 265 275 282 292 271 258 250 249 257 264 266 267 272 277 277 272 269 270 271 269
285 285 285 285 285 286 287 287 287 288 288 288 289 289 289 289 290 290 290 291 292 292 293 293 295 297 299 301 302 299 295 294 294 289 282 277 277 277 277 278 279 280 281 282 284 285 283 282 282 280 278 282 289 290 281 274 272 271 268 261 255 249 250 255 262 269 269 268 272 275 273 267 266 269 274 278 281 282 264 256 252 250 256 262 266 270 271 270 271 272 272 268 264 264
