windninja/windninja_output/Output_2025-10-23_2000-2050_Google earth_Fire_150m_10min/merlingen_7.5mi_point_10-23-2025_2000_150m_vel.asc
ncols	158
nrows	163
xllcorner	391686.332397
yllcorner	5160024.123721
cellsize	150.000000
NODATA_value	-32768.000000
[rows 0 to 37 of 163, columns 0 to 83 of 158]
3.28 3.19 3.19 3.39 3.62 3.75 3.77 3.78 3.84 3.90 3.90 3.85 3.70 3.43 3.03 2.58 2.09 1.85 1.99 2.25 2.56 3.10 3.63 3.80 3.63 3.31 3.05 3.04 3.23 3.30 3.19 3.03 2.82 2.66 2.66 2.63 2.36 2.09 1.97 2.00 2.15 2.28 2.27 2.18 2.13 2.10 2.00 1.94 2.26 2.76 3.09 3.25 3.33 3.33 3.21 3.02 2.83 2.68 2.59 2.57 2.62 2.67 2.67 2.67 2.75 2.86 2.89 2.78 2.60 2.46 2.45 2.48 2.47 2.46 2.51 2.54 2.49 2.34 2.18 2.15 2.24 2.27 2.27 2.18
3.39 3.32 3.30 3.39 3.49 3.57 3.54 3.43 3.39 3.46 3.61 3.79 3.90 3.87 3.69 3.36 3.04 2.86 2.92 3.05 3.09 3.27 3.61 3.85 3.82 3.58 3.34 3.23 3.20 3.15 3.07 2.99 2.93 2.85 2.77 2.78 2.71 2.60 2.55 2.49 2.48 2.54 2.60 2.64 2.65 2.66 2.68 2.60 2.54 2.63 2.77 2.85 2.90 2.90 2.86 2.82 2.80 2.78 2.75 2.65 2.58 2.60 2.65 2.68 2.70 2.75 2.80 2.78 2.68 2.55 2.49 2.49 2.51 2.51 2.54 2.56 2.55 2.49 2.37 2.28 2.29 2.29 2.28 2.29
3.59 3.60 3.59 3.53 3.46 3.42 3.42 3.39 3.37 3.52 3.81 4.04 4.16 4.27 4.39 4.41 4.38 4.29 4.15 3.97 3.76 3.54 3.50 3.68 3.92 3.94 3.74 3.46 3.23 3.09 3.01 2.97 2.98 3.01 3.02 3.07 3.21 3.27 3.21 3.11 3.02 3.01 3.07 3.19 3.27 3.33 3.43 3.44 3.19 2.85 2.72 2.72 2.70 2.67 2.69 2.77 2.85 2.90 2.93 2.88 2.76 2.71 2.74 2.75 2.69 2.65 2.70 2.79 2.80 2.69 2.58 2.54 2.54 2.54 2.54 2.58 2.66 2.74 2.65 2.48 2.44 2.48 2.42 2.41
3.72 3.84 3.91 3.81 3.73 3.69 3.83 4.15 4.44 4.59 4.55 4.40 4.30 4.29 4.44 4.71 4.79 4.75 4.59 4.30 3.96 3.70 3.54 3.58 3.95 4.29 4.31 4.09 3.88 3.74 3.61 3.41 3.22 3.20 3.29 3.35 3.36 3.34 3.32 3.36 3.45 3.52 3.55 3.60 3.66 3.70 3.70 3.71 3.68 3.52 3.32 3.17 3.10 3.06 3.00 2.92 2.86 2.82 2.84 2.92 2.92 2.85 2.79 2.76 2.71 2.68 2.71 2.79 2.81 2.74 2.64 2.58 2.53 2.46 2.43 2.45 2.55 2.73 2.76 2.58 2.49 2.65 2.69 2.55
3.68 3.82 4.04 4.05 4.00 4.05 4.23 4.48 4.65 4.62 4.44 4.29 4.28 4.36 4.47 4.62 4.65 4.50 4.32 4.17 3.94 3.71 3.60 3.66 3.94 4.36 4.73 4.86 4.79 4.68 4.59 4.43 4.18 3.91 3.71 3.61 3.53 3.55 3.68 3.77 3.85 3.95 4.03 4.04 4.00 3.91 3.79 3.70 3.69 3.64 3.46 3.25 3.15 3.13 3.08 2.95 2.84 2.79 2.78 2.81 2.85 2.82 2.77 2.76 2.74 2.71 2.71 2.78 2.82 2.75 2.65 2.56 2.49 2.46 2.44 2.37 2.28 2.37 2.62 2.63 2.43 2.46 2.70 2.69
3.50 3.56 3.82 4.10 4.23 4.29 4.33 4.28 4.11 3.92 3.88 3.94 4.02 4.17 4.29 4.31 4.30 4.14 3.88 3.77 3.71 3.53 3.39 3.44 3.62 3.90 4.25 4.58 4.80 4.90 4.97 5.04 5.02 4.84 4.51 4.21 4.17 4.24 4.32 4.31 4.22 4.12 4.04 3.95 3.84 3.73 3.61 3.51 3.44 3.39 3.35 3.24 3.08 2.99 2.97 2.94 2.89 2.85 2.83 2.83 2.84 2.84 2.83 2.82 2.78 2.75 2.74 2.81 2.88 2.87 2.80 2.68 2.54 2.52 2.60 2.64 2.53 2.39 2.43 2.56 2.46 2.30 2.44 2.61
3.44 3.40 3.45 3.77 4.13 4.29 4.25 4.03 3.76 3.62 3.66 3.79 3.89 3.97 4.01 4.01 4.11 4.22 4.17 4.06 3.93 3.68 3.35 3.17 3.20 3.30 3.48 3.81 4.20 4.49 4.68 4.84 4.99 5.07 5.05 4.95 4.88 4.80 4.65 4.46 4.26 4.01 3.74 3.52 3.38 3.34 3.31 3.27 3.23 3.21 3.23 3.26 3.20 3.09 3.00 2.93 2.89 2.86 2.85 2.87 2.95 3.05 3.08 3.03 2.92 2.83 2.79 2.85 2.92 2.96 3.05 3.10 2.96 2.77 2.76 2.89 2.93 2.80 2.60 2.61 2.67 2.54 2.47 2.54
3.55 3.51 3.42 3.42 3.56 3.71 3.75 3.60 3.44 3.44 3.58 3.77 3.95 4.03 4.01 3.98 4.04 4.26 4.44 4.43 4.37 4.19 3.79 3.31 3.07 3.07 3.25 3.50 3.72 3.89 4.07 4.23 4.35 4.46 4.63 4.73 4.67 4.49 4.28 4.06 3.84 3.61 3.40 3.23 3.10 3.05 3.04 3.04 3.03 3.03 3.03 3.09 3.19 3.22 3.14 3.02 2.96 2.93 2.92 2.96 3.04 3.13 3.23 3.27 3.20 3.03 2.89 2.89 2.96 2.96 3.01 3.18 3.23 3.06 2.85 2.80 2.90 2.91 2.75 2.68 2.73 2.63 2.58 2.68
3.60 3.59 3.53 3.39 3.24 3.15 3.15 3.21 3.30 3.40 3.51 3.65 3.83 3.99 4.10 4.11 4.09 4.20 4.40 4.48 4.46 4.42 4.25 3.90 3.51 3.33 3.39 3.44 3.41 3.47 3.58 3.68 3.83 3.96 3.99 3.91 3.81 3.69 3.58 3.45 3.29 3.13 3.03 2.99 2.97 2.92 2.87 2.83 2.82 2.86 2.94 2.94 2.93 3.02 3.13 3.11 3.07 3.07 3.03 2.93 2.80 2.68 2.73 2.97 3.12 3.10 2.99 2.96 3.04 3.03 2.90 2.83 2.88 2.91 2.81 2.70 2.75 2.83 2.78 2.71 2.73 2.60 2.50 2.73
3.57 3.56 3.54 3.49 3.37 3.23 3.16 3.22 3.36 3.47 3.52 3.54 3.57 3.65 3.78 3.96 4.09 4.16 4.35 4.61 4.70 4.67 4.60 4.43 4.13 3.76 3.55 3.48 3.43 3.44 3.51 3.51 3.52 3.61 3.64 3.53 3.37 3.26 3.19 3.11 3.05 3.00 2.94 2.88 2.82 2.75 2.70 2.70 2.65 2.63 2.68 2.74 2.70 2.75 2.91 2.96 2.88 2.82 2.70 2.51 2.32 2.17 2.06 2.15 2.45 2.74 2.86 2.89 2.94 2.99 2.88 2.70 2.63 2.68 2.71 2.65 2.63 2.64 2.76 2.98 3.09 2.98 2.65 2.51
3.60 3.59 3.58 3.55 3.50 3.47 3.47 3.49 3.53 3.54 3.53 3.48 3.41 3.36 3.40 3.62 3.88 4.04 4.17 4.43 4.75 4.93 4.93 4.79 4.57 4.29 3.92 3.63 3.52 3.44 3.35 3.24 3.11 3.10 3.18 3.23 3.18 3.09 3.07 3.11 3.14 3.09 2.98 2.84 2.70 2.54 2.44 2.46 2.38 2.20 2.16 2.28 2.34 2.37 2.37 2.42 2.25 2.05 1.96 1.90 1.83 1.68 1.50 1.50 1.74 2.05 2.28 2.40 2.47 2.63 2.78 2.78 2.70 2.67 2.70 2.67 2.62 2.52 2.58 3.00 3.38 3.48 3.18 2.69
3.64 3.64 3.61 3.59 3.56 3.55 3.59 3.63 3.63 3.61 3.56 3.49 3.40 3.30 3.27 3.41 3.67 3.90 3.98 4.03 4.23 4.52 4.72 4.75 4.60 4.29 3.81 3.40 3.18 3.04 2.88 2.77 2.72 2.72 2.77 2.83 2.89 2.93 2.97 3.01 3.02 3.00 2.92 2.83 2.76 2.59 2.28 2.08 1.96 1.72 1.52 1.49 1.47 1.50 1.50 1.58 1.60 1.51 1.44 1.40 1.34 1.19 0.96 0.91 1.06 1.23 1.46 1.68 1.85 2.20 2.60 2.82 2.81 2.76 2.90 3.10 3.24 3.19 2.97 3.01 3.29 3.61 3.69 3.47
3.65 3.64 3.63 3.63 3.63 3.63 3.62 3.59 3.57 3.56 3.53 3.48 3.39 3.24 3.12 3.14 3.31 3.56 3.79 3.86 3.88 3.95 4.08 4.16 4.00 3.65 3.31 3.03 2.82 2.69 2.65 2.67 2.66 2.62 2.61 2.62 2.63 2.70 2.77 2.80 2.83 2.87 2.88 2.83 2.77 2.66 2.40 2.06 1.80 1.55 1.28 1.10 1.03 1.06 1.09 1.09 1.17 1.24 1.26 1.25 1.22 1.05 0.76 0.52 0.45 0.54 0.71 0.93 1.26 1.77 2.22 2.58 2.77 2.82 3.06 3.47 3.76 3.84 3.69 3.45 3.33 3.46 3.69 3.75
3.67 3.66 3.64 3.65 3.67 3.69 3.66 3.60 3.55 3.52 3.49 3.46 3.41 3.31 3.15 2.96 2.89 3.02 3.32 3.53 3.56 3.50 3.43 3.37 3.31 3.24 3.14 3.02 2.90 2.77 2.61 2.51 2.50 2.48 2.52 2.63 2.68 2.63 2.58 2.57 2.57 2.51 2.34 2.19 2.13 2.11 2.12 2.17 2.13 1.85 1.49 1.24 1.13 1.14 1.17 1.02 0.91 0.98 1.14 1.34 1.39 1.23 1.02 0.76 0.52 0.43 0.39 0.35 0.54 1.01 1.61 2.10 2.50 2.70 2.81 2.88 3.04 3.26 3.36 3.27 3.16 3.17 3.28 3.37
3.71 3.70 3.67 3.66 3.65 3.63 3.62 3.62 3.60 3.56 3.51 3.48 3.47 3.51 3.51 3.37 3.17 3.00 2.93 2.99 3.01 2.96 2.96 3.01 3.07 3.10 3.13 3.10 2.97 2.81 2.67 2.51 2.43 2.45 2.52 2.66 2.72 2.60 2.38 2.12 1.97 1.89 1.81 1.68 1.63 1.68 1.66 1.81 2.28 2.50 2.17 1.75 1.59 1.63 1.68 1.43 1.11 1.02 1.24 1.64 1.89 1.83 1.77 1.71 1.46 1.10 0.82 0.59 0.39 0.49 0.90 1.60 2.11 2.33 2.30 2.24 2.30 2.41 2.49 2.48 2.49 2.58 2.65 2.74
3.73 3.72 3.70 3.68 3.63 3.58 3.56 3.56 3.56 3.55 3.54 3.52 3.51 3.57 3.73 3.88 3.81 3.51 3.13 2.87 2.81 2.85 2.94 3.07 3.15 3.14 3.13 3.14 3.06 2.95 2.98 3.02 2.92 2.75 2.52 2.26 2.11 2.06 1.92 1.77 1.68 1.69 1.82 1.89 1.81 1.90 1.90 1.63 1.76 2.41 2.81 2.69 2.61 2.75 2.88 2.88 2.45 1.89 1.80 2.03 2.30 2.39 2.34 2.30 2.31 2.16 1.80 1.51 1.18 0.75 0.72 0.96 1.39 1.68 1.86 1.98 2.03 2.08 2.17 2.25 2.19 2.09 2.08 2.13
3.76 3.75 3.73 3.69 3.66 3.64 3.61 3.59 3.57 3.56 3.55 3.54 3.51 3.48 3.52 3.65 3.73 3.68 3.47 3.19 3.01 2.98 3.01 3.12 3.24 3.27 3.16 3.12 3.21 3.25 3.18 3.06 2.84 2.51 2.10 1.78 1.66 1.71 1.79 1.88 1.95 2.02 2.26 2.46 2.42 2.34 2.43 2.28 1.95 2.13 2.78 3.19 3.26 3.24 3.28 3.38 3.32 2.85 2.47 2.57 2.68 2.65 2.55 2.44 2.51 2.58 2.41 2.14 1.95 1.55 1.01 0.74 0.74 1.04 1.47 1.74 1.90 2.10 2.26 2.33 2.22 1.98 1.87 1.85
3.79 3.78 3.77 3.74 3.71 3.70 3.68 3.66 3.66 3.63 3.58 3.52 3.46 3.38 3.28 3.19 3.20 3.30 3.33 3.22 3.03 2.87 2.83 2.91 3.02 3.07 3.01 2.93 2.94 2.97 2.85 2.63 2.45 2.35 2.25 2.13 2.05 2.08 2.22 2.37 2.48 2.49 2.45 2.50 2.56 2.50 2.52 2.73 2.82 2.69 2.67 2.88 3.05 3.05 3.03 3.17 3.41 3.41 3.17 3.05 3.02 2.95 2.81 2.65 2.61 2.73 2.76 2.53 2.28 2.01 1.66 1.27 1.04 0.98 1.06 1.35 1.73 2.02 2.13 2.03 1.90 1.80 1.72 1.74
3.81 3.81 3.79 3.77 3.75 3.72 3.70 3.69 3.68 3.66 3.61 3.52 3.43 3.34 3.20 3.03 2.90 2.85 2.81 2.76 2.70 2.65 2.63 2.63 2.65 2.71 2.75 2.68 2.53 2.42 2.38 2.38 2.42 2.52 2.63 2.64 2.53 2.41 2.38 2.43 2.46 2.47 2.48 2.48 2.55 2.59 2.55 2.65 2.88 2.90 2.67 2.50 2.57 2.78 2.96 3.14 3.37 3.47 3.35 3.20 3.16 3.12 2.97 2.83 2.76 2.77 2.84 2.72 2.45 2.27 2.19 2.06 1.83 1.46 1.11 1.01 1.11 1.28 1.51 1.58 1.55 1.54 1.48 1.59
3.82 3.80 3.80 3.81 3.80 3.77 3.74 3.70 3.66 3.62 3.59 3.56 3.48 3.37 3.22 3.02 2.80 2.65 2.60 2.61 2.65 2.69 2.69 2.66 2.68 2.72 2.73 2.66 2.51 2.39 2.38 2.46 2.49 2.45 2.44 2.50 2.52 2.47 2.49 2.62 2.71 2.78 2.84 2.82 2.79 2.86 2.88 2.72 2.60 2.66 2.63 2.46 2.39 2.58 2.93 3.20 3.37 3.45 3.34 3.13 3.03 2.98 2.83 2.69 2.64 2.61 2.68 2.78 2.79 2.78 2.72 2.55 2.33 2.08 1.76 1.42 1.14 1.15 1.39 1.55 1.57 1.56 1.49 1.54
3.86 3.86 3.86 3.83 3.81 3.80 3.77 3.72 3.66 3.60 3.57 3.55 3.50 3.41 3.28 3.12 2.95 2.84 2.82 2.85 2.88 2.89 2.88 2.87 2.86 2.84 2.78 2.72 2.65 2.59 2.58 2.65 2.73 2.75 2.84 3.00 3.09 3.14 3.16 3.19 3.16 3.09 3.02 3.00 3.00 2.98 2.92 2.76 2.61 2.64 2.72 2.68 2.57 2.53 2.63 2.80 3.02 3.26 3.35 3.18 3.04 3.03 2.88 2.68 2.64 2.67 2.80 2.99 3.11 3.10 2.96 2.66 2.36 2.16 2.03 1.95 1.95 2.03 2.11 2.05 1.93 1.87 1.76 1.61
3.93 3.93 3.88 3.83 3.81 3.81 3.80 3.77 3.71 3.65 3.61 3.55 3.48 3.40 3.33 3.24 3.16 3.11 3.08 3.05 3.02 3.01 3.00 2.97 2.94 2.91 2.88 2.82 2.75 2.70 2.70 2.80 3.02 3.27 3.49 3.68 3.76 3.66 3.45 3.32 3.25 3.20 3.16 3.12 3.04 2.89 2.78 2.80 2.85 2.89 2.94 2.94 2.84 2.63 2.44 2.44 2.59 2.85 3.16 3.29 3.22 3.20 3.09 2.88 2.79 2.85 3.03 3.22 3.25 3.11 2.87 2.66 2.43 2.16 1.94 1.95 2.21 2.57 2.82 2.83 2.57 2.24 2.03 1.79
3.93 3.92 3.90 3.89 3.88 3.87 3.84 3.80 3.76 3.70 3.67 3.64 3.58 3.48 3.39 3.32 3.28 3.26 3.24 3.21 3.17 3.14 3.10 3.06 3.03 3.02 3.00 2.96 2.89 2.82 2.81 2.94 3.19 3.37 3.38 3.32 3.33 3.35 3.20 3.08 3.11 3.21 3.27 3.22 3.07 3.01 3.10 3.13 3.10 3.05 3.03 2.98 2.91 2.75 2.60 2.55 2.57 2.67 2.88 3.19 3.30 3.27 3.21 3.09 3.11 3.28 3.40 3.40 3.32 3.15 2.90 2.70 2.57 2.41 2.16 2.04 2.13 2.45 2.92 3.29 3.30 2.95 2.62 2.18
3.95 3.95 3.96 3.96 3.93 3.88 3.83 3.78 3.75 3.74 3.70 3.67 3.65 3.58 3.49 3.41 3.37 3.34 3.32 3.31 3.29 3.26 3.23 3.20 3.16 3.10 3.04 2.96 2.83 2.73 2.71 2.77 2.89 2.97 2.96 2.86 2.76 2.81 2.91 2.94 3.02 3.16 3.27 3.33 3.38 3.45 3.47 3.34 3.15 3.04 3.03 2.98 2.93 2.91 2.83 2.73 2.67 2.64 2.69 2.98 3.23 3.27 3.20 3.17 3.28 3.39 3.35 3.20 3.09 3.00 2.84 2.67 2.57 2.54 2.48 2.25 2.02 2.08 2.41 2.95 3.44 3.48 3.26 2.85
4.00 3.99 3.97 3.95 3.91 3.87 3.83 3.79 3.77 3.76 3.72 3.64 3.60 3.60 3.58 3.51 3.44 3.38 3.35 3.33 3.32 3.31 3.29 3.26 3.23 3.18 3.09 2.96 2.76 2.58 2.53 2.48 2.47 2.60 2.77 2.85 2.82 2.76 2.77 2.86 2.96 3.10 3.31 3.59 3.78 3.74 3.55 3.38 3.20 3.04 2.98 2.99 3.01 3.03 3.00 2.91 2.83 2.72 2.60 2.66 2.92 3.17 3.30 3.31 3.13 2.83 2.67 2.65 2.67 2.63 2.52 2.46 2.54 2.62 2.56 2.30 1.92 1.71 1.85 2.32 3.00 3.49 3.67 3.60
4.02 4.00 3.97 3.94 3.92 3.89 3.87 3.85 3.83 3.79 3.72 3.64 3.58 3.57 3.56 3.54 3.49 3.43 3.38 3.34 3.31 3.29 3.28 3.28 3.29 3.32 3.32 3.26 3.08 2.77 2.46 2.32 2.33 2.51 2.80 3.03 3.11 3.03 2.85 2.83 2.94 3.10 3.35 3.60 3.70 3.66 3.55 3.44 3.36 3.26 3.15 3.06 2.92 2.83 2.88 2.98 3.02 2.90 2.61 2.41 2.60 3.11 3.53 3.65 3.45 3.02 2.68 2.60 2.66 2.63 2.47 2.39 2.48 2.55 2.55 2.50 2.26 1.75 1.56 1.89 2.51 3.16 3.64 3.97
4.06 4.04 4.01 3.98 3.95 3.92 3.90 3.88 3.87 3.82 3.75 3.69 3.62 3.55 3.51 3.49 3.47 3.45 3.40 3.35 3.31 3.31 3.33 3.37 3.41 3.46 3.60 3.69 3.57 3.23 2.79 2.41 2.18 2.15 2.40 2.83 3.19 3.35 3.23 3.09 3.14 3.23 3.36 3.49 3.57 3.71 3.88 3.82 3.67 3.61 3.55 3.37 3.10 2.91 2.94 3.10 3.16 3.06 2.86 2.73 2.86 3.08 3.22 3.33 3.40 3.26 2.99 2.84 2.88 2.95 2.83 2.60 2.46 2.43 2.48 2.63 2.73 2.32 1.66 1.62 2.01 2.51 3.02 3.54
4.11 4.10 4.08 4.03 3.98 3.95 3.92 3.90 3.86 3.81 3.76 3.70 3.62 3.53 3.48 3.46 3.44 3.43 3.42 3.40 3.39 3.41 3.43 3.47 3.51 3.59 3.73 3.98 4.12 3.98 3.54 2.93 2.42 2.13 2.02 2.25 2.76 3.30 3.45 3.34 3.30 3.40 3.49 3.61 3.82 4.04 4.30 4.41 4.18 3.88 3.89 4.00 3.88 3.64 3.39 3.25 3.32 3.48 3.48 3.45 3.38 3.12 2.75 2.61 2.76 2.92 2.92 2.90 2.98 3.06 3.03 2.79 2.54 2.42 2.37 2.45 2.76 2.87 2.30 1.69 1.60 1.88 2.30 2.71
4.14 4.13 4.10 4.05 4.00 3.98 3.95 3.91 3.84 3.78 3.73 3.68 3.62 3.57 3.52 3.49 3.46 3.44 3.44 3.46 3.49 3.48 3.46 3.46 3.53 3.68 3.93 4.31 4.70 4.83 4.57 3.98 3.29 2.78 2.48 2.52 2.93 3.44 3.81 3.92 3.94 4.05 4.04 4.03 4.13 4.27 4.39 4.58 4.67 4.43 4.35 4.53 4.55 4.30 3.89 3.52 3.58 3.87 3.87 3.65 3.49 3.35 3.05 2.68 2.61 2.73 2.80 2.88 2.97 3.02 3.11 3.09 2.89 2.61 2.32 2.18 2.30 2.73 2.63 1.93 1.47 1.50 1.80 2.08
4.16 4.14 4.11 4.08 4.02 3.98 3.94 3.89 3.81 3.77 3.73 3.70 3.67 3.64 3.58 3.52 3.49 3.48 3.47 3.47 3.46 3.45 3.43 3.43 3.48 3.65 3.95 4.28 4.64 5.08 5.34 5.17 4.51 3.85 3.72 3.93 4.10 4.31 4.54 4.71 4.87 4.94 4.89 4.74 4.55 4.48 4.52 4.71 5.09 5.33 5.28 5.15 5.07 4.89 4.51 4.07 3.80 3.72 3.72 3.45 3.08 3.00 3.07 2.90 2.63 2.55 2.61 2.79 2.90 2.84 2.86 2.98 2.97 2.74 2.42 2.25 2.30 2.59 2.69 2.17 1.52 1.31 1.40 1.64
4.19 4.18 4.16 4.11 4.04 3.99 3.94 3.89 3.83 3.78 3.74 3.71 3.68 3.63 3.57 3.53 3.50 3.49 3.47 3.45 3.43 3.44 3.46 3.49 3.54 3.62 3.69 3.77 3.91 4.12 4.44 4.90 5.07 4.96 4.97 5.01 4.94 4.89 5.00 5.14 5.19 5.17 5.09 4.98 4.81 4.63 4.59 4.69 4.84 5.05 5.14 5.04 4.95 4.91 4.70 4.25 3.72 3.32 3.28 3.22 2.80 2.49 2.62 2.73 2.52 2.32 2.33 2.50 2.66 2.59 2.38 2.36 2.46 2.53 2.57 2.64 2.64 2.80 2.98 2.66 1.89 1.40 1.28 1.44
4.24 4.23 4.18 4.14 4.11 4.08 4.02 3.94 3.89 3.84 3.78 3.72 3.66 3.62 3.59 3.54 3.48 3.42 3.41 3.42 3.43 3.46 3.49 3.52 3.57 3.61 3.60 3.57 3.57 3.59 3.77 4.29 4.89 5.11 5.02 4.87 4.81 4.88 4.99 4.99 4.78 4.46 4.23 4.18 4.21 4.19 4.11 3.96 3.70 3.53 3.56 3.66 3.84 4.18 4.30 4.08 3.81 3.39 3.02 2.96 2.82 2.55 2.57 2.75 2.63 2.29 2.19 2.34 2.60 2.60 2.26 2.09 2.18 2.40 2.60 2.72 2.78 2.95 3.23 3.18 2.59 1.91 1.51 1.44
4.27 4.24 4.16 4.13 4.13 4.10 4.01 3.94 3.87 3.83 3.79 3.75 3.72 3.69 3.63 3.57 3.49 3.42 3.37 3.37 3.39 3.43 3.48 3.53 3.55 3.57 3.62 3.70 3.87 4.23 4.69 5.00 5.08 4.88 4.42 4.20 4.36 4.49 4.33 4.08 3.90 3.69 3.53 3.49 3.50 3.49 3.39 3.17 2.93 2.81 2.75 2.77 2.96 3.41 3.86 3.91 3.89 3.84 3.51 3.10 2.72 2.51 2.70 3.05 3.06 2.54 2.22 2.37 2.75 2.93 2.63 2.47 2.56 2.61 2.63 2.68 2.81 3.04 3.32 3.47 3.10 2.45 1.92 1.58
4.32 4.28 4.20 4.13 4.08 4.02 3.96 3.91 3.84 3.78 3.74 3.73 3.72 3.68 3.63 3.57 3.54 3.51 3.47 3.42 3.39 3.39 3.44 3.54 3.62 3.62 3.58 3.61 3.83 4.29 4.71 4.94 4.93 4.86 4.50 4.10 4.18 4.18 3.92 3.66 3.55 3.46 3.34 3.22 3.06 2.94 2.83 2.68 2.58 2.58 2.57 2.52 2.50 2.70 3.15 3.34 3.35 3.60 3.90 3.76 3.13 2.66 2.80 3.25 3.52 3.11 2.40 2.16 2.47 3.06 3.20 3.10 2.97 2.80 2.68 2.68 2.79 3.02 3.41 3.79 3.69 3.08 2.49 1.99
4.38 4.37 4.33 4.26 4.16 4.08 4.01 3.93 3.85 3.79 3.74 3.69 3.65 3.62 3.60 3.57 3.54 3.52 3.49 3.45 3.41 3.39 3.39 3.43 3.52 3.56 3.50 3.43 3.44 3.53 3.73 4.02 4.36 4.78 5.03 4.81 4.39 4.04 3.83 3.68 3.52 3.29 3.01 2.80 2.61 2.45 2.36 2.33 2.34 2.36 2.38 2.35 2.29 2.29 2.47 2.66 2.69 2.78 3.29 3.88 3.70 3.05 2.82 3.11 3.64 3.64 2.91 2.20 2.17 2.74 3.21 3.26 3.05 2.79 2.59 2.48 2.49 2.58 2.86 3.50 3.98 3.84 3.35 2.73
4.40 4.40 4.41 4.39 4.30 4.17 4.05 3.97 3.91 3.84 3.76 3.69 3.64 3.59 3.55 3.53 3.52 3.49 3.45 3.43 3.42 3.41 3.37 3.31 3.26 3.27 3.32 3.33 3.21 3.10 3.26 3.64 4.18 4.70 5.10 5.11 4.56 3.89 3.53 3.30 3.10 2.94 2.74 2.60 2.54 2.44 2.33 2.37 2.45 2.50 2.51 2.51 2.50 2.48 2.54 2.66 2.64 2.49 2.63 3.28 3.53 3.02 2.64 2.75 3.36 3.89 3.60 2.84 2.41 2.39 2.59 2.79 2.77 2.56 2.35 2.23 2.14 2.01 1.92 2.30 3.16 3.73 3.81 3.42
4.43 4.41 4.37 4.35 4.28 4.15 4.02 3.95 3.90 3.83 3.76 3.69 3.64 3.59 3.55 3.52 3.50 3.48 3.45 3.42 3.40 3.38 3.33 3.26 3.20 3.17 3.20 3.20 3.15 3.24 3.54 3.85 4.15 4.26 4.25 4.35 4.27 3.80 3.28 2.89 2.68 2.69 2.75 2.72 2.70 2.73 2.69 2.65 2.64 2.61 2.65 2.75 2.87 2.94 2.95 2.98 2.99 2.89 2.81 3.12 3.40 3.01 2.54 2.48 2.87 3.62 3.91 3.50 2.91 2.40 2.14 2.19 2.24 2.22 2.26 2.22 2.10 2.02 1.92 1.84 2.12 2.75 3.40 3.71
4.51 4.49 4.40 4.27 4.17 4.10 4.01 3.91 3.82 3.78 3.75 3.71 3.66 3.61 3.58 3.56 3.52 3.49 3.47 3.43 3.38 3.34 3.31 3.28 3.26 3.24 3.20 3.22 3.43 3.83 4.02 3.94 3.71 3.48 3.46 3.54 3.58 3.45 3.18 2.91 2.79 2.77 2.84 2.95 2.97 2.97 2.96 2.96 2.94 2.88 2.85 2.94 3.11 3.18 3.08 3.07 3.25 3.40 3.38 3.48 3.65 3.35 2.78 2.47 2.48 2.93 3.53 3.53 3.11 2.67 2.34 2.23 2.25 2.33 2.39 2.28 2.15 2.31 2.55 2.33 1.99 2.21 2.84 3.54
