windninja/windninja_output/Output_2025-10-23_2000-2050_Google earth_Fire_150m_10min/merlingen_7.5mi_point_10-23-2025_2010_150m_ang.asc
ncols	158
nrows	163
xllcorner	391686.332397
yllcorner	5160024.123721
cellsize	150.000000
NODATA_value	-32768.000000
[rows 84 to 125 of 163, columns 0 to 93 of 158]
170 171 175 182 189 193 197 201 203 196 185 174 168 164 160 159 157 154 152 150 149 150 152 154 155 157 159 161 163 164 165 167 168 168 168 168 168 170 172 174 175 174 173 172 172 172 171 170 170 173 176 176 174 172 172 172 173 173 173 174 174 175 175 176 176 176 177 177 177 176 176 176 175 175 174 173 171 169 167 165 165 169 177 181 176 170 169 171 174 178 183 189 195 200
140 156 184 193 202 209 215 216 208 193 180 173 169 166 163 161 158 154 151 148 146 145 146 149 151 154 156 159 161 163 165 168 170 172 173 172 171 170 169 169 170 171 171 171 171 170 169 167 167 168 172 176 178 177 174 173 173 173 174 174 175 175 176 176 177 177 177 177 177 177 177 177 176 176 175 174 172 170 168 166 165 167 173 175 170 168 170 175 178 181 184 190 197 202
131 150 193 203 219 229 228 215 196 183 177 174 170 166 165 164 161 155 149 144 141 139 137 138 145 154 158 159 161 162 165 167 169 171 173 175 176 176 174 170 167 168 170 172 173 172 170 169 168 167 169 173 176 177 175 174 173 173 173 174 174 175 176 176 177 177 178 178 178 178 178 177 177 176 176 175 173 171 169 165 163 163 166 168 166 167 171 176 180 184 188 192 195 195
153 170 208 215 219 218 210 195 184 180 180 176 170 168 166 166 165 158 150 144 140 136 132 135 145 157 162 162 163 165 166 166 166 166 167 172 176 178 178 177 173 169 169 172 174 174 172 172 172 171 170 171 173 175 175 173 172 172 172 173 174 174 175 176 177 178 178 179 179 179 178 178 178 177 176 175 174 172 169 165 160 156 156 158 163 169 174 178 183 190 193 191 189 187
204 197 188 189 190 192 190 187 186 187 184 173 168 169 168 170 169 162 153 146 144 140 140 147 157 165 166 166 167 168 168 167 166 164 163 165 169 174 178 179 178 175 172 172 174 175 176 175 175 175 173 172 172 173 174 174 172 171 170 170 171 173 175 177 178 178 179 179 179 179 179 179 178 178 177 176 175 173 170 165 158 151 146 146 151 166 177 182 188 192 191 187 185 188
208 195 181 183 185 185 186 190 192 191 181 172 170 172 173 174 171 162 152 146 144 144 149 158 170 174 171 169 169 170 170 169 168 167 166 163 163 167 173 178 179 178 176 174 173 175 178 179 178 177 176 175 173 173 175 177 177 175 168 164 167 172 175 177 178 179 179 180 180 180 180 180 179 179 178 177 176 174 171 167 160 151 143 137 136 148 173 187 191 192 188 186 195 209
197 191 187 188 186 183 183 188 190 185 179 176 175 176 178 176 170 162 150 141 143 150 159 171 180 180 176 173 171 171 171 170 170 170 169 167 165 165 169 175 178 178 177 175 173 174 177 179 179 178 176 175 173 173 176 180 182 180 171 164 166 171 175 177 178 179 180 180 180 181 181 180 180 180 179 178 177 175 173 169 163 156 148 140 135 139 160 183 190 192 192 197 215 228
187 188 188 187 183 179 176 179 183 182 181 182 182 181 179 176 171 164 151 140 146 158 174 184 187 185 180 176 174 173 172 171 170 170 169 169 169 167 167 171 177 180 179 177 174 174 175 178 179 178 175 172 171 172 176 181 181 177 175 173 171 172 175 178 179 180 180 181 181 181 181 181 181 181 180 179 178 177 175 172 167 161 154 149 147 149 157 174 188 197 207 224 244 252
175 178 180 181 180 177 174 174 180 185 185 185 184 183 180 175 170 165 157 154 157 173 188 194 194 190 183 178 175 173 172 171 170 169 168 169 170 169 168 168 174 182 183 180 176 175 175 177 178 177 173 169 168 169 172 175 175 174 178 182 180 177 177 178 179 180 181 181 181 182 182 182 182 182 181 181 180 179 177 175 171 167 159 153 151 152 158 175 197 219 246 265 273 274
160 165 171 175 176 175 175 177 181 186 188 185 182 181 181 179 172 166 163 165 175 188 196 200 199 193 185 181 177 175 174 171 168 166 166 168 169 170 169 169 171 179 185 185 182 179 177 176 177 176 171 164 165 168 167 165 166 172 180 186 186 182 180 180 180 181 181 182 182 182 183 183 183 182 182 182 181 180 179 178 176 172 168 161 154 153 161 191 237 256 264 270 273 272
144 153 163 167 168 170 174 178 181 183 185 185 183 182 182 181 177 172 170 180 195 199 203 205 201 193 186 182 180 179 177 170 164 163 165 168 169 169 169 169 170 175 182 187 187 184 180 177 176 174 170 167 168 170 168 164 162 169 178 184 186 184 182 181 181 181 181 182 182 183 183 183 183 183 183 183 183 182 182 181 179 178 176 173 170 171 180 214 243 250 251 252 253 255
130 140 156 160 161 163 168 173 174 175 177 183 186 188 187 185 185 188 186 197 209 216 218 216 204 192 185 182 181 181 177 170 165 165 166 167 168 168 168 168 169 170 175 183 186 185 183 179 176 172 172 175 177 175 173 169 167 170 175 180 183 183 182 181 181 181 181 182 183 183 184 184 184 184 185 184 184 184 184 183 183 182 182 182 183 187 195 209 222 230 233 236 238 240
121 130 146 155 159 164 168 167 164 162 168 181 196 203 204 203 203 205 205 213 232 242 241 229 203 187 182 181 180 177 172 170 170 170 169 167 166 166 166 167 166 166 168 174 179 182 181 179 175 174 177 185 186 182 178 174 172 172 174 177 181 182 181 181 181 181 181 183 183 184 184 184 185 185 186 186 186 186 186 186 186 186 187 188 190 193 199 205 213 219 223 226 229 232
118 124 137 149 158 168 173 172 164 158 165 191 217 214 213 211 213 217 223 234 251 256 252 228 187 177 177 179 177 171 167 170 174 173 170 166 163 162 163 164 165 164 164 166 170 174 176 176 176 179 187 193 191 186 182 180 177 175 175 176 178 180 180 179 180 180 181 182 183 184 184 185 186 186 187 187 187 187 187 188 188 189 190 191 194 197 201 205 210 214 218 221 223 226
110 112 121 131 147 164 176 181 179 177 191 259 279 270 261 252 242 252 258 255 252 245 223 189 174 177 180 179 176 171 167 167 170 171 170 166 161 157 158 160 162 163 163 163 165 167 169 172 179 186 191 193 192 189 185 183 182 180 178 179 179 179 177 177 177 179 180 182 183 184 185 186 187 187 187 188 188 189 189 189 190 191 192 194 196 198 201 205 208 212 215 217 220 222
100 98 96 102 111 122 147 197 223 252 276 295 301 299 292 284 283 283 278 265 237 205 186 182 185 190 189 183 179 175 170 166 164 165 166 164 161 158 155 155 158 160 161 163 166 168 169 173 180 186 188 189 190 190 187 185 185 184 182 181 181 181 179 176 175 176 178 180 182 185 186 186 187 188 188 189 189 190 190 191 192 193 194 196 197 200 202 205 208 211 213 216 218 220
104 101 95 93 89 75 33 343 316 305 301 302 303 305 307 300 290 284 272 238 198 180 180 196 211 210 201 191 184 179 171 163 157 155 156 157 158 158 155 153 155 157 159 161 164 167 171 175 179 184 186 187 188 188 188 187 187 187 185 182 181 182 183 181 178 176 176 177 181 185 186 187 188 189 189 190 190 191 191 192 193 194 195 197 199 201 203 205 208 210 212 214 217 219
115 113 106 98 85 49 6 343 320 305 297 290 287 283 279 270 243 229 217 192 175 174 196 227 233 225 213 201 193 186 173 157 147 142 141 143 148 151 152 153 154 154 156 158 160 166 170 174 178 181 184 187 187 187 188 188 188 188 188 185 182 182 184 184 183 180 178 178 181 185 187 187 188 189 190 191 191 192 192 193 194 195 196 198 199 201 203 205 207 210 212 214 216 218
129 127 121 112 97 48 336 323 305 287 279 271 257 236 212 201 199 196 191 182 177 195 235 244 239 233 229 223 210 193 169 152 144 137 132 133 136 140 144 148 151 152 153 154 158 163 169 173 177 180 183 186 187 187 188 188 187 188 189 188 185 183 184 186 186 184 182 182 184 187 188 187 188 189 191 192 192 193 193 194 195 196 197 198 200 202 204 206 208 210 211 213 215 217
148 147 146 145 151 187 229 256 272 270 262 248 226 200 187 186 188 189 187 187 199 236 249 246 241 240 240 235 210 182 161 152 146 140 135 132 130 131 135 140 145 147 148 150 153 157 163 171 176 180 183 185 185 185 186 187 187 188 189 189 187 186 185 187 188 188 187 187 188 190 191 190 188 189 192 193 193 193 194 195 196 196 197 199 200 202 204 206 208 210 211 213 215 217
169 169 172 176 184 202 222 244 262 267 257 237 207 181 169 172 183 191 200 226 246 246 240 237 238 236 228 218 200 174 160 151 145 142 138 132 128 127 128 133 139 142 144 146 148 151 156 165 174 179 182 183 184 184 185 187 188 189 189 189 189 189 188 188 189 191 190 190 190 191 194 197 196 194 195 196 194 193 194 195 196 196 198 199 201 202 204 206 208 210 211 213 215 217
189 189 191 197 204 213 227 241 247 249 248 243 202 162 153 156 185 233 261 266 256 243 234 231 228 219 213 210 199 178 165 152 145 144 139 132 131 132 133 135 139 142 142 142 145 149 153 160 168 175 179 181 184 185 185 186 187 189 190 191 191 191 190 189 191 193 192 191 191 192 195 200 202 200 198 196 194 194 195 196 195 195 197 199 201 203 205 206 208 210 211 213 215 217
205 204 203 206 209 215 224 229 229 216 204 198 185 178 176 177 202 244 255 250 242 235 226 218 214 209 206 206 197 184 170 158 153 149 140 135 137 139 138 138 139 142 141 141 143 146 150 156 162 169 175 179 183 186 187 186 187 188 190 192 193 191 191 191 191 192 194 192 191 194 197 199 201 200 197 196 196 195 196 196 192 191 194 198 200 203 205 207 208 210 212 213 215 217
213 212 210 210 212 214 213 205 198 189 185 187 189 192 195 196 204 220 230 231 226 219 209 203 202 202 201 198 193 185 173 168 165 155 142 140 144 146 142 139 140 142 142 143 144 145 148 153 159 164 169 175 180 184 187 189 189 189 190 192 194 192 191 191 192 193 195 194 191 193 198 199 199 200 200 199 199 196 193 195 195 190 190 195 199 202 205 207 209 211 213 214 215 217
218 216 213 211 207 202 195 190 186 186 190 196 201 205 205 201 198 206 215 216 207 201 197 192 191 195 194 189 187 184 178 175 172 159 147 149 153 151 145 143 145 144 142 144 146 146 147 151 157 162 168 173 177 181 185 189 190 190 189 191 193 194 192 192 194 195 196 196 193 192 196 200 200 200 201 201 200 198 195 198 201 197 190 191 197 202 205 208 210 212 214 215 216 217
222 219 212 204 196 192 191 191 191 195 205 211 213 209 204 198 193 197 205 205 197 192 193 188 182 183 186 185 182 181 180 179 174 160 151 155 159 153 150 152 152 143 139 143 146 146 147 150 154 159 166 172 176 179 182 186 189 191 189 189 192 194 194 194 196 197 196 196 195 192 194 199 200 199 199 201 201 202 201 201 204 203 198 192 194 201 206 210 212 213 215 216 217 219
222 218 208 201 196 196 199 205 209 211 214 216 213 206 199 192 188 193 197 199 197 194 190 185 177 173 177 179 179 180 180 179 175 165 155 157 158 154 156 161 159 148 142 143 143 145 147 150 152 156 161 168 175 180 182 183 187 190 190 189 190 194 197 197 198 199 197 195 195 194 192 195 198 199 200 202 204 206 206 205 205 206 205 200 197 201 207 212 214 216 219 220 220 222
220 217 210 207 207 210 214 216 216 214 215 217 211 198 190 186 186 189 191 193 197 198 189 181 176 169 166 167 171 179 183 179 174 166 159 160 159 159 164 166 162 158 153 146 143 143 146 149 150 152 157 164 172 178 181 182 185 189 191 190 190 193 198 198 198 199 199 197 195 192 191 193 198 201 202 204 206 208 209 209 208 208 208 205 202 203 210 216 220 223 226 226 225 225
224 222 217 216 216 215 213 211 212 211 209 207 199 188 183 184 186 187 185 186 192 197 195 183 176 167 158 154 158 172 182 182 173 163 159 163 167 169 172 169 166 163 157 152 149 147 146 145 145 148 153 161 170 175 179 181 183 187 191 191 190 192 196 197 197 198 199 199 197 193 191 193 197 201 203 205 206 206 208 209 210 209 209 208 206 206 212 220 228 233 234 230 226 225
228 226 222 221 220 216 212 208 207 206 201 196 191 185 183 184 185 181 177 178 185 194 201 195 179 167 160 154 151 159 173 181 175 161 158 166 175 179 177 173 171 164 154 152 154 153 149 145 145 145 149 157 166 173 178 180 182 185 190 192 191 191 194 196 195 196 198 199 198 195 192 193 195 198 202 205 206 205 205 208 211 212 212 212 212 210 214 220 225 226 224 221 219 223
228 227 224 220 217 213 210 206 204 202 193 186 186 187 186 183 179 173 169 171 177 189 199 200 183 173 170 166 158 155 163 174 173 165 161 167 176 180 179 177 172 161 155 156 158 156 153 152 150 147 147 152 160 169 176 180 181 183 188 191 191 191 193 194 194 194 196 198 198 197 194 194 196 198 201 205 206 206 205 207 211 213 211 210 211 209 212 216 214 212 213 213 214 221
227 225 221 216 213 210 208 207 205 197 184 178 182 187 187 181 174 172 169 168 171 180 189 191 186 179 177 176 171 165 165 170 173 171 167 167 169 174 178 175 167 160 160 163 164 161 159 159 156 151 149 151 156 165 173 179 181 182 185 189 191 191 191 193 193 192 194 196 198 198 197 198 200 201 200 203 206 207 206 206 211 213 210 209 210 208 207 208 206 208 211 212 214 217
225 223 220 216 213 209 208 206 202 191 177 174 180 185 184 178 176 176 172 168 169 172 176 181 186 185 182 179 174 170 168 168 173 175 170 166 168 173 174 169 163 161 165 169 168 166 164 161 157 154 153 153 156 162 171 179 181 181 183 186 189 190 191 192 193 192 193 195 197 198 198 198 201 204 203 202 205 208 209 208 212 215 212 210 211 208 203 203 204 208 212 214 212 211
225 224 221 219 215 211 205 199 194 186 179 176 179 180 178 179 180 177 169 163 163 164 165 170 179 184 187 184 179 174 169 165 168 173 173 169 169 173 172 167 165 167 171 173 172 170 166 160 158 158 158 158 159 162 169 177 181 181 182 184 187 188 189 191 191 192 192 194 195 197 197 197 199 203 205 204 203 207 210 210 212 214 212 209 209 207 201 201 205 210 212 212 209 206
227 225 222 219 214 209 200 192 186 183 183 181 178 173 173 180 183 172 161 156 153 153 155 158 164 174 178 177 180 183 177 168 166 167 175 182 181 177 172 170 172 175 176 175 175 172 167 164 162 163 163 164 163 163 168 175 180 182 182 183 184 184 186 188 190 191 191 193 195 196 195 195 196 200 204 205 204 206 208 208 209 213 212 208 206 204 201 201 205 209 210 209 206 207
229 225 222 220 213 206 197 189 183 180 183 184 177 171 171 178 181 172 158 150 145 143 146 148 151 156 160 164 173 179 175 169 165 164 177 191 192 185 180 181 182 182 180 177 175 174 171 166 165 167 167 167 165 165 168 173 179 181 182 183 183 182 182 185 188 190 191 192 195 196 195 193 194 196 200 205 207 206 207 209 212 215 213 208 204 202 200 201 205 208 209 207 206 210
228 225 220 218 214 208 199 190 182 179 181 181 176 172 172 175 178 176 164 151 143 138 137 138 140 142 145 151 157 161 164 165 163 168 181 192 196 192 189 192 193 190 186 183 182 181 177 172 171 171 171 170 168 167 169 173 177 180 181 182 181 181 183 186 191 195 194 192 194 196 195 193 192 192 196 202 206 208 209 212 215 216 213 208 203 200 199 201 205 207 208 207 206 209
227 223 213 209 208 206 200 194 186 179 178 176 173 171 171 173 177 178 173 162 146 132 126 127 128 131 137 143 145 145 148 155 162 170 181 189 194 197 196 198 200 199 195 192 191 189 185 182 180 178 175 173 171 170 171 173 177 179 180 181 182 185 191 199 207 211 204 188 185 191 193 193 192 190 192 196 202 206 209 212 213 213 211 205 201 199 198 200 205 208 207 206 204 205
222 216 205 200 199 198 196 196 193 186 178 172 170 169 166 168 175 182 182 172 152 132 122 117 115 117 124 131 134 136 142 151 159 170 181 187 193 199 196 193 199 204 205 202 197 194 191 190 187 184 180 176 173 173 173 173 176 179 181 184 189 197 206 209 206 203 199 187 172 178 189 192 191 189 188 190 196 201 205 208 210 211 207 201 199 199 198 200 204 206 205 203 202 202
218 213 203 197 195 193 193 194 196 195 184 174 172 170 164 160 168 185 193 181 158 138 124 112 107 108 112 117 124 132 142 151 157 168 179 185 191 198 198 191 193 201 207 207 201 194 191 188 186 185 182 178 177 176 174 174 177 182 186 192 201 207 204 199 195 194 195 193 182 170 177 185 187 188 187 186 188 193 199 202 205 207 204 200 200 201 200 201 204 205 204 200 199 201
218 213 204 199 194 192 191 192 195 195 190 185 181 176 164 155 158 179 193 190 166 144 131 122 115 109 107 116 127 135 148 155 157 166 177 185 189 196 199 193 190 195 204 209 205 197 190 186 184 184 183 182 181 178 178 179 183 190 195 198 201 198 193 191 189 190 193 196 196 186 174 175 179 182 183 181 180 184 190 194 198 204 206 204 203 203 202 203 206 207 203 197 194 197
213 209 203 198 192 190 190 189 189 189 190 196 198 184 163 150 149 163 180 183 177 157 143 132 124 121 124 134 139 147 159 162 160 165 175 184 187 191 197 196 191 192 199 207 208 202 193 186 183 183 185 186 185 182 181 183 187 192 195 194 190 188 188 188 188 190 192 196 200 199 191 182 176 170 169 171 172 173 179 185 191 201 207 207 206 205 203 203 206 205 199 192 190 195
