windninja/windninja_output/Output_2025-10-23_2000-2050_Google earth_Fire_150m_10min/merlingen_7.5mi_point_10-23-2025_2020_150m_ang.asc
ncols	158
nrows	163
xllcorner	391686.332397
yllcorner	5160024.123721
cellsize	150.000000
NODATA_value	-32768.000000
[rows 84 to 125 of 163, columns 0 to 93 of 158]
274 278 284 279 271 267 265 262 262 266 274 279 279 277 277 278 278 279 281 283 284 285 284 284 288 289 285 282 280 279 278 277 276 274 273 273 273 272 272 272 273 275 277 278 278 279 280 282 283 282 281 282 284 285 285 283 283 283 283 283 283 284 284 284 284 285 285 286 286 287 288 290 291 293 295 298 301 306 313 323 339 347 341 323 306 300 295 291 290 289 286 284 281 278
267 267 267 265 262 259 252 250 257 265 273 276 276 275 274 275 276 277 279 281 283 284 285 286 289 291 286 282 281 280 279 277 275 273 271 272 273 272 273 275 276 277 277 278 278 278 278 280 281 281 280 279 278 280 282 282 282 283 283 283 284 284 284 284 284 285 285 286 286 287 288 289 291 293 295 297 300 305 311 322 339 347 345 325 304 298 294 290 289 288 287 284 282 280
266 264 261 261 258 253 247 249 259 268 273 273 273 273 272 272 272 273 275 277 280 282 284 287 291 293 289 284 282 281 279 278 277 277 274 273 271 270 272 275 278 279 278 277 276 276 277 278 279 281 281 279 278 278 280 282 282 283 283 284 284 284 284 285 285 285 285 286 286 287 288 289 290 292 294 296 299 304 310 320 334 343 340 321 302 294 292 289 288 287 285 285 286 287
266 264 260 259 256 252 250 254 262 267 269 269 271 272 270 269 267 267 269 273 277 278 282 289 299 302 293 287 283 280 280 279 279 281 279 275 272 270 269 271 275 279 280 277 275 275 275 276 277 278 280 280 280 279 279 281 282 283 284 284 285 285 285 285 285 285 285 285 286 287 287 289 290 291 293 296 298 302 308 316 328 336 333 319 301 293 289 287 285 284 285 287 290 291
268 266 264 263 259 254 254 257 260 261 264 269 272 271 268 264 261 262 266 271 276 279 288 298 310 312 296 286 282 279 278 279 279 280 281 280 277 273 270 269 270 274 278 279 276 274 274 275 275 275 278 280 281 280 280 280 281 283 285 286 286 286 286 285 285 285 285 285 286 286 287 288 289 291 293 295 297 301 306 312 320 328 327 315 302 293 287 285 284 285 287 290 289 284
272 271 270 266 262 259 256 255 254 255 263 272 273 270 266 259 256 260 265 272 280 289 298 305 316 313 293 284 280 278 277 277 278 278 279 280 281 278 273 270 269 271 274 278 278 276 273 272 274 275 277 279 282 283 282 280 279 279 283 288 290 289 287 286 285 285 285 285 286 286 287 288 289 290 292 294 296 299 303 307 313 320 321 313 302 294 287 284 286 288 288 287 280 273
273 272 267 263 262 262 259 254 250 254 263 271 270 265 261 257 256 259 265 276 290 300 305 306 308 301 287 281 279 277 276 276 277 277 277 278 280 281 277 272 270 271 272 275 278 277 274 272 272 275 278 280 284 285 284 279 276 276 282 290 294 291 288 286 285 285 285 285 286 286 287 287 288 290 291 293 295 297 300 303 308 313 316 311 304 299 294 289 288 288 284 277 273 271
270 267 261 258 260 263 262 257 253 256 263 266 263 260 258 258 259 259 263 278 296 308 307 293 284 280 278 277 276 275 275 275 276 277 277 277 278 280 281 277 271 269 271 274 276 277 275 273 271 273 278 282 285 287 287 282 279 282 284 289 294 293 289 286 285 285 285 285 285 286 286 287 288 289 290 292 293 295 297 300 303 307 311 310 306 303 299 294 290 285 277 270 270 270
268 266 261 260 260 262 265 263 256 255 259 260 256 256 258 261 264 266 272 283 295 308 293 265 253 263 271 273 273 274 274 275 276 278 278 278 277 278 281 281 274 268 268 271 275 276 275 273 271 273 277 282 286 289 292 291 288 287 284 282 286 290 288 286 285 285 285 285 285 285 286 286 287 288 289 290 292 293 295 297 299 302 305 306 304 301 298 293 287 279 267 266 269 269
271 270 268 266 266 267 269 269 260 255 255 255 253 254 257 263 272 278 283 283 280 259 239 235 238 256 266 270 271 272 272 273 276 279 279 278 278 278 279 281 279 271 266 268 271 273 274 273 272 272 275 283 289 290 293 295 290 285 280 277 279 285 286 285 285 284 285 285 285 285 286 286 287 287 288 289 290 292 293 294 296 298 299 301 299 296 293 288 280 270 265 267 270 270
272 271 271 272 273 273 273 273 275 269 262 257 256 257 259 266 273 278 277 267 247 222 215 222 234 254 265 268 269 269 269 272 277 280 281 279 278 279 279 280 281 277 269 266 267 270 273 274 274 274 277 284 292 291 291 292 288 283 280 278 278 281 284 284 284 284 284 284 285 285 285 286 286 287 287 288 289 290 291 292 293 294 295 295 294 292 289 284 277 272 271 271 272 272
270 270 270 274 274 272 270 273 286 284 274 265 261 260 265 269 269 269 265 250 230 222 219 227 241 257 264 266 266 266 268 274 278 280 281 280 279 279 280 281 283 284 277 269 267 269 272 275 278 280 282 283 287 287 286 288 288 285 283 281 280 281 283 284 284 284 284 284 285 285 285 285 286 286 287 287 288 289 289 290 291 291 292 291 291 289 287 283 279 276 275 274 274 273
271 271 271 273 270 264 260 264 276 283 278 269 261 258 265 268 267 268 259 232 222 225 229 241 254 263 266 266 267 269 273 275 275 276 278 280 280 280 280 281 284 288 285 278 274 273 274 278 282 283 281 276 275 280 282 284 285 285 284 283 281 282 283 284 284 284 284 285 285 285 285 285 285 285 286 286 287 287 288 289 289 289 289 289 288 287 285 283 280 278 276 275 275 274
275 274 272 270 265 258 253 253 259 267 270 264 260 260 265 267 270 268 251 226 219 227 239 254 266 270 269 268 270 274 275 272 270 271 274 278 279 281 282 283 285 289 290 285 281 279 278 279 279 277 272 268 269 274 278 279 281 283 283 283 282 282 283 284 285 285 285 285 285 284 284 285 285 285 285 286 286 286 287 287 287 287 287 287 286 285 283 282 280 279 277 276 275 274
274 273 269 266 264 259 253 251 251 253 254 257 262 265 267 269 268 259 239 226 224 233 250 264 273 270 266 268 270 271 272 270 269 270 272 275 279 282 284 285 286 289 293 289 283 281 279 277 274 270 268 268 268 271 275 276 278 280 282 282 282 282 283 285 285 286 285 285 285 284 284 284 284 285 285 285 285 286 286 286 286 286 286 285 285 284 283 281 280 279 277 276 275 275
270 268 264 264 265 262 259 256 252 248 249 252 255 262 267 265 258 247 234 228 232 247 263 268 263 252 257 263 266 267 269 270 271 271 273 276 279 281 285 288 289 291 294 292 286 282 281 277 273 270 270 270 269 270 273 276 276 278 281 282 281 281 282 284 286 287 287 286 285 285 284 284 284 284 284 284 285 285 285 285 285 285 285 284 283 283 282 281 280 279 277 276 276 275
269 267 263 263 261 259 258 257 253 249 249 247 247 254 258 255 252 248 238 237 251 266 268 256 238 240 250 258 262 264 265 268 271 274 277 279 280 281 284 289 293 293 295 296 290 284 281 278 274 272 271 271 272 272 273 275 275 275 278 282 282 281 281 282 285 288 288 288 286 284 284 284 284 284 284 284 284 284 284 284 284 284 284 283 283 282 281 280 279 278 277 276 275 275
271 269 265 262 258 256 255 254 253 251 250 247 245 244 246 249 252 253 250 258 271 273 259 238 233 240 249 254 257 260 263 267 272 276 280 282 282 282 284 289 295 296 296 298 294 286 281 279 277 275 273 272 272 273 273 273 274 274 276 279 282 281 280 280 283 286 288 288 287 284 283 283 284 284 284 284 284 284 284 284 284 284 283 283 282 282 281 280 279 278 277 276 275 274
273 271 266 261 258 256 255 254 253 252 251 249 246 242 246 252 256 257 259 266 269 258 240 235 237 242 248 253 255 259 263 268 272 276 280 284 286 286 286 289 294 297 298 300 299 293 285 282 279 277 274 273 273 273 273 274 275 275 274 276 280 282 281 280 281 284 286 286 285 283 282 283 285 284 283 283 283 283 284 284 284 284 283 283 282 281 280 280 279 278 277 276 275 274
274 272 267 262 259 258 257 255 254 254 253 252 252 255 261 262 261 260 263 265 256 236 233 238 240 242 247 254 257 262 266 268 271 274 278 284 288 290 288 289 293 298 300 301 303 299 291 284 280 277 275 274 274 275 275 275 275 275 274 275 278 281 281 280 279 281 283 283 282 280 280 282 285 284 283 283 283 284 284 284 284 283 283 283 282 281 280 279 278 278 277 276 275 274
275 272 267 263 260 259 258 256 255 255 257 258 261 267 272 271 266 262 260 255 242 233 236 239 239 241 247 254 259 265 268 269 270 274 277 282 287 291 291 291 294 298 301 302 305 303 296 289 283 279 277 276 276 277 277 275 275 275 275 276 277 278 279 279 278 278 279 281 280 278 277 278 281 283 282 282 283 284 284 284 284 284 284 283 282 281 280 279 278 277 277 276 274 273
276 273 267 262 260 259 258 256 255 257 259 262 267 271 274 273 268 262 255 248 240 239 240 239 239 243 248 253 258 264 268 271 273 274 275 280 286 292 295 295 297 300 302 303 306 307 302 295 289 284 281 279 277 277 277 277 276 275 275 275 276 276 277 278 277 276 278 279 279 277 275 273 274 278 280 281 284 285 284 284 285 286 285 284 283 282 280 279 278 277 276 275 274 273
276 273 266 261 259 259 258 256 256 259 263 266 270 272 273 271 266 260 253 245 242 245 244 240 241 244 248 251 256 263 269 274 275 272 272 280 288 295 298 299 300 301 302 304 307 309 308 302 297 291 285 282 279 277 276 277 277 276 274 274 274 275 277 277 277 276 277 278 278 275 273 271 271 273 277 281 283 284 283 284 287 289 288 285 284 282 281 279 278 277 276 275 274 273
278 273 266 262 259 258 259 260 261 264 268 270 269 267 267 267 264 260 253 246 244 249 251 245 242 244 246 247 253 264 271 275 275 268 272 283 292 296 296 298 302 303 303 305 308 311 313 309 303 297 290 284 282 279 276 275 276 276 275 273 273 275 277 277 277 276 275 276 278 274 271 271 272 272 274 277 279 283 285 284 287 291 291 288 285 283 281 279 278 277 276 274 273 272
280 274 266 264 263 263 266 268 270 268 266 264 261 258 259 262 263 259 252 248 251 256 257 251 244 243 247 247 251 262 271 273 273 267 275 287 294 294 294 298 304 305 304 307 310 313 316 315 310 302 294 288 285 282 278 275 274 275 276 275 273 273 276 277 275 275 274 274 276 276 271 269 271 273 273 274 277 281 284 283 282 286 291 291 287 284 282 280 278 276 275 274 273 272
284 278 271 271 273 273 272 269 267 263 259 256 253 253 257 262 265 258 248 250 257 262 262 257 250 247 248 248 253 263 269 271 271 268 276 287 291 292 296 301 303 301 303 309 312 313 317 320 316 308 300 293 288 285 282 278 275 275 276 277 274 272 274 275 273 273 274 274 274 275 272 269 270 273 274 274 275 277 280 280 279 281 288 292 290 286 282 280 278 276 275 274 273 272
293 287 281 280 278 274 269 263 259 256 255 254 252 254 259 266 269 258 245 250 258 266 268 265 262 257 252 251 256 263 269 270 269 268 275 284 290 295 300 303 299 296 301 309 312 313 317 323 321 314 306 298 291 286 284 282 279 276 276 277 276 273 270 270 270 271 273 275 275 274 274 272 271 272 273 273 273 273 275 277 279 279 283 288 290 287 283 280 277 275 274 273 273 272
302 293 285 280 274 269 263 260 258 255 254 254 257 260 264 270 273 264 247 250 256 266 276 275 270 267 265 261 258 260 265 270 269 267 275 285 293 299 304 302 300 297 298 305 311 314 317 323 324 319 312 304 296 288 286 285 282 277 276 277 277 274 270 268 269 269 271 274 275 276 276 274 271 270 270 271 271 270 271 274 277 278 280 284 287 287 283 279 276 274 273 273 273 273
303 294 283 275 270 266 263 261 259 256 253 257 264 269 270 273 277 279 260 255 257 264 275 282 274 273 277 277 269 259 259 266 270 272 280 289 296 301 303 301 300 294 291 298 310 316 318 321 324 322 317 311 303 293 288 286 285 280 276 276 277 275 271 270 270 269 268 269 273 277 277 275 272 270 269 269 270 269 268 270 274 278 280 281 283 283 279 276 273 271 273 275 275 274
304 293 281 273 270 268 266 264 261 257 256 261 269 273 271 274 281 305 296 271 261 261 267 278 275 276 282 285 280 269 260 261 268 277 284 291 295 296 297 296 292 285 286 295 309 317 317 317 321 323 322 319 311 299 291 288 288 284 278 276 277 276 273 272 272 270 268 267 269 274 276 275 274 272 269 268 269 270 269 268 269 274 277 277 279 278 273 270 268 269 276 280 279 274
309 294 281 276 273 271 270 268 263 260 264 269 272 272 270 275 287 321 326 290 269 261 262 272 280 284 287 286 284 282 269 261 266 276 284 289 289 289 291 291 285 284 289 295 305 314 317 319 321 323 325 326 319 306 295 291 290 287 281 277 277 277 275 273 274 273 270 268 268 270 273 274 274 273 269 267 268 270 270 267 267 270 272 273 274 272 267 266 267 273 279 282 278 271
328 301 284 280 277 273 270 269 266 268 275 279 277 270 267 276 293 325 341 309 283 270 267 273 284 289 290 287 286 291 283 268 266 273 282 288 290 289 287 286 286 290 294 297 303 313 320 323 322 322 326 329 327 315 300 292 290 289 285 280 279 278 277 275 275 275 273 270 269 269 269 269 269 271 272 269 267 268 270 269 267 268 269 269 268 266 264 266 271 277 279 277 272 265
353 313 289 281 278 275 270 267 270 277 284 287 284 272 269 279 294 328 350 329 305 293 286 282 283 289 292 287 285 296 298 281 269 270 280 289 293 292 286 287 291 295 297 296 300 310 318 320 318 319 325 331 334 325 307 295 291 291 288 284 281 280 279 277 276 276 274 272 270 268 268 266 265 266 271 271 268 266 267 268 268 268 269 266 262 261 264 268 273 276 275 271 266 263
5 325 292 281 278 277 276 274 277 281 285 291 293 284 274 277 288 323 346 336 320 308 300 292 287 289 296 293 291 298 302 291 278 277 283 291 295 293 288 291 297 299 297 295 296 304 312 316 318 320 325 334 339 334 317 300 294 293 291 287 284 284 282 280 278 277 276 274 271 269 268 267 264 262 264 270 270 266 264 265 268 270 270 265 260 261 266 270 272 273 270 266 264 265
15 343 295 283 282 282 284 285 284 283 282 288 301 296 279 273 280 310 335 334 323 311 303 298 294 293 300 301 299 302 306 305 302 294 292 293 297 298 294 297 301 300 296 293 293 298 309 317 321 323 326 336 342 341 328 307 296 293 292 290 288 289 287 284 281 279 278 275 271 270 270 268 265 262 261 263 266 266 264 265 267 269 268 265 263 265 268 270 271 269 266 264 262 265
27 3 305 287 287 288 289 288 286 285 280 284 303 303 284 273 277 298 324 330 324 313 304 299 297 296 297 299 300 305 310 315 312 302 295 291 293 302 304 305 303 299 294 293 295 299 306 314 320 323 326 335 343 345 336 314 299 294 294 292 290 292 291 287 283 280 278 275 271 270 271 270 268 265 261 258 259 262 264 266 266 266 265 265 267 270 271 271 269 266 263 261 258 259
34 17 317 291 289 290 288 288 288 288 282 284 301 309 293 278 278 289 313 326 325 317 307 300 296 296 296 297 300 303 305 308 306 299 293 290 292 298 305 309 305 300 298 299 300 302 305 312 320 324 326 333 343 348 342 320 302 296 296 294 292 292 289 284 278 275 275 276 273 271 271 272 272 270 264 258 255 256 260 263 264 264 265 266 269 273 273 271 267 264 262 258 252 255
38 20 328 302 295 294 289 288 290 292 287 285 298 317 304 284 277 283 302 320 323 316 308 301 296 295 296 298 300 300 299 297 296 294 291 290 292 291 295 305 305 300 296 296 297 300 304 312 322 324 326 332 342 351 348 328 306 299 297 294 290 287 280 271 265 268 274 282 284 278 273 273 274 274 270 262 255 252 254 258 261 264 266 268 271 274 274 270 266 263 261 255 250 256
35 12 332 314 303 297 292 287 288 293 290 286 298 321 312 290 276 276 289 304 313 311 307 301 294 293 294 298 299 298 299 298 295 294 291 288 290 286 286 299 304 298 288 284 287 292 297 306 316 320 323 328 341 354 350 332 310 300 296 291 283 274 267 265 265 270 276 285 292 289 280 276 275 276 275 270 261 254 252 253 256 261 266 270 273 274 272 267 264 263 260 252 251 262
28 5 330 318 307 297 291 284 281 286 288 289 299 322 316 296 278 269 272 286 297 302 302 297 292 292 292 294 297 299 303 300 294 294 291 287 289 286 283 293 304 301 289 279 280 285 290 298 310 316 318 324 341 355 350 333 309 295 290 283 272 266 269 274 276 277 277 280 288 294 289 282 280 278 278 278 272 264 258 254 253 258 265 269 270 270 268 262 262 262 258 253 255 266
24 1 331 323 313 300 293 285 279 282 284 287 299 317 314 299 283 267 263 273 287 294 298 297 294 291 290 295 302 305 309 302 295 295 292 286 287 289 284 288 302 305 297 282 278 282 287 296 309 316 318 324 341 355 352 337 310 290 284 280 274 277 282 284 284 282 278 275 277 286 290 285 283 283 282 284 285 279 270 262 257 257 259 262 264 265 261 257 260 261 261 260 263 269
17 357 335 329 321 306 298 291 286 285 282 280 289 306 306 298 288 276 266 270 280 292 299 297 294 294 299 308 312 315 317 304 295 295 293 286 286 291 287 287 297 306 306 290 280 279 285 296 309 315 317 324 341 355 357 345 319 297 288 290 292 290 290 289 286 282 279 274 270 272 279 283 284 287 288 289 292 290 282 274 267 261 256 255 258 259 254 252 257 262 267 269 271 273
