windninja/windninja_output/Output_2025-10-23_2000-2050_Google earth_Fire_150m_10min/merlingen_7.5mi_point_10-23-2025_2010_150m_ang.asc
ncols	158
nrows	163
xllcorner	391686.332397
yllcorner	5160024.123721
cellsize	150.000000
NODATA_value	-32768.000000
[rows 42 to 83 of 163, columns 0 to 93 of 158]
153 152 152 152 151 150 149 149 149 149 149 149 149 149 149 149 149 149 149 149 149 150 150 150 149 150 149 148 148 145 143 144 146 150 157 163 165 163 161 161 162 164 167 166 164 164 167 170 171 167 162 162 164 165 165 168 174 178 181 187 190 187 185 187 188 181 176 177 178 182 188 187 181 177 171 171 178 181 183 187 190 189 189 187 183 184 190 193 190 186 184 189 198 201
154 153 153 153 152 150 150 150 149 149 150 149 149 149 149 149 149 149 149 149 149 150 150 150 150 150 149 149 148 146 145 145 148 152 156 159 159 157 157 158 158 161 162 160 161 166 170 172 169 164 159 160 166 170 170 172 178 183 187 187 185 179 175 178 180 178 174 175 181 186 187 185 183 178 174 177 183 186 187 187 187 187 184 180 181 188 197 199 196 191 188 189 193 197
155 155 154 153 152 151 151 150 150 150 150 150 149 149 149 149 149 149 149 149 150 150 150 150 150 150 150 149 148 147 146 147 149 151 154 154 152 150 151 154 157 159 157 156 161 171 174 170 165 161 160 164 171 175 177 180 183 186 186 182 179 175 172 170 169 170 172 174 181 186 186 186 186 184 182 186 190 191 191 189 185 181 178 178 186 197 201 202 201 197 193 190 190 196
157 156 154 153 152 152 151 151 151 150 150 150 150 150 150 150 150 150 150 150 150 151 151 150 150 150 150 149 149 149 148 148 149 151 152 150 147 146 148 152 155 155 153 156 166 174 172 165 160 159 162 169 177 182 185 187 187 185 179 176 175 173 171 166 164 165 170 175 180 184 186 188 191 191 193 195 195 194 193 188 181 176 176 184 197 202 201 201 202 202 198 191 190 197
159 157 155 154 153 152 151 151 151 151 151 151 151 150 150 150 150 150 150 150 150 151 151 151 150 150 150 150 150 149 149 148 149 150 151 149 147 146 148 150 152 151 152 159 169 170 165 160 157 160 166 175 184 190 189 189 187 180 172 169 170 170 167 164 164 166 171 178 182 183 185 189 193 197 200 201 198 194 189 184 179 178 184 195 201 201 199 198 200 203 200 193 192 199
159 157 155 155 154 151 150 151 151 151 151 151 151 151 151 150 150 150 150 150 151 151 151 150 150 150 150 150 150 150 149 149 149 149 149 149 148 147 147 148 148 149 152 162 170 165 158 155 157 164 172 181 190 191 188 186 181 174 167 164 165 166 164 163 164 167 174 180 183 184 185 189 195 200 203 204 201 194 188 185 185 187 193 197 198 197 196 196 198 200 198 196 197 202
158 158 157 157 156 151 150 150 151 151 151 151 152 151 151 151 151 151 150 151 151 151 151 151 150 151 151 151 151 150 150 150 149 149 149 149 147 146 146 146 146 146 151 161 165 160 155 155 161 170 180 190 191 188 186 181 174 168 164 163 164 164 164 164 164 168 175 180 183 185 187 191 195 201 205 205 202 196 191 190 192 193 192 193 193 193 194 194 194 193 196 201 204 206
158 158 159 160 156 151 150 150 151 151 151 152 152 152 151 151 151 151 151 151 151 151 151 151 151 151 151 151 151 151 151 150 150 150 150 150 148 147 147 146 145 145 149 156 158 154 153 157 165 176 187 191 187 183 180 175 168 162 161 165 167 166 167 166 165 168 174 179 183 186 189 192 196 201 204 203 199 195 193 193 193 192 191 190 190 191 191 190 188 190 197 206 210 210
159 160 162 162 157 152 151 151 151 151 152 152 152 152 152 152 152 152 152 152 152 152 152 152 152 152 152 152 152 151 151 151 151 151 150 150 148 148 148 148 147 147 149 152 152 150 152 160 171 184 189 184 178 176 175 169 163 160 163 167 170 171 171 166 165 169 175 179 183 187 190 194 198 201 201 198 195 193 193 193 193 192 191 190 189 188 186 185 187 193 199 208 213 215
160 161 163 161 156 154 154 153 153 152 153 153 153 153 152 152 152 152 152 152 152 152 152 152 152 152 153 152 152 152 152 152 152 151 151 150 148 147 147 148 149 147 148 150 150 149 154 167 182 188 183 175 171 170 168 162 159 162 168 173 176 177 171 165 165 171 176 180 184 188 191 195 198 199 197 195 192 192 192 193 193 195 194 192 188 186 185 186 190 196 202 209 216 219
162 163 163 159 154 154 156 155 154 154 154 154 153 153 153 152 152 153 153 152 152 153 153 152 152 153 153 153 153 153 152 152 152 152 151 150 149 148 148 149 149 147 146 148 149 150 157 173 182 179 174 171 171 169 163 156 157 165 174 179 181 178 169 164 167 172 177 182 186 189 191 194 195 196 195 194 192 191 190 191 194 198 198 194 190 187 186 189 194 199 204 210 214 216
165 164 162 159 155 155 157 156 155 155 155 154 154 154 153 153 153 153 153 152 153 153 153 153 153 153 153 153 153 153 153 153 153 152 152 151 150 149 149 149 149 147 147 148 149 153 161 170 172 170 169 169 169 167 161 155 160 171 180 183 182 176 167 165 169 173 178 184 188 188 189 191 193 195 195 194 193 191 189 190 194 197 198 197 195 192 189 190 196 202 206 208 208 208
167 164 161 159 156 157 159 158 156 155 155 154 153 153 153 153 153 153 153 153 153 153 153 153 153 154 154 154 154 153 153 153 153 153 152 152 151 151 150 149 148 146 146 147 148 152 160 165 163 164 168 168 166 164 159 158 165 176 182 182 180 174 167 166 170 175 179 184 187 188 189 192 195 196 194 194 193 192 190 188 190 192 194 196 197 197 195 194 198 202 205 204 201 198
165 163 161 158 155 155 157 158 158 157 155 154 153 152 153 153 153 153 153 154 154 153 153 153 154 154 154 154 154 154 154 154 154 153 153 153 152 152 151 149 147 144 144 146 148 150 155 158 158 161 167 167 165 163 159 161 172 179 180 179 176 172 169 170 173 176 180 183 186 189 193 198 198 194 193 193 193 191 189 187 185 187 191 194 196 198 199 200 201 203 204 201 195 189
164 162 162 161 156 153 153 155 156 156 156 155 153 152 153 153 153 153 153 154 154 154 154 154 154 154 154 154 154 154 154 154 154 154 154 153 153 153 152 151 148 146 146 148 149 149 151 152 154 159 165 163 163 162 158 164 176 180 178 174 170 169 170 174 176 178 181 184 187 194 200 199 194 192 192 192 191 188 187 186 185 186 189 192 194 197 200 203 204 206 206 199 186 177
164 163 162 163 162 159 156 155 155 155 157 159 156 153 153 152 153 153 153 154 154 154 154 154 155 155 155 155 155 155 155 155 155 155 154 154 154 154 153 152 151 150 150 149 149 148 147 147 149 155 161 161 161 160 158 166 176 177 174 170 168 168 172 178 181 181 182 185 191 198 197 193 191 190 190 189 187 186 185 185 186 188 190 193 196 201 204 206 205 204 200 186 172 170
164 164 163 163 163 162 160 157 155 153 157 161 160 157 153 151 152 153 153 154 154 154 154 154 155 155 155 155 155 155 155 155 155 155 155 155 155 154 154 153 153 152 152 151 149 148 146 144 144 149 156 158 159 157 158 167 174 172 168 166 167 170 175 180 184 185 184 187 192 193 190 188 189 188 187 186 184 183 184 185 188 190 193 196 201 205 207 207 203 195 184 174 170 170
165 165 164 163 162 162 161 159 155 152 154 159 161 159 156 152 151 152 153 154 154 154 154 154 155 156 155 155 155 156 156 156 156 156 156 155 155 155 155 154 154 154 153 153 151 150 148 146 145 146 151 154 155 155 158 167 171 167 163 163 166 170 176 183 187 187 185 187 191 190 187 187 187 185 184 184 182 181 184 187 190 193 196 198 202 205 206 202 194 181 172 170 171 175
166 166 166 165 163 161 159 157 155 153 154 157 159 160 160 158 154 152 152 153 154 155 155 155 156 156 156 156 156 156 156 156 156 156 156 156 156 156 156 155 155 155 154 154 153 152 151 150 148 147 148 149 149 152 158 166 168 163 160 162 165 170 177 184 188 188 187 188 190 188 186 185 183 182 182 182 182 183 187 190 193 195 198 200 202 203 201 195 183 172 169 172 176 187
168 168 167 166 164 162 160 157 155 155 156 157 157 158 161 162 159 155 152 152 153 154 155 156 156 156 156 156 156 156 156 156 157 157 157 157 157 157 156 156 156 156 155 155 155 154 153 152 150 149 148 146 144 146 155 164 163 159 158 160 164 169 176 182 187 189 191 191 189 185 184 182 181 180 180 180 182 187 190 192 195 197 201 203 203 200 193 185 175 169 170 178 188 202
172 171 168 166 164 163 161 158 157 157 156 156 156 156 160 162 162 160 156 154 153 153 154 156 156 156 156 156 156 156 157 157 157 157 157 157 157 157 157 157 157 157 156 156 156 155 154 154 152 151 149 148 143 144 153 161 158 156 157 160 164 168 172 178 185 190 193 191 185 182 181 181 179 178 179 181 185 189 191 194 196 199 203 205 203 197 186 175 170 170 175 189 204 212
178 175 169 165 163 161 160 159 158 158 157 156 155 156 157 160 162 163 161 158 154 154 154 155 156 157 156 156 156 157 157 157 157 157 158 158 158 158 158 158 158 157 157 157 157 156 156 155 154 152 151 149 146 146 153 159 158 156 157 160 164 167 172 180 188 193 193 187 181 180 180 179 178 177 178 182 186 188 191 194 198 201 203 203 198 190 178 169 167 174 189 204 213 219
187 180 170 165 161 158 158 157 158 158 157 156 156 157 157 157 160 163 164 162 159 157 155 155 156 156 156 156 157 157 157 157 158 158 158 158 158 158 158 158 158 158 158 158 157 157 157 156 155 154 152 149 146 146 151 157 158 158 158 158 162 169 180 190 193 191 184 178 177 178 179 178 177 177 179 182 185 186 189 194 198 200 200 198 192 182 174 170 172 185 201 211 218 225
192 184 171 166 162 159 158 157 156 156 155 154 156 157 157 156 157 160 164 165 163 161 158 156 155 155 156 157 157 157 157 158 158 158 158 158 159 159 159 159 159 159 159 159 158 158 158 157 156 155 153 150 147 145 148 152 155 158 159 158 162 177 190 190 184 180 175 173 174 175 177 177 177 178 179 180 182 184 189 195 199 199 197 193 187 178 173 175 184 197 207 216 224 231
190 184 175 169 163 160 160 161 159 157 155 155 157 157 156 156 156 157 161 163 165 166 163 159 157 155 156 157 158 157 158 158 158 158 159 159 159 159 159 159 160 160 159 159 159 159 159 158 157 156 155 153 149 146 145 145 147 152 157 160 168 178 180 179 178 176 174 173 173 174 175 176 177 178 178 177 179 184 190 195 197 194 189 184 181 178 178 183 197 206 213 221 228 234
179 179 177 175 168 161 163 165 163 159 156 157 159 159 157 156 156 157 157 160 164 168 167 164 162 158 156 156 156 156 157 158 158 158 159 159 159 160 160 160 160 160 160 160 160 160 160 159 159 158 157 155 153 150 147 143 140 141 149 158 168 170 169 171 174 176 177 176 174 173 173 174 175 176 176 177 179 183 187 189 188 185 179 176 178 183 187 198 207 213 219 225 233 237
161 168 174 176 173 168 169 172 169 162 159 160 160 161 160 158 157 156 156 157 161 164 166 167 167 165 162 157 154 154 156 157 158 158 159 159 160 160 160 160 161 161 161 161 161 161 160 160 160 159 158 157 156 154 151 147 142 139 142 151 158 160 159 161 167 174 177 177 175 174 173 173 173 173 175 177 179 181 182 182 179 177 174 176 184 192 198 205 212 219 224 231 236 238
148 152 162 169 171 172 175 177 173 168 166 168 168 167 167 165 162 159 157 158 159 160 162 165 168 172 169 161 156 154 154 155 157 158 159 159 160 160 161 161 161 161 161 161 161 161 161 161 161 160 160 159 158 157 155 153 150 148 147 148 151 151 150 152 158 166 172 174 174 174 175 174 172 172 175 177 178 178 177 176 175 175 180 189 194 198 202 209 217 223 227 232 234 233
149 147 146 150 157 166 174 174 168 167 170 173 174 173 173 171 169 166 162 160 159 159 159 160 167 174 171 165 161 158 156 155 155 157 158 159 160 160 161 161 162 162 162 162 162 162 162 162 162 161 161 160 160 159 158 157 156 155 154 154 153 150 145 143 145 151 158 164 168 172 175 173 171 173 176 178 178 175 173 173 175 182 192 197 195 197 205 214 222 226 228 229 228 226
157 155 149 145 144 149 156 158 154 156 165 171 172 174 174 173 172 170 168 166 163 160 159 160 165 169 169 168 167 164 161 158 156 155 157 158 159 160 161 161 162 162 162 163 163 163 163 163 163 162 162 162 161 161 161 160 160 159 159 158 157 155 151 148 145 144 144 147 154 161 166 168 170 174 177 179 177 174 172 174 180 191 196 194 194 199 209 218 225 229 228 226 223 217
166 164 159 155 152 150 149 147 143 143 153 159 161 164 166 168 168 167 169 170 168 165 162 162 164 165 165 167 170 169 166 164 160 157 156 157 159 160 161 162 162 163 163 163 163 163 164 164 163 163 163 163 163 163 162 162 162 162 162 161 161 160 158 157 155 151 147 145 145 146 150 156 166 172 176 176 175 173 175 180 187 192 191 189 194 203 212 221 228 229 225 224 222 217
176 171 165 162 158 154 152 148 144 145 152 156 159 160 161 161 161 161 164 166 167 166 165 165 165 165 163 165 168 170 169 168 165 161 159 158 159 160 161 162 162 163 163 164 164 164 164 164 164 164 164 164 164 164 164 164 164 164 164 164 163 163 162 162 161 159 157 154 150 145 140 141 151 163 170 171 172 173 177 184 189 188 183 186 197 209 218 225 228 225 219 218 219 216
187 181 171 165 159 153 151 148 147 149 152 155 158 160 160 160 160 160 160 161 162 163 165 165 166 166 164 164 167 169 170 169 168 166 163 162 161 161 161 162 163 163 164 164 165 165 165 165 165 165 165 165 165 165 165 165 165 165 165 165 165 165 165 165 164 163 162 160 158 154 150 147 148 154 161 165 168 173 179 184 185 179 178 188 205 217 224 225 225 222 215 209 204 191
202 196 182 169 157 148 145 145 146 148 150 152 155 157 158 158 159 160 160 160 160 160 162 163 164 165 164 163 165 168 169 169 169 168 167 165 163 162 161 162 163 164 164 165 165 165 165 165 166 166 166 166 166 166 166 166 167 167 167 167 167 167 167 167 166 166 165 164 163 162 160 158 155 153 154 158 163 171 179 180 175 173 180 200 215 222 224 223 223 222 216 202 188 178
218 214 198 177 153 138 136 137 140 144 147 150 153 154 155 157 158 159 159 159 160 160 161 162 163 164 163 161 162 166 169 170 170 169 167 165 164 162 162 162 163 164 165 165 166 166 166 166 166 166 166 167 167 167 167 167 168 168 168 168 168 169 168 168 168 168 167 167 166 165 164 163 160 157 153 153 157 166 174 173 168 172 194 218 230 231 228 228 227 226 215 193 176 172
232 230 222 201 146 126 123 125 131 138 144 149 152 153 154 155 157 157 158 159 160 160 161 162 165 166 163 158 159 162 167 171 171 170 169 167 165 163 162 162 164 165 165 166 166 166 166 166 166 167 167 167 167 168 168 168 169 169 169 169 170 170 170 170 170 169 169 169 168 168 167 166 164 161 157 153 153 159 165 166 167 182 214 232 237 237 236 232 225 211 193 178 172 173
245 245 242 233 136 107 111 119 128 137 145 150 152 153 154 155 156 156 157 158 159 160 160 161 166 168 164 160 159 161 166 170 171 170 170 169 168 166 164 163 163 165 166 166 167 167 167 167 167 167 167 167 167 168 168 169 169 170 170 170 171 171 171 171 171 171 171 170 170 169 169 168 167 165 161 157 154 154 157 162 172 198 219 225 221 219 219 212 197 188 180 175 172 177
249 248 242 215 158 120 121 126 132 141 148 152 153 154 154 155 156 156 157 158 159 159 159 161 165 167 164 163 162 162 164 167 169 171 170 171 171 171 168 165 164 164 165 166 167 167 167 166 166 166 166 167 167 168 169 170 170 171 171 171 172 172 172 172 172 172 172 172 171 171 171 170 169 168 165 162 158 154 154 160 178 200 207 206 206 206 204 194 184 178 176 176 177 181
242 237 216 190 163 155 151 147 146 150 154 156 155 155 155 156 156 156 157 157 158 158 158 160 164 164 163 163 164 164 164 164 167 171 172 172 173 173 172 170 168 166 165 166 166 166 166 166 165 164 164 166 167 168 169 170 171 171 172 172 172 173 173 173 173 173 173 173 173 172 172 171 171 170 168 165 162 158 155 160 177 191 194 196 200 200 193 181 177 176 178 180 182 184
243 236 203 170 159 165 173 168 164 163 163 162 159 157 156 156 156 156 156 157 157 157 158 160 162 162 160 162 164 165 163 162 165 168 172 176 176 174 174 175 174 172 170 168 167 165 165 164 161 158 159 162 165 168 169 170 171 172 172 173 173 173 174 174 174 174 174 174 174 174 173 172 172 171 170 168 165 162 160 162 171 181 190 195 197 195 181 174 174 178 181 183 186 188
249 237 178 158 159 176 187 184 179 176 173 168 163 160 158 158 157 156 155 155 155 155 156 159 162 161 159 160 162 164 163 162 162 164 169 175 177 176 175 176 177 177 176 175 173 170 169 168 166 163 160 160 163 166 169 171 172 172 173 173 174 174 174 175 175 175 175 175 175 175 174 174 173 173 171 170 168 165 163 162 166 175 188 195 194 182 174 171 173 178 182 186 190 191
204 188 170 167 172 184 191 192 190 187 181 173 166 162 159 158 157 154 153 153 152 153 154 157 160 160 159 160 162 164 164 163 164 164 165 169 173 175 175 175 177 177 176 175 174 174 173 172 171 172 172 169 166 167 169 171 172 173 173 174 174 174 175 175 176 176 176 176 176 176 175 175 174 174 173 172 170 167 165 163 163 171 183 190 184 174 169 170 172 177 183 188 192 195
