windninja/windninja_output/Output_2025-10-23_2000-2050_Google earth_Fire_150m_10min/merlingen_7.5mi_point_10-23-2025_2000_150m_ang.asc
ncols	158
nrows	163
xllcorner	391686.332397
yllcorner	5160024.123721
cellsize	150.000000
NODATA_value	-32768.000000
[rows 84 to 125 of 163, columns 0 to 93 of 158]
210 204 201 209 214 214 213 213 214 209 200 192 188 187 184 182 181 178 174 171 169 168 170 171 169 170 174 177 179 181 182 184 185 188 190 192 193 194 194 193 192 190 189 188 188 188 188 187 188 190 192 192 190 189 191 193 195 196 196 197 198 199 200 200 201 202 203 203 204 204 204 204 204 204 204 203 200 196 189 179 168 170 186 203 220 229 234 237 239 242 244 245 244 244
201 211 221 226 228 227 226 225 221 211 199 193 190 188 186 184 182 179 174 170 166 164 163 164 165 167 171 176 178 179 182 184 186 189 191 192 192 193 193 191 189 188 189 189 189 190 191 191 191 192 194 196 197 195 193 194 195 196 197 197 198 199 199 200 201 202 203 204 204 205 205 205 205 205 204 204 201 198 192 182 169 167 179 202 224 231 234 237 240 243 246 247 247 246
211 224 235 237 240 239 235 226 216 205 197 194 191 187 186 186 185 182 176 170 164 159 154 152 156 164 170 174 177 178 181 183 184 185 188 190 192 193 193 190 187 186 188 190 191 192 193 194 194 192 193 196 198 197 196 195 196 196 197 197 198 198 199 200 201 202 203 204 205 205 205 206 206 206 205 205 203 200 195 185 170 163 171 200 226 235 238 240 241 244 246 248 249 247
233 240 246 244 240 233 225 213 206 202 199 196 190 187 188 188 188 186 180 172 165 156 147 145 153 164 172 175 177 180 181 182 182 181 183 187 190 192 193 193 190 186 186 189 192 194 195 195 196 196 195 195 196 198 198 197 197 197 197 197 197 198 199 200 201 202 203 204 205 206 206 206 207 207 206 206 205 203 199 190 173 156 160 193 226 235 240 244 246 248 250 252 253 250
243 242 236 226 218 213 209 205 205 207 203 194 187 186 186 189 190 188 181 172 164 156 150 154 162 170 174 177 180 182 183 182 182 181 180 182 185 190 193 195 194 191 187 188 191 194 196 196 197 197 196 194 194 196 197 198 198 198 196 195 195 197 198 200 201 202 204 205 205 206 207 207 207 208 208 208 207 206 204 198 183 157 145 200 241 243 244 246 248 252 255 256 256 254
238 230 216 213 209 206 206 207 208 208 202 191 186 187 189 191 191 186 177 167 159 154 157 164 174 177 178 179 181 183 184 184 183 183 183 181 181 185 192 197 198 195 191 188 190 192 196 198 198 197 196 193 191 191 193 196 199 201 198 192 191 194 197 199 201 203 204 205 206 206 207 208 208 209 209 209 210 209 208 205 198 180 154 282 279 271 262 257 256 259 261 259 256 256
230 223 215 215 213 207 205 205 204 202 197 191 187 189 191 191 187 183 173 159 153 157 165 177 183 183 182 182 183 184 185 185 184 185 185 184 182 182 187 195 198 197 194 191 190 192 195 199 199 197 195 192 190 189 191 196 201 202 197 188 186 191 196 199 201 203 204 205 206 207 208 208 209 210 210 211 212 212 212 211 211 209 217 275 286 285 278 270 267 268 265 258 257 259
221 217 211 208 203 199 194 194 195 197 197 194 191 190 189 186 183 180 172 155 154 164 180 188 190 188 186 185 185 185 185 185 185 185 185 185 185 183 183 188 195 197 197 194 192 192 194 198 201 199 195 192 189 188 190 195 197 195 194 192 187 190 195 199 201 203 204 205 206 207 208 209 210 211 212 212 213 214 215 217 219 222 231 256 275 281 280 275 273 271 264 260 265 266
209 205 199 196 195 190 184 183 187 193 197 195 192 190 188 184 180 177 170 166 165 178 191 197 196 192 190 188 187 187 186 186 186 184 183 184 185 185 183 183 190 198 200 198 195 193 195 199 202 202 198 192 188 186 186 188 190 191 195 198 195 193 196 199 202 203 205 206 207 208 209 210 211 212 213 214 215 217 218 221 224 229 240 258 272 278 279 279 276 270 263 266 272 272
192 190 189 189 189 186 183 182 185 192 195 192 188 185 186 185 178 173 172 176 185 191 197 202 199 196 192 190 189 188 188 188 185 182 181 183 185 185 184 183 186 194 201 201 199 198 198 199 201 203 199 190 184 185 182 180 186 194 202 205 202 198 198 200 202 204 205 206 207 208 210 210 212 213 214 215 217 218 220 223 227 232 241 256 272 278 281 280 275 268 265 268 271 271
170 176 181 183 183 183 185 185 185 189 193 191 188 186 186 186 183 180 182 193 202 201 203 205 202 198 193 191 191 192 192 188 182 179 180 183 184 184 184 183 183 188 196 200 201 199 197 196 197 196 193 187 183 185 185 182 187 198 204 207 206 202 200 201 203 204 205 207 208 209 210 211 212 213 215 216 218 220 222 225 229 233 240 249 261 270 275 275 270 266 265 266 266 267
149 161 175 178 179 181 183 183 181 183 188 193 194 195 194 195 196 201 202 208 212 216 216 215 207 198 194 192 192 193 191 185 181 180 180 182 183 183 183 182 181 181 188 195 197 197 195 193 191 188 188 190 190 188 190 189 190 195 200 204 205 203 201 202 203 204 206 207 208 209 210 211 213 214 216 217 219 221 223 226 229 233 239 245 252 258 263 265 264 262 262 262 262 262
132 146 166 173 179 183 185 182 177 178 191 204 212 216 219 222 223 226 224 218 228 236 236 229 210 196 192 191 190 188 185 184 185 185 183 181 181 181 181 181 179 177 180 187 191 192 192 190 187 187 192 199 199 194 194 194 193 196 199 202 204 203 202 202 203 204 206 208 208 209 210 212 214 215 217 218 220 222 224 227 230 233 237 242 246 251 254 256 257 258 258 258 258 258
125 135 156 169 183 192 194 192 187 188 204 225 239 232 232 232 235 237 233 230 240 246 246 234 201 187 187 189 188 183 183 187 190 190 186 182 179 178 178 179 178 175 175 180 184 187 189 189 190 195 203 207 205 200 198 198 198 199 199 201 203 203 203 203 204 205 206 207 208 209 211 213 215 216 218 219 221 223 225 227 230 233 236 240 243 246 249 251 252 253 253 254 254 255
114 120 140 161 189 202 206 208 208 211 230 260 274 270 265 261 255 254 251 245 241 240 231 207 184 183 187 189 188 186 187 189 190 190 187 183 178 175 173 174 175 175 174 176 180 184 187 192 199 205 207 207 206 203 200 201 201 200 199 201 203 204 204 203 203 204 206 207 208 210 212 214 215 217 218 220 222 223 225 228 230 232 235 238 241 243 246 247 249 250 250 251 252 252
103 103 109 134 191 223 239 241 241 247 256 265 272 278 278 273 271 268 263 252 232 216 202 195 192 193 195 194 192 192 191 189 188 187 185 181 178 174 170 169 171 172 172 174 179 183 186 192 199 202 204 203 204 203 201 200 201 201 200 200 201 202 204 204 204 204 206 207 209 211 213 214 216 218 219 221 222 224 226 228 230 232 235 237 239 241 243 245 246 247 248 249 249 250
108 107 107 120 224 266 276 275 272 270 270 273 278 284 286 280 273 269 258 233 212 198 197 206 213 211 206 201 198 197 195 191 186 181 177 175 174 174 171 166 166 168 169 171 176 181 186 190 195 198 200 201 200 201 200 200 201 202 202 198 197 199 202 204 204 203 204 205 208 211 214 215 217 219 220 222 223 225 227 228 230 232 234 236 238 240 241 243 244 245 246 247 247 248
123 124 128 146 252 274 281 280 275 273 272 269 268 267 265 259 245 236 224 207 195 195 212 228 230 224 217 212 208 206 202 194 182 171 164 163 166 168 168 166 164 164 166 167 171 179 185 189 192 195 198 199 199 200 201 200 200 201 202 199 197 199 202 204 204 202 202 204 207 213 216 217 218 220 221 223 224 226 227 229 230 232 234 235 237 238 240 241 242 243 244 245 245 246
143 146 156 188 239 259 268 270 268 265 262 258 250 238 222 214 213 209 202 197 196 212 234 239 235 230 229 226 220 211 202 190 177 166 156 151 153 156 159 162 162 161 162 163 166 173 181 186 189 192 195 198 198 198 200 200 199 200 202 201 198 197 200 203 205 204 204 205 209 215 219 220 220 222 223 224 226 227 229 230 231 232 234 235 236 237 239 240 241 242 243 243 244 245
169 172 184 204 225 240 248 254 257 256 253 247 235 217 205 203 204 203 200 202 215 235 242 240 236 235 235 231 218 204 192 182 175 166 157 148 143 143 148 154 156 157 157 159 161 165 174 182 188 192 195 196 197 196 197 198 198 200 201 201 199 197 199 202 205 206 205 206 208 212 219 223 224 225 226 228 229 230 230 231 232 233 234 235 236 237 238 239 240 241 242 242 243 243
190 192 201 212 224 236 242 247 252 253 251 244 231 217 207 209 213 213 219 237 243 240 237 235 234 232 227 221 211 198 185 178 171 165 159 149 141 137 139 145 149 152 152 153 155 159 166 176 185 190 193 194 195 195 196 197 199 199 200 201 201 200 200 202 205 206 206 205 205 209 215 222 227 231 235 237 236 234 233 234 234 234 234 235 236 237 237 238 239 240 241 241 241 242
205 206 212 219 228 236 242 247 249 249 251 252 246 235 227 231 243 250 257 257 249 238 232 230 227 221 217 214 208 197 185 174 165 163 159 150 144 141 141 144 148 149 149 149 152 155 161 169 178 185 189 191 193 195 196 196 198 199 200 201 202 202 202 203 205 207 206 204 204 208 213 218 222 227 232 237 239 239 240 240 239 237 235 235 236 236 237 238 239 240 240 240 240 241
216 215 217 221 225 230 236 240 238 233 230 225 216 212 214 223 239 249 249 244 239 235 228 221 216 213 211 210 207 198 186 173 167 164 157 148 147 147 145 145 147 149 148 148 149 151 156 163 171 178 184 188 191 195 196 196 197 198 201 203 203 202 202 203 204 206 207 205 203 207 212 215 218 218 219 224 230 233 237 242 243 240 237 236 236 236 237 238 239 239 239 240 240 241
221 220 219 221 224 225 226 221 211 204 201 200 201 206 211 215 223 230 233 231 228 224 215 208 206 206 206 204 201 195 184 178 175 167 155 150 152 153 149 145 146 148 149 149 149 150 154 159 165 172 179 185 189 193 196 197 197 198 200 202 203 203 202 203 204 205 207 206 203 206 211 214 216 217 218 221 224 224 224 230 238 241 239 237 236 236 237 238 239 239 239 240 240 241
223 222 219 219 217 212 205 201 195 195 200 205 209 213 214 212 211 215 221 221 215 210 205 198 196 199 199 194 193 191 185 182 179 167 156 157 160 158 151 149 150 149 148 150 151 151 152 156 162 169 176 182 186 189 194 197 198 198 198 200 202 203 202 202 205 206 207 207 204 203 208 213 216 217 218 220 221 221 222 227 232 236 239 239 237 237 237 238 239 239 240 240 241 241
226 223 218 212 205 200 199 199 200 204 213 217 217 215 213 208 202 204 209 210 205 202 200 194 187 188 190 188 187 187 186 183 179 167 159 162 165 159 154 157 157 149 145 148 151 151 151 154 159 165 172 179 184 187 191 194 197 198 198 197 199 203 203 203 206 208 207 207 205 203 205 212 215 215 216 218 220 222 224 228 232 234 235 237 239 238 238 239 240 240 241 241 242 242
225 222 214 208 204 204 208 213 216 217 219 220 217 211 207 201 196 196 200 202 203 201 196 189 181 177 181 183 182 184 184 182 179 169 162 162 161 158 159 165 164 153 147 147 148 149 152 154 156 160 167 174 182 187 189 191 194 198 198 197 198 202 205 205 206 209 208 206 205 203 203 208 213 214 216 219 221 223 225 228 231 234 234 235 238 240 241 241 242 242 243 244 244 243
224 220 215 213 214 217 220 222 221 219 219 221 215 204 197 194 192 191 193 197 201 203 193 183 178 171 169 169 174 182 185 182 177 170 163 163 162 162 167 170 166 162 158 150 147 148 151 153 153 156 162 170 178 185 188 189 192 196 199 198 197 201 205 205 205 207 208 207 204 202 201 205 212 214 216 219 221 223 226 228 230 233 234 233 233 237 242 244 245 246 247 247 247 246
227 225 222 221 221 219 218 217 217 215 213 212 204 194 190 191 191 188 186 189 194 200 197 184 178 168 159 155 160 174 184 183 175 165 161 166 169 171 174 172 169 168 163 156 152 151 151 150 149 151 158 166 175 182 186 188 189 194 198 198 197 199 203 204 203 205 207 207 205 202 201 205 211 214 216 219 220 220 222 225 229 232 232 232 230 231 237 243 247 250 252 252 249 246
231 229 226 225 223 220 216 213 211 209 204 200 195 190 188 189 188 182 177 180 186 195 202 195 179 168 160 155 152 160 174 181 175 162 159 168 177 181 179 175 174 169 160 156 157 156 153 150 148 148 152 161 170 178 184 186 187 191 196 198 197 197 201 202 202 203 205 206 205 202 201 204 208 211 214 218 219 219 219 222 226 230 231 232 231 228 232 237 240 245 249 249 245 243
231 229 226 223 219 217 214 210 208 204 196 190 190 190 190 187 181 174 170 172 178 189 199 199 183 172 170 166 158 155 163 173 172 164 161 168 177 181 180 178 175 164 158 159 162 159 156 156 154 151 150 156 164 174 181 185 186 188 193 197 197 196 198 201 200 200 202 204 204 203 202 204 207 209 212 216 219 219 218 220 225 227 226 226 226 223 226 230 231 236 241 240 238 238
229 227 223 219 215 213 210 209 208 199 187 181 185 190 190 183 176 172 169 168 171 180 189 190 185 177 176 174 170 164 164 168 171 168 166 167 170 175 178 177 169 162 162 166 166 163 162 162 160 155 153 154 159 169 178 184 186 187 190 194 196 195 196 199 199 198 200 202 204 204 204 205 209 211 211 214 217 219 219 219 224 227 224 221 221 217 219 223 226 233 236 233 230 231
227 225 221 218 215 212 209 208 204 193 180 177 182 186 185 179 176 176 172 168 169 172 175 180 184 183 181 177 171 168 167 166 170 171 167 166 168 173 175 171 164 162 167 171 170 168 167 164 161 158 156 156 159 165 175 183 186 186 188 192 194 195 195 197 198 197 198 201 203 203 203 204 208 212 213 214 216 219 220 221 225 228 225 220 219 216 214 218 224 231 232 229 225 224
226 224 223 220 216 212 207 201 195 188 181 178 180 181 179 179 180 176 168 163 163 163 164 169 177 182 185 182 175 171 167 162 165 169 169 168 169 173 172 168 166 168 172 174 174 172 168 163 161 161 161 161 162 164 172 180 185 185 186 189 191 192 193 195 196 196 197 199 201 202 202 202 204 209 212 214 214 218 220 220 224 228 224 218 217 215 213 216 223 228 228 225 220 221
228 226 224 221 216 210 202 194 187 184 184 182 179 174 173 179 180 170 161 156 153 153 154 157 162 172 176 175 177 180 174 166 163 163 171 180 179 177 173 170 172 175 176 176 176 174 169 166 165 166 166 166 166 166 171 178 183 185 185 187 188 188 189 192 194 194 195 197 199 201 200 200 201 205 210 212 213 215 218 218 221 225 223 217 215 215 213 216 222 224 223 220 217 221
229 226 223 220 214 206 199 190 183 180 184 184 177 170 170 176 177 169 157 151 145 143 145 147 149 153 158 161 170 176 172 167 162 161 173 188 190 184 180 180 182 182 180 178 176 175 172 168 167 169 170 170 169 168 170 176 182 184 184 185 186 185 186 188 191 193 194 196 199 200 199 198 199 201 206 211 212 213 216 219 222 225 223 217 214 214 213 216 219 220 219 217 215 221
228 225 220 219 215 208 200 191 182 178 180 180 175 171 170 172 173 171 162 151 143 138 136 137 138 139 142 147 153 157 160 161 159 162 175 188 193 190 188 192 193 190 186 183 182 182 178 173 172 173 173 173 171 170 171 175 180 182 183 184 184 184 186 190 195 199 198 195 198 200 199 198 197 198 202 207 211 213 216 220 223 225 223 217 214 213 212 214 217 218 218 215 213 219
227 223 214 210 209 206 200 193 184 178 177 174 171 170 169 169 170 171 168 159 146 133 127 127 127 129 134 139 141 141 143 149 155 162 174 183 190 194 194 197 200 198 194 192 191 189 186 183 181 180 178 176 174 173 174 176 179 181 181 182 184 187 194 202 211 216 210 195 191 196 198 198 197 196 197 202 207 211 215 218 220 222 220 215 213 211 210 212 216 218 216 213 211 215
221 216 206 200 200 198 196 195 191 184 175 168 167 167 165 164 167 171 174 166 149 133 124 119 116 117 123 129 131 132 138 145 151 161 171 178 187 194 192 192 199 203 204 201 196 193 191 190 188 185 182 178 176 176 176 175 177 180 182 184 190 199 208 211 207 205 203 192 178 183 194 197 196 194 193 195 200 206 210 213 216 218 216 211 210 209 208 210 213 215 214 209 210 216
217 214 204 197 195 193 192 193 194 192 180 168 167 168 162 156 159 171 179 169 150 135 125 114 108 110 113 117 123 129 139 145 147 158 167 174 183 192 193 189 193 200 206 205 198 192 190 188 188 187 184 180 179 179 177 175 177 182 186 191 201 207 205 199 195 194 197 196 185 174 183 191 193 193 192 191 193 199 203 207 210 213 212 209 209 209 208 208 212 214 212 207 208 217
217 213 205 198 194 191 190 190 192 192 186 177 173 172 161 150 149 164 177 172 151 137 128 121 116 110 108 116 127 134 146 149 148 155 163 170 179 188 192 190 189 195 203 207 202 194 189 186 185 185 184 184 183 181 180 181 184 189 194 197 200 196 192 190 189 189 193 198 198 188 179 183 188 189 189 186 185 189 196 199 203 210 212 211 211 210 208 209 214 215 211 204 205 215
212 209 203 197 192 189 189 187 186 186 186 188 188 176 158 145 141 151 164 166 158 145 137 128 122 120 124 133 138 146 157 155 149 152 161 166 173 182 189 190 189 192 198 205 204 198 190 186 184 184 186 187 187 184 183 185 187 191 193 191 188 185 185 186 187 188 191 197 201 200 194 189 187 180 177 178 177 179 186 193 198 208 214 213 212 211 208 208 213 213 207 200 203 214
