windninja/windninja_output/Output_2025-10-23_2000-2050_Google earth_Fire_150m_10min/merlingen_7.5mi_point_10-23-2025_2010_150m_vel.asc
ncols	158
nrows	163
xllcorner	391686.332397
yllcorner	5160024.123721
cellsize	150.000000
NODATA_value	-32768.000000
[rows 114 to 151 of 163, columns 0 to 83 of 158]
3.60 3.34 2.80 2.46 2.33 2.17 1.98 1.90 1.93 1.98 2.05 2.28 2.53 2.57 2.41 2.25 2.36 2.73 3.07 3.16 3.31 3.61 3.69 3.02 2.72 2.90 2.96 2.71 2.51 2.61 2.76 3.02 3.21 3.29 3.22 2.82 2.63 2.73 2.72 2.60 2.45 2.65 3.07 3.18 2.93 2.73 2.77 2.75 2.61 2.51 2.45 2.44 2.55 2.69 2.78 2.84 2.86 2.91 3.04 3.19 3.24 3.25 3.33 3.41 3.39 3.46 3.65 3.81 3.85 3.73 3.47 3.21 2.99 2.90 3.05 3.21 3.12 2.95 2.88 3.02 3.15 2.95 2.52 2.24
3.63 3.51 3.17 2.82 2.61 2.49 2.36 2.15 1.97 1.92 2.12 2.49 2.72 2.80 2.68 2.58 2.74 2.94 2.89 2.77 2.97 3.51 4.21 4.40 4.06 3.71 3.58 3.40 3.30 3.11 3.08 3.32 3.52 3.39 3.24 3.07 2.91 2.88 2.76 2.71 2.93 3.47 3.75 3.55 3.26 3.21 3.14 2.91 2.69 2.63 2.60 2.58 2.58 2.60 2.69 2.76 2.77 2.79 2.90 3.09 3.23 3.28 3.32 3.43 3.49 3.49 3.60 3.75 3.83 3.82 3.72 3.54 3.26 2.90 2.78 3.07 3.31 3.18 2.93 2.92 3.15 3.18 2.96 2.77
3.58 3.51 3.29 2.99 2.72 2.54 2.47 2.45 2.36 2.23 2.41 2.60 2.67 2.79 2.87 2.90 2.91 2.82 2.72 2.87 3.27 3.88 4.61 5.08 5.04 4.50 3.97 3.67 3.50 3.70 3.90 4.08 4.04 3.76 3.49 3.51 3.51 3.36 3.21 3.25 3.60 4.01 3.94 3.62 3.42 3.24 2.89 2.65 2.72 2.82 2.82 2.77 2.65 2.57 2.58 2.64 2.70 2.73 2.80 2.95 3.12 3.23 3.28 3.35 3.46 3.51 3.57 3.67 3.80 3.88 3.87 3.85 3.82 3.55 2.96 2.78 3.08 3.32 3.12 2.83 2.91 3.05 2.96 2.93
3.49 3.41 3.21 2.94 2.69 2.50 2.46 2.62 2.79 2.81 2.70 2.58 2.57 2.73 2.94 2.90 2.66 2.61 2.92 3.46 3.94 4.35 4.58 4.83 5.22 5.45 5.19 4.53 4.42 4.07 3.88 3.85 4.20 4.76 5.04 4.83 4.41 4.00 3.89 4.19 4.55 4.39 3.95 3.70 3.51 3.17 3.00 3.04 3.15 3.19 3.15 2.98 2.78 2.66 2.61 2.67 2.75 2.75 2.75 2.82 2.97 3.17 3.36 3.46 3.51 3.53 3.58 3.68 3.78 3.89 3.97 4.07 4.23 4.30 3.97 3.30 2.99 3.21 3.36 3.14 2.98 3.01 2.91 2.88
3.50 3.35 3.14 2.93 2.70 2.58 2.53 2.61 2.77 2.90 2.80 2.60 2.54 2.70 2.86 2.82 2.61 2.58 3.12 3.53 3.69 3.81 3.87 4.01 4.41 5.18 5.89 6.05 5.96 5.53 4.64 4.51 5.27 6.08 6.21 6.39 6.25 5.52 5.26 5.44 5.24 4.73 4.18 3.75 3.48 3.42 3.48 3.60 3.61 3.51 3.32 3.05 2.85 2.73 2.65 2.67 2.73 2.76 2.76 2.79 2.87 3.02 3.26 3.51 3.67 3.74 3.78 3.81 3.81 3.84 3.92 4.04 4.21 4.49 4.68 4.37 3.70 3.38 3.46 3.53 3.49 3.33 3.04 2.85
3.62 3.40 3.15 2.92 2.65 2.55 2.51 2.46 2.44 2.50 2.60 2.58 2.56 2.62 2.64 2.71 2.77 2.72 2.88 3.00 3.00 3.02 3.14 3.34 3.60 3.95 4.53 5.00 5.52 6.10 6.41 6.72 6.71 6.11 5.36 5.74 6.46 6.84 6.81 6.70 6.17 5.34 4.67 4.27 4.19 4.08 3.81 3.68 3.63 3.42 3.18 2.95 2.79 2.66 2.58 2.58 2.64 2.71 2.76 2.78 2.82 2.89 2.98 3.15 3.37 3.55 3.63 3.73 3.81 3.79 3.74 3.81 3.99 4.30 4.72 4.97 4.69 4.10 3.74 3.58 3.52 3.44 3.21 2.97
3.66 3.44 3.21 3.04 2.67 2.35 2.20 2.14 2.16 2.23 2.33 2.45 2.62 2.69 2.66 2.75 2.82 2.81 2.70 2.63 2.58 2.57 2.73 2.89 3.05 3.19 3.27 3.39 4.00 4.95 5.68 5.88 5.30 4.38 3.82 4.18 5.21 6.01 6.17 6.26 6.44 6.24 5.78 5.45 5.20 4.85 4.47 4.25 3.92 3.47 3.17 2.98 2.81 2.69 2.59 2.52 2.53 2.61 2.68 2.75 2.81 2.82 2.71 2.49 2.24 2.21 2.32 2.62 3.12 3.50 3.61 3.61 3.67 3.88 4.29 4.89 5.22 4.94 4.36 3.88 3.56 3.44 3.28 3.10
3.62 3.44 3.32 3.47 3.47 3.01 2.66 2.41 2.16 2.11 2.20 2.35 2.57 2.78 2.92 2.98 2.88 2.77 2.63 2.40 2.20 2.25 2.38 2.49 2.69 2.84 2.88 3.06 3.63 4.15 4.02 3.62 3.34 3.14 3.15 3.40 3.70 4.10 4.10 4.31 5.12 5.72 5.66 5.15 4.79 4.66 4.60 4.45 4.08 3.64 3.25 2.99 2.88 2.77 2.64 2.57 2.58 2.60 2.61 2.62 2.57 2.36 2.06 1.78 1.49 1.31 1.16 1.25 1.82 2.66 3.17 3.35 3.36 3.41 3.69 4.30 5.05 5.48 5.29 4.75 4.24 3.86 3.52 3.32
3.51 3.41 3.37 3.57 3.87 3.95 3.83 3.52 2.91 2.33 2.18 2.32 2.51 2.60 2.64 2.70 2.70 2.55 2.25 1.95 1.84 2.02 2.15 2.26 2.55 2.59 2.61 2.95 3.67 4.01 3.58 3.13 2.88 2.65 2.61 2.72 2.83 3.09 3.15 3.09 3.43 4.04 4.56 4.29 3.75 3.59 3.58 3.55 3.53 3.38 3.13 2.97 2.85 2.69 2.60 2.61 2.62 2.60 2.52 2.36 2.06 1.75 1.55 1.55 1.70 1.83 1.74 1.35 1.30 1.62 2.22 2.73 3.02 3.13 3.24 3.57 4.25 5.15 5.76 5.82 5.36 4.70 4.11 3.90
3.18 3.07 2.96 2.96 3.12 3.39 3.64 3.76 3.59 3.10 2.51 2.42 2.38 2.19 2.04 2.11 2.20 2.23 2.05 1.65 1.58 1.80 1.94 2.19 2.51 2.55 2.53 2.99 4.04 4.21 3.42 2.85 2.45 2.21 2.23 2.34 2.48 2.78 2.96 2.82 2.75 3.13 3.89 4.23 3.74 3.22 3.01 3.00 3.12 3.17 3.12 3.03 2.83 2.64 2.54 2.40 2.23 2.09 1.90 1.78 1.69 1.62 1.67 1.87 2.09 2.38 2.53 2.27 1.66 1.33 1.44 1.89 2.35 2.67 2.82 2.97 3.38 4.17 5.16 6.03 6.40 6.08 5.33 4.76
3.02 2.87 2.70 2.61 2.63 2.80 3.00 3.21 3.46 3.52 3.26 2.67 2.02 1.71 1.66 1.71 1.68 1.86 2.13 1.82 1.49 1.65 1.93 2.24 2.46 2.53 2.78 3.84 5.16 4.53 3.10 2.53 2.24 2.06 2.00 2.05 2.15 2.36 2.66 2.70 2.58 2.67 3.17 3.95 4.10 3.63 3.24 3.11 3.16 3.28 3.34 3.21 2.93 2.72 2.57 2.35 2.07 1.82 1.59 1.46 1.64 1.98 2.21 2.36 2.46 2.51 2.63 2.70 2.38 1.64 1.20 1.15 1.34 1.69 2.10 2.40 2.71 3.23 4.05 5.02 5.98 6.56 6.37 5.55
2.97 2.93 2.83 2.75 2.75 2.80 2.85 2.98 3.32 3.63 3.66 3.17 2.21 1.45 1.32 1.36 1.43 1.58 2.04 2.43 2.30 2.01 2.13 2.36 2.75 3.13 4.20 6.12 5.84 4.04 2.72 2.29 2.07 1.88 1.79 1.80 1.87 2.00 2.32 2.50 2.40 2.34 2.56 3.23 3.83 3.80 3.49 3.30 3.26 3.28 3.24 3.15 3.03 2.84 2.67 2.57 2.50 2.43 2.34 2.15 2.22 2.48 2.64 2.70 2.69 2.63 2.58 2.65 2.71 2.39 1.67 1.15 0.94 0.95 1.21 1.64 1.99 2.31 2.76 3.37 4.01 5.15 6.24 6.28
2.70 2.73 2.72 2.69 2.70 2.70 2.77 2.96 3.24 3.47 3.58 3.59 3.07 1.87 1.48 1.47 1.51 1.55 1.87 2.41 2.79 3.25 3.32 3.48 4.86 6.20 6.58 6.32 4.68 3.11 2.63 2.36 2.06 1.78 1.66 1.70 1.74 1.70 1.81 2.04 2.09 2.07 2.19 2.61 3.34 3.71 3.68 3.59 3.47 3.28 3.07 2.94 2.90 2.81 2.65 2.53 2.56 2.66 2.79 2.86 2.82 2.73 2.66 2.61 2.58 2.56 2.55 2.57 2.70 2.79 2.56 2.08 1.56 1.13 0.99 1.12 1.36 1.55 1.72 2.04 2.56 3.43 4.96 6.14
2.63 2.63 2.61 2.56 2.60 2.72 2.90 3.02 3.08 3.19 3.40 3.76 3.91 3.26 2.46 2.02 1.88 1.95 2.19 2.76 4.19 5.69 6.28 6.54 6.63 6.62 5.69 4.03 3.01 2.57 2.48 2.49 2.37 2.14 1.82 1.61 1.56 1.49 1.42 1.53 1.66 1.69 1.80 2.13 2.79 3.36 3.51 3.47 3.36 3.14 3.00 2.90 2.75 2.64 2.53 2.40 2.36 2.48 2.65 2.74 2.71 2.61 2.50 2.43 2.43 2.46 2.48 2.51 2.58 2.70 2.77 2.58 2.14 1.70 1.34 1.13 1.08 1.15 1.34 1.62 2.08 2.73 3.62 4.86
2.63 2.60 2.55 2.47 2.44 2.56 2.79 2.91 2.93 2.95 3.13 3.64 4.36 4.58 3.97 2.76 2.40 2.63 3.44 5.50 6.78 6.59 6.25 5.86 5.26 4.40 3.42 2.63 2.23 2.08 2.19 2.37 2.45 2.46 2.24 1.76 1.41 1.31 1.22 1.18 1.25 1.36 1.50 1.74 2.20 2.90 3.26 3.18 3.04 2.92 2.82 2.80 2.75 2.64 2.53 2.43 2.38 2.39 2.43 2.45 2.44 2.43 2.44 2.44 2.43 2.44 2.46 2.48 2.52 2.56 2.62 2.65 2.40 1.92 1.51 1.17 0.98 1.02 1.17 1.35 1.70 2.22 2.91 3.76
2.52 2.45 2.29 2.16 2.09 2.08 2.16 2.37 2.51 2.62 2.84 3.27 3.77 4.32 4.57 4.36 3.57 3.77 5.55 7.06 6.22 4.44 3.69 3.40 3.15 2.96 2.81 2.41 1.94 1.83 1.96 2.04 2.03 2.16 2.39 2.33 1.82 1.25 1.03 1.00 1.03 1.11 1.23 1.43 1.74 2.37 3.04 3.30 3.20 3.07 2.94 2.80 2.66 2.57 2.48 2.43 2.41 2.37 2.33 2.33 2.37 2.41 2.43 2.43 2.42 2.41 2.42 2.45 2.50 2.55 2.62 2.74 2.75 2.39 1.78 1.31 1.01 0.93 1.03 1.15 1.31 1.54 1.91 2.66
2.56 2.49 2.33 2.16 2.02 1.95 1.87 1.79 1.85 2.06 2.29 2.39 2.41 2.70 3.39 4.23 4.59 5.32 6.24 5.72 3.76 2.83 2.72 2.89 2.95 2.86 2.66 2.34 2.14 2.04 1.89 1.73 1.63 1.77 2.09 2.48 2.49 1.91 1.34 1.17 1.13 1.16 1.27 1.46 1.65 1.85 2.59 3.22 3.31 3.13 2.94 2.77 2.52 2.38 2.33 2.31 2.32 2.33 2.33 2.32 2.30 2.31 2.34 2.35 2.36 2.38 2.40 2.45 2.51 2.59 2.65 2.74 2.90 2.92 2.58 1.97 1.40 1.04 0.97 1.12 1.31 1.41 1.39 1.38
2.65 2.60 2.55 2.43 2.24 2.23 2.22 1.95 1.61 1.50 1.51 1.47 1.49 1.71 2.21 3.04 4.03 4.79 4.65 3.36 2.77 2.68 2.62 2.72 2.98 2.93 2.56 2.39 2.36 2.28 2.03 1.80 1.67 1.64 1.77 2.18 2.75 2.92 2.52 2.03 1.84 1.81 1.84 1.82 1.77 1.64 1.89 2.54 2.91 2.86 2.67 2.55 2.43 2.30 2.23 2.15 2.09 2.11 2.14 2.14 2.08 2.03 2.08 2.19 2.25 2.33 2.40 2.44 2.50 2.60 2.70 2.80 2.92 3.05 3.05 2.82 2.26 1.72 1.45 1.26 1.32 1.42 1.33 1.21
2.61 2.51 2.43 2.45 2.41 2.41 2.53 2.56 2.29 1.69 1.35 1.29 1.37 1.63 2.10 2.65 3.49 3.87 3.19 2.53 2.55 2.62 2.63 2.68 2.75 2.83 2.56 2.12 1.91 1.83 1.73 1.65 1.55 1.53 1.69 2.02 2.49 3.09 3.38 3.28 2.99 2.79 2.61 2.39 2.10 1.63 1.41 1.75 2.31 2.52 2.40 2.33 2.30 2.25 2.19 2.10 2.02 1.97 1.95 1.94 1.95 1.96 1.96 2.04 2.13 2.19 2.27 2.33 2.42 2.53 2.67 2.84 3.00 3.14 3.16 3.09 2.87 2.54 2.28 1.98 1.62 1.37 1.22 1.23
2.56 2.40 2.26 2.39 2.52 2.49 2.47 2.61 2.82 2.75 2.23 1.91 1.77 1.88 2.21 3.01 4.19 4.25 3.71 3.17 2.94 2.89 2.88 2.82 2.61 2.55 2.47 1.95 1.54 1.37 1.29 1.27 1.29 1.44 1.70 1.94 2.15 2.47 2.96 3.32 3.35 3.25 3.12 2.95 2.62 2.04 1.61 1.55 1.86 2.14 2.14 2.11 2.14 2.15 2.15 2.11 2.06 2.02 2.06 2.13 2.20 2.25 2.21 2.14 2.12 2.12 2.14 2.16 2.25 2.41 2.60 2.77 2.99 3.26 3.38 3.20 2.85 2.52 2.38 2.27 2.01 1.58 1.24 1.15
2.71 2.58 2.45 2.52 2.60 2.53 2.42 2.45 2.72 3.08 3.24 3.05 2.86 2.67 3.11 4.48 4.90 4.29 3.82 3.65 3.45 3.10 2.81 2.54 2.26 2.32 2.61 2.56 2.07 1.70 1.50 1.38 1.35 1.47 1.60 1.69 1.80 1.91 2.16 2.54 2.90 3.07 3.06 2.94 2.72 2.43 2.08 1.80 1.80 1.99 2.06 2.04 2.03 2.04 2.05 2.04 2.03 2.04 2.09 2.18 2.28 2.31 2.28 2.24 2.21 2.19 2.15 2.07 2.02 2.14 2.43 2.72 2.91 3.08 3.35 3.47 3.16 2.47 2.01 1.94 1.94 1.75 1.33 1.06
2.75 2.76 2.72 2.69 2.67 2.64 2.59 2.50 2.48 2.61 2.95 3.21 3.23 3.33 4.27 4.99 4.36 3.38 2.98 3.07 3.15 2.87 2.39 1.97 1.80 1.91 2.32 2.75 2.71 2.38 2.11 1.93 1.75 1.60 1.53 1.49 1.46 1.53 1.75 2.04 2.37 2.59 2.59 2.53 2.55 2.48 2.24 1.96 1.89 2.00 2.08 2.06 2.00 1.95 1.92 1.93 1.96 1.99 2.02 2.08 2.15 2.21 2.25 2.27 2.28 2.27 2.23 2.16 1.98 1.86 2.04 2.40 2.73 3.01 3.34 3.72 3.83 3.33 2.25 1.75 1.58 1.52 1.40 1.19
2.55 2.72 2.75 2.59 2.52 2.54 2.56 2.47 2.25 2.01 1.96 2.17 2.50 3.04 4.12 4.06 3.16 2.72 2.44 2.30 2.26 2.18 1.97 1.75 1.68 1.71 1.88 2.34 2.75 2.81 2.60 2.29 2.05 1.79 1.60 1.52 1.41 1.38 1.51 1.67 1.83 2.04 2.18 2.21 2.24 2.21 2.05 1.85 1.79 1.85 1.91 1.92 1.92 1.89 1.87 1.87 1.90 1.99 2.10 2.19 2.24 2.27 2.32 2.35 2.36 2.32 2.27 2.22 2.09 1.78 1.57 1.65 2.10 2.71 3.25 3.77 4.18 4.21 3.55 2.42 1.73 1.55 1.58 1.58
2.23 2.37 2.54 2.42 2.19 2.11 2.12 2.12 2.03 1.85 1.69 1.77 2.12 2.99 3.96 3.65 3.06 2.62 2.12 1.75 1.57 1.56 1.64 1.68 1.65 1.62 1.71 2.01 2.42 2.70 2.54 2.13 1.87 1.77 1.74 1.64 1.49 1.41 1.45 1.52 1.57 1.64 1.81 1.89 1.86 1.85 1.79 1.69 1.64 1.67 1.71 1.75 1.79 1.80 1.80 1.82 1.90 2.05 2.17 2.24 2.29 2.33 2.34 2.33 2.32 2.29 2.21 2.09 1.99 1.74 1.28 1.11 1.25 1.55 2.09 2.89 3.75 4.41 4.62 4.08 2.90 2.21 1.99 2.01
2.07 2.03 2.12 2.25 2.07 1.77 1.58 1.53 1.68 1.91 2.05 2.21 2.67 4.01 4.54 3.98 3.40 2.68 1.87 1.40 1.23 1.23 1.30 1.40 1.42 1.45 1.55 1.76 2.02 2.35 2.53 2.28 1.91 1.80 1.73 1.60 1.46 1.44 1.55 1.61 1.52 1.39 1.45 1.57 1.64 1.70 1.70 1.61 1.57 1.59 1.64 1.69 1.73 1.75 1.75 1.82 1.98 2.11 2.17 2.19 2.24 2.31 2.37 2.36 2.29 2.20 2.10 1.98 1.91 1.87 1.61 1.16 1.06 1.16 1.31 1.64 2.49 3.51 4.33 4.70 4.21 3.03 2.56 2.47
2.25 2.01 1.81 2.03 2.25 2.07 1.61 1.36 1.45 1.71 2.13 2.71 3.87 4.99 4.56 3.46 2.96 2.64 2.26 1.70 1.34 1.22 1.21 1.20 1.20 1.30 1.46 1.56 1.64 1.92 2.39 2.62 2.45 2.03 1.70 1.54 1.50 1.62 1.69 1.55 1.37 1.26 1.24 1.32 1.44 1.56 1.61 1.57 1.54 1.54 1.58 1.67 1.75 1.81 1.87 1.98 2.10 2.14 2.15 2.17 2.20 2.26 2.37 2.45 2.44 2.34 2.25 2.23 2.22 2.20 2.07 1.73 1.40 1.37 1.37 1.37 1.52 2.20 3.06 3.99 4.50 4.26 4.07 3.79
2.48 2.23 1.89 1.90 2.13 2.38 2.35 2.03 1.77 1.80 2.27 3.14 4.68 4.80 3.26 2.33 2.15 2.20 2.33 2.38 2.14 1.75 1.43 1.23 1.19 1.29 1.41 1.44 1.42 1.54 1.86 2.28 2.53 2.40 2.11 1.96 1.89 1.84 1.63 1.27 1.14 1.16 1.15 1.16 1.23 1.35 1.44 1.47 1.48 1.49 1.50 1.55 1.67 1.88 2.07 2.18 2.18 2.16 2.16 2.17 2.21 2.29 2.39 2.55 2.79 2.97 2.98 2.95 2.89 2.83 2.78 2.53 1.95 1.55 1.54 1.52 1.39 1.48 2.08 2.97 3.87 4.29 4.38 4.36
2.55 2.45 2.00 1.62 1.54 1.87 2.51 2.80 2.68 2.66 2.92 3.93 4.58 3.37 2.04 1.72 1.62 1.70 1.99 2.43 2.74 2.74 2.34 1.85 1.61 1.48 1.42 1.35 1.30 1.31 1.48 1.78 2.23 2.54 2.54 2.40 2.24 2.01 1.57 1.15 1.05 1.09 1.10 1.11 1.14 1.23 1.32 1.38 1.41 1.43 1.41 1.37 1.42 1.69 2.01 2.19 2.24 2.25 2.27 2.30 2.37 2.46 2.56 2.78 3.23 3.79 4.20 4.36 4.32 4.30 4.17 3.88 3.16 2.32 2.19 1.93 1.59 1.44 1.58 1.99 2.58 2.99 3.07 3.15
2.43 2.46 2.06 1.44 1.26 1.47 1.85 2.46 3.07 3.26 3.41 4.25 3.93 2.00 1.47 1.42 1.43 1.63 1.94 2.22 2.45 2.79 2.99 2.93 2.66 2.20 1.73 1.35 1.17 1.14 1.24 1.46 1.81 2.19 2.39 2.40 2.28 2.02 1.62 1.26 1.16 1.17 1.19 1.20 1.20 1.22 1.26 1.31 1.36 1.36 1.34 1.31 1.28 1.35 1.60 1.90 2.10 2.22 2.35 2.50 2.59 2.66 2.77 2.99 3.35 3.88 4.41 4.86 5.15 5.24 5.14 4.93 4.58 4.02 3.24 2.74 2.37 2.28 2.06 1.89 1.93 2.20 2.32 2.36
2.42 2.48 2.37 1.91 1.52 1.41 1.47 1.82 2.46 2.87 3.26 3.52 2.67 1.63 1.47 1.53 1.63 1.85 2.01 1.92 1.74 1.83 2.26 2.77 2.99 2.93 2.58 1.97 1.48 1.34 1.38 1.45 1.50 1.62 1.92 2.10 2.02 1.70 1.46 1.32 1.24 1.25 1.26 1.27 1.27 1.26 1.25 1.26 1.28 1.28 1.30 1.39 1.48 1.52 1.60 1.68 1.85 2.07 2.24 2.40 2.56 2.71 2.83 2.97 3.09 3.11 3.18 3.47 3.94 4.47 4.85 4.94 4.80 4.57 4.11 3.55 3.39 3.32 3.15 2.83 2.45 2.46 2.58 2.53
2.64 2.47 2.51 2.53 2.07 1.54 1.41 1.63 1.87 2.09 2.52 2.78 2.40 2.06 1.93 1.83 1.81 1.93 1.81 1.41 1.26 1.27 1.38 1.70 2.07 2.37 2.61 2.64 2.41 2.05 1.76 1.60 1.45 1.32 1.41 1.51 1.48 1.36 1.30 1.26 1.22 1.22 1.24 1.25 1.26 1.25 1.24 1.24 1.26 1.30 1.38 1.51 1.66 1.75 1.70 1.60 1.72 1.92 2.04 2.20 2.51 2.78 2.87 2.84 2.72 2.55 2.46 2.42 2.47 2.83 3.62 4.21 4.34 4.37 4.30 4.04 3.82 3.71 3.61 3.36 3.00 2.90 2.95 2.75
2.80 2.32 2.16 2.57 2.74 2.36 1.87 1.74 1.90 1.99 2.16 3.01 3.38 3.17 2.86 2.46 2.24 2.10 1.54 1.12 1.08 1.13 1.18 1.17 1.15 1.33 1.74 2.28 2.58 2.59 2.29 1.91 1.60 1.32 1.11 1.09 1.13 1.12 1.14 1.18 1.19 1.20 1.22 1.22 1.22 1.22 1.22 1.25 1.31 1.40 1.51 1.57 1.63 1.66 1.62 1.64 1.77 1.95 2.20 2.51 2.77 2.95 3.05 2.96 2.74 2.55 2.39 2.12 1.89 1.89 2.27 3.03 3.79 4.14 4.12 3.88 3.56 3.47 3.63 3.74 3.49 3.37 3.30 3.02
2.91 2.22 1.84 2.24 2.89 3.26 3.17 2.68 2.49 2.36 2.85 4.17 4.22 3.82 3.73 3.51 3.29 2.97 2.37 1.84 1.63 1.43 1.23 1.02 0.93 1.01 1.18 1.35 1.65 2.07 2.29 2.15 1.81 1.36 1.00 0.96 1.01 1.03 1.05 1.10 1.15 1.18 1.21 1.24 1.24 1.25 1.27 1.29 1.35 1.44 1.49 1.52 1.55 1.61 1.74 1.91 2.03 2.21 2.54 2.81 2.91 2.94 3.02 3.16 3.24 3.20 2.96 2.59 2.31 2.12 1.98 2.16 2.87 3.68 3.93 3.71 3.24 2.87 3.09 3.80 4.17 4.08 3.79 3.40
2.99 2.20 1.65 1.83 2.31 3.02 3.46 3.47 3.23 3.32 4.56 4.91 3.80 3.21 3.32 3.46 3.39 3.28 3.25 3.18 2.99 2.62 2.04 1.45 1.10 1.10 1.13 1.13 1.17 1.22 1.35 1.60 1.53 1.22 1.02 1.01 1.03 1.05 1.07 1.09 1.13 1.17 1.23 1.30 1.34 1.35 1.36 1.39 1.43 1.47 1.49 1.49 1.50 1.56 1.67 1.84 2.09 2.36 2.53 2.62 2.69 2.73 2.82 3.10 3.47 3.70 3.82 3.88 3.87 3.73 3.46 3.23 3.29 3.71 4.01 4.02 3.84 3.51 3.55 4.18 4.74 4.76 4.38 3.61
3.04 2.22 1.51 1.62 1.87 2.15 2.57 3.14 3.74 4.52 5.07 4.13 2.77 2.39 2.34 2.44 2.59 2.62 2.70 2.88 3.12 3.19 3.06 2.67 2.10 1.69 1.61 1.60 1.54 1.29 1.07 1.08 1.19 1.16 1.13 1.15 1.16 1.15 1.14 1.14 1.16 1.19 1.24 1.33 1.42 1.46 1.49 1.54 1.58 1.59 1.57 1.54 1.49 1.44 1.50 1.71 1.99 2.21 2.41 2.53 2.56 2.62 2.78 2.97 3.15 3.38 3.73 4.10 4.42 4.71 4.91 4.95 4.89 4.86 4.80 4.66 4.79 5.21 5.45 5.27 5.02 5.38 5.35 4.37
3.13 2.84 2.24 1.90 1.91 2.20 2.51 2.92 3.94 4.42 3.92 2.82 2.27 2.06 1.96 1.95 2.04 2.10 2.04 2.01 2.19 2.50 2.78 2.97 2.89 2.62 2.37 2.21 1.94 1.59 1.26 1.08 1.11 1.17 1.17 1.20 1.25 1.26 1.24 1.22 1.24 1.28 1.30 1.35 1.41 1.46 1.53 1.61 1.66 1.67 1.65 1.59 1.50 1.47 1.60 1.77 1.87 1.97 2.19 2.36 2.48 2.65 2.77 2.86 2.97 3.15 3.33 3.45 3.59 3.85 4.18 4.46 4.69 5.01 5.24 5.10 5.05 5.23 5.06 4.72 4.55 5.16 5.86 5.48
2.95 3.30 3.65 3.14 2.82 2.99 2.90 3.02 3.80 3.63 2.75 2.44 2.15 1.84 1.68 1.64 1.60 1.69 1.86 1.90 1.82 1.79 1.93 2.16 2.46 2.61 2.44 2.03 1.65 1.41 1.17 1.05 1.08 1.13 1.16 1.19 1.24 1.28 1.31 1.32 1.33 1.36 1.40 1.43 1.47 1.49 1.52 1.62 1.70 1.74 1.77 1.77 1.71 1.69 1.76 1.82 1.86 1.94 2.04 2.12 2.25 2.55 2.75 2.90 3.08 3.20 3.17 3.07 2.99 2.96 3.02 3.08 3.17 3.71 4.50 4.78 4.52 3.94 3.23 3.34 3.76 4.13 5.13 5.81
2.45 2.63 3.40 3.73 3.58 3.23 2.73 2.91 3.77 3.37 2.42 2.28 2.16 1.83 1.54 1.39 1.31 1.38 1.54 1.64 1.59 1.47 1.43 1.52 1.70 1.91 1.92 1.61 1.30 1.19 1.15 1.10 1.09 1.13 1.16 1.18 1.21 1.27 1.34 1.40 1.45 1.47 1.49 1.54 1.61 1.69 1.69 1.65 1.71 1.81 1.89 1.96 2.00 1.95 1.88 1.87 1.92 1.98 2.10 2.21 2.20 2.39 2.75 3.01 3.14 3.14 3.08 3.04 3.08 3.15 3.15 2.94 2.65 2.84 3.38 3.78 3.64 3.03 2.61 2.75 3.06 3.21 3.87 5.42
