windninja/windninja_output/Output_2025-10-23_2000-2050_Google earth_Fire_150m_10min/merlingen_7.5mi_point_10-23-2025_2030_150m_ang.asc
ncols	158
nrows	163
xllcorner	391686.332397
yllcorner	5160024.123721
cellsize	150.000000
NODATA_value	-32768.000000
[rows 84 to 125 of 163, columns 0 to 93 of 158]
229 222 220 227 228 226 223 222 222 220 215 215 217 221 224 225 225 226 226 224 224 223 222 220 216 215 220 222 223 225 226 226 228 230 234 237 239 238 236 234 232 231 231 232 234 235 236 238 241 241 239 239 242 245 248 250 252 253 254 255 256 257 258 259 260 262 263 264 266 267 269 271 274 276 279 283 287 293 302 314 335 346 337 317 302 297 292 289 288 287 285 283 280 278
227 230 234 236 236 234 230 228 227 222 216 214 215 218 220 221 222 224 224 223 223 221 219 217 213 212 217 221 223 223 223 224 224 225 229 232 234 236 238 236 234 233 233 235 238 240 242 245 248 248 246 244 243 243 246 249 251 252 253 255 256 257 257 259 260 261 262 263 265 267 268 270 273 275 279 282 286 291 300 313 334 347 343 320 300 294 290 287 287 286 285 283 281 280
233 236 240 242 242 239 233 227 224 219 214 212 213 215 217 219 220 223 225 225 225 223 220 215 207 205 211 217 220 221 222 223 222 220 222 224 225 228 231 234 235 233 233 234 236 239 242 245 248 249 248 247 246 245 246 249 251 252 253 254 255 256 257 258 259 260 261 263 264 266 268 270 272 275 278 281 285 290 298 310 330 342 339 317 299 291 289 287 285 284 284 283 285 286
242 244 245 243 238 232 224 217 215 215 212 210 211 211 214 217 218 221 223 223 221 216 209 197 188 192 203 210 215 218 219 221 221 220 221 221 221 222 224 227 229 230 231 232 234 237 240 243 244 246 247 248 247 247 248 250 252 253 254 255 255 256 256 257 258 260 261 262 264 265 267 269 271 274 277 280 283 289 296 307 323 335 332 316 297 289 286 285 283 282 283 286 289 290
246 244 236 226 218 213 211 210 212 216 213 207 205 205 208 211 213 217 217 214 206 196 185 180 180 187 198 207 212 215 216 219 220 221 224 225 223 223 224 225 225 226 227 229 231 233 236 239 240 241 242 244 245 246 247 249 252 254 256 256 256 256 256 256 258 259 260 262 263 265 266 268 270 273 276 279 283 288 294 302 314 325 325 314 300 289 284 282 282 283 286 289 288 283
240 232 218 213 209 207 208 210 213 215 211 202 199 201 205 208 209 211 209 202 189 177 176 181 186 189 198 206 210 213 215 216 217 219 221 225 225 226 227 229 229 227 226 226 229 231 234 236 238 238 238 239 239 241 242 243 246 251 257 260 258 255 255 256 257 258 259 261 262 264 266 267 269 272 274 278 281 286 291 298 306 316 319 311 301 293 286 282 284 286 286 285 279 273
230 223 214 214 211 207 206 208 207 207 206 199 196 199 203 204 204 204 201 188 172 171 179 189 191 193 199 205 208 211 213 215 216 216 218 221 222 223 225 228 230 230 228 228 229 231 233 235 236 237 237 237 236 236 237 238 242 246 253 258 257 254 254 255 256 257 259 260 262 263 265 267 269 271 274 276 280 283 288 293 299 307 312 309 302 298 293 288 287 287 283 276 273 271
218 213 207 205 201 197 194 195 197 200 203 200 195 196 196 195 195 196 194 177 166 173 189 196 196 197 201 205 208 210 212 214 215 215 216 218 217 218 219 222 225 227 228 229 229 231 233 235 237 237 238 238 238 236 233 234 237 240 244 246 247 250 252 253 255 256 258 259 261 262 264 266 268 270 272 275 278 281 285 289 294 300 306 307 304 301 297 292 289 284 277 269 271 271
201 197 193 193 192 188 183 182 187 195 200 198 195 194 194 191 189 186 183 179 175 184 197 202 201 200 203 205 207 210 211 212 213 212 212 214 215 215 216 217 220 223 226 228 230 231 234 237 239 241 241 241 240 237 233 232 236 240 241 241 240 244 249 252 254 256 257 259 260 262 263 265 267 269 271 273 276 279 282 286 290 294 299 302 301 298 295 291 286 277 267 267 271 270
179 180 182 184 186 184 182 181 185 193 197 193 188 187 188 188 183 179 180 185 192 194 200 205 203 203 205 206 207 209 211 213 212 210 209 211 213 214 214 213 215 220 224 227 228 231 233 236 238 240 242 243 240 237 236 240 245 247 246 244 242 243 247 251 253 255 256 258 260 261 263 264 266 268 270 272 275 277 280 283 286 289 292 295 295 293 291 286 279 270 265 268 271 271
156 163 172 176 178 179 181 182 183 188 193 192 188 186 187 188 187 185 188 200 205 203 204 207 205 205 204 205 206 209 212 213 210 206 205 208 210 210 211 211 209 212 218 222 223 225 227 230 232 233 235 235 231 232 236 244 251 252 250 247 245 244 246 250 253 254 256 257 259 261 262 263 265 267 269 271 273 275 278 280 282 284 287 289 290 288 286 282 276 271 270 270 271 272
136 147 164 168 171 174 176 177 176 180 187 192 193 194 194 197 199 206 207 211 213 216 216 216 210 205 203 203 205 207 207 205 202 201 201 204 206 207 208 208 205 204 210 215 216 216 217 219 221 222 224 226 223 226 234 240 246 249 249 248 247 246 247 250 252 254 256 257 259 260 261 263 264 266 268 270 271 273 275 278 279 281 283 284 284 284 282 279 276 274 273 272 272 272
123 134 153 161 168 174 176 173 168 168 181 197 207 211 215 221 223 227 225 218 228 235 235 229 214 202 200 201 201 199 198 199 201 201 200 201 203 204 204 205 203 200 203 209 211 211 211 211 213 217 222 226 225 226 232 238 243 246 248 248 247 247 248 251 252 254 255 257 258 259 261 262 264 265 267 269 270 272 274 275 277 278 279 280 280 280 279 277 276 274 273 272 272 272
119 126 142 154 167 177 181 179 173 169 178 204 235 227 229 229 232 235 232 229 239 246 246 234 203 191 193 196 196 193 195 201 205 204 201 199 200 199 199 200 199 197 198 203 208 209 211 213 217 223 227 229 228 227 230 236 241 244 246 248 249 248 250 251 253 254 255 256 257 258 260 262 263 265 266 267 269 271 272 273 275 276 277 277 277 277 276 276 275 274 273 272 271 271
110 114 124 135 155 173 184 188 186 186 196 231 269 267 260 254 250 252 251 245 240 238 229 204 183 185 191 193 194 194 198 202 203 202 200 197 196 194 192 193 195 194 193 198 206 212 216 222 227 229 229 229 228 228 230 233 236 239 242 245 247 249 252 254 255 255 255 256 257 258 260 261 262 264 265 267 268 269 271 272 273 274 274 275 275 275 275 274 273 272 272 271 271 271
100 99 99 106 118 135 168 195 204 214 227 242 257 272 275 272 271 269 265 252 231 211 196 191 190 194 197 196 196 197 198 198 196 195 193 191 189 188 186 185 187 189 189 193 201 207 212 218 222 224 225 225 225 226 227 229 232 235 238 239 241 245 249 253 256 257 257 257 257 258 259 260 262 263 265 266 267 268 269 271 271 272 273 273 273 273 273 273 272 272 271 271 270 270
103 101 98 100 99 96 96 185 236 247 256 266 276 286 290 284 276 271 256 227 203 188 189 203 213 212 208 203 199 199 198 194 188 182 180 179 181 182 181 178 179 183 184 187 193 201 207 213 216 218 220 221 221 222 223 225 228 232 234 235 236 238 242 247 253 256 258 258 257 257 259 260 262 263 264 265 267 268 269 270 270 271 271 272 272 272 272 271 271 271 270 270 270 269
112 111 107 103 99 92 86 86 250 265 264 260 263 268 268 257 237 227 213 195 181 182 204 229 233 226 218 212 207 204 196 182 169 163 160 163 168 172 173 173 173 176 179 181 187 196 204 209 211 214 216 217 219 220 223 223 224 227 230 231 233 236 239 242 246 250 254 256 257 258 260 261 262 263 264 265 266 267 268 269 269 270 270 271 271 270 271 270 270 270 269 269 269 268
122 120 116 113 112 111 106 112 149 197 217 225 228 221 204 198 199 197 192 184 180 200 236 243 239 234 230 225 215 195 175 161 152 148 145 144 149 155 160 166 169 170 173 175 180 188 196 201 205 209 212 215 216 217 220 221 222 224 226 228 229 232 235 239 243 246 249 251 254 257 260 263 264 264 265 265 266 267 268 268 269 269 270 270 270 270 269 269 269 269 269 268 268 267
134 132 128 125 126 130 131 131 144 169 182 190 193 182 177 181 185 187 187 186 199 239 251 248 242 240 237 228 198 163 152 147 141 139 138 136 137 141 147 155 161 163 166 169 172 178 187 196 201 206 210 212 213 214 216 217 219 222 224 225 225 226 230 235 239 242 244 246 248 251 257 263 265 266 266 266 267 268 268 269 269 269 269 269 269 269 269 269 268 268 267 267 267 266
146 145 141 137 135 136 137 134 131 143 155 157 160 153 148 154 169 181 194 228 252 250 245 241 239 234 222 204 173 149 138 132 129 131 133 132 132 133 137 145 152 156 159 162 165 170 179 189 198 203 206 209 211 212 213 215 217 219 221 224 225 226 228 232 235 238 239 240 241 245 251 256 263 267 268 269 270 270 270 270 270 270 269 269 269 268 268 268 267 267 267 267 266 265
159 156 152 148 144 140 137 133 123 125 127 117 118 120 118 117 114 78 294 285 271 251 238 233 226 212 201 187 169 148 133 127 126 129 130 129 131 135 138 142 148 152 154 156 160 165 172 181 190 196 201 204 206 209 212 214 215 217 220 223 224 226 228 232 234 236 236 236 236 241 245 247 252 259 264 268 271 272 272 272 272 272 271 269 269 268 268 267 267 266 266 266 265 264
172 167 162 159 156 153 151 146 134 137 144 142 140 140 133 121 107 68 288 270 258 241 224 214 204 194 186 178 163 146 137 134 133 130 126 127 133 139 141 143 146 150 151 153 156 160 166 173 181 188 195 199 202 206 209 211 213 216 219 221 223 224 226 229 231 234 235 234 233 237 241 243 245 248 253 260 265 268 269 272 275 275 273 270 269 268 267 267 266 266 266 265 264 263
183 178 172 168 165 161 160 158 154 157 160 161 164 165 157 147 140 149 211 242 221 189 182 185 185 181 176 169 154 144 141 141 142 132 124 130 138 143 141 141 145 148 150 152 154 157 162 168 175 182 189 195 199 203 207 210 211 213 217 219 221 223 224 226 228 230 232 233 232 234 238 241 244 246 249 253 258 261 264 267 271 276 276 273 270 268 267 266 266 265 265 264 263 263
191 187 179 173 168 165 165 164 162 162 166 167 171 174 167 157 155 164 190 195 159 153 162 168 168 165 163 159 145 140 143 145 147 133 126 135 144 145 141 143 148 148 148 151 154 156 159 164 171 178 185 192 196 200 204 208 210 212 213 215 218 221 223 224 227 229 230 231 231 231 234 239 243 245 247 249 253 257 260 262 264 270 276 276 272 269 267 266 265 264 264 263 263 263
198 192 179 170 166 164 165 166 164 163 168 173 175 173 163 155 159 174 186 176 151 144 154 161 156 151 151 149 136 134 144 147 147 133 126 136 144 143 143 149 152 146 143 149 154 155 157 161 167 173 180 187 192 197 201 205 208 210 211 211 214 218 221 222 226 229 230 230 229 228 231 236 241 243 245 247 249 252 256 259 261 264 270 276 274 270 268 266 265 264 263 263 263 263
201 191 176 167 162 160 161 163 164 163 165 170 170 164 154 151 159 176 182 170 153 145 152 157 151 142 141 143 136 135 142 146 145 132 125 134 141 143 148 156 156 146 143 147 150 152 156 161 164 168 174 182 189 195 198 200 204 208 210 209 211 216 219 220 223 227 230 230 229 227 228 233 238 240 243 246 248 249 252 256 259 262 265 270 273 272 269 266 265 264 264 263 263 263
199 189 175 167 162 161 162 162 162 162 161 160 158 153 148 149 161 178 178 166 156 152 155 157 151 140 136 137 136 136 140 142 141 131 128 136 143 147 154 160 157 153 151 147 147 150 155 159 161 164 170 177 185 192 195 197 201 206 209 209 210 214 218 218 219 222 226 227 227 226 227 232 236 239 241 244 245 246 249 253 257 260 262 263 266 268 268 266 265 264 264 264 264 264
200 191 177 172 167 165 166 165 163 164 162 155 152 151 146 148 163 179 175 165 161 161 163 164 154 137 132 130 130 132 135 139 138 129 131 141 149 155 161 161 158 156 151 148 150 152 154 156 157 160 165 174 182 188 192 195 197 202 207 208 208 211 215 216 216 218 222 223 225 225 227 232 236 238 239 241 242 243 244 247 253 258 259 260 261 261 262 263 263 262 265 267 266 264
206 197 184 178 170 166 164 164 164 166 160 150 151 154 147 145 160 175 169 164 161 163 171 174 154 136 134 132 128 127 129 132 131 126 130 140 152 159 162 161 160 153 145 146 153 156 155 154 155 156 160 169 177 184 189 192 194 198 203 206 206 207 211 214 214 215 218 219 220 220 222 228 232 234 235 239 241 241 242 243 247 253 255 256 257 255 254 256 255 259 266 269 266 262
210 202 189 180 172 169 165 163 163 161 151 145 150 157 149 143 154 167 166 160 157 161 171 174 157 147 146 142 134 130 129 126 124 125 129 137 146 154 160 162 159 148 143 147 155 158 157 158 158 157 159 164 172 179 186 190 192 195 200 203 204 204 207 211 211 212 214 216 217 217 218 223 229 231 233 235 238 241 241 241 244 247 248 249 250 247 247 249 250 258 265 266 262 257
211 203 190 181 174 172 169 168 163 151 143 143 152 160 149 141 151 165 168 159 153 156 164 166 161 155 155 153 145 143 142 133 125 124 129 137 144 150 156 159 154 147 148 153 157 159 161 164 163 160 160 162 167 175 183 188 191 192 196 200 202 202 204 208 209 208 211 214 216 217 218 221 227 231 232 234 236 239 240 240 243 245 244 243 242 237 239 245 250 259 261 258 253 249
210 202 190 182 176 172 171 171 163 148 141 144 154 159 144 138 149 168 171 163 156 156 157 160 163 162 162 156 145 149 152 144 133 126 128 137 145 153 155 152 149 149 153 157 159 162 165 164 162 161 161 163 167 173 180 186 189 190 192 196 199 200 202 205 206 206 208 211 214 215 216 217 222 227 232 234 235 236 238 240 244 246 244 239 236 233 235 242 250 256 256 251 244 243
209 202 193 184 176 171 170 166 157 149 143 147 157 156 140 133 145 165 167 160 155 153 151 152 158 163 169 164 152 152 153 144 139 136 138 143 149 156 154 150 152 154 158 160 161 164 164 162 161 162 164 167 170 173 179 184 187 188 190 193 195 197 198 201 203 204 205 208 211 212 213 213 216 221 226 230 233 234 236 237 242 246 243 236 233 232 234 241 248 251 249 244 239 243
212 206 195 184 175 170 166 158 149 146 143 148 158 152 137 129 135 154 158 155 149 144 142 142 146 154 161 160 160 164 159 152 149 144 148 157 161 163 157 155 159 162 162 161 161 162 163 164 164 166 168 171 173 175 179 182 185 187 188 189 191 191 193 196 199 200 201 204 208 210 210 210 212 216 221 225 227 230 233 234 238 242 240 234 232 233 235 240 245 245 242 239 236 242
216 209 196 183 172 167 162 151 142 140 140 145 155 150 138 127 129 143 151 149 143 137 135 134 135 138 143 147 154 160 158 156 151 146 150 162 170 170 166 167 170 169 166 163 162 164 165 164 165 169 172 175 176 177 179 181 184 185 185 186 187 187 188 191 195 198 199 202 206 208 208 208 208 211 216 221 223 226 230 234 237 240 238 233 233 235 236 239 241 240 237 234 231 238
217 210 195 181 171 165 155 144 137 139 137 137 151 153 143 129 125 135 147 146 141 135 130 127 126 128 130 135 140 144 147 148 146 144 147 156 168 171 173 179 181 178 173 170 170 171 170 168 169 172 174 177 179 180 181 181 182 182 182 183 183 184 187 192 199 205 204 202 204 206 207 206 206 208 212 216 219 222 227 233 236 238 236 233 234 235 235 237 237 236 234 231 227 234
216 208 190 178 176 172 160 146 139 140 137 131 143 155 149 134 123 128 142 147 141 131 124 121 120 121 125 130 132 132 133 136 138 141 144 150 159 165 172 181 185 185 180 176 177 177 175 176 178 178 178 179 180 183 184 183 180 179 180 180 182 187 196 206 218 224 217 202 198 202 204 204 204 205 207 210 214 218 223 227 231 234 234 232 233 233 232 233 234 234 232 227 225 233
210 200 181 173 174 173 166 157 148 146 138 127 138 154 148 135 120 119 133 140 135 127 121 117 113 114 118 124 126 127 131 134 135 140 142 144 153 158 164 172 181 186 184 180 176 174 176 181 183 183 182 180 182 186 186 182 179 178 180 181 187 201 212 214 208 203 199 189 179 189 200 202 202 202 202 204 208 213 217 220 225 229 229 228 228 228 227 227 229 231 229 222 224 237
204 193 175 168 168 165 162 158 153 153 140 128 137 155 147 131 116 108 113 124 125 122 118 111 108 109 112 116 121 126 134 136 133 138 140 140 150 156 159 167 175 182 185 182 174 169 170 176 181 184 182 180 184 188 187 184 181 180 183 188 201 210 202 193 187 185 188 189 180 173 185 195 197 199 198 198 200 205 210 214 218 222 224 223 224 225 223 222 227 229 226 219 224 240
201 190 174 168 165 160 156 154 150 153 143 132 138 154 144 127 114 102 100 108 114 117 117 115 111 107 107 116 126 132 141 139 134 138 139 137 145 154 157 165 171 178 184 183 177 170 168 172 179 182 182 184 188 190 190 191 189 188 188 193 197 188 181 180 177 176 181 188 190 182 176 181 188 191 193 191 192 197 203 207 211 218 222 222 222 223 219 220 226 229 225 219 225 241
194 186 175 170 166 160 156 152 148 150 144 134 138 147 136 124 114 107 102 108 113 117 119 115 113 113 120 131 136 144 152 144 135 137 139 135 140 150 154 162 169 176 181 180 176 171 168 171 177 180 183 187 191 193 194 195 192 189 186 185 180 173 173 174 173 172 176 184 191 193 187 179 174 169 174 179 181 185 196 203 208 217 222 221 221 220 216 217 224 227 224 219 228 243
