windninja/windninja_output/Output_2025-10-23_2000-2050_Google earth_Fire_150m_10min/merlingen_7.5mi_point_10-23-2025_2050_150m_vel.asc
ncols	158
nrows	163
xllcorner	391686.332397
yllcorner	5160024.123721
cellsize	150.000000
NODATA_value	-32768.000000
[rows 0 to 37 of 163, columns 0 to 83 of 158]
2.45 2.49 2.54 2.52 2.58 2.67 2.54 2.45 2.59 2.62 2.52 2.34 2.30 2.66 2.95 2.98 2.89 2.74 2.87 3.16 2.97 2.52 2.57 2.83 2.99 2.99 2.79 2.73 2.91 2.94 2.89 2.94 2.98 2.93 2.99 3.22 3.14 3.07 3.17 3.07 3.06 3.20 3.21 3.28 3.39 3.40 3.51 3.48 3.43 3.50 3.50 3.52 3.60 3.59 3.48 3.44 3.45 3.53 3.65 3.65 3.54 3.53 3.58 3.59 3.59 3.62 3.78 3.93 3.98 3.90 3.78 3.73 3.75 3.80 3.94 3.98 3.93 4.02 4.07 4.00 3.94 3.90 4.11 4.25
2.35 2.47 2.54 2.50 2.61 2.64 2.44 2.40 2.59 2.61 2.44 2.13 1.96 2.34 2.83 3.09 3.07 2.90 3.10 3.31 2.91 2.44 2.47 2.79 3.03 2.99 2.76 2.71 2.88 2.89 2.86 2.93 2.97 2.95 3.03 3.26 3.17 3.12 3.20 3.07 3.08 3.21 3.23 3.39 3.51 3.48 3.59 3.58 3.46 3.45 3.46 3.48 3.53 3.48 3.37 3.35 3.42 3.54 3.68 3.64 3.48 3.46 3.53 3.56 3.50 3.53 3.76 4.01 4.11 3.96 3.72 3.63 3.68 3.78 3.92 3.92 3.88 4.09 4.17 3.94 3.79 3.83 4.08 4.25
2.24 2.48 2.55 2.49 2.63 2.51 2.31 2.43 2.65 2.63 2.34 1.80 1.55 1.98 2.69 3.32 3.42 3.26 3.42 3.37 2.84 2.43 2.38 2.60 2.97 3.00 2.78 2.71 2.77 2.79 2.86 2.94 2.96 3.04 3.16 3.26 3.25 3.24 3.22 3.10 3.15 3.23 3.32 3.60 3.66 3.60 3.68 3.67 3.46 3.33 3.38 3.39 3.35 3.34 3.29 3.32 3.44 3.54 3.66 3.63 3.46 3.40 3.46 3.52 3.42 3.43 3.71 4.08 4.30 4.04 3.61 3.52 3.66 3.78 3.85 3.74 3.77 4.22 4.32 3.83 3.48 3.79 4.09 4.06
2.18 2.46 2.54 2.48 2.58 2.38 2.31 2.61 2.78 2.65 2.19 1.55 1.46 1.90 2.62 3.52 3.66 3.49 3.45 3.23 2.82 2.55 2.34 2.35 2.79 2.97 2.84 2.74 2.66 2.70 2.88 2.98 3.05 3.19 3.23 3.24 3.27 3.28 3.25 3.22 3.26 3.29 3.49 3.74 3.72 3.68 3.67 3.56 3.37 3.31 3.30 3.18 3.17 3.31 3.35 3.36 3.45 3.51 3.55 3.59 3.52 3.38 3.38 3.46 3.39 3.40 3.64 4.08 4.37 4.02 3.55 3.54 3.72 3.76 3.73 3.61 3.71 4.21 4.34 3.74 3.23 3.74 4.17 3.91
2.17 2.40 2.52 2.49 2.55 2.42 2.48 2.80 2.84 2.48 1.90 1.43 1.44 1.93 2.82 3.61 3.76 3.54 3.31 3.14 2.94 2.75 2.44 2.28 2.66 2.87 2.84 2.76 2.64 2.70 2.86 3.02 3.23 3.33 3.23 3.20 3.23 3.31 3.41 3.42 3.36 3.41 3.66 3.77 3.69 3.63 3.53 3.37 3.32 3.28 3.12 2.99 3.08 3.27 3.35 3.37 3.43 3.48 3.49 3.54 3.51 3.35 3.31 3.40 3.40 3.41 3.57 4.05 4.35 3.93 3.55 3.63 3.76 3.71 3.63 3.64 3.75 4.04 4.17 3.73 3.19 3.54 4.15 4.03
2.23 2.36 2.47 2.50 2.58 2.57 2.68 2.85 2.66 2.16 1.72 1.49 1.46 2.02 3.01 3.53 3.67 3.49 3.17 3.10 3.10 3.01 2.62 2.34 2.56 2.77 2.74 2.69 2.66 2.70 2.81 3.08 3.37 3.36 3.19 3.18 3.33 3.48 3.58 3.54 3.43 3.50 3.67 3.64 3.52 3.48 3.36 3.25 3.22 3.11 2.95 2.95 3.06 3.21 3.33 3.41 3.47 3.50 3.49 3.47 3.45 3.33 3.28 3.37 3.41 3.41 3.52 4.01 4.26 3.81 3.57 3.77 3.85 3.63 3.49 3.69 3.89 3.98 3.82 3.56 3.41 3.59 4.03 4.13
2.33 2.39 2.43 2.51 2.64 2.69 2.77 2.73 2.37 1.96 1.74 1.61 1.56 2.10 3.06 3.40 3.45 3.39 3.20 3.14 3.23 3.25 2.85 2.43 2.48 2.58 2.56 2.64 2.69 2.67 2.80 3.17 3.39 3.29 3.23 3.36 3.52 3.59 3.57 3.47 3.40 3.44 3.49 3.42 3.33 3.33 3.26 3.17 3.10 2.93 2.83 2.96 3.08 3.16 3.34 3.48 3.52 3.53 3.48 3.44 3.40 3.26 3.22 3.33 3.42 3.40 3.51 3.97 4.13 3.66 3.54 3.93 4.00 3.55 3.36 3.66 3.99 4.01 3.46 3.27 3.73 3.92 3.93 4.06
2.38 2.44 2.47 2.52 2.64 2.70 2.72 2.54 2.19 1.96 1.85 1.76 1.73 2.17 2.98 3.31 3.21 3.26 3.28 3.18 3.30 3.42 3.07 2.60 2.42 2.36 2.47 2.67 2.64 2.58 2.86 3.22 3.27 3.21 3.37 3.55 3.55 3.46 3.40 3.34 3.30 3.30 3.30 3.27 3.25 3.25 3.18 3.11 3.00 2.80 2.76 2.98 3.05 3.11 3.43 3.60 3.58 3.58 3.53 3.48 3.36 3.12 3.07 3.25 3.41 3.45 3.57 3.92 4.00 3.58 3.52 4.00 4.03 3.56 3.34 3.53 3.96 3.94 3.21 3.18 4.09 4.22 3.83 3.92
2.40 2.47 2.53 2.53 2.57 2.63 2.60 2.41 2.20 2.07 2.00 1.92 1.88 2.18 2.88 3.21 3.10 3.17 3.24 3.21 3.37 3.47 3.22 2.81 2.47 2.30 2.46 2.63 2.49 2.51 2.97 3.19 3.09 3.19 3.49 3.58 3.41 3.26 3.24 3.23 3.20 3.22 3.22 3.22 3.26 3.20 3.08 3.07 2.93 2.67 2.77 3.01 2.92 3.03 3.58 3.76 3.63 3.63 3.59 3.44 3.23 2.96 2.87 3.06 3.33 3.58 3.73 3.86 3.82 3.56 3.61 3.92 3.88 3.60 3.41 3.47 3.83 3.71 3.15 3.40 4.38 4.47 3.85 3.74
2.40 2.47 2.56 2.55 2.51 2.52 2.49 2.39 2.28 2.19 2.13 2.06 1.97 2.16 2.70 3.07 3.10 3.15 3.14 3.24 3.42 3.46 3.35 2.98 2.58 2.34 2.35 2.47 2.41 2.54 3.04 3.10 2.93 3.18 3.50 3.48 3.24 3.11 3.13 3.16 3.18 3.24 3.24 3.21 3.25 3.14 3.00 3.05 2.91 2.58 2.74 2.99 2.83 3.10 3.70 3.89 3.67 3.58 3.50 3.25 3.09 2.97 2.73 2.75 3.26 3.73 3.88 3.80 3.52 3.46 3.74 3.91 3.76 3.57 3.45 3.46 3.71 3.49 3.14 3.75 4.54 4.65 4.03 3.68
2.40 2.47 2.57 2.54 2.47 2.45 2.46 2.43 2.36 2.27 2.22 2.14 2.04 2.12 2.50 2.95 3.13 3.19 3.13 3.24 3.43 3.46 3.42 3.06 2.66 2.42 2.19 2.26 2.40 2.59 2.96 2.95 2.82 3.11 3.38 3.32 3.12 3.01 3.08 3.16 3.20 3.26 3.26 3.15 3.20 3.16 2.95 2.98 2.88 2.55 2.72 2.93 2.88 3.25 3.68 3.88 3.64 3.40 3.30 3.12 3.13 3.08 2.66 2.66 3.37 3.80 3.88 3.65 3.12 3.28 3.86 4.01 3.75 3.46 3.38 3.45 3.71 3.59 3.32 3.91 4.50 4.67 4.30 3.88
2.43 2.48 2.54 2.52 2.45 2.45 2.47 2.45 2.38 2.31 2.27 2.20 2.10 2.09 2.40 2.91 3.16 3.21 3.19 3.25 3.39 3.43 3.38 3.06 2.70 2.35 1.96 2.06 2.36 2.55 2.74 2.79 2.81 3.03 3.18 3.14 3.05 3.02 3.11 3.15 3.15 3.26 3.21 3.05 3.17 3.20 2.90 2.81 2.81 2.67 2.78 2.84 2.88 3.29 3.58 3.73 3.59 3.31 3.13 3.05 3.25 3.22 2.84 2.97 3.55 3.72 3.72 3.37 2.79 3.19 3.90 4.03 3.80 3.37 3.22 3.46 3.83 3.95 3.80 3.94 4.24 4.53 4.48 4.37
2.45 2.48 2.51 2.49 2.46 2.47 2.48 2.45 2.39 2.34 2.30 2.24 2.13 2.07 2.36 2.93 3.18 3.18 3.23 3.29 3.34 3.33 3.25 3.01 2.64 2.17 1.88 2.02 2.30 2.46 2.59 2.74 2.86 2.93 2.94 3.00 3.05 3.09 3.13 3.05 3.09 3.24 3.09 2.95 3.13 3.14 2.86 2.72 2.85 2.94 2.89 2.78 2.85 3.27 3.61 3.59 3.43 3.19 2.97 3.08 3.42 3.42 3.26 3.41 3.60 3.59 3.50 3.17 2.85 3.26 3.71 3.87 3.89 3.45 3.22 3.54 3.91 4.23 4.15 3.86 3.99 4.39 4.59 4.85
2.46 2.48 2.49 2.48 2.47 2.49 2.47 2.42 2.40 2.36 2.32 2.27 2.13 2.05 2.36 2.92 3.23 3.18 3.20 3.30 3.25 3.13 3.03 2.83 2.50 2.14 1.98 2.11 2.29 2.40 2.56 2.73 2.86 2.80 2.72 2.96 3.12 3.12 3.06 2.93 3.04 3.12 2.89 2.86 3.05 3.01 2.76 2.73 3.04 3.21 3.01 2.81 2.82 3.26 3.76 3.60 3.21 2.87 2.73 3.16 3.70 3.72 3.74 3.76 3.57 3.47 3.39 3.39 3.31 3.21 3.35 3.69 4.01 3.72 3.37 3.49 3.93 4.36 4.22 3.86 4.04 4.43 4.66 5.01
2.47 2.48 2.48 2.48 2.47 2.47 2.44 2.42 2.42 2.38 2.34 2.31 2.17 2.08 2.35 2.94 3.31 3.19 3.10 3.19 3.09 2.88 2.77 2.64 2.44 2.24 2.12 2.19 2.28 2.32 2.55 2.77 2.79 2.70 2.69 2.94 3.05 3.04 2.94 2.81 2.88 2.85 2.83 2.94 2.96 2.89 2.70 2.60 2.97 3.38 3.30 2.94 2.83 3.31 3.85 3.72 3.14 2.56 2.44 3.20 4.00 4.09 4.10 3.83 3.51 3.57 3.62 3.79 3.70 3.19 3.09 3.71 4.12 3.82 3.33 3.41 3.93 4.17 4.10 4.19 4.44 4.51 4.61 4.81
2.47 2.48 2.48 2.47 2.46 2.45 2.43 2.42 2.43 2.39 2.37 2.34 2.26 2.16 2.37 3.01 3.32 3.15 2.97 2.97 2.90 2.69 2.57 2.50 2.47 2.39 2.21 2.18 2.25 2.30 2.61 2.84 2.69 2.62 2.67 2.73 2.82 2.90 2.81 2.75 2.77 2.66 2.86 3.13 2.89 2.78 2.88 2.59 2.55 3.18 3.56 3.17 2.99 3.43 3.75 3.78 3.34 2.54 2.36 3.27 4.21 4.44 4.21 3.55 3.47 3.96 3.97 4.02 4.02 3.33 3.11 3.70 3.99 3.57 3.27 3.48 3.72 3.82 4.09 4.73 4.73 4.31 4.38 4.47
2.47 2.47 2.47 2.46 2.44 2.43 2.43 2.42 2.43 2.42 2.40 2.37 2.34 2.26 2.43 2.98 3.22 3.06 2.86 2.79 2.72 2.56 2.42 2.41 2.51 2.48 2.23 2.13 2.27 2.42 2.68 2.73 2.47 2.43 2.52 2.56 2.68 2.77 2.71 2.72 2.73 2.66 2.92 3.17 2.89 2.74 2.96 2.76 2.56 3.03 3.49 3.34 3.23 3.43 3.52 3.62 3.57 2.91 2.56 3.48 4.38 4.57 4.12 3.29 3.46 4.24 4.33 4.22 4.14 3.55 3.20 3.40 3.66 3.45 3.35 3.40 3.35 3.75 4.52 5.00 4.51 3.97 4.10 4.11
2.46 2.46 2.46 2.44 2.43 2.43 2.43 2.43 2.44 2.44 2.42 2.39 2.38 2.36 2.49 2.84 3.06 2.96 2.78 2.66 2.55 2.40 2.32 2.38 2.50 2.45 2.25 2.16 2.28 2.46 2.56 2.42 2.21 2.25 2.45 2.61 2.69 2.67 2.64 2.72 2.78 2.79 2.94 3.02 2.91 2.86 2.89 2.87 2.98 3.26 3.38 3.32 3.29 3.33 3.31 3.44 3.67 3.39 3.03 3.62 4.40 4.54 3.94 3.32 3.55 4.29 4.66 4.45 4.02 3.63 3.41 3.26 3.53 3.59 3.24 3.15 3.29 3.96 4.76 4.64 4.06 3.92 3.87 3.80
2.45 2.45 2.44 2.43 2.43 2.43 2.43 2.44 2.44 2.43 2.42 2.41 2.41 2.43 2.50 2.70 2.89 2.82 2.66 2.54 2.41 2.32 2.30 2.36 2.41 2.38 2.30 2.23 2.24 2.33 2.31 2.14 2.04 2.17 2.46 2.72 2.78 2.67 2.59 2.75 2.81 2.80 2.92 2.90 2.89 3.01 3.02 2.97 3.15 3.39 3.35 3.22 3.15 3.16 3.23 3.41 3.64 3.64 3.47 3.71 4.32 4.43 3.86 3.53 3.76 4.29 4.77 4.49 3.92 3.92 3.79 3.31 3.44 3.48 3.00 2.96 3.25 3.80 4.41 4.21 3.95 3.98 3.66 3.49
2.43 2.43 2.43 2.42 2.42 2.42 2.43 2.45 2.44 2.41 2.40 2.43 2.43 2.44 2.49 2.59 2.68 2.63 2.53 2.45 2.36 2.32 2.30 2.30 2.34 2.34 2.30 2.23 2.18 2.16 2.07 1.94 1.96 2.16 2.48 2.76 2.87 2.73 2.59 2.75 2.78 2.77 2.89 2.88 2.92 3.17 3.29 3.05 3.01 3.38 3.43 3.23 3.08 3.06 3.26 3.42 3.54 3.70 3.75 3.81 4.14 4.32 3.99 3.77 3.95 4.32 4.63 4.48 4.27 4.37 3.95 3.24 3.23 3.26 2.93 2.77 2.86 3.36 3.97 4.11 4.06 4.03 3.62 3.29
2.42 2.43 2.42 2.41 2.41 2.42 2.43 2.44 2.43 2.38 2.39 2.45 2.44 2.42 2.46 2.49 2.51 2.50 2.46 2.42 2.35 2.31 2.28 2.27 2.29 2.29 2.24 2.17 2.11 2.04 1.88 1.77 1.91 2.22 2.54 2.79 2.96 2.83 2.61 2.70 2.71 2.72 2.83 2.92 3.11 3.31 3.34 3.07 2.95 3.30 3.48 3.36 3.21 3.12 3.23 3.30 3.41 3.65 3.86 3.87 3.92 4.31 4.34 3.99 4.10 4.41 4.50 4.62 4.75 4.47 3.64 2.98 3.04 3.23 2.96 2.44 2.44 3.11 3.84 4.18 4.23 4.06 3.68 3.25
2.42 2.42 2.40 2.39 2.40 2.41 2.42 2.43 2.42 2.38 2.39 2.43 2.43 2.40 2.41 2.41 2.41 2.43 2.43 2.38 2.32 2.28 2.25 2.22 2.21 2.20 2.17 2.10 2.06 1.96 1.76 1.63 1.89 2.38 2.63 2.80 2.99 2.85 2.57 2.58 2.60 2.67 2.84 3.04 3.26 3.34 3.29 3.15 3.06 3.24 3.49 3.49 3.38 3.22 3.15 3.19 3.34 3.52 3.72 3.85 3.85 4.39 4.66 4.20 4.29 4.59 4.57 4.81 4.81 4.03 3.15 2.84 3.07 3.38 2.99 2.21 2.11 2.84 3.71 4.31 4.38 3.99 3.75 3.41
2.42 2.40 2.38 2.39 2.41 2.41 2.40 2.41 2.40 2.39 2.39 2.40 2.41 2.38 2.36 2.36 2.35 2.38 2.38 2.33 2.27 2.24 2.21 2.15 2.12 2.12 2.08 2.03 2.01 1.93 1.73 1.62 2.01 2.52 2.65 2.76 2.88 2.77 2.56 2.48 2.52 2.66 2.89 3.14 3.33 3.40 3.35 3.24 3.13 3.20 3.50 3.54 3.42 3.32 3.20 3.18 3.32 3.41 3.35 3.66 3.95 4.53 4.91 4.59 4.72 4.85 4.67 4.69 4.32 3.49 2.96 2.88 3.29 3.66 3.15 2.20 1.85 2.48 3.45 4.24 4.46 4.06 4.01 3.68
2.39 2.38 2.37 2.40 2.40 2.38 2.37 2.38 2.40 2.41 2.39 2.37 2.37 2.36 2.33 2.32 2.31 2.33 2.34 2.27 2.22 2.21 2.15 2.07 2.04 2.03 1.97 1.95 1.99 1.96 1.79 1.73 2.09 2.45 2.58 2.70 2.71 2.66 2.61 2.51 2.50 2.66 2.87 3.15 3.51 3.55 3.31 3.23 3.16 3.19 3.50 3.54 3.44 3.49 3.35 3.19 3.31 3.31 3.03 3.34 4.00 4.69 5.25 5.34 5.22 4.79 4.36 4.11 3.63 3.21 3.00 3.06 3.66 3.96 3.27 2.16 1.70 2.31 3.08 3.74 4.30 4.28 4.27 4.02
2.38 2.37 2.37 2.39 2.38 2.36 2.35 2.36 2.40 2.42 2.38 2.33 2.32 2.34 2.31 2.29 2.28 2.29 2.28 2.21 2.17 2.16 2.08 1.99 1.95 1.90 1.81 1.86 2.06 2.06 1.89 1.85 2.04 2.28 2.48 2.61 2.62 2.65 2.69 2.60 2.53 2.62 2.81 3.27 3.74 3.46 3.11 3.23 3.24 3.25 3.47 3.55 3.56 3.61 3.45 3.24 3.28 3.18 2.87 3.07 3.89 4.93 5.79 5.94 5.17 4.23 3.72 3.36 3.16 3.17 3.17 3.48 4.19 4.09 2.99 2.00 1.86 2.37 2.76 3.12 3.84 4.26 4.29 4.29
2.37 2.36 2.35 2.37 2.36 2.34 2.32 2.36 2.42 2.40 2.35 2.30 2.30 2.31 2.28 2.25 2.26 2.24 2.22 2.16 2.12 2.08 2.01 1.92 1.85 1.71 1.61 1.82 2.20 2.19 1.95 1.93 2.04 2.15 2.34 2.46 2.54 2.77 2.83 2.66 2.58 2.63 2.88 3.49 3.67 3.14 3.04 3.29 3.33 3.38 3.47 3.62 3.70 3.66 3.54 3.30 3.11 2.99 2.89 3.06 3.95 5.46 6.30 5.81 4.57 3.68 3.15 2.83 2.97 3.32 3.65 4.25 4.50 3.75 2.54 1.87 2.32 2.71 2.61 2.72 3.39 3.90 3.95 4.26
2.34 2.34 2.34 2.35 2.35 2.32 2.32 2.37 2.41 2.37 2.31 2.29 2.29 2.27 2.23 2.23 2.23 2.19 2.15 2.11 2.07 2.03 1.96 1.86 1.73 1.51 1.43 1.85 2.29 2.25 2.03 2.04 2.11 2.08 2.15 2.22 2.41 2.93 3.07 2.74 2.62 2.76 3.05 3.48 3.37 2.87 3.05 3.38 3.46 3.45 3.42 3.68 3.82 3.82 3.72 3.16 2.69 2.83 3.11 3.47 4.76 6.28 6.24 5.02 3.98 3.35 2.79 2.53 2.88 3.66 4.56 4.88 4.26 3.27 2.11 1.65 2.64 3.32 2.86 2.67 3.11 3.43 3.49 3.94
2.32 2.33 2.33 2.33 2.33 2.31 2.32 2.38 2.38 2.31 2.28 2.28 2.26 2.23 2.20 2.21 2.19 2.14 2.10 2.07 2.04 2.00 1.92 1.78 1.60 1.35 1.33 1.85 2.27 2.22 2.16 2.22 2.20 2.09 2.03 2.00 2.25 2.99 3.30 2.88 2.65 2.97 3.17 3.27 3.13 2.75 2.95 3.37 3.63 3.47 3.28 3.70 3.97 4.09 3.84 2.69 2.11 2.83 3.61 4.31 5.65 6.43 5.46 4.05 3.46 3.13 2.62 2.46 3.00 4.15 5.24 4.97 3.83 2.85 1.79 1.42 2.59 3.87 3.50 2.80 2.85 2.99 3.19 3.72
2.30 2.31 2.32 2.32 2.32 2.31 2.33 2.37 2.33 2.27 2.26 2.25 2.23 2.21 2.19 2.18 2.15 2.10 2.06 2.05 2.03 1.97 1.85 1.70 1.52 1.30 1.37 1.84 2.13 2.08 2.23 2.43 2.30 2.17 2.10 2.00 2.21 2.92 3.45 3.05 2.80 3.16 3.14 3.13 2.99 2.67 2.78 3.20 3.75 3.61 3.18 3.64 4.12 4.28 3.78 2.24 1.75 2.98 4.27 5.15 5.97 5.87 4.67 3.45 3.04 2.90 2.46 2.50 3.49 4.75 5.44 4.79 3.54 2.56 1.65 1.42 2.38 4.03 4.11 3.17 2.78 2.71 3.03 3.67
2.28 2.29 2.30 2.30 2.31 2.31 2.32 2.33 2.28 2.24 2.23 2.23 2.22 2.20 2.18 2.15 2.12 2.07 2.03 2.03 2.00 1.91 1.79 1.67 1.49 1.36 1.51 1.81 1.88 1.86 2.21 2.57 2.47 2.46 2.48 2.26 2.26 2.94 3.56 3.21 3.05 3.20 3.00 3.06 2.85 2.54 2.72 3.07 3.76 3.73 3.17 3.54 4.10 4.26 3.69 2.24 1.80 3.10 4.74 5.85 5.91 4.99 3.99 3.25 2.89 2.74 2.35 2.66 4.20 5.32 5.36 4.39 3.28 2.49 1.75 1.68 2.49 3.79 4.44 3.91 3.01 2.55 2.80 3.47
2.27 2.27 2.27 2.28 2.31 2.32 2.30 2.28 2.25 2.22 2.21 2.21 2.20 2.18 2.16 2.12 2.09 2.05 2.01 1.99 1.95 1.86 1.78 1.67 1.53 1.49 1.59 1.69 1.62 1.62 2.03 2.56 2.78 3.03 2.95 2.37 2.28 3.01 3.62 3.34 3.15 3.07 2.80 2.93 2.73 2.47 2.79 3.25 3.75 3.58 3.17 3.46 3.87 4.18 3.75 2.38 2.12 3.35 5.02 6.22 5.58 3.99 3.37 3.25 3.09 2.81 2.38 2.86 4.74 5.74 5.02 3.74 3.10 2.62 1.99 2.02 2.44 3.38 4.50 4.57 3.43 2.50 2.57 3.17
2.28 2.26 2.23 2.25 2.33 2.33 2.26 2.24 2.23 2.20 2.19 2.18 2.17 2.16 2.15 2.10 2.06 2.01 1.97 1.96 1.93 1.85 1.77 1.68 1.59 1.57 1.58 1.54 1.39 1.43 1.92 2.59 3.10 3.51 3.14 2.19 2.21 3.18 3.63 3.27 3.01 2.77 2.56 2.75 2.65 2.52 2.96 3.46 3.52 3.28 3.20 3.37 3.56 4.06 3.80 2.55 2.65 3.89 5.27 6.29 5.30 3.35 2.81 3.23 3.53 3.13 2.51 3.00 4.98 5.86 4.51 3.34 3.19 2.81 2.16 2.08 2.28 3.07 4.41 4.94 3.89 2.59 2.49 3.01
2.26 2.24 2.19 2.24 2.35 2.32 2.22 2.21 2.20 2.18 2.15 2.15 2.16 2.15 2.12 2.07 2.01 1.99 1.96 1.94 1.92 1.85 1.75 1.70 1.68 1.63 1.59 1.46 1.27 1.41 2.11 2.82 3.23 3.63 3.20 2.13 2.25 3.28 3.42 2.92 2.76 2.52 2.42 2.65 2.60 2.62 3.11 3.38 3.15 3.15 3.26 3.27 3.36 3.77 3.70 2.84 3.06 4.30 5.52 6.13 4.90 2.96 2.36 3.15 4.05 3.65 2.77 3.11 4.92 5.71 4.35 3.46 3.48 2.87 2.13 1.98 2.14 2.89 4.20 5.06 4.16 2.83 2.73 3.02
2.22 2.21 2.17 2.25 2.35 2.27 2.18 2.17 2.18 2.16 2.12 2.13 2.14 2.11 2.09 2.03 1.99 1.98 1.96 1.93 1.91 1.85 1.77 1.76 1.76 1.67 1.58 1.41 1.30 1.59 2.28 2.86 3.05 3.50 3.47 2.41 2.34 3.11 3.06 2.61 2.60 2.42 2.38 2.60 2.55 2.75 3.14 3.11 2.96 3.17 3.29 3.25 3.30 3.43 3.49 3.20 3.33 4.27 5.48 5.99 4.85 2.85 1.97 2.92 4.34 4.27 3.29 3.22 4.47 5.46 4.63 3.83 3.56 2.71 2.06 1.94 2.09 2.69 3.88 4.81 4.35 3.38 3.26 3.31
2.18 2.17 2.18 2.28 2.32 2.23 2.16 2.14 2.15 2.13 2.11 2.11 2.10 2.08 2.05 2.00 1.98 1.98 1.95 1.91 1.90 1.87 1.82 1.81 1.78 1.68 1.53 1.39 1.37 1.66 2.27 2.72 2.88 3.37 3.69 2.89 2.32 2.70 2.72 2.42 2.44 2.35 2.36 2.51 2.59 2.88 3.00 2.89 2.99 3.20 3.25 3.27 3.29 3.24 3.34 3.52 3.69 4.07 4.97 5.89 5.23 3.13 1.82 2.50 4.25 4.76 4.10 3.61 4.34 5.28 4.70 3.90 3.42 2.63 2.13 2.02 2.12 2.60 3.35 4.16 4.40 4.04 3.91 3.89
2.14 2.15 2.19 2.28 2.29 2.19 2.12 2.11 2.13 2.12 2.09 2.07 2.06 2.04 2.01 1.99 1.98 1.97 1.93 1.91 1.91 1.89 1.85 1.82 1.76 1.66 1.50 1.41 1.39 1.69 2.30 2.65 2.95 3.45 3.70 3.02 2.18 2.23 2.41 2.28 2.23 2.28 2.40 2.48 2.72 3.01 2.85 2.84 3.08 3.17 3.19 3.27 3.31 3.24 3.39 3.69 3.89 3.97 4.44 5.59 5.54 3.62 1.99 2.18 3.73 4.91 4.91 4.45 4.84 5.04 4.15 3.65 3.37 2.72 2.36 2.16 2.12 2.51 2.90 3.35 3.95 4.16 4.39 4.57
2.12 2.13 2.20 2.27 2.24 2.13 2.09 2.09 2.10 2.09 2.06 2.04 2.03 2.01 1.99 1.98 1.97 1.95 1.93 1.92 1.93 1.90 1.86 1.82 1.76 1.66 1.54 1.40 1.40 1.91 2.51 2.78 3.11 3.42 3.42 2.85 2.14 1.94 2.15 2.19 2.13 2.25 2.48 2.57 2.85 3.07 2.83 2.89 3.10 3.09 3.20 3.28 3.30 3.38 3.53 3.68 3.82 3.96 4.23 5.17 5.56 4.08 2.42 2.15 3.04 4.57 5.46 5.48 5.18 4.28 3.33 3.41 3.45 2.98 2.60 2.23 2.03 2.30 2.82 3.16 3.29 3.63 4.31 4.97
2.11 2.12 2.19 2.22 2.16 2.09 2.07 2.06 2.06 2.06 2.04 2.01 1.99 1.99 1.99 1.97 1.96 1.94 1.93 1.93 1.93 1.90 1.87 1.84 1.79 1.69 1.58 1.43 1.65 2.39 2.72 2.81 2.97 3.04 3.07 2.61 1.95 1.83 2.12 2.21 2.18 2.33 2.53 2.71 3.00 3.08 2.88 2.92 2.99 3.10 3.34 3.29 3.25 3.51 3.67 3.60 3.63 3.90 4.18 4.85 5.35 4.42 3.00 2.29 2.56 4.03 5.74 6.19 5.08 3.53 3.03 3.44 3.70 3.23 2.50 2.21 2.04 1.98 2.89 3.38 2.92 2.99 3.73 4.69
