windninja/windninja_output/Output_2025-10-23_1900-1950_Google earth_Fire_150m_10min/merlingen_7.5mi_point_10-23-2025_1900_150m_ang.asc
ncols	158
nrows	163
xllcorner	391686.332397
yllcorner	5160024.123721
cellsize	150.000000
NODATA_value	-32768.000000
[rows 84 to 125 of 163, columns 0 to 94 of 158]
19 13 11 19 24 23 21 21 19 10 357 347 342 337 331 328 325 321 318 317 316 316 316 318 320 321 320 320 320 318 318 317 315 312 307 304 302 302 303 305 307 308 308 307 306 305 305 305 304 303 304 304 304 303 301 298 297 297 296 296 296 296 296 296 296 297 297 297 297 298 299 300 302 304 305 307 311 315 321 330 344 351 349 335 314 307 301 298 297 296 293 291 289 287 287
360 13 28 33 36 35 33 30 21 5 352 346 342 337 332 328 325 319 315 313 311 310 311 313 316 318 317 316 317 316 317 316 316 315 311 307 304 301 300 301 304 305 304 303 301 299 297 296 296 296 297 297 297 298 298 297 296 296 296 296 296 296 296 296 296 296 296 296 297 297 298 299 301 303 304 306 309 314 319 328 342 350 349 332 310 303 300 297 296 295 293 292 290 288 288
0 21 40 44 48 48 41 26 9 356 349 346 340 335 331 328 324 317 311 307 304 303 302 304 310 317 318 316 315 315 315 314 315 317 315 314 311 307 303 301 302 303 303 301 299 297 295 293 293 294 294 293 293 294 295 295 295 295 295 295 296 296 296 296 296 296 296 296 296 297 298 299 300 301 303 305 308 312 317 325 338 345 343 326 308 300 297 296 294 293 292 292 293 295 296
30 42 53 50 45 38 26 9 360 354 350 345 337 333 330 326 323 316 308 304 302 299 298 303 314 323 324 320 317 316 315 313 313 313 313 313 314 312 308 305 303 303 303 300 298 295 293 292 291 291 292 293 293 292 292 292 293 294 294 295 295 295 295 295 295 295 295 295 296 296 297 298 299 300 302 304 306 310 315 321 331 337 334 322 306 298 295 293 291 290 291 294 296 298 298
51 48 36 24 18 15 10 5 2 360 353 341 335 334 332 330 325 316 309 306 306 305 308 316 327 332 327 322 319 317 315 312 311 309 307 306 308 308 306 304 303 303 303 302 299 296 293 291 290 290 292 293 293 292 291 291 291 292 293 294 296 296 296 295 295 295 295 295 295 295 296 297 298 299 301 303 305 308 311 317 323 328 327 317 305 296 292 290 290 290 293 295 294 289 285
46 34 16 13 10 7 7 8 8 3 351 341 338 337 335 333 325 315 309 308 310 313 319 327 339 340 330 323 319 317 314 312 311 309 306 304 303 303 300 297 297 299 301 301 300 296 293 290 290 291 292 294 296 296 295 293 290 288 290 294 297 297 296 295 295 294 294 294 294 295 295 296 297 298 299 301 303 305 308 312 316 321 321 313 303 296 290 288 290 292 292 290 284 277 275
34 26 17 17 11 4 3 6 5 359 350 345 344 341 338 334 326 317 308 306 313 321 328 339 346 343 332 324 319 316 313 311 310 309 306 304 303 302 300 297 294 294 295 297 298 295 292 289 288 290 292 295 298 299 298 293 289 287 290 297 301 300 297 295 294 294 294 294 294 294 294 295 296 297 298 299 301 303 305 307 311 314 316 311 304 300 296 291 291 291 287 280 276 274 274
23 20 16 13 5 359 355 356 359 357 353 352 351 348 344 339 332 323 309 307 318 329 342 349 352 345 332 323 318 314 311 309 307 307 305 304 304 304 304 301 296 293 293 294 294 294 291 288 286 287 291 294 297 300 301 297 294 294 295 299 303 301 297 295 294 293 293 293 293 293 294 294 295 295 296 298 299 300 302 304 306 309 312 311 307 304 300 295 292 287 279 272 272 272 271
8 7 6 4 2 358 353 353 357 1 359 356 355 351 346 340 335 330 322 322 327 343 352 355 355 344 330 322 316 312 309 307 306 306 305 303 303 303 303 302 298 293 290 291 292 291 289 285 282 283 287 291 296 299 303 303 300 298 296 295 299 300 297 294 293 292 292 292 292 292 293 293 294 294 295 296 297 298 299 301 302 304 306 307 305 302 298 294 288 279 268 266 270 270 269
350 352 356 358 357 356 354 355 359 3 4 360 356 354 354 350 342 336 331 331 340 354 356 358 353 340 327 319 314 310 306 303 302 303 304 303 302 301 301 301 300 294 288 287 288 288 286 284 282 281 283 290 297 299 302 303 297 293 289 287 291 295 295 293 292 292 292 291 291 292 292 292 293 293 294 294 295 296 297 298 299 300 301 301 299 296 293 288 280 270 265 267 270 270 270
331 338 347 349 349 350 353 356 358 360 1 0 358 357 357 353 348 342 335 337 355 3 2 358 348 334 323 317 312 308 302 299 299 302 303 302 301 300 300 301 303 301 293 289 288 287 287 286 284 284 287 293 301 300 298 298 293 288 286 286 287 290 292 292 291 291 291 291 291 291 291 291 292 292 292 293 294 294 295 295 296 296 296 296 295 292 289 284 277 272 271 271 272 272 273
314 324 339 341 341 342 346 349 350 350 352 356 357 357 356 350 349 346 336 339 5 14 9 353 335 324 319 314 311 307 303 302 303 304 304 302 300 299 299 299 302 305 300 294 293 293 293 293 292 293 294 295 299 298 294 294 293 290 289 287 287 289 290 290 290 290 290 290 290 290 290 290 291 291 291 292 292 292 293 293 293 293 293 293 291 290 287 283 279 277 275 275 274 274 274
302 312 329 335 338 341 342 340 336 333 334 342 352 356 354 345 342 335 327 341 36 82 1 316 313 313 314 311 310 309 307 305 303 302 302 300 298 298 298 298 301 304 303 298 297 298 298 299 299 298 295 290 290 293 291 290 291 290 289 288 287 288 289 290 290 289 290 290 290 290 289 289 289 290 290 290 291 291 291 291 291 291 291 290 289 287 285 283 281 279 277 276 276 275 275
299 305 318 328 335 341 344 341 330 321 315 311 333 357 348 337 331 325 315 245 144 158 238 287 303 311 312 310 308 305 301 297 295 295 296 296 295 296 297 298 300 303 304 300 296 296 296 295 293 289 284 281 282 286 287 286 287 287 287 287 287 287 288 289 289 289 289 289 289 289 288 289 289 289 289 289 289 290 290 290 290 289 289 288 287 286 284 283 281 280 278 277 276 275 275
291 293 301 308 321 331 339 340 332 319 296 265 243 251 299 299 299 280 204 161 154 216 288 303 315 321 316 309 304 298 293 290 289 290 291 292 292 294 296 298 299 302 304 300 294 292 290 287 283 279 278 278 279 282 284 284 285 286 287 287 286 286 286 288 289 289 289 288 288 288 288 288 288 288 288 288 288 288 288 288 288 288 287 287 286 285 284 282 281 280 278 277 277 276 275
281 279 277 281 287 291 296 306 300 284 267 254 246 242 249 254 237 207 184 178 254 307 312 319 329 328 314 304 297 292 288 287 287 288 290 292 293 293 295 297 299 301 304 302 296 293 290 286 282 280 280 280 280 281 283 284 284 284 286 287 286 285 285 287 288 289 289 289 288 288 287 287 287 287 287 287 287 287 287 287 287 287 286 286 285 284 283 282 281 280 279 277 277 276 275
283 281 275 274 270 262 254 250 245 239 234 223 215 213 209 212 212 200 202 264 305 310 311 318 327 313 300 294 289 284 282 281 283 286 289 292 293 293 294 297 300 301 303 304 300 294 290 287 284 282 281 282 282 282 283 283 283 282 284 287 287 285 284 285 287 289 290 290 288 287 286 286 286 286 286 286 286 286 286 286 286 286 285 285 284 283 282 281 280 279 278 278 277 276 275
293 291 283 276 265 254 247 243 240 237 234 230 222 211 213 234 279 306 316 312 308 307 299 271 261 279 283 281 278 275 275 277 280 284 287 289 290 291 292 296 301 302 302 304 301 294 289 287 286 285 283 282 282 282 282 282 282 282 283 285 286 286 284 284 286 289 290 289 288 286 285 285 286 286 285 285 285 285 285 285 285 285 285 284 283 283 282 281 280 279 278 277 276 276 275
304 301 293 284 276 266 258 254 254 254 255 257 261 284 314 321 322 327 330 317 306 293 257 243 255 266 270 270 270 271 274 276 279 282 285 288 290 291 292 295 299 301 302 304 304 299 294 291 289 287 284 282 282 282 282 282 283 282 281 283 286 287 286 284 284 286 288 288 286 284 283 285 286 285 285 285 284 285 285 285 285 285 284 284 283 282 281 280 280 279 278 277 276 275 274
319 315 307 299 293 288 280 272 270 271 271 276 292 309 315 316 316 319 320 309 290 245 231 245 254 257 262 268 271 274 276 277 278 280 283 287 291 292 291 292 296 300 301 303 305 303 297 292 289 286 284 283 283 284 283 283 283 282 282 283 285 287 286 284 283 284 285 285 284 281 281 283 285 285 284 284 284 284 284 285 284 284 284 283 283 282 281 280 279 278 277 277 276 275 274
334 331 324 315 306 298 291 281 272 271 275 280 290 295 295 294 293 294 290 273 246 232 243 253 253 257 264 271 274 276 277 277 277 280 282 286 290 292 291 292 295 299 301 302 305 304 299 294 290 287 285 284 284 284 284 283 283 282 282 282 283 284 284 283 282 282 283 284 283 281 279 279 281 283 282 282 283 284 285 285 284 284 284 283 283 282 281 280 279 278 277 276 275 274 273
350 346 339 331 319 307 296 283 272 272 273 273 278 282 283 282 275 266 256 243 236 243 253 255 259 265 269 273 275 276 277 278 279 280 281 284 289 294 295 296 298 300 301 302 305 306 303 298 295 291 288 287 285 284 284 284 283 282 281 281 281 281 282 282 281 280 281 283 282 280 277 275 275 278 279 281 283 285 284 284 285 286 285 284 283 282 281 280 278 278 277 276 275 273 272
5 1 354 347 337 326 314 300 287 288 293 294 295 295 290 283 274 265 257 249 248 256 261 264 268 271 271 271 273 276 280 284 284 280 279 284 292 297 299 299 300 301 301 303 305 307 306 303 299 296 291 289 287 284 283 283 283 282 280 279 279 281 281 281 281 280 280 282 281 278 275 274 273 275 278 281 283 284 282 283 287 288 287 285 283 282 281 279 278 277 276 275 274 273 272
17 12 5 359 350 340 332 327 320 320 322 322 320 314 301 291 282 275 267 259 259 267 275 279 275 274 273 271 272 279 285 288 287 278 279 289 297 300 298 299 302 302 302 304 306 308 310 307 303 299 293 289 288 285 283 282 282 282 280 278 278 279 281 281 280 280 279 279 281 277 274 273 274 274 276 278 280 283 285 284 286 290 290 287 284 282 281 279 278 277 275 274 273 272 272
24 20 12 4 355 347 343 340 335 332 330 327 323 316 304 297 292 286 278 271 273 279 286 289 281 274 276 276 273 280 287 288 289 279 283 294 300 300 297 300 305 304 303 305 308 309 312 312 308 303 296 291 288 287 284 281 280 281 281 280 278 278 281 281 279 278 277 277 279 279 274 272 273 274 275 276 278 282 285 283 282 285 290 290 286 283 281 279 278 276 275 274 273 272 271
31 25 13 1 352 347 345 343 338 332 327 323 320 312 303 301 304 308 301 290 287 287 290 294 290 282 280 279 274 280 287 289 289 281 284 294 299 298 301 305 305 301 302 307 309 309 312 315 312 306 301 295 291 288 286 283 280 280 281 282 279 277 278 279 276 276 277 277 277 278 274 271 272 275 276 276 276 278 280 280 279 281 287 291 289 285 281 279 277 275 274 273 273 272 271
33 25 9 357 349 345 343 341 337 329 322 319 319 313 306 306 314 325 320 301 291 292 298 302 300 292 285 283 279 282 288 290 288 281 283 291 297 301 305 308 303 298 301 307 309 310 313 317 316 310 305 299 293 289 287 286 283 280 280 282 280 277 275 274 274 274 276 278 277 277 276 274 273 274 274 274 274 274 275 278 279 279 282 287 289 286 282 279 276 274 273 272 272 271 270
31 23 9 0 353 350 347 342 338 331 323 316 315 314 310 311 321 340 332 307 296 298 307 312 307 299 295 293 285 282 285 290 288 281 285 294 301 306 310 309 305 301 300 304 308 310 312 317 318 313 308 302 296 290 288 287 285 281 279 281 281 277 273 272 272 272 273 276 278 278 279 276 273 272 272 273 272 271 271 274 277 278 280 283 285 285 281 278 275 273 272 271 272 272 270
34 27 15 9 2 357 353 348 343 338 332 321 320 320 314 314 327 348 340 320 310 307 314 321 311 300 299 297 291 282 280 286 288 285 290 299 306 310 312 309 305 299 295 300 309 313 313 314 316 315 311 307 301 293 289 288 287 283 279 279 281 278 274 273 273 272 272 272 276 279 279 276 274 271 271 271 271 270 269 271 274 278 279 280 282 281 277 274 272 269 271 274 274 272 270
39 33 23 16 7 359 353 349 346 344 336 324 324 326 318 315 329 348 342 330 320 314 318 328 312 300 302 301 296 288 280 280 284 288 293 300 305 307 308 305 300 291 290 298 309 314 312 312 314 316 315 313 307 297 291 289 289 285 281 279 280 279 276 275 275 274 271 271 273 276 278 277 276 273 270 269 270 271 270 269 270 274 277 277 278 276 271 269 266 268 274 279 277 272 268
41 36 27 17 8 2 354 349 347 343 331 323 326 331 322 315 327 343 342 332 322 317 321 328 318 311 311 307 301 297 288 279 280 287 292 297 298 300 303 302 295 291 293 298 307 312 314 315 315 316 317 318 313 302 294 290 290 288 283 279 280 280 278 276 277 276 273 271 272 274 275 276 275 274 271 268 269 271 271 268 268 270 272 273 273 271 266 265 266 272 278 281 276 269 263
41 36 26 16 8 3 358 355 350 336 325 323 329 335 323 316 326 343 345 333 323 321 325 327 324 320 320 316 309 309 304 288 281 284 291 297 299 299 299 299 296 296 298 301 305 312 318 319 316 316 319 321 319 309 297 291 289 289 285 281 280 280 279 277 277 278 275 273 272 271 272 271 271 272 273 270 268 269 271 270 268 268 270 270 269 266 263 266 271 276 278 276 270 263 261
40 34 25 17 10 5 1 360 350 333 324 325 333 337 322 315 327 346 350 340 331 328 327 326 327 326 326 319 309 315 318 303 287 283 289 298 303 303 299 298 299 301 302 301 303 311 316 316 313 313 318 323 325 317 302 292 289 289 288 283 281 281 280 279 278 278 277 274 272 271 270 269 267 268 272 272 269 267 268 269 268 269 270 267 263 262 264 268 273 276 275 270 264 261 264
39 35 28 20 12 5 1 355 344 333 326 328 337 337 320 313 324 344 347 339 333 328 325 323 325 329 335 327 316 318 320 309 297 291 296 302 306 306 300 301 305 305 303 300 300 306 311 313 314 315 318 326 330 324 310 295 290 290 289 286 284 284 283 281 280 279 278 276 273 271 270 269 267 264 266 271 271 267 265 266 268 270 270 265 261 261 266 270 272 273 270 265 262 264 267
41 38 30 21 12 4 358 347 336 331 327 331 339 334 319 310 316 334 338 335 328 322 319 317 318 323 331 329 326 328 325 319 314 306 305 309 313 313 307 306 309 307 303 298 297 301 309 314 317 318 320 327 332 330 318 301 292 290 289 288 287 288 287 284 281 280 279 277 274 272 272 271 268 264 262 265 267 267 265 266 268 269 268 265 264 266 268 270 271 269 266 263 262 264 266
44 40 30 20 9 1 353 341 330 327 326 329 338 332 320 310 311 325 332 329 324 317 314 312 311 312 315 318 322 327 326 326 320 311 306 307 313 319 317 315 313 307 302 298 298 302 307 311 316 318 319 325 332 333 324 305 293 290 290 289 288 290 290 287 283 281 279 276 273 272 273 273 271 267 263 260 261 263 265 266 267 266 266 265 268 270 271 271 269 266 263 261 258 259 263
44 40 29 19 10 1 349 336 326 325 324 323 334 335 326 314 309 318 329 328 323 317 311 307 305 304 304 307 311 314 316 317 313 305 300 300 305 312 316 319 315 309 305 303 304 304 306 310 316 317 317 323 331 335 329 309 296 291 291 290 289 290 287 283 278 275 276 277 275 273 273 274 274 272 266 260 256 258 261 264 265 265 265 266 270 273 273 271 268 264 262 258 252 255 263
43 38 23 13 10 5 353 338 327 327 325 318 327 337 332 318 308 313 326 330 325 315 307 303 300 300 301 304 306 305 303 302 300 299 296 295 298 298 302 311 311 306 301 299 300 301 304 310 317 317 316 320 329 337 334 315 298 293 292 290 287 284 278 270 265 267 273 281 284 278 275 274 275 275 272 264 257 254 256 259 262 264 266 268 272 275 274 271 266 263 261 255 251 257 267
38 31 15 6 5 2 355 347 337 334 325 314 323 336 331 320 307 306 320 326 322 313 306 300 295 294 296 300 301 300 301 300 297 296 293 290 292 288 288 300 304 299 289 285 288 291 295 302 309 311 311 315 327 338 335 319 301 293 290 286 279 271 265 263 264 269 275 284 291 288 280 277 276 277 277 272 263 256 254 255 258 262 267 271 273 274 272 268 264 263 260 252 252 262 272
33 27 11 2 359 356 352 347 342 341 328 315 322 337 331 317 305 299 306 315 313 309 304 297 291 291 292 294 297 299 303 300 294 293 291 287 288 285 282 292 300 298 286 278 279 283 287 294 302 305 306 311 324 337 332 317 298 288 284 278 268 264 267 271 274 276 276 279 287 293 288 282 280 279 279 279 274 266 260 255 255 259 266 270 271 271 269 263 262 262 259 253 256 266 275
32 26 12 4 358 352 347 343 340 341 332 319 324 337 329 314 303 295 295 303 306 305 303 299 295 291 289 295 301 304 307 300 293 292 290 284 284 286 281 284 296 299 291 278 275 279 284 291 300 304 305 309 322 335 331 316 295 282 278 275 269 272 278 280 281 280 277 274 276 285 288 285 283 283 283 285 286 280 272 264 259 258 261 263 265 266 262 258 261 262 261 261 264 270 276
27 22 12 5 358 351 347 342 336 337 333 324 327 334 323 311 303 298 296 299 302 306 308 303 298 297 301 309 311 313 314 300 291 291 289 282 281 286 282 281 289 297 296 283 275 274 280 288 298 302 302 306 318 332 333 320 299 284 280 282 284 284 285 285 282 280 277 273 270 271 279 282 283 287 288 289 292 291 284 276 269 262 258 256 260 261 255 254 258 263 268 271 272 274 276
