windninja/windninja_output/Output_2025-10-23_1900-1950_Google earth_Fire_150m_10min/merlingen_7.5mi_point_10-23-2025_1940_150m_ang.asc
ncols	158
nrows	163
xllcorner	391686.332397
yllcorner	5160024.123721
cellsize	150.000000
NODATA_value	-32768.000000
[rows 84 to 125 of 163, columns 0 to 93 of 158]
274 279 285 280 272 269 267 264 264 268 274 278 277 275 275 275 275 276 277 278 279 279 278 277 280 281 277 274 272 271 270 269 268 266 266 267 267 266 265 265 265 266 267 268 269 270 271 273 274 273 271 272 274 276 275 275 275 275 275 275 276 276 276 277 277 278 278 279 279 281 282 283 285 287 289 292 296 301 308 320 338 347 340 320 303 298 294 290 289 288 285 283 280 277
267 267 268 266 263 260 255 253 259 267 273 275 274 273 272 273 273 274 275 277 279 280 280 280 282 283 278 274 273 272 270 268 266 264 263 265 266 266 267 268 268 268 269 269 270 270 271 273 274 274 273 270 269 270 273 274 274 275 275 275 276 276 276 277 277 277 278 278 279 280 281 283 284 286 289 291 295 300 307 318 337 348 344 323 302 296 292 288 287 287 285 283 281 279
266 264 262 262 259 254 249 251 261 269 273 272 271 271 270 270 269 270 272 274 277 278 279 282 285 285 280 275 274 273 271 269 268 266 265 263 262 262 264 267 270 271 269 268 268 268 270 271 273 274 274 271 270 270 272 273 274 275 275 276 276 276 276 277 277 277 278 278 279 280 281 282 284 286 288 290 293 298 305 316 333 343 340 319 300 293 290 288 286 285 284 283 284 285
266 264 260 260 257 252 251 255 263 268 270 269 270 270 268 266 265 265 267 270 273 275 278 285 292 291 282 276 273 271 270 270 270 271 270 266 262 260 260 262 266 270 270 268 266 266 268 269 270 271 272 273 272 271 271 273 274 275 276 277 277 277 277 277 277 277 277 278 278 279 280 282 283 285 287 289 292 297 303 312 326 335 333 317 299 290 287 286 284 282 283 286 289 290
267 266 263 262 258 254 254 257 260 262 265 268 270 269 266 262 259 260 263 268 272 274 282 292 300 297 281 275 271 269 269 269 270 271 272 271 268 264 261 260 261 264 268 269 267 265 266 267 267 268 270 272 273 272 272 272 274 276 277 278 278 278 277 277 277 277 277 278 278 279 280 281 282 284 286 288 291 295 301 308 318 326 326 314 301 290 285 282 282 283 286 289 288 283
270 270 269 265 261 258 256 255 253 255 262 270 270 267 263 256 254 257 262 268 274 283 291 296 299 290 277 272 269 268 267 268 268 269 270 272 273 270 265 262 261 262 264 267 268 266 265 264 266 267 268 270 272 273 272 271 270 272 276 281 282 280 278 277 277 277 277 277 278 279 279 280 282 283 285 287 290 293 297 303 310 318 320 312 301 293 286 282 284 286 287 285 279 272
271 270 265 261 261 261 257 253 249 252 261 268 267 262 258 254 253 255 261 271 284 294 296 290 277 269 269 268 267 267 266 267 267 268 268 269 271 271 268 264 262 262 264 266 268 267 265 264 264 266 269 271 273 274 272 268 266 268 275 283 286 282 278 277 276 276 277 277 278 278 279 280 281 282 284 286 288 291 294 299 304 310 314 310 302 298 293 288 287 287 283 276 272 270
268 264 257 254 257 260 258 253 248 252 259 262 257 255 253 252 253 253 259 274 291 300 291 268 251 253 262 265 265 265 266 266 267 268 268 267 268 270 271 267 262 261 262 265 267 268 267 265 264 266 269 273 275 276 274 269 268 271 275 279 283 282 278 277 276 276 276 277 277 278 278 279 280 282 283 285 287 289 292 295 299 303 308 308 304 302 298 292 289 284 276 269 270 270
265 262 256 253 254 255 255 251 244 247 253 254 249 249 251 254 256 257 264 276 286 292 268 247 237 246 258 262 263 264 265 266 267 268 269 268 267 268 270 270 264 259 259 263 266 267 267 265 265 266 270 274 277 279 279 277 276 276 274 271 273 277 277 276 275 276 276 276 277 277 278 279 280 281 282 283 285 287 289 292 295 298 302 304 302 299 296 292 286 277 266 266 269 269
267 265 260 258 257 257 255 249 238 241 245 244 239 239 241 248 257 264 272 273 267 240 232 231 232 246 256 260 262 264 264 266 268 270 270 269 268 268 269 270 267 260 257 259 262 264 265 265 265 266 269 276 281 280 282 285 281 276 271 268 268 272 275 275 275 275 276 276 276 277 278 278 279 280 281 282 284 285 287 289 291 293 295 298 297 294 291 287 279 270 265 267 270 270
267 266 263 263 264 263 260 253 245 249 248 243 238 236 237 247 255 263 267 259 240 220 217 224 232 247 256 259 260 261 262 265 270 272 271 270 269 269 269 269 269 264 258 256 257 259 263 265 265 266 270 276 281 279 280 283 281 276 272 270 269 270 273 274 275 275 275 276 276 277 277 278 278 279 280 281 282 284 285 287 288 289 291 292 292 290 287 283 276 271 270 270 271 271
265 263 262 265 266 263 260 258 266 267 261 253 248 247 251 259 259 262 259 246 229 223 223 230 241 252 256 259 259 258 260 266 270 272 272 271 270 270 269 269 270 269 263 257 254 256 259 263 266 270 272 272 273 274 275 278 279 277 275 272 271 271 273 274 275 275 275 276 276 277 277 277 278 279 279 280 281 282 283 284 285 286 287 287 287 286 284 281 277 274 273 272 272 272
266 264 264 264 262 256 252 254 265 275 273 264 255 253 259 264 263 265 256 232 225 229 233 244 253 258 259 259 259 260 264 267 267 267 269 271 271 271 271 271 272 274 271 264 260 258 259 263 267 270 269 264 262 267 270 274 276 276 275 274 273 272 274 275 275 275 275 276 276 276 276 277 277 278 279 279 280 281 282 283 283 284 284 284 284 283 281 280 277 275 274 273 272 272
269 267 265 262 257 251 247 246 253 262 267 262 260 257 262 265 268 266 250 227 223 231 243 256 264 265 262 261 262 266 268 266 264 264 267 270 271 272 273 272 273 276 276 272 268 265 264 266 267 266 261 258 259 262 266 269 272 274 275 275 274 273 274 275 276 276 276 276 276 276 276 276 277 277 278 278 279 280 280 281 282 282 282 282 282 281 280 278 277 276 274 273 273 272
269 268 264 261 260 255 249 247 248 251 253 258 264 267 268 269 268 259 241 230 227 236 250 262 267 261 259 261 264 266 267 266 264 264 266 268 272 274 276 276 275 277 279 276 271 270 270 268 265 262 259 258 258 260 264 266 268 271 273 273 273 274 275 276 277 277 277 276 276 276 276 276 277 277 277 278 278 279 279 280 280 280 280 280 280 279 278 277 276 275 274 273 273 272
266 265 262 262 263 261 258 255 252 249 250 254 258 265 269 266 260 250 238 232 233 245 258 261 254 245 252 258 262 264 265 266 267 267 267 269 272 274 277 279 279 279 280 278 273 270 270 267 263 260 260 260 258 259 262 265 266 267 271 272 271 272 274 276 278 279 279 277 277 276 276 276 276 276 277 277 278 278 279 279 279 279 279 279 279 278 277 276 276 275 274 273 272 272
265 263 261 261 261 259 259 258 255 252 251 251 252 258 261 258 255 251 242 238 249 261 262 251 237 240 249 256 259 262 263 266 268 271 273 273 273 273 276 281 283 282 282 281 276 271 269 266 263 260 260 260 259 259 260 262 263 264 268 270 270 270 270 273 277 280 280 279 277 276 276 276 276 276 277 277 277 278 278 278 278 278 278 278 278 277 276 276 275 274 273 273 272 271
265 264 262 260 258 256 256 256 255 254 252 250 248 247 249 250 252 252 248 253 266 268 256 240 236 243 250 254 257 260 262 266 270 274 277 278 277 276 277 281 285 285 285 285 281 273 268 266 264 262 260 259 259 260 260 261 261 262 264 267 269 269 269 270 273 277 279 279 278 276 276 276 276 277 277 277 277 277 278 278 278 278 278 277 277 276 276 275 274 274 273 272 271 271
265 265 262 259 256 256 256 255 255 254 253 251 247 243 244 248 251 251 251 259 264 255 241 239 241 245 251 255 257 260 263 267 270 274 278 281 282 282 281 282 285 288 287 288 286 278 271 267 264 262 260 259 259 259 260 260 261 261 261 262 266 269 269 269 270 274 276 276 276 275 275 277 278 277 277 277 277 277 278 278 278 278 277 277 277 276 275 275 274 273 273 272 271 270
265 264 261 259 257 256 256 256 255 255 254 253 252 252 255 255 255 254 255 259 253 237 237 241 243 245 250 255 259 262 266 267 269 272 276 282 286 287 285 284 286 290 290 291 291 285 276 268 264 261 260 260 260 260 259 260 260 261 260 261 264 266 267 267 268 270 271 272 271 271 273 276 279 278 277 277 277 278 278 278 278 278 277 277 276 276 275 274 274 273 272 271 271 270
264 263 260 258 257 257 257 256 255 256 258 258 261 266 270 269 264 259 258 255 244 236 238 242 242 243 248 254 259 264 267 267 269 271 275 279 285 289 288 287 288 292 293 294 295 292 282 273 266 262 260 260 260 261 261 260 259 259 260 262 262 263 265 266 266 266 267 268 268 268 269 271 275 278 277 277 278 279 279 279 279 279 278 277 277 276 275 274 273 273 272 271 270 269
264 262 259 257 257 257 257 256 255 257 260 263 267 271 274 273 269 263 257 250 243 241 242 241 240 243 247 252 256 262 266 268 270 271 272 277 284 289 291 291 292 294 295 296 298 296 289 279 270 264 262 261 260 260 261 261 259 259 259 260 261 261 263 265 265 264 265 265 265 265 265 264 266 271 274 277 280 281 280 280 281 281 280 278 277 276 275 274 273 272 271 271 270 268
262 260 256 254 254 255 255 255 255 258 261 264 267 270 271 270 266 261 255 247 244 246 245 240 240 242 245 248 253 260 265 270 271 268 269 276 285 291 293 294 295 295 296 297 300 300 295 286 278 271 265 262 259 258 258 259 260 259 259 259 259 260 262 263 264 264 264 264 263 262 262 262 262 265 269 274 277 279 278 280 283 285 282 280 278 276 275 274 273 272 271 270 269 268
260 257 254 252 253 253 254 255 255 257 260 261 261 261 263 265 263 259 253 247 245 249 250 243 239 240 242 243 249 259 266 270 269 263 267 278 287 291 291 293 296 297 296 298 301 303 302 294 285 277 270 265 261 259 256 256 257 259 259 258 258 260 262 262 262 262 262 262 262 260 259 261 262 263 266 269 272 276 278 279 282 286 286 283 279 277 275 274 273 272 271 269 269 268
258 255 251 252 253 253 254 255 255 256 256 256 254 252 255 258 259 256 250 247 249 253 254 246 238 238 241 240 245 256 264 266 264 259 269 281 287 286 286 292 297 298 297 300 302 304 307 303 292 281 273 267 264 262 258 255 255 256 258 257 256 258 261 262 261 261 260 260 261 260 258 259 262 264 264 266 269 273 277 276 276 281 286 286 282 279 276 274 273 271 270 269 269 268
256 254 252 254 255 256 255 253 253 253 252 251 248 248 252 257 258 251 243 245 253 258 257 250 242 239 240 239 245 256 261 261 259 258 269 280 283 282 287 292 293 293 297 302 304 304 309 310 300 287 276 269 265 262 260 257 255 255 257 257 255 256 258 258 259 260 260 260 259 259 257 258 261 263 265 265 267 269 272 274 273 276 282 287 285 281 277 274 273 271 270 269 269 268
255 255 257 260 260 259 256 253 252 250 250 249 247 248 253 258 259 244 235 242 252 260 261 255 249 244 241 240 245 254 259 258 256 257 267 276 280 284 288 288 283 284 293 302 306 306 309 315 309 295 283 272 265 261 260 259 257 256 257 257 256 255 254 254 255 257 260 261 260 258 258 259 260 262 263 264 265 265 267 270 272 274 277 282 285 282 278 275 272 271 270 269 269 268
256 258 261 261 260 257 254 253 251 249 248 250 251 252 255 260 259 238 230 238 247 258 265 260 253 251 249 244 244 248 254 258 255 255 265 274 281 286 288 282 279 280 283 294 304 307 310 316 316 304 290 277 267 261 260 259 257 256 257 257 257 255 253 251 252 253 256 259 260 260 260 261 260 260 261 262 263 262 263 267 270 273 275 277 280 281 278 275 272 270 269 269 270 269
258 260 260 258 256 254 252 251 250 248 245 249 255 256 257 261 259 235 227 235 242 251 261 261 252 256 261 259 250 245 247 253 255 259 268 276 280 283 282 278 277 273 274 284 300 309 310 314 318 312 298 283 271 264 261 259 258 256 255 255 255 254 253 252 251 251 252 254 257 260 262 262 261 260 259 260 261 260 260 262 267 271 273 274 276 276 273 272 270 268 270 272 272 270
257 258 257 256 255 255 253 251 248 244 243 249 255 256 256 261 261 237 227 233 237 244 252 255 251 259 265 268 263 251 245 247 254 264 273 278 278 275 272 270 267 264 269 280 293 303 306 308 314 317 309 294 276 266 262 260 259 257 255 254 254 253 252 253 253 251 250 250 252 255 258 261 262 260 258 259 260 261 260 259 262 267 270 271 272 270 267 265 264 266 272 277 274 270
251 252 254 254 254 254 254 252 248 245 247 253 254 251 252 260 264 255 229 234 234 238 243 248 254 259 262 263 265 262 249 245 252 264 274 277 273 269 265 260 255 260 269 276 283 291 299 304 308 314 317 310 288 270 263 260 259 258 256 254 253 251 251 253 253 252 250 249 250 251 253 257 260 260 257 257 258 261 261 259 259 262 264 265 266 264 260 260 261 268 275 277 273 266
246 248 250 252 252 251 250 250 248 250 256 259 254 244 248 260 269 272 239 241 239 237 237 242 251 257 256 253 258 263 253 245 250 260 269 273 271 266 260 252 252 262 269 271 275 283 295 299 300 306 315 320 304 277 265 260 259 258 257 255 253 251 252 253 253 252 250 250 250 250 250 252 255 259 260 258 257 258 260 259 259 261 261 260 259 256 255 259 265 271 273 271 265 259
243 247 249 250 250 249 246 244 248 255 264 265 253 240 247 260 270 274 302 260 249 242 238 240 243 249 250 247 256 261 252 244 246 253 264 270 269 259 251 250 255 263 266 265 268 275 282 287 288 293 306 320 319 289 267 260 259 259 258 257 254 251 252 254 253 251 250 250 249 249 248 248 250 253 259 260 258 256 258 259 260 262 261 257 253 251 253 259 266 270 269 264 258 256
242 246 248 250 250 250 246 244 249 255 263 265 254 242 249 258 266 273 332 303 263 251 246 241 239 240 240 242 252 258 254 249 245 250 256 261 258 246 242 248 254 258 258 258 261 262 265 273 282 286 295 315 326 300 270 261 259 259 259 258 256 253 253 254 253 251 250 250 249 248 247 246 246 247 251 257 259 256 255 256 260 263 262 255 250 251 255 260 264 266 263 259 255 257
242 244 247 249 251 250 248 249 254 255 258 261 257 251 252 254 260 274 320 330 296 269 258 251 246 240 235 237 243 246 250 255 254 256 254 248 240 231 234 242 245 247 249 252 254 254 257 264 273 278 283 299 321 309 273 262 259 258 259 259 258 257 256 255 252 249 248 248 248 248 248 246 245 244 246 250 253 254 254 255 258 261 259 254 253 254 257 260 262 261 258 255 253 256
240 241 246 251 253 252 251 255 260 259 256 257 261 259 254 252 258 270 301 332 324 295 275 267 261 254 246 244 242 242 249 256 263 263 256 246 238 228 230 233 232 234 238 243 246 247 249 255 263 267 269 277 301 312 276 263 260 259 259 260 260 260 260 258 253 250 248 246 246 248 249 248 246 245 244 245 246 249 253 256 258 258 256 255 256 259 259 260 260 257 254 251 248 252
235 237 243 250 254 255 256 260 264 263 257 260 264 262 254 252 257 264 281 319 332 318 295 281 273 269 264 260 259 258 257 259 263 262 257 251 243 237 236 233 230 229 232 236 239 240 240 243 247 251 255 257 263 286 269 262 261 261 260 260 261 260 259 258 255 255 255 253 250 250 250 249 249 248 245 242 241 244 249 254 256 257 256 256 259 262 261 260 257 255 252 248 243 247
229 234 241 244 245 247 252 259 266 266 259 262 268 269 256 251 254 260 269 292 324 324 312 295 284 279 274 271 274 275 271 265 263 261 257 254 250 247 242 240 236 233 236 239 240 240 241 241 237 238 243 244 241 227 245 258 261 261 260 261 260 257 255 253 252 258 265 269 266 258 253 251 252 252 249 243 240 240 243 248 252 255 256 257 260 262 261 258 255 254 251 244 241 248
221 232 241 240 236 235 240 247 256 262 260 265 272 281 266 253 252 255 261 269 296 314 315 307 295 288 283 282 281 279 275 270 265 261 259 255 253 249 243 242 243 242 241 241 243 246 247 243 236 235 236 238 230 203 224 254 259 259 258 259 256 251 250 250 250 255 263 273 280 274 262 256 255 255 253 248 242 239 239 242 246 251 255 257 259 259 257 253 252 252 249 240 241 253
223 237 245 241 236 236 237 240 245 249 256 267 275 285 279 264 254 250 251 260 274 292 304 306 300 295 292 289 287 283 278 272 266 262 261 256 252 249 244 239 242 244 242 240 241 244 246 241 235 231 233 234 221 197 216 247 257 258 258 256 250 248 250 252 253 256 258 262 273 282 275 267 263 259 258 255 249 244 241 239 240 246 251 254 255 255 251 248 249 250 247 240 244 257
227 239 246 242 240 242 241 240 242 242 248 262 274 279 282 275 260 248 245 252 267 279 290 295 296 296 295 294 294 289 278 271 266 263 261 257 252 251 247 239 239 242 242 241 240 240 241 238 230 228 231 229 216 198 207 233 249 255 257 255 248 250 253 253 256 258 257 255 259 270 278 276 273 270 266 265 262 256 249 243 240 243 246 248 249 250 245 242 248 250 248 245 250 260
222 233 240 239 239 242 242 241 243 240 243 252 261 268 278 280 269 252 242 243 253 270 281 286 286 288 293 298 297 288 272 266 265 263 261 257 253 253 249 242 239 241 243 245 243 241 239 235 228 228 230 227 215 200 199 218 236 245 249 249 250 253 253 253 255 257 256 254 252 254 264 273 277 280 280 277 277 273 264 256 250 247 244 243 245 245 238 238 245 250 252 251 257 264
