windninja/windninja_output/Output_2025-10-23_1900-1950_Google earth_Fire_150m_10min/merlingen_7.5mi_point_10-23-2025_1900_150m_vel.asc
ncols	158
nrows	163
xllcorner	391686.332397
yllcorner	5160024.123721
cellsize	150.000000
NODATA_value	-32768.000000
[rows 0 to 36 of 163, columns 0 to 83 of 158]
1.62 1.62 1.67 1.83 2.01 2.13 2.19 2.27 2.37 2.44 2.48 2.51 2.52 2.45 2.25 1.96 1.64 1.48 1.58 1.74 1.94 2.28 2.61 2.72 2.62 2.45 2.30 2.29 2.41 2.46 2.40 2.29 2.15 2.06 2.07 2.07 1.93 1.76 1.71 1.73 1.80 1.87 1.85 1.81 1.84 1.86 1.85 1.92 2.18 2.47 2.62 2.70 2.77 2.76 2.65 2.48 2.32 2.23 2.25 2.33 2.34 2.29 2.23 2.21 2.22 2.20 2.20 2.26 2.35 2.42 2.42 2.33 2.22 2.18 2.26 2.30 2.23 2.19 2.26 2.31 2.26 2.14 2.15 2.21
1.66 1.66 1.70 1.80 1.92 2.02 2.08 2.08 2.09 2.16 2.28 2.45 2.59 2.66 2.59 2.39 2.18 2.06 2.11 2.20 2.23 2.36 2.57 2.72 2.71 2.57 2.44 2.39 2.38 2.34 2.28 2.23 2.20 2.16 2.13 2.13 2.09 2.04 2.04 2.02 2.01 2.04 2.06 2.11 2.17 2.21 2.25 2.29 2.36 2.40 2.42 2.46 2.45 2.39 2.32 2.28 2.27 2.30 2.33 2.32 2.27 2.24 2.23 2.25 2.24 2.21 2.22 2.28 2.37 2.41 2.36 2.27 2.23 2.27 2.33 2.28 2.18 2.24 2.37 2.33 2.17 2.09 2.16 2.18
1.72 1.76 1.80 1.82 1.86 1.91 1.99 2.02 2.02 2.12 2.32 2.52 2.66 2.79 2.92 2.95 2.90 2.85 2.78 2.69 2.59 2.48 2.47 2.58 2.71 2.72 2.62 2.47 2.33 2.23 2.18 2.16 2.18 2.23 2.25 2.27 2.34 2.40 2.38 2.34 2.32 2.32 2.36 2.47 2.55 2.61 2.69 2.70 2.59 2.43 2.36 2.31 2.20 2.11 2.11 2.20 2.31 2.37 2.37 2.32 2.28 2.27 2.29 2.29 2.25 2.21 2.23 2.31 2.41 2.38 2.24 2.18 2.25 2.35 2.35 2.22 2.17 2.35 2.45 2.27 2.01 2.03 2.16 2.11
1.73 1.84 1.94 1.95 1.97 2.01 2.13 2.33 2.50 2.62 2.67 2.67 2.67 2.73 2.86 3.03 3.07 3.04 2.97 2.83 2.66 2.52 2.44 2.47 2.68 2.87 2.87 2.75 2.63 2.55 2.47 2.36 2.27 2.29 2.37 2.40 2.40 2.37 2.36 2.43 2.52 2.57 2.63 2.70 2.74 2.77 2.77 2.72 2.67 2.64 2.57 2.43 2.31 2.28 2.28 2.29 2.29 2.28 2.27 2.28 2.30 2.29 2.26 2.23 2.19 2.18 2.22 2.30 2.39 2.29 2.14 2.15 2.23 2.25 2.19 2.13 2.21 2.37 2.36 2.12 1.91 2.02 2.16 2.09
1.66 1.80 2.00 2.06 2.09 2.15 2.26 2.41 2.55 2.60 2.58 2.57 2.62 2.72 2.81 2.91 2.95 2.86 2.77 2.70 2.59 2.45 2.40 2.45 2.63 2.87 3.08 3.15 3.12 3.06 2.99 2.89 2.76 2.64 2.55 2.47 2.41 2.43 2.54 2.65 2.73 2.80 2.88 2.90 2.86 2.80 2.71 2.62 2.59 2.56 2.44 2.31 2.26 2.25 2.23 2.20 2.18 2.18 2.20 2.22 2.21 2.18 2.15 2.15 2.14 2.16 2.18 2.27 2.32 2.16 2.03 2.07 2.15 2.14 2.08 2.06 2.14 2.24 2.21 1.99 1.82 1.94 2.16 2.18
1.55 1.63 1.85 2.07 2.17 2.23 2.26 2.26 2.25 2.24 2.29 2.36 2.44 2.56 2.66 2.70 2.74 2.67 2.52 2.46 2.43 2.33 2.24 2.28 2.40 2.58 2.78 2.96 3.09 3.14 3.16 3.19 3.18 3.09 2.90 2.74 2.74 2.83 2.90 2.92 2.90 2.88 2.85 2.77 2.67 2.57 2.48 2.42 2.37 2.29 2.21 2.15 2.12 2.09 2.07 2.09 2.14 2.19 2.20 2.19 2.17 2.13 2.12 2.12 2.13 2.13 2.14 2.24 2.26 2.08 1.96 2.03 2.15 2.14 2.05 2.06 2.15 2.22 2.09 1.81 1.74 1.94 2.19 2.26
1.54 1.53 1.62 1.85 2.08 2.20 2.21 2.15 2.08 2.08 2.15 2.24 2.32 2.39 2.47 2.51 2.62 2.72 2.68 2.62 2.55 2.40 2.20 2.10 2.13 2.20 2.31 2.50 2.71 2.87 2.98 3.06 3.13 3.15 3.14 3.13 3.13 3.10 3.02 2.92 2.83 2.71 2.56 2.40 2.30 2.25 2.23 2.20 2.17 2.12 2.09 2.09 2.09 2.05 2.02 2.06 2.11 2.15 2.16 2.18 2.22 2.21 2.18 2.14 2.11 2.10 2.13 2.21 2.21 2.06 2.03 2.18 2.28 2.17 2.08 2.13 2.22 2.22 1.90 1.65 1.86 2.17 2.26 2.26
1.60 1.60 1.59 1.62 1.75 1.90 1.98 1.97 1.94 1.97 2.06 2.18 2.30 2.38 2.44 2.48 2.55 2.71 2.81 2.79 2.75 2.64 2.41 2.14 2.01 2.03 2.15 2.30 2.41 2.51 2.62 2.71 2.75 2.79 2.89 2.96 2.95 2.85 2.72 2.60 2.47 2.34 2.22 2.12 2.06 2.04 2.02 2.01 1.99 1.95 1.94 1.99 2.03 2.01 2.01 2.07 2.12 2.15 2.21 2.28 2.31 2.26 2.19 2.15 2.11 2.07 2.10 2.19 2.18 2.07 2.11 2.28 2.26 2.11 2.03 2.05 2.12 2.01 1.63 1.60 2.10 2.35 2.28 2.26
1.62 1.64 1.65 1.61 1.58 1.61 1.69 1.78 1.86 1.92 1.99 2.07 2.18 2.32 2.45 2.54 2.55 2.63 2.76 2.80 2.77 2.74 2.64 2.43 2.21 2.12 2.17 2.21 2.20 2.25 2.32 2.38 2.44 2.50 2.52 2.48 2.41 2.32 2.24 2.15 2.05 1.97 1.93 1.91 1.92 1.90 1.87 1.85 1.84 1.83 1.86 1.88 1.85 1.86 1.98 2.10 2.17 2.23 2.25 2.21 2.09 1.98 1.95 1.96 1.95 2.01 2.12 2.21 2.16 2.04 2.06 2.10 2.01 1.90 1.88 1.90 1.96 1.78 1.50 1.69 2.25 2.47 2.38 2.39
1.61 1.63 1.66 1.68 1.66 1.65 1.68 1.76 1.85 1.92 1.96 1.97 2.00 2.09 2.24 2.43 2.52 2.56 2.68 2.84 2.89 2.87 2.82 2.70 2.52 2.33 2.24 2.22 2.22 2.23 2.28 2.27 2.26 2.30 2.30 2.22 2.11 2.02 1.95 1.89 1.85 1.85 1.84 1.83 1.80 1.76 1.74 1.73 1.71 1.70 1.71 1.71 1.71 1.80 1.96 2.05 2.06 2.03 1.93 1.75 1.63 1.63 1.59 1.55 1.71 1.96 2.12 2.15 2.00 1.85 1.86 1.91 1.87 1.81 1.77 1.76 1.79 1.67 1.63 2.03 2.49 2.64 2.52 2.50
1.62 1.64 1.68 1.71 1.73 1.76 1.81 1.86 1.91 1.93 1.95 1.93 1.90 1.90 1.98 2.19 2.38 2.47 2.54 2.70 2.89 2.99 2.98 2.89 2.76 2.61 2.42 2.29 2.25 2.21 2.16 2.09 2.02 2.00 2.01 1.99 1.94 1.87 1.85 1.87 1.88 1.85 1.80 1.73 1.64 1.59 1.57 1.54 1.47 1.41 1.42 1.47 1.53 1.65 1.70 1.70 1.58 1.47 1.35 1.27 1.30 1.33 1.25 1.33 1.66 1.89 1.96 1.89 1.64 1.57 1.74 1.89 1.89 1.79 1.67 1.62 1.70 1.81 2.01 2.45 2.70 2.71 2.58 2.58
1.64 1.65 1.69 1.73 1.76 1.80 1.85 1.90 1.94 1.95 1.95 1.93 1.88 1.85 1.89 2.03 2.22 2.38 2.42 2.45 2.57 2.75 2.87 2.88 2.79 2.62 2.38 2.16 2.05 1.98 1.88 1.81 1.77 1.76 1.76 1.75 1.76 1.77 1.80 1.81 1.79 1.76 1.71 1.65 1.58 1.50 1.37 1.22 1.09 1.03 1.04 1.06 1.07 1.15 1.16 1.16 1.09 1.02 0.94 0.90 0.97 1.02 1.05 1.30 1.62 1.71 1.72 1.56 1.33 1.52 1.85 1.95 1.90 1.79 1.73 1.83 2.06 2.30 2.55 2.74 2.75 2.72 2.73 2.91
1.64 1.66 1.70 1.75 1.79 1.83 1.85 1.88 1.91 1.92 1.93 1.92 1.88 1.82 1.79 1.84 1.96 2.14 2.30 2.34 2.35 2.42 2.53 2.58 2.49 2.30 2.11 1.96 1.85 1.77 1.74 1.75 1.73 1.69 1.66 1.63 1.62 1.67 1.70 1.69 1.68 1.68 1.66 1.60 1.52 1.40 1.20 0.96 0.78 0.75 0.74 0.69 0.69 0.75 0.84 0.88 0.85 0.78 0.67 0.68 0.84 0.95 1.09 1.33 1.49 1.53 1.51 1.41 1.43 1.73 1.91 1.91 1.94 1.97 2.12 2.37 2.56 2.75 2.87 2.81 2.75 2.83 2.98 3.25
1.66 1.67 1.70 1.75 1.80 1.85 1.87 1.88 1.89 1.90 1.91 1.90 1.89 1.87 1.81 1.73 1.70 1.78 1.99 2.15 2.19 2.18 2.19 2.18 2.14 2.09 2.02 1.95 1.88 1.80 1.72 1.66 1.64 1.62 1.62 1.65 1.67 1.63 1.58 1.56 1.52 1.42 1.26 1.12 1.02 0.94 0.89 0.86 0.81 0.73 0.65 0.61 0.60 0.64 0.77 0.81 0.76 0.66 0.56 0.69 0.94 1.12 1.33 1.46 1.45 1.44 1.44 1.54 1.72 1.82 1.83 1.91 2.13 2.26 2.34 2.39 2.52 2.67 2.62 2.52 2.69 2.93 3.09 3.23
1.67 1.69 1.72 1.75 1.78 1.82 1.86 1.90 1.91 1.92 1.92 1.91 1.91 1.95 2.00 1.98 1.86 1.72 1.72 1.83 1.90 1.91 1.95 2.01 2.04 2.04 2.03 2.00 1.92 1.84 1.76 1.66 1.60 1.60 1.63 1.68 1.68 1.57 1.42 1.24 1.07 0.89 0.75 0.62 0.59 0.59 0.63 0.79 0.95 0.95 0.85 0.80 0.77 0.82 0.94 0.94 0.86 0.75 0.74 0.95 1.28 1.50 1.70 1.66 1.50 1.53 1.64 1.83 1.94 1.82 1.83 2.12 2.35 2.29 2.11 2.14 2.32 2.32 2.20 2.36 2.72 2.89 2.92 2.87
1.69 1.71 1.73 1.76 1.78 1.80 1.83 1.86 1.90 1.92 1.93 1.93 1.92 1.95 2.08 2.22 2.22 2.05 1.84 1.76 1.80 1.86 1.94 2.04 2.08 2.05 2.01 2.01 1.96 1.90 1.90 1.90 1.84 1.75 1.61 1.42 1.27 1.17 1.04 0.89 0.75 0.70 0.73 0.78 0.79 0.82 0.85 0.83 0.86 1.02 1.19 1.24 1.28 1.42 1.46 1.40 1.25 1.10 1.09 1.30 1.63 1.87 1.91 1.70 1.61 1.81 1.95 2.06 2.14 1.95 1.92 2.20 2.28 2.04 1.93 2.07 2.09 2.01 2.18 2.66 2.83 2.64 2.56 2.46
1.71 1.72 1.75 1.78 1.80 1.83 1.85 1.88 1.90 1.92 1.93 1.94 1.93 1.88 1.90 2.06 2.21 2.22 2.10 1.96 1.91 1.93 1.97 2.05 2.12 2.12 2.03 1.99 2.03 2.04 1.99 1.91 1.78 1.57 1.30 1.07 0.95 0.92 0.92 0.92 0.95 1.01 1.14 1.19 1.16 1.14 1.15 1.08 1.00 1.15 1.39 1.54 1.64 1.68 1.61 1.51 1.44 1.40 1.42 1.65 1.90 2.00 1.88 1.65 1.69 1.94 2.10 2.22 2.26 2.10 2.01 2.06 2.10 2.00 2.02 2.01 1.90 2.09 2.59 2.87 2.58 2.22 2.20 2.08
1.73 1.74 1.78 1.80 1.83 1.86 1.89 1.92 1.94 1.96 1.95 1.93 1.91 1.84 1.77 1.78 1.91 2.04 2.07 2.03 1.94 1.87 1.87 1.92 1.99 2.02 1.97 1.89 1.88 1.89 1.82 1.69 1.56 1.46 1.36 1.26 1.20 1.19 1.23 1.28 1.31 1.30 1.25 1.22 1.22 1.20 1.21 1.29 1.41 1.48 1.50 1.53 1.56 1.51 1.43 1.41 1.49 1.61 1.72 1.87 2.01 2.01 1.83 1.68 1.79 2.03 2.24 2.31 2.17 2.04 2.09 2.08 2.16 2.18 2.03 1.94 2.02 2.35 2.66 2.45 2.02 1.92 1.89 1.75
1.74 1.76 1.79 1.83 1.86 1.88 1.91 1.93 1.95 1.98 1.98 1.95 1.91 1.85 1.76 1.70 1.74 1.81 1.84 1.83 1.81 1.79 1.77 1.77 1.79 1.83 1.84 1.77 1.66 1.60 1.58 1.57 1.56 1.59 1.61 1.57 1.47 1.38 1.33 1.32 1.30 1.27 1.23 1.21 1.20 1.20 1.24 1.37 1.48 1.48 1.43 1.39 1.37 1.37 1.40 1.51 1.62 1.69 1.78 1.90 1.98 1.92 1.77 1.75 1.91 2.13 2.28 2.18 2.00 2.13 2.30 2.23 2.26 2.19 1.93 1.87 1.94 2.05 2.15 1.93 1.79 1.84 1.71 1.59
1.75 1.76 1.79 1.84 1.88 1.91 1.93 1.94 1.95 1.96 1.99 2.00 1.96 1.90 1.82 1.74 1.71 1.72 1.75 1.78 1.81 1.82 1.80 1.79 1.81 1.83 1.83 1.77 1.67 1.59 1.59 1.62 1.62 1.56 1.51 1.49 1.45 1.39 1.37 1.39 1.41 1.42 1.40 1.35 1.32 1.36 1.44 1.42 1.35 1.32 1.32 1.31 1.32 1.39 1.54 1.65 1.67 1.68 1.74 1.79 1.77 1.70 1.66 1.74 1.91 2.09 2.17 2.11 2.21 2.51 2.51 2.25 2.15 2.09 1.94 1.79 1.62 1.65 1.82 1.86 1.86 1.89 1.79 1.65
1.78 1.79 1.82 1.86 1.89 1.93 1.96 1.97 1.97 1.97 1.98 2.00 1.99 1.95 1.91 1.85 1.82 1.82 1.85 1.89 1.91 1.90 1.90 1.90 1.90 1.89 1.86 1.81 1.76 1.71 1.70 1.72 1.74 1.71 1.71 1.74 1.73 1.71 1.69 1.69 1.64 1.55 1.46 1.41 1.43 1.46 1.43 1.35 1.31 1.32 1.34 1.36 1.40 1.46 1.52 1.53 1.57 1.64 1.68 1.66 1.59 1.62 1.72 1.80 1.95 2.14 2.24 2.38 2.63 2.67 2.31 1.96 1.88 1.96 1.90 1.65 1.48 1.58 1.80 1.96 2.05 2.04 1.92 1.73
1.81 1.83 1.85 1.87 1.90 1.94 1.98 2.01 2.02 2.01 2.01 2.02 2.01 1.98 1.96 1.95 1.95 1.96 1.97 1.97 1.97 1.96 1.95 1.94 1.93 1.92 1.91 1.87 1.82 1.77 1.74 1.77 1.86 1.96 2.02 2.06 2.07 1.97 1.83 1.73 1.64 1.57 1.52 1.49 1.45 1.36 1.30 1.34 1.40 1.41 1.42 1.44 1.46 1.44 1.41 1.42 1.49 1.56 1.57 1.54 1.52 1.65 1.84 1.91 2.10 2.35 2.51 2.70 2.72 2.34 1.83 1.61 1.71 1.90 1.84 1.59 1.51 1.63 1.84 2.07 2.16 2.00 1.91 1.80
1.82 1.84 1.87 1.90 1.94 1.97 2.01 2.05 2.07 2.05 2.05 2.07 2.08 2.04 2.01 2.01 2.02 2.03 2.04 2.05 2.04 2.02 2.00 1.98 1.97 1.98 1.97 1.94 1.89 1.81 1.77 1.81 1.91 1.98 1.95 1.87 1.84 1.82 1.70 1.59 1.57 1.58 1.58 1.52 1.42 1.39 1.46 1.49 1.48 1.45 1.44 1.44 1.42 1.41 1.44 1.48 1.51 1.54 1.49 1.46 1.50 1.71 1.95 2.13 2.47 2.73 2.78 2.73 2.39 1.85 1.52 1.48 1.71 1.98 1.93 1.67 1.53 1.64 1.89 2.08 2.08 1.91 1.96 1.90
1.83 1.85 1.90 1.94 1.97 1.99 2.02 2.05 2.08 2.09 2.08 2.10 2.14 2.13 2.09 2.07 2.06 2.07 2.08 2.09 2.09 2.08 2.08 2.06 2.04 2.03 2.01 1.96 1.88 1.78 1.72 1.70 1.73 1.77 1.75 1.67 1.58 1.55 1.55 1.53 1.54 1.57 1.56 1.53 1.54 1.62 1.62 1.53 1.45 1.42 1.41 1.39 1.39 1.46 1.52 1.52 1.53 1.52 1.44 1.43 1.53 1.75 2.10 2.54 2.86 2.83 2.61 2.28 1.79 1.43 1.33 1.44 1.85 2.19 2.03 1.63 1.46 1.66 1.86 1.91 1.93 1.91 1.99 1.96
1.86 1.87 1.91 1.95 1.98 2.01 2.04 2.07 2.10 2.12 2.11 2.09 2.11 2.16 2.16 2.14 2.11 2.10 2.10 2.10 2.11 2.11 2.10 2.09 2.08 2.08 2.06 2.01 1.88 1.72 1.61 1.53 1.50 1.58 1.66 1.67 1.62 1.54 1.49 1.49 1.49 1.52 1.58 1.68 1.76 1.72 1.59 1.48 1.41 1.36 1.35 1.38 1.45 1.52 1.54 1.54 1.55 1.48 1.39 1.38 1.50 1.88 2.47 2.89 2.80 2.37 1.97 1.54 1.22 1.14 1.24 1.62 2.23 2.34 1.85 1.37 1.37 1.63 1.73 1.74 1.87 1.98 1.98 1.96
1.88 1.89 1.92 1.96 2.00 2.04 2.07 2.11 2.13 2.14 2.14 2.13 2.11 2.14 2.17 2.17 2.16 2.13 2.12 2.11 2.10 2.10 2.10 2.10 2.11 2.15 2.20 2.20 2.08 1.83 1.58 1.45 1.41 1.50 1.65 1.74 1.75 1.66 1.51 1.46 1.48 1.53 1.63 1.73 1.72 1.62 1.51 1.44 1.40 1.39 1.38 1.39 1.42 1.46 1.53 1.59 1.55 1.39 1.26 1.29 1.63 2.39 3.00 2.94 2.46 1.98 1.55 1.15 0.99 1.11 1.49 2.17 2.53 2.19 1.57 1.19 1.35 1.66 1.72 1.76 1.98 2.08 1.95 1.97
1.91 1.93 1.95 1.99 2.03 2.06 2.09 2.13 2.17 2.18 2.19 2.18 2.16 2.14 2.14 2.15 2.16 2.15 2.15 2.13 2.10 2.10 2.11 2.13 2.15 2.20 2.33 2.43 2.35 2.09 1.78 1.52 1.34 1.27 1.40 1.62 1.78 1.81 1.67 1.55 1.54 1.57 1.62 1.64 1.60 1.60 1.62 1.58 1.54 1.55 1.52 1.44 1.42 1.50 1.67 1.67 1.47 1.28 1.29 1.54 2.19 2.97 3.05 2.50 1.95 1.58 1.24 0.97 0.98 1.37 2.11 2.60 2.45 1.93 1.37 1.12 1.37 1.81 1.87 1.92 2.08 2.06 1.92 2.05
1.95 1.97 2.00 2.03 2.06 2.09 2.12 2.15 2.18 2.20 2.22 2.21 2.19 2.15 2.14 2.15 2.15 2.15 2.15 2.15 2.14 2.13 2.14 2.15 2.18 2.22 2.34 2.56 2.64 2.50 2.21 1.82 1.47 1.25 1.17 1.27 1.52 1.77 1.78 1.65 1.59 1.62 1.65 1.68 1.73 1.80 1.86 1.84 1.74 1.66 1.65 1.67 1.71 1.80 1.85 1.66 1.43 1.42 1.70 2.15 2.72 3.02 2.58 1.87 1.45 1.21 0.97 0.88 1.14 1.81 2.54 2.61 2.18 1.69 1.23 1.06 1.40 1.99 2.10 2.02 2.02 1.95 1.94 2.18
1.96 1.99 2.03 2.06 2.09 2.12 2.15 2.17 2.19 2.21 2.23 2.23 2.23 2.20 2.17 2.16 2.16 2.15 2.15 2.17 2.17 2.16 2.13 2.13 2.15 2.21 2.36 2.62 2.87 2.93 2.78 2.41 1.92 1.58 1.35 1.29 1.49 1.77 1.91 1.90 1.87 1.90 1.90 1.89 1.92 1.95 1.95 1.95 1.92 1.88 1.90 1.96 1.99 2.00 1.89 1.65 1.59 1.73 2.06 2.50 2.85 2.72 2.13 1.53 1.24 1.09 0.91 0.97 1.54 2.29 2.70 2.49 1.96 1.48 1.08 1.03 1.39 2.03 2.15 2.00 1.97 1.90 1.96 2.23
1.98 2.00 2.05 2.10 2.12 2.13 2.16 2.19 2.21 2.22 2.24 2.26 2.26 2.25 2.21 2.17 2.17 2.16 2.16 2.16 2.15 2.14 2.11 2.08 2.08 2.12 2.25 2.47 2.75 3.01 3.16 3.07 2.60 2.11 1.87 1.87 1.97 2.11 2.19 2.23 2.29 2.32 2.28 2.20 2.10 2.05 2.04 2.09 2.23 2.34 2.34 2.26 2.19 2.08 1.92 1.76 1.72 1.81 2.10 2.52 2.65 2.21 1.63 1.25 1.08 1.01 0.95 1.19 1.95 2.59 2.68 2.22 1.64 1.27 1.07 1.16 1.51 1.92 2.14 2.13 1.98 1.81 1.87 2.09
2.01 2.03 2.08 2.14 2.17 2.16 2.17 2.21 2.24 2.25 2.26 2.28 2.28 2.27 2.23 2.19 2.17 2.16 2.15 2.14 2.11 2.11 2.11 2.09 2.07 2.03 2.02 2.12 2.32 2.49 2.72 2.98 2.94 2.65 2.42 2.35 2.35 2.35 2.39 2.43 2.46 2.44 2.39 2.31 2.22 2.14 2.13 2.21 2.28 2.29 2.27 2.21 2.09 1.95 1.81 1.66 1.57 1.69 2.05 2.39 2.24 1.62 1.15 0.95 0.97 1.05 1.09 1.37 2.12 2.65 2.39 1.72 1.36 1.27 1.27 1.43 1.55 1.75 2.15 2.33 2.05 1.74 1.74 1.96
2.05 2.06 2.10 2.17 2.23 2.23 2.23 2.26 2.29 2.29 2.29 2.30 2.29 2.28 2.26 2.21 2.17 2.13 2.11 2.11 2.10 2.10 2.09 2.07 2.02 1.98 1.95 1.98 2.08 2.19 2.37 2.61 2.78 2.72 2.49 2.32 2.29 2.33 2.38 2.38 2.28 2.13 2.02 1.97 1.97 1.96 1.95 1.92 1.77 1.60 1.58 1.60 1.57 1.56 1.50 1.44 1.46 1.65 1.99 2.22 1.91 1.28 0.91 0.86 1.08 1.25 1.28 1.50 2.20 2.56 2.00 1.49 1.52 1.59 1.52 1.51 1.48 1.67 2.16 2.45 2.14 1.70 1.68 1.93
2.10 2.10 2.11 2.17 2.25 2.26 2.26 2.28 2.30 2.31 2.31 2.33 2.32 2.31 2.28 2.24 2.19 2.13 2.08 2.07 2.07 2.05 2.04 2.04 1.99 1.92 1.92 1.99 2.15 2.39 2.66 2.78 2.77 2.67 2.32 2.04 2.07 2.14 2.09 1.99 1.90 1.79 1.70 1.67 1.66 1.64 1.61 1.51 1.33 1.22 1.19 1.19 1.23 1.27 1.29 1.37 1.53 1.71 1.92 2.01 1.63 1.09 0.87 0.95 1.31 1.49 1.49 1.69 2.22 2.43 1.92 1.74 1.98 1.87 1.61 1.49 1.50 1.70 2.13 2.45 2.07 1.57 1.67 1.91
2.14 2.16 2.17 2.18 2.23 2.26 2.26 2.29 2.31 2.30 2.29 2.31 2.32 2.31 2.29 2.26 2.22 2.18 2.13 2.07 2.03 2.00 1.97 1.99 2.00 1.93 1.87 1.88 1.99 2.24 2.51 2.69 2.73 2.73 2.45 1.98 1.93 1.99 1.93 1.81 1.75 1.69 1.61 1.53 1.44 1.38 1.32 1.21 1.12 1.09 1.08 1.06 1.05 1.05 1.11 1.26 1.47 1.66 1.77 1.79 1.56 1.17 1.01 1.11 1.48 1.65 1.65 1.78 2.14 2.43 2.23 2.16 2.16 1.83 1.56 1.53 1.61 1.79 2.11 2.28 1.91 1.55 1.74 1.98
2.18 2.22 2.27 2.28 2.29 2.30 2.30 2.32 2.34 2.32 2.29 2.28 2.29 2.28 2.27 2.25 2.22 2.18 2.14 2.08 2.03 1.98 1.91 1.87 1.89 1.89 1.83 1.75 1.71 1.75 1.95 2.24 2.46 2.66 2.69 2.36 2.05 1.94 1.91 1.83 1.74 1.61 1.45 1.31 1.20 1.11 1.04 0.98 0.97 0.97 0.96 0.94 0.92 0.91 0.97 1.12 1.33 1.46 1.53 1.63 1.58 1.30 1.15 1.24 1.52 1.70 1.75 1.85 2.26 2.67 2.48 2.18 1.95 1.63 1.48 1.53 1.63 1.79 1.93 1.94 1.78 1.68 1.87 2.10
2.19 2.23 2.31 2.38 2.39 2.37 2.35 2.36 2.38 2.36 2.31 2.29 2.28 2.26 2.24 2.22 2.19 2.15 2.10 2.06 2.02 1.97 1.89 1.80 1.73 1.72 1.72 1.69 1.61 1.54 1.64 1.92 2.24 2.50 2.69 2.62 2.26 1.93 1.79 1.68 1.57 1.45 1.30 1.19 1.13 1.07 1.00 0.99 1.01 1.02 0.99 0.98 0.99 1.01 1.10 1.23 1.31 1.32 1.37 1.51 1.51 1.28 1.17 1.28 1.51 1.73 1.88 2.11 2.61 2.77 2.22 1.82 1.66 1.44 1.44 1.51 1.51 1.56 1.60 1.66 1.74 1.74 1.89 2.11
2.22 2.23 2.28 2.37 2.43 2.41 2.36 2.35 2.37 2.37 2.33 2.28 2.26 2.25 2.23 2.20 2.16 2.13 2.09 2.03 1.99 1.94 1.87 1.79 1.70 1.63 1.61 1.60 1.59 1.58 1.64 1.80 2.03 2.20 2.32 2.37 2.25 1.98 1.72 1.52 1.38 1.32 1.29 1.23 1.19 1.19 1.16 1.13 1.10 1.06 1.07 1.12 1.17 1.25 1.35 1.39 1.36 1.35 1.37 1.47 1.53 1.34 1.23 1.35 1.49 1.73 2.07 2.45 2.69 2.32 1.64 1.49 1.54 1.51 1.55 1.50 1.36 1.31 1.46 1.68 1.69 1.63 1.79 2.07
