windninja/windninja_output/Output_2025-10-23_1900-1950_Google earth_Fire_150m_10min/merlingen_7.5mi_point_10-23-2025_1930_150m_vel.asc
ncols	158
nrows	163
xllcorner	391686.332397
yllcorner	5160024.123721
cellsize	150.000000
NODATA_value	-32768.000000
[rows 0 to 37 of 163, columns 0 to 83 of 158]
0.97 1.00 1.03 1.04 1.09 1.14 1.10 1.07 1.12 1.15 1.11 1.01 0.89 0.95 1.08 1.16 1.18 1.16 1.24 1.40 1.37 1.18 1.15 1.23 1.32 1.34 1.26 1.21 1.28 1.30 1.28 1.30 1.33 1.30 1.33 1.44 1.42 1.39 1.44 1.39 1.39 1.46 1.48 1.51 1.56 1.57 1.63 1.59 1.53 1.57 1.59 1.61 1.67 1.68 1.67 1.69 1.72 1.77 1.82 1.80 1.77 1.83 1.89 1.91 1.95 2.04 2.15 2.19 2.16 2.07 2.03 2.08 2.13 2.18 2.27 2.32 2.32 2.36 2.33 2.28 2.31 2.36 2.50 2.55
0.96 1.02 1.06 1.06 1.12 1.13 1.06 1.05 1.13 1.14 1.08 0.94 0.81 0.88 1.08 1.22 1.27 1.25 1.36 1.47 1.34 1.17 1.14 1.23 1.33 1.33 1.23 1.20 1.27 1.28 1.27 1.29 1.31 1.30 1.34 1.45 1.42 1.40 1.44 1.38 1.38 1.45 1.47 1.54 1.59 1.59 1.64 1.61 1.52 1.52 1.56 1.59 1.64 1.66 1.64 1.66 1.70 1.76 1.83 1.81 1.74 1.78 1.85 1.87 1.87 1.94 2.10 2.22 2.24 2.12 2.02 2.04 2.10 2.15 2.24 2.29 2.33 2.43 2.40 2.28 2.28 2.35 2.49 2.59
0.97 1.09 1.12 1.10 1.16 1.10 1.01 1.06 1.16 1.18 1.09 0.88 0.75 0.85 1.10 1.36 1.44 1.43 1.51 1.49 1.30 1.15 1.12 1.18 1.30 1.31 1.22 1.19 1.22 1.23 1.25 1.29 1.30 1.33 1.39 1.44 1.44 1.43 1.42 1.37 1.38 1.43 1.47 1.58 1.62 1.61 1.63 1.63 1.53 1.46 1.50 1.54 1.57 1.61 1.61 1.63 1.69 1.74 1.82 1.84 1.76 1.73 1.78 1.82 1.80 1.84 2.02 2.24 2.35 2.19 2.01 2.00 2.07 2.10 2.18 2.22 2.31 2.54 2.54 2.30 2.21 2.40 2.54 2.56
1.01 1.14 1.16 1.12 1.17 1.08 1.05 1.18 1.28 1.25 1.08 0.83 0.76 0.88 1.14 1.48 1.55 1.50 1.49 1.40 1.25 1.16 1.09 1.09 1.23 1.28 1.23 1.19 1.16 1.18 1.24 1.29 1.33 1.38 1.40 1.41 1.42 1.43 1.42 1.40 1.40 1.42 1.50 1.60 1.61 1.60 1.59 1.58 1.53 1.49 1.47 1.46 1.51 1.60 1.62 1.63 1.68 1.71 1.76 1.82 1.80 1.73 1.74 1.80 1.80 1.82 1.96 2.22 2.38 2.22 2.02 2.03 2.09 2.09 2.12 2.11 2.20 2.51 2.63 2.33 2.11 2.43 2.68 2.54
1.06 1.17 1.19 1.15 1.19 1.14 1.17 1.32 1.34 1.19 0.95 0.77 0.77 0.93 1.26 1.53 1.56 1.49 1.40 1.32 1.25 1.20 1.11 1.06 1.18 1.23 1.21 1.18 1.14 1.16 1.22 1.30 1.39 1.41 1.37 1.37 1.38 1.42 1.46 1.44 1.40 1.42 1.52 1.58 1.58 1.57 1.54 1.51 1.51 1.51 1.46 1.43 1.48 1.58 1.65 1.66 1.68 1.70 1.71 1.76 1.79 1.73 1.73 1.78 1.80 1.82 1.92 2.19 2.38 2.21 2.05 2.08 2.11 2.10 2.10 2.11 2.14 2.32 2.53 2.39 2.09 2.26 2.66 2.62
1.14 1.19 1.20 1.19 1.23 1.23 1.29 1.36 1.26 1.04 0.85 0.78 0.79 0.98 1.33 1.49 1.51 1.43 1.31 1.28 1.28 1.28 1.16 1.07 1.13 1.18 1.17 1.14 1.13 1.14 1.19 1.31 1.42 1.41 1.35 1.34 1.40 1.44 1.48 1.45 1.40 1.43 1.51 1.52 1.52 1.52 1.50 1.47 1.47 1.46 1.45 1.46 1.49 1.56 1.65 1.69 1.70 1.71 1.70 1.72 1.75 1.73 1.72 1.78 1.81 1.82 1.90 2.18 2.35 2.20 2.13 2.19 2.16 2.06 2.08 2.22 2.28 2.28 2.30 2.33 2.24 2.22 2.47 2.59
1.21 1.23 1.23 1.24 1.29 1.30 1.33 1.29 1.13 0.95 0.86 0.84 0.84 1.02 1.33 1.43 1.41 1.37 1.30 1.28 1.32 1.35 1.23 1.08 1.08 1.10 1.09 1.11 1.12 1.11 1.17 1.31 1.39 1.36 1.35 1.39 1.43 1.45 1.45 1.43 1.40 1.42 1.45 1.46 1.46 1.48 1.47 1.45 1.43 1.39 1.40 1.48 1.53 1.58 1.67 1.72 1.72 1.71 1.69 1.69 1.69 1.69 1.73 1.81 1.85 1.84 1.90 2.15 2.29 2.14 2.16 2.35 2.32 2.07 2.03 2.25 2.45 2.45 2.22 2.25 2.44 2.40 2.38 2.50
1.26 1.28 1.27 1.28 1.31 1.32 1.30 1.20 1.04 0.96 0.93 0.91 0.92 1.05 1.30 1.39 1.33 1.32 1.32 1.29 1.35 1.40 1.28 1.10 1.03 1.02 1.05 1.11 1.09 1.07 1.18 1.31 1.33 1.32 1.38 1.45 1.44 1.41 1.41 1.40 1.40 1.40 1.42 1.43 1.44 1.45 1.44 1.43 1.38 1.33 1.36 1.46 1.52 1.59 1.73 1.77 1.74 1.73 1.69 1.66 1.63 1.60 1.68 1.84 1.93 1.93 1.95 2.13 2.22 2.08 2.08 2.35 2.42 2.21 2.06 2.17 2.45 2.52 2.25 2.24 2.58 2.52 2.33 2.46
1.29 1.31 1.32 1.30 1.31 1.30 1.25 1.14 1.05 1.02 1.00 0.98 0.98 1.06 1.27 1.35 1.29 1.30 1.31 1.30 1.37 1.41 1.31 1.17 1.06 1.00 1.04 1.08 1.02 1.03 1.20 1.28 1.24 1.30 1.42 1.46 1.39 1.35 1.37 1.38 1.39 1.40 1.40 1.42 1.45 1.43 1.40 1.41 1.35 1.26 1.35 1.46 1.44 1.54 1.78 1.82 1.75 1.75 1.71 1.64 1.58 1.48 1.50 1.72 1.92 2.03 2.04 2.09 2.15 2.10 2.09 2.24 2.32 2.25 2.15 2.15 2.37 2.45 2.27 2.33 2.68 2.59 2.24 2.29
1.32 1.34 1.35 1.32 1.29 1.26 1.22 1.15 1.11 1.08 1.06 1.03 1.00 1.05 1.21 1.30 1.28 1.29 1.28 1.32 1.38 1.39 1.34 1.22 1.09 1.00 0.98 1.01 0.98 1.02 1.21 1.23 1.16 1.28 1.42 1.42 1.34 1.31 1.33 1.37 1.39 1.42 1.41 1.41 1.45 1.41 1.36 1.40 1.33 1.20 1.31 1.45 1.39 1.50 1.77 1.87 1.76 1.72 1.71 1.63 1.57 1.47 1.36 1.45 1.75 2.00 2.07 2.04 2.02 2.12 2.24 2.27 2.21 2.18 2.17 2.19 2.33 2.29 2.20 2.48 2.80 2.77 2.32 2.06
1.34 1.36 1.38 1.34 1.28 1.25 1.22 1.20 1.16 1.12 1.09 1.06 1.02 1.04 1.15 1.26 1.29 1.30 1.30 1.33 1.38 1.37 1.35 1.24 1.10 1.00 0.91 0.92 0.96 1.03 1.17 1.17 1.12 1.24 1.37 1.36 1.30 1.28 1.31 1.36 1.40 1.43 1.43 1.41 1.45 1.43 1.33 1.37 1.34 1.19 1.27 1.39 1.38 1.51 1.72 1.87 1.78 1.67 1.65 1.61 1.60 1.53 1.31 1.31 1.62 1.85 1.95 1.91 1.80 2.01 2.31 2.35 2.21 2.12 2.17 2.24 2.35 2.23 2.01 2.33 2.76 2.94 2.67 2.21
1.38 1.39 1.39 1.34 1.29 1.26 1.25 1.22 1.18 1.14 1.11 1.08 1.04 1.03 1.11 1.25 1.31 1.32 1.32 1.33 1.36 1.35 1.33 1.22 1.10 0.96 0.81 0.83 0.94 1.01 1.09 1.12 1.12 1.21 1.29 1.29 1.27 1.27 1.31 1.34 1.38 1.43 1.43 1.39 1.46 1.48 1.34 1.32 1.35 1.27 1.30 1.34 1.36 1.53 1.69 1.80 1.78 1.66 1.58 1.58 1.65 1.60 1.37 1.36 1.60 1.70 1.75 1.69 1.55 1.82 2.22 2.35 2.26 2.10 2.14 2.33 2.51 2.46 2.13 2.13 2.51 2.88 2.93 2.70
1.41 1.40 1.39 1.35 1.30 1.29 1.27 1.23 1.18 1.15 1.12 1.09 1.04 1.00 1.08 1.26 1.34 1.33 1.32 1.33 1.33 1.31 1.27 1.19 1.04 0.87 0.76 0.80 0.91 0.97 1.03 1.09 1.13 1.17 1.19 1.23 1.27 1.28 1.30 1.30 1.35 1.42 1.39 1.37 1.47 1.51 1.41 1.36 1.41 1.43 1.38 1.34 1.36 1.55 1.73 1.73 1.68 1.61 1.55 1.61 1.75 1.71 1.56 1.55 1.62 1.61 1.57 1.46 1.35 1.60 1.95 2.19 2.28 2.06 1.98 2.22 2.50 2.65 2.48 2.25 2.36 2.65 2.85 2.92
1.43 1.42 1.40 1.36 1.33 1.31 1.27 1.22 1.19 1.16 1.13 1.10 1.04 0.99 1.07 1.25 1.35 1.32 1.31 1.32 1.29 1.23 1.18 1.10 0.97 0.84 0.79 0.84 0.90 0.95 1.02 1.08 1.13 1.12 1.10 1.21 1.29 1.29 1.28 1.25 1.32 1.38 1.33 1.34 1.44 1.46 1.39 1.42 1.56 1.61 1.49 1.38 1.39 1.59 1.83 1.75 1.56 1.45 1.44 1.68 1.91 1.87 1.79 1.74 1.64 1.58 1.51 1.46 1.33 1.28 1.56 1.91 2.15 1.99 1.79 1.88 2.18 2.49 2.52 2.36 2.35 2.47 2.60 2.85
1.45 1.44 1.41 1.37 1.34 1.31 1.26 1.23 1.21 1.17 1.14 1.12 1.06 1.02 1.08 1.26 1.38 1.33 1.27 1.28 1.21 1.12 1.07 1.01 0.94 0.87 0.84 0.87 0.89 0.91 1.01 1.09 1.11 1.08 1.07 1.18 1.26 1.28 1.25 1.22 1.29 1.31 1.33 1.38 1.40 1.40 1.33 1.29 1.54 1.78 1.71 1.49 1.44 1.68 1.93 1.84 1.55 1.28 1.28 1.69 2.07 2.04 1.97 1.85 1.72 1.67 1.60 1.60 1.46 1.16 1.15 1.62 1.93 1.88 1.69 1.73 2.00 2.24 2.34 2.33 2.30 2.29 2.40 2.67
1.47 1.45 1.42 1.39 1.34 1.30 1.26 1.24 1.21 1.18 1.16 1.13 1.09 1.06 1.11 1.30 1.39 1.31 1.22 1.19 1.14 1.04 0.99 0.96 0.95 0.93 0.87 0.85 0.88 0.90 1.02 1.11 1.07 1.05 1.08 1.12 1.19 1.25 1.23 1.23 1.27 1.25 1.35 1.48 1.38 1.36 1.40 1.24 1.26 1.65 1.87 1.68 1.58 1.77 1.95 2.03 1.79 1.33 1.22 1.67 2.11 2.18 2.04 1.81 1.85 2.00 1.85 1.76 1.67 1.20 1.03 1.35 1.66 1.65 1.61 1.71 1.92 2.09 2.25 2.44 2.33 2.15 2.27 2.46
1.48 1.47 1.43 1.39 1.34 1.31 1.28 1.25 1.22 1.19 1.17 1.14 1.12 1.09 1.14 1.30 1.34 1.25 1.16 1.12 1.07 1.00 0.94 0.93 0.96 0.96 0.87 0.82 0.88 0.94 1.04 1.07 0.99 1.00 1.05 1.08 1.14 1.20 1.21 1.24 1.27 1.24 1.36 1.50 1.41 1.34 1.46 1.39 1.24 1.43 1.72 1.73 1.68 1.77 1.88 2.05 2.07 1.65 1.35 1.74 2.15 2.24 2.06 1.74 1.85 2.20 2.15 1.95 1.85 1.45 1.09 1.18 1.39 1.39 1.44 1.61 1.76 2.03 2.32 2.52 2.37 2.16 2.24 2.34
1.49 1.48 1.44 1.39 1.35 1.32 1.29 1.26 1.23 1.21 1.18 1.15 1.13 1.12 1.15 1.24 1.26 1.19 1.11 1.05 1.00 0.94 0.90 0.91 0.96 0.94 0.86 0.83 0.88 0.95 1.00 0.97 0.91 0.95 1.06 1.13 1.15 1.16 1.18 1.23 1.27 1.28 1.35 1.43 1.42 1.39 1.42 1.44 1.45 1.49 1.55 1.60 1.65 1.74 1.80 1.93 2.10 1.94 1.64 1.81 2.19 2.29 2.06 1.79 1.86 2.21 2.36 2.16 1.95 1.72 1.42 1.18 1.29 1.33 1.21 1.35 1.58 1.96 2.39 2.47 2.32 2.25 2.22 2.28
1.51 1.49 1.45 1.40 1.36 1.33 1.29 1.27 1.24 1.21 1.18 1.15 1.13 1.12 1.13 1.17 1.19 1.13 1.04 0.97 0.92 0.89 0.88 0.90 0.92 0.90 0.87 0.86 0.87 0.91 0.91 0.86 0.85 0.93 1.06 1.18 1.19 1.16 1.15 1.22 1.27 1.29 1.36 1.38 1.40 1.46 1.43 1.38 1.48 1.61 1.57 1.51 1.53 1.64 1.74 1.84 2.00 2.03 1.87 1.89 2.20 2.33 2.10 1.91 1.94 2.16 2.43 2.33 2.06 1.94 1.70 1.35 1.36 1.36 1.13 1.15 1.41 1.83 2.31 2.37 2.28 2.26 2.10 2.11
1.51 1.50 1.46 1.41 1.37 1.34 1.30 1.28 1.24 1.20 1.17 1.15 1.14 1.12 1.11 1.11 1.10 1.05 0.98 0.93 0.90 0.89 0.88 0.87 0.89 0.89 0.87 0.86 0.85 0.84 0.81 0.79 0.82 0.92 1.06 1.19 1.23 1.18 1.14 1.22 1.25 1.28 1.36 1.38 1.41 1.50 1.53 1.39 1.40 1.62 1.66 1.54 1.47 1.50 1.65 1.77 1.90 2.04 2.02 1.98 2.17 2.34 2.17 1.99 2.01 2.15 2.35 2.38 2.24 2.11 1.83 1.51 1.52 1.53 1.31 1.20 1.37 1.76 2.18 2.35 2.34 2.29 2.05 1.93
1.52 1.51 1.47 1.42 1.38 1.34 1.31 1.28 1.24 1.19 1.16 1.16 1.13 1.10 1.08 1.06 1.04 1.01 0.96 0.93 0.91 0.89 0.87 0.86 0.86 0.87 0.85 0.84 0.83 0.79 0.73 0.72 0.81 0.94 1.07 1.18 1.25 1.21 1.14 1.19 1.23 1.27 1.35 1.40 1.47 1.53 1.56 1.45 1.39 1.58 1.69 1.63 1.53 1.45 1.51 1.62 1.76 1.96 2.10 2.10 2.16 2.39 2.34 2.06 2.06 2.18 2.24 2.35 2.35 2.17 1.88 1.66 1.64 1.67 1.48 1.29 1.48 1.90 2.32 2.49 2.46 2.35 2.12 1.88
1.55 1.52 1.47 1.42 1.39 1.35 1.31 1.28 1.24 1.19 1.17 1.15 1.11 1.08 1.05 1.03 1.01 0.99 0.96 0.92 0.90 0.88 0.86 0.84 0.83 0.83 0.82 0.81 0.80 0.76 0.69 0.67 0.79 0.98 1.08 1.15 1.25 1.22 1.13 1.16 1.21 1.27 1.36 1.44 1.53 1.56 1.55 1.48 1.45 1.55 1.69 1.70 1.64 1.52 1.45 1.51 1.63 1.78 2.00 2.17 2.21 2.45 2.50 2.17 2.13 2.19 2.16 2.30 2.37 2.14 1.90 1.81 1.83 1.84 1.54 1.18 1.36 1.93 2.49 2.80 2.73 2.46 2.28 2.01
1.56 1.52 1.47 1.44 1.41 1.36 1.32 1.27 1.23 1.20 1.17 1.14 1.10 1.06 1.03 1.01 0.99 0.97 0.94 0.90 0.88 0.86 0.84 0.81 0.80 0.79 0.78 0.78 0.78 0.74 0.67 0.64 0.80 1.00 1.07 1.12 1.20 1.21 1.15 1.13 1.18 1.25 1.37 1.50 1.58 1.60 1.56 1.50 1.48 1.55 1.70 1.73 1.70 1.63 1.52 1.49 1.57 1.65 1.75 2.08 2.28 2.51 2.61 2.32 2.22 2.19 2.11 2.24 2.32 2.17 1.99 1.93 2.03 2.07 1.67 1.13 1.10 1.64 2.35 2.93 3.12 2.85 2.67 2.32
1.56 1.53 1.49 1.46 1.41 1.36 1.31 1.26 1.23 1.20 1.17 1.13 1.09 1.05 1.02 1.00 0.97 0.95 0.92 0.89 0.86 0.84 0.81 0.78 0.77 0.75 0.73 0.74 0.77 0.75 0.69 0.66 0.80 0.97 1.05 1.11 1.14 1.17 1.17 1.14 1.15 1.22 1.35 1.52 1.65 1.63 1.54 1.54 1.52 1.55 1.71 1.74 1.72 1.71 1.61 1.52 1.58 1.59 1.54 1.84 2.27 2.57 2.72 2.52 2.26 2.08 2.04 2.16 2.22 2.20 2.10 2.04 2.17 2.18 1.81 1.26 1.00 1.32 1.88 2.56 3.15 3.21 3.10 2.81
1.57 1.54 1.50 1.46 1.41 1.35 1.30 1.26 1.24 1.21 1.17 1.11 1.07 1.04 1.01 0.98 0.95 0.93 0.90 0.86 0.83 0.81 0.78 0.75 0.73 0.69 0.67 0.71 0.80 0.79 0.72 0.70 0.78 0.90 1.01 1.09 1.13 1.16 1.17 1.14 1.13 1.18 1.30 1.53 1.70 1.61 1.52 1.59 1.60 1.60 1.70 1.76 1.74 1.74 1.68 1.59 1.60 1.59 1.47 1.63 2.12 2.59 2.82 2.69 2.24 1.93 1.91 2.01 2.11 2.17 2.13 2.12 2.25 2.17 1.81 1.44 1.17 1.19 1.47 1.98 2.71 3.17 3.31 3.31
1.58 1.55 1.51 1.46 1.41 1.35 1.30 1.27 1.25 1.21 1.15 1.09 1.06 1.03 0.99 0.96 0.93 0.90 0.87 0.83 0.81 0.78 0.75 0.72 0.68 0.62 0.58 0.69 0.85 0.84 0.75 0.74 0.77 0.82 0.93 1.03 1.11 1.22 1.22 1.14 1.12 1.15 1.26 1.53 1.66 1.55 1.55 1.64 1.67 1.69 1.72 1.79 1.80 1.74 1.69 1.60 1.59 1.62 1.56 1.59 1.98 2.56 2.84 2.68 2.27 1.97 1.86 1.91 2.10 2.27 2.29 2.26 2.22 2.01 1.72 1.61 1.64 1.45 1.23 1.46 2.12 2.75 3.12 3.47
1.58 1.56 1.51 1.46 1.41 1.35 1.30 1.28 1.25 1.19 1.13 1.08 1.05 1.01 0.97 0.94 0.91 0.87 0.83 0.81 0.79 0.77 0.73 0.69 0.63 0.53 0.52 0.70 0.89 0.87 0.79 0.78 0.80 0.78 0.83 0.92 1.05 1.29 1.32 1.15 1.10 1.16 1.27 1.49 1.54 1.45 1.59 1.73 1.74 1.73 1.76 1.88 1.89 1.81 1.69 1.50 1.50 1.68 1.75 1.76 2.13 2.64 2.67 2.43 2.27 2.14 1.95 1.93 2.15 2.46 2.62 2.46 2.10 1.83 1.56 1.60 2.05 2.05 1.35 1.11 1.57 2.12 2.54 3.04
1.59 1.57 1.52 1.47 1.42 1.35 1.31 1.29 1.24 1.16 1.11 1.07 1.03 0.99 0.95 0.91 0.88 0.84 0.81 0.80 0.78 0.75 0.71 0.65 0.58 0.49 0.48 0.69 0.87 0.87 0.85 0.87 0.85 0.79 0.76 0.78 0.94 1.29 1.41 1.20 1.10 1.22 1.28 1.39 1.42 1.36 1.53 1.78 1.88 1.75 1.72 1.96 2.04 1.97 1.75 1.31 1.35 1.76 1.96 2.03 2.45 2.74 2.43 2.07 2.08 2.10 1.98 1.96 2.17 2.56 2.87 2.60 2.05 1.71 1.41 1.42 2.03 2.55 1.98 1.17 1.19 1.57 1.97 2.42
1.59 1.57 1.52 1.47 1.41 1.36 1.32 1.28 1.21 1.14 1.10 1.05 1.01 0.97 0.93 0.90 0.86 0.83 0.80 0.79 0.77 0.73 0.68 0.62 0.55 0.48 0.49 0.66 0.80 0.82 0.89 0.97 0.91 0.84 0.79 0.74 0.86 1.21 1.44 1.25 1.14 1.27 1.27 1.31 1.31 1.27 1.40 1.70 1.98 1.86 1.65 1.93 2.16 2.16 1.89 1.24 1.20 1.76 2.18 2.32 2.60 2.70 2.35 1.95 1.90 1.97 1.89 1.94 2.25 2.64 2.93 2.68 2.16 1.77 1.41 1.29 1.68 2.59 2.56 1.67 1.14 1.17 1.58 2.07
1.60 1.57 1.52 1.46 1.41 1.36 1.32 1.26 1.18 1.12 1.08 1.04 1.00 0.96 0.92 0.88 0.85 0.81 0.79 0.77 0.74 0.70 0.65 0.61 0.55 0.50 0.53 0.63 0.68 0.72 0.88 1.04 1.01 0.96 0.91 0.76 0.79 1.14 1.42 1.26 1.20 1.26 1.23 1.31 1.25 1.20 1.34 1.55 1.91 1.94 1.73 1.92 2.22 2.33 2.09 1.46 1.22 1.68 2.35 2.68 2.63 2.43 2.30 2.07 1.90 1.86 1.74 1.88 2.41 2.76 2.80 2.55 2.25 1.93 1.55 1.39 1.66 2.44 2.85 2.29 1.39 1.00 1.28 1.84
1.60 1.58 1.53 1.46 1.41 1.36 1.30 1.23 1.17 1.11 1.06 1.02 0.98 0.94 0.90 0.87 0.83 0.80 0.77 0.75 0.72 0.68 0.65 0.61 0.55 0.53 0.55 0.58 0.57 0.60 0.79 1.03 1.12 1.16 1.04 0.74 0.73 1.11 1.38 1.27 1.19 1.21 1.18 1.31 1.27 1.19 1.31 1.47 1.72 1.81 1.76 1.90 2.16 2.42 2.28 1.71 1.45 1.73 2.40 2.95 2.65 2.08 2.07 2.15 2.02 1.80 1.58 1.78 2.57 2.96 2.63 2.23 2.11 1.93 1.64 1.61 1.79 2.36 3.00 2.84 1.85 1.09 1.14 1.62
1.61 1.59 1.52 1.45 1.42 1.37 1.29 1.22 1.16 1.10 1.05 1.00 0.96 0.92 0.88 0.84 0.80 0.77 0.75 0.74 0.71 0.67 0.64 0.61 0.57 0.56 0.54 0.51 0.47 0.52 0.74 0.99 1.17 1.31 1.13 0.68 0.70 1.13 1.34 1.24 1.18 1.13 1.11 1.24 1.25 1.20 1.31 1.47 1.56 1.59 1.62 1.75 1.95 2.32 2.32 1.84 1.78 2.05 2.52 3.04 2.68 1.92 1.88 2.19 2.24 1.86 1.48 1.72 2.67 3.10 2.51 2.03 1.97 1.79 1.58 1.64 1.83 2.29 3.02 3.24 2.47 1.51 1.27 1.51
1.61 1.57 1.50 1.45 1.43 1.36 1.26 1.19 1.14 1.08 1.03 0.98 0.95 0.91 0.87 0.82 0.78 0.76 0.74 0.72 0.69 0.66 0.63 0.61 0.60 0.57 0.53 0.47 0.40 0.48 0.76 1.02 1.18 1.37 1.19 0.68 0.70 1.16 1.26 1.14 1.15 1.10 1.08 1.18 1.20 1.21 1.37 1.49 1.47 1.53 1.59 1.63 1.75 2.08 2.23 1.92 1.92 2.37 2.84 3.09 2.57 1.79 1.73 2.23 2.56 2.11 1.49 1.64 2.66 3.17 2.57 2.09 1.98 1.71 1.52 1.57 1.75 2.20 2.93 3.43 2.94 2.08 1.70 1.62
1.60 1.56 1.49 1.45 1.41 1.32 1.23 1.17 1.11 1.05 1.00 0.97 0.93 0.88 0.84 0.80 0.77 0.75 0.73 0.71 0.69 0.67 0.64 0.62 0.61 0.57 0.52 0.44 0.39 0.50 0.77 1.00 1.12 1.34 1.33 0.80 0.72 1.11 1.17 1.07 1.13 1.10 1.09 1.18 1.19 1.25 1.41 1.45 1.43 1.54 1.61 1.61 1.66 1.81 1.98 1.89 1.84 2.30 3.00 3.30 2.68 1.75 1.54 2.12 2.79 2.57 1.78 1.57 2.31 3.05 2.75 2.28 2.09 1.76 1.54 1.51 1.63 2.01 2.77 3.50 3.42 2.76 2.33 1.99
1.60 1.56 1.50 1.47 1.40 1.30 1.21 1.14 1.08 1.03 0.98 0.94 0.89 0.85 0.81 0.78 0.76 0.74 0.72 0.70 0.69 0.67 0.65 0.63 0.61 0.56 0.50 0.43 0.41 0.51 0.74 0.94 1.05 1.28 1.41 1.04 0.73 0.98 1.09 1.04 1.10 1.11 1.13 1.19 1.23 1.31 1.38 1.39 1.44 1.55 1.61 1.64 1.66 1.67 1.76 1.85 1.85 2.04 2.69 3.34 3.04 1.97 1.39 1.79 2.76 3.00 2.42 1.82 2.04 2.65 2.64 2.42 2.21 1.85 1.59 1.45 1.45 1.70 2.27 3.15 3.63 3.46 3.11 2.69
1.59 1.56 1.52 1.47 1.39 1.29 1.19 1.12 1.06 1.01 0.96 0.91 0.87 0.83 0.79 0.76 0.74 0.72 0.70 0.69 0.69 0.67 0.65 0.63 0.60 0.56 0.49 0.44 0.42 0.52 0.74 0.89 1.03 1.24 1.39 1.17 0.82 0.87 1.03 1.04 1.07 1.13 1.19 1.22 1.30 1.40 1.35 1.37 1.48 1.55 1.61 1.68 1.71 1.68 1.73 1.87 1.95 1.98 2.31 3.08 3.18 2.20 1.34 1.43 2.39 3.16 3.04 2.43 2.20 2.29 2.23 2.32 2.26 1.92 1.64 1.42 1.35 1.54 1.80 2.26 3.01 3.45 3.62 3.47
1.58 1.55 1.51 1.45 1.35 1.23 1.14 1.09 1.03 0.97 0.92 0.88 0.84 0.80 0.77 0.75 0.73 0.71 0.70 0.69 0.69 0.67 0.65 0.63 0.60 0.56 0.50 0.44 0.44 0.61 0.81 0.90 1.03 1.19 1.29 1.16 0.95 0.90 1.01 1.06 1.06 1.14 1.24 1.27 1.35 1.45 1.38 1.41 1.51 1.54 1.62 1.67 1.72 1.75 1.78 1.88 2.02 2.10 2.25 2.84 3.15 2.41 1.47 1.23 1.84 2.87 3.37 3.10 2.59 2.11 1.92 2.14 2.18 1.92 1.66 1.47 1.41 1.62 1.87 1.94 2.16 2.72 3.42 3.89
1.58 1.56 1.49 1.40 1.28 1.17 1.10 1.04 0.98 0.93 0.90 0.86 0.82 0.78 0.76 0.74 0.72 0.71 0.70 0.69 0.68 0.67 0.65 0.64 0.61 0.57 0.52 0.45 0.51 0.76 0.87 0.89 0.97 1.08 1.17 1.08 0.93 0.96 1.08 1.11 1.10 1.16 1.25 1.33 1.41 1.45 1.41 1.45 1.52 1.59 1.65 1.63 1.68 1.82 1.85 1.84 1.96 2.19 2.36 2.74 3.07 2.63 1.79 1.27 1.44 2.34 3.32 3.48 2.83 2.16 2.00 2.16 2.19 1.91 1.64 1.59 1.48 1.61 2.18 2.28 1.92 2.15 2.87 3.70
