windninja/windninja_output/Output_2025-10-23_1900-1950_Google earth_Fire_150m_10min/merlingen_7.5mi_point_10-23-2025_1900_150m_vel.asc
ncols	158
nrows	163
xllcorner	391686.332397
yllcorner	5160024.123721
cellsize	150.000000
NODATA_value	-32768.000000
[rows 111 to 147 of 163, columns 0 to 83 of 158]
1.02 0.93 0.83 0.73 0.61 0.48 0.39 0.34 0.32 0.32 0.31 0.32 0.36 0.45 0.60 0.69 0.59 0.43 0.39 0.47 0.64 0.75 0.69 0.62 0.62 0.71 0.84 0.98 1.25 1.51 1.54 1.44 1.40 1.80 2.49 2.58 2.39 2.31 1.97 1.55 1.59 1.85 1.92 1.81 1.77 1.74 1.59 1.44 1.43 1.48 1.53 1.54 1.54 1.67 1.81 1.80 1.81 2.04 2.19 2.05 1.98 2.17 2.29 2.20 2.20 2.36 2.43 2.25 2.06 1.98 2.10 2.58 3.08 3.21 3.30 3.44 3.47 3.48 3.54 3.56 3.59 3.74 3.54 3.08
0.96 0.85 0.72 0.61 0.51 0.46 0.43 0.41 0.39 0.36 0.36 0.43 0.54 0.61 0.70 0.75 0.61 0.50 0.49 0.58 0.71 0.80 0.76 0.63 0.61 0.80 0.97 1.08 1.20 1.35 1.48 1.50 1.51 1.99 2.65 2.69 2.44 2.12 1.64 1.49 1.55 1.62 1.81 1.98 1.86 1.67 1.50 1.41 1.41 1.45 1.48 1.43 1.42 1.61 1.79 1.76 1.74 1.94 2.14 2.08 1.95 2.01 2.16 2.21 2.20 2.31 2.44 2.33 2.14 2.04 2.13 2.50 2.92 3.15 3.28 3.42 3.43 3.40 3.58 3.73 3.76 3.80 3.50 3.12
0.99 0.85 0.67 0.57 0.50 0.46 0.45 0.46 0.46 0.45 0.47 0.60 0.71 0.72 0.74 0.78 0.67 0.61 0.73 0.80 0.82 0.84 0.74 0.59 0.62 0.90 1.05 1.14 1.17 1.21 1.38 1.53 1.72 2.26 2.74 2.54 2.09 1.70 1.41 1.33 1.27 1.42 1.90 2.13 1.85 1.52 1.42 1.42 1.43 1.44 1.44 1.35 1.36 1.55 1.72 1.74 1.71 1.82 2.05 2.08 1.95 1.89 2.05 2.23 2.17 2.22 2.37 2.37 2.31 2.17 2.17 2.48 2.82 2.99 3.19 3.42 3.45 3.39 3.50 3.72 3.99 3.91 3.38 3.09
1.06 0.92 0.73 0.62 0.58 0.54 0.51 0.50 0.48 0.48 0.59 0.76 0.80 0.74 0.75 0.84 0.83 0.85 0.90 0.87 0.85 0.84 0.77 0.69 0.85 1.08 1.14 1.10 1.14 1.19 1.22 1.48 1.90 2.41 2.61 2.21 1.78 1.56 1.35 1.18 1.16 1.56 2.09 2.20 1.82 1.52 1.51 1.52 1.48 1.46 1.41 1.32 1.33 1.45 1.64 1.72 1.68 1.72 1.92 2.06 1.96 1.81 1.96 2.24 2.17 2.13 2.25 2.34 2.40 2.30 2.23 2.49 2.78 2.82 3.00 3.38 3.52 3.46 3.37 3.54 4.08 4.06 3.39 3.07
1.08 0.98 0.83 0.73 0.68 0.64 0.59 0.53 0.48 0.54 0.73 0.89 0.85 0.74 0.76 0.97 1.03 0.96 0.88 0.80 0.83 0.88 0.93 1.03 1.15 1.21 1.15 1.08 1.22 1.23 1.12 1.33 1.88 2.39 2.45 2.14 1.81 1.56 1.33 1.16 1.32 1.85 2.18 2.11 1.86 1.69 1.60 1.48 1.44 1.44 1.39 1.33 1.30 1.34 1.53 1.66 1.65 1.66 1.81 2.00 1.93 1.78 1.91 2.20 2.21 2.06 2.13 2.29 2.39 2.34 2.29 2.45 2.74 2.83 2.85 3.20 3.53 3.57 3.35 3.35 3.98 4.15 3.52 3.05
1.08 0.99 0.87 0.77 0.70 0.65 0.61 0.58 0.58 0.69 0.90 0.96 0.83 0.73 0.84 1.11 1.09 0.91 0.85 0.89 0.98 1.09 1.21 1.29 1.27 1.22 1.10 1.05 1.27 1.34 1.23 1.33 1.69 2.20 2.40 2.16 1.86 1.50 1.35 1.40 1.65 2.02 2.05 1.93 1.85 1.65 1.39 1.28 1.37 1.44 1.42 1.36 1.27 1.25 1.38 1.55 1.63 1.64 1.73 1.91 1.87 1.76 1.89 2.15 2.21 2.01 2.02 2.21 2.32 2.32 2.29 2.37 2.68 2.95 2.91 3.02 3.34 3.59 3.45 3.30 3.83 4.19 3.54 2.92
1.05 0.97 0.84 0.72 0.66 0.62 0.62 0.67 0.77 0.89 0.98 0.93 0.79 0.76 0.93 1.10 0.98 0.86 0.96 1.14 1.25 1.34 1.39 1.38 1.35 1.35 1.24 1.14 1.40 1.38 1.24 1.29 1.52 2.09 2.40 2.22 1.84 1.42 1.41 1.71 1.91 1.95 1.81 1.79 1.78 1.51 1.33 1.36 1.46 1.53 1.50 1.37 1.24 1.18 1.22 1.44 1.62 1.63 1.68 1.82 1.83 1.75 1.87 2.12 2.16 1.97 1.95 2.12 2.22 2.26 2.25 2.29 2.52 2.90 3.12 3.11 3.10 3.36 3.52 3.44 3.82 4.16 3.45 2.69
1.03 0.94 0.80 0.71 0.66 0.66 0.68 0.74 0.86 0.93 0.93 0.86 0.79 0.82 0.94 1.03 0.97 0.92 1.07 1.21 1.27 1.31 1.31 1.32 1.38 1.43 1.49 1.58 1.60 1.47 1.37 1.48 1.83 2.43 2.43 2.08 1.81 1.47 1.60 1.90 1.86 1.71 1.63 1.66 1.66 1.54 1.46 1.50 1.55 1.55 1.46 1.27 1.16 1.09 1.11 1.35 1.57 1.61 1.64 1.76 1.82 1.77 1.88 2.08 2.07 1.93 1.91 2.01 2.12 2.21 2.22 2.21 2.32 2.67 3.14 3.29 3.05 3.13 3.43 3.57 3.89 4.04 3.34 2.58
1.07 0.96 0.81 0.71 0.66 0.67 0.70 0.74 0.82 0.86 0.85 0.83 0.82 0.86 0.88 0.95 1.06 1.03 1.04 1.09 1.11 1.14 1.18 1.26 1.34 1.39 1.46 1.55 1.58 1.66 1.92 2.19 2.43 2.54 2.14 1.72 1.55 1.56 1.75 1.81 1.61 1.51 1.51 1.61 1.69 1.63 1.50 1.48 1.47 1.40 1.30 1.14 1.04 0.99 1.01 1.22 1.47 1.60 1.63 1.73 1.84 1.81 1.87 2.00 1.93 1.87 1.83 1.85 2.01 2.19 2.21 2.13 2.17 2.42 2.90 3.26 3.21 3.13 3.37 3.63 3.86 3.89 3.32 2.72
1.09 0.98 0.83 0.73 0.65 0.61 0.61 0.68 0.79 0.80 0.78 0.85 0.88 0.88 0.86 0.95 1.10 1.09 1.01 1.00 1.01 1.03 1.11 1.21 1.29 1.32 1.33 1.33 1.52 1.82 2.06 2.15 2.14 2.00 1.72 1.54 1.41 1.48 1.54 1.39 1.32 1.36 1.50 1.63 1.67 1.57 1.50 1.49 1.39 1.27 1.18 1.06 0.97 0.93 0.92 1.08 1.39 1.60 1.62 1.72 1.86 1.78 1.78 1.81 1.67 1.75 1.80 1.69 1.87 2.17 2.21 2.10 2.10 2.24 2.53 2.92 3.23 3.32 3.46 3.65 3.76 3.79 3.37 2.93
1.08 0.99 0.89 0.89 0.86 0.75 0.70 0.73 0.79 0.76 0.75 0.90 0.94 0.92 0.94 0.99 1.09 1.09 0.98 0.91 0.89 0.94 1.03 1.13 1.25 1.29 1.28 1.33 1.64 1.95 1.93 1.78 1.72 1.63 1.57 1.49 1.37 1.36 1.17 1.06 1.10 1.21 1.42 1.48 1.45 1.44 1.47 1.40 1.21 1.13 1.08 1.00 0.94 0.88 0.85 0.99 1.37 1.59 1.59 1.71 1.78 1.59 1.51 1.55 1.49 1.74 1.92 1.73 1.75 2.08 2.17 2.09 2.11 2.16 2.22 2.43 2.88 3.31 3.60 3.73 3.76 3.78 3.46 3.15
1.05 0.99 0.95 0.98 1.00 0.99 0.96 0.91 0.85 0.76 0.75 0.97 1.00 0.92 0.90 0.92 1.01 1.00 0.82 0.74 0.77 0.88 0.96 1.05 1.22 1.24 1.24 1.40 1.80 2.03 1.83 1.69 1.64 1.47 1.49 1.46 1.30 1.30 1.13 0.96 0.96 1.05 1.29 1.36 1.34 1.40 1.37 1.16 0.99 0.96 0.96 0.97 0.88 0.78 0.79 0.96 1.31 1.52 1.52 1.60 1.53 1.32 1.33 1.40 1.47 1.85 2.14 1.97 1.83 1.91 2.03 2.07 2.14 2.15 2.06 2.05 2.32 2.89 3.45 3.75 3.90 3.95 3.65 3.38
0.95 0.89 0.84 0.82 0.83 0.87 0.91 0.91 0.88 0.80 0.79 1.04 1.01 0.80 0.74 0.81 0.89 0.85 0.69 0.64 0.72 0.83 0.91 1.02 1.18 1.21 1.21 1.46 2.03 2.12 1.68 1.55 1.51 1.34 1.41 1.43 1.23 1.24 1.20 0.94 0.86 0.96 1.16 1.36 1.40 1.41 1.33 1.08 0.92 0.88 0.94 0.94 0.77 0.67 0.72 0.84 1.12 1.37 1.38 1.35 1.25 1.21 1.31 1.39 1.51 1.91 2.21 2.17 1.97 1.79 1.84 2.03 2.13 2.12 2.02 1.90 1.94 2.33 2.95 3.43 3.85 4.19 3.99 3.51
0.89 0.83 0.75 0.72 0.71 0.74 0.77 0.79 0.82 0.84 0.88 0.99 0.84 0.63 0.63 0.72 0.77 0.74 0.67 0.68 0.77 0.85 0.91 1.02 1.13 1.17 1.28 1.78 2.42 2.10 1.41 1.35 1.40 1.28 1.33 1.39 1.21 1.18 1.22 0.98 0.84 0.86 0.97 1.30 1.49 1.45 1.33 1.12 0.90 0.89 0.96 0.89 0.69 0.61 0.63 0.68 0.89 1.19 1.28 1.13 1.08 1.27 1.41 1.45 1.62 1.93 2.10 2.18 2.11 1.77 1.71 1.96 2.12 2.09 2.05 1.93 1.86 2.07 2.51 2.87 3.36 4.15 4.32 3.64
0.86 0.83 0.79 0.76 0.76 0.76 0.74 0.77 0.85 0.90 0.91 0.87 0.69 0.52 0.56 0.65 0.69 0.67 0.67 0.78 0.93 1.01 1.01 1.04 1.19 1.34 1.76 2.53 2.46 1.66 1.08 1.15 1.32 1.22 1.21 1.35 1.22 1.13 1.19 1.05 0.85 0.78 0.83 1.18 1.52 1.54 1.38 1.12 0.90 0.89 0.90 0.79 0.62 0.55 0.55 0.58 0.76 1.05 1.24 1.09 1.11 1.39 1.47 1.47 1.67 1.88 1.95 2.04 2.10 1.95 1.77 1.96 2.16 2.13 2.10 2.03 1.96 2.03 2.27 2.53 2.75 3.63 4.32 3.98
0.78 0.76 0.74 0.74 0.74 0.72 0.72 0.81 0.89 0.89 0.86 0.77 0.63 0.53 0.59 0.67 0.66 0.64 0.70 0.82 0.99 1.25 1.30 1.31 1.74 2.21 2.39 2.37 1.74 1.06 0.87 1.01 1.23 1.15 1.12 1.29 1.23 1.10 1.11 1.05 0.89 0.77 0.79 1.04 1.46 1.65 1.48 1.13 0.89 0.83 0.82 0.71 0.55 0.46 0.45 0.50 0.65 0.95 1.21 1.20 1.24 1.40 1.41 1.43 1.62 1.77 1.82 1.88 1.96 2.00 2.01 2.16 2.29 2.23 2.17 2.13 2.06 2.01 2.16 2.36 2.48 3.07 3.81 4.01
0.75 0.73 0.71 0.71 0.71 0.73 0.79 0.86 0.88 0.85 0.81 0.76 0.73 0.71 0.77 0.75 0.69 0.71 0.82 0.98 1.36 1.78 1.89 1.92 2.01 2.13 1.89 1.36 0.99 0.79 0.74 0.90 1.11 1.09 1.08 1.21 1.21 1.11 1.03 1.01 0.94 0.81 0.82 0.96 1.35 1.68 1.54 1.12 0.84 0.75 0.76 0.67 0.47 0.38 0.38 0.43 0.58 0.92 1.22 1.24 1.23 1.29 1.30 1.39 1.54 1.67 1.72 1.75 1.82 1.91 2.12 2.37 2.43 2.34 2.29 2.28 2.11 2.07 2.26 2.37 2.47 2.85 3.23 3.54
0.75 0.72 0.69 0.68 0.68 0.72 0.80 0.85 0.85 0.81 0.79 0.83 0.91 0.93 0.90 0.81 0.78 0.89 1.17 1.83 2.17 2.01 1.80 1.60 1.47 1.32 1.08 0.86 0.72 0.64 0.67 0.83 0.99 0.98 1.01 1.12 1.17 1.10 0.97 0.97 0.96 0.90 0.90 0.97 1.25 1.63 1.58 1.09 0.80 0.74 0.72 0.60 0.40 0.33 0.34 0.39 0.57 0.91 1.17 1.19 1.17 1.20 1.24 1.35 1.48 1.58 1.62 1.64 1.71 1.81 2.07 2.43 2.61 2.49 2.39 2.40 2.24 2.21 2.41 2.53 2.67 2.86 2.94 3.15
0.72 0.67 0.60 0.58 0.59 0.61 0.68 0.76 0.76 0.75 0.79 0.87 0.92 0.93 0.92 0.94 0.99 1.22 1.87 2.36 2.01 1.39 1.10 0.93 0.93 0.96 0.88 0.72 0.60 0.59 0.66 0.75 0.81 0.82 0.89 1.06 1.14 1.03 0.94 0.96 0.98 0.99 1.00 1.05 1.22 1.51 1.53 1.11 0.84 0.80 0.70 0.54 0.33 0.28 0.31 0.39 0.59 0.87 1.09 1.13 1.12 1.14 1.21 1.31 1.42 1.50 1.52 1.55 1.62 1.73 1.96 2.34 2.66 2.68 2.54 2.58 2.48 2.28 2.40 2.66 2.83 2.91 2.91 2.97
0.72 0.67 0.60 0.57 0.56 0.57 0.61 0.64 0.66 0.68 0.74 0.75 0.72 0.74 0.82 0.99 1.29 1.75 2.11 1.90 1.19 0.86 0.81 0.79 0.86 0.92 0.79 0.61 0.58 0.61 0.63 0.63 0.63 0.66 0.74 0.94 1.10 1.04 0.93 0.96 1.01 1.04 1.11 1.17 1.25 1.37 1.37 1.08 0.91 0.84 0.65 0.47 0.27 0.25 0.31 0.41 0.58 0.80 1.01 1.09 1.08 1.09 1.16 1.26 1.35 1.42 1.45 1.48 1.53 1.63 1.85 2.21 2.56 2.74 2.78 2.86 2.75 2.40 2.48 2.79 2.92 2.97 2.87 2.74
0.75 0.70 0.66 0.63 0.61 0.63 0.65 0.62 0.60 0.61 0.61 0.58 0.57 0.62 0.75 0.97 1.40 1.77 1.65 1.08 0.82 0.76 0.73 0.72 0.82 0.86 0.66 0.56 0.58 0.59 0.58 0.57 0.54 0.55 0.62 0.78 0.99 1.07 0.99 0.97 1.04 1.09 1.17 1.25 1.25 1.17 1.08 0.97 0.96 0.85 0.59 0.40 0.26 0.26 0.34 0.42 0.53 0.74 0.95 1.02 1.02 1.05 1.12 1.21 1.28 1.34 1.40 1.41 1.44 1.52 1.75 2.12 2.37 2.66 2.92 3.13 3.07 2.64 2.58 2.93 3.17 3.06 2.71 2.51
0.73 0.67 0.62 0.61 0.64 0.70 0.72 0.68 0.64 0.61 0.56 0.54 0.56 0.65 0.81 1.01 1.44 1.61 1.20 0.81 0.74 0.70 0.68 0.69 0.76 0.79 0.61 0.53 0.55 0.53 0.53 0.52 0.46 0.46 0.57 0.70 0.87 1.02 1.02 1.03 1.11 1.13 1.16 1.24 1.15 0.89 0.76 0.82 0.92 0.82 0.54 0.38 0.30 0.30 0.37 0.41 0.49 0.69 0.88 0.93 0.97 1.07 1.07 1.14 1.23 1.28 1.35 1.36 1.36 1.43 1.69 1.99 2.18 2.55 2.93 3.26 3.46 2.94 2.60 3.06 3.35 3.02 2.54 2.45
0.71 0.64 0.59 0.61 0.68 0.72 0.71 0.71 0.73 0.72 0.67 0.64 0.63 0.73 0.88 1.17 1.62 1.57 1.16 0.85 0.76 0.70 0.67 0.67 0.66 0.64 0.58 0.52 0.51 0.50 0.49 0.49 0.43 0.46 0.58 0.69 0.82 0.92 0.96 1.08 1.17 1.12 1.13 1.18 1.01 0.71 0.63 0.70 0.80 0.72 0.52 0.40 0.34 0.34 0.39 0.41 0.47 0.65 0.82 0.89 0.99 1.09 1.03 1.06 1.18 1.23 1.30 1.34 1.30 1.39 1.63 1.86 2.02 2.36 2.85 3.39 3.76 3.18 2.68 3.11 3.35 2.87 2.38 2.29
0.74 0.68 0.65 0.67 0.71 0.69 0.68 0.72 0.76 0.79 0.83 0.81 0.80 0.88 1.15 1.67 1.77 1.43 1.04 0.83 0.74 0.66 0.60 0.55 0.48 0.46 0.51 0.53 0.51 0.48 0.47 0.48 0.46 0.49 0.57 0.65 0.75 0.81 0.89 1.10 1.21 1.14 1.13 1.10 0.85 0.68 0.62 0.59 0.62 0.62 0.52 0.42 0.37 0.38 0.40 0.39 0.45 0.64 0.79 0.87 1.00 1.04 0.98 1.01 1.11 1.19 1.24 1.33 1.36 1.40 1.54 1.75 1.90 2.07 2.63 3.46 3.94 3.49 2.86 3.07 3.28 2.83 2.21 2.04
0.73 0.72 0.72 0.72 0.72 0.70 0.70 0.73 0.74 0.77 0.79 0.81 0.85 1.04 1.59 1.85 1.54 1.11 0.85 0.71 0.62 0.52 0.45 0.40 0.34 0.34 0.42 0.51 0.54 0.50 0.46 0.47 0.50 0.51 0.54 0.60 0.65 0.69 0.87 1.12 1.20 1.15 1.12 0.97 0.78 0.71 0.64 0.50 0.49 0.55 0.52 0.43 0.39 0.40 0.39 0.37 0.46 0.64 0.77 0.86 0.95 0.95 0.93 0.96 1.04 1.14 1.18 1.30 1.50 1.53 1.53 1.66 1.78 1.83 2.31 3.22 3.91 3.87 3.17 3.06 3.08 2.70 2.26 2.08
0.67 0.69 0.70 0.68 0.67 0.68 0.70 0.69 0.67 0.66 0.65 0.66 0.74 1.07 1.64 1.55 1.11 0.90 0.73 0.61 0.51 0.39 0.34 0.32 0.29 0.29 0.35 0.46 0.54 0.52 0.46 0.46 0.50 0.51 0.53 0.56 0.57 0.61 0.87 1.14 1.13 1.11 1.08 0.84 0.74 0.73 0.63 0.47 0.44 0.52 0.49 0.43 0.42 0.41 0.38 0.37 0.48 0.66 0.78 0.84 0.88 0.88 0.90 0.91 0.96 1.07 1.12 1.28 1.62 1.73 1.62 1.59 1.68 1.72 1.99 2.77 3.64 3.96 3.65 3.23 2.94 2.61 2.42 2.46
0.60 0.61 0.62 0.59 0.58 0.59 0.60 0.59 0.57 0.57 0.58 0.63 0.73 1.15 1.57 1.31 0.97 0.80 0.62 0.51 0.43 0.34 0.30 0.29 0.26 0.25 0.30 0.42 0.52 0.53 0.46 0.45 0.49 0.52 0.54 0.53 0.50 0.54 0.85 1.12 1.07 1.01 0.96 0.79 0.72 0.70 0.61 0.47 0.44 0.49 0.47 0.44 0.44 0.41 0.37 0.39 0.53 0.70 0.77 0.80 0.81 0.82 0.85 0.83 0.87 0.97 1.07 1.27 1.65 1.90 1.77 1.60 1.69 1.74 1.71 2.21 3.18 3.73 3.85 3.78 3.24 2.65 2.63 2.83
0.57 0.53 0.52 0.52 0.52 0.50 0.47 0.47 0.51 0.58 0.64 0.74 0.94 1.49 1.62 1.21 0.88 0.66 0.47 0.41 0.38 0.32 0.29 0.27 0.24 0.23 0.27 0.37 0.46 0.47 0.45 0.47 0.50 0.52 0.55 0.52 0.45 0.50 0.80 1.08 1.01 0.85 0.81 0.74 0.68 0.67 0.60 0.47 0.44 0.46 0.46 0.46 0.44 0.40 0.39 0.46 0.60 0.71 0.73 0.74 0.74 0.76 0.78 0.74 0.76 0.87 1.03 1.28 1.61 1.95 2.02 1.84 1.79 1.78 1.71 1.84 2.59 3.25 3.57 4.05 3.91 2.94 3.02 3.06
0.59 0.52 0.47 0.51 0.54 0.49 0.43 0.45 0.51 0.59 0.71 0.91 1.37 1.76 1.50 0.95 0.67 0.51 0.38 0.34 0.35 0.31 0.27 0.25 0.23 0.22 0.26 0.33 0.38 0.38 0.39 0.47 0.51 0.51 0.55 0.51 0.46 0.54 0.78 0.98 0.89 0.72 0.71 0.68 0.63 0.63 0.58 0.48 0.45 0.46 0.47 0.47 0.42 0.41 0.46 0.56 0.65 0.68 0.68 0.69 0.68 0.71 0.70 0.62 0.65 0.80 0.99 1.27 1.57 1.88 2.18 2.23 2.01 1.87 1.81 1.78 2.11 2.74 3.09 3.81 4.22 3.78 3.64 3.13
0.63 0.56 0.50 0.53 0.54 0.53 0.54 0.56 0.56 0.66 0.82 1.13 1.70 1.67 1.02 0.62 0.49 0.40 0.33 0.32 0.33 0.30 0.25 0.23 0.23 0.24 0.25 0.28 0.32 0.31 0.32 0.43 0.50 0.51 0.55 0.52 0.49 0.58 0.71 0.80 0.75 0.67 0.66 0.61 0.58 0.58 0.54 0.47 0.46 0.47 0.47 0.47 0.43 0.46 0.56 0.62 0.63 0.62 0.64 0.64 0.64 0.69 0.64 0.53 0.57 0.75 0.97 1.24 1.51 1.82 2.19 2.43 2.26 1.98 1.90 1.73 1.78 2.37 2.83 3.47 4.33 4.48 3.83 2.92
0.63 0.58 0.50 0.47 0.44 0.50 0.63 0.69 0.70 0.85 1.04 1.47 1.71 1.16 0.61 0.47 0.39 0.34 0.32 0.35 0.35 0.31 0.25 0.22 0.22 0.23 0.24 0.24 0.26 0.27 0.29 0.37 0.44 0.50 0.56 0.53 0.49 0.54 0.57 0.60 0.63 0.63 0.62 0.57 0.55 0.54 0.50 0.46 0.46 0.46 0.46 0.47 0.49 0.55 0.62 0.61 0.59 0.59 0.60 0.60 0.64 0.67 0.60 0.53 0.61 0.81 1.02 1.22 1.46 1.82 2.11 2.37 2.50 2.34 2.04 1.59 1.49 2.13 2.83 3.49 4.53 4.73 3.71 2.80
0.61 0.56 0.45 0.39 0.41 0.50 0.60 0.69 0.84 0.96 1.17 1.62 1.50 0.68 0.44 0.41 0.36 0.36 0.37 0.37 0.34 0.30 0.26 0.25 0.23 0.22 0.21 0.21 0.22 0.24 0.27 0.32 0.38 0.47 0.55 0.53 0.48 0.49 0.49 0.48 0.54 0.58 0.57 0.54 0.52 0.49 0.46 0.46 0.46 0.44 0.43 0.50 0.58 0.61 0.62 0.58 0.55 0.56 0.58 0.62 0.66 0.66 0.62 0.62 0.76 0.96 1.11 1.22 1.44 1.75 1.98 2.19 2.65 2.74 2.02 1.33 1.29 2.02 2.98 3.88 4.45 4.48 3.96 3.14
0.63 0.58 0.49 0.45 0.47 0.52 0.58 0.68 0.84 0.91 1.17 1.40 1.03 0.54 0.43 0.40 0.38 0.41 0.40 0.33 0.27 0.24 0.23 0.24 0.23 0.21 0.18 0.17 0.19 0.22 0.25 0.30 0.34 0.41 0.51 0.52 0.47 0.44 0.44 0.44 0.48 0.53 0.52 0.50 0.48 0.46 0.44 0.44 0.42 0.41 0.44 0.55 0.66 0.69 0.65 0.55 0.52 0.56 0.58 0.62 0.65 0.66 0.67 0.72 0.83 0.97 1.11 1.23 1.34 1.55 1.79 2.12 2.75 2.85 1.91 1.15 1.25 1.84 3.12 4.04 3.86 3.97 4.29 3.41
0.69 0.61 0.57 0.56 0.52 0.50 0.58 0.69 0.79 0.82 1.04 1.24 0.91 0.59 0.50 0.43 0.40 0.42 0.37 0.25 0.20 0.19 0.19 0.19 0.19 0.17 0.15 0.16 0.17 0.20 0.23 0.27 0.29 0.34 0.45 0.48 0.44 0.41 0.40 0.41 0.44 0.47 0.48 0.46 0.44 0.43 0.42 0.40 0.38 0.41 0.49 0.60 0.71 0.74 0.63 0.51 0.51 0.54 0.56 0.63 0.68 0.69 0.71 0.75 0.79 0.91 1.09 1.19 1.23 1.34 1.59 2.09 2.77 2.88 2.03 1.23 1.22 1.64 3.12 3.91 3.36 3.85 4.34 3.03
0.69 0.58 0.56 0.60 0.61 0.59 0.64 0.72 0.80 0.81 0.91 1.28 1.16 0.76 0.61 0.49 0.44 0.43 0.30 0.19 0.17 0.17 0.17 0.16 0.14 0.12 0.13 0.14 0.16 0.17 0.20 0.23 0.23 0.28 0.38 0.42 0.39 0.37 0.36 0.38 0.40 0.42 0.42 0.41 0.40 0.40 0.39 0.36 0.37 0.45 0.54 0.64 0.74 0.74 0.59 0.50 0.53 0.55 0.61 0.73 0.76 0.74 0.74 0.73 0.74 0.91 1.10 1.12 1.14 1.28 1.45 1.88 2.66 2.86 2.14 1.45 1.30 1.64 2.97 3.68 3.53 4.18 3.96 2.09
0.65 0.54 0.54 0.62 0.71 0.78 0.81 0.82 0.89 0.87 1.04 1.46 1.26 0.81 0.69 0.61 0.55 0.48 0.34 0.24 0.21 0.19 0.16 0.13 0.11 0.11 0.11 0.12 0.13 0.13 0.16 0.19 0.20 0.23 0.31 0.36 0.35 0.33 0.33 0.34 0.36 0.36 0.37 0.37 0.37 0.37 0.35 0.34 0.39 0.47 0.54 0.64 0.74 0.72 0.63 0.59 0.60 0.63 0.74 0.81 0.77 0.73 0.72 0.72 0.80 0.98 1.10 1.08 1.13 1.30 1.43 1.70 2.40 2.77 2.20 1.60 1.59 1.95 2.56 3.34 4.03 4.12 2.92 1.85
0.59 0.50 0.52 0.59 0.70 0.83 0.86 0.90 0.96 1.09 1.49 1.55 1.01 0.65 0.60 0.58 0.54 0.48 0.43 0.39 0.36 0.30 0.22 0.15 0.11 0.10 0.10 0.10 0.10 0.11 0.13 0.16 0.18 0.21 0.25 0.30 0.31 0.30 0.30 0.30 0.30 0.31 0.31 0.33 0.34 0.33 0.32 0.34 0.40 0.47 0.52 0.64 0.75 0.72 0.67 0.65 0.65 0.71 0.76 0.78 0.72 0.68 0.70 0.79 0.92 1.06 1.15 1.21 1.30 1.41 1.53 1.72 2.15 2.52 2.13 1.69 1.99 2.46 2.48 3.10 4.04 3.33 2.36 1.95
