windninja/windninja_output/Output_2025-10-23_1900-1950_Google earth_Fire_150m_10min/merlingen_7.5mi_point_10-23-2025_1940_150m_vel.asc
ncols	158
nrows	163
xllcorner	391686.332397
yllcorner	5160024.123721
cellsize	150.000000
NODATA_value	-32768.000000
[rows 38 to 75 of 163, columns 0 to 83 of 158]
0.92 0.91 0.93 0.91 0.88 0.87 0.87 0.86 0.87 0.88 0.88 0.86 0.86 0.87 0.88 0.87 0.88 0.88 0.88 0.89 0.89 0.88 0.89 0.89 0.86 0.82 0.76 0.75 0.95 1.21 1.24 1.24 1.28 1.31 1.40 1.20 0.87 0.99 1.23 1.25 1.27 1.35 1.42 1.51 1.69 1.71 1.63 1.60 1.61 1.84 2.02 1.89 1.79 2.02 2.23 2.11 2.00 2.21 2.49 2.83 3.07 2.85 2.23 1.60 1.52 2.36 3.71 4.06 3.02 2.17 2.16 2.50 2.56 2.03 1.46 1.61 1.49 1.07 1.75 2.43 1.97 1.79 2.18 2.83
0.89 0.88 0.88 0.86 0.85 0.84 0.84 0.85 0.86 0.87 0.86 0.84 0.85 0.86 0.87 0.87 0.87 0.87 0.88 0.89 0.89 0.89 0.89 0.89 0.88 0.84 0.82 0.87 1.01 1.13 1.16 1.16 1.15 1.19 1.22 0.95 0.77 1.02 1.26 1.31 1.35 1.43 1.51 1.54 1.64 1.74 1.70 1.57 1.55 1.87 2.14 1.97 1.73 1.92 2.28 2.16 1.90 2.03 2.39 2.70 2.79 2.81 2.63 2.04 1.66 2.31 3.76 3.94 2.84 2.33 2.54 2.68 2.38 1.71 1.45 1.89 1.70 0.87 1.31 2.34 2.18 1.84 2.11 2.79
0.85 0.83 0.83 0.83 0.83 0.83 0.83 0.85 0.86 0.85 0.83 0.84 0.85 0.86 0.87 0.86 0.87 0.87 0.88 0.89 0.90 0.90 0.90 0.90 0.90 0.88 0.87 0.91 0.95 1.04 1.15 1.13 1.05 1.07 0.98 0.76 0.74 0.98 1.22 1.36 1.45 1.55 1.61 1.54 1.58 1.74 1.75 1.60 1.53 1.81 2.22 2.15 1.82 1.87 2.20 2.18 1.87 1.85 2.24 2.53 2.51 2.58 2.90 2.73 2.05 2.38 3.69 3.75 2.89 2.77 2.76 2.49 2.09 1.50 1.57 2.23 1.76 0.69 0.95 1.97 2.21 2.10 2.40 2.99
0.84 0.82 0.82 0.82 0.82 0.82 0.84 0.85 0.85 0.83 0.82 0.84 0.85 0.85 0.86 0.87 0.87 0.88 0.89 0.90 0.91 0.90 0.90 0.91 0.92 0.90 0.90 0.91 0.91 1.02 1.14 1.09 0.99 0.94 0.79 0.69 0.77 0.94 1.16 1.37 1.52 1.65 1.65 1.56 1.63 1.74 1.73 1.62 1.52 1.75 2.29 2.37 1.93 1.75 1.97 2.13 1.88 1.73 2.04 2.32 2.27 2.23 2.73 3.11 2.67 2.63 3.46 3.67 3.19 2.96 2.54 2.26 2.10 1.53 1.81 2.42 1.57 0.53 0.74 1.54 1.99 2.15 2.67 3.21
0.84 0.83 0.83 0.83 0.83 0.84 0.85 0.85 0.85 0.83 0.83 0.85 0.85 0.85 0.86 0.87 0.87 0.88 0.90 0.91 0.91 0.90 0.91 0.93 0.94 0.92 0.92 0.93 0.94 1.03 1.10 1.05 0.96 0.84 0.71 0.67 0.78 1.04 1.25 1.38 1.54 1.65 1.63 1.69 1.75 1.67 1.61 1.58 1.55 1.79 2.38 2.51 1.92 1.57 1.76 1.97 1.85 1.71 1.87 2.14 2.15 2.05 2.44 2.98 3.12 3.11 3.31 3.58 3.36 2.72 2.32 2.39 2.29 1.79 2.14 2.35 1.26 0.45 0.64 1.30 1.82 2.10 2.66 3.38
0.86 0.85 0.84 0.84 0.85 0.87 0.86 0.85 0.85 0.85 0.84 0.85 0.86 0.86 0.86 0.87 0.88 0.89 0.91 0.92 0.92 0.91 0.92 0.94 0.95 0.94 0.94 0.96 0.98 1.01 1.04 1.02 0.94 0.83 0.73 0.70 0.88 1.19 1.30 1.33 1.45 1.58 1.71 1.85 1.76 1.49 1.43 1.53 1.67 1.95 2.45 2.48 1.86 1.51 1.65 1.80 1.76 1.70 1.81 2.08 2.17 2.15 2.35 2.63 3.14 3.51 3.43 3.42 3.14 2.46 2.30 2.65 2.53 2.13 2.31 2.05 1.05 0.54 0.68 1.23 1.75 2.18 2.83 3.67
0.86 0.86 0.86 0.87 0.89 0.88 0.87 0.86 0.86 0.86 0.85 0.86 0.87 0.86 0.87 0.88 0.89 0.90 0.92 0.93 0.92 0.93 0.94 0.95 0.96 0.97 0.98 1.00 0.99 0.99 1.01 1.01 0.95 0.87 0.78 0.80 1.01 1.21 1.22 1.22 1.33 1.58 1.84 1.87 1.56 1.33 1.39 1.57 1.87 2.18 2.40 2.26 1.79 1.50 1.60 1.73 1.69 1.67 1.84 2.11 2.29 2.36 2.39 2.56 3.22 3.72 3.58 3.22 2.65 2.21 2.33 2.72 2.72 2.48 2.35 1.80 1.01 0.75 0.88 1.33 1.82 2.39 3.19 3.74
0.87 0.87 0.89 0.91 0.90 0.89 0.89 0.88 0.88 0.88 0.87 0.87 0.87 0.88 0.88 0.90 0.90 0.92 0.94 0.94 0.94 0.95 0.95 0.96 0.98 1.00 1.01 1.00 0.99 0.99 1.01 1.01 0.98 0.91 0.85 0.91 1.03 1.12 1.15 1.17 1.31 1.62 1.89 1.74 1.33 1.26 1.49 1.78 2.13 2.27 2.16 1.98 1.74 1.50 1.55 1.71 1.70 1.73 1.94 2.19 2.38 2.53 2.61 2.90 3.53 3.71 3.46 2.99 2.22 1.96 2.31 2.63 2.79 2.71 2.40 1.83 1.12 0.91 1.12 1.59 2.15 2.76 3.27 3.35
0.88 0.90 0.92 0.92 0.91 0.91 0.92 0.91 0.90 0.89 0.90 0.89 0.89 0.89 0.90 0.91 0.92 0.94 0.95 0.95 0.95 0.96 0.97 0.98 1.00 1.02 1.02 1.01 1.01 1.02 1.02 1.03 1.01 0.95 0.92 0.95 1.01 1.09 1.15 1.18 1.32 1.59 1.79 1.57 1.20 1.31 1.67 2.08 2.25 2.05 1.85 1.75 1.65 1.55 1.53 1.67 1.79 1.93 2.17 2.31 2.44 2.72 3.02 3.27 3.55 3.49 3.12 2.72 2.09 1.91 2.24 2.45 2.70 2.71 2.40 1.92 1.33 1.05 1.34 1.96 2.50 2.87 3.00 2.88
0.91 0.92 0.94 0.92 0.91 0.94 0.95 0.93 0.92 0.92 0.92 0.91 0.90 0.91 0.92 0.93 0.94 0.95 0.96 0.97 0.97 0.97 0.98 1.01 1.03 1.03 1.03 1.03 1.04 1.04 1.04 1.04 1.04 1.00 0.97 0.97 1.03 1.11 1.14 1.18 1.31 1.52 1.61 1.37 1.22 1.50 1.93 2.21 2.09 1.74 1.62 1.56 1.55 1.63 1.59 1.66 1.95 2.23 2.50 2.48 2.49 2.94 3.32 3.34 3.35 3.24 2.78 2.46 2.10 1.97 2.17 2.30 2.52 2.54 2.30 1.95 1.52 1.27 1.57 2.22 2.69 2.78 2.76 2.65
0.94 0.95 0.94 0.90 0.92 0.99 0.99 0.95 0.94 0.94 0.94 0.93 0.92 0.93 0.94 0.95 0.96 0.97 0.97 0.98 0.99 0.99 1.01 1.03 1.05 1.05 1.04 1.05 1.06 1.06 1.06 1.07 1.07 1.05 1.00 0.99 1.07 1.13 1.13 1.18 1.31 1.44 1.40 1.23 1.33 1.76 2.09 2.09 1.84 1.54 1.41 1.44 1.53 1.65 1.63 1.77 2.20 2.57 2.81 2.59 2.48 2.99 3.36 3.31 3.21 3.01 2.57 2.26 2.07 2.00 2.12 2.23 2.31 2.30 2.14 1.93 1.68 1.57 1.82 2.35 2.73 2.74 2.64 2.53
0.98 0.96 0.93 0.89 0.94 1.04 1.04 0.99 0.96 0.96 0.96 0.95 0.94 0.95 0.96 0.97 0.98 0.98 0.99 1.00 1.00 1.02 1.03 1.05 1.07 1.07 1.07 1.07 1.08 1.09 1.09 1.10 1.10 1.09 1.05 1.04 1.09 1.15 1.15 1.20 1.29 1.34 1.27 1.22 1.46 1.91 2.07 1.87 1.60 1.33 1.24 1.41 1.60 1.67 1.72 2.00 2.53 2.94 2.89 2.50 2.38 2.81 3.27 3.41 3.21 2.82 2.41 2.11 1.99 1.98 2.07 2.15 2.14 2.06 1.98 1.88 1.79 1.80 2.04 2.45 2.75 2.81 2.65 2.46
1.02 0.97 0.90 0.89 0.99 1.08 1.08 1.04 0.98 0.97 0.97 0.97 0.97 0.97 0.98 1.00 1.00 1.00 1.01 1.02 1.03 1.04 1.05 1.06 1.09 1.10 1.08 1.09 1.10 1.11 1.12 1.13 1.13 1.12 1.11 1.10 1.12 1.16 1.18 1.19 1.24 1.30 1.28 1.27 1.54 1.91 1.93 1.66 1.39 1.15 1.12 1.42 1.67 1.72 1.89 2.34 2.92 3.05 2.66 2.26 2.24 2.60 3.25 3.63 3.25 2.63 2.24 1.98 1.89 1.92 2.00 2.05 1.98 1.89 1.85 1.82 1.81 1.88 2.16 2.56 2.83 2.87 2.71 2.49
1.06 0.98 0.88 0.92 1.06 1.11 1.09 1.09 1.03 0.98 0.98 0.99 0.99 0.99 1.00 1.01 1.03 1.02 1.03 1.05 1.05 1.06 1.07 1.08 1.11 1.11 1.10 1.11 1.13 1.14 1.15 1.15 1.16 1.16 1.15 1.15 1.16 1.17 1.18 1.17 1.22 1.33 1.33 1.32 1.54 1.79 1.71 1.42 1.26 1.12 1.14 1.50 1.76 1.83 2.13 2.77 3.09 2.82 2.34 2.10 2.15 2.50 3.37 3.86 3.21 2.44 2.07 1.86 1.82 1.86 1.93 1.94 1.85 1.79 1.79 1.79 1.76 1.82 2.16 2.63 2.90 2.95 2.84 2.62
1.09 0.99 0.89 0.96 1.11 1.11 1.07 1.12 1.10 1.01 0.98 1.00 1.01 1.01 1.02 1.03 1.05 1.04 1.05 1.07 1.08 1.08 1.09 1.11 1.12 1.12 1.13 1.14 1.16 1.17 1.17 1.18 1.19 1.19 1.20 1.20 1.20 1.19 1.19 1.17 1.23 1.39 1.40 1.35 1.46 1.62 1.45 1.14 1.17 1.23 1.33 1.59 1.83 2.02 2.49 3.04 2.92 2.43 2.14 2.07 2.16 2.55 3.60 4.00 3.08 2.26 1.91 1.75 1.76 1.83 1.86 1.83 1.75 1.74 1.82 1.82 1.74 1.78 2.10 2.57 2.83 3.03 3.09 2.87
1.09 1.03 0.94 1.01 1.14 1.11 1.06 1.14 1.16 1.04 0.98 1.01 1.02 1.03 1.04 1.06 1.06 1.06 1.08 1.09 1.10 1.10 1.12 1.13 1.14 1.14 1.15 1.17 1.18 1.19 1.20 1.21 1.22 1.23 1.23 1.24 1.24 1.24 1.22 1.19 1.26 1.45 1.46 1.34 1.32 1.41 1.24 0.97 1.17 1.39 1.46 1.61 1.86 2.24 2.81 3.04 2.54 2.06 1.99 2.11 2.27 2.74 3.80 4.01 2.96 2.11 1.74 1.61 1.74 1.83 1.80 1.74 1.69 1.75 1.87 1.87 1.77 1.85 2.16 2.40 2.57 2.98 3.27 3.14
1.08 1.08 1.04 1.04 1.14 1.12 1.04 1.12 1.18 1.11 1.03 1.02 1.03 1.05 1.07 1.08 1.08 1.09 1.10 1.11 1.12 1.13 1.14 1.15 1.16 1.16 1.18 1.19 1.20 1.21 1.23 1.24 1.25 1.26 1.27 1.27 1.28 1.28 1.27 1.25 1.31 1.47 1.46 1.30 1.21 1.24 1.14 1.00 1.26 1.44 1.43 1.63 1.92 2.35 3.00 2.93 2.15 1.77 1.89 2.18 2.41 2.98 3.93 3.93 2.83 1.97 1.58 1.45 1.71 1.86 1.75 1.65 1.68 1.80 1.91 1.90 1.81 1.98 2.31 2.28 2.34 2.84 3.21 3.20
1.06 1.12 1.12 1.06 1.11 1.12 1.04 1.07 1.18 1.19 1.10 1.04 1.05 1.07 1.08 1.09 1.10 1.11 1.12 1.13 1.14 1.15 1.16 1.17 1.17 1.18 1.20 1.21 1.23 1.24 1.25 1.27 1.28 1.29 1.30 1.31 1.31 1.32 1.31 1.31 1.36 1.42 1.40 1.28 1.21 1.20 1.14 1.16 1.32 1.32 1.33 1.71 1.99 2.39 3.07 2.74 1.82 1.62 1.91 2.25 2.58 3.22 3.95 3.80 2.73 1.83 1.45 1.32 1.61 1.82 1.70 1.64 1.75 1.86 1.92 1.89 1.86 2.13 2.41 2.29 2.29 2.69 3.00 3.04
1.08 1.13 1.16 1.09 1.09 1.12 1.07 1.04 1.14 1.25 1.19 1.09 1.09 1.10 1.09 1.10 1.12 1.13 1.14 1.14 1.16 1.18 1.18 1.19 1.19 1.20 1.22 1.24 1.25 1.27 1.28 1.29 1.30 1.32 1.33 1.34 1.35 1.35 1.36 1.36 1.38 1.38 1.36 1.32 1.29 1.26 1.24 1.27 1.28 1.19 1.24 1.76 2.02 2.46 3.06 2.47 1.62 1.63 2.00 2.38 2.81 3.35 3.83 3.68 2.67 1.72 1.34 1.26 1.46 1.64 1.61 1.71 1.85 1.90 1.93 1.86 1.95 2.29 2.46 2.36 2.34 2.57 2.79 2.87
1.12 1.14 1.15 1.13 1.11 1.13 1.12 1.06 1.10 1.26 1.25 1.14 1.15 1.14 1.09 1.11 1.14 1.14 1.15 1.16 1.18 1.20 1.21 1.22 1.22 1.22 1.24 1.26 1.27 1.29 1.30 1.32 1.33 1.34 1.36 1.37 1.38 1.39 1.39 1.40 1.40 1.39 1.37 1.37 1.37 1.35 1.31 1.27 1.24 1.13 1.18 1.70 2.04 2.52 2.96 2.24 1.53 1.73 2.19 2.58 2.96 3.32 3.62 3.55 2.74 1.77 1.30 1.21 1.32 1.46 1.57 1.78 1.91 1.92 1.94 1.87 2.06 2.42 2.46 2.36 2.34 2.49 2.66 2.73
1.15 1.15 1.15 1.15 1.14 1.15 1.17 1.13 1.14 1.26 1.23 1.14 1.19 1.21 1.15 1.13 1.15 1.16 1.17 1.18 1.20 1.21 1.23 1.24 1.23 1.24 1.26 1.28 1.30 1.31 1.33 1.34 1.35 1.37 1.38 1.39 1.41 1.42 1.42 1.43 1.43 1.42 1.41 1.41 1.41 1.40 1.34 1.28 1.23 1.12 1.11 1.56 2.09 2.56 2.81 2.13 1.55 1.87 2.43 2.74 2.94 3.18 3.38 3.38 2.82 1.93 1.34 1.14 1.20 1.44 1.64 1.79 1.92 1.96 1.96 1.94 2.19 2.47 2.40 2.26 2.28 2.46 2.61 2.65
1.17 1.16 1.15 1.16 1.16 1.18 1.21 1.21 1.22 1.25 1.18 1.10 1.18 1.28 1.25 1.18 1.16 1.16 1.18 1.20 1.21 1.23 1.26 1.26 1.25 1.26 1.28 1.30 1.32 1.33 1.35 1.36 1.38 1.39 1.41 1.42 1.43 1.44 1.45 1.45 1.46 1.46 1.45 1.45 1.45 1.43 1.39 1.33 1.26 1.18 1.14 1.50 2.15 2.53 2.61 2.06 1.66 2.09 2.60 2.76 2.82 2.98 3.15 3.19 2.82 2.10 1.44 1.05 1.13 1.53 1.72 1.76 1.93 2.02 1.97 2.03 2.33 2.42 2.25 2.15 2.17 2.40 2.58 2.58
1.17 1.16 1.16 1.16 1.17 1.20 1.24 1.27 1.28 1.25 1.17 1.08 1.14 1.30 1.33 1.26 1.20 1.18 1.19 1.20 1.22 1.25 1.27 1.27 1.26 1.28 1.30 1.32 1.34 1.35 1.37 1.38 1.40 1.42 1.43 1.45 1.46 1.47 1.48 1.48 1.49 1.49 1.49 1.49 1.48 1.46 1.44 1.40 1.34 1.27 1.25 1.52 2.08 2.42 2.38 1.98 1.89 2.36 2.67 2.70 2.69 2.73 2.88 2.98 2.76 2.24 1.53 0.97 1.14 1.66 1.78 1.78 1.98 2.08 1.98 2.10 2.38 2.28 2.09 2.07 2.09 2.31 2.50 2.51
1.16 1.17 1.17 1.17 1.19 1.23 1.27 1.32 1.33 1.28 1.20 1.11 1.14 1.24 1.31 1.34 1.30 1.24 1.22 1.20 1.22 1.26 1.28 1.28 1.28 1.30 1.33 1.34 1.36 1.37 1.39 1.41 1.42 1.44 1.45 1.47 1.48 1.50 1.50 1.51 1.52 1.53 1.53 1.52 1.52 1.50 1.49 1.47 1.43 1.38 1.34 1.49 1.94 2.25 2.13 1.92 2.17 2.56 2.65 2.59 2.53 2.53 2.63 2.74 2.64 2.28 1.57 1.02 1.27 1.76 1.81 1.88 2.06 2.09 2.01 2.13 2.27 2.11 1.98 2.01 2.06 2.22 2.39 2.46
1.16 1.17 1.18 1.19 1.21 1.26 1.31 1.37 1.36 1.32 1.26 1.16 1.15 1.18 1.23 1.35 1.38 1.34 1.28 1.23 1.24 1.26 1.27 1.27 1.29 1.33 1.36 1.37 1.38 1.39 1.41 1.43 1.44 1.46 1.47 1.49 1.50 1.52 1.53 1.54 1.55 1.56 1.56 1.56 1.55 1.55 1.54 1.54 1.51 1.48 1.40 1.47 1.86 2.07 1.89 1.93 2.41 2.64 2.59 2.50 2.39 2.41 2.48 2.47 2.45 2.21 1.54 1.21 1.53 1.81 1.85 1.98 2.15 2.09 2.01 2.06 2.06 1.99 1.91 1.94 2.04 2.15 2.33 2.49
1.17 1.17 1.19 1.22 1.24 1.29 1.35 1.39 1.38 1.36 1.31 1.22 1.16 1.15 1.18 1.28 1.38 1.42 1.37 1.30 1.27 1.26 1.26 1.27 1.30 1.35 1.39 1.40 1.39 1.41 1.43 1.44 1.46 1.48 1.49 1.51 1.53 1.54 1.56 1.57 1.58 1.59 1.59 1.59 1.59 1.59 1.60 1.59 1.58 1.55 1.48 1.53 1.82 1.94 1.75 1.94 2.50 2.67 2.55 2.45 2.33 2.31 2.29 2.21 2.29 2.08 1.48 1.43 1.73 1.83 1.89 2.07 2.23 2.08 1.91 1.89 1.90 1.88 1.82 1.85 2.00 2.09 2.30 2.61
1.17 1.17 1.21 1.26 1.30 1.32 1.35 1.40 1.40 1.38 1.36 1.31 1.19 1.15 1.17 1.22 1.32 1.41 1.44 1.40 1.33 1.28 1.27 1.28 1.29 1.36 1.42 1.42 1.40 1.43 1.44 1.46 1.48 1.50 1.51 1.53 1.55 1.56 1.58 1.59 1.60 1.61 1.62 1.63 1.63 1.64 1.64 1.64 1.64 1.62 1.60 1.61 1.78 1.90 1.71 1.83 2.48 2.71 2.57 2.47 2.24 2.02 1.97 2.10 2.26 1.97 1.57 1.66 1.80 1.82 1.93 2.13 2.29 2.06 1.75 1.71 1.80 1.77 1.65 1.74 1.92 2.06 2.35 2.79
1.16 1.18 1.25 1.30 1.33 1.34 1.34 1.40 1.43 1.39 1.41 1.41 1.24 1.13 1.18 1.22 1.26 1.33 1.43 1.47 1.41 1.34 1.32 1.31 1.29 1.36 1.44 1.43 1.43 1.45 1.46 1.47 1.49 1.51 1.53 1.55 1.57 1.58 1.60 1.61 1.63 1.64 1.65 1.66 1.67 1.68 1.68 1.68 1.69 1.68 1.69 1.69 1.78 1.88 1.73 1.80 2.35 2.70 2.65 2.46 1.97 1.51 1.70 2.17 2.35 2.07 1.83 1.77 1.75 1.82 1.92 2.16 2.32 2.00 1.64 1.60 1.70 1.60 1.44 1.61 1.87 2.09 2.51 3.08
1.09 1.17 1.31 1.35 1.36 1.37 1.34 1.38 1.45 1.44 1.47 1.46 1.29 1.16 1.18 1.22 1.23 1.26 1.35 1.46 1.46 1.41 1.40 1.38 1.33 1.37 1.44 1.43 1.45 1.48 1.47 1.48 1.51 1.53 1.55 1.56 1.58 1.60 1.62 1.63 1.65 1.66 1.68 1.69 1.70 1.71 1.72 1.73 1.73 1.74 1.76 1.77 1.81 1.86 1.81 1.89 2.24 2.56 2.64 2.38 1.65 1.22 1.69 2.27 2.41 2.23 1.98 1.74 1.71 1.83 1.91 2.15 2.29 1.94 1.63 1.55 1.54 1.41 1.26 1.46 1.88 2.32 2.98 3.89
0.94 1.14 1.35 1.39 1.45 1.44 1.33 1.33 1.46 1.54 1.54 1.44 1.33 1.25 1.18 1.19 1.24 1.25 1.30 1.41 1.44 1.42 1.47 1.47 1.41 1.40 1.43 1.45 1.47 1.49 1.49 1.49 1.52 1.54 1.56 1.58 1.60 1.62 1.64 1.65 1.67 1.69 1.70 1.71 1.73 1.74 1.75 1.76 1.78 1.79 1.81 1.83 1.85 1.87 1.90 1.98 2.15 2.33 2.45 2.27 1.57 1.31 1.80 2.26 2.40 2.28 2.01 1.76 1.74 1.87 1.91 2.12 2.24 1.92 1.60 1.48 1.38 1.19 1.11 1.44 2.06 2.83 3.84 4.54
0.84 1.10 1.34 1.41 1.56 1.54 1.28 1.23 1.48 1.64 1.58 1.41 1.35 1.30 1.20 1.18 1.25 1.29 1.30 1.35 1.37 1.39 1.48 1.52 1.48 1.44 1.47 1.51 1.51 1.51 1.50 1.51 1.53 1.55 1.57 1.59 1.61 1.63 1.65 1.67 1.69 1.71 1.72 1.74 1.76 1.77 1.79 1.80 1.82 1.83 1.85 1.87 1.89 1.91 1.96 2.01 2.09 2.14 2.23 2.17 1.71 1.60 1.93 2.22 2.32 2.18 1.98 1.86 1.85 1.90 1.89 2.07 2.22 1.89 1.51 1.41 1.28 1.03 1.06 1.65 2.39 3.30 4.28 4.39
0.94 1.11 1.31 1.43 1.61 1.60 1.26 1.15 1.52 1.74 1.60 1.41 1.36 1.30 1.23 1.21 1.26 1.33 1.32 1.29 1.32 1.37 1.45 1.51 1.46 1.43 1.58 1.66 1.59 1.55 1.52 1.51 1.53 1.56 1.58 1.60 1.63 1.64 1.66 1.68 1.70 1.72 1.74 1.76 1.78 1.80 1.81 1.83 1.85 1.87 1.88 1.90 1.93 1.95 1.99 2.02 2.06 2.08 2.12 2.08 1.89 1.83 2.01 2.19 2.18 2.01 1.95 1.98 1.94 1.88 1.82 2.06 2.25 1.82 1.43 1.38 1.23 1.05 1.18 1.86 2.64 3.41 3.98 4.27
1.13 1.20 1.33 1.44 1.58 1.58 1.29 1.17 1.55 1.82 1.60 1.37 1.35 1.31 1.27 1.25 1.28 1.35 1.35 1.29 1.31 1.36 1.43 1.48 1.33 1.31 1.68 1.83 1.70 1.61 1.57 1.54 1.53 1.55 1.58 1.61 1.63 1.65 1.67 1.70 1.72 1.74 1.76 1.78 1.80 1.82 1.84 1.86 1.88 1.89 1.91 1.93 1.96 1.98 2.01 2.03 2.06 2.07 2.07 2.05 2.00 1.99 2.05 2.10 2.05 1.95 1.99 2.02 1.93 1.78 1.75 2.17 2.27 1.69 1.35 1.33 1.28 1.20 1.36 1.89 2.56 3.15 3.47 4.60
1.29 1.30 1.37 1.44 1.51 1.52 1.36 1.29 1.61 1.83 1.53 1.32 1.34 1.32 1.31 1.28 1.29 1.38 1.41 1.35 1.32 1.37 1.44 1.45 1.21 1.18 1.64 1.93 1.83 1.69 1.64 1.59 1.56 1.55 1.57 1.61 1.63 1.66 1.68 1.71 1.73 1.75 1.77 1.80 1.82 1.84 1.86 1.88 1.90 1.92 1.94 1.96 1.98 2.00 2.02 2.04 2.06 2.08 2.07 2.06 2.05 2.06 2.06 2.05 2.03 2.02 2.02 2.02 1.90 1.75 1.81 2.22 2.20 1.55 1.27 1.33 1.41 1.35 1.39 1.72 2.20 2.79 3.47 5.34
1.41 1.42 1.43 1.43 1.46 1.50 1.45 1.43 1.64 1.72 1.45 1.34 1.34 1.32 1.33 1.30 1.30 1.38 1.44 1.39 1.38 1.42 1.46 1.42 1.22 1.15 1.51 1.89 1.93 1.82 1.73 1.67 1.64 1.58 1.56 1.61 1.63 1.65 1.68 1.71 1.74 1.76 1.78 1.81 1.84 1.86 1.88 1.90 1.92 1.94 1.96 1.98 2.00 2.02 2.04 2.06 2.07 2.08 2.09 2.08 2.08 2.09 2.08 2.06 2.07 2.06 2.02 2.01 1.89 1.84 1.92 2.13 2.03 1.45 1.26 1.37 1.51 1.43 1.25 1.47 1.96 2.69 4.07 5.90
1.54 1.54 1.48 1.43 1.46 1.52 1.51 1.52 1.60 1.54 1.42 1.40 1.36 1.33 1.34 1.31 1.32 1.38 1.42 1.39 1.42 1.47 1.48 1.44 1.27 1.17 1.41 1.75 1.91 1.93 1.82 1.76 1.77 1.69 1.59 1.59 1.62 1.64 1.68 1.71 1.74 1.77 1.79 1.82 1.85 1.87 1.90 1.92 1.94 1.97 1.98 2.00 2.02 2.04 2.06 2.07 2.09 2.10 2.10 2.10 2.11 2.10 2.10 2.10 2.09 2.07 2.03 2.00 1.94 1.94 1.97 2.00 1.82 1.43 1.33 1.43 1.54 1.42 1.12 1.33 2.00 3.15 4.86 5.71
1.69 1.65 1.53 1.45 1.49 1.54 1.53 1.54 1.53 1.44 1.42 1.42 1.38 1.36 1.35 1.33 1.34 1.39 1.41 1.39 1.42 1.47 1.49 1.47 1.33 1.22 1.36 1.61 1.83 1.95 1.90 1.83 1.86 1.82 1.68 1.60 1.62 1.65 1.67 1.70 1.73 1.77 1.80 1.83 1.86 1.89 1.91 1.94 1.96 1.98 2.00 2.02 2.04 2.06 2.07 2.09 2.10 2.11 2.12 2.12 2.13 2.13 2.13 2.12 2.11 2.09 2.06 2.03 2.01 1.99 1.98 1.91 1.73 1.49 1.43 1.54 1.57 1.35 1.08 1.38 2.45 3.97 5.11 4.70
1.80 1.74 1.61 1.49 1.50 1.57 1.55 1.53 1.49 1.44 1.42 1.41 1.38 1.38 1.38 1.35 1.36 1.40 1.41 1.39 1.41 1.45 1.48 1.49 1.39 1.26 1.33 1.51 1.72 1.91 1.94 1.90 1.92 1.91 1.78 1.66 1.64 1.67 1.68 1.68 1.72 1.77 1.80 1.84 1.87 1.90 1.93 1.95 1.98 2.00 2.02 2.04 2.06 2.07 2.09 2.10 2.11 2.12 2.13 2.14 2.14 2.15 2.15 2.15 2.13 2.11 2.09 2.07 2.06 2.02 1.97 1.88 1.74 1.59 1.56 1.66 1.56 1.26 1.15 1.74 3.20 4.39 4.49 3.39
