windninja/windninja_output/Output_2025-10-23_1900-1950_Google earth_Fire_150m_10min/merlingen_7.5mi_point_10-23-2025_1910_150m_ang.asc
ncols	158
nrows	163
xllcorner	391686.332397
yllcorner	5160024.123721
cellsize	150.000000
NODATA_value	-32768.000000
[rows 0 to 41 of 163, columns 0 to 94 of 158]
40 38 35 31 29 29 27 24 24 23 22 21 19 21 25 29 32 30 28 26 19 12 12 15 16 17 15 12 11 12 12 12 12 10 9 10 11 9 7 5 3 3 3 1 359 359 357 354 351 352 353 353 352 353 353 352 350 348 345 344 344 344 342 340 339 338 337 336 334 334 334 333 331 328 326 326 326 322 319 319 319 317 312 310 308 305 301 297 294 291 287 284 283 279 274
39 38 35 31 30 30 29 27 27 26 23 19 17 20 25 28 29 25 23 22 16 9 10 14 18 18 15 12 12 13 14 13 13 11 9 10 11 9 7 5 3 3 3 1 360 359 358 355 352 351 352 352 352 353 353 352 350 348 346 345 344 343 342 341 339 339 338 336 334 334 334 334 332 329 327 327 326 323 321 321 321 318 313 311 309 307 306 302 297 294 291 289 287 284 281
36 36 32 30 31 30 29 29 28 24 19 14 14 18 23 27 25 21 20 19 15 8 6 12 19 20 17 14 15 16 16 15 13 12 10 10 10 8 7 5 4 3 2 0 359 358 358 357 355 353 351 352 353 353 353 352 350 348 347 347 345 344 343 342 341 340 338 336 333 334 335 335 332 330 329 329 328 325 322 324 325 320 316 314 311 311 314 311 305 302 300 298 297 297 296
29 31 31 29 29 27 25 24 22 18 15 12 13 17 21 25 24 22 21 21 18 12 7 9 16 18 18 16 15 16 16 16 14 12 10 9 9 9 8 5 3 2 1 359 359 358 357 358 359 356 354 355 355 355 353 351 349 348 347 347 346 345 343 342 342 340 338 335 333 334 336 334 331 329 328 328 327 324 322 324 327 322 318 318 313 313 318 318 314 312 310 307 307 307 307
22 26 29 28 28 25 21 20 19 18 16 13 12 16 21 25 26 25 25 25 22 17 9 5 11 15 16 16 15 14 15 16 14 12 10 10 10 9 7 4 2 1 360 359 359 359 359 359 359 358 358 358 356 355 354 352 350 348 347 346 346 345 344 343 342 340 339 335 332 334 335 333 330 329 328 327 324 321 321 324 326 322 317 318 314 312 318 320 319 318 317 315 316 317 317
21 24 27 27 26 24 21 21 20 20 18 14 11 15 22 26 29 30 29 28 26 21 12 4 6 10 13 15 15 14 14 15 14 13 12 11 9 7 5 4 2 1 360 0 1 1 1 0 360 0 1 0 358 356 355 353 350 348 347 346 346 346 345 343 342 341 339 335 333 336 336 332 329 330 331 328 324 321 322 324 323 319 316 316 314 311 315 317 316 317 318 318 320 323 321
25 25 26 26 25 24 23 23 22 20 18 14 11 15 24 27 30 31 29 28 27 25 16 5 3 8 12 14 14 14 14 14 14 14 13 11 8 6 6 5 4 3 3 3 3 3 3 2 1 2 2 1 359 358 356 353 350 348 347 346 346 346 346 345 343 341 339 335 334 337 338 334 331 332 332 330 327 325 326 327 321 319 318 316 313 310 311 313 313 314 313 312 314 317 317
26 26 25 25 26 26 27 27 25 21 17 13 10 15 24 28 28 30 29 27 27 26 21 10 3 5 10 12 12 14 14 14 15 15 14 12 9 9 9 9 8 7 7 6 5 4 4 3 2 3 3 1 360 360 357 353 350 348 346 345 345 347 348 347 345 343 339 336 335 337 337 334 333 334 333 330 326 325 330 328 318 317 320 319 316 314 313 314 314 313 310 308 307 308 312
26 27 27 26 27 29 30 30 26 21 17 12 9 13 23 28 28 28 29 28 28 27 24 17 7 3 6 11 12 14 15 15 15 16 15 14 13 13 14 13 13 12 10 9 7 5 4 4 2 3 2 0 360 360 356 352 350 348 346 345 345 345 346 347 346 343 339 336 336 337 335 331 331 332 332 329 325 326 331 325 316 315 320 322 321 320 320 320 320 321 320 317 315 315 317
26 27 29 28 27 28 29 28 25 21 17 13 9 11 21 28 28 28 28 28 28 27 25 20 13 5 4 10 13 13 15 15 15 17 18 18 17 17 18 18 16 14 12 10 8 7 5 4 3 3 2 1 0 358 354 351 349 347 346 346 345 342 342 343 341 339 337 336 337 338 334 329 329 330 331 328 324 326 330 325 319 318 320 321 319 319 320 320 323 327 327 324 321 322 319
27 28 29 28 27 27 27 26 24 21 19 15 11 11 20 27 29 29 27 26 27 27 25 22 16 11 7 10 13 13 16 18 17 19 21 21 21 21 20 19 17 15 13 12 11 9 6 6 6 4 2 1 359 355 351 350 348 346 345 345 342 338 338 337 332 331 331 332 337 337 332 329 329 331 331 329 324 324 327 324 322 321 322 321 317 317 317 314 317 324 323 318 318 320 316
28 28 29 29 28 27 26 26 24 22 20 18 14 12 18 26 29 29 28 27 27 27 27 24 20 17 13 14 16 17 20 22 21 22 24 25 24 23 21 19 18 18 16 15 14 13 10 11 12 10 4 1 357 352 348 346 346 344 342 340 332 326 326 323 320 319 321 325 333 333 329 329 330 332 335 333 331 328 327 325 324 323 323 323 321 321 318 312 314 322 318 310 310 316 312
29 29 29 29 28 27 27 26 25 24 22 20 17 15 19 27 29 29 29 28 28 29 29 28 26 24 21 20 21 22 23 24 24 24 25 27 26 23 22 21 20 19 18 18 18 18 19 21 23 18 11 5 359 350 341 337 338 340 341 331 314 307 306 304 304 305 306 313 324 327 326 327 328 332 334 334 333 330 329 329 326 324 323 322 321 323 319 312 315 324 317 306 306 311 307
30 30 30 29 28 28 28 27 27 25 24 22 19 18 23 31 33 30 30 30 30 31 33 33 32 29 25 23 23 24 26 26 26 26 26 27 26 24 24 23 23 24 26 28 29 30 29 28 28 25 20 14 7 358 340 326 324 332 341 334 321 316 312 308 304 299 296 301 312 319 322 324 325 328 330 328 326 324 325 326 324 322 320 317 316 318 315 309 310 317 311 301 298 300 296
31 30 30 29 29 29 28 28 27 26 25 24 20 18 23 31 34 31 30 33 34 34 36 36 34 31 27 25 26 26 28 29 28 27 25 26 27 28 29 30 35 40 45 47 46 43 37 27 23 24 22 15 10 3 355 346 340 341 345 340 332 328 326 326 323 313 309 306 306 312 318 320 320 323 325 323 319 316 315 315 316 317 315 311 310 310 307 302 300 301 297 288 283 283 283
32 31 31 30 30 30 29 29 29 27 26 25 21 17 20 29 33 31 30 33 35 35 35 35 34 31 27 27 28 28 28 27 26 26 28 32 37 40 42 46 51 51 47 43 38 33 30 23 19 20 17 12 6 0 359 359 357 352 348 340 334 332 331 335 333 326 322 317 314 315 316 313 313 317 320 320 317 313 312 311 312 312 308 303 302 299 294 289 286 285 284 280 277 277 278
32 32 31 31 30 30 30 30 29 29 27 26 24 19 20 29 33 33 31 31 33 33 33 33 33 32 29 27 28 27 27 29 30 34 41 47 50 51 50 48 45 38 32 32 29 25 24 23 17 10 9 8 3 360 360 2 2 358 350 341 336 333 334 338 335 328 325 322 321 322 318 311 306 311 317 318 318 316 313 311 310 307 301 295 290 284 278 273 275 283 286 285 282 280 281
33 32 32 31 31 31 30 30 30 29 29 28 26 24 23 30 36 36 34 33 34 34 34 34 35 34 32 29 29 30 32 35 38 42 45 46 44 42 39 36 34 31 30 30 29 25 22 19 13 7 4 3 2 2 2 2 1 357 351 343 338 336 337 339 334 328 325 324 324 323 321 319 313 312 315 316 319 316 309 304 300 297 293 285 278 274 272 273 281 290 294 289 285 284 283
33 33 32 32 32 31 31 31 30 30 30 29 29 27 27 32 37 39 38 38 38 37 36 37 38 38 36 34 34 36 39 40 40 40 40 41 40 38 36 35 34 33 32 31 29 26 21 13 10 9 6 2 2 3 2 359 357 355 350 344 339 338 340 338 333 328 324 324 325 322 322 326 322 317 316 314 311 304 294 286 285 285 284 284 283 281 283 285 287 292 297 294 288 287 286
34 34 33 33 32 32 32 32 32 31 31 31 30 30 31 34 38 40 40 40 39 37 37 37 38 37 37 37 37 38 39 39 39 41 43 44 43 40 35 34 32 30 30 29 27 23 18 13 11 12 9 4 1 359 357 356 355 354 350 344 340 339 338 335 330 326 323 324 324 323 326 329 327 323 322 319 309 296 286 284 286 288 292 296 296 291 290 289 288 291 300 303 293 288 288
35 35 33 33 33 33 33 33 33 32 32 33 32 32 33 35 37 38 38 38 38 37 36 36 37 37 38 38 37 37 36 36 38 40 40 39 38 34 30 29 29 29 30 29 25 21 19 17 13 11 10 6 1 356 353 353 353 352 350 347 344 339 335 332 329 325 324 324 324 326 330 331 327 322 323 327 324 313 303 298 298 299 300 302 302 296 291 288 287 292 301 307 296 289 289
36 35 34 34 34 33 33 34 34 33 33 34 34 33 34 35 36 36 37 37 37 36 36 36 37 38 38 38 38 37 36 35 35 36 34 32 33 32 29 29 31 31 31 28 26 24 22 18 13 11 9 6 2 357 353 351 349 349 350 349 347 340 334 332 328 325 326 325 325 328 332 331 325 319 321 329 331 324 315 308 305 304 301 303 306 301 295 291 291 294 303 312 302 292 292
36 36 35 34 34 34 34 34 34 34 33 34 34 34 35 35 35 36 37 37 37 36 36 37 37 37 38 38 38 38 35 32 32 34 34 35 36 36 34 34 33 31 30 30 29 25 19 16 14 11 9 6 4 359 354 350 348 346 348 349 347 339 333 331 328 327 328 327 328 331 333 330 323 318 321 329 333 327 319 313 309 308 304 304 308 306 303 299 296 297 304 315 306 294 293
37 36 35 35 35 34 34 35 35 35 34 34 35 35 35 35 35 36 37 37 37 36 36 36 36 37 39 40 41 40 37 32 34 38 39 41 42 41 39 36 32 30 31 31 27 21 18 17 16 12 10 7 4 359 355 351 348 346 347 348 345 337 329 326 327 329 330 329 331 333 331 326 319 317 323 331 333 325 319 314 311 310 307 306 308 308 308 302 296 296 303 314 304 293 292
38 37 36 36 36 35 35 36 36 36 35 35 35 36 36 36 36 37 37 37 37 37 37 36 36 37 39 42 45 44 40 37 38 41 42 43 43 43 41 36 32 31 30 27 23 21 20 21 18 14 11 8 3 358 356 353 350 348 348 346 342 333 326 324 325 327 328 329 330 327 323 319 316 319 326 334 330 321 317 315 312 311 311 309 308 308 308 301 295 295 302 314 302 293 292
39 38 37 37 36 36 35 36 37 37 36 36 36 37 37 37 37 37 38 38 37 38 37 36 36 36 38 42 46 46 43 42 41 40 40 41 41 43 41 37 33 29 26 24 24 24 24 23 20 16 12 8 2 358 354 352 352 353 351 345 336 328 326 327 330 331 331 334 332 323 316 315 316 320 330 337 326 317 317 318 315 314 315 313 309 309 311 306 298 296 305 318 306 296 293
39 38 38 37 37 36 36 37 38 37 37 37 37 37 38 38 38 38 38 38 38 38 37 36 35 34 35 40 45 46 45 46 45 43 41 39 39 42 41 35 31 28 24 25 26 25 24 23 20 15 12 10 4 357 351 351 357 359 354 344 331 324 324 329 335 337 340 342 337 324 315 315 317 322 334 341 326 315 317 319 316 314 315 314 310 310 314 310 300 298 308 319 310 299 295
39 39 38 38 37 37 37 38 38 38 38 38 39 39 38 39 39 39 39 39 38 37 36 35 34 31 32 39 42 43 45 47 48 46 45 41 39 41 41 35 29 27 24 23 23 20 20 21 20 15 12 10 5 357 352 354 1 0 351 341 330 323 322 328 334 338 345 346 335 321 314 315 319 325 336 341 326 313 315 319 316 314 314 311 307 307 310 307 298 296 305 316 312 301 296
39 39 39 39 38 38 38 39 39 39 39 39 40 40 39 40 40 40 40 39 38 37 36 35 33 29 29 34 38 38 41 45 46 45 44 38 36 38 39 32 26 23 21 20 18 17 17 19 20 15 8 7 5 360 357 358 359 356 347 337 330 327 329 333 336 339 346 343 328 318 315 317 323 329 337 337 323 309 309 315 317 317 313 308 302 298 299 299 294 293 298 309 312 305 300
40 40 40 39 39 39 39 40 40 40 40 40 40 40 40 41 41 40 40 40 39 39 38 36 32 28 27 31 34 34 37 41 43 42 36 27 25 30 32 27 21 19 18 18 16 15 16 15 14 11 8 6 5 4 2 1 358 352 343 332 327 330 336 340 338 338 343 337 321 315 314 319 325 331 337 334 323 309 302 306 314 317 312 304 297 294 296 297 295 291 292 299 306 306 301
42 41 40 40 40 40 40 40 40 40 40 41 41 42 42 42 41 41 41 41 40 39 38 35 32 29 28 32 34 34 38 42 42 39 31 21 20 26 28 23 18 18 17 18 18 15 14 11 9 10 9 7 7 8 8 7 1 350 338 329 326 331 338 341 336 334 336 329 313 309 310 314 318 326 334 333 327 315 304 303 311 318 314 305 301 301 301 299 295 290 286 287 293 298 297
43 42 40 40 42 41 40 40 41 41 41 42 43 43 43 43 43 43 42 42 41 39 38 36 33 31 30 32 34 38 43 45 42 40 33 21 20 25 26 23 21 21 21 22 21 17 14 11 11 13 13 11 11 12 13 11 5 351 336 327 327 337 345 342 331 329 332 326 310 305 308 311 313 322 331 333 330 320 307 304 310 319 315 307 304 302 299 294 289 284 280 278 280 286 291
43 42 40 41 43 42 41 41 42 42 42 43 43 44 44 44 44 44 43 42 42 41 39 37 35 32 30 29 29 32 38 40 41 43 39 24 20 26 27 26 27 27 25 25 24 21 18 17 18 19 17 14 13 13 15 11 3 354 341 329 329 341 351 345 331 326 329 325 313 306 311 316 318 325 332 334 332 323 311 304 308 316 312 307 303 299 294 289 285 281 278 276 275 281 289
43 43 41 43 45 43 42 42 43 44 44 44 45 45 45 45 45 44 44 43 43 42 39 37 36 33 31 28 25 28 34 39 40 43 42 27 18 27 30 29 31 29 27 28 28 26 25 24 25 23 20 16 13 13 14 7 358 352 346 338 334 342 351 346 332 326 327 323 314 310 317 321 322 328 333 334 332 325 315 307 306 310 307 306 307 304 297 293 290 285 280 279 280 284 292
43 42 42 44 45 44 42 43 45 45 45 46 46 46 46 46 46 45 45 44 44 43 40 39 38 35 32 29 26 30 38 43 42 43 41 30 18 26 31 31 32 33 33 35 35 33 32 31 29 26 23 20 16 13 10 3 353 347 345 341 339 344 349 345 334 327 324 321 314 313 319 323 323 328 331 330 328 323 315 308 306 308 306 304 308 309 301 297 296 290 285 286 287 290 295
43 43 43 45 45 44 43 44 46 46 46 47 48 48 48 47 47 47 47 46 45 44 42 42 40 38 35 31 30 35 43 44 42 41 40 33 25 28 34 35 38 39 40 41 39 37 35 31 28 26 23 20 16 11 5 359 353 347 342 338 337 342 346 341 334 328 324 320 316 314 318 320 320 323 325 326 324 317 308 303 303 304 301 297 301 308 304 300 301 298 294 292 290 289 292
45 45 45 46 46 45 45 46 47 48 48 48 49 49 49 49 49 48 48 47 46 45 45 43 42 40 36 33 34 40 43 41 41 42 42 38 32 33 38 43 45 45 43 41 38 35 32 28 27 25 21 16 13 8 2 358 355 351 345 338 335 339 341 337 333 327 321 318 317 316 315 310 308 315 321 324 324 318 308 304 302 298 293 288 290 303 310 305 303 304 300 295 290 288 292
46 46 47 48 47 47 47 48 49 50 50 50 50 50 50 50 50 49 49 48 47 47 46 45 43 40 37 33 34 39 39 38 42 46 46 42 38 40 45 47 46 45 42 38 35 33 30 26 26 24 18 12 9 6 1 357 356 354 350 343 339 339 339 336 332 324 315 314 316 319 316 308 309 317 323 324 325 326 315 308 308 303 295 288 289 300 314 312 304 304 302 296 291 291 295
47 47 48 48 48 49 49 50 51 51 51 51 51 51 52 51 51 50 50 49 49 48 47 46 44 42 37 32 33 39 40 41 45 46 46 43 41 45 48 46 43 41 38 34 32 30 26 22 20 18 14 9 7 6 2 356 355 355 353 348 345 345 343 341 336 323 310 307 313 320 318 316 318 323 329 322 323 332 322 311 314 312 302 295 291 297 313 318 309 304 303 297 292 292 293
49 50 50 50 50 50 51 52 53 53 53 52 52 53 53 53 52 52 51 51 50 49 48 47 46 43 39 35 38 45 47 46 46 46 46 43 40 42 44 43 42 39 35 31 28 27 23 19 16 15 12 6 3 2 0 356 354 354 353 351 350 353 353 348 340 325 309 306 311 317 318 319 321 328 330 319 323 338 331 316 318 317 307 297 291 293 306 317 313 306 303 297 292 290 288
51 52 52 52 52 52 53 54 55 54 54 54 54 54 54 53 53 53 52 52 51 50 49 48 47 45 42 42 44 49 52 50 48 48 47 43 40 40 41 40 39 36 32 28 24 23 21 16 12 12 11 3 357 355 357 357 355 353 352 351 354 359 0 351 341 328 313 309 314 316 318 317 317 327 325 317 326 344 338 321 320 320 311 301 294 294 304 315 314 308 304 295 288 285 286
51 52 52 53 53 54 55 56 56 55 55 55 55 55 55 54 54 54 53 53 52 51 50 50 49 47 46 46 46 49 52 50 48 47 44 41 42 42 39 36 33 30 27 25 20 16 15 13 11 10 8 1 355 352 354 357 357 355 353 354 358 2 358 350 342 330 318 316 319 320 321 318 316 325 321 317 330 349 343 326 319 317 309 303 300 302 308 314 312 308 303 292 282 279 286
