windninja/windninja_output/Output_2025-10-23_1900-1950_Google earth_Fire_150m_10min/merlingen_7.5mi_point_10-23-2025_1930_150m_ang.asc
ncols	158
nrows	163
xllcorner	391686.332397
yllcorner	5160024.123721
cellsize	150.000000
NODATA_value	-32768.000000
[rows 84 to 125 of 163, columns 0 to 93 of 158]
266 268 273 270 263 261 259 258 258 261 266 271 272 270 270 270 270 270 271 272 273 271 268 266 266 264 261 258 256 255 253 252 251 251 253 254 254 253 251 248 246 245 245 245 245 245 246 248 249 247 244 243 244 246 248 248 249 249 249 249 248 248 248 248 248 248 248 247 247 247 247 247 248 248 248 248 247 246 244 233 192 181 207 234 257 262 262 259 258 257 256 253 250 248
261 261 261 261 259 256 252 251 256 262 267 270 269 267 267 267 268 269 270 272 273 273 272 270 269 267 263 259 257 256 253 251 249 247 248 250 251 253 254 253 251 249 248 248 249 251 253 255 256 254 251 248 246 245 247 248 249 249 249 249 249 248 248 248 248 248 247 247 247 247 247 247 248 248 248 248 247 247 245 237 202 175 213 253 263 263 260 257 256 257 256 255 252 250
261 260 258 259 257 253 248 249 256 264 267 266 266 266 265 264 264 265 268 270 272 273 274 275 274 268 262 259 258 257 254 252 250 247 245 244 244 245 249 252 254 252 249 248 249 251 253 255 256 257 255 253 249 248 248 249 250 250 250 250 249 249 248 248 248 247 247 247 247 247 247 248 248 248 248 248 248 249 249 247 235 184 244 265 265 263 260 258 256 255 255 255 255 252
262 260 258 257 254 249 246 249 255 261 263 262 264 263 261 261 259 260 263 266 268 268 271 277 279 268 258 257 255 254 253 253 252 252 250 245 242 241 242 244 248 250 249 248 248 249 251 253 254 255 256 255 253 251 251 252 252 253 252 251 250 250 249 248 248 247 247 247 247 247 248 248 248 248 249 249 250 251 253 257 271 328 316 281 267 262 260 260 258 258 259 260 260 257
263 261 258 255 250 245 244 247 251 254 257 260 262 260 257 254 253 254 257 261 263 264 270 276 274 259 254 253 252 251 251 252 253 254 255 254 249 245 243 242 243 244 246 247 247 247 248 250 251 251 251 253 253 252 251 252 254 255 256 255 253 250 249 248 248 247 247 247 247 248 248 248 248 249 249 250 251 253 256 261 276 316 326 302 281 266 261 260 260 262 264 265 263 260
263 261 258 253 249 245 244 244 244 247 254 259 258 255 253 248 247 250 255 259 262 267 272 270 252 241 247 250 250 250 250 250 251 252 253 256 256 253 249 247 246 244 244 246 247 247 246 247 249 249 248 248 249 249 248 247 249 253 258 260 256 251 249 248 248 247 247 248 248 248 248 248 249 249 250 251 252 254 257 262 274 298 317 308 293 282 272 266 265 267 268 266 261 258
261 258 252 250 250 249 245 242 238 241 250 254 251 249 247 244 244 246 252 261 269 273 268 250 229 228 241 247 248 249 250 250 250 250 250 252 254 255 252 249 248 247 247 247 248 248 247 247 248 248 249 248 247 246 244 243 244 248 254 259 256 251 248 248 247 248 248 248 248 248 248 248 249 250 250 252 253 255 258 263 271 286 302 304 298 292 285 277 274 274 270 262 260 260
256 251 243 240 242 243 240 235 232 238 245 245 239 238 237 236 239 241 247 261 273 272 251 232 220 224 238 245 248 249 250 250 251 251 251 251 251 252 252 248 246 245 247 248 250 250 249 249 249 249 251 251 250 248 242 240 241 244 247 248 247 247 247 247 247 248 248 248 248 248 248 249 249 250 251 252 253 255 258 262 269 278 291 297 296 294 289 283 280 276 268 262 265 266
251 244 234 231 231 229 224 217 216 227 236 236 231 231 233 235 236 237 244 254 259 245 232 226 220 226 239 245 248 249 250 251 252 252 252 251 250 250 251 250 246 243 244 247 250 251 251 251 252 253 255 256 255 252 245 241 244 245 245 242 240 242 245 247 247 248 248 248 248 248 249 249 250 250 251 252 254 255 258 261 266 273 283 292 293 291 289 285 280 273 265 267 271 271
248 242 232 229 229 226 219 209 206 217 225 223 215 214 216 222 226 229 243 248 239 217 218 222 222 230 240 245 247 249 251 253 255 255 253 252 250 249 249 250 247 243 243 245 248 250 252 252 252 253 256 260 259 254 252 254 255 253 250 246 242 241 244 247 248 248 248 249 249 249 249 250 250 251 251 252 254 256 258 260 264 269 275 283 288 288 286 283 277 269 265 268 271 271
243 239 232 232 234 232 225 213 204 216 224 219 212 209 209 218 225 231 242 241 227 214 214 220 225 235 242 245 247 248 251 254 258 258 255 252 251 251 250 249 246 241 240 241 241 244 247 249 250 250 253 256 255 251 253 259 262 259 255 250 247 244 245 247 248 249 249 249 249 249 250 250 250 251 252 253 254 255 257 259 262 266 270 275 279 282 282 279 273 268 267 267 268 268
236 234 232 235 239 236 230 220 213 225 233 230 225 225 227 237 239 246 246 236 224 223 223 229 235 241 244 246 246 246 249 253 255 255 254 253 252 252 251 250 247 242 240 238 236 236 238 241 244 246 248 248 243 245 250 255 259 259 256 253 250 247 247 248 249 249 249 249 250 250 250 250 251 251 252 253 254 255 257 258 261 263 266 269 271 274 275 273 270 268 266 266 265 265
224 230 234 235 236 233 229 227 232 248 256 249 243 242 249 255 255 258 250 228 226 232 237 244 248 249 248 247 246 246 249 251 252 252 253 254 255 254 253 251 249 247 244 241 237 234 234 236 239 243 244 242 239 241 247 252 256 257 257 255 252 249 249 250 251 251 250 250 250 251 251 251 251 252 252 253 254 255 256 258 259 261 263 265 266 267 268 267 267 265 264 263 263 262
206 226 235 236 236 234 232 231 235 247 256 256 255 252 257 260 263 261 247 228 228 237 246 256 259 254 249 248 249 252 255 254 253 252 253 256 257 257 256 253 252 250 248 247 245 241 240 242 244 246 244 242 241 241 245 249 253 256 257 257 255 253 253 253 252 252 251 251 251 251 251 251 251 252 253 253 254 255 256 257 258 259 261 262 263 264 264 264 263 262 262 261 260 260
192 226 242 244 246 243 239 237 238 242 250 259 266 268 268 268 266 259 244 233 231 238 248 255 252 242 244 248 252 256 259 258 257 255 254 256 259 261 261 258 255 252 250 250 250 250 251 251 250 248 246 244 243 242 244 247 249 252 254 254 255 256 257 257 256 254 253 253 252 252 252 252 252 252 253 254 254 255 256 256 257 258 259 260 261 261 261 261 261 260 260 259 259 258
191 236 253 255 258 256 255 252 250 249 252 257 263 270 272 268 263 254 244 236 234 240 248 247 236 232 241 249 254 257 259 260 260 259 257 257 259 261 263 263 259 255 252 250 249 250 251 250 248 246 244 243 242 241 243 245 246 248 250 251 250 252 255 258 259 259 257 255 253 253 252 253 253 253 254 254 255 255 256 256 257 257 258 258 259 259 259 259 259 258 258 258 257 257
209 236 252 257 258 259 260 260 257 254 254 255 257 264 267 263 259 256 246 238 243 251 251 242 232 235 244 250 254 257 259 262 264 265 264 263 261 260 262 265 264 259 255 251 249 248 248 247 246 243 243 242 240 240 240 242 243 245 247 247 247 247 249 253 257 259 260 258 255 254 254 253 254 254 255 255 255 256 256 256 257 257 257 258 258 258 258 257 257 257 256 256 256 255
224 237 251 254 255 257 258 259 257 256 255 254 252 251 252 252 251 250 244 245 256 259 250 239 238 243 248 252 255 257 260 264 267 271 273 272 269 265 264 265 265 263 259 255 252 249 248 247 245 243 241 240 240 240 241 240 239 241 243 244 245 246 246 248 252 255 257 258 257 256 256 256 256 256 256 256 256 256 256 257 257 257 257 257 257 257 257 256 256 256 255 255 254 254
233 241 250 252 253 255 256 256 256 255 254 253 248 242 239 241 243 241 238 246 254 250 242 241 243 247 252 255 257 259 262 265 268 272 276 279 278 274 270 268 268 267 264 260 255 249 245 243 242 241 240 240 239 239 240 240 239 239 240 240 241 243 245 246 248 251 252 254 255 256 258 260 259 258 257 257 258 258 258 258 257 257 257 257 257 256 256 256 255 255 254 254 253 253
237 241 247 250 251 253 254 255 255 255 255 253 250 247 246 246 245 243 243 249 248 239 240 244 245 247 251 256 259 261 264 265 267 270 274 279 284 283 278 274 273 273 270 266 261 253 247 243 240 239 239 240 239 238 237 237 238 238 238 238 238 239 241 243 246 247 248 248 249 251 256 261 263 262 261 260 260 260 260 259 259 258 258 257 257 256 255 255 255 254 254 253 253 252
239 241 245 248 251 253 255 255 255 257 258 259 259 262 266 265 259 254 255 254 245 239 241 244 243 244 248 253 257 261 265 265 266 269 272 276 283 286 284 280 278 278 276 273 268 261 253 246 241 239 239 239 239 239 238 237 236 236 238 239 239 238 239 242 243 244 243 243 242 245 250 255 261 265 266 266 266 265 263 262 261 260 259 258 257 256 255 255 254 254 253 252 252 252
241 241 243 246 250 253 255 255 255 257 261 264 267 271 273 273 269 263 259 254 247 243 243 241 240 241 245 249 252 258 263 266 267 267 268 273 279 285 287 284 282 281 279 278 275 267 256 247 241 237 237 236 236 237 238 238 237 236 237 238 239 238 240 242 243 243 242 239 238 241 245 246 250 257 262 266 268 269 268 267 266 264 261 259 258 257 256 255 254 254 253 252 251 251
241 241 241 243 246 249 251 252 252 255 257 260 263 266 269 270 267 262 257 250 246 247 245 239 237 240 242 244 249 255 260 265 265 262 263 270 278 284 286 286 284 281 280 280 278 273 260 249 242 238 237 235 234 234 235 236 237 237 237 237 238 238 239 240 241 241 241 239 236 238 242 243 244 246 250 256 262 265 266 268 271 270 265 261 259 257 256 255 254 253 253 252 252 251
239 239 238 241 244 245 247 247 246 246 248 249 249 252 257 261 262 259 254 247 245 248 247 238 234 236 237 238 243 252 258 261 259 254 260 271 278 280 281 284 285 282 279 278 277 275 264 250 243 240 239 237 235 234 233 233 234 236 237 237 237 238 238 239 239 239 239 238 236 236 238 241 243 244 246 250 254 256 258 261 267 272 270 265 261 258 257 256 255 254 253 252 252 251
238 236 236 238 240 239 238 237 237 239 242 244 245 246 250 253 255 253 248 245 246 249 248 239 232 233 235 232 238 248 255 256 251 246 259 271 274 272 272 278 283 281 278 277 274 271 266 249 239 237 237 238 237 236 234 233 232 233 234 234 234 237 238 238 239 238 238 237 235 234 235 239 243 244 245 246 249 252 255 257 260 265 271 270 265 260 258 256 255 254 253 253 252 252
237 235 235 236 235 235 235 235 237 241 244 244 243 243 247 250 250 243 237 240 247 252 250 242 232 230 231 230 236 247 250 248 245 243 258 268 267 264 267 269 270 275 280 280 274 268 264 248 236 233 233 233 234 234 234 233 232 233 233 231 231 234 236 236 237 239 239 237 235 233 234 238 241 243 244 245 246 249 252 256 257 259 265 270 269 264 260 258 256 255 255 254 253 253
235 234 235 237 239 240 241 243 243 243 244 244 242 242 246 250 248 233 227 235 245 253 252 243 234 230 229 228 234 244 247 244 240 242 255 263 261 261 263 257 250 257 272 281 279 270 260 238 225 229 230 230 230 232 233 232 232 233 234 232 231 233 234 233 234 238 239 239 236 232 232 236 240 241 243 245 246 247 249 252 256 258 260 264 268 267 263 260 258 257 256 256 255 255
233 235 238 241 243 244 245 245 245 243 243 245 245 243 245 249 244 222 219 230 240 250 254 243 235 232 229 224 228 236 242 243 238 239 250 256 257 257 254 243 237 243 252 263 273 273 260 229 206 219 225 227 228 231 232 230 230 233 234 233 231 233 233 231 231 233 236 237 236 233 232 236 240 240 241 243 245 245 247 250 254 257 258 259 262 264 264 263 261 260 259 259 259 257
237 239 241 242 243 242 242 241 241 240 238 241 244 242 244 248 242 214 212 222 231 241 249 241 232 236 236 231 228 230 235 239 238 241 250 254 252 251 244 237 236 239 244 249 254 256 249 227 180 197 213 219 224 229 231 229 228 231 233 232 230 231 232 231 230 230 232 232 233 234 235 238 240 240 240 242 243 242 243 246 250 255 256 256 256 257 258 260 261 262 263 263 261 258
240 240 241 242 243 243 241 239 237 234 232 237 241 239 241 246 240 207 200 211 221 232 240 239 232 239 242 242 236 229 230 234 238 247 256 258 252 246 238 234 232 234 241 247 245 230 222 210 174 162 188 205 216 225 229 229 227 228 231 231 229 228 229 231 230 229 229 229 229 229 231 235 238 237 238 240 242 241 241 242 245 251 253 254 254 252 251 253 254 257 262 264 261 256
237 237 239 240 240 240 240 238 235 232 233 237 237 233 236 244 239 199 185 202 213 225 232 235 233 234 235 236 238 234 228 231 238 248 258 260 252 244 235 227 222 225 233 239 233 213 201 197 188 168 161 180 203 219 226 227 226 227 229 230 228 225 227 230 229 227 227 227 227 227 227 231 236 236 236 238 240 242 241 240 243 246 246 246 247 244 244 246 247 253 258 259 255 252
233 234 235 236 236 235 235 235 234 234 237 238 233 227 232 242 240 200 177 195 210 218 222 225 229 230 227 226 230 230 222 225 234 245 253 252 245 237 231 221 215 218 225 229 226 211 199 196 194 181 162 159 181 208 222 226 226 226 228 229 228 225 226 229 228 225 225 227 227 227 226 229 233 237 238 238 238 240 241 240 242 244 242 240 239 235 236 240 245 252 255 251 247 245
229 231 233 234 234 234 232 230 232 236 241 239 227 221 230 242 242 206 176 188 205 210 211 216 222 225 224 222 230 226 211 215 226 237 246 245 235 225 220 215 211 215 221 224 224 214 203 196 194 187 172 159 164 192 216 225 227 226 227 229 227 224 226 228 228 224 224 226 226 226 225 225 229 233 238 240 239 239 240 241 244 246 243 237 235 232 231 237 244 250 250 245 240 238
227 230 233 234 235 234 230 226 228 233 240 237 223 216 229 241 243 212 173 175 192 200 203 208 214 218 217 218 225 224 212 212 218 228 232 228 218 210 209 209 207 212 217 220 222 215 201 192 189 188 180 167 162 177 205 221 226 226 226 228 227 224 224 227 227 223 223 224 225 224 223 223 224 227 232 237 239 238 238 239 243 247 243 235 232 231 231 235 242 245 243 239 235 236
228 230 233 235 235 233 228 226 229 232 236 235 220 215 227 238 242 225 172 159 173 193 201 205 209 211 208 208 215 218 215 210 211 220 224 219 211 201 201 203 205 209 213 217 220 213 200 193 190 189 186 175 166 170 192 216 224 225 225 227 227 224 224 225 224 221 220 222 223 224 223 221 221 223 227 231 233 235 236 237 240 243 241 234 232 232 232 235 239 239 237 233 231 235
229 229 231 235 236 232 229 230 235 235 235 236 223 216 226 235 241 237 191 147 145 182 202 209 211 210 205 205 210 212 210 205 207 220 226 224 217 205 202 204 205 207 210 212 211 209 203 196 192 192 190 181 170 168 183 210 223 225 225 226 227 224 224 225 223 221 220 220 222 224 223 221 220 221 224 227 228 231 234 237 240 242 239 234 233 234 233 234 236 235 233 229 227 233
227 227 229 234 237 235 235 238 241 238 235 238 228 214 221 231 240 241 222 166 123 139 202 217 220 218 216 215 215 213 213 212 217 228 232 231 224 216 212 212 211 209 209 210 210 209 205 198 194 194 192 186 175 169 178 203 221 225 225 226 227 225 226 229 231 233 231 226 224 225 224 222 220 220 221 223 225 228 232 237 240 241 239 235 235 235 233 233 233 233 231 227 224 229
224 224 224 225 227 228 232 238 243 240 235 241 235 211 213 225 237 241 234 213 151 69 7 261 244 232 224 222 226 227 228 230 232 234 236 233 230 228 223 220 219 217 217 218 217 215 211 206 200 197 195 190 180 173 177 197 217 224 225 227 228 228 231 236 239 246 251 248 237 230 226 223 223 222 220 220 221 224 228 232 235 238 237 234 234 233 231 230 231 232 230 224 221 226
217 218 217 216 216 217 220 227 235 237 235 244 241 211 208 221 234 239 238 232 228 350 3 339 300 269 245 237 238 237 234 236 237 236 239 237 234 233 226 221 223 225 227 226 225 224 222 215 207 203 200 193 183 176 178 192 213 222 224 228 231 233 236 237 236 239 245 251 253 243 233 228 226 224 220 218 218 220 223 225 229 233 234 231 230 229 226 225 227 229 226 220 220 228
214 217 218 214 213 215 217 221 228 230 233 246 248 218 211 225 233 237 238 240 242 251 307 341 333 318 296 270 254 240 231 237 240 239 241 239 234 233 229 220 220 226 229 228 226 225 224 216 208 205 202 197 187 179 180 191 214 228 232 233 233 234 235 233 231 233 235 238 245 251 245 238 232 227 223 219 216 217 219 220 223 226 228 227 226 226 223 222 226 228 224 217 219 231
215 218 219 214 214 218 218 220 225 225 228 243 249 230 223 234 236 234 233 238 246 250 250 268 299 323 332 290 244 226 223 236 241 240 242 241 235 235 232 223 218 222 227 230 228 224 221 213 205 202 202 199 190 182 183 194 213 230 237 236 231 230 229 227 228 231 232 233 236 241 250 253 249 241 232 224 218 217 218 217 218 223 226 225 225 225 220 220 226 228 223 216 218 230
210 214 216 211 210 215 218 219 222 221 225 237 244 238 238 245 240 231 226 228 235 244 244 232 223 211 187 188 200 205 215 234 241 241 242 243 237 236 234 227 220 220 224 231 231 227 221 212 203 202 203 202 194 186 185 193 207 220 226 225 222 224 223 222 225 229 231 232 232 233 239 252 260 261 253 240 230 224 222 220 219 224 226 225 224 223 218 218 224 226 221 214 218 230
