windninja/windninja_output/Output_2025-10-23_1900-1950_Google earth_Fire_150m_10min/merlingen_7.5mi_point_10-23-2025_1920_150m_vel.asc
ncols	158
nrows	163
xllcorner	391686.332397
yllcorner	5160024.123721
cellsize	150.000000
NODATA_value	-32768.000000
[rows 74 to 110 of 163, columns 0 to 83 of 158]
1.94 1.87 1.71 1.61 1.71 1.81 1.82 1.86 1.82 1.70 1.65 1.63 1.55 1.52 1.51 1.46 1.44 1.51 1.54 1.49 1.49 1.51 1.47 1.42 1.28 1.20 1.32 1.46 1.53 1.53 1.41 1.31 1.28 1.22 1.12 1.03 0.99 0.96 0.93 0.89 0.84 0.78 0.73 0.67 0.62 0.55 0.48 0.41 0.33 0.25 0.16 0.06 0.03 0.12 0.21 0.28 0.35 0.42 0.48 0.54 0.60 0.65 0.70 0.76 0.80 0.82 0.85 0.89 0.93 0.98 1.02 0.98 0.88 0.81 0.83 0.93 0.96 0.83 0.73 0.90 1.53 2.55 3.27 2.82
2.03 1.93 1.74 1.60 1.64 1.75 1.77 1.75 1.69 1.60 1.58 1.56 1.50 1.50 1.48 1.42 1.41 1.48 1.50 1.43 1.41 1.42 1.39 1.37 1.27 1.17 1.23 1.33 1.41 1.46 1.39 1.29 1.26 1.18 1.04 0.95 0.92 0.91 0.88 0.82 0.77 0.72 0.67 0.61 0.55 0.49 0.43 0.35 0.27 0.18 0.09 0.01 0.10 0.18 0.26 0.33 0.40 0.46 0.52 0.58 0.64 0.69 0.75 0.79 0.83 0.86 0.90 0.94 0.99 1.02 1.02 0.99 0.96 0.95 0.99 1.07 1.02 0.87 0.86 1.21 2.11 2.84 2.76 1.76
1.99 1.96 1.82 1.62 1.61 1.73 1.70 1.63 1.60 1.54 1.52 1.50 1.46 1.47 1.46 1.39 1.36 1.43 1.43 1.36 1.34 1.35 1.34 1.34 1.25 1.11 1.15 1.27 1.32 1.35 1.33 1.26 1.19 1.11 1.00 0.92 0.89 0.87 0.82 0.75 0.70 0.66 0.61 0.56 0.50 0.44 0.37 0.29 0.21 0.12 0.04 0.07 0.16 0.24 0.31 0.38 0.45 0.51 0.57 0.63 0.68 0.74 0.78 0.83 0.87 0.91 0.95 1.00 1.03 1.04 1.05 1.04 1.05 1.07 1.09 1.11 1.04 0.94 1.05 1.61 2.33 2.40 1.84 1.02
1.90 1.90 1.85 1.72 1.69 1.70 1.61 1.55 1.55 1.51 1.49 1.44 1.40 1.42 1.42 1.34 1.31 1.37 1.36 1.28 1.28 1.29 1.29 1.28 1.15 1.03 1.14 1.25 1.24 1.21 1.22 1.20 1.14 1.08 1.01 0.92 0.87 0.82 0.75 0.69 0.64 0.60 0.55 0.50 0.44 0.38 0.31 0.23 0.15 0.07 0.06 0.14 0.22 0.29 0.36 0.43 0.49 0.55 0.61 0.67 0.72 0.78 0.82 0.87 0.91 0.96 1.00 1.04 1.06 1.09 1.11 1.11 1.12 1.12 1.12 1.13 1.08 1.02 1.18 1.73 2.06 1.59 0.99 0.77
1.77 1.61 1.71 2.01 1.95 1.72 1.57 1.55 1.60 1.55 1.45 1.36 1.34 1.37 1.35 1.29 1.28 1.31 1.26 1.21 1.22 1.24 1.25 1.19 1.02 0.99 1.16 1.22 1.17 1.09 1.08 1.13 1.12 1.06 1.00 0.91 0.83 0.75 0.69 0.63 0.58 0.54 0.49 0.44 0.38 0.32 0.25 0.17 0.10 0.06 0.12 0.20 0.28 0.35 0.41 0.48 0.54 0.60 0.66 0.71 0.76 0.82 0.86 0.91 0.96 1.00 1.04 1.08 1.11 1.14 1.16 1.16 1.15 1.16 1.17 1.17 1.12 1.10 1.24 1.60 1.60 0.90 0.53 0.58
1.42 1.23 1.50 2.40 2.64 2.19 1.73 1.60 1.66 1.55 1.34 1.26 1.28 1.29 1.27 1.25 1.25 1.23 1.16 1.13 1.17 1.19 1.20 1.10 0.93 0.96 1.14 1.19 1.11 1.01 0.98 1.06 1.08 1.03 0.96 0.88 0.77 0.68 0.64 0.59 0.53 0.47 0.44 0.39 0.34 0.27 0.20 0.13 0.08 0.11 0.18 0.26 0.33 0.40 0.46 0.52 0.58 0.64 0.70 0.75 0.81 0.86 0.91 0.95 1.00 1.05 1.09 1.13 1.16 1.19 1.21 1.20 1.20 1.21 1.22 1.21 1.18 1.17 1.28 1.39 1.10 0.54 0.37 0.49
0.91 0.92 1.44 2.27 3.03 3.02 2.09 1.66 1.64 1.42 1.18 1.14 1.18 1.20 1.20 1.20 1.18 1.13 1.07 1.07 1.11 1.14 1.12 1.03 0.89 0.94 1.10 1.14 1.06 0.95 0.94 0.99 1.00 0.96 0.92 0.84 0.71 0.62 0.61 0.55 0.47 0.42 0.40 0.35 0.28 0.22 0.15 0.10 0.11 0.17 0.25 0.32 0.38 0.45 0.51 0.57 0.63 0.68 0.74 0.79 0.85 0.90 0.95 1.00 1.05 1.09 1.13 1.17 1.21 1.24 1.25 1.24 1.24 1.27 1.27 1.26 1.24 1.23 1.27 1.19 0.83 0.57 0.58 0.60
0.44 0.82 1.58 2.38 3.28 2.98 1.78 1.38 1.38 1.18 1.01 0.99 1.06 1.10 1.12 1.13 1.08 1.03 1.00 1.02 1.06 1.07 1.05 0.98 0.86 0.90 1.05 1.07 0.99 0.93 0.92 0.93 0.92 0.89 0.85 0.78 0.66 0.59 0.55 0.50 0.43 0.38 0.34 0.29 0.23 0.18 0.14 0.13 0.17 0.25 0.31 0.37 0.44 0.50 0.56 0.61 0.67 0.73 0.78 0.83 0.89 0.94 0.99 1.04 1.09 1.13 1.18 1.22 1.26 1.28 1.29 1.30 1.30 1.32 1.33 1.33 1.31 1.29 1.27 1.16 0.96 0.83 0.76 0.69
0.66 1.09 1.95 2.98 3.19 2.10 1.14 0.91 0.89 0.84 0.78 0.82 0.93 0.99 1.03 1.02 0.97 0.95 0.96 0.97 0.98 0.99 1.00 0.93 0.82 0.87 0.99 0.99 0.94 0.91 0.88 0.86 0.84 0.80 0.75 0.71 0.63 0.55 0.51 0.46 0.38 0.32 0.29 0.25 0.21 0.17 0.14 0.17 0.24 0.32 0.38 0.43 0.49 0.54 0.59 0.65 0.71 0.77 0.82 0.88 0.93 0.98 1.03 1.08 1.13 1.18 1.22 1.27 1.30 1.32 1.34 1.35 1.36 1.38 1.39 1.39 1.39 1.35 1.31 1.22 1.10 0.95 0.82 0.88
2.16 2.02 2.35 2.71 2.30 1.49 0.97 0.68 0.55 0.51 0.54 0.66 0.80 0.87 0.92 0.91 0.89 0.89 0.91 0.91 0.92 0.94 0.94 0.88 0.80 0.86 0.94 0.93 0.88 0.86 0.82 0.78 0.75 0.70 0.66 0.64 0.59 0.53 0.48 0.41 0.34 0.29 0.27 0.24 0.19 0.15 0.14 0.20 0.30 0.39 0.44 0.49 0.54 0.58 0.63 0.69 0.75 0.81 0.86 0.91 0.97 1.02 1.07 1.12 1.17 1.22 1.26 1.31 1.34 1.37 1.39 1.41 1.42 1.44 1.45 1.47 1.46 1.42 1.37 1.29 1.18 1.07 1.01 1.35
2.74 2.41 2.07 1.89 1.62 1.33 0.91 0.59 0.48 0.42 0.48 0.59 0.67 0.75 0.82 0.83 0.83 0.84 0.86 0.87 0.88 0.88 0.87 0.85 0.83 0.84 0.87 0.85 0.81 0.79 0.76 0.71 0.68 0.63 0.60 0.58 0.56 0.51 0.43 0.35 0.29 0.26 0.23 0.19 0.15 0.15 0.20 0.28 0.36 0.45 0.50 0.54 0.58 0.61 0.65 0.72 0.79 0.85 0.90 0.96 1.01 1.06 1.11 1.16 1.21 1.26 1.31 1.35 1.39 1.42 1.45 1.47 1.48 1.50 1.52 1.54 1.53 1.50 1.46 1.40 1.33 1.35 1.42 1.93
3.12 2.56 1.85 1.65 1.56 1.32 0.90 0.63 0.56 0.51 0.54 0.55 0.57 0.68 0.76 0.79 0.77 0.80 0.82 0.82 0.83 0.82 0.82 0.84 0.82 0.77 0.76 0.75 0.74 0.74 0.69 0.65 0.61 0.56 0.55 0.54 0.51 0.46 0.39 0.33 0.28 0.23 0.16 0.12 0.13 0.18 0.26 0.35 0.43 0.50 0.54 0.58 0.62 0.64 0.68 0.76 0.83 0.88 0.94 1.00 1.05 1.10 1.15 1.20 1.25 1.29 1.34 1.39 1.43 1.47 1.50 1.52 1.54 1.56 1.59 1.62 1.61 1.59 1.56 1.54 1.55 1.68 1.94 2.65
3.26 2.62 1.83 1.61 1.51 1.30 0.92 0.73 0.70 0.64 0.56 0.48 0.52 0.62 0.71 0.72 0.70 0.75 0.77 0.76 0.77 0.76 0.78 0.83 0.79 0.70 0.68 0.70 0.70 0.68 0.62 0.60 0.56 0.52 0.51 0.50 0.45 0.41 0.35 0.30 0.25 0.19 0.16 0.16 0.17 0.22 0.32 0.41 0.49 0.54 0.56 0.60 0.65 0.69 0.73 0.80 0.87 0.93 0.99 1.04 1.09 1.13 1.18 1.23 1.28 1.34 1.38 1.43 1.48 1.51 1.55 1.58 1.60 1.63 1.66 1.68 1.69 1.69 1.70 1.73 1.81 2.06 2.52 3.41
3.15 2.46 1.78 1.57 1.38 1.22 0.96 0.83 0.84 0.76 0.55 0.44 0.52 0.57 0.64 0.65 0.63 0.69 0.72 0.74 0.73 0.70 0.77 0.87 0.81 0.68 0.63 0.64 0.64 0.60 0.56 0.55 0.52 0.49 0.48 0.46 0.41 0.37 0.31 0.26 0.21 0.17 0.16 0.17 0.21 0.28 0.38 0.48 0.54 0.57 0.59 0.63 0.68 0.73 0.78 0.85 0.91 0.98 1.04 1.08 1.12 1.17 1.22 1.27 1.32 1.37 1.42 1.47 1.52 1.56 1.60 1.63 1.67 1.70 1.73 1.75 1.78 1.81 1.87 1.94 2.06 2.36 2.86 3.64
2.80 2.31 1.72 1.46 1.21 1.09 1.03 0.94 0.90 0.81 0.59 0.48 0.53 0.53 0.57 0.57 0.54 0.65 0.73 0.77 0.73 0.74 0.94 1.00 0.80 0.61 0.55 0.57 0.56 0.52 0.51 0.50 0.48 0.44 0.41 0.40 0.36 0.32 0.27 0.21 0.18 0.17 0.17 0.18 0.24 0.32 0.43 0.51 0.57 0.61 0.66 0.67 0.69 0.75 0.82 0.89 0.97 1.04 1.08 1.13 1.17 1.20 1.25 1.29 1.35 1.40 1.46 1.51 1.56 1.61 1.65 1.69 1.73 1.76 1.80 1.84 1.89 1.94 2.02 2.09 2.22 2.47 2.87 3.59
2.37 2.10 1.64 1.31 1.10 1.00 1.01 0.99 0.91 0.86 0.77 0.60 0.50 0.48 0.47 0.46 0.49 0.64 0.78 0.85 0.84 0.98 1.09 0.90 0.58 0.45 0.44 0.48 0.48 0.47 0.46 0.45 0.43 0.39 0.36 0.36 0.32 0.27 0.22 0.18 0.14 0.16 0.20 0.22 0.28 0.37 0.45 0.54 0.61 0.67 0.71 0.71 0.73 0.79 0.85 0.91 1.00 1.09 1.18 1.22 1.20 1.22 1.26 1.32 1.38 1.44 1.49 1.55 1.60 1.65 1.69 1.74 1.78 1.82 1.87 1.92 1.99 2.05 2.13 2.21 2.33 2.52 2.81 3.32
2.13 1.87 1.49 1.23 1.07 0.95 0.90 0.92 0.87 0.93 0.95 0.68 0.45 0.41 0.39 0.38 0.48 0.65 0.86 1.02 1.11 1.13 0.92 0.55 0.35 0.32 0.35 0.40 0.41 0.42 0.42 0.40 0.38 0.35 0.33 0.32 0.27 0.23 0.20 0.15 0.14 0.18 0.23 0.26 0.32 0.39 0.47 0.57 0.66 0.71 0.75 0.77 0.80 0.82 0.84 0.89 1.00 1.15 1.35 1.34 1.21 1.20 1.27 1.34 1.40 1.47 1.53 1.58 1.64 1.69 1.74 1.79 1.84 1.89 1.94 2.00 2.07 2.14 2.22 2.31 2.45 2.60 2.79 3.17
1.93 1.65 1.35 1.26 1.15 0.94 0.80 0.78 0.80 0.98 1.05 0.72 0.42 0.36 0.36 0.37 0.47 0.61 0.87 1.20 1.22 0.97 0.53 0.29 0.22 0.23 0.29 0.34 0.36 0.36 0.37 0.35 0.34 0.32 0.30 0.27 0.23 0.19 0.16 0.14 0.15 0.20 0.27 0.31 0.36 0.42 0.49 0.59 0.70 0.78 0.81 0.84 0.86 0.86 0.81 0.85 1.04 1.27 1.48 1.40 1.17 1.17 1.26 1.35 1.43 1.49 1.56 1.61 1.67 1.73 1.78 1.84 1.89 1.95 2.00 2.07 2.14 2.21 2.30 2.41 2.55 2.69 2.89 3.23
1.65 1.44 1.22 1.22 1.23 1.05 0.82 0.67 0.70 0.99 1.10 0.77 0.47 0.38 0.36 0.40 0.47 0.60 0.94 1.20 1.02 0.47 0.22 0.14 0.14 0.17 0.24 0.29 0.31 0.32 0.32 0.30 0.30 0.28 0.25 0.23 0.20 0.17 0.15 0.15 0.17 0.23 0.31 0.37 0.40 0.45 0.51 0.61 0.74 0.84 0.89 0.92 0.92 0.89 0.81 0.88 1.17 1.38 1.48 1.38 1.18 1.15 1.25 1.36 1.45 1.52 1.59 1.64 1.70 1.76 1.82 1.88 1.94 2.00 2.06 2.13 2.20 2.29 2.38 2.50 2.63 2.77 2.98 3.25
1.37 1.23 1.07 1.08 1.18 1.11 0.88 0.63 0.57 0.92 1.15 0.90 0.60 0.48 0.43 0.49 0.58 0.72 1.01 1.02 0.62 0.07 0.05 0.07 0.10 0.14 0.21 0.25 0.27 0.28 0.29 0.28 0.28 0.25 0.21 0.18 0.16 0.14 0.15 0.16 0.18 0.24 0.34 0.42 0.45 0.48 0.53 0.63 0.76 0.88 1.00 1.03 0.95 0.91 0.87 0.98 1.24 1.37 1.39 1.37 1.26 1.18 1.24 1.37 1.47 1.55 1.61 1.67 1.74 1.80 1.86 1.92 1.98 2.04 2.11 2.18 2.26 2.35 2.45 2.56 2.69 2.84 3.02 3.24
1.20 1.09 0.95 0.97 1.09 1.05 0.83 0.53 0.36 0.66 1.04 0.98 0.75 0.61 0.55 0.65 0.72 0.79 0.94 0.77 0.43 0.22 0.13 0.05 0.06 0.12 0.18 0.22 0.24 0.25 0.24 0.25 0.25 0.22 0.19 0.17 0.15 0.15 0.16 0.18 0.20 0.23 0.33 0.43 0.48 0.53 0.58 0.66 0.78 0.92 1.12 1.14 0.93 0.90 0.96 1.05 1.22 1.31 1.34 1.36 1.33 1.23 1.27 1.41 1.51 1.57 1.64 1.71 1.77 1.84 1.89 1.95 2.01 2.09 2.16 2.23 2.31 2.40 2.50 2.61 2.73 2.87 3.04 3.25
1.03 0.97 0.91 0.94 1.05 0.98 0.73 0.43 0.27 0.47 0.79 0.87 0.73 0.59 0.56 0.74 0.81 0.90 0.97 0.69 0.41 0.33 0.21 0.07 0.03 0.12 0.17 0.19 0.21 0.21 0.22 0.24 0.22 0.18 0.16 0.15 0.15 0.17 0.19 0.22 0.23 0.25 0.31 0.40 0.48 0.56 0.62 0.70 0.82 1.00 1.19 1.15 0.90 0.89 1.01 1.10 1.20 1.29 1.32 1.34 1.36 1.29 1.33 1.45 1.53 1.59 1.67 1.75 1.81 1.86 1.91 1.98 2.05 2.13 2.20 2.28 2.36 2.45 2.54 2.65 2.77 2.90 3.05 3.22
0.80 0.86 0.90 0.91 1.00 0.94 0.75 0.49 0.35 0.40 0.57 0.68 0.60 0.52 0.55 0.73 0.80 0.97 1.03 0.60 0.40 0.36 0.24 0.11 0.08 0.14 0.17 0.18 0.19 0.20 0.21 0.20 0.17 0.16 0.16 0.17 0.17 0.18 0.22 0.25 0.28 0.28 0.32 0.40 0.49 0.56 0.65 0.77 0.93 1.08 1.15 1.09 0.96 0.92 1.05 1.16 1.22 1.28 1.30 1.33 1.37 1.34 1.39 1.49 1.55 1.62 1.72 1.78 1.82 1.87 1.94 2.01 2.09 2.16 2.24 2.31 2.39 2.48 2.58 2.68 2.79 2.91 3.05 3.19
0.65 0.76 0.85 0.83 0.90 0.93 0.83 0.65 0.49 0.41 0.44 0.43 0.39 0.47 0.56 0.70 0.81 0.96 0.97 0.64 0.44 0.36 0.31 0.20 0.14 0.15 0.16 0.17 0.18 0.19 0.18 0.16 0.15 0.16 0.17 0.18 0.20 0.23 0.26 0.29 0.32 0.33 0.34 0.42 0.51 0.57 0.69 0.85 1.00 1.07 1.06 1.08 1.06 0.99 1.09 1.22 1.26 1.28 1.31 1.34 1.36 1.38 1.44 1.52 1.58 1.67 1.74 1.79 1.83 1.88 1.96 2.04 2.12 2.19 2.27 2.34 2.43 2.51 2.61 2.70 2.81 2.92 3.04 3.16
0.61 0.69 0.76 0.72 0.75 0.84 0.80 0.71 0.62 0.50 0.43 0.35 0.30 0.38 0.55 0.70 0.82 0.84 0.66 0.59 0.50 0.40 0.39 0.28 0.16 0.13 0.14 0.15 0.16 0.17 0.16 0.16 0.15 0.17 0.19 0.20 0.23 0.27 0.31 0.33 0.36 0.37 0.38 0.44 0.53 0.61 0.73 0.89 0.99 1.03 1.04 1.09 1.11 1.08 1.15 1.26 1.31 1.31 1.33 1.35 1.36 1.41 1.50 1.56 1.63 1.69 1.74 1.80 1.84 1.90 1.99 2.07 2.14 2.21 2.29 2.37 2.46 2.54 2.63 2.72 2.82 2.92 3.03 3.14
0.59 0.62 0.64 0.60 0.61 0.64 0.61 0.63 0.62 0.54 0.47 0.38 0.30 0.35 0.51 0.69 0.75 0.63 0.49 0.47 0.48 0.47 0.45 0.32 0.12 0.08 0.11 0.13 0.15 0.15 0.15 0.15 0.16 0.18 0.21 0.23 0.27 0.31 0.35 0.37 0.40 0.42 0.41 0.44 0.53 0.65 0.76 0.88 0.96 1.00 1.05 1.08 1.12 1.16 1.21 1.28 1.33 1.38 1.36 1.34 1.36 1.45 1.56 1.62 1.68 1.71 1.75 1.81 1.86 1.91 2.00 2.08 2.16 2.24 2.32 2.40 2.47 2.56 2.65 2.74 2.82 2.92 3.01 3.12
0.51 0.53 0.57 0.57 0.55 0.52 0.52 0.53 0.53 0.49 0.47 0.41 0.33 0.36 0.45 0.59 0.67 0.54 0.38 0.36 0.42 0.48 0.44 0.22 0.05 0.05 0.10 0.13 0.14 0.15 0.16 0.17 0.19 0.21 0.23 0.27 0.30 0.36 0.41 0.42 0.43 0.45 0.45 0.45 0.53 0.66 0.77 0.85 0.92 0.99 1.07 1.09 1.11 1.19 1.27 1.30 1.33 1.44 1.44 1.34 1.35 1.47 1.61 1.70 1.75 1.75 1.77 1.81 1.84 1.91 2.01 2.10 2.18 2.26 2.34 2.42 2.50 2.58 2.67 2.75 2.83 2.92 3.01 3.09
0.44 0.46 0.52 0.54 0.50 0.48 0.48 0.48 0.47 0.45 0.44 0.40 0.33 0.35 0.41 0.50 0.59 0.50 0.34 0.38 0.49 0.48 0.33 0.15 0.06 0.06 0.10 0.12 0.15 0.16 0.17 0.19 0.22 0.24 0.27 0.30 0.34 0.40 0.46 0.48 0.46 0.47 0.49 0.49 0.54 0.65 0.76 0.84 0.90 0.98 1.07 1.11 1.13 1.20 1.29 1.31 1.34 1.47 1.50 1.39 1.37 1.48 1.63 1.77 1.83 1.79 1.78 1.78 1.79 1.89 2.03 2.14 2.20 2.27 2.36 2.44 2.52 2.60 2.68 2.76 2.83 2.91 2.99 3.07
0.40 0.42 0.46 0.49 0.46 0.45 0.45 0.44 0.43 0.41 0.40 0.37 0.31 0.30 0.37 0.48 0.54 0.48 0.37 0.43 0.51 0.36 0.21 0.15 0.09 0.09 0.11 0.13 0.15 0.17 0.20 0.22 0.25 0.28 0.32 0.35 0.38 0.44 0.51 0.53 0.50 0.50 0.53 0.53 0.55 0.63 0.75 0.84 0.89 0.96 1.03 1.11 1.15 1.21 1.31 1.32 1.37 1.47 1.52 1.50 1.46 1.50 1.63 1.79 1.90 1.86 1.78 1.74 1.74 1.87 2.08 2.20 2.21 2.27 2.37 2.45 2.54 2.62 2.69 2.77 2.84 2.91 2.98 3.06
0.38 0.38 0.41 0.43 0.43 0.42 0.41 0.41 0.40 0.39 0.36 0.34 0.29 0.27 0.33 0.43 0.50 0.46 0.41 0.46 0.45 0.27 0.19 0.17 0.12 0.11 0.12 0.14 0.17 0.18 0.21 0.25 0.30 0.34 0.38 0.40 0.43 0.48 0.54 0.57 0.55 0.55 0.56 0.57 0.57 0.62 0.73 0.81 0.87 0.94 1.02 1.11 1.16 1.21 1.31 1.35 1.39 1.45 1.52 1.58 1.56 1.53 1.61 1.78 1.94 1.90 1.78 1.71 1.69 1.85 2.16 2.29 2.21 2.26 2.37 2.46 2.56 2.65 2.71 2.78 2.84 2.90 2.97 3.03
0.35 0.35 0.37 0.39 0.39 0.39 0.38 0.37 0.37 0.37 0.34 0.32 0.29 0.29 0.33 0.39 0.46 0.44 0.40 0.41 0.36 0.27 0.22 0.19 0.13 0.11 0.12 0.14 0.17 0.20 0.23 0.28 0.34 0.38 0.43 0.47 0.49 0.52 0.57 0.60 0.60 0.59 0.60 0.62 0.61 0.62 0.70 0.78 0.83 0.91 1.01 1.11 1.18 1.23 1.30 1.35 1.39 1.45 1.54 1.62 1.61 1.56 1.61 1.80 1.93 1.91 1.81 1.69 1.66 1.85 2.20 2.34 2.27 2.25 2.34 2.50 2.63 2.68 2.72 2.78 2.84 2.90 2.96 3.01
0.33 0.32 0.32 0.36 0.37 0.37 0.36 0.34 0.35 0.36 0.34 0.31 0.31 0.30 0.32 0.36 0.40 0.40 0.35 0.33 0.29 0.26 0.24 0.19 0.15 0.13 0.14 0.15 0.17 0.21 0.25 0.30 0.36 0.41 0.48 0.54 0.57 0.58 0.60 0.64 0.65 0.63 0.64 0.67 0.65 0.64 0.68 0.74 0.79 0.88 1.01 1.11 1.19 1.26 1.30 1.33 1.38 1.45 1.56 1.64 1.62 1.60 1.66 1.80 1.88 1.91 1.86 1.69 1.65 1.87 2.15 2.32 2.40 2.30 2.36 2.61 2.72 2.67 2.70 2.81 2.89 2.91 2.93 2.97
0.31 0.29 0.29 0.33 0.36 0.36 0.34 0.32 0.32 0.36 0.35 0.32 0.32 0.30 0.30 0.31 0.34 0.34 0.31 0.27 0.26 0.27 0.24 0.19 0.17 0.15 0.16 0.17 0.18 0.20 0.25 0.31 0.37 0.43 0.53 0.63 0.65 0.64 0.65 0.67 0.67 0.66 0.69 0.70 0.68 0.67 0.67 0.71 0.76 0.85 0.99 1.08 1.15 1.25 1.32 1.34 1.36 1.43 1.55 1.64 1.64 1.64 1.71 1.81 1.85 1.91 1.88 1.69 1.61 1.84 2.08 2.25 2.45 2.49 2.54 2.75 2.77 2.62 2.69 2.95 3.01 2.89 2.85 2.91
0.28 0.27 0.27 0.30 0.34 0.35 0.33 0.31 0.31 0.36 0.37 0.33 0.30 0.28 0.28 0.28 0.29 0.30 0.27 0.24 0.24 0.27 0.24 0.20 0.18 0.17 0.17 0.17 0.20 0.23 0.28 0.32 0.35 0.46 0.62 0.72 0.70 0.65 0.69 0.71 0.69 0.70 0.74 0.74 0.72 0.71 0.68 0.70 0.75 0.82 0.96 1.06 1.10 1.20 1.30 1.36 1.38 1.42 1.52 1.60 1.67 1.71 1.73 1.80 1.86 1.87 1.87 1.74 1.59 1.74 2.04 2.25 2.44 2.60 2.72 2.83 2.82 2.68 2.75 3.05 3.11 2.87 2.77 2.81
0.25 0.25 0.26 0.29 0.32 0.34 0.35 0.32 0.31 0.35 0.37 0.33 0.27 0.26 0.27 0.27 0.27 0.26 0.23 0.21 0.22 0.26 0.25 0.20 0.19 0.18 0.17 0.18 0.22 0.25 0.30 0.34 0.35 0.49 0.71 0.76 0.69 0.66 0.74 0.78 0.72 0.73 0.80 0.80 0.77 0.75 0.72 0.71 0.73 0.80 0.91 1.03 1.08 1.15 1.25 1.34 1.40 1.44 1.50 1.56 1.66 1.79 1.77 1.75 1.85 1.84 1.83 1.81 1.64 1.62 1.92 2.29 2.50 2.62 2.79 2.91 2.95 2.88 2.80 2.98 3.12 2.97 2.75 2.69
0.22 0.21 0.24 0.28 0.29 0.32 0.33 0.32 0.31 0.32 0.34 0.32 0.26 0.25 0.28 0.28 0.26 0.21 0.19 0.21 0.24 0.26 0.23 0.19 0.18 0.18 0.18 0.19 0.22 0.26 0.30 0.36 0.39 0.53 0.76 0.78 0.69 0.73 0.82 0.79 0.70 0.77 0.87 0.83 0.78 0.80 0.77 0.71 0.70 0.77 0.87 0.98 1.06 1.12 1.19 1.28 1.38 1.47 1.52 1.51 1.60 1.82 1.84 1.71 1.81 1.86 1.81 1.81 1.72 1.58 1.75 2.26 2.61 2.66 2.79 2.94 3.05 3.02 2.84 2.91 3.11 3.16 2.88 2.61
0.21 0.20 0.22 0.25 0.26 0.28 0.29 0.29 0.29 0.29 0.32 0.32 0.26 0.25 0.28 0.29 0.25 0.17 0.16 0.20 0.24 0.25 0.21 0.17 0.17 0.18 0.18 0.19 0.22 0.27 0.31 0.37 0.43 0.58 0.80 0.82 0.77 0.84 0.84 0.71 0.69 0.86 0.93 0.85 0.81 0.85 0.80 0.70 0.69 0.75 0.83 0.93 1.00 1.09 1.17 1.23 1.31 1.48 1.57 1.48 1.51 1.76 1.86 1.73 1.78 1.91 1.87 1.79 1.70 1.60 1.68 2.19 2.65 2.72 2.80 2.95 3.06 3.06 2.97 2.97 3.09 3.27 3.05 2.63
