windninja/windninja_output/Output_2025-10-23_1900-1950_Google earth_Fire_150m_10min/merlingen_7.5mi_point_10-23-2025_1940_150m_ang.asc
ncols	158
nrows	163
xllcorner	391686.332397
yllcorner	5160024.123721
cellsize	150.000000
NODATA_value	-32768.000000
[rows 42 to 83 of 163, columns 0 to 93 of 158]
297 297 295 294 292 292 292 291 290 290 290 289 289 288 288 287 287 287 287 287 287 287 287 287 288 289 291 293 295 294 290 288 288 287 286 283 280 282 284 282 278 275 273 276 280 281 276 271 272 275 276 276 277 278 275 269 264 261 260 258 255 256 258 257 258 266 270 270 271 267 259 259 265 271 277 278 273 254 250 254 254 256 261 266 271 270 262 257 264 270 273 268 262 264
296 296 294 292 291 290 290 289 288 288 288 287 287 287 286 286 285 285 285 285 285 286 286 286 286 287 289 290 292 292 289 287 287 290 293 295 293 290 287 283 278 274 275 278 277 273 268 267 270 276 277 274 271 269 269 265 260 256 256 258 261 266 268 265 264 269 274 274 269 259 254 259 263 269 274 273 259 229 239 253 258 263 270 274 273 262 249 251 259 266 270 269 268 269
295 294 292 291 290 289 288 287 287 286 286 286 285 285 285 284 284 284 284 284 284 284 285 285 285 286 287 288 289 289 288 287 288 291 296 301 299 291 285 281 278 276 278 277 271 264 264 269 275 280 278 272 265 262 260 258 255 254 257 262 266 271 274 276 277 277 276 275 268 259 258 260 260 263 265 259 237 215 234 255 265 273 277 275 265 250 246 251 257 263 268 271 274 273
294 293 292 290 289 288 287 286 286 285 285 285 284 284 283 283 283 283 283 283 283 283 283 284 284 285 286 286 286 287 288 288 289 292 296 300 298 292 287 285 283 280 277 273 266 263 267 275 281 281 275 266 259 254 253 253 253 257 264 269 271 274 279 284 285 282 278 273 268 265 264 262 259 258 254 245 223 212 238 260 273 278 276 267 254 247 249 253 256 260 266 273 277 273
293 293 291 289 287 286 286 285 285 284 284 283 283 283 282 282 282 282 282 282 282 282 282 282 283 283 283 284 285 286 287 287 288 291 295 297 297 294 292 290 287 282 276 269 263 267 275 280 281 276 267 260 252 249 251 252 255 264 273 278 278 279 284 287 285 281 276 270 265 266 267 264 260 255 248 237 220 219 247 265 272 273 268 259 252 251 255 256 256 258 264 274 276 271
293 292 290 288 285 284 285 285 284 283 283 282 282 282 281 281 281 281 281 280 280 281 281 281 281 282 282 282 283 284 285 286 287 290 293 295 295 295 294 291 289 284 276 268 266 274 281 281 276 269 262 253 247 249 251 255 263 271 279 285 285 283 283 284 281 277 273 268 264 265 265 263 259 253 244 233 224 232 254 264 267 266 262 258 256 257 259 259 258 260 265 271 272 267
291 291 289 287 284 283 284 284 284 283 282 282 281 281 280 280 280 280 280 279 279 279 280 280 280 280 281 281 282 282 283 284 286 288 291 294 294 293 293 293 290 285 278 273 275 279 281 277 271 263 253 247 248 253 255 262 271 278 283 287 287 282 279 278 277 275 271 267 264 263 263 261 258 250 241 233 232 241 255 261 263 263 263 261 260 260 261 261 263 265 265 265 265 263
290 290 288 285 283 282 282 284 284 283 282 281 280 280 279 279 279 279 279 278 278 279 279 279 279 279 280 280 281 281 282 283 285 286 289 292 293 292 293 293 290 286 283 282 282 281 278 273 266 255 245 246 253 259 264 271 278 284 285 284 282 278 274 273 275 274 271 268 265 262 261 259 254 247 239 236 238 245 253 258 261 263 264 264 263 263 262 264 267 266 262 259 257 258
289 289 287 284 283 282 282 283 284 283 282 281 280 280 279 278 278 278 278 278 278 278 278 278 278 279 279 279 280 280 281 282 283 285 287 290 292 292 292 292 290 288 288 289 286 281 275 268 259 249 245 254 262 266 272 278 283 283 281 277 274 272 270 272 275 274 271 267 264 262 260 257 251 245 242 242 244 247 251 257 260 262 263 263 265 266 267 268 267 263 258 254 252 252
288 288 288 285 284 283 281 281 283 284 282 281 280 279 279 278 278 278 277 277 278 278 277 278 278 278 278 278 279 279 280 281 282 283 285 287 290 291 291 290 289 289 290 292 288 281 273 262 252 250 258 267 271 274 279 283 283 278 272 268 267 267 270 273 275 273 269 265 262 260 258 255 250 247 247 249 250 250 252 256 259 259 261 264 267 269 270 268 264 260 256 251 249 248
287 288 288 286 284 283 281 279 281 283 283 281 279 279 278 278 277 277 277 277 277 277 277 277 277 277 277 277 278 278 279 280 281 282 283 285 287 289 290 291 290 288 291 293 288 280 271 259 254 261 271 275 275 278 283 283 280 272 265 263 264 268 272 274 274 272 268 263 260 259 257 254 250 249 251 253 253 254 258 258 256 255 259 265 269 271 270 267 264 259 253 250 247 247
285 286 289 288 285 284 282 279 278 280 282 281 279 278 278 278 277 277 276 276 276 276 276 276 276 276 276 277 277 278 278 279 280 281 282 283 285 287 289 291 291 289 290 292 289 280 272 267 269 273 276 276 276 278 281 280 276 268 261 261 265 270 273 273 273 271 266 260 257 258 257 253 249 249 252 254 254 258 263 262 257 256 259 261 265 270 271 269 263 257 253 251 249 250
284 284 288 290 286 284 283 279 276 277 280 280 279 279 278 277 277 276 276 276 276 276 276 276 276 276 276 276 276 277 277 278 279 279 280 281 283 284 287 290 292 289 288 289 288 283 278 280 282 280 276 275 277 278 278 276 272 264 262 264 268 272 274 274 272 269 264 258 256 256 254 250 248 251 254 255 255 259 265 266 263 262 260 258 258 263 268 268 262 256 254 255 256 258
284 283 284 287 285 282 281 279 274 274 277 280 280 279 278 277 277 276 276 276 275 275 275 275 275 275 276 276 276 276 277 277 278 279 279 280 281 282 284 287 289 288 285 285 288 289 289 290 289 283 277 277 278 278 276 273 267 263 265 268 272 275 274 272 270 267 262 258 257 254 248 244 249 254 256 256 256 262 266 267 268 266 263 259 256 256 257 258 258 258 259 262 266 273
284 283 281 282 282 280 280 280 276 273 275 278 279 280 279 277 277 276 276 276 275 275 275 275 275 275 275 275 275 276 276 277 277 278 278 279 280 281 282 284 285 286 285 286 289 293 296 296 292 288 283 279 278 278 275 270 264 265 270 274 277 277 273 268 265 263 260 258 256 251 243 246 254 257 258 257 260 265 267 268 269 267 264 260 258 254 249 247 249 255 263 272 284 291
283 283 281 279 280 280 280 281 280 276 275 275 276 278 279 278 277 277 276 276 275 275 275 275 275 275 275 275 275 275 276 276 276 277 277 278 279 280 281 282 283 284 285 287 289 292 296 297 296 294 289 281 279 278 274 269 266 270 275 278 279 276 271 266 261 258 257 255 250 246 248 254 257 258 259 260 264 267 269 267 265 264 263 260 258 254 250 246 247 256 270 287 300 300
283 282 281 280 279 278 278 280 282 280 277 274 272 274 277 279 278 277 276 276 275 275 275 275 275 275 275 275 275 275 275 275 276 276 277 277 278 279 279 280 281 282 284 286 287 289 292 296 298 299 296 285 281 279 274 269 270 275 278 280 278 274 269 264 258 254 253 249 244 248 255 258 259 261 262 264 268 269 267 264 261 259 258 257 254 253 252 253 258 270 285 294 300 298
281 281 280 279 278 277 277 278 281 281 278 275 271 271 274 278 279 278 277 276 276 275 275 275 274 274 274 274 274 275 275 275 275 276 276 276 277 278 278 279 280 281 282 284 285 287 289 293 298 303 305 295 285 280 274 270 272 279 280 280 277 273 268 262 257 253 251 242 242 253 259 261 262 265 266 267 270 270 265 260 257 255 254 252 251 251 254 261 275 288 292 292 292 290
281 280 279 278 277 277 277 277 278 279 279 278 276 272 271 273 277 279 278 277 276 276 275 275 274 274 274 274 274 274 274 275 275 275 276 276 276 277 277 278 279 280 281 282 284 285 287 291 296 303 310 302 289 281 275 270 274 280 281 279 277 273 268 262 257 254 249 238 246 258 262 264 267 269 269 270 270 266 260 257 255 254 252 250 250 252 260 273 287 293 292 288 285 277
280 279 278 277 277 276 276 277 277 278 280 281 281 276 271 270 272 276 278 279 277 276 275 274 274 274 274 274 274 274 274 274 275 275 275 275 276 276 277 277 278 279 280 281 282 284 286 289 293 299 307 304 292 283 276 273 277 280 280 278 276 273 269 264 259 255 247 237 254 264 266 269 271 272 272 271 267 261 256 254 253 253 252 251 253 260 272 285 291 292 291 285 275 260
280 279 278 277 277 276 276 277 277 278 279 282 282 279 274 270 269 272 275 278 278 277 276 274 273 273 274 274 274 274 274 274 274 275 275 275 275 276 276 277 277 278 279 280 281 283 284 287 290 295 302 303 295 287 281 278 279 280 279 278 276 274 271 267 261 255 244 243 261 268 269 271 273 274 273 270 264 259 256 253 252 251 251 255 260 270 283 292 293 290 285 275 260 248
280 279 278 278 278 278 277 277 276 277 278 280 282 281 278 273 269 269 271 274 277 277 276 275 274 273 274 274 274 274 274 274 274 274 274 275 275 275 276 276 277 277 278 279 280 282 283 285 287 291 297 301 297 291 289 283 280 279 279 279 278 276 271 265 261 256 249 258 268 271 271 273 274 275 273 267 262 259 256 252 251 250 253 260 269 280 290 294 291 284 272 261 250 241
279 279 278 278 279 279 278 276 276 275 276 279 282 282 280 278 273 269 268 270 273 275 276 276 275 274 274 274 274 274 274 274 274 274 274 274 275 275 275 276 276 277 277 278 279 280 282 283 285 288 292 297 296 293 294 290 281 279 280 281 280 274 264 260 263 263 265 273 275 274 273 274 275 275 273 268 265 261 255 250 249 251 258 267 278 287 290 290 285 273 259 251 241 235
278 278 277 278 278 278 278 276 275 275 275 278 282 283 281 280 278 273 269 267 269 271 274 275 276 275 274 274 274 274 274 274 274 274 274 274 274 275 275 275 276 276 277 277 278 279 280 282 283 286 289 292 294 293 296 296 286 280 279 280 277 266 258 262 267 271 277 280 278 277 276 275 275 274 273 271 268 262 253 248 251 259 269 278 285 288 287 283 273 259 249 240 233 229
276 275 275 276 277 278 278 276 274 275 277 278 279 282 282 280 278 276 272 268 267 268 270 272 275 276 275 274 274 274 274 274 274 274 274 274 274 274 275 275 275 276 276 277 277 278 279 280 282 284 286 288 291 291 294 297 292 283 278 274 270 266 269 271 272 274 277 279 279 279 279 277 275 274 275 275 271 263 252 252 261 273 283 289 288 284 280 273 258 247 238 230 226 221
276 273 271 272 275 279 280 276 273 275 278 278 277 280 282 280 278 278 276 273 269 266 266 268 271 274 274 274 274 274 274 274 274 274 274 274 274 274 274 275 275 275 276 276 277 277 278 279 280 282 283 285 287 289 291 294 293 287 279 273 272 279 282 278 275 274 273 275 278 280 280 279 276 275 276 274 272 264 258 266 276 284 289 289 285 277 270 257 247 238 229 222 219 217
282 278 274 272 274 277 280 274 271 274 277 277 277 277 278 279 278 278 279 276 272 269 267 267 267 268 269 272 274 275 275 275 275 274 274 274 274 274 274 274 274 275 275 275 276 277 277 278 279 280 281 282 284 285 287 289 289 287 282 277 280 288 288 285 280 275 272 274 278 280 280 278 277 277 277 276 274 271 272 279 284 286 283 280 279 272 260 247 239 230 222 215 215 217
285 284 281 278 276 275 275 274 272 274 277 277 276 275 275 276 276 277 277 276 274 272 271 269 265 261 263 268 273 275 276 277 276 275 275 274 274 274 274 274 274 274 275 275 275 276 277 277 278 279 280 281 282 283 284 284 285 285 284 282 283 289 291 288 284 280 277 278 279 279 278 278 278 279 279 278 278 281 286 286 285 282 274 272 278 271 255 242 233 223 215 212 214 219
282 284 284 283 279 274 272 277 277 275 275 274 272 271 271 271 272 272 273 275 275 273 272 271 267 259 260 265 270 273 275 277 277 276 275 275 274 274 274 274 274 274 274 275 275 275 276 276 277 278 278 279 280 281 281 282 282 282 283 283 284 287 289 288 286 285 285 283 282 280 279 279 279 279 278 277 280 287 291 287 281 274 270 275 277 269 250 235 225 217 211 212 217 221
279 281 284 283 280 276 276 281 282 276 271 270 270 269 268 269 268 268 269 271 272 273 273 271 269 265 263 263 266 269 272 275 277 278 277 276 275 275 274 274 274 274 274 274 274 275 275 276 276 277 277 278 279 279 280 280 281 281 281 282 283 284 286 286 287 289 289 287 286 286 287 284 280 278 278 278 281 287 290 283 277 272 275 281 275 260 240 227 218 214 213 216 221 224
277 279 282 283 281 279 280 284 283 276 270 270 271 271 270 270 270 269 268 268 268 270 272 271 272 272 268 264 263 264 267 270 273 277 278 277 276 275 274 274 274 274 274 274 274 274 275 275 276 276 277 277 277 278 279 279 279 280 280 281 281 282 283 284 286 287 289 289 290 292 293 289 281 278 280 281 282 285 286 280 277 279 284 282 271 248 228 219 216 216 218 223 227 232
277 279 282 282 282 281 282 283 281 276 272 272 273 273 273 272 273 272 271 270 269 269 270 271 272 274 272 267 263 263 264 266 269 273 277 277 276 276 275 274 274 274 274 274 274 274 274 275 275 275 276 276 277 277 277 278 278 279 279 280 280 281 282 283 284 285 286 288 290 293 294 292 287 285 286 287 286 286 286 283 284 289 288 280 262 236 219 215 220 222 224 230 237 254
276 278 282 283 283 282 282 281 279 278 276 275 274 274 274 274 275 274 274 273 272 271 270 269 271 273 272 268 265 263 263 264 267 269 273 275 276 276 276 275 274 274 273 273 273 274 274 274 274 275 275 276 276 276 277 277 277 278 278 279 279 280 281 282 282 283 284 286 288 290 292 293 293 295 296 295 294 292 292 292 293 292 286 271 246 224 215 218 225 228 234 239 256 288
275 276 280 284 284 283 283 282 280 280 279 278 277 276 276 276 276 275 274 274 273 272 271 270 271 272 272 270 267 264 264 265 266 267 269 272 274 275 276 275 274 274 273 273 273 273 274 274 274 274 275 275 275 276 276 276 277 277 278 278 279 279 280 281 281 282 283 285 286 288 289 291 295 300 303 301 300 300 301 301 297 290 277 257 230 214 216 222 229 236 248 262 287 291
273 274 277 282 285 285 285 284 283 281 281 280 279 278 278 278 277 276 275 274 273 273 272 271 271 271 271 272 271 267 264 264 264 264 266 270 273 274 275 275 275 274 273 273 273 273 273 273 274 274 274 275 275 275 276 276 276 277 277 277 278 278 279 280 280 281 282 284 285 286 288 290 293 299 305 305 306 309 309 301 293 282 265 241 220 216 223 227 234 248 268 297 301 292
273 272 272 276 283 287 287 286 286 285 285 283 281 280 279 279 278 277 276 275 274 273 273 272 270 268 271 273 273 270 265 262 262 263 265 269 272 273 275 275 275 274 273 273 273 273 273 273 274 274 274 275 275 275 275 276 276 276 277 277 277 278 278 279 280 281 282 283 284 285 287 289 292 297 302 306 310 316 312 298 286 272 251 232 226 233 239 242 251 274 296 306 301 291
273 269 262 268 280 287 289 290 290 291 290 287 284 282 280 280 280 279 277 276 274 274 274 273 269 267 269 272 274 272 267 263 263 264 265 266 269 270 272 275 275 274 273 272 272 272 273 273 273 274 274 275 275 275 275 275 276 276 276 276 277 277 278 278 279 280 281 282 283 284 286 288 291 294 298 303 310 318 313 296 281 261 241 235 237 244 252 266 287 295 299 301 297 288
269 262 253 260 274 287 294 296 296 298 296 290 285 283 282 281 281 280 278 276 275 274 274 273 271 269 269 270 272 272 270 267 264 264 265 266 266 267 269 272 275 274 273 272 272 272 272 272 273 274 275 275 275 275 275 275 275 276 276 276 276 277 277 278 279 279 280 281 282 284 285 287 290 292 295 300 307 316 314 297 279 257 245 246 246 250 268 289 295 296 294 292 290 286
264 259 258 263 274 289 304 305 303 303 300 292 287 284 282 281 281 280 278 277 276 275 274 273 273 272 271 270 270 271 273 271 267 265 264 264 264 264 265 268 271 273 272 271 271 271 272 272 273 275 276 276 276 276 275 275 275 275 276 276 276 277 277 278 278 279 280 281 282 283 284 286 288 291 293 297 303 312 313 302 287 271 266 260 256 266 287 297 296 293 289 287 285 285
263 264 267 275 284 292 305 310 306 304 301 294 287 283 282 281 280 279 279 278 277 275 274 274 275 274 273 271 269 271 273 273 271 267 264 261 261 263 264 264 265 268 269 269 270 271 271 271 272 276 278 278 277 277 276 275 275 275 275 276 276 276 277 277 278 278 279 280 281 282 284 285 287 289 292 296 300 308 312 311 309 296 283 273 273 288 298 298 295 290 287 285 283 282
274 274 281 289 292 290 290 297 299 298 296 290 285 282 280 279 279 278 278 279 278 276 275 275 275 275 274 273 271 271 272 273 272 270 266 262 261 262 263 263 262 263 264 265 267 269 270 270 272 276 279 281 280 278 276 275 275 275 275 275 276 276 276 277 277 278 279 280 280 282 283 284 287 289 291 294 298 305 311 317 325 318 295 289 299 300 298 296 294 290 286 284 281 280
280 287 292 292 288 279 277 278 279 280 282 283 281 279 278 277 277 277 278 279 279 278 276 276 277 277 275 274 272 271 271 271 270 270 268 266 264 263 263 263 262 263 264 265 266 268 270 272 273 274 275 277 279 279 277 275 275 275 275 275 276 276 276 277 277 278 278 279 280 281 282 284 286 288 290 293 297 302 310 319 333 338 320 310 306 301 296 293 292 289 286 283 280 278
