windninja/windninja_output/Output_2025-10-23_1900-1950_Google earth_Fire_150m_10min/merlingen_7.5mi_point_10-23-2025_1950_150m_vel.asc
ncols	158
nrows	163
xllcorner	391686.332397
yllcorner	5160024.123721
cellsize	150.000000
NODATA_value	-32768.000000
[rows 114 to 151 of 163, columns 0 to 83 of 158]
3.58 3.41 3.04 2.81 2.75 2.62 2.43 2.34 2.38 2.45 2.49 2.67 2.84 2.81 2.77 2.58 2.19 2.24 2.58 2.88 3.40 4.25 4.57 3.50 2.79 2.70 2.63 2.29 1.96 2.04 2.72 3.72 3.98 3.47 2.84 2.43 2.44 2.53 2.42 2.27 2.16 2.14 2.18 2.12 1.92 1.81 1.83 1.81 1.71 1.65 1.64 1.68 1.87 2.19 2.53 2.73 2.78 2.92 3.25 3.54 3.59 3.56 3.72 3.92 3.85 3.92 4.23 4.45 4.49 4.28 3.92 3.67 3.52 3.47 3.74 4.08 4.02 3.75 3.61 3.86 4.16 3.90 3.22 2.84
3.53 3.53 3.36 3.10 2.94 2.86 2.75 2.55 2.36 2.30 2.34 2.51 2.80 3.03 3.11 2.85 2.35 2.30 2.32 2.34 2.77 3.69 4.72 4.85 4.18 3.50 3.30 3.17 2.99 2.54 2.69 3.52 4.22 4.02 3.23 2.61 2.43 2.53 2.51 2.44 2.51 2.70 2.78 2.64 2.36 2.24 2.17 2.01 1.84 1.77 1.78 1.81 1.86 2.01 2.35 2.62 2.70 2.76 3.00 3.36 3.55 3.57 3.66 3.90 3.95 3.89 4.09 4.35 4.47 4.45 4.31 4.14 3.94 3.55 3.40 3.86 4.25 4.09 3.70 3.69 4.15 4.22 3.75 3.41
3.39 3.47 3.43 3.24 3.03 2.86 2.82 2.83 2.71 2.48 2.36 2.37 2.57 2.92 3.24 3.10 2.51 2.20 2.14 2.26 2.73 3.49 4.41 5.13 5.21 4.49 3.80 3.55 3.31 3.10 3.26 3.78 4.44 4.59 3.70 2.91 2.77 2.86 2.90 2.85 2.93 3.08 3.07 2.93 2.67 2.38 2.09 1.90 1.93 1.99 2.00 1.99 1.94 1.95 2.15 2.47 2.63 2.67 2.81 3.11 3.37 3.50 3.60 3.77 3.90 3.91 4.00 4.22 4.43 4.52 4.51 4.53 4.61 4.39 3.68 3.47 3.94 4.32 4.03 3.64 3.89 4.13 3.79 3.62
3.24 3.33 3.34 3.19 3.01 2.81 2.71 2.85 3.00 2.94 2.65 2.33 2.35 2.64 3.11 3.24 2.58 2.05 2.20 2.56 3.02 3.50 3.85 4.38 5.12 5.45 5.08 4.43 4.22 3.52 3.20 3.28 4.05 5.01 4.99 4.11 3.63 3.47 3.48 3.55 3.68 3.53 3.27 3.14 2.93 2.52 2.32 2.28 2.31 2.33 2.31 2.21 2.09 2.04 2.11 2.41 2.64 2.68 2.72 2.90 3.13 3.36 3.62 3.82 3.91 3.92 4.00 4.17 4.36 4.51 4.61 4.73 5.00 5.23 4.94 4.11 3.75 4.14 4.38 4.08 3.98 4.07 3.74 3.55
3.21 3.21 3.25 3.17 2.99 2.83 2.66 2.67 2.81 2.96 2.94 2.52 2.22 2.38 2.81 3.32 2.91 1.99 2.21 2.46 2.58 2.74 2.92 3.18 3.76 4.80 5.49 5.56 5.58 5.17 4.05 3.63 4.21 5.09 5.70 6.11 5.81 5.04 4.70 4.66 4.46 4.11 3.68 3.33 3.08 2.89 2.78 2.78 2.73 2.63 2.49 2.31 2.20 2.13 2.13 2.32 2.59 2.69 2.71 2.81 2.94 3.09 3.39 3.77 4.02 4.10 4.16 4.28 4.38 4.44 4.52 4.65 4.90 5.38 5.75 5.43 4.58 4.26 4.45 4.53 4.53 4.40 3.90 3.51
3.27 3.20 3.20 3.16 2.90 2.73 2.60 2.47 2.42 2.50 2.79 2.67 2.19 2.17 2.45 3.10 3.21 2.25 1.94 1.97 1.92 1.91 2.05 2.26 2.54 3.01 3.66 4.15 4.90 5.52 5.41 5.22 4.93 4.61 4.92 5.94 6.54 6.50 6.23 6.08 5.68 4.97 4.37 3.94 3.75 3.56 3.18 2.92 2.81 2.65 2.47 2.31 2.20 2.12 2.08 2.19 2.45 2.63 2.70 2.78 2.84 2.88 3.00 3.29 3.64 3.90 4.01 4.19 4.39 4.41 4.33 4.36 4.59 5.03 5.70 6.16 5.83 5.10 4.74 4.61 4.63 4.59 4.14 3.68
3.28 3.19 3.20 3.26 2.93 2.53 2.37 2.24 2.16 2.17 2.42 2.55 2.23 2.18 2.37 2.89 3.23 2.71 1.89 1.67 1.57 1.48 1.51 1.60 1.74 1.91 2.08 2.32 2.89 3.67 4.31 4.41 3.85 3.53 3.79 4.55 5.50 5.95 5.83 5.96 6.25 6.09 5.57 5.12 4.80 4.42 3.95 3.57 3.21 2.82 2.57 2.40 2.27 2.19 2.12 2.12 2.30 2.49 2.61 2.72 2.80 2.80 2.76 2.69 2.58 2.66 2.74 2.98 3.60 4.11 4.20 4.13 4.18 4.45 5.08 5.98 6.50 6.20 5.54 5.06 4.75 4.62 4.27 3.86
3.20 3.15 3.22 3.53 3.61 3.15 2.85 2.60 2.24 1.99 2.15 2.38 2.16 2.16 2.45 2.90 3.26 2.96 2.15 1.59 1.28 1.21 1.16 1.10 1.15 1.30 1.48 1.70 1.99 2.21 2.31 2.45 2.56 2.77 3.28 3.74 4.01 4.43 4.20 4.22 5.09 5.76 5.72 5.11 4.68 4.46 4.23 3.94 3.53 3.10 2.72 2.48 2.37 2.29 2.20 2.18 2.31 2.45 2.52 2.58 2.60 2.48 2.35 2.27 2.10 2.02 1.81 1.52 2.00 3.07 3.71 3.88 3.85 3.87 4.25 5.11 6.20 6.85 6.70 6.11 5.52 5.07 4.53 4.12
3.05 3.08 3.15 3.42 3.84 3.98 3.94 3.76 3.16 2.32 2.08 2.26 2.04 1.89 2.04 2.41 3.03 3.12 2.32 1.58 1.07 0.98 0.97 0.91 0.90 0.89 0.96 1.18 1.48 1.66 1.69 1.87 2.18 2.36 2.81 3.15 3.20 3.65 3.48 3.06 3.40 4.21 5.00 4.76 4.01 3.66 3.48 3.30 3.18 3.00 2.73 2.52 2.38 2.27 2.20 2.21 2.32 2.45 2.46 2.42 2.30 2.14 2.07 2.15 2.30 2.51 2.38 1.63 1.22 1.65 2.56 3.19 3.49 3.56 3.64 4.09 5.05 6.33 7.18 7.32 6.83 6.03 5.16 4.70
2.74 2.76 2.75 2.77 3.04 3.41 3.73 4.03 4.03 3.39 2.59 2.38 1.96 1.56 1.46 1.64 2.31 3.10 2.79 1.82 1.13 0.83 0.78 0.85 0.92 0.86 0.79 0.87 1.21 1.45 1.48 1.57 1.79 1.99 2.42 2.80 2.85 3.31 3.49 2.87 2.64 3.19 4.34 4.93 4.28 3.49 3.08 2.86 2.88 2.89 2.79 2.64 2.43 2.28 2.19 2.06 1.99 2.05 2.00 2.03 2.12 2.12 2.17 2.31 2.49 2.86 3.11 2.76 1.79 1.19 1.47 2.14 2.68 3.03 3.16 3.28 3.82 4.91 6.26 7.40 7.94 7.60 6.55 5.66
2.62 2.59 2.52 2.43 2.51 2.78 3.06 3.42 3.91 3.94 3.60 2.99 1.89 1.30 1.16 1.16 1.51 2.56 3.17 2.52 1.49 0.92 0.81 0.85 0.88 0.88 0.97 1.24 1.67 1.63 1.41 1.46 1.64 1.78 2.12 2.56 2.55 2.77 3.22 2.91 2.48 2.59 3.39 4.63 4.86 4.09 3.39 3.01 2.92 3.00 3.03 2.89 2.61 2.40 2.27 2.11 1.96 1.95 1.87 1.76 2.00 2.37 2.53 2.63 2.73 2.86 3.13 3.33 2.93 1.82 1.19 1.25 1.53 1.89 2.32 2.57 2.85 3.53 4.66 5.94 7.22 8.12 7.92 6.75
2.61 2.66 2.63 2.52 2.55 2.70 2.85 3.06 3.55 3.89 4.07 3.89 2.64 1.34 0.94 0.83 1.02 1.68 2.69 3.17 2.75 1.62 1.12 1.06 1.14 1.25 1.67 2.44 2.28 1.72 1.41 1.47 1.59 1.60 1.87 2.34 2.32 2.31 2.80 2.83 2.40 2.21 2.55 3.69 4.67 4.50 3.79 3.25 3.04 3.01 2.98 2.90 2.77 2.57 2.42 2.38 2.43 2.56 2.60 2.36 2.37 2.65 2.82 2.89 2.95 2.99 3.04 3.27 3.44 3.01 2.01 1.40 1.18 1.04 1.19 1.58 1.89 2.25 2.92 3.82 4.73 6.40 7.89 7.83
2.38 2.50 2.55 2.45 2.47 2.57 2.72 2.89 3.20 3.56 3.93 4.46 3.95 2.11 1.35 1.02 1.02 1.27 1.85 2.68 3.06 2.89 2.16 1.99 2.64 3.22 3.24 2.91 2.16 1.60 1.51 1.64 1.79 1.63 1.67 2.15 2.26 2.03 2.19 2.42 2.23 1.95 2.04 2.79 4.05 4.49 4.09 3.62 3.30 3.08 2.89 2.76 2.70 2.61 2.45 2.38 2.48 2.74 3.00 3.01 2.90 2.84 2.83 2.83 2.88 2.98 3.03 3.14 3.41 3.55 3.24 2.61 1.93 1.29 0.86 0.76 0.99 1.25 1.55 2.14 2.93 4.20 6.27 7.71
2.29 2.40 2.45 2.33 2.34 2.52 2.74 2.83 2.88 3.13 3.60 4.44 4.80 3.84 2.60 1.70 1.40 1.49 1.75 2.26 3.26 4.16 4.40 4.37 4.20 3.85 3.11 2.12 1.57 1.38 1.42 1.68 2.10 2.12 1.89 2.00 2.15 1.97 1.79 1.92 1.92 1.64 1.58 2.03 3.19 4.11 4.05 3.62 3.32 3.05 2.89 2.78 2.61 2.50 2.40 2.29 2.29 2.51 2.79 2.90 2.86 2.80 2.74 2.71 2.78 2.89 2.99 3.08 3.23 3.43 3.57 3.39 2.79 2.09 1.45 0.85 0.51 0.58 0.88 1.34 2.06 3.06 4.36 6.01
2.28 2.35 2.39 2.25 2.17 2.28 2.52 2.69 2.71 2.79 3.11 3.88 4.87 5.18 4.44 2.71 1.96 1.98 2.36 3.32 4.07 4.26 4.42 4.25 3.73 3.09 2.28 1.57 1.21 1.08 1.14 1.40 2.01 2.49 2.55 2.33 2.08 1.90 1.67 1.61 1.59 1.41 1.23 1.36 2.22 3.52 3.91 3.46 3.15 2.94 2.77 2.73 2.65 2.55 2.44 2.35 2.32 2.40 2.56 2.64 2.66 2.68 2.72 2.74 2.79 2.88 2.96 3.05 3.16 3.25 3.43 3.62 3.35 2.61 1.94 1.34 0.64 0.27 0.38 0.68 1.18 2.03 3.13 4.36
2.20 2.23 2.19 2.01 1.87 1.83 1.89 2.12 2.30 2.40 2.59 3.06 3.79 4.68 5.10 4.71 3.28 2.70 3.19 3.72 3.32 2.54 2.70 2.98 2.79 2.52 2.18 1.68 1.19 0.93 0.89 0.98 1.42 2.10 2.74 3.01 2.62 1.95 1.62 1.52 1.41 1.25 1.02 0.89 1.33 2.64 3.63 3.68 3.39 3.15 2.94 2.77 2.61 2.53 2.43 2.37 2.38 2.40 2.48 2.54 2.60 2.67 2.72 2.76 2.80 2.87 2.93 3.01 3.12 3.23 3.39 3.69 3.83 3.38 2.53 1.86 1.16 0.40 0.13 0.18 0.32 0.73 1.50 2.73
2.23 2.26 2.24 2.03 1.82 1.75 1.67 1.57 1.60 1.75 1.90 2.01 2.20 2.71 3.65 4.54 4.25 3.62 3.36 2.85 1.89 1.52 1.85 2.60 2.92 2.63 2.21 1.90 1.56 1.18 0.87 0.73 0.88 1.45 2.17 3.04 3.40 2.73 1.92 1.65 1.48 1.28 1.09 0.85 0.86 1.57 2.93 3.59 3.57 3.28 3.00 2.82 2.54 2.39 2.32 2.27 2.30 2.40 2.50 2.55 2.55 2.58 2.65 2.70 2.76 2.85 2.92 2.99 3.10 3.24 3.40 3.63 3.95 4.03 3.58 2.79 1.90 1.00 0.42 0.08 0.32 0.43 0.43 0.72
2.30 2.33 2.41 2.30 2.04 1.99 2.03 1.85 1.48 1.16 1.07 1.09 1.22 1.54 2.07 2.87 3.46 3.14 2.46 1.69 1.42 1.40 1.50 2.04 2.88 2.97 2.32 2.04 1.88 1.58 1.18 0.86 0.80 1.06 1.55 2.36 3.37 3.67 3.05 2.36 2.01 1.75 1.57 1.28 0.96 1.05 1.89 2.80 3.23 3.11 2.81 2.68 2.51 2.35 2.26 2.15 2.11 2.20 2.34 2.41 2.38 2.33 2.39 2.55 2.66 2.78 2.90 2.95 3.04 3.19 3.40 3.63 3.87 4.14 4.16 3.84 3.01 1.91 1.31 0.83 0.29 0.39 0.52 0.46
2.28 2.24 2.26 2.34 2.22 2.11 2.24 2.43 2.30 1.59 1.01 0.89 0.97 1.23 1.62 2.00 2.51 2.57 1.86 1.27 1.21 1.28 1.38 1.58 2.25 3.04 2.81 2.00 1.63 1.39 1.12 0.89 0.73 0.81 1.19 1.74 2.53 3.47 3.82 3.59 3.09 2.64 2.33 1.99 1.55 1.18 1.24 1.86 2.62 2.82 2.60 2.49 2.43 2.34 2.25 2.15 2.07 2.10 2.19 2.26 2.30 2.29 2.24 2.37 2.53 2.63 2.76 2.83 2.90 3.05 3.30 3.57 3.85 4.15 4.27 4.20 3.81 2.93 2.35 1.99 1.26 0.45 0.40 0.55
2.26 2.15 2.07 2.23 2.32 2.18 2.10 2.33 2.74 2.75 2.02 1.49 1.32 1.30 1.43 1.77 2.37 2.80 2.83 2.17 1.57 1.44 1.47 1.54 1.82 2.81 3.14 2.29 1.51 1.16 0.91 0.71 0.56 0.61 0.88 1.30 1.79 2.48 3.22 3.66 3.57 3.19 2.93 2.72 2.37 1.85 1.46 1.53 2.09 2.46 2.38 2.29 2.28 2.26 2.24 2.19 2.14 2.16 2.28 2.41 2.51 2.55 2.48 2.45 2.51 2.55 2.61 2.64 2.67 2.84 3.12 3.40 3.70 4.13 4.49 4.43 4.03 3.18 2.58 2.46 2.14 1.27 0.51 0.42
2.39 2.31 2.19 2.25 2.36 2.27 2.07 2.03 2.35 2.92 3.04 2.64 2.38 2.06 1.85 2.06 2.32 2.67 3.08 3.06 2.50 1.79 1.47 1.38 1.52 2.28 3.20 3.21 2.32 1.56 1.19 0.93 0.66 0.53 0.59 0.83 1.27 1.73 2.26 2.85 3.23 3.19 3.01 2.90 2.73 2.44 2.04 1.79 1.97 2.28 2.32 2.23 2.18 2.16 2.15 2.14 2.15 2.19 2.28 2.41 2.55 2.62 2.61 2.58 2.61 2.64 2.64 2.59 2.43 2.42 2.77 3.19 3.46 3.80 4.40 4.83 4.62 3.49 2.38 2.22 2.29 1.92 1.09 0.47
2.43 2.47 2.42 2.36 2.40 2.39 2.26 2.06 1.96 2.18 2.70 2.90 2.78 2.57 2.25 2.01 1.82 1.90 2.23 2.67 2.72 2.11 1.43 1.09 1.11 1.52 2.49 3.37 3.24 2.41 1.80 1.51 1.17 0.74 0.51 0.48 0.75 1.22 1.73 2.24 2.66 2.85 2.80 2.71 2.73 2.63 2.35 2.05 2.05 2.26 2.34 2.28 2.17 2.09 2.05 2.04 2.09 2.16 2.21 2.28 2.41 2.53 2.60 2.63 2.69 2.74 2.74 2.73 2.49 2.08 2.11 2.61 3.12 3.54 4.14 4.96 5.36 4.71 3.00 2.22 2.09 1.93 1.58 1.00
2.25 2.45 2.52 2.32 2.27 2.29 2.25 2.12 1.86 1.61 1.67 1.91 2.10 2.17 2.01 1.53 1.17 1.25 1.54 1.89 2.16 1.94 1.46 1.07 0.93 1.07 1.66 2.66 3.28 3.07 2.46 1.98 1.66 1.22 0.71 0.48 0.52 0.84 1.38 1.84 2.04 2.36 2.58 2.52 2.52 2.50 2.31 2.04 1.98 2.11 2.18 2.16 2.12 2.06 2.01 1.99 2.03 2.14 2.25 2.36 2.47 2.56 2.64 2.70 2.77 2.82 2.82 2.84 2.78 2.24 1.58 1.56 2.17 2.90 3.70 4.71 5.59 5.76 4.83 3.26 2.31 1.95 1.81 1.57
1.92 2.11 2.38 2.28 2.05 1.92 1.88 1.90 1.84 1.65 1.45 1.44 1.55 1.77 1.97 1.76 1.43 1.22 1.23 1.43 1.61 1.51 1.34 1.16 0.93 0.86 1.16 1.91 2.72 3.09 2.76 2.15 1.73 1.44 1.09 0.70 0.55 0.64 1.19 1.66 1.69 1.89 2.27 2.32 2.25 2.25 2.15 1.94 1.88 1.94 2.00 2.01 2.01 1.99 1.96 1.94 2.00 2.14 2.26 2.37 2.50 2.60 2.66 2.69 2.74 2.82 2.82 2.78 2.83 2.59 1.71 0.98 0.89 1.23 2.01 3.34 4.84 5.87 6.14 5.42 3.72 2.58 2.19 2.01
1.75 1.75 1.96 2.20 2.08 1.73 1.46 1.39 1.52 1.71 1.76 1.71 1.65 1.90 2.24 2.39 2.27 1.86 1.39 1.28 1.34 1.18 1.02 0.94 0.80 0.67 0.76 1.31 2.04 2.68 2.94 2.63 1.98 1.57 1.31 0.92 0.61 0.58 1.00 1.59 1.67 1.67 1.92 2.05 2.08 2.15 2.11 1.93 1.85 1.88 1.93 1.95 1.96 1.95 1.92 1.91 2.01 2.14 2.24 2.31 2.42 2.57 2.69 2.74 2.75 2.78 2.80 2.77 2.81 2.88 2.45 1.41 0.63 0.42 0.63 1.37 3.02 4.62 5.74 6.28 5.56 3.66 2.84 2.46
1.95 1.74 1.60 1.91 2.26 2.16 1.66 1.27 1.17 1.34 1.66 1.85 1.91 2.02 2.14 2.28 2.41 2.40 2.22 1.85 1.51 1.17 0.92 0.75 0.61 0.51 0.53 0.81 1.40 1.98 2.60 2.96 2.70 2.02 1.53 1.08 0.77 0.66 0.83 1.42 1.69 1.65 1.71 1.79 1.88 2.02 2.04 1.93 1.86 1.86 1.87 1.92 1.97 2.01 2.01 2.00 2.06 2.14 2.21 2.28 2.36 2.48 2.65 2.81 2.93 2.95 2.95 3.02 3.06 3.13 3.03 2.38 1.32 0.71 0.52 0.60 1.37 2.86 4.11 5.42 6.00 5.21 4.41 3.81
2.22 1.99 1.65 1.63 1.97 2.41 2.41 1.95 1.50 1.29 1.38 1.66 1.84 1.76 1.58 1.65 1.91 2.16 2.36 2.57 2.41 1.79 1.23 0.87 0.61 0.47 0.40 0.49 0.86 1.27 1.72 2.45 2.89 2.67 2.11 1.58 1.23 0.95 0.84 1.21 1.56 1.64 1.65 1.61 1.66 1.80 1.88 1.86 1.84 1.83 1.80 1.80 1.86 2.01 2.13 2.14 2.12 2.15 2.22 2.27 2.34 2.46 2.60 2.83 3.20 3.52 3.59 3.63 3.63 3.64 3.65 3.34 2.35 1.26 0.80 0.71 0.84 1.68 2.72 3.96 5.10 5.26 4.90 4.63
2.29 2.25 1.85 1.38 1.29 1.67 2.36 2.61 2.42 2.07 1.66 1.53 1.50 1.27 1.13 1.20 1.38 1.56 1.71 2.21 2.78 2.87 2.37 1.63 1.13 0.76 0.48 0.38 0.50 0.77 1.06 1.67 2.41 2.80 2.65 2.18 1.71 1.42 1.17 1.21 1.46 1.59 1.62 1.57 1.56 1.66 1.74 1.78 1.80 1.79 1.75 1.67 1.58 1.69 1.96 2.13 2.19 2.23 2.30 2.37 2.45 2.57 2.69 2.90 3.41 4.07 4.57 4.82 4.88 4.93 4.88 4.72 3.92 2.42 1.64 1.31 1.15 1.43 1.97 2.60 3.55 4.14 4.00 3.69
2.13 2.31 2.10 1.36 0.99 1.02 1.37 2.05 2.56 2.60 2.26 1.65 1.19 0.87 0.80 0.87 1.03 1.20 1.27 1.44 2.04 2.78 3.06 2.89 2.40 1.75 1.12 0.62 0.41 0.42 0.59 0.97 1.59 2.26 2.64 2.44 2.01 1.77 1.57 1.42 1.51 1.65 1.68 1.65 1.62 1.63 1.67 1.72 1.75 1.76 1.74 1.68 1.47 1.26 1.39 1.76 2.02 2.17 2.32 2.50 2.61 2.69 2.79 2.94 3.26 3.80 4.45 5.04 5.48 5.77 5.83 5.76 5.45 4.52 3.00 2.36 2.12 2.37 2.54 2.49 2.83 3.53 3.50 2.92
2.03 2.28 2.43 1.92 1.27 0.94 0.83 1.01 1.55 2.06 2.30 1.97 1.16 0.77 0.72 0.81 0.95 1.08 1.08 1.01 1.11 1.55 2.22 2.79 2.89 2.71 2.35 1.67 0.96 0.61 0.53 0.60 0.87 1.48 2.22 2.38 2.09 1.81 1.66 1.57 1.59 1.70 1.73 1.72 1.70 1.67 1.66 1.68 1.70 1.71 1.72 1.74 1.67 1.39 1.24 1.38 1.68 1.96 2.14 2.33 2.52 2.67 2.74 2.80 2.85 2.85 2.94 3.33 3.99 4.85 5.52 5.75 5.72 5.40 4.39 3.42 3.27 3.45 3.73 3.55 3.09 3.46 3.59 2.94
2.19 2.17 2.39 2.50 1.97 1.31 0.86 0.63 0.63 0.90 1.46 2.01 1.58 1.11 1.04 1.00 0.98 1.00 0.94 0.77 0.69 0.78 1.09 1.63 2.06 2.33 2.53 2.50 2.09 1.51 1.05 0.74 0.63 0.91 1.69 2.02 1.88 1.69 1.60 1.58 1.59 1.66 1.70 1.71 1.71 1.69 1.66 1.67 1.70 1.73 1.75 1.77 1.78 1.65 1.39 1.25 1.42 1.72 1.90 2.05 2.33 2.62 2.73 2.64 2.49 2.31 2.16 2.12 2.30 2.91 4.02 4.94 5.37 5.46 4.97 4.21 3.82 3.84 4.25 4.29 3.68 3.66 3.71 3.17
2.43 2.02 1.85 2.39 2.65 2.27 1.58 0.99 0.63 0.59 0.84 1.79 2.18 2.10 1.95 1.70 1.49 1.29 1.01 0.75 0.59 0.55 0.63 0.82 1.07 1.31 1.59 2.09 2.32 2.25 1.90 1.35 0.93 0.88 1.36 1.71 1.66 1.52 1.48 1.53 1.58 1.63 1.67 1.69 1.69 1.67 1.65 1.68 1.74 1.79 1.82 1.80 1.75 1.63 1.42 1.26 1.33 1.58 1.91 2.16 2.38 2.64 2.83 2.78 2.56 2.37 2.18 1.90 1.72 1.79 2.28 3.43 4.82 5.36 4.98 4.33 3.73 3.56 4.18 4.76 4.37 4.05 3.93 3.55
2.74 2.02 1.41 1.77 2.51 2.96 2.90 2.27 1.56 1.06 1.15 1.83 2.40 2.76 2.87 2.76 2.58 2.40 2.08 1.61 1.23 0.95 0.75 0.64 0.67 0.75 0.81 1.00 1.41 1.83 2.09 1.98 1.56 1.19 1.32 1.56 1.55 1.45 1.40 1.45 1.55 1.62 1.67 1.71 1.71 1.70 1.70 1.71 1.74 1.78 1.81 1.80 1.72 1.61 1.50 1.45 1.47 1.64 1.99 2.28 2.42 2.53 2.71 2.93 3.02 2.99 2.83 2.49 2.22 2.05 1.91 2.26 3.64 4.89 4.92 4.38 3.69 3.01 3.35 4.63 5.03 4.74 4.50 4.13
3.09 2.16 1.23 1.19 1.56 2.35 2.97 3.14 2.69 1.94 1.98 2.17 2.26 2.37 2.56 2.75 2.79 2.84 2.90 2.89 2.73 2.37 1.86 1.34 0.89 0.68 0.61 0.57 0.64 0.82 1.26 1.82 1.78 1.42 1.39 1.53 1.54 1.47 1.43 1.44 1.52 1.60 1.67 1.76 1.80 1.79 1.78 1.78 1.80 1.80 1.83 1.85 1.75 1.55 1.41 1.32 1.41 1.61 1.79 1.99 2.17 2.28 2.41 2.70 3.07 3.36 3.57 3.65 3.64 3.55 3.33 3.19 3.67 4.63 4.94 4.74 4.46 3.77 3.49 4.42 5.41 5.65 5.42 4.57
3.32 2.36 1.23 0.98 0.96 1.16 1.71 2.58 3.06 2.80 2.51 2.20 1.93 1.74 1.65 1.84 2.18 2.31 2.34 2.57 2.92 3.05 3.00 2.78 2.19 1.43 1.09 0.99 0.90 0.77 0.86 1.37 1.66 1.52 1.48 1.59 1.62 1.55 1.50 1.48 1.54 1.61 1.66 1.75 1.85 1.88 1.87 1.90 1.92 1.91 1.93 1.96 1.87 1.57 1.26 1.10 1.16 1.36 1.57 1.78 1.97 2.11 2.25 2.41 2.59 2.87 3.27 3.67 4.01 4.30 4.53 4.69 4.97 5.43 5.56 5.28 5.17 5.23 5.24 5.27 5.73 6.67 6.78 5.59
3.28 2.93 2.06 1.38 1.02 1.01 1.26 1.73 2.48 2.68 2.44 2.05 1.80 1.55 1.33 1.29 1.58 1.86 1.80 1.70 1.96 2.39 2.74 3.06 3.11 2.74 2.06 1.66 1.49 1.31 1.11 1.25 1.53 1.55 1.51 1.58 1.65 1.64 1.59 1.56 1.59 1.66 1.68 1.72 1.81 1.87 1.88 1.93 1.98 2.00 2.05 2.10 2.02 1.75 1.38 1.09 0.99 1.10 1.30 1.51 1.79 2.03 2.14 2.20 2.30 2.47 2.68 2.89 3.09 3.29 3.60 4.03 4.60 5.42 5.90 5.60 5.11 5.10 5.05 5.10 5.56 6.48 7.48 7.05
2.75 3.14 3.48 2.82 2.03 1.64 1.49 1.44 1.65 1.91 2.06 2.15 1.95 1.55 1.23 1.03 1.03 1.37 1.66 1.61 1.50 1.59 1.81 2.13 2.69 3.02 2.68 1.90 1.52 1.41 1.24 1.22 1.40 1.51 1.50 1.52 1.59 1.64 1.66 1.66 1.66 1.71 1.75 1.78 1.84 1.88 1.84 1.88 2.01 2.08 2.17 2.31 2.29 2.03 1.63 1.20 1.00 1.01 1.15 1.27 1.45 1.80 2.03 2.15 2.28 2.39 2.43 2.46 2.49 2.41 2.30 2.43 2.86 3.80 4.88 5.20 4.75 4.07 3.55 4.07 4.72 5.19 6.66 7.67
1.94 2.26 3.18 3.46 3.16 2.37 1.56 1.26 1.34 1.54 1.76 2.06 2.22 1.90 1.35 0.96 0.75 0.81 1.14 1.40 1.38 1.30 1.27 1.41 1.82 2.46 2.72 2.09 1.40 1.32 1.33 1.30 1.37 1.46 1.49 1.49 1.53 1.59 1.65 1.71 1.75 1.79 1.81 1.84 1.92 2.03 1.98 1.87 1.94 2.10 2.23 2.41 2.54 2.38 1.94 1.40 1.10 1.03 1.13 1.29 1.35 1.51 1.88 2.13 2.24 2.28 2.31 2.37 2.49 2.54 2.41 2.24 2.21 2.59 3.35 4.22 4.40 3.67 3.11 3.43 3.87 4.11 5.14 7.33
