windninja/windninja_output/Output_2025-10-23_1900-1950_Google earth_Fire_150m_10min/merlingen_7.5mi_point_10-23-2025_1910_150m_vel.asc
ncols	158
nrows	163
xllcorner	391686.332397
yllcorner	5160024.123721
cellsize	150.000000
NODATA_value	-32768.000000
[rows 37 to 73 of 163, columns 0 to 83 of 158]
2.56 2.59 2.66 2.74 2.81 2.85 2.84 2.81 2.83 2.87 2.86 2.81 2.79 2.79 2.76 2.73 2.69 2.64 2.60 2.54 2.45 2.38 2.30 2.20 2.09 1.95 1.83 1.76 1.83 2.01 2.06 2.08 2.21 2.46 2.73 2.75 2.67 2.59 2.46 2.24 2.07 1.98 1.93 1.89 1.83 1.77 1.68 1.61 1.57 1.51 1.46 1.48 1.53 1.54 1.51 1.50 1.54 1.53 1.48 1.45 1.44 1.40 1.41 1.45 1.44 1.56 1.95 2.31 2.18 1.59 1.21 1.33 1.66 1.79 1.62 1.44 1.38 1.34 1.46 1.63 1.48 1.35 1.41 1.65
2.62 2.67 2.74 2.79 2.80 2.83 2.85 2.84 2.82 2.84 2.84 2.79 2.79 2.78 2.74 2.70 2.66 2.61 2.57 2.52 2.45 2.37 2.30 2.21 2.09 1.94 1.80 1.71 1.76 1.92 1.95 1.92 2.04 2.24 2.51 2.59 2.51 2.55 2.57 2.40 2.24 2.12 2.04 1.98 1.97 1.93 1.86 1.87 1.90 1.89 1.82 1.79 1.79 1.75 1.70 1.73 1.82 1.87 1.90 1.91 1.88 1.79 1.66 1.53 1.43 1.55 2.00 2.19 1.72 1.28 1.40 1.91 2.20 1.91 1.43 1.41 1.56 1.51 1.51 1.64 1.46 1.34 1.40 1.71
2.70 2.73 2.76 2.80 2.82 2.81 2.82 2.84 2.80 2.79 2.80 2.76 2.74 2.76 2.73 2.66 2.62 2.58 2.52 2.48 2.42 2.35 2.27 2.20 2.09 1.92 1.76 1.60 1.55 1.69 1.74 1.73 1.85 2.04 2.27 2.41 2.48 2.68 2.76 2.60 2.37 2.19 2.09 2.05 2.10 2.12 2.02 1.94 2.00 2.07 2.04 2.01 2.11 2.25 2.34 2.35 2.39 2.42 2.42 2.40 2.30 2.09 1.80 1.55 1.47 1.60 2.03 2.03 1.51 1.48 2.00 2.31 2.06 1.48 1.26 1.66 1.87 1.66 1.57 1.66 1.47 1.30 1.42 1.87
2.80 2.86 2.79 2.77 2.80 2.79 2.80 2.82 2.79 2.73 2.73 2.73 2.70 2.72 2.72 2.65 2.59 2.56 2.50 2.44 2.39 2.31 2.25 2.18 2.08 1.91 1.73 1.54 1.43 1.55 1.66 1.60 1.60 1.76 2.00 2.13 2.23 2.47 2.74 2.80 2.66 2.44 2.26 2.14 2.13 2.22 2.24 2.17 2.15 2.18 2.16 2.17 2.36 2.56 2.63 2.62 2.58 2.47 2.34 2.19 1.96 1.75 1.61 1.51 1.52 1.69 2.02 1.94 1.71 2.05 2.29 1.95 1.47 1.18 1.40 2.09 2.12 1.76 1.62 1.60 1.39 1.30 1.57 2.04
2.83 2.88 2.79 2.73 2.74 2.73 2.74 2.78 2.78 2.68 2.64 2.67 2.65 2.64 2.65 2.61 2.56 2.53 2.48 2.41 2.35 2.28 2.21 2.16 2.07 1.92 1.75 1.59 1.47 1.52 1.64 1.58 1.51 1.58 1.76 1.94 2.06 2.14 2.37 2.73 2.87 2.84 2.73 2.54 2.40 2.47 2.60 2.60 2.51 2.43 2.39 2.40 2.40 2.29 2.13 2.08 2.01 1.85 1.67 1.47 1.32 1.31 1.47 1.64 1.71 1.84 2.06 2.14 2.28 2.39 1.98 1.53 1.46 1.45 1.87 2.42 2.08 1.64 1.46 1.38 1.28 1.36 1.77 2.22
2.79 2.80 2.73 2.68 2.67 2.68 2.64 2.67 2.73 2.65 2.58 2.60 2.60 2.57 2.58 2.56 2.51 2.48 2.45 2.38 2.30 2.23 2.17 2.13 2.05 1.92 1.80 1.66 1.52 1.53 1.62 1.62 1.54 1.51 1.56 1.76 2.03 2.22 2.35 2.55 2.72 2.80 2.81 2.76 2.67 2.62 2.54 2.42 2.27 2.16 2.15 2.15 2.04 1.83 1.65 1.54 1.45 1.30 1.12 1.01 1.03 1.20 1.52 1.77 1.92 2.14 2.44 2.72 2.75 2.33 1.77 1.72 1.92 1.97 2.41 2.54 1.86 1.46 1.30 1.25 1.31 1.48 1.90 2.56
2.75 2.72 2.66 2.62 2.61 2.63 2.59 2.57 2.62 2.60 2.53 2.53 2.54 2.50 2.49 2.49 2.45 2.42 2.39 2.35 2.27 2.18 2.12 2.09 2.04 1.93 1.82 1.71 1.57 1.52 1.56 1.58 1.53 1.46 1.45 1.57 1.82 2.11 2.25 2.31 2.36 2.43 2.47 2.46 2.38 2.22 2.09 2.00 1.92 1.88 1.91 1.94 1.87 1.72 1.54 1.36 1.22 1.09 0.99 0.97 1.07 1.27 1.51 1.73 2.11 2.64 3.03 3.17 2.90 2.47 2.27 2.42 2.50 2.53 2.73 2.43 1.71 1.36 1.21 1.22 1.41 1.74 2.36 3.19
2.72 2.67 2.59 2.55 2.53 2.54 2.53 2.51 2.51 2.51 2.47 2.45 2.46 2.44 2.42 2.41 2.39 2.37 2.33 2.30 2.24 2.16 2.09 2.04 2.01 1.93 1.83 1.74 1.63 1.54 1.52 1.53 1.49 1.42 1.36 1.37 1.48 1.64 1.78 1.91 2.03 2.16 2.20 2.16 2.05 1.94 1.87 1.85 1.93 2.06 2.10 2.02 1.90 1.74 1.53 1.30 1.14 1.06 1.06 1.15 1.32 1.49 1.63 1.89 2.49 3.02 3.17 3.07 2.74 2.57 2.65 2.73 2.70 2.68 2.54 1.98 1.44 1.21 1.11 1.24 1.62 2.22 2.97 3.27
2.68 2.64 2.55 2.51 2.46 2.44 2.44 2.44 2.42 2.42 2.41 2.37 2.37 2.37 2.36 2.34 2.32 2.31 2.28 2.24 2.19 2.13 2.07 2.02 1.96 1.90 1.83 1.74 1.65 1.57 1.53 1.51 1.46 1.39 1.32 1.23 1.20 1.30 1.48 1.63 1.80 1.97 2.03 1.97 1.91 1.92 1.93 1.95 2.06 2.11 1.98 1.80 1.67 1.50 1.34 1.21 1.10 1.07 1.22 1.45 1.66 1.85 2.11 2.55 3.05 3.18 2.97 2.64 2.24 2.09 2.22 2.28 2.25 2.17 1.87 1.41 1.11 1.07 1.16 1.55 2.16 2.71 2.93 2.52
2.66 2.60 2.52 2.48 2.43 2.38 2.35 2.34 2.32 2.33 2.34 2.31 2.28 2.28 2.29 2.27 2.25 2.24 2.22 2.18 2.12 2.07 2.03 1.99 1.93 1.87 1.80 1.73 1.65 1.57 1.51 1.46 1.41 1.34 1.28 1.23 1.17 1.18 1.30 1.44 1.56 1.71 1.86 1.88 1.79 1.81 1.92 2.03 2.02 1.86 1.69 1.59 1.49 1.33 1.19 1.14 1.14 1.23 1.50 1.81 2.08 2.35 2.75 3.10 3.19 2.99 2.62 2.21 1.85 1.78 1.85 1.84 1.81 1.65 1.36 1.07 0.96 1.05 1.36 1.88 2.33 2.47 2.21 1.77
2.65 2.59 2.47 2.42 2.42 2.39 2.26 2.19 2.20 2.22 2.24 2.23 2.21 2.20 2.21 2.20 2.18 2.16 2.15 2.12 2.06 2.01 1.97 1.94 1.89 1.83 1.77 1.71 1.65 1.58 1.50 1.43 1.37 1.29 1.20 1.16 1.16 1.14 1.15 1.23 1.34 1.49 1.70 1.81 1.82 1.80 1.84 1.87 1.77 1.65 1.56 1.48 1.41 1.37 1.31 1.29 1.39 1.60 1.89 2.19 2.42 2.66 2.88 2.90 2.77 2.53 2.17 1.89 1.71 1.69 1.71 1.65 1.55 1.34 1.05 0.83 0.83 1.01 1.36 1.76 1.99 1.92 1.74 1.57
2.65 2.59 2.44 2.34 2.41 2.47 2.25 2.05 2.05 2.10 2.12 2.12 2.11 2.12 2.14 2.12 2.10 2.09 2.07 2.04 2.00 1.96 1.92 1.89 1.85 1.79 1.73 1.68 1.63 1.57 1.50 1.44 1.36 1.28 1.18 1.11 1.10 1.08 1.07 1.10 1.17 1.27 1.45 1.63 1.78 1.85 1.83 1.75 1.67 1.59 1.49 1.39 1.32 1.31 1.35 1.44 1.65 2.00 2.38 2.55 2.56 2.57 2.54 2.43 2.34 2.17 1.91 1.74 1.62 1.56 1.54 1.48 1.35 1.12 0.84 0.70 0.77 0.99 1.29 1.59 1.77 1.77 1.74 1.67
2.66 2.56 2.40 2.31 2.39 2.52 2.33 2.00 1.88 1.96 2.02 2.01 2.01 2.03 2.06 2.05 2.02 2.00 2.00 1.97 1.94 1.91 1.86 1.84 1.82 1.76 1.69 1.65 1.61 1.55 1.50 1.44 1.37 1.30 1.20 1.12 1.10 1.10 1.09 1.08 1.09 1.12 1.23 1.39 1.56 1.67 1.68 1.62 1.55 1.48 1.43 1.43 1.43 1.46 1.55 1.72 2.01 2.42 2.62 2.52 2.37 2.26 2.17 2.18 2.18 2.04 1.81 1.63 1.51 1.45 1.42 1.35 1.18 0.93 0.76 0.77 0.94 1.14 1.35 1.59 1.79 1.89 1.86 1.78
2.70 2.52 2.29 2.28 2.44 2.53 2.42 2.13 1.81 1.79 1.89 1.92 1.93 1.94 1.97 1.99 1.97 1.93 1.93 1.91 1.88 1.86 1.81 1.78 1.78 1.74 1.67 1.62 1.58 1.53 1.48 1.42 1.36 1.30 1.22 1.12 1.08 1.09 1.09 1.09 1.09 1.12 1.18 1.25 1.36 1.45 1.47 1.42 1.33 1.25 1.22 1.31 1.49 1.68 1.87 2.12 2.45 2.59 2.40 2.08 1.88 1.79 1.87 2.13 2.18 1.96 1.70 1.50 1.39 1.33 1.27 1.16 0.98 0.82 0.81 0.94 1.11 1.23 1.38 1.62 1.86 1.96 1.90 1.83
2.77 2.47 2.14 2.17 2.42 2.50 2.47 2.35 1.94 1.69 1.73 1.83 1.85 1.86 1.88 1.91 1.91 1.87 1.85 1.85 1.81 1.80 1.77 1.72 1.71 1.69 1.64 1.58 1.54 1.50 1.45 1.40 1.34 1.28 1.22 1.14 1.06 1.02 1.02 1.03 1.06 1.09 1.13 1.18 1.24 1.30 1.32 1.31 1.29 1.21 1.20 1.37 1.53 1.69 1.94 2.29 2.47 2.27 1.90 1.63 1.47 1.48 1.82 2.24 2.16 1.84 1.60 1.42 1.31 1.23 1.16 1.04 0.92 0.88 0.96 1.08 1.15 1.21 1.39 1.68 1.85 1.86 1.86 1.88
2.88 2.43 1.97 2.04 2.28 2.32 2.35 2.46 2.18 1.75 1.63 1.72 1.77 1.78 1.79 1.81 1.82 1.80 1.78 1.78 1.75 1.72 1.71 1.67 1.64 1.61 1.58 1.55 1.50 1.46 1.42 1.37 1.33 1.28 1.22 1.16 1.08 1.01 0.98 1.00 1.04 1.08 1.09 1.12 1.17 1.20 1.21 1.29 1.44 1.54 1.67 1.78 1.83 1.88 2.05 2.25 2.15 1.80 1.52 1.37 1.35 1.51 2.00 2.36 2.12 1.78 1.55 1.37 1.25 1.20 1.15 1.08 1.01 1.01 1.07 1.11 1.13 1.21 1.43 1.69 1.71 1.74 1.89 1.98
2.99 2.55 1.95 1.95 2.23 2.18 2.16 2.41 2.35 1.88 1.60 1.61 1.67 1.71 1.73 1.73 1.74 1.72 1.71 1.70 1.68 1.64 1.63 1.62 1.59 1.56 1.53 1.50 1.47 1.43 1.39 1.35 1.30 1.26 1.22 1.17 1.11 1.05 0.99 0.98 1.02 1.08 1.11 1.10 1.11 1.15 1.21 1.32 1.56 1.78 1.87 1.87 1.91 2.01 2.11 2.11 1.84 1.53 1.35 1.31 1.40 1.65 2.19 2.43 2.12 1.78 1.55 1.36 1.27 1.27 1.25 1.19 1.10 1.06 1.10 1.14 1.14 1.23 1.49 1.62 1.59 1.76 2.02 2.06
2.88 2.71 2.16 1.85 2.12 2.16 2.04 2.30 2.45 2.09 1.65 1.51 1.54 1.59 1.65 1.66 1.66 1.65 1.65 1.64 1.63 1.59 1.57 1.55 1.53 1.51 1.48 1.45 1.42 1.39 1.35 1.32 1.28 1.24 1.20 1.16 1.12 1.07 1.02 0.97 0.98 1.03 1.05 1.01 0.97 1.04 1.19 1.35 1.54 1.68 1.72 1.72 1.76 1.86 1.98 1.95 1.66 1.43 1.38 1.45 1.59 1.89 2.39 2.53 2.16 1.84 1.64 1.49 1.45 1.46 1.38 1.17 1.02 1.04 1.14 1.17 1.17 1.31 1.60 1.65 1.68 1.96 2.15 2.10
2.61 2.68 2.42 1.87 1.82 1.94 1.83 1.99 2.37 2.31 1.85 1.50 1.43 1.46 1.52 1.57 1.57 1.57 1.57 1.58 1.58 1.55 1.51 1.49 1.47 1.45 1.43 1.41 1.38 1.35 1.32 1.29 1.25 1.22 1.19 1.15 1.12 1.08 1.04 0.99 0.94 0.91 0.90 0.90 0.91 0.97 1.12 1.33 1.48 1.54 1.59 1.68 1.75 1.81 1.92 1.84 1.56 1.44 1.49 1.64 1.89 2.27 2.59 2.55 2.15 1.83 1.65 1.55 1.55 1.46 1.20 0.95 0.98 1.14 1.24 1.24 1.27 1.51 1.77 1.82 1.92 2.12 2.18 2.07
2.42 2.51 2.52 2.17 1.84 1.76 1.63 1.62 2.00 2.29 2.07 1.65 1.43 1.36 1.38 1.46 1.48 1.47 1.48 1.48 1.50 1.50 1.47 1.43 1.41 1.39 1.38 1.36 1.34 1.31 1.28 1.26 1.23 1.20 1.17 1.14 1.12 1.09 1.06 1.02 0.96 0.91 0.90 0.94 0.99 1.04 1.15 1.27 1.35 1.41 1.49 1.59 1.68 1.77 1.85 1.68 1.51 1.51 1.65 1.89 2.20 2.49 2.58 2.38 1.96 1.63 1.46 1.39 1.30 1.10 0.88 0.96 1.20 1.33 1.37 1.36 1.47 1.78 1.98 2.00 2.03 2.09 2.08 2.01
2.39 2.38 2.41 2.36 2.18 1.97 1.71 1.49 1.63 2.02 2.09 1.89 1.67 1.43 1.28 1.31 1.39 1.40 1.40 1.39 1.41 1.42 1.42 1.40 1.36 1.34 1.33 1.31 1.29 1.27 1.25 1.22 1.20 1.18 1.16 1.13 1.11 1.08 1.06 1.04 1.02 1.00 0.99 1.00 1.03 1.06 1.10 1.13 1.18 1.26 1.34 1.44 1.53 1.65 1.73 1.60 1.56 1.68 1.92 2.18 2.38 2.45 2.38 2.15 1.78 1.50 1.34 1.22 1.05 0.90 0.99 1.26 1.42 1.47 1.52 1.57 1.77 2.07 2.16 2.08 1.99 1.97 1.95 1.88
2.40 2.34 2.28 2.25 2.23 2.16 1.97 1.66 1.51 1.71 1.86 1.90 1.91 1.70 1.34 1.18 1.23 1.30 1.32 1.33 1.33 1.33 1.34 1.33 1.31 1.29 1.28 1.26 1.25 1.23 1.21 1.19 1.17 1.15 1.14 1.12 1.10 1.09 1.07 1.05 1.04 1.04 1.03 1.03 1.03 1.03 1.02 1.03 1.05 1.09 1.16 1.31 1.49 1.66 1.71 1.60 1.59 1.75 2.04 2.28 2.35 2.31 2.19 1.99 1.71 1.45 1.32 1.19 1.07 1.12 1.32 1.46 1.52 1.60 1.69 1.80 2.05 2.27 2.20 2.01 1.86 1.81 1.77 1.67
2.36 2.31 2.23 2.15 2.08 2.06 2.02 1.84 1.60 1.52 1.51 1.58 1.81 1.91 1.62 1.25 1.12 1.15 1.20 1.24 1.27 1.28 1.27 1.26 1.25 1.24 1.23 1.22 1.20 1.19 1.17 1.16 1.15 1.13 1.12 1.10 1.09 1.08 1.07 1.07 1.06 1.06 1.06 1.06 1.06 1.05 1.05 1.05 1.04 1.07 1.14 1.32 1.54 1.67 1.66 1.53 1.53 1.76 2.06 2.19 2.19 2.15 2.02 1.86 1.63 1.43 1.34 1.22 1.16 1.30 1.45 1.51 1.63 1.78 1.86 1.97 2.21 2.25 1.98 1.74 1.61 1.59 1.58 1.48
2.30 2.26 2.19 2.12 2.04 1.96 1.91 1.84 1.69 1.51 1.37 1.31 1.52 1.85 1.88 1.59 1.24 1.08 1.08 1.13 1.18 1.22 1.24 1.22 1.21 1.19 1.18 1.17 1.16 1.15 1.14 1.13 1.12 1.11 1.10 1.09 1.08 1.08 1.07 1.07 1.08 1.08 1.08 1.09 1.09 1.10 1.10 1.12 1.14 1.17 1.22 1.34 1.48 1.56 1.52 1.43 1.54 1.84 2.04 2.05 2.00 1.91 1.80 1.71 1.57 1.45 1.28 1.12 1.14 1.35 1.50 1.60 1.81 1.95 1.99 2.12 2.23 2.01 1.67 1.48 1.40 1.42 1.42 1.35
2.24 2.22 2.15 2.07 2.03 1.97 1.88 1.82 1.73 1.57 1.40 1.25 1.29 1.56 1.84 1.85 1.57 1.25 1.06 1.01 1.06 1.12 1.15 1.16 1.16 1.15 1.13 1.12 1.11 1.11 1.10 1.10 1.09 1.09 1.08 1.08 1.08 1.08 1.08 1.08 1.09 1.09 1.10 1.11 1.12 1.14 1.16 1.18 1.21 1.25 1.26 1.28 1.36 1.42 1.35 1.31 1.54 1.83 1.92 1.87 1.79 1.72 1.68 1.63 1.55 1.42 1.19 1.07 1.21 1.51 1.64 1.78 1.98 2.06 2.07 2.13 2.02 1.69 1.46 1.36 1.30 1.29 1.27 1.28
2.20 2.15 2.06 1.98 1.94 1.95 1.92 1.86 1.76 1.61 1.42 1.22 1.15 1.25 1.51 1.78 1.79 1.55 1.25 1.03 0.97 1.01 1.05 1.08 1.10 1.10 1.09 1.08 1.07 1.08 1.08 1.07 1.07 1.07 1.07 1.07 1.07 1.07 1.08 1.09 1.09 1.10 1.12 1.13 1.15 1.17 1.20 1.22 1.25 1.28 1.28 1.29 1.38 1.41 1.29 1.33 1.59 1.78 1.82 1.76 1.70 1.70 1.71 1.65 1.54 1.35 1.12 1.15 1.45 1.70 1.79 1.93 2.10 2.14 2.09 2.00 1.76 1.52 1.39 1.30 1.24 1.19 1.19 1.35
2.23 2.09 1.93 1.86 1.79 1.80 1.85 1.84 1.78 1.66 1.47 1.24 1.10 1.09 1.20 1.48 1.71 1.72 1.52 1.24 1.04 0.96 0.98 1.02 1.05 1.07 1.07 1.05 1.04 1.04 1.04 1.05 1.05 1.05 1.05 1.06 1.06 1.07 1.08 1.09 1.10 1.12 1.13 1.15 1.17 1.19 1.22 1.25 1.27 1.29 1.31 1.38 1.48 1.50 1.43 1.49 1.68 1.79 1.82 1.82 1.83 1.83 1.67 1.42 1.28 1.10 0.96 1.29 1.70 1.84 1.90 2.03 2.19 2.19 2.05 1.84 1.66 1.55 1.42 1.30 1.23 1.16 1.27 1.66
2.35 2.12 1.87 1.77 1.69 1.63 1.64 1.69 1.67 1.62 1.52 1.31 1.11 1.07 1.09 1.20 1.44 1.66 1.68 1.50 1.24 1.05 0.96 0.94 0.98 1.03 1.04 1.02 1.01 1.01 1.01 1.03 1.03 1.04 1.04 1.05 1.06 1.07 1.08 1.10 1.11 1.13 1.15 1.17 1.19 1.22 1.25 1.27 1.29 1.32 1.36 1.43 1.51 1.56 1.52 1.56 1.74 1.86 1.90 1.96 1.90 1.62 1.19 0.95 1.04 1.06 1.25 1.67 1.88 1.93 2.01 2.13 2.27 2.19 1.96 1.80 1.76 1.70 1.51 1.34 1.23 1.26 1.58 2.14
2.44 2.24 1.98 1.82 1.71 1.63 1.57 1.58 1.55 1.47 1.44 1.34 1.11 1.02 1.05 1.07 1.17 1.38 1.60 1.63 1.44 1.24 1.07 0.95 0.91 0.95 1.00 1.01 1.00 1.00 1.00 1.01 1.02 1.03 1.04 1.05 1.06 1.07 1.09 1.11 1.12 1.14 1.16 1.19 1.21 1.23 1.26 1.29 1.32 1.35 1.40 1.44 1.50 1.54 1.52 1.61 1.82 1.95 1.99 1.96 1.59 1.03 0.84 1.11 1.46 1.63 1.84 1.97 1.96 1.99 2.06 2.19 2.28 2.09 1.88 1.88 1.89 1.74 1.47 1.27 1.27 1.52 2.10 2.87
2.37 2.37 2.26 1.99 1.77 1.67 1.64 1.68 1.68 1.55 1.43 1.39 1.21 1.02 1.00 1.05 1.06 1.11 1.31 1.54 1.58 1.48 1.30 1.11 0.97 0.93 0.96 0.99 1.00 1.00 0.99 0.99 1.00 1.01 1.03 1.05 1.06 1.08 1.10 1.11 1.13 1.16 1.18 1.20 1.23 1.25 1.28 1.31 1.34 1.38 1.42 1.45 1.49 1.51 1.53 1.64 1.83 1.91 1.89 1.70 1.24 1.03 1.34 1.78 1.99 2.07 2.07 1.97 1.94 2.01 2.06 2.18 2.24 2.06 1.96 1.95 1.87 1.64 1.39 1.34 1.66 2.27 3.18 4.34
2.16 2.47 2.72 2.50 2.14 1.83 1.74 1.82 1.85 1.71 1.51 1.39 1.33 1.19 1.03 1.01 1.05 1.04 1.10 1.29 1.47 1.54 1.50 1.36 1.18 1.02 0.93 0.89 0.90 0.93 0.95 0.97 0.99 1.01 1.03 1.05 1.07 1.09 1.10 1.13 1.15 1.17 1.20 1.22 1.24 1.27 1.30 1.33 1.36 1.40 1.43 1.46 1.50 1.52 1.56 1.64 1.72 1.72 1.66 1.48 1.24 1.37 1.74 2.01 2.11 2.09 1.97 1.86 1.90 2.01 2.05 2.15 2.20 2.06 1.96 1.89 1.77 1.57 1.49 1.79 2.43 3.29 4.39 5.10
1.88 2.26 2.88 3.12 3.05 2.69 2.32 2.26 2.21 1.95 1.68 1.50 1.42 1.36 1.22 1.08 1.05 1.06 1.06 1.11 1.20 1.33 1.45 1.48 1.40 1.24 1.05 0.90 0.83 0.85 0.90 0.94 0.98 1.00 1.03 1.05 1.07 1.10 1.12 1.14 1.16 1.19 1.21 1.24 1.26 1.29 1.32 1.35 1.38 1.41 1.44 1.48 1.51 1.54 1.58 1.62 1.63 1.60 1.57 1.49 1.38 1.54 1.81 2.02 2.08 1.96 1.85 1.87 2.00 2.07 2.03 2.07 2.14 2.00 1.82 1.77 1.68 1.56 1.67 2.18 2.87 3.70 4.43 4.29
1.49 1.48 1.93 2.51 2.91 3.01 2.87 2.76 2.76 2.63 2.39 2.24 2.07 1.85 1.68 1.50 1.31 1.17 1.07 1.02 1.05 1.12 1.20 1.31 1.39 1.37 1.22 1.01 0.89 0.85 0.87 0.91 0.96 1.00 1.03 1.06 1.08 1.11 1.13 1.15 1.18 1.20 1.23 1.25 1.28 1.31 1.34 1.37 1.40 1.43 1.46 1.49 1.53 1.56 1.59 1.61 1.62 1.61 1.60 1.56 1.52 1.62 1.82 1.98 1.93 1.77 1.81 1.97 2.06 2.02 1.90 2.02 2.21 2.01 1.79 1.70 1.60 1.59 1.82 2.34 2.91 3.41 3.51 3.55
1.27 1.07 0.90 1.06 1.49 1.94 2.12 2.19 2.40 2.59 2.57 2.50 2.42 2.28 2.08 1.88 1.69 1.47 1.24 1.08 1.03 1.03 1.05 1.09 1.15 1.25 1.32 1.21 1.07 0.98 0.93 0.92 0.95 1.00 1.04 1.07 1.10 1.12 1.15 1.17 1.19 1.22 1.25 1.27 1.30 1.33 1.35 1.39 1.42 1.45 1.48 1.51 1.54 1.57 1.60 1.62 1.64 1.65 1.65 1.64 1.65 1.71 1.79 1.80 1.74 1.70 1.82 1.91 1.90 1.81 1.82 2.16 2.30 1.95 1.70 1.59 1.59 1.69 1.93 2.25 2.56 2.72 2.73 3.76
1.36 1.17 0.85 0.73 0.86 1.02 1.06 1.09 1.31 1.63 1.65 1.62 1.64 1.71 1.75 1.71 1.67 1.62 1.51 1.33 1.15 1.04 1.02 1.01 1.04 1.17 1.36 1.42 1.32 1.19 1.08 1.02 0.99 1.00 1.04 1.07 1.11 1.14 1.17 1.19 1.21 1.24 1.26 1.29 1.32 1.35 1.38 1.41 1.44 1.47 1.50 1.53 1.56 1.59 1.62 1.64 1.66 1.68 1.69 1.70 1.72 1.76 1.77 1.76 1.76 1.78 1.80 1.81 1.75 1.71 1.90 2.24 2.19 1.73 1.54 1.55 1.67 1.77 1.83 1.86 1.95 2.19 2.78 4.60
1.50 1.33 1.07 0.91 0.86 0.87 0.81 0.72 0.79 0.98 1.01 0.99 1.00 1.04 1.12 1.20 1.28 1.38 1.46 1.45 1.37 1.24 1.15 1.12 1.13 1.17 1.25 1.37 1.40 1.33 1.24 1.16 1.08 1.05 1.06 1.09 1.13 1.16 1.19 1.21 1.23 1.26 1.29 1.31 1.34 1.36 1.39 1.42 1.46 1.49 1.52 1.55 1.58 1.61 1.64 1.67 1.69 1.71 1.73 1.74 1.77 1.79 1.80 1.82 1.85 1.85 1.82 1.81 1.75 1.77 1.92 2.07 1.91 1.45 1.39 1.50 1.67 1.69 1.55 1.48 1.68 2.26 3.59 5.25
1.67 1.46 1.14 0.97 0.91 0.88 0.82 0.73 0.70 0.78 0.86 0.91 0.94 0.94 0.96 0.98 1.02 1.06 1.14 1.24 1.33 1.36 1.33 1.28 1.23 1.19 1.17 1.23 1.32 1.35 1.31 1.25 1.20 1.17 1.15 1.15 1.15 1.17 1.20 1.23 1.26 1.28 1.30 1.33 1.35 1.38 1.41 1.45 1.48 1.51 1.54 1.58 1.61 1.64 1.66 1.69 1.72 1.74 1.76 1.78 1.81 1.83 1.85 1.87 1.89 1.88 1.87 1.87 1.84 1.88 1.92 1.90 1.68 1.37 1.37 1.51 1.65 1.58 1.36 1.41 1.86 2.95 4.57 5.13
