windninja/windninja_output/Output_2025-10-23_1900-1950_Google earth_Fire_150m_10min/merlingen_7.5mi_point_10-23-2025_1920_150m_ang.asc
ncols	158
nrows	163
xllcorner	391686.332397
yllcorner	5160024.123721
cellsize	150.000000
NODATA_value	-32768.000000
[rows 84 to 125 of 163, columns 0 to 94 of 158]
96 101 109 104 94 90 89 87 90 103 119 126 124 119 117 118 120 121 122 124 125 125 124 124 130 131 126 124 123 121 121 121 121 121 120 119 119 119 120 125 132 141 152 166 190 221 248 264 272 276 278 280 282 283 283 283 283 283 284 285 286 286 287 287 288 288 289 290 291 292 294 296 298 300 303 305 309 315 322 332 347 356 353 337 315 307 302 298 298 297 294 292 290 288 288
88 88 88 86 82 78 70 66 77 95 112 120 121 116 115 116 118 118 120 123 124 126 127 127 130 133 129 124 124 124 123 122 122 122 120 120 122 123 128 133 139 148 162 184 216 239 254 264 271 276 277 277 276 278 280 281 282 283 284 284 285 286 286 287 287 288 288 289 290 291 293 294 296 299 301 304 307 312 319 330 345 353 351 333 310 304 300 297 297 296 294 293 291 289 289
86 83 80 80 76 69 60 61 78 94 107 114 115 115 112 112 114 114 116 119 120 123 124 127 131 136 134 129 126 126 126 125 126 127 124 121 122 124 130 139 147 163 182 203 226 245 259 268 273 275 275 275 275 277 279 280 281 282 283 284 285 285 286 286 287 287 288 288 289 290 291 293 295 297 300 302 305 310 316 326 339 347 344 327 308 300 298 296 295 294 293 293 294 296 297
85 82 77 76 72 66 62 69 81 91 99 106 109 112 110 109 109 107 109 113 117 119 119 125 137 145 141 133 129 128 128 127 128 132 131 127 126 126 131 142 156 179 199 219 235 250 262 268 270 272 274 276 276 275 276 278 280 282 283 284 284 285 285 286 286 286 287 288 288 289 291 292 294 296 298 300 303 308 313 321 331 338 335 322 306 298 295 293 292 291 291 295 297 299 299
86 84 80 78 72 67 68 73 78 82 89 102 109 111 110 107 105 102 103 108 116 119 124 133 147 158 148 136 131 130 129 130 130 133 133 130 130 130 133 146 169 197 220 234 248 259 264 266 267 269 273 275 276 275 276 277 278 280 282 284 285 285 285 285 285 286 286 287 288 288 289 291 292 294 296 299 302 305 309 315 323 329 327 317 305 296 292 290 290 291 293 296 295 290 286
90 89 86 81 76 72 71 72 72 75 85 100 109 109 107 100 98 99 103 109 117 126 133 143 162 170 153 140 135 132 131 132 132 135 136 134 138 140 140 151 183 217 234 244 255 262 264 265 268 270 272 274 276 278 277 276 275 276 280 285 287 287 286 285 285 285 286 286 287 288 289 290 291 293 295 297 299 302 306 310 315 320 321 313 303 296 290 288 290 292 292 291 285 278 276
91 89 83 77 76 76 74 70 66 73 85 96 103 104 102 99 98 98 100 109 122 134 141 154 175 179 156 141 137 134 134 135 135 138 141 139 144 151 155 169 201 230 244 253 260 263 264 265 268 271 273 275 279 280 279 275 272 273 279 287 291 288 286 285 285 285 285 286 286 287 288 289 290 291 293 295 297 299 302 305 309 313 316 311 304 300 296 292 292 291 287 281 277 275 275
86 82 73 69 72 76 74 69 66 73 83 86 87 90 96 99 100 96 95 107 126 141 153 165 186 184 157 144 140 136 134 136 138 142 146 146 152 159 170 192 217 237 249 255 260 264 265 266 266 269 273 277 280 282 282 277 276 280 283 287 291 289 286 284 284 284 284 285 285 286 287 288 289 290 291 293 295 297 299 301 304 307 311 310 306 304 300 295 292 287 279 272 273 272 272
83 79 70 68 69 70 71 67 61 67 75 76 72 78 89 97 102 102 102 111 123 151 171 181 202 183 154 144 142 139 137 139 139 144 151 155 163 174 190 209 224 238 248 256 261 263 263 264 265 268 272 277 280 282 284 285 284 285 283 281 284 286 285 283 283 283 284 284 284 285 286 287 288 289 290 291 293 294 296 298 300 302 304 306 304 301 298 294 288 279 268 267 270 270 270
84 81 75 72 72 72 71 63 51 60 66 65 60 64 72 85 100 107 108 109 107 138 238 228 216 175 153 146 143 142 141 144 145 149 160 166 175 192 208 222 232 240 247 253 257 260 262 263 264 265 270 278 283 283 286 289 286 282 278 276 277 281 282 282 282 282 283 283 284 284 285 286 286 287 288 289 291 292 293 294 296 297 299 300 298 295 292 288 280 270 265 268 271 270 271
85 82 78 78 80 80 75 66 53 64 67 62 55 53 57 74 86 95 96 86 64 30 353 314 221 164 150 149 147 146 145 145 150 160 174 183 193 208 224 238 247 252 255 255 256 258 262 264 265 267 272 279 285 283 283 285 283 279 277 275 275 278 280 281 281 282 282 282 283 284 284 284 285 286 287 288 289 290 291 292 292 293 294 294 293 291 288 283 276 271 270 271 272 272 272
82 79 77 80 82 78 73 69 74 79 76 69 63 58 62 75 78 82 80 63 40 32 18 21 162 155 149 150 149 151 150 149 157 174 192 200 208 220 234 247 255 260 261 260 260 262 264 267 270 275 278 278 279 279 279 280 281 280 279 277 276 277 279 280 281 281 281 282 283 283 283 284 284 285 286 286 287 288 289 289 290 290 290 290 289 288 286 282 278 276 275 274 274 274 273
81 80 79 79 76 70 64 63 73 85 85 78 70 67 74 80 80 83 75 43 30 38 41 67 135 152 155 155 154 157 152 154 169 192 206 212 222 238 250 257 262 266 267 267 268 268 269 273 277 279 277 271 270 273 275 277 279 279 278 277 277 278 279 280 280 280 281 282 282 282 282 283 283 284 284 285 286 286 287 287 288 288 288 287 287 285 284 281 279 277 276 275 275 274 274
84 83 81 78 73 66 60 58 65 77 81 78 74 74 80 84 88 86 71 41 34 46 63 88 131 155 164 163 160 161 160 164 184 206 217 224 233 246 256 261 265 269 273 273 272 273 274 276 276 273 268 265 266 268 271 273 275 276 276 277 277 277 278 279 280 281 281 281 281 281 281 282 282 283 283 284 284 285 285 286 286 286 286 285 285 284 282 281 279 278 277 276 275 274 274
84 83 80 77 75 69 64 61 63 68 72 77 85 89 90 91 89 80 61 47 45 60 79 96 126 162 171 171 168 168 173 180 198 217 227 234 244 253 259 264 268 271 274 274 272 273 274 273 270 266 264 264 264 266 269 271 272 274 276 276 275 276 277 279 280 281 280 280 280 281 281 281 281 282 282 283 283 283 284 284 284 284 284 284 283 282 281 280 279 278 277 276 275 275 274
81 81 78 77 79 76 73 70 67 65 68 74 85 96 96 91 83 71 57 50 58 73 87 96 121 171 174 175 175 178 184 196 212 225 233 241 250 257 263 267 270 273 275 275 273 273 274 271 268 266 266 266 265 265 268 270 270 272 274 275 274 274 276 278 280 281 281 281 281 280 280 280 280 281 281 282 282 282 283 283 283 283 283 282 282 281 280 279 278 278 277 276 275 274 274
79 78 77 78 78 76 76 75 72 69 71 74 78 88 91 84 78 75 67 68 81 93 95 93 102 166 170 179 183 186 195 207 220 232 241 249 255 260 266 271 275 275 276 277 276 274 273 270 268 266 266 267 267 267 268 269 268 269 272 275 274 273 274 276 279 282 282 282 280 279 279 279 280 280 280 281 281 281 282 282 282 282 281 281 281 280 279 278 278 277 276 276 275 274 273
77 77 77 76 73 73 74 74 74 75 74 74 75 77 78 78 79 81 82 89 101 105 96 74 78 143 165 182 189 194 203 215 228 239 247 253 258 263 268 272 276 276 278 280 279 274 271 270 270 268 266 266 266 267 267 267 267 268 270 272 273 273 273 274 277 280 281 281 280 279 278 279 279 280 280 280 280 281 281 281 281 281 281 280 280 279 279 278 277 276 276 275 274 274 273
75 76 76 73 71 72 73 75 75 76 77 76 76 75 76 80 82 85 89 97 101 97 78 77 103 140 166 183 193 199 207 221 233 243 251 258 263 267 270 272 275 277 279 282 282 278 275 272 271 269 267 266 266 266 267 268 268 268 268 269 273 275 274 273 274 277 279 279 278 277 277 279 280 279 279 279 279 280 280 280 280 280 280 280 279 279 278 277 277 276 275 275 274 273 272
73 73 73 73 72 73 74 75 76 79 80 82 85 91 94 91 89 88 91 94 89 73 74 91 114 139 162 183 196 203 213 223 234 244 253 261 267 270 271 272 275 279 280 282 285 283 278 274 271 268 267 267 268 268 268 268 269 268 268 269 272 273 273 272 273 274 275 276 274 273 274 277 280 279 279 279 279 280 280 280 280 280 280 279 279 279 278 277 276 275 275 274 273 273 272
70 69 70 71 73 75 76 78 79 82 86 90 97 108 111 106 99 95 95 90 79 73 83 99 116 140 158 178 199 209 215 225 238 248 255 261 267 271 272 274 276 279 281 283 286 286 282 276 272 269 268 268 268 270 270 269 268 268 268 269 270 271 271 272 272 271 272 273 272 271 271 273 276 278 277 277 279 280 280 280 280 280 280 280 279 278 277 276 276 275 274 274 273 272 270
68 67 67 69 73 76 79 80 81 84 90 97 104 112 116 115 108 101 97 92 87 90 97 105 119 140 157 176 200 212 220 233 243 249 254 261 267 273 276 277 278 280 282 284 286 287 286 281 276 273 271 270 269 269 270 269 268 268 268 268 269 269 270 271 271 270 271 271 270 270 269 267 269 273 274 277 279 281 280 280 281 282 281 280 279 278 277 276 275 274 274 273 272 271 269
64 63 64 67 70 74 76 77 80 84 90 97 104 111 115 116 111 106 102 99 98 102 108 114 125 142 158 178 200 218 231 241 245 247 254 264 272 276 278 280 280 281 283 285 288 289 289 285 281 278 275 273 270 268 268 269 269 268 268 267 267 268 269 270 270 270 270 270 269 267 266 265 265 268 272 276 278 279 278 280 283 285 283 281 279 278 277 276 275 274 273 272 271 270 269
58 57 58 62 67 71 74 78 81 84 88 93 98 104 109 113 112 112 111 109 107 108 118 130 134 144 161 179 201 220 234 243 242 244 255 269 277 278 277 280 283 283 283 286 288 292 293 290 286 282 277 274 272 270 268 267 268 268 268 266 266 268 270 269 269 269 268 268 269 267 264 265 266 267 269 272 275 278 280 280 282 286 286 283 280 278 277 276 274 273 272 271 270 269 269
51 49 53 62 67 69 72 76 81 84 85 89 92 95 100 107 112 113 113 113 112 114 124 139 143 148 163 178 200 219 233 241 242 245 260 273 277 277 278 282 285 284 285 288 290 292 295 296 291 286 280 276 274 272 269 267 266 267 268 267 266 267 269 269 268 267 266 266 268 267 264 263 266 267 268 270 272 276 279 278 277 281 286 286 282 279 277 275 274 272 271 270 270 269 269
47 45 52 62 66 70 72 73 77 81 82 84 88 92 96 103 111 115 112 110 114 118 127 140 150 155 164 178 200 221 232 239 241 246 261 273 275 276 282 286 283 282 286 291 292 293 297 299 296 290 284 279 276 274 271 269 267 267 268 268 266 265 267 267 266 266 267 266 266 266 263 263 265 268 269 269 270 272 274 275 275 277 282 287 285 281 277 275 273 272 271 270 269 269 268
41 41 54 64 71 76 77 77 79 81 82 83 86 90 94 101 112 121 112 105 108 117 130 143 155 161 168 179 200 222 233 240 241 247 260 271 275 280 285 285 279 280 286 292 294 294 297 301 300 294 289 283 277 274 273 272 269 267 268 269 267 265 264 263 263 264 267 268 267 265 265 265 266 267 268 268 268 269 270 273 274 275 278 283 284 282 278 275 272 271 270 269 269 269 267
35 42 57 68 73 76 77 79 80 81 81 83 87 92 95 100 110 129 119 102 101 111 131 148 157 165 172 177 199 222 235 243 244 249 263 274 280 285 287 282 280 280 282 289 295 296 297 301 303 299 293 287 280 275 274 273 271 268 268 268 268 266 263 261 261 262 264 266 267 268 268 267 266 265 266 266 266 265 266 269 272 274 276 278 280 280 276 274 271 270 269 269 269 269 267
40 47 59 65 69 72 74 76 78 78 76 80 88 95 96 101 111 133 127 103 94 99 120 147 161 166 174 181 197 218 232 244 248 255 268 278 283 286 284 281 280 276 276 285 296 299 297 298 302 302 297 292 284 278 275 274 273 270 268 268 268 266 263 262 262 261 261 262 265 268 269 268 266 265 264 264 265 264 264 265 269 273 275 275 277 275 272 271 268 266 268 271 271 269 267
43 46 55 61 67 72 74 74 75 73 73 80 87 93 94 98 108 134 129 100 89 90 102 131 160 165 181 195 206 218 229 241 252 263 273 279 281 281 280 278 273 270 274 284 295 298 297 297 300 303 302 298 291 282 277 275 275 272 269 267 268 267 264 264 264 262 261 260 262 265 267 268 268 266 263 263 264 265 264 263 265 270 272 272 273 271 266 264 262 264 272 276 274 269 265
39 42 51 58 63 68 73 75 74 72 76 83 86 86 88 93 100 125 139 106 89 81 81 98 123 154 181 205 222 230 231 241 254 267 275 278 277 277 277 274 269 271 278 285 292 296 298 300 301 303 306 306 298 287 279 277 276 275 271 268 267 267 265 265 266 265 262 261 261 262 264 266 267 266 263 262 263 265 265 263 263 266 267 268 268 265 261 260 262 269 275 277 272 265 260
34 38 46 52 57 60 66 69 72 78 85 87 82 74 76 87 98 118 154 120 92 73 62 59 61 84 183 243 260 257 246 246 255 265 274 279 280 278 275 272 272 278 283 285 290 297 302 302 300 302 306 309 307 295 283 278 276 276 273 270 268 267 267 266 266 266 264 262 261 261 261 262 263 265 266 263 262 263 265 264 263 264 265 264 263 258 257 261 266 272 274 272 265 259 257
28 35 43 49 54 58 60 61 66 75 86 89 80 68 70 80 89 102 154 112 74 55 40 37 35 28 18 290 278 290 287 271 263 266 274 280 283 282 276 277 280 284 286 284 288 295 299 298 296 298 305 312 314 304 288 279 276 277 275 272 270 268 268 268 268 267 265 264 262 261 260 259 259 261 265 266 263 261 262 264 264 265 265 261 257 255 257 263 269 272 271 266 259 256 260
27 33 43 49 54 56 56 56 61 68 78 83 77 66 69 76 81 72 352 358 26 22 19 19 17 11 11 354 322 309 301 287 279 280 285 289 287 283 278 282 288 289 286 284 285 289 294 298 299 300 305 314 318 311 294 281 278 278 277 275 273 272 271 270 269 267 266 265 263 261 260 259 257 256 259 264 265 261 260 261 264 266 266 259 254 255 260 264 268 268 265 261 257 259 264
30 33 42 48 52 54 52 53 60 65 70 72 67 62 64 67 70 56 335 324 346 356 1 1 358 356 356 350 344 341 327 317 312 304 301 301 300 294 288 291 293 290 286 283 282 286 293 299 303 304 305 313 319 318 303 287 280 278 278 277 276 277 276 274 271 269 268 265 263 263 262 260 258 255 255 258 261 261 260 261 263 265 264 259 258 259 262 265 266 264 261 258 256 259 262
31 32 39 49 51 50 51 57 65 66 66 66 58 55 60 60 60 45 332 306 307 322 336 342 340 338 338 339 341 342 334 331 323 313 306 303 303 305 303 301 297 290 285 284 285 287 292 297 302 303 303 310 318 320 310 291 282 279 279 279 279 280 280 277 273 270 268 265 263 263 264 263 261 258 255 254 254 257 260 262 262 262 261 260 262 264 265 266 265 262 259 256 252 254 259
31 30 35 46 51 51 55 61 67 67 63 62 52 35 44 51 54 39 349 308 299 302 312 320 322 323 324 326 328 327 325 324 319 311 305 301 302 304 306 306 299 293 290 290 290 289 291 296 301 302 301 306 315 322 315 295 284 281 281 280 280 280 278 274 269 267 268 268 265 264 264 265 265 263 258 253 250 252 256 259 260 261 261 261 265 268 268 266 263 260 257 252 247 251 260
30 28 29 34 38 41 47 56 64 64 56 59 49 21 26 35 42 33 3 331 301 289 290 301 307 311 314 319 318 316 314 312 309 307 303 300 301 298 298 303 300 294 289 288 287 287 290 296 300 300 299 303 313 323 319 301 287 283 282 281 278 275 269 263 259 262 269 276 277 271 267 266 267 267 264 256 250 248 251 255 257 260 262 263 267 269 268 265 261 259 256 249 246 253 264
24 22 20 22 27 29 33 41 51 52 47 53 45 12 12 25 34 31 14 348 306 287 283 285 289 296 302 308 309 308 310 310 306 306 301 297 298 292 290 298 299 293 284 279 280 283 285 289 293 293 294 299 310 322 320 305 289 283 281 277 271 263 258 257 257 262 269 279 286 283 274 270 269 269 268 263 255 249 249 250 253 258 262 266 268 268 266 262 259 258 255 247 247 259 269
20 18 16 16 21 26 29 35 41 42 39 46 41 12 2 11 26 33 30 359 305 290 282 277 279 285 289 295 301 305 310 309 303 303 299 294 295 291 287 293 299 296 284 275 275 278 280 284 288 289 291 295 307 319 315 302 286 278 275 269 260 256 259 263 265 268 269 272 281 288 283 276 274 272 272 271 266 258 253 250 250 255 261 265 265 265 262 257 257 257 253 247 251 263 273
20 16 14 15 17 24 27 32 38 37 35 44 43 22 2 350 12 27 32 17 298 284 285 283 281 278 282 293 303 309 314 309 302 302 298 292 292 293 287 289 297 299 291 278 273 275 279 283 289 290 291 294 303 315 312 298 282 272 270 266 260 263 268 270 272 273 270 267 270 278 283 280 278 278 277 278 279 273 265 258 253 254 256 258 260 260 256 252 256 257 256 255 259 267 274
15 13 12 11 13 19 24 26 30 29 30 41 47 32 0 327 333 356 9 1 337 298 288 283 283 286 295 308 312 316 320 309 300 300 297 290 290 293 289 287 293 299 298 285 275 273 277 283 289 291 290 291 298 310 312 298 282 272 270 271 273 275 275 274 273 272 270 266 263 264 272 277 280 283 284 285 288 286 279 271 264 258 254 252 255 256 249 248 254 258 263 266 268 272 274
