windninja/windninja_output/Output_2025-10-23_1900-1950_Google earth_Fire_150m_10min/merlingen_7.5mi_point_10-23-2025_1950_150m_ang.asc
ncols	158
nrows	163
xllcorner	391686.332397
yllcorner	5160024.123721
cellsize	150.000000
NODATA_value	-32768.000000
[rows 0 to 41 of 163, columns 0 to 93 of 158]
186 185 182 181 181 183 183 183 182 183 184 185 186 189 191 194 195 190 186 186 183 181 183 187 189 191 190 188 188 190 191 193 194 193 193 196 200 201 200 198 197 197 199 200 200 201 203 200 193 191 192 192 193 195 197 198 199 199 200 199 198 199 200 198 197 197 199 201 203 202 202 202 203 202 202 203 205 208 208 206 206 207 209 212 214 213 210 212 213 212 212 212 211 210
188 186 181 180 181 183 185 184 182 182 182 184 185 188 191 193 191 186 183 182 181 178 180 186 190 192 190 187 188 191 192 193 194 193 192 195 197 197 195 194 194 194 196 196 195 196 197 195 190 190 192 193 195 198 199 199 199 198 199 199 198 199 199 198 197 197 200 202 203 202 201 202 202 201 202 203 206 208 206 205 206 208 209 212 214 212 209 210 213 213 212 213 212 212
189 186 182 181 181 183 186 186 182 179 179 181 185 187 190 191 188 184 182 182 181 176 175 182 190 193 191 189 189 192 194 193 193 192 191 192 193 193 192 192 191 191 191 191 191 191 192 192 190 190 191 193 197 200 200 198 197 197 198 199 198 197 197 197 197 198 200 203 204 202 201 202 201 200 201 203 204 206 205 204 204 207 210 210 212 209 204 206 210 211 211 211 210 209
183 184 184 183 183 184 184 182 179 178 179 182 184 185 186 187 186 184 185 186 184 179 175 178 186 190 191 190 190 192 193 193 192 189 188 189 190 192 192 190 188 188 188 188 188 188 189 191 192 191 191 192 195 197 197 196 196 197 198 198 197 196 196 197 197 197 199 202 204 203 202 202 202 202 203 203 203 205 207 205 202 206 209 207 209 207 200 200 203 205 206 207 204 203
177 181 185 185 184 183 180 177 177 179 183 184 183 184 183 184 185 186 188 190 188 181 175 174 179 185 188 189 190 190 191 192 191 188 187 188 190 190 188 186 185 185 185 186 187 188 190 191 192 193 194 195 196 197 198 197 197 197 197 197 197 197 197 198 197 197 199 202 204 204 203 203 203 202 203 204 204 206 207 206 204 205 208 206 207 207 200 195 196 198 200 202 200 197
175 177 182 185 184 181 178 176 177 182 186 184 182 181 181 182 187 190 191 192 190 183 175 170 173 178 184 187 188 189 189 190 189 189 189 188 187 186 185 185 184 184 185 186 189 191 192 193 193 195 197 197 197 198 199 198 198 197 196 196 196 197 197 197 197 197 199 201 203 203 203 204 203 201 201 204 204 204 206 208 208 206 207 206 206 208 203 195 191 192 194 196 195 192
178 177 177 180 182 181 179 178 181 184 184 183 181 179 180 182 187 192 192 191 190 185 177 168 167 173 179 183 185 187 187 187 188 189 190 188 185 185 185 186 186 186 187 189 192 193 194 194 195 196 198 199 198 198 199 199 198 196 195 194 194 194 195 197 198 198 198 200 202 201 201 202 201 199 198 201 203 204 204 207 208 205 203 205 207 209 208 200 192 187 186 190 192 192
180 179 177 176 178 179 180 183 184 184 182 180 178 179 180 182 185 190 191 190 189 187 182 172 166 169 175 178 181 184 185 185 187 189 189 187 186 187 188 189 190 190 192 193 194 194 195 196 196 197 198 198 198 199 200 199 197 195 193 192 191 192 194 197 198 198 198 199 200 199 198 200 201 200 198 200 204 206 205 206 207 204 201 202 204 206 206 202 196 187 182 186 191 195
180 180 179 177 177 178 181 184 184 182 179 176 175 176 180 183 184 186 189 190 189 188 185 179 171 168 171 175 178 182 183 183 186 188 188 188 189 190 192 194 195 195 195 195 195 194 195 197 196 196 197 197 197 199 200 197 195 193 192 191 192 193 193 197 199 200 198 197 199 199 199 201 203 203 202 202 205 208 207 207 208 204 198 197 197 198 199 198 194 188 186 186 189 190
180 180 180 179 179 180 181 182 182 180 177 174 172 173 177 182 184 184 185 187 187 187 186 183 178 171 170 175 179 180 181 182 184 187 189 190 192 193 196 197 198 197 196 196 196 196 197 198 197 195 197 199 198 197 198 197 195 195 196 197 199 197 195 198 201 200 198 196 198 201 204 205 204 204 204 205 208 208 204 203 204 202 197 192 192 193 194 193 189 188 190 190 187 187
181 181 181 181 181 181 181 181 180 179 177 175 172 171 174 179 182 182 181 183 185 186 186 185 182 177 175 177 179 179 181 183 184 187 190 193 195 196 197 197 197 197 196 197 199 199 198 199 200 198 200 200 199 198 200 203 203 204 207 209 208 206 202 201 200 199 198 199 200 205 207 205 203 203 205 208 210 206 198 196 198 201 199 194 190 189 189 190 189 191 195 194 190 189
181 181 181 181 181 181 181 180 180 179 178 176 173 171 172 174 177 179 179 179 181 184 186 186 184 183 181 180 180 181 183 185 186 187 190 194 197 197 196 196 197 198 198 200 202 202 202 206 210 210 211 210 210 212 217 220 222 223 225 227 230 229 220 208 202 200 202 203 202 203 204 204 203 201 202 203 203 200 192 189 194 198 198 195 189 186 188 191 190 190 196 199 195 193
182 181 181 182 182 181 180 180 180 179 178 176 175 173 171 171 171 174 177 178 179 182 185 188 189 189 188 185 183 183 184 186 186 187 192 196 197 196 195 196 198 199 200 201 204 207 210 216 224 228 229 233 240 247 252 250 244 240 241 248 253 252 248 243 230 217 211 203 195 195 199 202 202 197 194 193 194 194 192 190 191 194 195 194 191 189 191 194 192 190 196 202 201 196
182 182 181 181 181 181 181 180 180 179 178 177 176 176 174 170 167 168 172 176 178 181 186 191 194 194 191 187 185 185 186 186 186 189 192 196 195 194 195 197 200 204 208 213 217 220 220 220 223 228 231 235 241 249 259 266 262 252 243 240 239 233 226 224 229 239 232 189 168 180 194 198 198 193 188 188 191 194 194 194 192 192 192 194 196 195 196 200 199 195 200 209 210 207
183 182 181 181 181 181 181 181 180 179 178 177 176 176 176 174 169 166 168 173 178 183 188 193 195 193 190 188 187 188 189 187 187 188 190 192 195 198 201 206 214 223 231 237 237 234 228 218 215 218 221 221 220 222 225 230 230 224 216 215 214 209 203 202 204 204 197 182 150 145 173 187 191 190 189 190 192 197 201 199 194 192 193 199 203 203 204 208 209 208 214 226 230 230
183 182 182 181 181 181 180 180 180 179 178 177 175 174 174 175 174 172 171 172 178 183 188 192 193 190 188 188 189 189 187 187 187 188 191 196 204 211 218 226 233 233 231 226 221 218 217 214 210 211 210 207 201 200 202 206 207 202 197 200 201 200 198 197 199 199 195 190 182 156 144 164 181 188 190 191 195 201 204 200 195 194 199 206 212 215 218 221 222 223 228 236 238 238
183 183 182 181 181 181 180 180 179 179 177 176 175 172 170 171 174 177 177 176 178 182 186 189 190 189 188 187 188 187 186 188 192 198 207 215 221 225 226 223 220 213 208 208 208 206 208 208 203 199 200 198 195 195 198 203 205 200 192 193 196 198 198 196 197 199 197 192 189 183 163 148 160 175 184 190 196 200 199 198 198 202 208 216 224 231 234 237 239 231 224 225 226 228
183 183 182 182 181 181 180 180 179 178 177 176 175 172 168 168 172 177 179 180 181 183 185 186 188 190 189 187 186 187 189 195 203 211 214 214 211 209 207 205 204 202 202 205 206 204 203 200 196 192 192 193 195 197 200 202 203 200 193 191 195 198 198 196 195 197 197 195 194 192 183 170 164 165 171 184 191 195 199 205 211 215 219 226 233 239 240 238 235 228 219 220 220 221
183 183 182 182 181 181 180 179 179 178 178 177 175 173 170 168 170 175 179 182 184 185 185 185 188 190 190 188 187 189 196 202 207 207 206 206 204 202 201 201 201 202 203 204 204 203 198 193 193 194 193 193 195 198 198 198 198 198 194 192 196 200 199 196 194 194 197 199 198 193 187 181 178 176 174 176 187 202 218 228 232 233 230 227 226 226 225 224 225 223 215 215 219 219
183 183 182 182 181 181 180 179 178 178 178 177 176 174 172 171 172 176 179 182 184 184 184 185 187 188 189 190 190 192 197 202 205 205 206 206 204 201 197 197 197 198 200 200 199 197 194 192 192 196 197 196 194 193 193 193 195 197 197 195 199 203 202 197 195 195 198 200 195 190 187 185 186 187 185 184 193 215 230 233 232 229 222 216 215 217 217 219 222 221 210 205 214 218
183 183 182 181 181 181 180 179 179 178 178 177 176 175 174 174 175 177 179 180 182 183 183 184 186 187 189 191 191 193 196 199 202 201 199 198 196 193 191 193 195 197 198 198 196 194 195 195 194 196 197 196 193 189 188 191 194 196 198 199 201 205 203 197 195 194 194 194 191 190 191 191 192 192 189 188 194 203 211 217 217 215 213 210 209 213 216 218 220 219 209 201 209 217
183 182 182 181 181 180 180 179 179 178 177 177 177 176 176 176 177 178 179 180 181 182 183 184 186 188 189 191 192 193 194 195 196 193 191 190 191 192 191 193 195 197 197 196 196 196 197 195 194 194 195 195 193 190 188 190 192 194 198 201 202 203 201 196 193 191 189 189 191 193 196 197 198 196 191 186 189 197 204 208 211 212 212 209 204 208 212 214 217 215 207 199 204 213
182 182 182 181 180 180 180 179 179 178 177 177 177 177 176 176 177 178 179 180 181 182 183 184 186 187 189 191 192 192 191 189 188 188 188 189 192 195 195 195 195 195 196 197 198 196 193 193 192 193 194 194 194 193 190 189 190 191 194 200 202 201 201 195 189 186 185 189 195 199 201 201 201 199 191 183 183 191 198 204 209 210 210 209 203 202 204 207 211 212 206 198 201 211
182 182 182 181 180 180 180 179 179 178 177 177 177 177 177 177 177 177 178 179 180 181 182 184 186 187 190 193 194 192 188 185 184 187 190 192 195 198 197 195 193 193 195 197 195 192 191 193 193 193 194 195 195 194 191 189 189 190 191 196 200 201 200 192 185 184 188 194 201 206 205 203 201 197 192 186 182 185 193 201 207 209 209 210 206 200 197 203 210 212 207 200 203 211
182 182 181 180 180 180 180 179 178 177 177 177 177 177 177 177 177 177 178 179 180 181 182 184 186 188 193 197 196 191 187 183 182 186 191 194 196 197 195 192 190 190 192 192 191 191 194 196 196 195 195 195 193 192 191 190 190 191 191 194 198 200 195 189 185 188 195 203 210 213 211 204 198 195 194 194 189 185 188 197 204 206 207 209 208 203 198 202 210 213 207 201 204 210
182 182 181 180 180 180 179 179 178 177 177 177 176 176 177 177 177 177 178 179 180 181 182 183 186 189 194 198 197 192 187 183 181 182 188 192 196 196 193 189 188 187 187 187 190 195 197 197 196 195 195 195 194 192 191 189 191 195 196 195 194 191 189 190 192 194 199 206 212 215 211 200 193 195 196 197 198 191 183 187 195 200 202 205 207 204 199 200 208 211 204 197 202 208
182 182 181 180 180 179 179 178 177 177 177 177 176 176 176 176 177 177 178 179 179 180 181 182 185 189 193 196 196 195 191 186 181 178 182 188 192 194 192 187 185 184 183 185 190 194 196 196 195 194 195 197 196 192 187 187 193 199 199 193 187 184 186 193 199 201 203 206 209 210 205 196 193 195 195 195 201 200 185 178 186 194 198 201 203 203 199 201 207 209 201 192 197 205
182 181 181 180 179 179 178 177 177 177 177 177 176 176 175 176 176 177 178 178 178 179 180 181 184 187 189 192 195 196 196 192 185 179 177 181 186 191 191 187 184 182 181 184 187 189 191 195 196 193 193 195 194 191 187 186 192 197 195 188 185 185 189 198 205 208 207 206 206 204 202 198 195 195 193 191 198 203 195 179 179 188 194 197 200 203 202 203 209 210 203 190 190 200
181 181 181 180 179 178 177 177 177 177 177 177 176 176 175 175 176 176 177 177 177 178 179 180 182 184 185 186 190 195 197 196 191 185 179 176 179 185 187 185 182 181 181 182 184 186 189 193 196 193 189 192 193 193 191 187 187 192 192 188 187 191 196 200 205 208 207 204 203 200 201 200 197 196 194 191 194 204 205 192 180 181 188 195 201 207 208 208 211 212 207 197 189 194
181 181 180 180 179 178 177 177 177 177 176 176 176 175 175 175 175 175 176 176 177 178 179 179 180 180 179 180 185 190 194 196 194 188 179 175 177 181 182 182 180 180 182 183 183 185 187 188 190 190 188 189 192 195 194 189 186 188 193 192 190 197 204 206 207 208 204 200 201 201 201 202 202 201 197 192 194 204 211 205 188 177 183 195 205 210 210 208 210 211 210 205 196 192
181 180 180 180 179 177 176 177 176 176 176 176 175 175 175 174 174 175 175 176 176 177 178 178 178 176 174 176 182 187 192 195 193 185 178 175 177 178 179 179 179 180 182 184 185 185 185 184 184 188 189 190 193 198 199 195 191 191 194 198 198 202 210 214 213 208 200 198 203 206 205 207 208 203 195 191 193 201 209 209 197 182 182 193 202 204 204 204 207 210 212 212 209 202
181 180 179 179 178 177 176 176 176 176 175 175 175 174 174 174 174 174 174 175 175 176 177 177 176 174 174 176 181 188 192 190 186 182 178 177 177 176 176 178 180 181 184 186 187 186 184 182 184 190 192 194 197 203 204 200 197 196 198 203 205 204 210 216 215 206 196 196 205 210 210 208 204 196 190 190 193 198 206 209 203 192 187 192 198 201 204 208 212 215 217 218 219 217
180 180 179 178 177 176 176 176 176 175 175 175 174 174 174 174 174 174 173 173 174 175 175 176 174 173 173 175 180 185 185 183 182 183 181 176 174 173 175 180 184 185 186 187 188 187 186 186 190 195 196 197 199 204 206 200 197 199 203 208 209 205 204 209 212 206 193 191 202 210 208 200 194 190 188 189 191 195 203 209 208 201 197 195 199 205 211 214 218 221 223 223 222 221
180 180 179 177 176 176 176 176 175 174 174 174 174 174 174 174 174 173 173 173 173 173 173 174 174 173 172 173 175 176 177 179 182 186 184 174 170 173 178 183 187 188 188 189 190 189 190 192 196 198 198 199 200 204 206 201 195 198 205 210 209 201 196 202 209 207 196 188 197 205 201 195 193 191 189 187 187 190 198 206 209 207 204 201 198 202 209 211 212 216 219 221 221 220
180 180 179 177 175 176 176 175 175 174 173 173 173 173 173 174 173 173 173 173 173 172 172 171 172 172 172 172 171 170 171 176 181 184 184 178 172 175 182 186 189 192 193 195 195 194 195 197 199 199 200 202 203 204 205 202 197 197 206 213 211 200 191 195 206 209 204 193 191 196 198 197 197 195 191 187 185 187 194 204 209 208 207 207 201 199 206 208 207 210 213 213 214 214
179 179 178 176 175 176 175 175 174 174 173 173 173 173 173 173 173 173 173 173 172 172 172 170 170 171 172 172 172 169 167 171 176 178 181 183 180 180 185 190 195 199 200 199 197 196 196 197 197 198 200 202 202 202 200 199 198 200 206 215 216 205 191 189 201 209 208 199 189 191 198 204 204 200 194 188 186 189 197 204 208 208 210 213 210 201 202 206 205 204 205 207 210 214
179 178 176 175 175 176 175 174 174 173 173 173 172 173 173 172 172 172 172 172 172 172 171 171 170 170 170 172 174 169 165 166 169 173 180 186 188 189 194 199 201 202 201 198 196 196 195 195 196 197 198 198 198 197 195 195 198 201 205 212 216 208 193 186 193 204 207 203 196 195 204 211 211 202 193 189 189 195 203 205 206 209 213 216 217 208 196 201 203 200 200 204 210 215
178 177 175 174 175 176 175 174 173 173 173 172 172 172 172 172 172 172 172 172 172 172 171 171 170 169 170 172 171 166 163 164 166 172 181 187 193 200 204 204 201 199 197 195 194 194 194 193 195 197 196 194 194 195 195 194 196 200 202 206 210 208 197 187 188 199 207 207 204 203 207 209 204 195 192 193 190 191 201 205 203 205 210 214 217 212 196 193 199 199 198 203 209 212
176 175 175 175 175 175 174 174 173 172 172 172 173 172 172 172 172 172 172 172 172 172 171 171 170 169 169 169 165 162 162 163 166 173 181 189 199 206 206 201 197 195 193 192 192 192 190 190 192 194 192 189 190 194 195 191 191 195 198 200 203 204 200 192 189 197 208 213 210 207 203 197 194 193 195 195 187 183 196 206 202 200 204 209 214 212 201 191 194 198 200 203 209 213
175 174 174 175 175 174 174 173 172 172 172 173 173 172 172 172 172 172 172 172 172 172 171 171 170 169 168 165 161 159 160 162 166 172 181 192 199 200 200 199 196 193 190 188 189 190 189 188 189 191 191 188 186 189 190 188 186 188 192 195 198 203 205 202 194 197 209 215 211 203 195 193 196 199 198 194 185 179 189 201 203 202 205 208 214 214 205 192 190 196 200 205 212 218
175 174 174 174 174 174 174 172 171 172 173 173 172 172 172 172 172 172 172 172 172 171 171 171 170 169 167 163 160 160 160 160 164 170 182 192 193 193 195 196 194 191 187 185 186 188 189 187 186 189 191 186 180 181 186 188 185 186 191 196 200 206 210 210 200 197 208 213 207 197 194 199 205 200 195 190 184 179 183 196 203 204 206 208 212 213 204 193 191 195 199 206 216 222
175 174 175 175 174 174 173 172 172 172 173 172 172 172 172 172 172 172 172 172 172 172 172 171 170 169 167 165 163 162 161 162 164 170 181 188 189 189 189 189 188 187 186 187 185 183 185 186 186 187 189 185 179 178 184 190 190 191 196 204 208 208 210 210 205 200 204 207 200 196 199 204 202 193 187 187 184 181 184 195 203 203 204 206 206 204 200 196 196 196 198 207 218 223
