windninja/windninja_output/Output_2025-08-24_0800-0850_Google earth_Fire_150m_10min/merlingen_7.5mi_point_08-24-2025_0800_150m_ang.asc
ncols	158
nrows	163
xllcorner	391686.332397
yllcorner	5160024.123721
cellsize	150.000000
NODATA_value	-32768.000000
[rows 84 to 125 of 163, columns 0 to 93 of 158]
205 200 200 210 216 217 215 216 217 213 206 202 203 205 207 206 205 204 202 199 197 196 196 195 191 190 195 198 199 201 201 202 203 206 209 211 212 211 210 208 205 203 201 200 200 201 200 198 199 200 201 200 198 197 198 200 201 201 201 201 201 201 201 201 201 200 200 200 200 200 199 199 198 197 196 195 194 192 189 185 182 183 190 194 193 191 190 192 192 194 197 200 202 203
197 208 220 226 229 228 227 227 224 217 209 205 205 207 207 206 206 206 204 202 199 196 193 192 189 188 193 199 200 200 201 203 203 204 207 209 210 211 211 208 205 203 203 203 204 205 205 205 205 205 205 205 204 202 201 201 202 202 201 201 201 201 201 201 201 201 200 200 200 200 199 199 198 197 196 196 194 192 190 186 181 180 185 189 190 190 191 194 195 195 197 200 203 206
207 220 232 236 239 237 233 227 221 215 208 206 206 206 207 208 209 211 210 208 205 199 193 186 183 185 191 196 199 200 201 202 201 201 203 204 206 208 209 208 205 203 203 204 205 206 208 208 208 207 206 207 206 205 203 202 202 202 202 201 201 201 201 201 201 201 201 200 200 200 200 199 199 198 197 196 195 193 190 185 179 176 178 183 188 191 193 195 196 197 199 201 202 200
229 236 241 240 236 230 222 215 213 212 210 207 206 205 208 210 211 214 214 212 207 199 187 174 172 179 188 194 198 200 201 202 201 199 200 202 203 205 206 207 205 202 201 203 206 208 209 209 209 209 207 206 206 206 206 205 204 203 202 201 201 200 200 200 201 201 201 201 200 200 200 200 199 198 197 196 195 193 190 186 178 171 169 174 185 192 195 197 199 202 203 200 195 193
240 238 231 221 215 211 209 209 212 215 214 207 203 203 205 208 211 213 212 208 199 187 175 172 173 179 188 195 199 201 202 203 203 202 202 203 203 205 207 208 207 204 202 202 204 206 208 209 209 209 207 205 204 205 205 206 205 204 202 201 199 199 200 200 200 201 201 201 201 201 200 200 199 199 198 197 195 194 191 187 180 170 164 166 177 190 198 200 201 204 200 195 193 194
235 226 213 210 207 206 208 211 213 216 213 204 200 202 205 207 209 210 208 201 187 174 173 177 182 184 190 196 200 202 203 203 203 203 204 205 204 205 209 212 212 209 205 203 203 205 208 210 210 208 206 203 201 200 201 203 206 208 206 199 196 197 199 200 200 201 201 201 201 201 201 200 200 199 198 197 196 194 192 189 184 175 166 164 172 189 204 206 204 203 198 195 201 208
227 220 212 214 212 208 208 210 209 209 209 203 199 202 205 206 205 206 204 192 174 171 178 187 189 189 194 198 201 203 204 205 204 204 205 206 204 203 206 211 214 213 209 206 204 205 208 211 211 209 206 203 200 198 199 203 207 208 205 195 190 194 198 199 200 201 201 201 201 201 201 201 200 200 199 198 197 196 194 191 187 181 174 172 177 189 204 209 207 205 202 203 212 217
218 213 208 207 204 201 198 198 200 204 207 205 200 200 200 199 199 200 200 185 171 175 189 195 194 194 198 200 203 205 206 206 206 205 205 206 205 203 202 205 210 212 211 209 207 206 208 211 213 211 207 203 200 197 196 201 203 201 199 196 191 192 197 199 201 201 201 201 201 201 201 201 201 200 199 199 198 197 195 193 191 186 181 179 182 187 193 202 206 208 209 215 224 228
206 201 197 196 196 193 186 185 190 198 205 203 199 199 199 197 194 192 190 186 181 186 197 202 200 199 202 203 205 207 208 208 208 206 204 206 205 204 202 202 206 211 213 213 211 209 210 214 217 216 212 206 200 196 193 194 196 197 200 201 197 195 197 200 201 201 201 202 202 202 201 201 201 201 200 200 199 198 197 195 194 191 186 183 184 188 193 202 211 217 225 233 239 241
190 189 188 190 191 189 186 184 187 196 201 197 192 190 191 193 188 184 187 192 197 196 201 206 204 203 205 207 208 209 210 211 211 207 205 205 206 206 204 202 203 209 214 215 214 213 214 215 217 218 215 206 197 195 191 189 195 202 207 208 204 199 199 200 201 202 202 202 202 202 202 202 201 201 201 200 200 199 198 197 196 195 193 190 189 194 202 214 227 233 234 236 237 237
171 176 182 185 187 188 188 186 186 192 198 196 192 189 190 192 192 191 197 207 208 204 206 208 207 208 208 208 209 211 214 216 213 207 204 205 206 206 204 202 200 202 209 213 213 212 212 212 212 211 209 202 193 194 194 193 199 206 209 210 207 203 201 201 202 202 202 202 202 202 202 202 202 202 201 201 201 200 199 199 198 197 197 196 197 200 207 218 227 228 227 226 226 226
151 164 179 182 185 187 187 184 181 187 196 200 199 199 199 205 208 215 218 217 215 217 218 219 215 212 210 209 210 212 214 212 209 205 204 205 206 206 205 203 199 196 201 208 208 207 206 205 204 201 201 201 197 196 198 198 200 203 206 208 207 204 202 202 202 202 202 202 202 202 202 203 202 202 202 202 201 201 201 200 200 200 199 200 201 203 207 212 216 217 218 218 218 218
134 151 172 179 186 191 191 185 181 185 204 214 217 218 223 231 232 237 234 221 226 233 236 235 225 215 211 211 210 208 209 210 210 209 207 207 207 207 206 204 199 194 196 202 204 203 202 200 199 199 203 207 205 201 202 203 202 204 205 206 206 204 203 203 202 202 202 203 203 203 203 203 203 203 203 202 202 202 202 201 201 201 201 202 203 204 206 208 210 212 213 214 214 215
128 140 164 177 191 200 200 198 194 196 213 230 240 234 237 239 243 244 237 228 234 242 246 246 228 210 208 210 210 209 212 217 218 216 213 211 210 208 206 203 200 194 192 197 201 202 202 203 204 208 213 214 211 206 205 207 207 206 206 206 206 205 204 203 203 203 203 203 203 203 203 203 203 203 203 203 203 203 203 202 202 202 202 203 204 205 206 207 209 210 211 211 212 213
118 126 152 176 200 209 211 212 212 215 226 243 258 261 258 257 255 253 246 239 236 238 239 231 206 200 206 211 214 217 223 226 224 221 218 216 214 210 206 202 200 195 191 195 202 205 207 211 215 217 217 216 214 210 207 208 208 207 205 205 206 206 207 205 203 203 203 204 204 203 204 204 204 204 204 204 204 204 203 203 203 203 203 204 204 205 206 207 208 209 209 210 211 211
106 109 129 171 211 227 235 235 234 235 239 244 251 262 266 266 264 260 252 242 232 226 222 216 206 206 212 217 221 225 228 230 229 226 221 216 213 211 206 200 197 194 190 192 200 204 206 210 214 214 214 212 211 210 208 207 208 208 206 204 204 206 207 206 204 203 203 203 203 204 204 205 205 205 205 205 204 204 204 204 204 204 204 204 205 205 206 206 207 208 208 209 209 210
112 115 136 181 225 245 253 254 251 249 250 252 256 266 272 269 265 261 249 233 225 222 221 222 222 221 224 226 229 233 237 238 237 232 224 218 214 212 208 199 193 192 189 189 195 201 205 208 210 211 211 210 208 208 207 207 207 208 207 204 202 203 205 205 203 202 201 202 203 204 205 206 206 206 205 205 205 205 205 205 205 205 205 205 205 205 206 206 207 207 208 208 209 209
129 134 158 199 231 245 252 254 255 254 253 251 249 251 252 251 245 239 228 222 224 227 232 234 234 234 235 236 239 242 245 246 245 242 236 227 220 215 210 201 191 189 187 185 189 199 205 207 207 208 209 209 208 208 208 207 206 207 208 205 202 202 204 205 204 202 201 201 202 205 207 207 207 206 206 206 206 206 206 205 205 205 205 205 205 206 206 206 207 207 207 208 208 209
149 156 181 208 227 238 244 247 248 247 245 243 238 230 223 222 223 220 214 217 225 233 238 240 240 241 243 245 246 246 246 247 247 247 247 242 229 217 211 203 192 185 183 181 183 192 199 202 203 205 207 208 208 207 208 207 206 206 207 206 202 200 202 205 206 204 202 202 204 208 210 209 207 207 208 208 207 207 207 206 206 205 205 205 205 206 206 206 207 207 207 208 208 208
174 180 195 211 223 230 235 239 242 242 241 239 232 221 215 218 220 219 218 225 232 236 240 243 242 242 246 249 248 247 248 248 248 248 249 247 237 221 214 205 192 181 177 176 176 182 192 199 202 204 206 207 207 205 206 205 205 206 206 205 203 200 201 204 206 206 204 204 205 207 211 212 210 210 210 209 209 208 207 207 206 206 206 206 206 206 206 206 207 207 207 208 208 208
192 196 204 215 224 231 236 239 243 246 246 243 238 234 235 238 238 235 239 245 243 238 239 240 239 239 241 244 244 248 251 250 249 248 247 245 241 227 211 198 186 175 170 168 168 173 184 194 200 204 205 206 206 205 205 205 205 205 206 206 205 204 203 204 206 207 205 203 203 205 209 214 215 216 217 216 213 210 209 208 207 206 206 206 206 206 206 206 207 207 207 208 208 208
205 207 211 219 227 234 239 241 244 248 251 254 256 256 257 260 260 258 256 253 247 241 238 237 235 234 237 239 240 246 250 249 247 244 243 243 238 217 192 181 175 169 164 161 161 166 175 186 193 199 202 203 204 205 205 205 205 205 206 207 207 206 205 205 207 208 206 203 202 204 208 212 215 216 217 218 215 213 213 212 208 206 205 205 205 206 206 207 207 207 208 208 208 209
215 213 214 220 226 231 235 238 239 242 243 241 242 242 247 254 257 257 252 246 242 242 238 232 230 230 232 235 238 242 243 243 240 237 238 238 229 207 185 172 167 163 160 157 156 157 166 177 185 191 197 200 201 204 205 205 204 205 207 208 208 206 205 206 206 207 207 204 202 205 209 211 212 211 210 211 212 211 213 213 208 204 204 205 205 206 206 207 207 207 208 208 209 209
218 216 216 220 225 228 230 227 222 222 221 219 222 227 235 243 248 248 246 241 239 240 237 228 224 226 228 228 232 237 238 238 232 227 230 231 221 205 189 172 161 158 157 156 154 153 158 168 177 185 193 198 200 202 204 205 205 205 206 208 209 207 206 205 206 206 207 206 202 204 208 210 211 211 211 211 211 207 204 206 207 203 201 203 205 206 207 207 207 208 209 209 210 210
220 218 217 219 219 218 214 210 208 212 218 221 225 229 233 237 239 239 238 237 237 239 236 225 220 222 224 221 225 234 236 235 226 217 226 229 220 205 190 176 164 155 153 154 153 152 153 159 170 180 189 196 199 201 203 205 206 206 205 206 207 208 207 206 208 208 208 207 204 202 206 210 212 212 212 211 211 208 204 207 210 208 201 200 202 205 206 207 208 209 210 210 210 210
222 219 216 213 210 208 209 210 213 219 227 230 229 230 233 234 231 226 225 229 234 239 236 226 216 216 218 217 223 233 232 228 220 213 227 231 218 200 185 182 175 159 149 150 151 151 150 153 162 173 183 191 196 199 201 203 205 206 205 203 205 208 208 207 209 210 209 208 206 202 205 210 212 210 210 211 211 211 209 210 212 211 206 199 199 204 207 208 209 211 211 211 211 211
222 218 214 212 211 214 218 223 227 229 232 233 230 228 230 231 226 214 215 222 232 241 237 225 214 209 213 213 219 228 229 224 217 215 227 229 210 192 186 187 182 169 157 148 144 147 149 150 156 165 175 185 193 198 199 200 203 206 206 204 204 208 210 209 209 212 211 208 206 204 203 207 210 210 211 212 213 214 214 213 213 213 211 204 200 203 207 210 212 213 214 214 213 213
220 218 216 217 221 225 228 230 231 230 231 234 232 226 226 229 221 205 207 217 228 238 236 220 212 208 206 203 210 221 227 224 216 214 220 217 202 191 189 187 178 176 175 158 144 143 146 147 149 157 168 178 189 196 199 199 201 205 208 206 204 207 210 209 209 210 211 209 206 203 202 205 210 212 213 214 214 215 216 216 214 214 213 208 203 203 208 213 216 218 219 218 217 215
223 223 222 224 226 226 226 226 227 226 225 228 228 221 223 227 220 199 199 208 218 228 233 218 209 211 204 196 201 213 221 223 216 212 216 212 203 198 194 186 180 183 183 171 155 146 144 143 143 148 159 172 184 193 197 198 199 203 207 206 204 206 209 209 208 208 210 210 208 204 203 206 210 212 214 215 214 214 214 215 215 215 214 211 207 205 210 216 222 226 227 221 217 216
228 227 226 227 228 227 225 223 222 220 218 221 222 218 221 227 219 192 186 196 207 220 229 224 211 215 211 203 199 205 214 219 220 218 221 218 213 208 197 190 186 183 179 174 166 155 147 144 142 143 150 163 177 188 195 197 197 200 205 207 204 204 207 209 207 207 209 209 208 205 203 205 208 210 212 215 215 213 212 214 216 217 215 215 212 208 212 218 221 223 221 213 210 214
227 226 226 225 224 224 224 222 220 217 215 217 218 215 219 225 213 183 174 187 199 213 222 224 215 211 211 209 206 201 206 215 221 224 226 225 218 210 199 191 184 176 173 174 172 162 154 152 150 146 146 154 168 182 192 196 197 198 203 206 205 203 205 208 206 205 207 208 208 206 204 205 208 209 211 214 215 214 212 213 216 217 214 213 212 208 210 215 212 211 210 207 208 214
225 224 223 222 221 220 220 221 220 217 214 214 212 210 216 222 211 182 170 180 193 204 211 214 214 210 208 206 208 202 197 207 217 225 225 215 204 200 197 188 178 172 174 178 177 168 161 160 157 153 149 150 158 174 188 195 197 197 201 205 205 203 204 207 206 204 205 207 208 208 206 207 211 212 211 213 215 216 213 212 217 219 215 212 212 207 206 208 206 207 209 209 209 212
222 222 222 221 220 219 219 218 218 216 214 210 206 205 213 222 215 188 172 175 187 193 197 204 209 211 208 206 211 202 190 195 208 219 221 207 194 190 189 181 172 172 178 183 181 175 169 162 158 157 153 151 155 167 183 194 198 197 199 203 204 203 204 206 206 204 204 206 207 208 207 207 210 213 214 213 215 217 217 216 219 221 217 212 212 208 203 204 205 208 212 212 209 207
221 222 223 223 222 220 217 213 212 213 215 210 201 200 210 223 222 192 169 167 176 182 186 193 201 205 205 206 209 204 192 191 199 208 207 195 187 184 182 178 175 177 181 185 185 181 172 163 160 160 160 157 157 164 178 192 197 197 198 202 203 202 203 205 205 204 204 205 206 207 206 206 207 211 214 214 214 216 218 217 219 221 218 213 211 208 202 202 207 210 212 211 206 204
223 223 224 224 223 219 214 210 209 211 216 213 199 194 207 222 225 198 163 156 161 170 178 184 190 196 196 196 201 204 199 190 189 195 200 200 193 185 180 179 180 183 185 186 187 182 174 167 165 165 166 163 161 163 174 188 196 198 199 201 201 200 200 202 203 202 202 204 206 207 206 204 205 208 212 214 213 214 216 216 216 219 218 212 209 207 203 203 208 210 210 208 205 205
225 223 222 225 223 217 213 211 211 212 217 217 200 192 203 218 225 211 169 148 144 155 170 178 181 185 185 187 195 199 194 187 184 191 202 207 203 192 187 188 189 189 188 186 184 183 178 171 168 169 170 168 164 164 171 184 195 198 199 200 200 198 199 200 202 202 202 203 206 208 206 204 204 205 209 213 214 214 216 217 220 222 219 213 208 206 203 204 208 209 209 207 206 209
225 222 220 224 225 220 218 218 217 214 216 219 204 192 200 214 223 220 192 154 136 136 154 168 175 178 180 185 188 189 190 188 189 199 208 212 209 202 197 198 199 196 193 190 189 188 184 178 174 173 173 171 167 165 170 182 194 198 198 199 200 198 200 204 208 212 211 207 207 209 207 205 203 203 206 210 213 215 217 220 222 223 220 213 209 205 202 204 207 209 209 208 206 210
223 220 215 215 216 216 217 220 222 215 214 221 209 190 193 207 220 224 211 183 146 121 121 144 162 169 175 180 182 182 187 195 200 205 212 213 211 211 206 204 205 204 202 200 199 197 192 188 184 181 178 175 170 169 172 180 191 197 198 199 201 203 209 217 224 231 233 221 209 209 208 206 205 203 204 206 210 213 216 219 220 221 218 212 208 204 202 204 208 210 209 207 205 205
216 214 208 205 206 207 209 214 220 217 213 222 214 187 186 200 218 226 223 210 181 131 104 99 118 141 157 168 174 176 183 195 203 207 214 215 213 215 208 201 205 210 212 211 207 204 201 196 191 187 183 178 173 172 173 178 189 196 199 203 209 215 221 224 222 223 225 221 209 208 210 209 207 205 202 202 205 209 212 215 217 219 215 208 205 203 202 203 207 209 208 204 203 204
213 212 207 202 202 204 206 210 216 217 216 225 222 192 184 196 215 226 229 227 215 180 125 86 82 95 114 135 152 165 177 193 205 208 215 216 213 215 211 200 199 207 214 214 210 205 202 195 191 188 185 181 177 174 174 178 190 202 207 212 217 221 220 217 213 213 215 215 212 207 211 212 209 206 204 201 201 204 208 210 212 214 212 207 206 205 203 204 207 209 207 202 201 204
213 212 208 203 202 205 206 208 214 215 216 227 229 206 191 197 213 223 226 230 230 216 176 136 112 96 95 118 141 157 176 195 205 207 214 218 213 214 214 204 197 201 210 216 214 207 201 194 188 187 186 185 181 177 177 183 195 209 217 218 216 214 211 208 208 210 213 215 216 214 215 221 219 212 206 201 197 199 202 204 206 211 213 210 209 208 205 206 210 211 207 199 196 201
208 209 207 202 200 203 205 206 210 210 213 226 232 220 207 205 209 215 217 219 224 225 204 170 147 134 133 144 151 163 180 198 207 207 213 219 215 213 215 208 199 198 204 215 218 212 203 194 187 186 188 189 185 181 180 186 195 205 211 209 205 205 205 205 207 210 212 215 217 217 218 225 229 222 211 203 196 195 199 202 204 211 215 213 211 209 206 207 210 210 203 195 193 199
