windninja/windninja_output/Output_2025-08-24_0800-0850_Google earth_Fire_150m_10min/merlingen_7.5mi_point_08-24-2025_0830_150m_ang.asc
ncols	158
nrows	163
xllcorner	391686.332397
yllcorner	5160024.123721
cellsize	150.000000
NODATA_value	-32768.000000
[rows 84 to 125 of 163, columns 0 to 93 of 158]
117 124 134 136 138 141 147 151 148 147 143 142 140 138 138 139 139 138 140 142 143 145 149 152 155 158 161 164 166 168 169 171 173 174 174 173 173 174 175 177 177 176 175 174 174 174 173 171 171 173 176 176 174 172 172 172 172 172 172 172 172 173 173 173 173 173 173 173 173 173 172 172 172 171 171 171 170 170 170 170 172 177 181 180 168 160 157 156 157 158 160 163 167 171
104 108 117 120 125 128 132 132 133 136 138 140 140 139 139 140 139 137 137 138 138 140 143 146 151 154 159 162 164 166 169 171 174 176 177 175 174 174 173 172 172 173 173 173 173 172 170 168 167 169 172 175 177 176 174 173 172 172 172 172 172 172 172 172 173 173 173 173 173 173 172 172 172 171 171 171 170 170 170 170 172 174 177 173 162 157 157 159 160 160 161 163 167 171
101 102 106 108 110 111 118 124 129 136 140 141 140 140 139 141 140 136 134 132 131 131 132 135 144 153 159 162 163 165 168 170 172 174 175 177 178 179 177 172 169 169 172 174 174 173 171 168 167 166 168 172 174 175 174 172 171 171 171 171 171 171 172 172 172 173 173 173 173 173 172 172 172 171 171 171 170 170 169 168 169 169 170 166 159 155 157 158 160 162 163 165 167 168
103 101 98 102 108 117 129 134 136 140 143 140 139 141 140 140 141 137 131 128 129 128 127 133 144 156 163 164 165 167 168 168 168 169 170 174 177 179 180 178 173 170 170 173 175 174 172 170 170 169 168 168 170 172 172 171 170 169 169 169 170 171 171 172 172 172 173 173 173 173 172 172 172 171 171 170 170 169 168 167 165 163 161 158 155 156 158 157 159 162 163 163 161 162
112 109 110 119 128 135 141 144 145 145 143 140 141 146 146 146 145 140 134 131 133 134 136 144 155 164 166 166 168 169 169 168 168 167 165 166 170 175 179 180 179 176 173 172 174 175 174 173 173 173 171 169 169 170 171 171 169 167 166 166 167 169 171 171 172 172 172 173 172 172 172 172 172 171 171 170 169 168 167 165 162 157 153 149 147 152 157 159 161 162 159 157 155 154
129 128 129 134 136 139 143 148 152 149 144 145 149 152 152 151 147 141 135 134 136 140 146 155 168 172 169 168 169 170 170 170 169 169 167 164 164 168 174 178 179 178 176 173 172 174 176 176 174 173 173 172 170 170 171 173 173 169 163 160 163 168 170 171 172 172 172 172 172 172 172 172 172 171 170 170 169 168 166 164 161 156 150 143 138 140 149 155 159 158 153 152 154 156
132 134 136 135 134 137 142 148 155 153 150 153 157 157 157 156 150 144 135 132 138 146 155 168 177 177 173 171 170 170 170 170 170 170 169 168 166 166 169 174 177 177 176 174 171 172 174 176 175 173 172 171 170 170 172 176 178 174 164 159 162 166 170 171 172 172 172 172 172 172 172 172 171 171 170 170 169 168 166 164 161 157 153 146 140 139 143 148 152 149 146 150 160 165
129 134 141 142 143 144 146 151 158 159 158 163 168 166 165 163 158 151 138 133 141 154 170 180 184 181 176 173 171 170 170 169 169 168 168 169 169 167 166 170 176 179 177 174 172 171 172 173 174 173 170 168 167 168 173 177 177 172 169 167 167 168 170 171 172 172 172 172 172 172 172 172 171 171 170 169 169 168 166 164 161 158 155 151 148 146 146 147 146 142 141 150 159 160
128 135 145 151 154 155 157 161 168 171 170 170 172 171 168 164 160 157 150 149 152 169 182 189 189 185 179 174 172 170 170 168 167 167 166 167 169 168 166 167 173 180 181 177 173 171 171 171 171 169 166 163 163 165 169 171 170 169 171 175 175 172 171 172 172 172 172 172 172 172 172 171 171 171 170 170 169 167 166 164 162 159 155 150 147 145 144 143 140 137 134 137 140 141
126 133 144 151 155 158 161 167 173 178 178 176 174 174 175 174 167 162 158 160 169 182 190 194 193 187 179 175 172 170 170 167 164 163 164 165 167 167 167 167 170 177 182 181 178 175 172 170 169 167 161 157 159 163 164 162 161 165 171 177 178 175 173 172 172 171 171 172 172 171 171 171 171 171 170 169 169 168 166 165 163 160 156 151 145 140 138 135 130 127 131 138 142 147
122 128 140 146 148 152 159 166 172 175 176 177 176 176 178 177 174 169 166 172 187 193 197 199 195 186 179 175 174 173 171 164 159 159 161 164 165 165 166 167 168 173 179 183 183 181 176 171 169 167 162 160 162 165 163 159 156 160 167 173 176 175 174 172 171 171 171 171 171 171 171 171 171 171 170 169 169 168 167 165 164 162 159 155 150 145 140 136 134 141 149 153 156 160
115 122 134 140 141 144 150 157 162 164 166 171 175 178 178 177 179 181 177 186 202 211 213 209 195 182 177 175 174 174 171 163 160 161 161 162 162 163 164 165 166 168 173 179 183 182 179 175 170 166 165 168 171 170 166 163 160 161 165 169 173 174 173 171 170 170 171 171 170 170 171 171 171 170 170 169 169 168 167 166 165 163 161 159 156 153 151 149 150 154 157 159 162 164
112 117 128 136 139 142 146 148 148 147 147 156 171 179 180 181 185 187 187 201 229 243 241 222 186 172 172 172 171 169 166 164 164 164 162 159 159 160 161 162 162 163 166 171 176 178 178 175 170 168 171 177 179 175 170 166 163 162 164 166 169 171 171 170 169 170 170 170 170 170 170 171 170 170 170 169 169 168 167 166 165 164 163 162 160 159 158 157 158 160 161 163 164 166
112 115 123 130 135 140 146 147 141 137 134 135 164 182 180 181 185 190 200 227 257 264 260 209 162 162 166 169 167 162 159 160 164 164 161 157 154 154 156 159 160 161 162 164 166 170 171 170 169 171 179 183 182 178 173 169 166 163 163 164 166 167 167 167 168 168 168 168 169 170 170 170 170 170 169 169 169 168 167 167 166 165 164 163 162 162 161 161 162 163 164 165 166 167
106 107 111 114 121 129 138 144 143 138 127 114 125 182 187 182 186 219 261 263 259 247 206 167 162 168 170 168 164 159 152 152 156 158 157 154 150 148 150 154 157 159 160 160 161 162 163 164 168 175 180 181 182 179 175 172 170 167 166 165 165 164 163 163 164 165 166 167 168 169 170 169 169 169 169 169 168 168 167 167 166 166 165 165 164 164 164 164 164 165 166 167 167 168
98 96 94 97 102 105 107 114 117 115 111 95 68 14 288 275 300 302 296 279 232 188 171 171 177 183 180 171 164 158 150 148 147 148 151 151 149 147 146 148 151 155 157 159 162 163 163 165 171 176 177 178 180 179 176 173 173 171 169 168 168 167 164 161 160 160 163 165 167 169 169 169 169 169 168 168 168 167 167 167 166 166 166 165 165 165 165 165 166 166 167 168 168 169
100 98 94 94 94 90 87 85 82 75 67 49 21 356 337 326 311 297 282 224 177 164 167 187 207 205 192 176 165 155 142 135 132 133 138 142 145 146 145 145 148 151 154 157 160 162 164 167 171 175 176 177 178 178 177 176 175 174 171 169 170 170 169 166 161 159 160 162 165 167 168 168 168 168 168 167 167 167 167 166 166 166 166 166 166 166 166 166 167 167 168 168 169 170
108 106 101 98 93 88 84 82 81 78 77 83 82 294 288 264 213 206 198 176 160 159 180 227 239 229 208 185 163 137 117 113 115 118 122 127 133 138 141 143 146 148 151 154 156 160 164 166 169 172 175 177 177 177 177 177 177 176 175 173 171 170 170 169 166 163 162 162 164 165 166 166 166 167 167 167 166 166 166 166 166 166 166 166 166 166 166 167 167 168 168 169 170 170
116 114 108 103 99 97 94 91 93 100 108 125 161 183 181 179 180 183 182 171 163 175 237 253 249 245 245 241 114 102 105 110 113 114 114 116 121 127 132 138 142 145 147 150 153 158 163 166 169 172 174 176 177 177 177 177 176 176 178 177 174 171 170 170 169 167 166 166 166 165 163 162 163 164 165 165 165 165 165 165 165 165 165 165 166 166 167 167 167 168 169 169 170 171
125 123 118 113 111 111 109 106 106 113 122 133 152 160 162 166 171 175 176 174 182 242 262 258 256 259 261 262 114 111 115 115 114 114 113 114 116 119 123 128 135 139 142 145 149 153 158 164 169 172 174 175 175 176 177 177 177 177 178 177 176 174 173 172 171 171 170 170 170 169 165 160 159 160 161 162 162 162 162 163 163 164 164 165 165 166 166 167 168 168 169 169 170 171
136 134 129 124 120 118 117 114 106 107 119 125 134 136 135 139 151 164 174 213 257 258 250 250 255 249 234 214 157 126 118 112 110 112 113 114 115 116 118 123 129 135 138 140 144 147 152 159 167 172 173 174 174 174 175 177 178 178 178 177 177 176 175 173 173 175 175 174 174 173 171 168 162 157 154 153 154 156 158 160 161 161 162 164 165 165 166 167 167 168 169 169 170 171
148 145 140 135 129 125 121 119 111 107 109 107 108 111 111 109 105 87 322 294 275 254 243 242 233 218 211 202 175 143 125 114 112 114 113 114 118 121 122 125 129 133 135 137 140 145 149 155 162 168 172 173 175 175 175 175 177 178 179 178 178 178 176 174 174 176 176 176 177 175 175 176 174 166 157 151 149 150 151 151 154 157 160 162 163 164 165 166 167 168 168 169 170 171
164 159 152 149 146 143 138 136 130 129 138 141 139 137 129 118 104 65 288 268 257 248 235 222 212 206 203 199 183 160 140 129 125 120 115 117 123 127 128 128 130 133 134 136 139 142 146 152 157 163 168 171 174 177 178 177 176 177 179 180 180 179 177 176 175 176 177 177 177 178 178 178 178 175 169 163 158 155 152 147 147 151 156 159 162 163 165 166 166 167 168 169 170 171
178 174 166 162 160 158 158 158 157 158 162 165 168 170 165 155 153 179 230 243 234 218 206 198 199 200 198 192 182 167 152 145 142 128 120 125 131 133 129 129 131 133 134 137 139 141 145 150 154 159 163 167 172 175 178 180 179 178 178 180 181 179 177 177 177 177 179 179 177 178 180 179 177 176 174 170 166 163 160 157 152 149 151 155 159 162 163 165 166 167 168 169 169 170
188 184 176 171 168 167 167 167 166 167 171 176 182 186 184 179 176 191 212 216 199 192 191 186 187 192 190 184 177 168 161 156 154 134 126 133 139 137 132 133 135 134 134 137 141 142 144 148 153 158 162 166 169 172 176 180 181 180 179 180 181 181 178 177 178 179 180 181 179 177 179 180 177 175 174 173 170 167 163 162 160 155 150 151 156 160 162 164 165 166 167 168 168 168
196 191 180 173 168 168 169 171 171 173 183 192 196 195 189 182 179 190 202 200 189 185 189 186 177 178 181 178 170 166 167 164 158 138 129 137 143 139 138 141 141 133 131 137 140 141 144 147 151 156 161 165 169 171 173 177 180 181 179 179 181 182 181 180 181 181 180 180 180 178 179 180 177 175 174 173 173 171 168 164 162 160 155 152 152 156 159 162 163 165 166 166 166 167
200 193 179 171 168 167 171 177 182 187 193 200 199 193 184 177 178 189 196 195 194 192 188 183 171 164 170 173 169 169 169 166 160 143 132 137 141 141 145 149 147 136 133 136 138 140 143 148 150 153 157 163 169 173 173 175 178 180 180 179 180 183 185 185 184 183 181 178 180 180 178 177 176 176 175 174 175 175 173 167 163 161 160 157 152 152 155 159 161 162 163 163 163 164
199 192 180 175 174 175 181 186 189 192 197 201 194 183 176 175 179 186 189 191 196 199 190 179 172 162 158 160 165 172 174 167 159 146 138 141 144 147 152 155 150 145 142 138 137 138 142 146 148 150 154 160 167 172 173 174 177 179 180 180 179 182 186 187 186 185 184 181 179 178 176 174 176 178 178 177 177 177 176 171 165 162 163 162 159 155 153 155 156 157 157 157 157 159
203 196 186 184 184 184 186 188 190 192 194 193 184 175 173 175 182 185 183 184 191 199 198 185 175 161 150 146 151 166 175 172 159 144 141 147 152 155 160 157 153 149 142 140 142 142 142 142 144 146 151 158 165 169 172 174 176 179 181 181 181 182 185 186 185 186 186 186 182 177 174 173 175 177 179 179 178 178 177 175 170 165 165 166 165 163 160 157 154 149 145 147 152 157
210 203 194 192 191 188 186 187 189 191 188 183 180 177 175 177 181 180 175 177 184 196 205 200 179 163 155 149 144 151 166 171 161 143 140 148 157 162 163 159 156 146 138 140 146 147 144 142 143 144 147 155 163 168 171 174 175 177 181 182 182 182 184 184 184 185 187 188 186 181 177 175 174 177 180 180 179 177 177 178 176 171 169 169 168 169 168 166 161 151 145 148 153 159
212 208 201 195 192 191 188 186 188 188 179 174 177 181 180 176 174 171 168 170 176 190 202 203 184 172 170 164 154 149 155 164 159 146 141 145 153 159 162 162 156 144 140 144 150 150 148 148 147 146 146 151 159 166 171 173 175 176 179 182 182 183 184 184 183 183 185 187 186 185 182 179 177 177 179 181 180 178 177 178 179 177 176 174 174 175 174 171 165 155 153 157 160 164
214 209 202 195 192 192 191 191 191 182 170 167 175 184 183 174 170 170 167 166 170 180 191 193 188 179 177 176 170 162 161 164 162 153 147 148 151 156 160 160 152 146 147 151 154 154 154 154 152 149 148 150 155 162 169 173 175 176 178 180 182 183 183 183 183 183 184 185 186 186 185 184 183 181 178 179 181 181 178 177 178 179 180 180 181 182 177 170 163 157 159 166 170 171
213 208 202 198 194 193 193 194 190 177 165 166 175 182 179 172 171 174 171 166 168 172 176 182 187 187 184 180 173 168 166 165 166 162 151 149 153 159 159 155 150 149 153 156 156 158 158 155 151 151 151 152 156 161 167 173 175 175 176 179 181 183 183 182 182 183 183 185 186 186 186 186 187 186 181 177 179 183 182 179 177 178 180 183 186 184 176 169 163 161 166 173 176 173
213 209 205 202 197 195 192 188 183 176 169 169 175 176 174 174 176 175 167 162 162 164 165 171 180 185 188 185 179 173 168 162 164 165 162 157 157 161 159 154 155 156 159 160 160 161 158 154 153 154 155 157 159 162 167 173 175 176 176 177 179 181 182 181 182 183 183 184 185 186 186 186 187 189 188 182 179 182 185 182 177 176 180 184 186 182 174 169 166 168 174 178 176 170
216 212 207 203 198 194 188 181 176 174 175 175 174 170 169 176 179 169 159 154 152 152 155 159 165 175 179 178 180 184 177 167 164 162 167 173 172 169 163 160 162 165 165 163 162 162 160 158 157 159 160 162 163 164 168 172 175 176 176 177 177 178 178 180 182 183 183 184 186 186 185 184 185 188 190 189 186 183 184 183 180 180 183 184 181 177 173 169 169 174 179 180 178 172
218 214 208 204 197 191 185 178 171 170 176 178 174 167 167 174 176 169 155 147 142 141 145 148 152 156 161 165 173 178 174 168 163 161 170 181 184 177 173 173 175 173 171 166 164 164 163 160 160 162 164 165 165 165 168 171 175 176 176 176 176 175 175 176 180 183 183 185 187 186 184 183 183 185 188 192 192 189 185 183 183 185 186 183 177 173 171 170 172 177 181 181 181 178
219 214 207 203 199 193 186 177 170 169 173 175 173 169 169 172 174 172 161 147 138 134 134 136 139 142 146 152 158 161 163 163 161 163 171 180 186 183 181 185 187 183 178 174 173 173 170 166 166 166 166 167 167 168 169 172 174 175 176 176 175 175 176 177 182 185 183 183 185 185 184 182 181 181 184 190 194 194 191 189 187 187 186 181 174 170 170 171 174 179 181 183 184 181
218 213 201 196 197 196 190 183 175 171 171 169 169 169 169 171 174 175 170 158 141 127 122 123 126 131 137 144 146 145 148 154 158 163 171 176 181 184 184 188 192 191 187 183 182 180 177 175 175 173 171 170 169 171 172 173 174 175 176 175 175 179 183 190 197 196 181 169 172 179 182 182 180 178 180 185 191 195 196 194 191 188 184 178 173 171 171 173 177 179 182 185 183 176
212 205 192 188 190 190 190 190 187 180 172 165 166 166 164 166 173 179 180 168 146 125 116 112 111 116 124 132 135 137 143 150 156 163 169 173 178 183 181 181 188 194 195 191 185 182 180 181 180 178 175 172 171 174 174 173 173 175 177 178 182 191 199 201 197 189 181 166 156 162 174 179 178 176 176 178 184 190 194 195 194 190 183 177 174 174 175 178 179 180 182 184 180 169
207 201 189 183 184 185 186 189 192 192 180 168 168 168 161 157 166 184 193 181 152 130 117 106 102 106 111 117 125 133 143 150 153 161 167 171 176 182 182 179 182 189 196 196 188 180 177 178 179 179 176 174 175 176 175 174 174 178 181 185 196 202 198 191 186 182 182 178 165 155 160 168 171 173 173 173 176 182 186 190 192 191 185 180 179 179 181 182 182 182 184 183 176 166
206 199 189 185 183 182 184 186 191 192 188 182 178 175 161 150 154 178 195 191 162 136 124 116 110 104 104 115 128 136 149 153 153 159 165 169 173 180 183 180 179 184 193 198 194 185 178 176 177 178 178 178 179 178 178 180 182 186 189 193 197 192 187 184 181 179 181 183 181 169 156 152 155 161 165 167 168 171 176 181 186 189 189 187 185 184 186 186 185 184 182 179 171 164
200 196 189 185 182 181 183 183 185 187 189 195 199 186 162 145 144 160 179 183 176 154 136 124 118 116 122 133 139 147 159 159 155 157 164 167 170 175 181 182 180 181 188 196 196 190 181 177 176 177 180 182 183 182 182 184 187 189 191 190 186 182 182 182 181 180 181 184 187 186 174 157 145 141 146 153 156 159 163 169 176 185 192 193 190 189 190 190 188 184 178 173 167 162
