windninja/windninja_output/Output_2025-08-24_0800-0850_Google earth_Fire_150m_10min/merlingen_7.5mi_point_08-24-2025_0830_150m_vel.asc
ncols	158
nrows	163
xllcorner	391686.332397
yllcorner	5160024.123721
cellsize	150.000000
NODATA_value	-32768.000000
[rows 76 to 113 of 163, columns 0 to 83 of 158]
0.44 0.43 0.39 0.35 0.33 0.33 0.31 0.29 0.27 0.25 0.24 0.22 0.21 0.21 0.20 0.20 0.20 0.20 0.21 0.21 0.22 0.23 0.24 0.25 0.26 0.26 0.26 0.28 0.31 0.33 0.34 0.35 0.34 0.33 0.32 0.33 0.34 0.35 0.37 0.38 0.39 0.40 0.41 0.41 0.42 0.43 0.43 0.44 0.45 0.46 0.46 0.47 0.48 0.48 0.49 0.49 0.50 0.50 0.50 0.51 0.51 0.51 0.51 0.51 0.51 0.51 0.51 0.50 0.50 0.49 0.49 0.49 0.48 0.48 0.47 0.48 0.49 0.51 0.58 0.66 0.71 0.62 0.46 0.39
0.41 0.41 0.39 0.36 0.35 0.34 0.31 0.29 0.28 0.27 0.25 0.24 0.22 0.22 0.21 0.21 0.22 0.22 0.22 0.23 0.24 0.25 0.26 0.27 0.27 0.27 0.27 0.29 0.30 0.31 0.33 0.34 0.34 0.34 0.36 0.36 0.37 0.37 0.38 0.39 0.40 0.41 0.42 0.42 0.43 0.44 0.44 0.45 0.45 0.46 0.47 0.48 0.49 0.49 0.50 0.50 0.51 0.51 0.51 0.52 0.52 0.52 0.52 0.52 0.52 0.52 0.52 0.52 0.52 0.52 0.51 0.51 0.51 0.50 0.49 0.48 0.47 0.49 0.55 0.62 0.59 0.43 0.36 0.38
0.36 0.35 0.36 0.39 0.38 0.35 0.32 0.31 0.30 0.29 0.27 0.25 0.24 0.23 0.23 0.23 0.23 0.24 0.24 0.24 0.25 0.26 0.27 0.28 0.28 0.29 0.30 0.30 0.31 0.32 0.33 0.36 0.39 0.40 0.41 0.41 0.41 0.40 0.39 0.39 0.40 0.41 0.42 0.43 0.43 0.44 0.44 0.45 0.46 0.46 0.47 0.48 0.49 0.50 0.51 0.51 0.52 0.52 0.53 0.53 0.53 0.53 0.54 0.54 0.54 0.54 0.54 0.54 0.54 0.53 0.53 0.53 0.52 0.52 0.51 0.50 0.49 0.49 0.52 0.54 0.47 0.37 0.39 0.44
0.28 0.27 0.33 0.40 0.44 0.41 0.36 0.34 0.34 0.32 0.28 0.26 0.25 0.25 0.25 0.24 0.25 0.25 0.25 0.25 0.26 0.27 0.28 0.28 0.29 0.31 0.33 0.34 0.34 0.35 0.36 0.39 0.42 0.43 0.43 0.44 0.44 0.43 0.41 0.40 0.39 0.40 0.41 0.41 0.42 0.42 0.43 0.44 0.45 0.46 0.47 0.49 0.50 0.51 0.52 0.52 0.53 0.53 0.54 0.54 0.54 0.55 0.55 0.55 0.55 0.55 0.55 0.55 0.55 0.55 0.54 0.54 0.54 0.54 0.53 0.52 0.52 0.51 0.52 0.49 0.42 0.41 0.48 0.57
0.19 0.22 0.31 0.40 0.51 0.55 0.46 0.39 0.38 0.33 0.29 0.26 0.26 0.26 0.26 0.25 0.25 0.25 0.25 0.26 0.27 0.28 0.29 0.29 0.31 0.33 0.35 0.37 0.37 0.38 0.39 0.41 0.44 0.47 0.48 0.47 0.46 0.46 0.46 0.44 0.41 0.39 0.38 0.38 0.39 0.40 0.41 0.41 0.42 0.44 0.46 0.49 0.50 0.52 0.53 0.54 0.54 0.55 0.55 0.55 0.55 0.56 0.56 0.56 0.56 0.56 0.56 0.56 0.56 0.56 0.56 0.56 0.56 0.56 0.55 0.55 0.54 0.53 0.52 0.48 0.46 0.51 0.57 0.63
0.12 0.20 0.36 0.49 0.62 0.59 0.47 0.43 0.40 0.34 0.29 0.28 0.27 0.26 0.26 0.26 0.26 0.26 0.26 0.27 0.28 0.29 0.30 0.31 0.32 0.33 0.35 0.36 0.38 0.40 0.42 0.44 0.46 0.49 0.51 0.51 0.49 0.48 0.49 0.49 0.47 0.43 0.40 0.37 0.35 0.34 0.34 0.34 0.35 0.38 0.43 0.47 0.51 0.53 0.53 0.54 0.55 0.55 0.56 0.56 0.57 0.57 0.57 0.57 0.57 0.57 0.58 0.58 0.57 0.57 0.57 0.57 0.57 0.57 0.57 0.57 0.56 0.56 0.55 0.53 0.55 0.59 0.61 0.61
0.17 0.27 0.48 0.67 0.69 0.47 0.36 0.37 0.36 0.32 0.29 0.27 0.27 0.27 0.26 0.26 0.25 0.26 0.26 0.27 0.28 0.30 0.31 0.32 0.33 0.34 0.36 0.38 0.40 0.41 0.42 0.42 0.41 0.41 0.43 0.47 0.51 0.52 0.51 0.51 0.52 0.51 0.50 0.48 0.46 0.44 0.43 0.44 0.47 0.48 0.48 0.49 0.51 0.53 0.55 0.55 0.56 0.56 0.56 0.57 0.57 0.58 0.58 0.58 0.59 0.59 0.59 0.59 0.59 0.59 0.59 0.59 0.59 0.59 0.59 0.59 0.58 0.58 0.57 0.57 0.58 0.59 0.61 0.64
0.55 0.59 0.69 0.69 0.55 0.38 0.31 0.30 0.28 0.26 0.24 0.25 0.26 0.26 0.25 0.25 0.25 0.26 0.26 0.27 0.29 0.30 0.32 0.33 0.35 0.38 0.40 0.41 0.42 0.41 0.42 0.41 0.40 0.38 0.37 0.39 0.42 0.47 0.50 0.51 0.52 0.55 0.58 0.62 0.65 0.67 0.68 0.70 0.72 0.72 0.69 0.63 0.58 0.57 0.57 0.57 0.57 0.57 0.57 0.58 0.58 0.58 0.59 0.59 0.59 0.60 0.60 0.60 0.60 0.60 0.60 0.60 0.60 0.60 0.60 0.60 0.60 0.59 0.59 0.58 0.56 0.56 0.62 0.74
0.73 0.69 0.60 0.48 0.37 0.31 0.25 0.20 0.18 0.18 0.21 0.24 0.24 0.25 0.25 0.24 0.24 0.25 0.26 0.27 0.29 0.31 0.32 0.34 0.37 0.40 0.42 0.42 0.42 0.43 0.44 0.44 0.43 0.41 0.39 0.37 0.38 0.40 0.43 0.46 0.49 0.52 0.56 0.58 0.60 0.62 0.64 0.66 0.67 0.68 0.70 0.70 0.67 0.62 0.58 0.57 0.57 0.57 0.58 0.58 0.59 0.59 0.60 0.60 0.60 0.61 0.61 0.61 0.61 0.61 0.61 0.61 0.61 0.61 0.61 0.61 0.61 0.61 0.61 0.61 0.60 0.62 0.67 0.80
0.83 0.64 0.42 0.36 0.29 0.24 0.16 0.13 0.15 0.19 0.23 0.24 0.24 0.25 0.25 0.24 0.24 0.25 0.26 0.27 0.29 0.30 0.32 0.35 0.39 0.40 0.39 0.40 0.41 0.44 0.45 0.45 0.46 0.46 0.46 0.45 0.44 0.42 0.41 0.43 0.47 0.50 0.52 0.52 0.51 0.50 0.51 0.51 0.51 0.52 0.54 0.57 0.58 0.58 0.57 0.57 0.57 0.57 0.58 0.59 0.59 0.60 0.61 0.61 0.61 0.61 0.62 0.62 0.62 0.62 0.62 0.62 0.62 0.62 0.62 0.62 0.63 0.63 0.63 0.65 0.67 0.71 0.78 0.88
0.86 0.63 0.38 0.33 0.26 0.19 0.14 0.16 0.21 0.25 0.25 0.24 0.25 0.24 0.25 0.24 0.24 0.24 0.24 0.25 0.26 0.27 0.30 0.36 0.40 0.42 0.41 0.42 0.43 0.43 0.43 0.45 0.47 0.51 0.55 0.57 0.56 0.53 0.50 0.47 0.47 0.49 0.52 0.52 0.52 0.51 0.51 0.50 0.49 0.47 0.46 0.47 0.49 0.52 0.54 0.55 0.56 0.57 0.58 0.59 0.60 0.61 0.61 0.62 0.62 0.62 0.63 0.63 0.63 0.63 0.63 0.63 0.63 0.63 0.63 0.63 0.64 0.64 0.66 0.68 0.72 0.78 0.90 1.01
0.74 0.56 0.38 0.33 0.27 0.23 0.22 0.26 0.30 0.29 0.25 0.24 0.25 0.24 0.24 0.23 0.22 0.22 0.23 0.25 0.27 0.28 0.35 0.46 0.51 0.50 0.49 0.48 0.47 0.45 0.44 0.44 0.46 0.48 0.52 0.57 0.61 0.64 0.64 0.61 0.56 0.52 0.51 0.52 0.54 0.53 0.53 0.52 0.50 0.47 0.44 0.45 0.47 0.48 0.50 0.51 0.52 0.54 0.57 0.59 0.60 0.61 0.62 0.63 0.63 0.63 0.63 0.63 0.63 0.63 0.64 0.64 0.64 0.64 0.64 0.64 0.65 0.66 0.67 0.68 0.72 0.79 0.89 0.99
0.57 0.52 0.45 0.42 0.37 0.36 0.36 0.36 0.32 0.27 0.24 0.26 0.29 0.27 0.26 0.25 0.22 0.22 0.25 0.30 0.34 0.40 0.59 0.73 0.69 0.58 0.53 0.51 0.48 0.47 0.46 0.46 0.45 0.45 0.45 0.46 0.51 0.57 0.62 0.65 0.64 0.61 0.57 0.56 0.57 0.58 0.58 0.55 0.53 0.52 0.51 0.49 0.48 0.49 0.51 0.51 0.51 0.52 0.53 0.57 0.60 0.62 0.63 0.64 0.64 0.64 0.64 0.64 0.64 0.64 0.64 0.64 0.64 0.64 0.65 0.65 0.65 0.66 0.66 0.67 0.69 0.73 0.77 0.84
0.57 0.60 0.58 0.50 0.44 0.42 0.40 0.36 0.31 0.28 0.31 0.34 0.33 0.29 0.26 0.23 0.22 0.25 0.31 0.40 0.51 0.71 0.89 0.85 0.68 0.57 0.52 0.49 0.48 0.48 0.48 0.48 0.48 0.47 0.46 0.44 0.44 0.45 0.49 0.53 0.56 0.59 0.59 0.58 0.58 0.59 0.60 0.58 0.57 0.57 0.58 0.58 0.58 0.60 0.61 0.60 0.56 0.51 0.50 0.55 0.61 0.64 0.64 0.65 0.65 0.65 0.65 0.65 0.65 0.65 0.65 0.65 0.65 0.65 0.65 0.65 0.65 0.65 0.66 0.67 0.68 0.68 0.68 0.68
0.65 0.64 0.56 0.45 0.42 0.41 0.39 0.37 0.36 0.39 0.44 0.42 0.36 0.30 0.26 0.23 0.26 0.31 0.39 0.57 0.83 1.02 0.98 0.76 0.60 0.54 0.51 0.49 0.48 0.47 0.47 0.48 0.48 0.49 0.49 0.48 0.46 0.46 0.48 0.52 0.54 0.54 0.54 0.54 0.54 0.55 0.56 0.58 0.59 0.59 0.60 0.63 0.66 0.68 0.68 0.65 0.61 0.58 0.61 0.65 0.66 0.66 0.66 0.65 0.65 0.65 0.65 0.65 0.65 0.65 0.65 0.65 0.65 0.65 0.65 0.65 0.65 0.65 0.66 0.66 0.66 0.66 0.65 0.63
0.70 0.64 0.57 0.54 0.55 0.53 0.50 0.51 0.53 0.54 0.55 0.51 0.43 0.39 0.37 0.37 0.37 0.39 0.47 0.78 1.08 1.09 0.83 0.66 0.56 0.52 0.49 0.47 0.46 0.45 0.46 0.46 0.47 0.48 0.49 0.51 0.52 0.52 0.53 0.56 0.58 0.57 0.54 0.53 0.52 0.52 0.52 0.54 0.55 0.57 0.59 0.62 0.65 0.68 0.70 0.71 0.74 0.82 0.88 0.85 0.76 0.69 0.67 0.66 0.66 0.66 0.66 0.66 0.66 0.66 0.65 0.66 0.66 0.65 0.65 0.65 0.65 0.65 0.65 0.65 0.65 0.64 0.65 0.65
0.78 0.75 0.76 0.81 0.84 0.86 0.92 0.99 0.98 0.90 0.76 0.63 0.54 0.48 0.44 0.45 0.50 0.59 0.81 1.12 1.15 0.87 0.62 0.53 0.49 0.46 0.44 0.43 0.43 0.44 0.43 0.44 0.46 0.48 0.50 0.52 0.53 0.55 0.54 0.54 0.56 0.58 0.57 0.54 0.51 0.49 0.47 0.46 0.47 0.49 0.52 0.57 0.62 0.65 0.68 0.77 0.88 0.94 0.92 0.86 0.79 0.72 0.68 0.67 0.66 0.66 0.66 0.66 0.66 0.66 0.66 0.66 0.66 0.66 0.65 0.65 0.65 0.65 0.65 0.64 0.64 0.63 0.63 0.63
0.91 0.90 0.92 0.97 1.05 1.14 1.24 1.32 1.33 1.25 1.16 1.09 1.04 1.05 1.01 0.97 1.02 1.16 1.27 1.22 1.02 0.65 0.50 0.45 0.43 0.42 0.42 0.42 0.42 0.42 0.41 0.42 0.43 0.47 0.49 0.51 0.52 0.54 0.55 0.55 0.55 0.58 0.60 0.57 0.51 0.46 0.44 0.44 0.46 0.48 0.50 0.58 0.63 0.64 0.65 0.70 0.74 0.71 0.67 0.68 0.70 0.69 0.67 0.66 0.65 0.66 0.66 0.66 0.66 0.66 0.66 0.66 0.66 0.66 0.65 0.65 0.65 0.65 0.64 0.63 0.63 0.62 0.60 0.58
1.07 1.02 0.97 1.00 1.06 1.09 1.09 1.10 1.13 1.22 1.29 1.37 1.44 1.48 1.49 1.43 1.40 1.38 1.22 0.90 0.74 0.61 0.50 0.42 0.39 0.40 0.41 0.41 0.41 0.39 0.37 0.39 0.43 0.47 0.49 0.51 0.52 0.54 0.55 0.57 0.59 0.62 0.67 0.69 0.64 0.58 0.53 0.53 0.55 0.60 0.69 0.76 0.72 0.67 0.64 0.62 0.58 0.54 0.54 0.57 0.61 0.64 0.64 0.64 0.65 0.65 0.65 0.65 0.65 0.65 0.66 0.66 0.66 0.65 0.65 0.65 0.64 0.64 0.64 0.63 0.62 0.61 0.59 0.57
1.23 1.10 0.98 1.00 1.01 0.94 0.83 0.78 0.81 0.93 0.98 0.99 0.97 0.83 0.86 0.87 0.96 0.87 0.79 0.60 0.56 0.49 0.41 0.33 0.32 0.35 0.38 0.39 0.40 0.41 0.43 0.48 0.52 0.51 0.50 0.50 0.51 0.53 0.55 0.57 0.60 0.64 0.70 0.77 0.83 0.84 0.81 0.78 0.80 0.89 0.98 0.93 0.79 0.69 0.64 0.62 0.60 0.57 0.56 0.57 0.59 0.60 0.62 0.63 0.64 0.64 0.64 0.65 0.65 0.66 0.66 0.65 0.65 0.65 0.65 0.64 0.64 0.64 0.63 0.62 0.61 0.60 0.59 0.56
1.38 1.22 1.05 1.03 0.97 0.82 0.69 0.63 0.60 0.58 0.52 0.48 0.40 0.38 0.38 0.40 0.45 0.49 0.49 0.39 0.34 0.34 0.30 0.22 0.22 0.28 0.33 0.37 0.39 0.45 0.53 0.57 0.54 0.49 0.47 0.48 0.49 0.51 0.54 0.56 0.59 0.62 0.66 0.73 0.85 0.96 1.04 1.08 1.11 1.11 1.01 0.86 0.76 0.69 0.65 0.62 0.59 0.57 0.55 0.55 0.56 0.58 0.60 0.62 0.62 0.63 0.64 0.65 0.66 0.65 0.65 0.64 0.64 0.64 0.64 0.64 0.64 0.63 0.63 0.62 0.61 0.60 0.59 0.57
1.59 1.39 1.13 0.97 0.80 0.66 0.57 0.52 0.47 0.41 0.35 0.24 0.17 0.27 0.28 0.31 0.34 0.37 0.37 0.31 0.32 0.32 0.24 0.12 0.22 0.30 0.34 0.37 0.39 0.43 0.45 0.43 0.41 0.41 0.42 0.44 0.46 0.49 0.53 0.56 0.59 0.61 0.63 0.68 0.74 0.82 0.91 0.97 0.96 0.85 0.73 0.70 0.69 0.67 0.65 0.61 0.57 0.54 0.52 0.52 0.52 0.54 0.57 0.59 0.61 0.63 0.64 0.65 0.65 0.64 0.64 0.64 0.64 0.64 0.64 0.63 0.63 0.63 0.62 0.62 0.61 0.60 0.58 0.57
1.83 1.53 1.05 0.77 0.60 0.52 0.45 0.41 0.37 0.31 0.22 0.15 0.07 0.06 0.10 0.13 0.17 0.16 0.22 0.31 0.33 0.28 0.24 0.34 0.47 0.45 0.39 0.35 0.35 0.34 0.32 0.31 0.32 0.35 0.38 0.40 0.43 0.47 0.52 0.56 0.59 0.62 0.64 0.66 0.66 0.65 0.67 0.69 0.65 0.60 0.60 0.64 0.66 0.65 0.64 0.63 0.62 0.59 0.56 0.54 0.51 0.50 0.52 0.55 0.57 0.60 0.62 0.63 0.63 0.63 0.63 0.63 0.63 0.63 0.63 0.62 0.62 0.62 0.62 0.61 0.60 0.60 0.59 0.57
1.97 1.51 0.93 0.68 0.54 0.44 0.34 0.27 0.21 0.15 0.11 0.08 0.04 0.02 0.02 0.05 0.11 0.20 0.25 0.25 0.25 0.40 0.61 0.68 0.62 0.46 0.34 0.30 0.27 0.26 0.27 0.27 0.29 0.32 0.37 0.42 0.47 0.51 0.53 0.56 0.59 0.63 0.66 0.68 0.69 0.70 0.71 0.69 0.67 0.66 0.67 0.69 0.71 0.72 0.70 0.69 0.67 0.64 0.61 0.60 0.59 0.57 0.55 0.53 0.54 0.56 0.58 0.60 0.61 0.62 0.62 0.62 0.62 0.62 0.61 0.61 0.61 0.61 0.61 0.61 0.60 0.59 0.58 0.57
1.73 1.36 0.88 0.67 0.51 0.40 0.31 0.24 0.19 0.13 0.09 0.07 0.06 0.07 0.11 0.15 0.18 0.22 0.18 0.15 0.35 0.60 0.65 0.50 0.37 0.30 0.24 0.22 0.20 0.19 0.20 0.21 0.24 0.30 0.36 0.44 0.49 0.52 0.55 0.59 0.62 0.65 0.68 0.70 0.73 0.76 0.75 0.74 0.74 0.75 0.76 0.77 0.78 0.80 0.81 0.79 0.74 0.70 0.68 0.67 0.66 0.66 0.64 0.60 0.58 0.58 0.58 0.59 0.60 0.60 0.60 0.60 0.60 0.60 0.60 0.60 0.60 0.60 0.60 0.60 0.59 0.59 0.58 0.58
1.40 1.16 0.83 0.64 0.46 0.36 0.30 0.24 0.18 0.13 0.09 0.05 0.01 0.03 0.07 0.07 0.17 0.26 0.29 0.40 0.56 0.58 0.37 0.26 0.24 0.20 0.15 0.11 0.09 0.09 0.13 0.18 0.24 0.31 0.37 0.41 0.45 0.50 0.58 0.63 0.66 0.67 0.68 0.70 0.72 0.73 0.73 0.75 0.77 0.80 0.83 0.83 0.82 0.82 0.82 0.82 0.81 0.81 0.78 0.72 0.68 0.67 0.68 0.69 0.68 0.65 0.62 0.59 0.56 0.55 0.56 0.57 0.58 0.58 0.58 0.59 0.59 0.59 0.59 0.59 0.59 0.58 0.58 0.57
1.14 0.98 0.74 0.57 0.42 0.33 0.28 0.24 0.18 0.13 0.10 0.08 0.08 0.13 0.26 0.41 0.49 0.56 0.61 0.64 0.59 0.33 0.21 0.24 0.22 0.17 0.10 0.04 0.02 0.06 0.13 0.21 0.27 0.33 0.38 0.42 0.46 0.53 0.60 0.63 0.64 0.65 0.68 0.71 0.74 0.79 0.84 0.87 0.87 0.86 0.85 0.85 0.87 0.87 0.85 0.85 0.87 0.87 0.85 0.82 0.77 0.75 0.75 0.74 0.72 0.69 0.65 0.60 0.54 0.51 0.50 0.52 0.54 0.55 0.55 0.56 0.56 0.57 0.57 0.57 0.57 0.57 0.57 0.57
0.95 0.84 0.65 0.51 0.40 0.32 0.27 0.23 0.19 0.15 0.12 0.12 0.15 0.23 0.34 0.43 0.49 0.53 0.57 0.54 0.36 0.21 0.24 0.23 0.21 0.18 0.12 0.05 0.03 0.10 0.18 0.24 0.30 0.35 0.40 0.45 0.51 0.57 0.61 0.61 0.61 0.64 0.69 0.73 0.77 0.82 0.86 0.89 0.89 0.87 0.86 0.87 0.90 0.93 0.96 0.96 0.93 0.90 0.90 0.91 0.91 0.88 0.84 0.80 0.77 0.73 0.68 0.62 0.58 0.54 0.51 0.49 0.48 0.49 0.50 0.51 0.52 0.53 0.54 0.55 0.56 0.56 0.56 0.56
0.81 0.73 0.58 0.47 0.38 0.31 0.26 0.21 0.18 0.15 0.13 0.14 0.16 0.20 0.23 0.23 0.25 0.26 0.21 0.14 0.19 0.24 0.24 0.24 0.23 0.19 0.15 0.11 0.09 0.16 0.21 0.25 0.31 0.37 0.43 0.50 0.56 0.60 0.63 0.64 0.65 0.67 0.71 0.75 0.78 0.80 0.81 0.83 0.85 0.88 0.91 0.93 0.93 0.94 0.95 0.98 0.98 0.96 0.94 0.92 0.90 0.87 0.84 0.84 0.82 0.78 0.74 0.70 0.66 0.64 0.60 0.53 0.45 0.40 0.39 0.40 0.44 0.48 0.50 0.52 0.53 0.54 0.55 0.56
0.71 0.65 0.52 0.41 0.34 0.28 0.23 0.17 0.15 0.15 0.13 0.13 0.15 0.17 0.17 0.16 0.12 0.05 0.05 0.14 0.18 0.19 0.22 0.26 0.25 0.24 0.23 0.19 0.17 0.18 0.21 0.27 0.36 0.41 0.46 0.55 0.63 0.67 0.71 0.72 0.73 0.72 0.74 0.78 0.81 0.82 0.84 0.85 0.88 0.95 1.01 1.04 1.04 1.01 0.96 0.94 0.96 0.98 0.97 0.94 0.90 0.86 0.84 0.82 0.80 0.79 0.78 0.76 0.74 0.70 0.67 0.62 0.55 0.45 0.40 0.41 0.43 0.43 0.43 0.45 0.49 0.52 0.54 0.54
0.66 0.59 0.48 0.41 0.34 0.28 0.22 0.17 0.17 0.19 0.20 0.21 0.22 0.20 0.17 0.14 0.08 0.03 0.05 0.11 0.14 0.15 0.18 0.25 0.30 0.31 0.29 0.27 0.24 0.24 0.28 0.36 0.41 0.43 0.52 0.68 0.77 0.78 0.78 0.79 0.78 0.76 0.80 0.83 0.84 0.85 0.87 0.88 0.91 0.97 1.04 1.09 1.12 1.12 1.08 1.01 0.97 0.96 0.97 0.96 0.93 0.90 0.89 0.87 0.83 0.81 0.79 0.77 0.76 0.74 0.70 0.67 0.67 0.65 0.62 0.58 0.53 0.47 0.44 0.45 0.49 0.51 0.52 0.53
0.67 0.61 0.51 0.44 0.37 0.32 0.30 0.32 0.37 0.44 0.48 0.47 0.41 0.31 0.21 0.14 0.09 0.06 0.07 0.10 0.13 0.16 0.20 0.26 0.34 0.37 0.36 0.37 0.36 0.37 0.42 0.44 0.42 0.46 0.68 0.87 0.89 0.82 0.80 0.83 0.83 0.83 0.87 0.89 0.91 0.92 0.93 0.94 0.96 0.97 0.99 1.01 1.05 1.10 1.14 1.12 1.06 1.01 0.98 0.97 0.95 0.93 0.92 0.92 0.90 0.87 0.83 0.78 0.75 0.75 0.74 0.71 0.70 0.72 0.71 0.66 0.62 0.60 0.60 0.59 0.55 0.52 0.51 0.52
0.71 0.66 0.57 0.51 0.50 0.54 0.64 0.68 0.71 0.67 0.57 0.46 0.36 0.28 0.23 0.19 0.17 0.15 0.14 0.15 0.17 0.22 0.25 0.27 0.32 0.38 0.43 0.47 0.47 0.48 0.51 0.49 0.47 0.56 0.88 1.00 0.90 0.83 0.89 0.94 0.90 0.89 0.95 0.98 0.99 0.99 1.01 1.02 1.02 1.01 1.00 1.00 1.00 1.04 1.09 1.13 1.13 1.09 1.06 1.05 1.04 1.00 0.96 0.92 0.90 0.86 0.84 0.82 0.78 0.77 0.77 0.76 0.73 0.72 0.72 0.72 0.70 0.68 0.66 0.62 0.58 0.53 0.51 0.50
0.75 0.70 0.65 0.70 0.77 0.82 0.81 0.75 0.65 0.50 0.39 0.33 0.29 0.27 0.25 0.26 0.27 0.28 0.29 0.29 0.27 0.26 0.27 0.28 0.31 0.39 0.47 0.50 0.51 0.55 0.59 0.59 0.60 0.71 0.94 0.97 0.87 0.94 1.09 1.06 0.88 0.89 1.02 1.04 1.02 1.05 1.08 1.06 1.03 1.04 1.08 1.10 1.10 1.07 1.06 1.09 1.14 1.15 1.14 1.15 1.15 1.13 1.06 0.96 0.88 0.83 0.80 0.82 0.82 0.78 0.76 0.77 0.78 0.78 0.78 0.78 0.76 0.71 0.64 0.59 0.57 0.56 0.54 0.50
0.83 0.79 0.77 0.79 0.76 0.67 0.54 0.44 0.37 0.32 0.30 0.30 0.30 0.30 0.32 0.35 0.37 0.38 0.42 0.44 0.40 0.33 0.31 0.32 0.36 0.41 0.48 0.58 0.68 0.70 0.69 0.70 0.72 0.79 0.97 1.01 1.03 1.19 1.21 1.04 0.90 0.99 1.09 1.05 1.05 1.12 1.12 1.07 1.05 1.08 1.11 1.14 1.15 1.14 1.12 1.12 1.14 1.16 1.16 1.14 1.14 1.15 1.12 1.03 0.94 0.87 0.81 0.79 0.80 0.80 0.80 0.84 0.87 0.85 0.81 0.77 0.73 0.69 0.64 0.60 0.57 0.56 0.54 0.50
0.88 0.84 0.78 0.70 0.58 0.46 0.37 0.33 0.32 0.32 0.31 0.30 0.30 0.36 0.43 0.47 0.47 0.48 0.52 0.55 0.56 0.48 0.40 0.41 0.43 0.45 0.55 0.71 0.83 0.87 0.82 0.76 0.78 0.89 1.16 1.31 1.36 1.40 1.26 1.07 1.10 1.17 1.16 1.11 1.13 1.14 1.09 1.05 1.08 1.12 1.13 1.12 1.11 1.13 1.17 1.17 1.17 1.17 1.15 1.12 1.09 1.09 1.11 1.11 1.07 1.03 0.95 0.84 0.79 0.80 0.84 0.86 0.86 0.84 0.81 0.77 0.72 0.68 0.64 0.60 0.58 0.57 0.54 0.51
0.85 0.78 0.68 0.60 0.51 0.46 0.45 0.43 0.42 0.40 0.41 0.44 0.46 0.51 0.55 0.56 0.54 0.56 0.61 0.72 0.83 0.82 0.64 0.52 0.51 0.52 0.61 0.72 0.81 0.88 0.90 0.88 0.89 1.09 1.42 1.58 1.58 1.42 1.18 1.11 1.12 1.06 1.10 1.24 1.26 1.17 1.07 1.05 1.08 1.13 1.16 1.14 1.13 1.16 1.19 1.19 1.20 1.22 1.21 1.18 1.14 1.11 1.11 1.13 1.16 1.15 1.11 1.02 0.89 0.81 0.80 0.80 0.81 0.82 0.82 0.79 0.76 0.75 0.73 0.70 0.64 0.60 0.57 0.53
0.92 0.81 0.65 0.57 0.53 0.49 0.48 0.49 0.52 0.53 0.55 0.60 0.65 0.66 0.64 0.61 0.60 0.67 0.84 0.99 1.08 1.09 0.95 0.68 0.57 0.61 0.69 0.75 0.77 0.81 0.89 0.96 0.99 1.22 1.48 1.48 1.37 1.21 1.09 1.03 0.94 0.94 1.16 1.36 1.33 1.18 1.10 1.12 1.14 1.16 1.17 1.16 1.19 1.22 1.22 1.22 1.23 1.25 1.27 1.26 1.22 1.19 1.17 1.16 1.17 1.20 1.21 1.19 1.13 1.03 0.95 0.90 0.89 0.89 0.87 0.83 0.80 0.80 0.80 0.79 0.73 0.65 0.57 0.50
