windninja/windninja_output/Output_2025-08-24_0800-0850_Google earth_Fire_150m_10min/merlingen_7.5mi_point_08-24-2025_0810_150m_vel.asc
ncols	158
nrows	163
xllcorner	391686.332397
yllcorner	5160024.123721
cellsize	150.000000
NODATA_value	-32768.000000
[rows 38 to 75 of 163, columns 0 to 83 of 158]
0.21 0.20 0.15 0.11 0.07 0.05 0.06 0.07 0.09 0.11 0.13 0.15 0.17 0.18 0.20 0.21 0.23 0.25 0.27 0.28 0.30 0.32 0.33 0.35 0.36 0.38 0.40 0.44 0.49 0.53 0.52 0.51 0.49 0.48 0.48 0.45 0.41 0.39 0.41 0.43 0.45 0.48 0.50 0.53 0.56 0.57 0.59 0.62 0.62 0.63 0.66 0.68 0.68 0.66 0.67 0.70 0.72 0.74 0.77 0.78 0.78 0.74 0.68 0.62 0.59 0.60 0.66 0.68 0.58 0.50 0.54 0.68 0.78 0.73 0.60 0.56 0.63 0.67 0.66 0.62 0.57 0.54 0.52 0.56
0.21 0.20 0.15 0.10 0.07 0.05 0.06 0.07 0.09 0.11 0.13 0.15 0.16 0.18 0.20 0.21 0.23 0.25 0.26 0.28 0.30 0.32 0.33 0.35 0.37 0.38 0.41 0.44 0.47 0.46 0.44 0.45 0.46 0.47 0.44 0.41 0.43 0.48 0.50 0.50 0.50 0.52 0.55 0.61 0.64 0.65 0.65 0.66 0.68 0.71 0.73 0.75 0.80 0.85 0.89 0.91 0.93 0.96 0.96 0.96 0.93 0.87 0.77 0.67 0.62 0.62 0.67 0.63 0.52 0.55 0.71 0.81 0.76 0.63 0.58 0.65 0.74 0.74 0.74 0.74 0.69 0.60 0.54 0.56
0.20 0.20 0.15 0.10 0.07 0.05 0.05 0.07 0.08 0.10 0.12 0.14 0.16 0.18 0.20 0.21 0.23 0.25 0.27 0.28 0.30 0.32 0.34 0.35 0.37 0.39 0.40 0.41 0.41 0.41 0.42 0.44 0.43 0.42 0.39 0.39 0.44 0.50 0.55 0.58 0.60 0.61 0.65 0.66 0.67 0.70 0.72 0.73 0.75 0.76 0.77 0.82 0.92 0.99 1.01 1.00 1.00 0.98 0.93 0.88 0.80 0.75 0.73 0.68 0.65 0.67 0.69 0.64 0.61 0.72 0.79 0.68 0.54 0.52 0.60 0.77 0.84 0.80 0.77 0.74 0.72 0.70 0.66 0.65
0.20 0.19 0.15 0.10 0.07 0.05 0.04 0.06 0.08 0.10 0.12 0.14 0.16 0.18 0.19 0.21 0.23 0.25 0.27 0.29 0.30 0.32 0.34 0.35 0.37 0.38 0.39 0.40 0.41 0.42 0.43 0.43 0.42 0.40 0.39 0.42 0.45 0.48 0.55 0.66 0.74 0.79 0.79 0.76 0.77 0.83 0.87 0.87 0.86 0.85 0.87 0.92 0.95 0.91 0.84 0.81 0.79 0.73 0.67 0.60 0.56 0.58 0.67 0.75 0.74 0.74 0.75 0.77 0.83 0.86 0.73 0.58 0.56 0.60 0.73 0.87 0.85 0.78 0.72 0.65 0.64 0.70 0.75 0.77
0.20 0.18 0.14 0.10 0.07 0.04 0.04 0.05 0.07 0.09 0.11 0.13 0.15 0.17 0.19 0.21 0.23 0.25 0.27 0.29 0.31 0.32 0.34 0.35 0.37 0.38 0.39 0.40 0.42 0.44 0.44 0.43 0.42 0.41 0.43 0.48 0.54 0.61 0.68 0.75 0.79 0.79 0.79 0.84 0.89 0.90 0.85 0.78 0.76 0.78 0.83 0.84 0.80 0.73 0.67 0.62 0.57 0.52 0.47 0.43 0.45 0.53 0.67 0.79 0.84 0.88 0.93 1.02 1.04 0.93 0.78 0.73 0.76 0.80 0.90 0.94 0.82 0.74 0.68 0.65 0.66 0.68 0.73 0.84
0.20 0.19 0.15 0.11 0.08 0.04 0.02 0.03 0.06 0.08 0.10 0.13 0.15 0.17 0.19 0.21 0.23 0.25 0.27 0.29 0.31 0.32 0.34 0.35 0.37 0.38 0.40 0.41 0.43 0.43 0.43 0.42 0.43 0.44 0.47 0.52 0.60 0.69 0.73 0.72 0.69 0.67 0.72 0.80 0.80 0.71 0.65 0.62 0.65 0.70 0.77 0.78 0.73 0.68 0.62 0.55 0.49 0.45 0.43 0.43 0.47 0.56 0.65 0.74 0.88 1.05 1.17 1.21 1.17 1.11 1.07 1.07 1.05 1.05 1.08 0.99 0.83 0.74 0.68 0.65 0.67 0.72 0.83 0.99
0.21 0.20 0.16 0.12 0.08 0.05 0.02 0.02 0.05 0.07 0.10 0.12 0.15 0.17 0.19 0.21 0.23 0.25 0.27 0.29 0.31 0.33 0.34 0.36 0.37 0.39 0.40 0.42 0.43 0.42 0.42 0.43 0.45 0.47 0.49 0.54 0.60 0.62 0.60 0.59 0.60 0.64 0.71 0.72 0.64 0.57 0.55 0.60 0.71 0.82 0.86 0.80 0.72 0.66 0.59 0.52 0.46 0.44 0.46 0.51 0.58 0.64 0.68 0.77 0.95 1.12 1.19 1.17 1.13 1.16 1.21 1.21 1.19 1.17 1.08 0.93 0.81 0.74 0.67 0.64 0.68 0.82 0.98 1.00
0.23 0.21 0.17 0.13 0.09 0.06 0.02 0.01 0.04 0.07 0.09 0.12 0.14 0.17 0.19 0.22 0.24 0.26 0.28 0.30 0.32 0.33 0.35 0.36 0.38 0.39 0.41 0.42 0.42 0.43 0.44 0.45 0.47 0.48 0.50 0.53 0.54 0.53 0.53 0.55 0.60 0.66 0.68 0.63 0.57 0.57 0.61 0.71 0.84 0.88 0.80 0.69 0.62 0.55 0.50 0.47 0.44 0.45 0.53 0.64 0.72 0.78 0.86 1.00 1.13 1.15 1.08 1.00 0.91 0.90 0.95 0.99 1.00 0.98 0.89 0.79 0.73 0.71 0.71 0.75 0.86 0.95 0.93 0.74
0.24 0.22 0.18 0.15 0.11 0.07 0.04 0.03 0.04 0.07 0.10 0.12 0.15 0.17 0.20 0.22 0.24 0.26 0.28 0.30 0.32 0.33 0.35 0.37 0.38 0.40 0.40 0.41 0.42 0.43 0.44 0.46 0.47 0.49 0.51 0.52 0.52 0.52 0.54 0.57 0.61 0.63 0.63 0.58 0.54 0.58 0.70 0.82 0.86 0.77 0.66 0.58 0.52 0.47 0.44 0.45 0.47 0.53 0.65 0.78 0.88 0.97 1.09 1.18 1.18 1.09 0.96 0.85 0.77 0.75 0.76 0.77 0.78 0.77 0.74 0.72 0.71 0.71 0.76 0.84 0.87 0.82 0.65 0.49
0.26 0.24 0.20 0.16 0.13 0.09 0.07 0.05 0.06 0.08 0.10 0.13 0.15 0.18 0.20 0.23 0.25 0.27 0.29 0.30 0.32 0.34 0.35 0.37 0.38 0.39 0.40 0.42 0.43 0.44 0.45 0.46 0.47 0.48 0.50 0.50 0.51 0.53 0.54 0.56 0.59 0.61 0.60 0.57 0.59 0.66 0.77 0.82 0.75 0.65 0.58 0.51 0.48 0.49 0.50 0.52 0.59 0.69 0.81 0.93 1.00 1.07 1.11 1.08 1.01 0.92 0.81 0.74 0.72 0.72 0.71 0.69 0.67 0.66 0.66 0.67 0.67 0.68 0.70 0.71 0.66 0.57 0.50 0.48
0.27 0.25 0.21 0.18 0.14 0.12 0.09 0.08 0.08 0.09 0.12 0.14 0.16 0.19 0.21 0.23 0.25 0.27 0.29 0.31 0.32 0.34 0.36 0.37 0.38 0.40 0.41 0.42 0.43 0.45 0.46 0.47 0.48 0.48 0.49 0.49 0.51 0.52 0.54 0.56 0.57 0.57 0.55 0.57 0.65 0.75 0.80 0.76 0.67 0.60 0.53 0.47 0.46 0.49 0.53 0.60 0.71 0.87 1.02 1.07 1.05 1.02 0.96 0.89 0.84 0.78 0.72 0.69 0.69 0.68 0.66 0.64 0.61 0.60 0.60 0.61 0.63 0.64 0.64 0.62 0.59 0.56 0.56 0.58
0.29 0.26 0.23 0.19 0.16 0.14 0.12 0.11 0.11 0.12 0.13 0.15 0.18 0.20 0.22 0.24 0.26 0.28 0.30 0.31 0.33 0.35 0.36 0.38 0.39 0.40 0.42 0.43 0.44 0.45 0.46 0.47 0.48 0.49 0.50 0.51 0.53 0.55 0.56 0.56 0.55 0.53 0.53 0.58 0.67 0.74 0.74 0.67 0.60 0.53 0.49 0.50 0.53 0.58 0.65 0.74 0.88 1.05 1.11 1.05 0.98 0.90 0.83 0.79 0.78 0.74 0.70 0.66 0.65 0.65 0.63 0.61 0.59 0.56 0.57 0.61 0.66 0.70 0.70 0.68 0.67 0.67 0.66 0.65
0.30 0.28 0.24 0.21 0.19 0.17 0.15 0.14 0.13 0.14 0.16 0.17 0.19 0.21 0.23 0.25 0.27 0.29 0.31 0.32 0.34 0.36 0.37 0.38 0.40 0.41 0.42 0.43 0.45 0.46 0.47 0.48 0.49 0.50 0.51 0.52 0.55 0.56 0.56 0.55 0.54 0.55 0.58 0.62 0.66 0.70 0.65 0.57 0.48 0.41 0.41 0.49 0.61 0.72 0.81 0.93 1.07 1.12 1.01 0.87 0.79 0.72 0.70 0.75 0.78 0.73 0.67 0.63 0.61 0.59 0.58 0.56 0.53 0.53 0.56 0.63 0.69 0.73 0.73 0.72 0.72 0.71 0.70 0.69
0.33 0.30 0.25 0.23 0.22 0.20 0.18 0.17 0.16 0.17 0.18 0.20 0.21 0.23 0.25 0.26 0.28 0.30 0.31 0.33 0.35 0.36 0.38 0.39 0.40 0.42 0.43 0.44 0.45 0.46 0.47 0.48 0.49 0.50 0.52 0.53 0.54 0.54 0.54 0.54 0.55 0.58 0.61 0.63 0.66 0.65 0.58 0.49 0.43 0.41 0.45 0.58 0.68 0.75 0.86 1.03 1.09 0.99 0.83 0.72 0.64 0.61 0.68 0.79 0.78 0.71 0.66 0.62 0.60 0.57 0.55 0.53 0.52 0.54 0.58 0.62 0.65 0.68 0.72 0.74 0.74 0.69 0.65 0.66
0.35 0.32 0.27 0.25 0.25 0.23 0.20 0.20 0.20 0.20 0.21 0.22 0.23 0.24 0.26 0.27 0.29 0.31 0.32 0.34 0.35 0.37 0.38 0.39 0.41 0.42 0.43 0.44 0.46 0.47 0.48 0.49 0.50 0.51 0.52 0.53 0.53 0.53 0.54 0.55 0.57 0.59 0.62 0.64 0.64 0.61 0.53 0.49 0.53 0.61 0.73 0.80 0.83 0.85 0.94 1.03 0.96 0.80 0.68 0.62 0.59 0.63 0.75 0.83 0.78 0.71 0.67 0.63 0.60 0.58 0.57 0.57 0.58 0.59 0.60 0.61 0.62 0.63 0.67 0.70 0.70 0.67 0.64 0.63
0.37 0.34 0.30 0.28 0.28 0.26 0.23 0.23 0.23 0.22 0.23 0.24 0.25 0.26 0.27 0.29 0.30 0.32 0.33 0.35 0.36 0.37 0.39 0.40 0.41 0.42 0.44 0.45 0.46 0.47 0.48 0.50 0.51 0.52 0.53 0.53 0.54 0.55 0.55 0.56 0.58 0.62 0.64 0.64 0.62 0.58 0.54 0.56 0.68 0.80 0.85 0.85 0.86 0.92 0.98 0.97 0.83 0.69 0.62 0.59 0.62 0.69 0.82 0.87 0.81 0.75 0.71 0.67 0.64 0.63 0.64 0.64 0.64 0.62 0.62 0.61 0.61 0.60 0.61 0.63 0.64 0.68 0.71 0.69
0.39 0.38 0.34 0.32 0.31 0.29 0.27 0.26 0.25 0.24 0.25 0.25 0.26 0.27 0.29 0.30 0.32 0.33 0.34 0.35 0.37 0.38 0.39 0.41 0.42 0.43 0.44 0.46 0.47 0.48 0.49 0.50 0.51 0.52 0.53 0.54 0.55 0.55 0.56 0.57 0.60 0.62 0.62 0.59 0.56 0.55 0.58 0.65 0.75 0.80 0.79 0.79 0.82 0.87 0.93 0.90 0.76 0.66 0.64 0.67 0.71 0.79 0.90 0.92 0.86 0.82 0.79 0.76 0.76 0.75 0.73 0.68 0.62 0.61 0.62 0.63 0.62 0.62 0.64 0.65 0.68 0.74 0.79 0.80
0.41 0.41 0.38 0.34 0.33 0.31 0.29 0.28 0.27 0.27 0.27 0.27 0.28 0.29 0.30 0.31 0.32 0.34 0.35 0.37 0.38 0.39 0.40 0.41 0.43 0.44 0.45 0.46 0.47 0.49 0.50 0.51 0.52 0.53 0.54 0.54 0.55 0.56 0.57 0.57 0.58 0.58 0.56 0.53 0.54 0.56 0.61 0.69 0.76 0.76 0.75 0.80 0.84 0.86 0.91 0.85 0.72 0.67 0.69 0.75 0.85 0.96 1.01 0.97 0.89 0.84 0.80 0.79 0.80 0.78 0.70 0.62 0.60 0.63 0.65 0.65 0.66 0.69 0.73 0.74 0.77 0.80 0.81 0.81
0.44 0.44 0.41 0.37 0.34 0.33 0.31 0.29 0.29 0.29 0.30 0.29 0.29 0.30 0.31 0.32 0.33 0.35 0.36 0.37 0.39 0.40 0.41 0.42 0.43 0.45 0.46 0.47 0.48 0.49 0.50 0.51 0.52 0.53 0.54 0.55 0.56 0.57 0.57 0.58 0.58 0.57 0.55 0.56 0.58 0.61 0.66 0.71 0.73 0.72 0.74 0.79 0.81 0.85 0.89 0.79 0.70 0.71 0.76 0.86 0.97 1.04 1.02 0.94 0.84 0.76 0.73 0.71 0.68 0.63 0.59 0.62 0.68 0.71 0.71 0.72 0.74 0.78 0.82 0.83 0.83 0.80 0.77 0.77
0.47 0.46 0.43 0.40 0.37 0.36 0.34 0.32 0.32 0.33 0.33 0.32 0.32 0.32 0.32 0.33 0.35 0.36 0.37 0.38 0.39 0.41 0.42 0.43 0.44 0.45 0.47 0.48 0.49 0.50 0.51 0.52 0.53 0.54 0.55 0.56 0.57 0.57 0.58 0.58 0.59 0.59 0.59 0.60 0.61 0.64 0.66 0.66 0.67 0.67 0.69 0.73 0.77 0.82 0.85 0.76 0.74 0.79 0.89 0.99 1.04 1.02 0.95 0.87 0.79 0.73 0.69 0.65 0.60 0.57 0.62 0.71 0.76 0.77 0.78 0.81 0.85 0.89 0.91 0.90 0.86 0.81 0.76 0.71
0.50 0.49 0.45 0.43 0.40 0.38 0.37 0.35 0.36 0.37 0.36 0.34 0.34 0.33 0.33 0.34 0.36 0.37 0.38 0.39 0.40 0.41 0.43 0.44 0.45 0.46 0.47 0.48 0.49 0.50 0.52 0.53 0.54 0.55 0.56 0.56 0.57 0.58 0.59 0.59 0.60 0.60 0.61 0.61 0.62 0.62 0.62 0.61 0.61 0.61 0.64 0.70 0.77 0.84 0.83 0.76 0.75 0.83 0.95 1.02 1.01 0.96 0.91 0.84 0.78 0.74 0.70 0.67 0.65 0.68 0.74 0.78 0.79 0.81 0.85 0.88 0.93 0.97 0.97 0.93 0.88 0.81 0.74 0.67
0.53 0.51 0.47 0.45 0.42 0.40 0.39 0.38 0.39 0.38 0.36 0.34 0.34 0.35 0.36 0.36 0.37 0.38 0.39 0.40 0.41 0.42 0.44 0.45 0.46 0.47 0.48 0.49 0.50 0.51 0.52 0.53 0.54 0.55 0.56 0.57 0.58 0.59 0.59 0.60 0.61 0.61 0.62 0.62 0.62 0.62 0.62 0.61 0.61 0.62 0.65 0.72 0.80 0.84 0.80 0.73 0.74 0.84 0.94 0.97 0.94 0.91 0.87 0.81 0.76 0.74 0.74 0.72 0.71 0.74 0.77 0.79 0.82 0.87 0.90 0.93 0.96 0.96 0.91 0.84 0.79 0.76 0.72 0.68
0.55 0.53 0.49 0.47 0.44 0.42 0.41 0.40 0.40 0.39 0.37 0.36 0.38 0.40 0.40 0.39 0.39 0.39 0.40 0.41 0.43 0.44 0.46 0.46 0.47 0.48 0.49 0.50 0.51 0.52 0.53 0.54 0.55 0.56 0.57 0.58 0.59 0.60 0.60 0.61 0.62 0.62 0.63 0.63 0.64 0.64 0.64 0.65 0.65 0.66 0.67 0.71 0.77 0.79 0.76 0.72 0.76 0.86 0.92 0.90 0.87 0.83 0.79 0.76 0.74 0.75 0.73 0.69 0.69 0.73 0.77 0.80 0.86 0.90 0.93 0.96 0.97 0.90 0.81 0.74 0.71 0.69 0.67 0.65
0.57 0.55 0.51 0.49 0.47 0.45 0.44 0.43 0.43 0.42 0.41 0.41 0.42 0.43 0.42 0.42 0.42 0.42 0.42 0.42 0.43 0.45 0.46 0.47 0.47 0.48 0.49 0.50 0.52 0.53 0.54 0.55 0.56 0.57 0.58 0.59 0.60 0.60 0.61 0.62 0.63 0.63 0.64 0.64 0.65 0.65 0.66 0.67 0.67 0.68 0.67 0.68 0.72 0.74 0.69 0.66 0.74 0.84 0.85 0.81 0.77 0.74 0.73 0.73 0.74 0.74 0.71 0.67 0.69 0.76 0.81 0.85 0.90 0.92 0.94 0.95 0.90 0.82 0.77 0.74 0.70 0.66 0.62 0.59
0.57 0.55 0.53 0.51 0.49 0.47 0.47 0.47 0.46 0.44 0.44 0.43 0.43 0.43 0.43 0.44 0.45 0.45 0.44 0.44 0.44 0.45 0.46 0.47 0.47 0.49 0.50 0.51 0.53 0.54 0.55 0.56 0.57 0.58 0.59 0.60 0.60 0.61 0.62 0.63 0.63 0.64 0.65 0.65 0.66 0.67 0.67 0.68 0.68 0.68 0.68 0.69 0.73 0.73 0.65 0.66 0.74 0.80 0.79 0.76 0.73 0.73 0.76 0.75 0.74 0.72 0.70 0.72 0.77 0.83 0.86 0.89 0.93 0.94 0.94 0.91 0.84 0.79 0.77 0.75 0.71 0.67 0.62 0.60
0.57 0.56 0.55 0.53 0.52 0.51 0.51 0.50 0.48 0.46 0.46 0.45 0.45 0.45 0.44 0.45 0.46 0.47 0.47 0.46 0.46 0.47 0.47 0.48 0.49 0.50 0.52 0.53 0.54 0.55 0.56 0.57 0.58 0.59 0.60 0.60 0.61 0.62 0.63 0.64 0.64 0.65 0.66 0.66 0.67 0.68 0.68 0.68 0.69 0.69 0.70 0.73 0.76 0.75 0.71 0.73 0.78 0.79 0.79 0.80 0.81 0.82 0.77 0.67 0.59 0.57 0.59 0.72 0.84 0.88 0.90 0.92 0.95 0.96 0.94 0.89 0.85 0.83 0.82 0.79 0.75 0.71 0.69 0.72
0.56 0.56 0.57 0.56 0.55 0.54 0.52 0.51 0.49 0.48 0.47 0.48 0.48 0.47 0.46 0.47 0.49 0.50 0.50 0.50 0.49 0.48 0.48 0.49 0.50 0.51 0.53 0.54 0.54 0.55 0.57 0.58 0.59 0.60 0.61 0.61 0.62 0.63 0.64 0.64 0.65 0.66 0.67 0.67 0.68 0.68 0.69 0.69 0.70 0.71 0.72 0.74 0.76 0.77 0.75 0.76 0.81 0.83 0.84 0.87 0.85 0.75 0.59 0.45 0.42 0.48 0.61 0.79 0.88 0.91 0.94 0.96 0.98 0.97 0.93 0.90 0.91 0.92 0.90 0.87 0.82 0.79 0.81 0.87
0.56 0.58 0.60 0.59 0.58 0.56 0.53 0.51 0.49 0.48 0.49 0.50 0.49 0.48 0.48 0.49 0.50 0.50 0.51 0.52 0.51 0.50 0.50 0.50 0.51 0.52 0.54 0.55 0.56 0.57 0.58 0.59 0.60 0.60 0.61 0.62 0.63 0.64 0.65 0.65 0.66 0.67 0.68 0.68 0.69 0.69 0.70 0.70 0.71 0.72 0.73 0.73 0.74 0.74 0.73 0.77 0.84 0.87 0.88 0.85 0.73 0.54 0.48 0.53 0.64 0.75 0.86 0.91 0.91 0.92 0.94 0.97 0.97 0.94 0.91 0.93 0.96 0.95 0.91 0.87 0.84 0.85 0.93 1.06
0.57 0.60 0.63 0.61 0.59 0.59 0.57 0.54 0.53 0.53 0.54 0.54 0.51 0.49 0.51 0.51 0.51 0.50 0.51 0.54 0.56 0.55 0.54 0.54 0.53 0.54 0.55 0.56 0.57 0.58 0.59 0.60 0.61 0.61 0.62 0.63 0.64 0.65 0.66 0.66 0.67 0.68 0.68 0.69 0.70 0.70 0.71 0.71 0.72 0.72 0.73 0.73 0.73 0.73 0.72 0.76 0.82 0.83 0.81 0.74 0.60 0.57 0.68 0.83 0.92 0.96 0.96 0.93 0.90 0.90 0.92 0.94 0.94 0.93 0.94 0.95 0.94 0.91 0.88 0.88 0.95 1.06 1.23 1.45
0.62 0.66 0.68 0.65 0.64 0.66 0.63 0.58 0.56 0.57 0.59 0.56 0.53 0.53 0.52 0.51 0.52 0.53 0.54 0.57 0.58 0.58 0.59 0.59 0.57 0.56 0.55 0.54 0.55 0.57 0.59 0.60 0.61 0.62 0.63 0.64 0.65 0.66 0.67 0.67 0.68 0.69 0.69 0.70 0.70 0.71 0.72 0.72 0.72 0.73 0.73 0.73 0.73 0.73 0.72 0.73 0.74 0.71 0.67 0.62 0.60 0.69 0.82 0.90 0.95 0.96 0.93 0.89 0.88 0.89 0.90 0.91 0.91 0.93 0.94 0.92 0.90 0.89 0.91 1.00 1.16 1.33 1.50 1.56
0.73 0.77 0.79 0.77 0.78 0.79 0.72 0.63 0.60 0.63 0.63 0.60 0.58 0.57 0.55 0.53 0.54 0.55 0.57 0.56 0.55 0.56 0.61 0.63 0.62 0.59 0.55 0.53 0.54 0.56 0.58 0.60 0.62 0.63 0.64 0.65 0.66 0.67 0.68 0.68 0.69 0.70 0.70 0.71 0.71 0.72 0.72 0.73 0.73 0.73 0.74 0.74 0.74 0.74 0.73 0.72 0.69 0.66 0.62 0.59 0.60 0.68 0.78 0.85 0.87 0.88 0.88 0.89 0.91 0.91 0.90 0.88 0.89 0.88 0.86 0.86 0.86 0.87 0.93 1.05 1.18 1.30 1.32 1.14
0.81 0.83 0.84 0.83 0.85 0.83 0.75 0.72 0.74 0.79 0.79 0.75 0.72 0.68 0.65 0.62 0.60 0.59 0.57 0.55 0.55 0.57 0.59 0.61 0.62 0.59 0.55 0.55 0.57 0.58 0.59 0.61 0.62 0.64 0.65 0.66 0.67 0.68 0.69 0.69 0.70 0.71 0.71 0.72 0.72 0.73 0.73 0.73 0.74 0.74 0.74 0.74 0.74 0.74 0.74 0.72 0.70 0.68 0.65 0.62 0.61 0.66 0.74 0.77 0.75 0.74 0.79 0.87 0.92 0.92 0.88 0.87 0.90 0.89 0.85 0.83 0.80 0.82 0.89 1.00 1.07 1.06 0.91 0.78
0.84 0.83 0.81 0.78 0.76 0.70 0.63 0.68 0.79 0.85 0.83 0.79 0.77 0.74 0.71 0.69 0.66 0.63 0.59 0.57 0.57 0.57 0.58 0.58 0.55 0.54 0.58 0.61 0.62 0.62 0.61 0.62 0.63 0.65 0.66 0.67 0.68 0.69 0.70 0.70 0.71 0.71 0.72 0.72 0.73 0.73 0.74 0.74 0.75 0.75 0.75 0.75 0.75 0.75 0.74 0.74 0.72 0.71 0.69 0.67 0.66 0.67 0.68 0.66 0.62 0.64 0.69 0.74 0.78 0.80 0.83 0.90 0.93 0.88 0.83 0.79 0.78 0.81 0.86 0.90 0.88 0.77 0.66 0.75
0.84 0.82 0.80 0.76 0.71 0.66 0.60 0.61 0.72 0.74 0.61 0.55 0.56 0.57 0.60 0.62 0.64 0.64 0.64 0.62 0.59 0.58 0.59 0.58 0.56 0.60 0.66 0.70 0.70 0.67 0.66 0.65 0.65 0.65 0.66 0.68 0.69 0.70 0.71 0.71 0.72 0.72 0.73 0.73 0.74 0.74 0.75 0.75 0.75 0.76 0.76 0.76 0.76 0.76 0.75 0.75 0.74 0.73 0.72 0.71 0.70 0.70 0.68 0.65 0.62 0.62 0.62 0.61 0.62 0.66 0.78 0.88 0.87 0.80 0.76 0.75 0.78 0.80 0.80 0.75 0.67 0.61 0.67 0.91
0.83 0.82 0.79 0.75 0.71 0.68 0.65 0.65 0.69 0.65 0.50 0.45 0.47 0.47 0.49 0.52 0.56 0.61 0.64 0.64 0.64 0.65 0.65 0.64 0.64 0.66 0.69 0.72 0.72 0.72 0.71 0.69 0.68 0.67 0.67 0.69 0.70 0.71 0.71 0.72 0.73 0.73 0.74 0.74 0.75 0.75 0.75 0.76 0.76 0.76 0.77 0.77 0.77 0.77 0.76 0.76 0.75 0.75 0.74 0.74 0.73 0.72 0.71 0.70 0.68 0.66 0.62 0.60 0.60 0.64 0.70 0.72 0.69 0.61 0.62 0.66 0.72 0.74 0.70 0.64 0.60 0.65 0.85 1.07
0.82 0.82 0.79 0.74 0.71 0.71 0.69 0.69 0.68 0.61 0.53 0.52 0.52 0.51 0.52 0.54 0.56 0.58 0.59 0.62 0.66 0.70 0.71 0.71 0.69 0.69 0.70 0.70 0.71 0.73 0.73 0.72 0.72 0.72 0.71 0.72 0.71 0.71 0.72 0.73 0.74 0.74 0.75 0.75 0.75 0.76 0.76 0.77 0.77 0.77 0.78 0.78 0.78 0.78 0.78 0.77 0.77 0.76 0.76 0.75 0.75 0.74 0.74 0.72 0.71 0.70 0.68 0.67 0.66 0.66 0.63 0.58 0.52 0.49 0.54 0.61 0.66 0.67 0.63 0.62 0.66 0.82 1.07 1.09
0.80 0.79 0.76 0.71 0.71 0.72 0.70 0.69 0.66 0.62 0.59 0.58 0.57 0.57 0.58 0.59 0.60 0.60 0.61 0.62 0.65 0.67 0.68 0.69 0.69 0.70 0.71 0.71 0.71 0.71 0.72 0.74 0.76 0.78 0.78 0.76 0.74 0.73 0.74 0.75 0.75 0.75 0.76 0.76 0.76 0.77 0.77 0.77 0.78 0.78 0.78 0.79 0.79 0.79 0.79 0.78 0.78 0.78 0.77 0.77 0.77 0.76 0.75 0.75 0.74 0.73 0.72 0.72 0.71 0.68 0.63 0.59 0.55 0.55 0.60 0.66 0.69 0.67 0.63 0.66 0.83 1.08 1.17 0.90
0.73 0.73 0.71 0.68 0.69 0.71 0.71 0.69 0.67 0.64 0.62 0.61 0.60 0.60 0.61 0.62 0.63 0.64 0.64 0.65 0.65 0.65 0.65 0.66 0.67 0.68 0.69 0.70 0.72 0.73 0.75 0.77 0.78 0.78 0.76 0.74 0.74 0.75 0.76 0.76 0.76 0.76 0.76 0.77 0.77 0.77 0.78 0.78 0.79 0.79 0.79 0.79 0.80 0.80 0.80 0.80 0.79 0.79 0.79 0.78 0.78 0.78 0.77 0.76 0.76 0.75 0.75 0.74 0.73 0.70 0.68 0.67 0.66 0.65 0.67 0.70 0.70 0.68 0.68 0.78 1.04 1.18 0.98 0.53
