windninja/windninja_output/Output_2025-08-24_0800-0850_Google earth_Fire_150m_10min/merlingen_7.5mi_point_08-24-2025_0820_150m_ang.asc
ncols	158
nrows	163
xllcorner	391686.332397
yllcorner	5160024.123721
cellsize	150.000000
NODATA_value	-32768.000000
[rows 84 to 125 of 163, columns 0 to 93 of 158]
145 151 160 168 177 182 186 191 192 187 177 171 168 167 168 168 167 165 164 163 162 163 166 169 168 170 174 178 180 182 183 184 186 188 189 190 190 191 191 190 189 187 185 184 184 184 183 181 181 183 185 184 182 181 181 182 182 182 182 182 182 182 182 182 182 182 181 181 181 181 180 180 179 178 178 177 176 175 174 173 174 177 183 183 174 166 163 164 165 166 168 171 176 179
124 134 158 168 182 190 198 200 193 182 173 171 170 169 170 171 169 166 164 161 159 159 160 162 164 166 172 177 179 180 182 184 186 189 191 190 190 191 190 188 186 185 185 185 185 185 184 182 181 182 184 186 187 186 183 182 182 182 182 182 181 181 181 182 182 182 181 181 181 181 180 180 179 178 178 177 176 175 174 173 173 175 178 177 168 164 165 167 167 168 169 172 176 180
118 127 151 161 185 204 206 193 181 174 172 172 170 170 171 173 172 169 165 160 155 152 149 149 155 164 171 175 177 179 181 183 184 185 187 188 190 192 191 187 183 182 184 186 187 186 185 184 182 181 182 185 187 186 184 183 182 182 181 181 181 181 181 181 181 181 181 181 181 181 180 180 179 179 178 177 176 175 173 172 170 170 171 170 165 163 164 166 169 170 171 173 175 175
129 132 140 153 177 189 187 179 174 175 176 173 170 171 173 175 176 175 169 161 156 149 143 143 152 164 172 175 178 181 182 182 182 181 182 185 188 190 191 190 186 182 182 185 187 188 186 186 186 184 183 182 183 185 184 183 181 180 180 180 180 180 181 181 181 181 181 181 181 181 181 180 179 179 178 177 176 175 173 170 167 163 162 161 161 164 166 166 169 172 172 171 168 168
165 154 148 159 168 174 177 178 181 184 181 172 169 172 174 178 181 179 172 162 157 151 148 153 161 170 174 177 180 183 183 182 182 181 179 180 183 187 191 192 191 187 184 183 186 188 188 188 188 187 185 182 182 182 183 183 182 179 177 177 177 179 180 181 181 181 181 181 181 181 181 180 180 179 178 177 176 174 172 170 165 158 154 151 152 160 166 169 171 171 169 165 162 162
181 169 161 166 168 171 176 182 188 189 181 172 172 176 179 182 182 178 169 159 153 150 154 162 173 177 178 180 182 183 184 184 183 183 182 179 179 183 189 193 194 191 187 184 184 186 189 190 189 187 186 183 181 180 182 184 185 183 176 171 173 177 179 180 181 181 181 181 181 181 181 180 180 179 178 177 176 175 173 170 165 158 152 145 142 147 160 167 170 168 162 160 164 168
173 170 169 171 169 169 173 180 185 184 180 176 177 180 183 184 180 176 166 152 149 153 163 175 182 182 182 182 183 184 185 185 184 184 184 183 181 180 184 190 193 192 190 187 184 185 188 190 190 187 185 182 180 179 181 186 189 187 178 169 170 175 178 180 181 181 181 181 181 181 181 180 180 179 178 177 176 175 173 170 166 161 155 149 144 145 152 160 163 159 156 161 173 180
164 168 173 173 171 169 169 173 179 182 182 183 184 184 183 181 179 175 165 149 150 161 177 187 189 187 185 185 185 185 185 185 185 184 184 184 183 181 179 184 191 194 192 189 186 185 187 189 191 189 184 180 178 178 181 186 186 182 179 176 174 175 178 180 181 181 181 181 181 181 181 181 180 179 179 178 177 175 173 171 167 163 159 155 152 151 152 156 157 154 154 167 180 184
156 162 168 172 174 172 169 171 178 185 187 187 186 185 184 180 176 173 166 162 162 175 189 195 195 192 189 188 187 186 187 186 184 183 182 183 183 182 180 180 187 194 196 193 189 187 187 189 191 189 184 178 175 175 176 179 179 178 181 184 183 179 179 181 181 181 181 181 181 181 181 181 180 179 179 178 177 176 174 172 169 165 160 155 152 151 151 152 152 152 159 175 186 194
146 152 162 168 171 171 172 174 179 186 189 186 183 181 183 183 176 171 169 172 180 189 195 200 198 196 192 190 189 188 188 187 183 181 180 181 182 182 181 180 183 191 197 197 194 191 189 189 189 189 183 173 171 173 172 170 171 177 184 189 188 183 181 181 181 181 181 181 181 181 181 181 180 180 179 178 177 176 175 173 171 168 164 158 151 147 146 145 145 154 173 182 186 191
135 143 155 161 163 166 171 175 178 182 186 186 183 182 183 184 182 178 179 188 198 199 202 204 202 197 193 191 191 192 192 187 181 178 178 180 181 181 181 180 180 184 192 196 197 194 191 187 186 184 179 174 172 174 173 168 168 175 182 187 187 185 183 182 181 181 181 181 181 181 181 180 180 180 179 179 178 177 176 174 172 170 167 164 159 154 150 149 155 168 176 179 182 184
125 134 149 155 157 160 165 168 170 173 178 184 186 188 188 190 192 197 197 203 210 215 216 216 206 197 193 192 192 193 191 185 180 178 178 178 179 180 180 179 178 178 184 191 194 193 190 187 183 179 177 180 180 178 177 174 172 174 178 183 185 184 183 181 181 181 181 181 181 181 181 181 180 180 180 179 178 177 176 175 174 172 170 168 166 164 163 163 167 172 176 178 180 182
118 126 142 150 155 161 164 163 159 159 166 181 195 200 203 209 212 216 216 214 228 238 239 232 210 195 192 191 190 188 185 184 184 183 180 177 177 178 178 177 175 174 177 183 187 188 187 184 181 179 182 189 190 184 181 178 176 176 177 180 182 183 182 181 180 181 180 180 180 181 181 181 181 180 180 179 179 178 177 176 175 174 173 172 171 170 170 171 172 175 177 178 180 182
116 122 135 145 155 165 170 169 162 156 160 176 207 210 213 217 222 226 226 228 243 251 252 239 199 185 186 189 188 183 182 186 190 189 183 178 175 174 174 174 173 171 172 175 179 182 183 182 182 185 193 197 195 189 185 183 180 178 178 178 180 180 180 179 179 179 179 179 180 181 181 181 181 180 180 179 179 178 178 177 176 175 175 174 173 173 173 174 175 176 178 179 180 181
109 112 120 129 144 160 172 177 176 174 174 187 243 250 247 245 242 248 251 247 245 242 231 205 181 182 187 189 189 187 187 189 191 189 185 179 173 169 167 169 170 170 169 171 175 177 179 182 187 193 196 196 196 192 188 186 184 181 179 179 179 179 177 176 176 177 178 179 180 181 181 181 180 180 180 180 179 179 178 178 177 176 176 175 175 175 175 176 177 178 179 180 181 181
100 99 99 105 115 126 145 175 192 207 223 248 272 279 274 270 272 272 268 256 233 213 198 193 191 194 198 196 195 196 193 191 189 185 182 177 173 168 164 162 165 167 167 169 174 177 178 182 188 192 193 193 193 192 189 186 186 185 182 180 181 180 178 175 173 173 175 177 179 180 180 180 180 180 180 180 179 179 178 178 177 177 177 177 176 177 177 177 178 179 179 180 181 182
103 101 99 101 102 100 94 106 254 261 264 270 278 285 290 284 277 273 262 234 208 194 194 206 216 216 213 208 206 205 202 198 189 177 170 169 169 168 164 159 159 162 164 166 171 175 179 182 186 189 191 191 190 190 189 188 188 188 185 181 181 182 182 179 175 172 172 174 177 179 180 180 180 180 180 179 179 179 178 178 178 177 177 177 177 177 178 178 179 179 180 181 181 182
113 112 109 107 104 100 89 79 261 260 258 253 253 258 261 255 239 230 219 203 191 191 212 233 237 234 230 226 226 226 224 213 188 161 150 151 155 159 160 158 157 158 160 162 166 172 178 181 184 186 189 190 189 189 189 189 189 188 187 185 182 181 182 182 179 175 173 174 176 178 179 179 179 179 179 179 179 179 178 178 178 178 177 177 178 178 178 179 179 180 180 181 182 183
124 123 120 117 120 127 133 157 215 231 234 232 228 220 209 204 205 203 198 194 194 212 239 245 244 244 247 249 249 244 233 209 181 155 137 131 135 142 148 152 153 154 155 157 161 168 175 179 182 184 187 189 189 189 189 189 187 188 189 188 184 181 181 182 182 180 177 177 178 179 179 177 177 178 179 179 178 178 178 177 177 177 177 177 178 178 179 179 180 180 181 181 182 183
139 138 136 137 142 155 168 180 198 217 223 218 209 195 190 193 198 199 197 201 216 239 248 249 248 249 252 254 250 237 218 198 180 159 140 128 124 127 133 140 145 147 149 152 155 160 168 175 181 185 187 187 187 187 188 188 187 188 189 188 186 183 183 184 184 183 182 182 182 182 181 178 175 175 177 177 177 176 176 176 176 177 177 177 178 178 179 179 180 180 181 182 182 183
154 154 154 156 160 169 181 197 209 220 224 216 202 187 182 193 206 211 220 241 248 245 243 244 246 244 242 240 234 224 212 197 177 159 143 130 123 120 123 129 136 141 143 145 148 153 160 169 178 183 185 186 186 186 186 187 188 189 188 188 188 187 185 184 185 186 186 184 184 184 185 185 181 176 174 173 172 172 173 174 174 175 175 176 177 178 178 179 180 180 181 182 183 184
171 169 170 173 177 184 193 212 219 223 233 234 219 199 198 221 249 260 266 264 255 246 241 240 236 231 231 230 226 222 216 195 166 157 147 134 129 127 127 130 134 138 139 140 144 148 154 163 172 179 182 184 185 187 186 186 188 189 189 190 189 189 187 185 187 188 187 186 186 186 187 190 190 185 177 171 167 167 168 168 169 171 173 175 176 177 178 179 180 180 181 182 183 184
187 184 183 186 191 196 203 213 212 209 209 204 199 199 206 225 252 262 259 253 248 246 240 230 225 223 224 224 223 220 210 189 171 162 149 138 136 135 133 132 134 137 138 139 141 144 150 157 164 172 178 181 184 187 188 187 187 188 190 191 191 189 188 187 187 188 188 187 186 188 190 191 192 189 184 179 175 172 169 165 162 164 169 172 175 176 178 179 179 180 181 182 183 184
198 195 192 194 198 200 202 198 193 190 191 192 196 203 211 221 235 243 246 244 240 237 230 218 216 218 218 216 216 214 203 192 183 168 150 144 145 143 136 133 134 136 138 139 141 143 147 153 160 166 172 178 182 185 188 189 189 188 189 191 192 190 188 188 188 188 190 189 186 188 191 191 190 190 188 185 182 177 174 172 167 162 163 168 172 175 177 178 179 180 182 182 183 183
204 201 198 197 196 193 190 187 185 188 195 202 207 214 218 219 221 227 232 232 228 226 221 210 208 212 211 206 208 210 203 197 187 167 152 153 155 150 141 139 139 137 137 140 142 143 145 150 157 164 170 175 179 182 186 189 191 190 189 190 192 192 189 188 190 190 191 191 188 186 190 192 191 189 189 188 185 181 177 176 176 169 161 162 168 173 175 178 179 180 181 182 182 183
209 205 198 193 187 186 187 189 191 198 210 217 218 218 219 216 211 212 217 219 220 222 220 210 200 200 203 201 203 207 203 197 187 168 157 160 161 152 147 149 147 137 134 138 142 142 144 148 153 160 167 173 178 181 183 187 190 191 189 188 190 192 192 191 192 193 191 191 190 187 189 192 191 188 188 188 187 186 182 179 179 177 169 163 164 169 174 177 179 180 181 181 181 182
211 205 195 190 187 189 195 203 210 214 219 223 220 216 214 210 205 203 206 211 218 223 217 207 193 188 194 195 197 203 201 194 187 173 163 161 158 152 154 158 155 143 137 137 139 141 144 147 150 155 162 169 177 181 183 184 187 190 190 188 189 192 195 195 195 195 193 190 190 189 187 188 190 190 189 189 190 191 189 184 180 179 176 170 164 165 170 175 178 180 180 181 180 181
209 204 197 195 197 202 209 214 216 217 220 224 219 210 205 204 200 195 198 205 214 223 216 200 191 183 180 180 187 198 202 195 185 175 166 162 158 157 162 164 158 153 149 142 138 139 142 145 147 151 157 165 173 180 182 183 186 189 191 190 189 192 196 196 195 195 195 192 189 187 185 186 189 191 192 192 192 193 192 188 183 180 180 177 172 168 169 173 177 179 179 179 178 179
213 209 204 205 207 208 209 210 212 213 214 215 209 200 199 202 200 191 190 196 205 215 216 200 190 183 170 164 172 189 200 198 185 170 164 166 166 167 169 166 161 158 152 147 144 142 142 141 142 146 152 161 170 177 180 182 184 188 191 191 189 191 194 195 194 195 196 196 192 187 185 185 189 192 193 194 193 192 192 191 188 183 182 181 179 177 177 178 180 180 174 171 173 177
219 215 211 211 211 210 208 207 208 207 205 204 202 196 197 202 198 185 179 185 195 208 218 211 193 185 175 166 162 173 190 197 189 169 162 167 174 177 174 169 165 157 148 147 150 148 144 142 141 142 147 157 167 174 179 182 183 186 190 192 191 191 193 194 193 194 196 196 195 190 187 186 187 190 193 195 194 191 191 193 193 189 186 186 184 183 185 187 186 179 168 166 171 178
220 217 214 211 209 209 207 205 205 204 198 195 196 197 199 200 190 175 170 177 186 201 212 213 198 188 186 181 172 166 176 189 189 176 166 167 173 176 175 172 166 154 149 151 155 152 149 148 147 145 145 151 160 170 178 181 182 184 188 191 191 190 192 193 192 192 194 195 195 193 190 189 189 190 192 195 195 192 191 193 195 194 191 189 189 188 189 189 183 174 170 172 176 183
219 217 213 209 206 206 206 206 206 200 191 187 191 196 199 197 185 174 168 171 179 190 200 202 199 192 189 188 184 176 174 182 188 185 174 167 166 170 172 170 161 153 154 158 160 157 155 155 153 149 147 149 155 165 175 181 182 183 186 189 191 191 191 192 192 191 192 194 195 195 193 193 194 193 191 193 195 195 192 191 194 196 194 193 194 192 189 185 178 173 175 181 185 188
218 215 212 209 207 206 206 206 204 196 186 183 188 192 196 195 188 179 171 169 174 180 184 191 196 197 194 191 188 180 174 176 184 188 177 166 165 169 170 164 157 156 160 164 163 162 160 156 153 152 151 151 155 162 172 180 183 183 184 187 190 190 191 192 191 191 191 193 194 195 194 195 196 197 194 191 194 197 196 194 195 196 195 195 197 194 187 182 178 177 182 188 189 186
217 215 214 212 210 208 204 200 197 193 188 185 185 186 190 197 196 181 168 163 166 170 172 179 188 193 195 193 190 184 176 172 178 182 178 169 166 169 167 162 161 162 166 168 168 167 162 156 154 155 156 157 158 161 170 179 183 183 184 186 188 188 189 190 191 191 191 192 193 194 194 194 195 198 199 195 193 197 199 197 195 195 195 196 197 193 185 181 181 183 189 191 188 183
219 217 215 214 210 206 200 194 190 190 193 191 184 180 185 198 201 179 160 154 154 157 162 167 174 183 185 184 188 191 185 175 172 173 179 183 179 174 169 166 168 171 171 171 170 168 164 160 159 160 161 162 161 163 169 177 182 184 184 185 186 185 186 188 190 190 190 192 194 194 193 192 193 196 199 199 197 196 198 196 195 196 197 196 193 189 184 182 183 188 192 191 188 185
221 218 215 214 210 203 198 192 188 188 194 195 184 176 182 196 200 184 159 147 142 144 151 157 161 166 169 173 181 186 181 174 169 170 181 191 191 183 178 178 180 179 177 173 171 170 168 163 162 164 165 165 164 164 168 175 181 184 184 184 184 183 183 185 188 190 190 192 194 194 193 191 191 193 196 201 201 199 198 198 199 201 200 195 189 185 183 182 185 190 192 192 191 191
222 218 214 213 212 206 201 195 190 188 192 194 184 177 181 191 198 192 170 149 138 134 138 143 148 152 156 162 167 170 171 171 169 174 184 193 194 190 186 190 191 188 184 180 179 178 174 170 168 168 168 168 166 166 169 174 180 183 183 184 183 183 184 187 193 197 194 192 194 195 193 191 189 189 193 198 202 203 202 203 203 203 201 194 187 183 181 183 187 191 193 193 193 193
220 216 207 204 206 205 203 200 195 189 189 192 183 176 178 186 196 197 185 164 141 125 121 126 131 138 145 153 155 154 158 165 171 177 185 190 193 194 192 194 197 196 193 189 188 186 182 179 178 175 173 171 169 169 171 175 179 182 183 183 184 188 193 202 210 214 207 189 186 190 192 192 189 188 189 193 199 203 205 205 204 202 199 192 186 183 182 184 189 191 193 194 192 187
214 209 199 195 197 197 198 201 202 196 189 189 183 173 172 179 194 203 199 183 154 125 114 110 111 118 128 138 142 144 151 161 169 177 185 189 191 195 192 189 194 200 202 199 194 190 187 186 184 181 178 173 171 172 173 174 178 182 184 187 192 201 209 212 208 205 201 187 172 177 188 190 189 187 185 187 193 198 202 203 204 202 196 189 185 185 185 187 190 191 192 192 189 182
210 206 196 191 192 193 195 199 203 203 196 193 188 175 169 171 188 207 213 203 172 138 117 102 99 104 110 119 129 138 150 160 167 175 183 188 190 195 194 187 188 196 203 204 197 190 186 184 183 182 179 176 175 175 174 174 179 186 190 196 205 211 208 202 197 195 196 194 182 169 176 184 185 185 184 183 185 190 195 198 200 200 195 190 189 189 189 190 192 192 193 190 186 179
209 205 197 192 191 192 193 196 202 202 200 203 199 185 171 165 178 202 212 212 193 155 130 118 109 103 102 115 129 140 155 163 167 173 181 187 188 193 196 189 186 190 200 206 202 194 186 182 181 181 180 180 179 177 177 180 186 195 200 203 205 201 196 194 192 191 194 197 196 185 173 173 177 179 180 178 178 181 186 190 194 198 199 196 194 194 193 194 195 195 192 186 180 176
204 201 196 192 189 190 192 193 196 197 200 210 215 200 177 161 165 186 199 201 199 179 150 131 122 119 124 135 141 150 164 169 169 172 180 187 187 189 194 192 187 187 194 204 206 199 190 183 180 180 182 184 183 181 181 184 189 195 199 198 193 191 191 191 191 192 194 197 201 199 191 181 172 163 163 167 168 169 175 181 186 195 201 201 198 197 197 196 197 194 187 181 176 174
