windninja/windninja_output/Output_2025-08-24_0800-0850_Google earth_Fire_150m_10min/merlingen_7.5mi_point_08-24-2025_0850_150m_ang.asc
ncols	158
nrows	163
xllcorner	391686.332397
yllcorner	5160024.123721
cellsize	150.000000
NODATA_value	-32768.000000
[rows 0 to 46 of 163, columns 0 to 95 of 158]
350 348 346 346 347 348 350 349 348 349 350 351 352 351 348 345 341 338 338 340 343 346 348 349 350 350 349 347 346 348 349 349 348 346 344 345 347 345 341 341 342 343 344 343 342 343 343 341 341 344 347 348 349 350 351 351 350 348 346 346 347 347 347 346 346 347 347 347 346 346 347 348 348 346 345 346 348 347 344 343 345 346 345 344 344 341 340 341 340 339 339 338 338 339 339 337
352 349 345 345 346 347 350 349 347 347 349 351 354 355 353 351 347 345 342 343 345 345 346 349 352 352 351 348 347 349 350 349 349 347 345 346 349 347 345 345 344 344 346 346 345 346 347 345 343 343 345 346 347 349 351 351 350 348 347 347 347 347 347 347 346 347 347 347 347 346 347 348 348 346 345 347 349 348 345 345 347 348 346 346 346 343 342 344 344 342 340 339 340 340 341 343
353 349 346 346 345 347 351 350 346 345 347 352 356 356 356 353 350 349 346 346 348 346 345 348 353 355 354 351 350 351 351 350 349 348 347 347 349 349 349 349 347 347 347 346 347 348 348 348 348 346 345 346 348 350 350 350 349 349 349 349 348 348 348 347 347 347 348 348 347 347 348 349 348 347 346 349 351 349 347 348 351 351 349 349 348 345 346 348 350 349 346 343 344 346 346 347
347 347 347 347 347 349 350 348 347 347 350 355 357 355 353 351 350 350 349 350 351 348 345 347 352 355 356 355 354 355 354 352 350 347 347 348 349 349 349 348 348 348 347 346 347 348 348 350 352 350 349 350 352 352 351 350 349 348 349 349 349 349 348 348 349 348 348 347 347 348 350 349 347 346 347 348 348 348 349 351 352 353 352 351 348 347 348 350 352 353 353 350 348 349 349 348
341 344 348 348 348 348 347 345 345 349 354 357 356 354 350 348 349 350 352 353 352 348 346 346 348 352 355 357 357 357 357 356 353 350 349 349 350 349 348 348 348 348 347 347 348 349 350 351 352 352 353 353 353 352 352 351 349 348 348 348 349 349 349 349 349 349 348 347 347 349 351 349 347 347 348 348 346 345 349 352 353 351 351 351 349 348 347 347 348 351 354 354 352 350 350 350
337 339 344 347 348 347 345 342 344 350 355 356 354 352 348 347 349 352 353 354 352 348 344 343 344 347 351 355 356 356 357 357 355 354 354 352 351 349 348 349 349 348 347 348 350 351 351 352 352 353 356 355 353 352 352 351 350 349 348 348 349 350 350 350 349 349 349 348 348 351 353 351 347 347 350 350 348 345 348 354 355 349 347 349 349 349 347 343 340 344 348 350 352 351 349 350
338 338 339 343 345 346 344 344 347 352 353 354 353 350 346 346 350 354 355 354 353 349 344 341 340 343 347 351 353 355 355 354 354 356 356 354 351 350 350 350 350 349 349 349 350 351 352 352 353 354 356 356 355 354 353 351 349 348 348 348 349 351 352 352 351 350 349 348 349 352 354 352 349 349 350 351 351 350 352 357 355 349 347 348 349 350 348 343 336 335 336 339 344 347 348 349
339 339 338 338 339 342 344 346 349 351 350 351 351 349 347 347 350 353 355 355 354 351 348 342 339 341 345 346 349 352 352 351 352 355 354 352 351 351 352 352 352 351 351 351 351 351 352 352 353 355 356 355 355 356 354 351 349 348 348 347 348 350 353 354 353 352 350 348 349 351 352 351 352 352 352 351 351 353 357 357 351 347 348 349 350 351 350 347 341 334 330 331 334 340 345 345
339 339 339 338 337 338 342 346 348 348 348 347 347 348 347 348 350 352 354 355 354 353 351 347 343 342 343 345 348 350 348 348 351 353 351 350 351 352 353 354 353 352 352 351 351 351 351 352 352 354 355 354 354 356 353 350 349 348 348 347 348 349 351 353 355 353 350 348 350 352 351 349 351 354 353 352 352 356 0 357 349 345 346 348 349 350 352 351 348 345 342 341 340 342 344 342
338 338 339 339 340 340 342 345 346 346 346 345 344 344 345 348 350 350 352 354 354 353 352 351 349 345 344 346 349 349 347 347 349 351 350 350 352 354 355 355 354 353 352 351 351 351 351 351 351 353 354 354 354 353 350 348 348 348 348 349 349 347 347 350 351 350 348 348 351 354 353 351 351 353 354 354 353 356 357 353 349 348 346 344 343 345 347 347 347 350 351 349 345 346 345 341
339 339 339 340 342 342 343 344 345 345 345 344 343 343 343 346 348 349 349 351 352 353 353 353 352 350 348 349 350 348 346 347 349 349 350 352 354 355 355 354 354 353 352 352 352 351 350 351 352 353 351 351 352 348 346 346 346 346 347 349 348 344 344 344 341 341 343 346 351 355 354 351 351 353 355 357 355 352 349 347 349 351 351 346 340 340 341 340 342 349 353 349 345 347 347 343
339 339 339 341 342 343 343 344 345 345 345 345 344 343 343 343 344 347 348 347 349 351 353 354 354 354 354 352 349 348 347 348 348 347 349 352 354 355 353 353 354 354 353 354 354 352 352 352 354 352 346 345 344 340 338 338 341 343 344 345 340 334 332 329 327 329 333 339 348 351 350 350 351 353 356 357 355 352 347 344 347 351 352 349 344 342 342 339 341 348 350 346 344 347 346 344
339 339 339 341 342 343 343 344 345 345 345 345 345 345 342 339 340 343 346 346 346 348 351 355 357 359 359 354 350 349 348 349 348 347 350 352 352 351 351 353 354 353 355 357 356 357 360 2 0 351 342 338 332 323 318 319 327 335 341 337 320 312 308 305 305 309 314 324 336 341 344 348 350 350 351 351 352 351 349 348 348 349 350 348 346 346 345 343 345 349 349 347 346 346 343 342
339 339 339 341 342 342 343 344 344 345 345 345 346 347 344 338 335 337 341 343 345 347 351 356 0 2 359 355 352 351 350 348 347 348 351 352 351 350 350 352 353 354 358 360 360 2 7 10 6 357 350 344 337 325 309 303 307 321 339 340 332 327 322 315 308 302 299 305 316 327 337 343 345 345 345 345 346 346 349 350 348 346 346 345 346 349 347 345 348 349 348 347 347 346 342 341
339 339 339 340 341 342 343 344 345 345 345 345 346 347 347 343 338 336 337 340 343 347 352 357 0 360 358 356 354 353 352 348 347 349 349 350 352 353 353 354 356 3 10 6 2 5 3 359 1 3 359 353 350 345 340 335 332 336 343 343 340 338 336 337 336 327 319 313 309 314 325 334 337 340 343 342 341 342 345 344 341 341 342 343 347 348 346 347 351 351 346 343 344 343 338 336
339 339 340 340 341 342 343 344 344 345 345 346 345 346 346 345 343 342 340 340 344 348 353 357 359 357 356 356 356 355 352 350 350 351 351 351 354 357 359 3 8 13 8 359 358 360 356 351 352 357 357 356 353 350 351 353 353 349 346 343 340 340 340 345 347 342 336 330 324 319 318 321 326 334 339 340 341 343 343 339 336 338 339 341 345 348 347 349 354 355 349 342 343 344 339 333
339 339 340 341 342 342 343 344 344 345 345 345 345 344 343 342 343 346 346 345 346 350 353 356 357 356 356 356 356 354 351 351 355 358 359 0 359 360 4 6 4 359 355 356 358 357 356 356 351 346 349 353 352 350 352 356 359 356 349 343 341 341 343 347 347 344 341 337 336 333 324 315 314 323 333 338 342 344 340 338 339 341 340 341 344 346 350 352 348 347 348 348 349 350 347 343
339 339 340 341 342 343 343 344 344 345 345 345 345 343 341 339 341 345 347 348 349 351 353 354 354 356 356 354 353 352 353 357 4 9 10 4 359 357 358 358 357 355 353 355 357 355 354 355 351 346 345 348 350 351 353 355 356 356 351 346 343 344 347 349 346 343 342 341 341 340 335 328 322 322 326 333 339 339 337 337 341 342 341 344 348 350 352 352 343 337 340 346 350 351 351 351
339 339 340 341 342 343 343 344 344 345 346 346 345 344 341 339 339 343 346 349 351 352 352 351 353 355 355 353 352 352 357 4 8 8 5 2 358 356 355 354 354 354 354 355 355 354 350 348 348 348 346 345 347 350 352 352 352 353 351 347 345 347 349 349 345 343 342 344 344 340 338 338 335 331 328 327 329 329 328 330 335 334 337 344 350 353 353 351 346 341 337 341 346 348 350 354
339 339 340 341 342 343 344 344 344 345 346 346 345 345 343 341 341 343 347 349 350 351 352 352 352 353 354 355 355 356 0 5 7 6 3 360 357 355 354 353 354 354 355 356 354 351 349 347 346 347 347 345 345 346 348 349 351 352 350 347 346 348 349 346 343 341 341 344 344 341 341 344 343 341 339 336 333 329 327 331 334 335 338 342 347 350 352 351 348 344 342 343 344 345 347 351
340 340 340 341 342 343 344 344 345 345 346 346 346 346 345 344 345 346 348 349 350 351 352 352 353 354 355 356 357 359 1 5 7 4 360 357 355 354 354 354 355 356 356 356 352 349 349 350 348 347 347 347 345 343 343 345 348 350 350 350 349 349 347 345 342 340 341 342 342 342 347 349 347 344 343 346 348 348 347 344 341 342 342 342 344 347 350 351 348 345 345 346 346 346 346 346
340 340 341 342 342 343 344 345 345 346 346 346 346 346 346 347 347 348 349 349 351 352 352 352 354 355 356 358 359 359 1 3 3 358 355 354 354 355 355 356 357 358 357 354 351 350 349 349 348 347 347 347 346 344 342 342 343 346 349 352 352 350 347 345 341 339 340 341 342 346 352 354 350 344 342 346 350 352 353 351 348 347 346 344 344 346 349 349 345 345 347 350 350 349 348 346
339 340 341 342 342 343 344 345 346 346 346 347 347 347 347 348 349 349 349 350 351 352 353 353 355 356 357 359 360 360 360 359 356 353 352 352 354 357 358 357 357 357 356 354 352 350 349 349 348 348 347 347 348 346 344 342 342 343 347 351 352 349 346 343 340 340 341 343 347 353 357 356 351 345 343 344 347 349 351 353 355 355 353 349 345 344 346 347 345 346 350 353 353 350 348 347
340 340 341 342 343 344 345 346 346 346 346 347 348 349 348 349 349 349 350 351 352 353 353 354 356 357 359 1 1 359 357 354 351 351 353 353 354 357 357 356 355 354 355 355 351 348 350 350 350 349 348 348 348 346 345 344 343 343 346 349 350 348 343 338 337 340 344 347 354 360 0 356 348 343 345 348 347 344 345 351 357 359 358 356 350 343 341 342 343 347 352 357 354 349 348 348
340 340 341 342 343 344 345 346 346 346 347 347 348 349 349 350 350 350 350 351 352 353 354 355 357 359 2 5 2 357 354 351 348 350 353 355 356 355 354 353 352 352 353 351 349 350 353 353 351 349 348 347 347 346 346 345 345 346 346 347 347 344 339 336 337 340 345 353 1 3 359 350 343 343 348 354 349 340 340 347 353 357 359 0 356 347 340 338 339 345 354 359 355 350 349 349
340 340 341 342 343 344 345 346 346 346 347 348 348 348 350 350 350 350 351 351 352 353 354 356 358 1 6 7 3 358 354 350 347 348 351 355 358 356 351 350 350 349 349 347 348 354 356 354 352 350 349 347 345 343 343 345 348 351 350 346 341 337 336 339 345 348 351 360 5 3 353 341 339 344 353 359 353 341 337 341 346 351 357 0 359 354 348 344 342 344 352 357 356 353 352 351
341 341 341 342 343 345 345 346 346 347 348 349 348 349 350 350 350 351 351 352 352 353 354 356 358 2 6 6 4 2 358 351 345 343 346 352 356 355 351 349 348 347 345 345 349 355 357 355 352 351 352 350 347 343 341 345 352 356 353 346 336 331 334 342 352 357 1 5 6 358 345 339 340 346 355 360 357 347 337 336 339 344 351 354 355 355 355 353 349 348 350 352 352 354 355 354
341 341 342 343 344 345 345 346 346 348 349 349 349 349 350 350 350 351 351 352 352 353 354 356 358 2 4 4 4 5 4 357 350 344 342 345 350 351 350 349 348 345 344 345 350 353 355 356 355 352 353 352 350 346 343 348 357 357 351 343 336 331 334 344 355 2 6 7 2 351 342 341 343 349 355 358 355 350 343 336 334 339 344 346 347 352 357 358 355 354 352 348 346 351 355 356
341 341 342 343 344 345 345 346 347 348 349 349 350 350 350 350 350 351 351 352 352 353 354 355 357 0 0 359 2 7 8 3 357 351 346 344 346 348 348 349 348 346 346 347 349 352 354 356 356 354 352 352 352 349 349 353 356 353 347 340 336 337 343 350 356 2 5 4 354 344 341 345 350 353 357 355 350 348 347 341 334 335 338 339 340 347 355 356 355 357 356 349 343 344 349 352
341 342 343 344 344 345 346 346 348 349 349 350 350 350 350 350 350 351 351 351 352 353 354 355 356 356 355 354 359 4 6 6 4 356 348 347 349 348 347 349 349 348 350 350 350 353 353 354 353 353 354 353 353 353 355 356 355 350 344 338 335 341 352 358 360 0 1 357 347 339 340 348 356 359 359 354 348 348 348 343 336 334 334 335 337 344 349 349 351 356 359 354 345 339 339 344
342 342 343 345 345 345 346 347 348 349 349 350 350 350 350 350 350 350 351 351 352 352 353 354 355 353 350 351 356 1 4 5 2 354 349 350 350 348 346 347 348 349 351 352 353 354 352 349 348 352 355 354 355 357 359 1 358 347 340 336 336 344 358 5 2 357 354 350 341 336 338 349 357 357 356 353 351 351 351 346 340 337 334 334 338 343 345 345 348 354 359 358 350 338 330 330
343 343 344 345 345 346 347 348 349 349 350 350 350 350 350 350 350 350 350 351 351 352 353 353 353 351 350 351 357 3 4 359 355 350 349 351 350 345 344 347 348 349 351 352 354 353 349 344 344 349 351 352 355 359 2 5 0 349 338 335 340 351 2 7 360 351 349 346 339 336 341 348 348 348 350 352 353 353 351 350 348 345 340 335 336 337 339 342 346 351 355 358 355 343 329 323
343 344 345 345 345 346 348 349 349 349 350 350 350 350 350 350 351 350 350 350 350 351 352 352 351 350 350 352 357 0 358 354 351 350 349 349 347 342 342 347 349 351 352 351 352 351 346 344 346 348 348 349 351 356 2 3 357 351 344 339 343 354 2 4 357 349 345 343 340 341 346 346 344 346 349 351 352 352 352 352 354 354 346 338 335 335 336 340 346 349 351 354 354 347 338 331
344 345 346 345 345 347 348 349 349 349 350 350 350 351 351 351 351 351 350 350 350 350 350 350 350 349 349 350 353 353 351 350 352 353 350 346 343 342 344 349 351 352 353 352 351 349 345 346 349 348 347 347 348 352 357 356 351 349 349 349 348 352 358 360 357 352 345 339 338 342 347 347 346 348 350 350 350 350 351 355 1 0 352 343 340 342 343 344 347 351 353 352 348 343 341 340
345 346 347 346 346 348 349 350 350 350 350 350 350 350 351 351 351 350 350 350 349 349 349 348 348 349 349 349 349 346 344 346 350 352 351 348 345 344 348 352 353 355 355 354 352 347 345 347 347 346 347 347 347 348 349 348 344 342 347 352 353 354 355 355 356 355 349 340 334 337 345 349 350 352 351 348 346 345 347 355 3 3 358 351 346 346 348 348 348 352 354 352 347 342 341 343
346 346 347 347 348 349 350 350 350 350 350 350 350 350 350 350 350 350 350 349 349 349 348 346 346 347 349 349 349 345 341 343 346 347 349 352 352 349 352 355 358 359 358 356 352 347 347 348 347 347 348 349 349 348 346 345 343 341 343 347 352 354 353 350 352 355 353 344 335 334 343 352 353 353 350 346 344 342 342 348 357 1 1 359 353 347 346 350 351 351 350 348 346 343 341 342
347 347 347 347 349 350 351 350 351 351 350 350 350 350 350 350 350 350 349 349 348 348 347 347 346 346 347 349 351 344 339 339 341 342 346 354 358 358 359 1 2 1 358 355 351 349 349 348 348 349 348 348 349 348 346 346 347 347 345 346 350 353 350 346 346 351 352 346 340 339 346 350 350 348 347 347 346 347 346 342 345 355 1 4 0 348 343 348 351 349 346 346 346 345 343 344
348 348 348 348 350 351 351 351 351 350 350 350 350 350 350 350 349 349 349 349 348 348 347 347 346 346 346 349 348 341 338 338 337 340 345 353 2 9 9 6 3 359 356 353 350 349 350 350 351 350 347 346 348 348 346 346 348 350 350 349 351 353 349 344 343 345 345 344 345 351 354 348 343 343 348 350 348 350 352 348 345 350 357 1 360 352 346 346 348 346 344 345 345 342 345 351
349 349 349 350 351 352 352 351 351 350 350 350 350 350 349 349 349 349 349 348 348 347 347 346 346 345 346 346 342 337 336 336 337 341 346 355 10 16 10 4 0 357 353 351 350 350 350 351 353 352 348 347 349 350 348 346 348 351 352 352 353 356 354 350 346 343 339 341 350 357 353 345 344 348 354 351 346 348 354 355 353 352 353 354 354 354 353 348 345 346 346 345 340 338 346 356
350 350 351 352 352 352 352 351 350 349 350 350 350 350 349 349 349 348 348 348 347 347 346 346 345 345 344 341 337 334 334 334 337 341 346 0 11 9 6 3 359 355 350 349 350 351 350 350 351 350 349 347 349 351 350 349 349 351 352 353 355 1 4 359 352 345 339 342 352 351 345 343 347 356 358 348 344 348 352 356 360 358 355 349 348 352 353 348 345 347 350 347 339 339 349 355
353 353 353 353 353 353 352 351 350 350 350 350 350 349 349 349 349 348 348 347 347 346 346 346 345 344 342 338 335 333 332 332 335 339 348 2 4 1 2 2 359 354 350 349 349 350 351 350 350 350 349 345 345 346 349 350 350 350 351 353 358 6 11 7 356 347 343 346 349 344 342 346 352 358 353 343 345 351 351 355 2 4 359 352 349 348 348 348 347 347 350 346 343 345 349 351
356 356 355 354 354 353 352 351 350 350 350 350 349 349 349 349 348 348 347 347 346 346 346 345 344 343 341 339 337 335 332 333 335 339 349 358 358 356 355 355 355 353 352 352 349 348 350 352 352 351 348 345 343 342 344 348 350 350 351 355 2 7 9 6 360 350 346 348 346 345 350 353 351 351 344 340 347 354 353 354 0 1 358 355 351 348 350 352 351 348 346 346 349 352 348 349
359 358 357 356 355 353 351 351 351 351 350 349 349 349 348 348 348 348 347 346 346 346 346 345 344 343 342 340 338 336 335 336 337 341 346 352 355 352 349 349 349 351 353 351 348 348 350 353 353 349 344 342 343 344 344 346 351 353 355 359 2 0 358 360 0 353 347 347 349 353 359 356 350 348 342 342 351 357 357 357 358 357 354 351 347 349 357 0 356 350 346 346 351 352 351 352
1 0 359 357 355 353 352 352 351 351 350 349 349 348 348 348 348 347 347 346 346 346 345 345 344 343 342 340 338 336 336 337 339 341 343 346 347 345 344 345 347 349 348 345 345 350 353 354 352 346 340 340 346 349 348 350 354 358 0 360 357 351 348 350 353 350 347 347 353 0 1 357 354 350 346 349 357 2 1 357 356 355 350 344 344 353 5 5 359 352 348 347 347 347 352 357
3 3 1 358 355 354 353 352 351 351 350 349 349 348 348 348 347 347 346 346 346 346 345 344 344 343 342 341 339 338 337 337 339 340 341 341 338 337 339 343 346 346 343 342 347 355 357 353 348 343 341 345 351 354 355 356 359 2 360 355 352 348 345 344 341 342 344 347 354 1 0 359 358 355 354 358 4 8 5 359 353 348 344 342 348 2 7 4 1 355 350 347 342 343 353 1
6 5 2 358 356 355 354 353 352 351 350 349 349 348 348 347 347 346 346 346 346 346 345 344 344 343 342 341 340 339 338 338 338 339 339 337 333 333 336 340 343 342 340 342 352 358 355 348 342 340 342 349 356 359 1 3 4 0 353 350 349 348 345 341 337 337 342 347 353 357 358 359 1 1 3 7 10 11 6 358 349 343 340 344 357 5 3 1 1 358 353 346 340 343 355 3
8 6 2 360 358 356 354 353 352 351 350 349 349 348 348 347 347 346 346 346 346 345 345 344 343 342 342 342 341 339 339 338 338 338 338 336 334 333 334 337 338 338 339 346 354 354 348 342 339 340 347 354 2 6 6 6 3 354 346 344 346 345 342 340 338 338 342 348 353 355 354 357 1 4 9 12 13 9 1 353 346 342 343 351 0 1 358 357 358 359 354 345 342 348 357 3
