windninja/windninja_output/Output_2025-08-24_0800-0850_Google earth_Fire_150m_10min/merlingen_7.5mi_point_08-24-2025_0840_150m_ang.asc
ncols	158
nrows	163
xllcorner	391686.332397
yllcorner	5160024.123721
cellsize	150.000000
NODATA_value	-32768.000000
[rows 43 to 85 of 163, columns 0 to 95 of 158]
19 18 16 13 10 7 5 3 2 1 359 358 357 356 356 357 357 358 359 1 4 7 10 16 24 32 42 55 71 87 94 98 103 111 121 127 124 120 119 118 113 111 113 115 117 117 116 114 116 118 116 115 119 124 120 114 110 107 105 104 108 115 117 116 116 120 126 127 129 135 135 130 131 136 134 136 152 171 165 144 132 130 128 125 125 125 124 121 121 124 123 120 114 112 118 127
25 23 21 17 13 10 8 6 4 3 1 359 358 358 358 357 358 358 359 2 4 7 11 18 25 33 43 56 70 84 93 99 106 115 125 132 128 121 119 118 115 114 115 114 113 112 113 116 119 122 120 117 118 121 116 110 108 107 108 111 115 118 121 123 122 123 125 128 133 141 140 135 135 136 135 140 160 177 163 141 132 132 129 124 120 116 114 113 114 117 120 120 116 113 115 121
30 28 24 20 17 14 11 9 7 5 3 1 0 359 359 358 359 359 0 2 5 9 14 19 27 35 46 59 71 82 92 99 106 115 124 129 129 125 122 122 121 119 115 112 114 115 116 121 123 123 119 115 113 113 110 105 105 109 115 119 121 123 127 129 127 125 124 125 132 137 134 131 130 130 131 137 164 179 158 141 136 132 125 117 109 109 112 112 111 112 116 119 117 114 112 115
34 32 27 24 21 18 15 12 10 7 5 3 2 1 0 360 360 1 2 4 7 11 16 22 29 38 49 61 72 83 93 101 108 116 123 126 128 128 127 126 125 120 115 113 116 120 122 123 122 120 116 112 107 104 106 105 108 115 121 126 128 128 130 131 128 125 124 123 128 132 128 126 123 122 124 133 162 170 149 136 131 125 116 108 106 111 115 115 112 111 115 118 118 115 112 114
37 35 31 28 26 23 18 14 12 10 7 6 4 3 2 2 2 3 4 7 10 14 18 25 33 42 53 63 73 83 93 101 108 116 122 125 126 128 129 128 127 122 117 116 121 124 124 122 119 118 115 109 104 105 110 113 117 121 125 130 133 129 127 126 124 122 121 122 126 130 127 124 121 118 120 129 152 153 138 127 120 115 111 111 114 117 118 117 114 113 115 117 117 116 113 114
40 38 35 33 30 27 22 17 14 12 10 8 7 6 5 4 4 5 7 9 13 16 21 28 37 45 55 65 75 85 93 101 107 113 119 124 125 127 130 130 128 124 121 123 126 125 123 120 118 118 114 106 106 110 115 120 122 126 128 133 135 127 121 120 119 118 120 123 126 127 125 122 120 118 118 125 138 138 130 121 116 116 117 119 122 123 122 122 121 119 117 114 114 115 114 115
43 41 38 36 34 31 26 20 16 14 13 11 10 8 7 7 7 8 10 12 16 20 25 32 40 48 58 67 77 86 94 100 106 112 118 123 126 127 129 130 128 125 126 130 129 123 120 119 118 117 113 110 114 119 124 126 126 128 129 132 132 125 117 115 117 119 121 124 126 125 124 122 120 119 119 127 135 135 130 124 120 120 123 125 126 127 127 127 125 122 116 109 107 111 112 109
47 45 41 39 36 32 28 24 19 16 15 14 12 11 10 10 10 11 13 16 19 23 28 35 43 52 61 71 80 88 94 100 105 110 116 122 126 127 128 129 128 128 130 133 130 122 118 117 115 112 113 117 122 127 130 129 128 127 128 129 126 119 113 112 116 120 122 124 125 124 122 120 119 120 123 129 134 135 129 124 122 122 124 126 128 128 129 127 123 118 113 106 102 102 104 106
52 49 44 40 36 33 30 28 23 18 17 16 15 14 13 13 14 15 16 19 22 27 33 40 48 56 64 73 81 88 94 100 105 110 115 120 124 125 127 129 129 129 130 133 129 122 118 117 113 116 126 126 127 130 130 128 126 125 124 124 120 115 111 112 116 122 124 126 125 124 122 120 121 124 126 129 132 133 129 124 122 120 120 124 127 128 126 123 118 114 110 102 96 94 100 110
56 53 46 42 39 36 33 32 27 21 20 19 18 17 16 17 18 19 20 23 27 32 38 45 52 60 68 76 83 90 96 101 105 110 114 118 121 124 127 130 130 128 130 133 130 123 121 125 126 132 137 135 132 132 129 125 123 122 121 119 118 117 113 112 117 124 127 128 126 125 124 125 127 129 128 129 131 131 127 123 120 117 117 121 123 123 122 120 116 112 107 100 95 96 106 122
57 54 47 43 41 38 35 35 32 27 24 22 22 21 20 20 21 23 25 28 32 37 43 50 57 64 71 79 85 91 96 101 106 109 113 116 119 123 126 130 131 128 129 133 132 127 128 138 138 137 138 136 133 130 126 122 122 123 120 118 119 118 114 113 119 126 131 133 129 127 129 131 132 131 128 129 131 129 125 122 121 119 119 121 121 121 122 121 117 110 106 104 102 105 115 129
56 54 49 43 42 39 36 37 37 34 29 26 25 24 24 25 25 27 29 33 37 42 48 55 61 68 75 82 88 93 98 102 106 109 112 115 118 121 125 129 130 128 127 130 132 130 134 142 140 137 137 134 131 127 122 120 124 127 124 123 123 120 116 115 122 131 137 141 136 133 135 135 133 129 128 129 132 129 125 127 127 124 123 124 124 122 123 122 118 113 110 111 114 116 116 123
57 56 53 49 48 47 42 40 40 38 35 31 28 28 29 29 30 31 34 38 42 48 53 60 66 72 78 84 89 94 99 103 106 109 112 115 117 120 123 126 128 126 125 127 131 134 138 141 139 138 140 134 131 127 120 120 128 131 129 127 126 124 118 117 123 134 141 145 139 135 136 135 131 130 131 132 134 131 129 131 132 129 126 126 126 124 125 125 123 117 114 115 120 123 117 120
60 59 56 53 53 53 49 45 43 42 40 35 33 33 33 34 35 37 40 44 48 53 58 64 70 76 81 87 91 96 99 103 106 109 112 115 117 119 122 124 125 125 125 128 132 136 139 140 139 141 142 133 130 126 119 120 131 134 132 130 128 125 120 117 122 133 141 143 138 134 134 133 133 134 134 136 136 133 132 134 134 130 127 126 125 123 124 125 126 121 117 120 130 133 125 123
62 61 58 55 52 51 50 47 45 45 42 38 37 38 37 38 40 42 46 49 54 58 63 68 74 79 84 89 93 97 101 104 107 110 112 114 117 119 121 122 124 125 127 129 131 134 136 138 138 142 142 132 129 125 119 122 136 137 134 132 128 124 119 115 118 130 140 142 140 137 137 136 136 137 137 140 139 135 135 136 135 132 128 125 122 118 117 119 123 126 127 133 139 137 129 123
64 63 60 57 54 52 51 49 47 47 44 41 42 44 43 44 46 48 51 55 59 64 69 73 78 83 87 91 95 98 102 105 107 110 112 114 116 118 120 122 123 125 126 128 130 131 133 135 137 141 143 135 129 125 120 124 137 136 132 130 128 124 120 116 118 129 141 147 149 143 139 137 137 138 139 141 139 136 137 138 137 133 128 125 120 116 116 119 126 132 133 135 137 135 126 116
65 64 62 60 58 56 54 52 51 52 50 47 47 48 48 49 52 55 57 60 64 68 73 78 81 85 89 93 97 100 103 105 108 110 112 114 116 118 120 121 123 124 126 127 128 130 131 133 137 142 145 139 129 124 121 125 135 133 129 128 127 124 120 116 117 126 140 153 154 142 138 138 137 138 140 141 137 136 136 137 136 131 128 126 123 121 123 128 134 134 131 129 130 129 119 109
67 66 64 62 61 59 58 57 56 56 55 52 50 50 50 52 56 60 64 67 69 73 77 81 84 88 92 95 98 101 104 106 108 111 113 114 116 118 119 121 122 124 125 126 128 129 131 133 136 141 145 140 130 123 122 127 132 129 127 126 126 124 120 117 118 125 139 157 152 138 137 138 138 138 141 140 136 136 136 135 134 130 127 126 125 125 129 133 134 131 129 126 125 122 113 101
69 68 66 65 63 62 61 61 60 59 57 55 54 55 54 55 59 64 69 73 75 78 81 84 87 90 94 97 100 103 105 107 109 111 113 115 116 118 119 121 122 123 125 126 127 128 130 132 135 138 143 140 130 124 122 126 127 125 125 124 124 123 121 119 120 125 139 158 147 138 138 138 137 138 140 139 136 136 138 137 135 131 127 125 124 126 131 134 132 129 128 126 121 114 106 95
71 70 69 68 65 64 63 63 63 62 62 61 61 62 60 60 61 65 71 76 81 84 85 87 90 93 96 99 102 104 106 108 110 112 113 115 116 118 119 120 122 123 124 126 127 128 129 131 133 135 140 141 133 126 126 127 124 123 123 123 124 124 124 123 123 126 141 153 143 139 139 138 137 138 140 139 137 138 140 140 138 134 130 128 129 129 129 132 130 127 127 122 111 104 97 82
74 74 73 71 69 68 67 66 65 65 66 67 68 69 68 66 66 67 71 76 83 87 89 91 93 96 98 101 103 105 107 109 111 112 114 115 116 118 119 120 122 123 124 125 126 127 128 130 131 134 138 139 134 130 133 131 124 122 124 125 128 128 126 122 119 121 135 143 140 140 140 138 136 139 141 141 142 142 144 145 143 140 137 135 136 132 130 130 127 123 119 113 104 94 79 59
76 76 76 75 73 73 72 70 69 69 69 71 72 73 73 74 74 72 73 77 82 87 91 94 96 97 99 102 104 106 108 110 111 113 114 116 117 118 119 120 121 123 124 125 126 127 128 129 130 132 134 137 134 132 136 135 125 123 125 127 130 130 122 113 112 119 133 139 140 141 141 138 136 139 143 145 145 146 150 152 149 147 143 140 137 132 129 127 124 118 113 107 96 76 56 31
77 76 76 76 75 75 74 74 74 74 74 75 77 78 79 81 81 79 77 78 82 87 92 96 99 100 101 103 105 108 109 111 112 113 114 116 117 118 119 120 121 122 123 124 125 126 127 128 129 130 131 133 133 131 134 136 128 124 125 126 128 130 123 118 123 132 138 141 141 141 141 138 136 140 145 147 147 149 155 156 152 149 146 143 137 129 125 123 120 115 109 97 74 52 31 13
75 74 74 76 76 77 76 74 75 76 78 79 80 82 84 85 86 87 85 83 84 86 90 95 100 102 103 105 106 108 110 111 113 114 115 116 117 118 119 120 121 122 123 124 125 126 126 127 128 129 130 131 131 130 132 133 129 124 121 121 128 139 134 131 132 135 139 142 141 141 140 136 135 140 145 147 148 151 158 159 155 152 148 145 136 127 122 119 114 108 98 74 46 22 11 9
72 72 72 73 76 79 78 75 75 78 81 82 81 83 88 89 89 91 93 92 89 88 90 94 98 102 104 105 107 108 110 112 113 114 115 116 118 119 120 120 121 122 123 124 124 125 126 127 127 128 128 129 129 129 129 129 127 122 117 117 130 142 137 133 132 134 137 140 141 140 139 136 134 139 144 147 149 155 161 159 153 148 142 138 130 120 113 109 105 97 77 41 15 6 7 13
76 75 73 71 73 76 76 73 75 80 83 84 84 86 88 91 92 94 97 96 94 94 94 96 98 99 101 103 107 109 111 113 114 115 116 117 118 119 120 121 121 122 123 124 124 125 126 126 127 127 128 128 128 128 128 127 125 122 119 118 127 135 133 131 130 133 136 139 140 140 139 136 134 137 143 147 150 156 158 152 145 139 131 126 120 110 102 100 96 77 41 6 359 5 14 26
85 87 84 80 78 76 73 71 76 80 83 83 84 86 87 90 93 95 98 99 99 100 100 99 98 96 96 101 107 110 112 114 115 116 117 118 118 119 120 121 121 122 123 123 124 125 125 126 126 126 127 127 127 127 127 126 125 124 122 121 125 129 129 128 127 129 133 136 139 141 140 136 134 139 145 147 150 154 154 146 138 130 120 116 115 107 100 98 83 46 8 354 358 12 30 50
89 92 95 94 90 84 80 81 85 85 84 84 84 85 87 89 92 94 97 100 102 102 102 102 101 97 96 99 105 109 112 114 116 117 117 118 119 119 120 121 121 122 123 123 124 124 125 125 126 126 126 127 127 127 127 126 126 125 124 124 125 126 125 123 123 125 127 130 133 137 140 135 134 140 146 147 149 151 150 143 133 123 117 116 113 108 99 87 56 12 356 356 8 27 68 98
88 91 95 97 95 92 91 95 97 92 87 87 88 87 88 90 92 93 95 99 101 103 104 104 107 107 102 101 104 108 111 114 116 118 118 119 119 120 120 121 122 122 123 123 124 124 124 125 125 126 126 126 126 126 126 126 126 126 126 126 126 126 124 123 123 123 123 123 126 132 136 133 132 140 146 146 146 148 148 140 130 122 121 119 112 105 95 68 21 0 359 10 37 79 105 131
90 91 94 96 95 94 95 99 100 95 89 90 92 93 93 94 95 96 96 98 100 104 106 107 111 115 109 104 104 107 110 112 114 117 119 119 120 120 121 121 122 122 123 123 123 124 124 125 125 125 126 126 126 126 126 126 126 126 126 126 126 126 126 126 126 125 124 123 124 128 130 128 127 134 141 141 141 143 147 142 134 129 126 120 111 99 81 36 11 7 14 42 72 95 120 137
91 93 95 96 96 96 97 99 99 96 93 94 95 96 97 98 100 100 100 101 102 104 107 109 114 117 114 108 105 106 109 111 112 116 120 120 120 121 121 121 122 122 123 123 123 124 124 124 125 125 126 126 126 126 126 126 126 127 127 127 127 127 127 127 127 127 127 127 127 127 126 123 121 128 136 137 138 141 147 146 139 133 127 118 108 91 45 15 22 35 65 106 118 131 139 136
92 94 96 98 97 97 98 99 98 97 97 97 98 99 100 101 102 103 104 105 106 106 107 109 113 118 116 111 107 106 108 111 112 115 119 122 121 121 122 122 123 123 123 123 123 124 124 124 125 125 125 126 126 126 126 126 127 127 127 127 127 127 127 127 128 128 128 128 128 127 127 126 127 132 137 138 140 144 150 149 141 133 124 114 100 60 17 22 45 67 106 132 147 140 137 133
92 94 96 99 99 99 100 100 99 99 100 100 100 101 102 104 104 105 106 107 108 107 107 108 112 116 116 113 110 108 109 111 112 113 116 119 121 121 122 123 123 123 123 123 123 123 124 124 124 125 125 125 126 126 126 126 127 127 127 127 127 127 127 128 128 128 129 129 129 129 130 131 132 136 139 139 141 147 154 149 138 128 118 105 78 14 17 40 64 85 109 136 142 131 129 127
92 92 95 98 100 101 102 102 102 102 102 103 103 103 104 105 106 107 107 108 109 109 109 110 112 114 115 115 114 112 110 110 109 109 111 115 119 121 122 123 124 123 123 123 123 123 123 124 124 124 125 125 125 126 126 126 127 127 127 127 127 128 128 128 128 129 129 129 129 130 131 132 133 136 138 138 141 148 153 143 131 121 107 83 16 8 34 47 67 97 122 144 137 126 122 122
92 91 91 94 100 103 104 104 104 105 106 106 106 106 106 107 108 108 109 109 109 110 111 112 112 113 113 115 116 114 110 108 108 109 111 115 119 120 122 124 125 124 123 123 123 123 123 123 124 124 125 125 125 126 126 127 127 127 127 127 128 128 128 128 129 129 129 129 130 131 132 133 134 135 138 138 141 147 148 135 123 113 95 51 22 40 70 88 113 134 144 144 136 127 122 123
94 89 82 87 99 105 106 107 109 111 111 110 108 108 108 109 110 110 110 111 111 111 112 113 114 113 113 114 117 117 114 111 111 113 114 116 119 120 121 123 125 125 123 123 122 122 122 123 123 123 124 125 125 126 126 127 127 127 127 128 128 128 128 128 129 129 129 130 130 131 132 133 134 135 137 139 142 146 144 132 119 110 90 77 104 128 137 143 143 142 141 139 134 127 125 126
92 85 74 80 94 107 113 114 115 118 118 114 111 110 110 110 111 111 112 111 111 112 112 114 117 116 114 115 118 120 120 116 115 114 114 116 119 120 119 121 124 124 122 122 121 121 121 121 122 123 124 125 126 126 126 127 127 127 127 128 128 128 128 129 129 129 129 130 130 131 132 133 134 135 137 139 142 145 143 133 123 125 135 139 145 146 149 145 140 136 133 131 129 127 127 129
90 84 80 85 97 113 126 126 124 125 123 118 113 112 111 111 111 112 112 112 112 112 112 115 119 119 116 115 117 121 123 121 119 117 116 116 119 120 119 119 123 123 120 119 119 119 119 118 119 121 123 124 125 126 127 127 127 127 127 128 128 128 128 129 129 129 130 130 131 131 132 133 134 135 137 139 141 144 143 138 139 148 151 151 150 148 143 138 135 131 128 126 125 125 126 126
90 87 89 98 109 118 134 137 133 130 127 121 115 112 111 111 111 111 112 113 113 113 113 116 120 120 116 116 117 121 124 124 123 121 118 116 118 120 119 119 122 124 120 117 116 115 114 113 113 117 121 124 126 127 127 127 127 128 128 128 128 128 128 129 129 129 130 130 131 131 132 133 134 135 136 138 141 144 145 146 153 157 157 157 154 147 138 135 132 130 127 126 123 124 126 125
103 99 104 113 118 120 127 134 134 131 128 121 115 112 111 111 110 110 111 113 113 113 114 116 121 120 118 118 119 120 122 122 121 119 116 115 116 119 120 120 123 125 124 122 120 119 120 120 119 120 123 125 127 128 128 128 127 127 127 128 128 128 129 129 129 129 130 130 131 131 132 133 134 135 136 138 140 143 146 150 157 162 162 163 157 142 135 132 131 129 127 126 124 124 127 126
108 114 119 119 118 113 115 120 122 120 118 115 112 110 108 108 108 108 110 111 113 114 114 116 122 123 121 121 120 119 120 120 119 117 115 113 113 115 118 120 122 125 128 129 129 129 131 131 130 130 131 131 130 130 130 128 128 128 128 128 128 128 128 129 129 129 130 130 131 131 132 133 134 135 136 138 140 143 146 151 160 167 167 163 149 137 131 128 128 127 125 124 123 124 126 125
101 107 115 111 105 103 104 102 100 102 107 110 109 106 105 106 106 106 108 111 112 114 115 117 122 125 122 121 121 120 120 121 120 118 115 113 112 113 114 117 120 124 126 127 127 127 127 128 128 129 131 132 133 133 131 129 128 127 128 128 128 128 129 129 129 129 130 130 130 131 132 133 134 134 135 137 139 142 146 152 163 169 170 159 141 133 128 125 124 124 123 122 121 121 121 122
93 93 96 95 93 90 85 84 90 99 106 109 108 105 104 104 105 104 106 108 110 112 114 116 121 125 123 120 120 121 121 121 121 120 118 116 115 114 114 117 120 123 123 122 121 120 120 120 121 122 124 125 127 129 129 128 127 127 127 127 128 128 129 129 129 129 130 130 130 131 132 132 133 134 135 137 139 141 145 152 162 168 168 155 136 130 127 125 125 124 123 122 121 120 122 124
