windninja/windninja_output/Output_2025-08-24_0800-0850_Google earth_Fire_150m_10min/merlingen_7.5mi_point_08-24-2025_0820_150m_vel.asc
ncols	158
nrows	163
xllcorner	391686.332397
yllcorner	5160024.123721
cellsize	150.000000
NODATA_value	-32768.000000
[rows 76 to 113 of 163, columns 0 to 83 of 158]
0.26 0.25 0.24 0.22 0.22 0.23 0.23 0.22 0.21 0.21 0.21 0.21 0.22 0.23 0.24 0.25 0.26 0.27 0.29 0.30 0.31 0.32 0.34 0.35 0.37 0.36 0.37 0.38 0.42 0.47 0.50 0.50 0.48 0.47 0.45 0.44 0.44 0.45 0.46 0.47 0.48 0.49 0.50 0.51 0.52 0.52 0.53 0.54 0.54 0.55 0.55 0.56 0.56 0.57 0.57 0.58 0.58 0.58 0.58 0.59 0.58 0.58 0.58 0.58 0.58 0.57 0.57 0.56 0.55 0.55 0.54 0.54 0.53 0.51 0.51 0.51 0.53 0.58 0.65 0.74 0.77 0.68 0.56 0.53
0.21 0.20 0.19 0.19 0.21 0.22 0.22 0.22 0.22 0.22 0.23 0.23 0.23 0.24 0.24 0.25 0.26 0.28 0.29 0.31 0.32 0.33 0.35 0.37 0.38 0.38 0.37 0.38 0.39 0.42 0.46 0.48 0.48 0.49 0.49 0.48 0.47 0.47 0.47 0.48 0.49 0.50 0.51 0.52 0.53 0.53 0.54 0.54 0.54 0.55 0.56 0.57 0.57 0.58 0.58 0.59 0.59 0.59 0.60 0.60 0.60 0.60 0.60 0.60 0.59 0.59 0.59 0.58 0.58 0.58 0.57 0.57 0.56 0.54 0.53 0.51 0.51 0.54 0.61 0.67 0.63 0.51 0.48 0.53
0.19 0.14 0.13 0.17 0.19 0.22 0.24 0.24 0.25 0.26 0.25 0.25 0.24 0.25 0.25 0.26 0.28 0.29 0.30 0.31 0.33 0.34 0.36 0.37 0.39 0.40 0.40 0.40 0.39 0.41 0.45 0.50 0.54 0.55 0.56 0.55 0.53 0.50 0.48 0.47 0.48 0.50 0.51 0.52 0.53 0.53 0.53 0.54 0.54 0.55 0.56 0.57 0.58 0.58 0.59 0.60 0.60 0.61 0.61 0.61 0.61 0.61 0.61 0.61 0.61 0.61 0.61 0.60 0.60 0.60 0.59 0.59 0.58 0.57 0.56 0.54 0.53 0.53 0.57 0.58 0.52 0.47 0.52 0.59
0.27 0.17 0.09 0.15 0.22 0.27 0.29 0.30 0.31 0.31 0.28 0.27 0.26 0.27 0.27 0.28 0.29 0.29 0.30 0.31 0.33 0.34 0.35 0.36 0.38 0.42 0.45 0.45 0.44 0.44 0.47 0.51 0.56 0.58 0.57 0.57 0.58 0.56 0.52 0.49 0.47 0.47 0.49 0.50 0.51 0.51 0.51 0.52 0.53 0.54 0.55 0.57 0.58 0.59 0.60 0.61 0.61 0.61 0.62 0.62 0.62 0.62 0.62 0.62 0.62 0.62 0.62 0.62 0.62 0.61 0.61 0.60 0.60 0.59 0.58 0.57 0.56 0.55 0.55 0.53 0.49 0.52 0.60 0.72
0.36 0.26 0.21 0.27 0.41 0.53 0.48 0.42 0.40 0.35 0.31 0.29 0.28 0.29 0.29 0.29 0.29 0.30 0.30 0.31 0.33 0.34 0.36 0.37 0.39 0.42 0.45 0.48 0.48 0.48 0.49 0.52 0.57 0.62 0.64 0.62 0.60 0.59 0.59 0.55 0.50 0.47 0.46 0.46 0.47 0.47 0.48 0.48 0.49 0.50 0.53 0.55 0.58 0.59 0.61 0.61 0.62 0.62 0.63 0.63 0.63 0.63 0.64 0.64 0.64 0.64 0.64 0.64 0.63 0.63 0.62 0.62 0.62 0.62 0.61 0.60 0.59 0.57 0.55 0.52 0.53 0.61 0.69 0.76
0.39 0.24 0.23 0.40 0.58 0.62 0.60 0.56 0.49 0.41 0.35 0.32 0.30 0.29 0.28 0.28 0.29 0.29 0.30 0.31 0.33 0.35 0.36 0.38 0.40 0.41 0.43 0.46 0.49 0.51 0.52 0.54 0.57 0.62 0.66 0.68 0.65 0.62 0.63 0.62 0.59 0.53 0.49 0.45 0.42 0.41 0.40 0.40 0.40 0.42 0.46 0.52 0.57 0.60 0.61 0.62 0.63 0.63 0.64 0.64 0.64 0.64 0.65 0.65 0.65 0.65 0.65 0.65 0.65 0.64 0.64 0.64 0.64 0.63 0.63 0.63 0.62 0.61 0.59 0.58 0.62 0.68 0.73 0.73
0.37 0.21 0.38 0.63 0.67 0.53 0.50 0.52 0.49 0.43 0.37 0.32 0.30 0.29 0.29 0.28 0.28 0.28 0.29 0.30 0.32 0.34 0.36 0.38 0.40 0.42 0.43 0.46 0.49 0.51 0.51 0.50 0.49 0.50 0.54 0.61 0.66 0.66 0.65 0.65 0.66 0.65 0.62 0.59 0.56 0.53 0.51 0.52 0.54 0.53 0.52 0.53 0.55 0.59 0.62 0.63 0.63 0.64 0.64 0.64 0.65 0.65 0.66 0.66 0.66 0.66 0.66 0.66 0.66 0.66 0.66 0.65 0.65 0.65 0.65 0.65 0.64 0.63 0.63 0.63 0.64 0.67 0.71 0.76
0.49 0.59 0.73 0.73 0.60 0.45 0.42 0.42 0.40 0.35 0.31 0.29 0.29 0.28 0.27 0.26 0.26 0.27 0.28 0.29 0.31 0.33 0.36 0.38 0.41 0.45 0.48 0.49 0.50 0.51 0.51 0.50 0.48 0.46 0.45 0.48 0.54 0.59 0.62 0.63 0.65 0.68 0.71 0.75 0.78 0.80 0.81 0.82 0.83 0.83 0.79 0.71 0.64 0.63 0.64 0.64 0.64 0.65 0.65 0.65 0.66 0.66 0.66 0.67 0.67 0.67 0.67 0.67 0.67 0.67 0.67 0.67 0.67 0.66 0.66 0.66 0.66 0.65 0.64 0.63 0.62 0.63 0.71 0.85
0.63 0.67 0.64 0.51 0.43 0.38 0.33 0.28 0.26 0.25 0.26 0.27 0.27 0.26 0.26 0.25 0.25 0.25 0.27 0.28 0.30 0.32 0.35 0.38 0.42 0.46 0.49 0.50 0.50 0.52 0.53 0.54 0.53 0.51 0.48 0.45 0.46 0.49 0.53 0.56 0.60 0.63 0.67 0.69 0.71 0.73 0.74 0.76 0.76 0.79 0.82 0.81 0.77 0.70 0.66 0.64 0.64 0.65 0.65 0.66 0.66 0.67 0.67 0.67 0.68 0.68 0.68 0.68 0.68 0.68 0.68 0.68 0.68 0.68 0.67 0.67 0.67 0.67 0.67 0.66 0.66 0.68 0.75 0.90
0.64 0.49 0.34 0.29 0.27 0.26 0.21 0.19 0.19 0.22 0.25 0.26 0.26 0.27 0.27 0.26 0.25 0.25 0.26 0.26 0.28 0.29 0.32 0.37 0.41 0.43 0.44 0.46 0.48 0.51 0.53 0.54 0.56 0.57 0.57 0.56 0.54 0.51 0.49 0.51 0.55 0.59 0.61 0.61 0.59 0.59 0.58 0.58 0.57 0.58 0.61 0.65 0.68 0.67 0.65 0.64 0.64 0.64 0.65 0.66 0.66 0.67 0.68 0.68 0.69 0.69 0.69 0.69 0.69 0.69 0.69 0.69 0.69 0.69 0.69 0.69 0.69 0.69 0.69 0.71 0.73 0.78 0.85 0.96
0.60 0.40 0.22 0.19 0.16 0.17 0.17 0.18 0.22 0.26 0.27 0.27 0.27 0.27 0.27 0.26 0.25 0.24 0.23 0.23 0.23 0.24 0.27 0.33 0.40 0.45 0.46 0.47 0.49 0.50 0.50 0.53 0.56 0.61 0.67 0.70 0.70 0.66 0.61 0.56 0.53 0.56 0.60 0.61 0.61 0.59 0.58 0.56 0.54 0.52 0.51 0.53 0.57 0.60 0.62 0.62 0.62 0.63 0.64 0.65 0.66 0.67 0.68 0.69 0.69 0.69 0.70 0.70 0.70 0.70 0.70 0.70 0.70 0.69 0.69 0.69 0.70 0.70 0.71 0.73 0.77 0.85 0.96 1.08
0.44 0.29 0.16 0.15 0.16 0.21 0.25 0.29 0.33 0.32 0.28 0.26 0.26 0.27 0.26 0.26 0.25 0.24 0.22 0.22 0.23 0.25 0.31 0.43 0.52 0.55 0.55 0.55 0.54 0.52 0.51 0.51 0.53 0.56 0.61 0.68 0.75 0.79 0.79 0.74 0.66 0.59 0.58 0.61 0.63 0.62 0.61 0.59 0.57 0.52 0.49 0.49 0.52 0.54 0.56 0.57 0.57 0.59 0.62 0.64 0.66 0.68 0.69 0.69 0.70 0.70 0.70 0.70 0.70 0.70 0.70 0.70 0.70 0.70 0.70 0.70 0.71 0.71 0.72 0.73 0.76 0.83 0.93 1.03
0.33 0.28 0.27 0.32 0.35 0.40 0.43 0.43 0.40 0.34 0.28 0.28 0.31 0.31 0.31 0.30 0.28 0.26 0.26 0.28 0.32 0.40 0.58 0.74 0.74 0.65 0.60 0.58 0.56 0.55 0.54 0.53 0.52 0.50 0.49 0.52 0.59 0.68 0.76 0.80 0.78 0.72 0.65 0.63 0.66 0.68 0.67 0.64 0.61 0.59 0.57 0.53 0.52 0.54 0.57 0.57 0.56 0.55 0.57 0.60 0.64 0.67 0.69 0.70 0.71 0.71 0.71 0.71 0.71 0.71 0.71 0.71 0.71 0.71 0.71 0.71 0.71 0.71 0.71 0.72 0.73 0.76 0.79 0.85
0.48 0.49 0.52 0.48 0.46 0.46 0.47 0.47 0.43 0.38 0.36 0.38 0.38 0.35 0.33 0.31 0.30 0.30 0.33 0.40 0.51 0.72 0.92 0.91 0.77 0.66 0.60 0.57 0.56 0.56 0.56 0.56 0.55 0.54 0.51 0.48 0.48 0.51 0.58 0.64 0.69 0.71 0.69 0.66 0.66 0.68 0.70 0.69 0.66 0.65 0.65 0.65 0.64 0.66 0.67 0.67 0.63 0.57 0.52 0.56 0.63 0.68 0.70 0.71 0.71 0.71 0.71 0.71 0.71 0.71 0.71 0.71 0.71 0.71 0.71 0.71 0.71 0.70 0.70 0.70 0.71 0.70 0.69 0.67
0.57 0.59 0.55 0.45 0.41 0.42 0.44 0.47 0.50 0.53 0.53 0.49 0.44 0.39 0.34 0.32 0.35 0.38 0.41 0.55 0.83 1.05 1.04 0.86 0.71 0.64 0.60 0.58 0.56 0.56 0.56 0.56 0.55 0.56 0.56 0.54 0.51 0.50 0.54 0.61 0.65 0.64 0.64 0.62 0.61 0.62 0.65 0.68 0.69 0.67 0.67 0.69 0.72 0.74 0.75 0.73 0.70 0.66 0.65 0.66 0.68 0.70 0.71 0.71 0.71 0.71 0.72 0.72 0.72 0.72 0.72 0.72 0.71 0.71 0.71 0.71 0.70 0.70 0.70 0.70 0.69 0.68 0.65 0.62
0.60 0.62 0.63 0.62 0.62 0.58 0.57 0.62 0.69 0.71 0.69 0.64 0.57 0.51 0.50 0.49 0.50 0.50 0.52 0.75 1.08 1.14 0.93 0.78 0.69 0.63 0.59 0.56 0.54 0.54 0.54 0.54 0.54 0.54 0.56 0.58 0.58 0.57 0.57 0.63 0.69 0.69 0.64 0.60 0.58 0.58 0.59 0.62 0.65 0.66 0.66 0.67 0.69 0.73 0.76 0.80 0.84 0.91 0.95 0.90 0.80 0.74 0.72 0.72 0.72 0.72 0.72 0.72 0.72 0.72 0.72 0.72 0.71 0.71 0.71 0.71 0.70 0.70 0.69 0.69 0.67 0.66 0.65 0.65
0.69 0.75 0.87 0.97 1.03 1.04 1.12 1.23 1.26 1.20 1.01 0.83 0.72 0.65 0.59 0.59 0.63 0.73 0.92 1.19 1.21 0.96 0.73 0.66 0.62 0.58 0.55 0.53 0.52 0.51 0.51 0.51 0.52 0.54 0.55 0.58 0.60 0.60 0.59 0.59 0.64 0.71 0.70 0.63 0.57 0.54 0.53 0.53 0.54 0.56 0.57 0.59 0.64 0.67 0.72 0.83 0.95 1.01 1.01 0.95 0.87 0.78 0.74 0.72 0.72 0.72 0.72 0.72 0.72 0.72 0.72 0.72 0.71 0.71 0.71 0.70 0.70 0.69 0.68 0.68 0.66 0.64 0.63 0.61
0.82 0.88 1.00 1.12 1.24 1.36 1.49 1.63 1.68 1.63 1.53 1.43 1.35 1.35 1.31 1.24 1.25 1.37 1.43 1.36 1.19 0.80 0.64 0.59 0.56 0.54 0.52 0.52 0.51 0.49 0.49 0.48 0.48 0.51 0.54 0.56 0.58 0.59 0.60 0.59 0.61 0.68 0.74 0.70 0.61 0.53 0.49 0.50 0.53 0.54 0.53 0.57 0.63 0.65 0.67 0.71 0.75 0.74 0.74 0.77 0.79 0.77 0.73 0.71 0.71 0.71 0.71 0.72 0.71 0.71 0.71 0.71 0.71 0.71 0.71 0.70 0.70 0.69 0.68 0.67 0.65 0.63 0.60 0.57
0.99 0.98 1.01 1.08 1.16 1.22 1.26 1.32 1.37 1.50 1.63 1.75 1.83 1.86 1.87 1.78 1.70 1.64 1.41 1.11 0.99 0.84 0.69 0.59 0.53 0.52 0.51 0.51 0.50 0.48 0.45 0.44 0.46 0.49 0.52 0.54 0.56 0.58 0.60 0.61 0.63 0.69 0.79 0.85 0.78 0.69 0.61 0.59 0.61 0.66 0.72 0.76 0.73 0.69 0.65 0.61 0.56 0.53 0.57 0.63 0.68 0.70 0.70 0.70 0.70 0.70 0.71 0.70 0.71 0.71 0.71 0.71 0.71 0.71 0.70 0.70 0.69 0.68 0.67 0.66 0.65 0.63 0.60 0.56
1.15 1.04 0.98 1.02 1.03 0.98 0.91 0.88 0.92 1.04 1.13 1.21 1.21 1.04 1.06 1.07 1.19 1.09 1.02 0.87 0.84 0.77 0.64 0.52 0.45 0.46 0.47 0.48 0.49 0.51 0.52 0.53 0.55 0.54 0.52 0.52 0.54 0.56 0.58 0.60 0.63 0.68 0.77 0.90 0.99 0.99 0.94 0.88 0.87 0.95 1.02 0.99 0.85 0.73 0.67 0.63 0.59 0.57 0.58 0.61 0.64 0.66 0.67 0.68 0.69 0.69 0.69 0.70 0.70 0.71 0.71 0.71 0.70 0.70 0.70 0.69 0.69 0.68 0.67 0.66 0.64 0.63 0.60 0.57
1.32 1.15 1.01 1.02 0.97 0.86 0.76 0.68 0.62 0.56 0.49 0.52 0.51 0.51 0.50 0.54 0.62 0.71 0.78 0.70 0.62 0.63 0.56 0.42 0.33 0.36 0.41 0.45 0.48 0.53 0.60 0.63 0.60 0.54 0.50 0.49 0.50 0.53 0.56 0.58 0.60 0.63 0.69 0.80 0.96 1.10 1.17 1.19 1.20 1.17 1.09 0.97 0.86 0.76 0.69 0.64 0.60 0.57 0.55 0.57 0.60 0.63 0.64 0.66 0.66 0.67 0.68 0.69 0.70 0.70 0.70 0.69 0.69 0.69 0.69 0.68 0.68 0.67 0.66 0.65 0.64 0.62 0.61 0.58
1.57 1.33 1.05 0.93 0.78 0.69 0.64 0.57 0.47 0.37 0.29 0.20 0.22 0.37 0.39 0.44 0.50 0.61 0.73 0.67 0.60 0.61 0.54 0.33 0.27 0.34 0.40 0.44 0.46 0.47 0.48 0.47 0.47 0.47 0.45 0.44 0.45 0.48 0.52 0.56 0.59 0.61 0.64 0.69 0.78 0.89 0.99 1.05 1.03 0.93 0.84 0.83 0.81 0.76 0.71 0.66 0.59 0.55 0.53 0.53 0.54 0.56 0.59 0.62 0.64 0.66 0.67 0.68 0.69 0.69 0.68 0.68 0.68 0.68 0.68 0.68 0.67 0.66 0.66 0.65 0.64 0.63 0.61 0.59
1.80 1.44 0.91 0.63 0.49 0.46 0.46 0.45 0.39 0.30 0.18 0.08 0.09 0.18 0.25 0.31 0.39 0.49 0.55 0.63 0.65 0.62 0.55 0.44 0.50 0.51 0.46 0.42 0.40 0.37 0.33 0.33 0.35 0.39 0.40 0.40 0.40 0.43 0.47 0.53 0.58 0.61 0.63 0.65 0.66 0.66 0.69 0.72 0.71 0.69 0.71 0.75 0.78 0.75 0.71 0.69 0.66 0.62 0.58 0.55 0.53 0.52 0.53 0.55 0.59 0.62 0.64 0.65 0.66 0.67 0.67 0.67 0.67 0.67 0.67 0.66 0.66 0.66 0.65 0.64 0.63 0.62 0.61 0.60
1.91 1.39 0.74 0.49 0.34 0.26 0.18 0.17 0.17 0.14 0.12 0.09 0.11 0.16 0.24 0.34 0.42 0.46 0.46 0.50 0.58 0.68 0.77 0.80 0.74 0.59 0.46 0.38 0.33 0.31 0.29 0.28 0.29 0.32 0.36 0.40 0.44 0.45 0.46 0.49 0.54 0.59 0.64 0.66 0.68 0.71 0.72 0.72 0.73 0.75 0.77 0.79 0.82 0.82 0.78 0.76 0.74 0.69 0.64 0.62 0.61 0.59 0.56 0.53 0.53 0.55 0.59 0.62 0.64 0.65 0.65 0.65 0.65 0.65 0.65 0.65 0.65 0.65 0.64 0.64 0.63 0.62 0.61 0.60
1.64 1.22 0.69 0.47 0.30 0.19 0.10 0.02 0.04 0.08 0.12 0.13 0.14 0.19 0.27 0.37 0.46 0.47 0.39 0.39 0.54 0.70 0.76 0.70 0.59 0.49 0.40 0.33 0.29 0.26 0.22 0.20 0.19 0.22 0.29 0.37 0.43 0.46 0.48 0.51 0.55 0.59 0.63 0.67 0.72 0.76 0.77 0.77 0.79 0.83 0.86 0.86 0.87 0.90 0.91 0.87 0.82 0.77 0.73 0.70 0.70 0.70 0.68 0.63 0.58 0.57 0.57 0.59 0.61 0.62 0.63 0.63 0.63 0.63 0.63 0.63 0.63 0.63 0.63 0.63 0.62 0.62 0.61 0.60
1.28 1.01 0.64 0.43 0.25 0.15 0.08 0.02 0.04 0.08 0.12 0.15 0.16 0.22 0.28 0.34 0.45 0.50 0.47 0.54 0.60 0.61 0.56 0.54 0.48 0.42 0.34 0.28 0.23 0.19 0.16 0.13 0.12 0.15 0.21 0.27 0.33 0.40 0.48 0.54 0.57 0.59 0.62 0.65 0.69 0.71 0.74 0.77 0.81 0.86 0.91 0.93 0.91 0.91 0.91 0.91 0.90 0.89 0.86 0.78 0.72 0.71 0.72 0.73 0.70 0.66 0.62 0.59 0.57 0.57 0.58 0.59 0.60 0.61 0.61 0.61 0.61 0.61 0.61 0.61 0.61 0.61 0.60 0.60
1.01 0.83 0.56 0.37 0.22 0.13 0.08 0.05 0.06 0.10 0.13 0.16 0.20 0.27 0.42 0.58 0.68 0.74 0.78 0.76 0.66 0.50 0.50 0.53 0.48 0.41 0.33 0.26 0.20 0.17 0.14 0.12 0.12 0.14 0.19 0.23 0.29 0.37 0.45 0.50 0.54 0.56 0.60 0.64 0.69 0.76 0.84 0.89 0.91 0.92 0.92 0.94 0.96 0.96 0.94 0.94 0.95 0.96 0.95 0.90 0.84 0.79 0.79 0.78 0.76 0.72 0.67 0.61 0.56 0.52 0.51 0.52 0.54 0.56 0.57 0.57 0.58 0.58 0.59 0.59 0.59 0.59 0.59 0.59
0.83 0.71 0.50 0.35 0.24 0.18 0.13 0.11 0.10 0.12 0.15 0.17 0.20 0.27 0.39 0.51 0.62 0.68 0.71 0.68 0.60 0.53 0.53 0.53 0.49 0.44 0.38 0.29 0.20 0.16 0.14 0.14 0.15 0.16 0.19 0.25 0.31 0.37 0.41 0.44 0.48 0.53 0.58 0.64 0.69 0.75 0.82 0.88 0.92 0.93 0.93 0.95 0.98 1.01 1.05 1.05 1.02 0.99 0.99 1.00 0.99 0.95 0.90 0.85 0.82 0.78 0.71 0.66 0.61 0.57 0.53 0.49 0.47 0.48 0.50 0.51 0.52 0.54 0.55 0.56 0.57 0.57 0.58 0.58
0.74 0.65 0.48 0.35 0.26 0.19 0.16 0.13 0.11 0.11 0.14 0.14 0.15 0.16 0.17 0.20 0.29 0.37 0.36 0.43 0.53 0.56 0.57 0.56 0.52 0.48 0.45 0.37 0.26 0.19 0.16 0.13 0.13 0.16 0.20 0.26 0.33 0.39 0.42 0.45 0.49 0.54 0.58 0.64 0.68 0.71 0.74 0.79 0.86 0.93 0.97 0.99 1.00 1.00 1.02 1.07 1.08 1.06 1.03 1.01 0.99 0.95 0.91 0.90 0.89 0.85 0.80 0.75 0.72 0.69 0.65 0.57 0.45 0.39 0.36 0.38 0.41 0.46 0.49 0.51 0.53 0.55 0.56 0.57
0.69 0.61 0.48 0.37 0.28 0.21 0.17 0.16 0.13 0.12 0.13 0.10 0.07 0.06 0.06 0.06 0.12 0.20 0.29 0.39 0.46 0.50 0.56 0.59 0.57 0.55 0.54 0.48 0.38 0.29 0.20 0.14 0.16 0.19 0.22 0.30 0.38 0.45 0.50 0.53 0.55 0.57 0.60 0.66 0.69 0.72 0.75 0.79 0.86 0.97 1.05 1.09 1.11 1.08 1.03 1.01 1.05 1.08 1.08 1.04 0.99 0.95 0.91 0.88 0.87 0.86 0.85 0.83 0.81 0.77 0.74 0.70 0.62 0.47 0.39 0.37 0.38 0.39 0.39 0.41 0.46 0.50 0.53 0.55
0.71 0.63 0.51 0.43 0.37 0.31 0.25 0.22 0.20 0.20 0.22 0.22 0.19 0.17 0.12 0.10 0.14 0.21 0.29 0.36 0.41 0.45 0.49 0.56 0.62 0.62 0.61 0.59 0.51 0.41 0.31 0.25 0.25 0.25 0.28 0.39 0.49 0.54 0.57 0.59 0.60 0.61 0.65 0.69 0.72 0.74 0.77 0.80 0.86 0.95 1.05 1.14 1.18 1.20 1.17 1.09 1.04 1.04 1.07 1.07 1.03 1.00 0.97 0.94 0.90 0.88 0.87 0.84 0.83 0.82 0.78 0.76 0.76 0.73 0.66 0.59 0.51 0.44 0.40 0.40 0.43 0.47 0.50 0.52
0.79 0.72 0.60 0.52 0.46 0.41 0.39 0.39 0.42 0.49 0.54 0.53 0.48 0.39 0.29 0.21 0.20 0.24 0.28 0.33 0.40 0.46 0.45 0.50 0.62 0.69 0.68 0.69 0.67 0.57 0.46 0.40 0.36 0.35 0.43 0.55 0.61 0.59 0.59 0.62 0.64 0.67 0.71 0.75 0.77 0.80 0.82 0.85 0.89 0.92 0.96 1.02 1.09 1.17 1.23 1.23 1.16 1.09 1.07 1.08 1.07 1.02 1.00 1.00 0.98 0.95 0.91 0.86 0.83 0.83 0.84 0.81 0.79 0.80 0.78 0.71 0.64 0.60 0.59 0.56 0.50 0.46 0.46 0.49
0.86 0.80 0.70 0.64 0.62 0.65 0.74 0.77 0.79 0.76 0.69 0.59 0.50 0.44 0.39 0.33 0.30 0.31 0.34 0.36 0.39 0.46 0.47 0.45 0.54 0.67 0.73 0.75 0.78 0.72 0.60 0.52 0.48 0.49 0.61 0.69 0.65 0.62 0.67 0.72 0.72 0.72 0.78 0.83 0.85 0.87 0.89 0.92 0.94 0.95 0.97 0.99 1.02 1.07 1.16 1.23 1.25 1.20 1.15 1.15 1.16 1.12 1.04 1.00 0.98 0.95 0.94 0.91 0.86 0.84 0.87 0.87 0.82 0.79 0.80 0.79 0.75 0.70 0.66 0.62 0.57 0.50 0.46 0.46
0.91 0.85 0.79 0.81 0.86 0.91 0.91 0.86 0.76 0.63 0.57 0.54 0.49 0.47 0.45 0.42 0.40 0.43 0.48 0.50 0.48 0.47 0.46 0.43 0.46 0.60 0.73 0.76 0.78 0.77 0.73 0.69 0.64 0.64 0.66 0.68 0.67 0.73 0.86 0.85 0.72 0.72 0.83 0.87 0.87 0.91 0.95 0.95 0.94 0.97 1.03 1.09 1.11 1.10 1.11 1.16 1.24 1.26 1.24 1.24 1.27 1.26 1.18 1.06 0.99 0.92 0.89 0.91 0.90 0.86 0.85 0.88 0.89 0.86 0.85 0.85 0.82 0.76 0.66 0.59 0.57 0.55 0.50 0.46
0.99 0.94 0.88 0.87 0.83 0.74 0.65 0.58 0.55 0.52 0.53 0.54 0.51 0.50 0.51 0.49 0.48 0.51 0.61 0.68 0.65 0.55 0.47 0.45 0.46 0.53 0.66 0.81 0.92 0.93 0.85 0.81 0.79 0.74 0.71 0.73 0.81 0.95 0.99 0.88 0.78 0.83 0.89 0.88 0.90 0.97 0.99 0.96 0.96 1.00 1.04 1.10 1.15 1.17 1.16 1.17 1.22 1.27 1.26 1.23 1.24 1.28 1.26 1.16 1.07 0.99 0.90 0.86 0.88 0.88 0.89 0.93 0.97 0.95 0.89 0.84 0.81 0.76 0.70 0.63 0.58 0.56 0.53 0.47
1.03 0.98 0.89 0.79 0.68 0.58 0.52 0.51 0.52 0.53 0.55 0.55 0.51 0.52 0.58 0.59 0.57 0.59 0.68 0.79 0.85 0.76 0.54 0.49 0.51 0.52 0.63 0.83 1.03 1.15 1.06 0.88 0.85 0.86 0.94 1.03 1.10 1.15 1.07 0.95 0.98 1.02 0.98 0.94 0.97 0.99 0.96 0.95 0.99 1.03 1.05 1.07 1.10 1.15 1.20 1.22 1.23 1.26 1.26 1.21 1.18 1.21 1.26 1.27 1.22 1.17 1.08 0.94 0.86 0.87 0.91 0.94 0.95 0.95 0.92 0.87 0.81 0.77 0.73 0.65 0.60 0.57 0.54 0.50
1.01 0.92 0.81 0.74 0.67 0.62 0.61 0.62 0.61 0.60 0.64 0.68 0.64 0.63 0.66 0.67 0.64 0.65 0.73 0.93 1.13 1.14 0.84 0.61 0.59 0.56 0.60 0.69 0.85 1.08 1.20 1.08 0.95 1.00 1.15 1.30 1.34 1.22 1.05 1.00 1.00 0.94 0.94 1.05 1.09 1.02 0.95 0.94 0.98 1.03 1.07 1.08 1.11 1.16 1.21 1.23 1.26 1.30 1.32 1.29 1.24 1.22 1.25 1.28 1.31 1.31 1.27 1.17 0.99 0.88 0.86 0.86 0.89 0.93 0.93 0.90 0.87 0.84 0.83 0.78 0.68 0.61 0.57 0.53
1.09 0.97 0.81 0.74 0.70 0.65 0.63 0.66 0.71 0.73 0.76 0.81 0.82 0.79 0.77 0.73 0.69 0.74 0.94 1.15 1.33 1.44 1.27 0.84 0.66 0.65 0.66 0.69 0.70 0.83 1.10 1.22 1.10 1.04 1.13 1.18 1.18 1.09 1.00 0.95 0.87 0.84 0.99 1.14 1.15 1.04 0.99 1.01 1.04 1.06 1.08 1.09 1.15 1.21 1.24 1.25 1.27 1.32 1.37 1.38 1.34 1.31 1.31 1.30 1.30 1.34 1.37 1.36 1.28 1.14 1.03 0.97 0.97 0.98 0.99 0.96 0.91 0.89 0.90 0.89 0.83 0.70 0.59 0.52
