windninja/windninja_output/Output_2025-08-24_0800-0850_Google earth_Fire_150m_10min/merlingen_7.5mi_point_08-24-2025_0850_150m_ang.asc
ncols	158
nrows	163
xllcorner	391686.332397
yllcorner	5160024.123721
cellsize	150.000000
NODATA_value	-32768.000000
[rows 94 to 140 of 163, columns 0 to 95 of 158]
340 346 354 355 353 353 356 359 1 2 2 2 0 359 359 356 352 347 343 351 7 11 13 13 7 357 348 344 341 338 335 329 326 328 330 331 330 329 329 330 331 333 334 334 334 332 328 325 321 320 319 321 328 329 327 323 318 317 321 325 329 332 331 329 328 327 327 327 327 327 328 328 328 328 328 328 328 328 327 327 326 325 323 321 317 313 309 305 301 302 308 313 318 322 325 329
323 334 348 348 347 348 351 354 355 354 354 359 0 1 359 354 355 356 351 2 20 25 24 17 3 352 346 343 341 340 336 330 329 330 331 330 329 328 328 329 331 333 333 334 337 337 335 331 328 325 325 329 334 332 327 324 321 320 321 323 325 328 328 327 327 326 327 326 326 327 327 327 328 328 328 328 327 327 327 327 326 325 324 323 321 319 316 314 314 316 318 321 325 328 331 334
309 321 339 343 345 348 350 348 344 341 342 350 360 5 3 356 358 356 356 16 41 51 41 14 351 343 342 341 340 338 334 332 332 332 332 329 327 326 326 327 328 330 330 330 333 336 336 334 331 329 329 333 336 333 328 324 322 321 321 322 324 326 326 325 325 326 326 326 326 326 327 327 327 327 327 327 327 327 327 327 326 326 325 324 323 322 321 321 321 323 324 327 329 332 334 337
305 313 328 337 345 352 353 351 343 337 334 339 7 12 5 355 352 353 4 41 69 73 43 343 333 336 339 339 337 333 328 327 329 330 329 327 324 324 325 326 327 328 328 326 326 328 328 327 326 326 328 331 332 332 328 324 322 320 320 320 321 323 323 323 324 324 325 325 325 325 326 326 326 326 326 326 327 327 327 326 326 326 326 325 325 324 324 324 325 326 327 329 332 334 336 339
295 300 313 324 340 348 355 357 351 344 334 322 13 33 4 342 336 350 72 77 69 46 351 330 334 341 342 339 334 328 324 323 324 325 326 324 321 321 322 324 325 327 328 325 321 320 318 316 316 318 323 326 328 328 327 324 323 322 321 321 321 320 319 320 321 322 323 323 324 324 325 325 325 325 326 326 326 326 326 326 326 326 326 326 326 326 326 327 327 329 330 331 333 335 338 340
284 283 286 298 312 323 344 356 355 355 352 353 5 6 356 336 243 142 121 92 25 350 338 340 348 352 346 338 332 327 323 321 320 321 323 323 322 321 320 322 323 325 327 326 323 321 319 317 318 320 323 324 326 327 326 325 324 323 323 323 323 322 319 318 318 319 321 322 323 323 324 324 324 325 325 325 325 326 326 326 326 326 326 327 327 327 328 328 329 330 331 333 335 337 339 341
288 286 285 289 292 291 301 326 342 351 350 2 15 14 161 172 165 127 74 359 341 333 334 351 8 0 345 337 330 324 319 316 315 316 319 320 321 321 320 321 323 324 325 327 325 322 320 319 320 322 323 324 326 327 327 326 326 324 323 324 325 325 323 320 319 319 320 321 322 323 323 323 323 323 324 324 324 325 325 325 326 326 327 327 327 328 329 329 330 331 333 334 336 338 340 342
301 301 299 296 293 287 283 300 325 326 329 348 5 26 47 6 350 354 354 340 328 327 336 5 13 354 339 332 325 318 313 310 310 311 313 315 317 317 318 320 323 324 324 325 324 321 319 319 320 322 323 324 325 325 325 326 327 325 325 325 325 324 323 322 322 321 321 321 321 321 321 321 321 322 323 323 323 324 324 325 325 326 326 327 328 329 329 330 331 332 334 335 337 338 340 343
317 316 314 313 319 319 313 319 332 335 336 343 354 359 352 347 345 347 347 336 327 329 352 4 354 341 331 325 319 314 311 309 308 309 309 311 313 314 315 318 322 323 323 324 324 323 321 321 322 322 322 323 324 325 323 325 326 325 326 326 326 325 324 322 322 322 323 323 322 319 317 318 320 321 321 321 322 323 323 324 325 325 326 327 328 329 330 331 332 333 334 336 337 339 341 343
337 336 334 335 339 342 338 330 332 336 336 338 343 341 336 335 335 338 339 331 325 343 359 344 340 333 324 319 316 311 310 309 308 308 308 309 311 312 312 314 318 321 321 322 324 323 321 321 322 322 321 321 322 324 324 325 325 325 325 326 327 328 327 324 322 323 324 324 324 321 317 316 317 318 319 319 320 321 322 323 324 325 326 327 328 329 330 331 332 333 335 336 337 339 341 343
355 354 352 350 348 347 345 337 329 330 330 328 330 326 321 317 317 321 320 312 311 337 337 333 333 329 321 317 315 310 308 307 305 306 307 308 309 310 310 312 316 319 320 321 322 321 319 318 320 320 320 320 321 321 322 323 325 324 324 324 325 327 327 324 323 324 326 327 327 325 321 318 316 314 313 313 315 317 320 321 322 323 325 326 327 329 330 331 332 333 335 336 338 339 341 343
10 8 5 2 358 353 348 343 328 323 322 315 313 313 312 309 303 298 295 292 303 320 326 330 329 326 319 317 315 309 306 305 305 305 305 305 308 312 313 314 317 319 319 319 321 322 320 319 321 321 320 321 321 321 320 321 322 323 323 322 323 325 324 322 322 324 325 328 329 326 323 322 321 317 313 311 312 315 315 316 319 322 324 326 327 328 330 331 332 333 335 336 338 339 342 344
22 19 14 11 6 0 356 351 332 324 325 322 320 320 317 312 307 303 305 311 313 312 320 328 327 324 319 316 311 307 306 308 309 307 302 304 310 315 316 317 318 320 319 319 321 322 322 320 320 320 319 319 321 321 320 320 320 320 321 321 322 323 323 322 322 323 324 327 329 327 324 324 323 323 322 319 318 318 315 314 316 320 323 325 327 328 329 330 332 333 334 336 337 339 341 343
29 26 20 17 11 4 359 351 341 336 336 335 336 334 328 321 316 315 317 318 316 312 319 327 326 322 319 316 309 307 310 312 316 308 301 306 314 318 317 317 319 320 320 321 322 323 324 322 321 320 317 316 317 319 319 320 320 319 319 319 320 320 321 322 323 324 324 326 328 327 325 323 323 323 324 322 322 323 323 321 319 320 322 324 326 327 329 330 331 333 334 336 337 339 341 343
34 30 24 17 9 1 354 350 344 341 340 339 340 338 331 325 322 321 323 320 314 312 319 326 324 319 318 317 307 307 312 314 318 309 303 311 319 320 316 318 322 322 320 322 323 324 325 325 323 321 318 315 315 315 316 317 318 318 319 319 319 318 319 321 321 322 324 325 327 327 325 323 321 321 322 323 323 324 325 324 323 322 322 323 325 327 328 330 331 332 334 335 337 338 340 342
38 33 22 10 1 354 351 350 346 342 340 340 340 336 328 324 326 331 334 325 315 312 318 324 324 318 317 315 305 304 313 317 318 309 304 313 319 318 318 322 325 320 318 322 325 324 325 326 325 322 319 317 315 314 314 315 315 316 317 319 320 318 318 321 319 319 321 323 325 327 325 321 320 321 322 323 324 325 325 323 323 323 323 324 325 326 328 329 330 331 333 334 336 338 340 342
38 32 17 5 357 353 351 350 348 343 338 336 338 333 325 322 328 339 338 325 314 312 319 324 324 319 315 314 306 305 312 316 317 309 303 310 317 319 323 328 326 318 317 322 324 324 325 328 326 323 320 317 315 314 313 314 313 313 313 316 318 316 316 319 319 317 318 320 323 326 325 322 320 322 322 322 323 324 325 324 323 323 324 326 325 325 326 327 329 330 331 333 334 336 338 341
36 28 16 7 0 358 355 351 347 343 337 331 330 328 322 321 330 345 341 325 313 312 320 326 324 318 315 314 308 305 308 314 315 307 304 312 319 323 329 332 328 323 321 321 322 323 325 328 327 324 320 318 315 312 311 312 312 310 309 312 314 313 313 317 318 318 318 319 321 323 323 320 319 320 321 321 322 323 324 323 323 323 325 328 328 327 326 326 327 327 328 329 331 333 337 340
38 31 20 14 7 1 357 352 347 344 339 329 327 328 322 321 332 348 343 329 319 315 321 328 324 314 313 311 307 303 303 308 311 306 307 317 325 330 335 334 330 326 320 319 324 326 326 326 325 324 321 319 316 311 309 310 311 309 307 309 312 312 311 313 316 317 318 319 320 321 320 317 316 318 319 320 322 324 325 325 323 323 326 329 331 331 329 326 325 323 322 325 329 333 336 339
42 36 25 18 9 360 354 350 347 345 339 328 327 329 323 319 331 347 342 332 323 316 319 329 320 309 310 310 308 304 299 300 303 304 308 318 328 333 335 333 330 322 314 316 325 328 326 324 324 323 322 322 318 312 308 308 309 308 305 306 309 311 310 310 313 316 316 319 320 322 321 318 317 319 319 319 321 324 325 326 325 325 327 328 330 333 332 330 328 324 322 326 331 334 338 339
43 37 27 17 7 360 352 348 346 342 333 324 326 331 323 317 326 341 341 331 322 315 316 323 317 313 315 313 309 307 302 295 295 300 306 315 322 327 332 334 329 319 314 317 324 328 327 327 326 324 323 323 320 313 307 305 307 306 303 303 306 310 309 307 311 314 314 316 318 321 323 320 317 318 319 319 320 322 324 326 325 327 330 331 332 336 334 332 331 327 327 332 336 338 340 339
43 37 25 14 6 360 353 351 346 335 326 323 328 332 321 315 325 340 343 332 321 316 316 316 317 317 318 317 311 313 312 299 292 295 305 313 319 324 328 331 326 319 318 321 324 328 331 332 328 325 325 325 322 315 306 302 303 304 302 300 303 306 306 305 308 312 312 313 314 317 320 319 316 316 317 317 319 321 323 325 324 326 332 335 337 340 338 333 331 328 331 338 341 342 341 340
40 34 23 13 5 359 354 352 343 330 322 324 331 333 318 312 324 343 347 337 327 322 318 314 313 316 318 314 307 315 319 306 292 290 300 313 322 326 325 323 322 320 322 322 323 328 331 331 326 324 325 327 326 318 307 300 299 301 300 298 299 302 303 302 304 309 310 310 311 314 317 318 317 315 315 315 316 319 322 323 321 322 330 337 340 341 338 334 331 331 335 341 344 344 341 341
38 33 24 14 5 358 353 348 337 327 322 325 334 332 314 308 319 339 344 337 329 322 316 311 309 311 317 312 305 312 316 307 295 290 296 310 322 329 325 320 322 322 322 321 321 325 327 326 325 324 325 329 330 323 310 299 296 297 297 296 296 300 300 300 301 305 307 307 309 311 314 316 317 316 316 316 316 317 320 322 320 321 329 336 339 339 337 334 332 334 339 343 344 342 339 341
40 36 25 13 3 355 350 340 330 324 319 324 334 329 313 303 308 328 336 333 326 317 311 307 304 304 310 307 303 307 310 308 304 296 295 301 313 326 321 318 322 322 320 317 315 319 324 326 327 326 326 330 331 326 313 299 293 293 294 293 294 297 298 298 299 303 305 305 306 308 311 314 316 316 315 316 319 318 319 321 322 323 329 334 335 336 336 334 334 338 342 345 345 343 340 341
42 37 24 10 358 351 344 333 322 319 316 319 331 326 313 300 301 317 329 329 323 315 308 303 300 297 297 296 295 297 301 306 303 293 286 283 288 304 310 312 313 312 311 309 309 314 319 323 325 324 323 326 329 327 316 298 290 289 290 291 292 294 296 295 296 298 300 302 302 303 306 310 313 314 314 315 318 319 318 318 320 323 328 332 331 332 334 334 335 339 343 346 348 346 342 340
43 37 23 7 354 347 336 325 317 317 314 312 325 328 317 301 297 307 323 327 324 317 309 301 296 293 290 288 288 290 290 291 288 279 270 266 266 273 284 288 284 285 291 297 302 306 310 316 320 320 318 320 325 325 315 297 287 286 287 288 289 291 291 288 286 287 290 295 298 298 301 306 309 311 311 313 315 318 318 317 317 320 325 329 328 330 332 334 336 340 343 347 350 347 341 337
42 35 17 2 355 348 334 321 315 317 313 306 317 330 321 303 294 299 315 324 324 317 309 301 295 292 289 288 288 287 282 276 271 267 262 259 257 257 256 259 258 259 266 275 283 289 297 306 314 313 310 311 318 322 313 296 285 283 284 284 284 283 280 275 273 275 281 290 296 296 297 301 304 307 309 311 313 316 317 317 318 320 323 326 327 330 333 335 337 339 343 348 349 344 338 337
36 27 8 356 352 346 335 323 315 317 311 302 312 329 322 305 290 290 304 313 316 314 309 303 295 291 289 289 287 284 280 274 267 262 259 255 251 249 244 244 248 248 250 253 262 272 279 286 292 294 294 298 307 315 307 293 283 279 279 278 275 271 269 269 272 277 282 291 297 297 295 297 300 303 307 310 311 313 316 319 320 320 323 326 328 332 336 338 338 339 343 348 347 338 333 335
30 22 2 351 345 337 329 319 310 312 307 300 310 328 322 305 289 280 285 297 303 305 305 302 295 292 291 289 288 285 280 272 264 259 257 252 246 244 240 235 236 240 242 243 247 256 263 267 270 271 276 282 291 298 292 286 278 273 273 271 265 264 269 275 279 281 283 287 294 299 297 295 297 299 303 307 310 311 313 317 321 321 324 329 331 334 339 341 339 339 344 347 343 334 332 336
29 19 0 350 341 330 322 313 304 305 300 298 308 322 318 305 290 276 271 281 292 298 300 299 297 294 292 293 294 289 277 267 261 257 255 251 244 242 239 231 228 233 236 240 241 245 251 253 253 255 260 263 264 269 271 270 268 266 267 268 264 268 274 278 281 282 282 282 285 293 296 293 293 296 299 304 309 311 310 313 317 319 322 329 332 335 341 342 338 338 342 344 339 333 334 340
23 14 359 350 340 328 319 311 302 300 294 289 298 310 308 302 293 281 269 269 277 291 300 299 296 295 297 302 300 291 269 260 258 255 252 249 244 242 239 232 227 226 231 239 241 240 241 240 238 242 247 247 243 244 251 254 257 259 263 266 270 273 275 277 278 279 280 279 279 283 289 290 291 294 297 301 305 308 307 307 309 311 316 325 330 335 343 342 338 337 339 340 336 331 335 343
17 10 355 345 337 325 315 308 302 297 288 279 281 295 297 300 299 289 278 270 270 279 294 298 297 300 303 304 297 274 253 252 252 249 248 247 243 240 240 235 229 225 227 237 241 240 237 231 226 229 235 237 233 231 236 244 251 256 259 263 269 272 272 273 274 275 276 277 277 278 282 287 292 295 297 300 303 305 304 304 305 307 311 319 327 336 343 341 337 336 337 337 333 330 336 345
16 7 348 341 335 324 313 304 300 294 285 273 272 280 291 302 303 293 285 280 280 282 286 291 291 294 294 288 273 249 234 243 244 239 241 245 243 240 239 238 234 229 228 235 240 241 236 229 224 224 228 230 224 223 228 236 247 255 259 261 264 266 267 269 271 273 273 274 275 276 277 282 288 293 297 300 303 305 306 307 308 308 309 314 323 335 343 342 339 337 337 336 331 331 339 347
14 2 342 336 331 320 309 301 297 292 285 275 268 268 276 292 298 293 290 294 294 287 279 273 272 269 265 260 252 237 225 235 238 233 232 238 242 241 238 239 237 234 235 237 242 241 236 227 222 222 225 224 218 218 224 231 243 254 258 259 260 262 264 267 269 270 271 272 273 274 275 277 281 288 292 295 301 305 305 306 308 308 309 312 317 329 338 339 339 340 341 338 334 336 342 347
13 360 335 328 323 312 303 296 292 290 287 280 270 261 260 266 281 290 295 298 295 282 264 255 254 254 249 243 236 230 222 226 232 230 229 231 235 238 238 239 239 240 242 245 246 243 236 224 218 219 220 219 214 217 223 229 241 251 255 256 258 259 262 264 266 268 269 270 271 273 274 274 276 281 287 291 297 302 301 301 304 305 306 308 310 317 325 328 331 334 338 338 339 344 347 348
16 358 328 321 318 306 297 292 289 289 287 281 271 262 256 258 269 283 293 295 286 272 259 250 247 247 242 230 224 220 216 210 217 224 226 228 230 230 232 234 236 238 240 245 248 246 237 226 221 221 219 218 214 218 224 230 239 247 252 254 256 258 260 262 264 266 267 269 271 271 272 274 275 277 282 287 294 300 300 299 300 302 303 302 302 307 313 317 318 321 326 331 338 346 350 353
16 355 325 316 313 303 294 287 286 288 286 281 274 268 264 262 267 277 285 285 276 269 259 249 245 242 232 225 223 217 213 204 197 210 220 225 226 225 222 222 225 226 227 232 237 241 236 229 227 224 220 218 216 219 226 232 239 247 251 253 255 258 260 262 263 264 266 268 270 270 271 273 274 275 279 284 291 300 301 299 302 305 306 303 301 301 306 312 314 314 316 320 328 339 347 353
11 349 321 308 304 301 294 283 278 282 287 285 281 275 272 270 269 270 271 273 272 264 252 246 246 240 230 226 229 225 219 210 189 193 212 219 223 223 220 217 218 217 217 220 220 219 224 230 231 227 221 219 219 222 227 232 237 245 251 253 254 258 261 262 263 264 265 267 269 270 272 273 273 274 277 281 288 299 304 301 303 309 311 308 304 302 306 311 310 309 311 314 317 327 337 344
7 343 317 304 296 296 294 284 273 271 279 284 282 279 277 277 275 268 257 252 257 254 243 239 241 237 230 227 229 228 224 216 190 178 199 212 220 223 222 221 221 216 214 215 213 209 211 222 230 229 224 222 222 224 228 231 236 243 248 250 253 257 258 260 261 263 265 268 270 271 273 273 274 274 274 278 285 295 303 302 302 308 313 311 307 306 308 308 307 304 305 309 312 318 329 336
1 334 314 303 293 290 290 287 278 267 267 271 271 273 280 285 280 267 252 243 237 233 230 229 229 231 229 225 221 218 215 210 197 177 180 200 216 222 226 228 226 220 217 217 214 210 209 214 223 226 224 222 223 226 229 231 235 243 248 250 253 255 255 257 260 262 264 266 271 275 275 275 276 275 272 274 279 289 299 300 301 305 310 310 308 307 307 307 306 303 301 304 306 311 324 331
348 321 307 299 289 285 284 285 282 272 264 260 261 267 280 286 281 267 256 246 237 227 222 221 216 222 228 227 222 214 207 204 201 192 177 182 207 220 228 233 230 225 223 220 216 214 213 213 218 223 224 223 225 228 231 231 236 244 249 252 253 253 254 256 258 260 261 263 270 278 282 280 277 276 274 273 275 282 294 299 299 301 304 306 308 308 307 307 306 301 297 298 302 306 316 324
340 307 295 292 286 282 280 277 276 274 267 262 260 267 275 280 278 269 259 251 242 231 223 219 209 211 225 229 225 218 209 206 206 203 193 178 187 211 230 236 232 230 227 220 219 220 218 215 218 225 226 226 228 230 231 232 238 245 249 250 252 252 253 255 256 257 259 261 266 275 285 287 284 282 279 274 273 276 283 293 298 299 301 305 309 312 311 309 307 303 300 300 301 302 308 317
337 301 284 280 279 279 277 271 267 267 268 267 268 271 272 271 268 267 261 254 246 238 229 223 209 199 215 228 228 222 216 213 214 210 203 189 178 196 229 237 232 230 228 223 222 225 223 219 221 227 229 229 231 232 233 234 240 246 248 249 250 251 252 253 254 255 257 260 263 269 279 289 290 289 286 280 274 273 275 281 294 302 302 305 312 315 311 307 307 308 309 306 303 300 305 316
328 302 282 272 272 275 275 271 267 264 264 268 275 278 272 262 253 249 249 251 250 245 239 232 218 199 206 224 227 223 218 216 215 211 209 202 183 186 223 233 229 227 228 226 225 226 225 221 223 228 229 231 233 233 235 238 243 247 248 249 249 250 251 251 252 254 256 259 263 266 272 284 293 295 296 291 280 274 272 275 283 296 300 307 314 314 309 308 313 319 321 316 309 303 305 313
311 298 286 274 267 265 269 273 273 269 266 270 280 281 273 257 246 238 232 238 244 244 242 237 229 211 200 216 223 220 217 217 215 211 212 207 190 184 213 230 228 225 228 228 227 228 226 223 225 229 230 232 232 233 236 240 244 246 247 248 249 250 251 248 248 252 256 259 263 265 269 278 290 298 302 301 290 278 275 275 279 290 302 311 320 318 317 321 328 335 336 329 320 312 309 310
294 287 287 284 269 257 259 267 271 274 276 277 282 281 269 256 248 239 231 229 232 232 233 234 231 225 207 202 216 215 214 219 218 214 211 204 193 190 206 226 227 227 229 229 229 230 229 227 228 231 233 234 233 234 238 241 243 245 246 248 249 251 250 246 245 248 254 258 262 264 268 274 283 294 300 306 298 284 280 280 282 289 300 311 322 323 323 328 337 344 341 332 325 319 315 314
