windninja/windninja_output/Output_2025-08-24_0800-0850_Google earth_Fire_150m_10min/merlingen_7.5mi_point_08-24-2025_0830_150m_ang.asc
ncols	158
nrows	163
xllcorner	391686.332397
yllcorner	5160024.123721
cellsize	150.000000
NODATA_value	-32768.000000
[rows 42 to 83 of 163, columns 0 to 93 of 158]
8 7 5 3 1 358 356 355 354 352 351 349 348 347 346 345 344 342 341 339 337 336 335 332 330 328 324 320 316 310 302 294 283 271 258 245 233 226 221 214 206 201 197 191 185 182 182 184 184 181 178 177 175 175 175 178 182 184 187 192 193 190 187 189 189 183 177 177 177 180 185 184 178 174 168 169 177 182 183 185 187 187 185 181 176 177 184 187 183 178 174 175 181 181
13 12 9 6 3 360 358 356 355 353 351 349 348 346 345 344 342 341 339 337 336 334 333 331 328 326 322 318 313 307 299 291 283 272 260 243 229 223 218 210 204 200 194 187 184 184 185 187 185 181 177 176 178 179 179 182 186 189 192 193 190 185 181 182 183 179 174 174 180 185 186 183 180 175 172 174 182 186 186 186 185 184 180 173 173 181 192 193 188 181 177 176 176 176
18 16 13 9 5 2 0 358 356 354 351 349 348 346 345 343 341 340 338 336 335 333 331 329 327 324 321 317 312 306 298 290 281 270 257 243 232 225 217 208 202 198 191 186 185 187 189 187 183 178 176 178 181 183 185 187 190 192 192 190 187 182 179 176 172 172 172 174 179 184 184 183 183 181 179 183 188 191 191 188 183 178 173 171 178 191 196 194 190 185 180 176 171 172
22 21 16 11 8 5 2 359 357 355 352 350 348 346 344 343 341 339 337 336 334 333 331 328 325 322 319 315 310 305 298 290 281 270 257 244 232 223 213 205 199 194 190 186 187 189 188 183 177 175 177 183 186 188 191 193 194 192 188 185 183 181 177 172 167 167 170 174 178 182 183 184 186 186 188 191 193 194 192 186 178 172 170 176 190 196 194 192 191 189 184 175 168 173
26 23 18 14 11 8 4 1 358 356 353 351 349 346 344 342 340 338 337 335 333 332 330 327 324 321 317 313 308 302 296 288 278 267 255 241 230 219 209 201 195 191 189 188 189 188 183 178 175 177 181 186 192 195 195 196 195 189 182 178 178 177 173 169 167 168 171 176 179 180 181 184 187 191 194 196 196 193 187 181 176 173 176 187 194 194 190 188 190 191 185 174 171 178
29 26 21 18 16 11 6 2 359 357 354 352 349 347 344 342 340 338 336 334 333 331 328 325 322 319 316 312 307 301 294 286 275 264 252 239 228 218 207 197 191 187 187 189 189 185 178 175 177 181 185 191 196 197 195 194 191 185 177 173 173 172 169 167 168 169 174 178 181 181 181 183 188 193 197 200 198 192 185 181 179 180 185 190 191 189 187 186 188 187 183 178 178 184
31 29 25 22 19 15 8 2 360 357 354 352 350 347 344 342 340 338 336 334 332 330 327 324 321 318 315 310 305 299 292 283 273 262 250 238 226 215 203 193 187 184 185 186 185 180 176 176 180 184 190 196 198 197 194 191 185 178 173 172 171 170 169 169 168 170 174 178 181 182 182 184 188 194 199 201 199 192 187 185 185 185 185 186 187 186 186 186 184 181 182 184 186 189
34 32 28 26 22 17 11 4 0 358 355 353 350 348 345 342 340 338 336 334 332 329 327 324 321 317 314 309 304 297 290 281 271 260 248 235 221 210 198 190 186 184 183 181 180 177 176 179 183 188 194 197 196 194 191 186 179 172 170 172 173 173 173 171 169 170 174 178 181 182 184 186 189 195 199 199 195 191 189 188 187 186 184 184 184 184 184 182 179 179 184 190 193 194
37 34 31 28 23 18 13 7 1 358 356 354 351 348 345 343 340 338 336 334 332 329 326 324 320 317 313 308 302 295 288 279 269 257 244 229 215 203 194 188 185 183 180 177 176 176 177 182 189 194 196 195 191 188 185 180 174 170 171 175 177 177 177 172 169 171 175 178 181 183 185 188 192 196 196 194 191 190 189 188 187 186 185 184 183 181 179 177 177 181 186 193 199 201
42 38 33 28 23 18 15 11 4 359 357 355 352 349 346 344 341 339 336 334 332 329 326 323 320 316 312 307 301 294 286 276 265 252 238 224 210 199 192 187 184 181 177 175 174 175 179 188 197 199 194 190 187 183 179 174 170 172 177 180 182 182 177 170 169 172 176 179 182 184 186 189 193 194 192 190 189 188 188 188 188 188 188 185 181 179 177 176 180 184 189 196 203 208
46 42 34 29 24 20 17 15 7 1 358 356 353 350 347 344 342 339 336 334 331 329 326 323 319 315 310 305 298 291 282 272 260 247 232 219 205 196 189 184 182 179 175 173 173 176 182 190 195 191 186 184 184 181 175 169 170 176 182 186 186 183 176 169 169 173 177 181 184 185 187 189 191 191 191 189 188 187 185 186 189 192 191 186 181 178 177 179 182 186 192 198 203 205
48 43 34 28 25 21 18 16 11 6 1 357 354 351 348 345 342 340 337 334 331 328 325 322 318 314 309 303 297 289 279 267 255 240 225 212 201 193 186 182 180 177 174 172 173 178 183 187 186 183 182 182 181 179 174 170 173 181 187 189 187 181 174 170 171 174 178 183 185 185 186 187 190 191 191 190 189 188 185 185 188 191 191 189 186 182 179 180 184 191 195 196 197 195
46 43 35 28 25 22 19 18 16 11 4 358 354 351 349 346 343 340 337 335 331 328 325 322 318 313 308 301 294 284 274 262 248 233 218 206 197 190 185 180 177 175 174 173 173 177 180 181 179 178 181 182 180 178 174 172 177 185 188 188 185 180 173 170 172 175 179 183 185 185 185 189 192 192 191 190 190 189 186 184 185 186 188 189 190 189 185 184 188 193 194 192 189 185
46 44 40 32 29 27 22 20 19 15 8 359 354 351 349 346 343 340 338 335 332 329 325 321 317 312 306 299 291 281 269 255 239 224 210 201 193 188 184 180 176 174 174 174 174 174 176 175 174 177 181 181 179 177 174 175 181 186 187 185 182 177 174 173 174 177 180 182 184 186 190 195 194 191 190 190 190 188 185 183 182 182 185 187 190 191 192 193 194 194 192 188 181 174
48 47 43 38 35 32 26 21 19 17 11 2 355 352 349 347 343 340 338 335 332 329 325 321 316 310 304 296 287 276 263 246 230 215 204 196 190 186 183 180 177 175 175 174 173 172 171 170 171 175 178 179 179 177 174 177 184 187 185 181 177 174 175 176 177 178 181 183 185 191 197 196 191 189 189 189 188 185 184 183 181 181 184 186 188 191 195 198 199 199 194 183 172 164
50 49 45 40 35 32 27 21 16 16 12 6 0 354 349 346 344 341 338 335 332 329 325 320 315 309 301 293 282 269 252 235 219 207 198 192 187 184 182 180 178 177 175 174 173 171 168 167 168 171 175 177 178 176 175 179 183 184 181 177 174 174 176 179 180 180 181 184 189 195 194 190 188 188 188 187 185 183 182 182 183 184 185 187 189 193 198 201 200 196 188 173 163 160
52 50 46 42 38 33 29 22 15 13 11 9 6 360 350 345 344 342 339 336 332 328 324 319 314 307 298 288 275 259 241 223 210 200 193 188 185 183 181 180 178 177 175 174 173 171 168 166 165 167 172 176 176 175 176 179 181 180 176 174 174 175 178 181 183 183 183 185 191 191 188 187 187 187 186 185 182 181 181 183 185 187 188 191 195 199 201 200 195 185 172 163 160 158
53 51 48 45 41 36 31 25 18 14 12 10 9 4 355 347 344 341 339 336 333 328 323 318 312 304 294 282 264 245 226 211 201 194 189 186 184 182 181 179 178 177 176 175 174 172 170 168 166 165 167 171 172 173 176 180 180 177 173 172 173 176 179 183 186 185 184 186 189 188 186 186 185 184 183 183 180 179 182 185 187 190 192 194 197 200 200 194 185 171 160 157 157 158
55 54 50 47 43 39 35 29 23 18 13 9 7 5 360 354 347 341 338 336 333 329 323 317 310 300 287 270 249 228 213 202 194 190 186 184 182 181 180 179 178 177 176 175 174 173 172 170 168 165 164 165 168 170 175 180 179 174 170 171 173 176 180 184 187 186 185 188 189 187 185 184 183 182 181 181 180 181 185 188 190 191 194 196 197 197 194 186 173 161 156 156 158 164
57 56 53 49 45 41 37 32 26 21 15 8 4 3 3 359 353 345 339 336 333 329 323 315 306 294 275 253 229 213 202 194 189 186 184 183 181 180 179 179 178 177 176 176 175 174 173 171 170 167 165 164 165 167 174 179 176 172 169 170 173 176 179 183 186 187 189 190 188 185 184 182 180 180 180 179 181 185 188 190 192 194 197 199 198 193 185 175 164 156 156 161 166 179
60 59 55 52 47 42 38 33 28 23 17 10 5 3 3 1 357 351 343 337 332 328 321 313 300 279 256 230 213 201 193 189 186 184 182 181 180 180 179 178 178 177 177 176 175 174 173 172 171 169 167 166 164 165 173 177 174 171 170 171 173 175 176 181 185 188 192 191 185 182 182 181 179 178 179 180 184 188 189 192 194 196 200 201 197 189 175 164 158 156 160 168 181 193
64 63 59 55 50 44 40 35 30 26 21 14 8 4 1 360 359 355 348 340 334 330 321 307 286 255 228 210 198 191 187 185 183 182 181 180 180 179 179 178 178 177 177 176 175 174 173 173 172 170 168 166 164 165 170 175 173 171 170 171 172 173 176 182 188 191 192 187 182 181 181 180 178 177 178 182 186 187 189 192 195 198 200 198 193 181 166 158 154 157 168 180 192 203
67 66 62 58 53 48 44 39 34 30 26 18 11 6 1 359 359 358 353 343 337 331 318 295 256 224 207 195 189 186 183 182 181 180 180 179 179 178 178 178 177 177 176 176 175 175 174 173 172 171 169 166 164 164 167 171 173 172 170 169 170 176 184 193 194 190 184 179 178 179 180 179 177 177 179 182 184 186 189 192 196 198 197 193 186 171 161 157 156 165 180 190 202 213
68 66 62 59 54 51 47 43 39 35 30 23 15 9 5 1 359 360 356 346 339 330 308 254 212 198 190 185 183 182 180 180 180 179 179 178 178 178 178 177 177 177 176 176 175 175 174 174 173 172 170 167 164 163 164 166 168 171 170 169 171 184 194 192 187 181 177 175 176 177 178 178 177 178 179 180 182 184 188 194 198 197 193 189 179 165 159 159 165 179 189 201 213 223
66 64 62 60 56 52 47 43 40 37 31 26 20 13 9 6 4 4 358 352 345 308 217 193 188 183 180 180 180 179 179 178 178 178 178 178 178 177 177 177 177 177 176 176 176 175 175 174 173 172 171 169 166 164 162 161 161 166 170 172 177 184 184 182 181 178 176 176 176 176 176 176 177 178 179 179 180 184 189 194 195 192 186 179 172 165 162 165 180 190 199 211 222 233
63 62 60 58 57 55 49 43 42 40 35 31 26 20 15 13 14 14 11 27 114 170 177 179 180 177 176 176 176 176 177 177 177 177 177 177 177 177 177 177 177 176 176 176 176 175 175 174 174 173 172 170 168 166 163 159 156 158 165 173 177 177 174 175 177 178 178 178 177 175 175 175 176 176 177 178 180 184 188 189 186 182 175 170 168 165 166 179 191 200 210 219 232 241
63 63 60 56 54 52 46 43 45 46 42 37 33 30 27 25 32 43 70 108 144 162 168 174 178 177 177 176 174 173 174 174 175 176 176 176 176 176 176 176 176 176 176 176 176 175 175 174 174 173 172 172 170 169 166 163 160 158 162 168 171 169 168 169 172 176 179 179 177 176 175 175 174 174 176 178 179 182 183 181 177 173 168 167 167 165 172 188 198 210 219 231 241 243
73 75 71 63 59 55 48 43 47 49 46 42 41 43 45 50 67 86 111 136 152 160 164 170 175 180 181 177 173 172 171 172 173 174 175 175 176 176 176 176 176 176 176 176 176 175 175 175 174 174 173 172 171 170 169 167 166 164 164 165 166 163 161 162 165 171 175 176 176 177 178 177 173 174 176 178 180 180 179 175 172 169 170 175 169 166 178 194 207 218 227 235 238 236
80 83 85 82 77 70 61 56 58 59 57 55 57 62 69 82 100 120 136 146 153 159 162 166 172 179 182 179 174 173 171 170 171 172 173 174 175 175 176 176 176 176 176 176 176 175 175 175 174 174 173 173 172 171 171 170 169 168 167 167 166 162 158 157 158 162 166 169 172 176 178 175 172 174 178 180 180 178 176 173 172 175 181 178 167 168 186 203 216 226 231 232 229 225
82 83 86 87 86 82 79 80 83 81 77 78 81 84 91 105 120 134 145 152 156 160 162 165 169 174 178 179 178 176 174 171 170 170 171 173 174 175 175 175 176 176 176 176 175 175 175 175 174 174 174 173 173 172 172 171 171 170 170 169 168 166 163 161 159 157 157 159 164 169 171 171 172 176 179 181 179 177 175 175 178 183 183 173 166 175 195 211 224 231 231 227 221 214
85 86 87 87 87 86 87 91 94 91 87 92 98 104 111 119 128 138 147 154 160 162 164 165 167 170 174 177 180 179 177 175 172 170 169 171 172 174 174 175 175 175 175 175 175 175 175 175 174 174 174 174 173 173 172 172 172 171 171 170 170 169 168 166 164 162 160 158 158 158 159 162 169 176 179 179 178 176 178 182 185 184 177 168 169 187 204 219 229 231 225 222 219 212
89 90 91 90 90 90 91 93 96 96 97 102 108 115 122 127 134 139 147 153 159 163 166 167 168 169 171 175 178 179 179 178 176 172 170 170 171 172 173 174 175 175 175 175 175 175 175 175 174 174 174 174 173 173 173 173 172 172 172 171 171 170 170 169 168 167 166 163 160 157 154 154 162 172 176 175 176 177 180 185 186 179 169 166 178 200 215 225 228 224 217 214 215 207
91 92 94 94 94 95 96 99 100 102 105 110 115 121 127 133 137 142 148 151 155 160 164 167 168 169 170 174 176 178 180 179 177 175 173 172 171 172 172 173 174 175 175 175 175 175 175 175 174 174 174 174 174 173 173 173 173 173 172 172 172 171 171 170 170 169 168 167 165 163 160 158 160 165 169 171 173 177 182 184 181 171 164 170 194 214 224 225 223 218 209 202 197 177
94 95 97 98 99 99 101 102 104 107 110 114 118 123 130 135 139 143 149 152 155 158 161 165 167 168 170 171 174 177 179 178 177 177 176 174 172 172 171 172 173 174 175 175 175 175 175 174 174 174 174 174 174 174 173 173 173 173 173 172 172 172 172 171 171 170 169 168 168 167 166 165 164 163 164 166 169 177 182 179 171 165 166 185 211 222 224 221 219 216 205 192 177 161
96 96 97 99 101 102 103 105 107 110 114 118 122 126 131 136 139 144 149 152 156 158 160 163 166 168 169 168 170 174 178 178 178 180 177 173 172 171 171 172 173 174 174 174 174 175 174 174 174 174 174 174 173 173 173 173 173 173 173 173 173 172 172 172 171 171 170 170 169 169 169 168 166 165 163 162 165 173 177 172 163 163 179 210 230 231 226 226 223 216 200 181 162 152
99 97 95 96 99 103 104 106 108 112 117 122 126 129 133 137 140 144 149 153 155 157 160 163 167 171 169 166 167 171 177 180 180 180 178 174 172 171 170 171 172 173 174 174 174 174 174 174 174 173 173 173 173 173 173 173 173 173 173 173 173 173 173 172 172 172 171 171 170 170 170 169 168 167 165 162 163 167 170 166 162 173 206 229 236 234 231 226 216 197 180 168 159 154
103 97 88 90 99 105 106 108 112 117 122 125 128 131 135 138 141 144 149 152 155 157 158 162 167 171 169 167 167 169 174 178 179 179 177 176 174 173 171 170 171 173 174 174 174 174 174 174 173 173 173 173 173 173 173 173 173 173 173 173 173 173 173 173 172 172 172 171 171 171 170 170 170 169 167 165 163 164 164 163 168 192 216 222 217 215 213 203 186 177 169 163 158 157
107 96 81 85 98 109 115 116 118 124 128 130 131 133 137 140 142 144 149 151 154 156 158 161 166 169 169 169 169 169 171 174 177 179 178 176 176 176 175 171 170 171 173 173 174 174 174 173 173 172 172 172 172 172 173 173 173 173 173 173 173 173 173 173 173 172 172 172 171 171 171 171 170 170 169 167 165 164 162 163 177 198 204 203 202 202 197 184 173 166 162 160 159 160
116 103 93 96 107 123 133 132 130 133 134 134 135 136 138 141 143 145 148 151 153 154 157 160 164 166 167 169 170 170 170 171 174 178 178 177 177 178 177 175 173 172 172 173 173 173 173 172 171 170 169 170 171 172 172 173 173 173 173 173 173 173 173 173 173 173 172 172 172 172 172 171 171 170 170 169 167 165 163 166 180 191 193 194 196 195 184 171 165 162 161 160 160 161
139 107 99 108 120 132 149 150 145 143 142 140 138 137 138 141 142 144 147 149 152 154 156 160 163 164 164 167 169 170 169 169 171 174 178 180 180 178 178 179 178 176 175 175 173 172 172 171 168 164 164 166 169 170 172 172 173 173 173 173 173 173 173 173 173 173 173 172 172 172 172 172 171 171 170 170 169 168 166 168 176 184 190 194 194 187 170 163 162 163 162 162 162 164
141 115 113 122 129 140 154 158 156 152 149 144 140 139 140 142 142 143 145 147 149 152 154 158 162 163 162 164 167 168 169 167 168 170 174 179 181 179 179 179 181 180 179 178 177 175 173 172 170 166 163 163 165 169 171 172 173 173 173 173 173 173 173 173 173 173 173 173 173 172 172 172 171 171 171 170 170 169 168 169 172 180 189 194 190 173 163 160 160 162 164 165 166 167
126 130 133 135 138 143 150 158 158 155 150 144 141 139 138 141 141 140 143 144 146 149 152 155 159 161 162 164 166 168 169 169 169 170 171 174 177 178 178 179 180 180 178 177 177 176 175 174 172 173 173 170 167 168 171 172 173 173 173 173 173 173 173 173 173 173 173 173 173 173 172 172 172 171 171 171 170 170 169 169 171 178 186 188 178 164 158 157 159 160 162 165 167 169
