windninja/windninja_output/Output_2025-08-24_0800-0850_Google earth_Fire_150m_10min/merlingen_7.5mi_point_08-24-2025_0840_150m_ang.asc
ncols	158
nrows	163
xllcorner	391686.332397
yllcorner	5160024.123721
cellsize	150.000000
NODATA_value	-32768.000000
[rows 86 to 128 of 163, columns 0 to 95 of 158]
90 89 88 88 85 80 77 82 92 102 108 107 106 105 102 102 101 101 101 103 105 107 109 114 120 127 126 123 121 121 121 121 123 125 124 122 120 117 116 117 120 123 124 123 121 120 118 118 118 119 121 121 122 124 126 126 126 126 126 127 128 128 129 129 129 129 130 130 130 131 131 132 133 134 135 136 138 140 144 150 158 164 163 150 133 126 124 123 123 123 122 122 124 127 130 132
91 88 85 85 84 82 84 91 98 104 106 104 104 104 101 99 97 95 96 99 103 104 107 116 127 135 133 127 124 122 122 121 122 124 124 124 124 122 120 120 121 123 125 123 121 119 118 117 117 117 119 121 121 121 122 123 123 124 125 127 128 129 129 129 129 129 130 130 130 130 131 132 132 133 134 135 137 139 142 146 152 157 155 145 131 125 123 121 120 119 120 123 126 129 132 133
93 92 91 94 94 93 95 98 99 98 100 104 107 107 103 98 94 92 94 98 104 108 116 128 141 147 138 129 125 123 122 121 120 121 121 121 122 122 120 119 120 123 126 126 124 121 118 117 117 118 120 122 122 122 122 122 122 122 124 126 128 129 129 130 130 129 129 130 130 130 131 131 132 132 133 134 136 137 139 143 146 149 147 138 128 123 120 118 119 119 121 124 123 119 115 115
101 102 103 102 101 100 98 97 94 93 100 109 112 109 103 95 90 91 95 102 110 120 129 138 153 155 140 130 125 123 122 121 121 121 120 119 120 120 116 114 115 119 124 126 125 122 119 117 117 119 122 125 127 128 128 126 123 120 120 124 129 131 130 130 130 129 129 129 130 130 130 131 131 132 132 133 134 135 137 139 141 143 141 133 124 118 115 114 118 120 119 119 114 105 102 104
104 104 103 99 100 101 100 97 95 97 104 113 115 109 102 95 92 93 96 106 120 131 139 148 159 157 140 129 125 122 120 120 120 120 120 119 120 121 120 116 114 115 118 122 123 121 118 116 116 118 122 126 129 132 132 129 124 120 121 127 133 133 132 131 130 129 129 129 129 130 130 130 131 131 132 132 133 134 135 136 137 139 139 133 125 121 118 115 117 116 112 108 105 101 102 102
101 102 101 100 103 107 108 108 107 105 109 116 119 114 110 107 103 98 97 109 126 140 150 156 163 155 137 127 122 120 118 118 118 119 119 119 121 123 123 121 117 115 116 119 120 120 118 115 113 115 120 124 128 132 136 135 130 129 129 132 138 137 133 131 130 129 129 129 129 129 129 130 130 130 131 131 132 132 133 134 134 135 136 134 130 127 124 119 116 112 104 97 96 95 93 94
102 103 107 110 113 117 124 131 132 123 116 118 121 118 116 113 113 112 112 121 131 151 159 158 162 147 129 122 119 117 116 115 116 118 120 120 121 122 123 123 120 115 114 116 118 119 116 112 109 110 114 120 126 131 137 139 134 132 131 132 138 138 135 131 130 129 129 129 129 129 129 129 129 130 130 130 131 131 131 131 132 132 132 131 128 125 122 118 112 103 90 86 88 88 87 90
104 107 113 117 120 125 133 143 150 141 130 132 137 140 141 136 133 131 127 127 133 155 157 153 153 136 124 119 117 114 113 112 114 117 119 119 119 120 122 124 124 119 113 113 115 116 114 112 109 108 111 118 127 131 135 135 129 125 124 125 131 135 134 131 129 129 128 128 128 128 128 128 129 129 129 129 129 130 130 130 129 129 128 127 124 119 116 111 102 91 85 87 90 90 90 93
104 107 114 118 119 123 130 141 154 147 136 138 145 149 151 144 139 135 126 118 119 122 115 120 127 124 120 117 114 111 109 109 113 118 120 119 119 120 121 124 127 127 120 116 117 118 117 116 114 114 116 123 132 133 131 129 123 119 119 121 125 130 131 130 129 128 128 128 127 127 128 128 128 128 128 128 128 128 128 128 128 127 126 125 122 118 113 107 100 95 94 95 96 97 97 98
101 104 110 114 115 115 119 129 143 140 130 128 131 133 136 128 127 121 111 96 82 57 50 72 101 113 115 114 112 110 110 112 115 118 120 119 118 119 120 123 127 131 128 123 123 125 126 125 124 124 125 128 135 134 129 128 125 123 122 122 123 127 129 128 128 127 127 127 127 127 127 127 127 127 127 127 127 127 127 127 126 126 125 123 121 118 115 110 106 104 103 103 103 103 103 103
101 102 108 112 110 108 108 114 122 123 116 111 107 106 109 108 106 105 94 62 38 38 46 72 96 108 111 112 112 113 114 114 114 115 117 117 117 118 119 121 126 131 131 127 126 129 131 132 131 130 128 127 130 132 127 125 125 123 122 122 123 125 127 126 126 127 127 126 126 127 127 127 127 126 126 126 126 126 126 126 125 125 124 123 121 119 116 114 111 110 108 108 107 107 107 107
103 104 106 107 104 99 97 99 102 104 103 95 95 102 102 102 103 100 81 44 28 37 56 81 102 112 113 111 111 112 110 107 106 107 111 114 114 116 119 121 124 130 132 128 125 126 127 126 125 122 120 118 121 126 125 122 122 121 121 121 122 123 124 125 125 126 126 126 126 126 126 126 126 126 126 126 125 125 125 125 124 124 123 122 121 119 118 116 114 113 112 111 110 110 110 109
100 100 98 96 96 93 91 89 89 89 85 82 84 88 91 93 93 81 54 36 34 50 78 99 116 121 114 109 107 105 102 101 101 103 106 109 111 114 118 121 124 128 132 129 124 121 119 117 114 112 113 115 118 121 122 121 121 122 123 122 121 121 121 122 124 125 125 125 125 125 125 125 125 125 125 125 125 124 124 124 124 123 123 122 121 120 118 117 116 115 114 113 113 112 112 111
94 91 87 88 90 88 85 83 78 74 72 72 71 78 84 83 74 58 41 36 51 81 102 112 121 114 103 101 99 98 97 98 100 101 105 109 111 114 117 121 124 128 132 132 127 123 121 118 115 115 116 118 120 121 122 122 122 122 123 124 124 123 121 121 122 123 124 125 125 125 124 124 124 124 124 124 124 124 124 123 123 123 122 122 121 120 119 118 117 116 115 115 114 114 113 112
95 91 87 86 85 82 79 78 73 68 67 65 62 67 69 67 65 59 49 58 86 103 106 100 76 75 85 90 91 91 91 93 96 100 105 109 112 113 116 121 126 128 131 134 131 126 123 121 119 119 119 121 123 123 124 125 124 122 123 127 127 126 124 122 122 124 124 125 125 124 123 123 123 123 123 123 123 123 123 123 122 122 122 121 121 120 120 119 118 117 117 116 115 115 114 114
99 96 91 86 82 78 76 75 73 71 69 67 63 60 61 65 75 82 84 96 106 107 93 61 50 63 75 79 81 82 84 88 94 99 104 108 110 112 114 120 127 129 131 134 132 127 123 122 122 122 122 123 124 124 124 125 126 125 125 127 128 126 124 123 124 126 126 126 125 122 121 121 122 122 122 122 122 122 122 122 122 122 122 121 121 120 120 119 119 118 117 117 116 116 115 115
103 100 94 87 82 80 79 77 75 74 73 71 69 68 77 88 94 100 108 108 104 90 60 51 55 62 68 72 74 78 83 89 94 98 103 107 110 112 114 118 125 129 130 133 135 132 128 127 127 126 124 124 125 125 124 125 127 127 126 127 129 129 127 125 124 126 127 126 124 120 117 119 120 120 120 120 120 120 121 121 121 121 121 121 121 121 120 120 119 119 118 117 117 116 116 115
106 103 96 90 86 84 82 80 78 77 76 77 80 88 98 100 98 100 104 101 86 54 47 54 56 58 65 72 77 83 88 91 94 98 102 107 111 113 113 116 121 127 129 132 135 135 131 129 128 127 126 125 126 128 128 128 128 128 128 129 131 132 131 127 125 125 127 127 126 121 117 117 118 118 118 118 118 119 119 120 120 121 121 121 121 121 120 120 119 119 118 118 117 117 116 115
110 106 99 93 89 86 84 81 78 78 80 82 87 94 98 97 93 90 87 77 58 48 53 56 54 58 68 76 82 87 91 92 94 97 100 105 110 113 114 115 120 126 129 131 134 135 132 130 130 129 128 127 127 128 128 129 130 129 128 128 129 131 130 128 126 126 128 130 129 125 119 116 115 115 113 112 114 116 118 119 119 120 121 121 121 121 120 120 119 119 118 118 117 117 116 115
114 110 101 94 89 87 84 81 78 79 81 84 88 93 94 93 88 80 71 62 54 55 58 57 58 66 72 77 82 88 92 94 96 97 98 103 110 116 118 120 123 127 129 131 134 137 136 134 134 133 131 131 130 129 129 129 130 130 128 128 128 129 128 127 126 126 128 131 132 127 121 117 115 114 112 112 113 115 114 115 117 120 121 121 121 121 120 120 119 119 118 118 117 117 116 116
120 114 104 97 92 89 85 82 81 84 88 93 96 97 96 92 85 77 68 60 58 63 64 61 65 71 74 76 82 89 94 99 100 97 97 104 113 120 122 123 125 127 129 131 134 137 138 137 136 135 133 133 134 132 131 130 130 129 128 127 128 129 129 127 127 126 127 131 133 128 122 119 117 118 119 118 118 117 115 114 117 121 122 121 121 121 120 120 119 118 118 117 117 116 116 115
128 121 109 100 94 91 91 94 96 99 104 106 105 100 95 91 85 79 71 62 63 71 75 71 69 72 74 76 82 92 99 103 103 96 98 109 118 123 122 124 127 129 130 132 135 138 141 141 140 138 134 132 133 133 132 132 132 131 129 128 127 128 129 129 128 128 128 130 133 129 123 120 119 118 119 119 119 121 122 120 119 122 123 122 122 121 120 119 118 118 117 117 116 116 115 115
140 131 115 107 104 105 109 113 114 111 107 103 97 89 88 89 89 83 73 69 74 81 84 82 75 73 77 79 81 91 101 104 105 97 103 115 122 123 122 125 131 131 130 134 137 139 143 145 144 141 137 134 133 133 133 133 133 132 131 131 129 128 128 129 128 128 128 129 132 132 126 120 118 118 118 119 120 122 124 121 119 121 123 124 122 121 120 119 118 117 116 116 116 115 115 114
153 142 125 119 120 120 118 116 111 103 94 88 85 83 85 91 95 90 77 78 85 90 91 89 84 79 81 82 84 93 101 104 105 100 104 115 122 122 126 130 133 128 129 135 139 140 143 147 147 144 142 139 137 136 134 133 133 132 133 134 133 130 129 130 127 125 127 128 131 133 128 120 118 120 120 120 120 121 122 120 118 119 123 125 124 122 120 118 117 116 115 115 114 114 113 113
165 152 133 126 122 116 109 101 94 88 85 83 82 85 90 97 104 103 86 84 89 96 100 99 98 92 87 88 89 95 103 105 105 100 103 113 121 125 131 135 133 126 128 134 138 139 143 149 149 146 144 142 140 138 137 136 135 132 132 135 135 131 129 130 128 124 125 128 130 133 131 124 120 121 120 119 118 118 118 118 117 117 120 124 124 122 119 117 115 113 112 112 112 112 112 111
168 154 135 125 116 107 99 94 91 88 84 83 87 93 98 105 113 128 106 89 91 99 110 115 110 104 102 100 96 95 100 106 106 101 106 116 124 130 137 138 135 131 130 133 136 139 143 148 150 148 146 144 143 140 138 138 138 133 131 133 134 131 129 131 131 128 127 128 130 132 131 125 120 119 119 118 117 116 115 116 117 117 119 123 125 123 118 114 111 109 108 108 109 110 110 109
169 154 134 122 113 107 103 100 96 92 88 90 99 106 106 109 120 149 133 106 100 103 116 128 118 109 111 110 104 96 94 102 107 106 111 121 130 135 141 140 137 131 125 130 138 142 143 145 148 148 148 148 147 142 139 140 140 136 133 133 135 134 131 131 132 131 129 130 131 131 129 124 120 118 118 117 117 118 117 116 116 118 120 123 125 124 118 112 106 102 103 107 110 110 109 108
176 161 137 123 115 111 108 106 103 100 98 100 107 114 110 111 125 158 152 131 114 107 113 131 121 112 116 117 112 104 96 97 103 108 114 123 130 135 139 138 134 125 121 127 138 144 143 143 146 147 148 151 151 146 141 141 142 139 135 134 136 137 134 131 133 133 132 132 133 135 133 128 124 122 120 117 118 119 119 117 116 117 120 120 122 123 116 109 105 103 108 114 115 112 109 106
184 171 146 130 123 118 115 112 109 105 106 108 114 118 111 112 128 157 159 141 123 112 114 127 126 123 125 123 118 115 106 97 100 107 114 120 124 129 135 138 132 124 124 129 139 145 146 147 148 148 150 152 153 149 144 142 143 141 137 135 137 140 137 133 134 135 134 134 134 136 136 131 126 124 122 118 118 119 120 118 115 117 121 122 123 125 117 111 110 112 117 121 120 113 106 103
193 179 154 140 131 127 122 117 113 110 113 117 121 120 111 114 131 158 165 148 131 123 125 131 133 133 133 131 126 127 123 108 102 106 114 121 125 129 132 135 132 129 131 134 139 146 150 152 150 150 151 154 155 153 147 143 143 142 139 136 137 140 138 134 134 137 136 134 134 135 135 132 125 123 122 120 117 118 120 120 115 116 122 126 126 129 122 117 117 117 120 123 121 114 108 109
200 183 159 145 135 131 126 123 120 118 119 123 128 125 112 115 131 161 171 157 144 139 138 136 137 139 141 134 126 134 138 125 110 106 113 123 130 134 133 132 132 133 136 137 139 147 152 152 149 149 152 156 159 157 151 145 143 142 141 137 138 140 138 134 134 138 138 135 134 135 135 133 129 124 122 121 118 117 118 118 114 114 121 126 126 129 127 122 120 120 121 123 122 119 117 117
204 187 163 148 136 133 132 130 126 123 122 127 136 132 115 112 126 157 166 158 149 143 140 137 139 143 151 145 135 138 141 131 121 117 121 129 135 139 135 134 138 139 139 139 140 145 149 149 149 151 154 160 164 163 157 149 144 143 142 138 138 141 140 136 136 139 139 136 135 135 136 136 133 128 124 123 121 117 116 117 115 115 121 127 126 128 128 125 122 122 123 124 125 122 119 118
209 195 169 150 139 137 137 133 127 123 120 127 141 136 118 108 116 143 156 154 146 139 135 133 134 139 148 148 146 150 148 143 139 132 133 140 146 148 142 141 145 146 143 140 139 143 149 151 153 155 158 164 167 167 163 153 146 144 143 140 139 141 141 138 139 142 141 139 136 135 135 137 136 132 127 125 125 121 118 119 119 118 122 127 127 127 128 126 123 124 125 127 128 122 118 117
213 202 175 151 141 140 137 131 124 122 118 123 142 138 121 108 112 132 148 149 143 135 130 129 128 130 134 138 143 149 149 149 145 137 137 143 152 156 154 154 156 152 148 143 142 146 149 151 154 157 160 166 169 170 167 157 147 144 143 140 139 140 139 137 139 140 141 140 137 133 133 135 136 134 130 127 126 125 121 119 117 116 120 126 127 127 128 127 125 126 128 130 129 120 116 118
215 206 180 153 143 140 131 125 123 123 119 120 138 144 130 114 111 123 141 145 142 135 129 125 123 123 125 128 133 137 140 142 139 135 134 138 149 155 158 165 167 162 156 152 152 153 153 154 158 160 162 166 171 173 172 161 149 143 143 141 138 140 137 132 128 124 125 131 132 130 131 134 134 134 131 129 127 125 122 118 116 115 120 125 126 128 129 128 126 127 128 131 130 119 117 123
217 205 177 160 155 150 137 128 124 126 122 118 132 149 139 121 111 117 134 144 142 132 125 121 118 119 121 126 128 128 129 129 130 131 131 134 141 145 153 164 168 167 160 156 156 157 158 161 165 165 165 167 171 176 176 166 151 144 143 139 136 136 130 117 104 100 105 116 125 126 128 130 131 131 132 131 129 126 123 120 119 118 121 125 127 130 132 131 128 127 129 133 130 121 120 126
213 197 171 161 159 156 147 136 129 131 125 117 129 149 142 124 109 108 122 133 134 128 123 118 113 113 117 122 123 124 127 128 128 130 129 129 136 137 142 154 162 164 158 151 149 150 154 162 168 168 168 167 172 179 179 169 154 146 143 137 131 124 112 105 107 109 111 117 123 123 123 125 127 129 131 132 131 128 126 125 123 122 125 129 131 134 137 136 131 129 132 137 129 119 120 126
207 190 167 160 155 149 144 137 131 132 126 119 129 150 143 124 108 99 103 115 120 122 119 113 109 110 112 115 120 124 130 131 126 129 129 127 134 136 137 148 158 161 158 150 143 142 145 155 164 168 167 167 175 182 180 170 155 142 136 130 122 115 115 120 123 121 119 120 123 124 122 121 122 125 127 131 132 131 129 130 129 127 129 134 135 137 141 140 133 131 135 139 129 120 122 128
204 187 166 162 155 145 141 136 129 131 126 121 130 148 140 124 109 96 93 103 111 115 117 115 112 108 108 116 124 130 137 133 127 129 129 125 130 136 135 144 155 160 161 152 144 142 144 152 163 167 168 170 178 184 183 177 162 141 130 128 127 128 131 132 130 125 122 120 119 122 120 115 114 118 122 127 132 132 130 130 131 128 129 133 136 137 144 141 132 130 135 140 131 123 126 132
196 183 168 165 158 148 143 138 132 133 128 119 125 138 131 121 112 102 96 101 109 116 118 115 113 114 120 130 135 141 147 137 128 129 129 124 126 135 135 141 151 158 162 153 143 140 143 152 162 166 169 174 182 187 187 183 172 155 143 145 143 137 137 137 132 126 123 120 117 117 118 113 111 113 117 122 127 129 127 126 126 124 124 129 134 139 147 143 134 132 138 142 133 125 128 135
192 180 167 165 159 151 145 139 135 134 129 120 121 133 128 126 123 113 107 106 110 120 128 126 129 135 140 142 146 153 157 144 130 128 129 125 124 130 133 137 145 155 160 155 143 139 143 154 163 168 170 176 184 191 192 187 177 161 149 150 148 141 138 136 130 125 122 119 116 115 116 115 115 115 116 119 123 125 123 122 123 122 122 127 133 143 151 146 137 135 139 142 132 127 131 138
192 179 165 164 160 154 147 139 136 135 133 126 127 134 134 137 137 129 123 122 130 137 142 147 145 144 147 149 152 157 161 151 137 133 131 125 122 125 129 132 137 147 154 154 145 137 141 154 166 171 172 177 187 195 197 191 178 159 147 146 144 140 136 133 127 123 121 119 116 114 113 112 114 116 117 119 122 124 124 125 127 126 125 126 133 146 156 153 146 140 141 141 133 130 134 140
192 179 164 162 159 151 144 138 136 137 137 135 135 137 138 142 142 135 134 137 141 143 145 148 147 143 140 141 148 154 157 152 144 140 136 126 120 121 125 125 128 136 144 150 147 138 138 152 165 169 172 179 191 198 199 194 179 158 145 142 140 137 135 131 127 123 121 119 116 114 110 107 108 112 114 115 119 123 123 125 127 127 128 128 132 144 153 153 151 148 147 143 138 136 136 140
