windninja/windninja_output/Output_2025-08-24_0800-0850_Google earth_Fire_150m_10min/merlingen_7.5mi_point_08-24-2025_0810_150m_ang.asc
ncols	158
nrows	163
xllcorner	391686.332397
yllcorner	5160024.123721
cellsize	150.000000
NODATA_value	-32768.000000
[rows 0 to 41 of 163, columns 0 to 93 of 158]
169 166 161 160 160 161 162 160 159 159 160 161 160 155 147 143 141 139 141 147 153 157 158 160 160 160 159 157 157 159 160 158 157 156 155 155 157 154 151 151 152 152 154 153 152 154 154 153 154 157 160 161 162 164 165 164 161 159 158 158 159 159 158 158 157 158 158 158 157 158 158 158 158 156 155 156 157 155 152 152 154 154 151 150 149 147 145 144 142 141 139 138 139 138
175 170 164 162 161 161 163 161 157 156 158 162 165 163 159 155 153 152 151 152 156 157 158 161 162 162 161 159 157 159 159 159 159 158 156 157 159 158 157 157 156 156 157 157 156 158 158 157 156 156 158 159 160 162 163 163 161 160 159 159 159 159 159 158 158 158 158 158 157 158 159 159 159 157 156 157 159 157 154 155 156 156 153 152 152 149 149 148 147 145 142 141 141 141
180 176 170 167 164 165 167 164 159 156 159 165 169 168 166 162 160 160 157 157 159 159 158 160 163 164 164 162 160 160 160 159 159 159 158 158 160 161 161 161 160 159 159 159 159 160 161 161 161 159 157 158 160 161 161 161 161 161 161 161 160 160 160 160 160 159 159 158 157 158 160 160 159 158 158 159 161 159 157 158 161 160 156 156 155 153 156 156 156 155 150 148 150 151
179 178 176 172 170 170 169 166 163 162 165 169 171 169 165 161 160 161 160 161 161 160 159 160 163 165 167 166 165 165 164 162 160 158 158 159 160 161 161 161 161 161 160 159 160 161 161 163 164 163 162 162 163 163 162 161 160 160 160 161 161 161 161 160 160 160 159 158 157 159 161 161 159 158 158 159 159 158 158 160 163 162 160 160 157 155 159 161 161 162 161 158 157 158
176 178 180 177 174 172 168 164 163 165 170 172 171 168 162 159 159 160 162 163 162 159 159 160 160 163 167 169 169 169 168 167 164 161 160 161 161 161 160 160 161 161 161 161 161 162 162 164 164 165 165 165 164 164 163 162 161 160 160 160 160 161 161 161 161 160 160 158 157 160 162 160 158 158 159 158 156 155 158 162 164 161 160 160 158 156 158 159 159 162 165 164 163 162
178 178 180 180 177 173 168 164 163 168 172 172 170 166 160 157 159 160 162 162 161 158 156 157 157 159 163 167 168 169 169 168 166 166 165 164 163 162 161 161 162 161 160 161 162 162 163 163 164 165 167 167 165 163 163 162 161 160 160 160 160 161 162 161 161 161 161 159 158 162 164 161 158 159 161 161 158 156 158 164 164 159 157 158 158 157 158 154 152 156 160 162 164 164
183 181 179 178 177 174 170 167 168 170 171 170 169 164 158 157 160 163 164 163 161 157 155 153 153 155 158 161 164 166 166 165 165 167 168 166 163 162 162 162 162 161 160 160 161 161 162 163 163 165 167 167 166 165 163 161 160 160 160 160 161 163 164 163 162 162 161 159 159 163 165 163 161 161 163 163 162 161 163 167 164 159 158 158 158 158 157 153 149 148 149 151 156 159
188 185 181 177 175 174 172 172 172 171 169 168 168 165 160 158 161 163 165 165 163 160 158 154 152 153 156 157 160 162 162 161 162 164 164 163 162 162 163 162 162 161 160 160 160 160 161 162 163 165 166 165 166 166 164 161 160 160 159 159 161 163 165 166 165 164 161 159 160 163 164 162 163 165 164 163 162 164 169 169 161 158 159 160 161 161 160 157 153 148 144 144 146 150
190 189 185 180 176 174 174 174 173 170 168 165 165 164 161 161 162 162 164 165 163 162 161 159 156 155 156 156 158 160 158 157 160 162 160 158 160 161 161 161 161 160 160 160 159 159 160 161 162 165 165 164 165 166 163 160 160 160 159 159 160 161 163 165 166 164 161 160 161 164 162 160 162 165 165 163 162 166 172 167 158 156 158 160 162 162 163 162 161 159 156 155 153 154
193 192 189 185 181 178 176 175 172 170 167 164 162 161 160 161 162 161 163 164 163 163 162 162 160 157 156 157 159 159 157 156 159 159 158 158 159 160 161 161 161 160 159 159 158 159 160 160 161 164 164 163 164 163 160 159 159 159 158 159 159 158 159 161 161 160 159 159 163 165 163 160 160 163 165 164 163 166 169 165 160 158 158 157 156 158 160 160 161 164 165 163 159 159
197 195 192 188 185 182 178 175 173 170 167 164 162 160 159 159 160 160 160 161 163 163 163 164 163 161 160 160 160 159 156 156 158 157 156 158 160 161 161 161 161 160 159 159 159 157 158 159 160 161 160 160 161 158 155 154 154 154 154 156 155 152 154 154 152 152 153 156 163 166 163 161 161 164 166 167 164 162 162 161 161 162 162 158 153 153 154 152 155 163 166 161 158 161
200 198 195 191 187 184 180 176 174 171 168 166 163 161 159 157 158 159 159 158 159 161 163 164 164 164 165 162 159 157 156 155 156 155 155 157 160 160 160 160 161 160 160 161 161 159 158 158 158 157 152 151 150 147 144 144 144 146 146 146 141 137 139 141 140 140 144 150 160 161 160 161 162 165 168 169 167 164 160 158 160 163 165 162 157 156 155 151 153 162 162 156 155 159
203 201 198 194 190 185 181 178 175 172 169 167 165 162 159 155 154 156 157 157 156 157 160 163 164 166 166 162 158 156 156 156 155 155 156 158 157 158 158 160 160 160 161 163 162 162 164 163 158 150 144 141 136 129 124 126 131 136 138 130 120 119 121 121 122 124 128 137 149 153 156 159 161 163 165 165 165 164 163 162 161 161 163 161 159 159 158 154 157 163 161 155 155 157
207 205 200 196 192 187 183 180 176 173 170 168 166 165 161 154 150 151 153 155 155 156 158 161 164 167 166 162 160 159 157 155 154 155 158 158 157 157 157 159 159 159 161 161 159 161 166 169 165 156 150 145 140 129 120 118 120 127 137 137 133 133 131 128 124 119 118 123 133 142 150 154 156 158 159 159 159 159 161 163 161 159 158 157 158 160 158 155 158 161 158 153 153 153
210 208 203 199 194 189 185 182 178 174 171 168 167 166 164 159 153 150 150 151 153 155 158 161 164 165 164 163 162 161 159 155 154 156 158 158 159 159 158 158 156 158 158 151 150 154 158 163 166 167 163 159 156 150 145 141 140 146 153 152 149 148 148 149 147 139 134 130 127 132 142 148 150 154 156 156 153 153 156 155 153 153 154 154 156 158 155 154 158 158 151 143 140 141
213 211 206 201 196 192 187 183 179 175 172 169 167 165 164 161 158 156 153 152 154 157 160 163 164 163 163 164 164 163 160 159 159 160 159 157 157 157 158 157 155 159 160 157 158 162 161 158 160 164 166 167 165 162 162 164 164 163 161 155 152 152 154 158 159 153 149 145 140 137 138 138 141 147 153 153 152 153 153 149 148 149 149 149 152 153 150 150 153 154 148 137 135 136
216 214 210 205 199 194 189 185 180 176 173 170 167 164 161 159 159 160 159 157 157 159 161 163 164 163 164 164 165 163 161 160 163 163 161 157 154 155 160 163 164 164 163 164 166 166 166 166 162 158 161 166 165 164 165 169 170 169 164 157 154 154 156 160 160 155 153 151 150 149 143 133 131 138 147 151 155 155 152 149 150 150 148 146 146 144 142 139 137 145 151 150 149 148
220 218 213 207 202 196 191 186 181 177 174 171 167 164 159 156 157 159 160 160 160 160 161 162 162 163 164 163 162 162 161 163 167 170 169 165 163 163 165 166 166 165 163 165 167 166 165 167 165 160 158 161 163 164 166 167 168 169 165 160 156 156 160 162 159 155 154 154 154 154 150 145 139 138 142 147 153 153 148 146 147 147 146 145 143 139 139 141 140 142 147 151 154 154
223 221 216 211 205 199 193 188 183 179 176 172 168 165 161 157 156 157 159 160 161 161 161 160 161 162 163 162 161 160 163 168 172 173 171 168 167 166 165 164 164 165 165 165 167 165 163 162 162 162 159 159 161 164 165 165 165 166 164 161 158 159 162 162 158 155 154 156 156 153 153 154 151 146 144 142 143 141 136 133 134 134 139 146 151 153 155 153 149 146 146 149 151 153
227 225 220 213 207 201 195 190 185 180 177 173 170 166 163 160 158 158 160 161 162 162 162 162 162 163 164 164 163 163 167 172 174 172 169 167 166 166 165 165 166 167 167 168 167 164 162 162 161 160 160 159 159 161 162 163 164 165 163 161 159 159 160 158 156 153 153 156 156 154 156 159 158 156 154 151 145 138 131 133 136 138 145 151 155 156 158 157 152 149 151 154 152 151
231 228 223 217 211 204 198 192 187 182 178 174 171 168 166 164 162 162 162 163 163 163 163 164 164 165 165 166 166 167 171 174 176 173 170 169 168 167 168 168 169 170 169 168 166 163 163 164 163 161 161 161 160 158 158 159 162 163 164 163 162 160 158 157 155 153 154 155 155 156 161 163 161 157 158 161 162 160 156 151 149 150 152 153 155 155 157 157 152 150 155 158 156 153
234 232 226 220 214 207 201 195 189 184 180 176 173 170 168 166 165 164 164 164 164 165 165 165 166 167 167 168 168 170 172 175 175 171 169 169 169 169 170 170 171 171 170 168 165 163 163 164 164 163 162 162 161 159 157 157 158 160 163 165 165 161 157 157 155 153 155 155 155 160 166 167 163 156 156 161 165 166 165 162 158 157 156 155 156 156 158 157 152 152 158 164 162 157
238 236 230 224 217 210 203 197 191 186 181 177 174 172 169 168 167 166 166 166 166 166 166 167 167 168 169 170 171 171 172 173 171 168 167 167 168 170 171 171 172 171 170 168 166 164 164 165 165 164 162 162 162 161 159 158 157 158 162 166 165 160 157 156 154 154 156 157 160 166 170 169 163 157 157 160 164 164 165 165 166 166 163 160 158 157 158 157 154 155 161 168 167 159
242 240 234 228 221 213 206 199 193 187 183 179 176 174 171 169 168 167 167 167 167 167 168 168 169 170 172 173 172 171 171 169 167 166 167 167 168 170 171 171 170 170 170 169 166 164 166 167 166 164 162 162 162 161 160 160 158 159 162 165 163 159 154 152 152 155 158 161 166 171 172 168 160 156 159 164 164 160 160 164 169 171 169 167 162 156 154 153 153 156 163 172 168 159
247 245 239 233 225 217 209 202 195 189 184 180 177 175 173 171 169 168 168 168 168 168 169 170 170 172 175 176 173 170 169 167 165 167 169 170 171 170 169 169 169 169 170 167 164 166 169 169 167 164 162 162 161 161 161 161 160 161 163 163 160 155 151 150 152 155 159 165 171 173 169 161 155 156 163 169 165 156 155 160 165 169 172 173 168 159 153 149 149 154 165 175 168 160
252 250 244 238 229 220 212 204 197 191 186 182 178 176 174 172 171 170 169 169 169 169 170 170 172 175 179 180 176 172 170 167 165 166 169 172 174 172 168 167 167 167 166 163 164 170 172 170 168 166 164 162 160 159 159 161 164 166 166 161 155 150 150 153 158 161 164 172 176 173 162 153 152 158 168 175 168 155 152 156 160 164 170 174 171 166 161 157 152 154 165 173 170 164
257 255 250 243 234 224 214 206 199 192 188 184 180 177 175 173 172 171 171 170 170 170 170 171 173 177 181 181 178 176 174 169 164 163 165 171 174 173 169 167 167 166 163 162 166 172 173 171 168 167 167 165 161 158 157 162 169 172 168 161 151 146 148 156 165 169 174 179 179 169 156 151 154 160 170 176 171 160 153 152 154 159 165 168 168 168 169 167 160 158 163 168 167 166
262 260 255 249 240 229 218 209 200 194 190 185 181 178 176 174 173 172 172 171 170 170 171 172 174 177 180 180 180 181 180 174 168 165 163 166 170 170 169 168 167 164 162 163 167 171 173 173 170 168 169 168 165 161 159 165 174 173 166 159 151 146 148 156 165 173 180 182 175 162 153 153 157 163 171 175 170 162 157 153 151 154 159 160 160 164 171 171 166 164 165 164 162 163
268 266 261 254 245 233 221 211 202 196 191 187 183 180 177 175 174 173 172 172 171 171 172 172 174 176 177 177 179 183 184 180 175 171 167 166 167 168 168 169 168 165 165 165 167 170 172 173 172 169 169 168 167 164 164 170 174 170 162 155 151 151 156 162 168 174 180 179 166 156 153 157 163 168 174 173 165 160 159 156 151 152 153 153 153 158 166 167 165 166 167 163 158 157
273 272 268 261 251 239 225 214 204 197 192 188 184 181 179 177 175 174 173 172 172 172 172 173 173 174 173 173 177 181 183 183 182 175 169 168 170 169 167 168 168 167 168 168 168 171 171 171 170 170 171 170 168 168 170 174 173 166 159 152 149 154 164 170 172 174 176 172 159 151 152 160 169 174 176 171 164 160 158 155 152 151 150 149 150 155 160 159 160 166 169 165 158 153
279 278 274 267 257 244 229 216 205 198 193 189 186 183 180 178 176 175 174 173 172 173 172 172 173 171 170 171 175 178 181 183 181 173 168 170 171 168 166 167 167 167 170 170 171 172 170 167 165 168 172 170 170 171 174 178 175 163 155 149 149 157 168 174 173 169 169 164 152 147 149 159 168 171 173 170 167 165 161 157 154 153 150 149 152 156 157 157 158 163 168 167 160 149
284 283 280 273 263 250 232 217 207 199 194 190 187 184 182 179 177 176 174 173 173 173 172 172 172 171 170 172 176 181 182 179 175 170 168 171 170 165 164 166 167 168 169 169 171 171 166 162 161 165 167 167 169 172 176 181 177 163 152 147 151 164 174 177 169 163 164 160 150 146 151 158 160 163 167 169 169 168 164 161 161 161 155 151 150 151 151 152 155 158 161 164 161 149
288 288 286 279 269 255 235 219 208 200 195 192 188 185 183 181 179 177 175 173 173 172 172 172 171 170 170 172 177 180 178 174 172 170 168 169 167 162 161 166 168 169 169 168 169 168 163 160 163 164 163 164 166 169 176 179 173 166 157 149 154 168 178 177 167 161 161 158 152 151 157 159 158 162 167 169 169 168 165 163 166 168 161 154 150 147 146 149 153 155 156 157 156 150
293 293 291 286 276 259 237 220 209 201 196 193 189 187 185 182 180 178 176 174 173 172 171 171 171 170 170 172 173 173 172 171 172 172 169 166 164 161 163 168 169 170 170 169 169 166 162 163 165 164 163 163 163 165 172 172 167 164 161 158 159 167 175 174 168 164 160 154 151 153 159 161 161 165 168 168 167 166 165 167 173 174 166 158 155 155 155 155 157 160 160 157 152 148
299 299 297 292 282 264 240 221 210 203 198 194 191 188 186 183 181 178 177 175 173 172 171 170 170 171 171 171 170 168 167 168 172 172 170 167 164 164 167 170 172 173 172 171 169 164 162 165 165 163 163 163 162 164 165 164 160 158 159 162 164 169 172 171 168 167 162 153 148 150 158 164 165 168 168 165 164 161 161 168 176 177 172 164 160 160 161 160 161 163 163 160 154 149
305 305 304 298 288 268 240 221 211 204 199 195 192 190 187 184 181 179 177 175 173 172 171 170 169 170 171 171 171 168 165 166 168 168 169 171 171 169 170 173 176 177 176 173 170 166 165 166 165 165 166 165 166 166 164 161 159 157 156 158 162 167 169 167 167 168 164 156 149 148 157 164 166 168 165 163 162 158 155 160 169 175 175 171 165 161 161 163 165 164 161 159 154 150
311 311 309 304 293 270 241 223 212 205 201 197 194 191 188 185 182 180 178 175 173 173 171 170 169 169 170 172 173 169 164 163 163 164 167 173 176 176 177 179 180 179 176 174 170 168 169 168 166 167 167 166 167 167 164 163 163 163 161 159 160 164 166 164 163 165 163 157 152 153 159 161 161 162 162 163 164 163 160 156 159 168 174 175 170 162 158 162 165 162 159 157 154 150
318 318 316 311 298 272 242 224 213 207 203 199 195 192 189 186 183 180 178 176 174 173 172 171 170 170 170 172 172 166 163 162 161 163 167 172 180 186 186 184 181 178 175 173 170 169 170 169 170 170 166 165 167 167 164 164 166 167 166 163 163 165 165 163 161 159 156 154 157 164 166 159 155 157 164 166 164 167 167 162 161 164 170 173 170 164 161 161 161 160 158 156 153 150
324 325 323 318 303 275 244 226 215 209 205 200 196 193 190 186 183 180 178 176 174 173 172 171 170 169 169 169 166 162 161 161 161 164 167 175 188 193 188 183 180 176 173 172 171 170 170 170 173 171 168 167 169 169 166 164 167 169 169 167 168 170 170 168 164 157 150 150 160 170 167 159 158 163 171 167 161 166 170 170 168 168 168 168 165 166 168 164 160 160 160 157 149 147
333 332 331 324 309 279 247 229 218 210 206 201 197 194 190 187 183 180 178 176 174 173 172 171 170 169 168 165 162 160 160 160 161 164 169 181 190 188 185 183 179 175 171 170 171 171 170 170 171 170 168 167 168 170 168 167 168 169 170 169 172 177 180 176 168 160 150 151 162 164 159 158 162 172 176 163 160 168 171 172 176 176 171 163 158 162 166 164 161 161 163 158 147 146
345 342 340 333 317 288 255 234 221 212 207 202 197 194 190 187 183 180 178 176 174 173 172 171 170 168 167 164 162 161 159 159 160 163 172 183 185 182 182 182 180 175 171 170 170 171 171 171 170 170 168 165 164 165 167 169 169 169 168 169 174 182 187 181 171 162 154 156 161 158 157 160 165 173 169 158 162 171 170 172 180 182 176 166 160 159 161 164 163 162 163 157 150 149
2 357 353 346 330 302 265 238 223 213 207 202 197 193 190 186 183 180 177 175 174 173 172 171 169 168 167 165 164 162 160 160 161 165 174 181 181 179 177 177 176 173 173 173 170 169 170 172 172 171 167 164 163 162 163 166 168 169 168 171 177 183 184 180 174 165 159 160 160 160 164 166 165 167 161 156 165 174 173 173 178 178 174 169 163 161 164 168 166 163 160 156 154 153
