windninja/windninja_output/Output_2025-08-24_0800-0850_Google earth_Fire_150m_10min/merlingen_7.5mi_point_08-24-2025_0820_150m_ang.asc
ncols	158
nrows	163
xllcorner	391686.332397
yllcorner	5160024.123721
cellsize	150.000000
NODATA_value	-32768.000000
[rows 0 to 41 of 163, columns 0 to 93 of 158]
271 279 293 304 311 317 323 323 322 323 324 323 320 312 305 303 301 300 300 303 306 298 281 271 267 265 258 244 233 227 223 220 219 214 210 211 212 211 209 204 200 199 199 199 197 197 197 193 186 185 186 186 186 187 188 189 188 188 187 186 185 186 186 185 184 184 185 186 186 185 184 185 185 184 183 184 186 187 185 183 184 185 185 186 186 185 184 185 186 184 185 184 184 184
278 284 297 306 311 316 321 323 321 322 324 326 326 321 314 309 308 307 306 305 307 303 290 276 267 262 254 243 236 231 226 222 217 213 209 210 209 205 202 199 197 196 196 195 193 193 193 189 184 184 185 185 186 188 189 189 188 187 187 186 185 186 185 184 184 184 185 186 186 185 184 185 185 184 183 185 187 187 184 183 185 186 186 187 188 185 183 185 187 186 185 185 185 185
282 286 296 304 308 313 318 320 320 322 325 329 332 329 321 315 312 311 308 305 304 304 298 281 265 256 247 240 236 230 225 220 215 210 207 205 203 200 198 196 194 193 192 190 189 188 188 187 186 184 184 185 187 189 189 188 186 186 186 187 186 184 184 184 184 184 185 186 186 185 185 185 184 183 183 185 187 187 185 184 186 188 187 188 188 185 183 186 189 189 187 185 185 185
286 288 296 304 308 314 319 320 322 325 329 334 335 331 325 317 314 312 308 304 301 299 296 284 264 250 239 232 226 221 219 216 212 207 203 200 199 198 197 194 191 189 188 187 187 186 185 187 187 186 184 185 187 188 187 186 185 185 186 186 185 184 184 184 184 184 184 186 186 186 186 185 184 184 184 185 185 186 187 186 186 188 189 188 187 185 182 184 186 187 188 187 184 184
289 291 297 303 308 314 319 320 323 327 331 335 336 333 326 319 315 313 308 302 298 294 292 284 264 246 233 224 217 213 211 209 207 202 199 198 197 196 193 189 187 186 185 185 185 185 185 186 187 187 187 187 187 187 187 187 186 185 185 185 185 185 185 185 184 184 184 186 186 187 187 186 185 185 185 185 184 184 187 188 187 187 188 187 186 186 182 179 180 183 186 187 184 182
290 293 298 304 309 314 318 319 322 327 331 334 336 333 326 322 318 314 309 303 297 292 291 286 269 250 234 223 215 209 206 203 201 199 197 196 193 190 188 186 185 184 183 184 185 186 186 186 186 187 189 189 188 188 188 187 186 185 184 184 185 185 185 185 184 184 184 185 186 187 188 188 185 184 185 186 185 184 186 190 191 187 185 186 186 187 184 176 173 176 179 181 182 180
292 294 299 305 309 314 317 320 323 327 331 333 336 334 327 324 321 317 313 307 299 292 290 289 275 255 237 224 214 206 202 200 198 197 196 192 189 187 186 186 185 184 184 185 186 187 187 187 187 187 189 189 189 188 188 187 185 184 183 183 183 183 184 185 185 184 184 185 186 187 187 187 185 183 184 186 187 186 187 191 191 186 184 185 186 188 186 179 171 168 168 171 176 177
293 295 300 305 308 312 315 319 324 327 330 333 336 335 330 327 326 323 318 312 303 294 287 283 274 255 237 223 211 204 200 198 197 196 193 190 188 187 188 187 187 187 187 187 187 186 186 186 187 188 188 188 188 189 188 186 184 183 182 181 180 182 184 186 186 186 184 184 185 185 185 185 186 186 185 185 187 189 191 191 189 185 183 184 186 188 186 182 176 168 162 164 169 173
295 296 301 305 308 311 314 319 324 327 330 333 335 336 333 331 330 327 323 318 308 297 287 280 273 256 235 221 210 203 200 196 195 194 192 190 189 190 190 190 190 189 188 187 187 186 186 186 186 187 187 187 187 188 188 185 183 182 181 180 180 181 182 185 187 187 184 183 184 185 185 185 187 188 187 186 188 192 193 191 188 184 180 181 182 183 184 183 179 175 172 171 171 172
296 297 301 306 310 312 315 320 324 327 330 332 335 336 334 334 333 331 328 324 316 305 293 282 270 254 232 218 208 201 198 194 192 193 192 191 191 191 191 191 191 190 188 187 187 186 186 186 186 185 186 187 186 185 185 184 182 182 182 183 184 182 181 183 186 185 183 182 184 188 188 187 187 188 189 189 190 192 190 188 186 184 180 176 176 177 179 178 177 177 179 177 174 174
298 299 303 307 311 315 318 322 325 328 331 333 335 336 336 335 335 334 332 328 323 314 301 286 268 247 225 214 207 200 198 195 192 192 193 192 192 192 191 190 190 189 188 188 188 187 185 187 187 186 185 186 185 183 183 185 185 185 187 188 188 184 182 181 180 180 180 182 186 190 191 188 187 188 190 193 193 189 183 181 183 185 184 178 173 172 172 172 173 178 181 178 174 175
299 301 304 308 312 316 319 323 327 329 332 334 336 338 338 336 336 337 336 332 328 320 308 293 274 251 229 216 209 203 200 198 194 192 192 193 193 192 190 189 190 190 189 189 190 189 188 189 192 191 187 187 186 185 187 190 192 193 194 196 196 192 183 175 172 173 176 182 186 187 187 187 187 187 189 190 189 185 179 176 180 184 184 181 174 172 172 171 172 177 180 178 175 176
300 302 305 309 313 317 320 324 327 330 332 335 338 340 339 336 336 338 338 336 333 328 317 303 283 256 234 221 213 207 202 198 194 192 193 194 193 190 189 189 190 189 189 190 191 193 195 198 202 200 195 195 195 198 199 198 199 201 206 212 213 203 184 164 158 162 168 174 177 178 182 186 186 184 182 182 183 182 180 178 179 180 181 179 176 175 176 175 175 177 179 180 178 176
301 303 306 310 314 318 321 325 328 331 333 336 339 342 342 338 336 337 339 339 337 334 325 311 288 259 237 224 214 207 203 199 195 193 193 194 192 190 189 189 190 192 194 196 199 201 202 203 205 205 204 203 203 207 211 208 204 207 210 211 206 196 185 174 165 159 156 154 155 164 176 181 182 179 176 176 178 179 181 181 179 177 177 178 179 179 178 178 180 179 179 182 182 180
302 304 308 311 315 319 322 326 329 332 335 337 340 344 345 343 340 339 340 340 340 338 331 317 295 267 242 226 215 209 206 202 197 194 192 192 192 192 192 193 197 203 209 212 210 210 206 199 199 203 204 201 200 201 202 201 197 195 195 195 194 188 183 183 183 178 169 158 145 146 161 172 174 175 176 176 175 178 182 180 175 173 175 178 182 182 180 183 186 185 184 187 192 191
304 305 309 312 316 319 323 326 329 333 335 338 341 343 345 345 344 345 344 343 343 343 337 326 305 274 245 226 216 209 205 201 196 195 193 194 197 200 203 206 210 212 211 207 202 201 200 195 194 199 199 196 192 191 192 195 195 190 187 187 187 185 183 184 186 184 178 172 165 152 148 155 164 172 176 175 177 182 182 176 172 172 175 179 184 187 188 191 195 196 195 196 198 198
305 306 310 313 317 321 324 327 330 333 336 339 341 343 344 344 346 349 350 349 348 348 344 333 314 283 247 223 214 208 203 201 200 201 203 206 207 209 209 209 206 201 197 198 197 196 197 197 192 189 191 191 188 188 190 194 196 192 185 183 184 184 185 185 185 185 182 177 175 170 157 147 151 161 169 174 179 181 177 174 175 178 179 184 191 198 203 207 204 196 192 192 194 194
306 308 311 315 318 322 325 328 332 335 337 340 342 343 343 343 346 350 352 353 352 351 348 338 320 287 247 225 215 210 207 206 205 207 208 207 204 202 200 199 197 195 195 197 198 196 194 193 190 186 185 186 188 190 192 194 195 192 185 183 184 186 187 185 183 183 183 180 179 178 171 162 156 156 160 169 175 176 175 178 184 186 187 194 203 209 212 208 198 185 182 188 192 192
307 309 312 316 319 323 326 329 333 336 338 341 343 344 345 345 346 350 353 355 356 354 350 341 322 290 251 229 219 214 211 209 206 205 205 204 202 199 198 197 197 197 198 197 197 196 192 188 188 189 187 186 188 190 191 190 190 190 186 184 185 188 188 185 182 181 183 184 183 179 174 171 168 165 162 161 166 172 180 191 194 194 195 197 198 199 199 196 192 185 177 181 188 189
308 310 313 317 321 324 327 330 333 336 339 342 344 346 347 347 349 351 354 356 356 355 352 345 328 296 257 232 220 214 210 208 207 206 206 206 204 200 197 196 196 196 196 196 195 193 190 187 188 191 191 188 187 187 186 186 188 189 188 186 187 191 190 185 182 181 183 185 181 177 175 176 176 176 173 170 173 181 192 196 194 191 188 187 189 192 194 194 193 188 180 178 184 187
310 311 315 318 322 325 328 331 334 337 340 342 345 347 349 350 352 354 355 356 357 356 354 348 332 302 259 231 219 213 209 207 206 205 203 202 200 196 194 194 194 195 196 195 193 191 191 191 190 190 191 190 187 183 182 184 186 188 189 189 191 192 190 184 182 181 181 181 178 177 180 181 181 179 177 178 182 187 191 191 188 186 186 184 184 188 192 194 193 188 182 179 184 188
311 313 316 319 322 326 329 333 336 339 341 344 346 348 350 352 354 355 356 357 357 357 356 351 336 305 257 229 219 213 208 204 203 200 197 196 196 195 193 194 195 196 196 194 193 193 193 192 190 189 190 189 187 184 183 183 184 185 189 192 192 192 189 184 181 178 177 177 177 181 185 187 185 181 178 177 180 185 190 191 189 188 189 185 182 185 189 191 189 186 184 182 184 188
312 314 317 320 324 327 331 334 337 340 342 345 348 350 352 354 355 357 358 359 359 358 357 353 338 307 257 228 218 212 206 201 199 198 196 196 197 197 196 195 195 195 195 195 196 194 191 190 189 189 190 189 189 187 184 183 183 183 187 192 192 190 188 183 177 175 175 177 182 188 190 189 187 183 178 174 176 181 186 190 192 193 192 189 183 181 184 185 186 186 185 184 186 188
313 315 318 322 325 329 332 335 338 341 343 346 349 352 353 355 356 358 359 360 0 359 359 355 342 308 254 227 218 212 206 200 198 199 199 199 199 200 198 196 194 194 195 196 194 190 190 191 191 190 190 190 189 188 185 183 183 183 185 189 191 190 186 178 173 174 177 182 189 194 194 191 186 181 179 178 176 176 180 187 193 195 194 193 187 180 177 179 184 187 187 187 187 188
315 316 319 323 326 330 333 336 339 341 344 347 350 353 355 356 358 358 360 1 1 1 360 357 344 308 249 226 220 215 208 202 200 200 200 201 201 200 198 195 193 193 193 192 191 191 193 194 193 191 191 190 188 187 186 185 184 185 185 186 189 188 182 175 173 176 182 190 197 200 197 189 181 179 182 185 180 173 174 182 189 192 194 195 192 184 176 176 181 186 189 190 189 188
316 317 320 324 327 331 334 337 340 342 345 348 351 353 356 358 359 360 1 2 2 2 1 357 347 303 236 223 222 218 211 206 201 198 198 200 201 201 198 194 192 191 189 189 191 194 196 195 194 192 191 191 189 187 185 184 186 189 190 187 184 179 176 177 180 182 187 195 201 202 194 181 176 180 185 189 187 177 170 175 181 186 190 193 193 188 182 180 182 185 187 187 188 189
317 319 322 325 328 332 336 338 341 344 347 350 352 354 356 358 360 1 2 3 3 2 1 358 349 296 226 221 222 219 214 209 205 199 196 197 199 200 198 193 191 189 187 188 192 193 195 195 193 191 192 192 191 187 182 182 188 194 193 186 177 171 173 180 188 191 193 197 200 197 186 177 176 181 185 188 190 185 171 167 172 179 185 188 189 189 186 186 187 186 184 181 184 188
319 320 323 327 330 334 337 339 342 346 348 351 353 355 357 359 0 2 3 4 3 3 2 360 351 289 220 217 218 216 215 213 209 203 198 196 196 199 198 194 190 188 186 187 189 189 191 194 194 191 190 191 190 186 182 182 189 193 189 181 175 172 175 184 192 196 198 198 196 190 183 180 180 182 185 186 188 188 180 168 167 173 179 181 183 187 189 190 191 191 186 178 177 184
321 322 325 328 331 335 338 340 344 347 349 352 354 356 358 359 1 2 3 4 3 3 2 0 352 273 213 211 212 212 213 214 210 206 201 195 194 196 196 192 189 187 186 186 186 187 189 192 194 190 187 188 189 188 186 184 185 187 185 179 175 178 183 187 192 197 198 196 190 184 182 183 184 186 187 185 184 188 187 177 167 168 173 176 180 187 191 191 192 194 191 181 174 176
322 323 326 330 333 336 339 342 345 348 350 353 355 357 358 360 1 2 3 4 4 3 3 360 348 245 208 206 205 205 208 210 209 205 197 190 189 191 192 189 186 185 185 186 185 185 187 188 189 187 186 186 188 190 189 186 183 184 184 180 177 183 191 194 195 197 194 191 186 181 180 186 190 192 190 185 182 187 192 185 171 165 168 174 181 188 190 187 189 193 194 188 177 171
324 325 328 332 335 337 340 344 347 349 351 354 356 358 359 0 1 2 3 3 4 3 2 358 342 233 207 204 202 203 205 208 206 201 193 187 186 188 188 185 183 183 184 186 186 185 184 182 182 185 186 186 189 193 193 191 187 184 183 183 182 187 197 202 201 195 189 186 184 181 182 190 195 192 187 183 183 188 192 189 178 169 168 173 180 183 183 183 186 191 195 195 187 174
326 327 330 334 336 339 342 345 348 350 352 355 357 358 360 1 2 2 3 3 3 2 0 355 331 232 208 203 202 205 208 207 203 199 193 186 185 185 184 184 183 184 185 186 186 185 183 180 181 186 187 188 191 196 197 195 192 188 185 186 188 191 199 204 201 192 185 183 184 186 188 191 188 184 182 182 184 187 190 191 186 179 174 173 175 178 179 183 188 193 197 199 197 186
328 329 332 335 337 341 344 347 350 351 353 356 357 359 360 1 2 2 2 2 1 359 357 350 307 225 205 200 199 201 203 202 200 200 195 186 182 183 183 185 186 186 186 186 186 185 183 183 186 189 189 189 191 195 198 194 191 191 190 191 193 193 196 200 199 191 181 179 184 189 189 184 180 179 180 182 183 185 189 192 192 188 182 176 176 177 180 186 192 196 198 200 199 192
330 332 335 337 339 343 346 349 351 352 354 356 357 359 0 1 2 2 1 360 358 355 352 340 286 224 206 199 194 194 196 198 199 200 197 185 179 182 185 187 188 188 187 188 188 187 186 188 190 191 191 191 191 194 197 193 188 189 193 196 195 190 189 193 197 194 183 175 180 187 186 181 180 181 181 180 180 181 186 192 197 195 190 182 178 181 186 187 190 194 197 197 194 188
333 335 338 339 341 345 348 351 353 354 354 356 357 359 0 1 1 0 360 358 356 351 344 325 273 224 207 200 194 192 194 198 198 198 196 187 179 183 187 188 189 190 191 192 192 190 190 192 193 192 193 193 194 195 195 193 188 186 193 199 198 191 185 187 195 197 191 178 173 178 183 184 185 185 182 179 177 177 181 191 198 197 194 190 183 182 188 189 188 191 194 192 188 182
335 337 340 342 345 348 351 352 354 355 355 356 357 358 359 360 359 358 357 355 352 346 335 308 256 222 207 201 198 196 196 196 195 193 194 191 186 185 189 191 193 195 196 195 194 193 192 193 192 193 194 194 195 194 192 190 189 188 192 200 202 195 184 182 190 197 195 183 172 172 182 189 190 189 184 179 177 177 181 188 194 196 198 198 193 184 184 189 189 187 187 186 185 183
339 340 342 345 348 352 353 354 355 356 356 356 357 358 358 358 357 356 354 351 347 339 324 293 250 223 209 203 202 200 196 192 190 190 193 194 192 191 194 197 198 198 197 196 194 193 192 192 192 193 193 193 193 192 189 189 191 192 193 198 202 196 185 179 184 192 194 186 178 178 187 194 194 187 182 180 180 184 187 185 187 195 200 203 202 188 179 185 188 184 182 183 184 185
342 343 345 347 351 354 355 355 356 356 356 356 357 357 356 355 354 353 351 347 340 330 312 281 248 225 212 204 201 199 193 189 189 191 193 194 195 197 200 200 199 197 195 194 193 193 192 192 193 194 192 190 190 191 189 188 190 193 194 195 198 196 187 179 179 187 191 189 186 189 193 192 186 180 181 183 181 183 189 189 186 190 196 201 201 193 180 180 183 182 180 181 183 181
346 347 349 352 354 356 357 357 356 356 355 356 356 355 354 353 351 349 346 341 334 322 302 274 247 225 212 203 198 197 193 190 190 190 192 194 198 202 202 200 197 195 193 192 193 192 190 190 191 192 190 187 188 191 190 186 186 190 191 192 194 195 191 185 182 184 189 191 193 195 191 183 180 182 187 186 178 178 187 193 190 188 192 194 196 195 187 179 179 181 182 182 179 178
351 352 354 356 357 358 358 357 356 355 354 355 355 353 352 350 348 345 341 334 326 313 293 267 244 226 214 205 200 199 196 191 189 189 192 195 197 198 199 198 197 194 191 189 190 191 189 188 188 189 189 186 184 186 187 184 182 184 187 188 191 195 198 194 186 185 189 194 195 190 182 179 183 190 191 183 176 176 183 192 194 193 192 191 193 195 189 180 177 181 184 183 179 180
358 358 358 359 359 360 359 357 356 355 354 354 353 351 349 347 344 341 335 328 318 305 286 263 243 228 217 209 204 201 197 192 188 188 193 195 194 193 195 196 196 193 189 187 188 189 189 187 185 188 189 184 178 179 183 184 182 182 185 188 193 199 204 202 191 186 191 195 191 183 179 184 191 192 186 178 176 177 179 188 195 197 195 192 193 192 185 180 178 181 183 183 185 189
6 5 3 2 2 1 359 358 356 355 354 352 350 348 347 345 341 336 330 322 312 298 279 260 243 229 220 213 206 201 197 193 189 189 191 192 192 192 191 191 190 189 189 188 186 184 185 185 185 186 186 183 177 175 180 185 185 185 188 194 199 201 203 202 196 188 189 191 186 182 186 191 190 184 177 175 177 180 181 188 195 194 193 192 189 185 184 184 183 181 180 183 192 196
