windninja/windninja_output/Output_2025-10-23_1700-1750_Google earth_Fire_150m_10min/merlingen_7.5mi_point_10-23-2025_1720_150m_ang.asc
ncols	158
nrows	163
xllcorner	391686.332397
yllcorner	5160024.123721
cellsize	150.000000
NODATA_value	-32768.000000
[rows 84 to 125 of 163, columns 0 to 93 of 158]
281 287 295 291 285 284 285 284 282 285 289 291 288 285 284 284 285 284 286 288 290 291 292 293 298 301 297 295 294 293 292 292 290 288 285 283 283 283 284 285 288 291 292 293 293 293 295 296 296 296 297 298 300 300 298 296 294 294 294 294 294 294 294 294 294 294 294 294 294 295 295 296 297 298 300 301 304 308 314 324 341 349 340 319 303 298 294 289 288 286 283 279 275 272
272 273 275 275 273 271 267 265 271 280 286 288 286 284 282 283 283 283 284 286 288 290 292 294 298 301 298 294 294 294 293 292 291 289 286 285 284 283 284 286 289 291 291 291 290 289 289 290 291 292 292 292 292 294 295 295 294 294 294 294 294 294 294 294 294 294 294 294 294 295 295 296 297 298 299 301 303 307 313 323 340 349 344 323 302 296 292 288 287 285 283 280 276 273
270 269 268 268 266 261 258 262 272 282 286 286 284 283 281 280 280 279 280 282 284 285 288 292 298 304 302 297 295 294 293 292 293 294 292 289 287 285 285 287 290 292 292 290 288 288 287 287 288 290 291 290 289 290 292 293 293 293 294 294 295 295 295 295 294 294 294 294 294 294 295 295 296 297 299 300 302 306 311 320 335 343 340 320 301 293 290 287 285 283 281 280 280 280
270 268 265 265 264 262 264 271 277 282 284 282 283 283 278 277 275 273 274 277 281 283 286 294 305 313 308 302 297 294 294 292 293 295 294 291 290 288 286 286 289 292 293 290 288 286 286 286 287 288 289 290 290 289 290 291 292 293 294 295 295 295 295 295 295 294 294 294 294 294 294 295 296 297 298 299 301 305 310 317 329 336 333 318 300 292 288 285 283 281 281 283 286 286
272 271 271 273 273 272 273 276 277 277 279 282 284 284 280 275 270 269 272 276 282 286 295 306 319 325 313 303 297 294 293 292 292 292 292 291 291 288 285 284 286 289 293 293 290 287 286 285 285 286 289 291 292 291 290 290 290 292 293 295 296 297 296 296 295 294 294 294 294 294 294 295 295 296 297 299 300 303 307 313 320 327 326 314 301 291 285 282 282 282 284 287 286 280
279 280 281 280 278 277 276 274 272 270 277 286 288 286 280 271 266 268 273 280 288 297 306 315 330 332 314 302 297 294 292 291 291 291 290 291 292 290 285 282 282 285 289 293 292 289 285 283 284 287 289 292 295 296 295 293 290 288 290 296 299 299 297 296 295 294 294 294 294 294 294 294 295 295 296 298 299 301 304 308 313 319 319 310 299 291 285 281 282 285 285 284 277 269
282 283 281 277 277 279 278 274 271 272 280 289 290 284 277 271 268 269 273 283 298 309 316 324 335 332 311 300 295 292 290 290 290 290 289 289 291 292 289 284 282 283 285 289 291 289 285 283 283 286 289 293 297 300 299 294 288 287 291 299 304 303 299 297 295 294 294 294 294 293 294 294 294 295 296 297 298 299 301 304 308 312 315 309 301 296 292 287 286 286 282 275 269 265
279 279 277 276 280 284 284 283 281 280 284 290 292 287 283 279 276 272 273 286 304 318 326 330 337 326 305 296 292 289 288 288 288 290 289 289 290 293 294 290 284 282 283 286 289 289 286 283 281 283 288 293 297 301 303 299 295 295 297 301 307 305 300 297 295 294 294 293 293 293 293 293 294 294 295 296 296 298 299 301 304 307 310 309 305 301 298 292 289 284 276 266 265 264
279 280 283 285 287 292 299 305 304 293 288 291 292 290 287 285 286 285 287 296 307 328 333 327 328 310 296 290 288 287 286 286 287 289 290 290 290 291 293 293 288 281 280 283 286 287 285 281 279 280 285 291 297 301 306 306 302 300 298 297 303 305 301 297 295 294 294 293 293 293 293 293 293 294 294 294 295 296 297 299 300 302 305 306 303 300 296 292 286 277 264 261 264 264
281 284 289 292 294 299 307 317 323 310 298 300 305 308 309 304 304 303 301 301 305 322 317 306 304 294 289 287 285 284 283 284 286 289 290 290 289 290 292 294 292 285 278 279 283 284 283 281 280 279 282 290 299 302 306 306 300 295 291 290 294 300 299 296 295 294 293 293 293 292 293 293 293 293 293 293 294 295 296 296 297 298 299 300 298 294 291 286 278 268 261 262 265 265
281 284 289 293 295 298 304 315 328 318 305 305 313 318 320 312 308 305 298 288 279 257 240 251 271 283 285 284 282 280 279 281 285 290 291 290 290 290 292 294 296 294 285 280 281 282 284 284 283 283 287 294 303 304 302 302 296 291 289 288 290 294 296 295 294 294 293 292 292 292 292 292 292 292 292 293 293 293 294 294 295 295 296 296 294 291 288 282 275 269 267 268 268 268
279 280 286 290 290 291 293 303 317 313 302 297 298 298 302 296 294 289 280 264 244 227 224 237 261 277 281 280 279 277 278 283 287 290 292 291 290 290 291 293 297 300 294 286 285 287 289 291 291 293 295 297 302 302 299 298 297 294 292 290 290 292 294 294 294 293 292 292 292 292 292 292 292 292 292 292 292 292 293 293 293 293 293 292 291 289 287 282 278 275 273 272 271 271
279 279 284 287 285 282 281 287 296 298 291 283 276 274 278 279 277 277 266 238 220 221 228 247 266 276 279 279 278 280 283 285 285 286 289 290 289 290 291 293 297 302 300 294 291 292 294 296 298 297 295 291 292 297 295 294 295 294 293 292 291 292 294 294 293 293 293 292 292 292 292 291 291 291 291 291 291 291 291 292 292 291 291 290 289 288 285 283 281 278 276 275 274 273
281 281 282 282 277 272 269 269 274 278 277 269 265 269 272 274 276 273 255 226 214 222 238 258 275 282 281 279 279 282 282 280 278 279 283 286 287 289 292 294 297 302 304 299 294 294 293 293 293 290 285 282 284 290 291 290 291 291 291 291 291 291 292 293 293 293 293 293 292 292 291 291 291 291 290 290 290 290 291 290 290 290 290 289 288 287 285 283 281 280 278 277 275 275
279 278 275 273 271 267 263 261 261 261 258 257 260 264 267 269 269 259 236 222 219 232 254 273 287 288 280 277 277 277 276 275 275 276 279 283 286 289 292 295 297 302 305 302 295 292 290 287 284 281 279 280 281 284 287 288 288 290 292 291 291 290 291 292 293 293 293 292 292 291 291 291 290 290 290 290 290 290 290 290 290 289 289 288 287 286 285 284 282 281 279 278 277 276
273 270 266 266 267 266 263 260 255 251 251 251 252 258 263 262 255 242 227 222 231 254 273 281 284 272 269 271 271 271 272 273 275 276 279 283 286 289 292 296 299 302 306 305 299 294 292 288 284 282 282 283 283 284 287 288 288 289 291 293 292 291 290 291 292 293 294 293 292 291 291 290 290 289 289 289 289 289 289 289 289 289 288 288 287 286 285 284 282 281 280 279 277 276
273 270 265 264 263 260 258 258 254 249 247 243 241 247 251 251 248 243 233 237 258 275 277 267 245 245 256 262 265 266 267 269 273 277 282 285 287 288 291 297 302 304 307 308 303 297 293 290 287 286 285 286 287 287 288 289 288 287 290 294 294 292 290 290 292 294 295 294 293 291 290 289 289 289 289 289 289 289 289 289 288 288 288 287 287 286 285 284 283 282 280 279 278 277
277 274 268 264 260 257 255 254 253 250 247 244 241 239 241 246 252 256 254 265 278 280 265 239 232 241 250 255 257 259 262 267 272 278 283 286 287 288 291 297 303 305 307 310 307 299 294 292 291 289 288 287 288 288 287 288 289 288 289 292 294 293 290 290 292 295 296 295 293 290 289 288 289 289 288 288 288 288 288 288 288 288 288 287 287 286 285 284 283 282 281 280 279 277
279 277 271 265 261 258 257 255 253 252 250 248 244 241 248 258 263 266 270 276 275 262 238 233 236 241 247 251 254 258 263 268 273 278 282 286 289 291 292 296 302 306 308 310 311 306 300 297 295 293 290 288 289 289 288 289 290 289 289 290 294 295 293 290 290 293 295 294 292 288 287 288 289 288 288 287 287 288 288 288 288 288 288 287 287 286 285 285 283 282 281 280 279 278
282 279 273 267 263 261 259 257 256 254 253 253 253 258 266 267 267 268 271 271 259 233 229 235 237 239 246 252 257 262 267 270 272 276 281 286 291 293 293 295 300 306 308 311 313 311 305 300 297 294 291 290 290 291 291 291 291 290 289 290 294 296 295 291 290 291 293 293 291 287 285 286 288 288 287 287 287 287 288 288 288 288 288 288 287 287 286 285 284 283 282 281 280 278
284 281 275 269 265 263 261 258 256 256 257 259 262 268 272 272 267 264 261 254 238 229 233 237 236 239 247 254 259 265 269 270 272 275 279 284 290 294 294 296 300 305 309 311 313 313 308 303 300 296 294 293 292 292 292 292 291 291 290 290 292 293 293 291 290 290 291 292 291 288 284 283 285 286 284 284 286 287 288 288 288 289 289 288 288 287 286 285 284 283 282 281 280 279
287 283 275 269 265 263 261 258 256 257 259 262 266 270 271 271 266 258 251 243 235 235 238 237 238 243 249 254 259 265 269 271 274 276 277 282 289 296 299 300 303 307 309 311 314 316 313 309 306 302 298 297 295 293 293 293 292 291 290 289 290 290 291 290 289 288 290 292 292 288 284 280 280 283 283 284 286 288 287 287 289 290 290 289 289 288 286 285 284 283 282 281 280 279
290 285 276 269 265 263 261 258 258 261 265 269 272 272 271 268 263 256 248 240 238 242 242 239 241 245 249 252 258 265 271 276 277 275 275 282 292 299 302 304 305 308 309 312 315 318 318 315 311 308 303 300 298 295 293 293 293 291 289 288 288 290 290 290 289 288 289 291 292 287 283 280 279 281 285 286 288 288 286 287 291 293 293 291 290 288 287 286 285 283 282 281 280 278
295 288 278 271 267 264 264 266 268 271 275 277 275 271 268 266 262 257 249 241 241 248 250 245 243 245 247 250 256 266 275 279 279 272 276 287 297 301 302 304 308 309 310 313 316 319 322 320 317 312 306 301 300 297 294 293 293 292 290 287 287 288 290 290 290 289 288 289 292 287 281 280 280 280 282 284 286 290 291 290 291 295 296 294 291 289 288 286 285 284 282 281 280 279
302 294 281 275 273 274 278 280 281 278 274 271 266 260 260 263 263 258 249 245 250 256 258 252 245 244 249 250 254 266 275 278 279 272 279 292 299 301 300 305 311 312 311 314 318 321 324 325 322 318 311 304 301 299 296 293 292 292 291 290 288 287 289 290 288 288 287 287 290 290 283 279 280 281 281 282 285 289 292 290 288 292 296 297 294 291 288 286 285 283 282 281 280 279
312 302 288 285 286 287 285 282 277 270 264 260 256 255 258 264 267 259 248 250 258 263 263 258 252 249 251 251 256 266 274 276 278 274 280 292 298 299 303 309 312 308 309 315 320 321 325 329 327 322 317 310 306 303 299 296 293 291 292 293 291 287 288 289 286 285 286 286 288 290 284 278 279 282 283 283 284 286 288 288 286 288 294 299 297 293 289 287 285 283 281 280 280 279
325 312 298 293 290 285 278 270 264 260 258 257 255 256 262 270 274 263 248 252 260 268 271 268 265 260 256 255 260 267 274 277 276 274 279 289 297 302 308 312 310 305 308 315 319 321 325 331 331 326 321 316 310 305 302 300 296 292 291 294 292 287 285 285 284 282 285 287 288 288 287 282 281 282 282 282 282 282 283 285 286 286 290 296 297 294 290 287 284 282 280 280 279 279
331 316 301 292 284 276 269 265 262 258 256 257 260 264 269 275 281 278 255 254 260 270 281 282 276 272 270 267 264 265 271 277 277 274 281 291 300 307 313 315 312 308 308 313 318 321 325 331 333 330 325 320 315 308 304 303 300 293 290 292 293 288 284 283 283 282 283 286 288 289 289 285 281 279 280 280 280 279 279 282 285 286 288 292 295 295 290 286 282 280 279 278 279 279
332 315 298 287 279 274 271 267 264 261 257 261 270 275 276 279 286 302 277 263 262 269 282 292 282 278 282 281 274 265 264 272 277 279 286 296 305 311 316 315 313 307 302 308 318 323 326 329 331 331 329 326 321 312 306 305 303 297 291 291 293 290 285 284 285 283 282 283 286 289 289 285 281 279 278 278 279 279 278 279 282 286 289 291 294 293 288 283 279 276 277 280 282 281
336 318 297 285 279 277 274 271 268 264 263 268 276 281 278 280 290 323 315 285 270 268 275 289 284 282 288 290 285 274 265 266 274 282 290 298 304 308 312 312 309 300 297 305 318 326 326 326 329 331 331 332 328 318 309 306 306 301 294 291 293 292 287 285 287 285 283 282 285 289 290 287 284 282 279 277 279 280 280 278 279 283 287 288 290 290 284 279 275 275 281 287 286 282
345 325 301 290 284 281 279 277 271 267 271 276 280 281 277 281 296 330 334 303 279 269 270 281 289 290 293 292 289 287 275 267 271 281 289 296 298 301 307 309 305 298 300 306 316 324 327 329 330 332 334 336 333 324 313 308 308 304 297 292 293 294 290 287 288 288 285 283 284 287 289 287 284 283 280 277 278 280 281 279 277 280 284 286 287 288 280 277 277 281 287 291 288 281
1 334 306 296 290 285 281 278 275 275 281 285 285 280 275 283 301 332 344 317 292 280 277 284 293 297 298 295 293 297 291 275 272 278 288 295 299 302 303 305 304 303 306 309 315 324 331 334 332 332 335 338 338 330 318 310 308 306 300 294 293 294 292 288 288 290 288 284 283 284 285 283 281 281 282 279 276 278 281 280 277 279 283 285 285 285 281 280 283 286 289 290 286 278
11 342 312 299 292 288 282 278 279 284 289 292 292 283 276 284 301 334 351 333 313 303 298 293 294 298 302 296 292 302 306 290 276 276 285 296 303 306 303 303 305 307 310 311 314 324 331 333 330 331 335 340 343 338 324 312 307 306 302 296 294 294 292 289 289 290 289 286 284 283 283 281 278 278 281 281 278 276 278 279 277 278 282 283 281 282 283 284 286 287 287 286 282 279
15 349 315 299 291 289 288 286 287 288 291 296 301 292 280 282 295 329 346 337 324 314 308 301 298 301 308 304 299 305 309 298 287 284 290 300 306 309 305 305 310 312 312 311 313 320 327 329 330 332 336 343 348 346 334 317 309 307 304 299 297 297 295 291 290 290 290 287 285 283 283 282 279 276 276 281 281 277 275 276 278 280 283 283 279 281 286 286 286 286 285 283 283 282
20 360 319 300 294 294 295 294 291 289 287 294 308 302 284 277 285 315 336 334 325 314 307 303 301 302 310 311 309 312 314 312 309 302 301 305 312 316 311 311 315 316 314 311 310 316 325 330 333 335 339 347 353 352 343 324 311 307 305 301 299 300 298 294 292 292 291 288 284 283 283 284 281 276 274 276 279 278 276 277 279 280 281 282 282 284 287 287 286 285 284 283 283 281
27 11 327 302 298 298 297 294 291 289 285 289 309 307 288 276 281 302 325 329 324 313 306 302 300 300 303 306 308 314 317 320 317 308 304 305 312 321 322 323 323 319 315 312 313 317 323 328 333 337 340 349 355 357 350 330 314 307 305 302 300 301 299 295 293 291 289 287 283 281 283 284 283 280 275 272 273 275 276 277 277 277 279 282 284 287 288 287 286 284 283 283 281 276
31 18 335 304 299 298 293 292 291 291 286 288 306 313 296 281 280 292 315 325 324 316 307 301 298 298 298 300 304 308 310 313 311 305 301 302 308 317 324 331 331 326 321 319 321 323 325 329 335 339 341 348 356 360 356 337 316 308 306 303 300 300 297 289 283 279 280 283 282 280 281 283 284 283 278 272 269 270 273 274 275 276 278 282 286 289 291 288 285 283 282 281 276 272
34 19 339 315 308 304 296 292 293 295 290 287 302 320 306 286 279 286 304 319 322 314 307 301 296 296 297 301 303 303 303 302 301 301 299 300 304 306 315 328 331 328 320 319 321 324 327 334 341 343 344 349 356 3 2 345 320 309 306 301 297 292 283 272 264 266 273 282 287 283 281 282 283 285 283 276 270 267 268 271 273 276 279 284 288 292 293 290 285 282 282 279 275 274
29 11 338 323 315 310 301 293 292 296 292 288 300 322 313 291 277 277 290 304 312 309 305 300 294 292 295 299 300 301 303 303 300 301 298 297 301 299 304 319 326 323 312 307 309 313 320 332 342 344 345 347 356 7 6 349 323 309 304 296 286 274 265 262 263 269 276 285 292 290 284 282 283 284 285 283 275 269 267 268 271 275 281 287 290 293 294 290 285 283 283 279 275 277
22 3 334 323 315 305 299 290 286 290 290 290 301 323 316 295 277 268 271 284 295 300 300 295 291 291 292 294 298 302 307 305 300 300 299 295 299 299 298 312 324 323 311 300 299 303 310 323 337 343 343 345 358 11 7 352 323 302 294 285 270 263 267 273 277 278 279 281 289 294 290 285 284 283 285 287 285 278 273 270 270 274 282 288 290 292 293 289 284 283 283 282 278 280
17 358 333 325 317 305 298 290 283 285 286 288 300 317 312 297 280 265 261 270 283 291 295 295 292 289 289 296 304 308 314 308 301 302 300 294 297 301 297 306 320 326 319 301 295 299 306 318 335 341 343 347 1 12 11 360 327 295 285 279 271 276 282 285 285 283 280 277 279 287 290 285 283 284 286 289 292 289 283 278 274 273 276 282 285 287 289 285 281 282 285 289 285 284
9 353 335 330 323 310 301 295 288 288 283 281 289 303 303 295 285 272 263 267 277 289 295 293 292 293 299 309 314 319 323 311 301 301 300 293 294 301 299 303 315 325 325 307 294 294 302 316 333 339 343 350 4 15 17 9 339 303 290 291 293 291 290 289 286 283 280 276 273 275 281 283 283 286 289 291 295 295 290 284 280 274 271 272 279 283 285 281 280 283 290 296 291 288
