windninja/windninja_output/Output_2025-10-23_1700-1750_Google earth_Fire_150m_10min/merlingen_7.5mi_point_10-23-2025_1730_150m_vel.asc
ncols	158
nrows	163
xllcorner	391686.332397
yllcorner	5160024.123721
cellsize	150.000000
NODATA_value	-32768.000000
[rows 76 to 113 of 163, columns 0 to 83 of 158]
2.95 2.71 2.26 1.86 1.67 1.63 1.50 1.37 1.33 1.28 1.24 1.23 1.21 1.21 1.20 1.17 1.17 1.20 1.22 1.21 1.22 1.24 1.27 1.29 1.23 1.13 1.13 1.21 1.35 1.57 1.74 1.74 1.71 1.70 1.57 1.38 1.27 1.22 1.19 1.17 1.18 1.23 1.27 1.29 1.30 1.31 1.32 1.32 1.32 1.32 1.32 1.32 1.32 1.31 1.31 1.30 1.30 1.29 1.28 1.27 1.26 1.25 1.24 1.22 1.20 1.17 1.14 1.12 1.09 1.04 0.98 0.91 0.83 0.72 0.63 0.62 0.58 0.55 0.64 1.02 1.56 1.84 1.89 1.70
3.20 2.97 2.56 2.19 1.91 1.71 1.50 1.35 1.29 1.23 1.20 1.18 1.18 1.20 1.19 1.16 1.16 1.18 1.19 1.21 1.23 1.25 1.27 1.28 1.25 1.20 1.21 1.23 1.23 1.37 1.62 1.78 1.77 1.76 1.72 1.52 1.36 1.30 1.23 1.19 1.18 1.22 1.28 1.31 1.33 1.34 1.35 1.35 1.35 1.35 1.35 1.35 1.34 1.34 1.34 1.33 1.33 1.32 1.32 1.31 1.30 1.29 1.27 1.26 1.24 1.21 1.19 1.16 1.13 1.09 1.03 0.96 0.91 0.82 0.70 0.62 0.52 0.44 0.58 1.11 1.56 1.57 1.56 1.59
3.48 3.04 2.69 2.69 2.35 1.85 1.51 1.33 1.26 1.18 1.12 1.12 1.16 1.20 1.20 1.17 1.16 1.17 1.17 1.20 1.23 1.25 1.27 1.25 1.20 1.26 1.36 1.33 1.24 1.23 1.44 1.73 1.83 1.83 1.84 1.71 1.51 1.41 1.34 1.24 1.17 1.21 1.29 1.33 1.35 1.37 1.38 1.38 1.38 1.38 1.38 1.37 1.37 1.36 1.36 1.36 1.36 1.35 1.35 1.34 1.33 1.32 1.31 1.29 1.28 1.25 1.23 1.20 1.17 1.13 1.07 1.02 0.96 0.90 0.79 0.67 0.53 0.42 0.55 1.05 1.42 1.32 1.36 1.55
3.56 3.04 2.75 3.24 3.01 2.23 1.58 1.27 1.22 1.10 0.99 1.04 1.13 1.19 1.21 1.18 1.17 1.17 1.15 1.18 1.23 1.26 1.28 1.22 1.12 1.23 1.45 1.47 1.34 1.22 1.30 1.58 1.79 1.88 1.90 1.82 1.66 1.56 1.51 1.36 1.18 1.18 1.29 1.34 1.37 1.40 1.41 1.42 1.42 1.41 1.40 1.39 1.38 1.38 1.38 1.38 1.38 1.38 1.38 1.37 1.36 1.35 1.34 1.33 1.31 1.29 1.27 1.24 1.21 1.17 1.12 1.06 1.01 0.96 0.87 0.75 0.60 0.47 0.53 0.89 1.14 1.14 1.26 1.46
3.23 2.95 2.88 3.17 3.31 2.67 1.52 1.10 1.10 0.97 0.86 0.95 1.11 1.20 1.22 1.20 1.19 1.18 1.15 1.17 1.23 1.27 1.29 1.21 1.07 1.15 1.42 1.53 1.46 1.31 1.27 1.44 1.66 1.86 1.98 1.92 1.74 1.67 1.69 1.58 1.31 1.20 1.30 1.35 1.38 1.42 1.44 1.46 1.46 1.44 1.41 1.39 1.39 1.39 1.39 1.40 1.40 1.40 1.40 1.40 1.39 1.38 1.37 1.36 1.35 1.33 1.31 1.28 1.25 1.21 1.16 1.11 1.06 1.01 0.93 0.83 0.70 0.55 0.54 0.70 0.84 0.97 1.11 1.27
2.75 2.67 2.66 2.90 3.23 2.79 1.60 1.05 1.02 0.90 0.82 0.93 1.12 1.22 1.25 1.22 1.21 1.21 1.17 1.16 1.22 1.27 1.30 1.21 1.06 1.12 1.36 1.48 1.49 1.41 1.32 1.38 1.51 1.71 1.95 2.04 1.88 1.75 1.78 1.76 1.55 1.35 1.38 1.42 1.42 1.45 1.44 1.48 1.55 1.50 1.39 1.35 1.36 1.38 1.40 1.41 1.42 1.42 1.42 1.42 1.42 1.41 1.40 1.39 1.38 1.36 1.34 1.32 1.29 1.25 1.20 1.15 1.10 1.06 0.98 0.90 0.78 0.64 0.56 0.55 0.56 0.76 0.98 1.10
2.89 2.69 2.62 2.99 3.01 2.40 1.78 1.41 1.17 1.05 0.92 0.99 1.15 1.26 1.30 1.26 1.23 1.24 1.21 1.17 1.21 1.26 1.30 1.22 1.07 1.14 1.34 1.42 1.46 1.46 1.40 1.39 1.42 1.52 1.73 1.95 1.99 1.87 1.82 1.81 1.71 1.57 1.54 1.58 1.57 1.56 1.51 1.54 1.67 1.63 1.44 1.32 1.30 1.33 1.38 1.41 1.44 1.45 1.45 1.45 1.44 1.43 1.43 1.42 1.41 1.39 1.37 1.35 1.32 1.28 1.24 1.19 1.14 1.10 1.04 0.96 0.85 0.71 0.59 0.47 0.38 0.53 0.84 1.01
3.64 3.05 2.72 2.93 2.68 2.24 1.86 1.56 1.39 1.23 1.08 1.10 1.21 1.31 1.35 1.30 1.27 1.30 1.26 1.20 1.22 1.24 1.28 1.22 1.07 1.15 1.34 1.39 1.43 1.49 1.48 1.45 1.45 1.49 1.59 1.74 1.89 1.91 1.86 1.79 1.72 1.66 1.64 1.68 1.72 1.72 1.68 1.68 1.79 1.80 1.65 1.45 1.33 1.30 1.35 1.42 1.45 1.47 1.47 1.47 1.46 1.46 1.45 1.44 1.43 1.42 1.40 1.38 1.36 1.32 1.28 1.24 1.18 1.14 1.08 1.01 0.91 0.78 0.63 0.46 0.27 0.32 0.63 0.92
3.83 3.35 2.81 2.80 2.68 2.37 1.90 1.60 1.51 1.37 1.26 1.22 1.26 1.37 1.41 1.36 1.33 1.36 1.33 1.26 1.25 1.24 1.25 1.24 1.10 1.10 1.30 1.39 1.41 1.49 1.52 1.51 1.51 1.56 1.63 1.71 1.79 1.84 1.82 1.76 1.69 1.63 1.62 1.64 1.69 1.73 1.74 1.74 1.79 1.80 1.74 1.65 1.51 1.36 1.35 1.43 1.47 1.49 1.49 1.49 1.49 1.48 1.47 1.46 1.46 1.45 1.43 1.41 1.39 1.36 1.32 1.28 1.23 1.18 1.13 1.06 0.96 0.84 0.69 0.49 0.23 0.19 0.38 0.79
4.11 3.63 2.97 2.83 2.79 2.50 1.97 1.70 1.64 1.51 1.38 1.30 1.30 1.40 1.48 1.46 1.40 1.45 1.43 1.36 1.32 1.26 1.23 1.25 1.16 1.05 1.18 1.34 1.41 1.47 1.50 1.53 1.53 1.59 1.75 1.82 1.84 1.87 1.82 1.73 1.65 1.61 1.62 1.65 1.69 1.74 1.78 1.82 1.79 1.71 1.65 1.65 1.62 1.49 1.42 1.45 1.50 1.51 1.52 1.51 1.51 1.50 1.49 1.49 1.48 1.47 1.46 1.44 1.42 1.39 1.36 1.32 1.27 1.22 1.17 1.11 1.02 0.90 0.75 0.54 0.25 0.15 0.29 0.87
4.52 3.90 3.08 2.86 2.82 2.58 2.08 1.88 1.85 1.67 1.46 1.36 1.37 1.41 1.53 1.55 1.51 1.56 1.55 1.49 1.41 1.32 1.30 1.30 1.16 1.00 1.09 1.29 1.43 1.45 1.44 1.51 1.50 1.52 1.74 1.91 1.97 2.03 2.00 1.85 1.67 1.57 1.59 1.68 1.76 1.81 1.88 1.93 1.87 1.71 1.58 1.55 1.58 1.56 1.50 1.50 1.53 1.54 1.54 1.54 1.52 1.51 1.51 1.50 1.50 1.49 1.48 1.47 1.45 1.43 1.39 1.36 1.31 1.26 1.21 1.15 1.07 0.96 0.82 0.61 0.34 0.24 0.40 1.09
4.86 4.05 3.20 2.92 2.72 2.60 2.29 2.09 2.08 1.89 1.54 1.42 1.46 1.42 1.55 1.61 1.59 1.70 1.72 1.67 1.53 1.41 1.46 1.44 1.10 0.85 1.03 1.27 1.43 1.47 1.44 1.49 1.50 1.45 1.57 1.78 1.93 2.11 2.23 2.15 1.89 1.63 1.54 1.64 1.79 1.90 1.99 2.03 1.98 1.80 1.59 1.51 1.52 1.56 1.57 1.56 1.56 1.56 1.56 1.55 1.53 1.52 1.51 1.51 1.51 1.51 1.51 1.50 1.48 1.46 1.43 1.39 1.35 1.31 1.26 1.20 1.13 1.03 0.90 0.73 0.51 0.44 0.59 1.10
4.97 4.17 3.25 2.91 2.58 2.51 2.51 2.38 2.28 2.14 1.75 1.55 1.51 1.42 1.54 1.65 1.68 1.85 1.94 1.92 1.70 1.58 1.74 1.56 0.95 0.64 0.96 1.27 1.43 1.51 1.52 1.54 1.55 1.51 1.50 1.58 1.67 1.89 2.19 2.33 2.22 1.92 1.63 1.60 1.75 1.96 2.11 2.13 2.07 1.92 1.73 1.56 1.49 1.54 1.60 1.62 1.63 1.62 1.58 1.55 1.52 1.50 1.50 1.51 1.52 1.53 1.53 1.52 1.51 1.49 1.46 1.43 1.40 1.35 1.31 1.25 1.19 1.11 1.01 0.87 0.70 0.61 0.75 1.16
4.73 4.14 3.26 2.82 2.53 2.40 2.51 2.58 2.46 2.43 2.19 1.75 1.52 1.46 1.52 1.62 1.80 2.02 2.17 2.17 1.94 1.89 1.89 1.43 0.67 0.57 0.94 1.26 1.42 1.53 1.59 1.62 1.62 1.62 1.61 1.60 1.55 1.63 1.93 2.25 2.32 2.14 1.85 1.65 1.70 1.91 2.13 2.25 2.17 2.02 1.87 1.69 1.55 1.54 1.60 1.67 1.73 1.76 1.72 1.58 1.45 1.44 1.48 1.51 1.53 1.55 1.55 1.55 1.54 1.52 1.50 1.47 1.44 1.40 1.36 1.31 1.25 1.19 1.10 0.99 0.87 0.78 0.85 1.15
4.43 3.94 3.23 2.86 2.58 2.33 2.31 2.48 2.54 2.70 2.64 1.98 1.53 1.51 1.54 1.59 1.84 2.18 2.52 2.60 2.35 2.09 1.69 1.08 0.69 0.70 1.01 1.29 1.45 1.56 1.64 1.68 1.69 1.68 1.73 1.75 1.61 1.55 1.72 2.10 2.32 2.21 2.00 1.79 1.72 1.83 2.04 2.28 2.31 2.14 1.96 1.79 1.64 1.55 1.53 1.65 1.81 1.95 2.00 1.68 1.34 1.33 1.44 1.50 1.54 1.56 1.57 1.57 1.56 1.55 1.53 1.50 1.48 1.44 1.41 1.37 1.32 1.26 1.19 1.12 1.03 0.94 0.95 1.14
4.20 3.75 3.26 3.12 2.88 2.44 2.18 2.27 2.49 2.89 2.95 2.28 1.72 1.66 1.66 1.72 1.91 2.26 2.81 3.12 2.58 1.81 1.19 1.02 0.87 0.88 1.13 1.36 1.50 1.61 1.69 1.74 1.75 1.72 1.77 1.84 1.75 1.64 1.63 1.87 2.25 2.32 2.16 1.95 1.80 1.79 1.94 2.21 2.38 2.32 2.09 1.88 1.72 1.54 1.40 1.55 1.85 2.08 2.21 1.85 1.31 1.24 1.39 1.50 1.55 1.58 1.59 1.60 1.59 1.58 1.56 1.54 1.52 1.49 1.46 1.42 1.38 1.33 1.28 1.23 1.17 1.10 1.07 1.18
3.82 3.51 3.21 3.28 3.30 2.93 2.49 2.38 2.67 3.29 3.37 2.62 2.05 1.88 1.81 1.86 1.97 2.28 3.01 3.39 2.58 1.12 0.96 1.08 1.00 1.04 1.26 1.45 1.57 1.67 1.75 1.81 1.84 1.79 1.78 1.84 1.84 1.78 1.69 1.69 1.97 2.32 2.39 2.18 1.94 1.82 1.89 2.13 2.38 2.47 2.29 2.01 1.77 1.52 1.26 1.38 1.85 2.11 2.21 2.01 1.51 1.28 1.37 1.50 1.56 1.60 1.62 1.62 1.61 1.61 1.59 1.58 1.56 1.53 1.50 1.47 1.44 1.40 1.36 1.33 1.29 1.24 1.22 1.26
3.37 3.16 2.94 3.06 3.27 3.17 2.83 2.56 2.68 3.43 3.93 3.42 2.82 2.64 2.56 2.58 2.47 2.61 3.28 3.51 2.68 1.28 1.17 1.19 1.12 1.18 1.37 1.54 1.66 1.75 1.81 1.91 1.94 1.85 1.79 1.83 1.87 1.86 1.82 1.69 1.67 2.04 2.50 2.48 2.15 1.93 1.92 2.08 2.38 2.55 2.54 2.24 1.77 1.49 1.28 1.35 1.80 2.04 2.08 2.02 1.73 1.42 1.40 1.51 1.58 1.62 1.64 1.64 1.64 1.63 1.62 1.61 1.59 1.57 1.55 1.52 1.50 1.47 1.44 1.41 1.38 1.36 1.35 1.37
3.05 2.91 2.71 2.78 3.01 2.92 2.58 2.10 1.82 2.53 3.63 3.74 3.39 3.18 3.12 3.23 3.22 3.26 3.78 3.70 2.80 2.14 1.80 1.51 1.32 1.34 1.47 1.60 1.73 1.84 1.93 2.07 2.10 1.90 1.76 1.81 1.90 1.91 1.88 1.76 1.56 1.68 2.28 2.65 2.44 2.19 2.08 2.13 2.39 2.60 2.78 2.49 1.67 1.43 1.44 1.47 1.73 1.91 1.93 1.92 1.80 1.54 1.47 1.55 1.61 1.64 1.66 1.67 1.67 1.66 1.65 1.64 1.62 1.61 1.59 1.57 1.55 1.53 1.51 1.49 1.47 1.46 1.45 1.47
2.74 2.75 2.70 2.76 2.99 2.79 2.29 1.65 1.16 1.62 2.58 3.03 2.83 2.41 2.34 2.89 3.42 3.89 4.39 3.79 2.89 2.78 2.31 1.81 1.50 1.46 1.55 1.65 1.76 1.90 2.10 2.28 2.26 1.98 1.75 1.80 1.93 1.95 1.92 1.81 1.58 1.46 1.85 2.44 2.60 2.52 2.40 2.35 2.49 2.69 2.88 2.57 1.71 1.46 1.59 1.62 1.71 1.81 1.81 1.82 1.79 1.60 1.53 1.60 1.64 1.66 1.67 1.69 1.70 1.69 1.68 1.67 1.65 1.64 1.63 1.62 1.60 1.58 1.56 1.55 1.54 1.53 1.53 1.55
2.29 2.58 2.77 2.83 3.05 2.89 2.43 1.77 1.30 1.38 1.91 2.31 2.20 2.07 2.19 2.86 3.36 4.28 4.80 3.52 2.95 3.09 2.71 2.09 1.63 1.49 1.54 1.66 1.76 1.91 2.23 2.45 2.41 2.12 1.84 1.85 1.96 1.99 1.95 1.86 1.66 1.42 1.54 2.01 2.38 2.52 2.59 2.63 2.72 2.84 2.82 2.56 2.03 1.66 1.74 1.80 1.77 1.78 1.75 1.75 1.74 1.63 1.59 1.64 1.66 1.67 1.69 1.71 1.72 1.71 1.70 1.69 1.68 1.68 1.67 1.66 1.65 1.63 1.62 1.60 1.59 1.59 1.59 1.60
2.00 2.43 2.77 2.79 2.99 3.05 2.78 2.29 1.81 1.58 1.71 1.68 1.59 1.93 2.32 2.94 3.51 4.37 4.82 3.92 3.33 3.29 3.28 2.59 1.77 1.45 1.48 1.64 1.80 1.97 2.27 2.47 2.48 2.30 2.03 1.96 2.03 2.04 1.99 1.90 1.76 1.50 1.42 1.75 2.12 2.29 2.53 2.78 2.90 2.89 2.71 2.60 2.33 1.93 1.90 1.98 1.90 1.81 1.75 1.73 1.68 1.64 1.65 1.67 1.68 1.68 1.70 1.73 1.74 1.73 1.71 1.71 1.71 1.71 1.71 1.70 1.69 1.67 1.66 1.65 1.64 1.64 1.64 1.64
1.98 2.36 2.70 2.60 2.74 2.95 2.85 2.65 2.37 2.02 1.80 1.56 1.43 1.72 2.40 3.09 3.73 4.12 3.76 3.82 3.77 3.66 3.82 3.07 1.88 1.40 1.51 1.70 1.89 2.12 2.34 2.43 2.48 2.43 2.23 2.13 2.17 2.17 2.05 1.92 1.82 1.60 1.43 1.64 2.00 2.19 2.45 2.80 2.92 2.83 2.65 2.59 2.48 2.20 2.07 2.10 2.08 1.93 1.80 1.75 1.69 1.67 1.71 1.70 1.68 1.69 1.71 1.73 1.74 1.74 1.73 1.74 1.74 1.74 1.74 1.74 1.72 1.71 1.70 1.69 1.68 1.68 1.67 1.67
2.15 2.38 2.56 2.47 2.50 2.54 2.46 2.57 2.55 2.27 2.07 1.82 1.56 1.71 2.38 3.25 3.73 3.47 3.05 3.21 3.67 4.01 4.12 3.42 2.09 1.66 1.75 1.87 2.01 2.25 2.45 2.48 2.49 2.48 2.37 2.32 2.34 2.33 2.17 1.96 1.83 1.69 1.51 1.54 1.88 2.20 2.45 2.70 2.81 2.76 2.67 2.57 2.50 2.41 2.27 2.21 2.19 2.11 1.92 1.77 1.73 1.75 1.80 1.77 1.71 1.69 1.70 1.71 1.72 1.74 1.75 1.76 1.77 1.77 1.77 1.77 1.76 1.75 1.74 1.73 1.72 1.71 1.70 1.70
2.28 2.43 2.57 2.57 2.47 2.39 2.34 2.42 2.45 2.30 2.24 2.04 1.79 1.92 2.35 3.09 3.62 3.18 2.66 2.79 3.36 4.05 4.13 3.15 2.32 2.07 2.09 2.11 2.15 2.36 2.58 2.65 2.62 2.58 2.49 2.44 2.45 2.46 2.38 2.11 1.86 1.75 1.58 1.47 1.74 2.16 2.41 2.56 2.65 2.69 2.71 2.59 2.47 2.50 2.46 2.35 2.25 2.28 2.13 1.82 1.74 1.81 1.91 1.91 1.83 1.73 1.69 1.67 1.67 1.73 1.77 1.78 1.79 1.80 1.80 1.80 1.79 1.78 1.77 1.76 1.75 1.74 1.73 1.72
2.37 2.47 2.65 2.66 2.48 2.40 2.41 2.41 2.37 2.29 2.27 2.12 1.93 2.09 2.46 2.99 3.51 3.19 2.53 2.94 3.75 4.06 3.69 3.11 2.65 2.38 2.35 2.34 2.33 2.48 2.74 2.88 2.86 2.80 2.66 2.52 2.49 2.54 2.59 2.33 1.93 1.77 1.64 1.49 1.61 1.98 2.33 2.46 2.51 2.59 2.67 2.63 2.51 2.50 2.55 2.45 2.33 2.42 2.34 1.99 1.79 1.81 1.96 2.07 2.01 1.83 1.72 1.64 1.61 1.70 1.79 1.81 1.81 1.82 1.83 1.83 1.82 1.81 1.80 1.79 1.77 1.76 1.75 1.73
2.49 2.54 2.65 2.66 2.52 2.45 2.47 2.45 2.37 2.29 2.25 2.15 1.94 1.98 2.42 2.99 3.42 3.28 2.89 3.43 4.11 3.63 3.32 3.25 2.96 2.70 2.60 2.54 2.48 2.62 2.93 3.14 3.15 3.08 2.89 2.66 2.56 2.65 2.74 2.50 2.04 1.79 1.70 1.56 1.52 1.78 2.18 2.37 2.41 2.49 2.57 2.63 2.59 2.55 2.60 2.48 2.41 2.47 2.45 2.26 1.98 1.86 1.97 2.14 2.18 1.98 1.77 1.64 1.58 1.69 1.84 1.87 1.82 1.82 1.85 1.85 1.85 1.85 1.83 1.81 1.79 1.78 1.76 1.74
2.63 2.62 2.63 2.63 2.57 2.52 2.51 2.47 2.41 2.32 2.24 2.16 1.89 1.76 2.01 2.59 3.23 3.24 3.10 3.79 4.21 3.70 3.47 3.43 3.20 3.05 2.99 2.81 2.67 2.86 3.12 3.31 3.43 3.36 3.17 2.94 2.77 2.78 2.78 2.59 2.18 1.88 1.78 1.66 1.56 1.65 1.94 2.19 2.29 2.41 2.50 2.60 2.61 2.56 2.63 2.57 2.49 2.48 2.48 2.44 2.23 2.02 2.01 2.17 2.29 2.13 1.86 1.68 1.60 1.72 1.97 1.99 1.83 1.80 1.85 1.88 1.89 1.87 1.85 1.83 1.81 1.79 1.77 1.75
2.69 2.66 2.63 2.64 2.61 2.59 2.55 2.49 2.45 2.39 2.28 2.17 1.95 1.83 1.93 2.27 2.95 3.13 3.11 3.66 3.93 3.89 3.83 3.65 3.41 3.37 3.48 3.30 3.06 3.23 3.31 3.41 3.64 3.62 3.47 3.31 3.07 2.89 2.80 2.64 2.34 2.03 1.87 1.77 1.65 1.59 1.72 1.92 2.07 2.28 2.47 2.57 2.62 2.57 2.56 2.58 2.56 2.54 2.54 2.51 2.37 2.17 2.09 2.23 2.34 2.24 1.99 1.74 1.64 1.79 2.09 2.15 1.95 1.82 1.85 1.92 1.93 1.90 1.86 1.84 1.83 1.80 1.78 1.75
2.70 2.64 2.61 2.68 2.72 2.67 2.59 2.50 2.49 2.54 2.43 2.27 2.14 2.02 2.02 2.24 2.69 2.94 3.01 3.28 3.45 3.66 3.87 3.79 3.64 3.67 3.87 3.82 3.65 3.73 3.63 3.66 3.77 3.77 3.76 3.76 3.51 3.12 2.91 2.73 2.48 2.15 1.96 1.89 1.73 1.59 1.60 1.69 1.80 2.08 2.39 2.53 2.61 2.66 2.58 2.51 2.52 2.57 2.64 2.63 2.46 2.29 2.23 2.30 2.33 2.30 2.11 1.81 1.69 1.87 2.12 2.27 2.23 1.97 1.92 2.03 2.02 1.91 1.86 1.88 1.86 1.80 1.76 1.73
2.66 2.60 2.57 2.70 2.84 2.80 2.68 2.55 2.56 2.72 2.65 2.49 2.34 2.16 2.14 2.22 2.48 2.74 2.79 2.92 3.20 3.53 3.57 3.61 3.82 3.90 4.10 4.25 4.36 4.33 4.18 4.05 3.78 3.73 4.13 4.41 4.04 3.41 3.04 2.80 2.53 2.21 2.09 2.00 1.79 1.64 1.54 1.53 1.61 1.84 2.22 2.42 2.50 2.67 2.72 2.58 2.48 2.53 2.66 2.72 2.58 2.41 2.38 2.40 2.35 2.32 2.21 1.88 1.71 1.92 2.14 2.27 2.40 2.31 2.18 2.21 2.12 1.90 1.88 1.99 1.94 1.78 1.70 1.70
2.53 2.52 2.54 2.71 2.90 2.92 2.82 2.66 2.65 2.88 2.89 2.71 2.50 2.35 2.34 2.25 2.38 2.54 2.52 2.62 3.07 3.59 3.30 3.08 3.64 4.10 4.22 4.46 5.02 5.07 4.70 4.29 3.53 3.66 4.76 5.13 4.40 3.45 3.06 2.89 2.54 2.29 2.22 2.08 1.88 1.73 1.57 1.48 1.51 1.65 1.98 2.24 2.32 2.52 2.73 2.75 2.61 2.55 2.62 2.71 2.72 2.59 2.47 2.46 2.43 2.34 2.28 2.01 1.72 1.85 2.19 2.33 2.43 2.51 2.46 2.41 2.26 2.00 1.95 2.10 2.07 1.79 1.63 1.63
2.32 2.37 2.52 2.75 2.90 2.96 2.98 2.83 2.78 2.95 3.07 2.90 2.56 2.53 2.63 2.48 2.40 2.39 2.36 2.51 2.99 3.57 3.26 2.64 3.04 3.90 4.23 4.32 5.34 5.88 5.04 4.41 3.43 3.82 5.53 5.54 4.30 3.36 3.23 3.12 2.60 2.34 2.34 2.20 1.98 1.81 1.65 1.51 1.42 1.48 1.75 2.05 2.18 2.31 2.52 2.72 2.77 2.69 2.65 2.66 2.78 2.83 2.62 2.46 2.49 2.39 2.30 2.18 1.85 1.75 2.12 2.48 2.56 2.57 2.60 2.59 2.47 2.23 2.04 2.13 2.17 1.92 1.64 1.56
2.11 2.19 2.46 2.76 2.86 2.93 2.97 2.94 2.92 2.94 3.11 3.06 2.68 2.68 2.91 2.82 2.47 2.17 2.33 2.80 3.28 3.55 3.15 2.47 2.43 3.30 4.01 4.17 5.33 6.23 5.31 4.59 3.86 4.30 6.08 5.63 4.10 3.59 3.59 3.19 2.41 2.32 2.53 2.32 2.02 1.90 1.76 1.53 1.34 1.34 1.53 1.84 2.07 2.18 2.31 2.51 2.73 2.84 2.76 2.61 2.73 3.02 2.89 2.53 2.54 2.51 2.31 2.23 2.03 1.77 1.95 2.51 2.78 2.66 2.66 2.69 2.66 2.47 2.19 2.14 2.22 2.14 1.80 1.53
1.94 2.08 2.46 2.74 2.81 2.85 2.83 2.89 2.96 2.97 3.12 3.14 2.81 2.82 3.13 3.12 2.46 1.79 2.23 3.15 3.81 3.76 2.94 2.32 2.14 2.59 3.44 4.04 5.44 6.43 5.58 4.78 4.34 4.98 6.48 5.89 4.46 4.13 3.71 2.78 2.19 2.51 2.73 2.33 2.06 2.00 1.80 1.52 1.34 1.29 1.36 1.58 1.86 2.10 2.24 2.33 2.53 2.85 2.90 2.60 2.59 3.00 3.10 2.74 2.66 2.71 2.46 2.22 2.06 1.87 1.90 2.44 2.89 2.83 2.75 2.77 2.75 2.64 2.42 2.28 2.26 2.28 2.01 1.61
1.84 2.10 2.52 2.74 2.79 2.79 2.77 2.84 2.92 2.94 3.11 3.24 2.93 2.88 3.31 3.35 2.38 1.38 1.93 3.21 4.26 4.30 2.96 2.10 2.06 2.31 2.76 3.42 4.96 6.45 6.26 5.11 4.58 5.47 6.91 6.39 5.14 4.41 3.46 2.45 2.29 2.66 2.77 2.39 2.17 2.03 1.74 1.50 1.39 1.29 1.25 1.32 1.54 1.94 2.22 2.23 2.34 2.76 2.99 2.70 2.51 2.83 3.08 2.96 2.83 2.90 2.81 2.39 2.05 1.91 1.95 2.37 2.86 2.94 2.89 2.90 2.81 2.71 2.65 2.52 2.40 2.36 2.13 1.74
1.88 2.13 2.49 2.70 2.77 2.75 2.76 2.84 2.91 2.88 3.07 3.51 3.28 2.94 3.36 3.49 2.31 1.07 1.53 2.92 4.29 4.89 3.63 2.00 1.97 2.55 2.61 2.80 3.72 5.53 6.63 6.00 5.07 5.92 7.26 6.74 5.44 4.25 2.91 2.40 2.31 2.45 2.77 2.76 2.35 1.98 1.66 1.48 1.41 1.31 1.18 1.08 1.24 1.75 2.14 2.15 2.19 2.60 3.00 2.87 2.57 2.67 2.95 3.01 2.93 3.00 3.07 2.79 2.32 2.01 2.00 2.33 2.75 2.94 2.99 3.02 2.90 2.75 2.80 2.79 2.64 2.49 2.19 1.86
2.03 2.18 2.41 2.63 2.76 2.72 2.68 2.75 2.87 2.85 3.02 3.65 3.63 3.08 3.40 3.63 2.33 0.83 1.12 2.36 3.84 5.12 4.63 2.52 2.14 3.01 3.02 2.98 3.09 3.94 5.77 6.65 6.38 6.90 7.68 6.71 5.11 3.80 2.71 2.29 2.03 2.27 3.02 3.20 2.46 1.78 1.52 1.44 1.39 1.34 1.20 0.98 1.01 1.50 1.99 2.10 2.08 2.38 2.89 2.98 2.71 2.60 2.86 3.05 2.90 2.95 3.13 3.07 2.81 2.38 2.19 2.41 2.69 2.84 3.02 3.15 3.04 2.82 2.81 2.92 2.98 2.73 2.23 1.94
