windninja/windninja_output/Output_2025-10-23_1700-1750_Google earth_Fire_150m_10min/merlingen_7.5mi_point_10-23-2025_1710_150m_vel.asc
ncols	158
nrows	163
xllcorner	391686.332397
yllcorner	5160024.123721
cellsize	150.000000
NODATA_value	-32768.000000
[rows 0 to 36 of 163, columns 0 to 83 of 158]
1.30 1.32 1.35 1.35 1.40 1.46 1.40 1.37 1.46 1.50 1.46 1.35 1.27 1.41 1.60 1.69 1.72 1.69 1.83 2.12 2.12 1.90 1.88 2.02 2.18 2.26 2.15 2.10 2.24 2.30 2.28 2.30 2.34 2.31 2.38 2.59 2.57 2.53 2.62 2.57 2.57 2.69 2.70 2.78 2.94 3.00 3.12 3.18 3.25 3.39 3.43 3.48 3.57 3.55 3.42 3.30 3.24 3.27 3.40 3.46 3.36 3.30 3.30 3.30 3.27 3.24 3.36 3.54 3.67 3.66 3.57 3.47 3.42 3.43 3.55 3.59 3.51 3.56 3.66 3.63 3.54 3.42 3.56 3.71
1.18 1.25 1.29 1.29 1.37 1.40 1.31 1.31 1.43 1.46 1.39 1.22 1.08 1.25 1.54 1.74 1.82 1.81 2.02 2.24 2.09 1.89 1.90 2.04 2.19 2.21 2.11 2.12 2.23 2.23 2.22 2.28 2.32 2.34 2.44 2.62 2.59 2.61 2.71 2.64 2.66 2.77 2.80 2.97 3.13 3.16 3.29 3.35 3.36 3.37 3.36 3.38 3.39 3.30 3.18 3.14 3.20 3.31 3.44 3.43 3.29 3.25 3.29 3.32 3.25 3.22 3.39 3.61 3.76 3.68 3.49 3.37 3.38 3.45 3.58 3.54 3.43 3.62 3.77 3.59 3.38 3.33 3.55 3.67
1.05 1.18 1.24 1.25 1.34 1.30 1.21 1.30 1.44 1.47 1.35 1.08 0.94 1.16 1.53 1.92 2.07 2.08 2.27 2.29 2.04 1.91 1.93 2.00 2.15 2.17 2.10 2.11 2.15 2.13 2.18 2.28 2.33 2.44 2.59 2.69 2.71 2.77 2.79 2.75 2.83 2.91 3.01 3.27 3.38 3.40 3.50 3.52 3.39 3.28 3.29 3.26 3.14 3.06 3.03 3.10 3.25 3.36 3.43 3.38 3.26 3.25 3.29 3.32 3.22 3.21 3.41 3.70 3.90 3.71 3.34 3.25 3.40 3.52 3.55 3.39 3.33 3.75 3.89 3.45 3.05 3.24 3.54 3.49
0.97 1.11 1.18 1.20 1.28 1.20 1.20 1.38 1.51 1.49 1.29 0.98 0.95 1.18 1.57 2.09 2.23 2.22 2.25 2.15 1.97 1.92 1.89 1.91 2.11 2.20 2.14 2.12 2.10 2.12 2.22 2.31 2.41 2.59 2.69 2.73 2.76 2.77 2.79 2.86 2.97 3.05 3.25 3.48 3.51 3.53 3.55 3.43 3.26 3.26 3.26 3.11 3.01 3.07 3.13 3.18 3.27 3.31 3.32 3.33 3.31 3.23 3.21 3.24 3.17 3.19 3.37 3.71 3.95 3.64 3.23 3.25 3.44 3.46 3.39 3.28 3.37 3.77 3.82 3.29 2.82 3.18 3.55 3.35
0.91 1.03 1.11 1.15 1.21 1.19 1.26 1.47 1.53 1.39 1.11 0.91 0.95 1.22 1.73 2.17 2.26 2.19 2.10 2.02 1.96 1.97 1.92 1.91 2.13 2.23 2.21 2.20 2.16 2.21 2.30 2.41 2.60 2.75 2.73 2.71 2.73 2.82 2.98 3.10 3.15 3.24 3.47 3.58 3.53 3.49 3.39 3.23 3.18 3.15 2.98 2.85 2.90 3.02 3.08 3.12 3.19 3.24 3.26 3.30 3.27 3.15 3.11 3.16 3.16 3.20 3.31 3.67 3.90 3.51 3.17 3.28 3.42 3.37 3.27 3.28 3.42 3.64 3.66 3.22 2.77 3.05 3.54 3.48
0.89 0.96 1.04 1.10 1.19 1.23 1.33 1.46 1.41 1.19 1.00 0.94 0.97 1.29 1.83 2.10 2.17 2.08 1.93 1.93 1.99 2.05 1.97 1.93 2.09 2.21 2.19 2.16 2.18 2.26 2.34 2.53 2.76 2.80 2.71 2.73 2.89 3.09 3.24 3.27 3.25 3.34 3.47 3.42 3.30 3.23 3.12 3.03 3.00 2.87 2.70 2.69 2.79 2.89 2.99 3.10 3.19 3.25 3.26 3.24 3.20 3.10 3.06 3.13 3.17 3.17 3.24 3.62 3.81 3.37 3.13 3.33 3.48 3.33 3.16 3.28 3.48 3.59 3.40 3.02 2.86 3.11 3.53 3.63
0.87 0.92 0.98 1.06 1.17 1.25 1.34 1.36 1.23 1.07 1.00 0.99 1.02 1.33 1.82 2.01 2.02 1.98 1.92 1.94 2.03 2.14 2.04 1.93 2.02 2.08 2.05 2.12 2.20 2.23 2.34 2.61 2.77 2.72 2.73 2.92 3.14 3.24 3.24 3.18 3.15 3.19 3.18 3.08 3.00 2.98 2.93 2.87 2.80 2.64 2.54 2.63 2.74 2.81 2.97 3.13 3.22 3.25 3.25 3.24 3.22 3.12 3.04 3.09 3.15 3.13 3.23 3.61 3.71 3.27 3.12 3.48 3.62 3.28 3.09 3.29 3.54 3.57 3.03 2.72 3.13 3.45 3.53 3.63
0.84 0.89 0.95 1.02 1.13 1.22 1.27 1.23 1.12 1.05 1.05 1.06 1.11 1.36 1.76 1.93 1.89 1.92 1.96 1.95 2.07 2.21 2.11 1.97 1.95 1.93 2.01 2.16 2.17 2.14 2.35 2.62 2.65 2.61 2.79 3.01 3.07 3.01 2.95 2.91 2.89 2.88 2.86 2.82 2.82 2.84 2.79 2.74 2.65 2.47 2.43 2.63 2.70 2.72 2.99 3.21 3.25 3.30 3.32 3.34 3.28 3.05 2.93 2.99 3.08 3.11 3.27 3.58 3.60 3.23 3.20 3.61 3.60 3.20 3.05 3.19 3.47 3.38 2.66 2.61 3.53 3.77 3.51 3.56
0.80 0.85 0.92 0.98 1.06 1.14 1.17 1.13 1.09 1.08 1.10 1.13 1.18 1.36 1.70 1.86 1.82 1.88 1.93 1.95 2.09 2.21 2.14 2.03 1.95 1.94 2.05 2.15 2.06 2.08 2.40 2.56 2.49 2.56 2.80 2.90 2.78 2.66 2.64 2.63 2.62 2.64 2.67 2.70 2.77 2.75 2.66 2.65 2.55 2.35 2.43 2.64 2.57 2.63 3.11 3.34 3.32 3.37 3.39 3.28 3.07 2.80 2.72 2.80 2.94 3.16 3.39 3.56 3.47 3.19 3.25 3.50 3.39 3.12 3.00 3.07 3.32 3.09 2.51 2.82 3.82 4.02 3.64 3.58
0.75 0.80 0.89 0.94 0.99 1.05 1.09 1.09 1.10 1.11 1.14 1.17 1.19 1.33 1.59 1.77 1.80 1.86 1.90 1.98 2.11 2.18 2.19 2.09 1.99 1.97 2.01 2.05 2.00 2.11 2.44 2.47 2.37 2.52 2.74 2.71 2.54 2.44 2.45 2.47 2.51 2.59 2.64 2.65 2.70 2.64 2.55 2.58 2.49 2.26 2.38 2.57 2.47 2.73 3.24 3.42 3.31 3.26 3.16 2.89 2.72 2.66 2.51 2.49 2.88 3.32 3.53 3.50 3.18 2.99 3.21 3.39 3.27 3.08 2.97 2.97 3.15 2.92 2.63 3.27 4.05 4.24 3.87 3.67
0.71 0.76 0.84 0.90 0.93 0.98 1.03 1.07 1.10 1.12 1.15 1.18 1.19 1.28 1.49 1.70 1.80 1.87 1.90 2.00 2.13 2.18 2.22 2.10 2.00 1.97 1.90 1.92 1.99 2.14 2.34 2.31 2.24 2.43 2.58 2.51 2.37 2.31 2.36 2.45 2.51 2.59 2.61 2.54 2.58 2.57 2.46 2.46 2.36 2.13 2.30 2.47 2.48 2.83 3.16 3.28 3.08 2.89 2.75 2.56 2.60 2.62 2.32 2.39 3.06 3.46 3.53 3.29 2.71 2.74 3.25 3.45 3.27 3.01 2.86 2.86 3.10 3.12 3.10 3.72 4.17 4.27 4.01 3.81
0.67 0.71 0.79 0.84 0.88 0.94 1.00 1.05 1.08 1.11 1.14 1.17 1.19 1.24 1.42 1.67 1.80 1.86 1.91 2.00 2.11 2.16 2.16 2.05 1.95 1.82 1.66 1.73 1.90 2.02 2.11 2.12 2.16 2.32 2.39 2.32 2.26 2.28 2.38 2.43 2.44 2.53 2.50 2.38 2.47 2.51 2.30 2.20 2.15 2.06 2.23 2.31 2.35 2.70 2.92 3.00 2.87 2.65 2.47 2.40 2.60 2.63 2.40 2.65 3.24 3.40 3.36 2.97 2.39 2.76 3.41 3.50 3.30 2.97 2.78 2.97 3.37 3.65 3.79 4.01 4.13 4.22 4.16 4.24
0.63 0.66 0.73 0.79 0.84 0.90 0.96 1.00 1.04 1.08 1.12 1.16 1.17 1.20 1.36 1.64 1.79 1.84 1.91 1.99 2.06 2.07 2.05 1.96 1.79 1.56 1.46 1.60 1.78 1.88 1.96 2.06 2.16 2.22 2.18 2.18 2.25 2.32 2.37 2.32 2.36 2.48 2.36 2.24 2.34 2.31 2.05 1.92 2.02 2.16 2.20 2.14 2.21 2.57 2.85 2.84 2.70 2.49 2.27 2.35 2.69 2.77 2.74 2.99 3.23 3.24 3.14 2.84 2.63 3.06 3.39 3.41 3.43 3.18 3.13 3.46 3.78 4.11 4.17 3.98 4.02 4.27 4.42 4.76
0.59 0.62 0.68 0.73 0.79 0.86 0.91 0.96 1.01 1.05 1.09 1.13 1.14 1.16 1.32 1.60 1.78 1.82 1.87 1.95 1.97 1.93 1.88 1.78 1.60 1.44 1.44 1.59 1.72 1.80 1.91 2.03 2.11 2.08 2.01 2.15 2.30 2.33 2.29 2.20 2.27 2.28 2.05 2.00 2.12 2.05 1.83 1.78 2.05 2.28 2.20 2.09 2.12 2.49 2.91 2.82 2.53 2.23 2.04 2.39 2.91 3.03 3.16 3.28 3.17 3.10 3.05 3.11 3.19 3.17 3.18 3.39 3.71 3.62 3.46 3.54 3.87 4.21 4.03 3.74 4.02 4.42 4.62 4.86
0.55 0.57 0.63 0.69 0.75 0.81 0.86 0.91 0.97 1.02 1.06 1.11 1.12 1.14 1.29 1.57 1.78 1.78 1.79 1.86 1.83 1.73 1.68 1.62 1.53 1.48 1.51 1.60 1.67 1.70 1.84 2.00 2.04 1.98 2.00 2.17 2.23 2.18 2.09 1.97 1.98 1.87 1.81 1.94 1.99 1.92 1.80 1.77 2.02 2.30 2.31 2.14 2.09 2.49 2.95 2.90 2.49 2.01 1.87 2.50 3.24 3.43 3.57 3.39 3.10 3.19 3.30 3.53 3.57 3.18 3.10 3.64 4.01 3.75 3.30 3.36 3.81 3.91 3.69 3.86 4.33 4.49 4.49 4.51
0.50 0.52 0.58 0.64 0.69 0.75 0.81 0.87 0.93 0.98 1.03 1.09 1.12 1.15 1.28 1.57 1.74 1.73 1.70 1.73 1.70 1.61 1.57 1.55 1.55 1.57 1.56 1.57 1.61 1.67 1.89 2.05 1.98 1.93 1.95 1.94 1.91 1.89 1.79 1.74 1.73 1.65 1.79 2.06 1.94 1.85 1.97 1.85 1.83 2.21 2.51 2.32 2.29 2.70 2.95 2.94 2.62 2.06 1.96 2.73 3.56 3.84 3.74 3.17 3.04 3.53 3.66 3.77 3.87 3.35 3.20 3.74 3.94 3.46 3.17 3.40 3.54 3.46 3.68 4.44 4.61 4.19 4.10 4.04
0.45 0.48 0.53 0.58 0.64 0.70 0.77 0.83 0.89 0.95 1.00 1.06 1.11 1.15 1.28 1.53 1.65 1.63 1.60 1.61 1.60 1.54 1.50 1.52 1.59 1.62 1.54 1.53 1.62 1.75 1.93 1.93 1.72 1.63 1.61 1.60 1.66 1.69 1.65 1.66 1.69 1.70 1.95 2.15 1.96 1.88 2.05 1.94 1.89 2.31 2.66 2.56 2.59 2.79 2.79 2.76 2.70 2.33 2.25 3.06 3.81 4.00 3.63 2.94 3.08 3.76 3.92 3.96 3.98 3.55 3.31 3.47 3.63 3.43 3.36 3.34 3.15 3.45 4.26 4.78 4.26 3.65 3.67 3.56
0.40 0.43 0.48 0.54 0.59 0.66 0.72 0.78 0.85 0.91 0.97 1.03 1.09 1.15 1.26 1.44 1.55 1.54 1.52 1.50 1.48 1.44 1.43 1.49 1.57 1.55 1.48 1.50 1.61 1.71 1.74 1.59 1.36 1.31 1.41 1.55 1.65 1.66 1.66 1.74 1.81 1.88 2.01 2.04 1.95 1.97 2.05 2.06 2.27 2.61 2.73 2.67 2.64 2.63 2.57 2.62 2.81 2.72 2.68 3.25 3.85 3.94 3.44 2.96 3.23 3.85 4.20 4.14 3.80 3.51 3.45 3.38 3.62 3.66 3.33 3.16 3.22 3.81 4.48 4.24 3.56 3.40 3.31 3.13
0.36 0.38 0.43 0.49 0.55 0.61 0.68 0.74 0.81 0.87 0.93 0.99 1.06 1.13 1.22 1.34 1.43 1.45 1.42 1.39 1.35 1.36 1.39 1.44 1.48 1.47 1.46 1.47 1.52 1.54 1.46 1.28 1.17 1.24 1.43 1.62 1.71 1.68 1.66 1.79 1.84 1.85 1.94 1.93 1.94 2.07 2.20 2.28 2.45 2.64 2.66 2.59 2.50 2.47 2.53 2.71 2.92 2.98 2.98 3.29 3.75 3.78 3.32 3.14 3.45 3.92 4.29 4.03 3.59 3.74 3.80 3.50 3.61 3.57 3.07 2.99 3.18 3.53 3.90 3.60 3.36 3.40 3.06 2.84
0.33 0.35 0.39 0.44 0.50 0.57 0.63 0.70 0.77 0.82 0.89 0.96 1.03 1.10 1.17 1.25 1.32 1.34 1.33 1.31 1.31 1.34 1.37 1.39 1.42 1.44 1.44 1.42 1.41 1.38 1.27 1.13 1.11 1.23 1.43 1.62 1.72 1.69 1.68 1.82 1.84 1.84 1.92 1.92 1.99 2.26 2.45 2.36 2.33 2.55 2.61 2.53 2.46 2.50 2.70 2.85 2.92 3.04 3.15 3.27 3.49 3.57 3.37 3.33 3.58 3.92 4.13 3.98 3.97 4.28 4.03 3.43 3.35 3.30 3.00 2.81 2.72 2.97 3.40 3.48 3.46 3.46 3.09 2.79
0.32 0.32 0.35 0.40 0.46 0.52 0.59 0.65 0.72 0.78 0.84 0.93 0.99 1.05 1.11 1.17 1.22 1.26 1.28 1.28 1.30 1.33 1.34 1.36 1.39 1.40 1.37 1.34 1.34 1.29 1.16 1.06 1.09 1.28 1.51 1.69 1.84 1.84 1.79 1.84 1.81 1.80 1.86 1.95 2.17 2.41 2.46 2.28 2.24 2.50 2.63 2.60 2.60 2.65 2.77 2.80 2.84 3.01 3.18 3.19 3.19 3.50 3.67 3.54 3.71 4.03 4.12 4.28 4.59 4.45 3.66 3.01 2.99 3.14 2.96 2.50 2.34 2.72 3.25 3.55 3.67 3.56 3.20 2.85
0.34 0.33 0.33 0.36 0.41 0.47 0.54 0.61 0.68 0.74 0.81 0.88 0.95 1.00 1.06 1.10 1.15 1.22 1.25 1.24 1.26 1.29 1.31 1.31 1.32 1.33 1.31 1.28 1.28 1.22 1.11 1.04 1.17 1.49 1.71 1.82 1.93 1.88 1.75 1.72 1.69 1.71 1.84 2.05 2.28 2.38 2.37 2.31 2.32 2.48 2.67 2.73 2.74 2.70 2.68 2.71 2.83 2.97 3.05 3.06 3.06 3.59 3.96 3.74 3.94 4.31 4.39 4.67 4.69 3.90 2.96 2.61 2.82 3.16 2.92 2.34 2.20 2.58 3.14 3.64 3.79 3.45 3.21 2.99
0.36 0.34 0.32 0.34 0.37 0.43 0.49 0.56 0.63 0.70 0.76 0.84 0.90 0.95 1.00 1.05 1.11 1.17 1.19 1.19 1.22 1.26 1.27 1.26 1.28 1.27 1.23 1.22 1.22 1.19 1.12 1.14 1.37 1.64 1.72 1.77 1.79 1.69 1.59 1.56 1.58 1.69 1.87 2.08 2.27 2.41 2.47 2.43 2.38 2.45 2.70 2.77 2.72 2.70 2.71 2.74 2.87 2.95 2.80 2.88 3.13 3.74 4.19 4.12 4.49 4.78 4.70 4.64 4.10 3.14 2.56 2.47 2.90 3.36 3.08 2.44 2.13 2.45 3.06 3.58 3.70 3.34 3.34 3.18
0.39 0.37 0.32 0.32 0.34 0.39 0.45 0.52 0.59 0.66 0.72 0.79 0.85 0.91 0.96 1.02 1.07 1.12 1.15 1.16 1.19 1.23 1.22 1.20 1.22 1.20 1.15 1.13 1.16 1.17 1.16 1.22 1.41 1.53 1.55 1.61 1.58 1.53 1.54 1.55 1.61 1.73 1.85 2.05 2.42 2.61 2.47 2.38 2.34 2.42 2.69 2.74 2.72 2.84 2.83 2.77 2.88 2.88 2.59 2.71 3.22 3.90 4.55 4.95 5.16 4.85 4.37 3.91 3.17 2.62 2.41 2.54 3.22 3.70 3.25 2.37 1.99 2.42 2.94 3.24 3.47 3.39 3.44 3.31
0.44 0.41 0.34 0.31 0.31 0.35 0.41 0.48 0.55 0.62 0.69 0.75 0.81 0.87 0.92 0.98 1.03 1.07 1.10 1.12 1.15 1.18 1.16 1.16 1.17 1.13 1.04 1.01 1.12 1.19 1.19 1.24 1.34 1.40 1.44 1.49 1.46 1.50 1.60 1.63 1.66 1.74 1.86 2.26 2.71 2.54 2.23 2.28 2.33 2.43 2.65 2.75 2.86 2.97 2.89 2.80 2.85 2.74 2.46 2.57 3.21 4.20 5.20 5.62 5.08 4.15 3.47 2.86 2.47 2.42 2.50 2.97 3.87 3.93 2.92 1.98 1.92 2.46 2.76 2.86 3.24 3.45 3.40 3.36
0.50 0.45 0.36 0.30 0.29 0.32 0.37 0.43 0.51 0.58 0.65 0.71 0.77 0.84 0.89 0.94 0.99 1.03 1.05 1.07 1.10 1.11 1.11 1.13 1.12 1.04 0.92 0.96 1.14 1.21 1.17 1.22 1.32 1.37 1.41 1.41 1.39 1.54 1.71 1.71 1.71 1.81 2.04 2.53 2.65 2.18 2.06 2.27 2.35 2.49 2.63 2.80 2.95 2.99 2.97 2.86 2.69 2.48 2.36 2.55 3.43 4.98 5.93 5.54 4.36 3.43 2.75 2.20 2.17 2.50 3.00 3.91 4.34 3.61 2.42 1.70 2.10 2.66 2.70 2.75 3.18 3.42 3.24 3.33
0.55 0.50 0.40 0.32 0.28 0.29 0.33 0.39 0.47 0.55 0.61 0.68 0.74 0.80 0.85 0.90 0.95 0.98 0.99 1.02 1.06 1.09 1.12 1.11 1.07 0.96 0.90 0.99 1.17 1.18 1.13 1.20 1.29 1.31 1.33 1.31 1.33 1.63 1.85 1.79 1.79 1.97 2.24 2.53 2.39 1.98 2.07 2.32 2.47 2.58 2.59 2.80 3.00 3.13 3.21 2.84 2.29 2.21 2.49 2.99 4.39 5.97 5.96 4.71 3.55 2.83 2.19 1.80 2.05 2.87 4.03 4.65 4.16 3.14 2.04 1.51 2.24 3.02 2.94 2.91 3.21 3.28 3.11 3.34
0.61 0.55 0.44 0.34 0.27 0.26 0.29 0.36 0.44 0.51 0.58 0.65 0.71 0.77 0.83 0.87 0.90 0.92 0.95 1.00 1.06 1.10 1.10 1.07 1.02 0.97 0.97 1.07 1.18 1.14 1.11 1.20 1.26 1.26 1.24 1.23 1.34 1.73 1.98 1.87 1.84 2.15 2.35 2.42 2.28 2.04 2.14 2.35 2.61 2.64 2.53 2.84 3.16 3.42 3.38 2.51 1.84 2.25 3.08 3.97 5.34 6.09 5.13 3.67 2.91 2.43 1.85 1.66 2.25 3.53 4.78 4.69 3.68 2.73 1.76 1.37 2.23 3.40 3.38 3.04 3.06 3.05 3.10 3.48
0.66 0.60 0.47 0.35 0.27 0.23 0.26 0.32 0.40 0.48 0.56 0.63 0.69 0.75 0.79 0.83 0.86 0.89 0.94 1.00 1.05 1.06 1.04 1.02 1.01 1.03 1.09 1.20 1.23 1.13 1.13 1.25 1.27 1.26 1.29 1.33 1.48 1.82 2.16 2.06 2.07 2.38 2.41 2.41 2.33 2.13 2.15 2.33 2.70 2.78 2.61 2.94 3.34 3.56 3.26 2.15 1.76 2.60 3.77 4.80 5.64 5.48 4.25 3.03 2.50 2.20 1.71 1.78 2.92 4.31 5.04 4.46 3.32 2.37 1.51 1.36 2.17 3.53 3.67 3.13 2.98 2.92 3.11 3.55
0.72 0.66 0.52 0.38 0.27 0.21 0.22 0.29 0.38 0.46 0.54 0.60 0.67 0.72 0.77 0.80 0.84 0.88 0.92 0.97 1.00 1.00 1.00 1.04 1.05 1.09 1.18 1.25 1.23 1.17 1.22 1.30 1.30 1.42 1.64 1.72 1.76 2.05 2.40 2.34 2.42 2.57 2.46 2.47 2.35 2.14 2.22 2.46 2.97 3.04 2.75 3.01 3.37 3.44 3.02 2.06 1.89 2.81 4.17 5.30 5.48 4.53 3.40 2.62 2.24 2.07 1.74 2.14 3.72 4.92 5.02 4.02 2.86 2.08 1.49 1.62 2.36 3.32 3.81 3.55 3.09 2.80 2.93 3.34
0.79 0.72 0.56 0.40 0.27 0.19 0.19 0.26 0.35 0.43 0.51 0.58 0.64 0.70 0.75 0.79 0.83 0.86 0.89 0.93 0.97 0.98 1.03 1.07 1.09 1.13 1.18 1.18 1.11 1.07 1.11 1.24 1.44 1.82 2.06 2.00 1.97 2.26 2.59 2.56 2.59 2.55 2.36 2.38 2.24 2.13 2.38 2.80 3.17 2.96 2.66 2.91 3.10 3.19 2.82 1.87 1.86 2.94 4.39 5.47 4.97 3.48 2.67 2.40 2.31 2.20 1.96 2.49 4.23 5.24 4.63 3.27 2.54 2.16 1.82 2.03 2.35 2.94 3.82 4.02 3.33 2.69 2.70 3.08
0.85 0.77 0.59 0.43 0.29 0.18 0.17 0.24 0.33 0.42 0.50 0.56 0.63 0.68 0.73 0.76 0.79 0.82 0.86 0.93 0.97 1.00 1.04 1.05 1.08 1.14 1.18 1.17 1.08 1.00 1.06 1.32 1.69 2.08 2.12 1.90 1.97 2.42 2.69 2.53 2.40 2.20 2.04 2.12 2.05 2.07 2.48 2.89 2.85 2.52 2.48 2.63 2.69 2.96 2.67 1.71 2.00 3.23 4.55 5.44 4.57 2.78 2.06 2.31 2.70 2.59 2.24 2.73 4.47 5.24 4.01 2.87 2.77 2.62 2.20 2.14 2.19 2.72 3.77 4.27 3.56 2.64 2.58 2.95
0.90 0.81 0.63 0.46 0.31 0.18 0.15 0.22 0.31 0.40 0.47 0.55 0.61 0.67 0.70 0.74 0.77 0.81 0.86 0.91 0.94 0.97 1.01 1.06 1.12 1.17 1.20 1.18 1.16 1.20 1.38 1.66 1.86 2.05 1.97 1.76 1.97 2.46 2.49 2.15 2.00 1.83 1.80 1.94 1.92 2.02 2.44 2.61 2.34 2.30 2.43 2.46 2.52 2.75 2.55 1.94 2.36 3.47 4.61 5.20 4.11 2.34 1.63 2.24 3.17 3.11 2.62 3.01 4.47 5.02 3.81 3.15 3.34 2.93 2.31 2.13 2.18 2.69 3.67 4.31 3.55 2.53 2.58 2.91
0.95 0.85 0.66 0.49 0.33 0.17 0.12 0.20 0.29 0.37 0.45 0.53 0.59 0.64 0.68 0.72 0.76 0.81 0.85 0.88 0.91 0.95 1.02 1.10 1.14 1.17 1.17 1.16 1.20 1.35 1.57 1.74 1.76 1.90 2.00 1.86 2.03 2.31 2.15 1.85 1.78 1.68 1.71 1.82 1.78 2.00 2.31 2.22 2.07 2.26 2.40 2.41 2.48 2.53 2.47 2.36 2.71 3.50 4.42 4.86 3.95 2.29 1.48 2.17 3.44 3.57 3.06 3.21 4.19 4.88 4.20 3.69 3.53 2.79 2.26 2.20 2.31 2.72 3.53 4.01 3.40 2.66 2.80 3.06
1.02 0.92 0.72 0.54 0.36 0.19 0.10 0.17 0.26 0.35 0.44 0.51 0.57 0.62 0.66 0.71 0.75 0.79 0.81 0.84 0.90 0.97 1.04 1.07 1.10 1.13 1.14 1.15 1.21 1.32 1.49 1.60 1.66 1.92 2.17 2.08 2.01 2.04 1.88 1.69 1.61 1.52 1.55 1.59 1.65 1.96 2.07 1.95 2.05 2.25 2.32 2.38 2.43 2.38 2.46 2.72 3.03 3.38 3.99 4.65 4.13 2.53 1.60 2.07 3.39 3.85 3.57 3.50 4.27 5.05 4.45 3.71 3.24 2.54 2.22 2.24 2.37 2.77 3.19 3.41 3.27 2.98 3.11 3.37
1.06 0.97 0.78 0.60 0.40 0.21 0.08 0.14 0.24 0.33 0.41 0.48 0.54 0.60 0.65 0.69 0.72 0.75 0.78 0.83 0.89 0.96 1.00 1.04 1.08 1.10 1.11 1.15 1.18 1.26 1.46 1.62 1.84 2.14 2.26 2.02 1.77 1.68 1.60 1.42 1.30 1.28 1.40 1.46 1.67 1.99 1.93 1.94 2.16 2.24 2.27 2.38 2.43 2.41 2.60 2.95 3.18 3.26 3.60 4.44 4.36 2.91 1.84 2.02 3.07 3.94 4.14 4.17 4.87 5.03 3.95 3.28 2.96 2.44 2.29 2.28 2.29 2.54 2.72 2.88 3.12 3.11 3.29 3.61
1.14 1.05 0.84 0.62 0.40 0.21 0.07 0.09 0.20 0.31 0.38 0.45 0.51 0.57 0.61 0.65 0.69 0.72 0.76 0.81 0.87 0.91 0.96 1.01 1.06 1.08 1.12 1.14 1.17 1.36 1.64 1.85 2.04 2.12 2.03 1.73 1.42 1.27 1.22 1.13 1.07 1.18 1.40 1.53 1.80 2.05 1.95 2.04 2.20 2.17 2.31 2.45 2.49 2.62 2.85 3.02 3.11 3.20 3.42 4.13 4.44 3.32 2.18 2.12 2.71 3.81 4.63 5.02 5.09 4.19 3.03 2.93 2.94 2.69 2.54 2.29 2.10 2.17 2.52 2.85 2.88 2.88 3.23 3.73
