windninja/windninja_output/Output_2025-10-23_1700-1750_Google earth_Fire_150m_10min/merlingen_7.5mi_point_10-23-2025_1750_150m_ang.asc
ncols	158
nrows	163
xllcorner	391686.332397
yllcorner	5160024.123721
cellsize	150.000000
NODATA_value	-32768.000000
[rows 0 to 41 of 163, columns 0 to 94 of 158]
80 78 74 69 65 64 61 55 52 51 48 41 34 33 37 43 49 50 50 52 47 32 28 30 33 34 31 27 26 25 24 24 24 22 20 21 21 19 17 14 12 10 9 7 4 1 359 355 351 350 350 348 347 347 346 344 341 337 334 333 333 331 329 326 325 323 321 319 319 320 320 318 315 311 309 309 308 305 303 304 303 299 295 294 294 291 286 282 280 277 273 272 271 267 262
80 79 75 71 68 66 61 57 57 55 50 41 33 34 39 45 48 47 48 49 43 31 28 32 35 34 31 28 28 28 27 26 25 24 22 23 22 20 17 15 13 11 10 8 5 2 360 356 352 350 349 347 346 346 345 343 341 338 335 333 332 331 329 327 326 324 321 319 318 319 319 318 315 313 310 309 308 305 304 305 304 300 296 294 292 292 291 286 282 280 277 276 274 272 268
79 79 76 73 71 67 60 60 61 58 49 37 30 35 41 47 47 45 46 45 39 30 28 32 36 36 33 31 31 31 31 30 28 26 25 24 22 20 18 16 14 12 10 8 6 3 0 358 355 351 348 347 346 345 343 342 340 337 335 334 333 331 329 327 326 325 322 318 316 316 318 317 315 313 312 310 308 305 304 305 305 300 297 295 292 294 297 292 286 284 284 283 282 281 280
78 77 73 71 70 65 60 61 59 55 45 32 30 36 43 50 50 47 47 45 41 36 30 30 35 36 34 33 31 31 32 32 31 29 26 24 23 23 21 18 15 13 11 8 6 3 1 359 358 354 351 349 348 346 344 341 338 336 334 333 332 331 329 327 326 324 321 317 314 315 317 316 313 311 309 310 308 304 302 303 305 300 296 296 293 294 300 297 292 289 288 287 288 288 287
78 76 72 69 68 65 63 64 61 54 43 32 30 38 47 53 53 51 49 47 45 42 34 28 34 35 34 32 30 30 31 31 31 29 27 26 26 25 22 18 15 13 11 9 7 5 3 1 359 356 354 351 348 346 343 341 337 335 333 331 330 329 328 326 324 323 320 316 312 313 314 312 310 309 308 307 305 302 300 301 303 299 295 296 293 293 299 302 299 296 292 291 294 296 296
81 80 75 70 68 67 67 67 63 53 43 36 32 41 52 56 55 53 51 50 49 48 41 31 33 36 35 33 31 30 30 31 31 30 28 27 26 24 21 19 16 14 13 12 10 8 6 3 360 358 356 353 349 346 343 340 337 334 332 331 329 329 327 325 323 322 320 315 311 313 313 309 308 309 309 306 303 302 300 298 297 297 296 295 293 291 295 301 301 300 298 296 297 301 301
83 83 80 75 71 69 69 67 61 52 46 40 36 45 56 58 56 54 51 50 51 51 47 37 36 38 38 37 35 33 32 33 33 32 30 28 26 24 23 21 19 18 17 16 14 12 9 5 2 359 357 354 350 347 343 339 336 333 331 330 329 329 328 325 322 321 319 314 311 313 313 309 308 310 310 306 303 301 301 298 295 297 298 295 292 289 291 296 300 301 300 297 296 297 297
82 82 82 81 77 73 70 66 60 54 50 44 40 48 57 59 56 54 52 51 51 52 49 44 39 38 39 39 37 35 36 37 36 35 33 32 29 28 27 26 24 23 22 20 17 14 11 7 3 1 358 354 351 348 343 338 335 332 331 329 329 330 329 326 322 320 317 313 311 313 313 309 307 309 309 305 300 298 299 297 293 296 299 296 293 291 291 294 298 300 300 297 294 293 294
81 81 80 81 79 76 72 67 61 58 55 50 46 50 58 59 56 55 54 52 53 53 51 47 41 36 38 41 39 38 41 41 39 38 39 38 35 34 33 32 31 29 27 24 21 16 13 9 5 3 359 354 351 348 342 337 335 332 330 328 327 327 327 325 321 318 316 313 312 311 309 305 303 304 304 303 298 295 296 295 292 294 300 300 298 297 296 297 300 304 305 303 300 300 301
82 81 80 79 77 75 71 68 65 62 59 57 52 53 58 59 58 57 55 54 54 54 52 48 42 36 36 40 39 39 44 43 41 42 43 42 39 38 37 37 35 32 30 27 24 20 16 12 7 3 359 355 352 346 340 336 333 330 327 325 323 322 322 321 317 314 313 312 312 309 304 301 301 301 301 299 295 295 298 297 294 295 300 302 300 299 299 299 303 307 306 305 304 305 303
82 82 80 78 75 73 71 69 67 64 62 60 58 57 61 62 61 60 58 56 56 54 53 49 44 39 35 38 41 42 46 46 44 46 47 45 42 41 40 39 37 35 33 30 27 24 18 15 11 6 360 355 350 343 337 332 329 324 321 320 317 315 317 317 312 310 309 308 309 305 300 299 301 301 299 295 292 296 302 301 297 295 297 300 300 301 300 298 300 303 300 298 300 302 298
83 82 80 78 75 74 72 71 68 66 65 63 60 59 62 65 65 63 60 60 59 57 55 51 46 42 37 39 44 47 49 49 48 50 50 48 46 44 43 41 39 38 36 32 31 28 23 20 17 11 2 355 346 337 331 325 321 317 313 310 305 303 307 310 307 305 303 303 306 305 301 300 300 302 302 300 299 301 305 305 300 296 296 299 302 304 301 296 296 301 297 291 293 298 295
83 82 81 78 76 75 74 72 69 67 66 64 61 60 65 70 70 66 63 63 63 61 58 54 50 46 42 44 48 50 51 51 51 52 51 50 50 48 46 44 42 41 38 34 33 32 29 27 25 18 7 356 344 332 322 317 314 311 306 298 292 292 296 299 300 298 297 299 307 307 303 299 299 304 308 307 305 304 305 307 303 299 298 299 300 303 300 294 295 302 296 288 288 294 292
83 83 81 79 77 75 74 72 70 69 67 66 62 60 66 72 75 73 69 67 65 63 60 57 53 49 46 47 50 51 53 54 55 53 51 52 52 50 49 46 45 45 44 43 44 42 37 33 31 25 15 2 350 334 317 311 308 306 302 295 293 294 296 298 297 294 293 297 306 309 304 300 300 305 309 306 302 299 299 301 302 300 299 296 294 296 295 289 288 294 291 284 281 284 284
84 83 81 80 78 76 74 72 71 69 68 67 64 61 64 70 74 76 74 70 67 63 61 57 54 51 49 50 51 52 54 57 57 55 53 53 52 51 51 51 53 54 54 56 56 52 46 37 31 28 21 9 358 342 326 316 313 313 312 304 300 301 302 303 300 297 297 299 303 309 309 304 302 302 304 302 298 294 291 293 297 298 296 291 287 288 287 282 278 280 282 277 273 273 276
84 83 81 80 78 76 75 73 72 70 69 68 66 64 65 70 71 71 71 70 67 63 60 57 55 55 52 51 52 53 55 56 54 53 54 56 57 58 58 58 60 59 57 58 55 49 46 41 34 29 22 12 1 348 339 331 325 324 321 310 305 304 306 307 302 299 301 301 302 310 312 305 300 299 300 300 296 291 290 293 295 295 290 286 283 280 277 273 270 269 272 272 270 270 272
84 83 81 80 78 76 75 74 72 71 70 69 69 68 70 73 71 68 66 66 65 62 59 57 57 56 53 52 53 54 57 57 54 55 58 61 64 64 63 61 59 56 55 54 50 46 45 42 36 28 21 12 0 350 343 337 330 328 325 314 307 304 305 308 303 298 298 301 302 307 311 306 299 300 302 300 296 294 294 293 292 289 284 279 275 272 268 265 268 272 273 272 270 269 271
84 83 81 80 78 77 75 74 73 72 71 70 70 71 74 76 73 69 66 65 64 62 60 60 60 59 56 56 57 58 59 57 55 56 59 61 62 62 59 58 57 56 56 55 52 49 47 42 35 28 20 11 1 353 346 338 330 327 325 316 308 305 305 306 303 297 296 299 300 301 305 308 303 303 304 301 300 297 292 286 282 280 277 271 266 265 265 265 271 280 282 275 271 270 270
84 83 81 80 78 77 76 75 74 72 71 71 71 72 74 76 75 71 68 66 64 63 62 63 63 62 60 60 61 61 60 57 55 55 57 59 61 61 60 60 60 59 58 57 55 53 51 44 37 32 23 11 3 356 348 338 330 325 321 315 307 303 304 305 303 299 295 295 296 297 302 308 306 303 304 302 297 290 281 274 274 274 273 271 267 266 267 270 273 280 286 280 274 273 271
84 84 82 80 78 77 76 75 74 73 71 71 71 72 73 74 74 71 68 67 65 64 64 64 63 63 62 61 61 61 59 56 55 58 61 63 65 65 63 62 61 59 58 57 56 54 51 46 40 36 28 15 4 355 345 337 330 323 318 312 304 299 300 301 300 297 293 292 295 299 303 307 304 301 303 302 293 281 275 273 274 276 278 279 275 271 270 270 272 277 285 286 278 274 273
85 84 82 80 79 77 76 75 74 73 72 72 71 71 71 72 71 69 68 67 66 65 64 63 63 63 62 62 60 59 57 55 56 59 62 64 65 64 61 60 59 59 59 59 58 56 53 49 43 38 31 19 6 352 342 335 329 321 315 310 304 297 296 299 298 296 295 295 298 300 302 302 299 297 300 302 294 283 278 278 279 281 282 283 281 275 272 269 271 277 284 288 279 274 275
85 84 82 81 79 78 76 75 74 73 72 72 71 71 71 70 69 68 68 67 66 65 64 64 64 63 62 62 61 60 58 55 56 61 62 62 63 62 60 60 60 59 60 60 60 59 57 52 46 41 33 22 7 352 340 333 326 319 313 307 302 296 295 298 298 298 299 299 299 298 296 294 291 292 296 304 301 288 280 279 280 280 279 282 285 279 273 271 274 278 283 288 279 274 276
85 84 82 81 79 78 76 75 74 73 73 72 71 71 71 70 69 68 68 67 66 65 65 65 63 63 62 62 61 61 59 57 59 64 65 65 65 63 61 62 61 60 61 62 62 61 57 53 49 43 34 23 9 354 341 332 324 318 314 307 301 295 294 298 300 302 303 300 297 293 290 289 288 289 296 306 308 295 285 279 276 275 276 281 286 284 280 277 277 279 282 285 278 274 276
85 84 82 81 79 78 76 75 74 74 73 72 71 70 70 70 69 69 69 68 66 65 65 64 63 63 62 62 63 63 62 62 65 67 67 67 68 66 65 65 63 62 63 63 63 62 57 54 51 44 36 26 10 353 342 332 322 317 316 309 300 294 292 298 303 305 303 298 291 285 283 283 286 290 296 304 309 299 290 280 273 272 274 276 282 287 288 282 278 277 279 279 275 274 274
85 85 83 81 79 78 76 75 75 74 73 72 71 71 70 69 69 69 69 68 67 66 66 64 63 62 61 61 65 68 68 68 69 69 68 68 68 68 69 68 67 66 64 64 64 62 57 56 53 48 40 27 9 353 341 332 323 318 316 311 300 294 294 298 301 301 296 288 280 276 278 283 289 293 295 297 300 299 293 285 276 273 272 271 276 284 289 284 279 277 276 274 273 273 274
86 85 83 81 80 78 76 75 75 74 73 72 72 72 70 70 70 70 69 69 68 67 66 64 62 60 58 61 66 70 70 72 73 71 69 67 66 69 72 71 69 68 67 67 66 61 58 59 57 51 42 29 10 352 339 331 325 319 313 307 301 299 299 300 299 296 291 281 273 272 279 288 293 293 293 290 287 293 298 294 287 280 275 271 273 279 285 284 280 278 278 278 274 273 273
85 84 83 81 80 78 76 76 76 74 73 72 72 72 71 71 70 70 70 69 69 68 66 64 62 57 55 61 66 68 70 74 77 77 74 68 66 69 73 73 72 71 71 71 68 62 59 59 57 50 41 31 13 349 336 332 328 319 311 307 304 301 300 299 294 290 285 278 273 275 284 291 294 293 295 291 281 285 298 303 295 287 281 276 275 276 279 278 276 277 282 287 279 273 271
85 84 83 81 80 78 77 77 76 74 73 72 72 72 72 72 72 71 71 70 69 68 67 65 62 56 55 61 65 65 68 74 78 80 80 75 70 71 74 75 73 74 74 72 67 61 58 57 56 51 41 30 12 349 336 336 335 322 314 310 304 299 297 294 289 283 279 275 277 282 286 290 292 292 294 294 282 281 290 303 300 293 288 284 280 276 273 271 271 272 278 290 287 276 271
86 85 83 81 79 78 78 77 75 74 73 73 72 72 72 73 72 72 71 71 70 69 68 66 63 57 56 62 63 61 63 70 75 78 81 81 77 74 75 75 73 74 73 70 66 60 57 56 55 50 38 25 11 351 339 341 341 325 312 308 304 299 295 292 287 282 279 279 284 287 288 288 289 289 290 293 286 279 281 293 302 300 293 287 281 274 269 269 269 268 271 283 292 285 278
86 85 83 81 79 79 78 77 75 74 73 73 73 73 73 74 73 73 72 72 71 71 70 68 65 60 62 65 62 58 59 64 69 74 80 81 76 75 76 75 72 71 67 66 64 59 57 55 51 44 31 22 11 356 343 343 340 323 308 302 301 298 291 286 283 281 282 284 286 289 289 287 284 282 287 292 288 278 275 283 297 303 296 287 279 274 273 274 272 267 266 273 286 290 286
87 86 83 80 79 79 78 76 75 75 74 74 74 74 74 74 74 74 73 73 73 72 70 68 66 67 69 69 64 60 61 64 68 74 79 77 73 75 76 73 70 67 64 62 60 56 56 54 50 42 32 23 12 360 349 347 338 318 304 296 295 293 285 277 277 282 287 287 283 285 286 282 277 280 289 293 288 278 274 278 290 301 298 288 282 280 279 278 274 267 262 264 273 284 286
87 86 83 80 80 80 78 76 76 75 75 74 74 75 75 75 75 75 75 74 73 73 72 71 70 71 72 70 66 64 67 71 73 77 78 74 72 77 77 72 69 67 64 63 61 58 58 58 54 47 39 29 17 3 353 351 336 314 300 293 290 290 281 273 276 285 292 289 282 281 282 279 280 287 294 294 288 279 274 276 283 294 295 290 287 284 281 276 270 266 262 261 263 273 283
86 85 83 81 81 80 78 76 76 76 75 75 75 75 76 76 76 76 76 75 75 75 74 73 74 74 74 71 65 64 70 75 75 76 77 74 75 79 77 71 69 67 65 66 64 62 63 62 57 52 46 35 21 6 356 350 334 314 298 289 287 288 283 273 276 285 296 293 282 278 279 283 288 294 298 296 291 283 276 274 276 281 286 289 287 283 279 274 268 265 264 262 262 268 278
86 84 82 82 82 80 78 77 77 77 76 76 77 76 76 76 76 76 76 77 78 78 76 76 76 77 77 74 69 70 74 75 74 74 75 77 80 79 75 70 69 67 65 67 66 66 67 63 59 56 50 39 25 9 356 343 329 313 296 286 285 290 293 280 276 281 292 296 285 280 282 288 291 294 297 298 296 288 279 271 267 268 276 284 287 283 277 275 270 266 264 264 267 272 279
86 84 82 82 82 80 78 77 77 77 78 78 78 78 78 77 77 78 78 78 79 79 79 80 80 79 78 77 76 79 81 78 75 75 75 75 76 76 72 69 68 66 67 69 69 71 71 66 64 61 54 43 29 12 353 334 321 309 295 284 283 291 302 290 277 276 284 292 291 288 288 289 287 289 293 297 297 292 281 269 261 262 268 276 284 284 276 274 273 267 265 267 272 277 282
86 85 83 83 82 80 78 78 78 78 79 79 79 79 79 79 79 79 80 80 80 80 81 82 82 81 80 78 79 84 87 84 81 79 76 71 67 71 71 68 68 68 69 71 72 73 72 68 66 62 54 44 30 12 351 331 316 306 295 283 280 286 301 297 281 274 277 287 294 293 290 284 280 282 287 293 294 287 280 273 266 261 262 266 273 283 280 274 274 272 271 273 274 276 280
87 86 85 84 81 79 79 79 79 79 80 80 80 80 80 80 81 81 81 81 81 82 82 83 84 84 83 81 82 88 92 91 87 83 78 70 64 65 67 69 70 71 72 73 73 73 71 69 67 62 53 44 30 10 349 332 317 305 295 284 280 284 296 300 288 276 276 283 290 291 284 276 275 281 287 291 290 282 277 279 275 265 259 258 265 279 287 278 275 279 278 276 274 274 279
87 87 86 85 82 80 80 81 81 81 81 81 81 81 82 82 82 82 82 82 83 83 83 84 85 86 86 85 87 93 94 92 89 84 78 72 65 62 66 70 72 73 74 73 73 74 72 69 66 61 54 44 28 7 347 331 318 306 296 287 282 284 293 300 294 281 278 281 284 281 274 274 279 287 289 286 289 285 277 278 280 271 262 258 263 275 290 286 279 281 282 277 275 278 281
88 88 86 84 83 82 82 82 83 83 83 83 83 83 84 84 83 84 84 84 84 84 85 85 86 87 88 91 95 95 93 91 88 84 79 71 62 64 69 72 73 74 75 75 75 74 71 67 61 57 51 39 23 6 346 332 324 314 304 295 288 286 289 297 295 284 279 279 278 273 275 282 288 289 284 281 289 297 278 273 277 275 268 264 267 272 282 291 285 282 281 278 279 281 280
88 88 87 85 84 84 84 84 85 86 85 84 84 85 85 85 85 85 85 86 86 86 86 87 87 88 90 96 98 95 92 92 89 85 79 69 61 67 71 72 74 76 77 77 75 72 71 66 59 54 47 32 15 2 346 336 331 324 313 304 297 288 282 286 292 284 279 277 274 276 285 289 288 282 277 281 292 308 285 270 268 270 270 271 270 271 278 290 289 282 278 278 280 279 275
88 88 88 87 86 86 86 87 88 88 87 86 87 87 86 86 86 87 87 87 87 87 87 88 88 90 93 96 97 95 93 93 91 86 79 70 68 71 71 72 74 77 79 78 74 71 68 63 57 51 43 25 5 354 344 337 333 327 315 304 296 282 272 275 286 285 278 276 276 283 288 286 279 277 279 285 296 318 297 272 263 261 268 272 272 274 280 289 289 283 279 277 275 273 273
88 88 89 89 88 89 89 89 89 89 89 89 89 89 88 88 88 88 88 88 89 89 89 89 89 91 93 95 96 96 94 92 91 87 80 74 76 77 76 75 75 75 74 72 72 69 64 57 51 44 36 18 360 349 340 332 329 323 310 297 288 280 274 275 281 285 279 278 283 286 284 276 276 283 287 289 297 320 299 275 264 262 267 271 274 278 281 283 283 283 281 275 268 268 274
