windninja/windninja_output/Output_2025-10-23_1700-1750_Google earth_Fire_150m_10min/merlingen_7.5mi_point_10-23-2025_1750_150m_vel.asc
ncols	158
nrows	163
xllcorner	391686.332397
yllcorner	5160024.123721
cellsize	150.000000
NODATA_value	-32768.000000
[rows 38 to 75 of 163, columns 0 to 83 of 158]
1.22 1.25 1.29 1.31 1.30 1.31 1.33 1.35 1.36 1.39 1.39 1.35 1.35 1.37 1.36 1.33 1.31 1.29 1.26 1.24 1.21 1.17 1.12 1.09 1.03 0.93 0.82 0.73 0.84 1.07 1.08 1.05 1.10 1.12 1.16 1.05 0.88 0.90 0.95 0.88 0.81 0.77 0.72 0.66 0.63 0.58 0.50 0.42 0.37 0.33 0.27 0.21 0.19 0.17 0.17 0.20 0.23 0.25 0.30 0.39 0.46 0.47 0.42 0.36 0.35 0.54 0.89 1.03 0.81 0.58 0.62 0.78 0.85 0.69 0.50 0.56 0.56 0.43 0.61 0.84 0.69 0.63 0.76 1.00
1.28 1.30 1.31 1.32 1.32 1.33 1.35 1.38 1.39 1.40 1.39 1.36 1.36 1.38 1.38 1.34 1.31 1.29 1.27 1.25 1.22 1.17 1.13 1.10 1.05 0.95 0.86 0.81 0.90 1.04 1.06 1.02 1.02 1.03 1.06 0.94 0.83 0.92 0.98 0.92 0.85 0.78 0.73 0.66 0.61 0.58 0.50 0.41 0.35 0.33 0.28 0.23 0.22 0.22 0.24 0.27 0.29 0.31 0.35 0.41 0.44 0.43 0.42 0.38 0.36 0.54 0.91 1.00 0.75 0.65 0.78 0.88 0.79 0.55 0.46 0.67 0.66 0.40 0.48 0.79 0.72 0.62 0.74 1.02
1.32 1.37 1.33 1.32 1.34 1.33 1.36 1.41 1.42 1.38 1.37 1.37 1.36 1.38 1.38 1.34 1.31 1.30 1.27 1.25 1.22 1.18 1.14 1.11 1.07 0.98 0.91 0.88 0.90 0.99 1.06 1.01 0.94 0.95 0.93 0.83 0.79 0.88 0.95 0.95 0.89 0.82 0.75 0.65 0.58 0.56 0.51 0.41 0.34 0.32 0.29 0.24 0.25 0.28 0.30 0.31 0.33 0.34 0.36 0.39 0.36 0.34 0.40 0.45 0.42 0.55 0.89 0.94 0.77 0.82 0.88 0.80 0.66 0.47 0.53 0.83 0.71 0.36 0.39 0.67 0.71 0.67 0.83 1.09
1.31 1.35 1.32 1.30 1.32 1.34 1.37 1.42 1.42 1.37 1.35 1.37 1.37 1.37 1.37 1.34 1.31 1.30 1.28 1.25 1.22 1.18 1.13 1.12 1.08 1.01 0.96 0.92 0.88 0.96 1.05 0.99 0.89 0.85 0.79 0.75 0.78 0.83 0.87 0.92 0.90 0.85 0.77 0.66 0.58 0.54 0.50 0.43 0.36 0.33 0.29 0.26 0.26 0.27 0.27 0.28 0.28 0.28 0.30 0.31 0.28 0.27 0.37 0.50 0.51 0.60 0.83 0.92 0.88 0.89 0.77 0.68 0.66 0.52 0.67 0.93 0.64 0.29 0.31 0.53 0.65 0.69 0.92 1.17
1.26 1.28 1.27 1.27 1.30 1.35 1.36 1.38 1.40 1.36 1.33 1.36 1.36 1.35 1.35 1.33 1.31 1.29 1.28 1.26 1.22 1.16 1.13 1.12 1.09 1.03 0.99 0.94 0.90 0.95 1.00 0.95 0.86 0.78 0.70 0.69 0.75 0.82 0.85 0.86 0.86 0.83 0.77 0.69 0.60 0.51 0.47 0.43 0.37 0.31 0.27 0.25 0.24 0.23 0.23 0.23 0.22 0.21 0.22 0.24 0.25 0.28 0.39 0.50 0.58 0.69 0.83 0.95 0.95 0.80 0.65 0.71 0.75 0.65 0.84 0.92 0.51 0.21 0.23 0.44 0.60 0.71 0.95 1.27
1.22 1.22 1.21 1.23 1.28 1.34 1.34 1.34 1.37 1.35 1.32 1.34 1.35 1.33 1.32 1.32 1.29 1.28 1.27 1.25 1.20 1.15 1.13 1.11 1.09 1.04 1.00 0.97 0.93 0.93 0.94 0.91 0.84 0.75 0.67 0.65 0.70 0.81 0.84 0.82 0.81 0.79 0.76 0.69 0.59 0.49 0.45 0.42 0.36 0.29 0.25 0.23 0.23 0.22 0.21 0.20 0.18 0.17 0.18 0.23 0.28 0.33 0.41 0.49 0.64 0.82 0.91 0.97 0.90 0.68 0.63 0.80 0.83 0.78 0.90 0.81 0.40 0.15 0.20 0.41 0.60 0.78 1.07 1.46
1.17 1.16 1.17 1.22 1.27 1.29 1.30 1.31 1.33 1.33 1.31 1.31 1.32 1.31 1.30 1.29 1.28 1.27 1.26 1.24 1.19 1.15 1.12 1.10 1.08 1.04 1.01 0.98 0.94 0.90 0.90 0.89 0.82 0.74 0.67 0.63 0.69 0.78 0.79 0.76 0.75 0.76 0.76 0.68 0.56 0.48 0.44 0.40 0.35 0.29 0.26 0.24 0.23 0.22 0.19 0.17 0.15 0.15 0.18 0.25 0.32 0.39 0.44 0.53 0.76 0.95 0.99 0.94 0.79 0.63 0.68 0.83 0.86 0.85 0.85 0.63 0.27 0.11 0.22 0.44 0.67 0.93 1.28 1.51
1.12 1.12 1.15 1.20 1.22 1.23 1.26 1.28 1.28 1.29 1.30 1.29 1.28 1.28 1.28 1.27 1.26 1.26 1.24 1.21 1.17 1.14 1.11 1.08 1.07 1.04 1.01 0.97 0.93 0.89 0.88 0.86 0.81 0.74 0.68 0.66 0.68 0.72 0.73 0.70 0.70 0.75 0.75 0.65 0.52 0.47 0.45 0.40 0.33 0.28 0.25 0.22 0.20 0.18 0.15 0.14 0.13 0.16 0.23 0.31 0.38 0.45 0.54 0.69 0.92 1.01 0.98 0.88 0.67 0.60 0.71 0.81 0.86 0.86 0.76 0.54 0.22 0.13 0.29 0.56 0.84 1.12 1.32 1.30
1.08 1.10 1.14 1.16 1.17 1.20 1.23 1.24 1.24 1.25 1.27 1.26 1.25 1.25 1.25 1.25 1.24 1.23 1.22 1.19 1.15 1.12 1.09 1.08 1.06 1.03 1.00 0.96 0.92 0.89 0.87 0.84 0.80 0.73 0.68 0.66 0.66 0.66 0.67 0.67 0.67 0.71 0.72 0.62 0.48 0.45 0.43 0.38 0.31 0.26 0.23 0.21 0.18 0.14 0.12 0.11 0.14 0.21 0.30 0.38 0.45 0.56 0.71 0.85 0.96 0.97 0.89 0.78 0.61 0.59 0.70 0.76 0.83 0.82 0.70 0.51 0.27 0.19 0.41 0.72 0.98 1.13 1.14 1.06
1.07 1.10 1.10 1.09 1.12 1.20 1.21 1.19 1.20 1.21 1.23 1.23 1.21 1.21 1.22 1.22 1.21 1.20 1.18 1.16 1.13 1.09 1.08 1.07 1.05 1.01 0.97 0.94 0.91 0.88 0.85 0.82 0.78 0.73 0.68 0.65 0.65 0.65 0.64 0.64 0.63 0.65 0.66 0.57 0.48 0.45 0.41 0.34 0.29 0.25 0.22 0.19 0.16 0.14 0.13 0.14 0.20 0.29 0.40 0.48 0.54 0.67 0.81 0.87 0.90 0.89 0.79 0.70 0.61 0.60 0.68 0.72 0.77 0.75 0.64 0.49 0.34 0.31 0.52 0.81 1.01 1.04 1.01 0.96
1.08 1.08 1.05 1.00 1.08 1.22 1.22 1.15 1.14 1.17 1.19 1.18 1.17 1.18 1.19 1.19 1.18 1.17 1.15 1.13 1.10 1.08 1.06 1.05 1.03 0.99 0.95 0.93 0.90 0.87 0.84 0.80 0.76 0.73 0.67 0.63 0.64 0.64 0.62 0.60 0.59 0.60 0.58 0.51 0.47 0.45 0.39 0.32 0.28 0.24 0.21 0.18 0.15 0.14 0.14 0.18 0.27 0.39 0.51 0.55 0.58 0.69 0.80 0.83 0.85 0.83 0.73 0.65 0.60 0.60 0.65 0.68 0.70 0.66 0.57 0.48 0.41 0.44 0.60 0.83 0.99 1.00 0.97 0.93
1.09 1.06 0.97 0.92 1.05 1.25 1.23 1.13 1.09 1.12 1.14 1.13 1.13 1.14 1.16 1.16 1.14 1.13 1.12 1.09 1.07 1.06 1.04 1.02 1.01 0.97 0.93 0.91 0.88 0.85 0.82 0.78 0.75 0.72 0.66 0.62 0.63 0.62 0.59 0.56 0.56 0.55 0.51 0.45 0.43 0.43 0.37 0.30 0.26 0.23 0.20 0.18 0.16 0.15 0.18 0.24 0.36 0.50 0.58 0.56 0.56 0.65 0.75 0.83 0.84 0.79 0.69 0.62 0.58 0.59 0.62 0.65 0.62 0.57 0.52 0.48 0.48 0.52 0.66 0.84 0.98 1.03 0.98 0.92
1.11 1.02 0.88 0.86 1.07 1.24 1.23 1.15 1.05 1.05 1.08 1.08 1.09 1.10 1.11 1.12 1.11 1.09 1.08 1.06 1.05 1.04 1.01 0.99 0.98 0.95 0.91 0.88 0.86 0.83 0.80 0.77 0.74 0.70 0.66 0.62 0.61 0.59 0.56 0.53 0.52 0.51 0.47 0.41 0.40 0.40 0.34 0.28 0.24 0.21 0.18 0.17 0.17 0.19 0.24 0.34 0.47 0.56 0.54 0.49 0.48 0.57 0.73 0.88 0.86 0.75 0.65 0.58 0.56 0.57 0.60 0.60 0.56 0.51 0.49 0.50 0.52 0.56 0.69 0.87 1.01 1.05 1.00 0.94
1.14 0.98 0.78 0.83 1.09 1.19 1.17 1.17 1.06 1.00 1.00 1.03 1.05 1.05 1.06 1.07 1.08 1.05 1.04 1.04 1.02 1.00 0.98 0.96 0.95 0.92 0.89 0.86 0.84 0.81 0.78 0.75 0.72 0.68 0.65 0.62 0.58 0.55 0.53 0.50 0.49 0.49 0.44 0.37 0.36 0.35 0.30 0.26 0.23 0.20 0.17 0.17 0.18 0.22 0.29 0.42 0.52 0.51 0.44 0.41 0.42 0.52 0.76 0.95 0.87 0.70 0.60 0.55 0.53 0.55 0.57 0.56 0.51 0.49 0.51 0.53 0.53 0.56 0.70 0.90 1.03 1.06 1.04 1.00
1.16 0.95 0.73 0.84 1.09 1.12 1.07 1.16 1.11 0.96 0.93 0.98 1.00 1.00 1.02 1.03 1.04 1.01 1.01 1.01 0.99 0.97 0.95 0.94 0.92 0.89 0.86 0.84 0.81 0.79 0.76 0.73 0.70 0.67 0.63 0.60 0.56 0.53 0.50 0.46 0.45 0.46 0.41 0.34 0.32 0.31 0.26 0.24 0.24 0.21 0.20 0.21 0.22 0.26 0.35 0.47 0.49 0.42 0.37 0.36 0.41 0.53 0.83 1.01 0.85 0.66 0.56 0.51 0.51 0.53 0.54 0.53 0.49 0.49 0.53 0.55 0.54 0.57 0.71 0.90 0.98 1.07 1.13 1.09
1.14 0.96 0.74 0.83 1.06 1.04 0.97 1.11 1.14 0.96 0.88 0.92 0.94 0.96 0.98 1.00 0.99 0.98 0.97 0.97 0.95 0.93 0.92 0.91 0.88 0.86 0.83 0.81 0.79 0.76 0.73 0.70 0.67 0.65 0.61 0.58 0.55 0.51 0.47 0.43 0.42 0.43 0.38 0.31 0.27 0.26 0.24 0.21 0.22 0.22 0.22 0.22 0.24 0.29 0.39 0.47 0.43 0.35 0.32 0.36 0.43 0.58 0.90 1.03 0.83 0.63 0.52 0.46 0.50 0.54 0.53 0.50 0.47 0.49 0.55 0.57 0.55 0.60 0.75 0.85 0.90 1.06 1.20 1.18
1.04 1.00 0.84 0.80 0.98 0.97 0.88 1.01 1.11 0.99 0.87 0.87 0.89 0.91 0.94 0.96 0.95 0.94 0.94 0.93 0.92 0.90 0.89 0.87 0.85 0.83 0.80 0.79 0.76 0.74 0.71 0.68 0.65 0.62 0.59 0.56 0.52 0.49 0.45 0.41 0.39 0.38 0.35 0.27 0.22 0.21 0.20 0.19 0.19 0.20 0.20 0.21 0.24 0.30 0.41 0.46 0.37 0.30 0.31 0.39 0.47 0.66 0.96 1.03 0.81 0.60 0.49 0.43 0.49 0.55 0.51 0.45 0.46 0.51 0.57 0.59 0.56 0.65 0.81 0.82 0.84 1.04 1.19 1.19
0.93 0.99 0.93 0.80 0.87 0.91 0.82 0.87 1.03 1.04 0.91 0.84 0.84 0.87 0.90 0.91 0.90 0.90 0.89 0.89 0.89 0.87 0.85 0.84 0.81 0.79 0.77 0.76 0.73 0.71 0.68 0.65 0.62 0.59 0.56 0.53 0.50 0.46 0.43 0.39 0.36 0.34 0.30 0.24 0.19 0.17 0.16 0.16 0.17 0.18 0.19 0.21 0.25 0.31 0.43 0.43 0.32 0.28 0.34 0.43 0.54 0.75 0.99 1.02 0.79 0.57 0.46 0.41 0.48 0.53 0.45 0.41 0.48 0.55 0.59 0.59 0.59 0.72 0.86 0.84 0.86 1.02 1.14 1.14
0.87 0.93 0.95 0.84 0.81 0.85 0.79 0.77 0.91 1.04 0.96 0.84 0.82 0.84 0.84 0.86 0.87 0.86 0.85 0.85 0.85 0.84 0.82 0.80 0.78 0.76 0.74 0.73 0.70 0.68 0.65 0.63 0.60 0.57 0.54 0.50 0.47 0.44 0.40 0.37 0.33 0.29 0.25 0.20 0.16 0.14 0.13 0.14 0.16 0.17 0.19 0.22 0.26 0.33 0.44 0.39 0.28 0.30 0.39 0.50 0.64 0.83 0.98 0.97 0.75 0.52 0.42 0.39 0.43 0.44 0.39 0.44 0.53 0.58 0.60 0.59 0.64 0.80 0.90 0.88 0.89 0.99 1.06 1.08
0.86 0.87 0.89 0.85 0.81 0.82 0.78 0.73 0.81 0.98 0.96 0.83 0.82 0.82 0.79 0.81 0.82 0.82 0.81 0.81 0.81 0.80 0.79 0.77 0.75 0.73 0.71 0.69 0.67 0.65 0.62 0.60 0.57 0.54 0.51 0.48 0.44 0.41 0.37 0.34 0.30 0.26 0.21 0.16 0.13 0.11 0.11 0.12 0.14 0.16 0.17 0.21 0.25 0.34 0.43 0.37 0.29 0.35 0.46 0.59 0.72 0.84 0.93 0.93 0.75 0.51 0.39 0.35 0.35 0.36 0.40 0.51 0.58 0.60 0.62 0.61 0.71 0.88 0.92 0.88 0.87 0.94 1.00 1.03
0.84 0.83 0.82 0.81 0.80 0.80 0.79 0.75 0.78 0.91 0.88 0.77 0.80 0.82 0.78 0.76 0.77 0.78 0.77 0.77 0.77 0.76 0.75 0.74 0.71 0.69 0.68 0.66 0.64 0.62 0.59 0.57 0.54 0.51 0.48 0.45 0.41 0.38 0.34 0.30 0.26 0.22 0.17 0.13 0.10 0.09 0.09 0.11 0.14 0.15 0.16 0.21 0.28 0.37 0.43 0.37 0.32 0.40 0.54 0.65 0.73 0.81 0.87 0.88 0.75 0.53 0.39 0.31 0.29 0.37 0.47 0.55 0.60 0.63 0.65 0.67 0.80 0.93 0.90 0.83 0.82 0.89 0.96 0.97
0.81 0.79 0.77 0.77 0.76 0.77 0.79 0.78 0.79 0.83 0.77 0.69 0.74 0.84 0.81 0.74 0.73 0.73 0.73 0.73 0.72 0.72 0.72 0.70 0.68 0.66 0.64 0.63 0.61 0.59 0.56 0.53 0.51 0.48 0.45 0.41 0.38 0.35 0.31 0.27 0.23 0.18 0.14 0.10 0.07 0.08 0.10 0.12 0.14 0.16 0.18 0.24 0.31 0.38 0.42 0.36 0.33 0.45 0.60 0.67 0.72 0.77 0.81 0.83 0.75 0.57 0.40 0.26 0.27 0.44 0.53 0.55 0.63 0.69 0.69 0.73 0.88 0.92 0.83 0.76 0.76 0.85 0.92 0.92
0.76 0.75 0.74 0.73 0.73 0.74 0.77 0.79 0.80 0.76 0.70 0.62 0.67 0.81 0.81 0.74 0.70 0.69 0.69 0.69 0.68 0.69 0.69 0.66 0.64 0.62 0.61 0.59 0.57 0.55 0.53 0.50 0.48 0.45 0.42 0.38 0.35 0.31 0.27 0.23 0.19 0.14 0.10 0.07 0.06 0.08 0.11 0.14 0.17 0.19 0.22 0.26 0.32 0.38 0.39 0.35 0.38 0.53 0.64 0.67 0.69 0.71 0.74 0.78 0.73 0.61 0.41 0.21 0.29 0.50 0.56 0.58 0.68 0.74 0.72 0.79 0.90 0.84 0.73 0.71 0.72 0.80 0.87 0.88
0.71 0.71 0.70 0.69 0.70 0.72 0.75 0.79 0.78 0.73 0.67 0.60 0.63 0.71 0.75 0.75 0.71 0.67 0.66 0.64 0.64 0.65 0.64 0.62 0.60 0.59 0.58 0.56 0.54 0.52 0.50 0.47 0.44 0.41 0.38 0.35 0.32 0.28 0.24 0.20 0.15 0.11 0.07 0.05 0.07 0.10 0.13 0.17 0.20 0.22 0.24 0.26 0.32 0.37 0.37 0.36 0.45 0.58 0.64 0.65 0.65 0.67 0.70 0.73 0.72 0.62 0.39 0.22 0.36 0.56 0.60 0.65 0.75 0.78 0.76 0.82 0.84 0.74 0.67 0.67 0.69 0.76 0.83 0.86
0.67 0.66 0.66 0.66 0.67 0.70 0.74 0.76 0.76 0.71 0.66 0.60 0.60 0.62 0.65 0.71 0.71 0.67 0.64 0.60 0.61 0.61 0.59 0.58 0.56 0.56 0.55 0.53 0.51 0.48 0.46 0.44 0.41 0.38 0.35 0.32 0.28 0.24 0.20 0.16 0.11 0.07 0.04 0.05 0.09 0.12 0.16 0.19 0.22 0.24 0.25 0.27 0.33 0.38 0.36 0.39 0.52 0.61 0.64 0.63 0.63 0.66 0.69 0.69 0.69 0.60 0.36 0.29 0.48 0.61 0.64 0.71 0.80 0.80 0.77 0.78 0.74 0.68 0.63 0.64 0.67 0.72 0.79 0.88
0.65 0.63 0.62 0.63 0.64 0.67 0.71 0.73 0.72 0.69 0.65 0.59 0.56 0.55 0.58 0.64 0.67 0.66 0.63 0.59 0.57 0.56 0.55 0.54 0.52 0.53 0.52 0.50 0.47 0.45 0.43 0.40 0.38 0.35 0.32 0.28 0.25 0.21 0.16 0.12 0.07 0.03 0.04 0.08 0.11 0.15 0.19 0.22 0.24 0.26 0.27 0.30 0.36 0.40 0.38 0.43 0.56 0.63 0.64 0.65 0.65 0.66 0.65 0.61 0.64 0.56 0.36 0.42 0.59 0.64 0.68 0.76 0.85 0.82 0.75 0.70 0.67 0.65 0.60 0.60 0.65 0.68 0.79 0.96
0.63 0.60 0.59 0.61 0.63 0.64 0.66 0.69 0.69 0.66 0.64 0.60 0.53 0.51 0.53 0.57 0.61 0.62 0.61 0.59 0.54 0.51 0.51 0.50 0.49 0.49 0.49 0.46 0.44 0.42 0.39 0.37 0.34 0.31 0.28 0.25 0.21 0.17 0.13 0.08 0.03 0.02 0.06 0.10 0.14 0.18 0.21 0.24 0.27 0.29 0.31 0.34 0.39 0.42 0.40 0.44 0.58 0.66 0.67 0.69 0.66 0.58 0.52 0.55 0.63 0.56 0.48 0.58 0.65 0.67 0.71 0.80 0.89 0.82 0.69 0.64 0.66 0.63 0.55 0.55 0.60 0.67 0.84 1.09
0.59 0.58 0.58 0.60 0.61 0.61 0.61 0.64 0.65 0.62 0.62 0.61 0.52 0.47 0.50 0.53 0.55 0.55 0.57 0.58 0.52 0.48 0.48 0.47 0.45 0.46 0.46 0.43 0.40 0.39 0.36 0.33 0.31 0.28 0.25 0.21 0.17 0.13 0.09 0.04 0.01 0.05 0.10 0.14 0.17 0.20 0.23 0.26 0.29 0.32 0.34 0.37 0.41 0.44 0.43 0.46 0.59 0.69 0.71 0.71 0.57 0.40 0.42 0.59 0.70 0.66 0.65 0.66 0.66 0.69 0.73 0.83 0.91 0.79 0.65 0.64 0.66 0.59 0.47 0.48 0.59 0.73 0.99 1.33
0.51 0.55 0.60 0.60 0.59 0.59 0.56 0.58 0.62 0.60 0.61 0.60 0.50 0.44 0.46 0.48 0.49 0.49 0.52 0.54 0.50 0.46 0.46 0.44 0.42 0.42 0.42 0.39 0.37 0.35 0.32 0.30 0.27 0.25 0.21 0.18 0.14 0.09 0.05 0.01 0.05 0.09 0.13 0.17 0.20 0.23 0.26 0.29 0.32 0.34 0.37 0.40 0.43 0.45 0.46 0.51 0.60 0.69 0.72 0.67 0.46 0.34 0.49 0.70 0.78 0.76 0.72 0.66 0.66 0.72 0.75 0.85 0.90 0.77 0.67 0.65 0.63 0.52 0.40 0.45 0.67 0.94 1.34 1.87
0.36 0.49 0.62 0.62 0.61 0.58 0.51 0.52 0.59 0.61 0.60 0.54 0.47 0.44 0.42 0.43 0.45 0.45 0.47 0.49 0.47 0.44 0.44 0.42 0.40 0.38 0.37 0.36 0.34 0.32 0.29 0.27 0.24 0.21 0.18 0.14 0.10 0.06 0.03 0.04 0.08 0.12 0.16 0.19 0.23 0.26 0.29 0.31 0.34 0.37 0.40 0.42 0.45 0.47 0.50 0.54 0.60 0.65 0.69 0.64 0.46 0.43 0.60 0.76 0.81 0.79 0.71 0.65 0.67 0.74 0.76 0.85 0.90 0.78 0.67 0.63 0.58 0.46 0.39 0.56 0.90 1.32 1.87 2.24
0.20 0.39 0.57 0.61 0.67 0.62 0.46 0.44 0.57 0.63 0.58 0.49 0.44 0.42 0.38 0.38 0.42 0.43 0.43 0.43 0.42 0.41 0.41 0.40 0.37 0.34 0.33 0.32 0.31 0.28 0.26 0.23 0.21 0.18 0.14 0.11 0.07 0.04 0.04 0.08 0.12 0.16 0.19 0.22 0.25 0.28 0.31 0.34 0.37 0.39 0.42 0.45 0.47 0.50 0.53 0.56 0.60 0.62 0.66 0.64 0.54 0.55 0.67 0.78 0.82 0.76 0.70 0.69 0.73 0.77 0.76 0.83 0.90 0.79 0.65 0.61 0.55 0.44 0.47 0.76 1.13 1.58 2.04 2.07
0.17 0.28 0.43 0.53 0.65 0.64 0.45 0.39 0.56 0.65 0.56 0.45 0.42 0.39 0.36 0.35 0.38 0.40 0.39 0.38 0.37 0.38 0.38 0.37 0.33 0.29 0.30 0.30 0.28 0.25 0.23 0.20 0.17 0.14 0.11 0.07 0.05 0.05 0.08 0.12 0.15 0.19 0.22 0.25 0.28 0.31 0.34 0.36 0.39 0.42 0.44 0.47 0.50 0.52 0.55 0.58 0.60 0.62 0.65 0.65 0.62 0.63 0.72 0.80 0.80 0.73 0.72 0.76 0.77 0.75 0.72 0.84 0.94 0.79 0.64 0.61 0.54 0.49 0.59 0.89 1.25 1.59 1.79 1.92
0.23 0.28 0.36 0.44 0.55 0.56 0.43 0.37 0.54 0.64 0.52 0.41 0.39 0.37 0.34 0.33 0.34 0.36 0.35 0.34 0.34 0.34 0.34 0.34 0.28 0.24 0.28 0.29 0.25 0.22 0.19 0.17 0.14 0.11 0.08 0.05 0.05 0.08 0.12 0.15 0.18 0.22 0.25 0.28 0.31 0.33 0.36 0.39 0.42 0.44 0.47 0.49 0.52 0.54 0.57 0.59 0.62 0.64 0.66 0.67 0.68 0.70 0.74 0.77 0.76 0.74 0.78 0.80 0.78 0.71 0.71 0.91 0.97 0.74 0.61 0.58 0.57 0.58 0.69 0.91 1.17 1.40 1.51 2.08
0.30 0.31 0.35 0.40 0.45 0.47 0.40 0.37 0.50 0.59 0.46 0.37 0.36 0.34 0.32 0.31 0.31 0.32 0.32 0.31 0.30 0.30 0.31 0.30 0.25 0.23 0.27 0.27 0.22 0.19 0.16 0.14 0.11 0.08 0.06 0.06 0.08 0.12 0.15 0.18 0.21 0.24 0.27 0.30 0.33 0.36 0.39 0.41 0.44 0.46 0.49 0.52 0.54 0.57 0.59 0.61 0.64 0.66 0.67 0.69 0.71 0.73 0.75 0.76 0.78 0.79 0.80 0.81 0.77 0.72 0.77 0.96 0.95 0.68 0.57 0.59 0.64 0.65 0.68 0.79 0.96 1.21 1.54 2.50
0.35 0.34 0.35 0.36 0.38 0.41 0.39 0.38 0.46 0.50 0.40 0.34 0.34 0.31 0.31 0.30 0.29 0.30 0.30 0.29 0.28 0.28 0.28 0.26 0.23 0.21 0.24 0.24 0.20 0.16 0.13 0.11 0.09 0.07 0.07 0.09 0.12 0.15 0.18 0.21 0.24 0.27 0.30 0.33 0.36 0.38 0.41 0.44 0.46 0.49 0.51 0.54 0.56 0.59 0.61 0.63 0.65 0.68 0.70 0.71 0.73 0.75 0.77 0.78 0.80 0.81 0.81 0.82 0.78 0.78 0.84 0.94 0.88 0.62 0.56 0.61 0.69 0.67 0.59 0.64 0.84 1.20 1.90 2.82
0.38 0.36 0.34 0.32 0.34 0.37 0.37 0.37 0.40 0.39 0.35 0.33 0.31 0.29 0.29 0.28 0.27 0.27 0.28 0.26 0.26 0.26 0.25 0.23 0.21 0.19 0.20 0.20 0.17 0.13 0.11 0.09 0.08 0.09 0.10 0.12 0.15 0.18 0.21 0.24 0.27 0.30 0.33 0.35 0.38 0.41 0.43 0.46 0.49 0.51 0.54 0.56 0.58 0.61 0.63 0.65 0.67 0.70 0.72 0.73 0.75 0.77 0.79 0.81 0.82 0.83 0.83 0.83 0.82 0.84 0.88 0.89 0.80 0.63 0.60 0.65 0.71 0.66 0.52 0.59 0.90 1.48 2.35 2.74
0.41 0.38 0.32 0.29 0.31 0.33 0.33 0.34 0.34 0.31 0.31 0.30 0.28 0.27 0.26 0.25 0.24 0.25 0.25 0.24 0.24 0.23 0.21 0.20 0.18 0.17 0.17 0.16 0.14 0.11 0.09 0.08 0.10 0.12 0.14 0.16 0.19 0.22 0.24 0.27 0.29 0.32 0.35 0.38 0.40 0.43 0.46 0.48 0.51 0.53 0.56 0.58 0.61 0.63 0.65 0.67 0.70 0.72 0.74 0.75 0.78 0.79 0.81 0.83 0.84 0.85 0.85 0.85 0.86 0.88 0.89 0.86 0.78 0.69 0.68 0.74 0.76 0.64 0.52 0.66 1.18 1.95 2.50 2.21
0.43 0.39 0.32 0.28 0.28 0.30 0.30 0.30 0.29 0.27 0.27 0.26 0.25 0.25 0.24 0.23 0.22 0.23 0.23 0.21 0.20 0.20 0.18 0.17 0.16 0.14 0.14 0.13 0.11 0.09 0.08 0.09 0.12 0.15 0.18 0.20 0.22 0.25 0.27 0.29 0.32 0.35 0.37 0.40 0.43 0.45 0.48 0.51 0.53 0.56 0.58 0.60 0.63 0.65 0.67 0.69 0.72 0.74 0.76 0.78 0.80 0.82 0.83 0.85 0.86 0.87 0.88 0.89 0.90 0.90 0.89 0.86 0.81 0.77 0.77 0.83 0.78 0.63 0.59 0.88 1.60 2.17 2.15 1.50
