windninja/windninja_output/Output_2025-10-23_1700-1750_Google earth_Fire_150m_10min/merlingen_7.5mi_point_10-23-2025_1720_150m_vel.asc
ncols	158
nrows	163
xllcorner	391686.332397
yllcorner	5160024.123721
cellsize	150.000000
NODATA_value	-32768.000000
[rows 0 to 36 of 163, columns 0 to 83 of 158]
1.10 1.11 1.12 1.11 1.12 1.12 1.03 0.92 0.89 0.85 0.76 0.64 0.60 0.74 0.84 0.81 0.73 0.65 0.63 0.59 0.48 0.48 0.59 0.64 0.62 0.61 0.63 0.67 0.72 0.75 0.77 0.78 0.79 0.81 0.85 0.91 0.93 0.94 0.97 0.98 1.01 1.06 1.09 1.14 1.22 1.28 1.35 1.41 1.50 1.59 1.64 1.69 1.74 1.76 1.73 1.69 1.66 1.68 1.76 1.81 1.78 1.75 1.75 1.77 1.76 1.75 1.83 1.95 2.05 2.07 2.02 1.97 1.96 1.98 2.06 2.10 2.08 2.13 2.19 2.18 2.14 2.10 2.21 2.31
1.16 1.21 1.23 1.19 1.19 1.15 1.00 0.92 0.93 0.90 0.80 0.63 0.52 0.64 0.79 0.82 0.77 0.67 0.65 0.62 0.50 0.44 0.52 0.60 0.62 0.61 0.61 0.64 0.67 0.69 0.72 0.75 0.77 0.79 0.83 0.87 0.89 0.92 0.97 0.99 1.03 1.08 1.12 1.19 1.27 1.32 1.40 1.46 1.52 1.55 1.57 1.60 1.63 1.61 1.58 1.58 1.61 1.67 1.75 1.77 1.72 1.71 1.73 1.76 1.74 1.73 1.83 1.98 2.08 2.05 1.96 1.91 1.92 1.98 2.06 2.05 2.03 2.16 2.24 2.14 2.04 2.05 2.19 2.29
1.24 1.32 1.34 1.27 1.25 1.13 0.96 0.95 1.01 0.98 0.84 0.58 0.42 0.52 0.71 0.86 0.84 0.72 0.70 0.64 0.51 0.42 0.42 0.50 0.58 0.60 0.59 0.59 0.60 0.63 0.65 0.67 0.70 0.74 0.78 0.82 0.86 0.92 0.96 1.00 1.05 1.09 1.14 1.24 1.31 1.36 1.44 1.49 1.48 1.47 1.49 1.50 1.47 1.45 1.46 1.51 1.60 1.66 1.71 1.70 1.66 1.67 1.70 1.73 1.70 1.70 1.82 1.99 2.12 2.03 1.84 1.81 1.90 1.99 2.02 1.94 1.95 2.21 2.29 2.05 1.84 1.99 2.17 2.16
1.36 1.43 1.41 1.34 1.30 1.15 1.08 1.18 1.23 1.12 0.87 0.54 0.41 0.52 0.70 0.92 0.91 0.79 0.72 0.64 0.53 0.45 0.40 0.43 0.52 0.57 0.58 0.58 0.59 0.59 0.60 0.61 0.63 0.68 0.73 0.78 0.81 0.84 0.88 0.95 1.01 1.06 1.15 1.24 1.29 1.35 1.40 1.39 1.38 1.41 1.43 1.40 1.39 1.43 1.47 1.51 1.57 1.60 1.62 1.64 1.64 1.62 1.63 1.66 1.64 1.66 1.77 1.97 2.12 1.97 1.76 1.78 1.90 1.94 1.91 1.86 1.93 2.19 2.25 1.95 1.68 1.94 2.18 2.06
1.47 1.50 1.46 1.40 1.35 1.27 1.29 1.39 1.34 1.08 0.74 0.49 0.43 0.55 0.80 0.99 0.97 0.83 0.72 0.65 0.58 0.50 0.41 0.37 0.45 0.51 0.53 0.56 0.57 0.58 0.60 0.61 0.62 0.65 0.68 0.71 0.74 0.78 0.85 0.93 0.99 1.05 1.15 1.21 1.25 1.28 1.29 1.28 1.30 1.32 1.29 1.26 1.31 1.37 1.40 1.44 1.49 1.52 1.55 1.58 1.58 1.55 1.55 1.59 1.60 1.63 1.71 1.92 2.07 1.87 1.71 1.79 1.88 1.87 1.83 1.85 1.94 2.09 2.14 1.91 1.65 1.83 2.15 2.11
1.57 1.58 1.53 1.47 1.45 1.43 1.45 1.45 1.24 0.89 0.62 0.50 0.45 0.60 0.91 1.01 0.98 0.86 0.72 0.68 0.66 0.59 0.45 0.35 0.40 0.46 0.48 0.52 0.55 0.57 0.58 0.59 0.61 0.62 0.64 0.66 0.71 0.77 0.84 0.90 0.96 1.03 1.09 1.12 1.14 1.16 1.16 1.17 1.19 1.17 1.14 1.16 1.22 1.27 1.32 1.39 1.45 1.49 1.51 1.52 1.52 1.49 1.49 1.54 1.58 1.60 1.65 1.87 1.99 1.78 1.67 1.80 1.89 1.81 1.74 1.84 1.97 2.04 1.96 1.80 1.73 1.85 2.10 2.18
1.66 1.66 1.61 1.57 1.57 1.53 1.50 1.38 1.08 0.79 0.64 0.56 0.51 0.66 0.96 1.02 0.95 0.88 0.77 0.72 0.71 0.67 0.54 0.38 0.38 0.42 0.45 0.48 0.50 0.52 0.55 0.56 0.57 0.59 0.61 0.65 0.70 0.75 0.79 0.83 0.88 0.93 0.96 0.97 0.99 1.03 1.05 1.07 1.09 1.06 1.04 1.10 1.16 1.20 1.28 1.37 1.42 1.45 1.46 1.48 1.49 1.46 1.44 1.49 1.54 1.55 1.61 1.82 1.90 1.69 1.64 1.86 1.94 1.75 1.67 1.82 1.99 2.02 1.73 1.62 1.88 2.02 2.05 2.14
1.74 1.74 1.70 1.65 1.61 1.54 1.45 1.24 0.97 0.80 0.74 0.67 0.62 0.73 0.98 1.04 0.93 0.88 0.85 0.78 0.76 0.74 0.61 0.45 0.38 0.37 0.42 0.45 0.47 0.50 0.53 0.54 0.54 0.55 0.57 0.60 0.63 0.66 0.69 0.73 0.77 0.80 0.84 0.86 0.91 0.95 0.97 1.00 1.00 0.96 0.97 1.06 1.11 1.13 1.26 1.36 1.39 1.43 1.46 1.49 1.47 1.39 1.36 1.42 1.48 1.52 1.60 1.77 1.82 1.64 1.65 1.89 1.91 1.70 1.63 1.74 1.95 1.93 1.54 1.55 2.08 2.18 1.99 2.05
1.83 1.82 1.77 1.69 1.61 1.50 1.36 1.17 1.00 0.91 0.85 0.79 0.72 0.77 0.98 1.05 0.94 0.92 0.90 0.83 0.82 0.80 0.69 0.55 0.42 0.35 0.39 0.45 0.46 0.48 0.51 0.51 0.51 0.52 0.52 0.53 0.55 0.57 0.60 0.64 0.67 0.71 0.75 0.80 0.85 0.90 0.91 0.94 0.94 0.89 0.94 1.04 1.02 1.07 1.26 1.37 1.39 1.43 1.47 1.44 1.36 1.27 1.25 1.30 1.41 1.52 1.63 1.73 1.72 1.61 1.66 1.82 1.80 1.68 1.62 1.67 1.86 1.78 1.48 1.66 2.23 2.31 2.01 1.97
1.88 1.87 1.84 1.75 1.62 1.50 1.38 1.24 1.13 1.04 0.97 0.88 0.79 0.79 0.94 1.03 1.00 0.98 0.92 0.89 0.89 0.85 0.78 0.64 0.48 0.38 0.37 0.43 0.46 0.47 0.50 0.49 0.49 0.50 0.50 0.50 0.50 0.52 0.54 0.57 0.61 0.67 0.71 0.74 0.80 0.83 0.84 0.89 0.88 0.83 0.90 0.98 0.96 1.09 1.29 1.38 1.36 1.37 1.35 1.27 1.21 1.20 1.14 1.15 1.36 1.58 1.68 1.68 1.55 1.51 1.66 1.77 1.73 1.65 1.61 1.64 1.78 1.67 1.50 1.86 2.30 2.40 2.11 1.95
1.95 1.95 1.92 1.80 1.65 1.54 1.46 1.37 1.25 1.13 1.05 0.95 0.84 0.79 0.88 1.03 1.08 1.06 0.97 0.93 0.95 0.90 0.85 0.71 0.54 0.44 0.36 0.40 0.46 0.47 0.51 0.51 0.50 0.50 0.49 0.49 0.49 0.50 0.51 0.54 0.57 0.62 0.65 0.68 0.74 0.78 0.78 0.81 0.80 0.76 0.85 0.92 0.94 1.10 1.23 1.30 1.25 1.21 1.18 1.12 1.16 1.18 1.05 1.10 1.43 1.62 1.66 1.57 1.32 1.39 1.69 1.80 1.71 1.59 1.54 1.60 1.76 1.73 1.65 1.98 2.28 2.39 2.22 2.05
2.04 2.04 1.97 1.84 1.71 1.61 1.54 1.46 1.33 1.21 1.12 1.01 0.89 0.80 0.88 1.08 1.16 1.13 1.04 0.98 0.99 0.96 0.90 0.76 0.60 0.49 0.42 0.45 0.50 0.52 0.55 0.56 0.53 0.51 0.50 0.49 0.49 0.49 0.49 0.50 0.53 0.58 0.60 0.62 0.68 0.72 0.71 0.71 0.72 0.72 0.80 0.84 0.89 1.03 1.12 1.17 1.15 1.10 1.05 1.04 1.15 1.17 1.08 1.21 1.49 1.57 1.59 1.42 1.14 1.36 1.72 1.81 1.72 1.53 1.46 1.61 1.83 1.93 1.93 2.03 2.17 2.32 2.30 2.29
2.14 2.11 2.03 1.90 1.78 1.70 1.62 1.50 1.37 1.26 1.17 1.05 0.91 0.81 0.90 1.16 1.24 1.16 1.11 1.07 1.04 0.99 0.92 0.81 0.68 0.58 0.52 0.52 0.56 0.57 0.58 0.58 0.56 0.53 0.51 0.50 0.47 0.45 0.45 0.46 0.49 0.53 0.55 0.57 0.61 0.62 0.59 0.58 0.63 0.71 0.74 0.75 0.81 0.95 1.07 1.09 1.07 1.01 0.93 0.99 1.17 1.21 1.22 1.35 1.47 1.50 1.48 1.33 1.21 1.44 1.66 1.73 1.75 1.58 1.52 1.71 1.90 2.09 2.09 1.97 2.05 2.26 2.38 2.55
2.21 2.18 2.10 1.98 1.87 1.78 1.66 1.54 1.42 1.32 1.21 1.10 0.94 0.84 0.95 1.22 1.32 1.21 1.16 1.15 1.07 0.98 0.91 0.84 0.75 0.67 0.60 0.60 0.62 0.62 0.63 0.61 0.59 0.56 0.53 0.51 0.48 0.46 0.45 0.45 0.46 0.45 0.44 0.47 0.51 0.50 0.48 0.49 0.59 0.70 0.70 0.70 0.73 0.88 1.06 1.06 0.98 0.87 0.81 0.99 1.24 1.31 1.40 1.46 1.42 1.42 1.41 1.43 1.47 1.47 1.51 1.66 1.84 1.75 1.63 1.71 1.93 2.15 2.09 1.93 2.07 2.31 2.44 2.63
2.30 2.26 2.17 2.05 1.94 1.83 1.69 1.58 1.48 1.37 1.26 1.16 1.02 0.90 1.00 1.28 1.44 1.30 1.18 1.17 1.08 0.96 0.91 0.87 0.81 0.75 0.68 0.67 0.68 0.67 0.69 0.68 0.62 0.58 0.54 0.52 0.51 0.48 0.44 0.42 0.38 0.34 0.34 0.38 0.40 0.41 0.44 0.46 0.54 0.65 0.70 0.67 0.67 0.84 1.05 1.07 0.93 0.76 0.73 1.02 1.35 1.46 1.54 1.46 1.37 1.45 1.51 1.62 1.65 1.46 1.43 1.72 1.93 1.80 1.58 1.65 1.92 2.04 2.01 2.09 2.28 2.35 2.41 2.51
2.38 2.34 2.24 2.12 1.99 1.86 1.74 1.63 1.53 1.43 1.33 1.23 1.11 0.99 1.06 1.40 1.53 1.35 1.17 1.13 1.07 0.96 0.90 0.88 0.88 0.83 0.73 0.71 0.74 0.73 0.73 0.73 0.66 0.62 0.59 0.54 0.51 0.48 0.42 0.37 0.32 0.28 0.30 0.34 0.36 0.38 0.44 0.45 0.46 0.59 0.71 0.67 0.68 0.86 1.00 1.06 0.96 0.74 0.72 1.07 1.45 1.61 1.58 1.33 1.34 1.60 1.65 1.73 1.78 1.52 1.46 1.75 1.88 1.67 1.55 1.67 1.79 1.84 2.02 2.40 2.43 2.24 2.28 2.32
2.47 2.42 2.30 2.18 2.04 1.92 1.80 1.69 1.59 1.50 1.41 1.30 1.21 1.11 1.15 1.44 1.53 1.35 1.19 1.10 1.05 0.96 0.89 0.90 0.94 0.92 0.81 0.76 0.78 0.79 0.79 0.77 0.71 0.68 0.65 0.59 0.52 0.48 0.42 0.36 0.32 0.30 0.29 0.30 0.31 0.36 0.41 0.41 0.45 0.58 0.68 0.68 0.73 0.84 0.90 0.97 1.00 0.84 0.80 1.16 1.53 1.66 1.52 1.22 1.35 1.71 1.79 1.81 1.82 1.61 1.50 1.61 1.73 1.63 1.61 1.63 1.59 1.83 2.27 2.54 2.29 2.03 2.11 2.10
2.55 2.49 2.37 2.24 2.11 1.98 1.87 1.76 1.67 1.58 1.47 1.37 1.29 1.21 1.22 1.40 1.50 1.38 1.21 1.12 1.06 0.97 0.92 0.94 1.00 0.98 0.90 0.83 0.83 0.85 0.86 0.82 0.77 0.75 0.73 0.67 0.60 0.53 0.46 0.39 0.33 0.28 0.27 0.26 0.28 0.32 0.36 0.38 0.48 0.59 0.65 0.69 0.74 0.77 0.81 0.90 1.02 0.99 0.94 1.21 1.53 1.63 1.43 1.23 1.38 1.73 1.94 1.91 1.75 1.64 1.58 1.54 1.69 1.73 1.57 1.52 1.59 1.96 2.39 2.32 2.04 1.99 1.96 1.91
2.63 2.57 2.44 2.30 2.18 2.04 1.93 1.84 1.74 1.62 1.52 1.43 1.35 1.29 1.28 1.38 1.46 1.37 1.22 1.16 1.10 1.03 0.99 1.01 1.05 1.04 1.00 0.94 0.90 0.91 0.91 0.88 0.84 0.83 0.81 0.76 0.68 0.59 0.48 0.41 0.35 0.28 0.24 0.22 0.23 0.28 0.33 0.39 0.48 0.56 0.61 0.65 0.68 0.70 0.77 0.88 1.01 1.07 1.07 1.22 1.49 1.57 1.40 1.32 1.47 1.74 2.00 1.90 1.69 1.77 1.75 1.55 1.65 1.67 1.45 1.43 1.58 1.86 2.17 2.08 1.98 2.02 1.84 1.74
2.70 2.64 2.51 2.38 2.24 2.11 2.00 1.91 1.79 1.65 1.55 1.49 1.42 1.36 1.34 1.37 1.40 1.32 1.24 1.22 1.16 1.10 1.07 1.08 1.10 1.09 1.08 1.03 0.98 0.96 0.95 0.93 0.91 0.90 0.88 0.84 0.76 0.65 0.52 0.44 0.37 0.29 0.23 0.19 0.19 0.26 0.34 0.38 0.43 0.53 0.59 0.62 0.63 0.67 0.78 0.88 0.97 1.08 1.16 1.24 1.39 1.51 1.45 1.41 1.54 1.76 1.93 1.88 1.86 1.99 1.83 1.51 1.53 1.56 1.41 1.33 1.36 1.62 1.94 2.03 2.04 2.04 1.83 1.65
2.78 2.73 2.61 2.45 2.30 2.17 2.06 1.96 1.83 1.69 1.60 1.57 1.48 1.40 1.38 1.37 1.36 1.30 1.27 1.27 1.23 1.17 1.14 1.14 1.15 1.15 1.14 1.11 1.05 1.02 0.99 0.95 0.97 0.98 0.96 0.92 0.84 0.71 0.57 0.48 0.41 0.32 0.24 0.18 0.19 0.26 0.32 0.34 0.39 0.49 0.57 0.62 0.64 0.69 0.78 0.84 0.92 1.06 1.19 1.23 1.28 1.50 1.58 1.51 1.61 1.80 1.87 1.98 2.12 2.05 1.67 1.37 1.42 1.53 1.41 1.15 1.14 1.49 1.87 2.07 2.13 2.07 1.88 1.65
2.89 2.83 2.66 2.50 2.37 2.24 2.12 2.00 1.87 1.74 1.66 1.61 1.53 1.45 1.42 1.39 1.35 1.32 1.32 1.33 1.29 1.21 1.21 1.20 1.18 1.19 1.21 1.17 1.10 1.06 1.03 0.97 1.00 1.07 1.03 0.96 0.91 0.78 0.62 0.53 0.47 0.37 0.28 0.20 0.18 0.23 0.28 0.33 0.36 0.43 0.56 0.63 0.67 0.71 0.76 0.80 0.89 1.02 1.12 1.19 1.23 1.52 1.72 1.61 1.71 1.88 1.93 2.11 2.16 1.83 1.41 1.27 1.42 1.60 1.42 1.05 0.99 1.35 1.80 2.14 2.22 2.03 1.92 1.74
2.96 2.88 2.71 2.58 2.45 2.31 2.17 2.04 1.91 1.81 1.73 1.65 1.59 1.51 1.46 1.42 1.37 1.37 1.39 1.38 1.33 1.27 1.28 1.26 1.22 1.24 1.25 1.22 1.17 1.13 1.08 1.00 1.05 1.15 1.11 1.02 0.97 0.86 0.70 0.59 0.51 0.41 0.32 0.22 0.17 0.21 0.26 0.29 0.32 0.40 0.55 0.63 0.67 0.72 0.76 0.79 0.89 0.97 0.97 1.10 1.26 1.58 1.82 1.79 1.91 2.03 2.01 2.07 1.91 1.55 1.31 1.27 1.52 1.74 1.51 1.05 0.87 1.19 1.68 2.11 2.25 2.05 2.05 1.89
3.03 2.95 2.81 2.67 2.52 2.35 2.19 2.06 1.96 1.90 1.80 1.69 1.63 1.57 1.51 1.46 1.42 1.43 1.45 1.43 1.38 1.33 1.34 1.30 1.26 1.29 1.30 1.28 1.26 1.23 1.15 1.06 1.12 1.22 1.19 1.12 1.04 0.91 0.79 0.68 0.55 0.45 0.36 0.23 0.14 0.16 0.21 0.25 0.30 0.40 0.54 0.61 0.68 0.77 0.78 0.79 0.89 0.93 0.86 0.99 1.28 1.65 1.98 2.12 2.16 2.04 1.90 1.80 1.58 1.40 1.31 1.37 1.70 1.90 1.57 1.02 0.81 1.13 1.51 1.86 2.16 2.16 2.18 2.07
3.12 3.04 2.89 2.73 2.56 2.38 2.21 2.10 2.05 1.98 1.85 1.72 1.65 1.63 1.56 1.51 1.49 1.50 1.51 1.47 1.42 1.41 1.40 1.34 1.30 1.32 1.35 1.37 1.40 1.35 1.23 1.15 1.17 1.25 1.25 1.19 1.12 0.99 0.86 0.73 0.60 0.49 0.40 0.26 0.15 0.13 0.17 0.24 0.29 0.39 0.51 0.62 0.71 0.79 0.79 0.79 0.87 0.89 0.81 0.90 1.25 1.76 2.22 2.40 2.17 1.81 1.60 1.43 1.35 1.37 1.39 1.59 2.01 1.98 1.42 0.93 0.89 1.16 1.35 1.54 1.94 2.16 2.19 2.20
3.20 3.12 2.94 2.78 2.60 2.42 2.25 2.18 2.14 2.03 1.88 1.76 1.71 1.68 1.61 1.57 1.57 1.56 1.57 1.52 1.48 1.47 1.44 1.38 1.33 1.33 1.38 1.47 1.57 1.49 1.32 1.26 1.23 1.24 1.26 1.22 1.17 1.11 0.94 0.78 0.65 0.52 0.43 0.28 0.16 0.09 0.13 0.20 0.26 0.38 0.51 0.64 0.74 0.79 0.82 0.81 0.81 0.82 0.81 0.90 1.30 2.01 2.48 2.37 1.92 1.56 1.32 1.17 1.26 1.45 1.65 2.02 2.20 1.81 1.19 0.85 1.11 1.32 1.28 1.36 1.73 2.00 2.02 2.20
3.27 3.18 3.01 2.85 2.66 2.46 2.32 2.27 2.20 2.05 1.91 1.83 1.78 1.72 1.66 1.65 1.64 1.63 1.63 1.59 1.55 1.52 1.47 1.42 1.36 1.29 1.36 1.60 1.73 1.63 1.45 1.37 1.33 1.25 1.24 1.21 1.18 1.19 1.04 0.83 0.68 0.55 0.45 0.29 0.18 0.09 0.08 0.17 0.27 0.40 0.49 0.63 0.77 0.84 0.88 0.77 0.67 0.76 0.89 1.07 1.65 2.39 2.49 2.05 1.65 1.39 1.14 1.02 1.21 1.62 2.13 2.37 2.10 1.57 0.96 0.71 1.25 1.64 1.43 1.37 1.61 1.77 1.80 2.05
3.33 3.25 3.09 2.90 2.70 2.51 2.39 2.35 2.23 2.06 1.95 1.89 1.84 1.76 1.71 1.73 1.73 1.71 1.68 1.65 1.61 1.57 1.52 1.46 1.38 1.24 1.33 1.69 1.84 1.74 1.63 1.55 1.44 1.31 1.24 1.17 1.17 1.25 1.15 0.90 0.69 0.57 0.46 0.31 0.21 0.13 0.06 0.16 0.31 0.39 0.44 0.63 0.81 0.93 0.93 0.63 0.49 0.76 1.08 1.43 2.05 2.49 2.20 1.65 1.42 1.28 1.04 0.98 1.28 1.88 2.50 2.43 1.88 1.35 0.79 0.60 1.24 1.94 1.78 1.45 1.49 1.56 1.67 1.95
3.39 3.32 3.14 2.93 2.74 2.57 2.47 2.40 2.23 2.07 2.00 1.94 1.90 1.84 1.81 1.82 1.82 1.77 1.74 1.72 1.67 1.64 1.58 1.49 1.37 1.21 1.32 1.71 1.88 1.80 1.79 1.78 1.58 1.42 1.32 1.18 1.17 1.26 1.23 0.97 0.72 0.60 0.47 0.33 0.24 0.17 0.11 0.15 0.32 0.40 0.42 0.64 0.86 0.99 0.92 0.52 0.40 0.83 1.35 1.78 2.21 2.29 1.88 1.40 1.24 1.16 0.96 1.01 1.54 2.22 2.63 2.34 1.71 1.19 0.72 0.62 1.15 2.04 2.11 1.64 1.46 1.43 1.59 1.94
3.46 3.39 3.18 2.96 2.79 2.64 2.53 2.40 2.23 2.11 2.05 2.01 1.98 1.95 1.92 1.90 1.88 1.83 1.81 1.79 1.75 1.72 1.64 1.52 1.39 1.23 1.35 1.69 1.81 1.76 1.88 2.00 1.81 1.62 1.50 1.24 1.13 1.23 1.25 1.00 0.75 0.61 0.46 0.34 0.26 0.21 0.17 0.20 0.35 0.43 0.43 0.63 0.85 0.98 0.89 0.52 0.44 0.91 1.56 2.08 2.23 1.96 1.57 1.29 1.16 1.09 0.93 1.11 1.92 2.54 2.61 2.13 1.55 1.14 0.77 0.77 1.22 1.93 2.30 2.05 1.59 1.34 1.47 1.83
3.56 3.46 3.22 2.98 2.85 2.73 2.56 2.39 2.26 2.17 2.11 2.10 2.07 2.04 2.03 1.98 1.94 1.92 1.89 1.86 1.82 1.78 1.69 1.57 1.45 1.37 1.45 1.63 1.67 1.64 1.85 2.10 2.05 1.93 1.68 1.24 1.08 1.23 1.25 1.00 0.75 0.62 0.47 0.35 0.30 0.25 0.23 0.29 0.40 0.43 0.45 0.60 0.78 0.94 0.89 0.54 0.52 1.00 1.69 2.26 2.13 1.55 1.28 1.27 1.24 1.13 0.96 1.24 2.21 2.75 2.43 1.79 1.47 1.23 0.92 0.95 1.19 1.72 2.35 2.41 1.81 1.30 1.33 1.68
3.66 3.52 3.22 3.00 2.95 2.83 2.57 2.40 2.32 2.23 2.18 2.17 2.15 2.13 2.13 2.08 2.03 2.01 1.97 1.92 1.89 1.84 1.75 1.64 1.56 1.52 1.52 1.58 1.55 1.58 1.86 2.14 2.21 2.19 1.79 1.15 1.02 1.26 1.25 0.98 0.75 0.64 0.50 0.40 0.35 0.30 0.29 0.34 0.37 0.39 0.46 0.56 0.68 0.90 0.88 0.56 0.65 1.16 1.79 2.31 2.02 1.26 1.02 1.25 1.44 1.29 1.04 1.33 2.35 2.82 2.17 1.60 1.55 1.38 1.04 0.99 1.10 1.57 2.32 2.62 2.05 1.34 1.30 1.60
3.70 3.53 3.20 3.05 3.07 2.87 2.55 2.42 2.36 2.30 2.24 2.24 2.24 2.23 2.22 2.17 2.11 2.09 2.04 1.98 1.96 1.93 1.81 1.72 1.70 1.61 1.55 1.51 1.42 1.56 1.98 2.26 2.29 2.29 1.87 1.15 1.02 1.28 1.22 0.93 0.79 0.67 0.52 0.45 0.40 0.33 0.31 0.31 0.31 0.36 0.46 0.53 0.62 0.80 0.83 0.62 0.77 1.28 1.87 2.27 1.87 1.06 0.80 1.21 1.69 1.56 1.19 1.40 2.33 2.75 2.09 1.69 1.75 1.44 1.04 0.95 1.04 1.49 2.23 2.69 2.19 1.46 1.43 1.62
3.70 3.53 3.22 3.15 3.14 2.84 2.55 2.44 2.42 2.38 2.31 2.34 2.34 2.32 2.31 2.24 2.19 2.18 2.12 2.07 2.06 2.01 1.85 1.79 1.83 1.70 1.61 1.47 1.34 1.57 2.04 2.34 2.29 2.27 2.01 1.30 1.04 1.25 1.16 0.91 0.82 0.70 0.53 0.47 0.42 0.32 0.29 0.28 0.28 0.34 0.43 0.50 0.59 0.69 0.76 0.75 0.88 1.27 1.84 2.20 1.84 1.01 0.63 1.10 1.83 1.87 1.45 1.47 2.14 2.66 2.26 1.92 1.83 1.36 1.01 0.95 1.04 1.40 2.06 2.55 2.28 1.76 1.74 1.80
3.72 3.56 3.32 3.28 3.17 2.85 2.58 2.47 2.49 2.47 2.41 2.43 2.43 2.41 2.38 2.32 2.28 2.28 2.23 2.18 2.14 2.07 1.94 1.91 1.90 1.78 1.65 1.49 1.37 1.54 2.00 2.31 2.28 2.25 2.13 1.54 1.05 1.15 1.11 0.91 0.84 0.71 0.55 0.50 0.41 0.29 0.24 0.23 0.26 0.32 0.40 0.50 0.59 0.63 0.72 0.87 1.00 1.20 1.64 2.14 1.97 1.13 0.59 0.94 1.80 2.10 1.84 1.67 2.13 2.64 2.34 1.97 1.75 1.31 1.04 1.00 1.08 1.36 1.77 2.20 2.32 2.13 2.11 2.14
3.72 3.61 3.45 3.39 3.18 2.84 2.59 2.52 2.57 2.56 2.52 2.52 2.51 2.48 2.44 2.41 2.39 2.38 2.32 2.25 2.20 2.14 2.07 2.03 1.93 1.82 1.68 1.51 1.44 1.61 2.03 2.24 2.25 2.28 2.17 1.68 1.17 1.10 1.05 0.93 0.85 0.73 0.60 0.53 0.41 0.31 0.26 0.23 0.26 0.30 0.39 0.50 0.58 0.62 0.74 0.92 1.06 1.17 1.45 2.02 2.09 1.34 0.69 0.84 1.58 2.18 2.24 2.11 2.45 2.59 2.08 1.82 1.70 1.35 1.16 1.08 1.09 1.29 1.51 1.78 2.11 2.22 2.38 2.52
3.76 3.71 3.56 3.42 3.12 2.77 2.64 2.61 2.63 2.65 2.63 2.60 2.57 2.54 2.53 2.52 2.49 2.45 2.39 2.33 2.26 2.23 2.17 2.08 1.97 1.86 1.70 1.51 1.50 1.85 2.20 2.19 2.22 2.28 2.12 1.72 1.35 1.16 1.06 0.97 0.86 0.76 0.65 0.53 0.40 0.32 0.27 0.24 0.26 0.29 0.41 0.51 0.56 0.67 0.80 0.91 1.04 1.17 1.37 1.85 2.11 1.56 0.90 0.86 1.28 2.04 2.54 2.67 2.64 2.19 1.65 1.70 1.75 1.51 1.32 1.13 1.03 1.16 1.47 1.69 1.77 1.95 2.35 2.76
