windninja/windninja_output/Output_2025-10-23_1700-1750_Google earth_Fire_150m_10min/merlingen_7.5mi_point_10-23-2025_1700_150m_ang.asc
ncols	158
nrows	163
xllcorner	391686.332397
yllcorner	5160024.123721
cellsize	150.000000
NODATA_value	-32768.000000
[rows 0 to 41 of 163, columns 0 to 93 of 158]
299 296 295 296 297 300 302 299 297 298 299 294 280 264 262 270 279 284 289 299 308 308 300 298 300 303 303 298 296 297 297 294 293 291 290 292 295 293 292 292 290 289 289 290 292 295 296 299 300 301 302 302 302 303 302 298 294 291 291 292 292 289 286 284 282 279 278 280 284 288 288 285 281 278 277 278 277 276 277 278 276 272 268 269 270 268 262 259 259 256 253 253 252 249
301 299 297 298 298 298 299 298 296 296 298 297 290 278 275 279 286 293 297 302 309 312 308 302 301 302 304 302 299 297 297 295 295 294 294 294 296 297 297 297 296 294 294 295 297 299 300 301 303 302 301 300 299 298 297 296 294 292 292 292 292 290 288 287 285 283 281 282 284 287 288 286 283 281 280 279 277 277 278 279 276 272 270 269 269 269 267 263 261 259 258 258 256 254
305 302 301 301 299 298 298 298 298 299 303 308 309 300 292 291 296 301 303 305 310 315 316 309 303 302 304 305 302 299 297 297 297 298 299 298 299 301 301 302 302 301 301 301 302 303 304 304 305 305 302 300 298 295 295 296 296 295 293 292 293 293 292 290 290 288 286 284 284 286 287 286 285 285 284 281 279 278 280 280 276 273 273 271 270 273 274 269 265 264 266 266 264 263
306 303 302 303 301 302 304 304 305 308 312 318 318 309 302 298 299 303 303 304 308 312 317 316 308 306 307 307 307 305 302 300 300 301 302 302 302 301 301 304 305 306 305 305 305 306 306 305 305 306 305 303 300 298 297 297 296 295 294 293 293 294 293 291 290 290 288 285 284 285 286 286 285 285 283 283 282 280 278 278 277 274 273 273 273 275 277 275 271 270 270 271 272 272
305 303 303 303 302 305 308 307 308 310 314 321 321 313 305 300 299 300 301 301 304 308 316 319 314 310 311 312 312 311 309 306 305 305 305 304 303 303 304 306 308 309 308 308 307 307 306 305 305 304 303 302 300 298 296 296 295 295 294 294 293 293 293 291 291 291 289 286 284 284 285 285 285 284 283 283 283 282 279 277 278 276 274 275 276 276 280 283 280 277 275 275 279 281
304 303 303 304 304 306 308 307 306 308 313 319 322 314 305 300 297 296 297 298 299 304 312 319 316 312 312 312 313 314 312 310 308 308 308 307 307 308 308 309 310 310 308 307 306 304 303 303 303 302 300 299 298 296 295 294 295 295 295 295 293 293 293 292 291 291 290 287 285 284 284 283 285 286 285 283 283 283 281 276 275 278 278 278 277 276 280 286 287 286 284 283 284 289
303 303 303 304 305 306 306 305 305 308 313 318 322 315 304 300 298 296 297 299 299 301 307 316 316 313 311 311 312 313 312 310 308 309 310 310 310 310 310 309 309 308 305 303 302 301 301 301 300 300 299 298 297 296 294 294 294 295 295 296 296 296 295 293 291 291 290 288 286 286 286 285 286 288 288 285 283 283 281 275 276 281 282 280 278 276 278 284 290 292 291 288 286 287
303 303 303 304 303 303 302 302 304 308 313 318 322 316 305 301 301 299 300 301 301 301 305 312 315 315 313 311 312 312 310 308 307 307 307 308 308 308 306 305 304 303 301 300 299 299 299 298 298 299 298 297 297 295 293 294 295 295 297 298 299 299 297 293 291 290 291 289 287 288 289 287 286 287 288 286 282 280 278 276 278 282 285 283 281 279 281 285 289 293 293 291 288 286
303 302 302 303 302 300 299 300 303 308 312 317 321 318 308 303 303 302 301 302 302 302 305 310 316 319 316 313 313 312 308 306 306 305 303 302 302 302 300 299 298 297 297 297 297 297 297 296 297 299 298 296 296 295 293 294 296 297 297 297 296 296 296 293 289 289 290 290 289 288 288 286 284 283 285 284 281 278 275 277 280 284 288 289 288 287 287 289 293 297 299 297 294 294
302 302 302 302 302 301 300 302 305 308 312 315 319 317 309 304 303 304 304 304 303 303 305 310 315 319 319 315 314 313 308 306 307 304 301 299 299 298 296 295 295 295 295 296 295 295 296 295 296 299 297 294 295 295 293 293 295 294 292 290 289 290 292 291 288 288 290 290 288 285 283 283 283 283 283 282 279 278 281 283 284 286 290 293 292 292 292 293 298 301 300 300 299 300
303 302 302 302 303 303 303 304 306 309 311 314 317 317 310 305 304 305 306 306 305 306 306 310 314 319 322 318 315 313 307 305 305 302 299 297 296 296 295 295 295 295 294 294 292 292 294 293 292 294 294 292 293 293 290 287 286 285 282 280 281 283 286 289 289 289 288 287 285 281 280 282 284 284 282 279 279 283 290 291 289 287 289 293 294 295 295 293 295 297 294 294 296 297
303 303 302 302 303 304 305 306 307 309 311 313 316 317 312 306 305 305 306 306 305 305 306 308 312 316 320 317 312 309 305 302 302 301 297 295 294 295 295 296 295 293 292 292 290 289 289 286 283 284 286 286 285 284 282 279 277 275 273 272 272 273 279 287 289 288 286 283 283 284 284 283 284 286 286 285 286 290 296 297 293 289 290 293 297 300 297 292 292 296 292 288 289 293
303 303 303 303 304 304 305 306 307 309 310 312 315 316 312 306 305 305 306 306 305 305 304 305 307 310 314 312 309 306 304 302 301 300 297 294 293 295 295 295 294 292 291 290 287 283 279 275 273 275 279 279 277 275 275 276 274 270 265 263 265 270 276 284 286 285 284 284 290 292 288 284 285 290 296 296 295 295 297 300 297 293 293 294 296 299 296 290 291 297 291 284 284 289
303 303 303 303 304 305 305 306 307 308 310 311 314 316 312 305 303 305 305 304 304 304 302 300 300 304 309 309 308 306 303 301 300 299 298 295 295 295 294 294 291 287 284 280 277 274 270 267 268 272 275 275 274 272 273 275 275 270 262 262 268 274 280 284 286 284 284 288 295 298 293 289 289 294 299 298 295 292 292 294 295 295 294 292 290 291 291 285 284 288 287 280 278 279
303 303 303 304 304 305 305 306 307 308 310 311 315 318 314 307 304 305 305 303 301 301 299 297 298 303 308 308 307 306 302 300 300 299 300 298 295 292 289 286 281 274 268 269 270 269 270 274 272 271 273 277 277 276 276 278 281 279 274 272 277 282 287 289 288 287 289 291 296 303 302 296 294 294 296 295 292 288 285 287 292 294 292 288 283 283 283 279 273 274 277 273 269 269
303 303 303 304 304 305 305 306 307 308 310 311 314 318 316 310 306 307 307 304 302 301 301 300 301 304 308 309 307 307 304 303 303 302 299 294 287 282 277 273 269 267 267 273 276 276 277 282 280 275 277 283 287 287 286 284 286 290 289 284 284 288 291 292 289 288 292 294 296 305 309 301 294 292 293 294 291 285 284 288 292 291 287 282 278 275 273 270 266 264 267 268 267 267
303 303 304 304 305 305 306 306 307 308 309 311 313 316 316 309 306 306 307 306 305 305 305 304 304 305 308 310 309 308 306 303 301 295 287 281 278 275 273 273 275 279 282 282 283 284 283 284 287 287 287 290 293 292 289 285 284 291 297 292 289 290 291 293 290 288 291 295 297 303 308 303 295 295 297 295 291 289 290 290 288 284 281 276 271 268 264 261 264 268 269 269 268 268
303 303 304 304 305 306 306 307 308 308 309 311 312 314 313 308 304 304 306 306 305 305 305 305 304 303 306 308 308 306 302 297 291 284 280 280 283 284 284 285 287 288 287 285 284 285 286 288 292 295 294 294 293 290 287 285 285 290 297 295 291 290 291 293 292 290 290 294 296 297 302 305 301 301 301 298 296 294 289 284 277 275 273 268 264 263 262 262 268 277 279 273 270 269
303 304 304 305 305 306 307 307 308 309 309 310 311 312 312 309 305 303 303 303 303 303 304 304 302 302 303 305 304 301 296 292 288 287 286 286 288 289 289 288 289 288 286 286 285 286 290 295 294 293 293 293 292 289 289 289 289 290 294 294 291 289 290 292 293 292 290 290 292 294 300 307 305 302 302 299 295 288 279 271 270 271 270 267 265 264 265 268 272 278 284 280 274 272
303 304 304 305 306 306 307 307 308 309 309 310 311 311 310 309 305 303 302 302 304 305 305 305 304 304 304 304 303 301 298 295 292 289 287 286 288 291 293 293 292 292 290 289 289 291 293 296 295 290 289 291 293 294 294 293 292 290 291 292 288 285 287 291 292 291 289 288 292 298 303 307 304 301 302 301 292 280 273 271 272 274 276 277 273 270 269 269 271 276 285 286 278 275
304 304 305 305 306 307 307 308 308 309 310 310 310 311 310 309 307 306 305 306 307 307 307 308 307 306 305 304 304 303 303 301 297 294 294 295 295 298 301 299 297 294 292 291 292 293 293 293 294 291 290 291 294 297 296 294 292 290 289 288 286 283 286 291 292 292 292 293 296 300 302 303 299 297 300 303 295 284 278 277 279 280 281 282 280 275 271 269 272 277 285 289 279 275
304 304 305 306 306 307 307 308 309 310 310 310 310 311 311 310 310 309 309 309 309 309 309 309 308 307 306 306 305 305 308 309 305 303 303 303 301 301 302 300 297 294 292 292 292 291 291 293 295 294 292 293 295 296 296 294 293 291 288 285 284 283 286 291 293 295 297 298 298 298 297 295 293 292 297 305 303 291 282 280 281 281 280 283 285 279 274 272 276 279 285 290 281 276
304 304 305 306 307 308 308 309 309 310 311 311 311 312 312 312 311 311 311 311 311 311 311 311 311 310 309 308 307 307 311 315 311 306 304 301 298 297 297 297 296 295 293 292 290 292 295 296 297 295 293 293 293 294 296 297 295 294 291 285 283 284 286 291 296 300 302 300 297 293 290 289 288 290 297 308 310 297 287 281 278 278 279 282 287 285 281 279 279 280 284 289 282 277
304 305 306 306 307 308 308 309 309 310 311 312 312 312 313 313 313 312 312 313 313 313 313 313 313 311 310 308 306 307 312 315 310 304 300 297 294 292 293 296 297 297 294 291 292 296 298 296 296 295 293 292 292 294 296 298 296 295 295 289 284 283 286 294 301 304 303 298 291 284 283 284 287 292 298 308 312 302 292 283 276 275 277 279 285 289 289 284 280 279 282 285 280 277
305 305 306 306 307 308 309 309 310 311 312 313 313 313 314 314 314 314 314 314 314 314 315 315 315 314 313 308 304 306 311 312 309 303 299 296 294 293 295 297 300 299 298 296 297 298 297 294 293 294 292 292 293 295 296 298 297 295 295 291 285 285 289 295 300 300 296 288 279 275 277 284 290 295 298 301 304 301 296 288 280 277 276 276 280 287 291 286 281 280 280 281 278 277
305 305 306 307 308 309 310 310 310 311 312 313 314 314 315 315 315 315 315 315 315 315 316 317 317 318 318 311 305 306 310 310 309 307 303 300 296 294 296 300 301 302 302 299 297 296 294 292 293 293 293 292 292 293 296 299 298 294 292 291 290 292 295 297 298 296 290 281 272 271 278 289 295 296 298 297 293 296 300 297 290 284 279 276 278 284 290 288 283 282 283 286 280 278
305 306 307 307 308 309 310 311 311 312 313 314 314 315 315 315 316 316 316 316 317 317 318 320 321 324 325 315 308 307 309 309 308 308 306 303 299 295 298 303 305 304 304 300 297 298 296 294 294 295 294 291 291 293 298 302 300 292 290 294 296 297 297 296 293 289 285 277 271 275 285 293 296 297 300 300 288 289 300 305 298 290 285 282 280 282 286 284 281 281 286 294 286 279
306 306 307 308 309 310 311 311 312 313 314 314 315 315 316 316 317 317 318 318 318 319 320 322 325 330 331 321 313 312 311 308 308 308 307 305 302 297 298 304 307 305 305 303 302 305 302 297 295 297 297 294 294 296 300 307 306 294 295 299 298 296 295 292 286 280 276 273 276 282 287 291 295 297 303 304 288 285 294 306 303 296 291 288 284 281 278 277 276 277 284 295 293 282
306 306 307 308 309 310 311 312 313 314 314 315 315 316 317 317 318 319 319 319 320 321 322 324 328 333 333 326 321 320 315 310 311 311 311 314 311 303 301 308 311 309 309 307 307 309 306 301 296 299 303 299 296 297 299 311 315 300 296 298 298 295 292 289 284 279 275 276 283 288 289 290 293 295 300 302 291 283 285 297 304 303 296 290 284 277 273 274 274 272 276 288 296 290
306 307 307 308 309 311 312 312 313 315 315 316 317 317 318 318 319 320 320 320 320 322 323 326 330 333 332 327 325 325 320 314 313 313 317 324 323 312 307 313 315 314 314 312 312 313 310 306 302 303 308 303 297 295 297 309 316 301 293 293 295 293 287 282 279 278 280 284 286 289 290 290 289 289 296 300 294 283 279 286 300 306 299 289 282 277 276 279 276 271 270 278 290 293
306 307 308 309 310 311 312 313 314 315 316 317 317 318 318 319 320 321 321 321 322 323 325 327 331 332 330 327 327 325 317 311 312 314 320 329 329 317 311 314 316 316 316 313 313 315 311 309 304 303 305 302 296 291 291 301 305 297 291 288 289 288 280 271 272 279 286 287 284 286 288 285 281 285 297 302 296 284 278 282 294 305 301 292 286 283 283 282 278 272 267 269 277 287
307 307 309 310 310 312 314 315 315 316 317 318 318 318 319 320 321 321 322 322 323 325 326 328 330 331 331 331 332 329 318 312 311 311 317 330 329 316 312 314 314 313 312 308 308 311 308 304 299 295 295 294 290 285 283 290 293 291 289 286 285 285 275 267 272 283 292 290 283 283 284 282 284 292 302 302 297 287 280 281 289 300 300 294 290 287 284 280 275 270 267 265 267 277
306 307 309 310 311 312 314 315 316 317 318 319 319 320 320 321 321 322 322 322 323 325 326 328 329 331 332 335 339 337 326 318 313 307 310 326 326 314 309 310 308 308 307 304 304 304 301 297 293 290 289 289 287 283 280 285 291 288 285 283 282 282 276 270 275 284 296 295 285 281 283 287 293 300 306 305 301 292 283 280 283 289 293 293 291 286 282 278 273 269 268 266 266 272
307 308 309 310 311 313 315 316 317 318 319 319 320 320 321 322 322 322 323 323 324 325 327 328 329 331 333 336 339 335 324 317 313 306 305 320 324 312 307 308 305 305 305 301 300 299 295 291 288 287 287 287 286 283 280 284 291 288 281 278 279 284 288 278 276 282 293 298 288 283 287 294 297 301 306 307 306 298 287 279 275 278 284 290 292 288 282 280 276 271 268 268 271 275
307 308 310 311 311 314 316 317 317 318 319 320 320 321 321 322 323 323 323 324 324 325 326 327 328 331 333 336 337 330 320 314 312 308 306 315 323 314 308 308 304 301 298 294 293 292 290 287 286 286 285 284 284 283 282 284 289 288 280 275 276 285 298 289 277 277 285 294 294 291 292 294 294 297 302 305 306 300 289 277 269 271 276 283 291 290 282 280 280 274 271 273 277 281
307 308 310 311 313 315 317 318 318 319 320 320 320 321 321 322 322 323 323 324 324 325 326 326 327 329 333 336 336 329 319 316 314 311 308 312 320 315 306 303 299 294 291 290 290 289 289 289 289 288 286 285 285 286 287 288 288 287 282 275 274 281 298 297 281 275 280 290 296 296 293 288 286 290 296 302 302 295 286 279 272 269 269 273 281 290 286 281 281 280 279 279 279 280
307 308 310 311 313 316 317 318 319 319 320 321 321 321 322 322 322 323 323 323 323 324 325 325 327 329 332 336 336 328 322 319 315 310 305 306 313 312 302 294 291 290 290 291 292 291 293 293 291 289 288 289 289 290 292 291 288 286 283 277 275 280 294 301 289 278 279 286 294 295 289 280 280 287 295 300 299 290 284 284 281 272 266 265 271 286 293 286 283 286 285 282 279 279
307 309 310 311 313 316 317 318 318 319 320 321 321 321 321 322 322 322 323 323 323 323 324 325 326 329 332 337 335 326 323 320 314 308 302 302 306 302 292 290 292 293 294 294 294 294 296 295 293 291 292 294 294 292 292 293 291 287 285 281 279 281 291 300 295 283 279 283 288 288 281 278 284 293 298 296 298 297 286 284 286 279 269 264 269 281 296 294 287 288 288 283 280 283
307 309 310 312 314 315 317 317 318 319 320 321 321 321 321 321 322 322 322 322 322 323 323 324 325 328 331 335 330 322 319 317 313 308 304 302 305 295 291 294 297 298 299 299 298 298 300 301 300 296 297 300 301 295 293 297 298 293 290 287 283 282 287 297 297 286 281 281 282 280 282 288 294 297 297 292 299 309 290 281 286 285 276 271 272 278 291 299 293 289 288 284 284 285
306 308 309 311 313 314 316 316 317 318 319 320 320 320 320 321 321 321 321 321 321 322 322 323 324 326 329 329 325 318 314 314 313 309 305 305 313 306 300 299 300 300 302 304 303 301 302 304 304 299 297 302 308 305 301 303 307 303 296 291 287 281 278 285 294 287 281 279 278 281 291 295 295 293 291 291 301 320 301 282 280 281 279 277 276 277 286 298 297 290 287 285 284 283
306 308 309 310 311 313 314 315 316 317 318 318 319 319 319 320 320 320 320 320 320 321 321 322 322 324 325 324 321 316 312 313 313 309 306 311 315 310 305 304 304 304 305 307 306 303 304 308 309 303 297 302 311 312 305 304 307 305 297 289 282 272 267 274 288 288 281 279 281 288 294 292 287 289 291 294 304 329 312 285 274 274 278 280 278 279 287 297 297 291 287 283 279 277
305 306 307 308 309 311 312 313 314 315 316 317 317 318 318 318 319 319 319 319 319 320 320 320 320 322 322 321 321 317 312 312 313 312 315 321 319 313 310 310 310 309 310 310 310 309 310 311 312 307 300 302 309 311 303 296 297 297 289 279 272 268 268 273 282 287 282 281 287 292 290 284 284 294 297 296 308 332 315 287 275 275 277 279 281 285 289 293 292 291 288 280 273 272
