windninja/windninja_output/Output_2025-10-23_1700-1750_Google earth_Fire_150m_10min/merlingen_7.5mi_point_10-23-2025_1750_150m_vel.asc
ncols	158
nrows	163
xllcorner	391686.332397
yllcorner	5160024.123721
cellsize	150.000000
NODATA_value	-32768.000000
[rows 114 to 151 of 163, columns 0 to 83 of 158]
0.24 0.29 0.34 0.36 0.39 0.40 0.39 0.38 0.38 0.40 0.44 0.54 0.54 0.48 0.55 0.62 0.43 0.14 0.11 0.30 0.51 0.77 0.85 0.63 0.56 0.64 0.64 0.60 0.61 0.64 0.82 1.21 1.49 1.66 1.69 1.41 1.15 1.00 0.81 0.67 0.66 0.86 1.11 1.15 0.88 0.65 0.61 0.60 0.58 0.56 0.53 0.49 0.52 0.70 0.91 1.01 0.99 1.04 1.23 1.36 1.30 1.20 1.32 1.50 1.44 1.41 1.53 1.60 1.63 1.53 1.44 1.57 1.73 1.76 1.89 2.14 2.20 2.14 2.07 2.19 2.52 2.48 2.06 1.85
0.21 0.27 0.35 0.37 0.39 0.40 0.40 0.39 0.38 0.40 0.47 0.53 0.49 0.47 0.60 0.70 0.50 0.17 0.06 0.19 0.38 0.60 0.78 0.81 0.75 0.68 0.62 0.62 0.72 0.63 0.62 1.00 1.51 1.79 1.68 1.37 1.12 0.97 0.82 0.69 0.72 0.96 1.13 1.11 0.93 0.74 0.64 0.57 0.56 0.56 0.51 0.47 0.46 0.57 0.81 0.97 0.98 1.00 1.13 1.31 1.29 1.19 1.28 1.48 1.48 1.36 1.43 1.56 1.63 1.59 1.54 1.62 1.78 1.79 1.78 2.02 2.24 2.24 2.07 2.07 2.47 2.57 2.17 1.87
0.18 0.26 0.35 0.38 0.39 0.39 0.39 0.40 0.41 0.46 0.52 0.50 0.40 0.41 0.62 0.78 0.56 0.18 0.05 0.13 0.30 0.44 0.59 0.77 0.84 0.76 0.62 0.64 0.82 0.68 0.52 0.80 1.33 1.77 1.73 1.39 1.09 0.87 0.82 0.80 0.85 1.02 1.06 1.05 0.98 0.77 0.58 0.50 0.54 0.56 0.52 0.47 0.42 0.46 0.68 0.90 0.98 0.98 1.06 1.23 1.24 1.18 1.26 1.44 1.48 1.35 1.36 1.50 1.60 1.60 1.57 1.62 1.81 1.95 1.86 1.89 2.11 2.28 2.18 2.05 2.37 2.59 2.19 1.82
0.17 0.24 0.33 0.38 0.39 0.38 0.37 0.39 0.46 0.53 0.57 0.47 0.32 0.34 0.62 0.84 0.62 0.21 0.10 0.15 0.25 0.37 0.47 0.62 0.78 0.82 0.70 0.69 0.90 0.74 0.54 0.66 1.04 1.59 1.71 1.37 1.04 0.79 0.82 0.93 0.96 0.99 0.97 1.01 1.00 0.78 0.58 0.54 0.57 0.59 0.56 0.45 0.39 0.38 0.52 0.81 0.98 0.99 1.02 1.15 1.19 1.15 1.24 1.41 1.45 1.33 1.33 1.44 1.53 1.57 1.57 1.59 1.75 2.00 2.09 2.00 1.96 2.15 2.26 2.18 2.38 2.58 2.14 1.69
0.16 0.22 0.32 0.38 0.40 0.38 0.36 0.39 0.47 0.54 0.61 0.48 0.28 0.30 0.57 0.86 0.76 0.34 0.18 0.21 0.24 0.34 0.42 0.51 0.62 0.74 0.71 0.75 0.89 0.83 0.68 0.67 0.88 1.43 1.60 1.40 1.10 0.81 0.88 0.99 0.95 0.92 0.93 0.98 0.99 0.85 0.67 0.60 0.59 0.59 0.54 0.40 0.33 0.30 0.40 0.70 0.94 0.99 1.01 1.10 1.15 1.11 1.19 1.36 1.39 1.32 1.30 1.39 1.48 1.54 1.54 1.53 1.62 1.88 2.18 2.22 2.00 2.02 2.21 2.28 2.45 2.53 2.09 1.63
0.15 0.20 0.30 0.39 0.40 0.38 0.37 0.42 0.49 0.52 0.59 0.54 0.31 0.30 0.49 0.79 0.88 0.54 0.26 0.24 0.26 0.31 0.40 0.49 0.57 0.63 0.65 0.70 0.82 0.88 0.90 0.89 1.08 1.40 1.46 1.41 1.26 0.98 0.96 1.00 0.95 0.93 0.95 0.99 1.00 0.91 0.75 0.64 0.58 0.54 0.49 0.36 0.28 0.25 0.31 0.59 0.87 0.99 1.01 1.08 1.15 1.11 1.15 1.26 1.28 1.28 1.27 1.31 1.44 1.55 1.53 1.47 1.50 1.69 2.04 2.29 2.22 2.10 2.20 2.33 2.46 2.47 2.11 1.72
0.13 0.18 0.29 0.41 0.42 0.37 0.40 0.46 0.51 0.49 0.53 0.60 0.38 0.29 0.42 0.70 0.92 0.75 0.38 0.26 0.28 0.31 0.40 0.50 0.58 0.62 0.65 0.68 0.79 0.94 1.06 1.08 1.17 1.30 1.33 1.35 1.29 1.17 1.03 0.96 1.01 1.05 1.06 1.06 1.03 0.95 0.83 0.70 0.57 0.50 0.46 0.35 0.25 0.21 0.24 0.48 0.81 0.98 1.00 1.07 1.16 1.10 1.12 1.19 1.14 1.22 1.24 1.16 1.31 1.53 1.54 1.44 1.43 1.52 1.76 2.09 2.32 2.33 2.33 2.40 2.43 2.43 2.15 1.85
0.11 0.16 0.28 0.39 0.43 0.40 0.45 0.52 0.55 0.46 0.48 0.65 0.48 0.27 0.35 0.63 0.92 0.87 0.53 0.31 0.28 0.33 0.40 0.50 0.61 0.65 0.66 0.71 0.90 1.11 1.15 1.16 1.20 1.21 1.30 1.31 1.22 1.25 1.02 0.85 0.96 1.09 1.21 1.17 1.08 1.02 0.93 0.77 0.56 0.49 0.44 0.36 0.24 0.17 0.18 0.40 0.77 0.97 0.98 1.07 1.14 1.05 1.05 1.12 1.10 1.24 1.31 1.12 1.12 1.39 1.50 1.44 1.43 1.44 1.50 1.72 2.09 2.40 2.53 2.54 2.49 2.46 2.22 1.99
0.09 0.17 0.27 0.34 0.40 0.43 0.50 0.59 0.62 0.48 0.47 0.70 0.56 0.26 0.28 0.50 0.86 0.95 0.64 0.39 0.31 0.36 0.42 0.50 0.63 0.66 0.67 0.78 1.06 1.23 1.13 1.15 1.21 1.14 1.27 1.31 1.17 1.26 1.06 0.78 0.80 1.00 1.29 1.32 1.16 1.09 1.00 0.78 0.58 0.51 0.47 0.40 0.24 0.12 0.15 0.35 0.71 0.93 0.96 1.05 1.06 0.99 1.02 1.08 1.12 1.35 1.48 1.27 1.11 1.18 1.33 1.39 1.43 1.42 1.36 1.39 1.65 2.10 2.49 2.65 2.68 2.62 2.35 2.13
0.10 0.18 0.28 0.29 0.33 0.41 0.48 0.59 0.69 0.59 0.55 0.78 0.63 0.25 0.23 0.40 0.71 0.97 0.82 0.56 0.46 0.43 0.44 0.52 0.62 0.67 0.68 0.86 1.23 1.30 1.05 1.07 1.16 1.08 1.22 1.30 1.13 1.21 1.19 0.81 0.68 0.83 1.19 1.44 1.33 1.17 1.03 0.78 0.60 0.53 0.52 0.45 0.24 0.10 0.15 0.31 0.63 0.90 0.94 0.97 0.97 0.97 1.03 1.05 1.11 1.36 1.56 1.48 1.25 1.08 1.14 1.31 1.39 1.39 1.32 1.23 1.29 1.63 2.10 2.46 2.73 2.86 2.62 2.24
0.12 0.19 0.27 0.27 0.29 0.38 0.44 0.53 0.68 0.67 0.70 0.84 0.59 0.25 0.24 0.36 0.54 0.82 0.95 0.81 0.65 0.56 0.51 0.55 0.61 0.65 0.72 1.03 1.44 1.25 0.87 0.97 1.11 1.05 1.15 1.29 1.12 1.11 1.20 0.92 0.67 0.69 0.93 1.39 1.53 1.32 1.09 0.83 0.59 0.54 0.56 0.48 0.27 0.12 0.15 0.29 0.56 0.86 0.94 0.85 0.86 1.00 1.05 1.05 1.15 1.34 1.49 1.57 1.48 1.15 1.07 1.24 1.35 1.33 1.30 1.21 1.15 1.32 1.68 1.98 2.36 2.88 2.94 2.43
0.13 0.20 0.27 0.26 0.28 0.35 0.41 0.48 0.62 0.66 0.76 0.92 0.67 0.31 0.28 0.36 0.43 0.58 0.81 0.95 0.95 0.79 0.64 0.60 0.67 0.74 0.97 1.42 1.40 0.95 0.65 0.87 1.09 1.02 1.06 1.26 1.14 1.03 1.14 1.01 0.73 0.61 0.70 1.17 1.57 1.51 1.21 0.88 0.61 0.56 0.57 0.50 0.32 0.19 0.16 0.27 0.52 0.82 0.97 0.84 0.82 1.00 1.05 1.05 1.18 1.33 1.39 1.50 1.57 1.42 1.20 1.27 1.38 1.33 1.30 1.24 1.17 1.21 1.41 1.63 1.83 2.49 2.99 2.76
0.13 0.20 0.27 0.25 0.27 0.33 0.40 0.47 0.55 0.60 0.72 0.95 0.87 0.48 0.40 0.39 0.37 0.43 0.58 0.81 0.99 1.05 0.84 0.73 0.92 1.13 1.24 1.29 0.97 0.58 0.49 0.78 1.07 1.00 0.99 1.21 1.18 1.01 1.03 1.00 0.81 0.61 0.60 0.93 1.45 1.62 1.36 0.96 0.68 0.58 0.58 0.49 0.35 0.25 0.20 0.26 0.45 0.75 0.97 0.91 0.88 0.98 1.02 1.04 1.18 1.30 1.35 1.40 1.49 1.53 1.49 1.49 1.50 1.41 1.34 1.30 1.23 1.19 1.29 1.46 1.58 2.01 2.59 2.79
0.12 0.20 0.28 0.26 0.25 0.31 0.40 0.48 0.50 0.53 0.62 0.86 0.96 0.80 0.64 0.46 0.33 0.39 0.52 0.67 0.89 1.08 1.03 0.91 1.00 1.12 1.04 0.80 0.59 0.44 0.40 0.66 1.01 1.03 1.00 1.15 1.17 1.05 0.94 0.93 0.84 0.65 0.59 0.74 1.23 1.61 1.45 1.03 0.75 0.62 0.60 0.52 0.36 0.28 0.25 0.26 0.40 0.70 0.94 0.94 0.92 0.97 0.99 1.05 1.16 1.26 1.31 1.34 1.40 1.48 1.61 1.72 1.68 1.54 1.45 1.40 1.27 1.23 1.35 1.42 1.50 1.78 2.10 2.39
0.12 0.20 0.29 0.26 0.24 0.29 0.39 0.48 0.48 0.47 0.50 0.67 0.88 0.97 0.91 0.60 0.41 0.47 0.61 0.91 1.04 1.03 1.03 0.93 0.93 0.96 0.83 0.65 0.49 0.39 0.39 0.57 0.87 1.00 1.07 1.17 1.17 1.07 0.92 0.89 0.85 0.73 0.65 0.67 1.00 1.51 1.52 1.08 0.80 0.69 0.62 0.53 0.39 0.33 0.30 0.29 0.41 0.67 0.90 0.93 0.93 0.95 0.98 1.05 1.14 1.22 1.26 1.29 1.34 1.41 1.58 1.82 1.88 1.72 1.58 1.53 1.38 1.32 1.44 1.50 1.58 1.71 1.81 2.01
0.12 0.19 0.29 0.27 0.25 0.30 0.38 0.46 0.46 0.44 0.43 0.51 0.66 0.85 0.98 0.94 0.69 0.67 0.96 1.22 1.04 0.81 0.89 0.95 0.99 1.01 0.86 0.64 0.48 0.41 0.42 0.49 0.66 0.83 1.04 1.26 1.26 1.06 0.92 0.90 0.87 0.81 0.75 0.72 0.86 1.28 1.47 1.17 0.91 0.79 0.66 0.54 0.41 0.37 0.34 0.32 0.43 0.67 0.87 0.91 0.91 0.93 0.98 1.05 1.13 1.19 1.21 1.24 1.29 1.37 1.52 1.78 1.99 1.94 1.75 1.70 1.57 1.39 1.45 1.59 1.69 1.72 1.72 1.80
0.11 0.19 0.30 0.29 0.26 0.32 0.40 0.45 0.45 0.42 0.41 0.42 0.48 0.60 0.79 1.00 1.06 1.12 1.23 1.10 0.74 0.61 0.70 0.91 1.08 1.08 0.86 0.64 0.55 0.47 0.44 0.42 0.46 0.60 0.82 1.18 1.40 1.23 0.98 0.93 0.92 0.88 0.86 0.83 0.84 1.01 1.24 1.16 1.02 0.89 0.70 0.58 0.45 0.40 0.37 0.34 0.44 0.65 0.84 0.91 0.89 0.90 0.96 1.03 1.10 1.16 1.19 1.20 1.24 1.31 1.46 1.71 1.94 2.04 2.00 1.96 1.80 1.50 1.51 1.68 1.74 1.76 1.70 1.63
0.11 0.19 0.30 0.32 0.28 0.34 0.42 0.46 0.48 0.44 0.40 0.39 0.41 0.50 0.64 0.85 1.23 1.43 1.21 0.78 0.60 0.56 0.58 0.73 1.06 1.16 0.82 0.66 0.63 0.53 0.46 0.40 0.36 0.42 0.61 0.91 1.29 1.41 1.20 1.03 1.00 0.94 0.93 0.92 0.84 0.79 0.86 0.97 1.04 0.94 0.72 0.60 0.50 0.44 0.41 0.38 0.44 0.63 0.82 0.89 0.89 0.90 0.93 1.01 1.07 1.12 1.16 1.16 1.18 1.24 1.41 1.65 1.82 2.01 2.15 2.21 2.07 1.68 1.59 1.79 1.91 1.82 1.61 1.49
0.12 0.18 0.28 0.33 0.34 0.36 0.38 0.45 0.53 0.50 0.41 0.37 0.39 0.47 0.62 0.82 1.30 1.53 1.12 0.70 0.59 0.54 0.52 0.60 0.91 1.18 0.99 0.73 0.68 0.58 0.50 0.42 0.31 0.31 0.48 0.70 0.99 1.30 1.34 1.26 1.17 1.04 0.99 0.98 0.83 0.60 0.55 0.72 0.94 0.92 0.72 0.61 0.53 0.47 0.45 0.42 0.45 0.61 0.79 0.86 0.89 0.93 0.90 0.96 1.04 1.08 1.13 1.13 1.12 1.17 1.35 1.56 1.70 1.94 2.17 2.33 2.38 1.92 1.63 1.90 2.04 1.80 1.51 1.46
0.13 0.19 0.26 0.32 0.39 0.38 0.34 0.38 0.53 0.59 0.48 0.39 0.40 0.51 0.65 0.89 1.36 1.47 1.18 0.81 0.62 0.52 0.50 0.55 0.72 1.06 1.14 0.90 0.72 0.62 0.53 0.46 0.33 0.31 0.42 0.58 0.79 1.03 1.20 1.35 1.35 1.16 1.07 1.06 0.87 0.59 0.48 0.57 0.78 0.83 0.70 0.60 0.54 0.49 0.48 0.45 0.48 0.61 0.77 0.84 0.91 0.96 0.90 0.93 1.02 1.06 1.10 1.12 1.07 1.12 1.29 1.45 1.57 1.81 2.14 2.45 2.61 2.13 1.71 1.96 2.10 1.75 1.41 1.36
0.15 0.21 0.26 0.31 0.41 0.40 0.35 0.35 0.42 0.58 0.59 0.46 0.49 0.62 0.82 1.21 1.40 1.32 1.13 0.96 0.73 0.50 0.46 0.48 0.52 0.76 1.10 1.14 0.89 0.68 0.58 0.50 0.40 0.36 0.40 0.49 0.66 0.82 1.00 1.28 1.41 1.26 1.15 1.10 0.91 0.74 0.61 0.55 0.66 0.76 0.70 0.60 0.54 0.51 0.49 0.47 0.50 0.62 0.74 0.81 0.91 0.95 0.91 0.92 1.00 1.06 1.09 1.13 1.10 1.08 1.18 1.34 1.46 1.59 2.01 2.55 2.80 2.39 1.86 1.96 2.09 1.79 1.35 1.21
0.15 0.23 0.28 0.32 0.40 0.41 0.38 0.37 0.38 0.48 0.59 0.55 0.55 0.77 1.23 1.43 1.28 1.11 1.01 0.98 0.87 0.58 0.43 0.41 0.37 0.49 0.84 1.17 1.14 0.86 0.65 0.58 0.51 0.43 0.40 0.44 0.52 0.66 0.92 1.23 1.34 1.29 1.22 1.07 0.94 0.86 0.74 0.60 0.62 0.72 0.71 0.63 0.56 0.53 0.49 0.46 0.51 0.64 0.73 0.80 0.88 0.91 0.90 0.92 0.98 1.06 1.08 1.16 1.24 1.15 1.10 1.21 1.33 1.40 1.76 2.40 2.85 2.73 2.12 1.98 1.99 1.74 1.43 1.27
0.12 0.23 0.32 0.33 0.39 0.41 0.40 0.40 0.40 0.45 0.52 0.56 0.56 0.90 1.47 1.39 1.05 0.97 0.90 0.91 0.88 0.68 0.49 0.40 0.33 0.36 0.59 0.97 1.20 1.08 0.80 0.67 0.64 0.55 0.45 0.43 0.42 0.52 0.89 1.23 1.21 1.23 1.22 1.00 0.92 0.91 0.80 0.64 0.61 0.68 0.68 0.63 0.59 0.54 0.49 0.46 0.52 0.65 0.73 0.79 0.84 0.86 0.88 0.90 0.95 1.04 1.08 1.18 1.39 1.36 1.16 1.11 1.18 1.23 1.46 2.07 2.70 2.89 2.58 2.17 1.92 1.69 1.54 1.53
0.08 0.20 0.33 0.36 0.41 0.42 0.40 0.40 0.43 0.48 0.51 0.56 0.59 1.02 1.52 1.29 0.98 0.89 0.80 0.82 0.83 0.69 0.54 0.46 0.34 0.30 0.44 0.77 1.08 1.14 0.96 0.79 0.73 0.66 0.56 0.45 0.36 0.41 0.85 1.23 1.14 1.09 1.11 0.98 0.91 0.90 0.81 0.66 0.61 0.66 0.65 0.63 0.59 0.55 0.50 0.47 0.54 0.66 0.71 0.75 0.80 0.83 0.87 0.87 0.91 1.01 1.08 1.20 1.45 1.58 1.35 1.14 1.15 1.16 1.15 1.58 2.34 2.76 2.82 2.69 2.18 1.72 1.66 1.76
0.10 0.17 0.28 0.37 0.45 0.45 0.39 0.38 0.42 0.49 0.55 0.61 0.72 1.27 1.51 1.20 0.94 0.82 0.71 0.76 0.81 0.69 0.57 0.49 0.38 0.30 0.36 0.62 0.89 1.03 1.06 0.99 0.84 0.73 0.67 0.52 0.35 0.37 0.77 1.18 1.11 0.94 0.95 0.93 0.88 0.89 0.82 0.68 0.63 0.65 0.64 0.63 0.59 0.55 0.51 0.49 0.56 0.65 0.69 0.71 0.75 0.79 0.84 0.84 0.88 0.98 1.09 1.24 1.45 1.66 1.63 1.36 1.23 1.19 1.11 1.21 1.81 2.36 2.63 2.94 2.76 1.96 1.92 1.89
0.15 0.18 0.23 0.33 0.46 0.49 0.44 0.41 0.42 0.48 0.58 0.72 1.09 1.50 1.39 1.02 0.88 0.82 0.76 0.80 0.83 0.72 0.59 0.50 0.41 0.35 0.37 0.50 0.69 0.79 0.92 1.09 1.05 0.85 0.77 0.60 0.40 0.42 0.71 1.06 1.03 0.87 0.86 0.84 0.83 0.86 0.82 0.71 0.66 0.65 0.64 0.63 0.59 0.56 0.54 0.53 0.57 0.62 0.66 0.69 0.71 0.76 0.78 0.78 0.85 0.97 1.09 1.26 1.45 1.64 1.80 1.72 1.42 1.24 1.17 1.14 1.40 1.92 2.22 2.74 2.99 2.57 2.32 1.92
0.18 0.21 0.25 0.30 0.37 0.46 0.52 0.49 0.46 0.54 0.63 0.89 1.46 1.50 1.04 0.81 0.80 0.78 0.73 0.84 0.92 0.79 0.63 0.53 0.45 0.41 0.39 0.42 0.52 0.57 0.65 0.95 1.13 1.07 0.94 0.72 0.51 0.50 0.65 0.86 0.90 0.85 0.84 0.78 0.77 0.80 0.78 0.71 0.68 0.66 0.64 0.62 0.57 0.56 0.58 0.57 0.56 0.59 0.63 0.66 0.68 0.73 0.71 0.68 0.79 0.97 1.11 1.27 1.44 1.62 1.83 1.93 1.68 1.35 1.23 1.09 1.14 1.60 1.95 2.41 2.98 3.00 2.49 1.85
0.15 0.24 0.33 0.30 0.29 0.36 0.52 0.55 0.55 0.71 0.81 1.24 1.58 1.18 0.74 0.70 0.71 0.70 0.63 0.73 0.91 0.92 0.78 0.63 0.53 0.47 0.42 0.39 0.41 0.43 0.48 0.72 0.98 1.13 1.12 0.90 0.65 0.60 0.60 0.67 0.78 0.82 0.82 0.76 0.74 0.75 0.73 0.70 0.69 0.67 0.65 0.64 0.58 0.54 0.58 0.57 0.55 0.57 0.61 0.64 0.67 0.70 0.65 0.58 0.68 0.90 1.09 1.25 1.42 1.65 1.83 1.98 1.97 1.66 1.32 0.97 0.93 1.42 1.91 2.33 3.01 3.15 2.48 1.85
0.09 0.26 0.41 0.33 0.30 0.35 0.43 0.50 0.63 0.80 1.04 1.55 1.52 0.82 0.63 0.65 0.66 0.69 0.65 0.62 0.72 0.84 0.88 0.83 0.72 0.59 0.48 0.38 0.37 0.39 0.42 0.53 0.72 0.99 1.17 1.05 0.78 0.69 0.66 0.64 0.73 0.82 0.81 0.77 0.74 0.72 0.70 0.70 0.69 0.67 0.66 0.70 0.67 0.57 0.53 0.50 0.51 0.55 0.57 0.62 0.66 0.66 0.60 0.53 0.59 0.76 0.96 1.12 1.34 1.62 1.80 1.94 2.17 2.06 1.32 0.77 0.78 1.36 2.02 2.57 2.94 3.00 2.65 2.05
0.05 0.24 0.44 0.42 0.36 0.38 0.43 0.49 0.62 0.76 1.21 1.58 1.21 0.72 0.63 0.62 0.64 0.73 0.70 0.57 0.54 0.63 0.75 0.86 0.83 0.75 0.68 0.55 0.42 0.40 0.42 0.48 0.55 0.76 1.09 1.10 0.88 0.76 0.71 0.68 0.72 0.80 0.80 0.77 0.75 0.72 0.70 0.69 0.69 0.68 0.68 0.75 0.79 0.68 0.52 0.40 0.43 0.52 0.54 0.59 0.64 0.64 0.60 0.55 0.59 0.72 0.85 0.96 1.12 1.41 1.68 1.90 2.28 2.27 1.43 0.70 0.77 1.26 2.16 2.72 2.56 2.65 2.84 2.20
0.09 0.20 0.39 0.48 0.45 0.45 0.49 0.55 0.64 0.68 1.11 1.62 1.24 0.74 0.65 0.60 0.65 0.76 0.70 0.51 0.49 0.54 0.62 0.72 0.74 0.72 0.73 0.74 0.65 0.52 0.48 0.50 0.46 0.57 0.94 1.03 0.87 0.75 0.70 0.70 0.72 0.77 0.78 0.76 0.74 0.72 0.70 0.69 0.68 0.69 0.73 0.79 0.85 0.80 0.56 0.33 0.36 0.47 0.52 0.57 0.60 0.61 0.61 0.59 0.60 0.73 0.87 0.93 0.98 1.12 1.40 1.83 2.32 2.38 1.68 0.93 0.80 1.14 2.20 2.70 2.28 2.56 2.85 1.98
0.19 0.24 0.32 0.43 0.52 0.56 0.61 0.64 0.69 0.68 0.93 1.60 1.45 0.78 0.63 0.60 0.67 0.76 0.63 0.51 0.52 0.54 0.58 0.61 0.61 0.57 0.57 0.67 0.71 0.69 0.65 0.58 0.44 0.50 0.79 0.90 0.81 0.71 0.67 0.69 0.72 0.74 0.76 0.75 0.73 0.71 0.70 0.68 0.68 0.73 0.78 0.84 0.90 0.85 0.60 0.36 0.33 0.39 0.50 0.59 0.56 0.56 0.60 0.61 0.61 0.77 0.93 0.92 0.93 1.04 1.16 1.56 2.25 2.41 1.82 1.21 0.96 1.12 2.09 2.62 2.45 2.77 2.61 1.46
0.34 0.33 0.32 0.33 0.45 0.61 0.71 0.78 0.80 0.71 0.96 1.53 1.35 0.75 0.60 0.61 0.69 0.74 0.65 0.59 0.57 0.56 0.58 0.56 0.53 0.53 0.51 0.52 0.57 0.62 0.71 0.74 0.59 0.51 0.66 0.79 0.75 0.68 0.65 0.66 0.70 0.72 0.74 0.74 0.73 0.71 0.69 0.67 0.69 0.76 0.82 0.90 0.96 0.87 0.67 0.47 0.35 0.36 0.51 0.60 0.53 0.50 0.55 0.59 0.64 0.80 0.94 0.92 0.94 1.06 1.14 1.35 1.98 2.34 1.91 1.40 1.26 1.36 1.76 2.37 2.78 2.75 2.02 1.40
0.52 0.43 0.33 0.32 0.39 0.52 0.67 0.88 0.96 0.92 1.27 1.45 1.04 0.63 0.55 0.59 0.69 0.71 0.66 0.68 0.70 0.68 0.64 0.59 0.55 0.54 0.51 0.48 0.49 0.45 0.54 0.76 0.73 0.58 0.62 0.73 0.73 0.68 0.65 0.65 0.67 0.70 0.71 0.73 0.74 0.71 0.68 0.69 0.73 0.78 0.83 0.96 1.03 0.90 0.73 0.58 0.43 0.41 0.49 0.56 0.50 0.45 0.50 0.57 0.66 0.80 0.90 0.93 0.98 1.08 1.18 1.33 1.73 2.12 1.86 1.49 1.60 1.74 1.63 2.08 2.76 2.36 1.84 1.55
0.63 0.51 0.37 0.37 0.41 0.46 0.52 0.77 1.11 1.27 1.34 1.14 0.77 0.57 0.48 0.51 0.64 0.66 0.60 0.63 0.72 0.76 0.77 0.79 0.75 0.62 0.53 0.49 0.47 0.39 0.39 0.62 0.71 0.62 0.62 0.70 0.73 0.69 0.65 0.64 0.66 0.68 0.68 0.70 0.73 0.71 0.69 0.72 0.77 0.79 0.86 1.00 1.09 0.99 0.83 0.69 0.54 0.46 0.48 0.51 0.46 0.44 0.50 0.60 0.68 0.78 0.89 0.97 1.02 1.12 1.24 1.27 1.52 1.82 1.75 1.59 1.87 2.03 1.70 2.04 2.41 2.14 2.18 1.87
0.60 0.58 0.49 0.45 0.47 0.50 0.51 0.66 1.23 1.43 1.18 0.87 0.72 0.58 0.47 0.46 0.54 0.61 0.58 0.55 0.59 0.65 0.69 0.80 0.92 0.89 0.68 0.53 0.48 0.43 0.37 0.49 0.63 0.61 0.60 0.67 0.71 0.70 0.66 0.64 0.65 0.68 0.68 0.67 0.70 0.70 0.69 0.74 0.79 0.80 0.88 1.04 1.14 1.12 0.98 0.79 0.62 0.50 0.49 0.47 0.42 0.44 0.53 0.63 0.71 0.79 0.89 0.97 1.05 1.20 1.29 1.19 1.22 1.48 1.67 1.86 2.22 2.07 1.55 1.79 1.93 1.95 2.38 2.34
0.45 0.55 0.62 0.59 0.63 0.60 0.52 0.73 1.41 1.51 1.03 0.82 0.75 0.62 0.52 0.45 0.45 0.52 0.59 0.56 0.50 0.50 0.49 0.59 0.84 1.02 0.94 0.62 0.49 0.47 0.40 0.43 0.55 0.59 0.59 0.62 0.67 0.69 0.67 0.65 0.65 0.67 0.68 0.66 0.68 0.71 0.70 0.71 0.77 0.81 0.89 1.06 1.20 1.24 1.14 0.89 0.68 0.55 0.50 0.47 0.42 0.45 0.56 0.67 0.75 0.81 0.87 0.94 1.05 1.27 1.35 1.09 0.88 1.08 1.53 2.18 2.45 1.83 1.21 1.45 1.49 1.54 2.20 2.70
0.33 0.44 0.60 0.71 0.81 0.67 0.50 0.80 1.50 1.42 0.86 0.76 0.79 0.71 0.60 0.50 0.43 0.45 0.52 0.55 0.49 0.44 0.41 0.47 0.65 0.94 1.08 0.81 0.50 0.45 0.43 0.43 0.50 0.56 0.58 0.59 0.62 0.65 0.65 0.66 0.66 0.68 0.68 0.66 0.67 0.74 0.75 0.69 0.72 0.80 0.87 1.03 1.23 1.34 1.28 1.00 0.76 0.60 0.52 0.51 0.48 0.46 0.58 0.70 0.78 0.79 0.84 0.92 1.04 1.33 1.43 1.00 0.65 0.87 1.47 2.37 2.52 1.61 1.02 1.10 1.19 1.29 1.78 2.69
