windninja/windninja_output/Output_2025-10-23_1700-1750_Google earth_Fire_150m_10min/merlingen_7.5mi_point_10-23-2025_1740_150m_vel.asc
ncols	158
nrows	163
xllcorner	391686.332397
yllcorner	5160024.123721
cellsize	150.000000
NODATA_value	-32768.000000
[rows 76 to 113 of 163, columns 0 to 83 of 158]
1.39 1.17 0.79 0.52 0.36 0.28 0.26 0.29 0.34 0.41 0.47 0.53 0.58 0.63 0.66 0.70 0.74 0.78 0.81 0.84 0.85 0.87 0.90 0.92 0.93 0.91 0.89 0.91 1.00 1.14 1.24 1.24 1.21 1.16 1.08 0.99 0.95 0.94 0.94 0.94 0.95 0.98 0.99 1.00 1.01 1.01 1.01 1.01 1.01 1.01 1.01 1.01 1.00 1.00 1.00 1.00 0.99 0.99 0.98 0.98 0.97 0.96 0.94 0.93 0.91 0.89 0.87 0.84 0.81 0.79 0.75 0.70 0.64 0.56 0.50 0.51 0.57 0.69 0.83 0.94 1.01 1.13 1.33 1.38
1.66 1.38 0.96 0.65 0.40 0.23 0.15 0.15 0.23 0.34 0.44 0.52 0.58 0.61 0.65 0.68 0.71 0.75 0.78 0.82 0.84 0.87 0.89 0.93 0.95 0.93 0.89 0.86 0.88 0.97 1.12 1.19 1.19 1.19 1.17 1.07 1.01 0.97 0.93 0.93 0.95 0.97 0.99 1.00 1.01 1.01 1.01 1.01 1.00 1.00 1.00 1.01 1.01 1.01 1.01 1.01 1.01 1.01 1.00 1.00 0.99 0.98 0.97 0.96 0.94 0.93 0.91 0.89 0.86 0.84 0.80 0.77 0.72 0.65 0.57 0.51 0.50 0.56 0.67 0.81 0.93 1.03 1.21 1.31
1.99 1.57 1.09 0.87 0.56 0.26 0.07 0.10 0.23 0.35 0.46 0.53 0.58 0.62 0.65 0.68 0.70 0.73 0.76 0.80 0.82 0.85 0.87 0.90 0.94 0.98 0.96 0.90 0.87 0.89 1.01 1.18 1.27 1.29 1.29 1.23 1.13 1.05 0.98 0.91 0.91 0.94 0.97 0.99 0.99 1.00 1.00 0.99 0.99 0.99 1.00 1.00 1.01 1.01 1.02 1.02 1.02 1.02 1.02 1.02 1.01 1.01 1.00 0.99 0.97 0.96 0.94 0.92 0.90 0.88 0.85 0.82 0.78 0.72 0.65 0.57 0.51 0.51 0.54 0.67 0.87 1.00 1.16 1.35
2.29 1.81 1.23 1.20 0.78 0.27 0.12 0.28 0.39 0.47 0.52 0.57 0.62 0.65 0.68 0.70 0.71 0.72 0.74 0.77 0.80 0.83 0.84 0.86 0.90 0.97 1.04 1.03 0.98 0.94 1.00 1.13 1.26 1.31 1.30 1.28 1.24 1.17 1.08 0.96 0.88 0.88 0.92 0.94 0.95 0.96 0.96 0.96 0.96 0.96 0.97 0.98 1.00 1.01 1.02 1.03 1.03 1.04 1.03 1.03 1.03 1.02 1.02 1.01 1.00 0.99 0.97 0.95 0.93 0.91 0.89 0.86 0.83 0.79 0.73 0.65 0.58 0.52 0.49 0.58 0.81 0.99 1.18 1.42
2.31 1.95 1.52 1.36 1.26 1.17 0.89 0.79 0.74 0.67 0.63 0.64 0.66 0.68 0.69 0.70 0.71 0.71 0.72 0.74 0.77 0.80 0.82 0.84 0.87 0.92 1.01 1.06 1.06 1.01 1.00 1.08 1.21 1.34 1.39 1.35 1.28 1.26 1.23 1.13 0.97 0.88 0.87 0.88 0.89 0.91 0.91 0.91 0.89 0.89 0.91 0.95 0.97 1.00 1.02 1.03 1.04 1.05 1.05 1.05 1.04 1.04 1.04 1.03 1.02 1.01 1.00 0.98 0.96 0.94 0.92 0.89 0.87 0.83 0.78 0.72 0.65 0.57 0.51 0.55 0.76 0.99 1.18 1.35
2.14 1.72 1.20 1.20 1.40 1.55 1.60 1.42 1.17 0.96 0.82 0.75 0.72 0.70 0.69 0.69 0.69 0.69 0.70 0.72 0.75 0.78 0.82 0.84 0.85 0.87 0.92 0.99 1.04 1.05 1.03 1.06 1.13 1.26 1.41 1.46 1.38 1.31 1.31 1.29 1.18 1.04 0.96 0.90 0.84 0.81 0.79 0.80 0.78 0.75 0.76 0.84 0.93 0.99 1.02 1.04 1.05 1.05 1.06 1.06 1.06 1.06 1.05 1.05 1.04 1.03 1.02 1.00 0.99 0.97 0.95 0.92 0.90 0.87 0.83 0.78 0.71 0.65 0.60 0.62 0.75 0.96 1.13 1.21
2.06 1.49 0.99 1.24 1.38 1.47 1.55 1.53 1.35 1.14 0.95 0.82 0.76 0.73 0.71 0.68 0.67 0.66 0.66 0.67 0.70 0.74 0.78 0.81 0.84 0.86 0.89 0.95 1.01 1.04 1.02 0.98 0.96 0.99 1.12 1.31 1.40 1.36 1.31 1.32 1.33 1.27 1.20 1.15 1.08 1.02 0.98 0.98 1.00 0.93 0.83 0.81 0.85 0.94 1.00 1.04 1.05 1.06 1.06 1.06 1.06 1.06 1.06 1.06 1.06 1.05 1.04 1.03 1.01 0.99 0.97 0.95 0.93 0.90 0.87 0.82 0.77 0.71 0.67 0.66 0.72 0.85 1.05 1.18
1.75 1.59 1.60 1.59 1.48 1.36 1.32 1.30 1.21 1.04 0.88 0.78 0.73 0.69 0.66 0.64 0.63 0.61 0.61 0.61 0.64 0.68 0.73 0.77 0.82 0.89 0.94 0.97 1.00 1.02 1.00 0.97 0.93 0.90 0.92 1.00 1.14 1.23 1.26 1.27 1.28 1.31 1.34 1.39 1.43 1.44 1.43 1.43 1.44 1.44 1.34 1.15 1.00 0.98 1.01 1.04 1.05 1.06 1.07 1.07 1.07 1.07 1.07 1.07 1.07 1.06 1.06 1.05 1.03 1.02 1.00 0.97 0.95 0.93 0.90 0.86 0.81 0.76 0.70 0.66 0.67 0.73 0.94 1.19
1.48 1.56 1.55 1.45 1.40 1.30 1.15 1.01 0.94 0.85 0.78 0.72 0.70 0.68 0.65 0.62 0.60 0.59 0.58 0.57 0.59 0.62 0.68 0.73 0.78 0.85 0.93 0.97 0.99 1.02 1.04 1.04 1.03 1.00 0.96 0.93 0.96 1.01 1.08 1.13 1.16 1.20 1.23 1.25 1.28 1.30 1.31 1.29 1.29 1.35 1.41 1.39 1.27 1.12 1.05 1.04 1.05 1.06 1.06 1.07 1.07 1.07 1.08 1.08 1.08 1.08 1.07 1.06 1.05 1.03 1.02 0.99 0.97 0.95 0.93 0.89 0.84 0.79 0.75 0.70 0.69 0.72 0.85 1.07
1.04 1.08 1.12 1.11 1.18 1.14 0.99 0.87 0.81 0.76 0.72 0.70 0.69 0.69 0.70 0.67 0.62 0.60 0.57 0.54 0.52 0.53 0.57 0.66 0.73 0.77 0.81 0.87 0.92 0.96 1.01 1.05 1.07 1.11 1.14 1.11 1.06 1.02 0.98 0.98 1.04 1.09 1.12 1.10 1.09 1.07 1.05 1.02 0.99 0.99 1.06 1.15 1.19 1.13 1.06 1.04 1.04 1.05 1.05 1.06 1.07 1.07 1.08 1.08 1.09 1.09 1.08 1.08 1.06 1.05 1.03 1.01 0.99 0.97 0.95 0.91 0.87 0.83 0.78 0.75 0.74 0.78 0.85 0.98
0.90 0.95 0.99 0.96 1.03 1.05 0.94 0.86 0.83 0.77 0.74 0.72 0.69 0.69 0.70 0.70 0.65 0.60 0.54 0.48 0.44 0.42 0.44 0.52 0.65 0.76 0.81 0.87 0.91 0.92 0.95 0.99 1.04 1.13 1.26 1.34 1.35 1.31 1.20 1.06 0.96 0.97 1.05 1.10 1.11 1.09 1.07 1.03 0.96 0.90 0.88 0.93 1.01 1.05 1.04 1.02 1.01 1.02 1.03 1.04 1.05 1.06 1.08 1.08 1.09 1.09 1.09 1.09 1.08 1.07 1.05 1.03 1.01 0.99 0.96 0.93 0.89 0.84 0.79 0.74 0.73 0.78 0.87 0.99
1.15 1.04 0.93 0.91 0.96 1.04 1.02 0.98 0.98 0.91 0.79 0.71 0.69 0.69 0.70 0.70 0.68 0.65 0.58 0.52 0.47 0.44 0.47 0.62 0.80 0.92 0.97 0.98 0.98 0.97 0.94 0.95 0.96 0.98 1.08 1.25 1.40 1.51 1.53 1.41 1.20 1.03 1.01 1.07 1.13 1.14 1.12 1.08 1.03 0.94 0.85 0.84 0.89 0.94 0.96 0.95 0.94 0.95 0.97 1.00 1.02 1.04 1.07 1.08 1.09 1.10 1.10 1.10 1.09 1.08 1.06 1.05 1.03 1.00 0.98 0.95 0.91 0.85 0.79 0.71 0.66 0.67 0.72 0.78
1.59 1.24 0.95 1.00 1.06 1.19 1.28 1.24 1.15 1.03 0.85 0.74 0.74 0.76 0.79 0.80 0.77 0.74 0.70 0.65 0.63 0.69 0.92 1.17 1.20 1.11 1.05 1.03 1.02 1.02 1.00 0.97 0.94 0.89 0.85 0.90 1.05 1.25 1.44 1.52 1.47 1.30 1.13 1.09 1.15 1.22 1.23 1.18 1.13 1.08 0.99 0.90 0.87 0.91 0.95 0.95 0.92 0.89 0.88 0.91 0.96 1.01 1.05 1.08 1.09 1.10 1.10 1.10 1.09 1.09 1.07 1.06 1.04 1.01 0.99 0.96 0.92 0.87 0.80 0.71 0.61 0.53 0.47 0.42
1.78 1.51 1.24 1.20 1.17 1.21 1.30 1.34 1.28 1.18 1.03 0.90 0.86 0.85 0.83 0.83 0.84 0.83 0.80 0.82 0.91 1.20 1.49 1.51 1.33 1.16 1.07 1.03 1.03 1.03 1.03 1.02 1.00 0.96 0.90 0.83 0.81 0.89 1.08 1.26 1.34 1.32 1.22 1.13 1.12 1.18 1.27 1.29 1.22 1.17 1.13 1.07 1.03 1.03 1.08 1.11 1.08 0.97 0.84 0.79 0.87 0.97 1.04 1.07 1.09 1.10 1.11 1.11 1.10 1.09 1.08 1.07 1.05 1.03 1.00 0.97 0.93 0.88 0.81 0.72 0.60 0.46 0.32 0.20
1.66 1.55 1.39 1.23 1.10 1.05 1.13 1.29 1.41 1.44 1.34 1.13 0.99 0.92 0.87 0.84 0.89 0.96 0.95 0.99 1.32 1.67 1.71 1.50 1.29 1.17 1.10 1.05 1.03 1.02 1.02 1.02 1.01 1.01 1.00 0.95 0.86 0.83 0.93 1.13 1.24 1.22 1.16 1.09 1.05 1.07 1.17 1.28 1.29 1.21 1.15 1.13 1.13 1.14 1.17 1.21 1.22 1.17 1.05 0.88 0.86 0.95 1.03 1.07 1.09 1.10 1.11 1.11 1.10 1.10 1.09 1.08 1.06 1.04 1.01 0.98 0.95 0.90 0.84 0.75 0.63 0.48 0.33 0.21
1.53 1.54 1.58 1.56 1.46 1.28 1.23 1.41 1.64 1.73 1.64 1.44 1.26 1.17 1.14 1.14 1.15 1.16 1.15 1.25 1.66 1.81 1.60 1.43 1.28 1.17 1.09 1.04 1.01 1.00 0.99 0.99 0.98 0.97 0.98 1.01 0.99 0.93 0.93 1.06 1.25 1.29 1.19 1.08 1.01 0.99 1.04 1.15 1.23 1.21 1.13 1.07 1.06 1.08 1.15 1.27 1.37 1.44 1.45 1.30 1.07 1.00 1.03 1.07 1.09 1.10 1.11 1.11 1.11 1.10 1.09 1.08 1.06 1.05 1.02 1.00 0.96 0.92 0.86 0.79 0.69 0.55 0.41 0.33
1.44 1.58 1.88 2.11 2.21 2.17 2.22 2.43 2.59 2.60 2.25 1.83 1.59 1.44 1.34 1.31 1.37 1.53 1.78 2.06 1.99 1.64 1.34 1.27 1.18 1.10 1.05 1.01 0.98 0.96 0.95 0.95 0.95 0.94 0.95 0.99 1.01 1.00 0.95 0.95 1.12 1.32 1.32 1.16 1.02 0.95 0.95 1.01 1.09 1.11 1.03 0.95 0.93 0.95 1.01 1.19 1.39 1.49 1.55 1.51 1.31 1.12 1.06 1.07 1.09 1.10 1.10 1.10 1.10 1.10 1.09 1.09 1.07 1.06 1.03 1.01 0.98 0.94 0.89 0.83 0.75 0.64 0.50 0.39
1.32 1.52 1.88 2.18 2.44 2.66 2.87 3.11 3.26 3.29 3.20 2.95 2.74 2.69 2.60 2.45 2.39 2.54 2.55 2.40 2.17 1.49 1.23 1.15 1.10 1.05 1.02 1.00 0.97 0.94 0.92 0.89 0.87 0.87 0.91 0.95 0.98 0.99 0.98 0.95 0.99 1.20 1.40 1.33 1.13 0.98 0.92 0.95 1.04 1.08 1.02 0.88 0.85 0.89 0.88 0.89 0.99 1.10 1.22 1.32 1.29 1.16 1.09 1.08 1.08 1.09 1.09 1.10 1.10 1.10 1.09 1.09 1.07 1.06 1.05 1.02 1.00 0.96 0.92 0.87 0.81 0.73 0.62 0.51
1.30 1.45 1.70 1.87 2.04 2.17 2.31 2.43 2.50 2.79 3.19 3.43 3.52 3.54 3.54 3.33 3.13 2.96 2.54 2.14 1.98 1.68 1.39 1.19 1.07 1.01 0.99 0.98 0.97 0.94 0.89 0.85 0.82 0.82 0.86 0.91 0.94 0.95 0.97 0.97 0.98 1.11 1.39 1.56 1.44 1.25 1.11 1.05 1.10 1.18 1.22 1.12 0.96 0.92 0.87 0.75 0.72 0.81 0.96 1.09 1.15 1.11 1.07 1.07 1.07 1.07 1.08 1.09 1.09 1.09 1.09 1.08 1.08 1.07 1.05 1.04 1.01 0.99 0.95 0.91 0.87 0.81 0.75 0.68
1.37 1.38 1.52 1.63 1.66 1.64 1.58 1.52 1.51 1.73 2.00 2.25 2.27 1.96 1.95 1.98 2.24 2.11 2.07 1.89 1.78 1.67 1.40 1.13 0.95 0.91 0.92 0.93 0.95 0.98 0.99 0.99 0.96 0.90 0.85 0.85 0.88 0.91 0.93 0.94 0.95 1.00 1.21 1.54 1.72 1.70 1.58 1.46 1.41 1.45 1.53 1.49 1.24 1.05 0.95 0.85 0.79 0.82 0.88 0.98 1.05 1.04 1.04 1.04 1.04 1.05 1.06 1.07 1.08 1.08 1.08 1.08 1.08 1.07 1.06 1.04 1.03 1.01 0.98 0.95 0.92 0.88 0.84 0.81
1.57 1.41 1.43 1.54 1.55 1.49 1.34 1.14 0.93 0.76 0.74 0.97 1.05 1.03 1.03 1.17 1.36 1.62 1.85 1.63 1.44 1.49 1.32 1.00 0.77 0.75 0.81 0.88 0.92 1.00 1.09 1.12 1.06 0.95 0.84 0.80 0.82 0.85 0.87 0.89 0.88 0.88 0.99 1.23 1.54 1.76 1.86 1.85 1.80 1.73 1.67 1.60 1.41 1.18 1.06 0.95 0.86 0.83 0.83 0.88 0.95 0.98 0.98 1.00 1.01 1.02 1.03 1.05 1.06 1.07 1.07 1.08 1.07 1.07 1.06 1.05 1.04 1.02 1.00 0.98 0.96 0.94 0.92 0.90
1.94 1.59 1.32 1.30 1.28 1.29 1.25 1.07 0.78 0.54 0.47 0.50 0.61 0.83 0.91 1.07 1.22 1.53 1.82 1.63 1.43 1.44 1.35 0.93 0.63 0.67 0.76 0.84 0.88 0.87 0.87 0.91 0.94 0.90 0.81 0.75 0.73 0.75 0.79 0.83 0.85 0.84 0.86 0.97 1.14 1.34 1.52 1.61 1.58 1.51 1.48 1.51 1.43 1.26 1.15 1.06 0.94 0.85 0.82 0.81 0.84 0.87 0.90 0.93 0.95 0.98 1.00 1.02 1.05 1.06 1.06 1.07 1.07 1.06 1.06 1.05 1.05 1.04 1.02 1.01 1.00 0.98 0.97 0.97
2.22 1.63 0.92 0.69 0.72 0.90 0.99 0.97 0.83 0.63 0.46 0.39 0.43 0.58 0.78 0.96 1.16 1.39 1.43 1.54 1.55 1.50 1.40 1.03 0.87 0.89 0.85 0.81 0.78 0.74 0.70 0.72 0.78 0.82 0.79 0.73 0.69 0.66 0.67 0.73 0.79 0.82 0.82 0.86 0.93 0.97 1.04 1.16 1.24 1.28 1.32 1.39 1.41 1.31 1.20 1.15 1.09 0.98 0.90 0.87 0.83 0.81 0.81 0.82 0.86 0.90 0.95 0.98 1.02 1.04 1.04 1.05 1.06 1.06 1.06 1.05 1.05 1.04 1.04 1.03 1.02 1.01 1.01 1.01
2.25 1.46 0.51 0.25 0.27 0.38 0.47 0.60 0.65 0.60 0.56 0.49 0.47 0.57 0.78 1.04 1.23 1.23 1.15 1.23 1.42 1.56 1.57 1.49 1.32 1.09 0.91 0.78 0.72 0.70 0.68 0.66 0.67 0.70 0.73 0.73 0.73 0.69 0.63 0.64 0.70 0.76 0.79 0.84 0.93 1.01 1.05 1.13 1.25 1.33 1.35 1.37 1.42 1.41 1.31 1.24 1.21 1.14 1.02 0.96 0.95 0.92 0.86 0.80 0.78 0.80 0.85 0.91 0.97 1.00 1.02 1.03 1.04 1.05 1.05 1.05 1.05 1.04 1.04 1.04 1.04 1.04 1.04 1.04
1.82 1.20 0.42 0.17 0.19 0.29 0.37 0.48 0.56 0.58 0.60 0.57 0.55 0.62 0.78 1.02 1.23 1.17 0.99 1.01 1.22 1.40 1.49 1.42 1.22 1.05 0.90 0.77 0.70 0.68 0.65 0.61 0.57 0.55 0.57 0.62 0.68 0.71 0.68 0.63 0.64 0.69 0.75 0.81 0.92 1.04 1.11 1.17 1.27 1.36 1.42 1.42 1.43 1.48 1.47 1.40 1.33 1.28 1.17 1.06 1.04 1.07 1.06 0.97 0.86 0.79 0.77 0.81 0.89 0.95 0.99 1.00 1.02 1.02 1.03 1.03 1.04 1.04 1.04 1.04 1.04 1.05 1.05 1.06
1.33 0.94 0.41 0.21 0.24 0.34 0.41 0.47 0.53 0.57 0.59 0.60 0.59 0.66 0.80 0.96 1.17 1.17 1.02 1.12 1.17 1.19 1.26 1.23 1.10 0.98 0.87 0.75 0.68 0.65 0.63 0.58 0.52 0.44 0.39 0.40 0.48 0.57 0.64 0.64 0.62 0.65 0.69 0.74 0.81 0.93 1.06 1.14 1.23 1.34 1.44 1.48 1.46 1.45 1.48 1.48 1.45 1.45 1.38 1.21 1.09 1.09 1.14 1.15 1.06 0.93 0.84 0.81 0.83 0.89 0.93 0.94 0.96 0.99 1.00 1.01 1.02 1.02 1.03 1.03 1.04 1.05 1.06 1.07
1.02 0.77 0.42 0.30 0.32 0.40 0.45 0.48 0.51 0.55 0.59 0.60 0.60 0.67 0.90 1.16 1.33 1.40 1.39 1.36 1.28 1.15 1.19 1.21 1.10 0.98 0.87 0.74 0.65 0.63 0.62 0.59 0.53 0.44 0.33 0.27 0.30 0.40 0.50 0.55 0.57 0.59 0.63 0.68 0.75 0.90 1.10 1.23 1.30 1.36 1.42 1.48 1.50 1.51 1.50 1.49 1.49 1.53 1.53 1.45 1.29 1.19 1.19 1.22 1.20 1.09 0.97 0.89 0.84 0.85 0.87 0.86 0.87 0.91 0.95 0.97 0.98 0.99 1.00 1.01 1.02 1.04 1.05 1.07
0.92 0.77 0.54 0.45 0.44 0.48 0.51 0.52 0.53 0.55 0.58 0.58 0.55 0.57 0.72 0.95 1.18 1.27 1.27 1.30 1.34 1.25 1.22 1.21 1.12 1.04 0.96 0.80 0.66 0.62 0.61 0.60 0.57 0.49 0.38 0.27 0.21 0.24 0.32 0.41 0.45 0.50 0.55 0.61 0.69 0.79 0.97 1.17 1.29 1.36 1.40 1.45 1.49 1.53 1.61 1.61 1.56 1.55 1.57 1.57 1.51 1.40 1.33 1.32 1.32 1.24 1.10 1.01 0.96 0.95 0.95 0.87 0.79 0.80 0.87 0.90 0.92 0.93 0.95 0.97 0.99 1.01 1.03 1.06
0.99 0.88 0.71 0.61 0.56 0.55 0.55 0.56 0.56 0.55 0.55 0.52 0.46 0.41 0.40 0.49 0.73 0.87 0.88 1.06 1.26 1.30 1.29 1.26 1.18 1.12 1.09 0.96 0.77 0.67 0.62 0.59 0.57 0.53 0.44 0.32 0.21 0.18 0.22 0.30 0.38 0.44 0.50 0.56 0.62 0.67 0.77 0.95 1.16 1.32 1.41 1.46 1.49 1.47 1.51 1.60 1.63 1.62 1.59 1.56 1.53 1.46 1.40 1.39 1.40 1.37 1.27 1.17 1.13 1.13 1.16 1.08 0.87 0.75 0.75 0.78 0.80 0.82 0.86 0.90 0.94 0.96 0.99 1.02
1.09 0.98 0.82 0.74 0.67 0.63 0.61 0.60 0.60 0.58 0.55 0.50 0.41 0.35 0.34 0.40 0.54 0.68 0.79 0.95 1.08 1.17 1.25 1.28 1.26 1.23 1.23 1.15 0.98 0.83 0.70 0.61 0.56 0.55 0.50 0.39 0.30 0.27 0.30 0.35 0.41 0.45 0.49 0.54 0.59 0.64 0.72 0.85 1.04 1.27 1.44 1.53 1.59 1.57 1.50 1.48 1.56 1.63 1.65 1.62 1.55 1.48 1.42 1.38 1.39 1.41 1.37 1.29 1.26 1.26 1.30 1.33 1.23 0.95 0.82 0.80 0.77 0.74 0.75 0.79 0.82 0.86 0.92 0.98
1.24 1.12 0.96 0.90 0.85 0.79 0.72 0.66 0.66 0.65 0.63 0.59 0.51 0.45 0.42 0.43 0.52 0.65 0.75 0.85 0.96 1.06 1.11 1.21 1.31 1.32 1.33 1.32 1.21 1.05 0.87 0.72 0.62 0.59 0.57 0.49 0.41 0.40 0.40 0.41 0.44 0.48 0.52 0.56 0.59 0.64 0.70 0.79 0.93 1.12 1.35 1.52 1.63 1.71 1.69 1.58 1.52 1.55 1.62 1.66 1.61 1.54 1.50 1.47 1.42 1.43 1.41 1.32 1.29 1.35 1.38 1.41 1.47 1.38 1.21 1.08 0.95 0.81 0.78 0.78 0.74 0.72 0.80 0.90
1.39 1.29 1.13 1.04 0.99 0.94 0.88 0.81 0.83 0.92 0.95 0.93 0.86 0.76 0.64 0.54 0.56 0.65 0.71 0.78 0.92 1.04 1.00 1.05 1.28 1.41 1.41 1.44 1.47 1.28 1.05 0.89 0.75 0.71 0.70 0.62 0.56 0.50 0.45 0.45 0.48 0.53 0.58 0.61 0.65 0.69 0.74 0.80 0.90 1.00 1.14 1.30 1.45 1.62 1.75 1.76 1.66 1.58 1.59 1.65 1.67 1.59 1.53 1.54 1.53 1.50 1.48 1.38 1.28 1.35 1.47 1.47 1.48 1.52 1.46 1.33 1.19 1.03 0.97 0.98 0.87 0.68 0.67 0.79
1.47 1.39 1.27 1.20 1.16 1.18 1.24 1.22 1.23 1.22 1.19 1.08 0.95 0.88 0.82 0.72 0.67 0.71 0.75 0.78 0.88 1.02 0.98 0.91 1.09 1.35 1.44 1.47 1.60 1.53 1.24 1.07 0.91 0.89 0.88 0.78 0.69 0.62 0.59 0.59 0.59 0.59 0.63 0.69 0.73 0.75 0.79 0.84 0.91 0.99 1.09 1.20 1.29 1.42 1.59 1.75 1.80 1.73 1.67 1.70 1.76 1.73 1.59 1.53 1.54 1.51 1.51 1.48 1.35 1.31 1.47 1.58 1.52 1.49 1.53 1.52 1.42 1.25 1.09 1.10 1.08 0.85 0.65 0.66
1.52 1.43 1.35 1.35 1.37 1.40 1.41 1.37 1.24 1.11 1.10 1.08 0.98 0.94 0.92 0.86 0.78 0.81 0.91 0.98 0.97 0.98 0.95 0.85 0.89 1.16 1.37 1.43 1.55 1.58 1.43 1.30 1.16 1.07 1.01 0.89 0.79 0.76 0.81 0.79 0.66 0.59 0.65 0.72 0.75 0.79 0.84 0.86 0.88 0.97 1.10 1.25 1.35 1.39 1.45 1.59 1.75 1.81 1.77 1.76 1.84 1.91 1.80 1.63 1.58 1.52 1.44 1.46 1.43 1.34 1.39 1.59 1.64 1.56 1.57 1.59 1.57 1.45 1.24 1.14 1.16 1.08 0.83 0.64
1.58 1.50 1.41 1.36 1.28 1.19 1.11 1.08 1.05 1.03 1.05 1.07 1.01 0.98 0.99 0.94 0.85 0.86 1.04 1.21 1.21 1.06 0.89 0.83 0.82 0.94 1.20 1.43 1.66 1.72 1.55 1.44 1.37 1.27 1.15 1.00 0.93 0.97 0.98 0.93 0.83 0.76 0.72 0.71 0.75 0.82 0.86 0.87 0.89 0.94 1.05 1.20 1.36 1.46 1.48 1.52 1.64 1.77 1.78 1.71 1.76 1.91 1.96 1.81 1.71 1.64 1.47 1.38 1.39 1.38 1.40 1.58 1.72 1.69 1.64 1.61 1.60 1.57 1.44 1.28 1.19 1.17 1.03 0.78
1.57 1.51 1.38 1.27 1.16 1.06 1.01 1.01 1.02 1.03 1.06 1.08 0.99 0.96 1.04 1.03 0.93 0.91 1.08 1.31 1.47 1.34 0.93 0.82 0.85 0.87 1.03 1.33 1.69 1.97 1.83 1.51 1.42 1.43 1.41 1.30 1.23 1.20 1.14 1.07 1.08 1.06 0.93 0.80 0.81 0.84 0.83 0.85 0.89 0.94 1.01 1.10 1.23 1.40 1.50 1.54 1.60 1.72 1.77 1.69 1.64 1.77 1.94 1.97 1.91 1.88 1.76 1.50 1.35 1.34 1.38 1.51 1.68 1.73 1.72 1.69 1.64 1.62 1.58 1.43 1.29 1.22 1.13 0.95
1.54 1.45 1.32 1.25 1.18 1.11 1.10 1.11 1.10 1.09 1.14 1.21 1.12 1.04 1.09 1.10 0.99 0.95 1.10 1.44 1.77 1.81 1.32 0.92 0.90 0.88 0.88 0.98 1.27 1.77 2.04 1.81 1.52 1.48 1.51 1.56 1.53 1.38 1.23 1.16 1.12 1.04 0.97 0.96 0.95 0.88 0.82 0.82 0.87 0.93 0.99 1.07 1.18 1.33 1.45 1.51 1.58 1.71 1.82 1.79 1.70 1.73 1.86 1.95 1.99 2.03 2.04 1.87 1.56 1.35 1.30 1.38 1.56 1.69 1.75 1.77 1.73 1.70 1.73 1.69 1.49 1.33 1.20 1.07
1.66 1.52 1.33 1.27 1.21 1.13 1.10 1.13 1.19 1.22 1.25 1.34 1.31 1.21 1.21 1.19 1.04 1.04 1.28 1.61 1.94 2.15 1.90 1.22 0.98 0.97 0.92 0.90 0.94 1.23 1.78 2.01 1.76 1.47 1.38 1.40 1.45 1.37 1.23 1.14 1.04 0.97 1.00 1.05 1.03 0.94 0.88 0.89 0.93 0.95 0.98 1.03 1.16 1.31 1.44 1.50 1.54 1.66 1.83 1.88 1.82 1.79 1.87 1.92 1.92 2.02 2.14 2.14 2.00 1.73 1.54 1.51 1.58 1.70 1.82 1.86 1.81 1.73 1.77 1.86 1.82 1.57 1.29 1.15
