windninja/windninja_output/Output_2025-10-23_1700-1750_Google earth_Fire_150m_10min/merlingen_7.5mi_point_10-23-2025_1740_150m_ang.asc
ncols	158
nrows	163
xllcorner	391686.332397
yllcorner	5160024.123721
cellsize	150.000000
NODATA_value	-32768.000000
[rows 84 to 125 of 163, columns 0 to 93 of 158]
207 201 200 210 216 217 217 217 219 215 207 200 198 199 201 200 199 198 195 192 189 188 189 189 185 185 190 194 196 198 199 200 202 205 208 211 213 212 211 209 206 204 202 201 202 202 202 201 202 203 204 203 202 201 203 206 207 208 208 209 209 209 209 209 210 210 210 210 210 209 209 209 208 208 207 205 202 198 193 185 176 177 188 199 210 214 217 220 221 224 226 227 228 229
199 210 222 227 230 230 230 229 226 218 208 202 199 200 202 202 200 200 198 194 189 186 185 184 182 182 188 194 196 197 198 200 201 203 207 208 210 212 212 210 206 204 204 205 206 208 209 209 209 209 209 209 209 207 206 207 208 208 209 209 209 209 209 209 210 210 210 210 210 210 209 209 209 208 207 206 203 200 194 186 176 174 182 196 211 215 217 220 222 224 227 229 230 231
209 223 235 238 241 241 236 228 221 213 206 203 200 200 202 204 203 204 203 199 193 187 180 174 174 179 186 192 195 196 198 200 200 199 202 204 205 208 210 209 206 203 204 206 207 209 211 212 213 212 212 212 212 211 209 208 209 209 209 209 209 209 209 209 210 210 210 210 210 210 210 210 209 209 208 206 204 201 196 188 175 170 175 192 211 218 220 223 224 225 228 230 230 227
232 239 245 244 239 233 225 216 211 210 208 204 202 200 203 205 206 207 207 202 195 185 172 162 164 174 184 190 194 197 198 199 199 197 198 201 203 205 207 207 205 202 202 205 207 210 212 213 214 215 213 212 212 213 212 212 211 211 210 209 209 209 209 209 210 210 210 211 211 211 210 210 210 209 209 208 206 203 199 191 177 164 165 183 209 219 223 226 229 231 233 232 230 225
242 241 234 225 218 213 210 209 210 214 212 204 199 198 200 203 206 207 205 198 189 177 166 165 169 177 185 191 195 198 199 200 200 200 199 201 202 204 207 208 207 204 202 203 205 208 211 213 214 213 212 211 211 211 212 213 213 213 212 210 208 208 208 209 210 210 211 211 211 211 211 211 211 210 210 209 208 206 202 196 183 164 156 177 212 223 227 230 232 235 236 234 232 231
237 229 215 213 210 207 208 210 213 214 210 201 196 198 201 203 205 205 200 190 177 167 166 172 179 183 188 193 196 199 200 201 201 202 202 202 202 204 209 212 212 209 205 203 204 207 211 213 213 212 210 208 206 205 206 209 212 216 215 209 205 206 207 208 210 210 211 211 211 212 212 211 211 211 211 210 210 208 206 201 193 178 164 181 234 245 244 241 239 241 241 237 237 241
228 222 214 215 213 209 207 208 208 207 206 200 197 199 202 202 201 200 195 180 166 165 173 184 188 188 191 195 197 200 201 202 202 202 203 203 202 202 206 211 214 213 210 207 206 208 211 214 214 213 210 207 204 202 203 208 212 214 213 205 199 202 206 208 210 210 211 212 212 212 212 212 212 212 212 212 211 210 209 207 203 196 189 205 247 261 260 254 251 252 249 241 244 247
220 215 210 208 205 201 197 196 198 201 204 202 198 197 197 195 194 194 191 174 164 170 186 194 193 193 196 198 200 201 202 203 204 203 203 204 203 201 201 205 211 213 213 211 209 209 212 215 216 215 212 208 204 201 201 205 208 206 206 203 198 199 205 208 210 211 211 212 212 212 213 213 213 213 213 213 213 212 212 211 210 208 206 214 237 252 258 258 258 258 253 248 255 259
208 203 198 197 196 192 185 184 189 197 202 201 198 196 195 193 189 187 183 179 175 183 196 201 200 199 200 201 202 203 204 205 205 204 203 203 203 202 201 202 207 212 215 214 213 212 214 217 220 221 218 211 206 201 197 198 201 202 206 207 204 201 205 208 210 211 212 212 213 213 213 214 214 214 214 214 214 214 215 215 216 216 218 226 241 252 259 263 263 260 257 261 267 268
190 189 189 190 190 188 185 183 186 195 199 196 191 189 190 190 185 180 182 187 193 195 201 205 204 203 203 204 205 206 207 208 207 204 202 202 203 203 203 202 203 209 214 216 216 216 216 218 220 222 221 213 203 200 196 194 201 209 214 215 211 206 206 209 210 211 212 213 213 214 214 214 215 215 215 215 216 216 217 218 219 221 225 234 249 261 267 270 268 263 261 264 267 267
170 176 182 184 185 185 186 185 185 191 196 195 190 188 189 190 189 187 192 203 206 204 206 208 207 206 205 206 207 209 211 212 208 202 200 202 204 204 203 201 199 201 209 213 214 214 213 214 215 215 213 207 199 199 200 200 208 217 219 218 215 210 209 210 211 212 213 213 214 214 215 215 215 216 216 217 217 218 219 220 221 224 227 234 244 255 264 267 264 260 259 259 260 260
150 162 176 180 183 184 185 184 181 185 193 198 198 199 198 202 204 211 214 216 215 217 218 219 214 210 207 207 208 209 210 207 204 201 200 202 204 204 203 201 198 196 201 208 209 208 207 206 206 204 204 205 202 201 204 205 208 213 216 217 216 212 211 212 212 213 213 214 215 215 215 215 216 216 217 218 218 219 220 221 223 225 228 233 238 245 251 255 255 254 253 253 253 254
134 148 169 177 183 188 189 185 179 182 201 211 217 220 224 230 231 235 232 221 228 235 237 235 223 212 207 207 207 205 204 204 206 206 204 204 204 204 203 201 198 193 195 201 204 204 203 201 200 201 206 211 209 206 207 209 210 213 215 216 216 214 213 213 213 213 214 214 215 215 216 216 217 217 218 219 219 220 221 222 224 226 228 232 235 239 243 245 247 248 248 248 249 249
126 137 160 175 188 197 198 196 192 194 212 228 235 231 235 239 243 244 237 229 236 244 247 245 223 206 203 206 205 204 207 212 214 213 209 207 206 204 202 201 198 193 191 197 201 202 203 204 206 210 216 217 215 211 210 213 214 215 216 217 217 216 215 214 214 214 214 215 215 216 216 217 218 218 219 220 220 221 222 223 225 226 228 231 233 236 239 240 242 243 244 244 245 245
115 122 146 170 196 207 209 210 210 214 230 252 264 265 262 261 258 255 248 241 238 239 238 227 201 196 202 207 209 213 217 220 220 217 213 210 209 206 201 198 197 193 190 194 201 205 208 213 218 221 220 219 217 214 213 214 215 215 215 216 217 218 218 217 216 215 215 215 216 217 217 218 219 219 220 221 221 222 223 224 225 227 228 230 232 234 236 237 239 240 241 241 242 242
104 105 116 155 210 228 237 239 240 244 251 261 271 277 276 271 268 263 257 246 234 225 218 211 202 204 210 213 217 221 223 223 223 220 215 211 208 206 201 195 193 192 189 191 198 203 207 212 216 217 217 216 215 214 213 213 214 215 214 213 214 215 217 218 218 217 215 215 216 218 218 219 220 220 221 222 222 223 224 225 226 227 228 230 231 233 234 236 237 238 238 239 240 240
110 110 119 158 228 251 262 266 263 261 261 263 268 276 280 275 269 266 255 236 223 217 216 218 220 221 222 222 224 227 231 232 231 226 218 211 208 206 201 193 189 188 187 187 193 200 205 209 212 213 214 213 212 212 212 212 212 214 214 211 210 211 214 216 217 216 216 216 217 219 219 220 221 222 222 223 223 224 225 226 227 228 228 230 231 232 233 234 235 236 237 237 238 239
125 128 143 184 236 255 263 267 265 262 260 258 257 257 258 256 247 241 230 219 217 220 228 233 234 234 233 232 233 237 240 242 241 238 228 216 209 206 202 194 186 184 183 182 188 198 205 208 209 210 211 212 211 212 212 212 211 212 213 211 209 210 212 214 215 214 214 215 217 220 222 223 223 223 224 224 225 225 226 227 227 228 229 230 230 231 232 233 234 235 236 236 237 237
146 151 171 205 235 249 255 257 257 255 254 251 245 235 226 222 222 218 211 212 219 229 239 241 240 240 242 245 245 246 246 244 244 242 236 222 207 201 199 194 185 180 180 179 182 191 199 203 205 207 209 211 210 210 212 211 210 211 212 211 209 208 210 213 215 215 214 215 218 223 227 227 226 225 226 227 227 227 227 228 228 229 229 230 231 231 232 233 233 234 235 235 236 236
171 176 192 211 227 238 244 248 250 251 250 246 237 224 215 215 217 216 214 221 230 237 242 244 242 243 247 250 249 246 244 241 240 238 233 222 203 191 193 192 183 176 174 174 174 180 191 199 203 206 208 210 209 208 209 209 209 210 211 210 209 207 208 211 215 215 214 215 216 220 227 231 230 230 230 231 230 230 230 230 230 230 230 230 230 231 232 232 233 234 234 234 235 236
191 195 204 216 227 236 242 247 251 253 253 249 241 234 233 235 235 232 236 246 244 240 239 240 240 240 241 242 242 242 241 240 238 235 232 225 207 181 177 180 176 169 167 166 166 171 183 194 201 205 207 208 208 208 208 208 209 209 210 211 211 210 209 211 214 215 214 212 212 216 222 228 233 237 240 240 239 236 234 233 232 231 231 231 231 231 232 232 233 233 234 234 234 235
206 207 213 221 230 237 243 246 248 251 254 256 256 256 258 260 260 258 258 256 249 242 239 237 235 233 234 235 236 237 239 238 235 232 230 223 205 179 166 166 167 165 161 159 160 164 173 185 194 199 203 204 206 207 208 208 208 209 210 212 212 211 211 213 214 215 214 211 211 214 219 223 227 232 237 241 243 242 241 241 238 234 232 231 231 231 232 232 233 233 233 234 234 235
216 216 217 222 227 233 238 240 242 242 240 238 238 239 245 253 258 258 255 249 244 243 238 231 228 228 228 230 232 233 233 231 227 225 223 216 198 179 168 163 162 161 158 156 155 157 164 175 185 192 198 201 203 206 207 207 208 209 211 212 212 212 212 213 213 214 215 212 210 213 218 220 222 223 224 228 233 236 239 243 243 238 234 232 232 232 232 232 233 233 233 234 234 235
220 219 218 221 225 229 230 226 222 218 215 215 218 224 233 242 247 249 246 242 239 239 234 223 220 222 223 222 225 230 228 225 219 214 213 207 195 183 173 162 158 158 157 155 154 153 157 167 177 186 194 199 202 204 207 208 208 208 210 212 213 212 211 212 212 213 214 213 210 211 216 219 220 221 223 225 227 227 227 232 238 239 236 234 233 232 232 233 233 233 234 234 235 235
222 220 219 220 219 216 212 208 205 207 213 218 222 227 231 233 234 235 236 234 233 233 229 218 213 217 217 214 218 225 224 222 213 203 206 204 198 187 176 166 160 157 154 155 155 153 153 159 170 180 190 197 200 203 205 207 208 208 208 209 211 213 212 212 213 214 214 214 211 209 214 218 221 222 223 223 224 225 225 229 233 236 237 237 234 233 234 234 234 234 235 235 235 236
224 221 217 213 208 206 206 207 209 216 224 228 228 227 229 229 225 221 222 225 228 231 227 217 208 209 211 210 215 223 220 216 208 200 207 209 200 185 175 174 169 157 150 152 153 153 151 154 163 174 184 192 197 200 203 205 207 208 208 206 208 211 212 212 214 216 215 214 212 209 211 218 220 220 221 222 223 225 227 230 232 233 234 236 236 236 235 236 236 236 236 237 237 237
223 220 214 211 209 211 216 222 225 227 230 231 228 225 226 225 218 210 211 218 226 231 226 215 203 200 204 205 210 218 218 212 206 202 208 208 194 181 178 180 177 166 155 150 148 149 151 152 156 166 176 186 194 199 201 202 205 208 208 206 207 211 213 213 214 217 216 214 212 209 209 214 218 219 220 223 225 227 228 229 232 234 235 234 237 239 239 239 239 239 239 240 240 240
222 219 216 217 219 223 227 229 229 228 229 232 229 222 220 220 212 201 202 212 221 230 225 209 201 196 193 192 200 211 216 212 205 202 203 199 189 182 183 182 177 175 171 158 148 146 148 149 151 158 168 179 189 197 200 200 202 207 210 208 207 210 213 213 212 214 215 215 212 209 208 212 218 219 221 223 225 226 228 230 232 234 235 233 233 236 241 243 244 244 245 245 245 244
225 224 223 224 225 225 224 224 225 224 223 225 222 214 214 217 210 195 195 202 211 221 223 207 199 196 186 180 187 202 212 213 204 198 198 196 192 190 189 184 180 181 179 168 156 151 148 145 145 149 160 172 184 194 198 199 200 205 209 208 206 208 211 212 211 212 214 214 212 210 209 213 218 219 221 223 224 224 225 227 230 233 234 233 231 231 237 243 247 250 252 250 247 244
229 228 226 227 227 226 223 221 219 218 215 216 215 209 210 215 207 188 183 191 201 214 222 215 201 198 191 183 180 189 203 210 207 200 199 201 201 200 193 188 187 182 176 171 165 158 152 147 144 144 151 164 177 189 196 198 198 202 206 208 206 206 209 211 210 210 212 212 211 209 208 211 214 216 219 222 223 222 222 224 228 232 233 233 233 230 233 238 241 245 248 248 243 242
229 228 227 225 224 222 221 218 216 214 210 209 208 206 209 213 201 179 173 181 192 206 216 217 205 198 196 193 187 182 191 204 208 207 205 206 205 202 196 190 185 176 172 172 170 162 157 155 152 147 147 154 168 182 193 197 197 199 204 207 206 205 207 209 208 208 209 210 210 209 208 210 214 215 217 221 223 223 222 223 227 229 228 228 228 225 227 231 231 234 238 238 236 237
227 226 223 221 219 218 217 217 216 213 206 202 202 204 208 210 197 178 170 175 185 196 204 207 205 199 196 196 195 187 185 195 205 210 208 199 194 194 193 187 178 172 173 178 176 168 163 163 159 153 149 151 159 174 188 196 198 198 202 205 206 204 205 208 208 206 207 209 210 210 209 211 215 218 218 219 222 223 222 222 226 229 225 223 223 220 220 224 225 231 234 232 230 231
224 223 222 220 219 217 216 215 213 209 202 198 197 199 205 208 200 183 172 172 179 185 189 196 202 202 199 197 198 189 181 185 197 207 206 193 186 187 187 181 173 172 177 182 180 174 170 165 161 158 154 153 156 167 183 195 198 198 199 203 204 204 205 207 207 205 206 208 209 210 209 210 213 217 219 220 221 223 224 224 228 231 227 222 222 218 215 219 224 230 232 229 225 224
223 223 223 222 221 218 213 209 206 205 203 198 193 193 200 210 207 186 169 165 170 174 177 184 193 198 199 199 198 192 182 180 189 197 197 187 182 182 181 176 174 176 181 184 185 180 172 165 162 162 160 158 159 164 177 191 197 197 198 201 202 202 203 205 206 204 205 206 208 208 208 208 210 214 217 219 220 222 224 224 228 231 227 221 220 217 214 216 223 227 228 225 221 221
225 224 224 223 220 216 209 203 201 202 206 202 191 186 195 210 212 186 162 156 156 162 168 173 180 188 190 189 194 197 191 181 180 185 192 194 189 183 179 177 179 183 185 186 186 182 174 169 167 167 166 165 162 164 173 187 195 197 198 200 201 199 200 203 204 203 203 205 207 208 207 206 207 210 214 217 217 219 222 222 224 228 226 220 218 217 214 216 222 224 223 220 218 221
227 224 223 223 220 214 208 203 202 202 206 206 191 184 192 206 211 195 163 148 144 148 157 163 168 173 176 179 187 191 187 180 176 181 194 203 200 190 186 187 188 188 188 186 184 183 178 172 170 171 171 169 165 165 171 183 194 197 197 199 199 197 198 200 202 202 202 204 207 208 207 205 205 207 211 215 217 217 220 223 226 229 226 220 217 217 215 216 220 221 220 217 216 222
226 223 221 222 221 216 212 208 205 202 204 206 193 184 189 201 210 204 178 152 139 137 142 150 156 160 165 171 176 178 180 179 179 188 200 207 205 199 195 197 198 196 192 190 189 188 184 178 175 175 174 172 169 167 170 181 191 196 197 198 198 197 199 204 209 213 211 207 207 209 208 205 204 204 207 212 215 217 220 224 227 229 226 220 218 216 214 215 218 219 219 216 214 219
225 221 215 213 213 213 212 211 210 203 201 205 194 181 184 195 207 209 194 171 145 127 123 130 138 146 154 162 164 164 169 179 186 194 203 206 207 208 204 203 205 204 201 199 198 196 192 188 184 182 179 176 172 170 172 179 190 195 196 198 200 202 208 217 224 232 233 220 209 209 208 206 205 204 204 207 211 215 218 221 224 225 224 219 216 214 212 214 217 219 218 214 212 215
219 214 207 203 204 204 204 208 211 207 200 204 195 178 177 187 204 213 208 192 163 129 115 111 113 122 134 146 151 154 163 177 187 195 205 207 208 211 206 201 205 210 212 210 206 203 200 196 191 188 184 179 175 173 173 177 187 194 197 201 207 214 221 224 221 222 224 220 208 206 209 208 207 204 202 202 206 210 213 216 219 222 220 215 213 212 210 211 214 217 215 210 210 215
215 212 205 200 199 200 201 205 210 210 205 207 201 181 174 180 200 215 218 211 187 149 121 103 98 103 111 122 134 145 160 175 187 195 205 208 207 211 209 199 200 207 214 214 209 204 201 195 191 190 186 182 178 176 175 178 188 199 205 210 216 220 219 215 211 212 214 215 210 203 207 210 208 205 202 200 200 204 208 211 213 216 215 212 212 212 210 210 214 216 214 208 208 216
215 212 206 201 199 200 201 203 208 208 207 214 210 192 177 175 193 211 217 218 207 174 141 124 113 103 101 116 132 145 163 178 187 194 204 210 207 210 211 203 197 201 211 216 213 206 199 193 189 188 187 186 182 178 178 183 193 206 214 216 215 213 209 206 205 208 211 214 215 211 209 216 215 210 205 200 196 198 202 204 207 213 215 214 213 213 210 210 216 217 212 205 205 213
209 208 205 200 197 198 200 200 203 203 206 217 222 206 185 174 181 197 205 208 208 195 165 141 130 124 127 138 144 155 171 184 190 193 202 210 208 208 211 206 199 198 205 215 216 211 202 193 188 187 189 189 187 182 181 186 194 203 208 207 203 203 202 202 204 207 210 213 216 216 215 220 227 223 211 200 194 193 197 201 204 212 216 216 214 213 209 210 215 215 209 201 202 212
