windninja/windninja_output/Output_2025-10-23_1700-1750_Google earth_Fire_150m_10min/merlingen_7.5mi_point_10-23-2025_1700_150m_ang.asc
ncols	158
nrows	163
xllcorner	391686.332397
yllcorner	5160024.123721
cellsize	150.000000
NODATA_value	-32768.000000
[rows 84 to 125 of 163, columns 0 to 93 of 158]
286 293 302 298 292 291 294 295 294 296 299 300 297 293 291 291 290 290 291 293 294 295 295 296 301 303 299 297 295 294 293 292 291 288 285 284 283 283 284 285 287 289 291 292 292 292 293 294 294 294 295 295 296 297 295 293 292 291 291 291 291 291 291 291 291 291 292 292 292 293 293 294 295 296 298 300 302 306 312 320 336 344 337 320 305 300 295 291 289 288 285 282 279 276
275 276 279 278 276 274 270 270 277 287 294 296 295 291 289 289 289 288 289 291 292 293 295 297 300 303 300 296 295 294 293 292 291 289 286 285 284 283 284 286 288 290 290 289 288 288 288 289 289 290 290 290 290 291 293 292 291 291 291 291 291 291 292 292 291 291 291 292 292 292 293 294 295 296 297 299 302 305 311 320 336 344 342 322 303 297 293 289 288 287 285 282 279 276
271 270 269 269 266 260 257 264 276 287 293 294 292 290 287 286 285 283 284 285 287 289 291 294 300 305 303 298 296 295 294 292 293 293 291 288 286 284 283 286 289 291 290 289 287 286 286 286 287 288 289 288 287 288 290 290 291 291 291 291 292 292 292 292 292 291 291 291 292 292 293 293 294 295 297 298 301 304 310 318 332 341 338 320 301 294 290 288 286 285 283 282 282 283
271 269 265 265 263 261 264 273 281 287 290 289 289 288 284 282 280 278 278 281 284 285 288 296 307 314 309 302 298 295 294 293 293 295 293 291 288 286 284 285 288 291 292 289 287 285 285 285 285 286 288 288 288 287 287 288 289 290 291 292 292 292 292 292 292 291 291 291 291 292 292 293 294 295 296 298 300 303 308 315 326 334 331 318 300 292 288 286 284 282 282 285 288 289
273 272 271 273 273 273 275 279 280 280 283 287 290 289 285 280 276 274 275 280 285 289 296 307 320 325 314 303 298 295 293 292 292 292 292 291 290 287 284 282 284 288 291 291 288 285 284 283 283 284 287 289 289 288 288 288 288 289 291 292 294 294 293 292 292 292 291 291 291 292 292 293 293 294 295 297 299 302 306 311 318 325 324 313 301 291 286 283 282 283 285 288 287 281
281 282 282 282 280 279 278 276 274 273 281 291 293 291 285 276 271 271 276 282 290 299 308 317 331 333 315 303 297 294 292 292 291 291 290 291 291 289 284 280 280 283 288 291 290 286 283 281 283 285 287 290 292 293 292 290 287 286 289 294 297 296 294 293 292 291 291 291 291 291 292 292 293 294 295 296 298 300 303 307 312 318 318 310 299 291 285 282 283 285 286 285 278 269
283 284 282 278 278 280 279 275 273 275 283 292 295 289 282 275 272 272 276 285 299 310 317 325 336 333 313 301 296 293 291 290 290 290 289 289 291 291 288 283 280 281 283 287 288 287 283 281 281 284 287 291 294 296 295 290 285 284 288 296 301 299 296 293 292 291 291 291 291 291 291 292 292 293 294 295 296 298 300 303 307 311 314 309 301 296 292 286 286 286 282 275 270 266
280 280 279 277 280 284 285 284 282 281 285 292 295 290 287 284 280 276 275 288 305 318 327 331 338 327 307 297 293 290 289 288 288 289 289 288 290 292 292 288 282 279 281 284 286 286 284 281 279 281 286 291 294 298 299 294 291 291 293 297 304 302 297 294 292 291 291 291 291 291 291 291 292 292 293 294 295 296 298 300 303 306 309 309 304 301 297 292 288 284 275 266 266 265
280 281 284 286 288 293 300 306 305 293 288 291 293 292 290 288 288 287 288 297 308 328 333 327 330 313 297 292 289 288 287 286 287 289 290 289 289 290 292 291 285 278 277 281 284 285 283 280 278 279 283 289 294 298 303 302 298 296 294 293 298 300 297 294 292 291 291 290 290 290 290 291 291 292 292 293 294 295 296 298 299 301 304 305 302 299 296 291 285 277 264 261 265 264
282 285 290 293 295 299 307 317 323 308 296 299 305 308 308 304 303 303 301 300 304 321 315 303 304 296 291 288 287 285 284 284 286 289 290 290 289 289 290 292 290 282 276 277 280 282 281 280 278 278 281 289 297 300 303 303 297 292 288 286 289 295 295 293 292 291 290 290 290 290 290 290 291 291 291 292 292 293 294 295 296 297 298 299 298 294 291 286 278 268 262 263 266 266
282 285 290 293 295 298 304 315 328 316 302 303 311 316 317 309 306 304 296 286 275 251 235 250 272 285 287 286 283 281 280 282 286 290 292 290 289 289 290 292 294 290 281 277 278 280 282 282 281 281 284 292 301 301 299 299 294 289 286 285 286 290 292 292 291 291 290 290 290 290 290 290 290 290 290 291 291 292 293 293 294 294 295 295 294 291 288 282 275 269 268 268 269 269
279 281 286 290 290 290 292 302 318 312 300 294 295 294 297 292 290 286 278 261 241 226 223 238 263 279 283 283 281 279 280 284 287 290 292 290 289 289 290 291 295 297 290 282 280 282 285 287 288 290 291 293 298 298 295 295 294 291 289 287 287 289 290 291 291 290 290 289 289 289 290 290 290 290 290 290 290 291 291 292 292 292 292 292 290 289 286 282 278 275 273 272 272 271
279 280 284 287 284 280 279 284 294 297 289 281 273 270 275 276 275 275 265 235 219 222 229 248 268 279 282 281 281 283 284 285 285 286 289 289 289 289 290 291 295 299 297 290 287 287 289 291 293 294 291 287 288 292 291 292 292 291 290 289 288 289 290 290 290 290 290 289 289 289 289 289 289 289 289 289 290 290 290 290 290 290 290 289 288 287 285 283 280 278 276 275 274 273
282 281 282 282 277 270 267 267 271 276 276 268 266 269 272 273 275 272 255 224 214 223 239 260 277 284 284 282 282 284 283 280 278 280 284 287 288 289 291 292 295 300 301 296 291 290 289 289 289 286 281 278 279 285 287 287 288 289 289 289 288 288 289 290 290 290 290 290 290 289 289 289 288 288 288 289 289 289 289 289 289 289 289 288 287 286 284 283 281 279 278 276 275 274
279 278 275 272 270 266 262 259 259 260 258 257 260 264 267 269 269 259 237 222 219 233 254 273 287 289 282 280 279 279 278 277 276 277 280 283 286 289 292 294 296 300 303 299 292 289 287 284 281 277 276 276 277 281 284 284 285 288 289 288 288 288 288 290 291 291 291 290 289 289 288 288 288 288 288 288 288 288 288 288 288 288 288 287 286 285 284 283 281 280 279 277 276 275
273 270 266 266 267 265 261 258 254 249 249 250 251 258 264 263 255 243 228 222 231 253 272 280 283 273 270 273 274 274 274 275 276 277 280 283 286 289 292 296 298 300 304 302 296 291 289 285 281 278 278 279 279 280 282 284 284 285 288 289 288 288 288 289 290 291 291 291 290 289 288 288 288 287 287 287 288 288 288 288 288 287 287 286 286 285 284 283 282 280 279 278 277 276
273 270 265 264 262 259 257 256 252 247 246 244 242 248 252 251 249 244 234 237 257 274 276 266 245 247 258 265 268 269 270 272 275 279 282 286 287 288 291 297 301 302 305 306 300 294 290 286 283 281 280 281 281 281 282 284 284 283 286 290 290 289 287 288 290 292 292 292 291 289 288 287 287 287 287 287 287 287 287 287 287 287 287 286 285 285 284 283 282 281 280 279 278 277
276 273 268 264 259 256 254 253 251 249 247 245 241 240 242 246 252 256 254 265 278 279 265 240 233 243 254 258 261 263 265 269 274 279 284 287 288 289 291 296 303 305 306 308 304 296 290 288 286 284 283 282 282 282 282 283 283 283 284 288 290 289 287 287 289 292 293 293 291 288 287 287 287 287 287 287 287 287 287 287 287 287 286 286 285 285 284 283 282 281 280 279 278 277
279 276 270 264 259 257 255 254 252 251 250 248 244 242 248 256 261 264 269 274 275 263 240 235 238 245 250 254 257 260 265 270 274 279 284 288 290 291 292 296 302 306 307 309 309 303 296 292 290 287 285 283 283 283 283 283 285 284 283 285 289 290 289 287 287 290 292 292 290 286 285 286 288 287 286 286 286 286 287 287 287 287 286 286 286 285 284 283 282 281 280 279 278 277
281 278 272 266 262 259 258 256 254 253 253 253 253 258 266 267 266 267 270 270 259 235 232 238 240 242 248 255 259 264 269 271 274 278 283 288 292 294 294 295 300 305 307 310 312 309 301 295 291 288 285 284 284 285 285 285 285 284 284 285 288 291 290 287 286 287 289 289 288 285 283 285 288 287 286 286 286 286 287 287 287 287 287 286 286 285 284 284 283 282 281 280 279 278
284 280 273 267 264 261 260 257 255 255 257 259 263 270 274 273 268 264 262 256 240 231 236 240 238 241 249 256 262 267 271 273 274 277 281 285 291 295 295 296 300 306 308 310 313 312 306 299 294 290 287 286 286 286 286 285 285 284 284 285 286 287 288 287 286 285 287 288 288 285 282 282 284 285 284 284 285 287 287 287 287 287 287 287 286 286 285 284 283 282 281 280 279 278
286 282 273 267 264 262 260 257 256 257 260 263 267 272 274 273 268 261 254 246 238 238 240 239 239 245 251 256 261 267 271 274 276 277 278 283 290 297 300 301 303 307 309 311 314 315 312 306 301 296 292 290 288 286 286 286 285 284 283 283 284 284 285 286 285 284 285 288 287 284 281 278 278 281 282 283 286 287 286 286 288 289 289 288 287 286 285 284 283 282 281 280 279 278
289 283 274 267 264 262 260 258 257 260 265 269 272 274 274 271 265 259 251 243 241 245 245 241 242 247 250 253 259 266 272 277 279 276 276 283 293 300 303 304 306 308 310 312 315 317 317 312 307 302 296 293 291 287 286 286 286 284 283 282 282 283 284 285 285 284 284 286 287 283 279 277 276 278 282 285 287 287 286 287 290 293 292 290 288 287 286 284 283 282 281 280 279 278
293 286 276 269 265 263 263 265 267 270 273 276 274 271 270 268 264 259 252 244 244 250 252 247 244 247 249 251 257 267 275 279 280 273 276 287 297 302 302 304 308 310 311 313 316 319 321 319 314 308 300 295 292 289 286 285 285 285 283 281 280 282 284 284 284 284 283 284 286 282 278 277 277 278 280 282 285 288 289 289 290 294 295 292 290 288 286 285 283 282 281 280 279 278
301 291 278 272 271 271 274 277 279 277 273 270 265 261 262 264 265 260 252 248 252 258 259 255 248 246 250 251 254 266 275 278 279 272 279 292 299 301 300 305 311 312 311 315 319 321 324 324 320 314 305 298 294 292 288 285 283 284 284 283 280 281 283 284 282 282 282 281 284 284 278 275 277 278 279 280 283 287 290 288 287 291 296 296 293 290 287 285 284 282 281 280 279 278
311 299 285 283 284 284 282 279 275 269 263 259 256 256 259 265 268 260 249 251 259 265 265 261 255 250 252 252 256 266 274 276 277 274 280 291 298 299 303 309 312 309 310 316 320 321 325 328 326 319 312 304 298 295 291 287 284 283 284 285 282 280 281 282 280 279 281 281 282 284 279 275 276 279 280 280 281 283 286 286 285 287 293 298 296 292 288 285 283 282 281 280 279 279
323 310 295 291 287 282 275 268 263 259 257 256 255 256 262 269 273 263 248 253 261 269 272 269 266 261 256 255 259 267 274 276 275 273 279 289 296 301 307 312 309 305 308 315 320 321 326 332 331 324 317 310 303 297 293 291 287 283 283 285 284 280 277 277 277 277 280 282 282 283 282 278 277 278 279 279 279 279 281 283 284 285 289 294 296 293 289 286 283 281 280 279 279 279
328 314 297 289 282 274 267 264 261 258 256 256 259 263 268 274 279 276 254 253 259 269 280 281 276 272 269 266 263 264 269 276 275 272 279 290 299 306 312 313 311 307 307 313 318 321 326 332 334 329 322 316 307 299 295 294 290 285 282 284 284 280 276 275 275 276 277 281 283 284 284 281 277 276 277 277 277 277 277 280 283 285 287 291 294 293 289 286 282 279 278 278 279 279
327 312 294 284 277 272 268 265 263 259 256 259 268 273 274 277 284 297 272 260 260 267 280 290 281 277 281 281 273 263 263 270 276 277 285 294 303 309 314 314 312 305 301 307 318 324 326 330 332 331 327 323 315 304 297 295 293 287 282 282 284 281 277 276 276 276 275 276 280 284 284 281 278 276 275 275 276 276 276 277 280 284 287 289 292 292 287 283 279 276 277 280 282 280
330 313 293 282 276 274 272 268 265 261 260 265 273 278 276 278 288 318 308 278 265 264 271 285 282 280 286 289 284 272 263 264 272 280 288 296 302 306 310 310 307 298 296 303 317 326 326 327 330 332 331 330 323 310 300 297 296 291 284 282 283 282 278 277 278 277 275 274 277 282 284 282 280 278 275 274 276 277 277 276 277 281 285 286 288 288 282 278 275 275 281 287 286 282
337 318 295 285 280 277 275 273 268 264 267 273 277 277 274 279 293 327 331 296 272 264 265 276 284 287 290 290 288 285 273 264 269 279 288 294 296 299 304 306 301 296 298 304 315 324 327 329 331 333 334 335 330 317 304 299 298 294 287 282 282 283 280 278 279 279 276 275 276 278 281 281 280 279 276 273 274 277 278 275 274 278 282 283 284 285 279 275 276 280 286 290 288 280
352 326 299 290 284 280 276 274 271 271 278 282 282 275 271 280 298 330 343 313 286 273 269 276 286 292 293 290 289 294 287 271 269 276 286 293 297 298 299 301 300 300 303 306 313 323 330 333 332 333 336 339 337 326 309 300 297 295 290 284 283 283 282 279 279 281 278 276 275 276 277 276 275 277 278 275 273 275 278 277 274 276 280 282 281 281 278 277 281 285 287 289 285 277
8 334 303 291 285 282 276 273 274 280 286 290 288 277 272 281 298 332 351 331 308 295 288 283 284 290 294 289 287 297 301 284 272 273 283 294 300 301 298 298 301 304 307 307 310 321 329 332 330 331 335 341 344 336 317 302 297 296 293 287 284 283 282 280 280 281 279 277 275 274 274 273 272 273 277 278 275 273 274 276 275 276 279 279 276 277 280 281 284 286 286 284 281 278
17 341 305 290 284 283 281 279 281 284 287 293 296 286 276 279 291 327 346 337 321 309 301 292 287 289 296 293 291 299 303 293 280 278 285 295 301 303 299 300 306 308 307 306 308 316 324 327 329 331 336 344 349 345 329 308 298 296 294 289 287 286 284 282 281 280 279 278 276 274 274 273 271 269 271 276 277 273 271 273 275 278 280 279 275 277 282 283 283 284 283 281 280 281
24 354 307 291 287 287 288 288 286 284 283 290 303 297 280 274 281 312 335 334 324 310 302 297 294 292 299 300 298 301 305 306 302 295 293 296 302 307 303 305 310 310 307 304 304 310 321 327 331 334 338 348 354 353 340 315 300 296 294 291 289 290 288 284 282 281 280 277 275 274 275 275 272 269 267 270 274 274 272 273 276 277 278 278 278 280 283 284 283 282 281 280 280 279
30 8 314 293 291 291 291 290 288 285 281 285 304 302 284 273 277 298 324 330 325 313 304 299 296 294 296 298 299 303 308 314 311 302 296 294 298 309 311 313 313 309 305 303 305 310 318 324 330 335 339 349 356 358 349 322 303 296 295 292 290 291 290 286 282 280 278 276 273 273 275 275 274 272 268 265 267 270 272 274 274 274 275 278 281 283 285 284 283 281 279 279 277 274
35 17 323 294 291 291 288 288 288 288 282 284 301 308 291 277 277 288 312 325 325 317 307 300 296 294 294 295 299 302 304 307 305 298 293 291 295 303 311 318 315 311 308 308 311 313 317 323 331 336 339 348 357 2 357 330 305 297 295 292 290 291 288 281 275 272 273 275 274 273 274 275 276 275 271 265 262 264 268 271 272 273 275 278 282 286 287 285 282 280 279 277 273 270
38 19 329 304 296 293 288 287 289 291 286 284 298 316 301 281 275 282 300 318 323 316 308 301 296 294 295 297 300 300 298 297 295 294 291 290 293 294 301 313 313 309 303 304 308 312 317 326 335 338 341 347 357 6 4 339 308 298 295 291 287 283 275 266 260 264 271 280 282 277 274 274 276 278 275 268 262 260 262 266 269 272 276 280 284 288 289 286 281 279 279 276 271 272
36 10 330 313 302 296 289 284 285 291 288 285 297 320 309 286 273 274 286 300 311 311 307 302 295 293 294 297 298 298 299 298 294 294 291 288 291 287 290 305 311 304 293 289 294 301 308 321 333 337 340 344 357 10 8 344 312 298 292 286 277 267 260 258 260 266 273 282 290 287 279 276 277 278 279 275 268 261 260 262 265 271 277 282 286 288 289 285 281 279 279 275 271 275
29 1 327 316 303 293 287 280 277 282 285 287 298 321 313 292 274 265 268 281 292 300 301 297 292 292 293 294 297 300 304 301 294 294 292 287 289 287 285 298 310 306 291 281 283 290 297 311 326 334 336 340 358 14 10 348 311 291 284 276 264 258 262 267 270 273 273 277 286 292 287 281 280 279 280 281 278 271 266 263 263 268 276 282 284 286 287 283 279 279 278 277 274 278
23 355 325 319 307 294 287 279 274 275 278 284 296 314 310 295 277 262 258 268 282 290 295 295 293 290 290 296 303 307 310 303 295 295 293 286 287 290 285 291 307 311 299 282 278 283 292 305 323 331 334 340 0 16 15 354 309 282 276 271 264 267 274 276 277 277 274 272 274 283 288 284 282 282 282 285 287 284 277 271 267 266 269 275 278 281 282 278 276 278 280 283 281 282
15 349 327 324 314 299 291 284 279 278 275 275 283 299 301 294 283 269 259 262 273 286 294 293 291 293 299 309 313 317 320 305 296 295 293 286 286 291 288 288 301 311 308 289 278 278 287 301 319 328 332 341 3 20 23 6 315 283 276 277 280 280 280 280 278 276 274 270 268 270 278 281 283 286 287 289 292 292 286 280 274 268 265 266 272 276 275 273 274 278 285 291 287 285
