windninja/windninja_output/Output_2025-10-23_1700-1750_Google earth_Fire_150m_10min/merlingen_7.5mi_point_10-23-2025_1730_150m_ang.asc
ncols	158
nrows	163
xllcorner	391686.332397
yllcorner	5160024.123721
cellsize	150.000000
NODATA_value	-32768.000000
[rows 84 to 125 of 163, columns 0 to 93 of 158]
259 258 260 259 255 252 249 247 247 248 251 255 256 257 259 259 260 260 262 264 264 264 262 260 259 258 255 253 252 251 250 249 249 249 251 253 254 253 251 249 247 246 247 248 248 249 250 253 255 253 250 250 251 253 255 255 255 255 255 255 255 255 255 255 255 255 255 255 255 255 255 256 256 257 257 258 258 259 260 260 251 232 236 254 271 273 271 267 265 264 261 258 254 251
258 257 257 257 255 252 248 246 250 253 255 256 256 256 256 257 258 260 262 264 267 268 267 266 265 264 259 255 254 254 251 249 248 246 248 250 252 253 254 254 253 251 251 252 253 254 256 259 261 260 257 254 251 251 253 255 256 256 256 256 256 256 256 256 255 255 255 255 255 256 256 256 256 257 258 258 259 260 261 262 262 264 271 275 275 272 268 265 263 262 261 258 255 252
259 258 257 258 256 252 247 247 251 256 257 255 255 255 255 255 256 258 261 264 267 269 271 273 272 267 261 258 257 256 253 251 250 247 247 246 246 247 250 254 257 256 253 252 253 254 257 259 261 262 261 258 255 254 254 256 257 258 258 258 258 257 257 256 256 256 256 256 256 256 256 256 257 257 258 258 259 260 263 267 280 304 300 284 275 270 267 264 261 260 259 258 257 256
261 260 259 258 255 249 246 247 251 254 254 253 255 254 253 253 252 254 257 261 264 266 269 276 280 269 258 256 255 254 254 254 254 254 252 248 245 244 245 248 252 255 255 253 252 253 256 258 259 260 261 261 259 257 257 258 260 260 260 260 259 259 258 257 257 256 256 256 256 256 256 257 257 258 258 259 260 262 265 272 289 314 313 292 276 268 265 264 262 260 260 262 263 260
263 262 260 257 251 246 244 245 248 250 252 254 255 252 250 248 246 249 253 258 261 263 271 279 280 264 255 254 253 252 253 254 255 257 259 258 253 249 247 246 247 250 253 254 252 252 254 256 256 257 258 260 260 259 259 259 261 263 264 264 263 261 259 258 257 257 257 257 257 257 257 257 258 258 259 260 261 263 267 273 286 307 313 299 283 271 264 262 261 263 265 267 265 260
264 263 259 255 251 247 244 244 243 245 251 255 253 249 247 243 242 246 252 258 262 269 276 277 263 243 249 252 252 252 252 253 254 255 257 261 262 258 254 251 251 250 251 253 254 254 253 253 255 256 256 257 259 259 258 256 257 260 266 270 268 263 260 258 258 257 257 257 257 257 257 258 258 258 259 260 262 264 267 272 281 296 306 300 289 279 271 266 265 267 269 266 260 255
263 261 255 252 253 251 247 243 238 241 249 252 248 244 242 240 240 244 250 261 272 279 278 262 232 227 243 249 250 252 253 254 254 254 256 258 260 261 258 255 253 253 253 254 256 256 254 254 254 256 258 259 259 260 257 253 253 256 264 271 271 265 261 259 258 258 258 258 258 258 258 258 258 259 260 261 262 264 266 270 277 287 297 297 291 287 281 275 273 273 269 260 256 255
259 255 248 245 247 248 245 239 235 239 247 246 238 236 235 234 237 240 247 263 279 283 265 239 220 223 239 247 250 252 253 254 256 257 257 257 258 260 261 257 253 252 253 255 257 258 257 256 255 257 260 262 264 263 258 252 253 257 261 264 265 263 261 259 258 258 258 258 258 258 258 258 259 259 260 261 262 264 266 269 274 281 290 293 292 290 286 281 277 274 265 256 258 259
256 251 243 239 239 237 233 226 223 230 239 239 232 232 233 235 237 239 248 261 270 263 240 227 218 225 239 246 250 253 254 256 257 259 259 259 258 259 261 261 255 250 251 254 257 259 259 258 258 260 263 266 269 268 264 260 261 262 260 256 255 258 259 259 259 259 259 259 259 259 259 259 259 260 260 261 262 264 266 268 272 277 284 289 290 288 285 281 277 269 259 258 262 262
256 252 244 241 240 237 231 221 214 223 230 228 220 218 220 226 232 238 252 257 250 222 218 220 219 230 242 247 251 253 255 258 261 262 261 260 260 260 261 262 258 251 249 252 255 257 259 259 259 260 263 270 274 271 271 274 271 266 261 256 254 255 258 259 259 259 259 259 259 259 259 260 260 260 261 261 262 264 265 267 270 273 278 283 285 284 282 279 273 263 258 260 263 263
256 253 248 247 248 246 240 228 217 226 231 227 219 215 215 225 233 241 251 248 232 215 213 218 223 235 244 248 250 252 255 259 264 266 264 262 262 262 262 262 260 255 250 249 250 252 256 258 259 260 264 270 273 269 270 275 274 269 264 260 257 256 257 259 260 260 260 260 260 260 260 260 260 261 261 262 263 264 265 266 268 270 273 276 279 280 279 275 269 264 262 262 262 262
254 252 250 252 254 251 245 239 237 244 245 239 234 232 235 245 246 252 252 240 226 222 221 227 234 243 247 249 250 250 254 259 263 265 265 264 264 264 264 264 264 261 255 249 246 247 251 255 259 262 265 264 262 263 266 270 272 271 267 263 260 258 259 261 261 261 261 261 261 261 261 261 261 261 261 262 263 263 265 266 267 268 270 272 273 274 273 271 268 265 263 263 262 261
254 253 253 253 251 246 242 242 251 264 265 256 249 247 254 259 259 261 253 229 224 229 234 243 249 252 251 251 251 252 256 259 261 262 264 266 266 266 266 266 267 268 264 257 252 250 250 254 259 262 261 256 253 256 262 266 269 270 268 266 263 261 262 263 263 262 262 262 262 262 262 261 261 262 262 262 263 264 264 265 266 267 268 269 270 270 269 268 267 265 263 262 262 261
256 257 256 253 250 245 242 241 247 257 262 258 257 255 259 262 265 263 249 227 224 233 243 255 261 258 254 253 254 259 262 261 260 260 263 267 269 270 270 270 270 272 272 268 263 259 258 259 261 260 256 252 252 254 258 262 265 268 268 268 266 264 265 265 265 264 264 264 263 263 262 262 262 262 262 263 263 264 264 265 265 266 267 267 267 267 267 266 265 264 263 262 261 261
259 260 259 257 256 252 247 245 246 249 253 259 265 267 267 268 267 258 241 230 228 236 249 259 261 252 250 253 257 261 263 263 262 262 263 266 270 273 275 275 274 275 277 274 269 267 266 265 262 258 255 254 253 254 257 259 261 265 267 267 266 267 268 269 268 267 266 265 264 263 263 263 263 263 263 263 264 264 264 265 265 266 266 266 266 266 266 265 264 263 263 262 261 260
260 261 260 261 262 261 258 255 252 250 252 255 259 266 269 266 260 250 239 232 233 243 254 257 246 237 245 252 257 260 262 264 265 265 266 268 271 274 278 281 280 280 281 278 271 268 268 265 261 257 256 255 253 253 256 258 259 261 264 265 264 265 267 269 271 271 270 268 266 264 264 264 264 264 264 264 264 264 265 265 265 265 266 266 266 265 265 264 264 263 262 261 261 260
259 259 260 261 262 260 260 260 257 253 252 252 252 259 263 259 256 252 242 237 246 258 259 248 233 235 244 251 256 259 261 264 267 270 272 273 274 274 277 283 286 286 286 284 276 270 267 264 261 257 256 255 254 254 255 256 256 258 261 263 263 262 263 266 270 272 273 271 268 266 265 264 264 265 265 265 265 265 265 265 266 266 266 265 265 265 264 264 263 263 262 261 261 260
259 260 261 260 259 258 258 258 257 255 253 251 249 248 249 250 251 251 246 250 263 265 254 238 235 240 247 251 254 257 260 265 269 274 278 280 279 278 279 284 290 291 290 290 284 274 268 265 263 260 257 255 255 255 255 255 254 256 258 260 262 262 261 263 266 270 272 272 270 267 266 266 266 266 266 266 266 266 266 266 266 266 266 266 265 265 264 264 263 262 262 261 260 260
260 261 261 259 257 258 258 257 256 255 254 252 248 242 242 245 248 248 247 255 261 253 240 238 240 244 248 252 254 257 261 266 270 275 280 284 286 285 284 286 291 295 294 295 292 281 272 267 263 261 258 256 255 255 256 256 255 256 255 256 259 261 262 262 263 266 268 268 267 266 267 269 269 268 267 267 267 267 267 267 267 267 267 266 266 265 265 264 263 263 262 261 261 260
260 260 260 258 257 257 257 257 256 255 254 254 251 251 252 252 252 250 251 256 251 236 236 240 241 243 248 253 257 261 265 267 269 274 278 284 290 291 289 289 292 298 299 300 300 292 280 270 264 260 258 258 257 256 255 255 255 255 255 255 256 258 259 260 261 263 264 264 263 263 266 270 272 271 270 269 269 269 269 269 269 268 268 267 267 266 265 264 264 263 262 262 261 260
260 259 258 257 257 258 258 257 256 257 258 259 260 265 268 267 262 257 256 253 242 234 237 240 239 241 247 252 257 263 267 268 269 272 276 282 289 293 293 293 295 300 303 304 306 302 290 277 267 262 260 259 258 258 258 255 254 254 255 256 256 256 257 259 260 259 259 259 258 259 261 264 269 272 272 272 273 273 272 271 271 271 270 269 268 267 266 265 264 264 263 262 261 260
260 259 257 256 256 257 258 257 256 258 260 263 267 271 273 272 267 261 256 249 242 240 240 239 238 241 246 250 255 261 266 269 271 272 274 279 287 294 297 298 299 303 306 307 310 309 300 287 275 267 262 260 258 258 258 258 255 254 254 255 255 255 257 259 259 258 258 256 255 256 257 257 260 266 269 272 275 276 275 275 275 274 273 271 270 268 267 266 265 264 263 262 261 260
259 258 255 253 254 255 255 255 255 257 260 264 267 268 270 269 265 260 253 245 242 245 243 238 238 241 244 247 252 259 265 270 272 269 271 278 288 296 300 302 303 305 307 309 313 314 310 298 286 275 267 262 258 256 255 256 256 255 254 254 254 254 256 257 258 257 257 256 253 253 254 255 255 258 263 268 273 274 274 276 280 281 277 274 271 270 268 267 266 265 264 263 262 261
257 255 252 252 252 253 254 255 255 256 258 259 259 258 261 263 261 257 251 244 243 247 247 240 236 238 241 242 248 258 266 270 269 264 269 281 291 296 298 301 305 307 308 310 315 319 319 311 298 285 274 266 261 257 254 253 254 255 255 253 253 255 256 256 256 256 255 255 254 252 252 254 256 257 260 264 267 271 273 274 278 283 283 278 274 271 269 268 267 266 265 263 262 262
256 253 250 251 252 252 252 253 253 254 254 254 251 250 253 256 257 254 247 244 247 251 251 243 236 237 240 239 244 256 264 267 265 260 271 284 291 293 294 300 308 309 309 312 317 320 325 322 309 293 279 271 266 262 257 253 252 253 254 252 251 253 256 256 255 255 254 253 253 252 250 252 256 258 259 260 264 268 272 272 272 278 284 284 279 274 271 269 268 266 265 264 263 263
255 253 251 253 254 254 253 252 251 251 250 249 247 246 250 255 256 247 239 243 251 256 255 247 239 237 239 238 245 256 261 262 261 260 272 283 287 289 295 301 305 305 307 315 320 321 327 331 322 304 287 274 267 263 260 256 252 252 253 252 250 251 253 253 253 254 255 253 252 251 250 252 255 258 259 260 262 264 268 270 270 272 280 286 284 278 274 271 269 267 266 266 265 264
255 255 256 258 259 257 255 252 250 249 248 248 246 246 251 257 257 241 232 240 250 259 260 252 246 241 239 238 245 255 260 260 258 260 270 280 285 290 297 300 297 296 303 314 321 322 328 337 334 317 298 281 269 262 260 258 254 253 253 253 251 250 250 249 250 252 255 256 253 250 250 253 255 257 258 260 261 261 263 267 269 271 275 281 284 282 277 273 270 268 267 267 267 266
256 258 260 260 258 256 253 252 250 248 247 249 250 250 254 259 258 235 227 237 246 257 265 259 251 249 247 243 244 249 255 260 258 258 268 279 287 294 299 298 296 294 296 308 318 323 329 339 340 329 311 291 274 264 261 259 255 254 254 253 252 251 249 246 247 249 251 254 255 253 253 255 256 255 256 258 259 259 260 264 268 271 273 276 280 281 278 275 272 270 269 269 269 269
259 260 260 257 255 253 251 250 249 247 244 248 253 255 257 261 259 232 225 234 241 251 261 261 252 256 260 259 252 246 248 255 259 263 273 282 289 294 297 295 295 289 287 297 314 324 330 337 342 339 325 305 282 268 263 259 256 254 253 252 251 250 249 247 247 247 248 249 252 255 256 257 257 256 255 257 257 257 257 260 265 270 272 274 276 276 274 272 270 269 271 273 273 271
259 259 258 256 255 255 253 250 247 243 242 248 254 255 256 260 260 236 225 231 236 244 252 256 253 260 267 270 266 253 247 249 257 268 278 285 287 287 289 288 284 279 282 292 308 324 328 331 339 343 338 325 296 273 264 260 257 254 252 251 250 248 248 249 248 247 246 245 247 250 253 256 257 256 254 255 257 258 258 257 260 266 269 270 272 271 267 266 265 267 273 278 276 272
255 255 255 255 254 254 253 252 247 243 246 252 254 251 252 260 266 260 229 232 234 239 244 250 256 262 265 267 268 266 253 249 256 268 278 284 282 281 281 279 273 275 282 290 301 316 325 329 335 342 346 344 318 281 266 261 258 256 253 251 249 247 247 249 249 247 246 245 246 246 248 252 256 256 254 254 256 258 259 257 258 261 264 265 266 264 261 261 262 268 275 278 275 269
251 252 252 253 253 251 250 249 247 249 255 259 254 245 248 261 272 283 271 242 240 238 239 244 254 261 261 258 263 269 260 250 254 264 275 281 282 280 276 271 271 279 285 288 295 309 324 331 332 338 348 353 343 299 270 262 258 257 254 252 250 247 247 249 249 247 246 246 246 245 246 248 251 255 257 255 254 257 259 258 258 260 261 260 259 256 255 260 265 272 275 274 269 263
249 251 252 251 251 250 247 244 247 255 264 265 254 241 248 262 273 286 350 277 256 247 242 244 248 255 257 254 262 270 265 253 252 259 270 280 283 277 269 269 276 283 285 284 288 302 317 326 326 330 343 356 0 329 276 261 258 257 256 254 250 247 248 250 250 247 246 246 245 244 244 244 246 250 256 258 256 255 256 258 260 262 262 257 254 252 254 260 267 272 272 268 262 260
248 251 252 251 251 251 247 245 249 256 264 266 255 243 251 260 269 284 342 321 279 263 256 249 246 248 249 252 261 269 269 261 255 259 266 275 277 271 264 270 278 281 280 279 281 289 301 313 320 325 336 358 11 358 288 263 259 257 257 256 253 249 249 250 250 246 245 246 245 244 243 242 243 245 249 256 258 255 254 256 260 263 263 256 252 252 256 262 266 268 266 262 259 261
250 250 250 251 252 252 250 251 255 257 259 262 260 254 254 256 263 282 327 334 309 282 269 263 257 252 250 253 257 260 268 274 274 271 269 265 262 258 261 269 274 273 272 273 274 279 292 307 317 324 333 0 20 21 314 266 259 257 257 256 255 253 252 251 248 245 244 244 244 244 244 243 242 242 244 248 252 254 254 255 259 262 261 256 255 257 259 262 265 263 260 258 257 260
249 249 249 253 256 254 253 257 261 260 257 260 265 263 256 254 260 275 309 332 325 302 285 277 273 268 264 264 261 262 272 283 287 281 272 262 256 253 259 263 260 259 261 265 269 273 281 295 309 318 327 360 28 36 2 269 260 257 257 257 257 256 256 254 248 245 243 242 242 244 246 244 243 242 243 243 245 249 253 256 258 259 258 257 259 261 262 263 263 260 257 255 252 255
246 246 248 253 257 256 257 262 266 264 259 262 269 268 258 255 260 269 290 321 329 317 300 289 282 280 278 277 277 279 280 282 284 279 272 267 260 259 263 259 252 250 254 260 264 265 270 281 295 306 315 348 32 47 42 267 260 259 257 257 257 256 255 253 250 250 251 248 246 247 247 246 246 245 243 241 241 244 249 254 257 258 258 258 261 265 265 263 261 258 256 252 247 250
241 246 249 249 249 250 255 261 268 268 262 265 273 277 261 255 258 265 277 300 322 320 310 298 290 286 284 285 288 289 286 282 280 277 273 269 267 265 263 264 257 251 254 258 261 262 267 274 280 287 297 327 33 60 69 260 260 259 257 258 256 252 249 248 247 254 261 266 262 254 250 247 249 250 247 242 239 240 243 248 253 256 258 260 263 266 265 262 259 257 255 249 245 251
236 248 253 248 242 241 245 251 259 265 263 268 276 290 273 257 255 258 265 277 299 311 310 304 295 290 289 291 292 291 291 287 281 279 275 271 270 265 261 267 266 259 255 254 258 263 267 268 267 266 270 287 42 78 84 252 258 257 255 254 251 245 245 245 245 252 260 269 277 270 259 253 253 253 251 246 241 238 240 242 247 253 257 260 262 263 261 258 256 256 254 245 245 255
245 256 258 252 244 243 242 244 249 252 259 270 280 294 285 267 256 252 253 263 278 293 301 300 296 294 293 293 294 295 296 291 283 280 277 272 270 266 261 264 270 264 255 250 252 259 262 263 260 255 256 259 124 99 104 214 253 255 254 251 244 242 245 247 249 253 255 259 270 278 272 264 260 257 255 253 248 243 241 240 241 247 253 257 258 259 256 252 254 255 252 244 247 259
252 259 260 255 250 249 246 244 246 246 252 266 278 285 286 277 262 249 246 254 269 281 289 293 293 292 292 296 301 303 303 293 285 283 279 272 270 269 263 261 268 268 258 252 250 252 256 258 253 249 248 240 175 122 129 189 238 249 252 249 242 245 249 249 252 255 254 253 256 267 275 274 271 268 264 263 261 256 250 244 241 244 247 250 252 253 249 247 252 255 253 249 253 262
248 255 257 254 251 250 248 246 247 246 248 255 264 272 281 281 270 254 244 247 258 274 284 286 287 290 297 307 310 313 310 293 285 284 280 273 271 273 268 262 266 271 266 257 253 251 253 253 248 246 243 229 186 144 141 178 221 238 244 244 245 249 250 249 251 254 254 252 251 253 262 271 275 278 278 275 275 272 265 256 250 247 245 244 247 248 242 242 249 254 256 256 259 266
