windninja/windninja_output/Output_2025-10-23_1700-1750_Google earth_Fire_150m_10min/merlingen_7.5mi_point_10-23-2025_1730_150m_vel.asc
ncols	158
nrows	163
xllcorner	391686.332397
yllcorner	5160024.123721
cellsize	150.000000
NODATA_value	-32768.000000
[rows 38 to 75 of 163, columns 0 to 83 of 158]
1.31 1.30 1.23 1.15 1.07 1.03 1.00 0.98 0.97 0.97 0.96 0.95 0.93 0.91 0.90 0.89 0.88 0.88 0.87 0.86 0.85 0.84 0.84 0.83 0.82 0.81 0.81 0.85 0.93 0.95 0.90 0.83 0.78 0.77 0.84 0.90 0.91 0.95 1.00 0.99 0.97 0.97 0.97 1.00 1.06 1.08 1.06 1.09 1.16 1.23 1.20 1.12 1.14 1.25 1.27 1.17 1.22 1.41 1.57 1.70 1.85 1.78 1.43 1.02 0.89 1.16 1.70 1.85 1.50 1.23 1.20 1.23 1.20 1.07 0.95 0.94 0.82 0.75 1.12 1.37 1.09 0.99 1.19 1.50
1.31 1.28 1.21 1.14 1.08 1.04 1.01 1.01 1.02 1.01 0.99 0.96 0.94 0.94 0.93 0.92 0.90 0.89 0.88 0.87 0.86 0.86 0.85 0.84 0.83 0.82 0.83 0.85 0.86 0.79 0.72 0.70 0.70 0.72 0.77 0.84 0.92 1.05 1.13 1.10 1.04 1.01 1.01 1.05 1.14 1.19 1.15 1.11 1.16 1.29 1.33 1.21 1.18 1.36 1.51 1.42 1.37 1.51 1.70 1.84 1.96 2.08 1.95 1.45 1.06 1.19 1.72 1.83 1.46 1.24 1.21 1.22 1.20 1.10 1.04 1.05 0.89 0.73 1.01 1.48 1.43 1.19 1.17 1.36
1.31 1.30 1.22 1.16 1.12 1.09 1.08 1.07 1.06 1.03 1.00 0.98 0.98 0.97 0.96 0.95 0.93 0.92 0.90 0.89 0.89 0.88 0.87 0.85 0.84 0.82 0.81 0.79 0.73 0.68 0.65 0.63 0.61 0.62 0.67 0.75 0.85 0.99 1.15 1.22 1.21 1.16 1.12 1.10 1.13 1.23 1.26 1.20 1.19 1.31 1.40 1.28 1.17 1.29 1.52 1.58 1.47 1.45 1.59 1.74 1.82 2.00 2.19 1.92 1.33 1.28 1.77 1.84 1.49 1.32 1.23 1.18 1.12 0.99 1.02 1.12 0.94 0.79 0.92 1.34 1.56 1.51 1.45 1.49
1.32 1.31 1.26 1.20 1.16 1.14 1.13 1.12 1.09 1.05 1.03 1.02 1.01 1.00 0.99 0.98 0.96 0.94 0.93 0.92 0.91 0.89 0.87 0.85 0.84 0.82 0.79 0.75 0.71 0.69 0.66 0.62 0.58 0.57 0.64 0.74 0.81 0.86 1.00 1.22 1.36 1.41 1.38 1.30 1.23 1.30 1.40 1.42 1.37 1.38 1.48 1.41 1.19 1.09 1.20 1.37 1.33 1.22 1.31 1.48 1.56 1.66 1.99 2.16 1.77 1.49 1.77 1.89 1.61 1.45 1.35 1.27 1.17 0.96 0.99 1.13 0.96 0.84 0.88 1.12 1.39 1.50 1.62 1.71
1.31 1.30 1.27 1.23 1.20 1.18 1.17 1.15 1.12 1.09 1.07 1.06 1.04 1.03 1.01 0.99 0.97 0.96 0.95 0.93 0.91 0.89 0.87 0.86 0.84 0.82 0.79 0.76 0.74 0.73 0.69 0.65 0.61 0.61 0.66 0.76 0.87 0.97 1.06 1.19 1.31 1.38 1.41 1.41 1.37 1.35 1.36 1.35 1.30 1.26 1.35 1.36 1.16 1.00 1.02 1.15 1.19 1.13 1.18 1.33 1.38 1.38 1.61 2.00 2.08 1.84 1.76 1.90 1.83 1.65 1.59 1.53 1.36 1.11 1.08 1.14 0.99 0.90 0.91 1.07 1.28 1.36 1.51 1.71
1.31 1.30 1.27 1.25 1.25 1.24 1.21 1.17 1.14 1.12 1.10 1.09 1.07 1.04 1.02 1.00 0.98 0.97 0.95 0.94 0.92 0.90 0.89 0.87 0.85 0.83 0.81 0.79 0.76 0.71 0.67 0.65 0.65 0.65 0.69 0.76 0.86 1.00 1.08 1.09 1.11 1.17 1.23 1.26 1.24 1.19 1.17 1.19 1.18 1.16 1.24 1.30 1.19 1.08 1.07 1.13 1.16 1.15 1.19 1.30 1.32 1.25 1.31 1.55 1.89 1.99 1.83 1.85 1.96 1.95 1.93 1.93 1.75 1.46 1.36 1.29 1.14 1.03 0.97 1.05 1.21 1.32 1.46 1.64
1.29 1.28 1.26 1.26 1.27 1.24 1.21 1.18 1.16 1.14 1.12 1.10 1.08 1.05 1.03 1.01 1.00 0.99 0.98 0.96 0.94 0.92 0.90 0.88 0.86 0.84 0.83 0.81 0.77 0.72 0.68 0.67 0.67 0.67 0.68 0.71 0.76 0.80 0.82 0.86 0.94 1.05 1.11 1.12 1.09 1.09 1.11 1.13 1.18 1.20 1.27 1.35 1.30 1.20 1.20 1.21 1.18 1.18 1.23 1.31 1.34 1.30 1.24 1.29 1.53 1.78 1.80 1.73 1.77 1.91 2.00 2.08 2.06 1.85 1.66 1.48 1.28 1.17 1.10 1.09 1.15 1.26 1.45 1.62
1.29 1.28 1.28 1.28 1.26 1.23 1.21 1.20 1.18 1.16 1.13 1.12 1.09 1.08 1.06 1.05 1.03 1.02 1.00 0.98 0.96 0.94 0.92 0.89 0.87 0.86 0.84 0.80 0.77 0.74 0.72 0.70 0.69 0.69 0.68 0.66 0.63 0.62 0.66 0.73 0.84 0.96 1.04 1.05 1.03 1.09 1.15 1.15 1.16 1.19 1.25 1.32 1.31 1.21 1.21 1.26 1.22 1.19 1.22 1.29 1.36 1.39 1.33 1.30 1.45 1.57 1.64 1.61 1.44 1.44 1.63 1.81 1.95 1.93 1.79 1.59 1.33 1.23 1.23 1.23 1.23 1.28 1.42 1.56
1.31 1.30 1.31 1.29 1.25 1.22 1.21 1.20 1.18 1.17 1.16 1.14 1.12 1.10 1.08 1.07 1.05 1.03 1.01 0.99 0.96 0.94 0.92 0.91 0.89 0.86 0.84 0.81 0.78 0.75 0.73 0.71 0.69 0.68 0.67 0.64 0.59 0.57 0.61 0.68 0.75 0.84 0.96 1.02 1.00 1.04 1.12 1.17 1.16 1.15 1.19 1.26 1.29 1.24 1.19 1.25 1.28 1.23 1.21 1.22 1.32 1.43 1.42 1.38 1.46 1.52 1.51 1.50 1.34 1.25 1.37 1.53 1.73 1.84 1.79 1.66 1.42 1.27 1.27 1.31 1.31 1.33 1.42 1.46
1.33 1.32 1.30 1.27 1.23 1.19 1.17 1.18 1.18 1.17 1.17 1.15 1.14 1.11 1.09 1.07 1.06 1.03 1.01 0.99 0.97 0.94 0.92 0.91 0.89 0.86 0.84 0.82 0.80 0.77 0.74 0.71 0.68 0.65 0.62 0.60 0.59 0.57 0.57 0.60 0.65 0.75 0.88 0.99 1.02 1.03 1.06 1.10 1.12 1.11 1.16 1.23 1.28 1.32 1.28 1.28 1.33 1.32 1.26 1.16 1.19 1.39 1.47 1.41 1.43 1.48 1.41 1.40 1.32 1.27 1.33 1.42 1.59 1.72 1.73 1.66 1.47 1.28 1.21 1.30 1.37 1.36 1.40 1.40
1.32 1.31 1.28 1.25 1.23 1.19 1.16 1.15 1.16 1.16 1.15 1.14 1.13 1.11 1.09 1.07 1.05 1.03 1.01 0.99 0.97 0.95 0.94 0.91 0.89 0.87 0.85 0.83 0.81 0.79 0.76 0.73 0.70 0.66 0.62 0.59 0.58 0.56 0.54 0.54 0.57 0.64 0.76 0.87 0.98 1.05 1.07 1.08 1.11 1.11 1.16 1.21 1.24 1.28 1.27 1.29 1.34 1.35 1.33 1.21 1.15 1.35 1.52 1.47 1.41 1.39 1.32 1.29 1.28 1.27 1.32 1.38 1.48 1.59 1.63 1.60 1.48 1.33 1.28 1.37 1.47 1.44 1.39 1.37
1.31 1.30 1.29 1.26 1.22 1.20 1.17 1.14 1.14 1.15 1.15 1.14 1.12 1.11 1.10 1.08 1.06 1.04 1.02 1.00 0.98 0.96 0.95 0.93 0.91 0.89 0.87 0.85 0.83 0.81 0.78 0.76 0.73 0.69 0.65 0.62 0.60 0.58 0.56 0.54 0.54 0.57 0.63 0.73 0.84 0.97 1.05 1.05 1.07 1.08 1.15 1.25 1.30 1.31 1.31 1.33 1.38 1.36 1.32 1.25 1.22 1.37 1.58 1.60 1.45 1.32 1.24 1.20 1.22 1.26 1.31 1.38 1.43 1.48 1.55 1.56 1.51 1.45 1.46 1.52 1.57 1.55 1.44 1.36
1.31 1.30 1.28 1.29 1.28 1.27 1.24 1.18 1.14 1.14 1.15 1.14 1.13 1.12 1.11 1.10 1.07 1.05 1.03 1.01 1.00 0.98 0.96 0.94 0.93 0.91 0.89 0.86 0.84 0.82 0.80 0.77 0.75 0.72 0.68 0.64 0.60 0.59 0.57 0.56 0.56 0.57 0.60 0.64 0.73 0.88 0.98 1.00 1.00 0.98 1.00 1.15 1.26 1.30 1.35 1.39 1.42 1.40 1.31 1.24 1.25 1.39 1.63 1.71 1.49 1.26 1.18 1.14 1.16 1.21 1.27 1.33 1.37 1.40 1.44 1.46 1.46 1.48 1.55 1.63 1.65 1.62 1.52 1.40
1.31 1.28 1.26 1.30 1.33 1.35 1.34 1.27 1.18 1.15 1.15 1.15 1.14 1.12 1.11 1.09 1.08 1.05 1.04 1.02 1.01 0.99 0.97 0.95 0.93 0.92 0.90 0.88 0.86 0.84 0.82 0.79 0.77 0.74 0.71 0.66 0.60 0.56 0.55 0.56 0.57 0.57 0.57 0.58 0.67 0.81 0.91 0.97 1.02 0.97 0.95 1.09 1.18 1.19 1.25 1.35 1.41 1.40 1.35 1.28 1.28 1.40 1.69 1.80 1.48 1.21 1.14 1.12 1.15 1.20 1.25 1.29 1.32 1.34 1.36 1.36 1.34 1.38 1.52 1.67 1.73 1.70 1.59 1.42
1.36 1.28 1.22 1.26 1.28 1.30 1.33 1.32 1.26 1.20 1.16 1.15 1.14 1.12 1.09 1.08 1.07 1.06 1.04 1.03 1.01 0.99 0.97 0.95 0.93 0.92 0.91 0.89 0.87 0.85 0.83 0.81 0.79 0.76 0.73 0.69 0.63 0.58 0.55 0.55 0.57 0.58 0.56 0.55 0.62 0.77 0.84 0.92 1.07 1.11 1.10 1.18 1.26 1.25 1.25 1.33 1.35 1.34 1.35 1.35 1.34 1.43 1.78 1.87 1.46 1.18 1.12 1.13 1.18 1.22 1.25 1.29 1.30 1.32 1.35 1.32 1.27 1.26 1.38 1.57 1.73 1.81 1.75 1.51
1.45 1.35 1.25 1.28 1.31 1.30 1.32 1.35 1.30 1.20 1.13 1.11 1.11 1.11 1.10 1.08 1.07 1.05 1.04 1.02 1.00 0.98 0.97 0.96 0.94 0.93 0.91 0.90 0.88 0.87 0.85 0.83 0.81 0.78 0.76 0.72 0.68 0.63 0.58 0.55 0.56 0.60 0.59 0.54 0.58 0.72 0.80 0.85 1.02 1.13 1.16 1.18 1.26 1.34 1.39 1.38 1.28 1.27 1.35 1.40 1.40 1.50 1.86 1.90 1.46 1.18 1.12 1.15 1.24 1.27 1.27 1.30 1.32 1.35 1.37 1.34 1.27 1.25 1.31 1.40 1.56 1.79 1.89 1.74
1.49 1.45 1.33 1.27 1.32 1.34 1.33 1.36 1.32 1.21 1.11 1.08 1.08 1.09 1.09 1.08 1.07 1.06 1.04 1.03 1.01 0.99 0.97 0.96 0.95 0.94 0.92 0.91 0.89 0.88 0.86 0.85 0.83 0.80 0.78 0.75 0.72 0.68 0.62 0.56 0.54 0.57 0.59 0.54 0.51 0.61 0.73 0.78 0.87 0.99 1.07 1.14 1.18 1.30 1.50 1.44 1.24 1.24 1.34 1.44 1.49 1.63 1.93 1.90 1.48 1.21 1.15 1.20 1.33 1.39 1.35 1.34 1.35 1.37 1.38 1.37 1.31 1.33 1.38 1.33 1.40 1.65 1.86 1.88
1.43 1.45 1.38 1.21 1.15 1.17 1.18 1.24 1.32 1.28 1.16 1.06 1.04 1.05 1.05 1.05 1.05 1.04 1.04 1.03 1.02 1.00 0.98 0.96 0.95 0.94 0.93 0.92 0.91 0.89 0.88 0.86 0.84 0.83 0.81 0.78 0.76 0.72 0.68 0.62 0.55 0.53 0.56 0.54 0.49 0.51 0.58 0.66 0.74 0.85 0.97 1.12 1.19 1.30 1.55 1.46 1.23 1.23 1.33 1.44 1.53 1.72 1.99 1.93 1.52 1.23 1.15 1.17 1.32 1.44 1.42 1.38 1.38 1.37 1.38 1.38 1.36 1.40 1.46 1.37 1.34 1.53 1.72 1.81
1.38 1.41 1.41 1.30 1.14 1.06 1.04 1.07 1.20 1.29 1.24 1.12 1.04 1.00 1.01 1.03 1.03 1.02 1.02 1.01 1.01 1.01 0.99 0.97 0.96 0.95 0.94 0.93 0.92 0.91 0.89 0.88 0.86 0.85 0.83 0.81 0.79 0.76 0.72 0.68 0.62 0.58 0.57 0.57 0.53 0.49 0.48 0.53 0.61 0.71 0.84 1.06 1.17 1.31 1.56 1.42 1.21 1.24 1.33 1.42 1.53 1.73 1.99 2.01 1.60 1.20 1.07 1.08 1.18 1.33 1.38 1.42 1.44 1.42 1.42 1.39 1.40 1.47 1.50 1.44 1.38 1.46 1.60 1.69
1.39 1.39 1.40 1.41 1.35 1.24 1.12 1.05 1.09 1.24 1.31 1.28 1.17 1.04 0.98 0.99 1.01 1.01 1.00 1.00 1.00 1.00 1.00 0.98 0.97 0.96 0.95 0.94 0.93 0.92 0.91 0.90 0.88 0.87 0.86 0.84 0.82 0.80 0.77 0.74 0.70 0.66 0.63 0.60 0.57 0.51 0.44 0.41 0.46 0.54 0.67 0.95 1.11 1.29 1.54 1.35 1.17 1.25 1.35 1.43 1.55 1.72 1.94 2.04 1.73 1.28 1.06 1.05 1.14 1.25 1.34 1.43 1.47 1.45 1.45 1.42 1.45 1.54 1.53 1.50 1.49 1.51 1.57 1.61
1.43 1.40 1.38 1.39 1.40 1.38 1.30 1.17 1.10 1.16 1.26 1.32 1.30 1.17 1.00 0.93 0.95 0.98 1.00 1.00 0.99 0.98 0.98 0.98 0.97 0.96 0.96 0.95 0.94 0.93 0.92 0.91 0.90 0.89 0.88 0.86 0.85 0.83 0.81 0.78 0.75 0.72 0.69 0.65 0.60 0.54 0.46 0.38 0.34 0.37 0.49 0.79 1.06 1.28 1.48 1.30 1.12 1.20 1.33 1.42 1.54 1.71 1.90 2.02 1.84 1.43 1.15 1.10 1.19 1.30 1.35 1.41 1.46 1.46 1.45 1.42 1.47 1.55 1.55 1.54 1.57 1.62 1.65 1.64
1.45 1.43 1.39 1.37 1.35 1.35 1.34 1.27 1.15 1.08 1.08 1.16 1.27 1.29 1.15 0.99 0.92 0.93 0.96 0.98 0.99 0.99 0.98 0.98 0.98 0.97 0.97 0.96 0.95 0.94 0.94 0.93 0.92 0.91 0.90 0.89 0.88 0.86 0.84 0.82 0.80 0.77 0.74 0.71 0.66 0.61 0.55 0.46 0.35 0.28 0.32 0.60 0.98 1.23 1.39 1.26 1.10 1.16 1.31 1.38 1.46 1.63 1.85 2.00 1.89 1.55 1.25 1.15 1.21 1.33 1.36 1.37 1.44 1.46 1.43 1.43 1.48 1.50 1.50 1.51 1.54 1.64 1.72 1.71
1.46 1.45 1.42 1.39 1.36 1.32 1.30 1.26 1.18 1.10 1.04 1.05 1.18 1.33 1.34 1.19 1.01 0.91 0.91 0.95 0.98 1.00 1.00 0.99 0.98 0.98 0.97 0.97 0.96 0.96 0.95 0.94 0.94 0.93 0.92 0.91 0.90 0.89 0.87 0.86 0.83 0.81 0.79 0.76 0.73 0.68 0.63 0.56 0.45 0.31 0.25 0.43 0.83 1.14 1.27 1.21 1.14 1.21 1.29 1.33 1.39 1.50 1.70 1.89 1.87 1.64 1.32 1.12 1.17 1.32 1.35 1.34 1.39 1.42 1.39 1.41 1.50 1.50 1.48 1.49 1.50 1.59 1.69 1.71
1.48 1.47 1.44 1.41 1.39 1.36 1.32 1.28 1.23 1.17 1.10 1.05 1.09 1.22 1.36 1.37 1.22 1.04 0.92 0.90 0.93 0.96 0.98 0.99 0.99 0.98 0.98 0.97 0.96 0.96 0.96 0.96 0.95 0.95 0.94 0.94 0.93 0.92 0.90 0.89 0.87 0.85 0.83 0.80 0.78 0.74 0.70 0.64 0.55 0.42 0.29 0.36 0.66 0.98 1.10 1.10 1.17 1.26 1.27 1.28 1.31 1.38 1.54 1.73 1.78 1.67 1.39 1.15 1.17 1.31 1.33 1.34 1.37 1.37 1.34 1.37 1.48 1.50 1.49 1.51 1.52 1.58 1.65 1.66
1.52 1.49 1.44 1.40 1.39 1.39 1.38 1.34 1.28 1.22 1.13 1.04 1.01 1.06 1.20 1.36 1.39 1.25 1.07 0.93 0.89 0.92 0.95 0.97 0.98 0.99 0.98 0.98 0.97 0.97 0.97 0.97 0.97 0.97 0.96 0.96 0.95 0.95 0.93 0.92 0.91 0.89 0.87 0.85 0.82 0.79 0.76 0.71 0.64 0.54 0.40 0.38 0.59 0.82 0.92 1.02 1.21 1.29 1.26 1.25 1.24 1.30 1.42 1.55 1.66 1.63 1.42 1.27 1.26 1.30 1.32 1.36 1.38 1.33 1.32 1.37 1.44 1.48 1.49 1.52 1.56 1.61 1.67 1.68
1.59 1.52 1.42 1.38 1.34 1.35 1.38 1.38 1.34 1.28 1.19 1.06 0.98 0.98 1.04 1.21 1.37 1.39 1.27 1.09 0.97 0.92 0.93 0.95 0.98 1.00 1.01 0.99 0.98 0.98 0.99 0.98 0.99 0.98 0.98 0.98 0.97 0.97 0.96 0.95 0.94 0.93 0.91 0.89 0.87 0.84 0.81 0.77 0.72 0.64 0.52 0.45 0.59 0.72 0.76 0.97 1.27 1.33 1.25 1.22 1.20 1.25 1.36 1.43 1.52 1.48 1.26 1.22 1.27 1.29 1.31 1.37 1.40 1.32 1.28 1.36 1.43 1.47 1.49 1.54 1.62 1.66 1.71 1.77
1.73 1.60 1.43 1.37 1.32 1.28 1.29 1.32 1.32 1.29 1.24 1.12 1.00 0.98 0.98 1.05 1.23 1.39 1.42 1.30 1.14 1.01 0.94 0.92 0.96 1.00 1.02 1.01 0.99 0.99 0.99 1.00 1.00 1.00 1.00 1.00 1.00 0.99 0.99 0.98 0.97 0.96 0.95 0.93 0.91 0.89 0.86 0.83 0.79 0.73 0.63 0.54 0.60 0.68 0.64 0.81 1.26 1.39 1.28 1.20 1.12 1.14 1.29 1.41 1.44 1.29 1.12 1.12 1.20 1.25 1.31 1.39 1.42 1.32 1.24 1.31 1.41 1.46 1.51 1.59 1.68 1.70 1.74 1.80
1.84 1.72 1.54 1.44 1.38 1.32 1.29 1.30 1.29 1.24 1.23 1.17 1.01 0.95 0.97 0.98 1.05 1.22 1.39 1.43 1.32 1.17 1.05 0.96 0.92 0.97 1.02 1.03 1.02 1.01 1.00 1.01 1.01 1.02 1.02 1.02 1.02 1.02 1.01 1.01 1.00 0.99 0.98 0.97 0.95 0.93 0.91 0.88 0.85 0.81 0.75 0.66 0.64 0.68 0.61 0.66 1.09 1.38 1.35 1.22 1.02 0.98 1.22 1.48 1.50 1.31 1.14 1.09 1.12 1.18 1.25 1.37 1.43 1.31 1.21 1.23 1.33 1.41 1.45 1.57 1.67 1.69 1.73 1.80
1.82 1.83 1.75 1.58 1.45 1.39 1.36 1.38 1.41 1.33 1.25 1.22 1.10 0.94 0.94 0.98 0.99 1.04 1.20 1.38 1.43 1.36 1.25 1.11 0.99 0.97 1.01 1.03 1.04 1.04 1.02 1.02 1.03 1.03 1.03 1.04 1.04 1.04 1.04 1.03 1.03 1.02 1.02 1.00 0.99 0.98 0.96 0.94 0.91 0.88 0.84 0.78 0.74 0.72 0.66 0.65 0.89 1.22 1.37 1.27 0.98 0.89 1.18 1.48 1.54 1.42 1.24 1.11 1.08 1.13 1.17 1.31 1.41 1.30 1.20 1.17 1.22 1.30 1.37 1.51 1.66 1.71 1.75 1.86
1.61 1.85 2.04 1.90 1.70 1.49 1.40 1.47 1.54 1.47 1.33 1.24 1.19 1.08 0.95 0.94 1.00 1.00 1.05 1.21 1.36 1.44 1.44 1.33 1.17 1.06 1.02 1.01 1.01 1.02 1.02 1.02 1.03 1.04 1.05 1.05 1.06 1.06 1.06 1.06 1.06 1.05 1.05 1.04 1.03 1.02 1.00 0.99 0.97 0.94 0.92 0.88 0.85 0.80 0.76 0.74 0.83 1.01 1.22 1.23 0.93 0.80 1.02 1.31 1.46 1.44 1.33 1.18 1.11 1.11 1.13 1.25 1.35 1.25 1.16 1.14 1.14 1.19 1.29 1.42 1.58 1.70 1.81 1.89
1.23 1.62 2.10 2.24 2.21 1.96 1.67 1.70 1.77 1.65 1.45 1.30 1.24 1.19 1.08 0.99 1.01 1.03 1.01 1.07 1.17 1.29 1.42 1.46 1.39 1.29 1.19 1.09 1.01 0.99 0.99 1.01 1.03 1.04 1.06 1.06 1.07 1.08 1.08 1.08 1.08 1.08 1.08 1.07 1.07 1.06 1.05 1.03 1.02 1.00 0.98 0.96 0.94 0.91 0.88 0.86 0.87 0.92 1.05 1.10 0.87 0.74 0.90 1.10 1.25 1.32 1.32 1.26 1.18 1.14 1.13 1.22 1.29 1.17 1.06 1.05 1.05 1.05 1.12 1.27 1.43 1.62 1.91 1.93
0.92 1.08 1.52 1.89 2.14 2.20 2.02 1.94 2.06 2.03 1.81 1.67 1.58 1.46 1.36 1.26 1.18 1.12 1.05 1.02 1.07 1.13 1.23 1.35 1.42 1.46 1.45 1.30 1.11 1.01 0.97 0.97 1.01 1.04 1.06 1.08 1.08 1.09 1.10 1.10 1.11 1.11 1.11 1.11 1.10 1.10 1.09 1.08 1.07 1.06 1.04 1.03 1.01 0.99 0.98 0.97 0.96 0.96 0.99 1.01 0.89 0.79 0.87 0.97 1.03 1.08 1.16 1.20 1.18 1.17 1.16 1.24 1.27 1.11 1.00 1.00 0.96 0.92 0.94 1.12 1.36 1.61 1.92 2.07
1.03 1.02 1.09 1.26 1.53 1.77 1.72 1.61 1.83 2.04 1.94 1.83 1.81 1.75 1.64 1.53 1.44 1.36 1.22 1.08 1.06 1.10 1.14 1.19 1.22 1.38 1.60 1.56 1.33 1.15 1.05 0.98 0.97 1.01 1.05 1.08 1.10 1.11 1.12 1.12 1.13 1.13 1.13 1.13 1.13 1.13 1.13 1.12 1.11 1.10 1.09 1.08 1.07 1.06 1.05 1.04 1.04 1.03 1.03 1.01 0.95 0.89 0.90 0.92 0.91 0.90 0.97 1.03 1.04 1.05 1.11 1.27 1.28 1.07 0.99 1.00 0.96 0.87 0.85 1.01 1.32 1.63 1.83 2.23
1.38 1.31 1.22 1.25 1.36 1.44 1.33 1.19 1.39 1.67 1.58 1.47 1.50 1.54 1.54 1.50 1.50 1.52 1.45 1.30 1.18 1.14 1.15 1.16 1.08 1.18 1.56 1.75 1.61 1.39 1.24 1.11 1.01 0.98 1.01 1.06 1.09 1.11 1.13 1.14 1.15 1.15 1.16 1.16 1.16 1.16 1.16 1.16 1.15 1.15 1.14 1.13 1.12 1.12 1.11 1.10 1.10 1.09 1.08 1.06 1.02 0.99 0.97 0.94 0.91 0.89 0.89 0.90 0.89 0.85 0.93 1.18 1.23 1.01 0.95 1.00 0.99 0.89 0.83 0.96 1.23 1.56 1.83 2.46
1.67 1.58 1.46 1.39 1.39 1.41 1.32 1.21 1.33 1.48 1.36 1.29 1.28 1.26 1.28 1.29 1.31 1.41 1.47 1.44 1.38 1.30 1.24 1.20 1.09 1.05 1.33 1.70 1.78 1.63 1.46 1.32 1.19 1.04 1.00 1.04 1.08 1.11 1.14 1.16 1.17 1.17 1.18 1.19 1.19 1.19 1.20 1.19 1.19 1.19 1.18 1.18 1.17 1.16 1.16 1.15 1.14 1.14 1.13 1.11 1.09 1.07 1.05 1.02 0.98 0.95 0.91 0.88 0.83 0.77 0.80 0.98 1.08 0.90 0.86 0.92 0.97 0.90 0.82 0.95 1.19 1.49 1.96 2.65
1.96 1.83 1.62 1.49 1.47 1.47 1.40 1.34 1.35 1.36 1.33 1.31 1.27 1.22 1.21 1.19 1.19 1.24 1.29 1.34 1.39 1.41 1.38 1.30 1.15 1.05 1.19 1.50 1.74 1.76 1.63 1.51 1.43 1.25 1.07 1.04 1.07 1.10 1.13 1.16 1.18 1.19 1.21 1.21 1.22 1.22 1.23 1.23 1.23 1.23 1.22 1.22 1.21 1.21 1.20 1.20 1.19 1.18 1.17 1.16 1.14 1.13 1.11 1.09 1.06 1.02 0.97 0.92 0.87 0.83 0.81 0.86 0.87 0.76 0.76 0.82 0.88 0.86 0.79 0.91 1.20 1.58 2.17 2.60
2.27 2.11 1.77 1.55 1.53 1.52 1.45 1.41 1.37 1.31 1.29 1.30 1.27 1.24 1.22 1.19 1.19 1.21 1.21 1.21 1.25 1.33 1.37 1.34 1.21 1.09 1.16 1.38 1.62 1.76 1.71 1.62 1.58 1.47 1.27 1.13 1.11 1.12 1.13 1.16 1.19 1.21 1.23 1.24 1.25 1.25 1.26 1.26 1.26 1.26 1.26 1.25 1.25 1.25 1.24 1.23 1.23 1.22 1.21 1.20 1.19 1.17 1.16 1.14 1.11 1.08 1.04 0.99 0.96 0.93 0.86 0.81 0.75 0.65 0.66 0.75 0.79 0.80 0.76 0.86 1.27 1.80 2.28 2.32
2.63 2.40 1.98 1.67 1.56 1.56 1.48 1.40 1.37 1.30 1.26 1.26 1.24 1.23 1.21 1.18 1.19 1.22 1.22 1.20 1.21 1.25 1.30 1.31 1.22 1.10 1.13 1.28 1.50 1.70 1.74 1.68 1.67 1.61 1.44 1.27 1.19 1.17 1.16 1.16 1.18 1.22 1.25 1.26 1.27 1.28 1.29 1.29 1.29 1.29 1.29 1.29 1.29 1.28 1.28 1.27 1.26 1.26 1.25 1.24 1.23 1.22 1.20 1.18 1.15 1.12 1.09 1.06 1.04 1.00 0.93 0.85 0.76 0.65 0.61 0.68 0.69 0.69 0.72 0.88 1.42 1.95 2.16 1.96
