windninja/windninja_output/Output_2025-10-23_1700-1750_Google earth_Fire_150m_10min/merlingen_7.5mi_point_10-23-2025_1710_150m_ang.asc
ncols	158
nrows	163
xllcorner	391686.332397
yllcorner	5160024.123721
cellsize	150.000000
NODATA_value	-32768.000000
[rows 84 to 125 of 163, columns 0 to 93 of 158]
284 290 298 294 288 287 289 289 287 289 293 295 293 289 287 288 288 287 289 291 292 293 294 295 300 302 299 297 296 294 294 293 292 289 286 285 284 284 285 287 289 292 294 295 295 295 296 297 297 297 298 299 300 301 299 297 295 295 295 295 295 296 296 296 296 296 296 296 297 297 298 299 300 301 303 305 307 311 317 325 339 347 343 326 309 303 298 294 293 292 289 287 284 281
274 274 277 276 274 272 267 266 273 283 290 292 291 288 286 286 286 285 286 288 290 292 294 296 300 303 299 296 295 295 294 293 292 290 287 286 286 285 285 287 290 292 292 292 291 290 290 291 292 292 293 293 293 295 297 296 295 295 295 295 295 296 296 296 296 296 296 296 297 297 298 299 300 301 302 304 307 310 315 324 339 346 344 326 306 300 296 293 292 291 289 287 284 282
271 269 268 268 265 260 257 262 274 284 290 289 288 286 284 283 282 281 282 284 286 287 289 293 299 305 303 298 296 295 294 293 294 295 293 290 288 286 286 288 291 293 293 291 289 289 288 288 289 291 292 291 290 291 293 294 294 294 295 295 296 296 296 296 296 296 296 296 296 297 297 298 299 300 302 303 306 309 314 322 335 342 340 322 304 297 294 292 290 289 287 286 287 289
271 268 265 265 263 261 263 271 279 284 287 285 286 285 281 279 278 276 276 279 283 284 287 295 306 314 309 303 298 296 295 294 294 296 295 292 291 288 287 287 290 293 294 292 289 287 287 287 287 288 290 291 291 290 290 292 292 293 295 295 296 296 297 296 296 296 296 296 296 296 297 298 298 300 301 302 305 308 312 319 329 335 333 320 303 295 292 290 287 286 286 289 292 294
273 272 270 272 273 272 274 277 278 278 281 284 287 287 283 278 273 272 274 278 284 288 296 307 320 326 314 304 299 295 294 293 293 293 293 292 292 290 286 285 287 290 294 294 291 288 286 286 286 287 289 292 292 291 291 291 291 292 294 296 297 298 297 297 296 296 296 296 296 296 297 297 298 299 300 302 304 306 310 315 321 327 325 315 303 294 289 286 286 287 289 292 291 286
280 281 282 281 279 278 276 275 272 272 279 288 291 288 283 274 269 270 275 282 289 299 307 316 331 333 315 303 298 295 293 293 292 292 291 292 292 291 286 282 283 286 291 294 293 289 286 284 285 287 290 293 296 297 296 293 291 289 291 296 300 300 298 297 297 296 296 296 296 296 296 297 297 298 299 301 302 304 307 310 315 319 319 311 300 293 287 284 286 288 289 288 281 273
283 283 281 278 278 279 278 274 272 274 282 291 293 287 280 273 271 271 275 285 299 309 317 326 337 333 313 302 297 294 292 291 291 291 291 290 292 293 290 285 282 283 286 289 291 289 286 283 284 287 290 294 298 300 300 295 290 288 291 299 305 303 300 298 297 296 296 295 295 296 296 296 297 297 298 299 301 302 304 307 310 313 315 310 302 297 293 288 288 288 284 278 273 269
280 280 278 277 280 284 285 284 282 281 285 292 294 289 286 282 279 274 274 287 305 318 328 331 339 328 308 298 293 291 290 289 289 290 291 290 291 294 294 291 285 282 283 287 289 289 287 283 282 284 289 294 298 301 303 300 296 296 297 301 308 306 301 298 297 296 295 295 295 295 295 296 296 297 297 298 299 301 302 304 306 308 311 310 306 302 298 293 290 285 277 268 267 266
280 281 284 286 288 293 300 306 305 295 289 292 294 292 290 288 288 287 288 297 308 329 334 329 332 314 299 292 290 289 288 287 288 290 291 291 291 292 294 294 288 281 280 284 287 288 286 282 280 281 285 292 297 301 307 307 302 300 298 298 303 306 302 298 297 296 295 295 295 295 295 295 296 296 297 297 298 299 300 301 302 304 306 306 304 301 297 292 287 278 265 261 264 264
282 285 290 293 295 300 308 318 324 310 299 301 307 310 310 306 305 304 302 301 305 324 320 310 309 298 291 289 287 286 285 285 287 290 292 291 290 291 292 294 293 285 279 280 283 284 284 282 280 280 283 291 299 302 306 306 300 295 292 290 294 300 300 298 296 295 295 295 294 294 295 295 295 295 296 296 297 297 298 299 300 300 301 301 299 295 292 287 279 268 262 263 266 265
282 285 290 294 295 298 305 316 329 318 305 306 314 319 320 312 308 306 298 288 279 257 239 253 274 286 288 286 284 282 281 282 286 291 292 291 290 291 292 294 297 294 285 281 281 283 285 285 283 284 287 294 303 304 302 302 296 291 289 288 290 295 297 296 295 295 294 294 294 294 294 294 294 295 295 295 296 296 296 297 297 297 298 297 295 292 289 283 276 270 268 269 269 269
279 281 286 290 291 291 294 303 318 314 302 297 298 298 302 295 293 288 280 263 243 227 223 238 263 280 283 283 281 279 281 284 288 291 293 291 290 291 292 294 298 300 294 287 285 287 289 291 291 293 295 297 302 302 299 298 297 294 292 291 291 293 295 295 295 295 294 294 294 294 294 294 294 294 294 294 294 295 295 295 295 295 295 294 293 291 288 284 279 276 275 274 273 273
279 280 284 288 285 281 280 286 296 298 291 283 275 273 277 278 277 276 266 236 219 221 228 248 268 279 282 281 281 283 285 286 286 287 290 290 290 290 292 293 297 302 300 294 291 292 294 296 298 298 295 292 293 297 295 295 295 294 293 292 291 293 294 294 294 294 294 294 294 294 294 293 293 293 293 293 294 294 294 294 294 294 293 292 291 289 287 285 282 280 278 277 276 275
282 281 282 282 278 271 268 269 273 277 276 268 265 270 272 274 276 273 255 225 213 222 238 259 276 284 283 281 282 284 283 281 279 280 284 287 288 290 292 294 297 302 304 299 294 294 293 293 293 290 285 282 284 290 291 290 291 292 292 292 291 292 293 294 294 294 294 294 294 293 293 293 293 293 293 293 293 293 293 293 293 292 292 291 290 289 287 285 284 282 280 279 278 277
279 278 275 272 271 267 263 261 260 261 258 257 260 264 267 269 269 259 236 221 219 232 255 273 288 290 282 279 279 279 277 276 276 277 280 284 286 289 293 296 298 302 305 301 295 292 290 287 284 281 279 280 282 285 288 288 289 291 292 292 291 291 291 293 294 294 294 294 293 293 292 292 292 292 292 292 292 292 292 292 292 292 291 291 290 288 287 286 284 283 282 281 280 279
273 270 266 266 267 265 262 259 254 250 249 250 251 257 263 262 255 242 227 221 231 254 273 281 285 274 270 272 273 273 273 275 276 277 280 284 287 289 293 297 299 302 306 305 298 294 292 288 284 282 282 283 283 284 287 288 288 289 291 293 292 291 291 292 293 294 294 294 293 292 292 292 291 291 291 291 291 291 291 291 291 291 291 290 289 288 287 286 285 284 283 282 281 280
273 270 265 264 263 259 258 257 252 247 246 243 241 247 251 250 248 243 233 236 258 275 277 267 245 246 257 264 267 268 269 271 274 278 282 286 288 289 292 298 302 304 307 308 303 297 293 290 287 285 285 286 286 287 288 289 289 287 290 294 295 293 291 291 293 295 295 295 294 292 291 291 291 291 291 291 291 291 291 291 291 290 290 290 289 288 287 286 285 284 283 282 281 280
277 274 268 264 259 256 254 253 252 249 247 244 240 239 242 246 252 256 255 266 278 280 265 239 232 242 252 257 259 261 264 268 273 279 284 287 288 289 291 297 304 306 307 310 307 299 293 291 290 289 287 287 288 288 287 288 289 288 289 293 295 293 291 291 293 295 297 296 294 291 290 290 290 290 290 290 290 290 290 290 290 290 290 290 289 288 288 287 286 285 284 283 282 281
280 277 271 265 260 257 256 254 253 251 250 248 244 242 248 258 263 266 271 276 276 263 239 233 236 243 248 252 255 259 264 269 274 279 283 287 290 291 292 296 302 306 308 310 311 305 299 296 294 292 290 288 288 288 288 289 290 290 289 290 294 295 293 291 291 294 296 295 293 289 288 289 290 290 289 289 289 289 290 290 290 290 290 290 289 289 288 287 286 285 284 283 283 282
282 279 273 267 263 260 259 256 255 254 253 253 253 258 266 268 268 268 271 271 259 234 230 236 238 240 246 253 258 263 268 271 273 277 282 287 292 293 293 295 300 306 308 311 313 310 304 299 296 293 291 289 290 291 290 291 291 290 290 291 294 296 295 292 290 292 294 294 292 288 286 288 290 289 288 288 288 289 289 290 290 290 290 290 289 289 288 287 287 286 285 284 283 282
285 282 275 269 265 262 260 258 255 255 257 259 262 269 273 272 268 264 262 255 239 230 234 238 236 239 248 255 261 266 270 272 273 276 280 285 290 294 295 296 300 305 309 311 313 313 308 302 299 295 293 292 291 292 292 291 291 291 290 291 292 293 294 292 291 290 292 294 293 289 286 284 286 287 286 285 287 289 289 290 290 290 290 290 290 289 288 288 287 286 285 284 283 282
287 283 275 269 265 263 261 258 256 257 259 262 266 271 272 271 267 259 252 244 236 236 239 237 238 244 250 255 260 266 270 273 275 276 278 283 290 296 299 300 303 307 309 311 314 316 313 309 305 301 297 296 294 292 292 292 291 291 290 289 290 291 291 291 290 289 291 294 293 290 285 282 281 284 284 285 287 289 288 288 290 291 292 291 290 290 289 288 287 286 285 284 283 282
291 286 276 269 265 263 261 258 258 261 265 269 272 273 272 270 264 257 249 242 239 243 243 239 242 247 250 253 259 266 272 276 278 276 276 283 293 300 303 304 306 308 310 312 315 317 317 314 311 306 301 299 297 294 292 293 292 291 289 288 288 290 291 290 290 289 290 292 293 289 284 282 280 283 286 288 289 289 288 288 292 294 294 292 291 290 289 288 287 286 285 284 283 282
296 289 278 271 266 264 264 266 268 271 275 277 276 271 269 267 263 258 250 243 242 249 252 246 244 246 249 251 257 267 275 280 280 273 276 287 297 302 302 304 308 310 310 313 316 319 322 320 316 311 304 300 298 296 293 292 292 292 290 288 287 289 290 290 290 290 289 290 293 289 283 282 282 282 284 286 288 291 292 291 292 296 297 295 293 291 290 288 287 286 285 284 283 282
304 295 281 275 273 274 277 280 281 279 275 271 266 261 261 264 264 259 251 247 251 257 259 254 247 246 250 251 255 266 276 279 280 273 280 292 300 301 301 305 311 312 311 315 319 321 324 325 322 317 309 303 300 298 295 292 291 291 291 290 288 287 290 290 289 288 288 288 291 291 285 281 281 283 283 284 287 291 293 291 290 293 298 298 295 292 290 288 287 286 284 283 283 282
315 304 289 286 287 287 285 282 277 271 264 260 257 256 259 265 268 260 249 251 259 264 265 261 254 251 252 253 257 267 275 277 278 275 281 292 298 299 304 309 312 309 309 316 320 321 325 328 327 321 315 309 304 301 298 295 292 291 292 293 290 287 288 289 286 285 287 287 289 291 286 280 281 284 285 285 286 287 290 289 288 289 295 300 298 294 291 288 286 285 284 283 282 282
329 315 299 294 290 285 278 270 264 260 258 257 255 257 263 270 274 265 250 254 262 269 273 270 267 262 257 257 261 268 275 277 277 274 280 290 297 302 308 313 310 305 308 315 320 321 326 331 331 326 320 314 309 304 301 298 295 291 291 293 292 287 285 285 284 283 286 288 289 290 289 284 282 283 284 284 283 283 285 287 287 288 291 297 298 295 291 288 286 284 283 282 282 281
334 319 302 292 285 276 269 265 262 259 257 257 260 264 270 276 281 280 257 255 261 270 281 283 277 273 271 268 265 265 271 277 277 274 281 291 300 307 313 315 312 308 308 313 318 321 325 331 333 329 324 319 313 306 302 301 299 293 290 291 292 288 284 283 284 283 284 287 289 291 291 287 282 281 281 282 282 281 281 283 286 287 290 294 297 296 291 287 284 281 280 280 281 281
334 318 299 288 280 274 271 267 265 261 258 261 270 275 276 279 287 304 279 264 263 270 282 293 284 279 283 282 275 265 265 273 278 279 286 296 305 311 316 315 314 307 302 308 318 323 326 329 331 331 328 325 320 310 304 303 302 296 291 291 292 290 285 284 285 284 283 284 288 291 290 287 283 281 280 280 281 281 280 281 284 287 290 292 295 295 289 285 280 277 278 282 283 283
338 320 298 286 280 277 274 271 268 264 263 268 275 281 279 280 291 323 315 285 270 268 275 289 285 282 288 290 286 275 266 267 274 282 290 298 304 308 312 312 309 300 297 305 317 326 326 326 329 331 331 331 327 316 307 305 304 299 293 291 292 292 287 286 287 286 283 283 286 290 291 288 286 283 280 279 280 282 282 280 281 285 289 289 291 292 285 280 277 276 282 288 288 284
347 328 302 290 285 281 279 277 271 267 270 276 280 281 277 281 296 330 334 303 279 269 270 281 289 291 293 292 290 287 275 267 271 281 289 296 298 301 307 309 304 298 299 305 316 324 327 328 330 332 333 335 332 322 312 307 306 303 295 291 292 293 290 287 288 289 286 284 285 288 290 288 286 285 281 279 279 282 283 281 279 282 286 288 289 290 283 279 279 283 289 293 291 283
2 337 308 297 290 286 281 278 275 275 281 285 285 280 275 283 301 332 344 317 292 279 276 283 292 297 298 295 293 297 291 275 272 278 288 295 299 301 303 305 303 303 305 309 315 324 330 334 332 332 335 338 337 329 316 308 306 304 299 293 292 294 292 288 288 290 288 285 284 285 286 285 282 283 283 280 278 280 283 282 279 280 285 287 287 288 283 282 285 288 291 292 289 281
13 344 313 299 292 288 282 278 279 284 289 293 292 283 276 284 301 335 351 333 312 302 296 292 293 297 301 295 291 301 306 289 276 276 285 296 303 305 302 302 305 307 310 310 313 323 331 332 330 331 335 340 343 337 323 310 305 304 301 296 293 294 292 289 289 291 289 286 285 284 284 283 280 279 283 283 280 278 279 281 279 280 284 286 284 285 286 286 288 290 290 289 286 283
19 351 316 299 291 289 288 286 287 288 290 296 301 293 280 282 295 329 346 337 324 313 307 300 296 299 306 302 297 304 308 298 286 283 289 299 305 308 304 304 310 311 311 310 312 319 327 328 330 331 336 343 348 345 333 316 307 305 303 298 296 296 294 291 290 291 290 288 285 284 284 284 281 278 278 282 283 278 277 278 280 282 285 285 282 284 289 289 288 289 288 287 287 286
24 2 320 301 294 294 295 294 291 289 287 294 308 302 284 277 284 315 336 334 325 313 306 302 299 300 308 309 307 310 312 311 308 300 299 304 310 315 310 310 315 315 313 310 309 315 324 329 332 335 338 347 352 352 342 322 309 306 303 300 298 299 298 294 292 292 291 288 285 284 285 285 283 278 276 278 281 280 278 279 281 282 284 285 285 287 290 290 288 288 287 287 288 285
30 13 328 302 298 298 297 295 291 289 285 289 309 307 288 276 281 302 325 330 324 313 306 302 299 299 302 304 306 311 315 319 316 307 302 302 309 319 320 321 322 318 313 310 311 316 323 327 332 336 340 348 355 356 349 329 312 305 304 301 299 300 299 295 292 291 290 287 283 282 284 285 285 282 277 274 275 278 278 279 279 279 281 285 287 289 291 290 289 288 287 288 286 281
34 20 337 304 299 298 293 292 291 291 286 288 306 313 295 281 280 292 315 325 324 316 307 301 298 297 297 299 303 307 309 311 309 303 299 299 305 314 321 328 328 323 318 317 319 321 324 328 334 338 341 348 356 360 356 335 314 306 304 301 299 299 296 289 283 279 281 284 283 281 283 285 286 285 280 274 271 272 275 276 277 277 280 285 288 292 293 292 288 287 286 286 282 277
37 21 340 315 307 303 295 292 292 295 290 287 301 319 306 286 279 285 304 320 323 315 307 301 296 295 297 300 302 302 302 301 300 299 297 297 301 303 312 325 327 324 317 316 318 321 325 332 340 342 343 348 355 3 2 343 317 307 304 300 296 292 283 272 264 267 274 283 287 284 282 283 285 286 284 278 272 269 270 273 275 278 282 286 290 294 296 293 288 286 287 285 281 279
33 12 338 323 314 308 300 292 291 296 292 288 300 322 313 291 276 277 289 304 312 310 306 301 294 292 295 298 300 300 302 301 298 299 296 294 298 296 300 316 322 318 308 302 305 311 317 329 340 343 344 346 356 7 5 347 321 307 302 295 286 274 265 262 264 270 276 285 293 291 284 283 284 286 287 285 278 271 269 271 273 277 284 290 293 296 297 294 289 287 288 286 281 282
26 4 334 324 314 304 297 289 285 289 290 290 300 323 316 295 277 268 271 284 294 300 300 296 291 292 293 294 298 301 306 304 298 299 297 293 297 295 294 309 321 319 306 295 295 300 307 321 335 341 342 344 358 10 7 350 320 301 293 284 270 263 267 273 277 279 279 282 290 295 290 286 285 285 287 289 287 280 275 273 273 277 284 291 293 295 297 293 289 288 288 289 283 284
21 360 333 326 316 303 297 288 282 283 284 287 299 317 313 297 280 265 260 270 284 291 295 295 292 290 289 296 303 308 313 307 299 300 298 292 294 297 294 302 317 322 314 296 291 295 303 316 332 339 341 346 1 12 11 358 323 293 284 279 271 275 282 285 285 283 280 278 280 288 291 286 284 285 287 291 294 291 285 280 277 275 278 285 288 291 294 290 286 286 290 295 290 288
13 354 335 331 322 308 300 293 287 286 282 280 288 303 303 296 285 272 262 266 277 289 295 293 292 293 299 309 313 318 322 309 299 299 298 291 292 298 296 299 312 322 321 302 290 290 299 313 330 337 340 348 4 15 17 7 335 300 288 290 292 290 290 289 286 283 280 276 274 275 282 284 284 287 289 292 296 296 292 286 282 276 273 275 282 287 290 287 284 287 295 301 295 291
