windninja/windninja_output/Output_2025-10-23_1700-1750_Google earth_Fire_150m_10min/merlingen_7.5mi_point_10-23-2025_1720_150m_ang.asc
ncols	158
nrows	163
xllcorner	391686.332397
yllcorner	5160024.123721
cellsize	150.000000
NODATA_value	-32768.000000
[rows 42 to 83 of 163, columns 0 to 93 of 158]
156 153 150 146 141 136 132 129 124 122 121 118 116 114 112 110 109 107 106 105 105 104 103 102 101 101 100 100 101 100 96 92 89 86 84 82 79 75 74 72 66 57 46 30 16 7 359 353 344 324 306 303 311 314 302 291 286 281 272 265 263 265 268 266 267 275 279 279 281 278 268 267 274 282 287 287 289 296 265 260 258 259 263 268 274 273 264 259 265 271 273 268 262 264
162 160 157 151 146 140 137 133 128 126 124 121 118 116 114 112 111 109 108 107 106 105 105 103 102 101 101 101 101 99 96 93 91 89 88 85 80 78 77 71 62 52 40 25 15 10 4 354 336 320 307 303 309 312 300 287 278 271 267 267 271 277 280 276 275 280 286 287 282 275 269 271 276 283 286 285 279 245 252 260 261 266 273 277 276 265 251 251 259 267 271 269 267 269
169 167 163 156 150 145 141 137 133 129 127 124 121 119 117 115 113 112 110 109 108 107 106 105 104 103 102 102 101 99 97 95 92 90 89 87 85 82 76 66 57 49 37 24 18 16 9 350 329 319 311 304 305 308 294 280 271 267 270 275 279 284 287 288 288 288 288 288 285 280 277 275 275 277 278 272 251 206 237 260 269 277 280 278 268 251 246 251 258 264 268 271 274 273
177 175 168 160 155 150 145 141 137 133 130 127 125 122 120 118 116 115 113 112 110 109 108 106 105 105 104 102 101 100 98 96 93 91 89 87 84 79 70 62 55 47 35 24 23 19 4 340 325 319 312 302 296 294 281 270 267 272 281 286 287 289 294 298 296 293 289 286 285 284 280 276 272 269 265 254 222 200 241 267 278 283 279 269 254 246 249 254 257 261 266 273 277 273
185 180 172 166 161 155 150 145 141 138 134 131 128 126 123 121 119 117 115 114 112 111 110 109 107 106 104 103 102 100 99 97 94 92 89 85 79 74 69 64 55 44 34 27 27 14 351 330 322 319 312 303 289 273 267 265 271 283 291 296 296 296 299 301 297 293 289 284 283 283 280 276 270 264 255 242 217 213 254 272 278 277 270 260 252 251 255 257 257 259 265 274 276 271
190 185 178 174 167 159 153 149 146 142 138 135 132 129 126 124 122 120 117 116 114 113 112 110 109 107 106 104 103 101 100 97 94 90 87 83 78 73 68 61 49 38 33 31 23 1 338 325 321 323 314 300 277 270 274 278 285 292 298 304 304 299 297 297 294 289 286 283 281 281 279 275 268 260 249 235 221 233 261 269 271 268 263 260 257 258 260 260 259 261 266 271 272 266
194 190 185 182 174 162 156 153 150 146 141 138 135 132 129 126 124 122 120 118 117 115 114 112 110 109 108 106 104 103 100 97 94 91 86 81 77 71 64 54 41 35 34 28 12 348 331 325 326 331 325 291 273 278 283 289 294 298 302 307 307 298 291 290 289 287 285 283 281 280 276 272 266 256 244 233 230 244 260 265 266 266 265 263 261 262 262 262 264 266 266 265 264 262
198 196 194 192 180 166 159 157 154 150 146 142 139 136 132 129 127 125 122 121 119 118 116 115 113 111 109 108 106 104 101 98 95 91 86 79 73 64 54 43 36 34 30 18 1 340 328 327 333 346 357 301 291 293 297 299 300 302 303 305 303 294 286 284 286 287 286 284 281 277 274 269 262 251 241 237 240 249 258 262 264 266 267 266 265 265 265 266 269 267 262 258 257 257
203 202 202 199 184 170 165 160 158 155 151 147 143 139 136 133 130 128 126 124 122 120 119 117 115 113 112 110 107 105 102 99 95 90 82 75 67 55 44 36 31 27 19 8 352 336 328 331 348 26 4 305 304 306 306 304 303 302 301 299 295 287 281 282 286 288 286 284 280 276 272 266 258 249 245 246 249 252 256 261 264 265 266 266 267 269 270 270 268 264 258 254 252 251
211 210 209 202 186 176 173 166 162 160 157 152 147 143 140 136 133 131 129 127 126 124 122 120 117 115 113 112 109 107 104 100 95 88 79 68 56 45 36 30 24 17 9 0 348 335 331 346 27 22 337 316 311 310 307 304 301 298 294 291 286 282 281 283 286 288 287 283 279 274 269 263 256 252 253 255 255 255 257 261 262 262 264 267 270 272 272 270 265 261 255 251 248 247
219 217 213 204 189 182 180 173 166 165 163 157 152 148 143 140 137 135 132 130 128 126 124 122 120 118 116 114 111 108 104 99 93 84 73 60 46 35 27 20 14 4 359 354 346 337 339 10 17 347 335 325 314 310 306 301 298 294 288 283 282 282 282 283 286 289 288 282 276 272 269 264 259 257 258 259 259 260 263 262 259 258 262 267 271 273 272 268 264 259 253 249 246 247
225 221 214 205 194 188 187 179 171 170 168 161 157 153 148 144 141 139 136 134 131 129 127 125 123 121 119 116 114 110 106 99 91 79 62 46 31 21 14 8 3 353 349 349 346 342 349 7 352 336 332 325 314 306 302 298 296 292 285 281 283 285 284 284 286 290 289 283 276 273 271 267 261 258 259 260 261 263 267 266 261 259 261 264 268 272 273 270 263 256 252 251 248 250
227 224 216 207 199 195 193 187 179 176 173 166 162 158 153 149 145 142 140 138 135 133 131 129 127 124 122 119 116 111 106 97 85 68 48 27 13 5 360 356 352 344 341 344 344 343 350 356 343 332 330 322 312 303 297 295 296 293 287 285 286 287 285 285 287 292 293 288 279 275 272 264 257 259 261 262 261 265 269 270 267 265 264 262 261 265 269 269 262 256 254 255 256 258
230 228 222 215 209 205 201 196 188 182 177 171 167 163 159 153 150 147 145 142 140 137 135 133 131 128 126 123 120 115 107 95 75 46 19 3 353 348 345 343 341 337 334 337 340 342 345 346 339 335 331 318 311 303 295 294 298 296 291 290 292 290 287 285 287 294 296 294 284 275 264 254 258 264 265 264 264 269 272 274 274 271 267 262 259 258 258 259 258 257 259 262 266 273
235 233 229 225 220 215 210 204 196 189 184 177 173 168 164 159 155 152 150 147 144 142 140 138 136 133 131 128 123 118 109 87 42 4 347 341 336 334 333 333 332 331 330 330 334 338 340 339 337 338 332 315 309 301 293 293 300 299 296 296 295 293 287 282 283 290 295 293 282 267 253 257 266 269 268 268 269 273 275 276 275 272 267 263 260 256 251 248 249 255 264 272 284 291
239 237 233 229 224 220 216 209 200 194 189 186 182 175 169 166 162 158 156 153 151 148 146 144 143 141 139 137 135 130 113 14 335 329 326 324 323 323 323 324 325 326 327 326 328 332 333 334 335 337 333 314 306 300 292 294 304 304 301 300 297 292 286 280 278 284 291 287 273 260 261 269 272 271 272 273 275 277 277 275 272 269 266 263 259 255 250 247 248 256 271 288 300 301
243 241 237 234 230 224 220 214 205 199 195 195 192 184 176 173 170 166 163 161 158 156 154 153 152 151 152 154 160 187 274 302 307 310 313 314 315 316 317 318 318 320 321 321 322 324 327 330 333 335 334 317 306 300 294 296 306 304 301 300 297 291 285 279 275 279 286 285 269 267 275 276 275 275 277 278 280 280 278 273 267 264 262 259 256 253 252 253 259 272 286 295 301 299
245 244 241 239 235 230 226 220 213 208 204 204 202 194 186 182 179 175 172 171 169 166 165 166 168 170 178 196 228 264 284 293 300 303 305 307 308 309 311 313 313 315 316 316 318 320 321 324 329 334 336 322 308 300 295 296 303 302 300 298 296 291 284 278 274 275 283 285 273 276 279 279 278 280 281 282 282 280 274 268 263 260 257 254 252 252 255 263 276 289 293 293 293 290
249 248 245 243 240 236 232 227 222 219 214 211 207 201 196 194 191 185 183 182 181 180 182 186 190 201 221 243 261 274 285 290 294 298 300 302 304 305 306 308 309 311 312 313 314 315 317 320 325 331 333 323 308 299 296 297 301 301 299 297 294 290 284 278 273 274 278 281 277 279 281 283 284 284 285 284 282 276 268 263 260 258 255 252 251 254 262 275 288 294 293 289 286 277
252 251 249 247 244 241 237 234 230 227 222 216 211 208 206 205 203 199 196 195 197 199 204 211 219 234 250 262 271 279 285 289 293 295 297 299 300 302 304 305 306 307 308 310 311 312 314 317 320 325 330 324 310 300 297 298 299 298 297 295 293 289 285 280 276 274 273 275 282 284 285 287 288 288 288 285 279 271 264 260 258 256 254 252 254 261 274 287 292 293 292 286 276 259
255 254 252 250 247 243 240 239 236 233 230 225 221 219 216 214 213 213 212 212 215 221 228 234 245 256 264 270 276 282 285 288 291 294 295 297 298 299 301 302 303 304 306 307 308 309 311 313 315 319 325 325 314 305 302 300 297 296 296 294 293 291 289 284 279 274 269 276 287 289 289 289 289 290 288 284 276 268 264 260 257 254 253 256 262 272 284 293 294 291 287 276 259 246
258 258 256 254 251 247 245 243 241 239 237 234 232 231 226 223 224 226 226 227 232 239 246 252 258 264 269 276 280 283 286 288 290 292 294 295 297 298 299 300 301 302 303 304 306 307 308 309 311 314 319 322 315 310 310 305 297 295 296 296 298 295 290 282 276 271 270 285 292 293 292 290 290 291 290 283 275 271 265 260 256 254 255 263 272 282 291 295 293 286 273 260 248 238
261 260 259 257 256 254 252 249 247 245 244 244 242 239 236 235 235 236 238 240 245 252 258 264 267 269 273 278 281 284 286 288 290 291 293 294 295 296 297 298 299 300 301 302 303 305 305 306 308 310 314 317 314 311 314 310 298 294 297 298 300 297 283 272 273 276 287 297 297 296 294 291 290 292 291 286 280 276 267 259 255 256 262 271 281 289 292 292 287 274 259 249 238 230
262 261 259 259 258 256 255 254 253 252 250 250 250 249 248 249 250 251 250 249 254 259 263 268 272 275 277 279 282 285 287 289 290 291 292 293 294 295 296 297 298 298 300 300 301 302 303 304 306 307 309 312 311 310 313 313 302 296 296 297 298 291 277 277 283 291 300 303 301 299 296 293 290 291 292 291 286 279 268 258 258 265 275 283 288 290 289 285 275 259 247 237 228 225
260 259 259 260 259 258 257 255 254 255 256 256 256 257 258 258 261 262 260 260 263 264 266 270 274 277 279 281 283 285 287 288 289 291 292 293 294 294 295 296 297 297 298 299 300 301 301 302 303 304 305 307 308 307 310 311 305 297 293 291 294 299 293 291 292 295 300 303 302 300 298 294 290 292 294 294 289 281 269 263 270 281 290 294 291 287 283 275 259 245 235 225 222 218
260 259 258 258 260 263 261 258 256 258 261 262 262 264 266 267 267 269 270 270 268 267 268 271 275 278 279 280 283 285 287 289 290 291 292 292 293 294 294 295 295 296 297 297 298 299 300 300 301 302 303 303 304 305 306 307 303 297 290 287 296 308 303 297 295 295 297 300 301 300 299 295 291 292 295 294 292 286 278 280 286 291 294 293 287 279 272 258 246 236 225 218 216 214
265 264 261 259 260 263 263 259 259 263 267 267 268 268 269 271 272 273 276 276 273 272 272 272 274 275 276 279 282 285 287 289 290 291 292 293 293 293 294 294 295 295 296 296 297 298 298 299 299 300 301 301 301 302 302 302 301 297 292 290 297 306 304 300 296 295 295 297 300 300 298 294 290 292 295 295 295 293 291 290 291 291 286 282 280 273 261 246 237 226 218 212 212 215
272 273 271 267 266 264 263 262 264 268 271 272 272 272 272 273 274 276 278 279 279 279 278 277 275 271 271 276 281 285 288 290 290 291 291 292 293 293 294 294 294 295 295 295 296 296 297 297 298 298 299 299 300 300 300 299 298 298 296 294 297 302 303 300 297 295 296 297 300 299 297 293 292 295 298 297 297 300 300 293 289 285 275 272 278 272 256 241 230 219 211 208 212 217
274 276 277 276 274 269 267 270 273 272 273 274 274 274 274 275 276 276 278 280 281 281 281 281 278 272 271 275 280 284 286 289 291 292 292 292 293 293 293 294 294 294 295 295 295 296 296 296 297 297 297 298 298 298 298 298 297 297 296 296 297 299 299 297 295 295 296 296 297 298 297 294 293 297 299 296 296 302 303 294 284 275 270 274 278 270 250 233 221 212 208 209 214 219
272 274 277 278 277 274 274 279 281 277 273 273 274 273 274 275 276 276 278 280 281 281 282 282 283 282 277 277 279 282 285 288 290 292 292 293 293 293 293 293 294 294 294 294 294 295 295 295 296 296 296 297 297 297 297 297 297 296 296 296 297 297 297 296 296 296 296 294 295 298 301 297 293 297 298 294 295 299 300 289 278 272 275 281 276 261 239 224 213 209 209 213 219 223
273 275 277 278 277 277 278 281 282 277 272 274 276 277 276 277 277 278 279 280 281 283 284 285 288 291 285 278 277 280 283 285 288 291 293 293 293 293 293 293 293 294 294 294 294 294 294 295 295 295 295 296 296 296 296 296 296 296 296 296 296 296 296 296 297 297 297 295 296 299 301 297 291 292 294 293 292 294 295 285 279 280 285 283 272 247 225 216 212 213 214 220 226 231
274 276 278 278 278 279 280 281 281 278 275 277 279 280 280 280 281 282 282 282 282 284 285 286 290 293 289 282 278 279 281 283 285 289 293 294 293 293 294 294 294 293 293 293 293 293 294 294 294 294 295 295 295 295 295 295 295 295 295 296 296 296 296 296 296 296 296 297 298 300 300 297 292 292 294 294 294 293 294 288 286 289 289 281 263 234 216 212 216 219 221 228 235 251
275 276 278 280 280 280 280 281 280 280 280 280 280 281 282 283 284 285 285 285 285 284 284 285 289 293 291 286 281 279 280 282 284 287 291 294 294 294 294 294 294 294 293 293 293 293 293 293 294 294 294 294 295 295 295 295 295 295 295 295 295 295 295 295 295 295 296 297 298 299 299 298 297 300 303 302 301 300 299 296 295 294 287 272 245 220 211 214 221 224 231 237 251 284
275 276 278 281 281 281 281 282 281 282 282 282 282 283 284 285 285 285 286 286 286 286 285 286 288 291 291 288 284 281 281 283 284 285 287 291 293 294 294 295 294 294 293 293 293 293 293 293 293 293 294 294 294 294 294 294 295 295 295 295 295 295 295 295 295 295 296 297 297 297 298 299 301 306 309 307 306 308 308 304 299 291 278 256 226 208 211 218 225 232 245 255 280 288
274 274 276 280 282 282 283 283 283 283 284 285 285 285 286 287 286 286 286 286 287 287 287 287 288 289 289 289 288 285 282 281 281 280 282 287 290 293 294 295 295 294 293 293 292 292 292 293 293 293 293 294 294 294 294 294 294 294 294 294 294 295 295 295 295 295 296 296 296 297 298 299 302 306 310 310 310 315 314 303 294 283 264 236 212 209 218 223 231 246 264 290 297 289
274 273 272 275 280 284 285 285 285 287 288 288 287 287 287 288 288 288 288 288 288 288 288 289 288 288 288 289 290 287 282 279 279 280 282 287 290 292 293 295 296 295 293 292 292 292 292 292 292 292 293 293 294 294 294 294 294 294 294 294 294 294 294 294 295 295 295 296 296 297 298 300 301 304 308 310 313 318 314 299 287 271 246 225 218 225 234 239 250 272 293 304 299 289
276 271 263 268 280 285 287 288 290 292 293 292 290 288 288 289 289 290 290 289 289 289 289 290 289 287 287 289 291 290 286 282 282 283 283 286 289 290 292 294 295 295 293 292 292 291 291 291 292 292 293 293 294 294 294 294 294 294 294 294 294 294 294 294 294 295 295 295 296 297 298 299 300 302 305 308 314 320 314 296 280 257 232 227 230 239 248 262 284 293 297 299 295 286
274 266 255 261 275 287 294 295 296 299 299 295 292 290 290 291 291 290 290 290 289 289 289 290 292 290 288 289 291 293 292 287 285 284 284 285 288 289 289 292 295 294 292 291 290 290 290 290 291 292 292 293 294 294 294 294 294 294 294 294 294 294 294 294 294 294 295 295 296 296 297 298 300 301 303 306 312 319 315 298 279 251 237 240 242 246 263 285 293 294 292 290 288 283
272 266 262 267 278 295 308 308 305 306 304 299 294 292 291 291 291 290 291 290 290 289 289 291 294 294 290 289 290 293 295 292 290 287 285 286 287 287 287 288 292 293 290 289 288 288 288 288 289 291 293 294 294 294 294 294 294 294 294 294 294 294 294 294 294 294 294 295 295 296 297 298 299 300 302 305 310 316 315 303 287 268 261 255 250 261 284 295 295 291 288 285 282 280
272 269 270 279 290 300 316 319 314 312 309 302 295 292 291 291 290 289 290 291 290 290 290 292 296 295 291 290 290 293 296 296 294 291 287 284 285 287 287 287 289 291 288 286 285 285 285 284 284 288 292 295 296 296 295 295 294 294 294 294 294 294 294 294 294 294 294 295 295 296 296 297 299 300 301 304 308 313 316 313 311 298 281 266 265 284 296 296 294 289 285 282 279 276
284 279 284 293 298 302 309 317 316 313 309 301 295 291 290 289 289 288 289 290 290 290 291 293 296 295 293 292 292 293 294 294 293 290 287 284 284 286 287 287 287 289 289 288 288 288 289 288 288 291 295 297 297 297 296 295 295 294 294 294 294 294 294 294 294 294 294 294 295 295 296 297 298 299 301 303 306 311 316 320 327 321 294 285 295 299 297 295 293 289 285 281 277 274
288 295 300 300 298 294 297 303 304 302 300 296 292 289 287 287 287 287 288 289 290 291 291 293 298 298 295 295 294 292 292 292 291 289 286 284 282 284 286 287 288 290 292 293 294 295 297 299 298 298 299 300 300 300 298 296 295 294 294 294 294 294 294 294 294 294 294 294 294 295 296 297 298 299 300 302 305 309 315 323 335 340 319 307 305 300 296 292 291 288 284 280 276 273
