windninja/windninja_output/Output_2025-10-23_1700-1750_Google earth_Fire_150m_10min/merlingen_7.5mi_point_10-23-2025_1700_150m_vel.asc
ncols	158
nrows	163
xllcorner	391686.332397
yllcorner	5160024.123721
cellsize	150.000000
NODATA_value	-32768.000000
[rows 74 to 110 of 163, columns 0 to 83 of 158]
7.46 7.44 7.10 6.70 6.83 7.06 6.99 6.94 6.77 6.30 6.02 5.91 5.67 5.47 5.46 5.45 5.43 5.46 5.43 5.39 5.47 5.57 5.54 5.39 4.97 4.71 5.08 5.59 6.01 6.19 5.96 5.85 6.04 6.06 5.79 5.57 5.54 5.55 5.58 5.60 5.58 5.57 5.59 5.62 5.64 5.66 5.68 5.71 5.72 5.74 5.75 5.76 5.76 5.75 5.74 5.73 5.71 5.67 5.64 5.60 5.55 5.51 5.46 5.39 5.29 5.19 5.09 5.01 5.02 4.94 4.66 4.37 4.00 3.49 3.39 3.66 3.60 3.13 2.52 2.97 5.18 8.20 10.21 8.95
7.53 7.50 7.21 6.80 6.87 7.22 7.15 6.93 6.75 6.44 6.22 6.08 5.88 5.76 5.75 5.69 5.61 5.63 5.65 5.61 5.59 5.61 5.58 5.48 5.17 4.82 5.01 5.46 5.90 6.24 6.24 6.13 6.24 6.26 5.88 5.57 5.57 5.66 5.72 5.66 5.61 5.63 5.67 5.69 5.71 5.74 5.77 5.80 5.82 5.83 5.84 5.84 5.84 5.83 5.82 5.80 5.77 5.74 5.70 5.66 5.62 5.57 5.52 5.44 5.36 5.28 5.21 5.14 5.08 4.92 4.65 4.41 4.21 3.93 3.83 3.94 3.63 3.02 2.66 3.78 6.86 9.14 8.92 6.23
7.15 7.35 7.39 6.97 7.01 7.46 7.31 6.97 6.86 6.63 6.43 6.28 6.10 6.06 6.03 5.88 5.77 5.79 5.81 5.73 5.67 5.68 5.68 5.65 5.34 4.85 5.02 5.60 5.92 6.18 6.34 6.25 6.21 6.24 6.07 5.77 5.75 5.86 5.84 5.70 5.63 5.67 5.72 5.76 5.79 5.82 5.86 5.89 5.91 5.92 5.94 5.94 5.93 5.92 5.90 5.87 5.84 5.81 5.77 5.73 5.69 5.64 5.59 5.51 5.45 5.38 5.30 5.22 5.11 4.96 4.75 4.56 4.42 4.20 4.05 4.01 3.63 3.05 3.15 5.15 7.66 8.01 6.56 4.55
6.46 6.85 7.32 7.35 7.56 7.74 7.38 7.13 7.12 6.97 6.78 6.49 6.30 6.33 6.24 6.05 5.95 5.97 5.94 5.82 5.77 5.79 5.85 5.78 5.26 4.83 5.29 5.90 5.95 5.95 6.11 6.25 6.24 6.38 6.55 6.23 6.05 6.05 5.94 5.80 5.66 5.67 5.78 5.82 5.86 5.91 5.96 5.99 6.01 6.03 6.04 6.04 6.03 6.01 5.98 5.95 5.92 5.88 5.85 5.80 5.76 5.71 5.66 5.60 5.53 5.46 5.38 5.29 5.18 5.05 4.87 4.70 4.58 4.39 4.18 4.03 3.65 3.20 3.63 5.66 7.08 5.86 4.36 3.97
5.39 5.47 6.72 8.34 8.64 8.15 7.70 7.63 7.81 7.60 7.07 6.60 6.48 6.51 6.40 6.23 6.16 6.13 6.02 5.90 5.88 5.95 6.05 5.78 5.03 4.91 5.73 6.18 6.04 5.75 5.80 6.30 6.53 6.72 6.93 6.65 6.25 6.12 6.07 5.94 5.65 5.64 5.80 5.85 5.92 5.99 6.04 6.08 6.12 6.16 6.17 6.15 6.13 6.10 6.07 6.03 6.00 5.96 5.92 5.88 5.84 5.79 5.74 5.68 5.62 5.55 5.47 5.38 5.27 5.15 4.98 4.82 4.68 4.53 4.30 4.07 3.72 3.46 3.90 5.33 5.78 3.92 3.17 3.54
3.73 3.70 5.94 9.36 11.12 10.37 9.03 8.54 8.77 8.16 7.10 6.63 6.61 6.65 6.58 6.41 6.33 6.25 6.03 5.93 5.98 6.11 6.17 5.72 4.94 5.14 6.10 6.45 6.21 5.75 5.76 6.39 6.74 6.93 7.12 6.90 6.37 6.08 6.21 6.12 5.65 5.55 5.78 5.88 5.95 6.03 6.11 6.19 6.26 6.31 6.32 6.29 6.25 6.20 6.15 6.11 6.07 6.03 6.00 5.95 5.91 5.87 5.82 5.76 5.70 5.63 5.55 5.47 5.37 5.24 5.08 4.91 4.78 4.64 4.41 4.16 3.89 3.73 3.98 4.59 4.18 2.74 2.55 2.98
2.22 2.82 5.80 9.55 13.47 14.74 11.78 9.87 9.50 8.24 6.89 6.50 6.63 6.73 6.67 6.49 6.41 6.26 6.01 5.97 6.10 6.24 6.24 5.79 5.14 5.41 6.35 6.63 6.34 5.93 5.99 6.49 6.78 6.99 7.25 7.07 6.39 6.10 6.35 6.31 5.67 5.43 5.75 5.88 5.95 6.09 6.17 6.27 6.45 6.56 6.53 6.44 6.37 6.30 6.24 6.18 6.15 6.11 6.07 6.03 5.99 5.95 5.90 5.85 5.79 5.72 5.65 5.57 5.46 5.33 5.18 5.02 4.90 4.76 4.55 4.33 4.09 3.86 3.86 3.79 2.93 2.18 2.29 2.54
1.34 3.02 7.32 11.57 16.11 15.27 11.14 9.73 9.11 7.74 6.58 6.27 6.51 6.65 6.65 6.49 6.35 6.24 6.08 6.07 6.22 6.37 6.38 5.97 5.35 5.59 6.48 6.69 6.50 6.30 6.35 6.68 6.84 6.95 7.16 7.04 6.47 6.26 6.44 6.40 5.81 5.39 5.64 5.82 5.95 6.12 6.12 6.28 6.76 6.99 6.82 6.65 6.50 6.37 6.30 6.25 6.21 6.18 6.15 6.11 6.07 6.03 5.98 5.93 5.88 5.81 5.74 5.66 5.55 5.42 5.29 5.14 5.01 4.87 4.68 4.49 4.25 3.96 3.79 3.41 2.59 2.19 2.22 2.23
2.33 4.90 10.23 15.87 16.91 11.44 7.66 7.35 7.13 6.48 5.79 5.75 6.22 6.52 6.58 6.39 6.23 6.28 6.21 6.16 6.34 6.49 6.54 6.14 5.49 5.81 6.65 6.79 6.69 6.62 6.57 6.65 6.62 6.66 6.81 6.86 6.72 6.50 6.54 6.46 5.95 5.52 5.63 5.94 6.16 6.35 6.35 6.56 7.30 7.57 7.22 6.87 6.58 6.42 6.34 6.28 6.27 6.25 6.22 6.20 6.16 6.12 6.07 6.02 5.96 5.90 5.83 5.75 5.64 5.52 5.40 5.26 5.12 4.99 4.83 4.64 4.39 4.08 3.82 3.38 2.69 2.14 2.02 2.27
11.04 11.62 14.15 15.49 12.78 8.38 6.24 5.33 4.92 4.69 4.60 5.20 5.88 6.24 6.40 6.20 6.14 6.37 6.34 6.33 6.55 6.63 6.67 6.33 5.84 6.23 6.90 6.91 6.73 6.70 6.63 6.50 6.39 6.43 6.54 6.72 6.89 6.80 6.73 6.48 6.04 5.83 5.99 6.39 6.71 6.96 7.09 7.39 7.96 8.00 7.46 6.98 6.69 6.45 6.29 6.28 6.31 6.32 6.31 6.29 6.25 6.20 6.16 6.11 6.05 5.99 5.91 5.84 5.74 5.63 5.51 5.38 5.24 5.12 4.98 4.79 4.54 4.24 3.93 3.46 2.76 2.24 2.09 3.03
15.07 13.97 12.44 10.67 8.66 7.12 5.25 3.97 3.71 3.81 4.41 5.16 5.56 5.99 6.27 6.16 6.19 6.49 6.59 6.62 6.79 6.80 6.76 6.68 6.48 6.60 6.93 6.84 6.63 6.73 6.68 6.42 6.25 6.23 6.43 6.72 6.98 7.07 6.91 6.55 6.28 6.27 6.44 6.70 6.96 7.19 7.39 7.75 8.03 7.76 7.19 6.88 6.62 6.23 6.11 6.25 6.36 6.40 6.41 6.38 6.34 6.30 6.25 6.20 6.14 6.07 6.01 5.93 5.84 5.73 5.62 5.50 5.36 5.24 5.11 4.94 4.70 4.42 4.10 3.63 3.06 2.86 2.92 4.32
17.92 14.43 10.07 8.97 8.11 6.66 4.62 3.81 4.09 4.51 5.08 5.30 5.42 5.89 6.25 6.29 6.25 6.63 6.86 6.88 6.99 6.92 6.97 7.21 7.07 6.64 6.60 6.64 6.69 6.82 6.60 6.36 6.14 6.05 6.46 6.87 7.05 7.20 7.11 6.89 6.70 6.59 6.63 6.75 6.94 7.19 7.52 7.88 7.90 7.46 6.95 6.65 6.33 6.01 6.01 6.25 6.44 6.50 6.51 6.48 6.45 6.40 6.35 6.29 6.22 6.16 6.09 6.01 5.93 5.84 5.73 5.62 5.50 5.38 5.26 5.10 4.88 4.62 4.33 3.95 3.61 3.71 4.21 6.03
19.20 14.99 10.13 9.03 8.15 6.79 4.98 4.67 5.36 5.71 5.58 5.24 5.45 5.78 6.23 6.31 6.21 6.70 7.00 7.08 7.10 6.99 7.31 7.85 7.56 6.66 6.39 6.65 6.91 6.80 6.41 6.39 6.27 6.19 6.70 7.03 7.00 7.20 7.40 7.35 7.09 6.78 6.65 6.73 6.97 7.31 7.75 8.05 7.95 7.44 6.83 6.46 6.30 6.17 6.14 6.35 6.55 6.61 6.63 6.62 6.57 6.51 6.44 6.36 6.29 6.23 6.17 6.11 6.03 5.94 5.84 5.74 5.64 5.52 5.40 5.26 5.08 4.88 4.67 4.44 4.32 4.69 5.60 7.79
18.20 14.27 10.41 9.27 8.02 7.03 5.95 5.93 6.67 6.56 5.48 5.19 5.68 5.66 6.07 6.22 6.09 6.74 7.26 7.52 7.37 7.29 8.31 9.38 8.55 6.94 6.44 6.74 6.88 6.62 6.35 6.47 6.51 6.49 6.81 6.97 6.90 7.20 7.62 7.71 7.43 6.96 6.60 6.65 6.99 7.43 7.92 8.12 7.99 7.46 6.78 6.44 6.33 6.30 6.38 6.55 6.70 6.79 6.82 6.79 6.72 6.63 6.52 6.43 6.36 6.31 6.25 6.19 6.12 6.04 5.96 5.86 5.77 5.66 5.55 5.43 5.31 5.18 5.05 4.93 4.95 5.44 6.44 8.26
15.85 13.68 10.92 9.57 8.03 7.21 7.10 6.99 6.93 6.55 5.65 5.75 6.05 5.64 5.90 6.00 5.93 6.88 7.82 8.45 8.26 8.67 11.19 11.88 9.28 6.65 6.15 6.46 6.50 6.44 6.41 6.53 6.66 6.67 6.75 6.89 6.89 7.08 7.59 7.91 7.74 7.21 6.68 6.64 6.97 7.49 8.03 8.18 8.01 7.58 7.02 6.59 6.36 6.44 6.64 6.74 6.90 7.05 7.07 7.04 6.91 6.72 6.57 6.48 6.42 6.37 6.33 6.28 6.22 6.15 6.07 5.99 5.90 5.80 5.71 5.63 5.55 5.46 5.37 5.29 5.36 5.71 6.50 8.10
14.21 13.40 11.44 9.53 8.19 7.44 7.43 7.26 6.61 6.78 7.15 6.79 6.14 5.56 5.44 5.37 5.95 7.34 8.86 10.04 10.48 12.52 14.18 11.87 7.34 5.30 5.39 5.95 6.16 6.30 6.45 6.62 6.75 6.75 6.82 7.03 6.93 6.84 7.29 7.94 8.02 7.55 6.98 6.71 6.93 7.42 7.92 8.26 8.18 7.81 7.39 6.93 6.72 6.79 6.80 6.80 6.94 7.20 7.56 7.57 7.12 6.73 6.57 6.50 6.46 6.43 6.40 6.36 6.31 6.25 6.19 6.11 6.03 5.94 5.88 5.81 5.75 5.69 5.62 5.60 5.69 5.89 6.37 7.39
14.13 12.93 10.65 9.05 8.34 7.61 7.23 7.07 6.60 7.63 8.75 7.42 5.78 5.23 4.95 4.97 6.15 7.91 10.43 13.06 15.08 15.99 13.55 8.38 4.87 4.02 4.71 5.54 5.92 6.20 6.50 6.72 6.80 6.77 6.97 7.24 7.00 6.79 7.06 7.79 8.22 7.89 7.33 6.91 6.96 7.25 7.68 8.31 8.49 8.17 7.80 7.48 7.29 7.08 6.65 6.48 6.74 7.50 8.61 8.35 7.17 6.58 6.50 6.47 6.48 6.48 6.47 6.44 6.41 6.35 6.29 6.22 6.15 6.09 6.04 5.99 5.93 5.88 5.86 5.88 5.97 6.08 6.31 6.98
14.00 12.18 9.88 9.33 9.17 8.27 7.47 7.09 6.88 8.42 9.49 7.51 5.37 4.96 5.00 5.33 6.41 8.08 11.53 16.54 18.02 15.09 8.99 5.12 3.31 3.13 4.22 5.18 5.73 6.16 6.54 6.79 6.90 6.91 7.15 7.42 7.22 7.06 7.12 7.47 8.05 8.05 7.66 7.32 7.13 7.15 7.51 8.23 8.71 8.73 8.39 8.04 7.76 7.22 6.34 6.17 7.14 8.58 9.60 8.67 6.85 6.24 6.32 6.43 6.50 6.53 6.54 6.53 6.50 6.45 6.39 6.33 6.28 6.23 6.19 6.14 6.10 6.08 6.08 6.12 6.20 6.27 6.49 7.04
13.65 12.14 10.33 10.17 10.33 9.83 9.30 8.59 7.66 8.54 9.48 7.56 5.49 5.16 5.31 6.06 7.13 8.83 13.69 18.30 16.65 8.91 4.56 2.77 2.01 2.50 3.94 5.01 5.69 6.20 6.56 6.90 7.15 7.25 7.39 7.55 7.45 7.35 7.30 7.23 7.42 7.84 8.03 7.78 7.38 7.13 7.33 8.00 8.81 9.31 9.13 8.69 8.19 7.36 6.39 6.71 8.46 9.48 9.36 8.03 6.38 5.87 6.10 6.38 6.50 6.57 6.62 6.61 6.58 6.53 6.48 6.44 6.41 6.36 6.32 6.28 6.25 6.25 6.27 6.31 6.38 6.47 6.71 7.08
13.94 12.80 11.26 11.10 11.71 11.75 11.03 9.77 8.25 8.27 9.49 8.54 7.04 6.94 6.88 7.91 9.82 12.55 16.76 17.04 11.26 3.29 1.73 1.42 1.42 2.49 4.06 5.09 5.76 6.24 6.59 7.14 7.64 7.70 7.58 7.56 7.57 7.55 7.52 7.24 6.84 7.20 8.14 8.28 7.61 7.17 7.27 7.87 8.92 9.66 10.08 9.83 8.55 7.39 6.79 7.38 8.78 8.98 8.30 7.45 6.39 5.77 5.95 6.33 6.52 6.64 6.71 6.70 6.66 6.62 6.59 6.56 6.53 6.48 6.44 6.41 6.39 6.40 6.42 6.45 6.52 6.62 6.79 7.05
14.86 13.58 11.80 11.87 12.89 12.47 10.54 8.29 6.97 8.20 9.99 9.54 8.55 8.28 8.30 9.91 11.71 13.79 15.71 12.11 5.77 2.50 1.82 1.59 1.75 3.03 4.40 5.19 5.76 6.17 6.68 7.67 8.42 8.17 7.61 7.52 7.70 7.79 7.79 7.45 6.77 6.64 7.72 8.51 7.91 7.52 7.59 8.06 9.14 10.07 11.35 11.08 8.37 7.12 7.11 7.47 8.22 8.28 7.78 7.33 6.74 5.99 5.97 6.37 6.60 6.73 6.78 6.76 6.72 6.71 6.70 6.68 6.63 6.58 6.55 6.53 6.53 6.54 6.55 6.58 6.63 6.72 6.85 7.04
15.61 14.21 12.37 12.59 13.34 11.92 9.21 6.72 6.01 7.74 9.57 9.07 7.50 5.98 6.32 8.95 10.50 12.07 13.60 9.69 5.15 4.88 3.94 3.04 2.89 3.84 4.70 5.27 5.69 6.16 7.20 8.63 9.17 8.36 7.47 7.50 7.91 8.07 8.02 7.73 7.06 6.61 7.27 8.25 8.29 8.18 8.32 8.83 9.89 11.26 12.37 10.96 7.60 6.67 7.19 7.52 7.90 8.01 7.62 7.31 6.98 6.27 6.17 6.55 6.73 6.82 6.83 6.82 6.83 6.85 6.83 6.77 6.71 6.66 6.66 6.66 6.65 6.65 6.66 6.68 6.72 6.79 6.88 6.99
15.80 15.07 13.63 13.17 12.97 10.93 8.58 6.59 5.86 6.46 7.50 7.66 6.09 5.34 5.97 8.35 9.78 12.70 13.79 8.44 6.69 7.09 6.07 4.73 4.27 4.60 4.97 5.39 5.82 6.61 8.25 9.30 9.21 8.25 7.42 7.64 8.16 8.32 8.24 8.01 7.48 6.93 7.12 8.00 8.65 8.83 9.29 10.19 11.33 12.11 11.43 9.33 7.20 6.50 7.20 7.71 7.77 7.75 7.44 7.26 7.02 6.49 6.47 6.76 6.87 6.90 6.89 6.92 6.98 6.98 6.90 6.82 6.77 6.76 6.77 6.78 6.77 6.76 6.76 6.77 6.80 6.84 6.89 6.95
16.74 16.20 14.54 12.80 11.74 10.42 8.85 7.35 6.39 5.98 6.16 5.44 4.46 5.11 6.52 8.58 10.46 12.88 13.30 10.09 8.60 8.25 8.37 7.23 5.73 5.12 5.13 5.53 6.25 7.33 8.65 9.09 8.93 8.41 7.79 7.91 8.43 8.67 8.56 8.33 7.99 7.39 7.16 8.02 8.95 9.22 9.95 11.05 11.61 11.01 9.43 8.47 7.65 6.87 7.31 7.81 7.75 7.59 7.37 7.25 6.96 6.69 6.78 6.96 7.02 7.00 7.00 7.06 7.10 7.04 6.93 6.87 6.86 6.87 6.89 6.88 6.87 6.86 6.85 6.86 6.86 6.88 6.90 6.92
18.53 17.15 14.17 11.67 10.66 10.34 9.22 8.22 7.47 6.54 5.89 5.03 4.19 4.70 6.80 9.14 11.13 11.83 10.24 10.17 9.89 9.38 10.55 9.75 6.94 4.99 4.98 5.69 6.60 7.65 8.58 8.88 8.98 8.84 8.36 8.36 8.89 9.23 9.03 8.71 8.44 7.83 7.40 7.96 8.80 9.24 10.06 11.04 10.95 10.00 8.94 8.53 8.16 7.56 7.59 7.90 7.99 7.76 7.46 7.22 6.92 6.87 7.10 7.22 7.18 7.13 7.15 7.16 7.13 7.06 6.98 6.94 6.96 6.98 6.99 6.98 6.96 6.96 6.95 6.94 6.93 6.93 6.92 6.91
19.64 16.92 13.10 11.03 10.06 9.51 8.60 8.47 8.15 7.12 6.44 5.64 4.62 4.83 6.77 9.35 10.79 9.95 8.67 8.92 9.77 11.07 12.89 11.15 6.21 4.17 4.97 5.95 6.76 7.79 8.71 9.05 9.22 9.24 9.00 9.10 9.58 9.89 9.66 9.18 8.76 8.31 7.84 7.87 8.59 9.46 10.16 10.59 10.38 9.70 9.20 8.77 8.40 8.19 8.04 8.14 8.18 8.05 7.63 7.19 6.98 7.09 7.41 7.48 7.39 7.31 7.27 7.21 7.11 7.08 7.05 7.03 7.06 7.08 7.08 7.08 7.07 7.06 7.04 7.02 6.99 6.97 6.95 6.92
17.63 15.45 12.60 11.17 9.84 8.94 8.32 8.16 8.00 7.31 7.01 6.32 5.43 5.67 6.86 8.99 10.41 8.87 7.35 7.72 9.80 13.32 13.64 8.75 5.12 4.81 5.74 6.45 7.01 7.99 9.00 9.54 9.73 9.85 9.82 9.92 10.17 10.37 10.43 9.83 9.13 8.79 8.30 7.98 8.58 9.52 9.98 10.09 9.94 9.61 9.45 9.01 8.55 8.60 8.57 8.41 8.14 8.30 8.07 7.34 7.10 7.27 7.58 7.76 7.74 7.52 7.42 7.25 7.04 7.08 7.11 7.11 7.14 7.18 7.19 7.18 7.17 7.16 7.13 7.10 7.07 7.03 6.98 6.93
14.93 13.64 12.16 11.06 9.49 8.69 8.47 8.15 7.70 7.26 7.11 6.51 5.81 6.19 7.20 8.65 9.96 8.73 6.67 8.75 12.87 14.10 11.18 8.18 6.73 6.21 6.68 7.14 7.43 8.25 9.49 10.35 10.63 10.84 10.75 10.53 10.52 10.85 11.29 10.66 9.55 9.10 8.69 8.26 8.41 9.02 9.66 9.86 9.68 9.60 9.53 9.17 8.77 8.75 8.90 8.57 8.19 8.59 8.48 7.62 7.21 7.28 7.65 8.09 8.14 7.78 7.54 7.17 6.85 6.96 7.16 7.23 7.25 7.28 7.28 7.28 7.29 7.27 7.23 7.19 7.15 7.09 7.03 6.96
12.91 12.20 11.21 10.36 9.22 8.54 8.42 8.18 7.68 7.22 6.99 6.54 5.71 5.64 6.69 8.38 9.73 9.14 8.05 10.98 13.82 11.14 9.17 8.79 7.95 7.47 7.56 7.79 7.96 8.76 10.21 11.33 11.75 11.95 11.71 11.18 11.06 11.60 12.06 11.33 9.93 9.23 9.01 8.64 8.47 8.96 9.73 9.89 9.63 9.51 9.34 9.24 9.02 8.88 9.09 8.75 8.55 8.73 8.54 8.08 7.55 7.43 7.78 8.26 8.45 8.02 7.46 6.91 6.52 6.75 7.32 7.53 7.38 7.33 7.37 7.39 7.41 7.39 7.35 7.30 7.24 7.17 7.09 7.00
11.39 10.93 10.13 9.54 8.94 8.45 8.27 8.05 7.74 7.29 6.92 6.62 5.68 5.25 6.16 7.97 9.85 9.62 9.29 11.88 12.65 10.42 9.65 9.45 8.82 8.58 8.76 8.62 8.63 9.70 11.03 12.05 12.79 12.97 12.70 12.23 11.98 12.26 12.37 11.71 10.36 9.51 9.35 9.10 8.91 9.12 9.56 9.64 9.31 9.16 9.15 9.34 9.31 9.12 9.28 9.04 8.78 8.70 8.64 8.56 8.13 7.76 7.78 8.24 8.62 8.17 7.33 6.65 6.26 6.64 7.62 7.90 7.46 7.32 7.42 7.50 7.56 7.55 7.49 7.41 7.34 7.26 7.15 7.04
10.08 9.71 9.13 8.89 8.64 8.36 8.15 7.82 7.73 7.55 7.11 6.80 6.18 6.03 6.57 7.70 9.63 9.85 9.63 10.95 11.34 10.98 10.67 10.12 9.44 9.52 10.17 10.04 9.84 11.04 11.84 12.50 13.62 13.91 13.67 13.52 13.12 12.74 12.56 12.10 11.05 10.13 9.78 9.62 9.31 9.06 9.17 9.19 8.82 8.87 9.24 9.48 9.56 9.42 9.32 9.11 8.85 8.74 8.85 8.84 8.44 7.88 7.73 8.29 8.61 8.19 7.37 6.56 6.17 6.67 7.72 8.04 7.57 7.26 7.36 7.68 7.83 7.77 7.62 7.54 7.48 7.37 7.23 7.08
8.78 8.50 8.17 8.28 8.41 8.29 8.04 7.61 7.67 7.98 7.63 7.22 7.01 6.80 6.90 7.60 8.89 9.42 9.31 9.79 10.03 10.43 10.93 10.48 10.00 10.32 11.31 11.46 11.52 12.58 12.83 13.43 14.22 14.40 14.64 15.18 14.87 13.82 13.30 12.79 11.90 10.73 10.23 10.17 9.69 9.23 9.11 8.96 8.68 8.90 9.48 9.63 9.61 9.58 9.37 9.09 8.86 8.81 8.99 9.00 8.52 7.98 7.99 8.40 8.43 8.18 7.55 6.57 6.13 6.73 7.52 7.88 7.88 7.40 7.50 8.11 8.25 7.87 7.63 7.74 7.74 7.53 7.29 7.10
7.42 7.31 7.25 7.65 8.17 8.18 7.89 7.53 7.70 8.46 8.33 7.87 7.66 7.20 7.15 7.40 8.08 8.65 8.48 8.63 9.34 10.28 10.25 10.00 10.49 10.99 11.85 12.59 13.59 14.33 14.60 14.87 14.24 14.16 16.03 17.85 17.20 15.21 14.00 13.24 12.25 11.09 10.82 10.69 10.01 9.55 9.17 8.88 8.78 8.99 9.58 9.68 9.41 9.47 9.49 9.15 8.81 8.78 8.99 9.05 8.62 8.26 8.35 8.52 8.38 8.18 7.73 6.66 6.07 6.63 7.31 7.68 8.12 8.08 8.15 8.65 8.51 7.77 7.67 8.21 8.26 7.71 7.26 7.07
6.08 6.16 6.43 7.07 7.82 8.07 7.97 7.69 7.84 8.89 9.13 8.49 7.75 7.21 7.27 7.15 7.49 7.85 7.52 7.62 8.95 10.58 9.65 8.63 10.05 11.49 12.01 13.02 15.42 16.64 16.39 15.54 13.09 13.76 18.60 20.96 18.83 15.38 14.04 13.64 12.47 11.60 11.55 11.17 10.54 10.08 9.50 9.17 9.02 8.94 9.30 9.44 9.15 9.23 9.40 9.21 8.86 8.79 8.93 8.93 8.86 8.75 8.62 8.60 8.49 8.07 7.72 6.92 6.07 6.29 7.20 7.79 8.28 8.65 8.75 8.92 8.67 8.04 8.03 8.66 8.68 7.80 7.18 7.00
4.92 5.07 5.74 6.75 7.56 8.05 8.44 8.30 8.47 9.02 9.13 8.33 7.16 7.09 7.62 7.46 7.34 7.11 6.76 7.14 8.80 10.78 9.73 7.59 8.53 10.95 12.06 12.52 16.30 19.10 17.30 15.53 12.41 14.29 21.78 22.65 18.24 14.86 14.80 14.80 12.97 11.99 12.24 11.89 11.13 10.56 10.05 9.64 9.15 8.82 8.93 9.13 9.05 9.03 9.11 9.09 9.01 8.95 8.94 8.78 8.94 9.27 8.96 8.54 8.45 8.00 7.61 7.20 6.31 6.03 6.91 8.06 8.67 8.92 9.13 9.25 9.12 8.69 8.30 8.56 8.69 7.99 7.24 6.91
3.99 4.27 5.53 7.06 8.03 8.58 8.65 8.42 8.34 8.28 8.54 8.23 7.07 7.29 8.27 8.36 7.45 6.04 6.10 7.70 9.75 10.94 9.56 7.28 7.08 9.52 11.60 12.16 16.57 20.40 17.84 15.76 13.70 16.11 23.58 22.49 17.12 15.83 16.73 15.35 12.07 11.81 13.04 12.40 11.31 10.98 10.61 9.77 9.01 8.74 8.81 8.99 9.00 8.87 8.81 8.83 8.98 9.24 9.21 8.72 8.76 9.55 9.35 8.31 8.24 8.18 7.65 7.35 6.69 5.98 6.43 8.16 9.29 9.24 9.37 9.54 9.53 9.11 8.39 8.37 8.64 8.43 7.57 6.84
3.69 4.25 6.14 7.63 8.19 8.26 7.84 7.69 7.80 7.85 8.33 8.33 7.37 7.65 9.01 9.47 7.49 4.58 5.30 8.35 11.06 11.51 9.12 7.08 6.64 8.07 10.34 11.95 17.01 20.86 18.58 16.27 15.09 18.16 24.61 23.17 18.77 18.58 17.44 13.67 11.05 12.62 13.86 12.38 11.49 11.55 10.87 9.67 9.01 8.88 8.83 8.77 8.61 8.60 8.70 8.65 8.72 9.40 9.59 8.69 8.47 9.40 9.42 8.25 8.11 8.48 8.08 7.48 6.83 6.14 6.37 8.22 9.74 9.59 9.51 9.69 9.62 9.25 8.69 8.55 8.66 8.78 7.98 6.83
