windninja/windninja_output/Output_2025-08-24_0200-0250_Google earth_Fire_150m_10min/merlingen_7.5mi_point_08-24-2025_0210_150m_ang.asc
ncols	158
nrows	163
xllcorner	391686.332397
yllcorner	5160024.123721
cellsize	150.000000
NODATA_value	-32768.000000
[rows 0 to 41 of 163, columns 0 to 93 of 158]
288 286 285 286 287 289 291 287 284 285 284 277 261 249 251 260 269 273 277 286 294 289 277 274 278 282 282 276 274 274 273 272 271 270 268 272 275 275 274 273 270 269 269 270 273 276 279 281 280 278 277 276 276 276 275 272 269 268 269 270 269 266 264 262 259 256 256 259 264 267 267 264 261 258 258 258 259 259 261 261 259 255 254 256 258 256 251 249 249 247 244 245 244 241
290 288 288 288 288 288 288 286 284 284 284 280 268 259 259 265 273 279 284 288 294 294 286 280 279 280 281 280 277 275 274 273 273 272 273 273 275 276 276 276 274 273 273 274 276 277 279 281 282 281 278 277 276 274 273 271 270 269 269 270 269 267 266 264 262 260 260 261 264 267 266 264 262 261 260 259 258 259 261 261 258 255 255 256 256 256 253 251 250 249 248 248 247 245
293 291 291 291 289 288 286 285 286 288 289 289 284 276 272 275 280 285 288 289 292 297 297 288 280 278 280 282 280 277 276 276 275 276 278 277 276 277 278 278 279 279 278 279 280 280 280 280 282 282 280 278 275 272 271 272 272 271 270 269 269 269 268 267 266 265 264 264 265 265 265 264 264 264 263 261 258 259 261 260 256 255 257 255 255 257 256 252 251 251 253 253 251 250
294 291 290 291 290 290 291 291 293 295 296 297 293 286 282 282 284 286 286 286 288 293 299 296 286 281 281 281 281 279 278 277 278 280 281 280 279 278 278 280 282 282 282 282 282 283 282 280 278 279 279 277 274 273 273 273 273 272 271 269 269 269 269 267 267 266 266 265 266 265 264 264 265 265 264 262 261 261 260 258 255 254 255 255 257 258 256 252 251 250 251 253 253 252
294 291 290 291 290 293 295 296 296 296 296 299 297 292 288 285 284 285 284 283 284 290 298 301 293 287 285 284 284 283 281 280 281 283 283 282 280 280 281 284 285 285 285 285 284 282 281 279 278 277 276 275 274 273 272 272 272 272 272 271 270 269 269 268 267 267 267 266 266 264 263 264 265 264 263 263 264 264 261 257 255 256 256 256 258 259 258 257 255 251 249 250 253 253
294 293 291 291 291 294 296 296 294 293 294 298 301 295 289 286 282 281 280 280 281 286 295 303 299 292 288 286 285 285 284 282 282 283 283 283 283 285 285 286 287 287 286 284 282 280 279 278 277 275 272 272 272 272 271 272 272 273 273 272 270 269 269 268 268 268 267 267 266 263 261 263 265 265 262 262 263 265 262 256 255 259 260 259 258 258 260 263 264 260 255 253 252 252
293 293 293 293 293 294 294 294 292 292 294 299 303 297 289 286 283 279 279 281 281 284 291 301 301 295 290 288 287 287 286 284 283 282 282 284 286 287 286 285 285 285 283 281 279 278 277 276 275 273 272 271 271 271 271 272 273 273 273 273 272 271 269 268 267 267 268 268 266 263 261 262 265 265 263 261 262 262 259 254 256 261 262 261 259 259 260 264 270 271 268 264 259 256
292 292 294 294 293 292 291 290 290 292 296 301 306 300 290 287 285 282 281 282 282 283 288 296 301 299 294 292 290 288 287 286 284 282 283 284 285 284 283 282 281 280 279 278 277 277 277 275 274 273 272 272 271 270 270 272 273 274 275 275 274 272 269 266 265 266 268 268 266 264 264 264 263 262 262 262 261 259 254 253 259 263 263 261 259 258 259 263 267 273 275 272 268 264
292 292 292 294 293 291 289 288 290 293 298 302 307 303 293 288 287 285 283 283 283 284 286 291 299 303 299 294 292 290 287 286 285 283 282 282 281 280 278 277 277 276 276 277 277 277 276 275 275 274 273 273 272 270 271 273 275 275 275 275 273 272 270 266 264 265 268 268 266 264 265 265 263 261 261 262 261 257 252 255 262 265 266 263 261 260 259 260 264 267 270 270 269 268
292 292 291 292 293 291 290 290 292 295 298 302 306 304 294 288 287 287 287 286 285 284 285 289 295 302 302 296 293 292 289 287 286 284 281 280 278 277 276 274 275 275 276 276 276 276 275 275 275 275 274 273 272 274 274 274 275 274 272 270 269 270 271 269 267 268 269 268 265 261 262 264 264 262 261 260 260 258 255 259 262 265 267 268 267 265 263 264 264 262 261 263 267 266
292 292 292 292 292 292 292 293 294 296 298 300 305 305 297 290 288 289 290 289 287 286 286 288 293 298 303 298 293 292 288 285 285 283 280 278 276 275 275 275 275 275 275 275 274 274 276 274 273 274 275 274 274 275 275 272 271 270 268 266 267 268 270 272 274 273 271 268 263 260 261 263 264 262 260 259 260 262 265 265 264 262 264 268 271 272 270 270 268 262 259 262 265 263
293 293 292 292 292 293 293 294 295 296 297 299 303 305 299 293 291 290 290 291 289 288 286 287 290 293 296 295 291 289 286 283 283 283 280 277 275 275 276 276 275 275 274 273 272 272 272 271 269 270 274 274 273 273 273 270 268 266 265 264 264 266 270 277 279 277 273 268 264 264 265 264 263 262 260 259 261 265 270 271 266 262 261 264 270 273 272 270 267 262 262 264 264 263
293 293 292 292 293 293 294 294 295 296 297 298 301 303 299 294 292 292 291 291 290 288 286 284 284 284 286 288 287 286 285 283 283 282 279 276 276 277 278 277 275 275 273 271 270 267 264 262 263 267 271 271 271 270 271 272 269 265 261 260 263 266 272 279 282 280 277 274 275 274 269 265 264 265 266 265 264 265 268 269 267 265 264 265 268 268 268 267 263 260 262 263 262 263
293 293 293 293 294 294 294 294 294 295 296 298 300 302 298 293 292 293 292 290 290 288 284 280 278 278 282 285 286 285 284 283 282 281 279 277 278 278 278 277 275 272 269 267 266 263 259 256 259 264 268 269 268 268 270 273 272 267 259 258 263 269 273 278 281 280 279 282 287 285 275 270 269 270 272 271 269 268 265 265 268 269 269 267 265 263 265 264 259 259 263 263 260 261
293 293 293 294 294 294 294 294 295 295 296 298 301 303 299 293 292 294 294 290 287 285 281 278 276 279 282 284 284 283 281 282 282 282 282 281 278 275 273 271 269 264 261 263 264 263 263 263 261 260 264 267 267 267 269 272 274 272 265 263 267 272 275 276 276 277 281 284 290 296 290 280 276 273 272 272 272 269 265 267 272 273 271 267 263 262 264 261 255 256 262 263 261 261
293 293 293 294 294 294 294 294 294 295 296 298 300 304 302 295 293 293 294 291 287 285 282 279 278 281 284 284 283 283 283 284 284 282 281 278 273 269 265 263 262 260 261 265 267 266 267 271 268 262 264 267 269 271 270 269 271 274 272 270 271 274 277 275 271 273 278 281 285 297 302 290 281 275 272 273 271 267 267 271 275 273 270 267 263 261 260 258 255 254 258 262 261 261
293 293 293 294 294 294 294 295 295 295 296 297 299 303 304 296 292 291 292 291 289 286 284 282 281 282 284 285 284 285 285 283 279 275 270 268 268 266 264 263 264 266 269 269 269 269 268 269 272 273 271 271 273 273 270 267 266 270 275 274 274 275 276 274 271 271 275 279 282 287 297 295 286 282 280 276 271 269 273 273 271 268 266 264 262 261 258 256 259 260 259 259 258 258
293 293 294 294 294 295 295 295 295 296 296 297 298 301 302 296 291 289 289 289 287 286 285 284 283 281 282 284 285 284 281 276 269 265 264 266 269 269 269 270 271 272 272 270 269 270 270 271 274 278 279 276 274 271 269 267 266 269 274 276 274 274 273 273 273 272 274 277 278 279 285 292 290 289 288 281 276 275 273 269 264 263 263 259 258 258 258 257 262 268 267 260 257 257
294 294 294 294 295 295 295 295 296 296 296 296 297 298 299 296 291 288 286 285 284 284 284 284 282 280 281 282 283 280 275 269 265 265 267 269 271 272 272 272 273 272 271 271 270 270 274 278 277 276 277 277 275 271 270 270 270 270 273 275 273 272 271 272 274 274 273 273 273 276 281 286 286 286 288 286 281 276 269 264 263 264 263 260 256 255 256 258 261 267 271 266 260 259
294 294 294 295 295 295 295 295 296 296 295 295 296 297 296 295 291 287 285 284 284 284 284 284 283 282 281 281 280 278 274 269 266 267 268 269 271 274 275 275 274 273 272 272 272 274 277 279 277 274 274 276 277 276 275 273 271 270 271 273 272 269 270 273 274 274 272 271 273 278 281 282 280 279 281 282 277 271 266 265 265 267 267 264 260 257 256 256 260 264 269 267 262 261
294 295 295 295 295 295 295 295 295 296 296 295 296 296 295 294 291 289 287 287 286 286 286 285 284 282 281 280 279 277 275 270 268 270 273 274 276 278 279 278 275 274 272 272 275 277 276 276 276 275 274 275 278 280 279 276 273 271 269 270 268 267 270 274 275 275 275 274 277 279 278 275 274 275 277 275 268 264 263 265 267 268 267 267 264 260 257 256 259 264 267 265 261 260
295 295 295 295 295 296 296 295 295 296 296 295 295 295 294 293 292 290 289 289 288 287 287 286 284 282 281 280 278 277 276 274 274 277 279 279 278 279 278 276 273 272 272 274 275 275 275 275 277 276 275 276 277 279 280 278 276 273 270 267 266 267 270 274 275 278 279 279 279 276 271 267 268 272 275 275 268 262 260 262 264 265 265 267 267 262 258 257 262 264 264 261 257 258
295 295 295 296 296 296 296 296 295 296 296 296 295 295 294 294 293 291 290 290 289 288 287 286 285 283 281 279 278 278 279 281 281 280 280 279 277 274 273 273 273 272 273 273 273 275 277 278 278 277 276 276 276 277 279 279 278 277 272 266 265 268 270 274 279 282 283 281 275 268 263 262 265 270 274 278 275 265 261 258 258 258 261 265 267 265 261 260 262 263 261 254 253 257
295 295 296 296 296 296 296 296 295 295 296 296 295 294 294 294 293 292 291 290 289 289 288 286 285 283 280 277 277 278 281 285 283 279 277 275 274 272 272 274 275 274 273 272 275 279 279 277 277 277 276 275 275 276 278 280 279 278 275 269 266 268 271 278 285 286 283 277 268 261 259 261 267 271 274 275 276 272 266 259 254 254 256 259 264 268 268 265 263 262 259 249 251 257
296 296 296 296 296 296 296 296 296 296 296 296 295 295 294 294 293 293 291 291 290 289 288 287 285 282 278 274 275 279 283 285 284 279 276 274 272 273 274 276 277 277 275 276 279 279 276 274 275 276 276 275 276 277 278 279 278 277 275 271 268 270 275 281 285 283 277 268 260 257 259 265 272 274 271 266 270 276 273 264 257 254 252 253 258 266 271 269 266 263 256 245 251 257
296 296 296 296 296 297 297 296 296 296 296 296 296 295 294 294 293 293 292 291 290 289 288 287 285 282 276 273 275 279 283 284 285 283 279 274 272 273 277 279 280 280 280 280 279 275 272 273 274 275 276 276 276 278 279 280 278 273 272 272 274 278 281 281 279 275 269 260 254 255 263 273 278 275 267 257 263 274 280 273 265 258 252 250 253 259 264 265 266 265 257 245 249 255
296 297 297 297 297 297 297 297 296 296 296 296 296 295 294 294 293 293 292 291 290 290 289 288 286 283 278 275 276 278 280 283 285 286 282 277 272 273 277 282 283 283 284 282 278 275 272 273 275 276 275 274 275 278 282 283 275 268 270 276 282 285 285 279 272 266 260 253 251 258 269 277 279 273 265 254 257 267 280 284 275 265 257 253 254 255 254 255 260 262 259 251 250 252
297 297 297 297 297 297 297 297 296 296 296 295 295 295 295 294 293 293 292 291 291 291 290 290 288 286 283 279 277 277 277 281 284 286 286 282 277 275 277 283 285 285 286 283 280 279 276 273 274 276 276 274 275 279 283 285 274 268 274 281 284 285 283 276 267 260 253 249 254 264 271 275 275 271 264 255 257 263 272 284 283 273 265 263 260 256 249 249 254 256 257 258 258 254
298 297 297 297 297 298 298 297 297 296 296 295 295 295 295 294 294 293 293 292 292 291 291 291 291 292 291 286 281 276 275 278 283 285 288 290 287 280 280 285 288 288 288 286 284 282 279 274 273 276 279 276 275 277 280 282 277 273 276 282 284 281 276 271 265 259 252 251 262 271 273 272 270 266 260 258 262 263 265 275 284 281 273 269 265 258 252 252 254 253 252 257 264 262
298 298 298 298 298 298 298 297 297 296 296 295 295 295 295 295 294 294 293 293 292 291 291 291 293 296 296 291 285 279 275 275 278 284 292 300 297 288 285 289 291 290 289 287 286 285 282 280 277 278 280 277 275 273 273 275 279 276 276 280 283 279 269 263 261 259 256 258 268 274 275 271 264 259 256 261 265 263 262 268 281 286 280 272 266 260 258 259 257 252 249 253 263 269
299 299 299 298 297 298 298 297 297 296 296 295 295 295 294 295 294 294 294 293 292 292 292 293 295 298 298 293 286 279 274 273 277 286 295 305 303 292 289 291 292 291 289 285 284 285 284 284 282 278 276 275 272 269 267 266 270 276 277 277 278 274 264 257 258 262 263 265 270 274 275 269 261 259 259 263 263 260 260 265 274 284 281 274 267 264 263 262 258 253 249 250 257 268
299 299 299 299 298 298 299 298 297 297 296 295 295 294 294 294 294 294 294 293 293 293 293 294 296 298 298 295 289 281 277 279 282 286 292 304 303 294 290 290 289 287 284 281 280 282 283 283 280 275 273 273 269 266 262 258 264 273 277 276 273 268 258 254 260 267 270 270 270 272 271 266 265 267 266 263 260 258 259 262 267 273 277 275 272 269 267 263 258 255 252 250 252 262
299 299 300 299 298 299 299 298 297 297 296 296 295 295 294 294 294 293 294 293 293 294 294 295 296 299 299 299 297 292 288 287 285 283 286 300 302 293 289 285 282 281 280 279 278 279 281 279 274 272 272 272 271 267 261 259 265 270 273 273 271 264 255 254 261 269 276 276 270 268 267 267 271 272 269 264 261 259 259 261 261 262 268 273 273 271 268 264 259 257 256 254 253 258
300 300 300 299 298 298 299 298 297 297 296 296 295 295 294 294 294 294 294 294 294 294 296 296 297 299 300 301 304 300 293 287 284 279 281 295 302 291 285 282 279 278 278 277 276 277 277 274 271 272 272 272 272 269 264 264 270 271 268 266 267 265 258 256 260 266 275 280 273 268 268 270 272 270 268 266 265 262 260 257 253 253 260 268 271 267 265 263 259 255 254 255 257 261
301 301 301 300 299 299 299 298 297 297 297 296 295 294 294 294 294 294 294 294 294 294 296 297 297 298 300 302 304 300 293 286 283 281 281 290 300 291 282 280 277 274 273 272 273 275 274 271 271 272 272 271 271 270 268 270 274 274 268 263 263 265 266 262 260 262 269 279 280 276 272 269 267 265 266 268 269 268 263 254 248 247 252 261 268 265 260 260 258 254 252 255 259 264
302 302 302 300 300 300 300 298 297 297 296 296 295 294 294 294 294 294 294 294 294 294 296 296 297 298 300 302 303 299 294 291 289 287 283 284 289 287 279 275 272 268 269 270 272 274 274 273 273 273 272 271 270 271 272 274 274 274 271 266 264 265 271 269 261 259 264 274 283 283 275 267 263 262 265 270 270 269 266 260 252 247 248 254 261 266 262 258 256 255 255 256 259 263
303 303 302 301 300 300 299 299 297 296 296 296 295 294 294 294 294 294 294 294 294 294 295 295 296 298 300 303 303 300 299 297 294 288 282 277 277 276 272 268 267 267 269 272 274 274 275 275 275 273 272 272 272 273 275 275 273 272 271 267 266 267 272 276 267 261 263 270 279 279 271 264 263 265 268 269 267 263 264 267 263 253 248 249 254 265 268 259 256 258 259 258 259 261
304 304 303 301 300 300 299 298 297 296 296 296 295 295 294 294 294 294 294 294 294 294 294 295 297 299 301 305 306 302 302 299 293 286 279 274 269 263 263 265 267 271 273 274 275 276 276 276 274 273 275 276 275 274 275 276 273 270 269 268 266 267 271 277 273 266 265 269 272 267 261 262 267 271 269 264 265 261 259 264 266 259 251 248 252 261 268 262 259 260 261 259 260 264
305 305 303 302 301 300 299 298 297 297 296 296 296 295 294 294 294 294 294 294 294 294 294 295 296 298 302 308 307 301 298 296 291 285 279 272 261 258 264 268 271 274 276 277 277 277 279 278 276 275 277 280 278 274 275 278 276 271 269 268 266 264 266 271 273 269 269 270 267 259 259 267 271 269 260 260 267 265 255 257 260 258 253 251 255 258 260 262 262 260 260 260 265 268
305 305 303 302 301 300 299 298 298 298 297 296 295 295 294 294 294 294 294 293 294 294 294 295 296 298 302 306 303 297 293 293 291 286 279 268 259 265 268 270 274 277 279 281 280 278 279 280 279 276 277 281 283 279 277 279 280 275 271 268 263 257 255 261 269 269 269 268 263 261 269 273 270 260 252 262 270 266 254 253 250 250 254 257 260 259 259 262 262 259 256 260 267 267
306 306 304 303 301 300 300 298 298 298 297 296 296 295 294 294 294 294 294 294 294 294 294 294 295 297 300 301 299 295 292 292 291 286 277 268 269 272 272 273 276 279 283 284 282 280 280 282 282 278 276 281 288 287 280 277 278 276 271 265 259 251 249 255 265 268 267 266 264 269 274 271 265 257 256 266 270 262 254 250 244 242 250 258 260 261 262 262 261 258 255 260 263 262
308 307 306 304 302 301 300 299 298 298 297 296 296 296 295 295 294 294 294 294 294 294 294 294 294 296 297 298 298 296 292 291 290 286 280 277 278 279 279 280 281 283 283 283 284 285 283 282 282 280 278 281 287 288 280 273 271 270 267 262 255 250 250 254 260 267 266 265 268 270 267 262 262 261 265 270 268 252 248 248 246 244 248 254 258 261 260 255 256 258 259 258 256 257
