windninja/windninja_output/Output_2025-08-24_0200-0250_Google earth_Fire_150m_10min/merlingen_7.5mi_point_08-24-2025_0230_150m_ang.asc
ncols	158
nrows	163
xllcorner	391686.332397
yllcorner	5160024.123721
cellsize	150.000000
NODATA_value	-32768.000000
[rows 84 to 125 of 163, columns 0 to 93 of 158]
241 237 235 238 237 235 232 230 231 230 228 229 230 232 234 235 235 235 235 235 234 233 231 229 225 223 226 227 227 228 228 227 228 230 234 236 237 236 234 231 228 226 225 225 225 226 226 227 228 227 225 224 225 226 228 230 231 232 232 232 232 232 232 232 231 231 231 231 231 230 230 230 229 229 228 227 225 222 217 207 190 187 198 212 230 237 238 238 238 239 239 238 238 236
243 243 244 244 243 241 237 236 236 234 232 230 229 231 232 233 234 235 236 237 237 236 234 231 227 225 227 229 228 228 227 227 226 227 229 232 234 236 237 235 231 229 228 229 231 233 235 237 238 236 233 231 230 228 229 231 232 232 232 232 232 232 232 232 232 231 231 231 231 231 230 230 230 229 229 227 226 223 218 209 191 184 194 216 236 238 237 238 238 239 240 240 239 238
248 248 248 249 248 245 239 236 236 235 232 229 229 230 232 232 233 236 239 240 241 240 240 238 230 223 224 227 229 229 228 228 226 224 225 225 226 229 232 234 234 231 229 230 231 234 236 238 239 239 238 236 234 232 231 232 233 233 233 233 233 232 232 232 232 231 231 231 231 231 231 230 230 230 229 228 227 225 221 213 194 181 189 218 237 240 239 239 238 238 239 240 240 237
253 253 252 251 247 241 235 231 232 233 231 229 230 229 231 232 231 234 238 240 240 238 239 236 221 212 217 223 226 227 227 228 228 226 226 225 223 224 226 228 229 229 229 229 231 233 235 237 238 239 239 238 236 235 235 235 236 236 235 234 233 233 232 232 232 232 232 231 231 231 231 231 231 230 230 229 228 227 225 219 203 181 184 219 237 239 240 242 241 242 244 243 242 237
255 254 250 244 236 230 227 227 229 232 232 230 228 226 226 227 228 231 234 235 233 228 224 216 204 202 213 221 224 225 226 228 229 230 231 231 228 227 227 227 227 226 226 228 229 231 233 235 236 236 235 236 236 236 236 236 238 239 239 237 235 233 232 232 232 232 232 232 232 232 231 231 231 231 231 230 230 229 228 225 217 200 201 247 250 244 242 243 244 246 248 247 245 243
253 249 241 237 232 228 227 228 228 230 232 229 224 223 224 224 225 229 231 231 225 216 212 208 200 201 212 220 223 225 226 227 228 229 231 234 234 233 233 233 232 229 227 227 228 230 232 233 234 234 232 231 231 231 230 231 234 238 242 241 236 232 232 232 232 232 232 232 232 232 232 232 232 232 232 232 232 231 231 230 228 229 250 277 273 265 257 252 249 252 253 249 246 247
249 245 238 237 236 233 229 227 224 225 229 226 220 221 223 222 222 225 228 229 219 209 208 207 202 203 213 219 223 225 226 227 228 228 229 231 232 233 233 234 234 233 231 230 231 232 232 233 234 234 233 231 229 227 226 228 231 235 239 239 233 230 231 231 232 232 232 232 232 232 232 232 232 232 232 233 233 233 233 234 235 239 252 272 278 277 271 263 260 261 257 248 248 250
244 239 231 229 228 227 223 219 217 221 227 224 217 216 216 215 216 219 224 226 214 204 208 209 204 206 214 220 223 226 227 228 229 229 229 230 230 230 230 230 231 232 233 233 233 233 234 235 236 236 235 234 232 228 224 225 228 229 230 229 225 226 230 231 232 232 232 233 233 233 233 233 233 233 233 233 234 234 235 236 239 243 250 262 270 273 272 269 267 265 258 252 257 259
238 231 222 218 217 214 207 201 203 213 221 219 214 213 213 213 212 211 214 216 210 203 210 212 208 210 217 222 225 227 228 229 230 230 230 230 229 229 230 230 230 231 232 234 235 235 237 238 239 241 241 239 236 232 224 222 226 227 229 228 224 224 228 231 232 233 233 233 233 233 233 233 234 234 234 234 235 235 236 238 240 244 251 262 269 271 272 271 269 264 258 261 266 266
232 226 218 215 214 210 204 198 197 207 214 210 203 201 202 205 203 201 209 216 214 203 208 212 211 214 220 223 226 228 230 232 233 232 230 230 230 230 230 229 229 229 231 233 235 237 238 239 240 242 243 244 238 233 228 229 235 237 236 233 229 226 228 231 232 233 233 233 234 234 234 234 234 234 235 235 236 237 238 239 241 244 250 259 268 273 274 274 270 263 260 263 266 266
224 221 217 216 217 214 210 203 198 206 212 209 202 199 199 204 205 207 217 224 217 208 209 213 214 218 222 224 226 229 232 235 236 233 230 230 230 231 230 229 226 225 228 230 230 232 234 235 237 237 239 239 232 229 232 237 244 245 242 238 235 230 230 232 233 234 234 234 234 234 235 235 235 235 235 236 236 237 238 240 241 244 248 253 260 267 270 270 266 261 260 260 260 260
213 216 217 219 222 220 215 208 203 210 219 218 215 215 215 222 223 231 233 227 220 219 219 222 221 223 224 225 226 227 230 232 232 230 229 230 232 232 231 230 226 222 224 226 225 225 226 227 230 230 232 231 226 226 232 236 240 242 241 239 236 233 232 233 234 234 234 235 235 235 235 235 235 235 236 236 237 238 239 240 242 244 246 250 253 257 260 261 260 258 256 256 255 255
197 211 219 220 223 221 218 214 215 228 241 239 236 236 241 247 246 249 243 224 226 231 234 236 232 228 225 225 225 224 226 229 230 230 230 231 233 233 232 231 228 224 224 226 224 222 222 222 224 227 230 230 227 227 232 236 239 241 241 240 238 235 234 235 235 235 235 235 236 236 235 236 236 236 237 237 238 238 239 240 242 243 245 247 249 251 253 254 254 254 253 252 252 252
177 202 220 223 226 226 224 222 224 234 246 248 248 244 248 251 255 255 243 227 230 237 243 246 238 227 223 224 225 227 231 234 234 233 232 233 235 235 234 232 230 226 225 228 229 227 226 228 230 233 234 233 231 229 232 235 239 241 242 242 241 239 238 238 237 236 236 236 236 236 236 236 236 237 237 238 238 239 240 240 241 243 244 245 247 248 249 250 250 250 250 249 249 249
157 194 228 234 238 237 233 231 231 235 244 252 259 262 262 263 261 255 243 234 232 236 241 240 224 215 219 225 229 233 238 239 238 236 234 235 237 239 237 234 231 228 225 229 233 235 237 239 240 239 237 235 233 232 233 234 236 238 239 240 241 241 242 242 240 239 238 237 237 237 237 237 237 238 238 238 239 239 240 241 241 242 243 244 245 246 247 247 247 248 247 247 247 247
141 196 244 248 252 252 250 248 245 244 247 251 256 264 267 265 261 254 246 237 231 231 233 229 216 214 222 228 232 236 239 240 240 239 236 235 236 238 238 236 233 230 227 227 231 234 236 238 238 236 235 234 232 232 232 233 234 236 237 237 236 238 241 243 243 242 241 239 238 238 238 238 238 238 239 239 239 240 240 241 241 242 243 243 244 245 245 245 245 246 246 246 246 246
166 208 245 251 254 254 256 257 254 251 251 251 253 261 266 263 260 257 246 234 232 235 234 229 223 224 228 231 234 238 241 243 245 244 241 239 237 237 238 237 234 231 228 226 228 232 234 235 235 233 233 232 231 230 230 231 232 234 235 234 233 233 235 239 242 243 243 241 240 239 239 239 239 240 240 240 240 241 241 241 242 242 242 243 243 243 244 244 244 244 244 244 244 244
198 219 242 248 251 253 254 255 254 252 251 249 248 248 250 250 247 244 236 232 238 241 238 233 231 232 234 236 238 240 244 247 249 250 250 247 243 240 239 237 234 232 229 226 228 232 234 234 233 232 232 231 230 231 231 230 229 231 232 232 232 233 234 235 238 239 241 241 241 241 241 241 241 241 241 241 241 241 242 242 242 242 242 243 243 243 243 243 243 243 243 243 243 243
217 228 242 246 248 250 252 251 250 249 248 246 242 236 232 232 233 231 225 231 238 239 237 236 236 237 240 241 242 244 246 248 250 252 254 253 250 246 244 240 235 232 231 228 227 228 230 230 230 230 230 230 230 229 231 230 229 230 230 230 229 230 232 234 236 237 237 238 240 242 245 246 245 243 243 243 243 243 243 243 243 243 242 242 243 243 243 243 243 243 242 242 242 242
226 231 239 243 245 247 248 248 248 248 247 245 240 234 231 232 233 231 229 236 238 235 236 239 238 238 242 245 244 245 247 247 249 251 252 254 255 254 250 246 241 236 234 231 227 227 229 229 229 229 230 231 230 228 228 228 228 229 229 229 228 227 229 232 234 235 235 235 236 238 244 248 249 247 246 246 246 245 245 244 244 244 243 243 243 242 242 242 242 242 242 242 242 242
231 233 237 241 244 246 247 248 248 249 249 248 245 245 248 249 247 243 244 247 241 235 235 237 236 237 239 241 243 246 248 248 248 249 250 253 256 258 255 250 245 240 236 233 229 228 230 230 229 229 230 230 230 230 229 228 228 228 229 230 229 229 229 231 233 233 232 231 230 233 238 244 249 253 254 253 252 250 248 247 246 245 244 243 243 242 242 242 242 242 242 241 241 241
234 235 237 240 244 246 248 248 248 249 252 253 255 256 258 259 258 255 252 249 242 237 236 235 233 233 235 238 240 244 247 249 249 248 249 252 255 254 252 248 244 239 236 235 231 227 228 228 227 227 227 227 228 229 230 230 228 228 229 230 230 229 230 232 233 233 232 229 227 230 234 237 240 246 251 254 256 256 254 253 251 249 246 244 243 243 242 242 242 242 241 241 241 241
237 236 237 238 240 243 245 245 245 246 248 248 249 250 252 254 254 252 248 242 239 240 237 231 230 231 232 235 238 242 245 247 246 244 246 251 253 250 248 246 243 238 236 235 231 226 225 226 226 226 227 226 225 226 228 228 229 229 229 230 230 229 230 231 232 232 232 229 226 229 232 234 235 236 238 244 249 251 252 255 257 254 249 246 244 243 243 242 242 241 241 241 241 241
236 235 234 236 238 240 241 240 237 236 235 234 234 237 242 246 247 247 243 238 237 239 236 227 225 227 229 229 234 241 243 243 239 236 243 250 251 246 244 245 240 235 234 232 228 224 220 221 223 225 228 228 227 226 227 226 227 228 229 229 230 230 230 230 230 230 231 229 226 227 230 232 234 234 236 239 242 242 243 247 253 256 253 249 246 244 243 243 242 242 241 241 241 241
235 234 233 234 235 233 230 228 225 227 231 233 233 234 237 240 241 239 237 235 236 238 235 226 221 224 225 223 228 237 240 239 233 229 241 249 246 239 239 239 234 231 232 228 224 221 216 215 219 222 226 228 228 228 227 226 226 227 227 227 228 230 230 230 231 230 230 229 227 225 227 231 234 235 236 237 238 239 241 244 247 250 254 253 248 245 244 243 243 242 242 242 242 241
235 234 232 231 228 226 226 226 227 231 235 236 234 233 236 238 236 229 227 231 236 239 236 227 219 219 221 220 226 236 236 233 228 226 241 248 242 235 233 231 228 231 234 228 222 220 214 209 213 219 222 224 226 227 227 227 226 227 226 225 225 228 229 228 230 232 231 230 227 224 226 231 233 234 235 235 236 238 241 243 245 246 249 252 251 248 246 245 244 244 243 243 243 242
234 232 231 231 231 232 233 235 236 235 236 236 233 232 235 237 233 220 219 226 235 241 237 227 218 215 217 217 224 232 233 229 225 227 239 245 237 232 229 224 221 226 232 228 221 219 214 205 207 214 219 221 223 225 226 226 226 227 227 225 224 227 228 227 228 231 232 231 228 224 223 228 232 232 234 236 237 238 239 242 244 246 247 248 251 251 249 247 246 245 245 245 245 245
232 232 233 235 236 237 238 238 237 235 235 237 236 232 233 235 229 211 212 222 231 239 238 224 218 216 212 210 216 225 230 230 224 225 234 237 232 228 224 217 214 219 225 224 218 217 213 204 201 208 215 219 222 225 226 224 224 227 229 227 225 227 228 226 226 228 230 230 228 225 224 228 232 232 233 235 237 237 239 241 243 246 246 246 246 248 250 250 250 249 249 249 249 248
236 236 237 237 237 236 235 234 234 232 231 233 234 230 231 234 227 206 206 214 222 231 236 223 216 219 214 209 210 218 224 228 224 225 233 234 229 226 220 216 216 221 225 224 216 212 211 206 199 202 209 214 218 223 225 224 223 225 227 227 225 225 227 226 224 225 226 227 227 226 226 229 232 232 233 235 235 234 235 238 241 245 245 244 243 243 246 249 251 253 254 254 251 249
238 238 238 238 238 236 234 232 230 227 225 228 230 226 228 233 226 200 196 204 213 224 231 226 217 223 221 217 212 212 219 224 226 231 238 238 233 228 221 218 218 221 225 227 218 208 208 205 198 195 200 207 213 220 224 224 222 223 226 226 224 223 224 226 225 224 224 224 224 223 224 227 230 230 231 234 234 234 233 234 238 242 243 244 243 240 241 244 246 249 253 253 249 246
236 236 236 236 235 234 233 231 228 225 224 226 226 222 225 232 224 194 185 196 205 217 225 226 221 220 219 218 217 213 213 220 227 234 241 242 236 229 222 216 214 215 219 222 216 204 200 200 199 194 193 196 205 216 222 223 221 222 224 225 224 221 222 225 224 222 222 223 223 222 221 224 228 229 229 232 234 234 233 233 236 239 238 238 238 235 235 238 238 243 247 247 244 243
233 233 233 232 231 230 229 229 228 226 226 225 221 218 223 230 222 193 181 191 202 210 215 218 219 217 215 214 216 213 207 214 224 233 238 235 229 224 221 214 209 210 214 218 214 204 199 200 202 198 191 187 194 209 219 222 222 222 223 225 223 220 221 224 223 220 221 222 223 222 221 223 228 231 231 231 232 234 233 232 236 238 235 232 232 228 228 232 235 242 244 241 237 237
230 231 231 231 230 229 227 225 226 227 227 224 216 213 220 229 224 198 183 188 198 202 203 209 215 217 214 212 218 212 200 204 216 228 235 230 221 216 214 211 206 209 214 217 216 209 204 203 202 200 193 185 186 200 215 222 223 222 222 224 223 220 221 224 223 220 219 221 222 221 220 221 224 228 232 233 233 233 233 234 237 240 236 230 229 226 224 229 235 240 241 237 232 231
229 231 232 232 231 229 225 221 222 224 227 223 211 208 218 228 227 202 181 180 188 193 195 201 208 211 211 211 216 212 201 201 209 220 224 220 212 207 207 207 205 208 213 216 217 211 203 199 198 198 195 187 184 192 208 219 223 222 222 224 223 219 220 222 222 219 218 220 220 220 219 218 219 223 227 231 232 232 232 233 237 240 236 229 227 226 224 228 234 237 236 233 229 229
230 231 232 232 231 228 223 219 220 222 225 222 209 204 215 226 229 208 178 171 175 185 191 195 200 205 203 203 209 211 208 202 202 213 219 217 210 203 202 204 205 208 211 215 217 212 202 198 197 198 198 191 186 187 200 216 222 222 221 223 222 219 219 220 219 217 216 217 219 219 218 217 217 219 223 226 227 229 231 231 234 237 235 228 226 226 225 228 232 233 231 228 225 229
231 230 231 233 232 227 223 222 224 223 225 224 210 203 213 223 228 218 184 166 166 178 188 194 198 200 198 199 205 208 206 201 202 215 225 225 218 207 205 207 207 208 211 212 212 210 205 201 199 200 201 196 189 186 195 212 221 222 221 222 222 219 219 220 218 216 215 215 218 219 219 216 215 216 220 223 224 226 229 232 235 237 234 228 227 227 226 227 230 229 228 225 223 228
230 229 229 232 234 230 228 228 229 224 223 226 214 203 209 219 227 224 200 174 164 170 183 193 200 203 204 206 207 207 208 209 216 229 235 234 227 219 216 215 214 212 211 211 211 210 207 202 199 201 202 199 192 187 192 208 220 222 221 221 221 219 221 224 225 227 226 220 219 220 219 217 215 215 217 219 222 224 227 232 235 236 234 229 228 228 226 227 228 228 227 224 221 226
228 227 225 225 226 225 227 230 232 226 221 227 218 199 203 213 224 225 212 194 176 166 173 191 203 206 207 210 214 219 225 231 236 238 240 237 234 232 227 225 223 220 219 219 219 217 213 209 204 204 203 201 195 189 191 203 217 221 221 222 223 223 226 231 234 241 245 239 227 223 220 218 217 216 215 215 218 221 224 228 231 233 232 229 228 227 225 225 226 227 226 221 218 222
222 222 220 217 216 216 217 222 227 225 221 228 222 197 197 207 220 226 220 210 197 180 175 186 205 210 211 215 223 230 234 240 242 242 244 242 239 238 231 228 230 230 230 228 226 225 223 218 212 209 207 204 197 191 192 200 214 220 221 224 227 229 232 233 230 233 238 241 238 230 225 221 219 217 214 212 214 216 219 222 225 229 229 225 224 223 221 221 223 225 223 217 216 223
220 222 221 217 214 215 215 218 222 223 221 230 227 200 196 206 218 225 225 221 213 201 192 191 206 215 218 225 233 235 236 244 247 246 248 245 240 239 235 227 229 233 233 230 227 227 225 219 213 211 209 206 199 193 194 201 215 225 228 229 230 230 230 227 224 226 228 230 233 234 231 227 223 219 215 212 210 212 215 217 219 223 224 222 222 222 219 218 222 224 221 214 216 225
222 223 223 218 216 217 216 217 221 220 220 230 229 208 201 206 216 221 223 225 223 215 202 198 201 206 212 220 227 230 234 245 248 248 250 247 242 241 238 229 227 231 233 233 229 226 223 217 211 209 209 207 201 194 196 203 216 228 233 232 228 225 223 221 221 224 225 226 228 229 234 239 236 228 221 214 209 209 212 212 214 219 222 221 221 221 217 217 223 225 220 212 213 224
218 220 220 216 213 215 216 216 218 216 218 227 230 216 209 211 213 214 215 218 222 221 210 201 198 196 195 198 210 221 231 244 249 249 250 249 244 243 241 233 229 230 233 236 234 229 224 217 210 209 211 210 204 197 196 201 210 219 224 222 218 219 218 216 219 222 224 225 226 226 229 239 247 245 236 223 214 210 212 212 213 220 223 222 221 220 215 216 222 223 218 210 213 224
