windninja/windninja_output/Output_2025-08-24_0200-0250_Google earth_Fire_150m_10min/merlingen_7.5mi_point_08-24-2025_0230_150m_ang.asc
ncols	158
nrows	163
xllcorner	391686.332397
yllcorner	5160024.123721
cellsize	150.000000
NODATA_value	-32768.000000
[rows 42 to 83 of 163, columns 0 to 93 of 158]
225 225 225 225 225 226 225 225 225 224 224 224 224 224 224 223 223 223 223 223 223 222 222 222 222 220 220 220 219 221 224 224 223 220 216 214 216 218 216 215 215 216 217 216 214 211 212 214 215 217 223 223 216 213 220 225 224 223 228 232 230 224 223 223 223 223 223 223 221 217 217 219 218 209 209 213 203 193 196 208 215 216 219 223 223 220 216 216 218 220 223 227 232 235
226 226 226 225 225 225 225 225 225 225 224 224 224 224 224 224 224 223 224 223 223 222 222 222 222 221 221 220 220 221 224 224 222 217 212 209 211 213 212 213 218 220 220 219 216 215 218 221 222 224 228 226 218 215 220 225 226 226 229 232 232 229 226 224 223 222 218 217 216 211 210 212 212 206 207 208 201 195 199 208 214 216 220 223 222 219 218 220 223 224 225 226 232 236
226 226 226 226 226 226 226 225 225 225 224 224 224 224 224 224 224 224 224 223 223 223 222 222 222 222 221 221 221 222 223 223 221 216 212 209 212 215 217 218 221 223 224 223 220 219 222 224 224 223 224 222 217 215 220 225 226 226 228 230 230 229 228 226 226 224 220 217 213 209 208 211 211 209 210 209 202 198 203 211 215 216 219 223 223 220 220 224 227 228 228 229 236 240
227 227 226 226 226 226 226 226 225 225 225 225 224 224 224 224 224 224 224 223 223 223 222 223 223 222 222 222 222 222 222 222 220 217 213 213 215 219 221 221 221 224 227 225 219 219 223 224 223 222 222 222 221 220 223 226 227 228 228 228 227 226 225 223 225 225 223 220 213 212 215 217 218 217 216 213 205 201 206 211 213 216 222 227 225 222 223 225 228 230 231 233 240 241
227 227 226 226 227 227 227 226 226 225 225 225 224 224 224 224 224 224 224 224 223 223 223 223 223 223 223 223 223 222 222 222 221 218 215 216 218 220 221 221 222 226 228 224 219 221 224 224 223 222 223 223 223 224 227 228 228 229 228 225 222 222 222 221 223 225 224 222 217 216 221 223 224 223 220 215 207 202 206 212 216 222 229 231 228 224 224 225 227 230 232 236 240 238
228 227 227 227 227 229 228 227 226 226 225 225 224 224 224 224 224 224 224 224 224 224 224 224 224 224 223 223 223 223 223 223 222 220 219 218 219 220 220 222 224 226 227 222 219 223 225 226 224 222 223 223 224 225 225 225 227 227 227 223 218 221 224 224 227 228 226 223 219 218 222 224 226 225 222 217 210 206 211 219 226 230 232 230 227 225 225 225 227 229 231 235 236 234
228 228 227 226 228 230 230 228 227 226 226 225 225 225 225 225 225 225 225 225 224 224 224 224 224 224 224 223 223 223 223 223 223 222 221 219 221 222 222 223 225 227 226 221 220 224 226 226 224 221 222 224 226 228 226 225 227 226 224 218 216 223 229 230 232 231 227 223 221 221 223 225 226 225 222 218 214 213 217 224 229 230 229 226 223 222 223 223 224 226 229 233 233 231
229 228 227 226 228 231 231 229 227 226 226 226 225 225 225 225 225 225 225 225 225 224 224 224 224 224 224 223 223 223 223 223 223 222 221 219 220 222 222 223 226 228 226 222 223 227 228 225 223 220 220 223 226 226 224 224 226 225 221 217 217 225 231 234 234 231 226 223 222 222 223 224 224 223 221 218 215 214 217 222 225 226 225 223 221 220 220 219 221 224 227 231 232 231
231 229 226 226 228 230 230 229 227 226 226 226 225 225 225 225 225 225 225 225 224 225 224 224 224 224 224 224 224 224 224 224 223 223 222 221 221 222 222 223 225 226 225 222 226 231 229 226 225 224 223 226 225 222 221 222 224 223 220 219 222 228 235 238 235 229 225 223 223 224 225 225 224 222 220 217 214 213 217 221 224 224 223 222 220 219 218 219 222 225 227 229 231 231
234 231 226 225 228 228 228 228 227 226 225 225 225 225 225 226 225 225 225 225 225 225 224 224 225 224 224 224 224 224 224 224 224 223 223 223 223 224 223 223 224 226 225 222 227 231 229 225 227 227 226 227 226 223 222 225 226 224 222 222 225 230 238 241 235 227 224 222 222 224 225 225 223 221 220 218 215 214 217 221 223 225 226 224 222 221 221 223 226 227 227 229 231 232
236 232 226 227 229 229 227 228 228 225 224 225 225 225 226 226 226 225 225 225 225 225 225 225 225 225 225 224 224 225 224 224 224 224 224 224 224 224 224 223 224 227 226 223 226 230 227 222 223 221 218 219 221 222 225 229 228 225 224 225 227 231 239 241 233 224 221 220 222 223 223 222 220 219 220 219 218 216 219 221 223 225 228 228 228 227 226 227 228 228 228 229 230 230
235 232 226 226 229 228 226 228 229 226 225 226 226 226 226 226 226 226 226 226 226 225 225 225 225 225 225 225 225 225 225 225 225 225 225 225 225 224 224 223 224 227 226 223 224 227 223 217 218 216 215 217 220 222 228 231 227 224 224 226 228 232 240 239 229 221 217 217 220 221 220 218 217 219 220 220 219 220 223 224 223 225 226 227 228 231 231 228 228 229 229 228 226 226
232 231 227 225 228 227 224 227 229 229 227 226 227 226 226 226 226 226 226 226 226 226 226 226 225 225 225 225 225 225 225 225 225 225 225 225 225 225 225 224 224 228 228 225 224 225 220 215 216 216 216 220 223 226 232 231 223 221 223 225 227 232 238 236 225 216 212 211 215 217 216 216 218 220 221 221 219 221 225 224 222 223 224 222 223 227 229 229 228 227 228 227 224 223
229 230 229 228 231 231 228 228 229 229 228 227 228 227 227 227 227 226 226 226 226 226 226 226 226 225 225 225 225 225 225 225 225 225 225 225 225 225 225 225 227 230 231 229 227 224 220 215 216 215 216 222 224 227 234 230 220 219 222 225 227 230 234 232 223 214 210 209 213 216 216 218 221 221 221 220 219 221 223 221 219 220 221 220 220 222 222 223 225 227 230 229 225 224
230 231 231 230 232 234 233 230 230 231 229 228 228 228 227 227 227 227 227 226 226 226 226 226 226 226 226 226 226 226 226 226 226 226 226 226 226 226 226 226 227 229 230 228 226 223 219 216 216 213 215 223 225 229 234 227 217 219 222 225 227 230 232 231 224 214 210 211 215 219 219 220 220 219 219 218 218 220 220 218 217 219 221 221 220 221 220 219 221 226 233 234 229 225
231 231 230 229 228 230 231 230 230 231 228 226 227 228 228 228 228 227 227 227 227 226 226 226 226 226 226 226 226 226 226 226 226 226 226 226 226 226 226 226 227 227 228 227 226 224 222 220 218 213 215 225 228 233 235 225 215 218 222 224 227 230 233 231 225 215 211 212 216 219 219 219 219 218 217 215 216 218 217 216 216 218 220 222 223 225 224 222 221 223 229 229 222 222
232 231 230 229 228 228 229 229 229 231 228 225 226 228 229 229 229 228 227 227 227 227 227 227 226 226 226 226 226 226 226 226 226 226 226 226 226 226 226 227 227 227 227 227 227 227 227 225 223 215 216 226 231 234 234 224 215 220 224 226 227 230 232 231 225 217 210 209 212 215 216 217 218 217 216 214 214 216 214 213 214 217 220 222 225 227 227 226 224 223 225 225 220 226
231 231 230 231 230 230 230 229 230 232 231 227 227 228 229 229 229 229 228 227 227 227 227 227 226 226 226 226 226 226 226 226 226 226 226 227 227 227 227 227 227 227 227 227 227 227 227 227 225 219 215 225 232 234 232 224 219 224 228 228 229 230 231 230 226 219 211 206 208 215 216 216 217 216 214 213 215 215 214 214 215 218 220 221 222 224 225 225 224 225 229 230 228 232
231 231 231 231 231 231 232 232 232 232 231 227 226 227 227 227 228 229 229 228 227 227 227 226 226 227 227 227 227 227 227 227 227 227 227 227 227 227 227 227 227 227 227 227 227 227 227 226 225 221 216 225 234 235 232 225 223 229 231 230 230 231 232 231 227 221 212 205 210 217 218 217 217 216 213 213 215 215 215 216 217 219 221 221 221 223 224 224 226 230 232 232 231 231
231 231 231 231 231 231 232 233 233 231 229 226 225 226 226 226 227 228 229 228 228 228 228 227 227 227 227 227 227 227 227 227 227 227 227 227 227 227 227 227 227 227 227 227 227 227 227 227 226 224 220 228 239 239 233 228 230 234 234 233 233 232 232 231 227 222 214 208 213 218 217 216 217 215 213 213 216 215 216 217 218 220 223 223 224 224 225 226 230 233 231 230 230 228
233 233 233 233 231 231 231 232 232 231 230 227 226 226 226 226 226 226 227 228 229 229 228 228 227 228 228 228 227 227 227 227 227 227 227 227 227 227 227 227 227 227 227 227 227 227 227 227 227 226 224 228 239 240 234 232 236 238 236 235 233 232 231 229 227 223 215 210 214 217 216 217 217 215 213 214 216 216 216 216 218 220 223 226 226 228 231 232 234 233 230 231 231 228
236 236 236 235 233 232 232 232 231 231 231 229 227 227 226 226 227 226 226 227 228 228 228 227 227 227 228 228 227 227 227 227 227 227 227 227 227 227 227 227 227 227 227 227 228 228 228 228 228 228 226 227 235 236 230 231 237 238 236 233 230 228 228 229 231 227 219 215 216 215 215 217 217 214 211 213 214 215 214 215 218 220 222 225 226 229 234 236 237 234 230 231 230 229
239 238 237 236 235 235 235 234 233 232 231 231 227 225 226 226 227 226 225 226 226 227 228 228 227 228 229 228 228 228 228 228 228 228 228 228 228 228 228 228 228 228 228 228 228 228 228 228 228 228 228 229 233 235 228 230 236 236 234 232 227 226 230 236 239 233 223 217 215 214 214 216 217 213 210 211 212 211 210 212 216 218 221 223 226 232 235 235 235 230 228 229 228 229
238 237 235 235 235 235 235 236 236 235 234 233 229 225 226 227 227 226 225 226 226 226 227 228 228 228 229 228 228 228 228 228 228 228 228 228 228 228 228 228 228 228 228 228 228 228 228 229 229 229 230 231 234 237 232 231 236 235 233 231 227 226 231 235 233 226 218 214 214 214 214 217 218 214 210 209 209 208 207 212 217 219 222 223 227 234 236 233 229 225 225 227 228 230
232 232 232 233 234 234 232 231 233 233 233 232 230 226 226 226 227 227 227 226 225 224 225 227 227 228 229 228 228 228 228 228 228 228 228 228 228 228 228 228 228 228 228 228 228 228 229 229 229 230 230 232 234 237 238 239 241 239 235 232 225 220 224 227 224 220 216 214 214 215 215 218 218 213 209 206 207 207 207 212 216 218 219 219 225 232 233 229 225 224 224 225 227 230
220 223 226 228 231 232 227 227 230 232 233 231 228 226 225 226 227 227 227 227 225 223 224 225 225 227 230 231 231 230 229 228 228 228 228 228 228 228 228 228 228 228 228 228 229 229 229 229 230 230 231 232 233 235 239 244 250 249 244 237 225 217 222 225 224 221 218 216 216 216 216 219 218 213 208 207 206 205 205 208 211 213 215 216 227 236 234 227 225 224 223 224 228 230
203 214 220 220 222 222 217 219 227 231 231 228 227 225 224 224 227 227 227 228 227 225 224 224 223 224 228 232 233 232 231 230 229 229 229 228 228 228 228 228 228 228 228 229 229 229 229 229 230 230 231 232 233 234 237 241 247 251 250 243 232 226 229 230 227 222 220 217 216 216 216 219 220 214 209 208 206 203 202 206 210 214 220 225 239 244 235 225 224 224 224 225 229 230
199 212 223 222 223 221 215 213 221 224 221 218 218 218 218 219 222 226 228 228 228 228 227 226 223 222 227 232 233 233 232 231 230 229 229 229 229 229 229 228 229 229 229 229 229 229 229 230 230 230 231 231 232 233 235 237 240 243 246 244 240 237 240 238 233 227 224 220 217 215 216 220 221 214 209 209 207 203 202 207 214 221 228 236 249 247 232 224 224 223 223 225 227 228
216 226 240 243 241 235 225 219 224 226 220 216 216 216 216 217 219 223 226 227 228 229 229 229 225 222 227 231 230 231 232 232 231 230 229 229 229 229 229 229 229 229 229 229 229 229 230 230 230 230 231 231 232 233 234 235 236 238 239 240 239 241 246 248 246 241 234 228 222 218 218 222 220 212 209 211 209 205 203 210 220 229 235 244 252 244 228 224 223 223 222 223 224 224
228 233 244 253 255 251 245 240 242 240 233 229 228 226 223 221 221 223 223 224 226 228 230 230 224 220 225 228 227 227 229 230 231 231 230 230 229 229 229 229 229 229 229 229 229 229 230 230 230 230 231 231 232 232 233 234 234 235 236 236 237 238 241 244 247 249 248 243 235 227 223 224 222 213 210 212 211 207 205 214 226 234 240 250 249 234 223 222 223 224 223 223 222 220
235 237 243 247 250 250 250 251 254 251 244 242 242 238 235 231 228 226 225 223 223 225 227 227 221 218 224 228 227 226 226 227 230 231 230 230 230 229 229 229 229 229 229 229 229 230 230 230 230 231 231 231 232 232 232 233 233 234 234 234 235 235 236 238 240 242 244 246 246 243 238 236 229 219 215 216 215 211 209 218 229 237 246 250 243 225 219 221 225 225 223 224 225 223
240 242 245 246 248 249 249 250 252 249 244 242 240 238 237 235 233 232 230 227 225 224 224 224 221 218 224 228 228 227 226 226 228 229 229 229 230 230 229 229 229 229 229 229 230 230 230 230 230 231 231 231 231 232 232 232 233 233 233 233 233 234 234 235 235 236 237 239 242 247 251 251 242 229 223 221 220 216 212 219 231 240 247 245 233 221 219 222 226 225 221 222 225 228
245 246 250 251 251 252 251 250 249 247 244 241 238 236 235 234 233 232 232 230 229 228 227 225 222 219 222 227 229 229 227 226 227 227 226 226 228 229 229 229 229 229 229 230 230 230 230 230 231 231 231 231 231 231 232 232 232 232 233 233 233 233 233 234 233 233 234 235 237 239 242 244 242 232 225 223 220 216 213 220 232 240 244 237 225 221 221 223 226 224 222 218 217 223
248 250 254 257 258 258 256 253 250 246 244 242 239 237 235 234 232 231 231 230 230 230 230 229 226 222 224 227 228 229 228 227 227 228 228 227 228 229 229 229 229 229 229 230 230 230 230 231 231 231 231 231 231 231 232 232 232 232 232 232 232 233 233 233 233 233 233 233 234 234 234 234 233 230 225 224 218 214 213 221 234 240 238 230 222 220 221 223 225 227 228 220 216 226
250 252 257 261 265 266 264 259 254 249 245 243 240 238 236 234 233 232 231 230 230 230 230 229 227 225 226 229 229 228 229 229 230 231 232 231 230 230 229 229 229 229 230 230 230 230 231 231 231 231 231 231 231 231 231 232 232 232 232 232 232 232 232 232 232 232 232 233 233 232 231 230 230 229 226 225 217 211 212 225 237 240 236 230 227 226 227 228 230 235 237 231 230 236
253 254 257 263 271 275 273 267 260 253 247 243 240 238 237 235 233 232 231 230 230 230 229 228 226 225 228 231 231 230 230 231 231 231 232 230 229 230 230 229 228 229 230 230 230 231 231 231 231 231 232 232 231 231 231 231 231 232 232 232 232 232 232 232 232 232 232 232 232 231 230 230 229 228 227 224 218 209 214 232 240 237 234 233 233 236 238 236 235 235 230 225 229 234
257 256 253 261 275 282 282 275 265 255 246 241 239 238 236 235 233 232 231 230 230 230 230 228 225 224 229 231 231 230 229 230 229 229 229 228 228 229 230 230 229 229 230 230 231 231 231 232 232 232 232 232 232 232 231 231 231 232 232 232 232 232 232 232 232 232 232 231 231 231 230 230 229 228 227 225 219 210 217 237 239 232 229 230 228 228 230 229 227 225 223 223 227 232
256 253 247 249 265 279 282 274 262 252 241 237 236 236 234 233 233 232 231 230 230 230 230 228 224 224 227 229 228 227 226 228 228 229 230 229 227 227 230 231 230 230 231 232 232 233 233 233 233 233 233 232 232 232 231 231 231 231 231 231 231 231 231 232 231 231 231 231 231 231 230 229 229 228 227 225 220 213 219 234 234 225 222 221 219 219 221 223 225 225 226 228 230 230
248 244 237 239 244 247 244 233 235 234 230 231 233 234 233 232 232 232 230 230 230 230 231 228 223 224 228 228 227 225 225 227 227 227 228 228 227 226 228 229 229 230 233 234 234 235 235 236 236 236 235 233 232 232 232 231 231 231 231 231 231 231 231 231 231 231 231 231 231 230 230 229 229 228 227 225 222 217 219 226 222 217 215 215 216 218 223 226 227 230 231 232 233 231
246 245 242 240 243 240 223 209 213 216 217 223 229 232 233 233 233 232 231 230 230 231 230 227 223 225 229 230 228 226 225 226 226 226 227 227 226 225 227 227 226 227 231 235 238 240 240 241 243 243 240 236 233 232 231 231 231 231 231 231 231 231 231 231 231 231 231 231 231 230 230 229 229 228 227 226 223 219 216 213 207 208 213 215 217 223 229 230 230 231 232 233 233 231
256 255 249 246 245 237 225 216 214 214 215 221 228 231 232 233 233 233 232 231 231 231 230 228 224 225 229 229 228 227 227 228 230 231 231 229 227 226 227 227 225 223 225 228 231 233 234 234 236 238 238 236 234 232 231 231 231 231 231 231 231 231 231 231 231 231 231 231 231 230 230 229 229 228 227 226 223 219 214 206 196 200 211 216 221 229 232 231 231 232 232 232 232 230
249 243 235 239 238 234 228 223 221 221 221 225 229 232 234 233 234 235 234 233 233 232 231 229 224 224 227 227 227 228 228 229 231 233 235 235 233 230 229 228 226 224 222 222 222 222 222 222 224 225 225 227 229 229 230 231 231 231 231 231 231 231 231 231 231 231 231 231 231 230 230 229 229 229 228 227 224 221 216 206 191 193 205 214 225 234 236 234 233 234 234 234 233 232
