windninja/windninja_output/Output_2025-08-24_0200-0250_Google earth_Fire_150m_10min/merlingen_7.5mi_point_08-24-2025_0220_150m_ang.asc
ncols	158
nrows	163
xllcorner	391686.332397
yllcorner	5160024.123721
cellsize	150.000000
NODATA_value	-32768.000000
[rows 0 to 41 of 163, columns 0 to 93 of 158]
254 253 253 252 252 254 253 249 248 249 247 240 231 228 233 243 253 257 259 267 270 256 243 243 249 255 254 249 247 247 247 248 249 248 247 252 256 257 258 256 252 251 252 254 256 259 263 264 259 254 251 249 249 249 249 248 248 248 250 250 248 246 245 243 240 238 238 242 247 249 248 246 244 242 242 243 243 245 248 247 245 242 242 245 247 245 241 239 240 238 236 237 236 233
253 254 255 254 254 254 252 251 252 252 248 240 230 229 235 243 250 255 259 263 264 257 248 246 249 252 252 250 250 249 249 249 249 249 250 252 253 254 255 254 253 252 252 253 255 256 258 259 259 257 254 253 252 251 250 249 248 248 249 250 248 247 246 244 242 241 241 244 247 249 248 246 244 243 243 243 243 245 247 246 244 242 243 244 245 245 242 240 241 240 240 240 239 237
252 254 255 255 256 254 250 252 255 254 249 239 231 233 239 245 249 252 256 258 256 256 255 251 249 248 248 250 251 251 251 251 251 251 253 253 251 251 251 251 252 253 252 253 254 253 253 253 253 255 255 254 252 251 250 249 249 249 248 248 247 247 246 245 245 244 245 246 248 247 246 245 245 245 245 243 242 244 246 244 240 241 244 243 243 244 241 239 239 240 242 243 241 239
251 252 252 252 254 252 250 251 253 251 246 235 232 237 244 250 251 252 252 253 252 254 256 254 250 247 246 246 247 247 248 250 252 254 254 253 252 251 251 252 251 251 252 253 253 252 252 250 248 248 250 249 248 248 248 249 250 249 249 247 247 246 246 246 245 245 246 247 249 247 244 245 246 247 246 244 244 245 245 242 237 239 242 241 243 244 239 236 236 236 237 240 239 237
251 252 251 250 252 251 252 255 254 250 242 234 233 240 250 253 253 253 252 251 251 254 256 256 253 248 245 243 242 242 243 245 249 252 252 252 251 251 252 252 251 251 252 252 251 251 250 248 247 247 246 246 246 247 248 248 249 250 249 249 248 246 246 246 245 245 246 248 249 246 244 246 247 246 246 246 248 248 246 241 238 240 242 241 243 245 241 237 236 233 232 235 235 233
255 255 253 251 251 252 255 258 255 249 243 238 237 245 253 255 253 252 251 251 252 256 260 261 258 253 248 244 242 242 242 244 246 246 247 248 250 250 251 250 250 251 252 252 250 250 249 248 248 246 244 245 246 247 248 249 249 249 249 249 248 246 245 246 246 245 246 248 248 244 243 245 248 246 243 244 246 249 246 241 240 244 245 243 243 244 244 243 243 238 234 234 232 229
256 257 257 255 254 254 256 256 253 248 245 243 243 250 256 256 253 250 249 250 252 255 259 264 264 259 254 251 248 245 245 246 246 244 244 246 248 249 249 249 249 251 252 252 251 250 250 249 248 246 244 244 245 246 248 249 250 250 249 249 247 244 243 244 244 245 245 248 247 243 240 243 245 243 241 241 243 244 241 238 241 245 245 245 244 245 245 248 251 250 247 243 238 235
255 256 259 260 259 257 256 254 251 250 249 248 247 252 256 256 254 251 250 249 251 253 255 260 265 263 259 256 252 249 250 251 249 247 248 249 249 249 249 249 249 250 251 251 252 252 251 249 248 246 245 246 245 245 247 249 250 250 249 248 246 243 240 241 241 243 245 247 246 243 241 243 242 240 240 242 243 242 237 237 244 246 244 243 243 243 244 246 249 253 256 254 251 247
255 256 257 260 261 260 258 255 253 253 253 254 253 254 256 255 254 253 251 250 252 252 252 254 259 263 260 257 254 253 255 255 252 251 252 253 251 250 250 250 250 251 252 252 252 252 251 250 249 246 246 248 246 245 248 250 249 249 249 248 247 245 243 241 241 243 245 246 244 242 243 246 244 242 241 242 244 241 236 239 247 249 246 242 240 239 239 240 241 240 243 245 247 246
255 256 257 258 259 259 258 256 255 255 256 257 258 259 258 255 254 254 252 251 251 251 251 251 252 256 258 256 254 255 257 256 253 253 254 253 252 251 250 250 251 252 252 252 253 252 251 251 250 248 248 249 247 249 251 251 251 250 249 248 248 248 248 246 247 247 247 246 242 240 243 247 246 244 242 243 244 242 237 240 245 247 247 245 244 242 240 240 237 233 232 235 239 238
256 256 257 257 257 257 257 256 256 256 257 258 260 262 261 258 256 256 255 254 252 251 250 249 248 250 251 253 253 255 257 255 255 256 255 253 251 250 251 251 251 251 252 252 252 253 253 252 251 251 253 253 251 253 255 254 254 253 252 251 251 253 253 254 257 255 252 248 242 242 245 246 245 243 242 243 245 246 243 242 243 243 243 245 249 249 247 248 243 235 235 239 240 237
256 257 257 257 257 257 257 257 256 257 257 258 260 263 263 262 260 258 258 258 257 254 251 249 248 247 246 250 254 256 257 256 257 258 257 254 252 251 252 252 251 251 251 250 250 251 252 252 252 254 259 260 259 261 261 260 257 256 255 255 257 259 261 266 268 265 260 253 246 246 247 246 244 242 239 239 241 243 244 244 243 241 240 241 245 246 247 249 245 235 240 245 244 241
257 257 257 257 257 257 258 257 257 257 258 258 259 261 264 265 265 262 260 259 259 257 254 251 248 246 245 250 255 257 257 257 257 258 256 254 254 255 254 253 252 252 250 248 249 248 247 248 252 257 262 264 264 266 267 267 263 258 255 256 260 263 268 275 278 275 270 264 258 254 250 246 245 242 239 237 238 239 240 239 241 241 240 241 242 241 243 247 241 232 240 246 245 243
257 257 257 257 257 257 257 257 257 258 258 259 258 259 263 266 268 268 264 261 260 258 256 253 249 246 247 250 253 255 257 258 258 257 255 255 255 256 255 254 253 253 251 251 252 251 247 244 248 254 259 261 262 263 267 271 269 262 254 253 258 262 266 272 277 277 276 278 279 271 257 251 249 246 243 242 244 244 241 240 242 245 245 245 244 241 244 246 240 236 244 249 247 247
257 257 258 258 258 258 257 257 257 258 258 259 259 258 260 263 267 269 269 265 261 258 255 252 250 248 248 250 252 253 255 258 259 257 256 256 254 254 253 254 255 253 253 256 257 255 253 250 246 247 251 254 255 257 260 264 266 262 252 251 255 258 260 261 262 266 271 277 285 291 276 262 256 250 247 248 251 250 247 249 252 251 250 249 246 244 247 247 242 242 250 255 254 254
257 257 258 258 258 258 258 258 258 258 259 259 260 260 260 262 262 263 265 264 261 257 254 251 250 251 250 250 250 252 254 256 255 254 255 256 255 254 253 254 254 253 252 255 255 252 254 256 252 247 247 247 247 249 249 249 252 252 248 251 255 257 257 253 250 255 261 265 272 289 296 279 265 256 252 252 252 251 251 255 257 255 254 253 250 249 250 249 246 246 251 256 255 255
257 257 258 258 258 258 258 258 258 258 259 259 261 263 266 264 261 259 259 260 259 256 254 252 252 251 250 250 250 252 254 254 251 251 253 256 257 256 254 253 252 251 252 252 250 249 249 250 252 253 250 246 245 246 245 244 245 245 245 250 254 256 255 250 248 252 255 259 262 268 283 287 277 269 261 256 252 251 255 256 253 251 253 253 253 253 252 251 254 253 250 250 250 250
258 258 258 258 258 258 258 258 258 259 259 260 261 264 268 267 264 260 258 257 257 256 255 254 254 252 251 252 253 254 254 251 248 248 249 252 254 253 251 250 250 251 252 251 249 249 249 247 249 253 254 251 248 247 246 245 244 244 244 249 252 254 251 248 249 252 254 256 257 258 264 274 277 277 273 262 256 256 257 255 252 252 252 251 251 253 253 252 255 259 256 250 247 247
258 258 258 258 258 258 258 258 259 259 259 259 261 263 266 267 265 262 259 257 256 256 256 256 255 254 253 253 255 255 253 248 245 245 247 249 251 252 251 252 252 251 252 251 250 250 252 252 250 251 253 254 251 248 246 246 246 245 245 248 251 251 249 248 250 252 253 253 253 255 258 259 263 267 271 270 266 263 260 257 257 258 256 252 248 247 247 249 252 257 259 253 250 248
258 258 258 258 258 258 258 259 259 259 258 259 260 261 263 265 264 262 259 258 256 256 256 256 255 254 253 253 253 253 250 246 245 247 250 252 253 253 252 252 251 250 249 249 249 251 253 253 252 252 253 254 254 251 249 247 245 245 246 248 250 250 250 251 252 254 254 252 252 254 254 251 252 254 256 259 261 261 260 258 258 259 257 252 247 246 245 246 250 254 255 251 250 250
258 258 258 258 258 258 258 259 259 259 259 259 260 260 261 261 261 260 259 257 256 256 255 255 254 253 253 252 251 250 247 244 244 247 250 251 251 251 250 249 248 247 248 248 250 252 252 251 251 252 252 253 254 255 253 250 248 246 246 247 248 249 252 253 253 254 254 252 254 253 249 246 248 251 251 246 243 246 250 253 255 255 254 252 249 247 246 245 249 253 252 246 247 249
258 258 258 258 258 259 258 258 258 259 259 259 259 260 260 259 259 258 258 257 256 255 255 254 253 252 252 251 250 249 246 243 244 247 249 248 249 248 247 246 245 246 247 249 251 253 253 251 251 251 252 252 253 254 255 254 252 249 246 245 245 248 252 252 253 255 255 254 254 250 244 242 245 251 252 244 236 238 241 246 249 251 251 252 250 247 244 245 250 252 248 239 240 246
259 258 258 258 259 259 258 258 258 259 259 259 259 259 259 259 258 258 257 256 255 255 254 253 252 251 250 249 249 248 246 244 246 249 250 250 250 248 246 246 246 246 247 249 251 252 252 251 250 250 252 252 252 252 253 254 254 252 247 244 245 248 251 253 255 257 255 254 250 243 240 240 244 250 250 243 235 237 239 240 242 242 246 249 249 247 244 245 249 249 244 232 234 244
259 259 258 259 259 259 258 258 258 259 259 259 258 258 258 258 258 257 257 256 255 254 253 252 251 250 249 248 249 250 249 249 251 251 251 252 251 250 248 248 247 247 247 248 251 252 250 249 250 251 252 252 251 252 252 253 253 252 247 244 245 249 253 257 260 258 254 250 245 241 239 241 247 251 248 240 235 241 242 240 238 238 241 244 246 249 249 249 249 248 242 229 234 244
259 259 259 259 259 259 258 258 259 259 259 259 258 258 257 257 257 257 256 255 255 254 252 251 250 248 246 247 250 253 253 254 255 253 251 250 250 251 251 251 249 248 247 249 252 250 247 248 249 251 252 252 252 252 252 251 251 250 247 246 247 251 256 260 261 257 253 247 243 242 243 247 252 252 245 236 238 249 249 243 239 238 236 237 241 247 252 253 253 250 241 227 235 244
259 259 259 259 259 259 258 259 259 259 259 258 259 258 258 257 257 257 256 255 254 253 252 251 248 245 242 244 250 254 255 257 258 255 251 248 247 250 253 253 252 250 250 253 252 247 245 248 249 250 251 252 254 254 254 252 249 246 246 249 253 258 260 258 253 249 245 240 239 242 247 255 257 252 240 231 239 252 255 248 242 238 233 233 236 240 243 246 251 251 239 224 232 240
259 259 259 259 259 259 259 259 259 259 258 258 259 259 258 257 257 256 256 255 254 253 252 250 247 241 238 243 249 251 253 257 261 260 255 248 245 249 253 254 252 253 254 255 251 245 243 246 248 249 248 250 253 255 256 251 243 242 246 251 260 266 265 256 247 242 237 233 235 241 251 258 257 249 236 225 235 248 257 256 249 242 236 234 236 236 233 235 244 247 239 225 230 237
259 259 259 259 259 259 259 260 259 258 258 258 258 258 258 258 257 256 255 255 254 253 252 249 245 240 237 243 246 246 248 254 259 262 261 255 249 250 253 254 253 254 256 253 249 243 241 243 246 248 245 246 249 252 255 247 235 239 246 253 261 266 264 255 247 241 234 230 236 245 253 256 252 245 232 223 233 244 250 257 257 248 243 241 241 238 231 232 240 242 239 231 232 236
259 259 259 259 259 259 259 260 259 258 258 258 258 258 258 258 257 256 255 255 254 253 251 249 245 240 239 242 242 240 242 248 253 256 259 259 254 252 254 253 251 253 253 251 248 243 241 242 244 246 243 243 246 249 249 238 228 238 248 257 262 260 255 248 244 240 233 231 241 251 254 251 245 239 230 226 237 246 248 252 259 256 250 249 248 243 237 237 241 240 237 236 238 240
260 260 259 259 259 260 260 260 259 258 258 258 258 258 258 258 257 256 256 255 254 253 251 250 246 243 243 244 240 236 237 242 245 251 256 256 251 251 253 251 249 249 247 247 245 241 241 242 243 242 238 240 243 244 242 232 226 241 251 259 264 258 249 242 241 240 234 235 248 257 257 250 242 236 229 230 239 245 248 252 259 262 258 254 251 247 245 245 243 239 236 237 242 247
260 260 260 259 259 260 260 259 259 259 258 258 258 258 258 258 257 257 256 255 255 253 252 250 248 247 248 247 242 238 239 242 244 250 254 250 246 251 253 251 249 246 243 243 241 239 242 245 246 242 237 239 241 241 239 230 230 246 255 260 261 255 247 242 243 243 239 241 253 260 260 252 244 238 231 231 235 240 245 250 255 259 259 256 251 247 246 246 243 240 237 238 243 252
260 260 260 259 260 260 260 259 259 258 258 258 258 258 258 258 257 257 256 256 255 254 252 251 250 250 250 247 242 241 245 248 249 253 254 247 246 254 255 250 248 246 244 245 243 241 246 251 250 247 245 245 244 244 240 230 234 248 259 261 257 248 240 241 246 248 244 246 254 259 257 250 247 242 233 231 231 236 242 247 248 247 253 256 255 253 251 249 246 244 242 241 243 251
260 260 260 260 260 260 259 259 259 259 258 258 258 258 258 257 257 257 257 257 256 255 253 252 252 252 250 246 239 239 245 250 251 253 254 250 251 257 256 251 248 247 246 247 246 246 251 253 250 250 251 251 249 247 241 233 236 246 254 259 256 244 233 237 245 250 249 249 253 254 251 247 247 242 234 230 230 234 241 245 244 240 246 254 256 257 256 252 249 247 247 245 245 250
260 260 259 260 261 260 259 259 259 259 259 259 258 258 257 257 256 257 257 257 256 256 255 254 253 252 251 246 241 243 248 250 249 250 252 253 255 257 253 249 248 246 246 248 248 250 253 252 250 251 252 252 252 250 245 241 243 247 249 251 251 242 229 234 243 248 251 255 254 252 248 245 244 239 232 230 229 232 238 240 238 236 241 249 252 250 250 250 246 244 244 246 248 252
260 259 259 261 261 260 259 259 259 259 259 259 258 258 257 257 257 257 257 256 256 257 256 256 255 253 251 249 248 252 256 254 251 251 251 250 251 253 249 246 246 245 246 248 250 254 255 252 252 254 253 253 253 252 251 250 253 254 251 249 247 241 229 232 241 244 249 257 261 257 250 244 242 237 234 233 234 237 239 237 234 232 236 244 248 245 244 245 243 241 241 243 248 253
260 260 260 260 260 260 259 259 259 259 259 259 258 258 258 257 257 257 257 257 257 257 257 257 257 255 253 251 252 258 262 260 256 255 252 246 242 246 247 245 244 245 247 249 251 254 254 252 253 253 252 252 252 251 252 253 255 256 255 252 250 245 235 234 239 242 246 253 263 264 254 246 243 240 239 238 238 244 247 244 237 233 234 240 245 246 244 242 240 239 240 242 247 252
261 261 261 261 260 259 259 259 259 259 259 259 259 258 258 258 258 257 257 257 257 257 257 257 258 257 256 252 253 262 267 265 262 259 254 246 239 239 243 245 245 246 248 249 252 253 251 252 253 252 251 251 250 250 251 251 251 252 253 253 252 249 242 238 240 242 245 251 258 259 252 249 248 246 243 239 237 240 247 251 246 238 236 238 243 248 246 240 238 239 241 243 246 250
261 261 262 262 260 259 259 259 259 259 259 259 258 258 258 258 258 258 257 257 257 257 257 258 258 258 257 254 258 266 268 266 263 259 254 247 239 237 242 244 245 248 249 250 252 252 251 251 250 250 252 252 249 250 251 251 248 247 248 250 250 248 245 241 242 245 249 253 254 247 243 247 250 248 241 237 236 233 239 247 247 241 237 236 241 246 244 238 240 242 243 244 247 252
261 261 262 261 260 259 259 259 259 259 259 258 258 258 258 258 258 258 258 258 258 258 258 258 258 259 258 260 266 268 266 264 262 259 254 245 235 237 243 245 246 248 249 250 250 250 250 248 245 247 250 250 247 247 250 250 246 243 243 245 244 242 240 238 240 248 255 257 251 240 240 245 247 242 233 236 238 225 232 240 240 237 236 237 243 244 239 235 239 241 241 244 252 257
262 262 261 260 260 259 259 259 260 260 259 258 258 258 258 258 258 258 258 258 258 258 258 258 259 260 261 266 269 267 266 265 263 259 252 241 232 237 242 244 247 249 251 251 249 248 249 247 244 245 248 249 245 243 245 244 239 238 238 239 237 234 234 236 238 246 255 256 248 242 246 249 246 236 229 238 238 215 222 233 232 231 236 242 247 247 241 235 236 238 238 245 256 257
262 262 261 260 260 259 259 260 260 260 259 259 259 258 258 258 258 258 258 258 258 258 258 258 259 260 262 266 268 267 267 267 265 259 250 240 237 240 242 243 246 249 252 251 249 248 247 246 243 244 248 250 246 243 243 240 235 235 238 238 235 231 233 237 240 245 252 252 246 247 250 249 246 235 232 241 236 207 214 228 227 226 233 242 247 248 245 237 234 236 236 245 252 253
261 261 261 260 260 260 260 260 260 260 259 259 259 259 259 258 258 258 258 259 259 258 258 259 259 260 262 264 266 267 267 266 264 259 249 242 243 246 247 246 245 246 246 246 248 247 244 240 239 242 247 249 247 246 246 244 239 238 242 242 238 233 234 237 239 244 249 248 246 246 244 243 243 235 236 243 231 204 210 225 228 227 232 238 243 244 240 232 233 237 239 244 247 249
