windninja/windninja_output/Output_2025-08-24_0200-0250_Google earth_Fire_150m_10min/merlingen_7.5mi_point_08-24-2025_0220_150m_vel.asc
ncols	158
nrows	163
xllcorner	391686.332397
yllcorner	5160024.123721
cellsize	150.000000
NODATA_value	-32768.000000
[rows 114 to 151 of 163, columns 0 to 83 of 158]
0.23 0.25 0.28 0.30 0.32 0.32 0.31 0.31 0.30 0.30 0.33 0.39 0.39 0.34 0.38 0.43 0.30 0.12 0.09 0.19 0.30 0.44 0.48 0.35 0.32 0.36 0.35 0.33 0.33 0.33 0.40 0.56 0.67 0.73 0.72 0.60 0.49 0.42 0.34 0.29 0.29 0.35 0.44 0.45 0.34 0.25 0.24 0.24 0.22 0.21 0.20 0.19 0.21 0.28 0.36 0.39 0.38 0.40 0.46 0.51 0.50 0.46 0.50 0.57 0.55 0.54 0.60 0.63 0.65 0.61 0.57 0.59 0.62 0.63 0.69 0.78 0.80 0.77 0.73 0.79 0.91 0.88 0.74 0.67
0.19 0.23 0.28 0.29 0.31 0.31 0.30 0.29 0.28 0.29 0.34 0.38 0.34 0.31 0.39 0.46 0.34 0.14 0.07 0.13 0.23 0.33 0.41 0.42 0.40 0.36 0.33 0.32 0.36 0.32 0.30 0.45 0.65 0.76 0.71 0.57 0.46 0.40 0.35 0.29 0.30 0.39 0.44 0.42 0.35 0.28 0.24 0.22 0.22 0.22 0.20 0.18 0.18 0.23 0.32 0.37 0.37 0.37 0.42 0.48 0.48 0.45 0.48 0.55 0.55 0.52 0.55 0.61 0.64 0.63 0.61 0.63 0.66 0.65 0.63 0.73 0.82 0.81 0.74 0.74 0.89 0.93 0.79 0.71
0.15 0.21 0.27 0.29 0.29 0.29 0.28 0.28 0.29 0.32 0.37 0.35 0.28 0.26 0.38 0.48 0.36 0.13 0.07 0.11 0.19 0.26 0.31 0.39 0.42 0.38 0.31 0.31 0.39 0.33 0.26 0.36 0.56 0.72 0.71 0.56 0.44 0.36 0.34 0.33 0.34 0.40 0.41 0.40 0.37 0.29 0.23 0.21 0.22 0.23 0.20 0.18 0.16 0.18 0.26 0.34 0.37 0.36 0.38 0.44 0.45 0.44 0.46 0.53 0.54 0.50 0.52 0.57 0.61 0.63 0.62 0.65 0.71 0.73 0.67 0.67 0.76 0.84 0.79 0.73 0.84 0.93 0.80 0.71
0.13 0.19 0.25 0.27 0.28 0.27 0.25 0.26 0.30 0.35 0.39 0.32 0.21 0.21 0.37 0.49 0.37 0.14 0.10 0.14 0.19 0.24 0.27 0.32 0.37 0.38 0.32 0.31 0.41 0.34 0.25 0.29 0.43 0.63 0.68 0.55 0.42 0.32 0.33 0.38 0.38 0.39 0.38 0.39 0.38 0.29 0.23 0.22 0.23 0.23 0.21 0.17 0.15 0.15 0.21 0.31 0.36 0.36 0.36 0.40 0.42 0.41 0.45 0.51 0.52 0.49 0.50 0.55 0.58 0.61 0.62 0.63 0.70 0.79 0.80 0.73 0.70 0.79 0.83 0.79 0.85 0.91 0.78 0.68
0.11 0.16 0.23 0.26 0.27 0.26 0.24 0.25 0.31 0.35 0.38 0.31 0.19 0.19 0.33 0.47 0.42 0.21 0.15 0.17 0.20 0.24 0.26 0.29 0.32 0.35 0.32 0.33 0.38 0.35 0.30 0.30 0.38 0.58 0.63 0.54 0.42 0.32 0.35 0.39 0.37 0.35 0.35 0.37 0.37 0.32 0.25 0.24 0.24 0.23 0.21 0.16 0.13 0.13 0.16 0.26 0.34 0.35 0.35 0.38 0.40 0.38 0.41 0.48 0.49 0.48 0.48 0.52 0.56 0.58 0.59 0.60 0.65 0.75 0.87 0.86 0.76 0.75 0.82 0.84 0.89 0.91 0.78 0.66
0.10 0.14 0.21 0.26 0.27 0.25 0.24 0.26 0.31 0.33 0.36 0.33 0.20 0.19 0.28 0.42 0.46 0.30 0.18 0.17 0.19 0.22 0.25 0.29 0.32 0.34 0.33 0.34 0.36 0.37 0.40 0.42 0.49 0.59 0.57 0.51 0.45 0.35 0.37 0.38 0.35 0.34 0.35 0.37 0.37 0.34 0.28 0.25 0.24 0.22 0.20 0.15 0.12 0.11 0.13 0.23 0.32 0.34 0.34 0.37 0.38 0.36 0.38 0.43 0.44 0.45 0.46 0.49 0.55 0.58 0.57 0.56 0.59 0.67 0.81 0.92 0.89 0.82 0.82 0.85 0.90 0.92 0.81 0.68
0.08 0.11 0.19 0.26 0.27 0.24 0.25 0.28 0.31 0.30 0.32 0.35 0.24 0.18 0.24 0.36 0.46 0.38 0.22 0.17 0.18 0.21 0.25 0.29 0.33 0.34 0.35 0.35 0.38 0.44 0.48 0.49 0.51 0.52 0.50 0.49 0.44 0.40 0.37 0.33 0.34 0.35 0.36 0.38 0.36 0.34 0.30 0.26 0.23 0.21 0.19 0.16 0.12 0.10 0.11 0.19 0.29 0.33 0.33 0.36 0.38 0.36 0.37 0.39 0.38 0.41 0.42 0.40 0.47 0.56 0.56 0.54 0.54 0.58 0.69 0.85 0.95 0.94 0.91 0.90 0.90 0.91 0.82 0.72
0.06 0.10 0.18 0.24 0.25 0.23 0.26 0.30 0.32 0.28 0.28 0.36 0.28 0.17 0.21 0.32 0.44 0.41 0.26 0.18 0.17 0.20 0.24 0.28 0.33 0.35 0.35 0.36 0.43 0.51 0.52 0.49 0.49 0.47 0.48 0.47 0.42 0.42 0.35 0.30 0.32 0.34 0.39 0.39 0.36 0.34 0.32 0.27 0.22 0.20 0.19 0.16 0.13 0.10 0.10 0.16 0.27 0.32 0.32 0.35 0.37 0.34 0.35 0.37 0.37 0.41 0.42 0.35 0.35 0.47 0.53 0.52 0.52 0.52 0.56 0.69 0.87 1.00 1.03 1.00 0.96 0.93 0.84 0.76
0.05 0.10 0.18 0.21 0.23 0.24 0.27 0.31 0.33 0.27 0.26 0.38 0.32 0.17 0.18 0.26 0.39 0.42 0.28 0.19 0.17 0.20 0.23 0.27 0.33 0.34 0.34 0.39 0.50 0.56 0.51 0.49 0.49 0.44 0.46 0.45 0.40 0.41 0.35 0.28 0.28 0.32 0.39 0.40 0.37 0.36 0.33 0.27 0.22 0.20 0.19 0.17 0.13 0.09 0.09 0.14 0.25 0.31 0.31 0.34 0.34 0.32 0.33 0.35 0.37 0.44 0.47 0.39 0.32 0.34 0.43 0.47 0.50 0.50 0.48 0.53 0.68 0.88 1.04 1.10 1.08 1.02 0.90 0.80
0.05 0.11 0.18 0.18 0.19 0.23 0.25 0.30 0.34 0.29 0.28 0.40 0.33 0.16 0.15 0.22 0.33 0.39 0.32 0.23 0.21 0.22 0.23 0.27 0.32 0.33 0.34 0.41 0.57 0.60 0.48 0.46 0.46 0.41 0.44 0.44 0.38 0.39 0.38 0.28 0.25 0.28 0.35 0.41 0.39 0.37 0.33 0.27 0.22 0.20 0.20 0.19 0.13 0.08 0.09 0.13 0.22 0.29 0.30 0.31 0.31 0.31 0.33 0.34 0.36 0.44 0.50 0.47 0.37 0.30 0.33 0.40 0.45 0.46 0.45 0.43 0.49 0.65 0.86 1.04 1.15 1.17 1.03 0.88
0.07 0.12 0.17 0.16 0.17 0.21 0.23 0.26 0.32 0.31 0.32 0.39 0.29 0.14 0.15 0.20 0.26 0.33 0.34 0.30 0.26 0.25 0.24 0.27 0.30 0.32 0.35 0.49 0.68 0.60 0.42 0.41 0.44 0.40 0.41 0.43 0.37 0.36 0.37 0.30 0.24 0.25 0.29 0.38 0.42 0.38 0.34 0.27 0.21 0.20 0.21 0.19 0.12 0.08 0.09 0.12 0.19 0.27 0.30 0.27 0.27 0.31 0.33 0.33 0.36 0.42 0.47 0.51 0.48 0.35 0.30 0.36 0.39 0.39 0.40 0.38 0.37 0.46 0.63 0.80 0.99 1.19 1.21 1.02
0.08 0.13 0.16 0.15 0.16 0.20 0.22 0.23 0.29 0.29 0.32 0.38 0.28 0.15 0.15 0.19 0.22 0.24 0.29 0.32 0.34 0.31 0.28 0.28 0.32 0.36 0.47 0.69 0.69 0.49 0.34 0.37 0.42 0.39 0.38 0.41 0.37 0.34 0.36 0.31 0.25 0.23 0.24 0.33 0.42 0.41 0.36 0.28 0.21 0.20 0.21 0.18 0.13 0.08 0.08 0.11 0.17 0.25 0.30 0.26 0.25 0.31 0.32 0.32 0.36 0.41 0.43 0.48 0.52 0.47 0.37 0.37 0.39 0.36 0.35 0.33 0.31 0.33 0.43 0.55 0.68 0.97 1.22 1.19
0.07 0.12 0.16 0.15 0.15 0.18 0.21 0.23 0.27 0.27 0.29 0.36 0.31 0.19 0.18 0.19 0.19 0.19 0.22 0.28 0.34 0.38 0.36 0.34 0.46 0.58 0.64 0.65 0.51 0.34 0.29 0.34 0.40 0.37 0.36 0.39 0.37 0.33 0.32 0.30 0.26 0.23 0.22 0.28 0.39 0.43 0.38 0.28 0.21 0.19 0.20 0.17 0.13 0.09 0.07 0.09 0.14 0.22 0.28 0.27 0.26 0.30 0.31 0.31 0.35 0.40 0.42 0.44 0.49 0.51 0.49 0.47 0.44 0.39 0.35 0.32 0.29 0.29 0.32 0.40 0.49 0.69 1.00 1.17
0.07 0.12 0.16 0.15 0.15 0.17 0.21 0.25 0.26 0.25 0.25 0.30 0.31 0.26 0.25 0.21 0.17 0.18 0.22 0.27 0.36 0.47 0.49 0.48 0.52 0.57 0.53 0.41 0.32 0.28 0.27 0.32 0.38 0.36 0.35 0.37 0.36 0.32 0.30 0.29 0.27 0.23 0.23 0.26 0.35 0.42 0.38 0.28 0.21 0.19 0.19 0.17 0.12 0.08 0.07 0.08 0.12 0.20 0.27 0.27 0.27 0.29 0.29 0.30 0.34 0.38 0.40 0.42 0.45 0.48 0.52 0.55 0.52 0.45 0.40 0.35 0.29 0.27 0.30 0.33 0.39 0.54 0.72 0.93
0.07 0.12 0.16 0.15 0.14 0.17 0.21 0.25 0.25 0.23 0.22 0.24 0.28 0.29 0.29 0.22 0.19 0.22 0.29 0.46 0.55 0.53 0.49 0.44 0.43 0.41 0.36 0.30 0.26 0.25 0.27 0.32 0.35 0.33 0.32 0.34 0.34 0.32 0.28 0.27 0.27 0.25 0.25 0.27 0.33 0.40 0.38 0.27 0.21 0.19 0.18 0.16 0.11 0.08 0.08 0.08 0.12 0.19 0.25 0.26 0.26 0.27 0.28 0.30 0.33 0.36 0.38 0.40 0.42 0.45 0.50 0.58 0.59 0.52 0.46 0.42 0.34 0.29 0.30 0.31 0.33 0.41 0.53 0.69
0.07 0.11 0.16 0.15 0.14 0.17 0.21 0.24 0.24 0.22 0.21 0.23 0.25 0.26 0.28 0.27 0.25 0.31 0.48 0.63 0.56 0.42 0.37 0.34 0.34 0.36 0.33 0.28 0.24 0.25 0.28 0.31 0.32 0.30 0.29 0.31 0.32 0.29 0.26 0.27 0.27 0.27 0.28 0.29 0.33 0.37 0.36 0.27 0.21 0.20 0.18 0.15 0.09 0.08 0.08 0.08 0.12 0.18 0.23 0.25 0.25 0.26 0.27 0.29 0.32 0.35 0.36 0.38 0.40 0.43 0.48 0.56 0.63 0.61 0.53 0.49 0.42 0.33 0.32 0.34 0.35 0.34 0.38 0.49
0.07 0.10 0.15 0.15 0.14 0.18 0.21 0.23 0.23 0.22 0.22 0.22 0.22 0.23 0.25 0.30 0.37 0.48 0.59 0.55 0.38 0.31 0.31 0.32 0.34 0.36 0.32 0.25 0.25 0.27 0.28 0.28 0.28 0.27 0.27 0.29 0.30 0.28 0.26 0.27 0.28 0.28 0.30 0.32 0.34 0.35 0.33 0.25 0.22 0.20 0.17 0.13 0.08 0.07 0.08 0.09 0.12 0.17 0.22 0.24 0.24 0.25 0.26 0.29 0.31 0.33 0.35 0.36 0.38 0.41 0.46 0.53 0.61 0.65 0.63 0.59 0.51 0.39 0.35 0.37 0.37 0.36 0.33 0.34
0.08 0.10 0.15 0.15 0.15 0.18 0.21 0.22 0.23 0.23 0.21 0.20 0.19 0.21 0.24 0.30 0.44 0.55 0.51 0.36 0.30 0.30 0.30 0.31 0.34 0.36 0.28 0.25 0.26 0.27 0.27 0.28 0.27 0.26 0.26 0.28 0.29 0.29 0.28 0.28 0.29 0.31 0.33 0.34 0.34 0.32 0.27 0.23 0.22 0.20 0.15 0.11 0.08 0.08 0.09 0.09 0.11 0.16 0.20 0.22 0.23 0.24 0.25 0.27 0.30 0.32 0.34 0.35 0.36 0.39 0.44 0.51 0.57 0.64 0.68 0.68 0.62 0.46 0.40 0.43 0.42 0.37 0.32 0.29
0.08 0.10 0.13 0.15 0.17 0.19 0.19 0.19 0.22 0.22 0.20 0.19 0.19 0.21 0.26 0.32 0.47 0.54 0.42 0.31 0.29 0.29 0.30 0.32 0.35 0.34 0.27 0.24 0.25 0.24 0.25 0.26 0.25 0.25 0.27 0.30 0.31 0.32 0.31 0.30 0.33 0.34 0.34 0.35 0.32 0.26 0.21 0.20 0.21 0.18 0.12 0.10 0.08 0.08 0.09 0.09 0.11 0.15 0.19 0.21 0.22 0.24 0.24 0.26 0.28 0.30 0.32 0.33 0.34 0.36 0.42 0.48 0.53 0.61 0.67 0.71 0.71 0.55 0.45 0.51 0.50 0.39 0.30 0.28
0.08 0.10 0.13 0.15 0.19 0.20 0.19 0.18 0.21 0.22 0.21 0.19 0.19 0.23 0.27 0.36 0.53 0.54 0.42 0.33 0.31 0.31 0.32 0.33 0.33 0.30 0.25 0.24 0.23 0.23 0.23 0.23 0.23 0.25 0.30 0.32 0.33 0.33 0.31 0.32 0.34 0.34 0.34 0.34 0.29 0.22 0.19 0.19 0.18 0.15 0.11 0.09 0.09 0.09 0.09 0.09 0.10 0.14 0.18 0.20 0.22 0.24 0.23 0.24 0.27 0.29 0.31 0.32 0.31 0.33 0.39 0.44 0.48 0.56 0.67 0.74 0.77 0.62 0.48 0.54 0.57 0.43 0.29 0.26
0.08 0.11 0.14 0.16 0.19 0.19 0.18 0.19 0.21 0.23 0.23 0.21 0.22 0.26 0.35 0.52 0.58 0.50 0.39 0.33 0.32 0.31 0.30 0.30 0.27 0.26 0.25 0.25 0.24 0.24 0.24 0.24 0.25 0.27 0.30 0.32 0.32 0.31 0.30 0.33 0.34 0.33 0.33 0.31 0.24 0.20 0.19 0.17 0.14 0.12 0.11 0.09 0.09 0.09 0.09 0.09 0.10 0.13 0.16 0.19 0.21 0.23 0.23 0.24 0.26 0.28 0.30 0.32 0.31 0.30 0.34 0.40 0.44 0.49 0.63 0.77 0.83 0.70 0.51 0.53 0.58 0.50 0.34 0.26
0.09 0.12 0.15 0.17 0.19 0.19 0.19 0.20 0.21 0.23 0.24 0.22 0.23 0.31 0.50 0.60 0.53 0.42 0.35 0.32 0.29 0.27 0.26 0.25 0.23 0.24 0.25 0.26 0.26 0.27 0.27 0.27 0.27 0.28 0.29 0.30 0.30 0.28 0.30 0.34 0.34 0.32 0.30 0.25 0.20 0.18 0.17 0.14 0.12 0.11 0.11 0.09 0.09 0.09 0.09 0.08 0.10 0.13 0.16 0.18 0.20 0.21 0.22 0.23 0.25 0.28 0.29 0.32 0.34 0.30 0.29 0.33 0.39 0.43 0.55 0.74 0.87 0.83 0.61 0.55 0.56 0.51 0.42 0.34
0.09 0.12 0.15 0.16 0.18 0.19 0.19 0.20 0.20 0.21 0.22 0.22 0.22 0.34 0.55 0.54 0.42 0.37 0.33 0.30 0.26 0.22 0.22 0.22 0.22 0.23 0.25 0.27 0.28 0.29 0.28 0.28 0.28 0.28 0.29 0.30 0.29 0.28 0.31 0.34 0.32 0.30 0.27 0.21 0.18 0.16 0.14 0.11 0.10 0.10 0.10 0.09 0.09 0.09 0.08 0.08 0.10 0.13 0.16 0.17 0.19 0.20 0.21 0.22 0.24 0.27 0.29 0.32 0.37 0.35 0.28 0.27 0.31 0.35 0.45 0.64 0.83 0.90 0.81 0.65 0.56 0.49 0.45 0.43
0.09 0.11 0.14 0.15 0.18 0.19 0.18 0.18 0.18 0.19 0.20 0.22 0.24 0.38 0.54 0.47 0.38 0.35 0.30 0.27 0.24 0.21 0.20 0.21 0.22 0.23 0.25 0.28 0.30 0.28 0.26 0.25 0.26 0.27 0.29 0.30 0.29 0.29 0.32 0.34 0.31 0.28 0.23 0.18 0.15 0.13 0.11 0.10 0.09 0.09 0.09 0.08 0.08 0.08 0.08 0.08 0.10 0.14 0.15 0.16 0.17 0.18 0.20 0.21 0.22 0.26 0.28 0.32 0.39 0.42 0.34 0.27 0.26 0.27 0.29 0.46 0.70 0.87 0.92 0.87 0.68 0.51 0.48 0.48
0.09 0.11 0.13 0.14 0.17 0.18 0.17 0.16 0.17 0.19 0.21 0.24 0.30 0.49 0.56 0.45 0.36 0.30 0.24 0.23 0.23 0.21 0.20 0.21 0.21 0.22 0.25 0.28 0.29 0.27 0.25 0.24 0.26 0.28 0.29 0.29 0.28 0.29 0.33 0.35 0.30 0.23 0.18 0.15 0.13 0.12 0.11 0.09 0.08 0.09 0.09 0.09 0.08 0.08 0.08 0.09 0.11 0.14 0.14 0.15 0.16 0.17 0.19 0.20 0.21 0.24 0.28 0.32 0.38 0.44 0.43 0.34 0.28 0.26 0.24 0.28 0.50 0.71 0.84 0.96 0.90 0.62 0.55 0.51
0.09 0.10 0.12 0.14 0.17 0.17 0.15 0.16 0.18 0.20 0.23 0.29 0.45 0.60 0.54 0.37 0.30 0.25 0.22 0.21 0.22 0.21 0.20 0.19 0.19 0.21 0.24 0.27 0.27 0.25 0.26 0.28 0.29 0.28 0.28 0.27 0.28 0.32 0.36 0.33 0.25 0.18 0.15 0.13 0.12 0.11 0.10 0.09 0.09 0.09 0.09 0.09 0.08 0.08 0.09 0.10 0.12 0.13 0.13 0.14 0.14 0.16 0.17 0.18 0.20 0.24 0.28 0.33 0.38 0.43 0.47 0.45 0.35 0.28 0.24 0.23 0.34 0.53 0.67 0.86 0.96 0.81 0.68 0.55
0.09 0.10 0.12 0.15 0.16 0.15 0.16 0.18 0.18 0.22 0.27 0.36 0.57 0.58 0.39 0.27 0.25 0.22 0.21 0.21 0.23 0.22 0.20 0.19 0.19 0.21 0.24 0.26 0.26 0.25 0.26 0.29 0.30 0.29 0.31 0.31 0.32 0.34 0.34 0.28 0.19 0.15 0.13 0.11 0.11 0.10 0.09 0.09 0.09 0.09 0.09 0.09 0.08 0.09 0.11 0.12 0.12 0.12 0.12 0.13 0.13 0.15 0.15 0.15 0.18 0.23 0.28 0.33 0.37 0.42 0.48 0.51 0.44 0.32 0.27 0.22 0.25 0.41 0.53 0.70 0.88 0.88 0.74 0.61
0.08 0.09 0.13 0.15 0.14 0.16 0.19 0.20 0.21 0.27 0.33 0.48 0.58 0.43 0.26 0.23 0.22 0.21 0.21 0.24 0.25 0.25 0.22 0.21 0.21 0.22 0.23 0.24 0.24 0.24 0.25 0.28 0.29 0.32 0.35 0.35 0.35 0.34 0.30 0.22 0.16 0.13 0.12 0.11 0.11 0.10 0.10 0.09 0.09 0.09 0.08 0.08 0.09 0.11 0.12 0.12 0.11 0.11 0.11 0.12 0.13 0.14 0.13 0.13 0.15 0.21 0.26 0.32 0.37 0.43 0.48 0.54 0.53 0.42 0.31 0.20 0.20 0.36 0.49 0.60 0.80 0.88 0.75 0.61
0.08 0.09 0.13 0.13 0.14 0.17 0.20 0.21 0.25 0.30 0.38 0.55 0.53 0.28 0.21 0.21 0.20 0.22 0.24 0.26 0.26 0.25 0.25 0.26 0.27 0.25 0.23 0.21 0.21 0.23 0.24 0.27 0.30 0.32 0.33 0.34 0.34 0.32 0.26 0.20 0.17 0.15 0.14 0.13 0.12 0.11 0.10 0.10 0.09 0.08 0.07 0.07 0.10 0.11 0.12 0.11 0.10 0.10 0.11 0.11 0.12 0.13 0.12 0.11 0.13 0.17 0.22 0.27 0.33 0.41 0.47 0.53 0.59 0.56 0.34 0.19 0.21 0.37 0.53 0.65 0.76 0.83 0.77 0.60
0.09 0.09 0.12 0.14 0.15 0.17 0.20 0.23 0.27 0.30 0.39 0.49 0.38 0.23 0.20 0.21 0.21 0.24 0.26 0.24 0.22 0.21 0.23 0.26 0.28 0.29 0.27 0.24 0.22 0.23 0.26 0.28 0.29 0.29 0.30 0.31 0.29 0.25 0.21 0.19 0.17 0.17 0.16 0.14 0.13 0.12 0.11 0.10 0.08 0.07 0.07 0.09 0.11 0.13 0.12 0.10 0.09 0.10 0.10 0.11 0.12 0.12 0.12 0.11 0.12 0.15 0.18 0.20 0.25 0.34 0.42 0.49 0.60 0.62 0.43 0.24 0.25 0.39 0.61 0.73 0.67 0.74 0.80 0.62
0.10 0.10 0.14 0.15 0.16 0.17 0.20 0.23 0.27 0.28 0.36 0.44 0.34 0.25 0.23 0.22 0.22 0.25 0.23 0.18 0.18 0.18 0.19 0.21 0.22 0.23 0.26 0.28 0.28 0.28 0.27 0.28 0.28 0.26 0.25 0.23 0.20 0.18 0.18 0.18 0.17 0.17 0.16 0.14 0.13 0.12 0.11 0.09 0.08 0.08 0.09 0.11 0.13 0.14 0.12 0.10 0.09 0.10 0.10 0.11 0.12 0.12 0.12 0.12 0.12 0.15 0.18 0.19 0.20 0.24 0.33 0.45 0.59 0.64 0.50 0.33 0.28 0.37 0.63 0.76 0.64 0.71 0.78 0.58
0.10 0.11 0.15 0.16 0.16 0.18 0.21 0.24 0.27 0.27 0.31 0.45 0.42 0.30 0.27 0.24 0.24 0.24 0.19 0.15 0.15 0.17 0.18 0.18 0.16 0.17 0.20 0.26 0.30 0.31 0.30 0.29 0.27 0.25 0.21 0.16 0.14 0.14 0.15 0.16 0.17 0.16 0.15 0.14 0.13 0.12 0.10 0.09 0.09 0.09 0.10 0.12 0.13 0.13 0.11 0.10 0.10 0.10 0.11 0.12 0.12 0.11 0.12 0.12 0.12 0.15 0.19 0.19 0.19 0.22 0.25 0.36 0.56 0.63 0.53 0.39 0.31 0.34 0.60 0.76 0.70 0.75 0.73 0.52
0.10 0.12 0.15 0.17 0.19 0.22 0.23 0.26 0.29 0.28 0.35 0.51 0.46 0.32 0.30 0.29 0.29 0.27 0.22 0.18 0.18 0.18 0.17 0.15 0.14 0.15 0.17 0.19 0.21 0.25 0.29 0.29 0.26 0.22 0.16 0.13 0.12 0.13 0.14 0.15 0.16 0.16 0.15 0.14 0.13 0.12 0.11 0.10 0.10 0.10 0.10 0.11 0.13 0.13 0.12 0.12 0.11 0.11 0.13 0.14 0.12 0.11 0.11 0.12 0.13 0.16 0.19 0.19 0.20 0.22 0.24 0.30 0.47 0.60 0.54 0.43 0.38 0.37 0.48 0.69 0.78 0.77 0.65 0.56
0.11 0.13 0.15 0.17 0.21 0.24 0.25 0.28 0.30 0.35 0.49 0.53 0.38 0.27 0.26 0.28 0.28 0.28 0.27 0.28 0.27 0.26 0.21 0.16 0.14 0.15 0.16 0.16 0.17 0.18 0.18 0.21 0.20 0.16 0.14 0.13 0.14 0.15 0.16 0.16 0.16 0.15 0.15 0.15 0.14 0.13 0.12 0.11 0.10 0.10 0.10 0.11 0.12 0.13 0.13 0.13 0.12 0.13 0.13 0.13 0.12 0.11 0.11 0.12 0.14 0.16 0.18 0.19 0.21 0.23 0.26 0.30 0.41 0.54 0.51 0.45 0.47 0.47 0.42 0.56 0.77 0.74 0.69 0.62
0.12 0.13 0.14 0.17 0.21 0.23 0.25 0.27 0.35 0.46 0.52 0.42 0.26 0.22 0.21 0.22 0.23 0.23 0.24 0.26 0.28 0.30 0.30 0.27 0.22 0.19 0.19 0.19 0.19 0.17 0.15 0.14 0.14 0.14 0.15 0.16 0.17 0.17 0.17 0.17 0.16 0.16 0.16 0.16 0.15 0.14 0.13 0.12 0.11 0.10 0.10 0.10 0.12 0.13 0.14 0.14 0.14 0.13 0.13 0.13 0.12 0.11 0.12 0.13 0.14 0.15 0.17 0.19 0.21 0.23 0.27 0.29 0.37 0.47 0.49 0.46 0.51 0.53 0.43 0.54 0.71 0.77 0.82 0.73
0.13 0.15 0.17 0.19 0.21 0.25 0.26 0.29 0.42 0.47 0.39 0.27 0.22 0.20 0.19 0.20 0.20 0.20 0.20 0.20 0.22 0.24 0.27 0.30 0.31 0.29 0.26 0.25 0.23 0.19 0.16 0.14 0.13 0.14 0.15 0.17 0.19 0.19 0.19 0.18 0.17 0.17 0.16 0.15 0.15 0.14 0.13 0.13 0.12 0.10 0.10 0.10 0.11 0.13 0.16 0.16 0.15 0.13 0.13 0.13 0.11 0.12 0.13 0.14 0.14 0.16 0.17 0.19 0.21 0.24 0.26 0.25 0.29 0.39 0.46 0.49 0.54 0.51 0.42 0.53 0.64 0.72 0.89 0.89
0.16 0.18 0.19 0.21 0.26 0.29 0.28 0.32 0.47 0.45 0.29 0.22 0.20 0.18 0.17 0.18 0.18 0.18 0.19 0.20 0.20 0.19 0.21 0.24 0.27 0.30 0.28 0.23 0.19 0.16 0.14 0.13 0.13 0.14 0.16 0.17 0.19 0.20 0.20 0.20 0.18 0.18 0.17 0.16 0.15 0.13 0.12 0.12 0.11 0.10 0.09 0.09 0.11 0.15 0.17 0.17 0.16 0.15 0.14 0.13 0.11 0.12 0.13 0.14 0.16 0.16 0.17 0.18 0.21 0.26 0.27 0.22 0.19 0.27 0.39 0.53 0.58 0.46 0.36 0.47 0.52 0.56 0.80 0.98
0.18 0.18 0.20 0.23 0.27 0.28 0.25 0.32 0.49 0.43 0.26 0.21 0.19 0.17 0.16 0.16 0.15 0.16 0.18 0.18 0.18 0.17 0.17 0.18 0.21 0.24 0.24 0.20 0.15 0.15 0.14 0.14 0.14 0.15 0.16 0.17 0.18 0.19 0.20 0.20 0.19 0.18 0.17 0.16 0.15 0.15 0.13 0.11 0.11 0.10 0.10 0.10 0.12 0.15 0.18 0.18 0.17 0.16 0.15 0.14 0.12 0.12 0.14 0.16 0.17 0.17 0.17 0.18 0.20 0.27 0.29 0.20 0.13 0.19 0.33 0.55 0.62 0.44 0.33 0.37 0.42 0.46 0.63 0.96
