windninja/windninja_output/Output_2025-08-24_0200-0250_Google earth_Fire_150m_10min/merlingen_7.5mi_point_08-24-2025_0230_150m_vel.asc
ncols	158
nrows	163
xllcorner	391686.332397
yllcorner	5160024.123721
cellsize	150.000000
NODATA_value	-32768.000000
[rows 114 to 151 of 163, columns 0 to 83 of 158]
0.34 0.33 0.31 0.30 0.30 0.29 0.27 0.26 0.27 0.27 0.28 0.30 0.30 0.29 0.30 0.29 0.22 0.18 0.21 0.25 0.31 0.40 0.42 0.32 0.26 0.26 0.25 0.22 0.19 0.19 0.27 0.38 0.42 0.38 0.33 0.29 0.28 0.28 0.26 0.24 0.24 0.24 0.24 0.23 0.19 0.16 0.15 0.14 0.13 0.10 0.10 0.11 0.16 0.23 0.29 0.31 0.31 0.33 0.38 0.43 0.43 0.42 0.45 0.49 0.48 0.48 0.53 0.57 0.58 0.56 0.52 0.50 0.51 0.51 0.56 0.63 0.64 0.61 0.59 0.64 0.72 0.69 0.58 0.53
0.32 0.33 0.33 0.31 0.30 0.30 0.29 0.27 0.25 0.25 0.25 0.27 0.28 0.30 0.32 0.30 0.22 0.18 0.18 0.19 0.24 0.32 0.40 0.41 0.35 0.29 0.28 0.27 0.26 0.22 0.23 0.33 0.41 0.42 0.35 0.28 0.25 0.26 0.26 0.24 0.25 0.26 0.26 0.26 0.22 0.19 0.18 0.17 0.15 0.13 0.11 0.11 0.13 0.18 0.25 0.30 0.31 0.31 0.35 0.40 0.42 0.41 0.43 0.47 0.48 0.47 0.50 0.54 0.57 0.57 0.56 0.56 0.56 0.52 0.51 0.59 0.66 0.65 0.59 0.60 0.70 0.73 0.64 0.59
0.30 0.31 0.32 0.31 0.30 0.29 0.29 0.29 0.27 0.26 0.25 0.24 0.24 0.27 0.32 0.31 0.23 0.17 0.16 0.17 0.21 0.27 0.34 0.39 0.40 0.35 0.29 0.29 0.28 0.25 0.25 0.30 0.39 0.43 0.37 0.28 0.25 0.26 0.27 0.26 0.25 0.26 0.28 0.28 0.25 0.21 0.18 0.16 0.16 0.15 0.13 0.12 0.12 0.15 0.22 0.28 0.30 0.30 0.31 0.36 0.39 0.40 0.41 0.45 0.47 0.46 0.48 0.52 0.55 0.57 0.58 0.59 0.62 0.62 0.54 0.52 0.61 0.67 0.64 0.59 0.66 0.71 0.64 0.61
0.28 0.30 0.31 0.30 0.29 0.27 0.26 0.27 0.29 0.28 0.26 0.22 0.21 0.23 0.29 0.32 0.24 0.16 0.16 0.17 0.21 0.24 0.27 0.31 0.37 0.39 0.36 0.32 0.32 0.26 0.23 0.24 0.32 0.41 0.40 0.32 0.28 0.28 0.29 0.29 0.29 0.28 0.28 0.29 0.28 0.23 0.20 0.19 0.18 0.18 0.17 0.15 0.14 0.15 0.19 0.25 0.29 0.29 0.30 0.33 0.35 0.37 0.40 0.44 0.45 0.45 0.47 0.50 0.53 0.56 0.57 0.60 0.65 0.70 0.69 0.59 0.56 0.63 0.68 0.64 0.66 0.70 0.63 0.58
0.27 0.28 0.29 0.29 0.28 0.27 0.25 0.25 0.26 0.28 0.28 0.23 0.19 0.20 0.25 0.32 0.27 0.16 0.15 0.15 0.16 0.18 0.19 0.21 0.25 0.33 0.36 0.36 0.37 0.34 0.27 0.23 0.27 0.35 0.40 0.43 0.40 0.36 0.34 0.33 0.33 0.32 0.30 0.29 0.28 0.26 0.23 0.22 0.21 0.20 0.19 0.17 0.15 0.15 0.17 0.23 0.27 0.29 0.29 0.31 0.32 0.33 0.37 0.42 0.45 0.46 0.47 0.50 0.52 0.54 0.55 0.57 0.61 0.70 0.77 0.75 0.64 0.62 0.67 0.69 0.71 0.72 0.64 0.57
0.27 0.27 0.28 0.29 0.27 0.25 0.24 0.23 0.23 0.23 0.26 0.25 0.18 0.17 0.21 0.28 0.29 0.19 0.13 0.12 0.11 0.11 0.13 0.15 0.16 0.19 0.23 0.25 0.30 0.34 0.32 0.29 0.27 0.28 0.34 0.42 0.45 0.43 0.41 0.41 0.40 0.37 0.34 0.32 0.31 0.29 0.26 0.23 0.21 0.21 0.20 0.18 0.16 0.15 0.15 0.20 0.25 0.28 0.28 0.30 0.31 0.31 0.32 0.36 0.40 0.43 0.45 0.48 0.52 0.53 0.53 0.53 0.56 0.63 0.74 0.82 0.79 0.71 0.69 0.69 0.72 0.73 0.66 0.59
0.26 0.26 0.27 0.29 0.26 0.23 0.22 0.21 0.21 0.20 0.22 0.24 0.18 0.17 0.19 0.25 0.28 0.23 0.14 0.10 0.09 0.08 0.09 0.10 0.11 0.12 0.13 0.14 0.17 0.21 0.24 0.24 0.22 0.23 0.27 0.33 0.38 0.40 0.39 0.40 0.43 0.43 0.41 0.38 0.36 0.34 0.31 0.27 0.24 0.22 0.21 0.19 0.17 0.15 0.15 0.18 0.23 0.26 0.27 0.28 0.30 0.29 0.30 0.31 0.31 0.33 0.34 0.36 0.43 0.50 0.51 0.50 0.51 0.55 0.64 0.78 0.86 0.84 0.78 0.74 0.72 0.73 0.68 0.61
0.25 0.25 0.26 0.29 0.30 0.26 0.24 0.23 0.21 0.18 0.19 0.22 0.18 0.16 0.19 0.23 0.27 0.24 0.17 0.12 0.08 0.06 0.05 0.06 0.07 0.09 0.10 0.11 0.12 0.12 0.14 0.16 0.18 0.20 0.24 0.28 0.29 0.32 0.31 0.30 0.36 0.41 0.41 0.38 0.36 0.35 0.34 0.31 0.28 0.25 0.22 0.20 0.18 0.17 0.16 0.18 0.22 0.25 0.25 0.27 0.28 0.27 0.27 0.29 0.28 0.28 0.27 0.22 0.26 0.39 0.46 0.48 0.48 0.48 0.53 0.65 0.80 0.91 0.91 0.86 0.80 0.76 0.70 0.64
0.23 0.24 0.25 0.27 0.30 0.30 0.30 0.30 0.26 0.19 0.18 0.21 0.17 0.13 0.15 0.19 0.24 0.25 0.19 0.13 0.09 0.06 0.04 0.03 0.04 0.05 0.06 0.07 0.09 0.10 0.11 0.14 0.17 0.18 0.22 0.24 0.24 0.28 0.26 0.23 0.25 0.31 0.37 0.37 0.32 0.31 0.30 0.28 0.26 0.25 0.23 0.20 0.18 0.17 0.16 0.17 0.21 0.24 0.25 0.26 0.26 0.25 0.26 0.28 0.29 0.33 0.33 0.24 0.17 0.22 0.33 0.41 0.44 0.45 0.45 0.51 0.64 0.82 0.95 0.99 0.95 0.87 0.76 0.69
0.21 0.22 0.22 0.21 0.23 0.26 0.28 0.30 0.31 0.26 0.20 0.20 0.17 0.12 0.11 0.13 0.19 0.24 0.22 0.15 0.10 0.07 0.05 0.03 0.02 0.03 0.04 0.05 0.07 0.09 0.10 0.12 0.15 0.16 0.19 0.22 0.21 0.25 0.26 0.21 0.19 0.23 0.32 0.37 0.34 0.29 0.27 0.24 0.24 0.24 0.23 0.21 0.19 0.17 0.16 0.16 0.18 0.21 0.22 0.23 0.25 0.25 0.26 0.28 0.29 0.34 0.39 0.35 0.24 0.17 0.21 0.29 0.36 0.39 0.40 0.41 0.48 0.62 0.81 0.97 1.06 1.04 0.91 0.79
0.20 0.20 0.20 0.19 0.19 0.21 0.23 0.25 0.29 0.29 0.26 0.23 0.15 0.10 0.09 0.10 0.13 0.20 0.23 0.18 0.12 0.08 0.06 0.05 0.04 0.03 0.03 0.04 0.06 0.08 0.09 0.11 0.14 0.14 0.17 0.20 0.19 0.21 0.24 0.21 0.18 0.19 0.24 0.33 0.36 0.32 0.28 0.24 0.23 0.24 0.24 0.23 0.20 0.18 0.17 0.17 0.18 0.21 0.21 0.20 0.23 0.27 0.28 0.29 0.30 0.33 0.37 0.41 0.37 0.24 0.18 0.20 0.24 0.27 0.32 0.33 0.36 0.44 0.59 0.76 0.93 1.08 1.08 0.93
0.20 0.21 0.20 0.19 0.19 0.20 0.21 0.22 0.25 0.27 0.28 0.27 0.19 0.11 0.08 0.08 0.09 0.13 0.19 0.21 0.18 0.11 0.08 0.07 0.06 0.06 0.06 0.08 0.08 0.08 0.08 0.11 0.13 0.13 0.15 0.18 0.18 0.18 0.21 0.21 0.17 0.16 0.18 0.26 0.34 0.34 0.29 0.25 0.23 0.23 0.23 0.23 0.21 0.19 0.18 0.19 0.21 0.24 0.26 0.24 0.24 0.27 0.29 0.30 0.31 0.33 0.35 0.39 0.42 0.38 0.27 0.22 0.21 0.19 0.20 0.23 0.25 0.29 0.38 0.50 0.62 0.86 1.08 1.07
0.18 0.19 0.20 0.18 0.18 0.19 0.20 0.20 0.22 0.23 0.25 0.29 0.25 0.14 0.10 0.08 0.08 0.10 0.13 0.17 0.18 0.16 0.11 0.10 0.11 0.12 0.12 0.11 0.09 0.08 0.08 0.10 0.13 0.12 0.13 0.16 0.17 0.16 0.17 0.19 0.17 0.14 0.14 0.19 0.28 0.32 0.30 0.26 0.24 0.23 0.22 0.22 0.21 0.20 0.18 0.18 0.20 0.24 0.27 0.27 0.26 0.27 0.28 0.29 0.30 0.33 0.34 0.36 0.40 0.43 0.41 0.35 0.29 0.22 0.17 0.15 0.15 0.18 0.22 0.30 0.41 0.58 0.86 1.05
0.17 0.18 0.19 0.17 0.17 0.18 0.19 0.19 0.19 0.20 0.22 0.27 0.28 0.22 0.16 0.11 0.09 0.10 0.11 0.13 0.16 0.18 0.18 0.17 0.16 0.15 0.13 0.10 0.09 0.08 0.07 0.09 0.12 0.13 0.12 0.14 0.15 0.15 0.14 0.15 0.15 0.13 0.12 0.14 0.22 0.29 0.29 0.26 0.24 0.22 0.22 0.21 0.19 0.19 0.18 0.17 0.18 0.21 0.24 0.26 0.26 0.26 0.27 0.27 0.29 0.31 0.33 0.35 0.37 0.41 0.44 0.44 0.39 0.31 0.24 0.17 0.11 0.11 0.15 0.20 0.29 0.43 0.61 0.82
0.17 0.17 0.18 0.17 0.15 0.16 0.17 0.18 0.18 0.17 0.19 0.22 0.26 0.27 0.23 0.15 0.11 0.11 0.12 0.14 0.16 0.16 0.17 0.16 0.15 0.14 0.11 0.09 0.08 0.07 0.06 0.07 0.11 0.12 0.13 0.14 0.14 0.14 0.13 0.13 0.14 0.12 0.11 0.11 0.16 0.24 0.27 0.24 0.22 0.21 0.20 0.20 0.19 0.19 0.18 0.17 0.18 0.19 0.22 0.23 0.24 0.25 0.26 0.27 0.28 0.30 0.32 0.34 0.36 0.38 0.41 0.46 0.45 0.37 0.30 0.24 0.15 0.09 0.09 0.12 0.17 0.29 0.44 0.60
0.16 0.16 0.17 0.15 0.14 0.13 0.13 0.15 0.15 0.15 0.15 0.17 0.20 0.23 0.24 0.22 0.16 0.13 0.13 0.14 0.12 0.10 0.11 0.12 0.12 0.12 0.11 0.09 0.07 0.06 0.05 0.06 0.08 0.10 0.12 0.14 0.14 0.12 0.12 0.12 0.12 0.12 0.11 0.09 0.11 0.19 0.24 0.24 0.22 0.21 0.20 0.19 0.18 0.18 0.18 0.17 0.18 0.19 0.21 0.22 0.23 0.24 0.25 0.27 0.28 0.30 0.31 0.33 0.35 0.37 0.40 0.45 0.49 0.46 0.37 0.31 0.23 0.13 0.09 0.09 0.09 0.12 0.22 0.39
0.16 0.16 0.17 0.15 0.13 0.13 0.12 0.12 0.12 0.12 0.12 0.11 0.12 0.14 0.17 0.20 0.18 0.15 0.13 0.11 0.08 0.07 0.08 0.10 0.11 0.11 0.10 0.09 0.08 0.06 0.05 0.05 0.06 0.07 0.09 0.12 0.14 0.13 0.11 0.11 0.11 0.11 0.10 0.09 0.09 0.13 0.20 0.22 0.22 0.21 0.20 0.19 0.18 0.17 0.17 0.16 0.17 0.18 0.20 0.21 0.22 0.23 0.24 0.26 0.27 0.29 0.30 0.32 0.34 0.36 0.39 0.43 0.49 0.52 0.48 0.41 0.32 0.21 0.14 0.11 0.09 0.07 0.07 0.14
0.16 0.16 0.17 0.16 0.14 0.14 0.14 0.13 0.11 0.09 0.08 0.08 0.08 0.09 0.11 0.13 0.15 0.14 0.11 0.08 0.07 0.06 0.06 0.08 0.10 0.10 0.09 0.08 0.08 0.07 0.06 0.05 0.04 0.05 0.06 0.09 0.12 0.13 0.12 0.11 0.11 0.11 0.11 0.10 0.09 0.09 0.13 0.17 0.20 0.20 0.18 0.18 0.17 0.16 0.16 0.15 0.15 0.17 0.19 0.20 0.21 0.21 0.22 0.24 0.26 0.28 0.30 0.31 0.32 0.35 0.38 0.42 0.46 0.51 0.53 0.52 0.44 0.30 0.24 0.20 0.14 0.08 0.06 0.06
0.16 0.15 0.15 0.16 0.15 0.14 0.14 0.15 0.14 0.11 0.07 0.07 0.07 0.07 0.09 0.09 0.11 0.11 0.08 0.07 0.06 0.06 0.06 0.06 0.07 0.09 0.09 0.07 0.07 0.06 0.06 0.05 0.04 0.04 0.05 0.06 0.08 0.10 0.11 0.11 0.11 0.11 0.11 0.11 0.09 0.08 0.09 0.12 0.16 0.17 0.17 0.16 0.16 0.16 0.16 0.15 0.15 0.16 0.17 0.19 0.20 0.20 0.20 0.22 0.24 0.26 0.28 0.29 0.31 0.33 0.36 0.41 0.45 0.50 0.53 0.54 0.52 0.41 0.34 0.33 0.26 0.13 0.06 0.05
0.15 0.14 0.14 0.15 0.15 0.14 0.13 0.13 0.15 0.15 0.11 0.08 0.07 0.07 0.07 0.08 0.10 0.11 0.10 0.08 0.07 0.06 0.06 0.05 0.05 0.07 0.08 0.07 0.06 0.05 0.05 0.04 0.03 0.03 0.04 0.05 0.06 0.07 0.08 0.09 0.10 0.10 0.10 0.11 0.10 0.09 0.08 0.10 0.13 0.15 0.15 0.15 0.15 0.15 0.15 0.15 0.15 0.16 0.18 0.19 0.21 0.22 0.22 0.22 0.24 0.25 0.26 0.27 0.28 0.30 0.34 0.38 0.42 0.48 0.54 0.56 0.54 0.44 0.36 0.38 0.37 0.25 0.11 0.05
0.16 0.15 0.14 0.14 0.15 0.14 0.12 0.11 0.12 0.14 0.14 0.12 0.11 0.09 0.08 0.08 0.09 0.09 0.10 0.10 0.08 0.07 0.05 0.05 0.04 0.05 0.07 0.07 0.06 0.05 0.04 0.04 0.03 0.03 0.03 0.04 0.05 0.05 0.06 0.07 0.08 0.09 0.09 0.09 0.09 0.09 0.09 0.09 0.11 0.13 0.13 0.13 0.14 0.14 0.14 0.14 0.15 0.16 0.17 0.18 0.20 0.21 0.22 0.23 0.24 0.25 0.26 0.26 0.25 0.26 0.30 0.35 0.39 0.43 0.52 0.60 0.60 0.48 0.35 0.35 0.39 0.34 0.22 0.12
0.15 0.15 0.15 0.14 0.14 0.14 0.13 0.11 0.10 0.11 0.12 0.12 0.11 0.10 0.09 0.08 0.07 0.07 0.07 0.08 0.08 0.07 0.05 0.04 0.03 0.04 0.05 0.06 0.06 0.05 0.04 0.04 0.03 0.03 0.03 0.04 0.04 0.04 0.05 0.06 0.07 0.07 0.07 0.07 0.08 0.08 0.08 0.08 0.09 0.11 0.12 0.13 0.13 0.13 0.13 0.13 0.14 0.15 0.16 0.17 0.19 0.20 0.22 0.23 0.24 0.25 0.26 0.27 0.26 0.22 0.23 0.29 0.35 0.40 0.48 0.59 0.67 0.62 0.42 0.35 0.36 0.35 0.30 0.21
0.14 0.15 0.15 0.14 0.13 0.13 0.12 0.11 0.10 0.08 0.08 0.09 0.09 0.09 0.08 0.06 0.05 0.05 0.05 0.06 0.06 0.06 0.05 0.04 0.03 0.03 0.03 0.04 0.04 0.04 0.03 0.03 0.03 0.02 0.02 0.03 0.04 0.04 0.05 0.05 0.05 0.06 0.06 0.05 0.06 0.06 0.07 0.07 0.08 0.09 0.10 0.11 0.12 0.12 0.12 0.13 0.14 0.15 0.16 0.17 0.19 0.20 0.21 0.23 0.24 0.25 0.26 0.28 0.29 0.24 0.18 0.18 0.25 0.33 0.42 0.55 0.67 0.72 0.63 0.46 0.37 0.33 0.32 0.29
0.12 0.13 0.14 0.13 0.12 0.11 0.10 0.10 0.10 0.09 0.07 0.07 0.07 0.07 0.07 0.07 0.06 0.05 0.05 0.04 0.04 0.04 0.04 0.04 0.03 0.03 0.02 0.02 0.03 0.03 0.02 0.02 0.02 0.02 0.02 0.03 0.03 0.04 0.05 0.05 0.05 0.05 0.04 0.04 0.04 0.04 0.05 0.05 0.06 0.07 0.09 0.10 0.11 0.11 0.12 0.12 0.13 0.14 0.16 0.17 0.18 0.20 0.21 0.22 0.23 0.25 0.26 0.27 0.29 0.28 0.20 0.13 0.12 0.16 0.24 0.39 0.58 0.71 0.76 0.70 0.51 0.38 0.34 0.33
0.11 0.11 0.12 0.13 0.12 0.10 0.09 0.08 0.08 0.08 0.08 0.07 0.07 0.07 0.07 0.08 0.07 0.06 0.04 0.04 0.04 0.04 0.04 0.03 0.03 0.02 0.02 0.01 0.01 0.01 0.01 0.01 0.01 0.02 0.02 0.03 0.03 0.04 0.05 0.05 0.05 0.04 0.03 0.02 0.02 0.03 0.03 0.04 0.05 0.06 0.07 0.08 0.10 0.10 0.11 0.12 0.13 0.14 0.15 0.16 0.17 0.19 0.21 0.22 0.23 0.24 0.25 0.26 0.28 0.30 0.28 0.18 0.10 0.08 0.09 0.18 0.37 0.56 0.70 0.79 0.72 0.50 0.41 0.36
0.12 0.10 0.10 0.11 0.12 0.11 0.09 0.07 0.07 0.07 0.07 0.07 0.07 0.07 0.07 0.07 0.06 0.06 0.05 0.04 0.04 0.04 0.04 0.03 0.03 0.02 0.02 0.01 0.01 0.01 0.01 0.02 0.02 0.02 0.02 0.03 0.03 0.04 0.05 0.05 0.04 0.04 0.03 0.02 0.01 0.01 0.01 0.02 0.03 0.05 0.06 0.07 0.09 0.10 0.11 0.12 0.13 0.14 0.15 0.16 0.17 0.18 0.20 0.22 0.23 0.25 0.26 0.27 0.29 0.32 0.33 0.28 0.18 0.11 0.07 0.08 0.19 0.37 0.51 0.68 0.77 0.67 0.57 0.48
0.13 0.11 0.10 0.09 0.11 0.12 0.11 0.09 0.07 0.06 0.06 0.07 0.07 0.07 0.06 0.05 0.05 0.05 0.05 0.05 0.05 0.04 0.04 0.04 0.03 0.03 0.02 0.01 0.01 0.00 0.01 0.03 0.03 0.04 0.04 0.04 0.04 0.05 0.05 0.05 0.04 0.04 0.04 0.03 0.02 0.01 0.00 0.01 0.02 0.03 0.05 0.06 0.08 0.09 0.11 0.12 0.13 0.13 0.14 0.15 0.16 0.18 0.19 0.22 0.25 0.28 0.29 0.31 0.33 0.34 0.36 0.36 0.27 0.17 0.11 0.08 0.12 0.24 0.36 0.51 0.66 0.68 0.62 0.58
0.13 0.12 0.10 0.08 0.07 0.09 0.11 0.11 0.09 0.08 0.06 0.06 0.07 0.05 0.05 0.04 0.04 0.04 0.04 0.05 0.05 0.05 0.05 0.04 0.04 0.03 0.03 0.02 0.01 0.00 0.01 0.02 0.04 0.05 0.06 0.06 0.06 0.06 0.05 0.05 0.05 0.05 0.05 0.04 0.03 0.03 0.02 0.02 0.02 0.03 0.04 0.05 0.06 0.08 0.10 0.11 0.12 0.13 0.14 0.16 0.17 0.18 0.20 0.22 0.26 0.31 0.35 0.38 0.40 0.42 0.44 0.45 0.41 0.27 0.18 0.14 0.14 0.21 0.28 0.36 0.50 0.59 0.56 0.50
0.11 0.12 0.11 0.08 0.06 0.06 0.07 0.09 0.09 0.09 0.07 0.06 0.06 0.04 0.04 0.04 0.04 0.04 0.05 0.05 0.05 0.05 0.04 0.04 0.04 0.04 0.03 0.02 0.02 0.01 0.00 0.02 0.03 0.05 0.07 0.07 0.07 0.07 0.07 0.06 0.06 0.06 0.06 0.05 0.05 0.04 0.03 0.03 0.03 0.03 0.03 0.04 0.06 0.07 0.08 0.10 0.12 0.13 0.14 0.16 0.17 0.18 0.20 0.21 0.24 0.28 0.33 0.38 0.43 0.47 0.49 0.51 0.52 0.45 0.30 0.24 0.23 0.29 0.35 0.37 0.43 0.53 0.53 0.43
0.11 0.11 0.12 0.09 0.07 0.06 0.05 0.05 0.06 0.07 0.07 0.06 0.05 0.04 0.04 0.04 0.05 0.05 0.06 0.05 0.05 0.05 0.05 0.05 0.04 0.04 0.04 0.03 0.02 0.01 0.00 0.01 0.02 0.04 0.07 0.08 0.08 0.08 0.07 0.07 0.07 0.08 0.07 0.07 0.06 0.05 0.05 0.04 0.04 0.04 0.04 0.05 0.06 0.07 0.08 0.09 0.11 0.12 0.13 0.15 0.17 0.18 0.19 0.20 0.21 0.21 0.22 0.25 0.31 0.38 0.45 0.49 0.52 0.52 0.43 0.34 0.34 0.39 0.46 0.47 0.43 0.50 0.53 0.43
0.11 0.11 0.11 0.11 0.09 0.06 0.05 0.04 0.04 0.04 0.05 0.05 0.05 0.05 0.05 0.05 0.05 0.06 0.06 0.05 0.05 0.05 0.05 0.05 0.05 0.04 0.04 0.04 0.04 0.03 0.02 0.01 0.01 0.02 0.06 0.07 0.07 0.07 0.08 0.08 0.08 0.08 0.08 0.08 0.07 0.06 0.06 0.05 0.05 0.05 0.05 0.05 0.06 0.07 0.08 0.09 0.10 0.11 0.12 0.14 0.16 0.18 0.19 0.19 0.18 0.17 0.17 0.17 0.19 0.24 0.33 0.42 0.48 0.52 0.48 0.41 0.38 0.41 0.50 0.54 0.48 0.50 0.53 0.44
0.11 0.10 0.09 0.10 0.11 0.09 0.06 0.05 0.04 0.03 0.04 0.05 0.06 0.06 0.06 0.06 0.06 0.06 0.06 0.06 0.06 0.06 0.06 0.06 0.05 0.05 0.05 0.05 0.05 0.05 0.04 0.03 0.01 0.02 0.05 0.06 0.07 0.07 0.07 0.08 0.09 0.09 0.09 0.09 0.08 0.08 0.07 0.06 0.06 0.06 0.06 0.06 0.07 0.07 0.08 0.08 0.10 0.11 0.13 0.14 0.16 0.18 0.19 0.19 0.18 0.18 0.17 0.15 0.14 0.15 0.19 0.29 0.43 0.50 0.48 0.43 0.37 0.36 0.48 0.58 0.54 0.53 0.52 0.46
0.12 0.09 0.07 0.08 0.10 0.11 0.09 0.07 0.05 0.04 0.04 0.06 0.07 0.06 0.06 0.06 0.06 0.07 0.06 0.06 0.07 0.07 0.07 0.07 0.06 0.06 0.06 0.05 0.05 0.05 0.06 0.06 0.04 0.03 0.04 0.06 0.07 0.07 0.07 0.08 0.09 0.10 0.10 0.09 0.09 0.08 0.08 0.07 0.07 0.07 0.07 0.07 0.07 0.07 0.08 0.09 0.10 0.12 0.14 0.15 0.16 0.17 0.18 0.20 0.21 0.21 0.21 0.19 0.18 0.17 0.16 0.20 0.33 0.46 0.47 0.43 0.37 0.31 0.37 0.54 0.60 0.57 0.55 0.52
0.13 0.09 0.06 0.06 0.07 0.09 0.09 0.09 0.07 0.06 0.07 0.07 0.06 0.05 0.05 0.06 0.06 0.06 0.06 0.07 0.07 0.08 0.08 0.08 0.08 0.08 0.07 0.06 0.06 0.04 0.04 0.07 0.06 0.04 0.05 0.07 0.08 0.08 0.08 0.09 0.09 0.10 0.10 0.10 0.10 0.09 0.08 0.08 0.08 0.08 0.08 0.08 0.08 0.08 0.08 0.09 0.10 0.12 0.13 0.14 0.15 0.16 0.17 0.19 0.21 0.24 0.25 0.27 0.27 0.27 0.26 0.26 0.32 0.42 0.46 0.45 0.44 0.38 0.35 0.47 0.60 0.64 0.64 0.57
0.13 0.09 0.06 0.05 0.05 0.05 0.06 0.08 0.08 0.07 0.08 0.07 0.05 0.05 0.05 0.05 0.06 0.06 0.06 0.07 0.08 0.08 0.09 0.09 0.10 0.09 0.08 0.07 0.06 0.05 0.04 0.06 0.07 0.06 0.06 0.08 0.09 0.09 0.09 0.09 0.10 0.10 0.10 0.11 0.11 0.10 0.09 0.09 0.09 0.09 0.09 0.09 0.09 0.08 0.08 0.09 0.10 0.11 0.12 0.13 0.14 0.15 0.16 0.18 0.19 0.21 0.23 0.26 0.29 0.32 0.34 0.36 0.40 0.46 0.49 0.48 0.49 0.49 0.48 0.51 0.61 0.74 0.78 0.67
0.13 0.11 0.08 0.06 0.05 0.05 0.05 0.06 0.07 0.07 0.06 0.05 0.04 0.04 0.05 0.05 0.06 0.06 0.06 0.07 0.08 0.08 0.09 0.10 0.12 0.13 0.10 0.08 0.07 0.06 0.04 0.05 0.07 0.07 0.07 0.08 0.10 0.11 0.11 0.10 0.11 0.11 0.11 0.11 0.11 0.10 0.10 0.10 0.10 0.09 0.09 0.09 0.09 0.08 0.08 0.09 0.09 0.10 0.11 0.12 0.14 0.15 0.16 0.17 0.17 0.18 0.20 0.21 0.23 0.24 0.27 0.31 0.36 0.45 0.50 0.49 0.46 0.46 0.46 0.50 0.59 0.71 0.84 0.82
0.12 0.12 0.13 0.10 0.07 0.06 0.06 0.06 0.06 0.06 0.05 0.05 0.04 0.04 0.05 0.05 0.06 0.06 0.07 0.08 0.08 0.08 0.08 0.09 0.13 0.16 0.15 0.10 0.07 0.07 0.05 0.05 0.07 0.08 0.08 0.08 0.10 0.11 0.12 0.12 0.11 0.11 0.11 0.11 0.11 0.11 0.11 0.10 0.10 0.10 0.09 0.10 0.10 0.09 0.09 0.09 0.09 0.09 0.10 0.11 0.12 0.15 0.16 0.17 0.18 0.18 0.18 0.19 0.19 0.19 0.18 0.19 0.23 0.31 0.41 0.45 0.44 0.38 0.35 0.43 0.50 0.56 0.74 0.88
0.09 0.09 0.12 0.12 0.10 0.08 0.06 0.05 0.05 0.05 0.05 0.04 0.04 0.05 0.05 0.06 0.06 0.07 0.08 0.08 0.08 0.08 0.08 0.09 0.12 0.16 0.19 0.14 0.09 0.08 0.07 0.07 0.08 0.09 0.09 0.09 0.10 0.11 0.12 0.12 0.12 0.12 0.12 0.11 0.11 0.12 0.12 0.10 0.10 0.10 0.10 0.10 0.10 0.10 0.10 0.09 0.09 0.09 0.10 0.10 0.11 0.13 0.15 0.17 0.18 0.18 0.18 0.19 0.19 0.20 0.19 0.18 0.18 0.22 0.28 0.38 0.43 0.37 0.32 0.36 0.41 0.45 0.58 0.85
