windninja/windninja_output/Output_2025-08-24_0200-0250_Google earth_Fire_150m_10min/merlingen_7.5mi_point_08-24-2025_0240_150m_ang.asc
ncols	158
nrows	163
xllcorner	391686.332397
yllcorner	5160024.123721
cellsize	150.000000
NODATA_value	-32768.000000
[rows 42 to 83 of 163, columns 0 to 93 of 158]
249 249 248 248 248 248 249 248 248 247 247 248 248 248 248 247 247 248 248 249 249 249 249 250 250 250 252 253 256 258 258 256 254 251 244 239 240 244 246 244 243 242 241 242 244 242 239 239 240 245 251 252 248 246 249 249 244 243 245 246 244 241 241 240 240 246 249 249 248 243 237 240 243 240 247 250 233 208 213 228 235 236 241 247 251 248 239 236 242 248 252 251 250 252
249 249 248 248 248 248 248 248 248 247 247 247 248 248 248 248 248 248 248 249 249 249 249 249 250 250 251 253 255 257 257 255 253 250 247 244 246 248 246 245 245 244 245 248 245 240 240 242 245 251 255 253 245 242 245 246 244 242 243 246 248 249 250 246 245 247 249 248 242 232 229 234 236 235 241 240 222 206 212 228 236 240 247 253 252 242 233 235 242 247 251 251 253 256
249 249 249 249 249 249 248 248 248 248 247 247 248 247 248 248 248 248 248 248 248 248 249 249 250 250 251 252 254 255 255 254 253 251 250 252 255 254 250 248 247 248 251 250 244 239 241 245 250 254 254 248 240 237 239 242 241 241 244 247 250 253 254 255 256 255 252 248 239 229 229 233 233 234 236 231 216 206 215 231 240 247 253 254 247 236 233 238 243 248 251 254 260 261
250 249 249 250 249 249 248 248 248 248 248 248 248 247 247 248 248 248 248 248 248 248 249 249 250 250 251 252 252 253 254 254 253 253 253 258 261 259 255 252 251 252 253 249 240 238 243 250 255 255 250 244 239 236 238 240 241 243 248 250 251 253 255 259 262 260 255 248 240 236 239 239 238 237 235 228 214 207 219 233 244 252 255 251 241 235 237 241 244 247 251 258 264 261
250 250 250 250 249 249 249 249 248 248 248 248 247 247 248 248 248 248 248 248 248 248 248 249 250 251 251 251 252 253 254 254 254 254 255 258 260 261 259 256 256 256 253 246 238 242 249 254 256 251 246 242 237 237 239 241 243 248 253 255 253 254 257 261 261 259 254 248 241 241 245 245 243 240 234 227 214 210 224 238 248 253 252 248 242 239 241 243 243 245 251 259 263 258
250 250 250 249 249 250 251 250 249 249 248 248 247 248 248 248 248 248 248 248 248 248 249 250 250 251 251 251 251 252 253 254 255 256 257 258 260 261 261 260 260 258 253 244 240 248 256 257 253 246 242 238 235 237 238 240 245 251 257 259 257 257 259 261 260 257 252 247 242 242 245 246 245 240 234 226 218 218 232 244 250 252 250 247 243 242 244 244 244 247 251 257 258 253
251 251 250 249 248 251 252 251 250 249 249 248 248 248 248 248 248 248 249 249 248 249 249 250 250 250 251 251 251 252 253 254 255 256 257 259 260 261 263 264 263 260 253 245 246 253 257 255 248 241 237 235 238 241 241 244 250 255 259 258 257 259 259 259 260 257 252 247 244 244 245 245 244 239 233 227 223 227 237 245 249 249 249 246 243 243 243 243 246 249 250 251 251 249
252 251 249 248 249 251 252 252 252 250 250 249 249 248 248 249 249 249 249 249 249 249 249 249 250 250 250 251 251 252 252 253 254 255 256 258 260 261 263 263 263 261 257 252 254 257 256 251 245 237 231 234 240 242 244 248 255 260 259 254 253 256 256 258 259 257 252 248 245 244 244 243 241 237 232 228 227 229 235 242 245 247 247 245 243 243 242 243 247 248 247 247 246 246
253 252 249 247 249 251 251 252 252 251 250 249 249 249 248 248 249 249 249 249 249 249 249 249 250 250 250 251 251 252 252 253 254 254 256 258 261 262 261 261 261 261 260 259 260 260 255 248 242 236 234 240 244 244 246 252 259 260 255 251 250 252 256 259 260 256 251 247 246 245 244 243 240 235 232 231 230 230 235 240 244 245 245 244 245 245 245 246 248 247 244 243 243 242
254 253 249 248 250 250 249 250 251 252 251 250 249 249 249 249 249 249 249 249 249 249 249 250 250 250 250 250 251 252 252 253 253 254 255 258 261 262 262 261 261 262 263 262 263 260 253 244 239 238 241 248 250 250 253 259 261 256 249 247 248 251 257 261 260 254 250 246 244 244 244 242 238 235 235 235 233 232 235 240 242 244 246 247 247 248 249 249 248 246 243 241 241 241
255 254 250 251 253 252 249 249 250 251 251 250 250 249 249 250 249 249 249 249 250 250 250 250 250 250 250 251 251 252 252 253 253 254 255 257 259 261 262 261 261 263 264 265 263 258 250 239 237 240 243 247 248 252 259 263 260 251 245 244 246 251 259 261 258 252 247 243 242 243 242 240 237 235 237 238 236 237 240 242 241 242 246 249 252 253 253 251 249 246 242 241 239 239
253 253 252 252 253 252 249 249 250 250 251 251 250 250 250 250 250 249 250 250 250 250 250 250 250 250 251 251 251 252 252 253 253 254 255 256 257 259 261 262 263 263 264 265 262 256 248 239 241 243 244 246 248 252 260 262 256 247 243 244 248 254 260 261 256 249 243 239 240 241 240 237 234 235 238 239 238 240 246 246 242 242 244 246 249 254 255 252 248 244 242 241 238 238
251 251 252 254 253 251 249 249 249 250 251 252 252 251 251 250 250 250 250 250 250 250 250 251 250 250 251 251 251 252 252 253 253 254 255 255 257 258 260 263 265 265 264 263 262 257 249 245 249 248 245 248 252 255 259 258 250 242 242 245 249 255 260 259 253 245 238 233 236 238 236 233 234 237 239 239 238 241 247 247 244 244 243 241 242 246 251 252 247 243 242 242 241 242
251 251 252 255 256 254 252 250 248 249 251 252 253 253 252 251 251 251 250 250 250 250 251 251 251 251 251 251 251 252 252 253 253 254 254 255 256 257 259 261 265 266 264 262 263 262 258 255 255 250 246 250 253 257 259 255 244 240 244 248 252 257 259 256 250 241 234 231 235 235 232 232 236 239 240 239 238 243 247 246 245 246 244 241 239 240 240 241 243 244 246 247 248 252
252 252 251 252 255 256 255 253 251 250 250 251 253 254 253 252 252 252 251 251 251 251 251 251 251 251 251 251 252 252 252 253 253 254 254 255 256 256 258 259 262 263 263 262 263 265 266 264 260 252 249 253 254 257 259 252 240 241 247 252 256 258 257 253 247 240 234 233 236 235 232 234 238 239 239 238 239 244 246 245 245 246 244 242 240 238 235 233 235 241 249 256 263 269
253 253 251 250 250 252 254 255 254 252 250 248 250 253 254 254 253 252 252 252 252 251 251 251 251 251 251 252 252 252 252 253 253 254 254 255 255 256 257 258 259 260 261 262 263 266 269 270 266 258 254 256 257 260 259 249 239 243 250 255 258 258 256 251 245 238 233 233 233 233 234 237 239 238 238 237 240 244 244 242 241 243 243 243 242 241 238 234 234 239 250 264 277 279
253 253 252 251 250 250 251 253 256 256 251 247 247 250 254 256 255 253 252 252 252 252 252 252 251 251 252 252 252 252 253 253 253 254 254 255 255 256 256 257 258 259 260 262 263 265 268 272 273 269 263 260 261 262 258 248 242 249 256 258 258 256 254 250 244 236 231 228 227 231 236 239 239 239 239 238 242 244 242 238 237 239 240 241 241 241 240 240 241 247 261 272 278 279
252 252 252 252 251 251 251 252 256 258 255 250 247 248 251 255 257 256 254 253 252 252 253 252 252 252 252 252 252 253 253 253 253 254 254 254 255 255 256 257 257 258 259 260 262 263 266 269 274 278 276 269 265 262 257 249 246 256 260 260 258 255 252 249 243 237 230 222 224 234 239 239 240 241 240 240 244 244 240 237 236 237 238 237 237 238 240 244 251 264 273 274 274 273
252 252 252 252 252 252 253 254 255 256 256 253 250 249 248 250 254 256 256 255 253 253 253 252 252 252 252 252 253 253 253 253 253 254 254 254 255 255 256 256 257 258 258 259 260 262 263 266 271 278 285 279 269 264 257 250 252 260 263 261 258 256 253 249 244 238 231 220 227 238 241 241 243 243 241 242 244 242 238 237 237 238 238 236 236 237 242 250 264 274 275 271 268 261
252 252 252 252 252 252 253 254 255 255 255 254 254 251 247 247 250 254 257 256 255 254 253 252 252 252 253 253 253 253 253 253 254 254 254 254 255 255 256 256 257 257 258 259 260 261 262 265 268 274 283 283 275 267 259 254 258 263 263 261 259 257 254 250 245 240 230 221 232 242 242 243 246 245 243 244 243 239 236 236 236 238 238 238 239 242 251 262 271 276 274 267 259 247
253 253 253 253 252 252 253 254 255 255 255 256 256 254 250 247 247 249 253 256 257 256 255 253 253 253 253 254 254 253 254 254 254 254 254 254 255 255 255 256 256 257 257 258 259 260 262 263 266 270 277 282 279 271 262 259 263 264 263 261 259 257 255 251 246 240 229 225 238 244 244 245 247 246 244 243 241 238 236 235 236 237 238 240 244 251 263 274 276 273 268 259 248 240
255 255 255 255 255 254 254 254 254 254 255 256 257 256 254 250 248 248 249 252 255 256 256 254 253 253 254 254 254 254 254 254 254 254 254 255 255 255 255 256 256 257 257 258 259 260 261 262 264 267 273 279 278 273 267 262 263 264 263 262 259 257 254 250 248 243 234 236 243 244 244 247 248 247 243 241 238 237 234 233 234 235 237 243 248 259 272 278 277 269 256 249 242 237
256 256 256 256 257 257 257 256 255 254 255 256 257 257 256 254 251 248 247 249 252 254 256 256 254 254 254 254 254 254 254 254 254 254 255 255 255 255 255 256 256 257 257 258 258 259 260 261 263 265 270 276 277 275 272 267 264 263 263 263 260 254 249 250 253 250 246 247 247 245 245 247 249 246 242 239 237 235 230 229 232 234 239 246 254 267 274 275 270 257 247 242 237 234
254 254 255 256 256 257 257 257 257 256 256 257 258 257 256 257 255 251 247 247 248 250 253 256 256 256 255 254 254 255 255 255 255 255 255 255 255 255 255 256 256 256 257 257 258 259 260 261 262 264 267 272 275 276 276 275 268 263 262 262 257 248 246 250 253 252 251 251 249 248 247 249 249 246 241 239 237 233 227 228 233 238 245 252 262 270 272 267 257 245 240 236 232 231
250 249 251 254 256 257 255 254 254 256 257 257 257 258 258 257 256 255 251 248 247 246 249 252 255 256 256 255 255 255 255 255 255 255 255 255 255 255 256 256 256 256 257 257 258 259 259 260 261 263 265 268 272 274 277 281 277 267 262 258 251 243 248 252 251 250 250 249 249 250 250 251 250 245 241 239 237 232 226 229 236 244 252 259 265 267 265 258 245 238 233 229 228 227
242 243 245 247 252 256 254 251 252 255 258 257 255 256 258 257 256 256 255 252 248 245 246 248 251 254 256 257 257 256 256 256 255 255 255 255 255 256 256 256 256 256 257 257 258 258 259 260 261 262 263 265 268 271 275 279 281 275 266 259 252 251 257 257 253 250 248 247 250 252 252 253 251 246 242 239 236 230 226 232 241 250 259 263 265 263 257 245 239 234 228 225 225 225
236 241 242 241 244 248 246 243 248 254 256 255 254 253 254 255 256 257 257 256 252 249 247 247 247 248 251 256 259 259 258 257 256 256 256 256 256 256 256 256 256 256 257 257 257 258 259 259 260 261 262 264 265 267 270 273 276 276 272 265 261 265 268 265 259 252 248 248 250 251 252 253 253 250 244 242 238 231 229 240 249 257 260 260 266 263 251 239 234 229 225 222 223 225
245 251 252 247 246 245 239 236 244 248 248 246 246 246 246 248 252 255 257 256 255 253 252 250 246 243 247 254 258 260 260 259 258 257 257 256 256 256 256 256 256 256 257 257 257 258 258 259 260 260 261 262 264 265 266 268 270 271 271 269 268 273 275 272 266 259 255 252 251 250 250 253 255 251 245 244 241 237 239 249 256 260 257 259 269 264 247 235 230 225 221 220 222 225
255 261 267 266 262 255 246 244 249 250 246 242 241 241 241 243 245 249 252 254 255 255 255 254 248 242 246 251 254 257 259 261 260 259 258 257 257 256 256 256 256 256 257 257 257 258 258 259 259 260 261 261 262 263 264 265 266 267 268 268 269 273 276 275 273 271 267 263 258 253 252 255 256 249 244 243 244 244 248 255 258 257 257 264 269 261 242 232 226 221 218 219 222 224
256 260 268 271 270 266 262 263 265 260 253 250 249 247 245 245 245 246 247 249 252 254 256 255 250 244 246 248 249 252 255 258 261 261 259 258 257 257 257 257 257 257 257 257 257 257 258 258 259 259 260 261 261 262 263 263 264 264 265 265 267 269 271 273 275 277 276 273 269 265 262 261 256 248 243 244 247 248 250 255 257 257 262 270 267 251 234 226 222 220 219 221 223 224
257 260 265 268 268 267 268 271 272 266 259 258 258 257 254 252 251 250 248 247 248 251 253 253 250 248 250 249 247 248 250 253 257 260 261 260 259 258 257 257 257 257 257 257 257 257 258 258 259 259 259 260 261 261 262 262 262 263 263 264 265 266 267 268 270 273 275 276 276 278 278 271 261 251 248 250 251 251 249 252 257 263 271 272 262 239 225 222 222 223 222 225 228 229
259 262 266 267 267 268 268 270 270 266 261 260 259 258 258 257 256 256 253 251 249 249 250 251 250 250 252 251 249 248 248 249 252 256 259 260 260 259 258 257 257 257 257 257 257 257 258 258 258 259 259 260 260 260 261 261 262 262 262 263 263 264 265 266 267 268 269 272 275 279 282 279 271 261 259 259 258 255 249 252 261 271 275 269 251 230 221 220 224 225 224 228 232 242
261 263 267 269 270 270 270 269 268 266 263 261 260 259 258 258 257 257 257 256 254 253 252 251 250 250 252 252 250 249 249 249 251 253 255 257 258 259 259 258 257 257 257 257 257 257 258 258 258 259 259 259 260 260 260 261 261 261 262 262 262 263 263 264 265 265 267 268 271 273 276 277 276 274 271 268 264 258 252 258 269 276 273 259 238 224 220 222 227 228 229 229 235 262
262 264 268 272 274 273 273 271 269 267 265 264 262 261 260 259 258 257 257 257 257 256 255 253 252 252 253 253 252 250 249 250 250 252 253 255 257 258 259 259 258 257 257 257 257 257 258 258 258 258 259 259 259 260 260 260 260 261 261 261 262 262 263 263 263 264 265 267 268 269 270 272 275 279 280 276 270 261 256 267 277 274 264 246 228 219 220 225 229 233 240 242 256 272
261 263 268 273 277 278 277 275 272 270 268 266 264 263 262 261 260 259 258 257 256 256 255 255 254 252 254 256 255 252 250 250 251 252 253 255 257 259 259 259 258 257 257 257 257 257 258 258 258 258 259 259 259 259 260 260 260 260 260 261 261 261 262 262 263 263 264 265 266 267 267 269 272 276 282 281 277 269 267 275 276 269 254 237 225 223 227 229 234 243 255 272 282 277
262 263 265 270 278 282 282 280 277 274 272 268 266 265 264 262 261 260 259 258 257 256 256 255 252 251 255 259 258 255 251 250 250 251 253 255 256 258 259 259 258 258 257 257 257 258 258 258 258 259 259 259 259 259 259 260 260 260 260 260 261 261 261 262 262 263 263 264 265 265 266 268 269 273 278 282 284 283 280 278 271 259 244 234 231 236 241 240 245 257 272 285 284 276
264 262 258 265 278 285 287 285 283 281 276 271 267 266 264 263 263 262 260 259 258 257 257 256 251 249 254 258 259 257 253 251 250 250 252 252 254 255 258 260 259 258 257 257 257 258 258 258 259 259 259 259 260 259 259 259 260 260 260 260 260 261 261 261 262 262 263 263 264 265 265 266 268 270 274 279 284 291 288 278 266 248 235 234 234 237 241 247 260 269 275 279 279 272
261 257 250 255 270 284 291 290 288 286 280 272 268 266 265 264 263 263 261 259 258 258 258 256 252 251 253 255 256 256 254 253 251 251 252 252 251 252 255 258 260 259 258 258 258 258 258 259 259 260 260 260 260 260 260 260 260 260 260 260 260 260 261 261 261 262 262 263 263 264 265 265 267 268 271 274 281 290 291 278 260 241 233 234 232 234 242 259 270 274 274 273 272 269
253 250 247 252 261 275 289 290 287 286 279 272 268 266 265 264 263 262 261 260 259 259 258 257 254 254 255 254 254 254 256 255 253 251 250 251 250 250 251 254 256 258 259 259 259 259 259 260 261 262 262 262 261 260 260 260 260 260 260 260 260 260 260 261 261 261 262 262 263 263 264 265 266 267 269 271 276 284 287 277 257 241 238 235 233 240 258 273 276 274 271 270 269 267
251 252 255 260 269 273 272 272 275 274 272 268 266 265 265 264 263 262 262 261 260 260 259 257 255 256 258 256 254 254 256 257 255 252 250 248 248 249 250 250 251 253 256 258 260 261 261 261 263 266 267 265 263 261 260 260 259 259 260 260 260 260 260 260 261 261 261 262 262 263 263 264 265 266 268 270 273 278 282 277 261 245 241 238 240 257 275 279 276 272 269 268 266 264
262 263 267 274 277 269 256 253 256 258 259 261 263 263 263 263 262 262 263 262 262 261 260 258 256 257 259 258 256 256 257 258 258 257 254 250 248 248 250 250 248 248 250 252 255 257 258 258 260 264 267 267 266 263 261 260 260 259 260 260 260 260 260 260 261 261 261 262 262 263 263 264 265 266 267 269 271 274 278 279 272 250 242 244 258 276 280 279 276 272 269 266 264 262
265 267 270 272 268 258 252 249 248 250 253 258 261 262 262 262 262 263 263 264 264 263 261 260 258 258 259 258 257 256 256 257 257 258 258 256 253 251 251 251 249 248 248 249 250 251 252 254 255 256 257 260 263 263 261 260 260 260 260 260 260 260 260 260 261 261 261 261 262 262 263 264 264 265 267 268 270 273 276 281 284 267 249 256 276 282 280 277 275 273 269 266 263 261
