windninja/windninja_output/Output_2025-08-24_0200-0250_Google earth_Fire_150m_10min/merlingen_7.5mi_point_08-24-2025_0230_150m_vel.asc
ncols	158
nrows	163
xllcorner	391686.332397
yllcorner	5160024.123721
cellsize	150.000000
NODATA_value	-32768.000000
[rows 0 to 37 of 163, columns 0 to 83 of 158]
0.44 0.43 0.43 0.43 0.45 0.45 0.44 0.45 0.47 0.47 0.47 0.48 0.52 0.55 0.54 0.49 0.42 0.37 0.37 0.38 0.34 0.36 0.47 0.52 0.50 0.46 0.42 0.43 0.47 0.48 0.48 0.47 0.46 0.45 0.46 0.47 0.43 0.41 0.40 0.40 0.42 0.44 0.45 0.44 0.44 0.43 0.42 0.40 0.40 0.45 0.50 0.52 0.54 0.55 0.54 0.53 0.53 0.52 0.51 0.50 0.51 0.53 0.54 0.55 0.56 0.59 0.61 0.60 0.57 0.54 0.53 0.54 0.56 0.56 0.58 0.59 0.58 0.57 0.55 0.54 0.55 0.57 0.59 0.58
0.44 0.44 0.42 0.42 0.43 0.44 0.44 0.43 0.43 0.43 0.44 0.46 0.50 0.55 0.57 0.55 0.49 0.43 0.41 0.41 0.36 0.34 0.41 0.49 0.52 0.50 0.45 0.43 0.45 0.47 0.47 0.47 0.47 0.46 0.45 0.47 0.47 0.44 0.44 0.43 0.43 0.45 0.46 0.47 0.47 0.46 0.47 0.44 0.41 0.43 0.46 0.48 0.50 0.51 0.51 0.52 0.52 0.53 0.53 0.52 0.50 0.51 0.53 0.54 0.54 0.56 0.59 0.60 0.59 0.55 0.53 0.54 0.55 0.56 0.57 0.58 0.59 0.60 0.58 0.55 0.55 0.57 0.58 0.60
0.45 0.45 0.44 0.42 0.43 0.43 0.43 0.43 0.42 0.42 0.42 0.43 0.46 0.51 0.58 0.62 0.59 0.53 0.50 0.48 0.42 0.35 0.34 0.43 0.53 0.55 0.50 0.45 0.45 0.45 0.46 0.46 0.46 0.46 0.46 0.48 0.50 0.50 0.49 0.47 0.46 0.47 0.48 0.50 0.51 0.51 0.52 0.53 0.48 0.44 0.44 0.46 0.47 0.49 0.49 0.50 0.52 0.53 0.55 0.55 0.52 0.51 0.52 0.53 0.52 0.53 0.56 0.60 0.61 0.58 0.54 0.54 0.55 0.55 0.56 0.58 0.60 0.64 0.62 0.57 0.56 0.59 0.60 0.60
0.43 0.46 0.47 0.45 0.45 0.44 0.44 0.47 0.48 0.47 0.46 0.44 0.45 0.48 0.54 0.61 0.60 0.57 0.56 0.53 0.47 0.39 0.34 0.37 0.49 0.56 0.56 0.53 0.50 0.50 0.51 0.49 0.47 0.46 0.47 0.48 0.49 0.50 0.50 0.49 0.49 0.49 0.50 0.52 0.53 0.53 0.53 0.55 0.55 0.53 0.50 0.50 0.51 0.53 0.52 0.51 0.51 0.51 0.53 0.55 0.54 0.53 0.52 0.53 0.53 0.52 0.55 0.59 0.61 0.59 0.55 0.55 0.55 0.54 0.54 0.55 0.57 0.63 0.65 0.59 0.56 0.62 0.65 0.61
0.39 0.44 0.49 0.48 0.48 0.46 0.44 0.46 0.47 0.47 0.46 0.43 0.43 0.46 0.51 0.57 0.59 0.57 0.55 0.55 0.50 0.43 0.35 0.34 0.42 0.52 0.58 0.59 0.58 0.58 0.59 0.59 0.56 0.52 0.49 0.49 0.50 0.51 0.51 0.51 0.50 0.51 0.53 0.54 0.55 0.55 0.54 0.54 0.55 0.55 0.54 0.52 0.52 0.53 0.54 0.53 0.52 0.51 0.51 0.52 0.53 0.52 0.52 0.53 0.53 0.53 0.54 0.58 0.61 0.59 0.56 0.55 0.55 0.54 0.54 0.54 0.52 0.56 0.62 0.61 0.55 0.57 0.65 0.64
0.37 0.39 0.44 0.48 0.49 0.47 0.45 0.44 0.43 0.43 0.42 0.40 0.39 0.43 0.49 0.54 0.58 0.57 0.54 0.53 0.51 0.45 0.35 0.30 0.34 0.43 0.50 0.55 0.58 0.59 0.60 0.63 0.64 0.61 0.58 0.55 0.54 0.54 0.55 0.55 0.53 0.52 0.53 0.54 0.54 0.55 0.54 0.53 0.53 0.54 0.54 0.53 0.52 0.52 0.53 0.53 0.52 0.52 0.51 0.52 0.53 0.53 0.53 0.53 0.53 0.53 0.54 0.58 0.62 0.60 0.59 0.58 0.55 0.54 0.55 0.58 0.57 0.55 0.56 0.59 0.57 0.54 0.59 0.62
0.38 0.38 0.38 0.42 0.47 0.47 0.46 0.44 0.42 0.41 0.40 0.39 0.37 0.40 0.47 0.51 0.55 0.59 0.57 0.55 0.54 0.49 0.38 0.28 0.28 0.34 0.40 0.45 0.50 0.53 0.56 0.59 0.62 0.64 0.64 0.62 0.59 0.58 0.58 0.57 0.55 0.53 0.52 0.51 0.51 0.52 0.52 0.52 0.52 0.52 0.53 0.54 0.54 0.54 0.54 0.54 0.53 0.52 0.51 0.51 0.53 0.54 0.56 0.56 0.56 0.54 0.54 0.58 0.61 0.60 0.61 0.64 0.62 0.57 0.56 0.61 0.64 0.62 0.57 0.59 0.61 0.59 0.57 0.60
0.41 0.40 0.38 0.37 0.40 0.43 0.44 0.44 0.41 0.39 0.38 0.37 0.37 0.40 0.47 0.50 0.52 0.57 0.59 0.58 0.58 0.56 0.46 0.33 0.26 0.28 0.34 0.39 0.43 0.46 0.50 0.53 0.56 0.58 0.60 0.60 0.59 0.57 0.57 0.55 0.54 0.52 0.51 0.50 0.50 0.49 0.50 0.50 0.50 0.50 0.50 0.52 0.54 0.56 0.56 0.55 0.53 0.53 0.52 0.52 0.52 0.54 0.57 0.60 0.60 0.58 0.56 0.58 0.60 0.59 0.59 0.64 0.66 0.62 0.58 0.58 0.63 0.65 0.60 0.59 0.63 0.61 0.58 0.60
0.41 0.41 0.40 0.38 0.37 0.38 0.41 0.41 0.40 0.38 0.36 0.34 0.34 0.37 0.46 0.51 0.51 0.53 0.57 0.58 0.58 0.58 0.53 0.44 0.33 0.28 0.33 0.37 0.39 0.41 0.45 0.47 0.50 0.53 0.54 0.54 0.53 0.53 0.53 0.53 0.52 0.51 0.50 0.49 0.50 0.49 0.48 0.49 0.48 0.47 0.50 0.51 0.51 0.53 0.57 0.57 0.55 0.54 0.53 0.52 0.50 0.48 0.50 0.55 0.60 0.61 0.59 0.59 0.61 0.60 0.58 0.59 0.61 0.61 0.58 0.57 0.61 0.63 0.61 0.60 0.64 0.61 0.55 0.58
0.41 0.41 0.42 0.40 0.39 0.39 0.40 0.40 0.39 0.38 0.36 0.33 0.31 0.32 0.41 0.49 0.51 0.51 0.54 0.58 0.60 0.60 0.58 0.51 0.43 0.34 0.32 0.37 0.38 0.39 0.44 0.45 0.45 0.49 0.53 0.53 0.51 0.50 0.51 0.51 0.51 0.50 0.49 0.49 0.49 0.48 0.47 0.48 0.46 0.44 0.47 0.50 0.48 0.50 0.55 0.56 0.53 0.52 0.52 0.50 0.47 0.44 0.41 0.44 0.51 0.57 0.58 0.58 0.59 0.61 0.61 0.59 0.57 0.58 0.58 0.57 0.59 0.59 0.59 0.64 0.69 0.66 0.57 0.52
0.41 0.41 0.42 0.42 0.41 0.41 0.41 0.40 0.40 0.38 0.37 0.34 0.30 0.29 0.35 0.44 0.48 0.49 0.50 0.53 0.58 0.61 0.60 0.56 0.50 0.43 0.37 0.37 0.39 0.40 0.43 0.44 0.43 0.45 0.50 0.52 0.51 0.50 0.50 0.51 0.52 0.52 0.51 0.49 0.49 0.47 0.44 0.46 0.45 0.41 0.42 0.45 0.45 0.46 0.49 0.52 0.50 0.46 0.46 0.45 0.45 0.42 0.36 0.36 0.42 0.47 0.51 0.52 0.52 0.57 0.62 0.61 0.58 0.57 0.58 0.59 0.59 0.56 0.53 0.61 0.70 0.74 0.67 0.55
0.41 0.42 0.42 0.42 0.41 0.41 0.41 0.41 0.40 0.39 0.37 0.35 0.31 0.29 0.32 0.39 0.44 0.47 0.47 0.48 0.51 0.56 0.59 0.58 0.53 0.48 0.41 0.38 0.38 0.38 0.40 0.42 0.41 0.42 0.46 0.48 0.49 0.49 0.50 0.50 0.51 0.52 0.51 0.50 0.51 0.50 0.45 0.43 0.43 0.40 0.37 0.37 0.37 0.40 0.43 0.46 0.46 0.43 0.42 0.41 0.42 0.39 0.33 0.31 0.34 0.37 0.41 0.43 0.43 0.50 0.59 0.62 0.61 0.58 0.60 0.64 0.67 0.65 0.57 0.56 0.65 0.74 0.76 0.70
0.42 0.42 0.42 0.42 0.42 0.41 0.41 0.40 0.40 0.39 0.38 0.36 0.33 0.30 0.31 0.36 0.39 0.42 0.46 0.46 0.47 0.49 0.53 0.54 0.52 0.47 0.42 0.38 0.37 0.37 0.39 0.41 0.41 0.42 0.44 0.46 0.47 0.47 0.47 0.48 0.50 0.51 0.51 0.51 0.53 0.53 0.50 0.46 0.44 0.41 0.37 0.35 0.35 0.38 0.41 0.41 0.41 0.41 0.40 0.41 0.42 0.40 0.34 0.30 0.31 0.31 0.32 0.32 0.33 0.41 0.51 0.58 0.61 0.57 0.58 0.65 0.71 0.74 0.69 0.64 0.64 0.69 0.74 0.75
0.42 0.42 0.42 0.42 0.42 0.42 0.41 0.41 0.40 0.39 0.38 0.36 0.34 0.33 0.33 0.35 0.36 0.35 0.40 0.44 0.45 0.46 0.48 0.49 0.49 0.46 0.42 0.40 0.39 0.39 0.39 0.40 0.41 0.41 0.42 0.46 0.47 0.46 0.46 0.46 0.48 0.49 0.48 0.47 0.48 0.49 0.48 0.49 0.51 0.48 0.42 0.37 0.36 0.40 0.44 0.40 0.36 0.35 0.37 0.43 0.47 0.43 0.39 0.35 0.31 0.30 0.28 0.26 0.22 0.26 0.39 0.49 0.56 0.55 0.52 0.54 0.59 0.65 0.67 0.64 0.62 0.63 0.66 0.70
0.43 0.42 0.42 0.41 0.41 0.41 0.41 0.41 0.40 0.39 0.38 0.37 0.35 0.34 0.37 0.40 0.39 0.34 0.34 0.39 0.42 0.43 0.45 0.47 0.47 0.45 0.43 0.42 0.41 0.41 0.41 0.41 0.40 0.40 0.41 0.45 0.48 0.48 0.46 0.44 0.45 0.45 0.45 0.44 0.44 0.44 0.42 0.43 0.51 0.58 0.52 0.44 0.41 0.45 0.49 0.45 0.37 0.32 0.35 0.45 0.52 0.50 0.47 0.44 0.40 0.36 0.32 0.29 0.22 0.15 0.22 0.38 0.48 0.49 0.47 0.46 0.50 0.54 0.57 0.56 0.54 0.54 0.57 0.62
0.43 0.43 0.42 0.42 0.41 0.41 0.41 0.40 0.40 0.40 0.38 0.37 0.35 0.33 0.36 0.43 0.45 0.41 0.36 0.37 0.40 0.41 0.43 0.46 0.47 0.45 0.43 0.43 0.43 0.42 0.44 0.45 0.43 0.43 0.42 0.42 0.44 0.46 0.45 0.44 0.44 0.43 0.46 0.48 0.44 0.45 0.45 0.38 0.40 0.53 0.60 0.55 0.51 0.54 0.58 0.60 0.52 0.39 0.37 0.46 0.54 0.54 0.51 0.49 0.50 0.51 0.43 0.38 0.32 0.17 0.11 0.23 0.35 0.40 0.42 0.44 0.47 0.50 0.53 0.54 0.51 0.48 0.50 0.54
0.43 0.43 0.42 0.42 0.41 0.41 0.41 0.40 0.40 0.40 0.39 0.37 0.36 0.32 0.32 0.39 0.45 0.45 0.42 0.40 0.40 0.41 0.42 0.45 0.47 0.47 0.43 0.42 0.44 0.45 0.45 0.46 0.45 0.44 0.43 0.41 0.41 0.43 0.44 0.45 0.46 0.45 0.48 0.52 0.50 0.47 0.50 0.47 0.40 0.44 0.54 0.58 0.57 0.58 0.60 0.64 0.65 0.53 0.44 0.49 0.56 0.57 0.53 0.48 0.51 0.57 0.53 0.47 0.43 0.32 0.18 0.16 0.23 0.28 0.34 0.40 0.44 0.50 0.54 0.56 0.53 0.49 0.49 0.51
0.43 0.43 0.43 0.42 0.42 0.41 0.41 0.41 0.40 0.40 0.39 0.38 0.36 0.33 0.31 0.34 0.40 0.43 0.43 0.42 0.41 0.40 0.40 0.42 0.44 0.46 0.43 0.41 0.41 0.43 0.44 0.44 0.44 0.45 0.47 0.46 0.45 0.44 0.46 0.48 0.49 0.48 0.48 0.50 0.51 0.49 0.49 0.51 0.50 0.48 0.48 0.51 0.54 0.56 0.57 0.60 0.65 0.62 0.53 0.53 0.59 0.60 0.56 0.51 0.51 0.57 0.59 0.53 0.48 0.43 0.34 0.24 0.22 0.23 0.24 0.31 0.39 0.47 0.53 0.54 0.52 0.50 0.48 0.49
0.43 0.43 0.43 0.42 0.42 0.41 0.41 0.41 0.40 0.40 0.40 0.38 0.37 0.35 0.33 0.33 0.37 0.40 0.40 0.40 0.40 0.40 0.39 0.39 0.41 0.43 0.42 0.40 0.39 0.40 0.42 0.43 0.44 0.47 0.50 0.51 0.49 0.46 0.45 0.47 0.47 0.48 0.49 0.49 0.50 0.51 0.48 0.46 0.50 0.52 0.49 0.46 0.48 0.52 0.55 0.58 0.62 0.63 0.58 0.56 0.60 0.62 0.58 0.54 0.53 0.55 0.60 0.58 0.52 0.48 0.43 0.36 0.34 0.30 0.23 0.23 0.29 0.38 0.48 0.50 0.48 0.47 0.45 0.46
0.43 0.43 0.42 0.42 0.42 0.42 0.41 0.41 0.40 0.40 0.40 0.40 0.38 0.37 0.35 0.35 0.36 0.38 0.39 0.39 0.40 0.40 0.39 0.40 0.41 0.42 0.42 0.41 0.40 0.40 0.41 0.43 0.44 0.45 0.47 0.50 0.49 0.46 0.45 0.47 0.48 0.49 0.51 0.51 0.51 0.52 0.51 0.47 0.46 0.51 0.51 0.47 0.44 0.46 0.51 0.56 0.59 0.62 0.60 0.57 0.59 0.62 0.58 0.53 0.52 0.53 0.57 0.59 0.57 0.53 0.49 0.44 0.43 0.41 0.35 0.30 0.31 0.37 0.46 0.49 0.49 0.48 0.44 0.43
0.43 0.43 0.42 0.42 0.42 0.42 0.42 0.41 0.40 0.40 0.39 0.40 0.39 0.38 0.37 0.37 0.37 0.39 0.39 0.40 0.40 0.40 0.41 0.41 0.41 0.42 0.42 0.42 0.42 0.42 0.41 0.43 0.46 0.48 0.50 0.52 0.53 0.51 0.49 0.51 0.51 0.52 0.53 0.53 0.53 0.52 0.52 0.49 0.46 0.50 0.52 0.50 0.46 0.43 0.45 0.49 0.54 0.59 0.62 0.60 0.60 0.63 0.60 0.53 0.52 0.54 0.56 0.59 0.59 0.56 0.53 0.49 0.46 0.45 0.41 0.38 0.42 0.48 0.54 0.56 0.53 0.51 0.47 0.42
0.43 0.43 0.42 0.42 0.42 0.41 0.42 0.42 0.41 0.40 0.40 0.40 0.39 0.38 0.38 0.38 0.39 0.40 0.40 0.40 0.40 0.41 0.41 0.41 0.42 0.43 0.43 0.43 0.43 0.42 0.41 0.42 0.47 0.51 0.53 0.55 0.57 0.56 0.52 0.52 0.53 0.53 0.54 0.54 0.54 0.53 0.51 0.50 0.49 0.50 0.53 0.53 0.50 0.46 0.43 0.44 0.47 0.52 0.59 0.63 0.63 0.65 0.64 0.56 0.54 0.54 0.54 0.58 0.60 0.57 0.54 0.52 0.50 0.47 0.40 0.36 0.43 0.54 0.64 0.67 0.63 0.56 0.51 0.45
0.43 0.43 0.43 0.42 0.42 0.42 0.41 0.42 0.42 0.41 0.40 0.40 0.40 0.39 0.39 0.39 0.39 0.40 0.41 0.41 0.41 0.41 0.41 0.42 0.42 0.43 0.44 0.44 0.44 0.43 0.41 0.41 0.45 0.50 0.50 0.51 0.53 0.55 0.52 0.50 0.51 0.53 0.55 0.56 0.55 0.54 0.53 0.52 0.51 0.52 0.54 0.54 0.52 0.50 0.45 0.44 0.45 0.47 0.52 0.61 0.65 0.66 0.66 0.59 0.56 0.55 0.55 0.58 0.61 0.60 0.57 0.54 0.54 0.53 0.44 0.36 0.37 0.48 0.62 0.73 0.76 0.68 0.62 0.53
0.43 0.43 0.42 0.42 0.42 0.42 0.41 0.41 0.42 0.41 0.40 0.40 0.41 0.41 0.40 0.39 0.40 0.40 0.41 0.41 0.42 0.42 0.42 0.42 0.43 0.43 0.44 0.45 0.44 0.42 0.40 0.38 0.41 0.46 0.48 0.49 0.49 0.50 0.51 0.49 0.49 0.51 0.54 0.57 0.58 0.56 0.55 0.54 0.52 0.51 0.54 0.54 0.53 0.52 0.49 0.46 0.46 0.46 0.47 0.55 0.63 0.67 0.67 0.60 0.54 0.54 0.55 0.58 0.61 0.61 0.58 0.55 0.56 0.55 0.49 0.40 0.35 0.39 0.50 0.65 0.78 0.78 0.74 0.66
0.43 0.43 0.42 0.42 0.42 0.41 0.41 0.41 0.41 0.41 0.40 0.40 0.40 0.41 0.41 0.40 0.40 0.40 0.41 0.41 0.41 0.42 0.42 0.42 0.43 0.44 0.45 0.46 0.45 0.41 0.37 0.35 0.37 0.42 0.47 0.49 0.50 0.49 0.48 0.47 0.47 0.49 0.53 0.58 0.61 0.58 0.56 0.56 0.55 0.52 0.53 0.54 0.53 0.53 0.51 0.49 0.48 0.47 0.45 0.48 0.58 0.66 0.67 0.62 0.53 0.48 0.50 0.53 0.56 0.57 0.56 0.54 0.55 0.54 0.50 0.44 0.36 0.33 0.38 0.50 0.67 0.78 0.81 0.80
0.43 0.43 0.42 0.42 0.42 0.41 0.41 0.42 0.42 0.41 0.41 0.40 0.39 0.40 0.40 0.41 0.41 0.40 0.41 0.41 0.41 0.41 0.42 0.42 0.43 0.45 0.47 0.49 0.50 0.44 0.37 0.35 0.34 0.38 0.45 0.50 0.53 0.53 0.49 0.46 0.46 0.47 0.50 0.55 0.58 0.58 0.58 0.58 0.57 0.55 0.55 0.55 0.53 0.50 0.50 0.49 0.50 0.50 0.47 0.45 0.51 0.61 0.65 0.65 0.60 0.54 0.51 0.53 0.57 0.59 0.57 0.53 0.52 0.51 0.50 0.49 0.46 0.37 0.31 0.38 0.54 0.69 0.78 0.86
0.43 0.43 0.42 0.42 0.42 0.41 0.41 0.41 0.42 0.41 0.41 0.41 0.40 0.40 0.40 0.40 0.40 0.40 0.41 0.41 0.41 0.41 0.42 0.42 0.43 0.44 0.48 0.53 0.55 0.50 0.43 0.37 0.34 0.32 0.37 0.45 0.52 0.57 0.54 0.47 0.46 0.46 0.47 0.52 0.56 0.57 0.61 0.62 0.60 0.58 0.58 0.59 0.56 0.51 0.48 0.47 0.51 0.54 0.53 0.49 0.52 0.56 0.58 0.61 0.63 0.61 0.57 0.56 0.59 0.64 0.63 0.56 0.50 0.48 0.47 0.50 0.57 0.52 0.33 0.29 0.40 0.53 0.64 0.76
0.43 0.43 0.42 0.42 0.42 0.41 0.41 0.41 0.41 0.41 0.41 0.41 0.40 0.40 0.39 0.40 0.40 0.40 0.41 0.41 0.41 0.41 0.41 0.42 0.43 0.44 0.46 0.54 0.59 0.57 0.52 0.45 0.38 0.32 0.31 0.34 0.43 0.55 0.57 0.49 0.46 0.47 0.47 0.51 0.55 0.57 0.62 0.68 0.66 0.60 0.60 0.65 0.64 0.59 0.52 0.46 0.50 0.59 0.59 0.57 0.58 0.58 0.53 0.51 0.56 0.59 0.57 0.57 0.60 0.65 0.67 0.60 0.51 0.47 0.44 0.45 0.57 0.65 0.49 0.30 0.30 0.39 0.50 0.59
0.43 0.43 0.43 0.42 0.42 0.41 0.41 0.41 0.41 0.41 0.41 0.41 0.41 0.40 0.39 0.39 0.40 0.40 0.40 0.41 0.41 0.41 0.41 0.41 0.41 0.42 0.45 0.53 0.61 0.65 0.64 0.58 0.48 0.40 0.34 0.32 0.39 0.51 0.58 0.54 0.50 0.52 0.51 0.53 0.54 0.56 0.60 0.67 0.72 0.66 0.61 0.67 0.71 0.68 0.60 0.48 0.50 0.60 0.64 0.60 0.61 0.63 0.59 0.52 0.52 0.55 0.55 0.56 0.60 0.64 0.68 0.65 0.57 0.50 0.43 0.40 0.46 0.63 0.62 0.41 0.28 0.29 0.39 0.48
0.42 0.42 0.42 0.42 0.42 0.41 0.41 0.41 0.41 0.41 0.41 0.41 0.41 0.41 0.40 0.39 0.40 0.40 0.40 0.40 0.41 0.41 0.41 0.40 0.40 0.40 0.42 0.48 0.56 0.64 0.70 0.72 0.63 0.52 0.44 0.40 0.44 0.54 0.60 0.58 0.57 0.58 0.58 0.59 0.57 0.57 0.60 0.64 0.73 0.75 0.71 0.72 0.76 0.77 0.70 0.58 0.52 0.56 0.65 0.64 0.59 0.59 0.61 0.57 0.53 0.52 0.51 0.54 0.60 0.63 0.63 0.62 0.60 0.55 0.47 0.42 0.46 0.59 0.66 0.53 0.32 0.24 0.30 0.41
0.42 0.42 0.42 0.42 0.42 0.41 0.41 0.41 0.41 0.41 0.41 0.41 0.41 0.41 0.40 0.40 0.39 0.39 0.40 0.40 0.40 0.40 0.40 0.40 0.39 0.38 0.38 0.41 0.46 0.52 0.60 0.69 0.70 0.63 0.54 0.48 0.49 0.55 0.61 0.60 0.59 0.60 0.61 0.63 0.61 0.58 0.59 0.61 0.65 0.70 0.71 0.72 0.75 0.80 0.76 0.64 0.55 0.53 0.61 0.68 0.60 0.51 0.55 0.58 0.54 0.49 0.45 0.49 0.60 0.63 0.57 0.53 0.54 0.52 0.49 0.49 0.51 0.60 0.71 0.65 0.43 0.27 0.27 0.36
0.43 0.42 0.42 0.42 0.43 0.42 0.41 0.41 0.41 0.41 0.41 0.41 0.41 0.41 0.40 0.40 0.39 0.39 0.39 0.40 0.40 0.40 0.40 0.40 0.38 0.37 0.37 0.38 0.41 0.45 0.52 0.60 0.65 0.65 0.57 0.47 0.47 0.53 0.58 0.58 0.57 0.55 0.54 0.56 0.57 0.56 0.55 0.54 0.54 0.56 0.57 0.59 0.64 0.74 0.75 0.66 0.61 0.59 0.61 0.68 0.63 0.51 0.52 0.59 0.58 0.48 0.41 0.45 0.60 0.66 0.55 0.48 0.49 0.48 0.47 0.50 0.53 0.60 0.72 0.75 0.58 0.39 0.32 0.34
0.43 0.42 0.41 0.41 0.42 0.42 0.41 0.41 0.41 0.41 0.41 0.41 0.41 0.41 0.41 0.40 0.40 0.39 0.39 0.39 0.39 0.39 0.39 0.39 0.38 0.37 0.36 0.38 0.41 0.48 0.56 0.61 0.63 0.66 0.56 0.42 0.42 0.49 0.52 0.52 0.52 0.51 0.49 0.50 0.51 0.50 0.50 0.51 0.50 0.50 0.50 0.51 0.54 0.64 0.70 0.65 0.64 0.69 0.71 0.71 0.61 0.49 0.51 0.61 0.66 0.53 0.40 0.43 0.61 0.71 0.60 0.52 0.51 0.48 0.46 0.48 0.52 0.59 0.72 0.79 0.70 0.52 0.42 0.37
0.43 0.42 0.41 0.41 0.42 0.41 0.41 0.41 0.41 0.40 0.40 0.41 0.41 0.41 0.41 0.40 0.40 0.40 0.39 0.39 0.39 0.38 0.38 0.38 0.39 0.37 0.36 0.36 0.38 0.44 0.52 0.59 0.63 0.68 0.63 0.42 0.38 0.47 0.50 0.49 0.51 0.50 0.49 0.49 0.48 0.47 0.48 0.48 0.48 0.49 0.50 0.49 0.49 0.54 0.60 0.60 0.57 0.65 0.79 0.82 0.67 0.49 0.48 0.61 0.73 0.65 0.45 0.39 0.53 0.70 0.67 0.59 0.56 0.51 0.47 0.47 0.50 0.56 0.70 0.84 0.82 0.68 0.56 0.46
0.42 0.42 0.42 0.42 0.42 0.41 0.41 0.41 0.41 0.41 0.40 0.40 0.40 0.40 0.41 0.40 0.40 0.40 0.40 0.39 0.39 0.38 0.37 0.36 0.37 0.37 0.36 0.34 0.33 0.34 0.41 0.50 0.57 0.65 0.69 0.55 0.42 0.46 0.51 0.51 0.52 0.51 0.48 0.48 0.46 0.45 0.46 0.46 0.47 0.48 0.49 0.49 0.48 0.48 0.51 0.52 0.51 0.53 0.69 0.84 0.78 0.56 0.45 0.54 0.73 0.76 0.60 0.42 0.44 0.59 0.65 0.63 0.59 0.52 0.47 0.44 0.44 0.48 0.58 0.76 0.88 0.84 0.75 0.62
0.42 0.42 0.42 0.43 0.43 0.41 0.41 0.41 0.41 0.41 0.40 0.40 0.40 0.40 0.40 0.40 0.40 0.40 0.39 0.39 0.39 0.38 0.37 0.36 0.35 0.34 0.34 0.33 0.31 0.31 0.35 0.42 0.51 0.59 0.67 0.64 0.52 0.47 0.50 0.50 0.49 0.50 0.49 0.47 0.48 0.47 0.45 0.46 0.48 0.49 0.50 0.51 0.51 0.49 0.50 0.52 0.52 0.51 0.57 0.75 0.79 0.59 0.42 0.44 0.64 0.80 0.75 0.57 0.47 0.48 0.53 0.58 0.58 0.52 0.46 0.41 0.39 0.40 0.43 0.53 0.71 0.83 0.85 0.79
0.41 0.41 0.41 0.42 0.43 0.42 0.41 0.41 0.41 0.41 0.41 0.40 0.40 0.40 0.40 0.40 0.40 0.40 0.39 0.39 0.39 0.38 0.37 0.36 0.34 0.33 0.32 0.32 0.32 0.33 0.34 0.38 0.45 0.52 0.59 0.61 0.57 0.52 0.51 0.49 0.47 0.48 0.50 0.49 0.49 0.50 0.48 0.48 0.49 0.49 0.51 0.52 0.53 0.53 0.53 0.54 0.56 0.56 0.57 0.69 0.77 0.62 0.43 0.38 0.51 0.73 0.82 0.73 0.58 0.47 0.46 0.51 0.52 0.48 0.44 0.42 0.40 0.42 0.45 0.44 0.49 0.63 0.79 0.88
0.41 0.41 0.41 0.41 0.42 0.42 0.41 0.41 0.41 0.41 0.41 0.40 0.40 0.40 0.40 0.40 0.40 0.40 0.39 0.39 0.39 0.38 0.37 0.36 0.35 0.34 0.32 0.32 0.33 0.35 0.36 0.37 0.40 0.46 0.53 0.54 0.53 0.54 0.54 0.51 0.48 0.48 0.50 0.51 0.52 0.51 0.50 0.50 0.51 0.52 0.52 0.51 0.53 0.56 0.54 0.53 0.57 0.62 0.64 0.70 0.76 0.67 0.49 0.38 0.41 0.58 0.77 0.78 0.65 0.54 0.50 0.51 0.51 0.47 0.45 0.44 0.41 0.45 0.55 0.53 0.45 0.50 0.66 0.83
