windninja/windninja_output/Output_2025-08-24_0200-0250_Google earth_Fire_150m_10min/merlingen_7.5mi_point_08-24-2025_0240_150m_ang.asc
ncols	158
nrows	163
xllcorner	391686.332397
yllcorner	5160024.123721
cellsize	150.000000
NODATA_value	-32768.000000
[rows 84 to 125 of 163, columns 0 to 93 of 158]
261 261 264 261 256 253 250 247 248 249 253 258 259 259 260 261 262 262 264 265 266 265 263 262 262 262 260 258 256 256 255 254 254 254 256 257 257 256 255 253 252 252 252 253 253 254 255 257 258 257 254 254 256 258 259 259 259 260 260 260 260 260 260 260 261 261 261 261 262 262 263 263 264 265 266 268 269 272 275 281 293 298 277 276 282 282 279 275 274 273 271 268 265 262
259 258 258 257 255 252 247 246 249 253 256 258 258 258 258 259 260 261 263 265 267 267 267 266 266 265 262 259 258 258 255 254 252 251 252 254 255 257 257 257 256 255 255 256 257 258 259 262 263 262 259 257 255 255 257 259 260 260 260 260 260 260 261 261 261 261 261 261 262 262 263 263 264 265 266 267 269 271 275 282 299 316 310 293 284 280 276 273 272 272 271 269 266 263
260 258 257 257 255 251 245 245 251 256 258 256 256 257 257 257 257 259 262 264 266 267 269 271 271 266 262 260 259 259 256 255 254 251 250 250 249 251 254 257 259 259 256 255 256 257 259 261 262 263 263 260 258 257 257 259 260 261 261 261 261 261 261 261 261 261 261 261 262 262 262 263 264 265 266 267 269 271 276 284 303 324 319 297 283 278 275 273 271 270 269 269 269 268
261 260 257 257 253 248 245 246 251 255 255 254 256 256 255 255 253 255 258 261 264 264 268 274 276 267 259 258 258 257 256 256 256 256 255 251 248 247 248 250 254 258 257 256 255 256 258 259 260 261 262 262 260 259 259 261 262 262 263 262 262 262 261 261 261 261 261 261 261 262 262 263 264 265 266 267 269 272 277 285 302 322 321 302 284 276 273 272 270 269 270 272 275 274
262 261 259 256 250 245 243 245 248 251 252 255 256 254 252 250 248 251 254 258 260 261 268 275 275 262 256 256 255 254 254 256 257 259 260 259 255 251 249 248 249 252 255 256 255 254 255 257 258 258 259 261 261 260 260 261 262 264 265 265 264 263 262 261 261 261 261 261 261 262 262 263 264 265 266 267 269 272 276 283 296 314 318 306 290 278 272 270 270 271 274 276 275 271
263 262 258 254 250 246 245 244 243 245 251 256 254 251 249 245 244 248 253 257 261 267 272 272 258 246 251 254 254 253 253 254 255 256 258 261 262 259 255 253 252 251 252 254 255 255 254 254 256 257 257 257 259 260 258 257 258 261 266 270 268 264 262 261 261 261 261 261 261 262 262 263 264 265 266 267 269 272 275 280 290 303 312 305 294 285 277 273 273 276 277 275 269 264
263 260 255 252 252 251 247 243 239 242 250 253 249 247 245 242 242 245 251 260 269 275 272 256 235 234 246 251 252 253 254 254 255 255 255 258 260 261 258 255 254 253 254 255 257 256 255 254 255 256 257 258 259 259 257 254 254 257 264 271 271 266 262 261 261 261 261 261 262 262 262 263 264 265 266 267 269 271 274 278 285 294 303 302 296 292 286 280 279 279 275 268 264 263
259 255 247 244 246 247 245 240 235 240 248 247 241 239 238 237 239 241 247 262 275 276 258 238 225 229 243 249 251 252 254 254 255 256 256 256 257 259 259 256 252 252 253 256 257 258 257 256 255 256 259 261 262 261 256 252 253 257 260 263 265 264 262 261 261 261 261 261 262 262 262 263 264 264 265 267 268 270 273 276 281 287 295 298 296 294 291 285 282 279 271 263 266 266
255 250 241 238 238 237 233 227 224 232 240 240 234 234 236 238 239 239 247 258 265 254 239 230 224 230 242 248 251 253 254 255 256 257 257 257 256 257 259 258 254 250 251 254 257 258 258 258 257 259 261 264 266 265 261 258 259 260 259 256 255 258 260 261 261 261 261 261 262 262 262 263 264 264 265 266 268 269 272 274 278 283 289 294 294 292 290 286 281 274 264 264 268 268
255 250 243 239 238 236 230 221 215 224 232 229 222 221 222 228 233 237 250 254 246 222 222 225 224 234 244 248 251 252 254 256 258 259 259 257 257 257 257 258 256 251 249 251 255 257 258 258 258 259 262 268 270 267 267 270 268 264 260 256 254 256 259 260 261 261 261 261 262 262 262 263 263 264 265 266 267 269 270 272 275 278 282 287 289 288 286 283 276 268 263 265 268 268
254 250 245 245 246 244 238 227 217 227 232 228 220 217 217 226 233 239 249 246 231 217 216 222 227 237 245 248 250 251 253 257 261 262 260 258 258 258 258 258 256 252 248 248 249 252 255 257 258 258 261 266 268 265 266 271 272 268 263 259 257 256 258 260 261 261 261 262 262 262 263 263 263 264 265 266 267 268 269 271 273 275 277 280 282 283 282 278 272 267 266 266 267 267
251 249 247 249 251 248 243 236 235 243 245 239 234 233 236 245 246 251 250 239 226 223 223 229 235 243 247 248 249 249 252 257 260 260 259 259 259 259 259 258 258 255 251 247 245 246 249 252 256 259 261 260 258 259 263 267 269 268 265 262 260 258 259 261 261 262 262 262 262 263 263 263 263 264 264 265 266 267 268 269 271 272 274 275 276 277 277 274 271 269 267 267 266 266
250 250 250 250 249 244 240 239 248 261 263 256 249 248 254 259 258 260 252 230 226 231 235 243 248 250 250 249 249 250 253 256 256 257 258 260 260 260 260 260 260 260 257 253 248 246 247 250 254 258 257 253 251 253 259 263 266 267 266 264 262 260 261 262 262 262 262 262 263 263 263 263 263 264 264 265 266 266 267 268 269 270 271 272 273 273 272 271 270 268 267 266 266 265
250 253 252 250 248 243 240 239 245 256 262 259 258 255 259 262 265 263 249 228 226 234 244 255 259 256 252 250 252 255 258 258 256 255 257 260 262 263 262 262 261 262 262 260 257 254 253 255 257 257 253 251 250 252 256 259 263 265 265 266 264 263 263 264 264 263 263 263 263 263 263 263 263 264 264 265 265 266 267 267 268 269 269 270 270 270 270 269 268 267 266 265 265 264
252 256 255 254 254 250 245 243 244 248 253 259 265 267 267 268 267 259 243 231 229 237 248 257 256 248 247 251 254 258 260 260 258 257 257 260 263 266 266 265 264 264 265 264 262 261 261 261 259 256 253 252 251 252 255 257 259 262 264 264 264 265 266 267 266 265 265 264 264 263 263 263 264 264 264 265 265 266 266 267 267 268 268 268 268 268 268 267 267 266 265 265 264 264
255 258 259 259 261 259 257 254 251 249 251 255 259 267 269 267 261 252 241 234 233 242 252 253 242 235 243 250 254 257 259 260 261 260 259 260 263 265 268 270 268 266 266 265 262 261 262 260 257 254 253 253 251 251 253 256 257 258 261 262 261 262 265 267 269 269 268 266 265 264 264 264 264 264 264 265 265 265 266 266 267 267 267 267 267 267 267 266 266 265 265 264 263 263
253 256 258 260 260 259 260 260 256 253 253 253 254 261 264 260 257 253 244 238 245 255 256 246 234 236 244 250 254 256 258 261 263 265 265 265 264 264 267 271 272 270 269 267 264 261 260 258 256 253 253 252 251 251 252 253 254 255 258 260 259 259 260 263 267 270 270 269 266 265 264 264 264 264 265 265 265 265 266 266 266 266 266 266 266 266 266 265 265 264 264 263 263 262
254 256 258 258 257 257 257 258 256 255 254 252 250 250 251 251 252 251 246 249 260 263 253 239 236 241 247 251 253 255 258 262 265 269 271 272 270 268 268 271 274 273 272 271 268 262 260 258 256 254 253 252 251 252 252 252 252 253 255 257 259 259 258 260 263 266 269 269 267 266 265 265 265 265 265 265 266 266 266 266 266 266 266 266 266 265 265 264 264 264 263 262 262 261
255 257 258 257 256 256 257 256 256 255 254 252 248 243 242 245 247 247 245 253 259 252 241 239 241 245 249 252 254 256 259 263 266 270 273 276 276 274 273 273 275 276 275 274 272 265 260 257 256 254 253 252 251 251 252 252 252 252 252 253 255 257 258 259 260 263 265 265 265 265 266 268 268 267 266 266 266 266 266 266 266 266 266 266 265 265 264 264 263 263 262 262 261 261
255 256 257 256 255 255 256 255 255 255 254 253 251 250 251 251 250 249 249 254 250 238 238 242 243 244 249 254 256 259 262 263 265 268 272 277 281 281 278 276 277 279 279 278 278 272 264 258 255 253 252 252 252 251 251 251 251 252 252 252 253 254 256 257 258 260 261 261 260 261 264 268 270 269 268 268 268 268 268 267 267 267 266 266 265 265 264 264 263 263 262 261 261 260
255 255 255 255 255 256 256 256 255 256 257 258 259 263 266 266 261 256 256 254 244 237 239 242 242 243 247 252 256 260 263 264 265 267 270 275 280 284 282 280 280 282 282 282 282 279 271 263 256 253 253 253 253 253 253 251 250 250 252 253 253 253 254 256 256 256 256 256 256 257 259 263 267 271 271 270 271 271 270 269 269 268 267 266 266 265 264 263 263 262 262 261 260 260
255 254 253 253 254 256 256 255 255 257 260 262 266 269 271 271 267 262 257 251 244 242 242 241 240 242 246 249 253 258 263 265 267 267 268 272 279 284 285 284 283 284 284 285 286 284 276 268 260 255 253 252 252 252 253 253 251 250 251 252 252 252 254 256 256 255 255 254 252 254 255 255 258 264 268 271 273 274 273 272 272 271 269 268 266 265 264 263 263 262 261 261 260 259
254 253 251 251 252 253 254 254 254 256 259 262 264 266 268 268 265 260 254 248 245 246 245 240 239 241 243 246 251 257 261 266 267 264 265 272 280 285 287 287 286 285 285 286 288 288 282 273 266 260 256 253 250 250 250 252 252 251 251 251 251 252 253 254 255 255 254 253 251 251 253 253 253 255 260 265 269 271 271 273 276 276 273 269 267 266 265 264 263 262 261 260 260 259
252 251 249 249 250 251 252 253 252 253 255 256 255 256 259 261 261 258 253 246 245 248 248 241 237 239 240 241 246 255 262 265 263 258 263 274 282 284 284 286 288 286 285 287 289 290 289 280 271 265 260 256 253 250 249 248 250 251 251 250 250 252 253 253 253 253 252 252 251 250 250 252 254 254 256 260 263 266 268 269 274 278 277 273 269 267 265 264 263 262 261 260 260 259
251 249 247 248 249 249 249 249 249 250 251 251 250 249 252 255 257 254 249 246 247 251 251 243 236 236 239 237 242 253 260 261 258 253 265 277 281 279 279 284 289 288 287 288 289 291 293 288 276 267 262 258 256 254 251 248 247 249 250 249 249 250 253 253 253 252 251 251 250 249 248 250 253 255 256 257 259 263 266 267 267 272 278 277 272 268 266 264 263 262 261 261 260 259
250 248 247 249 249 249 248 247 248 249 249 248 246 246 250 253 254 247 240 243 250 255 253 246 238 236 237 236 242 253 257 256 254 253 265 275 276 275 280 283 283 284 288 292 291 290 294 295 283 271 263 258 256 254 253 250 248 248 249 248 247 248 250 250 251 252 252 251 250 248 248 249 252 255 256 256 257 260 263 265 265 267 273 278 276 271 267 265 264 262 262 261 261 260
248 248 250 253 253 253 251 250 249 248 248 248 245 245 250 255 255 240 233 239 249 257 257 250 243 239 237 235 242 251 255 253 250 252 263 272 274 277 281 278 271 275 285 293 294 293 295 299 292 278 268 260 255 252 253 252 249 249 250 249 247 248 247 246 248 250 253 253 251 248 247 250 252 253 254 256 256 257 258 262 264 266 268 273 276 274 270 267 265 263 262 262 262 261
249 250 253 255 254 253 251 251 249 248 247 248 249 248 251 256 254 234 228 236 245 255 261 254 247 245 242 237 238 244 250 253 250 250 261 270 275 279 279 270 267 269 274 285 294 295 295 300 299 286 274 264 256 253 253 251 250 250 250 249 249 248 246 244 244 246 249 252 252 250 249 251 252 252 252 254 255 255 256 259 263 265 266 268 271 272 270 268 265 264 264 263 263 263
252 253 254 253 252 251 249 248 248 246 243 246 251 251 253 257 254 229 224 232 238 248 257 254 245 250 253 251 244 240 243 249 250 254 264 271 274 276 272 267 266 264 266 275 289 295 294 298 303 296 281 267 258 255 254 252 250 249 249 249 248 247 246 245 244 244 245 246 249 251 252 253 253 252 252 253 253 253 253 255 259 264 265 265 266 266 265 265 264 264 266 267 266 264
252 253 253 252 252 252 250 248 245 242 240 246 250 251 252 256 255 229 220 227 232 241 249 251 246 253 259 261 256 245 241 243 250 260 270 274 272 268 264 261 258 257 263 273 283 288 288 291 299 302 292 275 261 256 254 252 250 249 248 247 246 245 245 246 246 244 243 243 244 246 249 251 253 251 250 251 253 253 252 252 255 260 262 263 263 261 259 259 259 261 267 270 267 263
249 249 250 251 251 250 250 249 245 241 243 248 249 246 247 255 258 236 214 225 229 235 241 245 248 253 255 256 258 256 244 242 249 261 270 274 269 264 259 253 248 253 263 270 275 277 280 284 289 297 300 290 269 258 254 252 251 250 249 247 246 244 244 246 246 244 243 242 242 242 244 248 251 251 249 250 251 253 253 251 252 255 257 257 257 255 253 253 255 261 267 268 264 259
245 246 247 248 248 247 246 246 245 246 251 254 248 239 244 255 262 248 211 228 232 233 234 239 246 250 249 247 252 256 246 241 247 257 266 270 268 262 256 248 246 255 263 265 267 272 277 277 278 286 297 300 282 262 255 252 251 251 250 249 246 243 244 246 245 243 242 242 242 242 242 244 247 251 252 250 250 252 253 251 252 254 253 251 250 246 246 251 256 262 265 262 256 252
242 245 247 247 247 246 244 242 244 250 258 258 246 235 242 256 263 252 213 234 238 235 232 235 240 245 245 243 251 255 244 239 242 251 262 268 266 257 249 247 250 258 260 259 262 267 268 267 269 274 284 297 292 268 256 252 252 251 251 250 247 244 245 247 246 243 242 243 242 241 240 240 242 246 252 253 251 250 251 252 254 256 254 248 245 242 244 250 257 261 261 256 250 248
241 244 247 247 248 247 243 240 244 250 257 258 245 235 244 254 260 255 237 249 244 240 238 236 236 237 237 239 249 254 248 244 242 248 255 260 256 245 241 247 251 255 254 254 257 257 255 258 264 267 273 284 289 269 256 253 252 252 252 251 249 245 245 247 246 242 242 242 241 240 239 238 238 240 245 250 252 250 249 250 254 257 255 247 243 242 245 250 255 257 255 250 246 248
242 244 246 247 248 247 245 244 248 250 252 254 248 242 246 250 256 263 276 292 268 254 248 245 242 238 233 235 241 244 248 251 252 255 254 248 241 232 235 242 245 245 247 250 252 251 251 254 259 262 264 267 271 264 254 253 252 252 251 252 251 249 247 247 244 241 240 240 240 240 239 238 236 237 240 243 246 248 248 248 252 254 252 246 244 245 247 250 253 252 249 245 243 248
242 242 245 248 251 248 247 250 254 253 251 252 252 249 248 248 254 263 278 309 304 278 264 260 257 252 245 244 242 242 248 255 263 264 257 248 240 230 232 236 234 235 239 243 245 246 246 251 254 255 255 253 253 253 252 253 253 252 252 252 252 251 251 250 245 241 239 238 239 240 241 239 237 236 237 238 240 243 247 250 251 252 250 246 247 249 249 250 250 248 245 242 239 244
239 240 243 248 252 251 252 256 259 257 252 255 256 251 247 248 254 260 269 297 315 301 284 274 269 266 263 261 260 260 259 261 266 264 259 254 246 240 239 236 233 231 234 238 240 240 240 241 243 246 247 245 241 236 243 251 254 254 253 253 253 252 252 251 249 249 249 245 242 242 242 240 239 238 237 235 236 238 243 248 250 251 250 248 249 252 251 250 248 246 244 239 235 240
236 238 241 243 243 245 249 255 261 260 254 258 262 255 247 246 252 257 263 275 304 310 300 288 279 275 271 271 275 276 273 269 267 265 261 257 254 251 246 244 240 236 238 241 242 241 241 240 236 237 240 241 235 222 229 247 254 254 253 254 254 251 250 249 249 255 261 264 258 250 244 242 242 242 239 235 233 234 238 242 246 249 249 248 250 251 250 248 246 245 243 236 232 239
230 237 242 239 236 235 238 244 253 257 255 261 267 266 253 247 249 253 257 261 280 299 303 299 289 283 280 280 281 281 278 274 269 266 264 260 257 253 247 248 249 246 244 244 246 248 249 244 238 236 237 239 232 215 223 244 252 253 253 253 251 247 248 247 246 251 258 267 274 266 253 247 245 245 242 237 233 232 233 236 240 245 248 248 248 248 245 242 242 243 240 232 232 243
231 241 246 242 237 236 237 239 244 247 252 264 271 272 264 257 251 248 249 256 267 282 293 296 292 290 288 286 287 285 282 277 271 268 266 261 257 254 249 246 250 250 246 243 243 247 249 244 238 235 236 237 227 211 221 242 252 254 254 252 247 245 247 248 248 250 252 255 266 274 267 258 253 249 246 242 237 234 233 232 234 238 243 244 244 244 240 237 240 242 238 230 233 246
236 244 248 244 241 242 241 239 241 241 246 260 270 268 269 267 256 246 243 250 262 273 281 286 288 288 288 291 294 291 285 277 272 270 268 262 258 257 252 246 248 251 248 245 243 243 244 242 236 233 235 234 223 209 216 233 246 252 254 252 246 246 248 248 249 252 250 249 252 262 271 270 266 261 255 251 246 242 238 233 232 235 239 239 240 240 235 233 240 242 238 231 235 248
232 240 244 242 241 242 242 241 242 240 242 251 259 262 269 272 263 249 240 242 252 267 275 277 279 282 289 297 299 295 284 275 271 270 268 263 260 260 255 249 248 251 251 250 247 244 243 240 234 234 236 232 222 210 210 223 235 243 247 246 245 248 247 246 248 250 250 248 247 248 257 267 272 274 272 266 262 257 250 243 238 238 238 236 237 237 230 230 237 241 239 234 240 251
