windninja/windninja_output/Output_2025-08-24_0200-0250_Google earth_Fire_150m_10min/merlingen_7.5mi_point_08-24-2025_0250_150m_ang.asc
ncols	158
nrows	163
xllcorner	391686.332397
yllcorner	5160024.123721
cellsize	150.000000
NODATA_value	-32768.000000
[rows 0 to 41 of 163, columns 0 to 93 of 158]
239 240 240 238 238 240 240 236 235 236 235 229 223 222 227 237 247 251 252 258 258 241 230 231 237 242 242 237 235 235 235 236 238 237 236 241 246 247 248 246 241 240 241 243 245 247 251 251 244 237 234 232 232 232 233 233 233 234 236 236 234 232 231 230 227 225 227 230 234 236 234 233 232 230 230 231 232 235 237 236 234 232 232 236 238 237 233 232 233 231 230 231 229 228
239 240 241 240 241 241 239 239 240 240 236 228 221 222 228 236 242 245 248 252 250 239 232 233 237 239 239 237 237 237 237 237 238 237 238 241 242 242 243 241 240 239 239 240 241 242 243 244 242 239 237 236 236 236 235 234 234 234 235 235 234 233 232 230 228 227 229 232 234 235 234 232 231 230 231 231 231 234 235 234 232 232 234 235 237 236 233 232 234 233 233 233 232 231
237 240 240 240 242 241 238 240 243 241 235 224 218 222 229 236 238 239 242 244 240 236 234 235 237 237 235 236 238 238 239 239 239 238 239 239 238 237 237 236 236 237 237 237 237 236 236 235 235 236 237 237 237 237 236 234 234 233 233 233 232 231 231 230 230 230 231 234 235 234 232 231 232 232 232 231 230 232 234 231 228 231 234 233 234 234 230 229 231 232 234 235 233 231
234 237 238 238 240 238 236 237 237 235 228 219 218 224 231 238 239 238 239 239 238 236 233 233 235 234 232 232 232 234 235 237 239 240 239 237 237 237 236 235 234 233 234 235 235 234 233 232 230 230 231 231 232 233 233 233 234 234 233 233 231 230 230 231 230 230 232 234 236 234 231 231 233 233 233 232 231 233 234 230 226 228 232 231 233 233 227 225 226 226 228 230 229 227
233 236 237 236 238 237 236 238 237 233 226 218 218 225 235 240 241 240 240 239 238 238 235 231 234 232 229 228 227 227 229 231 234 236 236 236 236 236 235 234 232 231 232 232 232 232 231 231 230 229 229 229 230 232 233 233 234 234 234 233 233 231 230 231 231 230 231 235 236 234 232 233 234 233 233 234 235 236 235 231 227 229 232 230 233 234 228 223 223 221 222 224 224 221
237 238 238 236 237 237 239 241 239 234 228 223 220 229 239 242 242 241 241 241 241 242 240 235 235 234 231 228 227 226 226 228 230 230 230 231 232 232 232 230 229 230 232 232 232 232 232 231 231 230 229 230 231 233 234 234 234 234 233 233 232 231 230 230 231 230 231 234 235 232 231 233 234 232 230 231 234 236 234 231 230 233 234 232 232 234 232 229 228 223 221 222 220 216
240 241 242 240 239 239 240 241 238 234 230 226 224 232 242 243 242 240 239 239 240 243 243 239 238 238 235 233 231 228 228 230 230 228 227 228 229 229 229 229 229 231 233 234 234 234 234 233 232 230 229 230 230 232 233 235 235 234 233 232 230 228 227 228 230 230 231 234 234 230 228 230 231 229 227 228 231 232 230 228 231 233 233 233 234 235 235 235 235 232 229 227 224 221
240 241 244 245 245 243 243 241 238 236 233 229 226 233 241 243 242 240 238 237 239 240 240 239 240 239 238 237 233 231 232 233 232 231 231 231 230 230 231 232 232 234 235 236 236 236 235 234 233 231 230 231 230 230 233 235 234 234 232 230 228 225 224 226 227 229 230 233 233 229 227 229 229 227 226 228 231 231 227 227 233 234 231 231 231 232 233 233 234 235 237 237 235 233
240 241 243 246 248 248 246 243 240 238 237 234 230 233 240 242 241 240 239 238 239 240 238 236 235 234 235 236 234 234 237 237 235 235 236 237 235 235 235 236 236 237 237 237 237 237 236 235 234 231 231 232 231 231 234 235 233 232 231 230 229 228 226 226 227 229 231 231 230 228 229 233 232 230 228 230 232 231 227 229 236 237 231 227 226 226 226 227 225 222 223 226 229 229
241 242 244 245 246 246 246 244 242 240 239 237 235 236 242 242 241 240 239 238 238 238 237 234 231 229 230 234 233 235 239 238 236 237 239 238 237 237 237 238 238 238 238 238 239 238 237 237 235 232 233 234 232 233 236 236 235 234 234 233 234 233 232 231 233 233 232 231 228 228 231 235 234 232 231 231 234 232 227 228 233 234 232 228 228 226 225 225 220 216 216 218 221 219
242 243 244 244 244 244 244 243 242 241 240 240 238 240 244 245 243 242 241 239 238 237 236 233 230 227 225 229 233 235 239 239 238 240 241 239 238 237 238 238 237 238 238 238 239 240 239 238 238 236 239 239 236 238 241 242 241 241 241 240 241 241 240 241 243 241 238 234 229 230 234 235 233 231 231 232 235 234 228 227 229 230 229 229 231 230 229 230 225 219 221 224 223 220
243 244 244 244 244 244 244 243 242 241 241 241 240 241 245 247 246 244 243 243 242 239 237 234 231 228 225 229 235 238 241 241 242 243 243 241 240 239 239 238 238 238 238 237 238 239 239 241 242 244 249 250 249 251 253 252 250 249 248 248 251 253 254 256 257 254 248 241 234 234 235 234 232 229 227 228 229 229 227 225 226 227 226 225 226 225 227 233 228 219 225 232 230 225
244 244 245 244 244 244 244 244 243 242 242 242 241 241 247 251 251 247 245 245 244 243 240 237 234 231 230 233 238 241 242 242 243 243 243 242 242 242 241 239 239 239 237 236 237 238 237 240 246 251 255 258 259 262 264 264 259 254 251 253 257 260 265 272 273 269 263 254 244 239 236 234 232 228 223 221 222 224 223 221 224 226 225 225 225 222 226 231 225 217 226 234 232 228
245 245 245 245 245 244 244 244 244 243 243 243 241 240 246 253 256 254 250 247 246 244 243 241 238 234 233 235 237 239 242 244 245 243 242 242 243 242 242 240 241 241 241 242 244 244 240 238 242 248 253 255 257 260 265 269 267 259 251 249 253 257 260 266 272 274 273 273 269 254 241 237 235 229 223 223 226 228 226 224 225 227 227 229 229 226 229 233 228 223 231 238 237 236
245 245 246 246 246 245 245 244 244 244 243 243 241 239 242 249 254 256 254 251 248 246 244 242 239 236 234 235 236 238 241 244 245 243 242 242 241 241 242 244 246 247 248 252 253 250 248 242 238 240 244 247 247 249 253 257 259 254 244 242 246 248 248 248 250 256 262 269 279 282 258 244 239 233 228 230 234 235 234 235 235 234 233 235 234 232 235 236 233 232 241 248 248 248
246 246 246 246 246 246 246 245 245 244 244 244 243 240 241 246 248 249 250 251 248 245 242 240 239 238 235 234 236 237 239 240 239 239 241 244 246 246 246 248 250 249 248 249 248 245 245 246 242 238 238 236 234 235 237 238 240 238 233 238 242 243 242 238 236 241 246 251 258 275 283 262 248 239 234 235 237 238 239 242 241 239 240 241 240 240 242 242 240 240 245 251 251 251
246 246 246 246 246 246 246 246 245 245 245 244 244 244 246 248 247 245 245 246 245 243 240 239 239 238 235 234 235 235 238 239 237 240 244 249 251 251 248 247 245 243 242 242 240 238 239 239 240 241 237 232 230 231 231 232 233 231 228 234 240 242 240 234 233 238 241 243 245 248 262 274 265 253 242 238 236 237 240 241 239 238 242 244 246 248 248 248 250 248 243 244 244 245
247 247 247 246 246 246 246 246 246 245 245 245 245 246 250 252 251 247 244 243 243 242 241 241 241 239 237 236 237 238 240 239 238 240 242 244 245 244 242 240 240 239 240 240 238 238 238 235 234 237 238 235 232 232 232 232 232 230 227 231 237 239 236 232 233 237 239 240 240 240 243 251 259 260 253 243 238 239 243 243 242 243 245 245 247 250 250 248 251 252 247 242 240 241
247 247 247 247 247 247 246 246 246 246 245 245 246 247 250 252 252 250 247 245 244 243 243 243 243 242 240 239 241 242 241 238 236 236 238 240 241 241 240 240 240 240 240 240 239 239 239 236 235 236 238 238 236 234 232 232 232 231 229 231 236 237 235 232 233 236 239 239 238 238 237 234 238 245 249 251 250 251 252 251 251 252 250 246 242 241 241 242 246 249 249 244 242 241
248 248 248 247 247 247 247 247 247 246 245 246 246 247 248 250 251 250 248 246 244 243 243 242 242 241 240 240 240 240 238 236 235 237 241 242 243 242 240 239 238 237 237 237 237 237 238 237 236 238 239 239 238 235 233 231 230 231 231 233 236 238 237 236 236 238 240 238 236 235 232 228 230 233 234 238 246 253 254 253 253 252 249 243 239 238 237 238 243 246 243 238 241 242
249 249 248 248 247 247 247 247 247 246 246 246 246 246 247 247 248 247 246 244 243 242 241 240 240 240 239 239 238 237 235 232 233 236 238 239 239 237 234 234 233 234 235 235 236 238 238 237 236 238 239 238 238 237 235 233 232 231 232 233 235 238 239 238 237 239 237 236 235 233 229 227 230 233 231 226 227 234 240 245 246 246 244 241 238 238 238 238 242 245 240 232 236 241
249 249 248 248 248 248 247 247 247 246 246 246 246 246 246 245 245 245 244 243 242 241 240 240 239 239 238 238 237 236 232 229 231 233 233 233 234 233 231 231 232 232 234 235 237 239 239 237 235 236 237 237 236 237 237 236 235 234 232 232 233 236 239 237 237 238 235 235 235 232 228 227 230 235 234 222 218 224 230 235 239 240 241 240 237 236 235 237 242 243 237 225 229 237
249 249 249 249 249 248 248 247 247 246 246 246 245 245 245 244 244 243 243 241 241 240 239 238 237 237 236 236 236 234 231 228 230 233 234 235 236 234 233 233 232 232 233 236 238 239 237 235 234 234 236 237 236 236 236 236 236 235 231 231 232 236 238 237 236 235 232 233 232 229 227 227 231 235 232 219 213 220 225 229 232 232 235 238 235 234 232 235 239 239 233 220 223 235
250 250 249 249 249 248 248 247 247 247 246 246 245 244 244 244 243 243 242 240 239 239 238 237 236 235 235 235 236 236 233 230 233 236 237 238 239 238 236 234 233 232 233 235 237 236 234 233 234 235 237 237 236 236 235 234 235 234 230 230 233 236 240 240 238 234 231 232 231 229 228 229 234 235 230 218 212 220 226 228 229 229 231 234 234 234 234 236 239 239 232 219 224 235
250 250 250 250 249 249 248 248 248 247 247 246 245 244 243 243 242 242 241 240 239 238 237 236 234 233 233 235 239 240 237 236 237 238 238 238 238 239 238 236 234 233 232 234 236 234 232 233 235 236 237 237 236 236 234 233 233 233 230 230 234 238 241 242 240 236 235 234 233 233 233 234 237 235 228 220 220 227 230 228 228 228 227 228 231 234 236 239 242 241 230 218 225 235
251 251 251 250 250 249 248 248 248 248 246 246 245 245 243 242 242 241 241 240 239 238 236 234 233 230 229 233 239 241 240 240 240 238 236 235 235 238 240 238 235 233 232 235 236 232 232 234 235 235 236 237 239 238 236 233 230 230 231 234 238 242 242 239 233 231 230 230 231 234 237 240 240 234 224 218 225 234 233 228 227 226 223 224 227 229 228 232 240 241 228 214 222 231
251 251 251 251 250 249 249 249 248 247 246 245 245 245 244 243 242 241 240 239 238 237 235 233 230 226 225 231 237 238 239 241 244 242 238 233 232 236 239 237 234 234 235 237 235 229 229 232 233 233 232 235 238 239 237 230 226 228 232 234 241 247 245 238 231 228 225 224 227 232 238 242 239 232 220 213 223 233 235 228 228 227 223 223 225 225 221 224 234 237 227 213 218 227
252 252 251 251 250 250 249 249 249 247 246 245 245 244 244 243 242 240 239 238 237 236 234 231 228 223 222 229 233 233 235 240 244 245 243 238 234 237 239 236 233 234 235 234 231 225 225 228 232 231 229 231 233 235 234 224 219 225 230 233 241 248 246 239 234 230 224 222 226 233 240 240 235 228 217 210 221 232 233 229 231 229 227 227 228 227 221 222 230 233 227 216 217 225
252 252 252 251 251 250 250 250 248 247 246 245 245 244 243 242 241 240 239 238 237 235 233 230 226 221 220 225 228 227 230 235 238 239 240 237 234 236 238 234 230 231 230 229 227 223 223 226 229 229 224 226 229 231 230 217 210 221 230 237 242 243 238 234 232 229 223 222 229 237 240 236 229 224 216 212 222 234 235 234 233 231 231 234 235 233 228 228 232 232 228 223 221 226
253 253 252 252 251 251 250 250 248 247 246 245 245 244 243 242 241 240 239 238 237 235 233 230 226 221 220 223 223 221 224 229 232 234 233 226 224 230 234 229 225 225 223 224 223 219 221 223 226 224 218 221 226 228 226 214 208 222 234 242 246 242 235 231 230 230 223 223 234 242 242 236 228 223 217 215 223 233 238 239 238 234 236 239 240 237 235 234 234 231 229 228 227 231
254 254 253 252 251 251 251 249 248 247 246 245 244 244 243 242 241 239 238 238 236 234 232 230 226 222 222 224 223 222 226 229 230 232 229 218 216 226 231 226 223 222 220 222 220 218 220 223 225 223 219 221 224 227 226 216 214 228 239 246 247 241 236 234 234 232 225 227 240 247 247 239 233 226 217 215 219 227 235 239 238 233 236 240 238 235 234 234 233 231 230 231 233 240
255 254 253 252 252 252 250 249 248 247 246 245 244 244 243 242 241 240 239 238 236 234 232 230 227 224 223 223 222 225 231 234 233 234 231 216 216 227 230 226 224 224 223 225 223 221 224 228 230 229 228 229 229 231 229 219 220 232 244 249 245 235 231 233 237 236 228 230 242 248 246 239 235 227 216 214 216 223 231 236 235 228 231 238 240 239 239 238 237 236 236 235 236 243
255 254 253 253 253 252 250 249 248 247 246 245 244 243 242 241 240 239 239 238 237 234 232 230 228 226 223 219 217 219 226 231 232 236 235 220 218 231 232 229 229 227 227 228 228 227 231 234 234 235 236 236 235 235 230 221 222 232 241 248 245 232 223 228 236 237 230 229 239 243 239 233 230 223 215 213 214 219 229 235 233 227 230 237 241 244 245 243 241 241 241 240 239 243
255 254 253 254 254 252 250 249 248 247 246 245 244 243 242 241 239 239 238 238 237 235 232 230 229 226 222 217 213 216 224 229 231 235 236 224 218 231 232 229 230 228 228 230 231 233 237 237 236 238 238 238 239 238 233 228 227 232 237 241 240 228 216 222 232 236 233 233 239 240 234 228 226 220 214 211 211 216 224 229 229 226 230 235 236 236 239 239 237 237 238 239 242 244
255 254 253 254 254 252 250 248 248 247 246 245 244 243 242 240 240 239 238 237 236 235 233 232 230 226 222 218 215 220 230 233 232 234 234 226 217 227 229 227 228 229 231 233 236 239 240 239 239 240 240 240 241 240 239 237 237 238 239 239 237 227 213 218 230 234 236 238 242 241 234 228 226 221 216 214 213 217 223 226 225 224 227 232 233 230 233 235 232 232 233 235 239 244
256 255 254 254 253 251 249 248 247 247 246 245 244 243 242 241 240 239 238 237 237 236 234 233 231 228 224 220 219 227 236 236 234 234 233 226 218 223 229 229 230 232 234 236 238 240 240 238 239 239 239 239 239 238 238 239 240 241 243 243 241 233 217 216 226 232 235 237 243 244 237 233 230 226 222 218 217 225 232 232 228 225 226 232 235 231 231 231 229 228 230 232 237 243
257 256 256 255 253 250 249 248 247 246 245 244 244 243 242 241 240 239 238 238 237 236 235 234 232 230 226 221 222 231 237 236 235 236 235 229 222 222 229 232 233 234 235 236 237 238 236 236 238 237 237 236 235 235 235 235 236 238 240 243 243 237 224 216 223 230 234 237 240 240 238 239 237 232 225 220 218 225 234 238 234 229 229 232 236 236 230 228 227 226 228 232 237 242
257 257 257 255 253 250 249 248 247 246 245 244 243 242 242 241 240 239 238 238 237 236 235 234 232 230 226 221 223 232 234 234 237 238 237 231 225 225 231 233 233 235 235 235 236 236 234 234 234 235 237 235 232 233 234 233 232 233 234 238 239 236 228 219 221 231 238 241 239 233 232 236 236 231 222 220 218 217 226 234 233 230 229 229 234 236 227 223 227 228 229 232 237 242
258 258 256 254 252 250 249 248 247 246 245 244 243 242 242 241 240 239 239 238 237 236 235 234 233 231 227 222 226 234 235 235 237 237 236 230 224 228 232 232 232 233 233 233 234 233 231 229 227 230 232 230 227 230 233 230 226 226 228 230 231 229 226 219 220 232 243 246 239 229 228 229 228 224 218 221 218 206 218 229 227 224 226 228 234 235 226 218 224 227 228 233 242 247
258 258 256 254 252 250 249 248 247 246 245 244 243 242 242 241 240 239 239 238 237 236 236 235 234 232 229 228 232 238 239 238 237 237 234 226 221 225 229 231 232 233 233 231 230 230 230 227 224 227 230 227 221 222 225 222 216 217 221 222 222 223 224 223 221 230 244 246 237 229 229 229 228 222 217 222 217 197 208 222 221 221 226 232 238 237 229 219 219 224 226 233 245 248
258 258 256 253 251 250 248 248 248 246 245 244 243 242 242 241 240 239 239 238 238 237 236 235 235 233 232 233 236 240 242 241 239 237 232 225 222 224 227 228 230 231 231 229 227 228 227 224 221 224 229 227 217 215 220 219 213 214 219 222 222 222 225 228 225 229 240 242 234 231 231 233 232 222 217 223 214 192 200 216 219 218 224 231 237 238 232 221 218 222 224 234 243 246
257 257 255 253 251 250 249 248 247 246 244 244 243 242 242 241 240 239 239 238 238 237 236 236 236 234 234 235 235 239 242 240 238 235 228 223 225 228 228 227 225 225 225 224 224 223 220 218 216 220 227 226 218 215 222 224 221 220 226 229 228 224 226 228 227 229 235 235 231 229 228 229 229 218 217 222 210 192 198 213 219 218 222 227 231 232 226 219 219 223 226 234 240 243
