windninja/windninja_output/Output_2025-08-24_0200-0250_Google earth_Fire_150m_10min/merlingen_7.5mi_point_08-24-2025_0220_150m_ang.asc
ncols	158
nrows	163
xllcorner	391686.332397
yllcorner	5160024.123721
cellsize	150.000000
NODATA_value	-32768.000000
[rows 84 to 125 of 163, columns 0 to 93 of 158]
266 268 272 268 261 258 255 252 252 255 260 265 267 266 267 267 268 268 270 272 272 272 270 269 271 271 268 265 264 263 262 261 261 260 261 262 262 261 259 257 256 256 257 257 257 258 258 260 261 259 256 256 257 259 260 260 260 260 260 260 259 259 259 259 258 258 258 258 258 258 258 258 258 258 259 259 259 260 261 260 251 235 236 250 266 269 267 264 262 261 260 257 254 251
262 262 261 260 258 255 250 248 252 257 262 265 265 264 264 265 266 267 269 271 273 273 273 273 274 274 270 266 265 265 263 261 259 257 257 259 260 261 262 262 261 260 259 259 260 261 262 264 265 264 261 258 256 257 259 260 260 260 260 260 260 259 259 259 258 258 258 258 258 258 258 258 258 258 259 259 259 260 261 261 260 256 262 270 271 269 265 262 261 261 260 258 255 253
262 261 259 259 256 252 247 247 254 261 264 263 263 263 263 263 263 264 267 269 271 273 274 277 278 276 271 268 267 266 264 262 261 259 257 256 255 255 258 262 264 263 261 259 259 261 262 263 265 266 265 262 259 258 259 260 261 261 261 261 260 260 259 259 259 258 258 258 258 258 258 258 258 258 259 259 260 261 263 266 276 296 291 278 272 268 265 262 260 259 258 258 257 255
263 261 259 258 255 250 247 250 256 260 261 260 262 262 261 260 259 260 262 266 268 269 272 280 285 280 271 268 266 264 264 263 263 264 262 258 254 252 253 255 259 262 262 260 259 259 261 262 262 264 265 264 262 260 260 262 262 263 263 262 262 261 260 259 259 258 258 258 258 258 258 258 258 259 259 260 261 262 265 270 284 311 311 289 273 266 263 263 261 260 260 262 263 260
265 263 261 259 254 249 248 250 253 255 257 260 263 260 258 256 254 255 258 263 266 267 275 284 289 281 270 266 264 262 262 263 264 265 266 265 261 257 254 253 254 256 259 260 259 258 258 259 260 260 261 263 263 262 261 262 263 265 265 265 264 262 261 260 259 259 258 258 258 258 258 258 258 259 259 260 261 263 266 271 283 307 316 300 283 269 263 262 261 263 265 267 265 261
266 266 263 259 255 252 250 249 248 249 256 262 262 258 256 251 249 252 257 263 268 275 283 285 280 268 265 264 262 261 261 261 262 263 264 267 267 264 260 257 256 255 257 259 260 258 257 257 258 259 259 260 261 261 260 259 259 262 267 270 268 264 261 260 259 259 258 258 258 258 258 258 259 259 260 261 262 263 266 270 279 296 309 303 291 281 272 266 266 268 269 267 261 258
267 265 260 256 257 256 252 248 244 247 256 261 257 254 251 248 248 251 256 266 277 285 285 274 255 252 259 261 261 261 261 261 261 261 262 263 266 267 264 259 257 257 258 259 261 260 258 257 257 258 260 260 261 261 258 256 255 257 264 271 271 265 261 260 259 259 259 258 258 258 258 258 259 259 260 261 262 263 266 270 276 287 298 299 294 289 283 276 274 274 270 261 259 258
263 260 253 250 252 254 252 248 243 247 254 255 249 247 246 245 247 248 254 268 284 290 276 253 238 242 254 258 259 260 260 261 261 262 262 262 263 265 265 261 257 255 257 259 261 261 260 259 258 259 261 263 264 263 259 254 254 257 260 263 264 263 261 260 259 259 259 259 259 259 259 259 259 259 260 261 262 263 265 268 273 280 290 294 293 291 287 282 278 275 267 260 263 264
261 257 250 247 247 247 246 241 236 241 248 248 243 243 244 247 249 249 256 268 277 275 253 239 232 239 251 256 258 260 260 261 262 263 264 263 262 263 264 264 259 254 254 258 261 262 262 260 260 261 263 266 268 267 264 260 260 261 259 256 255 258 260 260 259 259 259 259 259 259 259 259 259 259 260 261 262 263 265 267 270 276 283 290 290 289 286 283 278 271 263 264 268 268
262 259 253 250 249 248 245 237 229 235 241 239 233 232 234 240 247 253 263 265 257 231 229 230 230 241 252 256 258 259 260 262 264 265 265 264 263 262 263 264 262 255 253 255 258 260 261 261 260 261 264 269 272 269 269 272 269 265 261 256 254 255 258 259 259 259 259 259 259 259 259 259 259 260 260 261 261 263 264 266 268 272 277 283 286 285 284 281 275 267 263 265 268 268
262 260 257 257 257 256 252 243 234 241 243 238 232 229 230 240 247 254 260 254 236 220 218 225 232 245 253 256 257 257 259 262 266 268 267 264 263 263 263 263 263 258 253 252 252 255 258 260 260 261 263 268 271 268 269 273 273 269 264 260 257 256 258 259 260 260 260 259 259 259 259 259 260 260 260 261 261 262 263 265 267 269 272 275 279 280 280 277 271 266 265 265 266 266
261 259 257 260 261 258 254 251 256 262 258 250 245 244 247 255 255 258 256 244 229 224 224 231 240 250 254 256 255 255 258 263 266 267 266 264 264 264 264 264 264 262 257 252 249 250 252 256 259 262 264 263 261 262 265 269 271 269 266 263 260 258 259 260 260 261 260 260 260 260 260 260 260 260 260 261 261 262 263 264 265 267 268 270 272 273 274 272 269 266 265 264 263 263
261 260 260 261 259 253 249 251 261 272 270 262 255 254 260 264 263 264 256 231 226 230 235 245 253 257 257 257 256 257 260 262 262 262 264 265 266 266 265 265 266 267 264 258 254 251 251 255 259 262 261 256 253 256 261 265 268 268 267 265 262 260 261 261 262 261 261 261 260 260 260 260 260 260 260 260 261 261 262 263 264 265 266 267 268 268 268 267 266 265 263 262 262 261
264 264 262 260 256 250 247 247 253 263 267 263 262 260 264 266 268 266 251 228 225 233 244 256 263 263 259 258 259 262 264 262 260 260 262 265 267 268 267 267 267 269 269 266 263 259 258 259 261 260 256 253 252 254 258 261 265 266 267 267 265 263 263 264 263 262 262 262 261 261 260 260 260 260 260 261 261 261 262 262 263 263 264 265 265 265 265 264 263 262 261 261 260 259
266 265 262 260 259 255 250 248 249 253 257 261 266 269 269 270 269 260 242 230 228 236 250 261 264 257 256 258 260 263 264 263 262 261 262 264 267 270 271 270 269 270 271 270 267 266 265 264 262 259 256 254 254 254 257 259 261 263 265 265 265 265 266 267 266 265 264 263 262 261 261 260 260 260 261 261 261 261 261 262 262 262 263 263 263 263 263 262 262 261 260 259 259 258
265 264 262 262 264 262 259 257 253 251 253 256 260 268 271 268 261 250 239 232 234 245 256 259 251 243 250 256 259 261 263 264 264 264 263 264 267 269 272 274 273 272 273 271 267 266 266 264 260 257 256 255 254 254 256 258 258 260 262 263 262 263 265 267 268 268 267 265 263 262 261 261 261 261 261 261 261 261 261 261 262 262 262 262 262 262 261 261 260 259 259 258 258 257
263 262 262 262 262 261 261 260 257 253 253 254 255 261 264 259 256 253 243 239 249 260 262 251 236 239 248 254 258 260 261 263 266 267 268 268 268 268 271 275 277 275 275 274 270 266 264 263 260 257 256 256 255 254 254 256 256 257 260 261 260 260 261 263 267 269 269 268 265 263 262 262 261 261 261 261 261 261 261 261 261 261 261 261 261 260 260 260 259 258 258 257 256 256
264 263 263 261 259 259 258 258 257 256 255 254 252 251 251 252 254 254 250 254 266 269 257 240 237 243 250 254 256 257 260 263 267 270 273 274 273 271 272 275 278 278 277 278 274 268 264 263 261 258 257 255 255 255 255 255 254 255 256 258 260 260 259 260 263 266 268 268 266 264 263 263 263 263 262 262 262 262 262 262 261 261 261 261 260 260 259 259 258 258 257 256 256 255
265 265 263 260 258 258 258 258 257 257 256 254 251 247 247 251 253 253 253 260 265 257 243 240 242 246 251 254 255 257 261 264 267 271 275 278 278 277 275 276 278 280 280 280 278 271 266 263 261 259 257 256 255 255 255 255 255 255 254 254 257 258 259 259 260 262 264 265 264 264 265 266 266 264 263 263 263 263 262 262 262 261 261 260 260 259 259 258 258 257 256 255 255 254
265 264 262 260 259 259 259 258 257 257 257 257 256 257 259 259 257 256 257 260 254 239 238 243 244 245 250 254 257 260 263 265 267 270 274 278 282 282 279 278 280 282 282 283 283 279 271 264 260 258 257 257 256 255 255 254 254 254 254 254 254 256 257 257 258 259 260 260 259 260 263 267 269 267 266 265 265 264 264 263 263 262 261 261 260 259 258 258 257 256 256 255 254 254
264 263 261 260 259 260 260 259 258 258 260 261 263 268 272 271 265 261 260 257 245 237 240 244 243 244 249 254 258 262 266 266 267 269 272 276 281 284 283 281 282 284 285 286 287 285 277 269 262 259 258 258 257 258 257 255 253 253 254 255 255 255 255 256 257 256 256 256 255 255 258 261 266 269 269 269 269 268 267 265 264 264 263 261 260 259 258 258 257 256 255 254 254 253
264 263 260 259 259 260 260 258 257 259 262 265 268 272 274 274 269 264 259 252 245 243 244 243 242 244 248 252 255 261 265 268 269 268 269 274 280 285 286 285 285 286 287 288 290 289 283 274 267 262 259 258 257 257 258 257 255 253 253 254 254 254 255 257 257 255 255 253 252 253 254 254 257 262 266 269 271 272 270 269 269 267 264 262 261 260 259 258 257 256 255 254 253 253
264 262 259 257 257 258 258 257 257 259 263 266 269 271 272 271 267 262 256 249 246 248 247 242 242 244 247 249 253 260 264 269 269 266 267 274 282 287 288 288 287 287 287 289 291 292 288 280 273 267 263 259 256 255 255 256 256 255 254 253 253 253 254 255 256 255 254 253 250 250 252 252 251 253 257 263 267 268 268 270 273 273 268 264 262 260 259 258 257 256 255 254 254 253
263 261 257 256 256 256 257 258 258 260 263 264 264 263 265 266 264 261 256 249 247 251 252 245 241 243 244 245 250 259 265 268 266 261 266 277 284 287 286 288 290 288 288 289 292 294 294 287 279 273 267 263 259 256 254 253 254 255 255 253 252 254 255 254 254 254 253 252 251 249 249 251 252 252 254 257 260 262 264 266 270 275 273 268 264 261 260 258 257 256 255 254 254 253
262 259 256 256 257 257 258 260 261 261 260 259 257 255 257 261 262 259 253 250 251 255 256 249 242 241 243 242 246 256 264 265 263 257 268 280 284 283 283 288 292 290 289 291 292 294 297 294 285 276 270 266 263 260 257 253 252 253 254 252 251 253 255 255 254 253 252 251 250 248 247 249 252 253 253 254 256 259 262 263 264 269 274 273 267 263 261 259 257 256 255 255 254 253
262 260 258 260 261 262 261 259 259 258 255 254 252 252 255 259 261 255 246 248 255 260 259 253 246 242 242 241 246 257 261 261 259 258 269 279 281 280 284 288 288 287 290 294 294 294 298 300 292 281 273 267 263 262 259 256 253 253 253 252 250 251 252 252 252 253 253 251 249 248 247 248 251 253 253 253 254 256 259 261 261 263 268 273 271 266 262 260 258 257 256 256 255 254
263 263 264 266 266 264 261 258 256 254 253 253 251 251 256 261 263 251 241 246 255 263 264 257 252 247 244 242 248 256 260 260 257 257 267 276 279 282 287 285 278 280 288 295 296 296 298 303 299 288 279 271 264 261 260 258 255 254 254 253 251 251 250 248 249 251 253 253 250 247 246 249 250 251 252 253 254 254 255 258 260 262 264 268 271 269 265 262 260 258 257 257 256 256
266 266 267 267 264 261 259 257 256 254 252 253 254 255 259 264 265 250 239 244 251 261 268 263 257 255 252 247 247 251 256 260 257 256 266 275 281 286 287 280 276 277 281 289 296 298 299 303 304 295 285 276 267 262 261 259 257 255 255 254 253 252 249 246 246 248 250 252 252 249 248 250 251 250 250 252 253 252 253 256 259 261 262 263 265 267 266 264 262 260 260 259 259 258
268 268 267 264 262 259 258 256 255 253 250 253 259 261 262 265 266 252 240 243 247 255 266 268 259 260 264 263 255 248 249 256 258 261 270 277 282 285 282 278 277 273 273 282 294 299 298 301 305 302 292 281 271 265 262 260 258 256 254 253 253 251 249 248 246 246 246 247 249 251 251 252 252 250 249 250 251 250 250 252 256 260 261 261 261 260 261 261 261 261 263 263 262 259
268 267 265 262 261 261 260 257 255 251 250 254 260 262 262 265 268 262 251 246 245 250 257 263 259 264 270 272 268 256 248 250 257 267 275 280 280 277 275 273 269 266 271 280 291 296 294 297 303 305 300 290 277 269 264 262 260 257 255 253 252 250 249 249 248 246 244 243 244 246 248 250 251 249 248 249 250 250 249 248 251 256 258 258 258 256 254 255 255 258 263 266 262 258
265 264 263 262 262 261 261 260 255 252 254 259 261 259 259 265 273 282 275 254 246 247 250 256 262 267 269 270 271 268 255 250 256 267 276 280 276 273 271 266 261 265 273 280 286 290 292 295 298 303 305 302 288 273 266 263 261 259 256 253 251 249 248 249 248 246 244 243 243 242 243 247 250 249 247 247 249 250 249 247 249 252 252 252 253 250 248 249 250 256 261 262 258 254
264 262 261 262 262 260 259 258 256 257 263 267 263 255 255 266 278 294 301 268 256 250 248 253 262 268 268 265 268 273 264 253 256 264 274 278 277 273 268 263 262 270 276 278 282 288 293 294 293 298 305 309 300 281 268 263 262 261 258 255 252 249 249 250 249 246 244 244 243 242 241 243 246 250 250 248 247 249 249 248 249 251 249 246 246 242 241 245 250 256 259 255 250 247
265 264 262 262 262 261 257 255 257 263 271 274 266 253 256 268 279 296 317 292 273 265 259 257 259 265 266 262 267 275 272 259 255 260 271 278 279 273 265 265 269 275 277 275 278 285 288 288 288 292 300 309 309 291 273 265 263 262 260 258 254 250 250 251 250 246 244 244 243 241 240 239 241 245 250 251 249 247 248 249 251 252 250 244 241 238 238 243 250 255 255 250 244 242
267 265 263 262 262 262 259 257 260 266 272 275 270 259 260 266 275 292 321 313 293 281 275 267 262 263 265 264 270 277 277 268 260 263 270 277 278 270 264 269 275 277 274 273 274 277 280 283 288 290 296 307 313 301 280 268 264 263 262 260 257 253 251 252 250 246 244 244 243 241 239 237 237 239 243 248 250 247 246 247 251 254 250 243 239 238 239 243 249 251 249 244 240 241
271 267 263 262 263 264 264 265 267 267 268 272 277 271 264 262 268 288 317 321 307 292 284 280 275 270 271 273 273 275 281 285 283 279 277 274 272 267 267 273 276 273 271 270 271 273 278 284 289 291 294 303 312 307 287 272 266 264 263 262 260 257 255 253 249 245 243 242 242 241 240 237 236 236 238 241 244 245 245 245 248 251 248 242 240 240 241 243 247 246 243 239 237 241
274 269 263 264 267 267 267 270 272 270 266 269 281 280 268 262 267 282 307 319 314 300 291 288 285 282 281 282 280 281 289 298 299 291 282 273 269 268 273 274 271 267 266 268 270 272 276 282 287 288 289 296 306 311 295 276 268 265 264 263 262 261 260 257 251 246 243 241 240 241 241 239 236 235 236 237 238 240 244 246 248 249 246 242 242 243 242 243 244 242 239 236 233 238
275 270 264 265 269 269 269 273 275 274 269 271 282 287 274 266 268 276 295 313 317 308 298 292 289 288 287 288 290 292 293 296 296 289 282 277 273 273 277 275 269 265 266 270 271 270 272 278 283 284 284 289 300 310 301 280 271 268 266 265 264 263 261 259 254 253 252 248 244 243 242 240 238 237 235 234 234 236 240 245 247 248 246 243 244 245 244 243 242 240 238 234 230 235
279 274 270 267 266 268 269 273 277 278 273 273 283 296 282 269 267 273 286 302 313 309 302 296 291 290 290 292 295 296 294 291 289 287 283 280 279 277 276 279 275 269 268 270 270 270 272 276 277 279 281 285 294 306 302 283 273 270 268 267 265 261 257 254 252 257 263 266 260 251 245 241 241 240 237 233 231 232 235 239 243 245 245 244 244 245 243 241 240 239 237 231 227 232
296 283 278 273 266 264 265 267 272 278 276 276 286 304 293 275 266 268 275 285 298 303 302 298 292 290 291 294 296 295 296 294 290 289 285 281 282 276 274 282 283 277 269 266 268 271 273 273 273 273 275 281 291 302 301 288 276 271 268 266 261 255 253 251 250 254 260 269 275 267 254 247 244 243 240 234 230 229 231 233 237 241 243 242 242 241 238 236 236 238 234 226 226 235
306 288 283 279 271 267 265 263 265 269 274 279 288 306 300 283 269 262 262 272 283 293 296 294 291 290 291 292 295 297 300 297 291 290 288 283 283 279 274 280 288 284 273 265 265 269 271 273 273 272 273 278 286 297 297 288 277 270 267 262 255 251 253 253 253 254 255 257 267 275 267 258 252 247 243 239 233 231 230 229 230 235 238 238 238 238 234 231 234 236 232 224 226 239
303 290 284 283 278 274 271 266 263 265 269 277 288 299 298 289 275 260 256 264 276 285 290 292 290 288 288 294 300 303 306 300 293 293 291 284 283 284 277 278 289 291 282 269 265 266 270 273 274 274 275 277 280 290 289 280 272 266 265 262 255 254 256 256 256 257 254 252 254 263 271 269 265 259 252 247 241 237 233 229 228 232 235 235 235 235 230 228 234 237 232 224 227 239
299 288 285 286 284 278 275 272 269 268 267 270 277 288 292 289 281 268 258 261 270 282 289 288 288 290 297 306 309 312 314 302 294 294 292 285 284 288 282 280 287 294 292 279 269 267 269 273 276 278 277 276 276 283 285 275 266 261 260 260 259 259 258 256 255 256 254 251 249 250 257 267 271 273 269 262 256 251 244 237 233 234 234 232 233 232 226 226 232 235 232 225 229 241
