windninja/windninja_output/Output_2025-08-24_0200-0250_Google earth_Fire_150m_10min/merlingen_7.5mi_point_08-24-2025_0250_150m_ang.asc
ncols	158
nrows	163
xllcorner	391686.332397
yllcorner	5160024.123721
cellsize	150.000000
NODATA_value	-32768.000000
[rows 42 to 83 of 163, columns 0 to 93 of 158]
256 256 254 252 251 250 250 248 247 245 244 244 243 242 242 241 240 239 239 239 238 237 237 237 236 235 235 235 235 238 239 238 235 231 224 221 223 226 225 224 223 224 223 223 221 218 218 220 220 224 231 231 223 220 226 230 228 227 232 235 233 228 227 227 227 228 229 228 226 222 220 223 222 214 215 219 206 194 198 210 218 220 223 228 229 226 220 219 223 225 229 233 236 239
255 255 253 252 251 250 249 248 247 246 244 244 243 242 242 241 240 240 239 239 238 237 237 237 236 235 235 236 236 237 238 237 234 228 222 219 221 224 222 223 225 227 227 227 224 221 222 226 228 231 235 233 224 220 225 230 230 229 232 235 235 233 232 229 228 227 224 223 220 214 212 216 215 210 212 212 203 196 200 210 217 221 225 229 228 223 221 223 226 228 231 232 237 241
254 254 253 252 252 250 249 248 247 246 245 244 243 242 242 241 240 240 240 239 238 237 237 237 236 236 236 236 236 236 237 236 233 228 223 221 225 227 227 227 228 230 232 231 226 223 226 229 230 231 231 228 222 220 224 228 229 229 232 234 234 235 234 232 232 230 226 222 217 211 211 214 214 213 213 212 204 199 204 213 219 222 226 230 228 223 223 227 230 232 233 235 242 245
252 252 252 252 251 250 249 248 247 246 245 244 243 242 242 241 240 240 240 239 238 237 237 237 237 236 236 236 236 235 235 235 233 229 226 227 230 232 231 230 230 232 234 231 224 223 227 230 231 230 228 227 224 223 226 229 230 231 232 233 232 232 231 231 233 232 229 224 217 215 218 220 221 220 219 215 205 201 207 214 218 223 229 232 229 225 225 228 231 234 236 239 246 246
252 252 252 251 250 250 249 248 247 246 245 244 243 242 242 241 241 240 240 239 238 238 237 237 237 237 236 236 236 235 235 235 233 230 229 229 232 233 232 231 231 234 235 230 223 225 229 232 231 229 228 227 226 227 229 231 231 233 234 232 229 229 229 229 231 231 229 226 220 220 225 226 227 226 222 217 207 202 208 216 222 228 234 235 230 227 228 229 230 233 236 242 246 243
251 251 251 249 249 250 251 249 247 246 245 244 243 242 242 241 241 240 240 239 238 238 237 237 237 237 236 236 235 235 235 235 234 233 232 231 232 233 233 233 234 235 234 227 224 228 233 234 231 227 226 226 226 227 228 228 231 232 234 231 226 229 231 232 233 233 230 227 222 221 225 227 229 227 223 218 211 208 213 223 231 235 236 234 230 228 229 229 230 233 236 240 241 239
250 250 249 248 248 250 251 250 248 247 246 244 243 242 242 242 241 241 240 239 239 238 238 238 237 237 236 236 235 235 235 235 235 234 233 232 234 234 235 236 236 237 233 227 226 231 234 233 229 225 224 225 228 230 229 229 231 232 231 226 224 230 235 236 238 236 231 227 224 224 226 228 228 227 223 219 215 215 220 228 233 234 233 230 227 226 227 227 229 231 234 237 238 235
249 249 247 246 247 250 251 251 249 247 246 245 243 243 242 242 241 241 240 239 239 238 238 237 237 237 236 236 235 235 235 235 234 234 233 232 233 234 234 235 237 237 234 229 230 235 235 231 227 223 221 225 228 229 228 229 232 232 229 224 224 231 236 239 239 235 230 227 225 225 226 227 227 225 222 219 216 216 220 225 229 230 229 227 225 224 224 224 227 229 231 235 235 234
249 248 245 244 247 249 249 249 249 248 246 244 243 243 242 242 241 240 240 239 239 238 238 237 237 236 236 235 235 235 235 235 234 234 233 233 233 234 234 234 235 236 234 231 234 238 235 231 228 225 224 228 229 226 225 228 231 231 227 225 227 232 239 242 240 234 229 227 226 227 227 228 226 224 222 219 216 216 219 224 227 228 228 226 225 224 223 224 227 229 230 232 234 234
250 248 244 244 247 247 246 247 247 247 246 244 243 243 242 242 241 240 240 239 239 238 238 237 237 236 236 236 235 235 235 235 234 234 234 234 235 235 235 233 234 236 235 232 236 238 234 229 229 228 228 231 231 228 228 232 233 230 226 226 229 234 242 245 239 231 228 225 225 227 227 227 225 223 222 220 218 217 220 224 226 228 230 229 227 226 226 228 230 231 230 232 234 234
251 248 244 245 249 248 245 245 246 245 245 244 243 243 242 242 241 240 240 240 239 238 238 238 237 237 236 236 236 235 235 235 234 234 234 235 235 235 235 233 234 237 236 233 235 236 231 225 225 224 222 224 226 228 232 236 234 229 227 228 230 234 243 245 237 228 224 223 224 225 225 224 222 221 222 222 220 219 222 225 226 228 231 233 232 232 232 232 233 232 231 232 232 232
248 247 244 245 248 247 244 244 245 245 244 244 243 243 242 242 241 240 240 240 239 239 238 238 237 237 236 236 236 235 235 235 235 234 234 234 235 235 235 234 234 237 236 233 232 233 227 220 221 221 219 221 224 228 234 237 232 227 227 229 231 236 244 243 234 224 220 219 222 223 222 220 219 221 223 223 222 223 227 228 226 228 230 230 232 236 236 234 232 232 232 231 229 228
244 244 244 245 247 245 242 243 244 244 244 244 244 243 242 242 241 240 240 239 239 238 238 238 237 236 236 236 236 235 235 235 235 235 234 234 234 234 235 234 235 238 237 234 232 231 225 219 221 221 220 224 228 231 237 236 228 224 225 228 231 236 242 240 229 220 214 213 217 219 218 218 220 222 224 223 222 224 229 228 225 227 227 226 226 230 233 234 232 231 231 230 228 227
241 243 244 246 249 248 245 243 242 243 244 245 245 244 243 242 241 241 240 239 239 238 238 238 237 237 236 236 236 235 235 235 235 235 234 234 234 234 234 235 237 240 239 237 234 231 226 222 222 220 220 226 228 232 238 234 223 222 225 228 230 235 238 236 227 217 212 211 215 218 217 219 223 224 224 222 221 224 227 225 223 225 225 224 224 225 226 227 229 231 233 233 230 231
242 243 243 243 247 249 248 246 244 243 243 243 245 245 244 242 242 241 240 239 239 238 238 238 237 236 236 236 236 235 235 235 235 234 234 234 234 234 234 235 236 238 238 236 234 231 227 224 222 219 219 228 230 234 239 231 220 221 226 229 231 234 236 234 226 217 212 212 217 220 220 221 222 222 222 220 221 224 224 222 222 224 225 224 224 224 222 222 224 229 236 239 237 235
242 242 242 240 241 244 246 246 245 245 242 239 241 244 244 244 242 241 240 240 239 238 238 237 237 236 236 236 236 235 235 235 235 234 234 234 234 234 234 234 235 235 235 235 233 232 231 229 226 219 220 230 233 237 239 228 218 221 225 228 231 234 236 234 227 217 212 213 217 220 220 221 221 220 220 218 219 222 221 219 220 222 224 225 227 228 227 225 224 226 233 237 234 235
241 241 241 240 240 240 242 244 246 247 242 238 238 241 244 245 244 242 241 240 239 239 238 238 237 236 236 236 236 235 235 235 235 234 234 234 234 234 234 234 234 234 234 234 234 235 235 234 231 223 221 231 235 238 237 227 218 223 228 230 231 233 234 233 227 218 212 210 213 216 218 220 220 220 219 217 218 219 218 217 217 220 223 226 228 230 230 229 227 228 233 235 233 238
240 240 240 241 241 241 242 243 246 248 245 240 238 239 242 244 245 243 241 240 239 239 239 238 237 236 236 236 236 235 235 235 235 234 234 234 234 234 234 234 234 234 234 233 234 234 234 234 234 228 224 232 237 239 236 227 222 228 233 233 232 233 233 232 228 220 212 207 209 216 219 219 220 219 217 216 218 219 217 217 218 221 223 224 225 227 228 229 230 233 239 240 239 242
239 239 239 240 241 242 243 244 246 246 245 241 238 238 238 239 242 244 243 241 239 238 238 237 236 236 236 236 236 235 235 235 234 234 234 234 234 234 233 233 233 233 233 233 233 233 233 233 233 231 227 234 240 240 235 228 226 233 235 234 233 233 234 232 228 222 213 206 211 219 220 219 220 219 216 216 219 218 218 219 220 222 224 224 224 225 227 229 234 240 243 241 239 237
238 239 239 240 240 241 243 244 245 244 243 241 239 238 236 236 238 240 242 242 240 239 238 237 236 237 236 236 236 235 235 235 234 234 234 234 234 233 233 233 233 233 233 233 233 233 233 233 233 232 230 238 246 243 236 232 234 237 238 237 236 235 235 233 229 223 215 208 214 220 219 219 220 219 216 217 219 218 218 219 220 223 225 226 226 228 230 233 239 243 241 237 235 231
239 240 240 241 240 241 242 243 243 243 243 242 241 240 237 236 236 237 239 241 241 240 239 238 237 237 237 236 236 235 235 235 234 234 234 234 233 233 233 233 233 233 233 233 233 233 233 233 233 233 232 236 246 245 237 235 240 241 239 238 236 235 233 231 228 224 215 211 216 219 219 219 220 218 216 217 218 218 218 219 221 223 226 228 229 232 238 242 244 242 237 236 233 230
241 241 242 242 242 242 242 242 242 242 242 242 242 241 239 237 236 235 236 237 239 240 239 238 236 236 237 236 236 235 235 235 234 234 234 234 233 233 233 233 233 233 233 233 233 233 233 233 233 233 233 234 242 242 234 235 240 241 239 236 232 230 230 231 232 228 220 216 218 218 218 219 220 217 214 216 217 217 216 217 220 222 225 228 229 234 242 246 246 241 234 234 232 230
243 243 243 243 244 244 244 244 243 242 242 243 241 239 239 238 237 234 233 234 236 238 239 238 237 236 237 236 236 236 235 235 234 234 234 234 233 233 233 233 233 233 232 232 233 233 233 233 233 233 234 235 240 241 234 234 239 239 237 235 230 228 231 237 240 235 224 219 218 217 217 219 220 216 213 214 214 214 212 214 218 221 224 227 230 238 243 244 242 235 231 231 229 230
241 241 241 242 242 244 244 245 245 244 244 244 242 239 239 239 238 235 233 233 234 234 236 238 237 237 237 236 235 235 235 234 234 234 234 233 233 233 233 233 233 232 232 232 232 232 233 233 233 233 234 236 240 242 238 237 240 238 236 234 229 227 232 236 234 228 221 217 216 217 217 220 221 217 212 211 212 210 209 213 219 222 225 228 233 241 243 240 233 227 227 228 228 230
234 234 236 239 241 242 241 240 241 243 244 243 241 239 238 238 239 237 235 234 232 231 233 235 236 237 237 236 235 235 235 234 234 234 234 233 233 233 233 233 232 232 232 232 232 232 232 233 233 234 234 236 239 242 243 245 246 242 238 235 227 221 226 228 226 222 218 216 216 217 218 221 221 216 211 209 209 209 209 213 219 221 223 224 231 239 239 234 228 226 225 225 227 229
220 224 228 231 236 239 235 234 238 241 243 241 238 237 238 238 238 237 237 235 232 229 230 231 233 235 237 238 238 237 236 235 234 234 234 233 233 233 233 232 232 232 232 232 232 232 232 233 233 233 234 235 237 239 243 248 254 252 246 239 227 219 224 228 226 223 219 217 218 218 219 221 221 215 211 209 208 207 207 211 215 218 221 223 233 240 238 229 227 225 224 224 227 229
201 214 222 223 226 228 223 224 233 239 239 237 236 235 233 235 237 237 237 237 235 232 230 230 229 230 234 239 240 239 237 236 235 234 234 233 233 233 233 232 232 232 232 232 232 232 232 232 233 233 234 235 236 237 240 244 250 254 252 245 234 228 232 233 229 224 221 219 218 218 218 222 222 217 212 211 208 205 204 209 214 220 226 231 244 247 237 227 225 224 224 225 228 230
196 212 225 225 227 226 219 217 226 231 228 225 225 225 225 226 231 235 237 236 236 235 234 232 228 227 232 238 239 240 239 237 236 235 234 233 233 233 232 232 232 232 232 232 232 232 232 232 233 233 233 234 235 236 238 240 243 246 248 246 242 240 243 241 235 229 225 222 219 217 218 222 223 217 212 212 210 206 205 211 220 227 233 240 252 250 234 225 224 223 223 224 227 228
216 227 245 248 246 239 229 223 230 232 227 222 222 221 221 223 225 230 233 234 235 236 236 236 230 226 231 235 236 237 238 238 237 236 234 233 233 233 232 232 232 232 232 232 232 232 232 232 232 233 233 234 234 235 236 237 238 240 241 242 242 243 248 250 248 243 237 230 225 221 220 224 223 215 212 213 212 208 207 214 225 233 238 247 254 247 230 225 224 223 222 223 224 225
228 235 249 258 260 256 249 246 249 246 238 234 233 231 228 226 226 228 229 230 232 235 236 235 229 224 229 232 232 232 234 235 237 236 235 234 233 233 232 232 232 232 232 232 232 232 232 232 232 232 233 233 234 234 235 235 236 237 237 238 239 240 243 247 249 251 250 246 238 230 226 227 224 215 212 214 214 210 210 219 230 237 244 253 252 237 224 223 223 224 223 223 223 221
236 239 247 252 255 256 256 258 261 256 248 247 246 243 239 236 233 232 230 228 228 230 232 232 226 223 228 231 231 230 230 231 234 235 235 234 234 233 232 232 232 232 232 231 231 232 232 232 232 232 232 233 233 233 234 234 235 235 235 236 236 237 238 240 242 244 247 249 248 246 242 239 231 221 217 218 218 215 213 222 232 241 249 254 245 227 219 221 225 225 223 224 226 224
241 244 249 251 253 255 255 257 259 255 249 247 245 244 242 240 238 237 234 231 229 229 229 228 225 223 228 232 231 230 229 229 231 232 233 233 233 233 232 232 232 231 231 231 231 231 232 232 232 232 232 232 233 233 233 233 234 234 234 234 235 235 236 237 237 238 239 241 245 250 254 254 245 231 225 224 223 219 215 223 234 244 251 249 235 222 219 222 226 225 222 224 227 231
246 248 253 256 257 258 258 257 256 253 249 247 244 242 240 239 238 238 237 235 234 232 231 229 226 223 226 230 232 232 230 229 230 230 229 230 231 232 232 232 231 231 231 231 231 231 231 232 232 232 232 232 232 232 233 233 233 233 233 234 234 234 234 235 235 235 236 237 239 242 245 247 245 236 229 227 224 220 216 223 236 245 248 240 227 221 221 223 226 225 224 221 220 230
250 252 258 262 265 265 264 260 256 253 250 248 245 243 241 239 238 236 236 235 235 235 234 232 229 226 227 230 231 231 231 230 230 231 230 230 230 231 231 231 231 231 231 231 231 231 231 231 232 232 232 232 232 232 232 232 232 233 233 233 233 233 233 233 234 234 234 235 236 236 236 236 236 234 230 228 222 217 216 225 239 244 242 232 223 220 222 224 227 229 231 224 223 236
251 254 260 266 272 274 271 267 261 256 252 249 246 244 242 240 238 237 236 235 234 234 233 233 231 228 229 232 231 231 231 231 232 233 234 233 232 232 231 230 230 230 231 231 231 231 231 231 232 232 232 232 232 232 232 232 232 232 232 232 232 232 233 233 233 233 233 234 234 234 233 233 233 232 231 229 222 215 216 230 242 243 238 231 227 226 227 229 231 237 241 239 242 246
254 255 259 266 276 281 281 276 269 261 255 249 246 245 243 241 239 237 236 235 234 233 233 232 229 228 231 234 234 232 232 232 233 233 233 232 231 231 231 230 229 230 230 231 231 231 231 232 232 232 232 232 232 231 231 231 231 231 232 232 232 232 232 232 232 232 233 233 232 232 232 232 232 231 230 229 223 214 219 237 244 240 235 233 233 236 239 237 237 239 238 236 241 244
258 257 254 262 278 287 289 284 275 266 255 248 245 244 242 240 239 237 235 234 234 233 233 231 227 226 231 234 233 232 231 231 230 230 231 230 229 230 231 231 230 229 230 231 231 232 232 232 232 232 232 232 231 231 231 231 231 231 231 231 231 231 231 232 232 232 232 232 232 232 231 231 231 230 229 228 223 215 223 241 242 234 230 231 229 230 232 232 232 232 232 233 237 239
256 253 247 250 266 281 288 284 275 264 251 244 243 241 240 239 238 236 235 234 233 233 233 231 225 225 229 231 230 228 228 229 229 230 231 230 227 228 230 232 230 230 232 232 232 233 233 233 233 233 233 232 232 231 231 231 231 231 231 231 231 231 231 231 231 231 231 231 231 231 231 230 230 230 229 227 223 219 226 239 236 227 223 222 221 221 224 228 232 234 235 236 238 237
248 244 237 240 245 249 250 243 245 244 237 237 239 239 238 237 237 236 234 234 233 233 233 230 225 225 229 230 228 226 226 228 228 228 229 229 227 226 228 229 229 230 233 234 234 235 235 236 236 236 234 233 232 231 231 230 230 230 230 231 231 231 231 231 231 231 231 231 231 231 230 230 230 229 228 227 224 221 224 230 225 219 218 217 218 221 228 233 235 237 238 238 239 237
246 245 243 241 245 243 225 211 216 219 220 227 234 237 238 237 237 236 234 233 233 233 232 229 224 226 230 231 229 226 225 226 226 226 227 227 226 225 226 227 226 226 230 235 238 240 240 241 243 243 239 235 232 230 230 230 230 230 230 230 230 230 230 230 231 231 231 231 230 230 230 230 229 229 228 227 225 221 219 216 209 210 215 217 219 226 236 238 237 237 238 238 238 236
256 255 249 247 247 239 226 217 214 215 216 223 231 235 236 237 237 237 235 234 234 233 232 229 224 226 230 230 229 227 227 228 229 231 231 229 227 226 226 226 224 223 224 227 230 232 233 233 235 237 236 235 232 230 229 229 230 230 230 230 230 230 230 230 230 230 230 230 230 230 230 229 229 229 228 227 225 222 217 209 198 202 213 219 224 235 239 239 238 237 237 237 236 234
248 241 234 238 238 234 229 224 222 222 222 226 232 235 237 237 238 238 238 237 236 234 233 229 224 224 227 227 227 228 228 229 230 233 235 234 233 230 228 227 225 223 221 221 221 221 220 221 223 224 223 225 226 227 228 229 229 230 230 230 230 230 230 230 230 230 230 230 230 230 230 229 229 229 228 227 225 222 218 209 193 195 207 217 230 241 243 241 239 240 239 238 237 236
