windninja/windninja_output/Output_2025-08-24_0200-0250_Google earth_Fire_150m_10min/merlingen_7.5mi_point_08-24-2025_0200_150m_ang.asc
ncols	158
nrows	163
xllcorner	391686.332397
yllcorner	5160024.123721
cellsize	150.000000
NODATA_value	-32768.000000
[rows 84 to 125 of 163, columns 0 to 93 of 158]
288 295 304 300 293 291 294 295 294 297 301 302 299 295 292 292 292 291 292 294 294 295 294 294 298 300 296 293 291 290 289 288 286 284 282 281 280 280 279 280 280 282 283 283 283 283 283 284 284 283 281 281 282 283 282 280 279 278 278 277 277 276 276 275 275 275 274 274 274 273 273 273 274 274 274 275 276 277 280 284 294 295 275 273 278 278 275 270 268 266 263 260 256 252
276 277 280 279 276 273 269 268 277 288 295 298 297 293 291 291 291 290 290 292 293 293 294 295 298 300 296 292 291 291 289 288 286 284 281 281 280 279 280 281 283 284 283 282 282 281 281 282 282 282 280 278 277 278 280 279 279 278 278 277 277 277 276 276 275 274 274 274 273 273 273 273 273 274 274 274 275 277 279 285 300 312 305 289 281 277 272 268 266 265 263 260 257 254
272 270 269 269 265 259 255 262 276 288 295 296 294 292 289 288 287 285 286 287 288 289 290 293 298 302 299 294 292 291 290 288 288 288 285 282 280 278 279 281 284 285 283 281 280 280 280 280 280 281 281 279 277 276 278 279 279 278 278 278 277 277 276 276 275 274 274 274 273 273 273 273 273 273 274 274 275 277 280 287 303 321 316 294 281 274 271 268 264 263 261 260 259 257
271 268 264 263 261 259 261 272 281 287 292 291 291 291 287 285 283 280 280 283 285 285 287 295 304 310 304 298 293 291 290 289 289 290 288 285 281 279 277 278 282 285 285 282 280 278 278 278 278 279 280 280 279 277 277 278 279 279 279 279 278 278 277 276 275 274 274 273 273 273 273 273 273 273 273 274 275 277 281 287 302 321 319 300 281 272 269 267 265 263 263 264 265 261
274 271 270 272 271 271 273 278 280 281 284 289 291 291 287 283 279 276 277 281 285 287 294 305 316 320 308 298 293 290 289 289 288 288 288 287 285 281 277 276 277 280 284 284 281 278 277 276 276 277 278 280 280 279 278 277 278 279 280 281 280 279 277 276 275 274 274 273 273 273 273 273 273 273 273 274 275 277 280 286 297 313 318 304 288 274 268 265 264 265 267 268 266 262
281 282 282 281 279 278 277 275 273 273 281 291 294 292 287 279 274 273 277 282 289 298 305 313 326 326 308 298 293 290 288 288 287 287 287 287 287 285 279 276 275 277 280 283 282 279 276 274 275 276 277 279 281 281 279 277 276 276 279 284 284 281 278 277 275 274 274 273 273 273 273 272 272 273 273 274 275 276 279 283 291 304 311 305 293 283 274 269 268 270 271 268 262 257
284 284 281 277 277 278 277 273 271 274 282 292 294 289 283 277 274 273 276 285 298 308 314 319 328 324 306 296 292 289 288 287 286 286 285 285 287 287 284 278 275 275 277 280 281 280 276 274 274 275 278 280 282 283 280 275 272 272 278 285 288 284 279 277 275 274 274 273 273 273 272 272 272 272 273 273 274 276 278 281 287 295 303 302 296 291 285 277 275 276 271 262 259 258
281 280 277 275 278 282 283 281 279 279 283 289 293 289 286 284 281 276 275 287 304 316 322 320 324 316 300 293 290 288 287 286 285 285 285 284 285 287 287 282 276 274 275 278 280 280 278 275 273 274 278 281 283 284 283 276 274 276 278 282 286 284 280 277 275 274 274 273 273 273 272 272 272 272 273 273 274 275 277 279 283 289 296 298 296 293 289 283 280 276 268 260 262 263
280 281 283 283 285 289 296 301 299 288 284 287 289 289 289 288 288 286 286 295 305 324 323 311 311 302 293 290 288 286 285 284 285 285 286 285 285 285 286 285 279 273 272 275 278 279 278 275 273 273 277 281 285 286 287 285 282 281 278 275 277 280 279 276 275 274 274 273 273 272 272 272 272 272 272 273 273 274 275 277 280 284 290 294 293 291 288 285 279 272 263 263 267 267
283 285 289 291 291 295 303 312 316 298 288 291 297 301 302 299 300 301 298 298 299 309 297 286 290 291 288 287 286 284 283 283 284 286 287 286 284 284 284 285 283 275 270 271 275 276 276 275 273 273 275 282 288 288 290 291 286 280 275 271 271 275 276 276 275 274 274 273 273 272 272 272 272 272 272 272 273 273 274 276 277 280 283 288 289 288 286 282 276 267 263 265 268 268
283 285 289 292 292 294 299 310 322 308 294 294 302 308 310 303 301 300 294 283 269 249 241 256 273 284 286 285 284 281 280 281 284 288 288 286 284 284 284 285 286 282 273 269 270 273 275 275 275 274 277 283 290 288 288 289 285 280 276 273 272 273 275 275 275 274 274 273 273 272 272 272 272 272 272 272 272 273 273 274 275 277 279 281 283 283 282 278 272 267 265 265 266 266
280 281 285 289 288 287 288 298 314 308 294 287 288 288 293 289 287 284 276 261 243 231 229 246 268 281 284 284 282 279 280 283 286 288 288 286 284 284 284 285 287 288 281 272 270 271 274 276 278 280 281 282 284 284 283 285 285 282 279 276 274 274 275 275 275 275 274 273 273 273 272 272 272 271 271 271 272 272 272 273 274 274 275 276 277 277 277 274 271 268 266 265 264 264
279 280 283 286 283 278 276 282 293 295 288 279 272 270 276 277 276 276 266 239 224 227 234 254 273 282 284 284 283 284 284 284 283 284 286 286 285 285 285 285 287 290 288 280 275 274 275 278 281 282 280 274 273 277 279 281 282 282 280 278 276 275 275 275 275 275 274 274 273 273 272 272 271 271 271 271 271 271 271 272 272 273 273 273 273 273 272 271 269 267 265 264 263 263
282 282 282 281 275 269 266 266 272 277 277 272 270 271 274 276 278 274 256 227 218 227 243 264 281 288 287 285 285 286 284 281 278 278 282 284 285 285 286 286 287 291 292 286 282 279 278 278 279 276 271 267 268 272 275 277 278 279 279 279 278 277 277 277 277 276 275 274 274 273 272 272 271 271 271 271 271 271 271 271 271 271 271 271 271 270 269 268 267 266 264 263 262 261
279 278 275 272 270 266 262 260 260 262 262 263 267 270 272 274 273 262 239 224 222 236 257 275 290 293 287 284 283 282 280 278 277 277 279 281 283 285 287 288 288 291 293 289 284 281 280 277 274 270 268 267 267 270 273 274 275 277 279 278 277 277 278 279 278 277 276 275 274 273 273 272 271 271 271 271 271 270 270 270 270 270 270 269 269 268 268 267 266 264 263 262 261 260
273 270 266 267 268 266 263 260 256 253 253 256 260 267 270 268 259 246 232 225 235 256 273 281 287 281 278 279 279 278 278 278 278 278 279 281 283 285 288 290 291 291 294 292 286 282 281 277 273 270 269 269 268 269 271 273 273 274 276 277 276 276 277 279 280 280 279 277 275 274 273 272 272 271 271 271 270 270 270 270 269 269 269 268 268 267 266 265 264 263 262 261 260 259
273 270 265 265 264 261 260 259 255 252 252 252 253 258 260 255 252 248 239 242 262 277 279 270 254 258 268 273 275 274 274 275 278 280 282 284 284 284 286 291 294 293 295 295 289 283 280 277 274 271 270 270 270 269 270 271 271 271 274 276 276 275 274 276 279 281 281 279 277 274 273 272 272 272 271 271 270 270 270 269 269 269 268 268 267 266 265 264 264 262 261 260 260 259
277 274 268 264 261 258 257 257 255 254 254 253 251 249 250 252 257 262 262 271 281 283 270 247 242 253 263 267 269 269 270 273 277 281 284 286 286 285 286 290 295 296 296 297 293 285 280 278 276 273 272 270 270 270 270 270 270 270 271 273 276 275 273 273 275 279 280 280 278 275 274 273 273 272 272 271 271 270 270 270 269 269 268 267 266 266 265 264 263 262 261 260 259 258
280 277 271 265 261 259 259 258 258 258 257 257 255 253 258 265 268 271 276 280 279 268 247 242 246 254 260 263 265 267 270 273 277 280 284 288 289 289 288 290 294 297 297 298 297 290 283 280 277 275 272 271 270 270 270 270 270 270 269 270 273 274 274 272 273 275 277 277 276 274 274 275 275 274 272 272 271 271 270 270 269 269 268 267 266 265 264 263 262 261 260 259 258 257
282 279 272 267 264 262 262 261 260 260 260 261 264 271 276 275 273 274 277 275 264 242 239 246 249 251 257 262 266 270 273 274 276 280 283 288 292 292 290 290 293 297 298 299 301 297 288 281 277 274 273 272 271 271 271 270 270 270 269 269 270 272 273 271 271 272 273 273 272 271 272 275 277 276 274 273 273 272 272 271 270 269 268 267 266 265 264 263 262 261 260 259 258 257
284 281 274 269 266 265 264 263 261 262 264 267 272 279 282 280 275 271 269 262 247 238 243 249 248 250 256 263 268 272 275 276 277 279 282 285 290 293 292 292 294 298 300 300 302 301 293 285 279 275 273 273 273 273 272 271 269 269 269 269 270 270 270 271 270 269 270 270 269 268 268 270 274 276 276 275 275 275 274 273 272 271 269 268 267 265 264 263 262 261 260 258 257 257
286 282 275 269 267 266 265 263 261 263 266 270 274 279 281 280 275 268 262 254 247 246 249 249 249 253 258 262 266 271 275 277 279 278 279 282 289 294 296 296 297 300 301 301 304 304 299 291 285 279 276 274 273 272 273 272 270 269 268 268 268 268 269 270 269 268 268 268 266 266 265 264 265 270 273 275 277 278 276 275 275 274 271 269 267 266 264 263 262 261 259 258 257 256
289 284 276 270 267 266 264 263 262 265 270 275 278 281 282 280 274 267 261 254 251 254 254 251 251 255 257 259 264 270 275 279 280 276 276 282 291 297 299 299 300 300 301 302 305 306 304 297 291 286 280 276 273 271 270 271 271 270 268 267 267 267 268 269 269 268 267 267 265 263 263 261 261 262 267 271 274 275 275 276 279 279 275 271 269 267 265 263 262 261 260 258 257 257
293 287 278 272 268 266 267 270 271 274 278 282 281 279 278 277 273 269 263 256 254 259 262 258 254 255 256 257 261 270 277 281 281 273 276 286 294 298 298 299 302 302 302 303 306 308 309 304 297 291 284 279 275 272 269 268 269 270 269 266 265 267 268 268 267 267 265 265 265 262 260 261 261 261 263 266 269 271 272 273 277 281 280 275 271 268 266 264 262 261 260 259 258 257
300 292 280 275 274 275 279 282 284 281 278 277 274 270 270 273 274 271 264 260 261 265 268 267 259 255 257 257 258 268 277 279 279 272 279 290 296 296 295 299 305 304 302 305 307 309 312 310 303 295 287 281 278 276 272 268 267 268 268 267 265 265 268 268 266 265 264 263 264 262 259 259 261 262 262 263 265 268 271 271 271 275 281 279 274 270 267 264 263 261 260 259 258 257
309 299 287 285 286 287 285 283 280 275 269 266 265 264 267 272 276 273 262 261 267 272 273 272 267 260 259 257 259 268 275 277 277 273 279 289 294 294 298 302 304 301 302 307 309 309 312 315 309 300 292 285 280 277 275 271 268 267 268 267 265 264 265 265 264 264 265 263 262 262 259 258 260 262 262 262 263 265 268 269 268 270 276 280 278 273 268 265 264 262 261 260 259 258
321 309 296 292 290 285 280 274 269 266 265 264 263 265 269 275 281 278 263 261 267 275 279 278 276 269 263 260 262 268 275 276 275 272 277 286 292 296 301 303 299 295 300 307 309 309 313 318 315 306 297 289 282 277 275 274 270 268 268 268 266 263 262 261 261 262 265 265 263 261 260 260 260 261 261 262 262 262 263 266 267 268 271 275 278 275 271 267 265 263 262 261 260 259
325 312 298 291 285 278 272 270 268 266 263 263 267 270 273 279 285 290 269 262 265 274 285 287 283 279 275 271 265 265 270 276 274 271 278 287 295 301 305 303 299 296 297 303 309 311 313 318 319 311 303 294 285 278 276 275 272 269 267 268 267 264 261 258 258 259 261 264 264 263 262 261 260 259 259 260 260 259 260 263 266 268 269 270 273 274 272 269 266 265 264 263 263 262
323 310 295 286 280 276 274 272 270 267 263 266 273 278 278 281 288 305 284 268 265 270 283 293 286 281 285 283 275 264 263 270 275 276 282 291 298 303 305 302 300 293 290 297 308 312 312 315 318 316 308 301 291 282 278 276 274 270 267 266 267 265 261 259 258 257 257 258 261 264 264 263 261 259 258 258 259 258 257 259 263 266 268 268 269 268 267 266 265 265 266 267 266 263
323 310 294 284 280 279 277 275 272 269 268 271 277 282 280 281 291 317 308 283 269 267 274 288 285 282 287 290 285 274 264 264 271 279 286 293 297 297 299 297 292 285 285 293 306 312 311 312 316 318 314 309 298 286 279 277 276 272 268 266 265 264 261 261 260 258 256 254 256 259 261 262 262 259 257 257 258 258 257 255 258 263 265 265 265 263 261 260 260 262 267 270 267 262
328 313 294 287 284 282 281 279 276 272 274 278 281 282 278 281 294 323 326 297 276 267 268 278 285 287 289 290 288 286 273 264 268 278 286 291 291 290 292 292 285 284 288 294 302 309 311 313 315 317 318 317 307 292 282 278 277 274 269 266 265 263 261 261 261 259 256 254 254 255 256 258 260 259 256 255 256 258 257 255 255 258 259 259 260 257 255 255 255 261 266 267 263 258
341 319 298 291 288 285 282 280 278 278 282 286 286 280 275 281 298 326 336 310 287 275 271 276 285 290 291 289 287 293 286 270 268 274 284 290 291 290 288 287 286 289 292 294 299 308 314 315 313 315 319 322 317 301 285 279 277 276 272 268 265 263 263 262 261 259 257 255 254 253 253 254 256 259 259 256 255 256 257 255 255 257 256 254 253 249 248 251 256 262 264 261 256 252
355 326 301 292 289 286 282 279 280 284 289 293 291 282 275 283 298 328 344 325 304 293 287 282 282 288 291 287 285 295 298 281 269 270 280 290 295 293 286 286 290 293 295 293 296 305 310 310 309 310 317 324 325 311 291 280 277 277 275 271 267 264 263 263 262 259 257 256 254 252 251 250 250 254 258 260 256 254 255 256 257 258 256 251 248 245 245 250 256 261 260 255 249 247
6 332 302 292 288 287 287 285 286 287 290 295 299 291 279 280 292 323 341 332 317 305 298 290 284 286 291 289 288 295 300 289 276 274 281 290 295 293 286 289 294 295 293 291 292 298 303 306 308 310 315 324 330 321 300 284 278 277 276 273 270 267 265 264 262 259 257 256 254 252 250 248 247 247 251 256 258 254 252 253 257 259 257 250 245 245 246 250 255 256 254 250 246 247
15 343 303 292 290 291 293 292 290 287 286 292 306 300 283 276 282 310 332 331 320 307 300 295 291 289 293 294 292 295 300 301 297 290 287 288 291 292 289 292 296 294 291 288 287 292 300 306 310 312 315 324 331 328 310 289 280 278 277 275 273 271 269 266 262 259 257 255 253 252 251 248 246 245 246 249 252 253 252 252 254 257 255 249 247 247 248 250 253 252 248 245 243 246
23 356 309 293 293 294 295 293 291 288 283 287 307 305 287 275 279 299 322 327 322 310 301 297 294 292 292 294 293 296 302 309 307 297 290 284 283 290 294 295 293 289 286 285 287 290 296 303 308 311 312 320 330 332 318 294 282 278 277 276 275 275 274 270 264 259 256 253 251 252 252 250 247 245 244 244 244 247 251 253 254 254 252 249 249 251 250 250 250 248 245 241 238 243
28 6 315 294 293 295 291 291 291 291 285 286 303 310 294 280 279 290 312 323 323 314 305 299 294 293 292 292 295 297 299 301 300 293 286 282 281 286 293 294 289 285 285 287 289 290 292 299 306 308 308 315 326 333 324 299 284 280 279 277 276 276 274 269 264 262 262 259 255 254 253 251 250 248 244 241 240 242 247 251 253 253 252 250 251 253 251 250 248 245 243 239 234 239
34 10 322 303 298 297 292 290 292 294 289 286 300 317 304 285 278 285 302 317 321 315 306 300 295 293 293 294 297 297 295 292 290 288 285 282 283 282 284 291 288 283 281 284 286 287 291 297 303 304 306 311 322 333 329 304 287 282 280 278 276 272 267 262 258 262 268 274 271 261 255 252 252 252 247 241 238 238 241 245 248 251 251 250 252 253 251 248 246 245 242 236 231 237
31 0 324 312 303 299 293 288 289 295 292 287 299 320 311 291 277 278 289 302 311 310 306 301 294 292 292 295 296 295 295 293 289 288 285 281 282 278 277 288 291 284 276 273 277 282 286 290 295 297 299 304 318 333 329 309 290 282 279 276 270 263 259 258 257 261 267 276 283 277 264 257 255 254 251 245 239 236 236 238 242 247 249 249 250 249 246 243 242 243 240 231 230 240
24 351 321 314 304 296 291 285 282 287 289 289 299 321 315 296 279 270 272 285 295 301 302 298 293 292 292 292 295 297 299 296 289 288 286 281 281 278 274 283 292 288 276 269 270 276 280 285 289 291 293 299 313 330 325 308 289 280 276 270 262 258 260 262 263 263 264 266 276 284 277 268 262 258 255 251 245 239 237 235 236 241 245 246 246 245 241 237 240 242 237 229 231 243
18 345 320 317 308 297 292 285 280 282 283 287 299 316 312 299 283 268 263 273 285 293 297 296 294 291 290 295 301 303 305 297 290 290 287 281 280 281 276 278 290 293 283 271 268 271 276 282 289 291 292 296 307 325 321 302 285 274 272 269 262 263 266 267 267 267 263 260 263 273 280 277 273 268 263 259 255 249 243 237 234 237 240 241 241 241 236 234 240 242 237 230 232 244
9 341 322 321 314 302 295 291 285 284 282 280 288 303 304 298 288 276 265 268 277 289 296 295 293 294 299 307 310 312 312 299 290 290 288 281 280 284 279 277 286 294 292 278 270 269 273 280 288 292 291 292 301 317 319 300 281 271 269 270 271 271 270 268 267 266 264 260 257 258 266 274 277 279 277 273 270 265 256 247 241 240 239 237 238 237 231 231 237 240 238 231 236 246
