windninja/windninja_output/Output_2025-10-23_0300-0350_Google earth_Fire_150m_10min/merlingen_7.5mi_point_10-23-2025_0300_150m_vel.asc
ncols	158
nrows	163
xllcorner	391686.332397
yllcorner	5160024.123721
cellsize	150.000000
NODATA_value	-32768.000000
[rows 0 to 37 of 163, columns 0 to 83 of 158]
3.82 3.85 3.91 3.89 3.98 4.10 3.89 3.67 3.76 3.77 3.56 3.13 2.76 3.06 3.49 3.59 3.51 3.37 3.53 3.90 3.73 3.20 3.15 3.34 3.47 3.42 3.15 3.05 3.19 3.16 3.04 3.02 3.01 2.92 2.95 3.12 2.97 2.86 2.94 2.83 2.79 2.86 2.80 2.82 2.91 2.87 2.91 2.91 2.93 3.02 3.00 2.99 3.02 2.96 2.78 2.63 2.54 2.53 2.60 2.60 2.50 2.42 2.38 2.35 2.32 2.27 2.30 2.37 2.43 2.41 2.33 2.22 2.13 2.12 2.18 2.16 2.06 2.04 2.09 2.07 1.97 1.86 1.89 1.93
3.73 3.90 4.03 3.96 4.06 4.03 3.66 3.53 3.74 3.75 3.50 2.96 2.46 2.74 3.35 3.73 3.80 3.69 3.99 4.26 3.80 3.26 3.23 3.42 3.55 3.43 3.16 3.10 3.21 3.12 3.02 3.03 3.03 2.99 3.05 3.20 3.05 2.99 3.05 2.90 2.88 2.95 2.91 3.03 3.13 3.07 3.12 3.13 3.07 3.02 2.96 2.93 2.89 2.76 2.59 2.53 2.54 2.59 2.67 2.62 2.47 2.41 2.40 2.40 2.34 2.28 2.34 2.44 2.51 2.45 2.30 2.17 2.13 2.18 2.23 2.15 2.02 2.10 2.19 2.07 1.89 1.81 1.89 1.91
3.68 4.02 4.17 4.05 4.14 3.84 3.42 3.54 3.89 3.93 3.58 2.79 2.29 2.61 3.38 4.20 4.47 4.38 4.62 4.51 3.84 3.39 3.31 3.39 3.54 3.45 3.22 3.14 3.13 3.02 3.03 3.10 3.10 3.17 3.28 3.33 3.27 3.25 3.20 3.07 3.11 3.15 3.19 3.43 3.47 3.40 3.43 3.40 3.18 3.00 2.97 2.89 2.72 2.60 2.53 2.55 2.64 2.70 2.72 2.65 2.52 2.47 2.47 2.47 2.37 2.31 2.40 2.55 2.66 2.52 2.24 2.13 2.20 2.28 2.28 2.11 2.02 2.23 2.30 2.03 1.74 1.79 1.91 1.84
3.82 4.11 4.17 4.07 4.11 3.76 3.68 4.15 4.49 4.35 3.66 2.70 2.39 2.76 3.59 4.72 4.97 4.79 4.68 4.31 3.79 3.53 3.35 3.27 3.54 3.58 3.39 3.25 3.10 3.06 3.16 3.22 3.29 3.46 3.50 3.46 3.42 3.36 3.31 3.32 3.39 3.41 3.58 3.78 3.73 3.65 3.59 3.40 3.15 3.09 3.05 2.83 2.67 2.69 2.70 2.69 2.72 2.72 2.69 2.67 2.62 2.53 2.48 2.46 2.38 2.36 2.44 2.62 2.74 2.51 2.20 2.18 2.28 2.27 2.19 2.08 2.12 2.30 2.27 1.94 1.66 1.79 1.95 1.84
3.97 4.14 4.16 4.08 4.11 3.99 4.23 4.74 4.77 4.15 3.19 2.54 2.48 2.99 4.09 5.03 5.11 4.78 4.38 4.05 3.82 3.74 3.51 3.36 3.67 3.76 3.63 3.48 3.31 3.30 3.36 3.44 3.65 3.78 3.65 3.52 3.48 3.54 3.67 3.74 3.72 3.76 3.96 4.01 3.85 3.70 3.50 3.27 3.14 3.05 2.83 2.64 2.63 2.70 2.71 2.69 2.71 2.73 2.72 2.71 2.65 2.52 2.45 2.45 2.42 2.41 2.45 2.65 2.75 2.45 2.18 2.22 2.29 2.24 2.14 2.09 2.16 2.26 2.20 1.89 1.63 1.76 1.99 1.96
4.08 4.17 4.18 4.16 4.27 4.34 4.61 4.81 4.37 3.44 2.74 2.53 2.58 3.22 4.44 4.97 4.93 4.54 4.05 3.91 3.95 3.98 3.71 3.50 3.70 3.82 3.66 3.50 3.42 3.46 3.50 3.73 4.01 3.97 3.74 3.67 3.83 4.03 4.15 4.09 3.96 3.98 4.04 3.89 3.65 3.47 3.28 3.11 3.01 2.82 2.58 2.51 2.57 2.63 2.67 2.71 2.77 2.80 2.79 2.74 2.66 2.54 2.47 2.48 2.48 2.45 2.47 2.68 2.74 2.39 2.18 2.27 2.38 2.28 2.13 2.14 2.24 2.28 2.09 1.76 1.65 1.84 2.08 2.10
4.14 4.21 4.23 4.29 4.46 4.54 4.65 4.49 3.79 3.08 2.79 2.73 2.78 3.42 4.51 4.82 4.68 4.41 4.11 4.05 4.16 4.26 3.95 3.59 3.65 3.65 3.48 3.47 3.52 3.48 3.59 3.96 4.14 3.97 3.88 4.07 4.31 4.37 4.26 4.06 3.91 3.85 3.76 3.55 3.34 3.23 3.11 2.98 2.85 2.64 2.48 2.51 2.58 2.61 2.69 2.80 2.86 2.88 2.85 2.81 2.76 2.64 2.54 2.51 2.51 2.48 2.52 2.72 2.73 2.39 2.26 2.47 2.57 2.34 2.18 2.24 2.34 2.31 1.92 1.62 1.84 2.13 2.18 2.16
4.19 4.26 4.31 4.36 4.45 4.45 4.37 3.97 3.38 3.07 3.04 3.06 3.15 3.63 4.46 4.75 4.48 4.39 4.34 4.21 4.35 4.51 4.21 3.79 3.63 3.48 3.48 3.65 3.55 3.39 3.67 4.04 4.00 3.84 4.02 4.29 4.30 4.12 3.91 3.73 3.60 3.50 3.39 3.26 3.16 3.11 2.99 2.87 2.73 2.51 2.42 2.56 2.60 2.57 2.76 2.94 2.97 2.99 2.97 2.97 2.91 2.70 2.54 2.51 2.52 2.51 2.60 2.76 2.72 2.44 2.42 2.65 2.60 2.32 2.19 2.21 2.30 2.16 1.68 1.60 2.14 2.37 2.26 2.22
4.24 4.30 4.35 4.34 4.31 4.23 4.03 3.66 3.38 3.30 3.33 3.37 3.42 3.75 4.44 4.68 4.44 4.45 4.42 4.32 4.51 4.63 4.39 4.05 3.75 3.55 3.62 3.68 3.40 3.33 3.80 4.02 3.82 3.82 4.10 4.17 3.90 3.62 3.47 3.36 3.26 3.21 3.17 3.13 3.13 3.03 2.88 2.81 2.67 2.42 2.45 2.60 2.49 2.50 2.91 3.13 3.11 3.12 3.09 2.96 2.73 2.48 2.37 2.37 2.41 2.55 2.72 2.82 2.70 2.46 2.46 2.56 2.41 2.20 2.11 2.12 2.19 1.96 1.58 1.76 2.36 2.55 2.42 2.41
4.24 4.29 4.36 4.32 4.20 4.08 3.93 3.74 3.63 3.58 3.58 3.58 3.53 3.73 4.24 4.52 4.50 4.56 4.49 4.54 4.71 4.72 4.61 4.27 3.90 3.68 3.61 3.57 3.37 3.46 3.97 3.97 3.69 3.83 4.06 3.95 3.58 3.31 3.21 3.18 3.15 3.18 3.18 3.12 3.09 2.95 2.79 2.78 2.64 2.37 2.42 2.54 2.42 2.64 3.10 3.25 3.11 3.00 2.85 2.55 2.36 2.29 2.14 2.07 2.33 2.68 2.86 2.82 2.54 2.30 2.36 2.44 2.33 2.18 2.07 2.04 2.06 1.89 1.78 2.20 2.67 2.78 2.62 2.56
4.25 4.32 4.40 4.31 4.14 4.06 4.02 3.97 3.87 3.77 3.74 3.69 3.60 3.65 4.01 4.45 4.63 4.72 4.65 4.74 4.89 4.87 4.81 4.41 4.01 3.81 3.52 3.39 3.40 3.58 3.88 3.74 3.50 3.70 3.86 3.67 3.35 3.14 3.15 3.22 3.22 3.23 3.20 3.03 2.97 2.91 2.72 2.67 2.52 2.24 2.35 2.47 2.45 2.76 3.04 3.11 2.84 2.60 2.42 2.20 2.20 2.21 1.95 1.98 2.50 2.82 2.84 2.63 2.16 2.06 2.34 2.49 2.39 2.19 2.02 1.93 2.02 2.10 2.26 2.72 2.96 2.91 2.74 2.68
4.32 4.37 4.40 4.29 4.15 4.11 4.13 4.10 3.99 3.88 3.84 3.76 3.65 3.61 3.93 4.53 4.82 4.85 4.78 4.83 4.96 4.93 4.77 4.35 3.95 3.53 3.01 2.99 3.24 3.39 3.48 3.42 3.39 3.57 3.62 3.42 3.23 3.16 3.26 3.27 3.18 3.20 3.10 2.87 2.88 2.86 2.57 2.39 2.29 2.17 2.29 2.33 2.33 2.62 2.81 2.83 2.63 2.36 2.17 2.07 2.18 2.20 2.02 2.21 2.67 2.77 2.70 2.37 1.90 2.10 2.54 2.59 2.45 2.24 2.10 2.19 2.46 2.71 2.93 3.11 3.08 2.99 2.94 3.07
4.37 4.38 4.38 4.30 4.20 4.21 4.21 4.12 4.01 3.93 3.87 3.79 3.64 3.54 3.87 4.63 4.96 4.90 4.89 4.95 4.97 4.84 4.56 4.11 3.54 2.89 2.53 2.72 3.04 3.16 3.25 3.36 3.46 3.48 3.35 3.27 3.28 3.33 3.34 3.17 3.12 3.20 2.97 2.73 2.78 2.68 2.31 2.11 2.19 2.31 2.31 2.21 2.23 2.54 2.78 2.72 2.52 2.26 2.03 2.07 2.30 2.35 2.33 2.53 2.69 2.66 2.54 2.29 2.13 2.44 2.64 2.59 2.58 2.51 2.59 2.88 3.09 3.27 3.34 3.22 3.11 3.13 3.22 3.45
4.40 4.41 4.39 4.33 4.28 4.28 4.21 4.10 4.03 3.97 3.90 3.84 3.64 3.51 3.87 4.61 5.04 4.96 4.93 4.99 4.83 4.52 4.17 3.68 3.11 2.65 2.54 2.77 3.00 3.08 3.21 3.38 3.48 3.34 3.14 3.30 3.45 3.41 3.28 3.04 3.05 2.99 2.63 2.48 2.57 2.46 2.13 2.02 2.27 2.46 2.33 2.19 2.19 2.50 2.88 2.75 2.41 2.09 1.88 2.13 2.52 2.61 2.71 2.80 2.66 2.56 2.50 2.55 2.62 2.61 2.57 2.66 2.87 2.91 2.92 2.95 3.07 3.21 3.06 2.89 3.03 3.24 3.34 3.39
4.44 4.44 4.41 4.37 4.33 4.28 4.18 4.11 4.09 4.02 3.96 3.91 3.75 3.64 3.94 4.70 5.23 5.07 4.86 4.82 4.51 4.05 3.71 3.36 3.03 2.82 2.76 2.89 2.98 2.97 3.17 3.43 3.44 3.26 3.21 3.40 3.39 3.25 3.04 2.79 2.73 2.55 2.44 2.52 2.50 2.39 2.20 2.09 2.30 2.52 2.49 2.29 2.21 2.55 2.94 2.83 2.40 1.94 1.79 2.27 2.88 3.05 3.16 2.97 2.64 2.65 2.75 2.94 2.96 2.66 2.59 2.94 3.19 3.02 2.70 2.67 2.87 2.82 2.56 2.67 3.04 3.18 3.11 2.96
4.48 4.47 4.44 4.39 4.32 4.25 4.18 4.14 4.12 4.06 4.03 3.99 3.91 3.84 4.14 4.98 5.37 5.05 4.70 4.54 4.25 3.82 3.49 3.26 3.17 3.13 2.96 2.90 2.94 2.99 3.37 3.65 3.43 3.22 3.17 3.07 2.99 2.95 2.74 2.60 2.55 2.37 2.50 2.75 2.53 2.37 2.45 2.28 2.19 2.54 2.83 2.63 2.61 2.98 3.13 3.00 2.63 2.14 2.02 2.61 3.30 3.55 3.43 2.90 2.67 3.00 3.14 3.20 3.24 2.85 2.71 3.06 3.15 2.74 2.50 2.63 2.62 2.43 2.51 3.02 3.18 2.87 2.67 2.48
4.50 4.49 4.45 4.40 4.32 4.26 4.23 4.18 4.16 4.14 4.12 4.07 4.05 4.02 4.30 5.01 5.20 4.85 4.51 4.31 4.08 3.70 3.37 3.26 3.37 3.33 3.04 2.90 3.05 3.27 3.58 3.52 3.01 2.75 2.70 2.68 2.76 2.79 2.64 2.59 2.57 2.50 2.79 2.97 2.66 2.50 2.64 2.46 2.38 2.85 3.21 3.09 3.11 3.24 3.12 2.92 2.76 2.49 2.43 3.08 3.67 3.75 3.37 2.76 2.76 3.22 3.38 3.42 3.39 3.03 2.82 2.89 2.92 2.72 2.65 2.59 2.38 2.50 3.01 3.30 2.88 2.37 2.25 2.06
4.53 4.51 4.47 4.41 4.35 4.31 4.27 4.25 4.24 4.22 4.18 4.13 4.12 4.13 4.34 4.78 4.94 4.66 4.31 4.06 3.80 3.48 3.27 3.32 3.44 3.31 3.05 2.99 3.14 3.31 3.31 2.93 2.45 2.34 2.51 2.72 2.83 2.80 2.73 2.78 2.85 2.86 2.97 2.94 2.74 2.70 2.75 2.75 3.00 3.37 3.46 3.31 3.18 3.07 2.89 2.83 2.92 2.90 2.96 3.40 3.78 3.75 3.25 2.81 2.96 3.38 3.61 3.57 3.25 2.96 2.94 2.89 2.97 2.94 2.67 2.49 2.51 2.83 3.12 2.79 2.19 2.00 1.90 1.69
4.56 4.54 4.48 4.43 4.39 4.34 4.31 4.32 4.30 4.25 4.19 4.15 4.16 4.19 4.31 4.56 4.69 4.42 4.03 3.77 3.52 3.33 3.27 3.33 3.34 3.23 3.12 3.05 3.04 3.03 2.84 2.45 2.20 2.29 2.63 2.93 3.03 2.95 2.84 2.97 3.01 2.93 2.98 2.89 2.82 2.92 3.07 3.18 3.33 3.47 3.41 3.24 3.06 2.93 2.91 3.04 3.18 3.19 3.24 3.47 3.73 3.61 3.14 2.97 3.20 3.51 3.68 3.42 3.03 3.12 3.27 3.10 3.08 2.93 2.51 2.39 2.42 2.47 2.49 2.14 1.90 1.90 1.72 1.54
4.57 4.55 4.52 4.47 4.42 4.38 4.37 4.37 4.32 4.22 4.18 4.20 4.21 4.21 4.26 4.36 4.36 4.12 3.84 3.67 3.50 3.39 3.35 3.32 3.32 3.27 3.18 3.04 2.90 2.78 2.54 2.23 2.17 2.39 2.75 3.08 3.24 3.14 2.99 3.14 3.12 3.03 3.07 2.98 3.02 3.31 3.53 3.38 3.22 3.36 3.36 3.21 3.09 3.06 3.22 3.32 3.29 3.29 3.34 3.41 3.45 3.32 3.09 3.09 3.28 3.49 3.54 3.35 3.37 3.68 3.57 3.13 2.93 2.78 2.53 2.31 2.05 1.98 2.09 2.05 1.98 1.98 1.82 1.66
4.60 4.61 4.57 4.49 4.44 4.41 4.40 4.38 4.32 4.21 4.20 4.26 4.23 4.18 4.20 4.19 4.11 3.96 3.84 3.75 3.62 3.50 3.42 3.37 3.34 3.27 3.15 2.99 2.83 2.67 2.40 2.13 2.21 2.59 3.04 3.37 3.60 3.54 3.31 3.30 3.19 3.08 3.08 3.12 3.37 3.62 3.58 3.27 3.15 3.37 3.44 3.35 3.30 3.31 3.35 3.30 3.25 3.29 3.33 3.27 3.15 3.23 3.32 3.28 3.40 3.61 3.66 3.75 4.00 3.92 3.31 2.72 2.56 2.60 2.50 2.18 1.94 1.96 2.11 2.20 2.24 2.18 1.99 1.81
4.67 4.65 4.56 4.49 4.47 4.46 4.43 4.39 4.33 4.24 4.24 4.27 4.22 4.16 4.14 4.09 4.01 3.95 3.91 3.82 3.68 3.54 3.47 3.40 3.29 3.20 3.10 2.94 2.79 2.63 2.37 2.14 2.42 3.14 3.56 3.77 3.92 3.70 3.32 3.18 3.07 3.03 3.14 3.36 3.58 3.58 3.48 3.38 3.36 3.48 3.59 3.56 3.48 3.37 3.26 3.22 3.25 3.28 3.24 3.14 3.04 3.33 3.58 3.47 3.65 3.95 4.05 4.20 4.13 3.44 2.62 2.25 2.31 2.52 2.42 2.12 2.03 2.12 2.25 2.39 2.41 2.17 1.99 1.90
4.70 4.64 4.55 4.54 4.54 4.50 4.45 4.39 4.34 4.31 4.29 4.27 4.25 4.17 4.11 4.05 3.98 3.97 3.95 3.84 3.69 3.58 3.50 3.36 3.22 3.17 3.05 2.89 2.78 2.67 2.47 2.39 2.93 3.59 3.73 3.76 3.74 3.44 3.12 3.01 3.00 3.09 3.30 3.48 3.60 3.70 3.76 3.68 3.56 3.51 3.64 3.62 3.45 3.35 3.31 3.32 3.35 3.33 3.11 3.02 3.09 3.48 3.80 3.84 4.25 4.53 4.45 4.25 3.63 2.71 2.17 2.06 2.31 2.63 2.56 2.26 2.08 2.18 2.39 2.48 2.38 2.13 2.08 2.00
4.71 4.66 4.62 4.62 4.58 4.50 4.42 4.37 4.36 4.39 4.35 4.28 4.24 4.18 4.11 4.05 4.00 3.99 3.96 3.83 3.69 3.61 3.50 3.32 3.19 3.09 2.91 2.76 2.75 2.77 2.67 2.71 3.17 3.52 3.54 3.57 3.45 3.24 3.16 3.11 3.11 3.24 3.36 3.53 3.94 4.17 3.91 3.68 3.54 3.48 3.63 3.58 3.45 3.51 3.50 3.39 3.39 3.31 2.98 2.94 3.18 3.61 4.12 4.62 4.92 4.65 4.13 3.53 2.69 2.09 1.90 2.01 2.50 2.91 2.74 2.24 1.99 2.18 2.38 2.35 2.25 2.16 2.15 2.07
4.74 4.71 4.67 4.64 4.57 4.48 4.40 4.38 4.44 4.46 4.37 4.25 4.20 4.19 4.12 4.05 4.02 4.00 3.95 3.81 3.70 3.61 3.46 3.27 3.11 2.92 2.66 2.59 2.85 2.98 2.87 2.90 3.13 3.33 3.42 3.44 3.35 3.34 3.39 3.35 3.31 3.37 3.49 3.97 4.52 4.19 3.60 3.52 3.50 3.48 3.60 3.61 3.65 3.72 3.61 3.44 3.38 3.18 2.85 2.83 3.18 3.89 4.80 5.25 4.78 3.87 3.12 2.39 1.85 1.69 1.78 2.25 3.02 3.16 2.51 1.88 1.81 2.12 2.25 2.19 2.23 2.30 2.24 2.14
4.77 4.73 4.68 4.64 4.58 4.49 4.42 4.45 4.54 4.48 4.35 4.23 4.22 4.21 4.12 4.06 4.04 4.00 3.93 3.81 3.69 3.58 3.41 3.22 3.02 2.73 2.42 2.57 3.11 3.21 2.99 3.04 3.21 3.32 3.42 3.37 3.32 3.56 3.71 3.59 3.52 3.59 3.89 4.50 4.52 3.68 3.34 3.53 3.58 3.61 3.64 3.68 3.75 3.75 3.69 3.55 3.28 2.91 2.67 2.77 3.46 4.80 5.64 5.23 4.12 3.19 2.45 1.79 1.53 1.67 2.16 3.01 3.45 2.96 2.16 1.68 1.80 2.15 2.23 2.25 2.44 2.50 2.34 2.29
4.78 4.75 4.71 4.67 4.61 4.51 4.46 4.55 4.59 4.46 4.32 4.27 4.26 4.19 4.10 4.07 4.05 3.99 3.90 3.79 3.67 3.56 3.41 3.22 2.97 2.54 2.30 2.77 3.33 3.30 3.10 3.20 3.35 3.34 3.36 3.26 3.30 3.86 4.11 3.90 3.79 3.95 4.32 4.61 4.22 3.50 3.46 3.70 3.81 3.79 3.65 3.71 3.80 3.91 4.02 3.63 2.92 2.59 2.75 3.25 4.51 5.83 5.69 4.42 3.26 2.55 1.95 1.50 1.51 2.08 3.04 3.62 3.34 2.62 1.94 1.66 1.87 2.28 2.38 2.44 2.58 2.52 2.34 2.43
4.80 4.79 4.75 4.69 4.62 4.54 4.53 4.62 4.58 4.41 4.32 4.29 4.24 4.16 4.11 4.11 4.08 3.99 3.89 3.79 3.70 3.62 3.47 3.25 2.92 2.47 2.37 3.00 3.48 3.33 3.23 3.40 3.47 3.40 3.30 3.17 3.34 4.12 4.50 4.20 3.99 4.35 4.61 4.54 4.20 3.76 3.73 3.87 4.01 3.92 3.71 3.89 4.10 4.32 4.29 3.38 2.57 2.71 3.48 4.35 5.45 5.88 4.80 3.31 2.46 1.98 1.54 1.37 1.76 2.72 3.64 3.62 2.98 2.34 1.79 1.61 1.91 2.46 2.60 2.53 2.50 2.40 2.35 2.53
4.82 4.81 4.76 4.69 4.64 4.59 4.61 4.65 4.52 4.36 4.32 4.28 4.24 4.20 4.17 4.16 4.10 3.99 3.89 3.84 3.79 3.68 3.50 3.25 2.93 2.60 2.74 3.40 3.63 3.32 3.35 3.68 3.65 3.56 3.54 3.49 3.71 4.39 4.98 4.67 4.46 4.87 4.81 4.63 4.38 3.96 3.85 3.91 4.15 4.20 4.02 4.17 4.39 4.52 4.13 3.06 2.66 3.24 4.21 5.09 5.67 5.23 3.91 2.69 2.11 1.79 1.44 1.51 2.36 3.39 3.87 3.46 2.74 2.11 1.60 1.52 1.87 2.47 2.55 2.43 2.41 2.34 2.37 2.52
4.84 4.83 4.77 4.70 4.67 4.64 4.65 4.60 4.46 4.37 4.33 4.31 4.29 4.27 4.24 4.18 4.12 4.03 3.95 3.91 3.83 3.69 3.48 3.26 3.00 2.88 3.24 3.69 3.60 3.30 3.54 3.91 3.87 4.09 4.51 4.49 4.41 4.96 5.59 5.31 5.20 5.32 4.96 4.78 4.44 4.01 3.99 4.18 4.66 4.72 4.35 4.39 4.52 4.39 3.86 3.02 2.84 3.45 4.44 5.32 5.33 4.21 2.99 2.20 1.84 1.70 1.55 1.88 2.96 3.81 3.83 3.10 2.30 1.81 1.55 1.67 2.05 2.34 2.43 2.42 2.37 2.24 2.24 2.30
4.89 4.86 4.77 4.70 4.71 4.72 4.66 4.55 4.46 4.40 4.36 4.36 4.34 4.31 4.28 4.21 4.15 4.08 3.99 3.94 3.84 3.69 3.52 3.35 3.19 3.23 3.48 3.57 3.28 3.01 3.31 3.92 4.42 5.23 5.63 5.14 4.85 5.42 6.00 5.72 5.49 5.26 4.77 4.61 4.27 3.97 4.20 4.67 5.01 4.61 4.13 4.21 4.16 3.95 3.46 2.66 2.61 3.43 4.53 5.23 4.59 3.12 2.19 1.77 1.72 1.79 1.78 2.17 3.24 3.89 3.42 2.38 1.83 1.75 1.82 2.07 2.18 2.22 2.45 2.60 2.43 2.16 2.08 2.15
4.96 4.89 4.75 4.69 4.82 4.83 4.65 4.54 4.50 4.44 4.39 4.38 4.36 4.35 4.33 4.26 4.17 4.09 4.00 3.94 3.87 3.75 3.61 3.48 3.43 3.49 3.52 3.39 2.97 2.71 3.23 4.29 5.24 6.02 5.81 4.79 4.72 5.73 6.15 5.56 5.04 4.54 4.05 4.01 3.83 3.74 4.20 4.63 4.40 3.75 3.52 3.56 3.44 3.45 3.03 2.24 2.52 3.57 4.55 5.01 4.05 2.48 1.71 1.65 1.98 2.14 2.09 2.39 3.37 3.77 2.86 2.04 2.05 2.20 2.19 2.20 2.14 2.22 2.54 2.74 2.49 2.11 2.01 2.13
4.96 4.87 4.70 4.73 4.95 4.85 4.59 4.53 4.51 4.47 4.42 4.41 4.43 4.41 4.38 4.28 4.16 4.10 4.04 3.98 3.95 3.85 3.70 3.62 3.66 3.64 3.62 3.43 3.08 3.19 4.19 5.26 5.72 6.03 5.48 4.37 4.63 5.76 5.68 4.69 4.21 3.77 3.51 3.62 3.52 3.52 4.01 4.11 3.56 3.31 3.31 3.23 3.16 3.20 2.85 2.39 2.87 3.74 4.47 4.64 3.55 2.15 1.56 1.76 2.38 2.55 2.46 2.73 3.44 3.57 2.75 2.43 2.72 2.62 2.33 2.21 2.20 2.34 2.60 2.75 2.37 1.93 1.93 2.08
4.92 4.84 4.69 4.83 5.01 4.78 4.56 4.52 4.52 4.50 4.44 4.48 4.49 4.44 4.39 4.27 4.18 4.18 4.13 4.07 4.04 3.96 3.82 3.82 3.89 3.81 3.71 3.46 3.34 3.85 4.82 5.49 5.45 5.65 5.59 4.66 4.76 5.42 4.93 4.02 3.78 3.46 3.29 3.41 3.28 3.43 3.75 3.50 3.14 3.24 3.28 3.16 3.11 3.00 2.81 2.75 3.16 3.76 4.18 4.19 3.39 2.25 1.75 1.99 2.66 2.84 2.73 2.88 3.32 3.57 3.22 3.06 3.00 2.59 2.29 2.27 2.36 2.52 2.71 2.64 2.15 1.81 1.92 2.12
4.90 4.83 4.78 4.97 5.02 4.78 4.58 4.52 4.55 4.54 4.50 4.52 4.50 4.46 4.40 4.30 4.26 4.26 4.21 4.13 4.11 4.04 3.96 4.01 4.01 3.86 3.64 3.41 3.39 3.83 4.70 5.19 5.18 5.62 5.99 5.28 4.74 4.80 4.31 3.69 3.48 3.15 3.01 3.05 3.08 3.35 3.40 3.10 3.11 3.25 3.19 3.09 3.01 2.87 2.86 3.06 3.38 3.62 3.79 3.93 3.47 2.48 1.99 2.16 2.73 2.93 2.89 2.98 3.45 3.90 3.54 3.04 2.71 2.32 2.17 2.23 2.33 2.49 2.54 2.31 2.01 1.91 2.03 2.19
4.87 4.86 4.91 5.07 5.03 4.77 4.57 4.54 4.61 4.61 4.56 4.54 4.52 4.47 4.40 4.35 4.34 4.32 4.24 4.18 4.18 4.14 4.09 4.07 3.96 3.79 3.59 3.43 3.36 3.80 4.76 5.23 5.54 6.13 6.21 5.17 4.17 3.94 3.69 3.21 2.93 2.76 2.79 2.89 3.13 3.41 3.21 3.10 3.29 3.29 3.16 3.10 3.06 3.00 3.14 3.40 3.51 3.45 3.48 3.80 3.56 2.60 2.10 2.24 2.68 2.99 3.13 3.36 3.93 4.00 3.12 2.50 2.26 2.02 2.04 2.14 2.13 2.11 2.01 1.92 1.94 1.92 1.96 2.03
4.88 4.92 5.02 5.10 4.95 4.67 4.57 4.59 4.64 4.64 4.60 4.57 4.54 4.48 4.45 4.44 4.41 4.36 4.29 4.26 4.25 4.21 4.15 4.07 3.97 3.84 3.66 3.39 3.37 4.26 5.33 5.71 6.05 6.22 5.71 4.50 3.47 3.06 2.94 2.73 2.55 2.64 2.88 3.03 3.34 3.55 3.29 3.29 3.39 3.23 3.24 3.29 3.28 3.36 3.54 3.59 3.48 3.38 3.39 3.66 3.65 2.84 2.27 2.35 2.63 3.01 3.43 3.83 4.00 3.33 2.30 2.00 2.01 2.04 2.15 2.10 1.93 1.80 1.79 1.92 1.90 1.75 1.73 1.79
4.96 5.00 5.09 5.05 4.82 4.64 4.61 4.62 4.63 4.68 4.67 4.61 4.55 4.54 4.54 4.51 4.46 4.41 4.36 4.33 4.31 4.25 4.19 4.14 4.09 3.96 3.75 3.49 3.92 5.30 5.89 5.85 5.82 5.49 5.00 4.02 2.84 2.30 2.47 2.61 2.63 2.88 3.13 3.33 3.61 3.67 3.46 3.44 3.34 3.29 3.54 3.59 3.51 3.59 3.70 3.62 3.48 3.42 3.43 3.62 3.67 3.09 2.57 2.47 2.52 2.94 3.66 4.03 3.49 2.42 1.84 2.01 2.40 2.51 2.23 1.95 1.91 1.88 1.94 2.06 1.88 1.69 1.67 1.76
