windninja/windninja_output/Output_2025-10-23_0300-0350_Google earth_Fire_150m_10min/merlingen_7.5mi_point_10-23-2025_0320_150m_vel.asc
ncols	158
nrows	163
xllcorner	391686.332397
yllcorner	5160024.123721
cellsize	150.000000
NODATA_value	-32768.000000
[rows 38 to 75 of 163, columns 0 to 83 of 158]
7.46 7.53 7.74 7.73 7.56 7.52 7.51 7.58 7.65 7.74 7.72 7.52 7.43 7.50 7.48 7.37 7.26 7.15 7.05 6.97 6.84 6.67 6.52 6.37 6.10 5.68 5.19 4.99 6.22 7.84 7.94 7.72 7.90 7.98 8.10 6.82 5.01 5.29 6.27 6.21 6.09 6.30 6.45 6.63 6.90 6.82 6.45 6.14 5.86 6.36 6.84 6.34 5.81 6.12 6.57 6.18 5.67 5.83 6.24 6.74 6.90 6.12 4.73 3.54 3.44 4.86 7.19 7.58 5.34 3.54 3.57 4.33 4.55 3.62 2.43 2.57 2.74 2.21 2.65 3.41 2.89 2.60 2.86 3.52
7.63 7.70 7.72 7.67 7.61 7.56 7.58 7.77 7.84 7.78 7.70 7.52 7.46 7.57 7.56 7.42 7.31 7.21 7.10 7.05 6.93 6.76 6.62 6.49 6.26 5.89 5.60 5.78 6.62 7.41 7.48 7.30 7.19 7.28 7.13 5.62 4.51 5.47 6.47 6.53 6.53 6.65 6.85 6.86 6.83 6.96 6.71 6.05 5.72 6.54 7.20 6.59 5.76 6.05 6.82 6.38 5.58 5.62 6.12 6.48 6.27 5.80 5.15 4.09 3.58 4.76 7.27 7.28 4.92 3.94 4.50 4.83 4.20 2.79 2.16 3.08 3.14 2.10 2.25 3.23 2.87 2.43 2.77 3.64
7.73 7.84 7.70 7.65 7.68 7.60 7.69 7.96 7.99 7.74 7.59 7.57 7.53 7.59 7.62 7.47 7.33 7.25 7.18 7.11 7.01 6.85 6.68 6.57 6.44 6.13 5.98 6.10 6.28 6.82 7.39 7.14 6.64 6.56 5.88 4.62 4.44 5.39 6.36 6.84 6.96 7.16 7.35 6.93 6.66 7.00 6.88 6.17 5.75 6.39 7.44 7.16 6.23 6.23 6.73 6.36 5.45 5.22 5.75 6.03 5.54 5.16 5.47 5.20 4.19 4.86 7.04 6.85 5.09 4.96 5.02 4.34 3.45 2.37 2.47 3.76 3.30 1.98 2.01 2.78 2.70 2.49 3.02 3.87
7.69 7.79 7.66 7.61 7.67 7.70 7.83 8.03 8.01 7.69 7.54 7.65 7.60 7.59 7.64 7.51 7.33 7.29 7.26 7.18 7.08 6.87 6.70 6.68 6.58 6.30 6.19 6.14 6.08 6.66 7.33 6.90 6.23 5.77 4.81 4.25 4.63 5.31 6.19 7.01 7.37 7.75 7.50 6.89 6.89 7.12 6.88 6.25 5.71 6.22 7.70 7.80 6.50 5.82 6.04 6.06 5.20 4.64 5.12 5.45 4.99 4.57 5.34 5.98 5.21 5.28 6.60 6.73 5.83 5.36 4.40 3.68 3.38 2.60 3.13 4.16 3.01 1.67 1.63 2.17 2.51 2.66 3.34 4.08
7.58 7.62 7.56 7.53 7.64 7.86 7.92 7.92 7.95 7.71 7.56 7.65 7.65 7.60 7.60 7.50 7.36 7.32 7.32 7.25 7.10 6.86 6.74 6.77 6.66 6.41 6.31 6.24 6.22 6.67 7.02 6.61 5.96 5.19 4.42 4.23 4.76 5.83 6.69 7.20 7.62 7.73 7.32 7.33 7.45 6.91 6.35 5.96 5.70 6.33 7.98 8.08 6.16 5.01 5.26 5.54 4.97 4.39 4.60 5.02 4.81 4.48 5.21 5.99 6.03 6.11 6.47 6.80 6.21 4.76 3.69 3.75 3.75 3.16 3.83 4.11 2.40 1.27 1.24 1.83 2.46 2.79 3.47 4.45
7.47 7.47 7.44 7.48 7.70 7.96 7.89 7.77 7.87 7.77 7.58 7.62 7.66 7.57 7.52 7.47 7.38 7.34 7.35 7.29 7.09 6.89 6.81 6.79 6.70 6.51 6.42 6.42 6.40 6.51 6.59 6.34 5.78 5.09 4.59 4.46 5.28 6.61 6.99 7.00 7.22 7.32 7.57 8.03 7.39 5.97 5.49 5.69 6.03 6.84 8.15 7.87 5.79 4.62 4.81 4.98 4.63 4.29 4.41 4.90 5.01 4.96 5.35 5.68 6.42 7.04 6.92 6.73 5.74 4.05 3.57 4.16 4.07 3.69 4.06 3.51 1.80 0.92 1.06 1.79 2.49 3.01 3.93 5.14
7.34 7.32 7.34 7.55 7.77 7.85 7.78 7.72 7.77 7.75 7.60 7.59 7.62 7.51 7.47 7.45 7.38 7.37 7.38 7.28 7.08 6.94 6.84 6.77 6.72 6.62 6.58 6.55 6.41 6.28 6.30 6.20 5.78 5.26 4.85 4.95 5.89 6.67 6.57 6.42 6.57 7.25 8.18 8.09 6.48 5.19 5.26 5.87 6.74 7.63 8.00 7.15 5.42 4.43 4.48 4.63 4.36 4.20 4.51 5.07 5.39 5.55 5.58 5.83 7.03 7.75 7.23 6.29 4.86 3.70 3.77 4.26 4.16 3.91 3.68 2.63 1.22 0.62 1.03 1.89 2.69 3.54 4.68 5.23
7.18 7.21 7.39 7.65 7.69 7.66 7.71 7.72 7.68 7.66 7.63 7.57 7.52 7.46 7.46 7.43 7.38 7.40 7.38 7.24 7.08 6.96 6.84 6.76 6.76 6.74 6.67 6.51 6.33 6.22 6.20 6.15 5.86 5.40 5.14 5.38 5.86 6.12 6.11 6.08 6.44 7.51 8.36 7.45 5.44 4.90 5.67 6.67 7.71 7.90 7.18 6.17 5.10 4.23 4.23 4.52 4.36 4.35 4.89 5.45 5.76 6.01 6.16 6.73 7.79 7.85 6.94 5.69 4.05 3.42 3.83 4.09 4.10 3.85 3.18 2.15 0.92 0.54 1.26 2.31 3.34 4.23 4.76 4.41
7.11 7.23 7.47 7.55 7.50 7.60 7.70 7.66 7.59 7.58 7.62 7.53 7.42 7.42 7.43 7.42 7.38 7.37 7.33 7.20 7.06 6.92 6.82 6.81 6.83 6.78 6.61 6.44 6.33 6.25 6.18 6.12 5.92 5.55 5.41 5.50 5.67 5.88 6.00 6.11 6.53 7.40 7.90 6.66 4.90 5.16 6.47 7.76 8.08 7.08 6.05 5.38 4.71 4.25 4.17 4.41 4.59 4.93 5.61 5.98 6.11 6.56 7.14 7.53 7.73 7.25 6.16 5.03 3.70 3.32 3.75 3.86 3.94 3.69 2.97 2.06 1.05 0.80 1.75 2.94 3.77 4.15 4.06 3.56
7.20 7.29 7.39 7.24 7.31 7.70 7.74 7.57 7.52 7.53 7.56 7.46 7.37 7.36 7.39 7.38 7.34 7.30 7.25 7.16 7.01 6.86 6.83 6.87 6.84 6.71 6.55 6.45 6.36 6.27 6.18 6.10 5.94 5.70 5.50 5.42 5.66 5.90 5.94 6.10 6.45 7.04 7.14 5.87 4.99 5.95 7.44 8.17 7.42 5.92 5.21 4.70 4.37 4.49 4.33 4.44 5.10 5.78 6.55 6.59 6.39 7.09 7.66 7.42 7.08 6.52 5.34 4.44 3.65 3.37 3.61 3.61 3.68 3.43 2.80 2.07 1.36 1.29 2.18 3.19 3.74 3.71 3.53 3.23
7.34 7.29 7.16 6.86 7.14 7.94 7.90 7.51 7.42 7.45 7.46 7.36 7.29 7.28 7.33 7.33 7.27 7.23 7.18 7.09 6.95 6.85 6.85 6.86 6.81 6.68 6.54 6.45 6.36 6.28 6.19 6.09 5.97 5.81 5.55 5.43 5.70 5.88 5.86 6.02 6.34 6.61 6.27 5.37 5.52 6.97 7.97 7.65 6.44 5.15 4.44 4.23 4.34 4.64 4.52 4.81 5.85 6.82 7.44 6.88 6.35 7.04 7.44 7.03 6.58 5.94 4.88 4.09 3.60 3.39 3.45 3.43 3.38 3.09 2.59 2.09 1.71 1.82 2.44 3.20 3.61 3.55 3.40 3.17
7.49 7.22 6.80 6.52 7.11 8.16 8.12 7.56 7.29 7.32 7.35 7.24 7.19 7.19 7.25 7.28 7.20 7.14 7.11 7.01 6.91 6.89 6.84 6.79 6.79 6.69 6.53 6.42 6.36 6.29 6.21 6.11 6.01 5.87 5.66 5.54 5.72 5.90 5.89 5.92 6.08 6.13 5.76 5.38 6.05 7.51 7.81 6.73 5.54 4.38 3.79 4.15 4.65 4.81 4.86 5.52 6.87 7.91 7.68 6.46 5.86 6.41 6.98 7.02 6.47 5.52 4.57 3.84 3.46 3.32 3.31 3.29 3.10 2.74 2.41 2.14 2.03 2.18 2.64 3.22 3.57 3.63 3.43 3.15
7.65 7.12 6.35 6.30 7.33 8.24 8.21 7.76 7.23 7.14 7.19 7.12 7.11 7.11 7.16 7.21 7.15 7.05 7.02 6.96 6.89 6.90 6.80 6.73 6.77 6.69 6.48 6.38 6.35 6.29 6.21 6.12 6.02 5.90 5.76 5.67 5.77 5.89 5.81 5.71 5.78 5.93 5.78 5.59 6.35 7.48 7.17 5.87 4.75 3.71 3.43 4.32 5.07 5.10 5.42 6.57 8.01 8.16 6.87 5.58 5.23 5.69 6.72 7.36 6.51 5.12 4.22 3.60 3.29 3.21 3.18 3.10 2.83 2.50 2.33 2.27 2.25 2.35 2.77 3.31 3.65 3.67 3.45 3.18
7.85 7.00 5.96 6.32 7.65 8.16 8.05 7.93 7.36 7.01 6.95 7.00 7.03 7.00 7.04 7.09 7.10 6.97 6.92 6.94 6.88 6.84 6.76 6.70 6.72 6.61 6.43 6.37 6.34 6.28 6.20 6.11 6.02 5.93 5.84 5.79 5.78 5.75 5.65 5.51 5.63 6.00 5.93 5.72 6.34 6.99 6.29 4.93 4.17 3.57 3.58 4.78 5.45 5.47 6.17 7.80 8.41 7.35 5.77 4.92 4.79 5.28 6.92 7.78 6.35 4.70 3.90 3.36 3.13 3.08 3.03 2.90 2.63 2.42 2.41 2.43 2.36 2.41 2.83 3.41 3.68 3.65 3.52 3.30
7.99 6.92 5.80 6.50 7.82 7.93 7.67 7.96 7.70 6.97 6.67 6.83 6.89 6.87 6.93 7.00 7.02 6.89 6.86 6.91 6.82 6.73 6.70 6.68 6.63 6.51 6.41 6.36 6.32 6.26 6.18 6.10 6.02 5.95 5.89 5.84 5.76 5.67 5.59 5.42 5.57 6.11 6.07 5.76 5.98 6.27 5.34 3.99 3.90 4.05 4.47 5.24 5.66 5.97 7.15 8.44 7.79 6.16 5.07 4.65 4.67 5.36 7.40 8.01 6.03 4.35 3.60 3.10 2.97 2.98 2.90 2.74 2.52 2.43 2.54 2.54 2.42 2.47 2.91 3.41 3.52 3.61 3.69 3.51
7.85 7.06 6.07 6.62 7.82 7.68 7.24 7.84 7.93 6.99 6.47 6.61 6.72 6.76 6.85 6.92 6.90 6.81 6.81 6.82 6.74 6.66 6.65 6.64 6.54 6.44 6.39 6.34 6.29 6.23 6.16 6.09 6.02 5.96 5.91 5.84 5.76 5.68 5.59 5.41 5.60 6.20 6.18 5.65 5.43 5.43 4.61 3.60 4.14 4.82 5.02 5.31 5.72 6.51 7.90 8.30 6.69 5.10 4.59 4.65 4.88 5.80 7.80 7.97 5.74 4.07 3.27 2.81 2.87 2.94 2.82 2.61 2.43 2.46 2.62 2.63 2.47 2.60 3.07 3.30 3.28 3.59 3.84 3.66
7.40 7.33 6.72 6.66 7.59 7.44 6.84 7.40 7.84 7.20 6.53 6.46 6.60 6.68 6.77 6.81 6.77 6.75 6.73 6.70 6.68 6.63 6.59 6.56 6.46 6.39 6.35 6.31 6.26 6.20 6.13 6.07 6.01 5.96 5.89 5.83 5.76 5.69 5.60 5.48 5.69 6.14 6.00 5.33 4.87 4.79 4.33 3.93 4.69 5.10 4.85 5.23 5.84 6.73 8.19 7.82 5.58 4.30 4.32 4.79 5.24 6.35 8.04 7.75 5.48 3.82 2.95 2.54 2.80 2.95 2.71 2.41 2.36 2.55 2.71 2.68 2.51 2.76 3.27 3.22 3.18 3.61 3.86 3.65
6.99 7.41 7.28 6.67 7.05 7.13 6.56 6.74 7.49 7.54 6.84 6.44 6.53 6.60 6.62 6.68 6.68 6.67 6.63 6.60 6.62 6.58 6.52 6.48 6.39 6.34 6.30 6.26 6.22 6.16 6.10 6.04 5.99 5.93 5.88 5.81 5.75 5.68 5.61 5.56 5.68 5.82 5.59 5.05 4.71 4.62 4.47 4.54 4.95 4.77 4.46 5.37 5.99 6.73 8.25 7.22 4.62 3.89 4.35 5.02 5.74 6.92 8.01 7.38 5.22 3.49 2.67 2.35 2.68 2.84 2.46 2.25 2.46 2.70 2.77 2.68 2.60 3.02 3.44 3.29 3.29 3.63 3.74 3.55
6.90 7.24 7.37 6.77 6.64 6.87 6.53 6.29 6.95 7.68 7.25 6.57 6.54 6.54 6.43 6.53 6.61 6.58 6.54 6.49 6.52 6.54 6.47 6.41 6.32 6.27 6.25 6.21 6.17 6.11 6.06 6.01 5.96 5.90 5.85 5.79 5.73 5.67 5.61 5.57 5.56 5.50 5.32 5.06 4.90 4.82 4.81 4.85 4.81 4.35 4.26 5.48 5.98 6.79 8.11 6.40 4.00 3.89 4.61 5.44 6.37 7.21 7.67 6.97 4.95 3.17 2.41 2.21 2.41 2.46 2.22 2.37 2.73 2.82 2.82 2.67 2.79 3.34 3.56 3.43 3.38 3.50 3.54 3.42
6.97 7.04 7.12 6.85 6.65 6.76 6.62 6.23 6.56 7.60 7.44 6.66 6.58 6.53 6.31 6.40 6.53 6.48 6.44 6.39 6.45 6.46 6.40 6.37 6.25 6.19 6.19 6.16 6.11 6.07 6.02 5.97 5.92 5.86 5.81 5.76 5.70 5.64 5.59 5.53 5.47 5.37 5.26 5.13 5.05 5.02 4.91 4.74 4.58 4.11 4.09 5.28 5.93 6.89 7.80 5.73 3.77 4.18 5.17 6.04 6.71 7.03 7.13 6.60 4.89 3.11 2.26 2.06 2.08 2.12 2.26 2.71 2.92 2.88 2.89 2.78 3.07 3.59 3.63 3.44 3.30 3.31 3.34 3.25
6.99 6.90 6.84 6.76 6.69 6.70 6.72 6.46 6.65 7.47 7.18 6.43 6.51 6.62 6.42 6.34 6.37 6.36 6.34 6.33 6.36 6.34 6.34 6.33 6.17 6.11 6.12 6.09 6.05 6.01 5.97 5.92 5.87 5.82 5.77 5.72 5.66 5.60 5.54 5.48 5.41 5.32 5.23 5.14 5.09 5.02 4.81 4.60 4.43 4.01 3.92 4.92 6.03 7.01 7.35 5.39 3.84 4.59 5.80 6.40 6.55 6.60 6.59 6.20 4.91 3.23 2.24 1.87 1.80 2.14 2.58 2.89 2.98 2.99 3.02 3.00 3.38 3.75 3.58 3.27 3.08 3.10 3.14 3.02
6.90 6.76 6.62 6.62 6.59 6.65 6.82 6.79 6.91 7.14 6.64 5.99 6.22 6.81 6.75 6.37 6.23 6.24 6.25 6.25 6.22 6.24 6.32 6.24 6.08 6.04 6.05 6.02 5.99 5.96 5.92 5.87 5.82 5.78 5.73 5.67 5.62 5.56 5.50 5.44 5.37 5.29 5.21 5.12 5.05 4.95 4.78 4.60 4.41 4.11 3.99 4.80 6.18 6.92 6.79 5.16 4.11 5.12 6.19 6.35 6.18 6.13 6.10 5.81 4.85 3.44 2.35 1.66 1.68 2.40 2.82 2.90 3.07 3.20 3.15 3.20 3.63 3.72 3.33 2.99 2.81 2.90 2.97 2.81
6.68 6.58 6.46 6.47 6.51 6.62 6.83 7.01 7.06 6.84 6.34 5.77 5.98 6.81 6.92 6.50 6.21 6.16 6.17 6.14 6.11 6.20 6.25 6.11 5.98 5.97 5.97 5.96 5.93 5.90 5.86 5.81 5.77 5.73 5.68 5.62 5.57 5.51 5.46 5.39 5.33 5.25 5.18 5.09 5.01 4.91 4.79 4.66 4.51 4.31 4.22 4.81 6.02 6.60 6.17 4.94 4.64 5.70 6.25 6.08 5.81 5.60 5.55 5.42 4.74 3.66 2.45 1.48 1.76 2.67 2.96 3.00 3.26 3.39 3.25 3.36 3.69 3.42 2.96 2.74 2.63 2.74 2.81 2.66
6.42 6.39 6.34 6.35 6.44 6.61 6.83 7.13 7.17 6.82 6.35 5.85 5.99 6.48 6.62 6.61 6.38 6.19 6.13 6.01 6.01 6.11 6.09 5.95 5.87 5.89 5.91 5.90 5.88 5.84 5.80 5.75 5.71 5.67 5.62 5.57 5.52 5.47 5.41 5.35 5.29 5.22 5.14 5.06 4.98 4.89 4.81 4.72 4.61 4.47 4.34 4.65 5.63 6.17 5.55 4.77 5.23 6.06 6.07 5.73 5.40 5.13 5.09 5.06 4.57 3.73 2.45 1.50 2.07 2.94 3.09 3.21 3.47 3.49 3.33 3.43 3.46 3.04 2.69 2.59 2.53 2.61 2.65 2.56
6.21 6.18 6.23 6.29 6.37 6.61 6.92 7.22 7.17 6.85 6.45 5.98 5.92 6.00 6.11 6.50 6.55 6.35 6.13 5.91 5.93 5.95 5.89 5.80 5.75 5.82 5.88 5.88 5.82 5.76 5.73 5.69 5.65 5.61 5.56 5.52 5.47 5.41 5.36 5.30 5.24 5.17 5.10 5.03 4.96 4.89 4.83 4.76 4.66 4.57 4.38 4.53 5.37 5.68 4.97 4.78 5.70 6.13 5.83 5.45 5.08 4.88 4.85 4.68 4.29 3.60 2.35 1.83 2.59 3.14 3.20 3.39 3.64 3.52 3.33 3.28 3.08 2.78 2.57 2.46 2.45 2.46 2.51 2.58
6.04 6.01 6.12 6.28 6.39 6.66 6.98 7.18 7.07 6.83 6.55 6.11 5.80 5.72 5.79 6.14 6.46 6.47 6.21 5.96 5.88 5.78 5.72 5.67 5.64 5.77 5.90 5.85 5.73 5.67 5.66 5.63 5.58 5.55 5.50 5.46 5.41 5.36 5.31 5.25 5.20 5.13 5.07 5.00 4.94 4.88 4.82 4.76 4.68 4.61 4.48 4.59 5.18 5.31 4.66 4.84 5.86 6.08 5.66 5.32 4.97 4.72 4.50 4.14 3.95 3.41 2.38 2.41 3.07 3.25 3.28 3.52 3.76 3.52 3.19 2.99 2.80 2.68 2.47 2.31 2.35 2.32 2.43 2.78
5.86 5.87 6.05 6.29 6.51 6.67 6.84 7.03 6.97 6.73 6.62 6.37 5.83 5.59 5.64 5.84 6.19 6.32 6.26 6.11 5.86 5.63 5.59 5.57 5.52 5.69 5.89 5.76 5.61 5.62 5.60 5.55 5.51 5.48 5.44 5.40 5.35 5.31 5.26 5.20 5.15 5.09 5.03 4.97 4.92 4.86 4.81 4.75 4.70 4.64 4.60 4.65 4.97 5.11 4.56 4.65 5.77 6.05 5.66 5.36 4.79 4.10 3.71 3.75 3.85 3.33 2.80 3.06 3.32 3.29 3.35 3.62 3.82 3.45 2.96 2.76 2.75 2.63 2.29 2.16 2.21 2.26 2.58 3.13
5.59 5.74 6.10 6.36 6.56 6.62 6.62 6.81 6.87 6.65 6.71 6.69 5.92 5.39 5.51 5.73 5.88 5.94 6.10 6.19 5.90 5.57 5.54 5.51 5.42 5.61 5.81 5.64 5.56 5.60 5.52 5.46 5.44 5.42 5.37 5.33 5.29 5.25 5.20 5.15 5.10 5.04 4.99 4.94 4.89 4.83 4.78 4.74 4.70 4.66 4.66 4.65 4.81 4.94 4.53 4.58 5.53 5.98 5.72 5.23 4.12 2.95 3.04 3.81 4.07 3.68 3.44 3.40 3.32 3.30 3.37 3.67 3.80 3.29 2.81 2.71 2.74 2.49 2.04 1.96 2.13 2.40 2.97 3.66
5.08 5.54 6.22 6.43 6.56 6.65 6.46 6.54 6.81 6.79 6.90 6.80 5.95 5.34 5.42 5.59 5.61 5.59 5.79 6.11 5.95 5.57 5.55 5.53 5.42 5.55 5.67 5.55 5.53 5.54 5.43 5.38 5.37 5.35 5.31 5.27 5.23 5.19 5.14 5.10 5.05 4.99 4.95 4.89 4.85 4.80 4.76 4.71 4.68 4.66 4.65 4.65 4.71 4.74 4.58 4.71 5.29 5.69 5.56 4.85 3.35 2.43 3.21 4.18 4.33 4.04 3.68 3.32 3.23 3.30 3.36 3.64 3.72 3.19 2.83 2.71 2.58 2.24 1.82 1.85 2.31 2.94 3.81 4.87
4.31 5.22 6.26 6.47 6.79 6.90 6.29 6.14 6.71 7.10 7.09 6.56 5.93 5.53 5.29 5.29 5.45 5.47 5.61 5.95 5.81 5.48 5.58 5.62 5.43 5.42 5.45 5.44 5.46 5.44 5.36 5.30 5.30 5.28 5.24 5.21 5.17 5.13 5.08 5.04 4.99 4.94 4.89 4.85 4.80 4.76 4.72 4.68 4.66 4.63 4.62 4.62 4.62 4.61 4.62 4.72 4.97 5.13 5.10 4.52 3.18 2.78 3.66 4.34 4.38 4.05 3.58 3.21 3.21 3.31 3.34 3.58 3.63 3.19 2.80 2.58 2.36 2.02 1.79 2.15 2.94 3.85 4.97 5.57
3.98 5.06 6.19 6.53 7.25 7.28 5.95 5.52 6.60 7.42 7.12 6.29 5.88 5.58 5.15 5.06 5.36 5.53 5.55 5.65 5.49 5.36 5.57 5.62 5.38 5.18 5.23 5.42 5.45 5.40 5.33 5.24 5.24 5.21 5.17 5.14 5.10 5.06 5.02 4.98 4.93 4.88 4.84 4.80 4.76 4.72 4.68 4.65 4.62 4.59 4.57 4.56 4.55 4.55 4.58 4.61 4.67 4.65 4.64 4.34 3.46 3.30 3.92 4.32 4.26 3.86 3.47 3.29 3.29 3.30 3.29 3.45 3.56 3.15 2.63 2.43 2.22 1.93 1.94 2.61 3.47 4.39 5.21 4.99
4.43 5.10 6.11 6.63 7.41 7.33 5.63 5.00 6.71 7.82 7.19 6.21 5.81 5.49 5.14 5.03 5.24 5.51 5.43 5.25 5.21 5.30 5.48 5.55 5.14 4.73 5.19 5.64 5.52 5.41 5.31 5.19 5.17 5.14 5.10 5.07 5.04 5.00 4.95 4.91 4.86 4.82 4.78 4.74 4.71 4.67 4.63 4.60 4.57 4.55 4.52 4.50 4.49 4.48 4.48 4.48 4.46 4.40 4.36 4.19 3.76 3.65 4.02 4.21 3.97 3.61 3.47 3.45 3.37 3.23 3.12 3.36 3.56 3.02 2.48 2.35 2.15 2.00 2.16 2.87 3.67 4.29 4.52 4.48
5.05 5.37 6.01 6.51 7.09 6.99 5.49 5.04 6.92 8.06 6.97 5.76 5.50 5.27 5.02 4.92 5.02 5.30 5.25 5.02 5.06 5.19 5.36 5.41 4.60 4.17 5.34 5.98 5.66 5.43 5.28 5.17 5.11 5.07 5.02 4.99 4.97 4.93 4.88 4.84 4.80 4.76 4.72 4.69 4.65 4.62 4.58 4.55 4.52 4.50 4.47 4.45 4.43 4.41 4.39 4.36 4.32 4.27 4.19 4.06 3.89 3.84 3.96 3.93 3.68 3.51 3.55 3.50 3.32 3.05 2.97 3.45 3.56 2.82 2.34 2.24 2.18 2.17 2.35 2.87 3.44 3.73 3.78 4.70
5.53 5.62 5.97 6.29 6.57 6.53 5.74 5.52 7.02 7.88 6.28 5.15 5.12 4.97 4.85 4.73 4.81 5.11 5.16 4.95 4.91 5.06 5.27 5.16 4.24 4.03 5.35 6.13 5.82 5.43 5.27 5.16 5.08 4.98 4.90 4.91 4.90 4.85 4.81 4.77 4.73 4.69 4.66 4.62 4.59 4.56 4.53 4.50 4.47 4.44 4.41 4.39 4.36 4.33 4.30 4.27 4.22 4.16 4.09 3.99 3.91 3.86 3.83 3.75 3.61 3.56 3.52 3.42 3.22 2.98 3.06 3.53 3.42 2.56 2.16 2.19 2.30 2.29 2.32 2.56 2.85 3.20 3.75 5.46
5.85 5.89 6.03 6.06 6.15 6.27 6.04 6.05 6.94 7.12 5.72 5.10 5.07 4.89 4.84 4.71 4.76 5.03 5.10 4.89 4.86 5.06 5.19 5.01 4.36 4.16 5.09 5.95 5.86 5.51 5.28 5.12 5.07 4.92 4.81 4.85 4.83 4.76 4.72 4.69 4.66 4.63 4.59 4.56 4.53 4.50 4.47 4.44 4.42 4.39 4.36 4.33 4.29 4.26 4.23 4.18 4.13 4.08 4.01 3.94 3.87 3.81 3.76 3.69 3.60 3.53 3.43 3.34 3.18 3.11 3.19 3.37 3.14 2.31 2.05 2.19 2.36 2.30 2.08 2.15 2.50 3.13 4.43 6.05
6.17 6.20 6.05 5.83 5.96 6.19 6.19 6.29 6.53 6.15 5.49 5.29 5.12 4.92 4.88 4.81 4.83 4.99 5.01 4.87 4.94 5.11 5.13 4.97 4.45 4.18 4.81 5.55 5.75 5.63 5.28 5.09 5.11 4.97 4.80 4.77 4.72 4.66 4.63 4.61 4.59 4.55 4.52 4.49 4.46 4.44 4.41 4.39 4.36 4.33 4.30 4.27 4.23 4.20 4.16 4.11 4.06 4.01 3.95 3.88 3.82 3.76 3.71 3.63 3.55 3.47 3.38 3.29 3.22 3.21 3.15 3.08 2.80 2.25 2.11 2.27 2.39 2.24 1.87 1.94 2.54 3.69 5.31 5.87
6.51 6.41 6.02 5.69 5.87 6.14 6.14 6.16 6.06 5.63 5.43 5.36 5.13 4.97 4.94 4.89 4.87 4.96 4.98 4.91 4.97 5.06 5.03 4.88 4.45 4.19 4.59 5.12 5.49 5.61 5.34 5.14 5.20 5.12 4.84 4.62 4.58 4.57 4.55 4.54 4.50 4.46 4.44 4.42 4.39 4.37 4.35 4.33 4.30 4.27 4.24 4.21 4.17 4.13 4.09 4.05 4.00 3.94 3.89 3.83 3.77 3.71 3.65 3.58 3.50 3.42 3.35 3.27 3.24 3.18 3.05 2.89 2.68 2.38 2.31 2.46 2.44 2.17 1.81 2.00 3.10 4.64 5.59 4.77
6.63 6.48 6.08 5.65 5.73 6.09 6.06 5.92 5.80 5.51 5.35 5.28 5.12 5.02 5.00 4.92 4.85 4.92 4.96 4.91 4.89 4.92 4.89 4.81 4.51 4.18 4.38 4.80 5.20 5.46 5.41 5.23 5.21 5.16 4.78 4.48 4.46 4.50 4.51 4.44 4.39 4.37 4.35 4.34 4.32 4.31 4.29 4.27 4.24 4.22 4.19 4.15 4.12 4.08 4.04 3.99 3.94 3.89 3.83 3.77 3.72 3.66 3.60 3.53 3.46 3.39 3.33 3.27 3.21 3.12 2.98 2.85 2.72 2.54 2.49 2.58 2.43 2.09 1.89 2.44 4.01 5.10 4.83 3.24
