windninja/windninja_output/Output_2025-10-23_0300-0350_Google earth_Fire_150m_10min/merlingen_7.5mi_point_10-23-2025_0300_150m_ang.asc
ncols	158
nrows	163
xllcorner	391686.332397
yllcorner	5160024.123721
cellsize	150.000000
NODATA_value	-32768.000000
[rows 84 to 125 of 163, columns 0 to 94 of 158]
129 138 147 147 147 149 158 167 168 164 157 150 144 138 133 131 131 129 129 130 130 131 131 133 137 139 137 136 136 135 135 136 135 133 130 127 126 127 129 133 136 138 139 139 139 139 139 139 138 139 142 142 142 141 139 137 136 136 136 136 136 136 136 137 137 137 137 138 138 138 139 139 140 140 141 142 143 145 147 151 158 164 167 162 146 138 133 130 130 130 129 130 131 134 137
107 112 124 125 127 130 141 154 152 150 148 147 144 137 133 132 131 128 127 127 127 128 129 131 135 138 136 135 135 135 136 136 137 137 134 131 130 128 128 130 134 136 136 135 134 133 132 130 130 132 134 137 138 139 139 137 136 135 136 136 136 136 137 137 137 138 138 138 139 139 139 140 140 141 141 142 143 145 147 152 159 164 166 158 141 135 133 131 131 131 130 130 131 134 138
101 101 103 104 101 97 101 125 134 140 144 146 142 137 133 131 129 125 122 122 122 122 123 125 132 139 139 137 136 136 137 136 138 140 139 138 137 134 132 131 132 135 136 136 134 132 130 129 128 129 131 132 134 135 136 136 135 135 135 136 136 137 137 138 138 138 138 139 139 139 140 140 141 141 142 143 144 145 147 151 156 161 162 153 138 131 130 130 131 131 131 132 134 138 143
101 98 91 91 95 103 119 131 135 138 144 143 138 137 132 129 127 122 118 118 119 119 119 125 136 146 146 142 139 138 137 136 137 138 138 139 140 140 138 136 135 136 136 136 134 132 130 129 128 129 130 131 132 133 133 133 133 133 134 135 136 137 138 138 138 139 139 139 139 140 140 140 141 141 142 143 143 145 146 149 152 155 153 146 136 131 129 128 128 128 129 133 135 139 143
109 105 103 112 121 132 137 139 138 137 141 139 138 139 136 133 128 120 117 118 122 123 127 137 148 156 151 145 142 140 139 137 136 135 134 133 135 137 137 137 137 138 139 138 137 135 132 130 130 131 132 133 133 133 133 133 132 132 132 134 136 138 139 139 139 139 139 140 140 140 140 141 141 142 142 143 143 144 145 146 148 148 146 139 131 128 127 126 128 128 130 132 132 129 127
130 128 127 131 133 136 139 140 140 136 136 141 143 143 140 135 127 120 118 121 126 132 138 147 162 165 156 147 144 141 140 139 137 136 134 132 132 133 132 131 132 136 138 139 138 136 133 131 131 133 135 137 138 138 138 138 135 131 129 132 136 139 139 140 140 140 140 140 140 140 141 141 141 142 142 142 143 143 144 144 144 144 141 134 125 120 119 121 125 127 126 126 124 117 114
134 134 134 131 129 132 135 139 144 139 137 144 149 147 144 139 130 123 118 121 131 140 148 160 171 171 159 149 145 142 140 138 138 138 136 134 134 134 133 131 130 131 134 136 136 135 133 131 131 132 134 137 140 142 143 142 138 133 131 135 139 141 141 141 140 140 140 140 141 141 141 141 142 142 142 142 142 143 143 143 142 142 140 134 127 123 121 120 122 122 119 117 117 114 115
129 134 139 138 137 139 141 145 150 145 142 149 157 156 153 149 141 130 119 122 136 149 163 172 179 175 161 151 145 142 139 138 136 137 136 135 136 136 136 135 133 132 133 133 134 134 132 130 129 130 132 135 138 141 146 147 143 140 139 142 145 145 143 142 141 141 141 141 141 141 141 141 142 142 142 142 142 142 142 142 141 140 140 137 133 130 127 124 122 117 110 105 104 102 101
128 135 145 149 150 151 153 159 164 161 153 155 161 160 157 151 146 141 133 135 142 163 176 182 186 175 160 150 145 141 138 137 136 136 136 136 136 137 137 136 135 134 133 132 133 133 131 127 124 124 127 131 135 140 146 148 144 142 142 145 149 148 145 142 142 141 141 141 141 141 141 142 142 142 142 142 142 142 142 141 140 139 138 136 132 129 126 123 117 109 95 90 91 90 90
126 133 144 149 151 154 158 165 171 170 165 165 167 167 167 162 155 149 144 144 153 177 186 191 188 174 158 150 144 141 137 134 133 134 136 136 135 136 136 136 138 137 134 132 133 132 129 127 124 122 122 128 135 140 143 142 137 135 136 140 145 148 146 143 142 141 141 141 141 141 141 142 142 142 142 142 142 142 141 141 140 138 136 133 129 124 121 116 107 96 90 91 94 95 96
121 128 139 143 144 147 155 165 172 169 165 167 169 170 171 165 159 154 145 144 165 185 196 196 186 169 155 149 144 140 135 130 130 134 136 136 135 135 136 137 140 141 138 136 137 136 134 131 128 127 128 132 141 143 140 137 131 129 131 135 140 144 144 142 141 141 141 141 141 141 142 142 142 142 142 142 142 142 141 140 140 138 137 134 130 125 120 114 107 103 103 105 108 110 111
114 120 131 136 135 137 144 155 162 159 154 157 162 165 164 154 153 147 136 134 177 202 215 197 175 159 152 147 144 141 137 133 134 136 138 136 134 134 135 136 140 143 142 141 143 144 143 141 137 136 137 140 147 146 141 138 135 133 133 135 138 142 142 141 141 141 141 141 141 141 142 142 142 142 142 142 142 142 141 141 140 139 137 135 132 129 125 121 118 117 117 118 119 121 122
110 114 124 130 130 131 134 141 144 141 134 133 137 143 141 131 129 124 114 101 343 336 328 154 148 146 147 145 144 142 138 136 135 136 137 135 133 133 134 135 138 141 142 141 143 146 147 146 144 141 141 143 147 147 141 138 136 134 134 135 137 140 141 140 140 140 141 141 141 141 142 142 142 142 142 142 142 142 141 141 140 139 138 136 135 132 130 128 126 126 126 126 127 128 129
111 113 118 123 122 120 122 124 123 120 116 106 106 127 123 120 120 116 96 35 350 352 36 103 131 142 145 144 142 137 132 130 129 131 133 132 130 131 133 135 137 140 141 139 137 140 140 140 138 137 138 140 142 144 141 137 135 134 134 134 135 137 138 138 139 140 140 141 141 141 142 142 142 142 142 142 142 142 141 141 140 140 139 138 136 135 134 133 132 131 131 132 133 134 135
105 106 107 106 107 106 106 105 103 99 86 74 69 79 91 96 99 85 43 10 1 31 100 122 140 151 149 144 138 131 125 123 123 125 128 128 127 128 131 134 136 139 141 139 134 132 131 129 128 128 132 136 139 141 140 138 137 136 136 136 136 135 135 135 137 138 139 140 140 141 141 142 142 142 142 142 142 142 141 141 141 140 140 139 138 137 136 136 135 135 135 136 136 137 138
97 94 90 91 92 90 86 83 77 69 64 63 62 70 80 80 67 44 20 13 54 116 129 139 155 161 151 141 133 126 122 120 120 122 125 128 128 128 130 132 135 138 141 141 137 134 132 130 130 132 134 137 140 141 141 140 139 139 139 139 139 138 135 134 135 136 138 139 140 141 141 141 141 141 141 141 141 141 141 141 141 141 140 140 140 139 139 138 138 138 138 139 139 140 141
99 95 88 85 82 76 72 69 63 57 54 49 42 48 52 53 51 41 32 70 116 127 131 143 170 163 142 133 126 120 115 114 115 118 123 126 128 128 129 132 135 137 140 142 140 136 134 133 134 135 137 139 142 143 143 143 143 141 140 142 143 142 140 138 136 137 137 139 140 141 141 141 141 141 141 141 141 141 141 141 141 141 141 141 141 140 140 140 140 140 141 141 142 143 144
106 103 94 86 77 70 65 63 60 57 55 51 45 43 48 60 85 105 123 127 126 127 122 99 91 128 124 119 115 109 107 108 111 114 118 122 124 125 127 131 136 137 139 141 140 136 134 134 136 137 139 141 143 143 143 144 146 144 144 145 144 143 142 141 140 140 140 140 140 140 139 139 139 140 140 140 140 141 141 141 141 141 141 142 142 142 142 142 142 142 143 143 144 145 146
114 110 100 90 80 73 69 67 65 65 64 63 63 74 106 122 126 135 143 134 125 116 78 52 75 101 105 104 103 104 106 108 111 113 116 118 121 123 125 129 134 137 138 140 141 140 138 139 140 140 141 142 143 144 144 145 146 146 147 148 147 146 145 143 142 142 143 143 141 138 136 136 138 139 139 139 139 140 140 140 141 141 141 142 142 142 143 143 143 144 144 145 145 146 147
125 120 109 98 90 85 80 75 73 73 74 79 92 114 125 126 126 131 136 127 111 63 40 62 80 86 93 100 104 107 109 110 111 113 115 117 120 121 122 125 130 134 136 138 140 140 139 139 141 142 142 142 143 145 146 147 148 147 148 149 150 150 149 146 144 145 146 146 146 142 137 135 136 136 137 137 137 138 139 139 140 141 141 142 142 143 143 144 144 145 145 146 147 148 149
138 134 123 110 99 92 87 82 77 77 82 89 101 112 115 114 111 112 109 94 66 47 62 79 80 88 100 108 111 110 111 111 110 112 114 116 119 121 121 123 128 132 135 136 139 139 138 138 141 142 143 143 144 145 146 148 149 149 149 149 150 151 151 148 147 148 149 150 151 147 142 138 135 133 131 130 132 134 136 138 139 140 141 142 143 143 144 144 145 146 146 147 148 149 150
153 149 138 122 108 98 92 84 80 82 86 90 97 104 107 105 99 90 80 67 58 67 83 88 97 108 111 114 114 112 112 111 112 113 113 115 119 124 125 127 130 133 134 135 138 140 140 140 142 144 145 146 146 146 146 147 149 150 150 149 150 151 150 148 148 149 151 153 154 151 147 145 142 137 132 129 130 131 132 132 135 138 140 142 143 144 144 145 145 146 147 147 148 149 150
173 168 157 142 125 114 104 95 92 96 104 110 113 116 113 107 99 91 84 77 76 84 95 107 115 119 118 116 114 114 116 118 119 115 112 115 123 128 130 130 132 134 134 135 138 140 141 141 143 144 145 146 149 149 149 149 149 149 150 150 151 152 151 150 149 150 151 154 156 154 151 149 148 147 144 140 137 136 133 131 133 137 140 141 143 143 144 145 146 146 147 148 149 150 151
191 186 176 163 146 133 128 129 129 130 134 137 137 134 125 116 109 103 99 93 93 101 113 125 126 125 124 122 117 119 123 126 128 119 114 121 129 133 131 131 133 135 135 137 139 140 143 143 144 144 143 144 147 149 151 152 152 151 150 151 152 151 151 152 152 153 154 155 156 156 154 151 149 149 148 145 143 143 142 139 137 137 139 140 142 143 144 145 146 146 147 148 149 150 150
203 199 189 176 163 155 153 152 149 145 143 143 142 136 127 124 121 119 116 111 110 115 124 134 133 128 129 130 121 122 128 130 134 123 119 127 135 135 132 133 138 137 136 138 141 142 144 145 146 146 145 144 145 147 150 152 154 153 153 154 154 153 152 153 153 154 155 156 157 157 156 153 150 148 148 148 147 147 146 144 141 140 139 140 142 143 144 145 145 146 147 147 148 149 150
212 206 192 176 166 161 159 157 152 146 140 138 141 136 129 129 134 141 143 132 123 122 129 137 137 133 132 132 122 123 132 135 137 126 121 130 136 135 136 140 142 136 134 139 142 142 144 147 147 147 147 147 148 148 149 151 153 154 154 156 157 155 155 156 155 154 155 156 158 159 157 153 151 150 149 150 149 149 148 144 143 142 142 141 141 142 143 144 145 145 146 146 147 148 149
215 207 189 175 166 160 158 155 150 143 138 137 141 138 132 133 142 158 159 143 130 129 136 143 143 137 135 136 128 127 134 139 138 128 122 129 135 137 141 147 145 136 134 138 141 141 144 148 149 147 148 148 150 151 151 152 153 154 154 156 157 157 158 160 158 156 154 155 158 160 158 154 152 152 151 150 150 150 150 147 144 143 144 144 143 141 142 142 143 143 143 144 144 146 147
214 206 190 179 171 166 163 159 154 149 143 138 139 140 136 138 149 169 167 149 137 136 143 149 147 140 137 137 133 132 135 139 139 129 126 133 139 143 149 152 148 143 140 139 139 141 144 148 148 148 148 149 151 152 152 153 155 154 154 155 156 157 159 162 162 160 158 157 157 158 157 154 152 153 153 152 151 152 151 148 146 144 145 147 147 144 141 140 140 139 138 139 140 142 145
217 210 198 190 183 176 172 168 163 159 154 144 144 145 140 141 155 174 170 157 150 147 151 157 151 139 135 133 132 132 134 139 138 130 130 139 147 151 156 155 151 147 140 139 142 144 144 145 146 146 147 150 152 152 152 154 156 156 155 157 158 158 159 161 162 163 163 163 160 158 155 152 151 153 153 153 154 155 154 152 149 146 148 150 151 150 146 141 137 132 130 134 138 141 144
222 217 207 199 190 181 175 171 168 168 160 148 148 150 145 143 156 172 167 161 156 155 160 166 152 138 137 135 132 131 133 135 135 130 131 141 151 157 159 156 153 144 136 138 145 148 145 144 145 145 146 151 154 153 153 154 156 157 157 158 160 161 161 160 162 164 165 166 166 163 160 156 154 155 156 155 155 156 156 156 154 151 151 151 152 154 151 147 142 134 133 138 142 145 146
225 220 212 202 192 185 178 173 172 168 156 148 151 157 150 144 154 166 165 159 155 156 165 169 156 147 147 144 138 135 134 133 131 129 132 139 147 154 158 159 154 143 138 141 148 150 149 148 148 147 147 150 153 154 154 155 156 157 158 159 161 163 163 161 162 164 165 167 167 167 165 161 157 156 157 157 157 156 157 158 156 156 157 157 157 160 157 152 148 142 142 147 149 149 149
225 221 211 201 193 188 182 179 176 163 150 147 154 162 153 144 152 165 167 160 154 156 163 165 161 156 156 155 149 146 146 140 133 131 135 141 146 151 157 159 152 144 144 147 151 153 154 155 152 149 149 151 153 155 155 155 157 157 158 158 161 164 163 162 163 164 165 166 167 168 168 166 162 158 156 157 158 158 158 158 156 157 162 164 165 167 163 156 150 146 148 154 157 156 153
224 219 210 202 195 190 186 184 176 159 148 150 159 164 152 144 153 169 171 164 158 157 158 161 163 163 163 159 150 152 155 148 141 135 136 143 150 156 157 154 149 147 150 153 153 156 157 156 152 150 151 152 155 156 156 156 157 157 158 158 161 164 163 162 162 165 166 166 167 169 169 169 168 165 159 156 157 159 160 158 155 155 161 168 171 171 165 157 152 150 153 160 163 160 155
224 219 213 206 198 192 186 180 169 158 151 153 163 163 150 144 153 168 168 161 157 154 153 154 159 165 170 167 157 156 156 149 145 144 145 150 154 160 158 153 153 154 156 156 156 158 157 154 153 153 154 157 159 159 159 158 158 158 158 158 160 163 164 162 163 166 167 167 168 169 170 170 170 170 168 162 158 160 162 161 156 154 161 169 171 170 164 158 155 156 161 165 165 160 155
226 222 216 208 198 191 183 173 162 157 154 157 164 160 149 143 148 159 160 156 150 147 145 145 148 157 164 163 164 167 163 155 152 148 153 163 167 167 161 158 160 162 161 159 158 159 158 157 157 158 159 161 162 162 162 160 159 159 159 158 159 161 162 162 165 167 168 168 169 169 169 170 171 172 172 170 167 164 163 163 160 160 165 169 168 166 163 159 158 162 166 168 167 162 156
228 224 216 207 196 188 180 168 157 153 154 157 164 158 150 144 145 153 154 150 145 140 139 138 138 141 146 150 158 164 162 159 154 149 156 171 177 175 170 170 172 170 167 163 160 161 161 159 159 161 162 164 165 164 164 161 159 159 160 159 159 159 159 160 164 167 168 170 170 169 168 168 169 170 172 175 175 171 166 163 162 164 167 168 164 162 161 161 161 166 169 171 171 167 160
228 224 215 206 197 189 177 164 154 153 153 153 160 161 155 147 144 150 155 150 144 138 134 132 130 131 133 137 142 147 150 152 149 148 154 167 178 178 177 182 184 180 175 171 170 169 167 164 164 165 164 166 166 167 166 163 160 159 160 159 158 159 159 158 160 161 161 164 167 167 167 167 167 167 170 175 179 178 173 168 165 165 167 166 162 160 161 162 164 167 170 173 175 170 161
227 222 209 199 196 192 181 168 156 155 154 148 155 162 159 151 144 148 156 155 146 135 129 126 124 124 128 132 134 133 134 137 141 145 152 160 170 176 179 185 189 188 182 178 178 176 173 172 173 171 169 168 168 170 169 166 161 159 160 159 158 160 161 160 159 149 141 145 153 160 164 166 165 164 166 171 177 180 180 176 172 168 167 165 161 161 163 164 166 168 171 176 175 166 158
222 215 200 191 190 187 182 175 167 163 155 144 151 161 157 150 144 146 157 157 147 134 126 120 116 116 120 125 127 127 130 135 137 144 149 154 164 171 173 177 185 190 189 184 179 176 175 177 178 175 172 169 170 172 171 167 162 161 161 160 160 165 166 166 165 158 151 145 143 147 156 161 162 162 163 166 172 177 180 181 179 173 168 165 164 165 167 169 170 170 173 177 173 160 153
218 212 198 189 185 182 179 176 173 172 160 146 151 162 156 146 140 143 155 155 144 134 126 117 110 110 113 116 121 125 132 135 134 141 147 150 161 169 172 173 178 185 190 189 181 173 171 174 176 176 173 171 172 175 172 168 163 160 160 162 168 173 169 167 165 161 160 157 149 145 146 151 155 158 160 161 165 169 174 178 180 177 172 169 170 171 173 174 172 172 175 176 169 157 152
217 211 199 191 185 179 176 173 173 174 166 154 156 164 155 142 135 140 151 153 142 134 128 122 117 112 110 116 125 130 139 139 135 140 145 148 156 166 171 173 175 180 188 191 186 177 172 172 174 175 174 174 176 176 175 173 170 166 164 166 172 170 168 167 164 161 161 163 161 153 145 139 140 146 152 155 158 161 164 169 174 177 177 176 175 175 178 179 175 174 174 173 165 156 156
213 208 199 191 184 179 176 172 169 170 168 165 167 165 151 139 133 137 146 151 147 141 137 129 123 122 124 132 136 142 150 145 137 139 145 145 151 161 169 173 174 177 183 188 188 182 174 172 174 174 176 178 180 179 178 178 177 175 174 174 171 167 167 168 166 163 163 165 168 166 156 141 133 133 138 145 149 150 154 158 163 171 179 182 180 180 183 182 178 174 171 168 161 155 159
