windninja/windninja_output/Output_2025-10-23_0300-0350_Google earth_Fire_150m_10min/merlingen_7.5mi_point_10-23-2025_0340_150m_vel.asc
ncols	158
nrows	163
xllcorner	391686.332397
yllcorner	5160024.123721
cellsize	150.000000
NODATA_value	-32768.000000
[rows 111 to 147 of 163, columns 0 to 83 of 158]
3.43 3.32 3.48 3.58 3.36 3.07 2.79 2.78 2.85 2.91 3.10 3.31 3.20 3.51 4.51 4.99 3.76 2.05 1.91 3.32 4.86 5.46 4.46 3.64 3.59 4.12 4.93 5.77 7.41 8.89 8.76 7.87 7.42 9.12 12.33 12.46 11.26 10.61 8.92 6.88 6.79 7.50 7.63 7.12 6.95 6.81 6.25 5.79 5.75 5.83 5.75 5.48 5.15 5.09 5.19 5.04 4.85 4.91 4.92 4.63 4.44 4.43 4.26 3.97 3.89 3.99 3.95 3.69 3.43 3.36 3.54 3.98 4.30 4.21 4.15 4.18 4.04 3.84 3.75 3.78 3.84 3.89 3.62 3.21
3.26 3.00 2.85 2.74 2.61 2.57 2.60 2.67 2.73 2.69 2.86 3.66 4.03 4.15 5.00 5.32 3.78 2.34 2.28 3.40 4.76 5.67 4.99 3.76 3.63 4.78 5.68 6.41 7.20 8.01 8.59 8.39 8.15 10.36 13.45 13.37 11.88 10.03 7.61 6.74 6.71 6.60 7.04 7.68 7.43 6.67 5.92 5.59 5.64 5.75 5.71 5.38 5.07 5.14 5.23 5.02 4.85 4.88 4.92 4.70 4.43 4.28 4.19 4.11 4.09 4.09 4.03 3.78 3.54 3.47 3.56 3.87 4.15 4.15 4.10 4.13 4.03 3.84 3.84 3.90 3.94 3.95 3.63 3.22
3.35 2.88 2.39 2.26 2.33 2.46 2.58 2.68 2.68 2.58 2.94 4.24 4.87 4.62 5.08 5.50 4.07 3.06 3.59 4.14 4.80 5.60 5.08 3.69 3.77 5.55 6.41 6.96 7.08 7.26 8.07 8.69 9.44 12.01 14.10 12.72 10.15 7.99 6.53 5.98 5.40 5.62 7.28 8.28 7.50 6.30 5.76 5.73 5.73 5.74 5.64 5.34 5.19 5.25 5.23 5.04 4.88 4.86 4.92 4.75 4.48 4.24 4.18 4.30 4.23 4.13 4.07 3.91 3.86 3.79 3.77 4.00 4.24 4.17 4.08 4.15 4.09 3.96 3.93 3.92 4.04 3.98 3.47 3.07
3.57 3.06 2.39 2.32 2.50 2.59 2.67 2.75 2.58 2.64 3.55 5.02 5.32 4.63 4.98 5.86 5.11 4.46 4.70 4.61 4.77 5.34 5.15 4.33 5.24 6.74 7.09 6.85 6.99 7.21 7.25 8.45 10.57 12.96 13.59 11.06 8.43 7.18 6.18 5.37 5.00 6.37 8.40 8.86 7.52 6.44 6.43 6.40 6.08 5.86 5.65 5.41 5.32 5.28 5.23 5.11 4.92 4.81 4.81 4.75 4.54 4.25 4.27 4.52 4.39 4.21 4.13 4.09 4.11 4.02 3.95 4.08 4.21 4.07 4.00 4.13 4.16 4.10 3.89 3.81 4.08 4.03 3.44 3.05
3.83 3.35 2.80 2.74 2.80 2.78 2.75 2.62 2.50 3.12 4.69 5.89 5.31 4.31 5.06 6.77 6.45 5.29 4.79 4.47 4.82 5.37 5.71 6.33 7.14 7.52 7.18 6.80 7.61 7.61 6.88 7.87 10.63 13.03 13.02 10.97 8.92 7.47 6.17 5.33 5.97 8.13 9.34 8.87 7.83 7.32 7.06 6.48 6.07 5.97 5.81 5.61 5.38 5.18 5.12 5.00 4.81 4.72 4.72 4.78 4.58 4.29 4.34 4.58 4.53 4.27 4.18 4.17 4.14 3.98 3.87 3.88 3.93 3.94 3.95 4.11 4.21 4.15 3.88 3.74 4.08 4.10 3.55 3.05
4.14 3.63 3.08 2.83 2.79 2.75 2.62 2.59 2.98 4.20 6.02 6.26 4.90 4.04 5.48 7.78 7.03 5.16 4.77 5.10 5.84 6.62 7.36 7.96 8.02 7.77 7.00 6.68 8.06 8.40 7.77 8.24 9.88 12.26 13.03 11.50 9.68 7.65 6.59 6.69 7.79 9.35 9.21 8.32 7.89 7.26 6.28 5.70 5.90 6.10 6.04 5.84 5.47 5.15 4.93 4.78 4.72 4.68 4.69 4.77 4.56 4.29 4.36 4.62 4.63 4.29 4.16 4.20 4.14 4.00 3.86 3.80 3.84 3.97 3.98 4.06 4.14 4.11 3.84 3.62 3.98 4.21 3.58 2.87
4.26 3.67 2.97 2.63 2.62 2.69 2.73 3.12 4.13 5.41 6.49 5.94 4.54 4.24 6.11 7.95 6.62 4.96 5.54 6.78 7.61 8.32 8.67 8.75 8.69 8.67 7.95 7.38 9.07 8.87 7.92 8.10 9.30 12.21 13.78 12.56 10.23 7.90 7.43 8.69 9.71 9.56 8.52 7.98 7.66 6.66 6.07 6.22 6.56 6.70 6.58 6.13 5.63 5.22 4.87 4.77 4.79 4.70 4.65 4.70 4.60 4.45 4.56 4.81 4.70 4.29 4.18 4.24 4.15 4.02 3.95 3.92 3.93 3.97 4.06 4.15 4.06 3.97 3.82 3.68 4.08 4.36 3.56 2.70
4.40 3.75 2.93 2.64 2.77 2.94 3.19 3.88 5.03 5.84 6.21 5.55 4.59 4.79 6.19 7.51 6.90 5.64 6.45 7.44 7.88 8.28 8.44 8.70 9.19 9.53 9.82 10.40 10.61 9.80 9.02 9.67 11.82 15.10 14.75 12.55 11.11 9.15 9.30 10.56 10.17 9.04 8.07 7.57 7.20 6.86 6.85 7.17 7.32 7.17 6.72 6.05 5.56 5.16 4.83 4.75 4.77 4.69 4.64 4.70 4.70 4.62 4.80 5.00 4.79 4.46 4.33 4.23 4.08 4.05 4.06 4.01 3.95 3.96 4.13 4.19 3.95 3.82 3.89 3.99 4.30 4.29 3.43 2.67
4.70 4.03 3.09 2.75 2.99 3.20 3.55 4.29 5.25 5.65 5.78 5.54 4.91 5.13 5.73 6.90 7.74 6.79 6.45 6.77 7.04 7.37 7.83 8.52 9.26 9.67 10.09 10.64 10.87 11.40 13.07 14.76 16.08 16.17 13.18 10.53 10.00 10.54 11.29 11.35 10.05 8.75 7.97 7.83 7.98 7.73 7.24 7.20 7.16 6.70 6.14 5.59 5.25 4.94 4.67 4.58 4.64 4.65 4.63 4.71 4.80 4.76 4.85 4.91 4.58 4.32 4.18 4.01 3.93 4.02 4.07 3.99 3.95 4.03 4.15 4.07 3.82 3.76 3.95 4.11 4.17 3.95 3.31 2.87
4.91 4.29 3.36 2.99 3.01 3.03 3.45 4.34 5.30 5.39 5.37 5.95 5.53 5.31 5.43 6.62 8.13 7.61 6.44 6.26 6.41 6.75 7.50 8.37 9.09 9.48 9.57 9.61 10.82 12.86 14.30 14.75 14.35 12.80 10.46 9.10 8.73 9.64 10.16 9.61 9.22 8.93 8.86 9.02 8.85 8.22 7.77 7.71 7.25 6.43 5.85 5.41 5.11 4.87 4.58 4.38 4.48 4.62 4.62 4.75 4.91 4.72 4.47 4.10 3.37 3.24 3.39 3.39 3.64 4.00 4.07 3.96 3.98 4.08 4.07 3.91 3.74 3.72 3.83 3.94 3.94 3.83 3.42 3.18
5.05 4.50 3.91 3.96 3.90 3.56 3.84 4.67 5.43 5.21 5.13 6.51 6.22 5.62 5.75 6.56 7.99 7.87 6.45 5.79 5.73 6.22 7.03 7.94 8.98 9.47 9.42 9.85 11.97 14.01 13.68 12.32 11.46 10.42 9.56 8.74 7.87 7.65 6.96 6.86 7.35 7.81 8.13 7.96 7.56 7.45 7.64 7.59 6.95 6.28 5.69 5.29 5.11 4.88 4.55 4.35 4.53 4.66 4.60 4.67 4.55 3.84 3.16 2.67 2.24 2.65 3.22 3.23 3.51 3.98 4.00 3.86 3.95 4.06 3.98 3.83 3.73 3.69 3.75 3.87 3.92 3.95 3.73 3.62
5.12 4.66 4.49 4.67 4.70 4.73 4.91 5.15 5.49 5.06 5.09 7.11 6.90 5.70 5.53 6.01 7.38 7.44 5.58 4.76 5.06 5.93 6.65 7.48 8.92 9.26 9.32 10.59 13.52 14.99 13.29 11.91 11.03 9.49 9.01 8.33 7.15 6.62 5.89 5.65 5.69 5.80 6.09 5.90 5.76 5.97 6.09 5.83 5.69 5.48 5.19 5.08 4.91 4.61 4.43 4.42 4.54 4.55 4.33 4.07 3.37 2.43 2.01 2.04 2.26 3.09 3.82 3.80 3.79 3.87 3.81 3.79 3.99 4.07 3.96 3.80 3.68 3.72 3.88 3.96 4.02 4.20 4.23 4.27
4.75 4.34 4.20 4.19 4.16 4.44 4.78 5.03 5.33 5.02 5.33 7.65 7.12 5.00 4.63 5.34 6.44 6.62 5.14 4.44 4.98 5.81 6.37 7.38 8.78 9.17 9.29 11.34 15.61 16.13 12.74 11.18 10.28 8.71 8.55 8.11 6.75 6.27 5.90 5.34 5.12 5.16 5.21 5.24 5.35 5.47 5.30 4.99 4.97 4.97 5.01 5.00 4.65 4.35 4.18 3.96 3.79 3.67 3.33 2.87 2.16 1.80 2.10 2.55 3.00 3.82 4.28 4.20 4.04 3.74 3.64 3.85 4.04 4.02 3.89 3.77 3.71 3.88 4.15 4.21 4.31 4.65 4.85 4.65
4.47 4.06 3.84 3.74 3.77 4.11 4.38 4.56 5.05 5.13 5.82 7.31 5.89 3.93 4.04 4.85 5.49 5.72 5.33 5.09 5.54 6.11 6.58 7.58 8.56 8.99 9.92 14.07 19.19 16.67 11.18 9.93 9.64 8.53 8.16 7.80 6.54 6.03 5.81 5.15 5.00 4.94 4.79 4.98 5.36 5.54 5.43 5.16 5.00 5.11 5.24 5.03 4.54 4.25 4.00 3.56 3.06 2.77 2.59 2.14 1.94 2.50 3.08 3.37 3.72 4.20 4.28 4.13 3.97 3.53 3.40 3.75 3.93 3.90 3.89 3.86 3.90 4.15 4.43 4.53 4.59 4.86 4.89 4.40
4.36 4.13 4.02 4.02 4.13 4.29 4.32 4.57 5.37 5.63 6.02 6.39 4.85 3.26 3.62 4.38 4.87 4.96 5.21 6.06 7.10 7.56 7.53 7.98 9.33 10.67 14.32 20.99 20.40 13.94 9.13 8.71 9.12 8.16 7.52 7.51 6.58 5.92 5.73 5.11 4.73 4.60 4.54 4.77 5.21 5.47 5.57 5.34 5.13 5.13 4.98 4.71 4.47 4.25 3.99 3.65 3.29 3.05 3.00 2.76 2.97 3.61 3.84 3.82 3.98 4.18 4.09 3.91 3.75 3.43 3.30 3.66 3.97 3.95 4.00 4.01 4.05 4.22 4.44 4.48 4.39 4.62 4.62 4.15
3.94 3.81 3.86 4.03 4.10 4.14 4.32 5.09 5.85 5.84 5.70 5.56 4.51 3.41 3.92 4.54 4.61 4.59 5.18 6.32 7.92 10.09 10.42 10.65 14.72 18.99 20.73 20.59 15.44 9.86 8.16 8.13 8.57 7.68 7.11 7.31 6.57 5.70 5.36 4.81 4.42 4.36 4.46 4.73 5.23 5.72 5.81 5.54 5.29 4.99 4.57 4.26 4.13 4.02 3.78 3.48 3.28 3.28 3.50 3.65 3.87 4.00 3.82 3.65 3.78 3.92 3.83 3.66 3.56 3.41 3.47 3.90 4.20 4.18 4.20 4.21 4.15 4.08 4.21 4.28 4.20 4.51 4.64 4.32
3.90 3.74 3.77 3.91 4.06 4.31 4.82 5.65 5.95 5.73 5.33 5.12 4.98 4.78 5.27 5.17 4.77 5.12 6.06 7.61 11.18 15.18 16.53 17.07 18.16 19.37 17.41 12.79 9.66 7.99 7.54 7.90 8.23 7.50 6.95 6.90 6.30 5.57 4.88 4.46 4.18 4.11 4.42 4.86 5.42 5.91 5.70 5.16 4.79 4.48 4.25 4.04 3.78 3.62 3.45 3.18 3.01 3.19 3.55 3.65 3.64 3.59 3.40 3.36 3.58 3.70 3.61 3.47 3.41 3.35 3.55 4.00 4.28 4.32 4.39 4.47 4.20 4.10 4.38 4.50 4.54 4.82 4.86 4.60
4.00 3.79 3.73 3.82 3.99 4.41 5.14 5.72 5.81 5.53 5.25 5.51 6.10 6.34 6.32 5.71 5.56 6.66 9.30 15.63 19.09 18.10 16.55 15.11 14.22 12.88 10.71 8.62 7.32 6.74 7.06 7.82 7.93 7.09 6.39 6.19 6.02 5.37 4.47 4.18 4.08 4.16 4.62 5.10 5.63 5.94 5.43 4.45 3.97 3.89 3.84 3.74 3.63 3.51 3.33 3.14 3.01 3.15 3.37 3.30 3.22 3.19 3.18 3.31 3.49 3.56 3.45 3.33 3.28 3.28 3.49 3.95 4.27 4.29 4.32 4.45 4.32 4.31 4.64 4.81 5.06 5.26 5.12 4.99
3.82 3.54 3.30 3.35 3.50 3.95 4.66 5.30 5.41 5.27 5.48 6.10 6.45 6.52 6.60 7.06 7.59 9.93 16.25 21.38 18.80 13.60 11.14 9.72 9.66 9.90 9.18 7.65 6.37 6.29 6.89 7.25 6.94 6.17 5.72 5.76 5.70 4.88 4.14 4.13 4.25 4.43 4.82 5.36 5.91 6.03 5.32 4.27 3.94 3.95 3.85 3.59 3.38 3.28 3.16 3.05 3.00 3.05 3.12 3.11 3.10 3.11 3.15 3.26 3.38 3.41 3.30 3.24 3.22 3.24 3.45 3.90 4.27 4.30 4.28 4.53 4.58 4.39 4.58 4.99 5.28 5.37 5.28 5.15
3.89 3.60 3.34 3.35 3.42 3.79 4.36 4.76 4.95 5.07 5.41 5.55 5.39 5.64 6.31 7.94 11.01 15.59 19.61 18.28 12.20 9.39 8.97 8.81 9.30 9.88 8.70 6.87 6.53 6.82 6.81 6.41 5.93 5.56 5.37 5.39 5.30 4.77 4.32 4.42 4.62 4.86 5.37 5.97 6.39 6.14 5.11 4.15 3.99 3.89 3.61 3.31 3.03 2.89 2.84 2.84 2.84 2.88 3.00 3.04 3.01 2.99 3.03 3.14 3.25 3.25 3.24 3.24 3.20 3.22 3.45 3.89 4.22 4.33 4.45 4.82 4.90 4.49 4.66 5.21 5.46 5.48 5.20 4.80
4.12 3.90 3.71 3.67 3.75 4.25 4.58 4.51 4.68 4.85 4.81 4.55 4.46 4.97 6.17 8.34 12.79 16.94 16.40 11.52 9.33 8.97 8.80 8.79 9.43 9.67 7.73 6.75 6.91 6.99 6.77 6.41 5.94 5.44 5.22 5.37 5.56 5.60 5.29 5.19 5.52 5.90 6.33 6.66 6.57 5.66 4.33 3.53 3.46 3.33 2.98 2.77 2.73 2.66 2.60 2.55 2.47 2.53 2.69 2.72 2.65 2.71 2.86 3.04 3.13 3.18 3.26 3.25 3.21 3.21 3.49 3.95 4.12 4.35 4.72 5.13 5.34 4.94 4.89 5.43 5.87 5.66 4.96 4.46
4.04 3.81 3.60 3.67 4.08 4.74 4.95 4.76 4.79 4.80 4.48 4.33 4.49 5.23 6.84 9.01 13.81 16.37 12.94 9.51 9.08 8.98 8.93 9.11 9.53 9.10 7.10 6.24 6.28 5.99 5.90 5.87 5.53 5.29 5.54 6.02 6.43 6.64 6.45 6.46 6.95 7.17 7.09 7.09 6.44 4.68 3.29 2.83 2.80 2.66 2.40 2.37 2.47 2.49 2.44 2.37 2.27 2.26 2.37 2.39 2.45 2.76 2.87 2.96 3.07 3.13 3.24 3.29 3.23 3.26 3.65 4.01 4.06 4.42 4.91 5.40 5.92 5.50 5.10 5.67 6.13 5.60 4.69 4.39
3.93 3.62 3.49 3.86 4.50 4.96 4.93 4.99 5.28 5.38 5.17 5.00 5.05 6.04 7.71 10.95 16.24 16.60 13.06 10.45 9.93 9.66 9.56 9.47 8.99 7.79 6.37 5.83 5.69 5.30 5.07 5.04 4.92 5.35 6.13 6.59 6.81 6.75 6.49 6.86 7.44 7.50 7.39 7.21 6.11 4.22 3.15 2.68 2.28 1.94 1.93 2.06 2.20 2.29 2.31 2.29 2.22 2.26 2.43 2.57 2.85 3.14 3.03 2.97 3.06 3.09 3.23 3.33 3.29 3.46 3.83 4.06 4.19 4.48 4.89 5.63 6.27 5.65 5.17 5.71 5.94 5.27 4.48 4.19
4.20 3.98 4.01 4.38 4.81 4.87 4.84 5.20 5.66 6.02 6.37 6.28 6.53 7.53 10.67 16.56 18.58 16.03 12.50 10.76 10.21 9.71 9.20 8.54 7.38 6.57 6.20 6.06 5.92 5.66 5.35 5.25 5.28 5.75 6.23 6.40 6.46 6.13 6.05 6.75 7.23 7.12 7.03 6.42 4.91 3.92 3.34 2.71 2.01 1.72 1.81 1.95 2.02 2.08 2.13 2.13 2.11 2.26 2.52 2.79 3.10 3.12 2.92 2.91 3.02 3.11 3.20 3.31 3.50 3.78 4.03 4.25 4.38 4.32 4.69 5.66 6.31 5.83 5.22 5.53 5.62 4.89 4.06 3.78
4.25 4.30 4.51 4.78 4.95 4.95 5.08 5.44 5.71 6.09 6.39 6.56 7.10 9.41 15.75 19.32 17.15 13.57 11.19 10.05 9.28 8.30 7.68 6.86 6.06 5.94 6.13 6.30 6.40 6.42 6.16 5.97 6.02 6.08 6.10 6.12 5.83 5.48 6.04 7.10 7.13 6.50 5.99 4.87 3.83 3.41 2.99 2.41 2.01 1.84 1.85 1.91 1.92 1.91 1.93 1.94 2.00 2.25 2.57 2.85 3.02 2.93 2.84 2.88 2.97 3.08 3.08 3.26 3.81 4.17 4.34 4.50 4.49 4.33 4.65 5.53 6.17 6.07 5.39 5.34 5.18 4.41 3.79 3.75
3.98 4.18 4.42 4.53 4.71 4.93 5.13 5.21 5.22 5.40 5.51 5.82 6.48 10.26 17.24 17.29 13.45 11.89 10.39 9.31 8.07 6.68 6.26 6.11 5.89 5.83 6.01 6.45 6.87 6.93 6.60 6.30 6.24 6.13 6.23 6.25 5.72 5.36 6.18 7.23 6.68 5.83 4.98 3.55 2.94 2.57 2.18 1.90 1.76 1.63 1.61 1.66 1.74 1.79 1.83 1.86 1.99 2.42 2.84 3.05 3.07 2.96 2.94 2.96 2.93 2.95 2.95 3.24 4.00 4.45 4.50 4.50 4.64 4.73 4.90 5.40 5.99 6.05 5.59 5.28 4.93 4.33 4.07 4.32
3.68 3.79 3.96 3.97 4.15 4.47 4.55 4.49 4.54 4.83 5.09 5.79 6.80 11.68 17.29 15.47 12.51 11.14 9.33 8.25 7.30 6.17 5.77 5.93 5.84 5.78 6.06 6.79 7.27 6.80 5.84 5.56 5.72 5.97 6.36 6.36 5.82 5.47 6.27 7.19 6.38 5.16 3.76 2.47 1.93 1.55 1.42 1.46 1.42 1.32 1.33 1.41 1.54 1.64 1.72 1.85 2.21 2.81 3.11 3.15 3.09 3.00 2.98 2.88 2.74 2.70 2.79 3.18 3.94 4.53 4.55 4.48 4.72 4.86 4.77 5.13 5.83 5.96 5.66 5.56 5.28 4.64 4.62 5.07
3.53 3.43 3.42 3.48 3.74 3.89 3.72 3.74 4.19 4.91 5.73 6.86 9.12 15.86 18.41 14.86 11.91 9.77 7.72 7.22 7.04 6.26 5.82 5.75 5.50 5.59 6.08 6.96 7.20 6.27 5.37 5.25 5.73 6.10 6.26 6.02 5.50 5.57 6.60 7.26 5.93 3.85 2.45 1.62 1.22 1.05 1.06 1.19 1.21 1.16 1.22 1.36 1.49 1.58 1.71 2.07 2.69 3.14 3.16 3.10 3.05 3.00 2.96 2.73 2.46 2.40 2.60 3.13 3.86 4.57 4.87 4.88 4.96 5.00 4.82 4.87 5.56 5.83 5.55 5.73 5.70 4.91 5.35 5.65
3.70 3.40 3.15 3.49 3.90 3.71 3.38 3.65 4.37 5.19 6.48 8.84 14.37 19.71 17.92 12.41 9.71 8.13 6.86 6.64 6.99 6.53 6.01 5.63 5.34 5.56 6.17 6.79 6.74 5.90 5.43 5.81 6.19 5.97 5.97 5.72 5.47 6.19 7.06 6.72 4.52 2.44 1.57 1.01 0.80 0.77 0.85 1.01 1.05 1.07 1.20 1.41 1.57 1.73 2.11 2.69 3.16 3.23 3.14 3.11 3.03 3.03 2.97 2.62 2.29 2.28 2.64 3.32 4.02 4.61 5.21 5.62 5.53 5.33 5.14 4.96 5.20 5.58 5.44 5.85 6.19 6.24 6.94 6.48
3.88 3.56 3.38 3.85 4.00 3.87 4.09 4.49 4.82 6.00 7.81 11.43 18.79 19.54 13.08 9.01 7.91 7.10 6.40 6.62 7.13 6.89 6.15 5.64 5.54 5.87 6.26 6.45 6.35 5.74 5.56 6.02 6.03 5.84 6.37 6.41 6.22 6.62 6.45 5.05 2.82 1.52 0.97 0.54 0.44 0.50 0.64 0.80 0.87 0.97 1.14 1.37 1.66 2.14 2.80 3.24 3.31 3.22 3.16 3.11 3.08 3.21 3.09 2.79 2.69 2.91 3.32 3.89 4.35 4.86 5.56 6.06 5.90 5.53 5.50 5.09 4.78 5.27 5.60 6.19 7.20 7.64 7.08 6.07
3.96 3.71 3.44 3.49 3.41 3.91 5.01 5.60 5.95 7.90 10.22 15.71 19.57 14.54 8.62 7.49 7.02 6.77 6.78 7.45 7.80 7.38 6.60 6.20 6.15 6.27 6.30 6.10 5.94 5.63 5.66 5.97 6.04 6.38 6.94 6.84 6.55 6.23 5.04 3.14 1.66 0.94 0.59 0.35 0.34 0.40 0.51 0.63 0.74 0.89 1.01 1.21 1.74 2.56 3.21 3.40 3.38 3.32 3.30 3.30 3.44 3.55 3.43 3.43 3.83 4.51 5.10 5.36 5.48 5.96 6.27 6.25 6.26 6.39 6.20 5.10 4.35 4.98 5.86 6.80 8.08 7.72 5.68 4.65
3.94 3.60 3.03 2.91 3.24 4.18 5.14 5.96 7.50 9.15 12.04 18.26 17.86 9.35 6.93 6.92 6.80 7.36 7.87 8.26 8.05 7.44 7.09 7.15 7.20 6.89 6.36 5.71 5.44 5.49 5.71 6.11 6.41 6.63 6.68 6.40 5.99 5.14 3.59 2.05 1.22 0.84 0.63 0.51 0.46 0.43 0.46 0.56 0.67 0.75 0.84 1.30 2.14 2.77 3.20 3.31 3.27 3.39 3.56 3.75 3.91 3.94 3.98 4.23 4.87 5.75 6.33 6.59 6.76 6.84 6.63 6.42 6.96 7.49 6.62 5.13 4.45 4.98 6.11 7.61 8.11 7.08 5.86 5.09
4.24 3.80 3.31 3.29 3.73 4.35 5.08 6.15 7.91 8.97 12.70 16.43 13.04 7.90 7.04 7.08 7.35 8.35 8.72 7.81 7.00 6.75 6.84 7.22 7.45 7.30 6.64 5.87 5.63 5.90 6.24 6.62 6.55 6.19 6.16 5.69 4.59 3.21 2.11 1.47 1.10 0.89 0.73 0.60 0.52 0.48 0.46 0.50 0.53 0.61 1.01 1.96 2.93 3.48 3.65 3.33 3.19 3.46 3.68 3.88 4.09 4.22 4.39 4.70 5.14 5.55 5.87 6.16 6.35 6.35 6.24 6.49 7.35 7.36 6.10 5.19 5.07 5.22 6.50 7.91 7.24 6.52 6.87 5.87
4.73 4.15 4.05 4.15 4.08 4.23 5.18 6.43 7.62 8.23 11.40 15.03 12.07 8.58 7.88 7.46 7.79 8.83 8.27 6.30 5.96 6.25 6.49 6.71 6.53 6.19 6.15 6.41 6.62 6.66 6.72 6.90 6.38 5.73 5.57 4.30 2.52 1.58 1.22 1.08 0.92 0.81 0.67 0.53 0.47 0.45 0.44 0.46 0.53 0.88 1.74 2.80 3.67 4.13 3.84 3.28 3.35 3.54 3.62 3.99 4.46 4.64 4.73 4.83 4.82 4.99 5.43 5.59 5.47 5.46 5.74 6.34 7.15 6.89 5.55 5.09 5.18 5.25 6.65 7.44 6.27 6.74 7.41 5.29
4.70 4.09 4.25 4.64 4.78 4.92 5.68 6.76 7.93 8.21 10.00 15.58 14.95 10.40 8.95 7.99 8.23 8.75 6.91 5.49 5.73 6.10 6.43 6.35 5.72 5.31 5.62 6.39 6.86 6.89 6.79 6.75 6.03 5.21 4.52 2.74 1.27 0.66 0.72 0.78 0.76 0.67 0.54 0.42 0.37 0.38 0.42 0.53 0.84 1.56 2.54 3.37 4.08 4.22 3.70 3.50 3.75 3.90 4.25 4.98 5.31 5.24 5.17 4.97 4.73 4.97 5.39 5.20 4.95 5.12 5.42 6.08 6.90 6.60 5.23 4.56 4.69 5.26 6.65 6.90 6.38 7.66 7.08 3.58
4.32 3.87 4.30 5.02 5.86 6.61 7.08 7.74 8.89 8.91 11.60 17.75 16.21 10.95 9.65 9.15 9.23 8.82 6.89 6.02 6.29 6.27 6.26 5.83 5.45 5.57 5.75 5.87 5.90 5.96 6.18 6.07 5.27 4.14 2.75 1.65 0.74 0.38 0.51 0.61 0.62 0.55 0.46 0.41 0.43 0.51 0.60 0.82 1.39 2.20 2.90 3.62 4.35 4.40 4.22 4.34 4.48 4.75 5.43 5.87 5.73 5.47 5.35 5.32 5.52 5.84 5.78 5.32 5.16 5.34 5.41 5.83 6.61 6.44 5.05 4.10 4.29 5.34 6.26 6.64 7.66 7.88 5.21 2.61
3.87 3.65 4.17 4.93 6.12 7.33 7.85 8.63 9.70 11.58 17.10 18.92 13.42 9.07 8.61 8.77 8.88 8.36 7.70 7.48 7.39 7.01 6.27 5.56 5.45 5.88 5.87 5.72 5.72 5.17 4.60 4.41 3.61 2.37 1.54 1.11 0.65 0.50 0.61 0.62 0.54 0.50 0.54 0.61 0.71 0.80 0.91 1.26 1.98 2.58 3.05 3.86 4.61 4.64 4.59 4.73 4.99 5.51 5.84 5.84 5.54 5.31 5.37 5.77 6.36 6.73 6.85 6.95 7.04 6.92 6.79 6.72 6.87 6.61 5.25 4.37 5.07 6.52 6.94 7.56 8.33 6.12 3.02 1.79
