windninja/windninja_output/Output_2025-10-23_0300-0350_Google earth_Fire_150m_10min/merlingen_7.5mi_point_10-23-2025_0340_150m_ang.asc
ncols	158
nrows	163
xllcorner	391686.332397
yllcorner	5160024.123721
cellsize	150.000000
NODATA_value	-32768.000000
[rows 0 to 44 of 163, columns 0 to 95 of 158]
110 107 105 104 104 106 107 102 99 99 97 89 72 61 64 72 82 87 92 102 110 104 92 90 94 98 98 92 89 90 89 88 87 86 85 89 93 92 92 92 89 88 90 91 94 97 101 103 104 104 104 104 105 106 104 101 97 95 96 98 97 95 92 90 88 86 86 89 94 98 98 96 92 89 89 90 89 89 90 91 90 85 82 84 85 82 78 75 75 72 70 70 69 66 63 63
112 110 108 107 106 105 104 101 99 99 98 91 77 69 71 78 86 93 98 104 109 109 101 95 95 96 97 96 93 91 90 90 89 89 90 91 93 95 96 96 94 94 94 96 99 101 103 105 107 106 105 104 103 102 101 99 97 97 97 98 98 96 95 94 92 91 90 91 94 97 98 96 94 93 92 92 90 90 92 93 90 86 85 84 84 84 82 79 77 75 75 74 73 71 69 68
116 113 111 110 108 105 102 102 103 103 104 101 92 86 84 88 94 100 103 105 108 113 114 105 97 95 97 99 97 94 92 93 93 94 96 96 96 98 99 100 101 101 102 103 105 106 107 108 109 109 107 105 102 99 99 100 101 101 100 99 99 100 99 98 98 97 95 95 95 97 98 97 97 98 97 94 92 93 94 94 90 88 88 87 86 89 90 86 82 82 84 84 82 82 81 80
117 113 112 111 109 109 108 108 110 111 111 110 104 98 95 97 99 102 103 102 105 110 116 113 104 100 99 100 99 98 96 96 97 100 101 101 100 100 101 104 106 107 108 108 109 110 110 109 108 109 109 107 104 102 102 103 103 102 101 100 101 102 101 100 99 99 98 97 97 97 98 98 98 98 97 97 97 96 94 94 92 90 90 90 91 93 95 93 90 90 90 91 92 92 93 94
117 114 112 111 110 112 114 114 114 113 112 112 110 105 103 101 100 101 100 99 101 107 116 120 112 106 104 104 104 103 101 100 102 104 105 104 103 103 105 108 111 112 112 112 112 111 110 109 108 108 107 105 104 103 102 102 102 102 103 102 102 102 102 101 101 101 100 99 98 98 98 98 99 99 98 97 98 98 95 93 93 93 92 93 94 95 99 102 100 98 97 98 102 105 106 108
117 115 113 112 112 114 115 115 113 110 110 114 116 110 106 102 99 97 97 96 98 104 113 122 118 112 109 106 106 106 105 105 105 106 106 106 107 109 111 112 113 114 113 111 110 108 107 107 107 105 103 102 102 102 101 102 103 104 104 104 103 103 103 103 103 103 102 100 99 98 97 98 100 102 100 99 99 100 98 92 92 96 97 96 96 96 99 106 107 107 106 106 109 114 115 115
116 115 115 114 113 114 114 113 110 109 111 116 120 114 106 103 99 96 96 97 99 102 109 120 121 115 111 109 108 109 108 107 106 106 107 109 112 112 112 112 112 111 110 108 106 105 105 105 104 103 102 101 101 101 101 102 103 104 105 106 107 107 106 104 103 103 103 102 101 101 100 100 102 104 104 102 101 101 99 93 94 100 102 100 98 97 99 105 110 112 112 110 110 111 112 112
115 115 115 116 114 112 110 109 108 110 114 120 124 117 107 104 102 99 98 99 100 102 106 115 121 119 115 113 111 110 109 108 106 106 107 109 110 110 108 108 107 106 105 104 104 104 104 103 103 102 102 102 102 101 101 103 105 106 107 109 110 110 108 105 103 103 104 104 103 103 104 104 103 104 105 103 101 99 96 95 98 102 105 104 102 101 103 107 111 114 114 112 110 109 111 114
115 114 114 115 113 111 108 107 108 112 116 122 126 121 110 105 104 103 101 100 101 102 105 111 119 124 120 115 113 111 109 108 107 106 105 105 105 104 103 102 101 101 101 102 102 103 102 102 102 103 103 102 102 101 102 104 106 108 109 109 108 108 107 105 102 102 105 106 104 104 104 103 101 101 102 103 100 97 95 97 100 104 109 111 110 110 110 112 117 121 122 121 118 118 120 119
114 114 113 113 113 111 109 109 111 114 117 121 126 123 112 106 104 105 104 103 103 103 105 109 116 123 123 117 115 114 110 109 108 106 104 102 101 100 99 98 98 99 100 101 101 101 101 101 101 103 103 101 102 103 103 104 106 106 104 102 100 102 104 103 102 103 105 106 104 101 100 100 101 101 101 101 99 98 101 104 105 107 112 115 114 114 115 117 122 127 126 125 124 125 123 117
115 114 113 113 113 112 111 112 113 115 117 120 124 124 115 108 106 106 108 107 106 105 106 109 114 120 124 119 115 114 110 107 107 105 102 100 98 98 98 98 99 99 99 99 98 98 100 99 98 100 101 100 101 103 102 100 98 97 95 93 93 95 98 102 104 105 104 103 101 98 98 100 102 103 101 99 99 103 111 112 111 110 112 116 116 117 118 116 119 122 120 119 121 123 119 114
115 114 113 112 113 113 113 113 114 115 117 119 122 124 118 111 109 108 109 109 108 107 106 107 110 114 117 116 112 110 107 104 104 104 101 98 96 97 99 99 98 98 97 96 95 95 95 94 91 92 96 97 96 96 95 93 90 89 87 85 86 88 93 101 105 104 102 99 99 101 102 102 103 105 106 106 108 112 118 119 116 113 114 117 120 123 121 115 116 121 117 112 113 118 116 111
114 114 113 113 113 113 113 113 114 115 116 118 120 122 118 113 111 110 109 109 109 107 105 103 103 103 106 108 108 106 105 104 103 103 100 97 97 99 99 99 98 97 96 94 93 90 86 83 83 86 90 91 90 89 90 91 89 84 80 78 81 86 92 100 103 102 100 101 106 109 106 103 105 110 116 117 117 117 120 122 120 116 117 118 120 123 120 114 115 122 117 109 108 114 112 106
114 114 114 113 114 113 113 113 113 114 116 117 120 121 117 112 111 112 111 109 108 106 103 99 96 97 101 105 106 105 104 103 103 102 100 98 99 99 99 98 96 94 90 88 86 83 79 76 79 84 87 89 88 87 89 92 91 85 78 78 85 91 97 101 103 101 101 105 112 115 111 108 109 114 119 119 116 114 115 117 118 118 118 115 114 115 115 110 108 114 111 104 102 103 103 99
114 114 114 114 114 113 113 113 113 114 115 116 120 122 118 112 111 113 112 108 105 103 99 96 94 97 101 103 104 103 101 102 103 102 102 101 98 96 94 91 88 83 79 81 83 81 82 83 83 83 86 90 90 91 93 95 97 95 89 89 94 100 104 107 106 105 107 109 114 120 120 115 113 114 116 116 113 110 106 109 114 116 115 111 107 107 107 102 98 98 100 96 91 91 93 94
114 114 114 113 113 113 113 113 113 114 115 116 119 123 121 114 111 112 112 109 105 103 100 97 96 99 103 103 102 103 104 104 104 103 101 97 92 88 84 81 80 78 79 84 87 87 89 92 90 87 90 95 100 101 101 100 102 106 105 101 102 106 109 110 107 107 111 113 115 124 127 119 113 112 113 114 111 107 106 110 113 113 109 105 101 98 95 92 88 87 89 90 88 88 91 93
114 113 113 113 113 113 113 113 113 114 115 116 118 122 123 115 110 109 110 109 106 104 102 100 99 101 103 104 104 105 106 103 99 94 89 87 86 84 82 82 84 87 91 92 92 93 93 94 98 100 100 102 106 106 104 101 101 107 113 109 107 108 110 112 109 107 111 115 117 122 127 121 114 114 117 115 112 110 112 112 110 107 103 98 93 90 86 82 85 90 92 93 91 91 93 94
114 113 113 113 113 113 113 113 113 114 114 115 117 119 120 115 109 107 107 106 105 103 102 102 101 99 100 104 105 104 101 95 88 83 82 85 88 89 90 91 93 95 95 94 93 95 96 99 103 107 108 107 106 104 102 101 102 107 114 113 109 109 110 112 112 110 111 114 116 118 122 125 121 120 121 118 117 115 111 105 100 97 95 90 85 84 83 83 90 99 102 97 94 94 94 94
114 113 113 113 113 113 113 113 114 114 113 114 115 116 117 115 110 106 104 102 101 101 102 102 100 98 99 101 102 99 94 88 83 83 86 88 91 93 94 94 95 96 95 95 95 96 101 106 106 106 107 108 106 104 104 105 106 108 112 113 110 108 109 112 113 112 110 111 113 115 121 128 126 122 122 120 115 109 100 92 91 92 92 90 87 87 89 92 95 101 107 104 99 98 97 95
113 113 113 113 113 113 113 113 113 113 113 113 114 115 114 113 109 105 103 102 101 102 102 102 101 100 100 99 99 97 92 87 85 86 88 90 92 96 98 99 99 98 97 98 99 101 105 108 107 103 104 106 108 109 109 109 109 108 109 110 108 105 107 111 112 111 110 110 114 119 124 129 126 123 124 122 113 102 95 92 94 96 99 100 97 95 94 94 96 101 109 112 104 100 99 98
114 114 114 113 113 113 113 113 113 113 113 112 113 113 113 111 109 106 105 104 104 104 104 103 102 101 100 99 98 97 94 90 88 90 94 96 98 102 104 103 101 100 99 99 102 105 105 105 106 105 104 106 110 113 112 111 109 108 107 107 105 103 106 111 112 113 113 115 118 122 125 126 122 120 123 126 119 109 103 101 102 104 105 106 105 100 97 95 97 102 111 116 107 101 102 103
114 114 113 113 113 113 113 112 112 113 113 112 112 112 112 111 109 108 107 106 106 105 105 104 103 101 100 99 98 97 96 95 95 99 102 103 103 104 104 102 100 99 100 101 103 103 103 105 108 108 107 108 110 112 113 111 110 109 107 105 104 104 107 112 114 116 119 120 120 121 121 119 116 116 120 128 127 117 109 106 106 106 105 108 110 105 100 99 101 105 112 119 111 103 105 107
113 113 113 113 113 113 113 112 112 112 113 112 112 112 111 111 110 109 108 107 107 106 106 105 103 102 100 99 98 98 100 103 104 103 103 103 101 99 99 100 100 100 101 101 101 103 107 109 110 109 108 108 109 110 113 114 113 112 110 105 104 105 107 113 118 121 124 122 119 117 115 114 113 114 120 131 134 123 114 108 106 106 106 109 113 111 109 106 105 107 113 122 114 106 106 109
113 113 113 113 113 113 112 112 111 112 113 113 112 111 111 111 110 110 109 108 108 107 106 105 104 102 99 97 96 99 103 107 106 102 100 99 97 96 97 100 102 102 101 101 104 108 110 109 109 109 108 108 109 110 113 115 115 114 113 108 105 104 107 115 122 125 125 121 114 109 108 109 111 115 122 132 136 126 118 110 105 105 106 108 112 115 116 111 106 107 112 120 113 106 106 108
113 113 113 113 113 112 112 112 111 112 112 112 112 111 111 111 111 110 109 109 108 107 107 106 104 102 98 94 95 100 104 107 106 102 99 97 96 97 100 103 105 105 105 106 108 110 109 106 107 108 108 108 110 112 114 116 116 114 114 111 106 105 110 116 121 122 118 111 103 99 101 108 114 119 123 128 129 125 120 115 108 107 107 107 110 115 117 113 107 107 111 119 112 107 106 108
113 113 113 113 112 112 112 112 112 112 112 112 112 111 111 111 111 110 110 109 109 108 107 107 105 102 96 93 96 100 104 107 108 107 103 99 97 98 102 106 108 109 110 110 109 107 105 105 107 108 109 109 109 111 114 117 117 114 111 110 110 113 116 119 120 119 114 106 97 95 103 112 118 120 124 127 120 121 124 122 117 113 111 109 110 114 119 116 110 109 115 124 115 109 108 108
113 113 113 113 112 112 112 112 112 111 111 111 112 111 111 111 110 110 110 109 109 109 108 108 107 104 98 96 97 99 103 106 108 109 107 102 98 99 104 109 111 112 113 111 109 109 107 107 109 110 110 108 109 111 116 120 119 111 110 114 116 117 118 118 116 113 110 104 98 101 109 116 120 121 127 131 117 116 124 128 123 117 115 113 112 114 119 117 110 110 118 128 120 111 109 109
113 113 113 113 112 112 112 112 112 111 111 111 111 111 111 111 111 110 110 110 110 110 110 110 109 108 105 101 99 99 100 104 108 110 110 107 103 101 104 111 114 114 116 114 113 115 113 109 109 112 113 111 111 114 118 125 124 114 115 119 118 117 116 114 109 105 102 101 103 107 111 115 119 122 130 134 118 112 120 129 127 122 119 116 113 111 112 111 107 107 115 127 125 115 110 110
113 113 113 112 112 112 112 112 111 111 111 110 110 111 111 111 111 111 111 111 111 111 111 112 113 115 114 109 104 101 99 102 107 110 113 116 114 108 108 114 118 118 119 118 118 119 117 112 109 113 118 115 113 115 118 129 132 119 116 118 118 116 114 112 107 103 102 104 108 112 112 115 119 123 130 132 120 110 112 122 128 127 122 116 111 106 104 106 104 103 109 120 125 120 114 113
113 113 113 112 112 112 112 111 111 111 111 110 110 111 111 112 111 112 112 112 112 112 112 113 116 120 120 115 109 104 100 100 105 111 119 128 127 117 114 119 123 122 123 121 121 122 120 118 115 117 122 119 114 113 115 127 133 120 113 114 116 114 109 105 104 103 106 110 110 112 114 115 116 119 127 130 122 110 106 113 124 129 124 115 108 104 105 107 106 102 103 111 120 121 117 114
114 113 113 112 111 112 112 111 111 111 111 110 110 110 111 111 112 112 112 112 112 112 113 115 118 122 122 117 111 105 99 98 104 113 123 134 133 122 118 121 124 123 124 121 121 123 121 120 118 117 118 117 112 108 109 119 123 116 111 109 110 110 102 95 97 103 111 112 107 109 112 110 108 114 127 131 125 114 106 109 120 129 126 117 112 111 112 111 108 102 99 101 108 114 114 112
114 114 113 112 111 112 112 112 111 111 111 110 110 110 111 111 112 112 112 112 113 114 115 116 120 123 123 120 115 108 103 104 108 112 120 133 133 123 119 120 120 119 118 115 116 119 118 116 113 109 109 109 106 102 101 107 112 111 109 106 106 107 99 92 96 107 116 114 107 106 108 107 110 119 130 131 128 118 109 109 117 128 126 120 116 114 112 108 103 99 96 94 96 104 110 112
113 113 113 112 111 112 112 111 111 111 111 111 111 111 111 111 111 112 113 113 114 115 117 118 120 124 125 126 125 121 115 113 111 108 113 128 131 121 117 115 113 113 113 111 111 113 112 110 106 104 104 104 104 101 98 103 110 108 106 104 103 105 102 96 99 108 120 119 109 105 108 114 119 126 133 134 131 123 113 109 113 121 122 120 117 113 109 105 100 98 96 93 94 99 108 115
113 113 113 112 111 111 112 111 111 111 111 111 111 111 111 111 112 112 113 114 114 116 118 120 121 124 126 129 132 127 119 113 110 105 107 123 130 119 113 112 109 109 110 108 107 108 107 104 102 102 102 103 103 101 99 103 110 108 103 99 101 108 114 105 101 106 118 121 112 107 113 120 123 129 134 136 134 128 117 110 108 112 115 118 120 116 111 108 105 101 98 97 99 103 111 120
113 113 113 112 112 112 112 111 111 111 111 111 111 111 111 111 112 113 113 114 115 116 118 120 122 124 126 129 132 127 118 112 109 108 108 118 128 119 111 110 107 105 104 102 102 104 103 100 100 101 101 101 101 101 101 103 108 108 102 96 98 109 123 115 103 102 110 118 117 114 117 121 121 126 131 133 133 128 119 109 104 107 110 114 120 121 113 111 111 106 102 104 106 109 114 121
114 114 113 112 112 112 112 111 111 111 111 111 111 111 111 111 112 112 113 114 115 116 118 120 121 123 126 130 131 126 120 117 115 113 110 112 120 116 108 104 101 97 97 99 100 102 103 102 103 103 102 102 102 104 106 107 108 107 103 97 96 105 122 122 107 101 105 115 120 120 118 115 114 119 125 129 130 123 115 108 104 104 104 105 112 121 117 113 114 113 111 110 109 108 111 118
114 114 113 112 111 111 111 111 111 111 111 111 111 111 111 112 112 113 113 114 115 116 118 119 121 124 127 131 131 127 124 123 119 114 108 105 107 107 100 96 94 95 97 101 103 104 105 106 106 105 104 106 107 109 111 111 109 107 105 100 98 104 118 124 114 104 104 111 118 120 114 107 107 114 123 128 128 121 113 112 110 104 99 97 102 116 123 118 116 119 117 113 109 107 112 121
114 114 113 112 111 111 111 111 111 111 111 112 112 112 112 112 113 113 114 114 115 116 117 119 121 124 128 133 133 128 127 124 118 112 105 101 98 92 90 92 96 99 102 104 105 106 108 109 108 106 108 111 112 111 112 113 112 109 107 104 102 105 115 124 120 108 104 108 113 115 109 105 110 120 127 126 128 129 118 115 116 111 103 97 100 112 127 126 119 120 119 114 110 111 115 122
114 114 113 112 111 111 111 111 111 111 112 112 112 112 112 113 113 113 114 114 115 116 117 119 121 124 129 135 133 126 124 121 117 111 105 100 91 86 91 97 101 104 107 108 109 110 112 114 113 112 113 117 118 114 113 117 118 115 112 110 107 107 113 122 122 111 105 105 107 108 110 116 121 126 129 123 128 138 124 114 119 119 110 104 104 110 125 131 124 121 120 115 112 112 113 115
113 113 113 112 111 111 111 111 112 112 112 112 112 112 112 113 113 114 114 115 115 116 117 118 120 124 128 132 129 122 119 118 117 112 106 97 91 96 98 101 104 107 110 113 113 113 114 117 118 114 114 119 124 123 120 123 126 124 119 115 112 107 106 113 120 112 105 103 104 109 117 122 123 125 126 122 130 147 136 118 119 120 114 109 106 108 119 131 129 123 120 116 112 110 109 111
113 113 113 112 112 112 112 112 112 113 112 112 113 113 113 113 114 114 114 115 116 117 117 118 120 123 126 127 125 120 117 117 117 112 105 99 101 104 103 105 108 111 114 117 117 115 116 120 122 117 114 119 128 129 124 123 127 126 119 112 107 99 95 102 115 113 105 104 107 115 120 119 116 122 124 123 133 155 144 123 116 118 116 112 108 109 119 129 130 124 121 114 108 105 107 111
113 113 113 113 112 113 113 113 112 113 113 113 113 113 113 113 114 114 115 115 116 117 117 118 119 121 123 124 124 122 118 117 117 114 111 110 111 111 111 112 115 116 118 119 120 121 122 123 125 122 116 119 126 128 121 115 116 117 110 102 97 94 95 100 109 113 108 107 114 119 119 114 114 125 126 124 137 158 148 126 116 117 115 113 113 116 123 128 127 124 121 112 103 101 107 114
114 114 114 114 113 113 114 114 113 113 114 114 114 114 114 114 114 114 115 115 116 117 117 117 118 120 121 122 124 123 119 117 118 118 120 122 121 121 121 120 118 116 116 118 122 123 121 118 118 118 114 114 119 121 116 109 105 104 100 95 95 100 104 104 106 113 115 116 119 122 119 116 120 129 128 128 141 161 153 132 121 119 115 115 118 120 122 122 121 121 119 112 103 103 110 120
114 114 114 114 114 114 114 114 113 114 114 114 114 114 114 114 114 114 115 115 116 116 117 117 118 119 120 121 123 122 119 117 118 122 127 130 129 125 123 121 115 112 113 116 117 116 112 110 112 114 113 111 113 116 112 106 101 98 96 96 100 107 110 109 110 115 121 122 123 128 127 124 126 131 130 132 147 165 156 134 123 121 121 120 119 117 111 110 113 116 117 114 108 107 111 119
114 114 114 114 115 115 114 114 114 114 115 115 115 114 114 114 115 115 115 115 116 117 117 117 118 119 120 121 121 121 119 119 120 124 129 132 129 123 119 116 114 112 113 112 110 107 106 110 114 117 115 111 110 111 106 100 97 96 98 102 107 111 114 116 117 118 120 123 126 131 131 127 127 130 129 133 151 169 152 131 124 125 123 118 113 105 102 103 106 110 113 114 111 109 109 111
