windninja/windninja_output/Output_2025-10-23_0300-0350_Google earth_Fire_150m_10min/merlingen_7.5mi_point_10-23-2025_0350_150m_vel.asc
ncols	158
nrows	163
xllcorner	391686.332397
yllcorner	5160024.123721
cellsize	150.000000
NODATA_value	-32768.000000
[rows 0 to 37 of 163, columns 0 to 83 of 158]
5.43 5.49 5.58 5.47 5.52 5.67 5.37 5.21 5.44 5.40 5.18 4.88 5.04 5.98 6.51 6.33 5.88 5.43 5.49 5.72 5.06 4.22 4.66 5.22 5.32 5.05 4.62 4.63 4.95 4.93 4.82 4.85 4.84 4.70 4.75 4.92 4.58 4.38 4.45 4.26 4.27 4.40 4.31 4.31 4.28 4.11 4.09 3.92 3.76 3.81 3.78 3.76 3.80 3.73 3.61 3.58 3.59 3.63 3.64 3.53 3.40 3.40 3.41 3.40 3.41 3.44 3.49 3.48 3.37 3.17 3.01 2.94 2.96 3.02 3.07 3.01 2.94 2.93 2.87 2.74 2.69 2.70 2.79 2.78
5.27 5.53 5.68 5.48 5.60 5.66 5.23 5.17 5.51 5.44 5.08 4.45 4.27 5.23 6.21 6.54 6.25 5.71 5.85 6.03 5.02 3.96 4.22 5.02 5.44 5.20 4.65 4.56 4.83 4.85 4.79 4.83 4.84 4.73 4.74 4.97 4.74 4.51 4.50 4.26 4.23 4.35 4.30 4.40 4.39 4.19 4.21 4.05 3.76 3.70 3.72 3.72 3.76 3.71 3.58 3.55 3.56 3.61 3.68 3.56 3.37 3.33 3.34 3.33 3.29 3.30 3.41 3.51 3.48 3.26 3.01 2.90 2.90 2.96 3.02 2.96 2.92 2.99 2.94 2.72 2.62 2.66 2.75 2.79
5.03 5.59 5.77 5.46 5.65 5.40 4.94 5.21 5.61 5.47 4.83 3.65 3.24 4.22 5.72 6.87 6.85 6.29 6.39 6.24 5.05 3.90 3.77 4.46 5.32 5.33 4.81 4.58 4.63 4.66 4.76 4.82 4.78 4.79 4.82 4.90 4.85 4.72 4.56 4.31 4.26 4.28 4.30 4.53 4.50 4.28 4.27 4.20 3.83 3.59 3.63 3.64 3.64 3.66 3.56 3.50 3.53 3.57 3.66 3.60 3.38 3.24 3.23 3.26 3.16 3.11 3.27 3.52 3.63 3.36 2.99 2.84 2.85 2.92 2.94 2.83 2.84 3.07 3.04 2.68 2.48 2.66 2.74 2.69
5.00 5.58 5.74 5.47 5.57 5.12 4.91 5.58 5.86 5.47 4.44 2.98 2.90 3.93 5.40 7.15 7.29 6.74 6.54 6.13 5.20 4.37 3.79 3.81 4.83 5.22 4.98 4.74 4.49 4.54 4.80 4.88 4.86 4.93 4.89 4.81 4.81 4.79 4.66 4.47 4.38 4.30 4.44 4.65 4.53 4.33 4.23 4.14 3.89 3.69 3.62 3.49 3.50 3.64 3.60 3.51 3.53 3.54 3.57 3.58 3.43 3.22 3.17 3.23 3.15 3.07 3.20 3.52 3.68 3.37 2.95 2.85 2.90 2.91 2.86 2.72 2.73 3.03 3.08 2.64 2.32 2.62 2.81 2.60
5.05 5.44 5.70 5.56 5.54 5.22 5.30 6.00 5.97 5.10 3.79 2.63 2.71 3.86 5.66 7.31 7.53 6.94 6.39 6.08 5.57 4.93 4.03 3.52 4.40 4.91 4.92 4.78 4.45 4.52 4.77 4.97 5.16 5.14 4.87 4.78 4.79 4.84 4.85 4.66 4.44 4.39 4.61 4.69 4.50 4.32 4.15 4.00 3.88 3.79 3.58 3.40 3.45 3.64 3.66 3.57 3.55 3.54 3.52 3.52 3.43 3.22 3.13 3.19 3.14 3.07 3.16 3.51 3.69 3.32 2.97 2.93 2.96 2.89 2.81 2.74 2.73 2.89 2.97 2.65 2.28 2.47 2.81 2.66
5.24 5.42 5.64 5.66 5.68 5.56 5.74 6.12 5.59 4.40 3.39 2.74 2.68 3.92 6.04 7.15 7.43 7.01 6.28 6.08 5.98 5.58 4.48 3.68 4.13 4.58 4.65 4.62 4.46 4.48 4.62 5.01 5.42 5.31 4.92 4.80 4.91 5.01 5.01 4.80 4.53 4.51 4.67 4.60 4.38 4.26 4.11 3.93 3.85 3.73 3.53 3.45 3.50 3.63 3.68 3.64 3.61 3.59 3.53 3.47 3.39 3.21 3.11 3.17 3.14 3.08 3.13 3.49 3.63 3.23 3.01 3.07 3.05 2.84 2.71 2.80 2.86 2.85 2.70 2.54 2.42 2.48 2.70 2.67
5.47 5.57 5.63 5.74 5.89 5.81 5.94 5.89 4.96 3.95 3.42 3.02 2.88 4.08 6.20 6.95 7.04 6.95 6.43 6.13 6.26 6.19 5.15 4.05 4.03 4.24 4.33 4.44 4.41 4.34 4.52 5.11 5.49 5.27 5.08 5.10 5.15 5.16 5.05 4.81 4.60 4.56 4.59 4.47 4.25 4.20 4.08 3.89 3.80 3.60 3.43 3.52 3.60 3.62 3.72 3.73 3.70 3.66 3.53 3.44 3.35 3.14 3.08 3.15 3.17 3.12 3.15 3.45 3.53 3.12 2.99 3.22 3.18 2.78 2.60 2.78 2.97 2.90 2.48 2.36 2.62 2.69 2.61 2.59
5.63 5.73 5.75 5.81 5.95 5.86 5.84 5.48 4.57 3.96 3.68 3.34 3.25 4.26 6.07 6.82 6.59 6.74 6.62 6.22 6.45 6.59 5.74 4.58 4.02 3.84 4.09 4.38 4.25 4.17 4.61 5.22 5.33 5.16 5.30 5.45 5.30 5.13 4.99 4.78 4.63 4.57 4.52 4.40 4.24 4.16 4.03 3.90 3.75 3.49 3.37 3.55 3.59 3.60 3.85 3.90 3.79 3.74 3.58 3.45 3.29 3.01 2.97 3.12 3.22 3.21 3.22 3.40 3.42 3.05 2.95 3.26 3.23 2.83 2.60 2.70 2.97 2.89 2.37 2.30 2.82 2.89 2.54 2.49
5.72 5.84 5.91 5.84 5.81 5.72 5.57 5.20 4.62 4.24 4.01 3.73 3.63 4.30 5.85 6.65 6.43 6.53 6.54 6.35 6.64 6.77 6.20 5.23 4.22 3.65 3.93 4.30 4.04 4.07 4.82 5.20 5.05 5.17 5.55 5.61 5.28 5.02 4.90 4.77 4.67 4.62 4.53 4.41 4.32 4.15 3.98 3.93 3.72 3.36 3.41 3.60 3.44 3.53 4.05 4.12 3.88 3.79 3.65 3.42 3.20 2.93 2.80 2.95 3.18 3.36 3.38 3.36 3.30 3.06 3.02 3.21 3.14 2.89 2.67 2.68 2.89 2.77 2.36 2.43 3.00 3.04 2.51 2.36
5.78 5.88 6.02 5.89 5.67 5.53 5.38 5.20 4.89 4.54 4.35 4.12 3.91 4.26 5.45 6.40 6.49 6.47 6.31 6.44 6.80 6.85 6.60 5.70 4.56 3.76 3.69 4.04 3.96 4.12 5.00 5.10 4.80 5.20 5.65 5.57 5.19 4.89 4.81 4.82 4.77 4.71 4.60 4.44 4.37 4.17 3.94 3.95 3.72 3.26 3.39 3.61 3.36 3.57 4.18 4.31 3.94 3.75 3.64 3.35 3.17 3.02 2.69 2.64 3.09 3.48 3.51 3.35 3.09 3.02 3.17 3.22 3.06 2.85 2.71 2.69 2.81 2.61 2.34 2.66 3.12 3.12 2.59 2.30
5.83 5.94 6.09 5.92 5.62 5.44 5.39 5.36 5.13 4.78 4.63 4.40 4.12 4.19 5.03 6.14 6.57 6.60 6.31 6.45 6.86 6.91 6.80 5.92 4.82 4.07 3.49 3.68 4.03 4.32 4.96 4.93 4.69 5.14 5.51 5.45 5.14 4.79 4.80 4.93 4.87 4.78 4.69 4.46 4.41 4.27 3.91 3.91 3.75 3.28 3.41 3.54 3.39 3.75 4.20 4.37 4.00 3.64 3.55 3.32 3.27 3.17 2.67 2.55 3.16 3.51 3.52 3.27 2.83 2.90 3.27 3.33 3.07 2.78 2.68 2.71 2.82 2.66 2.40 2.74 3.10 3.11 2.76 2.47
5.93 6.02 6.09 5.91 5.64 5.51 5.52 5.49 5.24 4.94 4.82 4.60 4.28 4.14 4.80 6.05 6.64 6.72 6.50 6.49 6.79 6.90 6.82 6.04 5.05 4.20 3.32 3.47 4.07 4.40 4.72 4.75 4.74 5.06 5.25 5.27 5.11 4.84 4.93 4.99 4.83 4.85 4.73 4.42 4.48 4.42 3.95 3.78 3.75 3.53 3.55 3.46 3.42 3.87 4.16 4.28 4.03 3.62 3.43 3.32 3.42 3.33 2.87 2.86 3.31 3.43 3.40 3.08 2.59 2.80 3.28 3.39 3.14 2.73 2.58 2.72 2.89 2.88 2.71 2.76 2.92 2.99 2.89 2.80
6.04 6.09 6.08 5.91 5.73 5.66 5.64 5.51 5.30 5.10 4.96 4.73 4.36 4.11 4.77 6.17 6.73 6.65 6.64 6.68 6.75 6.78 6.65 6.01 5.09 4.11 3.41 3.58 4.11 4.38 4.55 4.70 4.89 4.98 4.95 5.13 5.12 4.99 5.07 4.88 4.76 4.90 4.64 4.36 4.54 4.52 4.07 3.80 3.90 3.94 3.73 3.44 3.47 3.93 4.26 4.17 3.88 3.54 3.32 3.41 3.64 3.53 3.29 3.31 3.35 3.30 3.22 2.92 2.55 2.77 3.13 3.29 3.22 2.78 2.55 2.75 2.94 3.07 2.96 2.72 2.72 2.87 2.97 3.09
6.14 6.15 6.10 5.95 5.84 5.78 5.68 5.52 5.39 5.23 5.05 4.85 4.41 4.15 4.89 6.25 6.90 6.65 6.66 6.85 6.69 6.45 6.26 5.74 4.98 4.23 3.77 3.89 4.20 4.38 4.57 4.79 5.01 4.85 4.68 5.13 5.24 5.10 5.05 4.72 4.73 4.85 4.49 4.33 4.55 4.48 4.07 3.94 4.24 4.35 3.93 3.58 3.53 3.97 4.47 4.21 3.64 3.23 3.11 3.52 3.92 3.83 3.76 3.66 3.34 3.18 3.12 3.07 2.85 2.70 2.86 3.14 3.29 2.97 2.66 2.71 2.94 3.14 3.01 2.73 2.73 2.88 3.02 3.17
6.24 6.21 6.14 6.03 5.93 5.83 5.69 5.58 5.49 5.31 5.16 5.00 4.55 4.28 4.94 6.36 7.18 6.80 6.52 6.71 6.45 5.99 5.80 5.46 4.96 4.51 4.13 4.14 4.29 4.36 4.70 5.00 5.00 4.73 4.65 5.09 5.19 5.11 5.01 4.67 4.65 4.61 4.55 4.56 4.47 4.32 4.01 3.79 4.19 4.62 4.39 3.84 3.61 4.06 4.59 4.36 3.56 2.90 2.83 3.52 4.20 4.22 4.10 3.73 3.32 3.27 3.29 3.39 3.20 2.69 2.62 3.10 3.35 3.06 2.65 2.66 2.90 2.99 2.95 2.95 2.96 2.92 2.98 3.05
6.31 6.28 6.20 6.10 5.95 5.84 5.73 5.65 5.56 5.39 5.30 5.14 4.83 4.51 4.99 6.58 7.34 6.84 6.32 6.29 6.11 5.68 5.43 5.20 5.07 4.88 4.33 4.18 4.38 4.43 4.89 5.23 4.89 4.67 4.72 4.83 4.94 5.11 5.00 4.76 4.65 4.44 4.68 4.94 4.40 4.16 4.26 3.76 3.63 4.40 4.78 4.20 3.85 4.22 4.49 4.45 3.81 2.91 2.74 3.54 4.39 4.57 4.22 3.47 3.29 3.63 3.61 3.60 3.49 2.82 2.58 3.05 3.25 2.88 2.61 2.65 2.72 2.76 2.97 3.27 3.13 2.81 2.84 2.85
6.37 6.35 6.26 6.13 5.99 5.89 5.81 5.71 5.63 5.53 5.47 5.29 5.11 4.82 5.17 6.59 7.21 6.74 6.19 5.96 5.79 5.43 5.10 5.00 5.21 5.14 4.45 4.16 4.47 4.69 5.09 5.14 4.65 4.57 4.69 4.74 4.90 5.06 4.92 4.78 4.69 4.46 4.78 5.04 4.48 4.17 4.42 4.05 3.66 4.21 4.74 4.43 4.17 4.27 4.26 4.30 4.11 3.33 2.91 3.74 4.58 4.71 4.14 3.23 3.26 3.89 3.95 3.79 3.59 3.01 2.65 2.81 2.98 2.77 2.62 2.57 2.48 2.75 3.22 3.41 2.99 2.60 2.67 2.64
6.43 6.41 6.30 6.17 6.06 5.96 5.88 5.79 5.73 5.68 5.59 5.42 5.31 5.17 5.41 6.33 6.90 6.61 6.13 5.82 5.52 5.16 4.88 4.99 5.28 5.17 4.65 4.37 4.55 4.85 5.05 4.77 4.40 4.50 4.76 5.00 5.09 4.98 4.79 4.81 4.82 4.70 4.83 4.85 4.60 4.44 4.38 4.22 4.28 4.56 4.60 4.41 4.28 4.21 4.07 4.12 4.27 3.85 3.38 3.89 4.63 4.69 3.97 3.24 3.34 3.96 4.25 3.97 3.48 3.06 2.83 2.71 2.85 2.82 2.52 2.41 2.48 2.90 3.33 3.16 2.70 2.56 2.54 2.47
6.51 6.46 6.34 6.23 6.13 6.04 5.95 5.91 5.84 5.74 5.65 5.54 5.47 5.44 5.57 6.07 6.57 6.39 5.94 5.66 5.38 5.07 4.89 5.06 5.23 5.10 4.89 4.67 4.57 4.71 4.75 4.45 4.28 4.44 4.85 5.29 5.35 5.03 4.74 4.89 4.93 4.80 4.87 4.74 4.64 4.71 4.57 4.38 4.56 4.78 4.58 4.30 4.15 4.08 4.00 4.09 4.28 4.14 3.86 4.02 4.57 4.58 3.89 3.43 3.55 3.98 4.34 4.00 3.39 3.28 3.15 2.76 2.76 2.74 2.37 2.30 2.44 2.75 3.08 2.89 2.62 2.58 2.43 2.30
6.57 6.51 6.41 6.30 6.19 6.11 6.04 6.02 5.93 5.75 5.68 5.69 5.62 5.57 5.66 5.93 6.20 6.03 5.70 5.56 5.40 5.14 4.98 5.07 5.18 5.10 4.99 4.81 4.57 4.50 4.39 4.21 4.24 4.51 4.99 5.47 5.61 5.23 4.79 4.96 4.96 4.82 4.89 4.76 4.75 4.96 4.99 4.58 4.43 4.78 4.74 4.39 4.11 3.97 4.05 4.14 4.19 4.25 4.20 4.14 4.37 4.45 3.99 3.65 3.74 4.00 4.22 4.00 3.66 3.64 3.29 2.67 2.57 2.58 2.35 2.16 2.13 2.43 2.79 2.83 2.68 2.60 2.42 2.17
6.64 6.60 6.48 6.34 6.24 6.18 6.13 6.09 5.98 5.76 5.73 5.83 5.73 5.63 5.71 5.82 5.87 5.73 5.57 5.57 5.46 5.19 5.02 5.08 5.16 5.08 4.95 4.81 4.57 4.36 4.15 3.99 4.21 4.72 5.22 5.60 5.85 5.48 4.88 4.94 4.92 4.82 4.86 4.86 5.06 5.21 5.12 4.69 4.39 4.71 4.87 4.62 4.27 4.03 4.03 4.03 4.09 4.24 4.34 4.22 4.17 4.42 4.27 3.87 3.89 4.09 4.13 4.13 4.07 3.74 3.01 2.38 2.38 2.54 2.35 1.92 1.83 2.24 2.69 2.86 2.77 2.62 2.44 2.14
6.74 6.68 6.50 6.37 6.32 6.25 6.18 6.15 6.03 5.83 5.81 5.88 5.80 5.69 5.73 5.73 5.66 5.60 5.58 5.59 5.48 5.20 5.05 5.09 5.09 4.99 4.88 4.77 4.57 4.30 4.03 3.80 4.18 5.07 5.44 5.66 5.99 5.60 4.90 4.83 4.82 4.81 4.95 5.13 5.36 5.30 5.10 4.87 4.61 4.70 4.93 4.79 4.46 4.13 3.95 3.94 4.07 4.15 4.21 4.23 4.11 4.45 4.55 4.08 4.10 4.28 4.22 4.29 4.11 3.36 2.54 2.21 2.38 2.64 2.37 1.77 1.62 2.07 2.61 2.92 2.85 2.57 2.45 2.21
6.80 6.71 6.53 6.46 6.43 6.31 6.21 6.17 6.07 5.96 5.89 5.88 5.87 5.77 5.72 5.67 5.57 5.56 5.60 5.58 5.45 5.20 5.07 5.05 4.96 4.88 4.83 4.74 4.57 4.36 4.02 3.73 4.39 5.40 5.60 5.68 5.87 5.57 5.02 4.78 4.72 4.85 5.13 5.38 5.52 5.44 5.26 5.06 4.80 4.68 4.92 4.83 4.51 4.27 4.06 3.99 4.07 4.04 3.87 4.09 4.20 4.54 4.79 4.47 4.53 4.53 4.29 4.16 3.65 2.83 2.31 2.23 2.55 2.84 2.46 1.73 1.45 1.88 2.47 2.86 2.87 2.58 2.53 2.32
6.83 6.75 6.64 6.58 6.48 6.33 6.22 6.16 6.14 6.12 5.99 5.88 5.88 5.84 5.74 5.65 5.55 5.56 5.62 5.54 5.38 5.21 5.07 4.98 4.84 4.77 4.74 4.69 4.65 4.54 4.17 3.96 4.64 5.39 5.60 5.72 5.68 5.46 5.23 4.91 4.74 4.94 5.21 5.48 5.84 5.73 5.25 5.10 4.88 4.67 4.89 4.83 4.56 4.50 4.30 4.04 4.03 3.92 3.59 3.79 4.24 4.69 5.13 5.21 4.99 4.46 3.97 3.60 3.03 2.53 2.30 2.39 2.85 3.06 2.50 1.66 1.38 1.81 2.25 2.57 2.78 2.68 2.62 2.46
6.90 6.83 6.73 6.63 6.50 6.37 6.23 6.19 6.27 6.26 6.08 5.88 5.84 5.90 5.77 5.63 5.57 5.58 5.61 5.48 5.34 5.21 5.05 4.87 4.70 4.61 4.56 4.67 4.96 4.87 4.42 4.29 4.66 5.14 5.52 5.69 5.61 5.55 5.44 5.13 4.87 4.96 5.18 5.74 6.27 5.66 5.02 5.13 4.99 4.76 4.87 4.85 4.73 4.71 4.45 4.08 3.97 3.79 3.43 3.53 4.14 4.95 5.69 5.75 4.88 3.91 3.34 2.89 2.61 2.48 2.44 2.72 3.28 3.16 2.26 1.51 1.48 1.83 2.03 2.20 2.54 2.71 2.62 2.54
6.97 6.89 6.77 6.66 6.55 6.42 6.25 6.28 6.42 6.33 6.10 5.91 5.89 5.91 5.77 5.66 5.65 5.62 5.57 5.46 5.32 5.18 4.99 4.76 4.54 4.31 4.29 4.78 5.43 5.24 4.65 4.60 4.73 4.89 5.33 5.50 5.54 5.89 5.79 5.26 5.03 5.04 5.33 6.15 6.23 5.23 4.94 5.22 5.12 4.95 4.89 4.95 4.92 4.82 4.58 4.13 3.79 3.57 3.39 3.49 4.22 5.52 6.22 5.59 4.27 3.35 2.78 2.39 2.41 2.61 2.84 3.32 3.52 2.90 1.91 1.38 1.72 2.01 1.93 1.97 2.34 2.57 2.46 2.51
7.01 6.95 6.82 6.72 6.61 6.44 6.31 6.43 6.51 6.31 6.09 6.00 5.99 5.88 5.74 5.72 5.73 5.63 5.56 5.48 5.30 5.13 4.91 4.64 4.36 3.93 3.98 5.03 5.79 5.49 4.99 4.98 4.97 4.81 5.01 5.11 5.38 6.29 6.29 5.46 5.19 5.35 5.68 6.19 5.84 4.91 4.96 5.34 5.35 5.08 4.84 5.04 5.07 5.01 4.84 4.01 3.29 3.34 3.57 3.89 5.03 6.35 6.17 4.82 3.64 2.96 2.41 2.12 2.32 2.90 3.57 3.79 3.35 2.54 1.61 1.22 1.85 2.34 2.07 1.96 2.25 2.35 2.23 2.39
7.03 7.01 6.90 6.77 6.65 6.47 6.43 6.57 6.51 6.26 6.12 6.09 6.04 5.88 5.75 5.80 5.79 5.66 5.58 5.47 5.28 5.10 4.83 4.52 4.20 3.60 3.70 5.13 5.93 5.61 5.48 5.55 5.27 4.95 4.84 4.68 5.12 6.47 6.81 5.85 5.33 5.74 5.90 5.90 5.53 4.80 4.85 5.36 5.60 5.13 4.70 5.08 5.27 5.33 4.96 3.46 2.62 3.30 4.12 4.78 5.92 6.46 5.36 3.85 3.10 2.72 2.25 2.05 2.43 3.33 4.10 3.83 2.99 2.19 1.39 1.10 1.82 2.65 2.44 2.07 2.12 2.11 2.10 2.33
7.07 7.05 6.94 6.81 6.70 6.55 6.57 6.64 6.45 6.23 6.17 6.13 6.07 5.96 5.86 5.87 5.85 5.71 5.57 5.46 5.29 5.09 4.80 4.49 4.05 3.37 3.60 5.03 5.75 5.53 5.88 6.20 5.62 5.29 5.08 4.67 5.03 6.37 7.20 6.26 5.63 6.05 5.88 5.71 5.35 4.70 4.68 5.17 5.73 5.35 4.67 5.05 5.45 5.53 4.79 2.89 2.25 3.49 4.81 5.62 6.20 5.84 4.49 3.20 2.71 2.54 2.13 2.10 2.88 3.85 4.25 3.65 2.68 1.93 1.29 1.13 1.73 2.74 2.76 2.25 2.05 1.93 2.02 2.32
7.11 7.08 6.96 6.85 6.78 6.67 6.67 6.60 6.40 6.27 6.21 6.18 6.15 6.09 6.02 5.93 5.88 5.74 5.58 5.48 5.30 5.09 4.85 4.50 3.95 3.41 3.80 4.87 5.22 5.16 5.98 6.69 6.24 6.05 5.90 5.15 5.08 6.43 7.47 6.61 6.05 6.14 5.68 5.60 5.12 4.51 4.63 5.01 5.77 5.57 4.72 4.94 5.42 5.45 4.62 2.86 2.31 3.64 5.27 6.25 6.07 4.89 3.72 2.92 2.58 2.45 2.08 2.27 3.48 4.29 4.16 3.31 2.40 1.82 1.37 1.32 1.85 2.61 2.92 2.62 2.11 1.80 1.87 2.20
7.20 7.14 6.97 6.85 6.88 6.84 6.69 6.54 6.42 6.32 6.24 6.25 6.24 6.20 6.13 6.00 5.91 5.78 5.64 5.52 5.31 5.11 4.91 4.48 3.98 3.75 4.08 4.60 4.60 4.62 5.60 6.86 7.18 7.39 6.86 5.37 5.13 6.58 7.60 6.82 6.18 5.91 5.32 5.34 4.91 4.40 4.74 5.29 5.80 5.42 4.71 4.84 5.12 5.30 4.65 2.96 2.59 3.91 5.55 6.54 5.64 3.85 3.06 2.87 2.77 2.53 2.16 2.50 3.88 4.56 3.85 2.79 2.27 1.92 1.57 1.58 1.83 2.35 2.94 2.95 2.28 1.72 1.69 2.04
7.33 7.20 6.91 6.81 7.06 7.02 6.64 6.50 6.49 6.38 6.30 6.31 6.33 6.30 6.22 6.10 5.97 5.85 5.70 5.51 5.31 5.16 4.92 4.54 4.25 4.11 4.18 4.25 4.04 4.19 5.36 6.95 7.99 8.47 7.29 4.99 4.96 6.87 7.58 6.66 5.92 5.39 4.92 5.02 4.79 4.50 4.99 5.57 5.50 5.00 4.74 4.74 4.76 5.16 4.72 3.14 3.16 4.47 5.77 6.54 5.30 3.22 2.54 2.83 3.15 2.82 2.33 2.65 4.04 4.58 3.40 2.48 2.39 2.13 1.73 1.65 1.72 2.15 2.89 3.12 2.45 1.69 1.62 1.96
7.37 7.20 6.83 6.86 7.30 7.08 6.56 6.52 6.54 6.44 6.35 6.38 6.44 6.38 6.30 6.19 6.04 5.93 5.72 5.49 5.39 5.29 4.95 4.70 4.59 4.35 4.24 3.99 3.60 4.04 5.78 7.50 8.25 8.79 7.56 4.91 5.00 7.03 7.16 6.02 5.55 5.00 4.66 4.87 4.74 4.67 5.19 5.43 5.01 4.83 4.80 4.63 4.57 4.87 4.66 3.55 3.67 4.91 5.95 6.29 4.86 2.90 2.18 2.77 3.55 3.26 2.58 2.75 3.98 4.41 3.24 2.58 2.65 2.24 1.73 1.59 1.65 2.05 2.76 3.14 2.50 1.70 1.71 1.96
7.30 7.15 6.85 7.05 7.41 7.00 6.55 6.54 6.59 6.52 6.42 6.50 6.52 6.43 6.38 6.25 6.10 5.99 5.77 5.58 5.56 5.44 5.06 4.88 4.87 4.60 4.35 3.91 3.57 4.31 6.15 7.62 7.86 8.58 8.27 5.59 5.14 6.67 6.47 5.48 5.34 4.87 4.56 4.82 4.72 4.87 5.25 5.07 4.79 4.87 4.84 4.63 4.52 4.52 4.50 4.06 4.05 4.92 5.85 6.06 4.81 2.85 1.91 2.61 3.77 3.73 2.95 2.81 3.63 4.23 3.49 2.87 2.71 2.14 1.65 1.55 1.66 1.97 2.56 2.95 2.51 1.90 1.94 2.08
7.24 7.10 6.97 7.28 7.41 6.97 6.59 6.55 6.66 6.63 6.54 6.59 6.56 6.50 6.44 6.30 6.18 6.07 5.89 5.76 5.71 5.54 5.23 5.09 5.07 4.80 4.35 3.90 3.69 4.40 6.12 7.31 7.53 8.36 8.80 6.68 5.06 5.84 5.87 5.18 5.13 4.80 4.56 4.71 4.82 5.10 5.09 4.79 4.85 4.92 4.81 4.68 4.51 4.35 4.42 4.47 4.48 4.72 5.35 5.96 5.17 3.10 1.80 2.32 3.73 4.09 3.49 3.04 3.52 4.14 3.61 2.90 2.55 2.01 1.63 1.59 1.71 1.92 2.23 2.56 2.53 2.23 2.21 2.30
7.21 7.11 7.13 7.45 7.39 6.93 6.60 6.58 6.75 6.75 6.66 6.63 6.62 6.57 6.47 6.38 6.29 6.18 6.03 5.90 5.81 5.63 5.43 5.32 5.17 4.82 4.29 3.91 3.69 4.53 6.23 7.07 7.60 8.50 8.85 7.06 4.91 4.96 5.34 4.97 4.86 4.78 4.66 4.68 5.04 5.36 4.92 4.73 4.95 4.90 4.77 4.68 4.54 4.42 4.52 4.67 4.69 4.59 4.84 5.74 5.49 3.50 1.93 2.13 3.40 4.20 4.03 3.60 3.84 3.99 3.23 2.67 2.43 1.98 1.75 1.69 1.67 1.79 1.93 2.14 2.36 2.35 2.41 2.50
7.20 7.19 7.30 7.51 7.28 6.85 6.65 6.66 6.81 6.85 6.77 6.70 6.66 6.60 6.54 6.49 6.40 6.28 6.15 6.01 5.89 5.74 5.62 5.48 5.21 4.81 4.40 3.90 3.80 5.23 6.75 7.24 7.86 8.44 8.32 6.84 5.06 4.58 4.91 4.91 4.75 4.80 4.86 4.83 5.26 5.51 4.92 4.79 4.93 4.81 4.82 4.71 4.59 4.64 4.70 4.65 4.59 4.55 4.66 5.38 5.51 3.90 2.33 2.22 2.96 3.97 4.45 4.30 4.01 3.39 2.57 2.47 2.47 2.13 1.91 1.73 1.55 1.58 1.85 2.06 2.08 2.13 2.38 2.62
7.26 7.30 7.44 7.43 7.08 6.84 6.79 6.75 6.82 6.95 6.91 6.76 6.68 6.68 6.66 6.58 6.48 6.35 6.23 6.12 6.00 5.87 5.76 5.60 5.32 4.95 4.53 3.94 4.40 6.43 7.16 7.22 7.57 7.67 7.58 6.35 4.82 4.54 4.95 5.02 4.88 4.94 5.01 5.07 5.52 5.58 5.00 4.82 4.78 4.85 5.02 4.79 4.59 4.79 4.83 4.55 4.37 4.49 4.63 5.05 5.27 4.20 2.90 2.42 2.60 3.57 4.69 4.80 3.82 2.71 2.27 2.49 2.68 2.33 1.84 1.68 1.51 1.38 1.84 2.16 1.88 1.80 2.11 2.47
