windninja/windninja_output/Output_2025-10-23_0300-0350_Google earth_Fire_150m_10min/merlingen_7.5mi_point_10-23-2025_0330_150m_vel.asc
ncols	158
nrows	163
xllcorner	391686.332397
yllcorner	5160024.123721
cellsize	150.000000
NODATA_value	-32768.000000
[rows 76 to 113 of 163, columns 0 to 83 of 158]
6.53 6.64 6.51 6.02 6.09 6.55 6.45 6.22 6.14 5.94 5.83 5.75 5.60 5.61 5.59 5.39 5.32 5.49 5.49 5.33 5.28 5.31 5.33 5.35 5.04 4.58 4.79 5.31 5.58 5.77 5.84 5.70 5.54 5.42 5.18 4.93 4.92 4.97 4.88 4.75 4.68 4.67 4.65 4.64 4.62 4.59 4.57 4.55 4.52 4.49 4.45 4.41 4.36 4.31 4.25 4.20 4.14 4.08 4.02 3.96 3.90 3.83 3.76 3.70 3.63 3.56 3.50 3.44 3.38 3.28 3.19 3.10 3.00 2.90 2.89 2.95 2.77 2.46 2.57 3.55 4.65 4.52 3.30 1.78
5.86 6.11 6.35 6.24 6.35 6.50 6.22 6.07 6.11 5.98 5.87 5.67 5.54 5.60 5.54 5.30 5.23 5.40 5.34 5.16 5.16 5.21 5.28 5.24 4.74 4.36 4.82 5.35 5.39 5.34 5.44 5.49 5.35 5.34 5.37 5.10 4.96 4.91 4.74 4.62 4.52 4.50 4.52 4.51 4.49 4.48 4.47 4.45 4.43 4.40 4.37 4.33 4.28 4.23 4.17 4.11 4.05 3.99 3.94 3.88 3.82 3.76 3.69 3.63 3.57 3.51 3.45 3.39 3.32 3.23 3.16 3.09 3.02 2.95 2.91 2.88 2.71 2.51 2.76 3.69 4.12 3.16 1.93 1.26
4.91 4.78 5.67 7.04 7.15 6.60 6.21 6.23 6.43 6.26 5.87 5.52 5.45 5.49 5.42 5.24 5.23 5.30 5.14 4.99 5.04 5.13 5.23 5.01 4.33 4.25 4.99 5.34 5.23 4.97 4.97 5.32 5.41 5.44 5.48 5.24 4.92 4.74 4.63 4.54 4.37 4.32 4.37 4.37 4.37 4.37 4.36 4.35 4.33 4.32 4.29 4.25 4.20 4.14 4.09 4.03 3.97 3.92 3.86 3.80 3.74 3.68 3.63 3.57 3.51 3.45 3.39 3.34 3.27 3.20 3.14 3.07 3.00 2.93 2.87 2.81 2.68 2.58 2.81 3.39 3.27 2.00 1.17 1.00
3.27 3.07 4.83 8.00 9.35 8.39 7.07 6.69 6.93 6.47 5.63 5.28 5.31 5.33 5.29 5.20 5.19 5.10 4.88 4.81 4.92 5.05 5.12 4.74 4.07 4.26 5.07 5.35 5.15 4.74 4.73 5.20 5.39 5.40 5.44 5.23 4.79 4.51 4.56 4.50 4.20 4.10 4.21 4.24 4.23 4.23 4.24 4.24 4.25 4.25 4.23 4.19 4.13 4.06 4.00 3.94 3.88 3.83 3.78 3.72 3.67 3.61 3.56 3.51 3.45 3.39 3.34 3.28 3.23 3.17 3.10 3.04 2.96 2.90 2.84 2.77 2.69 2.64 2.77 2.96 2.45 1.46 1.12 1.25
1.63 2.04 4.52 7.85 11.11 11.91 9.06 7.40 7.21 6.23 5.20 4.96 5.08 5.11 5.14 5.11 5.01 4.82 4.64 4.65 4.83 4.94 4.93 4.57 4.04 4.29 5.05 5.28 5.01 4.65 4.71 5.08 5.24 5.29 5.36 5.15 4.61 4.37 4.50 4.43 4.02 3.86 4.02 4.06 4.04 4.08 4.09 4.11 4.18 4.22 4.19 4.12 4.06 3.99 3.93 3.87 3.81 3.75 3.70 3.64 3.59 3.55 3.49 3.44 3.39 3.34 3.29 3.24 3.18 3.12 3.06 3.00 2.93 2.88 2.82 2.76 2.70 2.62 2.65 2.57 2.03 1.56 1.57 1.60
0.94 2.10 5.55 9.05 12.78 11.95 8.20 6.91 6.56 5.57 4.73 4.55 4.72 4.82 4.92 4.88 4.69 4.54 4.48 4.54 4.70 4.77 4.77 4.50 4.02 4.25 4.94 5.08 4.88 4.72 4.79 5.01 5.09 5.09 5.11 4.94 4.51 4.32 4.39 4.31 3.93 3.67 3.76 3.81 3.83 3.91 3.88 3.91 4.13 4.27 4.20 4.11 4.01 3.90 3.83 3.77 3.72 3.67 3.62 3.57 3.52 3.47 3.43 3.38 3.33 3.28 3.23 3.18 3.13 3.08 3.02 2.96 2.90 2.85 2.80 2.75 2.69 2.62 2.58 2.42 2.09 1.90 1.80 1.62
1.40 3.41 7.57 11.99 12.88 8.51 5.21 4.83 4.74 4.36 3.92 3.92 4.27 4.48 4.61 4.54 4.35 4.34 4.38 4.41 4.53 4.62 4.68 4.41 3.96 4.22 4.84 4.92 4.82 4.77 4.74 4.78 4.76 4.70 4.67 4.65 4.49 4.29 4.28 4.19 3.84 3.57 3.61 3.76 3.85 3.93 3.89 3.94 4.30 4.45 4.29 4.11 3.93 3.82 3.74 3.67 3.62 3.58 3.54 3.50 3.46 3.41 3.36 3.32 3.27 3.23 3.18 3.13 3.08 3.03 2.98 2.93 2.88 2.83 2.78 2.73 2.68 2.61 2.54 2.41 2.19 1.98 1.81 1.76
7.79 8.15 10.10 11.29 9.37 5.95 4.11 3.27 2.94 2.84 2.85 3.29 3.77 4.03 4.24 4.18 4.11 4.19 4.26 4.30 4.41 4.51 4.54 4.32 4.02 4.33 4.79 4.79 4.67 4.63 4.56 4.48 4.40 4.33 4.31 4.38 4.41 4.30 4.23 4.03 3.74 3.63 3.76 3.98 4.13 4.24 4.27 4.40 4.65 4.62 4.33 4.07 3.88 3.73 3.61 3.55 3.53 3.50 3.46 3.42 3.38 3.34 3.30 3.25 3.21 3.17 3.12 3.08 3.03 2.99 2.94 2.89 2.85 2.80 2.76 2.72 2.67 2.59 2.51 2.39 2.16 1.98 1.95 2.30
10.57 9.71 8.65 7.47 6.05 4.91 3.46 2.38 2.09 2.12 2.50 2.99 3.28 3.63 3.91 3.94 3.93 4.06 4.20 4.24 4.35 4.40 4.38 4.36 4.27 4.39 4.61 4.54 4.41 4.45 4.39 4.25 4.11 4.01 4.06 4.21 4.32 4.30 4.12 3.89 3.74 3.75 3.84 3.97 4.10 4.18 4.24 4.40 4.48 4.29 4.01 3.84 3.69 3.50 3.40 3.41 3.42 3.41 3.39 3.35 3.31 3.27 3.23 3.19 3.15 3.11 3.07 3.03 2.98 2.94 2.90 2.86 2.82 2.78 2.74 2.70 2.65 2.60 2.53 2.42 2.25 2.20 2.29 2.85
12.31 9.90 6.84 5.98 5.48 4.58 3.10 2.27 2.27 2.42 2.71 2.82 2.95 3.38 3.74 3.82 3.76 3.97 4.12 4.17 4.25 4.25 4.31 4.48 4.42 4.19 4.19 4.20 4.24 4.30 4.16 4.03 3.86 3.73 3.92 4.14 4.19 4.17 4.06 3.95 3.85 3.76 3.75 3.81 3.89 3.94 4.02 4.14 4.11 3.87 3.65 3.47 3.29 3.18 3.20 3.28 3.33 3.33 3.31 3.28 3.25 3.21 3.17 3.13 3.09 3.05 3.01 2.97 2.93 2.90 2.86 2.82 2.78 2.74 2.71 2.68 2.64 2.60 2.56 2.50 2.46 2.56 2.81 3.47
12.83 10.00 6.67 5.86 5.33 4.51 3.23 2.73 2.93 2.99 2.84 2.59 2.80 3.21 3.56 3.62 3.55 3.80 3.97 4.04 4.10 4.07 4.26 4.59 4.47 4.00 3.89 4.04 4.19 4.11 3.88 3.87 3.76 3.68 3.94 4.11 4.03 4.04 4.06 4.02 3.88 3.70 3.65 3.69 3.74 3.80 3.89 3.98 3.94 3.71 3.43 3.22 3.10 3.07 3.08 3.17 3.24 3.25 3.24 3.22 3.20 3.16 3.11 3.07 3.03 2.99 2.96 2.92 2.89 2.85 2.81 2.78 2.74 2.71 2.69 2.66 2.63 2.61 2.60 2.60 2.66 2.91 3.39 4.15
11.86 9.15 6.55 5.79 4.95 4.28 3.48 3.28 3.58 3.43 2.73 2.43 2.84 3.03 3.28 3.37 3.29 3.61 3.90 4.06 4.05 4.01 4.56 5.22 4.87 4.06 3.79 3.95 4.00 3.83 3.68 3.74 3.72 3.70 3.89 3.98 3.87 3.93 4.02 4.01 3.87 3.65 3.52 3.51 3.56 3.64 3.77 3.86 3.81 3.54 3.22 3.09 3.03 3.00 3.02 3.09 3.15 3.18 3.20 3.19 3.15 3.10 3.05 3.01 2.97 2.93 2.90 2.86 2.83 2.80 2.76 2.73 2.70 2.68 2.65 2.64 2.62 2.62 2.64 2.69 2.81 3.10 3.57 4.21
9.98 8.42 6.50 5.59 4.59 4.02 3.85 3.75 3.70 3.44 2.75 2.65 2.96 2.90 3.04 3.05 2.99 3.53 4.04 4.37 4.34 4.58 5.95 6.42 5.14 3.81 3.50 3.65 3.63 3.56 3.54 3.59 3.61 3.58 3.65 3.75 3.70 3.72 3.85 3.92 3.81 3.58 3.41 3.38 3.41 3.53 3.70 3.76 3.67 3.41 3.18 3.06 2.96 2.96 3.01 3.03 3.09 3.15 3.16 3.16 3.12 3.06 2.99 2.94 2.90 2.87 2.84 2.81 2.78 2.75 2.72 2.69 2.66 2.64 2.62 2.61 2.61 2.62 2.65 2.71 2.83 3.03 3.32 3.83
8.40 7.80 6.48 5.21 4.37 3.96 3.92 3.82 3.49 3.46 3.48 3.19 2.91 2.74 2.66 2.54 2.83 3.62 4.44 5.04 5.31 6.45 7.34 6.20 3.96 2.97 2.96 3.21 3.28 3.32 3.39 3.44 3.47 3.44 3.49 3.64 3.55 3.45 3.56 3.73 3.69 3.49 3.33 3.25 3.29 3.41 3.55 3.62 3.55 3.37 3.23 3.11 3.05 3.07 3.05 3.01 2.99 3.02 3.16 3.24 3.15 3.01 2.92 2.87 2.83 2.80 2.78 2.75 2.72 2.69 2.67 2.64 2.62 2.60 2.59 2.59 2.59 2.60 2.63 2.68 2.76 2.87 3.02 3.28
7.90 7.15 5.77 4.71 4.28 3.92 3.67 3.56 3.29 3.77 4.28 3.49 2.65 2.45 2.27 2.23 2.80 3.74 5.06 6.41 7.48 7.99 6.78 4.21 2.58 2.20 2.47 2.84 3.00 3.10 3.22 3.29 3.33 3.30 3.39 3.53 3.40 3.28 3.34 3.53 3.62 3.46 3.26 3.14 3.15 3.22 3.34 3.47 3.47 3.35 3.26 3.20 3.18 3.14 2.98 2.83 2.77 2.97 3.43 3.48 3.15 2.91 2.83 2.78 2.76 2.74 2.71 2.69 2.67 2.64 2.61 2.59 2.57 2.56 2.55 2.54 2.55 2.56 2.58 2.63 2.69 2.76 2.82 2.96
7.46 6.36 5.01 4.66 4.53 4.03 3.53 3.32 3.21 4.04 4.59 3.49 2.37 2.17 2.19 2.36 2.87 3.69 5.38 7.90 8.69 7.29 4.33 2.52 1.76 1.68 2.10 2.54 2.74 2.89 3.05 3.14 3.20 3.20 3.28 3.39 3.29 3.24 3.26 3.35 3.48 3.39 3.22 3.12 3.05 3.05 3.15 3.29 3.38 3.38 3.32 3.25 3.21 3.08 2.80 2.67 2.93 3.46 3.83 3.55 3.01 2.77 2.71 2.69 2.68 2.67 2.65 2.63 2.61 2.58 2.56 2.54 2.52 2.51 2.50 2.50 2.50 2.51 2.53 2.56 2.62 2.67 2.75 2.89
6.83 5.94 4.89 4.80 4.88 4.53 4.14 3.73 3.31 3.93 4.46 3.42 2.34 2.15 2.25 2.63 3.20 4.06 6.35 8.53 7.76 4.12 2.13 1.36 1.10 1.28 1.83 2.27 2.50 2.71 2.90 3.01 3.13 3.16 3.19 3.25 3.22 3.20 3.19 3.20 3.20 3.18 3.16 3.10 2.98 2.89 2.92 3.04 3.24 3.37 3.35 3.30 3.21 2.99 2.76 2.91 3.47 3.78 3.62 3.11 2.68 2.55 2.56 2.59 2.59 2.59 2.58 2.56 2.54 2.52 2.50 2.48 2.47 2.46 2.45 2.44 2.45 2.45 2.47 2.49 2.52 2.57 2.65 2.73
6.51 5.90 5.08 4.96 5.27 5.24 4.79 4.12 3.43 3.62 4.29 3.75 3.01 2.99 3.03 3.53 4.49 5.80 7.63 7.64 4.94 1.42 0.73 0.58 0.69 1.09 1.67 2.08 2.35 2.57 2.72 2.89 3.11 3.14 3.07 3.07 3.10 3.10 3.13 3.08 2.91 2.88 3.04 3.07 2.87 2.71 2.71 2.86 3.15 3.34 3.48 3.52 3.22 2.88 2.76 2.99 3.37 3.29 2.93 2.61 2.38 2.32 2.39 2.48 2.50 2.52 2.51 2.50 2.47 2.46 2.44 2.43 2.42 2.40 2.39 2.39 2.39 2.39 2.40 2.42 2.43 2.46 2.49 2.53
6.60 5.97 5.09 5.08 5.60 5.42 4.45 3.36 2.85 3.47 4.32 4.08 3.63 3.55 3.64 4.35 5.17 6.06 6.75 4.99 2.14 0.69 0.34 0.14 0.45 1.04 1.61 1.97 2.19 2.32 2.49 2.87 3.19 3.13 2.93 2.91 3.01 3.06 3.08 2.98 2.75 2.67 2.89 3.04 2.79 2.66 2.70 2.85 3.16 3.41 3.83 3.86 3.12 2.72 2.70 2.81 2.94 2.84 2.60 2.44 2.30 2.20 2.26 2.36 2.41 2.45 2.44 2.42 2.41 2.40 2.39 2.38 2.36 2.34 2.33 2.33 2.33 2.33 2.33 2.33 2.34 2.35 2.36 2.37
6.61 5.94 5.10 5.21 5.60 5.01 3.76 2.62 2.37 3.13 3.96 3.78 3.10 2.44 2.60 3.66 4.26 4.79 5.37 3.67 1.70 1.51 1.10 0.64 0.63 1.15 1.59 1.86 2.01 2.13 2.52 3.11 3.32 3.03 2.74 2.78 2.94 3.00 2.98 2.89 2.71 2.63 2.80 2.97 2.89 2.86 2.93 3.10 3.42 3.86 4.21 3.74 2.78 2.48 2.58 2.65 2.73 2.70 2.53 2.39 2.29 2.17 2.20 2.30 2.36 2.37 2.35 2.35 2.36 2.36 2.34 2.31 2.28 2.27 2.27 2.27 2.27 2.26 2.26 2.26 2.25 2.25 2.24 2.23
6.35 6.01 5.41 5.25 5.22 4.43 3.38 2.44 2.16 2.46 2.95 3.08 2.44 2.04 2.27 3.20 3.68 4.74 5.14 2.96 2.18 2.19 1.73 1.15 1.06 1.34 1.57 1.77 1.93 2.24 2.85 3.21 3.10 2.76 2.56 2.67 2.85 2.89 2.86 2.80 2.70 2.61 2.69 2.90 3.04 3.11 3.27 3.56 3.91 4.09 3.75 2.95 2.34 2.25 2.41 2.53 2.55 2.51 2.39 2.32 2.24 2.13 2.17 2.26 2.29 2.28 2.29 2.31 2.32 2.30 2.26 2.23 2.22 2.22 2.21 2.21 2.20 2.19 2.18 2.18 2.17 2.16 2.14 2.11
6.46 6.21 5.56 4.90 4.51 4.06 3.39 2.69 2.30 2.15 2.25 2.03 1.65 1.83 2.33 3.12 3.79 4.62 4.66 3.27 2.64 2.40 2.30 1.90 1.57 1.53 1.57 1.72 1.99 2.40 2.79 2.85 2.70 2.52 2.42 2.54 2.73 2.80 2.79 2.76 2.70 2.59 2.58 2.82 3.06 3.12 3.30 3.58 3.67 3.34 2.71 2.34 2.19 2.13 2.26 2.37 2.37 2.32 2.26 2.22 2.13 2.07 2.14 2.20 2.21 2.22 2.25 2.27 2.26 2.21 2.17 2.15 2.15 2.16 2.15 2.14 2.13 2.12 2.11 2.10 2.09 2.07 2.05 2.02
6.94 6.33 5.17 4.22 3.85 3.82 3.38 2.94 2.65 2.30 2.06 1.71 1.37 1.57 2.33 3.18 3.87 4.02 3.30 3.11 2.84 2.49 2.80 2.71 2.08 1.56 1.48 1.65 1.96 2.29 2.50 2.52 2.51 2.44 2.37 2.48 2.67 2.77 2.76 2.72 2.68 2.58 2.54 2.71 2.86 2.90 3.07 3.25 3.08 2.68 2.35 2.25 2.19 2.10 2.17 2.27 2.29 2.26 2.21 2.13 2.02 2.01 2.07 2.12 2.15 2.18 2.20 2.19 2.16 2.12 2.09 2.10 2.10 2.09 2.08 2.07 2.06 2.05 2.04 2.03 2.01 1.99 1.97 1.94
7.12 5.99 4.48 3.71 3.39 3.22 2.88 2.85 2.76 2.42 2.16 1.79 1.40 1.49 2.17 3.05 3.51 3.15 2.69 2.64 2.65 2.98 3.64 3.19 1.84 1.15 1.25 1.52 1.80 2.08 2.29 2.36 2.41 2.42 2.42 2.54 2.69 2.77 2.75 2.69 2.63 2.57 2.54 2.57 2.69 2.85 3.00 3.02 2.81 2.54 2.40 2.32 2.21 2.17 2.20 2.25 2.24 2.22 2.16 2.07 2.00 2.00 2.05 2.08 2.10 2.12 2.12 2.11 2.08 2.04 2.03 2.03 2.03 2.02 2.01 2.00 1.99 1.98 1.97 1.96 1.94 1.92 1.90 1.86
6.03 5.17 4.09 3.58 3.14 2.82 2.60 2.55 2.53 2.35 2.22 1.93 1.60 1.65 2.01 2.72 3.15 2.61 2.10 2.13 2.71 3.83 3.85 2.14 0.87 0.82 1.15 1.40 1.63 1.90 2.13 2.27 2.37 2.46 2.52 2.60 2.66 2.70 2.75 2.69 2.58 2.55 2.50 2.47 2.63 2.81 2.86 2.80 2.66 2.51 2.44 2.34 2.24 2.25 2.27 2.25 2.17 2.16 2.15 2.07 2.03 2.04 2.07 2.09 2.11 2.09 2.08 2.05 2.00 1.97 1.95 1.94 1.94 1.94 1.94 1.93 1.92 1.91 1.90 1.89 1.87 1.85 1.83 1.80
4.75 4.24 3.71 3.35 2.86 2.60 2.52 2.40 2.28 2.19 2.14 1.91 1.64 1.70 1.95 2.40 2.79 2.39 1.78 2.41 3.71 4.02 2.80 1.61 1.12 1.02 1.20 1.36 1.50 1.75 2.05 2.28 2.43 2.54 2.57 2.55 2.55 2.63 2.77 2.71 2.55 2.49 2.43 2.40 2.47 2.57 2.64 2.64 2.56 2.49 2.43 2.33 2.24 2.22 2.24 2.18 2.12 2.18 2.16 2.05 1.98 1.98 2.04 2.12 2.15 2.12 2.07 1.97 1.89 1.84 1.83 1.85 1.87 1.87 1.86 1.85 1.85 1.84 1.83 1.82 1.81 1.79 1.77 1.75
3.77 3.49 3.17 2.92 2.57 2.38 2.35 2.28 2.14 2.02 1.94 1.77 1.50 1.42 1.73 2.26 2.64 2.49 2.22 3.07 3.85 2.76 1.86 1.63 1.34 1.23 1.27 1.35 1.46 1.73 2.08 2.35 2.51 2.59 2.56 2.49 2.49 2.64 2.79 2.67 2.44 2.35 2.35 2.35 2.38 2.51 2.64 2.63 2.54 2.45 2.35 2.27 2.23 2.20 2.21 2.16 2.16 2.19 2.13 2.05 2.01 2.02 2.07 2.10 2.11 2.08 1.98 1.85 1.73 1.67 1.71 1.79 1.80 1.77 1.77 1.76 1.76 1.76 1.76 1.76 1.74 1.73 1.71 1.69
3.01 2.84 2.64 2.47 2.29 2.16 2.11 2.09 2.03 1.89 1.78 1.67 1.40 1.32 1.69 2.23 2.67 2.60 2.52 3.13 3.07 2.09 1.78 1.67 1.44 1.34 1.40 1.42 1.51 1.85 2.16 2.37 2.53 2.57 2.54 2.52 2.54 2.64 2.68 2.55 2.32 2.23 2.28 2.31 2.36 2.47 2.55 2.51 2.39 2.30 2.24 2.23 2.23 2.22 2.25 2.21 2.16 2.12 2.09 2.11 2.13 2.12 2.09 2.08 2.09 2.00 1.87 1.74 1.64 1.61 1.69 1.73 1.67 1.65 1.66 1.66 1.66 1.68 1.68 1.68 1.68 1.67 1.65 1.64
2.40 2.28 2.13 2.07 2.03 1.96 1.90 1.86 1.89 1.83 1.69 1.62 1.49 1.52 1.76 2.12 2.55 2.54 2.39 2.53 2.39 2.07 1.86 1.71 1.47 1.40 1.57 1.62 1.66 1.97 2.19 2.30 2.49 2.56 2.54 2.58 2.57 2.55 2.53 2.45 2.30 2.21 2.22 2.27 2.29 2.30 2.35 2.32 2.22 2.17 2.20 2.23 2.23 2.22 2.21 2.17 2.12 2.09 2.08 2.09 2.07 2.00 1.98 2.04 2.05 1.94 1.83 1.74 1.67 1.68 1.71 1.64 1.53 1.46 1.44 1.48 1.54 1.59 1.60 1.60 1.60 1.60 1.60 1.58
1.89 1.77 1.65 1.71 1.78 1.77 1.72 1.64 1.73 1.81 1.69 1.63 1.63 1.63 1.73 1.94 2.23 2.27 2.09 2.04 1.95 1.87 1.83 1.64 1.48 1.49 1.69 1.79 1.81 2.05 2.19 2.31 2.47 2.52 2.54 2.66 2.68 2.57 2.52 2.46 2.33 2.18 2.17 2.24 2.22 2.20 2.24 2.23 2.18 2.20 2.26 2.28 2.24 2.19 2.14 2.09 2.05 2.04 2.05 2.03 1.94 1.87 1.89 1.94 1.91 1.85 1.81 1.75 1.70 1.71 1.70 1.61 1.52 1.41 1.38 1.45 1.52 1.49 1.44 1.47 1.52 1.55 1.55 1.53
1.43 1.33 1.26 1.36 1.52 1.58 1.52 1.45 1.60 1.81 1.76 1.70 1.72 1.66 1.68 1.76 1.90 1.91 1.76 1.62 1.65 1.81 1.70 1.49 1.50 1.55 1.72 1.82 1.95 2.18 2.34 2.47 2.41 2.33 2.55 2.89 2.89 2.65 2.50 2.41 2.26 2.13 2.15 2.18 2.13 2.14 2.15 2.15 2.16 2.20 2.28 2.28 2.22 2.17 2.13 2.05 1.99 1.96 1.96 1.93 1.87 1.87 1.90 1.90 1.86 1.82 1.76 1.70 1.68 1.68 1.64 1.60 1.60 1.61 1.63 1.65 1.59 1.45 1.38 1.45 1.52 1.52 1.49 1.47
1.10 1.01 0.95 1.06 1.28 1.40 1.39 1.38 1.56 1.89 1.97 1.87 1.72 1.55 1.55 1.56 1.62 1.62 1.45 1.32 1.48 1.80 1.66 1.37 1.44 1.59 1.64 1.73 2.09 2.43 2.55 2.50 2.14 2.09 2.76 3.20 2.98 2.51 2.33 2.29 2.15 2.08 2.13 2.13 2.10 2.11 2.10 2.12 2.14 2.13 2.16 2.14 2.10 2.10 2.08 2.02 1.97 1.93 1.91 1.86 1.84 1.85 1.89 1.90 1.88 1.81 1.73 1.67 1.63 1.62 1.61 1.60 1.63 1.67 1.69 1.67 1.61 1.58 1.60 1.63 1.57 1.47 1.42 1.41
0.98 0.84 0.78 0.95 1.17 1.37 1.59 1.64 1.80 1.96 1.91 1.68 1.39 1.28 1.40 1.46 1.47 1.39 1.19 1.15 1.45 1.86 1.73 1.34 1.33 1.51 1.63 1.71 2.18 2.65 2.57 2.33 1.91 2.02 3.04 3.25 2.70 2.24 2.25 2.31 2.11 2.02 2.09 2.12 2.08 2.07 2.08 2.10 2.09 2.07 2.06 2.04 2.01 2.00 1.98 1.96 1.94 1.93 1.92 1.89 1.86 1.87 1.87 1.83 1.77 1.72 1.68 1.64 1.61 1.61 1.62 1.62 1.62 1.64 1.67 1.68 1.68 1.68 1.66 1.60 1.51 1.42 1.37 1.35
1.04 0.91 0.87 1.16 1.46 1.69 1.74 1.65 1.60 1.55 1.50 1.37 1.14 1.16 1.39 1.52 1.47 1.18 0.99 1.19 1.61 1.90 1.67 1.32 1.28 1.50 1.70 1.72 2.18 2.72 2.51 2.23 1.99 2.19 3.01 2.92 2.31 2.18 2.39 2.27 1.85 1.83 2.05 2.05 1.97 2.00 2.04 2.00 1.97 1.99 2.04 2.05 2.01 1.95 1.91 1.89 1.89 1.92 1.95 1.96 1.95 1.94 1.88 1.76 1.66 1.60 1.58 1.60 1.61 1.59 1.57 1.60 1.67 1.72 1.73 1.73 1.71 1.64 1.53 1.45 1.40 1.38 1.36 1.30
1.22 1.11 1.12 1.34 1.49 1.48 1.32 1.20 1.17 1.17 1.27 1.25 1.09 1.17 1.49 1.71 1.51 1.03 0.92 1.27 1.71 1.87 1.64 1.40 1.40 1.58 1.71 1.82 2.32 2.70 2.48 2.23 2.08 2.26 2.82 2.70 2.34 2.42 2.38 1.97 1.63 1.82 2.00 1.88 1.85 1.95 1.95 1.86 1.87 1.94 1.99 2.01 1.97 1.92 1.89 1.88 1.88 1.89 1.92 1.90 1.88 1.89 1.83 1.71 1.63 1.58 1.54 1.55 1.56 1.57 1.61 1.71 1.79 1.77 1.72 1.66 1.61 1.53 1.45 1.40 1.36 1.34 1.31 1.24
1.33 1.22 1.17 1.18 1.13 1.02 0.94 0.94 0.98 1.00 1.10 1.18 1.16 1.29 1.67 1.89 1.53 1.06 0.98 1.26 1.68 1.89 1.72 1.54 1.50 1.62 1.89 2.17 2.43 2.55 2.41 2.19 2.05 2.27 2.83 2.86 2.63 2.51 2.18 1.75 1.75 1.90 1.88 1.78 1.79 1.82 1.75 1.71 1.78 1.87 1.91 1.89 1.84 1.84 1.88 1.89 1.85 1.85 1.83 1.79 1.78 1.78 1.75 1.74 1.73 1.72 1.66 1.56 1.51 1.55 1.65 1.73 1.73 1.69 1.65 1.61 1.54 1.46 1.39 1.34 1.33 1.32 1.27 1.21
1.31 1.15 0.98 0.87 0.82 0.83 0.84 0.87 0.91 0.90 0.97 1.27 1.44 1.51 1.79 1.93 1.52 1.18 1.18 1.43 1.73 1.94 1.81 1.55 1.48 1.77 2.08 2.31 2.43 2.37 2.25 2.16 2.11 2.46 2.96 2.93 2.65 2.28 1.82 1.64 1.66 1.59 1.60 1.76 1.78 1.69 1.58 1.57 1.65 1.75 1.82 1.80 1.77 1.81 1.84 1.84 1.84 1.85 1.84 1.81 1.78 1.75 1.73 1.76 1.82 1.84 1.80 1.71 1.59 1.54 1.56 1.59 1.62 1.62 1.62 1.59 1.55 1.52 1.49 1.45 1.37 1.33 1.27 1.19
1.37 1.15 0.87 0.74 0.72 0.77 0.81 0.88 0.92 0.90 1.03 1.48 1.71 1.66 1.78 1.88 1.54 1.39 1.66 1.85 1.95 1.98 1.75 1.46 1.45 1.86 2.12 2.29 2.30 2.23 2.17 2.11 2.16 2.56 2.82 2.51 2.06 1.70 1.47 1.38 1.27 1.25 1.50 1.73 1.68 1.53 1.47 1.51 1.58 1.66 1.72 1.73 1.76 1.82 1.82 1.81 1.83 1.85 1.85 1.84 1.82 1.80 1.77 1.78 1.82 1.87 1.89 1.88 1.85 1.78 1.72 1.69 1.70 1.70 1.66 1.61 1.57 1.56 1.59 1.57 1.50 1.37 1.22 1.10
