windninja/windninja_output/Output_2025-10-23_0300-0350_Google earth_Fire_150m_10min/merlingen_7.5mi_point_10-23-2025_0310_150m_vel.asc
ncols	158
nrows	163
xllcorner	391686.332397
yllcorner	5160024.123721
cellsize	150.000000
NODATA_value	-32768.000000
[rows 76 to 113 of 163, columns 0 to 83 of 158]
5.37 5.22 4.77 4.21 4.12 4.33 4.25 4.07 3.95 3.81 3.78 3.68 3.61 3.65 3.55 3.39 3.41 3.56 3.53 3.38 3.38 3.45 3.46 3.48 3.27 2.91 3.05 3.43 3.63 3.90 4.07 4.00 3.87 3.69 3.48 3.21 3.06 3.03 2.93 2.81 2.79 2.82 2.81 2.81 2.79 2.77 2.75 2.72 2.69 2.65 2.61 2.57 2.52 2.48 2.43 2.38 2.34 2.29 2.23 2.18 2.13 2.08 2.02 1.97 1.91 1.84 1.79 1.72 1.66 1.58 1.51 1.45 1.33 1.18 1.11 1.14 1.07 0.91 0.94 1.37 1.89 2.08 2.03 1.73
5.30 5.18 4.91 4.54 4.34 4.29 4.04 3.87 3.82 3.70 3.64 3.50 3.44 3.50 3.43 3.28 3.28 3.40 3.33 3.20 3.26 3.32 3.34 3.33 3.04 2.79 3.09 3.40 3.38 3.47 3.74 3.92 3.79 3.64 3.61 3.31 3.07 2.97 2.81 2.70 2.65 2.67 2.69 2.69 2.69 2.67 2.65 2.62 2.59 2.56 2.52 2.48 2.43 2.39 2.34 2.30 2.25 2.20 2.15 2.11 2.06 2.01 1.96 1.90 1.84 1.79 1.73 1.67 1.61 1.54 1.46 1.39 1.30 1.20 1.12 1.08 0.98 0.83 0.94 1.46 1.82 1.74 1.65 1.54
5.16 4.60 4.64 5.31 5.04 4.37 3.94 3.82 3.84 3.69 3.45 3.25 3.25 3.33 3.28 3.17 3.18 3.23 3.10 3.03 3.13 3.21 3.24 3.11 2.71 2.69 3.21 3.37 3.22 3.11 3.27 3.68 3.73 3.62 3.63 3.40 3.05 2.88 2.76 2.62 2.50 2.50 2.56 2.58 2.58 2.57 2.55 2.53 2.51 2.47 2.43 2.39 2.34 2.30 2.25 2.21 2.16 2.12 2.07 2.03 1.98 1.93 1.88 1.83 1.78 1.73 1.67 1.62 1.55 1.49 1.42 1.35 1.27 1.19 1.11 1.04 0.93 0.82 0.93 1.36 1.60 1.40 1.34 1.42
4.43 3.79 4.25 6.26 6.64 5.44 4.24 3.83 3.90 3.59 3.09 2.93 3.05 3.13 3.09 3.05 3.08 3.01 2.85 2.86 3.00 3.09 3.12 2.89 2.43 2.58 3.20 3.34 3.13 2.87 2.91 3.35 3.58 3.57 3.58 3.40 3.03 2.80 2.77 2.63 2.37 2.33 2.43 2.47 2.47 2.47 2.46 2.45 2.43 2.39 2.35 2.30 2.25 2.20 2.16 2.11 2.07 2.03 1.99 1.95 1.90 1.86 1.81 1.76 1.72 1.66 1.61 1.56 1.50 1.44 1.38 1.31 1.24 1.17 1.10 1.02 0.91 0.81 0.88 1.16 1.27 1.14 1.14 1.26
3.19 3.11 4.10 5.89 7.43 7.13 4.82 3.74 3.71 3.18 2.63 2.59 2.80 2.89 2.90 2.94 2.91 2.77 2.64 2.70 2.86 2.95 2.94 2.71 2.30 2.46 3.06 3.24 3.05 2.77 2.74 3.06 3.28 3.38 3.51 3.36 2.93 2.73 2.79 2.68 2.31 2.17 2.31 2.35 2.36 2.37 2.37 2.37 2.37 2.33 2.26 2.20 2.15 2.10 2.06 2.02 1.98 1.94 1.90 1.86 1.82 1.78 1.74 1.69 1.65 1.60 1.55 1.50 1.45 1.39 1.33 1.27 1.20 1.13 1.07 1.00 0.90 0.80 0.81 0.92 0.94 0.93 0.98 1.06
2.08 2.78 4.24 5.90 7.79 6.96 3.95 2.93 2.96 2.53 2.16 2.22 2.50 2.64 2.73 2.77 2.68 2.56 2.50 2.57 2.71 2.77 2.77 2.58 2.22 2.35 2.89 3.04 2.94 2.76 2.69 2.86 2.98 3.08 3.28 3.27 2.92 2.70 2.73 2.68 2.35 2.11 2.19 2.25 2.26 2.29 2.26 2.27 2.35 2.32 2.18 2.08 2.02 1.98 1.95 1.92 1.89 1.85 1.82 1.78 1.74 1.70 1.66 1.62 1.58 1.54 1.49 1.44 1.39 1.34 1.28 1.22 1.16 1.09 1.04 0.97 0.89 0.79 0.74 0.72 0.68 0.75 0.87 0.91
2.53 3.29 4.89 6.98 7.40 5.00 2.78 2.07 1.90 1.78 1.63 1.83 2.20 2.42 2.54 2.56 2.46 2.40 2.42 2.45 2.52 2.59 2.63 2.45 2.12 2.29 2.73 2.82 2.79 2.74 2.67 2.71 2.74 2.77 2.90 3.04 2.95 2.73 2.64 2.58 2.35 2.13 2.11 2.18 2.21 2.23 2.17 2.16 2.32 2.32 2.12 1.97 1.87 1.84 1.83 1.81 1.79 1.76 1.73 1.70 1.66 1.63 1.59 1.55 1.51 1.47 1.42 1.38 1.33 1.28 1.23 1.18 1.11 1.05 1.00 0.93 0.86 0.77 0.70 0.61 0.52 0.56 0.73 0.80
5.64 5.10 5.56 6.35 5.50 3.86 2.71 1.96 1.56 1.37 1.30 1.59 1.95 2.18 2.33 2.34 2.31 2.30 2.32 2.34 2.36 2.43 2.48 2.33 2.05 2.23 2.57 2.61 2.59 2.62 2.60 2.57 2.54 2.54 2.61 2.75 2.83 2.71 2.59 2.44 2.26 2.13 2.10 2.14 2.18 2.19 2.13 2.12 2.24 2.23 2.05 1.87 1.74 1.68 1.68 1.70 1.70 1.67 1.64 1.61 1.58 1.54 1.51 1.47 1.44 1.40 1.36 1.32 1.27 1.23 1.18 1.13 1.07 1.01 0.96 0.90 0.83 0.75 0.66 0.54 0.42 0.40 0.55 0.71
6.76 5.92 5.04 4.76 4.28 3.64 2.67 1.96 1.69 1.45 1.39 1.53 1.72 1.99 2.16 2.21 2.20 2.22 2.23 2.24 2.27 2.29 2.29 2.24 2.09 2.12 2.35 2.40 2.38 2.46 2.47 2.41 2.37 2.35 2.44 2.57 2.64 2.60 2.49 2.33 2.18 2.08 2.06 2.07 2.10 2.12 2.10 2.10 2.12 2.06 1.95 1.83 1.68 1.56 1.55 1.59 1.61 1.59 1.56 1.53 1.50 1.47 1.43 1.40 1.36 1.33 1.29 1.25 1.21 1.17 1.13 1.08 1.02 0.97 0.91 0.86 0.80 0.72 0.63 0.51 0.36 0.30 0.40 0.61
7.51 6.33 4.76 4.35 4.22 3.70 2.74 2.09 1.89 1.68 1.53 1.48 1.56 1.84 2.07 2.12 2.09 2.15 2.16 2.17 2.20 2.15 2.15 2.18 2.09 1.94 2.04 2.18 2.24 2.30 2.26 2.25 2.18 2.15 2.34 2.49 2.50 2.48 2.37 2.24 2.11 2.01 1.98 2.00 2.03 2.04 2.06 2.08 2.02 1.88 1.80 1.75 1.64 1.52 1.47 1.50 1.52 1.50 1.48 1.45 1.42 1.38 1.35 1.32 1.29 1.26 1.22 1.19 1.15 1.11 1.07 1.03 0.97 0.92 0.87 0.82 0.76 0.69 0.60 0.48 0.32 0.25 0.31 0.57
7.89 6.49 4.74 4.26 4.09 3.66 2.78 2.32 2.19 1.92 1.60 1.40 1.49 1.74 1.98 2.03 2.00 2.09 2.11 2.12 2.11 2.03 2.07 2.15 2.01 1.73 1.76 1.98 2.13 2.12 2.03 2.09 2.01 1.94 2.19 2.38 2.37 2.38 2.34 2.22 2.05 1.87 1.85 1.91 1.95 1.97 2.00 2.01 1.94 1.76 1.64 1.58 1.54 1.48 1.44 1.43 1.44 1.42 1.40 1.37 1.33 1.30 1.27 1.24 1.21 1.19 1.15 1.12 1.09 1.05 1.01 0.97 0.93 0.88 0.83 0.77 0.72 0.66 0.57 0.46 0.31 0.23 0.28 0.59
7.74 6.19 4.63 4.14 3.75 3.44 2.85 2.54 2.49 2.20 1.66 1.37 1.53 1.65 1.84 1.91 1.87 2.04 2.12 2.14 2.04 1.94 2.09 2.23 1.90 1.47 1.52 1.78 1.94 1.92 1.87 1.95 1.89 1.80 1.97 2.15 2.17 2.26 2.34 2.27 2.05 1.78 1.70 1.77 1.84 1.89 1.93 1.93 1.88 1.70 1.52 1.44 1.41 1.41 1.40 1.37 1.36 1.34 1.31 1.28 1.24 1.21 1.18 1.16 1.14 1.11 1.08 1.06 1.03 0.99 0.96 0.92 0.88 0.83 0.78 0.73 0.68 0.62 0.54 0.44 0.31 0.22 0.27 0.50
7.09 5.87 4.46 3.86 3.35 3.16 3.01 2.82 2.67 2.43 1.83 1.47 1.53 1.54 1.67 1.74 1.75 2.01 2.20 2.25 2.05 1.98 2.35 2.31 1.62 1.07 1.25 1.57 1.70 1.75 1.77 1.81 1.79 1.74 1.81 1.91 1.91 2.01 2.20 2.26 2.12 1.83 1.62 1.61 1.68 1.79 1.87 1.86 1.80 1.65 1.47 1.36 1.30 1.31 1.33 1.31 1.30 1.28 1.23 1.18 1.14 1.11 1.09 1.08 1.06 1.04 1.02 0.99 0.96 0.93 0.90 0.86 0.83 0.78 0.74 0.69 0.64 0.59 0.52 0.44 0.33 0.25 0.27 0.42
6.11 5.37 4.24 3.50 3.05 2.90 2.94 2.94 2.76 2.63 2.29 1.72 1.44 1.44 1.48 1.53 1.70 2.03 2.33 2.40 2.21 2.34 2.47 1.91 0.91 0.59 0.98 1.36 1.49 1.61 1.67 1.70 1.68 1.66 1.72 1.78 1.70 1.71 1.91 2.12 2.10 1.88 1.65 1.51 1.53 1.63 1.76 1.82 1.72 1.57 1.44 1.32 1.23 1.20 1.21 1.23 1.26 1.25 1.19 1.09 1.00 0.98 0.99 0.99 0.98 0.97 0.95 0.92 0.90 0.87 0.84 0.81 0.78 0.74 0.70 0.65 0.61 0.56 0.50 0.43 0.35 0.27 0.27 0.37
5.42 4.78 3.89 3.31 2.93 2.67 2.61 2.74 2.71 2.83 2.74 1.93 1.35 1.34 1.35 1.34 1.61 2.05 2.54 2.76 2.66 2.49 1.95 1.06 0.44 0.37 0.83 1.19 1.34 1.48 1.55 1.58 1.60 1.56 1.62 1.70 1.58 1.51 1.63 1.88 1.99 1.85 1.66 1.49 1.43 1.47 1.59 1.71 1.68 1.52 1.39 1.28 1.18 1.11 1.08 1.13 1.21 1.24 1.22 1.02 0.84 0.84 0.89 0.91 0.91 0.90 0.88 0.86 0.84 0.81 0.78 0.76 0.73 0.69 0.66 0.61 0.57 0.53 0.48 0.43 0.36 0.29 0.26 0.31
4.86 4.24 3.61 3.43 3.15 2.62 2.31 2.39 2.57 2.97 3.01 2.16 1.46 1.34 1.33 1.34 1.53 1.95 2.64 3.16 2.75 1.91 1.01 0.71 0.49 0.45 0.79 1.07 1.23 1.37 1.44 1.48 1.51 1.46 1.49 1.58 1.51 1.44 1.43 1.56 1.80 1.81 1.65 1.50 1.38 1.33 1.41 1.55 1.60 1.51 1.34 1.21 1.10 1.00 0.93 1.00 1.13 1.21 1.23 1.02 0.74 0.71 0.79 0.83 0.84 0.83 0.81 0.80 0.77 0.75 0.73 0.70 0.67 0.65 0.61 0.58 0.54 0.50 0.46 0.41 0.36 0.30 0.25 0.26
4.09 3.67 3.32 3.42 3.47 3.04 2.50 2.34 2.63 3.30 3.38 2.48 1.77 1.51 1.38 1.40 1.51 1.84 2.68 3.13 2.37 0.84 0.63 0.72 0.58 0.55 0.80 1.01 1.13 1.26 1.34 1.39 1.43 1.36 1.34 1.42 1.42 1.40 1.33 1.30 1.48 1.68 1.68 1.53 1.35 1.24 1.27 1.38 1.47 1.47 1.32 1.15 1.01 0.88 0.76 0.82 1.03 1.12 1.16 1.05 0.80 0.68 0.71 0.76 0.77 0.77 0.75 0.73 0.71 0.69 0.67 0.65 0.63 0.60 0.57 0.54 0.51 0.47 0.44 0.40 0.35 0.30 0.26 0.24
3.28 3.02 2.81 2.98 3.27 3.20 2.80 2.51 2.63 3.38 3.85 3.25 2.54 2.23 2.06 2.02 1.91 2.07 2.77 2.95 2.17 1.00 0.84 0.78 0.65 0.64 0.81 0.95 1.06 1.18 1.25 1.31 1.34 1.26 1.20 1.26 1.31 1.31 1.26 1.18 1.19 1.39 1.63 1.58 1.36 1.20 1.18 1.23 1.34 1.38 1.30 1.10 0.88 0.76 0.66 0.67 0.87 0.98 1.00 0.98 0.85 0.69 0.66 0.69 0.70 0.70 0.69 0.67 0.65 0.63 0.62 0.60 0.58 0.55 0.53 0.50 0.47 0.44 0.41 0.38 0.35 0.31 0.26 0.23
2.66 2.52 2.38 2.50 2.79 2.79 2.45 2.00 1.82 2.49 3.49 3.54 3.14 2.86 2.72 2.71 2.63 2.65 3.04 2.93 2.28 1.72 1.35 1.01 0.77 0.72 0.81 0.90 1.00 1.09 1.17 1.26 1.27 1.13 1.04 1.12 1.19 1.19 1.17 1.10 1.01 1.08 1.40 1.59 1.42 1.24 1.15 1.14 1.22 1.27 1.27 1.08 0.74 0.66 0.65 0.63 0.73 0.80 0.82 0.83 0.79 0.67 0.62 0.63 0.64 0.64 0.63 0.61 0.59 0.58 0.56 0.55 0.53 0.51 0.49 0.47 0.44 0.42 0.39 0.36 0.33 0.30 0.28 0.24
2.08 2.12 2.17 2.26 2.55 2.47 2.01 1.40 1.03 1.49 2.32 2.72 2.52 2.11 2.01 2.38 2.74 3.06 3.40 2.91 2.24 2.02 1.58 1.11 0.79 0.73 0.78 0.85 0.93 0.98 1.11 1.23 1.19 1.01 0.91 0.98 1.05 1.06 1.05 1.00 0.89 0.84 1.08 1.41 1.46 1.35 1.24 1.17 1.17 1.18 1.21 1.09 0.76 0.64 0.65 0.63 0.64 0.67 0.68 0.70 0.69 0.62 0.58 0.57 0.57 0.57 0.56 0.56 0.54 0.52 0.51 0.49 0.48 0.47 0.45 0.43 0.41 0.39 0.37 0.34 0.32 0.30 0.27 0.25
1.40 1.71 1.99 2.12 2.43 2.43 2.04 1.43 1.00 1.00 1.42 1.84 1.79 1.65 1.72 2.20 2.52 3.15 3.52 2.55 2.00 1.95 1.59 1.11 0.75 0.65 0.67 0.76 0.83 0.86 1.05 1.17 1.10 0.93 0.83 0.87 0.92 0.92 0.91 0.88 0.80 0.70 0.79 1.06 1.26 1.31 1.30 1.25 1.21 1.19 1.17 1.10 0.88 0.69 0.66 0.63 0.59 0.58 0.57 0.58 0.58 0.55 0.53 0.51 0.51 0.50 0.50 0.50 0.48 0.47 0.46 0.45 0.43 0.42 0.41 0.39 0.38 0.36 0.34 0.33 0.31 0.29 0.27 0.26
0.93 1.31 1.73 1.87 2.19 2.39 2.22 1.79 1.34 1.06 1.12 1.14 1.13 1.43 1.69 2.11 2.46 3.04 3.35 2.59 2.04 1.86 1.71 1.20 0.71 0.55 0.54 0.65 0.72 0.77 0.93 1.03 0.98 0.88 0.79 0.78 0.79 0.78 0.77 0.75 0.71 0.62 0.60 0.77 0.95 1.04 1.12 1.16 1.14 1.12 1.08 1.05 0.93 0.75 0.66 0.63 0.57 0.52 0.48 0.47 0.47 0.46 0.45 0.44 0.43 0.43 0.43 0.44 0.43 0.41 0.40 0.40 0.39 0.38 0.37 0.36 0.35 0.33 0.32 0.31 0.30 0.28 0.27 0.26
0.65 0.96 1.40 1.47 1.70 2.01 2.02 1.84 1.61 1.32 1.14 0.94 0.86 1.13 1.61 2.05 2.43 2.67 2.37 2.32 2.18 1.94 1.85 1.31 0.73 0.55 0.53 0.56 0.64 0.73 0.81 0.84 0.82 0.79 0.74 0.70 0.68 0.64 0.60 0.60 0.61 0.55 0.50 0.60 0.75 0.81 0.88 0.98 1.02 1.00 0.96 0.94 0.89 0.77 0.66 0.63 0.59 0.52 0.45 0.42 0.40 0.37 0.36 0.34 0.33 0.35 0.36 0.37 0.37 0.36 0.36 0.35 0.34 0.34 0.33 0.32 0.31 0.31 0.30 0.29 0.29 0.28 0.27 0.26
0.46 0.69 1.06 1.14 1.26 1.41 1.44 1.54 1.54 1.38 1.24 1.06 0.88 1.01 1.49 2.01 2.28 2.05 1.73 1.79 1.96 1.99 1.88 1.49 0.95 0.70 0.59 0.55 0.58 0.67 0.71 0.69 0.66 0.65 0.62 0.60 0.58 0.55 0.48 0.44 0.47 0.47 0.45 0.50 0.63 0.73 0.78 0.86 0.93 0.94 0.91 0.87 0.85 0.80 0.70 0.64 0.60 0.55 0.47 0.42 0.39 0.36 0.33 0.29 0.26 0.27 0.29 0.31 0.32 0.32 0.31 0.31 0.30 0.30 0.29 0.29 0.29 0.29 0.28 0.28 0.28 0.28 0.27 0.27
0.49 0.63 0.92 1.04 1.09 1.11 1.16 1.25 1.29 1.23 1.21 1.08 0.93 1.03 1.32 1.75 2.04 1.75 1.38 1.39 1.57 1.72 1.71 1.33 0.94 0.74 0.62 0.54 0.52 0.58 0.61 0.58 0.54 0.50 0.46 0.44 0.45 0.45 0.42 0.36 0.35 0.39 0.39 0.43 0.54 0.66 0.74 0.78 0.83 0.86 0.87 0.85 0.81 0.80 0.76 0.68 0.62 0.57 0.51 0.44 0.40 0.40 0.38 0.33 0.28 0.25 0.24 0.25 0.26 0.27 0.26 0.26 0.26 0.26 0.26 0.26 0.26 0.27 0.27 0.27 0.27 0.28 0.28 0.28
0.56 0.63 0.86 0.98 0.99 0.99 1.04 1.09 1.08 1.08 1.10 1.03 0.92 1.01 1.20 1.49 1.79 1.60 1.21 1.28 1.45 1.49 1.40 1.14 0.86 0.70 0.61 0.51 0.48 0.50 0.51 0.48 0.42 0.36 0.29 0.24 0.26 0.29 0.34 0.34 0.33 0.35 0.37 0.39 0.46 0.57 0.66 0.72 0.75 0.79 0.82 0.82 0.77 0.74 0.72 0.69 0.65 0.62 0.57 0.47 0.40 0.39 0.40 0.39 0.34 0.30 0.26 0.24 0.23 0.23 0.22 0.22 0.23 0.24 0.24 0.25 0.25 0.26 0.26 0.27 0.28 0.28 0.29 0.29
0.63 0.65 0.79 0.90 0.93 0.92 0.94 0.97 0.98 0.97 0.97 0.94 0.85 0.87 1.09 1.40 1.59 1.50 1.27 1.34 1.46 1.27 1.15 1.05 0.83 0.67 0.58 0.49 0.42 0.41 0.42 0.38 0.31 0.23 0.15 0.06 0.07 0.15 0.24 0.30 0.33 0.36 0.40 0.42 0.45 0.55 0.67 0.74 0.76 0.77 0.78 0.79 0.77 0.73 0.70 0.67 0.65 0.64 0.63 0.58 0.51 0.46 0.43 0.41 0.39 0.36 0.33 0.28 0.23 0.19 0.18 0.20 0.21 0.22 0.23 0.24 0.25 0.26 0.27 0.28 0.29 0.30 0.30 0.31
0.72 0.71 0.75 0.82 0.86 0.87 0.86 0.86 0.89 0.87 0.84 0.82 0.73 0.67 0.78 1.08 1.32 1.30 1.21 1.34 1.44 1.20 1.05 0.97 0.80 0.67 0.58 0.46 0.35 0.33 0.31 0.26 0.18 0.08 0.01 0.10 0.16 0.22 0.27 0.32 0.38 0.42 0.44 0.47 0.50 0.54 0.62 0.71 0.76 0.76 0.75 0.75 0.75 0.75 0.76 0.74 0.70 0.66 0.65 0.64 0.62 0.57 0.51 0.47 0.45 0.41 0.36 0.31 0.26 0.23 0.21 0.21 0.21 0.21 0.23 0.24 0.26 0.27 0.29 0.30 0.31 0.32 0.32 0.33
0.76 0.74 0.74 0.76 0.78 0.80 0.78 0.76 0.77 0.79 0.73 0.69 0.62 0.55 0.60 0.77 1.00 1.05 1.05 1.18 1.24 1.14 1.02 0.90 0.76 0.65 0.57 0.45 0.31 0.25 0.21 0.13 0.06 0.09 0.17 0.25 0.33 0.39 0.42 0.46 0.50 0.52 0.54 0.56 0.57 0.57 0.58 0.63 0.70 0.74 0.74 0.74 0.74 0.73 0.73 0.73 0.72 0.69 0.65 0.63 0.61 0.57 0.54 0.52 0.50 0.46 0.42 0.38 0.35 0.32 0.30 0.26 0.22 0.22 0.22 0.25 0.28 0.30 0.32 0.33 0.34 0.35 0.36 0.36
0.78 0.74 0.72 0.74 0.75 0.73 0.70 0.66 0.67 0.71 0.67 0.59 0.56 0.52 0.54 0.65 0.81 0.88 0.89 0.94 0.95 0.95 0.91 0.82 0.71 0.59 0.53 0.44 0.29 0.17 0.09 0.10 0.19 0.26 0.32 0.44 0.55 0.62 0.66 0.68 0.68 0.67 0.69 0.70 0.68 0.66 0.66 0.67 0.72 0.78 0.82 0.82 0.82 0.78 0.72 0.69 0.69 0.70 0.68 0.64 0.60 0.56 0.53 0.51 0.49 0.47 0.47 0.44 0.41 0.38 0.35 0.32 0.29 0.27 0.28 0.33 0.35 0.35 0.34 0.36 0.38 0.40 0.40 0.39
0.80 0.74 0.69 0.71 0.73 0.72 0.68 0.61 0.60 0.66 0.64 0.55 0.50 0.47 0.47 0.53 0.64 0.72 0.72 0.71 0.72 0.76 0.71 0.67 0.61 0.51 0.46 0.38 0.24 0.11 0.15 0.27 0.33 0.39 0.54 0.74 0.87 0.89 0.90 0.89 0.86 0.84 0.85 0.84 0.80 0.78 0.76 0.75 0.76 0.80 0.85 0.88 0.88 0.86 0.81 0.74 0.69 0.68 0.66 0.64 0.61 0.59 0.58 0.56 0.53 0.52 0.49 0.46 0.43 0.41 0.38 0.36 0.37 0.40 0.43 0.46 0.44 0.40 0.40 0.45 0.47 0.46 0.44 0.43
0.84 0.78 0.70 0.70 0.72 0.71 0.67 0.61 0.60 0.70 0.71 0.62 0.55 0.49 0.46 0.45 0.50 0.56 0.56 0.53 0.55 0.60 0.53 0.46 0.45 0.41 0.36 0.28 0.18 0.19 0.33 0.42 0.41 0.53 0.89 1.16 1.19 1.08 1.06 1.08 1.04 1.02 1.03 1.01 0.98 0.96 0.92 0.88 0.86 0.83 0.82 0.83 0.84 0.85 0.85 0.81 0.75 0.70 0.66 0.64 0.62 0.62 0.62 0.62 0.60 0.56 0.52 0.48 0.45 0.42 0.41 0.41 0.44 0.47 0.50 0.52 0.52 0.51 0.54 0.57 0.56 0.51 0.49 0.48
0.84 0.79 0.73 0.71 0.72 0.76 0.80 0.75 0.73 0.77 0.78 0.67 0.54 0.50 0.47 0.42 0.41 0.43 0.43 0.41 0.40 0.44 0.40 0.29 0.27 0.26 0.23 0.19 0.20 0.33 0.46 0.52 0.52 0.75 1.31 1.50 1.33 1.21 1.30 1.37 1.26 1.20 1.24 1.24 1.19 1.13 1.08 1.04 0.98 0.93 0.88 0.83 0.81 0.80 0.80 0.80 0.78 0.74 0.72 0.70 0.69 0.68 0.66 0.63 0.59 0.56 0.53 0.51 0.48 0.46 0.45 0.46 0.50 0.53 0.57 0.59 0.60 0.63 0.62 0.61 0.58 0.55 0.54 0.52
0.82 0.77 0.73 0.75 0.80 0.84 0.85 0.81 0.71 0.64 0.66 0.61 0.50 0.45 0.44 0.39 0.35 0.34 0.36 0.36 0.31 0.30 0.27 0.19 0.11 0.08 0.10 0.16 0.31 0.49 0.58 0.65 0.70 1.02 1.61 1.66 1.43 1.48 1.70 1.62 1.31 1.31 1.46 1.43 1.33 1.29 1.26 1.16 1.07 1.02 1.00 0.96 0.91 0.84 0.80 0.79 0.80 0.80 0.80 0.79 0.77 0.75 0.71 0.64 0.58 0.56 0.54 0.53 0.51 0.48 0.46 0.52 0.59 0.63 0.66 0.67 0.68 0.67 0.62 0.60 0.60 0.61 0.60 0.57
0.85 0.79 0.76 0.74 0.70 0.64 0.59 0.56 0.51 0.49 0.52 0.53 0.45 0.40 0.39 0.36 0.31 0.28 0.32 0.33 0.28 0.22 0.16 0.11 0.07 0.12 0.18 0.27 0.46 0.68 0.74 0.81 0.88 1.25 1.85 1.91 1.81 1.99 2.00 1.63 1.36 1.56 1.68 1.54 1.47 1.49 1.41 1.26 1.16 1.12 1.08 1.04 0.98 0.92 0.87 0.84 0.82 0.82 0.82 0.79 0.76 0.76 0.72 0.64 0.60 0.59 0.58 0.57 0.54 0.51 0.53 0.62 0.70 0.71 0.71 0.71 0.70 0.67 0.64 0.63 0.65 0.67 0.66 0.60
0.85 0.80 0.73 0.65 0.55 0.47 0.43 0.41 0.41 0.40 0.42 0.42 0.37 0.33 0.36 0.37 0.34 0.29 0.28 0.29 0.28 0.24 0.19 0.17 0.16 0.25 0.35 0.45 0.63 0.82 0.92 0.98 1.07 1.51 2.25 2.45 2.43 2.41 2.11 1.67 1.69 1.84 1.81 1.73 1.70 1.63 1.46 1.31 1.26 1.22 1.16 1.08 0.98 0.93 0.92 0.89 0.85 0.83 0.82 0.79 0.76 0.74 0.71 0.68 0.67 0.68 0.67 0.63 0.59 0.58 0.62 0.70 0.75 0.74 0.75 0.76 0.73 0.69 0.67 0.68 0.71 0.75 0.71 0.63
0.80 0.73 0.62 0.55 0.49 0.44 0.43 0.42 0.39 0.37 0.38 0.40 0.38 0.37 0.38 0.39 0.37 0.34 0.31 0.35 0.41 0.40 0.34 0.27 0.24 0.39 0.53 0.64 0.76 0.89 1.05 1.20 1.35 1.97 2.79 2.97 2.83 2.51 1.98 1.79 1.80 1.71 1.80 2.04 2.00 1.75 1.50 1.36 1.32 1.30 1.25 1.14 1.03 0.98 0.97 0.94 0.91 0.89 0.88 0.85 0.80 0.76 0.74 0.74 0.75 0.76 0.75 0.71 0.66 0.65 0.67 0.73 0.78 0.78 0.80 0.81 0.78 0.75 0.75 0.77 0.79 0.82 0.76 0.66
0.83 0.73 0.59 0.52 0.46 0.42 0.41 0.41 0.41 0.40 0.42 0.45 0.48 0.47 0.44 0.43 0.43 0.46 0.54 0.56 0.56 0.51 0.43 0.34 0.33 0.57 0.73 0.82 0.87 0.97 1.14 1.40 1.77 2.53 3.22 3.07 2.62 2.20 1.87 1.73 1.55 1.57 2.04 2.37 2.14 1.78 1.56 1.48 1.45 1.40 1.32 1.20 1.12 1.09 1.05 1.00 0.96 0.93 0.92 0.90 0.86 0.81 0.79 0.83 0.83 0.82 0.81 0.79 0.79 0.78 0.77 0.82 0.87 0.87 0.86 0.87 0.86 0.83 0.84 0.84 0.88 0.88 0.76 0.67
