windninja/windninja_output/Output_2025-10-23_0300-0350_Google earth_Fire_150m_10min/merlingen_7.5mi_point_10-23-2025_0310_150m_ang.asc
ncols	158
nrows	163
xllcorner	391686.332397
yllcorner	5160024.123721
cellsize	150.000000
NODATA_value	-32768.000000
[rows 104 to 155 of 163, columns 0 to 95 of 158]
35 38 46 53 59 63 66 68 70 73 76 77 80 88 94 91 83 77 78 78 71 64 66 69 69 71 76 82 95 112 124 140 195 276 289 288 289 293 302 312 320 325 328 331 338 345 354 5 12 16 16 15 15 12 10 11 11 9 7 4 3 1 358 355 354 355 353 352 350 346 338 330 317 305 299 298 303 309 313 316 318 320 323 325 327 328 329 330 330 331 331 331 332 333 333 333
35 36 42 49 57 63 67 69 71 75 81 88 94 101 107 106 100 94 89 84 77 72 70 69 70 69 71 78 86 105 154 245 273 283 286 288 293 299 304 310 315 319 321 324 330 336 343 351 0 6 7 6 7 6 4 4 4 3 1 359 358 357 353 348 347 348 348 348 347 341 336 334 326 311 299 294 296 298 298 300 305 311 315 318 320 322 322 323 324 324 325 325 326 327 328 327
35 33 37 45 52 57 61 64 66 71 76 81 85 91 99 104 102 97 92 86 81 80 76 70 68 67 71 74 70 40 313 298 290 282 284 292 300 305 307 310 314 317 318 320 325 329 335 342 348 354 357 359 1 2 1 359 357 356 355 355 353 350 347 344 341 341 342 343 342 338 333 330 327 323 317 310 306 301 297 296 300 305 309 312 314 315 317 318 318 319 319 320 321 321 322 321
32 29 32 39 46 51 54 53 49 52 54 54 59 69 83 93 98 97 94 90 85 83 83 76 69 66 64 55 29 334 311 307 301 285 286 298 308 310 307 308 313 315 317 319 323 327 332 337 341 346 348 351 354 356 357 356 353 351 349 349 347 343 341 340 338 338 338 338 337 334 329 324 320 318 316 313 311 311 310 307 304 304 305 307 309 311 312 312 313 313 313 314 314 315 316 316
28 25 26 32 36 36 34 32 31 37 44 49 55 63 73 82 88 90 90 91 88 84 85 83 74 62 48 21 330 311 307 305 305 288 290 302 311 312 308 310 316 316 315 319 323 325 329 334 339 342 344 345 346 348 351 352 350 347 344 344 343 338 336 335 333 332 333 332 332 330 325 319 314 312 312 312 312 312 312 308 305 304 303 304 306 307 308 308 307 307 307 308 309 310 310 310
26 22 20 22 20 21 24 26 29 38 50 56 57 61 65 67 68 70 73 76 79 83 81 79 71 35 6 327 297 296 303 302 301 289 290 302 310 310 312 317 319 312 312 319 323 324 328 333 337 339 341 342 343 344 344 345 345 343 340 340 340 336 333 333 329 325 325 326 327 327 321 313 311 311 310 311 310 310 309 305 302 302 304 305 304 304 303 303 302 302 302 302 303 304 305 305
23 16 12 12 12 19 27 35 42 48 54 56 53 51 50 49 48 47 51 56 62 68 62 46 340 294 294 297 288 290 298 299 296 287 288 299 308 311 316 322 319 312 312 317 321 323 328 334 336 336 338 340 342 342 341 340 339 337 334 335 335 331 330 331 327 321 318 319 321 322 319 311 309 309 308 307 306 306 306 305 302 301 303 305 303 300 298 297 296 295 295 295 296 297 298 299
17 11 8 9 14 22 31 40 44 45 48 52 46 34 26 25 25 26 32 37 35 29 15 355 324 293 288 291 288 287 292 296 294 287 292 302 311 316 322 325 321 317 316 316 319 322 326 332 334 335 336 338 340 339 337 336 335 331 328 329 329 326 325 327 325 321 317 316 316 317 315 309 305 305 304 303 303 302 302 302 301 300 303 306 306 301 295 291 288 286 285 286 289 291 292 292
17 11 6 9 13 17 23 27 29 31 31 30 22 9 1 4 13 14 9 7 6 5 3 352 321 293 291 290 287 283 283 290 293 290 295 307 316 322 327 325 322 318 312 314 321 325 326 329 331 332 334 338 340 337 333 334 333 330 325 325 326 324 321 321 322 320 317 317 315 313 310 304 300 300 301 301 302 303 302 301 301 301 303 305 307 305 295 288 282 276 277 284 288 290 290 288
21 14 6 7 8 8 11 13 15 15 9 4 1 357 347 345 357 0 353 351 351 354 1 360 318 297 299 297 290 284 280 282 286 290 296 306 315 321 325 323 319 311 306 311 322 328 327 326 328 330 333 338 340 337 332 331 331 328 323 321 323 323 319 315 317 318 316 316 316 316 313 307 303 302 300 299 300 303 303 302 301 302 304 303 304 304 295 287 281 279 286 293 295 292 289 284
22 15 6 1 1 1 0 360 1 358 347 342 348 352 340 331 340 349 347 342 339 341 350 350 326 314 312 306 297 293 285 278 282 289 296 303 308 315 320 322 316 308 307 312 321 327 328 330 330 331 333 338 340 337 332 329 329 327 321 318 320 322 318 313 314 315 314 314 314 316 315 309 303 302 300 298 299 301 302 301 300 302 306 306 307 308 297 290 291 293 298 302 300 292 284 281
21 14 4 358 356 356 356 355 349 337 327 327 338 346 332 321 331 345 347 338 329 331 338 338 331 324 322 317 309 309 304 288 282 286 295 303 308 313 317 318 314 311 313 317 322 328 333 336 334 332 334 338 340 339 333 328 326 325 320 315 316 319 315 310 311 314 313 310 310 311 311 307 301 299 299 297 296 298 300 301 298 300 307 310 311 314 306 299 299 300 302 305 302 293 288 289
18 11 1 356 352 350 351 352 344 328 320 323 334 338 319 313 326 347 351 341 333 332 332 332 332 330 329 319 307 316 320 306 290 286 293 303 311 317 316 314 313 315 318 320 322 329 334 335 333 332 334 339 343 343 336 328 323 322 318 312 312 314 312 307 307 311 311 308 306 307 308 307 302 298 297 296 295 295 296 297 294 296 304 311 312 315 311 304 302 302 303 305 304 299 297 298
15 9 359 353 348 344 342 341 334 327 320 323 332 330 310 304 318 342 347 339 333 329 326 325 328 332 339 330 317 319 321 310 301 298 302 309 315 320 317 315 318 320 321 321 322 327 331 333 333 333 336 342 347 348 342 329 321 319 316 310 309 311 310 306 306 308 309 306 305 305 306 307 304 300 298 298 297 294 293 295 294 296 303 309 310 312 312 307 304 304 306 307 308 304 300 299
18 10 358 348 342 339 335 328 323 321 318 322 331 324 305 296 304 327 336 334 327 321 317 316 318 324 333 331 329 331 328 323 319 313 313 320 326 328 322 321 324 326 324 321 320 324 329 334 336 337 340 346 351 353 348 333 321 317 314 309 307 309 309 306 306 307 308 305 302 301 303 305 304 301 298 298 299 297 294 296 297 298 302 307 308 309 311 308 305 307 310 312 312 305 299 297
23 13 357 344 335 333 328 318 312 311 310 315 327 321 304 292 295 313 326 327 322 314 309 309 310 312 317 320 325 330 329 329 325 317 316 322 331 336 333 334 335 331 327 322 322 325 329 333 336 339 342 348 354 357 353 336 321 314 312 308 306 307 306 304 303 303 303 302 298 296 298 301 302 301 298 296 297 298 296 295 294 295 300 305 306 307 309 308 307 309 312 315 314 305 298 299
24 14 355 341 332 329 318 308 305 307 304 306 321 324 309 292 290 302 319 323 320 313 305 302 301 303 306 310 314 317 319 321 319 314 313 317 326 333 337 344 345 340 334 331 331 332 333 335 339 342 344 349 357 1 357 341 322 312 310 307 303 303 300 293 287 283 285 291 292 291 293 297 299 299 298 295 294 295 294 292 292 293 298 303 305 308 310 309 308 309 311 314 314 303 300 305
24 12 351 341 340 336 322 310 306 307 302 298 313 327 316 296 286 293 310 320 318 309 302 298 296 298 301 306 309 309 309 309 310 310 310 312 319 322 331 343 346 344 336 333 333 334 336 340 346 347 347 350 357 4 3 347 323 311 308 303 298 292 281 268 259 262 271 281 288 289 289 292 294 297 298 297 294 293 293 293 294 296 300 304 306 310 313 311 309 308 311 314 313 304 303 308
18 4 344 339 340 339 332 321 312 311 302 295 308 327 318 298 282 282 295 306 307 303 299 295 291 292 296 302 304 304 308 309 307 310 308 307 314 313 320 333 340 341 331 324 323 324 329 340 349 350 350 349 357 7 6 350 324 309 303 295 284 269 258 255 258 267 274 283 291 290 287 287 290 293 296 297 295 293 294 295 296 298 303 308 310 314 317 315 312 310 313 317 310 301 302 308
11 355 337 332 331 329 326 320 313 313 303 296 306 327 317 295 278 269 273 284 292 295 294 290 287 289 292 295 300 304 311 311 306 308 307 305 311 312 312 327 336 338 331 319 314 314 319 332 344 350 348 348 359 11 8 353 322 299 289 278 262 254 261 268 273 277 279 282 288 292 288 285 286 288 292 296 298 297 296 297 299 301 306 311 313 315 319 318 312 311 315 318 309 301 304 310
7 351 334 330 327 321 317 312 307 309 301 295 305 322 313 294 278 264 260 270 280 287 292 292 289 286 287 296 305 311 318 313 307 308 307 302 307 312 310 321 333 338 335 319 310 311 316 326 341 347 347 350 3 13 12 2 325 289 277 270 262 269 277 281 282 282 280 278 280 285 286 283 282 285 289 294 299 300 298 298 300 299 302 309 312 315 321 319 310 310 314 318 311 304 307 314
359 347 335 332 329 323 317 312 306 307 299 290 295 308 302 292 281 268 262 268 277 285 290 289 289 290 298 310 315 322 328 317 307 307 307 300 303 310 310 316 328 337 338 320 307 306 312 324 338 344 347 353 7 16 19 11 335 296 285 285 287 286 286 286 284 281 279 276 273 274 279 280 281 285 288 292 296 298 297 296 296 295 295 302 308 314 323 319 311 312 316 319 312 306 309 318
353 344 333 331 328 323 316 311 308 306 298 285 284 297 298 298 293 279 273 273 278 290 298 299 305 312 318 321 326 334 337 323 308 306 307 301 300 306 309 312 321 334 337 325 307 303 310 324 338 345 348 354 9 22 26 20 343 300 289 292 295 290 286 283 280 278 276 273 270 269 273 279 283 286 288 291 294 296 295 294 294 294 294 298 305 315 324 320 313 312 317 320 312 307 312 320
353 342 330 329 328 324 317 312 310 307 301 288 285 293 300 307 308 298 292 292 302 310 316 321 320 320 324 328 331 338 342 329 313 308 306 300 297 300 305 307 313 325 331 328 311 301 305 321 338 347 349 355 15 30 34 28 346 296 287 287 287 283 279 277 276 275 273 271 270 268 269 274 280 284 287 291 295 298 298 299 299 298 297 298 305 318 329 327 321 317 319 319 312 311 315 321
354 340 328 327 326 322 314 310 309 309 306 299 295 295 298 307 309 304 306 313 318 319 319 322 321 316 315 318 327 335 338 332 320 313 306 296 294 296 299 301 304 313 321 326 317 302 299 313 332 341 346 358 22 36 40 33 343 295 284 279 277 275 275 275 274 273 272 270 269 269 269 269 273 279 283 286 293 298 298 300 302 302 301 302 305 316 327 328 326 324 324 322 317 316 317 320
354 340 324 322 321 314 307 303 304 306 308 305 298 293 293 298 307 308 311 314 318 319 314 309 305 303 307 315 321 327 331 330 325 320 310 297 290 290 291 292 297 303 310 318 319 308 300 309 325 333 344 1 31 45 47 35 329 290 279 275 275 274 273 273 273 272 271 270 270 269 268 268 269 273 278 282 288 294 294 295 298 300 301 301 302 307 315 318 319 320 322 322 322 324 324 323
359 344 325 321 320 311 302 297 296 300 302 300 293 286 285 291 300 306 311 314 316 318 315 308 300 299 305 313 317 322 325 328 330 328 320 303 290 286 288 290 292 297 303 310 318 316 308 312 321 326 344 12 48 60 55 28 313 283 275 274 273 272 271 271 271 271 271 271 271 269 268 268 269 270 274 280 287 292 293 293 296 298 299 297 296 300 304 306 306 307 311 313 319 327 330 331
2 345 328 323 322 315 307 300 295 295 294 291 288 286 287 290 292 297 305 310 315 318 319 315 304 299 305 312 315 322 326 329 336 336 328 315 299 292 293 294 295 300 304 307 314 320 319 318 313 315 340 41 70 73 60 9 291 274 271 269 267 268 270 270 270 270 270 271 271 270 269 270 270 270 273 279 286 294 295 294 297 302 302 298 296 295 297 301 302 302 303 303 307 318 326 331
1 344 328 322 319 316 314 308 300 297 298 296 294 293 293 294 291 291 294 302 310 317 321 321 311 299 297 305 309 315 321 327 337 342 334 324 314 303 301 301 302 306 308 308 312 321 328 323 308 303 332 91 93 88 72 296 274 269 267 265 265 269 271 270 270 270 270 271 272 272 272 272 271 271 274 277 284 295 299 296 299 305 307 304 299 297 299 303 301 298 298 298 297 302 310 315
3 345 328 321 316 316 316 313 305 303 308 311 306 300 299 301 299 296 296 301 309 318 324 324 317 302 291 293 298 303 309 316 330 337 334 329 320 311 306 302 302 307 310 310 314 324 331 328 307 282 196 135 121 122 227 260 264 266 267 267 269 272 273 271 270 270 271 271 273 275 275 275 275 274 273 276 282 292 299 297 297 304 309 307 302 300 302 302 299 294 293 293 290 289 291 294
3 344 330 323 316 315 317 315 310 305 309 318 314 306 306 307 305 302 301 303 309 319 324 324 323 312 296 291 294 300 305 310 318 326 329 329 323 316 309 301 298 303 308 309 315 324 330 333 308 239 198 170 161 191 235 245 255 265 268 270 271 271 270 270 270 269 270 270 275 279 280 279 279 276 273 273 278 287 296 296 295 299 305 305 303 301 301 301 299 294 290 287 283 278 280 286
356 340 329 324 316 315 316 315 312 305 303 309 310 304 303 305 305 302 301 302 305 315 320 321 325 323 309 295 293 300 307 311 315 319 324 326 326 322 311 302 299 299 300 304 310 311 316 335 262 216 211 196 197 222 235 241 256 266 270 271 271 269 269 270 269 269 268 268 274 282 286 285 283 281 278 275 275 281 291 295 294 294 297 301 303 303 302 302 299 293 286 281 277 273 274 278
348 335 325 321 315 313 313 312 309 301 294 294 300 296 295 298 300 300 301 300 298 305 313 317 324 327 318 304 295 298 307 313 314 316 321 325 330 329 312 300 298 297 293 296 296 286 278 211 167 207 214 206 217 233 238 246 261 270 273 274 273 271 271 270 269 267 266 267 270 278 287 289 287 288 286 279 276 277 283 291 294 294 296 300 305 308 306 304 301 296 289 282 276 272 268 270
345 332 321 316 308 306 307 305 301 297 294 294 301 296 293 295 299 300 300 295 291 296 306 313 322 329 324 311 301 297 301 305 307 311 316 325 334 336 312 297 297 298 289 280 268 253 232 186 182 206 212 217 232 240 243 256 269 275 277 276 274 272 272 270 267 265 264 265 267 272 281 289 290 290 290 284 279 277 278 282 292 299 299 302 310 313 306 301 300 301 298 289 279 273 272 285
346 332 319 311 303 301 300 298 297 297 298 301 306 302 299 300 302 299 295 289 286 291 299 306 316 325 326 315 305 299 297 296 300 306 311 319 333 338 316 299 295 295 282 264 246 231 215 191 195 210 219 232 241 245 253 268 278 280 279 277 275 273 271 269 265 263 263 265 267 270 276 287 293 294 296 292 283 278 276 278 285 297 300 306 314 313 307 305 310 316 317 303 285 277 283 298
350 336 322 313 305 300 298 298 298 298 300 304 306 304 302 302 301 297 293 286 283 287 293 300 308 316 321 317 309 306 304 298 297 301 303 311 325 332 320 302 292 282 265 247 230 222 213 200 204 218 232 243 246 254 268 281 285 283 280 278 276 275 273 269 263 263 266 269 271 272 276 284 295 301 302 301 291 280 278 278 283 295 306 314 323 322 320 324 330 339 341 325 300 291 295 301
354 341 324 316 309 303 301 304 303 300 304 304 303 302 301 299 296 296 297 291 286 286 290 294 300 308 315 317 314 313 313 303 296 295 298 308 321 324 318 303 284 264 248 232 222 221 215 207 215 230 239 246 254 267 279 286 287 284 282 280 278 278 278 274 270 271 274 277 278 278 281 285 293 301 305 308 300 286 282 283 287 294 306 318 328 329 328 333 346 359 355 331 313 304 302 304
360 340 320 315 310 305 303 307 307 303 305 303 299 298 298 295 293 294 300 301 295 291 290 292 295 301 307 314 315 315 317 309 301 297 297 305 318 321 318 304 270 247 236 223 220 222 216 216 227 235 239 248 264 279 286 288 288 286 284 283 283 284 284 286 287 287 288 288 287 287 288 287 289 299 310 316 307 291 286 287 288 289 294 307 319 324 328 341 5 15 350 318 308 302 298 297
9 341 313 311 310 307 303 305 304 301 298 297 296 292 292 291 291 293 300 306 304 298 296 296 298 300 302 307 309 310 315 315 310 302 296 299 312 319 317 296 246 236 229 221 222 223 219 224 232 234 238 253 270 284 291 292 290 288 288 288 288 288 291 296 298 297 295 295 293 290 289 288 289 298 315 325 316 297 289 290 290 284 286 300 313 320 327 352 27 17 322 303 299 294 287 284
16 349 314 310 312 306 303 303 300 297 289 288 289 288 289 292 293 294 298 305 305 301 299 298 300 303 303 303 304 306 311 314 315 308 296 293 301 306 293 232 229 233 228 223 223 223 223 227 231 234 246 262 274 286 297 302 295 291 291 291 290 291 295 299 300 296 293 292 291 288 285 286 287 293 309 328 322 305 292 293 295 288 291 304 317 322 335 13 41 357 306 295 292 289 284 283
18 354 322 312 310 304 300 301 297 296 286 278 280 290 292 293 292 293 295 297 297 297 297 295 296 300 303 303 305 308 309 311 316 315 298 287 280 261 209 205 220 228 226 224 222 223 227 229 232 243 259 271 278 286 297 309 304 296 293 294 296 297 298 300 298 293 291 291 289 287 285 284 284 286 298 319 322 310 294 291 295 293 297 308 317 318 345 38 39 328 296 286 285 286 288 289
13 350 325 316 312 305 301 298 297 300 289 280 285 298 299 296 292 290 288 286 288 291 293 292 292 295 302 304 306 309 308 307 313 315 298 278 259 225 200 207 218 222 223 222 222 226 231 232 240 255 267 274 279 284 293 308 313 308 302 302 305 305 302 301 299 295 292 292 289 288 288 285 281 282 290 304 313 309 295 289 292 297 302 311 314 316 1 48 24 308 282 276 278 285 290 293
357 339 326 322 316 310 305 300 301 304 296 293 297 307 310 306 300 295 289 284 285 287 287 287 287 291 297 301 303 307 305 302 308 311 292 266 242 217 205 211 217 218 220 223 227 232 234 239 252 263 269 274 279 284 293 306 319 319 310 307 310 310 306 305 305 302 298 297 296 294 293 290 283 280 285 293 299 302 298 291 295 302 306 308 306 315 10 45 20 295 278 278 282 287 292 294
336 328 323 321 315 310 306 298 298 303 303 302 302 309 312 310 303 299 298 295 291 289 285 281 282 286 289 293 297 303 303 292 289 292 275 253 236 221 214 214 217 219 223 229 235 238 240 249 261 267 270 273 278 284 291 302 318 324 316 309 311 312 310 309 309 307 305 307 308 306 305 302 294 287 287 293 296 302 307 303 300 303 299 293 299 311 4 53 23 293 286 289 291 290 290 293
322 317 314 314 311 307 305 300 297 301 304 302 298 301 307 306 299 296 299 298 294 291 286 279 277 282 288 293 296 302 303 288 274 266 257 248 239 229 219 214 218 225 231 236 241 244 249 259 267 269 270 272 275 280 289 299 312 323 320 315 314 315 314 311 310 308 307 308 310 311 311 312 305 297 294 299 302 308 317 313 302 292 279 282 298 310 19 63 350 297 294 296 296 291 289 297
318 313 310 310 307 310 314 309 299 297 298 294 291 294 299 303 299 292 291 294 293 290 287 282 277 277 286 295 298 299 303 289 271 259 252 249 242 231 218 215 223 234 239 244 248 252 259 266 269 269 270 271 273 278 288 299 308 319 322 319 319 319 317 313 312 310 307 305 304 304 305 308 308 302 299 301 303 308 315 309 293 273 266 274 284 299 62 26 321 303 298 297 296 289 291 302
314 312 313 311 307 314 322 312 297 291 289 287 284 285 290 296 297 292 288 288 290 290 289 287 279 273 274 283 288 285 285 278 265 256 253 250 242 230 221 223 232 243 248 251 254 260 269 274 273 272 271 270 273 278 287 298 307 315 320 322 323 322 318 316 314 312 309 305 302 299 298 302 307 305 302 299 298 300 303 292 276 258 256 257 254 241 335 322 313 302 296 293 293 289 295 308
305 304 308 307 303 310 319 306 294 289 290 287 279 275 278 283 289 292 289 285 285 285 287 286 280 271 263 261 269 269 263 262 259 255 253 249 241 233 229 232 241 251 256 259 263 269 275 279 277 275 274 273 274 278 285 295 305 313 318 323 329 326 320 317 315 314 312 309 307 302 300 306 314 312 305 294 287 284 290 282 258 236 240 243 243 255 294 309 310 303 298 293 292 294 304 315
302 301 301 298 292 294 302 301 296 292 290 287 280 272 269 272 279 286 287 282 277 277 281 284 280 270 259 253 254 257 253 245 246 248 248 246 245 241 240 247 255 261 265 269 274 276 277 280 282 281 280 279 277 278 283 292 302 310 317 323 332 332 322 317 314 314 314 313 311 305 301 308 320 316 306 292 279 271 273 257 221 217 230 242 251 269 292 304 312 312 310 303 296 299 307 319
302 302 300 296 289 284 291 297 297 291 286 284 282 275 266 263 266 269 271 271 272 274 276 279 280 274 263 254 246 242 235 231 237 241 242 243 248 248 252 260 267 271 273 277 282 282 279 281 286 286 285 284 280 278 281 289 300 310 316 320 331 335 327 320 315 314 315 313 310 304 299 306 318 315 307 293 279 266 250 212 200 213 234 250 260 272 287 300 309 314 315 311 300 298 305 318
301 301 300 297 296 292 290 292 293 286 280 279 280 280 270 260 256 252 249 253 262 269 270 272 277 278 270 258 246 233 225 229 236 240 243 249 256 263 269 273 277 279 279 281 286 291 288 286 288 290 290 290 284 279 280 289 300 310 314 315 327 335 331 325 319 315 314 312 309 301 296 303 313 312 307 295 280 262 227 197 200 223 247 259 267 275 283 293 301 308 313 311 300 294 298 319
299 299 299 298 301 300 291 284 278 275 274 274 273 273 273 264 255 247 241 240 247 255 261 262 266 272 271 259 244 229 224 227 233 239 246 255 267 281 288 289 290 291 292 292 294 299 299 293 292 292 293 294 291 284 284 290 300 309 311 315 324 334 335 329 322 317 315 314 310 302 300 307 311 309 304 294 280 258 214 199 211 237 259 273 280 283 285 291 301 309 308 307 302 295 298 317
