windninja/windninja_output/Output_2025-10-23_0300-0350_Google earth_Fire_150m_10min/merlingen_7.5mi_point_10-23-2025_0350_150m_ang.asc
ncols	158
nrows	163
xllcorner	391686.332397
yllcorner	5160024.123721
cellsize	150.000000
NODATA_value	-32768.000000
[rows 49 to 97 of 163, columns 0 to 95 of 158]
120 121 121 120 116 113 115 118 119 117 116 115 114 114 113 112 111 111 110 110 109 109 109 109 108 109 109 109 109 109 109 110 111 112 114 116 116 114 114 113 111 107 104 104 104 102 99 95 89 81 72 73 79 84 88 95 101 105 106 105 104 99 94 94 95 94 91 88 86 84 84 82 78 72 66 64 69 77 83 86 88 89 91 92 91 91 91 92 94 92 87 83 83 84 84 80
119 121 122 121 117 115 115 117 120 119 117 116 115 115 114 112 112 112 111 111 110 110 110 110 109 109 109 109 109 109 109 110 111 111 113 115 116 115 114 113 111 109 109 110 107 102 97 91 84 76 73 79 86 91 96 101 104 105 102 98 95 92 91 93 95 94 91 88 85 84 83 80 76 71 69 71 75 78 81 84 87 89 90 91 93 94 95 95 93 89 84 80 78 77 78 77
119 121 124 123 118 118 116 115 119 121 119 117 116 115 114 113 112 112 112 111 111 111 110 110 110 109 109 109 109 109 109 110 110 111 112 113 114 114 114 113 111 110 111 112 109 102 96 87 79 77 83 90 94 97 101 104 104 99 93 90 89 89 91 94 95 93 90 86 84 83 81 79 75 73 75 78 79 80 82 84 86 86 88 91 95 96 96 94 91 87 82 78 74 73 75 78
118 121 126 124 119 118 117 114 117 122 121 119 117 116 115 114 113 113 112 112 112 111 110 110 110 109 109 109 109 109 109 110 110 110 111 112 113 114 114 114 113 110 111 114 110 102 94 85 82 89 97 99 98 100 104 104 100 93 86 84 86 90 93 94 94 92 89 84 82 81 80 78 76 76 78 81 82 83 86 86 83 82 86 91 95 97 96 93 90 86 81 77 72 71 76 87
117 121 128 127 120 120 120 115 114 118 121 119 118 116 115 115 114 113 113 112 111 111 111 110 110 110 109 109 109 109 109 110 110 110 110 111 112 113 114 115 114 111 112 113 110 102 96 93 95 98 100 100 99 101 102 101 96 89 84 84 88 92 94 94 93 91 87 82 80 80 81 79 76 77 79 81 83 85 89 89 85 83 85 88 92 95 97 95 90 84 80 78 75 74 83 103
118 120 126 129 122 121 123 116 111 114 118 120 119 117 116 115 115 114 113 112 112 112 111 111 110 110 110 110 110 109 109 109 110 110 110 111 111 112 113 115 115 112 110 110 109 105 102 104 105 102 99 99 100 100 99 97 93 86 84 87 90 94 95 94 92 89 84 80 79 80 79 76 75 78 80 82 83 86 90 92 90 88 87 86 86 89 94 95 90 84 82 81 81 81 92 107
119 118 120 125 121 118 120 117 110 110 115 119 119 118 117 115 115 114 114 113 112 112 112 111 111 111 110 110 110 110 110 110 110 110 110 110 110 111 112 113 114 112 108 108 110 110 109 111 109 105 101 100 100 100 97 94 88 85 87 91 94 96 95 92 89 86 82 80 80 78 74 72 76 80 82 83 84 88 91 93 94 93 89 86 84 83 84 86 87 85 85 86 89 93 97 104
120 118 116 119 118 116 118 118 113 109 112 117 118 118 118 116 115 115 114 114 113 112 112 112 112 111 111 110 110 110 110 110 110 110 110 110 110 110 111 111 111 110 109 109 111 113 116 115 112 109 105 102 100 100 96 91 86 87 92 95 97 97 93 89 85 82 80 80 80 76 71 74 79 82 84 84 86 90 92 94 95 93 90 87 85 82 77 75 77 81 87 93 102 107 102 99
120 118 117 117 118 117 118 120 118 113 113 116 116 117 119 117 116 115 115 114 113 113 112 112 112 112 111 111 110 110 110 110 110 109 109 110 110 110 110 110 110 110 111 111 112 114 116 116 114 113 110 103 101 100 95 90 88 92 96 99 98 96 91 85 79 77 77 77 75 73 75 79 82 83 85 86 89 92 93 92 91 90 89 86 84 81 77 74 74 79 90 104 114 114 105 94
119 119 118 118 117 117 117 120 121 118 116 116 113 113 117 118 117 116 115 115 114 113 112 112 112 112 111 111 110 110 110 110 110 109 109 109 109 109 110 110 110 110 110 111 112 112 113 115 117 118 115 107 103 100 95 91 92 97 99 99 97 93 89 83 77 74 74 72 70 74 80 82 84 85 86 88 92 93 92 89 87 86 85 83 81 79 78 78 81 90 101 109 113 111 101 81
118 118 118 117 117 116 116 117 119 118 117 117 113 110 113 117 118 117 116 115 115 114 113 113 113 112 112 111 111 111 110 110 110 110 109 109 109 109 109 109 109 110 110 111 111 111 112 115 118 120 121 115 106 101 96 92 94 99 100 98 96 92 87 81 76 73 72 69 70 78 83 84 86 87 89 90 93 92 89 86 84 83 81 80 78 78 79 84 93 103 108 106 105 102 88 68
118 118 117 116 116 115 114 114 116 117 118 120 118 113 112 114 117 118 117 117 116 115 114 114 113 112 112 111 111 111 110 110 110 110 109 109 109 109 109 109 109 109 110 110 110 111 112 113 116 121 125 121 110 102 96 93 96 100 100 98 95 92 86 81 77 74 71 66 72 81 84 86 88 89 90 92 91 89 85 83 82 82 80 78 77 78 83 92 102 108 106 101 96 87 73 61
119 118 116 116 115 115 114 114 115 117 119 123 122 117 112 111 113 117 118 118 117 116 114 113 113 112 112 112 111 111 111 110 110 110 110 109 109 109 109 109 109 109 109 110 110 110 111 113 115 119 125 123 113 104 97 94 97 100 99 97 94 91 87 83 79 75 69 64 76 84 86 88 91 91 92 92 89 85 83 82 81 80 79 78 79 83 91 100 106 107 103 95 85 70 63 57
121 119 117 116 116 115 115 115 115 116 118 123 123 120 116 112 111 113 116 118 118 116 115 114 113 112 112 112 112 111 111 111 110 110 110 109 109 109 109 109 109 109 109 109 110 110 111 112 114 117 122 123 115 107 101 99 99 99 98 96 94 92 90 86 81 75 68 68 82 87 88 90 92 93 92 90 86 83 81 80 79 79 78 80 84 90 99 107 107 103 96 85 71 62 58 55
122 120 117 116 117 117 116 115 114 115 117 120 123 122 120 115 111 111 113 116 118 117 116 115 114 113 112 113 112 112 111 111 111 110 110 110 109 109 109 109 109 109 109 109 109 110 110 111 113 115 119 121 116 110 108 104 100 99 99 97 96 94 90 84 81 76 72 78 86 89 89 90 92 92 91 87 84 82 80 78 78 77 78 83 89 96 104 108 105 96 81 72 64 58 56 54
123 120 117 116 117 117 115 113 113 114 114 118 123 124 122 119 115 112 111 113 115 116 116 116 115 113 112 112 112 112 112 111 111 110 110 110 109 109 109 109 109 109 108 109 109 109 110 110 111 113 115 118 116 113 113 110 102 99 99 100 98 92 84 79 82 82 84 90 91 90 90 90 91 91 89 86 84 83 79 77 76 77 81 87 94 101 104 103 98 83 70 64 59 57 54 52
126 122 117 117 117 116 115 113 111 112 112 115 122 125 123 121 119 115 111 109 112 114 115 116 116 115 113 113 113 112 112 112 111 111 110 110 110 109 109 109 109 108 108 108 109 109 109 110 110 111 113 115 116 114 115 115 106 100 98 98 95 86 79 81 86 90 93 95 93 91 91 90 90 89 88 88 86 83 78 75 76 81 87 92 98 102 100 94 83 69 62 58 55 55 53 52
129 122 116 116 116 116 117 115 112 113 115 116 120 124 124 121 119 118 114 110 110 112 113 114 116 116 114 113 113 112 112 112 111 111 111 110 110 110 109 109 109 108 108 108 108 108 109 109 109 110 111 112 113 113 114 116 111 103 97 94 89 85 87 90 90 91 92 94 93 93 93 92 90 88 88 89 87 82 76 76 81 88 95 99 99 96 92 83 68 60 56 53 52 52 53 55
134 123 116 115 114 117 121 118 113 113 115 117 118 122 124 122 119 119 118 114 112 111 111 112 114 115 114 113 112 112 112 112 112 111 111 110 110 110 109 109 109 109 108 108 108 108 108 108 109 109 110 110 111 111 112 114 112 106 98 92 90 95 98 96 92 90 89 90 93 94 94 93 91 88 87 87 86 81 77 82 88 94 98 99 96 90 82 68 60 56 52 50 50 50 52 58
139 127 121 119 117 120 126 122 113 112 114 117 118 119 122 122 120 120 119 117 114 112 111 111 112 112 111 110 112 113 113 113 112 112 111 111 110 110 110 109 109 109 108 108 108 108 108 108 108 108 109 109 109 109 110 110 110 107 102 97 97 103 104 101 96 91 88 88 92 94 93 92 91 89 88 87 85 82 83 90 94 96 94 91 92 86 73 61 57 53 50 48 49 51 54 59
131 126 123 122 118 118 126 128 118 115 118 121 121 121 122 123 121 120 119 118 116 114 112 111 110 107 105 107 111 113 114 114 113 112 112 111 111 110 110 110 109 109 108 108 108 108 108 108 108 108 108 108 108 108 108 108 107 106 104 102 102 105 107 104 99 94 91 90 91 91 90 90 90 89 88 87 86 87 91 95 95 94 88 86 92 86 69 58 55 51 47 46 49 53 57 60
125 123 121 118 112 109 116 124 118 114 118 122 121 121 122 121 120 117 116 117 117 114 112 111 110 106 102 105 109 112 113 114 114 114 113 112 111 111 110 110 109 109 109 108 108 108 107 107 107 107 107 107 107 107 107 106 106 105 104 103 103 105 106 105 102 100 98 96 93 90 89 91 90 88 86 86 87 91 96 96 94 89 86 89 92 84 65 56 52 48 46 47 51 53 57 60
121 121 121 117 111 107 110 117 115 109 107 110 110 111 114 115 116 114 114 115 115 114 113 112 114 114 106 104 107 110 112 113 115 115 114 113 112 111 110 110 110 109 109 108 108 107 107 107 107 107 106 106 106 106 106 105 105 104 103 103 103 104 104 104 104 104 103 101 98 97 97 95 90 85 84 86 88 92 95 94 91 88 90 95 90 75 59 54 49 48 48 50 54 54 56 61
118 119 120 120 116 112 114 118 114 106 100 101 104 106 108 109 111 112 112 113 114 115 114 113 117 120 112 105 103 106 109 111 112 115 115 114 113 112 111 110 110 109 109 108 108 108 107 107 107 106 106 106 106 105 105 104 104 104 103 103 103 102 102 103 103 103 104 104 104 105 104 99 91 85 87 89 90 91 92 91 91 93 97 96 85 64 53 50 50 52 52 56 59 60 64 74
117 119 121 120 118 116 116 117 114 107 104 105 107 108 109 110 112 112 112 113 114 114 114 114 118 121 115 107 103 103 105 107 109 112 115 115 114 113 112 111 110 110 109 108 108 107 107 107 106 106 106 105 105 105 104 104 103 103 103 103 102 102 102 102 102 102 102 103 104 105 105 102 97 93 93 94 93 92 91 91 94 99 100 93 76 57 49 48 53 56 56 58 61 68 80 85
115 116 120 121 119 116 116 114 113 111 110 109 110 111 113 114 114 113 113 114 114 113 112 112 116 119 116 110 105 102 104 106 108 110 113 115 114 113 112 112 111 110 109 108 108 107 107 107 106 106 105 105 105 104 104 104 103 103 102 102 102 101 101 101 101 101 101 101 102 103 104 104 103 102 100 99 97 94 92 96 101 102 97 84 65 52 49 51 57 59 60 59 60 74 81 80
112 113 116 120 119 116 116 115 114 113 113 112 112 113 115 116 116 115 115 115 114 112 111 111 114 117 115 111 107 103 103 105 106 107 109 112 113 113 113 112 111 110 109 108 108 107 107 106 106 106 105 105 104 104 104 103 103 102 102 102 101 101 100 100 100 100 100 100 100 101 102 102 103 105 105 103 101 97 96 102 105 100 89 72 57 50 52 56 59 63 68 68 71 79 77 70
111 110 112 117 118 117 117 116 115 115 115 116 116 115 116 117 117 116 115 115 115 114 113 112 113 115 114 112 111 106 103 102 102 102 104 108 111 113 113 113 112 110 109 109 108 107 107 106 106 106 105 105 104 104 103 103 102 102 102 101 101 100 100 100 100 99 99 99 100 100 100 100 101 104 107 107 104 102 103 105 102 93 79 64 57 58 61 62 64 70 78 85 88 82 72 63
112 107 102 107 114 117 117 117 118 119 120 120 119 118 118 119 118 117 116 116 115 114 115 114 114 113 113 113 113 109 103 100 100 101 103 107 110 111 112 113 112 111 109 108 108 107 107 106 106 105 105 105 104 104 103 103 102 102 101 101 100 100 99 99 99 99 99 99 99 99 99 99 100 102 106 107 108 109 109 104 96 85 73 64 64 69 71 69 71 76 82 86 85 78 66 59
114 101 86 92 106 114 117 119 122 126 127 125 122 121 120 120 120 119 118 118 116 115 115 115 115 113 111 112 113 112 107 102 101 103 104 106 108 109 110 112 112 111 109 108 107 107 106 106 105 105 105 105 104 104 103 102 102 101 101 101 100 99 99 98 98 98 98 98 97 97 98 98 99 100 102 105 108 112 112 103 91 78 69 66 66 67 68 69 75 78 78 77 75 68 58 52
122 93 71 85 97 111 121 125 127 132 134 131 126 124 122 122 121 121 120 119 117 116 115 116 118 116 111 111 113 114 112 107 103 102 102 104 106 107 107 110 113 112 109 108 107 106 106 105 105 105 105 105 104 104 103 103 102 101 100 100 99 99 98 98 98 97 97 97 96 97 97 97 97 98 100 102 105 110 111 101 88 75 70 68 66 64 66 74 78 77 74 70 66 60 53 48
193 159 103 98 106 121 134 138 136 139 141 136 129 126 124 123 122 122 122 120 118 116 116 116 120 119 113 111 112 114 114 111 107 103 102 103 104 104 105 107 111 112 109 108 107 106 105 105 105 106 106 105 105 104 103 102 102 101 100 99 99 98 98 97 97 96 96 96 95 95 95 96 96 96 97 98 101 105 107 100 87 78 74 71 67 67 75 80 78 74 69 65 61 55 50 48
230 160 113 113 118 126 145 151 148 148 148 141 132 128 125 124 123 122 122 121 119 117 116 117 121 120 114 112 111 113 115 114 111 107 102 99 100 103 103 103 106 108 107 106 105 105 104 103 103 105 107 107 106 104 103 102 101 100 100 99 98 98 97 96 96 95 95 94 94 94 94 94 94 94 95 95 97 99 101 98 89 81 77 74 70 75 83 81 75 69 64 60 56 50 47 47
211 134 120 123 124 128 140 151 154 154 153 144 134 129 125 123 122 122 122 122 120 118 117 118 122 120 116 114 112 113 114 113 111 108 103 99 98 101 102 102 102 104 104 104 104 104 105 104 103 105 108 109 108 105 103 102 101 100 99 98 97 97 96 95 95 94 94 93 93 92 92 92 92 92 92 92 93 95 96 96 92 84 77 74 76 83 82 76 69 63 59 55 51 46 43 43
119 129 131 127 124 118 124 137 146 149 150 142 134 128 123 121 121 122 122 121 121 120 118 119 123 122 118 116 114 112 111 111 110 108 105 102 99 99 100 101 101 102 104 105 105 105 106 106 105 105 105 107 107 106 103 101 100 99 98 97 96 96 95 94 93 93 92 92 91 91 90 90 90 89 89 90 90 91 92 93 92 87 79 76 81 84 79 70 63 60 57 52 48 44 41 41
105 114 123 118 108 104 107 112 118 129 136 136 131 124 120 119 119 120 121 121 121 121 119 120 124 124 119 116 114 112 111 110 108 107 105 103 102 101 100 100 102 104 105 105 105 104 104 105 105 103 101 101 102 103 102 100 98 98 97 96 95 95 94 93 92 91 90 90 89 88 88 87 87 87 87 87 86 87 87 88 89 87 82 80 81 79 73 67 61 58 55 50 47 45 43 42
93 94 95 92 88 83 75 73 90 113 127 131 129 121 118 118 118 118 119 120 120 121 121 121 123 125 120 115 114 113 112 109 108 105 103 103 103 102 102 102 104 104 104 103 103 103 103 103 103 102 100 98 97 97 99 98 97 97 95 95 94 93 92 91 90 89 88 88 87 86 86 85 85 84 84 83 83 83 83 83 83 83 82 81 79 73 65 60 56 53 50 47 46 45 42 39
90 87 82 82 77 70 61 64 87 107 119 125 123 119 115 115 115 114 115 116 117 118 119 120 124 127 124 118 115 114 112 110 109 109 105 102 100 99 100 103 105 106 104 102 101 101 101 100 100 101 100 97 95 95 96 96 96 95 94 93 92 91 90 89 88 87 86 85 84 83 83 82 81 81 80 80 79 79 78 78 76 76 76 76 73 67 60 55 51 47 45 44 42 37 32 29
88 84 77 75 71 66 63 75 90 100 110 117 117 116 114 112 110 108 108 110 114 115 115 120 129 135 128 121 116 114 113 111 111 112 109 104 100 98 97 98 102 105 105 103 100 99 98 98 97 98 99 98 96 94 94 95 95 94 93 92 91 89 88 86 85 84 83 82 81 80 79 79 78 77 76 75 75 74 73 71 71 72 74 73 66 59 55 52 49 47 44 38 32 27 23 23
88 85 80 78 73 69 72 80 85 90 98 112 117 117 113 110 106 103 104 107 112 115 120 129 140 146 132 121 116 113 112 111 110 111 110 107 104 99 95 94 95 99 102 102 99 96 95 95 95 95 95 96 96 95 93 93 93 94 94 92 90 87 85 83 82 81 80 79 78 77 76 75 74 73 72 71 70 69 68 67 68 73 80 78 68 58 53 49 46 45 38 29 26 25 28 35
94 93 90 85 79 75 76 77 77 81 93 109 116 114 111 104 100 100 104 109 114 121 128 136 151 154 132 121 116 113 111 110 109 109 108 108 107 103 97 93 92 94 97 99 98 95 92 91 92 92 92 92 93 93 91 88 88 90 93 93 89 84 81 79 78 77 76 75 73 72 71 70 69 68 67 66 65 63 63 63 64 69 79 84 79 74 65 54 46 41 32 26 30 35 36 39
96 94 87 79 77 77 74 72 71 79 93 106 113 110 108 105 102 100 100 108 121 130 135 140 152 153 130 119 115 112 111 109 108 108 107 105 106 105 101 95 91 91 92 94 96 95 91 88 87 88 88 88 87 86 84 82 81 82 85 88 85 79 76 74 73 72 71 70 69 68 66 65 64 63 61 60 59 58 57 56 56 56 62 74 78 76 69 58 47 38 30 30 39 42 37 38
90 86 73 68 72 76 74 70 69 78 88 94 98 101 105 106 104 98 96 107 124 136 140 134 144 143 125 117 114 110 108 107 107 108 106 103 101 102 102 96 88 86 87 91 94 94 91 88 85 85 86 86 84 81 76 73 71 71 70 70 69 69 69 68 68 67 66 65 63 62 61 59 58 57 55 54 53 51 50 49 47 46 44 47 51 52 49 46 40 34 31 41 52 53 50 51
87 80 69 67 69 70 71 69 63 68 76 78 78 89 100 105 107 104 103 110 121 138 132 109 126 126 117 114 113 110 108 106 106 106 105 101 99 98 99 97 90 84 84 87 90 91 91 88 86 85 84 84 82 78 72 66 64 62 60 57 54 57 61 62 61 61 60 59 58 56 55 53 52 50 49 47 46 44 42 40 39 37 34 33 32 33 34 36 36 36 49 64 71 71 69 68
86 81 72 69 70 69 67 56 44 57 65 63 60 65 75 88 101 105 105 104 98 60 29 50 78 112 114 113 110 108 108 107 107 106 104 99 96 95 94 94 92 84 79 80 84 87 88 86 84 82 82 81 76 70 67 66 66 63 59 55 52 52 53 55 55 55 54 52 50 48 47 46 45 43 41 40 38 36 34 32 30 28 26 23 22 26 32 39 48 60 65 68 69 66 61 58
84 79 71 69 73 72 65 49 32 53 60 56 49 46 50 68 81 88 90 77 54 31 19 23 47 99 107 109 109 108 106 106 106 106 103 98 94 91 88 87 84 77 72 71 73 75 77 77 76 73 69 64 58 56 57 63 68 65 59 56 53 48 47 48 48 48 46 44 42 41 40 39 37 35 33 31 29 27 26 23 21 19 17 14 12 14 19 32 49 53 49 45 41 36 32 29
77 69 61 65 70 66 57 44 36 55 63 60 54 49 55 70 74 78 74 56 38 35 30 37 64 97 104 107 107 106 102 100 100 100 98 95 92 89 84 80 75 69 64 60 57 55 57 57 56 50 46 44 40 41 47 50 52 52 51 50 46 41 40 40 40 38 35 33 33 33 32 30 28 26 24 22 21 18 16 14 12 10 8 6 4 3 4 10 16 18 17 17 15 12 11 10
54 54 55 57 59 53 44 36 39 56 67 66 60 58 67 74 75 79 71 44 38 46 49 62 87 108 112 109 107 103 96 95 95 94 94 93 89 82 75 69 64 59 56 53 48 43 40 37 34 32 35 38 36 34 38 39 38 39 40 39 36 33 31 29 28 25 23 25 26 24 22 19 17 16 15 13 11 9 6 5 3 1 359 357 356 355 355 357 358 359 360 360 359 358 358 357
346 28 48 48 50 46 39 34 36 45 61 69 72 67 74 77 79 79 67 46 43 54 66 79 94 110 117 111 108 111 106 98 91 89 91 93 86 74 62 53 47 41 39 42 42 38 34 31 30 33 37 38 35 33 31 29 29 30 27 25 26 25 22 18 15 13 14 16 16 12 10 9 7 6 4 2 0 359 357 355 353 352 351 349 348 348 348 347 348 349 349 349 348 349 348 348
