windninja/windninja_output/Output_2025-10-23_0300-0350_Google earth_Fire_150m_10min/merlingen_7.5mi_point_10-23-2025_0330_150m_ang.asc
ncols	158
nrows	163
xllcorner	391686.332397
yllcorner	5160024.123721
cellsize	150.000000
NODATA_value	-32768.000000
[rows 0 to 41 of 163, columns 0 to 94 of 158]
100 98 95 93 92 93 93 88 85 84 82 73 58 51 55 64 73 78 82 92 98 87 73 72 78 83 81 75 73 74 73 72 73 72 71 76 80 80 80 79 76 76 77 78 82 85 88 91 90 88 87 87 87 88 87 84 81 80 82 84 83 81 79 77 75 73 74 77 82 87 88 85 81 79 79 81 81 81 83 84 82 78 76 78 79 77 73 71 71 69 66 67 66 63 61
101 99 98 96 94 93 90 87 86 86 83 74 60 56 61 68 75 81 86 92 96 91 82 78 78 80 80 78 77 75 74 74 74 74 75 77 79 80 82 81 80 80 80 82 85 87 89 91 92 91 89 88 87 86 85 83 82 82 83 84 84 82 81 80 79 77 77 80 83 86 87 85 83 82 83 82 81 82 85 85 82 79 79 78 79 79 77 74 73 72 71 71 70 68 66
103 101 100 99 97 94 89 88 90 90 87 78 66 66 70 75 80 85 89 91 91 94 94 86 80 78 79 81 80 78 77 78 78 79 81 81 81 82 83 83 85 85 86 88 89 90 91 91 92 92 91 90 87 85 84 85 86 86 86 85 85 85 85 85 84 84 83 84 85 87 86 86 86 88 87 85 83 85 87 86 82 81 82 81 81 84 84 81 78 78 80 80 79 79 78
104 101 99 99 97 95 94 94 96 95 91 80 72 74 78 82 85 87 88 87 87 91 96 93 85 81 80 80 80 79 79 80 82 84 85 85 84 84 85 87 88 89 91 93 93 93 93 92 90 91 92 90 87 86 87 88 88 88 87 87 87 87 87 86 86 86 87 87 88 87 87 87 89 89 88 88 88 88 87 86 83 82 83 84 86 88 89 86 85 85 86 87 89 89 89
104 101 98 97 97 98 100 100 100 96 89 81 78 81 86 87 87 87 86 84 85 90 97 99 93 87 84 82 81 81 81 81 84 87 88 87 86 87 89 91 93 94 95 95 95 94 93 91 91 90 89 87 87 87 87 88 88 89 89 89 89 89 88 88 88 89 89 89 89 87 87 88 90 90 89 89 90 90 88 85 85 85 86 87 89 90 93 96 95 94 92 94 98 101 103
106 104 101 99 98 100 102 102 99 93 86 85 86 88 90 89 86 84 83 83 84 89 97 104 101 95 89 85 83 83 83 83 85 86 87 88 90 92 94 94 95 96 96 95 93 92 91 90 90 88 86 85 87 87 87 88 89 91 91 91 90 90 90 90 90 91 91 90 90 88 87 88 91 92 91 90 91 93 91 85 84 89 91 91 91 91 95 101 103 103 103 103 106 111 113
105 105 105 103 101 101 101 100 96 91 90 91 94 94 92 91 87 83 83 84 85 88 95 104 106 100 94 90 89 87 86 87 88 86 87 90 93 95 95 94 94 95 94 93 92 91 90 90 89 87 86 86 86 87 88 89 91 92 93 93 94 93 92 91 91 92 93 92 91 90 89 91 93 95 94 93 93 93 91 85 87 94 96 95 94 93 95 101 107 109 109 108 108 110 111
104 104 105 106 103 101 99 96 93 93 95 99 102 99 94 91 89 86 85 85 86 88 92 100 108 105 99 96 93 91 91 91 90 88 89 92 93 93 92 91 91 91 91 90 90 90 89 89 89 87 86 87 87 86 88 91 93 94 95 97 97 96 94 92 91 92 94 94 93 93 94 94 94 94 95 94 93 91 87 86 92 97 100 99 97 97 98 103 107 112 112 110 108 108 109
104 103 103 104 104 101 97 94 94 96 100 104 108 104 96 92 90 89 87 86 87 88 90 95 104 109 104 99 96 94 94 94 91 90 91 92 91 89 88 87 87 87 88 89 89 89 89 88 88 87 87 88 88 87 89 92 95 96 97 97 96 95 95 92 90 91 94 96 95 94 95 94 93 92 93 94 93 89 86 90 95 99 104 105 105 105 106 108 114 118 120 118 116 117 119
103 103 102 102 102 100 98 97 97 100 102 106 110 108 99 93 91 91 90 89 89 89 90 93 98 106 107 100 97 97 97 95 93 92 91 90 88 87 85 85 86 87 88 89 89 89 89 89 88 88 89 88 88 90 92 93 95 95 93 91 90 92 94 92 92 94 96 97 95 92 92 93 93 93 93 93 92 91 93 97 100 103 107 110 110 110 111 114 119 123 123 122 122 124 122
104 103 102 102 101 100 99 99 100 101 103 106 110 110 102 96 93 93 94 93 91 91 91 92 95 100 105 101 98 98 97 94 93 92 90 87 85 85 85 86 87 87 87 87 87 88 89 88 87 87 89 89 90 93 93 91 90 90 87 85 86 88 90 94 97 98 97 95 92 89 90 93 95 95 94 92 92 97 104 106 105 104 107 111 113 114 115 113 116 119 117 117 119 121 118
104 103 102 101 101 101 101 101 101 102 103 105 109 110 105 100 97 96 95 96 95 93 91 90 92 93 95 96 96 95 93 91 92 92 90 87 85 85 87 87 86 86 86 85 84 85 85 84 82 83 88 89 89 90 90 88 85 84 82 81 82 84 89 97 100 100 97 94 91 93 94 95 96 97 97 98 100 105 112 114 110 107 108 112 117 120 117 112 113 118 114 110 111 116 115
104 103 102 102 101 101 102 101 101 102 103 104 106 108 106 102 101 99 97 97 97 95 92 89 87 85 86 90 92 92 92 91 92 92 89 87 87 88 89 87 86 86 85 82 82 80 77 75 77 82 85 86 87 87 88 88 86 81 77 76 80 84 90 98 101 99 97 96 100 103 100 97 98 102 107 109 109 110 114 116 114 111 111 113 116 119 116 111 112 119 114 107 107 112 111
103 103 103 102 102 102 101 101 101 102 102 104 105 107 104 102 102 103 100 98 97 95 90 86 82 80 83 88 90 91 91 92 92 91 89 88 89 89 88 87 86 84 81 80 79 77 72 70 74 79 82 84 85 85 87 90 89 83 76 76 83 89 94 99 102 100 99 102 109 112 106 102 103 108 113 112 110 108 108 110 113 114 113 111 110 112 111 107 105 110 109 103 100 102 102
103 103 103 102 102 102 101 101 101 101 102 103 106 108 104 101 102 104 103 99 95 92 88 84 81 82 85 87 89 89 89 91 92 91 91 90 88 86 84 83 82 77 74 78 80 77 77 77 76 76 80 85 85 86 88 91 93 91 85 84 89 95 100 102 101 101 104 107 112 118 117 111 109 109 111 110 108 105 101 104 110 113 111 107 103 104 104 100 95 96 98 95 91 91 93
103 103 103 102 102 101 101 101 101 101 102 103 106 110 107 102 101 101 102 99 95 91 88 84 83 85 87 87 87 88 90 92 92 90 90 87 84 81 79 77 76 74 75 80 82 80 82 86 83 80 83 87 90 93 92 92 94 97 96 94 96 100 103 104 100 101 106 109 112 121 125 117 110 107 108 109 107 102 102 106 110 110 106 102 98 96 94 90 86 85 88 89 88 88 90
103 103 102 102 102 101 101 101 101 101 102 103 105 110 111 104 99 98 98 97 95 92 89 86 86 86 87 88 88 90 92 90 86 83 80 80 81 80 78 77 78 80 83 84 83 84 85 86 89 92 92 92 95 96 94 91 91 96 102 101 101 102 103 104 102 101 105 110 113 118 124 119 112 111 112 111 108 106 108 109 107 104 100 96 92 88 85 81 84 88 91 92 91 91 92
103 103 102 102 101 101 101 101 101 101 102 103 104 107 109 105 100 97 95 94 93 91 89 89 88 86 86 89 91 90 89 84 78 75 75 78 81 82 82 82 84 86 87 85 84 86 88 88 93 98 99 97 96 95 93 91 92 96 103 104 102 102 103 105 105 103 105 109 111 113 118 121 118 117 118 114 113 112 108 102 97 95 93 88 84 83 82 83 89 98 101 97 94 94 94
103 103 102 102 101 101 101 101 101 101 101 101 103 105 106 105 100 96 93 91 90 89 89 90 88 87 87 89 90 88 83 78 74 74 77 80 83 85 85 86 87 87 87 87 86 88 92 96 97 96 98 99 97 95 94 95 96 98 102 104 102 101 102 104 106 106 105 106 108 110 117 123 122 119 119 117 113 107 97 90 89 91 90 88 86 86 88 91 94 101 106 103 98 98 97
103 103 102 102 101 101 101 101 101 101 100 100 102 103 103 102 99 95 92 91 90 90 90 90 89 88 87 87 87 85 81 76 74 76 79 82 84 87 89 89 89 88 88 88 89 92 96 99 98 95 96 98 100 100 100 100 99 98 100 102 100 98 100 104 106 106 104 104 108 114 119 124 121 118 120 119 110 99 93 91 93 95 97 98 96 93 93 94 96 100 109 111 104 101 100
103 103 103 102 101 101 101 100 100 100 100 100 100 101 101 100 98 95 93 92 92 91 91 90 90 88 87 86 85 84 81 77 76 79 84 86 89 91 92 91 90 89 88 89 92 95 95 96 97 97 96 98 102 105 104 102 100 99 99 99 98 97 100 104 106 107 108 109 113 117 119 120 116 115 118 120 114 104 99 99 100 102 103 104 103 99 96 94 96 102 110 116 107 102 103
103 103 102 102 101 101 100 100 100 100 100 100 99 100 99 98 97 95 94 94 93 92 92 91 90 88 87 85 85 84 82 79 80 86 90 91 91 91 91 90 88 87 88 91 93 94 94 96 99 99 99 100 102 104 105 104 103 102 99 97 97 97 100 105 108 110 113 114 115 115 114 112 110 111 115 123 122 112 104 102 104 104 103 106 108 104 99 98 100 105 112 120 112 105 106
102 102 102 102 101 101 101 100 99 99 100 99 99 99 99 98 97 96 95 94 93 93 92 91 89 88 86 85 84 84 85 85 88 91 91 91 90 87 87 88 88 88 90 91 92 94 98 99 101 100 99 100 100 102 105 106 106 105 102 97 96 98 100 106 112 116 118 117 113 109 106 106 107 109 116 126 129 118 109 104 102 103 103 106 111 110 107 105 105 107 113 122 116 107 108
102 102 102 102 101 101 100 99 99 99 100 100 98 98 98 98 97 96 96 95 93 93 92 91 89 88 85 83 83 85 88 91 93 91 89 89 88 86 87 89 91 91 91 91 94 99 100 99 99 100 99 99 100 102 105 108 107 106 105 100 97 98 101 109 117 120 119 114 107 101 100 102 106 111 118 127 131 122 114 107 101 101 103 105 111 114 115 111 106 107 112 121 115 108 108
103 103 102 101 101 100 100 99 99 99 99 99 99 98 97 97 97 97 96 95 94 93 92 91 89 86 82 80 83 88 91 94 94 91 89 87 87 88 90 92 94 94 94 95 99 100 97 96 97 99 100 100 102 104 106 108 107 106 105 103 99 99 105 112 116 117 112 104 96 92 95 102 109 114 118 122 124 122 117 111 105 103 104 105 108 114 117 113 107 107 112 120 114 109 108
103 102 102 101 101 100 100 99 99 99 99 98 99 98 97 97 97 97 96 95 95 94 92 91 88 84 79 79 84 89 92 95 97 95 91 88 86 88 93 96 97 98 99 100 99 96 94 95 97 99 100 100 102 103 106 109 108 105 103 103 104 107 111 113 114 112 106 98 90 90 98 108 114 116 118 119 115 117 121 119 114 110 108 107 108 113 118 116 110 109 115 126 117 111 110
102 102 102 101 101 100 100 100 99 99 98 98 98 98 97 97 97 96 96 95 95 94 93 91 89 84 78 80 84 87 90 95 98 100 96 90 87 89 94 99 101 102 104 102 99 97 95 96 98 100 100 99 101 104 108 112 108 101 102 107 111 113 114 112 109 105 100 93 90 94 104 112 116 116 121 122 110 111 121 126 121 115 113 111 110 113 118 116 110 110 118 130 122 114 111
102 102 102 101 100 100 100 100 99 98 98 97 97 97 97 97 97 97 96 95 95 94 94 93 90 85 81 83 84 85 87 93 98 101 101 97 92 91 95 101 103 104 106 104 102 101 99 97 98 101 102 100 102 106 110 116 110 102 106 112 114 113 112 108 102 96 92 90 94 101 107 111 115 117 123 126 112 109 117 127 125 120 117 115 112 111 112 111 107 108 116 128 126 117 113
102 102 101 101 100 100 100 100 99 98 97 97 97 97 98 98 97 97 97 96 96 96 95 94 92 90 89 89 86 83 83 89 95 99 103 106 103 97 98 103 107 107 108 107 106 105 102 99 97 102 106 103 103 105 108 116 117 108 108 112 113 111 108 104 99 95 92 93 101 107 108 111 114 116 120 124 115 107 109 120 126 125 121 116 111 106 104 106 104 104 110 122 127 121 117
103 102 101 100 100 100 100 99 98 98 97 97 97 97 98 98 98 97 97 97 97 97 96 96 95 97 98 95 89 82 82 85 90 98 107 115 113 105 103 107 110 110 110 108 108 107 105 104 102 104 107 105 103 102 103 111 118 110 106 108 111 109 103 97 95 94 96 101 104 108 110 110 110 110 117 123 118 107 103 111 123 128 123 114 108 104 105 108 106 103 104 112 122 123 119
103 102 101 100 99 100 100 99 98 98 97 97 97 97 97 98 98 98 98 98 98 97 97 97 99 102 104 99 92 85 82 83 89 99 110 120 118 109 106 109 111 110 109 106 105 107 107 108 106 104 104 103 100 96 96 101 108 107 105 104 105 104 95 88 90 96 102 104 103 106 108 105 102 107 119 125 121 110 104 108 119 128 125 116 112 111 112 112 108 103 100 102 110 116 116
103 103 102 100 99 100 100 99 98 98 98 97 97 97 97 98 98 98 99 98 98 98 99 99 102 105 105 102 95 88 87 90 95 100 107 118 118 111 108 108 107 106 104 101 101 104 105 106 103 98 98 98 95 92 90 90 97 102 104 102 100 99 91 85 90 100 109 108 103 103 104 103 105 114 124 126 123 114 107 107 115 126 125 119 116 114 112 109 104 100 97 96 98 106 111
102 102 101 100 100 100 99 98 98 98 98 97 97 98 98 98 98 98 99 99 99 100 101 101 104 107 108 107 102 98 97 99 98 97 101 114 117 110 106 103 100 99 99 98 98 100 102 100 97 95 95 95 95 92 88 89 97 99 100 99 98 97 92 88 93 103 114 114 105 101 104 108 114 122 128 129 126 119 110 107 111 119 120 119 116 113 109 106 101 99 97 96 96 101 109
102 101 101 101 100 99 99 98 98 98 98 98 98 98 98 98 98 98 99 100 101 102 103 104 105 109 111 112 112 108 103 100 97 94 96 110 118 108 102 99 96 96 96 96 96 98 98 95 93 94 95 95 96 93 90 93 100 100 96 94 95 100 102 95 94 101 112 116 108 103 108 115 118 123 129 131 130 124 114 107 105 110 113 117 119 116 111 109 107 103 100 99 100 105 113
102 101 100 100 100 100 99 98 98 98 98 98 98 98 98 98 98 99 100 101 101 102 104 107 108 109 111 113 115 112 106 100 97 96 96 104 115 107 99 96 94 92 92 91 92 95 95 93 93 94 94 94 94 94 94 96 101 101 95 91 92 100 111 104 96 97 105 114 114 110 113 116 116 120 126 129 129 125 116 106 101 105 109 113 120 121 114 112 113 108 105 106 108 111 116
102 102 101 100 100 99 99 98 98 98 98 99 98 98 98 98 99 100 100 101 102 103 105 107 108 109 111 114 116 114 110 106 103 101 98 98 103 101 95 91 89 86 87 89 91 94 95 94 95 96 95 94 95 97 99 100 101 101 98 92 91 98 112 112 100 96 100 111 117 116 114 111 110 114 120 125 126 120 113 107 103 102 103 105 111 121 118 115 117 116 113 113 112 111 114
103 103 102 101 99 99 99 99 98 98 98 99 99 99 99 99 100 100 100 101 102 103 105 106 108 110 113 115 116 115 115 113 109 104 97 92 90 89 87 84 84 85 88 90 93 95 96 97 97 96 96 98 99 101 103 103 101 100 99 95 93 97 109 116 107 98 99 107 115 116 110 103 103 111 119 124 125 118 111 111 109 103 98 96 102 116 124 120 119 122 120 116 112 110 114
103 103 102 101 99 98 98 99 99 98 99 99 99 99 100 100 100 101 101 102 103 104 105 106 108 111 115 119 120 118 117 115 110 102 95 89 83 78 79 82 85 89 91 93 96 97 98 99 98 97 100 103 103 102 104 105 103 101 100 98 96 98 107 117 113 102 99 104 109 109 103 101 107 117 123 122 124 126 115 113 115 110 102 97 101 113 128 128 121 122 122 117 113 114 118
103 103 102 100 99 99 99 99 99 100 100 100 100 100 100 100 101 101 102 102 103 104 105 106 109 111 116 123 123 118 115 112 107 102 95 88 76 75 81 85 89 93 96 98 98 99 101 102 101 101 104 108 108 104 104 108 109 105 103 101 99 99 104 113 114 105 101 101 102 102 104 111 117 121 124 119 125 135 121 112 117 117 109 105 104 111 126 133 126 123 123 118 114 114 116
103 102 101 100 100 99 99 100 101 101 100 100 100 100 101 101 101 102 102 103 103 104 105 106 108 111 116 122 121 114 111 110 108 103 96 84 75 81 85 88 92 95 99 102 102 101 103 105 105 103 104 109 114 112 109 112 116 113 108 104 101 96 95 102 111 106 101 100 99 104 113 118 119 119 119 118 127 144 132 115 116 118 113 109 106 108 120 132 131 125 124 119 115 113 113
102 102 102 101 100 100 101 101 102 102 101 101 101 101 101 102 102 102 103 103 104 105 106 106 108 111 115 118 117 112 109 109 108 103 95 85 85 88 88 90 94 99 103 105 104 103 104 108 109 106 104 109 118 119 113 111 115 114 108 102 96 88 85 92 106 107 101 100 103 110 116 115 111 116 118 119 130 151 142 120 115 117 116 113 109 110 120 131 132 127 125 118 111 108 110
102 102 102 102 102 102 102 102 102 102 102 102 102 102 102 102 103 103 103 104 105 105 106 106 108 110 112 114 116 113 110 109 108 105 98 94 95 96 97 98 100 102 104 105 108 109 108 109 111 109 106 109 116 118 111 105 104 105 101 94 88 85 86 91 100 106 103 102 109 114 114 109 109 120 122 121 134 155 145 124 115 116 114 114 114 117 124 131 130 127 124 116 106 104 111
