windninja/windninja_output/Output_2025-10-23_0300-0350_Google earth_Fire_150m_10min/merlingen_7.5mi_point_10-23-2025_0320_150m_ang.asc
ncols	158
nrows	163
xllcorner	391686.332397
yllcorner	5160024.123721
cellsize	150.000000
NODATA_value	-32768.000000
[rows 88 to 131 of 163, columns 0 to 95 of 158]
91 89 87 87 85 83 84 89 92 94 98 104 107 108 105 100 96 95 97 101 106 110 117 128 140 147 135 125 120 117 116 115 114 115 114 113 112 110 107 106 107 111 115 115 112 110 108 108 108 109 111 113 114 113 113 113 113 114 116 117 119 119 119 119 119 119 119 119 119 119 120 120 121 122 123 125 127 129 132 136 142 146 145 135 124 116 112 109 109 109 112 114 113 108 104 104
97 98 97 95 92 89 88 87 86 86 96 107 111 109 104 96 91 92 96 103 111 120 128 137 152 155 137 125 120 117 115 115 114 114 113 113 114 112 107 104 104 107 111 115 114 111 108 106 107 109 112 115 117 118 117 116 113 112 113 118 121 121 120 120 119 119 119 119 119 120 120 121 121 122 123 124 126 128 130 133 137 140 140 132 122 115 109 107 109 111 111 110 104 96 93 96
100 100 96 91 91 92 90 87 84 88 97 108 112 107 101 95 93 93 96 106 119 130 137 145 158 156 137 125 119 116 114 114 114 114 113 112 114 114 111 106 103 105 108 111 113 112 108 106 106 109 112 116 119 122 121 117 113 111 114 121 126 125 122 121 120 119 119 119 119 120 120 121 121 122 123 124 125 127 128 131 133 136 136 131 124 119 115 111 111 110 106 100 96 92 91 92
97 96 91 89 92 96 96 94 92 93 99 105 110 107 105 104 101 97 96 108 125 139 147 151 161 153 132 122 117 115 113 112 112 113 113 112 113 115 116 112 106 104 105 108 111 112 109 106 105 107 111 115 119 123 125 122 118 118 119 123 129 128 124 121 120 120 119 119 120 120 120 121 121 122 123 123 124 126 127 128 130 132 134 132 128 125 121 116 112 108 99 91 91 90 88 89
97 97 97 97 99 103 111 116 113 103 100 103 106 107 109 109 110 108 108 117 127 148 154 150 158 142 125 118 115 113 112 111 111 113 114 113 113 114 115 115 110 104 103 106 109 110 109 105 103 104 108 114 119 123 128 128 124 122 120 120 126 128 125 122 121 120 120 120 120 120 120 121 121 122 122 123 124 125 126 126 127 128 130 129 127 123 120 115 109 100 88 85 88 87 86 89
100 101 104 105 106 111 119 129 134 115 105 109 116 121 124 121 123 123 120 120 122 139 136 130 138 126 118 115 113 111 110 109 110 113 115 114 113 113 114 116 115 107 102 103 106 108 107 105 103 103 105 113 121 124 128 128 122 117 115 114 118 124 124 122 121 120 120 120 120 120 120 121 121 121 122 122 123 124 124 125 125 126 126 125 123 118 115 110 102 91 85 87 90 89 89 92
100 102 106 108 109 111 117 128 141 127 112 113 122 129 132 126 123 122 115 104 90 61 41 59 97 113 113 112 110 107 105 106 110 114 116 114 113 113 114 115 118 116 107 103 104 106 108 108 106 106 109 116 125 126 125 124 118 114 112 112 115 120 122 121 120 120 120 120 120 120 120 121 121 121 122 122 122 123 123 124 124 124 123 122 120 117 113 107 100 94 93 94 95 95 95 96
98 99 102 106 106 105 107 117 134 128 114 107 108 109 114 109 108 104 97 80 58 42 36 51 83 105 110 109 108 106 106 109 112 115 116 115 113 113 114 115 119 122 116 108 107 109 112 113 114 115 116 119 125 125 122 121 120 117 116 115 115 119 120 120 120 120 120 120 120 120 121 121 121 121 121 122 122 122 123 123 123 122 122 121 119 117 113 109 105 102 101 100 100 100 100 100
98 98 101 104 101 96 94 100 112 115 108 99 91 88 94 95 94 94 84 55 39 40 45 64 89 103 108 108 108 110 110 110 110 111 114 114 113 113 114 115 119 123 122 116 113 114 116 118 119 119 117 114 116 121 119 118 119 118 117 116 116 118 120 120 120 120 120 120 120 121 121 121 121 121 121 121 122 122 122 122 122 121 121 120 118 116 114 112 109 107 105 105 104 103 103 103
101 100 100 99 93 86 82 82 88 94 95 88 83 85 90 92 95 92 74 44 33 41 56 78 98 109 111 109 109 110 109 105 103 105 109 111 112 113 115 116 119 123 125 120 116 115 115 115 114 112 108 106 108 114 116 115 116 116 116 116 117 118 119 119 120 120 121 121 121 121 121 121 121 121 121 121 121 121 121 121 121 121 120 119 118 117 115 113 111 110 109 108 107 106 106 106
99 97 94 90 88 83 78 75 75 76 75 76 80 84 87 90 90 79 57 42 39 51 74 93 110 116 111 108 107 106 103 102 101 102 105 108 110 112 115 118 119 123 126 122 116 113 112 109 106 103 102 104 106 110 113 113 114 116 117 117 117 117 117 119 120 121 121 121 121 121 121 121 121 121 121 121 121 121 121 121 121 120 120 119 118 117 116 115 113 112 111 110 109 109 108 108
93 90 85 85 86 83 80 76 72 67 67 69 72 81 86 84 76 63 49 42 52 75 93 102 109 104 100 102 102 101 100 101 101 102 105 108 110 112 115 119 121 123 127 126 120 116 113 109 106 104 105 107 108 109 112 114 114 115 117 119 118 118 117 118 119 121 121 121 121 121 121 121 120 120 120 121 121 121 121 121 121 120 120 119 119 118 117 116 115 114 113 112 111 111 110 110
93 89 84 83 81 78 76 75 71 66 65 63 63 70 75 72 69 65 55 58 80 96 99 91 70 74 86 93 95 95 95 97 100 103 107 110 111 112 114 119 123 124 127 129 124 118 114 112 109 108 108 109 111 111 113 115 115 114 116 120 122 120 119 118 120 121 122 122 122 121 120 120 120 120 120 120 120 120 121 120 120 120 120 119 119 118 117 117 116 115 114 113 113 112 112 111
96 93 87 82 77 74 72 71 70 68 66 64 61 61 64 68 74 78 77 89 101 102 88 62 54 66 79 85 88 89 91 94 99 103 108 111 111 112 114 119 125 126 128 130 127 120 114 113 112 111 110 111 112 112 113 114 116 115 116 120 122 121 120 119 120 123 124 124 123 121 119 119 120 120 120 120 120 120 120 120 120 120 120 120 119 119 118 117 117 116 115 115 114 114 113 113
100 96 89 82 77 74 73 72 71 70 69 68 65 64 71 81 85 89 94 99 99 86 62 55 59 67 75 79 83 86 91 95 99 103 107 111 113 114 114 118 124 127 128 130 131 126 120 117 116 114 113 112 113 114 113 115 117 117 117 119 122 123 122 120 120 122 124 124 123 119 117 118 120 120 119 119 119 120 120 120 120 120 120 120 120 119 119 118 118 117 116 116 115 115 114 114
103 99 91 85 80 78 76 74 73 73 73 73 75 83 91 92 91 92 96 95 83 57 52 59 63 65 72 79 85 90 94 96 98 102 106 110 115 116 115 117 122 127 128 130 133 130 124 120 118 115 114 113 114 116 116 117 118 118 118 120 123 125 125 122 120 121 123 124 124 120 117 117 119 119 119 118 118 119 120 120 120 120 120 120 120 120 119 119 118 118 117 117 116 116 115 115
106 102 94 87 83 80 79 77 75 75 78 80 85 94 99 98 93 89 87 79 63 53 57 63 62 64 74 82 88 93 96 98 99 101 104 108 113 116 116 117 121 126 129 130 133 132 127 122 120 117 116 116 116 117 118 118 118 119 119 119 121 124 124 122 121 121 123 126 126 123 118 116 117 117 115 115 116 118 119 120 120 121 121 121 121 120 120 120 119 119 118 118 117 117 116 116
109 105 95 88 83 81 80 77 75 78 81 85 90 95 98 97 92 85 78 69 61 61 64 63 64 70 77 83 87 92 96 99 100 101 102 106 113 118 121 122 124 127 129 131 134 135 132 128 125 122 120 119 118 118 118 119 119 119 119 119 120 122 122 122 121 121 123 127 128 124 120 116 115 115 114 114 116 118 117 117 119 121 122 122 122 121 121 120 120 119 119 118 118 117 117 116
114 108 97 89 84 82 80 78 78 82 87 92 96 99 99 97 91 84 77 69 66 70 71 68 70 75 78 80 86 93 98 103 104 101 100 106 115 122 124 125 127 129 130 131 134 136 136 133 130 127 123 122 121 120 119 120 120 120 119 118 119 121 122 122 122 122 123 127 129 125 120 118 116 117 119 119 119 119 117 117 120 123 124 123 122 122 121 121 120 120 119 119 118 118 117 117
123 114 101 92 87 84 84 87 90 94 99 102 101 99 97 95 91 86 80 72 71 77 80 78 75 76 78 80 84 94 102 106 107 100 101 110 119 124 124 125 129 130 131 133 136 138 140 138 135 131 126 123 122 121 120 120 121 121 120 119 119 120 122 123 123 124 123 126 130 127 121 119 118 118 119 119 120 123 123 121 121 124 126 125 124 123 122 121 120 120 119 119 118 118 117 117
137 125 107 99 96 96 100 104 105 103 100 98 94 90 90 92 93 90 82 78 80 86 89 89 82 79 82 83 84 94 103 107 109 100 104 116 123 124 123 126 132 133 132 134 138 139 142 142 140 135 130 125 123 123 122 121 121 122 122 122 120 120 122 124 123 123 124 125 129 130 124 119 118 118 118 119 120 123 125 123 121 123 126 127 125 124 123 122 120 120 119 118 118 118 117 117
156 142 119 112 112 112 110 107 103 97 90 86 85 84 88 93 98 95 84 84 89 94 96 96 93 87 86 86 87 95 104 106 108 103 106 116 122 122 126 131 134 130 130 136 139 140 143 146 144 139 135 130 127 126 124 123 122 122 123 125 124 121 122 124 122 121 123 125 128 131 126 119 118 120 120 120 120 121 123 122 120 121 125 129 128 125 123 122 120 119 118 118 118 118 117 117
174 157 131 122 117 111 104 96 90 86 84 83 83 86 91 98 105 106 91 87 91 98 104 106 106 100 94 92 92 97 104 108 107 103 105 114 121 125 130 135 133 127 129 135 139 140 143 148 147 143 139 135 131 128 127 126 125 122 123 126 126 122 121 123 122 120 122 125 128 131 130 123 120 120 120 119 119 119 120 121 120 120 123 128 128 126 123 121 119 118 117 116 116 117 116 116
179 160 135 122 112 103 96 92 89 86 84 84 88 93 98 104 113 127 106 90 91 99 112 119 116 111 108 105 98 96 101 108 108 103 107 116 124 130 136 138 135 131 130 134 137 140 143 148 149 146 142 138 135 130 128 129 128 124 122 125 127 124 121 123 124 123 122 125 128 131 131 125 120 119 119 118 118 117 117 118 119 120 122 126 129 128 124 120 117 115 114 113 114 115 116 115
181 163 135 119 109 103 99 96 93 90 86 88 98 104 104 107 119 147 131 104 97 100 113 127 121 114 115 114 108 98 96 103 108 107 112 121 130 135 140 139 137 131 125 129 138 142 144 146 148 147 145 143 140 134 130 131 131 127 124 125 128 127 124 124 126 126 124 126 128 130 129 125 121 119 118 118 118 119 118 117 118 120 123 126 129 129 124 119 114 110 110 113 116 116 116 115
189 171 140 121 111 107 105 102 99 96 95 97 104 111 108 108 122 155 149 126 109 102 108 126 121 114 118 119 116 107 98 98 104 109 115 123 130 135 138 137 134 125 121 127 138 145 144 144 146 147 147 148 145 138 133 132 133 131 127 126 129 130 127 125 128 128 127 128 130 132 132 128 124 123 120 118 119 121 121 119 117 119 122 123 127 129 123 117 113 109 113 119 121 119 117 114
199 184 150 130 120 114 112 110 106 102 103 106 110 113 108 109 125 156 158 138 118 105 106 118 122 122 124 123 120 117 108 98 100 108 115 121 124 128 134 137 131 124 123 128 138 144 146 147 148 148 149 150 149 143 137 134 135 134 130 128 130 133 131 127 129 131 130 130 131 134 135 131 126 125 122 119 119 120 122 120 116 118 123 125 126 130 124 118 117 117 120 126 126 121 115 112
210 194 159 139 129 123 117 115 112 110 112 115 117 115 106 111 128 156 165 147 128 117 114 120 126 129 130 128 124 127 123 108 102 105 114 121 125 128 131 134 131 128 129 132 138 145 150 152 150 149 150 152 152 148 140 136 136 136 133 130 131 135 133 129 130 134 133 131 131 132 134 131 126 124 124 121 119 119 122 122 117 117 124 128 129 134 129 122 122 121 124 128 128 122 116 116
215 197 166 146 134 128 122 119 118 117 119 122 125 121 109 112 129 160 171 157 142 134 130 126 127 131 135 130 123 132 136 122 107 104 112 123 130 133 131 131 132 132 134 135 137 145 151 151 149 148 151 154 157 153 145 138 136 137 135 132 133 135 134 131 131 135 135 133 132 133 134 133 128 124 124 122 120 118 120 121 116 116 123 129 130 134 132 126 124 124 125 128 129 126 123 123
217 202 174 150 136 132 131 127 123 120 120 126 135 131 113 111 124 156 167 159 148 140 135 130 128 132 141 137 129 134 138 128 117 112 117 127 134 139 135 133 136 137 137 136 137 143 148 149 149 150 153 158 161 159 152 143 138 138 137 134 134 137 137 134 134 137 137 135 134 134 135 136 133 128 125 124 123 119 118 119 117 117 123 130 130 132 133 128 125 125 127 129 132 128 125 124
221 210 182 155 141 138 138 132 125 121 118 126 141 136 117 107 114 143 158 155 147 138 132 129 127 130 139 140 137 141 142 138 134 127 127 134 141 146 141 139 142 143 140 137 136 140 147 150 152 153 156 162 165 164 158 147 140 139 139 136 136 139 138 136 137 140 140 138 136 135 136 137 136 132 127 126 127 123 120 121 120 120 124 130 130 131 132 129 126 127 129 132 134 128 124 123
225 216 189 157 144 142 139 131 124 121 117 122 141 139 122 108 111 131 149 151 145 136 130 127 124 125 128 130 134 140 142 144 140 132 129 134 143 151 150 150 152 148 144 139 139 142 147 150 153 155 158 163 166 167 163 151 143 140 140 138 137 139 139 137 138 140 141 140 138 135 135 137 138 136 131 127 127 126 123 121 119 119 123 129 130 130 131 130 128 129 131 134 135 126 122 123
227 219 193 159 145 143 134 127 123 123 119 120 138 144 130 114 111 123 143 148 145 138 131 125 121 120 121 122 126 130 133 136 133 127 124 127 138 147 152 160 161 157 151 148 148 149 150 152 156 158 159 163 167 169 167 156 145 141 141 139 138 139 138 133 131 128 129 134 136 134 134 137 137 136 134 130 128 127 124 120 118 117 122 127 129 131 132 131 130 130 132 135 135 125 122 126
227 218 190 165 156 150 137 128 125 127 124 118 132 149 139 121 111 117 136 147 146 137 129 123 119 118 119 122 124 123 122 122 122 122 121 123 130 134 143 156 161 160 153 150 151 152 153 157 162 162 162 164 168 172 171 161 148 142 142 139 137 137 133 123 115 110 112 122 130 131 132 135 135 135 136 134 132 129 125 122 120 120 123 127 130 133 135 134 132 130 133 137 136 125 123 128
223 210 182 167 160 154 143 132 127 130 126 118 130 150 144 126 111 110 125 138 140 134 128 122 116 114 116 119 120 120 121 121 119 121 119 118 124 124 129 145 154 155 148 142 142 144 148 157 164 165 164 163 169 175 173 164 151 144 142 138 134 130 123 118 120 119 119 124 129 129 129 132 133 134 136 137 135 132 129 127 125 123 127 131 133 136 139 139 135 133 136 141 134 123 123 128
218 205 179 167 158 149 142 132 126 129 126 120 130 151 145 128 112 103 108 122 127 128 125 119 113 112 113 114 117 120 124 123 118 119 119 116 121 123 123 138 149 152 147 139 135 135 139 150 160 164 163 163 170 177 173 165 152 141 137 134 130 128 128 132 133 130 128 128 130 131 129 128 129 131 134 136 138 135 132 132 131 128 130 135 137 139 143 143 136 135 139 144 133 122 124 130
216 203 180 171 160 147 140 132 124 127 124 120 131 149 143 129 114 101 99 109 118 122 123 120 116 112 110 116 123 126 131 126 119 120 119 115 118 123 122 132 146 152 151 142 136 135 138 147 159 163 163 166 173 178 176 170 158 143 135 135 137 138 139 141 139 134 131 129 129 131 129 122 122 125 130 134 138 137 134 133 133 129 129 135 137 139 146 145 136 134 139 144 135 125 127 134
211 199 182 175 164 151 143 136 128 129 125 118 125 140 135 126 118 109 103 107 114 122 126 122 119 118 122 130 133 137 140 129 120 120 120 114 115 123 123 128 141 150 154 145 135 134 138 147 158 162 164 169 176 180 180 176 167 156 148 150 150 145 145 145 141 136 133 131 129 130 129 122 119 121 124 129 134 134 132 130 129 126 125 131 136 141 149 146 137 135 140 144 135 127 129 137
207 198 181 174 165 154 145 138 132 131 126 117 119 134 131 130 128 120 114 112 115 123 132 132 132 136 140 142 144 148 150 136 122 119 121 115 114 119 122 125 134 147 153 148 137 134 139 150 160 164 166 170 178 183 183 179 171 161 154 155 154 149 147 146 141 137 135 133 131 130 130 127 124 123 123 125 129 131 129 127 128 126 124 128 135 144 153 148 139 137 141 144 134 129 132 139
207 196 179 174 166 157 148 138 134 132 129 122 123 132 135 140 141 133 127 125 131 137 143 148 147 145 147 149 148 152 155 144 129 124 122 116 112 114 118 120 126 138 147 149 141 134 138 151 162 167 168 171 180 186 187 182 173 161 154 154 153 150 148 146 141 137 136 135 133 131 129 126 125 125 125 125 128 130 130 130 131 130 128 129 135 147 157 154 147 141 142 142 134 131 135 141
206 195 178 173 166 155 145 138 135 135 134 131 130 133 137 144 146 139 136 137 141 143 146 150 149 145 141 139 144 149 152 146 136 131 126 116 111 112 114 115 118 127 137 144 142 135 136 150 162 165 167 173 183 189 189 184 175 162 154 153 152 151 150 147 143 139 138 137 135 133 128 122 121 122 123 122 126 129 128 129 131 131 131 131 134 146 155 154 151 148 147 144 138 136 137 141
207 198 179 170 164 150 139 134 132 135 136 133 130 130 134 139 144 139 137 137 139 141 139 138 135 131 132 136 137 140 144 143 139 137 133 124 114 109 108 109 113 119 127 135 140 138 139 153 163 165 170 176 187 192 190 185 175 164 156 154 154 153 151 148 144 142 140 139 138 135 130 124 120 119 119 119 122 126 123 122 125 126 128 129 131 137 144 146 146 145 145 144 143 144 143 142
210 201 180 171 165 150 138 130 127 130 132 129 124 121 123 129 133 135 136 137 137 138 138 135 130 127 131 136 137 138 138 139 140 141 141 134 125 117 114 113 114 117 122 129 135 139 144 159 167 167 174 183 192 194 190 183 175 166 159 156 155 154 152 149 146 144 142 142 141 138 133 127 122 120 119 119 121 125 123 120 120 122 124 123 124 128 133 136 134 134 135 136 141 148 150 150
211 200 181 173 166 153 143 135 127 125 124 122 120 118 119 120 121 124 131 135 137 139 141 140 133 128 132 138 139 142 141 140 144 146 146 143 139 137 135 130 127 127 128 130 134 139 147 161 167 170 180 192 197 194 189 183 176 167 160 157 155 153 151 149 147 146 144 143 143 141 136 130 126 122 121 120 123 128 127 123 123 126 126 123 121 122 126 132 131 129 129 127 131 142 149 151
