windninja/windninja_output/Output_2025-10-23_0300-0350_Google earth_Fire_150m_10min/merlingen_7.5mi_point_10-23-2025_0310_150m_ang.asc
ncols	158
nrows	163
xllcorner	391686.332397
yllcorner	5160024.123721
cellsize	150.000000
NODATA_value	-32768.000000
[rows 52 to 103 of 163, columns 0 to 95 of 158]
97 98 101 102 101 101 99 97 101 106 107 105 103 102 102 101 101 101 100 100 100 100 99 99 99 99 99 99 99 100 100 100 101 101 103 104 105 107 108 108 106 104 106 108 104 96 87 77 74 78 85 87 87 90 95 96 92 84 78 76 78 82 87 88 86 83 78 73 71 71 70 68 65 64 66 68 69 70 72 73 72 71 75 80 84 85 84 82 79 76 71 68 65 64 68 74
95 97 104 105 102 102 101 97 98 102 106 105 104 102 102 102 102 101 101 100 100 100 100 100 99 99 99 99 99 99 100 100 101 101 102 103 104 106 108 109 108 106 106 107 104 96 88 83 84 86 88 88 88 91 94 94 88 80 75 76 80 85 88 88 85 80 75 69 69 70 69 67 64 65 68 69 70 73 77 78 73 72 74 76 80 85 86 84 79 74 71 69 66 65 72 89
93 95 103 108 104 102 102 98 95 98 103 106 105 104 103 103 102 102 101 101 100 100 100 100 100 100 99 99 99 100 100 100 100 101 101 102 103 104 106 108 110 107 104 104 103 99 93 93 94 91 88 88 90 91 92 90 84 77 75 78 82 86 89 87 83 76 70 65 66 67 66 64 63 66 69 70 70 74 79 80 77 76 75 73 73 77 82 84 79 74 72 71 70 69 81 97
95 95 98 104 104 101 101 98 94 94 100 105 105 105 104 103 102 102 102 101 101 101 101 100 100 100 100 100 100 100 100 100 100 100 101 102 102 103 104 106 108 106 103 102 104 104 102 102 100 95 90 90 91 92 91 87 78 74 78 82 85 88 88 85 80 72 67 64 66 66 62 61 65 69 71 70 71 75 79 80 80 79 77 73 70 70 71 73 75 75 75 76 77 80 87 94
96 95 94 97 100 100 101 102 97 94 97 101 104 106 105 104 103 103 102 102 101 101 101 101 101 100 100 100 100 100 100 100 100 100 101 101 102 102 103 104 105 105 104 104 105 108 110 108 104 99 95 93 92 92 90 84 75 76 82 86 89 89 86 81 75 69 66 65 67 65 61 63 68 70 71 71 72 77 79 79 80 80 77 74 72 69 65 63 65 70 77 83 89 94 91 88
96 96 94 94 96 98 101 104 102 98 97 98 101 104 106 105 104 103 103 102 102 101 101 101 101 101 100 100 100 100 100 100 100 100 100 101 101 102 102 103 103 104 104 105 106 108 111 111 108 106 101 95 94 93 89 82 77 81 87 90 90 88 84 79 71 66 64 63 64 63 64 67 69 70 71 71 74 78 79 77 77 77 76 74 73 70 67 63 63 67 77 90 101 101 94 82
95 95 95 95 95 96 98 102 105 103 100 97 96 99 104 107 105 104 103 103 102 102 101 101 101 101 101 100 100 100 100 100 100 100 100 100 101 101 101 102 102 103 104 105 106 107 109 111 113 113 109 100 96 95 89 83 81 86 90 90 89 86 82 77 69 64 61 59 58 63 67 70 71 72 72 73 77 79 77 74 72 72 73 72 71 70 69 68 69 75 87 96 99 98 90 71
94 94 95 95 95 95 96 99 104 104 102 100 95 95 99 105 107 106 105 104 103 102 102 102 101 101 101 101 100 100 100 100 100 100 100 100 100 100 101 101 101 102 103 104 105 106 107 110 114 117 117 109 100 95 90 84 85 91 93 91 89 85 80 75 69 64 60 54 56 65 70 72 73 74 74 76 79 79 75 72 70 70 70 68 67 68 68 72 79 90 96 95 93 91 78 61
94 94 94 94 94 95 96 98 100 102 103 104 101 97 96 99 104 106 106 105 104 103 103 102 102 101 101 101 101 100 100 100 100 100 100 100 100 100 100 101 101 101 102 103 104 105 106 108 112 118 122 117 105 97 91 85 88 93 94 91 89 85 80 75 70 66 60 52 59 69 73 74 76 76 76 77 78 76 72 70 70 70 69 67 66 67 71 78 89 97 97 91 85 77 65 56
94 93 93 93 94 95 96 97 99 101 104 107 107 101 96 95 98 104 107 107 106 104 103 102 101 101 101 101 101 101 101 100 100 100 100 100 100 100 100 100 101 101 101 102 103 104 105 107 110 115 122 120 110 100 92 88 91 94 93 91 88 85 81 77 72 67 59 52 64 73 75 76 78 79 78 79 77 72 70 69 69 69 69 68 69 72 79 88 95 97 93 84 75 62 57 53
94 94 94 94 95 95 96 98 98 100 103 107 109 106 100 95 95 98 103 106 107 106 104 103 102 101 101 102 102 101 101 101 100 100 100 100 100 100 100 100 100 101 101 101 102 103 104 106 108 112 118 120 112 104 96 93 94 94 93 91 88 86 84 79 74 68 59 57 70 76 76 78 80 80 79 77 74 71 69 68 68 68 68 71 74 79 89 97 97 93 85 75 64 56 53 52
94 94 94 95 97 97 98 97 97 98 101 105 108 108 105 100 95 95 98 102 106 106 105 104 103 102 102 102 102 101 101 101 101 100 100 100 100 100 100 100 100 100 100 101 101 102 103 105 107 109 114 118 113 107 103 99 95 94 94 92 90 87 83 78 75 71 64 67 75 77 77 79 80 80 78 74 72 70 68 66 66 66 68 73 77 85 95 100 97 87 73 65 59 54 53 51
93 94 94 96 98 99 98 97 97 97 99 103 108 109 108 105 100 96 94 97 101 104 105 105 104 102 102 102 102 102 102 101 101 101 100 100 100 100 100 100 100 100 100 100 101 102 103 104 105 107 111 114 113 109 109 105 97 94 94 94 92 85 78 75 78 77 76 79 80 79 78 79 80 79 76 73 72 69 65 63 64 65 70 75 82 91 95 95 89 74 63 59 55 54 52 51
92 92 93 96 97 98 98 97 97 97 98 101 107 110 108 107 105 100 95 94 96 99 102 104 105 104 102 102 102 102 102 102 101 101 101 100 100 100 100 100 100 100 100 100 100 101 102 103 104 105 107 111 112 110 111 111 102 95 93 93 89 80 74 77 80 82 83 84 82 80 79 80 80 78 75 74 73 68 63 62 64 69 75 80 87 93 92 86 75 62 57 54 52 53 52 52
89 89 90 93 96 97 98 96 95 97 100 101 104 109 110 107 106 104 99 95 94 95 98 101 104 105 103 102 102 102 102 102 101 101 101 101 100 100 100 100 100 100 100 100 100 100 101 102 103 104 105 107 109 110 111 113 108 99 93 89 83 78 80 82 82 82 82 83 82 82 82 82 80 77 75 75 73 68 62 62 68 74 80 85 88 88 84 75 62 55 52 50 50 51 53 56
86 85 85 87 92 97 99 96 94 96 100 101 101 105 110 108 105 105 104 100 96 94 94 97 100 102 103 102 102 102 102 102 102 101 101 101 100 100 100 100 100 99 99 99 100 100 100 101 102 102 103 105 106 107 109 111 110 104 95 88 85 87 91 88 85 82 80 80 82 84 84 84 82 78 75 74 72 67 62 66 73 79 84 86 86 83 75 63 56 52 49 48 49 50 52 58
94 89 85 84 88 93 97 92 90 94 98 99 100 102 105 106 105 106 106 103 99 96 95 94 95 96 98 100 102 103 103 103 102 102 102 101 101 100 100 100 100 99 99 99 99 100 100 100 101 101 102 103 104 105 106 107 107 105 100 94 93 98 99 95 89 84 79 79 82 84 84 84 83 80 76 75 73 68 67 74 80 84 84 83 86 82 69 57 53 50 48 47 49 51 53 57
103 101 96 92 90 89 88 88 89 92 95 96 97 98 99 102 103 104 105 104 102 100 98 96 93 90 90 96 101 103 104 105 104 103 102 101 101 101 100 100 100 99 99 99 99 99 99 100 100 100 101 101 102 102 103 103 103 103 102 99 98 102 103 100 95 88 84 83 82 82 81 82 83 80 77 76 75 73 76 82 85 85 81 81 88 82 65 54 52 48 46 46 49 51 55 57
101 104 106 103 97 90 87 92 94 93 93 92 91 92 93 96 97 98 100 102 103 101 99 98 95 88 88 92 97 101 103 105 105 104 103 102 102 101 101 100 100 100 99 99 99 99 99 99 99 99 100 100 100 101 101 101 101 101 100 100 100 102 104 103 100 97 94 91 87 83 81 83 83 79 76 76 77 79 83 86 85 83 81 85 89 80 61 53 50 47 45 46 49 51 54 56
96 100 105 106 101 97 96 101 101 95 91 90 89 89 90 91 92 93 94 97 100 100 100 99 98 95 91 90 93 97 100 103 105 106 105 103 102 101 101 100 100 100 99 99 99 99 99 99 99 99 99 99 99 99 100 100 99 99 99 99 99 100 101 102 102 102 101 99 95 93 91 89 84 77 75 77 79 82 85 86 84 83 85 91 87 71 56 51 48 47 46 48 50 49 51 54
95 98 103 104 103 101 102 107 105 97 90 90 92 92 92 92 93 93 93 94 96 98 99 99 101 103 97 91 89 92 95 98 101 105 106 105 103 102 101 101 100 100 99 99 99 99 98 98 98 98 98 98 99 99 98 98 98 98 98 98 98 98 98 99 100 101 102 102 102 103 101 96 87 80 80 82 83 83 83 83 84 87 92 93 82 60 50 48 48 50 50 52 55 55 57 63
95 98 102 104 104 103 104 106 105 98 93 93 94 95 95 96 97 97 97 96 96 96 97 98 101 104 101 94 90 89 91 94 96 101 105 105 104 103 102 101 101 100 100 99 99 98 98 98 98 98 98 98 98 98 98 98 97 97 97 97 97 97 97 97 98 98 99 100 102 104 104 101 95 90 89 89 88 86 83 84 88 94 96 89 72 54 47 47 51 53 52 54 57 62 70 73
94 97 102 105 105 104 104 104 103 100 98 97 97 97 98 98 99 99 99 99 99 97 96 97 99 102 101 96 92 90 90 92 94 97 101 103 103 103 103 102 101 100 99 99 99 98 98 98 98 98 97 97 97 97 97 97 97 96 96 96 96 96 96 96 97 97 97 98 99 101 102 103 102 100 97 95 93 89 85 89 95 98 94 80 61 50 47 49 54 55 55 53 53 65 71 70
92 95 100 106 107 106 106 105 104 103 102 101 100 100 101 101 101 101 100 100 100 99 98 97 99 102 101 98 94 91 90 91 93 94 96 99 102 103 103 102 101 100 99 99 98 98 98 98 98 97 97 97 97 97 96 96 96 96 96 95 95 95 95 95 95 96 96 96 97 98 99 100 101 104 104 101 97 92 90 97 100 96 86 69 54 48 49 53 56 59 64 61 62 71 69 63
90 92 98 104 109 109 109 108 107 106 105 104 103 102 103 103 103 102 101 101 100 100 99 99 99 100 100 100 98 93 90 90 90 90 92 97 100 102 103 103 102 100 100 99 99 98 98 98 97 97 97 97 97 96 96 96 95 95 95 95 95 94 94 94 94 94 95 95 96 96 97 97 98 102 106 106 103 99 98 101 99 90 77 62 55 56 58 59 60 67 74 79 81 77 68 59
90 91 92 98 107 111 112 111 111 111 110 109 107 105 105 105 105 104 103 102 101 101 101 100 98 97 99 102 101 97 91 88 88 89 91 95 99 100 102 102 102 101 99 99 98 98 98 97 97 97 97 97 96 96 96 95 95 95 94 94 94 94 94 94 94 94 94 94 94 95 95 96 97 100 104 107 108 108 107 102 94 83 70 62 62 67 69 67 68 72 77 79 79 73 63 56
91 87 80 88 103 111 114 116 117 118 117 113 110 108 107 107 107 106 104 103 102 101 101 101 99 96 98 100 102 100 95 90 88 90 91 93 96 97 99 101 102 101 99 98 98 97 97 97 97 97 97 97 96 96 96 95 95 94 94 94 93 93 93 93 93 93 93 93 93 93 94 95 96 98 101 104 108 113 112 101 90 76 67 64 63 64 65 66 71 73 73 72 71 65 56 51
86 78 69 79 94 109 118 121 122 125 124 118 113 110 108 108 108 107 106 104 103 102 102 101 101 99 97 98 100 101 99 94 90 89 90 91 92 93 95 99 102 101 99 98 98 97 97 97 97 97 97 97 97 96 96 95 95 94 93 93 93 93 92 92 92 92 92 92 92 92 93 93 94 96 98 101 105 112 112 101 87 73 67 64 62 60 62 70 75 74 71 68 65 59 52 47
79 75 76 82 93 109 125 129 128 130 129 122 115 111 110 109 108 108 107 106 104 103 102 102 104 103 99 97 98 100 101 98 94 90 89 89 90 90 91 94 98 100 99 98 98 97 97 97 97 98 99 98 97 96 96 95 94 94 94 93 92 92 92 91 91 91 91 91 91 91 92 92 93 94 95 97 100 106 109 100 86 75 70 67 63 63 71 78 77 73 69 65 61 55 51 49
78 82 88 95 104 110 123 133 132 132 132 124 115 111 110 109 108 107 107 107 105 103 102 103 105 105 101 99 97 99 101 101 98 93 89 86 86 88 89 90 92 95 96 96 96 97 97 96 97 99 101 101 99 97 96 95 94 93 93 93 92 92 91 91 91 90 90 90 90 90 90 91 91 92 93 94 96 100 103 99 89 77 73 70 67 72 82 81 75 69 65 61 58 52 49 50
91 94 101 109 111 107 103 112 121 124 127 121 114 110 108 107 107 107 107 108 107 105 103 104 106 105 103 101 99 99 100 101 99 96 92 87 85 87 88 88 87 88 90 92 93 94 95 95 96 98 101 102 101 98 96 95 94 93 92 92 92 91 91 90 90 90 89 89 89 89 89 89 90 90 91 92 93 96 98 98 93 82 74 71 75 83 83 78 71 66 62 58 54 49 46 46
97 104 110 110 105 93 88 89 92 99 108 111 110 107 105 104 105 106 107 108 108 106 105 105 108 107 104 102 100 98 98 98 98 96 94 91 88 87 88 88 87 87 89 90 91 91 93 94 94 94 95 98 100 99 96 94 93 93 92 92 91 91 90 90 89 89 89 88 88 88 88 88 88 89 89 90 91 92 94 97 97 89 78 75 82 86 82 75 68 65 61 57 52 48 45 45
91 95 101 96 87 82 78 74 75 82 94 103 103 101 101 101 103 104 106 107 108 109 107 106 110 111 106 102 100 98 97 96 95 94 93 93 92 91 89 89 89 90 92 92 92 92 93 94 95 92 90 90 93 94 94 93 92 92 92 91 91 90 90 89 89 88 88 87 87 87 87 87 87 87 87 88 88 89 91 94 97 95 86 82 85 84 79 73 68 65 61 57 53 50 47 46
85 84 84 81 78 73 66 62 69 80 90 96 97 96 96 98 100 101 104 106 108 109 109 109 111 113 107 102 100 100 97 95 93 91 89 90 91 91 91 92 92 92 92 92 93 93 94 95 96 95 92 90 88 90 92 92 92 92 91 91 90 90 89 88 88 87 87 86 86 86 86 85 85 85 86 86 86 87 88 90 95 98 94 90 86 80 73 68 64 61 59 55 53 51 48 44
84 82 78 77 74 68 60 60 71 81 87 88 90 92 93 94 95 97 99 102 105 107 109 111 114 115 110 104 102 100 98 95 95 93 90 88 86 86 88 92 94 95 93 91 91 92 92 93 94 95 95 92 89 89 90 91 91 91 91 91 90 89 89 88 87 86 86 85 85 84 84 84 84 84 84 84 84 85 86 88 92 100 98 90 83 77 71 66 61 57 55 53 50 45 39 35
84 81 77 75 71 65 61 64 72 78 81 82 86 90 90 90 89 89 92 97 101 104 106 112 120 122 111 105 101 98 98 97 96 97 95 90 85 83 83 85 89 94 94 92 90 89 90 90 91 92 93 93 91 90 90 91 92 92 91 91 90 89 88 87 86 85 85 84 83 83 83 82 82 82 82 82 82 82 83 85 92 107 108 94 80 71 67 64 60 58 56 50 45 37 31 30
84 82 78 75 68 62 61 64 68 72 75 80 86 87 86 83 81 83 87 92 97 101 108 117 128 130 112 102 98 95 95 96 96 97 98 96 92 87 83 81 83 86 90 91 89 87 87 88 88 88 89 91 92 91 90 90 91 92 93 92 91 88 87 85 85 84 83 83 82 81 81 80 80 80 80 80 80 80 81 84 92 112 121 106 88 74 67 62 59 59 54 46 41 37 38 44
87 85 81 75 69 64 63 63 63 66 73 81 82 82 80 75 74 79 85 92 97 106 114 119 128 125 106 99 96 94 94 93 94 94 95 97 97 93 87 84 83 83 86 89 89 87 85 85 86 86 86 88 89 90 88 86 87 89 93 95 93 88 85 84 83 82 81 81 80 80 79 78 78 78 77 77 77 78 79 82 89 105 120 114 103 92 80 70 63 60 54 46 45 46 47 50
87 84 77 71 70 69 64 61 57 62 72 77 74 73 73 71 72 75 82 92 106 115 116 106 90 90 94 93 93 92 92 92 92 93 93 93 95 95 92 86 83 83 84 86 89 88 86 83 83 84 85 86 86 86 84 82 81 82 87 93 93 87 83 82 81 80 80 79 78 78 77 76 76 75 75 75 75 75 76 78 83 92 107 113 107 102 93 81 72 66 58 50 52 54 49 50
82 77 67 62 64 65 61 56 53 60 68 67 59 60 63 64 68 71 77 92 109 117 101 69 48 59 83 88 89 90 90 91 92 93 92 90 90 92 93 88 82 80 82 85 88 88 87 84 82 83 85 86 86 85 81 76 76 77 78 80 81 81 80 79 78 78 77 77 76 75 74 74 73 72 72 71 72 72 73 74 77 82 91 99 99 95 90 82 75 69 60 58 66 67 64 65
78 72 61 57 57 55 50 43 40 50 59 57 49 51 57 63 67 70 79 89 98 91 57 45 35 51 75 84 87 88 89 90 91 91 91 89 88 89 91 90 84 78 79 82 86 88 87 86 84 84 86 88 88 86 82 77 75 75 72 69 68 72 75 76 75 75 75 74 73 72 72 71 70 69 69 68 68 68 68 69 71 75 82 90 92 90 86 82 78 72 70 77 84 83 83 83
77 71 62 57 56 53 46 34 28 41 49 45 37 35 38 48 58 66 79 81 71 34 26 30 30 52 73 81 84 86 88 90 91 91 90 88 87 87 87 89 87 79 76 78 81 84 86 85 84 84 85 89 89 85 84 86 83 79 74 69 66 67 71 72 73 73 72 71 70 69 68 67 67 66 65 64 64 63 63 64 65 67 73 82 90 93 93 91 87 83 81 83 86 84 82 82
75 70 62 60 62 60 51 38 27 40 48 43 35 30 31 43 52 61 71 66 47 29 23 26 32 54 69 76 81 83 85 88 91 92 90 88 87 86 85 85 83 78 73 72 73 76 79 81 81 79 79 81 81 78 80 86 88 83 77 73 69 67 67 70 70 70 69 68 66 66 65 64 63 62 61 60 59 58 58 58 58 60 62 67 76 85 90 91 88 83 78 76 73 70 66 64
70 65 61 63 66 62 54 44 38 49 56 53 47 45 48 60 63 69 68 55 40 36 33 37 44 58 68 73 77 78 80 84 87 88 88 87 86 85 84 82 81 77 72 67 64 64 66 69 71 70 70 68 64 66 73 77 80 80 76 73 69 65 65 67 67 66 64 63 63 62 61 60 58 57 56 55 54 53 52 51 51 52 53 55 58 64 69 72 71 67 63 60 56 52 50 48
63 63 62 62 61 56 49 45 51 66 74 69 62 61 68 74 75 78 70 46 41 46 48 55 60 67 71 73 75 75 78 81 82 82 84 86 86 84 82 80 79 77 74 68 62 58 57 58 59 60 61 59 56 58 65 70 73 75 73 71 67 63 62 63 62 60 59 60 59 58 56 54 53 52 51 49 48 47 45 44 43 43 43 44 45 47 49 50 50 49 46 44 41 39 37 35
53 61 63 60 59 55 49 46 50 62 73 75 74 69 75 78 82 80 67 46 44 53 61 69 71 70 69 72 76 82 85 83 79 78 82 85 86 84 80 77 74 74 72 71 67 62 59 58 60 61 60 58 56 56 59 64 67 70 70 69 67 64 62 60 58 56 56 56 54 52 50 49 47 46 45 43 41 39 37 36 35 34 33 33 33 33 34 34 34 33 32 30 28 27 25 23
42 59 66 65 65 61 56 53 55 59 65 73 83 87 87 88 86 78 63 52 49 56 65 69 59 49 58 70 78 84 88 86 82 79 80 82 84 84 80 74 70 66 65 67 68 67 66 65 65 63 60 58 56 54 54 55 57 58 58 60 62 62 62 59 55 53 52 50 47 44 42 42 40 39 37 35 33 31 29 27 25 24 23 22 22 22 22 22 21 21 20 19 17 16 15 13
32 59 70 72 75 73 70 67 64 62 64 69 78 90 93 89 83 73 62 55 53 58 63 61 45 39 53 68 79 84 86 87 86 84 81 78 76 75 73 68 62 57 54 56 58 59 60 60 58 56 53 52 50 47 46 46 47 47 47 48 48 49 51 49 46 45 42 39 37 36 34 34 32 30 28 25 23 21 19 17 15 14 13 12 11 11 11 10 10 10 9 8 7 7 6 4
25 51 68 73 75 75 75 74 70 68 70 73 78 87 91 85 79 75 65 58 61 66 66 58 47 48 60 72 81 88 91 93 93 91 86 77 69 62 56 51 46 44 41 39 44 48 50 51 50 48 46 44 42 40 39 38 38 39 39 36 33 32 33 31 29 27 27 25 26 26 25 24 21 19 16 14 11 9 7 6 4 3 2 2 1 1 1 1 1 0 360 359 359 358 358 357
28 46 65 69 69 71 72 73 73 73 73 72 73 75 76 75 73 71 64 64 73 76 68 57 54 60 68 77 88 94 96 98 101 101 98 85 66 50 39 29 22 22 20 20 28 37 42 42 41 39 39 38 36 35 34 32 30 30 30 28 22 19 20 20 17 13 10 7 10 14 13 8 6 4 2 0 357 356 354 353 352 352 352 352 352 352 352 352 352 352 352 351 351 351 351 350
33 45 60 63 64 67 69 70 71 71 71 71 69 65 62 64 65 63 59 66 73 70 63 62 63 68 77 86 95 100 102 104 106 108 110 99 33 9 7 6 0 358 359 2 8 18 25 28 29 30 31 31 30 28 27 26 23 22 22 20 13 8 9 10 8 4 1 359 0 1 354 347 347 347 345 344 343 341 340 340 341 341 342 342 343 343 343 344 344 344 344 344 344 345 345 344
35 41 52 58 61 64 66 68 69 71 71 71 70 68 69 69 66 63 63 69 69 62 64 68 68 71 81 92 99 105 109 113 118 118 276 291 296 307 322 333 337 338 341 345 351 359 9 17 21 23 24 24 23 20 18 17 16 15 14 11 8 4 3 2 360 358 357 355 355 350 338 329 326 325 324 325 326 326 327 328 329 331 332 333 334 335 336 336 337 337 338 338 338 338 339 338
