windninja/windninja_output/Output_2025-10-23_0300-0350_Google earth_Fire_150m_10min/merlingen_7.5mi_point_10-23-2025_0350_150m_ang.asc
ncols	158
nrows	163
xllcorner	391686.332397
yllcorner	5160024.123721
cellsize	150.000000
NODATA_value	-32768.000000
[rows 0 to 48 of 163, columns 0 to 95 of 158]
104 102 100 99 97 98 99 94 92 92 89 80 63 55 58 66 75 81 85 95 102 92 77 76 81 86 84 77 75 75 74 73 73 72 71 75 79 79 80 78 75 74 75 76 79 82 85 87 85 82 81 79 79 80 79 76 73 72 74 75 74 72 70 67 65 63 63 66 71 75 75 73 69 66 67 68 68 69 71 71 69 65 64 66 67 66 62 60 60 58 56 56 55 53 52 52
105 103 102 102 100 99 96 94 92 92 90 82 67 61 64 71 79 84 90 95 100 97 86 81 82 83 82 80 79 77 75 75 74 74 75 77 78 79 80 80 78 78 77 79 82 83 85 87 87 85 83 81 80 79 77 75 74 74 75 75 74 73 71 70 68 67 67 69 72 75 74 72 70 69 70 69 67 69 72 71 68 66 66 66 66 67 64 62 62 61 60 60 59 57 56 55
107 105 105 105 103 100 96 94 95 96 94 87 76 74 75 80 85 90 93 95 95 99 99 91 84 81 81 83 82 79 78 78 78 79 81 81 80 81 81 82 83 83 83 85 86 86 86 86 87 86 85 83 81 78 77 77 77 77 77 76 76 75 74 74 73 72 72 73 75 75 74 72 72 74 74 71 69 71 73 71 66 67 69 67 68 70 68 65 64 64 66 67 65 64 63 62
108 105 104 104 103 102 101 101 103 103 100 92 83 82 84 87 90 93 93 92 92 96 101 97 89 84 83 83 82 81 81 82 83 85 85 84 84 83 83 85 86 87 88 89 90 89 89 86 84 84 85 83 80 79 79 80 80 80 79 78 77 77 76 76 75 75 75 76 78 77 74 74 75 76 75 74 73 74 74 71 66 67 69 69 71 73 70 67 66 66 67 70 70 68 68 69
109 106 103 103 103 105 107 107 106 104 99 94 90 89 92 92 91 91 90 88 89 95 101 104 97 91 87 85 84 84 83 82 84 87 88 86 85 86 88 90 91 91 92 92 91 89 88 86 85 84 82 80 80 80 80 80 81 81 81 80 79 78 78 78 77 77 77 78 79 76 74 75 77 77 76 75 77 78 75 71 68 70 71 71 74 75 74 73 72 70 69 71 73 73 74 75
110 109 106 104 105 107 109 108 105 100 96 97 99 97 96 94 90 88 87 86 87 92 100 109 105 98 93 89 87 86 84 84 86 87 87 88 89 91 92 93 93 94 94 92 90 88 86 85 84 82 79 79 80 81 81 81 82 83 83 82 81 80 79 79 79 79 80 80 80 76 74 76 79 79 76 76 78 80 77 70 70 75 77 76 76 77 78 81 83 80 77 77 77 78 80 79
109 109 109 108 107 107 108 106 103 100 99 102 106 102 98 95 91 88 87 88 89 92 98 108 110 104 97 93 91 89 88 89 89 87 87 90 93 94 94 93 93 93 92 90 89 87 86 85 84 82 80 79 80 81 81 82 84 85 85 85 84 82 81 80 80 81 82 82 81 78 76 78 81 81 78 78 79 79 75 70 73 79 81 79 78 78 80 84 90 92 90 87 84 82 81 82
108 108 110 110 108 107 105 102 100 101 104 109 112 107 100 96 93 90 89 89 90 92 96 104 111 108 102 98 96 93 93 93 91 88 89 92 93 92 91 90 89 89 88 87 87 87 86 85 84 82 81 82 81 80 81 84 86 87 87 88 87 85 82 80 80 81 83 83 82 80 80 81 80 79 79 79 79 77 71 70 78 83 83 81 81 81 82 85 90 96 98 95 91 88 86 89
108 107 108 109 108 105 103 100 101 104 108 113 116 111 102 97 95 94 91 90 91 91 93 99 108 112 107 101 98 96 96 95 92 90 91 92 91 89 87 86 85 86 86 86 86 86 85 85 84 82 82 83 81 80 83 86 88 88 89 88 86 85 84 81 79 80 84 85 83 81 82 83 81 79 79 80 79 76 71 75 82 86 88 86 85 85 84 86 91 96 98 97 97 96 96 97
108 107 107 107 107 105 103 102 104 106 109 114 118 114 104 98 96 96 94 93 93 93 94 98 103 110 110 103 100 100 98 97 95 93 92 90 88 86 84 84 85 85 86 86 86 86 86 85 85 84 83 83 82 84 87 88 88 88 86 84 83 84 85 83 83 84 86 86 83 80 80 82 82 81 80 80 80 78 76 81 86 88 91 93 92 91 90 92 95 95 93 95 98 99 98 96
108 108 107 106 107 106 105 105 106 108 110 113 117 116 108 100 97 98 98 98 96 95 95 96 99 105 109 104 101 101 99 96 94 93 90 87 85 84 84 85 85 85 85 85 84 85 86 84 83 82 85 85 85 87 88 86 85 84 82 80 81 82 83 87 91 90 89 86 82 79 80 82 83 82 80 80 81 83 87 90 89 88 89 94 97 98 97 97 96 93 90 92 95 95 94 93
108 108 107 106 106 107 107 107 107 109 110 112 115 116 110 104 101 100 100 100 99 97 95 94 96 98 100 100 98 97 95 92 92 92 90 86 84 84 86 87 85 84 84 82 82 83 83 81 79 80 85 86 86 87 87 85 82 81 79 78 80 81 85 93 96 95 92 87 83 83 84 84 84 84 82 82 85 90 96 97 93 89 88 93 99 102 100 96 95 92 91 90 91 93 93 92
108 108 107 107 107 107 108 107 107 108 109 111 113 114 111 106 104 102 101 101 101 99 96 93 91 89 89 93 94 94 92 92 92 92 89 87 86 87 88 86 85 85 83 80 80 78 75 73 75 80 83 84 85 85 86 87 84 80 75 75 79 82 88 96 99 97 94 92 93 93 91 87 86 88 90 91 91 93 96 98 95 93 92 94 97 99 97 94 92 91 91 89 88 91 93 90
108 108 108 108 108 108 108 107 107 108 109 110 112 113 110 105 105 106 104 102 101 98 94 88 84 82 85 90 92 92 92 93 93 91 89 88 88 89 88 86 84 82 79 78 78 75 70 68 72 78 80 82 83 83 86 89 88 81 75 75 81 86 92 97 100 98 96 99 105 106 99 93 93 95 98 98 95 94 92 92 95 97 97 95 92 92 93 91 86 87 90 88 85 86 89 87
108 108 108 108 108 108 107 107 107 108 108 109 112 114 110 105 105 107 107 102 98 95 90 86 83 84 88 90 91 90 90 92 93 92 91 90 87 85 83 82 80 76 73 77 79 76 75 75 74 74 78 83 83 84 87 89 91 87 81 81 85 91 95 97 96 97 100 103 109 116 112 103 100 99 99 98 97 93 89 92 97 99 97 93 89 88 90 86 80 79 85 86 83 83 86 87
108 108 108 108 108 107 107 107 107 107 108 109 112 116 114 107 105 105 106 102 98 94 91 87 85 87 90 89 88 89 91 93 92 91 90 87 83 80 78 76 75 73 74 79 81 78 81 84 81 77 80 84 87 89 88 88 90 92 90 89 91 95 98 97 93 95 100 104 108 118 122 112 104 99 98 98 95 92 92 96 99 99 95 91 87 85 84 81 76 75 80 83 82 82 85 87
108 108 108 108 108 108 107 107 107 107 108 109 111 115 116 109 104 102 102 101 99 95 92 88 88 88 89 90 90 92 93 91 87 82 79 78 80 80 78 76 77 79 82 82 81 82 83 84 87 89 89 88 90 91 89 86 85 90 95 95 95 97 98 97 94 94 98 103 106 112 119 116 108 105 104 101 97 96 99 99 96 93 91 87 84 82 79 77 79 82 83 83 82 82 84 86
109 108 108 108 108 108 108 108 108 108 108 109 110 113 114 109 103 100 99 98 96 94 91 91 90 88 88 91 93 92 89 84 77 74 74 77 81 82 81 81 83 85 85 84 82 84 85 86 90 95 96 93 91 90 88 86 86 90 95 97 96 97 97 97 97 96 98 102 104 105 111 115 113 112 111 106 103 102 99 94 88 87 85 82 79 79 78 78 84 91 92 86 82 83 83 84
109 109 108 108 108 108 108 108 108 108 107 108 109 110 111 109 104 100 97 94 92 92 92 92 90 89 89 90 91 89 83 77 73 74 76 80 82 84 84 85 85 85 85 85 85 86 89 93 93 93 95 95 93 91 89 90 90 91 95 98 97 95 95 96 99 99 98 98 100 103 109 115 114 112 113 111 107 100 92 86 85 85 85 82 79 78 80 82 86 92 97 92 87 86 84 82
109 109 109 108 108 108 108 108 108 107 107 107 108 108 108 107 103 99 95 93 93 93 93 92 91 90 89 88 88 86 81 76 74 76 79 82 84 86 88 88 88 87 87 86 87 89 93 96 94 92 92 95 96 96 95 94 93 92 94 96 95 92 93 97 99 99 98 97 100 106 110 113 111 108 110 110 103 94 89 87 88 89 90 89 86 83 82 83 86 91 97 97 91 88 87 84
109 109 109 109 108 108 107 107 107 107 107 106 106 106 106 105 102 99 97 96 95 94 94 93 92 90 89 87 86 84 81 77 76 79 83 86 88 91 91 90 89 87 86 87 90 93 93 93 94 94 93 95 99 101 99 97 95 93 93 93 92 91 94 98 99 100 100 101 105 108 109 107 104 104 107 107 100 93 90 91 93 93 93 94 92 88 85 84 86 91 97 99 92 89 89 89
109 109 109 109 108 108 108 107 107 107 107 106 105 105 105 103 101 99 98 97 96 95 95 94 92 90 88 86 85 84 82 79 80 85 89 90 90 90 90 89 87 85 86 89 91 92 92 94 96 97 96 96 98 100 100 99 98 96 93 91 91 92 94 98 101 104 106 106 106 105 101 98 98 100 105 109 104 95 90 91 93 93 93 95 95 91 87 86 89 93 96 98 92 89 91 93
109 109 109 109 109 108 108 107 106 106 107 106 105 105 104 103 102 100 99 98 97 96 95 94 92 89 88 86 85 85 85 85 88 91 91 91 89 86 86 86 85 86 88 89 91 93 95 97 98 98 96 96 96 98 100 102 101 99 96 91 90 92 94 99 105 109 111 108 104 97 92 92 94 99 105 112 111 100 93 89 88 88 90 93 97 96 92 91 92 94 95 96 91 90 92 94
109 109 109 109 109 108 108 107 106 106 107 106 105 104 104 103 102 101 100 99 97 96 95 94 91 89 87 84 84 85 88 91 93 91 89 88 87 85 85 87 89 89 89 89 92 97 97 96 97 97 96 96 96 98 101 103 102 101 98 93 91 92 96 103 110 113 111 105 96 89 87 89 95 101 106 111 114 107 99 90 85 85 87 90 95 100 101 97 94 93 93 91 90 91 92 94
110 110 110 109 108 108 107 107 106 106 106 106 105 104 103 102 102 101 100 99 97 96 95 93 91 88 84 81 83 88 91 94 94 91 88 87 86 87 89 91 92 92 91 93 97 97 95 94 95 96 96 96 98 100 101 103 102 101 100 96 93 94 100 106 110 109 104 95 86 82 85 92 100 104 105 104 107 109 105 96 88 86 86 86 91 99 103 100 96 94 92 88 89 91 92 93
110 110 110 109 108 108 107 107 106 106 105 105 105 104 103 102 102 101 100 99 98 97 95 94 91 86 80 80 85 89 92 94 96 94 91 87 85 88 92 94 95 96 97 98 97 94 92 92 94 96 97 97 98 100 102 104 103 98 97 97 98 102 106 107 106 103 97 87 80 81 89 100 105 105 102 97 97 105 109 105 98 92 87 85 87 94 100 99 97 95 94 91 90 90 91 92
110 110 110 109 109 108 108 107 106 106 105 105 104 104 103 102 101 101 100 99 98 97 96 94 91 86 80 82 85 87 90 94 98 99 95 89 86 88 93 98 99 100 102 100 97 94 92 92 95 97 96 96 98 100 104 107 102 94 95 101 106 109 109 106 100 94 88 80 78 84 95 104 107 104 102 95 91 97 110 115 108 100 93 89 89 91 93 93 93 94 97 100 94 90 89 90
110 110 110 109 109 108 108 107 106 105 105 104 103 103 103 102 102 101 100 99 99 98 96 95 92 88 83 84 85 86 87 93 98 100 100 96 92 91 94 99 102 103 104 102 99 98 95 93 95 98 97 96 98 101 106 109 101 94 99 106 109 109 107 102 93 86 80 77 82 91 99 103 105 103 100 97 92 94 104 116 114 107 101 98 94 90 87 86 88 90 95 104 102 93 89 89
111 110 110 109 109 108 108 107 106 105 104 103 103 103 103 103 102 102 101 100 99 98 98 97 96 93 91 90 87 84 85 90 96 99 103 105 101 96 98 103 105 106 106 104 103 101 99 95 94 97 101 98 98 100 103 107 105 99 101 107 109 107 102 97 90 85 80 81 91 98 101 101 101 98 96 98 97 94 97 108 116 115 108 103 98 91 85 86 86 86 88 98 106 101 94 91
111 111 110 109 108 108 108 107 106 105 104 103 103 103 103 103 102 102 101 101 100 99 99 99 98 99 100 97 90 84 83 86 91 98 107 115 112 104 103 106 109 108 108 105 104 103 101 99 98 99 101 99 97 96 97 102 107 102 100 104 107 104 95 88 85 85 84 88 96 101 102 99 95 91 94 101 101 95 93 100 113 118 112 103 97 92 91 92 90 85 83 90 102 106 102 97
112 111 111 109 108 108 108 107 105 105 104 103 103 103 103 103 103 102 102 102 101 100 100 100 101 104 105 100 93 86 82 83 90 100 110 120 117 109 106 108 109 108 106 103 102 102 102 103 102 99 97 97 94 91 89 91 97 100 100 100 101 98 88 81 83 88 91 94 96 100 101 95 90 91 97 103 102 94 92 97 107 117 114 106 100 98 98 96 92 86 81 83 92 102 104 101
112 112 111 109 108 108 108 107 106 105 104 103 103 102 102 102 102 102 102 102 101 101 101 101 104 107 107 103 96 89 87 90 95 100 107 118 117 109 107 106 105 103 101 98 97 99 102 102 99 94 93 92 90 87 84 81 88 96 100 98 96 92 83 78 84 92 98 99 96 97 97 93 94 100 105 105 101 96 93 95 101 111 113 108 105 102 100 95 90 86 83 81 84 93 102 104
112 112 111 110 108 108 108 106 105 105 104 103 103 103 102 102 102 102 102 102 102 102 103 104 106 109 109 108 103 99 98 99 98 97 100 113 116 108 105 101 98 97 96 95 95 96 98 97 93 91 91 91 90 88 83 82 89 93 95 95 93 89 82 80 86 95 104 104 97 94 95 97 102 107 110 108 104 98 94 93 95 99 104 106 106 103 99 95 90 87 86 84 83 88 97 105
112 112 111 110 109 108 107 106 105 105 104 104 103 103 102 102 102 102 102 103 103 104 105 106 107 110 112 113 113 109 104 100 96 93 96 109 117 107 100 97 94 93 93 93 93 94 95 92 90 91 91 91 92 89 86 87 94 94 91 89 90 92 89 84 87 93 103 108 100 95 97 103 105 107 110 110 108 103 96 90 86 88 95 102 106 103 98 96 93 88 86 86 88 92 99 107
113 112 111 110 109 108 108 106 105 105 105 104 103 103 102 102 102 102 103 104 104 105 106 108 109 111 113 115 116 112 105 99 96 95 96 103 114 105 97 94 91 89 89 89 89 92 92 90 90 91 91 90 90 90 90 92 96 96 90 86 87 92 96 90 87 89 97 107 106 102 102 103 102 103 106 110 111 107 98 87 81 82 89 96 104 104 98 96 96 90 87 89 93 97 102 106
114 113 112 110 109 109 108 106 105 105 105 104 104 103 102 102 102 103 103 104 104 105 106 109 110 110 112 114 115 113 109 105 103 101 98 97 101 99 93 89 86 84 85 86 88 91 92 91 92 91 91 90 91 92 94 96 96 96 93 88 87 90 98 97 90 88 92 103 110 109 104 98 96 97 102 108 109 104 99 92 85 81 83 87 95 103 101 97 97 95 93 94 95 96 100 104
114 114 113 111 109 108 107 107 105 104 104 104 104 103 103 103 103 103 104 104 105 105 106 108 109 111 113 115 116 115 114 113 108 103 97 90 88 87 85 83 82 83 85 87 90 92 93 94 93 92 92 93 94 95 98 98 96 95 94 91 89 90 98 104 96 89 90 99 107 107 100 93 93 98 103 107 107 101 97 98 95 86 80 80 86 100 108 100 97 100 99 97 94 94 98 105
115 115 113 111 109 107 107 107 106 105 105 105 104 104 104 104 104 104 104 104 105 106 107 108 109 112 115 119 120 117 117 114 109 102 94 88 81 76 78 81 83 86 88 90 93 94 95 95 93 93 96 98 98 97 98 99 97 94 94 92 90 91 97 106 103 93 91 96 100 97 91 91 97 104 106 103 105 104 96 97 100 93 85 80 84 96 110 107 100 102 102 98 95 97 100 101
116 115 113 111 109 108 107 106 106 106 106 105 105 104 104 104 104 104 104 105 105 106 107 108 110 112 116 122 122 117 114 112 107 101 94 85 74 74 80 83 86 89 93 95 95 96 97 97 96 96 99 102 102 98 98 102 101 97 94 93 91 90 93 101 103 96 94 94 93 89 91 99 104 106 102 100 107 113 97 93 97 97 90 86 88 93 103 110 105 102 102 99 98 100 98 93
116 115 113 111 110 109 107 107 107 107 106 105 105 105 105 105 105 105 105 105 106 106 107 108 109 112 116 122 120 114 110 109 106 101 94 82 73 79 83 85 89 93 96 99 98 97 98 100 99 98 98 103 106 103 102 104 106 102 97 94 90 84 83 90 98 96 94 93 90 91 100 105 104 98 94 100 109 121 103 91 90 92 92 92 92 92 98 109 108 102 99 99 100 99 94 92
116 115 114 112 111 110 109 108 108 108 107 106 106 106 105 105 105 105 106 106 106 107 107 108 109 111 115 117 116 112 109 108 106 101 93 84 83 86 86 88 91 96 100 101 100 98 99 102 103 99 98 103 111 110 104 102 103 102 96 91 85 77 74 81 93 96 93 92 92 99 105 103 97 94 95 102 111 126 110 92 84 84 90 94 93 94 100 108 108 103 99 98 96 94 93 95
117 116 115 114 112 111 111 110 109 108 108 108 107 107 106 106 106 106 106 106 107 107 107 107 108 110 113 114 115 112 109 107 106 102 96 92 92 92 93 94 96 98 100 101 103 103 102 103 103 102 100 102 109 110 103 96 94 94 91 85 80 75 75 80 88 95 94 93 98 102 100 93 94 99 102 105 112 124 110 94 86 84 88 91 94 98 101 102 103 102 101 96 89 88 93 97
118 117 116 115 113 113 112 111 109 109 110 109 108 108 107 107 107 106 106 107 107 107 107 107 108 109 111 112 114 113 109 107 106 106 105 103 101 102 104 103 100 98 97 101 104 105 101 97 97 100 99 99 101 102 98 92 87 86 85 82 80 82 85 84 85 93 97 98 99 98 89 89 95 102 106 106 109 115 104 93 89 89 91 94 98 98 93 89 94 99 100 95 88 89 94 97
119 118 117 116 115 114 114 112 111 110 110 110 109 108 108 107 107 107 107 107 107 107 108 108 108 109 110 111 113 112 109 107 107 109 112 113 112 110 108 104 100 96 97 100 100 96 92 91 93 98 99 97 94 94 92 89 84 81 81 82 86 91 94 91 90 95 101 101 97 90 86 89 94 100 104 104 100 97 95 92 92 94 99 101 100 91 80 81 88 95 98 97 93 93 93 92
119 119 118 117 117 115 114 113 112 111 111 111 110 109 109 108 108 108 108 107 107 108 108 108 108 108 110 111 111 111 110 109 109 111 115 118 116 111 106 102 99 98 99 98 93 88 88 92 97 102 101 95 89 86 85 83 80 79 82 87 91 95 98 99 100 100 101 100 95 89 88 89 90 93 95 91 81 70 81 91 97 102 104 101 92 79 76 81 85 90 95 98 98 96 92 86
120 120 119 118 117 116 115 114 113 112 112 111 111 110 110 109 109 109 108 108 108 108 108 108 108 109 109 110 110 110 110 110 110 112 115 118 117 111 106 104 104 101 98 94 89 87 91 97 102 103 97 89 83 80 79 78 78 82 89 94 96 98 102 107 107 104 100 96 92 91 90 88 86 84 81 75 61 56 79 94 102 105 102 93 81 76 79 82 84 87 93 99 101 97 89 84
122 121 121 119 117 116 116 115 114 114 113 112 112 111 111 110 110 109 109 108 108 108 108 108 109 109 109 109 109 110 110 110 111 113 116 117 116 114 111 110 108 103 97 91 87 91 98 102 102 98 90 83 77 75 77 77 80 88 97 101 101 102 106 109 107 102 98 92 88 90 90 87 84 79 73 66 54 60 84 95 100 99 93 85 80 80 84 85 84 85 91 98 100 95 88 84
122 122 121 119 117 115 116 116 116 115 114 113 113 112 111 111 110 110 109 109 109 108 108 108 108 108 108 109 109 110 110 110 111 112 115 116 115 115 114 112 109 105 98 91 91 97 102 102 97 91 85 78 73 75 77 80 87 95 102 107 107 105 104 105 102 98 93 89 86 88 88 86 83 77 70 61 56 69 86 92 94 92 88 85 84 86 88 88 86 87 91 95 96 92 87 85
121 121 121 120 116 114 116 118 117 116 115 114 114 113 112 111 111 110 110 109 109 109 109 108 108 108 109 109 109 109 109 110 111 112 114 116 115 115 114 112 110 106 100 96 98 101 102 99 93 86 79 73 74 77 80 86 94 101 105 109 109 104 99 98 97 95 91 88 86 86 85 84 81 75 67 61 62 74 85 89 89 90 90 89 88 89 89 89 90 91 90 89 89 89 87 84
