windninja/windninja_output/Output_2025-08-24_2200-2250_Google earth_Fire_150m_10min/merlingen_7.5mi_point_08-24-2025_2200_150m_ang.asc
ncols	158
nrows	163
xllcorner	391686.332397
yllcorner	5160024.123721
cellsize	150.000000
NODATA_value	-32768.000000
[rows 0 to 41 of 163, columns 0 to 93 of 158]
277 276 276 277 278 280 281 276 273 274 273 265 250 241 244 253 263 268 271 280 287 278 264 261 266 271 270 264 261 261 260 259 259 258 256 260 264 264 264 262 258 256 257 258 260 263 266 268 264 259 255 253 252 252 251 249 248 247 249 249 246 244 242 240 236 234 235 238 242 243 242 240 238 236 235 236 236 238 240 239 236 233 234 237 238 237 232 231 233 230 228 229 228 226
279 278 279 279 279 279 278 277 275 275 273 267 254 246 250 257 265 271 276 281 285 282 272 266 266 268 269 267 264 263 261 261 260 259 260 261 262 263 263 262 260 259 258 259 261 262 263 265 264 262 258 256 255 253 251 249 248 248 248 248 247 245 243 241 239 237 238 240 242 243 242 240 238 237 236 236 236 238 239 237 235 234 235 236 237 236 233 232 233 232 231 232 230 229
281 280 281 281 280 278 276 276 278 279 279 274 264 259 259 264 269 274 278 279 281 285 285 275 268 266 266 268 267 264 263 263 263 263 264 264 262 262 262 262 262 262 261 262 262 262 261 260 260 261 260 258 255 253 251 250 250 249 248 247 246 245 244 243 241 241 241 242 244 243 240 239 239 239 238 236 235 237 238 235 231 233 236 235 235 235 231 230 231 232 233 234 232 230
282 280 280 281 280 280 280 281 283 284 283 280 273 270 269 271 273 275 275 275 277 281 287 283 272 267 265 266 265 264 263 264 265 267 267 266 264 263 262 263 263 263 263 264 263 262 261 258 255 255 256 254 251 251 251 251 251 250 249 247 246 245 244 243 242 242 242 244 245 243 240 239 240 240 240 238 237 238 238 234 229 231 234 233 235 235 228 226 227 227 228 230 229 226
283 281 279 280 280 282 285 287 287 285 281 280 278 277 277 275 274 274 273 272 273 278 286 289 280 272 268 265 264 263 262 263 265 268 268 266 265 264 265 266 266 265 265 264 263 261 259 257 255 253 252 251 250 250 250 251 251 251 250 249 247 246 244 244 243 243 243 245 246 243 240 241 242 241 240 240 241 242 239 235 230 232 235 233 235 236 231 225 224 222 223 225 224 221
284 283 281 280 281 284 287 287 286 282 280 282 284 282 279 277 273 271 271 270 272 276 285 293 288 279 273 268 266 265 263 264 264 264 264 265 266 267 267 266 266 266 266 264 262 259 258 256 255 253 250 249 250 251 251 251 251 251 250 249 248 245 244 244 244 243 243 245 245 241 239 241 243 241 238 238 240 242 240 235 233 236 238 235 235 237 234 231 230 225 222 223 220 216
284 284 285 284 283 284 285 285 283 281 282 286 290 286 280 277 273 270 269 270 271 275 282 292 292 284 277 273 271 268 267 267 266 263 262 264 267 267 266 265 265 265 264 263 261 259 258 256 255 252 249 249 249 250 251 252 252 252 251 250 247 244 242 242 243 243 243 245 244 240 237 239 240 238 235 236 237 238 235 232 235 238 238 237 237 238 237 237 238 235 231 228 224 221
283 284 286 287 285 284 283 281 280 282 285 290 293 289 281 278 276 272 270 270 271 273 277 285 292 289 283 280 276 272 271 270 267 265 265 266 267 266 264 263 263 262 262 261 261 260 259 257 255 252 250 251 250 248 250 252 252 252 252 250 248 243 240 240 240 241 243 245 244 240 238 239 238 236 235 236 238 237 232 231 238 239 236 235 235 236 236 236 237 238 240 238 236 233
283 283 284 286 286 284 281 279 280 284 288 293 297 292 283 279 277 275 272 272 273 273 275 280 289 294 288 282 279 275 274 273 269 267 268 268 266 264 263 261 261 261 261 261 261 260 258 257 255 252 252 253 251 249 252 253 253 252 251 250 248 245 243 241 240 242 244 244 242 239 240 242 241 238 236 237 239 237 232 234 241 242 237 233 231 230 230 230 229 226 226 228 231 229
283 283 283 285 285 284 282 282 283 286 289 293 298 296 286 279 278 277 276 274 274 273 274 277 283 290 290 283 280 278 276 274 271 269 268 266 264 263 261 260 260 261 261 261 261 260 259 258 257 255 254 254 252 253 255 255 254 253 251 249 249 249 247 246 246 246 246 244 240 238 241 243 243 240 238 238 240 237 232 234 239 240 238 235 234 232 229 229 224 219 219 220 222 220
284 284 284 284 284 284 284 284 286 287 289 292 297 297 289 282 279 279 280 279 276 274 274 275 278 283 288 284 280 279 276 273 272 271 268 265 263 261 261 261 261 261 261 260 260 260 260 258 257 257 258 257 256 258 259 258 256 255 253 251 252 253 252 254 256 255 251 246 240 240 242 243 242 239 238 239 241 241 237 235 236 236 236 236 238 236 234 235 229 222 223 225 224 221
285 285 284 284 284 285 285 286 287 288 289 291 295 298 292 286 283 282 282 282 279 277 275 274 275 277 279 279 278 277 274 272 271 272 269 265 263 262 263 262 261 261 260 258 258 258 258 257 256 258 262 263 262 263 263 261 258 257 255 255 256 258 261 266 267 265 259 251 244 244 245 243 241 238 236 235 237 238 237 236 235 234 232 232 234 232 233 237 232 222 227 233 231 225
285 285 285 285 285 286 286 286 287 288 289 291 294 296 293 288 286 285 283 282 281 279 276 273 271 269 270 273 275 275 274 272 272 271 268 265 264 265 265 263 262 261 259 256 256 254 251 251 254 259 263 265 265 266 267 267 263 258 255 255 259 262 267 275 277 274 269 263 257 252 248 244 242 239 234 232 232 234 233 231 233 233 232 232 232 228 231 235 228 219 227 235 233 228
285 285 285 285 286 286 286 286 287 288 289 290 293 294 291 288 287 288 286 283 281 279 275 271 267 265 267 271 273 273 273 272 272 270 267 266 266 266 265 264 262 260 257 256 256 254 250 247 251 257 260 262 263 264 268 271 269 262 254 253 258 262 267 272 277 277 276 277 279 269 255 249 247 242 237 236 238 238 235 233 234 236 235 236 234 231 233 236 230 225 232 239 238 236
285 285 286 286 287 286 286 287 287 288 289 290 293 295 292 287 287 289 288 284 280 277 273 269 266 267 269 271 271 270 270 272 272 270 270 268 266 264 262 261 260 256 255 257 259 257 256 253 250 250 254 257 257 259 262 266 267 263 254 252 256 260 262 263 263 267 272 277 285 291 275 259 253 247 242 243 246 245 242 243 244 243 241 241 238 236 239 239 234 233 242 249 248 248
285 286 286 286 287 287 287 287 287 288 289 291 293 297 295 288 286 287 288 284 280 277 273 269 268 269 271 270 269 270 271 272 271 270 269 267 263 261 258 257 257 255 255 258 259 256 258 260 256 251 251 252 253 255 255 254 256 257 253 254 257 259 260 256 252 256 262 266 273 289 296 277 263 253 247 247 248 246 247 250 250 247 246 246 244 243 244 244 241 240 245 251 251 251
286 286 286 287 287 287 287 288 288 288 289 291 293 297 298 290 285 284 284 283 281 277 274 272 271 271 271 271 270 271 273 271 266 263 261 261 261 260 257 256 256 257 258 258 257 256 255 256 259 260 257 253 253 254 252 249 249 250 251 255 258 259 258 253 250 253 257 260 263 268 283 287 277 267 257 251 247 247 250 250 247 245 247 248 248 250 249 248 251 249 245 244 244 245
286 286 287 287 287 288 288 288 288 289 289 290 292 294 296 291 285 282 281 281 279 277 275 274 272 270 269 271 272 272 269 264 258 255 255 258 261 260 259 258 259 259 260 258 256 257 257 255 258 262 263 259 255 253 251 250 249 249 250 254 257 257 255 251 251 253 255 257 258 258 263 273 276 276 270 258 251 250 252 251 248 248 248 248 248 251 251 249 252 254 249 243 241 241
287 287 287 287 288 288 288 289 289 289 289 289 291 292 293 291 286 282 280 277 276 275 275 275 272 270 270 271 272 270 265 259 254 253 256 258 260 261 260 261 261 260 259 259 257 258 260 262 260 260 262 262 258 254 252 252 251 250 251 253 255 255 252 251 253 254 255 254 253 255 257 258 261 265 268 267 263 260 257 255 254 255 253 248 245 244 243 244 248 251 251 246 243 242
287 287 288 288 288 288 289 289 289 289 289 289 290 290 290 289 286 282 279 277 276 276 275 275 273 272 270 270 269 267 262 257 255 256 258 260 261 262 263 263 261 260 259 258 258 260 262 263 262 260 260 261 261 259 256 254 252 251 251 253 254 254 253 254 255 256 255 253 252 254 253 250 249 251 252 255 258 259 258 256 256 256 253 248 243 241 240 241 245 248 246 241 243 243
288 288 288 288 289 289 289 289 289 289 289 289 289 289 289 287 285 282 280 279 278 277 276 275 274 272 270 269 267 265 261 256 255 258 261 262 263 264 264 262 260 258 258 258 261 263 262 261 261 260 260 260 262 263 261 257 254 251 251 251 251 252 255 256 256 256 255 254 254 253 248 244 246 248 247 241 239 242 247 251 252 252 250 247 243 242 241 241 244 247 243 235 238 242
288 288 289 289 289 289 289 289 289 289 289 289 288 289 288 287 285 283 281 280 279 278 277 275 274 271 269 268 266 265 262 258 258 262 264 264 264 263 262 260 258 257 258 260 261 262 261 261 260 261 260 260 261 262 263 261 258 255 251 249 249 251 254 255 256 258 257 256 255 250 243 241 243 249 249 238 231 233 238 242 246 246 247 246 243 241 239 240 245 245 239 228 231 238
288 288 289 289 290 290 290 289 289 289 290 289 288 288 288 287 285 284 282 281 280 278 277 275 273 271 269 267 265 265 264 263 265 266 266 265 263 260 259 258 258 257 258 259 260 261 262 262 261 260 261 260 260 260 261 261 260 258 252 249 249 252 255 256 258 259 257 255 250 243 239 239 243 247 247 237 228 231 234 236 237 238 241 244 242 240 237 238 242 242 235 222 225 236
289 289 290 290 290 290 290 290 289 289 290 290 289 288 288 287 286 284 283 282 280 279 277 275 273 271 268 265 265 266 267 269 269 267 264 264 262 260 259 260 260 259 258 258 261 264 262 260 260 260 261 260 259 260 260 261 260 259 254 249 250 252 256 260 264 261 256 251 245 240 238 240 245 248 244 235 228 234 237 235 234 234 236 239 240 241 240 240 242 241 234 221 226 236
290 290 290 290 290 290 290 290 290 290 290 290 289 288 287 287 286 285 283 282 280 279 277 275 273 269 265 262 264 268 270 272 271 267 264 262 261 261 262 263 263 261 260 261 264 262 259 258 259 260 261 260 260 260 260 259 259 257 254 251 251 254 259 264 265 260 254 248 243 242 242 245 250 250 242 232 233 242 242 237 235 233 232 232 236 240 243 244 246 243 233 220 227 236
290 290 291 291 291 291 291 290 290 290 290 289 289 288 287 287 286 285 283 282 280 279 277 275 272 267 261 260 264 269 271 273 274 271 266 261 259 261 265 266 265 265 265 266 264 258 256 257 259 260 260 261 262 262 261 260 256 253 252 254 257 262 264 262 256 251 246 241 239 241 247 253 255 249 237 227 235 247 248 240 236 232 228 228 231 234 234 237 244 244 231 216 224 232
291 291 291 291 291 291 291 291 291 290 290 289 289 289 288 287 286 284 283 282 281 280 278 276 272 266 259 261 264 266 268 272 275 275 271 263 259 261 265 268 268 268 269 267 263 257 255 257 259 259 258 258 261 263 264 261 252 248 251 257 265 270 269 260 249 243 237 233 235 241 250 257 255 246 232 222 232 243 250 246 240 235 229 228 230 230 226 227 237 240 229 215 220 228
291 291 292 292 292 292 292 291 291 290 290 289 289 288 288 287 286 285 283 282 281 281 279 277 274 268 264 263 263 263 264 269 274 276 275 270 264 263 265 269 269 270 271 268 263 258 255 255 257 258 256 256 258 261 264 258 244 245 253 260 267 270 267 258 248 241 234 230 235 245 253 255 250 242 229 219 230 240 244 247 246 240 235 234 234 231 225 225 233 235 229 218 218 225
292 292 292 292 292 292 292 292 291 290 290 289 288 288 288 287 286 285 284 283 282 281 279 278 276 273 271 269 264 259 259 264 270 273 276 278 273 268 268 270 271 272 271 269 265 260 256 254 255 257 256 254 255 258 259 250 239 246 255 263 267 265 258 250 245 240 233 231 241 251 253 250 243 236 227 222 232 242 243 245 248 244 241 241 241 237 231 231 234 234 230 224 222 226
293 293 293 292 292 293 293 292 291 291 290 289 288 288 288 287 287 286 285 283 282 281 280 279 279 279 279 274 266 259 257 259 263 270 279 285 280 272 271 272 272 271 268 266 264 260 258 256 256 255 252 252 252 252 251 241 237 249 257 264 268 262 251 244 242 241 234 235 248 256 256 249 240 233 226 225 234 241 244 247 250 250 248 247 245 241 238 237 236 233 230 229 228 231
294 294 294 293 293 293 293 292 291 291 290 289 288 288 288 287 287 286 285 284 283 282 281 281 281 283 283 278 269 261 257 258 262 271 280 287 282 276 274 273 273 270 265 262 260 258 259 261 260 255 249 250 250 249 246 237 238 253 261 264 264 258 249 243 244 244 240 242 253 259 259 251 242 236 227 225 230 236 241 246 248 248 249 249 244 240 238 237 236 233 231 232 234 240
295 295 295 294 293 294 294 293 292 291 290 289 288 288 287 287 287 286 285 284 284 283 282 282 283 285 285 280 271 263 262 265 269 273 278 284 283 278 276 273 270 267 263 261 259 258 261 264 262 256 254 253 251 249 245 235 240 254 263 264 260 251 242 242 247 249 245 246 255 259 257 249 245 239 228 225 226 231 238 243 243 239 243 248 247 244 243 241 240 238 237 236 237 243
295 295 295 294 294 294 294 293 292 291 291 290 289 288 287 287 286 286 286 285 284 284 283 283 284 286 286 283 276 270 271 272 272 271 273 282 284 279 275 270 265 263 262 261 260 260 263 263 259 257 258 257 255 252 246 238 242 251 258 262 258 247 236 239 247 251 250 250 253 254 250 246 244 238 228 224 224 228 236 241 239 234 239 245 248 249 250 246 243 243 242 241 240 243
296 296 296 295 294 294 294 293 292 291 291 290 289 288 287 287 286 286 286 285 285 285 285 285 285 286 287 286 284 281 277 273 270 267 269 280 287 278 271 266 263 260 259 260 259 261 263 260 257 258 258 258 258 255 249 246 249 252 253 254 253 245 232 236 244 249 252 256 255 252 247 243 241 234 227 224 223 226 232 236 234 232 236 241 242 242 244 243 240 239 239 240 242 244
297 297 297 296 295 295 295 293 292 291 291 290 289 288 287 287 286 286 285 285 285 285 286 286 286 286 287 288 289 286 280 274 270 268 268 273 282 275 267 263 260 257 257 257 259 262 262 259 258 260 259 258 258 257 255 255 258 258 254 252 250 244 233 235 242 245 250 257 261 257 249 242 238 233 229 227 226 229 233 232 230 228 231 237 239 236 237 238 236 234 235 236 240 244
298 298 298 296 296 296 295 293 292 291 291 290 289 288 287 287 286 286 285 285 285 285 286 287 287 287 287 289 290 287 284 280 277 274 270 267 268 268 263 259 256 254 255 257 260 262 261 260 260 260 259 258 257 257 257 258 259 260 258 255 252 248 239 237 241 243 247 254 263 263 253 244 240 236 234 232 231 237 241 239 233 229 230 235 239 237 235 235 232 231 232 233 237 242
300 299 299 297 296 295 295 294 292 291 290 290 289 288 287 287 286 286 286 285 285 285 285 286 287 288 289 289 289 289 290 288 283 277 270 262 257 256 256 254 253 254 256 258 261 261 260 260 261 259 258 257 256 257 258 258 256 256 256 256 254 251 246 242 241 243 246 251 258 258 251 248 246 242 238 233 230 235 242 246 241 234 232 235 239 241 235 232 230 229 230 233 237 241
301 301 300 298 296 295 294 293 292 291 290 290 289 288 287 287 287 286 286 285 285 285 285 286 287 288 290 293 294 293 293 289 283 276 268 261 252 247 250 252 254 257 259 260 261 261 260 260 259 258 260 260 257 257 258 257 254 252 252 253 253 251 247 244 243 246 250 254 253 246 242 245 247 244 236 232 229 226 234 241 241 236 233 233 237 240 232 227 230 231 231 233 237 241
302 302 300 298 297 295 294 293 292 291 291 290 289 288 287 287 287 286 286 285 285 285 285 286 287 289 292 298 298 293 289 286 281 275 268 258 245 245 251 254 256 259 261 261 261 261 261 259 256 256 259 260 257 255 256 257 253 249 248 249 247 244 242 240 242 249 255 257 250 239 238 242 243 238 229 231 230 217 226 235 234 231 230 232 238 238 229 222 227 230 230 233 241 245
303 303 301 298 297 295 294 293 292 292 291 289 289 288 287 287 286 286 286 285 285 285 285 285 286 288 292 297 295 289 285 284 281 275 266 253 242 248 252 255 258 261 263 264 262 261 261 260 256 256 258 259 256 253 253 252 248 244 244 243 239 236 236 237 240 247 256 256 247 240 243 245 242 232 225 232 230 207 216 228 227 226 230 236 242 240 233 223 222 226 227 233 245 247
304 304 302 299 297 296 295 294 293 292 291 289 289 288 287 287 287 286 286 285 285 285 285 285 286 288 290 293 291 287 284 284 281 274 264 252 250 253 254 256 259 262 265 266 263 261 260 259 257 255 257 259 259 256 252 248 243 242 242 241 237 233 234 238 241 246 252 252 245 245 247 246 243 232 227 234 227 200 207 223 223 222 228 236 241 241 235 224 221 223 225 234 243 245
306 305 303 301 298 297 296 294 293 292 291 290 290 289 288 287 287 286 286 286 285 285 285 285 285 286 288 289 290 288 284 282 281 275 265 258 259 262 262 261 261 262 262 262 263 262 259 255 253 254 257 259 259 258 254 249 245 243 245 244 239 234 235 238 240 244 248 247 245 244 241 239 239 230 229 235 222 198 204 219 223 222 226 231 235 235 229 222 221 224 226 234 239 242
