windninja/windninja_output/Output_2025-08-24_2200-2250_Google earth_Fire_150m_10min/merlingen_7.5mi_point_08-24-2025_2240_150m_vel.asc
ncols	158
nrows	163
xllcorner	391686.332397
yllcorner	5160024.123721
cellsize	150.000000
NODATA_value	-32768.000000
[rows 0 to 37 of 163, columns 0 to 83 of 158]
0.78 0.80 0.82 0.82 0.84 0.86 0.82 0.79 0.83 0.84 0.80 0.73 0.70 0.79 0.88 0.90 0.88 0.84 0.87 0.95 0.89 0.75 0.76 0.84 0.88 0.88 0.81 0.79 0.84 0.85 0.84 0.85 0.86 0.84 0.86 0.92 0.88 0.86 0.88 0.85 0.85 0.90 0.90 0.91 0.92 0.92 0.93 0.90 0.86 0.89 0.91 0.92 0.95 0.96 0.95 0.96 0.98 1.00 1.01 0.99 0.98 1.01 1.04 1.05 1.08 1.13 1.18 1.18 1.14 1.09 1.07 1.09 1.12 1.15 1.19 1.20 1.20 1.20 1.17 1.14 1.16 1.19 1.26 1.26
0.77 0.81 0.84 0.83 0.86 0.86 0.79 0.78 0.83 0.84 0.78 0.68 0.61 0.71 0.86 0.94 0.94 0.89 0.94 0.99 0.87 0.72 0.72 0.82 0.90 0.89 0.80 0.78 0.83 0.84 0.83 0.85 0.86 0.84 0.86 0.92 0.90 0.87 0.88 0.84 0.84 0.89 0.90 0.93 0.94 0.93 0.95 0.92 0.86 0.86 0.88 0.90 0.93 0.94 0.94 0.95 0.97 0.99 1.02 1.00 0.96 0.98 1.02 1.03 1.03 1.07 1.14 1.19 1.18 1.11 1.07 1.08 1.10 1.13 1.17 1.19 1.21 1.24 1.21 1.15 1.16 1.19 1.25 1.28
0.75 0.84 0.87 0.84 0.88 0.83 0.76 0.79 0.86 0.86 0.77 0.59 0.50 0.61 0.83 1.02 1.04 1.00 1.02 1.00 0.85 0.71 0.67 0.76 0.89 0.89 0.81 0.78 0.80 0.82 0.83 0.85 0.85 0.86 0.88 0.91 0.91 0.90 0.88 0.84 0.85 0.87 0.89 0.95 0.96 0.95 0.95 0.95 0.88 0.83 0.85 0.87 0.90 0.92 0.92 0.93 0.96 0.98 1.02 1.03 0.98 0.96 0.98 1.00 0.99 1.00 1.09 1.20 1.23 1.15 1.07 1.07 1.09 1.10 1.14 1.16 1.20 1.30 1.29 1.17 1.14 1.23 1.27 1.28
0.76 0.87 0.88 0.84 0.88 0.81 0.77 0.87 0.92 0.88 0.74 0.53 0.48 0.60 0.82 1.08 1.11 1.06 1.03 0.96 0.85 0.74 0.66 0.68 0.82 0.87 0.83 0.80 0.78 0.79 0.83 0.86 0.87 0.89 0.89 0.89 0.89 0.90 0.89 0.87 0.86 0.86 0.90 0.95 0.96 0.94 0.93 0.93 0.91 0.87 0.86 0.85 0.88 0.92 0.94 0.93 0.95 0.96 0.98 1.02 1.01 0.96 0.96 0.99 0.99 0.99 1.06 1.18 1.25 1.17 1.08 1.07 1.09 1.09 1.10 1.10 1.14 1.28 1.34 1.20 1.10 1.25 1.36 1.28
0.79 0.87 0.89 0.86 0.89 0.84 0.85 0.95 0.96 0.84 0.65 0.49 0.48 0.63 0.89 1.10 1.13 1.07 1.00 0.94 0.87 0.80 0.70 0.65 0.76 0.82 0.82 0.80 0.77 0.78 0.82 0.87 0.92 0.91 0.88 0.87 0.88 0.90 0.92 0.89 0.85 0.87 0.92 0.95 0.95 0.93 0.91 0.90 0.90 0.90 0.87 0.85 0.86 0.92 0.95 0.95 0.95 0.95 0.96 0.98 1.00 0.96 0.96 0.98 0.99 0.99 1.03 1.16 1.25 1.17 1.09 1.09 1.10 1.09 1.09 1.09 1.09 1.17 1.28 1.22 1.08 1.16 1.35 1.32
0.84 0.87 0.89 0.89 0.91 0.90 0.93 0.98 0.91 0.74 0.59 0.51 0.50 0.66 0.94 1.08 1.10 1.05 0.96 0.92 0.92 0.88 0.76 0.67 0.71 0.77 0.77 0.77 0.76 0.77 0.80 0.88 0.95 0.93 0.88 0.87 0.89 0.91 0.93 0.90 0.86 0.87 0.91 0.92 0.92 0.92 0.90 0.88 0.88 0.87 0.87 0.87 0.88 0.91 0.96 0.97 0.96 0.96 0.95 0.96 0.98 0.96 0.96 0.98 0.99 0.99 1.02 1.15 1.24 1.17 1.13 1.15 1.12 1.07 1.09 1.15 1.17 1.15 1.17 1.19 1.15 1.12 1.23 1.29
0.89 0.90 0.90 0.91 0.95 0.96 0.97 0.94 0.81 0.68 0.60 0.55 0.54 0.69 0.95 1.04 1.04 1.03 0.96 0.93 0.96 0.96 0.84 0.69 0.67 0.70 0.72 0.74 0.75 0.75 0.79 0.89 0.94 0.91 0.90 0.91 0.91 0.92 0.92 0.90 0.87 0.88 0.89 0.90 0.89 0.90 0.89 0.88 0.86 0.84 0.85 0.89 0.91 0.92 0.96 0.98 0.98 0.97 0.95 0.94 0.95 0.95 0.97 1.01 1.02 1.00 1.03 1.14 1.21 1.14 1.16 1.24 1.21 1.09 1.07 1.17 1.27 1.25 1.15 1.17 1.24 1.21 1.19 1.24
0.91 0.93 0.92 0.94 0.97 0.97 0.96 0.88 0.76 0.68 0.64 0.61 0.59 0.71 0.93 1.02 0.98 0.99 0.98 0.94 0.99 1.02 0.89 0.72 0.65 0.65 0.70 0.74 0.72 0.73 0.80 0.88 0.89 0.88 0.92 0.95 0.93 0.91 0.91 0.89 0.88 0.88 0.89 0.89 0.88 0.88 0.87 0.86 0.84 0.81 0.82 0.87 0.90 0.93 1.00 1.01 0.99 0.98 0.95 0.93 0.91 0.90 0.95 1.03 1.07 1.06 1.06 1.13 1.18 1.11 1.11 1.24 1.27 1.17 1.09 1.13 1.26 1.30 1.18 1.17 1.29 1.26 1.18 1.23
0.93 0.95 0.96 0.95 0.96 0.96 0.93 0.84 0.77 0.73 0.70 0.66 0.64 0.71 0.91 1.00 0.95 0.95 0.96 0.96 1.01 1.03 0.93 0.79 0.69 0.64 0.68 0.72 0.68 0.70 0.82 0.86 0.84 0.87 0.94 0.96 0.91 0.88 0.89 0.89 0.88 0.89 0.88 0.88 0.90 0.87 0.85 0.85 0.81 0.77 0.82 0.87 0.85 0.90 1.03 1.04 1.00 0.99 0.96 0.92 0.88 0.84 0.85 0.96 1.07 1.11 1.11 1.12 1.15 1.12 1.10 1.17 1.21 1.18 1.12 1.11 1.21 1.26 1.19 1.20 1.33 1.28 1.12 1.16
0.95 0.97 0.98 0.97 0.95 0.93 0.90 0.85 0.81 0.77 0.74 0.71 0.67 0.71 0.86 0.96 0.95 0.94 0.94 0.98 1.03 1.02 0.97 0.85 0.73 0.64 0.63 0.67 0.66 0.69 0.83 0.84 0.79 0.86 0.95 0.95 0.89 0.86 0.87 0.89 0.90 0.90 0.89 0.89 0.90 0.87 0.83 0.85 0.80 0.73 0.79 0.86 0.82 0.87 1.02 1.06 1.00 0.97 0.96 0.91 0.88 0.82 0.76 0.81 0.96 1.08 1.12 1.10 1.09 1.14 1.18 1.18 1.14 1.13 1.13 1.13 1.19 1.17 1.15 1.27 1.40 1.37 1.15 1.03
0.97 0.98 1.00 0.98 0.94 0.92 0.90 0.88 0.84 0.80 0.78 0.74 0.69 0.70 0.81 0.93 0.95 0.96 0.95 0.98 1.02 1.01 0.98 0.88 0.76 0.67 0.59 0.61 0.65 0.69 0.80 0.81 0.77 0.84 0.92 0.92 0.88 0.85 0.86 0.89 0.90 0.91 0.91 0.89 0.91 0.88 0.81 0.83 0.81 0.72 0.76 0.83 0.81 0.87 0.98 1.06 1.01 0.94 0.92 0.90 0.89 0.84 0.72 0.72 0.86 0.98 1.04 1.02 0.98 1.09 1.22 1.23 1.15 1.11 1.13 1.16 1.20 1.14 1.03 1.19 1.40 1.47 1.34 1.10
0.99 1.00 1.01 0.98 0.94 0.92 0.91 0.89 0.86 0.82 0.80 0.76 0.72 0.70 0.78 0.92 0.97 0.98 0.98 0.98 1.00 1.00 0.97 0.89 0.78 0.67 0.55 0.57 0.65 0.70 0.76 0.78 0.77 0.83 0.88 0.88 0.86 0.85 0.87 0.88 0.89 0.92 0.91 0.88 0.92 0.92 0.83 0.81 0.82 0.77 0.77 0.78 0.79 0.87 0.96 1.02 1.00 0.93 0.88 0.88 0.91 0.87 0.74 0.73 0.83 0.88 0.91 0.90 0.85 0.98 1.17 1.23 1.19 1.10 1.13 1.22 1.30 1.26 1.09 1.08 1.27 1.45 1.48 1.36
1.01 1.02 1.01 0.98 0.95 0.94 0.93 0.90 0.86 0.83 0.81 0.78 0.73 0.69 0.77 0.92 0.99 0.98 0.98 0.98 0.98 0.97 0.94 0.88 0.77 0.64 0.55 0.57 0.64 0.69 0.73 0.77 0.79 0.81 0.82 0.85 0.86 0.86 0.87 0.86 0.88 0.92 0.89 0.87 0.92 0.94 0.88 0.84 0.86 0.86 0.82 0.78 0.79 0.88 0.98 0.98 0.95 0.90 0.86 0.90 0.96 0.92 0.83 0.81 0.84 0.82 0.80 0.75 0.71 0.84 1.02 1.15 1.19 1.09 1.06 1.18 1.31 1.38 1.28 1.17 1.21 1.34 1.44 1.47
1.03 1.03 1.02 0.99 0.97 0.96 0.93 0.89 0.87 0.85 0.82 0.79 0.73 0.69 0.77 0.93 1.02 0.98 0.97 0.99 0.96 0.92 0.89 0.83 0.74 0.64 0.59 0.61 0.65 0.68 0.72 0.76 0.80 0.79 0.77 0.84 0.87 0.87 0.86 0.83 0.87 0.90 0.86 0.86 0.91 0.92 0.87 0.88 0.95 0.97 0.88 0.81 0.81 0.91 1.04 0.98 0.87 0.81 0.81 0.93 1.05 1.01 0.96 0.91 0.85 0.80 0.76 0.73 0.65 0.64 0.81 1.00 1.12 1.04 0.95 0.99 1.13 1.27 1.29 1.22 1.19 1.23 1.30 1.41
1.05 1.04 1.02 1.00 0.98 0.96 0.93 0.90 0.89 0.86 0.83 0.81 0.75 0.71 0.78 0.94 1.04 0.99 0.95 0.96 0.92 0.85 0.82 0.78 0.73 0.67 0.63 0.64 0.66 0.66 0.73 0.78 0.79 0.76 0.76 0.82 0.86 0.87 0.85 0.82 0.85 0.86 0.87 0.89 0.89 0.89 0.83 0.81 0.94 1.08 1.02 0.88 0.85 0.97 1.10 1.04 0.86 0.72 0.72 0.94 1.13 1.11 1.05 0.99 0.91 0.86 0.81 0.80 0.71 0.54 0.56 0.82 0.99 0.97 0.89 0.90 1.01 1.12 1.17 1.15 1.11 1.10 1.15 1.29
1.07 1.05 1.03 1.01 0.98 0.96 0.93 0.91 0.89 0.87 0.85 0.82 0.78 0.74 0.79 0.97 1.05 0.98 0.91 0.89 0.87 0.81 0.77 0.74 0.73 0.71 0.65 0.64 0.66 0.67 0.75 0.81 0.77 0.75 0.77 0.78 0.82 0.86 0.84 0.83 0.85 0.83 0.89 0.95 0.88 0.87 0.88 0.77 0.78 1.00 1.12 1.00 0.93 1.02 1.12 1.15 1.01 0.75 0.69 0.92 1.15 1.18 1.09 0.98 0.99 1.05 0.96 0.90 0.83 0.56 0.47 0.63 0.81 0.84 0.83 0.88 0.97 1.05 1.11 1.17 1.10 1.01 1.07 1.16
1.08 1.06 1.04 1.02 0.99 0.96 0.94 0.92 0.90 0.88 0.87 0.84 0.81 0.78 0.82 0.97 1.02 0.95 0.88 0.84 0.82 0.77 0.73 0.71 0.75 0.74 0.66 0.62 0.66 0.70 0.77 0.79 0.74 0.73 0.76 0.77 0.80 0.84 0.83 0.84 0.85 0.83 0.89 0.97 0.90 0.86 0.92 0.86 0.77 0.87 1.03 1.03 0.99 1.03 1.08 1.16 1.17 0.93 0.75 0.95 1.17 1.20 1.10 0.94 0.99 1.16 1.12 1.01 0.95 0.72 0.51 0.54 0.65 0.67 0.72 0.81 0.90 1.02 1.13 1.20 1.13 1.03 1.05 1.10
1.08 1.07 1.05 1.02 0.99 0.97 0.95 0.93 0.91 0.90 0.88 0.85 0.83 0.82 0.84 0.93 0.98 0.93 0.86 0.81 0.77 0.73 0.70 0.71 0.75 0.73 0.67 0.64 0.67 0.72 0.75 0.73 0.69 0.72 0.78 0.81 0.82 0.81 0.82 0.84 0.86 0.86 0.89 0.93 0.92 0.89 0.89 0.90 0.89 0.91 0.94 0.95 0.97 1.01 1.03 1.10 1.18 1.09 0.91 0.99 1.19 1.23 1.10 0.96 0.98 1.16 1.23 1.12 1.01 0.88 0.71 0.57 0.60 0.62 0.57 0.66 0.80 0.98 1.15 1.18 1.11 1.06 1.04 1.08
1.09 1.08 1.06 1.03 1.00 0.98 0.96 0.94 0.92 0.90 0.88 0.85 0.84 0.84 0.84 0.88 0.93 0.89 0.82 0.77 0.73 0.71 0.70 0.71 0.72 0.71 0.69 0.67 0.67 0.70 0.70 0.67 0.66 0.70 0.79 0.86 0.85 0.82 0.80 0.84 0.86 0.87 0.90 0.90 0.91 0.93 0.90 0.86 0.91 0.98 0.95 0.90 0.90 0.96 1.00 1.05 1.13 1.13 1.04 1.03 1.19 1.25 1.12 1.02 1.02 1.13 1.26 1.21 1.07 0.99 0.87 0.69 0.68 0.66 0.54 0.55 0.68 0.88 1.10 1.13 1.07 1.05 0.99 1.01
1.10 1.09 1.07 1.04 1.01 0.99 0.97 0.95 0.93 0.90 0.88 0.87 0.85 0.84 0.83 0.85 0.87 0.84 0.79 0.75 0.73 0.72 0.70 0.70 0.70 0.70 0.70 0.68 0.67 0.66 0.64 0.62 0.64 0.70 0.79 0.87 0.88 0.84 0.80 0.84 0.85 0.86 0.90 0.90 0.91 0.96 0.96 0.87 0.87 0.98 1.00 0.93 0.87 0.88 0.95 1.01 1.08 1.13 1.11 1.08 1.18 1.25 1.15 1.04 1.05 1.11 1.21 1.23 1.15 1.07 0.94 0.79 0.79 0.78 0.66 0.60 0.67 0.85 1.05 1.13 1.10 1.06 0.97 0.93
1.11 1.10 1.08 1.04 1.01 1.00 0.97 0.96 0.93 0.89 0.88 0.88 0.86 0.83 0.83 0.82 0.82 0.81 0.77 0.75 0.73 0.72 0.70 0.69 0.69 0.69 0.69 0.68 0.66 0.63 0.59 0.58 0.64 0.73 0.81 0.87 0.91 0.87 0.81 0.83 0.84 0.86 0.90 0.92 0.95 0.98 0.98 0.91 0.86 0.96 1.02 0.98 0.90 0.85 0.87 0.93 1.00 1.09 1.16 1.15 1.18 1.28 1.23 1.08 1.07 1.12 1.16 1.20 1.19 1.10 0.97 0.87 0.85 0.85 0.76 0.68 0.77 0.96 1.14 1.21 1.17 1.11 1.01 0.90
1.13 1.11 1.07 1.04 1.03 1.00 0.98 0.96 0.93 0.90 0.88 0.88 0.85 0.83 0.81 0.80 0.80 0.79 0.76 0.74 0.73 0.71 0.70 0.69 0.68 0.67 0.67 0.67 0.65 0.61 0.56 0.55 0.63 0.76 0.82 0.86 0.92 0.88 0.81 0.81 0.83 0.86 0.91 0.95 0.99 0.99 0.97 0.93 0.90 0.95 1.02 1.01 0.97 0.89 0.84 0.87 0.93 0.99 1.10 1.19 1.21 1.31 1.31 1.13 1.10 1.13 1.11 1.17 1.20 1.09 0.98 0.95 0.94 0.93 0.78 0.63 0.73 1.01 1.26 1.38 1.32 1.18 1.09 0.96
1.14 1.11 1.07 1.06 1.04 1.01 0.98 0.96 0.93 0.91 0.89 0.87 0.85 0.82 0.81 0.80 0.78 0.77 0.76 0.73 0.72 0.70 0.69 0.68 0.66 0.65 0.66 0.66 0.64 0.61 0.56 0.53 0.64 0.78 0.82 0.85 0.89 0.88 0.82 0.80 0.82 0.86 0.92 0.99 1.02 1.02 0.98 0.94 0.92 0.95 1.02 1.03 1.00 0.96 0.87 0.86 0.89 0.92 0.96 1.14 1.24 1.34 1.37 1.21 1.14 1.12 1.08 1.14 1.18 1.11 1.03 1.01 1.04 1.05 0.84 0.60 0.60 0.86 1.20 1.47 1.54 1.40 1.29 1.11
1.14 1.12 1.09 1.07 1.04 1.01 0.98 0.95 0.93 0.92 0.89 0.87 0.84 0.82 0.80 0.79 0.77 0.76 0.75 0.73 0.71 0.69 0.68 0.66 0.64 0.63 0.63 0.64 0.65 0.63 0.57 0.54 0.65 0.76 0.81 0.85 0.86 0.86 0.84 0.81 0.80 0.84 0.92 1.01 1.07 1.04 0.97 0.96 0.95 0.95 1.03 1.04 1.01 1.00 0.93 0.88 0.89 0.89 0.85 1.02 1.24 1.37 1.42 1.30 1.15 1.06 1.04 1.10 1.14 1.13 1.08 1.05 1.10 1.10 0.92 0.67 0.55 0.69 0.96 1.29 1.57 1.59 1.52 1.36
1.15 1.13 1.10 1.08 1.04 1.01 0.97 0.95 0.94 0.93 0.89 0.85 0.83 0.82 0.80 0.78 0.76 0.75 0.74 0.71 0.70 0.68 0.66 0.64 0.62 0.60 0.59 0.63 0.69 0.67 0.60 0.58 0.63 0.71 0.79 0.84 0.85 0.86 0.86 0.82 0.80 0.82 0.89 1.01 1.11 1.03 0.95 0.99 0.99 0.98 1.02 1.04 1.02 1.01 0.97 0.91 0.91 0.88 0.81 0.90 1.16 1.38 1.47 1.38 1.14 0.98 0.98 1.03 1.08 1.11 1.09 1.07 1.13 1.09 0.93 0.76 0.62 0.61 0.74 0.99 1.35 1.57 1.64 1.63
1.15 1.14 1.11 1.07 1.04 1.01 0.97 0.96 0.96 0.93 0.88 0.84 0.83 0.82 0.79 0.77 0.76 0.74 0.72 0.70 0.68 0.67 0.65 0.62 0.59 0.55 0.54 0.63 0.75 0.72 0.62 0.61 0.63 0.66 0.74 0.80 0.84 0.91 0.90 0.82 0.80 0.80 0.87 1.02 1.08 0.99 0.97 1.02 1.03 1.03 1.03 1.06 1.05 1.01 0.98 0.92 0.90 0.90 0.86 0.88 1.08 1.36 1.47 1.38 1.17 1.01 0.96 0.98 1.07 1.16 1.16 1.12 1.09 1.02 0.90 0.85 0.85 0.73 0.61 0.73 1.06 1.37 1.56 1.73
1.16 1.14 1.11 1.08 1.05 1.01 0.97 0.97 0.96 0.92 0.87 0.85 0.83 0.81 0.78 0.76 0.75 0.72 0.71 0.70 0.68 0.66 0.64 0.60 0.56 0.49 0.48 0.65 0.79 0.75 0.67 0.66 0.66 0.64 0.67 0.72 0.81 0.97 0.97 0.84 0.80 0.82 0.88 1.00 1.01 0.93 0.99 1.07 1.08 1.05 1.05 1.11 1.10 1.04 0.97 0.86 0.85 0.93 0.96 0.97 1.15 1.39 1.38 1.25 1.17 1.10 1.01 1.00 1.10 1.25 1.31 1.20 1.03 0.93 0.83 0.86 1.06 1.03 0.67 0.54 0.77 1.05 1.28 1.52
1.16 1.15 1.12 1.08 1.05 1.01 0.98 0.98 0.95 0.90 0.86 0.85 0.82 0.80 0.77 0.76 0.74 0.71 0.70 0.69 0.68 0.66 0.62 0.58 0.53 0.44 0.45 0.64 0.79 0.76 0.73 0.73 0.70 0.65 0.63 0.63 0.73 0.97 1.04 0.88 0.80 0.86 0.89 0.94 0.94 0.87 0.95 1.10 1.15 1.06 1.02 1.14 1.18 1.13 1.01 0.75 0.75 0.97 1.07 1.11 1.31 1.44 1.25 1.06 1.07 1.09 1.03 1.02 1.12 1.30 1.43 1.28 1.02 0.87 0.75 0.76 1.05 1.29 0.99 0.57 0.57 0.77 0.98 1.20
1.16 1.15 1.12 1.08 1.05 1.01 0.99 0.98 0.93 0.88 0.86 0.84 0.81 0.79 0.77 0.75 0.73 0.71 0.70 0.69 0.68 0.64 0.61 0.56 0.50 0.43 0.45 0.61 0.73 0.74 0.78 0.82 0.76 0.69 0.65 0.61 0.68 0.92 1.07 0.92 0.83 0.90 0.88 0.89 0.87 0.82 0.88 1.05 1.20 1.12 0.98 1.12 1.24 1.24 1.07 0.70 0.66 0.97 1.19 1.25 1.39 1.41 1.21 1.00 0.98 1.02 0.99 1.01 1.15 1.32 1.45 1.33 1.09 0.91 0.74 0.68 0.86 1.29 1.27 0.82 0.55 0.56 0.77 1.00
1.16 1.15 1.12 1.08 1.05 1.02 1.00 0.96 0.92 0.88 0.85 0.83 0.81 0.79 0.77 0.75 0.73 0.71 0.69 0.69 0.66 0.63 0.60 0.56 0.50 0.44 0.48 0.58 0.64 0.67 0.78 0.89 0.85 0.80 0.75 0.64 0.63 0.87 1.06 0.94 0.87 0.89 0.85 0.89 0.83 0.77 0.85 0.97 1.16 1.16 1.02 1.11 1.27 1.32 1.17 0.80 0.67 0.93 1.28 1.44 1.39 1.27 1.20 1.07 0.98 0.96 0.90 0.97 1.22 1.37 1.38 1.27 1.14 0.99 0.81 0.73 0.85 1.21 1.40 1.11 0.66 0.47 0.60 0.87
1.17 1.15 1.12 1.08 1.05 1.03 0.99 0.95 0.91 0.87 0.85 0.83 0.81 0.79 0.77 0.74 0.72 0.70 0.69 0.68 0.66 0.63 0.60 0.56 0.50 0.48 0.50 0.54 0.55 0.57 0.71 0.89 0.95 0.96 0.87 0.63 0.59 0.85 1.05 0.95 0.87 0.86 0.82 0.88 0.84 0.77 0.84 0.93 1.06 1.10 1.04 1.10 1.24 1.37 1.27 0.94 0.80 0.96 1.30 1.57 1.40 1.09 1.09 1.12 1.04 0.93 0.82 0.91 1.29 1.46 1.29 1.10 1.06 0.99 0.86 0.84 0.92 1.18 1.47 1.38 0.89 0.53 0.54 0.76
1.18 1.16 1.11 1.07 1.06 1.04 0.98 0.93 0.90 0.87 0.84 0.82 0.81 0.78 0.76 0.74 0.71 0.70 0.69 0.68 0.66 0.63 0.60 0.56 0.53 0.51 0.50 0.49 0.47 0.50 0.67 0.87 1.00 1.09 0.94 0.57 0.56 0.88 1.02 0.93 0.86 0.81 0.78 0.84 0.83 0.79 0.85 0.95 0.99 0.98 0.98 1.03 1.13 1.33 1.30 1.01 0.97 1.13 1.36 1.62 1.41 1.01 0.99 1.14 1.15 0.95 0.76 0.88 1.33 1.54 1.24 1.01 0.98 0.91 0.83 0.86 0.95 1.15 1.48 1.58 1.21 0.75 0.62 0.72
1.18 1.15 1.09 1.07 1.08 1.03 0.95 0.92 0.90 0.86 0.83 0.82 0.80 0.78 0.76 0.73 0.71 0.70 0.69 0.68 0.66 0.63 0.60 0.58 0.56 0.53 0.50 0.45 0.40 0.47 0.70 0.91 1.01 1.14 0.99 0.57 0.57 0.91 0.97 0.86 0.84 0.79 0.76 0.81 0.81 0.80 0.89 0.96 0.93 0.95 0.97 0.98 1.03 1.20 1.26 1.06 1.06 1.30 1.53 1.64 1.34 0.95 0.92 1.16 1.32 1.08 0.76 0.83 1.32 1.58 1.28 1.04 0.98 0.87 0.80 0.83 0.92 1.11 1.44 1.67 1.44 1.03 0.83 0.77
1.17 1.14 1.08 1.08 1.08 1.00 0.94 0.91 0.88 0.85 0.83 0.82 0.80 0.77 0.75 0.73 0.71 0.71 0.69 0.67 0.66 0.64 0.61 0.59 0.58 0.54 0.49 0.43 0.39 0.48 0.72 0.90 0.97 1.12 1.09 0.66 0.58 0.87 0.90 0.80 0.82 0.79 0.76 0.81 0.81 0.84 0.92 0.94 0.91 0.96 0.99 0.97 0.98 1.05 1.13 1.05 1.02 1.27 1.62 1.74 1.41 0.92 0.81 1.11 1.44 1.31 0.91 0.79 1.14 1.51 1.38 1.14 1.04 0.90 0.81 0.80 0.86 1.03 1.37 1.72 1.68 1.37 1.14 0.95
1.16 1.13 1.09 1.09 1.07 0.99 0.93 0.90 0.87 0.85 0.83 0.81 0.79 0.77 0.75 0.73 0.71 0.71 0.69 0.67 0.67 0.65 0.62 0.60 0.59 0.54 0.49 0.43 0.41 0.50 0.70 0.86 0.92 1.08 1.16 0.84 0.60 0.77 0.84 0.77 0.80 0.79 0.78 0.82 0.85 0.88 0.91 0.90 0.92 0.97 0.99 0.99 0.99 0.98 1.02 1.04 1.03 1.13 1.46 1.78 1.60 1.03 0.73 0.94 1.42 1.53 1.23 0.91 0.99 1.30 1.33 1.22 1.11 0.95 0.83 0.76 0.76 0.86 1.13 1.55 1.79 1.71 1.53 1.30
1.15 1.13 1.10 1.10 1.06 0.98 0.91 0.88 0.87 0.85 0.82 0.80 0.78 0.76 0.74 0.73 0.71 0.71 0.69 0.68 0.68 0.66 0.63 0.61 0.59 0.54 0.49 0.44 0.42 0.52 0.71 0.82 0.91 1.06 1.15 0.94 0.65 0.68 0.78 0.76 0.77 0.80 0.82 0.84 0.89 0.93 0.88 0.89 0.94 0.97 0.99 1.01 1.01 0.98 1.00 1.06 1.09 1.10 1.26 1.65 1.67 1.15 0.70 0.74 1.23 1.61 1.54 1.21 1.07 1.11 1.11 1.16 1.13 0.97 0.84 0.74 0.70 0.77 0.88 1.10 1.47 1.70 1.77 1.67
1.14 1.12 1.11 1.09 1.03 0.94 0.89 0.87 0.86 0.83 0.81 0.79 0.78 0.76 0.74 0.73 0.72 0.71 0.70 0.69 0.68 0.66 0.64 0.62 0.59 0.55 0.50 0.44 0.43 0.59 0.76 0.83 0.92 1.03 1.07 0.93 0.73 0.69 0.76 0.77 0.76 0.80 0.86 0.88 0.93 0.96 0.90 0.90 0.95 0.96 0.99 1.00 1.02 1.03 1.03 1.06 1.12 1.16 1.22 1.52 1.66 1.26 0.77 0.64 0.94 1.46 1.70 1.55 1.27 1.03 0.95 1.06 1.08 0.96 0.85 0.76 0.72 0.82 0.92 0.94 1.05 1.32 1.66 1.87
1.14 1.12 1.11 1.06 0.98 0.91 0.88 0.86 0.84 0.82 0.81 0.79 0.77 0.76 0.75 0.74 0.73 0.72 0.71 0.70 0.68 0.67 0.65 0.63 0.61 0.57 0.52 0.44 0.50 0.73 0.81 0.82 0.88 0.94 0.99 0.87 0.72 0.72 0.80 0.80 0.79 0.82 0.87 0.92 0.96 0.96 0.92 0.93 0.95 0.98 1.01 0.97 0.99 1.06 1.07 1.04 1.09 1.20 1.28 1.46 1.61 1.37 0.93 0.65 0.74 1.18 1.67 1.73 1.39 1.07 0.99 1.06 1.07 0.95 0.84 0.81 0.76 0.83 1.09 1.11 0.94 1.04 1.39 1.78
