windninja/windninja_output/Output_2025-08-24_2200-2250_Google earth_Fire_150m_10min/merlingen_7.5mi_point_08-24-2025_2230_150m_ang.asc
ncols	158
nrows	163
xllcorner	391686.332397
yllcorner	5160024.123721
cellsize	150.000000
NODATA_value	-32768.000000
[rows 84 to 125 of 163, columns 0 to 93 of 158]
270 274 279 275 268 265 263 260 260 264 270 276 276 274 274 274 275 275 276 278 278 278 276 274 276 276 271 268 266 265 263 262 261 260 260 261 261 260 258 256 254 253 253 253 253 253 254 256 256 254 250 249 251 252 253 253 253 253 252 252 251 251 250 249 249 248 248 247 247 246 245 245 244 244 243 241 239 236 231 219 193 188 203 221 243 248 247 245 243 242 241 240 238 236
265 264 265 264 261 258 253 252 257 264 270 274 274 272 271 272 273 273 274 277 278 279 279 278 279 279 274 269 267 266 263 261 259 257 256 258 259 260 260 260 259 257 256 256 257 258 259 261 262 260 257 253 251 250 252 253 253 253 253 252 252 251 250 250 249 248 248 247 247 246 245 245 244 244 243 242 240 237 232 221 195 183 200 230 248 248 245 244 242 242 242 241 239 237
264 262 261 261 258 253 248 250 258 267 272 271 271 270 269 269 268 269 271 274 276 277 279 281 283 281 275 270 268 267 264 262 260 257 255 254 252 253 256 260 262 260 257 256 256 257 259 260 261 262 261 258 254 253 253 254 254 254 254 253 252 251 251 250 249 248 248 247 247 246 246 245 245 244 243 242 241 239 236 229 204 181 198 236 249 249 246 245 242 241 241 241 240 236
265 262 259 259 255 251 248 252 260 265 268 267 269 269 267 265 263 264 266 270 272 273 276 284 290 286 275 270 267 265 264 264 263 263 261 256 251 249 250 252 256 259 259 256 255 256 257 258 259 260 261 260 258 256 255 256 257 257 256 255 254 252 251 250 249 248 248 247 247 246 246 245 245 244 244 243 243 242 240 237 224 190 209 247 250 248 247 247 245 245 245 245 242 236
265 264 261 260 255 250 250 253 257 259 261 266 268 266 263 260 258 259 262 266 269 271 279 288 295 288 273 268 265 263 262 263 263 265 266 264 259 254 251 250 250 252 255 256 255 254 254 256 256 256 257 258 258 257 256 256 258 259 259 258 256 254 252 250 249 248 248 247 247 247 246 246 245 245 245 244 244 244 243 243 242 254 295 279 265 253 249 248 247 249 250 248 245 241
267 267 264 261 257 253 251 251 249 251 259 267 267 263 260 254 252 255 260 266 271 279 287 290 288 275 268 265 263 261 261 261 262 262 263 265 266 262 257 254 253 252 253 255 255 254 253 253 254 255 254 254 255 255 253 252 254 256 261 264 260 255 252 250 249 249 248 248 247 247 246 246 246 245 245 245 245 245 246 247 252 269 299 297 283 272 262 256 254 255 255 251 246 246
268 266 261 257 258 257 253 249 245 248 258 264 261 257 254 250 250 253 258 268 280 289 290 279 261 254 260 261 261 260 260 260 261 260 260 262 264 265 261 257 254 254 254 255 256 256 254 253 253 254 255 255 254 253 250 248 249 252 258 264 262 255 252 250 249 249 248 248 248 247 247 246 246 246 246 246 246 246 247 250 255 265 284 293 290 285 277 268 264 265 260 251 250 251
264 260 253 250 252 254 253 248 243 248 255 256 251 248 247 246 249 250 255 270 287 294 281 256 238 241 254 258 259 260 260 260 261 260 260 261 261 263 263 258 253 252 254 256 257 257 256 255 254 255 257 258 258 256 250 246 247 249 252 253 252 252 251 250 249 249 249 248 248 248 247 247 247 247 247 247 247 248 249 251 255 262 275 284 285 285 281 274 271 268 261 254 258 261
261 257 249 246 246 246 245 239 234 240 248 248 243 243 245 247 250 250 258 269 279 280 255 238 229 237 251 256 258 259 260 260 261 262 262 262 260 260 261 260 255 251 251 254 257 258 258 257 257 258 260 262 263 260 254 249 251 251 250 247 244 246 249 249 250 249 249 249 248 248 248 247 247 247 247 247 248 249 250 252 255 260 270 280 283 282 281 277 273 267 260 263 268 268
261 258 252 249 248 247 243 234 225 232 239 237 230 229 231 239 246 252 263 266 258 230 225 227 226 239 251 255 257 259 259 261 263 265 264 263 261 260 260 260 258 251 249 251 255 257 258 258 257 258 261 266 267 263 261 263 262 258 254 249 246 245 247 249 250 250 249 249 249 248 248 248 248 248 248 248 248 249 250 252 254 258 265 273 280 282 281 279 273 266 263 266 268 268
261 259 255 255 256 255 250 239 227 236 240 235 228 225 225 236 244 252 259 253 235 218 216 222 229 243 252 255 256 256 258 262 266 268 266 263 261 261 260 260 258 253 248 247 248 251 254 256 257 257 259 264 265 261 262 267 268 264 259 254 250 247 248 250 250 250 250 250 249 249 249 249 248 248 248 248 249 250 250 252 254 256 260 266 271 275 277 275 270 265 263 263 264 264
259 257 255 258 259 256 251 247 249 255 253 246 240 239 242 252 252 257 255 243 228 223 223 230 239 249 254 255 255 254 257 262 265 266 265 263 262 262 262 261 260 257 252 247 244 244 247 250 254 256 257 256 253 254 258 262 265 264 261 256 253 250 250 251 251 251 251 250 250 250 249 249 249 249 249 249 249 250 251 252 253 255 257 260 263 266 268 268 265 263 261 260 259 259
259 258 257 258 256 250 246 247 258 269 268 259 252 250 257 262 261 263 255 230 225 230 235 245 253 257 257 256 256 256 259 261 261 261 263 264 264 264 264 263 262 262 258 253 247 244 244 247 251 254 254 250 246 249 254 259 262 263 261 259 256 253 252 253 253 252 252 251 251 250 250 250 249 249 249 249 250 250 251 251 253 254 255 257 259 260 261 261 260 259 258 257 256 256
261 261 259 257 253 247 244 243 249 259 264 262 260 257 261 264 267 265 250 227 225 233 244 257 265 263 259 258 258 262 264 262 260 260 262 265 266 267 266 265 264 265 264 261 257 253 251 252 254 254 251 248 247 248 252 255 259 261 261 261 259 257 256 256 255 254 253 252 252 251 251 250 250 250 250 250 250 250 251 251 252 253 254 255 256 256 257 257 256 256 255 254 254 253
263 263 260 257 256 252 247 245 246 250 255 260 265 267 268 269 268 259 242 230 228 236 250 261 264 256 255 257 260 263 265 264 262 261 262 264 267 269 270 269 267 267 267 265 262 261 261 260 257 254 251 249 248 248 251 253 255 257 259 259 259 259 260 260 259 257 255 254 253 252 252 251 251 251 251 251 251 251 251 251 252 252 253 253 254 254 254 254 254 253 253 252 251 251
262 262 260 261 262 261 258 255 252 249 251 255 259 267 270 268 261 251 240 232 233 244 255 257 248 241 249 256 260 262 263 265 265 264 264 264 267 269 272 274 272 270 269 266 263 261 261 259 256 252 251 250 248 247 249 251 252 253 256 256 255 256 259 262 262 261 259 256 254 253 252 252 252 252 251 251 251 251 252 252 252 252 252 252 252 253 252 252 252 251 251 250 250 249
260 260 260 261 261 260 260 260 256 252 252 253 255 261 264 260 256 253 244 238 248 259 260 249 235 238 248 254 258 261 263 265 268 269 269 269 269 269 271 276 277 274 273 270 265 261 259 257 254 251 250 249 248 247 247 248 249 250 253 253 252 252 254 257 260 262 262 260 257 255 254 253 253 253 252 252 252 252 252 252 252 252 252 252 252 252 251 251 251 250 250 249 249 248
260 260 261 260 258 257 257 257 256 255 254 253 251 249 250 252 253 253 248 252 264 267 256 240 237 243 250 254 257 259 262 265 269 273 276 277 275 273 273 276 279 278 277 275 270 263 259 257 255 252 250 248 248 248 248 247 246 247 249 250 252 252 251 252 255 258 260 260 259 257 256 256 255 254 254 253 253 253 253 253 253 252 252 252 251 251 251 250 250 249 249 248 248 247
261 261 261 258 257 257 257 257 256 256 255 253 249 244 244 248 250 250 249 257 263 255 243 240 241 246 252 255 257 259 262 266 269 273 278 282 282 280 278 277 280 282 280 280 275 266 260 256 253 252 250 248 247 247 248 247 246 246 246 246 248 249 250 251 252 254 256 256 257 257 259 260 259 257 256 256 255 255 254 254 253 253 253 252 251 251 250 250 249 249 248 247 247 247
260 260 259 258 257 257 257 257 256 256 256 255 254 254 256 255 254 252 253 258 253 239 239 243 244 246 251 256 259 262 265 266 269 272 277 282 286 286 283 281 283 285 285 284 283 275 264 257 253 250 249 249 248 247 246 245 245 245 245 245 245 245 246 248 250 251 251 251 251 253 257 262 263 262 260 259 258 258 257 256 255 254 253 252 252 251 250 249 249 248 248 247 246 246
259 259 257 257 257 258 258 257 257 258 259 261 263 267 271 270 264 259 259 256 245 237 240 243 243 244 249 254 259 263 267 268 269 272 275 279 285 289 287 285 286 289 290 289 289 284 273 262 254 250 250 249 249 249 248 246 244 244 245 246 245 245 245 247 248 248 247 246 245 247 251 256 261 265 265 265 264 263 261 259 258 256 255 253 252 251 250 250 249 248 247 247 246 246
259 258 256 255 256 258 258 257 256 258 262 265 269 273 275 274 270 264 259 252 245 242 243 242 241 243 247 251 255 261 266 269 271 270 271 276 283 289 291 290 290 291 292 293 293 291 280 268 258 252 250 248 247 247 248 247 245 244 244 245 245 244 245 247 248 247 245 243 241 244 246 247 251 257 262 265 268 268 266 265 264 261 258 255 253 252 251 250 249 248 247 247 246 246
258 256 254 253 254 255 256 255 255 258 262 265 268 271 273 272 268 263 256 249 246 248 246 241 240 242 245 247 252 259 265 270 270 267 267 275 284 290 293 293 292 292 293 294 296 296 289 276 265 257 252 249 246 244 245 246 246 245 244 244 244 244 245 246 246 246 245 242 240 241 244 244 245 246 250 256 261 264 264 267 269 267 262 257 255 253 251 250 249 248 248 247 246 246
256 254 251 251 252 252 254 255 255 256 259 260 260 261 263 266 264 261 255 248 246 250 250 242 238 240 242 243 248 258 265 268 266 261 266 277 285 289 290 292 295 294 294 295 298 300 298 285 272 263 257 252 248 245 243 243 243 244 245 244 243 244 245 244 244 244 243 242 240 239 241 243 244 245 247 250 254 255 257 260 266 270 267 262 257 254 252 251 250 249 248 247 247 246
254 251 249 250 251 251 252 253 254 254 255 255 253 252 255 259 260 257 251 248 249 253 253 246 239 238 240 239 244 255 263 264 261 256 267 279 285 284 285 291 297 296 294 297 298 300 303 296 279 266 259 254 251 249 245 242 241 242 243 242 241 243 245 244 244 243 242 241 239 237 238 241 244 246 246 247 249 252 255 256 258 263 269 267 261 257 254 252 251 250 249 248 248 247
253 251 250 252 253 253 253 252 252 252 252 251 249 249 252 257 258 251 243 245 252 258 257 250 242 238 239 238 244 255 259 258 256 255 267 278 280 280 284 289 291 291 294 299 301 300 305 307 290 271 260 253 250 249 247 244 242 242 242 240 239 241 242 242 243 244 244 242 239 236 237 241 243 244 245 246 247 249 252 255 256 257 263 268 266 260 257 254 253 251 251 250 249 248
252 252 255 257 258 257 255 253 251 250 250 249 247 248 253 258 259 244 235 242 251 260 261 254 248 243 240 238 244 253 257 256 253 254 265 274 277 281 285 284 277 281 290 300 303 303 306 314 304 280 265 255 249 247 246 245 243 242 243 241 239 240 240 239 240 243 244 244 240 236 236 239 242 243 244 246 247 248 249 252 254 256 258 262 266 264 260 257 255 254 253 252 252 251
253 255 257 259 258 256 254 253 252 250 249 250 251 252 255 260 259 238 230 239 247 258 265 259 252 250 246 241 242 246 252 255 252 252 262 272 277 282 284 276 271 274 279 291 301 305 308 317 316 294 273 259 250 247 246 244 242 243 243 242 240 240 239 237 236 238 241 242 241 238 237 240 242 242 243 245 246 246 247 250 253 256 257 257 260 262 262 261 259 257 257 257 256 255
256 257 258 257 255 253 252 251 250 248 245 248 254 255 257 261 259 235 228 235 241 250 260 260 252 255 258 256 248 243 245 251 253 256 266 273 277 280 277 271 270 268 269 279 295 304 306 314 322 311 285 262 251 249 247 244 242 242 242 241 239 239 239 237 236 236 237 237 238 239 240 242 243 242 242 244 244 243 244 246 250 254 255 255 255 255 257 259 260 260 261 262 259 256
256 256 256 255 254 254 253 251 248 244 243 248 254 255 256 260 260 237 226 231 235 243 251 255 251 258 264 266 261 248 243 245 252 262 272 277 276 272 268 265 262 260 266 275 288 296 299 306 319 322 305 273 253 249 247 244 242 241 241 240 238 236 237 238 236 235 234 234 234 235 236 240 242 241 240 242 244 243 242 242 245 251 253 253 253 251 250 252 254 256 261 263 259 254
252 252 253 253 253 253 253 251 247 244 246 252 253 250 251 259 263 249 223 230 232 237 243 248 252 257 260 262 264 260 247 244 251 262 272 277 272 266 262 256 250 255 264 272 278 283 288 294 304 317 320 301 262 249 246 244 242 241 241 240 237 234 235 237 236 234 233 232 232 232 232 235 240 240 239 240 242 243 242 241 244 246 246 246 247 244 244 246 246 251 256 257 253 250
248 248 249 251 251 250 249 249 247 248 255 258 253 244 247 259 268 266 226 235 236 236 237 241 249 254 253 251 256 261 251 244 249 259 269 273 270 264 258 249 247 256 263 266 269 273 280 282 286 300 318 325 281 251 246 244 243 242 241 240 237 234 234 237 236 233 232 232 232 231 231 233 237 241 241 240 241 242 242 241 243 245 243 240 240 236 236 240 244 250 253 250 245 244
245 247 248 249 250 249 246 244 246 254 262 263 252 240 246 260 269 268 241 251 246 241 236 238 242 247 248 247 255 259 250 242 244 253 264 270 269 259 250 247 250 258 261 259 262 267 268 269 271 278 296 326 309 251 245 244 244 242 241 241 238 234 235 237 236 232 231 232 232 231 229 230 232 237 241 243 242 241 242 242 245 247 244 238 236 232 231 237 243 249 249 244 239 237
242 246 248 249 250 250 246 243 247 254 262 264 252 241 248 258 265 268 299 291 259 249 243 239 238 240 240 243 252 258 253 248 244 250 256 261 258 247 242 247 251 254 254 254 257 256 252 254 260 263 268 286 350 238 241 243 243 242 241 242 239 235 234 236 235 231 230 231 231 230 228 227 228 231 235 240 242 241 240 241 245 248 244 236 234 232 231 235 241 244 243 239 235 235
242 245 248 249 251 250 248 248 253 254 256 259 255 248 250 254 259 272 310 324 292 266 255 251 246 241 237 239 244 247 251 256 256 258 255 249 241 231 234 242 244 245 246 249 251 249 246 248 253 255 254 241 162 187 230 241 243 242 241 242 241 237 235 235 233 229 228 229 229 229 228 226 225 227 230 234 236 238 239 239 242 245 242 236 233 233 232 235 239 239 237 233 231 235
241 243 246 250 253 251 251 255 259 258 255 257 260 257 252 251 257 269 297 328 321 291 273 267 262 256 250 248 245 246 252 260 267 267 259 249 240 230 232 235 233 234 237 241 243 243 242 244 247 246 242 225 178 162 212 238 243 242 241 242 241 239 238 237 233 229 227 227 228 230 229 227 225 225 227 230 231 233 237 240 242 244 241 236 235 235 234 235 236 235 233 230 228 233
238 240 245 250 254 254 255 260 263 261 256 259 263 260 253 252 257 264 279 315 328 312 292 281 274 271 268 265 264 264 263 265 269 267 261 255 247 241 240 236 232 230 232 236 238 237 235 235 235 234 232 220 189 163 193 233 243 243 242 242 242 240 240 241 239 240 239 233 231 232 230 228 226 225 226 226 227 230 234 239 242 243 241 236 237 237 235 234 234 233 232 228 225 230
232 238 244 246 246 248 252 259 265 265 259 262 268 267 254 251 254 261 269 288 318 318 306 294 285 280 276 275 278 280 277 272 270 267 263 259 255 252 248 245 240 235 237 240 241 239 238 236 229 227 226 219 197 170 182 224 241 244 243 244 243 241 241 242 243 250 256 256 247 238 233 229 229 228 225 224 224 226 230 234 237 240 239 236 236 235 233 232 232 233 231 225 222 226
224 238 245 242 238 237 241 247 256 262 260 265 272 280 263 252 252 256 260 267 290 308 309 303 294 288 285 285 285 284 283 278 272 269 266 262 259 255 249 250 249 246 244 243 244 247 247 242 233 228 225 221 201 174 180 216 238 243 243 244 243 241 242 242 241 245 251 260 264 254 241 234 232 230 227 223 222 223 225 228 231 235 236 234 233 232 229 227 229 231 228 221 220 228
225 244 250 245 239 239 239 241 246 249 256 268 276 285 276 263 254 250 251 259 272 289 300 300 296 294 292 290 290 290 288 282 275 271 269 264 260 256 251 248 251 250 246 242 242 246 247 242 233 227 225 222 202 178 183 213 239 246 247 245 241 240 241 240 239 241 243 246 255 263 255 246 240 235 230 225 222 221 222 223 225 229 231 230 229 229 225 223 227 229 226 218 220 230
232 246 252 247 244 245 243 241 243 243 249 263 274 278 280 274 259 247 244 252 265 277 286 291 292 293 292 295 298 297 293 283 276 274 271 265 261 260 254 248 250 252 248 244 242 242 243 239 230 225 225 221 203 182 185 209 233 244 248 246 240 239 239 238 239 242 241 241 243 251 260 261 257 248 240 232 226 223 223 220 221 225 228 228 227 227 222 221 228 230 225 217 219 230
229 242 248 244 243 245 244 243 244 242 244 253 261 267 277 278 267 251 241 244 254 270 279 282 283 287 295 303 305 304 296 282 276 275 272 266 263 263 258 251 251 253 251 249 246 243 241 237 228 225 225 220 205 188 186 202 221 233 239 238 236 238 237 235 237 240 240 239 239 240 247 260 266 267 261 250 240 234 230 226 224 227 228 227 226 225 219 220 226 228 223 215 219 230
