windninja/windninja_output/Output_2025-08-24_2200-2250_Google earth_Fire_150m_10min/merlingen_7.5mi_point_08-24-2025_2240_150m_ang.asc
ncols	158
nrows	163
xllcorner	391686.332397
yllcorner	5160024.123721
cellsize	150.000000
NODATA_value	-32768.000000
[rows 0 to 41 of 163, columns 0 to 93 of 158]
279 278 279 281 283 286 288 285 282 283 283 276 261 250 251 261 271 276 279 287 295 289 275 271 275 280 280 274 270 270 269 268 267 266 264 267 271 271 270 268 264 262 263 263 266 268 271 273 269 264 260 257 256 256 255 253 251 251 252 252 249 246 245 242 239 236 237 240 244 246 244 242 240 238 237 238 238 240 242 241 239 236 236 239 241 239 234 233 235 232 230 231 230 227
280 280 282 283 284 285 286 284 283 283 283 279 267 258 259 265 273 280 284 288 293 293 284 277 276 278 278 276 274 272 270 269 268 267 268 268 269 270 270 268 266 265 264 264 266 267 268 269 270 267 263 261 259 257 255 253 252 251 251 251 250 248 246 243 241 239 239 242 244 245 244 242 240 238 238 238 237 239 241 240 237 236 237 238 239 239 235 234 235 234 233 233 232 230
282 282 284 285 285 284 283 283 285 286 288 287 281 273 270 273 278 283 287 288 290 296 296 285 277 274 276 277 276 273 271 271 270 270 271 270 268 268 268 268 268 267 266 266 266 266 265 264 265 265 264 261 259 256 255 253 253 251 250 249 248 247 246 245 243 242 243 244 245 244 242 241 240 240 240 238 236 238 239 237 233 235 238 237 237 237 232 231 233 233 235 235 233 231
284 282 283 285 284 286 286 287 290 292 293 295 291 284 280 279 281 283 284 284 286 292 297 293 282 276 274 275 274 272 271 271 272 274 273 272 270 268 268 269 269 268 268 268 267 266 264 261 258 258 259 257 254 253 253 253 253 252 251 249 247 246 245 245 244 243 243 245 246 244 241 240 241 241 241 239 238 239 239 235 230 232 235 234 236 236 230 227 228 228 229 231 230 228
285 283 282 284 284 287 291 293 293 293 292 295 295 290 286 283 281 282 281 280 281 287 296 299 289 281 277 274 273 272 270 269 271 274 274 272 270 269 270 270 270 269 269 268 266 264 262 260 257 256 254 253 253 252 252 252 253 252 251 250 248 246 245 245 244 243 243 245 246 243 241 241 242 241 240 241 242 242 240 235 231 233 236 234 236 237 231 226 225 223 223 225 225 222
286 285 284 284 285 289 292 293 292 290 291 295 299 293 288 284 280 278 278 278 279 284 293 301 296 287 281 277 274 273 271 270 270 270 270 270 270 271 271 270 270 270 269 267 264 262 260 259 257 254 251 251 252 252 252 252 252 252 251 250 248 246 244 244 244 243 243 245 245 241 239 241 243 241 238 238 241 243 240 235 234 237 239 236 236 237 235 232 231 226 223 223 221 217
285 286 287 287 287 289 290 290 289 289 292 297 301 296 288 284 280 277 276 277 278 281 289 299 300 292 285 281 278 276 274 273 271 268 267 269 271 271 270 268 268 268 267 265 263 261 260 258 256 253 251 250 250 251 252 252 252 252 251 250 247 244 242 242 242 242 243 245 244 239 236 238 240 237 235 235 237 238 235 232 235 238 238 237 237 238 238 238 239 235 231 229 225 222
285 285 288 289 289 288 287 287 287 289 294 299 303 298 289 285 283 280 278 278 278 280 284 293 299 296 290 286 283 279 277 276 272 270 269 270 270 269 267 266 265 265 264 263 263 262 260 258 256 253 251 252 250 249 251 252 252 252 251 249 246 242 239 239 239 240 242 244 243 239 237 238 237 235 234 235 237 237 231 231 237 239 236 235 235 236 236 236 237 239 240 239 237 234
285 285 287 289 289 288 286 285 287 291 295 301 305 301 291 286 285 283 280 279 279 279 281 287 296 301 295 289 286 282 279 278 274 272 272 271 269 267 265 264 263 263 263 263 262 262 260 258 256 253 252 253 251 249 251 253 252 251 250 249 247 244 241 239 239 240 242 243 240 237 239 241 240 237 235 236 238 236 231 233 240 242 237 232 230 230 230 230 228 225 226 228 231 230
285 285 286 288 289 288 287 287 289 292 296 300 305 303 293 287 285 285 284 282 281 280 280 284 290 298 297 290 286 285 281 279 276 274 272 270 268 266 264 263 263 263 263 263 262 261 260 259 257 255 254 254 252 253 254 254 253 252 250 248 248 248 246 244 244 245 244 242 238 236 239 242 242 239 237 237 239 236 231 233 238 239 237 234 233 231 229 228 223 218 218 220 222 220
286 286 287 287 288 288 289 290 291 293 296 299 304 304 296 289 286 287 287 286 283 281 281 282 285 291 296 291 286 285 281 278 276 275 272 268 266 264 263 263 262 262 262 262 261 261 261 259 258 257 258 257 255 257 258 257 256 255 253 251 251 252 252 253 255 253 249 244 238 238 241 242 240 238 237 237 240 240 235 234 234 235 234 234 237 235 233 234 229 221 222 225 225 221
287 287 287 288 288 289 290 291 292 294 295 298 302 304 299 292 290 289 289 288 286 283 281 281 283 286 288 288 285 283 279 276 276 275 272 268 265 264 265 264 263 262 261 259 258 259 258 258 257 259 263 264 263 263 264 262 259 257 256 255 257 259 261 266 267 264 258 250 243 242 243 241 239 236 234 233 235 236 235 234 233 232 231 230 232 230 232 237 231 221 227 233 231 226
287 287 288 288 289 290 291 292 292 294 295 297 300 303 299 294 292 291 289 289 288 285 282 279 278 277 278 281 281 280 279 276 276 275 271 268 267 267 267 265 263 262 259 257 256 254 252 252 255 260 265 266 266 267 269 268 264 259 256 256 260 263 269 276 278 275 270 263 255 250 246 242 240 236 231 229 230 231 230 229 230 231 230 230 230 227 230 235 228 218 227 235 233 229
287 288 289 289 290 291 291 292 293 294 295 297 300 302 298 293 292 293 291 289 287 285 281 277 273 272 275 278 279 278 277 276 275 273 270 268 268 268 267 265 263 261 258 257 257 255 250 247 251 257 261 263 263 265 269 272 270 263 255 253 258 262 266 272 277 278 277 278 279 268 253 247 244 239 234 233 235 235 233 230 232 234 233 234 233 229 232 235 230 224 232 239 238 237
288 288 289 290 291 291 292 292 293 294 296 297 300 303 299 293 292 294 294 289 286 283 279 275 273 274 276 277 277 276 274 275 275 274 273 271 268 265 264 262 261 257 256 258 260 258 256 253 249 250 253 257 257 258 261 265 267 263 253 251 255 258 260 260 261 266 271 277 286 291 273 257 250 243 238 239 243 242 240 241 242 240 239 239 237 235 238 238 234 234 243 249 249 249
288 289 290 291 291 292 292 293 294 295 296 297 300 304 302 295 292 293 294 290 286 283 280 276 274 276 278 277 275 275 275 275 275 273 272 269 265 262 259 258 258 256 255 258 259 256 257 259 255 250 250 250 250 252 252 251 253 254 250 251 255 256 256 252 249 253 259 264 271 288 296 276 260 250 244 244 245 244 245 248 248 245 245 245 243 242 244 244 241 241 246 252 252 252
289 289 290 291 292 292 293 294 294 295 296 298 300 304 304 297 292 291 291 290 287 284 281 279 277 277 278 277 276 276 277 274 270 266 263 263 263 261 258 257 257 257 258 257 256 255 254 254 257 257 254 250 249 250 248 246 246 246 246 251 254 256 254 249 246 250 253 257 260 265 281 286 275 265 254 248 245 245 247 248 245 243 246 247 248 250 249 249 251 249 245 245 245 246
290 290 291 292 292 293 294 294 295 296 296 298 299 301 303 297 291 289 289 288 286 284 282 281 279 276 275 277 278 276 273 268 261 257 257 260 262 261 259 258 258 259 259 257 255 255 255 253 254 259 259 255 251 249 248 246 246 245 244 249 252 253 251 247 247 249 251 253 254 254 259 269 274 274 267 255 248 248 250 249 247 247 248 247 248 251 251 249 252 254 249 243 241 241
290 291 291 292 293 294 294 295 296 296 296 297 298 299 300 297 292 289 286 285 283 282 282 281 278 276 275 276 277 274 268 262 257 256 257 259 260 261 260 260 260 259 258 257 256 256 258 258 256 256 258 258 255 250 248 247 247 246 246 248 251 251 248 246 248 250 251 250 250 251 252 252 256 261 264 264 260 258 256 254 254 254 252 248 244 243 243 244 247 251 251 246 243 242
291 291 292 293 294 294 295 296 296 297 297 297 298 298 298 296 292 288 286 284 283 283 282 281 279 277 276 275 274 271 266 260 257 258 260 261 261 262 262 262 260 258 257 256 256 258 259 260 258 257 257 257 257 254 251 249 247 246 247 248 250 250 249 249 250 252 251 249 248 249 248 244 244 246 247 251 255 257 257 256 255 255 252 247 242 240 239 240 244 248 246 241 242 243
292 292 293 294 295 295 296 296 296 297 297 297 297 297 297 295 292 289 288 287 285 284 283 282 280 278 275 274 272 269 265 260 257 259 262 262 263 264 263 261 258 256 256 256 258 259 259 257 257 257 256 256 257 258 256 252 249 247 246 247 247 249 251 251 251 252 251 249 250 248 243 239 241 244 243 237 235 240 245 249 251 250 248 245 242 241 240 240 244 247 243 234 237 241
293 293 294 294 295 296 296 297 297 298 298 297 297 297 296 295 293 291 290 288 287 285 284 282 280 277 275 273 271 269 265 262 261 263 265 264 263 262 260 258 256 255 255 257 259 259 258 257 256 256 256 256 256 258 258 256 253 250 246 245 245 248 251 251 251 253 251 250 249 245 239 237 240 245 244 233 226 230 235 240 243 245 245 244 241 239 238 239 244 245 238 227 230 238
293 294 294 295 296 297 297 297 297 298 298 298 297 297 297 296 294 292 291 290 288 286 284 282 280 277 274 272 270 269 268 266 267 267 266 265 263 259 257 257 256 255 255 256 257 258 258 257 256 256 256 256 255 255 256 256 255 252 247 244 244 248 250 251 253 253 251 249 245 239 235 235 239 244 242 231 222 227 231 234 235 236 239 242 240 238 235 237 241 241 235 221 225 235
294 295 296 296 297 298 298 298 298 298 299 299 298 297 297 296 295 293 292 290 289 287 285 283 280 277 273 270 269 269 271 272 271 267 265 264 262 259 258 258 257 256 255 255 258 260 257 256 256 256 256 256 255 255 255 255 255 253 247 244 245 248 252 256 258 254 249 246 241 237 235 237 242 244 240 229 221 229 233 232 232 232 234 237 237 238 237 239 241 240 233 220 225 236
295 296 296 297 297 298 299 299 299 299 299 300 299 298 298 297 296 294 292 291 289 287 285 283 280 276 270 266 268 271 273 274 273 268 264 261 260 260 261 261 260 258 256 257 260 258 254 253 254 256 256 256 255 255 254 253 253 251 247 246 247 250 255 259 258 254 249 244 240 239 240 242 246 245 237 227 228 237 238 234 232 231 230 231 234 238 240 243 244 242 232 219 226 235
296 296 297 298 298 299 300 299 299 300 300 300 299 299 298 297 296 294 293 291 289 287 286 283 280 274 267 264 268 271 274 275 275 272 266 261 258 260 263 264 262 261 261 262 260 254 251 253 254 255 255 256 257 257 256 253 250 247 246 249 252 257 259 256 250 245 242 237 236 239 244 250 251 244 232 223 231 242 243 236 232 230 226 226 229 232 232 235 242 243 229 215 223 231
297 297 298 299 299 300 301 300 300 300 300 300 300 299 298 297 296 294 293 291 290 288 287 284 280 274 267 265 267 268 270 274 276 276 270 262 257 259 263 265 264 264 265 263 259 252 250 252 254 254 252 253 256 258 258 253 244 242 246 251 259 265 263 254 244 238 233 230 232 238 247 253 250 242 227 218 229 240 245 240 236 232 227 226 228 228 224 226 235 239 228 214 219 227
298 298 299 300 300 301 301 301 301 301 301 300 300 299 299 297 296 295 293 292 291 289 288 285 282 278 272 268 266 265 266 270 274 276 275 269 262 261 263 266 266 266 267 263 258 252 249 249 252 253 250 250 252 255 257 249 236 239 246 253 261 265 262 253 244 238 231 227 232 241 249 250 245 237 224 215 226 237 240 241 241 235 231 231 232 229 223 224 232 234 228 217 217 225
299 299 300 300 301 302 302 302 302 302 301 300 300 299 299 298 297 296 294 293 291 290 288 286 284 283 279 274 268 262 261 265 270 273 276 277 271 265 265 266 266 267 266 263 259 253 249 248 249 250 248 248 249 251 252 240 229 239 248 257 261 259 253 246 241 237 229 228 237 246 249 246 239 232 222 217 228 239 241 241 243 239 237 238 239 235 230 230 233 233 229 223 221 226
300 300 301 301 302 302 303 302 302 302 302 301 300 300 299 299 298 296 295 293 291 290 288 288 287 288 286 280 271 261 258 260 263 269 277 282 277 269 268 268 267 265 262 260 257 252 250 249 249 248 243 244 246 246 244 233 227 241 251 259 263 257 247 240 238 237 230 231 244 252 252 245 236 230 222 221 230 238 242 244 246 244 243 244 243 239 237 236 235 232 229 228 227 230
301 302 302 302 302 303 304 303 303 303 302 301 301 300 299 299 298 297 295 293 292 291 290 289 289 291 290 283 273 263 259 258 262 270 279 284 278 272 270 269 267 264 259 256 252 250 251 253 253 248 241 242 243 243 240 230 230 246 255 260 260 254 245 240 241 240 235 237 249 256 256 247 239 232 223 221 225 232 239 243 245 243 245 245 242 238 236 236 234 232 230 231 233 240
302 303 304 304 303 304 305 305 304 304 303 302 301 300 299 298 298 296 295 294 293 292 290 290 291 292 291 285 275 265 263 266 269 272 277 281 278 275 272 268 265 261 257 255 252 251 254 258 256 251 248 248 246 245 240 230 234 248 259 261 257 247 239 239 244 245 240 241 251 256 253 246 242 234 223 220 222 228 235 240 240 235 238 244 244 242 241 240 238 237 236 236 237 243
303 304 305 305 304 305 306 305 305 304 304 302 301 300 299 298 297 296 295 294 293 292 291 291 291 292 291 288 281 273 272 273 272 270 272 279 281 276 272 266 261 258 256 256 254 254 257 258 254 252 253 252 250 247 241 232 236 246 254 258 255 242 232 235 243 247 244 244 249 251 247 241 239 232 223 219 220 225 233 239 237 231 235 242 245 247 248 245 242 242 242 240 240 243
305 305 306 306 305 306 306 306 305 304 304 303 301 300 299 298 297 296 295 294 293 293 293 292 291 292 292 291 289 285 279 274 269 266 268 278 284 275 268 262 259 256 255 255 255 256 258 256 253 254 254 254 253 251 245 240 243 247 249 251 249 240 227 231 240 244 246 249 250 248 243 238 236 229 222 218 218 222 229 233 232 229 233 239 240 240 242 242 239 238 238 240 242 245
307 307 308 307 306 307 308 307 305 304 304 302 301 300 299 298 297 296 295 294 293 293 293 293 292 292 292 293 293 289 281 274 270 268 267 271 279 272 263 259 256 253 252 253 255 258 258 255 254 255 255 254 254 252 250 250 252 253 250 248 246 239 225 229 238 242 246 252 256 252 244 237 234 228 224 221 220 224 229 230 228 226 229 235 237 234 236 237 234 233 234 236 239 244
308 309 309 309 308 309 309 307 306 305 304 302 301 300 299 298 297 295 295 294 293 292 292 292 292 292 292 293 293 289 285 280 276 273 269 265 265 264 260 255 252 250 251 254 256 258 257 255 256 255 254 253 252 252 252 253 254 255 254 251 249 243 232 229 236 239 243 249 257 258 248 240 237 232 230 227 225 232 237 236 231 227 228 234 237 235 233 233 231 230 231 233 237 243
310 311 310 310 309 310 309 308 306 305 303 302 301 300 298 297 296 295 294 293 292 292 291 291 291 292 293 293 292 291 290 288 282 276 269 260 254 253 252 251 250 251 252 254 256 257 255 255 256 254 253 252 250 251 252 251 250 251 252 252 251 247 239 233 235 238 242 247 253 253 247 245 243 238 233 228 225 230 238 242 238 232 231 233 237 239 233 230 229 228 229 233 237 242
313 313 312 311 310 310 309 308 306 304 303 302 301 299 298 297 296 295 294 293 292 291 291 291 291 292 294 296 296 294 293 289 283 275 267 258 249 244 247 249 251 253 255 255 256 256 255 254 253 253 254 253 250 250 251 250 247 246 247 249 249 246 241 235 236 241 246 250 249 242 239 242 243 239 231 227 225 222 231 238 237 233 231 231 236 238 230 225 229 230 230 233 237 242
315 315 314 312 311 310 309 307 305 304 303 302 301 299 298 297 296 295 293 292 291 291 290 290 291 292 295 300 299 293 290 286 280 273 266 255 242 242 248 250 252 255 256 256 256 255 255 252 248 249 252 252 248 247 250 249 245 242 242 243 242 239 237 233 234 243 252 254 247 236 235 238 238 233 224 227 225 212 222 232 231 228 228 230 236 237 228 220 225 229 229 233 242 246
317 316 315 313 312 310 309 307 305 304 303 301 300 298 297 296 295 294 293 292 291 290 290 290 290 291 294 298 296 289 284 283 280 273 264 249 238 244 248 251 254 256 258 258 255 254 254 252 248 248 251 251 246 243 245 243 237 235 236 236 233 231 231 232 234 242 252 253 243 237 239 240 237 228 222 228 224 201 212 225 224 223 228 234 240 239 231 221 221 225 226 233 245 248
320 320 317 315 312 311 309 307 305 304 302 301 300 298 297 296 295 293 292 291 291 290 289 289 289 290 292 294 292 287 283 283 280 272 260 247 245 248 249 251 253 257 259 259 256 254 252 250 247 247 250 251 247 243 242 239 233 232 234 235 232 229 231 234 235 240 249 249 242 240 242 241 239 228 223 230 221 195 203 219 221 220 226 234 239 240 234 223 219 223 224 234 243 246
323 323 319 316 313 311 309 307 305 304 302 300 299 298 296 295 294 293 292 291 290 290 289 288 288 288 289 290 290 287 283 281 279 272 261 252 253 256 257 255 255 255 255 254 255 254 249 245 243 244 249 251 248 246 245 242 237 235 238 239 235 230 232 235 235 239 244 243 240 239 236 236 235 225 224 230 216 194 200 216 221 220 224 230 233 234 228 220 220 223 226 234 239 242
