windninja/windninja_output/Output_2025-08-24_2200-2250_Google earth_Fire_150m_10min/merlingen_7.5mi_point_08-24-2025_2210_150m_ang.asc
ncols	158
nrows	163
xllcorner	391686.332397
yllcorner	5160024.123721
cellsize	150.000000
NODATA_value	-32768.000000
[rows 84 to 125 of 163, columns 0 to 93 of 158]
291 299 308 304 297 296 300 303 302 305 307 307 303 298 295 295 295 294 295 296 297 297 297 297 301 303 298 296 294 293 292 291 289 287 284 283 282 282 282 282 284 285 287 287 287 287 287 289 289 287 286 286 287 288 287 285 283 283 282 282 282 281 281 281 281 280 280 280 280 280 280 280 281 282 282 283 285 288 292 299 314 321 305 293 289 287 283 278 276 274 271 267 263 260
277 278 283 281 278 276 272 272 282 293 300 303 301 296 294 293 293 292 292 294 295 295 296 298 301 303 299 295 294 293 292 290 289 287 284 283 283 282 282 284 286 287 286 286 285 284 284 285 285 285 284 283 282 283 284 284 283 283 282 282 282 282 281 281 281 280 280 280 280 280 280 280 281 281 282 283 285 287 291 299 317 329 324 304 290 285 280 276 274 273 271 268 264 261
273 271 270 270 266 260 255 264 279 291 298 300 297 295 292 290 290 288 288 289 290 291 292 295 300 304 302 297 295 294 292 291 291 291 288 286 283 281 281 284 286 288 286 285 283 283 283 283 283 284 284 282 280 281 282 283 283 283 282 282 282 282 282 281 281 280 280 280 279 279 279 280 280 281 282 283 284 287 291 299 317 330 327 306 289 282 278 275 272 271 269 268 267 266
272 269 264 264 262 260 263 274 284 290 295 295 294 294 289 287 285 282 282 284 286 287 289 296 306 313 307 301 296 294 293 291 291 293 291 288 285 282 281 281 284 287 288 285 282 281 281 281 281 282 283 283 282 281 281 282 282 283 283 283 283 283 282 281 281 280 280 279 279 279 279 279 280 280 281 282 284 286 291 298 313 326 325 308 289 279 276 274 271 269 269 271 273 271
274 272 270 273 273 273 276 281 283 284 287 292 294 294 290 285 281 278 279 282 287 290 296 307 318 324 311 302 296 293 292 291 291 291 290 289 287 284 280 279 280 283 287 287 284 281 279 279 279 279 281 283 283 282 281 281 281 283 284 285 285 284 283 282 281 280 280 279 279 279 279 279 280 280 281 282 283 286 290 296 306 319 320 308 293 281 274 271 271 271 274 275 274 269
283 283 284 283 282 281 280 278 276 276 284 294 297 295 290 282 276 275 278 284 291 300 307 315 329 330 312 301 296 293 291 290 290 289 289 289 289 287 282 278 277 279 283 286 285 282 278 277 278 279 280 283 285 285 283 281 279 279 283 287 288 286 283 282 281 280 279 279 279 279 279 279 279 280 280 281 283 285 288 292 300 309 314 307 296 287 278 273 273 276 276 274 267 262
286 286 283 279 279 280 279 276 274 277 285 295 298 293 287 280 277 275 278 286 299 309 316 323 333 329 310 300 295 292 290 289 289 288 287 287 289 289 285 280 277 277 280 283 284 282 279 276 276 278 281 283 286 287 285 280 276 276 281 289 293 289 284 282 281 280 279 279 279 279 279 279 279 279 280 281 282 284 286 290 295 302 307 305 298 293 287 281 279 279 275 267 263 261
282 282 279 277 280 284 285 284 283 282 285 293 297 294 291 288 284 279 277 288 305 318 325 326 332 323 305 297 293 290 289 288 287 288 287 286 287 289 289 284 278 276 277 280 282 282 280 277 275 277 281 284 287 289 288 282 279 281 283 287 292 290 285 282 281 280 279 279 279 278 278 278 278 279 279 280 281 282 284 287 291 296 301 302 299 296 292 287 283 279 271 262 264 264
282 283 285 287 288 293 300 306 304 292 287 290 294 294 293 292 291 289 288 297 307 327 329 321 323 310 298 293 290 288 287 286 287 288 288 287 286 287 289 288 281 275 274 277 280 281 280 277 275 275 279 284 288 290 292 291 287 286 283 280 283 286 284 282 280 280 279 279 278 278 278 278 278 278 279 279 280 281 283 285 287 291 295 298 297 295 291 287 282 274 263 263 267 267
284 287 292 294 295 299 307 317 322 304 292 296 302 306 307 303 303 303 300 299 302 316 308 298 301 297 292 290 288 286 285 284 286 288 289 288 286 286 287 288 286 277 272 273 277 278 278 276 275 274 277 284 291 292 294 295 289 284 279 275 276 281 282 281 280 279 279 279 278 278 278 278 278 278 278 279 279 280 281 283 284 287 289 292 293 290 288 284 277 268 263 265 268 268
284 286 291 294 294 297 303 314 327 312 297 298 306 312 315 307 304 303 295 285 272 250 239 257 277 287 288 287 285 283 281 282 286 290 290 288 286 286 286 287 289 284 275 271 272 275 277 278 277 276 279 286 293 292 291 292 288 283 279 276 276 278 280 280 280 279 279 279 278 278 278 278 278 278 278 278 279 279 280 281 282 283 285 286 287 286 284 280 274 268 267 267 267 267
281 282 287 290 289 289 291 301 317 310 297 290 291 291 296 291 289 285 278 262 243 229 227 244 269 283 286 285 283 281 281 284 287 290 290 288 287 286 286 287 290 290 283 275 272 274 277 279 281 283 284 285 288 288 287 288 288 285 282 279 278 278 279 280 280 280 279 278 278 278 278 278 277 277 277 278 278 278 279 279 280 281 281 282 282 282 280 277 274 271 269 268 267 267
280 280 284 287 284 279 277 283 294 296 288 280 272 270 276 277 275 276 266 238 222 225 232 253 273 283 286 285 284 285 286 285 285 285 288 288 287 287 287 287 290 293 290 283 278 277 278 281 284 285 283 277 277 281 282 284 285 284 283 281 279 279 280 280 280 280 279 279 278 278 278 277 277 277 277 277 277 277 278 278 278 279 279 279 279 278 277 275 273 271 269 268 267 266
283 282 282 282 276 269 265 266 271 277 277 270 267 269 272 275 277 273 256 226 216 225 242 263 281 289 289 286 286 287 285 282 279 280 283 286 286 287 288 288 290 294 294 289 284 282 280 281 281 278 273 270 271 275 278 279 281 282 282 282 281 280 280 281 281 280 280 279 279 278 278 277 277 277 277 277 277 277 277 277 277 277 277 277 277 276 275 273 272 270 269 268 267 266
280 278 275 272 270 266 261 258 259 260 259 260 264 268 270 272 272 261 239 224 222 235 256 274 290 294 288 285 284 283 281 279 278 278 280 283 285 287 289 290 291 294 296 292 286 283 281 279 275 272 269 269 269 272 275 276 278 280 282 281 281 281 281 282 282 282 281 280 279 278 278 277 277 277 277 276 276 276 276 276 276 276 276 276 275 274 273 272 271 270 269 268 266 266
273 270 266 266 267 265 261 258 255 251 251 254 258 265 269 266 258 245 231 225 234 256 273 281 287 282 279 280 280 278 278 278 279 279 281 283 285 287 290 293 293 294 297 295 288 284 282 278 274 271 271 271 270 271 273 275 276 277 280 280 279 279 280 282 283 284 283 281 280 278 278 277 277 277 276 276 276 276 276 276 276 275 275 274 274 273 272 271 270 269 268 267 266 265
273 270 265 264 262 260 258 257 254 250 249 249 249 255 258 254 251 247 238 241 261 276 279 270 253 257 267 272 275 274 274 276 278 281 284 286 286 286 288 293 296 296 298 298 292 286 282 279 275 273 272 272 272 272 272 274 274 274 277 280 280 279 278 279 282 284 285 283 281 279 278 277 277 277 276 276 276 276 276 275 275 275 274 274 273 272 272 271 270 269 268 267 266 265
277 273 267 263 259 256 255 255 253 252 251 250 247 246 248 250 256 260 260 269 281 282 269 245 240 252 262 267 269 269 271 274 278 282 286 288 288 287 288 293 298 299 299 300 296 287 281 279 277 275 273 272 272 272 272 272 272 273 274 277 279 279 277 277 279 283 284 284 282 279 278 278 278 277 277 276 276 276 276 275 275 275 274 274 273 272 271 270 269 268 267 266 265 264
279 276 270 263 259 257 257 256 255 255 254 253 251 249 254 262 265 268 273 278 278 267 245 240 245 253 259 263 265 267 270 274 278 282 286 289 291 291 290 292 297 300 300 302 300 293 286 282 279 277 274 272 272 272 272 273 273 273 272 273 277 278 278 276 277 280 282 282 281 278 278 279 280 278 277 277 276 276 276 276 275 275 274 273 273 272 271 270 269 268 267 266 265 264
282 278 271 266 262 260 260 258 258 258 258 258 260 267 273 273 271 271 275 274 263 240 237 244 248 250 256 262 266 270 274 275 277 280 284 289 293 294 292 292 296 301 302 303 304 300 291 284 279 276 274 273 273 273 273 272 273 272 272 272 274 277 277 275 275 276 278 278 277 275 276 279 281 280 278 278 277 277 277 276 276 275 275 274 273 272 271 270 269 268 267 266 264 263
284 280 273 268 264 263 262 260 259 259 262 265 269 277 281 279 273 269 268 261 246 236 241 247 246 248 255 262 268 272 275 276 277 279 282 286 292 295 294 294 297 301 303 304 306 304 296 288 281 277 275 274 274 275 274 273 272 271 272 272 273 274 275 275 274 273 274 275 274 273 272 274 277 280 279 278 279 279 279 278 277 277 276 275 273 272 271 270 269 268 267 265 264 263
286 282 274 267 264 264 262 260 259 261 265 268 273 278 280 279 274 267 260 252 245 244 247 246 247 251 257 261 265 270 275 277 279 279 280 284 290 296 298 299 300 303 304 305 307 307 302 294 287 281 278 276 274 274 274 274 272 271 270 271 271 271 273 274 273 272 272 273 272 271 270 268 269 274 276 278 281 282 280 280 280 279 278 276 274 273 271 270 269 268 267 265 264 263
288 283 274 268 265 263 262 261 261 264 269 273 277 280 280 278 272 266 259 252 249 252 252 249 249 253 256 258 263 269 275 279 281 277 277 283 292 299 301 302 303 304 305 306 309 310 308 301 294 288 282 278 275 272 272 273 273 272 270 269 269 270 271 272 272 271 271 271 271 268 267 266 265 267 272 276 279 280 279 280 283 284 281 278 275 274 272 270 269 268 267 265 264 263
292 285 275 269 266 264 264 267 269 272 277 280 279 277 276 275 272 267 261 254 252 257 260 256 252 253 254 255 259 269 277 281 281 274 276 286 296 300 300 302 305 306 305 307 310 312 313 308 301 294 286 280 277 274 271 269 270 271 270 268 268 270 271 271 271 270 269 270 270 267 265 265 266 266 268 271 274 277 278 279 282 286 285 281 278 275 273 271 269 268 267 266 264 263
299 289 277 272 271 272 275 279 280 278 276 274 271 267 268 271 272 268 261 257 259 264 267 264 256 253 255 255 257 267 277 279 280 272 279 291 297 298 297 302 308 308 306 309 312 314 316 315 307 299 289 283 279 277 273 269 268 269 270 268 267 268 270 271 269 269 268 267 269 268 264 263 265 267 267 268 270 274 278 277 276 281 287 286 281 277 274 272 270 268 267 266 265 264
308 297 284 282 284 284 282 280 277 272 266 264 262 262 265 270 274 270 259 259 265 270 271 269 264 257 257 255 258 268 275 276 277 273 280 290 295 295 299 304 307 304 305 311 314 314 317 320 314 304 295 286 281 278 275 272 268 268 269 269 267 266 267 268 267 267 268 267 267 267 264 262 264 267 267 267 268 270 273 275 274 276 282 287 285 280 275 272 270 269 267 266 266 264
321 308 294 290 287 283 277 271 266 263 262 261 260 262 267 273 279 273 258 258 265 273 277 276 274 267 261 258 261 267 274 275 274 272 278 287 293 297 303 306 302 298 303 311 314 315 318 324 321 311 301 291 283 278 276 274 271 268 269 269 268 265 263 263 263 264 267 269 267 266 265 264 264 265 266 267 267 267 268 271 273 274 277 282 285 282 278 274 271 269 268 267 267 266
325 311 296 288 282 275 270 267 265 262 260 261 264 267 271 277 283 284 263 258 262 271 283 286 281 277 273 268 263 263 269 274 274 271 278 287 295 302 306 306 302 299 299 307 313 315 319 324 325 317 307 297 287 279 276 275 272 269 268 268 269 266 262 260 260 261 264 267 268 267 267 266 265 263 264 265 265 264 265 268 271 273 275 278 281 281 278 275 272 270 269 269 268 268
323 308 292 283 277 273 270 268 266 263 259 262 270 275 276 278 286 300 277 263 261 267 280 291 283 280 283 282 273 262 261 269 273 275 282 291 298 304 307 305 303 296 292 299 311 317 319 322 325 322 314 304 293 283 278 276 274 270 267 267 268 266 263 261 260 260 260 261 265 268 269 268 265 263 262 263 263 263 262 264 268 272 274 275 276 276 274 272 270 269 270 272 271 269
322 307 290 280 276 275 273 271 268 264 263 267 274 279 277 279 288 315 304 276 264 263 271 284 282 280 286 289 284 272 261 262 269 278 286 293 297 298 301 299 295 287 287 295 309 317 317 318 323 324 320 314 301 287 279 277 275 272 267 266 266 265 262 262 262 260 258 257 259 263 266 267 266 264 261 261 263 263 262 261 263 268 271 272 273 271 268 266 265 267 272 276 274 269
326 307 289 282 279 277 276 275 270 267 269 274 277 277 274 278 292 323 326 291 269 261 263 273 280 284 287 287 286 283 270 261 266 277 286 291 291 291 293 293 287 285 289 295 304 313 317 319 321 324 325 323 311 293 282 277 276 274 269 266 265 264 262 262 263 261 258 257 257 258 261 263 265 264 261 260 261 263 263 260 261 263 266 266 267 265 262 261 262 267 273 275 271 266
341 312 290 285 282 279 276 274 272 273 279 282 281 274 270 278 295 326 339 307 281 267 263 269 279 286 287 284 284 290 283 266 265 273 282 289 291 290 288 287 286 289 293 295 300 310 318 321 320 321 326 329 323 303 285 278 276 275 271 267 265 263 263 263 262 261 259 258 257 257 257 258 260 263 264 261 259 261 263 261 261 262 262 261 260 257 256 259 264 269 272 270 264 259
1 320 293 285 282 279 275 272 274 280 286 289 286 274 270 279 295 327 348 326 300 286 278 273 274 280 285 280 281 291 293 275 265 268 278 289 293 291 284 284 289 293 294 292 296 307 315 317 315 316 323 331 332 315 291 279 275 275 273 270 266 264 263 264 263 261 259 258 257 255 254 254 254 257 263 264 261 259 260 261 262 263 263 258 254 252 254 259 264 269 268 263 258 255
11 326 292 283 280 280 278 277 279 282 286 291 293 283 274 276 288 321 344 334 315 300 291 281 274 275 280 279 281 290 294 283 271 270 276 286 291 289 282 285 292 294 292 289 290 297 305 310 313 315 321 332 338 327 301 282 276 275 274 271 269 266 265 264 263 260 259 258 257 255 253 252 251 251 255 261 263 259 257 258 262 264 263 257 252 252 255 259 263 264 262 258 254 256
19 338 293 283 282 283 285 285 284 282 281 288 300 294 277 271 278 307 334 333 321 305 294 288 282 278 280 282 280 284 291 294 290 283 280 279 280 281 281 286 290 289 286 284 284 289 300 308 314 316 319 332 341 337 312 286 277 275 274 273 271 270 268 266 262 259 258 257 255 255 254 252 250 249 250 253 257 258 257 257 260 262 261 256 254 255 257 259 261 259 256 253 251 255
27 354 296 284 285 286 287 287 285 283 278 282 301 300 281 270 275 294 322 330 324 310 299 293 288 285 283 283 281 283 291 300 299 291 281 273 270 273 280 283 280 278 277 278 281 285 293 302 310 313 316 328 340 343 323 291 278 275 274 273 273 273 272 269 264 259 257 255 253 254 255 254 252 249 248 248 249 252 256 258 259 260 258 256 257 259 259 259 259 256 253 250 247 250
34 7 302 284 285 287 285 285 286 286 280 281 298 305 287 274 274 285 309 325 326 317 305 296 291 288 287 286 287 289 290 293 292 285 278 273 269 271 277 276 270 267 270 276 279 280 284 294 304 308 310 320 336 346 331 296 280 276 275 274 274 273 271 268 263 262 262 260 257 256 255 255 254 253 249 245 244 247 251 256 258 258 258 257 259 262 261 259 256 254 251 247 242 245
39 11 310 289 284 284 283 283 287 289 283 282 295 312 297 277 272 279 296 316 324 318 309 300 293 290 289 290 292 292 289 285 283 280 276 273 272 270 271 275 270 264 266 270 273 275 280 288 296 300 304 312 330 347 338 301 282 277 276 275 272 269 264 260 257 261 268 274 272 263 258 255 256 257 253 246 242 242 245 250 253 256 258 258 260 262 261 257 254 253 250 243 239 244
37 1 315 299 287 282 279 277 281 288 285 283 294 317 306 283 270 271 282 297 311 313 309 303 295 291 291 292 293 292 291 288 283 280 277 273 272 267 265 273 275 268 262 261 266 272 276 280 284 287 291 301 323 348 340 306 283 277 274 271 266 259 257 256 255 260 267 277 285 279 266 260 259 259 257 251 244 241 241 243 247 252 256 258 259 259 256 252 251 251 248 239 238 248
29 350 313 303 289 281 276 271 271 276 281 284 295 318 311 290 272 263 266 279 292 301 304 300 295 293 292 292 294 294 295 290 283 280 278 273 271 267 263 267 275 271 261 256 259 266 270 273 276 278 282 290 312 345 333 303 282 274 271 266 258 254 257 260 261 263 264 267 278 286 279 271 266 262 260 258 252 246 242 240 241 246 252 254 254 254 251 247 248 250 245 237 239 252
21 342 311 305 294 284 278 271 268 269 273 280 293 311 309 295 277 261 256 266 281 291 296 297 295 293 291 295 300 301 300 291 283 282 279 272 270 270 264 263 272 274 265 257 256 259 264 269 272 274 277 281 294 333 322 290 274 267 267 264 257 259 263 264 265 266 263 261 264 275 282 279 275 272 268 266 264 258 250 244 240 243 246 247 249 249 244 242 247 249 246 240 243 254
11 334 311 309 300 288 281 276 272 270 268 271 280 295 300 295 284 268 257 259 269 284 294 294 293 294 298 306 309 310 306 291 283 282 279 273 270 273 268 263 268 275 272 263 258 257 260 264 268 272 273 272 274 297 306 275 264 261 262 263 264 266 265 264 264 264 263 260 257 259 268 276 279 282 281 278 277 273 264 255 249 246 244 242 244 244 238 237 244 248 248 244 248 257
