windninja/windninja_output/Output_2025-08-24_2200-2250_Google earth_Fire_150m_10min/merlingen_7.5mi_point_08-24-2025_2210_150m_ang.asc
ncols	158
nrows	163
xllcorner	391686.332397
yllcorner	5160024.123721
cellsize	150.000000
NODATA_value	-32768.000000
[rows 42 to 83 of 163, columns 0 to 93 of 158]
312 311 309 308 306 305 304 303 302 302 302 301 300 300 299 299 299 299 298 298 299 299 299 299 299 300 301 302 303 301 297 296 295 295 297 298 296 296 297 296 293 290 289 292 295 296 292 288 288 289 286 286 289 291 285 278 273 271 268 265 263 265 267 266 267 274 278 278 279 277 268 268 274 280 284 284 284 281 268 262 261 262 264 268 273 271 263 259 264 270 272 267 261 263
313 312 310 309 307 306 305 304 302 302 302 301 301 300 299 299 299 298 298 298 298 298 299 298 298 299 300 301 302 300 297 295 296 299 303 306 305 301 299 296 290 286 287 290 290 287 283 280 282 286 286 283 282 283 280 275 269 265 264 265 268 274 276 274 272 277 283 283 278 271 266 269 273 278 282 281 272 255 258 263 264 267 272 276 274 264 251 252 259 266 270 268 266 267
313 312 311 309 308 306 305 304 303 302 302 301 301 300 299 299 299 298 298 298 298 298 299 298 298 299 299 300 300 299 297 296 298 301 305 308 306 299 295 292 288 287 288 287 283 278 277 281 286 289 288 282 278 276 272 268 265 263 265 270 274 278 281 283 283 283 283 283 278 271 270 269 269 272 273 268 253 234 249 263 270 275 278 276 267 252 248 252 257 263 267 270 272 271
314 313 311 309 308 306 305 304 304 303 302 302 301 300 300 300 299 299 299 298 298 298 298 298 298 298 299 299 298 299 298 298 299 302 305 306 303 298 294 293 292 290 286 283 278 277 280 286 290 290 285 277 270 267 264 263 262 266 272 277 279 282 286 290 290 287 283 279 276 274 272 269 267 265 261 253 236 226 249 266 276 280 278 268 255 249 251 254 257 260 265 272 275 271
315 314 312 310 308 306 305 305 304 303 302 302 302 301 300 300 300 299 298 298 298 298 298 298 298 298 298 298 298 298 298 298 299 302 304 304 303 300 298 297 295 291 284 279 277 281 286 290 290 286 278 270 262 259 261 262 264 273 281 285 286 287 290 292 290 286 281 275 271 273 273 269 265 260 253 244 230 231 256 270 275 275 269 261 254 253 256 257 256 258 264 272 275 269
315 314 312 310 308 305 305 305 304 304 303 302 302 301 301 300 300 299 298 298 298 298 298 297 297 297 297 297 297 297 298 298 298 300 302 303 302 301 300 298 296 291 285 279 280 286 290 289 285 279 272 264 257 259 262 265 272 279 286 291 292 290 289 288 285 281 277 272 269 271 271 268 264 258 250 240 233 242 261 268 270 268 264 260 258 258 260 260 258 260 264 269 270 265
314 314 312 311 307 303 304 305 305 304 303 303 302 301 300 300 299 299 298 298 298 298 298 297 297 297 297 297 297 297 297 297 298 299 301 302 301 300 300 299 296 292 287 284 287 289 289 286 280 274 265 257 258 263 266 272 279 286 290 294 294 288 283 281 281 278 275 272 269 269 268 266 262 255 247 240 239 249 260 265 265 265 265 263 261 261 261 261 262 264 264 263 263 260
313 314 313 311 307 303 303 305 306 305 304 303 302 301 301 300 299 299 298 298 298 298 298 297 297 297 297 297 297 297 297 297 298 298 300 302 302 301 301 300 296 292 290 291 292 289 286 282 276 267 257 257 264 270 275 281 286 290 292 291 289 283 278 276 278 278 275 272 269 268 266 263 259 252 245 242 245 251 258 262 264 265 266 265 264 263 262 263 266 265 260 257 255 256
312 314 315 313 307 304 303 304 306 306 304 304 303 302 301 300 300 299 299 298 298 298 298 298 297 297 297 297 297 297 297 297 297 298 299 301 302 301 300 299 297 294 295 297 294 288 283 277 269 260 256 265 273 278 282 287 290 290 288 284 280 276 274 275 278 278 275 271 269 267 265 261 256 251 248 249 251 253 256 260 263 264 264 265 265 266 266 267 265 261 257 253 251 250
311 314 317 314 308 306 305 304 306 307 306 304 303 303 302 300 300 300 299 299 299 298 298 298 297 297 297 297 296 296 296 296 297 297 298 299 300 300 299 299 297 296 297 298 295 288 281 272 263 261 269 278 281 284 287 290 289 285 279 275 273 271 273 276 277 277 274 270 267 265 263 260 255 252 253 255 255 255 257 260 261 261 263 265 267 269 269 267 263 259 254 250 248 247
311 314 317 313 308 307 306 303 304 308 308 305 304 303 301 301 300 300 299 299 298 298 297 297 297 296 296 296 296 296 296 296 296 297 297 298 298 299 299 300 298 296 297 299 295 287 280 272 268 276 286 287 286 287 290 289 285 278 272 269 269 272 275 276 277 276 273 269 265 264 262 259 256 255 256 258 258 259 261 261 258 257 261 265 269 270 269 266 263 258 253 249 246 246
311 313 318 315 309 308 308 304 302 305 307 305 304 303 302 301 300 300 299 298 298 298 297 297 297 297 296 296 296 296 296 296 296 296 296 297 297 298 299 300 300 297 297 299 296 288 282 281 284 287 290 288 286 287 287 285 281 274 268 267 270 275 276 276 276 276 272 266 264 263 262 259 256 255 257 259 259 261 265 264 259 258 259 262 265 269 271 268 262 256 252 250 247 247
312 312 316 316 311 309 310 305 300 301 305 305 304 303 302 301 301 300 299 299 298 298 298 297 297 297 296 296 296 296 296 295 296 296 296 296 296 297 298 300 300 297 295 296 295 291 288 292 293 291 288 286 286 285 283 282 278 272 268 270 273 277 277 277 276 275 272 266 263 263 261 256 254 256 258 259 259 262 266 267 264 262 261 258 258 262 267 267 261 255 253 253 252 253
313 310 311 313 309 306 307 305 299 298 302 304 304 303 302 301 300 300 299 299 298 298 297 297 297 297 296 296 296 295 295 295 295 295 295 295 295 296 296 298 298 296 293 292 294 295 296 298 297 292 289 286 286 285 282 279 275 271 272 274 278 280 278 276 274 273 270 266 264 260 254 250 254 259 261 260 260 264 267 268 269 266 262 258 256 255 255 256 257 256 257 258 261 265
312 310 307 308 306 303 304 305 301 297 299 303 303 303 303 301 300 300 299 299 298 298 297 297 297 297 296 296 296 295 295 295 295 295 295 295 295 295 295 296 296 295 293 294 296 299 301 301 299 296 293 287 285 284 280 276 272 273 276 280 282 281 277 272 270 269 267 265 262 255 248 251 259 261 261 261 262 266 268 268 269 267 263 260 257 253 248 246 247 252 260 267 276 283
311 310 308 308 307 305 304 306 304 300 301 303 302 302 303 302 301 300 300 299 298 298 297 297 297 297 296 296 296 295 295 295 295 294 294 294 294 294 294 295 294 294 295 295 296 298 301 301 300 299 297 288 285 284 279 275 275 277 281 284 284 280 275 269 265 263 263 261 256 251 252 259 262 262 262 263 265 268 269 267 265 264 262 260 257 254 249 245 245 251 264 279 292 292
310 309 308 307 307 306 305 306 307 303 303 303 300 299 301 302 301 300 300 299 299 298 297 297 297 297 296 296 295 295 295 295 294 294 294 294 294 294 294 294 294 294 294 295 296 296 297 299 300 302 301 292 287 285 279 275 278 282 284 285 282 278 273 267 262 259 259 256 250 254 260 263 263 264 265 266 269 269 267 264 260 259 258 256 254 252 251 250 253 263 277 286 291 290
309 309 308 306 305 304 303 304 305 303 302 303 300 297 298 301 302 301 300 300 299 298 297 297 297 297 296 296 295 295 295 294 294 294 294 294 293 293 293 293 293 294 294 294 295 295 296 298 301 305 308 299 290 285 279 275 279 284 285 284 281 277 271 266 260 257 256 251 249 258 264 264 265 267 267 268 270 269 265 260 257 255 254 252 250 250 251 257 267 280 285 285 284 282
308 308 307 306 304 303 302 301 301 302 303 305 303 299 298 299 301 301 301 300 300 299 298 298 297 297 296 296 295 295 295 294 294 294 294 293 293 293 293 293 293 293 293 293 294 294 295 297 300 306 310 304 292 285 279 276 281 285 285 282 280 276 271 265 260 257 254 247 252 262 265 267 269 269 269 270 269 266 260 257 255 254 252 250 248 250 256 266 279 286 286 281 277 268
309 308 307 305 304 302 301 300 300 302 304 307 307 303 299 297 299 300 301 301 300 299 298 297 297 296 296 295 295 295 295 294 294 294 293 293 293 293 293 293 293 293 293 293 293 294 295 296 299 303 309 306 295 286 280 278 281 284 283 281 278 275 271 267 262 258 251 244 258 266 268 270 272 272 271 270 267 261 257 255 253 253 252 250 251 256 266 277 284 286 283 276 266 252
310 309 306 305 304 303 302 301 301 301 303 307 307 305 301 298 297 298 300 301 300 299 298 297 297 296 295 296 295 295 295 294 294 294 293 293 293 293 292 292 292 292 292 292 293 293 294 295 297 300 305 306 298 290 284 282 282 282 281 280 278 276 274 270 264 258 249 249 264 270 270 271 273 273 271 268 263 258 255 253 252 251 251 253 257 265 277 286 286 283 277 267 253 243
311 309 305 304 303 303 302 301 300 300 302 304 306 306 304 300 297 296 297 299 300 300 299 298 297 296 295 296 296 295 295 294 294 293 293 293 293 292 292 292 292 292 292 292 292 293 293 294 295 297 302 305 299 294 292 287 283 282 282 281 281 279 274 268 263 258 253 261 270 272 272 272 273 273 271 266 261 258 255 252 250 250 251 257 264 273 283 288 286 277 264 254 245 238
313 310 305 303 302 302 300 299 299 299 299 302 306 307 306 303 300 297 296 297 299 300 299 299 298 297 295 295 295 295 295 294 294 293 293 293 292 292 292 292 292 292 292 292 292 292 292 293 294 295 298 301 299 296 297 293 284 282 283 284 283 277 267 262 263 264 267 274 275 274 273 273 273 272 270 265 262 259 253 249 248 250 255 262 271 280 284 284 279 265 252 245 238 234
316 311 306 304 302 301 300 298 296 297 297 299 305 307 306 304 302 299 296 295 296 298 298 298 299 297 296 295 295 295 295 294 294 293 293 293 292 292 292 292 291 291 291 291 291 291 292 292 293 294 295 298 298 296 298 298 289 283 282 282 279 269 261 264 269 273 278 280 278 276 275 274 273 271 269 267 264 258 250 247 249 255 263 270 277 282 281 276 265 251 243 238 233 231
318 312 305 303 302 302 302 300 298 298 299 300 303 306 306 304 303 301 298 295 295 297 296 297 299 298 296 296 295 295 295 294 294 293 293 293 292 292 292 291 291 291 291 291 291 291 291 291 292 292 293 294 295 295 297 299 294 285 280 277 273 270 272 274 274 275 278 279 278 277 277 275 272 270 269 269 265 257 249 248 255 265 273 279 280 278 274 266 251 241 235 230 228 226
319 313 307 304 302 303 306 304 299 298 300 301 302 305 306 305 302 302 301 298 297 297 295 296 297 297 296 295 294 294 294 294 294 293 293 293 292 292 292 291 291 291 291 290 290 290 290 291 291 291 292 292 293 293 294 296 294 288 280 274 275 282 283 280 277 275 274 275 277 278 278 276 273 271 270 268 264 257 251 257 265 273 279 280 277 272 264 251 242 236 229 225 224 223
316 314 312 311 308 308 313 311 301 298 300 302 302 304 305 305 302 302 303 300 298 297 296 295 295 295 293 292 293 294 294 294 294 293 293 293 292 292 292 291 291 291 290 290 290 290 290 290 290 290 290 290 291 291 292 292 291 289 284 279 281 288 289 285 280 275 273 273 276 277 277 275 274 272 270 268 265 261 260 267 273 276 275 272 273 268 255 242 236 229 224 221 222 224
308 308 309 310 308 308 316 319 308 303 306 309 308 307 308 307 305 302 302 301 298 297 296 295 294 291 288 289 292 294 295 295 295 294 293 293 292 292 291 291 291 290 290 290 290 289 289 289 289 289 289 289 289 289 289 289 289 288 286 283 284 289 290 287 283 279 277 276 277 276 275 274 275 273 271 269 267 267 270 274 275 274 267 266 273 267 251 238 231 224 220 218 221 225
304 303 301 299 297 297 305 314 307 303 307 312 310 309 309 308 305 301 300 300 299 297 296 294 294 291 286 287 291 293 294 295 295 295 294 293 292 292 292 291 291 290 290 290 289 289 289 289 289 289 288 288 288 288 288 287 287 286 286 285 286 288 289 286 285 284 283 281 279 276 275 275 275 272 269 268 269 272 277 277 273 268 264 269 273 265 246 233 226 221 217 218 222 225
302 302 300 297 293 289 293 301 299 294 294 298 298 300 302 303 302 300 299 299 299 297 295 294 297 297 290 287 289 292 293 294 295 296 295 294 293 292 292 291 291 290 290 289 289 289 289 288 288 288 288 288 287 287 287 286 286 285 285 285 285 286 286 286 286 287 286 284 282 282 282 279 274 270 268 267 270 273 276 274 269 266 269 276 271 256 237 227 221 219 219 221 225 226
301 301 301 299 296 293 294 297 295 288 284 286 289 291 292 295 297 297 297 298 298 297 296 296 301 303 295 288 287 289 291 292 293 295 296 295 294 293 292 291 291 290 290 289 289 288 288 288 288 287 287 287 287 286 286 286 285 285 285 284 284 285 285 285 286 286 286 286 286 288 289 284 275 269 269 270 271 273 272 269 269 272 278 277 267 243 227 222 221 222 222 226 230 232
301 301 301 300 298 296 296 296 293 289 287 288 291 292 293 294 296 295 295 296 297 297 297 298 301 303 297 290 286 286 288 289 290 293 296 296 294 293 292 291 291 290 290 289 289 288 288 288 287 287 287 286 286 286 286 285 285 285 284 284 284 284 284 284 284 284 285 286 287 289 290 287 280 275 275 276 276 274 271 270 273 280 282 274 256 233 221 220 224 226 226 230 235 246
299 299 300 300 298 296 296 295 293 292 292 292 293 294 295 296 297 296 296 296 296 296 295 296 299 302 299 293 287 285 286 288 289 291 295 296 295 294 293 292 291 290 289 289 288 288 288 287 287 287 286 286 286 285 285 285 285 284 284 284 283 283 283 283 283 283 284 284 285 286 287 287 286 286 286 284 281 277 273 276 282 285 280 266 242 225 220 222 228 229 232 234 240 268
297 296 296 298 297 295 295 294 293 294 294 294 295 295 296 297 298 297 297 297 296 295 294 294 296 300 298 294 290 286 286 287 288 288 290 293 294 293 293 293 292 290 289 289 288 288 287 287 287 286 286 286 285 285 285 285 284 284 284 283 283 283 283 283 283 283 283 283 284 284 285 286 288 292 293 290 287 282 280 285 288 283 271 252 230 219 220 225 230 235 243 248 263 275
298 294 292 294 295 294 294 294 294 294 295 296 296 297 297 298 298 298 297 297 296 295 295 294 295 297 296 294 293 289 286 285 284 283 285 289 292 293 293 293 292 291 289 288 288 287 287 287 286 286 286 286 285 285 285 284 284 284 283 283 283 283 282 282 282 282 282 283 283 283 284 285 287 291 295 294 293 290 290 290 285 276 259 240 225 223 227 231 235 246 259 278 286 279
301 292 283 285 290 293 293 294 295 297 298 299 299 298 298 299 299 299 298 297 297 296 295 295 295 295 294 294 294 291 285 282 282 282 284 288 291 292 293 293 293 291 289 288 288 287 287 286 286 286 286 285 285 285 285 284 284 283 283 283 282 282 282 282 282 282 282 282 282 283 283 284 286 288 292 295 297 299 297 288 279 265 247 235 231 236 242 242 248 262 279 290 288 278
307 290 269 273 284 290 292 295 298 302 304 303 301 300 299 300 300 300 299 298 297 296 296 296 296 294 292 293 294 293 288 284 283 284 285 287 289 290 291 292 293 291 289 288 287 286 286 286 286 286 286 285 285 285 284 284 284 283 283 283 282 282 282 282 281 281 281 282 282 282 283 284 285 286 289 293 297 303 300 287 273 254 238 236 237 241 246 253 268 277 281 284 282 273
335 298 259 269 279 290 298 301 304 308 310 307 304 302 301 301 301 301 300 298 297 296 295 296 298 296 292 292 294 295 293 289 286 284 284 285 287 288 287 290 293 291 289 287 287 286 285 285 285 285 286 286 285 285 285 284 284 283 283 282 282 282 282 281 281 281 281 281 281 282 282 283 284 285 287 290 295 302 301 287 269 248 240 240 239 240 250 268 278 280 278 276 274 269
22 348 289 282 289 303 314 315 313 316 316 312 306 304 302 302 301 301 300 299 297 296 295 296 300 298 294 292 293 295 296 293 289 286 284 284 286 286 285 286 290 290 288 287 286 285 284 284 284 285 286 286 286 285 285 284 284 283 283 282 282 282 281 281 281 281 281 281 281 281 282 282 283 284 285 288 292 298 299 288 270 254 249 245 242 248 267 280 281 278 274 272 269 267
45 342 292 294 301 310 327 330 325 324 322 316 308 304 302 301 300 300 300 299 298 296 296 297 300 299 294 292 292 294 296 295 293 290 285 282 283 285 285 284 286 288 286 284 283 283 282 281 281 285 287 288 288 286 285 284 284 283 283 282 282 282 281 281 281 281 281 281 281 281 281 282 282 283 284 286 289 294 296 292 282 266 256 250 250 266 282 284 280 275 272 269 266 263
27 315 299 304 307 314 327 333 332 329 326 318 309 304 302 300 299 298 299 299 298 296 296 297 300 299 295 294 293 293 294 294 292 289 285 282 281 283 284 283 284 285 285 283 283 283 284 283 283 285 289 290 290 288 286 285 284 283 283 282 282 281 281 281 281 280 280 280 280 280 281 281 282 282 283 285 287 291 294 296 296 279 261 258 271 284 285 283 280 275 270 267 263 260
305 312 313 310 309 307 314 323 326 324 321 314 307 302 299 298 297 296 297 297 297 297 296 297 301 300 297 296 294 293 292 291 290 288 285 283 281 281 283 283 283 284 286 287 287 288 289 290 289 288 289 290 291 290 287 285 284 283 282 282 282 281 281 281 281 280 280 280 280 280 280 281 281 282 283 284 286 289 293 298 306 300 274 274 286 288 285 281 278 275 270 266 262 259
