windninja/windninja_output/Output_2025-08-24_2200-2250_Google earth_Fire_150m_10min/merlingen_7.5mi_point_08-24-2025_2210_150m_vel.asc
ncols	158
nrows	163
xllcorner	391686.332397
yllcorner	5160024.123721
cellsize	150.000000
NODATA_value	-32768.000000
[rows 76 to 113 of 163, columns 0 to 83 of 158]
0.98 1.03 1.09 1.06 1.11 1.23 1.23 1.20 1.21 1.19 1.18 1.18 1.16 1.18 1.19 1.18 1.16 1.18 1.19 1.18 1.17 1.18 1.18 1.18 1.12 1.02 1.06 1.18 1.24 1.28 1.31 1.29 1.26 1.26 1.22 1.15 1.14 1.15 1.14 1.11 1.10 1.10 1.11 1.11 1.11 1.11 1.11 1.11 1.10 1.10 1.09 1.09 1.08 1.07 1.06 1.06 1.04 1.04 1.02 1.01 1.00 0.99 0.98 0.96 0.95 0.93 0.91 0.89 0.87 0.85 0.81 0.77 0.73 0.68 0.64 0.63 0.57 0.47 0.49 0.80 1.21 1.32 1.21 0.96
0.81 0.89 1.01 1.07 1.16 1.24 1.21 1.20 1.23 1.23 1.23 1.20 1.18 1.20 1.20 1.18 1.17 1.18 1.18 1.17 1.16 1.17 1.18 1.18 1.07 0.99 1.09 1.20 1.21 1.21 1.24 1.26 1.24 1.26 1.28 1.21 1.17 1.16 1.13 1.10 1.08 1.08 1.09 1.10 1.10 1.10 1.10 1.10 1.10 1.10 1.09 1.08 1.08 1.07 1.06 1.05 1.04 1.03 1.02 1.01 1.00 0.99 0.98 0.96 0.95 0.93 0.91 0.90 0.87 0.85 0.82 0.78 0.75 0.71 0.66 0.63 0.56 0.47 0.54 0.89 1.16 1.05 0.91 0.86
0.59 0.60 0.85 1.18 1.30 1.27 1.24 1.27 1.34 1.34 1.27 1.20 1.20 1.21 1.20 1.18 1.18 1.18 1.17 1.15 1.15 1.17 1.19 1.15 1.00 0.98 1.14 1.22 1.20 1.14 1.14 1.23 1.27 1.29 1.32 1.26 1.18 1.15 1.13 1.10 1.05 1.05 1.07 1.08 1.09 1.09 1.10 1.10 1.10 1.09 1.09 1.08 1.07 1.06 1.05 1.04 1.03 1.03 1.02 1.01 1.00 0.99 0.97 0.96 0.95 0.93 0.92 0.90 0.88 0.86 0.82 0.79 0.76 0.73 0.68 0.63 0.56 0.50 0.57 0.85 1.00 0.80 0.73 0.81
0.33 0.26 0.68 1.33 1.70 1.65 1.47 1.43 1.51 1.43 1.26 1.19 1.20 1.21 1.21 1.19 1.18 1.17 1.14 1.12 1.14 1.16 1.18 1.10 0.96 0.99 1.18 1.24 1.20 1.11 1.10 1.22 1.27 1.30 1.33 1.28 1.17 1.12 1.14 1.11 1.03 1.01 1.05 1.07 1.07 1.08 1.09 1.09 1.10 1.10 1.09 1.08 1.07 1.06 1.05 1.04 1.03 1.02 1.01 1.00 0.99 0.98 0.97 0.96 0.95 0.93 0.92 0.90 0.88 0.86 0.83 0.80 0.77 0.74 0.70 0.65 0.58 0.53 0.58 0.73 0.76 0.63 0.63 0.72
0.39 0.29 0.71 1.40 2.13 2.44 1.99 1.68 1.64 1.43 1.21 1.16 1.18 1.20 1.20 1.18 1.17 1.14 1.10 1.10 1.13 1.16 1.16 1.08 0.96 1.02 1.19 1.24 1.19 1.10 1.11 1.20 1.25 1.28 1.32 1.28 1.15 1.10 1.14 1.13 1.01 0.97 1.03 1.05 1.06 1.07 1.08 1.09 1.11 1.12 1.10 1.08 1.07 1.05 1.04 1.03 1.02 1.01 1.01 1.00 0.99 0.98 0.97 0.96 0.95 0.93 0.92 0.90 0.89 0.86 0.84 0.81 0.78 0.75 0.71 0.67 0.61 0.56 0.56 0.59 0.54 0.50 0.54 0.60
0.51 0.34 0.98 1.76 2.58 2.50 1.89 1.67 1.57 1.34 1.15 1.10 1.13 1.16 1.17 1.15 1.12 1.10 1.08 1.09 1.12 1.14 1.15 1.08 0.97 1.02 1.18 1.22 1.18 1.14 1.14 1.20 1.22 1.24 1.28 1.25 1.15 1.11 1.13 1.13 1.02 0.95 0.99 1.02 1.04 1.06 1.06 1.08 1.14 1.16 1.12 1.08 1.06 1.04 1.03 1.02 1.01 1.01 1.00 0.99 0.99 0.98 0.97 0.96 0.95 0.93 0.92 0.91 0.89 0.87 0.84 0.82 0.79 0.76 0.73 0.69 0.64 0.57 0.54 0.49 0.39 0.40 0.48 0.52
0.39 0.54 1.46 2.45 2.68 1.83 1.26 1.24 1.21 1.11 1.00 0.98 1.06 1.10 1.12 1.10 1.07 1.08 1.07 1.07 1.10 1.13 1.15 1.08 0.97 1.03 1.18 1.20 1.18 1.17 1.16 1.17 1.16 1.17 1.19 1.20 1.17 1.12 1.13 1.11 1.03 0.95 0.97 1.02 1.05 1.07 1.06 1.09 1.19 1.22 1.15 1.09 1.04 1.02 1.01 1.01 1.00 1.00 1.00 0.99 0.98 0.97 0.97 0.96 0.95 0.93 0.92 0.91 0.89 0.87 0.85 0.82 0.80 0.77 0.74 0.70 0.65 0.59 0.53 0.45 0.33 0.30 0.40 0.47
1.46 1.64 2.13 2.37 1.98 1.28 0.96 0.84 0.79 0.76 0.76 0.85 0.96 1.02 1.06 1.04 1.03 1.06 1.06 1.07 1.10 1.12 1.13 1.08 1.00 1.07 1.19 1.19 1.16 1.16 1.14 1.12 1.10 1.11 1.12 1.15 1.17 1.15 1.14 1.09 1.02 0.98 0.99 1.05 1.09 1.12 1.12 1.15 1.23 1.24 1.15 1.08 1.03 0.99 0.98 0.99 0.99 0.99 0.99 0.99 0.98 0.97 0.96 0.95 0.94 0.93 0.92 0.91 0.89 0.88 0.86 0.83 0.81 0.78 0.75 0.72 0.67 0.61 0.54 0.44 0.31 0.23 0.30 0.46
2.08 1.96 1.81 1.55 1.24 1.02 0.75 0.57 0.52 0.56 0.67 0.80 0.88 0.95 1.00 1.00 1.01 1.05 1.07 1.08 1.11 1.12 1.11 1.10 1.08 1.10 1.16 1.15 1.12 1.13 1.13 1.09 1.06 1.06 1.08 1.13 1.16 1.17 1.14 1.08 1.03 1.02 1.04 1.07 1.10 1.13 1.15 1.19 1.22 1.18 1.10 1.05 1.01 0.95 0.94 0.97 0.98 0.99 0.99 0.98 0.98 0.97 0.96 0.95 0.94 0.93 0.92 0.91 0.90 0.88 0.86 0.84 0.81 0.79 0.76 0.73 0.68 0.62 0.55 0.45 0.31 0.26 0.28 0.51
2.47 1.96 1.34 1.19 1.09 0.90 0.61 0.48 0.54 0.63 0.74 0.79 0.82 0.90 0.98 0.99 0.99 1.04 1.08 1.09 1.11 1.10 1.12 1.15 1.14 1.07 1.08 1.09 1.10 1.12 1.09 1.05 1.02 1.00 1.07 1.13 1.15 1.16 1.15 1.11 1.07 1.04 1.04 1.06 1.09 1.12 1.16 1.20 1.19 1.13 1.06 1.02 0.98 0.93 0.92 0.95 0.98 0.99 0.99 0.98 0.97 0.97 0.96 0.95 0.94 0.93 0.92 0.91 0.90 0.88 0.87 0.84 0.82 0.80 0.77 0.74 0.70 0.64 0.58 0.48 0.36 0.33 0.38 0.67
2.61 2.00 1.31 1.17 1.07 0.89 0.64 0.59 0.72 0.80 0.80 0.76 0.80 0.88 0.95 0.97 0.95 1.02 1.07 1.09 1.09 1.08 1.13 1.22 1.18 1.05 1.02 1.07 1.11 1.09 1.03 1.03 1.01 0.99 1.07 1.12 1.11 1.14 1.17 1.15 1.09 1.04 1.02 1.04 1.08 1.12 1.17 1.20 1.19 1.11 1.03 0.98 0.96 0.94 0.93 0.95 0.98 0.99 0.99 0.98 0.97 0.96 0.95 0.94 0.94 0.93 0.92 0.91 0.90 0.89 0.87 0.85 0.83 0.81 0.79 0.76 0.72 0.67 0.61 0.53 0.44 0.43 0.53 0.85
2.40 1.85 1.32 1.17 1.02 0.89 0.75 0.77 0.91 0.92 0.77 0.72 0.82 0.84 0.90 0.92 0.90 0.99 1.08 1.11 1.10 1.09 1.24 1.41 1.29 1.05 1.00 1.05 1.08 1.04 1.00 1.02 1.01 1.01 1.06 1.08 1.07 1.12 1.17 1.18 1.12 1.04 1.00 1.01 1.06 1.11 1.17 1.19 1.18 1.10 1.00 0.96 0.95 0.95 0.95 0.97 0.99 0.99 0.99 0.98 0.97 0.96 0.95 0.94 0.93 0.93 0.92 0.91 0.90 0.89 0.87 0.86 0.84 0.82 0.80 0.77 0.74 0.70 0.65 0.59 0.53 0.54 0.65 0.90
2.00 1.71 1.36 1.19 0.99 0.89 0.89 0.92 0.94 0.90 0.77 0.79 0.85 0.82 0.86 0.86 0.85 0.99 1.12 1.21 1.19 1.25 1.61 1.71 1.34 0.98 0.93 0.99 1.00 0.99 0.99 1.00 1.01 1.02 1.03 1.04 1.04 1.07 1.14 1.19 1.15 1.07 0.99 0.98 1.02 1.10 1.17 1.19 1.17 1.10 1.02 0.96 0.93 0.94 0.97 0.98 1.00 1.01 1.00 0.99 0.97 0.95 0.94 0.93 0.92 0.92 0.92 0.91 0.90 0.89 0.88 0.86 0.85 0.83 0.81 0.79 0.76 0.73 0.70 0.65 0.61 0.61 0.70 0.92
1.73 1.64 1.41 1.17 1.00 0.92 0.94 0.94 0.87 0.90 0.96 0.93 0.85 0.79 0.77 0.74 0.82 1.02 1.24 1.40 1.46 1.74 1.97 1.66 1.03 0.76 0.80 0.90 0.93 0.95 0.97 0.99 1.01 1.00 1.01 1.04 1.02 1.01 1.08 1.17 1.18 1.10 1.01 0.97 0.99 1.06 1.14 1.19 1.17 1.11 1.05 0.98 0.94 0.95 0.95 0.97 1.00 1.03 1.06 1.03 0.96 0.92 0.92 0.91 0.92 0.91 0.91 0.91 0.90 0.89 0.88 0.87 0.86 0.84 0.82 0.81 0.79 0.76 0.73 0.70 0.67 0.67 0.72 0.87
1.68 1.55 1.28 1.08 1.00 0.93 0.90 0.89 0.84 1.00 1.17 1.00 0.79 0.73 0.68 0.67 0.82 1.07 1.41 1.76 2.02 2.15 1.83 1.14 0.67 0.57 0.69 0.82 0.88 0.92 0.95 0.98 0.99 0.98 1.01 1.04 1.01 0.97 1.01 1.12 1.18 1.13 1.05 0.99 0.98 1.02 1.09 1.17 1.19 1.14 1.08 1.02 0.98 0.95 0.90 0.91 0.97 1.06 1.17 1.10 0.93 0.87 0.89 0.90 0.91 0.91 0.91 0.91 0.90 0.89 0.89 0.87 0.86 0.85 0.84 0.82 0.81 0.79 0.77 0.75 0.73 0.72 0.73 0.84
1.63 1.41 1.13 1.08 1.08 0.99 0.91 0.87 0.86 1.09 1.25 0.99 0.71 0.66 0.67 0.71 0.85 1.07 1.52 2.16 2.35 1.97 1.18 0.68 0.45 0.45 0.62 0.76 0.84 0.89 0.94 0.97 0.98 0.97 1.00 1.04 1.01 0.98 0.98 1.04 1.13 1.14 1.08 1.03 0.99 0.99 1.04 1.14 1.20 1.19 1.13 1.07 1.02 0.94 0.83 0.84 0.98 1.14 1.25 1.11 0.86 0.81 0.85 0.88 0.90 0.90 0.91 0.91 0.90 0.90 0.89 0.88 0.87 0.86 0.85 0.84 0.82 0.81 0.80 0.79 0.78 0.76 0.77 0.84
1.54 1.36 1.15 1.16 1.20 1.16 1.10 1.02 0.92 1.08 1.23 0.98 0.71 0.67 0.69 0.79 0.93 1.14 1.74 2.31 2.11 1.13 0.59 0.38 0.29 0.37 0.58 0.73 0.81 0.87 0.92 0.96 0.99 0.99 1.01 1.03 1.01 1.00 0.98 0.98 1.02 1.10 1.12 1.07 1.01 0.97 1.00 1.09 1.19 1.24 1.21 1.13 1.05 0.94 0.80 0.84 1.06 1.20 1.21 1.06 0.83 0.76 0.81 0.86 0.89 0.90 0.90 0.90 0.90 0.90 0.89 0.88 0.88 0.87 0.86 0.85 0.84 0.83 0.82 0.82 0.81 0.81 0.82 0.86
1.53 1.40 1.23 1.24 1.33 1.36 1.28 1.12 0.95 1.00 1.19 1.07 0.87 0.85 0.86 1.00 1.23 1.55 2.06 2.10 1.39 0.42 0.24 0.21 0.22 0.37 0.58 0.71 0.80 0.86 0.90 0.96 1.02 1.02 1.00 1.00 1.00 1.00 0.99 0.96 0.92 0.98 1.12 1.13 1.03 0.97 0.98 1.05 1.18 1.27 1.30 1.24 1.06 0.92 0.83 0.90 1.09 1.15 1.10 1.02 0.88 0.77 0.79 0.85 0.88 0.89 0.90 0.90 0.90 0.90 0.89 0.89 0.88 0.88 0.87 0.86 0.86 0.85 0.85 0.84 0.84 0.84 0.86 0.88
1.60 1.45 1.26 1.29 1.44 1.41 1.19 0.93 0.78 0.95 1.21 1.16 1.02 0.98 0.99 1.21 1.43 1.66 1.91 1.50 0.74 0.34 0.25 0.22 0.26 0.43 0.60 0.71 0.78 0.82 0.88 1.00 1.09 1.05 0.98 0.97 0.99 1.00 1.00 0.96 0.87 0.86 1.03 1.15 1.07 1.00 1.00 1.05 1.17 1.28 1.41 1.35 1.00 0.86 0.87 0.91 1.02 1.06 1.02 0.99 0.91 0.80 0.79 0.85 0.88 0.89 0.90 0.90 0.90 0.90 0.90 0.89 0.89 0.88 0.88 0.87 0.87 0.86 0.86 0.86 0.86 0.87 0.88 0.90
1.63 1.48 1.29 1.34 1.47 1.34 1.04 0.75 0.67 0.89 1.14 1.10 0.92 0.74 0.78 1.10 1.28 1.46 1.66 1.21 0.65 0.60 0.48 0.38 0.38 0.51 0.63 0.70 0.74 0.79 0.92 1.09 1.15 1.05 0.93 0.94 0.98 1.00 1.00 0.96 0.87 0.82 0.92 1.07 1.09 1.06 1.06 1.10 1.21 1.35 1.47 1.31 0.91 0.81 0.88 0.92 0.97 1.00 0.97 0.95 0.92 0.83 0.81 0.86 0.88 0.89 0.90 0.90 0.90 0.90 0.90 0.89 0.89 0.88 0.88 0.88 0.88 0.88 0.88 0.88 0.88 0.89 0.90 0.92
1.61 1.53 1.40 1.38 1.40 1.22 0.96 0.73 0.66 0.75 0.89 0.93 0.76 0.67 0.74 1.02 1.19 1.54 1.69 1.02 0.78 0.83 0.72 0.57 0.54 0.59 0.64 0.70 0.74 0.82 1.02 1.14 1.12 1.00 0.90 0.92 0.99 1.01 1.00 0.97 0.90 0.82 0.86 0.98 1.07 1.09 1.13 1.21 1.31 1.40 1.35 1.15 0.91 0.81 0.89 0.95 0.95 0.96 0.93 0.92 0.91 0.84 0.84 0.87 0.88 0.89 0.89 0.90 0.90 0.90 0.90 0.89 0.89 0.89 0.89 0.89 0.89 0.89 0.89 0.89 0.89 0.90 0.91 0.92
1.68 1.62 1.47 1.32 1.24 1.14 0.99 0.82 0.72 0.69 0.72 0.66 0.55 0.63 0.79 1.04 1.27 1.56 1.60 1.18 0.98 0.94 0.97 0.86 0.70 0.64 0.65 0.69 0.77 0.90 1.04 1.08 1.06 1.00 0.92 0.93 0.99 1.02 1.00 0.97 0.93 0.85 0.83 0.94 1.06 1.09 1.17 1.29 1.35 1.31 1.17 1.08 0.98 0.87 0.91 0.97 0.96 0.93 0.91 0.91 0.88 0.85 0.86 0.88 0.88 0.89 0.89 0.90 0.90 0.90 0.89 0.89 0.89 0.89 0.89 0.89 0.89 0.89 0.89 0.90 0.90 0.90 0.91 0.92
1.84 1.70 1.42 1.18 1.11 1.11 1.01 0.91 0.84 0.74 0.67 0.58 0.50 0.57 0.82 1.10 1.34 1.41 1.20 1.15 1.10 1.05 1.21 1.14 0.84 0.62 0.62 0.69 0.79 0.91 1.00 1.03 1.04 1.02 0.96 0.96 1.01 1.05 1.02 0.98 0.95 0.88 0.83 0.90 1.02 1.07 1.17 1.29 1.30 1.22 1.11 1.07 1.03 0.95 0.94 0.97 0.98 0.95 0.91 0.89 0.86 0.85 0.88 0.89 0.89 0.88 0.89 0.89 0.89 0.89 0.89 0.89 0.89 0.90 0.90 0.90 0.90 0.90 0.90 0.90 0.90 0.91 0.91 0.92
1.94 1.66 1.29 1.10 1.03 0.99 0.91 0.91 0.90 0.79 0.72 0.63 0.53 0.57 0.80 1.11 1.27 1.15 0.98 0.99 1.07 1.24 1.46 1.28 0.73 0.50 0.59 0.69 0.79 0.90 0.98 1.01 1.04 1.03 1.00 1.01 1.06 1.08 1.05 1.00 0.95 0.90 0.84 0.86 0.96 1.07 1.16 1.23 1.22 1.17 1.12 1.07 1.04 1.01 0.98 0.98 0.99 0.98 0.93 0.87 0.85 0.87 0.90 0.91 0.90 0.89 0.88 0.88 0.88 0.88 0.89 0.89 0.89 0.90 0.90 0.90 0.90 0.90 0.90 0.91 0.91 0.91 0.91 0.92
1.71 1.49 1.23 1.10 0.99 0.91 0.86 0.86 0.86 0.79 0.77 0.69 0.59 0.63 0.78 1.03 1.19 1.01 0.81 0.84 1.08 1.49 1.53 0.97 0.55 0.52 0.64 0.72 0.79 0.89 0.98 1.04 1.06 1.06 1.05 1.06 1.08 1.10 1.10 1.03 0.95 0.91 0.86 0.83 0.92 1.05 1.12 1.15 1.15 1.13 1.12 1.08 1.02 1.03 1.03 1.00 0.98 1.01 0.97 0.87 0.84 0.87 0.92 0.94 0.92 0.89 0.88 0.86 0.85 0.87 0.88 0.89 0.89 0.90 0.90 0.90 0.91 0.91 0.91 0.91 0.91 0.91 0.91 0.92
1.41 1.29 1.17 1.08 0.94 0.87 0.86 0.84 0.81 0.78 0.77 0.70 0.62 0.66 0.78 0.95 1.12 0.98 0.74 0.97 1.43 1.56 1.22 0.86 0.69 0.65 0.71 0.76 0.80 0.88 1.00 1.09 1.12 1.13 1.11 1.09 1.08 1.12 1.16 1.08 0.95 0.91 0.87 0.83 0.87 0.97 1.07 1.10 1.09 1.10 1.11 1.08 1.03 1.03 1.05 1.01 0.97 1.02 1.01 0.90 0.84 0.86 0.91 0.97 0.96 0.91 0.88 0.84 0.82 0.85 0.88 0.89 0.90 0.90 0.90 0.91 0.91 0.91 0.91 0.91 0.91 0.91 0.91 0.91
1.19 1.13 1.06 1.00 0.90 0.84 0.84 0.83 0.79 0.76 0.74 0.70 0.60 0.59 0.72 0.92 1.08 1.02 0.90 1.21 1.52 1.20 0.95 0.90 0.82 0.78 0.79 0.80 0.82 0.91 1.05 1.16 1.20 1.21 1.18 1.12 1.10 1.15 1.20 1.12 0.97 0.90 0.88 0.84 0.83 0.91 1.02 1.06 1.05 1.06 1.06 1.06 1.04 1.03 1.05 1.02 0.99 1.02 1.01 0.96 0.88 0.86 0.90 0.97 0.99 0.94 0.87 0.81 0.78 0.82 0.89 0.91 0.89 0.89 0.90 0.91 0.91 0.91 0.91 0.91 0.91 0.91 0.91 0.91
1.03 0.99 0.94 0.91 0.86 0.83 0.82 0.81 0.79 0.75 0.72 0.69 0.60 0.57 0.69 0.89 1.08 1.06 1.02 1.30 1.35 1.06 0.97 0.96 0.90 0.87 0.89 0.88 0.87 0.98 1.11 1.20 1.26 1.28 1.24 1.19 1.16 1.18 1.19 1.12 0.99 0.90 0.88 0.86 0.84 0.87 0.96 1.00 1.00 1.01 1.02 1.05 1.05 1.02 1.05 1.03 1.00 1.00 1.00 0.99 0.94 0.88 0.89 0.95 1.01 0.96 0.86 0.79 0.76 0.81 0.92 0.95 0.89 0.87 0.90 0.91 0.92 0.92 0.91 0.91 0.91 0.91 0.90 0.90
0.90 0.87 0.83 0.83 0.82 0.81 0.80 0.77 0.78 0.77 0.73 0.71 0.66 0.66 0.73 0.86 1.05 1.07 1.04 1.17 1.17 1.10 1.06 1.02 0.94 0.94 1.02 1.01 0.97 1.09 1.16 1.21 1.31 1.33 1.30 1.27 1.23 1.18 1.17 1.13 1.02 0.93 0.89 0.88 0.85 0.83 0.88 0.92 0.92 0.96 1.01 1.04 1.05 1.03 1.03 1.02 1.00 0.99 1.01 1.01 0.97 0.90 0.88 0.95 1.00 0.96 0.87 0.78 0.75 0.81 0.94 0.98 0.91 0.87 0.88 0.92 0.93 0.92 0.91 0.91 0.91 0.90 0.90 0.89
0.77 0.75 0.73 0.77 0.79 0.79 0.78 0.74 0.76 0.80 0.78 0.75 0.74 0.73 0.75 0.83 0.96 1.01 0.98 1.01 1.01 1.04 1.09 1.04 0.98 1.01 1.11 1.13 1.11 1.21 1.23 1.27 1.33 1.34 1.35 1.38 1.35 1.24 1.19 1.15 1.06 0.95 0.91 0.90 0.85 0.81 0.82 0.85 0.85 0.91 0.99 1.02 1.03 1.04 1.02 0.99 0.98 0.99 1.02 1.02 0.97 0.92 0.91 0.95 0.97 0.96 0.89 0.78 0.74 0.81 0.92 0.98 0.97 0.90 0.89 0.95 0.96 0.92 0.90 0.92 0.92 0.90 0.88 0.88
0.64 0.63 0.64 0.70 0.76 0.78 0.75 0.72 0.75 0.84 0.84 0.81 0.80 0.76 0.76 0.79 0.86 0.91 0.87 0.87 0.93 1.02 1.02 0.97 1.01 1.06 1.14 1.20 1.28 1.34 1.36 1.37 1.30 1.28 1.43 1.57 1.50 1.32 1.21 1.14 1.05 0.95 0.93 0.92 0.85 0.81 0.79 0.79 0.81 0.86 0.95 0.99 0.99 1.02 1.03 0.99 0.96 0.97 1.00 1.02 0.98 0.94 0.94 0.96 0.95 0.95 0.91 0.79 0.72 0.81 0.90 0.95 1.01 0.99 0.96 1.00 0.98 0.90 0.89 0.96 0.95 0.88 0.85 0.85
0.52 0.53 0.56 0.64 0.73 0.76 0.76 0.73 0.76 0.88 0.92 0.87 0.80 0.75 0.76 0.75 0.79 0.82 0.77 0.76 0.88 1.05 0.96 0.84 0.95 1.09 1.13 1.21 1.42 1.52 1.48 1.40 1.16 1.19 1.59 1.78 1.59 1.29 1.18 1.14 1.03 0.96 0.96 0.92 0.86 0.82 0.77 0.76 0.78 0.81 0.89 0.94 0.94 0.97 1.01 1.00 0.97 0.95 0.98 1.00 1.00 0.98 0.95 0.96 0.95 0.92 0.90 0.82 0.72 0.76 0.89 0.95 1.00 1.04 1.04 1.05 1.01 0.92 0.91 0.99 0.99 0.88 0.81 0.82
0.41 0.42 0.50 0.60 0.69 0.75 0.80 0.79 0.82 0.89 0.91 0.84 0.73 0.71 0.77 0.77 0.76 0.74 0.69 0.70 0.87 1.07 0.97 0.74 0.80 1.02 1.11 1.14 1.46 1.70 1.53 1.36 1.07 1.19 1.80 1.86 1.49 1.20 1.19 1.19 1.03 0.95 0.98 0.95 0.88 0.83 0.78 0.75 0.74 0.75 0.82 0.89 0.90 0.92 0.95 0.98 0.99 0.97 0.97 0.96 1.00 1.03 0.98 0.94 0.95 0.91 0.89 0.85 0.74 0.71 0.84 0.98 1.03 1.04 1.08 1.09 1.06 0.99 0.93 0.98 1.01 0.91 0.81 0.78
0.32 0.35 0.48 0.63 0.73 0.80 0.82 0.80 0.80 0.81 0.84 0.81 0.70 0.72 0.82 0.84 0.76 0.62 0.61 0.75 0.96 1.08 0.94 0.71 0.67 0.87 1.05 1.08 1.45 1.77 1.53 1.33 1.14 1.30 1.89 1.80 1.35 1.23 1.29 1.19 0.93 0.92 1.02 0.95 0.86 0.83 0.80 0.73 0.69 0.70 0.75 0.82 0.87 0.88 0.90 0.92 0.97 1.00 0.98 0.93 0.96 1.06 1.03 0.92 0.93 0.93 0.87 0.85 0.78 0.70 0.76 0.97 1.08 1.06 1.08 1.10 1.11 1.06 0.97 0.96 1.01 0.98 0.86 0.76
0.28 0.34 0.53 0.68 0.74 0.76 0.74 0.73 0.74 0.75 0.80 0.81 0.72 0.74 0.88 0.94 0.76 0.48 0.52 0.81 1.07 1.12 0.89 0.69 0.64 0.74 0.93 1.05 1.46 1.77 1.56 1.34 1.22 1.43 1.92 1.79 1.42 1.39 1.30 1.02 0.82 0.96 1.05 0.93 0.85 0.85 0.79 0.69 0.65 0.67 0.71 0.75 0.80 0.84 0.87 0.87 0.91 1.00 1.01 0.91 0.90 1.03 1.06 0.94 0.93 0.97 0.91 0.84 0.78 0.71 0.73 0.94 1.11 1.09 1.09 1.11 1.12 1.10 1.03 0.99 1.00 1.02 0.93 0.78
0.30 0.37 0.54 0.64 0.67 0.67 0.66 0.68 0.71 0.72 0.77 0.82 0.77 0.78 0.95 1.01 0.74 0.35 0.42 0.80 1.13 1.21 0.91 0.67 0.64 0.72 0.84 0.97 1.34 1.70 1.65 1.38 1.24 1.51 1.97 1.89 1.60 1.45 1.18 0.87 0.85 0.98 1.02 0.92 0.87 0.84 0.74 0.66 0.63 0.65 0.66 0.67 0.70 0.79 0.86 0.84 0.85 0.96 1.02 0.93 0.87 0.96 1.02 0.98 0.95 1.00 0.99 0.87 0.77 0.72 0.74 0.90 1.08 1.11 1.11 1.13 1.11 1.10 1.09 1.06 1.03 1.04 0.97 0.82
0.29 0.36 0.49 0.56 0.60 0.61 0.63 0.66 0.68 0.67 0.72 0.87 0.88 0.83 0.98 1.04 0.70 0.29 0.33 0.70 1.06 1.27 1.02 0.64 0.60 0.80 0.89 0.95 1.13 1.45 1.66 1.53 1.34 1.62 2.04 1.94 1.63 1.33 0.96 0.82 0.82 0.86 0.97 1.01 0.90 0.79 0.69 0.63 0.62 0.62 0.62 0.59 0.62 0.74 0.84 0.81 0.80 0.90 1.01 0.96 0.87 0.89 0.97 0.98 0.96 0.99 1.02 0.95 0.82 0.75 0.75 0.88 1.02 1.09 1.11 1.15 1.13 1.09 1.12 1.14 1.11 1.07 0.98 0.86
0.27 0.32 0.42 0.50 0.57 0.59 0.60 0.63 0.65 0.63 0.69 0.92 0.98 0.86 0.96 1.06 0.72 0.32 0.35 0.59 0.92 1.24 1.13 0.67 0.62 0.92 0.99 1.02 1.02 1.13 1.46 1.63 1.61 1.86 2.11 1.86 1.43 1.09 0.83 0.74 0.68 0.75 1.00 1.09 0.90 0.70 0.63 0.62 0.61 0.61 0.59 0.54 0.56 0.68 0.79 0.79 0.77 0.83 0.96 0.97 0.88 0.84 0.92 0.98 0.94 0.95 1.01 1.00 0.94 0.83 0.79 0.88 0.99 1.03 1.10 1.17 1.15 1.09 1.10 1.16 1.21 1.14 0.97 0.87
