windninja/windninja_output/Output_2025-08-24_2200-2250_Google earth_Fire_150m_10min/merlingen_7.5mi_point_08-24-2025_2230_150m_vel.asc
ncols	158
nrows	163
xllcorner	391686.332397
yllcorner	5160024.123721
cellsize	150.000000
NODATA_value	-32768.000000
[rows 38 to 75 of 163, columns 0 to 83 of 158]
1.03 1.02 1.01 0.97 0.92 0.89 0.87 0.86 0.86 0.86 0.85 0.83 0.81 0.82 0.81 0.80 0.80 0.79 0.78 0.77 0.76 0.74 0.73 0.71 0.67 0.63 0.56 0.50 0.62 0.81 0.83 0.82 0.89 0.97 1.05 0.96 0.83 0.92 1.04 1.02 0.99 1.00 1.03 1.07 1.13 1.12 1.07 1.05 1.08 1.18 1.21 1.10 1.07 1.21 1.27 1.16 1.14 1.31 1.47 1.62 1.76 1.68 1.32 0.91 0.81 1.15 1.75 1.92 1.49 1.19 1.17 1.21 1.20 1.07 0.94 0.94 0.82 0.75 1.14 1.42 1.14 1.04 1.24 1.57
1.00 1.00 0.96 0.92 0.90 0.87 0.86 0.87 0.87 0.86 0.84 0.82 0.82 0.82 0.82 0.81 0.80 0.79 0.78 0.78 0.77 0.75 0.74 0.72 0.70 0.65 0.60 0.58 0.67 0.78 0.81 0.80 0.82 0.88 0.92 0.83 0.79 0.94 1.08 1.08 1.05 1.04 1.05 1.06 1.10 1.15 1.10 1.02 1.01 1.19 1.29 1.14 1.01 1.16 1.35 1.24 1.11 1.26 1.48 1.63 1.75 1.85 1.75 1.30 0.96 1.16 1.78 1.89 1.44 1.22 1.20 1.20 1.19 1.09 1.02 1.06 0.90 0.72 1.02 1.52 1.49 1.24 1.22 1.43
0.96 0.96 0.92 0.90 0.89 0.86 0.86 0.88 0.88 0.85 0.83 0.83 0.82 0.82 0.83 0.82 0.80 0.80 0.79 0.79 0.78 0.77 0.75 0.74 0.72 0.68 0.64 0.64 0.65 0.73 0.82 0.80 0.75 0.78 0.77 0.71 0.73 0.86 1.04 1.13 1.13 1.12 1.10 1.04 1.05 1.13 1.14 1.03 0.97 1.14 1.35 1.21 0.95 1.01 1.28 1.31 1.16 1.17 1.37 1.55 1.62 1.78 1.99 1.76 1.22 1.23 1.80 1.86 1.46 1.31 1.22 1.16 1.12 0.98 1.01 1.13 0.94 0.77 0.92 1.37 1.61 1.58 1.51 1.56
0.92 0.91 0.90 0.88 0.87 0.86 0.87 0.89 0.88 0.84 0.83 0.84 0.83 0.83 0.83 0.82 0.81 0.81 0.81 0.80 0.79 0.77 0.76 0.76 0.75 0.71 0.68 0.67 0.65 0.73 0.83 0.78 0.71 0.68 0.63 0.63 0.70 0.79 0.92 1.08 1.15 1.18 1.16 1.09 1.06 1.08 1.11 1.08 1.02 1.11 1.37 1.32 0.98 0.88 1.07 1.25 1.16 1.07 1.21 1.40 1.45 1.50 1.83 2.00 1.63 1.41 1.74 1.86 1.58 1.42 1.30 1.24 1.16 0.93 0.97 1.14 0.95 0.82 0.88 1.15 1.43 1.56 1.69 1.79
0.87 0.87 0.87 0.86 0.86 0.88 0.89 0.88 0.87 0.85 0.83 0.84 0.84 0.83 0.84 0.83 0.82 0.81 0.82 0.81 0.80 0.78 0.77 0.77 0.76 0.73 0.71 0.70 0.68 0.74 0.80 0.76 0.68 0.61 0.54 0.55 0.67 0.80 0.88 0.98 1.09 1.16 1.17 1.17 1.12 1.04 1.05 1.09 1.06 1.10 1.35 1.38 1.05 0.87 0.97 1.13 1.13 1.06 1.14 1.30 1.32 1.29 1.51 1.85 1.92 1.73 1.67 1.81 1.75 1.55 1.48 1.47 1.31 1.06 1.06 1.14 0.97 0.88 0.91 1.09 1.31 1.41 1.57 1.79
0.83 0.84 0.84 0.84 0.87 0.89 0.88 0.86 0.87 0.86 0.84 0.84 0.85 0.84 0.83 0.83 0.82 0.82 0.83 0.83 0.81 0.79 0.78 0.78 0.77 0.75 0.74 0.73 0.71 0.73 0.76 0.74 0.67 0.58 0.51 0.50 0.63 0.80 0.85 0.91 1.01 1.10 1.15 1.19 1.11 0.99 0.99 1.07 1.10 1.15 1.34 1.36 1.10 0.94 0.99 1.08 1.10 1.09 1.15 1.27 1.28 1.22 1.28 1.48 1.78 1.87 1.71 1.72 1.81 1.78 1.77 1.80 1.64 1.39 1.32 1.26 1.12 1.03 0.99 1.07 1.24 1.37 1.52 1.71
0.80 0.80 0.81 0.84 0.88 0.88 0.87 0.86 0.86 0.86 0.85 0.85 0.85 0.84 0.84 0.84 0.83 0.83 0.84 0.83 0.81 0.80 0.79 0.79 0.78 0.77 0.77 0.76 0.74 0.72 0.73 0.73 0.68 0.60 0.52 0.52 0.63 0.75 0.79 0.84 0.93 1.05 1.17 1.18 1.05 0.96 0.99 1.07 1.15 1.21 1.30 1.31 1.15 1.03 1.08 1.13 1.10 1.10 1.17 1.27 1.30 1.27 1.23 1.27 1.50 1.71 1.70 1.61 1.62 1.73 1.84 1.95 1.92 1.75 1.60 1.44 1.26 1.16 1.11 1.11 1.18 1.29 1.48 1.67
0.77 0.78 0.81 0.85 0.86 0.85 0.86 0.87 0.86 0.86 0.86 0.85 0.85 0.84 0.84 0.84 0.84 0.85 0.85 0.83 0.82 0.81 0.80 0.79 0.80 0.80 0.79 0.77 0.75 0.73 0.73 0.73 0.69 0.61 0.56 0.57 0.62 0.68 0.73 0.77 0.85 1.03 1.19 1.13 0.95 0.94 1.04 1.12 1.19 1.21 1.23 1.24 1.17 1.07 1.10 1.17 1.14 1.11 1.17 1.26 1.31 1.33 1.29 1.28 1.44 1.54 1.57 1.51 1.33 1.32 1.52 1.71 1.84 1.84 1.73 1.54 1.31 1.22 1.23 1.25 1.26 1.29 1.43 1.60
0.74 0.77 0.81 0.84 0.83 0.85 0.87 0.87 0.86 0.86 0.86 0.86 0.84 0.85 0.85 0.85 0.85 0.85 0.85 0.84 0.83 0.82 0.81 0.81 0.81 0.81 0.79 0.78 0.76 0.75 0.74 0.74 0.70 0.64 0.60 0.60 0.61 0.64 0.68 0.73 0.81 0.99 1.14 1.07 0.90 0.93 1.07 1.20 1.21 1.15 1.15 1.17 1.16 1.12 1.11 1.17 1.19 1.17 1.18 1.20 1.26 1.35 1.37 1.34 1.43 1.47 1.44 1.42 1.24 1.16 1.30 1.46 1.64 1.75 1.73 1.61 1.39 1.26 1.28 1.33 1.32 1.33 1.42 1.50
0.74 0.76 0.80 0.79 0.80 0.85 0.87 0.86 0.86 0.86 0.86 0.86 0.85 0.85 0.86 0.86 0.86 0.85 0.85 0.85 0.84 0.82 0.82 0.83 0.83 0.82 0.80 0.79 0.78 0.77 0.76 0.75 0.72 0.67 0.63 0.61 0.63 0.65 0.65 0.70 0.78 0.92 1.03 0.98 0.91 0.98 1.12 1.22 1.18 1.08 1.09 1.11 1.14 1.20 1.17 1.18 1.24 1.25 1.25 1.16 1.15 1.33 1.42 1.38 1.40 1.42 1.34 1.31 1.23 1.19 1.26 1.34 1.51 1.64 1.66 1.60 1.44 1.26 1.20 1.29 1.36 1.35 1.40 1.45
0.74 0.75 0.76 0.74 0.78 0.87 0.89 0.86 0.85 0.86 0.86 0.85 0.85 0.85 0.86 0.86 0.86 0.86 0.86 0.86 0.84 0.83 0.83 0.84 0.84 0.82 0.81 0.80 0.79 0.78 0.78 0.76 0.73 0.70 0.65 0.61 0.64 0.67 0.66 0.69 0.75 0.84 0.89 0.86 0.90 1.07 1.18 1.17 1.10 1.03 1.04 1.08 1.13 1.18 1.17 1.19 1.27 1.30 1.30 1.17 1.10 1.31 1.47 1.43 1.38 1.34 1.25 1.21 1.19 1.19 1.25 1.31 1.41 1.52 1.57 1.55 1.44 1.31 1.26 1.35 1.45 1.43 1.40 1.42
0.74 0.73 0.72 0.70 0.77 0.90 0.91 0.87 0.85 0.85 0.86 0.85 0.85 0.85 0.86 0.87 0.86 0.86 0.86 0.86 0.85 0.84 0.84 0.84 0.85 0.84 0.82 0.81 0.81 0.80 0.79 0.78 0.75 0.72 0.68 0.64 0.66 0.69 0.68 0.68 0.72 0.77 0.78 0.76 0.87 1.10 1.19 1.10 1.03 0.97 0.99 1.10 1.17 1.19 1.18 1.22 1.32 1.35 1.28 1.16 1.14 1.31 1.51 1.54 1.41 1.26 1.17 1.13 1.14 1.18 1.24 1.30 1.36 1.42 1.49 1.51 1.47 1.43 1.44 1.50 1.56 1.54 1.47 1.41
0.75 0.72 0.67 0.68 0.80 0.91 0.93 0.89 0.85 0.84 0.85 0.85 0.85 0.85 0.86 0.87 0.87 0.86 0.86 0.86 0.85 0.86 0.85 0.84 0.85 0.85 0.82 0.82 0.82 0.81 0.80 0.79 0.77 0.75 0.71 0.68 0.68 0.69 0.68 0.67 0.70 0.75 0.74 0.72 0.86 1.09 1.12 1.03 0.97 0.89 0.88 1.04 1.16 1.17 1.20 1.28 1.39 1.38 1.24 1.14 1.16 1.31 1.54 1.65 1.43 1.19 1.10 1.07 1.09 1.14 1.20 1.26 1.30 1.34 1.38 1.42 1.43 1.46 1.53 1.62 1.64 1.62 1.55 1.45
0.76 0.71 0.64 0.69 0.84 0.91 0.91 0.91 0.87 0.84 0.83 0.84 0.85 0.85 0.86 0.87 0.88 0.86 0.86 0.87 0.86 0.86 0.86 0.85 0.86 0.85 0.83 0.83 0.83 0.82 0.81 0.80 0.79 0.77 0.75 0.72 0.70 0.69 0.68 0.66 0.69 0.75 0.74 0.71 0.84 1.02 1.01 0.95 0.96 0.88 0.84 1.01 1.11 1.10 1.16 1.33 1.41 1.35 1.24 1.16 1.18 1.30 1.60 1.72 1.41 1.13 1.07 1.05 1.08 1.12 1.17 1.22 1.25 1.28 1.30 1.31 1.31 1.36 1.49 1.65 1.72 1.70 1.60 1.46
0.77 0.69 0.63 0.72 0.86 0.89 0.88 0.92 0.91 0.84 0.81 0.83 0.84 0.84 0.86 0.87 0.88 0.87 0.87 0.88 0.87 0.86 0.86 0.86 0.86 0.85 0.84 0.84 0.84 0.83 0.82 0.82 0.81 0.79 0.78 0.76 0.73 0.70 0.68 0.65 0.69 0.78 0.76 0.70 0.78 0.93 0.89 0.83 0.94 0.95 0.92 1.02 1.14 1.14 1.22 1.38 1.36 1.26 1.23 1.22 1.22 1.32 1.69 1.78 1.36 1.09 1.04 1.04 1.09 1.14 1.17 1.21 1.23 1.26 1.29 1.28 1.23 1.23 1.35 1.55 1.71 1.80 1.75 1.52
0.75 0.70 0.67 0.74 0.87 0.87 0.84 0.92 0.94 0.85 0.80 0.82 0.83 0.84 0.86 0.87 0.87 0.87 0.87 0.88 0.87 0.87 0.87 0.87 0.86 0.85 0.85 0.85 0.85 0.84 0.84 0.83 0.82 0.81 0.80 0.78 0.76 0.73 0.70 0.66 0.68 0.79 0.78 0.69 0.70 0.81 0.79 0.73 0.86 0.94 0.94 1.01 1.12 1.22 1.36 1.42 1.26 1.16 1.20 1.26 1.28 1.39 1.75 1.79 1.35 1.08 1.02 1.06 1.14 1.17 1.18 1.21 1.25 1.28 1.31 1.29 1.23 1.21 1.26 1.36 1.53 1.77 1.89 1.76
0.71 0.73 0.73 0.75 0.86 0.85 0.80 0.88 0.93 0.88 0.82 0.80 0.83 0.85 0.86 0.87 0.87 0.87 0.88 0.88 0.88 0.88 0.87 0.87 0.87 0.86 0.86 0.86 0.86 0.85 0.85 0.84 0.83 0.82 0.81 0.80 0.78 0.76 0.73 0.68 0.69 0.79 0.79 0.69 0.64 0.69 0.69 0.66 0.77 0.85 0.90 1.01 1.09 1.23 1.48 1.44 1.16 1.09 1.18 1.29 1.34 1.49 1.80 1.76 1.35 1.10 1.04 1.09 1.22 1.27 1.25 1.25 1.26 1.29 1.31 1.31 1.27 1.28 1.32 1.29 1.38 1.64 1.86 1.92
0.69 0.75 0.78 0.75 0.80 0.82 0.77 0.81 0.90 0.93 0.86 0.81 0.83 0.85 0.85 0.86 0.87 0.87 0.88 0.88 0.88 0.88 0.88 0.87 0.87 0.87 0.87 0.86 0.86 0.86 0.86 0.85 0.85 0.84 0.83 0.82 0.80 0.79 0.76 0.73 0.73 0.77 0.77 0.70 0.63 0.61 0.60 0.62 0.70 0.75 0.81 1.01 1.10 1.23 1.53 1.41 1.08 1.05 1.15 1.27 1.38 1.57 1.82 1.76 1.37 1.10 1.04 1.06 1.20 1.31 1.31 1.29 1.29 1.29 1.31 1.32 1.30 1.35 1.41 1.34 1.33 1.52 1.72 1.85
0.70 0.75 0.78 0.75 0.76 0.80 0.78 0.77 0.85 0.95 0.92 0.84 0.85 0.86 0.83 0.85 0.87 0.88 0.88 0.87 0.88 0.89 0.88 0.88 0.87 0.87 0.87 0.87 0.87 0.87 0.86 0.86 0.86 0.85 0.84 0.83 0.82 0.81 0.79 0.77 0.76 0.76 0.75 0.70 0.65 0.60 0.57 0.58 0.62 0.63 0.70 0.98 1.09 1.25 1.53 1.32 1.03 1.05 1.15 1.26 1.38 1.57 1.80 1.80 1.42 1.07 0.97 0.98 1.08 1.21 1.27 1.32 1.34 1.34 1.34 1.33 1.35 1.41 1.45 1.41 1.37 1.45 1.59 1.70
0.72 0.74 0.76 0.76 0.77 0.80 0.80 0.77 0.82 0.95 0.94 0.87 0.88 0.87 0.82 0.84 0.87 0.87 0.87 0.87 0.88 0.89 0.89 0.89 0.87 0.87 0.88 0.88 0.88 0.88 0.87 0.87 0.87 0.86 0.85 0.85 0.84 0.82 0.81 0.80 0.79 0.77 0.75 0.72 0.68 0.64 0.59 0.55 0.55 0.51 0.59 0.91 1.07 1.26 1.50 1.23 0.98 1.05 1.18 1.27 1.39 1.55 1.74 1.81 1.52 1.13 0.95 0.94 1.03 1.13 1.22 1.32 1.37 1.36 1.37 1.35 1.40 1.48 1.48 1.48 1.48 1.51 1.56 1.61
0.73 0.73 0.74 0.76 0.78 0.80 0.82 0.80 0.83 0.94 0.92 0.86 0.89 0.90 0.86 0.85 0.86 0.86 0.87 0.87 0.88 0.89 0.89 0.89 0.88 0.87 0.88 0.88 0.88 0.88 0.88 0.88 0.87 0.87 0.86 0.86 0.85 0.84 0.83 0.82 0.81 0.79 0.77 0.74 0.71 0.68 0.62 0.55 0.51 0.44 0.48 0.79 1.05 1.26 1.42 1.17 0.93 1.02 1.19 1.27 1.37 1.52 1.68 1.78 1.61 1.26 1.02 0.98 1.06 1.17 1.22 1.30 1.36 1.37 1.37 1.36 1.40 1.48 1.50 1.53 1.57 1.61 1.64 1.64
0.73 0.73 0.73 0.76 0.78 0.80 0.84 0.85 0.88 0.91 0.86 0.81 0.87 0.94 0.93 0.88 0.85 0.85 0.86 0.87 0.87 0.88 0.90 0.89 0.88 0.88 0.88 0.89 0.89 0.89 0.89 0.88 0.88 0.88 0.87 0.87 0.86 0.85 0.84 0.83 0.82 0.81 0.79 0.77 0.74 0.71 0.66 0.59 0.52 0.43 0.41 0.64 1.01 1.23 1.32 1.13 0.93 1.02 1.19 1.24 1.30 1.44 1.62 1.74 1.65 1.36 1.10 1.02 1.08 1.19 1.22 1.26 1.34 1.36 1.35 1.36 1.40 1.44 1.46 1.49 1.53 1.63 1.70 1.72
0.72 0.72 0.73 0.75 0.78 0.81 0.85 0.89 0.91 0.89 0.83 0.78 0.83 0.94 0.97 0.93 0.87 0.85 0.86 0.86 0.86 0.88 0.90 0.89 0.87 0.88 0.89 0.89 0.89 0.89 0.89 0.89 0.89 0.89 0.88 0.88 0.87 0.86 0.86 0.85 0.84 0.82 0.81 0.79 0.77 0.74 0.70 0.65 0.57 0.47 0.40 0.54 0.91 1.15 1.19 1.08 0.99 1.08 1.18 1.19 1.22 1.32 1.48 1.64 1.63 1.43 1.15 0.99 1.04 1.17 1.21 1.22 1.28 1.32 1.30 1.34 1.41 1.42 1.42 1.45 1.47 1.56 1.67 1.70
0.70 0.71 0.73 0.75 0.78 0.82 0.87 0.92 0.93 0.90 0.84 0.78 0.81 0.89 0.94 0.97 0.94 0.88 0.86 0.84 0.85 0.88 0.89 0.88 0.87 0.89 0.89 0.89 0.90 0.89 0.90 0.90 0.89 0.89 0.89 0.89 0.88 0.87 0.87 0.86 0.85 0.84 0.82 0.81 0.79 0.77 0.74 0.69 0.63 0.54 0.44 0.50 0.79 1.02 1.05 1.00 1.05 1.14 1.16 1.14 1.15 1.21 1.33 1.49 1.54 1.44 1.21 1.02 1.04 1.15 1.19 1.22 1.25 1.27 1.26 1.29 1.38 1.42 1.43 1.47 1.48 1.53 1.62 1.64
0.69 0.70 0.73 0.76 0.78 0.83 0.89 0.94 0.94 0.92 0.87 0.81 0.81 0.83 0.86 0.96 0.99 0.95 0.89 0.85 0.85 0.86 0.87 0.87 0.87 0.89 0.90 0.90 0.90 0.90 0.90 0.90 0.90 0.90 0.90 0.89 0.89 0.88 0.88 0.87 0.86 0.85 0.84 0.83 0.81 0.79 0.77 0.73 0.68 0.61 0.50 0.51 0.73 0.88 0.89 0.94 1.10 1.17 1.14 1.10 1.09 1.13 1.21 1.34 1.43 1.40 1.23 1.11 1.10 1.14 1.17 1.21 1.25 1.22 1.23 1.28 1.34 1.40 1.43 1.48 1.52 1.56 1.63 1.65
0.69 0.70 0.74 0.77 0.79 0.85 0.91 0.95 0.94 0.93 0.90 0.84 0.80 0.79 0.80 0.90 0.99 1.00 0.94 0.89 0.87 0.85 0.84 0.85 0.86 0.89 0.91 0.91 0.90 0.90 0.90 0.90 0.90 0.90 0.90 0.90 0.90 0.89 0.89 0.88 0.87 0.86 0.85 0.84 0.83 0.81 0.79 0.76 0.72 0.67 0.58 0.55 0.69 0.78 0.74 0.89 1.14 1.19 1.12 1.07 1.04 1.07 1.14 1.22 1.30 1.26 1.09 1.06 1.11 1.14 1.16 1.21 1.25 1.20 1.19 1.27 1.34 1.40 1.44 1.51 1.58 1.62 1.69 1.73
0.69 0.70 0.75 0.79 0.82 0.86 0.90 0.94 0.95 0.93 0.93 0.90 0.81 0.77 0.78 0.84 0.93 0.98 0.98 0.96 0.91 0.86 0.84 0.84 0.84 0.88 0.93 0.91 0.89 0.90 0.90 0.90 0.90 0.91 0.91 0.90 0.90 0.90 0.89 0.89 0.88 0.88 0.87 0.86 0.85 0.83 0.82 0.79 0.76 0.72 0.66 0.61 0.67 0.73 0.64 0.75 1.12 1.22 1.13 1.04 0.97 0.98 1.08 1.19 1.23 1.10 0.96 0.96 1.04 1.10 1.15 1.21 1.26 1.19 1.15 1.23 1.33 1.41 1.48 1.57 1.65 1.68 1.72 1.78
0.67 0.71 0.78 0.81 0.84 0.87 0.89 0.93 0.96 0.94 0.96 0.96 0.84 0.75 0.78 0.82 0.87 0.91 0.96 1.01 0.97 0.89 0.87 0.85 0.83 0.87 0.93 0.91 0.90 0.91 0.90 0.90 0.91 0.91 0.91 0.91 0.91 0.91 0.90 0.90 0.89 0.89 0.88 0.87 0.86 0.85 0.84 0.82 0.80 0.77 0.73 0.68 0.68 0.71 0.62 0.64 0.98 1.20 1.17 1.05 0.88 0.84 1.02 1.23 1.26 1.12 0.96 0.93 0.97 1.02 1.09 1.19 1.24 1.17 1.12 1.16 1.27 1.36 1.44 1.55 1.65 1.67 1.70 1.76
0.61 0.70 0.81 0.83 0.86 0.89 0.88 0.90 0.96 0.97 0.99 0.98 0.86 0.76 0.77 0.81 0.84 0.84 0.90 1.00 1.00 0.94 0.92 0.89 0.85 0.87 0.91 0.90 0.90 0.91 0.90 0.90 0.91 0.91 0.91 0.91 0.91 0.91 0.91 0.90 0.90 0.90 0.89 0.88 0.87 0.87 0.85 0.84 0.83 0.81 0.78 0.75 0.73 0.72 0.66 0.65 0.82 1.06 1.17 1.07 0.83 0.75 0.98 1.22 1.28 1.19 1.04 0.94 0.94 0.96 1.00 1.12 1.21 1.15 1.11 1.11 1.17 1.26 1.35 1.49 1.64 1.70 1.73 1.79
0.51 0.67 0.84 0.86 0.91 0.93 0.85 0.86 0.97 1.03 1.02 0.96 0.88 0.82 0.77 0.78 0.83 0.82 0.85 0.94 0.96 0.95 0.98 0.95 0.90 0.89 0.89 0.90 0.91 0.91 0.90 0.90 0.91 0.91 0.91 0.91 0.91 0.91 0.91 0.91 0.91 0.90 0.90 0.89 0.89 0.88 0.87 0.86 0.85 0.84 0.82 0.80 0.78 0.75 0.72 0.71 0.77 0.89 1.04 1.03 0.79 0.67 0.83 1.08 1.20 1.19 1.10 1.00 0.95 0.94 0.95 1.06 1.13 1.09 1.06 1.06 1.09 1.16 1.28 1.43 1.58 1.69 1.72 1.71
0.45 0.62 0.82 0.89 0.99 1.00 0.81 0.78 0.98 1.09 1.04 0.93 0.88 0.85 0.77 0.76 0.82 0.84 0.84 0.88 0.89 0.91 0.97 0.99 0.95 0.92 0.92 0.94 0.92 0.90 0.90 0.89 0.90 0.91 0.91 0.91 0.91 0.92 0.92 0.92 0.91 0.91 0.91 0.90 0.90 0.89 0.89 0.88 0.87 0.86 0.85 0.84 0.82 0.80 0.79 0.77 0.78 0.81 0.89 0.92 0.73 0.61 0.73 0.90 1.02 1.07 1.09 1.05 1.00 0.96 0.95 1.02 1.06 0.99 0.94 0.97 0.99 1.03 1.13 1.26 1.37 1.49 1.63 1.61
0.50 0.61 0.78 0.89 1.02 1.03 0.80 0.73 1.00 1.16 1.05 0.92 0.88 0.84 0.79 0.78 0.83 0.86 0.85 0.83 0.85 0.88 0.93 0.97 0.95 0.93 1.01 1.04 0.96 0.92 0.89 0.88 0.89 0.90 0.90 0.91 0.91 0.92 0.92 0.92 0.92 0.92 0.92 0.91 0.91 0.91 0.90 0.90 0.89 0.88 0.87 0.87 0.86 0.85 0.84 0.83 0.82 0.82 0.83 0.84 0.73 0.63 0.69 0.78 0.81 0.85 0.93 0.98 0.98 0.98 0.98 1.03 1.03 0.94 0.89 0.91 0.89 0.89 0.93 1.06 1.21 1.35 1.57 1.70
0.62 0.67 0.79 0.88 0.98 1.01 0.81 0.73 1.01 1.20 1.05 0.89 0.87 0.85 0.82 0.81 0.84 0.88 0.87 0.82 0.83 0.86 0.90 0.93 0.85 0.85 1.08 1.16 1.03 0.96 0.91 0.88 0.87 0.88 0.89 0.90 0.91 0.92 0.92 0.92 0.92 0.92 0.92 0.92 0.92 0.92 0.91 0.91 0.91 0.90 0.89 0.89 0.88 0.88 0.87 0.86 0.86 0.85 0.84 0.82 0.77 0.71 0.71 0.73 0.70 0.68 0.74 0.79 0.82 0.85 0.92 1.04 1.02 0.90 0.88 0.90 0.86 0.81 0.81 0.90 1.11 1.33 1.50 1.80
0.73 0.75 0.81 0.87 0.93 0.95 0.85 0.81 1.03 1.19 0.99 0.84 0.86 0.85 0.84 0.83 0.85 0.90 0.91 0.86 0.84 0.86 0.90 0.90 0.76 0.74 1.05 1.22 1.14 1.02 0.96 0.92 0.88 0.86 0.86 0.88 0.90 0.91 0.92 0.92 0.92 0.93 0.93 0.93 0.93 0.92 0.92 0.92 0.92 0.92 0.91 0.91 0.90 0.90 0.89 0.89 0.88 0.88 0.86 0.84 0.81 0.78 0.75 0.74 0.70 0.66 0.65 0.65 0.65 0.65 0.74 0.93 0.97 0.86 0.84 0.88 0.87 0.80 0.75 0.82 1.01 1.27 1.48 1.92
0.82 0.84 0.85 0.87 0.90 0.93 0.90 0.90 1.05 1.10 0.92 0.85 0.85 0.84 0.84 0.83 0.84 0.90 0.92 0.89 0.88 0.89 0.91 0.88 0.75 0.69 0.93 1.18 1.20 1.12 1.03 0.98 0.94 0.87 0.84 0.87 0.88 0.90 0.91 0.92 0.92 0.93 0.93 0.93 0.93 0.93 0.93 0.93 0.93 0.93 0.92 0.92 0.92 0.91 0.91 0.91 0.90 0.89 0.88 0.87 0.85 0.83 0.81 0.78 0.75 0.70 0.65 0.62 0.59 0.56 0.57 0.70 0.81 0.73 0.72 0.77 0.81 0.76 0.72 0.81 0.98 1.20 1.52 2.00
0.92 0.92 0.89 0.87 0.89 0.93 0.94 0.95 1.01 0.98 0.89 0.88 0.86 0.84 0.84 0.84 0.85 0.87 0.89 0.88 0.90 0.93 0.93 0.89 0.77 0.70 0.85 1.07 1.19 1.18 1.10 1.05 1.03 0.94 0.86 0.85 0.87 0.88 0.89 0.91 0.92 0.93 0.93 0.94 0.94 0.94 0.94 0.94 0.94 0.94 0.94 0.93 0.93 0.93 0.93 0.92 0.92 0.91 0.90 0.89 0.88 0.86 0.84 0.82 0.79 0.75 0.71 0.67 0.63 0.59 0.55 0.56 0.59 0.56 0.58 0.65 0.71 0.70 0.68 0.79 0.99 1.23 1.60 1.96
1.03 1.01 0.94 0.88 0.90 0.95 0.95 0.96 0.97 0.91 0.88 0.89 0.87 0.84 0.85 0.86 0.85 0.86 0.87 0.87 0.89 0.93 0.93 0.91 0.81 0.72 0.81 0.97 1.12 1.19 1.14 1.10 1.09 1.04 0.93 0.86 0.86 0.87 0.88 0.89 0.91 0.92 0.93 0.94 0.94 0.94 0.95 0.95 0.95 0.95 0.95 0.94 0.94 0.94 0.94 0.93 0.93 0.92 0.92 0.91 0.90 0.88 0.87 0.85 0.83 0.80 0.77 0.73 0.69 0.65 0.59 0.53 0.49 0.45 0.47 0.56 0.62 0.65 0.66 0.75 1.01 1.32 1.64 1.80
1.12 1.09 1.00 0.91 0.91 0.97 0.96 0.94 0.93 0.90 0.87 0.88 0.86 0.85 0.86 0.86 0.85 0.85 0.86 0.87 0.88 0.91 0.92 0.91 0.84 0.74 0.79 0.91 1.04 1.15 1.16 1.13 1.12 1.11 1.01 0.91 0.88 0.88 0.88 0.87 0.89 0.92 0.93 0.94 0.94 0.95 0.95 0.95 0.96 0.96 0.95 0.95 0.95 0.95 0.95 0.94 0.94 0.94 0.93 0.92 0.91 0.90 0.89 0.87 0.85 0.83 0.81 0.78 0.75 0.71 0.66 0.59 0.51 0.42 0.39 0.46 0.51 0.57 0.64 0.73 1.03 1.37 1.59 1.61
