windninja/windninja_output/Output_2025-08-24_2200-2250_Google earth_Fire_150m_10min/merlingen_7.5mi_point_08-24-2025_2230_150m_ang.asc
ncols	158
nrows	163
xllcorner	391686.332397
yllcorner	5160024.123721
cellsize	150.000000
NODATA_value	-32768.000000
[rows 0 to 41 of 163, columns 0 to 93 of 158]
268 267 268 268 270 272 273 269 267 268 267 259 245 238 242 252 262 268 271 279 285 275 261 258 263 269 269 263 259 260 259 258 259 258 256 260 264 265 265 263 258 257 258 259 261 264 267 269 264 259 255 253 252 252 251 250 249 249 250 250 248 245 244 241 238 235 236 240 244 246 245 243 240 238 238 238 239 241 243 242 240 237 237 240 242 240 236 235 236 234 232 232 231 229
268 269 270 271 271 272 271 270 270 269 267 260 248 242 247 254 262 269 274 278 282 279 268 263 263 266 266 264 263 261 260 260 259 259 259 261 262 263 263 262 260 259 258 259 261 262 263 265 264 262 258 256 255 253 252 250 249 249 249 249 248 246 244 242 240 238 239 241 244 245 244 242 240 239 239 239 238 240 242 241 238 237 238 240 240 240 236 235 236 235 234 235 234 232
269 270 272 272 272 271 268 270 272 273 271 265 255 252 255 259 265 269 274 275 277 281 280 270 264 262 263 265 265 262 262 262 261 262 263 262 260 260 260 260 261 260 260 260 260 260 259 258 259 260 259 257 255 253 252 251 250 249 248 247 247 246 245 243 242 242 242 244 245 244 242 241 241 241 241 239 237 239 241 238 234 236 239 238 238 239 234 233 234 235 237 237 235 233
270 270 270 271 271 271 271 272 275 275 273 267 261 261 263 266 268 269 270 270 272 276 281 277 268 263 261 261 261 260 260 261 263 265 264 263 262 260 260 261 261 260 261 261 260 259 258 255 253 253 254 252 250 250 250 250 250 250 249 247 246 245 244 244 243 242 243 245 246 244 241 241 242 242 242 240 239 240 240 237 232 234 237 236 238 238 232 229 230 229 231 233 232 230
272 270 269 270 271 272 276 278 278 275 270 266 265 267 270 270 269 269 268 267 268 273 280 283 274 266 261 259 258 257 257 258 261 263 264 262 261 261 261 262 261 261 261 260 259 257 256 254 252 251 249 249 249 249 249 250 250 250 249 248 247 245 244 244 243 243 243 245 246 243 241 242 243 242 241 242 243 244 241 237 233 235 237 236 237 239 234 229 227 225 225 228 228 225
274 273 271 270 271 274 278 279 277 273 269 269 272 273 273 271 268 267 266 266 267 272 280 287 282 273 266 261 259 257 257 257 258 259 259 260 261 261 262 261 261 261 261 260 257 256 254 253 252 250 247 247 248 249 250 250 250 250 249 248 247 245 244 244 243 243 243 245 245 241 239 242 244 242 239 239 242 244 241 236 235 239 240 238 237 239 237 235 234 229 226 226 223 220
274 275 276 275 274 275 277 277 274 271 271 274 278 277 274 272 268 265 264 265 266 270 277 287 287 279 272 267 264 261 260 260 259 256 256 258 260 260 260 259 259 260 260 259 257 256 255 253 252 249 247 246 247 248 249 250 250 250 250 248 246 243 241 241 242 242 243 245 244 239 237 239 241 239 236 237 238 240 236 233 236 239 240 239 239 240 240 240 242 239 236 233 228 225
273 274 277 279 277 276 275 273 272 273 276 279 282 280 275 273 270 267 265 265 266 268 272 280 287 284 278 274 270 266 265 264 261 259 259 260 260 259 258 258 258 258 258 257 257 257 255 254 251 249 248 248 247 246 248 250 250 250 249 248 245 241 238 238 239 240 242 244 243 239 237 239 238 236 235 237 239 238 233 232 239 241 238 237 237 238 238 239 240 243 245 243 241 237
274 274 276 278 279 277 275 272 273 275 279 283 287 283 276 273 271 269 267 266 267 267 268 273 282 287 282 276 272 269 268 267 264 262 263 262 261 259 258 257 257 258 258 257 257 257 255 254 252 249 249 250 248 247 249 250 250 249 249 247 245 243 241 239 239 240 243 243 241 238 239 242 241 238 236 238 240 237 232 234 242 244 239 234 233 232 232 233 231 229 230 233 236 234
274 274 275 277 277 277 275 275 276 277 280 285 289 288 279 273 272 271 270 268 268 267 267 269 274 282 283 276 273 272 270 268 266 264 263 262 260 258 257 257 257 257 257 258 258 257 255 255 253 251 251 251 249 250 252 252 252 250 249 247 247 247 246 244 244 245 244 242 239 237 240 243 243 240 238 239 240 238 233 235 240 241 240 237 236 234 232 231 227 222 222 224 227 225
275 275 276 276 276 276 276 277 278 279 281 284 289 290 283 276 274 273 274 272 269 267 267 267 269 274 278 275 272 272 271 268 266 266 264 261 259 257 257 257 257 257 257 257 257 257 257 256 254 254 255 255 253 255 256 255 254 254 252 250 251 252 252 253 255 253 250 245 239 239 242 243 241 239 238 239 241 241 237 236 237 237 237 237 240 239 237 238 233 225 226 229 229 225
276 276 276 276 276 277 278 278 279 279 281 283 288 290 286 280 278 276 276 276 273 270 268 266 267 268 269 271 271 271 269 267 267 267 265 261 259 258 259 258 257 257 256 254 254 255 255 255 255 257 261 262 261 262 263 261 258 256 255 255 257 258 261 266 268 265 259 251 243 243 244 242 240 237 235 235 236 238 237 236 235 234 233 233 235 235 236 240 235 225 230 237 235 230
276 276 277 276 277 278 278 279 279 280 281 283 286 288 287 283 282 280 277 277 276 273 269 266 264 262 262 266 269 270 269 268 267 267 264 261 261 261 261 259 258 257 255 252 252 251 249 250 254 259 263 265 266 266 268 268 264 259 255 256 260 263 269 276 278 275 270 263 256 251 247 243 241 238 233 231 232 233 233 231 233 234 233 233 233 230 234 238 231 222 231 239 237 233
276 277 277 277 278 278 278 279 279 280 281 282 284 286 285 283 283 284 281 278 276 273 270 265 261 259 261 265 268 268 268 268 268 266 263 262 262 262 262 260 258 257 255 254 254 253 248 246 249 256 260 262 263 264 268 272 270 263 254 253 258 262 266 272 277 278 277 279 279 269 254 248 246 241 236 235 237 238 235 233 235 237 236 237 236 233 236 238 233 228 236 242 241 240
277 277 278 278 279 279 279 279 280 280 281 283 285 287 284 282 282 285 284 279 275 272 268 264 261 261 263 264 265 265 265 267 268 266 265 264 261 260 259 258 258 255 254 257 258 256 255 251 248 248 252 255 256 258 261 264 267 262 253 251 255 258 260 261 262 266 271 277 286 292 275 258 252 245 241 242 245 245 242 243 245 244 242 242 240 238 241 241 237 236 245 251 250 250
277 277 278 279 279 279 279 279 280 281 282 283 286 289 287 282 281 282 283 280 275 272 268 264 263 264 265 264 263 264 266 266 266 264 264 263 260 258 256 256 256 254 254 257 257 254 255 257 253 248 248 248 248 250 250 250 252 253 249 251 254 256 256 252 249 253 260 265 272 289 297 277 262 252 246 247 247 246 247 250 251 248 248 247 245 244 246 245 243 242 247 253 253 253
278 278 278 279 279 279 280 280 280 281 282 283 285 290 291 284 279 278 278 278 276 272 269 266 265 265 265 264 263 265 266 265 261 259 259 259 260 259 256 255 255 254 255 255 253 252 252 252 254 255 252 248 247 248 246 245 245 245 245 250 254 256 254 249 247 250 254 257 261 266 282 287 277 266 256 251 247 247 250 251 248 246 248 249 250 251 250 250 252 250 247 246 246 247
278 278 279 279 280 280 280 281 281 282 282 283 285 288 291 286 280 277 276 275 273 271 270 269 267 265 264 265 266 266 264 260 255 252 253 256 258 257 255 254 255 255 256 254 252 252 252 250 252 256 257 253 249 248 246 245 245 244 243 248 252 253 251 247 247 250 252 254 255 255 260 271 276 276 270 257 251 250 252 251 248 248 249 249 249 251 251 250 253 256 252 246 243 243
279 279 279 280 280 280 281 281 282 282 282 283 284 286 287 286 282 278 275 273 271 270 270 270 268 265 265 266 267 265 261 255 251 250 252 254 256 257 256 256 256 255 255 254 253 253 255 255 253 254 256 256 253 249 247 246 246 245 245 247 250 251 248 246 248 250 251 251 250 252 254 255 258 264 267 266 262 260 258 255 255 255 253 249 246 244 244 245 249 253 254 248 245 244
279 280 280 280 281 281 281 282 282 282 282 282 283 284 285 284 281 277 274 272 271 271 270 270 268 267 265 264 264 262 258 253 251 252 255 256 257 258 258 257 256 254 253 252 253 254 256 256 255 254 255 255 255 253 250 247 246 245 246 248 250 250 249 249 251 252 252 250 249 251 249 246 246 248 250 254 257 259 258 257 256 256 254 249 244 242 241 242 246 250 249 244 245 245
280 280 281 281 281 281 282 282 282 282 282 282 283 283 283 282 280 277 275 274 273 272 270 269 268 266 265 263 262 260 256 251 250 253 256 257 257 258 256 255 253 252 252 252 254 256 256 254 254 255 254 254 256 256 254 251 248 246 245 246 247 249 251 251 252 253 251 250 251 249 245 241 243 246 245 239 237 242 246 250 252 252 250 248 244 243 242 242 246 249 246 238 240 244
281 281 281 281 282 282 282 282 282 283 283 282 282 282 282 281 279 277 276 275 273 272 271 269 268 266 264 262 261 259 255 252 252 255 257 256 256 255 254 252 250 250 251 253 255 256 255 254 253 254 254 254 254 256 256 254 252 249 245 244 244 248 251 251 252 253 252 251 251 246 240 238 241 247 247 236 229 232 237 242 245 246 247 247 244 242 240 241 246 247 241 231 233 240
281 281 282 282 283 283 283 283 282 283 283 283 282 282 282 281 279 278 276 275 274 272 271 269 267 265 263 261 259 258 257 255 256 258 258 258 256 254 252 251 251 250 251 252 254 255 255 254 253 253 254 254 253 254 254 255 254 252 246 244 244 248 251 251 253 254 252 250 246 240 236 236 241 245 245 234 225 229 233 236 237 238 241 244 242 240 238 240 244 244 237 224 227 238
282 282 282 283 283 283 283 283 283 283 284 284 282 281 281 281 280 278 277 275 274 272 270 268 266 264 261 259 259 260 260 260 261 260 258 258 257 254 253 253 252 252 251 252 254 256 254 252 253 253 254 254 253 253 253 253 253 252 247 244 245 248 252 256 258 255 250 247 242 238 236 238 243 246 242 232 225 232 235 234 234 234 236 239 240 241 241 242 243 243 236 223 227 238
282 283 283 283 284 284 284 283 283 284 284 284 283 282 281 281 280 278 277 275 274 272 270 268 265 262 258 256 259 263 264 265 264 261 258 256 255 255 256 256 255 253 252 253 256 254 250 250 252 253 254 254 254 253 252 252 252 250 246 245 247 250 255 259 259 255 250 245 241 240 241 243 248 247 239 229 230 240 241 236 234 233 231 232 236 241 244 246 247 245 234 221 228 238
283 283 284 284 284 284 284 284 284 284 284 283 283 283 281 280 279 278 277 275 274 272 270 268 264 259 253 254 259 263 265 267 267 264 259 254 252 255 258 259 257 256 256 257 256 250 248 250 251 253 253 254 255 255 254 252 249 246 246 248 252 257 259 256 250 246 242 238 237 240 245 251 253 247 234 225 233 245 247 239 235 232 228 228 231 234 235 238 245 245 232 218 225 234
284 284 284 285 285 285 285 285 285 284 284 283 283 283 282 280 279 278 276 275 274 273 271 268 263 257 250 253 258 260 262 266 269 269 263 255 251 254 258 260 259 259 260 259 255 248 246 249 251 251 250 251 254 256 257 252 243 242 245 251 259 265 263 254 245 239 234 231 233 239 248 254 252 244 229 220 230 242 248 245 240 235 229 228 230 230 226 228 238 241 231 217 222 230
285 285 285 285 286 286 286 286 285 285 284 284 283 283 282 281 279 278 277 275 274 273 271 268 264 257 253 254 256 255 256 262 267 270 269 262 256 256 258 260 260 261 261 258 253 247 245 246 249 250 247 248 250 253 255 247 235 238 246 253 261 265 263 253 245 238 231 228 233 242 250 252 247 240 226 217 228 239 243 245 246 239 234 234 234 232 225 226 234 237 231 220 221 228
286 286 286 286 286 286 287 286 286 285 284 283 283 282 282 281 280 279 277 276 275 273 271 269 265 260 258 257 254 250 251 256 262 265 268 269 263 259 260 260 259 260 259 257 253 247 245 245 246 248 245 245 247 250 250 238 228 238 248 256 261 259 253 246 242 237 230 228 238 248 251 247 241 234 224 219 230 241 243 244 248 244 241 242 242 238 232 232 235 235 231 227 226 230
286 286 286 286 287 287 287 286 286 285 284 284 283 282 282 282 281 279 278 277 275 273 271 270 268 266 265 262 255 247 246 250 254 260 268 271 265 261 261 260 258 258 254 253 250 246 245 245 246 244 240 241 243 244 242 231 225 240 250 259 263 257 247 241 239 238 231 232 245 253 254 246 238 231 223 223 232 240 244 247 250 250 248 247 246 242 239 239 237 234 231 231 232 235
287 288 288 287 287 288 288 287 286 286 285 284 283 283 282 282 281 279 278 277 275 274 272 271 270 270 270 266 257 249 248 250 253 260 268 269 263 262 262 260 258 255 250 249 246 244 246 249 249 244 238 240 241 242 239 229 229 246 255 259 260 254 245 241 241 241 236 238 250 257 257 249 241 234 224 223 228 234 241 245 248 248 250 249 245 240 239 239 237 234 232 233 236 244
288 289 289 288 288 288 289 288 287 286 285 284 283 283 282 281 280 280 279 277 276 275 273 272 272 273 272 267 258 252 253 257 259 263 266 266 263 265 264 260 257 254 250 249 247 246 250 254 253 248 246 246 244 244 240 229 233 248 258 261 257 247 239 239 244 246 241 242 252 257 254 247 243 236 225 223 224 230 237 242 242 238 243 248 248 246 244 243 241 239 238 237 238 246
289 289 289 289 289 289 289 288 287 286 286 284 284 283 282 281 280 279 279 278 276 276 274 273 274 274 273 268 259 255 259 262 262 262 264 265 267 268 265 258 255 252 251 251 250 250 254 255 252 251 252 251 249 247 241 232 235 245 254 258 255 242 232 235 244 248 245 245 250 252 248 243 241 235 225 222 222 227 235 240 239 234 238 246 249 250 251 247 244 244 243 242 241 245
290 290 290 290 289 289 289 288 287 286 286 285 284 283 282 281 280 279 279 278 277 277 276 275 274 274 274 271 266 264 264 262 260 259 261 266 271 267 261 255 253 251 250 251 251 253 256 254 251 252 253 253 252 250 244 240 242 246 249 250 249 240 227 232 241 245 248 251 251 249 244 240 238 231 224 221 221 224 231 235 233 231 236 242 243 243 245 244 241 240 240 242 244 247
291 291 291 291 290 290 290 288 287 286 286 285 283 282 281 281 280 279 278 278 277 277 277 277 276 275 274 273 273 273 270 265 261 260 259 261 266 263 256 252 250 249 249 250 252 256 256 253 253 254 254 253 253 252 250 250 252 253 250 248 246 239 226 229 238 242 246 253 257 254 246 239 236 231 226 224 223 227 231 232 229 228 231 237 240 237 238 239 237 235 236 238 242 247
293 293 293 292 291 291 290 289 287 287 286 285 284 282 281 280 280 279 278 278 277 277 277 277 277 276 275 275 275 276 275 271 267 265 261 255 253 255 253 250 248 247 248 251 253 256 255 253 254 254 253 252 251 251 252 253 254 255 254 252 249 244 232 230 236 240 244 250 259 259 250 242 238 234 232 230 228 235 240 238 232 228 230 236 240 238 236 236 233 232 233 236 240 246
294 294 294 293 292 291 290 289 287 286 285 284 283 282 281 280 280 279 278 278 277 277 277 277 277 277 277 275 275 279 281 278 273 268 261 253 246 245 247 247 247 248 250 252 254 254 253 253 254 253 252 251 250 250 251 251 250 251 252 252 251 247 239 234 236 239 243 248 254 255 248 246 244 240 236 231 228 233 241 245 240 234 232 235 239 242 237 233 232 231 233 236 240 244
296 296 295 293 292 291 290 289 287 286 285 284 283 282 281 280 280 279 278 278 277 277 276 276 277 278 279 279 281 283 283 280 274 268 261 252 243 240 244 246 248 250 252 252 254 254 252 252 251 251 253 252 249 249 251 250 247 246 247 249 249 246 242 236 237 242 247 251 251 243 240 243 245 242 233 229 227 224 233 240 240 236 233 233 237 240 234 229 232 233 234 236 240 245
297 297 296 294 292 291 289 288 287 286 285 284 283 282 281 280 280 279 278 277 277 277 276 276 277 278 280 285 287 284 280 277 272 267 260 249 238 239 245 247 249 251 252 253 253 253 252 249 246 247 251 250 247 246 249 249 244 242 242 243 242 240 237 234 235 244 252 255 248 237 236 240 240 235 226 229 228 215 224 234 233 230 230 232 238 239 231 224 229 232 233 237 245 250
298 298 296 294 292 291 289 288 287 287 285 283 282 281 281 280 279 279 278 277 277 276 276 276 277 278 281 286 286 281 277 276 272 266 258 244 234 240 245 247 250 252 254 254 252 251 251 249 245 246 249 249 244 242 244 242 237 235 236 236 234 232 232 233 235 243 253 254 245 238 241 242 239 230 223 230 228 204 214 227 226 225 230 237 242 241 234 225 225 229 229 237 249 251
300 300 297 295 292 291 289 288 287 286 284 283 283 282 280 280 279 278 278 277 277 276 276 276 276 278 280 283 283 279 277 276 273 266 255 243 240 243 245 247 249 252 255 254 252 250 249 247 245 245 248 250 246 242 241 238 233 232 235 235 232 229 231 235 236 241 250 250 243 242 244 243 241 230 225 233 225 197 205 222 222 221 228 236 241 242 237 227 223 226 228 237 246 248
301 301 298 295 293 291 290 288 287 286 285 283 283 282 280 280 279 278 278 277 277 276 276 275 276 276 278 280 281 279 277 275 272 266 254 246 247 251 251 250 249 250 250 249 251 250 246 242 240 242 248 249 246 244 244 241 237 235 239 239 235 231 232 235 236 240 245 244 242 241 238 237 237 227 227 234 220 196 202 218 223 222 226 232 236 237 231 224 224 227 230 237 242 245
