windninja/windninja_output/Output_2025-08-24_2200-2250_Google earth_Fire_150m_10min/merlingen_7.5mi_point_08-24-2025_2250_150m_ang.asc
ncols	158
nrows	163
xllcorner	391686.332397
yllcorner	5160024.123721
cellsize	150.000000
NODATA_value	-32768.000000
[rows 42 to 83 of 163, columns 0 to 93 of 158]
280 279 277 275 273 272 271 270 268 267 266 265 265 264 263 262 261 261 260 260 260 259 258 258 258 258 259 260 262 264 262 259 256 251 243 237 238 242 243 241 239 238 236 237 237 234 232 232 232 237 244 243 237 234 238 240 236 234 238 240 237 233 233 232 232 235 237 236 234 229 225 228 228 220 223 226 210 195 199 213 221 223 227 231 233 230 223 222 225 228 232 235 238 241
279 279 276 274 273 272 271 269 268 267 266 265 265 264 263 262 261 261 260 260 259 259 259 258 258 258 258 260 262 262 261 258 255 251 246 243 244 245 243 241 241 240 241 242 239 234 233 236 239 244 248 245 236 232 236 238 236 235 237 240 241 240 240 236 235 235 234 232 227 219 217 221 220 216 219 218 206 196 201 213 221 224 229 234 233 226 222 225 228 231 233 234 239 243
279 278 276 275 274 272 270 269 268 267 266 265 264 263 263 262 261 261 260 260 259 259 259 258 258 258 258 259 259 260 259 257 255 253 251 252 254 252 247 244 243 244 247 246 238 233 235 239 243 246 245 240 232 228 231 235 235 235 237 240 242 243 243 242 243 240 236 231 224 216 216 219 219 217 218 215 205 199 205 216 223 226 231 235 231 225 224 228 232 234 236 237 244 247
278 277 276 275 274 272 270 269 268 267 266 265 264 263 262 262 261 261 260 260 259 258 258 258 258 258 258 258 258 258 258 257 256 254 254 258 260 256 252 248 247 248 249 244 235 232 237 243 247 246 242 237 232 229 232 235 235 237 239 241 241 241 242 244 246 244 239 233 224 221 224 225 225 224 222 217 206 201 208 217 223 228 234 236 231 226 227 230 233 236 238 242 249 248
277 277 276 274 272 271 271 270 268 267 266 265 264 263 263 262 261 261 260 260 259 258 258 258 258 258 258 257 257 257 258 258 257 256 257 258 259 259 256 253 252 252 249 242 233 236 243 247 247 243 239 235 231 231 234 235 237 240 243 243 240 240 242 243 244 243 239 233 226 226 230 231 231 229 224 218 208 203 210 220 226 233 238 237 232 229 230 231 232 235 238 244 248 245
276 276 275 273 271 271 271 270 269 268 266 265 264 263 263 262 261 261 260 259 259 258 258 258 258 258 257 257 257 257 257 258 258 258 259 258 259 260 259 257 256 253 248 239 234 241 249 250 245 238 235 232 230 232 233 234 238 242 245 245 241 242 244 245 245 243 238 234 228 227 231 232 233 230 225 219 212 209 216 227 235 238 238 236 232 230 231 231 232 235 238 242 243 240
275 275 274 271 269 270 271 271 270 268 267 266 264 263 263 262 262 261 260 260 259 258 258 258 258 257 257 257 256 256 257 257 257 258 258 259 260 260 261 261 259 256 249 240 239 246 250 248 241 234 231 230 232 235 235 236 241 244 245 242 239 244 246 247 247 245 239 233 230 230 231 232 232 229 225 220 216 216 223 231 236 237 236 233 229 228 229 229 231 233 236 239 239 236
274 274 272 269 268 269 270 272 271 269 267 266 265 264 263 262 262 261 260 259 259 259 258 258 257 257 257 256 256 256 256 256 256 257 257 259 260 261 261 260 259 257 252 246 247 251 250 244 238 231 226 229 234 236 236 239 244 247 245 238 237 242 245 248 248 244 238 233 231 231 231 231 230 227 224 220 218 218 222 228 232 233 232 230 228 227 226 227 229 231 233 236 236 235
273 273 271 268 268 269 269 270 272 270 268 266 265 264 263 262 261 261 260 259 259 259 258 258 257 257 256 256 256 256 256 256 256 256 257 259 260 261 259 258 258 257 255 252 254 254 249 241 236 231 229 234 237 235 236 241 246 246 241 237 237 241 246 250 249 243 237 234 232 232 232 231 229 226 223 221 218 218 222 227 231 231 231 229 228 227 226 227 230 231 232 234 234 234
273 273 271 269 270 269 267 267 270 271 269 266 265 264 263 262 262 261 260 260 259 259 258 258 258 257 256 256 256 256 256 256 256 256 257 258 260 261 260 258 257 258 258 256 256 254 247 238 235 234 235 240 241 240 241 247 248 244 237 235 237 241 249 253 248 240 236 232 231 231 232 231 228 225 224 223 220 219 222 227 229 231 233 232 230 229 229 231 233 233 232 233 234 235
272 273 272 271 271 270 267 266 267 270 269 267 265 264 263 263 262 261 260 260 259 259 258 258 258 257 256 256 256 256 256 255 255 256 256 257 259 260 260 259 258 259 260 258 256 252 244 233 232 233 234 236 239 241 247 252 248 241 235 235 237 242 251 253 246 238 232 229 229 230 230 228 225 224 225 225 223 222 225 228 229 231 234 235 236 235 235 235 235 234 232 232 232 233
269 270 274 274 272 270 267 265 265 267 268 267 266 264 264 263 262 261 261 260 259 259 258 258 257 257 256 256 256 256 255 255 255 256 256 256 257 258 260 260 259 260 260 258 255 249 240 231 233 233 232 235 237 241 249 252 245 237 234 235 238 244 252 252 243 234 228 225 227 228 226 224 222 223 226 226 224 226 231 231 229 230 232 233 235 238 239 236 234 234 233 232 230 229
266 268 272 276 273 270 268 264 263 264 267 268 266 265 264 263 262 261 261 260 259 259 259 258 257 257 256 256 256 256 255 255 255 255 255 256 256 257 258 260 262 262 259 257 255 249 241 235 238 237 234 237 241 245 250 249 239 232 232 235 239 245 251 249 239 228 221 219 222 223 222 221 223 225 227 226 225 227 232 231 229 230 230 228 229 233 236 236 234 232 232 231 229 228
267 267 269 273 273 270 268 265 261 261 264 267 268 267 265 264 262 262 261 260 259 259 259 258 258 257 257 256 256 256 255 255 255 255 255 255 255 256 257 259 262 263 260 257 256 254 248 244 243 237 234 240 242 246 251 246 233 229 233 236 240 245 248 245 236 225 218 216 220 222 220 222 225 227 227 226 225 228 231 229 227 228 228 227 226 227 228 229 231 232 234 234 232 232
267 267 266 267 270 270 270 268 264 261 262 265 267 268 266 264 263 262 262 260 259 259 259 258 258 257 257 256 256 256 255 255 255 255 255 255 255 255 256 257 259 260 259 257 257 257 256 252 247 238 236 243 244 248 251 242 229 229 235 239 243 246 246 242 235 224 218 217 221 223 222 224 226 225 225 224 224 228 228 226 226 227 228 227 226 226 224 223 225 230 238 241 239 237
267 267 265 263 264 266 268 270 268 265 262 261 263 266 267 266 264 263 262 261 260 259 258 258 258 257 257 256 256 256 255 255 255 255 255 255 255 255 255 256 256 257 257 257 257 259 261 259 254 243 240 245 247 251 250 239 227 230 237 241 244 245 245 241 234 223 217 217 220 223 223 224 225 224 224 222 223 226 225 223 223 225 227 228 229 229 228 226 225 228 235 239 237 238
266 266 265 264 263 263 265 268 271 269 264 260 259 261 266 268 266 264 263 262 261 260 259 259 258 257 257 256 256 256 255 255 255 255 255 254 254 254 255 255 255 255 256 256 258 259 261 263 262 255 248 249 251 252 249 238 229 235 242 244 244 244 243 240 233 224 216 213 215 219 222 224 225 224 223 221 222 224 222 220 220 223 226 228 230 231 231 230 229 229 235 238 236 240
265 264 264 264 264 263 264 266 269 271 267 262 258 258 262 266 268 266 264 262 261 260 260 259 258 257 257 257 256 256 255 255 255 255 254 254 254 254 254 254 254 254 255 255 256 257 259 261 265 266 261 256 255 253 248 238 233 242 247 246 245 243 242 239 233 225 216 209 212 220 223 224 225 224 221 221 223 223 221 220 221 223 225 225 227 228 229 230 232 236 243 243 240 243
263 263 263 263 263 264 264 265 267 268 268 266 262 259 258 260 265 267 266 264 262 261 260 259 258 257 257 257 256 256 256 255 255 255 254 254 254 254 254 254 254 254 254 254 255 255 256 258 262 268 272 266 260 255 248 240 239 247 250 248 246 244 242 239 234 227 217 209 214 223 225 224 225 224 221 221 223 222 221 222 222 224 226 225 225 227 229 232 237 244 246 243 240 237
263 263 263 263 262 263 264 265 266 267 268 268 267 262 257 256 259 263 266 266 264 262 261 259 258 258 257 257 257 256 256 255 255 255 254 254 254 254 254 254 254 253 254 254 254 254 255 257 259 264 271 274 268 259 250 244 247 251 251 249 247 245 243 240 235 228 219 211 218 225 225 225 226 224 222 222 223 222 221 222 222 225 227 228 228 230 233 237 243 247 244 239 236 231
263 263 263 263 263 263 263 265 265 266 267 269 269 266 260 256 255 258 262 265 265 264 261 260 258 258 258 258 257 256 256 255 255 255 254 254 254 254 254 253 253 253 253 253 254 254 255 256 257 260 266 272 271 263 253 249 253 254 253 250 248 245 243 239 235 229 219 214 221 225 225 226 227 224 221 221 222 221 221 221 222 225 227 230 231 235 241 246 248 246 239 237 234 229
263 264 264 265 265 265 265 264 264 264 266 268 269 268 265 260 256 255 257 260 263 264 263 261 259 258 258 258 257 257 256 256 255 255 254 254 254 254 253 253 253 253 253 253 253 254 254 255 256 258 262 268 269 264 255 251 254 254 253 250 246 243 240 239 238 233 223 221 224 225 224 226 227 223 220 220 220 220 219 219 222 224 226 230 232 238 247 251 250 244 236 234 232 229
263 264 265 265 266 267 266 265 264 264 264 267 269 269 267 264 259 255 253 255 259 261 263 262 260 259 259 258 257 257 257 256 255 255 255 254 254 254 253 253 253 253 253 253 253 253 254 254 255 257 260 265 268 265 259 254 254 253 252 250 245 240 238 242 245 240 231 227 226 224 224 226 227 223 218 218 218 216 214 216 219 222 226 230 234 243 248 248 245 236 231 231 229 229
261 261 263 265 265 266 266 265 265 265 265 266 269 269 267 267 264 258 254 253 255 257 259 262 262 260 259 258 257 257 257 256 256 255 255 254 254 254 253 253 253 253 253 253 253 253 253 254 254 256 258 262 266 267 265 263 257 253 250 249 243 236 237 241 241 237 230 227 225 225 224 227 228 222 217 215 215 213 211 215 220 224 228 231 237 246 248 243 235 228 227 228 228 230
256 256 258 262 264 265 265 263 263 264 266 266 267 269 269 267 265 263 258 254 252 252 254 258 260 261 260 259 258 257 257 256 256 255 255 254 254 254 253 253 253 253 253 253 253 253 253 253 254 255 257 259 263 265 268 272 267 258 251 247 238 230 235 238 236 232 228 226 226 226 226 229 228 221 216 214 213 211 210 215 221 224 227 229 236 243 242 236 229 226 225 225 227 229
249 250 252 254 259 265 264 260 260 263 266 266 264 266 268 267 265 264 263 259 254 250 251 253 256 259 260 260 260 259 258 257 256 256 255 255 254 254 253 253 253 253 253 252 252 253 253 253 253 254 255 257 259 262 266 272 274 268 258 250 239 232 238 240 237 232 228 226 227 228 227 230 228 222 216 213 211 209 208 213 218 222 226 229 238 244 240 231 227 225 223 224 227 229
246 249 249 249 252 257 256 253 256 261 264 263 263 262 263 265 265 265 265 263 258 254 252 250 250 252 255 259 261 261 260 259 257 256 256 255 254 254 254 253 253 253 252 252 252 252 252 253 253 253 254 255 256 258 261 265 269 270 265 257 249 246 250 248 242 234 230 228 227 227 227 230 230 224 218 215 211 207 206 213 219 225 231 235 247 249 239 227 226 224 223 224 227 229
257 262 261 256 255 253 248 246 252 256 257 255 255 255 255 257 260 263 264 263 261 259 256 253 249 245 249 256 260 262 262 261 259 258 256 255 255 254 254 253 253 253 252 252 252 252 252 252 253 253 253 254 255 256 257 259 261 263 264 261 258 259 262 258 250 242 236 232 229 226 227 231 232 224 217 216 213 209 208 216 225 232 237 243 255 252 235 226 224 222 222 223 226 228
263 269 274 273 268 261 254 254 258 258 255 251 249 249 249 250 252 256 259 261 261 260 259 258 251 244 248 253 256 259 261 262 261 260 258 256 255 255 254 254 253 253 252 252 252 252 252 252 252 252 253 253 254 254 255 256 257 257 258 258 258 261 265 265 262 258 251 243 236 230 229 233 232 222 217 217 216 212 211 220 230 237 241 250 257 249 231 224 223 222 221 222 224 224
262 267 274 277 275 270 268 271 272 266 259 256 255 253 251 251 251 252 253 255 257 259 260 259 253 247 248 250 251 253 256 259 262 262 259 258 256 255 254 254 253 253 253 252 252 252 252 252 252 252 252 252 253 253 253 254 254 254 254 255 255 257 260 262 264 266 265 259 252 243 238 237 233 222 217 219 218 215 214 224 234 240 247 256 254 239 225 222 222 223 222 222 223 221
263 266 271 274 274 273 273 277 277 270 263 262 263 261 259 258 257 255 253 251 252 255 257 257 254 252 252 250 248 249 251 254 257 261 261 259 258 256 255 254 253 253 253 252 252 252 252 252 252 252 252 252 252 252 252 252 252 252 252 253 253 253 255 256 258 260 262 264 263 262 259 251 240 228 222 224 224 220 217 226 237 245 253 257 248 228 219 221 224 224 223 224 225 224
264 267 271 273 273 274 274 276 275 270 265 264 264 264 263 262 262 261 258 255 253 253 254 254 254 253 254 253 250 249 249 250 252 256 259 260 258 257 256 254 254 253 253 252 252 252 252 252 252 251 251 251 251 252 252 251 251 251 251 251 251 252 252 252 253 253 255 257 261 266 269 266 255 240 233 232 230 225 220 227 239 250 256 253 237 223 219 221 225 225 222 223 227 230
264 267 272 275 276 275 276 275 273 271 269 267 265 264 264 264 263 262 261 260 259 257 255 254 253 253 254 253 251 250 249 249 250 252 254 256 257 257 256 255 254 253 253 252 252 252 252 252 251 251 251 251 251 251 251 251 251 251 250 250 250 250 250 250 250 250 251 253 255 257 260 262 259 250 241 237 232 226 221 228 243 252 253 243 228 221 221 223 226 225 223 220 220 229
264 267 272 277 279 278 278 277 274 273 271 270 268 267 266 265 264 263 262 262 261 260 258 256 255 255 255 255 253 251 250 249 250 251 252 254 255 256 257 256 254 253 253 252 252 252 252 252 251 251 251 251 251 251 251 250 250 250 250 250 250 249 249 249 249 249 250 250 251 251 251 252 253 252 249 243 233 224 222 232 247 251 246 234 223 219 221 224 226 229 231 224 222 235
264 266 271 277 282 283 282 281 278 275 274 272 270 269 268 267 266 264 263 262 261 260 259 258 256 255 257 258 256 252 250 250 250 251 253 254 255 257 257 256 255 254 253 252 252 252 252 252 252 251 251 251 251 251 250 250 250 250 249 249 249 249 249 248 248 248 248 248 248 248 247 248 249 250 251 248 237 224 224 240 251 249 241 231 226 225 227 229 231 237 241 239 242 245
264 265 267 273 281 286 287 285 283 280 278 275 272 271 270 269 267 266 264 263 261 260 260 258 255 253 257 260 260 256 252 250 250 250 252 253 255 256 257 256 255 254 253 252 252 252 252 252 252 252 252 251 251 251 250 250 250 249 249 249 249 248 248 248 248 248 248 247 247 247 246 246 246 247 248 248 242 229 231 248 251 244 236 233 232 236 238 237 237 240 239 237 241 243
265 263 259 266 280 288 290 290 289 287 283 278 274 272 271 270 269 267 266 264 262 261 261 259 254 252 256 259 260 258 253 250 249 250 250 251 252 253 255 257 256 254 253 253 252 252 252 252 252 252 252 252 251 251 250 250 249 249 249 248 248 248 248 248 247 247 247 247 246 246 246 245 245 245 245 245 243 236 242 252 248 236 230 230 229 230 233 233 234 234 234 234 237 238
262 257 250 256 271 286 293 295 294 294 288 280 276 273 271 270 269 268 267 264 263 262 261 259 255 253 255 256 258 257 254 252 250 250 251 250 249 249 252 255 256 255 254 254 254 253 253 254 254 254 253 253 252 251 250 250 249 249 249 248 248 248 247 247 247 247 247 246 246 245 245 244 244 244 243 243 241 241 247 250 241 228 224 223 222 222 225 230 235 236 236 236 237 236
255 251 248 254 264 279 294 297 295 295 290 281 276 273 272 270 269 268 267 265 264 263 262 260 257 256 256 256 255 255 256 255 252 249 249 249 248 247 248 251 253 254 255 255 255 255 255 255 256 256 256 254 253 252 251 250 249 249 248 248 248 248 247 247 247 247 246 246 245 245 244 244 244 243 242 241 240 240 243 242 230 221 219 218 219 223 230 237 239 240 239 239 238 235
251 254 258 264 274 279 282 285 287 287 284 278 274 272 271 270 269 268 267 266 265 263 262 261 258 259 259 258 255 255 256 257 254 251 248 246 245 246 247 247 247 249 252 254 256 257 257 257 259 262 261 258 255 252 251 250 249 249 249 248 248 247 247 247 247 246 246 246 245 245 244 244 243 243 242 241 240 237 235 228 215 213 217 219 221 229 241 243 240 239 239 238 238 235
263 265 270 278 282 275 264 263 267 269 271 271 271 270 269 269 268 268 268 267 267 265 263 262 259 260 261 259 257 256 257 258 258 256 253 248 246 245 247 246 244 243 245 247 250 252 253 253 255 258 260 260 257 254 251 250 249 249 249 248 248 248 247 247 246 246 246 245 245 244 244 243 243 242 242 241 239 236 232 220 203 205 215 221 227 241 245 244 241 239 238 236 236 233
268 271 275 277 273 263 258 255 254 256 260 266 268 268 268 267 267 268 268 269 269 267 265 263 262 261 261 259 257 256 256 256 257 257 257 255 251 249 248 247 245 243 243 243 243 244 244 245 247 248 248 250 253 252 251 250 249 249 249 248 248 248 247 247 246 246 246 245 245 244 244 243 243 243 242 241 239 236 232 220 196 196 210 220 237 248 249 245 243 241 240 238 236 234
