windninja/windninja_output/Output_2025-08-24_2200-2250_Google earth_Fire_150m_10min/merlingen_7.5mi_point_08-24-2025_2220_150m_ang.asc
ncols	158
nrows	163
xllcorner	391686.332397
yllcorner	5160024.123721
cellsize	150.000000
NODATA_value	-32768.000000
[rows 0 to 41 of 163, columns 0 to 93 of 158]
284 283 282 283 284 286 287 283 280 281 279 272 256 245 247 256 266 271 274 283 291 285 271 268 272 277 277 271 267 268 267 265 265 264 262 265 269 269 269 267 263 262 263 264 267 270 273 275 272 269 267 266 265 265 264 261 259 258 259 260 258 255 253 251 247 245 245 249 253 256 255 252 250 247 246 247 247 249 251 250 248 244 243 246 248 246 241 240 241 238 236 237 236 233
286 285 285 285 285 285 285 283 281 281 280 274 261 252 254 261 269 275 280 285 290 289 280 274 273 275 275 273 271 269 268 267 266 266 266 267 268 269 270 269 267 266 265 267 269 270 272 274 274 272 269 268 266 264 262 260 259 259 259 259 258 256 255 253 250 249 249 251 254 255 254 252 250 249 249 248 247 248 250 250 247 245 245 246 247 246 243 241 242 240 240 240 239 237
289 287 287 287 286 284 282 282 283 284 285 283 275 268 266 269 275 280 284 285 287 293 292 283 275 273 274 275 274 271 270 269 269 270 271 271 270 270 271 271 271 271 270 271 272 272 272 272 273 273 271 269 266 263 262 262 261 261 260 258 258 258 257 255 254 253 253 253 255 255 253 252 252 252 251 249 246 248 250 248 243 244 247 245 245 247 243 241 241 241 243 244 242 240
290 287 287 288 286 287 287 287 290 291 292 291 286 280 277 277 279 281 282 282 284 289 295 291 281 275 274 274 274 272 271 271 272 274 275 274 273 271 271 273 274 274 274 275 274 274 273 271 268 269 269 267 264 262 262 263 263 262 261 259 258 258 257 256 255 255 255 255 256 254 252 252 253 253 252 250 249 250 250 246 242 243 245 244 246 247 242 239 239 238 240 242 242 239
291 288 287 287 287 289 292 293 293 293 291 293 291 286 284 281 280 280 280 278 279 285 294 297 288 281 278 276 275 274 273 272 274 276 277 275 274 273 275 276 277 277 277 277 275 274 272 270 268 267 265 264 263 262 262 262 263 262 262 261 260 258 257 257 256 256 256 256 257 254 252 253 254 253 252 252 254 254 251 246 243 244 246 245 247 248 245 242 240 237 236 238 239 237
291 290 288 288 288 291 293 293 292 290 289 293 296 290 286 282 278 277 276 276 277 282 292 300 295 288 282 279 277 276 275 275 275 275 275 275 276 277 278 278 279 279 278 276 274 271 270 269 268 265 262 261 262 262 262 262 263 263 263 262 260 258 257 257 257 256 256 257 256 253 251 253 255 254 251 250 253 255 252 246 244 248 250 248 247 248 248 249 249 244 239 239 236 234
290 290 291 290 290 291 292 291 289 288 291 295 299 294 286 282 279 275 275 276 277 280 288 298 299 292 286 282 281 279 278 277 276 274 274 276 279 279 278 277 277 277 275 273 271 270 269 268 266 264 261 260 261 261 262 263 263 264 264 263 261 259 257 256 256 256 257 258 256 252 250 252 254 253 250 249 250 251 248 243 246 250 251 250 249 249 250 253 257 256 253 249 243 240
289 290 291 292 291 290 288 287 287 289 293 298 302 296 287 283 281 278 277 277 278 279 284 292 298 296 291 287 285 282 280 279 277 275 275 277 278 277 275 274 273 273 272 271 270 270 269 267 266 263 262 262 261 260 261 263 264 265 265 265 263 260 256 254 254 255 257 258 256 253 252 253 252 250 250 250 251 249 243 242 249 252 251 249 248 248 249 251 255 260 262 260 255 251
289 289 290 291 291 289 286 285 287 290 295 300 304 300 289 284 283 281 279 278 279 279 282 287 296 301 296 290 287 284 282 281 278 276 276 276 275 273 272 270 270 270 270 270 270 270 268 267 266 264 264 264 263 261 262 264 265 266 265 264 262 260 258 255 253 254 257 258 255 252 254 255 253 250 250 251 251 248 242 245 252 255 254 250 248 247 246 247 248 249 252 253 254 252
289 289 289 290 290 289 287 287 289 292 295 300 304 302 292 285 283 284 283 281 281 280 281 285 291 299 299 292 289 287 283 282 280 278 276 274 272 271 269 268 268 269 269 270 269 269 268 267 267 266 265 264 263 265 266 266 266 265 263 261 260 261 261 258 258 258 259 258 254 251 252 255 254 252 250 250 251 248 244 248 252 254 255 255 253 251 248 249 247 242 241 243 247 246
290 290 289 290 290 290 289 290 292 293 295 299 303 303 295 287 285 285 286 285 283 282 282 284 288 293 298 293 289 288 284 280 280 278 275 272 270 269 269 269 269 269 269 269 268 268 268 267 266 266 267 266 266 268 268 266 264 264 261 259 260 261 262 264 267 266 263 259 253 251 253 255 254 252 250 250 251 253 253 252 252 251 252 254 258 258 256 256 252 243 242 246 248 244
290 290 290 290 290 290 291 292 292 294 295 297 301 303 297 291 288 287 287 287 285 283 282 282 285 288 291 289 286 285 281 278 278 278 275 272 269 269 270 270 269 268 268 266 265 265 265 264 263 264 268 269 268 268 268 266 263 261 260 259 260 262 266 272 274 272 268 261 255 256 256 255 253 252 249 248 250 253 257 257 253 250 248 250 256 257 257 257 253 244 246 251 250 247
290 290 290 290 291 291 292 292 292 293 295 297 299 301 297 292 291 290 288 288 287 285 282 280 279 278 279 282 283 282 280 278 278 277 274 271 271 272 272 271 269 268 266 264 263 261 257 256 258 263 267 268 268 268 269 269 266 261 257 257 260 264 270 277 280 278 274 270 268 265 261 256 255 254 252 251 250 252 253 253 253 252 250 252 253 252 253 254 249 241 247 251 250 248
290 290 291 291 291 292 292 292 292 293 294 296 298 300 296 291 290 292 290 288 286 284 280 276 273 273 276 279 281 280 279 278 278 276 274 272 272 273 272 271 269 266 263 261 261 258 254 251 254 260 264 265 265 266 269 272 270 264 256 255 261 266 271 276 279 279 278 280 284 280 268 262 260 259 258 257 257 256 253 251 254 256 255 255 252 250 252 252 247 243 250 253 251 251
290 290 291 291 292 292 292 292 293 293 294 296 299 301 297 291 290 292 292 288 284 282 278 274 272 273 277 278 279 278 276 277 278 277 276 275 272 270 268 266 264 260 257 259 261 259 259 258 255 255 259 262 262 263 266 269 271 268 260 258 263 267 270 271 271 273 277 282 289 295 286 273 267 263 260 261 262 259 256 257 261 262 260 257 253 251 253 252 246 246 254 257 255 256
290 291 291 291 292 292 292 292 292 293 294 296 299 303 300 293 291 291 292 288 284 281 278 275 274 276 279 278 277 277 278 279 278 277 275 272 268 265 261 259 259 257 257 261 263 261 262 265 262 257 258 260 262 264 264 263 265 267 264 264 266 269 270 268 264 267 273 276 282 295 301 287 275 267 263 264 263 259 259 263 266 264 261 259 255 253 253 252 249 248 253 257 257 257
291 291 291 292 292 292 292 293 293 293 294 296 298 302 302 294 290 288 289 288 286 283 280 278 277 277 279 279 278 279 280 278 273 269 265 264 264 262 260 259 260 261 264 264 263 262 262 263 266 267 265 263 265 265 263 259 259 262 266 267 268 270 269 266 263 264 268 273 276 282 294 293 284 278 273 267 262 261 264 265 262 259 259 257 256 256 254 253 255 255 253 253 252 253
291 291 291 292 292 292 293 293 293 294 294 295 296 299 300 295 289 287 286 286 284 282 280 280 278 276 276 279 280 278 276 270 264 259 259 262 264 264 264 264 265 266 267 265 263 264 264 264 267 272 272 269 266 264 262 260 259 261 265 268 268 268 266 264 265 265 267 270 271 272 278 287 287 286 283 274 267 266 266 262 258 257 257 255 254 255 255 253 258 262 260 253 250 250
291 292 292 292 292 293 293 293 294 294 294 294 295 297 297 295 290 286 284 282 281 280 280 280 277 275 275 277 278 275 270 264 259 258 261 263 265 267 267 267 267 266 266 265 264 265 268 271 270 270 271 271 268 265 263 263 262 262 264 267 267 265 264 264 266 267 266 266 266 269 273 278 279 281 282 280 275 270 265 261 260 260 259 255 251 250 251 252 256 261 264 258 254 252
292 292 292 293 293 293 293 293 294 294 293 294 294 295 295 293 289 285 283 281 281 281 280 280 278 277 276 275 275 273 268 262 260 261 263 265 266 268 269 269 269 267 266 265 266 268 271 273 271 269 268 270 271 269 268 266 264 262 263 265 265 263 264 266 267 268 266 264 266 270 272 272 270 270 272 273 271 266 263 261 262 262 262 258 253 250 249 250 254 258 260 257 255 254
292 293 293 293 293 293 293 293 293 294 294 293 294 294 293 292 289 286 284 284 283 282 281 281 280 278 276 275 273 272 268 263 261 264 267 269 270 272 273 271 269 267 266 266 269 271 271 270 270 269 268 269 272 274 272 269 266 263 262 262 262 262 264 267 268 269 268 267 269 270 267 264 264 265 267 263 257 255 257 259 261 262 261 259 256 253 250 250 253 258 258 253 252 253
293 293 293 293 293 294 294 293 293 294 294 293 293 293 292 291 289 288 286 285 284 283 282 281 280 277 276 274 273 271 269 266 266 270 273 273 272 272 271 269 267 266 266 268 270 270 269 270 270 270 270 270 271 273 274 272 269 266 262 259 259 261 265 267 269 271 272 271 270 267 260 257 259 264 266 262 253 250 251 254 257 258 258 259 258 254 250 250 255 257 254 247 246 250
293 293 293 294 294 294 294 294 293 294 294 294 293 293 292 291 290 288 287 286 285 284 283 281 280 278 276 273 272 272 272 273 274 274 274 273 271 268 267 267 266 266 266 267 268 270 271 272 271 271 270 270 270 271 273 273 272 270 265 259 259 262 265 268 272 275 275 272 266 258 253 253 256 261 265 264 257 251 250 249 249 249 253 256 257 255 251 252 254 255 251 239 240 248
293 293 294 294 294 294 294 294 293 294 294 294 293 292 292 291 291 289 288 287 286 285 283 282 280 277 274 271 271 272 275 278 277 274 271 270 269 266 266 268 269 268 267 266 269 273 272 271 271 271 270 270 269 270 272 273 272 271 267 261 260 262 266 272 278 278 274 268 259 252 250 252 258 263 263 260 257 258 255 249 246 245 248 251 254 257 258 256 255 253 248 236 240 249
294 294 294 294 294 294 294 294 294 294 294 294 293 292 292 292 291 290 288 287 286 285 283 282 280 276 272 268 270 274 277 279 278 274 270 268 267 267 269 271 271 270 269 270 273 273 269 268 269 270 270 270 271 271 272 272 272 270 267 264 262 264 270 276 279 276 269 260 253 250 252 257 264 265 260 252 255 264 262 254 248 245 243 244 248 255 260 260 258 255 246 233 240 248
294 294 295 295 295 295 295 294 294 294 294 294 294 293 292 291 291 290 288 287 286 285 284 282 280 275 269 266 270 274 278 279 280 278 273 268 266 267 272 274 274 274 274 275 273 268 265 267 268 270 270 270 271 272 273 273 270 266 264 266 268 273 276 275 271 266 260 252 247 249 256 266 270 266 254 243 251 265 270 262 253 247 241 240 243 248 252 254 257 256 246 231 237 245
295 295 295 295 295 295 295 295 294 294 294 294 293 293 292 291 290 289 288 287 286 286 285 283 280 275 269 268 270 272 275 278 281 281 277 271 266 268 272 276 277 278 279 276 272 268 265 267 269 270 268 268 270 273 276 275 267 261 263 269 276 280 280 273 263 256 250 244 244 250 262 270 271 264 251 238 246 258 270 273 263 253 245 242 243 244 241 243 250 253 246 233 236 241
295 295 295 296 295 296 296 295 295 294 294 293 293 292 292 291 290 290 289 288 287 287 286 285 282 279 275 272 271 270 271 275 280 282 281 277 272 270 273 277 279 280 281 278 274 271 268 266 268 270 268 267 269 272 276 276 262 259 266 274 278 280 278 269 260 252 244 240 246 256 265 268 266 260 248 237 245 254 262 273 272 261 253 251 249 245 238 238 245 247 245 239 240 241
296 296 296 296 296 296 296 295 295 294 293 293 292 292 292 292 291 290 289 288 288 287 286 286 285 285 283 279 273 269 268 272 277 281 283 286 282 276 276 280 282 282 282 280 278 274 270 267 266 269 270 268 268 270 272 271 262 263 269 276 279 276 270 263 257 251 243 242 254 263 266 264 259 254 245 241 249 254 257 264 273 270 262 259 256 249 243 243 245 244 242 243 247 247
297 296 296 296 296 296 296 295 295 294 294 293 292 292 292 292 291 291 290 289 288 287 287 287 288 290 290 285 277 270 267 268 272 279 288 295 292 282 280 283 285 284 282 280 278 276 273 271 269 269 269 267 266 265 265 262 262 266 269 275 278 273 262 255 253 251 246 248 260 268 268 262 254 248 242 245 253 254 255 260 271 276 270 263 258 253 250 250 248 244 241 242 249 254
297 297 297 297 296 296 296 296 295 294 294 293 292 292 292 292 292 291 290 289 288 288 288 288 290 293 293 287 279 271 267 266 271 280 290 300 297 287 283 285 286 284 281 277 275 275 275 276 274 269 266 265 263 260 258 253 256 267 271 272 273 268 258 251 252 254 253 256 263 269 270 262 254 249 244 246 249 250 252 257 265 273 272 265 259 254 253 252 249 244 241 242 247 258
298 298 298 297 296 297 297 296 295 295 294 293 292 292 292 291 291 291 290 290 289 289 289 289 292 294 294 290 282 273 270 273 277 281 287 298 297 289 285 284 282 280 277 274 272 273 275 276 273 268 266 265 262 259 255 247 253 266 272 272 269 261 251 249 254 260 261 261 264 267 266 260 257 255 250 246 245 247 250 254 258 261 266 266 263 260 258 255 251 248 246 244 246 255
298 298 299 298 297 297 297 296 295 295 294 293 293 292 292 291 291 290 291 290 290 290 290 291 292 294 295 294 290 284 281 281 280 278 281 294 297 288 284 280 276 274 273 272 271 272 274 273 268 266 266 266 264 261 254 249 255 262 267 269 266 257 246 247 255 262 267 266 264 263 261 259 261 259 252 247 244 246 250 253 252 250 257 263 264 263 262 257 253 251 250 248 248 253
299 299 299 298 297 297 297 296 295 295 294 293 293 292 291 291 291 291 291 290 290 291 292 292 293 295 296 296 297 293 287 282 278 274 276 290 297 287 280 276 273 271 270 270 269 271 271 268 265 266 266 266 266 263 258 256 262 263 262 262 261 257 246 247 254 259 267 272 267 262 260 260 260 256 250 248 246 247 248 248 245 243 250 258 261 258 257 255 251 249 248 249 251 255
300 300 300 299 298 298 298 296 295 294 294 293 292 292 291 291 291 291 290 290 290 291 292 293 293 294 296 298 300 296 288 282 278 276 276 284 294 285 276 273 270 267 266 266 267 270 269 266 266 267 266 266 266 264 263 264 268 268 262 259 258 256 251 250 252 255 261 271 274 269 263 258 255 252 250 251 252 253 251 245 240 238 243 251 257 254 251 251 249 246 245 247 252 257
301 301 301 299 299 299 298 297 295 295 294 293 293 292 291 291 291 290 290 290 291 291 292 293 293 294 296 298 299 295 290 287 284 282 278 277 281 279 272 268 264 261 262 264 267 269 269 267 268 268 266 265 265 265 266 268 269 269 266 261 259 258 258 256 253 252 257 266 276 276 267 257 253 251 253 255 255 257 257 251 244 239 240 246 252 254 251 248 246 245 245 247 251 255
303 302 301 300 299 299 298 297 296 294 294 293 293 292 291 291 291 290 290 291 291 291 291 292 293 295 297 299 299 297 296 294 290 284 277 271 268 267 264 261 260 261 263 266 268 269 269 269 269 268 267 266 266 267 269 268 266 266 265 263 261 260 261 262 256 253 256 263 271 272 263 258 256 256 256 255 252 252 255 259 254 245 241 243 248 255 255 248 245 246 247 248 250 254
304 304 302 301 299 298 298 297 295 294 294 293 293 292 292 291 291 291 291 290 290 291 291 292 293 295 298 302 303 300 299 296 289 282 274 268 261 255 256 259 261 264 267 268 269 270 269 270 268 267 269 270 268 268 269 269 266 263 262 262 261 260 261 264 261 258 259 263 265 259 253 255 259 260 256 250 250 246 249 255 255 249 243 241 246 252 253 248 247 248 249 249 251 255
305 305 303 301 300 298 297 296 295 295 294 294 293 292 291 291 291 291 291 290 290 291 291 292 293 295 299 305 304 298 295 292 287 281 274 265 253 251 257 261 264 268 270 270 270 271 272 271 268 267 270 272 270 267 268 270 267 263 261 260 258 255 255 258 261 262 264 265 260 250 251 257 260 256 246 248 252 243 242 247 249 246 243 242 248 250 247 245 247 248 248 250 256 260
306 305 303 301 300 299 297 296 296 296 294 293 293 292 291 291 291 291 290 290 290 291 291 291 292 295 299 303 301 294 290 289 287 281 273 261 250 256 260 263 267 270 273 274 273 271 272 272 270 268 269 272 273 269 268 269 268 263 260 257 253 247 246 250 257 261 264 264 256 252 259 263 259 248 240 250 254 235 235 241 239 239 243 248 252 251 248 245 245 245 243 249 259 260
307 306 304 302 300 299 298 297 296 296 294 293 293 293 292 292 291 291 291 291 290 291 291 291 292 294 297 298 297 292 289 289 287 281 271 260 259 263 263 265 268 272 276 277 275 272 272 273 273 269 269 273 278 276 269 265 264 262 259 255 249 242 241 247 255 259 262 260 256 259 264 261 256 246 243 254 253 225 229 237 233 232 240 248 252 253 251 246 243 243 242 249 255 256
309 308 306 304 301 300 299 298 296 296 295 294 294 293 292 292 291 291 291 291 291 291 291 291 291 292 294 295 295 293 289 288 286 282 274 268 269 271 272 272 273 274 275 275 276 276 274 272 271 270 270 273 277 277 270 264 260 259 257 254 248 242 243 247 251 258 259 258 258 260 256 252 252 248 250 256 247 217 223 233 234 233 238 244 249 250 246 240 240 243 245 248 249 251
