windninja/windninja_output/Output_2025-08-24_2200-2250_Google earth_Fire_150m_10min/merlingen_7.5mi_point_08-24-2025_2240_150m_vel.asc
ncols	158
nrows	163
xllcorner	391686.332397
yllcorner	5160024.123721
cellsize	150.000000
NODATA_value	-32768.000000
[rows 76 to 113 of 163, columns 0 to 83 of 158]
0.83 0.83 0.82 0.77 0.77 0.83 0.82 0.79 0.79 0.78 0.77 0.77 0.77 0.77 0.77 0.78 0.77 0.77 0.78 0.79 0.80 0.81 0.82 0.82 0.78 0.70 0.73 0.82 0.88 0.97 1.05 1.05 1.04 1.05 1.00 0.89 0.84 0.84 0.82 0.81 0.81 0.84 0.86 0.87 0.88 0.89 0.90 0.90 0.90 0.90 0.90 0.90 0.90 0.90 0.90 0.90 0.89 0.89 0.89 0.88 0.88 0.87 0.86 0.84 0.83 0.81 0.79 0.77 0.74 0.71 0.67 0.62 0.55 0.45 0.37 0.37 0.39 0.47 0.60 0.77 1.00 1.22 1.41 1.39
0.81 0.83 0.85 0.84 0.84 0.86 0.82 0.79 0.80 0.79 0.78 0.76 0.77 0.78 0.78 0.78 0.77 0.76 0.77 0.79 0.79 0.80 0.81 0.81 0.76 0.71 0.77 0.83 0.84 0.88 0.99 1.06 1.06 1.07 1.08 0.95 0.88 0.86 0.83 0.80 0.80 0.82 0.86 0.87 0.89 0.90 0.90 0.90 0.91 0.91 0.91 0.91 0.91 0.90 0.90 0.90 0.90 0.90 0.90 0.90 0.89 0.88 0.87 0.86 0.85 0.84 0.82 0.80 0.77 0.74 0.71 0.67 0.61 0.53 0.43 0.36 0.31 0.34 0.45 0.73 1.00 1.11 1.24 1.31
0.78 0.74 0.81 0.98 0.99 0.90 0.83 0.82 0.84 0.83 0.78 0.75 0.77 0.79 0.78 0.77 0.77 0.76 0.76 0.77 0.78 0.79 0.81 0.79 0.71 0.72 0.84 0.86 0.83 0.81 0.88 1.03 1.07 1.09 1.12 1.03 0.93 0.89 0.87 0.82 0.78 0.80 0.85 0.87 0.89 0.90 0.91 0.91 0.91 0.91 0.91 0.91 0.91 0.91 0.91 0.91 0.91 0.91 0.91 0.91 0.90 0.90 0.89 0.88 0.87 0.86 0.84 0.82 0.80 0.77 0.74 0.71 0.66 0.60 0.51 0.41 0.32 0.27 0.34 0.64 0.94 1.03 1.15 1.33
0.66 0.60 0.75 1.14 1.29 1.14 0.94 0.88 0.91 0.85 0.74 0.72 0.76 0.78 0.77 0.77 0.77 0.76 0.74 0.75 0.77 0.79 0.81 0.76 0.67 0.72 0.87 0.90 0.85 0.78 0.80 0.95 1.05 1.10 1.14 1.08 0.98 0.93 0.93 0.87 0.77 0.77 0.83 0.87 0.89 0.90 0.91 0.92 0.92 0.92 0.91 0.91 0.91 0.91 0.91 0.91 0.91 0.92 0.92 0.92 0.91 0.91 0.90 0.90 0.89 0.87 0.86 0.84 0.82 0.80 0.76 0.74 0.70 0.65 0.58 0.49 0.38 0.29 0.30 0.54 0.82 0.96 1.12 1.34
0.48 0.51 0.75 1.11 1.46 1.48 1.12 0.92 0.91 0.80 0.68 0.68 0.74 0.77 0.76 0.76 0.77 0.75 0.72 0.73 0.77 0.79 0.80 0.75 0.65 0.70 0.86 0.92 0.88 0.79 0.78 0.88 0.98 1.07 1.15 1.11 1.00 0.97 1.00 0.96 0.82 0.76 0.83 0.86 0.88 0.90 0.92 0.93 0.93 0.92 0.90 0.89 0.89 0.90 0.90 0.91 0.92 0.92 0.92 0.92 0.92 0.92 0.91 0.91 0.90 0.89 0.88 0.86 0.84 0.82 0.79 0.76 0.74 0.69 0.63 0.56 0.46 0.36 0.33 0.45 0.67 0.88 1.05 1.23
0.31 0.49 0.83 1.19 1.60 1.48 0.96 0.79 0.79 0.70 0.61 0.62 0.71 0.75 0.75 0.75 0.75 0.74 0.71 0.72 0.76 0.78 0.80 0.75 0.65 0.69 0.84 0.89 0.89 0.83 0.80 0.85 0.90 0.99 1.11 1.15 1.06 0.99 1.02 1.03 0.92 0.82 0.85 0.88 0.89 0.91 0.91 0.93 0.97 0.94 0.87 0.85 0.86 0.88 0.89 0.91 0.92 0.92 0.93 0.93 0.93 0.93 0.92 0.92 0.91 0.90 0.89 0.88 0.86 0.84 0.81 0.79 0.76 0.73 0.68 0.61 0.53 0.44 0.39 0.42 0.55 0.77 0.97 1.08
0.45 0.64 1.01 1.49 1.59 1.12 0.70 0.60 0.58 0.55 0.52 0.57 0.67 0.73 0.74 0.73 0.74 0.74 0.72 0.72 0.74 0.77 0.79 0.74 0.65 0.70 0.83 0.86 0.87 0.86 0.84 0.84 0.85 0.90 1.00 1.09 1.10 1.05 1.03 1.03 0.98 0.91 0.91 0.94 0.95 0.95 0.93 0.95 1.03 1.00 0.89 0.82 0.81 0.83 0.87 0.90 0.92 0.93 0.93 0.93 0.94 0.94 0.93 0.93 0.92 0.92 0.91 0.89 0.88 0.86 0.83 0.81 0.79 0.76 0.71 0.66 0.59 0.51 0.44 0.42 0.47 0.63 0.87 1.02
1.17 1.09 1.22 1.40 1.22 0.87 0.65 0.53 0.48 0.46 0.47 0.55 0.64 0.70 0.73 0.72 0.73 0.75 0.73 0.73 0.75 0.76 0.78 0.74 0.66 0.71 0.82 0.84 0.84 0.86 0.86 0.85 0.85 0.88 0.93 0.99 1.06 1.06 1.05 1.02 0.98 0.95 0.94 0.97 1.01 1.02 1.01 1.01 1.07 1.09 1.01 0.90 0.82 0.80 0.84 0.89 0.92 0.93 0.94 0.94 0.94 0.94 0.94 0.94 0.93 0.93 0.92 0.91 0.89 0.87 0.85 0.83 0.81 0.78 0.74 0.69 0.63 0.55 0.48 0.41 0.40 0.49 0.73 0.98
1.46 1.30 1.13 1.08 0.97 0.84 0.65 0.52 0.50 0.49 0.51 0.57 0.62 0.68 0.72 0.72 0.73 0.76 0.75 0.75 0.76 0.75 0.76 0.75 0.69 0.70 0.79 0.82 0.82 0.86 0.87 0.85 0.85 0.89 0.93 0.97 1.01 1.03 1.02 0.99 0.95 0.93 0.92 0.94 0.98 1.01 1.02 1.02 1.04 1.06 1.05 1.02 0.94 0.85 0.84 0.89 0.92 0.93 0.94 0.94 0.94 0.94 0.94 0.94 0.94 0.94 0.93 0.92 0.91 0.89 0.87 0.85 0.82 0.80 0.77 0.72 0.66 0.59 0.52 0.44 0.40 0.44 0.58 0.81
1.70 1.42 1.09 1.03 1.00 0.88 0.66 0.56 0.57 0.57 0.59 0.60 0.61 0.67 0.73 0.74 0.73 0.77 0.78 0.77 0.77 0.75 0.75 0.76 0.73 0.67 0.72 0.79 0.81 0.83 0.84 0.84 0.84 0.87 0.96 1.00 1.01 1.03 1.02 0.97 0.93 0.91 0.92 0.93 0.96 1.00 1.03 1.03 1.02 0.98 0.96 0.99 0.98 0.92 0.87 0.89 0.92 0.93 0.94 0.94 0.94 0.94 0.95 0.95 0.95 0.94 0.94 0.93 0.92 0.90 0.89 0.87 0.84 0.82 0.79 0.75 0.69 0.63 0.55 0.46 0.41 0.44 0.51 0.70
1.84 1.52 1.13 1.04 1.01 0.91 0.71 0.64 0.68 0.68 0.64 0.60 0.61 0.66 0.73 0.75 0.74 0.79 0.81 0.81 0.78 0.75 0.77 0.79 0.74 0.64 0.66 0.76 0.81 0.81 0.80 0.82 0.81 0.82 0.94 1.02 1.04 1.09 1.08 1.01 0.92 0.87 0.89 0.94 0.98 1.03 1.07 1.07 1.04 0.97 0.91 0.91 0.94 0.94 0.91 0.90 0.92 0.93 0.93 0.93 0.94 0.94 0.94 0.95 0.95 0.95 0.95 0.94 0.93 0.92 0.90 0.88 0.86 0.84 0.81 0.77 0.72 0.65 0.56 0.45 0.37 0.38 0.46 0.67
1.86 1.51 1.16 1.05 0.97 0.91 0.79 0.74 0.80 0.77 0.64 0.60 0.63 0.64 0.71 0.74 0.73 0.81 0.86 0.85 0.81 0.77 0.84 0.88 0.73 0.56 0.61 0.73 0.79 0.80 0.78 0.81 0.80 0.79 0.85 0.94 1.01 1.10 1.18 1.15 1.02 0.88 0.84 0.91 0.99 1.06 1.11 1.10 1.09 1.01 0.90 0.86 0.88 0.91 0.92 0.91 0.92 0.92 0.92 0.92 0.92 0.93 0.93 0.94 0.95 0.95 0.95 0.95 0.94 0.93 0.92 0.90 0.88 0.85 0.83 0.79 0.74 0.67 0.58 0.46 0.32 0.27 0.28 0.46
1.76 1.49 1.17 1.04 0.91 0.86 0.87 0.85 0.85 0.82 0.70 0.65 0.65 0.63 0.68 0.72 0.73 0.84 0.92 0.94 0.86 0.85 0.99 0.95 0.64 0.44 0.55 0.69 0.76 0.79 0.79 0.81 0.82 0.81 0.81 0.83 0.88 0.99 1.14 1.22 1.16 1.01 0.88 0.88 0.96 1.07 1.15 1.15 1.12 1.07 0.97 0.88 0.86 0.89 0.92 0.94 0.94 0.93 0.90 0.89 0.89 0.90 0.92 0.93 0.95 0.95 0.96 0.96 0.95 0.94 0.93 0.91 0.89 0.87 0.84 0.81 0.76 0.70 0.62 0.50 0.33 0.16 0.09 0.26
1.59 1.42 1.16 1.00 0.88 0.82 0.87 0.91 0.88 0.89 0.87 0.74 0.64 0.62 0.65 0.67 0.75 0.88 1.00 1.04 0.97 1.03 1.08 0.84 0.42 0.32 0.50 0.66 0.73 0.78 0.81 0.82 0.84 0.84 0.83 0.82 0.81 0.86 1.01 1.16 1.19 1.11 0.98 0.90 0.93 1.02 1.15 1.21 1.17 1.10 1.03 0.95 0.89 0.89 0.92 0.97 1.01 1.00 0.95 0.86 0.81 0.84 0.89 0.92 0.94 0.96 0.96 0.96 0.96 0.95 0.94 0.93 0.91 0.89 0.86 0.83 0.79 0.74 0.66 0.55 0.40 0.22 0.12 0.26
1.49 1.34 1.11 0.99 0.90 0.81 0.81 0.87 0.89 0.98 1.02 0.80 0.61 0.60 0.61 0.64 0.76 0.93 1.12 1.23 1.20 1.14 0.93 0.56 0.30 0.30 0.49 0.64 0.71 0.77 0.81 0.84 0.85 0.85 0.87 0.87 0.83 0.81 0.89 1.07 1.18 1.13 1.04 0.95 0.92 0.96 1.08 1.21 1.23 1.15 1.06 0.99 0.92 0.89 0.89 0.98 1.07 1.12 1.10 0.90 0.73 0.77 0.86 0.91 0.94 0.96 0.97 0.97 0.97 0.96 0.95 0.94 0.93 0.91 0.88 0.86 0.82 0.77 0.71 0.62 0.50 0.35 0.25 0.32
1.41 1.25 1.07 1.04 0.98 0.84 0.76 0.78 0.85 1.04 1.12 0.87 0.63 0.61 0.62 0.66 0.76 0.92 1.21 1.45 1.31 0.96 0.58 0.43 0.32 0.35 0.52 0.64 0.71 0.77 0.81 0.85 0.86 0.84 0.87 0.91 0.87 0.83 0.82 0.94 1.13 1.18 1.10 1.00 0.94 0.93 1.01 1.15 1.24 1.21 1.10 1.00 0.92 0.85 0.82 0.94 1.09 1.19 1.24 1.05 0.76 0.73 0.83 0.90 0.94 0.96 0.97 0.97 0.97 0.97 0.96 0.95 0.94 0.92 0.91 0.88 0.85 0.81 0.76 0.69 0.60 0.49 0.38 0.39
1.27 1.15 1.03 1.06 1.08 0.97 0.82 0.74 0.83 1.10 1.21 0.94 0.71 0.66 0.66 0.70 0.77 0.90 1.26 1.48 1.19 0.52 0.38 0.42 0.37 0.41 0.56 0.66 0.72 0.78 0.81 0.85 0.87 0.86 0.87 0.90 0.89 0.87 0.83 0.83 0.98 1.17 1.21 1.10 0.99 0.94 0.97 1.08 1.21 1.25 1.16 1.02 0.91 0.80 0.71 0.80 1.04 1.17 1.26 1.20 0.95 0.80 0.83 0.90 0.93 0.96 0.97 0.98 0.98 0.98 0.97 0.97 0.96 0.94 0.93 0.90 0.88 0.85 0.81 0.75 0.69 0.61 0.52 0.48
1.13 1.05 0.94 0.99 1.08 1.04 0.90 0.75 0.76 1.09 1.33 1.14 0.90 0.84 0.83 0.89 0.90 1.00 1.34 1.44 1.06 0.45 0.43 0.46 0.43 0.48 0.60 0.69 0.74 0.79 0.82 0.87 0.89 0.87 0.86 0.87 0.88 0.88 0.86 0.82 0.83 1.03 1.25 1.24 1.08 0.98 0.97 1.05 1.18 1.27 1.26 1.09 0.87 0.76 0.67 0.69 0.91 1.07 1.15 1.18 1.05 0.89 0.86 0.91 0.93 0.95 0.97 0.98 0.98 0.98 0.98 0.98 0.97 0.96 0.94 0.93 0.91 0.88 0.85 0.82 0.77 0.71 0.65 0.61
1.04 0.98 0.89 0.93 1.04 1.01 0.86 0.65 0.53 0.82 1.24 1.25 1.08 0.99 0.98 1.09 1.15 1.22 1.47 1.41 1.05 0.79 0.66 0.57 0.51 0.55 0.63 0.70 0.76 0.80 0.85 0.92 0.94 0.88 0.83 0.84 0.87 0.88 0.88 0.84 0.77 0.84 1.14 1.33 1.23 1.11 1.05 1.06 1.17 1.27 1.35 1.19 0.82 0.73 0.73 0.72 0.85 0.97 1.03 1.08 1.05 0.92 0.89 0.92 0.94 0.95 0.97 0.98 0.99 0.99 0.99 0.99 0.98 0.97 0.96 0.95 0.93 0.92 0.89 0.87 0.84 0.81 0.77 0.74
0.94 0.93 0.89 0.94 1.05 0.98 0.79 0.56 0.38 0.58 0.95 1.09 0.99 0.84 0.83 1.07 1.27 1.46 1.66 1.43 1.08 1.04 0.86 0.68 0.58 0.60 0.65 0.71 0.75 0.81 0.90 0.99 0.99 0.88 0.79 0.81 0.86 0.87 0.88 0.85 0.76 0.71 0.92 1.22 1.32 1.29 1.22 1.18 1.22 1.28 1.38 1.27 0.90 0.78 0.82 0.81 0.84 0.91 0.94 0.99 1.00 0.92 0.90 0.93 0.94 0.95 0.96 0.97 0.99 0.99 0.99 0.99 0.99 0.98 0.98 0.97 0.96 0.95 0.93 0.91 0.90 0.88 0.86 0.85
0.80 0.88 0.93 0.96 1.06 1.00 0.84 0.62 0.47 0.52 0.72 0.87 0.82 0.77 0.82 1.07 1.26 1.61 1.81 1.30 1.09 1.15 1.02 0.80 0.64 0.61 0.64 0.70 0.73 0.79 0.94 1.03 1.02 0.92 0.81 0.80 0.85 0.87 0.87 0.85 0.76 0.67 0.74 0.97 1.17 1.27 1.31 1.32 1.32 1.35 1.38 1.32 1.10 0.90 0.91 0.91 0.88 0.89 0.89 0.92 0.95 0.90 0.90 0.92 0.94 0.95 0.95 0.97 0.99 1.00 1.00 1.00 1.00 0.99 0.99 0.99 0.98 0.97 0.96 0.95 0.94 0.93 0.93 0.93
0.70 0.83 0.93 0.94 1.02 1.05 0.97 0.81 0.65 0.57 0.63 0.62 0.60 0.72 0.86 1.09 1.32 1.64 1.80 1.45 1.23 1.22 1.23 1.00 0.70 0.59 0.61 0.68 0.73 0.80 0.93 1.01 1.03 0.98 0.86 0.82 0.86 0.87 0.85 0.83 0.79 0.68 0.65 0.81 0.98 1.08 1.21 1.32 1.36 1.37 1.35 1.33 1.22 1.04 1.00 1.01 0.95 0.91 0.89 0.90 0.89 0.87 0.88 0.91 0.92 0.93 0.94 0.96 0.98 1.00 1.00 1.00 1.00 1.00 1.00 1.00 1.00 1.00 0.99 0.99 0.98 0.98 0.98 0.98
0.69 0.81 0.90 0.87 0.92 1.01 0.99 0.93 0.84 0.71 0.65 0.58 0.53 0.63 0.88 1.15 1.39 1.54 1.39 1.40 1.38 1.35 1.43 1.18 0.73 0.56 0.61 0.68 0.75 0.85 0.93 0.96 1.00 1.00 0.92 0.87 0.89 0.89 0.84 0.80 0.79 0.70 0.63 0.73 0.90 0.98 1.10 1.27 1.35 1.34 1.30 1.30 1.27 1.15 1.08 1.08 1.06 0.98 0.92 0.91 0.88 0.87 0.88 0.88 0.89 0.90 0.91 0.94 0.97 0.99 1.00 1.00 1.01 1.01 1.01 1.02 1.02 1.01 1.01 1.01 1.01 1.01 1.02 1.02
0.73 0.79 0.84 0.81 0.83 0.86 0.84 0.89 0.89 0.80 0.73 0.66 0.57 0.63 0.88 1.19 1.38 1.29 1.11 1.16 1.33 1.46 1.53 1.29 0.79 0.63 0.68 0.73 0.78 0.88 0.94 0.96 0.99 0.99 0.94 0.92 0.94 0.93 0.86 0.79 0.75 0.70 0.63 0.67 0.84 0.98 1.09 1.21 1.30 1.32 1.29 1.26 1.27 1.24 1.16 1.13 1.12 1.08 0.99 0.92 0.91 0.92 0.92 0.90 0.87 0.86 0.87 0.90 0.94 0.98 0.99 1.00 1.01 1.02 1.02 1.02 1.03 1.03 1.03 1.03 1.03 1.04 1.04 1.05
0.74 0.78 0.83 0.83 0.81 0.80 0.79 0.83 0.84 0.80 0.78 0.73 0.65 0.69 0.86 1.12 1.32 1.17 0.95 0.99 1.20 1.46 1.51 1.16 0.86 0.77 0.79 0.80 0.82 0.90 0.97 1.00 1.00 0.98 0.94 0.93 0.94 0.96 0.93 0.81 0.71 0.68 0.63 0.62 0.76 0.96 1.08 1.16 1.23 1.28 1.31 1.27 1.24 1.27 1.26 1.20 1.17 1.18 1.09 0.96 0.93 0.98 1.01 0.99 0.92 0.85 0.83 0.85 0.89 0.95 0.98 0.99 1.01 1.02 1.02 1.03 1.03 1.04 1.04 1.04 1.05 1.05 1.06 1.07
0.73 0.77 0.83 0.85 0.80 0.79 0.81 0.81 0.80 0.79 0.79 0.75 0.69 0.74 0.88 1.07 1.26 1.15 0.90 1.04 1.34 1.45 1.33 1.13 0.96 0.88 0.88 0.87 0.86 0.93 1.02 1.06 1.06 1.03 0.97 0.93 0.92 0.95 0.98 0.86 0.70 0.65 0.63 0.58 0.66 0.86 1.03 1.11 1.15 1.22 1.28 1.28 1.24 1.24 1.28 1.25 1.22 1.25 1.21 1.06 0.96 0.97 1.04 1.09 1.04 0.92 0.86 0.83 0.84 0.91 0.96 0.98 0.99 1.01 1.02 1.03 1.04 1.04 1.04 1.05 1.06 1.06 1.07 1.08
0.75 0.77 0.82 0.84 0.81 0.80 0.81 0.81 0.79 0.78 0.78 0.75 0.68 0.69 0.85 1.06 1.22 1.17 1.02 1.22 1.46 1.29 1.18 1.16 1.06 0.99 0.97 0.92 0.90 0.96 1.06 1.13 1.13 1.10 1.03 0.95 0.90 0.94 0.98 0.89 0.72 0.63 0.62 0.57 0.58 0.74 0.95 1.07 1.11 1.17 1.23 1.27 1.26 1.26 1.29 1.25 1.23 1.27 1.29 1.21 1.07 1.01 1.04 1.12 1.14 1.03 0.93 0.86 0.84 0.90 0.97 0.97 0.95 0.97 1.01 1.02 1.03 1.04 1.04 1.05 1.06 1.07 1.07 1.09
0.78 0.79 0.81 0.81 0.81 0.82 0.81 0.81 0.80 0.78 0.77 0.74 0.65 0.61 0.71 0.92 1.14 1.14 1.09 1.34 1.48 1.29 1.21 1.20 1.13 1.09 1.09 1.01 0.95 1.01 1.10 1.16 1.21 1.19 1.11 1.01 0.93 0.93 0.95 0.90 0.75 0.64 0.60 0.57 0.53 0.60 0.80 0.97 1.06 1.14 1.19 1.25 1.25 1.25 1.30 1.30 1.26 1.27 1.30 1.29 1.21 1.11 1.09 1.15 1.21 1.14 1.01 0.93 0.89 0.95 1.04 1.02 0.93 0.93 0.98 1.01 1.02 1.02 1.03 1.04 1.05 1.06 1.07 1.09
0.79 0.79 0.80 0.81 0.82 0.83 0.82 0.80 0.80 0.80 0.78 0.74 0.67 0.63 0.68 0.81 1.04 1.10 1.09 1.28 1.37 1.34 1.32 1.27 1.19 1.18 1.23 1.17 1.06 1.11 1.15 1.18 1.25 1.25 1.18 1.10 1.00 0.93 0.91 0.89 0.77 0.65 0.60 0.57 0.52 0.52 0.64 0.82 0.95 1.08 1.17 1.23 1.24 1.22 1.24 1.29 1.30 1.30 1.31 1.30 1.26 1.19 1.14 1.18 1.25 1.23 1.12 1.01 0.97 1.03 1.16 1.16 1.01 0.92 0.94 0.99 0.99 0.98 0.99 1.01 1.02 1.03 1.05 1.07
0.79 0.78 0.79 0.82 0.84 0.85 0.83 0.79 0.80 0.84 0.82 0.77 0.73 0.70 0.70 0.78 0.94 1.03 1.06 1.13 1.19 1.25 1.32 1.30 1.24 1.26 1.34 1.32 1.25 1.27 1.24 1.24 1.26 1.25 1.24 1.22 1.12 0.97 0.91 0.86 0.78 0.66 0.60 0.57 0.51 0.47 0.53 0.66 0.79 0.97 1.13 1.21 1.26 1.27 1.23 1.21 1.25 1.30 1.35 1.35 1.29 1.23 1.20 1.20 1.23 1.26 1.19 1.07 1.03 1.11 1.22 1.30 1.25 1.06 0.99 1.03 1.01 0.96 0.95 0.98 0.98 0.98 1.00 1.03
0.78 0.77 0.77 0.83 0.87 0.88 0.85 0.80 0.81 0.89 0.89 0.83 0.79 0.74 0.73 0.76 0.86 0.95 0.97 1.00 1.10 1.20 1.21 1.23 1.28 1.32 1.39 1.44 1.47 1.45 1.39 1.33 1.22 1.21 1.33 1.39 1.25 1.02 0.90 0.83 0.75 0.65 0.61 0.58 0.50 0.44 0.44 0.53 0.65 0.80 1.01 1.14 1.22 1.31 1.32 1.25 1.21 1.25 1.33 1.38 1.34 1.28 1.26 1.26 1.24 1.25 1.23 1.10 1.05 1.16 1.26 1.33 1.41 1.35 1.23 1.18 1.11 0.98 0.97 1.01 0.97 0.89 0.91 0.98
0.75 0.75 0.77 0.83 0.89 0.91 0.89 0.83 0.83 0.94 0.96 0.89 0.84 0.80 0.79 0.77 0.81 0.88 0.87 0.89 1.04 1.21 1.12 1.03 1.21 1.37 1.41 1.48 1.66 1.66 1.52 1.37 1.13 1.17 1.48 1.55 1.31 1.01 0.89 0.83 0.72 0.64 0.62 0.57 0.50 0.43 0.38 0.42 0.53 0.67 0.86 1.01 1.10 1.22 1.34 1.35 1.29 1.26 1.30 1.36 1.39 1.34 1.28 1.29 1.30 1.27 1.27 1.16 1.04 1.13 1.31 1.36 1.40 1.46 1.43 1.36 1.26 1.10 1.05 1.12 1.06 0.87 0.82 0.90
0.69 0.71 0.76 0.84 0.89 0.92 0.94 0.89 0.87 0.95 1.01 0.94 0.86 0.85 0.88 0.84 0.81 0.82 0.81 0.85 1.00 1.20 1.09 0.87 1.00 1.28 1.38 1.41 1.72 1.87 1.59 1.39 1.09 1.19 1.65 1.62 1.25 0.96 0.92 0.87 0.70 0.62 0.63 0.57 0.49 0.42 0.35 0.34 0.42 0.57 0.75 0.91 1.00 1.09 1.22 1.33 1.37 1.34 1.31 1.34 1.42 1.45 1.34 1.28 1.32 1.29 1.28 1.25 1.10 1.07 1.28 1.45 1.45 1.45 1.50 1.50 1.42 1.27 1.13 1.18 1.20 1.00 0.81 0.80
0.64 0.66 0.74 0.83 0.87 0.90 0.93 0.93 0.91 0.93 1.00 0.99 0.89 0.89 0.96 0.93 0.83 0.73 0.79 0.94 1.09 1.18 1.04 0.81 0.80 1.07 1.29 1.33 1.68 1.94 1.65 1.43 1.21 1.30 1.76 1.62 1.18 1.00 0.97 0.86 0.63 0.62 0.66 0.56 0.47 0.42 0.35 0.28 0.31 0.45 0.63 0.82 0.96 1.03 1.10 1.20 1.33 1.40 1.36 1.32 1.41 1.55 1.49 1.33 1.34 1.33 1.25 1.24 1.18 1.07 1.18 1.45 1.55 1.48 1.51 1.55 1.54 1.46 1.27 1.21 1.26 1.20 0.96 0.78
0.60 0.64 0.74 0.81 0.84 0.87 0.88 0.91 0.93 0.93 0.99 1.00 0.91 0.92 1.02 1.02 0.82 0.60 0.75 1.05 1.25 1.23 0.97 0.77 0.70 0.83 1.09 1.28 1.69 1.96 1.70 1.46 1.33 1.47 1.85 1.66 1.23 1.10 0.96 0.74 0.60 0.68 0.70 0.55 0.45 0.43 0.35 0.24 0.22 0.34 0.50 0.68 0.88 1.02 1.07 1.10 1.22 1.38 1.39 1.29 1.32 1.52 1.60 1.46 1.42 1.43 1.30 1.19 1.16 1.12 1.15 1.40 1.60 1.57 1.56 1.58 1.59 1.57 1.45 1.33 1.29 1.29 1.15 0.89
0.58 0.64 0.75 0.81 0.83 0.85 0.86 0.88 0.91 0.91 0.96 1.02 0.94 0.92 1.05 1.08 0.79 0.47 0.65 1.05 1.38 1.39 0.96 0.69 0.67 0.73 0.86 1.06 1.52 1.96 1.89 1.53 1.36 1.59 1.92 1.73 1.35 1.12 0.87 0.65 0.62 0.73 0.74 0.57 0.47 0.42 0.33 0.22 0.18 0.24 0.37 0.53 0.73 0.95 1.06 1.07 1.13 1.32 1.41 1.30 1.24 1.40 1.57 1.57 1.54 1.57 1.50 1.28 1.13 1.09 1.13 1.32 1.56 1.62 1.63 1.65 1.63 1.62 1.60 1.49 1.38 1.34 1.24 1.04
0.60 0.65 0.74 0.81 0.83 0.83 0.85 0.88 0.90 0.89 0.94 1.09 1.03 0.92 1.05 1.11 0.76 0.37 0.53 0.96 1.38 1.57 1.17 0.66 0.63 0.78 0.77 0.81 1.09 1.66 1.98 1.78 1.46 1.63 1.92 1.76 1.40 1.09 0.77 0.65 0.64 0.73 0.81 0.71 0.49 0.37 0.29 0.22 0.18 0.18 0.25 0.38 0.59 0.84 1.01 1.03 1.07 1.25 1.41 1.37 1.27 1.32 1.48 1.56 1.57 1.63 1.67 1.55 1.30 1.12 1.09 1.24 1.47 1.60 1.67 1.72 1.69 1.66 1.71 1.70 1.57 1.44 1.30 1.15
0.66 0.67 0.72 0.79 0.83 0.82 0.82 0.85 0.88 0.88 0.93 1.11 1.11 0.95 1.06 1.13 0.76 0.32 0.42 0.81 1.25 1.64 1.49 0.84 0.68 0.89 0.86 0.82 0.85 1.12 1.69 1.95 1.80 1.81 1.95 1.72 1.35 1.05 0.78 0.68 0.65 0.71 0.86 0.84 0.54 0.32 0.27 0.22 0.17 0.15 0.14 0.23 0.44 0.73 0.95 1.00 1.01 1.15 1.36 1.42 1.34 1.31 1.44 1.53 1.51 1.59 1.71 1.72 1.61 1.38 1.24 1.30 1.43 1.55 1.70 1.79 1.75 1.67 1.71 1.82 1.84 1.64 1.36 1.23
