windninja/windninja_output/Output_2025-08-24_2200-2250_Google earth_Fire_150m_10min/merlingen_7.5mi_point_08-24-2025_2210_150m_vel.asc
ncols	158
nrows	163
xllcorner	391686.332397
yllcorner	5160024.123721
cellsize	150.000000
NODATA_value	-32768.000000
[rows 114 to 151 of 163, columns 0 to 83 of 158]
0.23 0.27 0.38 0.47 0.55 0.59 0.60 0.61 0.59 0.60 0.73 0.96 0.98 0.84 0.95 1.11 0.82 0.46 0.42 0.51 0.75 1.10 1.18 0.87 0.86 1.04 1.05 1.00 1.01 1.02 1.13 1.51 1.83 2.06 2.06 1.65 1.25 1.03 0.81 0.64 0.60 0.80 1.07 1.12 0.87 0.67 0.65 0.64 0.61 0.59 0.57 0.52 0.51 0.60 0.73 0.78 0.75 0.77 0.89 0.96 0.90 0.81 0.88 0.99 0.94 0.90 0.96 1.00 1.00 0.93 0.86 0.91 0.99 0.98 1.04 1.17 1.19 1.13 1.06 1.12 1.27 1.23 1.01 0.90
0.19 0.23 0.37 0.47 0.54 0.57 0.58 0.57 0.55 0.63 0.84 1.00 0.89 0.75 0.97 1.23 0.98 0.56 0.43 0.44 0.63 0.88 1.06 1.12 1.12 1.08 0.99 0.94 1.08 1.01 0.90 1.26 1.82 2.15 2.00 1.57 1.22 1.00 0.80 0.62 0.66 0.92 1.09 1.05 0.88 0.73 0.67 0.60 0.58 0.57 0.55 0.52 0.48 0.51 0.65 0.74 0.74 0.73 0.81 0.92 0.89 0.81 0.85 0.98 0.96 0.87 0.90 0.98 1.01 0.97 0.92 0.95 1.02 1.01 0.99 1.11 1.21 1.19 1.07 1.05 1.25 1.29 1.08 0.92
0.19 0.23 0.37 0.46 0.51 0.53 0.54 0.54 0.60 0.76 0.99 0.98 0.73 0.64 1.00 1.36 1.06 0.53 0.43 0.47 0.62 0.78 0.92 1.12 1.18 1.10 0.92 0.91 1.18 1.06 0.83 1.06 1.60 2.06 2.01 1.57 1.20 0.89 0.77 0.74 0.81 1.00 1.01 0.95 0.88 0.72 0.57 0.51 0.54 0.56 0.54 0.50 0.45 0.44 0.55 0.69 0.73 0.72 0.76 0.86 0.86 0.80 0.84 0.95 0.96 0.86 0.86 0.94 0.99 0.98 0.95 0.97 1.06 1.12 1.04 1.04 1.15 1.23 1.14 1.05 1.21 1.31 1.09 0.91
0.20 0.21 0.33 0.43 0.50 0.51 0.49 0.54 0.70 0.91 1.06 0.90 0.60 0.56 1.03 1.42 1.07 0.52 0.51 0.64 0.73 0.84 0.92 1.01 1.12 1.13 0.93 0.92 1.25 1.09 0.84 0.93 1.28 1.85 1.96 1.53 1.11 0.77 0.75 0.88 0.93 0.95 0.89 0.88 0.86 0.67 0.52 0.51 0.55 0.57 0.54 0.48 0.43 0.39 0.44 0.62 0.72 0.72 0.73 0.81 0.82 0.77 0.83 0.94 0.94 0.85 0.84 0.91 0.95 0.96 0.95 0.95 1.04 1.16 1.20 1.11 1.07 1.16 1.20 1.13 1.22 1.31 1.08 0.86
0.20 0.18 0.29 0.42 0.50 0.51 0.50 0.59 0.79 0.94 1.04 0.85 0.55 0.57 0.97 1.37 1.22 0.69 0.64 0.73 0.78 0.85 0.90 0.96 1.05 1.11 1.00 1.05 1.20 1.09 0.94 0.98 1.23 1.77 1.82 1.46 1.07 0.72 0.79 0.94 0.89 0.82 0.79 0.82 0.81 0.69 0.57 0.56 0.57 0.56 0.52 0.43 0.38 0.35 0.36 0.54 0.69 0.71 0.71 0.77 0.79 0.75 0.79 0.90 0.90 0.84 0.83 0.88 0.92 0.95 0.94 0.92 0.97 1.11 1.27 1.27 1.11 1.10 1.18 1.20 1.27 1.30 1.07 0.84
0.22 0.17 0.26 0.44 0.52 0.51 0.54 0.66 0.83 0.91 0.98 0.91 0.60 0.60 0.84 1.24 1.39 0.96 0.69 0.70 0.74 0.79 0.87 0.97 1.06 1.09 1.07 1.10 1.16 1.16 1.24 1.31 1.50 1.75 1.61 1.37 1.13 0.83 0.84 0.87 0.78 0.74 0.75 0.79 0.80 0.73 0.61 0.56 0.54 0.49 0.44 0.36 0.33 0.30 0.30 0.46 0.64 0.70 0.71 0.75 0.79 0.75 0.77 0.84 0.83 0.82 0.81 0.83 0.91 0.96 0.93 0.89 0.90 1.00 1.20 1.34 1.28 1.17 1.19 1.23 1.29 1.29 1.09 0.89
0.23 0.17 0.24 0.45 0.53 0.50 0.59 0.73 0.86 0.85 0.88 0.99 0.72 0.59 0.72 1.10 1.43 1.20 0.76 0.67 0.70 0.75 0.85 0.97 1.06 1.10 1.09 1.09 1.19 1.36 1.47 1.46 1.48 1.51 1.41 1.31 1.15 1.00 0.87 0.74 0.74 0.75 0.79 0.81 0.79 0.71 0.63 0.56 0.49 0.43 0.39 0.33 0.28 0.27 0.26 0.38 0.59 0.69 0.70 0.74 0.79 0.74 0.74 0.78 0.74 0.78 0.79 0.74 0.83 0.96 0.95 0.87 0.86 0.91 1.05 1.24 1.36 1.34 1.30 1.30 1.29 1.28 1.13 0.96
0.25 0.19 0.27 0.44 0.51 0.50 0.62 0.79 0.90 0.80 0.80 1.07 0.86 0.60 0.65 0.98 1.39 1.32 0.86 0.64 0.64 0.71 0.82 0.94 1.07 1.11 1.08 1.11 1.34 1.57 1.55 1.45 1.41 1.34 1.35 1.28 1.12 1.08 0.84 0.65 0.70 0.77 0.89 0.86 0.78 0.72 0.67 0.56 0.42 0.38 0.35 0.30 0.25 0.23 0.22 0.31 0.55 0.68 0.69 0.74 0.77 0.70 0.69 0.73 0.71 0.80 0.84 0.71 0.70 0.86 0.92 0.88 0.86 0.85 0.89 1.03 1.25 1.41 1.45 1.42 1.36 1.31 1.17 1.03
0.26 0.22 0.33 0.42 0.47 0.52 0.65 0.82 0.93 0.78 0.77 1.15 0.99 0.61 0.60 0.81 1.27 1.36 0.90 0.62 0.60 0.70 0.79 0.89 1.06 1.09 1.07 1.19 1.52 1.69 1.49 1.41 1.39 1.24 1.30 1.27 1.07 1.09 0.88 0.62 0.60 0.72 0.94 0.95 0.83 0.78 0.71 0.54 0.40 0.34 0.32 0.29 0.22 0.18 0.18 0.28 0.51 0.65 0.67 0.72 0.71 0.65 0.66 0.70 0.72 0.87 0.95 0.80 0.69 0.72 0.80 0.84 0.87 0.85 0.80 0.83 1.00 1.27 1.47 1.54 1.51 1.43 1.25 1.10
0.25 0.23 0.35 0.38 0.41 0.52 0.63 0.78 0.94 0.84 0.84 1.24 1.06 0.56 0.52 0.70 1.06 1.31 1.06 0.76 0.70 0.73 0.77 0.88 1.03 1.06 1.05 1.27 1.73 1.76 1.36 1.28 1.30 1.15 1.22 1.25 1.02 1.04 0.99 0.65 0.52 0.61 0.86 1.04 0.96 0.84 0.73 0.53 0.39 0.34 0.33 0.30 0.19 0.13 0.15 0.24 0.44 0.62 0.65 0.65 0.64 0.63 0.66 0.69 0.72 0.88 1.00 0.94 0.77 0.65 0.68 0.78 0.83 0.82 0.77 0.72 0.76 0.98 1.25 1.46 1.59 1.61 1.42 1.18
0.22 0.23 0.32 0.33 0.37 0.51 0.59 0.70 0.90 0.89 0.98 1.27 0.93 0.48 0.48 0.65 0.85 1.11 1.19 1.02 0.89 0.84 0.81 0.89 0.98 1.01 1.08 1.50 2.01 1.70 1.12 1.13 1.21 1.10 1.15 1.22 1.01 0.96 1.01 0.73 0.51 0.51 0.67 1.00 1.10 0.94 0.77 0.57 0.38 0.34 0.35 0.30 0.16 0.09 0.11 0.19 0.37 0.57 0.64 0.57 0.57 0.65 0.69 0.69 0.74 0.87 0.95 0.99 0.92 0.70 0.63 0.74 0.79 0.77 0.75 0.68 0.64 0.75 0.97 1.17 1.39 1.66 1.65 1.35
0.20 0.22 0.30 0.31 0.37 0.48 0.56 0.64 0.84 0.88 1.02 1.25 0.92 0.48 0.49 0.61 0.71 0.82 1.02 1.18 1.22 1.10 0.95 0.92 1.02 1.12 1.43 2.03 1.97 1.29 0.83 0.98 1.16 1.05 1.04 1.18 1.03 0.89 0.96 0.81 0.56 0.46 0.51 0.85 1.14 1.08 0.86 0.60 0.40 0.35 0.35 0.29 0.16 0.07 0.06 0.14 0.32 0.53 0.65 0.56 0.54 0.66 0.69 0.69 0.76 0.86 0.89 0.95 0.99 0.88 0.72 0.76 0.81 0.76 0.73 0.68 0.63 0.64 0.76 0.91 1.04 1.42 1.71 1.58
0.17 0.20 0.30 0.31 0.35 0.44 0.53 0.66 0.79 0.83 0.94 1.20 1.08 0.62 0.59 0.63 0.62 0.65 0.79 1.04 1.26 1.38 1.20 1.09 1.38 1.70 1.84 1.84 1.35 0.79 0.64 0.85 1.11 1.01 0.96 1.12 1.05 0.87 0.86 0.80 0.62 0.46 0.44 0.68 1.06 1.17 0.96 0.66 0.43 0.36 0.35 0.29 0.16 0.08 0.05 0.11 0.27 0.49 0.64 0.61 0.58 0.66 0.67 0.68 0.76 0.84 0.86 0.89 0.95 0.96 0.91 0.90 0.88 0.81 0.75 0.71 0.65 0.62 0.67 0.76 0.85 1.11 1.47 1.62
0.17 0.20 0.31 0.31 0.33 0.42 0.55 0.70 0.75 0.76 0.80 1.03 1.14 0.95 0.86 0.70 0.56 0.62 0.77 0.95 1.26 1.54 1.50 1.38 1.48 1.63 1.46 1.07 0.78 0.58 0.53 0.73 1.02 0.99 0.95 1.05 1.04 0.90 0.78 0.75 0.66 0.50 0.45 0.56 0.91 1.18 1.03 0.70 0.47 0.37 0.35 0.29 0.17 0.10 0.08 0.11 0.24 0.46 0.62 0.63 0.61 0.64 0.65 0.68 0.75 0.82 0.84 0.85 0.89 0.93 0.99 1.05 1.00 0.89 0.82 0.77 0.68 0.64 0.68 0.70 0.76 0.94 1.14 1.35
0.18 0.21 0.32 0.32 0.33 0.42 0.57 0.70 0.72 0.68 0.67 0.82 1.04 1.12 1.08 0.80 0.62 0.72 0.96 1.48 1.70 1.58 1.44 1.25 1.21 1.18 0.99 0.76 0.59 0.49 0.50 0.65 0.87 0.93 0.96 1.02 1.02 0.91 0.75 0.71 0.67 0.57 0.52 0.54 0.77 1.11 1.08 0.72 0.51 0.42 0.37 0.30 0.18 0.13 0.11 0.13 0.24 0.44 0.60 0.62 0.62 0.63 0.65 0.68 0.75 0.80 0.81 0.82 0.86 0.89 0.98 1.11 1.13 1.00 0.90 0.85 0.74 0.68 0.72 0.73 0.75 0.82 0.93 1.07
0.16 0.18 0.30 0.32 0.32 0.43 0.57 0.68 0.69 0.64 0.63 0.71 0.84 1.00 1.11 1.08 0.90 1.02 1.55 1.96 1.65 1.19 1.11 1.07 1.10 1.11 0.95 0.70 0.53 0.49 0.52 0.58 0.68 0.76 0.89 1.06 1.07 0.89 0.75 0.73 0.69 0.65 0.60 0.59 0.69 0.96 1.04 0.78 0.57 0.49 0.39 0.30 0.19 0.16 0.14 0.15 0.26 0.43 0.58 0.61 0.61 0.62 0.65 0.68 0.74 0.78 0.79 0.80 0.83 0.86 0.94 1.09 1.20 1.15 1.01 0.96 0.86 0.73 0.73 0.78 0.80 0.80 0.80 0.87
0.16 0.17 0.30 0.33 0.33 0.44 0.58 0.67 0.68 0.65 0.64 0.65 0.69 0.79 0.97 1.19 1.36 1.62 1.88 1.68 1.08 0.83 0.87 1.00 1.15 1.17 0.92 0.65 0.56 0.53 0.52 0.50 0.50 0.57 0.71 0.97 1.14 0.99 0.79 0.75 0.73 0.70 0.69 0.68 0.70 0.79 0.88 0.76 0.64 0.54 0.41 0.32 0.22 0.18 0.17 0.17 0.26 0.43 0.56 0.61 0.60 0.61 0.64 0.68 0.72 0.76 0.77 0.78 0.80 0.84 0.92 1.05 1.18 1.23 1.17 1.12 1.00 0.80 0.76 0.83 0.84 0.82 0.78 0.74
0.17 0.18 0.30 0.34 0.35 0.47 0.57 0.64 0.69 0.68 0.64 0.60 0.60 0.70 0.86 1.13 1.64 1.95 1.70 1.08 0.82 0.75 0.75 0.85 1.13 1.21 0.83 0.65 0.62 0.55 0.51 0.47 0.43 0.44 0.54 0.75 1.03 1.10 0.93 0.80 0.78 0.75 0.75 0.75 0.70 0.63 0.62 0.63 0.66 0.58 0.42 0.33 0.26 0.22 0.21 0.20 0.26 0.41 0.54 0.60 0.60 0.60 0.62 0.67 0.71 0.74 0.77 0.76 0.76 0.80 0.89 1.02 1.11 1.21 1.27 1.27 1.16 0.90 0.81 0.89 0.92 0.85 0.74 0.67
0.16 0.18 0.28 0.35 0.41 0.50 0.53 0.57 0.69 0.71 0.62 0.58 0.59 0.68 0.88 1.14 1.75 2.01 1.45 0.92 0.79 0.72 0.70 0.75 1.00 1.19 0.95 0.69 0.66 0.57 0.50 0.46 0.38 0.36 0.47 0.62 0.81 1.02 1.01 0.94 0.89 0.81 0.78 0.78 0.67 0.47 0.39 0.48 0.61 0.57 0.41 0.34 0.28 0.25 0.24 0.23 0.27 0.40 0.53 0.58 0.60 0.63 0.61 0.64 0.69 0.71 0.75 0.75 0.73 0.76 0.86 0.97 1.04 1.17 1.28 1.34 1.34 1.04 0.85 0.96 1.00 0.85 0.69 0.65
0.15 0.17 0.26 0.36 0.48 0.53 0.49 0.51 0.66 0.74 0.66 0.59 0.61 0.75 0.95 1.28 1.87 1.92 1.46 1.00 0.81 0.72 0.69 0.71 0.82 1.03 1.05 0.83 0.68 0.58 0.51 0.46 0.37 0.37 0.46 0.56 0.70 0.84 0.92 1.01 1.01 0.87 0.80 0.79 0.64 0.41 0.32 0.37 0.50 0.51 0.41 0.33 0.29 0.27 0.27 0.26 0.29 0.40 0.51 0.57 0.62 0.65 0.61 0.62 0.68 0.70 0.74 0.75 0.70 0.72 0.82 0.91 0.97 1.10 1.28 1.42 1.46 1.16 0.90 1.01 1.06 0.85 0.65 0.61
0.16 0.20 0.29 0.38 0.51 0.52 0.48 0.51 0.59 0.72 0.74 0.62 0.67 0.86 1.20 1.76 1.96 1.72 1.35 1.09 0.86 0.67 0.63 0.62 0.59 0.73 0.99 1.01 0.80 0.63 0.54 0.49 0.43 0.42 0.46 0.52 0.62 0.70 0.81 1.00 1.07 0.94 0.84 0.78 0.60 0.46 0.37 0.33 0.40 0.46 0.41 0.34 0.30 0.29 0.28 0.27 0.31 0.41 0.50 0.56 0.62 0.65 0.62 0.62 0.67 0.71 0.73 0.76 0.73 0.70 0.75 0.84 0.90 0.98 1.21 1.48 1.59 1.31 0.98 1.00 1.07 0.90 0.65 0.55
0.16 0.22 0.32 0.40 0.50 0.52 0.50 0.54 0.57 0.67 0.75 0.68 0.71 1.03 1.73 2.03 1.76 1.43 1.20 1.09 0.94 0.64 0.54 0.50 0.44 0.50 0.77 1.02 0.99 0.75 0.58 0.52 0.50 0.46 0.46 0.48 0.52 0.57 0.76 1.00 1.04 0.96 0.88 0.73 0.59 0.53 0.44 0.34 0.35 0.42 0.42 0.36 0.32 0.31 0.29 0.27 0.32 0.43 0.50 0.55 0.61 0.62 0.61 0.63 0.66 0.71 0.73 0.78 0.82 0.75 0.70 0.75 0.82 0.87 1.07 1.42 1.64 1.53 1.14 1.03 1.03 0.90 0.73 0.61
0.13 0.21 0.33 0.39 0.48 0.52 0.52 0.54 0.56 0.64 0.71 0.73 0.74 1.19 1.98 1.88 1.39 1.23 1.09 1.03 0.94 0.69 0.52 0.47 0.40 0.41 0.58 0.87 1.03 0.91 0.67 0.56 0.56 0.52 0.48 0.48 0.45 0.49 0.76 1.01 0.97 0.92 0.88 0.66 0.58 0.56 0.48 0.36 0.34 0.40 0.41 0.37 0.34 0.32 0.30 0.28 0.33 0.44 0.50 0.54 0.58 0.59 0.61 0.62 0.65 0.71 0.73 0.79 0.92 0.88 0.73 0.69 0.72 0.75 0.89 1.24 1.57 1.65 1.44 1.16 1.00 0.87 0.78 0.75
0.13 0.19 0.33 0.38 0.48 0.53 0.51 0.50 0.54 0.62 0.68 0.75 0.80 1.37 2.00 1.68 1.26 1.11 0.95 0.92 0.88 0.71 0.56 0.49 0.41 0.37 0.47 0.73 0.96 0.96 0.77 0.64 0.61 0.58 0.54 0.48 0.41 0.42 0.74 1.01 0.91 0.82 0.78 0.64 0.57 0.55 0.49 0.38 0.35 0.39 0.39 0.38 0.36 0.33 0.31 0.29 0.35 0.46 0.50 0.52 0.56 0.57 0.60 0.61 0.63 0.69 0.74 0.81 0.96 1.02 0.86 0.71 0.69 0.69 0.68 0.93 1.36 1.60 1.62 1.50 1.17 0.89 0.83 0.85
0.15 0.19 0.28 0.37 0.50 0.53 0.48 0.48 0.54 0.62 0.71 0.82 1.01 1.73 1.99 1.52 1.16 0.97 0.81 0.84 0.86 0.73 0.60 0.53 0.43 0.38 0.43 0.64 0.84 0.87 0.83 0.77 0.69 0.63 0.60 0.50 0.38 0.41 0.70 0.98 0.87 0.68 0.65 0.60 0.55 0.55 0.50 0.40 0.37 0.39 0.39 0.38 0.37 0.34 0.32 0.32 0.38 0.46 0.48 0.50 0.53 0.55 0.59 0.59 0.61 0.67 0.75 0.84 0.96 1.08 1.04 0.85 0.74 0.70 0.64 0.68 1.04 1.36 1.52 1.67 1.53 1.04 0.95 0.90
0.16 0.19 0.24 0.35 0.49 0.53 0.49 0.50 0.56 0.63 0.76 0.98 1.51 2.04 1.83 1.25 1.00 0.88 0.78 0.82 0.86 0.75 0.63 0.54 0.45 0.42 0.45 0.56 0.68 0.69 0.71 0.84 0.82 0.69 0.65 0.53 0.40 0.46 0.68 0.88 0.78 0.60 0.57 0.54 0.51 0.53 0.50 0.42 0.39 0.40 0.40 0.39 0.37 0.35 0.36 0.36 0.40 0.44 0.46 0.48 0.50 0.53 0.55 0.55 0.60 0.68 0.76 0.86 0.96 1.06 1.14 1.07 0.86 0.72 0.66 0.63 0.78 1.09 1.26 1.54 1.66 1.38 1.16 0.92
0.15 0.17 0.26 0.37 0.42 0.48 0.55 0.57 0.59 0.72 0.87 1.21 1.97 2.00 1.32 0.95 0.89 0.81 0.72 0.81 0.90 0.80 0.65 0.55 0.49 0.47 0.47 0.50 0.56 0.54 0.55 0.76 0.87 0.81 0.75 0.60 0.46 0.50 0.61 0.70 0.64 0.57 0.55 0.50 0.48 0.50 0.48 0.43 0.41 0.41 0.41 0.39 0.36 0.36 0.40 0.40 0.40 0.42 0.45 0.47 0.48 0.52 0.51 0.49 0.56 0.69 0.78 0.88 0.96 1.06 1.17 1.21 1.03 0.79 0.70 0.61 0.62 0.89 1.08 1.32 1.60 1.56 1.26 0.94
0.10 0.18 0.32 0.37 0.36 0.43 0.58 0.62 0.66 0.90 1.10 1.67 2.08 1.52 0.89 0.81 0.79 0.76 0.67 0.74 0.87 0.85 0.72 0.61 0.54 0.51 0.49 0.46 0.48 0.47 0.48 0.63 0.77 0.85 0.86 0.69 0.51 0.50 0.49 0.49 0.53 0.54 0.53 0.48 0.46 0.46 0.45 0.43 0.43 0.43 0.42 0.41 0.38 0.37 0.41 0.40 0.39 0.40 0.44 0.46 0.48 0.50 0.47 0.42 0.49 0.64 0.77 0.87 0.96 1.08 1.18 1.25 1.22 0.99 0.75 0.53 0.50 0.78 1.03 1.24 1.56 1.62 1.28 0.96
0.09 0.18 0.37 0.36 0.37 0.47 0.57 0.63 0.78 1.00 1.34 2.00 1.94 1.01 0.74 0.74 0.73 0.77 0.74 0.70 0.74 0.78 0.76 0.72 0.63 0.56 0.49 0.43 0.43 0.45 0.47 0.54 0.64 0.79 0.90 0.78 0.56 0.48 0.43 0.40 0.47 0.53 0.52 0.49 0.46 0.44 0.44 0.43 0.44 0.43 0.43 0.46 0.47 0.42 0.39 0.37 0.36 0.39 0.41 0.45 0.48 0.48 0.45 0.40 0.43 0.55 0.68 0.78 0.91 1.07 1.17 1.24 1.35 1.25 0.77 0.43 0.43 0.75 1.09 1.35 1.51 1.54 1.36 1.03
0.14 0.17 0.39 0.42 0.43 0.50 0.59 0.68 0.85 0.97 1.49 1.93 1.48 0.86 0.74 0.72 0.73 0.82 0.81 0.66 0.61 0.65 0.71 0.75 0.71 0.62 0.56 0.48 0.43 0.46 0.49 0.54 0.57 0.67 0.86 0.83 0.60 0.48 0.43 0.41 0.45 0.51 0.51 0.49 0.46 0.44 0.43 0.43 0.44 0.44 0.45 0.51 0.56 0.50 0.41 0.31 0.32 0.38 0.40 0.43 0.47 0.47 0.45 0.41 0.43 0.52 0.59 0.66 0.75 0.93 1.10 1.22 1.41 1.39 0.89 0.42 0.45 0.72 1.19 1.45 1.32 1.36 1.45 1.09
0.17 0.19 0.37 0.47 0.48 0.53 0.63 0.74 0.86 0.91 1.36 1.91 1.44 0.87 0.77 0.70 0.75 0.86 0.79 0.58 0.55 0.59 0.64 0.71 0.68 0.61 0.57 0.57 0.53 0.49 0.51 0.55 0.52 0.56 0.78 0.78 0.59 0.48 0.42 0.42 0.45 0.49 0.49 0.48 0.46 0.45 0.44 0.43 0.44 0.45 0.49 0.56 0.62 0.59 0.43 0.27 0.28 0.35 0.39 0.43 0.45 0.45 0.46 0.44 0.44 0.53 0.61 0.63 0.66 0.73 0.90 1.16 1.44 1.46 1.05 0.60 0.49 0.67 1.23 1.48 1.20 1.31 1.43 1.00
0.17 0.24 0.36 0.45 0.52 0.60 0.72 0.81 0.90 0.90 1.16 1.89 1.69 0.92 0.74 0.68 0.75 0.84 0.69 0.55 0.56 0.59 0.62 0.64 0.60 0.55 0.52 0.57 0.57 0.54 0.55 0.55 0.47 0.50 0.66 0.67 0.56 0.46 0.41 0.43 0.45 0.47 0.48 0.47 0.46 0.45 0.43 0.43 0.44 0.48 0.55 0.61 0.66 0.63 0.45 0.29 0.27 0.31 0.38 0.45 0.43 0.42 0.45 0.46 0.45 0.55 0.65 0.63 0.63 0.68 0.74 0.99 1.40 1.49 1.14 0.77 0.59 0.65 1.18 1.46 1.31 1.41 1.32 0.80
0.26 0.32 0.39 0.42 0.52 0.66 0.79 0.91 0.99 0.93 1.22 1.88 1.63 0.87 0.67 0.64 0.72 0.76 0.63 0.58 0.59 0.59 0.61 0.59 0.55 0.55 0.53 0.53 0.54 0.52 0.56 0.59 0.49 0.43 0.51 0.57 0.52 0.44 0.40 0.41 0.44 0.46 0.46 0.47 0.46 0.45 0.43 0.43 0.46 0.52 0.57 0.65 0.70 0.64 0.51 0.38 0.30 0.30 0.40 0.47 0.41 0.38 0.41 0.44 0.47 0.57 0.65 0.64 0.64 0.70 0.73 0.86 1.23 1.45 1.19 0.88 0.77 0.77 0.98 1.32 1.49 1.43 1.10 0.83
0.42 0.40 0.41 0.44 0.54 0.66 0.76 0.98 1.10 1.16 1.64 1.83 1.25 0.72 0.60 0.61 0.69 0.67 0.59 0.59 0.62 0.61 0.60 0.57 0.55 0.57 0.54 0.52 0.52 0.47 0.48 0.60 0.55 0.41 0.44 0.51 0.49 0.44 0.41 0.40 0.42 0.44 0.45 0.46 0.47 0.45 0.43 0.45 0.50 0.54 0.59 0.69 0.75 0.67 0.56 0.46 0.36 0.35 0.40 0.44 0.39 0.35 0.39 0.43 0.48 0.56 0.63 0.65 0.66 0.71 0.77 0.85 1.08 1.32 1.17 0.95 0.97 0.99 0.88 1.11 1.47 1.30 1.09 0.94
0.53 0.47 0.42 0.48 0.57 0.64 0.69 0.89 1.26 1.55 1.70 1.40 0.88 0.64 0.55 0.56 0.64 0.63 0.57 0.57 0.61 0.62 0.60 0.62 0.63 0.59 0.54 0.52 0.51 0.42 0.39 0.51 0.54 0.43 0.42 0.48 0.48 0.44 0.41 0.40 0.41 0.43 0.43 0.44 0.46 0.45 0.44 0.48 0.53 0.55 0.60 0.73 0.80 0.73 0.63 0.54 0.44 0.39 0.39 0.41 0.37 0.35 0.39 0.44 0.49 0.54 0.61 0.66 0.68 0.73 0.79 0.81 0.96 1.16 1.13 1.00 1.10 1.13 0.90 1.07 1.33 1.30 1.34 1.15
0.51 0.52 0.51 0.54 0.61 0.69 0.72 0.87 1.49 1.71 1.39 0.97 0.78 0.63 0.53 0.52 0.57 0.60 0.57 0.55 0.56 0.56 0.53 0.59 0.71 0.72 0.61 0.51 0.45 0.39 0.32 0.39 0.47 0.43 0.40 0.44 0.47 0.44 0.41 0.39 0.40 0.42 0.43 0.43 0.45 0.45 0.45 0.50 0.54 0.55 0.62 0.75 0.83 0.82 0.74 0.63 0.50 0.41 0.40 0.38 0.34 0.35 0.41 0.46 0.50 0.55 0.61 0.65 0.69 0.76 0.80 0.74 0.78 0.97 1.08 1.14 1.24 1.12 0.85 1.01 1.15 1.23 1.48 1.45
0.43 0.52 0.59 0.62 0.77 0.82 0.75 0.97 1.71 1.76 1.14 0.86 0.77 0.64 0.56 0.51 0.50 0.53 0.57 0.56 0.51 0.47 0.43 0.48 0.66 0.80 0.76 0.52 0.41 0.38 0.30 0.32 0.40 0.41 0.40 0.41 0.44 0.43 0.41 0.40 0.40 0.42 0.43 0.42 0.43 0.47 0.47 0.49 0.53 0.55 0.62 0.76 0.86 0.91 0.86 0.69 0.54 0.45 0.41 0.38 0.34 0.36 0.43 0.48 0.53 0.56 0.59 0.63 0.69 0.81 0.84 0.66 0.55 0.69 0.96 1.29 1.37 1.01 0.71 0.88 0.94 0.98 1.37 1.66
0.40 0.48 0.59 0.72 0.89 0.82 0.68 1.03 1.80 1.65 0.95 0.79 0.77 0.69 0.60 0.53 0.47 0.49 0.54 0.54 0.48 0.42 0.39 0.42 0.56 0.77 0.87 0.65 0.40 0.35 0.31 0.30 0.35 0.39 0.39 0.39 0.40 0.40 0.40 0.40 0.41 0.43 0.43 0.41 0.43 0.49 0.52 0.48 0.49 0.55 0.61 0.73 0.88 0.98 0.95 0.76 0.60 0.49 0.43 0.42 0.38 0.37 0.44 0.51 0.55 0.55 0.57 0.61 0.68 0.85 0.88 0.61 0.39 0.53 0.87 1.36 1.44 0.94 0.63 0.70 0.76 0.82 1.12 1.67
