windninja/windninja_output/Output_2025-08-09_0500-0550_Google earth_Fire_150m_10min/merlingen_7.5mi_point_08-09-2025_0500_150m_ang.asc
ncols	158
nrows	163
xllcorner	391686.332397
yllcorner	5160024.123721
cellsize	150.000000
NODATA_value	-32768.000000
[rows 42 to 83 of 163, columns 0 to 93 of 158]
211 213 212 211 211 210 209 208 208 206 205 204 203 202 201 201 200 199 198 197 195 194 193 192 191 189 187 185 182 181 182 183 184 186 188 190 192 190 187 186 187 188 190 188 183 182 185 188 188 185 183 181 179 178 181 186 190 192 196 202 203 198 194 195 195 188 182 182 182 185 190 189 183 177 171 172 179 182 184 188 190 189 188 185 181 181 188 191 187 182 179 182 190 192
205 206 208 208 209 209 208 207 207 206 204 204 203 202 201 201 200 199 198 197 196 194 193 192 191 190 188 186 183 182 183 185 185 184 183 183 183 182 182 183 186 190 189 184 183 186 191 193 191 186 182 182 183 184 186 190 195 199 202 203 200 192 187 188 188 184 179 179 184 188 189 187 184 179 175 177 184 187 188 188 187 187 183 178 178 186 196 197 193 187 183 183 185 187
200 201 203 205 206 206 207 206 205 205 204 203 202 202 201 200 200 199 198 197 196 194 193 192 191 190 188 186 185 184 184 185 184 182 180 177 175 176 180 184 188 189 186 184 187 194 196 194 188 182 180 184 187 189 192 196 199 201 201 198 193 188 184 181 177 177 177 178 184 188 188 187 187 184 183 186 190 192 192 190 185 181 176 175 183 195 200 199 196 192 187 183 180 184
195 196 199 201 203 204 205 204 204 204 203 202 202 201 200 200 199 198 197 196 195 194 193 192 191 190 188 187 186 185 184 184 182 181 178 175 173 175 180 183 185 185 185 187 192 195 195 188 181 178 182 189 193 196 199 202 203 201 195 190 188 185 181 175 171 171 176 179 183 186 188 189 191 191 193 195 196 195 194 188 181 175 174 181 195 200 199 197 197 196 191 183 178 184
191 192 194 197 200 202 202 202 202 202 202 201 200 200 200 199 198 197 197 196 195 194 193 192 191 190 189 188 187 185 184 183 182 180 177 175 174 175 177 179 181 182 186 190 194 194 189 182 178 181 188 194 201 205 205 205 203 196 187 182 181 180 176 172 171 172 177 182 185 186 187 190 194 197 199 201 199 194 190 184 179 177 182 193 199 199 195 193 195 197 192 183 180 188
187 188 191 194 198 200 200 200 200 200 200 200 199 199 199 198 198 197 197 196 195 194 193 192 191 190 189 188 187 186 184 183 182 179 177 176 176 174 174 175 177 180 185 192 194 189 182 178 181 186 193 200 205 206 204 201 197 189 181 175 175 175 173 171 172 175 180 185 187 187 187 190 195 200 203 204 201 194 187 184 183 185 191 195 196 194 192 191 193 193 190 186 187 193
184 185 188 191 196 199 198 196 197 198 198 198 198 198 198 198 197 197 196 195 195 194 193 192 191 190 189 188 187 186 185 183 182 180 178 176 176 175 173 173 175 177 184 189 189 184 179 180 185 191 198 206 207 205 202 196 189 182 176 174 173 173 174 174 173 176 181 185 187 188 189 192 196 201 205 206 202 196 191 189 190 190 190 190 191 190 190 190 189 186 188 192 195 197
182 182 185 189 193 197 197 194 193 195 196 197 197 197 197 197 196 196 195 195 194 193 192 191 191 190 189 188 187 186 185 184 182 181 179 177 175 174 173 173 174 177 181 183 182 180 180 184 189 196 203 206 204 200 196 190 182 174 172 175 176 177 179 177 175 176 180 184 187 189 191 193 197 201 205 203 199 195 192 191 191 190 188 188 187 187 187 186 183 184 190 198 201 202
181 180 182 186 190 193 195 193 190 192 194 195 195 195 196 196 195 195 194 194 193 192 191 191 190 190 189 188 187 186 185 184 183 181 179 177 174 174 174 174 175 176 176 177 177 178 181 188 197 204 206 203 197 192 189 183 176 172 174 178 181 183 183 179 175 176 180 184 187 190 192 195 199 202 202 198 195 193 192 192 191 190 189 188 186 185 183 181 182 186 192 200 206 208
181 179 178 182 186 189 192 193 190 188 190 192 193 194 194 194 194 194 193 193 192 191 191 190 190 189 188 188 187 186 185 184 183 182 180 177 175 174 174 175 176 175 173 173 175 177 184 194 205 208 202 195 191 187 182 176 172 175 180 185 187 189 185 177 174 177 181 185 188 191 193 196 199 200 198 195 192 191 191 191 191 192 191 188 185 182 180 180 184 189 195 202 209 214
183 178 174 177 182 185 190 193 191 187 187 190 191 192 193 193 193 193 192 192 191 191 190 190 189 189 188 187 186 186 185 184 183 182 180 178 176 174 173 174 175 174 171 171 173 178 186 196 202 197 189 187 187 184 177 171 172 179 187 191 192 189 182 176 175 178 182 186 189 191 193 195 196 196 195 194 192 190 189 189 192 195 195 190 185 182 181 183 187 192 198 204 209 211
183 178 171 173 179 182 185 190 192 188 186 187 189 190 191 191 191 191 191 191 191 190 189 189 188 188 187 187 186 185 185 184 183 182 180 179 178 176 174 173 173 172 171 170 172 180 187 190 190 186 184 184 184 182 176 171 175 185 192 195 192 187 179 175 175 178 182 187 190 191 191 192 194 195 195 194 193 191 188 188 191 194 194 193 190 186 183 184 189 196 200 202 202 201
179 177 171 170 176 179 182 188 192 191 186 185 187 188 189 189 190 190 190 190 190 189 188 188 188 187 187 186 186 185 184 183 183 182 181 180 178 177 175 172 170 170 171 171 172 178 183 183 181 180 184 185 182 180 177 174 180 188 193 193 190 184 178 175 176 179 182 186 189 189 190 193 196 196 195 194 193 192 189 187 187 189 191 192 193 192 189 188 192 197 198 197 194 190
173 175 174 170 172 176 179 184 191 192 188 184 184 185 186 188 189 189 189 189 189 188 188 187 187 186 186 186 185 184 184 183 182 182 181 180 179 177 176 173 170 169 171 172 172 173 175 176 175 178 183 184 181 179 177 177 184 190 191 189 185 180 177 177 177 180 183 186 188 190 194 199 198 195 193 193 193 190 188 185 184 184 187 190 192 194 195 195 196 197 197 193 186 179
169 171 175 174 173 174 175 178 186 191 189 186 183 182 183 186 187 187 187 187 188 187 187 186 186 186 185 185 184 184 183 183 182 181 181 180 179 178 177 175 173 171 171 172 171 169 168 169 171 175 180 181 181 179 177 180 187 190 188 184 179 177 178 180 181 182 184 186 189 196 201 200 195 192 192 192 191 187 186 184 183 183 186 188 190 193 197 200 201 201 198 189 176 169
168 169 172 176 176 176 175 174 178 185 187 187 185 183 181 182 184 185 185 186 186 186 186 185 185 185 184 184 184 183 183 182 182 181 180 180 179 178 177 176 175 173 172 171 170 168 165 164 166 171 176 179 180 178 177 181 186 187 183 179 176 177 180 184 185 184 185 188 194 200 198 194 191 191 190 189 187 185 184 184 185 185 187 189 192 196 200 203 202 199 192 177 166 163
168 168 170 173 176 178 178 175 173 177 182 186 188 187 182 179 181 183 184 184 184 184 185 184 184 184 184 183 183 183 182 182 181 181 180 179 179 178 177 176 175 174 173 172 170 168 165 162 161 165 171 176 177 176 177 181 184 183 178 175 176 178 182 186 188 187 187 189 194 195 191 189 190 189 187 186 184 182 182 184 186 188 190 193 197 201 203 203 198 188 176 167 163 162
166 167 169 171 173 176 178 177 174 173 178 183 187 189 185 180 178 179 181 182 183 183 183 183 183 183 183 183 182 182 182 181 181 180 180 179 179 178 177 177 176 175 174 173 171 169 167 164 161 161 165 170 172 173 177 182 182 178 174 173 175 179 183 188 191 190 187 189 192 191 189 188 188 186 185 184 181 180 183 186 189 191 193 195 199 202 202 197 187 174 163 161 162 164
166 167 169 171 172 174 175 176 175 174 174 176 180 185 187 185 179 177 177 179 180 181 182 182 182 182 182 182 181 181 181 180 180 180 179 179 178 178 177 177 176 175 174 173 172 171 169 167 164 161 160 163 166 170 176 181 180 174 171 172 175 178 184 189 192 191 189 191 192 190 188 186 184 183 183 182 181 182 186 189 191 193 195 197 199 199 196 188 175 164 160 162 164 173
166 167 169 170 172 173 174 174 174 174 173 173 174 179 186 188 184 179 176 176 177 179 180 181 182 181 181 181 180 180 180 180 179 179 179 178 178 177 177 176 176 175 174 174 173 172 170 168 166 163 160 159 160 165 173 180 177 172 170 171 174 178 183 187 191 192 192 193 191 187 185 184 182 181 181 180 182 186 190 191 193 195 198 200 199 195 187 177 167 160 160 167 174 189
167 167 168 168 170 172 173 173 174 174 173 171 171 174 180 186 186 183 179 176 175 176 178 180 180 180 180 179 179 179 179 179 179 178 178 178 178 177 177 176 176 175 174 174 173 172 171 169 168 165 162 161 158 161 171 177 173 170 170 171 174 177 179 184 189 192 195 194 187 184 183 182 180 179 180 181 185 189 191 193 195 198 201 202 198 190 177 166 161 160 165 175 191 202
172 169 166 166 166 168 170 172 174 174 173 171 169 170 174 180 185 185 183 179 175 174 176 178 179 179 179 178 178 178 178 178 178 178 178 177 177 177 176 176 175 175 174 174 173 172 171 170 169 167 164 161 159 160 167 173 172 170 169 170 173 175 179 186 192 196 196 189 184 182 182 181 179 178 179 183 187 188 190 193 196 199 201 199 193 183 169 160 157 162 176 190 202 211
179 172 165 163 163 164 166 169 172 173 173 170 168 169 171 174 179 183 185 183 179 176 175 175 176 177 178 177 178 177 177 177 177 177 177 177 176 176 176 176 175 175 174 174 173 172 171 170 169 168 165 161 159 159 163 169 171 171 169 168 170 177 187 197 199 195 187 181 179 180 181 179 178 178 180 183 185 186 189 193 197 199 198 194 186 173 164 160 160 171 188 199 210 220
182 175 166 163 163 163 165 167 169 170 171 169 167 168 169 170 172 178 183 185 183 180 177 174 174 175 176 177 177 176 176 176 176 176 176 176 176 176 175 175 175 174 174 173 173 172 171 171 170 168 166 163 159 158 159 162 166 169 169 167 171 185 197 196 189 183 178 176 177 178 179 178 178 179 180 181 182 185 189 194 198 198 193 189 180 168 161 162 171 185 197 208 219 228
179 175 169 166 164 163 165 168 170 169 168 168 169 166 167 169 170 172 178 182 183 183 180 177 174 173 174 175 176 175 175 175 175 175 175 175 175 175 175 175 174 174 174 173 173 172 172 171 170 169 167 165 161 158 157 156 157 163 168 170 177 185 186 183 181 179 177 176 176 176 177 177 177 179 179 179 180 185 190 195 196 192 186 179 173 168 165 170 186 197 206 217 226 235
167 170 173 172 168 163 165 170 172 170 167 168 170 168 166 167 169 170 172 176 180 183 183 180 177 175 173 173 173 174 174 174 174 174 174 174 174 174 174 174 174 174 173 173 173 172 172 171 170 169 168 166 164 161 158 154 151 153 162 170 177 177 174 175 177 178 179 178 177 176 175 175 176 177 177 179 180 184 188 189 186 182 175 170 169 169 171 185 198 206 214 223 234 241
151 160 169 174 174 170 170 174 176 172 168 168 169 170 169 167 167 168 168 171 176 179 181 182 181 180 178 175 171 171 171 172 173 173 173 173 174 174 174 173 173 173 173 173 172 172 171 171 170 169 169 167 166 164 161 158 153 152 156 164 168 167 166 167 172 177 180 179 177 176 175 175 174 174 176 178 180 182 183 181 177 173 168 168 170 170 179 194 204 214 223 232 241 242
139 144 155 166 171 173 175 177 178 175 173 173 174 173 173 173 171 169 169 170 172 174 176 179 181 185 185 178 172 169 168 169 170 171 172 172 173 173 173 173 173 173 173 172 172 172 171 171 170 170 169 168 167 166 164 163 160 158 158 160 162 159 157 159 164 170 175 176 176 176 177 176 173 174 176 178 180 180 179 176 172 169 171 177 173 172 185 199 212 221 229 236 238 236
138 137 137 143 153 165 173 173 172 173 175 177 178 178 178 178 177 175 173 171 170 171 172 174 179 185 186 181 175 171 168 167 167 169 170 171 171 172 172 172 172 172 172 172 172 171 171 171 170 170 169 169 168 167 166 165 164 163 162 162 161 158 153 152 154 158 164 168 171 175 177 175 172 174 178 180 180 178 175 172 172 175 182 181 170 173 191 208 220 228 232 232 230 226
145 143 138 135 137 144 152 157 158 163 171 176 178 180 180 179 179 178 178 175 173 171 171 172 175 178 181 181 179 176 172 169 166 166 168 169 170 171 171 171 172 172 172 171 171 171 171 171 170 170 169 169 168 168 167 167 166 166 165 165 164 161 158 156 153 152 152 155 160 166 170 170 171 175 179 181 179 176 174 174 177 183 184 175 169 180 200 215 226 233 232 228 223 215
152 149 146 144 143 144 144 145 145 149 160 167 169 172 174 175 175 176 177 178 177 174 172 172 172 173 175 179 181 179 176 174 170 166 165 166 168 169 170 171 171 171 171 171 171 171 171 170 170 170 169 169 169 168 168 168 167 167 167 166 165 164 163 162 160 157 154 152 152 154 156 160 168 175 179 179 177 175 177 181 184 184 177 169 172 191 208 221 231 232 227 224 221 213
159 155 150 148 147 146 146 145 143 147 157 162 164 167 167 168 168 169 172 174 175 175 174 173 172 172 172 176 180 180 179 177 174 170 166 165 167 168 169 169 170 170 170 171 170 170 170 170 170 170 169 169 169 169 168 168 168 168 167 167 167 166 165 165 164 163 161 159 155 151 148 148 157 169 174 174 174 175 179 184 185 178 169 167 181 203 217 227 230 226 218 215 216 209
168 162 153 148 145 143 143 144 145 148 153 158 162 164 165 165 165 166 167 168 169 171 173 173 173 172 171 173 177 179 179 177 175 173 170 168 167 167 167 168 169 170 170 170 170 170 170 170 170 169 169 169 169 169 168 168 168 168 168 168 167 167 166 166 166 165 164 163 160 158 156 153 155 161 166 168 171 175 181 183 179 170 164 171 196 216 226 227 225 220 211 203 198 179
181 173 157 146 139 136 136 139 143 146 149 153 157 160 161 162 164 165 165 166 166 167 169 171 171 170 170 171 174 176 177 176 175 174 173 171 168 167 166 167 168 169 169 169 170 169 169 169 169 169 169 169 169 168 168 168 168 168 168 168 168 167 167 167 167 166 165 165 164 163 162 161 159 159 160 163 167 174 181 178 169 163 165 187 213 225 227 224 221 219 208 193 178 164
199 190 166 146 131 125 126 130 135 140 145 150 153 155 157 159 161 162 163 165 165 166 167 168 169 170 169 167 169 173 176 177 176 176 174 170 168 166 166 166 167 168 169 169 169 169 169 169 169 168 168 168 168 168 168 168 168 168 168 168 168 168 168 167 167 167 166 166 165 165 165 164 162 161 159 158 162 170 175 170 161 161 178 213 234 235 230 228 225 218 201 181 163 156
217 210 185 147 120 115 115 119 126 134 141 147 151 153 155 157 158 159 161 163 164 165 165 166 169 171 168 164 164 168 174 177 177 176 173 170 168 166 165 166 167 168 168 168 169 168 168 168 168 168 168 168 168 168 168 168 168 168 168 168 168 168 168 168 168 167 167 167 166 166 166 165 164 163 161 158 159 164 167 163 159 170 207 233 240 239 235 228 217 198 181 169 160 157
236 234 216 153 110 105 107 114 123 133 141 147 150 152 153 155 156 157 159 161 162 163 163 165 169 172 168 164 163 166 171 175 176 175 173 172 170 168 166 165 165 167 168 168 168 168 168 167 167 167 167 167 167 167 167 168 168 168 168 168 168 168 168 168 168 168 167 167 167 167 166 166 166 165 163 161 159 160 161 159 163 191 218 224 219 215 213 203 186 177 170 164 161 161
243 241 227 180 130 117 119 122 128 136 144 148 150 151 153 155 155 156 158 159 160 161 161 163 167 169 168 166 166 166 168 170 173 174 173 172 172 172 169 166 165 165 166 167 167 167 167 166 166 165 165 165 166 166 167 167 167 168 168 168 168 168 168 168 168 168 168 167 167 167 167 167 166 166 165 163 161 160 158 159 173 198 205 203 202 201 197 183 172 166 164 163 163 165
237 230 200 170 152 150 148 144 142 145 149 151 151 152 153 154 154 155 156 157 158 158 160 162 165 165 165 166 167 167 166 166 169 173 174 173 173 174 172 170 167 166 165 165 165 165 165 164 163 162 162 163 164 165 166 167 167 167 168 168 168 168 168 168 168 168 168 168 168 168 167 167 167 167 166 165 163 161 159 161 176 190 192 193 196 194 183 170 165 163 163 164 164 167
239 228 179 154 151 159 170 165 160 159 158 156 154 153 152 153 153 154 154 155 156 157 158 160 162 162 161 163 166 166 165 164 166 169 173 175 175 174 173 173 173 170 168 166 164 162 162 161 157 155 156 159 162 164 165 166 167 167 167 167 168 168 168 168 168 168 168 168 168 168 168 167 167 167 167 166 165 164 162 164 173 182 188 193 193 186 169 162 162 164 165 166 167 170
243 223 156 148 152 170 182 179 174 170 167 162 157 154 153 153 153 152 152 152 153 154 155 158 161 161 159 160 163 164 164 162 162 164 168 174 175 174 173 174 175 175 173 171 169 167 165 164 161 158 156 156 159 162 164 166 166 167 167 167 167 167 168 168 168 168 168 168 168 168 168 168 167 167 167 167 166 165 164 165 169 178 188 193 188 171 162 159 160 163 166 169 171 174
184 172 160 159 164 176 182 184 183 179 173 164 158 154 152 152 151 149 148 148 149 150 152 155 158 159 159 160 162 163 163 163 163 163 164 167 170 172 172 172 174 174 173 172 171 170 169 168 167 167 167 164 162 162 164 166 166 166 166 167 167 167 167 167 167 168 168 168 168 168 168 168 167 167 167 167 167 166 165 166 168 175 184 187 176 162 157 156 159 161 165 169 173 177
