windninja/windninja_output/Output_2025-08-09_0500-0550_Google earth_Fire_150m_10min/merlingen_7.5mi_point_08-09-2025_0520_150m_ang.asc
ncols	158
nrows	163
xllcorner	391686.332397
yllcorner	5160024.123721
cellsize	150.000000
NODATA_value	-32768.000000
[rows 86 to 128 of 163, columns 0 to 95 of 158]
261 259 258 258 255 251 245 245 250 255 257 255 255 255 256 256 256 259 262 265 268 270 272 276 278 276 271 268 267 267 265 264 263 262 261 260 259 260 263 267 271 272 270 269 269 271 272 274 275 277 278 276 274 275 277 279 281 282 282 283 284 285 285 286 287 287 288 289 290 291 292 293 295 296 298 300 302 306 311 317 329 337 337 324 308 301 299 298 298 298 298 298 301 305 308 310
262 261 258 257 254 249 245 246 251 255 255 253 255 255 255 254 253 255 258 262 265 267 271 280 286 282 272 268 267 265 265 266 266 268 267 263 260 258 259 262 267 271 272 270 269 270 271 272 273 275 277 278 277 276 277 279 280 282 283 284 285 286 286 287 287 287 288 289 290 291 292 293 294 296 297 299 302 305 309 315 323 330 329 320 306 299 297 296 295 295 296 300 303 307 310 311
264 263 260 257 252 246 245 246 249 250 252 255 256 253 252 250 248 251 254 260 263 266 275 285 292 285 271 267 265 264 264 265 267 269 271 270 267 264 261 260 262 266 271 272 271 269 269 270 271 273 275 277 278 278 278 279 280 282 284 286 287 287 287 287 287 288 288 289 290 291 292 293 294 295 297 299 301 304 307 311 317 322 322 314 304 298 295 293 294 295 298 301 300 296 292 292
265 264 261 257 253 249 246 245 244 246 252 257 255 251 249 245 244 248 254 260 266 275 284 288 286 272 266 265 263 263 263 264 266 267 269 272 273 271 266 263 263 264 268 272 272 270 268 268 270 272 274 277 280 282 281 279 278 279 283 288 291 290 288 288 288 288 288 289 290 291 292 293 294 295 297 298 300 302 305 308 312 316 316 309 300 294 291 290 293 296 296 296 291 283 280 282
265 263 258 255 255 254 250 245 241 243 252 255 251 248 245 242 243 247 254 265 277 287 288 278 258 251 259 262 262 262 263 264 265 266 267 269 272 274 271 267 264 265 267 270 273 272 270 268 269 272 275 279 282 284 283 279 275 276 282 291 296 293 290 288 288 288 288 289 290 290 291 292 294 295 296 297 299 301 303 305 308 311 313 308 302 298 295 292 293 294 290 286 283 280 280 282
262 259 251 249 250 252 249 244 239 244 251 251 243 241 240 240 243 245 252 268 285 293 281 256 236 238 253 259 261 262 263 264 265 266 268 269 270 273 275 270 265 264 266 269 272 273 272 270 269 271 276 280 284 287 286 281 280 283 286 290 297 295 291 289 288 288 288 289 290 290 291 292 293 294 295 297 298 300 301 303 305 307 309 309 305 303 300 296 294 290 282 275 276 275 273 274
260 256 248 245 244 244 242 236 231 238 245 244 238 237 239 242 244 246 256 269 279 281 257 238 226 235 251 257 260 262 263 264 266 268 270 270 270 272 274 274 268 263 263 267 271 273 272 270 269 271 275 281 286 289 292 291 289 288 286 284 289 293 291 289 288 288 288 289 290 290 291 292 293 294 295 296 297 298 300 301 302 304 305 306 304 301 299 295 290 282 269 266 269 269 268 271
261 258 252 248 247 246 242 233 225 232 238 236 229 227 229 237 244 251 263 267 260 232 225 225 224 238 251 256 259 261 263 265 268 271 272 272 271 271 272 275 273 265 261 264 268 271 272 271 270 271 274 282 289 291 294 296 290 285 281 279 282 288 289 288 288 288 288 289 290 290 291 292 292 293 294 295 296 297 298 299 300 301 302 302 299 296 293 289 281 271 265 267 270 270 271 274
261 259 256 256 257 255 251 241 231 238 241 236 229 226 227 237 246 254 261 255 238 218 214 220 227 243 253 256 258 259 261 265 271 275 274 272 272 272 273 275 276 272 265 262 264 267 271 272 272 273 277 284 292 291 291 293 289 284 281 279 280 284 287 288 288 288 289 289 289 290 291 291 292 293 294 295 295 296 297 298 299 299 299 299 297 294 290 285 278 273 273 275 277 278 279 280
260 258 257 260 261 258 254 251 255 260 257 249 243 242 245 254 254 258 257 245 229 223 221 228 237 249 255 257 258 257 261 267 272 274 274 273 273 274 275 276 279 279 273 266 263 266 270 274 277 280 282 283 287 288 287 289 289 286 284 282 282 284 286 287 288 288 289 289 289 290 291 291 292 293 293 294 295 295 296 297 297 298 298 297 296 294 291 287 284 282 282 283 283 284 285 285
261 260 260 261 259 253 250 251 261 272 270 262 255 253 259 264 262 264 256 231 224 228 232 243 252 257 259 259 259 261 265 268 268 269 272 274 275 276 276 277 280 284 282 275 270 270 272 277 281 283 281 276 275 281 283 285 287 286 285 284 283 284 286 287 288 288 289 289 289 290 291 291 292 292 293 293 294 295 295 296 296 297 297 296 295 294 293 291 289 288 287 287 288 288 289 289
265 264 263 260 256 251 247 247 253 262 266 263 262 259 262 265 268 266 250 226 222 231 242 256 265 265 262 260 262 266 268 267 265 266 270 273 275 277 278 279 281 286 288 283 279 277 276 277 279 277 272 268 270 275 279 281 283 284 284 285 284 285 286 287 288 289 289 289 290 290 290 291 291 292 292 293 294 294 295 295 296 296 296 296 295 294 294 293 292 291 291 291 291 291 292 293
266 266 263 260 259 255 250 248 249 253 256 260 264 266 268 269 268 259 240 227 226 235 250 262 268 262 258 260 263 266 267 267 266 266 268 272 275 279 282 283 284 287 290 287 281 279 279 276 274 270 268 268 269 272 276 278 279 282 284 284 284 285 286 288 289 289 290 290 290 290 290 290 291 291 292 293 293 294 294 295 295 296 296 296 295 295 294 294 294 293 293 293 294 294 295 295
265 264 262 263 264 262 260 257 253 250 251 254 257 265 269 266 259 249 236 229 232 246 259 263 255 245 251 257 261 264 265 267 268 269 270 272 276 279 283 287 288 289 292 291 284 281 280 277 273 271 270 271 271 272 275 277 278 280 283 285 284 284 286 287 289 290 291 291 290 290 290 290 291 291 292 292 293 293 294 294 295 295 295 296 295 295 295 295 295 295 295 295 295 296 296 297
264 263 262 263 263 261 260 260 256 252 252 252 253 259 261 257 254 251 241 238 250 263 265 253 235 237 248 255 259 261 263 266 269 272 274 276 278 279 282 288 292 292 294 295 289 283 280 278 275 273 272 273 273 274 275 277 278 278 281 285 286 286 285 286 289 291 292 292 291 290 290 290 290 291 291 292 292 293 293 294 295 295 295 296 296 296 296 296 296 296 296 296 297 297 298 298
265 264 263 262 260 258 258 258 256 254 254 252 249 248 249 250 253 254 250 256 268 271 258 239 234 240 249 253 256 258 261 265 270 274 279 281 281 281 283 288 294 296 297 299 294 286 280 279 277 276 274 274 275 275 276 277 277 278 280 283 286 286 285 285 288 291 293 293 292 290 289 289 290 290 291 291 292 293 293 294 294 295 295 296 296 296 296 296 297 297 297 297 298 299 299 300
266 266 264 261 258 258 258 257 256 256 254 253 249 244 245 250 253 254 254 262 266 257 241 237 238 244 249 253 254 257 262 266 270 275 280 284 286 286 286 288 294 298 299 301 300 293 286 282 280 278 276 275 275 276 276 277 279 279 279 281 285 287 287 285 286 289 292 292 291 288 286 288 290 290 290 291 291 292 293 294 294 295 295 296 296 296 297 297 297 298 298 298 299 299 300 300
266 265 263 261 259 258 258 257 257 256 256 255 254 256 259 259 258 256 258 261 254 237 235 240 241 243 248 253 257 261 265 267 270 275 279 285 289 290 289 289 294 299 301 303 305 301 292 285 281 278 277 276 277 278 278 279 279 279 280 281 284 287 288 286 285 287 290 290 289 287 285 288 290 290 290 290 290 291 292 293 294 295 296 296 297 297 297 297 298 298 299 299 300 300 300 301
266 265 262 260 259 259 259 258 257 257 259 260 262 268 272 270 265 260 259 255 243 235 237 241 240 242 248 254 258 264 268 269 271 274 278 282 288 292 292 292 295 300 303 304 307 306 298 290 284 280 278 278 279 280 280 279 279 279 280 281 283 285 286 286 285 286 288 290 290 288 285 285 287 288 287 287 289 291 292 293 294 295 296 296 297 297 298 298 298 299 299 300 300 301 301 303
266 264 261 259 259 260 259 258 256 258 261 264 268 272 274 273 268 262 257 249 242 240 241 240 240 243 248 252 256 263 268 272 273 273 275 280 287 294 297 297 299 302 304 306 309 310 305 297 291 286 282 281 280 279 280 281 280 279 279 280 281 282 284 285 285 285 287 290 290 288 285 282 282 285 286 287 289 291 290 291 293 296 297 297 297 298 298 298 299 299 299 300 300 301 302 303
265 263 260 258 257 257 257 257 256 259 263 266 269 271 273 271 266 261 254 246 244 246 245 241 240 244 247 249 255 262 268 273 275 271 272 279 289 296 300 301 302 304 305 307 310 313 311 305 299 293 287 284 282 279 279 280 281 280 279 278 279 282 283 284 285 285 286 289 290 287 284 282 282 285 288 290 292 292 291 291 294 298 299 298 298 298 298 299 299 299 299 300 301 302 302 303
264 262 258 256 256 256 257 258 259 261 264 265 264 263 265 266 263 259 253 246 245 250 251 244 240 243 245 246 252 262 270 274 273 267 272 283 293 298 298 300 304 306 306 308 312 315 317 313 306 299 291 286 284 281 279 278 280 280 280 278 278 281 283 284 285 285 284 287 291 288 283 283 284 285 287 289 291 295 296 295 296 299 301 300 299 299 299 299 299 299 299 300 301 302 302 303
264 261 257 256 257 257 259 261 262 262 261 259 257 254 257 260 261 258 251 247 250 255 256 249 242 242 244 244 249 260 269 271 270 265 275 288 294 295 295 301 308 308 307 310 314 316 320 320 313 305 296 289 286 284 281 278 278 279 281 280 278 279 283 284 283 284 284 285 289 290 284 281 283 285 286 288 290 295 298 296 294 298 302 302 301 300 299 299 298 299 299 300 301 301 302 303
264 262 260 261 262 263 262 260 259 257 255 253 251 251 254 259 261 254 244 247 255 260 260 255 248 244 245 244 250 261 267 268 268 267 276 287 292 293 298 303 307 304 306 312 316 317 321 325 321 311 303 295 290 287 284 281 279 278 281 282 280 278 280 282 281 281 284 285 287 290 286 281 283 287 288 288 290 292 295 295 293 295 301 304 303 301 300 298 298 298 298 299 300 301 301 302
266 265 266 267 267 265 261 257 255 253 252 251 249 251 256 262 264 250 239 245 255 264 266 260 256 251 247 246 252 260 266 267 266 266 274 284 290 296 302 305 302 299 304 312 316 317 322 329 327 318 309 301 293 287 286 285 282 279 280 282 282 279 277 278 278 279 282 286 287 289 289 285 284 286 287 287 288 288 290 293 293 294 298 303 304 302 299 298 297 296 296 297 297 299 300 301
270 269 269 268 265 261 258 256 255 252 251 252 254 255 260 265 267 249 237 244 252 263 271 269 263 261 258 254 253 255 262 267 266 265 274 284 293 300 305 305 302 299 300 308 314 318 322 329 331 324 315 307 298 289 287 287 285 280 279 281 283 279 276 276 277 278 280 284 288 290 291 288 284 284 285 285 286 286 287 289 292 294 296 301 304 303 300 297 294 292 292 293 295 297 298 299
271 271 268 264 262 259 257 256 254 252 249 252 259 262 263 267 268 254 241 245 249 257 269 274 266 267 271 270 262 254 254 262 267 270 279 288 296 302 305 304 303 296 293 301 313 319 322 326 330 328 322 315 305 294 288 288 287 282 279 280 282 281 277 277 279 279 279 281 286 290 290 288 285 284 284 284 286 287 287 288 291 294 297 301 304 305 300 295 290 286 288 292 296 298 299 299
271 270 266 263 261 260 259 257 253 250 249 254 261 264 263 267 271 272 259 249 247 252 259 268 267 270 277 280 275 263 254 256 264 275 284 291 295 297 299 298 295 288 288 297 311 320 320 322 328 330 327 324 314 299 291 289 289 285 280 279 281 282 279 279 281 280 279 279 283 289 291 290 288 286 284 284 286 288 289 288 289 293 297 298 301 304 298 293 289 288 293 299 302 301 299 298
269 266 263 262 261 261 260 259 254 250 254 260 262 260 260 267 277 299 297 259 248 248 252 260 268 274 277 279 279 276 263 256 262 274 283 289 289 290 292 293 287 286 291 297 308 318 321 324 327 329 331 331 323 307 294 290 290 288 283 280 280 282 280 280 282 283 281 280 282 286 290 290 288 288 286 284 285 288 291 289 287 291 296 299 301 305 299 295 295 297 301 307 308 303 297 296
267 264 262 262 262 260 258 257 255 256 264 268 264 255 257 268 282 310 330 279 259 252 251 257 267 275 276 274 276 283 275 261 262 270 281 288 290 290 288 287 288 292 296 298 305 316 324 327 326 328 332 336 332 317 299 291 289 289 285 281 281 282 282 280 282 284 283 281 282 284 286 286 284 286 288 285 284 286 290 291 287 289 296 301 303 308 304 300 301 301 304 310 311 307 301 303
268 265 262 261 261 260 256 253 256 264 272 275 267 254 257 269 283 312 345 311 281 269 262 260 263 270 273 271 274 285 286 270 262 266 277 288 293 292 286 286 292 296 298 297 301 313 322 324 322 324 331 338 340 328 306 292 289 289 288 284 282 282 282 281 282 284 284 282 282 282 284 284 282 283 286 288 285 284 287 289 287 288 296 301 302 307 308 304 303 304 306 311 314 312 309 310
271 266 262 261 261 260 257 255 260 266 273 277 271 259 260 267 277 305 341 328 303 286 278 269 264 266 270 271 276 285 289 279 268 269 277 287 292 292 286 290 296 298 297 296 298 306 315 319 321 323 330 340 346 339 318 297 290 289 289 286 284 285 284 283 283 284 284 283 282 282 284 285 284 281 282 287 288 285 284 287 288 290 296 301 301 305 308 306 304 305 308 313 316 313 311 311
275 267 262 261 262 262 262 264 266 267 268 273 278 271 264 263 269 295 330 332 316 296 286 280 276 271 273 277 277 281 289 293 291 286 283 283 287 290 289 293 298 297 295 292 293 299 311 319 323 326 331 342 350 348 330 303 291 289 289 287 287 288 288 285 284 285 285 283 282 282 284 286 285 282 281 284 288 287 286 288 290 291 296 301 302 304 307 306 305 307 311 316 317 312 310 310
280 270 262 263 266 265 266 269 271 270 266 269 282 281 267 261 267 285 316 329 323 305 293 288 285 282 281 282 280 284 293 302 302 294 286 280 279 287 294 296 295 292 289 289 292 298 306 314 321 326 330 341 351 354 340 309 293 289 289 288 287 290 290 287 285 283 284 282 280 281 284 286 287 286 282 280 282 286 287 288 288 288 293 300 302 304 307 307 306 309 312 317 319 311 308 310
283 270 263 264 267 268 268 272 274 273 268 270 283 288 272 264 267 276 300 322 325 314 301 293 288 287 286 286 288 292 293 296 296 290 284 280 279 284 293 296 291 287 288 292 296 298 303 311 320 325 329 338 351 357 349 316 295 289 289 288 288 289 287 282 277 275 277 281 281 280 282 286 288 288 285 280 279 281 284 285 286 287 292 298 301 305 308 308 308 309 312 318 319 310 308 312
292 275 268 265 263 264 266 271 276 277 271 272 283 297 280 266 265 272 286 308 321 316 306 298 292 290 289 291 293 294 293 290 288 286 283 281 281 281 285 294 290 285 284 287 291 295 301 310 321 325 328 335 349 360 356 325 297 290 289 288 285 282 276 268 262 266 273 283 287 283 282 283 286 289 289 285 280 278 280 283 286 288 293 299 302 307 310 310 309 309 313 319 319 310 308 313
328 285 277 270 261 258 260 263 269 275 274 275 285 306 292 270 263 265 273 285 303 309 306 301 294 291 291 293 294 294 295 292 288 287 283 280 281 277 277 290 294 285 276 274 280 287 294 303 313 318 322 329 346 3 359 330 300 290 287 283 276 268 262 261 262 268 275 285 293 291 284 283 285 288 291 290 285 280 280 282 285 289 295 302 306 310 314 314 311 310 315 323 317 306 306 312
334 291 282 275 265 260 258 257 259 263 270 277 288 308 299 279 264 257 259 270 284 295 300 297 293 292 292 292 295 297 299 296 289 287 285 280 280 277 274 284 295 290 275 267 270 278 285 294 305 312 315 322 344 5 359 331 298 285 280 274 264 260 264 270 274 276 277 280 289 295 291 287 287 287 290 293 293 288 285 285 286 290 297 304 308 311 316 317 312 311 317 324 315 305 307 314
319 291 282 278 271 266 262 257 256 257 262 273 286 299 298 286 269 254 251 260 274 285 292 294 293 291 290 296 301 304 306 298 290 289 286 280 280 281 275 278 292 295 282 268 266 271 279 289 303 310 312 318 342 7 3 330 293 276 273 270 265 269 276 279 281 280 278 275 278 288 292 288 287 288 290 294 298 297 293 291 290 289 292 300 305 309 317 317 309 309 317 324 315 307 310 317
306 287 281 280 275 269 265 262 260 259 259 263 272 284 291 287 276 260 250 253 265 279 288 289 289 291 298 307 311 314 315 299 290 289 287 280 279 283 279 277 287 297 293 276 267 267 274 285 299 307 309 315 339 8 10 336 291 275 272 275 279 280 282 282 281 279 278 275 272 275 283 285 286 289 291 294 299 300 297 293 291 287 286 292 300 308 318 316 309 310 318 323 315 308 312 321
303 284 280 282 278 271 268 269 267 262 257 255 258 270 281 288 285 271 261 257 262 276 290 293 299 307 313 317 320 325 324 303 289 287 288 281 278 282 282 279 283 296 300 286 272 269 273 281 293 302 302 308 335 10 16 344 293 277 275 279 284 283 281 280 278 277 276 274 271 270 274 281 286 290 293 296 299 301 298 295 293 291 287 289 296 307 318 316 310 310 317 322 313 309 315 323
310 286 280 283 281 275 272 274 272 266 256 250 252 261 275 288 292 283 277 275 283 292 300 308 309 311 316 319 322 329 331 310 291 285 285 282 278 279 282 280 281 292 303 298 281 272 272 277 285 292 294 300 328 17 26 346 293 279 277 277 279 278 277 277 276 276 274 273 272 270 271 275 281 287 291 296 301 303 302 302 301 298 294 292 296 308 321 321 316 314 317 319 313 311 317 325
315 289 281 283 284 281 277 274 273 269 261 254 252 254 263 279 289 289 292 302 307 305 302 304 304 301 301 306 316 326 330 317 296 285 278 276 276 277 278 278 280 288 302 308 294 277 270 270 273 279 286 291 320 33 35 332 290 280 276 275 275 274 275 275 275 275 273 272 271 270 269 270 274 281 287 290 298 304 303 304 305 303 300 298 299 309 320 322 321 319 320 320 317 316 318 324
