windninja/windninja_output/Output_2025-08-09_0500-0550_Google earth_Fire_150m_10min/merlingen_7.5mi_point_08-09-2025_0500_150m_ang.asc
ncols	158
nrows	163
xllcorner	391686.332397
yllcorner	5160024.123721
cellsize	150.000000
NODATA_value	-32768.000000
[rows 0 to 41 of 163, columns 0 to 93 of 158]
197 196 194 192 192 193 193 192 192 192 192 192 193 195 199 202 205 201 197 195 189 185 186 189 191 192 191 188 187 189 190 190 191 189 188 190 192 191 190 188 187 187 188 188 187 187 188 184 180 180 182 182 183 184 185 186 185 185 184 183 183 183 183 182 182 182 183 184 184 183 182 183 183 183 182 183 185 185 183 181 183 184 184 185 185 184 183 184 185 184 184 184 184 184
199 198 194 193 193 194 195 195 194 193 192 191 192 194 198 201 200 195 191 190 187 182 183 189 192 193 191 188 188 190 191 191 191 189 188 190 191 190 188 187 186 186 187 186 185 185 186 183 179 179 181 182 183 185 186 186 185 184 184 183 183 183 183 182 181 182 183 184 184 183 183 183 183 182 182 183 186 186 183 182 184 185 185 186 187 184 182 185 187 186 184 184 185 185
200 198 195 193 194 195 197 197 194 191 188 188 189 192 196 198 195 191 189 189 186 181 179 186 193 195 192 190 190 192 192 191 190 189 188 188 189 188 187 186 185 184 184 184 183 183 183 183 182 180 180 181 184 187 187 185 184 184 184 185 184 182 182 182 182 182 183 185 185 184 184 184 183 182 182 184 186 186 184 183 186 187 187 188 188 184 182 185 188 189 186 185 185 185
194 196 196 195 195 195 194 192 189 187 186 187 188 191 193 195 193 191 191 191 189 184 179 182 189 193 193 191 191 191 192 192 190 187 186 186 187 188 187 185 184 183 182 182 182 182 182 184 185 183 182 183 185 186 185 184 184 184 184 185 184 183 183 183 183 183 183 184 185 185 185 184 183 183 183 184 184 185 186 186 186 188 188 187 186 184 182 183 186 187 188 186 184 183
189 193 197 196 196 194 190 188 187 188 189 188 188 189 190 192 194 193 194 195 193 187 180 178 183 188 190 191 190 190 191 191 190 187 185 186 187 187 185 183 182 181 181 181 182 182 183 184 185 185 186 186 186 186 186 186 185 184 184 184 184 184 184 184 183 183 183 185 185 186 186 185 184 184 184 185 183 183 186 188 187 187 188 187 186 185 181 178 180 182 186 186 184 181
189 191 195 197 196 193 189 187 188 191 192 189 187 188 189 192 196 198 198 198 196 190 181 175 177 182 186 189 190 189 190 190 189 188 188 187 186 184 182 182 181 180 180 182 183 184 185 185 186 187 188 189 188 187 187 187 185 184 183 183 184 184 184 184 184 183 184 184 185 187 188 187 184 183 185 186 185 183 185 190 191 186 185 185 186 187 183 176 172 175 178 181 182 180
194 193 193 195 195 193 191 191 192 193 192 189 186 187 190 193 196 199 199 197 196 192 183 174 172 178 183 186 187 188 188 188 188 189 189 187 184 183 183 183 183 182 183 184 185 186 187 186 187 188 189 190 189 188 188 187 185 184 183 182 182 183 184 185 185 184 184 184 185 186 187 187 184 183 184 185 186 186 187 191 191 186 183 184 186 188 186 178 170 167 167 171 176 177
196 196 194 193 194 194 195 196 195 193 190 187 184 186 191 193 195 197 198 196 196 194 188 178 171 174 180 182 184 186 186 186 187 189 188 186 184 185 186 186 186 186 186 187 187 187 187 187 188 189 189 189 189 189 189 187 185 183 182 180 180 182 184 186 186 186 184 184 185 185 185 185 186 186 184 185 187 189 191 191 189 184 182 184 186 187 186 182 175 167 161 163 168 173
197 197 197 195 195 196 199 199 197 193 189 184 182 184 190 194 194 195 197 197 196 195 192 185 176 173 176 180 182 185 185 184 187 188 187 186 187 188 189 190 190 190 189 188 188 187 187 188 188 188 189 188 188 189 189 186 184 182 181 180 181 182 183 186 188 187 184 183 184 186 185 185 187 188 187 186 188 192 194 192 187 183 180 180 182 182 184 183 178 174 172 171 171 172
198 199 199 198 197 197 198 198 195 192 188 184 180 181 188 193 194 193 194 195 195 194 192 188 182 176 174 179 182 183 184 184 185 188 188 189 190 191 192 193 193 191 190 189 188 188 188 189 188 187 188 189 188 187 187 185 183 183 183 184 185 183 182 185 187 186 183 182 185 188 189 188 187 188 189 189 191 192 191 188 186 183 179 176 176 177 178 178 176 177 179 177 174 174
200 200 200 199 198 198 197 196 194 192 189 186 181 180 185 192 193 192 191 191 193 193 192 190 186 181 178 180 183 183 184 185 186 187 190 191 192 193 193 193 192 191 190 190 191 190 188 189 190 189 189 189 188 186 186 187 187 187 190 191 190 187 184 183 181 180 181 182 187 191 191 189 187 188 191 193 193 189 183 181 183 184 183 178 172 171 172 171 173 178 182 179 175 176
201 201 201 200 199 198 197 195 194 192 190 187 183 181 184 188 191 191 190 189 191 192 193 192 189 186 184 184 184 184 186 188 188 188 191 193 194 194 192 192 192 193 192 192 193 193 192 194 197 196 193 191 191 190 191 194 196 197 199 201 201 196 186 176 172 172 176 182 187 188 187 188 187 187 189 190 189 185 178 175 179 183 184 181 174 171 172 171 172 177 181 179 176 177
202 202 202 201 200 198 197 196 195 193 191 189 186 184 184 186 187 189 190 189 189 191 193 194 194 193 191 188 187 187 188 189 188 189 192 195 195 193 192 192 193 193 193 194 196 198 200 204 209 208 203 203 205 208 209 207 207 209 215 222 223 211 184 159 151 156 165 173 176 178 182 186 186 184 182 182 183 182 179 178 178 180 181 179 176 175 176 175 176 178 180 181 179 177
204 204 202 201 200 199 198 197 196 194 192 190 188 187 187 188 187 185 187 189 189 191 195 198 199 198 194 191 189 189 190 189 189 190 192 194 193 192 192 193 194 197 200 203 206 208 209 210 211 212 211 210 212 216 222 220 215 217 218 217 210 197 183 169 157 149 146 146 150 162 175 181 181 179 176 176 178 179 181 181 179 177 177 178 179 179 178 179 181 180 181 183 184 182
205 205 203 202 201 200 199 198 196 195 193 191 188 187 189 191 189 184 184 188 191 194 198 200 201 198 194 192 191 191 192 191 190 190 190 191 193 195 196 199 205 213 220 224 222 220 215 206 204 207 208 205 203 203 203 203 198 197 196 195 192 187 181 180 180 174 164 152 139 141 158 169 173 175 175 175 175 178 182 180 175 173 175 178 182 183 181 184 188 187 186 191 195 195
206 206 204 203 202 201 200 199 197 196 194 192 188 185 186 190 191 188 186 188 192 194 197 199 199 196 192 192 193 192 191 190 189 190 192 195 201 207 211 216 222 223 221 216 210 208 206 201 199 202 201 197 192 190 191 194 195 190 186 185 185 182 181 183 185 182 175 169 161 148 144 152 162 170 175 175 176 181 182 176 171 172 175 180 185 189 190 194 198 199 199 201 203 203
207 207 206 204 203 202 200 199 198 196 194 192 189 185 183 187 192 192 190 190 191 193 195 197 197 195 193 192 193 191 190 191 194 199 205 211 216 218 218 216 213 207 202 202 201 199 200 199 194 190 192 191 188 187 190 194 196 192 184 181 182 182 183 183 184 183 180 175 172 167 154 143 146 158 167 172 178 181 177 174 175 178 180 185 193 201 206 212 209 199 195 195 196 197
208 208 207 205 204 202 201 199 198 197 195 193 191 187 183 186 191 194 193 193 193 194 195 196 196 197 195 192 191 192 194 198 204 209 212 212 209 206 204 202 201 198 198 200 201 198 196 195 191 186 185 186 188 190 192 193 194 191 185 181 182 184 185 184 182 181 181 178 177 176 168 159 152 152 157 167 174 175 174 177 184 186 188 196 206 212 216 212 201 187 183 189 193 194
209 209 208 206 204 203 202 200 198 197 196 194 192 190 187 187 191 194 196 197 197 197 196 196 198 198 197 195 193 196 200 204 207 207 206 206 204 201 200 199 199 199 200 200 200 198 193 188 188 188 187 186 188 190 191 190 190 189 186 182 184 186 187 184 181 180 181 182 181 177 172 169 166 163 160 159 164 170 179 191 196 195 196 198 200 201 200 197 194 186 178 182 189 191
211 210 208 207 205 204 202 201 199 198 197 196 194 192 190 190 193 196 198 198 198 197 196 196 197 197 197 197 197 198 201 204 206 206 207 207 205 201 198 197 197 197 198 198 196 194 191 188 188 190 191 188 186 186 186 186 187 189 187 185 186 189 188 184 180 179 181 183 180 175 174 174 174 174 172 168 170 179 190 196 194 191 188 187 189 193 194 194 194 189 180 178 184 188
212 211 209 207 206 204 203 202 200 199 198 197 195 193 193 193 194 196 196 196 196 196 196 195 196 197 198 198 198 199 200 202 204 204 203 201 199 196 193 194 195 196 197 196 194 191 191 191 190 190 191 189 186 182 181 183 185 187 189 188 189 191 188 183 180 179 179 178 176 175 178 180 179 178 176 177 181 186 189 190 187 185 185 183 184 188 192 194 193 188 182 179 184 188
213 212 210 208 207 205 204 202 201 199 198 197 196 195 194 194 194 195 195 195 195 195 195 195 196 197 198 199 199 199 199 199 200 198 195 194 195 194 193 194 196 197 197 195 194 194 193 192 190 189 189 188 186 183 181 181 183 184 188 191 191 190 187 183 179 176 175 175 176 180 184 186 184 180 176 176 179 184 188 190 188 188 188 184 181 185 189 191 189 186 184 182 185 188
213 213 211 209 207 205 204 203 202 200 198 198 197 196 195 195 194 195 195 195 195 195 195 196 196 197 198 199 200 199 197 195 194 194 193 194 196 198 198 197 197 197 196 196 196 194 191 190 189 189 189 188 188 186 183 181 181 182 185 191 191 189 186 181 175 173 173 175 181 187 189 189 186 181 176 173 175 180 185 189 192 192 191 188 182 181 183 185 185 186 185 184 186 188
215 213 211 210 208 206 205 204 202 201 199 197 197 197 196 195 194 195 195 195 195 195 195 196 196 198 199 201 202 200 196 192 191 194 197 199 200 202 200 198 196 195 196 197 194 190 190 191 190 189 189 189 189 187 184 182 181 181 184 188 190 188 184 176 171 172 176 181 188 194 194 191 185 179 178 177 175 175 178 186 193 194 194 193 187 179 176 178 183 186 187 187 187 188
216 214 212 211 209 207 205 204 203 201 200 198 198 197 196 195 195 195 195 195 195 195 196 196 197 198 201 204 205 201 196 192 192 195 199 201 202 202 199 196 194 193 194 192 190 190 192 194 193 190 190 189 187 185 184 183 182 183 184 185 187 185 179 173 171 174 180 189 198 200 197 188 179 177 181 184 180 172 173 181 189 192 193 195 192 183 175 175 180 186 189 189 189 188
217 215 213 212 210 208 206 205 203 202 200 199 198 197 196 196 195 195 195 195 195 196 196 196 196 198 202 205 206 203 198 194 192 192 196 199 202 202 198 194 192 191 189 188 190 194 196 195 193 191 190 189 187 185 183 182 184 188 188 185 181 176 173 175 179 181 186 195 201 202 193 179 174 178 185 189 186 175 169 173 180 185 190 193 193 188 181 179 181 184 186 187 188 189
218 216 214 212 210 208 206 205 203 202 201 200 198 197 197 196 196 196 196 196 195 195 195 195 196 197 200 204 206 205 202 198 194 190 192 196 199 201 198 192 190 188 186 187 191 194 195 195 193 191 191 191 189 184 180 181 187 192 191 184 174 168 170 178 186 190 193 197 200 196 185 175 175 180 185 188 189 183 169 165 171 178 184 187 189 188 186 185 186 186 183 181 183 188
218 217 215 213 211 209 207 205 204 202 201 200 199 198 197 197 196 196 196 196 195 194 194 194 195 195 197 201 204 205 205 203 198 193 191 192 195 198 197 193 189 186 184 186 189 189 191 194 193 190 190 190 189 185 180 181 188 192 187 179 172 169 172 182 191 197 198 199 196 188 181 178 178 181 184 185 187 187 178 166 165 172 178 180 182 186 189 190 191 191 185 177 176 183
219 218 216 214 211 209 207 206 204 203 202 201 200 199 197 197 196 196 195 195 194 194 194 194 193 193 193 196 199 202 205 205 201 197 192 187 189 193 194 191 187 184 184 185 186 187 189 192 194 190 186 188 188 186 184 183 185 186 183 176 172 175 181 186 192 197 198 196 190 182 179 181 183 185 187 184 183 186 185 175 165 166 171 174 178 186 191 191 192 194 191 181 173 176
220 219 217 214 212 210 208 206 205 203 202 201 200 199 198 197 196 196 195 195 195 195 194 193 192 190 188 191 195 198 201 204 203 198 189 183 184 188 189 187 184 183 184 185 185 186 187 188 189 188 186 186 188 189 189 186 183 183 182 177 173 180 190 194 196 197 195 190 184 178 178 184 189 191 189 184 181 186 190 182 169 163 166 172 179 187 189 187 189 193 194 188 177 171
221 220 217 215 213 210 208 206 205 203 202 201 200 199 198 197 196 196 195 195 195 194 193 192 191 188 186 188 192 196 200 204 202 195 186 182 183 185 186 184 182 183 185 186 187 186 185 183 183 186 187 187 189 193 194 191 187 183 181 180 179 185 197 203 201 195 189 185 182 178 179 188 194 191 186 182 182 186 190 187 176 167 165 170 178 182 182 182 185 191 195 194 187 174
222 220 217 215 213 211 208 206 205 203 202 202 201 200 199 198 197 196 195 195 194 194 193 192 190 187 186 188 192 199 203 202 198 193 187 183 182 183 183 183 184 185 186 188 188 187 184 181 182 187 189 189 192 197 198 196 192 187 182 182 185 190 199 205 201 191 184 182 181 182 185 189 187 183 181 181 183 186 189 189 184 177 171 170 173 176 177 181 187 192 196 199 197 186
223 221 218 215 214 211 208 206 205 204 203 202 201 200 199 198 197 196 195 195 194 193 192 191 189 187 186 187 190 194 196 195 194 195 191 183 180 181 182 186 188 189 189 189 189 188 185 185 188 191 191 192 193 197 200 196 191 190 188 188 190 193 196 199 198 189 180 177 180 186 187 182 178 178 179 181 182 184 187 190 190 187 180 174 173 175 178 184 191 195 198 199 198 191
223 222 218 216 215 211 208 207 206 204 203 202 201 200 200 199 198 197 196 195 194 193 191 190 189 187 185 185 185 186 188 191 194 198 195 182 176 181 185 189 191 191 191 191 191 190 189 191 194 194 193 193 193 196 199 194 188 188 192 195 193 189 189 193 196 192 181 173 176 183 183 180 179 180 180 179 179 180 184 191 195 194 188 180 176 179 183 185 188 193 196 196 193 187
223 222 219 217 215 211 208 207 206 205 203 202 202 201 200 199 198 197 196 195 194 193 190 189 188 187 186 185 182 182 186 191 194 196 194 185 177 182 188 191 193 195 195 197 196 194 194 196 196 195 195 195 196 197 197 193 187 185 192 198 197 190 184 186 193 195 188 175 170 174 180 183 183 184 181 178 176 175 179 190 197 196 193 188 180 180 185 186 186 190 192 190 186 181
223 222 219 217 214 210 208 207 206 205 204 203 202 201 200 199 198 198 197 195 194 193 191 189 188 187 186 185 184 184 185 187 190 190 192 190 185 186 192 195 198 201 202 201 199 197 196 196 195 194 195 196 196 195 192 189 188 187 191 199 201 193 183 181 189 195 192 180 169 169 179 187 189 187 182 177 175 175 178 186 193 195 196 196 191 181 182 187 187 185 185 185 183 182
224 223 219 217 214 211 208 207 206 205 204 203 202 202 201 200 199 198 197 195 194 193 192 190 188 187 186 186 187 185 181 181 183 187 192 195 194 194 199 203 205 205 203 200 198 196 195 193 194 194 194 193 193 191 188 187 189 190 191 196 200 194 183 177 182 190 191 183 175 175 184 191 191 185 180 178 178 181 184 182 185 193 198 202 200 186 177 182 185 182 180 181 183 184
224 223 220 217 214 211 209 208 207 206 205 203 202 202 201 200 199 198 197 196 195 194 192 191 189 187 185 185 185 181 178 178 181 188 194 197 199 204 208 208 205 203 200 198 196 195 193 193 194 195 192 189 189 190 188 186 188 191 192 193 196 194 185 178 177 184 188 185 183 187 191 189 182 177 179 181 179 181 187 186 183 187 194 199 199 191 178 177 181 180 178 180 181 180
224 223 219 216 213 211 209 208 207 206 205 204 203 202 201 200 199 198 197 196 195 194 193 191 189 187 185 182 179 177 178 179 183 188 194 198 205 210 210 206 202 199 196 194 194 193 191 190 191 192 189 186 187 189 188 184 184 188 189 190 192 193 190 183 179 181 184 187 190 193 189 180 177 180 185 184 176 176 185 191 187 186 189 192 194 192 185 177 177 179 180 180 178 177
224 223 219 216 213 211 210 209 207 206 205 204 203 203 202 200 199 198 197 196 195 194 193 191 190 187 184 179 176 178 180 180 183 187 194 201 204 205 205 203 201 197 193 190 191 191 190 188 188 189 188 185 183 185 185 183 181 183 185 187 189 194 197 193 184 181 184 189 192 188 179 176 181 188 189 181 174 174 181 189 192 191 190 188 190 192 187 178 175 179 182 181 177 180
222 223 219 215 213 211 210 209 208 206 205 205 203 202 202 201 199 199 197 196 195 194 193 192 190 187 184 180 178 180 181 180 181 187 196 201 200 199 201 200 199 195 190 188 188 189 189 187 185 187 188 183 177 177 182 183 181 181 184 187 192 199 204 201 190 183 186 191 188 180 176 181 188 190 184 175 174 176 178 186 194 195 193 189 189 189 183 178 177 179 181 182 183 188
218 219 216 214 212 211 209 209 208 206 205 204 203 202 202 201 199 199 198 196 195 194 193 192 190 188 186 183 181 181 181 181 182 187 194 197 197 197 195 194 193 190 189 189 186 184 185 186 185 185 185 181 176 174 179 184 185 184 188 194 199 201 202 201 194 186 186 188 182 179 184 188 187 182 175 172 176 179 179 186 193 193 191 190 186 183 182 183 181 179 179 182 190 195
