windninja/windninja_output/Output_2025-08-09_0500-0550_Google earth_Fire_150m_10min/merlingen_7.5mi_point_08-09-2025_0510_150m_vel.asc
ncols	158
nrows	163
xllcorner	391686.332397
yllcorner	5160024.123721
cellsize	150.000000
NODATA_value	-32768.000000
[rows 0 to 37 of 163, columns 0 to 83 of 158]
0.85 0.83 0.82 0.86 0.91 0.94 0.93 0.95 0.98 0.99 0.99 1.01 1.03 1.02 0.95 0.82 0.67 0.57 0.59 0.61 0.63 0.77 0.95 1.02 0.98 0.88 0.81 0.83 0.89 0.91 0.89 0.86 0.82 0.78 0.79 0.79 0.71 0.64 0.62 0.62 0.66 0.71 0.71 0.68 0.67 0.65 0.63 0.60 0.67 0.80 0.89 0.94 0.97 0.97 0.95 0.91 0.87 0.83 0.81 0.80 0.81 0.83 0.84 0.84 0.87 0.90 0.91 0.88 0.83 0.79 0.78 0.79 0.79 0.79 0.81 0.81 0.80 0.75 0.70 0.70 0.72 0.73 0.72 0.69
0.87 0.85 0.83 0.84 0.87 0.90 0.90 0.87 0.86 0.88 0.91 0.97 1.04 1.08 1.07 0.99 0.87 0.78 0.77 0.77 0.75 0.78 0.90 1.01 1.02 0.96 0.89 0.86 0.86 0.87 0.86 0.85 0.84 0.82 0.80 0.81 0.80 0.76 0.75 0.73 0.73 0.75 0.77 0.78 0.78 0.78 0.79 0.75 0.72 0.76 0.80 0.83 0.85 0.86 0.86 0.86 0.85 0.85 0.85 0.82 0.80 0.81 0.83 0.84 0.84 0.86 0.88 0.88 0.85 0.81 0.79 0.79 0.80 0.80 0.81 0.81 0.81 0.79 0.76 0.73 0.73 0.73 0.72 0.72
0.90 0.90 0.88 0.86 0.85 0.86 0.88 0.87 0.85 0.86 0.92 0.99 1.04 1.10 1.18 1.20 1.16 1.09 1.03 0.98 0.92 0.83 0.81 0.91 1.04 1.06 0.99 0.91 0.86 0.85 0.84 0.83 0.83 0.84 0.84 0.86 0.90 0.91 0.89 0.87 0.84 0.84 0.86 0.89 0.91 0.93 0.96 0.96 0.89 0.80 0.78 0.79 0.79 0.80 0.81 0.83 0.86 0.87 0.89 0.88 0.84 0.83 0.84 0.84 0.83 0.82 0.84 0.87 0.87 0.84 0.81 0.80 0.80 0.80 0.80 0.81 0.84 0.86 0.83 0.78 0.77 0.78 0.75 0.74
0.90 0.94 0.96 0.93 0.92 0.91 0.94 1.00 1.05 1.08 1.07 1.06 1.05 1.07 1.13 1.22 1.22 1.19 1.15 1.09 0.99 0.89 0.82 0.85 1.00 1.12 1.13 1.07 1.01 0.99 0.97 0.93 0.88 0.86 0.88 0.90 0.91 0.92 0.91 0.91 0.93 0.94 0.95 0.97 0.99 1.00 1.00 1.02 1.02 0.98 0.92 0.90 0.89 0.90 0.88 0.86 0.85 0.84 0.85 0.88 0.88 0.86 0.84 0.84 0.83 0.82 0.83 0.86 0.87 0.84 0.82 0.80 0.79 0.77 0.76 0.77 0.79 0.84 0.85 0.80 0.78 0.82 0.83 0.79
0.85 0.91 0.99 0.99 0.98 0.98 0.99 1.03 1.07 1.08 1.06 1.03 1.03 1.06 1.10 1.16 1.19 1.14 1.11 1.08 1.01 0.91 0.83 0.83 0.94 1.09 1.20 1.24 1.22 1.20 1.19 1.16 1.10 1.02 0.96 0.95 0.94 0.95 0.97 0.99 1.00 1.02 1.05 1.06 1.06 1.05 1.03 1.01 1.02 1.01 0.97 0.92 0.90 0.91 0.90 0.87 0.84 0.83 0.83 0.84 0.85 0.84 0.83 0.83 0.83 0.82 0.82 0.85 0.86 0.84 0.81 0.79 0.77 0.76 0.75 0.73 0.70 0.73 0.80 0.80 0.75 0.75 0.82 0.82
0.79 0.82 0.92 1.00 1.02 1.02 1.00 0.97 0.95 0.94 0.94 0.94 0.95 0.99 1.04 1.07 1.12 1.10 1.03 1.01 0.98 0.89 0.78 0.76 0.82 0.93 1.05 1.16 1.22 1.24 1.27 1.29 1.29 1.24 1.16 1.09 1.07 1.09 1.10 1.10 1.08 1.06 1.05 1.04 1.03 1.01 0.99 0.97 0.96 0.95 0.95 0.93 0.89 0.87 0.87 0.87 0.85 0.84 0.83 0.84 0.84 0.85 0.84 0.84 0.83 0.82 0.82 0.85 0.87 0.87 0.85 0.81 0.77 0.77 0.79 0.80 0.77 0.73 0.74 0.77 0.75 0.70 0.74 0.79
0.79 0.78 0.79 0.89 0.98 1.01 0.99 0.94 0.90 0.88 0.89 0.90 0.91 0.93 0.97 1.00 1.07 1.13 1.11 1.07 1.03 0.95 0.80 0.70 0.70 0.76 0.84 0.94 1.05 1.12 1.18 1.23 1.27 1.30 1.30 1.26 1.23 1.21 1.18 1.14 1.10 1.04 0.98 0.94 0.92 0.92 0.92 0.91 0.91 0.91 0.92 0.94 0.92 0.90 0.88 0.86 0.85 0.84 0.83 0.84 0.87 0.89 0.91 0.90 0.87 0.84 0.83 0.85 0.88 0.88 0.91 0.93 0.89 0.83 0.83 0.86 0.88 0.84 0.78 0.78 0.80 0.76 0.74 0.76
0.83 0.81 0.78 0.77 0.82 0.87 0.90 0.88 0.85 0.84 0.85 0.87 0.90 0.93 0.97 0.99 1.03 1.11 1.16 1.15 1.13 1.08 0.94 0.75 0.66 0.67 0.76 0.83 0.91 0.97 1.02 1.07 1.11 1.15 1.19 1.20 1.18 1.15 1.11 1.06 1.02 0.97 0.92 0.89 0.86 0.85 0.86 0.86 0.86 0.86 0.87 0.89 0.92 0.93 0.92 0.88 0.86 0.86 0.85 0.86 0.88 0.91 0.94 0.96 0.95 0.90 0.86 0.86 0.88 0.88 0.89 0.94 0.96 0.91 0.85 0.83 0.86 0.86 0.82 0.80 0.81 0.78 0.77 0.79
0.84 0.84 0.82 0.77 0.74 0.74 0.77 0.80 0.82 0.82 0.82 0.82 0.85 0.90 0.98 1.02 1.02 1.06 1.13 1.16 1.15 1.14 1.07 0.93 0.78 0.73 0.76 0.81 0.82 0.86 0.89 0.93 0.98 1.03 1.04 1.02 1.00 0.98 0.97 0.94 0.91 0.87 0.85 0.84 0.84 0.83 0.82 0.82 0.81 0.82 0.85 0.85 0.85 0.88 0.92 0.91 0.89 0.89 0.88 0.86 0.83 0.79 0.81 0.88 0.93 0.93 0.89 0.88 0.90 0.90 0.86 0.84 0.85 0.86 0.83 0.80 0.81 0.83 0.82 0.79 0.79 0.76 0.74 0.81
0.83 0.83 0.83 0.81 0.78 0.77 0.77 0.79 0.81 0.82 0.81 0.79 0.78 0.80 0.88 0.98 1.02 1.03 1.09 1.17 1.19 1.19 1.16 1.08 0.97 0.84 0.79 0.81 0.83 0.83 0.87 0.88 0.89 0.94 0.97 0.95 0.92 0.90 0.89 0.88 0.87 0.85 0.83 0.82 0.81 0.79 0.78 0.79 0.77 0.76 0.78 0.81 0.80 0.81 0.86 0.88 0.85 0.83 0.81 0.76 0.71 0.67 0.64 0.66 0.76 0.83 0.86 0.86 0.88 0.89 0.86 0.80 0.78 0.79 0.80 0.78 0.77 0.77 0.81 0.87 0.89 0.86 0.77 0.74
0.84 0.84 0.84 0.84 0.82 0.82 0.83 0.83 0.83 0.83 0.81 0.78 0.74 0.73 0.77 0.88 0.96 1.00 1.02 1.09 1.19 1.23 1.23 1.18 1.10 1.00 0.90 0.85 0.85 0.83 0.84 0.83 0.81 0.82 0.87 0.90 0.89 0.87 0.87 0.88 0.89 0.88 0.85 0.82 0.79 0.75 0.72 0.73 0.72 0.66 0.65 0.69 0.71 0.72 0.73 0.75 0.71 0.65 0.63 0.62 0.60 0.56 0.50 0.49 0.56 0.65 0.71 0.74 0.75 0.80 0.84 0.83 0.80 0.79 0.79 0.78 0.76 0.73 0.75 0.87 0.97 1.00 0.91 0.78
0.84 0.84 0.84 0.85 0.84 0.84 0.85 0.85 0.85 0.84 0.82 0.79 0.75 0.71 0.73 0.79 0.88 0.95 0.97 0.97 1.04 1.12 1.19 1.19 1.13 1.04 0.92 0.83 0.79 0.76 0.75 0.74 0.73 0.74 0.78 0.81 0.83 0.84 0.84 0.85 0.86 0.87 0.85 0.83 0.82 0.78 0.69 0.65 0.63 0.56 0.50 0.50 0.49 0.51 0.52 0.55 0.56 0.53 0.50 0.49 0.48 0.43 0.36 0.34 0.38 0.42 0.49 0.55 0.59 0.69 0.79 0.85 0.84 0.82 0.85 0.90 0.94 0.92 0.85 0.86 0.94 1.03 1.05 0.99
0.85 0.84 0.84 0.85 0.85 0.85 0.85 0.84 0.84 0.83 0.81 0.79 0.76 0.71 0.69 0.71 0.77 0.85 0.92 0.93 0.94 0.98 1.04 1.07 1.03 0.94 0.85 0.77 0.72 0.70 0.70 0.72 0.72 0.72 0.74 0.76 0.77 0.78 0.80 0.81 0.82 0.84 0.84 0.84 0.84 0.82 0.75 0.67 0.61 0.54 0.46 0.41 0.39 0.41 0.43 0.42 0.44 0.46 0.45 0.45 0.45 0.39 0.31 0.23 0.22 0.24 0.28 0.34 0.43 0.56 0.69 0.78 0.83 0.83 0.89 1.00 1.08 1.10 1.06 0.99 0.96 0.99 1.05 1.08
0.85 0.85 0.85 0.85 0.86 0.86 0.86 0.84 0.83 0.82 0.81 0.79 0.77 0.75 0.71 0.68 0.66 0.68 0.78 0.85 0.87 0.88 0.90 0.91 0.91 0.87 0.83 0.79 0.75 0.73 0.70 0.69 0.69 0.69 0.72 0.76 0.78 0.76 0.76 0.75 0.77 0.77 0.73 0.70 0.70 0.70 0.69 0.71 0.71 0.63 0.53 0.45 0.42 0.43 0.45 0.40 0.36 0.37 0.42 0.48 0.50 0.45 0.38 0.31 0.23 0.20 0.19 0.18 0.20 0.33 0.51 0.65 0.76 0.80 0.82 0.84 0.88 0.94 0.97 0.95 0.91 0.92 0.95 0.97
0.86 0.86 0.85 0.85 0.85 0.85 0.85 0.85 0.84 0.83 0.81 0.80 0.78 0.79 0.81 0.79 0.73 0.66 0.66 0.72 0.76 0.78 0.81 0.84 0.86 0.85 0.83 0.82 0.78 0.75 0.73 0.70 0.67 0.68 0.71 0.76 0.80 0.78 0.73 0.67 0.65 0.64 0.62 0.59 0.58 0.59 0.57 0.60 0.74 0.81 0.72 0.58 0.53 0.56 0.58 0.51 0.40 0.36 0.43 0.55 0.63 0.60 0.57 0.55 0.48 0.38 0.30 0.23 0.14 0.15 0.29 0.51 0.65 0.71 0.69 0.67 0.68 0.71 0.73 0.72 0.73 0.76 0.78 0.80
0.86 0.86 0.86 0.85 0.84 0.84 0.83 0.83 0.84 0.83 0.82 0.81 0.79 0.79 0.84 0.90 0.90 0.82 0.72 0.69 0.72 0.75 0.80 0.85 0.87 0.85 0.82 0.83 0.82 0.79 0.80 0.81 0.79 0.76 0.72 0.68 0.67 0.68 0.65 0.61 0.60 0.59 0.63 0.65 0.61 0.63 0.63 0.54 0.57 0.77 0.88 0.82 0.78 0.82 0.86 0.87 0.74 0.57 0.55 0.63 0.71 0.73 0.70 0.69 0.70 0.67 0.56 0.47 0.37 0.21 0.20 0.30 0.44 0.53 0.58 0.60 0.62 0.63 0.65 0.66 0.65 0.62 0.61 0.62
0.87 0.87 0.86 0.86 0.85 0.85 0.84 0.84 0.83 0.83 0.82 0.81 0.79 0.76 0.76 0.83 0.89 0.90 0.84 0.78 0.76 0.77 0.80 0.84 0.88 0.88 0.84 0.82 0.85 0.86 0.84 0.83 0.80 0.74 0.67 0.60 0.58 0.60 0.62 0.64 0.66 0.66 0.72 0.78 0.75 0.73 0.76 0.71 0.60 0.65 0.82 0.92 0.93 0.92 0.94 0.99 0.97 0.82 0.70 0.74 0.79 0.78 0.75 0.71 0.74 0.77 0.72 0.64 0.58 0.46 0.29 0.21 0.23 0.33 0.46 0.54 0.58 0.64 0.68 0.69 0.66 0.59 0.55 0.53
0.87 0.87 0.87 0.87 0.86 0.86 0.86 0.85 0.85 0.84 0.83 0.81 0.79 0.75 0.70 0.70 0.76 0.82 0.84 0.82 0.78 0.75 0.75 0.78 0.82 0.84 0.81 0.77 0.78 0.80 0.79 0.76 0.74 0.73 0.73 0.70 0.67 0.67 0.70 0.74 0.76 0.76 0.75 0.77 0.79 0.76 0.76 0.81 0.81 0.76 0.75 0.81 0.86 0.87 0.87 0.91 0.98 0.96 0.88 0.85 0.86 0.85 0.80 0.76 0.75 0.79 0.80 0.74 0.67 0.60 0.49 0.37 0.31 0.30 0.33 0.42 0.54 0.62 0.64 0.61 0.56 0.53 0.50 0.49
0.88 0.88 0.87 0.87 0.87 0.86 0.86 0.85 0.85 0.85 0.84 0.81 0.78 0.75 0.70 0.67 0.68 0.72 0.73 0.74 0.73 0.72 0.71 0.71 0.73 0.76 0.76 0.73 0.69 0.68 0.70 0.72 0.74 0.77 0.81 0.82 0.78 0.74 0.72 0.74 0.75 0.75 0.75 0.75 0.77 0.78 0.75 0.75 0.81 0.83 0.76 0.71 0.73 0.80 0.85 0.89 0.95 0.97 0.92 0.88 0.89 0.89 0.84 0.80 0.78 0.79 0.82 0.79 0.71 0.66 0.63 0.59 0.53 0.44 0.34 0.32 0.36 0.40 0.45 0.46 0.44 0.43 0.42 0.45
0.88 0.87 0.87 0.88 0.88 0.87 0.86 0.86 0.85 0.84 0.84 0.83 0.80 0.77 0.73 0.69 0.67 0.68 0.69 0.70 0.71 0.72 0.72 0.72 0.73 0.75 0.75 0.74 0.71 0.69 0.70 0.73 0.75 0.75 0.76 0.78 0.78 0.74 0.73 0.76 0.79 0.81 0.83 0.82 0.81 0.83 0.82 0.76 0.73 0.77 0.76 0.71 0.67 0.72 0.81 0.89 0.94 0.96 0.93 0.87 0.85 0.85 0.81 0.76 0.74 0.74 0.77 0.80 0.79 0.78 0.76 0.72 0.67 0.61 0.52 0.43 0.36 0.35 0.41 0.45 0.45 0.44 0.43 0.45
0.89 0.88 0.88 0.88 0.88 0.88 0.87 0.86 0.85 0.84 0.83 0.83 0.82 0.79 0.77 0.74 0.72 0.72 0.73 0.74 0.75 0.76 0.76 0.76 0.77 0.77 0.77 0.76 0.74 0.73 0.74 0.76 0.80 0.82 0.84 0.87 0.89 0.88 0.87 0.88 0.88 0.87 0.87 0.86 0.86 0.84 0.83 0.78 0.74 0.76 0.78 0.76 0.71 0.69 0.71 0.77 0.84 0.91 0.94 0.89 0.86 0.87 0.82 0.75 0.74 0.75 0.78 0.83 0.86 0.85 0.82 0.75 0.68 0.63 0.60 0.58 0.58 0.60 0.62 0.59 0.55 0.54 0.51 0.47
0.90 0.90 0.89 0.88 0.87 0.87 0.88 0.87 0.86 0.85 0.84 0.83 0.82 0.80 0.79 0.77 0.77 0.77 0.77 0.77 0.77 0.78 0.78 0.78 0.78 0.79 0.79 0.78 0.77 0.76 0.75 0.78 0.85 0.91 0.95 1.00 1.03 1.00 0.94 0.91 0.91 0.90 0.90 0.89 0.86 0.83 0.80 0.79 0.79 0.80 0.82 0.82 0.78 0.72 0.66 0.67 0.71 0.79 0.88 0.93 0.91 0.91 0.88 0.80 0.77 0.78 0.82 0.87 0.88 0.86 0.80 0.75 0.70 0.63 0.57 0.57 0.65 0.75 0.81 0.81 0.73 0.64 0.58 0.52
0.89 0.89 0.89 0.89 0.89 0.88 0.88 0.88 0.87 0.86 0.85 0.85 0.84 0.82 0.80 0.80 0.79 0.80 0.80 0.80 0.80 0.80 0.80 0.80 0.80 0.81 0.81 0.81 0.80 0.78 0.77 0.79 0.86 0.91 0.91 0.91 0.93 0.94 0.90 0.86 0.87 0.90 0.92 0.91 0.88 0.85 0.86 0.85 0.84 0.83 0.84 0.83 0.81 0.76 0.71 0.69 0.70 0.73 0.79 0.90 0.93 0.93 0.91 0.85 0.83 0.86 0.90 0.91 0.91 0.87 0.81 0.77 0.73 0.69 0.62 0.59 0.62 0.71 0.84 0.93 0.93 0.83 0.73 0.62
0.90 0.90 0.90 0.90 0.89 0.89 0.88 0.88 0.87 0.87 0.85 0.85 0.86 0.85 0.83 0.81 0.81 0.81 0.82 0.82 0.83 0.83 0.83 0.82 0.82 0.82 0.82 0.82 0.79 0.76 0.73 0.73 0.76 0.81 0.83 0.82 0.80 0.82 0.84 0.83 0.84 0.87 0.91 0.94 0.94 0.93 0.93 0.91 0.86 0.83 0.84 0.83 0.81 0.80 0.77 0.73 0.72 0.71 0.73 0.83 0.91 0.93 0.90 0.86 0.85 0.88 0.89 0.87 0.86 0.84 0.80 0.76 0.73 0.72 0.71 0.64 0.58 0.60 0.69 0.84 0.96 0.97 0.90 0.79
0.91 0.90 0.90 0.90 0.89 0.89 0.88 0.88 0.87 0.87 0.86 0.84 0.84 0.85 0.85 0.84 0.82 0.82 0.82 0.82 0.83 0.83 0.83 0.83 0.84 0.84 0.84 0.83 0.79 0.72 0.68 0.65 0.66 0.72 0.79 0.82 0.82 0.80 0.79 0.80 0.81 0.84 0.90 0.97 1.02 0.99 0.95 0.92 0.88 0.83 0.82 0.83 0.82 0.82 0.81 0.78 0.76 0.74 0.71 0.73 0.82 0.90 0.91 0.88 0.81 0.75 0.73 0.74 0.75 0.75 0.72 0.70 0.72 0.74 0.72 0.66 0.55 0.49 0.54 0.66 0.85 0.97 1.01 0.98
0.91 0.90 0.90 0.89 0.89 0.89 0.89 0.89 0.88 0.87 0.86 0.85 0.84 0.84 0.85 0.84 0.84 0.83 0.82 0.82 0.82 0.82 0.83 0.84 0.85 0.87 0.89 0.90 0.87 0.77 0.67 0.62 0.61 0.67 0.77 0.85 0.89 0.88 0.81 0.77 0.79 0.82 0.88 0.94 0.98 0.98 0.97 0.94 0.92 0.89 0.86 0.84 0.80 0.77 0.77 0.79 0.80 0.79 0.72 0.67 0.72 0.85 0.94 0.97 0.92 0.81 0.74 0.73 0.75 0.75 0.70 0.68 0.70 0.72 0.72 0.71 0.64 0.51 0.46 0.55 0.72 0.89 1.01 1.09
0.92 0.91 0.91 0.90 0.90 0.89 0.89 0.89 0.89 0.88 0.87 0.86 0.85 0.83 0.83 0.83 0.83 0.83 0.83 0.82 0.82 0.82 0.84 0.85 0.87 0.89 0.95 1.00 0.99 0.90 0.76 0.65 0.57 0.55 0.64 0.78 0.89 0.95 0.90 0.82 0.81 0.82 0.84 0.90 0.94 0.98 1.04 1.04 0.99 0.96 0.95 0.92 0.85 0.78 0.76 0.80 0.84 0.84 0.79 0.74 0.76 0.80 0.84 0.89 0.93 0.90 0.83 0.79 0.81 0.83 0.80 0.72 0.69 0.68 0.70 0.74 0.78 0.66 0.48 0.47 0.58 0.71 0.85 0.98
0.93 0.92 0.92 0.91 0.90 0.90 0.89 0.89 0.89 0.88 0.88 0.87 0.85 0.83 0.82 0.82 0.82 0.83 0.83 0.83 0.83 0.84 0.85 0.86 0.88 0.91 0.96 1.05 1.11 1.07 0.96 0.80 0.64 0.55 0.52 0.59 0.75 0.92 0.95 0.87 0.83 0.85 0.86 0.91 0.98 1.03 1.12 1.17 1.11 1.02 1.02 1.06 1.03 0.95 0.86 0.82 0.87 0.94 0.94 0.90 0.88 0.81 0.73 0.72 0.77 0.82 0.82 0.81 0.84 0.86 0.85 0.78 0.70 0.67 0.66 0.69 0.78 0.81 0.66 0.49 0.47 0.55 0.66 0.77
0.93 0.93 0.92 0.92 0.91 0.90 0.90 0.89 0.88 0.88 0.87 0.86 0.85 0.84 0.83 0.82 0.82 0.82 0.83 0.84 0.85 0.85 0.84 0.85 0.87 0.91 0.97 1.09 1.21 1.27 1.22 1.07 0.87 0.72 0.62 0.60 0.72 0.90 1.01 0.99 0.96 0.98 0.98 0.99 1.02 1.07 1.11 1.19 1.24 1.15 1.10 1.17 1.19 1.12 1.00 0.89 0.92 1.02 1.03 0.95 0.91 0.90 0.83 0.74 0.73 0.77 0.79 0.81 0.83 0.84 0.87 0.86 0.80 0.73 0.65 0.61 0.65 0.77 0.75 0.56 0.44 0.45 0.53 0.60
0.93 0.93 0.93 0.92 0.91 0.90 0.89 0.89 0.88 0.87 0.87 0.87 0.86 0.86 0.84 0.83 0.83 0.83 0.83 0.83 0.84 0.84 0.84 0.84 0.85 0.87 0.94 1.04 1.16 1.30 1.40 1.38 1.19 0.99 0.88 0.89 0.95 1.04 1.12 1.14 1.16 1.18 1.18 1.16 1.11 1.11 1.13 1.19 1.31 1.36 1.33 1.31 1.32 1.29 1.19 1.04 0.97 0.97 1.00 0.93 0.82 0.82 0.86 0.81 0.74 0.72 0.73 0.78 0.81 0.80 0.80 0.83 0.83 0.76 0.68 0.63 0.65 0.73 0.76 0.62 0.45 0.39 0.42 0.48
0.94 0.93 0.93 0.93 0.92 0.90 0.89 0.89 0.88 0.88 0.87 0.87 0.86 0.86 0.84 0.83 0.83 0.83 0.83 0.83 0.83 0.83 0.84 0.84 0.85 0.85 0.86 0.89 0.97 1.05 1.17 1.31 1.33 1.24 1.15 1.12 1.12 1.15 1.19 1.22 1.22 1.23 1.23 1.23 1.20 1.15 1.14 1.16 1.21 1.29 1.32 1.30 1.30 1.32 1.26 1.12 0.97 0.87 0.89 0.91 0.79 0.70 0.75 0.78 0.72 0.66 0.65 0.70 0.76 0.74 0.67 0.66 0.69 0.71 0.72 0.73 0.74 0.78 0.83 0.74 0.54 0.41 0.38 0.43
0.95 0.94 0.93 0.94 0.93 0.92 0.91 0.90 0.89 0.89 0.88 0.87 0.86 0.85 0.85 0.84 0.82 0.81 0.81 0.82 0.83 0.83 0.84 0.84 0.84 0.84 0.83 0.84 0.87 0.92 1.00 1.13 1.25 1.26 1.17 1.09 1.09 1.12 1.17 1.18 1.15 1.09 1.05 1.06 1.08 1.06 1.04 0.99 0.95 0.94 0.96 0.99 1.05 1.17 1.19 1.10 1.02 0.92 0.84 0.86 0.82 0.72 0.73 0.79 0.76 0.65 0.61 0.65 0.74 0.75 0.64 0.59 0.62 0.67 0.72 0.75 0.77 0.82 0.89 0.88 0.72 0.55 0.45 0.43
0.95 0.95 0.93 0.93 0.93 0.92 0.91 0.90 0.89 0.88 0.88 0.88 0.87 0.87 0.86 0.84 0.83 0.81 0.80 0.80 0.81 0.81 0.83 0.84 0.83 0.82 0.83 0.86 0.92 1.03 1.16 1.23 1.26 1.24 1.08 0.95 0.97 1.02 1.02 1.00 0.98 0.94 0.91 0.91 0.92 0.91 0.89 0.85 0.81 0.80 0.78 0.79 0.84 0.98 1.10 1.08 1.06 1.06 1.00 0.91 0.80 0.71 0.75 0.86 0.87 0.72 0.61 0.65 0.78 0.84 0.74 0.69 0.71 0.72 0.73 0.74 0.78 0.84 0.92 0.95 0.85 0.68 0.55 0.46
0.96 0.96 0.94 0.92 0.92 0.91 0.90 0.89 0.89 0.87 0.87 0.87 0.87 0.87 0.86 0.85 0.84 0.83 0.82 0.81 0.80 0.80 0.81 0.83 0.84 0.83 0.82 0.83 0.89 1.00 1.12 1.20 1.24 1.27 1.16 0.93 0.91 0.96 0.96 0.93 0.93 0.91 0.89 0.87 0.83 0.80 0.78 0.76 0.75 0.75 0.75 0.74 0.73 0.79 0.91 0.94 0.92 1.00 1.12 1.10 0.91 0.73 0.76 0.90 1.00 0.88 0.66 0.58 0.69 0.87 0.89 0.85 0.82 0.77 0.74 0.74 0.77 0.84 0.94 1.04 1.01 0.85 0.69 0.56
0.97 0.98 0.97 0.95 0.93 0.92 0.91 0.90 0.89 0.88 0.87 0.86 0.85 0.85 0.85 0.85 0.84 0.84 0.83 0.82 0.81 0.80 0.79 0.79 0.81 0.82 0.80 0.78 0.78 0.80 0.87 0.98 1.10 1.23 1.29 1.14 0.98 0.95 0.97 0.95 0.94 0.89 0.83 0.79 0.75 0.71 0.70 0.70 0.70 0.71 0.72 0.71 0.69 0.69 0.73 0.77 0.75 0.78 0.96 1.14 1.07 0.84 0.76 0.84 1.02 1.03 0.81 0.60 0.59 0.76 0.89 0.90 0.84 0.77 0.71 0.68 0.69 0.72 0.79 0.96 1.09 1.05 0.92 0.75
0.97 0.98 0.98 0.98 0.97 0.94 0.92 0.91 0.90 0.89 0.87 0.86 0.85 0.85 0.84 0.84 0.83 0.83 0.82 0.81 0.81 0.80 0.79 0.76 0.75 0.75 0.76 0.76 0.73 0.70 0.73 0.85 1.01 1.16 1.29 1.28 1.10 0.96 0.92 0.89 0.87 0.84 0.80 0.77 0.75 0.73 0.69 0.70 0.72 0.74 0.75 0.75 0.75 0.73 0.73 0.76 0.75 0.71 0.77 0.98 1.05 0.85 0.70 0.73 0.93 1.09 1.01 0.78 0.65 0.65 0.72 0.78 0.77 0.71 0.65 0.62 0.60 0.56 0.54 0.64 0.87 1.02 1.03 0.92
0.98 0.97 0.96 0.97 0.97 0.95 0.92 0.91 0.90 0.89 0.88 0.86 0.85 0.85 0.84 0.84 0.83 0.83 0.82 0.81 0.80 0.80 0.78 0.76 0.74 0.72 0.73 0.73 0.72 0.72 0.76 0.84 0.94 1.02 1.10 1.15 1.12 1.00 0.91 0.83 0.79 0.79 0.81 0.80 0.79 0.80 0.77 0.76 0.76 0.76 0.77 0.79 0.82 0.83 0.82 0.83 0.84 0.82 0.80 0.92 1.00 0.85 0.68 0.65 0.78 1.01 1.10 0.97 0.79 0.65 0.59 0.62 0.63 0.62 0.63 0.62 0.58 0.57 0.54 0.51 0.58 0.75 0.92 0.99
0.99 0.99 0.97 0.95 0.95 0.94 0.92 0.90 0.89 0.88 0.88 0.87 0.86 0.85 0.85 0.84 0.83 0.83 0.82 0.81 0.80 0.79 0.78 0.77 0.75 0.74 0.72 0.73 0.77 0.82 0.85 0.84 0.83 0.86 0.93 0.98 0.99 0.98 0.93 0.86 0.82 0.81 0.82 0.84 0.85 0.84 0.83 0.83 0.83 0.82 0.81 0.81 0.85 0.88 0.85 0.84 0.89 0.94 0.94 0.98 1.05 0.94 0.75 0.64 0.65 0.81 1.00 0.99 0.86 0.73 0.65 0.63 0.63 0.64 0.66 0.63 0.60 0.64 0.71 0.65 0.55 0.60 0.77 0.94
