windninja/windninja_output/Output_2025-08-09_0500-0550_Google earth_Fire_150m_10min/merlingen_7.5mi_point_08-09-2025_0530_150m_ang.asc
ncols	158
nrows	163
xllcorner	391686.332397
yllcorner	5160024.123721
cellsize	150.000000
NODATA_value	-32768.000000
[rows 0 to 44 of 163, columns 0 to 95 of 158]
295 293 292 293 293 295 298 295 292 293 292 285 269 255 255 262 270 274 278 287 295 291 279 276 280 284 282 275 273 273 272 270 269 266 265 268 271 269 268 267 264 263 263 263 265 267 269 271 269 267 266 265 265 265 263 260 257 256 256 257 256 254 252 250 248 246 246 248 251 253 253 251 248 246 246 247 247 248 249 249 248 245 245 246 247 246 244 243 242 239 234 230 218 180 119 89
297 295 295 295 295 295 295 293 291 291 291 289 279 267 266 270 277 282 286 290 296 296 288 282 281 282 282 280 277 275 273 271 270 270 270 270 271 271 272 270 269 267 267 267 269 270 271 273 273 271 268 267 266 264 262 260 259 258 258 258 257 255 254 253 251 250 249 251 253 254 253 252 250 249 250 249 248 249 251 251 249 247 248 249 249 250 248 248 246 244 243 239 225 167 98 81
300 298 297 298 297 295 294 292 292 294 296 299 296 288 281 281 286 290 292 292 295 300 300 291 283 280 282 283 281 277 275 275 274 275 276 275 274 275 275 274 274 274 273 274 275 275 275 274 274 273 271 270 267 264 263 263 263 262 261 260 260 259 258 258 257 256 256 256 257 257 256 254 255 256 256 254 253 254 256 255 252 253 255 254 255 258 260 259 259 258 259 262 273 25 57 62
301 298 297 298 297 298 299 299 300 302 304 307 304 295 290 288 290 293 292 291 293 297 301 298 289 285 284 284 283 281 279 279 279 279 280 279 278 276 276 277 279 279 279 279 279 279 278 276 273 274 274 271 268 267 267 266 266 265 264 263 263 262 262 261 260 260 260 260 261 260 258 258 259 260 259 259 259 260 259 258 257 257 259 260 262 265 267 267 266 269 274 284 311 11 38 48
300 298 297 298 298 301 303 302 303 304 305 310 308 300 294 291 289 291 290 288 289 294 301 304 296 291 289 289 288 287 284 282 282 283 283 281 280 279 281 283 284 284 283 283 282 280 279 277 275 274 272 270 269 269 268 267 267 267 267 266 265 265 264 264 263 263 263 263 263 262 260 261 262 263 262 262 264 264 263 261 261 262 264 265 267 270 274 276 278 282 291 305 332 8 27 38
299 299 299 299 300 302 303 302 301 301 303 308 310 303 295 291 287 286 286 285 286 290 298 305 301 296 293 290 290 290 288 286 285 285 285 284 284 285 286 286 287 286 285 283 281 279 277 276 275 273 270 269 270 269 269 268 269 269 269 269 268 267 266 266 265 265 266 266 265 263 262 263 265 266 265 265 266 268 267 264 264 267 270 271 272 274 278 285 289 294 304 318 340 4 21 33
299 299 300 300 300 301 302 300 300 301 303 308 311 304 295 292 289 286 287 287 287 288 294 303 303 298 294 292 291 291 290 289 287 286 286 288 289 289 288 287 286 286 284 281 280 278 277 276 275 273 271 271 271 270 270 270 271 272 272 271 271 270 268 268 268 268 269 269 268 266 265 267 269 270 269 269 269 271 270 267 268 274 277 277 278 278 283 291 296 303 311 321 340 4 24 37
298 298 300 300 299 299 298 297 298 301 304 309 313 307 296 292 291 289 289 290 289 289 292 299 304 302 297 295 293 292 291 290 287 286 286 288 289 288 286 284 283 282 280 279 278 278 277 276 275 274 273 273 272 270 270 272 273 274 274 275 274 273 271 269 269 269 271 271 270 269 270 271 271 270 271 272 271 271 269 269 273 277 280 281 282 284 287 294 300 307 316 325 341 8 28 38
298 298 298 299 299 297 295 295 297 301 305 309 313 309 299 294 293 292 290 290 290 289 291 296 303 306 302 296 295 293 291 290 288 286 286 286 285 283 281 279 278 278 278 278 278 278 277 276 275 275 274 274 273 271 272 274 276 276 276 276 274 273 273 271 269 269 272 273 272 271 272 272 271 270 272 273 273 271 270 272 276 280 285 287 289 291 294 301 309 318 329 338 352 9 24 36
298 298 297 298 299 298 296 297 299 302 305 308 312 309 301 295 294 294 294 293 292 291 292 296 301 306 306 299 297 296 293 291 290 288 285 283 282 280 278 277 277 278 278 278 278 278 278 277 276 277 276 274 274 275 276 276 277 276 274 272 271 272 273 272 271 272 274 274 273 271 271 272 273 273 274 274 274 274 275 278 281 284 289 292 293 296 300 305 314 326 337 348 358 12 25 41
298 298 298 298 299 299 299 300 301 303 305 307 310 310 302 296 294 295 296 296 294 294 293 296 300 305 308 303 298 297 293 290 289 287 283 281 279 278 278 278 279 278 278 278 276 277 278 277 275 275 276 275 276 277 276 274 273 272 270 268 269 270 271 274 277 277 275 274 272 270 271 273 275 275 274 274 274 277 283 285 286 287 290 294 297 300 303 305 313 327 339 351 4 18 32 45
299 299 298 298 299 300 301 301 302 304 305 306 309 310 305 298 296 296 296 297 296 294 293 294 298 301 304 300 295 293 289 286 286 285 282 279 278 278 280 280 279 277 277 276 275 275 275 273 270 271 274 274 274 274 273 271 269 268 267 266 266 267 270 277 280 278 276 273 272 273 274 274 275 277 276 277 279 284 289 291 290 289 291 296 301 306 308 308 315 329 341 355 12 23 37 49
299 299 299 299 300 301 301 301 302 303 304 305 307 309 305 299 297 297 296 297 297 295 293 292 292 292 293 293 291 289 287 286 286 285 283 279 279 281 281 280 279 278 277 275 273 271 268 265 265 269 271 271 271 271 271 272 270 266 263 261 264 267 271 278 280 279 277 276 278 280 278 276 277 280 284 286 286 287 290 293 293 292 294 297 301 307 310 311 319 334 344 1 18 27 43 54
299 299 299 300 301 301 301 301 302 303 303 305 307 308 304 297 295 297 297 296 296 294 290 286 284 284 288 291 290 289 287 287 286 285 283 281 281 282 281 280 278 276 272 270 269 266 262 260 263 267 269 270 270 269 270 273 272 268 262 262 267 272 276 280 281 280 278 280 286 288 283 280 281 284 288 289 288 287 287 289 292 294 296 296 297 304 308 311 321 335 347 7 26 36 49 57
299 299 299 300 301 301 301 302 302 303 303 304 307 310 305 298 296 298 298 295 292 290 286 283 282 285 289 290 289 288 286 286 286 285 286 284 281 279 276 274 272 266 262 265 267 264 264 267 266 265 268 272 272 272 273 275 278 276 271 269 273 277 282 283 282 281 282 284 289 293 292 287 285 286 287 287 287 285 283 286 291 294 295 294 294 300 305 310 321 337 354 16 35 45 54 60
299 299 300 300 301 301 301 301 302 302 303 304 307 311 309 301 298 299 299 295 292 290 288 285 285 287 290 290 288 288 288 288 288 287 285 280 275 271 268 265 263 261 262 268 271 269 271 275 273 268 271 276 278 279 279 278 280 283 281 277 278 281 285 285 281 282 285 287 289 296 299 292 287 284 285 287 286 283 284 288 292 294 293 292 293 297 302 307 319 339 2 21 36 47 55 61
299 300 300 300 301 301 302 302 302 302 303 304 306 310 309 302 298 297 298 297 295 293 291 288 287 288 290 291 290 291 290 288 284 278 272 269 269 268 267 266 267 270 274 274 274 275 275 275 278 279 279 280 282 282 280 277 277 282 285 283 282 283 285 285 282 281 284 288 290 294 298 294 288 287 289 288 287 288 290 291 291 292 292 292 292 293 298 304 317 339 1 17 30 42 50 56
300 300 300 301 301 302 302 302 303 303 303 304 305 307 307 301 296 295 296 295 293 291 290 290 288 287 288 291 291 289 286 280 274 268 266 269 272 274 274 274 276 278 278 276 274 276 277 278 281 284 285 283 282 280 279 277 277 281 286 285 283 284 285 285 285 283 284 288 290 290 293 296 293 293 293 291 292 292 290 287 285 287 289 289 290 292 298 310 325 341 358 15 29 39 46 51
300 300 301 301 302 302 302 303 303 303 303 303 304 305 305 301 296 294 292 290 289 289 290 289 287 285 286 288 287 284 279 273 270 270 272 273 275 277 277 277 277 277 276 277 276 277 280 283 283 282 283 283 282 279 279 280 280 281 284 286 284 283 283 285 286 286 285 285 287 289 293 298 297 295 295 294 293 289 283 279 282 285 288 291 295 302 312 323 335 348 0 14 30 39 44 47
300 300 301 302 302 302 303 303 303 303 303 303 303 303 303 300 296 293 290 289 289 290 290 289 287 287 286 285 284 282 278 274 271 271 272 273 275 278 280 280 280 280 279 278 278 280 283 285 283 280 280 282 284 284 283 283 282 281 282 284 282 280 281 284 286 286 284 284 287 292 296 299 297 295 296 296 291 285 281 282 287 290 294 298 302 309 318 329 341 356 6 15 31 40 44 47
301 301 302 302 302 303 303 303 303 303 303 302 303 303 302 300 297 294 293 292 292 292 292 291 289 288 286 284 283 282 280 277 273 274 277 279 280 284 285 284 282 281 279 278 280 282 282 282 282 281 281 283 285 287 286 284 282 282 281 281 281 279 281 285 286 286 287 288 291 295 297 296 293 293 295 297 295 291 289 290 294 297 300 304 307 312 319 331 344 1 12 18 31 41 46 50
301 301 302 302 303 303 303 303 303 303 303 302 302 302 301 300 298 297 295 294 293 293 293 291 290 288 286 284 283 283 282 280 279 282 285 285 284 284 285 283 280 278 278 280 281 281 280 282 284 284 283 284 285 286 286 285 284 284 281 280 280 280 282 285 287 289 291 292 293 293 292 291 290 290 294 299 300 296 294 294 297 301 303 306 311 315 323 334 348 4 15 20 30 41 46 49
301 301 302 303 303 304 304 303 303 303 304 303 302 302 301 300 299 298 296 295 295 294 293 292 290 288 286 285 284 283 284 286 286 286 285 284 281 279 279 279 278 278 279 279 279 281 284 285 286 285 283 283 283 284 286 288 287 286 283 279 278 279 281 286 290 294 296 294 292 289 287 287 287 290 295 301 303 299 296 296 298 303 305 308 314 319 327 338 351 8 18 21 29 40 46 49
302 302 303 303 304 304 304 303 303 303 304 304 303 302 301 301 300 299 297 296 295 294 293 292 290 288 286 283 281 282 285 289 288 283 281 279 278 276 277 279 280 280 279 278 281 285 286 284 284 285 283 283 283 284 287 288 287 286 285 281 279 279 282 288 294 297 296 292 286 283 283 285 287 291 297 302 304 301 298 297 297 302 307 311 317 321 327 338 353 11 20 24 31 41 48 51
302 303 303 303 304 304 304 304 303 303 304 304 303 302 301 301 300 299 297 296 296 295 294 293 291 287 283 279 279 282 286 288 286 282 279 278 276 277 279 281 282 282 281 282 285 286 284 282 282 284 283 283 284 286 287 288 287 286 286 283 279 280 284 290 294 294 290 285 279 277 279 284 290 294 297 299 300 300 300 299 299 302 308 315 320 325 330 340 356 14 23 26 33 43 49 52
303 303 303 303 304 304 305 304 304 303 303 303 303 302 301 301 300 299 298 297 296 295 293 292 291 287 282 279 280 283 285 287 287 286 282 279 276 277 281 283 284 285 285 286 285 283 280 280 281 283 283 283 284 285 286 289 288 285 283 282 282 286 289 291 292 291 287 281 276 275 280 288 293 295 297 298 296 298 301 303 302 303 309 316 323 331 338 348 2 17 23 24 33 41 48 52
303 303 304 304 304 305 305 304 304 304 304 303 303 302 301 300 299 299 298 297 296 295 294 293 291 289 284 281 280 281 283 286 287 288 285 280 277 277 281 286 287 288 289 287 284 282 281 280 282 284 283 282 283 285 289 292 288 281 281 285 289 291 292 290 287 285 282 279 276 278 285 292 295 295 298 299 294 295 302 306 305 304 308 314 321 333 345 356 9 21 24 23 30 40 46 51
304 304 304 305 305 305 305 305 304 304 303 303 302 302 301 300 299 299 298 297 296 295 295 294 293 292 288 283 282 282 282 284 287 288 287 284 280 278 281 287 289 289 290 288 286 286 284 281 282 285 285 283 284 287 291 295 289 281 284 289 291 291 290 286 281 278 276 276 278 282 287 291 294 296 299 300 295 294 300 307 307 306 309 313 317 329 346 360 14 25 28 26 30 39 45 48
305 305 305 305 305 306 305 305 304 304 303 302 302 301 301 300 299 299 298 297 296 296 296 295 296 297 295 289 286 283 281 283 287 288 290 292 289 283 284 289 292 292 292 290 290 289 287 283 281 284 288 285 284 286 288 294 293 285 285 290 291 289 287 284 280 277 276 277 282 286 288 291 294 295 297 299 297 293 296 304 307 309 310 311 314 323 342 359 16 29 34 34 36 42 46 48
305 305 305 305 305 306 305 305 304 304 303 302 302 301 301 300 299 299 298 297 297 296 296 296 297 300 299 294 289 285 281 280 283 288 295 302 300 291 289 293 296 295 294 292 291 291 288 286 284 286 289 287 284 283 284 290 295 287 284 286 289 287 281 278 277 277 279 281 284 287 289 289 290 291 295 298 298 293 292 298 306 311 311 311 314 324 342 359 17 30 37 41 42 46 51 53
306 306 306 306 305 306 306 305 304 304 303 302 302 301 300 300 299 299 298 298 297 296 296 296 298 301 300 295 289 284 278 277 282 290 299 308 305 295 292 294 296 294 293 290 289 290 289 289 288 285 285 284 281 278 277 281 286 285 283 283 284 283 276 271 273 278 282 284 283 285 288 286 284 288 295 299 299 296 294 298 306 313 314 315 319 329 345 1 17 30 39 45 49 55 62 64
307 307 307 307 306 306 307 306 305 304 304 302 301 300 300 299 299 298 298 297 296 296 296 297 299 301 300 296 291 284 280 281 285 289 295 306 304 295 292 292 292 290 288 285 284 286 287 287 284 279 279 278 276 274 271 271 276 281 283 281 280 279 273 269 273 281 286 286 283 283 285 284 285 292 297 299 300 298 296 298 307 316 318 319 322 330 346 6 22 34 42 47 51 59 67 70
307 307 308 307 306 306 307 306 305 304 303 302 301 301 300 299 299 298 297 297 296 296 297 297 298 300 301 300 298 294 291 289 288 285 287 301 302 294 290 287 284 283 283 281 281 282 283 281 277 276 276 276 275 273 269 270 277 279 279 279 278 277 275 271 275 282 290 290 284 282 284 287 291 296 299 300 300 300 298 299 306 317 319 321 325 333 352 13 28 38 46 50 53 59 66 69
308 308 309 308 306 306 307 306 304 304 303 302 301 300 299 299 298 298 297 297 297 297 298 298 299 301 302 303 304 301 294 289 285 281 283 296 302 292 286 283 280 280 280 279 279 280 279 276 274 275 275 276 276 274 271 273 279 279 275 274 276 280 281 276 275 280 289 292 286 282 286 292 294 297 300 301 302 302 300 299 305 315 320 323 330 344 2 18 28 37 44 50 55 61 64 65
309 310 310 308 307 307 308 306 304 303 303 302 301 300 299 298 298 297 298 298 297 297 298 299 299 300 301 302 303 299 292 286 284 282 283 291 300 291 283 281 278 276 276 275 274 276 276 274 274 275 274 274 274 274 274 276 279 280 275 271 273 280 287 281 275 276 283 290 290 287 288 290 291 294 297 299 301 301 299 297 301 312 321 328 336 351 9 21 28 35 42 48 54 62 66 65
311 311 311 309 308 309 308 307 305 303 303 302 301 300 299 298 298 297 297 297 297 296 297 298 298 298 299 301 302 298 294 290 288 287 284 285 290 287 280 276 274 271 271 272 273 275 276 275 275 275 274 274 274 275 277 278 279 279 276 272 272 277 287 285 277 274 279 287 292 291 288 285 286 289 293 297 299 297 295 295 298 307 319 331 344 356 11 23 30 35 40 46 54 63 68 69
312 312 311 310 309 309 308 307 305 303 302 302 300 299 299 298 298 297 297 296 296 296 296 297 297 298 300 301 302 299 297 296 293 288 282 277 277 276 272 269 269 269 270 272 274 276 277 277 276 275 275 276 276 278 280 280 278 277 277 274 273 276 284 288 282 275 276 283 290 291 286 281 281 287 293 296 297 296 295 297 300 304 314 331 352 2 11 24 32 36 41 48 56 64 68 68
314 314 312 311 310 309 307 306 304 302 302 302 300 299 299 298 298 297 297 296 296 296 296 296 297 299 300 304 304 300 300 298 292 286 279 274 269 264 264 267 269 271 273 275 276 277 278 278 276 275 277 280 279 278 279 280 278 277 276 275 274 276 282 289 286 278 276 280 285 285 280 279 284 291 295 294 296 300 297 297 303 308 314 330 355 8 14 25 35 41 45 50 58 67 68 64
315 315 313 312 310 309 307 306 304 303 302 302 301 299 299 298 297 297 296 296 296 296 296 296 297 298 301 306 305 300 297 294 289 284 278 271 261 260 266 270 272 275 277 279 278 279 280 280 278 277 280 282 282 278 278 282 281 278 276 276 274 274 278 285 285 279 277 278 279 278 279 284 289 292 293 292 297 304 300 297 304 312 317 330 353 14 23 28 37 43 46 53 65 72 71 65
316 316 314 312 311 309 307 305 305 304 302 301 300 299 298 298 297 297 296 296 296 295 295 295 296 297 301 304 302 296 292 291 289 284 278 268 260 266 269 271 274 277 280 282 280 279 280 281 280 278 278 282 285 282 280 282 284 281 277 275 272 269 269 275 281 279 277 277 276 278 284 288 288 288 288 290 297 308 304 298 303 312 319 330 353 20 32 34 39 45 48 57 70 74 70 67
319 318 316 313 311 310 308 306 305 304 303 301 301 300 299 298 298 297 296 296 295 295 295 295 295 297 299 300 298 293 290 289 288 283 276 268 269 272 271 272 275 279 282 283 281 279 280 282 282 279 277 281 288 287 281 279 280 280 276 272 267 261 260 266 276 278 275 275 277 282 287 286 283 284 285 289 298 308 305 297 299 310 322 336 1 26 37 40 43 47 49 61 69 72 71 70
322 320 318 315 313 311 309 307 305 304 303 302 301 300 299 298 298 297 296 296 296 295 295 294 294 295 296 297 296 294 290 288 287 284 278 274 275 276 276 278 279 281 281 282 283 283 282 281 281 280 278 280 285 286 279 273 271 272 270 266 262 259 259 264 270 276 275 275 279 284 283 280 280 285 287 289 297 305 301 294 295 306 319 340 8 28 39 44 48 52 55 62 65 69 73 71
325 323 320 318 314 312 310 308 306 305 304 303 301 300 299 298 298 297 296 296 295 295 295 294 294 294 294 295 296 294 290 288 287 286 285 284 282 283 285 285 282 279 278 280 283 283 279 275 275 278 277 276 277 278 275 270 266 265 265 263 262 264 266 265 266 273 276 277 279 279 275 275 280 285 287 289 293 297 296 294 294 300 313 339 13 33 42 48 53 57 61 62 63 68 71 67
327 326 323 319 316 313 311 309 307 305 305 303 302 301 300 298 298 297 296 295 295 295 295 294 293 293 293 294 295 293 290 288 287 289 291 292 291 289 288 284 280 276 277 279 278 275 271 269 271 276 277 274 271 270 270 267 264 261 262 263 265 269 272 269 268 272 276 277 273 269 268 271 275 281 283 284 284 287 289 288 288 296 311 339 21 41 47 52 57 61 63 63 67 72 70 64
329 328 324 320 317 314 312 310 308 306 305 304 302 301 300 299 298 297 296 296 295 295 294 294 293 293 293 293 293 292 290 289 288 290 292 295 294 289 284 280 277 277 278 276 271 266 266 270 274 278 277 271 265 263 263 262 261 259 261 265 268 271 274 274 274 274 273 271 266 262 264 266 267 270 273 272 271 273 276 278 283 293 307 344 36 48 51 56 60 64 66 67 73 76 71 64
