windninja/windninja_output/Output_2025-08-09_0500-0550_Google earth_Fire_150m_10min/merlingen_7.5mi_point_08-09-2025_0540_150m_ang.asc
ncols	158
nrows	163
xllcorner	391686.332397
yllcorner	5160024.123721
cellsize	150.000000
NODATA_value	-32768.000000
[rows 44 to 87 of 163, columns 0 to 95 of 158]
286 286 284 284 283 282 281 281 280 279 279 279 278 277 277 277 276 276 276 276 276 276 276 276 275 276 277 278 279 279 278 276 276 277 279 283 283 278 272 268 265 265 268 267 260 253 255 260 265 270 269 263 256 253 253 253 252 251 254 258 262 266 269 270 271 271 270 268 261 252 252 255 256 259 261 257 243 232 245 258 265 272 276 275 267 255 252 257 262 268 273 275 277 277 274 270
285 285 284 284 283 282 281 280 280 279 279 278 278 277 277 276 276 276 276 276 275 275 275 275 275 276 276 277 277 277 277 276 277 278 280 284 284 279 274 271 269 269 268 263 255 252 258 265 271 271 266 258 252 248 249 250 250 253 259 263 265 267 271 276 277 275 270 265 259 257 258 257 256 255 252 247 233 227 245 261 271 276 275 268 257 252 255 259 262 265 270 277 280 277 271 268
286 285 285 284 282 281 281 281 280 279 278 278 278 277 277 276 276 276 275 275 275 275 274 275 275 275 275 275 275 276 276 276 277 278 281 282 282 281 278 276 274 271 267 259 252 256 264 270 271 267 259 253 247 245 248 250 252 259 266 270 269 270 274 278 276 273 268 262 257 259 261 260 257 253 248 241 230 231 251 264 271 272 268 261 256 256 260 263 262 263 269 278 280 276 270 267
285 285 284 282 280 280 281 281 280 279 279 278 278 277 277 276 276 275 275 275 274 274 274 274 274 274 274 274 274 275 275 276 276 278 280 281 281 281 280 278 276 273 266 257 254 263 270 271 267 259 254 248 243 246 248 250 257 264 271 275 275 273 274 274 272 269 264 259 256 257 260 259 257 252 246 239 233 240 257 264 267 266 263 261 260 261 264 265 264 265 270 275 277 273 269 268
284 284 283 281 279 279 281 282 281 280 279 278 277 277 276 276 276 275 275 274 274 274 274 274 274 274 274 274 274 274 274 275 276 277 279 280 280 280 280 280 278 274 267 260 261 268 271 268 261 254 247 243 245 249 251 255 263 269 274 276 275 272 270 269 269 267 263 259 257 257 258 257 256 251 244 239 239 247 257 262 263 264 265 264 263 264 265 266 268 270 270 270 270 270 268 268
283 283 282 279 278 278 279 282 282 280 279 278 277 277 276 276 275 275 274 274 274 274 274 273 273 273 273 273 273 273 274 274 275 276 277 280 280 280 280 280 278 274 270 268 269 271 269 263 256 247 240 242 249 253 255 261 268 274 275 271 269 268 265 266 267 266 263 259 257 256 256 255 253 248 243 241 243 249 255 260 262 264 265 265 265 266 266 269 272 271 267 264 264 266 267 264
282 283 282 279 278 278 278 280 282 281 279 278 277 277 276 275 275 275 274 274 274 273 273 273 273 273 273 273 273 273 273 273 274 274 276 278 280 280 279 278 276 275 274 275 274 271 266 259 251 243 241 249 255 257 260 267 272 273 269 264 262 262 263 266 267 266 262 259 257 256 256 254 251 247 245 246 248 249 253 258 261 263 264 265 267 268 270 272 271 268 264 260 259 260 261 261
282 283 282 280 279 279 278 277 280 282 281 278 278 277 276 275 275 274 274 274 274 273 273 273 273 272 272 272 272 272 273 273 273 273 275 277 279 279 278 277 276 276 277 278 276 271 263 253 246 245 250 258 261 262 267 272 273 268 261 257 257 259 264 267 267 264 260 257 255 255 255 253 250 248 249 251 251 252 254 257 259 260 263 265 268 270 272 271 268 265 262 258 256 255 258 262
280 282 284 282 280 280 277 276 278 281 281 279 277 276 276 275 275 274 274 274 273 273 272 272 272 272 271 272 272 272 272 272 272 273 274 275 276 278 278 278 276 276 278 279 275 269 261 249 246 251 258 261 262 265 271 274 270 261 255 252 254 259 265 267 266 262 258 255 253 254 253 251 249 249 251 253 254 255 258 259 257 257 261 266 270 272 272 270 268 264 260 257 254 254 260 272
278 280 285 284 281 280 278 275 275 278 280 279 277 276 276 275 275 274 274 273 273 273 272 272 272 271 271 271 271 271 271 271 272 272 273 273 274 276 277 279 278 277 277 278 275 267 259 252 254 259 260 261 262 265 270 271 265 256 251 251 255 262 267 267 264 260 256 251 251 252 252 250 248 249 252 253 254 257 262 262 258 257 260 262 266 271 273 271 267 262 260 259 257 257 267 288
276 278 283 287 283 280 279 275 272 274 278 279 278 277 276 275 274 274 273 273 272 272 272 272 271 271 271 271 271 271 271 271 271 271 272 272 273 274 275 278 279 278 275 275 274 269 262 260 264 264 260 260 264 266 268 267 260 252 250 253 257 263 267 266 262 257 252 247 249 250 250 247 247 250 253 254 254 257 262 264 262 261 261 259 260 265 270 271 267 262 261 262 263 265 275 290
277 276 279 284 282 279 278 275 271 270 275 278 279 278 276 275 274 274 273 273 272 272 272 272 271 271 271 271 270 270 270 270 271 271 271 271 272 272 273 276 278 277 274 272 273 273 271 270 270 265 260 262 264 266 267 263 253 249 252 256 261 265 266 264 259 254 249 246 248 248 244 243 248 252 254 254 254 259 262 264 265 265 262 260 258 259 260 262 264 263 264 266 270 275 280 287
278 277 275 277 278 278 278 278 273 270 272 275 278 278 277 276 275 274 274 273 272 272 272 271 271 271 270 270 270 270 270 270 270 270 270 270 271 271 272 273 274 275 273 273 274 277 278 277 273 267 263 264 264 266 266 259 249 250 255 261 265 267 264 260 255 251 247 246 248 245 241 244 251 253 254 254 255 260 263 264 265 265 263 261 259 258 254 253 255 260 266 273 283 290 286 284
277 277 275 274 274 276 277 279 277 274 272 272 274 276 278 277 275 274 274 273 272 272 271 271 271 271 270 270 270 270 270 269 269 269 270 270 270 270 271 271 272 272 273 273 274 277 279 280 277 272 267 265 265 267 265 256 248 253 260 265 267 265 262 257 252 247 244 244 244 242 244 250 252 253 254 254 257 261 263 262 262 262 262 260 259 257 254 251 252 258 270 285 297 297 290 280
276 276 275 274 273 273 274 278 280 278 275 271 269 271 276 278 277 275 274 273 273 272 271 271 271 270 270 270 270 269 269 269 269 269 269 269 269 269 270 270 270 271 272 273 274 275 277 280 280 278 274 269 268 268 264 256 251 258 264 267 266 263 260 255 250 244 241 239 238 242 249 252 252 253 255 256 259 262 261 259 257 257 258 257 256 256 255 256 259 269 282 290 296 295 286 268
275 275 274 274 273 273 273 275 279 279 276 272 268 268 272 277 278 277 275 274 273 272 272 271 270 270 270 270 269 269 269 269 269 269 269 269 269 269 269 269 269 270 270 271 272 273 274 277 281 284 284 277 271 268 263 255 254 263 267 267 264 261 258 254 249 243 239 234 235 245 251 252 253 255 256 257 261 262 258 255 254 254 254 253 253 253 255 261 271 283 288 288 287 286 273 255
274 273 273 272 272 273 273 273 275 277 277 276 273 269 268 271 275 277 277 275 273 272 272 271 270 270 269 269 269 269 269 268 268 268 268 268 268 268 268 268 269 269 269 270 270 271 272 274 278 285 290 285 275 269 262 256 258 266 268 266 264 261 257 253 249 244 239 230 238 249 252 254 256 257 257 258 260 258 254 253 252 253 253 252 251 253 259 269 281 287 287 283 279 272 260 249
273 273 272 272 271 272 272 273 274 275 277 279 278 273 267 266 269 274 277 277 275 273 272 271 270 269 269 269 269 269 268 268 268 268 268 268 268 268 268 268 268 268 268 269 269 270 271 273 276 281 288 287 279 271 263 259 263 267 267 266 263 260 258 255 250 245 237 230 243 252 254 255 258 259 258 259 258 253 251 251 251 252 252 252 253 258 267 278 285 287 285 278 270 256 250 245
273 273 272 272 272 271 272 273 274 274 276 279 280 277 271 266 265 268 272 275 276 274 272 271 270 269 269 269 269 269 268 268 268 268 267 267 267 267 267 267 267 267 268 268 268 269 270 271 273 277 283 286 281 274 266 263 266 267 266 265 263 261 259 256 250 245 235 234 248 254 255 256 259 259 258 257 254 251 250 250 250 251 251 253 257 265 276 285 286 283 278 269 256 248 245 242
273 273 273 273 273 273 273 273 272 273 274 277 279 278 275 270 266 265 267 271 274 275 273 271 270 269 269 269 269 269 268 268 268 267 267 267 267 267 267 267 267 267 267 267 268 268 269 270 271 274 278 283 281 276 271 266 267 267 266 265 263 261 258 254 251 247 240 244 253 254 255 257 259 259 257 254 252 251 249 248 249 249 250 256 262 271 282 287 285 277 264 256 249 243 240 239
272 272 273 273 274 275 274 273 272 272 272 275 279 279 278 275 270 265 264 266 270 272 273 273 271 270 269 269 269 269 268 268 267 267 267 267 266 266 266 266 266 266 266 267 267 268 268 269 270 272 275 280 280 277 275 271 267 265 266 266 264 258 252 251 255 253 251 255 257 255 255 257 258 257 255 252 252 250 247 245 246 248 253 260 268 278 282 282 277 264 253 248 243 239 238 235
270 270 271 273 273 274 274 272 272 272 272 274 278 279 277 277 274 269 264 263 265 267 270 272 272 271 270 269 268 269 268 268 267 267 267 266 266 266 266 266 266 266 266 266 266 267 267 268 269 270 272 276 279 278 278 278 271 266 265 265 260 250 248 253 256 256 258 259 257 256 256 257 258 256 254 253 252 249 243 243 246 252 259 266 274 279 279 274 264 251 246 242 238 237 235 232
266 266 267 270 272 273 273 271 270 272 274 274 275 279 279 276 275 273 268 264 262 263 265 268 271 272 271 269 268 268 268 268 267 267 267 266 266 266 266 265 265 265 265 265 266 266 266 267 268 269 270 272 275 276 278 282 278 269 264 260 253 246 252 256 256 256 257 257 257 257 258 259 258 255 253 253 251 247 242 244 250 258 267 273 276 275 272 264 251 243 239 235 234 232 232 233
262 261 261 263 268 273 274 270 268 271 274 274 273 275 278 277 274 274 273 269 264 261 261 263 267 269 270 270 269 269 268 268 267 267 267 266 266 266 265 265 265 265 265 265 265 265 266 266 267 267 268 270 271 273 276 280 280 275 266 259 253 254 261 260 257 255 253 253 256 258 259 259 258 255 253 251 250 246 242 248 256 264 271 274 273 269 262 249 243 239 234 231 230 228 231 237
265 263 261 260 263 268 270 265 265 269 272 272 272 272 274 275 274 274 275 272 268 264 262 261 261 262 264 268 270 271 270 269 268 267 267 266 266 265 265 265 265 265 265 264 265 265 265 265 266 266 267 268 269 270 272 274 276 275 271 265 262 266 269 266 261 256 252 252 255 257 258 258 258 256 252 251 250 247 247 255 263 268 269 267 269 265 253 242 238 234 230 227 227 229 234 240
274 275 272 267 266 264 262 260 263 266 269 268 267 267 268 269 271 272 273 272 269 268 266 263 259 255 258 264 269 271 271 271 269 268 267 266 266 265 265 265 264 264 264 264 264 264 264 265 265 265 266 266 267 268 269 270 271 271 271 268 267 271 273 271 266 261 257 256 255 255 255 257 258 255 252 252 252 251 254 261 265 267 262 261 269 265 250 239 235 230 226 224 228 233 238 243
274 278 280 279 274 268 263 266 269 268 266 264 262 261 262 263 264 266 268 270 270 269 268 267 261 253 256 261 265 268 270 272 271 270 268 267 266 265 265 265 264 264 264 264 264 264 264 264 264 264 265 265 266 266 266 267 267 268 268 268 268 271 273 273 271 269 266 263 260 256 254 257 258 253 251 252 253 255 259 263 264 261 259 265 270 263 245 237 232 227 224 225 231 235 241 247
271 275 280 281 278 274 272 277 277 272 266 264 263 262 261 261 261 261 262 264 267 268 268 267 263 258 257 258 260 263 266 269 271 271 269 268 267 266 265 264 264 264 264 263 263 263 263 263 263 264 264 264 264 265 265 265 265 265 266 266 266 268 269 270 271 273 273 270 266 263 261 261 258 252 250 251 253 256 258 261 260 259 263 271 268 254 238 232 228 226 226 230 235 238 242 254
270 273 277 279 278 276 277 281 281 273 266 266 268 267 266 265 264 263 262 261 261 264 266 266 265 264 262 259 257 258 261 263 267 270 271 269 268 266 265 264 264 264 263 263 263 263 263 263 263 263 263 263 263 264 264 264 264 264 264 264 265 265 266 267 268 270 271 271 271 271 273 269 261 253 251 253 255 255 255 256 259 264 271 273 263 242 230 227 228 230 231 235 240 243 252 277
270 273 277 278 278 278 279 280 279 274 269 269 269 269 269 268 268 268 266 263 262 263 263 264 265 265 265 261 257 257 258 259 262 266 269 270 268 267 266 265 264 264 263 263 263 263 263 262 262 262 263 263 263 263 263 263 263 263 263 263 263 264 264 265 265 266 267 268 270 273 276 274 266 258 257 258 258 257 253 255 261 270 275 270 253 234 226 225 231 234 235 240 245 255 280 289
270 273 277 280 280 279 279 279 277 275 274 272 270 270 270 270 270 269 269 268 267 265 264 263 263 265 265 262 259 257 257 257 259 262 265 267 267 267 266 265 264 263 263 263 262 262 262 262 262 262 262 262 262 262 262 262 262 262 262 262 263 263 263 263 263 264 264 265 267 269 271 271 269 266 265 264 262 258 253 258 268 275 273 261 242 229 225 228 235 237 241 244 251 277 287 287
269 271 276 281 282 281 282 280 278 277 276 274 273 272 272 272 271 270 269 269 268 267 265 264 264 265 265 263 260 258 257 258 258 260 261 263 265 266 266 266 264 263 263 262 262 262 262 262 262 262 262 262 262 262 262 262 262 262 262 262 262 262 262 262 262 263 263 264 265 265 266 267 268 270 271 269 265 259 256 265 275 274 265 249 233 224 226 232 236 241 250 256 271 281 281 278
267 269 274 280 284 285 285 283 281 279 278 277 276 274 274 273 272 271 270 269 268 267 266 265 264 264 265 266 264 260 257 257 257 258 260 262 264 266 266 265 265 263 262 262 262 262 262 262 262 262 261 261 261 261 261 261 261 261 261 261 261 261 261 261 262 262 262 263 263 263 264 265 266 269 273 273 269 263 263 272 275 268 255 239 229 228 233 236 239 249 262 279 287 281 275 269
267 267 269 275 283 287 288 286 285 284 282 280 278 276 276 275 274 273 271 270 268 268 267 266 263 261 264 267 267 263 258 256 256 257 259 261 263 265 266 266 264 263 262 262 261 261 261 261 261 261 261 261 261 261 261 261 261 261 261 261 261 261 261 261 261 261 261 262 262 262 263 264 265 267 270 272 272 270 271 274 269 259 245 236 234 240 245 245 249 263 279 289 288 280 271 265
268 265 260 267 281 288 290 291 291 291 288 283 280 278 276 276 275 274 272 270 269 268 268 266 262 259 263 266 267 265 260 257 256 257 258 259 260 262 264 266 265 263 262 261 261 261 261 261 261 262 262 261 261 261 261 261 260 260 260 260 260 260 260 260 260 261 261 261 261 262 262 263 264 265 267 269 272 274 276 272 263 248 238 237 239 243 247 252 267 276 281 284 282 274 266 263
264 259 251 258 273 287 294 296 296 297 294 286 281 279 277 277 276 275 273 271 269 269 268 267 263 261 262 263 265 265 262 260 257 256 257 258 257 258 260 264 265 264 263 262 262 261 261 261 262 262 262 262 262 261 261 260 260 260 260 260 260 260 260 260 260 260 260 260 261 261 261 262 262 263 264 266 269 274 277 271 258 243 238 240 240 241 249 265 275 278 277 275 273 269 264 262
257 253 252 258 269 284 299 302 300 300 297 288 282 279 278 277 276 275 273 272 270 269 268 267 266 264 264 263 262 263 264 263 259 256 256 256 255 255 256 259 261 263 263 263 262 262 262 262 263 264 264 263 262 262 261 260 260 260 259 259 259 259 259 259 259 259 260 260 260 260 261 261 262 262 263 264 267 271 274 268 255 244 243 242 240 245 262 275 277 275 271 269 268 265 262 261
254 257 262 269 279 286 294 299 298 297 295 288 281 278 277 277 275 274 274 273 271 270 269 268 267 267 266 264 262 262 264 265 262 258 255 253 253 254 255 255 255 257 259 261 262 263 263 263 264 268 268 267 264 262 261 260 260 260 259 259 259 259 259 259 259 259 259 259 260 260 260 260 261 262 262 263 265 267 269 266 256 248 246 243 244 257 274 278 275 271 268 266 263 261 259 260
266 269 275 283 287 282 276 279 284 285 285 282 279 277 276 275 274 273 274 274 273 271 270 269 267 267 267 266 264 263 264 265 265 262 259 254 252 252 254 254 252 251 253 255 257 260 261 261 262 266 269 269 267 264 261 260 259 259 259 259 259 259 259 259 259 259 259 259 259 259 260 260 260 261 261 262 263 265 267 266 260 251 246 246 257 273 277 276 273 269 265 262 260 257 257 258
272 277 282 283 280 270 266 265 265 268 271 275 276 274 274 273 273 273 274 274 274 273 271 270 270 269 268 266 264 263 263 263 263 263 261 259 257 255 255 254 252 251 252 253 254 255 256 257 259 259 259 262 264 264 261 260 259 259 259 259 259 259 258 258 258 258 258 258 259 259 259 259 260 260 261 262 263 264 265 266 263 254 247 252 271 278 276 273 270 268 265 261 258 256 255 255
267 270 275 271 264 262 260 257 257 260 266 271 272 271 271 271 272 272 273 275 276 275 273 271 273 273 269 266 264 262 261 260 259 258 259 261 261 260 258 256 255 255 256 256 257 257 258 260 261 259 256 255 257 259 259 259 259 259 259 259 259 259 258 258 258 258 258 258 258 258 259 259 259 260 260 261 262 263 265 266 265 262 257 264 276 277 274 270 267 267 265 262 258 255 254 255
263 262 263 262 260 257 252 250 255 262 267 270 269 269 268 269 270 270 272 274 276 276 276 276 276 276 271 266 265 264 261 259 257 255 255 257 258 259 260 260 260 258 258 259 259 260 261 263 264 263 260 257 255 255 257 259 259 259 259 259 259 259 258 258 258 258 258 258 258 258 258 259 259 260 260 261 262 262 264 265 267 270 275 278 277 274 270 267 265 264 263 261 258 255 254 255
263 261 259 260 257 253 247 249 257 265 268 267 267 268 266 266 266 267 269 272 274 276 277 279 280 277 272 268 266 265 262 260 259 256 255 254 253 253 256 260 262 262 259 258 258 259 260 262 264 265 264 261 258 256 257 259 259 260 259 259 259 259 259 258 258 258 258 258 258 258 258 258 259 259 260 260 261 262 264 267 272 282 288 283 276 271 268 265 263 261 260 259 259 258 256 254
263 261 259 258 255 250 247 251 258 263 265 264 266 266 264 263 261 262 264 268 271 271 275 282 288 282 271 267 264 262 262 262 261 261 260 255 251 250 250 253 257 260 260 258 256 257 259 260 261 262 263 262 261 259 259 260 261 261 261 261 260 259 259 258 258 258 257 257 257 258 258 258 258 259 260 260 261 262 265 268 277 290 296 288 275 268 266 264 262 260 260 261 263 262 258 255
