windninja/windninja_output/Output_2025-08-09_0500-0550_Google earth_Fire_150m_10min/merlingen_7.5mi_point_08-09-2025_0530_150m_vel.asc
ncols	158
nrows	163
xllcorner	391686.332397
yllcorner	5160024.123721
cellsize	150.000000
NODATA_value	-32768.000000
[rows 76 to 113 of 163, columns 0 to 83 of 158]
0.15 0.15 0.16 0.15 0.16 0.18 0.18 0.18 0.18 0.18 0.19 0.19 0.19 0.20 0.20 0.19 0.19 0.21 0.22 0.21 0.21 0.21 0.22 0.22 0.21 0.19 0.20 0.22 0.23 0.26 0.27 0.27 0.26 0.25 0.23 0.21 0.20 0.19 0.19 0.19 0.19 0.19 0.20 0.20 0.20 0.20 0.19 0.19 0.19 0.19 0.19 0.19 0.19 0.18 0.18 0.18 0.18 0.18 0.17 0.17 0.17 0.16 0.16 0.16 0.16 0.15 0.15 0.14 0.14 0.13 0.13 0.13 0.12 0.12 0.11 0.11 0.11 0.12 0.12 0.13 0.12 0.11 0.08 0.06
0.15 0.16 0.17 0.17 0.17 0.18 0.17 0.17 0.18 0.18 0.18 0.18 0.19 0.19 0.20 0.19 0.19 0.20 0.21 0.20 0.20 0.21 0.21 0.21 0.20 0.19 0.21 0.22 0.21 0.23 0.26 0.27 0.27 0.26 0.25 0.22 0.21 0.20 0.19 0.18 0.18 0.19 0.20 0.20 0.20 0.20 0.19 0.19 0.19 0.19 0.19 0.19 0.19 0.18 0.18 0.18 0.18 0.18 0.18 0.17 0.17 0.17 0.17 0.16 0.16 0.16 0.15 0.15 0.15 0.14 0.14 0.13 0.13 0.12 0.12 0.11 0.11 0.11 0.12 0.12 0.11 0.09 0.07 0.07
0.17 0.15 0.16 0.20 0.20 0.18 0.17 0.17 0.18 0.18 0.17 0.17 0.18 0.19 0.19 0.19 0.18 0.19 0.19 0.19 0.20 0.20 0.21 0.20 0.19 0.19 0.22 0.22 0.21 0.20 0.23 0.27 0.27 0.26 0.26 0.24 0.22 0.21 0.20 0.18 0.18 0.19 0.20 0.20 0.20 0.20 0.20 0.20 0.19 0.19 0.19 0.19 0.19 0.19 0.19 0.18 0.18 0.18 0.18 0.18 0.18 0.17 0.17 0.17 0.16 0.16 0.16 0.15 0.15 0.15 0.14 0.14 0.13 0.13 0.12 0.12 0.11 0.11 0.11 0.11 0.10 0.09 0.08 0.08
0.16 0.13 0.15 0.25 0.28 0.24 0.19 0.18 0.19 0.17 0.16 0.16 0.17 0.18 0.18 0.18 0.18 0.18 0.18 0.18 0.19 0.20 0.20 0.19 0.17 0.19 0.23 0.23 0.21 0.20 0.20 0.24 0.27 0.27 0.27 0.25 0.23 0.22 0.21 0.20 0.17 0.18 0.19 0.19 0.20 0.20 0.20 0.19 0.19 0.19 0.19 0.19 0.19 0.19 0.19 0.19 0.19 0.18 0.18 0.18 0.18 0.18 0.17 0.17 0.17 0.17 0.16 0.16 0.16 0.15 0.15 0.14 0.14 0.14 0.13 0.13 0.12 0.12 0.11 0.11 0.10 0.10 0.10 0.10
0.13 0.12 0.16 0.23 0.30 0.30 0.21 0.17 0.17 0.15 0.13 0.14 0.16 0.17 0.17 0.18 0.18 0.17 0.17 0.17 0.19 0.19 0.20 0.19 0.16 0.18 0.22 0.24 0.22 0.20 0.20 0.22 0.25 0.27 0.28 0.27 0.24 0.23 0.24 0.22 0.19 0.17 0.18 0.19 0.19 0.19 0.19 0.19 0.19 0.18 0.18 0.19 0.19 0.19 0.19 0.19 0.19 0.19 0.19 0.18 0.18 0.18 0.18 0.18 0.17 0.17 0.17 0.16 0.16 0.16 0.15 0.15 0.15 0.14 0.14 0.13 0.13 0.13 0.12 0.11 0.11 0.11 0.12 0.11
0.11 0.12 0.16 0.23 0.31 0.29 0.17 0.12 0.13 0.12 0.11 0.12 0.15 0.16 0.17 0.17 0.17 0.16 0.16 0.17 0.18 0.19 0.19 0.18 0.16 0.17 0.21 0.22 0.22 0.21 0.20 0.21 0.23 0.25 0.28 0.29 0.27 0.24 0.25 0.25 0.22 0.19 0.19 0.19 0.19 0.18 0.18 0.18 0.18 0.17 0.16 0.17 0.18 0.19 0.19 0.19 0.19 0.19 0.19 0.19 0.19 0.18 0.18 0.18 0.18 0.17 0.17 0.17 0.16 0.16 0.16 0.15 0.15 0.15 0.14 0.14 0.14 0.13 0.13 0.12 0.12 0.13 0.12 0.12
0.13 0.14 0.18 0.26 0.29 0.22 0.15 0.12 0.10 0.10 0.09 0.11 0.14 0.15 0.17 0.17 0.16 0.16 0.16 0.16 0.17 0.18 0.18 0.18 0.16 0.17 0.20 0.21 0.22 0.22 0.21 0.21 0.21 0.22 0.24 0.28 0.28 0.26 0.25 0.25 0.25 0.23 0.22 0.22 0.21 0.20 0.20 0.19 0.20 0.19 0.17 0.16 0.17 0.18 0.19 0.19 0.19 0.19 0.19 0.19 0.19 0.19 0.19 0.18 0.18 0.18 0.18 0.17 0.17 0.17 0.16 0.16 0.16 0.15 0.15 0.15 0.14 0.14 0.14 0.13 0.13 0.13 0.13 0.12
0.24 0.20 0.20 0.24 0.24 0.20 0.16 0.14 0.12 0.11 0.10 0.11 0.13 0.15 0.16 0.16 0.16 0.16 0.16 0.16 0.16 0.17 0.18 0.17 0.15 0.17 0.20 0.20 0.21 0.22 0.22 0.21 0.21 0.21 0.22 0.24 0.26 0.26 0.26 0.25 0.25 0.24 0.24 0.25 0.25 0.25 0.25 0.25 0.25 0.25 0.24 0.21 0.19 0.18 0.19 0.20 0.20 0.20 0.20 0.19 0.19 0.19 0.19 0.19 0.18 0.18 0.18 0.18 0.17 0.17 0.17 0.16 0.16 0.16 0.15 0.15 0.15 0.15 0.14 0.14 0.13 0.13 0.13 0.14
0.27 0.24 0.21 0.23 0.23 0.21 0.17 0.14 0.14 0.13 0.12 0.12 0.13 0.15 0.16 0.16 0.16 0.16 0.16 0.16 0.15 0.16 0.16 0.17 0.15 0.16 0.19 0.20 0.21 0.22 0.22 0.22 0.23 0.23 0.23 0.23 0.23 0.24 0.24 0.24 0.24 0.23 0.23 0.23 0.24 0.24 0.24 0.24 0.24 0.24 0.25 0.25 0.23 0.21 0.20 0.20 0.20 0.20 0.20 0.20 0.20 0.19 0.19 0.19 0.19 0.19 0.18 0.18 0.18 0.17 0.17 0.17 0.17 0.16 0.16 0.16 0.15 0.15 0.15 0.14 0.14 0.14 0.15 0.16
0.29 0.27 0.23 0.23 0.24 0.23 0.18 0.15 0.15 0.14 0.13 0.13 0.13 0.15 0.16 0.17 0.16 0.16 0.16 0.15 0.15 0.15 0.15 0.15 0.15 0.14 0.17 0.19 0.20 0.21 0.22 0.23 0.23 0.24 0.25 0.25 0.24 0.24 0.23 0.22 0.22 0.22 0.23 0.23 0.22 0.22 0.22 0.21 0.20 0.20 0.21 0.22 0.22 0.22 0.21 0.20 0.20 0.20 0.20 0.20 0.20 0.20 0.20 0.19 0.19 0.19 0.19 0.18 0.18 0.18 0.18 0.17 0.17 0.17 0.16 0.16 0.16 0.16 0.15 0.15 0.16 0.16 0.17 0.18
0.32 0.29 0.24 0.23 0.24 0.24 0.19 0.17 0.17 0.16 0.14 0.13 0.13 0.15 0.16 0.17 0.17 0.17 0.17 0.16 0.15 0.14 0.14 0.14 0.13 0.13 0.16 0.18 0.20 0.20 0.21 0.22 0.22 0.23 0.26 0.29 0.29 0.28 0.26 0.23 0.21 0.21 0.22 0.23 0.23 0.23 0.22 0.22 0.21 0.19 0.19 0.19 0.20 0.21 0.21 0.20 0.20 0.20 0.20 0.20 0.20 0.20 0.20 0.20 0.20 0.19 0.19 0.19 0.19 0.18 0.18 0.18 0.17 0.17 0.17 0.17 0.16 0.16 0.16 0.16 0.17 0.18 0.19 0.21
0.36 0.30 0.24 0.23 0.23 0.23 0.21 0.19 0.19 0.18 0.15 0.13 0.14 0.15 0.16 0.17 0.17 0.18 0.18 0.17 0.16 0.14 0.14 0.13 0.11 0.12 0.16 0.19 0.21 0.21 0.21 0.21 0.21 0.21 0.23 0.26 0.29 0.31 0.32 0.30 0.25 0.22 0.21 0.22 0.24 0.24 0.23 0.23 0.22 0.20 0.18 0.18 0.19 0.20 0.20 0.19 0.19 0.19 0.20 0.20 0.20 0.20 0.20 0.20 0.20 0.20 0.20 0.19 0.19 0.19 0.18 0.18 0.18 0.18 0.17 0.17 0.17 0.17 0.17 0.17 0.17 0.18 0.20 0.22
0.38 0.31 0.24 0.22 0.22 0.23 0.24 0.23 0.23 0.21 0.17 0.14 0.14 0.15 0.16 0.17 0.18 0.20 0.20 0.19 0.16 0.15 0.15 0.14 0.12 0.13 0.17 0.20 0.21 0.22 0.22 0.22 0.22 0.20 0.20 0.21 0.23 0.27 0.31 0.32 0.31 0.27 0.23 0.23 0.24 0.26 0.26 0.25 0.24 0.22 0.21 0.19 0.19 0.19 0.20 0.20 0.19 0.18 0.18 0.19 0.20 0.20 0.20 0.20 0.20 0.20 0.20 0.20 0.19 0.19 0.19 0.19 0.18 0.18 0.18 0.17 0.17 0.17 0.17 0.17 0.17 0.18 0.19 0.20
0.37 0.31 0.25 0.23 0.22 0.22 0.24 0.26 0.25 0.25 0.22 0.17 0.15 0.16 0.17 0.18 0.19 0.21 0.22 0.21 0.17 0.16 0.17 0.17 0.16 0.16 0.18 0.20 0.22 0.23 0.23 0.23 0.23 0.22 0.21 0.21 0.20 0.21 0.25 0.29 0.30 0.29 0.26 0.24 0.24 0.25 0.27 0.27 0.25 0.24 0.23 0.22 0.21 0.21 0.22 0.22 0.21 0.19 0.17 0.17 0.18 0.20 0.21 0.21 0.21 0.21 0.20 0.20 0.20 0.20 0.19 0.19 0.19 0.18 0.18 0.18 0.18 0.17 0.17 0.17 0.17 0.17 0.18 0.18
0.34 0.30 0.27 0.24 0.22 0.21 0.22 0.25 0.27 0.29 0.27 0.20 0.17 0.17 0.17 0.18 0.20 0.23 0.25 0.22 0.18 0.17 0.20 0.21 0.20 0.19 0.20 0.21 0.22 0.23 0.23 0.23 0.23 0.23 0.23 0.23 0.21 0.20 0.22 0.27 0.29 0.28 0.26 0.24 0.23 0.23 0.25 0.27 0.27 0.25 0.24 0.23 0.23 0.23 0.23 0.24 0.24 0.22 0.20 0.19 0.19 0.20 0.21 0.21 0.21 0.21 0.21 0.21 0.20 0.20 0.20 0.19 0.19 0.19 0.18 0.18 0.18 0.18 0.17 0.17 0.17 0.18 0.18 0.18
0.32 0.30 0.30 0.30 0.28 0.24 0.23 0.26 0.30 0.33 0.33 0.26 0.22 0.21 0.21 0.21 0.22 0.24 0.27 0.25 0.19 0.20 0.23 0.24 0.23 0.21 0.21 0.22 0.22 0.23 0.24 0.24 0.23 0.23 0.23 0.24 0.24 0.22 0.22 0.25 0.30 0.31 0.28 0.25 0.23 0.22 0.24 0.25 0.27 0.26 0.24 0.23 0.22 0.23 0.24 0.26 0.27 0.28 0.28 0.26 0.23 0.22 0.22 0.22 0.22 0.21 0.21 0.21 0.21 0.20 0.20 0.20 0.19 0.19 0.19 0.18 0.18 0.18 0.18 0.18 0.18 0.18 0.18 0.19
0.29 0.30 0.34 0.38 0.40 0.38 0.36 0.39 0.44 0.48 0.44 0.34 0.28 0.26 0.24 0.23 0.24 0.28 0.33 0.34 0.28 0.24 0.24 0.24 0.23 0.22 0.22 0.22 0.23 0.23 0.24 0.24 0.24 0.23 0.23 0.24 0.25 0.24 0.23 0.22 0.27 0.31 0.31 0.27 0.24 0.22 0.22 0.23 0.24 0.24 0.22 0.20 0.20 0.21 0.22 0.25 0.29 0.30 0.30 0.29 0.26 0.24 0.22 0.22 0.22 0.22 0.21 0.21 0.21 0.20 0.20 0.20 0.20 0.19 0.19 0.18 0.18 0.18 0.18 0.18 0.18 0.18 0.18 0.19
0.25 0.27 0.33 0.39 0.44 0.47 0.49 0.52 0.56 0.61 0.62 0.55 0.49 0.47 0.46 0.44 0.41 0.42 0.44 0.43 0.40 0.29 0.25 0.24 0.23 0.22 0.22 0.23 0.23 0.23 0.23 0.23 0.23 0.22 0.22 0.23 0.24 0.24 0.24 0.23 0.23 0.28 0.33 0.31 0.26 0.23 0.21 0.22 0.23 0.23 0.22 0.19 0.19 0.20 0.20 0.21 0.22 0.23 0.25 0.26 0.26 0.24 0.23 0.22 0.22 0.22 0.22 0.21 0.21 0.21 0.20 0.20 0.20 0.19 0.19 0.19 0.18 0.18 0.18 0.18 0.18 0.18 0.18 0.18
0.23 0.26 0.31 0.34 0.38 0.40 0.42 0.44 0.46 0.53 0.63 0.66 0.66 0.65 0.66 0.63 0.59 0.56 0.52 0.49 0.45 0.38 0.32 0.27 0.24 0.23 0.23 0.23 0.24 0.24 0.24 0.23 0.22 0.20 0.21 0.22 0.24 0.24 0.24 0.24 0.24 0.27 0.33 0.36 0.33 0.28 0.25 0.24 0.24 0.25 0.26 0.24 0.22 0.22 0.21 0.19 0.18 0.19 0.21 0.22 0.23 0.23 0.23 0.22 0.22 0.22 0.22 0.21 0.21 0.21 0.21 0.20 0.20 0.20 0.19 0.19 0.19 0.18 0.18 0.18 0.18 0.18 0.18 0.18
0.23 0.25 0.29 0.31 0.33 0.34 0.32 0.30 0.29 0.34 0.42 0.49 0.49 0.44 0.43 0.46 0.51 0.53 0.55 0.50 0.45 0.42 0.35 0.28 0.23 0.22 0.23 0.23 0.24 0.25 0.26 0.26 0.24 0.22 0.21 0.22 0.23 0.23 0.24 0.23 0.23 0.24 0.29 0.37 0.40 0.39 0.35 0.32 0.31 0.32 0.33 0.32 0.27 0.24 0.22 0.21 0.20 0.20 0.20 0.21 0.22 0.22 0.22 0.22 0.22 0.22 0.22 0.22 0.22 0.21 0.21 0.20 0.20 0.20 0.19 0.19 0.19 0.18 0.18 0.18 0.18 0.18 0.18 0.18
0.27 0.24 0.27 0.31 0.33 0.34 0.32 0.27 0.21 0.18 0.20 0.28 0.30 0.30 0.30 0.36 0.41 0.49 0.56 0.46 0.39 0.40 0.35 0.27 0.20 0.19 0.20 0.22 0.23 0.25 0.27 0.29 0.27 0.24 0.21 0.20 0.21 0.22 0.23 0.23 0.22 0.22 0.24 0.31 0.37 0.41 0.43 0.42 0.40 0.39 0.37 0.35 0.31 0.26 0.24 0.22 0.21 0.20 0.19 0.20 0.21 0.22 0.22 0.22 0.22 0.22 0.22 0.22 0.21 0.21 0.21 0.20 0.20 0.20 0.19 0.19 0.19 0.18 0.18 0.18 0.18 0.18 0.18 0.18
0.34 0.27 0.25 0.27 0.30 0.34 0.34 0.30 0.23 0.17 0.16 0.16 0.18 0.25 0.28 0.34 0.39 0.49 0.57 0.49 0.41 0.40 0.38 0.28 0.18 0.16 0.18 0.21 0.22 0.22 0.24 0.26 0.26 0.24 0.21 0.20 0.19 0.20 0.21 0.22 0.22 0.21 0.22 0.25 0.29 0.33 0.37 0.38 0.37 0.35 0.33 0.33 0.31 0.27 0.25 0.23 0.21 0.19 0.19 0.19 0.19 0.20 0.21 0.21 0.21 0.22 0.22 0.21 0.21 0.21 0.21 0.20 0.20 0.20 0.19 0.19 0.19 0.18 0.18 0.18 0.18 0.18 0.18 0.18
0.39 0.28 0.18 0.17 0.21 0.27 0.30 0.30 0.26 0.22 0.18 0.14 0.14 0.19 0.27 0.33 0.39 0.45 0.44 0.46 0.46 0.44 0.42 0.31 0.22 0.21 0.21 0.21 0.21 0.21 0.21 0.22 0.23 0.23 0.21 0.20 0.18 0.17 0.17 0.19 0.21 0.21 0.21 0.22 0.25 0.25 0.27 0.29 0.30 0.30 0.30 0.31 0.31 0.28 0.26 0.25 0.24 0.22 0.21 0.20 0.19 0.18 0.18 0.19 0.19 0.20 0.21 0.21 0.21 0.21 0.21 0.20 0.20 0.20 0.19 0.19 0.19 0.18 0.18 0.18 0.18 0.18 0.18 0.18
0.42 0.26 0.09 0.09 0.12 0.15 0.18 0.22 0.24 0.22 0.21 0.18 0.16 0.18 0.26 0.35 0.41 0.39 0.34 0.38 0.44 0.47 0.46 0.41 0.33 0.27 0.24 0.22 0.21 0.21 0.22 0.21 0.21 0.20 0.20 0.20 0.20 0.18 0.16 0.16 0.18 0.20 0.21 0.22 0.25 0.27 0.28 0.30 0.31 0.32 0.32 0.32 0.32 0.32 0.29 0.28 0.27 0.25 0.23 0.22 0.21 0.20 0.19 0.18 0.18 0.18 0.19 0.20 0.21 0.21 0.20 0.20 0.20 0.19 0.19 0.19 0.19 0.18 0.18 0.18 0.18 0.18 0.18 0.18
0.37 0.23 0.09 0.08 0.10 0.12 0.14 0.18 0.20 0.20 0.21 0.20 0.18 0.20 0.26 0.34 0.41 0.37 0.30 0.32 0.38 0.42 0.44 0.40 0.33 0.28 0.25 0.23 0.21 0.21 0.21 0.21 0.19 0.17 0.17 0.17 0.18 0.19 0.18 0.16 0.17 0.18 0.20 0.21 0.25 0.28 0.30 0.31 0.32 0.34 0.35 0.34 0.34 0.35 0.34 0.32 0.30 0.28 0.26 0.24 0.23 0.23 0.23 0.21 0.20 0.19 0.19 0.19 0.20 0.20 0.20 0.20 0.19 0.19 0.19 0.19 0.18 0.18 0.18 0.18 0.18 0.18 0.17 0.17
0.29 0.21 0.12 0.11 0.12 0.13 0.15 0.17 0.19 0.20 0.21 0.21 0.20 0.23 0.28 0.33 0.41 0.39 0.32 0.35 0.37 0.38 0.40 0.38 0.32 0.28 0.26 0.23 0.21 0.21 0.22 0.21 0.18 0.16 0.13 0.12 0.13 0.15 0.17 0.16 0.16 0.17 0.19 0.20 0.23 0.26 0.29 0.31 0.32 0.34 0.36 0.36 0.35 0.34 0.34 0.33 0.33 0.32 0.30 0.26 0.24 0.23 0.24 0.24 0.23 0.21 0.20 0.19 0.19 0.19 0.19 0.19 0.19 0.19 0.19 0.18 0.18 0.18 0.18 0.18 0.18 0.17 0.17 0.17
0.24 0.19 0.14 0.14 0.15 0.15 0.16 0.18 0.19 0.20 0.21 0.22 0.22 0.24 0.32 0.39 0.44 0.45 0.42 0.42 0.42 0.38 0.39 0.38 0.34 0.30 0.27 0.24 0.22 0.22 0.22 0.21 0.19 0.16 0.13 0.09 0.08 0.10 0.13 0.14 0.14 0.15 0.17 0.19 0.22 0.26 0.31 0.34 0.35 0.36 0.37 0.37 0.37 0.36 0.35 0.34 0.34 0.34 0.33 0.31 0.28 0.26 0.26 0.26 0.25 0.23 0.22 0.20 0.19 0.18 0.17 0.17 0.18 0.18 0.18 0.18 0.18 0.18 0.17 0.17 0.17 0.17 0.17 0.17
0.25 0.22 0.18 0.17 0.18 0.18 0.19 0.19 0.21 0.21 0.21 0.22 0.21 0.21 0.25 0.32 0.40 0.42 0.41 0.44 0.47 0.42 0.40 0.39 0.36 0.34 0.31 0.26 0.23 0.22 0.22 0.22 0.20 0.17 0.13 0.09 0.06 0.05 0.07 0.10 0.11 0.13 0.15 0.18 0.20 0.24 0.29 0.33 0.36 0.37 0.37 0.38 0.38 0.39 0.40 0.39 0.37 0.36 0.35 0.35 0.34 0.32 0.30 0.28 0.27 0.25 0.23 0.21 0.20 0.19 0.18 0.16 0.16 0.16 0.17 0.17 0.17 0.17 0.17 0.17 0.17 0.17 0.17 0.17
0.27 0.25 0.22 0.20 0.20 0.20 0.20 0.20 0.21 0.21 0.20 0.20 0.19 0.16 0.16 0.20 0.29 0.33 0.33 0.40 0.45 0.45 0.44 0.42 0.39 0.37 0.37 0.32 0.26 0.25 0.23 0.21 0.20 0.18 0.14 0.11 0.06 0.03 0.04 0.06 0.09 0.12 0.14 0.17 0.19 0.21 0.24 0.29 0.33 0.37 0.38 0.39 0.39 0.38 0.39 0.40 0.40 0.39 0.37 0.36 0.34 0.32 0.31 0.30 0.29 0.28 0.26 0.24 0.23 0.22 0.21 0.18 0.15 0.14 0.13 0.13 0.14 0.16 0.16 0.16 0.17 0.17 0.17 0.17
0.29 0.27 0.24 0.24 0.23 0.22 0.21 0.21 0.21 0.22 0.21 0.19 0.17 0.15 0.15 0.18 0.24 0.28 0.31 0.36 0.39 0.42 0.44 0.44 0.42 0.40 0.41 0.38 0.33 0.30 0.26 0.22 0.19 0.18 0.16 0.12 0.07 0.04 0.05 0.07 0.10 0.12 0.14 0.17 0.19 0.21 0.23 0.27 0.32 0.37 0.41 0.43 0.43 0.42 0.39 0.38 0.39 0.40 0.40 0.38 0.35 0.33 0.31 0.30 0.29 0.29 0.28 0.27 0.26 0.24 0.23 0.22 0.19 0.15 0.13 0.13 0.14 0.14 0.14 0.15 0.16 0.17 0.17 0.17
0.33 0.30 0.27 0.27 0.27 0.26 0.24 0.23 0.23 0.25 0.24 0.22 0.20 0.19 0.18 0.19 0.23 0.27 0.29 0.32 0.36 0.39 0.40 0.42 0.44 0.44 0.45 0.44 0.41 0.36 0.30 0.24 0.20 0.18 0.18 0.14 0.09 0.06 0.07 0.09 0.11 0.14 0.16 0.17 0.19 0.21 0.23 0.26 0.30 0.35 0.41 0.44 0.46 0.47 0.46 0.42 0.40 0.39 0.40 0.40 0.38 0.35 0.34 0.32 0.31 0.30 0.29 0.27 0.26 0.26 0.24 0.23 0.22 0.21 0.19 0.18 0.16 0.15 0.14 0.15 0.16 0.17 0.17 0.17
0.37 0.35 0.31 0.31 0.31 0.31 0.29 0.28 0.28 0.32 0.33 0.32 0.30 0.28 0.25 0.23 0.24 0.26 0.27 0.29 0.34 0.40 0.36 0.36 0.43 0.47 0.47 0.48 0.49 0.44 0.35 0.28 0.22 0.20 0.20 0.16 0.12 0.10 0.09 0.10 0.13 0.15 0.17 0.19 0.21 0.24 0.25 0.27 0.30 0.33 0.36 0.40 0.43 0.47 0.49 0.48 0.45 0.42 0.40 0.40 0.39 0.37 0.35 0.35 0.34 0.32 0.30 0.28 0.27 0.26 0.26 0.24 0.23 0.23 0.22 0.20 0.18 0.18 0.18 0.18 0.17 0.17 0.17 0.17
0.39 0.38 0.36 0.35 0.36 0.37 0.40 0.39 0.39 0.40 0.41 0.37 0.33 0.32 0.31 0.28 0.26 0.27 0.28 0.29 0.33 0.39 0.36 0.31 0.36 0.45 0.48 0.48 0.53 0.52 0.40 0.33 0.25 0.22 0.22 0.18 0.15 0.13 0.13 0.14 0.16 0.17 0.20 0.22 0.24 0.25 0.27 0.29 0.32 0.34 0.36 0.38 0.40 0.42 0.46 0.49 0.49 0.46 0.44 0.43 0.43 0.41 0.37 0.35 0.34 0.32 0.31 0.30 0.28 0.27 0.27 0.26 0.24 0.23 0.22 0.22 0.21 0.20 0.19 0.18 0.17 0.17 0.17 0.17
0.41 0.39 0.39 0.40 0.42 0.44 0.45 0.44 0.41 0.39 0.40 0.39 0.35 0.34 0.35 0.33 0.29 0.29 0.33 0.36 0.38 0.39 0.35 0.29 0.29 0.38 0.46 0.47 0.53 0.55 0.46 0.38 0.31 0.27 0.26 0.21 0.17 0.17 0.20 0.20 0.18 0.18 0.21 0.24 0.25 0.27 0.30 0.31 0.32 0.34 0.38 0.42 0.44 0.44 0.44 0.47 0.50 0.50 0.48 0.47 0.48 0.47 0.43 0.38 0.35 0.32 0.30 0.30 0.29 0.27 0.26 0.26 0.26 0.25 0.24 0.23 0.22 0.21 0.18 0.17 0.17 0.17 0.17 0.17
0.44 0.42 0.41 0.41 0.39 0.38 0.36 0.36 0.37 0.37 0.40 0.40 0.36 0.36 0.38 0.37 0.31 0.29 0.37 0.45 0.47 0.43 0.33 0.28 0.26 0.30 0.40 0.48 0.57 0.61 0.51 0.43 0.37 0.33 0.31 0.24 0.20 0.22 0.24 0.24 0.22 0.23 0.23 0.24 0.27 0.30 0.32 0.32 0.33 0.35 0.38 0.42 0.46 0.47 0.47 0.47 0.49 0.51 0.50 0.47 0.47 0.48 0.47 0.42 0.38 0.35 0.31 0.29 0.29 0.28 0.28 0.28 0.29 0.27 0.25 0.23 0.22 0.20 0.19 0.17 0.17 0.17 0.17 0.17
0.45 0.44 0.41 0.39 0.36 0.35 0.34 0.35 0.36 0.37 0.40 0.42 0.37 0.36 0.40 0.40 0.33 0.29 0.37 0.48 0.57 0.54 0.35 0.27 0.26 0.27 0.31 0.41 0.56 0.69 0.63 0.47 0.40 0.40 0.39 0.33 0.29 0.29 0.28 0.28 0.30 0.31 0.29 0.27 0.30 0.31 0.31 0.32 0.34 0.36 0.38 0.40 0.43 0.47 0.49 0.49 0.50 0.51 0.51 0.48 0.46 0.47 0.48 0.47 0.44 0.41 0.37 0.32 0.28 0.28 0.29 0.29 0.28 0.28 0.26 0.24 0.21 0.20 0.18 0.17 0.17 0.17 0.17 0.16
0.44 0.42 0.39 0.39 0.38 0.37 0.37 0.39 0.39 0.40 0.43 0.47 0.43 0.38 0.41 0.43 0.34 0.29 0.35 0.51 0.67 0.71 0.51 0.30 0.28 0.29 0.26 0.27 0.39 0.61 0.72 0.61 0.45 0.42 0.41 0.41 0.40 0.35 0.31 0.31 0.32 0.30 0.29 0.32 0.34 0.33 0.32 0.32 0.34 0.37 0.39 0.41 0.44 0.47 0.49 0.50 0.51 0.53 0.54 0.52 0.49 0.47 0.48 0.48 0.48 0.47 0.44 0.40 0.33 0.29 0.27 0.27 0.27 0.27 0.26 0.25 0.23 0.21 0.20 0.19 0.18 0.18 0.17 0.16
0.49 0.45 0.40 0.40 0.40 0.38 0.38 0.40 0.42 0.43 0.46 0.51 0.50 0.43 0.44 0.45 0.36 0.30 0.40 0.55 0.71 0.83 0.74 0.44 0.32 0.34 0.30 0.26 0.26 0.39 0.63 0.71 0.58 0.44 0.37 0.36 0.37 0.36 0.33 0.31 0.29 0.28 0.32 0.36 0.37 0.35 0.34 0.36 0.37 0.38 0.39 0.41 0.45 0.49 0.51 0.52 0.52 0.54 0.57 0.56 0.53 0.51 0.51 0.50 0.48 0.48 0.49 0.47 0.43 0.37 0.32 0.30 0.29 0.29 0.28 0.26 0.24 0.23 0.22 0.21 0.20 0.18 0.16 0.15
