windninja/windninja_output/Output_2025-08-09_0500-0550_Google earth_Fire_150m_10min/merlingen_7.5mi_point_08-09-2025_0530_150m_ang.asc
ncols	158
nrows	163
xllcorner	391686.332397
yllcorner	5160024.123721
cellsize	150.000000
NODATA_value	-32768.000000
[rows 45 to 89 of 163, columns 0 to 95 of 158]
332 330 326 321 318 316 313 311 309 307 305 304 303 301 300 299 299 298 297 296 295 295 294 294 293 293 293 292 292 291 291 290 289 290 292 294 293 287 283 281 280 279 276 272 267 264 268 274 278 278 273 266 260 258 259 258 258 260 265 269 270 271 274 277 277 274 270 265 261 261 262 262 261 260 259 258 258 259 266 273 280 287 297 355 49 54 55 58 61 65 68 72 78 77 70 65
334 332 327 323 320 316 314 312 310 308 306 305 304 302 301 300 299 298 297 296 295 295 294 293 293 293 292 291 291 291 290 290 289 291 292 292 291 289 287 285 283 279 274 268 264 267 273 277 278 273 266 260 256 255 257 257 258 264 270 273 272 272 275 276 275 270 266 260 256 259 260 259 258 255 253 251 249 252 262 268 272 277 283 16 55 57 58 59 61 64 68 75 78 75 70 65
335 332 328 325 320 316 313 312 311 309 307 306 304 303 301 300 299 298 297 296 295 295 294 293 292 292 291 291 290 290 290 289 289 289 291 291 290 290 288 286 284 280 274 267 265 272 277 277 272 266 261 256 253 254 256 257 262 268 273 276 275 273 272 272 269 265 260 256 254 256 257 257 256 254 251 248 246 252 259 262 264 266 276 34 59 61 62 62 62 64 69 75 76 73 69 65
334 332 329 327 321 315 313 313 311 309 307 306 305 303 301 300 299 298 297 296 295 295 294 293 292 291 291 291 290 290 289 289 288 289 290 290 290 289 288 286 284 281 274 269 271 275 276 273 267 261 255 252 253 256 256 260 266 272 275 275 274 271 267 266 265 262 257 255 253 253 254 255 254 252 248 245 246 251 255 257 259 260 266 58 66 65 65 64 65 67 69 72 73 71 68 64
334 333 331 329 321 314 312 313 312 310 308 307 305 303 302 300 299 298 297 296 295 295 294 293 292 291 291 290 290 289 289 288 288 288 289 290 290 288 287 286 284 280 277 276 276 276 273 268 263 256 250 251 256 259 261 265 270 274 273 269 267 265 263 262 263 260 257 254 252 252 252 252 252 249 246 245 246 248 249 251 250 247 238 88 76 71 67 67 69 69 69 69 69 68 67 63
334 334 334 332 322 315 313 312 313 312 309 307 306 304 302 301 300 299 297 296 296 295 294 293 292 291 291 290 289 289 288 288 288 287 288 289 289 288 286 285 283 281 280 280 279 275 270 264 259 252 250 255 260 262 264 268 272 272 267 261 260 259 260 262 261 258 255 252 251 251 251 251 249 247 245 245 245 246 246 245 243 238 212 111 87 79 75 73 73 71 69 67 66 65 65 63
334 335 337 332 322 318 316 312 313 313 311 308 306 305 303 301 300 299 298 297 296 295 294 293 292 291 290 290 289 288 288 287 287 287 287 287 287 287 286 285 283 281 281 282 280 274 268 260 254 252 256 262 264 265 268 271 271 265 258 255 255 257 261 262 260 255 252 250 249 249 249 248 246 245 245 246 245 244 243 241 237 228 198 125 98 89 84 80 76 72 68 65 63 63 63 63
335 336 337 330 320 318 317 312 312 314 313 309 307 305 303 301 300 299 298 297 296 295 294 293 292 291 290 289 289 288 287 287 286 286 286 286 286 286 286 285 283 281 281 282 279 273 265 256 254 258 263 265 265 266 270 271 267 259 253 251 253 257 261 261 257 253 249 247 247 247 246 245 244 243 244 245 244 243 243 239 232 222 193 132 106 95 88 82 77 72 66 63 60 60 63 67
337 337 337 331 321 319 320 313 310 313 313 309 307 305 303 301 300 299 298 297 295 295 294 293 292 291 290 289 288 288 287 286 286 285 285 285 284 285 285 285 284 281 281 281 278 271 264 259 261 263 264 264 264 265 269 268 261 254 250 250 254 258 261 260 254 249 245 242 243 244 243 242 241 241 243 243 241 242 242 237 230 218 190 139 107 96 91 85 77 70 66 63 59 58 65 85
338 336 334 331 323 321 322 314 308 308 310 309 307 305 303 302 301 299 298 296 295 295 294 292 291 291 290 289 288 287 286 286 285 285 284 284 283 283 283 284 285 282 279 277 276 272 266 265 267 265 262 262 263 265 265 263 256 249 248 251 254 257 259 257 250 243 239 237 238 240 239 238 239 240 241 240 238 239 239 234 224 211 189 151 113 97 91 86 78 70 65 63 61 60 76 95
337 333 330 329 321 317 319 315 307 305 307 309 307 305 303 301 300 299 298 297 295 294 293 292 291 290 289 288 288 287 286 285 285 284 283 283 282 282 282 282 283 281 277 275 275 275 272 271 270 265 261 262 263 263 263 258 249 246 249 252 254 256 257 253 245 237 234 233 235 236 235 236 238 239 239 237 236 236 235 228 217 205 188 162 126 100 89 82 76 70 68 67 66 70 84 95
336 332 328 326 320 314 315 314 308 304 305 307 306 305 304 302 300 299 298 297 295 294 293 292 291 290 289 288 287 286 285 285 284 283 282 282 281 281 280 280 280 278 276 275 275 276 277 275 271 265 262 262 262 262 262 254 244 245 250 254 255 255 253 249 241 234 232 233 235 236 235 236 237 236 236 234 233 233 229 222 212 200 186 166 136 108 89 76 70 69 72 76 83 92 93 93
336 332 328 326 323 318 315 315 311 306 306 307 305 304 304 302 300 299 297 296 295 294 293 292 291 290 289 288 287 286 285 284 283 282 282 281 280 280 279 278 278 277 276 276 276 276 277 276 272 267 264 263 262 263 259 250 243 246 252 254 254 252 250 245 237 231 230 231 233 234 234 235 234 233 232 229 228 227 223 217 208 197 187 169 142 115 94 78 69 68 77 92 105 108 103 93
335 333 328 326 323 320 316 315 314 309 308 308 303 301 302 303 301 299 298 296 295 293 292 291 291 290 288 287 286 285 284 283 283 282 281 280 279 278 278 277 276 275 275 275 275 274 274 274 274 272 268 264 262 262 257 248 244 249 253 253 251 249 247 243 236 229 227 227 228 230 232 232 232 231 229 226 224 223 218 212 204 197 189 174 150 123 101 86 79 82 96 106 111 111 103 87
334 332 328 324 321 318 314 313 312 308 306 307 302 298 299 302 301 299 298 296 295 293 292 291 290 289 288 287 286 285 284 283 282 281 280 279 278 277 276 276 275 274 273 273 273 272 272 272 274 274 271 267 264 261 256 248 246 252 254 252 249 247 244 240 235 230 225 223 224 229 231 231 230 228 225 223 222 219 214 209 203 198 192 180 160 134 108 95 97 106 110 109 110 108 96 80
333 332 328 323 320 316 312 309 308 307 307 308 306 300 298 299 300 299 298 297 295 294 292 291 290 288 287 286 285 284 283 282 281 280 279 278 277 276 275 274 273 273 272 271 271 270 269 269 270 272 274 273 267 261 255 248 248 253 253 250 248 245 243 239 234 230 225 221 224 230 231 229 227 225 222 219 219 216 212 208 203 200 195 185 169 145 121 111 114 115 113 109 106 100 88 77
335 332 327 323 318 314 310 307 306 307 307 310 308 303 298 295 297 298 298 298 296 294 292 290 289 287 286 286 285 284 282 281 280 279 278 277 276 275 274 273 272 271 270 270 269 268 267 267 267 269 273 274 269 262 254 249 250 252 251 249 246 244 242 239 234 230 224 220 225 229 228 227 225 222 219 217 216 214 211 207 204 201 198 190 175 152 129 122 119 117 115 109 100 89 81 74
336 333 327 322 318 314 310 307 306 305 306 308 308 304 300 295 294 295 296 297 296 294 292 290 288 286 286 285 284 283 282 281 279 278 277 276 275 274 273 272 271 270 269 268 267 266 266 265 265 266 269 270 268 262 254 250 253 252 249 247 244 242 240 237 233 230 223 220 225 227 225 224 222 219 216 215 214 212 210 206 204 203 201 195 181 153 132 127 122 117 113 104 92 84 78 72
338 334 325 319 316 313 310 307 305 304 304 305 306 305 302 297 293 291 292 294 295 294 292 290 288 286 285 285 283 282 281 280 278 277 276 275 274 273 272 271 269 268 267 266 265 265 264 263 263 263 265 266 264 260 253 250 252 251 248 245 241 239 237 235 235 232 226 224 225 224 223 222 220 216 213 212 211 210 207 204 205 204 202 196 182 150 133 128 122 115 106 97 89 81 75 69
342 335 323 316 313 310 307 304 302 302 301 302 306 305 302 299 295 291 289 290 292 292 291 290 288 286 284 283 282 281 280 279 277 276 275 274 273 271 270 269 268 267 266 265 264 263 262 261 261 260 261 262 261 258 253 251 250 248 246 243 239 236 236 237 239 236 228 225 223 222 220 219 217 213 211 209 208 206 203 203 205 204 202 193 173 144 131 125 119 110 102 94 86 77 71 64
347 337 322 316 312 308 305 301 299 299 298 299 304 306 302 300 297 292 288 286 287 289 289 290 289 286 284 282 281 280 279 278 276 275 274 273 271 270 269 268 266 265 264 263 262 261 260 259 258 258 257 258 259 258 254 252 249 246 242 240 237 233 234 235 234 231 225 222 220 219 218 217 215 212 209 206 205 203 201 204 205 205 198 188 164 140 130 123 116 108 100 90 80 73 64 57
348 336 320 313 310 308 307 303 299 299 298 298 301 304 302 299 296 294 289 285 284 285 285 286 287 286 284 282 280 279 278 277 275 274 273 271 270 269 267 266 265 263 262 261 260 259 258 257 256 255 255 255 255 255 254 254 252 247 242 238 231 225 228 229 228 225 221 219 218 217 216 216 214 211 206 203 202 201 201 203 203 200 189 176 157 139 129 122 114 105 96 84 73 63 56 55
349 333 318 311 306 306 309 305 299 297 298 299 299 300 302 298 295 294 292 287 284 282 281 282 283 284 283 281 280 278 277 276 274 273 271 270 269 267 266 264 263 262 260 259 258 257 256 255 254 253 252 251 251 251 251 253 254 252 245 239 229 224 227 228 226 223 220 218 217 216 215 214 213 209 204 201 200 200 199 198 196 189 177 166 153 136 126 120 113 103 90 77 62 51 51 55
343 327 318 314 307 307 312 308 297 294 296 297 297 297 298 297 295 293 292 289 284 282 280 278 278 278 277 278 279 278 277 275 273 272 270 269 267 266 264 263 261 260 259 257 256 255 254 253 251 250 250 249 248 247 247 248 249 250 247 241 232 228 230 228 226 223 220 217 215 214 213 213 211 207 202 201 200 198 195 192 188 180 170 163 150 132 123 121 114 100 84 62 51 48 50 53
328 319 314 311 305 304 311 312 299 295 298 299 297 296 296 295 293 292 291 289 285 283 280 277 274 270 269 274 277 278 277 276 273 271 269 267 266 264 263 261 260 258 257 255 254 253 251 250 249 248 247 246 245 244 244 243 243 243 242 240 235 233 232 230 227 224 219 216 214 213 212 211 209 204 201 200 200 197 192 188 184 177 172 167 148 132 127 126 115 97 70 49 48 49 51 52
318 313 308 303 296 292 299 305 297 293 295 297 294 292 291 290 288 286 286 286 285 282 279 277 273 266 266 269 273 275 275 275 274 271 268 266 264 263 261 259 258 256 255 253 252 251 249 248 247 246 245 243 242 241 241 240 239 238 236 235 233 232 232 232 230 227 222 218 215 212 210 209 206 202 200 201 199 195 190 186 184 181 182 168 146 135 135 133 121 91 54 47 50 48 53 52
310 309 306 301 293 288 291 296 293 286 284 284 283 282 283 283 282 280 279 280 281 280 279 277 274 270 266 265 267 269 270 272 272 271 268 265 263 261 259 257 256 254 253 252 250 249 247 246 245 244 242 241 240 239 238 237 235 234 233 231 230 229 229 228 227 226 224 222 218 213 209 207 206 203 201 200 198 194 190 189 188 188 184 163 145 141 145 143 131 84 57 56 55 51 53 63
303 304 304 302 297 293 293 296 293 284 277 277 278 279 279 279 279 277 276 275 275 276 276 274 274 274 269 264 261 262 264 265 267 269 268 265 262 259 257 255 254 252 251 249 248 247 245 244 243 241 240 239 238 236 235 234 233 231 230 229 227 226 225 223 222 221 220 220 218 213 209 208 207 205 202 200 197 194 193 194 193 190 177 159 148 153 161 164 149 106 82 67 57 54 67 103
296 299 301 301 298 296 294 295 292 285 280 279 280 280 279 279 279 278 276 274 273 272 272 271 271 272 269 264 260 259 259 259 261 263 265 264 261 258 256 254 252 250 249 247 246 245 243 242 240 239 238 237 235 234 233 232 230 229 228 226 225 223 222 220 219 218 216 215 213 210 207 208 208 206 202 199 197 196 195 195 193 185 170 158 156 168 184 190 165 137 111 86 69 82 115 120
289 292 298 300 297 295 293 291 289 286 284 282 281 281 280 279 278 277 276 276 274 271 269 267 267 268 267 263 260 257 256 256 257 258 258 258 257 256 254 252 250 248 247 245 244 242 241 240 238 237 236 235 233 232 230 229 228 227 225 224 222 221 220 218 217 215 214 212 210 207 205 205 205 201 198 195 194 196 195 192 189 177 165 161 172 192 203 191 167 148 132 124 118 122 123 120
282 285 292 298 297 294 293 291 288 287 285 283 282 281 281 280 279 277 276 275 273 270 268 266 265 265 264 262 258 256 254 254 254 254 253 253 253 253 252 250 248 246 244 243 241 240 239 238 236 235 234 232 231 230 228 227 226 224 223 222 220 219 217 216 215 213 211 209 207 205 204 203 200 196 192 191 192 194 193 188 180 171 166 174 193 207 204 188 166 148 128 139 134 122 120 116
274 277 285 293 297 296 295 293 290 288 286 285 283 281 280 279 278 276 274 272 270 269 267 265 264 262 262 262 260 255 252 251 251 251 251 252 252 252 250 247 245 244 242 241 240 238 237 236 234 233 232 230 229 228 226 225 224 222 221 220 218 217 216 214 213 211 209 207 206 204 202 200 198 193 190 189 189 189 188 183 174 171 177 196 212 212 203 194 168 136 134 146 134 122 116 111
273 274 275 283 293 296 296 295 293 291 289 287 284 282 280 279 278 275 273 270 268 267 266 264 260 257 260 262 261 256 251 250 249 248 249 249 249 249 247 245 243 241 240 239 237 236 235 234 233 231 230 229 227 226 224 223 222 220 219 218 217 215 214 212 211 209 208 206 204 202 200 198 196 193 190 188 186 185 182 178 175 180 196 213 215 211 205 196 178 153 148 144 133 122 116 112
270 267 261 269 285 294 297 298 297 297 294 288 284 282 280 278 277 275 272 269 267 265 264 262 256 253 257 259 258 255 251 248 246 245 245 245 244 244 243 243 240 238 237 236 235 234 233 232 231 230 228 227 225 224 222 221 220 219 217 216 215 214 212 211 209 208 206 205 203 201 199 197 195 193 190 188 185 182 179 176 180 192 205 208 203 201 196 186 164 151 142 138 131 122 118 116
261 255 248 260 273 288 297 301 301 302 298 290 285 281 278 276 276 274 270 267 266 264 262 260 255 252 253 253 253 251 248 247 244 243 243 242 240 238 240 241 239 237 236 235 234 233 233 231 230 229 227 225 224 222 221 219 218 217 216 214 213 212 211 209 208 206 205 203 201 199 198 196 195 192 190 187 184 181 177 177 186 196 199 196 195 192 184 169 154 144 137 132 128 123 121 120
251 248 252 259 270 285 300 305 303 303 300 291 283 279 277 275 274 272 269 266 264 262 260 257 253 252 252 251 248 247 246 245 242 240 239 239 236 235 235 236 236 235 237 236 235 234 232 231 231 229 226 224 222 220 219 218 216 215 214 213 211 210 209 208 206 205 203 202 200 198 197 195 194 191 189 186 184 181 177 179 187 192 191 190 192 187 172 157 148 140 134 129 125 124 122 120
247 257 265 270 279 284 289 296 298 297 294 286 280 276 275 274 272 269 267 266 263 260 258 255 251 251 252 249 246 244 243 243 240 237 236 234 233 232 232 232 231 230 233 235 236 237 236 235 235 233 228 223 219 218 216 216 215 214 212 211 210 209 208 206 205 203 202 200 199 197 196 194 193 190 188 186 183 181 179 179 183 186 188 190 191 180 161 151 145 139 134 130 125 124 123 120
261 267 274 281 283 274 264 264 271 275 277 277 275 273 272 270 269 267 266 265 262 259 256 253 249 249 250 248 244 243 242 242 242 240 238 234 232 230 230 230 227 225 225 227 229 230 230 228 228 227 224 220 217 215 214 214 213 212 211 210 209 207 206 205 204 202 201 199 198 196 195 193 192 189 187 185 183 181 179 178 179 183 188 191 187 167 154 148 144 139 134 130 126 125 124 121
260 262 269 272 268 257 252 250 250 254 261 268 270 269 268 267 266 265 265 264 262 259 256 252 247 246 246 244 242 241 240 240 240 239 239 238 235 232 230 228 226 223 221 221 220 219 217 215 215 215 214 213 211 210 211 212 211 211 210 208 207 206 205 204 202 201 200 198 197 195 194 192 191 189 186 184 182 180 179 178 178 182 187 188 176 159 148 145 142 138 134 130 126 125 124 121
253 253 257 256 252 250 247 245 247 250 256 262 263 263 263 264 264 264 264 263 261 259 254 250 247 244 242 240 238 237 236 235 234 235 236 238 238 236 233 229 226 223 222 221 220 219 218 216 216 215 213 211 209 208 209 210 210 209 208 207 206 205 204 202 201 200 199 197 196 194 193 191 190 188 186 183 181 180 178 178 178 181 183 179 165 154 146 142 139 136 132 129 126 123 121 119
251 251 251 251 249 247 243 241 247 253 257 259 258 258 259 260 260 261 262 262 262 260 256 252 248 243 241 239 238 236 234 232 230 229 231 233 234 235 234 231 227 224 222 222 223 223 223 223 222 219 217 215 213 211 210 209 209 208 207 206 205 203 202 201 200 199 198 196 195 194 192 191 189 187 185 182 181 179 178 176 177 178 179 173 158 150 146 143 140 137 133 130 127 125 122 121
252 251 249 251 250 246 240 239 247 253 255 253 253 255 255 255 255 257 259 261 262 262 261 259 250 238 236 236 236 235 232 231 228 224 224 225 225 226 228 229 228 223 221 221 222 223 223 222 222 219 218 217 214 212 210 209 208 207 206 204 203 202 201 200 199 198 197 195 194 193 191 190 188 186 184 182 180 178 176 174 174 174 173 166 155 148 144 141 139 137 133 131 130 130 129 126
254 252 250 249 246 240 235 237 243 248 249 247 250 251 252 252 250 252 254 257 259 257 257 255 241 224 225 229 231 230 229 230 228 225 224 223 221 221 222 222 222 220 219 220 221 221 221 220 220 220 217 215 213 212 212 210 208 206 205 203 202 201 200 199 198 197 196 195 193 192 190 189 187 185 183 181 179 177 174 172 170 168 164 158 152 147 144 140 136 134 132 132 131 131 130 127
254 252 246 240 233 229 229 232 237 242 244 245 247 246 245 244 243 246 248 251 250 245 242 233 215 206 217 225 226 227 227 228 228 226 227 227 224 221 221 221 220 218 216 216 217 217 218 219 219 217 214 212 211 210 210 209 208 207 204 202 200 199 198 197 197 196 195 194 193 191 190 188 186 185 183 180 178 176 173 170 167 163 158 151 145 143 142 139 137 134 132 131 127 122 117 114
250 246 238 233 229 227 228 230 232 236 241 241 238 238 238 236 236 240 245 245 240 231 224 215 201 199 213 222 224 225 225 225 225 224 226 228 226 224 224 225 224 220 217 215 214 215 217 218 218 215 212 209 207 205 205 206 208 209 206 199 195 196 196 196 196 195 194 193 192 190 189 187 186 184 182 180 177 174 171 169 165 162 156 148 141 137 136 135 136 133 129 125 119 113 111 112
