windninja/windninja_output/Output_2025-08-09_0500-0550_Google earth_Fire_150m_10min/merlingen_7.5mi_point_08-09-2025_0550_150m_vel.asc
ncols	158
nrows	163
xllcorner	391686.332397
yllcorner	5160024.123721
cellsize	150.000000
NODATA_value	-32768.000000
[rows 0 to 37 of 163, columns 0 to 83 of 158]
0.79 0.78 0.77 0.78 0.81 0.82 0.80 0.81 0.85 0.86 0.85 0.88 0.94 0.99 0.97 0.86 0.74 0.64 0.64 0.65 0.58 0.64 0.83 0.92 0.89 0.81 0.75 0.76 0.83 0.85 0.84 0.84 0.82 0.79 0.80 0.82 0.76 0.71 0.71 0.69 0.73 0.78 0.78 0.77 0.76 0.75 0.74 0.69 0.70 0.80 0.87 0.92 0.95 0.96 0.95 0.94 0.92 0.91 0.90 0.88 0.89 0.92 0.94 0.95 0.98 1.03 1.06 1.04 0.98 0.92 0.91 0.93 0.95 0.96 0.99 0.99 0.99 0.96 0.92 0.90 0.92 0.94 0.97 0.96
0.80 0.79 0.76 0.76 0.78 0.80 0.79 0.77 0.77 0.78 0.79 0.83 0.90 0.99 1.03 0.98 0.87 0.75 0.73 0.72 0.64 0.61 0.73 0.88 0.93 0.88 0.80 0.77 0.80 0.82 0.82 0.82 0.83 0.81 0.80 0.83 0.82 0.78 0.77 0.74 0.75 0.79 0.81 0.83 0.82 0.81 0.83 0.78 0.72 0.75 0.80 0.84 0.87 0.89 0.90 0.90 0.91 0.92 0.93 0.90 0.87 0.89 0.92 0.93 0.94 0.97 1.01 1.03 1.01 0.95 0.91 0.92 0.94 0.95 0.97 0.99 1.00 1.01 0.97 0.92 0.93 0.94 0.97 0.99
0.81 0.82 0.79 0.76 0.77 0.77 0.78 0.78 0.76 0.75 0.76 0.79 0.84 0.93 1.06 1.12 1.06 0.96 0.90 0.85 0.75 0.62 0.60 0.76 0.94 0.97 0.89 0.81 0.79 0.80 0.81 0.81 0.81 0.82 0.81 0.85 0.88 0.88 0.86 0.83 0.81 0.82 0.84 0.88 0.89 0.90 0.92 0.92 0.85 0.77 0.77 0.80 0.83 0.86 0.87 0.88 0.90 0.92 0.95 0.95 0.91 0.89 0.91 0.92 0.90 0.91 0.96 1.03 1.05 0.99 0.93 0.92 0.93 0.93 0.95 0.97 1.01 1.07 1.04 0.96 0.94 0.99 1.00 1.00
0.78 0.84 0.86 0.82 0.81 0.79 0.80 0.85 0.87 0.86 0.84 0.81 0.82 0.87 0.97 1.10 1.09 1.04 1.00 0.95 0.84 0.70 0.60 0.65 0.86 1.00 1.00 0.94 0.90 0.89 0.90 0.88 0.84 0.82 0.83 0.85 0.87 0.89 0.88 0.86 0.86 0.87 0.89 0.91 0.93 0.93 0.94 0.97 0.97 0.93 0.88 0.87 0.90 0.92 0.91 0.89 0.89 0.90 0.92 0.95 0.94 0.91 0.90 0.92 0.91 0.90 0.94 1.01 1.05 1.00 0.94 0.93 0.93 0.91 0.91 0.92 0.95 1.05 1.08 0.98 0.93 1.02 1.07 1.01
0.72 0.80 0.88 0.87 0.86 0.83 0.81 0.83 0.86 0.86 0.84 0.80 0.79 0.84 0.92 1.03 1.08 1.03 0.99 0.98 0.90 0.76 0.62 0.60 0.75 0.92 1.03 1.06 1.05 1.04 1.05 1.05 1.01 0.93 0.88 0.88 0.89 0.90 0.91 0.90 0.89 0.91 0.94 0.96 0.97 0.97 0.96 0.96 0.97 0.98 0.94 0.91 0.91 0.93 0.94 0.92 0.90 0.89 0.89 0.91 0.92 0.91 0.90 0.91 0.91 0.90 0.93 1.00 1.05 1.00 0.95 0.93 0.92 0.91 0.91 0.90 0.88 0.93 1.03 1.00 0.90 0.94 1.07 1.05
0.67 0.71 0.81 0.87 0.89 0.86 0.81 0.79 0.78 0.77 0.76 0.73 0.72 0.78 0.88 0.96 1.04 1.03 0.97 0.95 0.91 0.80 0.62 0.53 0.60 0.75 0.88 0.99 1.04 1.06 1.09 1.14 1.15 1.11 1.03 0.98 0.97 0.97 0.98 0.97 0.94 0.93 0.94 0.95 0.96 0.97 0.95 0.94 0.94 0.94 0.95 0.94 0.91 0.91 0.93 0.93 0.91 0.90 0.89 0.90 0.91 0.91 0.91 0.92 0.92 0.91 0.92 1.00 1.05 1.02 1.00 0.98 0.94 0.91 0.93 0.97 0.95 0.92 0.94 0.98 0.94 0.89 0.96 1.02
0.69 0.68 0.69 0.77 0.84 0.86 0.83 0.79 0.75 0.73 0.71 0.70 0.68 0.72 0.84 0.91 0.99 1.06 1.03 0.99 0.96 0.87 0.67 0.49 0.48 0.59 0.70 0.80 0.89 0.95 1.01 1.07 1.12 1.15 1.15 1.11 1.07 1.05 1.03 1.01 0.97 0.94 0.91 0.90 0.90 0.91 0.92 0.91 0.91 0.91 0.93 0.96 0.95 0.94 0.94 0.93 0.92 0.90 0.89 0.89 0.91 0.93 0.96 0.97 0.96 0.93 0.93 1.00 1.04 1.02 1.04 1.09 1.04 0.95 0.94 1.01 1.06 1.03 0.95 0.97 1.01 0.97 0.94 0.98
0.73 0.72 0.67 0.66 0.71 0.77 0.79 0.78 0.73 0.70 0.68 0.66 0.66 0.71 0.83 0.90 0.93 1.02 1.06 1.04 1.03 0.99 0.82 0.58 0.45 0.49 0.59 0.68 0.75 0.82 0.88 0.94 1.00 1.04 1.07 1.08 1.05 1.03 1.01 0.99 0.95 0.92 0.90 0.89 0.87 0.87 0.87 0.88 0.87 0.87 0.88 0.92 0.95 0.97 0.99 0.96 0.93 0.92 0.90 0.89 0.90 0.92 0.97 1.02 1.03 0.99 0.96 0.99 1.03 1.00 1.00 1.09 1.12 1.04 0.96 0.97 1.05 1.07 0.99 0.97 1.04 1.00 0.94 0.98
0.74 0.74 0.72 0.67 0.65 0.68 0.71 0.73 0.71 0.68 0.64 0.61 0.61 0.67 0.81 0.91 0.91 0.95 1.02 1.04 1.04 1.04 0.95 0.77 0.58 0.50 0.57 0.65 0.68 0.72 0.79 0.83 0.88 0.94 0.97 0.96 0.94 0.94 0.94 0.93 0.91 0.89 0.87 0.87 0.87 0.85 0.84 0.85 0.83 0.83 0.87 0.89 0.88 0.93 1.00 0.99 0.95 0.94 0.92 0.89 0.86 0.82 0.85 0.95 1.03 1.04 1.00 1.00 1.03 1.02 0.98 1.00 1.03 1.03 0.98 0.95 1.01 1.05 1.00 0.99 1.05 1.00 0.89 0.94
0.73 0.74 0.74 0.72 0.69 0.69 0.70 0.70 0.70 0.67 0.64 0.59 0.55 0.58 0.72 0.87 0.90 0.91 0.96 1.04 1.07 1.07 1.03 0.92 0.76 0.61 0.57 0.64 0.67 0.69 0.76 0.79 0.80 0.87 0.93 0.93 0.90 0.89 0.90 0.91 0.90 0.89 0.87 0.85 0.85 0.83 0.81 0.83 0.80 0.77 0.81 0.86 0.84 0.86 0.95 0.97 0.92 0.90 0.89 0.85 0.81 0.75 0.70 0.74 0.87 0.97 0.99 0.98 0.99 1.03 1.03 1.00 0.96 0.97 0.97 0.95 0.98 0.97 0.97 1.06 1.13 1.09 0.92 0.84
0.74 0.74 0.75 0.74 0.72 0.72 0.72 0.72 0.70 0.68 0.64 0.59 0.53 0.52 0.61 0.77 0.85 0.88 0.88 0.95 1.04 1.09 1.08 1.00 0.89 0.77 0.66 0.65 0.69 0.69 0.74 0.76 0.74 0.79 0.87 0.90 0.90 0.88 0.89 0.90 0.91 0.91 0.89 0.86 0.86 0.82 0.77 0.79 0.78 0.70 0.71 0.76 0.77 0.79 0.85 0.90 0.85 0.79 0.79 0.77 0.75 0.70 0.60 0.59 0.70 0.79 0.86 0.88 0.88 0.96 1.04 1.04 0.98 0.95 0.97 0.98 0.99 0.93 0.87 1.00 1.15 1.21 1.09 0.90
0.74 0.75 0.75 0.75 0.74 0.73 0.73 0.72 0.71 0.69 0.66 0.61 0.55 0.51 0.56 0.68 0.77 0.83 0.84 0.84 0.91 0.99 1.05 1.03 0.95 0.85 0.73 0.66 0.66 0.66 0.69 0.72 0.71 0.73 0.80 0.84 0.86 0.86 0.87 0.88 0.89 0.91 0.90 0.88 0.89 0.87 0.77 0.74 0.74 0.67 0.63 0.63 0.63 0.68 0.73 0.78 0.79 0.74 0.71 0.70 0.71 0.66 0.54 0.51 0.57 0.62 0.68 0.72 0.72 0.84 0.98 1.04 1.01 0.96 1.00 1.07 1.11 1.07 0.94 0.93 1.07 1.21 1.23 1.13
0.75 0.75 0.75 0.75 0.74 0.74 0.72 0.71 0.70 0.68 0.66 0.63 0.58 0.53 0.53 0.61 0.67 0.73 0.80 0.81 0.82 0.87 0.94 0.96 0.92 0.82 0.72 0.66 0.64 0.64 0.66 0.70 0.71 0.72 0.76 0.80 0.81 0.81 0.83 0.84 0.86 0.89 0.89 0.89 0.92 0.92 0.86 0.79 0.76 0.71 0.64 0.59 0.59 0.65 0.71 0.70 0.70 0.69 0.68 0.69 0.72 0.67 0.57 0.51 0.51 0.52 0.53 0.53 0.54 0.68 0.84 0.97 1.01 0.95 0.97 1.08 1.18 1.21 1.14 1.04 1.04 1.13 1.21 1.22
0.76 0.75 0.74 0.74 0.74 0.74 0.73 0.72 0.70 0.68 0.66 0.63 0.60 0.57 0.57 0.60 0.60 0.60 0.68 0.76 0.78 0.80 0.84 0.86 0.85 0.80 0.74 0.69 0.67 0.67 0.67 0.67 0.69 0.70 0.72 0.79 0.81 0.80 0.79 0.79 0.83 0.85 0.82 0.81 0.84 0.85 0.83 0.85 0.88 0.83 0.72 0.64 0.62 0.68 0.75 0.69 0.62 0.60 0.63 0.72 0.79 0.73 0.66 0.59 0.52 0.50 0.47 0.43 0.37 0.42 0.63 0.81 0.92 0.90 0.86 0.89 0.98 1.08 1.10 1.05 1.01 1.03 1.07 1.14
0.76 0.76 0.74 0.74 0.73 0.73 0.73 0.72 0.71 0.69 0.67 0.64 0.61 0.59 0.63 0.68 0.66 0.58 0.57 0.66 0.72 0.73 0.78 0.81 0.82 0.78 0.74 0.73 0.71 0.69 0.71 0.69 0.68 0.68 0.70 0.77 0.82 0.83 0.79 0.76 0.77 0.78 0.78 0.77 0.76 0.76 0.73 0.73 0.88 0.99 0.90 0.75 0.70 0.77 0.84 0.77 0.63 0.53 0.57 0.75 0.88 0.84 0.78 0.73 0.66 0.59 0.52 0.47 0.37 0.25 0.34 0.61 0.78 0.81 0.76 0.75 0.81 0.89 0.93 0.92 0.88 0.88 0.92 1.00
0.76 0.76 0.75 0.74 0.73 0.72 0.71 0.71 0.70 0.69 0.67 0.65 0.61 0.58 0.63 0.74 0.77 0.70 0.61 0.62 0.68 0.71 0.75 0.80 0.82 0.78 0.73 0.74 0.74 0.72 0.75 0.77 0.75 0.73 0.72 0.72 0.75 0.79 0.77 0.75 0.75 0.74 0.79 0.83 0.77 0.77 0.78 0.66 0.68 0.92 1.04 0.94 0.87 0.93 1.00 1.03 0.89 0.66 0.61 0.77 0.91 0.92 0.87 0.81 0.84 0.84 0.71 0.62 0.52 0.27 0.18 0.36 0.56 0.64 0.67 0.71 0.76 0.82 0.86 0.89 0.83 0.78 0.81 0.87
0.77 0.76 0.75 0.74 0.73 0.72 0.72 0.71 0.70 0.69 0.67 0.65 0.62 0.56 0.55 0.67 0.78 0.78 0.72 0.68 0.68 0.70 0.73 0.77 0.81 0.80 0.75 0.73 0.76 0.77 0.77 0.79 0.77 0.75 0.73 0.70 0.70 0.74 0.76 0.77 0.79 0.77 0.83 0.90 0.86 0.82 0.86 0.81 0.69 0.75 0.94 1.01 0.99 1.00 1.04 1.12 1.11 0.91 0.74 0.83 0.95 0.96 0.90 0.81 0.86 0.95 0.89 0.77 0.70 0.51 0.27 0.25 0.37 0.44 0.54 0.64 0.72 0.81 0.87 0.91 0.86 0.79 0.79 0.82
0.77 0.76 0.76 0.75 0.74 0.73 0.72 0.71 0.71 0.70 0.68 0.65 0.62 0.57 0.52 0.57 0.68 0.73 0.74 0.72 0.70 0.68 0.69 0.72 0.76 0.78 0.74 0.70 0.70 0.74 0.76 0.76 0.75 0.78 0.80 0.79 0.76 0.76 0.78 0.82 0.84 0.83 0.83 0.87 0.88 0.85 0.85 0.88 0.87 0.82 0.82 0.88 0.93 0.96 0.98 1.04 1.12 1.07 0.92 0.91 1.00 1.02 0.94 0.86 0.86 0.96 0.99 0.89 0.80 0.70 0.53 0.36 0.35 0.36 0.37 0.49 0.62 0.75 0.86 0.87 0.83 0.80 0.78 0.80
0.76 0.76 0.76 0.75 0.74 0.73 0.72 0.71 0.70 0.70 0.69 0.66 0.63 0.60 0.55 0.55 0.61 0.66 0.68 0.68 0.68 0.67 0.66 0.67 0.70 0.72 0.72 0.68 0.65 0.67 0.71 0.74 0.76 0.80 0.85 0.88 0.85 0.80 0.78 0.80 0.82 0.82 0.84 0.84 0.86 0.87 0.83 0.80 0.86 0.90 0.84 0.79 0.82 0.90 0.95 1.00 1.07 1.08 1.00 0.96 1.03 1.06 0.98 0.91 0.89 0.94 1.02 0.98 0.87 0.79 0.69 0.57 0.53 0.47 0.36 0.37 0.47 0.62 0.78 0.81 0.78 0.77 0.72 0.74
0.76 0.76 0.75 0.75 0.74 0.73 0.72 0.71 0.70 0.69 0.69 0.68 0.65 0.62 0.59 0.58 0.60 0.63 0.64 0.66 0.66 0.67 0.66 0.67 0.69 0.71 0.71 0.70 0.68 0.67 0.70 0.73 0.76 0.78 0.81 0.85 0.85 0.80 0.77 0.81 0.84 0.86 0.89 0.89 0.89 0.91 0.89 0.81 0.79 0.88 0.88 0.80 0.76 0.79 0.89 0.96 1.03 1.08 1.04 0.98 1.01 1.06 0.98 0.89 0.88 0.90 0.97 1.00 0.95 0.89 0.80 0.71 0.69 0.66 0.55 0.47 0.48 0.60 0.74 0.80 0.79 0.77 0.70 0.68
0.77 0.76 0.75 0.74 0.74 0.73 0.73 0.72 0.70 0.69 0.68 0.68 0.67 0.64 0.63 0.62 0.63 0.64 0.66 0.66 0.67 0.68 0.68 0.69 0.70 0.72 0.72 0.72 0.71 0.70 0.71 0.74 0.79 0.82 0.86 0.90 0.92 0.89 0.85 0.88 0.90 0.90 0.92 0.92 0.92 0.91 0.91 0.85 0.80 0.86 0.90 0.86 0.79 0.74 0.77 0.84 0.93 1.02 1.07 1.04 1.03 1.08 1.03 0.90 0.88 0.91 0.94 0.99 0.98 0.93 0.87 0.79 0.75 0.72 0.65 0.60 0.66 0.77 0.88 0.90 0.86 0.82 0.75 0.67
0.77 0.76 0.75 0.74 0.73 0.73 0.73 0.72 0.71 0.69 0.68 0.68 0.67 0.65 0.65 0.65 0.65 0.67 0.67 0.68 0.68 0.69 0.69 0.69 0.70 0.72 0.73 0.73 0.73 0.71 0.70 0.73 0.80 0.88 0.91 0.96 1.01 0.98 0.91 0.91 0.92 0.93 0.95 0.94 0.94 0.92 0.89 0.86 0.84 0.87 0.92 0.91 0.86 0.78 0.73 0.75 0.81 0.89 1.01 1.09 1.08 1.12 1.10 0.95 0.91 0.91 0.91 0.97 1.00 0.95 0.89 0.85 0.81 0.76 0.65 0.58 0.67 0.87 1.03 1.08 1.01 0.89 0.82 0.72
0.76 0.76 0.75 0.74 0.74 0.73 0.73 0.73 0.72 0.70 0.69 0.69 0.69 0.67 0.66 0.66 0.66 0.68 0.69 0.69 0.69 0.70 0.70 0.70 0.71 0.73 0.75 0.75 0.75 0.73 0.70 0.71 0.78 0.86 0.88 0.89 0.93 0.95 0.91 0.87 0.89 0.93 0.96 0.98 0.97 0.94 0.92 0.90 0.89 0.89 0.93 0.93 0.90 0.85 0.77 0.75 0.77 0.81 0.89 1.05 1.11 1.14 1.14 1.01 0.94 0.93 0.93 0.98 1.03 1.01 0.94 0.90 0.89 0.86 0.71 0.57 0.59 0.77 1.00 1.19 1.22 1.10 1.00 0.85
0.76 0.76 0.75 0.75 0.74 0.73 0.72 0.72 0.72 0.71 0.69 0.68 0.70 0.69 0.67 0.67 0.67 0.68 0.69 0.69 0.70 0.71 0.71 0.72 0.73 0.74 0.75 0.76 0.75 0.72 0.67 0.65 0.70 0.79 0.83 0.84 0.84 0.87 0.88 0.85 0.85 0.89 0.95 1.01 1.02 0.99 0.96 0.95 0.91 0.89 0.93 0.93 0.91 0.90 0.84 0.78 0.79 0.79 0.80 0.94 1.09 1.16 1.15 1.03 0.92 0.90 0.92 0.97 1.01 1.01 0.96 0.92 0.92 0.89 0.79 0.64 0.55 0.62 0.80 1.05 1.26 1.27 1.19 1.06
0.76 0.76 0.75 0.74 0.73 0.72 0.72 0.72 0.71 0.71 0.69 0.68 0.68 0.69 0.69 0.68 0.68 0.68 0.69 0.69 0.70 0.71 0.72 0.72 0.73 0.75 0.76 0.78 0.77 0.70 0.63 0.59 0.62 0.71 0.80 0.85 0.86 0.85 0.84 0.82 0.82 0.85 0.92 1.01 1.07 1.03 0.99 0.99 0.96 0.91 0.92 0.93 0.92 0.91 0.88 0.83 0.82 0.81 0.77 0.82 0.99 1.14 1.16 1.06 0.90 0.82 0.83 0.89 0.94 0.96 0.92 0.89 0.90 0.88 0.81 0.70 0.57 0.52 0.60 0.81 1.08 1.26 1.31 1.29
0.76 0.75 0.74 0.74 0.73 0.72 0.72 0.72 0.71 0.70 0.70 0.68 0.67 0.68 0.68 0.69 0.68 0.68 0.68 0.69 0.69 0.70 0.71 0.72 0.74 0.76 0.80 0.84 0.85 0.75 0.63 0.58 0.57 0.63 0.76 0.86 0.91 0.92 0.85 0.79 0.79 0.81 0.87 0.97 1.03 1.03 1.02 1.02 1.00 0.97 0.95 0.95 0.92 0.88 0.86 0.84 0.86 0.87 0.81 0.77 0.88 1.05 1.13 1.11 1.02 0.91 0.86 0.88 0.95 0.98 0.94 0.88 0.85 0.84 0.80 0.78 0.74 0.59 0.49 0.60 0.86 1.10 1.26 1.38
0.76 0.76 0.74 0.73 0.73 0.72 0.71 0.71 0.71 0.71 0.70 0.69 0.68 0.67 0.67 0.67 0.68 0.68 0.69 0.69 0.69 0.70 0.71 0.72 0.74 0.77 0.83 0.92 0.94 0.86 0.73 0.62 0.56 0.53 0.62 0.77 0.89 0.99 0.94 0.81 0.79 0.81 0.83 0.92 0.99 1.01 1.09 1.11 1.06 1.03 1.03 1.03 0.98 0.90 0.83 0.82 0.87 0.93 0.90 0.85 0.89 0.97 1.01 1.04 1.07 1.03 0.96 0.93 0.99 1.07 1.05 0.93 0.82 0.78 0.76 0.80 0.92 0.83 0.53 0.45 0.63 0.85 1.03 1.21
0.76 0.76 0.75 0.74 0.73 0.72 0.71 0.71 0.71 0.70 0.70 0.69 0.68 0.67 0.66 0.66 0.67 0.67 0.68 0.69 0.69 0.70 0.70 0.72 0.74 0.76 0.81 0.94 1.03 1.00 0.91 0.77 0.63 0.54 0.51 0.58 0.74 0.96 1.00 0.86 0.80 0.82 0.83 0.90 0.98 1.01 1.12 1.21 1.19 1.08 1.06 1.15 1.13 1.04 0.91 0.80 0.88 1.02 1.03 0.98 1.00 1.01 0.92 0.88 0.94 0.99 0.97 0.96 1.01 1.09 1.12 1.00 0.84 0.76 0.71 0.73 0.91 1.04 0.79 0.47 0.46 0.61 0.78 0.94
0.75 0.75 0.75 0.74 0.73 0.72 0.71 0.71 0.70 0.70 0.69 0.69 0.68 0.67 0.66 0.66 0.67 0.67 0.68 0.69 0.70 0.70 0.70 0.70 0.71 0.74 0.80 0.93 1.08 1.15 1.13 1.02 0.83 0.68 0.58 0.54 0.67 0.90 1.02 0.95 0.89 0.92 0.91 0.94 0.97 1.01 1.08 1.21 1.30 1.19 1.10 1.21 1.27 1.21 1.06 0.85 0.88 1.05 1.12 1.05 1.05 1.09 1.01 0.89 0.88 0.93 0.93 0.95 1.01 1.07 1.13 1.08 0.94 0.82 0.70 0.65 0.74 1.02 0.99 0.65 0.43 0.45 0.60 0.76
0.75 0.75 0.74 0.74 0.73 0.71 0.70 0.70 0.70 0.69 0.69 0.69 0.69 0.68 0.67 0.66 0.66 0.67 0.67 0.68 0.69 0.69 0.69 0.69 0.69 0.70 0.75 0.85 1.00 1.15 1.26 1.28 1.12 0.92 0.77 0.72 0.78 0.95 1.07 1.04 1.03 1.05 1.06 1.07 1.03 1.02 1.08 1.16 1.31 1.35 1.28 1.30 1.37 1.37 1.25 1.02 0.91 0.99 1.14 1.13 1.03 1.02 1.05 0.98 0.90 0.87 0.85 0.90 1.02 1.06 1.06 1.04 0.99 0.89 0.75 0.68 0.73 0.96 1.07 0.85 0.51 0.37 0.46 0.64
0.75 0.74 0.74 0.74 0.73 0.71 0.70 0.70 0.70 0.69 0.69 0.69 0.69 0.68 0.67 0.66 0.66 0.66 0.67 0.67 0.68 0.68 0.69 0.69 0.68 0.67 0.67 0.73 0.82 0.92 1.07 1.24 1.25 1.13 0.97 0.88 0.91 1.00 1.09 1.08 1.07 1.09 1.10 1.14 1.11 1.06 1.07 1.10 1.18 1.27 1.29 1.30 1.36 1.44 1.37 1.14 0.97 0.93 1.08 1.20 1.06 0.89 0.94 0.99 0.92 0.82 0.76 0.81 1.01 1.08 0.96 0.88 0.89 0.86 0.79 0.78 0.82 0.97 1.15 1.05 0.68 0.41 0.41 0.55
0.75 0.74 0.73 0.73 0.73 0.72 0.70 0.70 0.70 0.69 0.69 0.69 0.68 0.68 0.68 0.67 0.66 0.65 0.65 0.67 0.67 0.67 0.68 0.68 0.67 0.65 0.65 0.67 0.73 0.80 0.92 1.06 1.16 1.16 1.02 0.87 0.87 0.96 1.04 1.05 1.03 0.99 0.97 1.02 1.03 1.00 0.99 0.97 0.97 1.00 1.02 1.06 1.16 1.33 1.35 1.17 1.09 1.05 1.08 1.22 1.11 0.88 0.90 1.01 0.99 0.82 0.69 0.76 1.03 1.13 0.93 0.80 0.80 0.78 0.76 0.80 0.85 0.98 1.18 1.21 0.94 0.61 0.49 0.53
0.75 0.74 0.72 0.72 0.73 0.71 0.70 0.70 0.69 0.69 0.69 0.69 0.69 0.69 0.68 0.67 0.66 0.66 0.65 0.65 0.66 0.66 0.67 0.68 0.66 0.64 0.64 0.67 0.74 0.86 1.01 1.10 1.14 1.17 1.01 0.77 0.77 0.88 0.92 0.92 0.94 0.91 0.88 0.90 0.91 0.90 0.90 0.90 0.89 0.90 0.89 0.90 0.97 1.14 1.26 1.17 1.14 1.22 1.27 1.27 1.08 0.86 0.88 1.06 1.13 0.91 0.67 0.72 1.04 1.21 1.01 0.85 0.83 0.78 0.75 0.77 0.84 0.96 1.17 1.30 1.13 0.83 0.66 0.58
0.75 0.74 0.73 0.71 0.71 0.70 0.69 0.69 0.69 0.68 0.67 0.68 0.68 0.68 0.68 0.68 0.67 0.67 0.66 0.65 0.65 0.65 0.64 0.66 0.67 0.65 0.63 0.64 0.69 0.80 0.94 1.06 1.13 1.22 1.12 0.78 0.71 0.84 0.90 0.88 0.91 0.90 0.87 0.88 0.85 0.83 0.85 0.86 0.85 0.88 0.89 0.87 0.87 0.95 1.08 1.06 1.01 1.16 1.40 1.46 1.19 0.86 0.83 1.05 1.26 1.12 0.77 0.65 0.89 1.18 1.12 0.98 0.91 0.82 0.76 0.76 0.80 0.91 1.14 1.37 1.33 1.09 0.89 0.72
0.74 0.74 0.74 0.73 0.72 0.70 0.69 0.69 0.69 0.68 0.67 0.67 0.67 0.68 0.68 0.68 0.67 0.67 0.67 0.66 0.66 0.64 0.63 0.62 0.64 0.65 0.63 0.61 0.60 0.62 0.72 0.88 1.02 1.18 1.24 1.00 0.79 0.83 0.92 0.91 0.92 0.90 0.86 0.85 0.82 0.80 0.80 0.81 0.83 0.85 0.86 0.87 0.86 0.85 0.90 0.93 0.90 0.95 1.23 1.51 1.39 0.97 0.79 0.93 1.26 1.32 1.03 0.72 0.74 0.99 1.08 1.05 0.97 0.86 0.76 0.71 0.70 0.76 0.94 1.24 1.43 1.36 1.20 0.99
0.73 0.73 0.74 0.74 0.73 0.71 0.70 0.69 0.70 0.69 0.68 0.67 0.67 0.67 0.67 0.67 0.67 0.67 0.66 0.66 0.66 0.65 0.63 0.61 0.60 0.60 0.60 0.59 0.56 0.55 0.61 0.74 0.90 1.06 1.21 1.17 0.96 0.86 0.89 0.89 0.88 0.89 0.87 0.84 0.84 0.84 0.80 0.81 0.84 0.87 0.89 0.90 0.90 0.88 0.88 0.92 0.92 0.90 1.02 1.35 1.41 1.04 0.73 0.77 1.12 1.40 1.30 0.98 0.80 0.82 0.89 0.97 0.96 0.84 0.74 0.66 0.62 0.64 0.69 0.86 1.16 1.34 1.38 1.27
0.73 0.72 0.72 0.73 0.73 0.71 0.70 0.69 0.69 0.69 0.68 0.68 0.67 0.67 0.67 0.67 0.67 0.67 0.67 0.66 0.66 0.65 0.63 0.61 0.59 0.57 0.57 0.57 0.57 0.57 0.60 0.68 0.80 0.93 1.05 1.10 1.04 0.95 0.91 0.87 0.83 0.86 0.89 0.88 0.88 0.90 0.86 0.85 0.87 0.88 0.90 0.92 0.95 0.95 0.94 0.96 1.00 1.00 1.03 1.25 1.37 1.09 0.74 0.66 0.88 1.27 1.43 1.26 0.99 0.81 0.76 0.84 0.86 0.79 0.72 0.67 0.64 0.67 0.71 0.71 0.80 1.02 1.27 1.41
0.73 0.72 0.71 0.71 0.71 0.71 0.70 0.69 0.68 0.69 0.69 0.68 0.68 0.68 0.68 0.68 0.67 0.67 0.67 0.67 0.66 0.65 0.64 0.62 0.61 0.58 0.56 0.56 0.59 0.63 0.65 0.66 0.71 0.81 0.93 0.97 0.96 0.97 0.96 0.91 0.87 0.87 0.89 0.91 0.93 0.92 0.90 0.90 0.92 0.93 0.92 0.91 0.95 0.99 0.97 0.95 1.02 1.10 1.14 1.26 1.37 1.20 0.86 0.66 0.70 1.01 1.35 1.36 1.12 0.91 0.83 0.85 0.85 0.78 0.73 0.71 0.66 0.71 0.88 0.86 0.72 0.80 1.06 1.34
