windninja/windninja_output/Output_2025-08-09_0500-0550_Google earth_Fire_150m_10min/merlingen_7.5mi_point_08-09-2025_0510_150m_ang.asc
ncols	158
nrows	163
xllcorner	391686.332397
yllcorner	5160024.123721
cellsize	150.000000
NODATA_value	-32768.000000
[rows 42 to 83 of 163, columns 0 to 93 of 158]
201 201 201 201 201 200 199 199 200 199 199 199 199 199 199 199 199 199 199 198 198 197 197 197 196 195 193 191 189 189 193 195 196 196 196 197 200 201 198 198 199 201 202 201 197 195 197 201 201 201 204 204 198 195 201 208 209 210 216 221 220 214 212 213 212 209 206 205 203 202 205 206 201 193 189 191 190 186 189 198 203 204 205 206 203 201 202 203 203 200 200 205 213 216
203 203 202 202 201 200 200 200 200 200 199 199 199 199 199 199 199 199 199 199 198 198 197 197 197 196 195 193 191 191 194 196 196 193 190 190 192 193 193 195 200 204 204 201 198 200 204 207 208 206 207 206 202 200 204 210 214 215 219 222 221 215 211 210 210 207 201 199 201 201 200 200 198 192 190 192 192 190 192 198 202 203 203 201 200 203 207 210 209 205 204 205 210 214
205 204 204 203 201 201 201 200 200 200 200 199 199 199 199 199 199 199 199 199 199 198 198 198 198 197 195 194 193 193 195 196 194 191 188 185 185 189 194 198 203 205 204 203 203 207 210 210 207 204 203 205 204 203 208 213 215 217 219 219 217 214 211 207 205 204 201 199 199 199 199 200 200 197 196 198 196 195 197 200 201 199 198 200 205 210 211 213 213 212 209 207 210 215
207 206 204 203 202 202 202 201 201 200 200 200 199 199 199 199 199 199 199 199 199 198 198 198 198 197 196 196 196 195 195 195 193 191 187 184 184 189 195 199 201 203 206 206 205 208 210 207 203 201 203 208 209 210 213 217 218 218 216 214 212 210 206 201 200 201 202 202 199 200 203 205 206 206 206 205 200 198 200 200 197 195 199 207 213 213 213 213 215 216 213 209 211 216
209 207 205 204 204 204 202 202 201 201 200 200 200 199 199 199 199 199 199 199 199 199 199 199 198 198 198 197 197 196 195 195 194 191 188 186 187 189 192 195 198 203 208 208 207 208 207 204 201 203 208 211 214 216 218 219 219 217 213 207 205 204 201 197 199 201 203 205 203 203 206 209 212 213 211 209 203 198 198 198 198 201 209 216 217 214 212 212 214 216 215 211 212 216
209 208 206 206 206 206 204 202 201 201 201 200 200 200 200 200 200 200 200 200 200 200 199 199 199 199 199 198 198 197 196 196 195 192 189 188 189 189 189 192 196 201 207 208 207 207 205 204 205 206 210 214 216 218 217 216 216 213 208 201 198 200 201 200 203 206 207 208 206 204 207 210 214 215 214 211 206 201 200 203 208 212 216 217 214 212 211 211 213 214 213 213 213 215
210 209 208 207 208 208 205 202 201 201 201 201 200 200 200 200 200 200 200 200 200 200 200 200 200 199 199 199 198 198 197 197 196 194 191 189 190 190 189 191 195 200 205 205 205 204 204 205 207 208 212 216 219 219 217 214 212 208 203 197 195 201 207 208 209 210 209 208 207 207 209 212 214 215 215 213 209 205 205 210 214 215 213 211 209 208 209 209 209 209 211 215 216 215
212 210 209 209 209 210 207 203 201 201 201 201 201 201 201 201 200 200 201 201 201 200 200 200 200 200 199 199 199 199 198 197 197 195 193 190 190 190 190 191 195 200 202 201 202 205 206 207 208 209 212 216 217 216 213 211 208 203 199 197 198 205 212 215 213 210 208 207 208 209 210 212 214 215 215 212 208 206 206 209 212 212 210 208 206 206 205 204 204 206 211 217 219 218
214 212 210 209 209 209 208 205 201 200 201 201 201 201 201 201 201 201 201 201 201 200 200 200 200 200 200 200 199 199 199 198 198 197 195 192 190 191 191 193 196 198 197 197 201 206 209 210 213 215 216 217 214 210 207 206 203 201 200 201 205 211 219 220 214 209 208 208 209 210 212 214 215 215 213 209 206 205 207 209 211 210 209 207 205 204 202 201 204 208 212 217 221 221
218 214 210 208 208 208 207 207 203 200 200 201 201 201 201 201 201 201 201 201 201 201 201 200 201 201 201 200 200 200 200 199 199 198 196 194 192 192 193 193 196 197 195 194 200 207 210 213 218 219 216 214 212 208 205 204 203 203 205 207 211 216 222 222 214 208 207 207 209 211 213 214 214 213 211 209 206 205 206 209 211 212 213 210 206 204 202 204 208 211 214 218 223 225
222 217 209 208 209 208 208 209 205 201 200 201 201 202 202 202 202 202 201 201 201 201 201 201 201 201 201 201 201 201 200 200 200 199 198 197 195 194 193 193 195 197 195 192 198 206 210 211 214 211 205 205 207 206 205 205 205 207 210 213 215 217 222 222 213 206 205 206 209 211 212 212 211 210 210 209 207 206 207 209 211 214 216 214 210 208 207 209 211 214 216 219 222 223
222 218 209 207 208 207 207 209 209 204 201 201 202 202 202 202 202 202 202 202 202 202 202 202 202 202 202 202 201 201 201 201 200 200 199 199 198 196 194 192 194 197 195 192 196 205 207 204 205 203 200 202 204 206 207 208 207 209 213 215 216 217 222 221 210 204 203 204 208 209 209 208 208 209 211 210 209 209 210 211 211 213 214 214 213 213 211 210 213 216 218 218 217 216
219 217 210 205 207 207 205 209 211 209 204 202 202 202 202 202 202 202 202 203 203 202 202 202 202 202 202 202 202 202 202 201 201 201 200 200 199 198 197 194 193 196 197 196 196 202 202 198 198 199 201 205 206 208 212 211 207 209 212 214 215 216 220 217 207 201 199 201 205 206 205 207 209 211 211 211 209 210 211 210 208 210 211 211 211 213 213 212 214 216 216 215 212 209
217 217 214 209 210 211 208 209 212 212 208 204 203 202 203 203 203 203 203 203 203 203 203 203 203 202 203 202 202 202 202 202 202 202 201 201 201 200 199 197 195 197 201 201 198 197 196 194 194 197 201 205 206 209 214 211 206 208 211 212 212 213 216 214 206 200 198 199 203 206 207 211 212 212 211 210 209 209 210 207 204 206 208 209 209 211 212 212 214 216 217 215 209 203
217 217 217 214 214 215 212 210 212 214 211 206 204 203 202 203 204 203 203 203 204 204 203 203 203 203 203 203 203 203 203 203 203 202 202 202 202 201 200 200 199 199 201 200 197 193 189 189 191 194 198 205 207 210 215 211 206 208 210 210 209 211 215 215 209 201 199 200 205 210 213 213 211 209 209 208 207 208 207 205 203 205 207 208 209 210 211 212 213 216 220 216 203 192
218 218 217 215 213 213 212 209 209 212 210 207 206 205 203 203 204 204 204 204 204 204 204 204 203 203 203 203 203 203 203 203 203 203 203 203 203 202 202 201 201 201 200 199 197 193 188 187 188 190 195 206 210 213 217 210 204 206 207 207 208 212 216 217 212 203 200 202 207 212 211 210 209 208 207 205 205 205 204 203 203 205 208 209 212 215 216 215 214 214 213 203 186 182
219 218 217 216 214 213 212 210 207 209 209 208 209 209 206 203 203 204 204 204 204 204 205 204 204 204 204 204 204 204 204 204 204 204 204 204 203 203 203 203 202 202 201 200 199 197 193 189 186 185 191 205 211 214 216 209 203 205 207 207 209 212 216 218 214 206 201 201 205 207 207 207 208 207 205 203 202 203 202 202 203 206 209 212 215 218 219 218 214 208 200 190 182 182
219 219 218 217 217 216 214 212 209 210 210 209 210 211 209 205 203 203 204 204 204 205 205 205 204 204 204 205 205 205 205 205 205 204 204 204 204 204 204 204 203 203 202 202 201 200 197 193 187 181 184 199 209 213 214 209 205 207 208 208 210 213 216 218 215 209 201 199 202 206 206 206 206 205 203 202 202 202 202 203 205 208 211 212 214 217 217 215 209 199 191 188 186 189
220 220 219 218 218 217 217 216 214 212 210 207 207 210 210 208 205 204 203 204 204 204 205 205 205 205 205 205 205 205 205 205 205 205 205 205 205 205 205 204 204 204 203 203 202 201 200 197 192 184 179 190 207 213 214 210 208 209 210 210 211 214 217 219 216 211 204 199 203 207 207 205 205 204 201 201 202 203 204 207 208 210 212 213 214 215 214 210 202 193 189 190 191 198
221 221 220 219 219 218 218 217 215 213 209 204 203 207 209 210 208 206 204 203 204 205 205 205 206 206 206 206 206 206 206 206 206 206 206 206 206 206 205 205 205 205 204 204 203 203 201 199 196 190 182 187 204 213 214 212 213 213 213 213 214 216 218 219 216 212 206 202 204 207 206 204 204 202 201 201 203 205 206 208 209 212 215 216 216 214 210 204 197 191 189 194 200 207
224 223 223 221 219 218 217 216 215 213 211 206 204 205 208 210 210 209 206 204 204 205 206 206 206 207 207 206 206 206 206 206 206 206 206 206 206 206 206 206 206 206 205 205 204 204 203 202 200 196 189 188 200 210 212 214 217 217 215 215 215 215 215 216 215 213 208 204 205 205 204 204 203 201 200 202 205 206 207 208 210 213 216 218 217 214 209 199 193 192 193 202 211 214
228 227 226 223 221 219 217 217 216 215 213 209 205 205 205 208 211 211 209 207 205 205 205 206 206 207 207 207 206 207 207 207 207 207 207 207 207 207 207 207 207 206 206 206 205 205 204 204 202 200 195 191 197 204 205 211 217 218 215 213 210 210 212 216 220 218 211 206 204 203 203 204 203 200 199 202 205 205 206 208 211 213 215 216 214 211 204 194 192 196 203 211 216 219
232 231 227 225 222 221 220 220 218 217 215 212 206 204 204 206 209 210 210 209 207 206 206 206 206 207 208 207 207 207 207 207 207 207 207 207 207 207 207 207 207 207 207 207 206 206 206 205 204 202 199 195 197 201 199 205 216 217 214 210 207 209 217 226 230 223 211 204 202 202 202 203 203 200 199 201 203 202 203 206 209 212 213 213 210 206 200 195 195 202 209 214 218 223
232 230 226 224 222 221 221 221 222 220 218 215 208 204 205 205 206 209 211 211 210 208 207 207 206 207 208 208 208 208 207 208 208 208 208 208 208 208 208 208 208 208 208 207 207 207 207 206 206 205 203 200 200 202 198 200 212 216 213 210 208 213 221 225 221 213 204 200 200 201 201 203 204 201 199 198 199 200 201 206 210 212 212 210 207 204 200 198 201 206 212 217 222 227
226 225 224 223 223 221 218 218 219 218 217 215 211 205 204 205 206 208 210 211 210 209 209 208 206 206 208 208 208 208 208 208 208 209 209 209 209 209 209 209 208 208 208 208 208 208 208 207 207 206 206 205 204 204 202 200 209 216 216 214 210 208 212 214 211 206 202 200 200 201 201 203 204 201 198 196 197 199 201 206 209 209 206 201 201 203 202 203 208 212 215 220 225 231
213 216 218 219 221 218 213 214 217 218 217 214 211 207 204 205 207 207 207 209 210 209 210 209 207 208 209 210 210 210 209 209 209 209 209 209 209 209 209 209 209 209 209 209 209 209 209 208 208 208 208 207 207 207 206 206 212 221 224 220 209 202 205 209 209 207 205 202 201 201 201 203 204 200 197 196 196 198 199 201 202 201 198 195 201 209 210 210 214 216 218 223 229 233
193 205 212 212 213 211 206 208 216 218 216 212 210 208 206 205 207 207 206 208 210 210 210 210 209 209 211 214 213 212 211 210 210 210 210 210 210 210 210 210 210 210 210 210 210 210 210 209 209 209 209 209 209 209 210 211 215 222 227 224 212 203 206 209 209 208 206 204 202 201 201 204 204 200 197 197 196 196 196 197 197 197 198 202 214 221 217 213 216 219 222 227 233 235
184 198 211 212 213 212 206 205 211 213 209 205 205 205 204 204 206 208 208 209 210 211 211 211 210 210 215 217 215 213 211 210 210 210 210 210 210 210 210 210 210 210 210 210 210 210 210 210 210 210 210 210 210 211 211 213 215 217 221 221 216 209 209 210 210 209 208 205 203 202 203 205 204 199 197 198 197 195 193 195 198 201 209 217 227 227 217 215 219 221 225 228 231 231
201 209 224 230 230 226 216 210 213 214 209 206 206 206 205 205 206 209 210 209 210 211 212 213 211 211 216 217 215 213 212 211 210 210 210 210 211 211 211 211 211 211 211 211 211 211 211 211 211 211 211 211 212 212 212 213 214 215 216 217 215 213 215 217 217 214 211 208 205 204 204 205 203 198 197 200 199 195 193 195 202 211 219 225 230 224 216 218 221 224 225 226 227 226
217 221 233 243 248 245 237 229 229 228 223 219 219 216 213 211 210 211 211 210 210 212 213 214 209 206 212 215 214 213 212 212 211 210 210 211 211 211 211 211 211 212 212 212 212 212 212 212 212 212 212 212 212 213 213 213 214 214 215 215 214 214 215 217 218 218 218 215 211 206 203 205 204 200 199 201 200 196 194 199 209 218 223 228 228 218 215 219 223 226 226 225 223 219
227 229 234 239 243 244 243 243 245 243 237 235 234 229 225 220 216 215 213 211 211 211 212 211 206 202 209 215 216 214 213 212 212 211 210 211 211 211 212 212 212 212 212 212 212 213 213 213 213 213 213 213 213 213 213 214 214 214 214 214 214 214 214 214 214 215 216 217 214 207 204 209 209 205 203 203 202 198 197 205 214 220 223 226 223 215 215 221 226 227 224 224 224 220
234 236 239 240 242 243 242 243 245 243 238 235 232 229 226 223 220 219 217 214 212 211 211 210 206 203 208 215 217 216 214 213 214 212 210 210 211 212 212 212 212 213 213 213 213 213 213 213 213 213 214 214 214 214 214 214 214 214 214 214 214 214 214 214 213 213 213 212 211 210 212 217 217 209 206 204 204 202 200 207 215 219 220 222 218 215 218 223 227 225 221 220 223 222
241 243 246 247 247 247 246 245 244 241 237 233 230 227 224 222 220 220 219 217 215 215 214 212 209 205 207 213 217 218 216 215 214 213 210 209 211 212 212 212 213 213 213 214 214 214 214 214 214 214 214 214 214 214 214 214 214 214 214 214 214 214 214 213 213 212 212 211 210 211 212 212 211 204 202 202 202 202 202 206 212 214 216 218 217 219 222 224 225 223 219 214 210 201
246 248 252 255 256 256 254 250 245 241 237 234 231 227 225 222 220 219 218 217 216 217 217 216 212 208 209 213 216 218 217 216 216 216 214 212 212 212 212 212 213 213 214 214 214 215 215 215 215 215 215 215 215 215 215 215 215 214 214 214 214 214 214 213 213 212 212 211 211 211 209 207 204 199 196 198 197 199 201 204 208 211 216 219 220 221 222 223 224 225 222 211 198 191
249 251 255 261 266 267 264 258 251 244 239 235 231 228 225 222 220 219 218 217 217 217 217 216 214 211 212 214 215 217 218 218 219 221 220 217 215 214 213 213 213 214 215 215 215 215 216 216 216 216 216 215 215 215 215 215 215 215 215 214 214 214 214 213 213 212 212 211 211 210 209 206 204 200 195 194 193 194 197 202 207 214 221 225 228 227 227 228 229 231 227 209 192 188
252 254 257 264 272 277 276 269 259 249 240 234 230 228 226 223 221 220 219 218 217 217 217 216 214 213 215 217 216 217 220 221 222 222 221 218 216 215 214 213 213 214 215 216 216 216 217 217 217 217 216 216 216 216 216 215 215 215 215 215 215 214 214 214 213 213 212 212 211 210 209 207 205 203 198 193 190 188 192 204 213 220 227 232 233 235 236 233 230 223 209 193 186 188
257 256 254 262 277 286 287 279 264 248 237 231 228 227 225 223 221 220 219 218 218 218 217 216 213 214 217 218 217 216 218 220 220 219 219 218 216 216 216 215 213 214 216 216 217 217 218 218 218 218 217 217 217 216 216 216 216 215 215 215 215 215 214 214 213 213 212 212 211 210 209 208 206 204 201 196 190 184 189 205 217 221 225 228 225 225 225 221 212 204 196 189 186 190
256 253 247 249 264 280 284 273 254 238 227 225 225 225 224 222 221 220 219 219 219 219 219 216 212 213 217 217 216 214 214 217 219 220 220 219 217 216 218 218 215 215 217 218 219 219 220 220 220 219 219 218 217 217 216 216 216 216 216 215 215 215 215 214 214 213 213 212 211 211 209 208 207 205 203 199 193 185 187 203 216 217 217 216 215 214 214 209 202 196 193 192 191 192
248 244 236 237 240 238 228 212 215 215 213 217 221 223 223 222 221 221 219 219 219 220 220 217 211 212 217 218 216 214 213 215 217 218 219 219 217 216 218 218 216 216 219 221 222 222 223 223 224 222 220 219 218 217 217 216 216 216 216 216 215 215 215 214 214 214 213 212 212 211 210 209 207 206 204 201 196 190 188 198 207 208 208 208 210 211 209 202 197 197 196 196 195 193
246 245 240 237 237 233 215 201 203 204 205 211 219 222 224 223 223 222 221 220 220 220 220 217 211 213 218 219 218 215 213 214 215 216 218 219 218 217 218 218 216 215 219 224 227 229 229 230 231 230 225 220 218 217 217 217 217 217 216 216 216 216 215 215 214 214 213 213 212 211 210 209 208 207 205 202 199 194 190 191 194 199 205 208 209 210 204 198 196 198 198 198 198 196
256 254 246 241 239 233 222 212 208 208 207 212 219 223 225 225 224 224 223 222 221 221 220 217 212 214 218 219 218 217 216 217 218 221 222 222 220 218 219 218 216 214 216 219 221 222 223 223 224 225 222 220 218 217 217 217 217 217 217 217 216 216 216 215 215 214 214 213 213 212 211 210 208 207 205 203 200 196 192 188 185 192 203 209 209 205 200 196 195 197 198 199 200 198
248 241 231 234 234 232 226 221 218 217 216 218 222 226 228 227 227 228 226 224 223 222 222 219 213 213 216 217 217 218 219 219 221 224 226 227 226 223 221 220 218 215 213 213 213 213 212 212 213 214 214 214 213 214 215 217 217 218 217 217 217 216 216 216 215 215 214 214 213 212 211 210 209 208 206 204 202 198 193 188 182 187 198 204 205 201 198 197 196 197 199 201 201 200
