windninja/windninja_output/Output_2025-08-09_0500-0550_Google earth_Fire_150m_10min/merlingen_7.5mi_point_08-09-2025_0550_150m_ang.asc
ncols	158
nrows	163
xllcorner	391686.332397
yllcorner	5160024.123721
cellsize	150.000000
NODATA_value	-32768.000000
[rows 42 to 83 of 163, columns 0 to 93 of 158]
216 216 215 215 215 215 214 214 215 214 213 214 214 214 214 214 214 214 214 214 214 213 213 213 213 212 211 210 209 211 215 216 215 213 209 208 211 213 212 211 212 214 214 214 211 208 210 212 213 216 222 222 215 212 218 224 223 223 228 232 230 225 224 224 223 224 224 224 221 218 217 219 218 209 209 213 202 191 195 208 216 217 220 224 225 222 217 217 219 221 224 229 233 236
217 216 216 216 215 215 215 215 215 214 214 214 214 214 214 214 214 214 214 215 214 214 213 214 214 213 212 212 210 212 216 217 214 209 204 202 205 208 208 209 214 217 218 216 214 212 216 219 221 223 227 225 217 214 219 224 225 226 229 232 232 229 227 225 224 223 220 218 216 211 210 212 212 206 207 208 200 194 198 207 214 217 221 225 224 220 218 221 224 225 226 228 233 238
218 218 217 217 216 216 216 215 215 215 214 214 214 214 215 215 215 215 215 215 214 214 214 214 214 214 213 213 212 213 215 216 213 208 203 200 203 208 211 214 217 220 221 220 217 217 220 222 223 222 223 221 216 214 219 224 225 226 228 231 231 230 229 227 227 225 221 218 213 209 208 211 212 209 210 209 202 197 202 211 216 218 221 225 224 221 221 225 228 229 230 231 238 242
219 219 218 217 217 217 216 216 215 215 215 215 215 215 215 215 214 215 215 215 214 214 214 214 215 214 214 214 214 214 214 214 212 209 205 203 206 212 215 216 217 221 224 222 217 217 221 223 222 221 221 221 220 219 222 226 227 228 229 229 228 227 226 225 227 227 224 220 214 212 215 217 218 217 216 213 204 200 205 211 215 218 224 229 227 223 223 226 229 231 233 235 242 243
220 219 218 218 218 218 217 217 216 216 215 215 215 215 215 215 215 215 215 215 215 215 215 215 215 215 215 215 215 215 215 215 213 210 207 207 209 212 214 215 217 222 225 222 217 219 222 223 222 221 222 222 222 224 226 227 228 229 229 226 223 223 223 222 225 226 225 222 217 216 221 223 224 223 220 215 206 201 206 213 218 224 231 232 229 225 226 226 228 231 233 238 242 240
221 220 219 219 219 220 219 218 217 216 216 216 215 215 215 215 215 216 216 216 216 216 216 216 216 216 216 216 216 216 216 216 215 213 210 210 212 212 213 215 218 222 224 220 217 221 224 225 223 221 221 222 223 225 225 225 227 228 228 224 220 223 225 226 228 229 226 224 219 218 222 224 226 225 221 217 210 206 211 220 227 232 233 231 228 226 226 227 228 230 233 237 238 236
222 221 220 220 221 222 221 219 217 217 217 216 216 216 216 216 216 216 217 217 217 216 216 217 217 217 217 216 216 216 216 216 216 215 213 212 213 214 214 217 220 223 223 219 218 222 225 224 222 220 220 223 225 227 225 225 227 227 225 220 217 225 230 232 233 232 228 224 221 221 223 225 226 225 222 218 214 213 217 225 230 231 230 228 224 223 224 225 226 228 231 234 235 233
223 222 221 220 222 224 223 220 218 218 217 217 217 217 217 217 217 217 217 217 217 217 217 217 218 217 217 217 217 217 217 217 217 216 214 212 213 215 215 217 221 224 223 219 220 225 227 224 221 219 218 222 225 225 224 225 227 226 222 218 218 226 233 236 236 232 227 223 222 222 224 224 225 223 221 218 215 214 217 223 227 228 226 224 222 222 221 221 224 226 229 232 233 232
225 223 221 220 222 223 223 221 218 218 218 217 217 217 217 217 217 217 217 217 217 217 217 217 218 218 217 217 218 218 218 218 218 217 216 214 214 215 216 217 220 222 220 218 223 229 228 225 224 222 221 225 225 222 221 223 225 225 221 220 223 229 236 240 237 230 226 224 223 224 225 225 224 222 220 217 214 214 217 222 225 226 225 223 222 222 220 221 224 227 228 231 232 232
229 225 221 220 221 221 221 222 219 217 217 218 218 217 218 218 218 218 218 218 218 218 218 218 218 218 218 218 218 219 219 219 218 218 217 217 217 217 218 217 219 222 221 219 224 229 227 224 225 225 224 226 226 223 223 226 227 225 222 222 226 231 239 242 236 228 224 222 223 224 225 225 223 221 220 218 216 215 218 222 224 226 228 226 224 223 223 225 228 229 228 230 232 233
232 228 221 221 223 222 221 223 221 217 217 218 218 218 219 219 219 218 218 219 218 219 219 219 219 219 219 219 219 219 219 219 219 219 219 219 219 219 219 217 219 223 222 219 223 228 225 220 221 220 217 219 221 223 226 231 229 225 224 225 227 232 240 242 234 225 221 220 221 223 223 222 221 220 220 220 218 218 220 223 224 226 229 230 230 229 229 229 230 230 230 230 231 231
232 228 221 220 223 222 221 223 223 220 218 219 219 219 219 219 219 219 219 220 220 219 219 220 219 219 220 220 220 220 220 220 220 220 220 220 220 220 219 218 219 223 223 219 220 225 221 215 216 215 214 216 219 223 229 232 228 224 224 227 229 233 241 241 231 221 217 216 220 221 220 218 217 219 221 221 220 221 225 226 225 226 228 228 230 233 233 231 230 230 230 230 228 227
228 227 222 219 222 221 219 222 225 224 221 220 220 220 220 220 220 220 220 220 220 220 220 220 220 220 220 220 220 220 220 221 221 221 221 221 221 221 221 220 220 224 225 222 221 222 218 212 214 215 215 219 223 226 233 232 224 221 223 226 228 234 240 238 227 217 212 211 215 217 216 216 218 221 222 222 220 222 227 226 223 225 225 224 225 228 231 232 230 229 229 229 226 225
226 227 226 223 226 226 223 223 225 225 224 222 221 221 221 221 221 221 220 220 221 221 221 221 221 221 221 221 221 221 221 221 221 222 222 222 222 222 222 222 223 227 229 226 224 221 217 212 213 214 215 221 224 228 235 230 220 219 223 225 228 232 236 234 224 214 210 208 213 216 216 218 221 222 222 221 220 223 225 223 221 223 224 222 222 224 224 225 227 229 232 231 228 228
227 228 227 226 228 230 228 225 226 227 225 223 223 223 222 222 222 222 221 221 221 221 221 221 221 221 221 221 222 222 222 222 222 222 222 222 223 223 223 223 225 227 228 226 223 220 215 213 213 211 213 223 225 230 235 228 217 219 223 226 228 232 234 232 224 215 210 210 215 219 219 220 221 220 220 219 219 222 223 220 220 222 223 223 222 223 221 221 223 228 235 237 233 230
229 228 228 226 225 227 228 226 226 227 225 222 223 224 223 223 223 222 222 222 222 222 222 222 222 222 222 222 222 222 222 223 223 223 223 223 223 223 224 224 225 225 226 225 224 221 219 216 215 210 213 225 228 233 236 225 215 218 223 226 229 232 234 232 225 215 210 211 215 219 219 219 219 219 218 217 217 220 219 218 218 220 223 224 225 226 226 224 223 225 231 233 227 227
229 228 228 227 226 225 226 225 225 227 225 222 223 225 225 225 224 223 223 223 223 223 223 223 222 222 222 223 223 223 223 223 223 223 224 224 224 224 224 224 225 225 225 225 225 225 225 223 220 212 213 226 231 235 235 224 216 220 226 228 229 231 233 232 226 217 210 209 211 215 217 218 219 218 217 215 216 218 216 215 216 219 222 224 227 229 229 228 226 226 229 229 225 230
229 229 228 228 228 228 227 227 227 229 228 224 224 226 226 225 225 225 224 223 223 223 224 223 223 223 223 223 223 224 224 224 224 224 224 224 224 225 225 225 225 225 225 226 226 226 226 225 223 216 213 226 233 235 233 225 219 225 230 230 230 231 232 231 226 219 210 205 208 215 217 218 218 218 216 215 217 217 216 216 217 220 222 222 224 226 227 228 228 230 234 234 231 235
230 229 229 229 229 230 230 230 230 230 228 224 223 224 224 224 225 225 225 224 224 224 224 223 223 224 224 224 224 224 224 224 224 225 225 225 225 225 225 225 226 226 226 226 226 226 226 225 224 220 215 226 236 237 233 225 224 230 233 232 232 232 232 231 227 221 212 205 210 218 219 218 218 218 215 215 217 217 217 218 219 221 223 223 223 225 226 228 231 235 237 235 233 232
230 230 230 230 230 230 231 231 231 229 227 223 222 223 224 224 225 225 226 225 225 225 225 224 224 225 225 225 225 225 225 225 225 225 225 225 226 226 226 226 226 226 226 226 226 226 226 226 226 224 220 229 241 240 234 229 232 236 236 235 234 234 233 232 228 222 214 207 213 219 218 218 219 217 215 215 218 217 217 218 219 222 225 225 226 227 228 231 235 238 235 232 231 227
232 233 233 232 231 230 230 231 231 230 228 225 224 224 224 225 225 225 225 226 226 226 226 225 225 226 226 226 225 225 225 226 226 226 226 226 226 226 226 226 226 227 227 227 227 227 227 227 227 226 224 229 242 242 235 233 238 240 238 236 235 233 232 230 227 223 214 210 215 218 217 218 219 217 215 216 217 218 217 218 220 222 225 228 229 231 236 238 239 237 232 232 230 227
236 236 235 234 233 232 231 231 231 230 230 228 226 225 224 225 225 225 225 225 226 226 226 226 225 226 227 226 226 226 226 226 226 226 226 226 227 227 227 227 227 227 227 227 227 228 228 228 228 228 227 228 237 239 232 233 239 240 238 235 231 229 229 230 231 228 219 215 217 217 217 219 220 216 214 215 216 216 216 216 219 221 224 227 229 233 239 242 241 237 231 231 229 228
239 238 237 236 235 235 235 234 233 232 232 230 227 225 224 225 225 225 224 225 225 226 227 227 226 227 228 227 227 227 227 227 227 227 227 227 227 227 227 227 227 228 228 228 228 228 229 229 229 229 229 231 236 238 231 232 238 238 236 234 229 227 230 236 239 234 223 219 217 216 216 218 220 216 212 213 214 213 212 214 217 220 223 226 229 236 240 240 238 231 228 228 228 229
238 237 236 235 235 235 235 236 236 235 234 233 229 225 225 226 226 225 225 225 225 225 226 227 227 228 228 227 227 228 227 227 227 227 227 228 228 228 228 228 228 228 228 228 229 229 229 229 230 230 231 233 237 240 236 235 239 238 235 233 228 226 231 235 234 227 220 216 216 216 217 219 220 216 212 211 211 210 209 213 218 221 224 227 231 239 240 236 230 225 225 226 227 229
232 232 232 234 235 235 232 232 233 234 234 233 230 227 226 226 227 227 226 226 225 223 225 226 227 228 229 228 228 228 228 228 228 228 228 228 228 228 228 228 228 228 229 229 229 229 230 230 230 231 232 234 237 240 241 244 245 242 238 234 226 220 225 228 226 222 218 216 216 217 218 221 221 215 211 209 209 209 209 213 218 221 222 223 230 236 236 231 226 224 224 224 227 229
220 223 226 228 232 232 228 227 231 234 234 232 229 227 226 227 228 227 227 227 225 223 224 224 225 227 230 231 231 230 229 229 229 229 229 229 229 229 229 229 229 229 229 229 229 230 230 230 231 232 232 234 236 239 242 248 254 252 246 239 226 218 224 228 226 223 219 217 218 218 218 221 221 215 210 209 208 207 207 210 214 217 220 222 231 238 235 227 225 224 223 224 227 229
202 214 220 220 223 223 218 219 227 233 232 230 228 226 225 225 228 228 228 228 227 225 225 224 223 224 228 233 234 234 232 231 230 230 229 229 229 229 229 229 229 229 230 230 230 230 230 231 231 232 233 234 235 237 240 245 251 255 253 245 234 228 232 233 229 224 221 219 218 218 218 222 222 217 211 210 208 205 204 209 214 219 225 229 242 246 236 225 224 223 223 225 228 230
198 212 224 223 224 222 216 214 222 226 223 219 219 219 219 219 223 228 229 229 229 228 228 227 223 223 228 233 235 235 234 233 231 231 230 230 230 230 230 230 230 230 230 230 230 231 231 231 232 232 233 234 235 236 238 240 243 247 249 247 242 241 244 242 236 230 226 222 219 218 218 222 223 216 211 211 210 206 205 211 219 226 232 238 251 249 233 224 224 223 223 224 227 229
218 228 243 246 243 237 227 221 226 228 222 218 218 217 217 218 220 225 227 228 229 230 231 231 225 223 228 232 232 232 234 234 233 232 231 231 231 230 230 230 230 230 230 231 231 231 231 232 232 232 233 234 234 235 236 238 239 241 242 243 243 245 249 251 248 244 237 231 226 221 220 224 223 215 211 213 212 208 207 214 224 232 237 246 253 246 229 224 223 223 222 223 225 225
230 236 248 257 259 255 249 244 246 243 236 231 231 228 225 223 223 224 225 225 227 230 232 231 225 220 226 229 229 229 231 232 234 234 232 232 231 231 231 231 231 231 231 231 231 231 232 232 232 233 233 234 234 235 236 236 237 238 239 239 240 242 245 248 251 252 251 247 239 231 226 227 225 215 212 214 214 210 210 218 229 236 243 252 251 236 223 222 223 224 223 223 223 222
238 241 247 252 255 256 255 258 260 255 248 246 245 241 238 233 230 229 227 225 225 227 229 228 223 219 225 229 229 228 228 229 232 234 233 233 232 232 231 231 231 231 231 231 232 232 232 232 233 233 233 234 234 235 235 236 236 237 237 237 238 239 240 241 243 246 249 250 249 246 243 240 232 221 217 218 218 215 212 221 232 240 248 253 244 226 219 221 224 225 223 225 226 225
243 246 250 252 254 255 256 257 259 255 249 247 245 243 241 239 237 235 233 229 227 227 226 226 222 220 225 230 230 229 228 228 230 231 232 233 233 232 232 232 232 232 232 232 232 232 233 233 233 233 234 234 234 234 235 235 235 236 236 236 237 237 238 238 239 240 241 243 246 251 255 255 245 231 225 224 223 219 215 222 233 243 251 248 234 222 219 222 226 225 222 224 227 231
248 251 255 258 259 259 259 258 257 254 250 247 244 242 240 238 237 237 236 234 232 231 229 228 225 222 225 229 231 231 230 229 229 230 229 230 231 232 233 232 232 232 232 232 233 233 233 233 233 234 234 234 234 234 235 235 235 235 236 236 236 236 237 237 237 237 237 238 241 244 246 248 245 236 229 227 224 220 216 223 236 245 247 239 226 221 221 223 226 225 223 221 220 227
252 254 259 264 266 266 265 262 258 255 252 249 246 244 242 240 238 236 236 235 234 234 233 232 229 225 227 230 231 231 231 230 230 231 231 230 231 232 233 233 232 232 233 233 233 233 233 234 234 234 234 234 234 235 235 235 235 235 235 235 235 236 236 236 236 236 236 237 238 238 238 238 237 235 232 229 223 217 216 225 239 244 241 232 223 220 221 224 226 229 231 224 221 232
253 256 261 267 273 275 273 269 264 259 255 252 248 246 244 241 239 238 236 235 235 234 234 233 231 228 230 232 232 231 231 232 233 234 235 234 233 234 233 233 232 233 233 233 234 234 234 234 234 234 235 235 235 235 235 235 235 235 235 235 235 235 235 235 235 235 236 236 236 236 235 234 235 234 233 231 223 215 216 231 243 243 237 230 227 225 227 229 231 237 240 237 237 240
256 257 261 267 276 282 282 278 272 265 259 253 249 247 245 243 241 239 238 236 235 235 234 233 230 229 232 236 235 234 233 234 234 234 235 234 233 234 234 233 232 233 233 234 234 234 235 235 235 235 235 235 235 235 235 235 235 235 235 235 235 235 235 235 235 235 235 235 235 235 234 234 234 233 232 231 225 215 220 238 244 240 234 232 232 236 238 237 237 238 236 233 236 238
259 258 256 263 278 287 289 286 279 271 261 253 249 247 245 243 242 240 238 237 236 236 235 233 229 228 233 236 236 234 233 233 232 232 233 232 232 233 234 235 234 233 234 234 235 235 236 236 236 236 236 236 236 235 235 235 235 235 235 235 235 235 235 235 235 235 235 235 234 234 234 233 233 232 231 230 225 217 225 241 242 233 229 230 229 230 232 231 232 231 230 229 232 234
257 254 248 251 267 282 289 287 280 272 260 251 248 246 245 243 242 241 239 238 237 237 237 234 228 228 232 234 234 232 231 232 232 233 234 233 231 231 234 236 235 234 236 236 236 237 237 238 238 238 238 237 236 236 235 235 235 235 235 235 235 235 235 235 235 235 234 234 234 234 233 233 233 232 231 229 225 221 227 239 236 226 222 222 221 221 224 228 231 232 232 232 233 232
250 246 240 243 249 256 264 261 261 259 250 246 245 245 244 243 242 241 240 239 238 238 238 235 229 229 233 234 232 231 230 232 232 231 232 232 231 230 232 233 233 234 237 239 239 239 240 240 241 241 240 238 237 236 236 235 235 235 235 235 235 235 235 235 235 235 234 234 234 234 233 233 232 232 230 229 227 224 226 231 225 219 218 217 218 221 228 233 234 235 235 235 234 231
247 247 246 247 252 251 235 223 230 233 233 237 242 244 244 244 243 242 241 240 239 239 238 235 230 231 236 236 234 232 231 232 232 231 231 231 230 229 231 231 230 231 235 239 242 244 245 245 247 249 246 242 238 237 236 235 235 235 235 235 235 235 235 235 235 235 234 234 234 234 233 233 232 232 231 229 227 224 221 218 210 211 215 217 219 227 236 238 235 235 234 234 234 231
258 257 255 256 258 248 234 225 223 224 225 232 239 243 244 244 244 244 243 242 242 241 239 236 231 233 237 236 235 234 233 235 236 237 236 233 231 230 231 231 229 227 229 232 235 238 239 239 241 244 244 243 240 238 236 235 235 235 235 235 235 235 235 235 235 235 234 234 234 234 233 233 232 232 231 230 228 224 219 211 200 203 213 219 224 235 239 238 236 235 234 233 232 229
254 251 247 250 249 242 236 230 228 229 230 235 241 244 245 245 245 246 246 245 245 243 241 238 233 233 235 235 234 235 235 236 237 239 240 240 238 235 233 232 230 228 227 227 227 227 227 228 230 231 231 233 235 235 235 235 236 236 236 236 236 235 235 235 235 235 235 234 234 234 233 233 232 232 231 230 228 225 220 211 195 196 208 217 231 241 243 239 237 236 235 234 233 230
