windninja/windninja_output/Output_2025-10-23_0700-0750_Google earth_Fire_150m_10min/merlingen_7.5mi_point_10-23-2025_0720_150m_vel.asc
ncols	158
nrows	163
xllcorner	391686.332397
yllcorner	5160024.123721
cellsize	150.000000
NODATA_value	-32768.000000
[rows 0 to 37 of 163, columns 0 to 83 of 158]
2.52 2.45 2.45 2.58 2.72 2.81 2.79 2.73 2.72 2.73 2.66 2.49 2.20 1.83 1.53 1.29 1.09 1.02 1.16 1.40 1.67 1.93 2.15 2.21 2.11 1.92 1.73 1.68 1.78 1.81 1.73 1.60 1.46 1.35 1.35 1.33 1.17 1.00 0.93 0.96 1.06 1.15 1.15 1.10 1.08 1.07 1.02 0.98 1.17 1.48 1.68 1.78 1.84 1.84 1.78 1.69 1.60 1.53 1.48 1.46 1.50 1.55 1.58 1.59 1.65 1.74 1.79 1.74 1.63 1.53 1.52 1.56 1.59 1.61 1.65 1.68 1.67 1.63 1.55 1.52 1.57 1.61 1.66 1.65
2.60 2.57 2.58 2.62 2.67 2.69 2.59 2.47 2.43 2.45 2.49 2.50 2.41 2.25 2.08 1.89 1.79 1.78 1.89 2.02 2.05 2.11 2.25 2.31 2.24 2.07 1.93 1.85 1.80 1.73 1.65 1.58 1.54 1.49 1.45 1.44 1.41 1.35 1.33 1.30 1.29 1.32 1.36 1.40 1.41 1.42 1.45 1.39 1.35 1.40 1.49 1.56 1.60 1.62 1.60 1.59 1.59 1.59 1.58 1.53 1.49 1.52 1.56 1.59 1.60 1.65 1.72 1.75 1.70 1.60 1.54 1.57 1.60 1.62 1.65 1.68 1.70 1.71 1.64 1.56 1.58 1.61 1.66 1.70
2.78 2.81 2.83 2.77 2.70 2.58 2.47 2.43 2.47 2.58 2.73 2.76 2.73 2.71 2.70 2.72 2.78 2.81 2.77 2.64 2.47 2.33 2.29 2.30 2.33 2.30 2.19 2.03 1.85 1.72 1.65 1.62 1.62 1.65 1.66 1.68 1.76 1.80 1.77 1.70 1.65 1.65 1.69 1.77 1.82 1.86 1.93 1.93 1.77 1.56 1.48 1.50 1.51 1.51 1.52 1.57 1.62 1.66 1.69 1.68 1.61 1.57 1.60 1.62 1.59 1.58 1.65 1.75 1.78 1.70 1.60 1.59 1.61 1.62 1.63 1.67 1.75 1.85 1.80 1.66 1.62 1.71 1.72 1.73
2.96 3.02 3.04 2.96 2.88 2.79 2.85 3.11 3.34 3.42 3.29 3.04 2.88 2.81 2.88 3.07 3.17 3.16 3.04 2.80 2.57 2.44 2.36 2.32 2.44 2.58 2.57 2.42 2.28 2.17 2.08 1.95 1.83 1.82 1.88 1.91 1.90 1.88 1.86 1.90 1.97 2.01 2.03 2.06 2.10 2.11 2.11 2.12 2.10 2.01 1.88 1.80 1.76 1.75 1.71 1.67 1.64 1.62 1.65 1.71 1.71 1.66 1.64 1.64 1.62 1.61 1.65 1.75 1.80 1.74 1.65 1.62 1.61 1.58 1.58 1.59 1.66 1.83 1.88 1.72 1.62 1.79 1.87 1.76
3.01 3.07 3.14 3.12 3.07 3.10 3.26 3.48 3.58 3.43 3.15 2.96 2.91 2.94 3.03 3.13 3.10 2.98 2.80 2.64 2.50 2.43 2.41 2.43 2.56 2.74 2.91 2.97 2.90 2.82 2.74 2.61 2.46 2.32 2.19 2.11 2.04 2.05 2.14 2.21 2.27 2.32 2.36 2.37 2.33 2.27 2.20 2.14 2.14 2.11 1.99 1.87 1.81 1.81 1.79 1.71 1.65 1.62 1.62 1.66 1.68 1.67 1.65 1.65 1.64 1.63 1.65 1.75 1.82 1.76 1.68 1.63 1.60 1.59 1.59 1.56 1.52 1.61 1.79 1.77 1.59 1.65 1.87 1.84
2.95 2.97 3.07 3.19 3.27 3.34 3.41 3.39 3.17 2.85 2.71 2.74 2.78 2.87 2.99 2.97 2.83 2.63 2.41 2.32 2.31 2.29 2.30 2.36 2.44 2.54 2.68 2.83 2.94 2.99 3.02 3.05 3.05 2.94 2.72 2.52 2.50 2.56 2.61 2.59 2.53 2.46 2.40 2.33 2.25 2.17 2.10 2.04 1.99 1.97 1.95 1.89 1.79 1.74 1.74 1.72 1.69 1.67 1.66 1.67 1.69 1.69 1.69 1.69 1.68 1.66 1.68 1.76 1.85 1.83 1.78 1.73 1.64 1.61 1.66 1.72 1.68 1.61 1.64 1.73 1.67 1.57 1.68 1.80
2.92 2.90 2.91 3.06 3.27 3.38 3.35 3.16 2.83 2.60 2.59 2.67 2.74 2.80 2.85 2.79 2.72 2.66 2.60 2.56 2.48 2.38 2.27 2.20 2.22 2.23 2.24 2.40 2.62 2.78 2.88 2.98 3.06 3.09 3.07 3.03 3.00 2.95 2.84 2.71 2.57 2.41 2.23 2.08 1.98 1.95 1.93 1.91 1.88 1.87 1.89 1.92 1.88 1.82 1.77 1.73 1.71 1.70 1.68 1.70 1.75 1.81 1.84 1.83 1.78 1.72 1.71 1.79 1.86 1.86 1.92 1.98 1.89 1.73 1.73 1.84 1.91 1.85 1.70 1.74 1.82 1.71 1.66 1.73
3.00 2.98 2.93 2.91 2.96 3.00 2.96 2.75 2.53 2.49 2.59 2.73 2.86 2.92 2.86 2.77 2.70 2.74 2.82 2.82 2.78 2.70 2.52 2.30 2.20 2.14 2.18 2.29 2.38 2.43 2.52 2.62 2.66 2.71 2.82 2.91 2.88 2.75 2.60 2.45 2.30 2.15 2.00 1.89 1.81 1.78 1.77 1.77 1.77 1.78 1.78 1.82 1.89 1.92 1.88 1.80 1.76 1.74 1.73 1.75 1.80 1.86 1.94 1.99 1.97 1.87 1.78 1.81 1.88 1.86 1.88 2.02 2.06 1.93 1.79 1.79 1.91 1.94 1.80 1.76 1.87 1.78 1.68 1.77
3.05 3.04 2.99 2.89 2.76 2.62 2.50 2.42 2.44 2.53 2.63 2.74 2.86 2.95 2.96 2.86 2.77 2.79 2.86 2.87 2.87 2.86 2.78 2.65 2.45 2.32 2.31 2.28 2.18 2.17 2.24 2.31 2.36 2.42 2.44 2.39 2.30 2.21 2.12 2.03 1.92 1.82 1.75 1.73 1.72 1.70 1.67 1.65 1.64 1.67 1.73 1.73 1.73 1.80 1.88 1.86 1.83 1.83 1.80 1.75 1.67 1.60 1.64 1.81 1.94 1.94 1.86 1.84 1.91 1.91 1.84 1.83 1.88 1.88 1.80 1.75 1.83 1.90 1.82 1.80 1.89 1.79 1.61 1.71
3.05 3.02 2.99 2.94 2.82 2.65 2.52 2.50 2.57 2.65 2.69 2.71 2.73 2.76 2.78 2.77 2.80 2.84 2.91 3.02 3.06 3.03 3.00 2.95 2.79 2.58 2.44 2.32 2.23 2.22 2.26 2.24 2.20 2.21 2.21 2.11 1.99 1.90 1.84 1.78 1.75 1.73 1.70 1.67 1.64 1.60 1.58 1.57 1.55 1.54 1.57 1.61 1.59 1.63 1.74 1.78 1.73 1.70 1.64 1.53 1.42 1.32 1.24 1.31 1.53 1.73 1.79 1.80 1.85 1.91 1.88 1.79 1.74 1.76 1.77 1.75 1.78 1.77 1.79 1.94 2.06 1.99 1.70 1.54
3.08 3.07 3.04 2.97 2.88 2.81 2.77 2.76 2.75 2.74 2.73 2.69 2.65 2.59 2.56 2.61 2.71 2.81 2.88 3.01 3.16 3.25 3.25 3.17 3.06 2.92 2.67 2.42 2.30 2.24 2.16 2.03 1.91 1.87 1.88 1.87 1.82 1.76 1.75 1.78 1.82 1.80 1.73 1.64 1.56 1.47 1.42 1.43 1.38 1.27 1.25 1.33 1.38 1.41 1.42 1.46 1.37 1.26 1.22 1.20 1.16 1.07 0.93 0.93 1.10 1.30 1.45 1.53 1.57 1.72 1.85 1.85 1.77 1.74 1.77 1.78 1.78 1.69 1.63 1.88 2.16 2.26 2.04 1.67
3.14 3.13 3.08 3.00 2.93 2.89 2.89 2.89 2.85 2.81 2.77 2.71 2.64 2.55 2.51 2.58 2.71 2.79 2.80 2.83 2.92 3.05 3.12 3.10 3.02 2.82 2.47 2.19 2.04 1.93 1.79 1.66 1.62 1.62 1.61 1.60 1.61 1.65 1.71 1.74 1.74 1.72 1.68 1.63 1.59 1.49 1.30 1.18 1.10 0.96 0.84 0.84 0.84 0.88 0.90 0.97 1.00 0.96 0.93 0.92 0.92 0.83 0.65 0.60 0.71 0.83 0.98 1.11 1.19 1.43 1.71 1.86 1.84 1.77 1.86 2.00 2.09 2.02 1.80 1.80 2.04 2.30 2.34 2.15
3.17 3.15 3.10 3.04 3.00 2.98 2.94 2.88 2.82 2.79 2.74 2.69 2.60 2.48 2.42 2.49 2.58 2.65 2.73 2.77 2.77 2.73 2.69 2.65 2.50 2.24 2.02 1.88 1.76 1.67 1.61 1.60 1.59 1.56 1.50 1.46 1.47 1.55 1.60 1.61 1.62 1.64 1.65 1.62 1.57 1.51 1.35 1.15 1.00 0.85 0.69 0.61 0.58 0.63 0.67 0.68 0.74 0.80 0.82 0.85 0.87 0.77 0.59 0.46 0.44 0.50 0.58 0.66 0.80 1.11 1.44 1.70 1.81 1.78 1.87 2.13 2.31 2.37 2.23 2.05 2.02 2.16 2.30 2.31
3.19 3.17 3.13 3.09 3.07 3.04 2.98 2.88 2.81 2.77 2.72 2.67 2.60 2.51 2.42 2.36 2.37 2.43 2.54 2.60 2.55 2.40 2.21 2.04 1.92 1.88 1.86 1.83 1.77 1.68 1.57 1.52 1.50 1.47 1.44 1.49 1.53 1.51 1.46 1.44 1.44 1.39 1.26 1.17 1.12 1.11 1.14 1.20 1.18 1.03 0.82 0.69 0.63 0.67 0.72 0.64 0.59 0.63 0.74 0.89 0.96 0.87 0.74 0.58 0.46 0.45 0.43 0.37 0.33 0.57 1.01 1.37 1.62 1.67 1.68 1.74 1.88 2.05 2.11 2.02 1.94 1.96 2.04 2.14
3.24 3.22 3.17 3.12 3.07 3.01 2.95 2.90 2.85 2.80 2.74 2.70 2.67 2.67 2.64 2.59 2.57 2.48 2.38 2.28 2.14 1.96 1.83 1.75 1.74 1.79 1.86 1.87 1.79 1.68 1.58 1.51 1.48 1.46 1.49 1.56 1.54 1.42 1.27 1.09 0.97 0.89 0.84 0.78 0.77 0.82 0.84 0.96 1.28 1.44 1.25 1.01 0.93 0.98 1.03 0.89 0.69 0.63 0.78 1.06 1.25 1.21 1.16 1.11 0.97 0.77 0.59 0.44 0.23 0.13 0.47 0.98 1.32 1.44 1.41 1.38 1.47 1.61 1.70 1.67 1.62 1.64 1.73 1.87
3.28 3.26 3.21 3.15 3.07 2.98 2.92 2.87 2.84 2.80 2.77 2.74 2.73 2.77 2.86 2.99 2.96 2.73 2.43 2.18 1.99 1.88 1.82 1.80 1.81 1.86 1.90 1.90 1.82 1.77 1.82 1.86 1.79 1.64 1.46 1.24 1.05 0.96 0.86 0.74 0.69 0.73 0.82 0.89 0.91 0.99 1.01 0.88 0.98 1.40 1.68 1.64 1.61 1.72 1.81 1.83 1.56 1.19 1.13 1.29 1.48 1.54 1.50 1.46 1.49 1.42 1.16 0.96 0.72 0.30 0.21 0.48 0.85 1.05 1.16 1.24 1.33 1.44 1.53 1.58 1.48 1.42 1.49 1.60
3.32 3.30 3.24 3.17 3.09 3.03 2.97 2.91 2.86 2.83 2.80 2.77 2.75 2.75 2.82 2.91 2.87 2.72 2.53 2.31 2.11 1.97 1.88 1.87 1.94 1.97 1.92 1.90 1.96 2.01 1.99 1.87 1.64 1.34 1.00 0.75 0.65 0.66 0.73 0.81 0.89 1.00 1.21 1.35 1.35 1.33 1.40 1.32 1.13 1.28 1.71 1.99 2.05 2.05 2.08 2.16 2.12 1.81 1.56 1.62 1.71 1.70 1.63 1.55 1.61 1.69 1.57 1.36 1.21 0.90 0.46 0.26 0.41 0.63 0.89 1.09 1.24 1.42 1.55 1.61 1.55 1.43 1.44 1.47
3.36 3.34 3.28 3.21 3.14 3.09 3.03 2.98 2.95 2.90 2.83 2.77 2.73 2.69 2.68 2.63 2.53 2.45 2.37 2.23 2.04 1.85 1.76 1.80 1.85 1.83 1.80 1.79 1.82 1.83 1.70 1.46 1.24 1.10 1.00 0.95 0.95 1.01 1.12 1.25 1.36 1.40 1.39 1.40 1.46 1.45 1.48 1.64 1.73 1.67 1.67 1.80 1.91 1.92 1.91 2.01 2.18 2.18 2.02 1.93 1.93 1.90 1.81 1.69 1.67 1.78 1.80 1.63 1.45 1.26 0.97 0.64 0.53 0.51 0.57 0.83 1.09 1.33 1.51 1.52 1.46 1.42 1.39 1.42
3.40 3.37 3.31 3.25 3.18 3.12 3.06 3.02 2.98 2.92 2.84 2.76 2.70 2.65 2.59 2.50 2.34 2.14 1.97 1.84 1.73 1.66 1.65 1.64 1.60 1.59 1.61 1.61 1.52 1.40 1.27 1.17 1.15 1.22 1.30 1.33 1.31 1.29 1.31 1.36 1.38 1.39 1.39 1.42 1.47 1.52 1.53 1.64 1.80 1.81 1.66 1.56 1.60 1.74 1.86 1.99 2.15 2.22 2.14 2.04 2.04 2.03 1.93 1.82 1.76 1.78 1.86 1.79 1.60 1.46 1.33 1.17 1.03 0.83 0.61 0.59 0.73 0.99 1.29 1.35 1.33 1.34 1.26 1.29
3.42 3.39 3.34 3.29 3.23 3.16 3.10 3.04 2.97 2.89 2.82 2.78 2.73 2.65 2.55 2.41 2.21 1.96 1.79 1.72 1.71 1.72 1.70 1.66 1.63 1.62 1.61 1.56 1.45 1.31 1.23 1.21 1.21 1.18 1.17 1.23 1.31 1.38 1.44 1.53 1.59 1.64 1.67 1.67 1.66 1.73 1.78 1.71 1.62 1.64 1.62 1.53 1.50 1.63 1.86 2.03 2.15 2.21 2.14 2.00 1.96 1.96 1.85 1.74 1.70 1.69 1.78 1.85 1.81 1.74 1.65 1.51 1.39 1.26 1.04 0.84 0.78 0.95 1.22 1.33 1.35 1.34 1.23 1.19
3.47 3.46 3.41 3.33 3.25 3.19 3.13 3.06 2.97 2.88 2.82 2.78 2.72 2.64 2.54 2.40 2.22 2.05 1.96 1.94 1.92 1.88 1.84 1.81 1.78 1.72 1.65 1.57 1.49 1.42 1.38 1.38 1.40 1.41 1.53 1.69 1.81 1.92 1.96 1.95 1.92 1.87 1.81 1.80 1.84 1.85 1.81 1.71 1.62 1.64 1.70 1.68 1.63 1.62 1.68 1.78 1.93 2.10 2.16 2.06 1.98 2.01 1.91 1.74 1.70 1.73 1.81 1.93 1.97 1.93 1.84 1.65 1.48 1.37 1.24 1.17 1.23 1.39 1.55 1.57 1.51 1.45 1.34 1.19
3.55 3.53 3.44 3.34 3.27 3.22 3.16 3.08 2.99 2.91 2.85 2.78 2.69 2.62 2.54 2.43 2.32 2.22 2.16 2.10 2.04 1.98 1.95 1.91 1.84 1.76 1.69 1.62 1.55 1.51 1.50 1.54 1.67 1.90 2.14 2.28 2.32 2.26 2.14 2.04 1.97 1.92 1.89 1.90 1.87 1.78 1.70 1.74 1.81 1.85 1.88 1.87 1.81 1.68 1.56 1.55 1.65 1.82 2.04 2.15 2.11 2.12 2.05 1.87 1.79 1.81 1.90 2.02 2.05 1.98 1.84 1.71 1.58 1.42 1.22 1.16 1.34 1.65 1.91 2.00 1.85 1.63 1.50 1.30
3.58 3.53 3.45 3.40 3.35 3.28 3.20 3.11 3.01 2.95 2.90 2.83 2.75 2.65 2.56 2.47 2.39 2.33 2.29 2.23 2.15 2.08 2.03 1.96 1.89 1.83 1.78 1.70 1.63 1.60 1.61 1.72 1.93 2.10 2.12 2.06 2.02 1.98 1.90 1.84 1.86 1.92 1.98 1.95 1.86 1.86 1.97 2.02 2.00 1.96 1.93 1.90 1.86 1.76 1.66 1.64 1.65 1.72 1.86 2.08 2.16 2.16 2.13 2.01 1.97 2.03 2.09 2.12 2.13 2.06 1.90 1.78 1.71 1.60 1.35 1.19 1.24 1.51 1.90 2.23 2.29 2.05 1.86 1.56
3.60 3.57 3.52 3.47 3.39 3.29 3.18 3.08 3.01 2.98 2.93 2.87 2.79 2.70 2.61 2.52 2.45 2.40 2.35 2.29 2.22 2.17 2.12 2.05 1.97 1.88 1.78 1.66 1.56 1.54 1.60 1.72 1.84 1.85 1.77 1.68 1.59 1.59 1.67 1.75 1.83 1.94 2.00 2.04 2.11 2.24 2.26 2.15 2.01 1.95 1.94 1.91 1.87 1.87 1.82 1.76 1.72 1.70 1.74 1.93 2.12 2.17 2.13 2.04 2.03 2.07 2.07 2.04 2.04 2.01 1.91 1.80 1.74 1.68 1.55 1.34 1.17 1.24 1.53 1.98 2.37 2.39 2.25 1.99
3.66 3.63 3.56 3.48 3.38 3.28 3.17 3.09 3.05 3.02 2.94 2.84 2.76 2.71 2.65 2.57 2.50 2.45 2.39 2.31 2.26 2.22 2.16 2.09 2.01 1.89 1.73 1.56 1.46 1.49 1.56 1.60 1.60 1.61 1.63 1.64 1.59 1.57 1.64 1.76 1.86 1.95 2.08 2.27 2.45 2.43 2.27 2.14 2.04 1.95 1.92 1.92 1.94 1.96 1.94 1.88 1.83 1.75 1.67 1.71 1.90 2.10 2.17 2.11 1.94 1.77 1.73 1.78 1.83 1.83 1.75 1.69 1.70 1.69 1.61 1.44 1.17 1.01 1.15 1.52 2.05 2.38 2.49 2.45
3.70 3.66 3.57 3.48 3.39 3.30 3.21 3.15 3.12 3.04 2.92 2.82 2.76 2.71 2.64 2.59 2.54 2.48 2.40 2.33 2.28 2.22 2.15 2.09 2.03 1.96 1.84 1.74 1.68 1.61 1.53 1.51 1.57 1.66 1.75 1.79 1.79 1.76 1.76 1.82 1.91 2.02 2.20 2.39 2.43 2.34 2.25 2.18 2.15 2.10 2.03 1.97 1.89 1.83 1.86 1.93 1.96 1.88 1.69 1.55 1.68 2.00 2.25 2.32 2.20 1.95 1.77 1.77 1.85 1.85 1.74 1.64 1.62 1.63 1.61 1.58 1.46 1.11 0.93 1.15 1.63 2.09 2.41 2.65
3.74 3.70 3.61 3.53 3.43 3.32 3.24 3.21 3.15 3.05 2.93 2.85 2.78 2.70 2.61 2.56 2.53 2.48 2.42 2.35 2.28 2.23 2.19 2.17 2.13 2.07 2.05 2.05 1.99 1.85 1.68 1.57 1.53 1.55 1.63 1.77 1.90 2.01 2.04 2.06 2.12 2.19 2.31 2.37 2.35 2.39 2.48 2.44 2.36 2.34 2.30 2.18 2.02 1.90 1.91 2.02 2.06 1.99 1.86 1.76 1.82 1.93 2.03 2.15 2.24 2.17 2.00 1.91 1.98 2.05 1.96 1.75 1.60 1.56 1.55 1.65 1.79 1.55 0.99 0.89 1.22 1.62 1.96 2.32
3.79 3.76 3.68 3.57 3.45 3.35 3.28 3.24 3.15 3.02 2.92 2.84 2.76 2.66 2.60 2.57 2.54 2.49 2.44 2.38 2.34 2.32 2.30 2.28 2.24 2.20 2.21 2.31 2.39 2.30 2.07 1.82 1.65 1.56 1.50 1.55 1.77 2.06 2.21 2.26 2.28 2.37 2.46 2.48 2.55 2.66 2.81 2.85 2.70 2.54 2.56 2.61 2.54 2.39 2.23 2.13 2.16 2.27 2.26 2.21 2.14 1.98 1.77 1.72 1.86 1.98 1.97 1.96 2.03 2.10 2.09 1.89 1.65 1.55 1.48 1.52 1.79 1.95 1.49 0.94 0.89 1.16 1.47 1.77
3.84 3.80 3.70 3.58 3.48 3.39 3.33 3.25 3.12 2.99 2.90 2.82 2.75 2.69 2.65 2.62 2.57 2.51 2.46 2.44 2.44 2.42 2.38 2.34 2.31 2.33 2.48 2.72 2.89 2.86 2.65 2.38 2.12 1.91 1.83 1.89 2.09 2.31 2.56 2.70 2.75 2.85 2.83 2.77 2.80 2.86 2.90 2.99 3.01 2.90 2.87 2.97 2.98 2.83 2.56 2.30 2.33 2.52 2.51 2.34 2.21 2.17 2.01 1.79 1.76 1.86 1.88 1.93 2.01 2.05 2.13 2.08 1.89 1.68 1.46 1.35 1.48 1.90 1.84 1.22 0.81 0.84 1.12 1.38
3.87 3.83 3.72 3.60 3.49 3.41 3.34 3.22 3.08 2.98 2.91 2.84 2.80 2.76 2.72 2.66 2.60 2.55 2.52 2.50 2.48 2.44 2.38 2.33 2.32 2.43 2.69 2.90 2.97 3.08 3.17 3.06 2.76 2.57 2.75 2.96 3.00 3.06 3.21 3.33 3.44 3.48 3.39 3.25 3.09 3.01 3.00 3.10 3.34 3.51 3.49 3.39 3.33 3.21 2.96 2.67 2.48 2.42 2.43 2.24 1.98 1.97 2.07 1.96 1.79 1.74 1.75 1.86 1.97 1.96 1.97 2.02 1.98 1.80 1.54 1.40 1.47 1.80 1.97 1.55 0.93 0.70 0.84 1.14
3.93 3.88 3.76 3.62 3.51 3.44 3.34 3.20 3.08 3.00 2.92 2.87 2.82 2.76 2.71 2.67 2.63 2.60 2.57 2.53 2.48 2.44 2.41 2.40 2.43 2.54 2.66 2.66 2.57 2.54 2.63 2.87 3.12 3.40 3.69 3.74 3.60 3.53 3.60 3.67 3.68 3.61 3.49 3.37 3.22 3.10 3.07 3.14 3.23 3.33 3.38 3.31 3.24 3.21 3.07 2.78 2.43 2.16 2.16 2.15 1.87 1.67 1.79 1.90 1.76 1.59 1.55 1.66 1.87 1.89 1.72 1.67 1.71 1.69 1.63 1.63 1.66 1.89 2.15 1.94 1.26 0.79 0.75 1.00
3.99 3.93 3.78 3.64 3.58 3.52 3.38 3.23 3.13 3.04 2.97 2.89 2.82 2.78 2.75 2.70 2.64 2.59 2.56 2.52 2.50 2.49 2.49 2.49 2.56 2.64 2.63 2.54 2.36 2.20 2.26 2.68 3.26 3.61 3.69 3.57 3.50 3.59 3.64 3.54 3.34 3.06 2.85 2.77 2.77 2.77 2.74 2.66 2.45 2.28 2.29 2.36 2.48 2.71 2.80 2.67 2.49 2.22 2.01 2.03 1.93 1.72 1.76 1.93 1.86 1.57 1.43 1.55 1.87 1.97 1.67 1.50 1.52 1.56 1.60 1.67 1.74 1.94 2.26 2.29 1.77 1.17 0.91 0.96
4.01 3.93 3.76 3.66 3.64 3.54 3.36 3.22 3.13 3.05 2.99 2.93 2.89 2.85 2.80 2.73 2.66 2.60 2.55 2.53 2.54 2.56 2.55 2.56 2.61 2.66 2.69 2.68 2.65 2.80 3.15 3.48 3.56 3.40 3.15 3.06 3.22 3.37 3.18 2.84 2.63 2.44 2.31 2.27 2.27 2.28 2.24 2.08 1.87 1.77 1.73 1.75 1.88 2.19 2.50 2.55 2.55 2.54 2.36 2.15 1.90 1.70 1.82 2.11 2.16 1.76 1.43 1.52 1.94 2.18 1.88 1.68 1.67 1.62 1.60 1.63 1.74 1.95 2.28 2.48 2.16 1.61 1.25 1.06
4.04 3.94 3.77 3.70 3.64 3.47 3.31 3.20 3.12 3.05 2.98 2.95 2.93 2.87 2.82 2.75 2.69 2.68 2.65 2.63 2.62 2.61 2.60 2.66 2.74 2.76 2.74 2.70 2.78 3.10 3.42 3.54 3.42 3.24 3.08 3.04 3.17 3.14 2.79 2.47 2.33 2.24 2.15 2.07 1.96 1.90 1.82 1.68 1.60 1.60 1.61 1.60 1.59 1.72 2.03 2.18 2.19 2.38 2.64 2.62 2.18 1.79 1.86 2.21 2.47 2.18 1.57 1.36 1.70 2.21 2.19 2.02 1.90 1.73 1.63 1.62 1.68 1.88 2.26 2.65 2.58 2.11 1.71 1.36
4.09 4.01 3.88 3.82 3.70 3.51 3.35 3.22 3.14 3.07 3.01 2.97 2.92 2.87 2.82 2.77 2.74 2.74 2.73 2.70 2.66 2.63 2.64 2.71 2.77 2.76 2.68 2.59 2.60 2.71 2.91 3.01 3.07 3.25 3.45 3.47 3.28 2.97 2.63 2.43 2.26 2.05 1.87 1.73 1.61 1.54 1.47 1.42 1.43 1.46 1.47 1.46 1.43 1.45 1.59 1.73 1.76 1.83 2.23 2.71 2.59 2.06 1.86 2.07 2.53 2.57 2.01 1.43 1.44 1.88 2.14 2.13 2.00 1.78 1.60 1.49 1.48 1.57 1.87 2.44 2.78 2.64 2.31 1.91
4.11 4.06 3.99 3.94 3.79 3.56 3.37 3.26 3.20 3.13 3.07 3.01 2.95 2.89 2.82 2.79 2.79 2.78 2.74 2.71 2.70 2.69 2.70 2.68 2.63 2.59 2.57 2.54 2.47 2.49 2.75 2.95 3.17 3.47 3.61 3.50 3.17 2.72 2.34 2.09 1.89 1.74 1.62 1.56 1.54 1.49 1.43 1.47 1.53 1.57 1.57 1.57 1.58 1.59 1.64 1.74 1.74 1.65 1.78 2.32 2.51 2.07 1.73 1.80 2.30 2.75 2.55 1.93 1.56 1.57 1.73 1.90 1.89 1.70 1.50 1.36 1.29 1.27 1.32 1.65 2.25 2.61 2.67 2.46
4.15 4.11 4.03 3.93 3.73 3.50 3.36 3.29 3.22 3.15 3.10 3.05 2.98 2.91 2.88 2.86 2.84 2.81 2.77 2.75 2.74 2.73 2.71 2.66 2.61 2.58 2.56 2.49 2.44 2.69 3.11 3.30 3.42 3.37 3.06 2.84 2.73 2.42 2.00 1.68 1.53 1.54 1.62 1.65 1.67 1.71 1.71 1.70 1.68 1.66 1.69 1.77 1.87 1.92 1.94 1.96 1.98 1.93 1.91 2.19 2.42 2.09 1.67 1.60 1.92 2.54 2.79 2.45 1.96 1.60 1.49 1.60 1.63 1.52 1.45 1.37 1.29 1.31 1.35 1.34 1.53 1.98 2.46 2.73
4.24 4.20 4.08 3.88 3.63 3.46 3.37 3.28 3.20 3.17 3.15 3.09 3.02 2.98 2.97 2.94 2.90 2.86 2.83 2.80 2.78 2.75 2.71 2.69 2.69 2.68 2.61 2.55 2.75 3.31 3.55 3.43 3.21 2.81 2.46 2.28 2.17 1.98 1.75 1.62 1.61 1.66 1.74 1.84 1.89 1.91 1.93 1.94 1.90 1.85 1.85 1.93 2.05 2.09 2.03 2.03 2.16 2.27 2.29 2.40 2.57 2.33 1.86 1.59 1.62 2.04 2.57 2.58 2.20 1.85 1.66 1.63 1.61 1.52 1.50 1.45 1.33 1.44 1.71 1.64 1.37 1.56 2.05 2.59
