windninja/windninja_output/Output_2025-10-23_0700-0750_Google earth_Fire_150m_10min/merlingen_7.5mi_point_10-23-2025_0750_150m_ang.asc
ncols	158
nrows	163
xllcorner	391686.332397
yllcorner	5160024.123721
cellsize	150.000000
NODATA_value	-32768.000000
[rows 84 to 125 of 163, columns 0 to 93 of 158]
254 252 251 251 248 245 242 239 239 238 239 240 241 244 246 246 246 247 248 249 249 249 246 244 240 238 239 238 237 238 238 237 237 239 242 245 246 245 243 241 239 238 238 239 240 241 242 245 248 247 244 244 245 247 249 250 251 251 251 252 252 252 252 252 251 251 251 251 251 251 251 251 251 252 252 252 252 252 251 245 210 189 213 240 263 267 265 261 258 257 254 250 246 242
254 253 253 253 252 249 244 242 244 245 243 242 243 244 244 244 245 248 250 251 254 254 253 251 248 245 243 242 241 241 240 239 237 236 239 242 244 246 247 247 245 243 243 245 247 248 251 254 256 256 253 249 247 247 249 251 253 253 253 253 254 253 253 253 253 252 252 252 252 252 252 252 252 253 253 253 253 253 253 249 224 193 238 264 270 268 263 259 257 256 254 251 247 244
257 256 255 256 255 251 245 244 246 248 245 243 243 243 243 244 245 248 251 254 257 258 260 261 258 248 244 244 245 244 242 241 240 237 238 239 239 241 244 248 250 249 247 246 247 249 252 255 258 259 258 255 252 251 251 253 255 255 256 256 256 255 255 254 254 254 253 253 253 253 253 253 253 254 254 255 255 255 256 257 260 290 287 277 271 267 263 260 256 254 253 251 249 246
260 259 258 258 254 248 244 243 245 246 245 243 245 243 243 244 243 244 248 252 256 257 261 266 263 244 239 242 244 243 244 245 244 243 243 241 238 238 240 242 246 249 249 248 247 249 252 255 257 258 258 258 257 255 255 256 258 259 259 259 258 257 256 256 255 255 254 254 254 254 254 254 255 255 255 256 256 258 260 266 285 322 315 288 272 265 262 261 258 256 255 255 254 250
262 261 259 255 249 243 240 240 242 244 244 245 245 242 240 238 238 241 246 250 252 252 259 264 255 231 236 240 242 242 243 245 247 249 252 251 247 243 242 242 243 245 248 249 248 249 251 253 254 254 256 258 258 257 257 258 260 262 263 263 262 260 258 257 256 256 256 255 255 255 255 255 256 256 256 257 258 260 264 270 285 312 318 299 282 269 262 259 258 259 261 261 258 253
262 261 257 253 248 243 241 240 238 240 244 246 243 239 237 234 235 240 245 250 252 256 262 258 232 217 231 239 241 243 244 245 246 248 251 255 256 253 249 248 247 247 247 249 250 251 250 251 253 254 255 256 257 258 257 255 256 259 265 270 268 263 260 258 257 257 257 256 256 256 256 256 257 257 258 259 260 262 265 270 280 297 310 302 289 279 269 263 262 264 265 262 256 251
261 259 253 251 250 248 244 239 235 236 243 244 238 235 234 233 233 236 243 253 262 266 261 242 215 211 228 237 241 244 245 246 248 249 250 253 255 256 254 252 251 250 250 251 253 254 252 252 253 255 257 258 259 259 256 253 252 256 264 272 273 266 261 259 258 258 258 258 258 257 257 257 258 258 259 260 261 263 265 269 276 288 299 299 292 287 281 274 271 271 267 257 253 251
258 254 246 244 244 245 241 235 231 235 241 240 231 229 228 226 228 232 241 256 269 268 247 226 210 213 228 237 241 244 246 248 250 252 252 253 253 256 257 254 251 250 251 253 256 256 255 255 254 256 259 262 264 264 259 253 254 259 263 265 267 265 262 260 259 259 259 259 258 258 258 258 259 259 260 261 262 263 265 269 274 282 291 295 293 290 286 281 277 273 265 255 256 257
255 250 241 237 236 234 229 221 219 226 234 233 226 226 226 227 229 231 241 253 259 246 229 220 212 217 230 238 243 246 248 251 253 254 255 255 254 256 259 259 253 248 249 253 256 258 257 257 257 259 262 267 269 269 266 262 263 264 261 258 257 260 261 260 260 260 260 260 260 259 259 260 260 260 261 261 262 264 266 268 272 278 285 291 291 289 286 282 277 269 258 257 261 261
255 251 243 239 237 234 227 217 211 220 227 223 216 214 214 220 224 229 244 251 243 217 214 215 215 223 234 240 244 248 250 253 257 258 257 257 257 258 259 260 257 250 249 251 254 256 258 259 259 260 264 271 275 273 274 277 273 268 263 258 256 257 260 261 261 261 261 261 260 261 261 261 261 261 261 262 263 264 266 268 271 274 279 284 287 285 283 280 273 264 258 259 262 261
255 252 246 245 246 243 237 225 215 223 228 224 216 212 212 221 227 234 246 245 229 213 211 214 219 229 238 242 245 247 250 255 260 262 261 260 260 261 261 261 260 254 250 249 249 252 256 259 260 261 265 271 275 272 273 278 277 271 266 262 259 258 260 262 263 262 262 262 262 262 262 262 262 262 262 263 263 264 266 267 269 272 274 278 280 281 280 276 269 264 261 261 261 261
253 251 249 251 252 249 244 237 235 241 243 237 232 231 232 242 243 250 250 239 224 220 219 224 229 237 241 243 244 245 249 256 260 262 263 263 263 263 263 263 264 262 256 250 247 249 252 257 261 264 267 267 265 266 269 272 275 273 270 266 263 261 262 264 264 264 263 263 263 263 263 262 262 262 263 263 264 265 266 267 268 270 271 273 274 275 274 272 268 265 263 262 261 260
254 254 253 253 251 246 242 241 250 263 264 256 249 247 254 259 258 260 252 229 224 228 232 240 244 245 245 245 245 247 253 257 258 259 262 264 265 266 266 267 268 270 266 259 254 252 253 257 262 266 264 259 256 259 264 268 272 272 271 269 266 264 265 266 266 265 265 265 265 264 264 263 263 263 264 264 265 265 266 267 268 269 269 270 271 271 270 269 267 265 263 262 261 259
257 258 256 254 251 246 242 241 247 257 263 258 256 255 259 261 264 263 248 227 224 232 242 252 256 252 247 247 249 254 259 259 257 258 261 265 268 269 270 271 272 274 275 270 266 262 261 262 264 263 258 255 254 256 261 264 268 270 271 270 269 267 268 268 268 268 267 267 266 265 265 264 264 264 265 265 265 266 266 267 267 268 268 269 269 269 268 267 266 264 263 262 261 260
260 261 260 258 257 252 247 245 246 249 253 259 265 267 267 267 266 258 241 230 228 235 248 257 257 245 244 248 253 257 260 260 259 260 261 265 269 273 275 276 276 278 281 277 272 269 269 267 265 261 257 256 255 256 260 262 264 267 270 270 269 270 271 271 271 271 270 269 267 266 266 266 265 265 265 266 266 266 267 267 267 267 268 268 268 267 267 266 265 264 263 262 261 260
261 262 261 262 263 261 259 256 252 250 252 255 258 264 267 265 260 249 239 232 232 242 253 255 242 232 240 248 253 256 259 261 262 263 264 267 270 274 278 281 282 283 285 282 275 272 271 268 264 260 259 258 256 256 259 262 263 264 267 269 268 268 270 272 274 275 273 271 269 268 267 267 266 266 266 267 267 267 267 267 268 268 268 268 267 267 266 266 265 264 263 262 261 260
260 261 261 262 262 261 261 261 257 253 253 251 251 257 262 259 255 251 242 236 245 256 257 245 231 232 240 247 252 255 258 261 265 268 271 273 273 274 278 284 288 288 289 289 281 275 271 268 264 261 260 259 258 258 259 260 260 262 265 268 267 266 266 269 273 276 276 275 272 269 268 268 267 267 267 268 268 268 268 268 268 268 268 268 267 267 266 266 265 264 263 262 261 260
261 262 262 261 260 259 259 259 257 255 253 250 248 247 248 250 251 250 245 249 261 264 252 237 233 237 243 247 250 253 257 262 267 272 276 278 278 278 280 285 292 293 293 295 289 279 273 270 267 264 262 260 259 260 260 259 259 260 262 265 267 266 266 267 270 274 276 276 273 270 269 269 269 269 269 269 269 269 269 269 269 269 269 268 268 267 267 266 265 264 263 262 261 260
262 263 263 260 259 258 258 257 256 255 253 251 247 242 241 245 248 247 246 254 260 252 238 236 237 240 245 249 251 254 259 264 268 273 278 282 284 284 285 287 292 296 297 299 298 288 278 273 270 267 263 261 260 260 261 260 260 261 260 261 264 267 267 266 268 271 273 273 271 270 270 272 272 271 270 270 270 270 270 270 270 270 270 269 269 268 267 266 265 264 264 262 261 260
263 263 262 260 258 258 258 257 256 255 254 253 250 250 251 252 251 250 250 255 250 235 234 238 239 240 245 250 253 258 262 264 267 271 276 282 288 290 289 289 293 299 301 303 304 298 286 277 271 267 265 263 263 262 261 261 261 261 260 261 262 265 265 265 266 267 269 268 267 266 268 272 274 274 272 272 272 272 272 272 272 272 271 271 270 269 268 267 266 265 264 263 262 261
262 262 260 259 259 258 258 257 256 256 257 258 259 263 266 265 260 256 255 252 241 233 235 238 237 239 244 249 254 260 264 265 267 270 275 280 287 292 292 292 295 301 304 306 308 306 296 285 276 270 267 266 265 265 264 262 261 260 261 262 262 262 263 265 265 264 264 264 263 263 264 267 271 274 274 274 275 275 275 274 274 274 273 272 271 270 269 268 267 266 265 264 263 262
263 262 259 257 257 258 258 256 256 257 259 262 266 269 270 270 265 259 254 247 240 237 238 236 236 239 244 248 253 259 263 266 269 271 273 278 286 293 296 298 299 303 306 309 312 312 305 295 285 276 271 269 266 265 265 265 262 260 260 261 261 261 263 265 264 263 263 262 261 261 261 260 262 268 272 274 277 278 277 277 278 278 276 275 273 272 270 269 268 267 266 265 264 262
262 261 257 255 255 256 256 255 255 257 260 263 266 267 268 267 262 257 250 243 240 242 241 236 236 239 242 245 251 258 264 269 271 269 270 278 288 295 299 302 303 305 307 310 314 316 314 305 296 286 277 272 268 264 263 264 264 262 261 260 260 261 262 263 264 263 262 262 260 258 258 258 258 261 267 272 276 277 277 278 282 284 281 278 275 274 272 270 269 268 267 266 264 263
261 259 255 254 254 254 255 255 255 257 258 260 259 258 259 260 259 255 248 241 240 245 245 238 235 237 239 241 247 258 265 270 269 263 269 281 291 296 298 301 306 307 308 311 316 320 321 316 307 296 285 277 272 267 263 261 262 263 262 260 259 261 263 263 263 262 261 260 260 257 256 258 259 261 263 267 271 274 277 278 281 286 286 282 279 276 273 272 270 269 268 266 265 264
261 257 253 253 254 254 255 255 255 255 255 254 251 249 251 255 255 251 245 242 245 249 249 241 234 235 239 238 244 256 265 267 266 261 272 285 292 293 294 300 308 310 309 313 318 321 325 324 317 305 292 282 277 272 267 262 260 261 261 260 259 260 263 263 262 261 259 259 259 258 255 256 260 262 263 264 268 272 276 276 276 281 288 288 283 278 275 273 272 270 269 267 266 265
260 257 255 256 257 258 256 254 253 252 251 249 246 245 249 254 255 246 238 241 249 255 253 245 237 236 238 238 245 256 262 263 262 262 272 284 289 290 296 302 306 306 308 315 320 322 327 331 326 314 300 288 280 276 271 266 262 261 262 261 258 258 260 260 259 260 260 259 258 258 256 256 259 262 264 264 266 269 272 274 274 276 283 290 288 282 278 275 273 271 269 269 268 267
261 260 261 262 262 260 257 253 251 249 248 248 245 246 251 257 257 240 231 239 250 258 258 251 245 241 239 239 246 255 261 261 260 261 271 281 287 293 299 303 300 299 305 315 320 322 328 336 334 324 311 297 285 277 273 270 265 262 262 262 260 258 256 255 256 258 260 262 260 257 257 258 260 261 263 264 265 265 267 271 273 275 279 285 289 286 281 277 274 271 270 270 270 269
263 264 264 263 261 258 254 252 250 248 247 249 250 251 255 260 258 235 227 237 247 258 265 259 251 250 248 245 246 250 257 262 260 261 270 281 290 297 302 302 300 298 300 309 318 322 328 337 338 332 321 306 291 280 275 272 268 264 263 262 262 259 256 253 254 255 257 260 261 260 260 261 261 260 261 262 263 262 263 267 272 274 277 280 285 285 282 278 274 272 271 271 272 272
266 266 264 261 258 255 253 251 250 247 245 249 255 256 258 262 260 233 226 235 242 252 263 263 253 257 262 261 254 248 250 257 261 265 275 285 292 298 302 301 300 294 291 300 316 324 329 334 338 337 329 319 302 286 278 274 270 266 263 262 261 259 256 255 254 254 254 255 258 262 263 263 262 260 260 261 262 261 261 264 269 273 276 278 281 281 278 275 273 271 273 275 276 274
266 265 262 259 258 257 254 251 249 245 244 250 256 258 258 262 263 243 232 236 239 246 254 258 256 263 270 273 268 256 249 252 260 271 280 287 291 292 295 295 292 285 287 297 312 325 328 330 335 339 337 332 316 294 282 277 273 268 263 261 260 258 256 257 257 254 253 252 254 258 261 262 263 261 259 260 261 263 262 261 264 270 274 275 277 277 272 269 268 269 276 281 280 275
262 261 260 259 258 256 256 254 249 245 248 255 257 254 255 262 270 278 261 242 239 242 246 253 261 267 270 271 272 270 257 252 259 271 281 286 286 286 288 288 283 283 288 296 308 320 327 330 333 338 342 342 330 305 286 279 276 271 265 262 260 258 257 258 258 256 254 253 253 254 256 260 262 262 259 258 260 263 264 261 262 266 269 270 272 271 266 265 266 272 279 283 280 273
260 259 258 258 257 255 253 252 250 251 258 263 258 248 251 264 276 298 326 260 249 244 244 250 261 268 268 266 269 276 267 255 258 267 278 285 287 286 284 282 283 288 293 296 303 317 328 334 334 336 343 347 343 320 293 281 276 273 268 264 261 258 258 258 258 257 255 254 253 253 253 255 258 261 262 260 259 261 263 263 263 264 266 266 266 263 262 265 271 276 279 279 274 268
262 261 258 257 256 254 251 248 251 259 267 269 259 246 252 266 279 301 351 302 271 260 254 254 257 264 267 263 269 279 277 263 258 263 274 284 289 287 280 281 287 293 295 295 299 313 325 331 330 332 340 349 353 338 303 282 276 275 271 267 262 259 259 260 259 257 255 255 253 252 252 252 253 256 262 264 261 259 261 263 264 265 267 264 260 259 262 267 273 277 277 273 269 266
264 261 258 257 256 255 252 250 254 261 268 272 263 251 255 264 274 298 344 329 298 281 273 263 259 261 264 265 272 280 282 273 264 266 274 283 288 286 279 284 292 295 294 293 295 304 316 324 327 330 337 351 360 354 321 288 278 276 273 269 266 263 261 261 260 257 256 255 254 252 251 251 250 251 255 261 263 260 259 261 264 267 268 263 258 259 264 269 272 274 272 268 267 268
267 262 257 257 258 257 256 257 261 262 264 268 270 263 259 260 267 291 331 333 316 295 283 277 272 268 269 273 274 277 284 289 288 283 281 280 282 283 283 288 293 293 291 289 290 296 311 322 328 332 338 354 5 5 341 297 280 276 274 271 269 268 266 263 260 257 255 254 253 253 253 252 250 249 250 254 258 259 259 260 264 266 266 262 261 264 267 270 271 270 267 266 265 267
269 263 257 259 262 260 260 263 266 266 262 265 275 273 263 258 265 282 315 330 323 306 293 287 284 281 280 281 279 282 292 301 301 293 285 278 276 282 289 291 290 286 285 285 289 295 305 316 325 331 337 354 9 13 358 307 283 276 274 273 271 271 270 266 261 256 254 252 251 253 254 253 252 250 250 249 251 255 258 261 263 263 263 263 266 268 270 270 270 267 265 263 260 261
271 263 258 260 263 263 263 267 271 270 264 267 278 280 266 261 264 274 297 321 326 315 302 293 288 287 287 287 289 292 294 297 297 291 284 280 278 282 290 292 286 282 283 287 291 294 300 311 322 330 336 351 9 18 10 318 285 278 276 274 272 271 268 264 259 257 258 257 255 255 255 255 255 254 251 247 246 249 254 259 261 262 263 264 268 272 273 271 268 266 264 260 255 256
275 267 262 259 258 259 262 267 273 274 267 270 280 291 274 262 262 269 284 306 321 317 308 299 292 290 290 292 295 296 294 292 290 288 284 282 282 281 285 293 288 281 280 283 287 290 298 309 323 329 335 348 7 23 22 334 289 279 276 273 270 264 258 254 251 257 264 270 269 262 258 256 258 259 256 250 245 245 249 254 258 261 264 266 270 274 274 271 267 265 263 257 253 258
293 277 271 264 255 252 255 259 266 272 270 273 282 301 286 266 260 262 271 284 303 309 307 302 294 291 292 295 296 296 297 295 290 289 285 282 283 279 279 291 293 284 274 272 277 284 291 302 315 323 329 340 6 29 28 346 291 278 272 268 261 252 249 248 249 256 264 274 281 277 266 261 261 261 261 256 249 245 246 248 252 258 264 268 271 273 272 268 265 264 262 254 253 262
306 286 277 270 259 255 253 253 256 260 267 275 285 304 295 275 261 255 257 268 282 295 299 297 293 292 293 293 296 298 302 298 291 290 287 282 283 279 276 286 296 290 275 266 269 276 283 293 306 315 320 330 7 37 33 354 287 272 267 260 249 245 250 254 256 260 262 265 276 283 277 270 267 265 264 263 258 252 249 247 248 254 261 266 267 268 267 263 263 263 261 255 256 266
302 287 278 273 266 262 258 253 253 254 259 271 283 295 294 282 266 253 249 257 272 284 291 293 292 290 290 296 303 306 309 301 293 292 289 282 282 283 278 281 294 297 283 268 265 270 277 287 302 312 315 325 9 43 45 13 273 263 261 256 248 252 258 259 262 264 262 260 263 273 279 277 274 273 271 271 271 266 259 253 249 251 255 258 261 263 260 257 260 263 263 262 264 270
295 284 278 275 271 265 261 258 257 255 256 261 269 280 286 284 274 258 249 252 264 278 287 288 288 290 298 308 312 316 318 303 293 293 290 282 282 286 282 280 290 300 294 276 267 266 272 283 298 308 310 320 11 51 61 62 256 255 256 257 258 262 262 261 262 263 261 259 257 259 267 274 277 280 281 281 282 280 273 265 259 254 252 251 255 257 252 252 257 262 267 270 271 273
