windninja/windninja_output/Output_2025-10-23_0700-0750_Google earth_Fire_150m_10min/merlingen_7.5mi_point_10-23-2025_0740_150m_ang.asc
ncols	158
nrows	163
xllcorner	391686.332397
yllcorner	5160024.123721
cellsize	150.000000
NODATA_value	-32768.000000
[rows 84 to 125 of 163, columns 0 to 94 of 158]
252 249 247 248 245 242 239 236 236 235 235 235 237 240 242 242 241 243 244 244 244 243 241 238 233 231 232 232 232 233 233 233 233 235 238 242 243 242 240 237 235 233 233 234 235 236 237 240 242 241 239 238 239 241 244 245 246 247 247 247 247 247 248 247 248 248 248 248 248 248 248 248 248 249 249 250 250 249 249 244 216 197 217 242 264 268 266 262 259 258 256 252 248 244 242
253 252 251 251 250 247 242 240 242 241 239 237 238 239 240 240 241 244 245 247 249 249 247 244 240 236 236 236 236 236 234 234 233 232 235 239 241 243 244 243 240 238 238 240 242 244 246 249 252 251 248 244 242 242 244 246 248 248 249 249 249 249 249 248 248 248 248 249 249 249 249 249 249 250 250 251 251 251 250 246 226 203 240 264 270 268 263 260 257 257 255 253 249 246 244
256 255 254 255 253 249 244 242 243 244 240 238 239 238 239 240 241 244 247 250 253 253 254 255 248 237 235 237 238 238 236 236 234 232 233 234 234 237 240 243 245 243 241 241 242 244 248 251 254 255 253 250 248 246 246 248 250 250 251 251 251 250 250 250 249 249 249 249 249 250 250 250 250 251 251 252 252 252 253 253 254 273 283 276 271 267 263 260 257 255 254 252 251 249 243
259 258 257 256 252 247 242 239 241 242 240 239 240 238 238 240 239 241 245 249 251 252 255 258 248 228 228 234 236 237 237 239 238 237 237 235 233 233 235 238 241 243 243 242 242 244 248 251 252 253 254 254 252 250 250 252 253 254 254 254 253 252 251 251 251 250 250 250 250 250 251 251 251 252 252 253 253 254 257 262 280 316 312 287 272 265 262 261 258 256 256 256 256 252 245
260 260 257 253 246 240 237 236 238 240 240 240 240 236 234 234 234 238 242 245 246 245 248 249 231 213 224 231 234 235 237 239 241 243 246 246 241 238 237 237 238 240 242 243 242 244 247 249 250 250 251 253 253 252 252 253 255 258 259 258 257 255 253 252 252 251 251 251 251 251 251 252 252 252 253 254 255 257 260 267 281 308 316 298 281 268 262 259 258 260 261 262 259 254 252
261 259 254 249 244 239 237 236 235 237 240 240 237 233 232 230 231 236 240 244 244 244 246 239 213 204 220 230 234 236 238 239 240 242 245 250 250 247 245 244 243 242 242 243 244 245 246 247 249 249 250 250 251 252 251 250 252 255 261 265 262 257 254 253 252 252 252 252 252 252 252 253 253 253 254 255 257 259 262 267 276 295 308 301 289 279 269 263 262 264 265 263 257 252 250
259 256 250 247 247 244 240 235 231 232 238 238 231 229 229 228 229 232 239 246 251 250 243 226 205 203 219 229 234 237 239 240 242 242 244 247 249 250 249 247 247 246 245 246 248 248 248 248 249 250 252 252 252 252 249 247 248 252 260 267 266 259 255 254 253 253 253 253 253 253 253 254 254 254 255 256 258 260 262 266 273 285 298 298 291 286 281 274 271 271 267 257 253 252 249
255 251 243 240 240 240 235 230 226 230 236 234 225 223 222 221 223 227 236 249 256 248 230 217 205 206 220 230 235 238 240 242 245 246 246 247 247 249 251 249 246 245 246 249 250 251 251 250 250 252 255 257 258 256 251 246 248 253 256 258 259 257 255 254 254 254 254 254 254 254 254 255 255 256 256 257 258 260 262 266 271 280 290 294 292 289 286 281 277 273 265 255 256 257 255
251 246 236 232 230 228 221 213 213 221 229 227 221 220 220 221 222 224 233 242 245 227 219 214 208 212 224 232 236 240 243 245 248 248 249 249 248 249 252 252 247 244 245 249 251 253 253 253 254 256 259 262 264 262 257 253 255 257 255 252 250 252 254 255 255 255 255 255 255 255 255 256 256 256 257 258 259 261 263 266 270 275 283 290 290 288 285 281 277 269 258 257 261 261 260
251 245 236 232 230 226 218 209 205 214 221 218 210 208 209 214 215 218 233 241 234 211 210 212 211 218 228 234 238 242 245 248 251 252 251 251 251 252 253 254 250 245 244 247 250 252 254 255 256 257 260 267 269 266 266 269 267 263 258 253 250 250 253 255 256 256 256 256 256 256 257 257 257 257 258 259 260 261 263 265 268 272 277 283 286 285 283 279 273 263 258 259 262 261 260
249 245 239 237 237 235 228 216 207 216 222 218 210 206 206 214 219 225 238 239 225 211 209 212 215 224 232 236 240 242 246 251 255 256 254 254 254 255 255 254 252 247 245 245 245 248 251 254 256 257 261 266 268 264 266 272 272 267 262 258 254 253 254 256 258 258 257 257 258 258 258 258 258 258 259 259 260 261 263 264 267 269 273 276 279 280 279 276 269 263 261 261 261 260 260
246 244 241 243 244 241 235 227 222 229 234 230 226 225 226 235 237 245 245 236 223 220 218 222 226 231 235 238 239 240 245 251 255 256 256 257 257 257 257 257 256 253 249 245 242 243 246 251 255 259 261 261 257 258 262 267 270 269 265 261 258 256 257 259 259 259 259 259 259 259 259 259 259 259 259 260 261 262 263 264 266 267 270 271 273 274 274 271 268 265 263 262 260 260 259
245 246 245 245 244 239 235 233 240 254 259 251 245 244 250 256 255 258 250 228 224 229 232 238 241 240 239 240 240 242 247 251 253 254 256 259 260 260 261 261 261 261 258 252 248 245 246 250 255 259 258 253 250 252 258 263 267 268 267 264 261 259 260 261 261 261 261 261 261 260 260 260 260 260 260 261 262 262 263 264 265 266 268 269 270 270 269 268 266 264 263 262 260 259 259
244 249 249 247 245 241 237 236 242 253 259 256 255 252 257 259 262 261 247 227 225 233 242 251 252 246 241 241 244 249 254 255 253 254 256 260 263 265 265 265 265 267 267 263 259 255 254 256 258 258 254 250 250 251 255 260 264 266 267 266 265 263 263 264 263 263 263 263 262 261 261 261 261 261 261 262 262 263 263 264 265 266 267 267 267 268 267 266 265 264 262 261 260 260 259
248 253 255 254 254 249 244 242 243 246 252 259 265 267 267 267 265 257 242 231 229 236 247 254 250 237 237 243 248 253 257 257 256 256 257 261 265 269 271 271 270 271 273 270 266 264 264 263 261 257 254 252 251 251 255 258 260 263 265 266 265 266 267 268 267 266 266 265 263 262 262 262 262 262 262 263 263 263 264 264 265 265 266 266 266 266 266 265 264 263 262 261 260 260 259
253 258 259 260 262 260 258 255 252 250 252 255 259 265 268 266 260 251 240 233 232 240 249 250 236 227 235 244 249 253 256 258 260 260 261 263 267 270 274 277 277 277 278 275 269 267 266 264 259 256 255 254 252 251 254 257 258 259 263 264 263 264 266 269 271 271 270 268 265 264 263 263 263 263 263 264 264 264 265 265 265 266 266 266 266 266 265 265 264 263 262 261 260 259 259
253 257 260 261 262 261 261 261 257 254 253 252 253 259 263 260 257 253 243 236 243 253 253 242 229 230 238 244 249 253 256 259 263 266 268 269 270 270 274 280 284 283 284 282 275 269 266 263 260 257 255 255 253 253 254 255 255 257 261 263 262 261 262 265 270 273 273 271 268 265 265 264 264 265 265 265 265 265 266 266 266 266 266 266 266 265 265 264 264 263 262 261 261 260 259
255 257 260 260 259 259 259 259 258 256 254 251 249 248 250 251 250 249 244 246 258 261 250 236 233 236 241 246 249 252 256 261 266 271 275 276 275 275 276 281 288 289 288 290 283 273 268 265 262 259 257 255 254 255 255 254 254 255 257 259 261 261 261 262 266 270 272 272 270 267 266 266 266 266 266 266 266 266 267 267 267 267 267 267 266 266 265 265 264 263 262 262 261 260 259
257 259 261 259 258 258 258 258 257 255 254 251 247 242 240 243 246 244 242 251 257 250 238 236 237 240 244 248 250 254 258 263 267 272 277 281 283 283 282 284 289 293 293 295 293 282 272 267 264 261 258 256 255 255 256 255 255 255 255 255 259 261 262 262 263 267 269 269 268 267 267 269 269 268 268 267 268 268 268 268 268 268 268 268 267 267 266 265 264 264 263 262 261 260 259
258 258 259 258 257 257 257 257 256 255 254 252 250 248 249 249 249 247 247 252 248 235 234 238 239 240 245 250 253 257 261 263 266 270 275 281 287 289 288 287 291 297 299 300 301 294 281 271 265 261 259 258 257 256 256 255 256 256 255 255 257 259 260 260 262 263 264 264 263 263 266 270 272 271 270 270 270 270 270 270 270 270 269 269 268 268 267 266 265 264 263 263 262 261 260
257 257 257 257 257 257 257 256 256 256 257 257 258 262 265 264 259 254 254 252 241 233 236 238 237 239 244 249 253 259 263 264 266 269 273 279 287 291 292 291 294 299 303 305 306 303 291 279 269 263 261 260 259 259 259 256 255 255 256 257 257 257 258 260 260 260 260 260 259 259 261 264 269 272 272 272 273 274 273 273 272 272 272 271 270 269 268 267 266 265 264 263 262 261 260
258 257 256 255 256 257 257 256 255 257 259 262 266 269 270 270 265 259 254 248 240 238 238 237 236 238 243 247 251 258 262 265 268 269 271 277 285 292 296 297 298 302 305 308 311 311 302 290 278 269 265 262 260 259 260 259 257 255 255 256 256 256 258 260 260 259 258 257 256 257 258 257 260 266 270 273 276 277 276 276 277 276 275 273 272 270 269 268 267 266 265 264 263 262 261
258 256 254 253 253 254 255 255 254 256 259 262 265 266 267 266 262 258 251 243 240 242 241 235 235 238 241 244 250 256 262 267 269 267 268 276 286 294 299 301 302 304 306 309 314 316 312 301 290 279 270 265 261 258 257 258 258 257 256 255 255 256 257 259 259 259 258 257 254 254 255 255 256 259 264 270 274 276 275 277 281 283 280 276 274 272 271 269 268 267 266 265 264 263 262
256 254 251 251 252 252 253 253 253 254 255 257 256 255 258 260 258 255 248 241 240 244 244 237 234 235 238 240 246 256 263 268 267 261 267 279 289 295 296 300 305 307 307 310 316 320 321 313 302 290 278 270 265 260 257 256 256 257 256 255 254 256 258 258 258 258 256 256 255 253 253 254 256 258 261 265 269 272 275 276 280 285 285 281 277 274 272 271 269 268 267 266 265 264 263
255 253 249 250 251 251 251 251 251 251 251 251 249 247 250 253 254 251 245 242 244 248 248 239 232 234 237 236 242 254 262 265 263 258 270 283 290 291 292 299 307 309 308 312 318 321 326 324 314 300 285 276 270 266 260 256 255 255 256 255 254 255 258 258 257 256 255 254 254 253 252 253 257 259 260 262 265 270 274 274 274 280 287 287 282 277 274 272 271 269 268 267 266 265 265
254 252 250 252 252 252 251 249 249 249 248 247 244 244 248 252 253 244 237 240 248 253 251 243 235 234 236 235 243 254 259 260 259 259 270 282 286 287 294 300 304 304 307 314 320 322 327 332 326 311 294 281 273 269 265 260 256 255 256 255 253 254 255 255 255 256 256 255 254 253 252 253 256 260 261 262 263 266 270 272 272 274 282 289 287 282 277 274 272 270 269 268 268 267 266
254 254 255 257 257 256 253 250 249 247 247 246 244 244 249 255 254 237 229 237 248 257 256 248 242 237 236 236 243 253 258 258 256 258 269 279 284 290 297 300 297 296 304 314 321 323 329 337 335 322 306 290 277 269 266 263 259 256 257 257 254 253 252 251 252 254 257 258 255 252 252 255 257 258 260 262 262 263 265 269 272 273 277 284 288 286 280 276 273 271 270 270 270 269 268
255 257 258 259 257 255 252 250 249 246 246 247 248 248 252 257 254 230 224 234 244 256 262 255 247 245 244 240 242 247 254 258 256 257 268 279 287 293 299 297 296 294 297 308 318 323 329 339 341 333 318 301 283 272 268 265 261 258 258 257 256 254 251 249 249 251 253 256 257 255 256 257 258 257 258 260 261 260 262 266 270 273 276 279 284 285 282 278 274 272 271 271 272 272 271
259 260 259 257 255 252 250 248 248 245 243 247 252 253 255 258 255 226 220 231 239 249 259 257 248 253 258 257 249 245 247 254 258 262 273 282 288 294 297 295 295 290 288 298 315 325 330 336 341 340 329 315 294 278 271 267 263 259 257 256 256 254 252 250 250 249 250 251 254 257 259 259 259 258 258 259 259 259 259 262 267 272 275 277 280 280 277 275 273 271 273 276 276 275 272
259 259 258 255 254 254 251 248 246 242 241 247 252 253 254 258 257 229 220 229 235 243 250 253 250 259 266 269 264 252 246 249 257 268 278 285 287 287 289 289 286 280 283 294 310 325 329 331 338 342 339 332 310 286 274 269 266 261 258 256 255 253 252 253 252 250 249 248 250 253 256 259 260 258 257 257 259 260 260 259 262 268 272 274 276 276 271 269 268 269 276 282 281 276 272
256 255 255 255 254 253 252 250 246 242 245 251 253 249 251 259 263 253 222 230 233 238 243 249 255 261 264 266 268 265 253 249 256 268 278 284 283 282 282 281 275 277 284 292 304 318 327 331 335 341 345 345 328 297 278 271 268 264 259 256 255 252 252 253 253 251 249 248 249 250 252 256 259 259 256 256 258 261 261 259 260 264 267 269 270 269 265 264 266 272 279 283 281 274 268
252 253 253 253 252 250 249 248 246 248 254 258 253 243 247 260 270 278 246 240 240 238 239 245 255 261 261 259 264 270 261 251 255 265 275 282 283 281 278 274 275 282 288 291 299 313 327 334 334 338 346 351 345 315 284 272 268 266 262 259 255 252 253 254 253 252 250 249 249 249 249 252 255 258 260 258 257 259 261 261 261 263 264 264 264 261 260 264 270 276 279 279 275 268 265
251 253 253 252 251 250 246 244 247 254 263 264 253 240 247 262 273 284 350 276 257 249 244 246 250 257 259 256 263 272 268 256 254 260 272 281 285 281 273 274 280 287 290 289 294 308 323 330 329 332 343 353 357 338 294 274 268 267 265 261 257 253 254 255 255 252 251 250 249 248 248 248 249 253 259 261 259 257 259 261 262 264 265 262 258 257 260 266 272 276 277 273 269 266 268
252 253 252 252 252 251 247 245 249 256 263 266 254 243 251 260 269 284 342 322 283 268 261 254 250 252 254 256 265 273 274 266 258 262 270 279 282 277 271 277 285 288 287 286 288 297 311 321 326 329 338 355 5 358 313 278 270 268 266 263 260 256 255 256 255 252 251 251 250 248 247 247 247 248 252 259 261 258 257 259 263 266 266 261 256 257 263 268 271 273 272 268 267 268 271
254 253 251 252 253 252 250 251 255 257 259 262 260 254 254 256 263 282 327 333 310 286 274 268 263 258 258 262 265 268 275 281 281 278 275 273 273 271 272 279 284 284 282 282 282 289 304 318 325 330 337 357 12 12 340 286 272 268 267 265 263 261 260 258 255 251 250 249 249 249 249 248 246 246 248 252 256 257 257 258 262 265 264 261 260 262 265 269 270 269 267 265 265 267 270
254 252 251 254 256 254 254 257 261 261 258 260 265 264 257 255 261 276 310 330 323 303 288 281 278 274 272 272 270 273 283 294 296 288 280 271 267 269 276 279 277 274 274 276 280 286 296 309 320 328 336 357 16 21 2 296 274 269 267 266 266 265 264 261 255 251 249 247 247 249 250 249 248 247 247 247 248 252 256 259 261 262 262 261 264 267 268 269 269 267 265 263 260 261 266
252 251 250 254 258 257 258 262 266 265 260 263 270 270 259 256 261 270 291 320 327 316 301 290 285 284 283 283 284 287 288 291 292 286 280 275 271 272 279 278 271 268 270 276 280 283 289 301 315 325 332 352 17 27 19 306 276 271 269 267 267 265 263 260 255 254 255 253 251 251 251 251 251 251 248 245 244 247 252 257 260 261 262 263 267 271 272 270 267 265 263 260 255 256 265
249 251 252 252 251 252 256 262 268 269 262 266 274 280 264 256 259 265 278 301 321 318 308 298 291 288 288 289 292 293 291 288 286 284 280 277 277 275 276 281 275 268 269 273 276 279 286 297 312 320 328 347 14 33 34 324 279 272 269 267 265 259 254 251 249 255 263 268 266 259 254 253 254 255 252 247 243 243 247 252 256 260 262 265 269 272 272 270 266 264 262 257 253 258 268
249 255 257 253 246 244 247 253 261 266 265 269 278 292 276 260 256 259 266 278 300 309 308 303 294 290 291 293 294 294 295 292 287 286 282 278 278 273 272 283 283 274 266 264 269 276 282 290 300 308 317 334 12 42 42 342 280 270 265 262 257 249 247 247 247 254 262 272 280 274 263 258 258 258 257 252 246 243 244 246 250 257 262 266 269 271 270 266 264 264 261 254 253 263 273
262 264 264 258 249 246 246 247 251 255 262 272 281 296 288 269 258 253 254 264 279 293 299 298 294 293 293 293 296 297 300 296 289 287 284 279 278 274 270 278 287 281 267 260 262 269 275 282 291 297 304 318 15 53 50 356 275 265 262 256 247 243 248 251 253 257 259 263 274 282 276 268 264 262 261 260 255 250 246 245 246 252 259 264 265 266 265 261 261 262 260 254 256 266 276
267 268 266 261 255 253 250 247 248 249 255 267 279 288 288 278 263 250 247 255 270 281 289 292 292 290 291 296 302 305 307 298 290 289 286 279 278 279 273 274 286 287 274 262 260 263 269 276 286 293 296 306 21 63 68 63 257 257 257 253 245 249 254 255 258 261 259 257 260 271 278 276 273 271 269 269 268 263 256 250 247 249 253 256 259 261 258 255 259 262 262 261 264 270 277
264 265 264 262 258 256 253 251 251 249 250 257 266 274 282 281 271 255 246 250 261 276 285 287 287 290 297 307 311 315 315 300 291 290 287 280 278 282 277 274 282 291 285 269 262 261 265 272 282 289 289 291 34 80 88 127 236 247 251 251 253 257 257 256 258 260 259 256 254 256 265 273 277 280 280 279 280 278 271 263 256 253 250 249 253 255 250 250 256 261 266 269 270 274 276
