windninja/windninja_output/Output_2025-10-23_0700-0750_Google earth_Fire_150m_10min/merlingen_7.5mi_point_10-23-2025_0730_150m_vel.asc
ncols	158
nrows	163
xllcorner	391686.332397
yllcorner	5160024.123721
cellsize	150.000000
NODATA_value	-32768.000000
[rows 76 to 113 of 163, columns 0 to 83 of 158]
5.59 4.82 3.53 2.58 1.93 1.58 1.33 1.22 1.28 1.39 1.52 1.65 1.77 1.89 1.99 2.09 2.18 2.26 2.32 2.34 2.34 2.32 2.34 2.39 2.39 2.33 2.27 2.28 2.40 2.57 2.65 2.60 2.46 2.31 2.17 2.05 1.98 1.94 1.90 1.85 1.81 1.79 1.77 1.73 1.70 1.66 1.62 1.59 1.55 1.52 1.48 1.45 1.42 1.38 1.35 1.32 1.29 1.25 1.22 1.18 1.15 1.11 1.08 1.04 1.01 0.97 0.93 0.89 0.85 0.81 0.77 0.73 0.67 0.60 0.54 0.54 0.59 0.67 0.78 0.84 0.89 0.96 1.08 1.08
6.36 5.50 4.12 3.07 2.20 1.56 1.12 0.91 0.95 1.15 1.39 1.60 1.74 1.85 1.92 1.98 2.04 2.11 2.18 2.21 2.24 2.27 2.30 2.34 2.34 2.26 2.16 2.11 2.12 2.20 2.35 2.41 2.35 2.31 2.28 2.14 2.03 1.93 1.83 1.78 1.76 1.74 1.72 1.69 1.66 1.62 1.59 1.56 1.52 1.49 1.46 1.43 1.40 1.38 1.35 1.32 1.29 1.26 1.23 1.20 1.17 1.14 1.11 1.08 1.04 1.01 0.97 0.94 0.90 0.86 0.83 0.78 0.73 0.67 0.59 0.53 0.52 0.56 0.64 0.75 0.85 0.91 1.01 1.07
7.30 6.05 4.56 3.86 2.80 1.67 0.92 0.55 0.75 1.10 1.40 1.61 1.75 1.86 1.90 1.94 2.00 2.05 2.09 2.13 2.15 2.18 2.21 2.23 2.28 2.32 2.26 2.12 2.03 2.03 2.16 2.38 2.51 2.53 2.51 2.40 2.20 2.02 1.85 1.73 1.69 1.69 1.68 1.65 1.62 1.59 1.56 1.52 1.48 1.45 1.42 1.40 1.38 1.36 1.34 1.32 1.30 1.27 1.24 1.21 1.19 1.16 1.14 1.11 1.08 1.04 1.01 0.98 0.94 0.91 0.87 0.82 0.78 0.73 0.66 0.58 0.52 0.50 0.54 0.65 0.83 0.90 0.99 1.12
8.09 6.66 4.99 4.90 3.50 1.72 0.61 0.51 0.93 1.26 1.51 1.69 1.83 1.91 1.94 1.96 1.99 2.01 2.01 2.03 2.06 2.09 2.09 2.10 2.16 2.29 2.38 2.32 2.19 2.10 2.14 2.33 2.50 2.52 2.46 2.42 2.33 2.17 1.98 1.76 1.62 1.59 1.59 1.59 1.57 1.54 1.50 1.46 1.43 1.40 1.38 1.37 1.35 1.34 1.33 1.31 1.29 1.28 1.26 1.24 1.21 1.18 1.16 1.13 1.10 1.07 1.04 1.01 0.98 0.94 0.90 0.86 0.82 0.78 0.73 0.66 0.57 0.50 0.48 0.58 0.77 0.89 1.02 1.17
7.91 6.90 5.73 5.20 4.53 3.48 2.09 1.86 1.83 1.74 1.77 1.87 1.93 1.94 1.95 1.96 1.95 1.93 1.91 1.93 1.97 2.00 2.00 2.00 2.05 2.14 2.26 2.34 2.29 2.18 2.13 2.21 2.38 2.56 2.61 2.50 2.37 2.30 2.21 1.99 1.71 1.54 1.50 1.48 1.45 1.43 1.41 1.38 1.33 1.29 1.28 1.30 1.31 1.32 1.32 1.31 1.30 1.28 1.26 1.24 1.22 1.20 1.18 1.16 1.13 1.11 1.08 1.05 1.01 0.98 0.94 0.90 0.86 0.83 0.78 0.72 0.63 0.54 0.49 0.55 0.73 0.89 1.01 1.11
7.20 6.15 4.83 4.51 4.51 4.50 4.20 3.63 3.05 2.56 2.24 2.10 2.05 2.00 1.93 1.88 1.86 1.83 1.81 1.82 1.86 1.90 1.93 1.95 1.96 1.99 2.05 2.13 2.20 2.19 2.14 2.15 2.24 2.41 2.61 2.66 2.50 2.35 2.31 2.24 2.03 1.76 1.59 1.45 1.33 1.26 1.22 1.22 1.18 1.11 1.08 1.15 1.23 1.28 1.30 1.31 1.30 1.29 1.28 1.25 1.23 1.21 1.19 1.17 1.15 1.13 1.10 1.08 1.05 1.01 0.98 0.94 0.90 0.86 0.82 0.76 0.69 0.60 0.55 0.57 0.68 0.84 0.96 1.03
7.08 5.55 4.02 3.96 4.01 4.28 4.33 4.06 3.54 3.03 2.58 2.27 2.11 2.03 1.95 1.84 1.77 1.74 1.71 1.70 1.73 1.78 1.84 1.87 1.88 1.89 1.93 2.00 2.09 2.12 2.05 1.94 1.88 1.89 2.09 2.37 2.49 2.38 2.29 2.28 2.25 2.12 1.95 1.83 1.69 1.56 1.47 1.44 1.45 1.32 1.14 1.08 1.12 1.20 1.27 1.29 1.29 1.29 1.28 1.26 1.25 1.23 1.21 1.20 1.18 1.15 1.13 1.11 1.08 1.05 1.01 0.97 0.93 0.89 0.85 0.80 0.74 0.66 0.59 0.57 0.60 0.72 0.90 1.00
6.28 5.30 4.58 4.53 4.28 4.00 3.78 3.59 3.32 2.89 2.48 2.23 2.07 1.97 1.87 1.77 1.70 1.65 1.60 1.56 1.57 1.63 1.69 1.72 1.77 1.88 1.97 2.00 2.03 2.04 1.99 1.89 1.78 1.71 1.73 1.86 2.07 2.19 2.19 2.16 2.15 2.16 2.18 2.20 2.20 2.16 2.08 2.01 1.99 1.94 1.76 1.48 1.27 1.22 1.27 1.30 1.30 1.30 1.28 1.27 1.25 1.24 1.22 1.21 1.19 1.18 1.16 1.13 1.11 1.08 1.04 1.00 0.96 0.92 0.88 0.83 0.77 0.70 0.62 0.55 0.54 0.61 0.81 0.97
5.42 5.11 4.66 4.55 4.44 4.03 3.49 3.09 2.89 2.60 2.31 2.13 2.05 1.98 1.87 1.75 1.68 1.64 1.55 1.48 1.45 1.46 1.53 1.60 1.65 1.75 1.88 1.94 1.96 1.98 2.00 1.99 1.93 1.88 1.81 1.77 1.80 1.86 1.92 1.95 1.96 1.96 1.98 1.97 1.98 1.98 1.95 1.88 1.84 1.87 1.90 1.80 1.60 1.39 1.30 1.30 1.31 1.31 1.29 1.28 1.26 1.25 1.24 1.22 1.21 1.19 1.18 1.16 1.13 1.11 1.07 1.04 0.99 0.95 0.91 0.87 0.81 0.73 0.65 0.56 0.52 0.55 0.67 0.83
4.65 4.54 4.23 4.11 4.19 3.89 3.26 2.90 2.74 2.47 2.24 2.12 2.06 2.02 2.00 1.92 1.78 1.68 1.57 1.45 1.34 1.27 1.29 1.41 1.48 1.50 1.59 1.73 1.80 1.86 1.93 1.98 1.99 2.04 2.09 2.04 1.96 1.88 1.80 1.76 1.77 1.79 1.79 1.76 1.72 1.69 1.66 1.60 1.51 1.46 1.50 1.58 1.59 1.48 1.36 1.32 1.32 1.30 1.29 1.28 1.27 1.25 1.24 1.24 1.23 1.22 1.20 1.18 1.16 1.13 1.10 1.07 1.03 0.98 0.94 0.90 0.84 0.77 0.69 0.60 0.53 0.53 0.56 0.71
4.89 4.67 4.16 3.93 4.01 3.83 3.25 2.95 2.81 2.48 2.23 2.17 2.10 2.04 2.07 2.02 1.91 1.77 1.60 1.43 1.24 1.11 1.03 1.04 1.19 1.39 1.52 1.65 1.74 1.76 1.80 1.88 1.93 2.03 2.25 2.38 2.38 2.32 2.14 1.87 1.66 1.62 1.70 1.78 1.79 1.75 1.72 1.68 1.55 1.38 1.31 1.34 1.42 1.43 1.37 1.32 1.31 1.30 1.29 1.27 1.26 1.25 1.25 1.24 1.24 1.23 1.22 1.21 1.19 1.16 1.13 1.10 1.06 1.02 0.97 0.93 0.87 0.80 0.72 0.61 0.50 0.46 0.47 0.71
5.82 5.12 4.28 3.95 3.84 3.86 3.50 3.19 3.10 2.78 2.34 2.18 2.10 2.02 2.08 2.09 2.04 1.99 1.83 1.62 1.37 1.15 1.04 1.03 1.25 1.53 1.72 1.80 1.85 1.84 1.78 1.78 1.78 1.77 1.92 2.21 2.44 2.61 2.64 2.45 2.04 1.70 1.62 1.72 1.83 1.86 1.85 1.82 1.72 1.51 1.32 1.25 1.28 1.35 1.35 1.31 1.28 1.27 1.26 1.25 1.25 1.24 1.25 1.25 1.26 1.25 1.24 1.23 1.21 1.19 1.16 1.13 1.09 1.05 1.01 0.96 0.91 0.83 0.74 0.61 0.44 0.31 0.30 0.55
6.77 5.59 4.36 4.00 3.73 3.88 3.95 3.73 3.49 3.18 2.60 2.25 2.15 2.09 2.21 2.34 2.31 2.26 2.14 1.95 1.70 1.52 1.58 1.69 1.75 1.76 1.81 1.88 1.93 1.96 1.91 1.84 1.77 1.65 1.57 1.63 1.85 2.20 2.55 2.69 2.53 2.15 1.78 1.70 1.83 1.98 2.04 2.00 1.91 1.75 1.54 1.34 1.25 1.30 1.37 1.36 1.33 1.27 1.22 1.19 1.19 1.21 1.24 1.26 1.27 1.27 1.26 1.25 1.24 1.22 1.19 1.16 1.12 1.09 1.04 0.99 0.94 0.87 0.78 0.66 0.49 0.29 0.23 0.47
6.91 5.87 4.53 4.10 3.80 3.73 3.95 4.04 3.85 3.66 3.17 2.53 2.30 2.25 2.29 2.38 2.49 2.52 2.43 2.27 2.02 2.01 2.16 2.16 2.01 1.89 1.86 1.91 1.95 1.99 2.00 1.96 1.90 1.83 1.73 1.57 1.48 1.63 2.01 2.38 2.48 2.33 2.03 1.77 1.76 1.94 2.13 2.20 2.07 1.90 1.76 1.57 1.40 1.37 1.43 1.50 1.52 1.45 1.30 1.13 1.07 1.14 1.22 1.26 1.28 1.29 1.29 1.28 1.26 1.24 1.22 1.19 1.16 1.12 1.08 1.03 0.98 0.91 0.84 0.73 0.59 0.41 0.33 0.49
6.43 5.71 4.75 4.23 3.78 3.42 3.50 3.87 4.07 4.17 3.84 2.97 2.52 2.46 2.41 2.40 2.62 2.87 2.88 2.55 2.20 2.26 2.37 2.30 2.11 1.99 1.95 1.97 2.00 2.02 2.02 2.01 1.96 1.92 1.94 1.85 1.61 1.51 1.72 2.16 2.40 2.30 2.10 1.85 1.73 1.80 2.02 2.25 2.25 2.04 1.83 1.67 1.51 1.42 1.44 1.58 1.69 1.72 1.59 1.21 0.97 1.05 1.19 1.26 1.30 1.31 1.31 1.30 1.29 1.27 1.25 1.23 1.19 1.16 1.12 1.08 1.03 0.97 0.90 0.81 0.70 0.55 0.46 0.55
6.01 5.54 5.08 4.85 4.41 3.72 3.42 3.73 4.23 4.61 4.42 3.62 3.07 2.93 2.88 2.92 3.02 3.22 3.34 2.95 2.34 2.31 2.40 2.41 2.23 2.09 2.04 2.04 2.06 2.07 2.06 2.05 1.99 1.91 1.94 2.00 1.88 1.68 1.63 1.93 2.38 2.46 2.25 1.98 1.77 1.74 1.89 2.14 2.31 2.22 1.93 1.69 1.50 1.36 1.33 1.53 1.77 1.90 1.92 1.56 1.09 1.03 1.17 1.27 1.32 1.34 1.34 1.33 1.32 1.30 1.28 1.26 1.23 1.20 1.16 1.12 1.07 1.02 0.96 0.89 0.80 0.69 0.59 0.62
5.43 5.24 5.27 5.54 5.61 5.15 4.74 4.99 5.53 6.03 5.58 4.44 3.76 3.44 3.23 3.19 3.27 3.59 4.05 4.05 3.16 2.38 2.22 2.32 2.19 2.10 2.09 2.10 2.10 2.10 2.09 2.09 2.05 1.94 1.92 1.99 1.99 1.89 1.72 1.70 2.08 2.52 2.57 2.26 1.92 1.76 1.82 2.03 2.27 2.32 2.08 1.75 1.48 1.27 1.13 1.30 1.69 1.89 2.00 1.86 1.42 1.15 1.18 1.28 1.34 1.36 1.37 1.36 1.35 1.33 1.32 1.29 1.27 1.24 1.20 1.17 1.12 1.07 1.02 0.97 0.90 0.82 0.73 0.70
4.61 4.58 4.77 5.22 5.65 5.77 5.74 5.91 6.30 6.93 7.18 6.47 5.73 5.52 5.34 5.08 4.77 4.80 4.83 4.76 4.21 2.70 2.35 2.29 2.19 2.13 2.13 2.16 2.17 2.18 2.16 2.17 2.10 1.94 1.89 1.97 1.99 1.96 1.87 1.70 1.73 2.22 2.73 2.66 2.21 1.93 1.86 2.00 2.27 2.41 2.32 1.92 1.44 1.22 1.04 1.04 1.45 1.73 1.84 1.86 1.62 1.31 1.24 1.31 1.36 1.39 1.40 1.39 1.38 1.37 1.35 1.33 1.30 1.28 1.25 1.21 1.18 1.13 1.08 1.04 0.98 0.93 0.87 0.82
3.89 3.99 4.15 4.39 4.69 4.74 4.69 4.52 4.41 5.30 6.69 7.13 6.98 6.81 6.73 6.45 6.04 5.63 5.37 5.19 4.45 3.63 3.08 2.63 2.34 2.21 2.17 2.22 2.27 2.31 2.31 2.32 2.21 1.95 1.85 1.94 2.02 2.00 1.94 1.80 1.62 1.82 2.52 2.94 2.67 2.33 2.13 2.12 2.33 2.51 2.61 2.23 1.42 1.23 1.20 1.14 1.36 1.58 1.66 1.71 1.63 1.40 1.31 1.35 1.39 1.41 1.42 1.42 1.41 1.40 1.38 1.36 1.34 1.31 1.29 1.26 1.23 1.19 1.15 1.11 1.06 1.02 0.97 0.95
3.16 3.50 3.84 3.93 4.14 3.98 3.56 2.95 2.44 2.99 4.14 4.96 4.86 4.16 4.04 4.40 5.12 5.40 5.84 5.29 4.41 4.21 3.55 2.84 2.36 2.20 2.19 2.27 2.34 2.47 2.59 2.61 2.46 2.12 1.88 1.93 2.03 2.04 1.98 1.85 1.61 1.52 2.02 2.74 2.97 2.85 2.63 2.49 2.53 2.65 2.79 2.50 1.69 1.38 1.43 1.39 1.42 1.52 1.55 1.60 1.60 1.43 1.36 1.39 1.41 1.43 1.45 1.46 1.45 1.42 1.41 1.39 1.37 1.35 1.33 1.31 1.27 1.24 1.20 1.16 1.13 1.09 1.06 1.04
2.33 2.97 3.62 3.82 4.15 4.09 3.55 2.68 1.91 1.77 2.38 3.07 3.07 2.94 3.04 3.74 4.38 5.49 6.22 4.90 4.21 4.39 3.87 2.99 2.28 2.03 2.08 2.24 2.34 2.47 2.73 2.87 2.76 2.41 2.05 1.99 2.06 2.07 2.02 1.90 1.65 1.38 1.55 2.15 2.64 2.86 2.91 2.87 2.85 2.89 2.87 2.68 2.14 1.67 1.65 1.65 1.56 1.55 1.52 1.52 1.54 1.45 1.41 1.43 1.43 1.44 1.47 1.49 1.48 1.45 1.43 1.42 1.41 1.39 1.38 1.35 1.32 1.29 1.26 1.22 1.19 1.15 1.13 1.10
1.87 2.53 3.35 3.60 4.03 4.23 3.92 3.23 2.46 2.02 2.15 2.18 2.16 2.67 3.12 3.83 4.49 5.59 6.31 5.34 4.60 4.57 4.47 3.41 2.24 1.85 1.97 2.19 2.33 2.42 2.65 2.86 2.88 2.67 2.32 2.13 2.13 2.12 2.05 1.93 1.74 1.43 1.33 1.73 2.18 2.41 2.69 2.91 3.00 2.99 2.86 2.77 2.47 1.99 1.88 1.90 1.78 1.64 1.55 1.52 1.48 1.46 1.45 1.45 1.45 1.46 1.49 1.51 1.50 1.48 1.46 1.46 1.45 1.43 1.42 1.39 1.37 1.34 1.31 1.27 1.24 1.21 1.18 1.16
1.45 2.05 3.01 3.16 3.53 3.92 3.88 3.62 3.21 2.69 2.35 2.04 1.93 2.33 3.17 3.99 4.73 5.32 5.02 5.19 5.17 5.04 5.08 3.87 2.37 1.96 2.11 2.25 2.39 2.58 2.75 2.82 2.87 2.82 2.58 2.39 2.32 2.25 2.09 1.93 1.81 1.55 1.33 1.56 1.97 2.19 2.48 2.86 3.01 2.96 2.80 2.75 2.62 2.28 2.09 2.10 2.03 1.83 1.65 1.58 1.50 1.49 1.51 1.47 1.44 1.47 1.50 1.51 1.52 1.50 1.49 1.49 1.49 1.47 1.46 1.44 1.41 1.38 1.35 1.32 1.29 1.26 1.23 1.20
1.24 1.93 2.83 2.98 3.15 3.25 3.25 3.43 3.40 3.04 2.76 2.43 2.12 2.31 3.17 4.27 4.87 4.55 4.09 4.36 5.02 5.46 5.39 4.47 3.05 2.57 2.50 2.49 2.56 2.78 2.95 2.92 2.90 2.88 2.74 2.63 2.57 2.48 2.25 1.98 1.83 1.65 1.41 1.44 1.85 2.22 2.50 2.79 2.94 2.93 2.86 2.74 2.66 2.55 2.35 2.24 2.20 2.09 1.84 1.65 1.58 1.60 1.63 1.56 1.49 1.47 1.48 1.49 1.51 1.52 1.52 1.53 1.52 1.51 1.50 1.48 1.46 1.43 1.40 1.37 1.33 1.30 1.27 1.24
1.83 2.32 2.98 3.16 3.17 3.11 3.10 3.24 3.29 3.09 3.01 2.73 2.42 2.57 3.14 4.13 4.80 4.24 3.62 3.81 4.50 5.24 5.31 4.37 3.46 3.06 2.90 2.82 2.79 2.95 3.16 3.17 3.08 2.99 2.85 2.75 2.72 2.69 2.56 2.20 1.87 1.72 1.49 1.36 1.69 2.20 2.51 2.68 2.81 2.88 2.93 2.79 2.64 2.67 2.62 2.45 2.32 2.33 2.12 1.74 1.63 1.71 1.80 1.76 1.65 1.52 1.47 1.45 1.47 1.52 1.55 1.57 1.56 1.56 1.54 1.53 1.50 1.47 1.44 1.41 1.38 1.34 1.31 1.27
2.50 2.78 3.24 3.38 3.26 3.20 3.22 3.25 3.22 3.11 3.06 2.86 2.62 2.82 3.33 4.03 4.71 4.32 3.54 3.98 4.76 5.08 4.87 4.33 3.74 3.33 3.18 3.12 3.04 3.14 3.40 3.51 3.42 3.25 3.03 2.83 2.77 2.82 2.86 2.52 1.98 1.76 1.58 1.39 1.53 2.01 2.44 2.60 2.66 2.77 2.90 2.87 2.72 2.69 2.73 2.61 2.46 2.53 2.41 1.98 1.71 1.73 1.89 1.98 1.89 1.67 1.52 1.44 1.42 1.50 1.58 1.61 1.60 1.59 1.58 1.57 1.55 1.52 1.49 1.45 1.42 1.38 1.34 1.31
3.08 3.20 3.45 3.53 3.41 3.33 3.34 3.32 3.25 3.15 3.06 2.92 2.67 2.74 3.36 4.13 4.66 4.55 4.09 4.57 5.27 4.80 4.56 4.51 4.12 3.72 3.50 3.37 3.25 3.36 3.67 3.88 3.81 3.63 3.34 3.03 2.89 2.99 3.07 2.76 2.17 1.83 1.71 1.52 1.47 1.79 2.28 2.52 2.57 2.68 2.79 2.88 2.83 2.77 2.82 2.67 2.57 2.62 2.58 2.34 1.97 1.81 1.92 2.09 2.11 1.88 1.63 1.48 1.42 1.52 1.65 1.67 1.62 1.60 1.62 1.61 1.59 1.57 1.53 1.49 1.45 1.42 1.38 1.34
3.62 3.60 3.63 3.65 3.57 3.51 3.48 3.40 3.33 3.19 3.07 2.95 2.62 2.43 2.74 3.50 4.33 4.42 4.24 5.01 5.60 5.10 4.81 4.75 4.44 4.20 4.03 3.72 3.52 3.69 3.92 4.12 4.21 4.04 3.78 3.46 3.20 3.19 3.18 2.90 2.41 2.02 1.86 1.69 1.55 1.64 2.00 2.32 2.46 2.61 2.72 2.85 2.87 2.80 2.89 2.80 2.69 2.67 2.64 2.58 2.31 2.03 2.00 2.18 2.28 2.07 1.76 1.56 1.48 1.59 1.81 1.80 1.64 1.60 1.64 1.65 1.64 1.62 1.58 1.53 1.49 1.45 1.41 1.37
3.99 3.90 3.81 3.80 3.72 3.66 3.59 3.50 3.41 3.31 3.13 2.95 2.66 2.42 2.49 2.92 3.82 4.12 4.11 4.84 5.33 5.38 5.31 5.08 4.76 4.66 4.72 4.43 4.07 4.20 4.18 4.26 4.54 4.48 4.27 4.02 3.64 3.38 3.25 3.03 2.65 2.25 2.02 1.88 1.72 1.63 1.77 2.01 2.21 2.48 2.70 2.82 2.89 2.84 2.82 2.83 2.81 2.78 2.75 2.69 2.51 2.25 2.13 2.28 2.38 2.24 1.95 1.68 1.56 1.70 1.97 2.01 1.79 1.64 1.66 1.70 1.70 1.66 1.61 1.57 1.53 1.48 1.43 1.38
4.20 4.07 3.95 3.98 3.97 3.84 3.69 3.59 3.52 3.52 3.34 3.09 2.88 2.64 2.61 2.88 3.47 3.84 3.98 4.39 4.71 5.04 5.36 5.32 5.13 5.10 5.32 5.20 4.91 4.90 4.65 4.64 4.78 4.77 4.73 4.66 4.27 3.73 3.45 3.20 2.88 2.45 2.21 2.10 1.88 1.70 1.68 1.76 1.90 2.25 2.62 2.78 2.89 2.96 2.87 2.77 2.79 2.84 2.91 2.86 2.65 2.42 2.33 2.38 2.40 2.34 2.12 1.79 1.65 1.81 2.05 2.18 2.12 1.84 1.76 1.84 1.80 1.69 1.63 1.62 1.58 1.51 1.45 1.40
4.33 4.17 4.01 4.13 4.26 4.12 3.90 3.72 3.67 3.78 3.65 3.40 3.14 2.87 2.81 2.90 3.27 3.62 3.73 3.99 4.42 4.85 4.93 5.12 5.41 5.46 5.72 5.89 5.92 5.75 5.46 5.24 4.87 4.81 5.28 5.57 5.03 4.18 3.68 3.35 3.00 2.59 2.43 2.29 2.01 1.82 1.69 1.63 1.69 1.96 2.43 2.67 2.79 3.00 3.07 2.89 2.76 2.81 2.95 3.01 2.82 2.60 2.54 2.53 2.45 2.40 2.26 1.89 1.69 1.90 2.11 2.22 2.34 2.22 2.05 2.05 1.94 1.71 1.67 1.75 1.68 1.52 1.42 1.39
4.30 4.19 4.09 4.25 4.43 4.39 4.19 3.91 3.86 4.08 4.05 3.80 3.48 3.27 3.20 3.04 3.21 3.43 3.44 3.64 4.28 4.95 4.58 4.41 5.19 5.81 5.99 6.27 6.93 6.85 6.24 5.65 4.64 4.83 6.22 6.59 5.59 4.32 3.80 3.55 3.08 2.76 2.64 2.44 2.19 2.02 1.80 1.66 1.61 1.74 2.15 2.46 2.58 2.82 3.09 3.13 2.96 2.86 2.93 3.04 3.02 2.84 2.68 2.63 2.59 2.46 2.37 2.06 1.72 1.86 2.20 2.32 2.41 2.47 2.37 2.29 2.11 1.83 1.77 1.89 1.82 1.55 1.39 1.36
4.09 4.07 4.16 4.40 4.51 4.53 4.49 4.22 4.13 4.29 4.42 4.17 3.69 3.62 3.72 3.47 3.31 3.30 3.31 3.52 4.17 4.92 4.52 3.78 4.39 5.59 6.04 6.15 7.46 8.05 6.81 5.94 4.60 5.14 7.35 7.26 5.57 4.31 4.12 3.92 3.23 2.87 2.87 2.69 2.40 2.18 1.99 1.78 1.58 1.58 1.90 2.26 2.42 2.57 2.84 3.12 3.19 3.06 2.99 3.01 3.13 3.17 2.88 2.67 2.69 2.56 2.44 2.29 1.90 1.77 2.15 2.52 2.59 2.57 2.57 2.51 2.36 2.09 1.88 1.93 1.94 1.69 1.44 1.32
3.84 3.87 4.13 4.45 4.50 4.50 4.51 4.44 4.37 4.35 4.53 4.45 3.94 3.88 4.14 3.97 3.44 3.11 3.41 4.00 4.56 4.88 4.35 3.51 3.53 4.76 5.76 5.98 7.48 8.61 7.32 6.33 5.29 5.87 8.22 7.54 5.43 4.72 4.68 4.10 3.07 2.93 3.19 2.93 2.54 2.37 2.19 1.89 1.60 1.50 1.68 2.03 2.30 2.43 2.59 2.88 3.15 3.26 3.16 2.99 3.12 3.43 3.25 2.79 2.79 2.73 2.47 2.38 2.13 1.83 2.01 2.58 2.86 2.72 2.67 2.65 2.58 2.37 2.03 1.97 2.01 1.92 1.62 1.33
3.60 3.73 4.12 4.39 4.40 4.37 4.29 4.36 4.45 4.45 4.61 4.59 4.13 4.09 4.47 4.37 3.45 2.69 3.38 4.59 5.37 5.19 4.05 3.27 3.08 3.74 4.98 5.85 7.70 9.00 7.78 6.68 6.09 6.92 8.93 8.04 6.01 5.53 4.94 3.65 2.86 3.26 3.53 3.02 2.65 2.56 2.30 1.95 1.70 1.54 1.53 1.75 2.06 2.34 2.52 2.67 2.93 3.31 3.37 3.01 2.98 3.45 3.54 3.08 2.96 2.99 2.69 2.39 2.20 1.97 1.99 2.55 3.02 2.94 2.82 2.77 2.71 2.56 2.28 2.13 2.09 2.08 1.83 1.42
3.43 3.73 4.19 4.40 4.41 4.33 4.24 4.32 4.41 4.42 4.64 4.77 4.27 4.17 4.71 4.70 3.39 2.22 3.05 4.74 6.11 6.04 4.08 2.92 2.92 3.28 3.95 4.92 7.07 9.18 8.87 7.23 6.49 7.72 9.67 8.88 7.06 6.03 4.71 3.30 3.06 3.52 3.65 3.15 2.85 2.65 2.29 1.99 1.83 1.64 1.48 1.49 1.70 2.17 2.52 2.55 2.70 3.22 3.51 3.16 2.90 3.27 3.56 3.39 3.21 3.25 3.12 2.63 2.22 2.04 2.07 2.52 3.02 3.10 3.02 2.95 2.80 2.67 2.55 2.39 2.25 2.20 1.96 1.55
3.46 3.76 4.17 4.40 4.44 4.32 4.27 4.36 4.46 4.38 4.65 5.21 4.77 4.23 4.79 4.93 3.32 1.84 2.52 4.42 6.29 7.01 5.11 2.79 2.81 3.58 3.59 3.83 5.18 7.91 9.53 8.60 7.25 8.43 10.28 9.50 7.64 5.95 4.04 3.31 3.14 3.28 3.73 3.75 3.18 2.68 2.24 1.99 1.89 1.74 1.52 1.29 1.36 1.95 2.44 2.48 2.54 3.05 3.55 3.39 3.01 3.11 3.44 3.49 3.36 3.40 3.47 3.12 2.55 2.19 2.16 2.51 2.95 3.14 3.17 3.13 2.94 2.74 2.74 2.70 2.52 2.37 2.05 1.67
3.69 3.85 4.09 4.34 4.46 4.32 4.16 4.25 4.43 4.41 4.63 5.44 5.31 4.46 4.89 5.17 3.35 1.47 1.96 3.67 5.74 7.48 6.69 3.64 3.08 4.22 4.13 4.02 4.18 5.54 8.30 9.60 9.22 9.91 11.00 9.58 7.31 5.45 3.85 3.20 2.79 3.10 4.17 4.43 3.40 2.46 2.07 1.93 1.88 1.83 1.64 1.28 1.16 1.69 2.28 2.43 2.42 2.79 3.44 3.57 3.22 3.07 3.38 3.59 3.37 3.39 3.58 3.48 3.14 2.63 2.40 2.64 2.94 3.08 3.24 3.32 3.13 2.86 2.80 2.87 2.89 2.63 2.10 1.76
