windninja/windninja_output/Output_2025-10-23_0700-0750_Google earth_Fire_150m_10min/merlingen_7.5mi_point_10-23-2025_0710_150m_vel.asc
ncols	158
nrows	163
xllcorner	391686.332397
yllcorner	5160024.123721
cellsize	150.000000
NODATA_value	-32768.000000
[rows 114 to 151 of 163, columns 0 to 83 of 158]
3.73 3.75 3.68 3.61 3.66 3.59 3.35 3.26 3.31 3.41 3.59 4.04 4.11 3.81 4.09 4.11 2.77 1.63 1.96 2.81 4.14 5.93 6.57 4.84 3.79 3.76 3.59 3.20 2.94 3.00 4.29 6.56 7.65 7.62 6.99 5.50 4.34 3.59 2.71 2.09 1.89 2.08 2.43 2.30 1.40 0.48 0.07 0.10 0.25 0.46 0.57 0.54 0.68 1.35 2.06 2.44 2.52 2.75 3.31 3.72 3.63 3.47 3.69 3.98 3.77 3.71 3.99 4.15 4.10 3.77 3.35 3.22 3.21 3.13 3.35 3.65 3.56 3.23 3.00 3.13 3.39 3.13 2.45 2.06
3.56 3.79 3.96 3.84 3.78 3.77 3.68 3.47 3.27 3.27 3.46 3.73 3.81 3.99 4.62 4.66 3.04 1.49 1.54 1.96 3.07 4.78 6.38 6.49 5.51 4.50 4.08 3.99 4.13 3.30 3.41 5.60 7.99 8.75 7.50 5.56 4.18 3.47 2.88 2.32 2.14 2.38 2.62 2.49 1.79 0.88 0.26 0.12 0.18 0.34 0.58 0.70 0.66 0.97 1.78 2.35 2.51 2.62 3.03 3.56 3.66 3.54 3.67 4.00 3.97 3.72 3.87 4.12 4.20 4.06 3.80 3.68 3.64 3.34 3.14 3.50 3.80 3.59 3.13 3.02 3.42 3.42 2.83 2.40
3.30 3.67 4.01 4.00 3.86 3.77 3.77 3.77 3.69 3.54 3.57 3.40 3.26 3.73 4.82 5.20 3.47 1.45 1.26 1.49 2.45 3.71 5.06 6.37 6.67 5.73 4.60 4.49 4.89 3.84 3.23 4.80 7.48 9.27 8.23 5.79 4.12 3.26 3.11 2.76 2.47 2.63 2.72 2.67 2.22 1.26 0.52 0.28 0.30 0.34 0.53 0.77 0.82 0.82 1.44 2.19 2.50 2.56 2.81 3.31 3.54 3.54 3.68 3.95 4.01 3.81 3.84 4.07 4.24 4.23 4.10 4.07 4.19 4.09 3.45 3.25 3.60 3.85 3.49 3.08 3.32 3.48 2.94 2.54
3.10 3.49 3.92 4.00 3.89 3.71 3.57 3.72 4.01 4.15 4.03 3.24 2.69 3.15 4.69 5.73 4.06 1.48 1.09 1.26 1.97 2.88 3.69 4.95 6.31 6.75 5.94 5.39 5.80 4.41 3.23 3.82 5.95 8.68 8.76 6.17 4.25 3.32 3.39 3.37 3.05 2.93 2.87 2.89 2.65 1.76 0.94 0.60 0.50 0.50 0.56 0.81 0.98 0.95 1.20 2.00 2.51 2.60 2.73 3.08 3.32 3.43 3.70 4.00 4.06 3.89 3.88 4.06 4.23 4.31 4.27 4.26 4.48 4.76 4.54 3.81 3.44 3.74 3.85 3.50 3.44 3.51 2.96 2.49
3.02 3.30 3.80 4.03 3.92 3.71 3.45 3.48 3.83 4.25 4.53 3.57 2.37 2.59 4.17 6.04 5.21 1.93 0.76 0.75 0.98 1.72 2.50 3.25 4.32 5.74 6.07 6.08 6.62 6.08 4.48 3.76 4.66 7.31 8.48 7.83 6.17 4.51 4.19 4.09 3.69 3.47 3.28 3.16 2.95 2.29 1.43 0.95 0.77 0.71 0.69 0.86 1.08 1.11 1.13 1.77 2.45 2.68 2.76 2.98 3.15 3.18 3.46 3.92 4.14 4.09 4.06 4.19 4.31 4.33 4.28 4.24 4.42 4.87 5.25 4.94 4.07 3.78 3.95 3.89 3.83 3.70 3.09 2.50
3.03 3.20 3.69 4.07 3.88 3.56 3.44 3.42 3.60 3.84 4.48 4.11 2.42 2.27 3.50 5.60 6.09 3.28 0.75 0.25 0.12 0.64 1.52 2.27 2.93 3.62 4.12 4.62 5.77 6.34 5.78 4.79 4.96 6.60 7.71 8.28 7.81 6.27 5.54 5.32 4.97 4.46 4.06 3.74 3.40 2.88 2.04 1.36 1.02 0.89 0.85 0.92 1.12 1.21 1.16 1.54 2.28 2.68 2.80 2.97 3.11 3.05 3.16 3.52 3.83 4.03 4.06 4.18 4.42 4.45 4.25 4.09 4.18 4.56 5.22 5.61 5.19 4.47 4.19 4.08 4.03 3.89 3.31 2.69
2.96 3.11 3.61 4.21 4.00 3.42 3.42 3.51 3.59 3.47 3.96 4.30 2.74 2.16 3.09 5.03 6.38 4.89 1.81 0.28 0.31 0.44 1.01 1.84 2.49 2.86 3.14 3.48 4.17 4.95 5.61 5.45 5.53 6.41 7.02 7.47 7.48 6.91 5.86 5.58 5.96 5.84 5.33 4.79 4.28 3.71 2.92 2.11 1.53 1.21 1.07 1.06 1.21 1.34 1.30 1.44 2.11 2.61 2.77 2.96 3.13 3.06 3.10 3.22 3.18 3.36 3.37 3.33 3.86 4.37 4.31 4.02 3.91 4.09 4.67 5.48 5.87 5.50 4.92 4.54 4.23 4.01 3.49 2.91
2.81 3.00 3.52 4.30 4.55 4.06 4.03 4.13 3.91 3.26 3.51 4.45 3.12 1.88 2.71 4.61 6.49 5.94 3.25 1.21 0.48 0.80 1.17 1.78 2.48 2.83 3.00 3.33 4.26 5.18 5.47 5.71 6.00 6.17 6.82 6.97 6.49 6.59 5.27 4.44 5.28 6.02 6.19 5.46 4.77 4.23 3.56 2.74 2.04 1.66 1.39 1.25 1.33 1.48 1.45 1.48 2.08 2.60 2.76 2.94 3.12 3.02 3.05 3.20 3.11 3.22 3.09 2.44 2.56 3.56 4.04 3.99 3.82 3.70 3.94 4.68 5.63 6.15 5.97 5.42 4.82 4.36 3.73 3.16
2.58 2.88 3.31 3.85 4.54 4.83 5.09 5.39 5.02 3.67 3.43 4.65 3.50 1.50 1.91 3.57 6.13 6.73 4.40 2.37 1.20 1.11 1.48 1.96 2.65 2.91 3.02 3.63 5.05 5.86 5.39 5.61 6.10 5.82 6.58 6.79 5.97 6.35 5.21 3.66 3.82 4.93 6.33 6.14 4.99 4.27 3.62 2.76 2.18 1.91 1.67 1.45 1.41 1.55 1.54 1.54 2.05 2.64 2.82 3.01 3.10 3.01 3.07 3.23 3.38 3.77 3.76 2.77 2.06 2.33 3.14 3.58 3.70 3.57 3.44 3.71 4.57 5.70 6.39 6.39 5.87 5.14 4.21 3.54
2.28 2.60 2.94 3.08 3.58 4.26 4.88 5.68 6.17 5.20 4.31 5.17 3.90 1.35 1.28 2.48 4.89 6.98 6.02 3.84 2.54 1.83 1.76 2.19 2.76 3.04 3.19 4.11 6.00 6.27 4.98 5.20 5.81 5.48 6.23 6.67 5.67 6.05 5.86 3.80 3.01 3.82 5.72 6.86 5.94 4.67 3.74 2.73 2.21 2.06 1.92 1.71 1.59 1.68 1.64 1.52 1.83 2.49 2.67 2.88 3.10 3.14 3.24 3.32 3.46 4.00 4.37 3.90 2.71 1.96 2.24 2.88 3.21 3.31 3.17 3.04 3.40 4.39 5.57 6.40 6.70 6.33 5.23 4.15
2.26 2.52 2.77 2.71 2.95 3.61 4.16 4.94 6.13 6.11 5.96 6.13 3.88 1.55 1.25 1.95 3.48 5.94 7.10 5.84 4.12 3.01 2.36 2.42 2.74 2.99 3.38 5.02 7.07 6.08 4.12 4.77 5.58 5.29 5.86 6.56 5.57 5.41 5.85 4.33 2.95 2.97 4.34 6.64 7.14 5.74 4.29 3.08 2.33 2.25 2.23 2.08 1.89 1.87 1.83 1.74 1.94 2.57 2.77 2.63 2.92 3.37 3.47 3.47 3.63 3.98 4.35 4.57 4.06 2.67 2.09 2.43 2.66 2.69 2.76 2.62 2.56 3.12 4.16 5.13 6.08 6.83 6.48 5.11
2.31 2.61 2.84 2.72 2.86 3.39 3.84 4.36 5.48 5.98 6.68 7.40 5.12 2.19 1.61 1.87 2.55 3.96 6.04 7.11 6.71 4.91 3.49 3.00 3.20 3.54 4.70 7.00 6.98 4.63 3.10 4.36 5.57 5.16 5.39 6.42 5.65 4.91 5.44 4.69 3.21 2.53 3.09 5.43 7.32 6.82 5.13 3.52 2.57 2.36 2.34 2.29 2.19 2.14 2.10 2.14 2.48 3.12 3.49 3.07 2.99 3.46 3.64 3.66 3.91 4.16 4.26 4.55 4.74 4.12 3.00 2.68 2.69 2.43 2.28 2.20 2.04 2.16 2.78 3.56 4.28 5.76 6.83 6.28
2.16 2.53 2.83 2.65 2.74 3.19 3.66 4.04 4.72 5.38 6.42 8.16 7.36 3.79 2.68 2.23 2.11 2.79 4.12 5.98 7.19 7.08 5.08 4.03 4.73 5.69 6.29 6.53 4.97 2.92 2.39 3.91 5.59 5.14 5.02 6.15 5.86 4.79 4.73 4.52 3.47 2.41 2.40 4.07 6.66 7.32 5.94 4.19 3.07 2.63 2.49 2.36 2.30 2.32 2.28 2.27 2.55 3.25 3.87 3.73 3.45 3.58 3.68 3.74 4.01 4.28 4.35 4.46 4.74 4.81 4.41 3.82 3.29 2.73 2.33 2.07 1.84 1.76 2.00 2.52 3.08 4.18 5.74 6.44
2.04 2.42 2.79 2.55 2.55 3.00 3.58 3.97 4.15 4.64 5.65 7.69 8.56 6.86 4.94 3.12 2.09 2.53 3.47 4.58 6.01 7.08 6.54 5.30 5.62 6.20 5.68 4.38 3.21 2.31 1.99 3.30 5.32 5.41 5.19 5.88 5.91 5.07 4.27 4.09 3.55 2.50 2.11 2.91 5.41 7.21 6.40 4.59 3.48 2.92 2.71 2.55 2.40 2.40 2.38 2.31 2.43 3.05 3.71 3.81 3.69 3.71 3.73 3.81 4.07 4.30 4.40 4.47 4.61 4.78 4.98 4.87 4.22 3.44 2.84 2.37 1.90 1.73 1.87 2.01 2.40 3.23 4.21 5.24
1.99 2.36 2.76 2.53 2.36 2.65 3.27 3.82 3.93 4.04 4.60 6.16 8.08 8.80 7.84 4.75 2.95 3.08 3.80 5.16 5.78 6.20 6.73 6.22 6.19 6.30 5.26 3.85 2.74 2.16 2.08 2.82 4.50 5.33 5.79 6.18 6.00 5.25 4.25 3.92 3.55 2.83 2.27 2.25 3.96 6.55 6.71 4.83 3.73 3.21 2.84 2.72 2.66 2.64 2.57 2.50 2.54 2.96 3.58 3.76 3.76 3.81 3.86 3.98 4.18 4.37 4.44 4.50 4.60 4.69 5.00 5.39 5.14 4.24 3.47 2.96 2.26 1.92 1.98 1.98 2.04 2.45 3.11 3.90
1.95 2.30 2.71 2.45 2.17 2.33 2.74 3.30 3.55 3.54 3.68 4.45 5.95 7.80 8.83 8.24 5.53 4.44 5.51 6.81 5.84 5.00 6.12 6.86 7.13 7.05 5.76 3.94 2.74 2.34 2.39 2.55 3.26 4.28 5.66 6.94 6.81 5.42 4.40 4.09 3.72 3.23 2.74 2.38 2.92 5.16 6.39 5.39 4.34 3.76 3.25 2.97 2.82 2.79 2.70 2.64 2.70 3.08 3.60 3.80 3.83 3.90 3.99 4.13 4.30 4.45 4.49 4.51 4.61 4.72 5.00 5.52 5.79 5.24 4.27 3.65 2.92 2.20 2.09 2.18 2.17 2.10 2.20 2.76
1.97 2.32 2.81 2.58 2.19 2.43 2.79 2.99 3.03 2.95 2.93 3.10 3.72 4.94 6.76 8.53 8.35 7.61 7.64 6.72 4.71 4.06 4.90 6.57 7.90 7.79 5.96 4.09 3.25 2.75 2.57 2.33 2.23 2.91 4.28 6.54 7.85 6.67 4.95 4.43 4.11 3.64 3.29 2.90 2.70 3.46 5.09 5.27 4.86 4.23 3.60 3.28 2.96 2.82 2.73 2.62 2.72 3.17 3.71 3.92 3.88 3.91 4.07 4.20 4.35 4.52 4.55 4.52 4.58 4.73 5.03 5.47 5.91 5.95 5.40 4.65 3.73 2.66 2.33 2.39 2.31 2.20 2.02 1.95
2.01 2.33 2.90 2.91 2.49 2.65 3.10 3.34 3.22 2.78 2.48 2.45 2.74 3.55 4.73 6.51 9.19 10.14 8.34 5.40 4.20 3.91 4.12 5.32 7.83 8.52 5.80 4.37 3.97 3.15 2.67 2.31 1.95 1.95 2.94 4.86 7.28 8.01 6.57 5.29 4.80 4.20 3.80 3.43 2.78 2.40 3.04 4.13 4.73 4.36 3.67 3.40 3.16 2.95 2.79 2.62 2.62 3.06 3.65 3.94 3.92 3.85 3.92 4.17 4.34 4.50 4.61 4.54 4.52 4.66 5.02 5.47 5.77 6.08 6.08 5.72 4.77 3.31 2.70 2.72 2.61 2.33 1.98 1.76
2.02 2.25 2.70 3.02 2.89 2.76 3.01 3.63 4.10 3.49 2.58 2.32 2.50 3.13 4.30 5.78 9.40 11.25 8.32 5.29 4.45 4.01 3.91 4.46 6.77 8.73 7.19 5.00 4.43 3.57 2.87 2.41 1.90 1.60 2.24 3.46 5.30 7.36 7.68 7.04 6.20 5.09 4.48 4.05 3.02 1.80 1.62 2.69 4.02 4.21 3.65 3.42 3.25 3.06 2.91 2.76 2.73 3.07 3.63 3.92 4.02 4.02 3.83 4.04 4.31 4.42 4.58 4.52 4.42 4.52 4.90 5.36 5.64 6.08 6.31 6.25 5.77 4.17 3.13 3.26 3.06 2.39 1.90 1.75
2.08 2.24 2.47 2.85 3.19 2.94 2.67 3.14 4.33 4.77 3.60 2.65 2.68 3.39 4.34 6.14 9.75 11.03 9.21 6.36 4.81 4.14 3.99 4.26 5.48 7.81 8.28 6.38 4.92 3.96 3.16 2.58 1.94 1.86 2.10 2.75 3.97 5.53 6.74 7.63 7.48 6.09 5.25 4.87 3.76 2.43 1.77 2.08 3.25 3.82 3.54 3.32 3.22 3.12 3.03 2.96 2.95 3.25 3.78 4.09 4.27 4.37 4.11 4.11 4.39 4.44 4.54 4.50 4.26 4.32 4.72 5.10 5.35 5.90 6.55 6.78 6.48 4.86 3.47 3.61 3.57 2.58 1.78 1.65
2.25 2.40 2.47 2.73 3.27 3.16 2.68 2.62 3.31 4.71 4.88 3.76 3.71 4.37 5.61 8.36 10.12 10.07 9.06 7.79 5.89 4.14 3.86 3.89 3.98 5.63 8.08 8.29 6.29 4.57 3.58 2.90 2.32 2.25 2.28 2.38 3.20 4.14 5.36 7.06 7.76 6.76 5.82 5.36 4.41 3.59 2.80 2.45 3.03 3.66 3.63 3.37 3.22 3.14 3.07 3.04 3.11 3.40 3.79 4.08 4.39 4.51 4.37 4.33 4.53 4.65 4.65 4.64 4.31 4.01 4.30 4.77 5.03 5.37 6.37 7.34 7.32 5.69 3.88 3.67 3.77 3.04 1.95 1.50
2.29 2.61 2.71 2.79 3.24 3.33 3.01 2.75 2.68 3.54 4.63 4.52 4.39 5.62 8.73 10.30 9.57 8.75 8.24 8.11 7.15 4.68 3.65 3.44 3.03 3.68 6.18 8.56 8.23 5.92 4.16 3.41 2.97 2.58 2.45 2.39 2.48 3.12 4.77 6.67 7.24 6.83 6.24 5.30 4.69 4.35 3.69 3.11 3.23 3.73 3.83 3.61 3.35 3.18 3.06 3.01 3.15 3.49 3.78 4.00 4.31 4.48 4.47 4.48 4.65 4.86 4.85 4.95 4.87 4.12 3.70 4.11 4.58 4.85 5.76 7.26 7.95 7.02 4.76 3.90 3.72 3.15 2.41 1.79
1.99 2.61 3.04 2.86 3.16 3.27 3.18 3.08 2.90 3.16 3.76 4.18 4.23 6.50 10.85 10.55 8.33 7.94 7.58 7.73 7.40 5.50 3.98 3.47 2.93 2.98 4.47 7.19 8.73 7.61 5.30 4.09 3.74 3.14 2.69 2.57 2.22 2.41 4.58 6.61 6.42 6.35 6.28 5.05 4.66 4.59 4.09 3.42 3.33 3.63 3.76 3.65 3.47 3.28 3.12 3.03 3.17 3.57 3.85 4.09 4.34 4.48 4.57 4.60 4.75 5.02 5.04 5.22 5.62 4.98 3.78 3.41 3.73 4.01 4.80 6.50 7.92 7.97 6.58 4.79 3.78 3.12 2.67 2.32
1.55 2.20 3.08 3.15 3.23 3.19 3.00 3.05 3.24 3.48 3.68 4.08 4.25 7.46 11.53 10.18 8.06 7.51 6.91 7.16 7.17 5.83 4.52 3.91 3.11 2.81 3.59 5.80 7.99 8.19 6.45 5.04 4.45 3.83 3.24 2.66 2.15 2.02 4.39 6.59 5.92 5.46 5.58 4.94 4.57 4.56 4.17 3.56 3.41 3.58 3.65 3.59 3.48 3.32 3.14 3.05 3.21 3.63 3.85 4.07 4.34 4.51 4.66 4.64 4.76 5.10 5.24 5.42 6.01 6.04 4.71 3.51 3.27 3.20 3.24 4.73 6.91 7.95 7.83 6.85 4.84 3.34 2.88 2.71
1.42 1.78 2.55 3.26 3.64 3.38 2.87 2.75 3.09 3.59 4.07 4.48 5.23 9.43 11.66 9.74 7.99 7.12 6.33 6.85 7.19 6.07 4.98 4.32 3.46 3.05 3.40 4.99 6.75 7.38 7.17 6.55 5.42 4.44 3.91 2.92 2.03 2.04 3.98 6.31 5.74 4.56 4.64 4.61 4.52 4.67 4.40 3.81 3.61 3.68 3.69 3.65 3.53 3.39 3.19 3.07 3.25 3.60 3.81 3.99 4.22 4.46 4.70 4.71 4.82 5.14 5.41 5.71 6.17 6.58 6.02 4.48 3.58 3.20 2.80 3.05 5.02 6.73 7.49 7.91 6.87 4.25 3.44 2.97
1.86 1.86 1.99 2.79 3.80 3.96 3.36 2.92 2.95 3.36 4.18 5.23 8.01 11.35 10.98 8.51 7.65 7.22 6.76 7.22 7.52 6.54 5.41 4.55 3.84 3.53 3.71 4.42 5.40 5.66 6.18 7.34 7.03 5.39 4.69 3.43 2.15 2.34 3.69 5.52 5.19 4.20 4.18 4.18 4.29 4.61 4.52 4.06 3.85 3.81 3.75 3.74 3.66 3.57 3.41 3.20 3.29 3.56 3.78 3.96 4.11 4.35 4.57 4.68 5.00 5.39 5.64 6.04 6.40 6.71 6.83 5.98 4.36 3.36 2.92 2.73 3.50 5.15 6.08 7.30 7.63 5.99 4.51 3.28
2.28 2.24 2.09 2.31 3.06 3.99 4.30 3.78 3.37 3.82 4.41 6.39 10.98 11.71 8.56 7.00 7.15 6.94 6.55 7.59 8.35 7.29 5.89 4.92 4.26 4.07 4.06 4.09 4.40 4.27 4.44 6.50 7.64 6.97 5.96 4.24 2.65 2.56 3.20 4.15 4.32 4.15 4.15 3.95 4.00 4.35 4.39 4.15 4.01 3.93 3.83 3.72 3.57 3.58 3.62 3.44 3.37 3.53 3.78 3.94 4.07 4.30 4.34 4.41 5.01 5.78 6.15 6.45 6.70 6.97 7.24 7.01 5.56 3.85 3.11 2.60 2.71 4.04 5.00 6.07 7.17 6.70 5.14 3.72
2.24 2.67 2.76 2.22 2.11 2.80 4.16 4.47 4.42 5.24 5.79 9.19 12.25 9.61 6.41 6.27 6.49 6.47 5.93 6.78 8.32 8.32 7.07 5.76 4.89 4.52 4.31 3.96 3.87 3.68 3.70 5.05 6.60 7.53 7.32 5.42 3.41 2.85 2.67 2.96 3.70 4.10 4.17 3.95 3.94 4.17 4.25 4.19 4.14 4.06 3.98 3.86 3.43 3.16 3.41 3.47 3.44 3.57 3.81 3.99 4.12 4.29 4.17 4.03 4.59 5.65 6.47 6.93 7.24 7.63 7.76 7.78 7.05 5.12 3.47 2.24 2.17 3.51 4.64 5.40 6.62 6.74 5.22 3.77
1.86 2.85 3.54 2.57 2.03 2.24 2.94 3.81 4.92 6.15 7.96 11.96 12.12 7.04 5.64 5.94 6.16 6.62 6.38 6.16 6.91 7.80 7.91 7.43 6.32 5.23 4.43 3.73 3.60 3.66 3.70 4.14 5.10 6.73 7.83 6.55 4.28 3.36 3.02 2.99 3.66 4.28 4.38 4.23 4.16 4.20 4.21 4.25 4.28 4.22 4.18 4.29 3.92 3.04 2.78 2.92 3.19 3.50 3.70 3.97 4.20 4.25 4.03 3.71 3.87 4.65 5.62 6.42 7.17 7.98 8.32 8.35 8.37 7.05 3.88 2.00 2.06 3.58 5.01 5.84 6.32 6.40 5.48 3.86
1.55 2.67 3.94 3.45 2.58 2.49 2.77 3.17 4.37 5.66 9.53 12.68 10.10 6.39 5.78 5.81 6.19 7.08 7.00 5.83 5.63 6.32 7.22 7.88 7.40 6.44 5.57 4.52 3.81 3.88 3.99 4.26 4.37 5.31 7.37 7.06 4.96 3.82 3.49 3.46 3.82 4.38 4.58 4.51 4.42 4.38 4.35 4.36 4.38 4.37 4.41 4.75 4.76 3.81 2.67 2.06 2.57 3.25 3.43 3.71 4.06 4.12 3.90 3.53 3.46 3.84 4.29 4.82 5.64 6.97 8.03 8.47 9.00 8.30 5.15 2.53 2.54 3.76 5.67 6.45 5.65 5.72 5.76 4.03
1.72 2.36 3.57 4.16 3.60 3.21 3.29 3.59 4.34 4.82 8.63 13.28 10.50 6.58 6.01 5.78 6.42 7.52 7.01 5.32 5.25 5.80 6.46 7.21 7.06 6.38 6.02 5.90 5.14 4.38 4.32 4.53 4.01 4.17 6.43 6.54 4.91 3.94 3.67 3.76 3.97 4.34 4.58 4.63 4.56 4.52 4.52 4.51 4.51 4.62 4.78 5.09 5.30 4.74 3.13 1.66 1.93 2.79 3.24 3.49 3.67 3.87 3.89 3.61 3.46 3.87 4.25 4.30 4.49 5.13 6.43 7.95 9.24 8.99 6.45 3.82 3.03 3.73 6.04 6.86 5.43 5.56 5.71 3.80
2.42 2.38 2.67 3.70 4.38 4.46 4.42 4.48 4.80 4.79 7.13 13.10 12.24 6.99 5.89 5.76 6.62 7.53 6.38 5.36 5.57 5.89 6.31 6.54 6.21 5.70 5.43 5.85 5.80 5.28 5.06 4.72 3.65 3.64 5.23 5.44 4.51 3.81 3.64 3.85 4.13 4.39 4.61 4.71 4.66 4.61 4.64 4.61 4.66 4.94 5.27 5.53 5.74 5.25 3.62 1.93 1.57 2.14 3.03 3.44 3.28 3.42 3.82 3.84 3.69 4.14 4.63 4.40 4.29 4.53 4.89 6.46 8.96 9.31 7.12 4.88 3.62 3.61 5.85 7.04 6.14 6.00 5.37 3.38
3.59 2.99 2.26 2.48 3.72 4.97 5.68 5.94 5.88 5.16 7.40 12.43 11.42 6.81 5.78 5.98 6.80 7.35 6.55 6.03 6.06 6.07 6.31 6.15 5.79 5.73 5.48 5.37 5.36 5.08 5.46 5.58 4.16 3.27 3.97 4.64 4.22 3.74 3.58 3.79 4.17 4.47 4.71 4.87 4.85 4.76 4.76 4.74 4.87 5.23 5.62 6.07 6.29 5.55 4.13 2.69 1.71 1.77 2.76 3.35 3.02 2.92 3.41 3.79 3.96 4.48 4.97 4.72 4.54 4.75 4.80 5.42 7.77 9.10 7.55 5.64 4.62 4.07 4.82 6.48 6.94 6.22 4.83 3.81
4.97 3.79 2.32 1.99 2.48 3.82 5.34 7.10 7.58 7.09 9.87 11.79 8.96 5.88 5.38 5.87 6.93 7.15 6.75 6.97 7.23 7.00 6.70 6.35 6.03 6.07 5.69 5.32 5.18 4.39 4.48 5.79 5.08 3.46 3.59 4.34 4.26 3.87 3.73 3.84 4.17 4.50 4.75 5.00 5.12 4.99 4.89 4.97 5.26 5.53 5.89 6.64 6.94 5.92 4.62 3.43 2.22 1.95 2.46 3.03 2.81 2.60 2.91 3.30 3.75 4.42 4.96 5.00 4.97 5.17 5.30 5.52 6.90 8.38 7.53 6.16 5.88 5.29 4.33 5.39 6.92 6.26 5.43 4.49
5.87 4.51 2.72 2.33 2.47 2.85 3.60 5.95 8.77 10.03 10.70 9.59 6.98 5.45 4.74 5.21 6.51 6.77 6.25 6.63 7.53 7.84 7.85 8.10 7.89 6.77 5.92 5.44 5.06 3.93 3.43 4.84 5.12 3.90 3.67 4.27 4.43 4.12 3.92 3.97 4.24 4.56 4.69 4.92 5.23 5.20 5.07 5.35 5.69 5.83 6.25 7.17 7.57 6.68 5.32 4.20 3.02 2.35 2.39 2.65 2.52 2.44 2.69 3.02 3.36 3.92 4.52 4.85 4.95 5.20 5.49 5.56 6.54 7.78 7.58 6.64 6.54 6.07 4.70 5.29 6.62 7.00 7.02 5.75
5.60 5.18 3.94 3.13 2.95 3.06 3.17 4.68 9.44 11.43 9.90 7.81 6.75 5.63 4.75 4.72 5.65 6.40 6.17 5.93 6.40 6.97 7.21 8.29 9.68 9.43 7.30 5.64 4.81 3.92 2.94 3.62 4.58 4.09 3.77 4.14 4.49 4.42 4.23 4.18 4.34 4.67 4.76 4.82 5.12 5.22 5.15 5.55 5.92 6.03 6.61 7.62 8.12 7.69 6.49 4.95 3.64 2.75 2.59 2.39 2.20 2.37 2.68 3.03 3.33 3.71 4.17 4.50 4.74 5.04 5.13 4.89 5.44 6.83 7.52 7.28 6.94 5.95 4.73 5.39 6.32 6.93 7.99 7.50
4.13 4.95 5.50 4.83 4.44 3.79 3.10 5.04 10.70 12.07 8.95 7.62 7.15 6.01 5.19 4.69 4.79 5.57 6.29 6.07 5.60 5.58 5.49 6.49 9.06 11.01 10.08 6.43 4.75 4.19 3.11 3.19 4.03 4.15 3.91 3.97 4.35 4.52 4.49 4.45 4.49 4.79 4.91 4.85 5.08 5.37 5.31 5.45 5.88 6.18 6.77 7.91 8.69 8.71 7.72 5.67 4.16 3.23 2.82 2.62 2.21 2.31 2.77 3.16 3.48 3.64 3.94 4.26 4.69 5.31 5.22 4.06 3.57 4.79 6.45 7.77 7.55 5.47 4.06 4.94 5.44 5.72 7.50 8.68
2.51 3.62 5.14 5.91 6.40 4.96 3.25 5.76 11.45 11.35 7.50 7.18 7.67 7.03 5.97 5.09 4.50 4.75 5.62 5.96 5.49 4.97 4.67 5.34 7.35 10.50 11.95 8.76 5.00 4.22 3.71 3.43 3.77 4.10 4.07 3.90 4.10 4.35 4.48 4.58 4.68 4.94 5.04 4.89 5.09 5.73 5.86 5.38 5.55 6.17 6.70 7.77 9.09 9.59 8.74 6.55 4.70 3.61 3.04 2.96 2.68 2.40 2.87 3.34 3.59 3.56 3.75 4.07 4.53 5.48 5.48 3.69 2.43 3.33 5.28 7.90 8.12 5.45 3.80 4.13 4.54 4.80 6.16 8.74
