windninja/windninja_output/Output_2025-10-23_0700-0750_Google earth_Fire_150m_10min/merlingen_7.5mi_point_10-23-2025_0700_150m_ang.asc
ncols	158
nrows	163
xllcorner	391686.332397
yllcorner	5160024.123721
cellsize	150.000000
NODATA_value	-32768.000000
[rows 0 to 41 of 163, columns 0 to 93 of 158]
122 119 116 116 116 117 118 114 109 108 106 96 76 62 62 69 77 82 86 96 104 96 83 81 85 87 84 76 74 74 71 69 67 65 63 66 68 66 65 64 60 60 59 59 61 62 63 64 62 61 60 58 57 55 50 43 38 34 30 26 20 14 6 359 352 342 331 323 320 317 313 306 301 297 293 291 289 288 289 288 286 282 279 280 281 279 274 269 268 266 262 262 261 257
124 121 119 118 116 116 115 112 108 107 106 100 85 73 73 78 85 91 96 101 105 103 94 88 87 87 85 82 79 76 73 72 70 69 69 71 71 71 71 69 67 66 65 67 69 69 70 71 70 66 63 61 59 56 50 46 43 40 37 32 25 19 11 3 355 345 333 322 316 313 310 305 300 296 293 289 287 286 287 288 285 281 279 277 278 278 276 271 268 267 266 265 263 261
127 124 122 121 119 116 114 111 111 112 113 113 106 95 90 91 96 101 103 104 105 109 108 98 90 87 87 88 85 80 78 78 77 77 79 78 77 78 78 76 77 77 77 79 81 81 81 80 78 74 72 69 64 60 57 56 55 53 50 45 38 31 23 14 3 349 333 317 308 305 303 298 294 292 289 286 282 280 281 282 279 276 276 274 273 275 276 271 266 266 268 268 266 265
128 125 123 123 120 120 120 119 120 122 122 124 117 106 101 100 102 105 105 103 103 107 111 107 98 93 92 91 89 86 85 85 85 86 86 85 84 83 83 84 86 87 89 90 90 90 89 87 84 83 83 78 72 70 69 67 65 63 61 59 56 49 40 29 14 354 332 310 298 294 293 290 288 286 284 283 280 276 274 275 275 271 271 271 271 273 274 270 266 264 264 266 268 266
126 124 123 123 122 123 125 124 123 124 125 128 123 113 108 105 103 104 102 100 100 105 112 115 108 102 99 98 96 95 93 91 92 93 93 91 89 90 92 94 96 97 97 97 97 95 93 91 89 88 84 80 78 78 77 75 74 73 73 73 71 67 60 53 39 7 332 300 286 283 282 282 281 280 278 278 279 277 272 270 271 271 268 268 269 270 273 274 270 264 261 262 265 267
125 124 124 124 123 125 125 123 122 121 123 127 127 117 110 106 101 99 97 96 98 102 110 118 114 108 104 101 100 100 98 97 98 98 98 96 97 99 101 102 102 102 101 99 97 94 92 91 90 87 84 81 81 81 80 80 81 83 84 84 83 82 82 80 73 60 314 274 267 265 267 271 273 272 268 268 270 273 270 265 266 270 269 267 267 267 270 276 277 273 267 264 264 266
124 124 124 124 124 124 123 122 120 121 123 127 130 120 110 106 102 98 98 99 99 101 106 115 116 111 105 103 103 102 101 101 101 100 100 102 105 106 105 104 103 102 100 97 95 93 92 91 89 87 86 86 86 85 85 87 90 92 94 95 98 102 106 108 111 124 166 225 242 244 246 251 256 258 258 258 260 262 261 258 261 266 267 266 265 264 266 272 279 282 279 273 269 267
124 123 124 124 122 121 120 118 118 120 124 129 133 124 112 107 104 101 101 102 101 102 105 113 118 115 110 107 106 103 102 102 101 99 101 104 105 104 102 100 99 97 95 94 93 93 92 91 91 89 88 90 92 91 91 94 97 99 102 105 110 115 122 130 138 146 162 195 218 227 233 239 242 245 249 253 255 255 251 253 260 264 264 262 261 260 262 267 273 280 282 280 276 273
124 123 122 123 121 118 116 115 117 121 125 129 133 127 114 108 106 105 103 103 103 103 105 111 117 120 116 110 106 104 103 103 101 100 100 100 99 97 95 93 92 92 92 92 93 93 91 91 91 91 91 92 92 93 96 100 103 105 108 110 110 110 116 128 141 148 159 181 201 214 226 237 242 243 246 250 253 250 247 252 259 263 264 261 259 258 259 261 265 270 275 277 277 277
123 122 121 122 121 119 117 117 119 122 125 128 131 127 116 109 107 107 107 106 105 105 105 109 115 120 120 113 109 108 105 104 102 100 99 97 94 93 91 90 90 91 92 93 93 93 92 92 92 93 93 93 93 96 99 102 105 106 105 103 101 101 104 110 124 139 155 172 190 208 223 234 239 240 241 245 249 248 244 248 254 258 261 264 264 262 261 262 264 263 263 268 273 275
124 123 121 121 122 121 120 120 121 123 124 126 129 128 118 110 108 108 109 109 107 107 107 110 114 119 123 116 110 109 105 101 100 98 96 93 91 90 90 91 92 93 93 92 91 91 92 92 90 90 92 93 95 97 97 96 96 95 91 88 88 90 91 97 110 124 142 160 180 207 223 229 232 234 236 242 247 248 247 248 249 250 254 260 267 268 268 268 267 263 261 266 270 271
124 123 122 121 122 122 121 121 122 123 124 125 128 128 121 113 110 109 110 110 109 108 107 108 111 113 114 110 106 104 99 96 96 96 94 91 89 90 92 93 92 91 91 90 89 89 88 86 81 80 84 86 86 88 87 86 83 81 79 75 73 73 76 86 97 105 116 134 161 202 216 222 226 225 228 233 237 241 245 247 247 248 248 253 261 266 267 268 267 263 264 266 268 270
123 123 122 122 122 122 122 121 121 122 123 124 125 126 120 114 111 110 110 110 110 108 105 103 101 99 100 101 101 99 97 96 96 96 93 90 90 93 94 93 92 92 91 88 87 85 81 76 75 78 81 80 79 79 80 81 79 75 70 66 68 73 76 80 82 83 86 96 124 177 203 215 221 220 219 222 227 233 237 240 245 249 250 254 258 260 262 264 262 260 263 264 265 269
123 123 122 122 122 122 122 121 121 121 122 123 125 125 119 112 110 112 111 109 108 106 101 96 92 91 94 98 98 97 96 96 96 95 92 92 93 93 92 91 90 88 84 81 80 77 72 70 74 79 81 80 80 80 81 83 81 77 72 74 83 92 96 97 94 87 82 83 92 127 184 210 219 217 216 222 231 237 239 241 247 253 254 256 257 257 261 261 258 258 264 264 263 265
123 123 122 122 122 122 121 121 121 121 121 122 125 127 120 113 111 113 112 108 104 101 96 92 89 91 94 96 97 95 94 95 96 95 96 95 92 89 87 84 82 76 71 74 77 75 75 78 81 82 85 90 91 92 94 96 97 95 95 98 107 114 122 127 131 126 118 111 99 98 136 201 213 216 221 231 241 245 247 252 258 259 259 259 256 257 261 259 254 255 263 265 263 263
123 123 122 122 122 121 121 120 120 120 121 121 124 128 124 116 112 112 112 108 103 100 97 93 91 94 97 97 95 96 98 99 98 96 94 90 85 81 78 75 73 71 73 80 84 83 85 89 88 88 94 102 108 111 113 115 117 119 118 115 119 126 133 140 148 150 149 153 152 127 114 171 214 223 229 236 242 247 252 258 262 262 262 260 258 258 258 257 255 254 259 263 262 262
123 123 122 122 122 121 121 120 120 120 120 121 122 126 125 116 111 110 110 108 105 101 98 95 95 96 97 98 98 100 101 98 93 87 82 79 79 78 77 77 79 82 88 90 91 92 93 95 97 101 105 111 116 117 118 119 122 127 129 125 126 130 135 143 150 155 160 165 172 175 153 134 224 235 233 236 240 246 253 256 256 257 259 258 257 258 257 256 259 260 259 259 258 258
123 123 122 122 122 122 121 121 120 120 120 120 120 122 122 115 109 107 106 105 102 99 98 97 96 95 95 98 99 98 95 89 81 76 76 79 82 84 85 87 90 93 94 93 93 95 98 101 106 110 111 113 114 114 115 117 121 129 134 132 131 134 140 147 150 156 165 171 179 189 186 176 201 233 240 239 240 247 253 254 254 256 255 253 253 256 256 256 261 268 266 259 255 256
123 123 122 122 122 121 121 120 120 120 119 118 119 119 119 115 109 105 102 99 97 96 97 96 95 93 93 95 95 92 87 80 76 76 80 83 86 89 91 92 93 94 94 95 96 98 102 108 110 109 110 111 112 112 114 119 123 128 132 134 134 137 143 148 150 156 166 176 184 192 191 188 201 219 229 243 252 257 258 258 259 260 258 254 250 250 251 254 258 265 269 263 259 258
123 123 122 122 122 121 121 120 120 119 118 117 117 117 116 113 108 103 100 98 97 97 97 96 95 94 93 93 92 89 84 79 77 78 82 85 89 93 96 97 97 98 98 99 100 103 107 110 109 107 107 110 113 115 118 121 125 127 130 132 133 136 142 146 150 156 166 177 185 189 192 194 205 214 218 226 243 255 258 257 258 259 258 255 250 248 248 250 255 260 265 263 260 259
123 123 123 122 122 121 120 119 119 119 117 116 116 115 114 111 108 104 102 101 100 99 99 98 97 95 93 92 90 88 85 82 80 83 89 93 96 100 103 102 101 101 100 101 104 106 106 107 108 108 109 112 115 119 120 120 123 126 129 131 134 137 142 147 151 157 165 175 183 189 195 202 210 218 219 215 221 233 241 248 252 254 254 253 251 250 250 250 254 259 262 260 258 258
123 123 123 122 122 121 120 119 118 118 117 115 114 114 113 110 108 106 104 103 102 101 100 99 97 95 93 91 90 89 88 87 88 94 99 101 101 102 103 101 100 99 100 102 104 105 105 108 112 113 113 115 117 119 120 119 121 125 129 133 137 140 145 150 153 157 165 175 184 194 202 208 215 223 222 211 210 221 230 239 245 247 249 251 251 250 248 250 256 260 259 254 252 256
123 123 122 122 122 121 120 119 118 117 117 116 114 113 112 110 109 107 105 104 103 102 101 99 97 95 94 92 91 91 91 93 97 99 100 99 98 96 97 99 99 99 101 102 102 105 110 113 115 115 114 115 117 119 121 123 124 126 129 133 137 140 145 151 154 160 167 177 189 201 206 210 217 223 221 207 203 217 227 233 237 238 243 249 250 251 248 251 256 258 255 245 246 254
123 123 123 122 122 121 120 118 117 117 117 116 114 112 111 110 109 107 106 105 103 102 101 100 98 95 93 90 89 91 94 98 99 97 95 95 94 93 94 98 100 102 102 103 106 112 114 114 114 115 115 115 117 120 123 126 127 128 131 133 136 139 143 149 155 162 173 184 198 207 210 213 220 224 219 209 204 219 228 232 233 234 239 243 247 253 255 256 256 257 252 239 245 254
124 123 123 122 121 121 119 118 117 116 116 115 113 112 111 110 109 108 106 105 103 103 101 100 98 94 90 86 88 92 96 99 99 96 94 93 92 94 97 100 103 104 105 107 111 113 113 111 112 115 115 116 119 122 125 127 129 129 131 132 133 138 143 149 157 167 179 194 207 213 215 218 224 223 218 213 216 226 231 232 234 234 234 236 242 251 257 259 259 258 249 235 244 254
124 123 123 122 121 120 119 118 117 116 115 114 113 112 110 109 108 107 106 105 104 103 101 100 98 94 88 86 90 94 97 99 101 100 97 95 93 95 100 103 106 107 109 111 111 111 111 111 114 116 117 117 118 120 124 128 132 133 132 130 132 137 145 155 167 176 185 197 207 213 217 222 224 222 216 212 222 233 236 236 237 235 231 232 238 243 247 253 258 258 248 234 243 251
124 123 123 122 121 120 119 118 117 115 114 113 112 111 110 109 108 107 106 105 104 103 101 100 99 95 89 89 92 94 96 99 102 103 101 97 95 97 102 107 110 111 113 112 112 113 114 113 116 118 119 119 120 121 125 132 136 135 134 135 135 137 145 159 176 186 191 197 204 209 216 223 224 221 211 206 221 235 242 244 242 238 234 234 237 240 239 243 251 255 250 239 244 249
124 124 123 122 121 120 119 118 116 115 113 112 111 110 109 108 108 107 106 105 104 103 103 102 101 98 94 93 94 95 96 99 103 104 104 101 99 99 102 109 113 114 115 115 115 118 118 117 117 121 124 123 125 126 129 137 143 140 138 139 139 140 147 161 180 191 194 197 202 208 219 224 222 217 206 201 219 235 240 246 250 245 241 242 244 242 236 238 246 250 249 248 251 251
125 124 123 122 121 120 119 117 116 114 113 111 110 109 109 109 108 107 106 105 105 105 105 105 104 104 102 100 99 96 95 98 103 106 108 111 109 105 106 113 117 118 119 118 119 121 121 119 118 122 128 128 127 129 133 142 148 143 139 138 140 146 157 169 182 189 192 196 202 210 220 222 218 214 206 204 222 237 241 246 256 254 249 251 251 247 241 242 247 247 246 251 260 260
125 124 123 122 121 120 119 117 115 114 112 111 110 109 109 109 108 107 107 106 106 105 105 105 105 109 110 107 102 98 96 97 101 107 115 123 122 114 113 118 122 122 123 122 122 124 123 123 122 126 132 131 130 131 135 146 149 141 136 136 138 149 166 178 184 187 189 193 204 216 223 223 220 217 211 211 223 236 243 248 256 258 256 255 254 250 248 251 250 246 244 248 259 267
125 125 124 122 120 119 118 116 115 113 112 111 110 109 108 108 108 107 107 107 106 106 105 106 108 112 113 109 103 97 94 94 100 109 119 129 128 119 116 120 123 122 124 122 122 125 124 124 123 124 129 130 128 128 132 145 146 137 134 133 138 152 169 185 189 185 184 191 210 224 228 228 226 222 212 211 218 230 240 246 250 253 257 257 254 251 252 253 250 246 243 245 253 267
125 125 124 122 120 119 119 117 115 113 112 110 109 108 108 108 108 107 107 106 106 106 107 108 111 114 113 110 104 98 96 99 104 109 116 129 128 120 117 118 119 118 117 116 116 120 120 119 116 114 116 118 120 121 125 139 141 134 132 132 141 157 171 186 190 184 179 190 213 228 230 229 229 223 211 210 215 226 237 243 244 243 251 258 258 257 256 253 250 248 246 246 249 260
125 125 125 122 120 119 118 116 114 113 112 110 109 109 108 108 107 107 107 107 107 108 109 110 111 114 115 115 113 109 108 108 108 106 109 122 126 117 114 113 111 110 111 110 111 113 113 111 109 108 109 111 113 116 121 132 137 135 134 136 144 158 170 183 191 187 178 185 211 225 225 224 225 219 210 209 213 224 235 241 240 236 245 256 259 259 258 255 252 250 250 250 250 257
126 125 125 122 120 119 118 116 114 112 112 110 109 109 108 107 107 107 107 108 109 109 110 111 112 115 117 118 120 117 112 108 106 103 104 118 125 116 110 109 106 106 108 107 107 109 108 105 104 106 108 110 112 113 117 125 130 133 137 143 151 158 166 179 191 194 185 184 208 223 221 221 224 217 210 208 212 221 231 236 234 232 241 251 255 253 253 253 250 248 249 251 256 261
127 127 125 122 120 119 118 116 113 112 112 110 109 109 108 108 108 108 108 109 109 109 111 113 114 115 116 118 120 117 111 106 105 104 106 114 124 116 109 108 105 102 102 102 102 104 104 102 103 105 107 107 109 111 114 119 125 128 133 144 156 162 165 174 190 199 199 194 211 225 224 225 225 219 214 212 216 224 230 232 231 230 236 245 251 249 248 250 248 246 247 252 258 265
128 128 126 123 121 120 118 116 114 112 112 111 110 109 108 108 108 108 109 109 109 110 111 112 113 114 116 118 119 117 113 111 109 109 107 109 116 112 106 102 99 97 97 99 101 102 104 105 107 108 109 109 111 115 118 122 125 126 130 140 153 163 165 170 185 200 206 206 218 229 229 230 229 224 222 220 222 230 237 238 234 231 233 241 246 250 249 248 246 247 250 254 259 264
130 128 126 123 121 119 118 116 114 112 112 111 110 109 109 109 109 109 109 109 110 110 111 112 113 115 117 119 120 118 117 117 114 110 105 101 103 103 98 94 94 95 98 101 103 105 107 109 109 110 111 114 118 121 124 126 129 131 135 142 154 164 165 166 176 196 209 216 223 228 229 235 236 232 227 223 222 228 239 247 243 235 234 238 244 252 254 248 247 251 255 257 259 263
130 129 126 123 121 119 117 116 114 113 112 112 111 110 110 110 110 110 110 110 110 111 111 112 114 116 119 122 124 120 120 118 114 108 101 98 95 90 89 92 95 99 101 104 106 108 111 113 113 112 115 119 123 124 125 129 133 138 142 148 159 169 170 166 170 192 214 225 228 225 225 233 237 233 225 224 222 219 233 243 243 238 236 237 244 251 254 249 251 256 259 258 261 267
130 130 127 124 122 119 117 116 115 114 113 113 112 111 111 111 110 110 110 111 111 111 112 113 114 116 120 126 126 120 118 116 111 106 101 96 88 86 91 97 101 104 106 109 111 112 115 118 119 119 121 125 128 128 128 132 139 144 149 155 165 175 178 173 173 193 219 232 231 224 223 230 233 227 219 227 227 211 227 237 235 234 236 239 246 250 248 250 255 257 257 259 267 271
130 129 127 124 122 120 118 117 117 116 114 114 113 112 112 112 111 111 111 111 112 112 113 113 114 117 120 124 123 117 113 113 111 107 102 94 88 94 98 100 103 107 110 114 116 116 117 121 123 122 122 126 133 135 136 140 145 149 154 159 168 180 188 186 182 196 223 235 231 225 229 234 233 224 219 232 231 202 216 230 228 229 237 245 251 252 251 253 256 255 254 261 269 270
131 130 128 126 124 122 121 119 118 117 116 115 115 114 113 113 113 112 112 112 113 113 114 114 114 117 119 120 119 114 111 111 110 107 101 94 97 101 102 103 107 111 115 117 118 118 119 124 127 125 123 127 134 138 139 142 146 149 153 159 168 183 195 198 192 199 224 233 229 229 234 237 234 224 224 238 233 193 205 225 225 225 235 246 252 255 256 255 255 254 254 261 265 264
134 132 131 129 126 124 123 121 119 119 118 117 116 116 115 114 114 114 113 114 114 114 114 114 115 116 117 118 118 115 112 111 110 107 103 102 105 106 107 111 114 117 118 119 121 123 125 127 130 129 126 128 133 135 134 135 139 144 148 155 167 180 193 201 201 204 221 228 227 229 231 232 232 225 231 243 229 189 199 222 227 226 234 244 251 256 254 249 251 255 258 259 258 259
