windninja/windninja_output/Output_2025-10-23_0700-0750_Google earth_Fire_150m_10min/merlingen_7.5mi_point_10-23-2025_0750_150m_ang.asc
ncols	158
nrows	163
xllcorner	391686.332397
yllcorner	5160024.123721
cellsize	150.000000
NODATA_value	-32768.000000
[rows 0 to 41 of 163, columns 0 to 93 of 158]
183 181 178 178 178 179 180 180 179 180 181 182 184 186 188 189 188 184 182 181 179 179 181 185 187 188 188 186 186 188 190 191 193 193 192 196 200 201 201 199 198 200 202 204 204 206 209 206 198 196 197 197 198 200 202 204 205 206 207 207 206 206 207 206 205 205 207 210 212 213 212 212 213 212 212 213 215 218 220 218 217 217 219 223 225 224 221 221 223 221 220 221 220 219
183 181 177 176 177 178 181 181 179 179 179 181 184 186 188 189 186 182 179 179 178 176 178 183 188 189 188 185 186 189 191 192 193 192 191 195 197 197 196 195 195 196 198 199 198 199 201 199 195 195 197 198 200 203 204 205 205 205 206 206 206 206 206 206 205 205 208 211 213 212 211 211 212 211 211 213 215 217 218 216 216 217 219 222 224 223 219 220 223 222 222 223 222 221
182 180 176 176 176 178 182 181 178 176 176 179 183 185 187 187 184 182 180 180 179 175 174 180 188 191 189 187 188 191 193 192 192 191 190 192 193 193 193 193 192 192 193 193 194 194 194 195 194 194 195 198 202 205 205 204 203 203 205 205 205 204 204 205 204 205 208 211 213 212 210 210 211 210 211 212 213 215 216 214 213 216 219 220 221 219 215 216 219 220 222 222 220 219
176 177 177 176 177 178 179 177 176 175 177 180 182 183 184 184 183 182 182 183 183 178 174 177 185 189 190 189 189 190 192 192 191 189 188 189 191 192 193 191 189 189 189 190 191 191 192 194 196 195 194 197 200 202 202 202 202 203 204 205 204 203 203 205 205 205 207 211 213 212 210 210 211 212 213 212 212 215 216 214 211 214 218 216 219 218 211 210 212 214 215 217 215 213
168 172 177 177 177 177 175 173 173 176 181 182 182 182 180 180 182 183 185 187 186 180 175 174 179 184 187 189 189 189 190 192 191 188 187 189 190 191 189 187 187 187 187 188 190 191 193 194 196 196 197 199 200 202 203 203 203 204 203 204 204 203 204 205 205 205 207 211 213 212 211 212 212 212 213 214 215 217 217 215 212 214 217 215 218 219 211 206 206 207 209 211 209 206
164 167 172 176 176 175 172 171 173 178 183 182 180 179 178 179 183 187 188 189 187 182 175 171 173 178 183 187 188 188 189 190 189 189 189 189 188 187 186 186 186 186 187 189 191 194 195 196 197 199 200 201 202 203 204 204 204 203 202 203 203 203 204 204 205 205 206 210 212 211 211 213 213 210 210 212 214 216 216 216 216 216 217 216 217 219 215 207 205 204 204 206 204 201
165 165 167 171 173 173 172 172 175 180 181 180 179 177 177 179 184 188 189 188 187 184 176 169 168 173 179 183 185 186 187 187 188 190 190 188 186 186 186 187 188 188 190 192 194 196 197 198 199 200 201 202 203 203 205 205 203 202 202 201 201 201 202 204 205 205 206 209 211 209 208 210 210 207 207 209 212 213 212 214 217 215 214 215 217 220 219 213 208 203 202 204 204 203
167 166 165 165 167 170 172 175 178 179 178 177 176 176 177 179 183 187 188 188 187 185 181 172 166 169 175 178 181 184 185 185 187 190 190 188 187 188 190 191 192 193 194 196 197 198 199 199 200 200 202 202 202 203 205 204 202 202 200 199 198 198 200 203 205 205 206 208 209 207 206 208 209 207 207 209 213 215 212 212 217 215 211 212 214 216 216 213 210 205 202 206 209 210
166 166 166 165 165 167 171 176 177 176 175 173 173 174 176 180 182 184 186 187 187 186 184 178 171 169 172 176 180 183 183 183 187 189 189 189 190 192 195 196 197 198 198 198 199 199 200 201 201 200 202 202 203 204 206 204 201 200 199 198 199 199 200 203 206 207 206 206 207 207 207 210 212 211 210 211 214 215 213 214 218 217 209 207 207 208 209 208 204 200 198 200 204 204
165 166 166 167 167 168 171 174 174 174 173 171 170 170 174 179 181 181 183 185 186 186 185 182 178 172 171 176 180 181 182 182 185 188 190 192 194 196 199 200 201 200 199 199 200 201 201 202 201 200 202 204 204 204 205 204 202 202 203 205 207 206 204 206 209 209 207 205 205 208 212 214 213 212 212 213 216 215 211 211 214 213 209 204 204 204 205 204 199 197 199 200 199 198
165 165 166 167 169 170 171 172 173 173 172 171 169 168 171 176 178 179 180 181 184 185 185 183 181 178 175 178 181 180 181 184 186 188 192 195 197 199 200 200 200 200 200 201 203 204 202 204 205 204 206 207 206 205 208 210 211 212 216 217 218 216 213 211 213 211 210 208 208 212 215 214 212 211 213 216 218 215 207 205 208 210 209 205 204 202 202 204 201 200 204 205 202 201
165 165 166 168 169 170 170 171 172 172 172 171 170 169 170 171 174 177 178 178 180 182 185 185 184 183 182 181 181 182 184 187 188 189 193 197 199 199 199 199 200 202 202 203 205 207 207 211 217 218 219 219 220 222 226 229 229 230 232 234 238 239 234 226 222 220 218 215 211 213 214 213 211 209 209 210 210 208 202 200 204 208 208 205 201 198 201 207 204 200 207 212 210 205
165 165 166 167 169 169 170 171 172 172 172 172 171 170 169 167 168 173 176 176 177 180 184 187 189 190 189 186 184 184 186 188 188 189 194 199 199 198 198 199 201 202 203 205 208 211 214 221 229 233 235 241 247 253 257 256 251 246 246 252 257 258 259 264 262 250 238 225 211 208 210 212 211 205 201 201 202 202 200 198 201 205 205 204 202 200 203 208 204 199 207 216 215 210
165 165 166 167 168 169 170 171 171 171 172 172 172 172 170 166 164 166 170 174 176 179 185 190 194 195 192 188 186 186 187 187 188 190 194 197 197 197 199 200 203 207 212 217 222 225 224 224 228 233 237 241 245 253 262 269 267 257 247 244 244 241 239 242 253 262 263 249 209 199 206 210 208 202 196 197 201 204 204 203 203 204 205 207 208 206 208 213 210 205 212 223 223 222
165 165 165 166 167 168 170 171 171 171 172 172 172 173 173 170 166 164 165 170 176 181 187 193 195 194 190 189 188 189 190 188 187 190 191 193 197 201 204 209 217 227 236 242 242 239 234 223 219 222 225 224 223 226 231 236 237 230 221 221 221 218 214 212 215 222 222 221 204 165 191 203 204 201 199 201 205 210 213 212 209 206 208 212 215 214 217 220 219 218 227 238 240 240
165 165 165 166 167 168 169 170 171 171 171 171 171 170 171 171 170 169 168 170 175 181 187 192 193 191 188 189 190 189 188 187 187 190 192 198 208 215 222 230 238 240 236 231 226 223 221 217 214 215 213 208 204 204 206 210 211 206 201 206 210 208 206 204 207 209 207 205 202 174 156 187 200 203 203 204 208 215 217 216 212 211 216 221 223 226 229 232 231 231 237 244 245 245
164 165 165 166 167 168 169 170 170 171 171 171 170 169 167 167 171 173 174 174 176 181 186 189 190 189 188 188 188 187 186 188 193 200 209 219 226 229 229 228 224 216 211 211 210 209 209 209 206 203 203 201 198 198 201 206 209 204 196 198 203 206 205 202 204 207 207 203 202 195 175 165 192 198 199 204 208 212 213 214 214 217 223 228 234 239 241 243 245 240 234 235 236 237
164 164 165 166 167 168 169 170 170 171 171 171 170 168 165 164 168 173 176 178 179 182 185 186 187 189 189 187 186 187 189 196 205 213 217 217 214 211 209 207 205 203 204 207 207 206 204 202 198 195 195 197 198 200 203 205 207 203 196 196 201 205 204 201 201 205 207 205 203 202 194 182 184 187 190 199 204 209 215 221 225 228 231 235 240 244 245 244 244 241 234 231 231 231
164 164 165 166 167 168 169 169 170 171 171 171 170 169 166 164 166 171 176 179 182 183 184 184 187 189 189 187 186 190 197 204 208 209 208 207 205 202 201 201 201 202 204 204 204 204 200 194 194 196 196 196 198 200 201 201 202 202 198 197 201 205 205 202 200 203 207 208 206 203 196 188 189 192 189 193 205 222 234 239 242 243 241 236 233 233 233 233 235 236 232 229 230 230
164 164 165 166 167 168 169 169 169 170 171 171 171 170 168 167 167 172 176 179 181 182 182 183 185 187 188 188 190 193 198 203 206 207 207 207 204 199 197 197 197 198 199 200 200 198 196 193 194 199 200 198 196 196 196 196 198 201 200 200 203 209 208 204 202 204 207 208 204 199 195 192 194 197 195 195 209 231 242 243 242 241 236 228 225 226 226 228 232 233 225 220 227 230
164 164 165 166 167 168 169 169 170 170 171 171 171 171 170 170 171 174 176 177 179 180 182 182 184 186 188 189 192 194 196 199 202 202 199 197 195 192 191 192 194 196 198 198 197 195 196 196 195 197 199 198 194 191 192 194 197 200 202 203 205 209 209 204 203 203 203 202 200 198 197 197 200 201 198 196 201 212 222 228 229 228 225 222 220 224 226 227 231 231 224 213 221 229
164 164 165 166 167 167 168 169 170 170 171 171 171 171 171 172 173 175 176 176 178 180 181 181 183 186 188 190 192 193 193 195 196 192 189 189 190 190 190 192 194 196 197 196 196 197 198 196 193 194 196 196 195 193 192 193 195 198 201 204 205 208 209 204 201 199 197 198 199 201 202 203 205 206 201 193 194 203 212 218 220 221 223 221 217 219 222 225 229 228 220 208 214 224
163 164 165 166 166 167 168 170 170 170 170 171 172 172 172 173 174 175 175 176 178 179 180 181 184 186 188 190 192 192 190 189 187 186 186 187 190 193 194 194 194 195 195 196 198 196 193 192 192 193 195 196 196 196 193 191 193 195 198 203 205 207 208 203 197 194 193 197 202 205 206 206 208 208 200 189 187 197 206 212 216 217 220 221 215 214 216 219 224 224 217 205 210 221
163 164 165 166 166 167 168 170 170 170 170 171 172 173 173 173 174 174 175 176 178 179 180 182 184 186 189 192 193 191 187 183 181 184 187 190 192 195 195 193 192 192 194 196 195 191 191 193 193 194 195 197 197 196 193 191 192 194 195 200 205 207 208 200 193 192 195 201 208 211 210 209 210 207 200 192 187 193 201 209 214 215 217 219 216 213 211 216 222 223 216 206 210 221
164 164 164 165 167 168 169 169 170 170 170 171 172 173 173 174 174 174 175 176 177 178 180 182 184 187 191 195 195 189 184 180 179 183 188 191 193 194 192 190 188 189 190 191 190 190 193 196 195 195 196 197 196 194 193 192 193 195 195 198 203 207 204 199 194 196 203 210 215 217 216 212 209 205 201 198 195 193 198 206 212 213 214 215 216 214 211 216 224 225 216 206 212 221
164 164 164 165 166 168 169 169 169 170 171 171 171 172 173 174 174 174 174 176 176 178 179 181 184 188 193 196 194 189 184 179 176 178 184 189 192 193 189 186 185 185 185 185 188 193 196 197 196 195 196 197 196 195 193 191 193 198 199 199 200 200 198 198 199 201 205 211 216 219 217 211 206 204 201 200 204 201 195 198 206 209 209 211 214 213 208 212 222 224 212 203 209 218
164 164 165 165 166 168 168 169 169 170 171 171 171 171 172 173 173 174 174 175 176 177 179 180 183 187 191 193 193 192 188 181 175 172 176 184 189 190 188 183 182 181 180 183 188 192 195 196 195 194 195 198 198 195 190 188 194 201 202 198 194 194 196 201 205 207 207 209 213 215 214 209 205 203 199 198 206 209 197 189 198 204 206 208 211 211 207 209 218 221 210 198 205 214
164 164 165 166 167 168 168 168 169 170 171 171 171 172 172 172 172 173 174 175 175 176 177 179 181 185 188 189 191 193 192 187 179 173 171 175 182 186 186 182 180 179 178 182 186 188 191 195 196 194 193 196 196 194 190 187 193 199 199 194 193 196 200 206 211 213 210 209 211 212 213 211 206 202 197 194 204 211 206 191 192 200 204 207 210 212 209 211 218 220 212 199 200 211
164 164 165 166 167 168 168 168 169 170 171 171 172 172 171 171 172 172 173 174 174 175 176 177 180 183 183 183 187 192 194 192 186 180 173 170 174 180 182 181 179 178 179 181 183 185 188 192 196 193 189 193 195 195 193 188 188 194 197 194 195 200 205 207 211 212 210 208 210 211 212 210 205 202 198 195 201 213 215 205 193 193 201 208 214 217 216 216 220 221 216 207 201 208
164 164 165 166 167 167 168 168 170 170 171 171 171 171 171 171 171 172 172 172 173 174 175 176 177 178 176 177 182 188 191 193 191 183 174 172 174 177 178 178 177 178 180 182 182 184 186 188 191 190 189 191 194 197 197 191 187 192 198 200 200 206 210 211 212 212 207 205 210 213 213 211 209 207 201 197 201 213 220 217 202 190 198 212 220 222 221 220 221 220 218 215 208 208
165 165 166 167 167 167 168 169 170 170 170 171 171 171 170 170 170 171 171 172 172 173 174 175 175 173 171 173 178 184 189 192 189 181 174 173 175 175 176 176 176 178 181 183 184 184 185 184 185 189 190 191 195 201 201 196 193 195 201 207 209 210 215 218 218 213 205 204 214 219 219 217 215 209 200 195 199 209 218 220 210 194 197 211 217 217 217 217 219 220 220 221 220 220
165 165 166 167 167 167 168 169 170 170 170 170 170 170 170 170 170 170 170 171 171 172 173 174 172 171 170 172 178 185 188 186 182 178 174 174 174 173 173 176 178 179 182 185 186 186 184 182 185 191 194 196 200 206 207 201 199 201 206 214 214 210 213 218 220 213 202 203 216 224 222 218 214 204 195 194 198 205 214 219 214 202 200 208 215 217 219 221 224 225 226 226 227 230
165 166 167 167 167 167 169 170 170 170 170 170 170 170 170 170 170 169 169 169 169 170 171 172 170 169 169 171 177 181 181 178 178 178 176 173 171 170 172 177 181 183 185 186 187 187 186 187 192 197 199 200 203 208 209 202 199 203 210 218 218 209 206 212 218 214 200 199 213 222 217 209 204 198 193 193 195 202 211 218 216 209 207 210 216 222 226 228 229 230 231 231 231 233
166 167 168 167 166 168 169 170 169 169 169 169 169 169 169 169 170 169 169 168 168 168 169 169 169 168 167 169 172 173 173 174 177 181 179 171 167 170 175 180 184 186 187 188 189 189 190 193 197 199 201 202 204 208 209 204 199 203 211 218 216 204 198 205 215 215 204 198 210 217 211 204 202 197 193 191 192 197 206 214 216 213 213 213 212 215 221 224 223 225 228 231 233 233
167 168 169 167 167 168 170 170 169 169 169 168 168 168 169 169 169 168 168 168 167 167 167 166 166 167 167 167 167 166 166 170 175 180 180 174 169 172 179 183 186 189 191 192 193 194 195 198 200 201 203 205 208 209 209 207 203 204 213 219 217 205 193 199 212 216 213 204 206 211 208 206 205 201 196 192 191 194 203 212 214 213 214 216 213 211 217 219 218 219 223 225 228 231
168 168 169 168 168 170 170 170 169 169 168 168 168 168 168 168 168 167 167 167 167 166 165 164 164 165 166 167 167 164 161 165 170 173 177 179 177 177 183 188 192 196 197 196 196 197 196 197 198 200 202 205 206 205 204 204 205 207 214 222 222 211 194 194 207 215 215 210 206 208 210 212 211 207 200 194 193 198 208 214 215 214 215 220 220 213 213 217 215 214 217 220 225 231
169 168 168 168 170 171 171 170 169 169 168 168 168 168 167 167 167 167 167 166 166 166 165 164 163 163 164 167 168 163 158 160 164 167 175 182 185 186 191 196 199 199 198 196 196 195 194 194 197 199 201 200 200 200 199 200 204 207 211 219 223 215 199 191 199 211 216 214 210 209 214 220 219 210 201 196 195 202 213 217 216 216 218 222 225 220 209 212 213 211 214 219 225 230
170 169 169 169 171 172 171 170 169 168 168 168 168 167 167 166 166 166 166 166 165 165 165 164 163 163 164 166 166 160 157 158 160 165 175 182 189 197 201 201 199 197 195 194 194 193 192 193 196 199 198 195 196 198 199 198 200 204 208 213 218 215 203 192 194 208 218 219 216 213 214 218 215 205 199 200 196 197 209 215 212 214 217 220 224 222 207 204 211 212 213 218 225 229
170 170 170 171 172 172 171 170 169 168 167 168 168 167 166 166 166 166 166 165 165 165 164 164 163 163 163 164 160 156 155 157 159 165 174 183 196 204 203 198 195 193 191 189 191 191 190 190 193 195 194 191 192 197 199 195 195 199 203 206 209 210 205 197 195 207 221 225 221 214 211 208 205 201 200 202 195 188 203 214 210 208 213 217 223 223 211 201 207 212 213 218 228 233
171 171 171 172 172 172 171 170 168 167 167 168 167 167 166 166 166 165 165 165 165 164 164 164 163 162 161 159 155 152 152 154 158 164 173 186 195 197 197 196 193 191 187 185 188 190 189 188 189 192 194 190 188 191 194 191 189 192 197 200 203 207 209 206 200 206 222 228 221 212 207 205 206 205 202 202 194 182 193 208 209 208 213 219 226 226 216 203 202 209 212 220 232 236
174 173 173 173 173 173 171 169 168 168 168 168 167 166 166 166 166 165 165 164 164 164 164 164 163 162 159 156 153 151 150 151 155 161 174 186 189 189 192 193 192 189 185 184 186 188 189 187 186 190 194 189 182 183 190 191 189 190 196 201 205 209 214 214 207 207 221 225 217 209 207 211 213 207 201 201 192 181 186 203 208 209 213 219 225 226 217 205 202 208 211 221 232 237
178 177 176 175 174 173 171 170 169 169 168 168 167 166 166 166 166 166 165 165 164 164 164 163 163 162 159 157 155 153 151 152 154 160 172 181 183 184 185 186 186 185 185 186 184 183 185 186 186 188 192 189 181 180 188 195 195 195 202 210 213 212 214 216 212 209 216 218 211 207 210 213 211 201 196 198 191 182 186 200 208 208 211 216 219 218 212 206 206 209 212 222 231 235
