windninja/windninja_output/Output_2025-10-23_0700-0750_Google earth_Fire_150m_10min/merlingen_7.5mi_point_10-23-2025_0750_150m_vel.asc
ncols	158
nrows	163
xllcorner	391686.332397
yllcorner	5160024.123721
cellsize	150.000000
NODATA_value	-32768.000000
[rows 37 to 73 of 163, columns 0 to 83 of 158]
8.99 8.89 8.56 8.11 7.64 7.29 7.04 6.77 6.55 6.41 6.32 6.18 6.02 5.90 5.83 5.76 5.67 5.57 5.49 5.42 5.35 5.27 5.20 5.14 5.12 5.09 5.00 4.92 5.26 6.14 6.53 6.34 5.91 5.27 4.85 4.74 4.71 4.44 4.01 3.68 3.58 3.60 3.71 3.90 3.98 3.99 4.01 4.02 3.97 3.89 3.85 3.98 4.24 4.33 4.21 4.19 4.45 4.70 4.71 4.92 5.25 4.75 3.81 3.28 3.31 4.10 5.06 5.03 4.30 3.64 3.21 3.10 3.06 3.00 3.04 2.92 2.73 2.94 3.34 3.11 2.63 2.96 3.85 4.80
9.14 9.04 8.63 8.07 7.55 7.22 6.97 6.75 6.61 6.53 6.44 6.27 6.10 5.97 5.87 5.76 5.67 5.59 5.52 5.47 5.41 5.32 5.25 5.22 5.18 5.12 5.12 5.38 6.00 6.37 6.05 5.52 5.02 4.59 4.44 4.32 4.08 4.03 4.13 4.16 4.19 4.22 4.26 4.41 4.60 4.61 4.60 4.76 4.93 4.99 4.87 4.76 4.81 4.88 4.75 4.64 4.92 5.40 5.74 5.92 6.21 6.04 5.09 3.98 3.47 3.71 4.51 4.76 4.22 3.81 3.73 3.77 3.81 3.64 3.35 3.12 2.89 3.05 3.70 4.01 3.30 3.04 3.44 4.15
9.09 8.92 8.40 7.91 7.52 7.19 6.92 6.80 6.77 6.68 6.47 6.25 6.11 6.02 5.93 5.82 5.71 5.61 5.54 5.48 5.41 5.35 5.30 5.23 5.16 5.11 5.19 5.48 5.66 5.34 4.85 4.64 4.46 4.26 4.01 3.87 4.11 4.63 4.88 4.76 4.56 4.51 4.65 4.93 5.19 5.27 5.11 5.02 5.22 5.46 5.43 5.24 5.43 5.96 6.27 6.13 6.12 6.45 6.78 6.96 7.19 7.39 6.81 5.20 3.99 3.90 4.52 4.68 4.14 3.81 3.85 3.91 3.87 3.71 3.55 3.42 3.22 3.28 3.78 4.62 4.49 3.76 3.46 3.69
9.09 8.98 8.41 7.93 7.60 7.35 7.18 7.05 6.91 6.69 6.45 6.29 6.22 6.16 6.07 5.94 5.82 5.71 5.61 5.53 5.47 5.42 5.33 5.24 5.18 5.12 5.12 5.07 4.81 4.48 4.34 4.20 3.93 3.64 3.36 3.39 3.87 4.56 5.18 5.46 5.46 5.38 5.38 5.36 5.37 5.58 5.70 5.62 5.61 5.73 5.74 5.60 5.84 6.32 6.73 6.81 6.58 6.36 6.36 6.47 6.54 6.98 7.40 6.42 4.66 4.25 4.89 4.95 4.34 4.07 3.86 3.62 3.38 3.26 3.44 3.62 3.58 3.60 3.73 4.39 4.93 4.80 4.40 4.15
9.11 9.03 8.57 8.10 7.72 7.49 7.39 7.25 7.00 6.71 6.53 6.44 6.36 6.25 6.14 6.02 5.90 5.79 5.69 5.61 5.54 5.43 5.29 5.20 5.14 5.04 4.94 4.78 4.55 4.46 4.36 4.03 3.65 3.33 3.23 3.54 3.85 4.06 4.73 5.84 6.58 6.85 6.71 6.28 6.07 6.38 6.73 6.73 6.49 6.33 6.28 6.13 5.84 5.44 5.25 5.44 5.30 4.87 4.77 4.96 5.16 5.58 6.63 7.08 5.96 4.93 5.23 5.49 5.00 4.70 4.32 3.88 3.57 3.31 3.47 3.75 3.79 3.70 3.59 3.81 4.35 4.73 4.94 4.93
9.04 8.94 8.59 8.20 7.87 7.66 7.50 7.29 7.06 6.86 6.69 6.56 6.43 6.31 6.18 6.04 5.93 5.83 5.73 5.64 5.52 5.37 5.27 5.19 5.08 4.96 4.83 4.71 4.66 4.64 4.41 4.02 3.70 3.48 3.55 3.94 4.42 4.98 5.61 6.23 6.63 6.70 6.69 6.81 6.85 6.78 6.48 6.10 5.79 5.57 5.54 5.47 5.04 4.48 4.12 4.14 4.15 3.90 3.82 4.09 4.33 4.55 5.36 6.58 6.89 6.10 5.74 6.15 6.12 5.71 5.36 4.99 4.51 4.04 3.97 4.03 3.94 3.75 3.59 3.74 4.09 4.24 4.50 4.90
8.95 8.84 8.52 8.24 8.07 7.92 7.65 7.33 7.10 6.94 6.79 6.64 6.49 6.33 6.16 6.03 5.91 5.80 5.72 5.63 5.48 5.36 5.29 5.19 5.07 4.95 4.85 4.77 4.69 4.48 4.17 3.92 3.78 3.76 3.90 4.21 4.81 5.58 5.94 5.81 5.52 5.43 5.70 6.01 5.93 5.45 5.07 4.91 4.82 4.73 4.79 4.90 4.75 4.39 4.07 3.91 3.85 3.77 3.75 3.95 4.04 3.98 4.23 5.06 6.18 6.57 6.37 6.50 6.94 7.12 6.99 6.78 6.20 5.47 5.08 4.75 4.41 4.04 3.73 3.67 3.91 4.14 4.36 4.61
8.81 8.66 8.37 8.23 8.13 7.89 7.59 7.35 7.15 6.97 6.81 6.66 6.50 6.32 6.17 6.04 5.94 5.86 5.80 5.70 5.57 5.44 5.31 5.18 5.07 4.98 4.92 4.84 4.65 4.36 4.12 3.97 3.90 3.92 4.00 4.24 4.63 4.75 4.54 4.42 4.46 4.80 5.10 5.06 4.72 4.47 4.39 4.50 4.78 5.04 5.18 5.22 5.02 4.64 4.32 4.06 3.86 3.80 3.86 4.04 4.18 4.07 3.94 4.15 4.87 5.72 6.06 6.08 6.48 7.13 7.41 7.46 7.29 6.66 5.93 5.29 4.74 4.35 3.99 3.72 3.69 3.94 4.28 4.45
8.72 8.61 8.43 8.30 8.06 7.76 7.54 7.39 7.20 7.00 6.82 6.67 6.52 6.38 6.28 6.17 6.09 6.02 5.90 5.75 5.62 5.49 5.33 5.18 5.09 5.04 4.95 4.74 4.52 4.36 4.24 4.13 4.05 4.02 4.03 4.08 4.03 3.79 3.65 3.79 4.16 4.53 4.60 4.40 4.26 4.39 4.56 4.71 4.97 5.11 4.96 4.84 4.69 4.31 4.11 4.08 3.92 3.77 3.84 4.11 4.40 4.52 4.43 4.43 4.67 4.92 5.22 5.31 5.12 5.21 5.70 6.15 6.49 6.37 5.91 5.35 4.71 4.42 4.32 4.19 4.06 3.96 3.94 4.08
8.77 8.68 8.55 8.31 7.92 7.61 7.43 7.30 7.16 7.03 6.90 6.75 6.60 6.47 6.35 6.25 6.15 6.02 5.87 5.72 5.57 5.44 5.32 5.23 5.14 5.00 4.82 4.63 4.48 4.35 4.23 4.13 4.04 4.01 4.03 3.94 3.71 3.56 3.62 3.78 3.93 4.00 4.03 4.03 3.97 4.16 4.56 4.90 4.90 4.60 4.36 4.35 4.37 4.13 3.88 3.97 4.02 3.89 3.85 4.09 4.57 4.92 4.93 4.80 4.75 4.69 4.66 4.71 4.45 4.23 4.42 4.83 5.37 5.68 5.66 5.41 4.88 4.50 4.44 4.36 4.07 3.77 3.66 3.73
8.82 8.69 8.42 8.11 7.74 7.36 7.17 7.13 7.08 7.00 6.91 6.81 6.66 6.49 6.36 6.25 6.12 5.97 5.82 5.69 5.53 5.37 5.27 5.18 5.06 4.90 4.74 4.62 4.50 4.37 4.23 4.07 3.92 3.84 3.77 3.68 3.61 3.57 3.52 3.49 3.51 3.60 3.71 3.89 4.06 4.20 4.41 4.51 4.34 4.10 4.08 4.13 4.22 4.30 4.18 4.19 4.29 4.26 4.13 4.11 4.43 4.79 4.76 4.43 4.25 4.26 4.19 4.26 4.23 4.13 4.17 4.32 4.75 5.18 5.35 5.28 4.89 4.39 4.04 3.92 3.74 3.53 3.57 3.66
8.66 8.53 8.25 7.94 7.63 7.31 7.04 6.94 6.93 6.88 6.79 6.67 6.55 6.42 6.30 6.17 6.04 5.90 5.77 5.61 5.47 5.38 5.28 5.14 4.99 4.87 4.76 4.65 4.52 4.40 4.25 4.08 3.94 3.83 3.69 3.57 3.51 3.45 3.35 3.25 3.21 3.20 3.24 3.53 4.04 4.35 4.36 4.18 4.02 3.94 3.95 3.98 4.00 4.08 4.17 4.29 4.41 4.52 4.62 4.55 4.41 4.40 4.39 4.06 3.77 3.76 3.80 3.90 3.97 3.95 4.01 4.13 4.37 4.73 4.98 5.00 4.75 4.33 3.98 3.89 3.93 3.80 3.67 3.71
8.54 8.42 8.19 7.87 7.52 7.32 7.08 6.84 6.78 6.80 6.74 6.59 6.47 6.39 6.29 6.15 6.01 5.87 5.73 5.60 5.48 5.40 5.30 5.18 5.06 4.92 4.78 4.66 4.54 4.40 4.27 4.15 4.03 3.89 3.74 3.64 3.57 3.48 3.36 3.19 3.00 2.84 2.87 3.22 3.66 3.91 3.90 3.79 3.74 3.74 3.86 4.09 4.22 4.31 4.42 4.51 4.59 4.62 4.68 4.63 4.38 4.25 4.34 4.15 3.72 3.53 3.54 3.59 3.71 3.81 3.93 4.08 4.23 4.43 4.68 4.81 4.76 4.62 4.48 4.41 4.37 4.25 3.98 3.79
8.50 8.31 8.09 8.02 7.85 7.70 7.45 7.04 6.77 6.70 6.66 6.58 6.50 6.42 6.32 6.19 6.04 5.90 5.76 5.63 5.54 5.44 5.31 5.20 5.10 4.99 4.84 4.68 4.54 4.41 4.28 4.15 4.02 3.87 3.73 3.64 3.58 3.48 3.32 3.13 2.95 2.87 2.94 3.08 3.24 3.34 3.35 3.35 3.27 3.15 3.24 3.69 4.16 4.53 4.78 4.86 4.85 4.72 4.47 4.19 4.00 4.04 4.30 4.24 3.75 3.41 3.36 3.37 3.43 3.56 3.71 3.87 4.01 4.16 4.35 4.51 4.60 4.67 4.73 4.74 4.65 4.49 4.24 3.93
8.40 8.09 7.84 7.98 8.13 8.19 8.02 7.53 6.98 6.72 6.65 6.60 6.51 6.37 6.24 6.13 6.01 5.87 5.75 5.66 5.57 5.46 5.33 5.19 5.07 4.93 4.80 4.67 4.54 4.41 4.28 4.15 4.00 3.87 3.75 3.60 3.42 3.25 3.13 3.04 2.95 2.90 2.90 2.95 2.98 2.96 3.01 3.11 3.14 3.02 3.07 3.58 3.94 4.14 4.40 4.56 4.56 4.48 4.31 4.04 3.84 3.93 4.31 4.30 3.70 3.32 3.30 3.34 3.40 3.48 3.59 3.72 3.85 3.98 4.10 4.13 4.15 4.28 4.57 4.84 4.88 4.70 4.32 3.89
8.54 8.00 7.58 7.70 7.74 7.80 7.88 7.74 7.37 6.98 6.71 6.56 6.44 6.27 6.11 6.00 5.93 5.83 5.72 5.62 5.49 5.35 5.23 5.12 5.00 4.87 4.75 4.63 4.51 4.39 4.26 4.13 4.00 3.88 3.75 3.58 3.38 3.18 3.05 2.97 2.92 2.86 2.83 2.84 2.80 2.74 2.75 3.00 3.50 3.83 4.05 4.33 4.50 4.40 4.21 4.09 4.03 4.07 4.13 4.06 3.93 4.01 4.45 4.44 3.72 3.33 3.33 3.41 3.49 3.56 3.64 3.77 3.87 3.97 4.03 3.95 3.82 3.82 4.03 4.46 4.84 4.98 4.68 4.00
9.03 8.41 7.76 7.81 7.85 7.72 7.77 7.78 7.44 6.90 6.49 6.32 6.25 6.18 6.08 5.97 5.86 5.76 5.66 5.52 5.37 5.25 5.16 5.06 4.94 4.82 4.72 4.62 4.51 4.39 4.26 4.13 4.00 3.87 3.73 3.57 3.41 3.22 3.05 2.94 2.92 2.91 2.85 2.74 2.61 2.58 2.73 3.06 3.71 4.24 4.43 4.41 4.52 4.59 4.32 3.95 3.79 3.88 4.06 4.13 4.06 4.11 4.57 4.56 3.85 3.46 3.44 3.58 3.73 3.76 3.79 3.90 4.02 4.06 4.05 3.95 3.78 3.66 3.65 3.85 4.33 4.91 5.11 4.71
9.19 8.91 8.18 7.80 7.94 7.93 7.80 7.74 7.41 6.77 6.25 6.05 6.02 6.02 6.00 5.92 5.81 5.71 5.60 5.46 5.34 5.23 5.12 5.02 4.92 4.81 4.70 4.59 4.48 4.35 4.23 4.11 3.99 3.86 3.73 3.58 3.42 3.24 3.06 2.91 2.84 2.79 2.66 2.43 2.24 2.32 2.68 3.04 3.44 3.78 3.98 4.00 4.00 4.13 4.22 3.98 3.77 3.86 4.11 4.30 4.31 4.41 4.79 4.70 4.06 3.74 3.72 3.87 4.16 4.25 4.15 4.08 4.05 4.02 4.02 3.99 3.87 3.82 3.80 3.68 3.91 4.55 5.09 5.22
8.72 8.79 8.32 7.28 6.77 6.77 6.78 6.97 7.22 6.99 6.35 5.89 5.76 5.77 5.77 5.72 5.66 5.60 5.52 5.44 5.35 5.20 5.06 4.95 4.86 4.76 4.67 4.56 4.46 4.34 4.22 4.11 3.98 3.85 3.71 3.57 3.43 3.27 3.10 2.90 2.69 2.46 2.26 2.11 2.04 2.11 2.41 2.82 3.08 3.29 3.56 3.82 3.88 3.92 4.15 4.05 3.83 3.88 4.10 4.31 4.47 4.73 5.12 5.00 4.28 3.85 3.79 3.85 4.15 4.40 4.33 4.14 4.03 3.99 4.01 4.03 3.99 4.03 4.06 3.88 3.85 4.25 4.73 5.03
8.33 8.40 8.32 7.57 6.53 5.97 5.80 5.96 6.51 6.89 6.65 6.12 5.69 5.51 5.53 5.54 5.48 5.40 5.34 5.28 5.23 5.15 5.05 4.93 4.81 4.72 4.62 4.53 4.42 4.31 4.21 4.09 3.97 3.84 3.72 3.58 3.43 3.28 3.12 2.93 2.69 2.42 2.24 2.19 2.17 2.19 2.33 2.50 2.62 2.82 3.12 3.46 3.62 3.77 4.06 3.95 3.81 3.91 4.08 4.24 4.39 4.69 5.22 5.28 4.47 3.69 3.46 3.47 3.63 3.94 4.07 4.17 4.20 4.17 4.16 4.13 4.15 4.22 4.24 4.13 3.99 4.09 4.38 4.64
8.26 8.17 8.18 8.17 7.71 6.94 6.20 5.79 5.99 6.63 7.02 6.83 6.22 5.59 5.30 5.31 5.36 5.31 5.22 5.15 5.11 5.07 5.00 4.89 4.78 4.69 4.59 4.49 4.39 4.29 4.17 4.06 3.95 3.82 3.70 3.58 3.45 3.31 3.15 2.98 2.80 2.61 2.43 2.31 2.23 2.16 2.08 2.03 2.09 2.28 2.57 2.96 3.22 3.45 3.87 3.80 3.73 3.96 4.14 4.21 4.32 4.57 5.03 5.34 4.76 3.83 3.36 3.29 3.43 3.69 3.96 4.21 4.31 4.30 4.31 4.27 4.34 4.45 4.43 4.39 4.32 4.28 4.33 4.40
8.34 8.17 7.95 7.93 7.90 7.67 7.15 6.44 6.09 6.33 6.77 7.00 6.73 5.97 5.25 5.01 5.06 5.13 5.13 5.09 5.00 4.90 4.85 4.81 4.73 4.63 4.53 4.43 4.33 4.24 4.14 4.04 3.93 3.82 3.70 3.58 3.45 3.31 3.17 3.03 2.88 2.71 2.54 2.37 2.23 2.05 1.83 1.67 1.63 1.73 1.98 2.40 2.88 3.24 3.67 3.65 3.53 3.69 3.88 3.96 4.15 4.52 4.96 5.32 5.05 4.19 3.56 3.45 3.67 3.95 4.05 4.16 4.29 4.31 4.32 4.30 4.36 4.50 4.54 4.55 4.59 4.62 4.56 4.47
8.37 8.24 7.92 7.65 7.46 7.34 7.23 6.83 6.25 5.82 5.71 6.02 6.46 6.39 5.79 5.16 4.85 4.84 4.92 4.94 4.91 4.85 4.78 4.72 4.66 4.58 4.48 4.38 4.29 4.19 4.10 4.00 3.90 3.79 3.69 3.58 3.46 3.34 3.21 3.06 2.92 2.77 2.62 2.47 2.29 2.10 1.90 1.68 1.50 1.46 1.57 1.90 2.52 3.01 3.44 3.45 3.27 3.30 3.47 3.61 3.82 4.26 4.83 5.26 5.15 4.46 3.84 3.66 3.80 4.01 4.01 4.03 4.20 4.26 4.25 4.28 4.30 4.32 4.37 4.39 4.44 4.64 4.76 4.72
8.26 8.16 7.91 7.63 7.34 7.02 6.82 6.60 6.18 5.71 5.41 5.50 6.06 6.64 6.60 5.91 5.11 4.71 4.67 4.77 4.85 4.87 4.82 4.70 4.59 4.50 4.39 4.30 4.23 4.15 4.06 3.97 3.88 3.78 3.67 3.57 3.46 3.35 3.23 3.10 2.96 2.83 2.68 2.54 2.40 2.23 2.04 1.84 1.61 1.44 1.38 1.46 1.96 2.57 3.04 3.20 3.14 3.12 3.19 3.33 3.50 3.82 4.36 4.94 5.05 4.62 3.93 3.51 3.59 3.84 3.89 3.88 4.01 4.10 4.10 4.18 4.30 4.27 4.23 4.23 4.24 4.43 4.65 4.70
8.32 8.20 7.90 7.61 7.40 7.12 6.79 6.51 6.25 5.98 5.69 5.57 5.77 6.23 6.66 6.58 5.93 5.16 4.68 4.54 4.58 4.63 4.63 4.59 4.51 4.39 4.29 4.22 4.15 4.09 4.01 3.93 3.83 3.75 3.66 3.56 3.46 3.36 3.24 3.13 3.01 2.88 2.75 2.61 2.46 2.32 2.15 1.96 1.74 1.49 1.29 1.17 1.36 1.96 2.48 2.71 2.86 2.92 2.93 3.01 3.16 3.42 3.87 4.43 4.73 4.60 4.05 3.54 3.50 3.75 3.83 3.84 3.87 3.91 3.91 3.97 4.17 4.26 4.25 4.28 4.29 4.37 4.50 4.53
8.39 8.20 7.81 7.48 7.32 7.24 7.08 6.80 6.45 6.12 5.77 5.44 5.30 5.42 5.90 6.46 6.49 5.90 5.13 4.58 4.38 4.37 4.39 4.39 4.36 4.28 4.21 4.16 4.10 4.03 3.96 3.88 3.80 3.72 3.64 3.55 3.46 3.36 3.26 3.14 3.03 2.92 2.79 2.66 2.53 2.39 2.24 2.06 1.86 1.60 1.34 1.15 1.13 1.49 1.97 2.36 2.70 2.80 2.79 2.84 2.93 3.17 3.53 3.96 4.37 4.45 4.10 3.79 3.67 3.70 3.77 3.83 3.82 3.76 3.79 3.89 4.05 4.19 4.24 4.31 4.39 4.45 4.57 4.56
8.69 8.21 7.56 7.20 6.94 6.93 7.00 6.91 6.65 6.28 5.84 5.35 5.03 4.99 5.24 5.80 6.34 6.35 5.80 5.11 4.62 4.34 4.26 4.28 4.31 4.30 4.23 4.12 4.03 3.96 3.90 3.83 3.76 3.69 3.61 3.53 3.44 3.36 3.27 3.18 3.07 2.96 2.85 2.72 2.59 2.45 2.31 2.14 1.95 1.72 1.46 1.24 1.16 1.33 1.66 2.22 2.77 2.85 2.73 2.76 2.84 3.08 3.39 3.61 3.87 3.89 3.51 3.51 3.62 3.67 3.73 3.81 3.83 3.68 3.67 3.87 4.06 4.18 4.28 4.41 4.57 4.64 4.75 4.82
9.32 8.52 7.49 7.04 6.64 6.38 6.36 6.40 6.35 6.21 5.89 5.39 5.06 4.99 4.94 5.14 5.76 6.33 6.33 5.79 5.14 4.56 4.20 4.10 4.15 4.22 4.19 4.08 3.96 3.87 3.83 3.78 3.72 3.65 3.58 3.51 3.43 3.36 3.27 3.18 3.09 2.99 2.89 2.77 2.65 2.52 2.38 2.24 2.08 1.87 1.59 1.29 1.17 1.24 1.34 1.82 2.73 3.02 2.79 2.65 2.61 2.82 3.18 3.41 3.49 3.21 2.97 3.08 3.32 3.52 3.68 3.81 3.83 3.65 3.56 3.76 4.03 4.22 4.40 4.62 4.78 4.82 4.86 4.94
9.87 9.12 8.02 7.35 6.90 6.53 6.23 6.12 5.93 5.71 5.66 5.41 4.96 4.79 4.81 4.79 4.96 5.54 6.11 6.14 5.67 5.07 4.55 4.15 3.98 4.02 4.08 4.05 3.97 3.87 3.78 3.71 3.66 3.61 3.55 3.49 3.42 3.35 3.28 3.20 3.12 3.03 2.93 2.83 2.71 2.60 2.47 2.33 2.18 2.00 1.76 1.45 1.22 1.16 1.09 1.30 2.25 2.99 2.97 2.67 2.34 2.41 3.02 3.60 3.70 3.35 3.02 2.96 3.08 3.25 3.45 3.69 3.78 3.57 3.43 3.54 3.85 4.09 4.28 4.56 4.76 4.77 4.81 4.90
9.74 9.65 9.02 7.96 7.21 6.84 6.66 6.67 6.59 6.12 5.74 5.62 5.17 4.65 4.63 4.73 4.63 4.75 5.30 5.90 6.07 5.78 5.25 4.64 4.17 3.99 3.98 3.98 3.96 3.87 3.76 3.68 3.62 3.55 3.50 3.44 3.39 3.33 3.27 3.21 3.13 3.06 2.97 2.88 2.78 2.67 2.56 2.43 2.30 2.14 1.95 1.70 1.43 1.25 1.06 1.00 1.54 2.45 2.90 2.76 2.26 2.24 2.99 3.72 3.93 3.71 3.30 3.00 2.94 3.02 3.14 3.42 3.64 3.51 3.39 3.38 3.54 3.79 4.00 4.37 4.74 4.84 4.88 4.97
8.61 9.76 10.55 9.63 8.35 7.27 6.98 7.23 7.26 6.77 6.08 5.71 5.54 5.11 4.58 4.48 4.57 4.54 4.68 5.20 5.78 6.05 5.92 5.43 4.79 4.24 3.89 3.72 3.64 3.63 3.61 3.57 3.53 3.50 3.46 3.42 3.37 3.32 3.27 3.21 3.15 3.08 3.01 2.93 2.85 2.75 2.64 2.53 2.40 2.27 2.13 1.95 1.74 1.52 1.28 1.10 1.23 1.74 2.38 2.58 2.13 2.01 2.46 3.17 3.62 3.66 3.46 3.12 2.90 2.88 2.92 3.16 3.41 3.32 3.23 3.22 3.27 3.47 3.80 4.18 4.58 4.78 4.81 4.76
6.74 8.54 10.84 11.53 11.19 9.90 8.66 8.60 8.39 7.44 6.53 5.96 5.73 5.56 5.12 4.65 4.57 4.57 4.47 4.56 4.86 5.30 5.74 5.88 5.58 5.05 4.40 3.79 3.43 3.33 3.36 3.41 3.43 3.42 3.40 3.36 3.34 3.30 3.26 3.21 3.16 3.10 3.04 2.97 2.90 2.82 2.73 2.63 2.52 2.40 2.29 2.15 2.02 1.85 1.67 1.50 1.42 1.53 1.91 2.15 1.79 1.57 1.88 2.40 2.91 3.22 3.33 3.22 3.02 2.90 2.87 3.02 3.16 2.98 2.84 2.90 2.96 3.07 3.34 3.69 3.96 4.21 4.61 4.55
4.99 5.59 7.63 9.52 10.69 10.95 10.40 10.03 10.08 9.57 8.67 8.14 7.62 6.97 6.50 5.95 5.34 4.88 4.49 4.28 4.33 4.50 4.80 5.24 5.56 5.59 5.19 4.41 3.71 3.33 3.17 3.17 3.25 3.32 3.35 3.33 3.30 3.27 3.23 3.21 3.17 3.12 3.08 3.02 2.96 2.89 2.81 2.72 2.63 2.54 2.43 2.33 2.22 2.10 1.99 1.89 1.81 1.75 1.81 1.89 1.69 1.47 1.57 1.86 2.16 2.43 2.73 2.92 2.95 2.93 2.92 3.01 3.06 2.80 2.65 2.67 2.63 2.62 2.75 3.11 3.46 3.82 4.50 4.81
5.07 4.80 4.85 5.53 6.71 8.01 8.25 8.04 8.72 9.41 9.23 8.92 8.68 8.26 7.69 7.08 6.48 5.80 5.04 4.43 4.23 4.24 4.28 4.38 4.62 5.18 5.63 5.25 4.46 3.85 3.40 3.11 3.04 3.13 3.22 3.26 3.27 3.26 3.23 3.20 3.17 3.14 3.10 3.05 3.00 2.95 2.88 2.82 2.74 2.66 2.57 2.49 2.40 2.31 2.24 2.16 2.11 2.07 2.02 1.96 1.82 1.67 1.59 1.63 1.69 1.76 2.00 2.23 2.36 2.50 2.70 3.01 3.03 2.68 2.57 2.60 2.51 2.37 2.35 2.62 3.17 3.79 4.30 5.11
6.47 5.97 5.25 5.14 5.51 5.83 5.48 5.00 5.59 6.66 6.57 6.32 6.40 6.59 6.69 6.54 6.43 6.32 5.92 5.25 4.62 4.28 4.17 4.15 4.13 4.59 5.57 5.97 5.44 4.69 4.08 3.53 3.12 2.98 3.04 3.12 3.17 3.20 3.21 3.20 3.17 3.15 3.12 3.09 3.05 3.01 2.95 2.90 2.84 2.77 2.70 2.62 2.56 2.49 2.42 2.37 2.31 2.28 2.24 2.17 2.05 1.96 1.86 1.74 1.67 1.62 1.64 1.72 1.74 1.79 2.07 2.62 2.81 2.45 2.37 2.49 2.50 2.30 2.18 2.38 2.89 3.64 4.24 5.49
7.62 7.13 6.31 5.84 5.70 5.61 5.14 4.52 4.74 5.30 5.05 4.78 4.72 4.71 4.88 5.01 5.19 5.53 5.77 5.70 5.38 4.93 4.56 4.38 4.22 4.22 4.79 5.72 5.95 5.44 4.83 4.28 3.68 3.11 2.91 3.00 3.08 3.15 3.18 3.19 3.19 3.16 3.14 3.12 3.10 3.06 3.02 2.97 2.92 2.87 2.81 2.76 2.69 2.64 2.58 2.53 2.48 2.44 2.40 2.35 2.27 2.20 2.14 2.03 1.91 1.80 1.69 1.63 1.49 1.36 1.45 1.91 2.28 2.03 2.02 2.17 2.32 2.21 2.07 2.32 2.80 3.45 4.41 5.82
8.79 8.11 6.95 6.26 6.01 5.81 5.37 4.92 4.79 4.87 4.83 4.75 4.61 4.43 4.35 4.32 4.34 4.48 4.71 5.00 5.25 5.28 5.12 4.83 4.41 4.12 4.28 4.98 5.67 5.74 5.31 4.88 4.46 3.79 3.19 3.02 3.03 3.05 3.11 3.14 3.17 3.18 3.18 3.16 3.14 3.12 3.08 3.05 3.01 2.97 2.91 2.86 2.82 2.77 2.72 2.67 2.63 2.59 2.54 2.48 2.43 2.37 2.31 2.24 2.16 2.06 1.92 1.78 1.59 1.44 1.41 1.55 1.65 1.54 1.63 1.79 1.97 2.01 1.92 2.20 2.81 3.56 4.74 5.73
