windninja/windninja_output/Output_2025-10-23_0700-0750_Google earth_Fire_150m_10min/merlingen_7.5mi_point_10-23-2025_0700_150m_ang.asc
ncols	158
nrows	163
xllcorner	391686.332397
yllcorner	5160024.123721
cellsize	150.000000
NODATA_value	-32768.000000
[rows 84 to 125 of 163, columns 0 to 93 of 158]
265 266 269 268 264 262 261 258 257 258 261 263 263 263 264 264 265 265 267 269 271 272 271 271 273 273 270 267 265 265 264 263 261 261 261 262 263 262 262 262 262 263 264 265 266 267 269 272 274 273 272 273 275 276 276 275 274 274 274 274 275 275 275 275 275 275 275 276 276 277 277 278 280 281 282 284 287 291 298 308 329 341 322 302 296 293 289 285 284 283 280 277 274 271
263 262 263 264 262 260 256 255 258 262 265 265 265 264 263 263 264 266 268 270 273 275 275 276 278 279 274 269 268 268 266 264 262 260 260 262 263 263 264 266 266 267 267 268 268 269 270 272 274 275 273 271 270 271 273 274 274 275 275 275 275 276 276 275 275 275 276 276 276 277 277 278 279 281 282 284 286 290 296 307 329 342 336 312 296 291 287 283 282 281 280 277 274 272
263 262 262 263 262 258 254 255 261 266 267 265 265 264 263 262 263 264 266 269 272 273 276 280 284 284 278 273 271 270 268 266 265 264 263 262 261 261 263 267 270 271 269 267 267 268 269 271 274 275 275 272 270 270 272 274 275 275 276 276 277 277 276 276 276 276 276 276 276 277 277 278 279 280 282 284 286 290 295 306 325 338 334 312 295 288 285 282 280 279 278 277 277 279
265 264 262 263 260 257 256 258 262 266 267 265 266 265 262 261 259 259 262 266 270 272 276 284 293 292 281 276 272 270 269 269 269 270 269 265 261 260 260 263 267 271 271 269 267 267 269 270 272 273 274 275 274 272 272 274 275 276 277 278 278 278 277 277 277 276 276 276 276 277 277 278 279 280 282 283 285 289 295 304 319 331 328 312 294 286 282 280 278 277 277 280 283 284
266 266 265 265 262 258 257 259 260 261 263 266 267 265 261 257 254 256 260 264 269 273 282 294 304 303 283 275 270 268 268 269 269 271 273 272 269 264 261 261 262 266 270 271 268 267 268 269 269 270 272 275 275 274 274 274 275 277 279 280 281 280 279 278 277 277 277 277 277 277 277 278 279 280 281 283 285 288 293 300 310 321 321 310 296 286 280 277 277 278 281 284 283 278
269 270 269 267 264 261 259 257 255 255 262 269 269 264 259 253 251 254 260 267 274 283 293 300 308 299 279 272 269 268 268 268 269 269 271 274 275 271 266 263 263 264 267 271 271 269 267 266 268 270 272 274 277 278 276 274 273 274 278 284 285 283 280 279 278 277 277 277 277 277 277 278 279 280 281 283 285 287 291 295 303 311 314 306 295 287 280 277 278 281 282 281 274 267
270 270 267 264 264 265 261 256 251 253 262 269 267 260 255 251 250 252 259 271 285 296 301 300 293 279 272 270 268 268 267 268 268 269 270 271 274 275 271 267 265 265 266 269 272 271 268 266 267 270 273 276 279 281 279 273 270 271 278 287 291 286 282 279 278 277 277 277 277 277 277 278 278 279 280 282 283 286 288 292 297 303 308 304 296 292 288 283 282 282 279 271 266 263
267 265 261 259 262 265 264 259 253 256 262 265 260 256 253 250 250 251 258 274 293 305 303 285 266 261 265 266 266 266 267 268 269 271 271 271 272 275 276 272 266 264 266 269 271 272 270 267 267 269 274 278 282 284 283 276 274 278 281 285 290 288 283 280 278 277 277 277 277 277 277 278 278 279 280 281 282 284 286 289 293 298 302 303 299 296 293 288 285 281 273 263 263 262
266 264 261 259 260 262 265 262 254 253 258 259 255 254 253 254 256 258 266 279 291 304 288 259 245 251 260 263 264 266 267 268 270 272 273 272 272 274 277 276 269 263 263 267 270 272 270 268 267 269 273 279 284 287 289 287 284 283 280 278 281 285 283 280 278 278 277 277 277 277 277 278 278 279 280 281 282 283 285 287 289 293 296 299 298 295 292 288 283 274 261 258 262 262
268 268 266 265 266 267 268 267 258 253 254 253 250 250 251 256 264 270 277 279 276 259 243 237 238 249 258 262 264 265 266 268 271 274 274 274 273 274 276 277 274 265 261 263 267 269 269 269 268 269 272 281 288 289 291 293 287 282 277 273 274 279 280 279 278 278 278 277 277 277 278 278 278 279 279 280 281 282 283 285 287 289 291 293 292 289 287 283 275 265 258 260 262 262
269 269 270 271 273 273 273 273 274 267 260 256 252 252 252 260 266 272 273 265 247 226 220 226 236 251 259 262 263 263 264 268 273 276 277 275 275 276 276 278 278 273 265 262 262 265 269 270 270 271 275 283 290 289 288 291 286 281 277 274 273 276 278 278 278 278 278 277 277 278 278 278 278 278 279 279 280 281 282 283 284 286 287 288 288 286 283 278 271 266 264 264 264 265
268 268 269 273 274 272 271 273 285 284 273 264 260 258 262 266 266 268 264 250 231 224 223 231 244 255 260 261 261 260 263 269 274 277 278 277 277 277 277 279 281 282 274 266 263 265 269 272 275 278 281 282 284 285 284 285 285 283 280 277 275 276 278 279 279 278 278 278 278 278 278 278 278 278 278 279 280 280 281 282 282 283 284 284 284 283 281 277 273 270 269 268 267 267
270 269 270 272 270 264 262 265 277 284 279 269 260 258 264 268 267 268 259 233 223 227 233 245 256 261 262 262 261 263 268 271 272 273 276 277 278 278 279 280 283 287 284 275 271 270 272 276 280 281 279 273 272 277 279 281 283 282 281 279 278 277 279 279 279 279 279 279 279 278 278 278 278 278 278 279 279 280 280 281 281 282 282 282 281 280 279 277 275 273 271 270 269 269
273 272 271 270 264 258 255 255 261 268 270 263 260 261 265 267 270 267 251 227 221 229 242 257 267 269 265 263 264 268 271 269 267 268 272 276 278 280 282 283 285 289 290 285 280 277 276 277 278 275 270 266 267 271 274 276 278 280 280 280 279 278 279 280 280 280 280 279 279 278 278 278 278 278 278 278 279 279 280 280 280 281 281 280 280 279 278 277 275 274 272 271 271 270
273 272 269 266 264 260 255 253 254 255 256 259 264 266 267 268 268 258 239 227 225 235 251 266 274 268 262 263 265 267 268 268 267 268 270 274 278 281 284 286 287 291 294 290 283 280 278 276 273 269 266 266 266 268 272 273 275 278 280 279 279 279 280 281 281 281 281 280 279 278 278 278 278 278 278 278 278 279 279 279 280 280 280 280 279 278 278 277 276 274 273 272 272 271
269 267 264 264 266 264 261 258 254 251 252 254 256 262 266 264 258 247 234 228 232 248 263 268 262 250 254 260 262 264 266 268 269 270 272 275 279 282 286 289 291 293 297 294 287 283 281 277 272 269 268 268 267 267 271 273 274 275 278 279 279 278 279 281 283 283 283 281 280 279 278 278 278 278 278 278 278 279 279 279 279 279 279 279 279 278 277 277 276 275 274 273 272 272
268 266 263 263 263 261 260 260 256 252 251 248 248 253 257 256 253 248 239 237 251 265 267 255 237 239 248 255 259 261 263 266 269 273 277 279 281 282 285 291 296 297 299 299 293 285 281 278 274 271 270 270 270 270 271 272 272 272 276 280 280 278 277 279 282 284 285 284 282 279 278 278 278 278 278 278 278 279 279 279 279 279 279 279 279 278 278 277 276 275 274 274 273 272
270 269 266 263 260 258 257 257 256 253 251 248 245 244 246 249 251 252 249 256 269 272 258 238 234 240 247 252 255 257 260 265 271 276 280 283 283 283 286 291 298 300 301 303 299 289 282 279 277 275 272 271 271 271 271 271 271 272 274 277 279 278 276 277 280 284 285 285 282 279 278 278 279 278 278 278 278 279 279 279 279 279 279 279 279 278 278 277 276 276 275 274 273 273
272 270 267 263 260 259 258 257 255 254 252 250 246 242 244 250 254 254 256 264 267 256 239 236 238 242 247 251 254 257 262 266 271 276 281 285 287 288 289 292 298 302 303 306 305 297 288 284 281 277 274 272 271 271 271 272 272 272 272 273 277 279 278 277 278 281 283 283 281 278 277 279 280 279 278 278 279 279 279 280 280 280 280 280 279 279 278 278 277 276 275 275 274 273
272 271 267 263 261 259 259 258 257 255 254 253 252 253 257 258 258 257 259 262 253 234 233 238 239 241 247 252 256 261 265 268 270 274 279 285 291 292 292 292 297 303 306 308 309 305 295 287 282 278 275 274 273 273 273 273 273 272 272 273 276 279 278 276 276 278 279 279 278 275 276 278 281 280 279 279 279 279 280 280 280 281 280 280 280 279 279 278 277 277 276 275 275 274
272 271 267 263 262 261 259 258 256 257 258 259 260 265 269 268 263 259 257 253 240 232 235 238 238 240 246 252 257 263 267 268 270 273 278 283 289 294 294 295 298 304 307 309 312 310 302 293 286 280 277 276 275 276 275 274 272 272 272 273 274 275 276 276 275 275 276 277 276 274 273 274 277 279 278 278 280 281 281 281 281 282 282 281 281 280 279 279 278 277 276 276 275 274
273 271 266 262 261 260 259 257 256 257 260 262 266 270 271 270 266 259 253 246 238 237 238 237 238 241 246 251 256 262 267 269 272 274 276 281 288 295 298 300 302 306 308 310 314 315 310 302 294 287 282 280 277 276 276 275 273 272 271 272 272 272 274 275 274 273 274 275 274 273 271 269 270 275 277 278 281 283 282 282 283 284 284 283 282 281 280 279 278 277 277 276 275 274
273 270 264 260 259 259 258 257 257 259 262 266 269 269 269 268 263 257 249 242 239 242 242 237 238 242 245 248 254 261 267 273 274 272 273 280 290 298 302 304 305 307 309 312 316 317 316 310 303 295 288 283 279 276 274 274 274 273 271 270 270 272 273 274 274 273 273 274 274 271 269 268 267 270 275 279 281 282 281 282 286 289 287 285 283 282 281 280 279 278 277 276 275 274
273 269 263 260 258 258 258 259 260 262 265 267 265 263 263 263 260 256 248 241 241 246 247 241 238 240 242 245 251 261 270 274 274 268 272 284 294 299 300 303 307 309 310 313 317 320 322 318 312 303 293 286 282 278 274 272 273 273 272 269 269 271 273 273 273 273 272 272 273 270 267 267 268 270 272 276 278 282 284 284 286 290 291 288 286 283 282 280 279 278 277 276 275 274
274 269 262 261 261 261 263 265 265 264 262 260 256 253 255 258 258 254 247 243 247 252 253 245 238 239 242 243 248 260 269 272 272 266 275 288 296 297 298 303 310 311 311 314 319 322 325 325 320 311 299 290 286 282 277 272 271 271 272 270 269 270 273 273 272 271 270 270 272 271 267 265 268 270 271 273 276 281 284 283 282 286 292 292 289 285 283 281 280 278 277 276 275 275
275 270 265 266 268 268 267 264 262 259 255 253 249 249 253 258 259 250 241 244 253 258 257 250 243 241 243 243 249 260 267 268 269 267 276 288 293 295 300 306 310 308 309 316 321 322 326 331 327 318 307 297 290 285 281 276 272 270 272 272 269 268 269 270 269 269 270 270 270 271 267 265 268 271 273 273 274 277 280 281 280 282 289 294 293 288 284 282 280 278 277 276 276 276
279 275 273 273 272 269 264 259 255 252 251 251 249 249 255 262 263 247 236 243 253 262 263 258 253 248 245 245 251 260 266 267 266 266 274 285 292 297 304 308 305 302 307 315 321 322 327 334 333 325 315 304 294 286 283 280 275 271 272 273 271 268 266 265 265 266 269 272 271 270 269 268 269 270 272 272 273 273 275 278 280 281 285 291 293 290 286 282 280 278 277 276 276 276
283 280 276 273 269 264 259 256 254 251 250 252 254 255 260 266 266 247 234 242 251 262 271 268 261 258 256 253 252 255 262 267 266 266 275 286 294 301 307 308 306 303 304 311 319 322 328 335 336 331 323 312 300 289 284 282 278 273 271 272 272 268 264 263 263 264 266 270 272 272 272 271 269 268 269 270 271 270 271 275 278 281 283 287 290 290 286 282 279 277 276 276 277 277
285 280 274 269 264 261 258 256 254 251 248 253 260 263 264 268 269 253 238 243 248 257 269 273 264 265 270 269 261 254 255 262 267 270 280 290 298 304 308 308 307 301 297 304 317 324 328 333 336 335 329 322 309 295 287 284 281 275 271 270 271 269 265 264 264 263 264 265 269 273 273 272 270 268 268 269 270 270 270 271 276 280 283 285 288 288 283 279 276 274 275 279 280 279
284 279 271 266 264 262 260 257 254 250 249 255 262 266 265 268 273 276 262 250 247 252 260 268 265 270 277 280 275 262 255 257 265 275 284 292 297 299 303 303 300 292 291 300 315 326 328 329 333 336 335 332 320 302 290 285 283 278 272 269 270 268 266 266 266 264 263 262 265 270 272 272 272 270 267 267 269 271 271 270 272 277 281 282 284 284 278 275 272 273 279 285 285 280
281 276 270 267 265 263 262 261 255 251 255 261 264 262 262 269 279 308 310 264 250 249 252 260 269 275 278 279 278 276 263 256 263 274 284 290 291 292 296 297 292 289 293 300 311 323 327 330 332 336 339 340 330 311 294 287 285 281 274 270 269 268 266 266 267 266 264 263 264 266 269 270 271 271 268 266 268 271 272 270 270 273 277 279 281 281 274 272 273 278 285 289 286 279
284 275 269 268 266 263 261 259 257 258 266 270 267 257 258 270 286 317 340 286 263 254 252 259 270 277 278 275 277 283 275 261 262 271 281 289 291 292 291 291 291 294 298 301 308 320 330 335 334 335 340 344 341 323 300 289 285 282 277 272 270 268 268 267 267 267 265 264 263 263 265 266 266 269 270 268 267 269 272 271 270 272 275 276 277 276 273 274 279 283 286 287 283 276
295 280 271 267 265 263 258 255 258 266 275 277 270 256 259 272 287 319 352 320 287 274 266 264 267 273 277 273 276 286 288 271 263 267 278 288 294 294 288 289 294 298 301 301 305 317 328 333 331 332 338 345 349 337 309 290 284 283 279 274 271 269 268 268 268 267 266 264 263 262 262 262 262 264 269 271 268 267 269 271 271 272 275 274 272 272 275 278 281 284 284 282 279 276
305 282 270 266 265 264 261 259 263 269 275 280 276 263 263 269 281 313 346 334 310 294 285 275 269 271 275 275 279 287 291 281 270 271 278 288 294 294 288 291 299 301 300 299 301 310 321 326 329 331 337 348 355 350 324 295 285 283 281 277 273 271 270 269 268 267 266 265 263 262 262 261 260 260 263 269 271 267 266 268 271 274 276 274 270 272 278 280 281 282 281 279 279 279
313 286 269 266 266 266 266 268 270 270 271 276 283 277 267 265 272 300 333 334 320 302 292 285 280 277 280 283 283 286 292 296 294 288 285 286 290 294 292 296 300 300 298 296 296 303 316 326 330 333 338 351 1 0 341 304 287 283 281 278 276 276 274 272 269 266 265 264 262 262 263 263 261 259 259 262 267 267 267 268 271 273 274 273 273 276 279 281 281 280 279 279 279 278
325 294 271 268 270 270 270 272 274 273 269 272 287 285 270 263 269 289 320 330 324 309 297 292 288 286 286 287 286 290 298 306 305 297 289 283 284 293 298 300 300 296 293 293 296 302 311 320 328 333 338 352 4 7 354 313 289 283 281 279 278 279 278 274 269 266 264 262 260 262 263 264 263 261 259 258 259 263 266 269 270 270 271 273 276 279 281 281 280 279 278 278 276 273
341 303 273 269 271 272 271 274 277 276 271 273 287 292 275 266 269 279 304 323 325 316 304 296 291 290 289 290 292 296 297 300 300 293 287 284 283 289 298 302 297 293 292 295 299 302 308 317 327 333 338 350 4 12 4 322 292 284 282 280 278 278 275 270 265 263 264 264 262 262 263 264 265 265 261 256 254 257 262 266 268 269 271 274 278 283 284 282 279 277 276 275 271 269
1 315 281 272 268 269 270 273 278 280 274 275 287 302 284 268 267 274 290 311 322 317 308 299 293 292 292 294 296 297 296 293 291 290 286 284 285 285 290 300 296 290 288 290 294 298 305 316 329 334 338 348 3 16 14 335 295 285 281 279 275 270 263 257 254 259 267 274 274 269 265 264 267 268 266 259 254 253 256 261 265 268 272 276 280 285 286 283 279 277 276 273 269 271
8 322 292 280 269 265 265 266 272 278 276 277 288 309 295 273 264 266 276 290 306 310 307 302 294 291 292 296 297 296 297 295 291 290 287 283 285 281 282 296 298 289 279 277 282 289 297 309 323 329 334 341 2 22 20 344 297 283 278 273 265 256 252 251 252 259 267 277 285 281 272 268 268 270 270 266 259 254 254 256 260 266 273 278 282 285 285 282 278 277 276 272 269 274
358 320 295 285 273 266 263 261 262 267 273 279 290 311 302 281 265 258 260 272 286 297 300 297 293 292 293 294 296 299 302 299 292 291 288 283 284 281 278 289 300 294 278 270 272 280 287 299 314 323 327 334 3 29 23 349 294 277 271 264 253 248 253 257 260 264 266 270 280 287 281 275 273 271 272 273 269 263 258 256 257 263 271 277 280 282 283 278 276 276 276 274 272 277
347 316 295 288 279 272 266 261 259 260 265 275 288 302 300 286 270 255 251 260 275 286 292 294 292 290 290 296 303 306 309 301 293 293 290 283 283 284 279 283 297 300 286 271 268 273 281 292 310 319 322 331 5 33 33 0 282 267 264 260 252 256 262 264 266 268 266 264 267 277 283 280 277 277 277 278 280 276 269 263 260 260 264 269 273 276 276 273 273 275 278 281 280 281
335 310 295 292 285 276 269 265 263 261 261 265 274 286 291 288 277 262 251 255 266 281 289 290 289 291 298 308 312 316 318 303 293 293 290 283 282 287 282 281 292 302 297 278 269 269 275 287 305 315 317 328 7 39 48 31 270 261 260 261 264 267 267 266 267 267 266 263 261 263 271 277 279 283 284 285 287 287 281 274 268 263 260 261 266 270 269 268 270 275 283 289 286 284
