windninja/windninja_output/Output_2025-10-23_0700-0750_Google earth_Fire_150m_10min/merlingen_7.5mi_point_10-23-2025_0740_150m_ang.asc
ncols	158
nrows	163
xllcorner	391686.332397
yllcorner	5160024.123721
cellsize	150.000000
NODATA_value	-32768.000000
[rows 0 to 41 of 163, columns 0 to 94 of 158]
197 196 193 191 191 192 192 191 191 192 192 192 193 196 200 204 208 206 203 202 195 190 191 195 198 200 199 197 197 198 200 201 203 203 202 206 210 212 213 210 208 209 211 212 213 215 218 216 207 203 203 203 203 205 207 208 209 211 212 211 210 210 211 210 208 208 209 212 215 216 215 215 215 214 214 215 217 220 222 220 219 219 220 224 226 225 222 222 224 222 222 222 221 220 220
197 195 191 190 190 192 193 193 192 192 191 191 191 194 199 202 202 198 196 196 192 186 188 194 199 200 198 196 197 199 201 202 203 202 202 205 207 207 206 205 205 206 207 207 208 208 209 208 203 203 204 205 206 209 209 210 210 210 211 211 210 210 210 209 208 208 211 214 216 215 214 214 214 214 214 215 217 220 220 218 218 219 221 223 225 224 221 222 224 223 223 224 223 222 221
194 193 189 188 190 191 194 194 192 189 187 187 189 192 197 199 197 194 193 193 191 185 183 191 199 201 199 197 198 201 203 203 202 202 201 203 203 202 202 202 201 201 202 202 202 202 202 202 202 202 203 205 208 211 211 209 209 208 210 210 209 208 209 209 209 209 212 215 217 215 213 213 214 214 214 215 216 218 218 216 215 218 221 222 223 221 217 218 221 222 224 224 222 221 220
187 189 189 188 189 190 190 189 187 185 185 186 188 191 194 196 195 194 194 195 193 188 183 186 195 198 199 198 198 199 201 202 202 200 199 200 201 202 202 200 198 198 198 199 199 199 200 201 202 201 201 203 206 208 208 208 208 209 210 210 209 207 208 209 209 210 212 215 217 216 213 213 215 215 216 215 215 218 219 216 213 216 220 219 221 221 213 212 215 216 218 219 217 216 216
178 183 188 189 189 187 185 183 183 185 188 187 187 189 191 194 196 196 198 199 197 192 185 182 188 193 196 196 196 197 198 200 200 198 197 199 200 201 199 197 195 195 196 197 198 199 200 201 202 203 203 204 206 207 208 209 209 210 209 210 210 209 209 210 210 210 211 215 218 216 215 216 216 216 216 217 218 220 220 218 215 217 220 218 220 222 214 209 209 210 211 214 212 209 209
175 178 184 187 187 185 183 182 184 188 190 188 186 187 190 193 198 201 202 202 201 195 186 179 182 188 192 195 196 195 196 198 198 198 198 198 197 196 195 195 194 194 196 198 199 202 203 203 204 205 206 207 208 209 210 210 210 209 209 209 209 209 209 210 210 210 211 215 217 215 215 217 217 214 214 216 218 220 219 219 219 220 220 219 220 222 218 211 209 208 208 209 207 204 203
177 177 179 183 184 184 184 184 186 189 189 187 185 186 190 194 198 202 202 201 201 198 189 179 178 184 190 193 194 194 195 196 197 198 198 197 195 194 195 196 196 197 199 201 203 205 205 205 206 206 207 208 209 209 211 211 210 209 208 208 207 206 207 209 210 210 211 214 216 213 212 214 214 211 211 213 216 217 216 216 219 219 218 219 221 223 222 217 213 209 207 209 209 207 206
178 178 177 178 180 183 185 188 189 188 186 184 183 185 190 194 197 200 201 200 200 199 194 184 176 180 186 189 191 194 195 196 198 199 199 197 196 197 199 200 201 202 204 205 206 207 207 207 207 207 208 209 209 209 211 211 210 209 208 206 204 204 205 208 209 210 211 213 214 212 211 213 213 211 211 213 217 218 215 215 220 220 215 216 218 220 220 218 215 211 210 213 215 215 213
177 178 179 178 179 182 186 189 189 186 184 181 180 182 189 194 195 197 199 200 200 199 196 190 181 177 182 187 190 193 195 196 198 200 201 200 201 203 205 206 207 208 208 208 208 209 209 210 209 207 208 210 209 211 213 211 209 208 207 206 206 206 206 208 211 212 212 212 212 211 212 215 216 215 214 215 218 219 216 217 222 221 214 211 211 212 213 212 209 204 203 206 209 209 208
177 178 179 180 180 182 185 187 186 185 183 180 177 179 186 193 195 195 196 198 199 199 197 193 187 180 180 187 190 192 194 195 197 200 203 204 205 207 209 210 211 211 210 210 211 211 210 211 210 208 210 212 211 211 213 213 210 210 211 212 214 213 211 213 216 215 213 211 211 213 216 219 218 217 216 217 220 219 214 215 218 218 214 209 209 209 209 208 204 201 202 204 203 203 206
177 178 179 180 181 183 184 185 184 183 182 180 177 177 184 191 193 194 193 195 196 197 197 194 191 186 183 187 191 191 194 197 199 202 206 208 209 210 211 210 210 211 211 211 214 214 212 214 215 213 215 216 214 215 218 220 220 221 224 224 224 224 221 220 222 220 218 215 213 216 220 220 217 216 217 220 222 220 212 210 213 215 214 210 210 209 208 210 207 204 208 209 207 205 211
177 177 179 180 181 182 183 183 184 183 183 182 179 178 182 187 190 192 192 192 194 196 197 196 194 192 190 191 193 195 198 202 203 205 209 211 212 211 211 210 211 213 213 213 215 217 217 221 225 226 229 230 230 233 236 237 237 237 238 239 242 244 241 237 236 232 228 223 218 219 220 218 217 214 213 214 215 213 208 205 209 212 212 209 207 204 207 213 209 205 211 217 215 210 216
177 177 178 180 181 182 182 183 184 183 183 182 181 180 181 184 186 189 191 192 192 195 198 200 200 200 198 197 197 199 201 203 204 206 209 213 213 212 211 212 213 214 213 214 217 220 221 227 234 239 242 247 251 255 259 259 253 249 247 251 256 258 261 267 268 259 249 237 222 217 218 218 217 211 206 205 207 207 205 203 206 210 210 209 207 205 208 214 209 203 212 221 219 215 222
177 177 178 179 180 181 182 183 184 184 183 183 182 183 184 185 184 185 188 191 193 196 201 205 207 205 202 200 199 200 203 205 205 207 209 212 212 212 213 214 216 219 222 226 230 232 230 229 233 238 243 246 250 255 262 268 266 257 248 246 248 247 248 254 263 268 268 262 239 219 217 218 216 209 203 204 207 210 210 208 208 209 210 212 213 211 213 218 215 210 217 227 227 226 233
177 177 178 179 180 181 182 183 184 184 184 183 182 182 185 187 186 183 184 190 195 199 204 208 208 206 202 201 201 202 205 206 206 206 207 209 212 215 218 222 229 235 241 246 246 243 239 230 226 228 232 233 232 235 240 245 246 240 230 229 230 229 226 225 228 235 240 245 252 228 214 216 214 210 207 209 213 217 219 218 216 213 215 218 220 219 222 225 223 222 231 241 242 242 247
177 177 178 179 180 181 182 183 184 184 184 183 182 180 182 186 187 187 186 190 196 200 203 206 207 204 201 201 203 202 203 203 203 205 208 215 223 228 232 238 243 243 241 239 235 232 231 229 224 223 222 218 214 214 216 219 221 216 211 217 221 220 218 214 216 220 220 220 222 209 187 212 216 214 212 213 216 221 223 223 220 219 223 227 228 230 233 235 234 234 239 247 247 247 251
177 177 178 179 180 181 182 183 183 184 183 183 182 179 178 183 188 190 191 191 194 198 201 203 204 203 201 200 201 200 201 203 207 214 223 232 238 239 238 236 234 227 223 223 221 220 220 220 218 216 214 211 207 208 210 214 216 212 205 209 215 217 216 211 212 217 217 215 215 210 196 201 222 217 212 214 216 219 221 222 221 224 229 233 238 242 243 245 246 242 237 238 239 240 243
176 177 178 179 180 181 182 182 183 184 184 183 183 181 178 180 187 192 193 195 196 199 201 202 203 204 203 201 200 202 205 211 217 223 227 228 227 225 222 220 218 217 218 220 219 217 216 213 210 208 209 209 209 210 212 214 214 211 204 205 212 215 214 210 210 214 216 215 214 212 207 198 206 211 209 212 213 217 224 228 230 233 236 238 242 246 247 245 246 245 239 235 234 235 236
176 177 178 179 180 181 182 182 183 184 184 184 184 182 180 181 186 192 196 199 201 202 201 203 205 207 206 204 204 208 213 217 219 219 220 220 220 218 216 216 217 217 218 218 217 217 213 208 207 209 210 210 210 211 211 211 211 210 207 206 211 215 213 210 209 212 216 217 214 212 206 198 200 206 205 209 219 232 241 244 245 247 245 240 237 236 236 236 239 241 238 235 234 234 232
176 176 177 178 180 181 181 182 183 184 185 185 185 184 184 184 188 193 198 200 200 200 201 202 204 205 205 206 207 210 213 216 217 219 221 222 220 216 213 213 212 212 213 213 213 212 210 207 208 213 213 212 210 208 207 206 208 210 209 209 213 217 216 213 212 214 217 216 212 208 203 199 202 206 204 206 221 239 246 247 246 246 241 233 229 230 230 231 235 237 231 226 231 234 233
177 176 177 178 180 181 182 182 183 184 185 185 185 185 186 187 190 193 196 197 197 198 199 200 201 203 205 206 208 209 209 211 214 215 214 213 211 208 205 206 207 209 211 212 211 210 211 210 209 211 212 211 208 205 204 206 207 209 211 212 214 218 218 214 213 213 212 211 209 206 204 204 207 209 206 203 208 218 227 233 235 234 231 228 226 229 230 231 235 236 229 219 226 233 233
176 176 177 178 179 180 182 183 184 184 185 185 186 186 187 188 190 192 194 195 196 197 198 199 200 203 205 206 207 208 207 206 208 207 204 203 205 204 203 205 207 209 210 210 211 212 212 210 207 207 209 209 207 206 206 206 207 208 211 213 213 217 218 214 211 209 207 207 208 208 208 209 211 214 209 199 200 208 217 223 226 227 228 227 223 225 226 229 233 233 225 213 218 228 230
175 176 177 178 179 180 182 183 184 184 184 186 187 187 188 189 190 191 193 194 195 196 197 198 200 202 204 206 207 207 204 201 201 201 202 204 206 208 208 208 208 208 209 210 212 211 208 206 205 206 209 209 209 208 206 204 205 206 208 212 213 216 217 213 207 204 202 205 209 211 211 211 214 215 208 195 193 203 211 217 220 221 225 226 221 220 221 224 229 229 221 209 213 225 228
176 176 177 178 179 180 182 183 184 184 184 185 187 188 188 189 190 191 192 193 194 195 196 197 199 201 204 207 209 207 203 198 198 202 206 209 211 212 211 208 206 206 208 210 210 206 204 206 206 207 209 210 209 208 205 203 204 205 205 209 213 216 218 212 204 202 204 209 214 215 215 214 216 214 207 197 192 199 208 214 218 219 221 223 221 219 218 222 227 228 221 209 214 225 228
176 176 177 178 179 181 182 183 184 184 185 185 187 188 189 189 190 190 192 193 194 195 196 197 199 202 205 210 212 208 202 198 199 203 207 210 212 212 210 207 204 204 205 205 205 204 205 208 208 208 209 210 208 207 205 204 204 206 205 207 213 216 216 211 206 206 211 216 220 222 221 218 216 212 207 203 200 201 206 212 217 217 217 219 220 220 218 223 230 230 220 209 215 225 228
176 176 177 178 179 181 182 183 184 184 185 186 186 187 189 189 190 190 191 192 193 194 196 197 198 201 205 209 211 209 204 201 198 199 203 207 209 211 209 204 202 201 200 201 204 206 208 209 208 208 209 210 210 208 206 203 203 207 209 210 212 213 211 209 208 208 212 216 220 223 223 219 215 211 206 204 209 209 204 206 212 213 213 215 217 217 213 217 227 229 217 206 213 222 225
176 176 177 178 179 181 182 183 184 185 186 187 187 187 188 189 190 190 191 192 193 194 194 195 197 199 202 206 209 209 206 203 199 196 198 202 205 208 207 201 198 197 196 200 203 204 206 208 207 206 207 210 211 208 203 199 203 209 211 209 208 210 210 211 212 212 212 213 217 220 221 218 214 210 203 201 210 216 206 198 206 210 211 212 215 215 211 213 222 225 215 202 208 218 222
176 176 177 178 180 181 182 182 184 185 186 187 187 188 188 189 189 190 191 192 192 192 193 193 194 196 198 202 206 207 208 207 203 198 196 197 201 205 206 200 196 195 194 197 200 199 201 205 207 205 203 206 207 206 202 196 200 207 208 205 206 211 214 216 218 217 214 213 215 218 220 219 213 208 201 198 208 217 213 200 201 208 210 212 215 216 213 214 221 224 216 203 205 215 219
176 176 178 179 180 181 182 182 184 185 186 187 188 188 188 188 189 189 190 191 191 191 191 192 192 193 193 196 200 203 207 207 204 200 194 189 192 199 201 197 193 192 192 194 195 195 198 202 206 204 199 202 205 205 203 195 193 201 206 206 208 213 214 215 217 217 213 212 215 218 220 217 211 207 202 199 206 219 220 212 203 203 209 215 221 222 220 220 224 224 220 211 207 213 218
176 177 178 179 180 181 182 183 185 186 186 187 188 188 188 188 188 189 189 189 190 190 191 191 190 188 187 189 194 198 202 205 205 200 190 184 186 192 195 192 189 190 191 193 193 193 196 198 201 200 196 199 203 206 205 197 192 199 209 213 214 217 218 217 217 217 212 210 217 221 221 218 214 211 205 201 206 218 225 223 211 200 208 220 226 227 225 225 225 224 222 219 214 215 221
177 177 178 180 181 181 182 184 185 186 186 187 187 188 188 188 188 188 188 189 189 190 190 189 188 185 183 186 191 196 202 205 203 197 187 182 184 188 191 189 188 189 191 194 194 193 194 194 196 198 198 199 204 209 208 202 199 204 213 220 221 220 222 223 223 219 211 211 222 228 227 224 220 213 203 200 203 213 223 225 218 203 207 220 224 223 222 222 223 223 223 224 224 226 234
177 177 178 180 181 181 182 184 185 186 186 187 187 188 188 188 187 187 188 188 188 188 188 188 186 183 182 185 191 198 203 203 199 195 189 183 184 186 188 189 190 191 194 197 197 196 195 196 199 204 205 206 209 214 214 207 205 210 218 226 225 218 218 223 225 220 209 211 224 232 230 224 219 210 200 199 202 209 219 223 219 208 207 217 223 224 225 227 228 229 229 229 230 235 243
178 178 179 180 181 182 183 184 185 186 186 187 187 187 188 188 188 187 187 187 187 187 186 186 184 182 181 183 187 192 194 194 195 197 194 184 182 185 188 192 196 197 198 200 200 199 200 202 207 210 212 213 214 217 216 208 206 212 220 228 227 216 211 217 223 221 208 207 221 229 224 215 210 203 197 197 199 206 216 222 220 213 213 218 224 229 232 233 233 234 235 234 234 236 239
178 179 180 180 181 182 184 185 185 186 186 186 187 187 188 188 188 187 186 186 186 185 184 184 183 181 180 180 181 183 187 190 194 200 198 184 178 185 191 195 199 200 200 202 203 204 207 210 212 214 215 216 217 219 218 212 208 212 220 226 224 211 202 210 220 221 212 207 218 224 217 209 208 202 197 195 196 201 211 218 219 216 217 219 219 222 227 229 228 229 231 234 236 237 235
179 180 181 181 181 183 184 185 186 186 186 186 186 187 187 187 187 187 186 186 185 185 183 181 181 181 180 179 177 178 183 189 194 198 198 188 179 186 195 197 201 203 206 208 210 212 214 215 216 217 218 220 221 222 221 218 215 215 222 226 224 211 198 204 217 222 219 213 216 220 215 212 210 205 200 196 195 199 208 215 217 216 217 220 218 216 222 224 222 223 226 228 232 235 235
179 180 181 182 183 184 185 185 186 186 186 186 186 187 187 187 186 186 186 185 185 184 182 181 180 180 180 179 178 178 180 184 189 192 195 194 188 190 198 203 207 210 212 213 213 215 215 214 215 215 217 218 219 218 217 217 217 219 224 230 229 218 200 199 212 220 221 217 216 218 217 217 216 211 205 199 198 205 214 219 218 216 218 223 224 218 218 221 219 218 221 224 229 235 237
180 180 181 182 184 185 185 185 186 186 186 186 186 186 186 186 186 186 185 185 184 184 182 181 180 178 178 179 180 178 175 177 182 188 195 199 197 199 205 211 214 214 214 213 213 213 210 210 213 214 215 214 213 212 211 212 215 217 221 227 230 222 205 197 206 217 221 220 218 217 220 225 224 216 207 201 201 208 218 223 221 219 221 225 228 224 214 216 217 216 218 223 229 234 234
181 181 181 183 185 186 186 186 186 186 186 186 186 186 186 185 185 185 185 184 184 183 183 181 180 178 177 178 178 174 172 174 179 188 198 201 203 208 214 215 214 213 211 210 210 210 208 208 210 212 212 209 208 210 211 210 210 214 216 221 225 221 210 199 201 215 224 226 222 218 219 223 221 211 204 204 201 201 213 220 218 218 221 223 227 226 213 209 216 217 218 223 229 234 232
182 182 183 185 186 187 187 187 186 185 185 186 186 186 185 185 185 185 185 184 184 183 182 181 180 178 176 175 172 170 171 174 180 189 197 202 208 214 216 212 210 208 207 205 206 206 204 203 204 207 207 203 203 208 210 206 204 207 210 213 216 216 211 203 202 214 228 232 226 218 215 213 211 206 204 207 200 192 206 217 214 212 217 220 227 226 215 205 211 216 217 223 233 238 235
183 184 185 186 187 187 187 187 185 185 185 186 186 186 185 185 185 184 184 184 183 183 182 181 180 178 175 170 167 169 172 174 179 187 197 203 206 209 210 210 208 207 204 201 202 204 203 200 200 203 205 202 197 200 203 200 196 199 204 207 209 211 213 211 206 213 229 233 226 217 212 211 211 209 206 207 199 185 196 211 212 212 217 223 230 229 220 207 207 213 216 224 237 240 235
187 186 186 187 188 188 187 186 185 185 186 186 185 185 185 185 185 184 184 183 183 183 182 182 180 178 174 170 168 170 172 173 177 186 197 203 202 203 206 206 205 203 200 198 199 201 201 198 196 201 205 201 191 191 198 199 195 196 203 207 210 213 217 218 212 213 227 230 222 215 213 216 218 210 205 205 197 183 189 206 211 211 216 222 229 230 221 209 206 212 215 225 236 240 237
190 189 189 189 189 188 187 186 186 186 186 185 185 185 185 185 185 184 184 183 183 183 182 182 180 179 176 173 171 171 173 174 177 184 193 197 199 200 201 200 199 198 198 198 196 195 196 195 195 198 202 200 191 189 198 204 203 202 209 216 218 217 218 219 216 214 222 223 216 213 214 217 215 205 200 203 195 184 188 203 211 211 214 219 223 222 216 209 210 213 216 226 234 238 237
