windninja/windninja_output/Output_2025-10-23_0700-0750_Google earth_Fire_150m_10min/merlingen_7.5mi_point_10-23-2025_0710_150m_ang.asc
ncols	158
nrows	163
xllcorner	391686.332397
yllcorner	5160024.123721
cellsize	150.000000
NODATA_value	-32768.000000
[rows 42 to 83 of 163, columns 0 to 93 of 158]
141 141 140 139 138 136 136 135 134 134 134 133 133 133 132 132 132 132 132 132 133 133 134 134 134 135 135 135 135 133 130 130 131 133 139 145 147 146 145 146 146 147 150 151 151 152 154 155 156 153 148 147 151 153 152 152 157 160 161 165 170 172 171 175 176 170 166 167 169 174 180 179 174 170 164 165 174 179 179 181 183 183 181 179 175 177 184 187 184 178 175 178 186 189
143 143 142 141 139 138 137 136 135 135 135 134 134 133 133 133 133 133 132 132 133 134 134 134 134 135 135 135 135 133 131 131 133 137 141 146 147 144 144 143 142 143 144 144 146 150 153 152 151 148 144 145 151 156 155 155 159 163 165 165 165 163 162 165 169 168 166 167 174 181 182 180 177 172 169 172 180 183 183 182 181 181 177 172 173 182 192 194 189 183 179 179 182 185
145 144 143 142 140 139 138 137 136 136 136 135 134 134 134 134 133 133 133 133 134 134 134 134 134 135 135 135 135 134 133 133 134 137 141 143 142 138 137 138 140 140 139 139 144 150 152 150 149 147 146 149 156 160 161 161 164 166 166 164 163 160 159 159 158 160 163 167 175 181 181 181 181 178 177 182 187 189 188 184 179 175 171 170 178 191 196 195 193 188 184 180 178 182
147 146 145 143 142 141 139 139 138 137 136 136 136 135 135 135 135 134 134 134 135 135 135 135 135 135 135 135 135 135 135 135 136 138 140 140 138 135 134 137 140 138 136 137 146 153 152 149 146 146 147 152 159 164 165 166 168 166 161 161 161 161 160 158 155 156 161 167 173 178 180 182 184 185 187 191 193 193 190 183 176 170 168 175 190 196 194 194 194 193 188 181 176 183
150 148 146 144 143 141 140 140 139 139 138 137 137 137 136 136 136 135 135 135 135 136 136 136 135 135 135 135 135 135 135 135 136 138 140 139 137 136 136 138 138 136 134 138 148 150 148 146 144 145 149 155 163 168 168 169 168 162 157 157 160 161 159 157 156 157 162 168 174 176 177 181 186 190 194 197 196 192 185 179 174 171 175 186 194 194 191 190 193 195 191 182 179 187
151 149 147 146 144 141 140 140 140 140 139 139 139 138 137 137 136 136 136 136 136 136 136 136 136 136 136 136 136 136 136 136 136 137 138 138 138 136 136 136 136 135 135 142 150 148 144 142 142 147 153 160 168 169 170 169 165 159 155 155 158 157 155 155 155 158 164 171 175 176 177 181 186 192 198 200 198 191 183 179 177 178 183 189 191 190 188 188 191 192 189 186 187 192
150 149 149 149 145 141 140 141 141 140 140 139 139 139 138 137 137 137 136 136 137 137 137 136 136 136 137 137 137 137 137 137 137 137 138 138 137 136 136 135 135 134 135 143 148 145 142 141 144 150 159 167 168 167 168 166 160 156 154 156 158 155 154 153 154 157 164 171 175 177 179 182 187 194 200 202 199 192 186 183 184 184 184 186 187 187 187 188 187 186 188 193 195 197
150 150 151 152 146 140 140 141 142 142 141 141 140 140 139 138 138 138 137 137 137 137 137 137 137 137 138 138 138 138 138 138 138 138 139 139 138 137 137 136 135 133 136 142 144 140 139 141 146 155 166 169 167 167 166 162 156 152 153 158 159 157 156 154 154 157 164 170 175 178 181 184 188 195 200 199 195 191 188 187 186 185 184 184 185 185 185 184 182 184 190 198 202 202
150 152 155 155 147 142 142 142 143 143 142 142 141 141 140 139 139 139 139 138 139 138 138 138 138 138 139 139 138 138 138 138 139 139 139 139 139 138 138 138 136 135 138 141 140 137 137 142 149 160 166 163 161 163 163 158 153 152 154 159 161 160 157 153 154 159 165 171 175 179 182 186 191 196 196 193 190 189 188 188 187 186 186 185 184 182 181 180 181 186 193 201 206 209
151 154 157 155 148 145 146 143 144 145 144 143 143 142 141 140 140 140 140 139 140 139 139 139 139 139 139 139 139 139 139 139 139 139 139 139 138 138 138 138 138 136 137 140 139 136 137 145 156 164 163 159 157 158 157 152 150 152 158 163 164 164 157 152 155 161 167 173 177 180 183 188 192 193 192 189 188 187 187 188 188 189 189 186 183 180 179 180 184 189 195 203 211 215
153 156 158 154 147 146 148 145 144 147 147 145 144 143 142 141 141 141 141 140 140 140 140 140 140 140 140 140 140 140 140 140 140 140 140 140 139 138 138 139 139 136 137 139 139 137 140 152 163 164 161 160 160 158 153 147 148 155 163 168 168 165 157 153 157 164 169 175 179 182 184 187 189 190 190 188 187 186 185 186 189 193 193 188 183 181 180 183 187 192 198 205 210 212
157 158 158 155 148 148 150 147 144 147 148 146 145 144 143 142 142 142 141 141 141 141 141 140 140 141 141 141 141 141 141 141 141 141 141 140 140 140 139 140 140 138 137 139 140 140 145 156 159 159 159 159 159 157 150 146 150 160 168 171 169 163 156 154 160 166 172 178 182 182 183 185 188 189 190 189 188 186 184 184 189 192 193 192 189 185 183 184 189 196 201 203 204 203
159 158 157 156 151 151 153 149 145 146 147 146 146 145 144 143 143 143 142 142 142 142 141 141 141 142 142 141 141 141 142 142 142 142 141 141 141 141 140 140 139 137 137 138 139 140 147 154 153 154 158 158 156 153 149 148 156 167 172 171 168 163 158 157 163 169 174 179 182 183 183 187 190 190 190 189 189 188 185 184 185 188 190 192 193 193 190 188 193 197 200 199 196 194
159 157 156 154 150 148 151 151 147 146 146 146 146 145 144 144 144 143 143 143 143 143 142 142 142 142 142 142 142 142 142 142 142 142 142 142 142 142 141 140 139 136 135 137 139 140 145 149 149 152 157 157 155 153 148 151 162 171 171 169 166 163 161 162 166 172 176 179 181 184 188 193 192 190 189 189 189 187 185 183 182 183 187 190 193 195 196 196 197 199 199 196 190 184
159 157 156 156 151 147 148 150 148 146 147 148 146 145 145 145 144 144 144 144 144 143 143 143 143 143 143 143 143 143 143 143 143 143 143 143 143 143 142 141 140 138 137 139 140 141 143 145 146 151 156 155 154 152 148 154 167 171 169 166 163 162 163 166 170 174 177 179 182 189 195 194 190 188 188 188 187 185 183 183 182 183 186 189 191 195 198 201 202 203 202 194 181 173
160 159 157 158 157 153 151 150 149 146 149 151 149 146 146 145 145 145 145 144 144 144 144 144 144 144 144 144 144 144 144 144 144 144 144 144 144 144 144 143 142 142 141 141 141 141 141 141 143 148 153 152 152 150 148 157 168 169 166 163 161 162 165 170 175 177 178 181 186 192 192 189 187 187 187 186 185 183 182 183 184 185 187 190 193 198 202 204 203 201 196 182 170 167
161 160 159 159 159 157 155 153 150 147 150 154 152 148 146 145 145 145 145 145 145 145 145 145 145 145 145 145 145 145 145 145 145 145 145 145 145 145 145 145 144 144 143 143 142 141 140 139 139 143 149 151 150 149 149 158 166 165 162 160 161 164 168 174 179 180 180 182 188 189 186 185 186 185 185 184 182 181 181 183 186 188 191 194 199 203 205 205 201 193 181 171 167 166
163 163 161 160 159 157 156 154 150 147 148 153 154 150 148 147 146 145 146 146 146 146 145 146 146 146 146 146 146 146 146 146 146 146 146 146 146 146 146 146 146 145 145 145 144 143 142 141 140 141 146 149 148 148 150 159 164 161 158 158 160 164 170 177 182 183 181 183 187 186 184 183 184 183 182 182 180 179 182 185 188 191 194 197 200 203 204 201 192 180 170 167 167 170
165 165 164 162 160 157 155 152 150 149 149 153 154 152 152 151 148 146 146 147 147 147 147 147 147 147 147 147 147 147 147 147 147 147 147 147 147 147 147 147 147 147 147 146 146 146 145 144 143 143 145 146 144 145 150 159 161 157 155 157 160 164 171 179 184 184 183 185 187 185 183 182 181 181 180 180 180 182 185 189 191 193 196 199 200 202 200 194 182 171 167 169 171 180
168 168 166 164 162 159 156 152 151 151 152 154 154 153 154 154 152 149 147 147 147 147 147 148 148 148 147 147 148 148 148 148 148 148 148 149 149 149 149 149 149 149 148 148 148 148 147 147 146 145 144 143 140 141 148 156 157 153 153 155 159 164 170 177 183 186 187 187 185 183 182 181 179 179 179 179 181 186 189 191 193 196 200 202 202 199 193 185 175 167 168 174 182 196
173 172 169 166 163 160 157 154 153 153 153 153 153 153 154 155 155 153 150 149 147 147 148 149 149 148 148 148 148 149 149 149 149 149 150 150 150 150 150 150 150 150 150 150 150 149 149 148 148 146 146 144 140 140 147 155 153 151 153 155 159 164 168 175 182 187 189 188 183 180 180 180 178 177 178 180 184 188 190 192 195 198 203 204 202 197 186 175 169 169 173 184 199 208
180 177 171 166 162 160 158 156 155 154 153 153 153 153 153 154 156 156 154 152 150 149 149 149 150 150 149 149 150 150 150 150 150 150 151 151 151 151 151 151 151 152 152 151 151 151 151 150 149 148 148 146 143 143 149 155 154 153 154 156 160 164 169 177 185 189 189 184 180 179 179 179 178 177 178 182 186 188 190 193 197 200 203 203 199 192 179 169 167 172 186 199 209 216
190 184 173 166 161 158 157 156 155 155 154 153 154 155 154 153 155 157 158 156 154 152 150 150 151 150 150 150 151 150 151 151 151 151 152 152 152 152 153 153 153 153 153 153 153 153 152 152 151 150 149 147 144 144 148 154 155 155 156 156 159 166 177 187 190 187 181 176 176 178 179 179 178 177 179 182 185 186 189 193 197 200 200 199 194 184 175 170 171 182 197 206 214 222
195 188 176 168 163 161 159 156 154 154 153 152 154 156 155 153 153 156 158 158 158 157 153 151 151 151 151 152 152 152 152 152 152 152 153 153 153 154 154 154 154 154 155 155 154 154 154 154 153 152 151 149 146 144 146 150 153 156 157 157 160 174 188 188 184 179 174 172 174 176 177 178 178 178 179 181 182 185 188 194 199 200 198 195 189 180 174 175 183 195 204 213 221 228
194 189 179 171 166 163 162 161 159 157 154 154 156 156 155 155 154 155 156 159 161 161 158 156 153 152 152 153 153 153 153 153 153 154 154 154 154 155 155 155 156 156 156 156 156 156 156 156 155 154 153 151 148 145 145 145 146 151 156 159 166 176 180 179 178 177 174 173 174 175 176 177 178 179 179 179 181 184 189 195 198 196 192 186 183 181 179 184 196 204 211 218 225 232
185 184 182 178 170 164 165 166 164 160 156 157 159 158 156 156 155 155 155 157 161 164 163 161 158 155 153 152 152 153 153 154 154 154 155 155 156 156 156 157 157 157 158 158 158 158 158 157 157 156 155 154 152 150 147 143 141 142 150 159 167 169 169 172 175 177 177 177 175 174 175 176 177 178 178 179 180 184 188 190 190 187 182 178 181 186 189 197 206 211 216 222 230 236
167 173 179 180 175 171 171 174 171 163 159 160 160 161 161 158 156 156 155 156 158 162 163 164 164 162 159 154 152 152 153 154 155 155 156 156 157 157 158 158 158 159 159 159 159 159 159 159 159 159 158 157 156 154 152 148 144 142 145 154 160 160 160 164 170 175 179 179 177 175 175 177 177 176 177 178 180 182 184 184 182 180 178 180 188 196 200 204 210 216 221 228 235 237
155 158 169 174 174 175 178 179 175 169 167 168 168 167 167 165 162 159 157 157 158 159 160 162 166 169 166 159 155 153 153 154 155 156 157 157 158 158 159 159 160 160 161 161 161 161 161 161 161 161 160 160 159 158 157 155 153 151 150 153 155 153 153 156 161 169 175 176 176 176 178 179 177 176 177 179 180 181 180 180 179 179 185 195 200 203 203 208 215 220 225 230 233 232
157 156 156 159 164 173 179 177 172 169 171 174 174 174 174 172 170 166 163 161 159 159 158 159 165 172 169 164 160 158 155 154 154 156 157 158 159 159 160 161 161 162 162 162 163 163 163 163 163 163 163 162 162 161 161 160 159 159 158 158 157 154 150 149 151 158 164 168 171 175 179 179 176 176 178 181 181 179 177 177 180 188 198 203 203 202 206 213 219 224 226 227 227 225
169 167 161 157 157 161 167 166 161 161 168 175 175 176 176 174 173 171 169 166 163 161 159 160 165 169 168 168 167 164 161 158 156 156 157 158 159 161 161 162 162 163 163 164 164 165 165 165 165 165 165 165 165 164 164 164 164 164 164 163 163 161 158 155 153 152 153 156 162 167 172 175 176 177 180 182 182 178 177 179 187 198 203 203 202 202 208 216 223 227 227 225 222 218
181 179 173 170 168 164 162 158 153 152 162 169 169 170 170 171 171 170 170 170 169 166 163 163 165 166 165 168 170 169 167 165 162 159 158 159 160 162 162 163 164 164 165 166 166 166 167 167 167 167 167 167 167 167 167 167 167 167 167 167 167 166 166 165 163 160 157 155 154 155 159 165 174 178 180 181 181 179 179 186 194 200 199 199 201 205 210 219 227 228 224 223 222 218
193 189 183 180 175 171 166 160 155 157 164 167 168 168 167 167 167 166 167 169 169 169 168 167 167 166 165 166 171 172 171 170 168 164 161 160 161 162 163 164 165 166 167 167 168 168 168 169 169 169 169 169 170 170 170 170 170 170 171 171 171 170 170 170 169 168 167 164 160 156 152 155 165 174 177 178 179 180 182 190 196 196 193 196 203 210 216 222 226 224 219 218 221 218
205 202 195 188 181 174 168 163 161 163 164 166 168 168 167 167 167 165 164 165 166 167 168 169 169 168 166 167 170 173 174 173 171 170 167 165 164 164 164 165 166 167 168 169 169 170 170 171 171 171 171 172 172 172 172 173 173 173 173 174 174 174 174 173 173 173 172 171 168 166 163 160 161 165 170 173 176 180 184 189 192 189 189 197 208 217 222 223 224 221 216 211 207 195
220 217 209 200 188 177 169 164 163 164 164 164 166 166 166 167 167 166 165 165 166 166 167 168 168 168 167 167 170 173 174 174 173 173 173 171 168 166 166 167 168 169 170 171 171 172 172 172 173 173 173 174 174 174 175 175 175 176 176 176 176 176 177 177 176 176 175 174 174 173 172 170 167 164 165 168 172 178 184 186 184 185 192 206 215 219 222 221 222 222 218 206 192 184
231 229 226 220 203 180 166 159 159 161 162 164 165 165 165 166 167 166 166 167 167 167 168 168 169 169 168 166 168 172 175 176 176 177 176 173 170 168 168 169 169 171 172 172 173 173 174 174 175 175 175 176 176 176 177 177 177 178 178 178 179 179 179 179 179 179 178 178 177 177 176 174 172 168 164 163 167 173 179 181 180 187 204 218 225 226 225 226 226 227 221 201 183 179
240 241 242 243 231 188 155 147 149 154 159 163 164 165 165 166 166 165 166 168 168 168 168 169 171 173 169 166 166 169 175 179 180 179 179 176 172 171 170 170 171 172 173 174 175 175 176 176 176 177 177 177 178 178 179 179 179 180 180 181 181 181 181 182 182 181 181 181 181 180 179 177 176 173 168 164 163 166 172 177 183 197 217 228 231 233 233 230 227 218 201 186 178 180
251 251 249 253 265 242 123 131 141 150 158 163 165 165 166 167 166 166 167 169 169 169 168 170 174 176 172 168 167 169 175 179 181 180 180 180 177 176 174 172 172 174 175 176 177 177 178 178 178 178 179 179 179 180 180 181 181 182 182 183 183 183 184 184 184 184 184 183 183 182 181 180 179 177 174 169 165 163 166 175 190 206 218 223 220 220 221 216 205 197 188 182 179 184
252 251 245 235 239 168 133 136 142 151 159 164 166 167 168 168 167 167 169 170 170 169 169 171 174 175 174 173 171 171 173 177 180 182 183 182 182 181 180 177 174 175 177 178 179 180 180 180 180 180 180 180 181 181 182 183 183 184 184 185 185 185 186 186 186 186 186 186 185 185 184 183 182 180 178 174 169 164 164 174 193 204 208 209 209 209 209 202 194 188 185 185 185 187
246 241 226 212 191 173 161 156 155 159 164 167 169 170 170 170 169 170 171 171 170 170 171 172 173 173 174 175 175 174 173 175 179 182 185 185 185 185 185 183 180 178 179 180 182 182 183 183 182 181 181 181 182 183 183 184 185 185 186 186 187 187 187 188 188 188 188 188 187 187 186 185 184 183 181 178 174 169 166 173 188 196 199 200 204 206 202 193 189 188 189 189 190 190
245 240 221 196 181 181 182 176 173 172 173 173 174 174 173 172 172 173 172 171 171 171 172 173 173 173 173 175 177 177 174 174 177 181 186 189 188 187 188 188 187 184 184 186 186 186 186 187 186 182 179 179 181 183 185 186 187 187 188 188 189 189 189 189 190 190 190 190 189 189 188 187 186 185 184 181 178 174 170 172 179 187 195 200 203 203 195 188 187 190 191 192 194 193
253 245 208 181 178 193 198 192 188 186 184 181 179 179 177 176 176 175 174 172 171 172 173 173 174 173 173 175 177 178 176 176 176 180 186 191 192 190 190 190 190 190 189 189 189 189 188 188 188 185 180 179 180 183 186 187 188 189 190 190 190 191 191 191 191 191 191 191 191 191 190 189 188 187 186 184 181 178 174 172 173 181 193 201 202 196 190 186 187 190 193 195 197 196
227 211 190 187 192 203 205 203 202 199 195 189 186 184 183 181 179 178 175 173 171 172 173 173 173 173 174 175 178 179 180 180 181 183 187 191 193 193 192 192 192 191 189 188 188 188 187 186 187 188 187 185 183 183 186 189 190 191 191 192 192 192 192 193 193 193 193 193 193 193 192 191 190 189 188 186 184 181 176 172 171 177 189 196 196 190 188 188 188 190 194 197 199 199
