windninja/windninja_output/Output_2025-10-23_0700-0750_Google earth_Fire_150m_10min/merlingen_7.5mi_point_10-23-2025_0730_150m_ang.asc
ncols	158
nrows	163
xllcorner	391686.332397
yllcorner	5160024.123721
cellsize	150.000000
NODATA_value	-32768.000000
[rows 88 to 131 of 163, columns 0 to 95 of 158]
256 256 253 248 240 233 229 227 228 230 229 226 222 218 216 217 218 221 223 223 218 208 198 189 181 182 193 201 206 209 211 213 214 215 217 218 216 216 218 220 220 219 218 218 220 224 228 231 232 231 231 231 230 230 230 231 233 235 236 234 232 230 229 229 229 229 229 230 230 230 230 230 230 230 230 230 230 230 229 229 226 223 238 260 259 251 247 245 245 247 248 247 245 242 240 241
255 252 245 240 235 230 228 228 228 229 230 225 220 217 216 217 219 221 222 221 212 200 195 193 187 187 196 205 209 213 215 216 217 218 222 224 224 224 226 228 228 225 223 221 223 226 229 231 233 232 231 230 228 228 228 229 232 237 242 243 237 232 231 231 231 231 231 232 232 232 232 232 232 233 233 233 233 234 234 234 235 238 253 268 268 263 255 250 248 251 252 249 244 241 238 238
252 248 241 240 240 236 231 228 224 224 227 224 217 216 217 216 216 218 221 221 209 199 199 200 193 192 201 208 213 216 218 220 221 221 224 226 226 227 229 231 232 231 229 227 228 230 231 233 235 235 235 233 231 229 227 228 231 236 243 245 238 233 232 232 233 233 234 234 234 234 234 235 235 235 235 236 236 237 237 238 240 245 256 267 269 268 266 261 258 258 255 245 241 240 235 233
248 243 235 232 231 230 225 220 217 221 225 222 214 213 211 209 210 213 220 223 211 201 205 204 198 198 206 212 216 220 222 224 226 227 227 228 228 228 229 231 232 232 233 233 233 234 235 237 238 239 240 240 238 235 228 227 231 236 239 238 232 231 233 234 235 236 236 236 236 237 237 237 237 237 238 238 239 239 240 241 244 249 256 264 268 270 269 267 265 263 255 243 244 245 242 238
243 237 227 222 220 217 209 203 204 212 220 218 212 211 210 209 208 209 213 217 213 204 209 208 204 205 211 217 221 224 227 230 231 231 231 232 231 232 233 233 232 232 234 236 237 238 239 241 243 246 247 248 247 242 233 230 236 239 239 236 230 230 233 236 237 238 238 239 239 239 239 239 239 239 240 240 241 242 243 244 247 250 256 264 269 270 269 268 266 260 249 245 248 248 246 244
240 233 224 220 218 214 207 199 198 207 214 210 203 200 201 204 202 201 213 221 219 205 207 210 208 211 217 222 225 229 231 235 237 236 234 235 236 237 237 237 234 232 234 237 238 240 242 244 246 248 251 256 254 247 243 246 250 249 246 241 236 233 235 238 239 240 241 241 241 241 241 241 241 242 242 242 243 244 245 246 248 251 255 261 267 268 268 267 263 254 247 246 248 247 245 245
235 231 225 224 223 220 215 206 199 207 213 210 203 199 199 204 207 210 223 229 220 210 209 212 213 218 222 226 228 231 235 240 243 241 240 240 241 241 241 239 235 232 234 235 235 237 240 243 246 247 251 255 252 246 248 255 259 257 251 246 242 238 238 241 242 243 243 243 243 244 243 243 243 243 244 244 245 246 246 248 249 252 254 258 262 264 265 263 258 252 249 249 248 247 247 246
229 229 228 229 231 229 223 215 208 215 222 221 217 217 217 226 228 237 238 232 221 220 219 222 224 225 227 229 230 231 235 240 243 244 243 244 246 245 245 244 241 236 235 234 232 233 236 239 244 248 250 249 242 241 247 253 257 257 254 250 246 243 242 244 245 245 245 246 246 246 246 245 245 245 246 246 247 248 248 249 250 252 254 256 257 259 260 259 256 253 251 250 249 248 248 247
222 229 232 232 233 230 226 223 227 241 250 245 240 240 246 251 251 255 248 227 225 230 234 238 238 234 231 231 231 232 237 241 243 244 245 248 250 250 250 250 249 245 242 240 237 235 235 238 243 248 248 244 240 240 246 252 256 257 256 254 250 247 247 248 248 248 248 248 248 248 247 247 247 248 248 248 249 249 250 251 252 253 254 255 256 257 257 256 255 254 252 251 250 249 249 249
212 229 236 236 237 235 232 231 236 247 256 254 253 250 254 256 260 259 246 228 227 235 243 251 249 239 233 234 236 240 246 248 247 247 249 252 255 257 257 256 255 254 252 251 249 245 244 246 249 250 247 244 242 241 245 250 254 257 257 257 255 252 252 252 252 251 251 251 250 250 249 249 249 250 250 250 251 251 252 252 253 254 254 255 255 256 256 255 255 254 253 252 252 251 251 251
208 234 246 248 249 246 241 239 241 244 251 259 266 267 266 266 264 257 242 233 230 236 246 252 243 229 231 236 241 247 251 252 251 251 252 255 260 263 264 263 261 261 261 259 257 256 257 257 255 251 248 246 244 244 246 249 251 254 256 256 256 256 257 258 257 256 255 254 253 252 251 251 251 251 252 252 252 253 253 254 254 255 255 256 256 256 256 256 255 255 254 254 253 252 252 251
223 248 257 259 261 260 258 255 252 250 253 257 260 266 268 266 261 252 243 235 232 239 246 245 230 223 231 239 244 249 252 254 256 256 257 259 262 265 269 271 270 269 269 265 260 259 260 258 254 250 249 248 245 244 247 249 250 252 254 255 254 255 258 260 262 262 260 258 255 254 253 253 253 253 254 254 254 255 255 255 256 256 256 256 257 257 257 256 256 255 255 254 254 254 253 252
236 249 258 261 262 262 263 263 259 256 255 254 255 260 265 261 258 254 244 236 241 249 249 239 228 228 235 241 246 250 253 256 260 263 265 266 266 266 270 276 280 278 277 274 266 262 259 257 254 251 249 248 246 246 247 248 248 250 253 254 252 252 254 257 262 265 264 262 258 256 255 255 255 256 256 256 256 257 257 257 257 258 258 258 258 258 258 257 257 257 256 256 256 255 255 254
244 251 258 260 260 261 261 261 260 258 256 253 251 249 251 251 250 248 242 243 254 257 248 236 233 236 240 244 247 250 254 259 264 269 273 274 273 272 274 279 285 285 284 284 277 267 262 259 256 253 251 249 248 248 248 248 247 249 250 251 253 253 253 255 258 262 264 263 261 258 257 258 258 258 258 258 258 258 259 259 259 259 260 260 259 259 259 258 258 258 258 257 257 256 256 255
249 254 258 258 258 259 260 259 258 257 255 252 248 241 239 241 243 241 238 246 253 248 238 237 237 240 244 247 249 252 257 261 266 270 275 280 282 281 281 282 288 291 291 293 289 276 267 261 258 255 252 250 249 249 250 249 248 249 248 249 251 253 254 255 257 259 261 260 259 258 260 262 262 261 260 260 261 261 261 261 261 261 261 261 261 261 261 260 260 259 259 259 258 258 258 258
252 254 256 257 257 257 258 258 257 256 254 252 249 246 245 245 245 243 243 249 246 235 235 239 239 240 245 249 252 256 260 262 265 269 274 281 287 289 287 287 291 297 299 300 300 291 276 265 259 255 253 252 251 250 250 249 249 249 249 249 250 251 252 254 256 257 257 256 255 255 260 264 266 265 264 263 263 264 264 264 264 264 264 263 263 263 262 262 261 261 261 260 260 260 259 259
252 253 254 255 256 257 257 257 256 257 257 257 257 260 262 262 257 252 251 250 241 234 236 238 237 239 243 248 252 258 262 263 265 268 273 279 287 292 292 292 294 300 304 306 308 303 289 275 264 258 255 254 254 254 253 250 249 249 250 251 251 250 251 253 254 254 253 252 251 252 256 259 263 267 267 267 268 268 268 267 267 267 267 266 265 265 264 264 263 263 262 262 262 261 261 260
254 253 253 253 255 256 257 256 256 257 259 262 265 268 269 268 264 259 254 248 240 237 238 236 236 238 242 246 250 256 261 264 267 269 271 276 285 292 296 298 299 303 307 310 313 313 302 287 273 263 259 256 254 254 254 253 251 249 249 251 251 250 252 254 254 253 252 250 248 250 252 252 255 261 265 269 272 273 272 272 272 272 271 269 268 267 266 265 265 264 264 264 263 263 262 262
254 253 251 251 252 253 254 254 254 256 258 261 263 264 265 265 261 257 250 243 240 242 240 235 234 236 239 243 248 255 261 266 268 266 268 276 286 294 299 302 303 306 308 312 317 319 314 301 287 274 265 259 255 252 252 252 253 251 250 250 250 250 252 254 254 253 253 251 248 248 250 250 251 254 260 266 270 272 272 274 278 279 276 273 271 270 268 267 266 266 266 266 265 264 263 263
253 251 249 249 250 251 252 252 251 251 252 253 253 252 255 257 257 253 246 240 239 243 243 235 232 234 236 238 244 254 262 266 265 260 266 279 289 294 297 301 306 308 309 313 318 323 324 316 302 286 273 265 259 254 251 250 251 252 251 250 249 251 253 253 253 253 252 250 248 247 248 250 252 254 257 262 266 269 272 274 277 282 283 279 275 272 270 269 268 268 267 266 266 265 265 265
252 249 247 248 248 248 248 247 246 247 248 248 246 245 248 251 252 248 243 240 242 247 246 237 230 232 235 234 240 252 260 263 261 256 268 282 289 290 292 299 308 311 310 315 320 325 330 328 316 298 281 270 265 260 254 250 249 250 251 250 249 251 253 253 252 252 250 249 249 247 247 249 253 256 257 259 263 268 272 272 272 277 284 285 280 276 273 271 270 269 268 267 267 267 267 268
251 249 247 248 248 248 247 245 245 246 246 245 242 242 246 250 250 241 234 238 246 251 249 240 232 231 233 233 241 252 257 258 257 257 269 281 285 287 294 300 305 306 309 317 323 326 332 337 330 312 291 275 267 262 258 254 250 250 251 250 248 249 251 250 251 252 252 251 249 247 247 249 254 257 259 259 261 264 268 270 270 273 280 288 286 280 276 273 272 270 269 269 269 269 270 270
250 250 251 253 253 252 250 248 247 245 245 245 242 242 247 252 250 233 226 235 246 254 254 245 238 234 233 233 241 251 256 256 254 256 267 278 284 289 296 299 296 297 305 316 324 326 333 343 341 326 305 285 270 262 259 257 253 251 252 251 249 249 248 247 248 250 253 254 251 248 248 251 254 256 258 260 261 261 263 267 270 273 276 283 288 285 280 276 273 271 270 271 271 272 272 271
251 252 254 255 254 252 250 248 247 245 244 246 246 246 249 254 250 225 220 231 242 253 259 250 242 241 239 236 239 245 252 256 254 256 267 278 286 293 298 296 295 294 297 309 320 326 334 344 347 338 321 298 276 265 261 258 254 252 253 252 251 250 247 245 245 247 250 253 253 251 252 254 255 255 256 259 260 259 260 265 269 273 275 279 284 285 281 277 274 272 272 272 273 274 274 272
255 256 256 254 252 250 248 246 246 243 241 245 249 250 252 255 250 219 215 227 236 247 256 252 243 249 253 252 245 242 245 252 256 260 271 280 287 293 296 294 295 289 287 298 316 328 334 342 347 346 335 315 287 270 264 260 256 253 252 251 250 249 248 246 246 246 247 248 251 253 255 257 257 256 256 257 258 258 259 261 267 272 275 278 281 281 278 275 272 271 273 277 278 278 276 274
256 256 255 253 252 251 249 246 243 240 238 244 249 249 251 255 253 219 211 223 230 239 247 249 245 255 262 265 260 248 244 247 255 267 277 284 286 286 288 288 285 279 282 293 311 327 333 336 344 349 346 337 307 278 266 261 258 254 252 250 249 247 247 249 248 246 246 245 247 250 253 256 258 257 255 256 258 260 260 260 263 269 273 275 278 278 272 270 269 270 277 284 284 280 277 274
252 252 252 252 251 250 249 247 243 239 241 247 249 245 247 255 258 233 202 221 227 234 240 245 250 257 260 261 264 261 249 246 254 267 277 283 282 281 281 279 273 275 283 291 303 320 330 334 340 347 353 353 331 288 269 263 259 256 253 251 249 246 247 249 249 247 246 245 246 247 249 253 257 257 255 255 258 261 261 260 261 265 269 271 273 273 268 267 269 275 283 288 286 279 273 273
249 249 250 250 249 247 246 245 243 244 250 254 248 239 244 257 265 257 186 224 232 233 234 240 249 256 255 254 259 265 256 248 253 263 274 281 282 280 276 272 273 280 286 290 297 313 329 338 339 343 354 0 354 311 274 264 260 257 255 253 250 246 247 249 249 248 247 246 246 246 247 249 253 257 258 257 256 259 262 262 262 264 267 268 268 267 265 269 275 281 284 286 283 276 273 275
247 249 249 248 248 246 243 241 243 250 258 259 247 235 243 258 268 267 165 243 244 240 237 240 245 251 252 250 259 267 261 251 251 258 270 280 283 279 271 271 278 285 288 287 292 307 323 334 333 336 349 2 7 344 284 264 260 258 257 255 251 247 248 251 251 248 247 247 246 246 246 246 248 252 258 261 259 258 259 262 263 266 268 266 263 262 267 272 278 282 282 281 279 277 278 281
247 249 249 249 248 247 244 241 244 251 259 260 247 236 246 257 265 272 338 306 265 255 250 245 244 246 247 249 260 267 267 260 254 259 267 276 279 274 267 273 282 285 284 283 286 294 309 322 328 332 343 2 16 10 303 266 260 259 258 257 253 250 250 251 251 248 247 247 247 246 245 245 245 247 251 258 261 258 257 260 264 268 269 265 261 263 270 274 277 280 279 278 278 280 281 282
249 248 248 249 249 248 246 246 249 252 255 257 251 245 249 253 260 275 323 333 303 276 265 260 255 251 249 253 257 261 268 275 275 273 271 268 267 264 266 274 279 279 278 278 279 285 300 317 326 332 340 5 24 27 344 271 261 259 258 258 256 254 253 253 250 247 245 246 246 246 246 246 245 245 247 251 256 257 258 260 264 267 267 265 265 268 272 276 277 277 276 277 278 279 279 280
248 247 247 251 253 250 249 252 256 256 254 255 257 254 251 251 258 272 304 331 324 299 282 275 272 268 265 265 263 265 275 287 290 284 276 266 261 261 268 271 269 267 268 271 275 281 291 306 319 328 338 6 30 38 21 277 262 259 259 258 258 258 257 255 250 246 245 244 244 247 248 247 246 246 246 247 248 253 257 261 263 264 265 266 269 273 275 276 276 275 275 275 275 273 275 281
246 246 246 251 254 253 253 258 262 260 255 259 263 260 252 252 258 266 285 318 328 316 298 287 282 280 279 278 280 282 283 286 288 283 276 271 266 265 271 269 262 259 262 268 273 275 281 294 310 322 332 0 33 46 44 280 263 261 260 259 259 258 256 254 251 251 252 249 248 249 249 249 250 249 247 245 244 248 253 258 261 263 265 267 272 277 279 277 275 274 274 272 269 268 275 286
243 245 246 247 246 247 251 258 264 264 258 262 269 269 255 251 256 262 273 296 321 319 309 297 289 286 285 287 290 291 289 285 283 281 277 274 272 270 271 274 267 260 261 266 269 272 278 289 302 312 323 353 33 54 60 289 264 262 259 259 258 252 249 247 246 253 261 266 263 256 252 251 253 254 252 246 243 244 248 253 258 262 266 269 274 279 280 278 274 273 273 270 267 270 278 289
240 246 249 245 240 238 242 248 256 261 260 266 273 282 266 254 253 257 263 273 297 309 309 303 294 290 290 292 293 293 293 290 285 283 279 275 275 270 267 276 276 267 260 259 264 270 276 281 288 294 302 329 34 64 69 331 263 259 256 255 251 244 243 244 245 252 260 269 277 272 261 256 256 257 256 252 246 244 245 248 252 259 265 271 275 278 278 275 273 273 273 268 267 273 282 291
247 253 255 250 242 240 240 242 247 250 257 268 277 288 279 263 254 250 252 261 276 291 299 298 294 293 293 293 295 297 299 294 287 284 281 276 275 271 266 272 280 273 261 255 257 264 270 274 278 279 283 298 50 80 83 113 256 256 254 250 242 240 244 247 249 254 256 260 271 279 273 266 263 261 260 260 256 250 248 246 248 254 262 269 271 274 274 271 271 272 272 270 270 276 285 292
253 257 258 253 247 246 244 242 244 244 250 264 276 281 281 273 259 248 245 253 267 279 288 292 291 290 291 296 302 304 306 296 288 287 283 276 275 275 269 268 278 279 266 257 255 258 263 268 271 271 272 271 107 96 104 157 237 248 251 248 241 244 249 250 253 257 256 255 258 268 276 274 272 270 268 268 268 264 258 252 249 251 256 260 264 267 267 265 267 271 274 277 277 280 286 293
250 254 255 252 248 248 246 244 246 244 246 254 262 268 277 278 268 252 243 247 258 273 283 285 286 289 297 307 311 315 314 297 288 288 285 277 275 278 273 269 275 282 276 263 257 256 259 263 265 267 264 247 157 117 119 157 218 238 244 244 246 251 251 251 253 256 255 253 252 254 263 272 276 279 279 279 280 279 272 264 258 255 253 253 257 261 258 259 264 270 278 284 283 283 286 291
248 252 255 253 249 248 248 250 250 245 243 246 250 259 268 278 275 261 251 249 255 268 282 287 295 304 311 316 320 325 324 301 287 286 286 279 275 278 277 273 275 285 286 273 262 258 259 259 258 257 251 233 168 137 133 154 206 233 242 243 247 251 250 250 253 254 253 252 251 249 253 262 271 278 284 288 289 288 285 278 272 266 258 253 254 255 253 256 264 271 280 287 285 285 287 288
250 255 257 255 251 250 251 255 254 248 241 240 243 251 264 275 277 271 267 266 274 283 291 300 303 307 313 318 322 330 331 308 288 281 282 279 275 276 278 276 276 285 294 286 270 263 259 256 251 245 240 222 170 147 145 158 200 234 244 245 246 248 248 250 252 253 252 251 250 249 250 256 264 272 280 288 295 297 294 291 285 278 269 261 256 252 250 255 262 268 276 283 285 285 286 284
252 257 259 257 255 255 257 257 255 250 243 239 239 243 252 266 274 276 283 296 301 298 294 296 297 296 297 304 316 327 331 316 294 280 274 272 274 274 275 275 277 284 296 300 284 268 259 252 243 238 233 213 172 155 154 165 202 236 246 246 245 246 246 249 251 252 251 250 249 249 251 254 259 267 274 281 292 300 299 298 297 290 281 273 265 257 254 257 260 262 267 275 281 282 280 279
251 257 260 260 260 263 265 262 258 254 251 247 241 238 242 251 267 282 296 304 307 304 291 282 282 283 287 296 305 317 325 321 304 286 272 265 266 269 270 272 276 282 292 303 300 278 262 248 237 235 226 207 173 162 162 172 207 235 244 245 245 245 246 248 250 251 250 250 249 249 251 252 255 260 268 275 285 295 298 298 300 298 293 284 275 268 265 263 262 262 263 268 272 270 267 269
253 257 260 262 263 265 268 269 267 264 263 258 251 245 243 250 266 285 298 305 306 304 296 283 277 279 285 289 295 308 317 322 317 300 282 266 259 259 265 269 273 279 286 297 306 295 270 250 239 236 223 203 177 169 172 180 209 232 241 245 245 245 246 248 250 250 251 251 250 250 251 253 254 256 260 269 279 289 294 296 299 302 302 295 286 279 275 271 269 269 268 265 263 258 256 254
256 259 259 259 262 265 265 265 270 274 274 269 263 260 259 260 269 281 293 300 304 307 305 294 281 276 280 285 291 302 313 322 328 318 297 277 262 257 258 263 269 276 282 290 302 304 282 256 245 238 220 199 182 177 183 191 210 232 242 244 245 247 249 250 250 251 251 251 251 250 251 253 254 254 258 264 273 284 289 291 298 305 307 304 298 291 285 281 279 277 273 267 261 256 251 247
