windninja/windninja_output/Output_2025-10-23_0700-0750_Google earth_Fire_150m_10min/merlingen_7.5mi_point_10-23-2025_0720_150m_vel.asc
ncols	158
nrows	163
xllcorner	391686.332397
yllcorner	5160024.123721
cellsize	150.000000
NODATA_value	-32768.000000
[rows 76 to 113 of 163, columns 0 to 83 of 158]
5.76 5.10 3.95 3.06 2.51 2.26 1.97 1.75 1.71 1.69 1.71 1.75 1.79 1.86 1.89 1.92 1.99 2.06 2.09 2.12 2.13 2.14 2.18 2.23 2.20 2.10 2.04 2.07 2.26 2.61 2.84 2.83 2.73 2.63 2.43 2.16 1.98 1.88 1.83 1.79 1.80 1.85 1.88 1.90 1.90 1.90 1.89 1.89 1.88 1.87 1.85 1.84 1.83 1.82 1.81 1.79 1.78 1.77 1.75 1.74 1.72 1.69 1.67 1.64 1.61 1.56 1.52 1.48 1.43 1.37 1.29 1.18 1.06 0.90 0.76 0.76 0.73 0.70 0.85 1.38 2.13 2.56 2.68 2.42
6.43 5.73 4.57 3.65 2.89 2.34 1.89 1.59 1.48 1.46 1.53 1.63 1.72 1.79 1.81 1.83 1.87 1.93 1.98 2.03 2.08 2.11 2.14 2.18 2.21 2.15 2.04 1.96 1.96 2.19 2.58 2.80 2.76 2.71 2.65 2.35 2.11 1.97 1.85 1.79 1.78 1.83 1.89 1.92 1.92 1.93 1.92 1.92 1.91 1.90 1.89 1.88 1.87 1.86 1.85 1.84 1.83 1.82 1.81 1.80 1.78 1.76 1.74 1.71 1.68 1.64 1.60 1.56 1.51 1.45 1.37 1.27 1.18 1.05 0.88 0.76 0.63 0.53 0.74 1.49 2.14 2.18 2.21 2.24
7.24 6.13 4.95 4.54 3.62 2.54 1.81 1.38 1.23 1.23 1.35 1.52 1.66 1.77 1.80 1.80 1.82 1.85 1.90 1.97 2.02 2.05 2.08 2.09 2.15 2.25 2.24 2.07 1.93 1.97 2.29 2.73 2.90 2.89 2.89 2.71 2.38 2.18 2.01 1.83 1.75 1.81 1.90 1.93 1.95 1.96 1.96 1.95 1.93 1.92 1.91 1.90 1.89 1.89 1.89 1.89 1.88 1.87 1.86 1.85 1.84 1.82 1.80 1.78 1.75 1.72 1.68 1.64 1.59 1.53 1.45 1.36 1.27 1.18 1.02 0.85 0.64 0.49 0.68 1.40 1.93 1.82 1.91 2.17
7.78 6.48 5.25 5.61 4.58 2.87 1.64 1.06 0.99 1.04 1.21 1.46 1.65 1.78 1.82 1.81 1.81 1.83 1.84 1.90 1.96 2.00 2.01 1.99 2.01 2.18 2.39 2.35 2.15 2.02 2.14 2.52 2.83 2.94 2.93 2.83 2.64 2.46 2.30 2.00 1.74 1.75 1.87 1.93 1.96 1.98 1.98 1.97 1.96 1.94 1.92 1.91 1.91 1.91 1.91 1.91 1.91 1.91 1.91 1.90 1.89 1.88 1.86 1.84 1.81 1.78 1.75 1.71 1.66 1.60 1.53 1.44 1.36 1.28 1.15 0.98 0.75 0.56 0.65 1.17 1.54 1.56 1.74 2.04
7.39 6.54 5.77 5.67 5.26 3.78 1.68 1.16 1.19 1.16 1.26 1.50 1.70 1.79 1.84 1.83 1.82 1.81 1.78 1.83 1.90 1.95 1.98 1.93 1.88 2.00 2.28 2.42 2.35 2.16 2.08 2.29 2.63 2.94 3.11 2.99 2.77 2.68 2.63 2.40 1.97 1.77 1.85 1.90 1.93 1.96 1.98 1.99 1.97 1.92 1.88 1.88 1.90 1.92 1.93 1.94 1.95 1.95 1.95 1.94 1.94 1.93 1.91 1.90 1.87 1.85 1.81 1.78 1.73 1.67 1.60 1.51 1.44 1.37 1.25 1.10 0.90 0.68 0.67 0.91 1.12 1.32 1.52 1.76
6.56 5.87 5.02 4.90 4.93 4.45 3.37 2.62 2.17 1.84 1.64 1.67 1.81 1.88 1.87 1.81 1.79 1.79 1.75 1.75 1.82 1.89 1.94 1.90 1.81 1.86 2.07 2.25 2.34 2.26 2.12 2.18 2.37 2.70 3.08 3.23 3.01 2.79 2.80 2.75 2.44 2.09 2.02 1.99 1.95 1.94 1.92 1.97 2.01 1.91 1.77 1.76 1.82 1.89 1.93 1.96 1.98 1.99 1.99 1.99 1.98 1.97 1.96 1.94 1.93 1.90 1.87 1.84 1.80 1.74 1.67 1.59 1.51 1.44 1.34 1.21 1.04 0.82 0.71 0.70 0.74 1.03 1.33 1.51
6.60 5.49 4.42 4.39 4.31 4.22 3.89 3.43 2.89 2.46 2.08 1.92 1.92 1.96 1.95 1.86 1.79 1.79 1.73 1.68 1.73 1.81 1.88 1.85 1.76 1.82 1.98 2.10 2.23 2.27 2.16 2.08 2.09 2.23 2.58 2.99 3.12 2.95 2.84 2.84 2.75 2.55 2.42 2.37 2.30 2.21 2.11 2.13 2.26 2.15 1.85 1.70 1.70 1.81 1.91 1.97 2.00 2.02 2.03 2.03 2.02 2.01 2.00 1.99 1.98 1.96 1.93 1.90 1.86 1.80 1.74 1.66 1.58 1.51 1.43 1.30 1.15 0.94 0.76 0.59 0.47 0.71 1.13 1.37
6.63 5.49 4.60 4.67 4.44 4.10 3.70 3.35 3.05 2.64 2.24 2.05 2.00 2.01 2.00 1.89 1.82 1.80 1.73 1.63 1.63 1.69 1.77 1.75 1.67 1.79 2.00 2.08 2.17 2.25 2.23 2.16 2.10 2.13 2.26 2.50 2.78 2.87 2.82 2.76 2.70 2.65 2.64 2.68 2.71 2.68 2.59 2.54 2.63 2.63 2.40 2.05 1.82 1.78 1.89 1.99 2.04 2.06 2.06 2.06 2.06 2.05 2.04 2.03 2.02 2.01 1.98 1.96 1.92 1.86 1.81 1.74 1.65 1.58 1.50 1.39 1.25 1.05 0.82 0.58 0.32 0.40 0.83 1.24
6.20 5.58 4.83 4.85 4.76 4.29 3.60 3.13 2.93 2.62 2.31 2.11 2.08 2.12 2.08 1.96 1.88 1.87 1.78 1.65 1.59 1.58 1.65 1.69 1.57 1.62 1.91 2.06 2.13 2.24 2.29 2.30 2.29 2.32 2.37 2.43 2.54 2.62 2.64 2.62 2.55 2.50 2.49 2.50 2.56 2.60 2.58 2.54 2.56 2.63 2.61 2.47 2.22 1.97 1.93 2.01 2.07 2.10 2.10 2.09 2.09 2.08 2.08 2.07 2.06 2.05 2.03 2.01 1.97 1.93 1.87 1.81 1.72 1.65 1.57 1.48 1.34 1.15 0.92 0.62 0.26 0.19 0.46 1.08
5.95 5.54 4.88 4.72 4.76 4.35 3.56 3.12 2.95 2.65 2.34 2.18 2.15 2.19 2.23 2.16 2.03 1.99 1.88 1.73 1.62 1.51 1.48 1.53 1.48 1.42 1.64 1.92 2.05 2.14 2.24 2.33 2.36 2.47 2.65 2.69 2.67 2.66 2.57 2.47 2.40 2.38 2.40 2.41 2.43 2.46 2.49 2.50 2.44 2.35 2.33 2.38 2.36 2.19 2.04 2.06 2.11 2.12 2.13 2.13 2.12 2.11 2.11 2.10 2.10 2.09 2.08 2.06 2.03 1.99 1.93 1.87 1.80 1.72 1.64 1.56 1.42 1.24 1.02 0.71 0.30 0.16 0.38 1.26
6.44 5.86 4.95 4.65 4.67 4.38 3.63 3.28 3.14 2.75 2.39 2.28 2.24 2.22 2.33 2.32 2.22 2.17 2.04 1.88 1.69 1.51 1.41 1.34 1.26 1.31 1.54 1.83 2.02 2.07 2.12 2.26 2.29 2.38 2.73 2.97 3.03 3.06 2.93 2.64 2.34 2.23 2.33 2.47 2.54 2.57 2.63 2.67 2.56 2.32 2.16 2.17 2.25 2.24 2.15 2.12 2.15 2.16 2.16 2.15 2.14 2.13 2.13 2.13 2.13 2.13 2.12 2.10 2.08 2.04 1.99 1.94 1.87 1.80 1.72 1.63 1.51 1.35 1.14 0.84 0.46 0.36 0.62 1.65
7.30 6.26 5.10 4.69 4.48 4.40 3.94 3.58 3.47 3.10 2.55 2.36 2.32 2.23 2.37 2.44 2.39 2.44 2.35 2.17 1.89 1.64 1.55 1.36 1.09 1.24 1.62 1.91 2.11 2.16 2.13 2.19 2.19 2.13 2.36 2.74 3.03 3.30 3.44 3.26 2.78 2.34 2.23 2.40 2.61 2.73 2.81 2.85 2.77 2.48 2.19 2.08 2.11 2.19 2.21 2.18 2.17 2.17 2.16 2.15 2.14 2.13 2.14 2.15 2.16 2.16 2.16 2.15 2.13 2.09 2.05 2.00 1.94 1.87 1.80 1.71 1.60 1.46 1.28 1.03 0.73 0.69 0.95 1.72
7.98 6.63 5.17 4.68 4.28 4.33 4.37 4.12 3.88 3.58 2.90 2.49 2.39 2.29 2.46 2.63 2.65 2.75 2.73 2.56 2.20 1.92 1.88 1.62 1.27 1.34 1.68 1.99 2.19 2.29 2.29 2.27 2.23 2.13 2.10 2.21 2.43 2.86 3.34 3.56 3.38 2.89 2.42 2.35 2.57 2.86 3.04 3.04 2.95 2.73 2.44 2.19 2.07 2.14 2.25 2.27 2.27 2.24 2.17 2.12 2.10 2.10 2.13 2.16 2.18 2.19 2.20 2.19 2.17 2.15 2.11 2.07 2.01 1.95 1.88 1.79 1.70 1.59 1.44 1.25 1.02 0.95 1.19 1.83
7.85 6.74 5.24 4.65 4.26 4.14 4.37 4.47 4.27 4.11 3.59 2.81 2.50 2.44 2.52 2.67 2.87 3.04 3.07 2.90 2.48 2.22 2.14 1.89 1.58 1.56 1.77 2.05 2.22 2.35 2.41 2.42 2.38 2.35 2.30 2.19 2.09 2.28 2.80 3.31 3.44 3.20 2.78 2.45 2.48 2.79 3.12 3.27 3.13 2.90 2.69 2.42 2.20 2.17 2.27 2.39 2.47 2.47 2.35 2.12 1.96 2.00 2.09 2.16 2.20 2.22 2.23 2.23 2.22 2.20 2.17 2.13 2.08 2.02 1.96 1.89 1.81 1.72 1.60 1.45 1.29 1.18 1.33 1.82
7.28 6.46 5.35 4.76 4.28 3.87 3.93 4.30 4.48 4.64 4.34 3.28 2.67 2.64 2.63 2.67 2.98 3.37 3.58 3.32 2.67 2.30 2.21 2.08 1.88 1.81 1.95 2.15 2.30 2.40 2.47 2.51 2.49 2.46 2.53 2.50 2.24 2.13 2.43 3.04 3.39 3.24 2.95 2.62 2.49 2.64 2.96 3.32 3.36 3.08 2.81 2.57 2.34 2.21 2.22 2.43 2.65 2.80 2.77 2.25 1.79 1.84 2.04 2.15 2.22 2.25 2.27 2.27 2.27 2.25 2.22 2.19 2.15 2.10 2.04 1.99 1.92 1.84 1.75 1.64 1.53 1.43 1.47 1.80
6.81 6.20 5.59 5.35 4.89 4.13 3.76 4.05 4.56 5.07 4.96 3.96 3.22 3.09 3.05 3.10 3.29 3.65 4.09 3.90 2.79 2.17 2.24 2.33 2.14 2.04 2.12 2.27 2.39 2.48 2.54 2.58 2.57 2.49 2.55 2.66 2.52 2.31 2.28 2.69 3.31 3.43 3.17 2.83 2.59 2.56 2.79 3.19 3.45 3.35 2.98 2.65 2.39 2.16 2.04 2.31 2.73 3.01 3.14 2.60 1.83 1.75 1.98 2.15 2.24 2.29 2.31 2.32 2.31 2.29 2.27 2.25 2.22 2.17 2.13 2.08 2.02 1.96 1.89 1.82 1.75 1.67 1.66 1.86
6.12 5.81 5.67 5.92 5.98 5.43 4.87 5.02 5.63 6.37 6.08 4.78 3.95 3.61 3.40 3.38 3.49 3.89 4.63 4.75 3.49 2.21 2.19 2.38 2.23 2.16 2.27 2.39 2.48 2.56 2.61 2.66 2.67 2.55 2.53 2.65 2.65 2.55 2.38 2.38 2.87 3.46 3.56 3.20 2.79 2.60 2.70 3.04 3.41 3.52 3.22 2.79 2.42 2.09 1.78 1.99 2.65 3.01 3.20 2.94 2.24 1.86 1.97 2.16 2.26 2.32 2.35 2.35 2.35 2.34 2.33 2.31 2.28 2.25 2.21 2.17 2.12 2.07 2.02 1.98 1.93 1.88 1.88 1.98
5.20 5.07 5.10 5.52 5.98 6.01 5.81 5.84 6.25 7.15 7.62 6.79 5.90 5.63 5.45 5.24 4.89 4.92 5.29 5.43 4.63 2.80 2.48 2.44 2.31 2.28 2.38 2.50 2.59 2.67 2.71 2.78 2.76 2.58 2.51 2.61 2.67 2.66 2.57 2.37 2.40 3.03 3.74 3.69 3.14 2.79 2.75 2.98 3.40 3.64 3.56 3.07 2.38 2.02 1.74 1.80 2.46 2.86 2.99 2.96 2.56 2.10 2.04 2.19 2.30 2.36 2.39 2.39 2.39 2.39 2.38 2.36 2.34 2.31 2.28 2.25 2.22 2.18 2.14 2.11 2.08 2.07 2.08 2.13
4.44 4.45 4.49 4.72 5.08 5.08 4.89 4.55 4.37 5.42 7.08 7.50 7.20 6.96 6.86 6.68 6.33 6.01 6.14 6.05 5.03 4.04 3.41 2.89 2.54 2.44 2.48 2.59 2.71 2.81 2.88 2.98 2.92 2.61 2.45 2.57 2.70 2.71 2.66 2.48 2.24 2.48 3.42 4.00 3.67 3.26 3.04 3.09 3.43 3.71 3.92 3.44 2.27 1.98 1.97 1.97 2.35 2.65 2.74 2.78 2.63 2.26 2.14 2.25 2.33 2.39 2.42 2.43 2.44 2.43 2.42 2.41 2.39 2.37 2.36 2.33 2.31 2.28 2.25 2.23 2.22 2.21 2.23 2.29
3.67 3.96 4.23 4.35 4.65 4.45 3.88 3.09 2.46 3.11 4.53 5.44 5.28 4.52 4.38 4.96 5.82 6.33 6.97 6.24 5.07 4.84 4.05 3.21 2.65 2.49 2.53 2.65 2.78 2.96 3.17 3.31 3.19 2.77 2.46 2.55 2.72 2.74 2.69 2.54 2.22 2.09 2.75 3.70 4.00 3.86 3.63 3.50 3.62 3.85 4.10 3.69 2.50 2.11 2.25 2.25 2.36 2.52 2.56 2.61 2.59 2.33 2.23 2.32 2.37 2.40 2.44 2.48 2.48 2.47 2.46 2.45 2.44 2.43 2.43 2.41 2.39 2.37 2.35 2.33 2.33 2.33 2.35 2.40
2.75 3.43 4.07 4.28 4.69 4.60 3.97 2.96 2.10 2.03 2.80 3.59 3.57 3.40 3.54 4.47 5.25 6.62 7.49 5.77 4.92 5.11 4.49 3.46 2.65 2.38 2.43 2.63 2.76 2.94 3.33 3.58 3.48 3.06 2.63 2.60 2.74 2.77 2.72 2.59 2.28 1.94 2.16 2.93 3.58 3.85 3.95 3.95 4.00 4.12 4.12 3.83 3.08 2.47 2.51 2.56 2.49 2.51 2.47 2.48 2.50 2.36 2.31 2.37 2.40 2.42 2.47 2.51 2.52 2.50 2.49 2.49 2.49 2.49 2.49 2.48 2.46 2.44 2.43 2.42 2.42 2.42 2.44 2.47
2.16 2.96 3.83 4.08 4.56 4.79 4.44 3.66 2.80 2.34 2.52 2.55 2.51 3.11 3.66 4.55 5.39 6.72 7.54 6.30 5.39 5.34 5.25 4.03 2.68 2.20 2.30 2.57 2.76 2.93 3.29 3.57 3.61 3.36 2.94 2.76 2.81 2.82 2.74 2.61 2.39 2.01 1.90 2.43 3.02 3.33 3.71 4.05 4.21 4.23 4.04 3.93 3.53 2.89 2.79 2.88 2.73 2.58 2.48 2.45 2.41 2.37 2.38 2.39 2.41 2.44 2.49 2.53 2.55 2.53 2.52 2.53 2.54 2.55 2.54 2.54 2.53 2.51 2.50 2.50 2.49 2.50 2.50 2.53
1.76 2.53 3.52 3.63 4.02 4.47 4.42 4.13 3.67 3.10 2.73 2.37 2.22 2.71 3.73 4.73 5.67 6.35 5.94 6.09 6.05 5.88 5.98 4.62 2.81 2.25 2.43 2.64 2.85 3.12 3.39 3.50 3.58 3.51 3.23 3.03 3.01 2.95 2.77 2.58 2.45 2.14 1.88 2.20 2.76 3.06 3.46 4.00 4.22 4.15 3.95 3.89 3.73 3.29 3.06 3.10 3.04 2.79 2.58 2.50 2.41 2.40 2.45 2.42 2.40 2.45 2.50 2.53 2.55 2.54 2.55 2.57 2.59 2.59 2.60 2.60 2.59 2.58 2.57 2.56 2.55 2.56 2.56 2.57
1.70 2.44 3.30 3.40 3.58 3.71 3.68 3.90 3.89 3.48 3.17 2.79 2.44 2.67 3.70 5.02 5.75 5.37 4.80 5.09 5.85 6.35 6.33 5.26 3.47 2.88 2.86 2.90 3.03 3.34 3.58 3.57 3.57 3.56 3.40 3.29 3.27 3.19 2.92 2.61 2.44 2.24 1.96 2.03 2.57 3.07 3.45 3.86 4.08 4.07 3.98 3.85 3.75 3.63 3.38 3.26 3.23 3.10 2.80 2.56 2.49 2.53 2.59 2.52 2.45 2.44 2.46 2.49 2.52 2.55 2.58 2.61 2.63 2.64 2.65 2.65 2.64 2.63 2.63 2.62 2.61 2.60 2.61 2.61
2.25 2.76 3.40 3.57 3.56 3.50 3.49 3.65 3.72 3.51 3.43 3.13 2.77 2.97 3.65 4.80 5.61 4.96 4.21 4.42 5.24 6.14 6.24 5.05 3.92 3.47 3.34 3.27 3.27 3.51 3.78 3.83 3.75 3.66 3.51 3.41 3.40 3.39 3.25 2.82 2.44 2.29 2.02 1.89 2.33 3.00 3.42 3.67 3.86 3.97 4.05 3.88 3.70 3.76 3.71 3.51 3.35 3.40 3.14 2.65 2.52 2.65 2.79 2.77 2.64 2.49 2.43 2.41 2.44 2.54 2.61 2.64 2.67 2.68 2.69 2.70 2.69 2.68 2.68 2.66 2.66 2.65 2.64 2.64
2.84 3.14 3.62 3.78 3.62 3.56 3.60 3.63 3.60 3.50 3.47 3.26 2.99 3.23 3.83 4.64 5.45 5.01 4.07 4.60 5.58 5.99 5.68 4.98 4.28 3.82 3.67 3.61 3.53 3.69 4.02 4.18 4.10 3.94 3.70 3.48 3.41 3.49 3.55 3.15 2.52 2.28 2.09 1.88 2.09 2.72 3.29 3.53 3.63 3.80 3.97 3.95 3.78 3.76 3.83 3.68 3.50 3.63 3.50 2.94 2.60 2.65 2.89 3.04 2.94 2.65 2.48 2.37 2.35 2.50 2.64 2.69 2.70 2.71 2.73 2.74 2.74 2.74 2.72 2.71 2.69 2.68 2.67 2.66
3.36 3.50 3.78 3.88 3.75 3.67 3.70 3.69 3.62 3.52 3.44 3.30 3.01 3.10 3.81 4.71 5.35 5.20 4.66 5.28 6.15 5.56 5.24 5.17 4.71 4.26 4.03 3.89 3.76 3.91 4.30 4.57 4.52 4.34 4.02 3.66 3.50 3.62 3.74 3.38 2.69 2.31 2.18 1.97 1.93 2.38 3.04 3.39 3.49 3.65 3.81 3.94 3.89 3.83 3.91 3.73 3.62 3.72 3.69 3.40 2.93 2.74 2.90 3.16 3.22 2.91 2.59 2.40 2.32 2.49 2.72 2.77 2.70 2.71 2.76 2.78 2.79 2.78 2.77 2.75 2.73 2.71 2.69 2.68
3.85 3.86 3.91 3.95 3.88 3.83 3.82 3.75 3.69 3.55 3.43 3.31 2.93 2.73 3.10 3.99 4.96 5.04 4.85 5.78 6.46 5.82 5.48 5.41 5.06 4.78 4.63 4.28 4.04 4.26 4.56 4.80 4.93 4.76 4.46 4.09 3.80 3.79 3.80 3.49 2.91 2.46 2.29 2.10 1.96 2.11 2.63 3.09 3.31 3.53 3.70 3.87 3.91 3.84 3.97 3.88 3.76 3.75 3.74 3.68 3.35 3.01 2.99 3.24 3.41 3.15 2.74 2.48 2.37 2.56 2.92 2.95 2.72 2.68 2.77 2.81 2.84 2.83 2.81 2.78 2.76 2.73 2.71 2.69
4.19 4.11 4.06 4.07 4.02 3.97 3.91 3.83 3.76 3.66 3.48 3.29 2.97 2.73 2.84 3.34 4.39 4.73 4.73 5.58 6.10 6.10 6.02 5.76 5.38 5.28 5.37 5.05 4.64 4.80 4.83 4.93 5.25 5.19 4.95 4.67 4.25 3.96 3.82 3.57 3.13 2.67 2.41 2.26 2.08 2.01 2.26 2.64 2.95 3.33 3.63 3.81 3.91 3.85 3.85 3.90 3.89 3.86 3.85 3.80 3.58 3.27 3.13 3.35 3.51 3.35 2.97 2.61 2.46 2.68 3.12 3.21 2.91 2.72 2.77 2.87 2.91 2.87 2.82 2.80 2.78 2.75 2.71 2.68
4.37 4.25 4.16 4.23 4.25 4.14 3.99 3.89 3.85 3.88 3.70 3.43 3.21 2.97 2.96 3.29 3.98 4.39 4.55 5.01 5.34 5.70 6.05 5.98 5.76 5.74 6.01 5.88 5.55 5.56 5.31 5.30 5.45 5.45 5.41 5.34 4.89 4.28 3.96 3.69 3.33 2.84 2.57 2.45 2.20 2.00 2.04 2.24 2.50 2.99 3.50 3.73 3.89 3.98 3.88 3.77 3.82 3.92 4.02 3.99 3.73 3.46 3.36 3.46 3.51 3.46 3.18 2.73 2.56 2.81 3.19 3.42 3.36 2.97 2.88 3.04 3.03 2.88 2.82 2.85 2.82 2.75 2.69 2.66
4.48 4.32 4.19 4.36 4.52 4.41 4.19 4.00 3.98 4.15 4.03 3.75 3.49 3.21 3.15 3.27 3.71 4.11 4.23 4.50 4.97 5.46 5.55 5.71 6.04 6.11 6.41 6.60 6.66 6.49 6.17 5.92 5.50 5.43 5.97 6.29 5.67 4.70 4.14 3.79 3.39 2.93 2.75 2.60 2.28 2.08 1.94 1.97 2.14 2.55 3.19 3.54 3.73 4.03 4.12 3.90 3.75 3.83 4.04 4.14 3.93 3.66 3.61 3.62 3.54 3.50 3.34 2.84 2.59 2.91 3.24 3.44 3.65 3.50 3.28 3.34 3.19 2.87 2.85 3.01 2.95 2.72 2.60 2.60
4.42 4.32 4.25 4.46 4.69 4.68 4.48 4.20 4.16 4.45 4.44 4.17 3.83 3.61 3.55 3.39 3.60 3.85 3.85 4.06 4.77 5.54 5.12 4.88 5.76 6.45 6.65 6.97 7.72 7.66 6.98 6.32 5.20 5.39 6.91 7.32 6.20 4.79 4.22 3.93 3.42 3.05 2.93 2.71 2.42 2.21 1.98 1.87 1.93 2.19 2.78 3.23 3.42 3.77 4.13 4.19 3.98 3.87 3.99 4.14 4.15 3.94 3.75 3.72 3.68 3.55 3.46 3.06 2.61 2.82 3.33 3.54 3.70 3.81 3.73 3.65 3.42 3.02 2.95 3.20 3.14 2.73 2.50 2.50
4.19 4.19 4.32 4.60 4.75 4.80 4.80 4.52 4.44 4.65 4.82 4.55 4.03 3.96 4.08 3.82 3.67 3.67 3.68 3.90 4.62 5.47 5.03 4.17 4.83 6.15 6.66 6.79 8.26 8.92 7.56 6.59 5.12 5.68 8.06 7.95 6.10 4.72 4.49 4.27 3.50 3.12 3.11 2.90 2.58 2.33 2.10 1.89 1.76 1.91 2.41 2.92 3.16 3.40 3.78 4.15 4.25 4.11 4.04 4.08 4.26 4.33 3.98 3.73 3.79 3.64 3.50 3.33 2.81 2.67 3.23 3.78 3.90 3.90 3.96 3.94 3.75 3.38 3.09 3.23 3.30 2.93 2.53 2.38
3.92 3.96 4.26 4.64 4.71 4.76 4.80 4.75 4.68 4.68 4.93 4.85 4.27 4.23 4.52 4.35 3.79 3.42 3.74 4.40 5.04 5.40 4.82 3.86 3.86 5.21 6.31 6.56 8.22 9.47 8.06 6.97 5.83 6.42 8.92 8.18 5.89 5.09 5.00 4.39 3.28 3.13 3.41 3.09 2.66 2.47 2.26 1.93 1.66 1.68 2.04 2.59 2.99 3.19 3.43 3.80 4.17 4.34 4.21 4.02 4.21 4.64 4.42 3.86 3.88 3.83 3.51 3.41 3.10 2.71 2.98 3.82 4.24 4.06 4.05 4.09 4.05 3.77 3.32 3.25 3.38 3.27 2.76 2.34
3.68 3.81 4.24 4.55 4.59 4.60 4.55 4.64 4.74 4.75 4.97 4.97 4.47 4.44 4.86 4.78 3.78 2.92 3.67 5.01 5.90 5.72 4.48 3.60 3.36 4.06 5.42 6.37 8.42 9.83 8.51 7.30 6.64 7.51 9.61 8.64 6.43 5.86 5.20 3.85 3.03 3.45 3.72 3.14 2.73 2.62 2.32 1.94 1.68 1.59 1.73 2.16 2.67 3.07 3.32 3.50 3.85 4.35 4.43 3.99 3.99 4.62 4.77 4.22 4.08 4.14 3.76 3.38 3.15 2.86 2.91 3.72 4.41 4.32 4.21 4.22 4.19 4.03 3.68 3.48 3.44 3.48 3.08 2.45
3.50 3.81 4.30 4.55 4.58 4.53 4.48 4.57 4.68 4.71 4.97 5.14 4.62 4.50 5.10 5.11 3.69 2.39 3.28 5.14 6.65 6.61 4.50 3.22 3.19 3.56 4.27 5.33 7.68 9.98 9.64 7.84 7.02 8.31 10.31 9.42 7.42 6.27 4.87 3.42 3.17 3.68 3.82 3.23 2.88 2.67 2.27 1.95 1.78 1.59 1.53 1.73 2.16 2.83 3.28 3.34 3.54 4.20 4.57 4.14 3.85 4.35 4.76 4.59 4.38 4.46 4.31 3.65 3.13 2.92 2.97 3.61 4.36 4.50 4.44 4.42 4.28 4.15 4.05 3.84 3.65 3.61 3.25 2.65
3.53 3.84 4.28 4.54 4.61 4.52 4.50 4.61 4.71 4.65 4.95 5.58 5.14 4.56 5.15 5.33 3.60 1.97 2.70 4.77 6.82 7.64 5.59 3.07 3.07 3.87 3.87 4.11 5.58 8.55 10.31 9.28 7.78 8.94 10.82 9.95 7.93 6.14 4.15 3.39 3.22 3.45 3.93 3.84 3.16 2.63 2.18 1.92 1.82 1.66 1.45 1.34 1.67 2.51 3.14 3.21 3.31 3.96 4.59 4.41 3.95 4.11 4.55 4.65 4.53 4.62 4.74 4.30 3.55 3.07 3.05 3.55 4.19 4.50 4.59 4.62 4.43 4.21 4.29 4.27 4.02 3.82 3.35 2.82
3.80 3.95 4.20 4.47 4.62 4.50 4.37 4.48 4.68 4.66 4.91 5.79 5.68 4.79 5.24 5.55 3.62 1.60 2.14 3.98 6.22 8.12 7.30 4.00 3.35 4.52 4.42 4.28 4.45 5.93 8.93 10.31 9.81 10.38 11.43 9.94 7.59 5.67 3.98 3.31 2.93 3.29 4.34 4.52 3.35 2.34 1.95 1.82 1.77 1.72 1.52 1.17 1.26 2.11 2.91 3.12 3.13 3.62 4.43 4.60 4.18 4.02 4.43 4.71 4.47 4.56 4.85 4.75 4.34 3.66 3.35 3.69 4.12 4.36 4.64 4.82 4.64 4.31 4.30 4.47 4.56 4.18 3.39 2.94
