windninja/windninja_output/Output_2025-10-23_0700-0750_Google earth_Fire_150m_10min/merlingen_7.5mi_point_10-23-2025_0740_150m_vel.asc
ncols	158
nrows	163
xllcorner	391686.332397
yllcorner	5160024.123721
cellsize	150.000000
NODATA_value	-32768.000000
[rows 111 to 147 of 163, columns 0 to 83 of 158]
5.82 6.50 7.57 8.11 8.20 8.09 7.93 8.08 8.26 8.28 8.70 8.98 8.06 7.86 8.94 8.97 6.40 3.92 5.41 8.66 11.30 11.28 7.71 5.49 5.44 6.13 7.36 9.08 13.02 16.88 16.36 13.40 12.06 14.43 18.17 16.78 13.44 11.55 9.06 6.41 6.05 6.97 7.24 6.31 5.77 5.42 4.73 4.16 3.91 3.66 3.47 3.47 3.73 4.49 5.10 5.10 5.30 6.26 6.81 6.11 5.64 6.34 6.86 6.54 6.22 6.36 6.17 5.24 4.46 4.12 4.20 5.14 6.22 6.39 6.28 6.22 5.97 5.75 5.57 5.27 4.99 4.91 4.40 3.54
5.83 6.52 7.45 7.96 8.11 7.94 7.85 8.02 8.21 8.07 8.56 9.67 8.93 7.94 9.01 9.31 6.18 3.08 4.29 7.86 11.35 12.76 9.39 5.14 5.14 6.68 6.82 7.29 9.65 14.44 17.32 15.68 13.34 15.64 19.19 17.79 14.36 11.24 7.69 6.36 6.11 6.42 7.28 7.36 6.34 5.41 4.58 4.10 3.95 3.75 3.46 3.09 3.14 4.11 4.94 4.92 4.95 5.87 6.78 6.47 5.75 5.94 6.56 6.65 6.43 6.54 6.71 6.09 5.03 4.37 4.35 5.09 6.00 6.41 6.51 6.51 6.19 5.84 5.91 5.87 5.53 5.23 4.55 3.77
6.15 6.58 7.18 7.70 8.01 7.82 7.57 7.73 8.04 7.96 8.39 9.99 9.82 8.25 9.07 9.63 6.18 2.37 3.11 6.28 10.09 13.30 11.91 6.47 5.56 7.82 7.79 7.68 7.94 10.23 15.02 17.29 16.72 18.23 20.35 17.74 13.55 10.10 7.20 6.08 5.35 5.99 8.03 8.57 6.69 4.94 4.23 4.02 3.93 3.86 3.59 3.01 2.82 3.65 4.60 4.79 4.71 5.34 6.49 6.70 6.03 5.75 6.34 6.77 6.37 6.43 6.83 6.66 6.07 5.14 4.74 5.28 5.91 6.21 6.58 6.81 6.51 6.02 5.97 6.16 6.27 5.74 4.62 3.94
5.99 6.52 7.15 7.53 7.94 7.92 7.56 7.38 7.38 7.60 8.29 9.81 9.82 8.59 9.58 10.34 6.74 1.88 1.50 4.32 7.87 12.17 13.37 9.65 8.22 9.08 8.93 8.34 8.33 8.57 10.84 15.97 19.42 21.17 20.72 16.48 12.58 10.16 7.59 5.70 5.14 6.75 9.01 9.18 6.79 4.81 4.47 4.38 4.14 3.99 3.73 3.22 2.75 3.08 4.15 4.67 4.56 4.87 5.95 6.66 6.27 5.67 6.17 6.98 6.51 6.20 6.63 6.82 6.69 6.06 5.43 5.69 6.12 6.04 6.37 7.03 6.97 6.43 5.92 6.06 6.75 6.36 4.93 4.15
5.18 6.19 7.32 7.60 7.80 7.87 7.81 7.42 7.06 7.41 8.47 9.38 8.77 8.38 10.41 11.63 7.82 2.11 0.34 2.52 5.65 9.29 12.19 12.49 11.26 9.89 8.93 8.70 9.93 8.73 8.27 13.20 19.71 23.09 21.11 16.39 12.55 10.06 7.85 5.92 5.96 8.21 9.59 9.07 7.27 5.69 4.97 4.39 4.07 3.92 3.68 3.40 2.88 2.60 3.61 4.44 4.50 4.62 5.40 6.39 6.28 5.71 6.08 6.97 6.83 6.13 6.33 6.78 6.90 6.56 6.10 6.17 6.57 6.40 6.14 6.79 7.34 7.03 6.16 5.88 6.84 6.84 5.42 4.38
4.30 5.67 7.14 7.58 7.67 7.58 7.62 7.60 7.69 8.17 9.20 8.73 7.09 7.36 10.75 13.05 8.98 2.38 0.49 1.46 4.19 6.63 9.00 11.80 12.67 11.28 9.00 9.02 11.47 9.57 7.21 10.66 17.54 23.08 22.23 16.99 12.63 9.25 7.99 7.37 7.68 9.32 9.35 8.63 7.76 5.94 4.36 3.64 3.72 3.78 3.66 3.54 3.14 2.49 2.88 4.00 4.50 4.55 5.04 5.99 6.07 5.74 6.11 6.89 6.97 6.21 6.17 6.67 6.93 6.81 6.51 6.51 7.02 7.31 6.65 6.52 7.10 7.43 6.74 6.05 6.78 7.17 5.70 4.43
3.74 5.14 6.75 7.42 7.60 7.37 7.00 7.27 8.31 9.42 10.06 8.09 5.50 6.01 10.68 14.14 10.06 3.00 1.39 2.07 3.56 5.49 7.12 9.42 11.69 12.23 10.09 9.73 12.63 10.42 7.47 9.02 13.78 20.89 22.35 17.27 12.17 8.37 8.18 9.23 9.39 9.36 8.62 8.36 7.89 5.76 4.09 3.82 4.06 4.15 3.99 3.65 3.25 2.50 2.10 3.46 4.46 4.59 4.89 5.61 5.78 5.59 6.08 6.90 6.96 6.26 6.15 6.57 6.84 6.89 6.72 6.64 7.10 7.88 7.95 7.21 6.76 7.20 7.29 6.71 7.03 7.36 5.83 4.28
3.43 4.51 6.29 7.32 7.51 7.21 6.63 6.94 8.31 9.70 10.69 8.32 4.75 5.14 9.63 14.41 12.54 5.07 2.69 3.27 3.80 5.10 6.51 7.92 9.62 11.17 10.47 10.83 12.63 11.57 9.50 9.59 12.48 19.62 21.24 17.52 12.90 8.52 8.99 10.31 9.49 8.64 8.15 8.13 7.79 6.37 4.88 4.50 4.50 4.35 3.94 3.36 3.08 2.53 1.79 2.85 4.23 4.64 4.86 5.39 5.64 5.40 5.84 6.73 6.82 6.35 6.20 6.54 6.84 6.95 6.80 6.59 6.83 7.73 8.69 8.49 7.25 7.00 7.40 7.33 7.53 7.45 5.90 4.31
3.14 3.94 5.80 7.34 7.45 6.86 6.72 7.25 8.40 9.15 10.39 9.40 5.13 4.87 8.10 13.19 14.66 8.59 3.90 3.80 4.28 5.01 6.29 7.88 9.36 10.24 10.39 10.98 12.19 12.64 13.35 13.81 16.38 20.00 19.45 17.24 14.28 10.37 10.13 10.16 8.83 8.25 8.13 8.28 8.09 7.07 5.49 4.71 4.38 3.88 3.32 2.81 2.74 2.50 1.77 2.24 3.85 4.66 4.90 5.33 5.68 5.43 5.63 6.28 6.33 6.31 6.23 6.38 6.92 7.23 6.95 6.51 6.51 7.16 8.43 9.17 8.55 7.66 7.65 7.76 7.84 7.55 6.16 4.76
2.73 3.47 5.38 7.47 7.63 6.65 7.06 7.90 8.77 8.48 9.25 10.21 6.38 4.58 6.80 11.66 15.34 12.12 5.81 4.18 4.54 5.14 6.40 8.22 9.80 10.64 10.98 11.34 12.91 15.07 16.66 16.79 17.56 18.33 17.58 16.63 14.57 12.64 10.80 8.98 8.60 8.56 8.81 8.91 8.34 7.20 5.97 5.04 4.16 3.46 2.92 2.44 2.43 2.42 1.76 1.61 3.45 4.67 4.91 5.31 5.81 5.45 5.52 5.94 5.75 6.13 6.17 5.74 6.43 7.36 7.22 6.58 6.35 6.62 7.53 8.74 9.34 8.96 8.50 8.35 8.07 7.71 6.55 5.34
2.22 3.08 5.00 7.09 7.77 7.17 7.85 9.02 9.43 7.98 8.24 11.01 7.95 4.23 5.69 10.35 15.25 14.19 8.25 4.83 4.52 5.38 6.66 8.41 10.38 11.29 11.41 12.18 15.38 18.51 18.64 17.79 17.54 16.91 17.17 16.38 14.29 13.65 10.36 7.97 8.17 8.78 9.95 9.55 8.50 7.52 6.57 5.24 3.66 2.98 2.52 2.13 2.15 2.31 1.81 1.18 3.25 4.63 4.85 5.34 5.77 5.25 5.32 5.83 5.81 6.46 6.69 5.54 5.42 6.73 7.15 6.79 6.56 6.40 6.55 7.45 8.81 9.69 9.71 9.28 8.66 8.13 7.03 5.96
1.68 2.85 4.66 5.96 7.08 7.69 8.78 10.32 10.68 8.25 8.00 11.86 9.37 4.20 4.48 8.17 14.22 15.51 10.03 6.03 4.96 5.82 6.96 8.48 10.82 11.57 11.84 13.82 18.45 20.95 18.84 17.97 17.85 15.98 16.79 16.45 13.82 13.66 10.77 7.68 7.19 8.17 10.57 10.63 9.18 8.31 7.12 4.93 3.23 2.51 2.09 1.87 1.82 2.10 1.78 1.08 2.93 4.46 4.74 5.33 5.45 5.07 5.35 5.79 6.12 7.30 7.87 6.48 5.41 5.60 6.37 6.70 6.80 6.52 6.06 6.15 7.22 8.90 10.05 10.21 9.76 9.09 7.76 6.63
1.54 2.80 4.45 4.87 5.66 7.09 8.40 10.35 11.98 10.23 9.43 13.09 10.43 4.06 3.73 6.52 11.68 15.66 13.05 8.75 7.12 6.85 7.36 8.88 10.92 11.80 12.25 15.46 22.00 22.88 18.04 17.02 17.15 15.21 16.16 16.39 13.29 13.12 12.18 8.00 6.36 6.98 9.56 11.55 10.66 9.16 7.50 4.96 3.15 2.31 2.08 1.78 1.29 1.80 1.50 0.73 2.34 4.20 4.63 4.98 5.14 5.19 5.58 5.81 6.16 7.58 8.54 7.92 6.32 5.21 5.48 6.36 6.70 6.55 6.06 5.56 5.74 7.12 8.88 9.96 10.47 10.41 9.04 7.27
1.80 2.92 4.28 4.28 4.75 6.36 7.46 9.04 11.73 11.51 12.03 14.19 9.60 3.99 3.79 5.82 8.93 13.33 15.12 12.74 10.23 8.99 8.49 9.49 10.84 11.68 13.12 19.23 26.84 23.26 15.58 15.39 16.42 14.99 15.44 16.15 13.24 12.23 12.44 8.94 6.35 5.92 7.38 11.12 12.35 10.43 8.10 5.50 3.13 2.36 2.20 1.57 0.78 1.51 1.31 0.21 1.82 3.99 4.76 4.41 4.62 5.51 5.86 5.90 6.50 7.62 8.35 8.65 7.94 5.86 5.25 6.12 6.55 6.35 6.13 5.58 5.18 5.82 7.27 8.39 9.54 10.98 10.62 8.24
1.99 3.07 4.12 4.00 4.38 5.82 6.83 7.98 10.52 11.19 12.93 15.33 10.84 4.86 4.44 5.71 7.18 9.39 12.97 15.16 15.19 12.86 10.84 10.69 12.22 13.97 18.88 28.18 27.86 18.90 12.36 13.75 16.04 14.63 14.30 15.80 13.63 11.67 12.04 9.87 6.85 5.44 5.79 9.49 12.86 12.10 9.25 5.97 3.33 2.55 2.19 1.31 0.33 1.27 1.40 0.62 1.70 3.91 5.18 4.49 4.42 5.66 6.01 6.03 6.87 7.78 8.03 8.47 8.75 7.68 6.24 6.43 6.85 6.51 6.24 5.84 5.38 5.44 6.19 7.02 7.70 9.90 11.26 9.84
1.94 3.03 4.17 3.88 4.10 5.33 6.46 7.69 9.27 10.14 12.07 15.75 14.12 7.47 6.30 6.28 6.13 7.05 9.52 13.23 16.22 17.55 14.96 13.97 18.56 23.90 26.67 27.24 20.75 13.01 10.63 12.44 15.46 14.16 13.49 15.27 14.06 11.61 11.08 9.93 7.58 5.64 5.37 7.78 12.13 13.30 10.62 6.64 3.68 2.54 2.08 1.17 0.24 1.21 1.53 1.03 1.49 3.63 5.34 5.14 4.92 5.70 5.95 6.15 7.07 7.85 8.00 8.20 8.61 8.61 8.14 7.86 7.66 7.12 6.66 6.25 5.79 5.55 5.84 6.38 6.79 8.30 10.16 10.38
1.72 2.92 4.30 3.85 3.80 4.87 6.33 7.88 8.41 8.86 10.24 13.98 15.52 12.58 10.23 7.50 5.61 6.63 8.89 11.64 15.92 20.24 20.44 19.52 21.76 24.52 22.83 17.45 13.27 10.62 9.69 11.34 14.37 13.86 13.33 14.57 14.09 12.13 10.28 9.49 8.14 6.31 5.90 6.86 10.65 13.64 11.58 7.15 4.04 2.59 2.09 1.24 0.64 1.41 1.65 1.29 1.41 3.44 5.28 5.53 5.45 5.78 5.94 6.36 7.21 7.82 8.00 8.11 8.33 8.56 9.11 9.45 8.89 8.03 7.41 6.93 6.10 5.82 6.21 6.33 6.57 7.56 8.53 9.25
1.60 2.84 4.32 3.93 3.64 4.59 6.27 7.83 8.03 7.77 8.21 10.79 14.07 15.33 14.31 9.65 6.94 8.23 11.59 19.08 22.82 22.09 20.99 19.09 19.17 19.09 16.43 13.08 10.61 9.38 9.55 11.04 12.85 12.79 12.99 14.11 14.11 12.41 10.01 9.27 8.53 7.44 7.01 7.09 9.34 13.02 12.24 7.45 4.36 3.12 2.27 1.39 1.12 1.69 1.80 1.53 1.55 3.41 5.25 5.66 5.74 5.93 6.11 6.65 7.33 7.83 7.98 8.06 8.25 8.44 9.23 10.33 10.34 9.17 8.23 7.73 6.74 6.34 6.72 6.84 7.01 7.34 7.57 8.05
1.53 2.73 4.35 4.11 3.70 4.71 6.18 7.54 7.72 7.21 7.12 8.33 10.65 13.50 15.33 14.79 11.58 12.72 20.40 27.23 23.96 18.36 17.41 17.12 17.96 18.49 16.03 12.21 9.68 9.34 10.06 10.53 10.73 10.65 11.76 14.12 14.60 12.21 10.08 9.63 9.17 8.61 8.23 8.16 9.07 11.45 11.73 7.88 5.00 3.89 2.59 1.64 1.57 1.98 1.98 1.69 1.84 3.55 5.22 5.77 5.87 6.03 6.35 6.86 7.42 7.87 7.98 8.03 8.18 8.47 9.20 10.45 11.26 10.62 9.36 8.81 7.90 6.81 6.85 7.38 7.60 7.52 7.31 7.38
1.43 2.63 4.45 4.37 3.84 5.02 6.51 7.42 7.56 7.11 6.96 7.15 7.96 9.91 12.85 16.31 18.64 22.40 26.99 25.15 17.35 14.05 14.56 16.40 18.94 19.72 15.98 11.42 10.22 10.32 10.32 9.61 8.86 8.75 9.64 12.69 14.97 13.33 10.75 10.23 10.00 9.57 9.56 9.62 9.70 9.88 9.79 7.40 5.74 4.63 2.99 2.15 2.14 2.28 2.06 1.69 2.01 3.63 5.23 5.93 5.97 6.07 6.52 7.01 7.49 7.91 8.06 8.03 8.09 8.43 9.19 10.32 11.32 11.56 10.94 10.32 9.22 7.48 7.26 7.87 7.96 7.82 7.35 6.82
1.41 2.53 4.40 4.67 4.22 5.32 6.58 7.44 7.94 7.53 7.00 6.71 6.96 8.47 10.97 15.00 22.92 28.55 26.03 17.86 14.33 13.65 13.70 14.96 18.99 20.45 14.59 11.56 11.32 10.65 10.25 9.63 8.69 7.86 8.17 10.23 13.52 14.59 12.43 11.07 11.07 10.71 10.70 10.75 9.95 8.29 6.64 5.83 5.94 5.04 3.30 2.73 2.66 2.50 2.16 1.87 2.16 3.64 5.27 6.07 6.17 6.26 6.54 7.11 7.52 7.90 8.20 8.09 8.01 8.27 9.14 10.30 10.97 11.68 12.01 11.87 10.80 8.52 7.77 8.44 8.74 8.16 7.06 6.34
1.54 2.51 4.00 4.79 5.13 5.68 6.04 6.98 8.45 8.30 7.01 6.51 6.85 8.30 11.29 15.31 25.16 30.61 23.58 16.29 14.78 14.08 13.85 14.66 18.03 20.21 15.90 12.28 11.85 10.44 9.62 9.20 8.26 7.56 8.11 9.45 11.55 13.88 13.47 12.64 12.64 11.68 11.12 11.06 9.38 6.08 3.89 4.02 5.28 4.91 3.44 3.10 2.93 2.64 2.38 2.22 2.45 3.76 5.36 6.11 6.43 6.78 6.56 6.99 7.61 7.87 8.27 8.19 7.92 8.11 9.05 10.09 10.61 11.64 12.48 12.83 12.60 9.90 8.14 9.09 9.45 8.21 6.75 6.26
1.69 2.57 3.74 4.73 6.04 6.16 5.52 6.08 8.21 9.31 7.92 6.78 7.19 9.36 12.34 17.88 28.01 30.33 24.41 18.13 16.01 15.01 14.77 15.03 15.97 17.68 17.05 14.10 12.29 10.67 9.37 8.62 7.76 8.10 9.04 9.82 11.01 12.31 12.66 13.89 14.38 12.38 11.26 10.91 8.33 4.59 2.91 2.87 4.08 4.33 3.56 3.21 3.02 2.78 2.62 2.58 2.82 3.99 5.48 6.22 6.82 7.28 6.82 6.95 7.74 7.98 8.34 8.38 7.88 8.03 8.93 9.72 10.16 11.23 12.70 13.85 14.10 11.16 8.67 9.48 9.77 8.03 6.43 5.98
1.91 2.86 3.83 4.80 6.38 6.34 5.54 5.88 7.02 9.14 9.43 7.61 8.40 11.35 16.72 26.38 30.91 28.49 23.45 19.79 16.95 14.86 14.32 13.77 12.46 13.24 16.26 16.53 13.87 11.54 9.96 9.09 8.61 9.10 9.58 9.72 10.32 10.62 11.67 14.50 15.50 13.26 11.68 10.35 6.82 4.40 3.04 2.30 3.08 3.99 3.81 3.33 3.10 2.95 2.82 2.86 3.21 4.31 5.53 6.29 7.14 7.44 7.11 7.20 7.86 8.29 8.51 8.73 8.39 8.08 8.54 9.35 9.81 10.27 12.23 14.70 15.39 12.69 9.57 9.60 9.82 8.18 6.09 5.38
1.99 3.15 4.17 4.98 6.26 6.42 6.03 6.35 6.66 8.24 9.68 8.97 9.43 14.54 26.00 32.10 29.34 24.94 21.89 20.33 17.93 13.68 12.47 11.63 10.16 10.44 13.49 16.86 16.39 13.24 10.80 9.91 9.88 9.86 9.75 9.67 9.30 9.18 11.65 15.23 15.51 13.62 12.03 9.03 6.11 5.00 3.77 2.63 3.00 3.93 4.08 3.72 3.37 3.18 3.01 2.99 3.46 4.68 5.70 6.42 7.16 7.38 7.32 7.47 7.94 8.55 8.69 9.16 9.68 8.91 8.31 8.82 9.31 9.40 11.09 14.25 15.98 14.67 10.99 9.88 9.52 8.00 6.40 5.62
1.53 3.21 4.70 5.03 6.12 6.52 6.47 6.61 6.84 7.99 9.12 9.82 10.12 17.46 30.96 31.09 24.64 22.74 20.76 19.87 18.02 13.66 11.43 10.97 10.09 9.97 11.71 15.44 17.61 15.58 11.83 10.43 10.54 10.19 10.20 10.16 9.05 8.61 12.06 15.88 14.69 13.14 11.72 7.58 5.84 5.45 4.46 3.32 3.34 3.95 4.18 4.02 3.73 3.45 3.21 3.14 3.71 5.06 5.95 6.58 7.09 7.27 7.49 7.61 7.95 8.66 8.91 9.56 11.04 10.65 9.02 8.46 8.73 8.70 9.70 12.75 15.52 15.72 13.42 10.88 9.34 7.89 6.97 6.72
1.12 2.86 4.82 5.31 6.36 6.82 6.49 6.44 7.00 8.08 8.96 10.33 11.36 20.82 32.29 28.90 23.33 21.53 19.01 18.43 17.57 14.35 12.00 11.43 10.38 9.99 11.09 14.41 17.53 16.60 12.67 11.01 10.99 10.71 10.78 10.38 9.09 8.43 12.04 16.04 14.02 11.64 9.83 7.06 5.89 5.71 4.95 3.94 3.83 4.19 4.28 4.18 4.00 3.72 3.40 3.34 4.08 5.47 6.07 6.51 6.99 7.26 7.64 7.64 7.86 8.65 9.20 10.00 11.77 12.49 10.63 8.90 8.79 8.69 8.24 10.25 13.94 15.43 14.88 13.52 10.72 8.21 7.63 7.81
1.50 2.58 4.10 5.38 6.94 7.13 6.37 6.23 7.02 8.28 9.79 11.64 15.07 27.72 33.48 27.32 22.02 19.14 16.52 17.16 17.63 15.19 13.11 12.08 10.65 10.25 11.19 14.01 16.33 15.35 13.25 12.62 12.22 11.57 11.35 10.09 8.56 8.64 11.92 15.63 13.26 9.04 7.53 6.55 5.93 6.07 5.54 4.58 4.32 4.47 4.47 4.41 4.21 3.96 3.65 3.65 4.59 5.66 6.04 6.41 6.80 7.19 7.67 7.58 7.80 8.65 9.52 10.62 12.09 13.38 12.84 10.67 9.58 9.09 8.28 8.48 11.51 13.85 14.38 15.11 13.64 9.36 8.86 8.55
2.06 2.65 3.37 4.94 6.97 7.39 6.77 6.73 7.44 8.65 10.80 14.58 24.19 34.31 32.21 23.27 19.30 17.17 15.52 16.78 17.99 16.20 14.02 12.40 11.16 11.03 11.92 13.48 14.48 13.10 11.90 13.69 14.01 12.07 11.89 10.25 8.57 9.75 12.23 13.98 10.85 6.93 6.31 5.86 5.69 6.15 5.92 5.13 4.81 4.76 4.71 4.71 4.49 4.31 4.23 4.35 5.04 5.61 5.99 6.40 6.63 7.11 7.42 7.23 7.75 8.84 9.82 11.15 12.37 13.42 14.19 13.35 11.08 9.57 8.82 8.43 9.53 11.90 12.77 14.61 15.16 12.50 10.92 8.84
2.18 2.72 3.70 4.92 5.81 6.80 7.74 7.94 8.10 10.21 12.72 19.05 32.96 34.97 24.49 18.39 17.52 16.17 14.53 16.40 18.52 17.17 14.67 12.89 11.96 12.15 12.59 12.83 13.05 11.75 10.80 13.35 14.49 13.35 13.24 11.30 9.39 10.21 10.81 10.26 7.84 6.30 6.10 5.57 5.52 6.00 5.94 5.48 5.25 5.15 5.08 4.97 4.59 4.58 5.02 5.17 5.20 5.49 6.02 6.38 6.59 7.12 7.01 6.52 7.32 8.97 10.22 11.46 12.49 13.53 14.67 14.93 12.87 10.33 9.42 8.36 8.15 10.36 11.80 13.49 15.62 14.95 11.77 8.32
1.45 3.07 4.83 4.96 4.82 5.80 8.13 8.71 9.38 13.40 16.92 27.46 35.92 27.62 17.47 16.24 16.17 15.78 14.69 16.14 18.33 17.79 15.59 13.97 13.09 13.08 12.99 12.31 12.03 11.28 10.96 12.39 13.56 14.56 14.97 12.30 9.65 9.08 7.75 6.00 5.77 6.03 6.04 5.59 5.50 5.82 5.86 5.70 5.62 5.56 5.57 5.62 5.17 4.95 5.58 5.54 5.25 5.52 6.05 6.40 6.76 7.15 6.67 5.86 6.54 8.53 10.25 11.38 12.43 13.88 14.75 15.21 14.71 12.53 10.24 7.65 6.86 9.34 11.76 13.58 16.28 15.93 11.61 8.16
0.39 3.25 5.80 5.15 5.08 6.28 7.82 8.90 11.47 15.32 21.57 34.09 34.43 19.25 14.97 15.43 15.66 16.89 16.97 16.90 17.17 16.95 16.20 15.57 14.58 13.65 12.78 11.46 11.14 11.27 11.46 12.24 13.09 14.66 15.77 13.20 9.33 7.17 5.02 3.80 4.91 6.00 6.17 5.91 5.77 5.87 5.93 5.95 6.02 6.02 6.13 6.75 6.86 5.99 5.78 5.35 5.13 5.67 6.01 6.49 7.07 7.14 6.55 5.84 6.42 8.22 9.78 10.76 12.04 13.76 14.57 14.93 16.13 15.15 10.27 6.44 5.99 8.85 12.32 15.03 16.13 15.21 12.62 9.35
0.86 2.85 6.09 6.22 6.07 6.94 8.21 9.69 12.63 15.13 24.84 33.57 27.10 16.96 15.29 15.40 16.26 18.61 18.91 16.32 15.14 15.57 16.29 16.78 15.75 14.12 12.63 11.44 11.23 11.93 12.46 13.25 13.14 13.38 15.51 13.81 8.78 5.40 3.89 3.83 4.80 5.94 6.34 6.29 6.13 6.13 6.21 6.28 6.35 6.44 6.77 8.01 8.77 7.88 6.45 4.80 4.77 5.82 6.11 6.62 7.20 7.21 6.86 6.52 7.08 8.49 9.63 10.37 11.13 12.58 13.90 15.02 17.23 16.44 10.36 5.72 5.88 8.24 12.95 15.73 14.11 13.58 13.84 10.30
1.45 2.76 5.65 7.07 7.05 7.59 9.11 10.90 13.13 14.30 22.94 33.52 26.72 17.64 16.20 15.54 17.00 19.80 18.58 14.21 13.86 15.00 16.14 17.09 16.01 13.87 12.43 12.39 12.36 12.52 13.16 13.90 12.58 11.87 14.35 12.64 7.76 5.03 4.18 4.43 5.03 5.81 6.31 6.49 6.38 6.40 6.56 6.63 6.65 7.00 7.86 9.21 10.23 9.83 7.22 4.51 4.63 5.70 6.31 6.99 7.35 7.31 7.30 7.23 7.39 8.71 10.15 10.54 10.58 11.03 12.38 14.94 17.95 17.36 11.71 6.67 5.93 7.64 13.26 15.55 12.51 13.26 14.06 9.19
2.35 3.60 5.30 6.63 7.66 8.92 10.70 12.33 14.11 14.42 19.65 33.82 31.65 19.05 16.10 15.30 17.28 19.50 16.19 13.49 14.24 15.15 16.12 16.36 15.13 13.71 13.06 13.49 13.24 12.42 12.87 13.35 11.42 10.51 11.78 10.00 6.97 5.12 4.59 4.88 5.41 5.95 6.40 6.68 6.66 6.67 6.83 6.86 6.99 7.87 9.25 10.45 11.53 11.00 7.91 5.22 5.05 5.53 6.73 7.95 7.72 7.28 7.52 7.51 7.46 9.01 10.68 10.49 10.32 10.84 11.32 13.64 17.82 17.89 12.84 8.32 6.75 7.77 12.88 15.05 13.35 14.48 12.98 6.39
4.39 5.02 5.76 6.11 7.47 9.82 11.93 14.21 16.02 15.36 21.37 34.57 31.30 18.38 15.00 15.01 16.91 17.79 14.98 14.08 14.99 15.32 15.88 15.34 14.42 14.48 14.24 14.00 13.53 12.17 12.24 12.61 10.27 8.29 7.90 7.91 6.44 5.20 4.76 5.02 5.64 6.15 6.61 6.97 7.02 6.93 7.04 7.10 7.62 8.88 10.24 11.70 12.90 11.79 9.24 7.22 6.19 6.38 7.95 8.91 7.97 7.19 7.38 7.51 7.97 9.56 10.76 10.41 10.38 11.13 11.45 12.66 16.44 17.84 13.71 9.54 8.57 9.38 11.41 13.86 15.29 14.45 9.75 5.87
7.06 6.54 6.14 6.47 7.83 9.76 11.68 15.62 18.23 20.15 29.89 34.55 24.96 15.48 13.75 14.34 16.26 16.00 14.22 14.40 15.23 15.26 15.08 14.74 14.63 15.29 14.76 14.06 13.85 11.91 10.83 11.86 9.77 6.11 5.80 6.89 6.37 5.37 4.95 5.12 5.73 6.28 6.66 7.11 7.41 7.27 7.20 7.59 8.69 9.75 10.88 12.97 14.30 12.73 10.61 9.01 7.70 7.90 8.64 9.01 7.96 7.13 7.38 7.91 8.79 9.95 10.74 10.85 11.04 11.51 11.99 12.68 14.95 16.69 13.66 10.29 10.82 11.90 11.06 12.64 15.29 11.92 8.23 6.60
