windninja/windninja_output/Output_2025-10-23_0700-0750_Google earth_Fire_150m_10min/merlingen_7.5mi_point_10-23-2025_0700_150m_vel.asc
ncols	158
nrows	163
xllcorner	391686.332397
yllcorner	5160024.123721
cellsize	150.000000
NODATA_value	-32768.000000
[rows 114 to 151 of 163, columns 0 to 83 of 158]
2.17 2.66 3.31 3.73 4.09 4.16 4.07 4.02 3.98 4.13 4.75 5.92 5.94 5.06 5.80 6.56 4.49 1.70 1.25 2.46 4.53 7.10 7.76 5.66 5.36 6.38 6.44 6.17 6.33 6.54 7.70 10.93 13.63 15.56 15.67 12.58 9.60 7.85 6.10 4.78 4.33 5.75 7.78 8.07 6.34 4.90 4.66 4.56 4.29 4.09 3.82 3.42 3.10 3.12 3.58 3.81 3.65 3.78 4.40 4.80 4.48 4.02 4.35 4.98 4.66 4.40 4.64 4.73 4.67 4.28 3.95 4.29 4.70 4.65 4.82 5.29 5.31 5.01 4.65 4.72 5.27 5.07 4.04 3.47
1.67 2.39 3.32 3.73 4.00 4.09 4.14 3.97 3.83 4.24 5.24 6.02 5.40 4.81 6.26 7.56 5.55 2.37 1.46 1.84 3.55 5.55 7.08 7.45 7.26 6.88 6.31 6.13 7.24 6.72 6.18 9.23 13.89 16.74 15.78 12.60 9.85 7.95 6.24 4.84 5.11 7.21 8.44 7.99 6.69 5.72 5.22 4.66 4.31 4.13 3.86 3.57 3.19 2.93 3.32 3.69 3.63 3.66 4.12 4.72 4.55 4.07 4.36 5.02 4.92 4.40 4.50 4.78 4.85 4.60 4.32 4.47 4.86 4.86 4.73 5.18 5.55 5.38 4.81 4.61 5.35 5.39 4.33 3.54
1.29 2.19 3.24 3.67 3.90 3.93 3.98 3.98 4.21 4.95 6.07 5.87 4.44 4.19 6.61 8.70 6.41 2.51 1.76 2.01 3.23 4.49 5.74 7.41 8.02 7.47 6.14 6.19 8.28 7.41 5.81 7.81 12.41 16.54 16.50 13.16 10.16 7.52 6.38 6.12 6.76 8.28 8.25 7.52 6.95 5.81 4.62 3.99 4.05 4.11 3.96 3.77 3.39 2.91 2.93 3.40 3.63 3.65 3.95 4.55 4.48 4.15 4.44 5.05 5.10 4.49 4.42 4.76 4.91 4.79 4.58 4.59 5.00 5.35 5.07 5.07 5.44 5.64 5.16 4.72 5.34 5.67 4.54 3.50
1.13 1.95 3.01 3.58 3.88 3.87 3.70 3.90 4.78 5.87 6.67 5.52 3.56 3.60 6.87 9.44 6.95 2.83 2.50 3.15 3.84 4.79 5.62 6.68 7.72 7.97 6.58 6.56 9.13 8.02 6.13 7.09 10.13 15.21 16.67 13.55 9.97 6.97 6.66 7.81 8.35 8.32 7.54 7.21 6.88 5.41 4.35 4.25 4.47 4.55 4.39 3.98 3.50 2.91 2.51 3.08 3.65 3.71 3.90 4.36 4.40 4.17 4.49 5.12 5.14 4.54 4.43 4.73 4.89 4.87 4.73 4.67 4.98 5.56 5.76 5.47 5.23 5.48 5.50 5.14 5.53 5.86 4.64 3.35
1.04 1.59 2.74 3.55 3.89 3.86 3.64 4.04 5.17 6.20 6.93 5.52 3.27 3.51 6.46 9.57 8.48 4.22 3.50 4.08 4.41 5.04 5.71 6.46 7.39 8.03 7.45 7.99 9.23 8.50 7.51 8.06 10.39 15.52 16.26 13.20 10.04 7.00 7.53 8.90 8.38 7.54 6.98 6.87 6.60 5.74 5.02 4.96 5.00 4.84 4.42 3.79 3.36 2.86 2.34 2.77 3.54 3.75 3.90 4.27 4.41 4.21 4.50 5.10 5.06 4.61 4.47 4.70 4.89 4.97 4.86 4.70 4.82 5.41 6.14 6.12 5.39 5.29 5.59 5.60 5.87 5.86 4.63 3.36
0.92 1.26 2.49 3.66 4.00 3.79 3.87 4.50 5.52 6.06 6.75 6.16 3.69 3.66 5.61 8.86 10.01 6.51 4.14 4.22 4.53 4.96 5.71 6.75 7.79 8.35 8.45 8.90 9.46 9.75 11.00 12.12 14.19 16.36 14.96 12.45 10.14 8.00 8.46 8.61 7.40 6.79 6.65 6.86 6.91 6.33 5.39 5.03 4.85 4.39 3.85 3.31 3.05 2.75 2.27 2.42 3.30 3.80 3.96 4.28 4.53 4.36 4.51 4.92 4.78 4.63 4.51 4.55 4.93 5.21 5.06 4.73 4.69 5.10 5.96 6.44 6.03 5.58 5.74 5.93 6.05 5.82 4.74 3.72
0.84 1.04 2.27 3.78 4.16 3.77 4.25 5.09 5.92 5.78 6.16 6.89 4.66 3.62 4.82 7.98 10.63 8.75 5.11 4.32 4.54 4.94 5.83 7.10 8.23 8.85 9.08 9.30 10.57 12.43 13.78 14.05 14.49 14.51 13.30 12.13 10.37 9.28 8.48 7.08 6.47 6.44 6.91 7.29 7.06 6.29 5.60 5.23 4.67 4.02 3.50 3.04 2.83 2.66 2.18 2.01 3.04 3.87 4.02 4.31 4.70 4.40 4.39 4.63 4.37 4.62 4.68 4.31 4.74 5.42 5.33 4.87 4.72 4.90 5.43 6.11 6.45 6.29 6.17 6.23 6.13 5.90 5.04 4.21
0.85 1.00 2.24 3.62 4.06 3.91 4.66 5.78 6.40 5.55 5.64 7.66 5.89 3.64 4.30 7.22 10.63 10.10 6.39 4.50 4.37 4.98 5.93 7.22 8.69 9.38 9.44 10.04 12.63 15.15 15.13 14.21 13.81 13.09 12.96 12.16 10.50 9.89 7.61 6.04 5.94 6.21 7.24 7.24 6.61 6.09 5.74 5.12 4.15 3.59 3.16 2.80 2.68 2.58 2.14 1.77 2.95 3.89 3.99 4.35 4.64 4.12 4.05 4.38 4.36 4.94 5.25 4.47 4.38 5.22 5.40 5.09 4.99 4.92 4.93 5.34 6.12 6.67 6.80 6.69 6.42 6.16 5.44 4.75
1.05 1.28 2.47 3.25 3.68 4.06 4.97 6.26 6.91 5.61 5.58 8.47 7.02 3.83 3.81 5.96 9.98 10.87 7.20 4.78 4.43 5.22 6.08 7.21 9.03 9.59 9.78 11.37 15.07 17.04 15.26 14.32 13.99 12.37 12.71 12.30 10.25 9.92 7.83 5.87 5.44 5.79 7.30 7.44 6.70 6.33 5.68 4.29 3.34 2.93 2.66 2.56 2.42 2.34 2.05 1.74 2.76 3.74 3.85 4.24 4.22 3.79 3.97 4.31 4.57 5.57 6.15 5.28 4.60 4.70 5.08 5.20 5.29 5.11 4.74 4.67 5.20 6.21 6.97 7.13 6.98 6.75 6.00 5.34
1.21 1.54 2.61 2.89 3.17 4.01 4.84 6.14 7.38 6.46 6.43 9.44 7.82 3.64 3.32 5.06 8.40 10.89 9.01 6.34 5.68 5.84 6.31 7.50 9.14 9.80 10.12 12.68 17.96 18.65 14.68 13.59 13.43 11.77 12.31 12.33 9.92 9.61 8.84 6.06 4.99 5.19 6.62 7.91 7.57 6.82 5.78 4.08 3.00 2.55 2.49 2.39 1.99 2.00 1.76 1.39 2.20 3.43 3.67 3.84 3.82 3.82 4.16 4.38 4.69 5.85 6.62 6.24 5.25 4.48 4.61 5.20 5.40 5.25 4.87 4.47 4.47 5.28 6.38 6.97 7.32 7.52 6.85 5.75
1.26 1.68 2.56 2.60 2.84 3.86 4.53 5.49 7.25 7.14 7.90 9.95 7.05 3.29 3.24 4.67 6.67 9.37 10.41 9.00 7.75 7.25 7.12 8.01 9.12 9.77 10.91 15.89 22.09 19.12 12.75 12.28 12.86 11.66 11.83 12.18 9.94 9.10 9.12 6.65 4.99 4.63 5.30 7.69 8.66 7.57 6.13 4.42 2.93 2.53 2.50 2.12 1.59 1.72 1.46 0.82 1.52 3.10 3.69 3.36 3.43 4.13 4.48 4.54 5.06 6.00 6.51 6.67 6.21 4.82 4.45 5.13 5.46 5.28 5.09 4.68 4.38 4.78 5.67 6.25 6.85 7.88 7.73 6.13
1.32 1.79 2.47 2.49 2.75 3.65 4.25 5.01 6.73 7.11 8.39 10.26 7.42 3.58 3.56 4.58 5.58 6.87 9.11 10.73 11.17 10.02 8.85 8.92 10.27 11.75 15.83 23.53 23.16 15.70 10.21 10.96 12.55 11.39 11.01 11.97 10.30 8.82 8.97 7.34 5.28 4.33 4.42 6.79 9.12 8.69 6.85 4.68 3.00 2.58 2.31 1.71 1.25 1.44 1.34 0.59 1.15 2.87 3.88 3.37 3.37 4.41 4.69 4.68 5.36 6.11 6.27 6.52 6.68 5.92 5.03 5.33 5.72 5.51 5.35 5.06 4.74 4.81 5.28 5.73 6.01 7.37 8.13 7.00
1.26 1.74 2.52 2.50 2.65 3.39 4.12 5.12 6.24 6.66 7.83 10.24 9.18 5.10 4.74 4.98 4.90 5.42 7.06 9.65 12.02 13.55 12.16 11.69 15.75 20.35 22.60 22.92 17.38 10.93 8.90 9.97 12.07 11.02 10.43 11.65 10.66 8.83 8.37 7.44 5.76 4.48 4.30 5.83 8.80 9.67 7.84 5.06 3.10 2.38 1.99 1.35 0.85 1.10 1.19 0.58 0.81 2.61 3.97 3.86 3.82 4.49 4.65 4.77 5.52 6.13 6.21 6.32 6.57 6.51 6.25 6.27 6.29 6.00 5.73 5.47 5.14 4.95 5.16 5.49 5.64 6.60 7.64 7.48
1.27 1.79 2.70 2.56 2.57 3.21 4.22 5.49 5.91 6.03 6.66 8.96 9.95 8.30 7.32 5.80 4.59 5.31 6.99 9.12 12.74 16.58 17.16 16.84 18.65 20.84 19.29 14.63 11.11 8.94 8.15 9.20 11.24 10.74 10.30 11.17 10.72 9.24 7.84 7.19 6.20 4.97 4.77 5.42 7.99 10.10 8.56 5.30 3.06 2.07 1.72 1.08 0.48 0.95 1.07 0.60 0.66 2.54 4.04 4.24 4.20 4.49 4.59 4.92 5.62 6.09 6.20 6.24 6.37 6.50 6.95 7.34 7.10 6.61 6.27 6.00 5.39 5.18 5.52 5.62 5.73 6.37 6.88 7.07
1.34 1.85 2.78 2.65 2.60 3.28 4.47 5.59 5.74 5.45 5.52 7.05 9.12 10.03 9.73 7.07 5.54 6.73 9.63 16.20 19.55 18.77 17.58 16.00 15.93 15.62 13.40 10.73 8.80 7.83 7.96 9.03 10.16 9.88 9.91 10.74 10.76 9.47 7.64 7.07 6.53 5.82 5.64 5.76 7.31 9.81 9.09 5.42 3.04 2.18 1.62 0.82 0.35 0.97 1.03 0.65 0.77 2.58 4.07 4.36 4.41 4.57 4.70 5.15 5.70 6.09 6.18 6.21 6.32 6.45 7.07 7.97 8.09 7.36 6.79 6.53 5.86 5.60 5.96 6.10 6.29 6.52 6.51 6.65
1.26 1.74 2.77 2.76 2.64 3.45 4.58 5.55 5.63 5.22 5.16 5.95 7.33 9.01 10.26 10.25 8.79 10.50 17.27 23.12 20.38 15.40 14.06 13.47 14.11 14.59 12.81 9.92 7.94 7.70 8.29 8.61 8.58 8.26 8.90 10.63 11.07 9.30 7.69 7.38 7.08 6.75 6.57 6.61 7.31 8.86 8.79 5.67 3.42 2.66 1.69 0.75 0.62 1.09 1.07 0.72 1.03 2.67 4.03 4.45 4.52 4.64 4.89 5.31 5.77 6.11 6.17 6.19 6.27 6.49 7.07 8.05 8.72 8.32 7.52 7.27 6.71 5.95 6.05 6.53 6.78 6.75 6.56 6.48
1.24 1.67 2.84 2.95 2.75 3.66 4.81 5.53 5.66 5.37 5.35 5.49 5.92 7.15 9.06 11.65 14.25 18.29 22.55 21.09 14.48 11.60 11.77 12.87 14.72 15.47 12.70 9.18 8.31 8.48 8.47 7.85 7.16 6.92 7.41 9.55 11.23 10.06 8.21 7.88 7.77 7.52 7.62 7.78 7.90 7.91 7.47 5.32 3.97 3.18 1.85 1.00 1.09 1.30 1.08 0.71 1.21 2.69 4.02 4.59 4.62 4.69 5.05 5.45 5.83 6.13 6.25 6.22 6.23 6.47 7.07 7.98 8.75 8.94 8.58 8.33 7.67 6.42 6.35 6.94 7.08 7.00 6.61 6.12
1.35 1.77 2.89 3.11 3.01 3.93 4.83 5.44 5.91 5.77 5.45 5.22 5.35 6.42 8.30 11.41 17.82 22.81 21.21 14.69 11.83 11.28 11.23 11.99 14.83 15.94 11.53 9.25 9.13 8.73 8.42 7.89 7.09 6.34 6.43 7.83 10.20 10.99 9.45 8.54 8.65 8.48 8.57 8.69 8.12 6.76 5.22 4.27 4.21 3.50 2.05 1.51 1.54 1.44 1.14 0.93 1.36 2.71 4.06 4.71 4.78 4.88 5.12 5.56 5.88 6.15 6.39 6.30 6.21 6.37 7.06 7.98 8.49 9.03 9.36 9.40 8.80 7.21 6.74 7.38 7.73 7.28 6.34 5.70
1.42 1.82 2.68 3.20 3.66 4.32 4.55 5.02 6.09 6.22 5.43 5.11 5.37 6.48 8.84 12.03 19.79 24.18 18.85 13.25 12.15 11.64 11.42 11.97 14.31 15.70 12.30 9.69 9.43 8.39 7.82 7.50 6.74 6.15 6.50 7.46 8.97 10.62 10.26 9.70 9.88 9.28 8.90 8.92 7.65 5.00 3.15 3.03 3.83 3.44 2.17 1.90 1.79 1.55 1.35 1.28 1.60 2.81 4.15 4.74 5.00 5.33 5.19 5.51 5.99 6.18 6.48 6.42 6.18 6.31 7.06 7.87 8.22 9.03 9.75 10.13 10.14 8.24 6.98 7.84 8.27 7.29 6.04 5.63
1.40 1.81 2.61 3.34 4.40 4.71 4.32 4.58 5.92 6.71 6.00 5.37 5.72 7.43 9.83 14.33 22.39 24.11 19.38 14.67 13.22 12.48 12.25 12.37 12.84 13.70 13.00 10.92 9.69 8.47 7.49 6.93 6.29 6.57 7.30 7.87 8.72 9.62 9.77 10.72 11.21 9.76 8.97 8.73 6.71 3.73 2.36 2.22 2.98 3.02 2.36 2.07 1.91 1.71 1.59 1.61 1.89 2.98 4.24 4.83 5.33 5.75 5.38 5.48 6.11 6.29 6.59 6.63 6.24 6.36 7.06 7.65 7.96 8.75 9.88 10.91 11.29 9.14 7.35 8.08 8.38 7.06 5.77 5.38
1.57 2.12 2.88 3.62 4.75 4.77 4.33 4.69 5.44 6.74 7.01 5.95 6.68 9.03 13.49 21.44 25.02 22.84 18.62 15.77 13.84 12.40 11.91 11.34 10.11 10.37 12.40 12.64 10.81 9.15 7.95 7.28 6.94 7.36 7.74 7.81 8.22 8.38 9.13 11.33 12.13 10.41 9.24 8.18 5.32 3.36 2.32 1.69 2.16 2.80 2.62 2.22 2.02 1.90 1.82 1.87 2.23 3.25 4.31 4.93 5.64 5.87 5.57 5.65 6.19 6.53 6.72 6.93 6.74 6.56 6.90 7.48 7.81 8.07 9.51 11.50 12.19 10.25 8.00 8.13 8.31 7.00 5.40 4.85
1.65 2.35 3.20 3.88 4.73 4.83 4.68 5.10 5.40 6.47 7.35 6.88 7.42 11.60 21.00 26.06 23.78 20.02 17.42 16.09 14.27 11.21 10.30 9.53 8.29 8.36 10.47 12.91 12.64 10.42 8.64 7.96 7.96 7.98 7.88 7.79 7.43 7.27 9.18 12.01 12.23 10.71 9.45 7.05 4.64 3.73 2.75 1.80 2.06 2.78 2.87 2.56 2.28 2.15 2.03 2.02 2.49 3.60 4.50 5.11 5.70 5.82 5.74 5.87 6.24 6.72 6.84 7.24 7.77 7.33 6.93 7.27 7.54 7.49 8.71 11.14 12.51 11.61 8.99 8.27 7.99 6.72 5.48 4.98
1.52 2.41 3.46 3.85 4.63 4.96 5.01 5.17 5.41 6.29 7.07 7.60 7.97 13.92 24.80 25.04 19.90 18.28 16.60 15.76 14.21 10.85 9.27 8.95 8.26 8.09 9.28 11.99 13.63 12.15 9.39 8.36 8.46 8.22 8.26 8.20 7.27 6.86 9.54 12.58 11.64 10.36 9.20 5.86 4.42 4.09 3.29 2.36 2.37 2.85 3.01 2.86 2.63 2.43 2.24 2.20 2.76 3.97 4.75 5.27 5.65 5.75 5.90 5.99 6.23 6.78 6.98 7.53 8.80 8.67 7.56 7.16 7.31 7.22 7.85 10.04 12.11 12.25 10.59 8.86 7.77 6.62 5.94 5.87
1.50 2.28 3.45 3.84 4.74 5.18 5.00 4.94 5.36 6.22 6.94 8.08 9.03 16.64 25.83 23.22 18.85 17.37 15.25 14.63 13.86 11.35 9.61 9.25 8.48 8.16 8.92 11.37 13.71 12.93 9.89 8.69 8.73 8.57 8.70 8.38 7.32 6.75 9.56 12.75 11.15 9.22 7.72 5.47 4.51 4.35 3.73 2.92 2.82 3.10 3.16 3.06 2.92 2.70 2.44 2.43 3.16 4.40 4.90 5.23 5.58 5.74 6.04 6.02 6.14 6.75 7.20 7.88 9.35 10.03 8.74 7.51 7.49 7.44 7.02 8.37 11.02 12.00 11.49 10.59 8.72 6.90 6.54 6.83
1.70 2.20 3.00 3.77 5.03 5.33 4.85 4.78 5.40 6.40 7.64 9.21 12.14 22.37 26.96 22.03 17.78 15.40 13.20 13.61 13.94 12.06 10.48 9.71 8.65 8.35 9.05 11.16 12.87 11.99 10.28 9.84 9.66 9.23 9.10 8.13 6.90 6.93 9.50 12.46 10.57 7.16 5.91 5.10 4.59 4.68 4.25 3.47 3.25 3.36 3.36 3.31 3.15 2.93 2.72 2.80 3.70 4.63 4.91 5.17 5.45 5.71 6.06 5.94 6.06 6.73 7.44 8.37 9.60 10.68 10.37 8.85 8.13 7.79 7.16 7.27 9.43 10.98 11.14 11.67 10.71 7.68 7.56 7.49
1.87 2.20 2.64 3.65 5.03 5.34 5.01 5.17 5.84 6.84 8.58 11.73 19.63 27.84 26.08 18.75 15.43 13.62 12.26 13.23 14.23 12.89 11.22 9.96 9.01 8.94 9.64 10.80 11.49 10.31 9.28 10.68 11.03 9.58 9.47 8.20 6.89 7.82 9.78 11.16 8.64 5.47 4.97 4.60 4.45 4.80 4.59 3.94 3.67 3.64 3.59 3.60 3.40 3.26 3.28 3.52 4.18 4.62 4.88 5.19 5.34 5.69 5.89 5.62 5.95 6.83 7.66 8.78 9.81 10.70 11.38 10.89 9.30 8.20 7.63 7.31 8.08 9.72 10.17 11.46 11.88 10.10 9.33 7.85
1.74 2.11 2.95 3.92 4.39 4.86 5.62 6.04 6.36 8.14 10.28 15.46 26.74 28.37 19.81 14.73 13.91 12.78 11.44 12.88 14.60 13.66 11.76 10.37 9.66 9.84 10.19 10.34 10.43 9.33 8.54 10.50 11.38 10.52 10.52 9.03 7.54 8.20 8.65 8.18 6.22 4.99 4.84 4.41 4.35 4.73 4.66 4.26 4.07 3.99 3.95 3.87 3.56 3.58 4.05 4.28 4.33 4.52 4.92 5.19 5.34 5.74 5.61 5.07 5.58 6.87 7.94 9.01 9.88 10.76 11.75 12.06 10.60 8.75 8.13 7.29 7.03 8.65 9.68 10.91 12.59 12.23 9.90 7.25
1.27 2.20 3.64 3.94 3.83 4.49 6.15 6.64 7.29 10.67 13.73 22.29 29.07 22.34 14.08 13.00 12.88 12.55 11.75 12.89 14.52 14.07 12.41 11.24 10.60 10.61 10.53 9.95 9.67 9.01 8.74 9.81 10.68 11.49 11.89 9.82 7.74 7.28 6.19 4.76 4.58 4.80 4.82 4.46 4.37 4.61 4.63 4.49 4.40 4.36 4.38 4.47 4.18 4.09 4.66 4.64 4.37 4.56 4.97 5.22 5.51 5.82 5.40 4.67 5.13 6.69 8.07 8.97 9.81 11.02 11.77 12.13 11.86 10.45 8.85 6.77 6.00 7.87 9.78 11.26 13.43 13.05 9.44 6.75
1.12 2.21 4.10 3.92 4.06 5.09 6.29 7.07 9.11 12.21 17.33 27.53 27.80 15.51 12.04 12.39 12.54 13.54 13.70 13.71 13.81 13.46 12.82 12.40 11.74 11.07 10.37 9.29 8.97 9.04 9.17 9.76 10.38 11.61 12.53 10.52 7.45 5.72 3.97 3.01 3.92 4.81 4.95 4.74 4.61 4.67 4.70 4.72 4.77 4.77 4.85 5.43 5.64 5.05 4.96 4.58 4.31 4.73 5.00 5.36 5.83 5.88 5.41 4.89 5.43 6.93 8.11 8.77 9.67 10.96 11.51 11.75 12.86 12.39 8.86 5.86 5.34 7.45 10.20 12.51 13.38 12.42 10.25 7.79
1.64 2.05 4.22 4.59 4.81 5.62 6.66 7.89 10.24 12.15 19.80 26.85 21.77 13.66 12.34 12.45 13.13 15.03 15.33 13.28 12.26 12.50 13.00 13.35 12.58 11.35 10.18 9.24 9.07 9.61 10.01 10.61 10.47 10.62 12.33 11.01 6.99 4.28 3.08 3.06 3.86 4.78 5.11 5.06 4.92 4.89 4.95 5.02 5.06 5.13 5.42 6.51 7.23 6.63 5.59 4.25 4.12 4.94 5.16 5.56 6.02 6.02 5.78 5.60 6.15 7.33 8.24 8.79 9.26 10.15 10.97 11.84 13.71 13.19 8.55 5.21 5.32 6.97 10.66 13.00 11.71 11.12 11.39 8.69
2.00 2.30 4.15 5.18 5.39 5.99 7.33 8.85 10.65 11.59 18.33 26.62 21.35 14.30 13.17 12.64 13.80 16.05 15.08 11.54 11.22 12.10 12.99 13.69 12.80 11.08 9.93 9.92 9.96 10.12 10.62 11.16 10.06 9.45 11.42 10.07 6.17 3.99 3.34 3.56 4.05 4.70 5.10 5.23 5.13 5.13 5.25 5.32 5.32 5.61 6.38 7.57 8.46 8.23 6.20 4.05 4.12 4.93 5.37 5.95 6.27 6.21 6.21 6.21 6.36 7.43 8.63 8.96 8.94 9.16 10.03 11.91 14.28 13.76 9.29 5.62 5.28 6.51 10.86 12.68 10.26 10.94 11.68 7.71
2.17 2.96 4.27 5.07 5.75 6.85 8.47 9.91 11.44 11.72 15.79 27.00 25.39 15.59 13.23 12.51 14.07 15.84 13.11 10.92 11.54 12.28 13.04 13.19 12.14 10.99 10.49 10.83 10.63 9.99 10.36 10.74 9.17 8.39 9.36 7.94 5.53 4.07 3.67 3.94 4.38 4.82 5.19 5.40 5.37 5.37 5.49 5.51 5.62 6.37 7.57 8.62 9.56 9.18 6.71 4.63 4.55 4.90 5.83 6.88 6.75 6.35 6.46 6.42 6.36 7.62 9.01 8.86 8.68 9.09 9.44 11.14 14.23 14.14 10.07 6.62 5.67 6.64 10.58 12.14 10.82 12.02 10.81 5.15
3.09 3.87 4.77 5.10 5.98 7.68 9.34 11.28 12.93 12.52 17.35 27.98 25.40 15.14 12.43 12.37 13.84 14.47 12.11 11.39 12.18 12.46 12.89 12.42 11.64 11.68 11.49 11.29 10.87 9.75 9.79 10.09 8.23 6.61 6.24 6.26 5.11 4.15 3.81 4.04 4.56 4.99 5.36 5.64 5.67 5.59 5.67 5.72 6.18 7.26 8.41 9.65 10.68 9.83 7.81 6.29 5.54 5.73 7.01 7.80 7.04 6.38 6.44 6.48 6.84 8.13 9.05 8.73 8.70 9.31 9.57 10.50 13.30 14.15 10.72 7.41 6.88 7.87 9.53 11.23 12.48 11.97 7.90 4.37
4.79 4.86 5.07 5.49 6.61 8.03 9.32 12.29 14.53 16.41 24.50 28.24 20.39 12.72 11.35 11.79 13.26 12.98 11.51 11.63 12.30 12.36 12.21 11.94 11.86 12.40 11.97 11.38 11.17 9.57 8.65 9.44 7.75 4.79 4.54 5.46 5.08 4.29 3.98 4.13 4.64 5.09 5.40 5.76 6.00 5.87 5.81 6.14 7.09 8.00 8.94 10.68 11.83 10.60 8.94 7.74 6.80 7.05 7.66 7.92 7.03 6.34 6.52 6.95 7.69 8.59 9.17 9.25 9.42 9.74 10.09 10.60 12.25 13.36 10.72 7.97 8.60 9.89 9.46 10.64 12.60 9.51 6.00 4.67
5.96 5.54 5.23 5.99 7.13 8.12 8.89 11.48 17.08 22.68 26.22 22.52 14.81 11.51 10.50 10.86 12.21 12.23 11.26 11.43 12.14 12.08 11.57 11.92 12.99 12.97 12.34 11.83 11.24 8.90 7.15 8.02 7.34 4.79 4.18 4.99 5.10 4.51 4.15 4.22 4.66 5.15 5.35 5.67 6.14 6.14 6.05 6.87 7.94 8.47 9.48 11.54 12.72 11.78 10.30 9.33 8.30 7.78 7.98 7.97 7.09 6.61 7.05 7.73 8.29 8.99 9.70 10.12 10.27 10.72 11.17 10.85 11.25 11.71 10.22 8.94 10.83 11.95 10.24 10.72 10.71 7.26 6.75 5.84
5.95 6.21 6.30 6.77 7.82 9.04 9.61 11.88 20.90 25.18 21.74 16.04 13.28 11.44 10.33 10.39 11.24 11.67 11.22 11.13 11.50 11.34 10.34 11.27 13.99 14.87 13.36 11.69 10.03 7.91 5.73 5.77 6.37 4.96 4.23 4.68 5.03 4.76 4.46 4.40 4.69 5.26 5.46 5.60 6.07 6.32 6.45 7.49 8.39 8.72 9.99 12.12 13.40 13.40 12.49 10.90 9.25 8.13 8.22 8.01 7.28 7.23 7.73 8.35 8.93 9.60 10.17 10.40 10.69 11.62 12.00 10.78 9.72 9.70 9.81 11.08 13.46 12.38 8.82 8.57 7.60 6.40 7.65 7.59
5.55 6.50 7.13 7.65 9.90 11.03 10.31 13.63 24.50 26.04 17.95 14.16 13.12 11.42 10.53 10.16 10.17 10.64 11.41 11.30 10.66 10.05 8.96 9.93 13.44 16.45 15.83 10.99 8.32 6.94 4.70 4.48 5.30 5.06 4.54 4.49 4.83 4.87 4.72 4.66 4.82 5.40 5.70 5.64 6.05 6.76 7.16 7.74 8.42 9.00 10.19 12.32 14.15 15.18 14.63 12.07 10.06 8.91 8.38 8.16 7.65 7.75 8.37 9.10 9.84 10.12 10.25 10.22 10.57 11.93 12.46 10.35 8.00 7.97 9.76 13.34 14.48 10.39 6.01 6.04 5.48 5.23 7.52 9.16
5.48 6.35 7.34 8.91 11.31 11.04 9.67 14.79 26.14 24.82 15.24 13.14 13.08 12.03 11.16 10.31 9.55 9.98 11.06 11.09 10.09 9.04 8.33 9.20 11.82 16.07 18.14 13.42 7.88 6.32 4.94 4.33 4.67 4.99 4.81 4.34 4.45 4.62 4.68 4.80 5.02 5.61 5.92 5.68 6.06 7.43 8.21 7.82 8.11 9.15 10.15 12.08 14.78 16.53 16.13 13.30 10.96 9.61 8.95 8.85 8.32 8.24 9.15 9.97 10.45 10.23 10.13 10.20 10.68 12.51 13.07 9.85 6.72 7.35 10.32 14.52 14.27 8.26 4.57 4.40 4.28 4.57 6.48 9.59
