windninja/windninja_output/Output_2025-10-23_0700-0750_Google earth_Fire_150m_10min/merlingen_7.5mi_point_10-23-2025_0700_150m_vel.asc
ncols	158
nrows	163
xllcorner	391686.332397
yllcorner	5160024.123721
cellsize	150.000000
NODATA_value	-32768.000000
[rows 0 to 37 of 163, columns 0 to 83 of 158]
2.07 2.09 2.11 2.08 2.10 2.16 2.02 1.88 1.91 1.89 1.77 1.57 1.48 1.75 1.96 1.95 1.82 1.68 1.69 1.77 1.57 1.28 1.36 1.48 1.48 1.39 1.26 1.26 1.32 1.28 1.23 1.22 1.21 1.17 1.16 1.16 1.05 0.99 0.99 0.93 0.91 0.90 0.86 0.83 0.79 0.71 0.66 0.61 0.57 0.54 0.50 0.46 0.44 0.40 0.37 0.36 0.35 0.34 0.32 0.29 0.26 0.25 0.23 0.22 0.21 0.20 0.20 0.23 0.25 0.27 0.28 0.29 0.31 0.32 0.35 0.37 0.39 0.42 0.45 0.46 0.48 0.48 0.52 0.56
2.06 2.15 2.20 2.14 2.18 2.16 1.94 1.85 1.95 1.92 1.77 1.48 1.26 1.51 1.85 2.00 1.95 1.79 1.85 1.91 1.59 1.26 1.30 1.46 1.52 1.44 1.28 1.25 1.30 1.27 1.23 1.23 1.21 1.17 1.15 1.17 1.08 1.01 0.98 0.91 0.89 0.88 0.84 0.83 0.79 0.71 0.67 0.62 0.56 0.53 0.50 0.47 0.44 0.41 0.38 0.36 0.34 0.32 0.29 0.27 0.24 0.22 0.21 0.20 0.19 0.18 0.19 0.21 0.23 0.25 0.25 0.27 0.29 0.31 0.33 0.36 0.38 0.42 0.45 0.45 0.45 0.47 0.51 0.55
2.07 2.23 2.29 2.21 2.25 2.07 1.82 1.87 2.04 2.02 1.79 1.31 1.04 1.29 1.74 2.14 2.19 2.03 2.09 2.00 1.60 1.29 1.24 1.35 1.50 1.48 1.33 1.25 1.24 1.23 1.23 1.23 1.20 1.18 1.17 1.15 1.11 1.05 0.99 0.91 0.89 0.86 0.83 0.84 0.80 0.72 0.68 0.64 0.55 0.50 0.49 0.46 0.43 0.41 0.38 0.35 0.32 0.29 0.26 0.23 0.21 0.18 0.16 0.15 0.14 0.14 0.14 0.16 0.19 0.20 0.21 0.23 0.26 0.29 0.31 0.33 0.35 0.42 0.45 0.42 0.40 0.45 0.50 0.52
2.17 2.30 2.31 2.25 2.25 2.03 1.95 2.19 2.32 2.19 1.77 1.19 1.03 1.29 1.74 2.33 2.40 2.23 2.15 1.94 1.63 1.42 1.26 1.21 1.42 1.49 1.39 1.29 1.20 1.19 1.25 1.25 1.23 1.23 1.20 1.15 1.12 1.08 1.02 0.96 0.92 0.88 0.88 0.89 0.82 0.75 0.70 0.64 0.56 0.51 0.49 0.44 0.41 0.40 0.37 0.34 0.31 0.28 0.25 0.22 0.19 0.15 0.13 0.11 0.10 0.09 0.10 0.12 0.15 0.17 0.18 0.21 0.24 0.27 0.29 0.30 0.33 0.40 0.44 0.40 0.36 0.43 0.50 0.49
2.26 2.34 2.33 2.27 2.26 2.16 2.25 2.49 2.47 2.08 1.51 1.10 1.06 1.36 1.96 2.47 2.50 2.28 2.05 1.88 1.72 1.59 1.36 1.20 1.39 1.48 1.42 1.33 1.21 1.21 1.25 1.28 1.32 1.31 1.22 1.16 1.13 1.12 1.09 1.04 0.97 0.93 0.95 0.93 0.84 0.77 0.71 0.63 0.58 0.54 0.48 0.43 0.41 0.40 0.38 0.35 0.32 0.29 0.26 0.23 0.19 0.15 0.11 0.09 0.06 0.05 0.06 0.08 0.12 0.14 0.16 0.19 0.23 0.25 0.27 0.29 0.32 0.37 0.41 0.40 0.35 0.40 0.49 0.49
2.35 2.39 2.37 2.33 2.36 2.36 2.47 2.56 2.28 1.72 1.29 1.12 1.10 1.46 2.15 2.46 2.45 2.24 1.96 1.87 1.85 1.78 1.50 1.27 1.38 1.47 1.40 1.32 1.26 1.25 1.25 1.32 1.41 1.36 1.24 1.18 1.20 1.21 1.19 1.11 1.02 0.99 0.98 0.93 0.83 0.77 0.71 0.64 0.59 0.54 0.48 0.44 0.43 0.42 0.39 0.36 0.34 0.31 0.28 0.24 0.20 0.16 0.12 0.09 0.06 0.03 0.01 0.05 0.10 0.13 0.15 0.19 0.21 0.22 0.25 0.29 0.33 0.35 0.37 0.38 0.38 0.40 0.46 0.50
2.42 2.45 2.43 2.42 2.49 2.50 2.52 2.41 1.98 1.54 1.33 1.24 1.20 1.56 2.23 2.41 2.33 2.20 2.01 1.95 1.97 1.95 1.68 1.37 1.38 1.41 1.34 1.33 1.33 1.28 1.28 1.41 1.47 1.37 1.28 1.29 1.32 1.29 1.22 1.13 1.05 1.01 0.97 0.90 0.82 0.78 0.72 0.65 0.60 0.54 0.48 0.46 0.45 0.43 0.41 0.39 0.37 0.34 0.30 0.26 0.22 0.18 0.14 0.10 0.07 0.05 0.03 0.05 0.09 0.12 0.15 0.20 0.22 0.21 0.23 0.29 0.34 0.36 0.33 0.35 0.41 0.43 0.44 0.49
2.48 2.51 2.51 2.49 2.52 2.49 2.41 2.16 1.78 1.54 1.48 1.42 1.40 1.68 2.22 2.39 2.21 2.17 2.13 2.03 2.06 2.09 1.85 1.54 1.42 1.33 1.33 1.41 1.36 1.26 1.35 1.49 1.46 1.37 1.38 1.42 1.37 1.28 1.19 1.11 1.04 0.99 0.95 0.89 0.83 0.79 0.73 0.67 0.61 0.55 0.50 0.50 0.48 0.44 0.44 0.44 0.41 0.37 0.33 0.29 0.26 0.21 0.17 0.14 0.11 0.09 0.08 0.08 0.10 0.12 0.15 0.20 0.24 0.23 0.24 0.27 0.34 0.37 0.32 0.35 0.44 0.45 0.42 0.46
2.54 2.56 2.56 2.51 2.47 2.40 2.26 2.02 1.80 1.69 1.66 1.61 1.57 1.75 2.19 2.34 2.19 2.19 2.19 2.10 2.15 2.17 1.99 1.73 1.49 1.32 1.36 1.44 1.30 1.24 1.45 1.53 1.42 1.41 1.49 1.48 1.34 1.22 1.15 1.09 1.04 1.00 0.95 0.91 0.87 0.81 0.74 0.70 0.64 0.56 0.53 0.54 0.49 0.46 0.50 0.49 0.45 0.40 0.36 0.32 0.27 0.22 0.18 0.15 0.13 0.12 0.11 0.11 0.13 0.14 0.16 0.18 0.22 0.24 0.25 0.27 0.33 0.35 0.33 0.36 0.47 0.48 0.41 0.43
2.57 2.59 2.60 2.54 2.42 2.33 2.22 2.07 1.96 1.87 1.82 1.75 1.66 1.75 2.07 2.27 2.25 2.27 2.21 2.19 2.26 2.23 2.13 1.87 1.57 1.39 1.35 1.38 1.28 1.29 1.55 1.54 1.39 1.45 1.53 1.47 1.31 1.18 1.14 1.12 1.07 1.04 1.00 0.95 0.90 0.83 0.75 0.73 0.67 0.57 0.55 0.56 0.50 0.50 0.56 0.54 0.47 0.42 0.37 0.30 0.25 0.22 0.19 0.15 0.13 0.13 0.13 0.13 0.14 0.16 0.18 0.19 0.21 0.23 0.26 0.28 0.32 0.32 0.32 0.39 0.48 0.51 0.44 0.40
2.61 2.64 2.65 2.56 2.42 2.33 2.28 2.21 2.11 1.99 1.92 1.84 1.73 1.73 1.94 2.23 2.35 2.38 2.27 2.26 2.34 2.30 2.25 1.98 1.67 1.50 1.31 1.27 1.30 1.38 1.55 1.49 1.36 1.45 1.52 1.44 1.30 1.19 1.17 1.17 1.12 1.09 1.05 0.97 0.91 0.87 0.78 0.74 0.69 0.59 0.58 0.58 0.53 0.56 0.59 0.56 0.48 0.40 0.35 0.29 0.26 0.24 0.20 0.16 0.16 0.15 0.13 0.12 0.12 0.14 0.18 0.20 0.21 0.23 0.26 0.29 0.33 0.32 0.30 0.37 0.47 0.53 0.50 0.43
2.68 2.70 2.68 2.57 2.45 2.38 2.36 2.31 2.18 2.07 2.01 1.91 1.79 1.72 1.90 2.29 2.46 2.45 2.35 2.33 2.40 2.37 2.27 2.00 1.71 1.44 1.13 1.13 1.30 1.38 1.46 1.44 1.39 1.46 1.48 1.40 1.31 1.24 1.24 1.21 1.14 1.13 1.07 0.97 0.93 0.91 0.79 0.73 0.69 0.64 0.63 0.60 0.56 0.59 0.60 0.57 0.49 0.41 0.36 0.31 0.29 0.27 0.23 0.21 0.20 0.16 0.12 0.09 0.08 0.11 0.17 0.21 0.23 0.23 0.26 0.31 0.36 0.36 0.33 0.35 0.43 0.53 0.55 0.53
2.75 2.74 2.70 2.60 2.51 2.47 2.43 2.34 2.22 2.13 2.05 1.94 1.80 1.70 1.91 2.38 2.55 2.47 2.43 2.44 2.44 2.36 2.21 1.96 1.64 1.30 1.07 1.14 1.30 1.37 1.41 1.45 1.48 1.47 1.41 1.39 1.37 1.34 1.31 1.21 1.16 1.17 1.07 0.96 0.97 0.92 0.80 0.72 0.72 0.72 0.68 0.62 0.59 0.63 0.64 0.59 0.51 0.43 0.36 0.34 0.33 0.31 0.27 0.26 0.23 0.18 0.13 0.10 0.08 0.09 0.15 0.20 0.24 0.24 0.26 0.32 0.38 0.42 0.40 0.37 0.41 0.49 0.54 0.58
2.80 2.79 2.74 2.65 2.58 2.54 2.45 2.35 2.26 2.18 2.09 1.99 1.83 1.72 1.95 2.41 2.63 2.53 2.49 2.52 2.41 2.24 2.08 1.86 1.58 1.31 1.17 1.24 1.33 1.38 1.44 1.51 1.54 1.46 1.36 1.43 1.46 1.40 1.32 1.21 1.19 1.18 1.04 0.97 0.99 0.95 0.82 0.76 0.79 0.79 0.71 0.64 0.61 0.64 0.68 0.61 0.52 0.43 0.36 0.35 0.36 0.33 0.30 0.28 0.23 0.18 0.15 0.13 0.11 0.08 0.10 0.16 0.21 0.23 0.24 0.27 0.32 0.39 0.42 0.40 0.42 0.47 0.52 0.60
2.86 2.84 2.79 2.71 2.64 2.56 2.46 2.37 2.32 2.22 2.14 2.06 1.91 1.80 1.99 2.47 2.78 2.63 2.48 2.47 2.31 2.06 1.92 1.77 1.59 1.44 1.31 1.33 1.38 1.38 1.49 1.60 1.57 1.46 1.40 1.47 1.48 1.41 1.32 1.22 1.20 1.14 1.08 1.07 1.03 0.96 0.86 0.79 0.81 0.84 0.78 0.69 0.63 0.66 0.70 0.63 0.52 0.42 0.36 0.39 0.43 0.41 0.38 0.34 0.26 0.20 0.17 0.14 0.12 0.11 0.07 0.11 0.18 0.21 0.21 0.23 0.28 0.35 0.39 0.41 0.43 0.46 0.51 0.58
2.92 2.89 2.83 2.75 2.66 2.57 2.48 2.41 2.36 2.28 2.21 2.14 2.03 1.92 2.08 2.63 2.87 2.64 2.41 2.34 2.20 1.97 1.81 1.71 1.67 1.60 1.43 1.38 1.42 1.43 1.59 1.70 1.56 1.45 1.44 1.41 1.41 1.41 1.33 1.27 1.23 1.12 1.14 1.18 1.05 0.95 0.95 0.85 0.78 0.85 0.89 0.80 0.74 0.78 0.77 0.70 0.59 0.48 0.43 0.47 0.52 0.50 0.46 0.38 0.31 0.28 0.26 0.21 0.16 0.12 0.09 0.06 0.11 0.15 0.18 0.22 0.27 0.33 0.38 0.44 0.44 0.44 0.50 0.55
2.97 2.94 2.87 2.78 2.68 2.60 2.53 2.46 2.41 2.35 2.29 2.21 2.15 2.06 2.20 2.67 2.81 2.58 2.35 2.23 2.11 1.92 1.74 1.70 1.77 1.73 1.51 1.41 1.49 1.57 1.70 1.68 1.46 1.38 1.41 1.39 1.41 1.42 1.35 1.30 1.26 1.16 1.22 1.26 1.09 0.99 1.01 0.93 0.84 0.94 1.01 0.93 0.87 0.86 0.80 0.70 0.63 0.56 0.52 0.57 0.59 0.54 0.46 0.38 0.33 0.33 0.31 0.28 0.24 0.18 0.10 0.05 0.04 0.08 0.15 0.20 0.25 0.33 0.40 0.46 0.46 0.45 0.49 0.52
3.02 2.99 2.91 2.82 2.73 2.65 2.58 2.52 2.48 2.42 2.35 2.27 2.23 2.18 2.27 2.56 2.71 2.54 2.30 2.15 2.01 1.84 1.71 1.75 1.84 1.78 1.60 1.52 1.57 1.65 1.68 1.54 1.36 1.35 1.44 1.48 1.47 1.43 1.37 1.35 1.34 1.29 1.29 1.26 1.15 1.09 1.06 1.02 1.03 1.10 1.09 0.99 0.90 0.85 0.76 0.69 0.67 0.64 0.63 0.64 0.63 0.56 0.47 0.40 0.38 0.37 0.34 0.31 0.27 0.23 0.18 0.12 0.08 0.07 0.09 0.16 0.23 0.32 0.42 0.45 0.46 0.47 0.47 0.49
3.08 3.04 2.95 2.86 2.78 2.70 2.63 2.59 2.54 2.46 2.38 2.32 2.29 2.26 2.31 2.47 2.60 2.45 2.22 2.09 1.95 1.82 1.77 1.80 1.84 1.79 1.71 1.63 1.60 1.62 1.58 1.44 1.34 1.38 1.50 1.59 1.59 1.51 1.41 1.44 1.42 1.35 1.34 1.27 1.20 1.19 1.18 1.15 1.15 1.15 1.09 0.98 0.89 0.82 0.77 0.76 0.74 0.70 0.68 0.67 0.64 0.56 0.47 0.42 0.41 0.38 0.35 0.32 0.29 0.27 0.26 0.23 0.19 0.15 0.11 0.12 0.18 0.29 0.41 0.44 0.45 0.47 0.44 0.45
3.12 3.08 3.00 2.91 2.83 2.75 2.69 2.65 2.57 2.47 2.40 2.39 2.35 2.31 2.33 2.40 2.44 2.31 2.16 2.09 1.98 1.89 1.84 1.84 1.85 1.83 1.78 1.70 1.61 1.56 1.48 1.37 1.36 1.45 1.59 1.71 1.73 1.63 1.49 1.51 1.47 1.40 1.39 1.32 1.28 1.32 1.33 1.23 1.13 1.14 1.09 0.99 0.92 0.87 0.86 0.85 0.79 0.73 0.69 0.65 0.60 0.51 0.45 0.43 0.40 0.37 0.34 0.33 0.33 0.34 0.33 0.30 0.28 0.25 0.21 0.17 0.20 0.29 0.39 0.43 0.46 0.47 0.43 0.41
3.16 3.14 3.07 2.96 2.86 2.79 2.74 2.68 2.60 2.48 2.44 2.45 2.40 2.34 2.34 2.34 2.31 2.22 2.17 2.14 2.05 1.95 1.90 1.88 1.87 1.85 1.81 1.73 1.61 1.54 1.43 1.32 1.38 1.55 1.72 1.83 1.89 1.78 1.58 1.55 1.51 1.44 1.42 1.38 1.41 1.43 1.37 1.21 1.12 1.15 1.13 1.05 0.99 0.94 0.91 0.86 0.79 0.74 0.69 0.64 0.57 0.51 0.47 0.45 0.42 0.39 0.39 0.39 0.39 0.39 0.37 0.33 0.30 0.28 0.26 0.24 0.27 0.35 0.44 0.48 0.50 0.49 0.46 0.40
3.24 3.21 3.09 2.98 2.91 2.85 2.78 2.72 2.63 2.53 2.49 2.49 2.43 2.37 2.34 2.31 2.25 2.22 2.21 2.19 2.09 1.99 1.96 1.92 1.87 1.85 1.82 1.74 1.63 1.56 1.43 1.29 1.42 1.76 1.90 1.95 2.00 1.85 1.60 1.54 1.51 1.45 1.46 1.48 1.50 1.45 1.36 1.27 1.21 1.21 1.18 1.12 1.05 0.97 0.89 0.85 0.80 0.75 0.70 0.64 0.58 0.55 0.52 0.48 0.45 0.45 0.44 0.43 0.42 0.40 0.37 0.34 0.33 0.30 0.26 0.23 0.28 0.39 0.50 0.56 0.56 0.52 0.50 0.44
3.29 3.23 3.12 3.04 2.98 2.90 2.81 2.74 2.66 2.59 2.55 2.51 2.47 2.41 2.36 2.31 2.25 2.25 2.26 2.22 2.12 2.03 2.01 1.94 1.85 1.86 1.83 1.74 1.67 1.60 1.48 1.35 1.60 1.96 2.01 1.99 1.99 1.83 1.62 1.54 1.50 1.49 1.54 1.55 1.54 1.51 1.46 1.38 1.30 1.23 1.20 1.15 1.05 0.96 0.91 0.88 0.83 0.78 0.71 0.64 0.60 0.57 0.54 0.52 0.54 0.54 0.51 0.47 0.44 0.41 0.38 0.36 0.36 0.36 0.30 0.23 0.24 0.33 0.47 0.60 0.65 0.60 0.58 0.51
3.33 3.27 3.19 3.12 3.03 2.93 2.82 2.74 2.70 2.68 2.61 2.53 2.49 2.44 2.38 2.33 2.28 2.30 2.30 2.23 2.13 2.07 2.04 1.93 1.85 1.86 1.80 1.74 1.73 1.71 1.59 1.51 1.75 2.00 2.01 2.01 1.95 1.81 1.72 1.62 1.55 1.56 1.59 1.60 1.68 1.69 1.52 1.40 1.30 1.22 1.22 1.16 1.05 1.01 0.98 0.91 0.85 0.79 0.70 0.64 0.60 0.57 0.56 0.59 0.60 0.56 0.48 0.42 0.39 0.39 0.39 0.37 0.37 0.38 0.34 0.27 0.22 0.26 0.37 0.53 0.66 0.68 0.68 0.63
3.39 3.34 3.25 3.16 3.05 2.93 2.82 2.77 2.78 2.76 2.65 2.54 2.49 2.48 2.41 2.35 2.33 2.34 2.33 2.24 2.15 2.12 2.05 1.93 1.84 1.80 1.74 1.73 1.86 1.87 1.73 1.67 1.79 1.95 2.00 2.01 1.96 1.89 1.84 1.74 1.65 1.62 1.64 1.75 1.89 1.70 1.42 1.36 1.31 1.24 1.23 1.16 1.11 1.08 1.02 0.92 0.85 0.77 0.67 0.61 0.59 0.60 0.64 0.65 0.56 0.44 0.37 0.34 0.34 0.35 0.35 0.35 0.37 0.38 0.36 0.32 0.25 0.22 0.28 0.40 0.58 0.68 0.72 0.73
3.44 3.38 3.28 3.19 3.08 2.96 2.85 2.84 2.87 2.80 2.67 2.57 2.53 2.52 2.44 2.39 2.39 2.37 2.34 2.26 2.19 2.15 2.05 1.92 1.81 1.71 1.65 1.78 2.06 2.05 1.85 1.81 1.86 1.92 1.99 1.98 1.96 2.04 2.00 1.86 1.75 1.71 1.77 1.95 1.92 1.55 1.36 1.40 1.37 1.30 1.24 1.19 1.14 1.10 1.03 0.95 0.85 0.72 0.63 0.59 0.62 0.72 0.75 0.66 0.54 0.43 0.36 0.34 0.35 0.36 0.36 0.35 0.36 0.36 0.36 0.36 0.36 0.28 0.23 0.29 0.45 0.59 0.67 0.76
3.48 3.42 3.32 3.24 3.12 2.99 2.90 2.93 2.92 2.80 2.68 2.62 2.59 2.53 2.46 2.45 2.44 2.41 2.36 2.29 2.22 2.15 2.05 1.93 1.80 1.59 1.55 1.91 2.23 2.17 1.98 1.96 1.99 1.94 1.94 1.90 1.93 2.19 2.21 1.99 1.86 1.85 1.95 2.02 1.84 1.50 1.42 1.48 1.44 1.35 1.25 1.21 1.17 1.13 1.11 0.99 0.78 0.65 0.63 0.67 0.77 0.83 0.73 0.57 0.49 0.44 0.40 0.38 0.39 0.41 0.42 0.39 0.36 0.35 0.34 0.37 0.45 0.43 0.26 0.22 0.34 0.46 0.55 0.67
3.51 3.47 3.38 3.27 3.15 3.02 2.97 3.00 2.94 2.79 2.70 2.67 2.63 2.55 2.50 2.52 2.50 2.45 2.39 2.32 2.25 2.19 2.08 1.95 1.78 1.48 1.49 2.00 2.32 2.22 2.13 2.16 2.11 2.00 1.93 1.83 1.92 2.31 2.42 2.14 1.93 2.03 2.09 2.00 1.81 1.56 1.50 1.51 1.49 1.40 1.29 1.26 1.24 1.23 1.18 0.93 0.71 0.68 0.77 0.85 0.90 0.81 0.60 0.41 0.36 0.36 0.38 0.38 0.40 0.43 0.45 0.43 0.38 0.35 0.33 0.34 0.45 0.55 0.43 0.24 0.25 0.35 0.44 0.55
3.54 3.52 3.41 3.29 3.18 3.08 3.05 3.05 2.92 2.79 2.74 2.70 2.66 2.61 2.58 2.58 2.56 2.47 2.41 2.37 2.31 2.25 2.14 1.98 1.76 1.46 1.57 2.11 2.33 2.19 2.24 2.38 2.25 2.12 2.06 1.93 2.01 2.38 2.62 2.33 2.09 2.22 2.13 1.99 1.83 1.60 1.52 1.51 1.54 1.49 1.36 1.32 1.31 1.28 1.13 0.85 0.73 0.80 0.89 0.93 0.90 0.73 0.53 0.38 0.34 0.34 0.36 0.38 0.40 0.42 0.46 0.47 0.44 0.39 0.33 0.30 0.37 0.56 0.57 0.37 0.25 0.26 0.36 0.49
3.59 3.56 3.44 3.31 3.22 3.15 3.11 3.04 2.90 2.81 2.77 2.76 2.73 2.70 2.68 2.64 2.59 2.52 2.46 2.44 2.38 2.31 2.17 1.99 1.77 1.58 1.79 2.20 2.23 2.08 2.29 2.56 2.43 2.41 2.47 2.27 2.18 2.51 2.82 2.55 2.35 2.34 2.12 2.01 1.83 1.60 1.55 1.57 1.68 1.63 1.43 1.37 1.35 1.25 1.07 0.85 0.77 0.82 0.88 0.90 0.79 0.57 0.44 0.37 0.34 0.33 0.35 0.38 0.40 0.41 0.43 0.47 0.47 0.43 0.35 0.31 0.36 0.54 0.64 0.53 0.31 0.22 0.30 0.45
3.66 3.61 3.45 3.32 3.27 3.23 3.13 3.01 2.93 2.86 2.82 2.82 2.80 2.77 2.76 2.69 2.64 2.58 2.54 2.50 2.43 2.33 2.20 2.03 1.86 1.82 1.98 2.14 2.03 1.92 2.23 2.64 2.77 2.99 2.96 2.46 2.26 2.64 2.94 2.67 2.43 2.29 2.02 1.92 1.75 1.56 1.60 1.72 1.78 1.59 1.36 1.33 1.25 1.12 0.95 0.75 0.71 0.79 0.85 0.82 0.63 0.42 0.33 0.32 0.30 0.30 0.32 0.35 0.38 0.40 0.40 0.41 0.42 0.41 0.37 0.37 0.40 0.54 0.69 0.67 0.44 0.24 0.27 0.41
3.75 3.64 3.44 3.33 3.37 3.33 3.13 3.02 2.98 2.91 2.88 2.88 2.86 2.85 2.83 2.77 2.70 2.65 2.59 2.52 2.47 2.38 2.26 2.12 2.05 2.03 2.04 2.01 1.82 1.78 2.22 2.79 3.17 3.46 3.10 2.26 2.18 2.79 2.99 2.60 2.28 2.05 1.78 1.74 1.62 1.49 1.63 1.74 1.62 1.35 1.21 1.16 1.06 0.99 0.83 0.65 0.67 0.79 0.82 0.73 0.54 0.39 0.34 0.33 0.32 0.31 0.32 0.34 0.40 0.44 0.40 0.38 0.39 0.38 0.36 0.38 0.42 0.53 0.71 0.77 0.59 0.35 0.30 0.39
3.77 3.64 3.41 3.37 3.50 3.37 3.11 3.03 3.02 2.97 2.93 2.93 2.94 2.93 2.91 2.83 2.74 2.71 2.64 2.57 2.55 2.49 2.33 2.23 2.22 2.14 2.09 1.97 1.73 1.85 2.54 3.15 3.38 3.54 3.06 2.13 2.17 2.85 2.82 2.28 2.04 1.81 1.61 1.65 1.56 1.47 1.63 1.62 1.38 1.24 1.17 1.09 1.00 0.94 0.80 0.68 0.75 0.83 0.80 0.66 0.47 0.38 0.39 0.41 0.40 0.36 0.33 0.35 0.43 0.51 0.46 0.42 0.41 0.37 0.35 0.36 0.41 0.52 0.70 0.83 0.71 0.50 0.42 0.42
3.75 3.63 3.43 3.47 3.57 3.34 3.11 3.05 3.06 3.04 2.98 3.01 3.03 3.00 2.97 2.88 2.80 2.78 2.72 2.67 2.66 2.58 2.40 2.35 2.39 2.27 2.16 1.96 1.79 2.12 2.81 3.28 3.28 3.40 3.22 2.38 2.27 2.71 2.51 2.02 1.92 1.72 1.55 1.62 1.52 1.49 1.59 1.45 1.26 1.24 1.19 1.09 1.01 0.91 0.80 0.75 0.79 0.83 0.77 0.62 0.49 0.44 0.45 0.47 0.48 0.44 0.35 0.31 0.38 0.52 0.53 0.49 0.46 0.40 0.36 0.35 0.38 0.47 0.66 0.85 0.83 0.67 0.59 0.52
3.74 3.63 3.51 3.60 3.59 3.35 3.14 3.07 3.13 3.11 3.06 3.09 3.08 3.06 3.01 2.93 2.88 2.88 2.82 2.76 2.72 2.63 2.51 2.51 2.50 2.34 2.15 1.94 1.86 2.15 2.79 3.19 3.18 3.35 3.44 2.77 2.27 2.42 2.25 1.90 1.82 1.63 1.52 1.56 1.51 1.53 1.51 1.33 1.28 1.28 1.18 1.07 0.98 0.89 0.82 0.80 0.83 0.80 0.69 0.58 0.52 0.50 0.48 0.48 0.51 0.52 0.42 0.32 0.33 0.44 0.50 0.52 0.50 0.43 0.37 0.34 0.34 0.40 0.54 0.76 0.88 0.84 0.77 0.70
3.72 3.67 3.63 3.71 3.61 3.34 3.15 3.12 3.20 3.19 3.16 3.16 3.14 3.11 3.05 3.01 2.98 2.97 2.90 2.82 2.77 2.71 2.65 2.61 2.50 2.35 2.15 1.97 1.90 2.21 2.87 3.17 3.28 3.54 3.54 2.81 2.10 2.05 1.99 1.77 1.65 1.55 1.54 1.55 1.55 1.58 1.45 1.33 1.35 1.30 1.17 1.07 1.00 0.93 0.90 0.89 0.85 0.75 0.63 0.54 0.48 0.46 0.45 0.45 0.50 0.56 0.54 0.43 0.36 0.37 0.41 0.48 0.50 0.44 0.38 0.32 0.31 0.35 0.43 0.56 0.75 0.85 0.90 0.91
3.74 3.75 3.75 3.75 3.55 3.28 3.20 3.21 3.24 3.27 3.25 3.22 3.19 3.15 3.13 3.11 3.07 3.03 2.96 2.89 2.85 2.81 2.74 2.65 2.53 2.40 2.21 1.98 1.95 2.54 3.18 3.31 3.48 3.61 3.34 2.64 1.98 1.75 1.73 1.66 1.57 1.57 1.63 1.60 1.61 1.63 1.48 1.40 1.39 1.27 1.18 1.13 1.07 1.02 1.00 0.95 0.84 0.73 0.65 0.56 0.49 0.45 0.42 0.42 0.45 0.54 0.60 0.55 0.47 0.40 0.38 0.44 0.47 0.43 0.38 0.34 0.33 0.37 0.45 0.49 0.54 0.68 0.87 1.02
3.82 3.83 3.82 3.72 3.47 3.30 3.28 3.27 3.28 3.35 3.35 3.28 3.22 3.22 3.23 3.20 3.14 3.08 3.02 2.97 2.93 2.88 2.79 2.71 2.63 2.48 2.27 2.01 2.22 3.12 3.44 3.35 3.41 3.29 3.03 2.49 1.84 1.56 1.65 1.68 1.62 1.67 1.72 1.69 1.70 1.68 1.55 1.45 1.36 1.26 1.26 1.22 1.13 1.07 1.03 0.96 0.86 0.77 0.70 0.62 0.55 0.49 0.44 0.42 0.41 0.44 0.55 0.59 0.55 0.47 0.43 0.46 0.47 0.42 0.39 0.38 0.34 0.37 0.53 0.57 0.47 0.54 0.73 0.97
