windninja/windninja_output/Output_2025-10-23_0700-0750_Google earth_Fire_150m_10min/merlingen_7.5mi_point_10-23-2025_0720_150m_ang.asc
ncols	158
nrows	163
xllcorner	391686.332397
yllcorner	5160024.123721
cellsize	150.000000
NODATA_value	-32768.000000
[rows 0 to 41 of 163, columns 0 to 93 of 158]
174 172 169 169 170 171 173 172 171 172 173 175 176 177 175 174 170 165 165 166 168 171 174 177 180 181 181 179 179 182 184 185 187 187 186 190 195 197 197 195 195 197 201 203 204 206 211 207 199 197 198 198 200 202 205 207 209 211 213 213 212 212 213 213 211 211 213 217 221 223 222 222 222 222 222 223 225 229 232 231 230 229 230 234 237 237 233 232 234 232 231 232 231 229
175 172 168 168 168 170 173 172 170 170 171 174 177 178 178 177 174 170 168 168 169 169 171 176 181 182 181 178 179 182 185 185 187 186 185 189 193 192 191 191 191 193 196 197 197 198 201 199 195 196 198 200 202 206 208 209 209 209 211 212 212 212 213 212 211 212 215 218 221 221 220 221 221 221 221 223 225 228 229 228 228 229 231 233 235 235 232 232 234 233 233 234 233 232
175 172 169 168 167 170 173 172 168 167 169 174 178 179 179 178 175 173 171 171 172 169 168 174 181 184 183 181 181 184 186 185 185 185 184 186 188 189 189 189 188 189 190 191 192 192 193 194 194 195 196 199 204 208 208 207 207 207 209 210 209 209 210 211 211 212 215 219 221 220 218 219 220 220 221 222 222 225 226 225 223 226 230 230 232 232 227 227 230 231 234 234 233 232
170 170 170 169 169 171 172 170 169 169 172 176 179 178 177 175 174 174 174 175 175 172 168 171 178 182 184 184 184 185 186 186 184 182 182 184 186 188 188 187 186 186 187 187 188 190 191 193 195 195 194 197 201 204 204 204 205 207 208 209 208 207 208 210 211 211 214 218 221 220 218 218 220 221 222 222 222 224 226 224 220 224 227 227 230 230 223 221 223 224 226 229 228 226
163 166 170 170 170 170 168 166 167 171 176 178 178 177 173 171 173 174 176 179 178 173 169 169 173 178 182 184 184 185 186 187 185 182 182 184 185 186 185 183 183 183 184 185 187 189 191 193 195 196 197 199 201 203 204 205 206 207 207 208 208 208 208 210 210 211 213 218 221 219 218 220 221 221 222 223 225 227 227 224 221 224 227 225 229 230 224 219 219 218 219 222 222 219
159 161 166 170 170 169 166 164 166 172 178 178 176 174 170 169 173 177 179 180 178 173 168 166 167 172 177 182 183 183 185 185 185 184 185 184 183 182 182 182 182 182 184 186 189 192 193 195 196 198 200 202 202 204 206 206 206 205 205 206 207 207 208 209 210 211 212 216 219 217 218 220 221 219 218 221 224 226 226 224 225 227 228 227 228 230 227 223 221 219 217 218 217 214
160 159 161 165 166 167 166 165 169 174 176 176 175 172 168 169 174 178 180 179 178 174 168 163 162 166 173 177 179 181 182 182 183 185 186 184 182 181 182 183 184 185 186 189 192 194 195 196 198 199 201 202 203 204 206 206 205 204 204 204 204 204 205 208 209 210 211 215 217 215 214 217 217 214 214 217 220 222 221 221 225 225 225 226 228 230 230 228 228 225 222 222 220 218
161 160 159 159 161 163 165 167 171 173 172 172 172 171 168 169 173 177 179 179 178 176 172 165 160 163 169 171 175 179 179 179 182 185 185 183 182 183 185 187 188 189 190 192 194 195 196 198 198 199 201 202 202 204 206 205 204 203 202 201 200 200 203 206 208 210 210 213 215 213 212 214 215 214 214 216 221 222 219 219 226 226 222 223 225 226 227 227 227 227 229 231 231 229
160 160 160 159 158 159 163 167 170 170 169 168 168 169 168 170 172 174 177 179 178 177 176 171 165 164 166 169 173 177 176 176 180 183 183 182 184 187 189 191 192 194 194 194 195 196 197 198 199 199 200 202 202 204 206 204 202 202 201 201 202 202 203 206 209 211 211 211 212 212 213 217 218 217 216 218 222 222 219 221 227 227 221 218 218 219 220 220 218 215 215 220 224 224
160 160 160 160 161 161 163 166 167 167 167 166 165 165 166 169 171 172 174 177 177 177 176 174 172 167 166 170 174 175 174 175 178 181 183 184 187 190 192 194 195 195 194 194 196 197 198 199 199 198 201 203 203 203 205 204 203 203 205 207 209 209 207 210 213 213 211 210 210 213 217 220 220 219 218 220 223 222 217 219 223 224 220 216 218 217 217 217 213 209 211 214 216 215
160 160 160 161 162 163 164 165 166 166 166 165 164 163 164 166 168 169 170 173 175 176 176 176 175 172 170 172 174 173 173 175 178 180 183 187 189 192 193 193 194 194 194 196 199 199 198 201 202 202 204 205 204 204 207 210 212 214 218 219 220 220 217 216 218 217 215 213 212 216 220 220 218 217 219 222 225 223 215 214 217 219 219 217 219 218 218 221 217 213 217 220 219 217
160 160 160 161 162 163 163 164 165 166 165 165 164 163 163 162 164 166 168 168 170 173 176 178 177 177 177 175 174 173 174 177 178 179 183 188 191 192 191 191 194 195 196 198 201 202 202 207 213 215 216 217 218 221 226 229 230 232 234 237 241 243 239 233 231 228 225 221 216 218 219 219 217 215 214 216 217 216 211 210 213 217 217 215 214 213 217 224 220 214 221 228 227 223
159 159 160 161 162 163 163 164 165 165 165 165 165 164 161 157 158 162 165 166 167 169 174 178 181 183 183 179 175 174 175 177 177 178 183 188 189 188 189 191 194 195 197 199 203 206 210 218 227 231 233 240 247 253 258 258 252 247 247 253 259 260 263 270 270 259 248 234 219 216 217 218 217 212 207 207 208 210 208 207 210 214 215 215 215 212 217 224 219 212 221 231 230 227
159 159 159 161 162 162 163 164 164 164 165 165 166 166 163 156 152 155 160 163 165 168 173 179 184 186 184 180 177 176 176 175 175 178 183 186 186 187 189 192 195 199 205 211 217 220 221 222 225 230 235 240 244 253 263 271 269 258 248 245 245 243 243 249 260 269 270 262 234 214 215 217 216 209 204 205 209 212 213 211 213 215 216 219 220 218 222 227 223 218 227 236 236 236
159 159 159 160 161 161 163 164 164 164 164 164 165 167 166 160 155 153 155 158 163 168 174 180 184 184 182 180 178 178 178 175 174 178 180 182 186 190 194 198 207 220 232 239 237 235 230 218 215 219 222 221 220 224 229 234 236 229 221 221 222 220 217 215 220 228 233 239 245 206 209 215 213 210 208 210 216 220 222 223 221 220 221 225 226 226 229 232 230 229 239 248 248 248
159 159 159 160 160 161 162 163 163 164 164 164 164 165 165 162 160 159 158 158 162 168 174 179 181 180 178 180 180 179 177 175 177 179 180 185 194 202 211 221 232 235 231 223 218 216 215 209 208 210 209 205 201 201 204 208 210 205 201 206 210 210 208 207 210 214 213 214 215 196 174 209 215 214 213 214 219 224 227 228 226 226 230 233 234 235 238 240 239 238 244 251 251 251
159 159 159 160 161 161 162 162 163 163 163 163 163 162 160 158 160 163 163 163 164 168 174 177 178 178 178 178 179 177 175 177 182 188 195 204 211 216 217 218 214 206 201 202 203 202 203 203 199 196 198 197 195 196 199 205 207 203 196 198 204 207 207 204 206 211 212 210 210 206 191 194 221 217 213 215 219 223 225 227 226 229 235 238 242 246 246 247 250 247 242 243 244 245
158 158 159 160 161 161 162 162 162 163 163 163 162 161 158 155 156 161 164 166 167 169 172 173 174 177 177 176 175 175 177 183 193 201 205 203 199 197 196 196 194 193 194 198 200 198 197 196 193 189 189 192 195 197 200 204 205 202 195 196 202 206 206 203 204 208 211 210 210 210 204 196 204 211 211 214 216 221 228 232 234 237 240 241 244 248 249 248 250 251 246 241 239 240
158 158 159 160 160 161 161 162 162 163 163 163 162 160 158 155 154 157 162 165 167 169 169 170 172 174 175 174 173 175 181 190 197 198 196 194 192 189 189 189 190 192 194 195 196 196 192 188 189 191 190 191 194 197 199 199 201 201 198 197 202 206 206 204 203 206 211 213 211 210 204 197 200 207 207 213 223 236 244 246 248 249 247 242 239 239 239 240 243 247 246 242 240 240
158 158 159 159 160 161 161 161 161 162 163 162 162 161 159 156 155 157 161 163 166 167 168 169 170 172 173 174 175 178 184 191 194 194 193 192 189 185 185 186 187 189 190 192 192 191 188 186 188 193 194 193 192 192 193 194 197 200 200 200 204 210 209 206 205 208 212 212 209 206 202 199 202 206 205 208 224 241 248 248 248 248 244 237 233 233 234 235 240 243 239 234 239 241
158 158 158 159 160 161 161 161 161 162 162 162 162 161 160 159 159 160 162 163 165 167 168 169 170 172 173 175 178 180 183 188 191 190 186 184 182 181 181 183 185 187 189 190 189 187 189 189 189 191 193 193 190 188 189 192 195 199 202 203 206 211 211 207 206 207 207 207 206 204 203 203 207 210 207 204 209 220 229 235 238 237 235 232 230 233 234 235 239 241 237 228 234 239
158 158 158 159 160 160 161 161 162 162 162 161 161 161 161 161 162 162 163 163 165 167 168 168 170 172 174 176 178 179 181 184 185 181 178 178 180 180 182 183 186 188 189 188 188 189 190 189 187 188 191 192 191 189 189 190 193 197 201 204 205 209 210 206 204 203 201 203 205 206 208 209 212 214 210 200 200 210 218 225 229 230 232 231 227 229 230 233 238 239 233 221 226 235
157 158 158 159 159 160 161 161 162 162 161 162 162 162 162 162 162 163 163 164 165 167 167 169 171 172 174 177 178 179 178 178 176 174 174 175 178 182 184 184 185 187 187 188 189 188 186 186 186 188 190 192 192 192 190 189 191 193 197 203 206 208 210 205 200 198 197 202 207 210 211 211 214 216 209 196 193 204 213 219 223 224 227 230 226 226 226 230 235 235 229 215 220 232
157 158 158 159 159 160 160 161 161 161 161 162 162 162 162 162 162 162 163 164 165 167 167 169 171 173 175 178 179 176 174 172 169 170 174 175 178 182 184 182 182 183 185 188 187 184 185 187 188 189 191 192 193 193 190 189 191 192 194 200 205 208 210 203 197 196 199 206 212 214 214 214 216 215 208 198 193 201 210 216 220 221 224 226 226 225 225 229 234 235 227 214 220 232
157 158 158 158 159 160 160 161 160 160 161 161 162 162 162 162 162 162 162 164 165 166 167 169 172 174 178 181 179 173 170 167 165 168 173 176 179 180 179 178 178 180 182 183 182 184 188 190 190 189 191 192 192 191 191 190 191 194 194 197 204 208 206 202 198 201 207 214 219 221 220 218 217 213 208 204 202 203 209 214 219 220 220 221 224 225 225 231 237 236 226 214 221 232
157 157 158 158 159 160 160 160 160 160 161 161 161 161 162 162 162 162 162 163 164 165 167 169 172 176 181 183 178 173 168 164 162 164 170 176 180 179 176 174 175 176 176 177 181 187 191 191 190 190 191 192 192 191 190 189 192 197 199 199 200 201 201 201 202 204 209 214 219 222 222 219 215 212 207 205 210 212 207 209 215 216 215 217 220 221 219 224 234 236 223 210 219 229
157 158 158 158 159 160 160 160 159 160 161 161 160 160 161 161 161 162 162 163 164 165 166 168 172 176 181 181 179 177 173 166 160 158 162 171 177 178 175 173 173 173 172 175 181 186 190 191 190 190 191 194 194 191 187 186 193 200 202 198 195 196 199 204 208 209 210 211 215 218 219 218 214 211 204 201 211 218 210 203 210 214 214 215 218 219 215 218 229 232 222 208 215 225
158 158 158 158 159 160 160 159 159 160 161 161 160 160 160 160 160 161 162 162 163 164 165 168 171 176 179 178 179 180 179 173 164 159 156 161 169 173 174 172 172 171 170 174 179 182 186 190 191 189 189 192 193 191 187 186 192 199 198 194 194 198 203 209 214 215 212 211 213 216 219 218 213 208 201 198 209 219 216 205 207 213 215 217 220 220 217 218 226 229 223 211 213 223
158 158 158 159 159 159 159 159 159 160 160 160 160 160 159 159 159 160 161 162 162 163 165 167 170 174 175 173 176 182 184 179 173 167 161 160 164 169 171 172 172 171 172 174 177 180 183 188 191 189 186 190 192 192 191 187 187 193 196 194 196 202 207 209 213 214 211 210 213 216 219 217 211 208 202 199 208 221 223 217 209 210 215 222 227 227 224 224 228 229 226 219 217 224
158 158 158 159 159 159 159 159 159 160 160 160 159 159 159 159 159 159 160 160 161 162 164 166 168 170 168 168 172 179 182 182 180 172 165 165 167 169 169 171 171 172 174 176 177 179 182 184 187 187 186 188 192 195 195 190 186 191 198 200 201 207 212 213 214 214 209 208 215 219 220 218 214 211 205 201 208 220 228 227 218 208 216 227 232 232 230 230 230 229 226 225 224 229
158 158 159 159 159 158 158 159 159 159 159 159 159 158 158 158 158 159 159 159 160 161 163 165 166 165 163 163 168 174 178 180 178 171 166 168 169 168 168 170 171 172 176 178 180 180 180 179 181 185 187 189 193 198 200 195 192 194 200 208 210 212 217 219 219 215 207 207 219 226 226 223 220 214 204 200 204 215 225 228 223 210 215 227 230 228 228 229 229 228 228 229 231 239
158 158 159 159 158 158 159 159 159 159 159 158 158 158 157 157 157 157 158 158 159 160 162 163 163 162 162 163 168 175 176 173 170 167 166 169 169 166 165 169 171 173 176 179 181 181 179 177 180 186 190 192 197 203 205 200 198 200 205 214 215 211 214 219 222 215 205 207 221 230 228 223 220 210 201 199 203 211 221 226 223 213 214 225 230 231 232 233 233 234 233 233 235 242
158 159 159 159 158 158 159 159 159 158 158 158 157 157 157 157 157 157 156 157 158 158 160 162 161 161 161 163 169 173 171 168 167 166 166 167 166 163 163 169 173 175 178 179 180 181 179 180 185 190 193 195 198 205 207 201 198 202 209 218 219 210 206 213 219 216 203 203 218 227 222 215 211 204 198 198 200 208 218 225 223 216 218 225 231 236 239 238 238 238 239 238 239 242
159 159 160 159 157 158 159 159 158 158 158 157 157 157 156 157 157 156 156 156 156 157 159 159 159 160 160 162 166 166 164 164 166 169 167 164 162 162 166 172 175 178 180 180 181 182 181 185 190 192 194 196 199 204 207 202 197 201 210 218 217 205 198 206 216 217 208 202 215 222 216 210 208 203 198 196 197 203 213 221 221 219 221 225 226 228 233 234 233 233 235 238 241 245
160 160 161 159 158 159 160 159 158 157 157 156 156 156 156 156 156 156 156 156 156 156 156 156 157 159 160 161 161 159 156 158 164 168 168 166 163 164 170 175 178 181 183 183 184 184 185 189 192 193 196 199 202 204 206 204 200 201 211 219 217 205 193 200 213 218 215 209 213 218 214 212 211 206 201 197 197 202 210 218 219 218 220 225 224 222 227 229 228 228 231 234 239 245
160 161 161 159 159 160 160 159 158 157 156 156 155 155 155 155 155 155 155 155 155 155 155 154 155 156 159 160 160 156 152 154 159 162 166 171 171 169 174 179 183 187 187 186 186 186 186 189 190 192 196 199 201 201 200 201 202 205 212 222 222 211 195 195 208 217 218 214 213 216 217 218 217 212 206 201 200 207 217 222 221 219 221 226 228 224 224 226 225 224 228 232 237 244
162 161 160 159 160 161 160 159 158 157 156 155 155 155 155 154 154 154 155 155 155 155 155 154 154 155 157 160 161 155 151 152 155 157 163 172 177 178 181 185 188 189 187 186 186 186 185 186 189 192 194 195 196 196 195 197 201 205 210 218 223 215 199 192 201 213 218 218 216 216 219 225 225 217 208 203 203 210 221 226 224 222 223 227 231 230 222 222 223 223 227 232 237 243
162 161 160 159 160 161 160 158 157 156 155 155 155 155 154 154 154 154 154 154 154 154 154 154 154 155 156 160 160 153 151 151 151 154 161 170 180 189 192 190 188 186 184 184 184 184 184 186 189 192 192 190 192 195 195 195 198 203 206 212 218 215 204 193 195 211 221 223 221 217 218 223 222 212 206 206 203 203 215 223 221 221 223 225 230 231 220 216 223 226 228 232 238 244
162 162 161 161 161 161 160 158 157 156 155 156 155 155 154 154 154 154 154 154 154 154 154 154 154 155 156 158 155 150 149 149 150 154 161 171 187 195 192 188 185 183 181 181 183 183 183 184 187 190 189 187 189 194 195 192 193 198 202 206 209 210 206 198 196 210 225 229 225 217 215 214 212 208 205 209 203 193 209 220 217 215 220 224 231 231 221 212 220 225 227 233 243 250
163 162 162 162 162 161 159 158 157 156 156 156 155 154 154 154 154 154 154 154 154 154 154 154 154 154 154 153 149 145 144 146 149 154 160 175 187 188 188 186 184 181 178 177 180 183 183 182 184 187 189 186 185 188 191 189 187 191 196 200 203 207 210 207 201 209 226 231 225 216 212 212 212 210 207 209 202 186 198 214 214 214 220 227 234 234 226 214 216 222 225 234 248 251
165 163 163 163 162 162 160 158 157 156 156 156 155 155 154 154 154 154 154 154 154 154 154 154 153 154 152 150 147 144 142 143 146 151 161 175 180 180 183 185 183 180 177 176 179 182 183 182 182 186 189 185 179 181 187 190 187 189 195 201 205 209 214 215 208 209 224 228 221 214 213 217 219 211 206 209 200 183 190 208 213 213 218 226 234 235 229 217 215 221 224 235 245 248
168 167 166 165 164 162 160 159 158 157 157 156 156 155 155 155 155 155 154 154 154 154 154 154 153 153 152 150 148 146 144 144 146 150 161 171 174 175 176 178 179 178 179 180 178 178 180 182 183 185 188 185 179 178 186 193 193 194 201 209 212 212 215 216 213 211 219 221 215 212 214 217 216 206 203 207 198 184 189 205 213 213 217 223 228 229 223 216 217 222 226 235 241 245
