windninja/windninja_output/Output_2025-08-09_1100-1150_Google earth_Fire_150m_10min/merlingen_7.5mi_point_08-09-2025_1100_150m_vel.asc
ncols	158
nrows	163
xllcorner	391686.332397
yllcorner	5160024.123721
cellsize	150.000000
NODATA_value	-32768.000000
[rows 0 to 37 of 163, columns 0 to 83 of 158]
0.81 0.82 0.82 0.81 0.82 0.83 0.78 0.77 0.82 0.83 0.80 0.78 0.82 0.94 1.01 0.98 0.91 0.84 0.86 0.92 0.82 0.70 0.80 0.91 0.94 0.91 0.84 0.84 0.90 0.92 0.92 0.93 0.94 0.92 0.94 1.00 0.96 0.93 0.95 0.92 0.93 0.99 1.00 1.01 1.02 1.01 1.02 0.98 0.94 0.99 1.03 1.06 1.10 1.12 1.11 1.12 1.13 1.15 1.16 1.14 1.13 1.17 1.21 1.22 1.25 1.31 1.37 1.37 1.32 1.25 1.23 1.26 1.29 1.31 1.36 1.38 1.37 1.38 1.34 1.31 1.33 1.36 1.43 1.44
0.80 0.82 0.82 0.80 0.82 0.83 0.78 0.77 0.81 0.82 0.77 0.71 0.72 0.86 1.00 1.04 0.98 0.89 0.90 0.94 0.80 0.64 0.70 0.86 0.96 0.94 0.85 0.82 0.88 0.90 0.91 0.92 0.94 0.92 0.93 1.01 0.98 0.95 0.96 0.92 0.92 0.97 0.99 1.03 1.04 1.03 1.05 1.01 0.93 0.94 0.99 1.02 1.06 1.09 1.09 1.10 1.12 1.15 1.18 1.15 1.11 1.14 1.18 1.19 1.20 1.24 1.32 1.38 1.36 1.28 1.23 1.24 1.27 1.29 1.34 1.37 1.38 1.42 1.39 1.32 1.32 1.36 1.42 1.46
0.78 0.84 0.84 0.80 0.84 0.81 0.77 0.79 0.82 0.80 0.71 0.59 0.57 0.71 0.95 1.11 1.08 0.99 0.98 0.95 0.80 0.61 0.58 0.74 0.95 0.98 0.88 0.83 0.85 0.88 0.90 0.92 0.92 0.93 0.95 0.99 1.00 0.99 0.98 0.93 0.93 0.96 0.99 1.05 1.07 1.05 1.07 1.07 0.99 0.93 0.95 0.98 1.02 1.06 1.06 1.08 1.11 1.14 1.19 1.19 1.14 1.11 1.14 1.17 1.15 1.17 1.26 1.38 1.43 1.33 1.23 1.23 1.25 1.26 1.30 1.33 1.38 1.50 1.48 1.34 1.30 1.40 1.45 1.46
0.75 0.85 0.87 0.82 0.85 0.78 0.75 0.82 0.84 0.79 0.67 0.51 0.51 0.64 0.86 1.11 1.13 1.05 1.03 0.96 0.83 0.68 0.56 0.61 0.85 0.96 0.93 0.88 0.86 0.88 0.93 0.94 0.94 0.94 0.95 0.96 0.98 1.00 0.99 0.96 0.94 0.96 1.00 1.05 1.06 1.06 1.06 1.07 1.06 1.01 0.99 0.99 1.03 1.08 1.09 1.08 1.10 1.11 1.14 1.19 1.17 1.12 1.12 1.15 1.15 1.15 1.23 1.36 1.44 1.36 1.25 1.24 1.26 1.25 1.26 1.26 1.30 1.47 1.53 1.37 1.26 1.43 1.55 1.46
0.72 0.83 0.88 0.85 0.87 0.80 0.77 0.83 0.84 0.76 0.62 0.49 0.48 0.62 0.86 1.09 1.14 1.08 1.02 0.99 0.90 0.77 0.60 0.54 0.71 0.86 0.91 0.92 0.89 0.91 0.96 1.00 1.02 0.99 0.94 0.95 0.97 0.99 1.01 0.97 0.94 0.96 1.01 1.05 1.06 1.06 1.05 1.05 1.06 1.06 1.03 1.01 1.02 1.08 1.12 1.11 1.11 1.11 1.11 1.14 1.16 1.13 1.12 1.15 1.15 1.15 1.20 1.35 1.44 1.35 1.27 1.26 1.27 1.25 1.25 1.25 1.25 1.34 1.47 1.40 1.24 1.32 1.53 1.50
0.74 0.79 0.84 0.86 0.88 0.84 0.82 0.85 0.80 0.69 0.59 0.49 0.46 0.61 0.89 1.05 1.12 1.10 1.01 0.99 0.96 0.87 0.67 0.53 0.60 0.73 0.80 0.86 0.88 0.89 0.94 1.03 1.08 1.06 1.00 0.98 0.99 1.00 1.02 0.99 0.95 0.96 1.01 1.03 1.05 1.06 1.05 1.03 1.04 1.04 1.04 1.04 1.04 1.07 1.12 1.13 1.12 1.12 1.11 1.12 1.14 1.13 1.12 1.15 1.16 1.16 1.19 1.34 1.43 1.36 1.32 1.33 1.29 1.24 1.25 1.32 1.34 1.32 1.34 1.37 1.31 1.28 1.41 1.47
0.79 0.80 0.80 0.83 0.88 0.87 0.87 0.84 0.75 0.65 0.57 0.51 0.46 0.61 0.90 1.01 1.06 1.09 1.04 1.00 1.01 0.97 0.77 0.55 0.53 0.62 0.70 0.76 0.81 0.83 0.89 0.99 1.06 1.06 1.06 1.04 1.03 1.02 1.03 1.01 0.98 0.98 1.00 1.01 1.02 1.03 1.03 1.02 1.02 1.00 1.02 1.07 1.08 1.09 1.13 1.15 1.14 1.12 1.10 1.10 1.11 1.12 1.15 1.19 1.19 1.18 1.20 1.33 1.40 1.33 1.35 1.44 1.40 1.26 1.24 1.35 1.46 1.44 1.31 1.33 1.42 1.38 1.36 1.41
0.83 0.84 0.81 0.81 0.86 0.88 0.89 0.83 0.73 0.65 0.58 0.52 0.48 0.61 0.87 0.99 0.98 1.03 1.05 1.01 1.04 1.05 0.87 0.63 0.52 0.54 0.63 0.70 0.73 0.76 0.85 0.94 0.99 1.01 1.05 1.07 1.04 1.02 1.03 1.02 1.01 1.00 1.01 1.01 1.01 1.01 1.01 1.01 0.99 0.96 0.99 1.04 1.07 1.12 1.18 1.18 1.15 1.14 1.11 1.08 1.07 1.07 1.14 1.23 1.27 1.24 1.24 1.32 1.37 1.29 1.29 1.44 1.48 1.36 1.26 1.30 1.45 1.49 1.35 1.33 1.48 1.44 1.34 1.40
0.84 0.86 0.86 0.83 0.84 0.86 0.86 0.81 0.73 0.67 0.61 0.54 0.48 0.58 0.83 0.96 0.94 0.97 1.01 1.02 1.06 1.07 0.96 0.76 0.57 0.49 0.57 0.66 0.66 0.71 0.84 0.89 0.90 0.96 1.03 1.05 1.02 1.00 1.02 1.02 1.02 1.01 1.01 1.01 1.02 1.00 0.98 0.99 0.95 0.92 0.97 1.02 1.01 1.08 1.21 1.22 1.16 1.15 1.12 1.08 1.04 0.99 1.01 1.14 1.26 1.31 1.30 1.31 1.34 1.31 1.29 1.36 1.40 1.37 1.30 1.29 1.40 1.45 1.36 1.37 1.53 1.47 1.28 1.32
0.85 0.87 0.89 0.86 0.84 0.84 0.83 0.79 0.74 0.69 0.64 0.57 0.50 0.55 0.76 0.92 0.93 0.93 0.95 1.01 1.07 1.07 1.01 0.86 0.68 0.53 0.51 0.61 0.63 0.68 0.83 0.86 0.83 0.93 1.04 1.04 1.00 0.98 1.00 1.02 1.03 1.03 1.01 1.01 1.02 0.99 0.96 0.98 0.94 0.86 0.93 1.01 0.97 1.03 1.18 1.23 1.15 1.13 1.12 1.07 1.02 0.96 0.88 0.94 1.12 1.26 1.30 1.28 1.28 1.33 1.38 1.37 1.33 1.31 1.31 1.31 1.37 1.35 1.31 1.46 1.61 1.57 1.32 1.17
0.87 0.88 0.90 0.88 0.84 0.83 0.82 0.79 0.75 0.71 0.66 0.60 0.53 0.53 0.68 0.86 0.92 0.92 0.91 0.96 1.03 1.05 1.03 0.92 0.76 0.62 0.51 0.56 0.64 0.68 0.80 0.84 0.80 0.89 1.00 1.02 1.00 0.97 0.99 1.02 1.04 1.05 1.04 1.02 1.04 1.00 0.93 0.95 0.94 0.84 0.87 0.95 0.94 1.00 1.12 1.21 1.15 1.07 1.06 1.04 1.03 0.96 0.83 0.82 0.99 1.12 1.20 1.19 1.14 1.27 1.42 1.42 1.34 1.29 1.31 1.34 1.38 1.31 1.19 1.36 1.60 1.69 1.53 1.26
0.88 0.89 0.90 0.88 0.85 0.83 0.82 0.79 0.76 0.72 0.68 0.63 0.56 0.53 0.64 0.81 0.88 0.91 0.91 0.92 0.97 1.00 1.02 0.94 0.82 0.69 0.55 0.56 0.64 0.69 0.77 0.82 0.81 0.87 0.95 0.97 0.98 0.97 0.98 1.00 1.02 1.06 1.05 1.02 1.06 1.06 0.95 0.93 0.94 0.88 0.86 0.88 0.88 0.98 1.07 1.15 1.13 1.05 1.01 1.00 1.03 0.98 0.83 0.81 0.93 0.99 1.04 1.03 0.97 1.13 1.35 1.43 1.38 1.28 1.31 1.41 1.50 1.45 1.25 1.24 1.46 1.67 1.70 1.55
0.90 0.90 0.90 0.88 0.85 0.84 0.82 0.79 0.76 0.73 0.70 0.66 0.59 0.55 0.62 0.79 0.86 0.88 0.91 0.91 0.92 0.94 0.96 0.94 0.84 0.72 0.61 0.60 0.65 0.70 0.74 0.80 0.83 0.85 0.89 0.94 0.96 0.96 0.97 0.97 1.00 1.05 1.03 1.02 1.08 1.10 1.03 0.98 0.99 0.97 0.91 0.87 0.87 0.98 1.08 1.08 1.06 1.01 0.98 1.02 1.08 1.04 0.93 0.90 0.92 0.91 0.89 0.85 0.80 0.96 1.18 1.33 1.38 1.26 1.23 1.37 1.52 1.59 1.48 1.34 1.38 1.54 1.65 1.68
0.91 0.91 0.90 0.88 0.85 0.84 0.82 0.79 0.77 0.74 0.71 0.67 0.60 0.56 0.64 0.81 0.88 0.84 0.86 0.91 0.90 0.89 0.90 0.89 0.83 0.74 0.66 0.65 0.68 0.70 0.75 0.79 0.83 0.83 0.84 0.92 0.96 0.95 0.95 0.93 0.98 1.03 1.00 0.99 1.05 1.07 1.02 1.04 1.11 1.11 1.00 0.91 0.90 1.01 1.15 1.09 0.97 0.90 0.91 1.05 1.18 1.13 1.06 1.01 0.94 0.89 0.84 0.81 0.72 0.71 0.92 1.15 1.29 1.21 1.10 1.14 1.30 1.47 1.49 1.40 1.37 1.41 1.49 1.62
0.93 0.92 0.90 0.88 0.86 0.84 0.82 0.79 0.78 0.75 0.72 0.68 0.61 0.56 0.65 0.83 0.91 0.84 0.81 0.87 0.87 0.84 0.85 0.85 0.82 0.75 0.69 0.69 0.70 0.71 0.78 0.82 0.82 0.81 0.81 0.89 0.96 0.97 0.95 0.92 0.96 0.98 1.00 1.01 1.00 1.01 0.95 0.93 1.10 1.26 1.18 1.01 0.96 1.09 1.22 1.16 0.96 0.80 0.81 1.06 1.28 1.25 1.18 1.10 1.02 0.96 0.90 0.88 0.78 0.59 0.62 0.93 1.13 1.12 1.02 1.03 1.16 1.29 1.35 1.33 1.29 1.28 1.34 1.49
0.93 0.92 0.90 0.88 0.86 0.84 0.82 0.80 0.78 0.75 0.73 0.69 0.64 0.57 0.63 0.84 0.93 0.86 0.79 0.80 0.82 0.80 0.79 0.81 0.81 0.77 0.70 0.69 0.72 0.72 0.79 0.85 0.81 0.80 0.82 0.85 0.91 0.97 0.96 0.94 0.96 0.94 1.01 1.07 0.99 0.99 1.00 0.87 0.89 1.16 1.31 1.17 1.08 1.18 1.29 1.33 1.17 0.86 0.79 1.05 1.30 1.33 1.24 1.12 1.14 1.20 1.08 1.01 0.92 0.61 0.51 0.71 0.92 0.96 0.95 1.00 1.11 1.21 1.29 1.36 1.28 1.18 1.25 1.36
0.94 0.93 0.90 0.88 0.86 0.84 0.82 0.80 0.78 0.76 0.74 0.70 0.66 0.60 0.62 0.81 0.91 0.87 0.80 0.77 0.77 0.76 0.74 0.76 0.81 0.79 0.71 0.68 0.72 0.75 0.81 0.84 0.81 0.82 0.86 0.87 0.89 0.94 0.94 0.96 0.97 0.95 1.01 1.10 1.04 0.99 1.06 1.00 0.87 0.98 1.18 1.21 1.17 1.20 1.27 1.38 1.38 1.11 0.89 1.09 1.33 1.36 1.26 1.08 1.15 1.33 1.28 1.14 1.07 0.81 0.55 0.59 0.73 0.76 0.81 0.93 1.03 1.18 1.31 1.40 1.31 1.19 1.23 1.29
0.94 0.93 0.91 0.88 0.86 0.84 0.82 0.80 0.78 0.77 0.75 0.71 0.69 0.65 0.65 0.76 0.86 0.85 0.80 0.77 0.74 0.73 0.71 0.73 0.78 0.79 0.73 0.68 0.70 0.76 0.81 0.81 0.80 0.84 0.90 0.93 0.92 0.92 0.93 0.96 0.98 0.98 1.01 1.06 1.06 1.02 1.03 1.04 1.03 1.02 1.05 1.09 1.13 1.18 1.22 1.30 1.40 1.30 1.09 1.15 1.36 1.41 1.27 1.12 1.14 1.33 1.41 1.28 1.15 1.00 0.80 0.63 0.67 0.69 0.65 0.76 0.91 1.12 1.34 1.37 1.29 1.24 1.22 1.26
0.94 0.93 0.91 0.88 0.86 0.84 0.82 0.80 0.78 0.77 0.75 0.72 0.70 0.68 0.68 0.73 0.81 0.82 0.78 0.75 0.73 0.72 0.70 0.72 0.75 0.76 0.74 0.71 0.70 0.74 0.78 0.78 0.79 0.84 0.93 0.99 0.97 0.92 0.91 0.95 0.97 0.98 1.02 1.02 1.04 1.07 1.02 0.97 1.04 1.11 1.07 1.01 1.03 1.11 1.18 1.24 1.33 1.34 1.23 1.21 1.38 1.44 1.30 1.19 1.19 1.30 1.44 1.39 1.23 1.13 0.99 0.79 0.76 0.74 0.61 0.62 0.78 1.01 1.28 1.31 1.25 1.23 1.15 1.17
0.94 0.93 0.91 0.88 0.86 0.84 0.82 0.81 0.79 0.76 0.75 0.74 0.72 0.70 0.69 0.72 0.76 0.77 0.75 0.73 0.72 0.71 0.71 0.71 0.73 0.74 0.74 0.73 0.72 0.72 0.73 0.74 0.77 0.83 0.91 0.99 1.00 0.94 0.90 0.94 0.97 0.99 1.04 1.04 1.05 1.09 1.08 0.98 0.98 1.11 1.13 1.04 0.98 1.00 1.10 1.18 1.27 1.34 1.31 1.27 1.36 1.45 1.33 1.21 1.21 1.28 1.39 1.42 1.33 1.23 1.08 0.91 0.91 0.89 0.76 0.68 0.77 0.98 1.21 1.30 1.28 1.24 1.12 1.07
0.94 0.93 0.90 0.88 0.86 0.84 0.82 0.81 0.79 0.75 0.74 0.75 0.72 0.70 0.70 0.71 0.73 0.74 0.73 0.71 0.71 0.71 0.70 0.70 0.71 0.73 0.73 0.73 0.72 0.71 0.69 0.70 0.78 0.85 0.93 0.99 1.02 0.98 0.92 0.95 0.98 1.00 1.04 1.06 1.09 1.10 1.11 1.03 0.98 1.09 1.15 1.11 1.02 0.95 0.98 1.07 1.16 1.28 1.36 1.35 1.37 1.48 1.42 1.24 1.23 1.29 1.33 1.39 1.38 1.27 1.14 1.02 0.99 0.99 0.88 0.78 0.88 1.10 1.31 1.39 1.35 1.28 1.16 1.03
0.95 0.93 0.90 0.87 0.86 0.84 0.82 0.81 0.78 0.75 0.74 0.74 0.73 0.70 0.70 0.70 0.71 0.72 0.71 0.70 0.70 0.70 0.69 0.69 0.70 0.71 0.73 0.73 0.72 0.70 0.66 0.66 0.76 0.88 0.93 0.98 1.05 1.02 0.94 0.95 0.98 1.02 1.06 1.10 1.12 1.12 1.10 1.06 1.02 1.08 1.16 1.15 1.10 1.00 0.94 0.98 1.05 1.15 1.29 1.40 1.41 1.52 1.52 1.31 1.27 1.29 1.27 1.35 1.39 1.27 1.16 1.11 1.10 1.07 0.90 0.72 0.84 1.15 1.45 1.59 1.52 1.36 1.25 1.10
0.95 0.93 0.89 0.88 0.86 0.83 0.81 0.80 0.78 0.76 0.74 0.73 0.72 0.70 0.69 0.69 0.69 0.70 0.70 0.69 0.69 0.68 0.68 0.68 0.68 0.70 0.72 0.73 0.73 0.70 0.64 0.62 0.73 0.86 0.91 0.94 1.00 1.02 0.96 0.93 0.96 1.01 1.08 1.14 1.17 1.15 1.11 1.07 1.05 1.08 1.16 1.17 1.14 1.09 0.99 0.97 1.01 1.05 1.13 1.34 1.46 1.56 1.59 1.40 1.31 1.28 1.24 1.32 1.38 1.31 1.22 1.18 1.21 1.21 0.97 0.69 0.69 0.99 1.38 1.69 1.77 1.61 1.48 1.27
0.94 0.92 0.89 0.88 0.85 0.83 0.81 0.79 0.78 0.76 0.74 0.72 0.71 0.70 0.69 0.68 0.68 0.68 0.68 0.67 0.67 0.67 0.67 0.67 0.67 0.68 0.70 0.73 0.74 0.70 0.63 0.60 0.69 0.83 0.90 0.94 0.95 0.98 0.97 0.93 0.93 0.98 1.06 1.16 1.22 1.17 1.11 1.11 1.09 1.09 1.17 1.18 1.16 1.14 1.06 1.00 1.02 1.02 1.00 1.20 1.44 1.59 1.64 1.49 1.31 1.22 1.21 1.29 1.34 1.33 1.27 1.23 1.28 1.27 1.06 0.77 0.63 0.79 1.09 1.48 1.79 1.82 1.74 1.56
0.94 0.92 0.89 0.88 0.85 0.82 0.80 0.78 0.78 0.77 0.74 0.71 0.70 0.70 0.68 0.67 0.67 0.67 0.67 0.66 0.66 0.66 0.66 0.65 0.66 0.66 0.68 0.74 0.78 0.72 0.63 0.60 0.65 0.76 0.87 0.94 0.96 0.97 0.96 0.92 0.90 0.94 1.02 1.16 1.25 1.18 1.12 1.16 1.15 1.12 1.16 1.19 1.17 1.16 1.12 1.05 1.04 1.03 0.95 1.05 1.34 1.59 1.68 1.57 1.29 1.13 1.14 1.21 1.27 1.30 1.27 1.25 1.30 1.26 1.08 0.88 0.71 0.69 0.84 1.13 1.54 1.80 1.87 1.86
0.93 0.92 0.89 0.87 0.85 0.82 0.79 0.78 0.78 0.76 0.73 0.70 0.69 0.69 0.67 0.66 0.66 0.65 0.65 0.65 0.64 0.64 0.64 0.63 0.63 0.63 0.67 0.77 0.84 0.78 0.66 0.62 0.63 0.68 0.81 0.91 0.98 1.03 0.98 0.90 0.88 0.90 0.97 1.13 1.21 1.16 1.16 1.19 1.20 1.19 1.18 1.21 1.19 1.14 1.11 1.05 1.05 1.06 1.02 1.02 1.23 1.53 1.66 1.58 1.36 1.19 1.13 1.16 1.27 1.35 1.34 1.29 1.26 1.18 1.04 0.98 0.98 0.83 0.70 0.84 1.21 1.56 1.77 1.96
0.93 0.92 0.89 0.86 0.84 0.81 0.78 0.78 0.78 0.74 0.72 0.70 0.69 0.67 0.66 0.65 0.65 0.64 0.64 0.64 0.63 0.63 0.62 0.61 0.60 0.59 0.63 0.80 0.91 0.85 0.73 0.68 0.65 0.62 0.69 0.80 0.93 1.10 1.07 0.91 0.87 0.89 0.95 1.09 1.14 1.11 1.20 1.27 1.26 1.22 1.23 1.29 1.26 1.18 1.09 0.99 1.02 1.12 1.14 1.11 1.28 1.52 1.54 1.44 1.39 1.32 1.22 1.20 1.31 1.47 1.52 1.39 1.19 1.08 0.96 0.99 1.22 1.18 0.76 0.62 0.88 1.20 1.44 1.72
0.92 0.91 0.88 0.86 0.83 0.80 0.78 0.78 0.76 0.73 0.71 0.70 0.68 0.66 0.65 0.64 0.64 0.63 0.63 0.63 0.62 0.61 0.60 0.58 0.57 0.54 0.58 0.78 0.93 0.91 0.86 0.80 0.71 0.63 0.61 0.65 0.80 1.07 1.14 0.96 0.87 0.92 0.95 1.03 1.08 1.06 1.18 1.34 1.37 1.25 1.22 1.36 1.38 1.31 1.14 0.90 0.95 1.19 1.27 1.27 1.46 1.58 1.40 1.23 1.26 1.30 1.23 1.22 1.33 1.52 1.65 1.48 1.18 1.01 0.87 0.88 1.21 1.48 1.13 0.65 0.66 0.88 1.11 1.36
0.91 0.90 0.88 0.85 0.82 0.80 0.78 0.77 0.74 0.71 0.70 0.69 0.67 0.66 0.64 0.63 0.62 0.61 0.61 0.62 0.61 0.60 0.58 0.56 0.53 0.50 0.54 0.72 0.89 0.95 0.99 0.97 0.83 0.72 0.64 0.59 0.70 0.99 1.16 1.01 0.91 0.97 0.97 1.00 1.01 1.01 1.10 1.29 1.46 1.34 1.20 1.37 1.49 1.46 1.27 0.89 0.88 1.20 1.40 1.43 1.55 1.60 1.41 1.18 1.16 1.22 1.18 1.21 1.36 1.54 1.68 1.54 1.27 1.06 0.87 0.79 0.99 1.48 1.46 0.94 0.63 0.64 0.88 1.14
0.90 0.89 0.87 0.84 0.82 0.79 0.78 0.76 0.73 0.70 0.69 0.68 0.67 0.65 0.64 0.62 0.61 0.60 0.60 0.61 0.60 0.59 0.57 0.54 0.50 0.46 0.50 0.63 0.77 0.89 1.04 1.13 1.03 0.89 0.75 0.61 0.66 0.94 1.14 1.03 0.97 1.01 1.00 1.05 1.00 0.97 1.06 1.20 1.42 1.44 1.31 1.39 1.56 1.61 1.44 1.06 0.90 1.14 1.48 1.62 1.55 1.46 1.41 1.28 1.17 1.15 1.08 1.16 1.43 1.59 1.59 1.48 1.33 1.16 0.94 0.85 0.98 1.39 1.61 1.28 0.76 0.54 0.70 1.00
0.90 0.89 0.86 0.83 0.82 0.79 0.76 0.74 0.71 0.69 0.68 0.67 0.66 0.65 0.63 0.61 0.60 0.59 0.59 0.60 0.59 0.57 0.56 0.53 0.49 0.45 0.46 0.54 0.63 0.73 0.91 1.11 1.15 1.06 0.87 0.63 0.65 0.91 1.11 1.03 0.98 1.00 1.00 1.08 1.06 0.99 1.04 1.12 1.27 1.35 1.33 1.39 1.53 1.68 1.58 1.22 1.03 1.14 1.49 1.78 1.58 1.26 1.28 1.33 1.23 1.10 0.97 1.07 1.49 1.68 1.48 1.28 1.24 1.15 1.00 0.97 1.06 1.36 1.69 1.58 1.02 0.60 0.62 0.88
0.90 0.88 0.84 0.82 0.82 0.79 0.74 0.72 0.70 0.68 0.67 0.66 0.65 0.64 0.63 0.61 0.59 0.58 0.58 0.59 0.58 0.56 0.55 0.53 0.49 0.46 0.45 0.48 0.54 0.63 0.81 1.00 1.11 1.15 0.95 0.61 0.62 0.90 1.05 1.01 0.97 0.95 0.94 1.01 1.03 0.98 1.02 1.08 1.13 1.16 1.17 1.24 1.37 1.60 1.60 1.30 1.23 1.33 1.55 1.83 1.61 1.19 1.18 1.35 1.36 1.12 0.90 1.03 1.54 1.77 1.43 1.17 1.14 1.05 0.96 0.99 1.09 1.33 1.71 1.81 1.38 0.85 0.70 0.82
0.89 0.87 0.82 0.81 0.82 0.78 0.72 0.71 0.69 0.67 0.65 0.65 0.64 0.63 0.62 0.61 0.59 0.58 0.58 0.58 0.57 0.55 0.53 0.52 0.50 0.46 0.44 0.44 0.47 0.60 0.81 0.98 1.08 1.21 1.03 0.60 0.58 0.89 0.98 0.94 0.96 0.92 0.90 0.95 0.96 0.95 1.02 1.08 1.07 1.10 1.12 1.13 1.21 1.42 1.53 1.34 1.32 1.55 1.77 1.87 1.55 1.13 1.11 1.39 1.55 1.26 0.89 0.97 1.53 1.82 1.48 1.21 1.15 1.01 0.92 0.95 1.05 1.28 1.66 1.92 1.65 1.17 0.95 0.88
0.87 0.85 0.81 0.80 0.81 0.76 0.71 0.69 0.68 0.66 0.64 0.64 0.64 0.62 0.61 0.60 0.59 0.59 0.58 0.57 0.56 0.55 0.52 0.51 0.51 0.47 0.43 0.40 0.40 0.51 0.74 0.95 1.06 1.24 1.17 0.67 0.54 0.86 0.95 0.90 0.95 0.93 0.91 0.95 0.95 0.96 1.03 1.06 1.04 1.10 1.13 1.12 1.13 1.23 1.35 1.28 1.23 1.50 1.90 2.04 1.65 1.10 1.00 1.33 1.70 1.54 1.06 0.91 1.32 1.75 1.60 1.33 1.22 1.05 0.94 0.92 0.98 1.18 1.58 1.98 1.93 1.55 1.29 1.09
0.85 0.83 0.80 0.81 0.79 0.74 0.69 0.67 0.67 0.65 0.64 0.63 0.62 0.62 0.61 0.59 0.59 0.59 0.58 0.57 0.57 0.55 0.52 0.51 0.50 0.47 0.43 0.38 0.35 0.44 0.65 0.86 0.99 1.18 1.26 0.91 0.60 0.80 0.93 0.91 0.95 0.95 0.93 0.95 0.97 0.98 1.01 1.02 1.04 1.10 1.12 1.13 1.13 1.12 1.18 1.22 1.19 1.30 1.69 2.08 1.89 1.24 0.91 1.14 1.69 1.81 1.44 1.05 1.14 1.50 1.54 1.42 1.30 1.11 0.96 0.88 0.87 0.99 1.29 1.78 2.05 1.95 1.73 1.48
0.83 0.81 0.80 0.80 0.77 0.71 0.67 0.66 0.66 0.65 0.63 0.62 0.62 0.61 0.60 0.59 0.59 0.59 0.58 0.57 0.57 0.56 0.53 0.51 0.49 0.46 0.42 0.38 0.36 0.44 0.60 0.75 0.90 1.08 1.23 1.08 0.79 0.78 0.90 0.91 0.93 0.97 0.97 0.97 1.01 1.04 1.00 1.00 1.06 1.11 1.13 1.16 1.17 1.14 1.15 1.22 1.25 1.26 1.44 1.91 1.96 1.37 0.87 0.91 1.47 1.90 1.81 1.41 1.22 1.27 1.29 1.35 1.32 1.13 0.97 0.85 0.80 0.88 1.01 1.26 1.68 1.93 2.01 1.90
0.81 0.80 0.79 0.78 0.74 0.69 0.65 0.65 0.64 0.64 0.62 0.61 0.61 0.60 0.60 0.59 0.59 0.59 0.58 0.58 0.58 0.56 0.54 0.52 0.49 0.46 0.42 0.38 0.38 0.49 0.60 0.68 0.82 0.99 1.12 1.08 0.94 0.87 0.92 0.93 0.91 0.95 1.01 1.02 1.05 1.09 1.03 1.03 1.08 1.10 1.14 1.16 1.19 1.19 1.19 1.23 1.31 1.34 1.42 1.76 1.93 1.48 0.93 0.78 1.13 1.73 2.00 1.81 1.47 1.19 1.10 1.23 1.25 1.11 0.97 0.87 0.83 0.93 1.05 1.07 1.20 1.51 1.89 2.13
0.79 0.78 0.77 0.75 0.70 0.66 0.64 0.63 0.63 0.63 0.62 0.61 0.60 0.60 0.60 0.60 0.59 0.59 0.59 0.59 0.58 0.57 0.56 0.54 0.51 0.47 0.42 0.36 0.40 0.55 0.61 0.65 0.76 0.90 1.03 0.99 0.92 0.94 1.00 0.98 0.94 0.96 1.01 1.06 1.09 1.10 1.06 1.07 1.11 1.14 1.16 1.13 1.16 1.24 1.24 1.22 1.29 1.42 1.51 1.71 1.89 1.62 1.11 0.79 0.88 1.39 1.94 2.01 1.63 1.26 1.17 1.24 1.24 1.10 0.97 0.94 0.87 0.94 1.24 1.27 1.07 1.19 1.58 2.02
