windninja/windninja_output/Output_2025-08-09_1100-1150_Google earth_Fire_150m_10min/merlingen_7.5mi_point_08-09-2025_1120_150m_ang.asc
ncols	158
nrows	163
xllcorner	391686.332397
yllcorner	5160024.123721
cellsize	150.000000
NODATA_value	-32768.000000
[rows 55 to 109 of 163, columns 0 to 95 of 158]
79 79 81 85 86 83 81 79 76 76 79 82 83 82 81 80 79 79 78 78 77 77 77 77 77 77 77 77 77 77 77 77 77 78 78 79 79 80 82 85 88 89 86 84 84 82 77 73 72 66 62 67 70 73 77 72 59 55 59 63 67 72 74 72 64 53 45 42 46 47 45 45 49 52 53 51 50 55 58 57 56 57 56 53 52 53 53 55 57 58 60 61 60 62 74 82
80 80 79 80 83 84 84 82 78 77 77 80 83 84 82 81 80 80 79 78 78 77 77 77 77 77 77 77 77 77 77 77 77 78 78 78 79 80 81 82 85 86 85 84 85 86 86 83 78 69 65 70 71 74 76 69 55 56 61 66 71 73 72 68 61 51 45 43 47 48 45 48 51 51 51 50 51 55 57 55 55 56 56 54 53 52 49 48 50 55 64 69 71 74 76 75
81 81 79 77 78 81 83 84 83 80 78 76 79 82 84 83 81 80 80 79 79 78 77 78 77 77 77 77 77 77 77 77 77 77 78 78 78 79 80 81 82 83 84 84 85 88 91 90 85 76 70 73 74 77 76 66 54 58 65 70 72 73 71 67 59 50 43 43 45 46 47 49 51 50 50 48 50 54 54 52 52 53 55 55 55 55 53 50 49 53 62 72 79 80 80 71
80 80 79 78 78 78 79 82 85 85 80 75 75 78 82 85 84 82 80 80 79 79 78 78 77 77 77 77 77 77 77 77 77 77 78 78 78 78 79 80 80 81 82 83 85 87 90 93 93 88 81 78 78 79 75 65 56 63 70 73 72 71 69 65 58 49 42 38 39 44 47 50 51 51 50 49 51 53 51 48 48 50 53 54 55 56 55 55 54 58 68 76 78 81 79 64
80 79 79 79 79 78 79 81 85 86 83 78 74 75 79 83 85 84 82 81 80 79 79 79 78 77 77 77 77 77 77 77 77 77 77 78 78 78 78 79 79 80 81 82 83 85 87 91 95 100 97 87 82 80 74 65 61 70 75 75 73 70 68 64 58 50 41 34 36 45 49 50 51 51 50 49 53 53 49 48 47 49 51 51 51 53 54 57 61 70 79 80 78 78 71 57
79 79 79 79 79 79 80 81 83 85 84 82 78 76 75 77 82 85 84 83 81 80 79 79 78 78 78 78 78 77 77 77 77 77 77 77 78 78 78 78 79 79 80 81 81 83 85 87 92 100 107 99 88 82 74 66 67 76 78 76 73 71 68 64 59 52 42 32 38 49 52 52 53 53 50 50 53 51 49 48 48 50 51 50 50 52 55 61 71 81 82 78 74 68 61 53
79 79 79 79 78 79 80 81 83 83 84 84 83 79 74 73 76 81 84 84 83 82 80 79 78 78 78 78 78 78 78 77 77 77 77 77 78 78 78 78 78 79 79 80 81 82 83 85 89 95 105 105 95 86 77 71 74 79 79 77 75 72 69 65 60 53 43 34 43 52 53 53 55 54 51 51 52 49 47 48 48 50 52 52 53 56 61 69 78 83 80 73 66 57 54 51
80 80 80 80 79 79 80 81 82 82 84 86 86 83 77 74 73 76 80 83 84 83 81 80 79 78 79 79 79 78 78 78 78 78 77 77 77 78 78 78 78 78 79 79 80 81 82 84 86 91 99 104 99 91 80 76 80 81 80 77 75 72 70 66 60 54 43 38 48 53 53 55 56 54 51 51 50 48 47 47 48 50 52 55 57 63 73 81 83 81 73 67 59 53 51 49
80 81 81 81 82 82 81 81 81 81 83 85 87 86 82 78 74 73 75 79 83 84 82 81 79 79 79 79 79 78 78 78 78 78 78 78 78 78 78 78 78 78 79 79 80 80 81 83 85 88 94 100 98 93 85 80 81 81 80 77 74 71 68 65 63 57 48 47 52 54 54 55 57 54 50 49 48 47 45 45 47 48 51 56 60 68 80 86 85 76 65 60 55 51 50 49
81 81 82 83 83 84 83 82 82 81 82 84 87 86 85 82 78 74 72 74 78 81 82 82 81 80 80 79 79 79 79 78 78 78 78 78 78 78 78 78 78 78 78 79 79 80 81 82 83 86 90 96 98 95 91 85 81 80 80 79 75 68 64 66 68 65 57 56 56 54 54 56 58 53 48 46 46 44 41 41 44 47 52 57 64 76 82 82 78 66 57 55 51 50 50 48
79 79 81 82 83 84 84 83 83 83 83 85 87 87 86 85 83 77 73 72 74 76 79 82 82 81 81 79 79 79 79 79 78 78 78 78 78 78 78 78 78 78 78 78 79 79 80 81 82 84 87 92 96 96 96 94 86 80 78 78 72 63 62 66 67 64 61 58 57 55 55 57 58 53 47 45 44 41 37 40 45 50 55 61 69 79 80 75 65 55 51 50 49 49 50 49
74 75 76 80 82 83 83 81 81 82 84 85 85 87 88 86 84 82 77 74 72 72 74 78 81 82 82 80 80 80 79 79 79 79 78 78 78 78 78 78 78 78 78 78 79 79 80 80 81 83 85 88 92 94 98 101 96 85 79 75 66 57 62 65 64 62 59 57 57 58 58 59 58 52 47 44 42 39 36 40 47 53 58 63 70 75 74 66 55 50 47 46 47 48 50 53
68 69 70 72 77 82 82 78 78 81 84 84 83 84 87 86 84 84 83 79 74 70 71 73 76 80 81 82 82 81 80 80 79 79 79 78 78 78 78 78 78 78 78 78 78 79 79 80 81 82 83 85 88 91 95 100 101 94 84 76 67 63 69 70 66 62 58 56 58 59 59 61 59 53 47 44 41 37 35 40 47 54 61 65 71 73 68 57 51 48 44 43 45 46 50 54
65 68 68 67 71 75 74 71 74 79 82 82 81 81 82 84 84 84 85 83 78 74 72 71 71 73 76 80 83 84 83 81 81 80 79 79 78 78 78 78 78 78 78 78 78 78 79 79 80 81 82 83 85 87 90 93 96 96 91 83 78 79 82 79 72 64 59 58 58 59 59 61 61 56 49 46 41 36 35 43 51 59 65 67 76 76 64 51 48 45 43 43 45 47 49 53
76 80 79 75 73 72 66 64 70 75 76 74 74 74 74 76 80 82 84 83 81 79 77 74 70 66 70 77 82 84 85 84 82 81 80 79 79 79 78 78 78 78 78 78 78 78 78 79 79 80 81 82 83 84 85 87 89 90 90 87 86 89 91 88 80 72 67 63 60 58 58 62 63 56 49 47 44 39 39 49 59 66 67 70 81 77 60 49 46 43 41 42 44 47 50 51
83 88 94 92 87 80 73 73 77 77 74 70 68 68 68 70 72 76 79 81 82 81 80 79 72 65 69 74 78 81 84 85 85 83 81 80 80 79 79 78 78 78 78 78 78 78 78 78 79 79 80 80 81 82 83 84 85 85 86 86 86 90 93 93 90 87 81 75 68 62 60 64 63 54 48 48 47 45 45 55 63 66 68 76 83 74 55 47 44 41 40 40 43 44 48 49
82 87 94 97 95 90 88 90 91 86 79 76 75 73 71 71 71 72 73 75 78 80 81 80 75 69 70 71 73 75 79 82 85 85 83 82 81 80 79 79 78 78 78 78 78 78 78 78 78 79 79 80 80 81 81 82 82 82 82 83 84 86 88 90 92 94 93 88 82 76 71 70 65 54 48 49 50 48 49 58 65 68 74 83 80 64 48 43 42 42 41 42 43 42 44 48
83 86 91 94 94 93 93 97 97 90 83 82 83 81 79 78 77 76 74 72 73 76 79 78 76 74 74 72 70 71 74 76 81 84 85 84 82 81 80 79 78 78 78 78 78 78 78 78 78 78 79 79 79 80 80 80 80 81 81 81 81 82 84 85 87 89 91 92 92 92 91 83 72 59 54 55 56 53 51 57 66 73 82 84 74 52 41 41 43 44 42 44 47 46 49 59
84 87 92 93 94 94 95 96 96 91 86 85 85 84 84 83 83 81 79 76 75 75 76 76 76 76 77 75 72 71 71 72 75 79 83 84 83 82 81 80 79 78 78 78 78 78 78 78 78 78 78 78 79 79 79 79 79 79 80 80 80 80 81 82 82 83 85 87 91 95 98 95 84 71 65 65 63 58 52 58 69 80 86 80 63 45 39 40 45 45 43 45 49 55 66 74
85 88 93 96 96 96 96 96 94 92 90 88 86 85 85 85 84 84 83 82 80 79 77 76 76 76 77 76 74 72 71 72 73 76 79 81 82 82 81 80 79 79 78 78 78 78 78 78 78 78 78 78 78 78 78 78 79 79 79 79 79 79 79 80 80 80 81 83 85 88 90 92 90 84 78 74 68 60 54 61 75 84 83 71 52 42 40 42 46 46 46 44 46 63 73 75
85 87 93 98 99 99 99 98 95 94 93 91 89 88 87 87 86 84 84 84 83 82 80 78 78 78 78 78 75 73 72 72 73 74 76 78 80 81 82 81 80 79 78 78 78 78 78 78 78 78 78 78 78 78 78 78 78 78 78 78 78 78 78 78 79 79 80 81 82 82 83 84 87 89 89 82 73 61 56 68 82 83 75 59 45 39 40 44 47 50 55 52 56 73 74 71
84 86 91 97 102 103 103 102 99 97 95 94 92 91 90 89 87 86 85 84 83 82 81 80 79 78 79 81 79 75 73 72 73 74 76 78 80 81 82 81 80 79 78 78 78 78 78 78 78 78 78 78 78 78 78 78 78 78 78 77 77 77 77 78 78 78 78 79 79 79 80 81 83 87 91 89 81 67 63 78 85 79 67 53 45 44 46 49 52 59 67 74 82 81 74 68
85 85 87 93 102 106 107 106 104 102 100 97 94 93 92 91 89 88 87 85 84 83 82 81 78 76 80 83 83 79 74 72 72 73 75 77 79 81 82 82 81 79 79 78 78 78 78 78 78 78 78 78 78 78 78 78 77 77 77 77 77 77 77 77 77 77 77 78 78 78 78 79 80 83 87 90 89 80 78 84 82 71 59 53 51 55 59 58 61 67 74 81 83 79 71 65
86 84 79 86 100 108 110 111 110 109 105 100 97 94 93 92 91 90 88 86 85 84 84 82 77 75 78 82 84 82 76 73 72 73 74 74 76 78 80 82 82 80 79 78 78 78 78 79 79 79 79 79 78 78 78 78 77 77 77 77 77 76 76 77 77 77 77 77 77 77 77 78 78 80 82 86 90 92 91 86 77 61 52 51 50 53 56 59 65 70 74 76 78 74 66 62
83 78 71 77 92 106 114 116 115 116 111 103 98 96 94 93 92 91 90 87 86 85 84 83 78 76 78 80 81 81 78 76 74 73 74 74 73 74 76 80 82 81 80 79 79 79 79 79 80 80 80 80 79 79 78 78 77 77 77 77 76 76 76 76 76 76 76 76 76 76 76 77 77 78 79 81 86 94 96 86 71 53 47 47 46 46 52 62 71 74 74 74 73 70 64 61
75 72 69 75 86 100 116 119 117 118 114 105 99 96 94 93 92 91 90 88 87 86 85 83 81 80 80 79 79 79 80 79 76 73 72 73 72 71 73 75 78 80 80 80 80 80 80 80 81 82 82 81 80 79 78 78 77 77 77 76 76 76 76 76 76 76 76 76 76 76 76 76 76 77 77 79 82 87 91 82 63 49 46 44 44 49 62 74 77 76 74 73 71 68 66 65
72 75 79 85 95 101 106 111 112 112 109 103 97 95 94 93 92 91 90 90 88 87 86 84 83 83 83 81 79 79 81 82 79 75 72 70 69 70 71 71 72 74 77 79 81 82 82 82 84 87 87 85 82 80 79 78 77 77 77 76 76 76 76 76 76 76 76 76 75 75 75 76 76 76 76 77 79 81 83 75 54 45 46 46 48 61 78 81 78 75 73 71 70 66 65 66
84 86 92 100 103 97 88 89 94 95 96 96 94 93 92 92 91 91 91 91 90 89 87 86 84 84 85 83 81 80 81 83 82 80 77 72 69 70 71 71 69 68 70 73 75 77 78 79 81 84 87 88 85 82 79 78 77 77 77 77 76 76 76 76 76 75 75 75 75 75 75 75 75 76 76 76 77 78 78 71 49 40 45 49 59 78 83 82 79 75 71 69 67 64 62 64
90 93 98 100 96 86 81 78 78 80 84 89 91 91 91 90 90 90 91 92 92 91 89 88 87 86 86 84 82 81 81 81 81 81 80 78 75 73 72 72 70 68 69 70 70 71 72 74 76 76 76 79 82 82 79 78 77 77 77 77 76 76 76 76 76 75 75 75 75 75 75 75 75 75 76 76 76 76 77 72 49 35 42 53 75 86 86 82 79 76 73 70 67 64 63 64
85 87 91 88 81 78 75 73 73 75 81 87 88 87 88 88 89 90 91 93 94 94 91 90 91 91 87 84 82 81 80 78 78 77 78 79 79 78 77 75 73 73 73 74 74 74 75 78 79 77 74 73 74 76 77 78 78 77 77 77 77 76 76 76 76 75 75 75 75 75 75 75 75 75 76 76 76 76 76 72 53 35 46 65 84 87 85 82 79 78 76 73 70 67 65 66
82 81 81 80 78 75 70 68 72 78 83 86 86 85 85 86 87 88 90 93 95 95 95 94 95 95 90 85 84 83 80 78 76 74 74 76 77 78 79 79 78 77 76 76 77 78 80 82 83 82 79 76 74 74 76 77 78 78 78 78 77 77 77 76 76 75 75 75 75 75 75 75 75 75 75 76 76 76 76 74 65 48 68 85 89 87 83 79 78 77 76 74 71 68 66 65
82 80 79 79 76 72 67 67 74 81 84 83 83 83 83 83 83 85 87 90 93 95 96 99 100 97 91 87 85 84 81 79 78 75 73 72 71 72 75 79 81 80 78 76 77 78 80 82 83 84 83 80 77 76 76 78 79 79 79 79 78 78 77 76 76 76 75 75 75 75 75 75 75 75 76 76 76 77 79 81 88 109 103 94 90 85 82 80 77 75 75 74 73 71 65 62
83 81 79 78 74 69 66 68 75 79 81 80 82 82 81 80 78 79 83 87 89 90 94 101 107 101 90 86 84 82 81 81 81 81 79 74 70 69 69 72 76 79 79 77 76 77 79 80 81 82 83 82 80 79 78 80 81 81 81 80 79 79 78 77 76 76 75 75 75 75 75 75 75 76 76 76 77 79 82 87 102 134 132 107 91 84 81 80 78 77 77 78 78 74 67 62
84 83 80 78 73 67 66 68 71 74 76 80 82 79 77 74 73 74 78 83 86 88 96 105 111 101 87 83 81 79 79 80 81 83 84 82 78 73 71 70 71 73 76 77 76 75 76 77 78 78 79 81 81 80 80 80 81 83 84 84 82 80 78 77 76 76 76 75 75 75 75 75 76 76 76 77 78 80 83 88 101 128 137 120 101 87 81 79 78 80 82 83 80 76 75 78
86 85 82 78 73 69 67 66 65 67 74 80 80 76 73 69 67 71 76 82 87 96 103 106 100 84 81 80 79 78 78 79 80 80 82 85 85 82 77 74 73 72 74 76 77 76 74 75 76 77 77 78 79 79 78 77 77 80 85 89 87 82 79 77 77 76 76 76 75 75 75 76 76 76 77 78 79 80 83 88 98 116 130 124 111 100 90 85 83 86 86 83 77 74 76 81
85 83 78 75 75 73 69 65 61 64 73 77 74 70 68 65 65 68 75 85 97 106 105 92 68 62 73 77 77 77 78 78 79 79 79 81 84 84 81 77 75 75 75 76 78 78 76 75 75 77 78 78 79 79 76 73 73 76 83 90 89 83 79 77 77 76 76 76 76 76 76 76 76 76 77 78 79 81 83 87 95 106 119 120 114 109 102 95 92 92 88 79 76 76 75 77
82 78 70 67 69 70 68 63 58 63 70 70 64 61 61 60 63 65 72 87 104 110 94 67 48 52 67 74 76 77 78 78 79 79 80 80 81 83 83 79 74 73 74 77 79 79 78 77 76 77 80 82 83 81 76 71 72 75 78 81 82 81 79 77 77 76 76 76 76 76 76 76 76 77 77 78 79 81 83 86 92 100 110 115 113 111 107 101 97 94 86 78 81 82 81 82
78 74 65 62 62 61 58 51 47 55 63 63 56 56 58 61 63 65 73 86 95 92 67 51 42 51 65 72 75 77 78 79 80 81 82 81 80 81 82 82 76 71 72 75 78 80 80 79 78 79 82 86 87 86 82 77 78 78 77 73 72 75 77 77 77 77 77 76 76 76 76 76 77 77 78 78 79 81 83 85 89 95 103 110 111 109 106 103 98 90 82 82 87 87 87 89
79 75 68 64 63 61 56 46 38 47 54 51 44 42 44 52 58 65 78 82 74 45 41 42 41 53 66 71 74 76 78 80 82 84 84 82 81 80 81 82 79 72 70 72 76 78 80 79 79 80 83 89 92 88 88 91 88 84 79 74 71 72 75 77 77 77 77 77 77 77 77 77 77 77 78 78 79 81 82 84 87 91 96 103 106 106 104 101 95 86 82 85 87 87 87 89
78 76 71 70 71 70 64 52 40 50 55 50 42 39 39 50 58 66 75 70 53 36 33 39 45 58 68 72 73 74 77 81 85 88 86 83 82 82 82 82 80 75 70 69 70 72 76 78 79 79 82 88 90 87 88 93 93 88 83 78 75 74 75 77 77 78 78 77 77 77 77 77 77 78 78 78 79 80 82 83 85 88 91 95 99 100 100 97 91 86 84 84 85 85 85 85
76 74 72 74 76 73 67 61 61 69 69 62 56 55 57 68 69 74 73 61 46 42 41 47 55 65 70 72 72 72 75 81 85 86 85 84 84 84 83 83 82 79 74 69 66 66 69 73 77 80 82 81 79 80 84 88 90 89 85 81 78 76 76 78 78 79 78 78 78 78 78 78 78 78 78 79 79 80 81 82 84 86 88 90 92 93 94 92 89 86 84 84 83 83 82 82
76 75 75 75 73 68 64 64 73 86 86 78 70 68 75 80 80 82 74 49 44 49 54 63 70 74 74 74 73 74 78 80 81 82 83 85 86 86 85 85 85 86 82 76 70 67 68 71 76 79 78 74 71 73 79 84 87 88 86 84 81 79 79 80 80 80 79 79 79 79 78 78 78 78 78 79 79 80 81 82 83 84 85 86 87 88 88 87 86 84 83 82 81 81 80 80
78 78 77 75 71 66 62 61 67 78 83 80 79 76 80 83 86 84 69 47 44 53 63 75 82 80 76 75 76 80 83 82 80 80 83 86 88 89 88 88 88 89 89 85 80 76 75 76 78 78 74 71 70 72 76 80 83 86 86 86 84 82 82 82 82 81 80 80 80 79 79 78 78 79 79 79 79 80 81 81 82 83 83 84 85 85 85 84 83 82 81 80 80 79 78 78
80 81 79 77 76 71 67 64 65 69 73 79 85 87 88 88 87 79 61 50 48 56 69 79 81 73 72 75 78 82 84 83 82 81 82 85 89 91 93 92 91 91 92 89 86 84 84 82 80 77 74 72 71 72 75 77 79 82 84 84 84 84 85 86 85 84 83 82 81 80 79 79 79 79 79 79 80 80 80 81 81 82 82 83 83 83 82 82 81 81 80 79 78 78 77 77
81 81 80 81 82 80 78 75 72 69 71 74 79 86 89 87 80 71 59 52 53 63 74 76 66 58 66 74 78 81 83 84 85 85 85 86 89 92 95 97 96 95 95 92 87 85 85 82 78 75 74 73 71 71 73 75 76 78 81 81 81 82 84 87 88 88 86 84 82 81 80 80 80 80 80 80 80 80 81 81 81 81 81 82 82 81 81 81 80 79 79 78 77 77 76 76
79 79 80 81 81 80 80 80 76 72 72 72 74 80 83 79 76 73 63 58 67 78 79 68 54 56 66 73 77 80 82 85 88 90 91 91 91 91 94 100 102 100 99 97 91 86 83 81 78 75 73 73 72 71 71 73 73 75 78 79 79 78 79 83 86 89 89 87 84 82 81 81 81 81 81 81 81 81 81 81 81 81 81 81 81 80 80 80 79 78 78 77 76 76 75 75
79 80 80 80 78 77 78 78 76 74 74 72 70 68 70 71 72 72 67 71 83 86 75 59 55 61 68 73 76 78 81 85 89 93 97 98 97 95 96 100 104 104 103 103 97 88 84 81 79 76 74 72 72 72 72 72 71 72 74 76 78 78 77 79 82 85 88 88 86 84 83 83 83 82 82 82 82 82 82 82 81 81 81 81 80 80 79 79 78 78 77 76 76 75 74 74
80 81 81 78 77 77 77 77 76 75 74 72 68 63 63 66 69 69 67 76 82 74 61 59 60 65 70 73 75 78 82 86 90 94 99 103 104 102 101 102 106 108 107 107 104 93 86 81 78 76 74 72 72 71 72 72 71 71 71 72 74 76 77 77 79 81 84 84 84 83 84 86 86 84 83 83 83 83 83 83 82 82 82 81 80 80 79 79 78 77 76 76 75 74 74 73
80 80 79 78 76 76 77 76 76 76 75 74 73 72 74 74 73 71 72 76 72 58 57 61 63 64 69 74 78 81 85 87 89 93 98 103 108 109 106 105 108 111 112 112 111 104 92 83 78 75 74 73 73 72 71 71 71 71 70 70 71 72 74 75 76 78 79 79 78 79 83 87 89 88 86 86 85 85 85 84 84 83 82 82 81 80 79 78 78 77 76 75 75 74 74 73
79 78 77 77 77 77 78 77 76 77 79 80 81 86 90 88 83 78 77 75 64 56 58 62 61 62 68 73 78 83 87 88 90 92 96 100 107 111 110 109 111 115 116 117 117 113 101 89 81 76 75 74 74 74 73 71 69 69 70 71 71 71 72 74 75 74 74 74 73 74 77 81 86 90 90 90 90 90 88 87 86 85 84 83 82 80 79 79 78 77 76 75 74 74 73 73
79 78 76 75 76 77 78 76 76 78 81 84 88 92 94 93 89 83 77 71 64 61 61 60 60 62 66 70 75 81 86 90 91 91 92 97 105 112 114 114 115 117 119 120 122 120 110 97 86 79 76 74 73 72 73 73 71 69 70 71 71 70 72 74 74 73 72 71 69 71 73 73 76 83 87 90 93 93 92 91 91 89 87 84 83 81 80 79 78 77 76 75 74 74 73 72
78 76 74 73 74 75 75 75 75 77 81 84 87 90 92 91 87 81 75 68 64 66 65 60 59 62 64 67 72 79 85 90 91 88 89 96 106 113 116 117 118 119 120 122 125 126 120 107 95 86 79 75 72 70 70 71 71 71 70 70 69 70 71 72 73 72 72 70 67 68 70 70 71 73 78 84 88 90 91 93 96 95 91 87 84 82 81 80 78 77 76 75 75 74 73 72
76 74 71 71 72 72 73 74 74 76 78 80 79 80 82 84 83 79 73 66 65 69 69 61 57 59 61 62 68 78 85 89 88 83 88 99 108 113 114 117 120 121 121 123 127 130 129 118 104 93 85 79 74 71 69 68 69 70 70 69 69 70 71 71 71 71 70 69 67 66 67 69 71 72 74 78 81 84 86 88 93 98 97 91 87 84 82 80 79 78 77 76 75 74 74 73
74 72 69 70 71 71 72 73 73 74 74 74 72 71 74 78 79 76 70 66 68 72 72 65 58 58 60 59 64 75 83 85 83 78 89 102 108 108 109 115 122 123 122 125 128 131 135 130 114 99 88 82 78 75 71 68 67 68 69 68 67 69 71 71 70 70 69 68 67 65 65 67 71 73 73 74 77 81 84 85 86 92 98 97 91 86 83 81 80 79 78 77 76 75 74 73
73 71 70 72 73 73 72 71 71 71 71 70 67 68 71 76 77 69 61 64 72 77 76 69 61 58 59 58 64 75 80 80 79 78 90 101 104 104 110 115 118 118 121 128 131 132 137 141 127 107 92 83 78 76 73 70 67 67 68 67 65 66 68 68 69 70 70 68 66 64 64 67 70 72 73 73 75 77 81 83 84 86 92 98 96 90 86 83 81 80 79 78 77 76 75 74
