windninja/windninja_output/Output_2025-08-09_1100-1150_Google earth_Fire_150m_10min/merlingen_7.5mi_point_08-09-2025_1130_150m_vel.asc
ncols	158
nrows	163
xllcorner	391686.332397
yllcorner	5160024.123721
cellsize	150.000000
NODATA_value	-32768.000000
[rows 76 to 113 of 163, columns 0 to 83 of 158]
2.45 2.27 1.92 1.59 1.44 1.44 1.34 1.24 1.22 1.19 1.15 1.15 1.14 1.14 1.14 1.13 1.12 1.13 1.16 1.17 1.18 1.20 1.23 1.25 1.19 1.07 1.08 1.18 1.31 1.52 1.68 1.68 1.64 1.64 1.51 1.31 1.21 1.17 1.15 1.13 1.14 1.19 1.22 1.24 1.25 1.26 1.26 1.26 1.26 1.26 1.26 1.25 1.25 1.24 1.24 1.23 1.23 1.22 1.21 1.20 1.19 1.17 1.16 1.14 1.11 1.09 1.06 1.02 0.99 0.95 0.89 0.82 0.73 0.61 0.51 0.50 0.50 0.54 0.67 0.93 1.33 1.62 1.78 1.68
2.65 2.45 2.13 1.85 1.62 1.48 1.31 1.19 1.16 1.12 1.10 1.08 1.10 1.12 1.11 1.10 1.09 1.09 1.12 1.15 1.16 1.18 1.20 1.22 1.18 1.13 1.15 1.18 1.19 1.31 1.55 1.69 1.68 1.68 1.64 1.42 1.28 1.23 1.16 1.12 1.12 1.17 1.22 1.24 1.26 1.27 1.27 1.27 1.27 1.27 1.26 1.26 1.25 1.25 1.25 1.24 1.24 1.23 1.23 1.22 1.21 1.19 1.18 1.16 1.14 1.12 1.09 1.06 1.02 0.98 0.93 0.87 0.81 0.70 0.58 0.49 0.41 0.39 0.52 0.94 1.34 1.44 1.52 1.57
2.85 2.48 2.21 2.25 1.98 1.58 1.29 1.15 1.11 1.05 0.99 0.99 1.05 1.09 1.08 1.07 1.06 1.06 1.08 1.11 1.14 1.16 1.18 1.17 1.12 1.17 1.27 1.25 1.17 1.17 1.35 1.62 1.71 1.72 1.72 1.59 1.40 1.31 1.24 1.14 1.08 1.13 1.20 1.24 1.26 1.27 1.28 1.28 1.28 1.27 1.26 1.26 1.25 1.25 1.25 1.25 1.25 1.24 1.24 1.23 1.22 1.21 1.20 1.18 1.16 1.14 1.12 1.09 1.06 1.02 0.97 0.92 0.86 0.78 0.67 0.55 0.42 0.32 0.43 0.87 1.24 1.27 1.36 1.55
2.88 2.45 2.22 2.71 2.55 1.90 1.33 1.08 1.05 0.95 0.85 0.90 0.99 1.05 1.06 1.05 1.05 1.04 1.03 1.07 1.11 1.15 1.17 1.12 1.03 1.12 1.33 1.35 1.24 1.14 1.20 1.46 1.65 1.73 1.75 1.66 1.52 1.42 1.38 1.24 1.07 1.08 1.17 1.22 1.25 1.27 1.28 1.28 1.28 1.27 1.26 1.25 1.25 1.25 1.25 1.25 1.25 1.25 1.25 1.24 1.24 1.23 1.22 1.20 1.19 1.17 1.14 1.11 1.08 1.05 1.00 0.96 0.91 0.84 0.75 0.64 0.49 0.36 0.40 0.72 1.03 1.13 1.28 1.51
2.56 2.34 2.31 2.62 2.79 2.27 1.28 0.90 0.91 0.80 0.71 0.80 0.95 1.02 1.03 1.04 1.04 1.03 0.99 1.02 1.08 1.13 1.15 1.09 0.96 1.04 1.28 1.38 1.33 1.18 1.15 1.31 1.51 1.70 1.81 1.73 1.57 1.51 1.52 1.42 1.18 1.08 1.16 1.21 1.23 1.26 1.28 1.29 1.28 1.26 1.23 1.22 1.23 1.23 1.24 1.25 1.26 1.26 1.26 1.25 1.25 1.24 1.23 1.22 1.20 1.19 1.16 1.14 1.11 1.07 1.03 0.99 0.95 0.89 0.81 0.71 0.58 0.45 0.42 0.57 0.79 0.99 1.16 1.34
2.14 2.09 2.11 2.36 2.68 2.33 1.32 0.84 0.80 0.71 0.64 0.74 0.92 1.01 1.02 1.03 1.03 1.02 0.98 0.99 1.05 1.10 1.13 1.06 0.94 1.00 1.20 1.31 1.33 1.25 1.18 1.23 1.35 1.53 1.76 1.83 1.69 1.57 1.59 1.58 1.40 1.21 1.22 1.25 1.25 1.25 1.25 1.28 1.32 1.26 1.17 1.15 1.17 1.20 1.23 1.24 1.26 1.26 1.26 1.26 1.26 1.25 1.24 1.23 1.22 1.20 1.19 1.16 1.13 1.10 1.06 1.02 0.98 0.93 0.86 0.78 0.67 0.54 0.47 0.48 0.58 0.82 1.04 1.16
2.25 2.09 2.05 2.40 2.45 1.97 1.47 1.17 0.95 0.83 0.72 0.77 0.92 1.02 1.04 1.03 1.02 1.02 0.98 0.97 1.01 1.06 1.10 1.04 0.93 0.99 1.16 1.24 1.28 1.27 1.22 1.21 1.23 1.33 1.52 1.71 1.76 1.66 1.61 1.60 1.53 1.41 1.37 1.39 1.38 1.35 1.31 1.33 1.42 1.36 1.19 1.10 1.09 1.14 1.19 1.23 1.25 1.26 1.27 1.27 1.26 1.26 1.25 1.24 1.23 1.22 1.20 1.18 1.15 1.12 1.09 1.05 1.01 0.96 0.90 0.83 0.73 0.61 0.51 0.44 0.44 0.62 0.91 1.08
2.84 2.36 2.12 2.32 2.17 1.83 1.52 1.29 1.14 0.99 0.85 0.86 0.95 1.02 1.06 1.03 1.03 1.04 0.99 0.97 0.98 1.01 1.05 1.01 0.90 0.98 1.14 1.19 1.23 1.28 1.27 1.24 1.24 1.28 1.36 1.48 1.61 1.64 1.61 1.56 1.51 1.47 1.45 1.49 1.52 1.52 1.49 1.48 1.55 1.56 1.43 1.25 1.12 1.10 1.16 1.22 1.25 1.27 1.27 1.27 1.27 1.26 1.26 1.25 1.24 1.23 1.22 1.20 1.17 1.15 1.11 1.07 1.03 0.99 0.94 0.87 0.78 0.67 0.55 0.42 0.35 0.44 0.72 1.00
2.95 2.58 2.18 2.22 2.16 1.91 1.55 1.29 1.21 1.08 0.97 0.94 0.96 1.05 1.09 1.05 1.04 1.06 1.03 0.98 0.98 0.96 0.99 0.99 0.89 0.90 1.08 1.17 1.19 1.26 1.29 1.28 1.29 1.33 1.38 1.43 1.49 1.53 1.53 1.49 1.44 1.40 1.39 1.40 1.45 1.48 1.48 1.47 1.49 1.53 1.52 1.46 1.32 1.18 1.16 1.22 1.25 1.27 1.27 1.27 1.27 1.27 1.26 1.26 1.25 1.24 1.23 1.21 1.19 1.16 1.13 1.10 1.06 1.02 0.97 0.91 0.82 0.72 0.60 0.45 0.32 0.35 0.51 0.81
3.11 2.77 2.30 2.22 2.21 1.99 1.58 1.34 1.27 1.16 1.05 0.99 0.97 1.05 1.13 1.12 1.07 1.10 1.09 1.03 0.99 0.94 0.93 0.95 0.89 0.83 0.95 1.11 1.16 1.21 1.25 1.28 1.29 1.36 1.48 1.52 1.52 1.53 1.49 1.42 1.36 1.34 1.35 1.36 1.39 1.43 1.45 1.45 1.42 1.37 1.36 1.40 1.39 1.28 1.21 1.23 1.26 1.27 1.27 1.27 1.27 1.26 1.26 1.26 1.26 1.25 1.24 1.23 1.21 1.18 1.15 1.12 1.09 1.05 1.00 0.94 0.86 0.76 0.64 0.48 0.32 0.31 0.37 0.71
3.36 2.95 2.37 2.20 2.19 2.03 1.63 1.45 1.41 1.25 1.10 1.01 1.00 1.04 1.15 1.17 1.13 1.17 1.16 1.10 1.02 0.95 0.94 0.93 0.84 0.76 0.86 1.04 1.15 1.16 1.17 1.23 1.24 1.28 1.47 1.60 1.65 1.69 1.64 1.49 1.33 1.26 1.30 1.37 1.43 1.47 1.51 1.51 1.46 1.34 1.25 1.26 1.31 1.30 1.25 1.24 1.26 1.26 1.26 1.26 1.26 1.26 1.26 1.26 1.26 1.25 1.25 1.24 1.22 1.20 1.17 1.14 1.11 1.07 1.03 0.97 0.90 0.80 0.67 0.50 0.29 0.22 0.28 0.74
3.62 3.04 2.41 2.20 2.07 2.00 1.77 1.60 1.57 1.43 1.16 1.04 1.05 1.04 1.14 1.19 1.18 1.26 1.27 1.20 1.09 0.99 1.01 0.97 0.73 0.62 0.81 1.01 1.14 1.17 1.15 1.19 1.19 1.16 1.27 1.46 1.60 1.76 1.85 1.76 1.53 1.29 1.23 1.32 1.45 1.53 1.58 1.58 1.54 1.41 1.25 1.19 1.22 1.26 1.26 1.25 1.25 1.25 1.24 1.24 1.24 1.24 1.24 1.25 1.26 1.26 1.25 1.25 1.23 1.22 1.19 1.16 1.13 1.09 1.05 1.00 0.93 0.84 0.72 0.55 0.31 0.12 0.17 0.60
3.73 3.10 2.40 2.16 1.94 1.92 1.93 1.83 1.74 1.62 1.31 1.12 1.08 1.04 1.14 1.22 1.24 1.36 1.41 1.36 1.18 1.09 1.15 0.99 0.61 0.53 0.78 1.00 1.13 1.20 1.20 1.20 1.21 1.17 1.15 1.21 1.32 1.53 1.78 1.90 1.80 1.54 1.31 1.28 1.41 1.56 1.66 1.66 1.61 1.52 1.35 1.22 1.18 1.22 1.27 1.28 1.28 1.26 1.21 1.19 1.19 1.20 1.22 1.24 1.25 1.26 1.26 1.25 1.24 1.23 1.21 1.18 1.15 1.12 1.08 1.03 0.97 0.89 0.78 0.63 0.41 0.21 0.26 0.59
3.51 3.05 2.39 2.09 1.88 1.80 1.91 1.98 1.90 1.84 1.63 1.27 1.10 1.08 1.13 1.20 1.31 1.46 1.55 1.51 1.30 1.21 1.19 0.93 0.59 0.58 0.79 1.00 1.12 1.20 1.24 1.25 1.26 1.25 1.21 1.18 1.16 1.24 1.51 1.77 1.82 1.69 1.47 1.32 1.35 1.50 1.68 1.75 1.68 1.57 1.46 1.33 1.23 1.22 1.27 1.34 1.38 1.36 1.28 1.15 1.08 1.12 1.19 1.22 1.25 1.26 1.26 1.26 1.26 1.24 1.22 1.20 1.17 1.14 1.10 1.06 1.01 0.94 0.84 0.72 0.56 0.39 0.39 0.62
3.21 2.86 2.38 2.11 1.89 1.70 1.72 1.89 1.96 2.06 1.96 1.46 1.14 1.13 1.14 1.18 1.34 1.57 1.75 1.72 1.45 1.24 1.07 0.88 0.72 0.70 0.85 1.02 1.12 1.20 1.25 1.28 1.28 1.28 1.30 1.29 1.20 1.15 1.30 1.61 1.78 1.70 1.55 1.39 1.33 1.40 1.57 1.76 1.78 1.64 1.50 1.38 1.28 1.23 1.24 1.36 1.48 1.53 1.49 1.20 0.97 1.02 1.14 1.21 1.24 1.26 1.27 1.27 1.26 1.25 1.24 1.22 1.19 1.17 1.13 1.09 1.05 0.99 0.91 0.82 0.70 0.56 0.51 0.65
2.98 2.69 2.41 2.33 2.13 1.79 1.62 1.73 1.95 2.22 2.22 1.74 1.35 1.28 1.28 1.31 1.42 1.62 1.93 1.99 1.49 1.05 0.94 0.97 0.87 0.83 0.94 1.06 1.14 1.21 1.26 1.30 1.30 1.28 1.31 1.36 1.30 1.21 1.20 1.40 1.71 1.78 1.65 1.48 1.36 1.35 1.46 1.66 1.79 1.74 1.56 1.39 1.28 1.18 1.14 1.30 1.51 1.63 1.69 1.42 1.02 0.97 1.10 1.19 1.24 1.26 1.27 1.27 1.27 1.26 1.25 1.23 1.21 1.19 1.16 1.13 1.09 1.04 0.98 0.91 0.82 0.71 0.64 0.70
2.64 2.48 2.38 2.50 2.54 2.29 2.02 2.03 2.30 2.68 2.64 2.06 1.64 1.49 1.41 1.41 1.48 1.67 2.10 2.23 1.64 0.90 0.92 1.01 0.93 0.92 1.02 1.11 1.17 1.22 1.27 1.31 1.32 1.29 1.29 1.33 1.33 1.29 1.22 1.22 1.47 1.78 1.82 1.64 1.44 1.35 1.40 1.56 1.73 1.78 1.64 1.42 1.25 1.10 0.97 1.11 1.43 1.60 1.72 1.63 1.27 1.06 1.10 1.19 1.23 1.26 1.27 1.28 1.28 1.27 1.26 1.25 1.23 1.21 1.19 1.16 1.12 1.09 1.04 0.99 0.93 0.85 0.79 0.79
2.21 2.14 2.12 2.31 2.52 2.51 2.39 2.35 2.52 2.97 3.24 2.85 2.43 2.30 2.22 2.15 2.00 2.03 2.32 2.44 2.04 1.19 1.06 1.06 0.99 0.99 1.07 1.15 1.21 1.25 1.29 1.34 1.34 1.29 1.26 1.29 1.32 1.32 1.28 1.21 1.23 1.55 1.90 1.86 1.60 1.43 1.39 1.50 1.69 1.81 1.77 1.51 1.19 1.03 0.90 0.92 1.24 1.46 1.57 1.60 1.42 1.18 1.13 1.20 1.23 1.26 1.28 1.28 1.28 1.28 1.27 1.26 1.25 1.23 1.21 1.19 1.16 1.13 1.10 1.06 1.02 0.97 0.93 0.91
1.87 1.86 1.86 1.97 2.16 2.15 2.04 1.88 1.79 2.27 3.03 3.17 3.00 2.87 2.83 2.79 2.66 2.55 2.70 2.69 2.23 1.78 1.48 1.25 1.08 1.06 1.11 1.18 1.24 1.29 1.34 1.40 1.39 1.27 1.20 1.24 1.30 1.31 1.30 1.24 1.13 1.26 1.73 2.02 1.86 1.65 1.53 1.53 1.69 1.82 1.91 1.67 1.12 1.00 0.99 0.97 1.14 1.32 1.40 1.46 1.40 1.23 1.17 1.21 1.24 1.26 1.27 1.28 1.29 1.28 1.28 1.27 1.26 1.25 1.23 1.22 1.20 1.17 1.15 1.12 1.09 1.07 1.05 1.04
1.53 1.65 1.75 1.83 1.99 1.91 1.65 1.30 1.02 1.31 1.98 2.37 2.28 1.95 1.90 2.19 2.57 2.80 3.10 2.77 2.24 2.13 1.76 1.38 1.13 1.08 1.12 1.17 1.24 1.33 1.44 1.52 1.48 1.30 1.16 1.20 1.27 1.30 1.29 1.24 1.10 1.05 1.38 1.86 2.02 1.96 1.83 1.74 1.77 1.85 1.97 1.81 1.27 1.08 1.12 1.10 1.14 1.23 1.27 1.33 1.35 1.23 1.19 1.22 1.24 1.25 1.27 1.28 1.29 1.29 1.29 1.28 1.27 1.26 1.25 1.24 1.23 1.21 1.19 1.17 1.15 1.14 1.14 1.14
1.13 1.41 1.68 1.80 2.00 1.97 1.70 1.26 0.89 0.86 1.23 1.58 1.57 1.51 1.56 1.99 2.34 2.94 3.33 2.52 2.13 2.22 1.94 1.48 1.13 1.03 1.06 1.15 1.20 1.29 1.49 1.61 1.58 1.40 1.21 1.19 1.25 1.28 1.27 1.23 1.10 0.95 1.07 1.44 1.78 1.93 1.99 1.98 1.95 1.97 2.00 1.91 1.57 1.27 1.26 1.24 1.19 1.21 1.21 1.24 1.27 1.21 1.19 1.22 1.23 1.24 1.25 1.27 1.29 1.29 1.29 1.28 1.28 1.28 1.27 1.26 1.25 1.24 1.23 1.22 1.21 1.20 1.20 1.21
0.86 1.18 1.56 1.70 1.92 2.04 1.91 1.58 1.19 0.98 1.07 1.10 1.10 1.36 1.60 1.99 2.38 2.97 3.32 2.74 2.33 2.30 2.25 1.72 1.13 0.94 0.99 1.10 1.18 1.26 1.43 1.56 1.61 1.51 1.31 1.22 1.25 1.26 1.23 1.20 1.12 0.95 0.91 1.16 1.44 1.61 1.80 1.95 2.00 2.00 1.96 1.93 1.76 1.47 1.39 1.39 1.30 1.23 1.20 1.20 1.18 1.16 1.17 1.20 1.21 1.22 1.23 1.25 1.28 1.29 1.29 1.29 1.29 1.29 1.29 1.28 1.27 1.27 1.26 1.25 1.24 1.24 1.24 1.25
0.66 0.96 1.39 1.47 1.65 1.87 1.88 1.77 1.57 1.30 1.15 1.01 0.94 1.16 1.60 2.06 2.48 2.78 2.58 2.61 2.59 2.51 2.55 1.97 1.19 0.96 1.03 1.11 1.20 1.32 1.43 1.49 1.55 1.54 1.40 1.30 1.30 1.28 1.19 1.14 1.10 0.98 0.87 1.03 1.28 1.42 1.59 1.84 1.96 1.95 1.88 1.87 1.82 1.63 1.50 1.49 1.45 1.33 1.24 1.21 1.17 1.15 1.17 1.17 1.17 1.18 1.20 1.23 1.26 1.28 1.28 1.28 1.29 1.30 1.30 1.29 1.29 1.29 1.28 1.28 1.27 1.27 1.28 1.29
0.57 0.86 1.25 1.31 1.41 1.50 1.50 1.61 1.63 1.45 1.33 1.17 1.02 1.14 1.59 2.15 2.48 2.33 2.04 2.14 2.47 2.66 2.67 2.23 1.47 1.20 1.19 1.20 1.25 1.38 1.47 1.48 1.50 1.50 1.43 1.38 1.38 1.35 1.22 1.09 1.04 0.97 0.87 0.93 1.19 1.41 1.56 1.76 1.90 1.92 1.88 1.83 1.82 1.77 1.64 1.57 1.55 1.49 1.34 1.24 1.22 1.22 1.23 1.19 1.15 1.13 1.14 1.18 1.22 1.26 1.28 1.28 1.29 1.30 1.30 1.30 1.30 1.30 1.30 1.29 1.30 1.30 1.30 1.31
0.76 0.96 1.26 1.35 1.38 1.38 1.39 1.47 1.52 1.44 1.41 1.30 1.16 1.25 1.55 2.02 2.38 2.13 1.76 1.83 2.18 2.53 2.59 2.11 1.63 1.43 1.38 1.32 1.32 1.43 1.52 1.55 1.52 1.48 1.41 1.38 1.39 1.40 1.33 1.12 0.97 0.93 0.85 0.83 1.06 1.36 1.55 1.68 1.79 1.86 1.90 1.83 1.78 1.81 1.78 1.69 1.63 1.63 1.49 1.29 1.24 1.29 1.34 1.31 1.22 1.13 1.10 1.11 1.16 1.23 1.26 1.28 1.29 1.30 1.31 1.31 1.31 1.31 1.31 1.31 1.31 1.31 1.31 1.32
0.98 1.10 1.32 1.42 1.39 1.39 1.42 1.44 1.44 1.41 1.42 1.34 1.24 1.34 1.59 1.93 2.29 2.10 1.67 1.89 2.27 2.44 2.33 2.05 1.75 1.57 1.51 1.44 1.40 1.47 1.60 1.65 1.61 1.54 1.43 1.35 1.33 1.38 1.40 1.21 0.95 0.88 0.83 0.77 0.90 1.21 1.48 1.60 1.67 1.77 1.86 1.86 1.79 1.78 1.82 1.77 1.70 1.74 1.67 1.43 1.28 1.29 1.39 1.44 1.37 1.22 1.13 1.08 1.09 1.18 1.25 1.26 1.27 1.29 1.30 1.31 1.31 1.31 1.31 1.31 1.31 1.32 1.32 1.33
1.18 1.24 1.37 1.44 1.42 1.42 1.45 1.45 1.42 1.40 1.40 1.34 1.23 1.27 1.57 1.95 2.24 2.16 1.92 2.16 2.49 2.25 2.13 2.09 1.89 1.73 1.63 1.53 1.46 1.53 1.68 1.76 1.74 1.67 1.53 1.37 1.30 1.35 1.40 1.26 0.99 0.85 0.81 0.74 0.76 1.01 1.35 1.54 1.61 1.69 1.78 1.84 1.82 1.80 1.83 1.77 1.73 1.77 1.78 1.66 1.44 1.34 1.39 1.49 1.51 1.36 1.21 1.12 1.09 1.16 1.26 1.27 1.24 1.26 1.29 1.30 1.31 1.31 1.31 1.31 1.31 1.32 1.32 1.33
1.37 1.38 1.42 1.45 1.46 1.46 1.47 1.45 1.43 1.40 1.37 1.32 1.17 1.09 1.25 1.63 2.04 2.06 1.97 2.35 2.61 2.32 2.18 2.15 2.00 1.90 1.84 1.68 1.54 1.62 1.74 1.82 1.86 1.80 1.66 1.48 1.35 1.33 1.35 1.26 1.03 0.85 0.79 0.73 0.68 0.80 1.11 1.38 1.53 1.64 1.72 1.80 1.80 1.79 1.86 1.84 1.77 1.77 1.79 1.77 1.64 1.49 1.45 1.53 1.60 1.50 1.31 1.19 1.14 1.21 1.35 1.33 1.21 1.20 1.26 1.29 1.30 1.30 1.30 1.30 1.30 1.31 1.31 1.32
1.50 1.48 1.48 1.49 1.50 1.50 1.49 1.45 1.44 1.42 1.37 1.30 1.16 1.07 1.12 1.34 1.77 1.90 1.90 2.25 2.45 2.41 2.37 2.26 2.11 2.06 2.10 1.96 1.75 1.79 1.81 1.85 1.94 1.91 1.78 1.64 1.47 1.34 1.30 1.24 1.06 0.88 0.79 0.73 0.66 0.66 0.86 1.13 1.34 1.55 1.69 1.76 1.79 1.75 1.77 1.82 1.83 1.82 1.82 1.79 1.71 1.59 1.52 1.58 1.65 1.61 1.45 1.29 1.23 1.31 1.48 1.49 1.31 1.20 1.22 1.28 1.28 1.27 1.26 1.27 1.28 1.28 1.28 1.29
1.58 1.54 1.52 1.56 1.57 1.56 1.51 1.45 1.46 1.50 1.44 1.33 1.23 1.15 1.16 1.29 1.57 1.75 1.82 1.99 2.12 2.23 2.36 2.32 2.22 2.22 2.32 2.25 2.09 2.07 1.97 1.94 1.95 1.94 1.91 1.84 1.66 1.41 1.29 1.21 1.07 0.89 0.79 0.74 0.65 0.59 0.68 0.88 1.10 1.37 1.62 1.73 1.80 1.82 1.76 1.73 1.77 1.83 1.88 1.86 1.76 1.66 1.61 1.61 1.64 1.65 1.54 1.36 1.30 1.39 1.55 1.65 1.59 1.36 1.28 1.33 1.31 1.24 1.22 1.25 1.25 1.23 1.23 1.26
1.64 1.58 1.55 1.61 1.67 1.66 1.58 1.49 1.49 1.59 1.56 1.44 1.34 1.24 1.22 1.27 1.44 1.62 1.67 1.76 1.93 2.11 2.15 2.19 2.29 2.34 2.43 2.49 2.49 2.40 2.25 2.11 1.92 1.89 2.07 2.13 1.87 1.50 1.29 1.17 1.04 0.88 0.81 0.75 0.64 0.55 0.55 0.67 0.86 1.11 1.44 1.63 1.75 1.88 1.90 1.79 1.72 1.76 1.86 1.92 1.84 1.73 1.70 1.69 1.65 1.65 1.60 1.41 1.32 1.46 1.59 1.68 1.77 1.68 1.53 1.50 1.40 1.25 1.23 1.29 1.25 1.15 1.14 1.20
1.64 1.61 1.59 1.65 1.74 1.75 1.69 1.56 1.55 1.70 1.71 1.59 1.49 1.40 1.36 1.31 1.38 1.50 1.51 1.56 1.83 2.12 1.96 1.84 2.17 2.44 2.48 2.59 2.85 2.79 2.50 2.22 1.81 1.86 2.32 2.40 1.98 1.49 1.28 1.18 1.00 0.87 0.82 0.74 0.63 0.54 0.46 0.51 0.68 0.89 1.19 1.44 1.57 1.75 1.92 1.94 1.83 1.77 1.82 1.90 1.92 1.83 1.74 1.74 1.73 1.68 1.66 1.50 1.32 1.42 1.65 1.72 1.76 1.82 1.77 1.69 1.56 1.36 1.30 1.40 1.34 1.12 1.04 1.10
1.57 1.58 1.62 1.71 1.76 1.80 1.82 1.71 1.66 1.77 1.86 1.74 1.57 1.54 1.56 1.46 1.40 1.41 1.42 1.49 1.75 2.08 1.90 1.55 1.79 2.29 2.46 2.50 3.00 3.20 2.67 2.30 1.79 1.93 2.63 2.53 1.91 1.44 1.34 1.24 0.96 0.84 0.83 0.74 0.62 0.53 0.43 0.39 0.51 0.73 1.02 1.27 1.41 1.55 1.74 1.91 1.96 1.90 1.85 1.87 1.97 1.99 1.82 1.73 1.76 1.71 1.67 1.61 1.40 1.34 1.60 1.83 1.83 1.82 1.87 1.86 1.75 1.56 1.38 1.45 1.48 1.25 1.03 1.00
1.50 1.50 1.60 1.72 1.75 1.79 1.82 1.81 1.76 1.76 1.88 1.85 1.64 1.63 1.72 1.65 1.45 1.31 1.43 1.68 1.90 2.03 1.81 1.43 1.41 1.91 2.30 2.38 2.94 3.34 2.82 2.42 2.02 2.13 2.86 2.58 1.83 1.52 1.43 1.24 0.88 0.84 0.88 0.74 0.60 0.52 0.43 0.33 0.34 0.55 0.84 1.14 1.35 1.46 1.56 1.72 1.91 1.99 1.92 1.85 1.96 2.14 2.03 1.80 1.80 1.77 1.64 1.61 1.51 1.35 1.48 1.84 1.97 1.87 1.89 1.92 1.90 1.77 1.54 1.48 1.54 1.46 1.17 0.97
1.44 1.46 1.58 1.66 1.67 1.68 1.69 1.73 1.76 1.76 1.86 1.88 1.70 1.69 1.83 1.80 1.44 1.12 1.40 1.90 2.21 2.13 1.67 1.33 1.22 1.46 1.94 2.28 2.98 3.42 2.94 2.51 2.27 2.47 3.05 2.69 1.95 1.68 1.44 1.08 0.85 0.94 0.96 0.73 0.59 0.54 0.43 0.29 0.23 0.37 0.62 0.92 1.22 1.44 1.52 1.58 1.75 1.97 1.98 1.81 1.84 2.11 2.20 1.99 1.91 1.91 1.72 1.56 1.50 1.41 1.44 1.77 2.04 1.99 1.95 1.96 1.95 1.91 1.75 1.61 1.56 1.56 1.37 1.07
1.39 1.45 1.58 1.65 1.65 1.65 1.66 1.69 1.73 1.74 1.83 1.91 1.74 1.69 1.89 1.90 1.39 0.93 1.26 1.93 2.48 2.45 1.66 1.19 1.16 1.26 1.49 1.88 2.70 3.46 3.31 2.65 2.35 2.70 3.22 2.86 2.16 1.74 1.33 0.96 0.89 1.04 1.05 0.76 0.60 0.53 0.40 0.28 0.21 0.23 0.42 0.68 0.99 1.33 1.51 1.52 1.62 1.88 2.01 1.84 1.74 1.96 2.17 2.15 2.07 2.10 1.99 1.68 1.46 1.39 1.42 1.68 1.99 2.06 2.04 2.06 2.00 1.97 1.93 1.80 1.67 1.62 1.48 1.22
1.40 1.45 1.56 1.66 1.67 1.65 1.67 1.71 1.73 1.72 1.82 2.05 1.90 1.69 1.88 1.95 1.35 0.79 1.06 1.81 2.56 2.85 2.08 1.16 1.12 1.33 1.29 1.35 1.90 2.95 3.53 3.13 2.55 2.79 3.25 2.94 2.29 1.73 1.19 0.97 0.93 1.05 1.16 1.00 0.65 0.47 0.35 0.27 0.24 0.18 0.23 0.46 0.78 1.16 1.43 1.47 1.53 1.79 2.03 1.96 1.78 1.85 2.06 2.13 2.12 2.19 2.22 2.03 1.67 1.43 1.40 1.59 1.88 2.03 2.09 2.14 2.08 2.01 2.05 2.04 1.87 1.73 1.54 1.32
1.52 1.51 1.54 1.64 1.68 1.63 1.61 1.66 1.72 1.73 1.80 2.11 2.07 1.76 1.92 2.02 1.35 0.69 0.91 1.58 2.37 3.05 2.75 1.52 1.21 1.53 1.44 1.36 1.42 1.96 3.02 3.47 3.18 3.13 3.33 2.90 2.25 1.71 1.22 1.03 0.95 1.05 1.26 1.21 0.74 0.38 0.28 0.23 0.21 0.19 0.10 0.22 0.56 0.99 1.33 1.42 1.44 1.65 1.96 2.03 1.89 1.84 2.00 2.11 2.05 2.13 2.28 2.27 2.09 1.76 1.58 1.66 1.83 1.97 2.13 2.23 2.16 2.04 2.05 2.16 2.18 1.95 1.60 1.41
