windninja/windninja_output/Output_2025-08-09_1100-1150_Google earth_Fire_150m_10min/merlingen_7.5mi_point_08-09-2025_1120_150m_vel.asc
ncols	158
nrows	163
xllcorner	391686.332397
yllcorner	5160024.123721
cellsize	150.000000
NODATA_value	-32768.000000
[rows 76 to 113 of 163, columns 0 to 83 of 158]
2.20 2.10 1.87 1.61 1.51 1.55 1.47 1.38 1.35 1.31 1.27 1.25 1.24 1.23 1.22 1.21 1.18 1.19 1.21 1.22 1.21 1.24 1.25 1.26 1.19 1.07 1.09 1.22 1.33 1.50 1.64 1.64 1.61 1.62 1.52 1.33 1.24 1.23 1.20 1.17 1.18 1.22 1.26 1.27 1.29 1.30 1.30 1.30 1.31 1.31 1.30 1.30 1.30 1.29 1.29 1.28 1.28 1.27 1.26 1.25 1.24 1.23 1.21 1.19 1.17 1.15 1.12 1.09 1.05 1.01 0.95 0.88 0.80 0.68 0.59 0.57 0.53 0.51 0.61 0.96 1.47 1.77 1.86 1.70
2.30 2.20 2.02 1.82 1.68 1.60 1.46 1.35 1.33 1.29 1.25 1.21 1.21 1.23 1.21 1.19 1.17 1.17 1.19 1.20 1.20 1.22 1.24 1.24 1.17 1.11 1.17 1.24 1.24 1.34 1.54 1.66 1.65 1.66 1.64 1.44 1.31 1.27 1.22 1.17 1.16 1.20 1.25 1.27 1.29 1.31 1.31 1.32 1.32 1.32 1.31 1.31 1.31 1.30 1.30 1.29 1.29 1.28 1.28 1.27 1.26 1.25 1.23 1.22 1.20 1.17 1.15 1.12 1.08 1.04 0.99 0.93 0.86 0.77 0.65 0.56 0.47 0.39 0.53 1.03 1.47 1.52 1.55 1.58
2.39 2.14 2.04 2.18 2.01 1.69 1.46 1.35 1.34 1.28 1.19 1.15 1.18 1.21 1.20 1.18 1.16 1.15 1.16 1.17 1.19 1.21 1.24 1.20 1.10 1.13 1.28 1.30 1.24 1.21 1.35 1.59 1.67 1.68 1.71 1.57 1.40 1.33 1.28 1.20 1.13 1.17 1.24 1.27 1.30 1.31 1.32 1.33 1.33 1.33 1.32 1.32 1.31 1.31 1.30 1.30 1.30 1.29 1.29 1.28 1.27 1.26 1.25 1.24 1.22 1.20 1.17 1.14 1.11 1.07 1.02 0.97 0.91 0.84 0.73 0.61 0.48 0.37 0.49 0.97 1.34 1.29 1.35 1.54
2.29 1.99 1.99 2.58 2.59 2.07 1.57 1.36 1.36 1.23 1.08 1.07 1.14 1.18 1.18 1.17 1.16 1.14 1.12 1.14 1.18 1.21 1.23 1.16 1.02 1.10 1.34 1.38 1.28 1.17 1.21 1.46 1.62 1.70 1.74 1.65 1.49 1.41 1.39 1.29 1.13 1.13 1.22 1.27 1.30 1.32 1.34 1.34 1.34 1.34 1.33 1.32 1.31 1.31 1.31 1.30 1.30 1.30 1.30 1.29 1.29 1.28 1.27 1.25 1.24 1.22 1.19 1.17 1.14 1.10 1.05 1.00 0.96 0.89 0.80 0.68 0.54 0.42 0.48 0.80 1.07 1.11 1.24 1.47
1.92 1.82 2.01 2.47 2.84 2.54 1.66 1.28 1.27 1.11 0.94 0.97 1.09 1.16 1.16 1.16 1.16 1.13 1.09 1.11 1.16 1.20 1.22 1.13 0.98 1.06 1.31 1.40 1.34 1.20 1.17 1.34 1.50 1.66 1.77 1.70 1.53 1.47 1.50 1.43 1.20 1.12 1.21 1.26 1.29 1.32 1.34 1.36 1.37 1.35 1.32 1.30 1.30 1.30 1.30 1.30 1.31 1.31 1.31 1.30 1.30 1.29 1.28 1.27 1.25 1.24 1.22 1.19 1.16 1.12 1.08 1.03 0.99 0.93 0.85 0.75 0.62 0.49 0.48 0.62 0.77 0.93 1.10 1.28
1.52 1.65 1.95 2.38 2.89 2.54 1.43 1.01 1.04 0.92 0.81 0.88 1.05 1.13 1.15 1.14 1.14 1.12 1.08 1.09 1.14 1.19 1.21 1.12 0.98 1.04 1.26 1.36 1.36 1.27 1.21 1.28 1.37 1.52 1.71 1.77 1.62 1.51 1.55 1.54 1.37 1.21 1.25 1.30 1.31 1.33 1.34 1.37 1.43 1.40 1.30 1.26 1.26 1.27 1.29 1.30 1.31 1.31 1.31 1.31 1.31 1.30 1.29 1.28 1.27 1.25 1.24 1.21 1.18 1.15 1.11 1.06 1.02 0.97 0.90 0.81 0.70 0.57 0.50 0.48 0.52 0.73 0.96 1.09
1.69 1.77 2.08 2.67 2.76 2.01 1.30 1.00 0.87 0.81 0.74 0.83 1.02 1.12 1.15 1.13 1.13 1.13 1.09 1.08 1.12 1.17 1.19 1.11 0.98 1.05 1.24 1.30 1.32 1.31 1.27 1.27 1.29 1.37 1.53 1.68 1.70 1.60 1.57 1.56 1.47 1.35 1.34 1.38 1.40 1.40 1.37 1.40 1.51 1.48 1.33 1.23 1.20 1.22 1.26 1.29 1.31 1.32 1.32 1.32 1.31 1.31 1.30 1.29 1.28 1.27 1.25 1.23 1.20 1.17 1.13 1.09 1.05 1.00 0.94 0.86 0.76 0.63 0.52 0.41 0.34 0.52 0.82 1.00
2.64 2.29 2.25 2.52 2.25 1.73 1.35 1.09 0.95 0.86 0.79 0.87 1.01 1.11 1.15 1.13 1.13 1.15 1.11 1.09 1.12 1.14 1.17 1.11 0.98 1.05 1.22 1.27 1.28 1.32 1.31 1.29 1.29 1.34 1.41 1.51 1.62 1.62 1.59 1.53 1.46 1.40 1.39 1.43 1.47 1.49 1.46 1.47 1.57 1.58 1.46 1.31 1.20 1.17 1.22 1.27 1.31 1.32 1.32 1.32 1.32 1.32 1.31 1.30 1.29 1.28 1.27 1.25 1.22 1.19 1.16 1.12 1.08 1.03 0.98 0.90 0.81 0.69 0.56 0.39 0.24 0.31 0.61 0.89
2.99 2.61 2.20 2.17 2.02 1.76 1.38 1.12 1.06 0.97 0.92 0.95 1.01 1.11 1.17 1.14 1.14 1.18 1.15 1.13 1.13 1.12 1.13 1.11 1.01 1.02 1.17 1.24 1.24 1.30 1.32 1.30 1.30 1.35 1.41 1.47 1.54 1.57 1.56 1.50 1.43 1.39 1.37 1.40 1.45 1.49 1.50 1.51 1.55 1.55 1.51 1.44 1.33 1.21 1.20 1.27 1.31 1.32 1.33 1.33 1.33 1.32 1.32 1.31 1.30 1.29 1.28 1.26 1.24 1.21 1.18 1.14 1.10 1.06 1.01 0.94 0.85 0.74 0.60 0.41 0.20 0.19 0.37 0.73
3.32 2.86 2.25 2.14 2.09 1.85 1.43 1.21 1.17 1.09 1.04 1.01 1.00 1.10 1.19 1.19 1.16 1.21 1.21 1.18 1.16 1.12 1.11 1.13 1.06 0.97 1.07 1.19 1.23 1.27 1.28 1.29 1.29 1.34 1.47 1.53 1.55 1.58 1.54 1.47 1.40 1.36 1.37 1.39 1.44 1.49 1.53 1.55 1.53 1.47 1.42 1.43 1.40 1.30 1.24 1.27 1.31 1.33 1.33 1.33 1.33 1.32 1.32 1.31 1.31 1.30 1.29 1.28 1.26 1.23 1.20 1.17 1.13 1.09 1.04 0.98 0.89 0.78 0.65 0.45 0.20 0.13 0.23 0.72
3.60 3.05 2.33 2.15 2.10 1.90 1.50 1.34 1.34 1.23 1.10 1.02 1.02 1.09 1.20 1.22 1.20 1.26 1.28 1.25 1.20 1.14 1.15 1.17 1.07 0.92 0.97 1.13 1.23 1.23 1.21 1.26 1.25 1.26 1.43 1.56 1.60 1.66 1.65 1.54 1.40 1.32 1.33 1.40 1.47 1.53 1.59 1.61 1.57 1.45 1.35 1.34 1.36 1.34 1.29 1.30 1.32 1.33 1.34 1.33 1.33 1.32 1.32 1.32 1.31 1.31 1.30 1.29 1.27 1.25 1.22 1.19 1.16 1.12 1.07 1.01 0.93 0.83 0.70 0.51 0.25 0.12 0.24 0.84
3.73 3.07 2.39 2.16 2.00 1.89 1.64 1.50 1.51 1.40 1.14 1.04 1.08 1.07 1.18 1.23 1.22 1.33 1.38 1.35 1.25 1.18 1.26 1.29 1.03 0.79 0.89 1.08 1.20 1.22 1.19 1.23 1.23 1.20 1.30 1.44 1.54 1.69 1.79 1.74 1.55 1.34 1.27 1.35 1.48 1.58 1.65 1.66 1.63 1.51 1.34 1.28 1.29 1.32 1.33 1.33 1.34 1.34 1.33 1.33 1.32 1.31 1.31 1.31 1.31 1.31 1.31 1.30 1.29 1.27 1.24 1.22 1.18 1.14 1.10 1.05 0.98 0.89 0.76 0.59 0.37 0.26 0.37 0.82
3.65 3.07 2.39 2.12 1.86 1.79 1.78 1.70 1.64 1.54 1.27 1.13 1.11 1.05 1.15 1.22 1.25 1.40 1.51 1.50 1.35 1.30 1.48 1.38 0.89 0.59 0.80 1.04 1.16 1.21 1.22 1.24 1.26 1.24 1.23 1.28 1.35 1.51 1.74 1.85 1.76 1.53 1.32 1.31 1.44 1.59 1.71 1.72 1.68 1.59 1.43 1.30 1.26 1.30 1.34 1.36 1.38 1.37 1.33 1.31 1.29 1.28 1.29 1.30 1.31 1.32 1.32 1.31 1.30 1.29 1.26 1.24 1.21 1.17 1.13 1.09 1.03 0.95 0.84 0.70 0.52 0.42 0.54 0.87
3.36 2.97 2.36 2.03 1.79 1.68 1.77 1.82 1.74 1.72 1.58 1.28 1.10 1.05 1.11 1.17 1.29 1.50 1.65 1.68 1.53 1.56 1.61 1.22 0.58 0.45 0.74 1.00 1.12 1.20 1.25 1.27 1.29 1.29 1.28 1.27 1.25 1.31 1.54 1.78 1.82 1.68 1.47 1.34 1.38 1.53 1.71 1.79 1.74 1.63 1.51 1.38 1.29 1.28 1.33 1.39 1.45 1.46 1.42 1.31 1.21 1.22 1.26 1.29 1.31 1.32 1.32 1.32 1.31 1.30 1.28 1.26 1.23 1.20 1.17 1.13 1.07 1.01 0.92 0.81 0.68 0.58 0.65 0.90
3.11 2.78 2.30 2.02 1.82 1.63 1.62 1.74 1.77 1.90 1.88 1.42 1.08 1.06 1.08 1.12 1.31 1.58 1.87 1.99 1.87 1.72 1.39 0.85 0.48 0.47 0.75 0.99 1.11 1.20 1.26 1.30 1.31 1.31 1.34 1.36 1.28 1.23 1.36 1.64 1.80 1.72 1.57 1.42 1.38 1.45 1.61 1.80 1.83 1.70 1.56 1.45 1.34 1.28 1.26 1.37 1.50 1.60 1.63 1.38 1.11 1.11 1.21 1.27 1.30 1.32 1.33 1.33 1.33 1.32 1.30 1.28 1.26 1.23 1.20 1.17 1.12 1.07 1.00 0.92 0.83 0.74 0.73 0.90
2.92 2.60 2.25 2.15 1.99 1.69 1.51 1.56 1.70 2.01 2.08 1.60 1.17 1.12 1.13 1.18 1.33 1.59 2.04 2.36 2.04 1.46 0.90 0.71 0.57 0.59 0.81 1.01 1.12 1.20 1.27 1.32 1.33 1.31 1.35 1.41 1.35 1.28 1.27 1.44 1.73 1.79 1.67 1.52 1.41 1.41 1.52 1.72 1.85 1.81 1.64 1.49 1.37 1.25 1.15 1.28 1.51 1.68 1.78 1.51 1.08 1.03 1.16 1.25 1.30 1.32 1.33 1.34 1.34 1.33 1.32 1.30 1.28 1.26 1.23 1.20 1.17 1.12 1.08 1.02 0.96 0.88 0.84 0.94
2.63 2.40 2.17 2.21 2.23 1.98 1.67 1.55 1.74 2.20 2.31 1.79 1.37 1.25 1.21 1.26 1.35 1.58 2.15 2.48 1.94 0.82 0.66 0.73 0.66 0.70 0.89 1.05 1.14 1.22 1.29 1.34 1.36 1.34 1.35 1.39 1.39 1.35 1.29 1.29 1.50 1.77 1.82 1.67 1.49 1.41 1.47 1.64 1.82 1.89 1.77 1.56 1.39 1.20 1.02 1.13 1.48 1.68 1.78 1.64 1.26 1.07 1.14 1.24 1.29 1.32 1.34 1.35 1.35 1.34 1.33 1.32 1.31 1.29 1.27 1.24 1.21 1.18 1.15 1.10 1.06 1.01 0.98 1.02
2.30 2.14 1.96 2.04 2.19 2.11 1.86 1.62 1.68 2.23 2.61 2.26 1.82 1.69 1.64 1.68 1.64 1.76 2.30 2.48 1.86 0.85 0.78 0.81 0.75 0.80 0.96 1.09 1.18 1.25 1.31 1.38 1.41 1.37 1.34 1.36 1.38 1.38 1.35 1.27 1.27 1.55 1.88 1.87 1.63 1.48 1.47 1.58 1.80 1.94 1.92 1.70 1.36 1.16 1.01 1.06 1.40 1.60 1.66 1.64 1.42 1.18 1.16 1.25 1.30 1.33 1.35 1.35 1.35 1.35 1.35 1.34 1.33 1.31 1.29 1.28 1.25 1.23 1.21 1.18 1.15 1.13 1.11 1.13
2.08 1.97 1.80 1.86 2.04 1.97 1.71 1.36 1.14 1.64 2.40 2.45 2.17 2.01 1.97 2.09 2.12 2.19 2.59 2.52 1.89 1.43 1.20 1.01 0.88 0.91 1.02 1.12 1.21 1.29 1.36 1.47 1.50 1.39 1.29 1.32 1.37 1.38 1.37 1.30 1.18 1.26 1.71 1.98 1.83 1.66 1.57 1.60 1.79 1.94 2.07 1.86 1.27 1.10 1.11 1.13 1.33 1.48 1.52 1.53 1.45 1.26 1.21 1.27 1.30 1.33 1.35 1.36 1.36 1.36 1.36 1.35 1.35 1.33 1.32 1.31 1.29 1.28 1.26 1.24 1.23 1.22 1.22 1.23
1.86 1.85 1.79 1.84 2.02 1.89 1.53 1.09 0.75 1.07 1.74 2.03 1.87 1.59 1.54 1.94 2.29 2.62 2.97 2.56 1.94 1.85 1.53 1.20 0.99 0.99 1.06 1.13 1.21 1.30 1.45 1.59 1.59 1.41 1.25 1.28 1.36 1.39 1.38 1.32 1.16 1.08 1.38 1.81 1.94 1.88 1.79 1.75 1.84 1.97 2.11 1.92 1.31 1.12 1.22 1.23 1.30 1.39 1.40 1.43 1.42 1.28 1.24 1.29 1.31 1.34 1.35 1.36 1.37 1.37 1.37 1.37 1.36 1.35 1.35 1.34 1.33 1.32 1.31 1.30 1.29 1.29 1.29 1.31
1.55 1.72 1.82 1.87 2.03 1.92 1.61 1.18 0.86 0.93 1.29 1.56 1.48 1.39 1.46 1.92 2.25 2.87 3.22 2.33 1.95 2.04 1.78 1.37 1.07 1.00 1.04 1.12 1.18 1.28 1.52 1.67 1.65 1.47 1.28 1.28 1.36 1.39 1.37 1.33 1.19 1.04 1.13 1.47 1.75 1.86 1.92 1.94 1.98 2.05 2.07 1.92 1.55 1.27 1.32 1.36 1.33 1.35 1.34 1.35 1.37 1.28 1.26 1.30 1.32 1.34 1.34 1.36 1.37 1.38 1.38 1.38 1.37 1.37 1.37 1.37 1.36 1.35 1.35 1.34 1.34 1.34 1.35 1.37
1.34 1.61 1.81 1.82 1.96 2.01 1.83 1.52 1.19 1.04 1.13 1.12 1.07 1.29 1.54 1.95 2.34 2.91 3.19 2.58 2.19 2.15 2.14 1.69 1.16 0.96 0.99 1.10 1.19 1.31 1.52 1.65 1.67 1.57 1.39 1.33 1.38 1.40 1.36 1.32 1.24 1.07 1.02 1.26 1.52 1.65 1.82 2.00 2.08 2.08 1.99 1.93 1.75 1.47 1.44 1.48 1.42 1.36 1.33 1.33 1.30 1.27 1.28 1.30 1.32 1.33 1.33 1.35 1.38 1.39 1.38 1.38 1.38 1.39 1.39 1.39 1.38 1.38 1.38 1.38 1.38 1.38 1.39 1.41
1.32 1.55 1.74 1.68 1.77 1.91 1.86 1.74 1.55 1.31 1.18 1.03 0.94 1.13 1.57 2.04 2.46 2.72 2.47 2.48 2.45 2.37 2.47 2.00 1.22 0.92 0.99 1.11 1.23 1.39 1.53 1.59 1.64 1.62 1.49 1.42 1.45 1.45 1.37 1.30 1.25 1.12 1.00 1.16 1.41 1.55 1.73 1.98 2.08 2.03 1.93 1.89 1.83 1.65 1.55 1.56 1.54 1.44 1.36 1.33 1.29 1.27 1.30 1.30 1.30 1.30 1.32 1.34 1.36 1.38 1.38 1.38 1.40 1.40 1.41 1.41 1.41 1.41 1.41 1.40 1.41 1.41 1.42 1.44
1.40 1.53 1.63 1.56 1.59 1.62 1.58 1.66 1.65 1.46 1.34 1.18 1.01 1.12 1.56 2.11 2.43 2.27 1.97 2.06 2.36 2.56 2.65 2.21 1.34 1.06 1.13 1.20 1.29 1.45 1.56 1.60 1.62 1.62 1.55 1.50 1.53 1.53 1.42 1.30 1.23 1.14 1.02 1.07 1.32 1.54 1.71 1.89 1.99 1.98 1.92 1.86 1.83 1.78 1.67 1.63 1.62 1.57 1.43 1.33 1.31 1.33 1.36 1.34 1.30 1.28 1.28 1.31 1.34 1.37 1.38 1.39 1.40 1.41 1.42 1.42 1.42 1.42 1.43 1.43 1.43 1.44 1.44 1.46
1.44 1.52 1.61 1.60 1.55 1.51 1.48 1.54 1.56 1.46 1.43 1.31 1.15 1.23 1.52 1.99 2.33 2.06 1.69 1.77 2.13 2.56 2.62 2.00 1.47 1.31 1.32 1.33 1.36 1.49 1.62 1.67 1.67 1.63 1.57 1.55 1.57 1.59 1.54 1.36 1.20 1.14 1.04 1.00 1.20 1.50 1.67 1.78 1.87 1.91 1.93 1.86 1.79 1.82 1.80 1.72 1.67 1.69 1.57 1.36 1.32 1.38 1.44 1.44 1.37 1.29 1.26 1.26 1.28 1.35 1.38 1.39 1.41 1.42 1.43 1.43 1.44 1.44 1.44 1.44 1.45 1.45 1.46 1.47
1.45 1.51 1.62 1.64 1.54 1.49 1.51 1.50 1.48 1.43 1.43 1.35 1.23 1.32 1.56 1.89 2.23 2.03 1.59 1.84 2.35 2.54 2.32 1.95 1.65 1.49 1.48 1.45 1.44 1.54 1.70 1.79 1.78 1.73 1.64 1.57 1.56 1.60 1.64 1.46 1.20 1.12 1.05 0.97 1.08 1.35 1.60 1.71 1.75 1.82 1.89 1.88 1.80 1.80 1.84 1.78 1.71 1.77 1.72 1.49 1.35 1.37 1.47 1.55 1.50 1.36 1.28 1.23 1.23 1.31 1.38 1.40 1.41 1.42 1.43 1.44 1.45 1.45 1.45 1.46 1.46 1.46 1.47 1.48
1.49 1.52 1.60 1.61 1.54 1.51 1.52 1.51 1.46 1.42 1.41 1.34 1.21 1.23 1.50 1.88 2.15 2.05 1.80 2.14 2.56 2.25 2.06 2.01 1.82 1.68 1.62 1.55 1.51 1.60 1.79 1.91 1.92 1.88 1.76 1.62 1.56 1.62 1.68 1.53 1.25 1.10 1.06 0.98 0.98 1.18 1.48 1.63 1.68 1.74 1.81 1.86 1.83 1.81 1.86 1.79 1.74 1.79 1.79 1.68 1.48 1.40 1.46 1.58 1.61 1.47 1.33 1.24 1.20 1.29 1.40 1.42 1.39 1.40 1.43 1.45 1.46 1.46 1.46 1.46 1.46 1.47 1.47 1.48
1.55 1.55 1.57 1.57 1.55 1.53 1.52 1.50 1.47 1.43 1.39 1.33 1.17 1.08 1.24 1.61 2.01 2.00 1.91 2.34 2.59 2.26 2.11 2.08 1.94 1.86 1.83 1.70 1.60 1.72 1.88 1.99 2.06 2.02 1.90 1.75 1.64 1.64 1.66 1.56 1.31 1.13 1.07 1.01 0.95 1.03 1.28 1.49 1.59 1.68 1.75 1.83 1.83 1.80 1.86 1.84 1.78 1.78 1.80 1.78 1.65 1.51 1.49 1.60 1.69 1.59 1.40 1.28 1.23 1.32 1.49 1.50 1.38 1.36 1.42 1.45 1.46 1.46 1.46 1.46 1.46 1.46 1.46 1.47
1.56 1.55 1.55 1.56 1.56 1.55 1.53 1.49 1.47 1.45 1.40 1.33 1.19 1.12 1.19 1.42 1.82 1.92 1.92 2.24 2.40 2.35 2.30 2.20 2.05 2.02 2.09 1.98 1.81 1.90 1.97 2.02 2.15 2.14 2.04 1.92 1.78 1.66 1.63 1.56 1.37 1.18 1.09 1.04 0.97 0.95 1.09 1.28 1.42 1.59 1.72 1.79 1.82 1.78 1.79 1.82 1.82 1.81 1.83 1.81 1.73 1.61 1.55 1.63 1.72 1.68 1.50 1.33 1.27 1.38 1.59 1.63 1.47 1.37 1.40 1.46 1.47 1.45 1.44 1.45 1.46 1.45 1.45 1.45
1.55 1.53 1.52 1.57 1.60 1.59 1.54 1.47 1.48 1.53 1.47 1.37 1.29 1.23 1.23 1.37 1.64 1.80 1.84 1.98 2.08 2.19 2.30 2.25 2.15 2.17 2.29 2.25 2.14 2.18 2.12 2.14 2.18 2.18 2.17 2.15 2.00 1.76 1.65 1.56 1.41 1.21 1.12 1.08 0.98 0.91 0.95 1.08 1.21 1.42 1.65 1.75 1.81 1.83 1.78 1.75 1.77 1.82 1.88 1.87 1.78 1.67 1.63 1.66 1.70 1.71 1.59 1.39 1.32 1.44 1.63 1.75 1.71 1.50 1.45 1.53 1.52 1.44 1.42 1.45 1.44 1.42 1.41 1.42
1.52 1.49 1.48 1.57 1.65 1.64 1.58 1.49 1.50 1.62 1.59 1.48 1.40 1.31 1.28 1.34 1.50 1.66 1.68 1.74 1.91 2.09 2.11 2.12 2.22 2.28 2.39 2.47 2.53 2.50 2.41 2.32 2.14 2.12 2.35 2.48 2.26 1.88 1.67 1.55 1.40 1.22 1.16 1.11 0.99 0.90 0.87 0.92 1.04 1.22 1.50 1.66 1.73 1.85 1.88 1.78 1.72 1.76 1.86 1.92 1.84 1.74 1.72 1.73 1.70 1.70 1.64 1.43 1.33 1.48 1.65 1.75 1.85 1.78 1.67 1.67 1.60 1.44 1.42 1.51 1.48 1.36 1.33 1.37
1.43 1.43 1.46 1.56 1.67 1.69 1.65 1.54 1.53 1.69 1.72 1.59 1.48 1.40 1.38 1.34 1.41 1.52 1.50 1.54 1.81 2.10 1.94 1.79 2.10 2.37 2.42 2.55 2.87 2.89 2.65 2.40 1.98 2.05 2.65 2.82 2.40 1.87 1.66 1.57 1.37 1.23 1.20 1.12 1.01 0.91 0.82 0.82 0.91 1.06 1.31 1.50 1.59 1.74 1.88 1.89 1.80 1.76 1.82 1.89 1.91 1.84 1.76 1.76 1.75 1.70 1.68 1.52 1.32 1.43 1.68 1.78 1.85 1.92 1.89 1.84 1.72 1.53 1.48 1.60 1.57 1.34 1.24 1.29
1.31 1.34 1.44 1.57 1.65 1.70 1.73 1.63 1.59 1.71 1.80 1.68 1.51 1.49 1.53 1.46 1.41 1.41 1.40 1.46 1.74 2.08 1.89 1.51 1.73 2.22 2.40 2.44 3.01 3.29 2.80 2.44 1.91 2.11 3.00 2.98 2.30 1.79 1.72 1.66 1.36 1.22 1.24 1.15 1.02 0.93 0.83 0.77 0.79 0.91 1.14 1.36 1.46 1.57 1.73 1.86 1.90 1.86 1.82 1.84 1.94 1.98 1.84 1.75 1.78 1.72 1.69 1.62 1.40 1.34 1.62 1.88 1.92 1.92 1.98 1.98 1.89 1.71 1.55 1.63 1.69 1.46 1.23 1.20
1.19 1.23 1.39 1.55 1.62 1.67 1.70 1.69 1.66 1.68 1.80 1.77 1.56 1.56 1.68 1.63 1.44 1.26 1.35 1.62 1.88 2.04 1.81 1.40 1.38 1.86 2.24 2.32 2.95 3.43 2.91 2.52 2.12 2.33 3.24 2.99 2.17 1.88 1.86 1.65 1.24 1.21 1.31 1.17 1.01 0.94 0.85 0.73 0.68 0.77 0.97 1.21 1.39 1.48 1.57 1.69 1.85 1.94 1.88 1.79 1.90 2.10 2.02 1.79 1.81 1.79 1.66 1.63 1.51 1.34 1.48 1.89 2.06 1.97 2.00 2.04 2.03 1.92 1.70 1.65 1.73 1.65 1.37 1.17
1.10 1.17 1.37 1.52 1.57 1.60 1.61 1.65 1.68 1.68 1.78 1.79 1.62 1.62 1.79 1.79 1.42 1.03 1.28 1.80 2.17 2.13 1.67 1.32 1.20 1.44 1.90 2.22 2.98 3.49 3.02 2.58 2.34 2.66 3.41 3.08 2.31 2.11 1.88 1.42 1.13 1.31 1.40 1.16 1.01 0.98 0.86 0.70 0.62 0.67 0.81 1.01 1.25 1.43 1.51 1.56 1.70 1.92 1.95 1.76 1.78 2.06 2.15 1.94 1.89 1.92 1.75 1.59 1.50 1.40 1.43 1.81 2.12 2.07 2.05 2.08 2.09 2.05 1.90 1.77 1.75 1.76 1.56 1.25
1.05 1.17 1.39 1.52 1.55 1.56 1.56 1.60 1.64 1.65 1.74 1.82 1.67 1.63 1.86 1.90 1.36 0.78 1.09 1.80 2.39 2.41 1.66 1.18 1.15 1.27 1.50 1.86 2.69 3.47 3.34 2.72 2.42 2.88 3.58 3.27 2.60 2.20 1.71 1.22 1.16 1.37 1.43 1.18 1.05 0.98 0.82 0.67 0.61 0.61 0.68 0.81 1.02 1.32 1.49 1.49 1.57 1.84 1.98 1.80 1.70 1.92 2.12 2.07 2.00 2.06 1.98 1.69 1.48 1.40 1.43 1.73 2.07 2.14 2.14 2.17 2.13 2.10 2.07 1.96 1.85 1.82 1.67 1.39
1.07 1.18 1.37 1.49 1.52 1.52 1.55 1.59 1.62 1.60 1.70 1.95 1.84 1.64 1.87 1.95 1.31 0.61 0.87 1.64 2.38 2.71 2.01 1.12 1.09 1.37 1.39 1.48 1.97 2.95 3.51 3.15 2.64 3.03 3.67 3.38 2.70 2.10 1.44 1.19 1.17 1.29 1.46 1.40 1.11 0.91 0.75 0.65 0.62 0.59 0.57 0.61 0.81 1.17 1.43 1.43 1.47 1.73 1.97 1.90 1.72 1.79 2.00 2.06 2.05 2.12 2.17 1.99 1.66 1.44 1.43 1.65 1.96 2.12 2.18 2.25 2.20 2.12 2.17 2.18 2.05 1.92 1.72 1.49
1.15 1.20 1.32 1.45 1.51 1.49 1.49 1.53 1.58 1.57 1.66 2.00 2.00 1.70 1.88 2.01 1.31 0.49 0.65 1.33 2.12 2.82 2.55 1.40 1.16 1.59 1.57 1.54 1.59 2.05 3.03 3.46 3.27 3.45 3.80 3.33 2.55 1.92 1.37 1.17 1.09 1.23 1.57 1.62 1.17 0.79 0.68 0.64 0.61 0.58 0.52 0.46 0.61 1.00 1.32 1.39 1.38 1.58 1.89 1.96 1.81 1.74 1.92 2.05 1.98 2.05 2.20 2.18 2.02 1.72 1.57 1.70 1.90 2.03 2.20 2.32 2.27 2.14 2.16 2.29 2.34 2.13 1.76 1.57
