windninja/windninja_output/Output_2025-08-09_1100-1150_Google earth_Fire_150m_10min/merlingen_7.5mi_point_08-09-2025_1130_150m_ang.asc
ncols	158
nrows	163
xllcorner	391686.332397
yllcorner	5160024.123721
cellsize	150.000000
NODATA_value	-32768.000000
[rows 55 to 109 of 163, columns 0 to 95 of 158]
64 65 66 68 70 69 66 64 63 63 65 66 67 66 65 64 64 63 63 62 62 62 62 62 62 62 62 62 62 62 62 62 62 62 63 63 64 64 65 67 71 73 72 69 67 65 59 54 54 50 48 55 58 62 67 62 50 47 51 54 58 63 66 64 54 43 37 35 39 41 40 41 45 47 47 46 45 49 52 50 49 50 50 48 47 49 49 50 52 54 56 57 55 56 67 75
66 66 65 65 69 71 70 68 65 64 64 65 67 68 66 65 65 64 64 63 63 63 63 63 62 62 62 62 62 62 62 62 62 63 63 63 64 64 65 66 68 71 70 69 68 67 64 61 57 50 49 57 59 63 67 59 46 47 52 57 60 63 64 61 53 43 37 36 40 43 42 44 46 46 46 44 45 49 50 48 47 49 50 49 48 47 45 45 47 52 60 64 63 63 68 67
67 66 65 63 64 66 69 69 68 67 64 61 64 67 68 67 66 65 65 64 64 63 63 63 62 62 62 62 62 62 62 62 62 63 63 63 63 64 64 65 66 67 68 68 68 69 70 68 63 54 52 60 62 67 67 56 44 48 54 58 61 63 63 60 52 42 36 36 40 42 42 44 45 44 44 42 44 47 46 45 45 47 49 50 50 51 49 47 46 50 57 64 65 66 70 63
66 66 65 64 63 63 65 67 69 70 65 60 61 64 68 69 68 66 65 65 64 64 64 63 63 62 63 63 62 62 63 63 63 63 63 63 63 64 64 65 65 66 67 67 68 70 72 74 73 64 58 63 66 69 66 55 46 52 58 61 61 62 61 59 52 43 35 33 35 39 42 44 45 44 43 42 43 45 43 42 42 44 48 49 51 52 52 52 51 52 60 64 64 68 70 59
66 65 65 65 65 65 65 66 69 72 69 63 61 62 65 68 70 68 67 66 65 64 64 64 63 63 63 63 63 63 63 63 63 63 63 63 63 64 64 64 65 65 66 66 67 69 70 73 75 75 70 69 70 69 65 55 50 58 64 64 62 61 60 58 52 44 35 29 32 39 43 44 45 44 42 42 44 45 42 42 42 44 47 47 48 50 51 52 55 61 69 69 67 68 65 54
65 65 65 65 66 66 67 68 70 71 70 66 63 62 62 63 67 69 69 67 65 65 64 64 63 63 63 63 63 63 63 63 63 63 63 63 63 64 64 64 64 65 65 65 66 67 68 70 73 78 81 79 75 71 65 57 56 64 67 65 63 62 60 58 53 46 37 28 34 43 45 44 45 45 42 42 45 44 43 43 44 46 47 47 47 49 51 55 61 70 72 68 65 61 57 51
66 65 66 66 66 66 67 69 69 69 68 67 65 63 61 60 62 66 69 69 67 66 65 64 64 64 64 64 64 64 63 63 63 63 63 63 63 64 64 64 64 64 65 65 66 66 67 69 71 75 82 86 83 76 67 61 64 69 69 67 65 63 62 59 54 48 38 30 38 45 45 45 46 45 43 43 44 43 42 43 44 46 49 49 50 52 55 61 68 73 69 64 59 53 51 49
67 67 67 67 66 66 67 68 69 69 69 68 68 66 62 61 60 62 65 68 69 68 66 65 64 64 65 65 64 64 64 64 64 64 63 63 64 64 64 64 64 64 64 65 65 66 67 68 69 72 77 84 86 80 69 66 70 72 70 68 66 63 62 58 54 48 38 34 41 45 45 46 47 45 42 43 43 43 42 42 44 46 49 51 53 57 65 71 73 71 64 60 55 51 49 49
69 69 69 69 69 68 68 68 68 68 69 70 70 68 66 63 61 60 61 64 67 68 67 66 65 64 65 65 64 64 64 64 64 64 64 64 64 64 64 64 64 64 64 65 65 66 66 67 69 71 74 80 83 79 70 68 71 72 70 67 64 61 59 58 57 52 43 41 44 45 45 46 48 44 41 41 42 41 40 40 43 45 48 52 54 61 71 76 75 68 58 56 53 50 49 49
70 70 71 71 71 71 71 70 69 68 69 70 70 68 67 66 63 60 59 61 63 66 67 67 66 65 66 65 65 65 65 64 64 64 64 64 64 64 64 64 64 64 64 65 65 66 66 67 68 70 73 78 82 80 74 70 71 70 69 67 63 58 57 61 64 59 50 47 46 44 44 47 48 44 40 39 39 38 36 37 41 44 47 52 57 67 72 73 69 59 53 52 50 50 50 49
68 68 69 70 70 71 71 71 71 71 70 71 71 69 68 68 67 63 60 60 61 62 65 67 67 67 67 65 65 65 65 65 64 64 64 64 64 64 64 64 64 64 64 65 65 65 66 67 68 69 72 76 81 82 80 78 74 70 68 67 61 54 56 61 61 56 50 46 45 45 45 48 49 44 39 37 37 35 33 36 42 46 50 54 61 70 72 67 58 50 48 48 48 50 51 51
63 63 64 67 69 70 69 68 68 70 71 71 70 70 69 68 68 66 63 61 59 58 60 64 66 67 67 66 65 66 65 65 65 65 65 64 64 64 64 64 64 64 64 65 65 65 66 66 67 69 70 73 77 81 84 88 84 75 69 65 57 48 53 57 55 51 48 45 46 46 47 49 49 43 38 35 35 33 32 36 42 47 50 53 60 67 66 59 51 47 46 45 47 48 52 55
52 55 57 60 65 68 66 63 65 69 71 70 67 67 69 69 68 68 67 64 60 57 57 59 62 65 67 68 68 67 66 66 66 65 65 65 65 64 64 64 64 64 64 65 65 65 66 66 67 68 69 71 74 77 82 88 91 86 77 69 57 50 56 59 56 52 48 46 47 48 48 51 50 43 38 35 33 31 30 35 40 45 50 54 62 67 62 52 48 46 43 44 46 48 51 56
39 49 52 53 56 58 55 54 61 67 68 67 65 65 64 66 68 68 68 67 64 60 59 58 57 59 63 68 71 71 69 68 67 66 66 65 65 65 65 65 64 64 64 65 65 65 66 66 67 67 68 70 71 74 77 82 87 88 84 76 67 64 68 67 61 54 50 48 47 47 48 51 51 46 39 37 34 29 29 35 42 49 55 59 70 71 60 49 46 44 43 44 47 49 50 54
45 56 61 58 58 56 49 46 55 60 59 55 55 56 55 57 62 66 68 68 66 65 63 61 57 54 59 66 70 71 71 70 68 67 66 66 65 65 65 65 65 65 65 65 65 65 65 66 66 67 68 69 70 71 73 76 78 81 82 79 76 77 80 77 69 61 56 52 49 47 47 52 53 46 39 38 36 32 31 39 49 56 60 65 77 73 57 46 45 43 42 43 46 48 50 52
61 71 81 81 77 69 59 55 61 62 57 52 51 51 51 52 55 60 64 66 67 67 67 66 59 53 58 63 66 68 70 71 71 69 67 66 66 66 65 65 65 65 65 65 65 65 65 66 66 67 67 68 69 70 71 72 73 75 76 76 76 79 84 84 81 77 70 63 57 51 50 54 53 43 39 39 38 35 35 44 54 60 63 72 78 70 52 45 43 42 41 42 44 45 48 49
67 72 83 89 88 84 79 79 80 75 68 63 62 60 57 56 56 58 59 60 63 66 67 66 60 54 58 60 61 63 65 68 71 71 69 68 67 66 65 65 65 65 65 65 65 65 65 66 66 66 67 67 68 68 69 70 71 71 72 72 73 75 78 81 83 85 84 79 72 64 59 58 54 44 39 41 41 38 38 48 57 63 69 78 76 60 46 43 42 43 42 42 43 42 43 46
70 74 81 85 86 86 86 89 90 84 76 75 74 72 69 66 64 62 60 58 59 62 64 64 59 56 59 60 59 60 61 63 67 70 70 69 68 67 66 66 65 65 65 65 65 65 65 66 66 66 66 67 67 68 68 69 69 69 70 70 70 71 73 74 77 79 82 83 83 82 79 72 62 50 45 46 46 43 41 49 59 67 76 79 70 49 40 41 44 45 43 45 47 46 47 53
74 77 82 84 85 86 87 88 89 84 78 77 76 74 73 71 70 69 66 62 60 60 61 61 59 57 61 62 61 60 59 60 63 66 68 69 69 68 67 66 66 65 65 65 65 65 65 66 66 66 66 66 67 67 67 68 68 68 68 69 69 69 70 71 72 72 74 77 80 86 89 87 76 61 55 54 53 48 43 50 61 72 79 75 59 43 39 41 45 45 43 44 48 53 59 64
76 79 85 88 89 89 89 88 87 84 81 79 76 74 73 72 72 71 70 68 67 65 63 62 60 58 61 62 62 61 60 60 61 62 64 66 67 68 67 67 66 65 65 65 65 65 65 66 66 66 66 66 66 67 67 67 67 67 67 68 68 68 68 69 69 69 70 72 74 77 80 82 79 71 64 60 56 49 44 51 66 75 76 65 49 42 41 43 46 46 45 42 43 56 62 64
78 81 86 92 94 94 94 92 88 86 84 81 79 77 75 74 72 71 70 70 69 68 67 65 63 61 62 64 63 62 61 61 61 62 63 64 66 67 68 67 66 66 65 65 65 65 66 66 66 66 66 66 66 66 66 66 67 67 67 67 67 67 67 67 68 68 69 69 70 71 71 72 74 74 72 66 57 48 45 56 71 75 69 56 44 40 41 44 47 50 53 48 49 63 65 62
78 81 87 93 98 100 99 97 93 90 87 84 81 80 78 76 74 73 71 70 69 69 68 66 65 62 64 67 66 63 62 62 62 64 65 66 67 68 68 67 66 66 66 66 66 66 66 66 66 66 66 66 66 66 66 66 66 66 66 66 66 66 66 66 67 67 67 68 68 68 68 68 69 72 74 71 62 49 48 64 75 72 62 52 46 45 47 49 52 58 64 66 71 73 67 61
80 81 84 91 100 105 106 103 100 95 91 87 83 81 80 78 76 74 73 71 70 69 68 67 64 62 66 70 69 67 64 63 63 63 65 65 66 67 68 67 66 66 66 66 66 66 66 66 67 67 67 67 66 66 66 66 66 66 66 66 66 66 66 66 66 66 66 66 66 66 66 67 67 68 70 72 67 56 58 72 74 66 57 53 52 56 59 58 59 63 66 68 71 70 63 59
82 81 78 85 99 108 111 110 106 103 96 89 85 82 81 79 78 76 74 72 71 70 70 67 62 60 65 69 70 68 64 63 62 62 63 63 63 65 67 68 67 66 66 66 66 66 67 67 67 67 67 67 67 66 66 66 66 66 66 65 65 65 65 65 65 66 66 66 66 66 65 65 66 66 67 68 68 64 69 75 70 58 51 51 50 51 54 55 59 61 63 64 67 65 58 56
79 76 70 74 90 105 113 114 111 108 100 90 85 83 81 79 78 77 75 73 71 71 71 68 62 61 64 66 67 66 64 63 62 62 63 63 61 61 64 67 68 67 67 67 67 68 68 68 69 69 69 68 67 67 66 66 66 66 65 65 65 65 65 65 65 65 65 65 65 65 65 64 65 65 65 65 65 67 74 74 64 50 45 45 43 44 48 55 62 64 64 64 64 62 57 55
72 68 64 68 77 89 104 107 106 105 97 88 84 82 80 79 78 77 75 74 73 72 71 69 64 64 66 66 65 64 64 65 63 61 62 62 60 59 61 64 65 66 68 69 69 69 70 70 71 72 71 70 68 67 67 66 66 65 65 65 65 65 65 65 65 65 65 65 65 64 64 64 64 64 63 63 64 65 69 67 53 43 41 41 41 45 55 64 66 67 65 64 64 61 59 58
69 70 72 76 84 86 79 74 82 84 83 81 81 80 80 79 78 77 76 75 74 73 72 69 65 66 69 68 66 64 65 66 65 62 60 59 58 59 60 60 60 61 65 69 71 73 73 73 76 78 77 73 70 68 67 66 66 65 65 65 65 65 65 65 65 65 64 64 64 64 64 64 64 63 63 63 62 61 61 54 40 37 40 41 43 54 67 70 68 66 64 63 62 59 58 60
80 81 83 89 91 81 67 60 62 64 67 73 77 78 78 78 78 78 77 77 76 75 73 70 67 68 70 69 67 66 66 68 68 68 65 62 59 59 60 59 57 56 58 61 64 67 68 68 70 74 76 75 73 69 67 66 66 65 65 65 65 65 65 65 65 64 64 64 64 64 64 63 63 63 63 62 61 59 56 47 29 29 38 43 51 67 72 71 68 65 63 61 60 57 56 58
81 81 82 85 82 72 66 60 59 60 64 70 75 77 78 78 78 79 79 79 79 78 75 73 69 69 70 69 67 67 67 67 68 69 70 68 65 63 62 61 58 56 56 56 57 57 58 59 61 62 62 65 67 67 66 66 66 66 66 65 65 65 65 65 65 64 64 64 64 64 63 63 63 63 63 62 61 59 56 47 24 21 34 44 62 75 75 72 69 67 65 62 60 58 57 58
76 76 77 76 71 69 65 62 63 64 66 71 73 74 76 77 78 79 80 81 82 81 78 75 74 72 70 68 67 67 66 65 65 66 68 70 70 69 67 64 62 60 60 60 61 61 62 64 65 63 60 59 60 62 64 65 66 66 66 66 66 65 65 65 65 64 64 64 64 64 63 63 63 63 63 62 61 60 56 47 22 15 29 49 71 76 75 73 71 70 69 66 64 61 60 60
76 75 75 74 72 69 65 63 66 68 71 72 72 72 73 74 76 77 80 82 84 84 83 80 79 76 73 70 69 68 66 64 63 62 63 66 67 69 70 69 67 64 64 64 66 68 70 72 73 71 68 65 63 62 64 65 66 67 67 66 66 66 65 65 65 64 64 64 64 64 64 63 63 63 63 62 61 60 57 48 25 11 30 62 76 76 73 71 69 69 69 67 65 63 61 60
77 76 75 76 74 70 64 63 67 71 72 70 70 71 72 72 72 75 79 82 84 86 87 88 85 77 72 71 70 69 67 66 63 61 60 60 60 62 65 68 70 68 65 64 66 68 70 72 74 74 73 70 67 65 65 67 68 68 68 67 67 66 66 65 65 65 64 64 64 64 64 64 64 63 63 63 62 61 60 55 38 16 36 70 77 76 73 71 69 68 68 67 66 63 58 55
80 79 77 76 72 66 62 61 65 69 69 68 70 69 70 70 69 71 75 79 81 82 85 91 89 73 66 67 68 67 67 67 67 66 64 61 58 57 59 61 64 67 66 65 65 67 69 71 72 73 73 72 70 69 69 69 70 71 70 69 68 67 66 65 65 65 64 64 64 64 64 64 64 64 64 64 64 64 64 63 60 55 78 83 79 74 73 72 71 70 71 71 70 65 59 55
81 80 77 73 66 60 58 59 62 65 66 68 68 65 64 63 63 66 70 74 75 75 81 85 76 57 60 64 64 64 65 66 68 70 71 70 65 61 60 60 60 61 63 64 64 65 66 68 69 69 69 71 71 70 69 70 72 73 74 73 71 68 66 66 65 65 65 64 64 64 64 64 64 64 64 65 65 66 67 68 73 97 123 107 91 79 74 72 72 74 75 75 72 69 69 73
81 79 74 69 64 60 58 58 57 60 65 67 64 61 61 58 58 62 67 72 73 77 80 75 50 40 54 61 63 63 64 65 66 67 69 73 73 70 67 65 64 62 62 63 65 65 65 66 67 67 67 66 67 67 66 66 67 71 76 79 74 69 67 66 65 65 65 65 65 65 65 65 65 65 65 66 66 67 68 71 77 96 120 117 105 94 85 79 77 79 80 76 71 70 72 78
79 76 69 67 67 64 60 56 52 55 62 63 58 56 56 54 55 59 65 73 80 81 74 56 35 34 50 58 61 63 64 65 66 66 67 69 72 72 70 67 66 66 65 65 66 67 66 66 66 67 68 67 66 65 62 61 63 67 73 78 74 69 66 65 65 65 65 65 65 65 65 65 65 65 66 66 67 68 70 73 79 90 107 113 109 105 98 90 87 88 83 74 72 73 72 74
75 70 61 58 59 59 55 50 47 52 59 57 49 47 47 47 50 54 61 74 84 78 58 42 30 33 48 57 61 63 65 66 67 67 68 68 68 70 70 67 65 64 65 67 68 69 69 68 68 69 70 70 70 67 61 58 60 63 66 67 65 64 65 65 65 65 65 65 65 65 65 65 66 66 66 67 68 69 71 73 78 86 97 105 106 106 102 96 93 90 82 75 79 80 79 80
70 64 53 50 49 46 39 32 32 42 51 50 43 42 44 46 47 48 57 67 70 52 43 38 32 37 50 58 61 64 66 67 68 69 70 69 68 68 69 69 65 63 64 67 69 70 71 71 71 72 74 76 75 72 64 60 63 65 64 61 58 59 63 65 65 66 66 66 66 66 66 66 66 66 67 67 68 69 71 74 77 83 92 101 104 103 102 99 94 88 80 81 86 86 86 88
67 62 52 48 47 43 36 27 24 34 42 39 31 28 30 36 38 41 55 62 54 32 32 35 34 42 53 59 62 65 67 70 72 73 72 70 69 69 69 69 66 62 62 65 67 70 71 72 72 73 76 80 80 74 71 74 75 73 69 65 61 59 62 65 66 66 66 66 66 66 66 66 67 67 67 68 69 70 71 73 76 80 87 95 101 101 101 99 93 85 81 83 86 86 86 88
64 60 53 52 53 50 43 32 23 33 41 37 29 26 26 34 39 45 58 58 45 31 30 35 38 48 56 59 62 64 67 72 76 76 73 71 70 70 70 69 66 61 60 61 61 64 67 69 71 71 74 77 76 71 73 80 82 79 74 70 66 63 63 65 66 67 67 67 67 67 67 67 67 67 68 68 69 70 71 73 75 78 82 87 92 96 97 95 89 84 82 82 83 83 83 83
59 57 54 56 59 56 50 41 34 44 51 48 43 42 44 54 56 64 64 55 43 40 40 45 49 55 59 61 62 62 66 71 74 74 73 72 72 72 72 71 68 64 61 59 56 57 59 62 66 68 70 69 64 65 71 75 79 79 76 72 69 66 65 67 68 68 68 68 67 68 68 68 68 68 68 69 69 70 71 73 74 77 79 82 85 87 89 88 85 83 81 80 80 80 79 79
52 56 57 58 58 54 50 48 52 68 75 68 63 61 68 74 74 77 69 47 45 50 54 61 64 64 63 63 62 63 67 69 70 71 72 74 75 75 74 73 72 69 66 63 59 56 56 58 62 66 66 63 60 61 67 73 77 78 77 75 72 68 68 69 69 69 69 68 68 68 68 68 68 68 69 69 70 71 71 72 74 75 77 79 80 82 82 82 81 80 79 78 78 77 77 76
42 55 60 59 59 56 53 52 56 68 76 75 75 71 75 79 82 80 67 47 47 55 64 73 75 69 64 64 65 69 73 73 72 72 73 76 78 79 78 76 75 74 72 71 68 64 63 64 67 68 66 63 62 61 65 70 74 76 77 77 75 73 72 72 72 71 70 70 70 69 69 69 69 69 69 70 70 71 72 72 73 74 75 76 77 78 78 78 78 77 77 76 75 75 74 74
38 58 67 67 68 65 60 58 59 63 70 78 85 87 87 87 86 78 62 52 50 56 67 74 68 57 59 64 69 74 77 77 76 75 74 77 80 83 83 81 79 77 76 75 74 74 74 74 72 70 67 65 63 63 65 67 70 72 74 75 75 75 76 77 76 74 72 71 71 70 70 70 70 70 70 70 71 71 72 72 73 74 74 75 76 76 76 76 76 75 75 74 74 73 73 73
47 67 76 77 79 78 76 73 70 68 71 75 80 88 90 87 82 73 62 54 53 60 68 67 54 48 57 65 71 75 77 79 80 79 78 78 80 83 86 87 84 81 79 76 74 74 75 74 70 67 66 65 63 62 64 66 67 69 71 71 71 72 75 78 79 78 76 74 72 71 71 71 71 71 71 71 72 72 72 73 73 73 74 74 74 75 75 74 74 74 73 73 72 72 72 71
53 66 76 79 80 79 80 80 77 73 73 74 76 83 86 82 78 75 65 57 63 71 71 61 50 52 60 67 71 75 78 81 84 85 85 84 84 83 86 90 90 87 84 80 76 73 72 71 69 66 65 64 62 62 62 63 64 66 68 68 68 68 70 73 77 79 79 77 75 73 72 72 72 72 72 72 72 73 73 73 73 73 74 74 74 74 74 73 73 73 72 72 71 71 71 70
59 67 75 77 77 77 78 79 77 75 75 73 71 70 71 72 71 70 64 65 76 79 70 58 55 59 65 69 72 75 78 83 86 90 94 94 91 89 88 91 94 92 89 86 81 75 73 71 69 66 64 63 62 62 63 62 61 63 64 65 67 67 67 69 72 75 77 78 76 75 74 74 74 74 74 74 74 74 74 74 74 74 74 74 73 73 73 73 72 72 72 71 71 70 70 69
64 69 75 75 75 76 77 77 76 75 74 72 68 62 60 62 64 62 59 68 75 70 61 59 60 64 69 72 74 77 80 84 87 92 97 100 100 98 95 94 96 97 95 93 87 78 72 69 67 65 64 63 62 61 63 62 61 61 61 62 63 64 66 67 69 71 73 74 74 75 77 79 78 77 76 76 76 75 75 75 75 75 74 74 74 73 73 72 72 71 71 70 70 70 69 69
66 69 72 73 74 75 75 75 75 75 75 73 70 68 67 67 66 64 64 70 68 57 58 62 62 64 69 74 76 80 83 84 87 91 95 101 106 106 102 100 101 103 102 100 97 87 76 70 66 64 64 63 63 61 61 60 60 61 60 60 60 61 62 65 67 68 69 69 69 71 76 80 82 81 80 79 79 78 78 77 77 76 75 75 74 73 73 72 72 71 71 70 69 69 69 68
67 68 70 71 73 75 76 76 76 77 78 78 79 83 86 85 79 74 74 73 64 57 59 61 61 62 66 71 76 81 84 86 87 90 93 98 105 109 108 106 106 109 109 108 106 99 86 75 67 64 64 63 63 63 62 60 59 59 60 61 61 60 61 63 65 65 64 63 62 65 70 74 80 84 85 85 85 84 82 80 79 78 77 76 75 74 73 72 72 71 71 70 69 69 69 68
68 68 68 70 72 75 76 75 75 77 80 83 87 91 93 92 88 82 78 72 65 61 61 60 59 60 64 68 72 78 83 87 88 88 89 95 102 109 112 111 111 112 113 114 114 109 95 81 70 65 63 62 61 62 63 62 60 59 60 61 61 60 62 64 65 64 63 60 59 62 65 66 70 76 82 85 88 88 87 86 85 83 80 78 76 75 74 73 72 71 71 70 69 69 69 68
68 67 67 67 69 71 73 73 73 75 78 81 84 87 89 89 86 81 75 68 64 66 64 58 57 59 62 64 69 76 81 86 87 84 86 93 102 109 113 114 114 114 115 117 119 118 106 88 76 69 65 62 59 59 59 60 61 60 60 60 60 60 61 63 63 63 62 60 57 59 62 63 64 66 70 77 82 84 85 88 91 89 84 80 78 76 74 73 72 72 71 70 70 69 69 68
66 65 64 65 67 68 69 70 69 69 71 72 72 74 78 82 81 78 72 66 64 67 67 58 54 56 58 59 64 74 81 84 82 78 83 95 103 108 109 113 116 116 116 117 121 124 119 99 83 74 69 65 61 59 58 57 58 59 60 60 60 61 61 61 61 61 61 60 57 57 59 62 64 65 67 71 74 77 78 82 87 92 90 85 80 77 76 74 73 72 71 71 70 70 69 68
64 63 61 63 64 64 63 63 62 64 66 67 67 67 70 74 75 73 67 64 66 69 69 60 53 54 56 54 60 71 78 80 76 71 84 97 102 101 103 109 117 118 117 119 122 125 129 116 89 75 70 67 64 62 59 57 56 57 58 58 58 60 61 61 61 61 60 59 57 55 57 60 64 65 66 67 70 73 76 78 80 85 92 90 85 80 77 76 74 73 72 72 71 71 70 69
63 62 61 62 62 62 61 61 62 64 66 66 64 64 68 71 72 64 57 60 68 73 71 63 55 52 54 53 60 71 74 73 71 70 84 95 97 96 101 106 109 112 116 123 126 126 133 135 104 79 69 64 62 62 60 58 57 57 57 56 55 57 59 59 60 62 61 59 57 54 55 60 63 65 66 66 68 70 73 76 78 79 86 91 89 84 80 77 76 75 74 73 73 72 71 70
