windninja/windninja_output/Output_2025-08-09_1100-1150_Google earth_Fire_150m_10min/merlingen_7.5mi_point_08-09-2025_1140_150m_vel.asc
ncols	158
nrows	163
xllcorner	391686.332397
yllcorner	5160024.123721
cellsize	150.000000
NODATA_value	-32768.000000
[rows 114 to 151 of 163, columns 0 to 83 of 158]
1.86 1.85 1.83 1.84 1.90 1.89 1.81 1.78 1.80 1.86 1.96 2.24 2.31 2.13 2.31 2.38 1.58 0.80 0.94 1.47 2.26 3.35 3.73 2.72 2.10 2.08 2.00 1.77 1.61 1.62 2.30 3.51 4.03 3.91 3.50 2.75 2.19 1.88 1.50 1.22 1.15 1.19 1.29 1.20 0.74 0.38 0.29 0.25 0.24 0.28 0.32 0.36 0.57 1.03 1.50 1.72 1.75 1.87 2.20 2.44 2.40 2.29 2.43 2.62 2.51 2.49 2.70 2.82 2.81 2.60 2.33 2.23 2.23 2.20 2.38 2.64 2.62 2.41 2.26 2.40 2.64 2.48 1.98 1.72
1.79 1.89 1.98 1.97 1.96 1.96 1.95 1.86 1.75 1.77 1.91 2.05 2.09 2.18 2.55 2.63 1.70 0.74 0.73 0.98 1.64 2.65 3.56 3.63 3.08 2.49 2.26 2.19 2.23 1.76 1.81 2.96 4.15 4.44 3.70 2.67 2.03 1.79 1.59 1.35 1.28 1.35 1.43 1.39 1.03 0.65 0.48 0.42 0.36 0.34 0.39 0.45 0.49 0.78 1.30 1.65 1.73 1.77 2.00 2.32 2.39 2.32 2.39 2.62 2.61 2.46 2.58 2.77 2.84 2.76 2.62 2.55 2.51 2.31 2.19 2.49 2.75 2.64 2.33 2.28 2.63 2.67 2.26 1.96
1.66 1.83 2.01 2.03 2.00 1.94 1.95 1.99 1.96 1.92 1.97 1.84 1.74 1.99 2.63 2.89 1.92 0.75 0.62 0.73 1.30 2.05 2.81 3.57 3.76 3.21 2.58 2.46 2.61 2.06 1.77 2.58 3.91 4.71 4.02 2.70 1.95 1.73 1.74 1.60 1.45 1.48 1.56 1.58 1.34 0.88 0.61 0.51 0.49 0.48 0.50 0.56 0.58 0.65 1.07 1.54 1.73 1.73 1.85 2.14 2.29 2.30 2.38 2.56 2.61 2.49 2.53 2.71 2.83 2.84 2.78 2.79 2.88 2.81 2.39 2.27 2.57 2.79 2.56 2.29 2.51 2.68 2.30 2.06
1.54 1.75 1.97 2.02 2.01 1.91 1.82 1.94 2.12 2.24 2.19 1.74 1.41 1.65 2.52 3.12 2.20 0.80 0.56 0.62 1.06 1.64 2.08 2.76 3.55 3.83 3.41 3.04 3.17 2.39 1.78 2.05 3.15 4.48 4.41 3.03 2.16 1.90 1.96 1.94 1.82 1.76 1.74 1.76 1.62 1.16 0.88 0.77 0.71 0.69 0.68 0.69 0.70 0.71 0.92 1.42 1.73 1.76 1.79 1.98 2.13 2.20 2.37 2.57 2.62 2.52 2.53 2.67 2.79 2.85 2.86 2.89 3.06 3.27 3.13 2.65 2.41 2.67 2.79 2.57 2.57 2.65 2.27 2.00
1.49 1.65 1.91 2.03 2.01 1.91 1.74 1.78 2.01 2.27 2.43 1.92 1.24 1.35 2.22 3.22 2.76 1.03 0.40 0.40 0.53 0.98 1.41 1.79 2.40 3.27 3.56 3.58 3.82 3.50 2.55 2.10 2.57 3.79 4.43 4.33 3.65 2.88 2.64 2.55 2.37 2.23 2.07 1.94 1.81 1.51 1.20 1.05 0.95 0.88 0.83 0.80 0.81 0.82 0.89 1.27 1.67 1.79 1.80 1.91 2.00 2.02 2.20 2.50 2.65 2.63 2.63 2.73 2.82 2.84 2.83 2.84 2.99 3.31 3.60 3.41 2.84 2.67 2.81 2.81 2.84 2.78 2.34 1.97
1.51 1.61 1.86 2.05 1.97 1.84 1.74 1.73 1.88 2.01 2.37 2.20 1.26 1.17 1.85 2.96 3.20 1.72 0.40 0.18 0.12 0.35 0.82 1.19 1.55 1.96 2.34 2.68 3.36 3.74 3.41 2.88 2.74 3.30 4.00 4.59 4.61 4.07 3.71 3.58 3.36 2.97 2.64 2.38 2.20 1.96 1.56 1.25 1.10 1.01 0.94 0.90 0.89 0.89 0.89 1.13 1.55 1.76 1.81 1.90 1.96 1.90 1.96 2.20 2.41 2.55 2.58 2.69 2.86 2.89 2.76 2.70 2.79 3.07 3.54 3.85 3.60 3.13 2.95 2.90 2.94 2.90 2.49 2.09
1.51 1.58 1.83 2.12 2.03 1.76 1.74 1.78 1.85 1.80 2.07 2.27 1.44 1.11 1.61 2.61 3.31 2.54 0.92 0.10 0.15 0.15 0.44 0.80 1.12 1.34 1.52 1.75 2.15 2.58 2.96 2.90 2.75 3.10 3.52 3.95 4.25 4.18 3.80 3.79 4.03 3.93 3.56 3.19 2.89 2.58 2.17 1.77 1.46 1.24 1.11 1.03 0.98 0.97 0.94 1.05 1.43 1.68 1.76 1.88 1.95 1.88 1.89 1.95 1.93 2.03 2.04 2.05 2.43 2.78 2.76 2.61 2.57 2.71 3.13 3.72 4.03 3.82 3.44 3.19 3.04 2.94 2.59 2.23
1.45 1.54 1.80 2.19 2.35 2.11 2.08 2.11 2.00 1.67 1.80 2.29 1.62 0.99 1.41 2.37 3.31 3.01 1.61 0.57 0.13 0.32 0.46 0.66 0.92 1.09 1.23 1.43 1.76 2.05 2.25 2.52 2.71 2.89 3.32 3.53 3.46 3.63 3.15 2.91 3.49 3.96 3.98 3.49 3.09 2.82 2.52 2.17 1.83 1.55 1.30 1.15 1.08 1.07 1.03 1.08 1.40 1.65 1.72 1.82 1.89 1.82 1.81 1.87 1.81 1.86 1.77 1.38 1.50 2.18 2.53 2.54 2.47 2.42 2.61 3.14 3.83 4.23 4.14 3.79 3.43 3.16 2.75 2.39
1.36 1.51 1.71 1.99 2.38 2.55 2.69 2.81 2.60 1.89 1.74 2.35 1.77 0.77 0.98 1.81 3.09 3.35 2.15 1.15 0.51 0.41 0.57 0.72 0.93 0.99 1.03 1.27 1.75 2.03 1.97 2.27 2.62 2.65 3.09 3.27 3.03 3.34 2.94 2.28 2.45 3.12 3.86 3.69 3.00 2.60 2.33 2.01 1.81 1.65 1.44 1.26 1.16 1.12 1.09 1.11 1.37 1.65 1.72 1.81 1.84 1.77 1.77 1.84 1.93 2.15 2.13 1.53 1.11 1.32 1.87 2.20 2.33 2.29 2.24 2.47 3.08 3.89 4.41 4.46 4.15 3.68 3.07 2.66
1.21 1.36 1.51 1.58 1.87 2.24 2.57 2.98 3.23 2.73 2.19 2.57 1.93 0.67 0.63 1.21 2.43 3.44 2.92 1.84 1.15 0.72 0.62 0.77 0.94 0.98 0.99 1.26 1.80 1.91 1.64 1.97 2.38 2.41 2.82 3.12 2.83 3.13 3.17 2.30 1.94 2.43 3.48 4.05 3.46 2.72 2.26 1.88 1.74 1.69 1.58 1.43 1.27 1.20 1.14 1.08 1.22 1.52 1.59 1.67 1.80 1.82 1.83 1.87 1.95 2.27 2.50 2.22 1.50 1.03 1.21 1.63 1.90 2.04 2.01 1.98 2.27 2.96 3.80 4.45 4.73 4.52 3.81 3.13
1.19 1.32 1.41 1.38 1.52 1.87 2.17 2.57 3.18 3.20 3.08 3.07 1.91 0.77 0.60 0.91 1.68 2.90 3.44 2.78 1.87 1.25 0.82 0.76 0.86 0.89 0.94 1.32 1.80 1.56 1.26 1.79 2.23 2.22 2.57 2.99 2.69 2.73 3.08 2.51 1.89 1.95 2.71 3.90 4.12 3.33 2.59 2.07 1.82 1.81 1.80 1.68 1.47 1.34 1.27 1.20 1.27 1.55 1.63 1.52 1.67 1.92 1.97 1.97 2.04 2.22 2.47 2.62 2.32 1.47 1.07 1.25 1.41 1.50 1.63 1.61 1.65 2.06 2.78 3.52 4.26 4.83 4.66 3.81
1.24 1.39 1.48 1.41 1.50 1.77 2.00 2.27 2.84 3.12 3.46 3.76 2.58 1.09 0.75 0.83 1.17 1.88 2.88 3.39 3.13 2.12 1.32 0.96 0.91 0.88 1.03 1.44 1.45 1.00 0.96 1.69 2.20 2.10 2.32 2.86 2.61 2.38 2.78 2.60 1.97 1.69 2.00 3.17 4.13 3.87 3.04 2.33 1.98 1.89 1.85 1.78 1.66 1.53 1.43 1.43 1.60 1.89 2.06 1.81 1.76 1.99 2.08 2.09 2.18 2.30 2.39 2.57 2.71 2.35 1.64 1.39 1.35 1.21 1.15 1.18 1.17 1.31 1.76 2.32 2.87 3.94 4.80 4.57
1.17 1.35 1.47 1.38 1.44 1.66 1.91 2.10 2.45 2.80 3.32 4.17 3.75 1.91 1.28 1.00 0.96 1.27 1.87 2.78 3.33 3.12 1.98 1.33 1.36 1.36 1.29 1.23 0.93 0.63 0.81 1.62 2.29 2.11 2.10 2.67 2.65 2.23 2.31 2.38 1.99 1.56 1.58 2.38 3.69 4.06 3.45 2.73 2.27 2.04 1.90 1.78 1.70 1.62 1.52 1.49 1.63 1.97 2.27 2.20 2.06 2.07 2.10 2.10 2.19 2.33 2.40 2.47 2.67 2.75 2.50 2.11 1.74 1.35 1.09 0.93 0.85 0.87 1.07 1.47 1.91 2.72 3.93 4.61
1.13 1.31 1.45 1.33 1.35 1.59 1.88 2.05 2.15 2.42 2.95 3.97 4.41 3.51 2.44 1.48 0.99 1.16 1.55 2.05 2.73 3.17 2.90 2.33 2.16 1.95 1.54 1.08 0.73 0.52 0.63 1.41 2.34 2.44 2.27 2.51 2.61 2.30 2.00 2.03 1.89 1.43 1.24 1.68 2.95 3.87 3.59 2.88 2.44 2.15 2.00 1.88 1.73 1.64 1.56 1.49 1.53 1.82 2.14 2.18 2.13 2.12 2.09 2.08 2.17 2.31 2.39 2.44 2.55 2.68 2.79 2.71 2.31 1.79 1.39 1.07 0.80 0.71 0.82 0.99 1.36 1.99 2.77 3.66
1.12 1.28 1.44 1.32 1.25 1.40 1.71 1.97 2.03 2.11 2.42 3.22 4.21 4.57 4.01 2.36 1.42 1.40 1.62 1.90 2.09 2.55 3.01 2.87 2.63 2.45 1.88 1.20 0.71 0.44 0.42 0.98 2.03 2.64 2.83 2.79 2.60 2.32 1.96 1.84 1.74 1.41 1.06 1.11 2.06 3.43 3.66 2.92 2.46 2.21 2.01 1.93 1.83 1.74 1.65 1.58 1.57 1.74 2.01 2.09 2.09 2.12 2.13 2.14 2.21 2.31 2.38 2.43 2.50 2.57 2.74 2.96 2.81 2.24 1.77 1.44 1.00 0.76 0.76 0.78 0.89 1.32 1.94 2.64
1.11 1.24 1.38 1.25 1.12 1.18 1.37 1.65 1.80 1.83 1.93 2.35 3.11 4.05 4.57 4.20 2.71 1.93 1.82 1.83 1.53 1.62 2.49 2.96 2.93 2.73 2.18 1.45 0.89 0.49 0.29 0.55 1.33 2.16 2.95 3.42 3.14 2.42 1.98 1.84 1.68 1.45 1.11 0.85 1.25 2.61 3.46 3.22 2.77 2.48 2.21 2.03 1.88 1.80 1.70 1.63 1.65 1.78 1.98 2.06 2.08 2.13 2.17 2.20 2.25 2.33 2.36 2.41 2.48 2.55 2.69 2.99 3.15 2.82 2.23 1.85 1.40 0.92 0.81 0.85 0.83 0.82 1.06 1.67
1.14 1.27 1.44 1.31 1.14 1.22 1.35 1.40 1.45 1.45 1.46 1.57 1.87 2.47 3.41 4.26 3.92 3.02 2.32 1.69 1.17 1.17 1.79 2.78 3.29 3.03 2.30 1.74 1.33 0.82 0.42 0.33 0.67 1.41 2.27 3.36 3.89 3.20 2.30 1.99 1.79 1.56 1.31 0.96 0.85 1.56 2.79 3.19 3.05 2.70 2.36 2.17 1.91 1.76 1.68 1.60 1.64 1.82 2.02 2.09 2.08 2.09 2.15 2.20 2.26 2.33 2.37 2.39 2.45 2.54 2.68 2.92 3.19 3.23 2.92 2.44 1.88 1.22 0.94 0.94 0.91 0.85 0.74 0.78
1.19 1.30 1.53 1.51 1.30 1.36 1.55 1.61 1.51 1.26 1.10 1.10 1.25 1.64 2.19 3.01 3.89 3.73 2.62 1.45 1.06 0.99 1.23 2.04 3.25 3.46 2.41 1.91 1.70 1.25 0.80 0.44 0.40 0.84 1.53 2.54 3.74 4.08 3.36 2.60 2.23 1.91 1.67 1.34 0.90 0.93 1.73 2.54 2.90 2.69 2.31 2.15 1.97 1.80 1.69 1.57 1.54 1.72 1.95 2.05 2.04 1.99 2.01 2.14 2.22 2.29 2.36 2.37 2.39 2.48 2.67 2.90 3.09 3.29 3.30 3.10 2.53 1.65 1.23 1.15 1.03 0.89 0.76 0.66
1.22 1.26 1.43 1.58 1.49 1.43 1.57 1.87 2.06 1.66 1.14 0.99 1.07 1.35 1.82 2.38 3.60 4.03 2.71 1.44 1.01 0.85 0.96 1.35 2.53 3.61 3.16 2.11 1.71 1.34 0.95 0.61 0.30 0.46 1.05 1.76 2.74 3.80 4.10 3.77 3.20 2.63 2.29 1.94 1.40 0.94 1.04 1.70 2.43 2.56 2.24 2.07 1.97 1.84 1.74 1.62 1.56 1.68 1.89 2.00 2.04 2.02 1.92 2.02 2.15 2.21 2.29 2.31 2.30 2.37 2.58 2.82 3.00 3.26 3.39 3.37 3.09 2.22 1.64 1.61 1.36 0.91 0.69 0.65
1.23 1.24 1.30 1.49 1.63 1.51 1.41 1.65 2.24 2.43 1.78 1.26 1.20 1.40 1.69 2.24 3.38 3.90 3.38 2.17 1.19 0.79 0.82 1.09 1.87 3.29 3.70 2.70 1.82 1.36 1.00 0.72 0.32 0.20 0.60 1.19 1.89 2.74 3.53 3.99 3.83 3.26 2.88 2.64 2.20 1.64 1.26 1.37 1.97 2.30 2.13 1.96 1.89 1.83 1.77 1.70 1.67 1.76 1.95 2.08 2.17 2.20 2.08 2.06 2.16 2.18 2.23 2.23 2.15 2.21 2.44 2.66 2.82 3.16 3.52 3.61 3.40 2.54 1.83 1.88 1.80 1.16 0.61 0.56
1.33 1.35 1.34 1.45 1.67 1.63 1.41 1.36 1.73 2.42 2.53 2.01 1.89 1.93 2.05 2.57 3.11 3.41 3.45 3.11 2.19 1.06 0.77 0.93 1.33 2.45 3.69 3.76 2.71 1.77 1.30 0.99 0.58 0.18 0.19 0.66 1.32 1.94 2.62 3.37 3.73 3.47 3.12 2.96 2.68 2.31 1.88 1.62 1.85 2.16 2.14 1.97 1.85 1.79 1.75 1.70 1.71 1.81 1.94 2.06 2.20 2.25 2.20 2.16 2.22 2.26 2.27 2.26 2.08 1.94 2.15 2.45 2.63 2.86 3.41 3.91 3.87 2.95 1.94 1.85 1.94 1.55 0.88 0.53
1.39 1.48 1.50 1.52 1.68 1.73 1.58 1.41 1.37 1.75 2.32 2.35 2.25 2.44 2.89 2.95 2.70 2.73 2.84 3.05 2.81 1.77 1.00 0.82 0.86 1.46 2.78 3.92 3.77 2.67 1.85 1.50 1.13 0.55 0.18 0.26 0.74 1.37 2.13 2.87 3.27 3.32 3.15 2.91 2.80 2.63 2.28 1.94 1.94 2.15 2.18 2.06 1.89 1.78 1.70 1.66 1.70 1.82 1.90 1.98 2.12 2.20 2.21 2.23 2.28 2.35 2.36 2.40 2.28 1.86 1.70 2.00 2.34 2.58 3.10 3.89 4.29 3.79 2.47 1.96 1.88 1.63 1.25 0.82
1.30 1.51 1.65 1.54 1.63 1.69 1.64 1.56 1.43 1.44 1.69 1.89 1.94 2.53 3.51 3.06 2.25 2.23 2.31 2.57 2.66 2.07 1.36 0.93 0.66 0.88 1.77 3.11 3.89 3.52 2.60 2.02 1.71 1.21 0.56 0.23 0.32 0.87 1.84 2.60 2.70 2.93 3.08 2.79 2.68 2.62 2.37 2.01 1.92 2.05 2.09 2.02 1.91 1.80 1.71 1.64 1.68 1.82 1.92 2.01 2.13 2.21 2.24 2.27 2.33 2.42 2.43 2.50 2.61 2.20 1.56 1.40 1.70 2.04 2.60 3.52 4.31 4.43 3.69 2.60 1.96 1.60 1.39 1.17
1.09 1.30 1.65 1.65 1.59 1.54 1.47 1.51 1.57 1.59 1.59 1.68 1.70 2.59 3.69 3.06 2.23 2.01 1.96 2.23 2.35 1.95 1.48 1.14 0.70 0.57 1.10 2.22 3.31 3.67 3.14 2.41 1.97 1.60 1.11 0.49 0.21 0.50 1.64 2.50 2.37 2.45 2.78 2.68 2.52 2.49 2.32 2.01 1.89 1.95 1.98 1.92 1.86 1.78 1.69 1.62 1.65 1.81 1.90 2.00 2.13 2.22 2.26 2.27 2.33 2.45 2.49 2.54 2.75 2.68 1.96 1.32 1.15 1.17 1.46 2.46 3.71 4.43 4.52 3.98 2.75 1.83 1.53 1.39
0.97 1.03 1.35 1.68 1.76 1.57 1.30 1.26 1.42 1.64 1.79 1.83 1.86 2.90 3.56 3.07 2.60 2.27 1.95 2.10 2.22 1.82 1.41 1.14 0.76 0.46 0.62 1.53 2.53 3.21 3.46 3.12 2.38 1.86 1.51 0.91 0.33 0.34 1.35 2.38 2.35 2.15 2.38 2.46 2.42 2.45 2.34 2.06 1.92 1.94 1.94 1.91 1.85 1.78 1.69 1.61 1.64 1.77 1.87 1.94 2.05 2.18 2.28 2.31 2.36 2.45 2.54 2.63 2.78 2.93 2.61 1.77 1.22 1.00 0.87 1.18 2.46 3.59 4.25 4.60 4.02 2.50 1.91 1.58
1.14 1.05 1.05 1.43 1.89 1.93 1.56 1.28 1.24 1.40 1.73 1.97 2.44 3.16 3.14 2.75 2.76 2.75 2.59 2.50 2.38 1.92 1.46 1.13 0.80 0.52 0.47 0.97 1.75 2.32 2.99 3.53 3.27 2.46 1.91 1.25 0.64 0.43 1.04 2.08 2.32 2.13 2.16 2.19 2.23 2.35 2.32 2.12 1.98 1.95 1.91 1.90 1.87 1.84 1.77 1.66 1.66 1.75 1.85 1.91 1.98 2.10 2.21 2.32 2.47 2.58 2.66 2.80 2.90 3.03 3.03 2.52 1.63 1.06 0.82 0.79 1.38 2.47 3.24 4.10 4.39 3.57 2.75 2.10
1.38 1.27 1.09 1.14 1.55 2.04 2.15 1.80 1.48 1.49 1.57 2.04 3.08 3.13 2.40 2.22 2.47 2.60 2.65 3.01 3.07 2.42 1.73 1.28 0.93 0.68 0.53 0.63 1.08 1.44 1.92 2.94 3.57 3.32 2.65 1.86 1.21 0.82 0.96 1.69 2.10 2.14 2.13 2.01 2.01 2.15 2.18 2.10 2.02 1.96 1.89 1.81 1.76 1.81 1.84 1.76 1.71 1.75 1.85 1.90 1.95 2.06 2.12 2.25 2.56 2.89 3.02 3.12 3.17 3.25 3.34 3.15 2.34 1.38 0.91 0.66 0.86 1.70 2.39 3.18 3.90 3.76 3.12 2.60
1.45 1.52 1.36 1.03 0.99 1.36 2.03 2.24 2.15 2.14 1.92 2.58 3.34 2.60 1.82 1.88 2.04 2.12 2.02 2.49 3.24 3.33 2.76 1.93 1.36 0.96 0.67 0.55 0.66 0.85 1.15 1.99 2.96 3.51 3.35 2.61 1.84 1.49 1.32 1.52 1.91 2.10 2.12 1.99 1.94 2.00 2.05 2.05 2.03 1.98 1.90 1.77 1.57 1.50 1.65 1.74 1.75 1.79 1.88 1.95 1.99 2.07 2.09 2.14 2.49 3.03 3.44 3.66 3.75 3.85 3.88 3.85 3.34 2.15 1.21 0.64 0.71 1.41 2.01 2.49 3.21 3.46 2.95 2.38
1.31 1.61 1.73 1.18 0.84 0.87 1.19 1.74 2.25 2.57 2.78 3.44 3.33 1.94 1.56 1.66 1.76 1.88 1.72 1.68 2.32 3.13 3.41 3.19 2.59 1.86 1.19 0.70 0.59 0.61 0.74 1.15 1.93 2.87 3.45 3.09 2.34 2.02 1.86 1.75 1.95 2.17 2.18 2.11 2.02 1.98 1.98 2.00 2.02 1.99 1.94 1.88 1.62 1.22 1.15 1.38 1.60 1.73 1.83 1.98 2.06 2.09 2.06 2.02 2.16 2.55 3.08 3.54 3.93 4.26 4.40 4.40 4.27 3.49 1.87 1.09 1.08 1.70 2.28 2.59 2.89 3.19 2.91 2.16
1.17 1.56 2.00 1.66 1.10 0.92 0.93 1.04 1.55 2.15 3.30 3.98 2.92 1.75 1.52 1.52 1.63 1.83 1.70 1.33 1.43 1.95 2.62 3.17 3.17 2.87 2.48 1.79 1.05 0.72 0.68 0.78 1.08 1.93 3.03 3.15 2.59 2.21 2.06 1.96 2.04 2.22 2.25 2.20 2.14 2.05 1.98 1.98 2.01 2.00 1.96 2.00 1.90 1.44 0.96 0.91 1.24 1.53 1.65 1.80 1.96 2.02 1.98 1.87 1.82 1.87 2.01 2.33 2.87 3.62 4.22 4.43 4.55 4.23 2.93 1.81 1.73 2.14 2.87 3.09 2.69 2.91 3.00 2.18
1.24 1.42 1.86 2.10 1.72 1.32 1.13 1.08 1.26 1.44 2.78 4.31 3.25 1.80 1.57 1.49 1.62 1.85 1.69 1.25 1.21 1.39 1.70 2.20 2.49 2.60 2.72 2.70 2.24 1.56 1.10 0.87 0.75 1.20 2.41 2.79 2.45 2.14 2.02 2.01 2.06 2.18 2.22 2.20 2.17 2.10 2.01 2.00 2.03 2.05 2.03 2.06 2.05 1.76 1.15 0.71 0.88 1.25 1.46 1.57 1.72 1.90 1.94 1.79 1.65 1.66 1.66 1.66 1.84 2.31 3.16 3.98 4.52 4.49 3.58 2.54 2.13 2.30 3.16 3.48 2.82 2.87 2.96 2.18
1.53 1.34 1.34 1.91 2.25 2.10 1.77 1.51 1.40 1.33 2.12 4.09 3.81 2.20 1.87 1.76 1.85 1.97 1.68 1.36 1.29 1.32 1.43 1.57 1.68 1.73 1.84 2.30 2.51 2.40 2.07 1.51 0.94 1.05 1.92 2.37 2.21 1.96 1.89 1.97 2.06 2.15 2.20 2.19 2.16 2.10 2.03 2.01 2.05 2.11 2.14 2.15 2.12 1.88 1.33 0.76 0.62 0.93 1.32 1.50 1.56 1.74 1.95 1.94 1.78 1.78 1.81 1.65 1.60 1.71 2.00 2.95 4.24 4.57 3.80 2.90 2.28 2.15 3.08 3.71 3.29 3.10 2.90 2.25
2.00 1.52 0.98 1.22 1.94 2.51 2.68 2.42 1.98 1.46 2.05 3.50 3.35 2.48 2.42 2.43 2.49 2.57 2.34 1.97 1.68 1.50 1.49 1.43 1.37 1.38 1.29 1.34 1.67 2.00 2.34 2.31 1.74 1.33 1.69 2.11 2.06 1.88 1.80 1.88 2.02 2.12 2.19 2.22 2.20 2.13 2.07 2.04 2.08 2.13 2.19 2.27 2.23 1.93 1.46 0.96 0.61 0.69 1.11 1.42 1.46 1.53 1.77 1.99 2.05 2.12 2.18 2.00 1.86 1.86 1.82 2.17 3.43 4.33 3.91 3.16 2.58 2.09 2.45 3.47 3.73 3.39 2.99 2.63
2.57 1.83 0.91 0.72 1.00 1.79 2.57 3.14 2.97 2.21 2.52 3.04 2.60 2.14 2.20 2.43 2.70 2.86 2.91 2.99 2.94 2.65 2.27 1.89 1.54 1.40 1.24 1.11 1.09 1.04 1.50 2.29 2.19 1.68 1.72 2.02 2.04 1.92 1.84 1.86 1.97 2.09 2.17 2.27 2.30 2.22 2.14 2.12 2.16 2.18 2.25 2.42 2.39 1.99 1.52 1.01 0.52 0.45 0.73 1.10 1.25 1.31 1.46 1.69 1.94 2.22 2.46 2.52 2.49 2.50 2.45 2.49 3.13 3.99 3.92 3.45 3.23 2.71 2.26 2.96 3.83 3.83 3.58 3.01
2.96 2.16 1.08 0.72 0.63 0.80 1.37 2.52 3.40 3.20 2.84 2.60 2.18 1.76 1.52 1.77 2.32 2.49 2.42 2.70 3.16 3.35 3.37 3.31 2.82 1.98 1.50 1.27 1.13 0.88 0.99 1.78 2.11 1.85 1.82 2.05 2.12 2.02 1.93 1.91 1.98 2.08 2.12 2.21 2.32 2.30 2.22 2.25 2.29 2.28 2.36 2.59 2.61 2.20 1.66 1.10 0.49 0.14 0.35 0.75 1.00 1.14 1.26 1.37 1.51 1.77 2.11 2.39 2.57 2.74 2.91 3.05 3.50 4.11 4.16 3.77 3.59 3.36 2.97 3.20 3.92 4.53 4.59 3.77
2.85 2.58 1.80 1.19 0.85 0.67 0.75 1.52 3.09 3.56 3.02 2.49 2.18 1.75 1.37 1.31 1.76 2.17 2.10 1.98 2.27 2.71 3.08 3.57 3.87 3.51 2.50 1.80 1.56 1.37 1.12 1.46 1.93 1.90 1.85 2.01 2.14 2.14 2.06 1.99 2.03 2.12 2.13 2.15 2.25 2.28 2.22 2.29 2.36 2.36 2.50 2.77 2.82 2.53 1.98 1.30 0.65 0.18 0.08 0.27 0.66 0.96 1.12 1.19 1.25 1.38 1.62 1.88 2.04 2.16 2.30 2.53 3.07 3.88 4.29 4.02 3.56 3.24 3.03 3.33 3.89 4.45 5.14 4.83
2.15 2.57 2.89 2.37 1.72 1.03 0.61 1.26 3.03 3.58 2.89 2.65 2.44 1.92 1.51 1.21 1.24 1.68 2.03 1.95 1.78 1.89 2.07 2.53 3.46 4.08 3.62 2.30 1.73 1.62 1.35 1.38 1.72 1.86 1.85 1.91 2.06 2.14 2.15 2.12 2.10 2.17 2.18 2.16 2.24 2.29 2.21 2.21 2.34 2.42 2.59 2.94 3.07 2.88 2.38 1.56 0.86 0.33 0.28 0.24 0.13 0.62 0.96 1.09 1.15 1.23 1.40 1.60 1.77 1.90 1.76 1.52 1.81 2.66 3.56 3.97 3.66 2.86 2.42 2.95 3.36 3.61 4.69 5.42
1.26 1.75 2.64 2.96 2.88 1.97 0.92 1.43 3.12 3.23 2.38 2.53 2.77 2.45 1.85 1.37 1.07 1.14 1.55 1.81 1.72 1.59 1.52 1.78 2.51 3.63 4.12 3.03 1.78 1.60 1.56 1.52 1.67 1.82 1.87 1.87 1.96 2.05 2.11 2.16 2.19 2.23 2.22 2.18 2.27 2.43 2.38 2.17 2.21 2.40 2.59 2.93 3.26 3.25 2.78 1.88 1.10 0.55 0.22 0.40 0.36 0.13 0.69 0.96 1.05 1.11 1.26 1.46 1.69 1.99 1.86 1.31 1.19 1.68 2.52 3.64 3.85 2.89 2.25 2.49 2.78 2.94 3.74 5.33
