windninja/windninja_output/Output_2025-08-09_1100-1150_Google earth_Fire_150m_10min/merlingen_7.5mi_point_08-09-2025_1110_150m_ang.asc
ncols	158
nrows	163
xllcorner	391686.332397
yllcorner	5160024.123721
cellsize	150.000000
NODATA_value	-32768.000000
[rows 54 to 107 of 163, columns 0 to 95 of 158]
84 85 90 93 90 88 86 83 82 83 87 88 87 86 86 85 84 83 83 83 82 82 82 82 82 81 81 81 81 81 81 82 82 82 83 84 85 86 88 91 93 92 89 88 86 80 72 67 70 69 65 68 71 75 79 78 68 60 60 63 67 73 78 77 69 59 51 47 50 51 49 47 48 51 53 53 52 55 61 61 58 58 58 56 56 61 65 66 62 59 58 58 56 56 69 85
84 84 86 91 92 89 87 84 81 81 84 88 88 88 87 85 85 84 83 83 82 82 82 82 82 82 81 81 81 81 81 82 82 82 82 83 84 85 86 89 92 92 89 87 87 86 82 78 77 71 66 70 73 76 79 74 62 57 61 65 69 74 76 74 66 55 47 44 47 49 46 46 51 54 54 53 52 56 60 59 58 59 57 55 53 54 55 56 58 59 61 62 62 64 76 85
86 85 84 85 88 89 89 88 83 81 82 85 88 89 88 86 85 85 84 83 83 82 82 82 82 82 81 81 81 81 81 81 82 82 82 82 83 84 85 86 88 89 88 88 88 90 91 88 83 73 69 73 74 77 78 71 58 58 64 69 73 75 74 70 63 54 47 45 48 49 46 49 52 53 53 51 52 57 59 57 57 58 58 55 54 53 50 49 51 57 65 70 74 77 79 78
86 85 84 82 83 86 88 89 88 85 82 82 84 87 89 88 87 85 85 84 84 83 82 82 82 82 82 81 81 81 81 81 81 81 82 82 82 83 84 84 85 86 87 88 89 91 95 95 90 81 75 76 77 79 78 68 56 60 67 72 75 75 73 68 61 52 45 44 46 47 48 51 52 52 52 50 52 56 56 54 54 55 56 56 56 56 54 51 50 54 64 75 83 84 83 73
85 85 84 83 82 82 84 88 91 89 85 80 79 82 87 90 89 87 85 85 84 83 83 83 82 82 82 81 81 81 81 81 81 81 81 82 82 82 83 83 84 85 86 87 89 91 93 97 97 93 86 81 81 81 77 67 59 66 73 75 75 73 71 67 60 51 43 40 40 45 49 52 53 52 52 51 53 55 53 50 50 52 54 55 56 57 56 56 56 60 71 79 83 85 81 66
84 84 83 83 83 83 83 86 90 91 88 83 79 79 83 88 90 89 87 86 84 84 84 83 82 82 82 82 81 81 81 81 81 81 81 81 82 82 82 83 83 84 84 85 87 88 90 94 99 104 101 91 85 82 76 67 64 73 78 77 75 72 69 65 59 52 43 35 37 47 51 52 53 53 52 51 55 55 51 49 49 51 52 52 53 54 55 58 63 73 82 83 81 81 73 58
83 83 83 83 83 84 84 85 87 89 89 87 83 80 79 82 87 89 89 87 85 84 84 83 82 82 82 82 82 81 81 81 81 81 81 81 81 81 82 82 82 83 83 84 85 86 88 91 96 104 111 102 91 84 77 69 70 78 80 78 75 73 69 65 60 53 44 34 40 51 54 54 55 55 52 52 55 53 50 50 50 51 52 51 51 53 57 63 73 83 85 80 77 70 62 54
83 83 83 83 82 83 84 85 87 88 89 90 88 84 79 78 81 86 89 89 87 86 84 83 82 82 82 82 82 82 81 81 81 81 81 81 81 81 81 82 82 82 83 83 84 85 86 89 92 99 109 108 98 88 79 73 76 81 81 79 76 73 71 67 61 55 44 35 45 54 55 55 57 56 53 54 54 51 49 49 50 52 53 53 54 57 63 72 81 86 82 75 68 58 55 51
84 83 83 83 83 83 84 85 86 87 88 90 91 88 82 78 77 80 85 88 89 88 85 84 83 82 82 83 82 82 82 81 81 81 81 81 81 81 81 81 81 82 82 83 83 84 85 87 90 94 102 107 101 93 82 78 82 83 81 79 77 74 72 67 61 55 44 39 49 55 55 57 59 57 54 53 52 50 48 48 49 51 53 56 58 65 75 84 86 83 76 69 61 54 51 50
84 84 85 85 85 85 85 85 85 85 87 90 91 90 87 82 78 77 79 83 87 88 87 85 83 83 83 83 83 82 82 82 81 81 81 81 81 81 81 81 81 81 82 82 83 83 84 86 88 91 97 103 101 95 87 82 83 83 82 79 76 73 70 66 64 59 49 49 54 56 56 58 59 56 52 51 50 49 47 46 48 50 52 57 61 70 82 89 87 79 66 61 56 52 50 49
84 85 85 86 87 88 87 86 85 85 85 88 92 91 90 87 82 78 76 78 82 85 86 86 85 83 83 83 83 82 82 82 81 81 81 81 81 81 81 81 81 81 81 82 82 83 84 85 86 89 93 99 100 97 94 87 83 82 81 81 77 70 66 67 69 66 59 58 58 56 56 58 60 56 50 48 48 46 42 42 46 48 53 59 66 78 84 85 80 68 59 56 52 51 50 48
82 82 84 86 86 87 87 86 86 86 86 88 91 92 90 90 87 81 77 76 78 80 83 86 86 85 84 83 83 83 83 82 82 81 81 81 81 81 81 81 81 81 81 81 82 82 83 84 85 87 90 95 98 98 98 97 88 82 80 80 74 64 63 67 68 66 63 61 59 58 58 60 60 55 49 47 46 43 38 41 46 51 57 63 72 81 83 77 67 56 52 51 49 50 50 49
78 78 80 83 85 86 86 84 84 86 88 88 89 92 92 90 89 86 81 78 76 75 78 82 85 86 85 84 83 83 83 82 82 82 81 81 81 81 81 81 81 81 81 81 81 82 82 83 84 86 88 91 94 96 100 103 98 87 80 76 68 59 64 67 66 64 62 60 60 60 60 62 60 54 49 46 45 41 38 42 48 54 60 66 73 77 76 68 57 51 48 46 47 47 50 53
72 72 73 76 81 86 86 82 82 84 88 88 86 88 92 90 88 88 86 83 77 74 74 77 80 83 85 85 85 84 83 83 82 82 82 81 81 81 81 81 80 80 81 81 81 81 82 82 83 84 86 87 90 93 97 101 102 95 86 78 69 66 72 72 68 64 60 59 61 62 62 63 61 55 49 46 43 38 36 42 49 56 64 68 73 75 69 58 52 48 44 43 45 46 49 54
71 72 72 71 74 79 79 75 77 82 86 86 85 85 86 88 88 88 89 86 82 78 76 75 75 76 79 83 86 86 86 84 83 83 82 82 81 81 81 81 80 80 80 80 81 81 81 82 82 83 84 85 87 89 92 95 98 97 92 84 79 81 84 81 74 66 61 60 61 61 62 64 64 58 51 48 44 38 36 45 54 62 68 70 78 77 65 52 49 45 43 43 45 47 49 52
82 85 83 79 77 75 71 69 74 79 80 79 78 79 79 81 84 86 88 87 84 82 80 77 73 69 73 80 85 87 88 87 85 84 83 82 82 81 81 81 80 80 80 80 80 81 81 81 82 82 83 84 85 86 88 89 91 92 92 89 87 91 93 89 82 74 69 65 62 60 60 64 65 59 51 50 46 42 42 52 62 68 68 72 82 78 61 49 46 43 41 41 44 46 50 51
86 92 96 94 90 83 76 77 81 81 78 74 73 72 73 74 76 79 82 85 85 84 83 82 75 68 71 76 80 84 86 88 87 86 84 83 82 82 81 81 80 80 80 80 80 80 80 81 81 81 82 83 83 84 85 86 86 87 87 87 88 92 95 94 91 89 83 77 71 65 63 66 66 57 50 50 49 47 48 58 66 68 70 78 84 75 56 47 44 41 39 40 43 44 48 50
85 89 96 98 96 92 89 93 94 88 81 78 78 76 74 74 74 75 76 79 81 83 84 82 78 72 72 73 75 78 81 85 87 88 86 84 83 82 81 81 81 80 80 80 80 80 80 80 81 81 81 82 82 83 83 83 84 84 84 85 86 88 90 91 93 95 94 90 84 78 74 72 67 56 50 51 53 51 52 61 67 70 75 84 81 65 48 43 42 41 41 41 43 42 44 49
85 88 94 96 95 94 95 99 98 91 84 84 84 83 82 80 80 78 76 75 76 79 81 81 80 78 77 74 73 74 76 79 83 87 87 86 85 83 82 81 81 80 80 80 80 80 80 80 80 80 81 81 81 81 82 82 82 82 82 83 83 84 85 87 88 90 93 94 94 94 93 85 74 61 56 58 58 56 54 60 68 75 83 85 75 53 41 41 43 43 42 44 47 47 50 61
86 89 94 95 95 96 96 98 97 92 87 86 86 86 86 85 85 84 81 79 78 78 79 79 79 80 80 77 74 73 73 75 78 82 86 87 85 84 83 82 81 81 80 80 80 80 80 80 80 80 80 80 80 81 81 81 81 81 81 81 82 82 83 83 84 85 87 89 92 97 99 96 86 73 68 68 66 61 55 60 71 82 87 82 64 46 39 40 45 45 43 45 50 56 69 78
87 89 94 97 98 97 98 97 95 93 91 89 88 87 87 87 87 86 85 84 83 81 80 79 79 80 80 78 76 74 73 74 75 78 81 83 84 84 84 83 81 81 80 80 80 80 80 80 80 80 80 80 80 80 80 80 80 80 80 80 81 81 81 81 82 82 83 85 87 90 92 93 92 87 81 77 71 63 57 63 78 86 85 72 53 42 40 42 46 46 46 45 47 65 76 79
86 89 94 99 101 100 100 99 97 95 94 92 91 90 89 89 88 87 86 86 85 84 82 81 80 80 81 80 77 75 74 74 75 76 78 80 82 83 84 83 82 81 80 80 80 80 80 80 80 80 80 80 80 80 80 80 80 80 80 80 80 80 80 80 80 81 82 82 83 84 85 87 89 92 92 86 76 65 60 71 85 85 77 60 45 39 40 44 47 51 55 53 59 76 77 74
85 87 92 98 103 104 104 103 100 98 97 95 94 93 92 91 90 89 87 86 85 84 83 82 81 80 82 83 81 77 75 74 75 75 77 80 82 83 84 83 82 81 80 80 80 80 80 80 80 80 80 80 80 79 79 79 79 79 79 79 79 79 79 79 79 80 80 81 81 81 82 83 85 89 94 93 85 72 68 81 87 81 68 54 46 44 46 49 52 60 68 77 85 84 77 70
86 86 88 94 102 107 108 107 105 103 101 99 96 95 94 93 92 90 89 87 86 85 84 83 80 78 82 85 85 81 76 74 74 75 76 79 81 83 84 84 82 81 80 80 80 80 80 80 80 80 80 80 80 79 79 79 79 79 79 79 79 78 78 79 79 79 79 79 80 80 80 81 83 85 90 94 93 86 82 87 84 73 60 53 51 55 59 59 61 69 77 84 87 82 73 67
86 84 80 87 100 108 111 111 111 110 107 102 98 96 95 94 93 92 90 88 87 86 86 84 79 77 80 84 86 83 78 75 74 74 75 76 78 80 82 84 83 82 80 80 80 80 80 80 80 80 80 80 80 80 79 79 79 78 78 78 78 78 78 78 78 78 78 79 79 79 79 80 81 82 85 89 94 98 96 89 79 63 52 52 51 53 57 60 67 73 77 80 81 76 68 65
83 78 71 77 92 106 114 116 116 117 113 105 100 98 96 95 94 93 92 89 88 87 86 85 81 79 80 81 83 83 80 78 75 75 75 75 75 75 78 82 84 83 81 81 80 80 80 81 81 81 81 81 80 80 79 79 79 78 78 78 78 78 78 78 78 78 78 78 78 78 78 79 79 80 82 85 90 98 100 88 72 55 48 48 46 47 53 64 74 77 77 77 76 73 67 64
76 72 70 76 87 102 118 121 119 120 116 107 101 98 96 95 94 93 92 90 89 88 87 85 83 82 82 81 81 81 82 81 78 75 74 74 73 73 74 77 80 81 82 82 81 81 81 81 82 84 84 83 81 81 80 79 79 78 78 78 78 77 77 77 77 77 77 77 78 78 78 78 78 79 80 82 85 92 95 85 65 50 47 46 45 50 64 77 80 79 77 75 74 71 68 68
73 75 80 87 97 102 109 115 115 115 112 105 99 97 96 95 94 93 92 91 90 88 87 86 85 85 85 83 81 81 83 83 81 77 73 71 71 72 73 73 73 75 78 80 82 83 83 83 84 88 88 86 83 81 80 79 79 78 78 78 77 77 77 77 77 77 77 77 77 77 77 77 78 78 79 80 82 85 87 79 58 47 48 47 49 62 80 84 81 77 75 74 72 69 68 69
85 87 93 102 105 99 91 93 98 99 100 99 97 95 94 94 93 92 93 93 92 90 89 87 86 86 86 85 83 82 83 84 84 82 78 73 71 71 72 72 70 70 71 74 76 78 80 80 82 85 88 89 87 83 81 79 79 78 78 78 78 77 77 77 77 77 77 77 77 77 77 77 77 78 78 79 80 81 82 77 56 43 47 51 62 81 85 84 81 77 74 71 69 66 65 67
91 95 100 102 98 88 82 80 80 83 87 92 93 93 92 92 91 92 93 93 94 92 90 89 89 88 87 86 83 82 82 82 82 82 81 79 76 74 73 73 71 70 70 71 72 72 74 75 77 77 78 81 83 83 81 79 79 78 78 78 78 77 77 77 77 77 77 76 76 76 77 77 77 77 78 78 79 80 81 78 59 40 45 56 78 89 88 84 81 78 75 72 69 66 65 66
86 89 93 89 82 79 76 74 74 76 82 88 90 89 89 90 90 91 92 94 95 95 93 91 93 93 88 85 83 82 81 80 79 78 79 80 80 79 78 75 74 74 74 75 75 75 77 79 80 78 75 74 76 78 79 79 79 78 78 78 78 78 77 77 77 77 76 76 76 76 76 77 77 77 78 78 78 79 80 78 65 45 52 69 87 90 87 84 81 80 78 75 72 69 67 68
82 82 82 81 78 75 70 68 73 79 84 87 87 86 86 87 88 89 91 94 96 96 96 95 96 96 91 86 85 84 81 79 77 75 75 77 78 79 80 80 79 78 77 77 78 79 81 83 84 83 80 77 75 75 77 78 79 79 79 79 78 78 78 77 77 77 76 76 76 76 76 76 77 77 77 78 78 79 80 80 78 71 81 90 91 89 85 81 80 79 78 76 73 70 68 68
82 81 79 79 76 72 66 67 74 82 85 85 85 85 84 84 84 86 88 91 94 95 97 100 101 98 92 88 86 85 82 80 79 76 74 73 72 73 76 80 82 81 79 77 77 79 81 82 84 85 84 81 78 76 77 79 80 80 80 79 79 79 78 77 77 77 76 76 76 76 76 77 77 77 77 78 79 80 82 86 99 126 116 99 92 87 84 82 79 78 77 76 76 73 68 64
83 81 79 78 74 69 66 69 75 80 82 81 83 83 82 81 79 80 83 87 90 91 95 102 108 103 92 87 85 83 82 82 81 82 80 75 71 69 70 73 77 80 80 78 77 77 79 80 81 83 84 83 81 79 79 80 81 82 82 81 80 79 79 78 77 77 77 76 76 76 76 77 77 77 78 78 79 81 85 91 108 139 136 110 93 86 83 82 80 79 79 80 81 77 71 65
84 83 80 78 73 67 66 69 72 74 76 80 83 80 78 75 73 75 79 83 87 89 97 106 112 103 89 85 82 80 80 81 82 84 85 83 79 74 71 70 71 74 77 78 76 76 76 78 79 79 80 82 82 81 80 80 82 84 85 84 83 81 79 78 77 77 77 76 76 76 76 77 77 77 78 79 80 82 85 91 105 131 139 122 103 89 83 81 80 82 84 85 83 79 78 80
86 85 82 78 74 69 67 67 66 68 75 81 80 77 74 69 68 72 77 83 88 96 104 107 102 87 83 81 80 79 79 79 80 81 83 85 86 82 77 75 73 73 74 76 77 76 75 75 77 77 77 78 80 80 78 77 78 81 86 90 87 83 80 78 77 77 77 77 76 77 77 77 77 78 78 79 81 82 85 91 101 119 132 125 112 101 92 86 85 87 88 85 79 76 77 83
86 84 78 75 75 73 70 65 61 64 73 78 75 71 69 65 66 69 76 86 98 106 106 94 70 64 74 78 78 78 78 79 80 79 80 82 84 85 82 77 75 75 75 77 78 78 76 75 75 77 78 79 80 79 76 74 73 76 83 90 90 84 80 78 77 77 77 77 77 77 77 77 77 78 78 79 81 82 85 90 97 109 121 121 115 110 103 96 93 94 89 80 78 77 76 78
82 78 70 67 69 70 68 63 58 63 71 71 64 62 61 61 64 66 72 88 104 111 95 68 49 53 68 74 76 78 78 79 80 80 80 81 81 83 83 79 74 73 75 77 79 79 78 77 76 77 80 82 83 82 76 72 72 75 79 81 82 81 79 78 77 77 77 77 77 77 77 77 77 78 79 79 81 82 85 88 94 102 112 116 114 112 108 102 98 95 87 79 82 83 82 83
79 74 66 62 62 61 58 51 48 55 63 63 57 56 59 62 64 66 74 86 96 93 67 52 43 51 66 73 75 77 78 79 80 81 82 82 81 81 82 82 76 72 72 76 79 80 80 79 78 80 82 86 87 86 82 78 78 79 77 74 72 75 77 78 77 77 77 77 77 77 77 77 78 78 79 80 81 82 84 87 91 97 105 111 112 110 107 104 99 91 82 83 88 88 87 89
79 75 68 64 63 61 56 46 38 47 54 52 44 43 45 52 59 66 78 82 74 45 40 42 42 54 67 72 75 77 78 80 83 84 84 83 81 81 81 82 79 72 70 73 76 78 80 79 79 80 83 89 92 89 88 91 88 84 79 74 72 72 75 77 78 78 78 78 77 77 77 78 78 78 79 79 81 82 84 86 89 93 98 104 107 107 105 102 95 87 83 85 88 88 88 90
79 76 71 70 71 70 64 52 40 50 55 50 42 39 39 50 58 67 75 70 53 35 33 39 45 59 68 72 74 75 77 81 86 88 86 83 82 82 82 82 80 74 70 69 70 72 76 78 79 79 82 87 90 87 88 93 93 88 83 78 75 74 75 77 78 78 78 78 78 78 78 78 78 78 79 79 80 81 83 85 87 89 93 97 100 101 101 98 92 87 85 85 86 86 86 86
76 74 72 74 76 73 67 61 60 68 69 62 56 55 57 68 69 74 73 61 46 42 41 47 55 65 70 73 73 72 76 81 85 86 85 84 84 83 83 83 82 79 74 69 66 66 69 73 77 80 82 81 79 80 84 88 90 89 85 81 79 76 77 78 79 79 79 78 78 78 78 78 78 79 79 80 80 81 82 84 85 87 89 91 93 94 95 93 89 87 85 84 84 83 83 83
76 75 74 75 73 67 63 63 72 85 86 77 70 68 75 80 79 82 74 49 44 49 54 63 70 74 74 74 74 75 78 80 81 82 83 85 86 86 85 84 85 85 82 75 70 67 68 71 75 79 78 74 70 73 79 84 87 88 86 84 81 79 79 80 80 80 80 79 79 79 79 79 79 79 79 80 80 81 82 83 84 85 86 88 89 89 89 88 87 85 84 83 82 82 81 81
78 78 77 74 70 65 62 61 66 77 83 80 79 76 80 83 86 84 69 47 44 53 63 75 82 80 76 75 76 80 83 82 80 80 82 86 88 88 88 87 87 89 88 84 80 76 75 76 78 78 74 71 70 71 76 80 83 86 86 86 84 82 82 82 82 81 81 80 80 80 79 79 79 79 80 80 80 81 81 82 83 84 84 85 86 86 86 85 84 83 82 81 81 80 79 79
80 81 79 76 75 71 66 64 65 68 73 79 85 87 88 89 87 79 61 50 48 56 69 79 81 73 72 75 79 82 84 83 82 81 82 85 88 91 93 92 90 91 91 89 85 84 83 82 80 77 73 72 71 72 74 77 79 82 84 84 84 84 85 86 85 84 83 82 81 80 80 80 79 80 80 80 80 81 81 82 82 83 83 83 84 84 83 83 82 82 81 80 79 79 78 78
80 81 80 81 82 80 78 75 71 69 71 74 79 86 90 87 81 71 59 52 53 63 74 76 66 58 66 74 78 81 83 84 85 85 84 86 88 91 95 97 95 94 94 91 86 85 84 82 78 75 73 73 71 71 73 75 76 78 81 81 80 82 84 87 88 88 86 84 82 81 81 80 80 80 80 81 81 81 81 82 82 82 82 82 82 82 82 81 81 80 80 79 78 78 77 76
78 79 80 81 81 80 80 79 76 72 72 72 74 80 83 79 76 73 63 58 67 78 79 68 54 56 66 73 77 80 82 85 88 90 91 91 91 91 94 99 101 99 98 96 90 85 82 80 77 74 73 72 71 70 71 72 73 75 77 79 78 78 79 83 86 89 89 87 85 82 81 81 81 81 81 81 81 81 82 82 82 82 82 82 81 81 81 80 80 79 79 78 77 77 76 76
78 79 80 79 78 77 77 77 76 74 74 72 70 69 70 71 72 72 67 71 83 86 75 59 55 61 68 73 76 78 81 85 89 93 97 98 96 95 95 99 103 103 102 101 95 87 83 81 78 75 73 72 71 71 72 71 71 72 74 75 78 78 77 79 82 85 88 88 86 84 83 83 83 82 82 82 82 82 82 82 82 82 82 81 81 81 80 80 79 78 78 77 76 76 75 75
79 80 80 78 76 77 77 76 76 75 74 72 68 63 63 66 69 68 67 76 81 74 61 59 60 65 70 74 76 78 82 86 90 94 99 103 104 102 100 101 105 107 106 106 102 92 84 80 78 75 73 72 71 71 71 71 71 71 70 71 74 76 77 77 79 81 83 84 84 83 84 86 86 85 84 84 83 83 83 83 83 82 82 82 81 80 80 79 79 78 77 77 76 75 75 74
79 79 79 77 76 76 76 76 76 75 75 74 72 72 74 74 73 71 72 76 72 58 57 62 63 65 69 75 78 82 85 87 89 93 98 103 108 108 105 104 107 110 111 110 110 102 90 82 77 74 73 73 72 71 70 70 70 70 70 70 70 72 73 75 76 78 79 79 78 79 83 87 89 88 87 86 86 85 85 85 84 84 83 82 81 80 80 79 78 78 77 76 75 75 74 74
78 78 77 76 76 77 77 77 76 77 79 80 81 86 90 88 83 78 78 75 64 56 59 62 61 63 68 73 78 83 87 88 90 92 96 100 107 111 110 108 110 114 115 115 116 111 99 88 79 75 74 73 73 73 72 70 69 69 70 71 71 71 71 73 74 74 74 73 73 74 77 81 86 90 90 90 90 90 88 87 86 85 84 83 82 81 80 79 78 78 77 76 75 74 74 73
78 77 75 75 76 77 77 76 76 78 81 84 88 92 94 94 89 83 78 71 64 61 62 61 60 62 67 71 75 81 86 90 91 91 92 97 105 111 114 114 114 116 118 119 120 118 108 95 84 77 74 73 72 72 73 72 70 68 69 70 70 70 71 74 74 73 72 70 69 71 73 73 76 83 87 90 93 93 92 91 91 89 87 85 83 82 80 79 78 78 77 76 75 74 74 73
77 76 73 72 73 74 75 75 75 77 81 84 87 90 92 91 87 82 75 68 65 66 65 60 59 62 64 67 72 79 85 90 91 88 89 96 105 113 116 117 117 118 119 121 124 124 118 104 93 84 78 74 70 69 69 70 71 70 69 69 69 69 70 72 72 72 71 69 67 68 70 70 71 73 78 83 88 90 91 93 96 96 91 87 85 83 81 80 79 78 77 76 75 75 74 73
75 73 71 70 71 72 73 74 74 75 78 79 79 79 82 85 83 80 74 67 65 69 69 61 57 60 61 62 68 78 85 89 88 82 87 99 108 112 113 116 119 120 120 122 125 128 127 116 102 91 83 77 73 70 68 67 68 69 69 68 68 69 70 70 70 70 69 69 67 66 67 69 70 71 74 78 81 84 86 88 93 98 97 91 87 84 82 81 79 78 77 76 76 75 74 73
