windninja/windninja_output/Output_2025-08-09_1100-1150_Google earth_Fire_150m_10min/merlingen_7.5mi_point_08-09-2025_1110_150m_vel.asc
ncols	158
nrows	163
xllcorner	391686.332397
yllcorner	5160024.123721
cellsize	150.000000
NODATA_value	-32768.000000
[rows 0 to 37 of 163, columns 0 to 83 of 158]
1.30 1.32 1.33 1.32 1.35 1.37 1.29 1.28 1.37 1.38 1.34 1.33 1.43 1.64 1.73 1.65 1.50 1.37 1.39 1.45 1.27 1.12 1.30 1.47 1.50 1.43 1.33 1.33 1.43 1.45 1.44 1.46 1.46 1.42 1.45 1.53 1.45 1.40 1.42 1.37 1.39 1.47 1.47 1.48 1.48 1.46 1.48 1.41 1.35 1.41 1.46 1.48 1.53 1.54 1.52 1.53 1.54 1.57 1.58 1.54 1.52 1.56 1.60 1.61 1.64 1.70 1.77 1.77 1.71 1.62 1.58 1.61 1.64 1.67 1.72 1.74 1.72 1.73 1.69 1.65 1.66 1.68 1.77 1.79
1.27 1.32 1.32 1.29 1.34 1.36 1.28 1.27 1.34 1.35 1.28 1.21 1.27 1.50 1.71 1.75 1.63 1.46 1.46 1.50 1.25 1.02 1.13 1.39 1.54 1.50 1.34 1.30 1.38 1.42 1.42 1.44 1.46 1.43 1.44 1.54 1.49 1.43 1.44 1.37 1.38 1.45 1.47 1.51 1.52 1.49 1.52 1.46 1.35 1.35 1.41 1.44 1.49 1.51 1.49 1.50 1.53 1.56 1.60 1.56 1.50 1.52 1.56 1.57 1.57 1.61 1.71 1.79 1.77 1.66 1.57 1.58 1.61 1.64 1.69 1.72 1.73 1.78 1.75 1.65 1.63 1.67 1.76 1.81
1.21 1.33 1.33 1.28 1.35 1.31 1.26 1.30 1.34 1.31 1.17 1.00 1.01 1.24 1.61 1.86 1.80 1.63 1.60 1.54 1.28 0.97 0.92 1.19 1.52 1.57 1.42 1.31 1.34 1.39 1.42 1.43 1.43 1.44 1.46 1.51 1.53 1.50 1.47 1.40 1.38 1.42 1.45 1.54 1.55 1.53 1.55 1.53 1.41 1.32 1.35 1.39 1.44 1.48 1.47 1.47 1.51 1.54 1.60 1.60 1.52 1.48 1.51 1.53 1.50 1.52 1.64 1.79 1.85 1.72 1.57 1.56 1.59 1.60 1.64 1.66 1.71 1.86 1.84 1.65 1.58 1.70 1.78 1.78
1.14 1.32 1.36 1.29 1.36 1.26 1.22 1.33 1.37 1.28 1.09 0.88 0.89 1.10 1.45 1.85 1.87 1.74 1.69 1.58 1.36 1.10 0.89 0.97 1.35 1.53 1.49 1.41 1.36 1.39 1.46 1.48 1.46 1.46 1.46 1.47 1.49 1.51 1.49 1.43 1.41 1.42 1.47 1.54 1.55 1.53 1.52 1.53 1.49 1.42 1.39 1.38 1.42 1.49 1.49 1.48 1.50 1.51 1.55 1.59 1.56 1.49 1.48 1.52 1.50 1.50 1.59 1.77 1.87 1.74 1.58 1.57 1.59 1.59 1.59 1.58 1.62 1.83 1.90 1.68 1.51 1.72 1.87 1.76
1.07 1.26 1.36 1.33 1.37 1.26 1.22 1.33 1.34 1.22 1.02 0.83 0.83 1.05 1.44 1.81 1.90 1.79 1.69 1.63 1.48 1.25 0.96 0.85 1.14 1.37 1.46 1.46 1.41 1.43 1.50 1.57 1.59 1.53 1.46 1.46 1.48 1.50 1.52 1.46 1.40 1.42 1.50 1.54 1.54 1.54 1.51 1.49 1.49 1.48 1.43 1.39 1.41 1.49 1.53 1.52 1.51 1.51 1.51 1.54 1.55 1.49 1.47 1.50 1.50 1.50 1.56 1.75 1.87 1.73 1.60 1.60 1.61 1.59 1.57 1.57 1.57 1.69 1.82 1.70 1.49 1.60 1.86 1.81
1.09 1.18 1.29 1.34 1.38 1.32 1.29 1.34 1.27 1.11 0.96 0.82 0.76 1.01 1.47 1.73 1.87 1.83 1.68 1.63 1.58 1.42 1.08 0.83 0.95 1.17 1.29 1.37 1.40 1.41 1.48 1.61 1.69 1.64 1.54 1.50 1.51 1.52 1.54 1.49 1.42 1.43 1.49 1.52 1.52 1.53 1.50 1.47 1.46 1.45 1.44 1.44 1.43 1.47 1.53 1.55 1.53 1.52 1.50 1.50 1.52 1.48 1.47 1.50 1.51 1.50 1.54 1.74 1.85 1.72 1.65 1.68 1.64 1.56 1.55 1.64 1.67 1.66 1.65 1.66 1.58 1.56 1.72 1.78
1.17 1.18 1.20 1.27 1.36 1.36 1.37 1.33 1.19 1.04 0.92 0.82 0.75 0.99 1.47 1.67 1.77 1.83 1.73 1.66 1.67 1.58 1.24 0.87 0.85 1.00 1.12 1.22 1.29 1.32 1.41 1.56 1.66 1.65 1.63 1.60 1.57 1.56 1.55 1.52 1.47 1.46 1.49 1.49 1.49 1.50 1.49 1.46 1.44 1.40 1.41 1.47 1.49 1.50 1.55 1.57 1.55 1.53 1.50 1.48 1.47 1.46 1.48 1.53 1.54 1.52 1.54 1.72 1.81 1.68 1.67 1.80 1.76 1.56 1.51 1.66 1.79 1.77 1.59 1.59 1.72 1.69 1.66 1.72
1.22 1.24 1.21 1.22 1.30 1.36 1.39 1.31 1.15 1.03 0.92 0.82 0.76 0.98 1.43 1.64 1.63 1.73 1.76 1.69 1.73 1.72 1.43 1.02 0.82 0.85 1.01 1.13 1.16 1.22 1.35 1.49 1.55 1.57 1.63 1.65 1.60 1.56 1.56 1.54 1.51 1.50 1.50 1.49 1.48 1.47 1.46 1.44 1.40 1.35 1.37 1.44 1.47 1.52 1.62 1.62 1.57 1.55 1.50 1.45 1.42 1.39 1.45 1.56 1.61 1.59 1.59 1.70 1.76 1.63 1.61 1.80 1.83 1.66 1.53 1.59 1.78 1.81 1.60 1.58 1.81 1.77 1.62 1.68
1.24 1.27 1.28 1.25 1.27 1.31 1.34 1.27 1.15 1.05 0.95 0.83 0.75 0.92 1.36 1.60 1.57 1.62 1.70 1.71 1.76 1.78 1.58 1.24 0.92 0.79 0.92 1.06 1.06 1.13 1.34 1.42 1.43 1.52 1.62 1.64 1.58 1.54 1.55 1.55 1.53 1.52 1.50 1.49 1.50 1.46 1.42 1.42 1.36 1.28 1.35 1.42 1.39 1.47 1.66 1.67 1.58 1.56 1.52 1.44 1.38 1.30 1.30 1.46 1.61 1.67 1.66 1.68 1.70 1.64 1.62 1.71 1.75 1.69 1.59 1.58 1.72 1.75 1.61 1.64 1.88 1.81 1.55 1.56
1.24 1.28 1.32 1.29 1.27 1.28 1.28 1.23 1.16 1.08 0.99 0.88 0.77 0.85 1.23 1.53 1.56 1.56 1.60 1.69 1.78 1.78 1.67 1.41 1.11 0.85 0.83 0.99 1.02 1.09 1.33 1.37 1.33 1.48 1.63 1.64 1.55 1.51 1.53 1.55 1.55 1.54 1.52 1.49 1.51 1.45 1.39 1.41 1.34 1.22 1.30 1.41 1.35 1.42 1.64 1.70 1.59 1.54 1.52 1.44 1.37 1.28 1.17 1.23 1.46 1.64 1.68 1.64 1.60 1.65 1.73 1.73 1.67 1.63 1.60 1.60 1.68 1.64 1.56 1.73 1.95 1.92 1.60 1.41
1.26 1.29 1.34 1.32 1.28 1.26 1.26 1.23 1.17 1.10 1.03 0.93 0.81 0.82 1.10 1.42 1.53 1.55 1.52 1.60 1.73 1.76 1.72 1.51 1.25 1.01 0.82 0.91 1.03 1.10 1.29 1.34 1.29 1.42 1.58 1.60 1.54 1.50 1.52 1.55 1.57 1.57 1.55 1.51 1.52 1.47 1.36 1.38 1.35 1.20 1.24 1.34 1.32 1.41 1.58 1.70 1.60 1.49 1.46 1.41 1.40 1.32 1.13 1.11 1.34 1.52 1.59 1.54 1.44 1.58 1.78 1.80 1.67 1.58 1.60 1.63 1.70 1.60 1.43 1.63 1.92 2.02 1.82 1.51
1.28 1.30 1.33 1.32 1.28 1.26 1.26 1.23 1.18 1.12 1.07 0.99 0.87 0.83 1.02 1.33 1.47 1.53 1.52 1.53 1.62 1.69 1.70 1.57 1.35 1.13 0.90 0.91 1.04 1.12 1.24 1.31 1.30 1.38 1.50 1.53 1.52 1.50 1.51 1.53 1.55 1.59 1.56 1.51 1.56 1.54 1.38 1.34 1.36 1.26 1.25 1.27 1.27 1.41 1.54 1.63 1.59 1.47 1.39 1.38 1.42 1.36 1.17 1.14 1.32 1.39 1.43 1.37 1.25 1.44 1.72 1.80 1.71 1.56 1.57 1.68 1.79 1.75 1.51 1.50 1.74 1.96 1.97 1.81
1.31 1.31 1.32 1.31 1.28 1.28 1.26 1.23 1.19 1.14 1.09 1.03 0.92 0.86 1.00 1.30 1.43 1.47 1.52 1.53 1.55 1.59 1.61 1.56 1.40 1.18 1.00 0.98 1.07 1.13 1.21 1.29 1.33 1.36 1.41 1.48 1.50 1.49 1.50 1.49 1.52 1.58 1.54 1.51 1.58 1.60 1.49 1.41 1.42 1.40 1.32 1.26 1.26 1.41 1.56 1.55 1.50 1.42 1.35 1.40 1.49 1.45 1.31 1.28 1.33 1.31 1.28 1.19 1.09 1.27 1.52 1.68 1.72 1.54 1.46 1.60 1.77 1.87 1.73 1.56 1.62 1.81 1.92 1.96
1.33 1.33 1.32 1.31 1.29 1.29 1.27 1.23 1.20 1.16 1.11 1.06 0.95 0.89 1.04 1.32 1.45 1.40 1.44 1.52 1.52 1.50 1.52 1.50 1.39 1.22 1.09 1.07 1.11 1.15 1.22 1.28 1.34 1.33 1.33 1.45 1.51 1.49 1.47 1.43 1.50 1.55 1.49 1.48 1.55 1.56 1.47 1.48 1.58 1.58 1.43 1.31 1.29 1.45 1.65 1.55 1.38 1.27 1.26 1.44 1.62 1.57 1.49 1.43 1.34 1.27 1.21 1.18 1.08 1.04 1.23 1.48 1.64 1.50 1.33 1.38 1.58 1.78 1.77 1.64 1.62 1.70 1.78 1.94
1.34 1.34 1.32 1.31 1.29 1.28 1.26 1.24 1.22 1.17 1.13 1.08 0.97 0.90 1.06 1.37 1.51 1.40 1.35 1.45 1.47 1.42 1.43 1.43 1.36 1.25 1.14 1.14 1.15 1.16 1.26 1.33 1.32 1.29 1.29 1.41 1.50 1.52 1.47 1.42 1.47 1.48 1.49 1.51 1.49 1.48 1.39 1.34 1.56 1.77 1.66 1.42 1.35 1.53 1.73 1.63 1.35 1.12 1.11 1.45 1.75 1.71 1.63 1.51 1.40 1.35 1.29 1.29 1.18 0.93 0.93 1.28 1.49 1.43 1.27 1.29 1.48 1.63 1.67 1.65 1.62 1.60 1.66 1.83
1.36 1.35 1.33 1.31 1.29 1.28 1.26 1.24 1.23 1.19 1.15 1.10 1.01 0.90 1.02 1.39 1.55 1.44 1.32 1.35 1.39 1.34 1.34 1.36 1.36 1.29 1.16 1.14 1.19 1.18 1.29 1.38 1.31 1.29 1.31 1.35 1.44 1.51 1.48 1.45 1.46 1.42 1.51 1.60 1.47 1.44 1.45 1.26 1.27 1.64 1.82 1.60 1.48 1.62 1.76 1.80 1.57 1.16 1.06 1.42 1.78 1.81 1.68 1.47 1.49 1.59 1.48 1.41 1.33 0.96 0.84 1.08 1.30 1.27 1.22 1.28 1.42 1.52 1.62 1.74 1.66 1.51 1.58 1.70
1.36 1.35 1.33 1.32 1.29 1.28 1.26 1.24 1.23 1.21 1.17 1.12 1.06 0.95 1.00 1.34 1.53 1.47 1.35 1.30 1.31 1.28 1.26 1.29 1.36 1.33 1.18 1.12 1.19 1.24 1.32 1.36 1.30 1.31 1.36 1.37 1.41 1.46 1.45 1.46 1.47 1.42 1.51 1.63 1.52 1.43 1.52 1.42 1.25 1.41 1.67 1.66 1.58 1.63 1.70 1.82 1.81 1.44 1.16 1.47 1.80 1.86 1.68 1.41 1.48 1.75 1.70 1.54 1.46 1.14 0.88 0.95 1.11 1.10 1.11 1.21 1.30 1.48 1.67 1.80 1.67 1.50 1.55 1.61
1.36 1.36 1.34 1.32 1.30 1.28 1.27 1.25 1.24 1.22 1.19 1.14 1.11 1.04 1.05 1.26 1.45 1.44 1.37 1.31 1.27 1.23 1.21 1.25 1.32 1.32 1.22 1.13 1.16 1.26 1.32 1.32 1.29 1.34 1.43 1.46 1.44 1.42 1.43 1.46 1.48 1.47 1.51 1.56 1.55 1.48 1.48 1.48 1.46 1.47 1.50 1.53 1.56 1.60 1.63 1.72 1.84 1.68 1.40 1.53 1.83 1.89 1.67 1.44 1.48 1.75 1.85 1.69 1.51 1.32 1.10 0.94 1.03 1.05 0.96 1.03 1.18 1.43 1.72 1.75 1.62 1.56 1.53 1.56
1.36 1.36 1.34 1.32 1.30 1.29 1.27 1.26 1.24 1.22 1.21 1.17 1.14 1.11 1.10 1.21 1.36 1.38 1.33 1.29 1.25 1.22 1.20 1.22 1.27 1.28 1.24 1.18 1.16 1.22 1.27 1.26 1.26 1.33 1.46 1.55 1.52 1.43 1.39 1.45 1.47 1.47 1.52 1.51 1.52 1.55 1.48 1.40 1.48 1.58 1.52 1.44 1.44 1.52 1.58 1.65 1.76 1.75 1.60 1.60 1.84 1.91 1.70 1.53 1.54 1.71 1.90 1.81 1.58 1.48 1.30 1.04 1.05 1.05 0.88 0.90 1.07 1.35 1.66 1.68 1.59 1.57 1.45 1.44
1.37 1.36 1.34 1.32 1.30 1.29 1.28 1.27 1.25 1.22 1.21 1.20 1.17 1.15 1.15 1.20 1.28 1.31 1.29 1.26 1.24 1.22 1.21 1.21 1.23 1.25 1.24 1.21 1.19 1.19 1.19 1.19 1.23 1.31 1.44 1.56 1.56 1.46 1.38 1.44 1.46 1.47 1.54 1.53 1.53 1.59 1.58 1.42 1.40 1.59 1.61 1.47 1.38 1.39 1.50 1.59 1.68 1.76 1.72 1.67 1.81 1.91 1.75 1.59 1.60 1.70 1.84 1.84 1.71 1.60 1.38 1.13 1.13 1.14 0.98 0.90 1.02 1.28 1.56 1.66 1.62 1.58 1.42 1.32
1.38 1.37 1.34 1.32 1.30 1.30 1.29 1.28 1.26 1.21 1.21 1.23 1.20 1.17 1.17 1.19 1.24 1.26 1.25 1.23 1.22 1.21 1.20 1.20 1.21 1.23 1.23 1.22 1.20 1.17 1.12 1.13 1.24 1.36 1.47 1.56 1.60 1.51 1.40 1.44 1.46 1.48 1.53 1.56 1.59 1.61 1.61 1.48 1.40 1.55 1.63 1.55 1.43 1.34 1.37 1.46 1.56 1.69 1.79 1.77 1.79 1.95 1.88 1.65 1.63 1.71 1.75 1.81 1.79 1.63 1.40 1.21 1.20 1.23 1.09 0.92 1.04 1.33 1.62 1.73 1.69 1.60 1.44 1.27
1.38 1.37 1.34 1.32 1.31 1.30 1.29 1.28 1.26 1.22 1.21 1.23 1.21 1.18 1.18 1.19 1.21 1.23 1.23 1.21 1.21 1.20 1.19 1.19 1.19 1.21 1.22 1.22 1.20 1.15 1.08 1.06 1.21 1.40 1.47 1.54 1.63 1.56 1.42 1.42 1.46 1.50 1.56 1.60 1.65 1.65 1.61 1.52 1.45 1.53 1.63 1.61 1.53 1.40 1.32 1.36 1.44 1.55 1.70 1.82 1.83 1.99 2.01 1.73 1.68 1.73 1.68 1.77 1.79 1.59 1.39 1.31 1.32 1.34 1.12 0.84 0.93 1.32 1.70 1.90 1.84 1.65 1.53 1.35
1.38 1.37 1.34 1.33 1.31 1.29 1.28 1.28 1.27 1.24 1.21 1.22 1.22 1.19 1.17 1.18 1.19 1.21 1.22 1.20 1.19 1.19 1.18 1.17 1.17 1.19 1.21 1.22 1.21 1.15 1.05 1.00 1.17 1.39 1.45 1.49 1.57 1.57 1.46 1.40 1.43 1.49 1.58 1.67 1.71 1.68 1.62 1.54 1.49 1.52 1.64 1.64 1.59 1.50 1.37 1.34 1.39 1.43 1.49 1.74 1.88 2.04 2.10 1.85 1.76 1.72 1.64 1.72 1.73 1.58 1.44 1.39 1.46 1.50 1.20 0.79 0.74 1.11 1.59 1.96 2.06 1.87 1.75 1.53
1.38 1.36 1.34 1.34 1.32 1.29 1.28 1.27 1.27 1.26 1.22 1.20 1.21 1.20 1.18 1.17 1.17 1.19 1.20 1.18 1.18 1.17 1.16 1.15 1.15 1.16 1.18 1.21 1.23 1.17 1.04 0.97 1.13 1.34 1.44 1.49 1.51 1.51 1.48 1.41 1.39 1.45 1.56 1.70 1.78 1.72 1.60 1.58 1.54 1.53 1.64 1.65 1.60 1.57 1.46 1.36 1.39 1.38 1.32 1.55 1.87 2.09 2.19 2.02 1.80 1.64 1.57 1.63 1.64 1.59 1.51 1.47 1.57 1.58 1.29 0.87 0.67 0.90 1.28 1.71 2.07 2.08 2.00 1.81
1.38 1.36 1.34 1.34 1.31 1.29 1.27 1.27 1.28 1.27 1.23 1.19 1.19 1.20 1.18 1.17 1.17 1.17 1.18 1.16 1.16 1.16 1.14 1.13 1.13 1.13 1.16 1.23 1.29 1.21 1.05 0.99 1.07 1.24 1.40 1.49 1.51 1.51 1.48 1.41 1.36 1.40 1.50 1.70 1.84 1.71 1.59 1.63 1.62 1.58 1.64 1.66 1.63 1.60 1.52 1.41 1.41 1.37 1.25 1.38 1.76 2.12 2.29 2.16 1.79 1.51 1.46 1.50 1.54 1.58 1.54 1.54 1.65 1.57 1.26 0.97 0.80 0.84 1.03 1.33 1.78 2.05 2.12 2.10
1.38 1.36 1.34 1.33 1.31 1.29 1.26 1.27 1.29 1.26 1.23 1.19 1.18 1.19 1.17 1.16 1.16 1.16 1.16 1.15 1.13 1.13 1.12 1.10 1.09 1.09 1.13 1.28 1.41 1.30 1.09 1.04 1.05 1.12 1.30 1.43 1.52 1.60 1.53 1.39 1.34 1.35 1.44 1.69 1.79 1.66 1.63 1.69 1.68 1.66 1.66 1.69 1.67 1.60 1.53 1.42 1.39 1.39 1.32 1.34 1.65 2.11 2.31 2.14 1.77 1.50 1.40 1.40 1.53 1.64 1.66 1.66 1.63 1.45 1.19 1.06 1.11 1.02 0.89 1.01 1.41 1.78 1.98 2.18
1.38 1.37 1.34 1.32 1.31 1.28 1.26 1.28 1.29 1.25 1.22 1.20 1.18 1.17 1.16 1.16 1.15 1.14 1.14 1.13 1.12 1.11 1.09 1.06 1.04 1.01 1.07 1.33 1.51 1.41 1.21 1.13 1.08 1.04 1.12 1.27 1.45 1.69 1.66 1.41 1.33 1.35 1.44 1.64 1.68 1.57 1.67 1.78 1.76 1.70 1.69 1.77 1.76 1.66 1.53 1.33 1.30 1.43 1.47 1.48 1.79 2.20 2.19 1.93 1.74 1.60 1.44 1.40 1.55 1.78 1.92 1.81 1.54 1.31 1.06 1.04 1.36 1.41 0.97 0.80 1.08 1.40 1.62 1.91
1.37 1.36 1.34 1.32 1.31 1.28 1.26 1.28 1.27 1.23 1.22 1.20 1.19 1.16 1.15 1.15 1.14 1.13 1.12 1.12 1.11 1.09 1.06 1.02 0.98 0.92 0.98 1.31 1.55 1.51 1.41 1.32 1.18 1.06 1.01 1.05 1.26 1.67 1.77 1.48 1.32 1.41 1.45 1.54 1.57 1.47 1.62 1.84 1.89 1.73 1.65 1.84 1.88 1.80 1.59 1.16 1.15 1.48 1.65 1.71 2.06 2.27 1.97 1.63 1.58 1.58 1.45 1.41 1.57 1.86 2.11 1.90 1.47 1.20 0.94 0.91 1.34 1.73 1.36 0.83 0.85 1.06 1.29 1.56
1.36 1.36 1.35 1.32 1.30 1.28 1.27 1.28 1.25 1.22 1.21 1.20 1.19 1.17 1.14 1.13 1.13 1.11 1.10 1.11 1.10 1.07 1.03 0.98 0.92 0.85 0.91 1.21 1.48 1.56 1.61 1.58 1.36 1.18 1.06 0.96 1.11 1.55 1.80 1.55 1.37 1.47 1.45 1.47 1.46 1.39 1.50 1.77 2.00 1.84 1.60 1.82 2.00 1.97 1.70 1.09 1.01 1.49 1.84 1.97 2.18 2.21 1.87 1.51 1.44 1.47 1.38 1.40 1.64 1.94 2.15 1.93 1.52 1.21 0.93 0.83 1.12 1.76 1.74 1.15 0.82 0.82 1.07 1.38
1.35 1.35 1.34 1.33 1.31 1.28 1.27 1.27 1.24 1.21 1.20 1.20 1.19 1.18 1.15 1.12 1.11 1.10 1.09 1.10 1.08 1.05 1.01 0.95 0.87 0.79 0.85 1.07 1.28 1.45 1.67 1.82 1.65 1.42 1.22 0.98 1.02 1.46 1.77 1.57 1.44 1.49 1.44 1.50 1.41 1.33 1.45 1.62 1.94 1.93 1.68 1.82 2.06 2.12 1.86 1.26 1.02 1.43 1.99 2.26 2.20 1.97 1.80 1.59 1.44 1.39 1.27 1.36 1.78 2.06 2.06 1.82 1.56 1.31 1.02 0.90 1.11 1.65 1.92 1.56 0.97 0.72 0.89 1.25
1.36 1.34 1.32 1.32 1.32 1.29 1.27 1.25 1.23 1.21 1.19 1.20 1.19 1.17 1.16 1.12 1.10 1.09 1.08 1.09 1.07 1.03 1.00 0.94 0.85 0.78 0.80 0.93 1.05 1.19 1.48 1.81 1.85 1.72 1.41 0.97 0.98 1.42 1.73 1.57 1.45 1.45 1.41 1.52 1.45 1.33 1.42 1.55 1.76 1.82 1.73 1.81 2.01 2.20 2.03 1.48 1.23 1.49 2.04 2.48 2.19 1.67 1.61 1.64 1.53 1.35 1.16 1.30 1.92 2.21 1.93 1.59 1.47 1.31 1.08 1.04 1.17 1.56 2.00 1.90 1.26 0.76 0.80 1.10
1.36 1.34 1.30 1.30 1.33 1.31 1.25 1.23 1.22 1.20 1.19 1.19 1.19 1.17 1.16 1.13 1.10 1.08 1.07 1.07 1.05 1.01 0.98 0.93 0.85 0.79 0.78 0.82 0.89 1.04 1.34 1.66 1.83 1.89 1.55 0.94 0.93 1.42 1.66 1.54 1.45 1.38 1.34 1.45 1.44 1.35 1.43 1.56 1.62 1.62 1.61 1.69 1.84 2.13 2.08 1.60 1.52 1.76 2.15 2.54 2.20 1.52 1.45 1.67 1.70 1.41 1.10 1.27 1.99 2.31 1.83 1.44 1.38 1.23 1.04 1.06 1.17 1.49 1.99 2.14 1.62 0.99 0.85 1.03
1.36 1.34 1.28 1.29 1.35 1.30 1.23 1.22 1.22 1.20 1.18 1.18 1.18 1.17 1.16 1.13 1.10 1.08 1.07 1.06 1.04 1.00 0.95 0.93 0.88 0.80 0.76 0.74 0.77 0.96 1.34 1.64 1.80 2.00 1.68 0.94 0.90 1.44 1.57 1.44 1.44 1.35 1.30 1.39 1.38 1.36 1.48 1.58 1.54 1.56 1.58 1.59 1.66 1.92 2.01 1.68 1.65 2.03 2.40 2.57 2.09 1.42 1.32 1.68 1.94 1.60 1.12 1.22 1.97 2.33 1.85 1.47 1.39 1.17 0.99 1.00 1.11 1.41 1.91 2.25 1.90 1.31 1.09 1.07
1.34 1.33 1.28 1.30 1.35 1.28 1.22 1.21 1.21 1.19 1.17 1.18 1.18 1.16 1.15 1.12 1.10 1.09 1.07 1.05 1.03 1.00 0.94 0.91 0.90 0.81 0.74 0.67 0.64 0.84 1.24 1.59 1.75 2.03 1.91 1.08 0.88 1.39 1.50 1.37 1.42 1.36 1.32 1.39 1.37 1.39 1.52 1.54 1.49 1.57 1.61 1.57 1.58 1.69 1.80 1.67 1.61 1.98 2.52 2.71 2.17 1.38 1.15 1.59 2.10 1.93 1.34 1.18 1.72 2.23 1.97 1.59 1.44 1.18 0.99 0.96 1.02 1.27 1.79 2.26 2.17 1.72 1.47 1.28
1.32 1.30 1.29 1.32 1.33 1.26 1.21 1.20 1.21 1.20 1.17 1.17 1.17 1.16 1.15 1.12 1.11 1.10 1.08 1.05 1.04 1.00 0.94 0.91 0.89 0.82 0.73 0.64 0.59 0.75 1.12 1.46 1.64 1.93 2.05 1.44 0.94 1.26 1.43 1.36 1.40 1.38 1.35 1.40 1.42 1.45 1.50 1.47 1.50 1.57 1.60 1.59 1.58 1.56 1.61 1.65 1.63 1.77 2.26 2.74 2.44 1.54 1.03 1.33 2.07 2.24 1.80 1.37 1.53 1.96 1.90 1.68 1.50 1.23 1.04 0.93 0.92 1.09 1.47 2.01 2.28 2.14 1.93 1.69
1.29 1.28 1.29 1.33 1.32 1.24 1.19 1.19 1.21 1.20 1.17 1.16 1.16 1.15 1.14 1.12 1.11 1.10 1.08 1.06 1.05 1.01 0.96 0.92 0.87 0.81 0.73 0.65 0.61 0.76 1.07 1.31 1.52 1.80 2.00 1.69 1.19 1.19 1.37 1.36 1.37 1.41 1.42 1.43 1.49 1.54 1.46 1.45 1.53 1.57 1.59 1.61 1.61 1.56 1.58 1.67 1.72 1.73 1.96 2.54 2.57 1.74 1.01 1.06 1.78 2.34 2.24 1.80 1.66 1.72 1.61 1.61 1.55 1.29 1.09 0.93 0.87 1.02 1.20 1.48 1.91 2.14 2.23 2.15
1.28 1.27 1.29 1.32 1.30 1.23 1.19 1.19 1.20 1.20 1.18 1.16 1.16 1.15 1.14 1.13 1.11 1.11 1.09 1.07 1.06 1.02 0.98 0.94 0.88 0.80 0.72 0.63 0.64 0.85 1.09 1.22 1.43 1.69 1.84 1.70 1.41 1.29 1.38 1.39 1.34 1.40 1.48 1.48 1.54 1.59 1.47 1.47 1.55 1.55 1.59 1.60 1.62 1.62 1.62 1.67 1.75 1.80 1.90 2.34 2.54 1.90 1.13 0.92 1.37 2.13 2.48 2.28 1.91 1.55 1.37 1.50 1.51 1.32 1.12 0.97 0.91 1.05 1.23 1.29 1.41 1.72 2.12 2.40
1.27 1.26 1.29 1.29 1.26 1.22 1.19 1.19 1.19 1.20 1.19 1.16 1.15 1.15 1.14 1.13 1.12 1.11 1.09 1.08 1.06 1.03 1.00 0.96 0.90 0.82 0.72 0.61 0.69 0.99 1.11 1.17 1.34 1.54 1.69 1.57 1.38 1.39 1.48 1.45 1.39 1.42 1.48 1.53 1.59 1.59 1.50 1.51 1.54 1.58 1.62 1.56 1.57 1.67 1.68 1.63 1.70 1.85 1.96 2.24 2.46 2.07 1.38 0.95 1.07 1.75 2.46 2.57 2.06 1.52 1.39 1.50 1.52 1.32 1.09 1.03 0.94 1.00 1.39 1.47 1.24 1.36 1.78 2.27
