windninja/windninja_output/Output_2025-08-09_1100-1150_Google earth_Fire_150m_10min/merlingen_7.5mi_point_08-09-2025_1100_150m_vel.asc
ncols	158
nrows	163
xllcorner	391686.332397
yllcorner	5160024.123721
cellsize	150.000000
NODATA_value	-32768.000000
[rows 114 to 151 of 163, columns 0 to 83 of 158]
1.27 1.26 1.24 1.24 1.28 1.27 1.22 1.20 1.21 1.26 1.32 1.51 1.56 1.44 1.55 1.60 1.08 0.59 0.69 1.03 1.56 2.27 2.52 1.85 1.43 1.42 1.36 1.20 1.08 1.08 1.56 2.38 2.72 2.63 2.35 1.86 1.53 1.35 1.10 0.93 0.89 0.92 0.99 0.94 0.61 0.35 0.28 0.23 0.18 0.17 0.19 0.25 0.46 0.82 1.18 1.34 1.35 1.44 1.69 1.89 1.85 1.77 1.89 2.05 1.97 1.96 2.14 2.25 2.25 2.09 1.89 1.84 1.85 1.84 2.01 2.25 2.25 2.09 1.98 2.12 2.36 2.24 1.82 1.59
1.23 1.29 1.35 1.33 1.32 1.33 1.32 1.25 1.18 1.19 1.28 1.37 1.41 1.48 1.72 1.76 1.15 0.54 0.54 0.70 1.13 1.80 2.41 2.46 2.09 1.69 1.54 1.49 1.51 1.19 1.24 2.01 2.79 2.98 2.48 1.81 1.41 1.27 1.16 1.01 0.97 1.03 1.09 1.07 0.83 0.55 0.42 0.37 0.31 0.25 0.25 0.29 0.36 0.62 1.02 1.28 1.34 1.36 1.54 1.78 1.84 1.78 1.85 2.04 2.03 1.93 2.03 2.19 2.26 2.21 2.11 2.07 2.07 1.93 1.85 2.11 2.35 2.27 2.02 2.01 2.34 2.40 2.04 1.79
1.14 1.26 1.37 1.38 1.35 1.31 1.32 1.34 1.32 1.29 1.31 1.23 1.18 1.35 1.76 1.92 1.29 0.54 0.46 0.54 0.92 1.42 1.92 2.42 2.55 2.18 1.75 1.67 1.76 1.40 1.23 1.77 2.64 3.16 2.69 1.83 1.36 1.24 1.26 1.17 1.08 1.12 1.18 1.21 1.04 0.71 0.52 0.42 0.41 0.38 0.36 0.38 0.40 0.50 0.84 1.19 1.33 1.33 1.42 1.64 1.76 1.76 1.83 1.98 2.02 1.93 1.97 2.12 2.24 2.26 2.22 2.24 2.35 2.32 2.00 1.92 2.18 2.39 2.21 2.00 2.23 2.40 2.07 1.85
1.07 1.20 1.34 1.37 1.35 1.29 1.23 1.31 1.43 1.49 1.45 1.16 0.96 1.12 1.68 2.06 1.47 0.57 0.42 0.48 0.78 1.16 1.44 1.88 2.41 2.60 2.32 2.07 2.14 1.62 1.22 1.40 2.13 3.00 2.96 2.07 1.53 1.37 1.42 1.41 1.35 1.31 1.30 1.33 1.24 0.91 0.70 0.61 0.56 0.55 0.51 0.49 0.49 0.51 0.71 1.10 1.32 1.34 1.36 1.51 1.62 1.68 1.81 1.97 2.01 1.94 1.96 2.08 2.19 2.25 2.27 2.31 2.46 2.66 2.58 2.21 2.04 2.27 2.39 2.23 2.26 2.36 2.03 1.79
1.04 1.14 1.30 1.37 1.35 1.28 1.18 1.20 1.35 1.51 1.62 1.28 0.85 0.92 1.48 2.13 1.84 0.71 0.33 0.34 0.43 0.71 0.99 1.24 1.64 2.22 2.43 2.45 2.60 2.39 1.74 1.44 1.75 2.55 2.99 2.98 2.56 2.06 1.90 1.84 1.73 1.63 1.53 1.45 1.37 1.16 0.93 0.82 0.74 0.69 0.64 0.59 0.58 0.58 0.66 0.97 1.28 1.36 1.36 1.45 1.52 1.53 1.67 1.91 2.03 2.01 2.02 2.12 2.20 2.23 2.23 2.25 2.38 2.67 2.93 2.81 2.37 2.25 2.39 2.42 2.47 2.45 2.08 1.76
1.06 1.11 1.26 1.38 1.32 1.23 1.17 1.16 1.24 1.33 1.57 1.46 0.85 0.80 1.23 1.95 2.11 1.15 0.30 0.18 0.14 0.27 0.57 0.82 1.05 1.33 1.59 1.82 2.28 2.55 2.34 1.99 1.88 2.21 2.70 3.14 3.20 2.87 2.63 2.56 2.42 2.14 1.92 1.74 1.63 1.47 1.19 0.96 0.85 0.78 0.72 0.66 0.64 0.62 0.64 0.86 1.18 1.34 1.36 1.43 1.48 1.44 1.49 1.67 1.84 1.94 1.98 2.07 2.21 2.25 2.17 2.13 2.21 2.45 2.85 3.14 2.96 2.61 2.49 2.48 2.54 2.53 2.19 1.85
1.05 1.09 1.25 1.43 1.36 1.18 1.16 1.18 1.21 1.19 1.36 1.49 0.96 0.76 1.08 1.72 2.17 1.67 0.63 0.12 0.09 0.04 0.26 0.52 0.74 0.88 1.00 1.16 1.43 1.73 2.00 1.96 1.84 2.06 2.36 2.68 2.93 2.92 2.68 2.69 2.87 2.81 2.55 2.30 2.11 1.91 1.62 1.34 1.11 0.95 0.84 0.77 0.71 0.68 0.67 0.79 1.09 1.28 1.33 1.41 1.47 1.42 1.43 1.48 1.47 1.55 1.56 1.58 1.87 2.15 2.15 2.05 2.03 2.15 2.50 3.00 3.29 3.15 2.87 2.70 2.60 2.54 2.27 1.96
1.02 1.07 1.23 1.48 1.58 1.42 1.38 1.39 1.31 1.10 1.18 1.50 1.07 0.68 0.96 1.57 2.16 1.96 1.07 0.40 0.03 0.16 0.24 0.37 0.55 0.68 0.78 0.91 1.12 1.29 1.44 1.64 1.78 1.91 2.22 2.38 2.36 2.51 2.20 2.06 2.48 2.82 2.83 2.50 2.24 2.07 1.87 1.63 1.37 1.17 0.99 0.86 0.79 0.76 0.74 0.80 1.06 1.24 1.30 1.37 1.42 1.36 1.37 1.42 1.38 1.42 1.36 1.07 1.16 1.69 1.97 1.98 1.93 1.91 2.07 2.51 3.09 3.45 3.42 3.17 2.91 2.71 2.38 2.09
0.96 1.05 1.18 1.36 1.61 1.72 1.80 1.87 1.72 1.24 1.14 1.52 1.15 0.53 0.67 1.20 2.01 2.18 1.41 0.76 0.32 0.21 0.31 0.40 0.53 0.57 0.60 0.75 1.05 1.23 1.23 1.46 1.71 1.75 2.05 2.19 2.06 2.29 2.04 1.61 1.74 2.21 2.72 2.61 2.15 1.89 1.71 1.50 1.36 1.24 1.09 0.94 0.85 0.81 0.78 0.81 1.03 1.24 1.29 1.35 1.38 1.32 1.33 1.40 1.46 1.64 1.63 1.18 0.87 1.02 1.46 1.71 1.82 1.80 1.77 1.96 2.47 3.14 3.60 3.68 3.47 3.12 2.63 2.30
0.86 0.95 1.04 1.08 1.27 1.50 1.72 1.99 2.14 1.80 1.44 1.66 1.24 0.46 0.43 0.79 1.57 2.23 1.91 1.20 0.74 0.43 0.34 0.43 0.53 0.55 0.55 0.71 1.03 1.12 1.01 1.26 1.55 1.58 1.87 2.08 1.92 2.15 2.19 1.61 1.38 1.72 2.45 2.85 2.45 1.95 1.65 1.39 1.29 1.26 1.19 1.06 0.93 0.86 0.82 0.78 0.90 1.14 1.19 1.25 1.34 1.35 1.37 1.41 1.47 1.71 1.90 1.70 1.15 0.80 0.94 1.28 1.49 1.60 1.58 1.57 1.80 2.38 3.08 3.63 3.91 3.78 3.22 2.67
0.85 0.92 0.97 0.94 1.03 1.25 1.44 1.71 2.10 2.11 2.02 1.99 1.23 0.51 0.40 0.58 1.08 1.87 2.24 1.80 1.20 0.78 0.48 0.42 0.47 0.49 0.51 0.70 0.97 0.87 0.79 1.16 1.45 1.46 1.70 1.99 1.81 1.86 2.12 1.75 1.34 1.39 1.91 2.74 2.89 2.36 1.86 1.51 1.34 1.34 1.33 1.24 1.07 0.97 0.91 0.87 0.94 1.16 1.21 1.13 1.24 1.42 1.46 1.47 1.52 1.67 1.86 1.99 1.77 1.13 0.83 0.98 1.11 1.18 1.28 1.27 1.31 1.64 2.24 2.85 3.48 4.00 3.90 3.22
0.88 0.97 1.02 0.97 1.02 1.19 1.34 1.50 1.87 2.05 2.26 2.44 1.68 0.71 0.48 0.52 0.74 1.20 1.86 2.19 2.01 1.33 0.80 0.56 0.50 0.47 0.51 0.70 0.74 0.58 0.66 1.11 1.43 1.37 1.53 1.90 1.76 1.62 1.91 1.81 1.40 1.21 1.42 2.22 2.88 2.72 2.16 1.68 1.44 1.38 1.36 1.31 1.21 1.10 1.02 1.03 1.16 1.39 1.51 1.33 1.29 1.46 1.53 1.54 1.62 1.72 1.79 1.94 2.06 1.79 1.26 1.08 1.06 0.95 0.92 0.93 0.93 1.04 1.41 1.87 2.33 3.24 3.99 3.83
0.82 0.94 1.01 0.95 0.99 1.13 1.28 1.40 1.61 1.84 2.17 2.71 2.44 1.25 0.82 0.63 0.60 0.80 1.20 1.79 2.12 1.98 1.23 0.83 0.85 0.85 0.77 0.68 0.57 0.48 0.61 1.10 1.51 1.39 1.39 1.77 1.77 1.51 1.58 1.65 1.40 1.11 1.13 1.67 2.57 2.83 2.43 1.95 1.64 1.48 1.39 1.30 1.23 1.17 1.09 1.06 1.18 1.43 1.65 1.60 1.49 1.51 1.53 1.54 1.62 1.73 1.78 1.85 2.02 2.08 1.90 1.63 1.35 1.06 0.86 0.74 0.67 0.70 0.86 1.18 1.55 2.23 3.25 3.84
0.80 0.91 1.00 0.92 0.93 1.08 1.26 1.36 1.42 1.60 1.94 2.58 2.87 2.28 1.58 0.95 0.64 0.74 0.99 1.31 1.75 2.05 1.91 1.60 1.48 1.31 1.03 0.73 0.53 0.44 0.52 0.99 1.57 1.63 1.50 1.65 1.74 1.55 1.36 1.40 1.31 1.02 0.89 1.19 2.05 2.69 2.52 2.04 1.75 1.55 1.45 1.36 1.24 1.17 1.11 1.06 1.09 1.31 1.54 1.58 1.54 1.53 1.52 1.52 1.60 1.71 1.77 1.82 1.91 2.02 2.12 2.08 1.79 1.40 1.10 0.85 0.63 0.57 0.66 0.80 1.10 1.63 2.28 3.04
0.80 0.89 0.99 0.91 0.86 0.96 1.15 1.31 1.34 1.40 1.60 2.11 2.75 2.98 2.61 1.53 0.93 0.90 1.04 1.22 1.37 1.69 1.99 1.92 1.75 1.61 1.24 0.81 0.52 0.37 0.37 0.72 1.39 1.79 1.90 1.85 1.72 1.55 1.32 1.25 1.20 0.99 0.77 0.80 1.44 2.38 2.55 2.06 1.76 1.58 1.45 1.39 1.31 1.24 1.17 1.12 1.12 1.25 1.44 1.50 1.50 1.52 1.54 1.56 1.61 1.70 1.75 1.80 1.87 1.92 2.07 2.25 2.16 1.74 1.38 1.14 0.79 0.61 0.62 0.64 0.73 1.08 1.60 2.18
0.78 0.86 0.94 0.85 0.77 0.80 0.91 1.09 1.19 1.21 1.28 1.55 2.04 2.65 2.97 2.73 1.76 1.24 1.13 1.11 0.96 1.04 1.59 1.90 1.87 1.73 1.41 0.98 0.63 0.38 0.26 0.41 0.93 1.48 1.99 2.28 2.08 1.60 1.32 1.24 1.14 0.99 0.78 0.61 0.89 1.82 2.41 2.26 1.96 1.76 1.58 1.45 1.33 1.27 1.20 1.15 1.17 1.27 1.41 1.47 1.49 1.52 1.55 1.58 1.64 1.70 1.73 1.78 1.84 1.90 2.02 2.27 2.41 2.18 1.74 1.45 1.10 0.73 0.65 0.69 0.69 0.68 0.87 1.38
0.81 0.88 0.98 0.89 0.78 0.82 0.88 0.91 0.94 0.94 0.96 1.02 1.22 1.60 2.20 2.74 2.51 1.89 1.39 0.98 0.71 0.73 1.14 1.77 2.09 1.91 1.49 1.18 0.93 0.60 0.34 0.26 0.49 0.98 1.55 2.25 2.58 2.12 1.52 1.33 1.21 1.06 0.90 0.67 0.60 1.10 1.95 2.24 2.14 1.91 1.67 1.54 1.35 1.25 1.19 1.13 1.16 1.28 1.43 1.48 1.47 1.49 1.53 1.58 1.63 1.69 1.73 1.75 1.80 1.88 2.01 2.20 2.43 2.49 2.26 1.91 1.48 0.97 0.76 0.76 0.74 0.70 0.63 0.66
0.84 0.91 1.05 1.03 0.89 0.92 1.03 1.06 0.97 0.80 0.69 0.70 0.79 1.04 1.39 1.90 2.42 2.25 1.53 0.85 0.64 0.62 0.78 1.31 2.06 2.20 1.57 1.29 1.17 0.90 0.61 0.37 0.34 0.62 1.07 1.71 2.49 2.71 2.23 1.74 1.50 1.29 1.14 0.93 0.64 0.68 1.23 1.79 2.03 1.89 1.63 1.52 1.39 1.27 1.19 1.10 1.08 1.21 1.37 1.44 1.44 1.41 1.43 1.52 1.59 1.65 1.71 1.73 1.75 1.83 1.99 2.17 2.33 2.51 2.55 2.41 1.99 1.31 0.99 0.94 0.85 0.74 0.63 0.56
0.86 0.88 0.98 1.07 1.01 0.96 1.06 1.25 1.35 1.06 0.71 0.62 0.67 0.84 1.13 1.46 2.17 2.39 1.58 0.83 0.59 0.53 0.62 0.87 1.60 2.29 2.04 1.39 1.13 0.92 0.68 0.47 0.29 0.39 0.76 1.21 1.84 2.53 2.73 2.52 2.15 1.78 1.56 1.34 0.99 0.68 0.76 1.20 1.71 1.79 1.57 1.46 1.38 1.29 1.22 1.14 1.09 1.18 1.32 1.40 1.43 1.42 1.35 1.43 1.53 1.58 1.65 1.67 1.67 1.74 1.91 2.10 2.25 2.47 2.60 2.61 2.42 1.76 1.33 1.32 1.13 0.77 0.57 0.54
0.87 0.86 0.89 1.01 1.10 1.02 0.95 1.11 1.49 1.59 1.16 0.81 0.76 0.87 1.03 1.34 1.99 2.32 2.07 1.35 0.74 0.52 0.56 0.73 1.19 2.10 2.37 1.74 1.17 0.89 0.67 0.49 0.26 0.22 0.47 0.85 1.28 1.83 2.35 2.65 2.55 2.19 1.96 1.81 1.53 1.15 0.89 0.97 1.38 1.60 1.49 1.37 1.32 1.28 1.24 1.19 1.16 1.23 1.36 1.45 1.51 1.54 1.46 1.45 1.53 1.55 1.59 1.60 1.55 1.61 1.79 1.97 2.11 2.39 2.68 2.78 2.65 2.01 1.47 1.53 1.48 0.98 0.52 0.48
0.93 0.94 0.92 0.99 1.12 1.10 0.95 0.92 1.16 1.60 1.66 1.34 1.24 1.23 1.24 1.47 1.78 2.03 2.14 1.98 1.43 0.76 0.56 0.64 0.89 1.60 2.38 2.42 1.75 1.16 0.88 0.68 0.42 0.18 0.20 0.49 0.91 1.31 1.74 2.21 2.45 2.31 2.10 2.01 1.84 1.60 1.30 1.13 1.29 1.50 1.48 1.36 1.28 1.25 1.21 1.18 1.19 1.25 1.34 1.43 1.53 1.57 1.53 1.52 1.56 1.60 1.61 1.61 1.48 1.40 1.57 1.80 1.95 2.15 2.59 2.99 3.00 2.32 1.55 1.50 1.59 1.30 0.74 0.45
0.97 1.03 1.03 1.04 1.13 1.16 1.06 0.95 0.92 1.15 1.52 1.55 1.48 1.54 1.68 1.62 1.48 1.58 1.71 1.90 1.80 1.20 0.71 0.56 0.60 0.98 1.81 2.53 2.44 1.76 1.25 1.04 0.79 0.41 0.16 0.21 0.53 0.94 1.41 1.87 2.14 2.19 2.10 1.96 1.90 1.80 1.57 1.33 1.34 1.48 1.50 1.42 1.30 1.23 1.18 1.15 1.18 1.26 1.31 1.36 1.46 1.52 1.54 1.56 1.60 1.66 1.67 1.70 1.61 1.32 1.22 1.46 1.73 1.93 2.34 2.97 3.31 2.96 1.96 1.58 1.55 1.36 1.05 0.71
0.91 1.05 1.13 1.05 1.10 1.13 1.10 1.05 0.95 0.93 1.07 1.21 1.25 1.54 2.00 1.68 1.21 1.24 1.34 1.54 1.65 1.34 0.91 0.63 0.48 0.62 1.17 2.00 2.50 2.29 1.74 1.38 1.17 0.85 0.42 0.18 0.26 0.62 1.20 1.67 1.76 1.93 2.04 1.88 1.82 1.78 1.62 1.38 1.32 1.40 1.43 1.38 1.31 1.24 1.18 1.13 1.15 1.25 1.32 1.38 1.47 1.52 1.56 1.58 1.63 1.70 1.71 1.77 1.84 1.55 1.09 0.99 1.24 1.52 1.96 2.68 3.32 3.44 2.91 2.08 1.60 1.33 1.17 1.00
0.77 0.90 1.12 1.11 1.06 1.02 0.98 1.00 1.03 1.02 1.00 1.04 1.05 1.52 2.10 1.72 1.23 1.11 1.11 1.30 1.41 1.20 0.95 0.75 0.50 0.43 0.75 1.43 2.11 2.37 2.06 1.60 1.31 1.09 0.78 0.39 0.22 0.39 1.07 1.59 1.53 1.61 1.84 1.80 1.70 1.68 1.57 1.36 1.28 1.33 1.34 1.31 1.27 1.22 1.16 1.11 1.14 1.24 1.30 1.37 1.46 1.53 1.56 1.58 1.62 1.71 1.75 1.78 1.93 1.89 1.36 0.90 0.79 0.83 1.08 1.86 2.84 3.43 3.54 3.16 2.22 1.51 1.28 1.18
0.68 0.72 0.91 1.12 1.16 1.02 0.85 0.82 0.92 1.06 1.14 1.14 1.12 1.65 2.02 1.80 1.56 1.36 1.14 1.21 1.29 1.07 0.85 0.70 0.49 0.32 0.43 0.97 1.61 2.07 2.26 2.04 1.55 1.23 1.02 0.65 0.30 0.29 0.88 1.52 1.53 1.43 1.58 1.64 1.62 1.64 1.57 1.38 1.29 1.30 1.31 1.29 1.25 1.21 1.15 1.10 1.12 1.21 1.28 1.33 1.41 1.50 1.57 1.60 1.63 1.70 1.77 1.84 1.95 2.06 1.84 1.23 0.83 0.68 0.58 0.86 1.86 2.76 3.31 3.62 3.20 2.03 1.59 1.34
0.80 0.73 0.72 0.96 1.25 1.27 1.02 0.82 0.78 0.88 1.09 1.22 1.40 1.72 1.76 1.64 1.70 1.71 1.61 1.51 1.39 1.11 0.84 0.66 0.47 0.29 0.26 0.59 1.10 1.51 1.97 2.30 2.12 1.61 1.25 0.85 0.49 0.35 0.69 1.34 1.52 1.41 1.44 1.46 1.49 1.56 1.55 1.41 1.33 1.30 1.28 1.27 1.26 1.24 1.20 1.13 1.13 1.20 1.26 1.31 1.36 1.44 1.52 1.61 1.71 1.79 1.85 1.95 2.03 2.13 2.15 1.79 1.14 0.72 0.54 0.53 1.01 1.88 2.50 3.21 3.48 2.86 2.24 1.74
0.96 0.87 0.74 0.77 1.03 1.35 1.41 1.17 0.94 0.91 0.94 1.19 1.67 1.67 1.34 1.31 1.49 1.60 1.67 1.88 1.88 1.46 1.03 0.75 0.53 0.35 0.24 0.33 0.66 0.95 1.28 1.92 2.31 2.15 1.72 1.24 0.86 0.61 0.66 1.11 1.39 1.41 1.41 1.34 1.34 1.42 1.44 1.39 1.34 1.30 1.25 1.21 1.18 1.22 1.25 1.20 1.17 1.19 1.26 1.30 1.33 1.41 1.46 1.56 1.78 2.01 2.10 2.18 2.23 2.29 2.37 2.26 1.68 0.97 0.62 0.43 0.61 1.27 1.83 2.47 3.08 3.01 2.53 2.12
1.00 1.04 0.91 0.68 0.66 0.90 1.34 1.48 1.40 1.33 1.13 1.40 1.78 1.39 1.02 1.08 1.19 1.26 1.24 1.56 2.02 2.10 1.74 1.21 0.83 0.56 0.34 0.24 0.36 0.55 0.77 1.30 1.93 2.27 2.17 1.73 1.28 1.05 0.91 1.03 1.27 1.38 1.39 1.31 1.27 1.32 1.35 1.34 1.33 1.30 1.25 1.17 1.04 1.01 1.12 1.18 1.20 1.22 1.29 1.33 1.36 1.42 1.45 1.50 1.75 2.13 2.42 2.59 2.67 2.75 2.79 2.79 2.44 1.56 0.87 0.46 0.52 1.05 1.52 1.91 2.52 2.76 2.39 1.95
0.91 1.10 1.14 0.77 0.54 0.55 0.76 1.14 1.46 1.62 1.66 1.87 1.76 1.05 0.86 0.91 0.99 1.07 0.99 0.99 1.44 1.98 2.17 2.05 1.68 1.22 0.77 0.41 0.30 0.33 0.44 0.74 1.26 1.85 2.22 2.01 1.58 1.38 1.27 1.18 1.29 1.42 1.43 1.38 1.32 1.29 1.30 1.31 1.31 1.30 1.26 1.22 1.05 0.79 0.77 0.94 1.09 1.19 1.26 1.36 1.42 1.44 1.44 1.43 1.53 1.82 2.19 2.53 2.81 3.06 3.17 3.19 3.12 2.57 1.41 0.85 0.84 1.30 1.74 1.99 2.27 2.55 2.36 1.77
0.82 1.07 1.33 1.09 0.71 0.57 0.56 0.62 0.95 1.33 1.95 2.24 1.58 0.94 0.82 0.82 0.90 1.00 0.92 0.73 0.82 1.17 1.63 2.01 2.04 1.89 1.65 1.19 0.68 0.43 0.38 0.46 0.68 1.23 1.92 2.03 1.72 1.49 1.38 1.31 1.34 1.45 1.46 1.43 1.38 1.33 1.29 1.28 1.29 1.29 1.27 1.28 1.22 0.92 0.63 0.64 0.86 1.05 1.14 1.24 1.35 1.40 1.38 1.32 1.29 1.32 1.40 1.64 2.03 2.58 3.02 3.19 3.30 3.10 2.21 1.40 1.34 1.65 2.21 2.39 2.12 2.33 2.43 1.78
0.87 0.97 1.24 1.39 1.13 0.83 0.67 0.60 0.69 0.80 1.58 2.45 1.82 0.99 0.86 0.82 0.88 0.99 0.90 0.66 0.64 0.74 0.95 1.30 1.54 1.67 1.79 1.79 1.49 1.05 0.72 0.53 0.46 0.75 1.51 1.78 1.61 1.42 1.34 1.33 1.34 1.41 1.44 1.42 1.39 1.35 1.29 1.29 1.30 1.31 1.30 1.31 1.30 1.13 0.76 0.51 0.63 0.87 1.00 1.07 1.19 1.32 1.36 1.26 1.16 1.14 1.12 1.11 1.25 1.61 2.24 2.84 3.24 3.27 2.66 1.93 1.64 1.77 2.43 2.70 2.22 2.29 2.39 1.79
1.05 0.91 0.90 1.27 1.49 1.37 1.10 0.88 0.77 0.70 1.16 2.29 2.16 1.32 1.15 1.07 1.07 1.09 0.92 0.73 0.66 0.66 0.72 0.83 0.94 1.03 1.15 1.50 1.67 1.62 1.39 0.99 0.63 0.68 1.21 1.52 1.44 1.30 1.25 1.29 1.34 1.38 1.41 1.40 1.38 1.34 1.30 1.28 1.31 1.34 1.35 1.35 1.32 1.19 0.86 0.53 0.48 0.67 0.93 1.05 1.10 1.24 1.38 1.36 1.25 1.22 1.21 1.09 1.05 1.13 1.37 2.07 3.02 3.30 2.80 2.18 1.73 1.64 2.35 2.87 2.57 2.46 2.33 1.83
1.35 1.01 0.64 0.82 1.30 1.66 1.74 1.52 1.17 0.81 1.10 1.90 1.90 1.57 1.59 1.58 1.58 1.58 1.44 1.18 0.96 0.81 0.77 0.73 0.71 0.73 0.69 0.78 1.04 1.32 1.55 1.52 1.17 0.90 1.10 1.36 1.34 1.24 1.18 1.22 1.31 1.36 1.40 1.41 1.39 1.35 1.32 1.30 1.31 1.34 1.37 1.40 1.37 1.20 0.94 0.65 0.49 0.56 0.82 1.01 1.06 1.12 1.27 1.41 1.45 1.48 1.50 1.36 1.25 1.24 1.22 1.49 2.42 3.11 2.86 2.34 1.93 1.57 1.86 2.67 2.91 2.68 2.39 2.12
1.70 1.19 0.59 0.47 0.66 1.18 1.68 2.00 1.83 1.29 1.34 1.63 1.50 1.36 1.43 1.58 1.72 1.81 1.86 1.90 1.85 1.65 1.37 1.09 0.82 0.71 0.62 0.55 0.57 0.61 0.95 1.46 1.42 1.12 1.13 1.31 1.32 1.25 1.20 1.20 1.27 1.33 1.38 1.43 1.45 1.40 1.36 1.34 1.35 1.36 1.40 1.49 1.46 1.22 0.94 0.66 0.42 0.43 0.58 0.80 0.92 0.97 1.06 1.22 1.40 1.58 1.74 1.78 1.76 1.76 1.72 1.74 2.21 2.85 2.85 2.55 2.40 2.02 1.71 2.27 2.97 3.00 2.84 2.41
1.93 1.40 0.69 0.44 0.36 0.48 0.87 1.60 2.10 1.88 1.58 1.46 1.29 1.08 0.95 1.10 1.43 1.54 1.52 1.70 1.98 2.10 2.11 2.04 1.69 1.14 0.84 0.72 0.64 0.52 0.62 1.11 1.35 1.21 1.20 1.33 1.37 1.31 1.25 1.23 1.27 1.32 1.34 1.40 1.46 1.45 1.40 1.42 1.43 1.42 1.47 1.58 1.58 1.33 0.99 0.66 0.30 0.22 0.36 0.60 0.77 0.86 0.93 1.00 1.10 1.27 1.51 1.71 1.85 1.97 2.10 2.21 2.52 2.97 3.03 2.77 2.66 2.52 2.26 2.45 3.02 3.52 3.60 2.98
1.87 1.68 1.17 0.75 0.50 0.36 0.43 0.93 1.83 2.06 1.75 1.47 1.30 1.05 0.82 0.78 1.06 1.31 1.27 1.19 1.37 1.67 1.92 2.21 2.35 2.11 1.52 1.13 1.00 0.88 0.75 0.94 1.22 1.23 1.21 1.30 1.38 1.37 1.32 1.28 1.29 1.34 1.34 1.35 1.41 1.43 1.40 1.44 1.47 1.48 1.55 1.69 1.71 1.52 1.17 0.75 0.34 0.07 0.15 0.32 0.58 0.76 0.84 0.88 0.92 1.01 1.16 1.33 1.45 1.53 1.64 1.83 2.23 2.82 3.13 2.94 2.62 2.42 2.29 2.54 2.98 3.44 4.01 3.79
1.44 1.70 1.91 1.55 1.09 0.63 0.37 0.71 1.67 2.00 1.68 1.58 1.45 1.13 0.87 0.68 0.70 0.99 1.21 1.16 1.06 1.13 1.27 1.54 2.07 2.42 2.15 1.41 1.09 1.02 0.87 0.90 1.10 1.19 1.19 1.24 1.32 1.37 1.37 1.35 1.33 1.37 1.38 1.36 1.41 1.43 1.38 1.38 1.47 1.52 1.62 1.81 1.87 1.74 1.41 0.90 0.48 0.11 0.16 0.21 0.27 0.55 0.75 0.82 0.86 0.91 1.01 1.13 1.23 1.29 1.19 1.06 1.31 1.93 2.59 2.88 2.67 2.12 1.82 2.23 2.56 2.78 3.64 4.23
0.87 1.16 1.75 1.94 1.85 1.26 0.58 0.77 1.67 1.76 1.38 1.51 1.66 1.45 1.07 0.76 0.57 0.61 0.87 1.05 1.01 0.94 0.91 1.05 1.46 2.09 2.36 1.76 1.07 0.99 0.98 0.97 1.06 1.16 1.19 1.20 1.25 1.31 1.35 1.37 1.39 1.41 1.40 1.39 1.43 1.52 1.48 1.36 1.39 1.51 1.62 1.82 2.00 1.97 1.67 1.11 0.64 0.29 0.07 0.27 0.28 0.27 0.58 0.75 0.80 0.84 0.93 1.05 1.19 1.36 1.26 0.92 0.87 1.21 1.81 2.62 2.80 2.14 1.69 1.88 2.12 2.25 2.88 4.13
