windninja/windninja_output/Output_2025-08-09_1100-1150_Google earth_Fire_150m_10min/merlingen_7.5mi_point_08-09-2025_1150_150m_vel.asc
ncols	158
nrows	163
xllcorner	391686.332397
yllcorner	5160024.123721
cellsize	150.000000
NODATA_value	-32768.000000
[rows 38 to 75 of 163, columns 0 to 83 of 158]
1.07 1.07 1.08 1.07 1.04 1.03 1.02 1.02 1.02 1.02 1.02 1.00 1.00 1.00 1.00 0.99 0.98 0.97 0.96 0.95 0.94 0.91 0.89 0.86 0.81 0.74 0.65 0.56 0.64 0.84 0.88 0.90 1.02 1.17 1.33 1.30 1.22 1.31 1.43 1.38 1.32 1.31 1.31 1.35 1.41 1.39 1.33 1.32 1.36 1.47 1.47 1.33 1.31 1.46 1.50 1.36 1.36 1.56 1.74 1.89 2.04 1.95 1.53 1.06 0.94 1.27 1.89 2.05 1.61 1.31 1.28 1.31 1.29 1.16 1.02 1.01 0.88 0.82 1.21 1.48 1.19 1.07 1.27 1.60
1.06 1.05 1.05 1.04 1.03 1.02 1.01 1.03 1.03 1.02 1.02 1.00 1.00 1.01 1.01 0.99 0.98 0.97 0.96 0.96 0.95 0.92 0.90 0.88 0.83 0.76 0.67 0.60 0.67 0.82 0.88 0.87 0.93 1.06 1.18 1.17 1.18 1.36 1.50 1.47 1.40 1.35 1.33 1.33 1.40 1.45 1.39 1.29 1.30 1.49 1.58 1.39 1.26 1.46 1.65 1.52 1.40 1.56 1.80 1.96 2.08 2.20 2.06 1.53 1.12 1.29 1.91 2.02 1.57 1.33 1.30 1.29 1.28 1.19 1.12 1.13 0.96 0.79 1.09 1.59 1.55 1.29 1.26 1.45
1.03 1.03 1.02 1.02 1.03 1.01 1.02 1.04 1.04 1.01 1.00 1.01 1.00 1.01 1.02 1.00 0.99 0.98 0.97 0.96 0.95 0.93 0.91 0.89 0.86 0.79 0.72 0.67 0.67 0.78 0.89 0.86 0.84 0.94 1.01 1.01 1.06 1.23 1.46 1.55 1.52 1.46 1.39 1.32 1.34 1.45 1.46 1.33 1.27 1.46 1.65 1.47 1.20 1.29 1.60 1.65 1.49 1.48 1.68 1.86 1.94 2.12 2.33 2.05 1.40 1.38 1.94 2.00 1.60 1.42 1.31 1.25 1.21 1.06 1.09 1.21 1.02 0.86 0.99 1.44 1.68 1.64 1.56 1.59
1.00 1.00 1.00 1.00 1.01 1.01 1.02 1.05 1.05 1.01 1.00 1.01 1.01 1.00 1.02 1.01 0.99 0.99 0.99 0.97 0.96 0.94 0.92 0.91 0.89 0.83 0.78 0.73 0.69 0.78 0.89 0.86 0.80 0.82 0.84 0.90 0.99 1.09 1.25 1.47 1.56 1.59 1.55 1.45 1.38 1.41 1.47 1.45 1.38 1.46 1.69 1.60 1.23 1.11 1.31 1.52 1.44 1.32 1.45 1.66 1.71 1.78 2.14 2.31 1.88 1.59 1.90 2.03 1.73 1.55 1.42 1.34 1.24 1.01 1.05 1.21 1.03 0.91 0.96 1.21 1.49 1.62 1.74 1.82
0.96 0.97 0.98 0.99 1.00 1.03 1.02 1.03 1.04 1.02 1.00 1.01 1.01 1.01 1.02 1.01 1.00 1.00 1.00 0.99 0.97 0.94 0.93 0.93 0.91 0.86 0.83 0.78 0.74 0.79 0.88 0.86 0.79 0.74 0.71 0.78 0.94 1.08 1.16 1.30 1.45 1.56 1.58 1.56 1.47 1.38 1.41 1.46 1.40 1.40 1.62 1.64 1.30 1.09 1.17 1.35 1.36 1.28 1.35 1.52 1.55 1.51 1.75 2.14 2.21 1.96 1.86 2.00 1.94 1.73 1.65 1.61 1.43 1.16 1.15 1.22 1.07 0.98 0.99 1.15 1.37 1.46 1.61 1.82
0.93 0.94 0.96 0.97 1.00 1.03 1.03 1.01 1.03 1.03 1.00 1.01 1.02 1.01 1.01 1.01 1.01 1.00 1.01 1.00 0.98 0.95 0.94 0.94 0.93 0.89 0.86 0.83 0.79 0.80 0.85 0.85 0.79 0.71 0.64 0.66 0.81 1.02 1.10 1.18 1.32 1.44 1.50 1.51 1.43 1.32 1.33 1.39 1.40 1.41 1.58 1.61 1.36 1.19 1.22 1.30 1.32 1.31 1.36 1.48 1.49 1.40 1.46 1.69 2.03 2.11 1.93 1.94 2.05 2.03 2.01 2.02 1.83 1.54 1.45 1.38 1.23 1.12 1.07 1.13 1.30 1.42 1.56 1.74
0.92 0.92 0.94 0.97 1.00 1.02 1.02 1.01 1.02 1.03 1.01 1.01 1.02 1.01 1.01 1.02 1.01 1.01 1.01 1.01 0.99 0.97 0.95 0.94 0.94 0.92 0.89 0.87 0.83 0.81 0.83 0.84 0.79 0.70 0.61 0.59 0.71 0.87 0.96 1.06 1.19 1.35 1.46 1.45 1.35 1.29 1.31 1.37 1.43 1.46 1.55 1.59 1.45 1.32 1.34 1.38 1.34 1.33 1.40 1.49 1.51 1.45 1.39 1.43 1.67 1.91 1.91 1.83 1.86 1.99 2.10 2.19 2.15 1.95 1.76 1.58 1.38 1.27 1.19 1.18 1.23 1.34 1.52 1.70
0.90 0.91 0.94 0.98 0.99 1.00 1.01 1.02 1.02 1.02 1.02 1.01 1.01 1.01 1.02 1.02 1.01 1.02 1.02 1.01 1.00 0.98 0.97 0.95 0.95 0.94 0.92 0.89 0.87 0.84 0.83 0.84 0.79 0.70 0.63 0.61 0.66 0.76 0.85 0.94 1.07 1.27 1.45 1.41 1.26 1.27 1.36 1.40 1.43 1.45 1.49 1.54 1.48 1.36 1.37 1.43 1.39 1.34 1.38 1.47 1.52 1.53 1.47 1.44 1.58 1.69 1.75 1.70 1.52 1.51 1.72 1.92 2.04 2.02 1.89 1.68 1.43 1.32 1.32 1.33 1.32 1.34 1.46 1.63
0.90 0.90 0.94 0.97 0.98 1.00 1.01 1.01 1.01 1.01 1.02 1.02 1.01 1.01 1.02 1.02 1.02 1.02 1.03 1.02 1.00 0.99 0.98 0.97 0.97 0.96 0.94 0.92 0.89 0.86 0.84 0.84 0.80 0.72 0.66 0.65 0.66 0.70 0.77 0.85 0.97 1.18 1.39 1.36 1.21 1.23 1.35 1.45 1.44 1.39 1.42 1.47 1.47 1.41 1.37 1.43 1.44 1.39 1.38 1.39 1.46 1.56 1.55 1.51 1.58 1.62 1.60 1.59 1.42 1.32 1.45 1.62 1.81 1.92 1.89 1.75 1.51 1.36 1.37 1.40 1.38 1.37 1.46 1.53
0.90 0.91 0.93 0.94 0.97 1.02 1.01 0.99 1.00 1.01 1.02 1.01 1.01 1.01 1.02 1.02 1.02 1.02 1.03 1.02 1.01 0.99 0.99 0.99 0.98 0.97 0.95 0.93 0.92 0.89 0.87 0.85 0.81 0.74 0.68 0.66 0.68 0.70 0.71 0.78 0.89 1.07 1.26 1.27 1.22 1.25 1.35 1.43 1.41 1.34 1.37 1.41 1.45 1.50 1.45 1.45 1.49 1.48 1.44 1.32 1.32 1.52 1.60 1.53 1.54 1.57 1.50 1.48 1.40 1.34 1.41 1.48 1.65 1.79 1.81 1.74 1.56 1.36 1.29 1.36 1.41 1.39 1.44 1.47
0.91 0.91 0.92 0.91 0.97 1.07 1.04 0.98 0.98 0.99 1.00 1.00 1.00 1.01 1.02 1.03 1.02 1.03 1.03 1.03 1.01 1.00 1.00 1.00 1.00 0.98 0.96 0.95 0.93 0.92 0.90 0.87 0.84 0.78 0.71 0.67 0.69 0.71 0.70 0.74 0.83 0.95 1.07 1.10 1.17 1.31 1.40 1.40 1.36 1.31 1.34 1.39 1.42 1.47 1.45 1.45 1.51 1.52 1.49 1.35 1.27 1.48 1.64 1.58 1.52 1.48 1.40 1.37 1.35 1.34 1.39 1.45 1.54 1.66 1.71 1.69 1.56 1.41 1.34 1.41 1.50 1.47 1.43 1.44
0.93 0.91 0.89 0.89 0.97 1.10 1.08 0.98 0.95 0.97 0.99 0.99 1.00 1.01 1.02 1.03 1.03 1.02 1.03 1.02 1.02 1.01 1.01 1.01 1.01 0.99 0.97 0.96 0.95 0.94 0.92 0.90 0.86 0.82 0.76 0.70 0.70 0.73 0.72 0.73 0.79 0.87 0.91 0.93 1.06 1.30 1.40 1.34 1.29 1.25 1.29 1.41 1.48 1.48 1.46 1.48 1.55 1.53 1.46 1.37 1.33 1.49 1.69 1.71 1.55 1.39 1.31 1.28 1.29 1.33 1.38 1.44 1.49 1.55 1.62 1.64 1.59 1.54 1.53 1.58 1.62 1.59 1.50 1.43
0.96 0.91 0.85 0.88 1.00 1.11 1.12 1.03 0.94 0.94 0.97 0.98 0.99 1.00 1.02 1.04 1.03 1.02 1.03 1.03 1.02 1.02 1.01 1.01 1.02 1.01 0.98 0.97 0.96 0.95 0.94 0.92 0.89 0.85 0.80 0.74 0.72 0.74 0.73 0.73 0.78 0.83 0.84 0.83 0.99 1.25 1.33 1.27 1.23 1.15 1.14 1.31 1.44 1.45 1.48 1.53 1.60 1.57 1.44 1.34 1.36 1.50 1.73 1.81 1.57 1.32 1.24 1.21 1.22 1.28 1.33 1.39 1.43 1.46 1.51 1.54 1.54 1.56 1.62 1.69 1.71 1.67 1.59 1.47
1.00 0.90 0.80 0.86 1.03 1.10 1.12 1.11 0.98 0.92 0.93 0.97 0.98 0.99 1.01 1.03 1.04 1.02 1.03 1.03 1.02 1.02 1.02 1.01 1.02 1.02 0.99 0.98 0.98 0.97 0.95 0.94 0.91 0.88 0.85 0.79 0.75 0.74 0.73 0.73 0.77 0.83 0.81 0.79 0.94 1.16 1.21 1.20 1.23 1.14 1.08 1.26 1.36 1.34 1.40 1.54 1.60 1.56 1.46 1.38 1.38 1.49 1.78 1.88 1.54 1.27 1.20 1.19 1.21 1.26 1.30 1.35 1.38 1.40 1.42 1.42 1.41 1.45 1.58 1.73 1.79 1.75 1.64 1.48
1.06 0.91 0.76 0.86 1.03 1.06 1.08 1.15 1.08 0.93 0.90 0.95 0.97 0.98 1.00 1.02 1.04 1.02 1.03 1.04 1.03 1.02 1.02 1.02 1.02 1.01 1.00 1.00 0.99 0.98 0.97 0.95 0.93 0.91 0.88 0.85 0.80 0.76 0.73 0.71 0.75 0.85 0.81 0.75 0.87 1.07 1.09 1.08 1.23 1.24 1.19 1.30 1.41 1.39 1.42 1.55 1.54 1.47 1.46 1.45 1.43 1.52 1.87 1.94 1.50 1.23 1.19 1.19 1.23 1.28 1.30 1.34 1.36 1.39 1.41 1.38 1.33 1.32 1.42 1.62 1.77 1.86 1.79 1.55
1.09 0.95 0.78 0.84 1.02 1.02 1.02 1.15 1.15 0.99 0.90 0.92 0.96 0.98 1.00 1.02 1.02 1.02 1.03 1.04 1.03 1.02 1.02 1.03 1.02 1.01 1.01 1.01 1.00 0.99 0.98 0.97 0.95 0.93 0.91 0.89 0.85 0.80 0.75 0.70 0.73 0.85 0.84 0.74 0.79 0.95 0.98 0.96 1.12 1.23 1.23 1.29 1.39 1.48 1.57 1.59 1.44 1.38 1.44 1.49 1.49 1.58 1.93 1.95 1.50 1.23 1.18 1.22 1.29 1.32 1.32 1.35 1.39 1.41 1.43 1.40 1.33 1.29 1.33 1.42 1.59 1.83 1.93 1.79
1.04 1.02 0.87 0.82 0.98 1.00 0.96 1.11 1.20 1.08 0.94 0.90 0.94 0.97 0.99 1.01 1.02 1.02 1.03 1.04 1.04 1.03 1.03 1.03 1.02 1.02 1.02 1.01 1.01 1.00 0.99 0.98 0.97 0.95 0.94 0.91 0.89 0.85 0.80 0.73 0.73 0.83 0.85 0.75 0.71 0.80 0.86 0.85 0.97 1.09 1.16 1.26 1.33 1.45 1.69 1.63 1.36 1.32 1.42 1.53 1.57 1.69 1.98 1.93 1.51 1.27 1.22 1.27 1.40 1.44 1.41 1.40 1.40 1.41 1.43 1.42 1.36 1.36 1.39 1.35 1.43 1.68 1.90 1.95
0.97 1.03 1.00 0.86 0.92 0.97 0.92 1.01 1.18 1.19 1.04 0.92 0.93 0.95 0.96 0.99 1.01 1.02 1.02 1.03 1.04 1.04 1.03 1.03 1.02 1.02 1.02 1.02 1.02 1.01 1.00 0.99 0.98 0.97 0.96 0.94 0.91 0.89 0.85 0.79 0.76 0.80 0.82 0.76 0.69 0.68 0.70 0.75 0.85 0.94 1.05 1.25 1.33 1.45 1.74 1.62 1.32 1.29 1.40 1.51 1.60 1.78 2.02 1.95 1.55 1.28 1.22 1.24 1.39 1.50 1.48 1.44 1.43 1.42 1.42 1.42 1.40 1.44 1.48 1.40 1.38 1.56 1.76 1.87
0.95 1.01 1.06 0.97 0.92 0.96 0.91 0.90 1.07 1.23 1.15 0.99 0.95 0.94 0.93 0.97 1.00 1.01 1.01 1.02 1.04 1.05 1.04 1.03 1.02 1.02 1.03 1.02 1.02 1.02 1.01 1.01 1.00 0.98 0.97 0.96 0.94 0.91 0.89 0.85 0.82 0.81 0.80 0.77 0.71 0.65 0.61 0.65 0.72 0.78 0.90 1.19 1.31 1.46 1.74 1.55 1.28 1.30 1.39 1.48 1.59 1.77 2.01 2.01 1.61 1.25 1.14 1.15 1.24 1.37 1.43 1.47 1.49 1.47 1.46 1.44 1.45 1.50 1.52 1.47 1.43 1.49 1.62 1.73
0.97 0.99 1.03 1.03 1.00 0.99 0.95 0.88 0.95 1.16 1.18 1.08 1.04 0.97 0.91 0.93 0.98 0.99 1.00 1.00 1.02 1.04 1.04 1.04 1.02 1.02 1.03 1.03 1.03 1.02 1.02 1.01 1.01 1.00 0.99 0.98 0.96 0.94 0.92 0.90 0.87 0.85 0.82 0.78 0.73 0.68 0.60 0.57 0.59 0.61 0.73 1.09 1.27 1.44 1.70 1.46 1.22 1.30 1.41 1.48 1.59 1.75 1.95 2.03 1.74 1.32 1.12 1.11 1.18 1.29 1.37 1.48 1.52 1.50 1.50 1.47 1.50 1.57 1.57 1.55 1.54 1.55 1.59 1.64
1.00 0.99 0.99 1.02 1.04 1.04 1.03 0.94 0.92 1.06 1.10 1.08 1.13 1.09 0.97 0.92 0.94 0.97 0.99 1.00 1.01 1.03 1.04 1.04 1.02 1.02 1.03 1.03 1.03 1.03 1.03 1.02 1.02 1.01 1.00 0.99 0.98 0.96 0.94 0.93 0.91 0.88 0.85 0.81 0.76 0.72 0.64 0.56 0.51 0.47 0.55 0.92 1.21 1.43 1.62 1.40 1.16 1.24 1.39 1.47 1.56 1.73 1.90 2.01 1.84 1.46 1.20 1.15 1.23 1.34 1.38 1.45 1.51 1.51 1.50 1.48 1.51 1.58 1.59 1.60 1.63 1.67 1.67 1.66
1.01 0.99 0.99 1.01 1.03 1.04 1.07 1.04 0.99 1.01 0.99 0.99 1.11 1.20 1.11 0.97 0.91 0.93 0.96 0.98 1.00 1.02 1.03 1.03 1.02 1.02 1.03 1.03 1.03 1.03 1.03 1.03 1.02 1.02 1.01 1.00 0.99 0.98 0.96 0.95 0.93 0.91 0.88 0.85 0.81 0.77 0.70 0.61 0.52 0.41 0.41 0.71 1.13 1.38 1.51 1.34 1.14 1.21 1.36 1.41 1.48 1.64 1.84 1.97 1.89 1.58 1.30 1.21 1.26 1.36 1.38 1.41 1.48 1.50 1.48 1.48 1.51 1.53 1.54 1.56 1.59 1.68 1.74 1.74
1.00 1.00 1.00 1.02 1.03 1.05 1.08 1.09 1.07 1.01 0.94 0.89 0.99 1.18 1.22 1.12 0.98 0.91 0.92 0.95 0.97 1.01 1.03 1.02 1.02 1.03 1.03 1.04 1.04 1.04 1.04 1.03 1.03 1.03 1.02 1.01 1.00 0.99 0.98 0.97 0.95 0.93 0.91 0.88 0.85 0.81 0.76 0.69 0.58 0.45 0.37 0.54 0.98 1.27 1.37 1.28 1.18 1.24 1.32 1.35 1.39 1.50 1.68 1.87 1.86 1.65 1.35 1.17 1.21 1.33 1.36 1.37 1.42 1.45 1.43 1.46 1.52 1.52 1.51 1.52 1.53 1.61 1.71 1.73
0.98 0.99 1.01 1.02 1.04 1.07 1.10 1.12 1.11 1.05 0.95 0.86 0.90 1.05 1.19 1.24 1.14 1.00 0.93 0.91 0.94 0.98 1.01 1.01 1.02 1.03 1.03 1.03 1.04 1.04 1.04 1.04 1.04 1.03 1.03 1.02 1.02 1.01 1.00 0.98 0.97 0.95 0.93 0.91 0.88 0.85 0.81 0.75 0.66 0.54 0.41 0.48 0.81 1.10 1.19 1.17 1.21 1.28 1.29 1.28 1.30 1.37 1.51 1.70 1.76 1.66 1.42 1.20 1.20 1.31 1.34 1.36 1.39 1.40 1.38 1.41 1.49 1.52 1.52 1.54 1.54 1.59 1.66 1.67
0.99 0.99 1.01 1.01 1.03 1.08 1.12 1.15 1.13 1.08 0.99 0.87 0.86 0.92 1.04 1.23 1.26 1.15 1.02 0.93 0.92 0.94 0.97 0.99 1.01 1.03 1.04 1.04 1.03 1.03 1.04 1.04 1.04 1.04 1.03 1.03 1.02 1.02 1.01 1.00 0.98 0.97 0.95 0.93 0.91 0.88 0.85 0.80 0.73 0.64 0.50 0.49 0.73 0.93 0.99 1.08 1.24 1.30 1.27 1.24 1.23 1.28 1.38 1.52 1.64 1.61 1.44 1.31 1.28 1.30 1.33 1.36 1.38 1.35 1.35 1.39 1.45 1.50 1.52 1.55 1.58 1.61 1.67 1.68
1.03 1.00 1.00 1.01 1.01 1.06 1.12 1.16 1.15 1.11 1.05 0.93 0.85 0.85 0.90 1.08 1.25 1.26 1.16 1.03 0.95 0.92 0.93 0.96 0.99 1.02 1.05 1.04 1.03 1.03 1.04 1.04 1.04 1.04 1.04 1.04 1.03 1.03 1.02 1.01 1.00 0.98 0.97 0.95 0.93 0.91 0.88 0.84 0.79 0.72 0.60 0.54 0.69 0.81 0.81 1.01 1.27 1.32 1.24 1.20 1.18 1.22 1.31 1.40 1.48 1.45 1.27 1.24 1.28 1.30 1.32 1.36 1.39 1.33 1.31 1.39 1.46 1.50 1.53 1.58 1.65 1.67 1.73 1.76
1.08 1.04 1.01 1.02 1.02 1.04 1.09 1.15 1.15 1.13 1.10 1.01 0.86 0.82 0.84 0.94 1.11 1.24 1.26 1.19 1.07 0.96 0.93 0.93 0.95 1.01 1.06 1.04 1.02 1.03 1.03 1.03 1.04 1.04 1.04 1.04 1.04 1.03 1.03 1.02 1.01 1.00 0.99 0.97 0.95 0.93 0.91 0.88 0.84 0.78 0.70 0.61 0.67 0.74 0.68 0.84 1.24 1.36 1.25 1.16 1.10 1.13 1.25 1.36 1.39 1.25 1.11 1.12 1.20 1.26 1.31 1.36 1.40 1.32 1.27 1.35 1.45 1.51 1.57 1.65 1.72 1.73 1.75 1.80
1.11 1.09 1.06 1.04 1.04 1.05 1.06 1.12 1.15 1.11 1.12 1.09 0.90 0.79 0.83 0.88 0.97 1.09 1.23 1.29 1.20 1.07 0.99 0.94 0.91 0.97 1.04 1.03 1.03 1.03 1.02 1.03 1.04 1.04 1.04 1.04 1.04 1.04 1.03 1.03 1.02 1.01 1.00 0.99 0.97 0.96 0.94 0.91 0.88 0.84 0.78 0.70 0.69 0.72 0.63 0.67 1.07 1.33 1.30 1.17 1.00 0.99 1.19 1.41 1.43 1.28 1.12 1.08 1.12 1.18 1.24 1.34 1.38 1.30 1.24 1.28 1.38 1.47 1.53 1.64 1.72 1.73 1.74 1.79
1.05 1.12 1.17 1.11 1.08 1.08 1.05 1.10 1.18 1.15 1.13 1.11 0.96 0.80 0.80 0.87 0.91 0.95 1.08 1.25 1.27 1.19 1.13 1.04 0.95 0.96 1.01 1.02 1.03 1.04 1.02 1.02 1.03 1.04 1.04 1.04 1.04 1.04 1.04 1.03 1.03 1.02 1.01 1.00 0.99 0.98 0.96 0.94 0.91 0.88 0.85 0.79 0.75 0.73 0.66 0.64 0.84 1.15 1.29 1.20 0.97 0.90 1.15 1.41 1.48 1.38 1.21 1.10 1.09 1.11 1.15 1.27 1.35 1.29 1.24 1.23 1.28 1.36 1.44 1.57 1.71 1.76 1.77 1.82
0.87 1.08 1.30 1.27 1.22 1.13 1.02 1.08 1.22 1.24 1.17 1.09 1.00 0.89 0.80 0.82 0.90 0.90 0.95 1.10 1.20 1.23 1.25 1.18 1.06 1.01 1.00 1.00 1.01 1.02 1.01 1.01 1.03 1.03 1.04 1.04 1.04 1.04 1.04 1.04 1.04 1.03 1.02 1.02 1.01 0.99 0.98 0.96 0.95 0.92 0.90 0.86 0.82 0.78 0.73 0.70 0.76 0.91 1.12 1.15 0.91 0.81 0.97 1.23 1.38 1.38 1.29 1.16 1.10 1.08 1.09 1.19 1.27 1.22 1.18 1.18 1.19 1.26 1.37 1.51 1.65 1.74 1.76 1.74
0.63 0.91 1.27 1.40 1.46 1.34 1.07 1.11 1.32 1.36 1.23 1.08 1.02 0.97 0.87 0.82 0.89 0.91 0.90 0.98 1.05 1.12 1.23 1.27 1.21 1.13 1.09 1.06 1.01 0.99 0.98 0.99 1.01 1.02 1.03 1.04 1.04 1.04 1.05 1.04 1.04 1.04 1.03 1.03 1.02 1.01 1.00 0.99 0.97 0.96 0.94 0.91 0.89 0.86 0.82 0.79 0.79 0.82 0.93 1.00 0.82 0.69 0.81 1.00 1.16 1.24 1.27 1.23 1.16 1.11 1.09 1.15 1.19 1.11 1.06 1.08 1.10 1.13 1.21 1.34 1.44 1.55 1.69 1.66
0.48 0.63 0.96 1.21 1.43 1.47 1.24 1.18 1.43 1.53 1.35 1.19 1.14 1.07 0.99 0.94 0.95 0.96 0.92 0.91 0.96 1.02 1.11 1.19 1.21 1.23 1.28 1.22 1.07 0.99 0.96 0.95 0.97 1.00 1.01 1.03 1.04 1.04 1.04 1.05 1.05 1.04 1.04 1.04 1.03 1.02 1.02 1.01 1.00 0.98 0.97 0.95 0.93 0.91 0.89 0.88 0.86 0.85 0.87 0.89 0.79 0.68 0.73 0.84 0.90 0.96 1.07 1.13 1.14 1.13 1.12 1.16 1.16 1.06 1.01 1.02 0.99 0.98 1.01 1.13 1.28 1.41 1.64 1.75
0.61 0.65 0.79 0.95 1.16 1.30 1.15 1.04 1.32 1.54 1.40 1.25 1.26 1.22 1.15 1.10 1.09 1.09 1.02 0.93 0.93 0.98 1.03 1.09 1.06 1.14 1.40 1.41 1.20 1.07 0.99 0.94 0.93 0.96 0.98 1.01 1.02 1.03 1.04 1.05 1.05 1.05 1.05 1.04 1.04 1.04 1.03 1.02 1.01 1.00 0.99 0.98 0.97 0.96 0.94 0.93 0.92 0.91 0.90 0.88 0.82 0.74 0.73 0.76 0.73 0.73 0.82 0.89 0.94 0.98 1.06 1.17 1.15 1.03 1.00 1.01 0.96 0.90 0.89 0.97 1.18 1.40 1.56 1.85
0.84 0.83 0.86 0.94 1.05 1.12 1.01 0.92 1.16 1.40 1.25 1.12 1.14 1.16 1.15 1.12 1.14 1.19 1.16 1.05 0.99 0.99 1.02 1.04 0.92 0.96 1.33 1.53 1.40 1.22 1.10 1.01 0.94 0.92 0.94 0.98 1.00 1.02 1.03 1.04 1.05 1.05 1.05 1.05 1.05 1.05 1.04 1.04 1.03 1.02 1.01 1.01 1.00 0.99 0.98 0.97 0.96 0.95 0.94 0.91 0.88 0.83 0.80 0.77 0.73 0.69 0.68 0.70 0.71 0.73 0.84 1.04 1.09 0.98 0.95 0.99 0.97 0.89 0.83 0.89 1.08 1.34 1.53 1.97
1.03 1.00 0.97 0.97 1.02 1.06 1.02 0.98 1.13 1.26 1.11 1.04 1.04 1.03 1.04 1.03 1.05 1.12 1.17 1.15 1.11 1.08 1.06 1.03 0.89 0.84 1.13 1.47 1.52 1.39 1.25 1.15 1.05 0.94 0.90 0.94 0.97 1.00 1.02 1.03 1.04 1.05 1.05 1.06 1.06 1.05 1.05 1.05 1.04 1.04 1.03 1.03 1.02 1.01 1.00 1.00 0.99 0.98 0.97 0.95 0.93 0.90 0.87 0.84 0.80 0.74 0.69 0.66 0.63 0.60 0.62 0.77 0.90 0.83 0.82 0.87 0.91 0.85 0.80 0.88 1.05 1.26 1.58 2.06
1.21 1.15 1.05 1.00 1.02 1.06 1.04 1.04 1.10 1.10 1.05 1.04 1.01 0.98 0.99 0.98 0.98 1.02 1.06 1.08 1.12 1.15 1.13 1.07 0.93 0.84 1.00 1.29 1.48 1.48 1.37 1.28 1.21 1.07 0.94 0.92 0.94 0.97 0.99 1.02 1.04 1.05 1.05 1.06 1.06 1.06 1.06 1.06 1.06 1.05 1.05 1.04 1.04 1.03 1.02 1.02 1.01 1.00 0.99 0.98 0.96 0.94 0.92 0.89 0.86 0.82 0.77 0.71 0.66 0.62 0.58 0.60 0.65 0.64 0.66 0.73 0.80 0.79 0.76 0.86 1.05 1.29 1.65 2.01
1.42 1.32 1.14 1.02 1.03 1.07 1.05 1.05 1.06 1.01 0.99 1.01 1.00 0.97 0.97 0.97 0.97 0.97 0.99 1.00 1.03 1.09 1.12 1.09 0.97 0.87 0.96 1.16 1.36 1.46 1.42 1.35 1.32 1.23 1.06 0.96 0.95 0.96 0.97 0.99 1.02 1.04 1.05 1.06 1.06 1.07 1.07 1.07 1.06 1.06 1.06 1.05 1.05 1.04 1.04 1.03 1.03 1.02 1.01 1.00 0.98 0.97 0.95 0.93 0.90 0.87 0.83 0.79 0.75 0.70 0.63 0.58 0.54 0.51 0.54 0.63 0.70 0.73 0.73 0.81 1.07 1.38 1.70 1.86
1.62 1.50 1.26 1.08 1.04 1.08 1.05 1.01 1.01 0.98 0.95 0.96 0.96 0.95 0.95 0.95 0.95 0.95 0.97 0.98 0.98 1.03 1.06 1.06 0.99 0.88 0.92 1.06 1.25 1.40 1.43 1.38 1.36 1.32 1.19 1.04 0.98 0.98 0.97 0.97 1.00 1.03 1.05 1.06 1.07 1.07 1.07 1.07 1.07 1.07 1.07 1.06 1.06 1.06 1.05 1.05 1.04 1.03 1.03 1.02 1.00 0.99 0.98 0.96 0.93 0.91 0.88 0.85 0.81 0.77 0.72 0.64 0.56 0.47 0.45 0.52 0.58 0.65 0.71 0.80 1.09 1.43 1.66 1.66
