windninja/windninja_output/Output_2025-08-09_1100-1150_Google earth_Fire_150m_10min/merlingen_7.5mi_point_08-09-2025_1100_150m_ang.asc
ncols	158
nrows	163
xllcorner	391686.332397
yllcorner	5160024.123721
cellsize	150.000000
NODATA_value	-32768.000000
[rows 55 to 109 of 163, columns 0 to 95 of 158]
95 94 96 100 98 94 92 88 83 83 86 88 88 86 84 82 81 80 78 77 76 76 75 74 74 73 72 72 71 71 70 70 70 70 70 70 70 70 71 72 75 76 74 71 69 66 60 56 55 51 49 55 58 62 68 63 50 47 50 54 58 63 66 64 54 43 36 34 38 40 39 41 45 46 47 45 44 48 51 49 47 49 49 47 47 48 48 50 52 53 56 56 54 55 67 74
94 93 91 92 93 93 92 90 85 82 83 85 87 87 85 83 81 80 79 78 76 75 75 74 74 73 72 72 71 71 70 70 70 69 69 69 69 69 70 71 73 74 73 71 70 69 67 63 58 51 49 58 60 64 68 59 46 47 52 56 60 63 64 61 53 42 36 35 40 42 41 43 45 45 45 43 44 48 49 47 46 48 49 48 47 47 45 44 46 51 59 63 62 62 67 67
92 92 89 87 88 89 91 92 89 85 83 81 83 85 86 84 82 81 79 78 77 76 75 74 73 73 72 72 71 71 70 70 70 69 69 69 69 69 69 70 70 71 71 71 70 71 72 70 64 54 52 60 63 67 67 56 44 47 54 58 61 63 63 60 52 42 36 36 39 41 42 43 44 44 43 41 43 46 45 44 44 46 48 49 49 50 49 46 46 49 56 63 64 65 70 63
90 90 89 87 86 86 87 89 92 90 84 79 78 80 84 86 84 81 80 78 77 76 75 74 73 73 72 72 71 71 70 70 69 69 69 69 69 69 69 69 69 69 70 70 71 72 74 75 73 64 58 63 66 69 66 55 45 51 58 61 61 61 61 58 52 42 35 32 34 38 41 43 44 43 42 40 42 44 42 40 41 43 46 48 50 52 52 51 50 51 59 63 63 67 70 59
88 87 87 86 86 85 85 87 90 91 87 81 77 77 80 84 85 83 81 79 77 76 76 75 73 73 72 72 71 71 70 70 69 69 69 69 68 68 68 68 68 68 68 69 70 71 71 73 76 75 69 68 70 69 65 55 50 58 63 63 62 61 60 57 52 44 35 28 31 39 42 43 44 43 41 40 43 43 41 40 41 43 46 46 47 49 50 52 54 60 67 68 66 68 65 54
85 85 85 84 84 85 85 85 87 88 87 84 80 77 76 78 82 84 83 80 78 77 76 74 73 73 72 72 71 71 70 70 69 69 69 68 68 68 68 68 68 68 68 68 68 69 70 71 74 78 79 77 74 71 64 56 55 63 66 64 62 61 60 57 52 45 36 27 33 42 44 43 44 43 41 40 43 42 41 42 42 45 46 46 46 48 50 54 60 69 71 68 65 61 57 51
84 84 83 83 83 83 84 85 86 86 87 87 85 80 75 74 76 80 83 82 80 78 76 74 73 73 72 72 71 71 70 70 69 69 69 68 68 68 68 68 68 67 67 67 68 68 69 70 72 75 80 85 82 75 66 60 63 68 68 66 64 62 61 58 53 47 37 30 36 44 44 44 45 44 41 41 43 41 41 42 43 45 48 48 49 51 54 59 67 72 68 63 59 53 51 49
83 83 83 83 83 83 83 84 85 85 86 87 87 83 77 73 73 75 78 81 81 79 77 75 73 73 73 72 72 71 70 70 69 69 69 68 68 68 68 67 67 67 67 67 67 68 68 69 70 72 77 83 84 78 68 65 69 71 69 67 64 62 60 57 53 47 37 33 39 44 43 44 46 43 41 41 42 41 41 41 43 45 48 50 52 56 64 70 72 70 63 60 55 51 49 49
83 83 84 84 84 84 84 83 83 83 84 86 87 85 81 76 73 72 73 76 79 79 78 76 74 73 73 73 72 71 71 70 69 69 69 68 68 68 67 67 67 67 67 67 67 67 68 68 69 71 74 79 82 78 69 66 70 71 69 66 62 59 58 56 56 51 42 39 42 43 43 45 46 42 39 39 40 40 39 39 42 44 47 51 53 60 70 75 74 67 58 56 53 50 49 49
82 83 84 84 85 86 85 84 83 82 82 85 87 85 83 80 76 71 70 71 74 77 78 77 75 73 73 73 72 71 71 70 69 69 69 68 68 68 67 67 67 67 67 67 67 67 67 68 69 70 73 77 81 79 72 68 70 69 68 66 61 56 56 60 63 58 49 45 44 42 42 45 46 42 37 37 37 36 34 36 39 42 46 51 56 65 71 72 69 59 53 52 50 50 50 49
79 79 82 83 84 85 85 84 83 83 83 84 87 86 84 83 80 74 70 69 70 72 74 76 76 75 74 72 72 72 71 70 70 69 69 68 68 68 67 67 67 67 67 67 67 67 67 68 68 69 72 75 80 81 78 76 73 69 67 65 59 53 55 60 59 54 48 44 43 43 43 46 46 41 36 35 35 33 31 35 40 44 48 52 59 68 70 66 58 50 48 48 48 50 51 51
73 73 76 80 82 84 83 81 81 82 84 84 84 85 85 82 81 78 73 70 68 67 69 73 75 76 75 73 72 72 71 70 70 69 69 68 68 68 67 67 67 67 66 66 66 67 67 67 68 69 70 73 76 79 82 85 82 74 68 64 55 47 52 55 53 50 46 43 43 44 44 47 47 40 35 33 32 31 30 35 41 45 48 51 59 65 65 58 50 47 45 45 47 48 52 55
63 65 68 71 77 82 81 77 78 81 84 83 81 82 84 82 80 79 78 74 69 65 66 68 70 73 74 74 74 73 72 71 70 70 69 69 68 68 67 67 67 67 66 66 66 66 67 67 67 68 69 71 73 76 80 86 89 84 75 67 55 48 54 57 54 50 46 44 45 45 45 48 47 40 35 33 31 29 28 33 38 43 48 51 60 66 62 52 48 46 43 44 46 48 51 56
55 62 64 64 68 73 71 68 73 78 81 80 79 78 78 80 80 80 80 77 73 69 66 65 65 66 69 74 76 76 74 72 71 70 69 69 68 68 67 67 67 66 66 66 66 66 66 67 67 68 68 69 71 73 76 80 85 86 82 74 65 61 65 64 58 52 48 45 45 45 45 48 49 43 36 34 31 27 26 33 39 46 53 57 69 71 60 48 46 44 43 44 47 49 50 53
66 73 75 71 70 69 63 60 68 72 73 70 70 70 69 71 75 77 78 77 75 73 71 68 63 60 64 71 75 77 76 75 73 71 70 69 68 68 67 67 67 66 66 66 66 66 66 66 67 67 67 68 69 70 72 74 77 79 80 77 74 75 77 74 67 59 54 50 46 44 45 49 50 43 36 36 32 28 28 36 46 54 58 64 76 73 56 46 45 42 42 43 45 47 50 51
76 84 91 90 85 78 70 69 74 74 70 65 64 63 63 64 67 70 73 75 75 74 74 72 65 59 63 68 71 73 75 76 75 73 71 70 69 68 68 67 67 66 66 66 66 66 66 66 66 67 67 67 68 69 70 71 72 73 74 74 74 77 82 82 79 75 68 60 54 48 47 51 50 41 36 36 35 32 31 40 51 58 62 71 78 70 51 45 43 42 41 41 44 44 47 48
76 82 91 95 93 89 86 88 89 83 76 72 71 68 66 65 65 66 67 69 71 73 74 73 66 60 63 64 65 67 70 73 75 75 73 71 70 68 68 67 67 66 66 66 66 66 66 66 66 66 66 67 67 68 68 69 69 70 70 70 71 73 76 79 81 83 82 76 69 61 55 56 51 41 36 38 38 34 34 44 55 61 68 77 75 59 45 42 42 43 42 42 43 41 42 45
78 82 88 91 92 91 91 95 95 88 80 79 80 78 75 73 71 70 67 65 66 69 71 70 66 63 65 65 63 64 65 67 71 74 74 72 71 69 68 67 67 66 66 66 66 66 66 66 66 66 66 66 66 67 67 67 68 68 68 68 69 69 71 72 74 76 79 81 80 79 76 69 59 46 41 43 43 39 37 46 57 65 74 78 69 48 40 41 44 44 42 44 46 45 45 51
79 83 88 90 91 92 92 94 93 88 83 81 81 80 79 78 77 75 72 69 67 67 67 67 65 64 67 67 64 63 63 64 66 69 72 72 71 70 69 68 67 66 66 66 66 66 66 66 66 66 66 66 66 66 66 66 66 67 67 67 67 67 68 69 69 70 72 74 78 83 87 84 73 58 51 51 49 44 40 47 59 70 77 73 58 43 39 41 45 45 42 44 47 52 57 62
81 84 90 93 94 94 94 93 91 89 86 84 82 80 79 79 78 77 76 74 72 71 69 67 66 64 66 66 66 64 63 63 64 65 67 69 69 70 69 68 67 66 66 66 66 66 65 65 65 65 65 65 66 66 66 66 66 66 66 66 66 66 66 66 67 67 68 69 72 74 77 79 76 68 59 56 51 45 41 48 63 72 74 64 48 41 41 42 46 45 44 41 42 54 61 63
81 84 90 96 98 98 98 96 93 90 89 86 84 82 81 80 79 77 76 76 75 74 72 70 68 66 67 68 66 65 64 63 64 65 66 66 68 69 69 68 67 67 66 66 66 66 65 65 65 65 65 65 65 65 65 65 65 65 65 65 65 65 65 65 65 66 66 67 68 68 68 69 70 70 66 61 52 43 41 52 68 72 67 54 44 39 41 44 46 49 52 47 47 62 63 62
81 83 90 96 102 103 102 100 97 93 91 89 86 85 83 82 80 78 77 76 75 74 72 71 69 67 69 71 69 66 64 64 65 66 67 68 68 69 69 68 67 66 66 66 66 66 66 66 66 65 65 65 65 65 65 65 65 65 65 65 64 64 64 64 64 65 65 65 65 65 65 65 66 67 68 66 55 43 43 60 71 70 61 51 46 45 46 49 51 58 63 64 69 71 66 61
81 83 86 93 102 107 108 106 102 99 95 92 88 87 85 83 82 80 78 76 75 73 72 71 68 66 69 73 72 69 66 64 64 65 66 67 67 69 69 68 67 66 66 66 66 66 66 66 66 66 66 65 65 65 65 64 64 64 64 64 64 64 64 64 64 64 64 64 64 64 63 63 64 64 65 66 60 47 51 68 71 64 56 53 52 55 58 57 58 62 63 65 69 69 63 59
83 81 78 86 100 109 111 111 109 106 100 94 90 87 86 84 83 81 79 77 75 74 74 71 66 64 68 72 73 70 66 64 63 63 64 64 65 66 68 69 68 67 66 66 66 66 66 66 66 66 66 66 65 65 65 64 64 64 64 64 64 63 63 63 63 63 63 63 63 63 63 62 62 62 63 63 61 54 61 71 68 56 50 50 49 50 53 54 57 59 60 61 64 64 58 56
80 76 69 75 90 105 113 115 113 112 105 96 91 88 86 84 83 82 80 77 76 75 74 72 66 64 67 69 69 68 66 65 63 63 64 64 62 62 65 68 68 68 67 67 67 67 67 68 68 68 67 67 66 65 65 64 64 64 64 63 63 63 63 63 63 63 63 63 63 62 62 62 62 61 61 60 59 59 66 69 61 49 44 43 42 43 47 53 59 61 62 62 63 61 57 55
72 68 65 70 80 94 109 112 111 111 104 95 90 87 86 84 83 82 80 78 76 75 74 72 67 67 68 68 67 66 66 66 64 62 62 62 61 60 62 64 65 67 68 69 69 69 69 69 70 71 70 68 67 66 65 64 64 64 63 63 63 63 63 63 63 63 62 62 62 62 61 61 61 61 60 59 58 58 62 61 50 41 39 39 39 44 53 61 64 64 64 63 63 60 59 59
69 71 74 79 88 91 89 89 95 96 94 90 87 86 85 84 83 81 80 79 77 76 75 72 69 69 71 70 67 66 66 67 65 63 61 60 59 59 60 60 60 61 65 68 71 72 73 73 75 77 75 71 68 66 65 64 64 63 63 63 63 63 63 62 62 62 62 62 62 61 61 61 61 60 60 59 58 55 54 47 35 33 37 39 42 51 64 67 65 64 63 62 62 59 58 61
80 82 86 92 95 87 74 69 72 75 77 81 83 83 83 83 82 81 81 80 79 78 76 73 69 70 72 71 68 67 67 69 69 68 66 62 59 59 60 60 57 56 58 61 63 66 67 67 69 72 74 73 70 67 65 64 63 63 63 63 63 63 62 62 62 62 62 62 61 61 61 61 60 60 60 59 57 54 50 40 23 25 35 41 49 63 69 68 66 64 62 60 60 57 56 59
82 83 85 88 85 76 70 66 65 67 71 77 81 82 82 82 81 82 82 82 82 80 77 75 71 71 71 70 68 67 68 68 68 70 70 68 65 63 62 61 58 56 55 55 56 56 56 57 59 60 60 62 65 65 64 63 63 63 63 63 63 63 62 62 62 62 62 62 61 61 61 60 60 60 60 59 57 55 51 39 16 16 30 41 59 71 73 69 67 66 64 62 60 58 57 59
77 77 79 78 73 71 68 66 67 68 72 77 78 79 80 81 81 82 83 84 84 83 80 77 75 74 71 69 68 67 66 65 65 66 68 70 70 69 67 64 61 60 59 59 59 60 61 62 63 61 58 57 58 60 62 63 63 64 63 63 63 63 63 62 62 62 62 61 61 61 61 61 60 60 60 59 57 55 51 40 15 9 24 44 67 73 73 71 69 69 68 66 64 62 60 61
76 75 75 75 73 71 67 65 68 72 75 77 76 76 77 78 79 80 82 85 86 86 84 82 80 77 74 71 70 69 66 64 63 61 63 65 67 69 69 68 66 63 62 63 65 66 68 70 71 69 66 63 61 60 61 63 64 64 64 64 63 63 63 62 62 62 62 61 61 61 61 61 61 60 60 59 58 56 52 42 18 6 23 56 73 74 71 69 68 68 68 67 65 63 61 61
77 76 75 76 74 70 65 64 69 74 76 74 74 75 75 75 75 78 81 84 86 87 88 89 86 77 73 71 70 69 67 65 63 60 60 59 59 61 64 67 69 67 64 63 64 66 68 70 72 72 71 68 65 63 63 64 65 65 65 65 64 63 63 62 62 62 62 61 61 61 61 61 61 61 60 60 59 58 56 49 28 6 24 64 74 74 72 70 68 67 67 68 67 64 59 56
80 78 77 76 72 66 62 62 67 72 72 72 74 73 73 73 71 73 77 80 83 83 86 91 89 73 67 67 68 67 67 67 66 65 64 60 56 56 58 60 63 65 64 63 63 65 67 69 70 71 71 70 68 67 66 67 68 68 67 66 65 64 63 63 62 62 62 61 61 61 61 61 61 61 61 61 61 60 60 58 49 26 52 76 76 72 71 71 70 70 71 71 71 66 59 56
81 79 76 72 66 60 58 60 64 67 68 71 72 69 68 66 65 68 72 75 77 76 82 85 76 58 61 64 64 64 65 66 67 69 70 68 64 60 59 58 58 59 61 62 62 63 64 66 67 67 67 68 68 67 67 67 69 71 71 70 67 65 63 62 62 62 62 62 62 61 61 61 61 61 62 62 62 62 63 63 65 85 119 105 89 77 73 72 72 74 75 75 73 70 71 74
80 78 73 68 64 59 58 59 58 61 67 70 67 65 64 61 60 64 69 73 74 77 80 74 51 43 55 61 63 63 63 64 65 66 68 71 72 68 65 64 62 61 60 61 62 62 63 64 65 65 64 64 64 64 63 63 65 69 74 75 70 65 63 62 62 62 62 62 62 62 62 62 62 62 62 63 63 64 65 67 73 91 119 117 105 94 85 79 77 79 80 77 72 71 73 80
78 75 68 66 66 64 60 56 53 56 63 65 60 59 59 57 57 60 66 74 80 80 73 55 36 36 51 59 61 63 64 64 65 65 65 67 70 70 68 66 65 64 63 63 64 64 64 64 64 65 65 64 62 61 59 58 60 64 70 74 69 64 62 62 62 62 62 62 62 62 62 62 62 63 63 63 64 65 66 69 75 86 105 113 110 105 98 90 87 88 84 75 73 74 73 76
73 68 59 57 57 58 54 49 46 52 59 58 51 49 49 49 52 55 62 74 83 76 56 43 32 35 50 58 61 63 64 65 66 66 66 66 66 67 67 65 63 62 64 65 66 66 66 66 66 66 67 67 66 63 57 55 57 60 62 62 60 60 61 62 62 62 62 62 62 62 62 63 63 63 64 64 65 66 68 70 75 83 95 104 106 105 102 96 93 91 83 76 80 82 81 82
67 61 50 47 46 44 37 31 31 42 51 50 44 44 45 47 48 49 56 65 68 50 43 39 33 39 51 58 61 64 65 66 67 67 68 67 66 66 66 66 63 61 62 65 67 68 68 69 69 70 72 72 71 67 59 55 58 60 60 58 54 55 59 61 62 62 62 63 63 63 63 63 63 64 64 65 65 67 68 71 75 80 90 100 103 103 102 99 95 88 81 82 87 88 87 89
64 57 48 45 44 40 34 25 22 34 41 38 30 28 30 36 38 40 54 60 52 32 33 36 36 43 53 59 62 64 66 68 71 71 69 68 67 66 66 66 63 60 60 62 65 67 69 69 70 71 74 77 75 69 65 67 70 69 66 62 58 56 58 61 62 63 63 63 63 63 63 64 64 64 64 65 66 67 69 71 74 78 85 93 100 101 101 99 93 86 82 85 88 88 87 89
59 54 48 48 49 47 40 29 21 32 40 36 28 25 25 33 38 44 56 57 44 32 31 36 40 49 56 59 62 63 66 71 74 74 71 68 67 67 66 65 62 58 57 58 59 61 64 66 68 68 70 73 70 66 68 74 78 76 71 67 63 59 59 62 63 63 63 63 64 64 64 64 64 64 65 66 66 67 69 71 73 76 80 86 91 95 97 95 90 85 83 83 84 84 84 85
51 50 48 51 54 52 45 36 29 39 48 46 41 41 42 53 54 62 63 54 43 41 41 46 50 56 59 61 61 61 65 69 72 71 70 69 69 69 68 67 63 58 57 56 53 53 55 58 62 63 65 64 59 60 66 71 74 75 72 69 66 62 62 63 64 64 64 64 64 64 65 65 65 65 65 66 67 68 69 70 72 74 77 80 84 87 88 88 85 83 82 81 80 80 80 80
38 46 50 52 53 50 46 43 46 62 72 66 61 60 66 73 73 76 69 47 46 51 56 62 65 64 63 62 62 62 65 67 68 69 69 71 71 71 70 68 66 63 61 58 55 52 51 53 57 60 61 60 56 57 63 68 72 74 73 71 68 65 64 65 65 65 65 65 65 65 65 65 65 65 66 66 67 68 69 70 72 73 75 77 79 80 81 81 81 80 79 78 78 77 77 77
19 41 52 53 54 52 50 48 52 64 74 74 73 69 74 77 81 80 66 47 48 56 65 74 75 69 64 63 64 68 71 71 70 70 71 73 75 75 73 71 69 67 65 64 63 59 58 59 62 64 62 60 59 58 62 66 70 72 73 73 71 69 68 68 68 67 66 66 66 66 66 66 66 66 67 67 68 68 69 70 71 72 73 75 76 77 77 78 77 77 76 76 75 75 75 74
3 40 60 62 64 61 57 55 57 61 69 78 84 86 86 87 85 78 63 53 51 57 67 73 67 56 59 64 68 73 76 76 74 73 72 74 77 79 79 76 72 69 67 67 68 68 69 70 69 67 64 62 60 60 61 64 66 68 70 71 71 72 73 73 71 70 68 67 67 67 66 66 66 67 67 68 68 69 69 70 71 72 72 73 74 74 75 75 75 75 74 74 73 73 73 73
359 51 72 75 77 76 74 72 69 68 71 76 81 89 91 88 82 74 64 56 53 59 66 65 52 48 57 65 70 74 76 78 78 77 75 75 77 79 82 82 78 73 70 67 67 68 69 69 67 64 63 61 60 59 60 62 63 65 67 67 66 68 72 74 75 74 72 70 68 68 67 67 67 68 68 68 69 69 70 70 71 71 72 72 73 73 73 73 73 73 73 72 72 72 71 71
24 53 72 76 78 79 80 80 77 74 73 74 77 84 87 83 79 76 66 58 62 69 69 60 50 53 61 67 71 75 78 80 83 84 83 81 80 79 81 84 82 78 74 69 67 67 66 66 64 62 61 60 58 58 58 59 60 62 64 64 63 63 65 69 73 75 75 73 71 69 69 68 69 69 69 69 70 70 70 70 71 71 71 72 72 72 72 72 72 72 71 71 71 70 70 70
42 56 71 74 75 77 78 78 77 75 75 73 71 70 72 72 71 69 63 63 74 77 69 58 56 61 66 70 73 75 79 82 86 90 92 92 88 85 84 84 85 82 78 74 70 68 66 65 63 61 60 59 58 58 59 58 57 59 60 61 62 62 63 65 68 70 72 73 72 71 71 71 71 71 70 70 71 71 71 71 71 71 71 71 71 71 71 71 71 71 70 70 70 69 69 69
52 60 70 73 73 75 76 76 76 75 74 72 68 61 58 60 62 60 57 65 73 69 61 60 61 65 70 73 75 77 81 84 87 91 96 99 98 94 90 88 88 87 84 80 74 67 64 62 60 60 59 58 57 57 58 58 56 57 57 57 58 60 61 63 65 67 68 69 70 72 74 76 75 73 73 73 73 72 72 72 72 72 72 71 71 71 71 70 70 70 70 69 69 69 68 68
57 61 67 70 71 73 74 74 74 75 74 73 69 66 65 64 64 62 62 68 67 58 59 63 64 65 70 75 77 80 83 84 86 90 94 100 104 104 99 95 94 94 91 87 81 72 66 61 59 58 58 58 57 56 56 55 55 56 56 56 55 56 57 60 62 64 64 64 65 67 73 77 79 78 77 76 76 75 75 74 74 73 73 72 71 71 70 70 70 70 69 69 68 68 68 68
59 61 65 68 71 73 74 75 75 76 78 78 78 81 84 83 78 73 74 73 65 58 60 62 62 63 67 72 76 81 84 85 86 89 92 96 103 108 106 102 100 101 99 95 90 82 72 65 59 57 57 58 58 57 57 55 54 54 56 57 56 56 56 58 60 61 60 59 58 61 66 71 77 82 83 82 82 81 79 77 76 75 74 73 72 71 71 70 70 69 69 68 68 68 68 67
61 62 64 67 70 73 74 74 74 77 80 83 87 91 93 92 88 83 78 73 66 62 62 61 60 61 64 68 72 78 83 86 88 87 88 93 100 106 109 107 104 104 103 102 99 90 77 67 60 56 56 55 55 56 57 56 55 54 55 56 56 56 57 59 60 60 59 56 54 58 61 63 67 74 79 83 86 86 84 83 82 80 77 74 73 72 71 70 70 69 69 68 68 68 67 67
62 62 62 64 66 69 71 72 72 74 77 79 83 85 88 89 86 82 76 69 66 67 64 59 57 59 61 64 68 75 80 85 86 83 84 91 99 105 108 109 107 105 105 105 104 98 83 69 61 57 56 54 52 53 54 54 55 55 55 56 56 55 56 58 59 59 58 56 53 55 59 60 61 63 67 73 78 81 82 85 88 86 81 77 74 73 72 71 70 69 69 68 68 68 67 67
60 59 59 61 64 65 67 67 66 66 67 68 69 71 77 81 81 78 73 67 64 68 67 58 54 56 57 58 63 72 79 82 80 75 81 92 99 102 104 107 109 107 105 104 105 103 90 71 62 59 58 56 54 52 52 52 53 54 55 55 55 56 56 56 57 57 57 55 53 53 56 59 60 61 63 67 71 73 74 78 84 88 86 81 77 74 73 71 71 70 69 69 68 68 67 67
59 57 57 59 60 60 59 58 57 59 62 64 64 65 69 73 74 72 67 65 66 69 68 59 52 53 55 53 58 69 75 77 72 67 80 93 96 94 95 102 108 107 105 104 103 101 96 72 59 56 57 57 56 54 53 51 51 52 53 52 53 55 56 56 57 56 55 55 53 51 53 57 60 62 63 64 66 69 72 74 77 82 88 86 81 76 74 73 71 71 70 70 69 69 68 67
58 57 56 57 56 56 55 56 58 61 63 64 62 63 66 70 70 62 57 60 67 72 70 62 53 51 52 51 57 68 71 69 66 65 80 90 90 88 91 95 97 101 106 109 105 99 98 77 55 52 52 52 53 53 53 52 51 51 51 50 50 53 54 54 56 57 57 55 53 50 52 56 59 61 62 62 64 66 69 73 74 76 81 87 85 80 76 74 73 72 71 71 70 70 69 68
