windninja/windninja_output/Output_2025-08-09_1100-1150_Google earth_Fire_150m_10min/merlingen_7.5mi_point_08-09-2025_1140_150m_ang.asc
ncols	158
nrows	163
xllcorner	391686.332397
yllcorner	5160024.123721
cellsize	150.000000
NODATA_value	-32768.000000
[rows 0 to 54 of 163, columns 0 to 95 of 158]
73 73 73 73 73 76 75 71 70 71 69 62 52 48 53 64 74 79 81 89 92 77 63 63 68 74 74 68 65 66 65 66 67 66 64 69 74 75 75 73 68 67 68 69 71 74 77 78 72 65 62 59 59 59 59 58 58 59 60 60 57 55 55 52 49 47 49 52 56 57 56 55 53 51 51 52 53 55 57 56 54 51 52 55 57 56 52 51 52 50 48 49 48 46 45 48
73 74 75 75 76 76 74 73 74 74 70 62 51 50 56 64 71 76 81 85 86 78 68 66 68 71 71 69 68 67 67 67 67 66 67 69 70 71 71 70 68 68 67 68 69 70 71 72 71 68 65 63 62 62 60 59 59 58 59 59 58 56 55 53 51 50 51 54 56 57 56 54 53 52 52 52 52 54 56 54 52 52 53 55 56 55 52 51 53 51 51 51 50 49 47 48
72 74 75 76 77 75 72 74 77 77 72 60 51 53 60 66 70 73 77 79 78 78 76 71 69 68 67 69 70 69 69 69 69 68 70 69 67 67 67 66 66 67 66 67 67 66 65 64 64 65 65 64 63 63 61 60 59 58 58 57 56 56 55 54 53 53 54 56 57 56 54 53 53 53 53 52 51 53 54 52 48 51 54 53 54 54 49 48 50 51 53 53 51 49 48 47
71 73 73 73 75 74 72 74 75 74 68 56 53 58 65 70 72 73 73 74 74 75 76 74 70 66 64 64 64 65 66 67 69 71 70 69 68 67 66 66 65 64 65 66 65 64 63 61 59 58 59 59 58 59 59 59 59 59 58 57 56 55 54 54 54 53 54 57 58 56 53 53 54 55 54 53 52 54 54 51 46 48 52 51 53 53 46 44 45 45 47 49 48 45 45 45
72 72 72 72 74 74 75 78 77 72 64 55 54 62 71 74 74 74 73 72 72 75 77 76 72 67 62 60 59 59 60 62 65 68 68 67 67 66 66 66 64 63 63 63 63 62 61 59 58 57 56 56 57 58 58 59 59 59 59 58 57 55 54 55 54 54 55 57 59 56 54 55 56 55 54 55 56 57 55 51 47 49 52 51 52 54 48 43 42 40 41 43 43 40 39 38
75 76 74 72 73 75 78 80 78 72 65 60 60 68 75 76 74 73 73 72 73 76 80 82 78 72 66 62 59 58 58 60 62 62 62 63 64 64 64 63 62 63 64 63 62 61 60 59 59 57 55 55 57 58 59 59 59 59 59 58 57 55 54 54 54 54 54 57 58 54 53 55 56 54 52 53 55 57 55 51 50 53 55 52 52 54 52 48 47 42 40 41 38 35 34 34
77 78 79 77 76 76 78 79 76 71 68 66 66 73 78 77 75 72 70 71 72 76 80 85 84 78 72 68 64 61 61 62 62 59 59 60 61 62 62 61 61 63 64 64 64 63 62 61 59 57 55 55 56 57 59 60 60 60 59 57 55 52 51 52 53 53 54 57 57 52 50 52 53 51 49 50 52 53 50 49 51 54 54 53 54 55 55 54 55 51 48 46 42 39 38 39
77 78 81 83 82 80 79 77 74 73 73 72 71 75 78 78 75 72 70 70 71 74 76 80 85 83 78 74 70 66 66 67 64 62 62 63 63 62 62 62 63 63 64 64 65 65 63 62 60 57 56 57 56 56 58 60 60 59 58 56 53 50 49 49 51 52 54 56 56 52 50 52 52 49 48 50 53 52 48 47 54 55 52 51 52 53 53 53 54 54 56 55 54 51 47 46
77 78 80 83 84 83 81 78 76 76 77 78 78 78 78 77 75 74 72 71 72 73 72 74 79 82 79 75 71 70 71 71 67 66 68 68 66 65 65 65 65 66 66 66 66 65 63 63 61 57 57 59 57 57 60 60 59 58 57 56 55 53 51 50 51 53 54 55 53 51 52 55 54 52 50 51 54 52 48 50 57 58 52 48 47 46 47 47 45 42 42 44 48 47 44 47
78 79 80 81 82 82 81 79 79 79 80 82 84 84 81 78 76 75 73 72 72 71 71 70 71 74 76 73 71 72 74 72 69 69 70 69 67 66 66 66 66 66 66 66 67 66 64 64 62 59 60 60 58 60 62 63 61 60 59 58 59 58 56 56 57 57 56 54 51 51 54 57 56 54 52 53 55 53 48 50 54 55 53 49 49 47 45 45 40 35 36 37 39 38 40 49
79 79 80 81 81 81 80 80 80 80 81 83 86 88 85 81 78 77 77 75 73 71 70 68 67 67 68 70 71 73 74 72 71 72 71 69 67 66 66 66 66 66 66 66 67 67 66 66 65 63 66 65 63 65 68 68 67 66 65 64 65 65 65 66 68 66 62 58 52 53 56 57 55 53 52 54 56 55 50 49 50 51 50 50 52 51 49 50 45 38 40 43 42 39 45 52
80 80 81 81 80 81 81 81 81 81 82 83 86 89 88 85 82 80 80 80 77 74 71 68 66 64 63 67 71 73 74 73 73 75 73 71 68 67 67 67 66 66 66 64 65 66 66 67 68 70 74 75 75 76 78 76 74 72 71 71 73 75 77 81 82 79 73 65 57 57 58 56 54 51 49 49 51 51 49 48 48 48 47 47 47 46 48 53 48 38 44 51 49 44 50 54
80 81 81 81 81 81 82 82 81 82 83 83 85 87 89 89 88 85 82 81 80 78 74 70 67 64 63 67 72 74 75 75 75 75 73 71 71 71 70 68 67 67 65 63 64 63 62 64 69 75 79 81 83 84 86 86 82 76 73 74 78 82 87 94 96 93 87 78 69 64 60 57 55 51 46 44 45 46 45 43 45 47 46 47 46 43 46 51 45 36 45 54 52 47 55 59
81 81 82 82 82 82 82 82 82 83 83 84 84 85 87 90 91 91 87 83 81 79 76 72 68 65 65 68 71 73 74 76 76 74 72 72 72 72 71 69 69 68 67 67 69 67 63 61 65 72 76 79 80 83 87 91 89 81 73 71 76 79 83 90 95 96 96 96 95 81 67 61 59 53 47 46 49 50 48 46 47 49 49 50 50 46 49 53 48 42 51 58 57 56 63 66
81 82 82 82 83 83 82 82 83 83 83 84 85 84 85 87 90 93 92 87 83 79 76 72 69 67 66 68 69 70 72 75 76 74 73 72 70 70 70 70 71 70 71 74 75 73 71 66 62 63 68 71 71 73 77 81 83 78 68 66 70 73 74 74 76 81 87 94 104 108 86 70 63 57 52 53 57 58 56 57 57 56 55 56 54 53 56 56 53 52 61 68 68 68 73 75
82 82 83 83 83 83 83 83 83 83 84 85 86 87 86 86 86 87 88 87 83 79 75 71 69 70 68 67 68 69 71 73 72 71 72 73 72 72 71 71 73 71 71 73 72 69 70 71 67 62 62 61 60 62 63 63 65 65 60 64 68 69 69 64 62 66 72 78 85 104 113 90 74 64 58 58 60 60 61 64 64 61 62 63 61 61 62 63 60 60 65 71 71 71 75 78
82 83 83 83 83 83 84 84 84 84 85 85 87 90 92 89 85 83 82 83 81 78 74 72 71 70 68 67 67 69 71 71 68 68 71 74 76 75 72 70 69 68 68 67 66 64 65 65 67 67 64 59 57 58 58 57 58 57 55 61 66 68 66 60 59 63 66 69 72 76 93 102 91 79 68 62 60 61 63 64 61 60 64 65 67 68 68 68 70 68 64 64 64 65 68 71
83 83 83 84 84 84 84 84 84 85 85 86 87 90 94 92 87 83 81 79 78 77 75 74 73 71 69 69 70 71 71 68 66 65 67 70 71 70 68 67 66 66 67 67 64 64 64 61 62 66 66 63 59 59 58 57 57 55 53 58 63 65 62 58 59 62 64 66 66 66 70 80 87 88 80 68 63 63 66 66 64 65 66 66 67 70 70 69 71 73 68 63 61 61 62 63
84 84 84 84 84 84 85 85 85 85 85 85 87 89 91 92 89 85 82 79 78 77 76 76 75 73 71 71 73 73 70 66 63 62 64 66 68 68 67 67 67 67 67 66 65 65 66 64 63 64 66 66 63 60 58 58 57 56 55 57 62 63 60 58 59 62 64 64 63 64 64 62 66 73 77 77 75 75 74 73 73 73 71 67 63 62 62 63 66 70 70 65 63 61 59 57
84 84 85 85 85 85 85 85 86 85 85 85 86 87 88 89 88 85 82 79 78 77 76 76 74 73 72 71 71 70 67 63 62 64 67 69 69 69 68 67 66 64 64 63 64 65 66 65 65 65 66 66 66 63 60 58 57 57 57 59 62 63 62 61 62 64 65 63 61 61 58 54 55 58 60 64 70 75 76 75 74 73 71 65 60 59 58 59 64 67 64 59 62 62 60 57
85 85 85 85 85 85 85 86 86 86 85 86 86 86 86 86 85 83 81 79 78 77 75 74 73 72 71 70 69 67 63 60 60 63 66 67 67 66 64 63 62 61 62 63 64 66 66 64 64 66 66 65 66 65 63 61 58 57 57 59 60 62 64 63 63 64 63 62 61 59 54 51 54 57 56 50 50 56 62 67 68 68 66 63 60 59 59 59 63 66 61 53 57 61 61 60
86 86 86 86 86 86 86 86 86 86 86 86 85 85 85 84 83 82 80 79 78 76 75 74 72 71 70 69 67 65 62 58 59 63 63 63 63 62 60 60 59 60 61 63 65 66 66 64 63 64 65 64 64 65 65 64 63 60 57 57 58 61 64 63 63 64 62 61 61 57 52 51 54 59 58 46 41 46 52 57 61 62 63 62 59 58 56 58 63 63 57 46 49 57 59 58
86 86 86 86 87 87 86 86 86 86 86 85 85 85 84 84 82 81 80 78 77 75 74 73 71 69 68 67 66 64 61 58 61 64 65 65 65 63 61 60 60 60 61 63 65 66 65 63 62 63 64 64 64 64 64 64 64 62 58 56 57 61 64 63 64 63 60 59 57 52 50 50 54 58 56 43 35 42 48 51 53 54 57 59 57 55 53 56 60 60 53 40 44 55 57 57
87 87 87 87 87 87 87 86 86 86 86 86 84 84 83 83 82 81 79 77 76 74 73 71 69 67 66 65 66 66 64 63 65 66 66 67 67 65 63 62 61 60 61 62 65 65 62 61 62 63 64 64 64 63 63 62 63 62 57 56 58 61 65 67 67 63 59 58 55 52 51 52 57 59 53 42 35 43 48 49 50 50 52 55 55 56 55 57 60 59 52 39 44 55 58 57
87 87 88 88 88 87 87 87 87 87 86 86 85 84 83 82 81 80 79 77 76 74 72 70 68 65 63 64 68 70 69 68 69 68 67 66 65 66 66 65 63 61 61 62 64 62 59 60 62 64 65 65 64 63 62 61 61 60 56 57 60 63 67 70 68 64 61 58 55 56 56 57 61 59 51 42 42 50 53 50 50 49 48 49 52 56 58 61 63 61 51 38 45 55 57 57
88 88 88 88 88 88 87 87 87 87 86 86 85 85 83 82 81 80 78 77 75 73 71 69 66 61 58 61 67 70 71 72 72 70 66 63 62 65 68 67 65 63 63 65 65 60 58 61 62 63 63 65 66 66 64 61 58 56 57 60 64 69 70 67 60 56 55 52 53 56 60 64 64 58 47 39 46 57 57 51 49 47 44 44 48 50 50 53 61 61 48 35 42 51 54 55
89 89 89 89 89 88 88 88 88 87 86 85 85 85 83 82 81 79 78 76 75 73 71 67 63 57 54 60 65 67 68 73 76 75 70 63 60 64 67 67 65 65 66 67 63 57 56 59 61 61 60 62 65 66 65 59 53 53 57 61 69 76 74 65 56 52 48 46 49 54 62 67 64 56 42 34 45 56 59 53 51 48 45 44 46 46 42 44 54 57 47 33 38 47 50 51
89 89 89 89 89 89 89 89 88 87 86 85 85 84 83 82 81 79 77 76 75 73 70 66 62 55 52 58 62 62 64 69 74 76 75 69 63 65 67 67 65 66 67 64 60 54 53 55 59 59 56 58 60 62 63 53 45 50 56 62 70 76 74 65 58 53 47 44 48 56 64 65 59 51 39 31 42 53 56 54 54 51 48 49 50 48 42 43 51 53 47 36 36 44 47 47
90 90 90 90 90 90 90 89 88 87 86 85 84 84 83 82 81 79 78 76 74 72 70 66 61 54 53 57 57 55 58 63 68 71 73 72 67 66 67 65 62 64 63 61 57 52 51 53 56 56 52 54 56 59 58 45 36 48 58 65 71 70 65 58 55 52 45 44 52 61 64 60 53 47 37 33 43 55 57 56 57 54 53 56 57 54 49 49 52 52 48 43 40 45 47 46
91 91 91 90 90 90 90 89 88 87 86 85 84 84 83 82 81 79 78 76 74 72 69 66 62 56 55 57 54 50 52 57 60 65 68 65 61 63 66 62 58 58 55 55 53 49 50 51 53 51 46 49 52 54 52 40 33 49 61 70 74 68 60 54 53 52 46 46 58 67 67 60 51 45 38 36 45 55 59 61 61 58 59 61 61 58 55 55 54 51 49 48 47 50 53 51
92 92 92 91 91 91 91 90 88 88 86 85 84 83 83 82 81 79 77 76 74 72 69 66 63 60 60 59 55 51 53 57 59 64 65 57 53 61 64 60 57 54 51 52 50 47 50 52 55 51 46 48 51 53 51 40 40 55 66 72 73 67 60 56 56 55 49 51 64 71 71 63 55 48 38 36 41 49 56 61 61 57 60 63 60 56 55 55 54 51 50 51 53 59 68 66
93 93 92 91 91 92 91 90 89 88 86 85 84 83 82 81 80 79 78 76 74 72 70 67 65 63 61 59 54 54 59 63 64 66 66 54 52 63 65 60 57 55 53 54 52 50 54 59 59 57 55 55 55 56 53 42 45 59 70 74 70 60 54 55 60 60 53 54 66 72 69 62 57 49 38 35 38 44 53 58 57 51 54 61 62 60 60 59 58 57 56 55 56 63 74 77
93 93 93 92 92 92 91 90 89 88 86 85 84 83 82 81 79 79 78 77 75 73 70 68 67 65 61 56 50 51 58 63 65 67 67 57 56 67 66 61 59 57 56 57 56 56 60 63 61 61 62 62 61 59 54 45 47 57 67 72 69 56 47 51 59 61 56 55 64 67 63 56 53 46 37 34 35 41 50 56 54 49 52 59 63 65 67 64 62 61 61 60 59 63 68 71
94 94 93 94 93 92 91 90 89 88 87 86 84 83 81 80 79 78 78 76 75 74 72 69 68 65 61 55 49 52 60 63 63 65 66 61 59 66 64 59 59 57 56 58 59 61 64 64 62 64 64 64 64 63 58 52 53 58 62 65 64 53 40 46 56 59 59 60 64 63 58 52 49 43 36 33 33 37 46 51 50 47 51 56 57 58 61 61 58 57 58 60 62 64 64 60
95 94 94 94 94 93 91 90 88 88 87 86 84 83 81 80 79 78 77 76 75 74 73 72 69 65 62 58 55 61 67 67 64 65 65 60 55 61 60 57 57 56 57 60 63 66 67 65 65 66 66 66 66 65 63 62 63 64 64 63 61 52 37 42 53 57 60 64 68 66 58 52 49 43 39 36 35 39 45 47 46 45 47 53 54 51 54 56 53 53 53 55 59 64 64 58
96 96 95 95 94 93 91 89 88 87 86 85 84 83 81 80 79 78 77 76 75 74 73 73 71 68 64 60 59 67 74 72 69 68 65 57 50 55 58 56 56 57 59 62 64 67 66 65 65 65 65 64 64 64 64 65 66 67 67 67 65 57 43 41 50 55 58 63 69 70 62 56 52 48 45 41 39 47 54 53 49 45 47 52 56 53 52 52 50 49 50 52 57 63 65 61
97 97 97 96 94 92 91 90 88 87 85 85 83 82 81 80 79 78 77 76 75 74 73 73 72 70 67 61 61 72 78 76 73 71 66 58 50 50 55 58 58 59 61 62 64 65 63 63 64 64 64 62 61 61 62 62 62 63 65 67 66 61 50 42 48 53 57 62 66 66 62 61 59 54 48 42 40 46 55 59 56 50 50 52 56 57 51 49 48 47 49 52 57 62 62 56
99 99 98 96 94 91 90 89 88 86 85 84 83 82 81 80 79 78 77 76 75 74 74 73 72 71 68 63 66 76 79 76 74 71 67 59 51 50 55 58 59 60 61 62 64 63 62 61 61 62 64 62 59 60 61 60 58 58 60 62 63 60 53 45 47 55 61 65 64 57 55 58 59 54 45 42 39 38 47 55 55 51 50 50 55 57 48 43 48 49 49 52 57 62 60 51
100 100 98 96 94 91 90 88 87 86 85 84 82 81 81 80 79 78 77 76 75 74 74 73 72 72 69 68 75 79 77 75 73 70 66 57 48 51 56 57 58 60 61 61 61 61 59 57 55 57 60 58 55 56 59 58 53 52 53 55 55 53 50 44 45 57 67 69 63 52 51 52 52 47 40 43 40 27 39 50 48 45 46 49 55 55 46 39 44 48 48 53 62 66 62 53
101 101 98 95 93 91 89 88 88 87 85 83 82 81 80 79 79 78 77 76 75 74 74 73 73 73 72 75 79 79 77 76 73 69 63 52 45 50 55 56 59 60 61 60 58 58 58 55 52 54 57 56 50 49 52 50 44 44 46 47 46 46 46 46 46 55 68 69 60 52 53 53 51 44 38 43 38 17 29 43 42 41 46 53 59 58 50 40 40 44 46 53 65 68 62 55
102 102 99 95 93 91 89 88 88 86 84 83 82 81 80 79 78 77 77 76 75 75 74 73 73 73 74 77 79 79 79 78 75 69 60 50 48 50 53 55 57 59 60 59 57 57 55 52 49 52 57 56 48 45 48 46 40 40 45 47 45 44 47 50 49 53 64 65 57 55 56 55 54 44 39 45 36 12 20 37 39 38 44 52 58 59 53 41 38 42 44 54 63 66 63 57
102 102 98 95 93 91 90 88 87 85 84 83 82 81 80 79 78 77 77 76 76 75 74 74 74 73 74 76 77 79 79 77 74 68 57 50 52 56 56 55 54 54 54 54 54 53 49 46 44 48 55 55 48 46 50 50 46 45 50 53 50 47 48 51 50 53 59 59 55 53 51 51 51 40 38 44 31 12 18 33 39 39 43 48 52 52 46 39 39 43 46 53 59 62 63 57
102 101 98 95 92 91 90 88 86 85 84 83 82 81 80 79 78 77 76 76 76 75 74 74 73 73 74 75 76 78 77 74 70 65 56 51 53 57 57 55 54 53 52 52 52 48 47 47 48 52 59 59 51 48 53 55 52 51 55 58 55 51 51 50 50 52 53 52 50 45 42 44 44 35 37 40 26 13 17 30 39 41 44 49 50 46 41 40 43 45 49 53 56 59 57 48
101 100 97 95 93 92 90 88 86 85 84 83 82 81 80 79 78 77 76 76 75 74 74 74 73 73 73 74 76 77 75 72 69 64 58 54 57 58 56 55 56 56 56 57 54 49 49 52 54 59 63 60 51 47 51 54 53 52 55 58 59 57 56 53 52 52 49 47 43 36 34 38 37 32 34 33 23 15 19 30 38 41 46 50 49 43 41 43 46 48 50 51 56 61 56 45
101 99 97 95 94 91 89 88 86 85 84 83 82 80 79 79 78 77 77 76 75 74 74 73 73 73 73 74 74 74 73 72 69 65 62 62 65 64 60 58 58 59 62 60 54 49 51 55 58 60 60 55 48 44 48 52 52 52 55 58 59 59 60 58 58 56 51 46 39 33 33 36 36 34 34 32 23 18 23 33 40 43 46 51 49 43 43 47 50 52 53 54 62 65 58 48
99 98 97 95 93 91 89 88 86 85 84 83 81 80 79 78 78 77 77 76 75 74 73 73 73 73 73 73 72 72 72 71 70 67 66 69 71 68 65 62 61 63 64 60 51 48 53 58 61 60 57 53 49 46 49 52 53 54 56 58 58 58 58 58 60 58 54 48 40 37 40 41 42 41 39 35 25 20 27 34 39 44 50 53 49 45 45 48 51 54 55 59 66 65 58 50
98 98 97 95 92 90 90 88 86 85 84 83 81 80 79 79 78 77 76 76 75 74 73 73 73 73 72 72 72 72 72 72 70 69 68 70 71 71 68 65 65 66 64 57 49 52 57 61 61 57 54 51 49 49 52 53 54 57 59 58 56 55 56 57 58 57 54 49 42 41 46 47 48 46 42 36 27 22 28 36 42 49 55 55 51 47 48 49 50 53 56 61 65 63 56 50
97 97 96 93 90 90 90 89 87 85 84 82 81 80 79 79 78 77 76 76 75 74 73 73 73 73 72 72 71 71 72 72 71 71 71 70 71 72 71 70 69 67 63 54 50 56 63 64 59 53 51 49 48 50 51 52 55 58 61 59 55 56 58 59 59 58 54 49 44 43 47 48 49 47 43 38 31 27 34 44 51 55 56 54 51 48 49 49 50 53 56 59 61 58 54 50
96 95 94 91 88 89 90 90 88 86 84 83 81 80 79 79 78 77 76 76 75 74 74 73 73 72 72 71 71 71 71 71 71 71 71 71 72 73 73 73 72 69 63 55 54 60 64 62 56 50 47 47 50 53 52 53 57 59 60 56 53 58 61 62 62 60 54 49 46 46 48 48 49 47 43 39 35 35 40 48 53 54 54 51 48 46 47 47 49 51 54 57 57 55 53 50
94 94 91 88 87 88 89 90 89 87 85 83 82 80 79 79 78 77 76 75 75 74 74 73 73 72 72 71 71 71 71 70 70 70 70 71 72 73 73 73 72 70 66 60 61 65 64 59 53 47 44 47 51 53 53 55 59 61 58 52 51 57 61 63 64 59 53 49 47 47 47 48 47 45 42 39 36 36 40 46 50 51 50 48 46 44 44 44 47 49 51 54 55 54 53 52
93 93 90 87 87 88 88 89 90 88 85 83 82 81 79 79 78 77 76 75 75 74 74 73 72 72 71 71 71 71 70 70 70 70 70 71 73 73 71 70 70 70 67 64 66 68 63 57 52 48 46 51 53 52 52 56 60 60 55 51 53 57 63 66 64 57 52 49 48 48 48 48 47 44 41 39 36 36 40 45 48 49 48 47 46 45 43 44 47 49 50 52 53 53 54 53
92 92 90 88 88 88 86 86 88 89 86 84 82 81 80 79 78 77 76 75 75 74 73 73 73 72 71 71 71 70 70 70 70 70 70 71 73 73 72 70 70 71 70 67 69 68 61 53 51 51 51 56 57 55 56 61 62 58 52 51 54 58 65 69 64 55 51 47 47 48 48 48 46 43 42 40 38 37 40 44 47 49 51 50 47 46 46 48 50 51 50 52 53 54 54 53
91 92 91 90 90 88 85 84 85 87 86 84 82 81 80 79 78 77 76 76 75 74 73 73 73 72 71 71 70 70 70 70 69 69 70 71 72 72 72 71 70 72 72 69 68 66 58 49 48 49 48 51 53 55 61 66 63 56 51 52 54 58 67 69 62 52 47 44 45 46 46 45 43 42 42 42 41 40 42 45 46 49 52 53 53 52 52 52 53 52 51 52 52 52 53 51
87 89 92 92 90 88 85 83 83 84 85 84 82 81 80 79 78 77 76 76 75 74 74 73 72 72 71 71 70 70 70 69 69 69 69 70 70 71 72 71 71 72 72 69 66 62 54 46 47 47 46 49 52 56 63 66 59 52 50 52 55 60 68 68 58 48 43 41 43 44 43 41 40 41 43 44 42 43 48 49 47 48 50 51 53 56 56 54 53 52 52 51 49 48 50 51
84 85 90 94 91 88 85 82 80 81 84 84 83 82 81 79 78 77 76 76 75 74 74 73 72 72 71 71 70 70 70 69 69 69 69 69 69 70 71 72 73 74 72 69 66 62 54 48 50 49 47 52 55 59 65 63 54 48 49 52 55 61 67 65 54 43 37 35 38 40 38 38 40 43 44 44 42 45 49 49 46 48 48 46 47 51 54 54 53 51 51 50 47 46 55 62
