windninja/windninja_output/Output_2025-08-09_1100-1150_Google earth_Fire_150m_10min/merlingen_7.5mi_point_08-09-2025_1110_150m_vel.asc
ncols	158
nrows	163
xllcorner	391686.332397
yllcorner	5160024.123721
cellsize	150.000000
NODATA_value	-32768.000000
[rows 76 to 113 of 163, columns 0 to 83 of 158]
2.19 2.10 1.88 1.63 1.55 1.59 1.52 1.43 1.41 1.37 1.33 1.31 1.29 1.28 1.28 1.26 1.24 1.24 1.26 1.27 1.27 1.29 1.31 1.32 1.24 1.11 1.14 1.28 1.39 1.57 1.70 1.70 1.67 1.68 1.58 1.39 1.30 1.29 1.26 1.23 1.24 1.28 1.31 1.33 1.35 1.35 1.36 1.36 1.37 1.37 1.36 1.36 1.36 1.35 1.35 1.34 1.34 1.33 1.32 1.31 1.30 1.29 1.27 1.25 1.23 1.20 1.18 1.14 1.11 1.06 1.00 0.93 0.85 0.73 0.63 0.62 0.56 0.53 0.63 1.01 1.55 1.86 1.95 1.76
2.28 2.19 2.03 1.85 1.72 1.64 1.50 1.40 1.38 1.34 1.31 1.27 1.26 1.28 1.26 1.24 1.22 1.22 1.24 1.25 1.25 1.27 1.29 1.29 1.22 1.15 1.22 1.30 1.30 1.39 1.59 1.72 1.70 1.72 1.70 1.50 1.36 1.33 1.27 1.23 1.21 1.26 1.31 1.33 1.35 1.36 1.37 1.37 1.38 1.37 1.37 1.37 1.36 1.36 1.36 1.35 1.35 1.34 1.34 1.33 1.32 1.30 1.29 1.27 1.25 1.23 1.20 1.17 1.14 1.09 1.04 0.97 0.91 0.81 0.69 0.61 0.51 0.42 0.55 1.09 1.55 1.59 1.60 1.62
2.34 2.11 2.03 2.20 2.05 1.73 1.50 1.41 1.40 1.34 1.25 1.20 1.23 1.26 1.25 1.23 1.21 1.20 1.21 1.22 1.24 1.26 1.29 1.25 1.14 1.17 1.33 1.36 1.29 1.27 1.40 1.65 1.72 1.74 1.77 1.63 1.45 1.39 1.33 1.25 1.18 1.22 1.29 1.33 1.35 1.37 1.38 1.38 1.39 1.38 1.38 1.37 1.37 1.36 1.36 1.36 1.35 1.35 1.35 1.34 1.33 1.32 1.31 1.29 1.27 1.25 1.23 1.20 1.16 1.12 1.07 1.01 0.96 0.88 0.77 0.65 0.51 0.40 0.53 1.03 1.40 1.34 1.39 1.58
2.22 1.94 1.97 2.59 2.64 2.13 1.63 1.42 1.42 1.30 1.13 1.12 1.19 1.23 1.23 1.21 1.21 1.19 1.16 1.18 1.22 1.26 1.28 1.20 1.05 1.14 1.38 1.43 1.34 1.22 1.26 1.51 1.68 1.76 1.80 1.70 1.54 1.45 1.44 1.34 1.17 1.18 1.27 1.32 1.35 1.37 1.39 1.40 1.40 1.39 1.38 1.37 1.36 1.36 1.36 1.36 1.36 1.36 1.35 1.35 1.34 1.33 1.32 1.31 1.29 1.27 1.25 1.22 1.19 1.15 1.10 1.05 1.00 0.93 0.84 0.72 0.57 0.45 0.52 0.85 1.12 1.14 1.27 1.50
1.84 1.76 1.98 2.49 2.90 2.62 1.74 1.36 1.34 1.17 0.99 1.02 1.14 1.20 1.21 1.20 1.20 1.17 1.13 1.15 1.21 1.25 1.27 1.18 1.01 1.09 1.35 1.45 1.39 1.24 1.22 1.39 1.55 1.71 1.82 1.75 1.58 1.51 1.55 1.48 1.25 1.16 1.26 1.31 1.34 1.38 1.39 1.41 1.42 1.41 1.38 1.36 1.35 1.35 1.35 1.36 1.36 1.36 1.36 1.36 1.35 1.34 1.33 1.32 1.31 1.29 1.27 1.24 1.21 1.17 1.12 1.08 1.04 0.98 0.89 0.79 0.66 0.53 0.52 0.65 0.79 0.95 1.11 1.29
1.43 1.59 1.94 2.41 2.97 2.62 1.49 1.07 1.09 0.96 0.85 0.91 1.08 1.17 1.19 1.18 1.18 1.16 1.12 1.13 1.18 1.23 1.25 1.16 1.01 1.07 1.31 1.41 1.40 1.31 1.25 1.32 1.42 1.57 1.76 1.82 1.67 1.56 1.59 1.59 1.41 1.24 1.29 1.34 1.36 1.38 1.39 1.42 1.49 1.45 1.35 1.31 1.31 1.32 1.34 1.35 1.36 1.36 1.36 1.36 1.36 1.35 1.34 1.33 1.32 1.30 1.29 1.26 1.23 1.20 1.15 1.11 1.07 1.01 0.94 0.85 0.73 0.60 0.53 0.50 0.52 0.73 0.97 1.10
1.61 1.73 2.09 2.74 2.85 2.05 1.31 1.00 0.88 0.82 0.76 0.86 1.04 1.15 1.18 1.17 1.16 1.16 1.13 1.12 1.16 1.21 1.23 1.15 1.01 1.08 1.28 1.35 1.37 1.35 1.31 1.32 1.34 1.42 1.58 1.72 1.74 1.64 1.61 1.60 1.50 1.38 1.37 1.42 1.44 1.44 1.41 1.44 1.57 1.54 1.38 1.28 1.25 1.27 1.31 1.33 1.36 1.36 1.37 1.37 1.36 1.36 1.35 1.34 1.33 1.32 1.30 1.28 1.25 1.22 1.18 1.13 1.09 1.05 0.98 0.90 0.79 0.66 0.55 0.43 0.34 0.51 0.82 1.00
2.63 2.30 2.30 2.57 2.29 1.74 1.35 1.08 0.94 0.85 0.79 0.88 1.03 1.13 1.18 1.15 1.16 1.18 1.14 1.13 1.16 1.17 1.21 1.14 1.01 1.08 1.26 1.31 1.32 1.36 1.35 1.33 1.33 1.38 1.45 1.56 1.66 1.66 1.63 1.57 1.50 1.44 1.42 1.47 1.51 1.53 1.50 1.51 1.61 1.63 1.50 1.35 1.25 1.22 1.26 1.32 1.35 1.37 1.37 1.37 1.37 1.36 1.36 1.35 1.34 1.33 1.32 1.30 1.27 1.24 1.20 1.16 1.12 1.08 1.02 0.94 0.84 0.72 0.58 0.41 0.23 0.29 0.60 0.89
3.01 2.63 2.22 2.18 2.03 1.76 1.37 1.11 1.04 0.96 0.92 0.96 1.02 1.12 1.19 1.16 1.17 1.20 1.18 1.16 1.17 1.15 1.16 1.15 1.05 1.05 1.21 1.27 1.27 1.34 1.36 1.33 1.34 1.39 1.45 1.51 1.58 1.61 1.60 1.54 1.46 1.42 1.41 1.43 1.49 1.53 1.54 1.55 1.59 1.60 1.55 1.48 1.37 1.25 1.24 1.31 1.35 1.37 1.37 1.37 1.37 1.37 1.36 1.36 1.35 1.34 1.33 1.31 1.29 1.26 1.23 1.19 1.15 1.10 1.05 0.98 0.88 0.77 0.63 0.43 0.19 0.16 0.35 0.73
3.36 2.88 2.26 2.14 2.09 1.85 1.42 1.20 1.16 1.09 1.04 1.01 1.01 1.11 1.21 1.21 1.18 1.23 1.24 1.21 1.18 1.15 1.14 1.16 1.09 1.01 1.10 1.22 1.26 1.30 1.31 1.32 1.31 1.37 1.50 1.56 1.59 1.62 1.58 1.50 1.43 1.40 1.41 1.43 1.48 1.53 1.57 1.60 1.58 1.51 1.46 1.47 1.44 1.33 1.28 1.31 1.36 1.37 1.38 1.38 1.37 1.37 1.36 1.36 1.36 1.35 1.34 1.32 1.30 1.28 1.25 1.21 1.17 1.13 1.08 1.02 0.93 0.82 0.67 0.47 0.20 0.11 0.23 0.75
3.64 3.06 2.34 2.15 2.09 1.90 1.49 1.33 1.33 1.23 1.10 1.02 1.03 1.09 1.21 1.24 1.21 1.28 1.30 1.27 1.22 1.16 1.18 1.20 1.10 0.95 1.00 1.16 1.26 1.26 1.24 1.29 1.27 1.29 1.46 1.59 1.63 1.69 1.69 1.57 1.44 1.35 1.36 1.43 1.50 1.57 1.63 1.65 1.61 1.49 1.39 1.37 1.40 1.38 1.33 1.34 1.36 1.37 1.38 1.37 1.37 1.37 1.36 1.36 1.36 1.35 1.35 1.33 1.32 1.30 1.27 1.24 1.20 1.16 1.11 1.05 0.97 0.86 0.73 0.53 0.27 0.16 0.28 0.90
3.74 3.08 2.38 2.16 1.99 1.88 1.63 1.49 1.51 1.40 1.14 1.04 1.08 1.08 1.19 1.24 1.23 1.34 1.40 1.37 1.27 1.20 1.29 1.32 1.06 0.82 0.91 1.10 1.23 1.24 1.22 1.26 1.25 1.23 1.32 1.47 1.57 1.71 1.82 1.77 1.58 1.37 1.30 1.39 1.51 1.61 1.69 1.70 1.67 1.55 1.38 1.31 1.33 1.36 1.37 1.37 1.38 1.38 1.37 1.37 1.36 1.35 1.35 1.35 1.36 1.36 1.35 1.34 1.33 1.31 1.29 1.26 1.23 1.19 1.14 1.09 1.02 0.92 0.80 0.63 0.41 0.32 0.45 0.90
3.65 3.06 2.39 2.12 1.85 1.78 1.77 1.69 1.63 1.54 1.26 1.13 1.11 1.05 1.15 1.23 1.25 1.41 1.52 1.52 1.37 1.32 1.51 1.42 0.92 0.61 0.82 1.05 1.17 1.23 1.24 1.26 1.28 1.26 1.25 1.30 1.38 1.54 1.76 1.88 1.79 1.56 1.35 1.34 1.46 1.62 1.74 1.75 1.71 1.62 1.46 1.33 1.29 1.33 1.38 1.40 1.42 1.41 1.37 1.35 1.33 1.32 1.33 1.34 1.35 1.36 1.36 1.35 1.34 1.33 1.31 1.28 1.25 1.21 1.17 1.13 1.07 0.99 0.88 0.74 0.57 0.49 0.61 0.96
3.34 2.95 2.35 2.01 1.78 1.67 1.76 1.81 1.73 1.71 1.57 1.27 1.09 1.05 1.10 1.16 1.29 1.50 1.66 1.70 1.55 1.58 1.64 1.25 0.59 0.46 0.75 1.01 1.14 1.22 1.27 1.29 1.31 1.31 1.30 1.29 1.28 1.33 1.56 1.80 1.84 1.70 1.49 1.36 1.41 1.56 1.74 1.83 1.77 1.67 1.55 1.41 1.32 1.31 1.36 1.42 1.48 1.50 1.46 1.35 1.25 1.25 1.30 1.33 1.35 1.36 1.36 1.36 1.36 1.34 1.33 1.30 1.28 1.24 1.21 1.17 1.12 1.05 0.96 0.85 0.73 0.64 0.72 0.98
3.09 2.76 2.28 2.00 1.80 1.61 1.61 1.73 1.75 1.88 1.87 1.41 1.07 1.05 1.07 1.11 1.31 1.58 1.88 2.00 1.89 1.75 1.41 0.86 0.48 0.47 0.75 0.99 1.12 1.21 1.27 1.31 1.33 1.32 1.35 1.37 1.30 1.25 1.38 1.67 1.82 1.74 1.59 1.44 1.40 1.47 1.64 1.83 1.86 1.73 1.59 1.47 1.37 1.30 1.29 1.40 1.54 1.64 1.67 1.41 1.14 1.15 1.25 1.30 1.34 1.36 1.37 1.37 1.37 1.36 1.34 1.32 1.30 1.27 1.24 1.21 1.16 1.11 1.04 0.97 0.88 0.80 0.80 0.98
2.89 2.57 2.22 2.13 1.97 1.67 1.50 1.54 1.68 1.99 2.07 1.58 1.16 1.11 1.12 1.16 1.32 1.59 2.04 2.37 2.06 1.48 0.91 0.71 0.56 0.58 0.81 1.01 1.12 1.21 1.28 1.33 1.35 1.32 1.36 1.42 1.37 1.29 1.29 1.46 1.75 1.81 1.69 1.54 1.43 1.43 1.54 1.75 1.88 1.84 1.67 1.51 1.40 1.27 1.18 1.31 1.54 1.72 1.82 1.55 1.11 1.06 1.19 1.29 1.33 1.36 1.37 1.38 1.38 1.37 1.36 1.34 1.32 1.30 1.28 1.25 1.21 1.17 1.12 1.07 1.01 0.94 0.91 1.02
2.59 2.36 2.13 2.18 2.20 1.96 1.65 1.53 1.72 2.18 2.29 1.78 1.35 1.23 1.19 1.24 1.34 1.57 2.15 2.48 1.94 0.82 0.66 0.73 0.65 0.69 0.89 1.05 1.15 1.23 1.29 1.35 1.37 1.35 1.36 1.40 1.40 1.36 1.30 1.30 1.51 1.79 1.84 1.68 1.51 1.43 1.49 1.66 1.84 1.92 1.79 1.59 1.41 1.23 1.04 1.15 1.51 1.71 1.82 1.68 1.29 1.10 1.17 1.28 1.33 1.36 1.38 1.38 1.38 1.38 1.37 1.36 1.35 1.33 1.31 1.28 1.26 1.23 1.19 1.16 1.12 1.07 1.05 1.10
2.27 2.11 1.93 2.01 2.16 2.09 1.83 1.60 1.66 2.20 2.58 2.23 1.80 1.67 1.61 1.66 1.62 1.75 2.30 2.47 1.85 0.84 0.78 0.80 0.74 0.79 0.96 1.09 1.18 1.25 1.31 1.39 1.41 1.37 1.35 1.36 1.39 1.38 1.36 1.28 1.28 1.56 1.89 1.88 1.65 1.50 1.48 1.60 1.82 1.96 1.95 1.72 1.38 1.18 1.03 1.08 1.42 1.63 1.69 1.67 1.45 1.21 1.19 1.28 1.33 1.36 1.38 1.39 1.39 1.39 1.39 1.38 1.37 1.35 1.34 1.32 1.30 1.28 1.26 1.23 1.21 1.19 1.18 1.20
2.04 1.93 1.77 1.83 2.00 1.94 1.69 1.34 1.13 1.62 2.38 2.43 2.15 1.99 1.94 2.07 2.10 2.17 2.57 2.51 1.88 1.43 1.19 1.00 0.87 0.90 1.02 1.12 1.21 1.28 1.36 1.47 1.50 1.39 1.29 1.32 1.37 1.38 1.38 1.31 1.19 1.27 1.72 1.99 1.85 1.67 1.58 1.61 1.80 1.96 2.09 1.88 1.29 1.12 1.13 1.15 1.35 1.50 1.54 1.56 1.48 1.28 1.23 1.30 1.33 1.36 1.38 1.39 1.40 1.40 1.40 1.39 1.39 1.38 1.36 1.35 1.34 1.33 1.31 1.29 1.28 1.28 1.28 1.31
1.82 1.80 1.75 1.81 1.99 1.86 1.51 1.07 0.74 1.06 1.72 2.01 1.85 1.57 1.52 1.92 2.28 2.60 2.95 2.54 1.92 1.84 1.52 1.19 0.98 0.98 1.05 1.13 1.20 1.29 1.44 1.58 1.58 1.40 1.25 1.28 1.36 1.39 1.38 1.32 1.17 1.09 1.39 1.82 1.95 1.89 1.80 1.77 1.85 1.98 2.13 1.94 1.33 1.14 1.24 1.25 1.32 1.41 1.42 1.46 1.45 1.31 1.27 1.32 1.34 1.37 1.38 1.39 1.40 1.41 1.41 1.40 1.40 1.39 1.39 1.38 1.37 1.36 1.36 1.35 1.34 1.35 1.36 1.38
1.51 1.67 1.78 1.83 2.00 1.89 1.59 1.16 0.85 0.91 1.27 1.54 1.46 1.37 1.45 1.90 2.23 2.84 3.19 2.31 1.93 2.01 1.76 1.36 1.06 0.99 1.03 1.11 1.17 1.27 1.51 1.66 1.64 1.46 1.28 1.27 1.36 1.39 1.37 1.33 1.19 1.04 1.13 1.47 1.76 1.87 1.93 1.95 1.99 2.07 2.08 1.94 1.57 1.29 1.34 1.37 1.35 1.37 1.36 1.38 1.39 1.30 1.29 1.33 1.35 1.37 1.37 1.39 1.41 1.42 1.42 1.41 1.41 1.41 1.41 1.41 1.40 1.40 1.39 1.39 1.39 1.40 1.41 1.44
1.30 1.56 1.76 1.78 1.92 1.97 1.80 1.49 1.17 1.01 1.11 1.10 1.05 1.27 1.52 1.92 2.32 2.88 3.16 2.56 2.16 2.12 2.11 1.67 1.14 0.95 0.98 1.08 1.18 1.29 1.50 1.63 1.65 1.56 1.37 1.32 1.37 1.39 1.36 1.31 1.23 1.07 1.02 1.26 1.52 1.65 1.83 2.01 2.09 2.09 2.00 1.95 1.76 1.49 1.46 1.49 1.44 1.38 1.35 1.35 1.32 1.29 1.30 1.33 1.35 1.35 1.36 1.38 1.41 1.42 1.42 1.42 1.42 1.43 1.43 1.43 1.43 1.43 1.43 1.43 1.43 1.44 1.45 1.47
1.26 1.49 1.69 1.63 1.72 1.87 1.83 1.71 1.53 1.29 1.16 1.01 0.92 1.11 1.55 2.01 2.43 2.69 2.44 2.45 2.42 2.34 2.44 1.96 1.20 0.90 0.98 1.10 1.21 1.37 1.51 1.57 1.62 1.60 1.47 1.40 1.43 1.43 1.35 1.29 1.24 1.11 1.00 1.15 1.41 1.55 1.73 1.98 2.08 2.04 1.94 1.91 1.85 1.66 1.56 1.58 1.56 1.46 1.38 1.35 1.31 1.29 1.32 1.33 1.32 1.33 1.34 1.37 1.39 1.41 1.42 1.42 1.43 1.44 1.44 1.45 1.45 1.45 1.45 1.45 1.46 1.47 1.48 1.50
1.33 1.46 1.57 1.51 1.54 1.58 1.54 1.62 1.61 1.43 1.31 1.16 0.99 1.10 1.53 2.08 2.40 2.23 1.95 2.03 2.32 2.52 2.60 2.17 1.32 1.05 1.11 1.18 1.27 1.42 1.53 1.57 1.60 1.59 1.52 1.48 1.51 1.51 1.40 1.28 1.21 1.13 1.01 1.06 1.31 1.54 1.70 1.89 1.99 1.98 1.93 1.87 1.84 1.80 1.68 1.64 1.64 1.58 1.45 1.35 1.33 1.35 1.38 1.36 1.32 1.30 1.31 1.33 1.36 1.40 1.41 1.42 1.44 1.45 1.46 1.46 1.47 1.47 1.47 1.48 1.48 1.49 1.50 1.52
1.37 1.45 1.54 1.54 1.50 1.46 1.44 1.49 1.52 1.43 1.39 1.28 1.13 1.21 1.49 1.95 2.29 2.02 1.67 1.74 2.09 2.51 2.56 1.97 1.44 1.29 1.30 1.30 1.33 1.46 1.58 1.63 1.63 1.60 1.54 1.52 1.54 1.56 1.51 1.33 1.17 1.12 1.03 0.99 1.19 1.49 1.67 1.78 1.87 1.92 1.94 1.87 1.80 1.83 1.81 1.73 1.68 1.70 1.58 1.38 1.33 1.39 1.46 1.46 1.39 1.31 1.28 1.28 1.31 1.38 1.41 1.42 1.44 1.46 1.46 1.47 1.48 1.48 1.49 1.49 1.50 1.51 1.51 1.53
1.38 1.44 1.55 1.58 1.48 1.45 1.46 1.46 1.44 1.40 1.40 1.32 1.20 1.29 1.53 1.86 2.19 1.99 1.56 1.81 2.30 2.49 2.27 1.91 1.62 1.46 1.44 1.42 1.41 1.50 1.66 1.74 1.73 1.69 1.60 1.53 1.52 1.56 1.60 1.42 1.17 1.09 1.03 0.96 1.06 1.34 1.59 1.70 1.75 1.82 1.89 1.88 1.81 1.81 1.85 1.79 1.72 1.78 1.73 1.50 1.36 1.38 1.49 1.56 1.51 1.37 1.30 1.25 1.25 1.34 1.40 1.42 1.44 1.46 1.47 1.48 1.49 1.49 1.50 1.50 1.51 1.51 1.52 1.53
1.42 1.45 1.53 1.55 1.49 1.45 1.47 1.46 1.42 1.38 1.37 1.31 1.18 1.20 1.47 1.84 2.11 2.01 1.76 2.09 2.50 2.20 2.01 1.96 1.78 1.64 1.58 1.51 1.47 1.56 1.74 1.86 1.87 1.82 1.71 1.57 1.51 1.57 1.63 1.48 1.21 1.07 1.03 0.96 0.95 1.17 1.47 1.62 1.67 1.74 1.81 1.86 1.84 1.82 1.86 1.80 1.75 1.80 1.81 1.69 1.49 1.41 1.48 1.60 1.63 1.49 1.35 1.26 1.23 1.31 1.43 1.45 1.42 1.43 1.46 1.48 1.50 1.50 1.50 1.51 1.51 1.52 1.52 1.53
1.47 1.48 1.50 1.51 1.49 1.48 1.47 1.45 1.42 1.38 1.35 1.29 1.13 1.05 1.21 1.57 1.96 1.96 1.87 2.29 2.53 2.20 2.06 2.03 1.89 1.81 1.78 1.65 1.56 1.67 1.82 1.92 1.99 1.96 1.84 1.69 1.58 1.58 1.60 1.51 1.27 1.09 1.04 0.98 0.92 1.01 1.26 1.48 1.58 1.67 1.75 1.83 1.83 1.80 1.87 1.85 1.79 1.79 1.81 1.79 1.66 1.52 1.51 1.62 1.70 1.61 1.42 1.30 1.25 1.34 1.52 1.52 1.40 1.39 1.45 1.48 1.50 1.50 1.50 1.50 1.51 1.51 1.51 1.52
1.49 1.48 1.48 1.50 1.50 1.49 1.48 1.43 1.42 1.41 1.35 1.28 1.15 1.09 1.16 1.38 1.77 1.87 1.87 2.18 2.34 2.29 2.24 2.14 1.99 1.96 2.03 1.92 1.75 1.84 1.90 1.96 2.08 2.07 1.97 1.85 1.71 1.60 1.56 1.50 1.32 1.13 1.05 1.00 0.93 0.92 1.06 1.27 1.41 1.58 1.71 1.79 1.82 1.78 1.79 1.83 1.82 1.82 1.83 1.82 1.74 1.62 1.56 1.64 1.73 1.69 1.52 1.35 1.29 1.40 1.62 1.66 1.49 1.39 1.43 1.49 1.51 1.49 1.48 1.49 1.50 1.49 1.50 1.50
1.48 1.46 1.46 1.50 1.53 1.52 1.48 1.42 1.43 1.47 1.42 1.33 1.25 1.19 1.20 1.33 1.60 1.75 1.79 1.93 2.03 2.13 2.24 2.19 2.09 2.10 2.23 2.18 2.07 2.10 2.05 2.06 2.10 2.10 2.08 2.06 1.91 1.68 1.57 1.49 1.35 1.16 1.07 1.03 0.93 0.87 0.92 1.06 1.20 1.42 1.64 1.74 1.81 1.83 1.78 1.75 1.77 1.82 1.88 1.88 1.78 1.68 1.64 1.67 1.71 1.72 1.60 1.41 1.34 1.46 1.65 1.77 1.73 1.52 1.47 1.55 1.55 1.47 1.45 1.49 1.48 1.46 1.45 1.47
1.45 1.42 1.42 1.50 1.58 1.58 1.52 1.43 1.44 1.56 1.53 1.43 1.35 1.26 1.24 1.29 1.45 1.61 1.63 1.69 1.85 2.02 2.05 2.06 2.15 2.21 2.32 2.39 2.44 2.41 2.32 2.22 2.05 2.03 2.25 2.37 2.15 1.79 1.58 1.47 1.33 1.16 1.10 1.05 0.93 0.85 0.82 0.89 1.01 1.21 1.49 1.65 1.73 1.85 1.88 1.78 1.72 1.76 1.86 1.92 1.85 1.75 1.73 1.74 1.71 1.71 1.65 1.44 1.34 1.50 1.67 1.77 1.88 1.81 1.69 1.70 1.63 1.47 1.46 1.55 1.52 1.40 1.37 1.41
1.37 1.37 1.40 1.49 1.60 1.63 1.59 1.48 1.47 1.63 1.65 1.53 1.43 1.36 1.33 1.30 1.37 1.47 1.46 1.50 1.75 2.04 1.88 1.73 2.03 2.29 2.34 2.46 2.76 2.78 2.55 2.30 1.90 1.96 2.52 2.68 2.28 1.77 1.56 1.48 1.29 1.16 1.13 1.06 0.94 0.85 0.77 0.78 0.88 1.03 1.29 1.49 1.58 1.73 1.88 1.89 1.80 1.76 1.82 1.90 1.92 1.84 1.76 1.77 1.76 1.71 1.70 1.53 1.34 1.45 1.70 1.80 1.87 1.95 1.91 1.87 1.75 1.56 1.51 1.64 1.61 1.38 1.28 1.33
1.26 1.29 1.38 1.50 1.59 1.63 1.66 1.57 1.53 1.65 1.74 1.63 1.46 1.44 1.48 1.41 1.36 1.36 1.35 1.41 1.68 2.01 1.82 1.46 1.67 2.14 2.31 2.35 2.89 3.15 2.68 2.34 1.83 2.01 2.85 2.82 2.18 1.69 1.62 1.55 1.27 1.14 1.16 1.07 0.95 0.86 0.76 0.71 0.75 0.89 1.12 1.34 1.45 1.56 1.72 1.86 1.90 1.86 1.82 1.84 1.95 1.99 1.84 1.75 1.79 1.73 1.70 1.63 1.41 1.36 1.64 1.90 1.94 1.95 2.01 2.01 1.92 1.74 1.58 1.67 1.72 1.49 1.27 1.23
1.15 1.18 1.33 1.49 1.55 1.60 1.63 1.63 1.60 1.62 1.74 1.71 1.51 1.51 1.62 1.57 1.39 1.22 1.31 1.56 1.81 1.97 1.74 1.35 1.33 1.79 2.16 2.23 2.83 3.28 2.79 2.41 2.02 2.21 3.07 2.82 2.05 1.76 1.74 1.54 1.15 1.13 1.22 1.08 0.93 0.86 0.78 0.67 0.63 0.74 0.95 1.20 1.37 1.47 1.56 1.69 1.85 1.94 1.88 1.79 1.90 2.10 2.02 1.79 1.81 1.80 1.67 1.64 1.52 1.36 1.50 1.90 2.07 1.99 2.02 2.07 2.06 1.95 1.73 1.69 1.77 1.69 1.41 1.20
1.06 1.12 1.31 1.45 1.50 1.53 1.54 1.58 1.61 1.61 1.71 1.73 1.56 1.56 1.72 1.72 1.37 0.99 1.23 1.73 2.09 2.05 1.61 1.27 1.16 1.38 1.82 2.13 2.85 3.33 2.88 2.46 2.23 2.52 3.22 2.90 2.17 1.97 1.75 1.32 1.05 1.22 1.29 1.06 0.92 0.89 0.78 0.63 0.55 0.62 0.78 1.00 1.24 1.43 1.51 1.55 1.70 1.92 1.94 1.76 1.78 2.06 2.15 1.94 1.89 1.92 1.75 1.59 1.51 1.41 1.44 1.83 2.13 2.09 2.07 2.10 2.11 2.08 1.93 1.81 1.78 1.80 1.60 1.29
1.01 1.12 1.32 1.45 1.48 1.49 1.50 1.54 1.57 1.58 1.67 1.75 1.60 1.57 1.79 1.83 1.31 0.76 1.06 1.74 2.30 2.32 1.60 1.14 1.10 1.21 1.44 1.77 2.57 3.31 3.19 2.59 2.30 2.72 3.37 3.07 2.42 2.03 1.58 1.14 1.07 1.28 1.33 1.09 0.95 0.88 0.74 0.59 0.54 0.55 0.64 0.78 1.01 1.32 1.48 1.48 1.57 1.83 1.97 1.80 1.69 1.91 2.11 2.07 2.01 2.06 1.99 1.70 1.48 1.40 1.44 1.73 2.08 2.15 2.15 2.19 2.15 2.13 2.10 1.99 1.88 1.85 1.70 1.42
1.03 1.13 1.30 1.42 1.46 1.45 1.48 1.52 1.55 1.54 1.63 1.87 1.76 1.57 1.79 1.87 1.26 0.60 0.84 1.58 2.29 2.61 1.93 1.08 1.04 1.31 1.31 1.39 1.87 2.81 3.35 3.00 2.50 2.85 3.43 3.15 2.51 1.94 1.34 1.10 1.08 1.21 1.37 1.29 1.00 0.82 0.67 0.58 0.54 0.52 0.51 0.58 0.80 1.16 1.41 1.42 1.46 1.72 1.96 1.89 1.72 1.79 1.99 2.06 2.04 2.12 2.17 1.99 1.67 1.44 1.43 1.66 1.97 2.13 2.20 2.27 2.22 2.14 2.20 2.21 2.08 1.96 1.75 1.52
1.11 1.15 1.26 1.38 1.44 1.43 1.42 1.46 1.51 1.51 1.59 1.91 1.91 1.63 1.79 1.92 1.25 0.48 0.64 1.29 2.05 2.71 2.45 1.35 1.11 1.51 1.48 1.44 1.49 1.94 2.87 3.29 3.09 3.22 3.53 3.09 2.38 1.79 1.28 1.10 1.02 1.15 1.47 1.49 1.05 0.70 0.60 0.56 0.53 0.50 0.45 0.41 0.60 0.99 1.31 1.38 1.38 1.57 1.88 1.95 1.80 1.74 1.92 2.04 1.98 2.05 2.20 2.19 2.03 1.73 1.58 1.70 1.90 2.04 2.21 2.34 2.29 2.16 2.19 2.32 2.37 2.16 1.80 1.60
