windninja/windninja_output/Output_2025-08-09_1000-1050_Google earth_Fire_150m_10min/merlingen_7.5mi_point_08-09-2025_1040_150m_ang.asc
ncols	158
nrows	163
xllcorner	391686.332397
yllcorner	5160024.123721
cellsize	150.000000
NODATA_value	-32768.000000
[rows 55 to 109 of 163, columns 0 to 95 of 158]
79 79 81 85 85 82 80 77 74 74 77 79 79 78 77 76 75 74 73 73 72 72 72 72 71 71 71 71 71 71 71 71 71 71 72 72 73 74 75 77 81 82 80 77 76 74 69 65 64 59 56 62 65 69 73 69 56 52 56 60 64 69 72 70 61 50 43 40 44 45 43 44 48 51 51 50 49 53 57 55 54 55 55 52 51 52 53 54 56 57 60 60 60 62 75 84
80 80 79 79 82 83 83 80 76 75 75 77 79 80 78 77 76 75 74 73 73 72 72 72 72 71 71 71 71 71 71 71 71 71 72 72 72 73 74 75 78 79 79 77 77 78 77 74 69 60 58 65 66 70 73 65 52 52 58 63 67 70 70 66 59 49 42 41 45 46 44 46 49 50 50 48 49 54 55 53 53 55 55 53 52 51 48 47 49 55 63 69 72 75 78 77
80 80 78 76 77 79 81 82 80 78 75 73 76 79 79 78 77 76 75 74 74 73 72 72 72 71 71 71 71 71 71 71 71 71 72 72 72 73 73 74 75 76 77 77 78 80 82 82 76 66 62 68 69 73 73 62 50 54 61 66 69 70 69 65 57 48 41 41 43 45 45 48 49 48 48 47 49 52 52 50 50 52 54 54 54 54 52 49 49 53 62 73 80 82 82 73
79 79 78 77 76 76 77 80 83 82 77 72 72 75 79 81 79 77 76 75 74 74 73 73 72 72 72 71 71 71 71 71 71 71 72 72 72 72 73 73 74 75 75 76 78 80 83 85 85 78 71 72 73 75 72 61 52 59 66 69 69 68 67 64 57 47 40 37 38 42 46 48 49 49 48 47 49 51 49 47 46 49 52 53 54 55 55 54 54 58 69 77 80 83 81 66
78 78 77 77 77 77 77 79 82 83 80 75 71 72 75 79 81 79 77 76 75 74 74 73 72 72 72 72 72 71 71 71 71 71 71 72 72 72 72 73 73 74 74 75 76 78 80 83 88 91 86 80 77 76 71 61 57 66 72 71 69 68 65 62 56 49 39 32 34 43 47 48 49 49 47 47 51 51 48 46 46 48 50 50 51 52 54 56 61 71 80 81 80 80 72 59
77 77 77 77 77 78 78 79 81 82 81 78 74 72 72 74 78 80 79 77 75 75 74 73 72 72 72 72 72 72 72 71 71 71 71 72 72 72 72 72 73 73 74 74 75 76 78 80 85 92 97 91 83 78 71 63 63 72 74 72 70 68 66 62 57 50 41 31 37 47 50 50 51 51 48 48 51 49 47 47 47 49 50 49 49 51 55 60 71 81 83 79 76 70 62 54
77 77 77 77 77 77 78 79 80 80 81 80 79 75 71 70 73 77 80 79 77 76 75 73 73 73 73 72 72 72 72 72 72 72 71 72 72 72 72 72 72 73 73 74 74 75 76 78 82 87 96 98 91 82 73 67 70 75 76 74 72 69 67 63 58 52 42 33 41 50 50 51 52 51 49 49 50 47 46 46 47 49 51 52 52 55 61 69 79 84 81 74 68 58 55 52
77 77 78 78 77 77 78 79 79 80 80 81 82 79 73 70 70 72 76 78 79 78 76 74 73 73 73 73 73 72 72 72 72 72 72 72 72 72 72 72 72 72 73 73 74 75 76 77 79 83 90 97 94 86 76 72 76 78 76 74 72 70 67 63 58 52 41 37 46 51 51 52 54 52 49 49 48 47 46 45 47 49 51 54 57 62 73 82 84 82 75 68 61 54 52 50
78 78 79 79 79 79 79 79 78 78 80 81 82 81 78 73 70 69 71 74 77 78 77 75 74 73 73 74 73 73 72 72 72 72 72 72 72 72 72 72 72 72 73 73 74 74 75 76 78 81 86 93 93 88 79 75 77 78 77 74 71 68 65 62 61 56 46 45 50 51 51 53 55 51 48 47 46 45 44 43 46 47 50 55 59 68 80 87 86 78 66 61 56 52 50 49
79 79 80 80 81 82 81 80 79 78 79 81 82 81 80 78 73 70 68 70 73 76 77 77 75 74 74 74 73 73 73 72 72 72 72 72 72 72 72 72 72 72 72 73 73 74 75 76 77 79 83 89 92 89 84 79 77 76 76 75 71 65 62 64 67 63 55 53 53 51 51 53 55 51 46 44 44 42 39 40 43 46 51 56 63 76 82 83 79 67 58 56 52 51 50 48
76 77 78 80 80 81 81 80 80 80 80 81 83 82 80 80 78 72 69 68 69 71 74 76 76 76 75 74 73 74 73 73 73 72 72 72 72 72 72 72 72 72 72 73 73 73 74 75 76 78 81 86 90 91 90 88 82 76 75 74 68 60 60 64 65 62 57 55 53 52 52 55 56 50 45 43 42 39 36 39 44 49 55 60 69 79 81 76 66 56 52 51 49 50 50 49
71 71 74 77 79 80 79 78 78 79 81 81 81 82 82 80 79 77 72 69 67 67 69 73 75 77 76 74 74 74 73 73 73 73 72 72 72 72 72 72 72 72 72 72 73 73 74 75 76 77 79 82 86 89 93 96 91 82 75 71 63 54 59 62 61 58 56 53 54 54 55 57 56 49 44 41 40 37 35 39 46 52 57 63 70 75 74 67 56 51 48 46 47 47 50 52
63 65 66 69 74 79 78 74 75 78 81 81 78 79 82 80 79 78 77 74 69 65 66 68 71 74 76 76 76 75 74 74 73 73 73 73 72 72 72 72 72 72 72 72 73 73 73 74 75 76 77 79 82 85 90 96 97 91 82 74 64 58 65 66 63 59 55 53 55 56 56 58 57 50 44 41 39 35 33 39 46 53 60 65 71 74 69 57 52 48 44 43 45 46 49 54
57 62 63 63 67 70 69 66 71 76 79 78 77 77 77 78 79 79 79 77 73 69 67 66 66 67 71 75 78 78 77 75 75 74 73 73 73 72 72 72 72 72 72 72 72 73 73 74 74 75 76 78 79 82 85 89 93 93 88 81 74 74 77 75 68 61 56 55 55 55 56 59 59 53 46 43 39 34 33 41 50 58 65 67 77 76 65 52 49 45 43 42 45 47 49 52
67 74 74 70 69 67 61 59 66 71 71 69 68 69 68 70 74 77 78 78 75 74 72 69 65 62 66 73 77 79 79 78 76 75 74 73 73 73 72 72 72 72 72 72 72 73 73 73 74 75 75 76 78 79 81 83 85 87 87 84 82 86 88 84 77 69 64 60 57 55 55 59 61 54 47 45 42 37 37 47 58 65 66 70 82 78 61 49 46 43 41 41 44 46 49 51
77 83 90 89 84 77 69 67 72 73 69 64 63 63 63 64 67 70 73 75 76 76 75 74 67 60 64 70 73 76 78 79 79 77 75 74 74 73 73 72 72 72 72 72 72 72 73 73 73 74 75 75 76 77 78 79 80 81 82 82 83 87 91 90 88 85 78 72 65 59 57 62 61 52 46 46 45 42 43 53 62 66 68 77 83 75 55 47 44 41 39 40 42 44 48 49
77 82 91 94 93 88 85 87 88 83 75 72 71 69 67 66 66 67 68 70 72 75 76 74 69 63 65 67 68 70 73 76 79 79 77 76 74 74 73 73 72 72 72 72 72 72 73 73 73 74 74 75 75 76 76 77 78 78 79 79 80 82 85 87 90 92 91 86 80 73 68 67 63 52 46 47 48 46 47 56 64 68 74 83 80 64 48 43 41 41 40 41 42 42 44 48
79 82 88 91 91 90 91 94 95 88 81 80 80 78 76 74 72 71 68 67 67 70 73 72 69 67 68 67 66 66 68 71 75 78 78 77 76 74 73 73 73 72 72 72 72 72 72 73 73 73 74 74 74 75 75 76 76 76 77 77 78 79 80 82 84 86 89 90 90 91 89 82 70 57 52 53 54 51 49 56 65 73 82 85 74 52 41 40 43 43 42 44 46 46 49 61
80 84 88 90 91 91 92 93 93 88 83 82 81 80 80 79 78 77 74 71 69 69 70 70 69 68 70 69 67 66 66 67 70 74 77 77 77 76 74 73 73 73 72 72 72 72 72 73 73 73 73 73 74 74 74 75 75 75 75 76 76 77 78 78 79 80 82 85 89 94 97 94 83 70 64 63 62 57 51 57 68 80 86 80 63 45 39 40 44 45 42 45 49 55 69 79
82 85 90 93 93 93 94 93 91 89 86 84 82 81 80 80 79 78 77 76 75 73 71 70 69 68 70 70 69 67 66 66 68 70 72 74 75 75 75 74 73 73 72 72 72 72 72 72 73 73 73 73 73 74 74 74 74 74 75 75 75 75 76 76 77 77 78 80 83 86 89 91 89 83 76 72 67 59 52 60 75 84 83 71 52 42 40 42 46 46 45 44 46 66 77 80
82 85 91 96 97 97 97 95 92 90 89 87 85 83 82 81 80 79 78 78 77 76 74 73 71 70 71 71 70 68 67 67 68 69 70 72 73 75 75 75 74 73 72 72 72 72 72 73 73 73 73 73 73 73 73 73 74 74 74 74 74 74 75 75 75 76 77 78 79 80 81 82 85 88 87 81 71 59 55 67 82 83 75 59 45 39 40 43 47 50 55 52 58 76 78 76
82 84 90 96 101 102 101 100 96 94 91 89 87 86 85 83 82 80 79 78 77 76 75 74 73 71 73 75 73 70 68 68 68 69 71 72 74 75 75 75 74 73 73 72 72 72 72 73 73 73 73 73 73 73 73 73 73 73 73 73 74 74 74 74 74 75 75 76 77 77 77 78 81 85 89 88 79 65 61 77 84 79 67 53 45 43 46 49 52 60 68 76 86 85 78 72
83 83 86 92 101 106 106 104 102 99 96 93 89 88 87 85 84 82 81 79 78 77 76 75 71 69 73 77 77 73 69 68 68 69 70 72 73 75 75 75 74 73 73 72 72 73 73 73 73 73 73 73 73 73 73 73 73 73 73 73 73 73 73 73 74 74 74 75 75 75 76 77 78 81 85 89 88 78 76 84 82 71 59 53 51 55 59 58 61 68 76 84 88 83 74 69
84 82 79 86 100 108 110 110 108 106 101 95 91 89 87 86 85 84 82 80 78 78 77 75 70 68 72 76 77 75 71 68 67 68 69 69 70 72 74 76 75 73 73 73 73 73 73 73 74 74 74 74 73 73 73 73 73 73 73 73 73 73 73 73 73 73 74 74 74 75 75 75 76 78 80 84 89 91 90 86 77 61 52 51 50 53 56 59 66 72 77 80 82 78 70 67
81 77 70 76 91 105 113 114 113 112 106 97 92 90 88 86 86 85 83 80 79 79 78 76 71 69 72 73 74 74 72 70 68 68 69 69 68 68 71 74 75 74 74 74 73 74 74 74 75 75 75 75 74 73 73 73 72 72 72 72 72 72 72 73 73 73 73 73 74 74 74 74 75 76 77 80 84 93 96 86 70 53 47 47 45 46 52 63 73 77 77 77 77 74 69 66
73 70 67 72 82 96 111 114 112 112 106 97 92 90 88 87 86 85 83 81 80 79 78 76 73 72 73 73 72 72 73 72 70 67 67 67 66 66 67 70 72 73 75 75 75 75 75 75 77 78 77 76 75 74 73 73 73 72 72 72 72 72 72 72 72 73 73 73 73 73 73 74 74 75 75 77 80 86 91 82 62 48 45 44 44 49 63 76 79 79 77 76 75 73 71 70
70 72 76 81 91 95 95 97 100 101 98 93 90 88 88 87 86 84 84 83 81 80 79 77 74 75 76 75 72 72 73 74 72 69 66 65 64 65 66 66 66 68 71 74 76 78 78 78 80 83 83 80 77 75 73 73 73 72 72 72 72 72 72 72 72 72 72 72 73 73 73 73 74 74 75 76 77 80 82 74 53 44 45 45 48 61 79 83 81 78 76 75 73 71 70 72
82 84 88 95 98 90 79 76 79 82 84 86 87 86 86 86 85 85 85 84 83 82 80 78 75 76 78 76 74 73 74 75 75 74 71 67 64 64 66 65 63 62 64 67 70 72 73 74 76 79 82 82 80 76 74 73 72 72 72 72 72 72 72 72 72 72 72 72 72 72 73 73 73 73 74 75 75 76 77 70 47 38 44 49 60 79 85 84 81 78 75 72 71 68 68 70
85 87 91 93 90 80 74 70 69 71 75 81 84 85 85 84 84 85 85 86 86 84 82 80 78 77 77 76 74 73 74 74 74 75 75 73 70 68 67 66 64 63 62 63 64 64 65 66 69 69 70 73 75 75 74 73 73 72 72 72 72 72 72 72 72 72 72 72 72 72 72 73 73 73 74 74 74 75 75 71 47 32 42 53 76 88 88 84 82 79 76 73 71 68 68 69
81 82 84 82 77 74 71 68 69 70 75 80 82 82 82 83 84 84 86 87 88 87 84 82 82 81 78 76 74 73 72 71 71 71 73 75 75 74 72 69 67 67 67 67 67 68 69 71 72 70 67 66 68 70 71 72 72 73 73 73 72 72 72 72 72 72 72 72 72 72 72 72 73 73 74 74 74 75 75 72 51 31 45 66 85 89 87 84 82 81 79 77 74 71 70 70
79 78 78 77 75 72 68 66 70 74 78 80 80 79 79 81 82 83 85 87 89 89 88 87 86 85 81 77 76 75 73 71 69 67 68 71 72 74 74 74 72 70 70 70 72 73 75 77 78 77 74 71 69 69 70 72 73 73 73 73 73 73 72 72 72 72 72 72 72 72 72 72 73 73 74 74 74 75 75 74 64 46 70 87 90 88 85 82 80 80 80 78 75 73 71 70
80 78 77 78 75 71 66 65 71 77 79 78 78 78 78 78 78 80 83 86 88 90 91 93 92 86 81 78 77 76 74 72 70 67 66 66 65 67 70 73 75 74 71 70 71 73 75 77 78 79 78 75 72 71 71 73 74 74 74 74 74 73 73 72 72 72 72 72 72 72 72 73 73 73 74 74 75 76 78 81 90 118 109 97 91 87 84 82 80 79 78 78 78 75 71 68
81 80 78 77 73 68 64 65 71 75 76 75 77 76 76 75 74 75 79 83 85 86 89 96 98 86 77 76 75 74 73 74 73 73 71 67 63 62 64 66 70 73 72 71 70 72 74 75 76 77 78 77 75 74 74 75 76 76 76 76 75 74 73 73 72 72 72 72 72 72 72 73 73 73 74 75 76 78 81 87 103 138 135 109 92 85 83 82 81 80 81 82 83 80 74 69
82 81 78 75 69 63 62 64 67 70 72 75 76 73 71 69 68 71 74 78 81 82 89 95 94 78 73 73 72 71 72 73 74 76 77 76 71 67 65 64 65 67 69 70 70 70 71 73 73 74 74 76 76 75 75 75 77 79 80 79 77 75 74 73 72 72 72 72 72 72 72 73 73 74 74 75 77 79 82 88 102 131 139 122 103 89 83 82 81 83 85 87 85 81 80 82
83 81 77 73 69 64 63 62 62 64 70 75 73 70 68 64 63 67 72 77 80 86 92 90 72 59 66 70 70 70 70 71 72 73 75 78 79 75 71 69 68 67 67 69 70 70 69 70 72 72 72 72 73 73 72 71 73 76 81 84 81 77 74 73 72 72 72 72 72 72 73 73 73 74 75 76 77 79 82 88 98 118 132 125 112 101 92 87 86 88 89 87 81 78 79 85
82 79 73 70 70 69 65 61 57 60 68 71 66 64 63 60 61 64 70 79 88 94 90 72 48 46 61 67 69 70 70 71 72 72 72 75 77 78 75 72 70 70 69 70 72 72 70 70 70 72 72 72 72 72 69 67 68 71 78 84 83 77 74 73 72 72 72 72 72 73 73 73 74 74 75 76 78 80 82 87 95 107 120 121 115 110 104 96 94 94 90 82 79 79 78 80
77 73 65 62 63 64 61 56 52 57 65 64 57 55 54 54 57 59 66 81 94 94 73 53 39 42 58 65 68 69 71 72 72 73 73 73 74 75 75 72 69 68 69 71 73 73 73 72 72 72 74 76 76 74 68 65 66 69 73 74 74 74 73 72 72 72 72 73 73 73 73 73 74 75 75 76 78 80 82 86 92 100 111 116 114 112 108 102 99 96 88 80 83 84 84 84
73 68 58 54 54 52 47 40 39 48 57 56 50 49 51 53 55 56 64 75 82 69 53 45 38 44 58 64 68 70 71 72 73 74 75 74 73 73 75 74 70 66 67 70 73 74 75 74 74 76 78 80 81 78 73 69 70 72 71 68 65 68 71 72 72 73 73 73 73 73 73 74 74 75 76 77 78 79 82 85 89 95 103 111 111 110 107 104 99 92 83 84 88 89 88 90
72 67 58 54 53 50 44 34 29 39 47 44 37 35 36 43 47 51 65 71 62 37 37 40 39 48 59 65 68 70 72 74 76 77 77 75 74 73 74 74 71 66 65 68 71 73 75 75 75 76 79 84 85 81 79 82 81 78 74 70 66 66 69 72 73 73 73 73 73 73 74 74 74 75 76 76 78 79 81 84 87 91 97 103 107 106 105 102 96 87 83 86 89 89 88 90
70 66 60 59 61 58 51 39 29 40 47 42 34 31 31 40 47 54 65 63 48 34 33 38 42 53 62 65 67 69 71 76 80 81 78 76 75 75 74 74 71 66 64 64 65 67 71 73 74 74 77 81 82 78 80 86 87 84 79 74 71 69 70 72 73 73 74 74 74 74 74 74 75 75 76 77 78 79 81 82 85 88 91 95 99 101 101 98 92 87 85 86 86 86 86 87
66 64 61 64 66 63 57 48 43 53 58 54 48 48 50 60 61 68 68 58 45 42 41 47 53 60 64 66 66 67 70 75 78 79 77 77 76 76 76 75 73 69 66 62 60 60 63 67 70 73 75 74 70 71 76 81 84 84 80 77 74 71 72 73 74 74 74 74 74 74 75 75 75 75 76 77 78 79 80 81 83 85 88 90 92 94 94 92 89 87 85 85 84 84 84 84
63 64 64 65 64 59 55 54 61 76 80 72 66 65 71 77 76 79 71 49 45 51 55 63 67 69 68 67 67 68 71 74 74 75 76 78 79 79 78 77 76 75 72 67 63 60 60 63 67 71 71 68 64 66 73 78 81 82 81 79 77 74 74 75 75 75 75 75 75 75 75 75 75 76 76 77 78 78 79 81 82 83 85 86 88 88 88 88 87 85 84 83 82 82 82 81
59 65 67 65 63 60 56 55 61 72 79 78 77 73 77 81 84 82 68 47 46 55 64 75 78 74 70 69 70 74 77 76 75 75 76 79 81 82 81 79 79 79 77 75 72 68 67 69 71 72 69 66 65 66 70 74 78 81 81 81 80 78 77 78 77 77 76 76 76 76 75 75 76 76 76 77 78 78 79 80 81 82 83 84 84 85 85 84 84 83 82 81 81 80 80 79
60 69 72 71 71 67 63 60 62 65 72 79 85 87 87 88 87 78 62 51 49 57 68 76 74 64 65 69 73 77 80 79 78 77 77 79 83 85 86 84 82 81 81 79 78 77 77 77 75 72 69 68 66 67 69 71 74 77 79 79 79 80 81 82 81 79 78 77 77 76 76 76 76 76 77 77 78 78 79 80 80 81 81 82 82 83 82 82 82 81 81 80 79 79 78 78
66 74 78 79 80 79 76 74 71 69 71 75 80 88 90 87 81 72 62 54 53 61 70 71 59 52 61 69 74 77 79 81 81 81 80 80 83 85 88 90 87 85 83 81 78 77 78 76 73 70 69 68 66 66 68 70 71 73 75 76 75 77 80 82 84 83 82 80 78 77 77 77 77 77 77 78 78 78 79 79 80 80 81 81 81 81 81 81 80 80 79 79 78 78 77 77
66 72 77 79 80 79 80 80 77 73 73 73 75 82 85 81 78 74 65 58 64 74 74 64 52 54 63 69 74 77 79 82 85 86 86 86 85 85 87 92 92 89 87 84 80 77 76 74 72 69 68 67 66 65 66 67 68 70 72 73 73 73 74 78 82 84 84 83 80 78 78 78 78 78 78 78 79 79 79 79 80 80 80 80 80 80 80 79 79 79 78 78 77 77 76 76
67 72 77 78 77 77 78 78 77 75 74 73 71 70 71 71 71 71 65 67 79 82 72 58 56 61 67 71 74 76 79 83 87 91 94 94 92 89 90 92 95 94 92 90 84 79 76 74 72 69 68 66 66 66 66 66 65 67 68 70 72 72 72 74 77 80 83 83 81 80 79 80 80 79 79 79 79 80 80 80 80 80 80 80 80 79 79 79 78 78 77 77 76 76 75 75
70 73 77 76 75 76 77 76 76 75 74 72 68 62 61 63 65 64 62 70 77 72 61 59 61 65 70 73 75 77 81 84 88 92 96 100 100 98 95 95 97 98 96 95 90 81 76 72 70 69 67 66 65 65 66 66 65 65 65 66 68 70 71 72 74 76 78 79 79 80 81 83 83 82 81 81 81 81 81 81 81 80 80 80 79 79 79 78 78 77 77 76 75 75 75 74
71 72 74 74 74 75 76 76 75 75 75 73 71 69 69 69 68 67 67 72 69 58 58 62 63 64 69 74 77 80 83 85 87 91 95 100 105 105 102 99 100 103 102 101 98 90 80 73 69 67 67 67 66 65 64 64 64 65 65 65 65 66 67 69 71 73 74 74 74 75 80 84 86 85 84 83 83 83 83 82 82 81 81 80 79 79 78 78 77 77 76 75 75 74 74 73
71 71 72 73 74 75 76 76 76 77 78 79 79 83 87 86 80 76 75 74 64 57 59 62 61 62 67 72 76 81 85 86 87 90 93 98 104 108 107 104 105 107 108 107 106 100 88 78 71 67 67 67 67 67 66 64 63 63 64 65 65 65 66 68 69 69 69 68 68 70 74 78 84 88 88 88 88 87 86 85 84 83 82 81 80 79 78 78 77 76 76 75 74 74 74 73
71 71 71 71 73 75 76 75 75 77 80 83 87 91 93 92 88 82 78 72 64 61 61 60 59 61 65 69 73 79 84 87 89 88 90 95 102 108 110 109 109 110 111 111 112 107 96 84 74 68 67 66 65 65 66 66 64 63 63 65 65 65 66 69 69 68 67 65 64 67 69 70 73 80 85 88 91 91 90 89 89 87 85 82 81 80 79 78 77 76 75 75 74 74 73 73
70 70 68 69 70 72 73 73 73 76 79 82 85 87 89 90 86 81 75 68 65 66 64 59 58 60 63 65 70 77 82 87 88 85 86 93 102 109 112 112 112 111 112 113 115 114 105 91 80 73 69 65 63 62 63 64 64 64 64 64 64 64 65 67 68 67 67 65 62 64 66 67 68 70 74 80 85 88 88 91 94 93 89 85 82 81 79 78 77 76 76 75 74 74 73 73
68 67 66 67 68 69 70 71 70 71 73 74 74 75 79 82 81 78 73 66 64 68 67 59 55 57 59 60 65 75 81 85 83 78 84 95 103 107 108 111 114 113 112 114 117 119 115 100 87 78 73 69 65 63 61 61 62 63 64 63 63 64 65 65 66 65 65 64 62 61 63 66 67 68 71 75 78 81 83 85 91 95 94 89 85 82 80 79 78 77 76 75 75 74 73 72
66 65 63 65 66 66 66 65 65 67 68 69 68 68 71 75 76 73 68 65 67 70 70 61 55 55 57 55 61 72 79 81 77 72 85 97 102 101 102 108 115 115 113 115 117 119 122 113 93 80 74 71 68 66 63 60 60 61 62 61 61 63 65 65 65 65 64 63 62 60 61 64 67 69 70 71 73 77 80 82 84 89 95 94 88 84 81 80 78 77 76 76 75 74 74 73
65 64 63 65 65 65 64 63 64 66 67 67 65 65 69 72 73 65 59 62 69 74 72 65 56 54 55 54 61 72 75 74 72 71 85 95 97 96 101 105 108 109 114 119 120 120 125 126 104 84 74 69 67 66 64 62 60 60 61 59 59 61 62 62 63 65 65 63 61 59 60 63 66 68 69 70 71 74 77 80 81 83 89 95 93 88 83 81 79 78 77 77 76 75 74 73
