windninja/windninja_output/Output_2025-08-09_1000-1050_Google earth_Fire_150m_10min/merlingen_7.5mi_point_08-09-2025_1030_150m_vel.asc
ncols	158
nrows	163
xllcorner	391686.332397
yllcorner	5160024.123721
cellsize	150.000000
NODATA_value	-32768.000000
[rows 114 to 151 of 163, columns 0 to 83 of 158]
0.89 0.90 0.91 0.92 0.96 0.95 0.91 0.89 0.90 0.93 0.98 1.12 1.15 1.05 1.15 1.20 0.81 0.38 0.43 0.70 1.10 1.62 1.79 1.31 1.04 1.06 1.02 0.91 0.85 0.85 1.20 1.81 2.10 2.11 1.96 1.58 1.29 1.11 0.89 0.73 0.71 0.79 0.91 0.89 0.59 0.33 0.24 0.21 0.15 0.09 0.07 0.09 0.29 0.60 0.89 1.02 1.02 1.09 1.30 1.45 1.42 1.35 1.45 1.60 1.54 1.53 1.67 1.76 1.77 1.66 1.50 1.50 1.55 1.55 1.69 1.91 1.92 1.81 1.72 1.84 2.08 1.99 1.62 1.44
0.84 0.90 0.97 0.97 0.97 0.97 0.96 0.92 0.87 0.88 0.96 1.03 1.03 1.06 1.26 1.32 0.87 0.34 0.30 0.46 0.79 1.27 1.68 1.71 1.47 1.21 1.10 1.07 1.12 0.90 0.92 1.50 2.14 2.35 2.03 1.53 1.19 1.05 0.93 0.78 0.76 0.86 0.94 0.93 0.71 0.44 0.29 0.23 0.20 0.13 0.05 0.02 0.13 0.41 0.76 0.97 1.01 1.02 1.17 1.37 1.41 1.35 1.41 1.58 1.58 1.48 1.57 1.71 1.77 1.74 1.67 1.66 1.70 1.61 1.56 1.79 2.00 1.95 1.75 1.74 2.05 2.12 1.79 1.57
0.76 0.87 0.97 0.99 0.98 0.95 0.96 0.97 0.96 0.95 0.99 0.93 0.85 0.96 1.28 1.44 0.97 0.34 0.25 0.32 0.62 0.96 1.29 1.64 1.73 1.49 1.20 1.17 1.29 1.02 0.84 1.26 1.96 2.42 2.16 1.53 1.13 0.96 0.96 0.89 0.82 0.89 0.95 0.97 0.85 0.55 0.35 0.27 0.26 0.21 0.11 0.06 0.10 0.26 0.60 0.89 1.00 0.99 1.07 1.25 1.33 1.32 1.39 1.52 1.56 1.48 1.51 1.65 1.74 1.77 1.75 1.78 1.89 1.90 1.67 1.63 1.86 2.04 1.90 1.73 1.96 2.12 1.82 1.61
0.70 0.82 0.94 0.98 0.98 0.93 0.89 0.93 1.03 1.09 1.09 0.87 0.68 0.78 1.23 1.54 1.10 0.38 0.20 0.23 0.47 0.74 0.94 1.25 1.61 1.72 1.51 1.38 1.50 1.14 0.83 0.98 1.53 2.22 2.24 1.60 1.15 0.97 1.01 1.02 0.96 0.96 0.97 1.01 0.96 0.68 0.46 0.36 0.32 0.29 0.21 0.14 0.15 0.20 0.45 0.80 0.99 1.00 1.02 1.15 1.23 1.25 1.36 1.50 1.54 1.47 1.49 1.60 1.70 1.75 1.77 1.80 1.95 2.14 2.11 1.84 1.73 1.93 2.03 1.91 1.98 2.10 1.79 1.55
0.67 0.76 0.91 0.97 0.97 0.92 0.84 0.86 0.98 1.10 1.19 0.93 0.59 0.64 1.08 1.58 1.37 0.52 0.13 0.10 0.21 0.46 0.66 0.84 1.10 1.46 1.54 1.54 1.69 1.55 1.14 0.95 1.18 1.83 2.14 2.04 1.67 1.30 1.23 1.21 1.13 1.09 1.07 1.06 1.03 0.84 0.60 0.47 0.40 0.36 0.30 0.21 0.20 0.22 0.35 0.68 0.94 1.01 1.01 1.09 1.15 1.14 1.25 1.44 1.52 1.50 1.51 1.60 1.68 1.72 1.73 1.74 1.86 2.11 2.36 2.29 1.95 1.89 2.02 2.06 2.13 2.14 1.81 1.51
0.67 0.73 0.87 0.98 0.95 0.88 0.84 0.84 0.92 0.99 1.15 1.06 0.60 0.55 0.90 1.44 1.57 0.87 0.21 0.02 0.06 0.23 0.44 0.62 0.77 0.93 1.05 1.17 1.46 1.61 1.46 1.22 1.23 1.61 1.92 2.13 2.08 1.76 1.60 1.57 1.50 1.37 1.27 1.20 1.13 1.00 0.77 0.58 0.47 0.42 0.37 0.29 0.25 0.25 0.30 0.56 0.87 0.99 1.01 1.07 1.11 1.07 1.12 1.27 1.38 1.45 1.47 1.55 1.68 1.74 1.68 1.64 1.71 1.91 2.27 2.52 2.40 2.14 2.08 2.10 2.18 2.19 1.90 1.59
0.66 0.70 0.85 1.01 0.97 0.84 0.84 0.87 0.91 0.89 1.00 1.10 0.69 0.52 0.76 1.26 1.61 1.24 0.48 0.11 0.11 0.18 0.32 0.49 0.65 0.73 0.79 0.86 1.02 1.20 1.36 1.32 1.32 1.54 1.72 1.89 1.96 1.87 1.66 1.64 1.77 1.75 1.62 1.49 1.37 1.23 1.03 0.80 0.62 0.52 0.45 0.37 0.31 0.29 0.31 0.48 0.78 0.94 0.98 1.05 1.10 1.05 1.08 1.14 1.14 1.21 1.23 1.22 1.44 1.67 1.67 1.58 1.57 1.68 1.97 2.38 2.63 2.55 2.37 2.27 2.22 2.19 1.95 1.69
0.62 0.68 0.82 1.01 1.08 0.97 0.97 1.01 0.98 0.82 0.87 1.13 0.79 0.45 0.65 1.12 1.59 1.45 0.79 0.32 0.15 0.23 0.32 0.45 0.60 0.68 0.71 0.79 0.97 1.15 1.23 1.31 1.39 1.46 1.65 1.72 1.65 1.72 1.46 1.30 1.55 1.77 1.82 1.64 1.47 1.36 1.20 1.00 0.80 0.67 0.55 0.44 0.37 0.35 0.35 0.45 0.74 0.91 0.95 1.02 1.07 1.03 1.05 1.12 1.09 1.16 1.14 0.91 0.95 1.34 1.54 1.54 1.51 1.49 1.62 1.98 2.45 2.76 2.77 2.62 2.44 2.30 2.04 1.79
0.57 0.65 0.77 0.90 1.06 1.14 1.21 1.29 1.22 0.89 0.83 1.15 0.88 0.35 0.45 0.86 1.47 1.60 1.03 0.57 0.31 0.28 0.36 0.46 0.61 0.65 0.66 0.79 1.07 1.23 1.16 1.25 1.39 1.35 1.56 1.63 1.49 1.63 1.41 1.06 1.12 1.44 1.82 1.78 1.49 1.32 1.18 0.98 0.83 0.74 0.64 0.52 0.41 0.39 0.38 0.43 0.69 0.90 0.95 1.02 1.05 1.01 1.03 1.10 1.15 1.31 1.34 1.01 0.77 0.87 1.18 1.36 1.44 1.42 1.39 1.53 1.94 2.49 2.88 2.98 2.85 2.60 2.22 1.95
0.50 0.59 0.68 0.71 0.83 1.00 1.15 1.34 1.47 1.24 1.02 1.25 0.95 0.32 0.30 0.59 1.17 1.63 1.39 0.89 0.60 0.43 0.40 0.49 0.60 0.64 0.65 0.84 1.20 1.25 1.02 1.13 1.30 1.26 1.45 1.58 1.40 1.54 1.54 1.07 0.88 1.12 1.64 1.94 1.71 1.39 1.17 0.93 0.81 0.77 0.71 0.61 0.48 0.43 0.41 0.41 0.61 0.85 0.91 0.96 1.02 1.03 1.06 1.09 1.14 1.34 1.51 1.37 0.97 0.71 0.81 1.07 1.22 1.29 1.26 1.23 1.41 1.87 2.44 2.90 3.15 3.09 2.66 2.21
0.50 0.57 0.64 0.62 0.68 0.85 0.97 1.15 1.43 1.43 1.39 1.45 0.92 0.37 0.30 0.47 0.82 1.37 1.61 1.32 0.93 0.68 0.51 0.51 0.58 0.60 0.66 0.95 1.31 1.13 0.82 1.02 1.23 1.19 1.34 1.53 1.35 1.35 1.52 1.19 0.86 0.89 1.25 1.86 1.99 1.65 1.30 1.00 0.82 0.80 0.79 0.72 0.58 0.50 0.47 0.49 0.62 0.86 0.93 0.86 0.93 1.07 1.10 1.10 1.16 1.30 1.46 1.57 1.42 0.94 0.74 0.88 0.98 1.01 1.06 1.03 1.03 1.29 1.77 2.26 2.77 3.23 3.19 2.64
0.52 0.60 0.66 0.62 0.66 0.79 0.90 1.01 1.27 1.37 1.53 1.71 1.18 0.51 0.38 0.44 0.60 0.90 1.34 1.57 1.47 1.06 0.73 0.61 0.63 0.66 0.83 1.18 1.19 0.80 0.60 0.94 1.21 1.14 1.22 1.48 1.34 1.20 1.39 1.26 0.92 0.77 0.91 1.50 2.00 1.89 1.49 1.10 0.87 0.81 0.81 0.77 0.68 0.59 0.55 0.59 0.74 0.97 1.09 0.96 0.92 1.07 1.12 1.13 1.22 1.32 1.39 1.52 1.62 1.42 1.04 0.95 0.97 0.88 0.84 0.82 0.78 0.86 1.14 1.51 1.87 2.63 3.26 3.12
0.48 0.58 0.66 0.60 0.63 0.74 0.85 0.93 1.08 1.22 1.45 1.85 1.66 0.86 0.60 0.50 0.48 0.62 0.88 1.29 1.54 1.48 1.02 0.77 0.84 0.94 1.00 1.03 0.79 0.46 0.45 0.86 1.22 1.13 1.12 1.39 1.36 1.15 1.18 1.19 0.97 0.72 0.72 1.13 1.78 1.98 1.67 1.26 0.99 0.87 0.83 0.77 0.70 0.65 0.60 0.60 0.72 0.96 1.15 1.11 1.03 1.08 1.11 1.13 1.22 1.33 1.38 1.44 1.57 1.63 1.51 1.34 1.17 0.97 0.83 0.73 0.66 0.65 0.78 1.02 1.29 1.84 2.66 3.12
0.46 0.56 0.65 0.58 0.58 0.69 0.83 0.91 0.95 1.06 1.27 1.71 1.90 1.52 1.09 0.69 0.46 0.55 0.74 0.96 1.25 1.44 1.29 1.02 1.02 1.06 0.93 0.71 0.52 0.35 0.33 0.72 1.19 1.22 1.15 1.30 1.34 1.19 1.04 1.05 0.96 0.72 0.61 0.81 1.44 1.90 1.75 1.34 1.08 0.93 0.87 0.81 0.71 0.66 0.63 0.60 0.66 0.87 1.07 1.10 1.07 1.09 1.10 1.12 1.20 1.30 1.36 1.40 1.48 1.57 1.67 1.67 1.48 1.21 0.99 0.83 0.66 0.60 0.67 0.76 0.96 1.38 1.90 2.48
0.45 0.55 0.65 0.58 0.54 0.61 0.76 0.88 0.90 0.91 1.03 1.36 1.77 1.92 1.71 1.03 0.63 0.64 0.77 0.96 1.04 1.17 1.31 1.22 1.18 1.18 0.97 0.69 0.46 0.32 0.29 0.56 1.02 1.24 1.33 1.37 1.33 1.20 1.02 0.97 0.93 0.76 0.61 0.61 1.05 1.71 1.79 1.36 1.11 0.98 0.88 0.82 0.75 0.71 0.67 0.65 0.67 0.82 1.00 1.06 1.06 1.09 1.11 1.14 1.21 1.29 1.34 1.38 1.44 1.50 1.63 1.81 1.77 1.47 1.21 1.04 0.79 0.66 0.67 0.69 0.74 0.98 1.36 1.80
0.45 0.53 0.63 0.56 0.49 0.54 0.64 0.77 0.82 0.80 0.82 0.98 1.30 1.68 1.90 1.76 1.16 0.88 0.97 1.11 0.92 0.85 1.16 1.34 1.36 1.31 1.08 0.74 0.50 0.37 0.33 0.42 0.72 1.02 1.33 1.57 1.51 1.21 1.02 0.98 0.92 0.82 0.69 0.59 0.76 1.35 1.69 1.48 1.23 1.09 0.95 0.86 0.77 0.74 0.70 0.67 0.71 0.83 0.98 1.04 1.05 1.08 1.11 1.15 1.22 1.28 1.31 1.35 1.41 1.47 1.59 1.80 1.95 1.80 1.48 1.29 1.03 0.75 0.71 0.76 0.77 0.76 0.86 1.20
0.45 0.53 0.65 0.59 0.50 0.56 0.64 0.68 0.70 0.67 0.65 0.69 0.81 1.05 1.44 1.79 1.69 1.42 1.28 1.05 0.72 0.65 0.87 1.26 1.50 1.44 1.11 0.82 0.65 0.48 0.37 0.35 0.44 0.70 1.03 1.50 1.75 1.49 1.12 1.03 0.97 0.88 0.80 0.69 0.66 0.92 1.37 1.45 1.35 1.19 1.01 0.92 0.79 0.73 0.70 0.66 0.70 0.84 0.98 1.04 1.04 1.06 1.10 1.15 1.21 1.27 1.30 1.33 1.37 1.45 1.56 1.74 1.95 2.02 1.87 1.64 1.33 0.93 0.80 0.83 0.82 0.79 0.73 0.73
0.47 0.53 0.67 0.67 0.57 0.61 0.71 0.75 0.73 0.63 0.55 0.54 0.59 0.74 0.97 1.32 1.76 1.82 1.39 0.84 0.62 0.58 0.65 0.95 1.47 1.59 1.10 0.87 0.80 0.61 0.46 0.35 0.31 0.45 0.72 1.13 1.64 1.78 1.48 1.20 1.09 0.98 0.91 0.82 0.66 0.63 0.88 1.16 1.30 1.20 1.00 0.92 0.83 0.75 0.71 0.65 0.66 0.80 0.95 1.02 1.03 1.01 1.03 1.11 1.18 1.23 1.29 1.30 1.32 1.40 1.54 1.70 1.85 2.02 2.08 2.01 1.71 1.18 0.96 0.97 0.93 0.83 0.71 0.64
0.48 0.51 0.61 0.69 0.66 0.63 0.69 0.82 0.92 0.77 0.56 0.50 0.52 0.64 0.85 1.11 1.72 1.98 1.38 0.81 0.62 0.54 0.55 0.69 1.19 1.62 1.39 0.96 0.83 0.68 0.53 0.41 0.27 0.28 0.52 0.81 1.20 1.62 1.71 1.58 1.39 1.18 1.07 0.98 0.75 0.51 0.52 0.80 1.12 1.15 0.97 0.89 0.84 0.77 0.73 0.69 0.68 0.78 0.92 0.99 1.03 1.03 0.99 1.05 1.14 1.18 1.25 1.26 1.26 1.32 1.47 1.64 1.77 1.97 2.11 2.15 2.04 1.51 1.16 1.23 1.14 0.86 0.66 0.62
0.49 0.51 0.56 0.65 0.72 0.67 0.60 0.70 0.96 1.05 0.78 0.57 0.56 0.68 0.83 1.11 1.68 1.89 1.58 1.04 0.67 0.51 0.50 0.59 0.90 1.46 1.61 1.21 0.89 0.71 0.57 0.47 0.30 0.25 0.39 0.61 0.88 1.21 1.48 1.66 1.62 1.38 1.23 1.17 0.96 0.68 0.53 0.61 0.90 1.03 0.93 0.84 0.81 0.78 0.75 0.72 0.72 0.80 0.93 1.01 1.07 1.10 1.04 1.05 1.13 1.16 1.21 1.22 1.18 1.23 1.38 1.53 1.65 1.88 2.15 2.28 2.24 1.72 1.27 1.37 1.39 0.98 0.61 0.57
0.53 0.55 0.56 0.62 0.73 0.71 0.60 0.58 0.73 1.02 1.05 0.82 0.79 0.87 1.02 1.38 1.63 1.66 1.56 1.37 0.98 0.54 0.46 0.52 0.64 1.07 1.57 1.60 1.19 0.84 0.66 0.55 0.41 0.31 0.33 0.46 0.70 0.91 1.16 1.48 1.63 1.48 1.32 1.26 1.10 0.93 0.75 0.66 0.80 0.95 0.93 0.84 0.78 0.76 0.74 0.73 0.74 0.82 0.91 0.99 1.07 1.11 1.09 1.09 1.14 1.19 1.21 1.23 1.14 1.08 1.21 1.39 1.52 1.68 2.06 2.44 2.50 1.98 1.37 1.36 1.46 1.21 0.75 0.53
0.54 0.59 0.61 0.63 0.72 0.74 0.67 0.60 0.59 0.75 0.98 0.96 0.92 1.07 1.47 1.61 1.46 1.37 1.33 1.37 1.24 0.78 0.51 0.46 0.44 0.66 1.19 1.64 1.59 1.14 0.81 0.69 0.58 0.41 0.35 0.39 0.50 0.69 1.01 1.35 1.49 1.45 1.37 1.23 1.14 1.07 0.92 0.77 0.80 0.92 0.93 0.87 0.80 0.76 0.73 0.71 0.74 0.83 0.89 0.95 1.03 1.08 1.09 1.11 1.16 1.22 1.24 1.29 1.26 1.05 0.97 1.14 1.34 1.49 1.84 2.38 2.71 2.47 1.69 1.43 1.42 1.25 0.98 0.72
0.49 0.60 0.68 0.64 0.70 0.73 0.70 0.67 0.62 0.66 0.77 0.84 0.84 1.17 1.78 1.63 1.22 1.17 1.15 1.22 1.22 0.94 0.65 0.49 0.38 0.44 0.80 1.33 1.64 1.46 1.06 0.84 0.76 0.60 0.43 0.38 0.36 0.51 0.94 1.30 1.30 1.34 1.36 1.16 1.10 1.08 0.97 0.81 0.79 0.86 0.89 0.86 0.81 0.77 0.73 0.70 0.73 0.83 0.89 0.95 1.02 1.06 1.09 1.12 1.17 1.24 1.27 1.34 1.44 1.25 0.92 0.84 1.00 1.18 1.52 2.12 2.67 2.80 2.40 1.79 1.44 1.22 1.08 0.96
0.39 0.51 0.69 0.70 0.70 0.69 0.65 0.66 0.69 0.72 0.73 0.78 0.79 1.28 1.86 1.56 1.16 1.06 1.00 1.09 1.12 0.93 0.72 0.58 0.40 0.34 0.55 1.01 1.44 1.53 1.28 1.01 0.88 0.76 0.60 0.41 0.30 0.38 0.88 1.28 1.18 1.15 1.23 1.12 1.05 1.04 0.96 0.82 0.78 0.82 0.84 0.82 0.80 0.76 0.72 0.70 0.73 0.82 0.87 0.93 1.00 1.05 1.09 1.11 1.15 1.24 1.29 1.35 1.52 1.52 1.15 0.82 0.75 0.76 0.90 1.49 2.28 2.76 2.86 2.58 1.88 1.32 1.16 1.10
0.35 0.40 0.56 0.71 0.78 0.71 0.59 0.57 0.64 0.74 0.81 0.84 0.91 1.50 1.81 1.49 1.21 1.06 0.93 1.01 1.08 0.91 0.73 0.62 0.45 0.34 0.42 0.78 1.16 1.36 1.40 1.28 1.03 0.85 0.75 0.53 0.30 0.33 0.78 1.23 1.15 0.99 1.04 1.04 1.00 1.02 0.98 0.84 0.79 0.81 0.82 0.81 0.79 0.76 0.72 0.69 0.72 0.80 0.85 0.90 0.96 1.02 1.09 1.12 1.15 1.23 1.31 1.40 1.53 1.65 1.51 1.08 0.80 0.70 0.61 0.78 1.55 2.24 2.66 2.94 2.63 1.70 1.39 1.21
0.44 0.41 0.43 0.61 0.82 0.84 0.69 0.59 0.58 0.66 0.80 0.93 1.27 1.70 1.63 1.29 1.22 1.18 1.10 1.12 1.12 0.94 0.75 0.62 0.49 0.40 0.41 0.61 0.88 1.02 1.20 1.41 1.33 1.04 0.89 0.64 0.38 0.38 0.69 1.09 1.09 0.93 0.93 0.93 0.93 0.98 0.97 0.87 0.82 0.82 0.81 0.80 0.79 0.78 0.76 0.71 0.72 0.78 0.84 0.88 0.92 0.98 1.05 1.10 1.19 1.28 1.36 1.47 1.57 1.68 1.73 1.50 1.03 0.73 0.61 0.58 0.93 1.60 2.06 2.63 2.86 2.35 1.85 1.42
0.53 0.50 0.44 0.49 0.66 0.85 0.91 0.78 0.66 0.71 0.77 1.04 1.65 1.69 1.23 1.05 1.12 1.12 1.10 1.25 1.32 1.09 0.83 0.66 0.55 0.48 0.44 0.49 0.64 0.71 0.82 1.21 1.44 1.33 1.12 0.81 0.54 0.47 0.62 0.87 0.95 0.92 0.91 0.85 0.85 0.90 0.91 0.86 0.84 0.82 0.80 0.77 0.74 0.76 0.78 0.75 0.73 0.77 0.83 0.86 0.90 0.95 0.99 1.05 1.21 1.40 1.49 1.59 1.66 1.75 1.86 1.83 1.42 0.90 0.67 0.52 0.63 1.15 1.57 2.08 2.58 2.52 2.07 1.67
0.54 0.59 0.57 0.46 0.44 0.58 0.86 0.93 0.89 0.96 0.96 1.38 1.80 1.38 0.91 0.91 0.95 0.97 0.89 1.05 1.33 1.36 1.13 0.85 0.66 0.56 0.49 0.45 0.49 0.53 0.60 0.89 1.22 1.40 1.36 1.05 0.72 0.62 0.60 0.69 0.83 0.89 0.90 0.84 0.81 0.84 0.85 0.85 0.84 0.83 0.81 0.77 0.68 0.65 0.71 0.74 0.75 0.77 0.83 0.87 0.90 0.94 0.95 0.97 1.14 1.41 1.63 1.78 1.87 1.98 2.06 2.13 1.92 1.32 0.81 0.46 0.50 0.97 1.37 1.71 2.24 2.43 2.05 1.62
0.46 0.63 0.74 0.52 0.39 0.43 0.56 0.75 0.95 1.12 1.31 1.79 1.75 1.00 0.78 0.82 0.85 0.91 0.84 0.80 1.00 1.26 1.33 1.24 1.02 0.79 0.60 0.46 0.44 0.47 0.51 0.64 0.88 1.20 1.42 1.24 0.89 0.76 0.72 0.69 0.79 0.90 0.90 0.86 0.83 0.82 0.82 0.83 0.84 0.84 0.83 0.82 0.74 0.57 0.53 0.60 0.69 0.75 0.80 0.87 0.92 0.94 0.92 0.89 0.95 1.16 1.42 1.67 1.89 2.12 2.25 2.32 2.35 1.99 1.08 0.58 0.62 1.08 1.53 1.82 2.08 2.28 2.08 1.56
0.39 0.60 0.83 0.71 0.50 0.46 0.49 0.55 0.76 0.98 1.55 1.94 1.46 0.88 0.77 0.76 0.81 0.91 0.87 0.69 0.70 0.87 1.09 1.26 1.23 1.10 0.96 0.74 0.53 0.49 0.51 0.57 0.65 0.91 1.30 1.30 1.01 0.84 0.78 0.75 0.80 0.89 0.91 0.88 0.86 0.83 0.82 0.82 0.83 0.84 0.84 0.88 0.87 0.68 0.46 0.40 0.54 0.67 0.73 0.80 0.88 0.90 0.88 0.82 0.80 0.85 0.94 1.11 1.38 1.79 2.13 2.30 2.47 2.36 1.61 0.93 0.91 1.25 1.83 2.09 1.88 2.05 2.16 1.59
0.41 0.52 0.75 0.87 0.73 0.60 0.58 0.60 0.70 0.77 1.36 2.05 1.55 0.89 0.78 0.74 0.81 0.93 0.86 0.64 0.63 0.70 0.82 0.99 1.05 1.03 1.05 1.04 0.88 0.67 0.59 0.59 0.55 0.68 1.11 1.20 0.99 0.84 0.78 0.78 0.81 0.86 0.89 0.88 0.86 0.84 0.82 0.83 0.84 0.85 0.87 0.91 0.93 0.83 0.54 0.31 0.38 0.56 0.66 0.71 0.77 0.84 0.86 0.79 0.74 0.78 0.82 0.83 0.92 1.17 1.61 2.07 2.45 2.49 1.96 1.33 1.10 1.28 1.97 2.27 1.87 1.99 2.11 1.53
0.55 0.51 0.54 0.77 0.92 0.89 0.81 0.76 0.76 0.73 1.08 1.97 1.81 0.98 0.81 0.77 0.85 0.95 0.81 0.67 0.66 0.69 0.74 0.80 0.81 0.79 0.80 0.93 0.98 0.92 0.84 0.72 0.54 0.59 0.92 1.04 0.92 0.79 0.74 0.77 0.81 0.85 0.87 0.87 0.86 0.84 0.82 0.82 0.85 0.88 0.92 0.95 0.97 0.89 0.63 0.34 0.27 0.41 0.60 0.68 0.68 0.75 0.85 0.86 0.80 0.84 0.89 0.83 0.82 0.90 1.06 1.57 2.31 2.52 2.08 1.56 1.21 1.19 1.89 2.35 2.13 2.12 2.00 1.46
0.77 0.61 0.42 0.49 0.78 1.01 1.11 1.07 0.95 0.77 1.07 1.77 1.62 1.01 0.90 0.91 0.98 1.04 0.94 0.82 0.76 0.72 0.74 0.72 0.70 0.71 0.68 0.69 0.77 0.83 0.93 0.94 0.73 0.61 0.77 0.92 0.86 0.76 0.72 0.74 0.80 0.83 0.86 0.87 0.87 0.85 0.83 0.83 0.85 0.89 0.95 1.01 1.03 0.91 0.70 0.44 0.26 0.29 0.50 0.64 0.63 0.65 0.77 0.87 0.91 0.97 1.04 0.97 0.92 0.96 0.98 1.19 1.90 2.40 2.15 1.71 1.42 1.21 1.50 2.16 2.39 2.23 1.92 1.65
1.03 0.75 0.41 0.33 0.44 0.73 1.04 1.31 1.30 1.07 1.35 1.59 1.23 0.87 0.82 0.90 1.03 1.08 1.06 1.08 1.08 1.00 0.91 0.82 0.73 0.71 0.67 0.63 0.63 0.58 0.70 0.97 0.91 0.70 0.73 0.85 0.84 0.77 0.73 0.73 0.77 0.81 0.84 0.88 0.90 0.87 0.85 0.86 0.89 0.92 0.97 1.08 1.10 0.94 0.74 0.52 0.26 0.19 0.34 0.51 0.55 0.56 0.64 0.74 0.85 0.99 1.12 1.15 1.15 1.19 1.21 1.29 1.69 2.18 2.12 1.85 1.78 1.57 1.33 1.78 2.38 2.35 2.19 1.88
1.20 0.89 0.48 0.37 0.37 0.44 0.62 1.07 1.48 1.51 1.46 1.29 0.98 0.76 0.64 0.72 0.93 0.97 0.91 0.99 1.14 1.19 1.19 1.19 1.08 0.84 0.70 0.64 0.61 0.50 0.51 0.80 0.90 0.76 0.74 0.83 0.84 0.79 0.75 0.73 0.76 0.80 0.82 0.86 0.90 0.89 0.87 0.90 0.94 0.95 1.01 1.15 1.19 1.04 0.82 0.60 0.32 0.15 0.20 0.37 0.45 0.50 0.56 0.61 0.68 0.80 0.96 1.09 1.17 1.26 1.36 1.45 1.74 2.12 2.17 1.97 1.95 1.86 1.57 1.79 2.32 2.66 2.74 2.31
1.14 1.04 0.75 0.54 0.46 0.44 0.45 0.74 1.47 1.70 1.41 1.11 0.96 0.77 0.61 0.58 0.74 0.88 0.85 0.80 0.88 1.00 1.08 1.24 1.38 1.29 0.96 0.73 0.66 0.58 0.49 0.63 0.81 0.77 0.74 0.79 0.83 0.81 0.78 0.75 0.76 0.81 0.82 0.83 0.87 0.89 0.88 0.92 0.97 0.98 1.06 1.21 1.28 1.18 0.97 0.70 0.42 0.20 0.15 0.18 0.31 0.44 0.51 0.56 0.59 0.65 0.77 0.89 0.98 1.05 1.12 1.20 1.48 1.94 2.19 2.10 1.96 1.78 1.58 1.85 2.24 2.57 3.04 2.92
0.84 1.01 1.13 0.95 0.77 0.55 0.40 0.72 1.58 1.77 1.31 1.12 1.04 0.83 0.68 0.57 0.58 0.72 0.84 0.80 0.73 0.74 0.76 0.90 1.24 1.48 1.34 0.88 0.69 0.65 0.54 0.57 0.70 0.75 0.73 0.75 0.79 0.80 0.80 0.78 0.78 0.82 0.83 0.83 0.86 0.90 0.88 0.90 0.96 1.00 1.09 1.27 1.37 1.34 1.16 0.81 0.52 0.29 0.20 0.16 0.09 0.31 0.47 0.53 0.56 0.60 0.69 0.79 0.90 1.01 0.97 0.78 0.87 1.31 1.81 2.14 2.08 1.60 1.32 1.67 1.90 2.07 2.77 3.27
0.48 0.70 1.04 1.18 1.20 0.85 0.45 0.81 1.65 1.63 1.08 1.06 1.14 1.01 0.80 0.63 0.52 0.55 0.69 0.76 0.71 0.64 0.60 0.68 0.94 1.35 1.54 1.15 0.69 0.63 0.60 0.59 0.65 0.71 0.73 0.72 0.74 0.77 0.78 0.79 0.81 0.84 0.84 0.83 0.87 0.95 0.95 0.88 0.90 1.00 1.09 1.26 1.44 1.49 1.33 0.96 0.63 0.39 0.23 0.22 0.18 0.12 0.37 0.50 0.54 0.56 0.64 0.74 0.86 1.06 1.02 0.67 0.54 0.82 1.33 2.06 2.23 1.63 1.23 1.39 1.56 1.68 2.20 3.21
