windninja/windninja_output/Output_2025-08-09_1000-1050_Google earth_Fire_150m_10min/merlingen_7.5mi_point_08-09-2025_1010_150m_ang.asc
ncols	158
nrows	163
xllcorner	391686.332397
yllcorner	5160024.123721
cellsize	150.000000
NODATA_value	-32768.000000
[rows 54 to 107 of 163, columns 0 to 95 of 158]
190 185 176 169 165 163 162 158 154 150 147 144 141 139 137 134 132 130 127 125 123 121 119 117 115 113 112 110 108 106 105 104 102 101 100 99 98 98 98 99 99 96 93 92 89 83 75 70 73 71 67 68 71 74 78 76 67 58 58 60 64 70 75 73 65 55 48 45 48 49 47 45 46 49 50 50 48 51 56 55 52 53 52 51 51 55 59 59 56 54 53 53 50 50 61 74
185 182 176 168 162 160 159 157 154 149 146 142 139 137 135 133 131 128 126 124 122 120 118 116 114 113 111 109 107 106 104 103 101 100 99 98 97 96 96 97 97 96 92 89 89 87 83 80 79 72 67 70 72 75 77 72 60 55 58 62 65 70 72 70 62 52 45 42 46 47 44 45 49 51 50 49 48 51 54 52 50 52 51 49 48 49 50 51 52 54 56 56 54 55 67 75
182 180 176 170 162 156 153 152 150 147 145 142 138 135 134 131 129 127 125 123 121 119 117 115 114 112 110 108 106 105 103 102 100 99 98 97 96 95 94 94 94 93 91 90 89 90 90 87 82 73 69 73 73 75 77 69 55 55 61 65 69 71 70 67 60 50 45 43 47 48 45 47 49 49 49 47 47 51 52 50 49 51 51 49 48 48 46 45 46 52 59 63 63 63 68 67
180 178 174 171 166 159 153 150 147 144 144 143 138 134 133 130 128 126 124 122 120 118 116 114 113 111 109 107 106 104 102 101 99 98 97 96 95 94 93 92 92 91 91 90 90 91 93 92 87 78 73 75 75 77 76 65 54 57 63 68 70 71 69 65 58 49 44 43 45 46 46 48 49 48 47 45 46 50 49 47 47 48 50 50 51 51 49 47 46 49 57 63 65 66 70 64
179 176 172 169 165 161 156 151 146 143 143 143 139 133 131 129 127 125 123 122 119 117 115 113 112 110 108 106 105 103 102 100 99 97 96 95 94 93 92 91 90 90 89 89 89 90 91 92 92 87 80 78 78 79 75 64 56 62 69 71 70 69 67 64 57 48 42 39 40 43 46 48 48 48 46 45 46 48 46 44 43 46 48 50 51 52 52 51 50 52 59 64 64 69 71 60
177 175 171 166 162 158 154 150 145 140 139 140 137 132 129 128 126 124 123 121 119 116 114 113 111 109 107 106 104 102 101 99 98 97 95 94 93 92 91 90 89 89 88 88 88 88 88 90 93 95 92 84 81 79 73 64 60 68 73 72 70 68 66 62 57 49 41 34 36 44 47 48 48 48 45 45 48 48 45 43 43 45 47 47 48 50 51 52 54 61 68 70 68 70 66 55
175 173 170 165 160 155 150 146 142 139 138 138 136 132 129 127 125 124 122 120 118 116 114 112 110 108 106 105 103 102 100 99 97 96 95 93 92 91 90 89 89 88 87 87 86 86 86 88 90 95 99 93 85 80 73 65 65 73 75 73 70 68 66 62 57 51 42 33 38 48 49 48 49 48 45 45 48 46 44 45 45 47 48 47 46 48 50 54 61 70 72 69 66 63 58 53
174 172 168 163 158 153 148 143 140 139 138 138 136 132 129 126 124 123 121 120 118 115 113 111 109 107 105 104 102 101 99 98 96 95 94 93 92 90 90 89 88 87 86 86 85 85 85 86 88 91 97 98 91 83 74 68 72 76 76 74 71 69 66 63 58 52 42 34 42 50 49 49 50 49 46 46 47 45 44 44 45 47 49 49 49 51 55 60 68 73 70 65 61 54 53 50
173 171 166 160 156 152 147 142 139 137 136 136 134 131 128 124 121 120 120 119 117 115 112 110 108 106 105 103 102 100 99 97 96 94 93 92 91 90 89 88 87 86 86 85 85 84 84 85 85 88 92 96 94 86 77 73 77 78 76 74 71 69 67 63 58 52 42 37 45 50 49 50 51 49 46 46 46 44 43 43 45 46 49 51 53 57 65 71 73 71 65 61 57 52 50 50
175 171 162 156 151 148 144 141 138 136 134 133 132 130 128 124 120 118 117 117 116 115 112 110 108 105 104 103 101 100 98 97 95 94 93 91 90 89 88 87 86 86 85 84 84 84 84 84 84 85 89 93 92 87 79 75 77 78 76 73 70 67 64 62 61 56 46 45 49 49 49 50 51 48 44 44 43 43 41 41 44 45 47 51 54 61 71 76 76 69 60 57 54 51 50 49
179 171 159 152 147 143 140 137 135 133 131 130 131 130 128 125 121 117 115 114 114 113 112 110 108 105 103 102 100 99 98 96 95 93 92 91 90 89 88 87 86 85 84 84 83 83 83 83 83 84 86 90 91 88 83 78 77 76 75 74 70 64 62 64 66 62 54 52 51 49 48 50 52 47 42 41 41 40 37 38 41 44 47 51 56 66 72 73 70 61 55 53 51 51 50 49
180 171 157 150 145 141 137 133 130 129 127 127 129 129 127 124 121 117 113 111 110 110 109 109 108 105 103 101 100 99 97 96 94 93 92 90 89 88 87 86 85 85 84 83 83 82 82 82 82 83 84 87 90 89 88 86 80 75 74 73 67 59 60 63 64 60 55 52 51 49 49 51 52 47 41 39 39 36 34 37 42 46 50 53 61 70 72 68 60 52 50 50 49 50 51 51
176 168 156 148 142 139 138 134 130 128 127 126 127 127 126 123 120 117 114 110 108 107 106 106 107 106 103 101 99 98 97 95 94 92 91 90 89 88 87 86 85 84 83 83 82 82 81 81 81 81 82 84 86 88 90 93 89 80 74 70 62 53 58 61 59 56 53 51 51 51 51 53 52 45 40 38 37 35 33 37 43 47 50 53 60 67 67 60 52 49 47 46 47 49 52 55
168 164 157 150 141 137 139 136 130 127 126 126 125 125 125 122 118 117 115 112 108 106 104 103 104 104 102 100 99 97 96 95 93 92 91 89 88 87 86 85 84 84 83 82 82 81 81 80 80 80 81 81 83 85 88 92 94 88 79 72 62 56 62 64 60 56 53 51 52 52 52 54 52 46 40 38 36 32 31 35 40 45 50 53 62 67 63 53 50 47 44 44 47 48 51 56
153 154 155 153 147 142 144 141 131 125 125 125 124 123 123 121 118 116 116 112 108 106 103 101 100 99 97 98 99 98 97 95 93 92 90 89 88 87 86 85 84 83 82 82 81 81 80 80 80 80 80 80 80 82 83 86 89 90 85 78 71 70 73 71 65 58 54 52 51 51 52 54 54 49 42 39 36 31 29 36 42 49 55 59 70 72 61 49 47 45 44 44 47 48 50 53
140 141 143 146 144 142 147 147 136 130 130 131 128 125 124 122 118 115 114 112 108 106 103 100 97 92 91 94 97 98 98 96 94 92 90 89 88 87 85 84 84 83 82 81 81 80 80 79 79 79 79 79 79 79 80 81 82 84 84 81 78 81 83 79 72 65 59 56 52 50 51 55 56 49 42 41 38 33 31 40 49 56 59 65 77 74 57 47 45 43 42 43 45 47 50 51
135 133 129 128 128 128 136 141 133 128 130 132 129 126 124 121 117 113 111 110 108 106 103 101 97 90 88 91 94 96 96 96 95 93 91 89 88 86 85 84 83 82 81 81 80 80 79 79 78 78 78 78 78 78 78 78 78 79 79 79 79 82 85 85 83 79 73 66 60 54 52 56 56 46 41 41 40 36 35 44 53 59 63 71 79 71 53 46 44 42 41 41 43 44 47 48
134 132 127 123 119 116 120 126 123 117 117 118 117 116 116 115 112 109 107 107 106 104 102 100 98 95 90 89 90 91 93 94 95 94 92 90 88 86 85 84 83 82 81 80 80 79 79 78 78 77 77 77 77 77 77 76 76 76 76 76 77 78 80 82 84 86 84 80 73 65 61 61 57 46 41 42 42 39 38 47 56 62 68 78 76 60 46 43 42 42 42 42 42 41 42 44
132 130 128 125 122 119 118 120 117 110 106 107 108 108 108 109 109 107 105 103 102 102 101 100 100 100 94 89 86 87 88 89 91 93 93 91 89 87 85 84 83 82 81 80 79 79 78 78 77 77 77 76 76 76 75 75 75 75 74 74 74 75 76 77 78 80 82 83 83 82 80 74 63 51 46 47 47 43 41 48 58 66 75 79 70 49 40 41 44 44 42 44 46 44 45 50
129 128 127 125 123 121 120 119 115 110 108 108 109 109 108 108 107 106 104 102 101 100 99 99 100 100 96 90 86 85 85 85 87 89 92 91 89 87 85 84 82 81 81 80 79 78 78 77 77 76 76 76 75 75 75 74 74 74 74 73 73 73 73 74 74 74 75 77 80 85 88 86 76 62 56 55 53 49 43 49 60 71 78 74 59 44 39 41 45 45 41 43 47 51 56 61
126 124 124 124 121 119 118 117 114 113 112 111 110 110 109 108 107 106 104 103 102 100 98 97 97 98 96 91 87 84 83 84 84 86 88 89 88 87 86 84 82 81 80 79 79 78 77 77 76 76 76 75 75 74 74 74 73 73 73 72 72 72 72 72 72 72 72 73 75 77 80 81 79 71 64 60 56 50 44 51 65 74 75 65 49 41 40 42 46 45 43 41 41 53 60 62
122 120 119 121 119 116 116 115 113 113 112 111 110 109 109 108 107 106 104 103 102 100 97 95 95 96 95 92 88 84 83 83 83 83 84 85 86 86 86 84 83 81 80 79 78 78 77 77 76 76 75 75 74 74 74 73 73 72 72 72 72 71 71 71 71 71 71 71 72 72 72 72 73 73 70 66 57 48 45 55 70 74 68 55 44 39 41 43 46 49 51 45 46 61 63 61
119 115 114 116 116 115 115 114 113 112 112 111 110 109 109 108 107 106 104 102 101 99 97 95 94 94 94 93 90 86 83 82 82 81 82 84 85 86 85 84 83 81 80 79 78 78 77 76 76 76 75 75 74 74 73 73 72 72 72 71 71 71 70 70 70 70 70 70 70 69 69 69 70 71 72 71 61 49 47 63 73 71 62 52 46 44 46 48 51 57 62 62 68 71 66 61
118 112 106 107 111 114 114 113 113 113 113 112 111 110 109 108 107 106 104 102 100 98 97 96 93 91 92 93 93 88 83 80 80 80 81 83 84 85 85 84 82 81 79 78 78 77 77 76 76 76 75 75 74 74 73 73 72 72 71 71 71 70 70 70 70 69 69 69 69 68 68 68 68 69 70 71 66 54 56 70 73 65 57 53 52 55 58 57 58 61 62 63 69 69 63 59
117 106 92 94 104 110 112 114 115 117 117 114 112 110 109 108 107 106 104 102 100 98 97 95 92 88 90 92 92 90 85 80 79 80 80 80 81 82 83 84 83 81 79 78 78 77 77 76 76 76 75 75 74 73 73 72 72 71 71 71 70 70 70 69 69 69 69 68 68 68 67 67 67 67 68 68 67 62 66 73 69 57 50 50 49 50 53 54 56 57 59 61 65 65 59 56
118 101 81 87 98 109 115 118 119 122 121 117 113 110 109 108 107 105 104 101 99 98 96 95 92 90 89 89 90 89 87 83 80 79 79 79 78 78 80 82 83 81 80 79 78 77 77 77 77 76 76 75 74 74 73 72 71 71 71 70 70 70 69 69 69 68 68 68 68 67 67 66 66 66 66 66 65 66 71 72 63 49 44 44 42 42 46 52 58 61 62 63 64 62 58 56
129 109 94 94 103 118 128 128 126 127 125 119 113 110 109 107 106 105 103 101 99 97 96 94 94 92 90 88 87 88 88 86 82 79 77 77 76 75 76 78 80 80 80 80 79 78 78 77 78 78 78 76 75 74 73 72 71 71 70 70 70 69 69 69 68 68 68 68 67 67 66 66 66 65 65 64 64 64 67 65 53 43 40 39 39 43 52 61 63 65 64 64 64 62 60 60
147 107 100 106 113 122 136 138 133 130 127 120 113 110 108 107 105 103 102 101 99 97 95 94 94 93 91 88 86 86 88 87 84 80 76 74 74 74 74 74 74 75 77 78 79 80 80 79 81 83 83 80 76 74 73 72 71 71 70 70 69 69 69 68 68 68 68 67 67 67 66 66 65 65 65 64 63 62 60 54 40 36 39 40 42 51 64 67 65 64 64 64 63 60 60 62
121 107 109 116 120 122 127 133 132 128 124 117 111 108 106 105 103 102 101 101 99 97 95 94 93 92 91 90 87 86 87 87 86 84 80 75 73 73 74 73 71 70 71 72 74 76 76 76 77 80 82 82 79 76 73 72 71 71 70 70 69 69 69 68 68 68 67 67 67 66 66 66 65 65 64 64 62 60 57 48 31 29 37 42 50 64 69 69 66 65 63 62 61 58 58 60
109 116 120 119 116 111 112 116 116 114 113 111 108 105 103 102 101 100 100 100 99 98 96 94 94 93 91 90 87 85 85 85 84 84 82 80 77 75 74 73 71 69 69 69 69 69 69 69 71 71 71 73 75 75 73 71 71 71 70 70 69 69 69 68 68 68 67 67 67 66 66 65 65 65 65 64 62 60 57 49 28 23 33 43 60 72 73 70 68 67 65 63 61 59 59 61
101 106 113 108 101 99 100 99 98 100 103 106 104 101 100 100 99 98 99 100 100 99 96 95 96 96 92 88 87 85 84 82 81 80 80 81 81 79 77 75 73 73 72 72 72 72 72 73 74 72 68 67 68 70 71 71 71 71 70 70 69 69 69 68 68 67 67 67 66 66 66 65 65 65 65 64 63 61 58 49 27 18 29 47 68 74 74 72 70 70 69 67 65 63 62 63
91 91 93 92 90 88 85 84 90 96 102 103 102 99 97 97 97 97 97 98 99 99 98 97 98 97 93 88 87 86 83 81 79 77 76 77 78 79 79 79 77 76 74 74 75 76 77 79 79 77 74 71 69 68 69 71 71 71 71 70 70 69 69 68 68 67 67 67 66 66 66 66 65 65 65 64 63 61 59 51 31 17 30 59 74 75 72 70 69 70 69 68 67 65 63 63
88 87 86 86 84 79 77 80 89 98 102 101 99 98 96 94 93 93 94 95 97 97 98 99 100 98 93 89 88 86 84 82 80 77 75 73 72 73 75 78 80 79 76 74 74 75 77 78 79 79 78 75 72 70 70 71 72 72 71 71 70 69 69 68 68 67 67 67 66 66 66 66 66 65 65 64 64 63 62 57 42 22 35 67 76 75 73 71 69 68 69 69 68 66 61 58
88 86 83 83 81 78 78 84 91 96 98 97 97 96 93 91 89 88 90 92 93 93 95 101 106 101 93 89 86 84 83 82 82 81 79 75 70 69 69 71 74 77 76 74 73 73 75 76 76 77 78 77 75 73 73 73 74 74 73 72 71 70 69 68 68 67 67 67 66 66 66 66 66 65 65 65 65 65 65 64 61 53 66 79 77 73 72 72 71 71 72 72 72 68 61 58
89 87 86 86 84 81 82 85 88 89 91 95 96 94 91 87 84 84 85 89 91 92 98 106 111 103 91 87 84 82 81 81 82 83 83 81 77 72 70 69 69 71 73 73 72 71 72 73 74 74 74 75 75 74 73 73 75 76 76 75 73 71 69 68 68 67 67 67 67 66 66 66 66 66 66 66 66 67 67 68 72 89 114 104 89 77 73 72 72 75 77 77 75 72 72 76
92 92 91 89 87 85 83 81 80 81 88 95 96 92 88 82 79 80 84 88 93 99 105 107 103 92 86 84 82 81 80 80 80 80 81 83 83 80 75 73 71 70 70 72 72 71 70 71 72 72 71 71 72 71 70 69 71 74 78 80 76 72 69 68 68 67 67 67 67 67 66 66 66 66 67 67 67 68 69 71 76 91 113 114 103 93 84 79 77 80 81 78 73 72 74 80
92 91 87 84 85 85 83 79 75 77 86 93 92 88 83 79 77 77 82 90 101 108 108 97 81 77 81 81 80 80 79 79 79 78 78 79 81 81 78 74 73 72 72 72 73 73 71 70 71 71 72 71 71 70 67 66 66 69 75 80 77 72 69 68 68 67 67 67 67 67 67 66 67 67 67 67 68 69 70 73 77 86 101 109 107 103 97 89 87 88 83 74 73 74 73 75
88 85 79 77 80 83 82 78 73 77 83 86 83 80 78 76 76 75 78 91 106 112 98 78 65 68 76 79 79 79 79 79 79 78 78 77 77 79 78 75 71 70 71 73 74 74 73 72 71 72 73 74 74 71 66 63 64 66 69 70 69 68 68 68 68 67 67 67 67 67 67 67 67 67 67 68 68 69 71 73 77 83 93 101 102 103 100 95 93 90 82 75 79 81 80 81
85 82 76 74 75 76 77 74 67 70 76 78 75 75 76 76 77 76 80 90 99 98 77 65 59 65 74 77 78 78 79 79 79 79 79 78 77 76 77 77 72 68 69 72 74 75 75 74 74 75 76 78 78 75 69 65 67 68 67 64 61 63 66 67 68 68 67 67 67 67 67 67 67 67 68 68 69 70 71 73 76 81 89 97 100 100 99 97 94 87 80 82 87 87 87 89
85 83 79 77 76 76 74 68 59 62 67 66 62 62 63 68 74 78 85 87 78 56 55 56 57 66 73 76 77 78 78 79 81 81 80 78 77 76 76 76 73 68 67 69 72 74 75 74 74 75 77 82 81 77 75 77 77 75 71 67 63 63 65 67 68 68 68 68 67 67 67 67 68 68 68 68 69 70 71 73 75 79 84 92 98 99 99 97 92 85 81 84 86 86 86 88
84 82 80 80 81 80 76 69 61 67 68 63 57 55 56 65 70 76 80 73 56 43 44 51 58 68 74 75 76 76 77 80 83 84 81 78 77 76 76 75 73 68 65 65 66 68 71 72 73 73 75 79 78 74 75 81 83 80 75 71 68 65 65 67 68 68 68 68 68 68 68 68 68 68 68 69 69 70 71 73 74 77 80 85 90 93 95 93 88 83 82 82 82 83 82 83
82 79 78 81 82 79 75 71 77 83 79 71 66 65 69 76 75 78 75 63 50 47 49 57 65 72 75 75 74 73 75 79 82 82 80 78 78 77 76 76 74 70 67 63 61 61 63 66 69 71 72 72 67 68 73 77 79 79 76 73 70 67 67 68 69 69 69 68 68 68 68 68 68 68 68 69 70 70 71 72 74 75 77 80 83 85 87 86 84 81 80 79 79 79 79 79
81 79 79 80 78 72 69 70 80 91 89 81 74 73 79 83 82 83 75 52 48 53 59 69 76 78 77 76 75 74 76 78 78 78 78 79 79 78 77 76 75 74 71 67 63 60 60 62 65 68 69 66 63 64 70 74 77 78 77 75 72 69 69 70 70 70 69 69 69 69 69 68 68 69 69 69 70 70 71 72 73 74 75 77 78 80 80 80 80 79 78 77 77 76 76 76
82 82 80 78 74 69 66 65 71 80 85 82 81 79 83 85 87 85 70 49 48 56 67 79 85 83 79 76 77 79 81 79 77 76 77 80 81 81 80 78 77 76 75 73 71 67 66 67 69 70 68 65 64 64 68 71 74 76 77 77 75 73 72 72 72 71 70 70 70 69 69 69 69 69 69 70 70 70 71 71 72 73 74 75 76 76 77 77 76 76 75 75 74 74 74 73
83 83 80 78 77 73 69 66 67 71 75 80 85 88 88 89 88 79 63 52 50 58 71 81 83 76 75 76 78 81 82 81 79 78 77 79 81 83 83 81 79 77 76 76 75 75 75 75 73 71 68 66 65 65 67 69 71 73 74 75 75 75 76 76 75 73 72 71 70 70 69 69 69 69 70 70 70 70 71 71 72 72 73 73 74 74 74 74 74 74 73 73 72 72 72 72
81 81 80 81 82 80 78 76 73 71 73 76 81 87 90 87 81 72 61 54 55 64 74 76 68 63 70 75 78 80 81 81 82 80 79 79 81 82 85 85 82 79 78 76 74 74 75 74 71 68 67 66 65 64 66 67 68 70 72 72 71 72 75 77 78 77 75 73 71 70 70 70 70 70 70 70 70 71 71 71 71 72 72 72 73 73 73 73 72 72 72 72 71 71 71 70
79 79 79 80 80 79 80 80 77 74 74 74 75 81 84 80 77 74 65 60 67 77 78 68 57 61 69 74 77 79 80 82 84 85 84 83 82 81 83 86 85 82 80 77 74 73 72 71 69 67 66 65 64 63 64 65 65 67 69 69 68 68 69 73 76 78 78 76 73 72 71 71 71 71 71 71 71 71 71 71 72 72 72 72 72 72 72 72 71 71 71 70 70 70 70 69
78 78 79 78 77 77 77 78 76 75 75 73 72 71 71 72 73 73 68 71 82 85 74 61 59 65 71 74 76 78 80 83 86 89 91 90 87 85 84 85 86 85 82 80 77 73 72 71 69 67 65 64 64 64 64 63 63 64 65 66 67 67 67 69 71 74 76 76 74 73 73 73 73 72 72 72 72 72 72 72 72 72 72 71 71 71 71 71 70 70 70 69 69 69 69 68
78 79 79 77 76 76 77 76 76 76 75 73 70 65 64 66 69 69 67 74 80 74 64 62 64 68 73 75 76 78 81 83 86 90 93 95 94 91 89 87 87 87 85 83 79 74 70 68 66 66 64 64 63 63 64 63 62 63 62 63 64 65 66 67 69 71 72 72 73 74 75 77 76 74 73 73 73 73 73 73 72 72 72 71 71 71 70 70 70 69 69 69 68 68 68 67
77 77 77 76 75 76 76 76 76 76 75 75 73 72 73 73 72 70 71 75 71 60 60 65 66 68 72 76 78 80 83 84 85 88 92 96 99 98 94 91 90 90 89 86 84 79 73 68 65 64 64 64 63 62 61 61 61 62 62 61 61 61 63 65 67 68 68 68 68 70 74 78 80 78 77 76 76 75 75 74 74 73 72 72 71 71 70 70 69 69 69 68 68 67 67 67
76 75 75 75 76 76 77 77 76 77 78 79 80 84 87 87 82 77 77 75 65 59 62 65 64 65 69 74 78 82 84 85 86 87 90 93 98 101 99 95 94 94 93 91 89 84 78 71 66 64 63 64 64 63 63 61 60 60 61 62 62 61 62 63 65 65 64 63 62 64 68 73 78 82 82 82 81 80 78 76 75 74 73 72 71 71 70 70 69 69 68 67 67 67 67 66
75 74 73 73 75 76 77 76 76 78 80 83 86 90 91 91 87 82 78 73 66 64 64 63 62 64 68 71 74 79 84 86 87 86 87 91 96 101 101 99 97 95 94 94 92 88 81 74 67 63 62 62 61 62 63 63 61 60 60 61 62 61 62 64 65 64 63 60 59 61 64 65 69 75 79 82 84 84 83 82 81 78 75 73 72 71 70 70 69 69 68 67 67 67 67 66
74 73 71 71 72 74 75 75 74 77 80 82 85 87 88 88 85 81 76 69 67 68 67 62 60 63 65 67 71 77 82 86 86 83 83 90 97 101 102 101 99 96 95 95 94 92 85 76 70 66 63 61 59 59 60 61 61 61 61 61 61 61 61 63 63 63 63 60 57 59 62 62 63 64 68 74 78 80 81 83 86 84 79 75 73 72 71 70 69 68 68 67 67 67 66 66
71 70 68 69 70 71 72 73 72 73 75 76 76 77 80 82 81 79 74 68 66 70 70 62 58 60 61 62 67 75 81 84 82 76 82 92 99 99 99 101 100 97 95 94 94 93 88 79 72 68 66 64 61 59 58 58 59 60 60 60 60 61 61 61 61 61 61 60 57 57 59 61 63 63 65 68 71 73 74 77 82 86 84 79 75 73 71 70 69 69 68 68 67 67 66 66
