windninja/windninja_output/Output_2025-08-09_1000-1050_Google earth_Fire_150m_10min/merlingen_7.5mi_point_08-09-2025_1040_150m_ang.asc
ncols	158
nrows	163
xllcorner	391686.332397
yllcorner	5160024.123721
cellsize	150.000000
NODATA_value	-32768.000000
[rows 0 to 54 of 163, columns 0 to 95 of 158]
72 72 72 72 73 76 76 72 71 72 71 64 54 50 56 66 77 82 85 93 97 84 70 69 74 81 81 75 72 73 73 73 74 73 72 76 81 82 83 81 77 75 76 77 80 83 86 88 83 78 74 72 72 72 72 71 70 70 72 72 70 67 66 64 61 58 59 63 68 70 69 67 65 63 62 63 64 66 68 68 66 62 62 65 67 66 61 60 61 58 56 57 56 53 52 54
71 73 74 74 75 76 75 74 75 75 72 64 54 52 58 67 74 80 85 90 92 86 75 72 74 77 78 76 75 74 74 74 74 74 75 77 78 79 80 79 77 76 76 77 79 80 81 83 83 80 77 76 75 73 72 71 70 70 71 71 70 68 67 65 63 61 62 65 68 69 68 66 65 64 64 63 63 65 67 66 64 62 63 65 66 65 62 60 61 60 59 60 58 57 55 55
71 73 74 75 77 75 73 74 78 78 73 63 55 57 62 69 73 77 81 83 83 85 84 78 74 73 73 75 76 75 75 76 75 76 77 77 75 75 76 75 76 76 76 77 77 77 76 76 76 78 78 76 75 73 72 71 71 70 69 69 68 68 67 66 65 65 66 67 68 68 66 65 65 66 65 63 62 64 66 64 60 61 64 63 63 64 61 59 59 60 62 63 61 59 58 57
69 71 72 73 75 74 72 74 76 75 70 59 56 62 68 73 75 76 77 77 78 81 84 81 76 72 70 70 71 71 72 74 76 78 78 77 76 75 75 75 75 75 75 76 76 75 74 72 70 70 72 71 69 69 70 70 71 71 70 68 67 67 66 66 65 65 66 68 69 67 65 65 66 67 66 65 64 65 65 62 57 59 62 61 63 64 58 55 56 55 57 59 59 57 56 56
69 71 70 71 73 73 75 78 77 73 66 58 58 65 74 77 76 77 76 75 76 80 84 84 79 73 69 66 65 66 67 68 72 75 76 75 74 74 75 75 74 74 74 74 73 73 72 70 69 68 67 67 68 68 69 69 70 71 70 69 68 67 66 66 66 66 66 68 69 66 64 66 67 66 65 66 68 68 65 61 58 60 62 61 63 64 61 57 55 52 52 54 55 53 52 52
73 74 73 71 72 74 77 80 78 73 67 63 63 70 78 78 77 76 75 75 76 80 86 90 85 79 72 68 66 65 65 66 68 69 69 71 72 73 73 73 72 73 74 73 72 71 70 69 69 67 65 65 67 68 69 69 70 70 70 69 68 66 65 65 65 65 65 68 68 64 62 65 67 66 63 63 66 68 66 61 60 64 65 63 63 64 63 63 63 58 54 53 51 49 49 49
75 77 77 76 75 75 78 79 76 72 69 68 69 75 80 79 77 74 73 74 75 79 84 92 92 85 79 74 71 68 68 69 68 66 66 68 70 71 71 70 71 72 73 73 72 72 71 70 68 66 64 65 65 67 68 70 70 70 70 69 67 64 62 63 64 64 65 67 67 62 60 62 64 62 60 61 63 64 61 57 61 64 65 64 64 65 65 67 71 70 67 63 58 54 53 54
74 76 79 81 80 79 78 77 74 73 73 73 74 77 80 80 77 74 73 72 74 76 79 85 92 89 84 80 76 72 73 73 71 69 69 70 70 70 70 70 71 72 72 72 73 73 72 70 68 66 65 66 65 65 67 69 70 70 69 68 66 62 60 60 61 62 65 67 66 62 61 62 62 59 59 61 63 62 56 56 63 66 64 62 62 63 64 65 68 73 76 74 70 67 62 62
75 76 78 81 83 82 80 77 76 76 78 79 79 80 80 79 77 76 74 73 74 75 75 78 85 89 85 81 78 76 78 77 74 72 74 74 73 71 71 71 72 72 73 73 73 73 71 71 69 66 66 68 66 65 68 70 69 69 69 67 66 64 62 60 60 62 65 65 63 61 62 65 64 61 60 61 63 61 55 58 66 68 65 61 59 59 59 60 60 60 62 65 67 66 62 66
75 76 78 79 80 81 80 79 78 79 80 82 85 85 82 79 77 77 75 74 74 74 74 74 76 81 84 80 78 78 79 78 75 75 75 74 73 72 72 72 72 73 73 73 74 73 72 72 70 68 68 69 67 69 71 71 71 70 69 68 68 68 67 66 66 67 67 65 61 59 62 66 65 63 61 62 63 61 56 59 64 66 66 64 64 61 60 60 56 52 51 55 59 58 60 68
76 77 78 78 79 79 79 79 79 80 81 83 86 88 86 82 80 79 79 77 75 73 73 72 71 73 76 77 77 79 79 78 77 78 77 74 72 71 72 72 71 72 72 72 73 74 73 73 72 71 73 73 71 74 75 75 74 74 72 71 72 73 73 75 77 75 72 67 61 61 64 65 64 62 61 62 64 65 62 61 62 62 62 64 68 68 66 67 63 54 54 59 60 57 61 68
77 77 78 78 78 79 79 79 80 80 81 83 86 89 89 86 83 82 81 81 79 76 74 71 70 69 69 73 77 79 79 78 79 80 78 75 73 72 73 73 72 72 71 70 71 72 72 73 73 75 80 81 80 82 82 81 78 77 76 76 78 80 83 88 89 86 81 73 66 66 66 65 63 60 58 58 60 62 63 63 61 60 59 60 64 65 66 69 64 55 59 65 64 61 66 69
77 78 78 78 78 79 80 80 80 81 82 83 85 87 90 90 89 86 83 83 82 80 76 73 70 68 68 73 78 79 80 79 79 79 77 75 75 75 75 73 72 72 70 68 69 68 67 68 73 78 83 85 86 87 89 89 85 79 76 77 81 84 90 97 100 97 91 85 79 74 70 66 64 61 57 56 56 58 58 58 59 60 59 60 61 60 63 66 60 52 60 66 65 63 70 71
78 78 79 79 79 80 80 80 81 81 82 83 83 85 88 90 92 92 88 85 83 81 78 75 71 68 69 72 76 77 79 80 80 79 76 76 76 76 76 74 74 73 71 71 72 71 67 64 68 75 79 82 83 85 88 92 91 84 75 74 78 83 87 93 98 99 98 100 101 92 77 71 69 65 61 60 62 63 60 58 61 64 64 64 63 60 63 65 60 56 64 69 67 67 73 75
78 78 79 80 80 80 80 80 81 81 82 83 84 84 85 87 90 93 92 88 84 81 78 74 72 70 70 72 74 75 77 79 80 79 77 77 75 74 74 74 75 73 73 77 78 76 74 70 66 67 71 74 75 77 80 84 86 82 72 71 75 78 81 81 82 87 92 98 108 114 98 82 75 70 66 67 70 69 67 68 71 71 69 68 65 64 67 66 62 62 71 75 74 74 79 80
78 79 79 80 80 80 81 81 81 82 82 83 85 86 86 86 86 87 89 88 84 80 77 74 72 72 72 71 72 73 75 77 76 75 76 77 76 75 74 74 75 73 73 75 75 72 73 75 71 66 66 66 65 67 68 68 71 71 67 70 74 76 76 73 70 74 81 86 93 111 119 100 86 76 71 72 72 70 71 75 77 75 73 72 70 69 70 69 67 66 71 76 76 76 79 83
79 79 80 80 80 81 81 81 82 82 83 84 85 89 91 88 85 83 83 84 82 79 76 74 73 73 72 71 71 72 75 74 72 72 74 76 78 77 74 73 72 71 71 71 69 68 68 69 71 72 68 64 63 64 63 62 63 63 63 68 73 75 74 69 67 71 75 79 82 89 106 110 99 90 81 75 71 71 74 76 73 71 73 73 73 74 72 72 74 73 70 70 70 71 73 77
79 79 80 80 80 81 81 82 82 82 83 84 85 89 93 91 87 83 81 80 80 78 77 76 75 73 72 73 74 74 74 72 68 68 69 72 74 73 71 70 69 70 71 70 68 68 68 66 67 71 72 68 65 64 63 62 62 61 61 66 71 72 70 66 67 70 73 75 76 77 84 95 99 99 94 82 75 75 77 75 72 72 73 71 71 73 73 72 76 80 77 70 68 68 68 69
80 80 80 80 81 81 82 82 83 83 83 84 85 87 90 91 89 85 82 80 79 78 78 78 77 75 74 74 76 76 73 68 65 65 67 69 70 71 70 70 71 70 70 69 68 69 70 70 68 69 71 72 69 66 64 63 63 62 62 65 69 70 67 66 68 71 72 72 72 74 77 78 83 88 91 91 87 84 80 77 77 78 76 72 68 67 67 69 73 77 79 74 70 69 66 64
80 80 81 81 81 81 82 82 83 83 83 83 85 86 88 89 88 85 82 80 79 78 78 78 77 75 74 74 74 73 70 65 64 66 69 71 72 72 71 70 69 67 67 67 67 69 70 71 70 70 71 71 71 69 66 64 63 63 64 66 68 69 69 69 71 72 72 70 70 73 72 69 70 73 75 79 81 81 80 78 78 79 77 72 67 65 65 66 70 74 75 71 70 70 68 65
81 81 81 81 81 82 82 83 83 83 83 84 84 85 85 86 85 83 82 80 79 78 77 76 75 74 73 73 72 70 66 63 63 66 68 69 70 69 67 66 65 65 65 66 68 70 70 69 69 70 70 70 71 72 70 67 65 63 64 65 66 68 70 71 71 73 72 71 72 71 67 64 66 70 70 64 62 65 69 73 75 75 74 72 69 67 65 65 69 73 72 66 67 69 70 68
81 81 81 82 82 82 82 83 83 83 83 84 84 84 84 84 83 82 81 79 78 77 76 75 74 73 72 71 70 68 65 61 62 65 66 66 66 65 64 63 63 63 64 66 69 70 70 69 68 69 69 69 70 71 72 71 69 67 64 63 63 66 70 70 72 73 73 72 72 68 62 60 64 70 70 61 54 56 60 65 69 70 70 71 69 66 64 65 70 72 68 59 60 66 68 68
81 81 81 82 83 83 83 83 83 83 84 83 83 83 83 83 82 81 80 79 78 77 75 74 73 71 70 69 68 67 64 61 64 67 68 68 67 65 63 63 63 62 64 66 68 69 69 68 67 67 69 69 69 70 70 71 71 69 64 62 63 66 70 71 73 74 72 71 68 61 58 58 63 68 68 60 51 54 57 59 60 61 65 68 68 66 63 65 69 69 64 51 54 63 66 67
82 82 82 83 83 83 83 83 83 83 84 84 83 82 82 82 81 80 79 78 77 75 74 72 71 70 68 67 68 68 67 66 68 69 69 69 69 67 66 65 64 63 64 65 68 69 67 66 66 67 69 69 69 69 69 69 70 69 64 62 63 67 71 75 78 75 71 68 63 59 57 59 65 69 66 57 50 57 60 58 57 57 59 62 65 68 68 68 69 68 62 48 53 64 66 67
82 82 83 83 83 83 83 83 84 84 84 84 83 82 82 81 81 80 79 77 76 75 73 71 69 67 65 66 69 72 71 71 72 71 69 68 67 68 68 67 66 64 64 65 68 66 63 64 66 68 69 69 69 69 68 68 68 67 64 63 65 69 74 78 79 75 70 65 61 61 61 65 70 70 62 53 55 66 66 61 58 56 55 56 60 66 70 72 72 70 60 46 54 63 66 66
83 83 83 84 84 84 84 84 84 84 84 83 83 83 82 81 80 79 78 77 76 74 73 70 67 63 60 63 69 72 73 74 75 72 68 65 64 67 70 70 67 66 66 69 68 63 62 64 65 67 68 69 71 71 70 68 65 63 63 66 71 76 78 76 70 66 63 58 57 60 66 73 75 70 57 48 56 70 73 65 60 56 52 51 55 59 61 65 71 70 58 43 51 60 63 64
83 83 84 84 84 84 84 84 85 84 83 83 83 83 82 81 80 79 77 76 75 74 72 69 65 59 55 61 67 69 70 74 78 77 72 65 62 66 70 70 68 68 70 70 67 60 59 62 65 65 64 67 70 72 72 67 59 59 63 68 77 84 83 74 65 59 54 51 53 60 69 76 75 67 52 42 53 66 74 73 67 60 54 52 54 55 52 54 63 67 58 44 49 56 59 60
84 84 84 84 85 84 85 85 85 84 83 83 83 82 82 81 80 78 77 76 75 73 71 67 63 57 54 60 63 63 65 71 76 79 78 71 65 67 69 69 68 69 70 68 64 58 56 59 62 63 61 62 65 68 70 61 51 55 63 70 79 84 82 73 65 58 51 48 54 63 72 74 70 62 49 39 51 62 68 74 75 66 61 59 60 57 50 51 59 61 57 49 51 55 56 56
84 84 84 85 85 85 85 85 85 84 83 83 82 82 82 81 80 78 77 76 74 73 70 67 62 56 54 58 58 56 59 65 69 72 75 74 69 68 70 68 65 67 67 65 62 56 55 57 60 61 58 59 62 65 65 52 42 54 65 74 80 78 73 66 62 57 50 49 59 69 73 70 63 56 46 42 53 64 66 70 77 74 68 68 67 62 56 56 60 59 57 55 57 60 58 56
85 85 85 85 85 86 86 86 85 84 83 83 82 82 81 81 80 78 77 76 74 72 70 67 63 58 57 59 55 51 53 58 61 66 70 67 63 66 68 65 62 62 60 60 58 54 55 56 58 56 52 54 58 60 58 46 40 56 68 77 81 76 66 60 59 58 51 52 66 75 75 68 60 53 46 46 56 63 67 71 77 80 76 73 70 66 64 64 62 59 56 57 61 67 68 64
86 86 86 85 86 86 86 85 85 84 84 83 82 81 81 80 79 78 77 76 74 72 70 67 64 61 61 61 56 52 55 58 60 65 67 60 56 64 67 64 61 59 56 56 54 52 55 58 60 56 51 54 56 58 55 45 45 62 73 78 79 73 65 60 61 61 56 58 71 78 79 70 62 56 47 46 51 57 63 69 73 77 78 75 70 66 65 65 62 59 56 58 62 72 81 79
86 86 86 86 86 87 86 85 85 84 84 83 82 81 81 80 79 78 77 76 74 72 70 67 65 64 63 60 56 55 60 64 65 68 68 57 56 67 68 64 61 59 57 58 56 55 60 65 65 62 60 61 60 60 57 46 50 65 76 79 76 66 58 59 64 66 61 63 73 78 76 69 65 59 49 46 48 53 60 65 67 65 71 75 74 72 70 68 65 63 62 61 63 71 83 87
86 87 87 87 87 87 86 86 85 84 83 82 82 81 80 79 78 77 77 76 74 72 70 68 67 66 63 57 51 52 59 64 66 68 69 60 61 70 70 64 62 61 60 61 60 60 66 68 66 65 67 67 65 63 58 49 52 63 72 77 74 61 50 54 63 68 66 66 71 73 69 65 64 58 49 45 45 50 58 63 62 58 64 72 75 76 75 72 68 67 67 65 65 70 77 83
87 87 87 88 88 87 86 86 85 84 83 83 82 80 79 78 77 77 76 75 74 73 71 69 68 66 62 56 50 53 61 64 64 66 68 64 64 70 67 63 62 60 60 62 63 65 69 68 66 68 68 68 69 67 62 57 59 64 67 69 68 58 45 51 61 65 68 72 72 70 66 62 61 55 48 45 45 49 55 58 56 54 60 67 70 69 70 69 65 64 64 65 68 72 74 76
88 87 87 88 88 87 86 85 85 84 83 83 81 80 79 78 77 76 75 74 74 73 72 71 69 66 62 58 56 62 68 68 65 66 66 62 60 65 63 60 60 59 61 63 66 70 71 68 68 70 70 70 70 69 67 67 69 70 68 67 65 57 44 48 58 62 67 74 78 75 68 62 59 54 50 48 48 53 56 55 52 51 54 62 66 63 63 64 62 60 60 63 68 73 76 74
88 88 88 88 88 87 86 85 84 83 83 82 81 80 79 78 77 76 75 74 74 73 72 72 71 68 64 60 60 69 75 73 70 69 66 60 53 58 61 59 59 60 62 64 67 70 69 68 69 69 68 68 68 68 68 69 71 72 72 70 68 62 50 49 56 60 64 71 80 81 72 64 61 56 55 54 53 60 64 61 55 51 53 59 64 64 62 61 59 58 59 62 67 72 76 75
89 90 90 89 88 86 86 85 84 83 82 81 80 79 78 77 76 76 75 74 74 73 72 72 71 70 67 62 63 73 79 78 75 72 68 60 52 53 58 60 60 62 63 65 67 68 66 67 68 67 67 66 65 66 67 67 67 68 70 70 70 66 57 52 55 59 63 69 76 76 70 68 66 63 59 54 52 57 64 68 64 57 55 57 62 67 64 59 57 58 60 63 67 71 73 70
90 90 90 90 88 86 85 84 83 82 81 80 79 78 77 77 76 75 74 74 73 73 72 72 71 70 68 63 67 77 80 78 76 73 69 61 53 51 57 60 60 63 64 65 66 67 65 65 65 66 68 67 64 65 67 66 64 63 64 67 68 65 60 55 56 62 67 71 71 64 61 65 67 65 57 53 52 49 56 64 64 59 56 55 60 65 62 57 59 61 62 64 67 72 72 64
91 91 90 89 87 86 84 83 83 82 81 79 78 77 77 76 76 75 74 74 73 73 72 72 71 71 69 68 75 79 78 76 75 72 67 59 49 52 58 59 60 62 63 64 65 65 64 61 59 61 65 64 61 62 65 64 60 58 59 61 61 59 56 52 55 64 73 75 69 58 57 62 63 58 49 52 53 39 48 57 57 54 54 55 62 63 57 53 58 60 61 64 73 77 73 63
92 92 90 88 86 85 83 83 82 81 80 78 77 77 76 76 75 74 74 74 73 72 72 72 72 72 72 75 80 80 79 78 75 71 66 54 46 51 56 58 61 63 65 64 62 62 62 60 57 59 63 62 57 56 59 57 52 51 53 54 52 51 51 52 54 63 73 74 66 59 63 65 62 52 45 54 53 28 38 50 49 48 54 61 66 66 60 54 55 57 57 65 76 77 71 64
92 92 90 87 86 84 83 82 82 80 79 78 77 76 76 75 74 74 74 73 73 72 72 72 72 72 74 77 80 80 80 80 77 72 62 52 49 52 55 57 59 62 64 63 61 61 60 58 55 57 62 63 57 54 55 53 48 48 52 53 51 48 50 54 56 61 70 70 64 64 67 66 63 52 48 57 50 20 29 45 45 44 51 60 66 67 63 55 53 55 56 65 72 74 71 67
91 91 89 87 85 83 82 82 80 79 78 77 77 76 75 74 74 73 73 73 73 72 72 72 72 72 74 76 77 79 80 79 76 70 59 52 54 58 59 58 57 58 58 58 59 58 55 52 50 54 61 62 58 56 58 57 53 52 57 58 54 50 52 55 56 60 66 65 63 63 61 59 59 50 51 58 45 18 24 41 46 45 49 56 61 63 58 51 51 56 59 64 67 69 71 67
91 90 88 85 84 83 82 81 79 78 77 77 76 75 75 74 73 73 73 73 73 72 72 72 72 72 73 74 76 78 78 75 72 67 58 53 55 59 61 59 58 57 55 56 57 54 52 52 53 58 65 65 59 57 61 62 58 56 60 61 59 55 56 55 55 59 62 61 59 54 50 52 53 47 52 55 37 17 22 37 46 48 52 58 61 58 50 47 52 57 62 63 64 67 67 60
90 89 87 85 84 83 81 80 79 78 77 76 76 75 74 74 73 73 73 73 72 72 72 72 71 72 72 74 76 77 76 73 70 66 61 57 60 62 60 59 59 59 60 62 59 54 53 56 59 65 69 66 58 54 58 60 58 57 59 62 63 63 63 60 58 60 60 58 53 43 41 45 46 42 47 46 30 18 23 37 46 50 56 62 61 53 47 49 54 58 62 62 66 70 66 56
89 88 86 85 84 82 80 79 79 78 77 76 75 74 74 74 73 73 73 72 72 71 71 71 71 71 72 73 74 74 74 73 71 68 65 66 69 68 65 62 61 63 66 65 58 53 56 60 64 67 67 62 54 50 53 56 56 56 59 62 64 66 67 67 68 66 62 58 49 40 40 44 44 43 44 40 27 20 27 40 49 54 60 63 58 49 48 52 57 60 63 65 72 74 67 57
88 87 86 85 84 82 80 79 78 77 77 76 75 74 74 73 73 73 72 72 71 71 71 71 71 72 72 72 72 73 73 72 71 69 69 73 76 74 70 66 65 67 68 64 54 52 58 64 68 67 63 58 53 50 53 56 56 58 62 64 64 65 67 70 73 71 65 59 50 46 49 50 50 49 46 40 27 22 31 42 51 58 64 63 55 50 51 54 58 61 64 70 77 75 66 57
87 87 86 85 83 82 81 80 78 77 76 76 75 74 74 73 73 73 72 72 71 71 71 71 71 72 71 71 72 72 73 73 72 71 72 74 76 76 73 70 70 70 68 61 53 56 63 68 69 64 60 56 52 52 55 56 58 62 66 67 65 65 68 70 71 69 65 59 51 51 56 56 55 53 47 40 29 24 34 46 55 61 64 62 56 53 54 56 57 60 64 72 76 72 64 57
87 86 85 83 81 82 82 81 79 78 77 76 75 74 74 73 73 73 72 72 71 71 71 71 72 71 71 71 71 71 72 73 73 73 74 74 75 77 76 75 74 72 68 58 54 62 69 71 66 59 56 52 50 53 54 55 60 64 69 70 67 68 70 71 71 69 64 59 53 52 56 57 57 53 48 41 33 31 41 53 61 64 63 61 57 55 56 57 57 60 64 69 71 67 62 57
86 85 84 82 80 81 82 82 80 78 77 76 75 74 74 74 73 73 72 72 71 71 71 71 71 71 71 71 71 71 72 72 73 73 74 75 76 78 79 79 78 75 68 60 59 66 71 68 62 55 51 50 53 56 56 58 63 68 70 68 66 70 71 72 73 70 64 58 55 54 56 56 56 52 47 42 38 39 47 56 61 62 61 58 55 54 55 55 58 61 63 65 65 62 60 57
85 85 82 80 80 81 82 82 81 79 78 76 75 74 74 74 73 73 72 72 71 71 71 71 71 71 71 71 71 71 71 72 72 73 73 75 77 78 79 79 78 76 71 66 67 71 70 65 58 51 46 50 55 57 58 61 67 72 70 64 63 67 70 72 73 70 64 59 56 55 55 55 54 50 46 42 40 41 46 53 57 59 58 56 54 53 53 54 57 59 60 61 61 60 59 57
85 84 81 79 80 81 80 81 82 80 78 77 76 75 74 73 73 73 72 72 71 71 71 71 71 71 70 70 71 71 71 71 72 72 73 75 77 78 77 77 76 76 74 72 74 74 69 62 56 51 49 55 58 57 58 64 70 71 66 62 62 65 70 74 73 68 63 58 57 56 56 55 52 49 46 43 41 42 46 52 56 57 57 55 55 55 54 56 58 58 58 58 58 58 58 57
85 84 81 80 81 80 79 79 81 81 79 77 76 75 74 74 73 73 72 72 72 71 71 71 71 71 70 70 71 71 71 71 71 72 73 75 77 78 77 76 76 77 77 76 76 75 67 58 54 53 55 61 63 62 64 71 72 68 61 59 61 65 72 76 73 66 61 57 55 56 56 54 51 48 47 46 44 43 47 52 54 56 58 58 57 57 58 59 60 59 57 57 57 58 58 58
85 84 82 82 83 81 78 77 79 80 79 77 76 75 75 74 74 73 72 72 72 72 71 71 71 71 70 70 71 71 71 71 71 72 73 74 76 77 78 77 77 78 79 78 76 73 64 53 52 53 55 58 60 63 70 76 72 64 58 58 60 65 74 76 71 63 57 53 53 54 53 51 49 47 48 49 47 47 50 53 53 55 59 61 63 63 63 62 61 59 57 56 55 56 58 61
82 83 84 84 83 81 78 77 77 78 79 78 77 76 75 75 74 73 73 73 72 72 72 72 71 71 71 71 71 71 71 71 71 72 72 73 74 76 78 78 78 79 79 78 75 69 60 51 53 54 54 57 60 64 72 75 68 60 57 58 61 68 75 75 68 59 53 49 51 52 50 48 46 47 49 50 49 51 56 57 54 55 57 58 61 65 66 63 61 59 57 56 54 53 59 72
79 80 83 85 83 81 78 76 75 76 78 79 78 77 76 75 74 73 73 73 72 72 72 72 71 71 71 71 71 71 71 71 71 72 72 73 73 75 76 78 81 81 79 77 75 70 61 55 59 58 55 59 63 68 73 72 62 55 55 58 62 69 75 73 64 54 46 43 46 48 46 44 46 49 51 50 49 52 58 57 55 56 55 54 54 58 63 63 60 57 57 56 55 55 68 84
