windninja/windninja_output/Output_2025-08-09_1000-1050_Google earth_Fire_150m_10min/merlingen_7.5mi_point_08-09-2025_1050_150m_ang.asc
ncols	158
nrows	163
xllcorner	391686.332397
yllcorner	5160024.123721
cellsize	150.000000
NODATA_value	-32768.000000
[rows 106 to 158 of 163, columns 0 to 95 of 158]
90 88 83 79 79 79 78 77 77 80 84 88 91 94 95 93 88 82 75 68 65 67 67 62 62 65 68 71 76 83 88 93 95 92 92 99 108 115 118 119 119 121 122 123 126 127 124 114 106 97 91 86 83 81 80 81 81 80 79 78 78 79 80 81 82 81 80 79 78 77 77 77 77 79 84 89 93 95 94 96 99 100 96 92 90 88 86 85 84 82 81 80 79 79 78 77
90 86 81 79 78 77 78 80 81 83 86 88 88 86 87 88 86 81 75 68 66 71 72 66 62 64 66 67 72 82 90 94 93 87 91 102 111 116 116 118 122 122 122 124 128 130 131 124 114 105 96 90 86 82 79 78 79 80 79 78 77 79 80 80 80 79 78 78 77 75 74 76 77 78 80 84 87 90 92 93 97 102 101 96 92 89 87 85 84 83 82 81 80 79 78 77
90 85 80 79 80 80 82 84 85 85 83 82 80 77 79 82 84 80 73 69 72 76 77 71 64 63 65 65 69 80 89 91 89 84 93 106 112 113 113 118 124 124 123 126 129 132 135 133 122 110 100 93 89 86 82 78 77 78 79 77 76 77 80 80 79 78 77 76 76 75 73 74 77 79 79 80 83 87 90 90 91 96 102 101 96 91 88 86 85 83 82 81 80 79 78 77
90 86 83 84 86 87 85 84 82 80 77 75 73 73 76 81 84 76 67 69 76 82 81 76 69 64 65 64 70 80 86 87 86 84 94 105 109 109 114 119 122 120 122 128 132 132 136 140 131 118 105 96 90 87 84 81 77 77 78 77 75 75 77 77 77 78 78 77 75 74 73 73 76 78 79 80 81 83 86 88 88 90 97 102 100 95 90 87 85 84 83 82 81 80 79 77
93 91 90 91 90 88 84 80 77 75 74 73 71 72 77 84 86 73 61 67 76 85 87 82 77 71 67 66 71 79 85 85 83 83 92 101 107 111 117 119 114 113 120 128 133 133 137 144 140 126 113 101 92 87 85 83 79 78 78 78 76 74 73 72 73 75 78 79 76 73 73 74 76 77 78 79 80 80 82 85 87 89 92 97 100 97 93 89 87 85 84 83 83 82 80 78
96 95 93 91 88 83 80 78 76 74 72 73 75 77 81 87 88 73 60 65 73 83 92 89 83 80 77 73 71 74 80 85 83 82 91 101 109 115 119 116 113 111 114 123 131 134 138 145 146 136 122 108 96 88 86 84 81 79 78 78 77 75 72 70 70 72 74 77 77 75 75 76 76 75 76 77 78 78 79 82 86 88 90 92 95 96 94 91 88 86 85 85 85 84 82 79
97 95 91 87 84 81 79 77 76 73 70 73 80 83 85 88 90 78 63 65 69 77 89 94 85 86 90 89 80 72 72 79 83 86 95 104 111 115 117 115 113 107 105 114 128 136 138 143 147 143 132 117 102 92 87 85 82 79 77 77 76 75 72 71 70 70 70 71 74 77 77 78 77 75 75 76 76 76 76 78 82 86 88 89 90 90 89 88 87 86 88 89 88 85 83 80
96 93 89 85 83 82 81 78 75 71 70 76 82 85 85 88 92 94 80 69 67 71 79 87 85 88 95 98 93 80 72 73 81 91 100 106 109 108 109 108 104 98 100 110 124 134 136 138 145 147 142 131 112 96 89 85 83 80 77 75 74 73 72 72 72 70 68 67 69 72 74 77 77 75 73 74 76 76 75 74 77 83 85 86 86 85 82 81 81 83 89 92 90 85 81 80
92 89 86 84 83 82 82 81 76 72 75 81 84 82 81 88 97 119 117 79 68 67 71 78 86 91 94 95 96 93 79 73 79 91 100 105 103 102 102 100 94 95 102 109 119 128 133 137 141 146 148 145 127 103 91 86 84 82 78 76 74 72 71 72 72 70 68 67 67 67 69 73 76 75 73 73 74 76 76 73 75 78 79 80 80 78 75 76 77 83 89 90 86 81 78 78
90 86 84 84 83 81 80 79 77 78 85 90 86 77 77 88 103 130 150 98 78 70 68 74 84 91 91 89 91 98 88 76 78 87 97 103 104 101 97 93 93 100 105 107 113 124 134 138 138 142 149 153 143 115 94 87 84 83 80 77 74 72 72 72 72 70 68 67 67 66 66 68 71 75 76 74 73 74 76 74 75 76 76 74 73 69 69 73 78 84 87 84 79 74 74 75
93 88 84 83 82 81 77 75 77 85 94 96 88 74 77 89 103 132 166 130 98 85 77 76 78 85 88 85 90 99 97 82 76 82 93 102 105 100 92 92 98 104 105 104 107 119 128 132 131 134 145 155 157 132 100 88 85 84 82 79 75 72 72 73 73 70 68 68 67 65 64 64 66 70 75 77 74 73 74 75 76 78 76 71 67 65 66 72 78 83 83 78 72 69 72 73
97 89 84 82 82 82 79 77 81 87 94 98 93 80 80 87 97 125 162 149 120 102 93 83 78 79 82 83 89 98 100 90 81 83 90 98 101 95 89 94 101 104 102 100 102 108 116 123 128 131 140 156 165 149 110 90 85 84 83 81 78 74 73 74 73 69 68 68 66 65 63 62 62 63 68 74 75 73 71 72 76 79 77 69 65 65 67 72 77 79 76 72 68 69 73 72
102 89 83 82 83 84 84 85 87 88 89 94 99 92 84 83 89 114 150 152 135 114 102 95 89 84 83 86 87 90 98 103 101 97 94 90 89 86 87 94 98 97 95 95 95 99 110 120 127 131 137 155 169 164 124 94 86 84 83 82 81 78 77 75 71 68 66 66 65 65 64 62 61 60 63 66 69 71 71 71 74 77 75 69 67 68 69 72 75 73 70 67 64 68 73 71
108 91 83 84 87 86 87 90 92 91 86 89 102 101 87 81 86 104 136 150 144 126 112 105 101 96 94 94 91 92 101 112 113 106 97 87 82 81 87 90 87 85 86 88 91 95 102 113 122 127 130 148 169 174 141 99 88 85 84 83 83 82 81 78 72 68 66 64 63 65 65 64 61 60 60 61 62 65 69 72 74 74 72 69 70 72 71 72 72 69 66 63 60 65 70 71
113 92 83 84 87 88 89 92 95 94 88 90 103 107 92 83 86 95 119 142 147 136 122 112 106 104 102 102 103 105 105 108 109 103 96 90 85 85 89 87 79 76 80 85 89 90 93 103 114 119 122 135 163 180 156 103 90 86 85 84 84 82 81 78 74 73 73 70 67 67 66 65 64 63 61 58 58 61 65 70 73 73 72 70 72 74 73 72 70 67 65 61 56 60 67 73
133 98 88 84 83 84 86 91 96 98 91 92 103 116 99 85 84 91 105 128 142 138 128 118 111 108 107 108 110 111 109 105 102 100 96 92 91 88 88 90 83 78 79 83 85 87 91 97 102 107 112 124 152 184 171 106 91 87 86 85 83 79 75 73 71 77 84 88 84 75 69 66 67 67 63 58 56 56 60 64 68 71 72 71 73 74 73 70 67 67 64 57 53 59 68 75
179 108 97 89 79 77 79 82 89 95 94 95 105 125 111 89 82 84 92 105 124 131 128 123 114 111 110 112 113 112 112 108 103 101 97 93 92 87 84 92 92 84 79 78 82 87 90 92 92 93 98 108 138 191 178 111 91 87 84 82 78 72 70 70 69 74 82 91 99 92 79 72 70 70 67 62 56 54 55 58 62 67 70 70 71 71 68 64 64 65 61 53 52 63 73 78
171 114 102 94 83 78 77 76 78 83 89 97 107 127 119 98 83 77 78 90 104 116 121 119 114 113 113 112 114 115 116 112 104 102 99 94 92 88 83 87 95 90 79 74 76 82 86 87 87 86 89 96 115 202 169 106 90 85 83 78 71 68 70 72 73 75 77 80 91 100 92 84 78 74 71 68 62 58 56 54 56 61 65 67 67 67 63 59 62 63 59 51 53 67 76 79
148 112 102 97 89 84 80 76 75 76 81 92 105 118 118 106 89 74 70 79 94 105 112 114 113 111 111 115 121 122 122 113 105 104 101 94 92 91 86 84 93 94 84 76 74 76 81 84 84 83 85 85 81 285 63 79 79 79 80 77 70 71 74 74 76 78 76 74 77 87 96 94 90 86 81 77 73 68 62 57 54 57 61 61 62 62 57 55 61 63 59 52 56 68 75 75
129 105 99 98 93 87 83 80 78 77 77 82 91 103 110 107 96 80 69 72 83 99 108 109 109 111 117 126 129 132 129 114 105 104 102 95 93 95 89 85 90 96 92 82 76 75 77 80 80 82 82 77 61 10 356 50 65 70 73 73 73 76 75 74 75 76 76 73 71 73 82 91 95 98 96 92 89 85 76 68 62 61 59 58 59 58 51 51 58 62 60 55 61 71 73 69
119 101 98 99 95 88 85 86 84 79 75 74 77 89 99 107 105 91 79 75 80 93 108 112 117 125 131 135 137 140 138 116 104 102 103 96 92 95 94 89 89 98 100 91 81 78 77 77 76 77 76 71 52 15 359 31 57 67 70 71 74 76 75 73 74 75 74 72 70 68 70 79 89 96 102 105 105 101 94 85 76 71 63 58 56 53 48 50 57 62 62 59 65 73 72 64
127 102 97 100 97 91 89 91 89 82 73 68 70 78 93 106 110 101 95 92 99 107 114 123 125 128 133 136 137 144 144 122 104 98 99 96 92 92 94 92 91 98 108 103 89 82 79 76 72 70 70 65 43 14 5 23 54 69 73 72 72 73 73 73 74 74 73 71 69 67 68 73 81 88 96 105 114 115 110 102 91 81 72 63 57 49 43 45 52 58 60 60 67 72 68 61
133 105 98 99 101 97 94 91 89 85 77 70 68 71 80 96 106 106 109 119 123 120 116 117 118 116 116 120 131 141 145 130 109 96 91 90 91 91 91 92 92 98 110 116 102 87 79 73 67 66 67 59 34 12 9 24 54 71 74 73 72 72 71 72 73 73 71 70 69 68 68 71 76 83 90 97 110 120 119 116 110 96 82 72 62 50 42 42 45 50 52 55 62 65 63 58
127 104 97 98 101 100 98 94 91 88 86 81 73 67 70 78 96 110 120 125 128 124 110 102 101 101 105 111 118 130 139 135 117 101 88 83 84 87 87 89 92 98 107 118 116 97 82 69 63 64 62 53 27 13 15 27 54 69 73 73 71 71 70 71 72 72 70 69 68 67 68 69 72 76 83 91 101 114 119 120 120 115 102 85 71 59 50 46 47 49 50 52 53 52 52 52
130 104 96 98 102 100 99 98 96 95 95 91 82 74 71 76 91 109 120 125 126 123 114 101 95 97 101 103 108 121 131 135 128 112 96 84 78 78 83 87 90 95 102 114 122 112 89 72 65 64 58 46 23 16 24 33 54 67 71 72 71 70 70 71 71 70 70 69 68 66 67 69 69 70 75 83 93 104 111 117 121 124 122 110 93 77 66 60 60 60 58 56 51 45 43 43
134 109 95 95 100 100 97 95 97 101 101 97 91 87 85 85 92 103 114 120 123 125 123 112 98 94 96 100 104 115 124 133 138 127 109 93 81 76 77 82 87 93 99 107 118 119 100 79 71 66 54 40 25 22 32 39 53 67 71 71 71 72 72 72 71 70 70 69 68 66 67 69 68 69 71 76 85 95 100 106 117 127 131 126 116 102 87 77 75 72 68 63 56 46 41 40
127 111 97 93 98 103 99 90 90 98 105 104 101 98 97 97 97 99 103 111 120 126 127 124 108 93 86 94 102 108 117 126 140 140 123 109 96 84 78 78 85 91 95 100 107 113 105 87 76 66 50 37 30 29 38 43 53 65 70 71 71 74 75 73 72 72 71 70 69 67 68 69 67 68 71 75 81 88 91 95 106 121 133 134 128 123 116 103 90 81 73 68 61 50 43 42
122 111 102 97 98 102 103 94 87 88 100 109 108 106 106 108 107 102 98 102 116 128 132 129 116 94 81 84 93 99 106 114 131 143 134 122 110 97 87 83 85 88 91 93 94 92 93 89 76 62 48 39 35 36 41 44 52 64 69 69 71 73 73 72 72 72 73 73 71 70 70 70 68 67 68 74 82 88 91 92 96 108 125 133 132 132 131 124 109 93 82 73 64 52 43 43
123 112 106 102 99 99 103 103 96 88 92 102 104 106 113 118 114 107 100 98 106 125 132 129 121 101 84 78 83 92 99 105 118 135 138 130 117 106 98 93 89 88 90 89 81 74 75 75 65 56 49 42 39 42 44 45 52 64 69 71 73 72 70 70 71 72 72 73 76 78 75 72 70 67 67 71 78 85 93 94 94 96 107 120 126 131 134 132 124 107 93 79 68 57 44 42
114 107 105 104 99 98 101 105 105 97 91 92 97 104 112 118 116 109 104 100 99 109 122 124 126 115 95 82 79 86 95 100 109 123 134 134 125 114 105 100 95 90 88 83 73 67 64 56 52 53 49 44 43 46 47 46 55 66 71 73 74 71 69 69 69 70 70 72 78 85 86 80 74 69 67 68 72 77 88 94 95 92 93 102 114 123 129 132 130 119 105 90 76 64 51 46
107 98 98 100 98 98 99 100 101 100 94 92 96 101 107 111 113 110 108 103 97 98 108 117 128 127 111 94 84 83 89 97 102 111 125 134 136 126 111 103 99 93 86 76 69 65 58 47 46 51 50 47 47 49 49 49 58 69 73 74 73 71 69 69 68 68 68 70 76 85 94 94 85 76 69 67 68 70 74 84 91 91 90 95 105 114 118 124 127 123 115 103 90 77 63 56
127 101 93 93 96 98 98 95 94 95 97 99 104 105 104 106 109 110 108 102 96 96 102 111 125 134 123 106 94 86 82 88 96 103 113 129 142 137 114 103 100 96 84 71 66 61 55 46 45 50 51 51 52 52 51 54 65 74 75 74 72 70 69 68 66 66 67 71 75 81 91 102 103 98 85 72 68 66 66 71 81 87 89 94 100 102 103 108 116 121 116 104 95 89 82 79
137 115 96 88 91 96 98 97 95 96 99 104 112 113 109 107 106 103 101 96 94 96 102 108 119 132 132 116 102 90 80 80 90 98 105 118 138 141 119 104 98 91 80 69 61 57 53 45 44 50 53 54 55 54 56 63 73 77 76 74 72 70 68 66 64 65 67 71 75 78 85 98 109 113 111 96 77 69 64 66 71 78 86 94 94 87 88 94 99 101 93 83 83 87 97 109
125 118 106 95 89 89 93 100 103 103 103 109 117 117 113 108 101 95 90 88 89 93 99 105 113 125 132 123 109 98 87 82 84 90 97 107 125 136 124 106 92 81 74 67 59 57 52 46 47 53 56 58 56 57 64 73 79 78 76 74 72 71 68 63 61 64 68 72 76 78 82 91 105 115 121 117 96 79 70 68 70 74 82 87 83 78 83 84 77 57 43 52 64 76 92 112
111 110 111 108 95 83 86 97 104 107 113 114 116 116 112 105 99 94 90 86 85 88 93 99 107 117 126 127 117 110 104 93 85 83 90 101 115 126 122 104 84 73 69 63 59 58 53 49 51 56 60 62 61 65 73 78 79 77 76 74 73 73 69 62 59 63 68 73 75 77 80 86 96 108 118 124 110 90 81 76 77 80 82 80 78 83 86 77 56 37 32 43 57 69 81 95
102 99 105 111 106 97 91 93 98 106 115 117 114 111 108 103 99 97 100 98 90 85 84 90 98 108 118 125 122 118 117 106 93 87 89 95 107 113 110 94 77 69 65 61 59 57 54 52 55 59 61 65 72 80 82 80 78 76 75 74 75 74 70 64 61 63 66 68 70 73 75 77 84 98 111 122 111 94 90 89 89 86 83 82 86 90 85 62 41 32 35 50 65 75 81 85
138 93 95 106 115 114 106 100 100 102 106 112 112 105 104 102 100 101 107 113 105 92 86 85 90 97 105 114 117 118 120 117 108 98 91 90 97 98 89 75 68 66 63 59 57 56 55 55 58 59 61 68 80 92 95 88 80 78 77 76 76 75 73 72 72 71 68 66 65 67 68 69 75 85 100 106 98 87 88 95 95 87 84 89 92 88 72 45 28 30 43 62 76 85 86 84
207 100 91 99 113 116 114 113 107 102 99 101 104 101 101 103 103 105 109 115 113 105 98 92 90 91 92 96 106 113 119 122 120 109 96 89 86 79 68 60 62 63 61 58 56 55 56 57 58 59 64 74 83 94 104 103 89 83 82 80 79 78 79 81 83 83 81 77 71 66 64 67 74 79 81 82 81 78 82 90 92 85 87 93 91 77 57 27 18 29 47 62 75 83 86 86
183 122 98 94 101 108 113 116 113 109 98 91 93 102 103 104 104 105 106 108 109 109 107 102 97 94 91 91 97 106 112 117 122 118 100 87 76 65 56 56 60 63 61 58 56 56 56 57 58 62 71 80 86 93 102 112 103 91 87 87 87 84 83 85 87 88 90 90 84 76 69 70 74 76 73 69 71 73 79 83 84 85 90 90 79 68 45 16 10 27 45 58 69 78 84 88
142 129 115 99 94 98 105 111 114 117 104 94 97 105 105 102 101 100 98 97 101 105 107 105 101 100 103 100 99 100 102 108 117 117 100 81 69 59 53 56 59 60 59 57 57 57 57 58 61 68 77 83 88 92 97 112 119 106 96 97 97 91 85 84 86 89 92 93 92 90 85 78 75 75 72 68 70 76 78 78 79 87 90 75 64 57 35 10 5 27 46 58 67 77 84 88
116 123 128 118 102 96 97 103 112 119 111 107 107 110 109 105 102 97 91 89 94 98 100 101 100 102 107 109 106 104 100 97 101 105 90 75 65 57 55 57 59 58 56 57 58 59 58 60 67 74 79 84 89 93 98 111 128 126 111 104 102 97 90 85 86 89 90 91 93 94 95 91 82 76 71 67 72 84 83 76 80 86 78 63 56 49 29 7 8 34 55 64 70 77 83 85
107 116 129 130 121 107 97 95 102 114 118 115 112 112 112 109 103 97 93 90 88 89 88 89 94 99 102 105 107 110 105 92 85 80 75 69 62 58 57 57 57 57 56 58 60 60 60 64 72 77 79 83 88 93 99 110 130 137 124 111 106 103 98 95 93 90 88 89 91 91 93 93 86 79 72 66 72 84 89 82 81 73 60 57 53 47 26 9 17 43 62 72 76 77 78 81
100 106 119 126 126 119 109 98 100 110 117 114 107 107 113 112 103 98 99 97 91 86 82 77 81 90 97 102 105 109 108 92 77 68 66 66 63 59 57 55 55 57 59 60 61 61 62 69 75 77 78 82 86 91 99 109 127 142 135 121 114 109 107 105 102 97 94 92 91 91 90 87 81 74 69 68 77 84 86 84 75 54 51 54 52 46 26 15 28 51 65 75 77 75 77 82
93 95 104 114 120 126 127 117 107 107 107 102 98 101 108 113 107 99 97 100 98 92 85 79 78 80 90 100 102 100 100 88 75 67 65 65 63 60 56 55 56 60 62 63 63 64 67 73 76 75 77 80 83 89 98 110 122 140 143 135 126 117 113 110 109 107 102 97 95 96 95 89 78 69 66 74 85 86 79 75 61 45 48 53 52 44 26 22 35 51 63 72 72 71 81 89
92 90 90 99 111 126 137 124 110 103 98 94 91 93 100 108 110 102 97 97 100 98 94 91 84 80 81 88 92 87 82 78 72 66 65 66 63 59 55 55 57 62 65 64 64 68 74 77 75 75 76 77 81 88 97 108 118 132 144 147 143 128 118 115 114 112 107 102 98 98 100 99 88 75 74 81 85 81 70 63 49 40 49 54 53 44 34 34 40 52 59 63 67 74 88 99
100 95 90 92 98 112 130 121 109 104 100 94 85 82 88 96 105 108 103 98 96 96 98 98 92 83 76 73 78 77 69 68 68 66 66 65 64 60 57 58 61 65 67 65 66 72 78 79 77 76 76 77 80 86 94 104 115 126 139 151 157 143 125 119 116 114 110 106 103 101 101 105 103 93 90 86 80 67 57 53 43 39 49 54 53 48 49 53 58 63 58 57 64 79 96 107
103 102 100 95 88 90 107 115 111 105 100 95 87 78 77 82 93 103 106 99 93 93 97 101 96 86 76 69 65 65 62 59 63 65 65 64 63 61 60 61 64 67 69 69 71 75 77 79 80 80 79 80 81 84 90 99 110 120 133 147 162 158 136 123 117 116 114 111 109 104 100 98 103 105 102 92 78 61 48 40 37 41 47 52 52 52 55 60 66 68 62 57 67 85 97 104
102 106 106 100 89 85 97 111 112 103 96 94 92 84 75 72 77 84 90 91 92 94 96 99 99 92 81 72 62 56 55 55 61 63 64 65 66 64 64 66 68 70 71 73 77 78 77 78 82 84 85 85 82 82 87 94 106 117 127 138 158 164 148 132 121 118 117 115 111 104 97 91 100 108 107 95 79 61 44 32 34 43 50 54 56 58 62 67 69 68 66 67 77 87 92 87
103 106 107 104 99 96 100 104 105 97 92 91 93 93 82 73 68 65 64 69 81 90 92 94 99 100 90 77 65 53 49 54 60 63 65 68 69 69 69 71 73 74 74 77 83 84 80 80 82 86 90 91 85 83 87 94 104 113 120 127 149 164 157 142 127 120 118 116 111 104 96 93 103 108 106 95 79 60 41 31 35 45 54 60 64 66 71 77 80 78 82 88 88 87 86 80
102 106 110 109 111 111 103 95 88 87 88 88 88 90 89 80 70 62 56 56 64 74 81 85 90 97 93 81 66 53 51 56 61 65 68 71 73 74 74 76 78 79 79 82 87 91 89 83 81 85 90 92 89 86 88 95 102 107 112 122 139 160 163 150 134 123 118 116 112 104 98 99 107 108 103 92 76 56 39 36 41 50 59 66 68 68 71 78 88 92 97 100 96 88 83 77
98 103 110 114 118 116 104 86 74 78 82 83 83 85 88 85 77 69 62 60 63 67 68 69 73 81 83 75 63 56 56 59 64 69 74 78 81 82 82 82 82 83 87 89 88 90 94 91 86 85 88 91 94 93 90 93 99 105 112 120 134 156 164 154 140 127 119 116 112 106 103 104 107 107 102 89 72 50 39 43 53 63 71 74 72 69 69 76 86 98 104 105 98 88 76 62
91 92 103 115 118 114 100 80 69 67 72 75 77 80 81 79 75 72 68 68 70 68 64 63 65 66 65 62 60 60 60 62 67 72 77 82 87 91 91 89 89 91 94 95 92 92 96 101 98 91 90 93 98 99 93 92 98 105 110 114 125 148 157 152 143 130 122 118 114 110 108 107 107 105 100 87 69 52 45 49 61 79 90 86 78 73 72 77 87 100 109 105 96 84 70 54
88 89 98 110 113 105 92 80 69 61 58 61 66 69 70 67 66 65 66 70 72 69 62 62 64 62 58 56 59 62 63 65 69 74 79 85 90 95 97 96 97 99 99 99 100 101 102 106 108 103 98 96 97 97 93 94 100 104 103 103 110 130 140 139 140 133 125 121 118 114 111 109 107 103 95 86 80 69 60 61 78 94 101 97 88 86 85 85 89 96 103 97 87 79 68 55
