windninja/windninja_output/Output_2025-08-09_1000-1050_Google earth_Fire_150m_10min/merlingen_7.5mi_point_08-09-2025_1020_150m_ang.asc
ncols	158
nrows	163
xllcorner	391686.332397
yllcorner	5160024.123721
cellsize	150.000000
NODATA_value	-32768.000000
[rows 108 to 161 of 163, columns 0 to 95 of 158]
77 75 72 72 73 73 75 76 76 77 77 76 74 73 76 79 80 77 71 67 69 74 74 67 59 59 61 60 65 77 85 87 85 79 90 103 109 109 109 115 122 122 121 124 126 129 132 128 112 97 87 82 78 75 71 68 67 68 69 68 67 69 71 71 71 70 69 68 67 65 65 67 71 73 73 74 77 80 84 84 86 91 97 96 90 86 83 81 79 78 77 76 76 75 74 73
76 74 73 75 76 77 76 74 74 74 73 71 69 69 73 77 79 71 63 65 73 78 77 71 63 59 60 59 66 76 81 82 80 79 90 101 105 105 110 115 118 117 120 126 129 129 134 137 124 105 91 82 78 76 73 70 67 67 68 67 65 66 68 68 69 70 70 69 67 65 64 67 70 72 73 73 75 77 80 83 83 85 91 97 95 89 85 82 81 79 78 78 77 76 75 73
76 76 78 80 81 79 77 74 72 71 71 70 68 69 73 79 80 65 55 62 72 81 82 75 69 64 61 60 66 75 80 79 77 78 88 98 102 107 112 113 107 108 117 126 131 131 136 144 137 116 99 86 77 74 73 71 69 68 68 67 65 66 65 64 65 68 71 71 68 64 64 67 69 70 72 73 74 74 76 79 82 84 86 91 95 93 88 85 82 81 80 79 79 78 76 74
78 79 81 81 80 77 75 74 72 70 69 70 72 72 76 81 81 60 51 59 68 79 86 81 74 72 69 64 64 68 75 79 76 77 86 96 103 109 113 108 104 104 108 119 129 133 137 146 147 130 109 92 80 74 73 71 69 68 69 68 67 66 64 62 62 64 67 69 69 66 66 68 70 69 70 72 73 73 74 77 81 83 85 86 89 90 89 87 84 83 82 82 82 81 78 76
80 81 81 79 77 75 73 72 71 68 66 69 75 77 79 82 81 58 49 57 62 72 82 83 74 77 81 79 71 65 67 74 77 81 91 98 104 109 108 105 103 99 98 108 124 134 137 144 150 143 122 100 83 77 74 71 69 68 68 67 66 65 64 63 62 62 63 64 66 68 69 70 71 69 69 70 71 70 71 73 77 82 83 84 84 84 84 84 84 84 85 86 85 82 80 77
80 80 79 77 76 76 74 72 69 65 64 70 75 77 78 82 83 62 50 54 57 64 73 78 74 80 87 90 85 72 65 68 75 86 96 102 102 101 99 97 93 90 94 104 118 130 132 137 147 150 140 117 89 78 74 72 69 68 67 66 64 63 63 64 63 61 61 60 61 63 65 68 70 68 68 69 70 70 70 69 73 78 81 81 81 79 77 78 78 81 86 89 86 81 78 77
76 75 75 76 75 75 75 73 69 65 68 74 75 72 73 81 87 82 55 54 54 59 64 70 75 81 84 86 87 84 71 67 74 86 96 101 98 94 92 88 81 85 94 101 110 120 127 132 139 148 151 142 106 81 74 71 70 68 67 65 64 61 61 64 63 61 60 59 59 59 60 64 68 68 67 67 69 71 70 68 70 73 74 75 75 73 71 72 73 79 85 86 82 77 75 76
71 71 72 73 74 72 71 70 69 70 77 81 75 66 69 81 92 101 85 63 60 58 59 63 72 79 78 76 80 86 76 67 72 82 92 98 97 93 87 80 79 88 94 97 102 112 124 128 130 139 152 158 134 89 75 71 70 69 67 66 64 61 61 63 63 60 59 59 59 59 58 61 65 69 69 68 68 69 70 69 70 72 71 69 68 64 64 68 73 80 83 80 74 71 71 72
68 71 72 72 72 71 68 66 68 76 85 86 75 62 68 82 93 104 143 89 73 65 60 61 65 72 73 71 79 86 78 68 68 76 87 96 97 89 80 78 83 91 93 91 95 104 113 117 118 124 142 162 162 103 77 71 70 69 68 68 64 61 62 64 63 60 59 59 59 58 57 57 59 64 69 71 69 68 69 70 72 74 72 66 63 60 61 66 73 79 78 73 67 65 68 69
66 70 71 71 72 72 68 66 70 77 84 87 76 64 71 80 88 100 151 132 91 77 70 64 62 64 65 67 77 84 81 75 70 74 81 88 88 79 73 78 85 88 87 86 88 91 94 102 110 114 126 157 180 128 77 71 70 69 69 69 66 62 62 64 63 59 58 59 58 57 56 55 55 58 62 68 70 68 67 68 72 75 73 65 61 60 62 66 72 74 72 67 63 65 69 68
66 69 70 71 73 72 71 71 75 77 79 82 80 73 73 76 82 99 142 150 122 94 82 77 72 66 62 65 69 73 79 85 85 84 82 76 70 62 65 74 78 77 78 79 81 82 86 95 104 109 115 146 194 184 73 71 70 69 69 69 68 65 64 63 61 57 56 56 57 57 56 54 53 54 57 61 64 65 66 66 70 73 70 64 62 63 63 67 70 69 66 62 60 64 69 67
66 67 69 73 76 74 74 78 81 80 77 79 84 82 75 73 79 93 125 151 144 117 99 91 87 81 76 74 72 72 81 91 96 93 84 74 66 58 62 66 63 64 66 71 74 75 78 86 94 97 97 109 212 249 61 70 70 69 68 69 69 68 67 66 61 57 55 54 55 57 57 55 54 53 55 56 57 60 64 67 70 71 68 64 65 66 66 66 67 65 62 59 56 61 66 67
62 64 67 72 77 76 78 82 86 84 79 81 88 86 77 74 79 87 106 139 149 135 116 104 98 95 92 90 90 90 90 92 95 92 85 79 72 67 68 64 58 56 60 65 68 67 68 72 77 79 78 72 354 286 15 65 71 70 69 69 70 68 68 68 65 66 66 61 59 59 59 57 56 55 54 53 54 56 61 66 69 70 68 66 67 69 67 66 65 63 61 57 52 57 64 68
56 62 67 68 68 70 74 81 87 87 81 84 91 94 79 73 77 83 94 115 141 140 128 116 107 103 100 99 102 103 100 96 93 90 86 82 79 76 73 71 65 60 63 66 68 68 68 69 64 63 64 59 21 317 346 55 69 71 70 71 70 67 66 66 66 73 79 82 76 67 62 58 59 59 56 52 51 52 56 60 64 67 68 66 68 68 66 64 63 62 60 53 49 55 64 70
48 64 70 66 61 60 64 70 78 84 83 87 95 107 89 75 74 77 83 93 116 130 130 124 114 109 107 107 108 107 105 101 95 92 89 84 82 78 73 75 74 69 67 67 69 73 74 71 63 58 56 54 24 332 344 46 67 69 69 69 67 64 64 64 64 69 76 85 92 84 71 64 62 61 59 54 50 50 51 54 58 63 65 65 65 65 62 59 59 60 57 49 48 59 68 73
52 70 75 69 62 61 61 63 68 71 78 89 98 111 102 86 75 71 72 82 96 111 121 121 116 114 113 111 112 112 111 105 97 94 91 86 82 78 73 72 76 73 68 65 66 70 73 69 61 55 54 51 24 342 352 39 66 71 71 68 63 62 64 65 65 68 70 73 84 92 85 76 71 66 63 59 54 51 51 50 52 56 60 61 61 61 57 53 57 59 55 47 49 62 71 74
60 73 77 71 67 67 65 63 65 65 70 85 96 103 104 96 81 68 65 74 88 99 108 112 113 113 112 115 119 119 116 106 98 96 93 87 83 82 76 71 74 75 70 66 64 65 67 65 57 52 51 46 23 352 356 30 57 67 71 68 62 63 64 64 66 69 68 67 70 80 89 89 85 79 73 68 63 59 55 51 49 53 56 57 57 57 52 50 57 59 55 47 51 63 70 70
56 69 73 69 67 68 66 65 66 64 66 74 83 91 100 100 89 72 63 65 76 92 102 104 105 109 116 125 127 128 121 105 98 97 94 88 85 86 80 74 74 76 74 71 67 65 65 62 54 51 51 43 24 1 357 20 43 56 62 62 61 64 64 63 65 67 67 66 65 67 75 86 92 94 91 84 80 75 67 60 56 56 56 54 54 54 47 47 54 58 55 49 54 65 68 63
52 66 72 69 67 67 68 69 69 65 63 66 70 79 89 99 96 81 70 66 72 84 98 103 109 118 126 131 133 134 127 105 96 95 95 89 85 86 85 79 76 79 80 76 71 68 65 59 51 48 48 41 24 7 0 13 35 52 58 57 59 63 63 62 64 66 66 65 64 62 65 74 83 92 99 101 99 94 87 77 69 65 59 54 53 49 44 46 53 57 57 51 58 67 66 59
51 67 73 71 68 67 70 73 72 66 60 59 62 69 83 94 96 88 83 81 86 93 99 107 112 117 124 128 130 137 134 109 93 88 90 89 85 85 87 83 81 84 90 86 78 73 68 60 52 47 46 39 22 9 5 12 33 53 59 59 59 61 62 62 65 66 65 64 63 62 63 68 75 83 91 102 111 111 105 96 83 75 66 58 53 45 39 41 47 53 55 53 60 65 62 56
53 68 73 72 71 72 74 74 72 67 60 56 57 60 69 83 90 91 96 108 112 106 100 100 103 103 105 111 122 134 139 119 96 84 80 82 85 85 84 85 84 88 98 102 90 78 69 59 51 48 45 37 20 9 8 15 34 53 61 61 60 61 61 62 64 65 64 63 63 62 63 66 71 78 85 93 107 119 118 112 104 89 74 65 56 44 37 37 40 45 48 49 55 59 57 54
54 68 75 75 75 79 82 79 75 71 67 62 57 54 58 66 80 95 110 118 120 114 98 90 90 91 94 99 108 124 136 128 105 87 76 74 77 81 81 83 86 90 99 111 106 86 72 57 48 47 43 35 18 12 13 18 35 52 60 61 60 60 60 62 63 64 63 62 62 61 62 64 67 72 79 87 98 112 118 120 120 112 96 77 64 52 43 40 41 44 45 47 48 47 47 48
56 68 75 76 77 81 85 86 84 81 78 74 66 61 59 64 78 97 112 119 119 115 103 90 85 88 91 89 94 110 126 131 120 98 82 73 69 70 75 79 83 88 95 107 115 101 78 59 51 49 42 33 19 15 19 22 35 51 59 60 60 60 60 62 63 63 63 62 61 61 62 64 65 66 71 79 90 101 109 116 122 125 122 107 87 69 57 52 54 54 52 51 47 41 40 40
61 67 71 73 76 80 81 81 87 92 91 86 80 76 74 74 83 95 107 113 115 117 113 100 88 84 84 86 90 100 114 128 133 113 93 79 70 66 66 71 76 82 88 97 110 110 86 66 58 53 42 32 22 19 24 27 37 52 59 61 61 63 63 63 63 63 63 62 61 60 61 64 64 64 67 72 80 90 96 103 115 128 132 128 115 98 79 69 68 66 62 58 51 42 38 38
63 68 71 71 76 81 78 72 76 88 96 95 92 88 87 88 90 93 97 105 114 120 119 114 98 84 75 82 91 96 106 118 136 132 107 92 81 71 65 64 70 75 79 85 93 97 86 72 64 55 41 32 26 25 29 31 38 52 60 62 63 65 66 65 65 64 64 64 62 61 62 63 62 64 67 70 77 83 84 90 102 120 134 135 130 123 113 97 83 74 67 63 57 47 41 40
66 71 74 74 77 82 80 72 70 74 85 94 95 96 97 100 100 95 89 92 108 121 124 120 105 84 72 75 85 91 97 107 126 141 125 107 94 82 72 69 70 71 73 75 73 66 66 68 63 53 42 34 30 30 32 33 39 51 58 60 62 64 63 63 65 65 66 66 65 63 64 64 62 62 64 70 78 83 84 87 92 103 123 134 134 134 132 122 105 88 77 68 60 49 41 42
68 72 76 77 78 79 80 81 75 71 73 79 85 93 104 112 108 99 89 85 92 114 124 120 109 88 74 69 72 81 88 95 111 134 137 121 104 92 84 80 76 73 73 71 61 53 51 52 52 49 42 35 33 34 35 35 41 52 58 60 62 63 61 62 63 64 66 67 70 70 68 65 64 62 62 67 74 82 88 90 90 92 102 117 126 133 136 134 124 105 89 74 64 54 42 41
61 68 73 76 77 77 78 83 84 79 74 72 77 90 105 113 111 102 96 89 86 94 111 116 115 101 83 72 69 72 79 85 96 116 133 132 117 100 93 89 83 77 74 68 57 51 48 41 41 44 42 37 36 38 38 37 44 54 60 63 64 62 61 61 62 63 64 66 73 79 78 72 67 62 62 64 68 74 84 90 91 89 88 98 111 122 130 134 132 119 104 87 73 62 49 44
47 61 70 74 77 77 77 79 83 85 82 79 81 91 101 107 109 105 101 96 88 86 96 108 119 115 97 82 74 71 72 79 86 97 118 133 132 114 100 94 88 82 74 63 56 53 47 39 39 44 43 41 40 40 40 39 47 57 61 63 63 61 61 60 60 62 63 65 71 80 89 88 78 68 62 61 64 66 70 80 88 87 85 90 100 109 115 123 128 124 115 102 89 76 61 54
42 62 68 71 78 81 80 77 77 82 86 89 93 98 99 101 104 105 103 96 90 88 93 102 117 125 111 95 83 74 69 74 82 89 102 123 140 130 104 94 90 85 73 61 56 53 48 40 39 44 45 44 44 44 43 44 52 61 63 62 61 60 60 60 59 60 62 66 71 77 88 98 99 93 78 66 63 62 62 67 76 82 83 89 93 94 97 104 114 120 115 102 94 88 80 75
63 72 71 69 76 83 84 82 81 82 86 93 103 107 103 99 97 94 93 91 89 91 96 102 112 127 126 107 92 78 68 68 77 85 92 107 133 137 110 95 88 80 70 61 54 51 48 40 40 45 47 47 47 46 47 51 58 63 63 62 61 60 60 58 58 60 63 68 72 75 82 95 107 111 108 91 72 65 60 62 67 73 79 87 85 77 79 86 90 88 79 75 79 86 95 105
74 78 77 73 73 75 80 88 92 91 91 99 110 112 107 98 90 83 79 80 84 88 94 100 109 122 129 117 100 85 72 69 71 76 84 95 115 130 116 96 81 70 66 59 53 52 48 42 43 47 49 49 48 48 52 58 62 63 63 62 61 61 59 56 56 60 64 68 72 74 78 87 101 112 119 115 92 75 66 64 66 68 74 78 70 63 68 68 60 43 35 46 59 72 88 109
68 72 82 86 75 67 71 82 91 97 104 107 111 112 106 97 90 84 78 75 76 80 86 93 102 114 125 124 110 99 88 79 71 69 76 84 97 114 112 93 74 65 62 57 54 53 49 45 46 50 52 53 51 53 58 61 62 62 62 62 62 62 59 53 52 57 62 67 70 72 76 81 91 104 115 122 107 86 77 72 72 74 75 71 65 66 70 62 46 33 30 39 50 62 74 89
54 67 83 92 88 78 74 75 81 94 107 112 110 107 102 97 93 90 90 86 78 73 72 79 89 102 115 124 119 111 106 92 79 73 74 76 83 92 92 79 67 62 59 56 54 52 49 48 50 52 54 57 61 65 65 63 61 61 61 62 63 62 59 52 50 53 57 60 62 65 68 71 78 92 105 115 105 90 86 86 85 82 78 76 77 79 74 55 39 32 33 45 56 67 75 79
36 65 80 91 100 101 92 83 83 88 97 108 109 101 99 97 95 95 100 103 93 79 71 70 74 83 95 109 115 116 115 108 95 84 77 74 74 73 67 58 58 58 56 53 52 51 50 50 52 54 55 61 71 80 80 70 63 62 62 62 63 62 59 56 55 55 55 54 55 57 60 62 68 77 89 90 85 80 84 92 92 84 81 85 85 79 65 42 29 31 41 56 70 80 82 81
33 67 75 83 98 105 106 104 96 90 91 96 100 97 97 99 98 99 103 108 105 95 86 78 74 73 73 80 96 108 115 117 112 98 84 76 68 61 52 48 52 55 54 52 50 50 50 52 54 55 58 66 74 83 91 84 70 67 66 65 65 64 63 62 64 67 67 64 59 56 56 60 67 72 71 64 64 68 76 85 88 82 84 88 83 70 52 28 20 29 43 58 70 79 83 83
68 77 76 76 85 96 105 111 109 104 93 87 89 95 96 98 98 100 101 103 104 104 101 93 86 79 73 73 78 90 103 112 118 110 91 77 64 54 47 47 52 55 54 52 51 51 51 53 54 57 64 71 77 83 88 92 82 74 71 72 71 67 66 68 70 75 80 80 75 67 61 62 68 70 66 57 56 61 72 79 79 80 85 84 72 63 43 18 12 25 42 54 66 75 81 84
84 92 90 78 75 82 94 104 110 113 100 90 90 93 92 90 91 93 92 92 98 103 104 101 96 92 91 84 80 79 85 95 107 109 91 74 62 52 46 48 52 54 53 52 52 53 52 53 55 61 68 75 80 83 85 94 100 86 79 80 77 70 67 68 71 77 82 84 84 83 77 71 70 69 65 59 59 64 72 73 73 82 84 69 59 53 35 13 7 25 43 55 64 73 81 85
90 99 108 94 78 76 80 90 103 112 106 102 99 93 87 84 84 83 77 77 85 91 96 98 98 98 102 102 95 87 82 81 85 90 80 68 59 51 48 50 52 52 52 52 54 54 53 54 60 66 71 76 82 84 87 95 110 106 92 86 81 74 69 67 69 74 78 80 83 86 88 85 76 71 66 60 64 75 76 70 74 79 72 58 53 48 29 10 10 32 52 61 67 73 79 81
92 98 112 114 104 87 78 80 90 105 111 109 102 95 91 87 84 79 72 70 70 73 76 80 89 96 99 102 104 104 94 81 73 67 65 62 56 51 49 49 51 51 51 52 54 54 54 57 64 69 71 76 82 86 90 99 117 126 109 94 86 80 77 75 73 72 72 73 75 78 81 83 79 73 66 59 64 76 79 73 73 66 56 54 51 45 27 12 19 40 58 68 72 73 74 77
89 93 104 114 117 110 95 83 88 100 109 106 95 94 98 96 88 83 80 77 72 67 64 62 68 81 89 94 98 102 99 83 69 58 56 57 54 51 49 48 49 51 53 54 55 54 55 61 66 68 71 76 81 85 92 102 120 138 127 107 94 87 87 86 84 80 76 75 74 74 74 71 69 66 62 60 67 73 70 71 67 50 48 51 49 43 27 18 28 47 61 70 72 70 73 78
78 80 87 100 111 120 119 105 98 99 98 92 87 89 96 101 94 85 84 86 83 75 66 62 63 67 76 85 87 85 85 76 66 57 54 55 53 50 48 47 49 52 55 55 56 57 59 64 67 67 69 74 79 84 93 104 117 139 143 128 110 98 95 94 93 91 87 83 81 82 80 73 64 59 58 65 75 74 64 64 55 43 46 51 50 43 28 23 32 46 58 67 68 67 76 83
69 69 70 79 97 116 130 117 105 98 89 83 80 83 89 98 99 91 84 84 86 83 76 73 70 68 68 73 76 72 66 65 62 56 54 54 53 50 47 47 49 54 56 55 57 61 65 67 67 66 68 71 76 83 92 102 113 130 147 150 140 114 102 100 100 98 93 89 87 88 91 87 73 63 64 72 77 71 60 57 46 39 47 53 53 44 34 32 35 46 54 59 63 70 83 93
74 73 69 73 82 96 119 114 105 99 91 82 74 72 79 88 97 100 93 86 83 82 83 83 80 74 68 64 66 63 55 54 56 56 55 54 53 50 48 48 51 56 57 56 57 63 68 70 67 67 68 70 74 81 89 99 109 121 140 156 162 139 114 106 104 101 97 93 91 91 93 92 85 79 80 79 74 61 51 50 41 39 48 54 53 48 47 48 50 55 53 53 60 74 90 101
82 84 85 80 75 77 94 109 107 99 90 84 75 68 67 73 84 96 99 92 85 83 86 88 84 77 69 62 53 50 47 46 50 53 54 52 52 50 50 51 54 57 59 59 60 65 68 70 71 71 71 72 74 78 84 93 103 115 130 149 168 162 131 114 107 105 102 99 98 95 90 84 83 92 94 87 73 57 45 39 38 42 48 52 52 50 52 56 58 59 54 51 61 79 91 97
84 89 94 89 78 75 88 104 106 94 85 82 79 72 65 62 66 75 84 87 89 89 89 90 88 81 73 64 52 43 42 44 49 51 52 52 53 51 52 54 57 59 60 62 66 67 68 70 73 75 77 77 75 77 82 89 99 111 123 137 163 170 149 127 112 108 108 105 102 97 89 80 85 98 100 91 76 58 43 34 37 45 51 54 55 56 59 62 62 59 56 57 69 82 86 79
89 93 96 93 87 85 91 97 95 86 82 80 80 79 70 63 58 55 54 62 75 85 87 88 91 90 81 70 57 45 41 44 49 51 52 53 53 53 54 57 60 62 63 66 72 73 69 70 72 77 82 83 79 77 82 89 97 105 113 123 151 170 162 142 122 113 111 109 105 98 90 85 93 101 100 91 76 59 42 35 38 47 55 60 62 64 68 73 75 71 71 76 81 83 81 71
93 97 101 99 100 102 95 88 78 77 78 78 76 77 77 70 60 52 46 46 54 62 69 73 80 88 85 74 60 48 44 46 49 52 53 55 55 54 55 59 62 64 66 69 75 78 75 71 71 75 81 84 82 80 83 89 96 99 104 115 136 165 169 153 132 118 112 110 106 99 92 92 100 102 98 88 74 56 41 40 44 51 59 64 65 65 68 75 83 85 88 92 90 84 78 69
89 94 102 106 110 109 96 78 67 69 74 74 74 74 77 75 67 58 51 50 52 54 51 52 58 66 71 67 57 50 48 48 50 54 56 59 60 59 60 63 65 68 71 75 75 77 81 79 75 75 79 83 86 85 84 87 92 96 102 112 127 157 170 160 141 124 115 111 107 102 98 99 102 102 98 86 70 52 43 46 54 63 70 71 68 65 65 71 81 89 94 94 89 81 70 56
78 80 91 106 111 107 91 72 62 60 65 67 68 70 70 69 66 63 58 58 60 58 52 49 52 53 53 53 53 52 51 50 52 56 59 62 65 65 65 68 71 75 79 81 81 80 84 89 85 80 80 83 89 90 86 86 90 95 99 104 114 142 161 157 146 130 119 115 110 106 103 103 102 101 96 85 70 56 48 51 61 77 87 80 73 68 66 72 80 89 94 90 84 77 64 50
68 74 84 96 101 94 81 71 62 56 52 54 57 60 60 58 58 57 56 61 65 62 55 53 56 54 51 48 51 53 53 53 54 57 61 65 69 69 69 73 78 82 84 86 88 90 91 93 95 91 87 86 88 89 86 88 92 93 90 90 95 112 134 139 142 135 124 119 115 110 107 105 104 100 93 86 81 72 61 60 74 89 95 91 81 78 77 77 81 85 88 83 78 73 63 52
65 80 84 85 82 75 69 67 63 56 50 48 48 50 49 49 50 50 51 56 62 60 53 50 54 54 52 50 52 54 54 55 56 60 65 70 73 76 78 83 87 91 93 94 96 99 100 101 104 104 100 93 89 88 87 91 92 87 80 76 74 74 93 111 124 130 128 122 117 114 111 108 106 104 102 102 106 105 93 81 88 93 96 98 94 93 91 86 81 75 68 71 77 72 60 51
64 85 83 76 67 61 57 58 60 59 54 48 42 37 34 36 40 44 46 47 54 55 49 44 47 49 49 50 53 55 56 56 59 63 68 73 78 84 91 96 98 101 105 108 107 106 107 110 114 112 110 103 96 92 90 91 86 73 68 65 62 60 72 90 104 116 124 125 119 117 117 117 117 121 128 132 135 143 147 120 112 111 111 111 106 101 98 92 81 68 55 58 69 68 57 49
108 98 82 61 44 45 48 50 55 61 59 50 41 30 25 25 25 29 34 35 42 47 42 37 41 44 45 47 50 53 55 57 60 65 69 75 82 94 112 124 127 127 128 131 132 130 128 128 129 129 127 123 116 107 95 82 59 45 43 42 42 41 49 62 73 86 98 112 118 122 125 128 134 140 146 152 162 171 165 145 129 122 118 115 114 107 102 97 81 63 53 54 53 50 52 55
