windninja/windninja_output/Output_2025-08-09_1000-1050_Google earth_Fire_150m_10min/merlingen_7.5mi_point_08-09-2025_1000_150m_ang.asc
ncols	158
nrows	163
xllcorner	391686.332397
yllcorner	5160024.123721
cellsize	150.000000
NODATA_value	-32768.000000
[rows 86 to 128 of 163, columns 0 to 95 of 158]
131 146 179 186 199 208 207 192 175 166 163 163 159 155 152 151 149 144 139 136 134 132 131 132 138 146 148 147 147 147 148 149 151 153 153 152 152 149 145 142 141 143 144 144 142 140 137 135 134 134 135 136 138 139 139 138 137 137 136 136 136 137 137 136 136 136 136 136 136 136 136 136 136 137 137 138 139 141 144 148 155 161 161 150 135 128 126 125 125 124 123 123 125 127 130 131
146 158 180 183 193 196 189 175 167 165 165 162 157 155 152 150 149 143 137 133 131 129 126 130 140 150 153 151 149 149 149 148 148 148 149 151 153 154 152 149 145 144 144 144 143 140 137 135 134 134 134 135 135 135 135 135 134 134 135 135 136 136 136 136 136 136 136 136 136 136 136 136 136 136 137 137 138 140 142 145 150 154 153 145 133 127 124 123 121 121 121 124 126 129 131 131
190 180 170 171 175 178 177 173 171 170 167 159 155 156 155 154 152 144 137 134 134 133 134 141 152 159 156 153 152 151 150 148 147 145 143 143 146 149 150 150 149 148 146 145 144 142 139 137 136 136 136 136 135 135 135 134 132 132 132 133 135 136 136 136 136 136 136 135 135 135 135 135 135 136 136 137 137 138 140 142 145 147 145 138 129 124 122 120 120 121 122 124 123 118 115 114
198 184 171 173 173 173 174 176 177 173 164 159 158 159 158 158 153 143 137 135 136 138 144 152 164 167 160 155 153 152 151 149 148 147 144 141 141 142 143 143 144 146 147 146 144 142 140 138 137 137 138 139 140 139 139 138 135 131 128 131 135 137 137 136 136 136 135 135 135 135 135 135 135 135 135 136 136 137 138 139 140 142 140 133 125 119 116 116 120 121 120 119 113 106 103 105
187 182 177 178 173 170 171 174 177 170 163 162 163 162 162 159 153 145 135 132 138 145 153 165 173 171 163 157 154 152 151 149 148 148 146 144 142 142 142 142 141 142 143 143 142 141 139 137 137 137 138 140 141 142 143 141 137 132 130 133 137 138 137 137 136 135 135 135 134 134 134 134 134 134 134 135 135 135 136 136 137 138 138 132 125 122 119 116 118 117 113 109 106 103 104 105
178 179 181 178 172 168 166 169 172 169 166 168 170 168 166 162 157 149 136 132 141 153 167 175 179 175 165 158 154 152 150 148 147 147 146 145 145 144 144 144 143 143 141 141 140 139 137 135 134 134 135 137 139 141 145 146 142 139 137 139 142 141 138 137 136 135 135 134 134 134 134 134 134 133 133 134 134 134 134 134 134 135 135 134 130 127 124 120 117 113 105 99 99 98 97 99
168 172 175 175 174 171 168 169 174 176 174 173 174 171 168 162 158 154 146 145 150 167 178 183 183 176 165 158 154 151 149 147 146 146 145 145 145 145 144 143 144 144 142 140 139 138 135 132 128 128 129 132 135 139 145 146 143 141 140 141 145 143 140 137 136 135 134 134 134 133 133 133 133 133 133 133 132 132 132 132 132 132 132 131 128 126 123 119 113 105 92 90 93 93 92 95
156 161 168 170 171 170 170 173 177 181 180 177 175 174 174 171 164 158 154 155 165 180 184 187 184 175 164 158 154 151 148 145 143 143 144 144 144 144 143 143 144 145 143 141 139 136 133 130 127 125 124 128 135 139 141 140 135 133 133 135 140 142 140 137 135 134 134 133 133 133 133 132 132 132 132 132 132 131 131 130 130 129 129 127 124 120 117 112 104 94 89 91 94 94 95 97
143 151 160 163 163 164 169 174 177 178 178 178 177 176 176 174 169 164 159 165 182 189 191 190 183 172 162 157 154 151 147 141 139 141 143 144 143 143 143 143 146 147 146 145 144 141 138 134 130 129 129 133 140 141 138 135 129 126 128 130 134 138 138 135 134 134 133 133 132 132 132 132 132 131 131 131 130 130 130 129 129 128 126 125 122 118 114 109 102 97 97 98 99 100 100 101
131 140 153 156 155 157 161 166 168 168 168 172 175 176 175 170 171 170 164 173 195 203 202 193 177 165 159 156 154 153 149 143 142 143 144 143 142 141 142 142 145 147 147 147 150 149 147 143 139 137 137 140 145 143 138 135 132 129 130 130 132 135 135 134 133 133 132 132 132 132 131 131 131 131 130 130 130 129 129 128 127 126 125 123 121 119 115 111 107 105 105 104 104 104 104 104
122 130 145 151 152 155 158 158 155 151 150 158 169 175 173 167 168 165 162 187 221 236 224 186 162 155 155 154 154 152 148 146 145 145 144 142 140 140 140 141 142 145 145 145 147 150 150 148 145 142 141 142 145 143 137 134 132 130 130 130 131 133 133 133 132 132 132 132 131 131 131 130 130 130 129 129 129 128 128 127 126 125 124 123 121 119 117 114 112 110 109 108 108 107 107 107
119 125 136 144 150 155 158 157 149 142 137 137 159 176 170 163 160 159 166 222 264 269 229 145 145 150 153 153 151 147 142 140 141 141 141 139 137 137 138 140 141 143 144 141 140 142 143 141 139 137 137 137 139 140 137 133 130 129 128 128 129 130 131 131 131 131 131 131 131 130 130 130 129 129 129 128 128 127 127 126 126 125 124 122 121 119 117 116 114 113 112 111 110 109 109 108
111 114 122 127 138 146 154 157 152 145 132 116 121 156 151 142 140 136 289 278 266 232 154 143 150 157 156 152 147 141 136 134 135 136 138 136 134 133 135 138 139 142 143 140 136 134 132 130 128 128 131 133 135 136 135 133 131 130 130 129 128 127 127 128 129 130 130 130 130 130 129 129 129 128 128 127 127 127 126 125 125 124 123 122 121 120 118 117 115 114 113 112 111 111 110 109
101 100 100 106 112 116 123 133 134 130 124 119 126 130 125 113 67 2 327 299 201 161 152 155 165 168 160 151 144 138 134 132 131 132 135 136 135 133 134 135 138 140 142 142 139 136 134 131 130 131 133 134 136 136 135 134 133 132 131 131 131 129 127 126 126 128 128 129 129 129 129 128 128 127 127 127 126 126 125 125 124 124 123 122 121 120 119 117 116 115 114 113 113 112 111 110
105 102 100 101 101 97 94 95 94 95 98 96 90 72 39 24 15 345 305 166 153 148 149 165 185 177 159 148 141 134 129 126 125 127 130 133 134 134 133 135 137 139 141 143 141 138 135 134 134 134 135 136 137 137 137 136 135 132 132 134 134 132 130 128 127 128 128 128 129 128 127 127 127 126 126 126 125 125 125 124 124 123 122 122 121 120 119 118 117 116 115 114 113 113 112 111
115 113 109 105 100 95 90 90 94 98 102 112 125 127 93 105 152 166 169 155 145 143 149 178 190 168 151 141 134 126 121 119 120 121 124 127 129 130 131 134 138 138 140 141 140 137 135 134 135 136 136 137 137 137 136 137 137 135 134 135 134 133 131 130 129 130 129 129 128 127 125 125 125 125 125 125 124 124 124 123 123 123 122 121 121 120 119 118 117 116 116 115 114 113 112 112
126 124 119 114 111 109 106 107 114 120 125 134 152 164 165 163 161 164 165 154 144 144 164 184 167 153 140 130 124 120 118 117 118 119 120 122 125 126 128 131 136 138 138 140 141 140 138 138 138 138 137 137 138 137 136 136 137 136 136 136 136 135 133 130 129 130 131 130 128 124 122 123 124 124 124 123 123 123 123 123 122 122 122 121 121 120 119 118 118 117 116 115 115 114 113 112
141 139 134 130 129 130 127 124 125 130 135 140 150 154 153 153 153 157 158 150 143 156 187 158 153 145 130 124 121 120 119 118 118 118 119 121 123 124 124 127 131 135 136 138 140 140 138 138 139 138 137 137 137 138 138 139 138 137 136 137 138 138 136 133 130 130 131 131 129 125 121 121 122 122 122 121 121 121 122 122 122 122 121 121 121 120 119 119 118 117 116 115 115 114 113 112
156 154 150 145 141 139 136 133 128 127 132 134 139 139 135 133 134 139 138 129 122 159 156 152 152 143 133 130 126 121 119 117 116 117 119 120 121 122 122 124 128 133 134 135 138 138 137 136 138 139 138 137 137 137 137 138 139 138 137 136 137 137 136 134 132 131 132 133 133 129 124 121 120 119 116 116 117 119 120 121 121 121 121 121 121 120 119 118 118 117 116 116 115 114 113 112
171 168 164 159 152 147 142 140 131 126 126 123 123 125 124 122 117 111 106 97 109 139 146 153 153 146 138 134 129 122 119 118 117 118 117 118 121 125 126 127 130 133 133 134 136 138 138 138 139 140 140 140 139 138 137 137 138 138 137 136 136 136 135 132 131 131 133 135 135 131 126 123 120 118 116 115 116 117 117 117 119 121 121 121 120 120 119 118 118 117 116 115 114 114 113 112
185 182 176 171 166 161 156 152 141 135 138 138 136 136 133 127 121 116 118 126 131 131 140 152 152 147 141 136 129 124 123 123 123 119 115 118 124 129 130 130 131 133 133 134 136 138 139 139 139 140 140 140 141 141 140 138 138 137 136 135 135 136 135 133 132 132 132 135 136 132 127 124 123 123 123 121 120 119 116 116 118 121 122 121 121 120 119 118 117 117 116 115 114 113 113 112
196 192 185 181 176 171 166 162 157 154 155 156 156 155 148 139 133 131 135 139 137 134 142 151 152 149 145 141 131 128 129 130 131 122 116 122 129 133 131 130 133 134 134 135 137 138 140 141 141 140 138 138 139 140 140 140 139 138 136 135 135 135 135 134 134 134 133 134 136 133 129 126 124 123 123 122 122 123 123 121 120 122 123 122 121 120 119 118 117 116 115 114 114 113 112 111
202 199 192 185 179 173 169 166 163 161 162 162 163 162 154 148 144 145 149 147 139 137 144 150 150 147 146 144 133 129 133 134 136 124 119 128 134 135 131 132 136 135 134 136 139 139 141 143 143 142 140 137 137 138 139 140 140 139 138 138 137 134 134 135 133 133 133 133 135 135 130 126 124 123 122 122 122 124 125 122 120 121 123 123 122 120 119 118 116 116 115 114 113 113 112 111
208 203 192 182 175 171 169 169 166 164 165 167 168 163 155 150 151 159 165 156 143 139 145 151 149 146 145 144 132 129 137 138 138 127 121 129 135 134 134 138 140 133 132 137 139 139 141 144 144 143 142 141 140 139 139 139 140 139 139 140 140 136 135 136 133 131 132 133 135 136 132 125 123 124 124 123 123 123 123 121 118 119 122 124 123 121 119 117 116 114 114 113 112 112 111 110
210 203 188 178 172 170 170 171 171 169 167 168 168 162 153 149 154 167 170 161 148 143 148 152 149 144 143 145 136 133 138 141 139 128 121 128 134 135 139 144 142 133 132 136 138 139 142 145 145 143 142 142 142 141 140 140 140 138 138 140 140 137 136 137 134 131 130 132 134 136 134 128 125 125 124 122 121 120 121 120 119 118 120 123 123 121 118 116 114 113 112 111 111 110 110 109
208 201 188 181 178 176 176 175 173 172 169 167 163 158 152 150 158 172 172 162 154 150 152 154 152 144 142 142 139 138 140 141 139 129 125 132 137 141 146 149 144 139 137 136 137 138 141 144 145 144 143 142 142 141 140 141 141 138 136 138 139 137 136 137 137 134 132 132 133 135 135 130 125 124 123 122 120 119 118 118 118 118 119 122 124 121 117 114 111 109 108 108 108 109 108 107
210 204 194 189 186 182 180 178 175 174 173 166 160 157 152 152 162 174 172 164 162 160 160 160 154 143 138 136 135 137 139 141 139 130 129 138 144 148 152 150 146 141 135 135 140 141 141 142 143 143 143 144 145 142 140 141 142 140 138 139 140 138 137 137 138 137 135 135 135 134 132 128 124 123 122 121 121 121 119 118 118 118 120 121 124 123 117 112 107 103 104 107 109 109 108 106
215 210 200 195 190 184 180 177 177 177 172 163 160 160 155 152 162 172 168 164 164 165 169 170 155 141 140 137 134 133 136 138 135 129 130 139 148 152 153 150 147 137 130 134 142 144 142 140 141 142 142 146 147 144 141 141 143 142 139 139 141 141 139 137 138 138 137 138 138 138 136 131 128 126 124 122 121 122 122 119 117 118 120 119 121 121 115 109 105 103 108 113 114 111 107 105
217 213 204 196 190 186 180 177 177 175 166 158 161 165 160 153 158 166 164 161 160 164 173 174 159 150 150 147 139 136 135 134 131 129 130 136 142 147 151 152 146 136 132 136 143 146 145 144 144 143 143 146 147 146 143 142 143 143 140 139 141 143 142 138 139 140 139 139 139 140 139 134 130 128 126 123 122 122 123 120 117 117 121 121 121 122 115 110 109 111 115 119 117 111 104 102
217 213 203 195 189 186 183 182 179 169 158 155 162 169 162 152 156 165 166 160 157 161 169 169 164 158 158 157 150 147 146 140 133 129 132 137 141 145 149 150 144 138 139 141 145 148 150 150 147 145 145 147 148 147 144 142 142 143 141 140 141 144 142 139 139 141 141 139 138 139 139 136 130 127 126 124 122 121 123 122 117 117 122 124 123 125 119 114 115 116 117 120 117 110 105 106
216 211 202 196 191 187 186 185 179 165 154 155 164 169 160 151 157 169 170 163 159 160 162 164 167 166 164 160 150 152 155 148 140 133 133 139 145 149 149 146 142 141 144 145 146 150 152 150 146 145 146 148 151 149 146 143 142 142 142 140 141 144 142 139 139 142 142 140 139 139 140 138 133 129 127 124 122 121 121 121 116 115 121 124 123 125 123 119 118 117 118 118 117 113 112 113
215 211 205 199 193 188 185 181 173 164 157 158 166 166 156 151 157 168 166 161 158 156 155 157 163 168 172 167 157 156 155 148 144 141 142 145 149 153 150 146 146 147 148 148 147 150 150 148 147 147 149 152 154 153 150 145 142 143 142 140 141 144 144 141 140 143 143 141 140 140 141 141 138 134 129 127 125 121 120 120 117 117 121 125 123 124 125 121 119 118 118 118 119 117 115 114
218 213 206 200 193 187 182 174 166 162 160 162 166 162 154 150 154 160 159 155 150 148 147 148 151 159 165 164 164 167 162 154 150 146 150 158 161 161 154 151 153 154 152 149 147 149 151 151 151 151 152 156 157 157 154 147 143 143 143 141 141 143 143 142 143 145 145 143 142 140 141 142 141 137 133 130 129 125 122 122 120 119 122 126 124 124 125 123 120 119 120 121 122 117 113 112
220 215 207 200 191 185 178 169 160 158 160 162 165 159 153 150 150 155 154 150 145 141 141 141 141 144 148 151 158 164 161 158 152 147 151 164 170 169 164 163 164 161 157 152 150 151 152 151 152 153 154 157 159 159 156 149 144 143 143 141 140 142 142 140 143 145 145 145 143 140 139 141 141 140 136 133 132 129 125 122 119 118 121 125 125 124 125 124 121 121 122 123 122 114 111 113
221 216 206 199 192 185 176 165 157 157 158 157 162 162 157 152 148 152 155 150 144 139 136 134 133 134 135 139 144 147 150 151 147 145 148 158 169 170 170 174 175 171 164 160 159 159 157 155 156 156 156 158 160 161 159 152 144 142 143 142 140 142 140 136 134 132 133 138 140 138 138 140 140 139 138 136 134 131 126 122 118 117 120 124 124 126 127 125 123 122 122 123 121 112 112 118
220 214 200 193 192 189 180 169 159 158 157 151 157 163 160 154 149 151 157 155 146 136 130 128 127 128 130 134 135 134 134 136 138 141 144 150 159 163 167 174 178 176 169 165 164 163 162 162 164 161 159 159 160 163 162 155 146 142 142 141 138 139 135 127 119 113 114 124 132 134 136 138 138 137 138 138 137 134 130 125 122 120 122 124 126 128 129 127 124 122 123 125 122 114 115 122
214 207 192 186 186 185 181 177 170 165 158 147 153 161 158 152 148 149 157 157 148 135 127 122 119 119 123 128 128 128 131 134 134 139 141 143 151 154 157 163 170 173 170 164 160 158 158 163 166 164 161 158 161 165 164 157 148 143 142 139 135 132 126 122 124 123 122 125 128 130 131 134 135 136 137 139 138 137 134 131 127 124 126 129 130 132 133 132 127 124 126 129 122 114 116 122
210 202 189 182 181 179 178 177 175 174 162 148 152 162 156 147 144 147 156 154 144 135 128 119 113 113 115 118 122 126 133 134 131 136 138 138 147 151 152 158 163 167 168 164 157 151 151 157 162 163 160 158 163 167 163 156 146 139 136 134 131 129 130 133 135 133 131 130 130 130 128 128 131 133 135 137 139 138 136 136 134 130 130 133 134 134 137 135 128 126 128 132 123 115 118 124
209 201 189 184 180 176 174 173 174 175 168 156 157 164 155 143 138 143 152 151 142 135 130 124 119 114 112 118 125 131 139 137 132 135 137 135 141 148 149 154 159 163 167 165 159 153 151 155 160 162 160 161 165 167 165 159 149 138 132 132 135 137 139 141 139 135 133 132 131 131 127 122 122 126 130 135 138 138 136 137 137 133 131 134 134 135 140 136 127 126 130 135 126 119 121 127
203 198 189 184 179 175 174 171 169 171 169 165 166 164 151 140 135 139 147 149 144 139 136 129 124 122 125 133 136 141 148 140 132 133 136 132 136 144 147 151 156 160 164 162 157 153 152 155 160 161 161 163 168 169 168 165 158 149 144 146 146 143 144 144 141 137 134 132 131 131 128 121 118 120 124 129 133 135 133 132 132 130 128 132 134 137 143 138 129 128 133 137 128 121 123 129
199 196 189 183 178 176 174 168 165 167 168 172 177 171 153 145 143 141 141 144 143 142 144 140 138 141 144 146 148 154 157 147 135 133 135 132 133 138 142 146 151 157 160 159 154 151 153 157 161 162 162 164 169 172 171 167 161 154 149 151 150 146 144 144 140 136 135 133 132 132 131 127 124 122 122 124 128 130 129 128 129 128 127 130 134 141 147 141 133 130 135 138 128 123 126 131
199 195 187 182 178 175 172 165 162 164 168 173 179 176 164 158 155 149 145 144 148 151 154 156 154 152 154 155 155 158 161 153 142 139 137 132 131 133 136 139 143 149 153 155 152 148 151 158 164 164 163 164 169 173 172 168 161 153 148 148 148 145 144 142 139 136 135 134 133 132 130 127 126 126 124 124 126 128 129 130 132 130 129 130 135 146 154 150 142 136 137 137 129 126 129 133
198 193 186 181 176 171 167 163 162 162 165 168 172 175 173 168 161 153 148 146 148 152 157 161 160 157 153 150 152 155 156 153 147 147 144 134 128 129 132 132 134 139 144 149 149 145 147 156 162 162 161 165 171 174 173 170 162 152 146 146 146 145 144 142 139 137 136 136 134 133 129 124 121 123 123 121 125 127 127 128 131 131 132 132 135 145 153 152 149 144 143 139 134 131 130 132
