windninja/windninja_output/Output_2025-08-09_1000-1050_Google earth_Fire_150m_10min/merlingen_7.5mi_point_08-09-2025_1050_150m_vel.asc
ncols	158
nrows	163
xllcorner	391686.332397
yllcorner	5160024.123721
cellsize	150.000000
NODATA_value	-32768.000000
[rows 0 to 37 of 163, columns 0 to 83 of 158]
0.93 0.95 0.97 0.97 0.99 1.02 0.96 0.93 0.98 1.00 0.95 0.89 0.88 1.01 1.12 1.12 1.08 1.02 1.06 1.15 1.06 0.90 0.93 1.03 1.08 1.07 1.00 0.98 1.04 1.05 1.03 1.05 1.07 1.04 1.06 1.14 1.10 1.07 1.10 1.06 1.06 1.11 1.11 1.13 1.15 1.15 1.18 1.15 1.11 1.13 1.14 1.14 1.17 1.17 1.14 1.15 1.16 1.19 1.22 1.20 1.17 1.19 1.21 1.22 1.22 1.26 1.32 1.34 1.33 1.27 1.24 1.24 1.26 1.29 1.33 1.35 1.34 1.36 1.35 1.32 1.31 1.32 1.40 1.43
0.91 0.96 0.98 0.97 1.01 1.01 0.93 0.92 0.99 0.99 0.93 0.81 0.76 0.90 1.08 1.17 1.15 1.08 1.13 1.20 1.04 0.86 0.88 1.01 1.10 1.09 0.99 0.97 1.03 1.04 1.03 1.05 1.06 1.04 1.07 1.15 1.11 1.08 1.10 1.05 1.05 1.10 1.11 1.16 1.18 1.17 1.20 1.17 1.11 1.10 1.12 1.13 1.15 1.15 1.13 1.13 1.15 1.19 1.23 1.20 1.15 1.16 1.19 1.20 1.18 1.21 1.29 1.36 1.37 1.30 1.23 1.22 1.24 1.27 1.31 1.33 1.33 1.39 1.39 1.31 1.28 1.31 1.39 1.44
0.87 0.97 1.00 0.97 1.02 0.97 0.90 0.94 1.01 1.00 0.89 0.69 0.60 0.75 1.03 1.25 1.27 1.20 1.24 1.21 1.02 0.85 0.81 0.92 1.09 1.10 1.01 0.96 0.99 1.00 1.03 1.05 1.05 1.07 1.10 1.14 1.13 1.12 1.10 1.06 1.06 1.09 1.12 1.20 1.21 1.19 1.21 1.20 1.12 1.07 1.09 1.10 1.11 1.12 1.11 1.11 1.15 1.17 1.22 1.22 1.15 1.13 1.15 1.17 1.14 1.15 1.25 1.38 1.44 1.34 1.21 1.19 1.23 1.25 1.28 1.28 1.30 1.44 1.45 1.29 1.21 1.32 1.40 1.40
0.85 0.98 1.00 0.97 1.01 0.93 0.90 1.00 1.06 1.01 0.83 0.60 0.56 0.71 0.99 1.31 1.35 1.28 1.25 1.17 1.02 0.90 0.80 0.82 1.01 1.08 1.03 0.98 0.96 0.98 1.03 1.06 1.08 1.11 1.12 1.12 1.12 1.13 1.11 1.09 1.08 1.09 1.15 1.22 1.22 1.20 1.19 1.17 1.12 1.08 1.07 1.05 1.06 1.11 1.12 1.12 1.15 1.16 1.18 1.20 1.18 1.13 1.13 1.15 1.14 1.14 1.22 1.37 1.46 1.35 1.20 1.20 1.24 1.24 1.24 1.22 1.25 1.42 1.48 1.29 1.14 1.31 1.45 1.37
0.86 0.96 1.00 0.98 1.01 0.95 0.96 1.08 1.09 0.95 0.73 0.55 0.54 0.73 1.06 1.33 1.38 1.30 1.21 1.15 1.07 0.98 0.84 0.78 0.93 1.02 1.02 0.99 0.95 0.97 1.02 1.08 1.14 1.15 1.11 1.10 1.11 1.13 1.15 1.13 1.10 1.11 1.18 1.22 1.20 1.19 1.15 1.12 1.10 1.09 1.05 1.01 1.04 1.10 1.14 1.14 1.15 1.16 1.16 1.18 1.18 1.13 1.11 1.14 1.14 1.14 1.19 1.35 1.46 1.33 1.22 1.23 1.25 1.24 1.22 1.22 1.24 1.34 1.42 1.31 1.13 1.23 1.44 1.40
0.90 0.95 0.98 0.99 1.02 1.01 1.04 1.10 1.02 0.84 0.67 0.57 0.55 0.76 1.12 1.30 1.35 1.29 1.17 1.14 1.13 1.08 0.92 0.80 0.87 0.96 0.96 0.96 0.95 0.96 1.00 1.10 1.18 1.16 1.10 1.09 1.13 1.16 1.19 1.16 1.11 1.13 1.18 1.18 1.16 1.15 1.12 1.09 1.08 1.06 1.02 1.03 1.04 1.09 1.14 1.16 1.16 1.16 1.15 1.15 1.16 1.12 1.10 1.13 1.14 1.14 1.18 1.34 1.43 1.31 1.24 1.29 1.28 1.21 1.19 1.26 1.31 1.32 1.30 1.26 1.21 1.22 1.36 1.40
0.95 0.97 0.97 1.00 1.05 1.06 1.09 1.06 0.92 0.77 0.67 0.62 0.59 0.79 1.14 1.26 1.27 1.26 1.18 1.15 1.18 1.18 1.02 0.83 0.83 0.88 0.90 0.93 0.95 0.94 0.99 1.11 1.18 1.14 1.13 1.15 1.17 1.19 1.18 1.15 1.12 1.13 1.15 1.14 1.12 1.12 1.11 1.08 1.05 1.01 0.99 1.04 1.07 1.09 1.15 1.18 1.18 1.17 1.15 1.14 1.12 1.09 1.10 1.14 1.16 1.14 1.18 1.33 1.39 1.26 1.24 1.36 1.35 1.20 1.14 1.26 1.37 1.37 1.21 1.19 1.32 1.32 1.31 1.36
0.98 0.99 0.99 1.01 1.05 1.07 1.08 0.99 0.86 0.77 0.72 0.67 0.65 0.81 1.11 1.23 1.19 1.21 1.21 1.17 1.21 1.25 1.10 0.90 0.81 0.80 0.86 0.93 0.92 0.91 1.00 1.12 1.13 1.12 1.16 1.21 1.19 1.16 1.15 1.13 1.12 1.12 1.12 1.11 1.11 1.11 1.09 1.07 1.02 0.97 0.97 1.03 1.06 1.09 1.18 1.22 1.19 1.19 1.16 1.13 1.09 1.04 1.05 1.13 1.18 1.18 1.20 1.31 1.35 1.22 1.20 1.36 1.39 1.24 1.15 1.21 1.37 1.38 1.18 1.17 1.41 1.40 1.28 1.32
0.99 1.01 1.03 1.02 1.03 1.05 1.03 0.95 0.87 0.81 0.77 0.73 0.70 0.80 1.07 1.20 1.15 1.16 1.19 1.18 1.24 1.27 1.16 0.99 0.85 0.78 0.84 0.90 0.86 0.88 1.03 1.10 1.07 1.11 1.20 1.23 1.17 1.12 1.12 1.12 1.11 1.11 1.11 1.11 1.12 1.09 1.06 1.06 1.00 0.92 0.97 1.04 1.01 1.06 1.23 1.26 1.21 1.20 1.17 1.12 1.06 0.98 0.96 1.06 1.17 1.24 1.26 1.29 1.29 1.23 1.22 1.32 1.34 1.27 1.19 1.20 1.32 1.33 1.18 1.23 1.48 1.46 1.24 1.23
1.00 1.02 1.05 1.04 1.02 1.01 0.99 0.95 0.90 0.86 0.82 0.78 0.74 0.79 1.00 1.15 1.15 1.15 1.15 1.19 1.26 1.26 1.21 1.06 0.90 0.80 0.79 0.85 0.83 0.87 1.05 1.07 1.01 1.10 1.21 1.21 1.13 1.09 1.10 1.11 1.12 1.13 1.12 1.11 1.13 1.08 1.03 1.05 1.00 0.89 0.95 1.04 0.99 1.06 1.25 1.30 1.22 1.19 1.17 1.09 1.05 0.99 0.90 0.94 1.11 1.26 1.30 1.26 1.20 1.22 1.30 1.34 1.29 1.24 1.21 1.22 1.30 1.25 1.15 1.32 1.53 1.53 1.29 1.14
1.00 1.03 1.06 1.04 1.01 0.99 0.98 0.96 0.93 0.89 0.86 0.82 0.77 0.78 0.93 1.10 1.15 1.17 1.15 1.19 1.25 1.25 1.23 1.10 0.95 0.83 0.74 0.77 0.83 0.89 1.02 1.03 0.98 1.08 1.18 1.17 1.10 1.07 1.08 1.11 1.13 1.14 1.13 1.10 1.12 1.10 1.02 1.03 1.00 0.89 0.94 1.01 0.99 1.09 1.23 1.31 1.24 1.15 1.12 1.08 1.08 1.03 0.89 0.88 1.09 1.23 1.27 1.21 1.08 1.17 1.35 1.38 1.28 1.20 1.20 1.24 1.31 1.24 1.11 1.28 1.49 1.57 1.42 1.21
1.02 1.04 1.06 1.04 1.00 0.99 0.99 0.98 0.94 0.91 0.88 0.84 0.79 0.78 0.90 1.08 1.16 1.18 1.17 1.18 1.23 1.24 1.22 1.11 0.98 0.83 0.69 0.71 0.82 0.89 0.96 0.99 0.99 1.06 1.12 1.11 1.08 1.07 1.09 1.11 1.12 1.15 1.13 1.08 1.12 1.13 1.02 0.99 1.00 0.94 0.96 0.98 0.99 1.11 1.21 1.27 1.24 1.14 1.08 1.06 1.11 1.09 0.94 0.95 1.12 1.18 1.19 1.10 0.96 1.10 1.33 1.38 1.31 1.18 1.16 1.25 1.35 1.34 1.20 1.20 1.36 1.52 1.51 1.41
1.04 1.05 1.05 1.03 1.01 1.01 1.00 0.98 0.95 0.92 0.90 0.86 0.81 0.78 0.88 1.09 1.17 1.17 1.19 1.19 1.21 1.20 1.18 1.10 0.97 0.80 0.69 0.72 0.82 0.87 0.92 0.98 1.01 1.03 1.04 1.07 1.09 1.09 1.10 1.08 1.10 1.14 1.10 1.06 1.12 1.14 1.05 1.00 1.03 1.05 1.01 0.97 0.99 1.12 1.23 1.23 1.18 1.10 1.04 1.08 1.18 1.16 1.08 1.09 1.14 1.13 1.10 1.01 0.91 1.04 1.21 1.31 1.33 1.18 1.09 1.19 1.33 1.42 1.33 1.21 1.27 1.42 1.49 1.54
1.05 1.05 1.05 1.03 1.02 1.02 1.00 0.97 0.96 0.93 0.91 0.88 0.81 0.77 0.88 1.09 1.20 1.17 1.17 1.20 1.18 1.14 1.11 1.05 0.93 0.80 0.74 0.77 0.82 0.86 0.92 0.98 1.01 1.00 0.97 1.05 1.11 1.10 1.08 1.04 1.08 1.11 1.05 1.04 1.10 1.10 1.03 1.02 1.12 1.16 1.07 0.99 0.99 1.13 1.30 1.23 1.10 1.00 0.97 1.11 1.28 1.26 1.23 1.21 1.14 1.10 1.06 1.04 0.98 0.94 1.04 1.20 1.31 1.19 1.05 1.09 1.25 1.41 1.38 1.26 1.28 1.37 1.43 1.56
1.06 1.06 1.05 1.04 1.03 1.02 0.99 0.97 0.97 0.94 0.92 0.90 0.83 0.79 0.89 1.11 1.24 1.18 1.13 1.16 1.13 1.06 1.02 0.98 0.92 0.84 0.79 0.80 0.83 0.84 0.93 1.00 1.00 0.97 0.96 1.04 1.09 1.09 1.06 1.01 1.05 1.05 1.05 1.08 1.08 1.07 0.99 0.95 1.10 1.25 1.20 1.05 1.01 1.17 1.34 1.28 1.08 0.88 0.86 1.12 1.37 1.37 1.33 1.25 1.15 1.14 1.12 1.15 1.09 0.89 0.88 1.11 1.26 1.18 1.03 1.05 1.22 1.33 1.34 1.34 1.35 1.35 1.39 1.50
1.07 1.06 1.05 1.04 1.02 1.01 0.99 0.98 0.97 0.95 0.93 0.91 0.87 0.82 0.89 1.13 1.25 1.17 1.09 1.09 1.07 0.99 0.95 0.94 0.93 0.89 0.82 0.80 0.83 0.84 0.95 1.02 0.97 0.95 0.96 0.99 1.03 1.07 1.03 1.02 1.03 1.00 1.06 1.15 1.06 1.03 1.05 0.93 0.93 1.17 1.30 1.15 1.08 1.21 1.32 1.34 1.18 0.88 0.81 1.11 1.41 1.46 1.36 1.17 1.17 1.29 1.25 1.23 1.20 0.93 0.84 1.03 1.17 1.09 1.02 1.07 1.17 1.24 1.32 1.46 1.42 1.29 1.34 1.41
1.07 1.07 1.06 1.04 1.02 1.01 1.00 0.98 0.98 0.96 0.95 0.92 0.90 0.86 0.92 1.12 1.21 1.14 1.06 1.03 1.00 0.95 0.90 0.90 0.94 0.93 0.83 0.79 0.84 0.89 0.97 1.00 0.92 0.91 0.94 0.96 0.99 1.03 1.01 1.02 1.03 0.99 1.07 1.16 1.07 1.01 1.08 1.02 0.92 1.06 1.23 1.20 1.15 1.20 1.24 1.31 1.30 1.04 0.87 1.16 1.44 1.49 1.35 1.10 1.15 1.39 1.39 1.31 1.26 1.03 0.87 0.94 1.04 1.01 0.99 1.03 1.07 1.20 1.39 1.52 1.40 1.25 1.29 1.33
1.07 1.07 1.06 1.04 1.02 1.01 1.00 0.99 0.98 0.98 0.96 0.94 0.92 0.91 0.94 1.07 1.16 1.11 1.04 0.99 0.95 0.90 0.87 0.89 0.94 0.92 0.85 0.80 0.84 0.91 0.95 0.91 0.85 0.87 0.95 1.00 1.00 0.99 0.99 1.02 1.04 1.03 1.08 1.11 1.08 1.05 1.06 1.05 1.06 1.12 1.16 1.15 1.15 1.18 1.19 1.24 1.33 1.21 1.04 1.19 1.45 1.49 1.31 1.11 1.16 1.40 1.50 1.40 1.26 1.12 0.99 0.90 0.99 1.01 0.91 0.92 1.00 1.21 1.46 1.47 1.33 1.28 1.26 1.27
1.08 1.07 1.06 1.04 1.03 1.02 1.00 1.00 0.99 0.98 0.96 0.95 0.94 0.94 0.95 1.02 1.09 1.07 1.00 0.95 0.90 0.88 0.87 0.88 0.91 0.90 0.87 0.84 0.84 0.88 0.88 0.83 0.80 0.85 0.96 1.04 1.04 1.00 0.97 1.02 1.04 1.04 1.08 1.07 1.07 1.10 1.09 1.05 1.10 1.19 1.16 1.11 1.09 1.12 1.16 1.21 1.29 1.28 1.19 1.23 1.43 1.49 1.30 1.18 1.22 1.38 1.53 1.46 1.28 1.23 1.13 0.94 0.97 0.98 0.84 0.84 0.96 1.17 1.41 1.39 1.31 1.30 1.20 1.17
1.08 1.07 1.06 1.04 1.03 1.02 1.01 1.01 0.99 0.97 0.96 0.96 0.95 0.95 0.95 0.99 1.02 1.01 0.96 0.93 0.89 0.88 0.87 0.87 0.88 0.89 0.87 0.85 0.83 0.83 0.80 0.76 0.78 0.85 0.96 1.06 1.08 1.02 0.97 1.02 1.03 1.03 1.07 1.07 1.08 1.15 1.17 1.07 1.05 1.19 1.21 1.12 1.06 1.06 1.13 1.18 1.24 1.30 1.29 1.28 1.39 1.47 1.35 1.25 1.28 1.38 1.49 1.47 1.38 1.34 1.18 0.96 0.97 0.98 0.86 0.81 0.89 1.08 1.30 1.37 1.34 1.32 1.18 1.08
1.08 1.08 1.06 1.04 1.03 1.02 1.01 1.01 0.99 0.96 0.96 0.97 0.96 0.94 0.95 0.95 0.96 0.96 0.94 0.91 0.89 0.88 0.87 0.86 0.87 0.87 0.86 0.84 0.82 0.79 0.73 0.71 0.77 0.88 0.98 1.06 1.11 1.06 0.98 1.00 1.01 1.02 1.06 1.09 1.14 1.19 1.19 1.09 1.04 1.16 1.23 1.17 1.10 1.05 1.08 1.12 1.18 1.26 1.33 1.33 1.35 1.48 1.46 1.31 1.31 1.40 1.42 1.47 1.48 1.36 1.13 0.96 0.97 1.02 0.91 0.76 0.82 1.07 1.31 1.41 1.40 1.33 1.20 1.05
1.09 1.08 1.05 1.04 1.03 1.02 1.01 1.01 0.99 0.96 0.96 0.97 0.96 0.94 0.93 0.93 0.93 0.94 0.93 0.90 0.89 0.87 0.86 0.85 0.84 0.85 0.84 0.82 0.81 0.77 0.69 0.66 0.76 0.93 1.00 1.05 1.12 1.07 0.97 0.97 0.98 1.01 1.07 1.13 1.19 1.20 1.18 1.12 1.08 1.14 1.22 1.22 1.17 1.10 1.05 1.07 1.12 1.19 1.28 1.35 1.35 1.51 1.57 1.37 1.36 1.43 1.40 1.47 1.49 1.28 1.07 0.99 1.04 1.10 0.94 0.68 0.71 1.01 1.32 1.50 1.49 1.34 1.25 1.11
1.09 1.07 1.05 1.04 1.04 1.02 1.01 1.00 0.99 0.97 0.96 0.96 0.95 0.93 0.92 0.92 0.91 0.92 0.91 0.89 0.87 0.86 0.85 0.83 0.82 0.82 0.81 0.80 0.80 0.76 0.68 0.64 0.78 0.96 1.01 1.04 1.08 1.06 0.98 0.94 0.96 1.01 1.08 1.17 1.22 1.23 1.19 1.14 1.10 1.13 1.23 1.23 1.20 1.15 1.08 1.06 1.10 1.13 1.13 1.28 1.39 1.55 1.64 1.48 1.45 1.46 1.39 1.43 1.39 1.20 1.07 1.04 1.14 1.21 1.00 0.66 0.57 0.85 1.22 1.52 1.60 1.46 1.39 1.24
1.09 1.07 1.06 1.06 1.04 1.02 1.00 0.99 0.99 0.99 0.97 0.95 0.94 0.93 0.91 0.91 0.90 0.90 0.90 0.87 0.86 0.85 0.83 0.81 0.80 0.79 0.78 0.78 0.80 0.78 0.70 0.67 0.80 0.94 1.00 1.04 1.04 1.03 1.00 0.96 0.95 1.00 1.07 1.18 1.28 1.27 1.17 1.15 1.12 1.13 1.23 1.24 1.21 1.20 1.13 1.07 1.10 1.09 1.01 1.15 1.40 1.60 1.73 1.67 1.55 1.41 1.31 1.30 1.25 1.18 1.11 1.11 1.24 1.29 1.05 0.68 0.52 0.73 1.02 1.33 1.59 1.59 1.55 1.42
1.09 1.07 1.06 1.05 1.03 1.01 0.99 0.99 1.00 0.99 0.97 0.94 0.92 0.93 0.91 0.90 0.89 0.89 0.88 0.86 0.84 0.83 0.81 0.79 0.77 0.75 0.73 0.76 0.84 0.82 0.74 0.71 0.78 0.88 0.96 1.01 1.02 1.03 1.02 0.98 0.95 0.97 1.04 1.20 1.34 1.24 1.12 1.16 1.17 1.16 1.22 1.25 1.23 1.23 1.17 1.09 1.10 1.06 0.96 1.04 1.33 1.65 1.85 1.82 1.54 1.28 1.18 1.15 1.15 1.17 1.16 1.20 1.35 1.30 1.00 0.72 0.61 0.71 0.86 1.06 1.38 1.57 1.61 1.60
1.09 1.08 1.06 1.05 1.03 1.01 0.99 0.99 1.00 0.99 0.96 0.93 0.92 0.92 0.90 0.89 0.88 0.87 0.86 0.85 0.83 0.81 0.79 0.76 0.73 0.69 0.67 0.77 0.90 0.88 0.77 0.75 0.78 0.82 0.90 0.96 1.00 1.08 1.08 0.99 0.96 0.97 1.04 1.25 1.32 1.16 1.12 1.19 1.21 1.21 1.23 1.27 1.28 1.24 1.19 1.11 1.05 1.03 0.99 1.03 1.30 1.73 1.94 1.78 1.43 1.18 1.07 1.03 1.12 1.23 1.29 1.37 1.39 1.20 0.90 0.75 0.84 0.86 0.78 0.84 1.13 1.38 1.49 1.63
1.08 1.07 1.06 1.04 1.03 1.01 0.99 1.00 1.01 0.98 0.94 0.93 0.92 0.91 0.89 0.88 0.87 0.86 0.84 0.83 0.81 0.80 0.78 0.74 0.69 0.61 0.60 0.79 0.95 0.92 0.82 0.80 0.81 0.79 0.82 0.87 0.95 1.14 1.16 1.02 0.96 1.00 1.09 1.24 1.22 1.07 1.14 1.24 1.25 1.23 1.22 1.30 1.33 1.29 1.22 1.04 0.94 1.02 1.09 1.15 1.49 1.90 1.88 1.57 1.33 1.18 1.03 0.98 1.11 1.33 1.53 1.53 1.31 1.06 0.77 0.71 1.02 1.14 0.85 0.73 0.92 1.13 1.25 1.45
1.08 1.07 1.06 1.04 1.03 1.00 0.99 1.01 1.00 0.96 0.94 0.93 0.91 0.89 0.88 0.88 0.86 0.84 0.83 0.82 0.81 0.79 0.76 0.71 0.64 0.55 0.56 0.78 0.95 0.92 0.89 0.89 0.86 0.80 0.77 0.77 0.87 1.16 1.25 1.07 0.96 1.06 1.11 1.16 1.13 1.01 1.09 1.25 1.33 1.24 1.17 1.32 1.39 1.38 1.26 0.88 0.77 1.03 1.23 1.37 1.73 1.96 1.67 1.31 1.20 1.15 1.02 0.98 1.13 1.44 1.71 1.58 1.22 0.95 0.68 0.61 0.99 1.37 1.13 0.76 0.78 0.90 1.04 1.25
1.07 1.07 1.06 1.04 1.02 1.00 1.00 1.01 0.98 0.94 0.93 0.92 0.91 0.89 0.88 0.87 0.85 0.83 0.82 0.82 0.81 0.78 0.74 0.68 0.61 0.52 0.56 0.75 0.89 0.89 0.94 0.99 0.92 0.84 0.80 0.75 0.83 1.11 1.29 1.12 1.01 1.11 1.10 1.10 1.06 0.96 1.01 1.19 1.38 1.30 1.12 1.29 1.44 1.47 1.28 0.76 0.63 1.05 1.41 1.61 1.83 1.83 1.50 1.16 1.07 1.07 0.97 0.98 1.23 1.56 1.76 1.56 1.19 0.92 0.65 0.58 0.85 1.40 1.40 0.97 0.76 0.75 0.91 1.15
1.07 1.07 1.05 1.04 1.02 1.01 1.00 0.99 0.96 0.93 0.92 0.91 0.90 0.89 0.88 0.86 0.85 0.83 0.81 0.81 0.80 0.76 0.72 0.67 0.60 0.54 0.59 0.72 0.78 0.80 0.93 1.07 1.01 0.96 0.92 0.80 0.80 1.08 1.30 1.15 1.07 1.11 1.05 1.08 1.00 0.90 0.98 1.11 1.35 1.33 1.12 1.25 1.45 1.51 1.31 0.81 0.63 1.04 1.55 1.85 1.84 1.59 1.37 1.17 1.05 1.01 0.90 0.98 1.40 1.70 1.71 1.46 1.18 0.96 0.71 0.64 0.86 1.32 1.55 1.29 0.87 0.68 0.80 1.07
1.07 1.06 1.04 1.03 1.02 1.02 1.00 0.97 0.95 0.93 0.91 0.91 0.90 0.89 0.87 0.85 0.84 0.82 0.80 0.80 0.78 0.75 0.72 0.67 0.61 0.58 0.61 0.66 0.67 0.69 0.86 1.07 1.13 1.17 1.07 0.80 0.76 1.07 1.30 1.18 1.09 1.07 0.99 1.05 0.98 0.88 0.98 1.12 1.29 1.27 1.14 1.23 1.39 1.53 1.38 0.92 0.79 1.12 1.62 2.01 1.79 1.32 1.20 1.20 1.13 1.01 0.85 0.98 1.55 1.84 1.61 1.27 1.13 0.98 0.77 0.75 0.88 1.21 1.59 1.55 1.07 0.70 0.73 0.96
1.08 1.06 1.03 1.02 1.03 1.02 0.98 0.96 0.94 0.92 0.91 0.90 0.89 0.88 0.87 0.85 0.83 0.81 0.80 0.80 0.78 0.74 0.71 0.68 0.63 0.62 0.61 0.60 0.57 0.61 0.81 1.06 1.22 1.34 1.16 0.74 0.73 1.12 1.29 1.16 1.06 0.99 0.93 1.00 0.97 0.91 1.03 1.18 1.22 1.16 1.14 1.20 1.29 1.49 1.42 1.01 1.00 1.32 1.72 2.05 1.75 1.15 1.04 1.21 1.27 1.08 0.84 0.99 1.62 1.90 1.49 1.15 1.10 0.96 0.76 0.76 0.86 1.13 1.56 1.71 1.32 0.82 0.74 0.90
1.07 1.05 1.01 1.01 1.05 1.02 0.96 0.94 0.93 0.92 0.90 0.89 0.89 0.88 0.87 0.84 0.82 0.81 0.80 0.79 0.78 0.74 0.71 0.69 0.67 0.64 0.61 0.56 0.49 0.57 0.85 1.10 1.24 1.39 1.21 0.73 0.75 1.16 1.22 1.06 1.01 0.94 0.90 0.97 0.96 0.95 1.10 1.19 1.12 1.13 1.16 1.16 1.20 1.37 1.38 1.10 1.12 1.49 1.85 2.03 1.64 1.04 0.91 1.20 1.45 1.24 0.89 0.98 1.60 1.89 1.47 1.17 1.13 0.93 0.73 0.72 0.80 1.06 1.49 1.78 1.49 1.02 0.89 0.92
1.05 1.04 1.00 1.02 1.05 0.99 0.94 0.93 0.92 0.91 0.89 0.89 0.89 0.87 0.86 0.83 0.82 0.81 0.80 0.79 0.78 0.75 0.72 0.70 0.70 0.65 0.60 0.53 0.48 0.60 0.88 1.11 1.18 1.36 1.33 0.84 0.78 1.11 1.12 0.97 0.98 0.92 0.90 0.97 0.96 1.00 1.13 1.13 1.08 1.14 1.18 1.16 1.17 1.23 1.27 1.17 1.16 1.47 1.89 2.06 1.65 1.00 0.77 1.11 1.56 1.47 1.07 0.99 1.42 1.79 1.55 1.26 1.15 0.90 0.72 0.69 0.74 0.95 1.38 1.75 1.65 1.31 1.16 1.07
1.04 1.02 1.01 1.04 1.04 0.98 0.94 0.92 0.92 0.91 0.89 0.89 0.88 0.86 0.85 0.83 0.82 0.82 0.80 0.78 0.78 0.76 0.73 0.72 0.71 0.65 0.59 0.52 0.50 0.62 0.87 1.05 1.13 1.31 1.41 1.05 0.79 0.97 1.02 0.92 0.94 0.92 0.91 0.96 0.99 1.06 1.10 1.06 1.09 1.16 1.17 1.17 1.17 1.15 1.19 1.23 1.25 1.37 1.71 2.05 1.83 1.12 0.69 0.93 1.53 1.68 1.39 1.14 1.32 1.64 1.53 1.31 1.17 0.93 0.76 0.69 0.70 0.85 1.16 1.55 1.72 1.60 1.48 1.35
1.02 1.01 1.02 1.04 1.02 0.96 0.92 0.91 0.91 0.90 0.89 0.87 0.87 0.86 0.84 0.83 0.82 0.82 0.80 0.79 0.79 0.77 0.75 0.73 0.70 0.65 0.59 0.53 0.51 0.63 0.87 1.01 1.12 1.30 1.41 1.15 0.80 0.83 0.93 0.89 0.89 0.91 0.95 0.97 1.04 1.11 1.06 1.05 1.12 1.15 1.16 1.18 1.19 1.15 1.18 1.27 1.32 1.34 1.50 1.93 1.93 1.28 0.71 0.75 1.32 1.75 1.71 1.45 1.44 1.50 1.32 1.26 1.19 0.98 0.84 0.72 0.69 0.83 0.98 1.18 1.47 1.62 1.70 1.68
1.01 1.01 1.02 1.03 1.00 0.93 0.90 0.90 0.90 0.89 0.88 0.87 0.86 0.85 0.84 0.83 0.82 0.82 0.80 0.80 0.80 0.78 0.76 0.74 0.70 0.66 0.60 0.53 0.53 0.72 0.94 1.03 1.15 1.28 1.31 1.12 0.86 0.79 0.87 0.89 0.86 0.91 0.99 1.01 1.08 1.14 1.05 1.06 1.13 1.13 1.16 1.17 1.18 1.19 1.22 1.26 1.32 1.36 1.44 1.78 1.93 1.43 0.84 0.69 1.02 1.60 1.89 1.81 1.60 1.31 1.10 1.19 1.20 1.04 0.89 0.75 0.70 0.83 1.00 1.06 1.14 1.34 1.64 1.87
1.01 1.00 1.02 1.01 0.96 0.92 0.90 0.89 0.89 0.89 0.88 0.86 0.85 0.85 0.84 0.83 0.83 0.82 0.81 0.81 0.80 0.78 0.77 0.75 0.72 0.67 0.61 0.53 0.61 0.89 1.01 1.03 1.09 1.16 1.20 1.04 0.82 0.80 0.90 0.92 0.89 0.94 1.00 1.05 1.12 1.14 1.07 1.08 1.11 1.14 1.19 1.16 1.15 1.23 1.26 1.23 1.26 1.36 1.46 1.68 1.86 1.55 1.03 0.72 0.82 1.35 1.93 2.05 1.65 1.19 1.07 1.19 1.24 1.07 0.85 0.79 0.73 0.75 1.07 1.19 1.00 1.07 1.39 1.76
