windninja/windninja_output/Output_2025-08-09_1000-1050_Google earth_Fire_150m_10min/merlingen_7.5mi_point_08-09-2025_1030_150m_ang.asc
ncols	158
nrows	163
xllcorner	391686.332397
yllcorner	5160024.123721
cellsize	150.000000
NODATA_value	-32768.000000
[rows 55 to 109 of 163, columns 0 to 95 of 158]
56 57 59 60 62 62 59 58 58 58 59 59 59 58 57 56 56 55 55 54 54 54 54 54 54 54 54 54 54 54 54 54 55 55 55 55 56 56 57 58 61 64 63 61 58 56 50 45 46 44 43 50 54 58 65 60 48 45 49 53 56 62 65 63 54 43 37 34 39 41 40 41 45 47 47 45 45 48 51 50 48 50 50 48 47 49 49 50 52 54 57 57 56 57 70 79
58 58 59 60 63 65 64 61 60 60 59 59 60 60 58 58 57 56 56 55 55 55 55 55 54 54 54 54 54 55 55 55 55 55 56 56 56 57 57 58 60 62 63 61 59 57 54 50 48 43 43 53 55 60 65 57 44 45 50 55 59 62 63 61 53 43 37 36 40 43 42 43 45 45 45 44 44 48 49 47 47 49 50 48 48 47 45 44 46 52 60 64 66 67 72 71
59 59 59 58 59 61 63 63 62 61 59 56 58 61 60 59 58 58 57 57 56 56 55 55 55 55 55 55 55 55 55 55 56 56 56 56 57 57 57 58 59 60 61 60 60 60 60 58 54 45 45 55 59 64 65 54 42 46 52 56 60 62 63 60 52 42 36 36 40 42 42 44 45 44 44 42 43 47 46 44 44 47 49 49 50 51 49 47 46 50 58 66 70 73 75 68
59 59 59 59 59 59 60 61 63 63 60 56 57 59 62 62 61 59 58 57 57 57 57 56 56 55 56 56 56 56 56 56 56 56 57 57 57 57 58 58 59 59 60 60 61 63 64 65 62 53 49 58 62 65 64 53 43 49 56 59 60 61 61 59 52 43 35 33 34 39 41 43 44 44 43 41 43 45 43 41 41 44 47 49 51 52 52 51 51 53 62 69 70 75 75 63
60 59 60 61 61 61 61 62 64 66 63 59 57 58 60 62 63 61 60 59 58 58 58 57 56 56 56 56 56 56 57 57 57 57 57 57 57 58 58 58 59 59 59 60 61 62 63 65 66 64 58 62 65 66 62 53 48 56 62 62 61 60 60 57 52 44 35 28 31 39 43 43 44 44 42 41 44 44 42 41 41 44 46 46 48 50 51 53 56 64 73 74 73 74 69 57
59 59 60 61 62 63 63 64 65 66 64 61 58 58 58 59 61 63 62 60 59 58 58 57 57 57 57 57 57 57 57 57 57 57 58 58 58 58 58 59 59 59 60 60 60 61 62 63 65 67 68 69 70 68 62 54 54 62 65 64 62 61 60 58 53 46 37 28 33 43 44 44 45 44 41 41 44 43 42 43 43 45 47 46 46 48 51 55 64 74 76 73 70 65 60 53
60 60 61 61 62 62 64 65 65 65 64 61 60 59 57 57 59 61 63 62 61 60 59 58 58 58 58 58 58 58 58 58 58 58 58 58 58 58 59 59 59 59 60 60 60 61 62 63 64 67 70 77 78 72 64 58 62 67 67 66 64 62 61 59 54 48 38 30 37 45 45 45 46 45 42 43 44 42 42 42 43 46 48 49 49 52 56 63 72 77 74 69 63 56 53 51
62 62 63 63 63 63 63 65 65 65 65 64 63 61 58 57 57 58 61 62 63 62 61 59 59 59 59 59 59 58 58 58 58 58 58 59 59 59 59 59 59 60 60 60 61 61 62 63 64 66 69 76 81 76 66 63 68 70 69 67 64 63 61 58 53 48 38 33 40 45 44 46 47 45 42 42 43 42 41 42 43 45 48 51 53 58 67 74 77 75 69 64 58 53 51 50
64 64 65 65 65 65 65 65 65 65 65 65 65 64 61 59 58 57 58 60 62 63 62 60 59 59 60 60 59 59 59 59 59 59 59 59 59 59 59 60 60 60 60 61 61 62 62 63 64 65 68 73 78 75 66 64 69 70 69 66 62 60 58 57 57 52 43 40 43 44 44 46 48 44 41 41 41 41 39 40 42 44 47 52 55 63 74 80 80 72 62 59 55 51 50 49
66 66 67 67 67 68 68 67 66 65 66 66 66 64 63 62 60 57 56 57 59 61 62 62 60 60 61 60 60 60 60 60 59 60 60 60 60 60 60 60 60 60 61 61 61 62 62 63 64 65 68 73 77 76 69 67 69 69 68 66 61 57 57 61 64 59 50 46 45 44 44 46 48 44 39 38 39 37 35 36 40 43 47 52 58 69 76 77 74 63 56 54 51 50 50 48
65 65 65 66 67 68 68 68 69 68 68 68 67 65 64 64 62 59 57 57 58 58 61 63 62 62 62 61 60 61 60 60 60 60 60 60 60 60 60 60 60 61 61 61 61 62 62 63 64 65 68 72 77 78 76 74 72 68 67 65 60 54 56 60 60 55 49 46 45 44 45 48 49 44 38 36 36 34 32 35 41 45 50 55 63 73 75 71 62 53 51 50 49 50 50 50
59 59 61 64 67 67 66 65 66 67 69 68 67 66 65 64 64 62 60 58 56 55 57 60 61 63 63 62 61 61 61 61 61 61 61 61 61 60 61 61 61 61 61 61 62 62 63 63 64 65 67 70 74 77 80 84 81 73 68 64 56 47 53 56 55 51 48 45 45 46 47 49 49 43 37 35 34 32 31 36 42 47 51 55 63 70 69 63 53 49 47 46 47 48 51 53
48 51 55 58 63 66 63 61 64 67 69 68 65 65 65 65 64 64 63 61 57 54 55 57 58 61 64 64 64 63 62 62 62 61 61 61 61 61 61 61 61 61 61 62 62 62 63 63 64 65 66 68 71 74 79 86 89 84 75 68 56 49 56 58 55 52 48 46 47 48 48 50 50 43 37 35 33 30 29 34 40 46 52 56 65 69 65 55 50 47 44 44 46 47 50 55
35 45 50 50 54 56 53 52 59 65 67 65 64 63 62 63 65 65 64 63 61 58 56 55 55 56 60 65 67 67 65 64 63 62 62 62 62 61 61 61 61 62 62 62 62 63 63 63 64 65 66 67 69 71 75 79 85 86 82 75 66 63 67 66 60 54 50 47 47 47 48 51 52 46 39 36 33 28 28 35 43 50 57 61 72 73 62 50 47 45 43 43 46 47 49 53
39 51 57 55 55 54 48 45 54 58 57 54 54 55 54 56 60 64 65 64 63 62 61 58 54 53 57 64 67 68 68 66 65 64 63 62 62 62 62 62 62 62 62 62 62 63 63 64 64 65 66 67 68 69 71 74 77 79 80 78 75 77 79 76 69 61 56 52 49 47 47 52 53 46 39 38 35 31 30 39 50 58 61 67 79 75 58 48 45 42 41 42 44 46 49 51
56 65 77 78 74 67 58 54 59 61 56 51 51 50 50 51 54 58 61 63 64 64 64 63 57 52 57 61 63 65 67 68 67 65 64 63 63 63 62 62 62 62 62 62 63 63 63 64 64 65 65 66 67 68 69 70 72 73 74 75 75 79 84 84 82 78 71 63 57 51 50 54 54 44 39 39 38 34 34 44 55 61 65 73 80 72 53 46 43 41 40 41 43 44 47 48
63 68 79 85 86 82 77 77 78 74 66 63 62 59 57 55 55 56 57 58 61 63 65 64 57 52 56 58 59 60 63 65 68 68 66 65 64 63 63 63 63 63 63 63 63 63 63 64 64 65 65 66 66 67 68 69 69 70 71 71 73 75 78 81 84 86 85 80 72 64 59 59 55 44 39 41 41 38 38 48 58 64 70 80 78 62 46 43 42 42 41 41 42 41 43 46
67 71 77 81 83 83 83 86 88 82 75 74 73 71 68 65 62 60 58 56 57 59 62 61 57 53 57 59 58 58 59 61 65 67 67 66 65 64 63 63 63 63 63 63 63 63 64 64 64 65 65 65 66 66 67 67 68 68 69 69 70 71 73 74 77 79 82 84 84 84 81 74 63 50 45 46 46 43 40 49 60 69 78 81 72 50 40 40 43 43 42 44 46 45 47 56
71 74 79 81 82 83 84 85 86 82 77 75 74 72 71 70 68 67 64 61 59 58 59 59 56 54 58 60 59 58 58 58 61 64 66 66 66 65 64 64 63 63 63 63 63 64 64 64 64 65 65 65 66 66 66 67 67 68 68 68 69 69 70 71 72 73 75 78 82 87 92 89 77 62 56 55 53 49 43 50 63 74 81 77 60 44 39 40 44 44 42 44 48 53 63 72
74 77 82 85 86 86 86 85 84 81 79 76 74 72 71 70 69 68 68 66 64 63 61 60 58 56 58 60 60 60 59 58 60 61 62 63 65 65 65 65 64 64 64 64 64 64 64 64 64 65 65 65 66 66 66 66 67 67 67 67 68 68 69 69 69 70 71 73 76 79 82 84 82 74 66 62 57 50 44 53 68 78 78 67 50 41 40 42 45 45 44 42 44 60 70 73
76 79 84 89 91 91 91 89 85 83 81 79 76 74 73 71 70 69 68 67 67 66 65 63 61 59 60 61 61 60 60 59 60 61 61 62 64 65 65 65 64 64 64 64 64 64 64 65 65 65 65 65 66 66 66 66 66 66 67 67 67 67 68 68 68 69 69 70 72 72 73 74 76 77 75 69 59 49 46 58 74 78 71 57 44 39 40 43 46 49 53 49 53 70 72 70
77 79 85 91 96 98 97 94 90 86 83 81 78 77 75 73 71 70 69 68 67 66 65 64 63 60 62 64 63 61 60 60 61 63 64 64 65 66 66 65 65 64 64 64 64 64 65 65 65 65 65 65 66 66 66 66 66 66 66 66 67 67 67 67 67 68 68 69 69 70 70 70 72 74 78 76 66 51 50 68 78 74 64 52 45 43 46 48 51 58 65 70 79 79 73 68
79 80 83 89 98 103 103 100 96 92 87 83 80 78 77 75 73 72 70 68 67 67 66 65 62 60 64 67 67 64 62 61 62 62 63 64 64 66 66 66 65 64 64 64 65 65 65 65 66 66 66 66 66 66 66 66 66 66 66 66 66 66 67 67 67 67 68 68 68 68 68 69 70 71 74 77 73 60 61 75 76 67 58 53 51 55 58 58 59 65 70 76 80 78 70 65
81 80 77 84 98 106 108 106 102 98 91 85 81 79 77 76 75 73 71 69 68 68 67 65 60 59 64 67 68 66 63 61 60 61 62 62 62 64 66 67 66 65 65 65 65 65 66 66 66 66 67 66 66 66 66 66 66 66 66 66 66 66 66 66 67 67 67 67 67 68 68 68 68 69 71 73 74 72 75 79 72 58 50 50 49 51 54 56 61 66 69 72 75 73 66 63
79 75 69 73 89 103 110 110 106 103 94 85 81 79 77 76 75 74 72 70 69 69 68 66 61 59 63 64 65 64 62 62 61 61 62 62 60 61 64 66 67 66 66 66 66 67 67 68 68 68 68 67 67 66 66 66 66 66 66 66 66 66 66 66 66 66 67 67 67 67 67 67 67 68 68 69 71 75 81 78 65 50 44 44 43 44 49 58 66 70 71 71 72 70 65 62
71 67 63 67 76 87 100 101 100 98 91 83 80 79 77 76 75 74 73 71 70 70 69 67 62 62 64 64 63 62 63 63 61 60 61 61 59 59 61 63 64 66 68 68 68 69 69 69 70 71 70 69 68 67 67 66 66 66 66 66 66 66 66 66 66 66 67 67 67 67 66 67 67 67 67 68 69 72 76 71 55 44 41 41 41 46 58 69 72 73 72 71 71 69 67 67
68 69 70 74 82 84 76 70 78 79 78 77 77 77 77 77 76 75 73 72 72 71 70 67 63 64 67 66 64 63 63 64 63 61 59 58 58 58 59 60 59 61 65 68 70 72 73 73 75 77 76 73 69 68 67 66 66 66 66 66 66 66 66 66 66 66 66 66 66 66 66 66 67 67 67 67 67 67 67 59 42 37 40 41 44 56 72 76 74 72 71 70 69 67 66 68
79 80 81 86 88 79 66 60 61 63 65 70 75 76 76 76 76 75 75 74 74 72 71 68 64 65 68 67 65 64 65 66 67 66 64 61 59 58 59 59 57 56 58 61 64 66 67 68 70 73 75 75 72 69 67 66 66 66 66 66 66 66 66 66 66 66 66 66 66 66 66 66 66 66 66 67 66 65 63 53 31 29 39 45 54 72 78 78 75 73 70 68 67 64 64 67
79 78 78 82 79 71 65 61 59 61 64 70 74 75 76 76 76 77 77 77 76 75 73 70 67 66 68 67 65 65 65 66 67 68 69 67 65 62 61 60 58 56 56 56 57 57 57 58 61 62 62 65 67 67 66 66 66 66 66 66 66 66 66 66 66 66 66 66 66 66 66 66 66 67 67 66 66 65 63 54 26 21 35 47 68 81 82 78 76 74 72 69 67 65 65 66
74 73 74 74 70 68 65 63 64 65 67 71 73 74 75 76 76 77 78 79 79 78 75 73 71 69 68 66 65 65 64 63 63 65 67 69 70 68 66 64 61 60 60 60 60 61 62 64 65 63 60 59 61 62 64 66 66 67 67 67 67 66 66 66 66 66 66 66 66 66 66 66 67 67 67 67 66 65 63 55 26 14 32 55 78 83 82 79 78 77 76 73 71 68 67 68
74 73 73 74 72 70 66 64 67 69 71 72 72 72 72 74 75 76 78 80 81 81 80 78 75 73 71 68 67 67 65 63 62 61 62 65 67 68 69 68 66 64 63 64 65 67 69 72 73 71 68 65 63 63 64 66 67 67 67 67 67 67 67 67 66 66 66 66 66 66 66 67 67 67 67 67 67 66 64 58 34 13 39 73 83 83 80 77 76 76 76 74 72 70 68 68
76 75 75 76 74 70 65 64 68 72 73 71 70 71 71 72 72 74 77 80 82 83 84 85 82 74 70 69 69 68 66 65 63 60 59 59 59 61 64 68 69 68 65 64 65 67 70 72 73 74 73 70 67 65 65 67 68 68 68 68 68 67 67 67 66 66 66 66 66 66 67 67 67 67 67 67 68 68 68 66 57 36 63 83 85 82 80 78 76 75 75 75 74 72 67 64
79 78 77 76 72 67 63 62 66 70 70 69 70 70 70 70 68 70 74 78 79 80 83 88 85 70 64 66 66 66 66 66 66 65 63 60 57 57 58 61 64 66 65 64 65 66 69 70 71 73 73 72 70 69 69 70 71 71 71 70 69 68 68 67 67 67 67 67 67 67 67 67 67 68 68 68 69 70 72 74 82 115 120 98 86 81 79 79 77 77 78 79 80 76 70 65
80 79 76 72 66 60 58 60 63 66 67 69 70 67 65 64 63 66 69 73 74 74 79 82 73 56 59 63 64 64 64 65 67 68 70 69 65 61 59 59 60 61 62 64 64 64 66 68 69 69 69 71 71 70 70 70 72 74 74 73 72 69 68 67 67 67 67 67 67 67 67 67 68 68 69 69 70 72 74 78 89 121 136 117 98 85 79 78 78 80 83 84 82 79 78 81
79 77 73 68 64 60 59 59 58 61 66 69 66 63 62 59 59 63 67 71 72 75 78 72 51 43 55 61 62 63 63 64 66 66 68 72 72 69 66 65 63 62 62 63 64 64 64 66 67 67 67 67 67 67 66 66 68 72 77 79 75 70 68 67 67 67 67 67 67 67 67 68 68 69 69 70 71 73 75 79 89 109 128 123 110 99 89 84 83 86 87 84 79 76 78 84
78 74 68 66 67 64 61 57 53 56 63 65 60 59 58 56 56 59 65 73 78 79 72 56 38 37 52 59 61 63 64 65 65 65 66 68 71 71 69 67 66 65 65 65 66 66 66 66 66 67 67 67 66 65 63 62 64 67 74 79 76 70 68 67 67 67 67 67 68 68 68 68 68 69 70 71 72 73 76 80 87 100 115 119 114 109 102 94 92 93 88 80 78 78 77 80
73 68 60 58 59 59 56 51 47 53 60 59 51 50 49 49 51 54 61 73 82 76 58 45 34 37 51 58 61 63 64 66 66 66 67 67 67 69 69 66 64 64 65 67 68 68 68 68 68 68 70 70 70 67 62 59 61 64 67 68 67 66 67 67 67 67 67 68 68 68 68 68 69 70 70 71 72 74 76 80 85 94 105 112 111 110 106 101 97 94 86 79 83 84 83 84
68 62 52 49 48 46 40 33 33 43 52 52 45 45 46 48 48 49 56 65 69 53 46 41 36 41 52 59 62 64 66 67 68 68 69 68 67 67 68 68 64 62 63 66 68 70 70 70 71 72 74 76 75 72 65 61 64 65 65 62 60 61 65 67 67 68 68 68 68 68 69 69 69 70 71 72 73 74 76 79 83 89 99 107 109 108 106 102 98 91 83 84 88 89 88 90
65 60 51 47 46 43 36 27 24 35 43 40 32 30 32 37 39 41 55 61 54 34 35 39 38 45 55 60 63 65 66 69 71 72 70 69 68 68 68 68 65 62 62 64 67 69 71 71 72 73 76 80 79 74 72 74 75 73 70 66 62 61 64 67 68 68 68 69 69 69 69 69 70 70 71 72 73 74 76 79 82 86 92 100 105 105 104 101 95 87 83 86 88 88 88 90
62 58 52 51 53 50 44 33 24 35 42 38 30 27 27 35 40 46 58 58 46 33 33 38 41 50 57 60 62 64 67 71 75 75 72 70 69 69 69 68 65 61 60 60 61 63 66 69 70 71 73 77 75 71 73 80 83 80 75 71 67 64 65 67 68 69 69 69 69 69 70 70 70 71 71 72 73 74 76 78 80 83 87 92 96 99 99 97 91 86 85 85 85 86 86 86
56 55 53 56 58 56 50 41 35 45 52 49 44 44 45 55 56 64 65 56 44 42 42 47 51 57 60 62 62 62 65 70 73 73 71 71 71 71 70 69 67 62 60 58 56 56 58 62 65 68 70 69 64 65 71 76 79 79 76 73 70 67 67 69 69 70 70 70 70 70 70 70 71 71 72 72 73 74 76 77 79 81 84 86 89 91 92 91 88 85 84 83 83 83 83 83
49 54 56 57 58 54 50 48 53 69 75 69 63 62 69 75 74 77 70 48 46 52 56 62 65 65 64 63 63 63 66 68 69 70 71 72 73 73 72 71 70 68 65 62 58 55 55 58 61 65 66 64 60 62 68 73 77 78 77 75 73 70 69 70 71 71 71 70 71 71 71 71 71 71 72 73 73 74 75 77 78 80 81 83 84 85 86 85 84 83 82 81 81 80 80 80
38 52 59 58 58 56 53 52 57 68 77 76 75 72 76 79 82 81 67 48 47 56 65 74 76 70 65 64 65 68 72 72 71 71 72 74 76 77 76 74 72 71 70 69 67 63 62 64 66 68 66 63 62 62 66 70 74 77 77 77 76 73 73 73 73 72 72 72 72 71 71 71 71 72 73 73 74 74 75 76 77 78 79 80 81 82 82 82 81 81 80 79 79 78 78 78
32 56 66 66 68 65 60 58 60 64 71 78 85 87 87 87 86 78 63 52 50 57 67 74 69 59 60 65 69 73 76 76 75 73 73 75 78 81 81 78 76 74 73 72 72 72 73 73 72 70 67 65 64 63 66 68 70 73 75 75 75 76 77 78 76 75 74 73 73 72 72 72 72 73 73 73 74 75 75 76 77 77 78 79 79 80 80 80 79 79 78 78 77 77 77 76
41 65 75 77 79 78 76 73 70 69 71 76 81 88 90 87 82 73 63 55 53 60 67 67 54 49 58 66 70 74 76 78 78 77 76 76 78 81 83 84 81 78 75 73 72 72 73 73 70 67 66 65 63 63 64 66 67 69 72 72 71 73 76 79 80 79 77 75 74 73 73 73 73 73 74 74 74 75 75 76 76 77 77 78 78 78 78 78 78 77 77 76 76 76 75 75
50 65 75 78 80 79 80 80 77 74 74 74 76 83 86 82 78 75 66 57 62 70 71 61 51 53 61 67 71 74 77 79 82 83 83 82 81 80 83 86 86 82 79 76 73 72 71 70 68 66 65 64 63 62 62 64 64 66 69 69 68 68 70 74 78 80 80 79 76 75 74 74 74 74 75 75 75 75 76 76 76 77 77 77 77 77 77 77 76 76 76 75 75 74 74 74
57 66 74 76 77 77 78 79 77 75 75 73 71 70 71 72 71 70 63 65 75 79 70 58 56 60 65 69 72 74 77 81 85 88 91 91 88 85 85 87 88 87 84 81 77 73 71 70 68 66 64 63 62 63 63 62 62 63 65 66 67 68 68 70 73 76 78 79 77 76 76 76 76 76 76 76 76 76 76 76 77 77 77 77 76 76 76 76 75 75 75 74 74 74 73 73
62 68 74 75 75 76 77 76 76 75 74 72 68 61 59 61 63 61 58 67 74 70 61 59 61 64 69 72 73 76 79 82 86 90 94 97 97 94 91 90 91 91 89 86 82 75 70 68 66 65 64 63 62 62 63 62 62 62 62 62 64 65 67 68 70 72 74 75 76 76 78 80 80 78 77 77 78 77 77 77 77 77 77 77 76 76 76 75 75 74 74 73 73 73 72 72
65 68 71 73 73 74 75 75 75 75 74 73 70 66 66 66 65 63 63 69 68 58 58 62 63 64 69 73 76 78 81 83 85 88 93 98 102 102 98 95 95 96 95 93 89 82 74 68 65 64 63 63 63 61 61 61 61 61 61 61 61 62 63 66 68 69 70 70 70 72 77 81 83 82 81 80 80 80 79 79 79 78 78 77 76 76 75 75 74 74 74 73 72 72 72 71
66 67 69 71 73 74 75 75 75 76 77 77 78 81 84 83 78 73 74 73 64 57 59 61 61 62 66 71 75 80 83 84 85 87 90 95 101 105 104 101 100 101 101 99 97 91 81 72 66 63 63 63 63 63 62 61 60 60 61 62 62 62 62 64 66 66 66 65 64 66 71 75 81 85 86 85 85 85 83 82 81 80 79 78 77 76 75 75 74 74 73 72 72 72 71 71
67 67 68 69 72 74 75 75 74 76 79 82 86 89 91 91 87 82 77 72 64 61 61 60 59 60 64 67 71 77 82 85 86 86 87 92 99 105 107 105 104 104 104 104 104 99 88 77 68 64 62 62 61 62 63 63 61 60 60 62 62 61 63 65 66 65 64 62 60 63 66 67 71 77 82 86 88 89 87 87 86 84 81 79 78 77 76 75 74 74 73 72 72 71 71 71
67 67 66 67 69 71 72 72 72 74 77 80 83 85 87 88 85 80 74 67 64 65 64 58 56 59 61 64 69 75 80 85 85 82 84 91 99 105 108 108 107 106 106 107 108 106 96 82 73 67 64 61 59 59 60 61 61 61 61 61 61 61 62 64 64 64 64 61 59 61 63 64 65 67 72 78 82 85 86 88 91 90 85 82 79 78 76 75 74 74 73 72 72 72 71 70
65 64 63 65 66 67 69 69 68 68 70 70 70 72 77 80 80 77 71 65 63 67 66 57 54 56 57 58 64 73 79 82 80 75 82 93 100 103 104 107 109 107 106 107 109 110 104 89 78 71 68 65 61 59 58 58 59 60 61 60 60 62 62 62 63 62 62 61 59 58 60 63 65 66 68 72 75 78 79 82 88 92 91 85 82 79 77 76 75 74 73 73 72 72 71 70
64 62 61 63 64 63 62 62 61 63 65 66 65 66 69 73 74 71 66 64 65 69 68 59 52 53 55 53 59 70 77 78 74 69 82 94 99 97 98 104 110 109 107 108 109 110 112 100 81 72 68 66 64 62 60 57 57 58 59 58 58 60 62 62 62 62 61 60 59 57 58 61 65 66 67 68 71 74 77 79 81 86 92 91 85 81 78 77 76 75 74 73 73 72 71 70
63 61 61 62 61 61 60 60 61 63 65 65 63 63 67 70 70 62 56 60 67 72 70 62 53 51 53 52 58 69 73 71 69 68 82 92 93 92 96 100 101 103 108 112 112 110 114 112 89 74 67 64 62 62 61 59 57 58 58 56 56 58 60 60 61 63 62 61 58 56 57 61 64 65 66 67 68 71 74 77 78 80 86 91 89 84 80 78 77 76 75 74 74 73 72 71
