windninja/windninja_output/Output_2025-08-09_1000-1050_Google earth_Fire_150m_10min/merlingen_7.5mi_point_08-09-2025_1050_150m_vel.asc
ncols	158
nrows	163
xllcorner	391686.332397
yllcorner	5160024.123721
cellsize	150.000000
NODATA_value	-32768.000000
[rows 76 to 113 of 163, columns 0 to 83 of 158]
1.33 1.34 1.29 1.18 1.17 1.24 1.21 1.16 1.15 1.12 1.09 1.08 1.06 1.06 1.06 1.04 1.03 1.03 1.05 1.05 1.04 1.05 1.06 1.07 1.01 0.90 0.94 1.05 1.13 1.23 1.30 1.29 1.28 1.30 1.24 1.13 1.08 1.09 1.07 1.05 1.05 1.07 1.10 1.11 1.12 1.13 1.13 1.14 1.14 1.15 1.15 1.15 1.15 1.14 1.14 1.14 1.14 1.13 1.13 1.12 1.11 1.10 1.09 1.08 1.06 1.05 1.03 1.00 0.98 0.94 0.89 0.84 0.78 0.69 0.63 0.61 0.55 0.46 0.51 0.90 1.41 1.64 1.63 1.41
1.29 1.32 1.33 1.29 1.28 1.28 1.21 1.16 1.16 1.14 1.12 1.08 1.07 1.08 1.07 1.05 1.03 1.04 1.05 1.04 1.04 1.05 1.07 1.06 0.98 0.91 0.99 1.09 1.09 1.13 1.24 1.30 1.30 1.32 1.33 1.20 1.13 1.12 1.08 1.05 1.03 1.06 1.09 1.11 1.12 1.13 1.14 1.15 1.15 1.16 1.16 1.16 1.15 1.15 1.15 1.15 1.14 1.14 1.14 1.13 1.12 1.12 1.11 1.09 1.08 1.06 1.05 1.02 1.00 0.96 0.92 0.87 0.82 0.75 0.67 0.61 0.52 0.42 0.52 1.00 1.39 1.36 1.30 1.29
1.21 1.16 1.27 1.49 1.49 1.34 1.23 1.20 1.23 1.19 1.12 1.06 1.07 1.09 1.08 1.05 1.04 1.04 1.03 1.03 1.04 1.05 1.08 1.04 0.92 0.92 1.07 1.13 1.09 1.05 1.12 1.27 1.32 1.34 1.37 1.29 1.18 1.14 1.12 1.07 1.02 1.03 1.09 1.11 1.13 1.14 1.15 1.16 1.17 1.17 1.17 1.16 1.16 1.16 1.15 1.15 1.15 1.15 1.14 1.14 1.13 1.13 1.12 1.11 1.10 1.08 1.06 1.04 1.02 0.99 0.94 0.90 0.86 0.80 0.72 0.64 0.53 0.44 0.54 0.95 1.23 1.09 1.09 1.24
1.01 0.93 1.17 1.71 1.91 1.68 1.40 1.29 1.32 1.23 1.07 1.03 1.06 1.08 1.08 1.06 1.05 1.04 1.01 1.01 1.03 1.06 1.08 1.01 0.87 0.92 1.12 1.17 1.11 1.02 1.04 1.20 1.31 1.36 1.40 1.34 1.22 1.16 1.18 1.12 1.01 1.01 1.07 1.11 1.13 1.15 1.16 1.17 1.18 1.18 1.18 1.17 1.16 1.16 1.16 1.16 1.15 1.15 1.15 1.15 1.14 1.14 1.13 1.12 1.11 1.10 1.08 1.06 1.03 1.01 0.96 0.92 0.89 0.84 0.77 0.68 0.57 0.49 0.55 0.80 0.95 0.89 0.97 1.14
0.70 0.76 1.14 1.67 2.18 2.21 1.67 1.37 1.35 1.18 0.99 0.97 1.03 1.07 1.07 1.06 1.05 1.03 0.99 1.00 1.03 1.07 1.08 1.00 0.86 0.92 1.12 1.19 1.14 1.03 1.03 1.15 1.24 1.34 1.41 1.37 1.23 1.18 1.23 1.20 1.04 0.99 1.07 1.11 1.13 1.15 1.17 1.19 1.21 1.21 1.19 1.17 1.16 1.16 1.16 1.16 1.16 1.16 1.16 1.15 1.15 1.15 1.14 1.13 1.12 1.11 1.10 1.08 1.05 1.02 0.99 0.95 0.92 0.87 0.81 0.73 0.63 0.54 0.54 0.62 0.65 0.72 0.83 0.97
0.44 0.73 1.26 1.80 2.41 2.22 1.46 1.21 1.19 1.03 0.89 0.90 0.99 1.04 1.06 1.04 1.03 1.01 0.99 0.99 1.03 1.06 1.07 1.00 0.87 0.93 1.11 1.17 1.15 1.09 1.07 1.13 1.18 1.26 1.36 1.38 1.27 1.21 1.24 1.24 1.11 1.01 1.07 1.11 1.14 1.17 1.17 1.20 1.27 1.27 1.20 1.16 1.15 1.15 1.15 1.15 1.16 1.16 1.16 1.16 1.16 1.15 1.15 1.14 1.13 1.12 1.11 1.09 1.07 1.04 1.01 0.97 0.94 0.90 0.84 0.78 0.69 0.58 0.52 0.48 0.42 0.53 0.71 0.82
0.64 0.96 1.56 2.28 2.43 1.67 1.04 0.91 0.88 0.83 0.76 0.81 0.94 1.01 1.04 1.02 1.01 1.01 1.00 0.99 1.02 1.06 1.07 1.00 0.88 0.95 1.11 1.15 1.14 1.13 1.11 1.12 1.13 1.18 1.26 1.33 1.33 1.26 1.25 1.25 1.16 1.07 1.08 1.14 1.17 1.19 1.18 1.21 1.33 1.34 1.23 1.16 1.12 1.12 1.13 1.14 1.16 1.16 1.17 1.17 1.16 1.16 1.16 1.15 1.15 1.14 1.12 1.11 1.09 1.06 1.03 0.99 0.96 0.93 0.88 0.81 0.73 0.62 0.53 0.42 0.28 0.35 0.59 0.73
1.77 1.70 1.93 2.16 1.85 1.29 0.95 0.77 0.69 0.66 0.66 0.77 0.90 0.98 1.02 1.00 0.99 1.02 1.01 1.01 1.04 1.05 1.07 1.01 0.91 0.97 1.11 1.13 1.12 1.14 1.13 1.11 1.11 1.14 1.19 1.26 1.32 1.30 1.28 1.23 1.16 1.12 1.11 1.16 1.21 1.23 1.23 1.25 1.35 1.37 1.27 1.17 1.11 1.08 1.10 1.13 1.16 1.17 1.17 1.17 1.17 1.17 1.16 1.16 1.15 1.15 1.14 1.12 1.10 1.08 1.05 1.02 0.98 0.95 0.91 0.85 0.77 0.67 0.56 0.41 0.22 0.18 0.41 0.66
2.25 2.02 1.75 1.61 1.41 1.20 0.91 0.71 0.68 0.66 0.70 0.80 0.86 0.95 1.01 0.99 1.00 1.04 1.04 1.04 1.06 1.05 1.05 1.04 0.97 0.98 1.08 1.10 1.09 1.13 1.13 1.10 1.09 1.12 1.18 1.23 1.29 1.31 1.29 1.23 1.17 1.14 1.14 1.17 1.22 1.26 1.28 1.31 1.35 1.34 1.27 1.22 1.15 1.07 1.07 1.12 1.16 1.17 1.18 1.18 1.18 1.17 1.17 1.17 1.16 1.16 1.15 1.13 1.12 1.10 1.07 1.04 1.01 0.97 0.94 0.88 0.80 0.71 0.59 0.42 0.21 0.14 0.25 0.61
2.63 2.17 1.60 1.48 1.41 1.22 0.91 0.76 0.77 0.78 0.81 0.83 0.84 0.93 1.01 1.01 1.00 1.06 1.08 1.08 1.08 1.06 1.06 1.08 1.04 0.97 1.01 1.07 1.09 1.11 1.10 1.09 1.07 1.09 1.19 1.25 1.28 1.31 1.29 1.24 1.18 1.15 1.16 1.19 1.23 1.28 1.33 1.37 1.36 1.30 1.24 1.22 1.19 1.11 1.08 1.12 1.16 1.18 1.18 1.18 1.18 1.18 1.18 1.17 1.17 1.16 1.16 1.15 1.13 1.11 1.09 1.06 1.03 1.00 0.96 0.91 0.84 0.75 0.63 0.47 0.27 0.21 0.29 0.74
2.83 2.29 1.64 1.50 1.43 1.26 0.97 0.88 0.94 0.94 0.88 0.82 0.85 0.91 1.00 1.02 1.00 1.07 1.12 1.11 1.10 1.07 1.10 1.15 1.08 0.94 0.94 1.03 1.10 1.09 1.05 1.07 1.05 1.04 1.17 1.25 1.28 1.33 1.35 1.30 1.21 1.14 1.14 1.18 1.24 1.30 1.37 1.41 1.38 1.29 1.20 1.17 1.17 1.15 1.13 1.14 1.18 1.19 1.19 1.19 1.19 1.18 1.18 1.18 1.17 1.17 1.17 1.16 1.15 1.13 1.11 1.08 1.06 1.02 0.99 0.94 0.88 0.80 0.69 0.55 0.38 0.35 0.45 0.96
2.79 2.23 1.68 1.52 1.37 1.26 1.08 1.03 1.10 1.06 0.88 0.82 0.89 0.89 0.97 1.01 0.99 1.10 1.17 1.18 1.13 1.10 1.22 1.31 1.13 0.88 0.88 1.00 1.07 1.06 1.03 1.06 1.06 1.04 1.11 1.18 1.22 1.32 1.41 1.40 1.29 1.16 1.10 1.15 1.24 1.33 1.41 1.43 1.41 1.32 1.19 1.13 1.13 1.15 1.17 1.18 1.20 1.20 1.20 1.20 1.19 1.18 1.18 1.17 1.17 1.17 1.17 1.17 1.16 1.14 1.13 1.11 1.08 1.05 1.02 0.97 0.92 0.85 0.77 0.65 0.52 0.51 0.64 1.01
2.55 2.17 1.71 1.51 1.29 1.20 1.20 1.17 1.16 1.11 0.94 0.89 0.92 0.87 0.93 0.97 0.98 1.13 1.25 1.30 1.22 1.23 1.51 1.51 1.09 0.74 0.80 0.94 1.01 1.04 1.04 1.06 1.08 1.08 1.08 1.12 1.14 1.23 1.38 1.46 1.40 1.25 1.12 1.11 1.21 1.33 1.43 1.46 1.43 1.36 1.24 1.14 1.11 1.14 1.19 1.21 1.23 1.24 1.22 1.20 1.18 1.17 1.16 1.17 1.17 1.18 1.18 1.18 1.17 1.16 1.14 1.13 1.10 1.08 1.05 1.01 0.97 0.91 0.84 0.75 0.65 0.64 0.76 1.08
2.29 2.08 1.71 1.44 1.26 1.17 1.21 1.23 1.17 1.19 1.17 1.02 0.90 0.85 0.86 0.89 0.99 1.19 1.37 1.47 1.44 1.60 1.75 1.40 0.76 0.53 0.70 0.88 0.96 1.01 1.05 1.07 1.09 1.10 1.10 1.12 1.11 1.13 1.27 1.44 1.46 1.35 1.21 1.12 1.17 1.28 1.42 1.49 1.47 1.39 1.30 1.20 1.13 1.14 1.17 1.21 1.26 1.30 1.30 1.24 1.15 1.12 1.14 1.16 1.17 1.18 1.19 1.19 1.18 1.17 1.16 1.15 1.13 1.10 1.08 1.05 1.02 0.97 0.91 0.85 0.78 0.75 0.83 1.06
2.17 1.96 1.61 1.40 1.28 1.16 1.14 1.18 1.16 1.30 1.39 1.10 0.84 0.81 0.80 0.83 1.00 1.25 1.56 1.81 1.90 1.90 1.57 0.92 0.45 0.40 0.64 0.84 0.93 1.00 1.05 1.09 1.10 1.10 1.13 1.17 1.11 1.08 1.16 1.35 1.46 1.40 1.29 1.18 1.17 1.23 1.35 1.49 1.52 1.44 1.34 1.26 1.18 1.13 1.10 1.17 1.27 1.39 1.47 1.31 1.08 1.05 1.10 1.14 1.17 1.18 1.19 1.19 1.19 1.19 1.18 1.16 1.15 1.13 1.11 1.09 1.06 1.03 0.98 0.94 0.89 0.86 0.88 1.04
2.08 1.82 1.51 1.45 1.38 1.21 1.09 1.07 1.11 1.37 1.50 1.15 0.82 0.78 0.79 0.84 0.99 1.24 1.68 2.19 2.16 1.69 0.97 0.55 0.32 0.37 0.63 0.82 0.92 1.00 1.06 1.10 1.12 1.11 1.14 1.19 1.15 1.10 1.11 1.22 1.40 1.44 1.36 1.26 1.20 1.20 1.29 1.44 1.55 1.53 1.42 1.31 1.23 1.12 1.01 1.08 1.28 1.46 1.58 1.38 1.02 0.96 1.06 1.13 1.16 1.19 1.20 1.20 1.20 1.20 1.19 1.18 1.17 1.16 1.14 1.12 1.10 1.08 1.05 1.02 0.99 0.96 0.96 1.07
1.92 1.71 1.46 1.46 1.48 1.33 1.14 0.99 0.99 1.34 1.54 1.20 0.87 0.81 0.82 0.90 1.02 1.22 1.81 2.28 1.95 0.90 0.49 0.41 0.32 0.42 0.66 0.83 0.93 1.00 1.06 1.12 1.14 1.13 1.15 1.18 1.17 1.15 1.12 1.12 1.24 1.42 1.46 1.37 1.25 1.20 1.25 1.39 1.54 1.61 1.53 1.39 1.27 1.11 0.94 1.00 1.31 1.49 1.56 1.41 1.08 0.95 1.03 1.12 1.16 1.19 1.20 1.21 1.21 1.21 1.21 1.20 1.19 1.18 1.17 1.16 1.14 1.12 1.11 1.09 1.08 1.06 1.07 1.13
1.79 1.64 1.42 1.42 1.51 1.45 1.24 0.94 0.78 1.18 1.54 1.32 0.99 0.91 0.90 1.05 1.18 1.43 2.01 2.13 1.46 0.44 0.39 0.42 0.39 0.50 0.71 0.85 0.95 1.02 1.07 1.15 1.19 1.18 1.15 1.16 1.17 1.17 1.16 1.10 1.08 1.25 1.49 1.50 1.34 1.24 1.24 1.34 1.53 1.65 1.67 1.53 1.27 1.08 0.96 1.03 1.31 1.45 1.45 1.40 1.20 1.02 1.03 1.12 1.16 1.19 1.21 1.22 1.22 1.22 1.22 1.22 1.21 1.21 1.20 1.19 1.18 1.17 1.16 1.15 1.14 1.14 1.16 1.19
1.76 1.61 1.40 1.42 1.57 1.51 1.23 0.84 0.57 0.93 1.45 1.40 1.12 0.98 0.96 1.23 1.43 1.66 2.05 1.84 1.17 0.78 0.65 0.56 0.50 0.61 0.76 0.87 0.96 1.02 1.09 1.22 1.28 1.21 1.12 1.13 1.17 1.18 1.18 1.12 1.01 1.05 1.36 1.56 1.45 1.33 1.30 1.35 1.52 1.66 1.81 1.67 1.19 1.03 1.04 1.09 1.26 1.35 1.35 1.34 1.25 1.09 1.06 1.13 1.17 1.20 1.22 1.22 1.23 1.23 1.24 1.23 1.23 1.22 1.22 1.22 1.21 1.21 1.20 1.20 1.20 1.21 1.23 1.26
1.71 1.60 1.44 1.49 1.63 1.49 1.16 0.79 0.58 0.85 1.27 1.36 1.17 0.97 0.96 1.34 1.59 1.87 2.15 1.75 1.19 1.14 0.94 0.75 0.64 0.71 0.80 0.88 0.94 1.02 1.16 1.32 1.36 1.22 1.08 1.10 1.17 1.20 1.19 1.14 1.02 0.94 1.14 1.43 1.50 1.46 1.42 1.44 1.56 1.71 1.85 1.67 1.14 1.00 1.11 1.14 1.21 1.28 1.27 1.27 1.25 1.13 1.10 1.15 1.18 1.20 1.22 1.23 1.24 1.25 1.25 1.25 1.24 1.24 1.24 1.24 1.24 1.24 1.24 1.24 1.25 1.26 1.28 1.31
1.59 1.61 1.55 1.54 1.62 1.46 1.18 0.87 0.71 0.82 1.05 1.18 1.04 0.95 1.02 1.38 1.61 2.08 2.31 1.57 1.29 1.36 1.19 0.94 0.78 0.77 0.82 0.88 0.93 1.02 1.24 1.39 1.37 1.23 1.09 1.11 1.18 1.21 1.20 1.16 1.05 0.94 1.00 1.23 1.41 1.46 1.51 1.58 1.67 1.77 1.76 1.58 1.26 1.08 1.16 1.22 1.22 1.24 1.22 1.22 1.22 1.14 1.13 1.17 1.19 1.21 1.22 1.23 1.25 1.26 1.25 1.25 1.26 1.26 1.26 1.27 1.27 1.27 1.27 1.28 1.28 1.30 1.32 1.34
1.56 1.64 1.62 1.51 1.52 1.48 1.32 1.09 0.91 0.84 0.90 0.86 0.77 0.90 1.10 1.41 1.71 2.12 2.27 1.78 1.51 1.48 1.50 1.25 0.92 0.79 0.80 0.87 0.96 1.09 1.27 1.36 1.36 1.28 1.16 1.14 1.20 1.23 1.20 1.17 1.10 0.98 0.94 1.12 1.31 1.39 1.52 1.68 1.76 1.75 1.63 1.56 1.41 1.21 1.23 1.30 1.27 1.23 1.21 1.21 1.18 1.14 1.16 1.19 1.20 1.21 1.22 1.24 1.25 1.26 1.26 1.26 1.27 1.28 1.28 1.29 1.29 1.29 1.30 1.30 1.31 1.33 1.34 1.37
1.68 1.69 1.58 1.41 1.40 1.45 1.36 1.26 1.14 0.99 0.90 0.78 0.69 0.81 1.14 1.50 1.81 1.97 1.74 1.73 1.70 1.65 1.79 1.54 1.01 0.73 0.77 0.88 1.00 1.14 1.27 1.32 1.35 1.33 1.24 1.20 1.26 1.28 1.23 1.17 1.13 1.02 0.94 1.06 1.25 1.35 1.50 1.69 1.75 1.69 1.58 1.54 1.49 1.35 1.31 1.34 1.35 1.28 1.22 1.20 1.16 1.16 1.19 1.20 1.20 1.20 1.22 1.23 1.25 1.26 1.26 1.27 1.28 1.29 1.30 1.30 1.31 1.31 1.32 1.33 1.34 1.35 1.36 1.38
1.79 1.68 1.48 1.33 1.29 1.28 1.21 1.24 1.23 1.09 0.99 0.88 0.74 0.81 1.13 1.54 1.77 1.63 1.41 1.46 1.64 1.82 1.99 1.68 0.96 0.72 0.83 0.93 1.03 1.17 1.28 1.32 1.34 1.34 1.29 1.28 1.32 1.34 1.28 1.19 1.13 1.06 0.97 1.00 1.18 1.35 1.48 1.62 1.67 1.63 1.58 1.52 1.49 1.46 1.39 1.38 1.39 1.36 1.27 1.19 1.17 1.19 1.24 1.24 1.21 1.20 1.20 1.22 1.23 1.26 1.26 1.27 1.29 1.30 1.31 1.32 1.32 1.33 1.34 1.34 1.35 1.36 1.38 1.39
1.67 1.58 1.44 1.36 1.26 1.19 1.15 1.17 1.17 1.09 1.06 0.97 0.84 0.90 1.10 1.45 1.69 1.46 1.20 1.25 1.54 1.97 2.01 1.43 0.97 0.88 0.96 1.01 1.07 1.20 1.31 1.37 1.39 1.38 1.34 1.34 1.36 1.39 1.37 1.25 1.13 1.08 1.00 0.96 1.11 1.32 1.45 1.52 1.57 1.58 1.59 1.53 1.47 1.49 1.48 1.43 1.40 1.44 1.36 1.20 1.17 1.22 1.29 1.30 1.27 1.21 1.20 1.19 1.19 1.24 1.27 1.28 1.30 1.31 1.32 1.33 1.34 1.35 1.35 1.36 1.37 1.38 1.39 1.40
1.50 1.45 1.42 1.37 1.23 1.17 1.16 1.15 1.12 1.07 1.07 0.99 0.90 0.96 1.13 1.37 1.61 1.44 1.11 1.35 1.84 2.01 1.72 1.37 1.15 1.05 1.08 1.11 1.12 1.22 1.37 1.47 1.48 1.47 1.42 1.37 1.37 1.41 1.46 1.33 1.14 1.08 1.02 0.96 1.02 1.21 1.39 1.46 1.48 1.52 1.56 1.54 1.48 1.48 1.52 1.47 1.42 1.48 1.46 1.28 1.18 1.21 1.30 1.38 1.36 1.26 1.21 1.16 1.15 1.21 1.27 1.29 1.30 1.32 1.33 1.34 1.35 1.36 1.36 1.37 1.38 1.38 1.39 1.40
1.38 1.36 1.34 1.31 1.21 1.16 1.16 1.15 1.10 1.06 1.05 0.99 0.88 0.88 1.07 1.33 1.54 1.46 1.27 1.61 1.98 1.68 1.47 1.42 1.29 1.21 1.19 1.18 1.18 1.27 1.45 1.57 1.60 1.59 1.52 1.43 1.39 1.45 1.51 1.40 1.18 1.07 1.04 0.98 0.97 1.10 1.31 1.41 1.42 1.46 1.49 1.52 1.50 1.48 1.53 1.48 1.44 1.49 1.49 1.41 1.26 1.22 1.29 1.40 1.43 1.33 1.22 1.15 1.12 1.19 1.30 1.32 1.30 1.31 1.33 1.35 1.36 1.37 1.37 1.38 1.38 1.39 1.39 1.40
1.30 1.28 1.26 1.24 1.20 1.16 1.15 1.13 1.11 1.07 1.03 0.99 0.86 0.80 0.93 1.20 1.49 1.47 1.40 1.76 1.91 1.62 1.51 1.49 1.40 1.35 1.35 1.29 1.25 1.37 1.52 1.63 1.71 1.70 1.63 1.53 1.47 1.49 1.51 1.42 1.23 1.09 1.06 1.01 0.97 1.03 1.19 1.31 1.35 1.40 1.45 1.50 1.50 1.48 1.53 1.51 1.47 1.48 1.49 1.48 1.38 1.29 1.29 1.39 1.48 1.41 1.26 1.15 1.11 1.19 1.37 1.39 1.30 1.28 1.33 1.36 1.38 1.38 1.38 1.38 1.39 1.39 1.39 1.40
1.22 1.20 1.18 1.19 1.18 1.16 1.15 1.11 1.10 1.09 1.04 1.00 0.91 0.88 0.95 1.11 1.40 1.46 1.44 1.66 1.74 1.68 1.64 1.57 1.47 1.46 1.54 1.49 1.41 1.52 1.59 1.66 1.78 1.80 1.74 1.68 1.58 1.51 1.49 1.44 1.29 1.14 1.08 1.05 1.00 0.98 1.06 1.17 1.23 1.33 1.42 1.48 1.51 1.48 1.48 1.50 1.49 1.48 1.51 1.51 1.44 1.35 1.32 1.41 1.49 1.45 1.31 1.17 1.12 1.22 1.43 1.48 1.36 1.29 1.32 1.38 1.40 1.39 1.37 1.38 1.39 1.38 1.38 1.39
1.13 1.11 1.11 1.15 1.18 1.17 1.14 1.09 1.10 1.14 1.11 1.04 1.00 0.97 0.98 1.09 1.28 1.38 1.38 1.46 1.51 1.58 1.66 1.61 1.54 1.57 1.69 1.68 1.64 1.72 1.71 1.75 1.81 1.82 1.84 1.86 1.77 1.60 1.52 1.46 1.34 1.18 1.11 1.09 1.01 0.96 0.98 1.04 1.10 1.23 1.39 1.45 1.49 1.51 1.48 1.45 1.45 1.49 1.54 1.55 1.47 1.39 1.38 1.43 1.46 1.47 1.36 1.19 1.13 1.25 1.43 1.53 1.52 1.37 1.35 1.44 1.45 1.38 1.36 1.39 1.39 1.37 1.36 1.36
1.03 1.02 1.03 1.11 1.18 1.19 1.14 1.09 1.11 1.21 1.19 1.12 1.08 1.02 1.01 1.05 1.16 1.26 1.25 1.28 1.39 1.53 1.53 1.52 1.59 1.65 1.75 1.83 1.91 1.94 1.92 1.89 1.78 1.76 1.97 2.14 1.99 1.71 1.55 1.46 1.33 1.19 1.15 1.12 1.03 0.96 0.93 0.95 1.00 1.11 1.30 1.39 1.42 1.50 1.53 1.47 1.42 1.45 1.53 1.57 1.51 1.44 1.44 1.46 1.45 1.45 1.40 1.22 1.13 1.27 1.42 1.51 1.61 1.57 1.50 1.54 1.50 1.37 1.36 1.45 1.44 1.34 1.30 1.32
0.91 0.92 0.97 1.06 1.16 1.19 1.17 1.11 1.12 1.25 1.28 1.20 1.11 1.05 1.05 1.03 1.08 1.15 1.11 1.13 1.32 1.55 1.42 1.29 1.50 1.70 1.76 1.87 2.14 2.22 2.10 1.95 1.62 1.69 2.22 2.43 2.12 1.69 1.53 1.47 1.32 1.21 1.20 1.14 1.05 0.98 0.91 0.90 0.94 1.02 1.18 1.30 1.33 1.42 1.52 1.52 1.46 1.44 1.49 1.54 1.56 1.52 1.47 1.48 1.48 1.44 1.42 1.28 1.12 1.21 1.43 1.53 1.60 1.68 1.67 1.66 1.58 1.42 1.40 1.53 1.52 1.33 1.23 1.26
0.78 0.81 0.91 1.04 1.13 1.18 1.21 1.17 1.16 1.25 1.31 1.22 1.08 1.07 1.12 1.09 1.06 1.05 1.02 1.06 1.28 1.55 1.40 1.10 1.24 1.59 1.73 1.77 2.23 2.51 2.20 1.94 1.53 1.72 2.52 2.56 2.02 1.61 1.58 1.56 1.32 1.21 1.24 1.18 1.08 1.00 0.92 0.88 0.87 0.92 1.06 1.20 1.26 1.32 1.41 1.49 1.52 1.50 1.48 1.49 1.57 1.62 1.53 1.46 1.49 1.44 1.41 1.36 1.18 1.13 1.36 1.60 1.66 1.68 1.74 1.76 1.70 1.57 1.45 1.54 1.59 1.41 1.23 1.19
0.66 0.71 0.87 1.04 1.12 1.18 1.20 1.19 1.18 1.20 1.27 1.25 1.09 1.10 1.22 1.21 1.07 0.91 0.95 1.15 1.39 1.53 1.35 1.03 1.00 1.34 1.63 1.69 2.20 2.62 2.25 1.96 1.66 1.89 2.70 2.53 1.88 1.68 1.72 1.56 1.20 1.19 1.31 1.20 1.07 1.02 0.96 0.85 0.80 0.84 0.95 1.10 1.20 1.25 1.30 1.38 1.49 1.55 1.52 1.44 1.52 1.69 1.64 1.47 1.49 1.49 1.39 1.36 1.26 1.12 1.24 1.60 1.77 1.71 1.75 1.80 1.80 1.72 1.55 1.54 1.62 1.56 1.33 1.16
0.57 0.66 0.89 1.05 1.11 1.14 1.13 1.14 1.17 1.17 1.25 1.26 1.12 1.14 1.30 1.33 1.06 0.71 0.86 1.26 1.58 1.60 1.26 0.98 0.90 1.07 1.40 1.62 2.22 2.64 2.31 1.99 1.82 2.12 2.80 2.58 2.00 1.90 1.74 1.34 1.08 1.27 1.38 1.19 1.07 1.06 0.96 0.82 0.75 0.79 0.86 0.97 1.09 1.21 1.26 1.29 1.38 1.54 1.57 1.42 1.43 1.65 1.72 1.54 1.52 1.58 1.46 1.34 1.26 1.16 1.19 1.54 1.81 1.79 1.78 1.82 1.84 1.81 1.70 1.62 1.62 1.65 1.48 1.22
0.55 0.68 0.91 1.04 1.07 1.08 1.07 1.10 1.13 1.14 1.21 1.28 1.18 1.17 1.37 1.43 1.02 0.51 0.70 1.25 1.71 1.77 1.26 0.90 0.87 0.98 1.16 1.40 2.00 2.58 2.51 2.08 1.87 2.27 2.91 2.74 2.26 1.99 1.59 1.16 1.12 1.32 1.38 1.21 1.11 1.05 0.92 0.79 0.74 0.75 0.79 0.84 0.94 1.13 1.25 1.23 1.28 1.48 1.60 1.45 1.37 1.54 1.68 1.63 1.59 1.66 1.62 1.41 1.24 1.17 1.20 1.47 1.78 1.83 1.84 1.88 1.86 1.84 1.83 1.76 1.70 1.69 1.56 1.32
0.57 0.68 0.87 0.98 1.02 1.02 1.04 1.08 1.10 1.09 1.16 1.36 1.31 1.20 1.39 1.47 0.97 0.37 0.53 1.11 1.66 1.92 1.47 0.85 0.82 1.08 1.14 1.23 1.56 2.20 2.59 2.36 2.03 2.42 3.01 2.83 2.33 1.86 1.31 1.11 1.11 1.20 1.36 1.37 1.18 1.00 0.86 0.77 0.74 0.73 0.72 0.71 0.79 1.03 1.21 1.19 1.19 1.39 1.58 1.52 1.37 1.43 1.58 1.63 1.61 1.67 1.73 1.60 1.36 1.21 1.21 1.42 1.68 1.81 1.87 1.93 1.90 1.84 1.90 1.93 1.85 1.77 1.60 1.39
0.59 0.67 0.81 0.92 0.99 1.00 1.00 1.03 1.06 1.05 1.12 1.41 1.44 1.24 1.38 1.50 0.98 0.31 0.38 0.87 1.43 1.94 1.76 0.98 0.86 1.26 1.30 1.31 1.34 1.61 2.26 2.57 2.50 2.78 3.13 2.77 2.14 1.62 1.19 1.04 0.97 1.10 1.45 1.54 1.20 0.89 0.79 0.77 0.74 0.72 0.68 0.62 0.67 0.91 1.13 1.16 1.13 1.27 1.51 1.55 1.42 1.37 1.51 1.62 1.56 1.61 1.73 1.72 1.61 1.39 1.30 1.44 1.62 1.73 1.86 1.98 1.95 1.85 1.88 1.99 2.07 1.92 1.62 1.45
