windninja/windninja_output/Output_2025-08-24_0400-0450_Google earth_Fire_150m_10min/merlingen_7.5mi_point_08-24-2025_0420_150m_ang.asc
ncols	158
nrows	163
xllcorner	391686.332397
yllcorner	5160024.123721
cellsize	150.000000
NODATA_value	-32768.000000
[rows 84 to 125 of 163, columns 0 to 93 of 158]
212 205 204 214 218 219 218 218 219 215 207 201 199 202 203 203 201 200 198 194 191 189 190 190 186 185 190 193 195 196 197 197 199 201 204 206 207 206 205 203 200 198 195 194 194 194 193 191 191 193 194 193 191 189 190 191 192 192 192 191 191 191 190 190 190 189 189 188 188 187 186 185 185 184 182 181 179 177 175 173 172 175 182 184 178 171 168 168 169 171 174 177 182 185
206 215 225 229 231 231 229 228 226 218 208 202 200 202 204 203 201 201 200 195 191 188 186 184 183 182 188 193 194 195 196 198 198 200 203 204 205 206 206 202 198 196 196 197 197 198 197 196 195 196 196 197 197 195 193 192 192 192 192 191 191 191 190 190 190 189 189 188 188 187 186 186 185 184 183 181 179 178 175 173 171 173 177 178 172 169 169 171 172 173 174 177 182 186
216 227 236 239 241 240 234 227 221 213 206 203 201 202 204 205 204 205 205 201 194 188 181 174 174 179 185 191 193 194 196 197 196 196 198 200 201 203 204 201 197 195 196 197 198 199 199 199 199 197 196 198 199 197 195 193 193 192 191 191 191 190 190 190 190 189 189 189 188 187 187 186 185 184 183 181 180 178 175 172 169 168 170 171 168 168 169 171 174 175 177 179 180 181
235 240 245 243 239 232 224 216 212 210 208 204 202 201 204 206 207 208 208 203 196 186 174 163 165 174 183 188 193 195 195 196 195 193 194 197 199 200 202 201 199 195 194 196 198 200 201 201 201 200 198 197 197 198 196 195 193 192 191 190 190 189 189 190 190 189 189 189 188 188 187 186 185 184 183 182 180 178 175 171 165 161 160 161 165 169 171 172 175 178 179 176 173 172
243 242 235 226 218 213 211 210 211 214 212 204 199 199 201 204 206 207 206 199 190 177 166 165 169 176 184 189 193 196 196 196 196 195 194 195 197 199 202 203 201 198 194 195 197 199 202 202 201 201 198 196 195 196 196 196 195 192 190 188 188 188 189 189 189 189 189 189 188 188 187 186 186 184 183 182 180 178 175 171 164 156 152 150 155 166 172 175 178 178 175 170 167 165
238 230 217 214 211 208 209 211 213 215 211 201 197 198 202 204 205 205 201 192 178 167 167 172 179 182 186 191 194 196 197 197 197 197 197 196 195 198 203 206 205 203 199 196 196 198 202 203 202 200 198 195 192 191 193 195 196 196 191 184 183 185 188 189 189 189 189 189 189 188 187 187 186 185 184 182 181 179 175 171 165 157 149 143 142 151 167 175 177 175 169 165 169 173
230 224 216 216 215 211 209 209 208 207 207 202 197 199 203 203 201 200 196 181 166 165 173 184 187 187 190 193 195 197 198 198 198 198 198 198 196 195 199 204 207 206 203 199 197 198 201 203 203 201 197 194 191 189 191 195 199 198 191 181 178 183 187 188 189 189 189 189 189 188 188 187 186 185 184 183 181 179 176 172 167 161 153 147 142 145 157 168 171 167 164 167 180 187
223 218 211 209 207 203 199 197 199 202 206 204 199 198 197 196 195 194 192 175 164 170 186 193 192 192 194 196 197 198 199 199 199 198 198 199 197 195 194 199 205 206 205 202 200 199 201 204 205 203 198 194 190 188 189 194 195 192 189 186 182 182 186 188 189 190 190 189 189 189 188 187 187 186 185 183 182 180 178 174 170 164 158 154 152 152 155 161 165 163 164 178 192 199
211 206 200 198 198 193 187 185 189 198 204 202 198 196 196 194 190 187 183 179 175 183 195 200 198 197 198 199 199 200 200 201 200 199 198 198 197 196 195 195 200 206 208 206 203 201 202 205 208 207 202 194 189 186 185 186 188 188 191 193 190 186 187 189 190 190 190 190 189 189 188 188 187 186 185 184 183 181 179 176 173 168 161 156 153 152 153 157 161 165 181 207 223 232
195 193 191 192 192 190 186 184 187 195 200 197 191 189 190 191 185 180 182 187 193 194 199 204 202 201 201 201 202 202 203 204 202 198 197 197 197 197 196 194 196 203 209 209 207 205 205 206 208 208 204 193 185 184 181 178 182 189 196 199 196 191 189 190 190 190 190 190 189 189 189 188 187 187 186 185 183 182 180 178 176 172 167 160 154 150 150 152 160 187 215 225 227 230
175 180 185 187 188 188 188 187 186 192 197 195 191 189 189 191 189 188 192 203 206 203 204 207 205 204 203 203 203 205 207 207 202 196 195 196 197 197 196 195 192 195 203 207 207 206 204 203 203 201 197 190 183 184 183 179 182 191 197 200 198 194 191 191 190 190 190 190 190 189 189 188 188 187 186 185 184 183 182 180 178 176 173 168 164 159 157 160 176 196 203 204 205 207
155 168 181 184 186 187 187 186 182 187 195 199 198 199 199 203 204 211 213 215 214 216 217 217 211 207 204 203 204 206 206 202 198 195 194 196 197 197 196 194 191 189 195 202 203 202 200 198 195 192 191 192 190 188 188 186 186 189 193 196 197 194 192 191 191 190 190 190 190 190 189 189 188 187 187 186 185 184 183 182 180 179 177 175 173 172 172 176 183 189 193 196 197 199
139 154 174 181 187 191 191 187 181 184 203 212 216 219 223 229 230 234 231 219 226 234 236 233 219 208 203 203 203 201 200 200 201 201 198 197 197 196 195 194 191 186 188 195 198 198 196 194 191 190 194 200 199 194 192 191 189 190 192 194 195 194 192 192 191 190 190 190 190 190 189 189 188 188 188 187 186 185 184 183 182 181 180 179 179 179 180 182 184 188 191 193 194 196
130 142 166 180 192 200 200 197 193 195 213 225 230 228 233 237 241 243 236 228 236 243 246 242 217 200 199 202 201 199 201 206 209 207 203 199 198 196 194 193 190 186 184 188 193 194 195 195 195 199 205 208 205 199 196 196 194 193 193 193 193 193 192 191 190 190 190 190 190 190 189 189 189 189 188 188 187 186 185 185 184 183 183 182 182 182 183 185 186 188 190 192 193 195
118 125 154 180 202 210 211 211 211 213 228 246 256 259 258 257 255 253 246 240 238 239 236 222 197 193 199 202 204 207 210 213 213 211 206 203 200 196 192 190 189 186 183 186 191 194 196 200 205 209 210 209 207 203 200 199 198 196 193 194 194 193 191 190 189 189 189 189 189 190 190 190 190 189 189 188 188 187 186 186 185 185 184 184 184 185 185 186 188 189 190 192 193 194
106 108 129 176 216 229 235 237 237 239 246 254 264 273 272 269 267 262 255 245 232 223 215 208 200 202 207 209 211 214 216 216 214 212 207 203 200 197 191 185 184 184 182 184 190 193 195 200 205 207 207 205 205 203 201 199 199 198 195 194 194 194 192 190 188 186 186 188 189 190 190 190 190 190 189 189 188 188 187 187 186 186 186 186 186 186 187 188 189 190 191 192 193 194
112 115 134 185 228 246 255 259 257 254 254 256 261 271 278 274 269 265 254 234 221 214 213 216 219 218 218 217 218 221 223 223 221 215 208 202 199 197 192 184 180 180 180 180 185 191 195 199 202 204 204 203 202 201 201 199 199 200 197 194 193 193 193 191 188 186 184 186 188 189 190 191 190 190 190 189 189 188 188 188 187 187 187 187 187 188 188 189 189 190 191 192 193 194
129 134 158 199 233 247 254 258 258 256 254 252 251 252 255 254 245 238 227 216 214 216 225 231 232 230 228 226 227 230 232 232 230 224 213 202 197 195 191 185 178 177 177 176 180 189 195 198 199 200 202 202 201 201 201 200 199 199 199 196 192 192 193 193 192 188 185 185 187 189 191 191 190 190 190 190 190 189 189 188 188 188 188 188 188 188 189 190 190 191 192 193 194 195
150 157 181 211 232 243 248 250 250 249 247 245 240 231 223 220 220 216 209 210 216 226 237 239 237 237 238 239 239 239 237 235 233 229 218 200 188 186 186 184 177 173 173 172 175 183 190 194 195 198 200 201 200 200 200 199 198 198 199 198 194 191 192 194 195 192 189 188 189 192 193 191 189 190 191 191 190 190 189 189 188 188 188 188 189 189 190 190 191 192 192 193 194 195
175 181 197 213 226 234 239 242 244 245 244 241 232 219 212 213 215 213 211 218 228 235 240 241 240 239 243 246 244 240 237 234 231 226 217 198 177 172 177 178 173 169 167 168 168 173 183 190 194 197 199 200 199 198 198 198 197 198 198 197 195 193 192 194 195 195 193 192 193 194 195 193 190 190 191 191 190 190 189 189 188 188 188 189 189 189 190 191 191 192 193 194 195 196
194 198 206 216 226 233 239 242 246 249 248 244 236 228 226 230 231 229 233 243 242 238 237 237 237 237 238 239 237 236 235 232 228 224 216 203 181 162 161 166 166 163 161 161 162 165 175 185 192 196 198 199 198 197 197 198 198 198 198 198 197 196 195 194 196 197 196 194 193 194 197 199 197 194 194 193 190 188 188 188 188 188 188 189 189 190 191 191 192 193 194 195 195 196
208 209 213 221 228 234 240 242 244 248 250 251 251 249 249 253 255 254 254 253 246 240 236 234 232 230 231 233 232 233 233 229 224 222 217 206 185 165 157 158 160 159 157 155 156 160 167 177 185 191 195 196 197 197 197 197 197 198 199 199 199 198 197 196 197 198 197 194 194 195 198 201 203 200 196 193 189 187 188 187 185 185 187 188 189 190 191 191 192 193 194 195 196 196
217 216 217 221 226 231 236 237 238 239 237 234 234 233 238 247 253 254 251 246 242 240 235 229 226 225 226 228 229 230 228 224 220 217 213 201 183 169 161 157 157 157 155 153 153 154 160 169 177 184 190 193 195 197 198 197 197 198 199 200 200 199 197 197 197 198 198 196 194 196 199 201 202 200 196 194 192 190 189 186 180 179 183 186 188 190 191 192 193 194 195 195 196 196
220 218 218 221 225 228 228 225 220 218 215 213 216 221 229 238 243 245 243 238 236 236 231 221 219 220 221 220 223 227 224 221 215 208 204 195 183 174 165 157 155 155 154 153 152 152 155 163 171 178 185 190 193 195 198 198 198 198 199 200 201 200 197 197 197 198 199 197 194 195 199 200 200 200 199 198 196 192 188 187 184 178 178 183 186 189 191 192 194 195 195 196 196 197
221 220 219 219 219 216 212 207 204 208 213 217 221 225 228 230 231 232 233 232 230 231 227 216 211 215 216 212 216 223 222 219 210 199 198 195 189 180 168 161 158 154 152 153 153 152 152 157 166 174 182 188 191 193 196 198 199 198 198 198 200 201 198 197 199 199 199 199 195 194 198 201 201 200 200 200 198 194 189 190 192 187 178 178 183 188 191 193 194 195 196 196 197 198
224 221 217 213 208 206 206 207 209 215 223 227 226 226 227 227 222 219 220 223 226 229 225 215 206 207 211 209 213 221 219 214 206 196 201 201 192 179 169 168 166 154 148 151 153 152 151 153 160 169 177 184 189 192 194 196 198 199 197 196 198 201 200 199 201 202 200 199 197 194 196 201 201 199 199 199 200 199 195 194 195 194 186 178 179 186 190 193 195 196 197 197 198 200
223 219 214 211 210 211 216 221 225 226 228 229 227 224 224 224 217 209 210 217 225 230 225 213 202 200 204 204 209 217 216 210 204 199 203 201 187 175 173 176 173 161 152 150 148 149 151 152 155 163 171 179 186 191 193 193 196 199 198 196 197 200 203 202 202 204 202 199 198 196 194 197 200 199 200 201 202 203 201 198 197 198 195 187 182 184 190 194 196 198 199 200 201 202
221 219 216 217 219 223 227 228 228 227 228 230 228 222 220 220 212 200 202 212 221 229 224 208 201 197 193 192 200 210 215 211 203 199 199 194 184 177 178 179 173 170 167 156 147 146 149 149 151 156 164 173 183 190 192 192 194 198 200 198 196 200 203 203 202 203 203 200 197 195 192 195 199 201 202 203 204 204 205 203 200 199 198 194 189 188 192 196 200 203 205 205 204 204
225 223 222 223 225 225 223 223 224 223 222 224 222 215 214 217 211 195 195 202 211 221 223 208 199 197 187 181 188 202 211 212 202 195 195 192 188 186 185 181 177 177 173 163 154 151 148 146 145 149 158 168 178 186 190 191 192 196 199 199 197 198 201 202 201 201 203 203 199 195 193 194 199 202 203 204 204 203 204 205 203 201 200 198 195 194 198 203 208 213 212 205 203 204
228 227 226 226 227 225 222 220 219 217 215 216 215 210 211 216 208 188 184 191 201 214 223 216 201 199 192 184 181 190 203 209 206 198 196 197 197 196 191 185 183 178 170 165 162 157 151 146 144 145 150 161 173 182 188 190 190 193 198 199 197 197 200 201 199 200 202 202 201 197 194 194 196 199 202 204 204 202 202 204 206 205 203 203 202 200 203 208 210 209 203 196 197 203
228 227 226 225 223 222 220 218 216 214 211 210 209 207 210 214 203 180 173 182 193 207 217 217 206 199 197 194 188 183 192 204 208 205 202 202 202 198 193 187 182 172 167 167 167 161 156 154 151 147 147 154 165 177 186 189 189 191 195 198 198 196 198 200 198 198 200 201 201 199 196 196 198 198 201 204 205 203 202 204 207 207 204 204 204 202 203 206 202 197 195 195 198 205
226 225 223 221 219 217 217 218 216 213 207 204 203 204 209 212 200 179 170 176 186 198 206 208 206 200 198 197 196 188 186 195 204 209 206 196 191 191 191 185 175 169 170 173 172 165 162 162 158 152 149 150 157 170 182 189 190 190 193 196 197 196 196 199 198 196 198 200 200 200 199 200 202 202 200 202 205 206 203 202 207 209 205 204 205 202 200 200 195 193 196 200 202 206
223 223 221 220 219 217 216 215 214 210 204 200 199 200 206 210 202 184 173 173 181 187 191 197 203 203 200 198 199 191 182 186 198 207 205 191 184 185 185 179 170 169 174 179 177 172 168 163 159 157 154 152 156 165 178 188 190 189 191 194 196 196 196 198 198 196 196 198 200 200 200 200 202 205 203 202 204 207 207 205 208 210 207 206 207 203 197 195 194 196 201 204 204 201
222 223 223 222 221 218 213 209 207 206 205 200 195 194 202 212 209 187 170 166 171 176 179 186 195 200 200 200 199 193 183 181 189 198 196 186 180 181 180 175 172 174 178 181 181 177 170 163 161 160 159 158 158 163 174 185 189 189 190 192 194 193 194 196 197 196 196 197 199 199 199 198 200 204 205 204 203 206 209 207 208 209 208 206 206 202 195 193 196 200 204 205 202 197
224 224 223 222 220 216 209 204 203 204 207 204 192 188 197 212 214 188 164 157 158 165 170 175 182 190 191 190 195 198 192 182 180 185 192 194 189 183 178 176 178 181 182 183 183 178 171 167 165 165 165 163 161 163 171 181 188 190 190 191 191 190 191 193 195 195 194 196 198 199 198 197 198 201 204 206 204 205 207 206 206 209 209 205 203 199 195 194 198 203 204 203 200 199
226 224 222 223 220 214 208 204 204 204 208 208 193 185 194 208 214 198 165 150 145 151 161 166 171 176 178 181 189 193 188 181 177 181 195 203 200 190 185 186 187 187 186 184 181 180 176 170 168 168 169 167 164 164 169 178 187 190 190 190 190 188 188 190 193 194 194 196 198 199 197 196 196 197 201 206 207 206 206 207 209 213 211 205 200 197 195 195 199 202 203 202 202 203
226 223 220 222 221 217 213 209 207 204 206 209 195 185 191 203 212 207 181 154 141 139 147 154 160 164 168 174 179 180 181 180 180 189 201 207 205 199 195 197 197 194 191 188 187 186 182 176 173 173 172 171 168 166 169 177 185 189 189 190 189 188 189 193 198 201 199 196 198 199 198 195 194 194 198 203 207 208 209 211 213 214 211 204 199 195 193 195 199 202 203 203 202 204
224 221 215 213 214 214 213 213 212 205 203 208 197 183 186 197 210 212 198 174 148 131 128 136 144 151 160 167 169 168 173 182 189 196 204 207 207 207 204 202 204 202 200 198 196 194 190 186 182 179 177 174 171 169 171 176 184 187 188 189 190 192 198 206 214 220 216 198 192 196 197 196 195 193 194 198 203 207 209 211 212 212 209 202 198 195 193 196 200 203 203 202 200 199
218 214 207 204 204 204 205 209 213 209 203 207 198 180 179 190 207 215 211 196 168 134 118 114 118 127 140 152 157 159 167 181 190 197 206 208 208 211 205 200 204 209 210 208 204 200 197 193 189 186 182 177 173 172 172 175 182 187 189 192 198 205 212 215 212 211 209 198 182 186 194 196 195 193 191 192 197 202 206 208 210 210 205 198 196 195 195 197 200 202 202 200 198 196
214 212 206 201 200 201 202 206 211 211 207 210 205 183 176 184 203 217 220 214 194 159 127 106 99 105 114 126 138 150 164 179 191 198 207 209 208 211 209 199 198 206 212 212 207 201 197 192 189 187 184 179 176 174 174 175 183 191 195 201 209 213 211 206 202 201 202 201 191 179 185 191 192 192 190 188 190 195 199 203 205 206 203 198 197 198 197 198 201 202 202 198 195 193
214 212 207 202 200 201 202 204 209 209 209 216 214 194 180 179 197 213 219 221 213 186 151 130 117 105 103 118 135 148 166 183 192 197 206 211 208 210 211 202 196 200 209 214 211 203 197 190 187 186 184 183 180 177 177 180 188 199 205 207 208 205 200 197 196 197 200 203 203 194 184 185 187 188 188 185 183 186 191 194 198 203 205 203 201 201 200 201 204 204 200 194 189 189
210 209 206 201 198 199 201 202 205 204 207 218 223 208 189 180 188 201 208 210 212 204 176 151 137 129 129 140 147 158 174 188 195 197 205 212 209 208 211 206 198 197 203 213 215 209 199 191 186 185 186 187 185 181 180 183 190 198 202 200 196 195 195 194 195 197 199 203 206 205 199 192 188 181 178 178 176 177 182 187 192 201 207 206 204 203 202 202 204 203 196 188 185 187
