windninja/windninja_output/Output_2025-08-24_0400-0450_Google earth_Fire_150m_10min/merlingen_7.5mi_point_08-24-2025_0410_150m_ang.asc
ncols	158
nrows	163
xllcorner	391686.332397
yllcorner	5160024.123721
cellsize	150.000000
NODATA_value	-32768.000000
[rows 42 to 83 of 163, columns 0 to 93 of 158]
211 210 210 210 210 210 210 210 210 210 209 209 210 209 210 210 210 210 210 210 210 209 209 209 209 208 207 206 204 206 211 212 211 210 207 206 209 211 210 209 210 211 212 211 209 206 208 211 212 214 220 220 213 210 217 223 222 222 227 231 229 224 223 223 223 223 224 223 221 218 217 219 218 209 210 213 202 192 196 208 216 217 221 225 226 223 218 217 220 223 226 230 234 238
212 212 211 211 211 210 210 210 210 210 209 210 210 210 210 210 210 210 210 210 210 210 209 210 210 209 208 207 206 207 211 213 211 206 202 200 203 205 205 207 211 215 216 214 211 210 214 218 219 221 224 223 215 213 218 223 225 225 228 232 231 228 226 224 223 222 219 217 216 211 210 213 212 206 208 208 200 194 198 208 215 218 222 226 225 221 219 222 224 226 228 229 235 240
213 213 213 212 211 211 211 211 210 210 210 210 210 210 210 210 210 210 211 211 210 210 210 210 210 210 209 208 208 209 211 212 209 205 200 198 200 205 208 211 215 218 219 218 215 216 219 221 221 220 220 219 215 213 218 223 225 226 228 230 230 229 228 226 226 224 220 217 213 209 209 211 212 210 210 209 202 198 202 211 216 218 222 226 225 222 222 225 229 230 231 232 240 244
215 214 213 212 212 212 212 211 211 211 211 210 210 210 210 210 210 210 211 210 210 210 210 210 210 210 210 210 210 210 210 210 209 205 201 199 202 207 212 214 215 218 221 220 216 216 220 221 219 218 219 220 219 218 222 225 226 227 228 227 227 226 225 224 225 226 223 220 214 212 215 217 218 218 217 213 204 200 206 212 215 219 225 230 227 224 224 227 230 232 234 237 244 245
217 215 214 213 213 213 213 212 211 211 211 210 210 210 210 210 210 211 211 211 211 211 211 211 211 211 211 211 211 211 210 211 209 206 203 203 205 208 210 212 214 219 223 220 216 218 220 220 219 219 220 221 222 223 226 227 228 228 228 225 222 222 222 221 224 225 224 222 217 217 222 223 225 224 220 215 206 201 206 213 218 224 231 233 229 226 226 227 229 232 235 240 244 242
217 216 215 214 215 216 214 213 212 211 211 211 210 211 211 211 211 211 211 212 211 211 212 212 212 212 212 212 212 211 211 211 211 208 206 206 207 208 209 211 215 219 222 218 216 219 221 222 221 219 220 221 222 224 224 224 226 227 227 222 218 221 224 225 227 228 226 224 219 219 222 225 227 225 222 217 210 206 211 220 228 232 234 232 229 227 227 227 229 231 234 238 240 237
218 217 216 215 216 218 216 213 212 212 212 211 211 211 212 212 212 212 212 212 212 212 212 212 213 213 212 212 212 212 212 212 212 211 209 207 209 210 210 212 216 220 221 217 216 219 222 222 220 218 220 222 225 227 225 224 226 225 223 218 216 223 229 231 233 232 227 224 221 221 224 225 226 225 222 218 214 213 218 225 231 232 231 228 225 224 225 226 227 230 232 236 236 234
220 218 217 217 218 219 218 214 212 212 212 212 212 212 212 212 212 212 212 212 212 212 212 213 213 213 212 212 213 213 213 213 212 212 210 208 208 210 210 212 216 220 220 216 218 223 224 222 220 218 218 222 225 225 223 223 225 224 220 216 217 225 232 235 235 232 227 224 222 223 224 225 225 224 221 218 215 214 218 223 227 228 227 225 223 222 222 222 225 227 230 233 234 233
222 220 217 216 218 219 218 216 212 212 212 212 212 212 212 212 212 212 213 213 212 213 213 213 213 213 213 213 213 213 213 213 213 213 211 210 209 211 211 213 216 218 217 215 220 226 225 223 223 222 221 224 224 221 219 221 223 222 220 219 222 228 235 239 236 230 226 224 224 225 225 226 225 223 220 217 215 214 218 223 226 226 226 224 223 222 221 222 225 228 229 232 233 233
225 222 217 216 217 217 216 217 214 211 211 212 212 212 212 213 213 213 213 213 213 213 213 213 214 214 214 214 214 214 214 214 214 214 213 212 212 213 213 213 215 218 217 215 221 226 225 223 225 225 224 225 225 221 221 224 225 223 221 222 226 231 239 242 236 228 225 223 223 225 226 226 224 222 220 219 216 215 218 222 225 227 228 227 225 224 224 227 229 230 229 231 233 234
229 224 217 217 218 217 217 218 216 211 211 212 213 213 213 213 213 213 213 213 213 213 214 214 214 214 214 214 214 215 215 215 215 215 214 214 214 214 214 213 215 219 218 215 219 225 223 219 221 219 216 217 220 221 224 228 227 224 223 225 227 231 240 242 234 225 222 220 222 224 224 223 221 220 221 220 219 218 220 223 224 227 230 231 231 230 230 230 231 231 230 231 231 232
229 225 217 215 218 217 216 218 218 214 212 213 213 213 213 214 214 214 214 214 214 214 214 214 215 215 215 215 215 215 215 215 215 215 216 216 215 215 214 213 214 219 218 215 217 222 219 214 215 214 212 214 218 221 227 230 226 223 224 226 228 233 241 240 231 221 217 217 220 221 220 219 218 219 221 222 220 221 225 226 225 226 228 229 231 234 234 232 231 231 231 231 228 228
225 224 218 214 217 216 214 218 220 218 215 214 214 214 214 214 214 214 214 215 215 215 215 215 215 215 215 215 216 216 216 216 216 216 216 217 217 216 216 214 215 219 220 218 218 220 216 211 212 213 213 218 221 225 231 230 223 220 222 225 228 233 239 237 227 217 212 211 216 217 216 216 219 221 222 222 220 223 227 226 224 225 226 225 225 229 232 232 231 230 230 230 227 226
223 223 222 218 220 221 218 218 221 221 218 215 215 214 214 215 215 215 215 215 215 215 215 215 215 215 216 216 216 216 216 217 217 217 217 217 217 217 217 217 218 222 225 223 220 218 214 210 211 211 213 220 222 226 233 229 219 218 222 225 227 231 235 233 224 214 210 209 213 216 216 218 221 222 222 221 220 223 225 223 221 223 224 223 223 224 225 226 228 230 232 232 230 230
224 224 224 222 223 225 222 220 221 222 220 217 216 216 215 215 216 215 215 215 216 216 216 216 216 216 216 216 217 217 217 217 217 218 218 218 218 218 218 219 220 222 224 222 219 216 212 210 210 209 212 221 223 228 234 227 217 218 222 225 228 231 233 232 224 215 211 211 215 219 219 220 221 220 221 219 219 222 223 221 220 222 224 223 223 223 222 221 223 228 236 239 236 234
225 225 224 222 221 222 222 220 220 221 219 216 217 217 216 216 216 216 216 216 216 216 216 216 216 216 217 217 217 217 217 218 218 218 218 219 219 219 219 220 220 221 221 221 219 217 214 212 212 208 211 223 227 232 234 224 215 218 222 225 228 231 234 232 225 216 211 212 216 219 219 220 220 219 219 217 218 220 220 218 218 221 223 224 226 227 226 224 223 226 232 236 233 234
226 225 224 223 222 221 221 219 218 220 219 216 218 219 218 217 217 217 216 216 217 217 217 217 217 217 217 217 218 218 218 218 218 219 219 219 219 220 220 220 221 221 221 221 221 221 221 219 215 209 211 224 229 233 233 223 215 219 225 226 228 231 233 232 226 217 210 209 212 215 217 218 219 219 217 216 217 218 217 216 216 219 223 225 227 229 229 228 227 227 232 234 232 237
226 225 224 224 224 223 222 221 220 221 221 218 219 220 220 218 217 217 217 217 217 217 218 217 217 217 218 218 218 218 219 219 219 219 219 220 220 220 220 221 221 221 221 222 222 222 222 221 218 211 210 223 231 234 232 224 218 224 229 229 229 231 232 231 227 219 211 206 208 215 217 218 219 218 216 215 217 218 216 216 217 220 222 223 224 227 228 228 229 233 239 240 238 241
226 226 225 225 225 225 225 224 224 223 221 218 217 219 219 218 218 217 217 217 217 217 217 217 217 218 218 218 219 219 219 219 219 220 220 220 220 221 221 221 221 222 222 222 222 222 222 222 220 215 210 222 233 235 231 225 223 229 232 231 231 232 232 232 227 221 213 205 210 218 219 218 219 218 215 215 218 217 217 218 219 222 223 223 223 225 227 229 233 240 243 241 239 237
227 227 227 226 225 225 226 226 225 222 220 216 215 217 218 219 218 218 218 217 217 218 218 218 218 219 219 219 219 219 220 220 220 220 220 221 221 221 221 222 222 222 222 222 223 223 223 223 222 219 214 224 238 239 233 229 231 234 235 234 234 234 234 232 228 223 214 208 213 219 219 218 219 218 215 216 218 218 218 219 220 222 225 226 226 227 230 233 239 243 241 238 235 231
229 229 229 228 226 225 225 225 224 223 221 217 216 216 217 219 219 219 218 218 218 219 219 219 219 220 220 220 220 220 220 220 220 221 221 221 221 222 222 222 222 223 223 223 223 223 224 224 223 222 219 224 239 240 234 232 237 239 237 236 235 233 233 231 228 223 215 211 215 218 218 219 220 217 215 216 218 218 218 218 220 222 225 228 229 232 238 242 244 243 238 236 234 230
233 232 232 230 228 226 225 225 225 224 223 220 218 217 216 218 220 219 219 218 218 218 219 219 219 220 220 220 220 220 221 221 221 221 221 222 222 222 222 223 223 223 223 224 224 224 224 225 225 225 223 224 234 236 230 231 238 239 237 234 231 229 230 230 232 228 219 216 217 217 217 219 220 217 214 215 216 217 216 217 219 222 224 228 229 235 243 247 247 242 235 234 232 230
237 235 233 232 230 229 228 228 227 225 225 223 218 216 216 217 219 219 219 219 219 218 219 219 219 220 221 221 221 221 221 221 221 222 222 222 222 223 223 223 223 223 224 224 224 225 225 225 226 226 226 227 232 235 228 230 237 238 236 233 229 227 230 236 240 235 224 219 217 216 217 219 220 216 213 214 214 213 212 214 218 220 223 227 231 239 244 245 243 235 231 231 229 230
236 234 232 230 230 229 229 230 230 229 227 226 220 216 216 217 218 219 219 220 220 219 219 220 220 221 222 221 221 221 221 222 222 222 222 223 223 223 223 223 224 224 224 225 225 225 226 226 227 227 228 230 234 237 233 233 237 237 235 233 228 227 231 236 234 228 220 217 216 216 217 220 221 217 212 211 212 210 209 213 218 222 225 228 234 242 244 241 234 228 227 228 228 230
230 229 229 229 230 229 226 226 227 227 227 225 222 217 216 217 219 219 220 220 219 218 219 220 219 220 222 222 222 222 222 222 222 223 223 223 223 223 224 224 224 224 225 225 225 226 226 227 227 228 229 231 234 237 239 242 244 241 237 234 226 220 225 228 226 222 218 216 217 218 218 221 222 216 211 209 209 209 209 213 219 222 224 225 232 240 240 235 228 226 225 225 227 229
217 220 223 224 227 226 221 221 225 227 226 224 221 218 216 218 219 219 219 220 219 217 218 219 219 220 223 224 224 224 223 223 223 223 223 224 224 224 224 224 225 225 225 225 226 226 227 227 228 229 230 231 233 236 240 246 253 252 246 239 227 219 224 228 226 223 220 218 218 219 219 222 222 216 211 209 208 207 207 211 215 218 222 224 234 242 239 230 227 226 224 224 227 228
199 210 216 217 218 217 212 214 222 226 225 222 220 218 216 216 219 219 219 220 221 219 219 219 218 219 222 226 227 227 225 224 224 224 224 224 224 224 225 225 225 225 226 226 226 227 227 228 228 229 230 231 233 235 238 243 250 254 253 245 235 228 232 234 230 225 222 220 219 219 219 223 223 218 213 211 209 205 205 210 215 221 227 232 245 248 238 227 226 224 223 224 228 229
193 206 218 218 219 217 211 209 217 219 216 212 212 212 212 212 216 219 220 221 221 221 222 221 218 218 223 228 228 228 227 226 225 225 224 224 225 225 225 225 225 226 226 226 227 227 228 228 229 229 230 231 232 234 236 239 242 246 248 247 243 241 244 243 237 231 226 223 220 218 219 224 225 218 213 213 210 207 205 212 221 229 234 241 254 251 235 226 225 223 223 224 226 228
211 220 235 239 237 232 222 215 219 221 216 212 212 212 211 212 214 218 220 220 221 223 224 224 220 218 224 227 226 226 227 227 226 226 225 225 225 225 225 226 226 226 226 227 227 228 228 228 229 230 230 231 232 233 235 236 238 240 241 242 243 245 250 252 250 246 239 232 226 222 222 226 225 216 213 214 213 209 208 216 227 234 239 248 256 248 230 225 224 222 221 222 224 225
224 229 241 251 254 250 243 237 238 236 230 226 225 222 219 217 217 218 219 219 220 223 224 225 219 215 221 224 224 223 224 226 227 227 226 226 226 226 226 226 226 227 227 227 228 228 228 229 229 230 231 231 232 233 234 235 236 237 238 239 240 242 245 249 252 254 253 248 241 233 228 229 226 217 213 215 215 212 211 221 232 238 245 255 253 238 225 223 223 223 222 223 223 221
233 235 241 246 249 250 249 250 253 249 243 241 239 235 232 227 224 222 221 219 219 220 222 222 216 212 219 224 224 223 223 224 226 226 226 227 226 226 226 226 227 227 227 228 228 228 229 229 230 230 231 231 232 233 233 234 235 235 236 237 237 238 240 242 244 247 250 252 252 250 247 242 234 223 219 220 220 216 214 223 234 243 251 256 247 227 220 221 224 225 223 224 226 225
239 241 244 246 248 249 248 250 252 249 244 241 239 236 234 232 229 228 226 223 221 220 220 219 216 213 219 224 225 225 223 223 225 225 225 226 226 227 227 227 227 227 228 228 228 229 229 230 230 230 231 231 232 232 233 234 234 235 235 236 236 237 238 239 239 240 242 245 249 254 259 258 248 234 227 227 226 221 217 224 236 247 254 251 237 223 219 221 226 225 222 224 227 231
244 246 250 252 252 252 252 251 249 247 243 240 237 234 232 231 229 229 228 226 225 224 223 221 218 215 218 223 226 226 225 224 224 224 223 223 225 227 227 227 227 228 228 228 229 229 230 230 230 231 231 232 232 232 233 233 234 234 235 235 235 236 236 237 237 238 239 240 243 246 249 252 249 240 233 230 227 222 218 225 239 248 251 242 228 221 221 223 226 225 224 221 221 232
249 251 255 259 260 260 258 255 251 247 244 241 238 235 233 231 229 228 228 227 227 227 226 225 222 218 220 223 225 226 226 225 225 226 225 225 225 227 227 227 227 228 228 229 229 230 230 230 231 231 231 232 232 232 233 233 234 234 234 235 235 235 236 236 236 237 237 238 239 240 240 241 241 240 236 233 226 220 219 228 243 248 244 233 224 220 221 224 226 229 231 225 225 239
251 253 258 263 268 270 267 262 256 251 246 242 239 237 234 232 230 229 228 227 226 227 226 226 224 221 223 225 226 226 227 227 228 230 230 229 228 228 228 227 227 228 229 229 230 230 230 231 231 232 232 232 232 233 233 233 233 234 234 234 235 235 235 235 236 236 237 237 237 237 237 237 238 238 238 236 228 218 219 235 247 247 240 231 227 225 227 229 231 237 242 241 246 249
254 255 258 265 273 278 277 272 264 255 248 242 239 237 235 233 231 229 228 227 227 227 226 225 223 222 225 228 228 228 228 229 230 230 230 229 228 228 228 228 227 228 229 229 230 231 231 232 232 232 232 233 233 233 233 233 233 234 234 234 234 235 235 235 235 236 236 236 236 236 236 236 236 236 236 236 230 220 224 243 248 242 236 233 233 236 239 237 238 240 241 241 246 247
258 257 255 262 277 285 286 280 269 258 247 240 238 236 234 233 231 230 228 228 227 227 227 226 222 222 226 229 228 227 227 228 228 228 228 227 226 228 229 229 228 228 229 230 231 231 232 232 233 233 233 233 233 233 233 233 233 234 234 234 234 234 235 235 235 235 235 236 236 236 235 235 235 235 235 234 231 224 232 247 246 235 230 231 229 230 233 233 234 236 237 238 242 243
256 253 248 250 265 281 286 279 266 254 241 237 236 235 233 232 231 230 229 228 228 228 228 226 221 221 225 227 226 224 224 227 227 228 229 228 226 226 229 230 229 229 231 232 232 233 234 234 235 235 235 234 234 233 233 233 233 234 234 234 234 234 235 235 235 235 235 235 235 235 235 235 235 235 234 233 231 228 236 245 239 228 224 223 222 222 225 231 236 238 239 240 242 240
249 245 238 239 244 246 243 232 234 233 228 229 232 233 232 231 231 230 229 228 229 229 229 226 221 221 226 227 226 223 223 226 226 227 228 228 226 225 227 229 228 229 233 234 235 236 236 237 238 238 237 235 234 234 234 234 234 234 234 234 234 234 235 235 235 235 235 235 235 235 235 235 235 234 234 233 231 230 233 236 228 220 219 218 219 223 231 238 241 242 242 242 242 240
247 246 242 240 243 240 222 208 212 214 215 221 228 231 232 232 232 231 230 229 229 229 229 226 221 223 228 228 227 224 223 225 225 225 226 226 225 225 226 227 226 226 231 235 238 241 241 242 244 245 243 238 235 234 234 234 234 234 234 234 234 234 235 235 235 235 235 235 235 235 235 235 235 234 234 233 231 229 227 223 213 213 217 219 221 229 241 244 243 242 242 242 242 239
256 255 249 247 246 238 226 216 213 213 214 219 227 231 232 233 233 233 232 231 231 230 230 227 222 224 228 228 227 226 226 227 229 231 231 229 227 226 227 227 225 223 225 229 231 234 235 235 238 240 240 239 237 235 234 233 234 234 234 234 235 235 235 235 235 235 235 235 235 235 235 235 235 234 234 233 231 229 225 216 202 205 215 220 227 240 246 245 244 242 241 240 240 237
250 244 237 240 239 235 230 224 222 221 221 224 229 233 234 234 235 235 235 234 233 232 231 228 223 223 226 227 227 227 228 229 230 233 235 235 233 231 229 228 226 224 223 223 223 223 223 224 226 227 227 229 231 232 232 233 234 234 234 235 235 235 235 235 235 235 235 235 235 235 235 235 235 235 234 233 232 229 225 216 197 196 210 220 236 248 250 247 245 245 243 242 240 238
