windninja/windninja_output/Output_2025-08-24_0400-0450_Google earth_Fire_150m_10min/merlingen_7.5mi_point_08-24-2025_0450_150m_vel.asc
ncols	158
nrows	163
xllcorner	391686.332397
yllcorner	5160024.123721
cellsize	150.000000
NODATA_value	-32768.000000
[rows 114 to 151 of 163, columns 0 to 83 of 158]
0.47 0.49 0.50 0.52 0.54 0.54 0.52 0.51 0.51 0.53 0.56 0.65 0.67 0.60 0.66 0.71 0.48 0.18 0.19 0.37 0.60 0.90 0.99 0.72 0.59 0.61 0.59 0.54 0.51 0.50 0.67 1.00 1.16 1.18 1.10 0.87 0.68 0.57 0.44 0.34 0.33 0.38 0.46 0.46 0.32 0.18 0.13 0.12 0.10 0.08 0.06 0.05 0.14 0.28 0.42 0.47 0.46 0.49 0.58 0.64 0.61 0.57 0.61 0.67 0.63 0.61 0.66 0.69 0.68 0.63 0.57 0.56 0.57 0.56 0.60 0.66 0.66 0.60 0.56 0.59 0.66 0.62 0.50 0.44
0.44 0.49 0.54 0.54 0.55 0.55 0.55 0.53 0.50 0.51 0.56 0.61 0.60 0.60 0.73 0.79 0.53 0.17 0.11 0.24 0.45 0.71 0.93 0.95 0.82 0.69 0.62 0.61 0.65 0.53 0.51 0.83 1.20 1.32 1.14 0.85 0.65 0.54 0.46 0.36 0.35 0.42 0.47 0.46 0.36 0.23 0.15 0.11 0.11 0.08 0.05 0.03 0.06 0.19 0.36 0.45 0.46 0.47 0.53 0.61 0.62 0.58 0.60 0.67 0.66 0.61 0.63 0.68 0.69 0.67 0.63 0.62 0.63 0.59 0.56 0.63 0.69 0.66 0.58 0.56 0.65 0.67 0.56 0.48
0.40 0.47 0.54 0.56 0.55 0.54 0.55 0.55 0.55 0.56 0.60 0.56 0.49 0.54 0.75 0.87 0.60 0.18 0.08 0.15 0.34 0.54 0.71 0.91 0.97 0.84 0.67 0.66 0.76 0.59 0.46 0.69 1.10 1.36 1.21 0.86 0.62 0.49 0.47 0.42 0.39 0.44 0.46 0.46 0.41 0.27 0.16 0.12 0.12 0.11 0.05 0.01 0.02 0.12 0.29 0.43 0.47 0.46 0.49 0.57 0.60 0.58 0.60 0.66 0.66 0.61 0.62 0.67 0.69 0.69 0.67 0.67 0.70 0.70 0.61 0.58 0.65 0.69 0.63 0.56 0.63 0.67 0.57 0.50
0.36 0.44 0.53 0.55 0.56 0.54 0.51 0.53 0.59 0.65 0.66 0.52 0.39 0.44 0.73 0.94 0.68 0.21 0.05 0.09 0.25 0.42 0.53 0.71 0.90 0.96 0.83 0.77 0.87 0.67 0.46 0.55 0.86 1.26 1.26 0.88 0.61 0.47 0.48 0.50 0.46 0.46 0.46 0.48 0.46 0.33 0.21 0.15 0.13 0.13 0.09 0.03 0.04 0.08 0.21 0.39 0.47 0.47 0.48 0.53 0.56 0.56 0.60 0.66 0.67 0.62 0.62 0.66 0.69 0.70 0.69 0.69 0.73 0.79 0.77 0.66 0.60 0.66 0.69 0.63 0.64 0.67 0.56 0.48
0.35 0.42 0.51 0.56 0.56 0.53 0.49 0.50 0.58 0.66 0.72 0.56 0.34 0.37 0.65 0.96 0.85 0.33 0.07 0.06 0.13 0.29 0.41 0.51 0.65 0.83 0.85 0.86 0.96 0.88 0.64 0.55 0.68 1.07 1.20 1.08 0.84 0.61 0.58 0.58 0.53 0.51 0.50 0.50 0.49 0.39 0.27 0.20 0.16 0.15 0.13 0.07 0.07 0.09 0.16 0.33 0.46 0.48 0.48 0.52 0.54 0.52 0.56 0.64 0.67 0.65 0.64 0.67 0.69 0.70 0.69 0.68 0.71 0.79 0.87 0.82 0.69 0.65 0.69 0.69 0.70 0.69 0.58 0.47
0.35 0.40 0.49 0.57 0.55 0.51 0.49 0.51 0.56 0.61 0.70 0.65 0.35 0.33 0.55 0.89 0.98 0.56 0.17 0.10 0.12 0.20 0.32 0.42 0.51 0.59 0.63 0.70 0.85 0.92 0.84 0.71 0.74 0.97 1.10 1.15 1.08 0.86 0.76 0.74 0.70 0.64 0.59 0.56 0.53 0.46 0.35 0.26 0.20 0.17 0.15 0.11 0.09 0.10 0.13 0.28 0.43 0.48 0.49 0.51 0.53 0.50 0.52 0.58 0.62 0.64 0.64 0.66 0.71 0.72 0.68 0.65 0.67 0.73 0.85 0.92 0.86 0.75 0.71 0.71 0.72 0.71 0.61 0.50
0.35 0.38 0.48 0.59 0.57 0.50 0.51 0.54 0.57 0.55 0.62 0.69 0.43 0.31 0.47 0.78 1.01 0.79 0.33 0.14 0.15 0.19 0.27 0.38 0.47 0.51 0.54 0.57 0.66 0.77 0.85 0.82 0.83 0.94 1.01 1.06 1.05 0.97 0.83 0.79 0.85 0.84 0.77 0.70 0.64 0.57 0.47 0.36 0.27 0.22 0.19 0.15 0.12 0.12 0.14 0.24 0.40 0.47 0.48 0.51 0.53 0.51 0.51 0.54 0.53 0.56 0.56 0.54 0.62 0.71 0.70 0.64 0.63 0.65 0.75 0.88 0.95 0.90 0.82 0.77 0.74 0.72 0.63 0.54
0.33 0.37 0.46 0.59 0.63 0.57 0.58 0.62 0.62 0.52 0.55 0.72 0.51 0.27 0.39 0.70 1.01 0.93 0.52 0.24 0.17 0.22 0.28 0.37 0.46 0.50 0.51 0.55 0.68 0.80 0.83 0.86 0.88 0.90 0.98 1.00 0.93 0.94 0.77 0.65 0.77 0.88 0.90 0.80 0.71 0.64 0.56 0.45 0.35 0.29 0.24 0.19 0.15 0.15 0.16 0.22 0.38 0.47 0.48 0.51 0.53 0.50 0.51 0.54 0.52 0.55 0.54 0.43 0.44 0.59 0.66 0.65 0.62 0.60 0.64 0.75 0.90 0.99 0.97 0.90 0.82 0.76 0.66 0.57
0.30 0.36 0.44 0.52 0.61 0.66 0.71 0.77 0.75 0.56 0.53 0.75 0.58 0.23 0.28 0.54 0.94 1.03 0.67 0.39 0.25 0.25 0.31 0.37 0.47 0.50 0.50 0.58 0.77 0.87 0.80 0.83 0.89 0.84 0.95 0.97 0.85 0.92 0.77 0.55 0.57 0.73 0.94 0.91 0.74 0.65 0.58 0.46 0.38 0.34 0.29 0.23 0.18 0.17 0.17 0.21 0.36 0.47 0.48 0.52 0.53 0.50 0.51 0.53 0.55 0.62 0.63 0.48 0.37 0.41 0.53 0.59 0.61 0.59 0.56 0.60 0.73 0.91 1.03 1.03 0.97 0.87 0.73 0.62
0.26 0.33 0.40 0.42 0.49 0.59 0.68 0.80 0.89 0.76 0.64 0.83 0.64 0.22 0.21 0.40 0.76 1.05 0.90 0.59 0.43 0.35 0.34 0.39 0.47 0.50 0.50 0.63 0.88 0.91 0.72 0.75 0.84 0.79 0.89 0.96 0.82 0.88 0.87 0.58 0.46 0.58 0.86 1.01 0.88 0.71 0.59 0.45 0.38 0.36 0.33 0.28 0.22 0.20 0.19 0.21 0.32 0.45 0.47 0.49 0.52 0.52 0.53 0.54 0.55 0.64 0.71 0.64 0.46 0.34 0.39 0.49 0.54 0.55 0.53 0.50 0.55 0.71 0.89 1.02 1.08 1.04 0.87 0.71
0.27 0.33 0.39 0.37 0.41 0.51 0.59 0.70 0.88 0.87 0.86 0.94 0.62 0.25 0.21 0.33 0.56 0.90 1.05 0.87 0.65 0.50 0.41 0.42 0.46 0.48 0.52 0.73 1.00 0.84 0.58 0.68 0.80 0.76 0.83 0.94 0.80 0.79 0.87 0.66 0.46 0.46 0.66 0.99 1.06 0.85 0.66 0.50 0.39 0.38 0.38 0.34 0.27 0.24 0.23 0.25 0.33 0.46 0.49 0.45 0.48 0.55 0.56 0.55 0.57 0.63 0.70 0.73 0.66 0.44 0.36 0.42 0.46 0.46 0.47 0.44 0.43 0.52 0.68 0.82 0.97 1.11 1.06 0.85
0.29 0.35 0.40 0.37 0.39 0.48 0.55 0.62 0.78 0.84 0.95 1.09 0.77 0.34 0.27 0.32 0.42 0.60 0.88 1.03 0.99 0.76 0.55 0.48 0.51 0.54 0.67 0.95 0.94 0.61 0.42 0.63 0.79 0.73 0.76 0.91 0.81 0.71 0.81 0.72 0.50 0.40 0.48 0.81 1.08 1.01 0.78 0.56 0.42 0.39 0.39 0.37 0.33 0.29 0.27 0.30 0.39 0.52 0.58 0.50 0.48 0.55 0.57 0.57 0.61 0.65 0.67 0.72 0.75 0.66 0.49 0.45 0.46 0.42 0.40 0.38 0.36 0.38 0.48 0.59 0.70 0.94 1.12 1.04
0.27 0.34 0.40 0.36 0.38 0.45 0.53 0.58 0.68 0.76 0.90 1.17 1.06 0.56 0.42 0.37 0.35 0.43 0.60 0.86 1.04 1.03 0.75 0.59 0.67 0.78 0.83 0.84 0.63 0.36 0.31 0.57 0.80 0.73 0.71 0.87 0.84 0.69 0.70 0.69 0.54 0.39 0.38 0.62 0.99 1.08 0.89 0.65 0.49 0.43 0.41 0.38 0.35 0.32 0.30 0.31 0.38 0.52 0.62 0.59 0.54 0.56 0.57 0.57 0.62 0.66 0.67 0.69 0.74 0.75 0.69 0.62 0.55 0.46 0.40 0.36 0.32 0.32 0.36 0.44 0.52 0.70 0.95 1.06
0.26 0.33 0.40 0.36 0.35 0.43 0.52 0.58 0.60 0.66 0.79 1.08 1.20 0.97 0.73 0.48 0.33 0.39 0.52 0.67 0.87 1.01 0.92 0.73 0.76 0.82 0.73 0.56 0.40 0.26 0.24 0.48 0.78 0.78 0.73 0.82 0.84 0.73 0.63 0.62 0.55 0.40 0.33 0.45 0.81 1.07 0.96 0.71 0.55 0.47 0.44 0.41 0.36 0.34 0.33 0.32 0.36 0.48 0.59 0.59 0.57 0.58 0.58 0.58 0.62 0.66 0.67 0.68 0.71 0.74 0.77 0.77 0.68 0.56 0.47 0.40 0.33 0.30 0.33 0.36 0.42 0.56 0.71 0.88
0.25 0.33 0.41 0.36 0.33 0.38 0.48 0.57 0.58 0.58 0.65 0.86 1.12 1.22 1.11 0.69 0.43 0.46 0.56 0.75 0.82 0.87 0.93 0.85 0.83 0.84 0.70 0.50 0.34 0.24 0.23 0.38 0.66 0.80 0.84 0.87 0.84 0.75 0.62 0.58 0.54 0.44 0.34 0.34 0.60 0.98 1.01 0.74 0.59 0.51 0.46 0.43 0.39 0.37 0.36 0.35 0.37 0.46 0.57 0.59 0.58 0.59 0.59 0.60 0.63 0.66 0.67 0.68 0.70 0.71 0.76 0.83 0.81 0.67 0.56 0.49 0.38 0.32 0.33 0.33 0.35 0.43 0.54 0.67
0.26 0.32 0.40 0.36 0.32 0.35 0.43 0.51 0.54 0.52 0.53 0.63 0.83 1.07 1.22 1.15 0.78 0.64 0.78 0.94 0.78 0.67 0.83 0.93 0.95 0.93 0.76 0.53 0.36 0.28 0.26 0.31 0.47 0.65 0.85 1.00 0.96 0.77 0.63 0.60 0.55 0.49 0.41 0.35 0.44 0.78 0.97 0.83 0.67 0.59 0.51 0.46 0.41 0.40 0.38 0.37 0.39 0.48 0.56 0.59 0.59 0.59 0.60 0.62 0.64 0.67 0.67 0.68 0.69 0.71 0.75 0.84 0.89 0.81 0.67 0.59 0.49 0.36 0.34 0.36 0.36 0.36 0.39 0.49
0.26 0.33 0.42 0.38 0.32 0.38 0.44 0.47 0.48 0.46 0.44 0.46 0.54 0.70 0.94 1.18 1.16 1.05 1.03 0.88 0.60 0.52 0.65 0.89 1.06 1.02 0.78 0.56 0.45 0.35 0.29 0.26 0.29 0.44 0.65 0.96 1.13 0.95 0.70 0.64 0.59 0.54 0.48 0.42 0.40 0.53 0.79 0.82 0.76 0.66 0.56 0.50 0.44 0.41 0.39 0.37 0.40 0.49 0.57 0.60 0.59 0.59 0.61 0.63 0.65 0.67 0.68 0.68 0.68 0.71 0.75 0.82 0.89 0.91 0.83 0.73 0.60 0.44 0.38 0.39 0.39 0.37 0.34 0.34
0.27 0.32 0.43 0.43 0.37 0.41 0.48 0.52 0.51 0.45 0.40 0.39 0.42 0.52 0.68 0.91 1.26 1.37 1.10 0.68 0.52 0.47 0.51 0.69 1.04 1.13 0.77 0.59 0.55 0.43 0.33 0.26 0.22 0.28 0.46 0.72 1.06 1.15 0.94 0.75 0.68 0.61 0.56 0.50 0.41 0.38 0.50 0.67 0.75 0.69 0.57 0.52 0.47 0.43 0.40 0.38 0.38 0.47 0.56 0.60 0.60 0.58 0.59 0.62 0.64 0.66 0.68 0.67 0.67 0.69 0.74 0.81 0.86 0.91 0.92 0.88 0.75 0.53 0.44 0.45 0.43 0.38 0.33 0.30
0.28 0.31 0.39 0.45 0.43 0.42 0.46 0.54 0.62 0.54 0.41 0.37 0.39 0.47 0.62 0.81 1.27 1.49 1.07 0.66 0.53 0.46 0.46 0.54 0.87 1.16 0.97 0.67 0.59 0.48 0.38 0.29 0.20 0.18 0.33 0.52 0.78 1.06 1.11 1.01 0.88 0.74 0.66 0.60 0.46 0.30 0.29 0.46 0.65 0.67 0.56 0.52 0.48 0.45 0.43 0.40 0.40 0.47 0.56 0.59 0.61 0.61 0.57 0.60 0.64 0.65 0.67 0.67 0.65 0.66 0.72 0.79 0.83 0.90 0.94 0.94 0.89 0.66 0.51 0.54 0.51 0.39 0.30 0.28
0.29 0.32 0.36 0.42 0.48 0.45 0.40 0.47 0.64 0.71 0.54 0.41 0.41 0.50 0.63 0.85 1.29 1.44 1.19 0.80 0.56 0.46 0.44 0.49 0.68 1.04 1.13 0.86 0.64 0.52 0.41 0.33 0.22 0.19 0.26 0.40 0.58 0.80 0.97 1.09 1.06 0.88 0.77 0.73 0.59 0.40 0.30 0.35 0.54 0.61 0.55 0.50 0.48 0.46 0.45 0.43 0.43 0.49 0.57 0.61 0.64 0.65 0.60 0.60 0.64 0.65 0.66 0.66 0.62 0.63 0.69 0.75 0.78 0.87 0.97 1.01 0.98 0.74 0.54 0.58 0.59 0.44 0.29 0.26
0.32 0.34 0.36 0.41 0.49 0.48 0.40 0.39 0.49 0.69 0.71 0.55 0.54 0.63 0.78 1.10 1.30 1.28 1.17 1.01 0.74 0.46 0.41 0.44 0.48 0.76 1.11 1.13 0.85 0.60 0.47 0.39 0.29 0.24 0.25 0.31 0.46 0.61 0.78 1.00 1.08 0.96 0.85 0.80 0.68 0.57 0.45 0.39 0.48 0.58 0.56 0.51 0.47 0.46 0.45 0.44 0.46 0.51 0.57 0.61 0.65 0.66 0.64 0.63 0.65 0.67 0.67 0.68 0.62 0.58 0.63 0.70 0.73 0.78 0.93 1.08 1.09 0.86 0.59 0.58 0.61 0.51 0.33 0.25
0.33 0.37 0.40 0.42 0.49 0.50 0.45 0.42 0.41 0.52 0.67 0.65 0.63 0.79 1.15 1.31 1.19 1.09 1.03 1.04 0.92 0.58 0.42 0.39 0.35 0.48 0.84 1.17 1.13 0.81 0.57 0.48 0.40 0.30 0.27 0.28 0.33 0.46 0.69 0.93 1.01 0.97 0.90 0.79 0.72 0.67 0.57 0.48 0.50 0.57 0.58 0.54 0.49 0.47 0.45 0.44 0.46 0.53 0.56 0.59 0.64 0.65 0.65 0.65 0.67 0.69 0.70 0.71 0.70 0.59 0.53 0.60 0.67 0.71 0.84 1.06 1.17 1.05 0.72 0.61 0.60 0.52 0.42 0.32
0.29 0.38 0.45 0.43 0.47 0.49 0.48 0.46 0.44 0.47 0.55 0.60 0.60 0.88 1.41 1.33 1.01 0.96 0.92 0.96 0.94 0.71 0.50 0.40 0.32 0.35 0.58 0.97 1.18 1.04 0.74 0.58 0.53 0.42 0.32 0.28 0.25 0.33 0.65 0.91 0.89 0.90 0.91 0.76 0.71 0.70 0.63 0.52 0.50 0.55 0.57 0.55 0.51 0.49 0.46 0.44 0.47 0.54 0.57 0.60 0.64 0.65 0.65 0.66 0.68 0.71 0.72 0.74 0.80 0.71 0.53 0.48 0.54 0.58 0.71 0.95 1.16 1.18 0.99 0.74 0.60 0.51 0.45 0.41
0.22 0.32 0.46 0.47 0.49 0.48 0.45 0.46 0.49 0.52 0.54 0.58 0.60 0.99 1.48 1.27 0.97 0.89 0.83 0.87 0.89 0.73 0.56 0.47 0.34 0.29 0.43 0.75 1.06 1.11 0.91 0.71 0.62 0.54 0.43 0.30 0.22 0.25 0.61 0.91 0.82 0.78 0.82 0.75 0.69 0.69 0.63 0.53 0.51 0.54 0.55 0.54 0.52 0.49 0.47 0.45 0.47 0.54 0.57 0.59 0.63 0.65 0.66 0.66 0.67 0.72 0.74 0.76 0.85 0.85 0.66 0.49 0.45 0.44 0.47 0.70 1.01 1.18 1.17 1.04 0.75 0.53 0.47 0.46
0.21 0.26 0.38 0.49 0.55 0.51 0.43 0.42 0.46 0.54 0.59 0.63 0.71 1.21 1.47 1.20 0.97 0.86 0.76 0.83 0.87 0.74 0.60 0.51 0.39 0.31 0.36 0.61 0.88 1.00 1.01 0.92 0.74 0.61 0.54 0.38 0.22 0.23 0.55 0.88 0.81 0.67 0.70 0.70 0.68 0.69 0.66 0.56 0.53 0.55 0.55 0.54 0.52 0.50 0.48 0.45 0.48 0.54 0.56 0.58 0.61 0.64 0.67 0.67 0.68 0.72 0.76 0.80 0.86 0.92 0.84 0.62 0.49 0.43 0.38 0.43 0.73 0.99 1.11 1.19 1.05 0.67 0.56 0.49
0.28 0.28 0.30 0.42 0.57 0.59 0.50 0.44 0.44 0.49 0.60 0.72 1.02 1.41 1.35 1.04 0.95 0.91 0.85 0.89 0.91 0.78 0.64 0.53 0.43 0.37 0.38 0.50 0.68 0.76 0.87 1.03 0.97 0.75 0.65 0.47 0.27 0.27 0.49 0.78 0.76 0.64 0.64 0.64 0.64 0.68 0.67 0.59 0.56 0.56 0.55 0.55 0.54 0.53 0.51 0.48 0.49 0.53 0.56 0.58 0.59 0.62 0.65 0.66 0.70 0.75 0.78 0.84 0.88 0.93 0.95 0.83 0.60 0.45 0.39 0.36 0.49 0.75 0.90 1.09 1.16 0.93 0.72 0.55
0.34 0.33 0.31 0.35 0.46 0.59 0.63 0.56 0.49 0.54 0.61 0.83 1.37 1.43 1.03 0.86 0.89 0.88 0.84 0.96 1.04 0.89 0.70 0.58 0.49 0.44 0.42 0.44 0.52 0.54 0.60 0.89 1.06 0.98 0.83 0.59 0.38 0.33 0.43 0.61 0.66 0.64 0.63 0.59 0.59 0.64 0.64 0.60 0.58 0.57 0.56 0.54 0.52 0.52 0.54 0.52 0.50 0.52 0.56 0.58 0.58 0.61 0.62 0.62 0.70 0.80 0.85 0.89 0.92 0.95 1.00 0.97 0.77 0.53 0.42 0.34 0.36 0.58 0.73 0.90 1.07 1.02 0.81 0.63
0.33 0.39 0.41 0.34 0.33 0.42 0.61 0.65 0.64 0.73 0.76 1.15 1.51 1.16 0.77 0.76 0.79 0.79 0.72 0.83 1.05 1.06 0.89 0.70 0.57 0.51 0.46 0.42 0.43 0.42 0.45 0.67 0.91 1.04 1.02 0.77 0.51 0.43 0.41 0.47 0.58 0.63 0.63 0.59 0.58 0.60 0.61 0.61 0.60 0.59 0.58 0.56 0.50 0.46 0.51 0.52 0.51 0.53 0.56 0.58 0.59 0.61 0.60 0.57 0.65 0.79 0.90 0.96 1.00 1.04 1.06 1.08 0.99 0.71 0.47 0.29 0.29 0.50 0.67 0.78 0.97 1.01 0.82 0.62
0.27 0.42 0.53 0.39 0.31 0.34 0.43 0.55 0.69 0.84 1.04 1.48 1.48 0.85 0.67 0.70 0.73 0.78 0.73 0.70 0.83 0.99 1.03 0.96 0.81 0.64 0.51 0.41 0.40 0.41 0.42 0.50 0.67 0.91 1.08 0.93 0.64 0.53 0.49 0.48 0.56 0.64 0.65 0.63 0.60 0.59 0.60 0.61 0.61 0.61 0.60 0.61 0.56 0.45 0.41 0.44 0.48 0.52 0.55 0.58 0.61 0.61 0.58 0.53 0.54 0.65 0.78 0.89 0.99 1.10 1.14 1.15 1.16 0.99 0.55 0.29 0.30 0.52 0.73 0.84 0.92 0.96 0.85 0.62
0.22 0.39 0.59 0.51 0.38 0.37 0.40 0.45 0.60 0.76 1.23 1.58 1.22 0.76 0.68 0.68 0.72 0.81 0.79 0.65 0.64 0.75 0.89 1.00 0.96 0.85 0.74 0.58 0.45 0.43 0.45 0.48 0.52 0.70 1.00 0.99 0.74 0.60 0.55 0.54 0.58 0.65 0.67 0.66 0.63 0.61 0.61 0.61 0.62 0.62 0.63 0.67 0.67 0.54 0.39 0.32 0.39 0.48 0.51 0.55 0.59 0.59 0.56 0.50 0.48 0.53 0.58 0.65 0.77 0.95 1.10 1.16 1.23 1.16 0.75 0.39 0.39 0.56 0.83 0.94 0.82 0.85 0.88 0.64
0.24 0.34 0.53 0.61 0.53 0.47 0.47 0.50 0.58 0.63 1.10 1.66 1.28 0.77 0.70 0.67 0.73 0.86 0.80 0.60 0.59 0.65 0.74 0.86 0.87 0.82 0.81 0.80 0.68 0.54 0.50 0.51 0.46 0.53 0.87 0.92 0.73 0.60 0.56 0.57 0.59 0.64 0.67 0.66 0.65 0.63 0.62 0.62 0.63 0.64 0.67 0.71 0.73 0.66 0.44 0.25 0.30 0.42 0.48 0.51 0.54 0.56 0.56 0.52 0.48 0.53 0.57 0.56 0.59 0.69 0.87 1.08 1.26 1.24 0.92 0.58 0.47 0.56 0.89 1.01 0.80 0.83 0.87 0.61
0.35 0.35 0.39 0.54 0.65 0.65 0.62 0.61 0.63 0.62 0.89 1.62 1.50 0.83 0.70 0.68 0.76 0.87 0.74 0.62 0.63 0.66 0.71 0.74 0.73 0.69 0.66 0.75 0.77 0.71 0.66 0.58 0.44 0.47 0.71 0.78 0.67 0.57 0.54 0.57 0.61 0.64 0.66 0.67 0.66 0.65 0.63 0.63 0.65 0.68 0.72 0.75 0.78 0.71 0.51 0.29 0.23 0.32 0.45 0.50 0.49 0.50 0.56 0.56 0.52 0.57 0.62 0.58 0.56 0.59 0.64 0.87 1.22 1.28 1.00 0.71 0.54 0.53 0.85 1.04 0.91 0.89 0.82 0.56
0.52 0.43 0.33 0.36 0.55 0.72 0.81 0.82 0.77 0.65 0.91 1.50 1.37 0.83 0.72 0.74 0.82 0.89 0.80 0.72 0.70 0.69 0.71 0.69 0.66 0.66 0.63 0.62 0.66 0.66 0.73 0.75 0.56 0.45 0.57 0.68 0.63 0.56 0.53 0.55 0.60 0.64 0.67 0.68 0.68 0.66 0.65 0.64 0.66 0.71 0.75 0.81 0.83 0.74 0.57 0.38 0.24 0.25 0.39 0.49 0.45 0.44 0.50 0.56 0.57 0.63 0.68 0.63 0.60 0.62 0.62 0.71 1.04 1.24 1.05 0.80 0.66 0.58 0.69 0.95 1.02 0.93 0.75 0.62
0.72 0.54 0.33 0.28 0.35 0.54 0.75 0.97 1.00 0.88 1.18 1.40 1.07 0.72 0.66 0.73 0.85 0.89 0.85 0.88 0.90 0.86 0.81 0.74 0.69 0.69 0.64 0.60 0.60 0.52 0.58 0.78 0.71 0.51 0.53 0.64 0.63 0.57 0.54 0.55 0.59 0.64 0.66 0.70 0.71 0.68 0.66 0.67 0.71 0.73 0.78 0.87 0.90 0.77 0.62 0.46 0.28 0.23 0.32 0.43 0.41 0.39 0.44 0.49 0.54 0.62 0.69 0.69 0.68 0.70 0.71 0.74 0.93 1.14 1.05 0.87 0.84 0.75 0.62 0.78 1.02 0.95 0.85 0.72
0.84 0.64 0.38 0.32 0.34 0.39 0.49 0.81 1.14 1.24 1.27 1.13 0.84 0.66 0.56 0.62 0.79 0.83 0.77 0.82 0.94 0.99 0.99 1.01 0.95 0.78 0.67 0.62 0.58 0.47 0.44 0.65 0.71 0.57 0.54 0.63 0.65 0.60 0.57 0.57 0.60 0.64 0.65 0.68 0.72 0.71 0.69 0.72 0.76 0.76 0.81 0.93 0.97 0.85 0.69 0.54 0.37 0.26 0.28 0.35 0.36 0.36 0.40 0.44 0.47 0.53 0.61 0.67 0.68 0.71 0.75 0.77 0.90 1.07 1.06 0.93 0.92 0.87 0.69 0.78 0.98 1.06 1.08 0.90
0.79 0.73 0.56 0.44 0.41 0.40 0.41 0.61 1.19 1.40 1.19 0.94 0.82 0.67 0.56 0.54 0.67 0.78 0.75 0.71 0.77 0.86 0.90 1.04 1.20 1.14 0.87 0.66 0.58 0.50 0.39 0.50 0.64 0.59 0.55 0.60 0.65 0.63 0.61 0.59 0.60 0.65 0.66 0.66 0.70 0.71 0.70 0.74 0.78 0.78 0.85 0.98 1.03 0.97 0.82 0.63 0.44 0.30 0.28 0.27 0.28 0.34 0.39 0.43 0.45 0.49 0.54 0.60 0.63 0.66 0.68 0.67 0.76 0.96 1.06 1.02 0.96 0.84 0.70 0.81 0.94 1.04 1.21 1.15
0.58 0.70 0.78 0.68 0.61 0.49 0.38 0.62 1.32 1.48 1.09 0.93 0.87 0.72 0.61 0.54 0.55 0.66 0.76 0.73 0.67 0.67 0.66 0.79 1.10 1.33 1.22 0.78 0.60 0.54 0.43 0.45 0.56 0.58 0.56 0.57 0.62 0.64 0.63 0.62 0.63 0.66 0.68 0.67 0.69 0.73 0.71 0.72 0.77 0.80 0.87 1.01 1.10 1.09 0.96 0.71 0.50 0.36 0.30 0.27 0.23 0.30 0.39 0.43 0.45 0.47 0.51 0.56 0.61 0.69 0.67 0.52 0.49 0.68 0.91 1.07 1.04 0.77 0.60 0.74 0.82 0.85 1.13 1.32
0.34 0.50 0.73 0.83 0.88 0.66 0.40 0.70 1.40 1.38 0.91 0.88 0.94 0.86 0.72 0.59 0.51 0.54 0.66 0.71 0.66 0.60 0.55 0.63 0.87 1.25 1.43 1.06 0.62 0.54 0.49 0.47 0.52 0.57 0.58 0.56 0.58 0.61 0.63 0.64 0.65 0.68 0.69 0.67 0.69 0.77 0.78 0.71 0.72 0.79 0.86 0.99 1.14 1.19 1.08 0.81 0.57 0.42 0.33 0.31 0.27 0.25 0.36 0.43 0.46 0.45 0.49 0.53 0.59 0.72 0.70 0.47 0.32 0.46 0.72 1.08 1.12 0.78 0.56 0.62 0.68 0.72 0.92 1.32
