windninja/windninja_output/Output_2025-08-24_0400-0450_Google earth_Fire_150m_10min/merlingen_7.5mi_point_08-24-2025_0430_150m_ang.asc
ncols	158
nrows	163
xllcorner	391686.332397
yllcorner	5160024.123721
cellsize	150.000000
NODATA_value	-32768.000000
[rows 42 to 83 of 163, columns 0 to 93 of 158]
239 239 238 238 238 238 238 237 237 236 235 235 235 234 234 234 233 233 233 233 232 231 231 231 231 230 230 230 229 232 234 233 231 228 222 219 221 223 223 221 221 222 221 221 219 216 216 218 219 222 228 228 221 217 224 228 226 226 230 234 232 227 226 225 225 226 226 225 223 220 219 221 219 211 212 215 205 194 198 211 217 219 222 225 225 222 218 218 220 222 225 229 233 236
239 238 238 238 238 238 238 237 237 236 235 235 235 235 234 234 234 233 233 233 232 232 231 231 231 230 230 230 230 232 233 233 230 225 220 216 218 220 220 220 223 225 225 224 221 219 221 224 226 229 232 230 222 218 224 228 228 228 231 234 234 232 230 227 226 225 221 220 218 213 211 214 213 208 209 210 203 196 201 211 216 219 223 225 225 221 219 222 224 225 227 228 233 238
238 238 238 238 239 238 237 237 237 236 236 235 235 235 234 234 234 234 233 233 232 232 232 231 231 231 230 230 230 231 232 232 229 225 220 217 220 224 225 225 226 228 229 228 224 223 226 227 228 228 228 226 220 218 222 227 228 229 231 233 233 233 232 230 229 227 223 219 214 210 210 213 213 211 211 210 204 200 205 213 218 220 222 226 225 222 222 225 228 229 230 231 238 241
238 238 238 239 239 238 238 237 237 236 236 236 235 235 234 234 234 233 233 233 232 232 231 231 231 231 231 231 231 231 231 230 229 225 222 221 225 229 229 227 227 230 232 229 223 223 226 228 228 227 226 226 223 222 225 228 229 230 231 231 230 230 228 227 229 228 225 221 215 214 216 218 219 218 217 214 206 202 208 214 216 220 225 229 227 224 224 227 229 232 233 235 242 242
238 238 238 238 238 238 238 238 237 236 236 235 235 235 234 234 234 234 233 233 232 232 232 232 232 232 231 231 231 231 231 230 229 226 224 224 227 229 229 228 228 232 233 228 222 225 227 229 229 227 226 226 225 226 228 229 230 232 232 229 226 226 225 224 226 227 226 223 218 218 223 224 225 224 221 216 208 204 209 215 219 225 231 232 229 227 226 227 228 231 233 237 241 239
238 238 238 237 238 239 240 238 237 237 236 235 235 235 235 234 234 234 234 233 233 232 232 232 232 232 231 231 231 231 231 231 230 229 227 226 228 229 229 229 231 233 232 226 223 227 230 231 229 226 225 225 225 227 227 227 229 231 231 227 223 225 227 227 229 230 227 224 220 220 223 225 227 226 222 218 212 208 213 221 228 232 233 231 228 227 227 227 228 230 233 236 237 235
238 238 237 236 237 240 241 239 238 237 237 236 235 235 235 235 234 234 234 233 233 232 232 232 232 232 231 231 231 231 230 230 230 230 228 227 229 231 230 231 233 234 231 225 224 228 231 231 227 224 223 225 228 229 228 227 230 230 228 222 220 227 231 233 234 232 228 224 222 222 224 226 227 226 223 219 216 215 219 226 231 232 231 228 225 224 225 225 227 228 231 234 234 232
239 238 236 235 237 241 241 240 239 238 237 236 235 235 235 235 234 234 234 233 233 233 232 232 232 232 231 231 231 231 230 230 230 230 228 227 229 230 230 231 234 235 231 226 228 232 232 229 226 222 221 225 228 228 226 227 230 229 225 220 220 227 233 236 235 232 227 224 223 223 224 225 225 224 222 219 216 216 219 224 227 228 227 224 223 223 222 222 224 226 229 232 233 232
240 238 234 233 237 240 240 239 239 238 237 236 235 235 235 234 234 234 234 233 233 233 232 232 232 232 231 231 231 231 230 230 230 230 229 228 229 229 229 230 232 233 230 227 231 235 233 230 228 225 225 228 228 224 223 226 228 227 224 222 224 230 236 239 236 230 227 224 224 225 226 227 225 224 221 218 216 215 219 223 226 226 225 223 223 223 221 222 224 227 228 230 232 232
242 239 233 233 237 238 237 238 238 237 236 236 235 235 235 235 234 234 233 233 233 232 232 232 232 232 231 231 231 231 231 230 230 230 230 230 230 230 230 230 231 233 231 228 232 235 232 228 228 228 228 230 229 226 226 229 230 227 224 224 227 232 239 241 236 228 225 223 223 225 226 226 225 222 221 220 217 216 219 223 225 227 228 227 225 224 224 226 228 229 228 230 232 233
243 240 233 235 239 238 236 237 237 235 235 235 235 235 235 235 235 234 233 233 233 233 232 232 232 232 231 231 231 231 231 230 230 230 230 230 230 231 231 229 230 233 232 229 231 234 230 225 224 223 221 223 224 226 229 233 231 227 225 226 228 232 240 242 234 225 222 221 222 224 224 224 222 221 221 221 220 219 221 224 225 227 230 230 230 230 229 229 230 230 230 231 231 231
241 238 234 235 238 237 235 236 237 236 235 235 235 235 235 235 234 234 234 234 233 233 233 233 232 232 231 231 231 231 231 230 230 230 230 230 230 230 230 229 230 233 232 228 228 231 227 220 220 220 218 220 222 226 232 234 229 225 226 228 229 233 241 240 231 222 218 217 220 222 221 220 219 220 222 222 221 222 226 227 225 226 228 228 230 233 233 231 230 231 231 230 228 227
237 237 235 234 237 235 233 235 236 236 236 236 236 235 235 235 234 234 234 233 233 233 233 233 232 232 231 231 231 231 231 230 230 230 230 230 230 230 230 230 231 233 233 230 229 229 224 218 219 220 219 223 225 229 235 233 225 222 225 227 229 233 239 237 226 217 213 212 216 218 217 217 219 222 223 223 221 223 227 226 224 225 225 224 225 229 231 232 231 229 229 229 226 225
235 236 236 236 239 239 236 235 236 236 236 236 236 236 236 235 235 234 234 233 233 233 233 232 232 232 231 231 231 231 231 230 230 230 230 230 230 230 230 231 233 235 235 233 231 229 224 219 219 219 219 224 226 230 236 231 221 220 224 227 228 231 235 233 224 214 211 210 214 217 217 219 222 223 223 222 221 223 226 223 221 223 224 223 222 224 224 226 228 230 231 231 228 227
235 236 236 236 239 241 240 238 237 237 236 235 237 237 236 236 235 235 234 233 233 233 233 232 232 232 231 231 231 231 231 231 230 230 230 230 230 230 230 231 232 234 234 232 230 228 223 221 220 217 218 225 227 231 236 229 219 220 224 227 228 231 233 231 224 215 211 211 216 220 220 221 222 221 221 220 220 223 223 221 220 222 224 223 223 223 222 221 223 228 234 236 232 228
236 236 236 234 234 236 238 238 238 238 235 232 234 237 237 236 236 235 234 234 234 233 233 232 232 232 231 231 231 231 231 231 230 230 230 230 230 230 230 230 231 231 231 231 230 229 226 224 222 217 218 227 230 235 236 226 217 220 224 226 228 231 233 232 224 216 211 212 217 220 220 220 220 219 219 217 218 221 220 218 219 221 223 224 226 227 226 224 223 225 230 231 225 224
236 236 235 234 234 234 235 236 238 239 235 231 232 235 237 238 237 235 234 234 234 234 233 233 232 231 231 231 231 231 231 231 230 230 230 230 230 230 230 230 230 230 230 230 231 231 230 229 226 220 220 228 233 236 235 225 217 221 226 227 228 230 232 231 225 217 211 210 213 217 218 219 219 219 218 216 217 219 217 216 217 220 223 224 227 229 229 228 226 225 227 227 222 226
235 235 235 235 235 235 235 236 238 240 238 233 232 234 236 237 237 236 235 234 233 233 233 233 232 231 231 231 231 231 231 231 230 230 230 230 230 230 230 230 230 230 230 230 230 230 230 230 228 224 220 228 234 235 233 225 220 226 230 229 229 230 231 230 226 219 211 207 210 216 218 218 219 219 216 216 218 218 217 217 217 220 222 223 224 226 227 227 227 228 231 231 229 232
235 235 235 235 236 237 237 238 239 239 238 234 232 233 233 233 235 237 236 235 233 233 233 232 232 232 232 231 231 231 231 231 230 230 230 230 230 230 230 230 230 230 229 229 229 229 229 229 228 224 221 229 237 236 232 226 225 230 232 231 231 231 231 230 226 221 213 207 211 219 220 218 219 218 216 216 218 218 218 219 220 222 223 223 223 225 226 227 229 232 234 232 231 230
235 235 235 235 235 236 237 239 239 238 236 233 232 232 231 231 232 234 236 235 234 234 233 232 232 232 232 232 231 231 231 231 230 230 230 230 230 230 230 229 229 229 229 229 229 229 229 228 228 226 224 232 240 239 234 229 231 234 234 233 233 232 232 231 227 223 215 208 214 220 219 218 219 218 216 216 219 218 218 219 220 223 225 226 226 226 227 229 232 235 232 230 229 226
236 236 236 236 236 236 236 237 238 237 236 234 234 233 232 231 231 232 233 235 235 235 234 233 232 232 232 232 231 231 231 231 230 230 230 230 230 230 229 229 229 229 229 229 229 229 229 229 228 228 226 230 240 240 234 233 237 237 235 234 233 232 231 229 227 223 215 211 216 219 218 219 219 217 216 217 219 219 218 219 221 223 225 228 228 230 234 234 235 233 229 230 229 227
239 239 238 238 237 237 237 237 237 237 237 236 235 234 233 232 231 231 231 232 234 234 233 232 232 232 232 232 231 231 231 231 230 230 230 230 230 229 229 229 229 229 229 229 229 229 229 229 229 229 228 228 235 236 230 231 237 238 235 232 229 228 228 228 231 228 219 216 217 217 217 219 219 217 215 216 217 217 217 217 220 222 224 227 228 231 236 237 237 233 229 229 229 228
241 240 239 239 239 240 240 239 238 237 237 237 234 232 233 232 231 230 230 230 231 232 233 233 232 232 233 232 231 231 231 231 230 230 230 230 230 229 229 229 229 229 229 229 229 229 229 229 229 229 229 229 233 234 228 229 236 236 234 231 227 225 229 235 239 234 223 218 217 216 217 218 219 216 213 214 215 214 213 215 218 220 223 226 227 233 236 235 234 229 227 227 227 229
240 238 237 238 239 239 239 240 241 240 239 239 235 232 232 233 232 231 230 230 229 230 232 233 232 233 233 232 231 231 231 230 230 230 230 230 230 229 229 229 229 229 229 229 229 229 229 229 229 229 229 230 233 236 232 231 235 234 232 230 226 225 230 234 232 226 219 216 216 216 216 219 220 216 213 212 213 211 210 214 219 222 224 225 229 235 236 232 227 224 224 226 227 230
233 232 234 236 238 237 236 235 237 238 238 238 235 233 232 232 232 232 231 230 228 227 229 231 231 232 233 232 231 231 231 230 230 230 230 230 229 229 229 229 229 229 229 229 229 229 229 229 229 229 230 231 233 236 236 237 239 237 234 232 224 219 224 226 224 221 217 215 215 216 217 219 220 216 212 210 210 210 210 214 219 221 221 221 226 233 232 228 224 223 223 225 227 230
218 223 227 229 233 235 231 230 234 237 238 236 233 231 231 232 232 232 232 231 228 226 227 228 228 231 233 234 234 233 232 231 231 230 230 230 229 229 229 229 229 229 229 228 228 228 229 229 229 229 230 231 232 234 236 240 246 246 242 235 224 216 221 225 224 221 218 216 216 218 218 220 221 215 211 210 209 208 208 211 214 216 218 219 227 235 233 226 224 224 223 224 228 230
198 213 220 221 224 225 220 221 230 235 235 232 231 230 228 229 231 232 231 232 230 228 227 226 226 227 230 235 236 235 233 232 231 230 230 230 229 229 229 229 229 229 228 228 228 228 228 229 229 229 230 230 231 232 234 238 243 247 247 240 230 224 228 228 226 222 220 218 217 217 217 220 222 217 212 211 210 207 206 210 213 217 222 226 239 243 234 224 224 224 224 226 229 231
194 211 223 223 225 223 216 215 223 227 224 221 221 221 221 222 226 230 231 231 231 231 230 228 225 224 229 234 235 236 235 233 232 231 230 230 229 229 229 229 229 228 228 228 228 228 228 228 229 229 229 230 230 231 233 235 237 240 242 241 236 234 236 235 232 227 223 220 217 216 217 221 222 216 211 212 212 208 207 211 217 224 230 236 248 246 231 223 224 224 224 225 228 229
214 225 241 245 243 236 226 220 226 228 223 218 219 218 218 219 222 226 229 230 231 231 232 232 227 224 229 232 232 233 234 234 233 231 230 230 229 229 229 229 228 228 228 228 228 228 228 228 229 229 229 229 230 230 231 232 233 235 236 236 236 237 241 243 242 237 232 227 223 219 218 222 221 213 211 214 214 210 208 214 222 230 235 243 250 243 227 224 224 224 223 224 226 226
227 233 246 256 257 253 247 243 245 242 235 231 231 228 225 224 223 225 226 226 228 231 232 232 225 221 226 229 229 229 230 231 232 232 231 230 229 229 229 228 228 228 228 228 228 228 228 228 228 229 229 229 229 230 230 231 231 232 232 233 233 235 237 240 242 243 243 241 234 226 222 224 222 214 213 215 215 212 211 218 227 234 239 248 247 233 223 223 224 225 224 224 224 222
235 238 244 250 253 254 254 256 258 253 246 245 244 240 237 233 230 228 227 225 225 227 229 228 223 219 225 229 228 227 227 228 230 231 231 231 230 229 229 228 228 228 228 228 228 228 228 228 228 228 229 229 229 229 230 230 230 231 231 231 231 232 233 233 235 238 240 242 241 237 234 234 229 220 217 218 218 215 213 220 229 236 243 248 241 225 219 222 226 227 225 226 227 226
240 243 247 249 251 253 253 255 257 253 247 245 243 241 239 237 234 234 232 229 226 226 226 225 222 219 225 229 229 228 227 227 228 229 229 229 229 229 229 228 228 228 228 228 228 228 228 228 228 228 228 228 229 229 229 229 229 230 230 230 230 230 231 231 232 233 233 234 236 239 243 245 239 228 223 222 222 219 215 221 230 238 245 244 232 222 220 223 227 226 223 224 228 231
246 248 252 254 255 256 255 255 253 251 247 244 241 239 237 235 234 235 234 232 230 229 228 227 223 220 223 227 229 230 228 227 227 227 226 226 227 228 228 228 228 228 228 228 228 228 228 228 228 228 228 228 228 228 229 229 229 229 229 229 229 229 230 230 230 230 230 230 231 233 237 239 238 230 225 223 222 219 216 221 231 238 242 236 226 222 222 224 227 226 224 221 220 224
249 251 256 260 263 262 261 258 254 250 248 246 243 240 238 236 234 234 233 232 232 232 231 230 226 223 224 227 229 229 228 227 228 228 227 226 227 228 228 227 227 228 228 228 228 228 228 228 228 228 228 228 228 228 228 228 228 228 228 228 228 229 229 229 229 229 229 229 230 230 231 231 230 226 223 223 220 216 215 221 232 238 237 230 223 221 223 225 226 229 230 223 218 227
250 252 258 265 270 271 269 265 259 254 250 247 243 241 239 236 235 234 233 232 231 231 230 230 228 225 227 229 229 229 229 229 230 231 231 230 229 229 228 227 227 227 228 228 228 228 228 228 228 228 228 228 228 228 228 228 228 228 228 228 228 228 228 228 228 228 228 228 228 228 228 227 226 224 223 223 219 213 214 225 235 238 235 230 227 227 228 229 231 236 239 233 230 234
254 255 259 265 275 280 278 273 266 259 253 247 243 241 240 237 235 235 233 231 231 230 230 229 226 225 229 231 231 230 230 231 231 231 231 229 228 229 228 227 226 227 227 228 228 228 228 228 228 228 228 228 228 228 228 227 227 227 227 227 227 227 227 227 227 227 227 227 227 227 227 226 225 224 223 223 219 211 215 231 238 236 234 233 233 237 238 236 236 236 232 226 228 232
258 257 254 262 277 285 287 282 273 263 252 245 242 240 239 237 235 235 233 231 231 231 230 229 224 224 229 231 231 229 229 229 229 228 228 228 226 227 228 228 226 226 227 228 228 228 229 229 229 229 228 228 228 228 227 227 227 227 227 227 227 227 227 227 227 227 227 227 227 226 226 225 225 225 224 222 218 212 217 234 237 232 230 230 229 229 230 229 227 226 224 223 226 229
256 252 246 250 265 280 286 282 271 260 247 241 239 238 237 236 235 234 232 231 231 231 231 228 223 223 227 229 228 226 225 227 228 228 229 228 225 225 227 228 227 226 228 229 229 229 230 230 230 230 229 229 228 227 227 227 227 227 227 227 227 227 226 226 226 226 226 226 226 226 226 225 224 224 223 222 219 214 217 232 233 226 223 222 221 221 222 224 225 225 226 226 227 227
248 244 237 240 245 249 249 239 242 240 233 233 235 236 236 235 234 233 232 231 231 231 231 228 222 223 227 228 226 224 224 226 226 226 227 227 225 224 226 227 226 226 230 231 231 232 232 232 233 232 231 229 228 227 227 227 227 226 226 226 226 226 226 226 226 226 226 226 226 225 225 225 224 224 223 221 219 216 217 224 223 218 217 217 217 220 224 227 227 228 229 229 229 227
246 246 243 242 246 243 224 210 215 217 218 224 231 234 236 236 234 233 232 231 231 231 230 227 222 223 229 229 227 225 223 224 224 224 225 225 224 223 225 225 224 224 228 232 235 237 237 237 239 239 235 231 228 227 226 226 226 226 226 226 226 226 226 226 226 226 226 226 225 225 225 224 224 223 223 221 220 216 215 214 210 211 215 217 218 223 228 229 228 228 229 229 229 226
256 255 249 248 248 239 226 217 214 214 215 221 229 233 235 235 235 234 234 233 232 231 230 227 222 224 228 228 227 226 225 226 228 229 229 227 225 224 225 225 222 221 222 225 228 230 230 230 232 234 233 231 228 226 226 226 226 226 226 226 226 226 226 226 226 225 225 225 225 225 225 224 224 223 222 221 220 217 213 208 201 204 213 218 221 227 229 228 227 228 228 228 228 225
249 243 235 239 239 235 229 224 221 221 221 225 230 234 236 236 235 236 236 235 233 232 231 228 222 222 226 226 226 226 227 227 229 231 232 233 231 228 226 225 223 221 219 219 219 219 219 218 220 221 221 222 223 223 224 225 226 226 226 226 226 226 226 225 225 225 225 225 225 225 224 224 223 223 222 221 220 217 213 207 198 199 208 215 223 230 232 230 228 229 230 229 228 226
