windninja/windninja_output/Output_2025-08-24_0400-0450_Google earth_Fire_150m_10min/merlingen_7.5mi_point_08-24-2025_0400_150m_ang.asc
ncols	158
nrows	163
xllcorner	391686.332397
yllcorner	5160024.123721
cellsize	150.000000
NODATA_value	-32768.000000
[rows 84 to 125 of 163, columns 0 to 93 of 158]
236 230 228 234 234 233 230 229 230 228 224 223 224 227 229 230 230 230 230 228 227 225 223 220 215 213 216 218 219 220 220 220 221 224 228 231 232 231 228 225 222 220 218 218 218 219 219 219 220 220 219 218 217 218 220 223 224 224 225 225 225 225 224 224 224 224 224 224 224 223 223 223 222 222 221 219 217 214 208 199 185 184 195 208 225 231 232 233 232 233 234 234 233 232
238 239 241 243 242 240 237 236 236 233 228 226 224 226 228 229 229 231 232 232 231 228 225 221 216 213 217 220 220 220 220 220 220 221 224 226 228 230 231 229 225 222 221 222 224 226 228 230 230 229 227 225 224 222 222 223 225 225 225 225 225 225 225 224 224 224 224 224 224 224 223 223 223 222 221 220 218 215 210 200 185 180 190 210 229 232 231 232 232 233 234 235 235 234
244 246 247 249 248 245 240 236 235 233 229 225 224 225 228 229 229 232 235 237 236 235 232 227 217 210 214 218 220 221 220 221 219 217 219 220 221 224 226 228 227 224 222 223 225 227 230 232 233 233 231 230 228 226 225 225 226 226 226 226 225 225 225 225 224 224 224 224 224 224 224 223 223 223 222 221 219 216 212 203 187 176 184 209 229 234 233 234 233 233 234 235 235 232
251 252 252 251 246 240 234 229 229 230 228 226 226 225 227 228 228 231 235 236 235 232 230 220 202 198 207 214 218 220 220 221 221 219 219 219 218 219 221 222 223 222 222 223 224 227 230 231 233 233 233 231 230 229 229 229 229 229 228 227 226 225 225 225 225 225 225 225 224 224 224 224 224 223 223 222 221 219 215 208 192 173 176 206 229 233 234 236 236 238 239 238 236 231
254 253 248 242 234 227 224 224 227 230 229 226 223 221 222 224 225 228 231 231 226 218 210 199 190 191 203 212 216 219 220 221 222 223 224 224 222 221 222 222 222 220 220 221 223 225 228 230 231 230 229 229 229 229 229 230 231 232 231 229 227 225 225 224 224 225 225 225 225 225 225 224 224 224 223 223 222 221 219 214 203 183 177 221 239 237 237 238 239 241 242 240 238 236
251 246 238 233 228 224 223 225 225 228 228 224 219 218 220 221 222 225 227 225 215 203 198 196 192 193 204 212 216 218 220 221 222 223 224 227 227 227 227 228 227 224 222 221 222 224 227 228 229 228 227 225 224 223 223 225 228 232 236 233 227 224 224 224 224 225 225 225 225 225 225 225 225 225 224 224 224 223 222 219 215 207 210 254 263 258 252 248 245 247 247 243 241 242
246 241 234 233 232 228 225 223 220 221 224 221 215 216 219 218 218 220 223 221 205 195 196 199 196 196 205 212 216 219 221 222 222 222 223 225 226 226 227 229 230 229 227 225 225 226 227 229 229 229 227 225 222 220 219 222 226 229 232 230 222 221 223 224 224 225 225 225 226 226 225 225 225 225 225 225 225 225 224 224 224 223 230 256 270 271 266 259 256 257 253 244 245 247
241 235 227 224 223 221 216 213 212 217 222 219 212 211 211 210 211 214 218 217 199 193 201 204 199 200 208 214 218 220 222 223 224 224 224 225 224 224 224 225 227 228 228 228 228 228 229 231 232 231 230 227 225 220 217 218 221 222 223 221 215 217 221 223 225 225 226 226 226 226 226 226 226 226 226 226 226 226 227 227 229 231 236 248 260 266 267 264 262 261 254 249 254 257
232 225 216 213 212 207 200 195 199 208 216 215 209 208 208 208 206 205 207 208 202 197 205 208 204 206 212 217 220 222 224 225 226 225 225 225 224 224 224 224 225 227 229 230 230 230 232 234 236 237 236 233 229 223 215 214 218 220 222 222 217 216 220 223 225 225 226 226 226 227 227 227 227 227 227 227 228 228 229 230 232 234 240 251 260 265 267 267 266 261 256 259 264 265
223 217 209 208 207 203 198 193 193 203 210 206 199 197 198 201 198 195 203 210 209 201 205 209 208 211 216 219 222 224 226 229 230 228 226 225 225 225 224 223 223 225 228 230 231 232 234 235 237 238 240 238 230 224 218 218 226 229 230 228 223 219 221 224 225 226 226 227 227 227 227 227 228 228 228 228 229 229 230 231 233 236 242 251 262 268 271 271 268 262 259 262 264 265
211 209 206 207 208 206 202 196 192 200 207 204 198 195 195 200 201 202 212 220 215 207 207 211 211 215 218 221 223 225 229 233 233 230 226 225 226 226 225 224 220 219 223 226 227 228 230 231 233 233 234 232 224 221 223 227 236 239 236 233 229 224 223 225 226 227 227 227 227 228 228 228 228 228 229 229 230 230 231 233 234 237 241 246 254 262 267 268 264 260 258 258 258 259
193 200 205 208 211 210 206 200 193 200 210 212 209 209 209 217 219 227 230 226 219 219 219 221 220 221 221 222 223 225 227 229 229 227 225 226 228 227 227 225 220 216 219 222 221 221 221 223 224 224 226 225 219 219 225 228 233 236 235 233 231 227 225 227 227 228 228 228 228 229 229 229 229 229 230 230 231 231 232 233 235 237 240 243 248 252 257 258 257 255 254 254 253 253
169 189 204 208 212 212 210 206 203 214 232 232 231 231 237 243 244 247 242 224 226 232 235 237 232 227 224 223 223 222 224 226 228 228 227 228 230 229 228 226 223 217 217 220 220 218 217 217 218 221 224 225 222 220 225 229 232 235 235 235 232 229 228 229 229 229 229 229 229 229 229 229 230 230 230 231 231 232 233 234 235 237 239 241 244 247 249 250 251 251 250 250 250 250
150 174 201 209 217 219 218 216 216 226 240 245 246 241 246 250 254 253 242 228 231 239 245 249 239 226 222 223 224 225 230 233 234 233 231 232 233 233 231 228 225 220 217 221 223 221 221 222 225 228 230 229 227 224 226 230 233 235 236 236 235 233 232 231 231 230 230 230 230 230 230 230 230 231 231 232 232 233 234 235 236 237 238 240 242 243 245 246 246 247 247 247 247 247
132 154 207 222 230 231 228 227 227 231 243 254 262 264 264 264 262 256 244 236 233 237 242 241 223 213 218 224 228 234 239 240 239 237 235 235 237 238 235 231 227 222 218 222 227 230 232 234 236 235 233 231 229 227 228 229 231 232 233 234 235 236 236 236 234 232 231 231 231 231 231 231 231 232 232 233 233 234 234 235 236 237 238 239 240 241 242 243 244 244 244 244 244 244
117 135 230 243 250 250 250 248 246 245 249 255 262 270 271 268 264 257 248 239 233 232 233 229 216 214 222 229 234 239 241 243 243 241 238 236 236 238 238 234 229 224 219 219 225 229 231 234 234 232 231 230 228 227 227 228 229 231 231 231 231 232 235 237 238 236 234 232 232 232 232 232 232 233 233 234 234 234 235 236 236 237 238 239 239 240 241 242 242 242 243 243 243 243
132 156 235 249 254 256 259 260 257 254 254 255 259 266 270 266 262 259 249 236 233 235 235 230 224 225 230 234 238 242 245 248 250 249 245 241 239 238 238 235 230 226 221 217 221 226 229 230 230 229 229 228 226 226 226 226 227 229 230 228 227 227 230 233 236 236 236 235 234 233 233 233 234 234 234 235 235 235 236 236 237 237 238 238 239 239 240 240 241 241 241 241 241 242
164 189 233 247 252 255 258 259 258 256 255 253 251 251 253 253 249 245 236 232 239 242 240 235 233 235 238 240 242 245 249 253 256 258 258 254 248 244 241 237 231 227 222 217 220 226 229 230 229 228 227 226 226 226 226 225 224 226 227 226 226 226 228 230 232 233 234 234 234 235 236 236 236 236 236 236 236 237 237 237 237 238 238 238 239 239 239 240 240 240 240 240 240 240
195 210 235 245 249 253 255 255 254 253 252 250 245 237 232 232 233 230 224 230 239 240 239 239 239 241 244 247 248 250 252 255 257 261 264 264 260 254 248 243 235 228 225 219 217 221 224 225 225 225 226 226 225 225 226 225 224 224 225 224 224 224 226 228 231 231 231 232 234 237 241 242 240 239 238 239 239 238 238 238 238 238 238 239 239 239 239 239 239 239 239 239 240 240
214 221 234 241 245 248 250 251 251 252 251 249 243 236 232 232 233 230 229 236 240 236 239 241 241 242 246 250 251 252 254 254 256 259 262 266 269 266 259 252 244 235 229 222 215 216 221 223 223 224 225 226 225 223 223 223 223 224 224 223 222 221 223 226 229 230 229 229 230 234 240 244 245 244 243 243 242 242 241 240 240 240 239 239 239 239 239 239 239 239 239 239 239 239
223 226 233 239 244 248 250 251 252 254 254 253 250 250 252 253 249 244 246 249 243 237 238 240 239 240 243 246 248 252 255 255 256 257 259 263 269 273 269 261 252 242 233 225 216 214 220 223 222 223 224 225 225 224 224 223 222 223 224 225 224 223 223 225 227 228 227 225 225 228 234 240 245 250 251 251 250 248 245 244 243 242 241 240 239 239 239 239 239 239 239 239 239 239
229 230 234 239 244 248 250 250 251 253 256 259 261 264 266 266 263 259 256 252 245 240 239 238 236 236 239 242 244 249 254 256 257 256 257 260 265 269 267 261 253 243 235 227 216 209 214 218 219 220 221 222 222 223 224 224 223 222 224 225 225 224 225 227 228 228 226 223 222 225 230 233 237 243 248 252 254 254 252 251 249 246 243 241 240 240 239 239 239 239 239 239 239 239
232 232 233 236 240 243 246 247 247 249 250 251 253 255 259 262 261 258 253 247 243 243 240 234 232 233 235 237 241 246 250 253 253 250 252 258 262 263 261 259 252 241 234 226 213 202 204 211 214 217 219 220 219 221 222 222 223 223 224 225 225 224 225 226 227 227 227 224 221 224 228 230 231 232 235 241 246 248 250 254 255 251 246 243 241 240 240 239 239 239 239 239 239 239
232 232 232 234 237 239 241 239 237 235 235 235 236 239 246 252 254 253 248 243 240 243 240 230 227 229 231 231 236 244 247 249 245 241 248 257 260 256 255 256 249 237 229 220 207 194 190 199 208 213 219 220 220 220 221 221 221 223 224 225 225 225 225 225 225 225 226 224 221 222 226 229 230 231 233 236 239 239 240 244 250 253 250 246 243 241 241 240 240 240 239 239 239 239
232 231 230 232 233 231 228 226 223 226 230 233 235 237 241 244 245 244 241 239 239 242 239 229 223 226 227 225 230 240 244 244 237 232 246 256 255 247 245 246 238 229 225 213 201 189 178 184 198 208 215 220 221 221 221 221 221 221 222 222 223 225 225 225 226 226 225 224 221 220 223 228 231 232 233 233 235 236 237 241 244 248 252 251 246 243 242 241 241 241 240 240 240 240
233 231 229 228 225 223 223 224 226 231 236 237 236 236 239 241 239 232 229 233 239 243 240 230 221 221 223 222 229 239 240 237 232 229 246 254 248 240 236 235 228 228 226 209 195 187 174 170 185 200 209 214 217 219 220 220 221 221 221 219 220 223 224 224 226 228 227 225 222 219 221 227 230 230 231 232 233 236 237 241 243 244 247 251 249 246 244 243 242 242 242 242 242 241
231 230 228 228 228 229 232 235 236 237 238 238 235 235 238 240 236 221 219 227 237 245 242 231 221 218 220 219 226 236 237 233 228 230 243 250 242 236 232 224 217 220 224 208 187 181 172 162 170 189 201 208 213 217 219 219 220 222 222 219 219 222 224 223 224 227 228 226 223 220 219 225 229 229 231 233 235 236 237 239 242 244 245 247 250 250 248 247 245 245 245 245 244 244
230 230 231 233 235 237 239 239 239 237 237 239 238 235 236 239 231 211 211 222 233 243 243 229 221 219 216 213 219 228 234 233 227 228 238 242 237 232 226 215 209 213 219 209 184 173 167 156 157 174 191 202 210 216 218 217 217 221 223 221 220 222 224 222 222 224 226 226 224 221 219 224 228 229 230 233 234 235 236 239 241 244 245 244 244 247 250 250 250 249 250 250 249 248
234 234 235 236 237 236 235 235 235 234 232 235 236 232 233 237 229 204 204 214 223 234 239 227 219 222 218 213 215 221 228 231 228 229 238 239 234 230 221 213 211 216 220 215 193 175 166 152 146 157 177 192 204 213 217 216 215 219 222 221 219 220 222 222 221 221 223 223 223 222 222 225 229 230 230 232 233 232 233 235 239 243 243 242 241 241 245 249 252 254 256 255 252 249
237 237 237 237 238 237 235 232 230 228 226 230 231 228 230 236 228 197 192 203 213 226 234 230 220 226 225 222 218 217 222 227 230 236 245 245 238 231 222 215 214 215 218 218 202 181 170 158 146 145 158 178 195 208 215 215 214 216 220 221 219 218 220 222 220 220 221 221 220 219 219 223 226 227 229 231 232 231 231 232 236 240 242 242 241 239 240 244 246 250 254 255 250 247
235 235 235 235 234 234 233 231 228 225 225 227 227 223 227 235 226 189 179 193 205 218 227 229 223 223 223 223 223 218 218 224 231 239 248 249 241 232 222 213 208 206 210 213 203 183 173 168 160 150 148 160 181 200 211 214 213 215 218 220 218 216 218 221 220 218 219 219 219 218 217 221 225 226 227 230 232 232 231 231 235 237 236 236 236 233 234 237 238 242 247 247 244 243
232 232 231 231 230 229 229 229 228 227 227 226 222 218 224 233 226 189 173 186 201 211 216 220 221 220 217 216 220 217 210 217 227 238 244 241 233 225 219 209 200 200 205 209 204 188 178 175 171 161 151 151 165 189 207 213 214 214 217 219 218 215 217 220 219 217 217 219 220 219 218 220 225 228 228 229 230 232 232 231 234 236 233 230 231 227 226 231 234 241 244 241 237 237
229 230 230 230 229 228 226 225 225 227 229 225 216 213 222 233 229 195 175 181 195 202 204 210 216 219 216 215 222 215 201 207 219 232 239 234 222 213 210 203 196 198 204 209 207 196 186 179 174 169 159 153 157 176 200 212 215 214 215 218 218 215 217 220 219 216 216 218 219 218 218 218 222 226 229 231 231 232 232 232 236 239 235 229 228 224 222 227 233 239 240 236 232 230
227 229 231 231 231 229 224 220 221 224 228 224 212 208 220 233 233 201 172 171 183 192 195 201 209 213 212 213 219 216 203 203 212 222 225 218 208 202 200 198 195 199 204 208 209 201 187 178 174 173 168 161 158 168 190 208 214 213 214 217 217 214 215 218 218 215 215 217 218 218 217 216 218 221 226 229 230 231 231 232 236 240 236 228 226 224 222 226 232 236 235 232 228 228
229 229 231 232 231 228 222 219 220 223 227 225 209 204 218 231 235 212 169 159 166 182 191 196 201 205 204 204 210 213 209 203 203 213 218 214 206 196 194 195 197 200 203 207 209 201 189 181 178 177 175 168 162 164 181 202 212 214 214 216 216 213 214 216 215 213 213 215 216 217 216 215 215 218 222 225 226 228 230 230 233 237 234 227 225 225 223 226 231 232 230 227 224 228
230 229 230 232 232 227 222 222 225 225 227 227 211 204 215 227 234 226 180 150 147 169 187 196 200 201 199 200 206 208 206 200 200 212 221 221 214 202 198 199 200 201 203 203 202 200 193 186 182 181 180 173 165 164 175 197 211 214 213 215 216 213 213 215 214 213 212 213 216 218 217 215 214 215 219 222 223 225 228 231 234 236 233 228 226 226 225 226 228 228 227 224 222 228
229 227 227 231 233 230 229 230 231 227 227 230 217 203 211 224 233 232 208 162 137 144 177 196 204 205 206 207 208 207 207 206 210 222 228 227 221 213 208 208 208 205 204 203 203 202 197 191 186 185 183 178 170 166 172 192 209 213 213 215 215 213 215 219 222 225 224 218 218 219 218 215 214 214 216 219 221 223 227 231 235 236 234 228 228 227 225 225 227 227 226 223 220 225
226 225 222 223 224 224 226 231 235 229 225 232 223 200 204 217 230 234 224 199 155 119 127 200 215 214 211 213 217 219 220 224 227 229 232 230 227 225 219 216 215 213 213 213 212 209 205 200 194 191 187 182 174 169 173 188 206 212 213 215 217 217 222 228 233 241 245 239 227 223 220 217 216 215 214 215 217 220 224 228 231 233 232 228 227 225 223 223 225 227 225 220 217 222
220 219 216 214 214 214 216 222 229 229 226 235 230 199 197 212 227 234 232 222 207 150 68 11 278 242 226 224 228 229 227 231 233 232 236 234 231 230 223 217 219 222 223 222 220 219 216 209 202 197 193 187 178 173 174 184 202 211 214 218 222 225 230 232 230 233 238 242 239 231 225 221 219 217 214 212 214 216 219 222 226 229 228 224 223 222 220 219 222 224 222 216 215 223
217 219 217 212 211 212 214 217 223 225 226 238 238 204 197 212 227 233 234 234 232 227 245 357 344 322 286 257 245 233 226 233 237 236 239 237 231 231 227 217 215 221 225 225 222 220 218 210 203 199 195 190 182 175 176 184 203 217 222 225 227 229 229 226 224 225 228 230 234 236 233 228 224 220 216 212 211 213 215 217 219 223 224 221 221 221 218 217 221 223 220 213 215 225
218 220 219 214 212 214 215 216 221 221 224 237 241 218 207 218 228 229 230 235 241 240 231 232 270 325 340 276 236 221 219 234 239 237 240 239 233 232 230 220 214 217 223 226 224 220 215 208 199 197 196 193 186 178 179 188 205 221 229 229 225 224 222 219 220 223 225 227 229 231 238 243 240 231 223 216 211 211 213 213 214 219 222 221 221 220 216 216 222 224 219 211 213 223
213 216 216 211 209 212 214 215 218 217 221 233 239 230 224 229 229 225 223 225 232 240 235 221 211 201 183 187 198 202 212 233 240 239 241 241 236 234 232 225 217 215 220 228 228 223 217 207 198 197 198 197 190 183 181 189 201 213 220 219 215 217 216 215 218 222 224 225 227 227 231 244 252 252 242 228 218 214 214 214 215 220 223 222 221 219 215 215 221 223 217 209 212 223
