windninja/windninja_output/Output_2025-08-24_0400-0450_Google earth_Fire_150m_10min/merlingen_7.5mi_point_08-24-2025_0400_150m_ang.asc
ncols	158
nrows	163
xllcorner	391686.332397
yllcorner	5160024.123721
cellsize	150.000000
NODATA_value	-32768.000000
[rows 42 to 83 of 163, columns 0 to 93 of 158]
215 215 214 214 214 214 213 213 213 212 211 212 211 211 211 211 211 211 211 210 210 209 209 209 209 207 206 205 203 204 209 210 209 207 205 204 207 209 207 206 207 209 210 209 206 203 205 208 209 210 216 216 208 205 212 218 218 219 224 228 227 221 220 220 220 219 219 218 216 213 213 215 213 204 203 206 198 190 194 205 212 213 216 220 219 217 214 214 215 216 219 224 230 233
215 215 215 214 214 213 213 213 213 212 212 212 212 211 211 212 211 211 211 211 211 210 209 209 209 208 207 206 205 206 209 210 208 204 200 198 201 203 202 204 209 212 213 211 208 208 211 215 216 217 219 218 211 209 214 220 221 222 226 229 228 224 222 220 219 218 213 212 211 208 207 209 207 202 202 203 198 193 196 205 211 213 216 219 218 216 216 218 220 221 222 223 229 234
215 215 215 215 214 214 214 213 213 213 212 212 212 212 212 212 212 211 211 211 211 210 210 210 210 209 208 207 207 207 209 209 207 203 198 195 197 201 204 208 212 214 215 214 212 213 217 218 217 215 215 215 212 210 215 220 222 223 225 227 226 224 223 221 220 218 214 211 208 205 205 208 208 206 206 205 200 197 201 208 212 212 215 219 220 218 219 222 225 226 226 226 234 238
216 216 215 215 214 214 214 214 213 213 213 212 212 212 212 212 211 211 211 211 211 210 210 210 210 210 209 209 209 208 208 208 206 203 199 197 198 203 208 210 211 214 217 216 213 214 217 217 214 213 214 216 216 216 219 223 224 224 224 223 222 221 219 216 217 218 217 214 209 208 211 213 214 214 213 210 203 199 204 208 209 211 218 224 223 221 221 223 226 228 229 231 237 239
217 216 215 215 215 215 215 214 214 213 213 212 212 212 212 212 212 212 212 212 211 211 211 211 211 210 210 210 210 209 209 208 207 203 200 200 201 204 206 207 210 215 219 217 213 215 216 215 214 214 217 218 219 221 223 225 225 224 223 219 216 216 215 213 215 217 217 217 212 212 217 219 220 220 218 213 205 200 204 208 212 217 225 229 226 223 222 223 225 228 230 233 237 236
217 216 215 215 216 217 216 215 214 213 213 213 212 212 212 212 212 212 212 212 212 212 212 212 212 211 211 211 210 210 210 209 208 206 203 203 203 204 204 206 210 214 217 215 213 215 216 216 216 215 217 219 220 222 222 222 223 222 221 215 211 214 216 217 219 221 220 218 215 214 217 220 223 222 219 215 209 204 208 215 222 227 229 228 225 223 222 223 225 227 229 232 234 232
217 217 216 216 217 219 218 215 214 214 214 213 213 213 213 213 213 213 213 213 213 212 212 212 212 212 211 211 211 211 210 210 209 208 206 204 205 205 205 207 210 214 216 214 213 215 216 216 216 215 217 220 223 224 222 221 221 219 216 210 209 216 221 223 225 225 221 219 216 217 219 221 222 222 220 216 212 211 214 221 226 227 226 224 221 220 220 221 222 224 227 231 232 230
218 217 216 216 218 220 219 216 214 214 214 214 213 213 213 214 213 213 213 213 213 213 212 212 213 212 212 211 211 211 211 211 210 209 207 204 205 206 205 207 211 215 215 212 213 217 218 217 216 215 216 220 222 222 220 219 219 217 213 209 210 218 225 229 228 225 221 218 217 218 219 221 221 221 219 216 213 212 214 219 223 223 222 220 218 217 217 217 219 221 225 230 231 230
220 218 216 216 218 219 219 217 214 214 214 214 213 213 213 214 214 213 213 213 213 213 213 212 213 213 212 212 212 212 212 211 211 210 208 206 205 206 206 207 210 213 212 210 214 220 220 219 220 219 219 222 221 217 215 216 216 215 212 212 216 223 230 233 229 223 220 218 219 220 221 222 221 220 218 215 212 211 214 219 221 222 221 219 218 217 215 216 219 222 225 228 230 230
223 220 215 215 217 217 217 218 215 213 213 213 213 213 214 214 214 213 213 214 213 213 213 213 213 213 213 213 213 213 212 212 212 211 210 209 208 208 208 208 210 212 211 209 214 220 220 219 222 223 221 221 220 217 216 217 217 216 215 217 221 226 233 236 229 221 219 217 218 220 221 222 221 219 217 215 213 212 214 218 221 222 224 222 219 218 218 220 223 225 225 228 231 232
227 222 215 215 218 217 217 218 217 213 212 213 214 214 214 214 214 214 214 214 214 214 214 214 214 214 213 213 213 213 213 213 212 212 211 211 210 209 209 208 210 213 211 208 212 219 218 216 218 216 212 213 215 216 217 220 220 218 219 220 223 226 234 236 227 218 216 215 217 219 219 219 217 217 217 217 215 214 216 219 220 223 226 226 225 224 223 224 226 227 227 228 229 230
227 222 215 214 217 217 216 218 219 215 213 214 214 214 214 215 215 214 214 215 215 214 214 214 214 214 214 214 214 214 213 213 213 213 213 212 212 211 209 207 209 212 211 207 210 216 215 210 211 210 207 210 213 216 220 223 219 218 220 222 224 228 235 234 224 215 212 212 216 217 216 215 214 216 218 218 216 217 220 221 221 223 224 225 226 228 228 226 226 227 228 228 225 225
223 221 216 212 216 215 214 218 220 219 216 215 215 215 215 215 215 215 215 215 215 215 214 215 214 214 214 214 214 214 214 214 214 214 213 213 213 212 211 209 209 212 213 211 211 213 211 206 207 208 208 213 215 218 224 223 217 216 218 221 223 227 233 231 220 211 207 207 211 213 212 213 215 218 219 218 216 218 222 221 219 221 221 220 221 224 226 227 226 226 226 226 223 221
220 221 219 216 219 220 217 218 221 221 218 216 216 215 215 216 216 215 215 215 215 215 215 215 215 215 215 215 215 214 214 214 214 214 214 214 214 213 213 211 212 215 218 216 213 210 207 204 205 206 208 214 216 220 226 223 214 214 218 220 221 225 229 227 217 209 205 205 209 212 213 215 218 219 218 217 216 218 220 218 216 218 219 218 219 220 221 222 224 226 228 228 224 222
220 221 221 220 221 223 221 219 221 222 220 217 217 216 215 216 216 216 216 215 216 216 215 215 215 215 215 215 215 215 215 215 215 215 215 215 214 214 214 213 214 216 217 215 212 208 203 202 203 203 206 215 217 221 227 221 212 214 217 219 221 223 227 226 218 209 206 206 211 215 217 217 217 216 216 215 215 217 217 215 214 216 218 218 218 219 218 218 220 225 231 233 227 221
222 221 221 220 219 220 221 219 219 221 219 216 217 217 216 216 216 216 216 216 216 216 216 216 215 215 215 215 215 215 215 215 215 215 215 215 215 215 215 215 215 215 215 214 212 209 205 202 202 200 205 216 220 225 228 219 210 213 216 218 220 224 227 227 220 211 206 207 212 216 216 216 216 215 214 212 213 215 214 213 213 215 218 220 221 223 223 221 220 222 227 226 217 216
222 221 220 220 219 219 219 218 217 219 218 216 218 219 218 217 217 217 216 216 216 216 216 216 215 215 216 216 216 216 216 216 216 216 216 216 216 215 215 215 215 215 215 214 213 213 211 207 203 199 202 216 222 226 227 218 210 214 217 218 220 224 226 226 221 213 206 205 209 212 213 214 215 214 213 211 211 212 211 210 212 215 218 220 223 226 226 225 223 221 222 220 215 219
222 221 221 221 222 221 221 220 219 221 220 218 219 220 220 218 217 217 217 216 216 217 217 216 216 216 216 216 216 216 216 216 216 216 216 216 216 216 216 216 216 216 215 215 215 214 213 210 206 198 197 212 222 226 225 218 213 217 220 221 221 224 226 226 222 215 207 203 206 211 213 213 214 213 211 210 211 211 211 211 213 216 218 219 221 223 224 224 223 222 224 224 223 227
222 222 222 222 222 223 223 223 222 222 220 217 216 218 219 218 218 217 217 216 216 216 216 216 216 216 217 217 217 217 217 217 217 217 217 217 216 216 216 216 216 216 216 216 215 215 214 212 209 202 195 207 223 226 224 219 217 220 223 222 223 224 226 226 223 217 209 203 207 213 214 213 213 212 209 209 211 211 212 214 215 217 220 220 220 222 223 223 223 225 227 227 226 227
222 222 223 223 223 223 224 224 223 221 218 214 214 216 218 219 218 217 217 216 216 217 217 217 217 217 217 217 217 217 217 217 217 217 217 217 217 217 217 217 217 217 216 216 216 216 215 214 212 207 199 206 225 229 225 222 223 225 226 225 226 226 227 227 223 218 211 205 209 214 213 212 213 211 209 209 212 212 213 215 216 219 221 222 222 223 223 223 226 228 225 225 226 225
225 225 225 224 223 223 223 223 223 222 220 216 214 215 217 219 219 218 217 217 217 217 217 217 217 218 218 218 217 217 217 217 217 217 217 217 217 217 217 217 217 217 217 217 217 216 216 215 214 211 206 207 223 228 225 224 229 230 228 227 226 226 225 224 223 219 212 208 211 212 212 212 213 210 209 210 212 213 213 214 216 219 222 225 225 226 229 228 229 228 225 227 228 226
229 228 227 226 225 223 223 223 223 222 221 218 216 215 215 218 219 219 218 217 217 217 217 217 217 218 218 218 217 217 218 218 218 218 218 218 218 218 218 218 218 217 217 217 217 217 217 217 216 214 210 208 218 223 219 222 229 231 228 225 222 221 222 224 227 224 216 211 211 211 211 212 213 209 207 209 211 212 212 213 216 218 221 224 224 227 230 230 231 229 226 228 228 227
233 231 229 228 226 225 226 226 225 223 223 221 216 214 214 216 218 218 218 218 217 217 217 217 217 218 219 218 218 218 218 218 218 218 218 218 218 218 218 218 218 218 218 218 218 218 218 217 217 216 214 212 217 220 215 219 228 229 226 223 219 219 225 232 235 230 218 212 210 210 210 212 212 209 206 208 209 208 208 210 214 217 219 222 224 228 230 230 229 226 225 227 227 228
232 230 228 226 226 226 226 227 228 227 225 224 218 214 214 215 217 217 218 219 218 217 218 218 217 218 219 218 218 218 218 218 218 218 218 218 218 218 218 218 218 218 218 218 218 218 218 218 218 218 218 217 219 222 217 217 226 228 225 223 219 220 227 231 228 221 213 208 208 209 210 212 213 209 206 205 206 205 205 210 215 218 220 221 224 230 231 228 225 222 223 225 227 230
226 225 225 225 226 225 223 223 225 225 224 223 220 215 214 215 217 217 218 219 218 216 217 218 217 218 219 219 219 219 218 218 219 219 219 219 219 219 219 219 219 219 219 219 219 219 219 219 219 219 219 220 221 223 222 223 229 230 228 225 219 214 219 221 219 215 210 208 208 209 210 213 214 209 205 203 203 204 205 210 215 216 216 216 221 228 229 225 223 222 223 224 227 230
212 216 219 221 223 222 218 218 222 224 224 222 219 216 214 215 217 217 217 218 217 216 217 217 216 218 220 221 221 221 220 219 219 219 219 219 219 219 219 219 219 219 219 219 219 219 219 220 220 220 220 221 222 223 225 229 237 240 237 231 219 210 215 219 218 215 212 210 210 210 210 213 213 208 204 203 202 202 203 206 209 211 212 213 223 232 230 224 223 223 222 224 228 230
191 204 212 213 215 214 209 211 220 224 222 219 217 216 214 214 216 217 216 218 218 217 217 217 216 217 220 223 224 223 221 220 220 219 219 219 219 219 219 219 219 219 219 220 220 220 220 220 220 221 221 222 222 224 226 229 236 242 243 237 224 216 219 222 220 216 214 212 211 210 210 213 214 209 205 204 202 200 200 204 207 211 216 221 236 241 232 223 223 223 223 225 229 231
182 196 211 213 215 214 208 207 214 217 213 210 210 210 209 210 213 216 217 218 218 219 219 218 216 216 221 225 224 223 222 221 220 220 220 219 219 219 220 220 220 220 220 220 220 220 220 221 221 221 221 222 223 224 225 227 230 234 237 236 231 226 228 228 224 220 217 214 211 210 211 215 215 209 205 205 204 200 199 204 211 218 225 233 246 245 230 222 223 223 223 225 228 229
199 208 225 232 232 228 219 212 216 218 213 210 210 210 209 210 212 215 217 217 218 219 221 221 217 216 221 224 223 222 222 222 221 220 220 220 220 220 220 220 220 220 220 220 220 220 221 221 221 221 222 222 223 224 225 226 227 229 230 231 231 231 235 238 236 232 226 221 216 213 213 216 214 207 205 207 205 202 200 206 216 226 232 242 249 242 226 223 223 223 223 223 225 225
216 220 233 244 249 247 239 232 233 232 227 223 222 220 217 215 215 216 216 216 217 220 221 221 216 212 218 221 221 220 220 221 221 221 220 220 220 220 220 220 220 220 220 220 221 221 221 221 221 222 222 223 223 223 224 225 226 227 227 228 228 229 232 236 238 240 238 234 227 220 216 218 216 208 206 208 207 203 202 211 223 231 238 247 246 232 222 221 223 224 223 223 223 220
226 228 234 239 244 246 245 245 249 246 240 238 236 232 229 224 221 220 218 216 216 217 218 218 212 209 216 221 221 220 219 220 221 221 220 220 220 220 220 220 220 220 221 221 221 221 221 222 222 222 222 223 223 223 224 224 225 225 226 226 226 227 228 230 231 233 235 237 236 233 228 227 222 214 210 211 211 207 206 215 226 234 242 247 240 223 218 221 225 226 223 224 225 223
234 235 238 240 242 244 244 245 248 245 240 237 235 233 231 228 226 224 222 219 217 217 216 215 212 209 215 221 222 221 220 219 220 220 219 219 220 220 220 220 221 221 221 221 221 221 222 222 222 222 223 223 223 223 224 224 224 225 225 225 226 226 226 227 227 228 229 230 233 237 241 242 235 222 217 216 215 211 208 216 227 236 243 242 231 220 219 222 226 225 222 222 226 228
240 242 245 247 248 248 247 246 245 242 239 236 233 230 228 227 225 225 224 222 221 220 219 218 214 211 214 219 222 223 221 220 220 219 218 217 219 220 220 220 220 221 221 221 221 222 222 222 222 223 223 223 223 223 224 224 224 224 225 225 225 225 226 226 226 226 226 227 229 231 233 235 232 223 217 216 214 211 210 216 228 235 239 234 224 221 222 223 226 225 222 218 217 221
245 247 251 255 257 257 255 251 246 242 239 237 233 231 228 227 225 224 223 222 222 223 222 221 218 214 215 219 221 222 222 221 221 221 220 219 219 220 220 220 220 221 221 221 222 222 222 222 223 223 223 223 223 223 224 224 224 224 224 225 225 225 225 225 225 225 225 226 226 226 226 225 223 219 215 214 211 208 209 216 228 234 234 228 222 220 222 224 226 228 229 220 215 224
248 251 256 261 267 268 264 258 252 246 240 237 234 231 229 227 225 224 223 222 222 222 222 221 219 216 218 220 220 221 222 223 224 226 226 223 221 221 220 219 220 221 221 222 222 222 223 223 223 223 223 223 223 224 224 224 224 224 224 224 224 225 225 225 225 225 225 225 225 224 223 222 222 219 215 213 208 204 207 219 231 235 233 229 227 226 227 229 231 235 237 229 227 232
252 253 257 264 273 278 277 270 260 249 241 236 233 231 229 227 225 224 223 222 222 222 221 220 219 218 220 222 222 222 224 225 226 226 226 223 221 221 221 220 219 220 221 222 222 223 223 224 224 224 224 224 224 224 224 224 224 224 224 224 224 224 224 224 225 225 224 224 224 224 223 222 221 219 216 212 206 200 206 225 235 234 233 233 233 236 238 236 235 234 229 222 224 230
256 256 253 261 277 286 287 279 264 250 238 233 231 230 228 227 225 223 222 222 222 222 222 220 217 217 221 223 222 221 222 224 223 223 223 222 220 221 222 221 220 220 222 223 223 224 224 224 225 224 224 224 224 224 224 224 224 224 224 224 224 224 224 224 224 224 224 224 224 223 223 222 221 220 217 213 206 198 206 229 235 230 229 230 228 228 230 228 226 223 221 219 222 227
255 252 247 248 264 279 284 272 255 239 229 227 228 228 226 225 225 223 222 222 222 222 222 220 216 216 220 221 220 218 218 221 222 223 224 223 220 220 223 223 221 221 223 224 225 225 226 226 226 226 225 225 224 224 224 224 224 224 224 224 224 224 224 224 224 224 224 224 224 223 222 222 221 220 218 215 209 201 207 226 230 224 221 220 219 219 221 222 222 222 222 224 226 226
247 243 235 236 238 237 226 211 215 216 215 220 224 226 225 224 224 223 222 222 222 223 222 220 215 215 220 221 220 217 216 219 220 221 223 222 220 220 221 222 221 222 225 227 227 228 228 229 230 229 227 226 225 224 224 224 224 224 224 224 224 224 224 224 224 224 224 224 223 223 222 222 221 220 219 216 212 207 207 217 217 215 214 214 215 218 222 223 224 226 227 228 228 227
245 244 239 235 235 231 214 200 202 204 206 212 221 224 225 225 225 224 222 222 222 223 222 219 215 216 221 222 221 218 216 217 218 219 221 221 220 219 220 221 220 219 224 228 231 233 234 235 237 236 232 227 225 224 224 224 224 224 224 224 224 224 224 224 224 224 224 224 223 223 223 222 222 221 219 217 214 209 206 204 202 205 211 213 216 221 226 226 225 227 228 228 229 227
255 253 243 237 236 231 220 211 207 207 207 212 220 223 225 226 226 226 224 223 223 223 222 219 215 216 221 221 220 219 218 220 221 223 224 224 222 220 221 221 219 217 219 222 224 226 227 227 229 230 229 227 225 223 223 223 224 224 224 224 224 224 224 224 224 224 224 224 223 223 223 222 222 221 220 218 215 211 206 198 191 197 208 215 218 225 227 226 226 227 227 228 228 226
245 237 226 230 231 230 225 220 218 217 216 218 222 226 228 228 228 229 227 226 225 224 223 220 214 215 218 219 219 220 221 221 223 226 228 229 228 225 223 222 220 218 216 216 216 216 215 215 217 218 218 219 219 220 221 223 224 224 224 224 224 224 224 224 224 224 224 224 224 223 223 222 222 221 221 219 216 212 207 198 186 189 203 211 221 229 231 229 228 229 230 229 229 228
