windninja/windninja_output/Output_2025-08-24_0400-0450_Google earth_Fire_150m_10min/merlingen_7.5mi_point_08-24-2025_0420_150m_vel.asc
ncols	158
nrows	163
xllcorner	391686.332397
yllcorner	5160024.123721
cellsize	150.000000
NODATA_value	-32768.000000
[rows 114 to 151 of 163, columns 0 to 83 of 158]
0.96 0.90 0.80 0.73 0.72 0.69 0.65 0.62 0.64 0.66 0.67 0.72 0.77 0.77 0.76 0.70 0.61 0.63 0.72 0.80 0.93 1.15 1.23 0.95 0.75 0.73 0.71 0.62 0.52 0.54 0.69 0.92 0.97 0.83 0.67 0.59 0.60 0.65 0.65 0.62 0.60 0.62 0.68 0.69 0.66 0.63 0.64 0.64 0.61 0.59 0.59 0.60 0.65 0.72 0.78 0.81 0.82 0.84 0.90 0.95 0.96 0.96 0.98 1.01 0.99 1.01 1.07 1.11 1.12 1.08 1.00 0.92 0.85 0.83 0.87 0.91 0.88 0.83 0.80 0.84 0.87 0.81 0.70 0.62
0.96 0.95 0.90 0.83 0.78 0.76 0.74 0.69 0.63 0.62 0.63 0.69 0.77 0.83 0.85 0.78 0.66 0.65 0.66 0.65 0.77 1.01 1.30 1.33 1.14 0.96 0.90 0.86 0.81 0.69 0.72 0.91 1.05 0.96 0.77 0.66 0.65 0.68 0.68 0.67 0.71 0.81 0.86 0.82 0.76 0.76 0.75 0.70 0.65 0.63 0.63 0.64 0.65 0.68 0.74 0.79 0.80 0.81 0.85 0.92 0.96 0.97 0.98 1.02 1.03 1.02 1.05 1.10 1.12 1.11 1.07 1.01 0.93 0.83 0.79 0.87 0.93 0.89 0.82 0.81 0.86 0.87 0.82 0.76
0.93 0.94 0.92 0.87 0.81 0.77 0.77 0.77 0.74 0.68 0.65 0.66 0.72 0.81 0.88 0.85 0.71 0.63 0.61 0.64 0.78 0.99 1.24 1.43 1.45 1.24 1.05 0.97 0.90 0.86 0.91 1.03 1.16 1.14 0.90 0.77 0.78 0.81 0.81 0.81 0.87 0.94 0.93 0.88 0.83 0.78 0.70 0.65 0.67 0.70 0.70 0.69 0.67 0.67 0.70 0.76 0.79 0.80 0.82 0.88 0.93 0.96 0.98 1.00 1.03 1.03 1.05 1.08 1.12 1.13 1.12 1.12 1.10 1.02 0.84 0.78 0.87 0.93 0.87 0.78 0.79 0.82 0.81 0.81
0.90 0.92 0.90 0.86 0.81 0.76 0.74 0.79 0.83 0.82 0.74 0.65 0.66 0.74 0.86 0.88 0.71 0.59 0.64 0.75 0.89 1.02 1.12 1.26 1.46 1.55 1.45 1.25 1.19 0.99 0.90 0.92 1.11 1.34 1.34 1.16 1.05 1.00 0.99 1.04 1.12 1.07 0.98 0.93 0.88 0.80 0.76 0.77 0.79 0.80 0.80 0.76 0.72 0.70 0.71 0.77 0.81 0.81 0.81 0.84 0.89 0.95 1.01 1.04 1.05 1.05 1.06 1.09 1.12 1.14 1.16 1.18 1.22 1.24 1.13 0.94 0.84 0.90 0.93 0.87 0.81 0.81 0.79 0.78
0.90 0.89 0.88 0.85 0.81 0.77 0.74 0.75 0.79 0.83 0.82 0.71 0.63 0.68 0.79 0.91 0.80 0.58 0.65 0.72 0.77 0.82 0.88 0.95 1.12 1.42 1.62 1.65 1.64 1.51 1.19 1.08 1.27 1.52 1.65 1.75 1.68 1.46 1.38 1.40 1.34 1.22 1.08 0.97 0.91 0.89 0.90 0.92 0.92 0.90 0.85 0.80 0.76 0.74 0.73 0.76 0.81 0.82 0.82 0.83 0.86 0.90 0.97 1.05 1.11 1.13 1.13 1.14 1.14 1.14 1.15 1.18 1.23 1.31 1.35 1.25 1.04 0.94 0.96 0.98 0.96 0.91 0.82 0.77
0.93 0.90 0.87 0.86 0.79 0.75 0.73 0.69 0.68 0.70 0.78 0.75 0.63 0.63 0.70 0.86 0.89 0.65 0.57 0.59 0.58 0.58 0.63 0.71 0.79 0.94 1.14 1.29 1.50 1.68 1.68 1.66 1.60 1.48 1.48 1.70 1.88 1.92 1.86 1.82 1.69 1.46 1.27 1.16 1.13 1.09 1.01 0.96 0.94 0.89 0.84 0.80 0.76 0.74 0.72 0.73 0.77 0.81 0.82 0.83 0.85 0.86 0.89 0.95 1.03 1.09 1.11 1.14 1.16 1.14 1.11 1.12 1.17 1.26 1.37 1.43 1.34 1.15 1.04 0.99 0.96 0.93 0.87 0.81
0.94 0.90 0.89 0.89 0.80 0.70 0.65 0.62 0.60 0.61 0.68 0.72 0.65 0.65 0.69 0.82 0.91 0.77 0.56 0.50 0.48 0.46 0.48 0.53 0.58 0.64 0.70 0.78 0.96 1.21 1.42 1.47 1.31 1.14 1.14 1.31 1.60 1.76 1.75 1.78 1.85 1.80 1.65 1.53 1.44 1.34 1.23 1.15 1.06 0.94 0.87 0.82 0.78 0.75 0.72 0.71 0.74 0.78 0.80 0.83 0.85 0.85 0.82 0.77 0.71 0.70 0.73 0.81 0.96 1.08 1.10 1.08 1.09 1.14 1.25 1.42 1.50 1.41 1.22 1.07 0.97 0.93 0.89 0.84
0.94 0.91 0.91 1.00 1.02 0.89 0.80 0.73 0.63 0.57 0.61 0.67 0.63 0.65 0.73 0.85 0.93 0.85 0.64 0.48 0.39 0.38 0.37 0.38 0.42 0.48 0.54 0.62 0.74 0.84 0.86 0.87 0.88 0.90 0.99 1.10 1.18 1.29 1.24 1.27 1.52 1.70 1.68 1.50 1.38 1.33 1.30 1.24 1.14 1.02 0.91 0.83 0.80 0.78 0.74 0.74 0.76 0.78 0.79 0.80 0.79 0.74 0.66 0.59 0.51 0.46 0.40 0.38 0.55 0.82 0.98 1.02 1.01 1.01 1.09 1.26 1.47 1.57 1.50 1.32 1.16 1.05 0.95 0.90
0.91 0.91 0.92 1.00 1.12 1.16 1.14 1.08 0.90 0.67 0.60 0.64 0.60 0.58 0.62 0.72 0.88 0.89 0.68 0.48 0.33 0.31 0.32 0.32 0.34 0.36 0.40 0.49 0.63 0.72 0.71 0.71 0.76 0.79 0.86 0.93 0.95 1.05 1.02 0.94 1.04 1.25 1.44 1.34 1.14 1.06 1.03 1.02 1.01 0.97 0.89 0.84 0.81 0.77 0.75 0.75 0.77 0.78 0.77 0.73 0.67 0.59 0.54 0.54 0.58 0.62 0.58 0.42 0.37 0.48 0.68 0.84 0.93 0.95 0.97 1.06 1.25 1.50 1.65 1.64 1.49 1.29 1.13 1.07
0.83 0.82 0.81 0.82 0.89 0.99 1.08 1.16 1.16 0.98 0.75 0.68 0.58 0.48 0.45 0.50 0.67 0.88 0.80 0.54 0.35 0.27 0.27 0.31 0.35 0.35 0.35 0.42 0.61 0.70 0.67 0.64 0.63 0.67 0.75 0.83 0.86 0.97 1.02 0.90 0.84 0.98 1.26 1.39 1.20 1.00 0.90 0.88 0.91 0.92 0.91 0.88 0.82 0.77 0.74 0.70 0.67 0.65 0.60 0.58 0.58 0.57 0.57 0.62 0.68 0.77 0.82 0.73 0.51 0.38 0.42 0.58 0.72 0.82 0.86 0.89 1.01 1.23 1.51 1.73 1.81 1.69 1.47 1.31
0.79 0.78 0.74 0.72 0.74 0.82 0.89 0.99 1.13 1.15 1.05 0.86 0.56 0.40 0.36 0.36 0.45 0.74 0.91 0.73 0.44 0.29 0.28 0.32 0.34 0.36 0.41 0.59 0.84 0.81 0.65 0.59 0.58 0.60 0.66 0.75 0.77 0.84 0.95 0.90 0.81 0.84 1.03 1.33 1.37 1.17 1.00 0.93 0.94 0.97 0.99 0.95 0.87 0.81 0.77 0.71 0.64 0.59 0.53 0.49 0.56 0.66 0.72 0.76 0.78 0.80 0.85 0.87 0.77 0.50 0.34 0.33 0.40 0.52 0.65 0.73 0.82 0.97 1.20 1.47 1.72 1.86 1.78 1.53
0.80 0.81 0.79 0.76 0.77 0.81 0.85 0.91 1.04 1.15 1.19 1.12 0.77 0.40 0.29 0.26 0.31 0.49 0.78 0.93 0.81 0.49 0.36 0.37 0.43 0.50 0.71 1.11 1.09 0.83 0.65 0.59 0.56 0.54 0.59 0.68 0.69 0.71 0.84 0.88 0.79 0.74 0.83 1.10 1.33 1.28 1.12 1.02 0.99 0.99 0.98 0.95 0.92 0.86 0.81 0.79 0.79 0.79 0.77 0.71 0.72 0.79 0.84 0.86 0.86 0.84 0.83 0.86 0.89 0.78 0.53 0.35 0.28 0.28 0.36 0.49 0.60 0.70 0.84 1.01 1.18 1.49 1.76 1.75
0.74 0.77 0.77 0.76 0.76 0.79 0.82 0.87 0.97 1.07 1.17 1.30 1.15 0.63 0.41 0.32 0.32 0.38 0.55 0.79 0.91 0.88 0.71 0.69 0.98 1.26 1.34 1.28 0.99 0.73 0.68 0.66 0.62 0.55 0.54 0.64 0.67 0.62 0.67 0.75 0.72 0.67 0.70 0.88 1.18 1.29 1.21 1.14 1.07 1.01 0.95 0.91 0.89 0.87 0.82 0.79 0.81 0.86 0.92 0.92 0.90 0.87 0.85 0.83 0.83 0.83 0.83 0.84 0.89 0.92 0.84 0.67 0.49 0.35 0.28 0.31 0.39 0.46 0.52 0.63 0.78 1.02 1.43 1.74
0.72 0.74 0.75 0.73 0.73 0.79 0.85 0.88 0.89 0.96 1.09 1.32 1.43 1.15 0.79 0.53 0.45 0.48 0.55 0.71 1.05 1.39 1.51 1.55 1.53 1.48 1.26 0.91 0.71 0.64 0.65 0.70 0.76 0.73 0.63 0.60 0.63 0.59 0.54 0.58 0.60 0.56 0.57 0.69 0.97 1.19 1.20 1.13 1.07 0.99 0.94 0.91 0.87 0.83 0.80 0.76 0.75 0.80 0.87 0.89 0.88 0.84 0.81 0.79 0.79 0.80 0.81 0.83 0.85 0.89 0.92 0.85 0.70 0.54 0.41 0.31 0.29 0.32 0.40 0.50 0.64 0.83 1.08 1.41
0.73 0.74 0.74 0.71 0.69 0.73 0.80 0.84 0.85 0.87 0.96 1.19 1.48 1.57 1.35 0.84 0.62 0.64 0.79 1.18 1.48 1.53 1.56 1.50 1.34 1.12 0.87 0.65 0.55 0.53 0.57 0.64 0.77 0.87 0.86 0.72 0.59 0.54 0.49 0.47 0.48 0.47 0.46 0.53 0.73 1.04 1.15 1.07 1.00 0.95 0.91 0.90 0.88 0.85 0.81 0.78 0.76 0.77 0.80 0.81 0.80 0.80 0.80 0.80 0.80 0.80 0.81 0.82 0.83 0.84 0.87 0.88 0.79 0.63 0.49 0.37 0.27 0.28 0.32 0.39 0.52 0.68 0.89 1.13
0.71 0.70 0.68 0.63 0.60 0.59 0.61 0.68 0.73 0.77 0.83 0.98 1.19 1.45 1.57 1.46 1.04 0.90 1.15 1.42 1.30 1.00 0.98 1.02 0.94 0.86 0.80 0.67 0.52 0.47 0.50 0.53 0.60 0.76 0.93 0.97 0.79 0.55 0.45 0.42 0.40 0.39 0.37 0.39 0.51 0.82 1.09 1.15 1.08 1.02 0.97 0.91 0.87 0.84 0.81 0.79 0.78 0.78 0.77 0.78 0.79 0.81 0.81 0.81 0.81 0.80 0.81 0.81 0.83 0.84 0.86 0.90 0.91 0.79 0.59 0.43 0.31 0.25 0.27 0.31 0.37 0.45 0.59 0.82
0.72 0.72 0.70 0.64 0.59 0.57 0.54 0.50 0.51 0.57 0.63 0.66 0.72 0.87 1.15 1.42 1.37 1.25 1.27 1.14 0.78 0.64 0.71 0.91 0.98 0.89 0.80 0.72 0.64 0.56 0.49 0.44 0.45 0.58 0.78 1.01 1.07 0.84 0.57 0.48 0.44 0.40 0.38 0.39 0.43 0.56 0.92 1.14 1.15 1.07 0.99 0.93 0.84 0.79 0.77 0.76 0.76 0.78 0.79 0.79 0.78 0.78 0.79 0.79 0.79 0.80 0.80 0.81 0.83 0.85 0.87 0.90 0.95 0.95 0.84 0.64 0.45 0.32 0.27 0.30 0.36 0.40 0.40 0.42
0.75 0.75 0.77 0.74 0.66 0.65 0.66 0.60 0.48 0.38 0.36 0.36 0.40 0.50 0.67 0.93 1.13 1.08 0.93 0.69 0.60 0.61 0.64 0.78 0.99 1.00 0.83 0.77 0.74 0.68 0.57 0.49 0.46 0.50 0.61 0.84 1.12 1.20 1.01 0.78 0.67 0.62 0.59 0.53 0.48 0.46 0.64 0.91 1.04 1.01 0.92 0.88 0.83 0.78 0.75 0.72 0.70 0.72 0.74 0.74 0.72 0.70 0.71 0.74 0.76 0.78 0.80 0.81 0.83 0.85 0.88 0.92 0.95 0.99 0.98 0.90 0.72 0.54 0.44 0.37 0.37 0.40 0.39 0.35
0.75 0.73 0.73 0.75 0.72 0.70 0.75 0.80 0.75 0.52 0.34 0.30 0.33 0.42 0.55 0.68 0.84 0.86 0.67 0.52 0.54 0.59 0.62 0.68 0.83 1.03 0.96 0.73 0.61 0.57 0.51 0.46 0.43 0.45 0.54 0.70 0.93 1.20 1.32 1.24 1.09 0.96 0.87 0.77 0.65 0.51 0.47 0.62 0.84 0.91 0.86 0.82 0.80 0.78 0.75 0.72 0.69 0.68 0.69 0.69 0.69 0.68 0.67 0.70 0.73 0.75 0.77 0.78 0.80 0.83 0.87 0.92 0.97 1.01 1.01 0.97 0.89 0.77 0.69 0.60 0.49 0.41 0.36 0.36
0.74 0.70 0.67 0.72 0.76 0.73 0.71 0.78 0.91 0.91 0.68 0.52 0.46 0.46 0.51 0.65 0.88 0.99 1.00 0.82 0.68 0.67 0.69 0.71 0.74 0.96 1.04 0.77 0.54 0.44 0.39 0.36 0.35 0.40 0.50 0.61 0.73 0.91 1.14 1.28 1.25 1.16 1.09 1.02 0.90 0.71 0.56 0.55 0.69 0.80 0.78 0.76 0.76 0.76 0.75 0.73 0.71 0.70 0.72 0.75 0.77 0.78 0.75 0.73 0.73 0.72 0.73 0.73 0.74 0.79 0.84 0.89 0.95 1.03 1.07 1.01 0.89 0.76 0.72 0.69 0.61 0.48 0.38 0.35
0.79 0.76 0.72 0.74 0.78 0.75 0.70 0.70 0.80 0.98 1.03 0.92 0.84 0.73 0.70 0.86 0.96 1.01 1.11 1.12 0.98 0.79 0.70 0.65 0.65 0.83 1.08 1.08 0.82 0.60 0.50 0.43 0.38 0.39 0.43 0.48 0.58 0.68 0.82 0.99 1.12 1.14 1.10 1.06 1.00 0.90 0.76 0.66 0.67 0.75 0.77 0.75 0.73 0.73 0.72 0.72 0.71 0.71 0.73 0.76 0.79 0.80 0.79 0.77 0.76 0.75 0.74 0.71 0.67 0.69 0.78 0.87 0.93 0.98 1.07 1.11 1.00 0.76 0.59 0.57 0.59 0.54 0.41 0.33
0.81 0.83 0.81 0.80 0.80 0.80 0.77 0.71 0.69 0.76 0.92 1.00 0.98 0.93 0.89 0.89 0.81 0.75 0.82 0.97 1.01 0.86 0.65 0.52 0.51 0.62 0.89 1.16 1.12 0.90 0.74 0.65 0.55 0.45 0.40 0.39 0.42 0.52 0.65 0.78 0.92 1.00 0.99 0.97 0.98 0.95 0.85 0.74 0.72 0.76 0.79 0.77 0.73 0.70 0.69 0.68 0.69 0.71 0.71 0.72 0.75 0.77 0.78 0.79 0.79 0.79 0.77 0.75 0.67 0.59 0.62 0.75 0.87 0.95 1.06 1.18 1.21 1.04 0.68 0.51 0.47 0.47 0.44 0.37
0.76 0.83 0.84 0.78 0.76 0.77 0.77 0.74 0.65 0.57 0.58 0.66 0.74 0.78 0.78 0.67 0.54 0.53 0.60 0.69 0.77 0.73 0.60 0.49 0.46 0.50 0.64 0.93 1.14 1.11 0.96 0.82 0.71 0.58 0.45 0.40 0.39 0.43 0.54 0.63 0.71 0.82 0.89 0.89 0.90 0.88 0.81 0.72 0.69 0.72 0.74 0.73 0.72 0.70 0.68 0.67 0.68 0.70 0.73 0.76 0.78 0.79 0.80 0.81 0.82 0.81 0.79 0.78 0.74 0.59 0.46 0.47 0.64 0.84 1.01 1.19 1.32 1.32 1.10 0.73 0.50 0.45 0.48 0.48
0.67 0.72 0.80 0.76 0.69 0.65 0.64 0.65 0.63 0.57 0.51 0.51 0.57 0.66 0.74 0.70 0.61 0.53 0.49 0.50 0.54 0.54 0.53 0.50 0.46 0.45 0.52 0.71 0.96 1.10 1.01 0.82 0.69 0.61 0.54 0.46 0.42 0.41 0.49 0.56 0.59 0.66 0.78 0.81 0.79 0.78 0.74 0.68 0.65 0.67 0.68 0.68 0.68 0.67 0.66 0.66 0.67 0.71 0.74 0.77 0.79 0.81 0.81 0.81 0.81 0.81 0.79 0.75 0.73 0.64 0.42 0.29 0.31 0.42 0.61 0.89 1.18 1.38 1.43 1.25 0.87 0.65 0.58 0.60
0.61 0.61 0.66 0.74 0.69 0.58 0.49 0.48 0.53 0.59 0.62 0.62 0.64 0.78 0.90 0.94 0.89 0.72 0.52 0.42 0.41 0.39 0.39 0.40 0.39 0.38 0.42 0.54 0.74 0.96 1.07 0.95 0.75 0.64 0.58 0.49 0.42 0.41 0.47 0.58 0.61 0.60 0.66 0.71 0.73 0.74 0.73 0.67 0.64 0.65 0.66 0.67 0.67 0.66 0.65 0.65 0.68 0.72 0.74 0.75 0.77 0.80 0.82 0.82 0.81 0.79 0.76 0.73 0.71 0.70 0.58 0.35 0.24 0.25 0.31 0.45 0.77 1.11 1.35 1.45 1.28 0.90 0.75 0.73
0.67 0.60 0.55 0.65 0.76 0.72 0.56 0.43 0.42 0.49 0.61 0.70 0.79 0.91 0.91 0.89 0.91 0.89 0.81 0.64 0.48 0.38 0.33 0.31 0.30 0.31 0.35 0.40 0.54 0.74 0.98 1.10 1.01 0.79 0.62 0.50 0.45 0.46 0.48 0.55 0.61 0.59 0.59 0.62 0.65 0.70 0.71 0.67 0.65 0.64 0.64 0.66 0.68 0.69 0.69 0.70 0.71 0.73 0.74 0.75 0.76 0.78 0.82 0.85 0.86 0.84 0.81 0.80 0.79 0.79 0.74 0.58 0.39 0.32 0.32 0.33 0.43 0.69 0.96 1.23 1.37 1.28 1.22 1.13
0.76 0.69 0.58 0.58 0.69 0.83 0.83 0.68 0.53 0.48 0.54 0.68 0.83 0.83 0.68 0.63 0.70 0.79 0.87 0.93 0.85 0.63 0.45 0.34 0.29 0.29 0.32 0.33 0.39 0.53 0.70 0.93 1.08 1.01 0.83 0.70 0.62 0.56 0.48 0.47 0.55 0.58 0.57 0.56 0.57 0.62 0.65 0.65 0.64 0.63 0.62 0.62 0.65 0.70 0.74 0.75 0.74 0.74 0.74 0.74 0.75 0.78 0.81 0.87 0.96 1.03 1.03 1.01 0.98 0.96 0.93 0.84 0.61 0.42 0.38 0.38 0.36 0.43 0.64 0.92 1.18 1.29 1.31 1.31
0.79 0.77 0.64 0.49 0.46 0.60 0.83 0.93 0.87 0.75 0.65 0.69 0.73 0.59 0.46 0.45 0.49 0.56 0.65 0.84 1.02 1.05 0.89 0.64 0.48 0.38 0.32 0.30 0.31 0.37 0.47 0.66 0.92 1.07 1.04 0.91 0.80 0.70 0.56 0.48 0.52 0.56 0.56 0.55 0.55 0.57 0.60 0.62 0.63 0.62 0.60 0.57 0.55 0.60 0.70 0.75 0.77 0.77 0.77 0.79 0.80 0.83 0.86 0.92 1.06 1.25 1.37 1.42 1.40 1.38 1.33 1.25 1.01 0.69 0.60 0.52 0.43 0.40 0.47 0.60 0.78 0.90 0.92 0.94
0.75 0.79 0.70 0.47 0.36 0.39 0.51 0.75 0.94 0.96 0.85 0.71 0.57 0.36 0.32 0.33 0.38 0.45 0.52 0.61 0.79 1.04 1.15 1.12 0.97 0.74 0.51 0.34 0.26 0.26 0.32 0.44 0.65 0.88 1.01 0.98 0.88 0.79 0.67 0.57 0.57 0.60 0.60 0.59 0.58 0.58 0.59 0.60 0.61 0.60 0.59 0.56 0.50 0.45 0.51 0.63 0.71 0.75 0.79 0.84 0.87 0.88 0.91 0.96 1.05 1.21 1.38 1.53 1.63 1.66 1.63 1.57 1.45 1.23 0.94 0.79 0.69 0.67 0.62 0.56 0.57 0.67 0.70 0.70
0.72 0.79 0.81 0.65 0.45 0.36 0.33 0.41 0.60 0.78 0.84 0.71 0.43 0.29 0.28 0.32 0.38 0.44 0.47 0.46 0.46 0.59 0.83 1.06 1.13 1.09 0.96 0.70 0.45 0.34 0.33 0.36 0.42 0.59 0.83 0.92 0.86 0.74 0.67 0.62 0.61 0.63 0.63 0.63 0.62 0.60 0.59 0.58 0.59 0.58 0.58 0.59 0.57 0.50 0.47 0.51 0.60 0.69 0.74 0.79 0.84 0.88 0.90 0.93 0.94 0.93 0.95 1.05 1.22 1.42 1.56 1.58 1.53 1.43 1.24 1.05 1.01 1.00 0.96 0.86 0.73 0.74 0.78 0.76
0.78 0.76 0.82 0.86 0.68 0.47 0.33 0.29 0.31 0.39 0.54 0.64 0.54 0.45 0.44 0.42 0.41 0.42 0.40 0.33 0.29 0.30 0.40 0.59 0.77 0.90 1.00 1.01 0.88 0.69 0.52 0.41 0.37 0.40 0.61 0.73 0.71 0.65 0.62 0.61 0.60 0.62 0.62 0.62 0.62 0.60 0.59 0.58 0.59 0.59 0.60 0.61 0.62 0.59 0.52 0.47 0.52 0.61 0.66 0.71 0.80 0.88 0.91 0.88 0.82 0.76 0.71 0.69 0.72 0.87 1.15 1.36 1.41 1.40 1.34 1.22 1.14 1.11 1.10 1.03 0.91 0.87 0.89 0.83
0.85 0.70 0.66 0.84 0.92 0.80 0.57 0.38 0.30 0.31 0.34 0.59 0.80 0.85 0.80 0.69 0.60 0.52 0.39 0.27 0.21 0.21 0.23 0.28 0.36 0.47 0.62 0.84 0.96 0.96 0.82 0.62 0.47 0.40 0.47 0.58 0.60 0.57 0.56 0.58 0.59 0.60 0.62 0.61 0.60 0.59 0.58 0.58 0.60 0.62 0.63 0.62 0.60 0.57 0.52 0.48 0.51 0.58 0.68 0.77 0.84 0.91 0.96 0.93 0.85 0.77 0.70 0.61 0.54 0.55 0.68 0.96 1.25 1.36 1.31 1.19 1.06 1.03 1.10 1.15 1.06 1.01 1.00 0.91
0.93 0.69 0.52 0.65 0.90 1.06 1.04 0.81 0.60 0.46 0.51 0.77 0.97 1.10 1.14 1.10 1.03 0.95 0.80 0.62 0.48 0.37 0.27 0.20 0.20 0.24 0.30 0.39 0.56 0.76 0.87 0.83 0.67 0.50 0.46 0.53 0.55 0.53 0.52 0.55 0.58 0.60 0.61 0.62 0.61 0.60 0.60 0.60 0.61 0.62 0.62 0.61 0.58 0.56 0.55 0.56 0.58 0.63 0.74 0.83 0.87 0.89 0.93 0.99 1.01 0.99 0.91 0.79 0.70 0.63 0.58 0.65 0.94 1.22 1.27 1.17 1.00 0.85 0.91 1.15 1.26 1.22 1.14 1.02
1.03 0.73 0.46 0.47 0.61 0.88 1.09 1.12 0.97 0.78 0.90 0.97 0.93 0.94 1.02 1.09 1.10 1.11 1.14 1.13 1.08 0.94 0.73 0.50 0.31 0.23 0.22 0.22 0.25 0.34 0.49 0.69 0.68 0.54 0.50 0.54 0.55 0.54 0.54 0.55 0.57 0.59 0.61 0.64 0.65 0.64 0.63 0.63 0.62 0.62 0.62 0.61 0.57 0.53 0.50 0.51 0.56 0.64 0.70 0.75 0.79 0.81 0.84 0.93 1.05 1.13 1.18 1.20 1.19 1.14 1.05 0.98 1.03 1.20 1.29 1.27 1.20 1.06 1.04 1.25 1.43 1.44 1.32 1.08
1.10 0.78 0.44 0.39 0.42 0.49 0.66 0.95 1.11 1.10 1.08 0.93 0.76 0.69 0.67 0.74 0.85 0.90 0.92 1.02 1.15 1.20 1.18 1.08 0.84 0.56 0.46 0.44 0.41 0.35 0.34 0.48 0.59 0.56 0.55 0.58 0.60 0.59 0.57 0.57 0.58 0.60 0.61 0.64 0.67 0.68 0.67 0.67 0.67 0.66 0.65 0.63 0.59 0.51 0.44 0.43 0.49 0.56 0.63 0.69 0.74 0.77 0.81 0.86 0.91 1.00 1.12 1.24 1.33 1.42 1.49 1.51 1.51 1.54 1.53 1.46 1.47 1.56 1.63 1.59 1.54 1.65 1.63 1.32
1.11 0.99 0.72 0.52 0.43 0.45 0.55 0.70 0.96 1.05 0.96 0.78 0.68 0.61 0.55 0.55 0.63 0.72 0.70 0.67 0.77 0.94 1.08 1.20 1.21 1.07 0.85 0.73 0.65 0.55 0.45 0.46 0.55 0.57 0.57 0.60 0.63 0.63 0.61 0.60 0.60 0.62 0.62 0.63 0.65 0.67 0.67 0.68 0.69 0.69 0.69 0.67 0.63 0.55 0.47 0.43 0.43 0.47 0.54 0.60 0.68 0.76 0.79 0.81 0.83 0.88 0.95 1.00 1.05 1.12 1.22 1.34 1.45 1.59 1.67 1.59 1.52 1.57 1.54 1.45 1.42 1.60 1.80 1.67
0.96 1.09 1.21 1.00 0.76 0.69 0.65 0.64 0.70 0.73 0.76 0.79 0.72 0.59 0.49 0.44 0.44 0.54 0.64 0.64 0.61 0.64 0.73 0.85 1.04 1.15 1.03 0.77 0.62 0.56 0.48 0.46 0.52 0.56 0.56 0.58 0.61 0.64 0.65 0.64 0.64 0.65 0.65 0.65 0.67 0.67 0.65 0.66 0.70 0.71 0.72 0.74 0.71 0.63 0.54 0.46 0.44 0.45 0.48 0.52 0.58 0.70 0.77 0.81 0.85 0.88 0.88 0.87 0.86 0.83 0.82 0.86 0.95 1.17 1.43 1.49 1.38 1.21 1.01 1.06 1.19 1.30 1.60 1.79
0.72 0.82 1.12 1.21 1.12 0.89 0.65 0.58 0.60 0.62 0.67 0.76 0.80 0.69 0.51 0.39 0.33 0.36 0.47 0.56 0.56 0.53 0.52 0.57 0.71 0.91 0.99 0.77 0.54 0.51 0.51 0.50 0.52 0.55 0.57 0.57 0.59 0.62 0.65 0.66 0.67 0.68 0.68 0.68 0.70 0.73 0.70 0.66 0.67 0.72 0.75 0.79 0.81 0.74 0.62 0.51 0.47 0.46 0.49 0.53 0.54 0.61 0.74 0.82 0.85 0.85 0.85 0.85 0.88 0.89 0.87 0.82 0.78 0.86 1.05 1.19 1.17 0.98 0.84 0.88 0.98 1.02 1.22 1.68
