windninja/windninja_output/Output_2025-08-24_0400-0450_Google earth_Fire_150m_10min/merlingen_7.5mi_point_08-24-2025_0420_150m_vel.asc
ncols	158
nrows	163
xllcorner	391686.332397
yllcorner	5160024.123721
cellsize	150.000000
NODATA_value	-32768.000000
[rows 0 to 37 of 163, columns 0 to 83 of 158]
0.55 0.53 0.51 0.52 0.54 0.55 0.54 0.55 0.57 0.58 0.58 0.59 0.61 0.61 0.57 0.49 0.41 0.35 0.37 0.39 0.40 0.48 0.60 0.65 0.62 0.57 0.53 0.54 0.58 0.60 0.59 0.58 0.55 0.53 0.54 0.54 0.50 0.46 0.44 0.45 0.48 0.52 0.52 0.51 0.51 0.50 0.49 0.47 0.53 0.64 0.73 0.78 0.81 0.81 0.79 0.76 0.72 0.70 0.68 0.68 0.70 0.72 0.73 0.73 0.77 0.80 0.81 0.78 0.75 0.72 0.73 0.74 0.74 0.74 0.75 0.76 0.74 0.70 0.66 0.66 0.69 0.69 0.68 0.65
0.56 0.54 0.52 0.51 0.52 0.53 0.52 0.51 0.50 0.51 0.53 0.56 0.60 0.64 0.64 0.59 0.53 0.47 0.46 0.47 0.46 0.48 0.56 0.63 0.65 0.61 0.57 0.55 0.56 0.57 0.57 0.57 0.57 0.56 0.55 0.56 0.56 0.54 0.53 0.52 0.53 0.55 0.57 0.58 0.59 0.59 0.61 0.59 0.58 0.61 0.66 0.68 0.70 0.71 0.71 0.71 0.71 0.72 0.72 0.70 0.69 0.70 0.73 0.74 0.75 0.77 0.78 0.78 0.76 0.74 0.73 0.74 0.74 0.75 0.76 0.76 0.76 0.74 0.72 0.70 0.70 0.69 0.68 0.67
0.58 0.58 0.55 0.53 0.52 0.51 0.52 0.51 0.49 0.49 0.52 0.57 0.60 0.64 0.70 0.72 0.70 0.66 0.62 0.59 0.56 0.51 0.50 0.57 0.66 0.68 0.64 0.59 0.56 0.56 0.55 0.55 0.56 0.57 0.58 0.60 0.64 0.65 0.65 0.63 0.63 0.63 0.64 0.67 0.70 0.72 0.75 0.76 0.72 0.66 0.64 0.64 0.64 0.65 0.66 0.69 0.72 0.74 0.76 0.75 0.73 0.73 0.74 0.75 0.74 0.74 0.75 0.77 0.78 0.76 0.75 0.74 0.74 0.75 0.76 0.77 0.79 0.81 0.79 0.76 0.75 0.75 0.72 0.71
0.58 0.60 0.60 0.57 0.56 0.54 0.55 0.59 0.61 0.62 0.61 0.60 0.60 0.62 0.67 0.73 0.73 0.72 0.69 0.66 0.60 0.54 0.51 0.53 0.64 0.72 0.73 0.70 0.67 0.65 0.64 0.62 0.59 0.59 0.61 0.63 0.65 0.66 0.66 0.67 0.69 0.71 0.72 0.74 0.77 0.78 0.79 0.81 0.81 0.79 0.75 0.73 0.73 0.73 0.73 0.72 0.72 0.72 0.73 0.75 0.76 0.75 0.74 0.74 0.74 0.74 0.75 0.77 0.78 0.77 0.75 0.75 0.74 0.73 0.72 0.73 0.76 0.80 0.81 0.78 0.77 0.80 0.80 0.77
0.54 0.58 0.62 0.61 0.60 0.58 0.58 0.60 0.62 0.63 0.61 0.59 0.60 0.62 0.65 0.69 0.71 0.69 0.67 0.66 0.62 0.55 0.51 0.52 0.60 0.70 0.78 0.82 0.81 0.81 0.80 0.79 0.75 0.70 0.67 0.66 0.67 0.68 0.71 0.72 0.75 0.78 0.81 0.82 0.83 0.82 0.81 0.80 0.81 0.81 0.79 0.75 0.74 0.74 0.74 0.73 0.71 0.70 0.71 0.72 0.74 0.74 0.73 0.74 0.74 0.74 0.74 0.76 0.77 0.76 0.75 0.73 0.72 0.72 0.71 0.70 0.67 0.70 0.77 0.78 0.73 0.74 0.80 0.81
0.50 0.52 0.57 0.62 0.63 0.61 0.59 0.57 0.55 0.55 0.55 0.55 0.55 0.58 0.61 0.64 0.68 0.67 0.63 0.62 0.60 0.55 0.49 0.48 0.52 0.60 0.69 0.76 0.81 0.83 0.86 0.88 0.88 0.85 0.81 0.77 0.77 0.79 0.81 0.82 0.81 0.81 0.81 0.80 0.80 0.79 0.78 0.77 0.77 0.77 0.77 0.75 0.73 0.71 0.72 0.72 0.72 0.71 0.71 0.72 0.74 0.74 0.75 0.75 0.75 0.74 0.75 0.77 0.79 0.79 0.78 0.75 0.73 0.73 0.76 0.76 0.74 0.70 0.71 0.74 0.72 0.69 0.73 0.78
0.51 0.49 0.50 0.55 0.60 0.61 0.59 0.55 0.53 0.52 0.52 0.52 0.52 0.54 0.57 0.60 0.64 0.68 0.68 0.66 0.64 0.59 0.50 0.44 0.44 0.49 0.54 0.61 0.69 0.75 0.79 0.83 0.87 0.90 0.91 0.89 0.88 0.87 0.86 0.84 0.82 0.78 0.74 0.71 0.70 0.71 0.72 0.72 0.72 0.72 0.74 0.75 0.75 0.74 0.73 0.72 0.71 0.71 0.72 0.73 0.76 0.80 0.81 0.80 0.78 0.77 0.76 0.78 0.80 0.82 0.85 0.86 0.84 0.80 0.80 0.84 0.85 0.81 0.76 0.76 0.77 0.75 0.75 0.76
0.53 0.52 0.49 0.47 0.50 0.54 0.54 0.53 0.51 0.50 0.50 0.51 0.52 0.54 0.57 0.59 0.62 0.68 0.71 0.71 0.70 0.67 0.58 0.46 0.41 0.42 0.48 0.54 0.59 0.64 0.69 0.73 0.76 0.79 0.83 0.84 0.84 0.82 0.80 0.78 0.75 0.72 0.69 0.67 0.65 0.65 0.66 0.67 0.68 0.69 0.70 0.72 0.75 0.77 0.75 0.73 0.73 0.74 0.75 0.77 0.80 0.82 0.85 0.87 0.85 0.82 0.79 0.79 0.81 0.81 0.84 0.89 0.90 0.87 0.83 0.82 0.83 0.83 0.80 0.77 0.78 0.77 0.79 0.81
0.53 0.53 0.51 0.47 0.46 0.46 0.48 0.49 0.49 0.48 0.48 0.47 0.49 0.52 0.58 0.61 0.62 0.64 0.69 0.71 0.70 0.70 0.67 0.58 0.50 0.47 0.50 0.53 0.54 0.57 0.61 0.63 0.66 0.70 0.71 0.71 0.70 0.70 0.69 0.68 0.66 0.64 0.63 0.63 0.64 0.63 0.63 0.64 0.65 0.66 0.69 0.70 0.70 0.73 0.76 0.76 0.77 0.79 0.78 0.77 0.74 0.72 0.74 0.80 0.84 0.83 0.82 0.82 0.84 0.83 0.80 0.78 0.80 0.81 0.79 0.77 0.77 0.79 0.79 0.77 0.77 0.76 0.78 0.85
0.53 0.53 0.52 0.50 0.48 0.47 0.47 0.48 0.48 0.48 0.47 0.45 0.44 0.46 0.52 0.59 0.61 0.62 0.66 0.71 0.74 0.74 0.73 0.68 0.62 0.54 0.52 0.53 0.54 0.55 0.58 0.59 0.61 0.64 0.67 0.66 0.65 0.63 0.63 0.63 0.63 0.62 0.62 0.61 0.61 0.60 0.60 0.61 0.61 0.61 0.63 0.66 0.66 0.68 0.72 0.74 0.73 0.72 0.70 0.66 0.62 0.59 0.58 0.61 0.68 0.76 0.80 0.81 0.82 0.82 0.79 0.74 0.72 0.74 0.75 0.73 0.72 0.74 0.79 0.86 0.89 0.87 0.81 0.80
0.53 0.53 0.53 0.52 0.51 0.50 0.50 0.50 0.49 0.49 0.47 0.45 0.42 0.42 0.45 0.52 0.58 0.60 0.62 0.67 0.73 0.77 0.77 0.74 0.69 0.63 0.58 0.55 0.55 0.55 0.56 0.57 0.56 0.57 0.60 0.63 0.63 0.61 0.62 0.63 0.64 0.64 0.63 0.61 0.59 0.56 0.55 0.56 0.55 0.52 0.52 0.55 0.58 0.59 0.60 0.61 0.57 0.53 0.52 0.51 0.50 0.47 0.43 0.44 0.50 0.58 0.65 0.68 0.70 0.74 0.76 0.76 0.75 0.75 0.75 0.73 0.71 0.71 0.76 0.89 0.99 1.01 0.94 0.83
0.53 0.53 0.53 0.52 0.51 0.51 0.51 0.51 0.50 0.49 0.48 0.46 0.43 0.41 0.42 0.47 0.53 0.57 0.58 0.59 0.63 0.69 0.73 0.74 0.72 0.67 0.60 0.55 0.53 0.52 0.51 0.52 0.51 0.52 0.54 0.56 0.58 0.59 0.60 0.61 0.62 0.63 0.62 0.62 0.61 0.58 0.52 0.49 0.47 0.42 0.38 0.38 0.37 0.39 0.39 0.41 0.42 0.40 0.38 0.37 0.35 0.32 0.27 0.28 0.32 0.36 0.43 0.50 0.55 0.64 0.74 0.79 0.79 0.79 0.83 0.87 0.91 0.91 0.88 0.91 0.98 1.06 1.09 1.06
0.53 0.53 0.52 0.52 0.52 0.51 0.51 0.50 0.49 0.49 0.48 0.46 0.44 0.41 0.40 0.42 0.46 0.51 0.55 0.56 0.57 0.60 0.65 0.67 0.66 0.61 0.55 0.51 0.48 0.47 0.47 0.49 0.50 0.50 0.51 0.52 0.53 0.55 0.57 0.58 0.60 0.61 0.62 0.63 0.63 0.61 0.56 0.49 0.44 0.38 0.32 0.28 0.26 0.27 0.27 0.28 0.30 0.32 0.33 0.32 0.30 0.26 0.19 0.15 0.14 0.16 0.21 0.29 0.40 0.54 0.65 0.73 0.78 0.82 0.89 1.01 1.09 1.12 1.10 1.05 1.02 1.05 1.12 1.16
0.54 0.53 0.52 0.52 0.52 0.52 0.51 0.50 0.49 0.48 0.47 0.46 0.45 0.44 0.42 0.41 0.40 0.41 0.47 0.52 0.54 0.55 0.56 0.57 0.57 0.56 0.54 0.52 0.50 0.49 0.47 0.46 0.47 0.48 0.49 0.53 0.55 0.54 0.54 0.55 0.56 0.55 0.53 0.50 0.50 0.51 0.51 0.53 0.52 0.46 0.38 0.32 0.29 0.29 0.29 0.25 0.23 0.26 0.30 0.35 0.37 0.33 0.28 0.22 0.15 0.11 0.10 0.13 0.23 0.36 0.50 0.63 0.74 0.80 0.85 0.88 0.92 0.97 1.00 0.99 0.98 0.99 1.03 1.05
0.54 0.53 0.52 0.51 0.51 0.51 0.51 0.50 0.50 0.49 0.48 0.47 0.46 0.46 0.48 0.47 0.44 0.39 0.39 0.44 0.47 0.48 0.50 0.53 0.54 0.55 0.54 0.54 0.53 0.51 0.50 0.47 0.46 0.47 0.50 0.54 0.57 0.55 0.52 0.47 0.46 0.44 0.43 0.40 0.39 0.41 0.41 0.45 0.56 0.62 0.55 0.44 0.40 0.41 0.43 0.37 0.29 0.28 0.34 0.44 0.52 0.51 0.50 0.48 0.42 0.32 0.26 0.21 0.19 0.22 0.34 0.53 0.66 0.73 0.73 0.71 0.71 0.72 0.73 0.74 0.78 0.82 0.83 0.83
0.54 0.53 0.52 0.51 0.51 0.50 0.49 0.49 0.49 0.48 0.48 0.47 0.45 0.45 0.48 0.53 0.54 0.49 0.43 0.42 0.44 0.47 0.50 0.53 0.55 0.55 0.54 0.54 0.54 0.53 0.54 0.55 0.55 0.53 0.51 0.48 0.46 0.47 0.45 0.42 0.41 0.41 0.44 0.46 0.44 0.46 0.47 0.41 0.44 0.59 0.68 0.66 0.64 0.67 0.71 0.71 0.61 0.49 0.48 0.54 0.61 0.64 0.64 0.64 0.65 0.61 0.53 0.46 0.38 0.29 0.29 0.36 0.47 0.55 0.60 0.63 0.64 0.62 0.63 0.67 0.69 0.67 0.63 0.62
0.54 0.53 0.52 0.51 0.51 0.50 0.50 0.49 0.49 0.48 0.47 0.47 0.45 0.43 0.43 0.49 0.54 0.54 0.51 0.47 0.47 0.48 0.50 0.53 0.56 0.56 0.54 0.54 0.56 0.57 0.57 0.57 0.55 0.51 0.45 0.41 0.39 0.41 0.43 0.45 0.47 0.48 0.53 0.58 0.57 0.55 0.58 0.54 0.47 0.51 0.66 0.76 0.78 0.78 0.79 0.82 0.82 0.72 0.64 0.67 0.69 0.69 0.68 0.66 0.69 0.70 0.67 0.62 0.59 0.50 0.37 0.30 0.29 0.37 0.49 0.57 0.60 0.64 0.69 0.72 0.69 0.60 0.54 0.50
0.54 0.53 0.53 0.52 0.51 0.50 0.50 0.49 0.49 0.48 0.48 0.46 0.45 0.43 0.40 0.41 0.46 0.50 0.51 0.50 0.48 0.47 0.48 0.49 0.52 0.54 0.53 0.51 0.52 0.54 0.54 0.51 0.50 0.49 0.49 0.48 0.47 0.48 0.51 0.54 0.56 0.56 0.56 0.57 0.59 0.58 0.58 0.63 0.65 0.62 0.62 0.67 0.72 0.73 0.73 0.77 0.83 0.83 0.78 0.76 0.76 0.75 0.72 0.70 0.70 0.73 0.75 0.71 0.66 0.60 0.53 0.43 0.37 0.36 0.39 0.47 0.57 0.64 0.66 0.60 0.53 0.48 0.45 0.44
0.53 0.53 0.52 0.52 0.51 0.50 0.50 0.49 0.49 0.48 0.48 0.47 0.45 0.43 0.40 0.39 0.41 0.44 0.45 0.46 0.46 0.46 0.45 0.46 0.47 0.49 0.50 0.49 0.46 0.46 0.48 0.49 0.51 0.54 0.57 0.58 0.56 0.53 0.53 0.54 0.55 0.55 0.56 0.56 0.58 0.59 0.58 0.61 0.66 0.67 0.63 0.59 0.61 0.67 0.72 0.76 0.81 0.83 0.81 0.78 0.78 0.77 0.75 0.73 0.73 0.74 0.76 0.73 0.67 0.65 0.65 0.64 0.59 0.49 0.40 0.37 0.38 0.40 0.40 0.38 0.36 0.35 0.36 0.41
0.53 0.53 0.52 0.51 0.51 0.50 0.50 0.49 0.48 0.48 0.48 0.47 0.46 0.44 0.42 0.41 0.41 0.41 0.42 0.44 0.45 0.46 0.46 0.46 0.48 0.49 0.50 0.49 0.48 0.47 0.48 0.51 0.53 0.53 0.53 0.55 0.55 0.53 0.53 0.56 0.58 0.60 0.62 0.62 0.62 0.64 0.65 0.62 0.60 0.62 0.62 0.58 0.56 0.61 0.69 0.76 0.80 0.83 0.81 0.76 0.74 0.73 0.70 0.69 0.69 0.68 0.70 0.73 0.76 0.78 0.79 0.76 0.71 0.64 0.57 0.48 0.38 0.32 0.33 0.36 0.37 0.38 0.40 0.44
0.54 0.53 0.52 0.51 0.51 0.50 0.50 0.49 0.48 0.47 0.47 0.47 0.47 0.46 0.44 0.43 0.43 0.44 0.45 0.46 0.47 0.48 0.49 0.49 0.50 0.50 0.51 0.51 0.50 0.50 0.51 0.53 0.56 0.57 0.59 0.62 0.64 0.64 0.64 0.66 0.66 0.66 0.65 0.66 0.66 0.66 0.66 0.63 0.60 0.61 0.63 0.62 0.60 0.59 0.61 0.66 0.72 0.78 0.81 0.77 0.74 0.74 0.71 0.68 0.68 0.69 0.73 0.79 0.84 0.86 0.84 0.77 0.69 0.65 0.63 0.62 0.61 0.60 0.58 0.55 0.52 0.52 0.50 0.48
0.53 0.53 0.52 0.51 0.50 0.50 0.50 0.49 0.49 0.48 0.47 0.47 0.47 0.46 0.46 0.46 0.46 0.47 0.47 0.47 0.48 0.49 0.50 0.50 0.51 0.51 0.52 0.52 0.52 0.52 0.52 0.55 0.60 0.64 0.68 0.72 0.75 0.74 0.70 0.69 0.68 0.68 0.69 0.68 0.67 0.64 0.63 0.63 0.63 0.65 0.67 0.68 0.66 0.61 0.57 0.58 0.62 0.68 0.76 0.80 0.78 0.78 0.76 0.72 0.71 0.74 0.80 0.85 0.87 0.84 0.79 0.74 0.68 0.63 0.59 0.62 0.69 0.78 0.82 0.80 0.72 0.62 0.56 0.52
0.53 0.53 0.52 0.51 0.50 0.50 0.49 0.49 0.49 0.48 0.47 0.48 0.48 0.47 0.46 0.47 0.47 0.48 0.49 0.49 0.50 0.50 0.51 0.52 0.52 0.53 0.54 0.54 0.54 0.54 0.54 0.56 0.61 0.65 0.65 0.65 0.67 0.69 0.66 0.64 0.66 0.69 0.70 0.70 0.67 0.66 0.67 0.68 0.68 0.68 0.69 0.69 0.68 0.65 0.61 0.60 0.61 0.64 0.69 0.78 0.81 0.80 0.79 0.77 0.79 0.85 0.89 0.90 0.88 0.84 0.78 0.74 0.72 0.69 0.65 0.64 0.67 0.76 0.87 0.94 0.92 0.83 0.73 0.63
0.53 0.52 0.51 0.51 0.50 0.49 0.49 0.49 0.49 0.48 0.48 0.48 0.49 0.49 0.48 0.48 0.48 0.49 0.50 0.50 0.51 0.52 0.52 0.53 0.54 0.54 0.55 0.55 0.54 0.52 0.51 0.52 0.55 0.58 0.60 0.59 0.58 0.60 0.62 0.62 0.63 0.66 0.69 0.71 0.72 0.73 0.74 0.73 0.70 0.68 0.68 0.68 0.68 0.68 0.66 0.64 0.63 0.64 0.66 0.74 0.80 0.81 0.79 0.80 0.84 0.88 0.89 0.85 0.81 0.78 0.75 0.72 0.71 0.73 0.73 0.69 0.63 0.65 0.73 0.85 0.97 0.98 0.91 0.80
0.53 0.52 0.51 0.50 0.50 0.49 0.49 0.48 0.48 0.48 0.48 0.47 0.48 0.49 0.49 0.49 0.49 0.49 0.50 0.50 0.51 0.52 0.53 0.54 0.55 0.56 0.56 0.56 0.54 0.50 0.48 0.47 0.48 0.52 0.57 0.60 0.60 0.59 0.59 0.60 0.62 0.64 0.69 0.75 0.79 0.79 0.76 0.73 0.70 0.67 0.66 0.67 0.68 0.70 0.70 0.69 0.67 0.66 0.64 0.65 0.72 0.78 0.82 0.83 0.80 0.74 0.70 0.68 0.68 0.67 0.65 0.66 0.71 0.76 0.75 0.68 0.58 0.54 0.58 0.70 0.87 0.99 1.04 1.01
0.52 0.51 0.50 0.50 0.49 0.49 0.48 0.49 0.48 0.48 0.48 0.47 0.47 0.48 0.49 0.49 0.49 0.50 0.50 0.50 0.51 0.52 0.53 0.54 0.56 0.58 0.60 0.61 0.59 0.53 0.46 0.44 0.44 0.49 0.56 0.62 0.65 0.64 0.60 0.58 0.60 0.63 0.68 0.73 0.76 0.76 0.75 0.73 0.72 0.71 0.70 0.69 0.66 0.65 0.67 0.70 0.71 0.69 0.63 0.59 0.65 0.78 0.89 0.93 0.88 0.78 0.69 0.66 0.67 0.67 0.64 0.65 0.71 0.74 0.74 0.73 0.66 0.54 0.52 0.61 0.77 0.94 1.06 1.14
0.52 0.51 0.50 0.49 0.49 0.48 0.48 0.48 0.48 0.48 0.48 0.48 0.47 0.47 0.48 0.48 0.49 0.50 0.50 0.51 0.51 0.52 0.54 0.55 0.57 0.59 0.63 0.68 0.67 0.61 0.53 0.46 0.41 0.41 0.47 0.57 0.66 0.70 0.67 0.62 0.62 0.63 0.65 0.69 0.73 0.77 0.82 0.82 0.79 0.79 0.78 0.75 0.70 0.66 0.67 0.71 0.74 0.73 0.69 0.67 0.71 0.77 0.81 0.84 0.86 0.83 0.77 0.73 0.74 0.76 0.74 0.72 0.70 0.70 0.72 0.77 0.79 0.68 0.55 0.57 0.66 0.77 0.90 1.04
0.52 0.51 0.50 0.49 0.49 0.48 0.48 0.48 0.48 0.48 0.48 0.48 0.48 0.47 0.47 0.48 0.49 0.50 0.51 0.52 0.52 0.53 0.54 0.55 0.57 0.60 0.63 0.71 0.75 0.73 0.66 0.56 0.46 0.40 0.39 0.44 0.56 0.69 0.71 0.66 0.64 0.65 0.67 0.71 0.77 0.83 0.89 0.93 0.89 0.83 0.83 0.87 0.85 0.80 0.76 0.74 0.78 0.83 0.84 0.84 0.83 0.77 0.69 0.66 0.70 0.74 0.75 0.75 0.77 0.81 0.81 0.77 0.72 0.69 0.69 0.72 0.81 0.83 0.70 0.58 0.56 0.62 0.72 0.84
0.51 0.51 0.50 0.49 0.48 0.48 0.48 0.48 0.48 0.48 0.48 0.48 0.48 0.48 0.48 0.48 0.49 0.50 0.51 0.52 0.53 0.53 0.54 0.55 0.57 0.60 0.64 0.73 0.82 0.86 0.84 0.74 0.61 0.52 0.46 0.45 0.54 0.67 0.75 0.75 0.74 0.76 0.77 0.78 0.81 0.85 0.89 0.95 0.98 0.93 0.92 0.97 0.99 0.95 0.87 0.80 0.83 0.91 0.92 0.88 0.86 0.83 0.77 0.68 0.66 0.70 0.72 0.75 0.78 0.81 0.84 0.85 0.81 0.74 0.67 0.64 0.68 0.78 0.76 0.62 0.53 0.54 0.61 0.67
0.50 0.50 0.49 0.49 0.48 0.47 0.47 0.47 0.47 0.47 0.48 0.48 0.48 0.49 0.48 0.48 0.49 0.50 0.50 0.51 0.52 0.53 0.54 0.55 0.56 0.58 0.62 0.69 0.79 0.89 0.96 0.95 0.84 0.70 0.64 0.66 0.70 0.78 0.84 0.87 0.90 0.92 0.92 0.91 0.89 0.89 0.91 0.97 1.06 1.12 1.11 1.10 1.10 1.08 1.01 0.92 0.87 0.87 0.88 0.83 0.76 0.75 0.77 0.72 0.66 0.65 0.68 0.74 0.77 0.76 0.77 0.81 0.82 0.77 0.70 0.67 0.68 0.73 0.74 0.63 0.52 0.48 0.50 0.54
0.50 0.49 0.49 0.49 0.48 0.47 0.47 0.47 0.47 0.47 0.47 0.48 0.49 0.49 0.49 0.49 0.49 0.50 0.50 0.51 0.52 0.53 0.54 0.55 0.56 0.56 0.57 0.60 0.66 0.72 0.80 0.91 0.93 0.87 0.83 0.82 0.84 0.86 0.90 0.93 0.94 0.96 0.97 0.97 0.95 0.93 0.93 0.96 1.00 1.06 1.10 1.09 1.09 1.10 1.06 0.97 0.85 0.77 0.77 0.78 0.69 0.62 0.65 0.67 0.63 0.60 0.62 0.66 0.70 0.68 0.63 0.63 0.67 0.71 0.74 0.77 0.78 0.80 0.82 0.74 0.58 0.50 0.47 0.49
0.50 0.49 0.48 0.48 0.48 0.47 0.47 0.47 0.47 0.48 0.48 0.48 0.48 0.49 0.49 0.49 0.49 0.49 0.50 0.51 0.52 0.53 0.54 0.55 0.55 0.56 0.56 0.57 0.60 0.63 0.69 0.78 0.87 0.89 0.84 0.80 0.81 0.84 0.88 0.90 0.88 0.85 0.83 0.84 0.86 0.86 0.85 0.82 0.79 0.78 0.79 0.82 0.87 0.95 0.98 0.94 0.88 0.79 0.71 0.71 0.69 0.63 0.64 0.68 0.65 0.59 0.59 0.63 0.67 0.67 0.59 0.55 0.60 0.68 0.76 0.81 0.82 0.85 0.90 0.88 0.76 0.62 0.53 0.49
0.49 0.48 0.47 0.47 0.48 0.47 0.46 0.47 0.47 0.47 0.48 0.48 0.49 0.49 0.50 0.50 0.50 0.49 0.49 0.50 0.51 0.52 0.53 0.55 0.55 0.54 0.55 0.58 0.63 0.71 0.80 0.86 0.88 0.87 0.78 0.70 0.73 0.77 0.77 0.76 0.76 0.73 0.72 0.72 0.73 0.73 0.72 0.69 0.66 0.64 0.63 0.64 0.69 0.79 0.90 0.91 0.92 0.92 0.84 0.73 0.65 0.62 0.67 0.76 0.76 0.65 0.60 0.65 0.73 0.76 0.69 0.67 0.72 0.76 0.78 0.79 0.83 0.88 0.94 0.95 0.88 0.74 0.61 0.53
0.48 0.48 0.47 0.46 0.46 0.46 0.46 0.46 0.47 0.47 0.47 0.48 0.49 0.49 0.50 0.50 0.50 0.50 0.50 0.50 0.51 0.51 0.52 0.54 0.55 0.55 0.55 0.57 0.62 0.70 0.78 0.84 0.87 0.89 0.83 0.69 0.69 0.72 0.72 0.70 0.71 0.71 0.69 0.68 0.66 0.64 0.63 0.61 0.60 0.60 0.61 0.60 0.60 0.64 0.75 0.79 0.80 0.87 0.94 0.90 0.75 0.65 0.70 0.82 0.89 0.79 0.64 0.60 0.67 0.81 0.86 0.87 0.85 0.82 0.79 0.80 0.84 0.90 0.99 1.06 1.03 0.88 0.74 0.62
0.47 0.47 0.47 0.47 0.46 0.46 0.46 0.46 0.47 0.47 0.47 0.48 0.48 0.49 0.50 0.50 0.50 0.51 0.51 0.51 0.51 0.51 0.51 0.52 0.54 0.55 0.55 0.55 0.55 0.57 0.61 0.70 0.78 0.88 0.92 0.84 0.74 0.71 0.73 0.72 0.72 0.69 0.65 0.62 0.59 0.56 0.55 0.55 0.56 0.57 0.58 0.58 0.56 0.56 0.60 0.64 0.64 0.67 0.80 0.94 0.89 0.76 0.72 0.79 0.92 0.91 0.75 0.59 0.60 0.75 0.89 0.92 0.86 0.80 0.76 0.75 0.76 0.79 0.85 0.99 1.11 1.09 0.96 0.80
0.46 0.46 0.46 0.47 0.47 0.46 0.46 0.47 0.47 0.48 0.47 0.48 0.48 0.49 0.49 0.50 0.50 0.51 0.51 0.51 0.52 0.52 0.51 0.51 0.51 0.52 0.53 0.53 0.52 0.50 0.53 0.61 0.73 0.83 0.92 0.93 0.82 0.72 0.69 0.68 0.66 0.65 0.62 0.59 0.59 0.57 0.55 0.56 0.58 0.60 0.61 0.61 0.61 0.60 0.61 0.64 0.64 0.61 0.64 0.79 0.85 0.75 0.67 0.70 0.85 0.97 0.91 0.74 0.67 0.68 0.72 0.76 0.76 0.72 0.69 0.68 0.66 0.61 0.57 0.65 0.88 1.04 1.06 0.95
0.45 0.44 0.44 0.46 0.46 0.46 0.46 0.46 0.47 0.48 0.48 0.48 0.48 0.49 0.49 0.50 0.50 0.51 0.51 0.51 0.51 0.51 0.51 0.51 0.50 0.50 0.51 0.52 0.52 0.53 0.56 0.61 0.68 0.74 0.79 0.84 0.82 0.75 0.68 0.62 0.59 0.60 0.63 0.63 0.63 0.64 0.62 0.62 0.62 0.62 0.64 0.66 0.69 0.70 0.70 0.71 0.72 0.70 0.68 0.75 0.82 0.74 0.64 0.63 0.73 0.92 0.99 0.91 0.79 0.66 0.57 0.57 0.59 0.62 0.66 0.67 0.64 0.61 0.56 0.53 0.60 0.76 0.93 0.99
0.44 0.43 0.43 0.44 0.45 0.46 0.46 0.46 0.47 0.47 0.48 0.48 0.49 0.49 0.50 0.50 0.50 0.51 0.51 0.51 0.51 0.51 0.51 0.51 0.51 0.51 0.51 0.52 0.55 0.59 0.61 0.61 0.61 0.63 0.68 0.71 0.72 0.72 0.69 0.64 0.62 0.62 0.64 0.67 0.67 0.67 0.67 0.67 0.68 0.67 0.66 0.68 0.73 0.75 0.73 0.73 0.77 0.81 0.82 0.84 0.88 0.82 0.70 0.63 0.64 0.75 0.89 0.90 0.81 0.70 0.61 0.58 0.61 0.67 0.70 0.67 0.65 0.71 0.75 0.67 0.58 0.63 0.79 0.96
