windninja/windninja_output/Output_2025-08-24_0400-0450_Google earth_Fire_150m_10min/merlingen_7.5mi_point_08-24-2025_0450_150m_ang.asc
ncols	158
nrows	163
xllcorner	391686.332397
yllcorner	5160024.123721
cellsize	150.000000
NODATA_value	-32768.000000
[rows 42 to 83 of 163, columns 0 to 93 of 158]
249 249 246 244 243 242 241 240 239 238 237 237 237 236 236 236 235 235 235 235 235 234 234 234 234 233 233 234 234 236 238 237 235 231 225 221 223 227 227 226 225 226 225 225 225 222 222 223 224 227 234 234 228 225 230 233 231 230 234 236 234 230 229 229 229 231 232 232 229 225 223 226 226 218 220 224 211 198 202 214 221 222 225 229 230 227 222 220 224 226 229 232 235 238
248 248 246 244 243 242 241 240 239 238 237 237 237 236 236 236 235 235 235 235 235 234 234 234 234 234 234 234 234 236 237 236 233 229 223 220 222 225 224 225 227 229 230 230 227 224 225 228 231 234 239 236 228 224 229 233 232 231 234 237 237 236 235 232 230 231 228 227 224 217 215 219 219 214 217 217 207 199 204 214 220 223 227 231 230 224 221 224 227 229 230 231 236 240
248 247 246 244 243 242 241 240 239 238 238 237 237 236 236 236 235 235 235 235 235 234 234 234 234 234 234 234 234 235 236 235 233 229 225 223 227 230 229 229 230 232 234 233 228 226 229 231 234 235 235 232 225 223 226 230 231 231 233 236 237 237 237 236 236 234 230 226 220 214 214 217 218 216 217 215 207 202 208 217 222 224 228 231 229 224 224 227 230 232 233 234 241 244
247 246 245 245 243 242 241 240 239 238 238 237 237 236 236 236 235 235 235 235 235 234 234 234 235 235 235 235 235 234 235 234 233 230 227 228 232 234 233 232 231 234 237 234 226 225 230 233 235 234 232 230 227 225 228 231 231 233 235 235 235 235 235 236 238 237 233 228 221 219 222 223 224 223 221 217 208 204 210 218 222 226 231 233 230 226 226 229 232 234 235 238 245 244
246 246 245 244 243 243 242 241 240 239 238 237 237 236 236 236 236 236 236 235 235 235 235 235 235 235 235 235 235 235 235 235 234 231 230 231 234 235 234 233 233 237 237 232 225 228 232 235 236 233 231 230 228 228 230 232 233 235 237 235 233 233 234 234 236 236 233 230 224 223 228 229 229 228 224 219 210 205 211 219 225 230 235 235 231 228 229 229 230 233 236 241 244 242
246 246 245 244 243 244 243 242 240 239 239 238 237 237 237 236 236 236 236 236 236 235 235 235 236 236 235 235 235 235 235 235 235 234 233 233 234 235 235 235 236 238 236 229 226 231 236 238 235 230 229 228 227 229 229 230 233 236 238 236 231 233 236 237 238 237 234 230 225 225 228 230 231 229 225 220 213 210 217 226 233 236 236 234 231 229 230 230 231 233 235 239 240 237
246 245 245 243 243 244 245 243 241 240 240 239 238 237 237 237 237 237 236 236 236 236 236 236 236 236 235 235 235 235 235 235 236 235 235 234 236 236 237 238 239 239 235 229 228 234 238 237 232 228 226 227 229 232 230 231 235 236 236 232 229 235 239 240 241 239 234 230 227 227 229 230 231 229 225 221 217 217 223 230 234 235 234 231 228 227 228 228 229 231 234 236 237 234
246 245 244 242 243 245 245 244 243 241 240 239 238 238 238 238 237 237 237 237 236 236 236 236 236 236 236 235 235 236 236 236 236 235 235 234 235 237 237 238 239 240 236 232 233 238 239 234 230 225 223 226 230 231 230 232 236 238 235 229 229 235 240 242 242 239 234 230 228 228 229 229 229 227 224 221 218 218 222 228 231 232 231 228 226 226 225 225 227 229 231 234 235 234
247 246 243 241 243 245 244 244 243 242 241 240 239 238 238 238 238 237 237 237 237 237 236 236 236 236 236 236 236 236 236 236 236 236 236 235 236 237 237 237 238 238 237 234 238 241 239 233 230 227 226 230 231 229 229 233 237 237 232 229 231 236 241 245 243 237 233 230 229 230 230 230 228 226 224 221 219 218 222 226 229 230 229 227 226 226 225 225 228 230 230 232 233 234
248 246 242 242 244 243 243 243 243 243 241 240 240 239 239 238 238 238 237 237 237 237 237 237 237 236 236 236 236 236 236 236 236 236 236 237 238 239 238 237 237 239 238 236 240 242 237 231 230 229 230 233 234 232 233 237 239 235 231 230 232 236 244 247 243 235 231 228 228 229 230 230 227 225 224 223 220 219 222 226 228 230 231 230 228 227 228 229 231 231 230 232 233 234
250 247 243 243 246 245 242 243 243 242 241 241 240 240 239 239 239 238 238 238 238 237 237 237 237 237 236 236 237 237 237 237 237 237 237 237 238 239 239 237 238 240 240 238 239 240 234 227 227 227 226 228 230 232 237 242 240 234 230 230 233 237 245 247 241 232 228 226 227 228 228 227 225 224 225 225 223 222 224 227 227 230 233 234 234 234 233 233 233 232 231 232 232 232
248 246 244 244 246 245 242 243 243 242 242 242 241 240 240 240 239 239 239 239 238 238 238 238 237 237 237 237 237 237 237 237 237 237 237 238 238 238 239 238 238 241 240 238 237 237 231 223 224 225 224 226 229 233 240 243 237 231 230 232 234 239 246 246 237 229 224 223 225 227 225 223 222 223 225 226 224 225 230 230 228 229 231 231 234 237 237 234 233 232 232 231 229 228
244 245 245 245 246 244 241 242 243 243 243 243 242 241 241 240 240 239 239 239 239 239 238 238 238 238 237 237 237 237 237 237 237 238 238 238 238 238 239 239 240 242 241 239 237 236 229 223 226 227 225 229 232 236 242 241 232 227 229 231 234 239 246 244 234 224 219 217 221 223 221 221 222 225 226 226 224 227 231 230 228 229 229 227 228 232 235 235 233 231 231 230 228 227
243 244 245 247 248 247 244 243 242 242 243 244 244 243 242 241 241 240 240 239 239 239 239 239 238 238 238 238 238 238 238 238 238 238 238 238 238 238 239 240 242 244 243 241 239 237 232 228 228 226 225 231 233 237 243 238 227 225 229 232 234 239 242 240 231 221 216 215 219 221 220 222 225 227 226 225 224 227 230 228 226 227 227 226 225 227 227 228 230 231 233 233 230 230
245 245 245 245 248 249 248 246 244 244 243 243 245 245 244 242 242 241 241 240 240 240 239 239 239 239 238 238 238 238 238 238 238 238 238 238 238 239 239 240 241 243 243 241 239 238 235 232 230 226 225 233 234 239 243 235 224 225 230 233 236 239 240 238 230 221 217 217 221 223 223 224 225 225 225 224 224 227 228 226 225 227 227 226 225 225 224 223 225 230 236 239 236 233
246 246 245 243 243 246 247 247 246 246 243 241 243 245 245 244 243 242 242 241 241 240 240 240 239 239 239 239 239 239 239 238 238 238 239 239 239 239 239 239 240 240 241 240 240 240 239 238 234 227 226 235 237 242 243 233 222 225 231 234 237 239 240 237 230 221 216 217 221 223 223 224 224 223 223 221 222 225 225 223 223 225 227 227 228 229 228 226 225 227 233 236 232 231
245 245 245 244 243 243 245 246 248 248 244 240 240 243 246 247 245 243 242 242 242 241 241 240 240 239 239 239 239 239 239 239 239 239 239 239 239 239 239 239 239 240 240 240 241 242 242 243 241 233 230 237 240 243 242 231 223 228 234 236 237 238 238 236 230 222 216 214 216 220 222 223 224 223 222 221 222 224 222 220 220 223 226 227 229 231 230 230 228 228 232 233 230 233
245 245 245 245 245 245 245 246 248 250 247 243 241 242 244 246 247 246 244 243 242 242 242 241 240 240 240 240 240 239 239 239 239 239 239 239 239 239 239 239 239 240 240 240 240 241 241 242 243 240 235 239 243 244 241 232 227 234 239 239 238 237 237 235 231 223 216 210 213 220 223 223 224 223 221 221 223 223 221 220 221 223 225 225 226 228 229 230 230 233 238 238 235 237
245 245 245 245 246 246 247 247 249 249 248 245 242 242 241 242 245 247 246 244 243 242 242 241 241 240 240 240 240 240 240 240 240 240 239 239 239 239 239 239 240 240 240 240 240 240 240 241 242 242 241 245 247 245 240 232 232 239 241 240 239 238 238 236 231 225 217 209 215 223 224 223 224 224 221 221 223 223 222 222 223 225 226 225 225 226 228 230 234 239 241 238 235 233
245 245 245 245 245 246 247 248 249 248 248 246 245 243 240 240 242 245 247 246 245 244 243 242 241 241 241 241 241 241 240 240 240 240 240 240 240 240 240 240 240 240 240 240 240 240 240 241 242 243 244 249 252 248 241 236 239 243 243 242 240 239 238 236 232 227 218 211 218 225 224 224 225 224 221 222 224 222 221 222 223 225 227 227 228 229 231 233 238 242 238 235 232 228
246 246 247 247 246 246 247 248 248 248 248 248 248 246 242 240 240 242 244 246 246 246 244 243 242 242 242 242 241 241 241 241 240 240 240 240 240 240 240 240 240 240 240 240 240 240 241 241 241 242 243 248 253 251 243 240 245 246 244 243 241 239 238 235 232 227 218 214 221 224 224 225 226 223 221 222 223 222 221 222 223 225 227 229 231 233 238 241 242 240 235 233 231 228
248 248 249 249 248 248 248 248 248 248 248 249 249 248 245 243 241 240 241 243 246 246 245 243 242 242 243 242 242 242 241 241 241 241 241 240 240 240 240 240 240 240 240 240 240 240 241 241 241 242 243 246 251 249 241 241 245 246 244 242 238 236 235 235 235 231 222 221 223 223 223 225 226 223 220 221 221 221 220 220 222 224 226 229 231 235 242 245 245 239 232 232 230 228
250 250 250 250 251 251 251 250 249 248 248 250 249 248 247 245 243 240 239 241 243 244 245 245 243 243 243 243 242 242 242 242 241 241 241 241 241 241 240 240 240 240 240 240 240 241 241 241 242 242 243 246 250 249 243 241 245 245 243 241 237 233 234 239 242 237 228 225 224 223 223 225 226 222 219 219 219 218 216 217 220 223 225 228 232 239 243 243 240 233 229 229 228 229
248 248 248 249 250 251 251 251 251 251 250 251 251 249 248 248 246 243 240 240 241 242 244 245 245 245 244 243 243 243 243 242 242 242 241 241 241 241 241 241 241 240 241 241 241 241 241 241 242 242 244 246 250 251 248 246 247 244 242 241 236 231 234 239 238 233 227 225 223 223 223 226 227 223 218 217 217 215 213 216 221 224 227 229 234 242 243 239 232 226 226 227 228 229
243 243 245 248 250 251 249 248 249 250 252 251 250 250 249 248 247 246 243 241 239 238 240 243 245 246 245 244 243 243 243 243 242 242 242 242 241 241 241 241 241 241 241 241 241 241 241 241 242 242 243 245 248 250 251 254 254 248 244 240 232 225 230 234 232 229 226 223 223 224 225 227 227 222 217 215 215 214 213 216 221 224 226 227 233 239 239 233 227 225 224 225 227 229
233 236 239 241 246 250 247 245 247 250 252 251 248 248 249 249 248 247 246 244 240 237 238 240 241 244 246 246 246 245 244 243 243 243 242 242 242 242 242 241 241 241 241 241 241 241 241 242 242 242 243 244 246 248 251 256 260 257 250 243 232 225 232 234 232 229 226 224 225 226 226 228 228 222 217 215 214 212 211 214 218 221 224 226 234 241 237 229 226 225 223 224 227 229
222 231 234 235 238 241 238 237 243 248 250 249 247 247 246 247 248 248 248 247 244 240 239 238 238 239 242 247 249 248 247 245 244 244 243 243 242 242 242 242 242 241 241 241 241 241 241 242 242 242 243 244 245 246 248 252 256 259 256 249 240 237 241 240 236 231 227 225 225 225 226 228 229 224 218 217 214 210 209 214 218 223 229 232 244 247 237 226 225 224 224 225 228 230
229 239 243 240 240 238 232 229 238 242 241 238 238 239 239 240 244 247 248 247 246 245 243 241 237 235 239 245 248 249 249 247 246 245 244 243 243 243 242 242 242 242 242 241 241 241 242 242 242 242 243 243 244 245 246 248 250 252 253 251 247 248 250 248 242 236 232 229 226 225 225 229 230 223 218 218 216 212 211 217 224 230 235 239 252 249 233 225 225 223 223 224 227 229
243 251 260 261 257 250 241 237 243 244 240 235 234 234 234 235 238 242 245 246 247 246 246 246 239 234 239 243 245 247 248 249 248 247 245 244 244 243 243 242 242 242 242 242 242 242 242 242 242 242 243 243 243 244 245 245 246 247 248 248 248 250 254 255 252 248 243 237 232 228 226 230 229 221 217 219 218 215 214 220 229 235 238 246 253 246 230 225 224 223 222 223 225 225
247 252 261 267 266 262 258 258 260 256 248 245 244 242 240 238 238 239 240 241 244 246 247 246 240 235 238 240 241 242 245 247 249 249 247 246 245 244 243 243 243 242 242 242 242 242 242 242 242 242 242 243 243 243 244 244 244 245 245 245 246 247 249 252 254 255 254 251 244 236 232 234 231 221 218 220 220 217 216 224 232 237 243 252 251 237 224 223 223 224 223 223 224 222
250 253 259 262 264 263 264 267 268 263 255 255 255 252 250 247 245 243 241 239 240 243 245 244 240 237 240 241 240 240 241 243 246 248 248 247 246 245 244 243 243 243 243 242 242 242 242 242 242 242 242 243 243 243 243 243 243 244 244 244 244 244 245 246 248 250 252 253 252 250 248 245 237 227 223 224 224 221 218 225 234 241 248 253 245 227 220 221 225 225 224 225 227 225
253 256 260 262 263 264 264 266 267 262 257 256 255 254 253 251 250 249 247 243 242 241 242 242 240 238 242 243 241 240 240 240 242 245 247 247 247 246 245 244 244 243 243 243 243 243 242 242 242 242 242 243 243 243 243 243 243 243 243 243 243 243 243 244 244 245 245 247 249 253 257 256 247 235 230 229 229 225 220 225 235 244 252 249 236 223 220 222 226 226 223 224 228 231
256 259 263 265 266 266 266 266 264 262 260 257 255 254 253 252 251 251 250 248 247 246 244 243 241 239 241 242 242 242 240 240 241 242 243 244 245 246 246 245 244 243 243 243 243 243 243 243 243 243 243 243 243 243 243 242 242 242 242 242 242 242 242 242 242 242 242 243 245 247 249 251 248 240 235 233 230 225 221 226 238 246 249 241 228 222 221 223 226 225 224 221 221 227
258 260 265 269 271 270 270 268 265 263 262 260 257 256 255 253 252 251 250 250 249 249 247 246 244 242 242 243 243 242 241 241 241 242 243 243 244 245 246 245 244 244 243 243 243 243 243 243 243 243 243 243 243 243 242 242 242 242 242 242 242 242 242 242 242 241 242 242 243 243 242 242 242 241 238 236 230 223 221 229 242 247 243 233 224 220 221 224 226 229 231 224 221 232
258 260 265 271 275 276 275 273 270 266 264 262 260 258 257 255 254 252 251 250 249 249 248 247 245 243 245 247 245 243 242 242 243 244 245 245 246 247 246 245 245 244 244 244 244 244 243 243 243 243 243 243 243 243 243 242 242 242 242 242 242 241 241 241 241 241 241 241 241 241 240 239 240 240 240 238 231 223 222 235 245 245 239 231 226 225 227 229 231 237 240 237 237 240
259 260 263 269 277 281 281 278 275 272 268 264 261 260 259 257 255 254 253 251 250 249 249 247 244 242 246 250 249 246 244 243 243 243 244 245 246 247 247 246 245 244 244 244 244 244 244 244 244 244 244 243 243 243 243 242 242 242 242 242 241 241 241 241 241 241 241 240 240 240 239 239 239 239 238 238 234 225 227 241 246 241 235 232 232 235 238 236 237 239 237 233 236 238
261 260 257 264 278 285 286 285 281 278 272 266 263 261 259 258 257 256 254 252 251 250 250 248 243 241 246 249 250 248 244 243 242 242 243 243 243 245 246 247 246 245 244 244 244 244 244 245 245 245 244 244 244 243 243 243 242 242 242 242 241 241 241 241 241 240 240 240 240 239 239 238 238 238 237 237 234 228 233 244 244 234 229 230 229 230 232 232 232 232 231 230 232 234
259 255 249 254 269 283 289 289 286 283 275 267 263 261 260 258 257 256 255 253 252 251 251 249 243 242 245 247 247 246 244 244 242 242 244 243 242 242 244 247 247 246 246 246 245 245 246 246 246 246 246 245 244 244 243 243 242 242 242 241 241 241 241 241 240 240 240 240 239 239 239 238 238 237 236 236 234 231 235 243 238 228 224 223 222 222 225 229 232 233 233 233 233 231
251 248 244 249 258 271 285 285 283 281 274 266 262 261 260 259 258 257 255 254 253 252 252 249 245 245 247 246 245 245 245 245 243 242 242 242 241 240 242 244 245 246 247 248 247 247 247 248 249 249 248 247 245 244 243 243 242 242 242 242 241 241 241 241 240 240 240 240 239 239 238 238 237 237 236 235 234 232 234 236 229 222 220 219 219 222 229 234 235 236 235 235 234 231
249 250 252 257 265 269 264 261 266 266 264 261 260 260 260 259 258 257 256 255 254 253 252 250 246 247 249 248 246 245 246 246 245 242 241 240 239 239 240 241 240 241 245 248 250 251 251 251 253 255 254 250 247 245 244 243 243 242 242 242 241 241 241 241 240 240 240 240 239 239 238 238 237 237 236 235 234 231 230 226 217 216 219 219 221 228 237 238 236 235 235 234 233 230
260 261 263 269 272 264 251 246 248 250 252 255 258 259 259 259 258 258 257 257 256 255 253 251 248 248 251 250 248 247 247 248 249 248 246 242 240 239 241 240 238 237 239 241 244 246 247 247 249 252 253 252 249 246 244 243 243 243 242 242 242 241 241 241 241 240 240 240 239 239 238 238 237 237 236 235 234 231 228 221 210 210 217 221 226 236 240 239 236 235 234 233 232 228
261 261 263 266 263 254 249 245 244 245 248 253 257 258 259 258 258 259 259 259 259 257 255 253 250 250 250 250 248 247 247 248 248 250 250 248 246 243 242 241 239 237 236 237 237 237 238 239 241 241 241 243 245 245 244 243 243 243 243 242 242 242 241 241 241 240 240 240 239 239 238 238 237 237 236 235 234 232 228 222 208 205 213 220 232 242 243 240 237 236 235 234 232 229
