windninja/windninja_output/Output_2025-08-24_0400-0450_Google earth_Fire_150m_10min/merlingen_7.5mi_point_08-24-2025_0420_150m_ang.asc
ncols	158
nrows	163
xllcorner	391686.332397
yllcorner	5160024.123721
cellsize	150.000000
NODATA_value	-32768.000000
[rows 0 to 41 of 163, columns 0 to 93 of 158]
209 208 207 205 205 206 206 204 204 204 204 203 202 204 209 216 222 221 217 217 209 199 198 201 205 207 206 203 202 203 203 204 206 205 204 207 210 211 210 208 205 205 206 206 206 206 208 205 198 195 195 194 195 196 197 198 199 199 199 197 196 197 197 196 194 194 196 197 198 197 196 196 196 196 195 196 198 199 198 196 197 197 198 200 201 200 199 200 201 200 200 200 198 198
210 209 207 206 206 208 207 207 207 207 204 201 200 203 208 213 214 211 209 209 204 195 195 201 206 207 205 202 202 204 205 205 206 205 204 206 208 207 205 204 202 202 203 203 202 202 202 200 195 194 195 196 197 199 200 200 199 198 198 198 196 196 196 195 194 194 196 198 198 197 196 196 196 195 195 196 198 199 197 195 197 198 199 201 202 200 197 199 201 201 200 200 200 199
209 209 207 206 208 208 208 209 209 205 200 196 196 200 206 209 208 204 203 203 200 193 190 198 206 207 205 203 204 206 207 207 206 204 203 203 203 202 201 200 199 199 199 199 198 197 197 196 195 194 194 196 199 201 201 199 197 197 197 198 196 195 195 195 194 195 197 199 199 197 196 196 196 195 195 196 197 198 197 195 196 199 200 201 201 198 194 196 200 201 200 199 198 197
204 206 207 206 207 206 205 204 201 198 196 194 195 199 203 207 206 204 204 204 202 196 190 193 201 204 204 202 202 203 205 205 204 202 200 200 201 202 201 198 197 196 196 195 195 194 194 196 196 195 194 195 197 199 198 197 197 197 197 198 196 195 195 195 195 195 196 198 199 198 197 196 196 195 196 196 196 198 199 197 195 199 201 199 199 197 192 192 196 197 198 197 195 193
199 204 207 206 207 204 201 199 198 198 198 195 194 198 202 206 207 207 207 208 206 200 191 188 194 199 200 200 199 200 201 202 202 200 199 199 200 200 198 195 194 193 193 193 193 194 195 196 196 196 197 197 197 198 199 198 198 197 197 197 197 196 196 196 196 195 196 198 200 199 198 198 197 196 197 198 197 197 199 199 197 198 200 198 198 198 191 188 189 191 194 195 192 189
200 203 206 206 206 204 200 200 201 202 201 197 194 197 202 206 210 211 211 211 210 204 194 185 188 194 197 199 198 198 199 200 200 199 198 198 197 195 194 193 192 191 192 193 195 196 197 197 197 198 199 199 199 199 200 199 198 197 196 196 196 196 196 196 196 195 196 198 199 199 199 199 197 195 196 198 198 197 198 201 201 199 198 197 198 199 195 186 183 184 187 189 189 186
204 205 205 206 206 204 203 203 204 203 201 197 194 197 204 207 210 212 211 210 209 207 198 186 183 190 195 197 198 198 198 198 199 199 198 197 194 193 194 194 193 194 195 197 198 199 199 199 199 199 200 200 200 200 200 200 199 197 196 195 194 194 195 196 196 195 195 197 198 197 197 198 196 194 194 196 197 197 198 201 201 198 196 197 198 201 199 191 182 178 178 181 185 185
206 206 205 206 207 207 207 208 207 204 200 196 193 196 204 208 208 210 209 208 208 207 202 191 183 186 192 194 195 197 198 198 199 199 199 197 196 196 197 197 198 198 199 200 200 200 200 200 200 200 200 200 199 200 201 200 198 196 194 192 191 192 194 196 197 197 196 196 197 196 195 196 197 196 194 195 198 200 200 200 200 197 194 195 197 198 198 194 187 178 172 175 180 185
207 208 208 207 209 210 212 211 208 204 200 195 191 194 202 207 206 208 209 209 208 208 204 197 187 183 187 192 193 196 198 198 199 201 201 200 200 200 201 203 203 203 203 202 202 201 201 201 200 199 200 199 199 201 202 199 196 194 193 192 192 192 193 195 198 198 196 195 196 196 196 197 199 199 197 197 200 203 203 202 200 197 191 190 191 192 193 192 187 182 179 179 181 181
208 209 210 209 209 211 211 210 207 204 200 195 191 192 200 206 207 206 206 206 207 206 204 199 193 185 185 191 193 195 198 198 199 201 202 203 203 203 205 206 206 205 204 203 203 202 202 202 201 199 200 201 200 199 200 199 196 196 197 197 198 196 194 196 199 198 196 194 196 198 200 200 200 200 200 200 203 203 200 198 197 196 191 186 186 186 188 187 184 184 185 184 181 180
209 210 211 210 210 210 209 208 206 204 201 197 192 191 199 206 207 206 204 204 205 205 204 201 196 191 187 190 194 194 198 199 199 201 204 205 206 206 206 206 205 205 204 204 206 205 203 204 204 202 202 203 201 200 202 204 204 204 206 207 206 203 200 199 198 196 196 196 198 201 203 201 199 199 201 203 205 201 193 191 193 195 194 188 183 181 181 182 182 185 189 187 182 182
210 211 211 211 210 210 208 207 206 204 202 199 195 193 197 204 205 205 204 203 204 205 205 203 199 195 193 193 196 197 200 203 202 203 206 208 208 207 206 206 206 206 206 206 207 208 207 209 212 212 212 211 211 213 216 218 218 218 220 221 223 221 214 204 198 197 198 199 199 200 200 200 199 198 198 200 199 195 188 185 189 193 193 189 183 180 181 182 182 184 189 189 185 184
212 212 212 211 210 210 209 208 207 205 203 201 198 196 198 203 204 203 204 204 204 205 206 205 204 203 201 199 200 201 202 204 204 205 207 211 210 208 206 206 206 207 206 207 209 211 212 217 224 227 227 229 233 239 242 240 235 232 233 238 243 242 235 222 210 204 202 198 193 193 196 199 199 194 191 191 191 191 188 186 187 189 190 188 185 183 184 185 185 184 188 192 189 185
213 213 212 212 211 210 209 208 207 206 204 202 200 198 201 205 206 203 204 205 205 206 208 210 211 208 204 202 201 202 204 205 206 206 207 209 208 207 207 207 209 211 214 217 220 222 220 220 223 227 230 232 236 243 250 254 250 242 235 233 232 227 220 216 215 216 208 185 172 180 191 195 195 190 186 186 188 189 190 189 187 186 186 188 189 188 188 190 190 188 190 196 196 193
214 214 213 212 211 211 210 209 208 206 205 203 200 197 200 206 207 203 202 206 208 209 212 213 212 208 204 203 203 204 206 207 206 206 205 205 207 209 211 215 220 226 232 236 236 233 228 219 216 219 222 221 221 222 225 229 228 221 214 213 212 209 203 201 202 201 195 182 159 153 172 185 188 187 186 187 188 191 195 193 187 184 186 190 194 194 193 197 199 197 200 208 213 212
215 214 214 213 212 212 211 210 209 207 206 204 200 196 198 204 205 203 202 205 208 209 210 211 210 208 204 203 205 205 204 204 202 203 205 210 217 221 225 229 234 234 232 229 225 221 221 217 214 215 214 210 205 203 205 208 209 203 198 201 203 201 198 197 198 199 194 189 182 160 149 165 179 185 188 188 190 195 197 192 185 185 189 195 200 203 205 209 211 211 213 219 222 221
216 215 214 214 213 212 211 210 209 208 206 204 202 197 195 202 206 206 204 204 206 207 208 208 208 207 204 203 204 203 202 204 206 211 220 227 231 232 230 228 225 219 215 215 214 212 213 213 209 206 206 203 199 199 201 205 207 202 194 195 198 199 199 196 197 199 196 191 188 182 165 152 161 174 182 186 191 194 192 189 189 191 196 203 211 218 222 226 225 215 209 210 212 213
216 216 215 214 213 212 211 210 209 208 207 205 203 200 197 202 208 208 206 206 207 208 208 208 208 209 207 204 203 204 206 210 215 220 223 223 222 219 217 214 213 211 211 213 213 211 210 207 203 200 199 199 200 201 203 204 205 202 195 193 197 199 199 196 195 196 197 193 192 191 183 171 165 165 170 180 187 189 191 194 200 204 207 214 221 228 229 226 220 208 201 204 206 207
217 216 216 215 214 213 212 211 209 208 208 206 205 203 201 203 208 210 210 210 211 210 209 209 211 211 209 207 206 209 213 215 216 216 216 216 216 214 212 212 212 212 213 213 212 211 207 201 201 202 201 200 201 202 202 201 201 201 197 195 198 201 200 197 194 194 197 198 196 192 185 180 177 175 172 173 181 192 205 216 219 219 216 215 215 215 214 212 210 205 195 197 203 204
218 217 216 215 214 213 212 211 210 209 208 207 206 205 204 205 208 211 212 212 211 210 209 209 209 209 209 209 209 210 212 213 214 215 218 219 218 214 211 210 209 209 210 209 208 207 204 200 201 205 205 203 200 198 198 198 199 200 199 198 201 204 202 197 195 195 198 198 194 188 185 184 184 185 182 181 187 204 219 222 218 214 208 204 204 206 207 208 209 206 194 191 199 203
219 218 216 216 215 214 213 212 211 210 209 208 207 206 205 206 208 209 209 209 208 208 208 207 207 208 209 209 209 209 209 210 212 214 213 212 211 207 204 204 205 207 208 208 206 204 204 204 203 205 206 203 199 195 195 196 198 200 201 202 203 205 203 197 195 195 194 193 190 188 189 190 190 190 186 186 191 199 205 208 206 203 202 199 198 202 206 208 208 204 195 189 196 202
219 218 217 216 215 214 213 212 211 210 209 209 208 207 206 206 207 208 207 207 207 207 207 207 207 208 209 209 209 208 207 207 208 207 205 204 205 204 203 204 206 207 207 206 206 207 207 205 203 202 203 202 200 197 195 196 197 198 201 204 204 204 202 197 194 191 189 188 189 191 194 196 195 193 188 184 187 194 199 202 203 203 203 198 194 198 202 204 204 201 195 190 194 201
219 219 218 217 215 214 213 213 212 210 209 209 208 207 206 206 206 207 206 206 206 206 206 206 206 207 208 209 209 208 205 202 202 203 204 205 207 208 208 207 206 206 206 207 208 207 204 203 201 201 202 202 201 200 197 195 196 196 198 203 203 203 202 196 190 186 185 187 192 197 199 199 198 194 188 181 181 188 194 199 203 203 203 200 194 193 194 197 199 199 195 191 194 199
220 219 218 217 216 215 214 213 212 211 209 208 208 207 206 206 206 206 206 205 205 205 205 206 206 206 208 210 211 209 204 200 201 205 207 210 212 212 211 207 205 205 206 208 207 203 201 202 202 201 203 203 202 201 198 195 195 195 195 199 202 203 201 193 185 184 187 192 199 203 203 201 198 193 188 184 181 183 188 197 203 204 203 203 197 190 187 191 198 200 198 194 195 200
221 220 219 218 217 215 214 213 213 211 210 208 208 208 206 206 206 205 205 205 205 205 205 205 205 206 209 213 214 211 205 202 203 206 209 211 212 213 210 207 204 203 204 204 203 202 203 205 205 204 204 203 201 200 198 196 195 196 195 197 201 202 197 190 185 187 193 201 208 211 208 200 194 191 191 191 187 181 184 192 199 201 202 203 202 194 187 189 197 201 199 196 197 200
222 221 219 218 217 216 214 213 213 211 210 209 208 207 207 206 206 205 205 205 205 204 204 204 204 205 208 213 215 213 208 205 203 203 206 209 211 212 210 206 203 201 200 201 203 205 206 207 206 204 203 203 202 200 198 195 196 199 200 199 197 194 190 190 191 193 198 205 210 212 207 195 189 191 194 195 195 187 179 183 190 195 198 201 201 197 191 190 196 199 195 192 195 199
222 221 220 219 217 216 214 214 213 211 210 209 208 207 207 206 206 205 205 205 204 203 203 203 203 203 205 210 214 214 211 209 206 203 203 205 208 211 210 204 201 199 198 200 203 203 205 205 204 202 202 204 204 200 195 192 197 202 202 197 191 186 187 193 198 200 202 205 208 207 200 191 189 192 193 194 198 195 180 174 180 188 194 196 198 196 193 194 198 199 192 186 190 196
222 222 220 219 218 216 215 214 213 212 210 210 209 208 207 206 206 205 205 204 203 203 202 202 202 201 202 207 211 212 212 212 210 206 203 203 204 209 209 204 199 198 196 198 199 198 200 203 204 202 200 202 201 198 193 191 195 200 198 192 189 188 190 197 204 207 206 205 204 201 198 194 191 192 191 190 195 198 190 175 174 182 188 191 193 196 196 197 201 201 194 184 183 192
222 222 221 219 218 216 215 214 213 212 211 210 209 208 207 206 205 204 204 204 203 202 202 201 200 198 198 202 206 208 211 212 210 207 202 197 198 204 206 201 197 195 194 195 195 195 197 200 204 201 196 198 199 198 196 190 190 195 195 191 190 193 196 199 204 207 205 203 200 197 196 196 194 194 192 189 191 199 199 187 175 176 182 187 192 198 200 200 203 204 199 189 180 184
223 223 221 220 218 217 215 214 213 212 211 210 209 208 206 205 205 204 204 203 203 202 201 200 198 195 193 196 200 203 206 209 210 206 197 190 191 197 200 196 193 192 192 194 193 193 195 196 198 196 193 195 198 199 198 192 188 192 196 195 193 197 204 205 206 206 202 199 198 196 196 198 199 198 195 190 190 199 205 198 181 173 176 186 195 201 201 199 200 203 203 197 185 180
224 223 221 220 219 217 215 214 213 212 211 210 209 208 207 205 205 204 203 203 202 201 201 199 197 193 191 194 198 201 206 210 209 203 194 187 188 193 195 193 191 191 192 194 194 192 193 192 193 195 194 195 198 202 202 197 194 194 198 201 200 203 210 213 212 206 199 196 200 200 200 203 204 200 193 189 190 197 204 202 190 177 175 183 192 195 194 194 197 201 204 204 197 187
225 223 221 220 219 217 215 214 213 211 210 210 209 208 207 206 205 204 203 203 202 201 200 199 196 193 191 193 198 204 209 209 206 202 196 188 187 191 193 192 192 193 194 196 196 194 193 192 194 198 199 200 203 207 207 202 200 200 201 206 206 205 210 215 213 204 195 194 201 205 205 203 200 193 188 188 190 195 201 203 197 186 181 183 187 190 192 196 201 205 208 209 208 201
225 224 222 220 220 217 215 214 213 211 210 209 209 208 207 206 205 204 203 202 202 200 199 198 196 193 191 192 194 198 201 202 202 205 201 189 186 190 193 195 198 198 198 199 199 197 197 198 201 204 205 205 206 209 209 203 199 202 205 210 211 206 204 209 211 204 192 189 198 205 203 196 190 187 186 187 189 192 198 203 202 196 190 186 187 191 197 201 206 210 212 213 211 207
225 224 222 221 220 218 215 214 213 212 210 209 209 208 207 206 205 204 203 202 201 200 198 197 196 193 191 189 189 191 194 199 202 207 205 189 182 190 196 198 200 200 200 201 202 201 202 204 206 208 208 207 207 210 210 204 198 201 207 212 210 201 195 201 208 206 194 186 193 201 198 191 189 188 187 185 185 187 193 201 204 202 198 192 188 192 198 200 202 206 209 210 208 203
225 224 222 221 220 217 214 213 213 212 210 209 209 208 207 206 205 204 203 202 201 200 198 196 195 193 191 189 186 187 193 199 202 205 204 194 183 190 197 199 202 204 205 207 208 208 208 209 210 210 210 210 211 211 211 207 202 201 208 214 211 200 190 194 205 208 202 190 187 192 194 194 194 192 189 185 183 183 189 199 204 203 202 199 192 191 197 199 198 201 204 202 200 197
225 223 222 221 219 216 214 213 213 211 210 209 209 208 207 206 205 204 203 202 201 200 198 196 195 193 192 190 189 190 193 196 199 200 202 198 192 193 200 204 207 210 211 211 211 210 209 209 208 208 209 210 210 209 207 204 204 204 210 217 216 205 190 189 200 207 206 196 185 186 194 200 201 197 191 186 183 185 191 198 203 204 205 206 202 192 193 198 197 196 196 196 196 197
225 224 222 221 219 216 214 213 212 212 210 209 209 208 207 206 205 204 203 203 202 200 199 197 195 193 191 190 191 191 189 190 193 197 202 203 200 200 207 211 213 213 213 211 209 209 206 206 207 207 208 207 206 204 202 201 203 205 208 214 216 209 194 186 193 203 205 199 191 191 199 208 207 198 190 187 186 191 197 197 199 204 208 211 211 198 187 193 196 192 190 192 196 199
225 224 222 221 218 216 214 213 213 212 210 209 208 208 207 206 205 204 204 203 202 201 199 198 196 193 191 190 189 188 186 187 191 199 205 206 205 210 215 215 213 212 210 208 208 207 205 204 206 207 206 203 201 202 201 200 201 203 205 208 211 208 197 187 187 197 204 203 200 200 204 205 199 191 189 190 187 188 197 199 196 199 204 209 211 203 187 186 191 190 188 191 195 195
224 223 221 220 218 216 214 213 212 211 210 209 208 208 207 206 205 205 204 203 202 201 200 198 196 194 191 187 185 186 187 189 193 199 205 206 209 215 216 213 210 208 206 205 205 204 201 200 201 203 201 197 197 201 201 196 195 198 200 202 204 204 200 192 188 195 205 209 207 204 200 193 190 190 193 192 184 182 194 201 197 194 199 203 207 204 193 185 186 189 190 191 192 193
224 223 221 219 217 216 215 214 212 211 210 210 209 208 207 207 206 205 204 203 202 201 200 199 197 194 190 185 184 187 190 190 193 199 204 207 208 210 211 211 209 207 204 201 201 201 200 198 197 199 200 195 192 194 196 192 189 191 194 197 199 203 205 201 193 195 206 211 208 201 192 189 192 197 196 190 182 179 187 198 200 198 200 201 205 205 197 186 183 188 192 193 193 197
223 223 220 218 217 215 214 213 212 211 210 210 209 208 208 207 206 205 204 204 203 201 200 199 198 195 192 188 187 190 193 192 193 199 205 207 205 205 207 208 207 204 201 198 198 199 199 196 193 196 199 194 186 186 191 192 188 188 193 197 201 206 210 209 199 195 205 210 204 194 190 194 200 198 192 186 182 179 182 194 200 201 201 201 203 203 195 186 184 187 190 193 199 205
220 220 219 217 216 215 214 213 213 211 210 210 209 208 208 207 206 205 205 204 203 202 201 200 199 197 194 191 190 191 193 193 194 198 201 202 203 204 203 202 201 199 198 198 196 193 193 193 192 194 196 193 185 183 189 194 194 193 198 205 208 209 210 210 204 198 202 204 197 192 196 200 198 190 184 183 182 181 183 193 200 200 199 199 198 195 192 190 189 188 188 194 205 209
