windninja/windninja_output/Output_2025-08-24_0400-0450_Google earth_Fire_150m_10min/merlingen_7.5mi_point_08-24-2025_0440_150m_ang.asc
ncols	158
nrows	163
xllcorner	391686.332397
yllcorner	5160024.123721
cellsize	150.000000
NODATA_value	-32768.000000
[rows 0 to 41 of 163, columns 0 to 93 of 158]
222 223 222 219 218 220 219 217 217 217 216 214 211 212 218 225 234 235 235 237 231 216 212 214 219 222 221 217 216 217 217 219 221 220 218 223 227 228 229 226 222 222 223 224 226 227 230 228 218 213 212 210 211 212 213 214 214 215 216 215 213 213 213 212 210 209 210 213 215 215 214 213 213 212 212 212 214 216 217 215 214 214 215 218 220 218 215 216 218 216 215 216 215 214
223 223 221 220 220 221 220 220 221 221 218 212 208 211 217 223 227 226 226 228 223 212 210 214 219 221 219 216 217 219 219 220 220 219 219 222 223 223 222 220 219 220 220 220 220 220 221 220 215 214 214 213 214 215 215 215 215 214 215 215 214 213 213 212 210 210 212 214 215 215 213 213 213 212 212 212 214 216 215 213 213 214 216 218 219 218 214 216 218 217 217 217 217 216
221 222 220 219 222 222 221 222 223 220 214 207 205 209 216 221 221 218 219 220 216 209 207 213 219 219 217 217 219 220 221 221 220 219 219 220 219 217 217 216 216 216 215 216 215 214 214 213 212 212 213 214 216 218 217 215 214 213 214 214 213 212 211 211 211 211 213 215 216 214 212 212 212 211 212 212 213 214 214 212 211 214 216 216 217 215 211 212 216 217 218 217 216 215
216 219 219 218 220 219 217 217 215 212 208 203 204 209 215 220 220 218 219 219 216 212 206 208 215 217 216 215 215 216 218 219 220 219 218 217 217 218 217 215 213 212 212 213 212 211 211 211 211 210 210 211 212 214 214 213 214 214 214 214 212 211 211 212 211 211 213 215 217 215 213 212 213 213 214 213 212 214 215 213 209 212 215 214 216 215 208 207 210 211 213 214 212 210
211 216 218 218 219 217 214 214 214 211 208 204 203 208 215 221 222 221 221 221 219 216 208 203 210 213 212 212 211 211 213 215 216 216 215 215 216 216 215 212 210 209 209 210 210 210 211 211 211 211 211 211 212 213 214 214 214 214 214 214 213 212 212 212 212 211 212 216 218 216 214 214 215 214 214 214 215 216 216 214 211 213 215 213 215 216 209 204 205 205 207 209 207 204
213 216 218 218 218 216 215 216 216 214 211 207 204 209 217 221 224 224 224 224 223 221 213 203 206 211 211 211 210 210 210 212 213 212 212 213 213 211 210 209 208 208 209 210 211 212 213 212 212 213 213 213 214 215 216 215 215 214 213 213 213 212 212 212 212 212 212 215 217 215 214 216 215 213 212 214 215 216 216 215 215 215 215 214 215 217 213 206 203 202 203 204 203 199
218 218 219 219 218 217 217 218 217 215 212 208 205 210 220 223 224 224 223 222 223 223 217 206 205 210 212 213 212 210 210 211 212 212 211 210 209 208 209 209 209 210 212 213 214 215 215 214 214 213 213 214 214 215 216 216 215 214 213 212 211 209 210 211 212 212 212 215 216 213 212 213 213 210 209 211 213 214 213 214 216 215 213 214 216 218 217 212 207 202 200 202 203 201
219 219 220 220 221 221 221 221 219 216 213 208 204 210 220 223 222 222 222 220 221 222 218 211 205 206 211 212 211 211 212 213 214 214 213 212 211 211 212 212 213 214 215 216 217 217 216 216 215 214 214 214 214 214 216 216 215 214 212 210 208 207 208 210 211 212 212 214 214 211 210 212 212 210 209 211 214 215 213 213 217 215 211 212 214 215 215 213 209 204 201 204 207 207
219 220 221 222 223 225 226 224 220 217 214 209 204 208 218 222 221 221 221 221 221 221 219 214 206 201 206 211 211 212 215 216 215 216 217 217 216 216 217 218 219 219 219 219 218 218 217 217 216 214 214 215 214 215 217 216 213 212 211 209 209 209 208 210 212 213 212 212 212 211 212 214 215 214 212 213 216 217 214 215 218 217 210 207 207 208 209 208 204 199 198 199 202 202
220 221 222 222 222 224 225 223 220 217 215 211 206 208 217 221 221 221 220 220 220 220 218 214 208 202 202 209 210 211 216 215 214 217 219 220 219 219 220 221 221 221 220 219 220 219 218 218 217 214 215 217 215 215 218 217 214 213 214 214 215 214 212 213 216 215 213 211 211 212 215 217 217 215 215 215 218 217 212 213 215 214 210 205 205 205 205 204 199 197 199 199 197 196
221 221 223 222 222 222 222 221 219 217 216 213 209 209 217 222 222 221 219 219 219 218 218 214 210 205 201 206 210 211 216 217 217 220 222 222 221 221 221 221 220 220 220 220 222 222 220 220 220 218 220 220 218 218 221 223 222 222 224 223 223 223 220 219 221 219 217 215 213 216 219 218 216 214 216 218 220 218 209 208 210 211 210 207 205 203 202 204 201 200 203 203 200 199
221 222 223 223 222 222 221 220 219 218 217 215 211 210 216 222 223 222 220 220 220 220 219 216 212 209 206 208 213 215 219 221 221 223 224 224 223 222 222 221 221 222 221 220 222 223 222 225 227 228 230 231 230 233 235 236 235 234 234 234 237 238 234 231 230 228 225 221 216 217 218 217 215 213 212 213 213 211 205 203 206 209 209 206 202 199 201 206 203 200 205 209 206 202
222 223 223 223 222 222 222 221 220 219 218 216 214 212 217 224 224 222 222 221 221 221 221 219 217 215 213 214 217 219 221 222 222 223 224 226 226 224 223 222 222 222 221 220 222 224 224 228 234 238 240 243 246 249 252 252 247 242 241 244 249 250 251 254 253 247 240 230 218 215 216 216 215 210 205 205 205 206 203 201 203 206 206 205 203 200 202 207 203 198 205 212 210 204
223 223 223 223 222 222 222 221 221 220 219 218 215 214 219 226 229 226 224 223 223 223 224 224 223 220 217 216 217 219 222 224 224 224 223 225 225 224 224 223 224 226 227 229 232 232 230 228 232 237 241 243 245 250 256 260 257 249 241 240 243 243 243 247 252 255 254 247 228 215 215 216 215 208 202 203 205 207 207 205 205 205 205 207 207 205 207 211 208 203 208 217 217 214
224 224 224 223 223 223 222 222 221 220 219 218 215 212 217 224 228 227 226 227 226 226 226 226 224 221 217 217 218 219 222 225 224 223 222 223 224 225 226 228 233 236 239 244 244 241 238 230 227 229 233 234 233 236 240 244 244 238 229 228 230 229 227 225 227 233 235 238 238 220 212 214 212 209 206 207 210 213 215 214 210 207 208 212 213 212 214 217 216 214 221 230 232 231
224 224 224 224 223 223 223 222 222 221 220 219 216 212 213 221 224 223 223 226 227 225 225 224 223 221 217 217 219 219 220 221 219 220 222 226 231 234 235 238 242 241 239 239 236 233 233 231 227 226 225 222 219 219 221 223 224 220 215 220 223 223 220 217 217 220 220 221 222 213 199 211 214 212 210 210 213 217 219 217 213 211 215 219 220 222 224 226 226 225 230 237 238 237
225 225 224 224 224 223 223 223 222 222 221 219 218 214 214 221 224 222 221 222 223 223 222 222 222 221 218 216 217 217 218 220 220 225 231 237 241 241 239 237 235 231 228 228 226 224 225 225 224 223 221 217 214 214 216 218 220 216 210 214 219 221 219 214 214 219 219 217 216 212 203 208 219 215 210 211 213 215 215 215 214 215 220 225 229 234 236 237 238 232 226 227 228 229
225 225 225 224 224 223 223 223 222 222 221 220 219 217 217 223 226 225 223 222 222 223 222 223 223 222 220 218 218 220 222 224 226 229 232 233 233 231 228 227 226 224 225 226 225 224 223 220 218 218 218 217 216 217 218 219 219 216 209 211 217 219 217 213 213 217 218 217 216 214 210 204 209 210 208 210 210 212 217 220 223 225 227 230 235 239 240 237 236 231 224 223 223 224
225 225 225 225 224 224 223 223 222 222 222 221 220 220 220 224 227 228 227 226 226 225 224 225 226 225 223 222 222 225 226 226 225 225 226 228 228 227 225 226 226 226 227 226 225 225 223 218 217 219 219 219 219 218 217 217 216 215 212 212 217 219 217 213 213 215 218 218 216 214 209 202 203 207 206 208 215 224 233 236 237 238 235 231 229 228 228 227 229 228 222 221 223 222
226 226 226 225 224 224 224 223 223 222 222 222 221 221 221 224 227 228 228 227 226 224 224 224 224 224 223 223 223 224 225 224 224 226 229 230 230 227 224 224 223 222 223 222 222 222 221 218 218 222 223 221 219 217 215 214 214 215 215 215 218 222 220 216 215 217 219 218 214 210 206 202 204 207 205 206 218 233 240 240 238 236 230 223 221 222 222 223 226 226 218 212 219 223
227 226 226 225 225 224 224 224 223 223 222 222 222 221 222 223 225 226 225 224 223 223 222 222 222 223 223 223 222 222 221 220 222 224 225 225 224 221 218 218 219 219 221 221 221 221 221 220 219 221 222 221 218 215 214 214 214 215 217 217 219 222 222 218 216 217 216 214 211 209 207 206 208 210 207 204 208 216 223 227 228 225 223 219 217 220 222 223 226 226 217 208 215 222
227 226 226 225 225 225 224 224 224 223 222 223 222 222 222 222 222 223 223 223 222 222 221 221 221 222 222 222 222 221 219 217 218 219 218 217 218 217 216 217 218 219 220 221 222 223 223 221 218 218 220 219 218 216 216 216 216 216 217 218 218 221 221 217 215 214 211 210 211 210 210 210 212 214 210 201 201 208 214 219 221 221 222 219 214 217 219 221 224 223 215 205 210 219
227 227 226 226 225 225 224 224 224 223 222 222 222 222 221 221 221 222 222 221 221 221 220 220 220 221 221 221 221 220 217 213 215 217 218 219 221 221 219 219 219 219 220 221 223 223 220 218 217 217 219 219 219 218 216 215 215 215 215 217 218 220 221 217 212 209 206 208 211 212 212 212 214 215 209 197 195 203 209 214 217 217 219 219 214 212 213 216 219 219 213 203 207 216
228 227 226 226 225 225 225 224 224 224 223 222 222 221 221 221 221 221 221 220 220 220 219 219 219 220 220 221 222 222 218 213 215 220 222 224 225 225 223 221 219 218 219 221 222 219 217 218 218 218 220 220 219 218 216 214 214 215 213 214 218 220 222 217 209 206 207 211 215 216 215 215 216 214 207 199 194 199 206 212 216 216 217 219 215 211 209 213 218 219 213 205 208 217
228 227 227 227 226 225 225 225 224 224 223 222 222 221 221 220 220 220 220 220 219 219 218 218 218 219 220 222 226 225 220 217 219 222 223 224 225 225 224 221 218 218 218 218 219 217 217 219 220 219 221 220 219 218 216 214 214 214 212 214 218 221 220 216 211 210 213 218 220 222 221 218 215 212 208 205 202 202 205 209 214 214 214 216 216 213 210 213 220 221 213 205 210 217
228 228 227 227 226 226 225 225 225 224 223 222 222 221 221 220 220 220 220 219 219 219 218 217 217 217 218 221 226 226 223 221 220 219 220 221 222 225 225 221 218 216 215 217 219 218 219 220 220 219 220 221 221 220 217 213 213 215 216 216 218 219 217 214 211 211 214 217 221 223 223 218 214 211 208 206 209 209 203 203 208 210 210 212 214 212 208 210 218 220 210 202 208 214
229 228 228 227 227 226 225 225 225 224 223 222 222 221 221 221 220 220 219 219 219 218 217 216 215 213 214 219 224 225 224 224 224 222 220 219 219 223 224 220 216 215 215 218 219 216 217 219 219 218 217 220 222 220 216 210 211 216 218 216 216 217 216 215 214 214 213 214 217 220 220 217 213 210 205 203 210 214 205 196 202 207 207 208 211 210 206 207 215 218 208 198 203 211
229 228 228 227 227 226 225 225 225 224 223 223 222 221 221 221 220 219 219 218 218 217 216 214 213 210 211 217 221 221 223 225 226 224 223 219 219 223 224 219 215 215 215 215 215 211 212 215 218 216 214 216 217 216 213 206 206 212 214 212 214 218 219 218 219 218 215 213 215 217 219 217 212 208 203 200 208 215 210 197 198 204 206 207 210 211 208 209 215 217 210 197 198 207
229 229 228 228 227 226 225 225 225 224 223 223 222 222 221 220 220 219 218 218 217 216 215 213 211 208 208 212 215 216 219 223 223 222 220 215 214 219 222 216 211 212 211 211 210 208 209 213 216 214 209 211 214 215 213 202 199 207 213 213 215 218 217 216 217 218 214 212 215 217 218 216 211 208 204 200 206 217 217 209 199 199 204 209 213 216 215 214 217 218 214 204 198 203
229 229 229 228 227 226 226 226 225 224 223 223 222 221 220 220 219 218 218 217 217 216 215 213 210 206 205 208 210 211 214 219 220 219 213 205 205 212 216 211 207 207 206 208 207 205 207 209 211 209 205 207 211 214 212 202 197 206 215 219 220 220 219 217 218 218 213 210 216 220 219 216 213 211 206 202 206 216 222 219 207 197 202 212 218 220 218 217 217 217 215 212 204 202
230 229 228 228 228 227 226 225 224 224 223 222 222 221 221 220 219 218 217 217 217 215 214 212 209 205 204 207 209 210 215 219 219 216 209 199 200 208 212 208 204 205 204 207 206 204 206 206 208 208 206 207 211 215 214 206 203 210 219 225 225 222 223 223 223 219 212 211 221 226 225 222 219 213 204 201 204 212 220 221 213 200 202 211 215 214 213 213 215 216 217 217 215 212
231 230 228 228 228 227 225 225 224 223 223 222 222 221 221 220 219 218 217 217 216 215 213 211 208 205 205 206 208 213 219 220 218 217 211 199 199 207 210 207 207 207 208 210 210 207 208 209 212 214 214 215 216 220 218 210 210 216 224 230 227 219 219 223 225 220 210 211 223 229 227 222 218 209 201 200 203 208 216 220 215 205 203 209 213 214 215 217 220 221 222 222 223 223
231 230 229 228 229 227 225 225 224 223 222 222 221 221 220 220 219 218 217 217 216 214 212 211 209 206 204 203 203 207 212 214 216 220 217 202 199 209 211 211 212 212 212 214 213 212 214 216 218 220 221 221 221 222 220 212 210 217 224 231 229 218 213 218 224 221 209 207 220 226 222 213 209 203 199 199 200 205 213 219 217 210 209 210 214 219 222 223 225 226 227 227 226 226
230 230 229 229 229 227 225 225 224 224 222 222 221 221 220 219 218 218 217 216 216 214 212 210 209 206 203 201 198 201 207 212 215 220 220 204 197 209 213 213 215 214 213 216 216 217 220 221 222 223 224 223 224 225 222 216 213 217 223 227 226 214 205 211 220 222 213 207 217 222 215 208 206 203 199 197 197 201 208 215 216 214 213 213 210 213 218 220 219 221 223 225 226 225
230 229 229 229 229 227 225 224 224 223 222 222 222 221 220 219 218 218 217 216 216 214 212 210 209 207 204 201 198 201 209 215 216 219 218 208 197 207 213 212 215 216 218 220 222 224 225 225 225 226 226 226 227 227 226 223 220 220 224 227 225 213 200 205 218 222 219 213 214 217 213 210 209 206 201 198 197 199 205 213 215 213 214 215 211 209 215 216 214 216 218 219 220 221
230 229 229 229 228 226 224 224 224 223 222 222 221 221 220 219 219 218 217 216 216 214 213 211 210 208 205 202 201 205 212 214 215 216 216 211 204 207 214 216 218 221 223 224 224 226 226 224 225 224 225 225 225 224 223 223 223 224 227 231 230 219 203 201 213 220 221 216 213 214 215 216 215 211 206 201 199 204 212 216 215 214 215 219 218 210 211 214 212 211 212 214 217 221
230 230 229 229 228 226 225 224 223 223 222 222 221 221 220 219 219 218 217 216 216 215 214 212 211 208 205 203 204 208 209 209 212 215 218 216 210 211 217 222 223 224 224 223 224 224 222 221 223 223 223 222 221 220 219 219 220 222 225 230 231 224 208 200 207 217 220 219 215 214 218 223 223 215 207 202 202 208 216 219 217 216 218 221 224 217 206 209 210 208 208 212 217 221
230 230 230 229 227 226 225 224 224 223 222 221 221 220 220 219 219 218 217 217 216 215 214 213 211 208 205 202 203 206 205 206 212 218 221 219 215 217 222 224 223 223 223 222 222 222 220 219 220 222 222 219 217 218 219 217 216 218 220 224 227 223 212 201 203 215 222 223 219 216 217 221 219 210 204 205 202 202 212 217 214 214 217 219 223 220 205 202 208 208 207 211 216 219
230 230 229 228 227 226 225 224 224 223 222 221 220 220 220 219 219 218 217 217 216 215 214 213 211 209 205 200 200 205 206 208 213 217 220 218 216 221 224 222 221 220 220 219 219 219 216 214 214 216 217 214 212 215 217 213 210 212 214 216 218 217 213 205 203 214 226 229 224 216 214 211 208 206 204 207 201 193 206 215 212 209 212 215 221 220 208 199 203 207 207 211 217 221
230 230 229 228 227 226 225 224 224 223 222 221 221 221 220 219 219 218 218 217 217 216 215 214 212 209 206 201 202 209 212 212 213 216 219 217 214 217 220 220 220 220 218 215 215 216 215 212 210 213 215 211 206 207 210 207 202 204 207 209 210 213 214 212 207 213 227 231 223 215 210 208 209 209 206 206 199 187 197 210 211 209 213 217 223 222 213 200 199 205 207 212 220 224
230 230 229 227 226 225 224 224 224 223 222 221 221 220 220 219 219 218 218 217 217 216 215 214 213 211 208 206 207 212 216 214 214 217 219 216 213 214 217 218 218 217 216 213 212 214 213 209 206 210 215 210 200 199 205 205 200 200 206 210 212 214 218 219 212 212 225 227 219 212 210 214 217 210 205 204 197 186 191 205 210 210 212 216 221 222 212 201 199 203 205 213 222 227
229 229 227 227 226 225 224 224 224 223 222 221 221 220 220 219 219 218 218 217 217 216 215 215 214 212 211 210 209 212 216 215 214 216 214 212 213 215 215 214 212 211 211 210 209 207 206 205 204 206 212 209 200 197 205 210 207 206 212 218 219 217 218 219 216 214 220 221 214 210 212 216 215 204 200 202 195 187 190 203 210 209 210 213 215 213 207 203 202 204 205 213 223 227
