windninja/windninja_output/Output_2025-10-23_1200-1250_Google earth_Fire_150m_10min/merlingen_7.5mi_point_10-23-2025_1210_150m_vel.asc
ncols	158
nrows	163
xllcorner	391686.332397
yllcorner	5160024.123721
cellsize	150.000000
NODATA_value	-32768.000000
[rows 0 to 35 of 163, columns 0 to 81 of 158]
6.06 6.08 6.10 6.20 6.48 6.61 6.41 6.51 6.89 6.96 6.91 7.10 7.74 8.51 8.55 7.83 6.84 6.04 6.05 6.16 5.33 5.13 6.46 7.28 7.22 6.72 6.21 6.28 6.78 6.91 6.84 6.89 6.87 6.65 6.75 7.06 6.67 6.42 6.50 6.29 6.43 6.79 6.81 6.87 6.90 6.80 6.90 6.61 6.36 6.64 6.84 6.96 7.17 7.20 7.09 7.14 7.21 7.35 7.46 7.32 7.16 7.31 7.50 7.54 7.60 7.81 8.16 8.29 8.13 7.77 7.53 7.56 7.70 7.82 8.07 8.15 8.08 8.19 8.16 7.95 7.91 7.93
5.99 6.05 5.98 5.96 6.23 6.44 6.33 6.25 6.43 6.49 6.44 6.58 7.18 8.14 8.72 8.53 7.68 6.66 6.52 6.51 5.42 4.68 5.56 6.86 7.47 7.15 6.43 6.19 6.54 6.73 6.75 6.81 6.86 6.70 6.68 7.12 6.93 6.64 6.64 6.34 6.37 6.69 6.80 7.03 7.07 6.95 7.10 6.82 6.32 6.38 6.63 6.78 7.00 7.09 6.99 7.03 7.15 7.33 7.55 7.39 7.05 7.12 7.32 7.39 7.31 7.46 7.96 8.39 8.41 7.94 7.46 7.41 7.57 7.71 7.95 8.03 8.03 8.39 8.37 7.87 7.68 7.82
5.78 6.05 5.97 5.81 6.05 6.10 6.19 6.28 6.27 6.14 5.95 5.91 6.29 7.22 8.54 9.30 8.82 7.85 7.49 7.12 5.97 4.60 4.34 5.75 7.40 7.69 6.95 6.35 6.37 6.57 6.72 6.76 6.73 6.75 6.78 7.03 7.16 7.04 6.87 6.53 6.45 6.57 6.76 7.19 7.23 7.10 7.25 7.20 6.61 6.24 6.40 6.58 6.78 6.97 6.91 6.91 7.08 7.25 7.54 7.52 7.12 6.95 7.09 7.21 7.03 7.08 7.69 8.46 8.81 8.19 7.37 7.24 7.46 7.59 7.76 7.71 7.86 8.68 8.72 7.75 7.23 7.84
5.38 6.01 6.25 6.05 6.21 6.00 6.07 6.52 6.67 6.48 6.10 5.77 5.90 6.52 7.69 9.10 9.07 8.44 8.19 7.68 6.60 5.33 4.26 4.66 6.57 7.61 7.51 7.05 6.74 6.83 7.07 7.07 6.88 6.82 6.81 6.87 7.01 7.12 7.00 6.72 6.61 6.62 6.89 7.23 7.24 7.16 7.18 7.20 7.02 6.71 6.52 6.47 6.69 7.01 7.01 6.93 7.05 7.15 7.29 7.45 7.29 6.95 6.94 7.12 7.01 7.01 7.49 8.38 8.93 8.25 7.36 7.31 7.54 7.55 7.54 7.37 7.57 8.59 8.89 7.73 6.78 7.81
4.82 5.59 6.32 6.34 6.38 6.10 5.96 6.24 6.41 6.33 6.01 5.55 5.56 6.18 7.26 8.63 9.06 8.57 8.21 8.00 7.24 5.99 4.55 4.04 5.46 6.81 7.45 7.56 7.34 7.35 7.62 7.80 7.71 7.30 6.89 6.91 7.02 7.11 7.14 6.87 6.61 6.67 7.06 7.27 7.24 7.24 7.15 7.01 7.02 7.00 6.71 6.49 6.64 7.01 7.17 7.11 7.12 7.14 7.13 7.25 7.26 6.96 6.87 7.04 7.02 7.02 7.34 8.30 8.93 8.16 7.44 7.50 7.63 7.51 7.41 7.40 7.51 8.09 8.54 7.81 6.71 7.32
4.49 4.90 5.70 6.26 6.46 6.21 5.95 5.94 5.88 5.72 5.50 5.14 4.95 5.64 7.03 8.10 8.89 8.78 8.15 7.95 7.61 6.62 4.83 3.64 4.32 5.55 6.39 7.01 7.23 7.32 7.63 8.12 8.39 8.11 7.57 7.27 7.29 7.29 7.29 7.12 6.77 6.76 7.07 7.19 7.19 7.27 7.14 6.96 6.93 6.87 6.76 6.72 6.75 6.95 7.20 7.28 7.24 7.18 7.10 7.10 7.12 6.93 6.84 7.01 7.06 7.02 7.24 8.22 8.79 8.03 7.62 7.86 7.81 7.34 7.20 7.62 7.90 7.94 7.78 7.53 7.19 7.30
4.70 4.68 4.84 5.47 6.08 6.21 6.13 5.95 5.66 5.36 5.11 4.83 4.57 5.17 6.81 7.68 8.40 8.90 8.56 8.19 8.04 7.39 5.55 3.67 3.57 4.46 5.24 5.92 6.42 6.71 7.12 7.76 8.23 8.30 8.18 7.91 7.66 7.55 7.48 7.31 7.08 7.00 7.08 7.08 7.05 7.15 7.07 6.92 6.83 6.63 6.60 6.88 7.00 7.04 7.30 7.43 7.35 7.23 7.08 6.98 6.93 6.79 6.82 7.07 7.18 7.07 7.23 8.13 8.53 7.76 7.63 8.31 8.22 7.24 6.93 7.60 8.26 8.22 7.22 7.07 7.85 7.90
4.97 4.94 4.73 4.75 5.23 5.68 5.97 5.88 5.49 5.11 4.81 4.53 4.36 5.03 6.63 7.51 7.74 8.44 8.72 8.45 8.45 8.19 6.69 4.55 3.40 3.64 4.51 5.21 5.58 5.94 6.54 7.18 7.56 7.77 8.00 8.04 7.79 7.61 7.57 7.44 7.29 7.20 7.17 7.12 7.04 7.01 6.92 6.84 6.65 6.39 6.40 6.76 6.94 7.13 7.60 7.66 7.42 7.32 7.10 6.90 6.70 6.43 6.60 7.11 7.40 7.34 7.40 8.02 8.27 7.52 7.39 8.32 8.44 7.51 6.97 7.32 8.21 8.29 7.01 6.92 8.42 8.40
4.99 5.11 5.08 4.82 4.83 5.14 5.49 5.56 5.33 4.96 4.58 4.18 3.96 4.61 6.34 7.41 7.45 7.82 8.39 8.49 8.55 8.54 7.63 5.93 4.16 3.36 4.04 4.87 5.00 5.36 6.21 6.65 6.87 7.35 7.78 7.83 7.58 7.44 7.49 7.47 7.37 7.30 7.18 7.11 7.12 6.95 6.77 6.77 6.48 6.06 6.34 6.72 6.57 6.91 7.86 7.92 7.48 7.39 7.20 6.86 6.53 6.06 5.99 6.64 7.35 7.71 7.74 7.88 7.93 7.53 7.50 8.06 8.14 7.68 7.22 7.24 7.98 7.94 7.00 7.28 8.88 8.79
4.96 5.09 5.24 5.14 5.03 5.13 5.29 5.31 5.18 4.91 4.55 4.06 3.60 3.95 5.56 7.00 7.35 7.44 7.75 8.32 8.67 8.67 8.20 6.95 5.42 3.97 3.73 4.60 4.85 5.10 6.12 6.35 6.29 7.02 7.75 7.80 7.45 7.29 7.41 7.49 7.45 7.40 7.25 7.10 7.16 6.91 6.63 6.73 6.40 5.74 6.11 6.66 6.34 6.71 7.81 8.09 7.52 7.31 7.23 6.80 6.49 6.09 5.53 5.74 6.85 7.74 7.92 7.73 7.39 7.50 7.97 8.14 7.82 7.51 7.32 7.31 7.79 7.44 6.81 7.82 9.15 9.18
5.00 5.10 5.27 5.29 5.21 5.26 5.34 5.30 5.15 4.91 4.62 4.17 3.58 3.54 4.71 6.24 7.00 7.19 7.13 7.62 8.38 8.65 8.51 7.59 6.36 5.12 4.11 4.44 4.93 5.14 5.93 6.18 6.01 6.64 7.46 7.64 7.41 7.23 7.33 7.46 7.50 7.54 7.40 7.15 7.24 7.01 6.46 6.58 6.42 5.65 5.88 6.35 6.23 6.77 7.58 8.08 7.62 7.11 6.98 6.69 6.63 6.35 5.41 5.31 6.58 7.42 7.68 7.36 6.60 7.14 8.24 8.39 7.78 7.26 7.23 7.40 7.83 7.43 6.64 7.67 8.93 9.38
5.06 5.12 5.26 5.32 5.27 5.27 5.31 5.30 5.19 4.97 4.72 4.36 3.81 3.52 4.22 5.54 6.41 6.88 6.88 6.95 7.51 8.05 8.34 7.87 6.92 5.89 4.79 4.54 4.92 5.20 5.68 6.02 5.99 6.40 7.00 7.24 7.25 7.18 7.25 7.30 7.39 7.60 7.47 7.19 7.41 7.33 6.56 6.38 6.45 5.97 5.92 6.00 6.05 6.79 7.39 7.76 7.59 7.03 6.66 6.53 6.82 6.62 5.67 5.67 6.67 7.02 7.15 6.67 5.77 6.64 8.04 8.36 7.90 7.09 6.94 7.45 8.07 8.01 7.23 7.31 8.21 9.08
5.11 5.14 5.23 5.30 5.31 5.31 5.27 5.22 5.15 4.98 4.77 4.50 4.07 3.69 4.06 5.12 5.77 6.21 6.66 6.79 6.94 7.29 7.68 7.64 7.04 6.09 5.18 4.83 4.99 5.21 5.53 5.91 6.10 6.25 6.58 6.95 7.06 7.05 7.09 7.04 7.23 7.53 7.34 7.19 7.54 7.61 7.04 6.66 6.72 6.61 6.24 5.93 6.00 6.80 7.47 7.39 7.13 6.77 6.40 6.60 7.16 6.99 6.41 6.44 6.71 6.70 6.55 6.01 5.39 6.21 7.30 7.87 7.99 7.04 6.51 7.15 7.92 8.46 8.02 7.28 7.64 8.56
5.17 5.17 5.20 5.24 5.28 5.33 5.33 5.25 5.15 5.00 4.81 4.58 4.22 3.98 4.31 5.13 5.52 5.44 5.95 6.55 6.66 6.78 7.07 7.16 6.84 6.16 5.49 5.24 5.23 5.34 5.58 5.83 6.07 6.09 6.19 6.80 7.07 7.00 6.91 6.75 7.08 7.35 7.04 6.98 7.35 7.33 6.93 6.94 7.40 7.42 6.70 6.13 6.06 6.88 7.82 7.37 6.56 6.01 5.87 6.77 7.71 7.52 7.29 7.10 6.67 6.45 6.26 6.15 5.80 5.59 6.20 7.14 7.85 7.14 6.29 6.55 7.53 8.47 8.32 7.58 7.74 8.37
5.23 5.22 5.21 5.21 5.22 5.26 5.29 5.28 5.22 5.06 4.87 4.67 4.28 4.09 4.65 5.58 5.86 5.30 5.25 5.98 6.33 6.35 6.62 6.82 6.65 6.15 5.64 5.52 5.46 5.46 5.84 6.02 5.94 5.89 5.94 6.54 7.03 7.12 6.92 6.66 6.90 6.99 7.00 7.07 7.01 6.92 6.47 6.24 7.25 8.20 7.71 6.61 6.24 7.14 8.13 7.71 6.40 5.25 5.16 6.77 8.26 8.16 7.89 7.33 6.75 6.71 6.60 6.74 6.40 5.32 5.21 6.63 7.56 7.07 6.18 6.33 7.38 8.04 8.08 8.13 8.33 8.37
5.27 5.26 5.25 5.24 5.23 5.23 5.22 5.22 5.22 5.10 4.94 4.75 4.37 3.96 4.45 5.82 6.39 5.87 5.32 5.55 5.95 6.03 6.23 6.51 6.58 6.20 5.60 5.56 5.69 5.60 6.01 6.31 6.02 5.95 6.05 6.26 6.71 7.05 6.91 6.78 6.81 6.63 7.05 7.47 6.83 6.67 6.75 5.86 5.87 7.58 8.44 7.41 6.79 7.51 8.19 8.35 7.28 5.32 4.87 6.68 8.43 8.68 8.09 6.94 6.96 7.69 7.33 7.18 7.01 5.48 5.00 6.18 7.00 6.49 6.06 6.43 7.04 7.43 7.96 8.95 8.79 8.02
5.29 5.29 5.28 5.28 5.27 5.27 5.25 5.21 5.21 5.13 4.98 4.80 4.52 3.95 3.96 5.33 6.34 6.32 5.88 5.64 5.72 5.77 5.87 6.17 6.48 6.33 5.67 5.41 5.72 5.84 6.09 6.31 6.10 6.14 6.32 6.32 6.50 6.75 6.74 6.81 6.83 6.56 7.02 7.59 7.03 6.62 7.05 6.56 5.75 6.50 7.72 7.64 7.27 7.54 7.88 8.40 8.33 6.55 5.29 6.91 8.60 8.90 8.04 6.55 6.93 8.35 8.24 7.69 7.39 6.05 5.12 5.56 6.23 5.99 5.90 6.20 6.36 7.19 8.48 9.35 8.56 7.63
5.31 5.33 5.34 5.33 5.31 5.30 5.30 5.27 5.24 5.20 5.06 4.85 4.64 4.21 3.95 4.72 5.76 6.10 6.01 5.84 5.69 5.58 5.55 5.78 6.14 6.21 5.78 5.32 5.40 5.79 6.10 6.13 6.06 6.31 6.67 6.76 6.66 6.58 6.58 6.78 6.85 6.75 6.95 7.22 7.13 6.85 6.81 6.81 6.73 6.78 6.92 7.05 7.19 7.39 7.51 7.93 8.47 7.71 6.44 7.21 8.70 9.00 7.90 6.69 6.99 8.39 8.98 8.31 7.41 6.59 5.80 5.28 5.85 6.01 5.46 5.53 5.97 7.30 8.90 8.89 8.00 7.74
5.32 5.34 5.36 5.36 5.35 5.33 5.31 5.29 5.25 5.22 5.17 4.99 4.77 4.51 4.28 4.55 5.27 5.65 5.71 5.71 5.60 5.47 5.38 5.49 5.76 5.89 5.75 5.40 5.24 5.52 5.85 5.89 5.94 6.28 6.82 7.18 7.02 6.58 6.38 6.65 6.75 6.75 6.99 6.94 6.98 7.12 6.80 6.41 6.81 7.30 6.99 6.62 6.66 6.98 7.27 7.59 8.09 8.06 7.38 7.50 8.70 9.04 7.96 7.16 7.35 8.26 9.21 8.69 7.54 7.26 6.62 5.45 5.71 5.84 5.00 5.02 5.74 7.02 8.46 8.29 7.83 7.86
5.35 5.34 5.34 5.36 5.39 5.39 5.36 5.32 5.25 5.18 5.20 5.15 4.95 4.75 4.63 4.70 5.06 5.36 5.48 5.52 5.47 5.43 5.38 5.41 5.58 5.70 5.68 5.54 5.39 5.42 5.53 5.63 5.81 6.11 6.62 7.11 7.16 6.64 6.25 6.59 6.71 6.76 7.06 7.03 7.00 7.28 7.24 6.48 6.41 7.30 7.38 6.77 6.34 6.38 6.89 7.31 7.73 8.13 8.02 7.84 8.51 9.01 8.27 7.55 7.68 8.27 8.94 8.78 8.19 7.93 6.90 5.55 5.63 5.73 5.04 4.75 5.20 6.40 7.73 8.10 8.00 7.89
5.41 5.38 5.36 5.37 5.39 5.42 5.41 5.38 5.30 5.18 5.16 5.21 5.09 4.94 4.88 4.91 5.09 5.29 5.39 5.41 5.40 5.40 5.40 5.40 5.50 5.63 5.65 5.58 5.50 5.41 5.28 5.38 5.84 6.32 6.74 7.14 7.33 6.89 6.39 6.63 6.75 6.82 7.04 7.15 7.25 7.38 7.40 6.80 6.40 7.08 7.49 7.13 6.55 6.16 6.37 6.76 7.21 7.87 8.36 8.25 8.34 9.14 8.95 7.92 7.91 8.40 8.54 8.77 8.80 8.08 6.65 5.57 5.67 5.93 5.30 4.37 4.70 6.16 7.61 8.27 8.28 7.90
5.47 5.45 5.41 5.39 5.38 5.40 5.44 5.45 5.39 5.25 5.19 5.23 5.16 5.02 5.01 5.04 5.13 5.29 5.37 5.35 5.34 5.36 5.36 5.35 5.43 5.57 5.63 5.59 5.53 5.37 5.09 5.08 5.71 6.47 6.76 7.11 7.53 7.22 6.58 6.61 6.77 6.93 7.16 7.32 7.51 7.52 7.35 6.96 6.64 6.96 7.48 7.41 7.00 6.45 6.16 6.30 6.71 7.26 7.97 8.45 8.43 9.34 9.59 8.33 8.21 8.53 8.34 8.78 8.87 7.62 6.30 5.81 6.06 6.40 5.45 3.92 4.00 5.72 7.57 8.71 8.71 7.86
5.46 5.46 5.46 5.45 5.43 5.42 5.44 5.48 5.47 5.34 5.23 5.27 5.29 5.14 5.06 5.08 5.12 5.26 5.35 5.33 5.32 5.33 5.32 5.30 5.36 5.51 5.60 5.62 5.59 5.37 4.94 4.75 5.43 6.30 6.54 6.75 7.16 7.22 6.75 6.47 6.58 6.86 7.24 7.60 7.79 7.69 7.40 7.06 6.81 6.93 7.48 7.51 7.26 6.91 6.38 6.20 6.49 6.76 6.99 8.05 8.69 9.59 10.05 8.99 8.71 8.65 8.23 8.52 8.30 7.23 6.37 6.11 6.66 7.08 5.79 3.76 3.21 4.82 6.97 8.72 9.21 8.35
5.50 5.48 5.48 5.50 5.48 5.44 5.44 5.45 5.47 5.41 5.26 5.22 5.32 5.30 5.15 5.10 5.10 5.19 5.28 5.27 5.28 5.32 5.31 5.28 5.34 5.45 5.53 5.63 5.63 5.34 4.78 4.41 5.01 5.94 6.39 6.65 6.73 6.81 6.75 6.40 6.31 6.63 7.13 7.73 8.12 7.82 7.35 7.27 7.01 6.96 7.53 7.58 7.35 7.26 6.75 6.28 6.48 6.51 6.17 7.18 8.68 9.88 10.57 10.03 9.20 8.33 7.83 7.85 7.57 7.12 6.67 6.54 7.30 7.55 6.09 3.87 2.90 4.16 5.90 7.62 9.04 9.02
5.55 5.51 5.48 5.51 5.50 5.46 5.44 5.46 5.47 5.43 5.31 5.17 5.20 5.30 5.24 5.16 5.11 5.13 5.19 5.17 5.18 5.25 5.23 5.21 5.28 5.40 5.50 5.73 5.84 5.36 4.66 4.30 4.59 5.41 6.15 6.62 6.73 6.70 6.60 6.30 6.09 6.31 6.82 7.69 8.34 7.82 7.34 7.54 7.38 7.17 7.49 7.61 7.49 7.41 7.01 6.50 6.53 6.41 5.86 6.39 8.19 10.10 11.21 10.87 9.13 7.61 7.13 7.01 7.02 7.10 6.94 7.12 7.99 7.64 5.74 4.03 3.45 4.14 5.02 6.11 7.90 8.91
5.59 5.54 5.49 5.50 5.50 5.48 5.46 5.49 5.50 5.43 5.35 5.21 5.12 5.16 5.19 5.17 5.14 5.11 5.11 5.09 5.07 5.12 5.12 5.10 5.17 5.30 5.56 6.04 6.35 5.74 4.76 4.39 4.39 4.79 5.68 6.38 6.80 7.08 6.73 6.12 5.92 6.01 6.45 7.54 8.10 7.59 7.54 7.79 7.68 7.58 7.59 7.77 7.73 7.43 7.07 6.56 6.39 6.41 6.16 6.27 7.83 10.34 11.57 10.69 8.67 7.22 6.55 6.35 6.85 7.43 7.68 8.15 8.26 6.99 5.12 4.17 4.73 4.96 4.56 4.93 6.55 7.89
5.65 5.61 5.56 5.54 5.53 5.49 5.46 5.49 5.51 5.46 5.38 5.28 5.17 5.09 5.07 5.09 5.09 5.07 5.06 5.03 5.00 5.00 4.99 4.97 5.02 5.10 5.49 6.38 6.93 6.39 5.38 4.78 4.45 4.22 4.72 5.58 6.49 7.51 7.29 6.17 5.82 5.97 6.30 7.29 7.60 7.18 7.75 8.22 8.04 7.82 7.78 8.17 8.13 7.72 7.14 6.12 5.90 6.54 6.82 6.95 8.75 11.12 11.13 9.50 8.23 7.37 6.46 6.12 6.83 8.06 9.13 9.11 7.79 6.18 4.36 3.86 5.66 6.49 5.01 4.44 5.53 6.55
5.70 5.69 5.65 5.60 5.57 5.51 5.47 5.48 5.48 5.43 5.39 5.32 5.21 5.08 4.99 5.00 4.99 4.97 4.98 4.99 4.95 4.90 4.85 4.80 4.82 4.81 5.16 6.35 7.27 7.11 6.53 5.78 4.94 4.28 4.06 4.36 5.46 7.31 7.76 6.47 5.75 6.15 6.33 6.84 7.10 6.78 7.52 8.54 8.73 7.98 7.62 8.50 8.75 8.41 7.42 5.31 5.14 6.76 7.68 8.19 10.18 11.49 9.96 7.96 7.45 7.19 6.40 6.12 6.95 8.67 10.25 9.42 7.21 5.51 3.77 3.31 5.56 7.79 6.55 4.65 4.79 5.38
5.72 5.73 5.72 5.66 5.60 5.54 5.49 5.49 5.45 5.39 5.36 5.31 5.24 5.12 4.98 4.93 4.92 4.87 4.85 4.90 4.88 4.82 4.71 4.60 4.52 4.49 4.85 5.98 7.20 7.71 7.82 7.29 6.01 5.03 4.32 3.88 4.68 6.68 7.83 6.78 6.03 6.45 6.41 6.58 6.62 6.43 6.99 8.19 9.31 8.53 7.37 8.45 9.32 9.21 7.91 4.94 4.46 6.80 8.72 9.59 10.81 10.95 9.14 7.20 6.71 6.69 6.06 6.10 7.51 9.39 10.53 9.31 7.01 5.28 3.65 3.14 4.81 8.05 8.08 5.74 4.66 4.60
5.76 5.75 5.75 5.73 5.65 5.54 5.49 5.48 5.42 5.35 5.32 5.30 5.25 5.16 5.02 4.89 4.85 4.80 4.75 4.78 4.77 4.70 4.59 4.42 4.20 4.06 4.35 5.25 6.34 7.37 8.41 8.81 7.72 6.37 5.19 4.18 4.54 6.43 7.74 6.94 6.48 6.73 6.60 6.87 6.51 6.19 6.72 7.52 9.01 8.99 7.84 8.48 9.61 9.91 8.68 5.74 4.55 6.63 9.55 11.11 10.92 9.67 8.52 7.36 6.61 6.31 5.61 6.05 8.51 10.23 10.24 8.69 6.90 5.50 3.98 3.55 4.88 7.56 8.89 7.48 5.25 4.25
5.84 5.80 5.78 5.79 5.73 5.58 5.47 5.47 5.43 5.34 5.28 5.26 5.21 5.14 5.02 4.87 4.77 4.71 4.67 4.68 4.64 4.56 4.48 4.31 4.03 3.77 3.80 4.35 5.07 5.85 7.18 8.63 8.68 7.78 6.16 4.53 4.71 6.30 7.54 6.99 6.56 6.67 6.58 7.09 6.82 6.24 6.61 7.15 8.14 8.48 8.07 8.48 9.42 10.30 9.48 6.76 5.60 6.99 9.91 12.16 10.81 8.09 7.53 7.58 7.07 6.26 5.26 6.02 9.38 11.06 9.65 7.53 6.58 5.65 4.31 4.15 4.90 6.87 9.10 8.95 6.30 4.24
5.95 5.87 5.80 5.85 5.84 5.69 5.54 5.49 5.45 5.36 5.27 5.23 5.18 5.11 5.02 4.87 4.72 4.61 4.54 4.56 4.53 4.40 4.34 4.21 3.92 3.67 3.60 3.82 4.29 5.00 6.21 7.53 8.27 8.35 6.77 4.51 4.54 6.19 7.17 6.87 6.56 6.31 6.16 6.69 6.67 6.24 6.57 7.11 7.42 7.46 7.47 7.88 8.58 9.98 9.72 7.38 6.98 8.34 10.44 12.48 10.75 7.23 6.62 7.64 7.94 6.65 5.13 6.03 9.81 11.46 8.91 6.79 6.45 5.57 4.29 4.22 4.73 6.35 8.94 9.85 7.55 4.72
6.06 5.97 5.82 5.81 5.86 5.73 5.56 5.49 5.42 5.33 5.25 5.22 5.18 5.11 5.02 4.88 4.74 4.60 4.46 4.41 4.38 4.25 4.15 4.10 3.86 3.53 3.45 3.56 3.97 4.89 6.28 7.34 8.02 8.73 7.27 4.33 4.15 6.07 6.67 6.38 6.46 6.11 5.92 6.33 6.28 6.16 6.74 7.17 7.01 7.16 7.31 7.36 7.73 8.97 9.36 7.74 7.63 9.55 11.52 12.54 10.20 6.63 5.88 7.60 9.03 7.62 5.35 5.91 9.68 11.39 8.78 6.90 6.64 5.37 4.10 3.96 4.39 5.92 8.53 10.20 8.42 5.67
6.15 6.10 5.95 5.83 5.82 5.68 5.53 5.47 5.40 5.28 5.16 5.15 5.13 5.07 5.00 4.87 4.75 4.65 4.50 4.36 4.29 4.14 3.95 3.92 3.86 3.53 3.28 3.20 3.38 4.18 5.59 6.98 7.78 8.98 8.36 4.76 3.83 5.86 6.48 6.12 6.37 6.14 5.97 6.30 6.14 6.27 6.88 6.95 6.81 7.18 7.37 7.25 7.33 7.85 8.39 7.78 7.52 9.30 11.97 13.00 10.45 6.39 5.03 7.09 9.75 9.11 6.44 5.89 8.58 10.86 9.28 7.47 6.78 5.20 4.03 3.79 4.06 5.33 7.86 9.93 9.20 7.16
6.23 6.23 6.17 6.04 5.91 5.73 5.58 5.50 5.43 5.28 5.13 5.06 5.04 4.99 4.94 4.84 4.73 4.64 4.51 4.38 4.27 4.08 3.82 3.67 3.66 3.51 3.21 2.91 2.75 3.16 4.50 6.03 7.07 8.47 9.01 6.49 4.25 5.46 6.36 6.16 6.34 6.24 6.12 6.28 6.27 6.50 6.71 6.62 6.80 7.15 7.26 7.31 7.32 7.24 7.51 7.78 7.76 8.43 10.77 13.08 11.64 7.13 4.49 5.93 9.57 10.47 8.51 6.80 7.96 9.94 9.14 7.76 6.85 5.33 4.26 3.83 3.89 4.84 6.59 8.69 9.52 8.76
6.26 6.25 6.25 6.25 6.10 5.84 5.64 5.53 5.47 5.34 5.16 5.05 4.99 4.94 4.86 4.77 4.69 4.60 4.47 4.35 4.27 4.10 3.84 3.58 3.37 3.24 3.03 2.80 2.58 2.84 3.89 5.03 6.22 7.58 8.71 7.75 5.65 5.39 6.14 6.16 6.19 6.33 6.38 6.33 6.56 6.88 6.49 6.48 6.90 7.11 7.21 7.38 7.43 7.20 7.35 7.84 8.13 8.21 9.35 12.17 12.25 8.13 4.53 4.79 8.27 10.90 10.54 8.78 8.74 9.07 7.90 7.44 6.98 5.66 4.72 4.04 3.86 4.70 5.60 6.70 8.26 8.93
