windninja/windninja_output/Output_2025-10-23_1200-1250_Google earth_Fire_150m_10min/merlingen_7.5mi_point_10-23-2025_1250_150m_vel.asc
ncols	158
nrows	163
xllcorner	391686.332397
yllcorner	5160024.123721
cellsize	150.000000
NODATA_value	-32768.000000
[rows 111 to 147 of 163, columns 0 to 83 of 158]
7.55 7.45 7.25 7.05 6.78 6.58 6.56 6.72 6.93 7.01 7.39 7.68 6.96 6.73 7.43 7.37 5.75 4.61 6.03 8.54 10.54 10.17 6.80 5.06 5.00 5.20 6.21 8.15 11.50 14.52 13.68 10.72 9.41 9.94 10.48 8.56 6.05 4.70 3.97 3.59 3.50 3.39 2.72 1.87 2.17 2.48 2.73 3.03 3.33 3.57 4.02 4.83 5.99 7.27 8.04 8.34 8.85 9.77 10.20 9.58 9.22 10.01 10.96 10.96 10.52 10.33 9.57 8.00 7.03 6.86 6.98 7.69 8.69 8.91 8.71 8.50 8.10 7.86 7.51 6.71 5.92 5.53 4.94 3.98
7.56 7.35 7.13 7.19 7.07 6.88 6.94 7.13 7.25 7.20 7.66 8.51 7.75 6.88 7.53 7.74 5.89 4.49 5.68 8.68 11.76 12.78 9.20 5.36 5.15 5.46 5.02 5.35 7.83 12.59 15.14 13.22 10.39 10.22 10.56 9.42 7.55 5.87 4.75 4.29 3.96 3.79 3.51 2.97 2.74 2.75 2.84 3.12 3.48 3.73 4.03 4.63 5.59 6.80 7.80 8.24 8.69 9.67 10.53 10.28 9.62 9.81 10.61 11.00 11.04 11.21 11.16 10.12 8.30 7.02 6.70 7.19 8.17 8.84 9.03 9.01 8.65 8.30 8.32 7.99 6.96 6.09 5.30 4.54
8.37 7.87 7.30 7.34 7.34 7.02 6.86 7.12 7.56 7.68 7.98 9.00 8.76 7.59 7.97 8.16 6.06 4.61 6.04 8.78 11.98 14.61 13.10 7.59 5.79 6.31 5.60 5.05 5.29 8.07 12.99 14.96 12.99 10.90 10.23 9.06 7.91 6.80 5.44 4.74 4.26 4.00 3.92 3.67 3.34 3.26 3.29 3.55 3.85 4.08 4.18 4.49 5.37 6.60 7.69 8.18 8.48 9.33 10.55 10.90 10.39 10.19 10.72 10.97 10.79 11.24 11.81 11.71 10.78 9.12 8.02 7.91 8.29 8.85 9.43 9.58 9.13 8.55 8.58 8.89 8.59 7.23 5.74 4.98
9.03 8.72 8.07 7.74 7.82 7.68 7.20 7.03 7.22 7.52 7.80 8.65 9.09 8.71 9.02 8.83 6.31 5.00 5.96 7.58 10.33 14.36 15.92 11.84 9.07 8.60 8.18 7.02 5.97 6.03 8.97 13.49 14.85 13.11 10.61 8.20 7.21 6.94 6.24 5.63 5.27 5.20 5.27 5.08 4.54 4.36 4.58 4.63 4.50 4.49 4.55 4.64 5.18 6.30 7.60 8.32 8.46 8.90 10.03 10.93 10.87 10.58 10.99 11.51 11.06 11.02 11.77 12.22 12.08 11.26 10.09 9.39 9.01 8.75 9.34 10.12 9.85 8.97 8.41 8.83 9.49 8.75 6.93 5.90
9.02 9.18 9.08 8.62 8.39 8.37 8.20 7.69 7.18 7.11 7.39 7.94 8.61 9.34 10.31 9.90 6.78 5.02 5.20 5.76 7.97 11.99 16.07 16.56 14.04 11.26 10.33 9.97 9.62 7.62 8.14 12.23 15.93 15.67 12.11 8.66 7.14 7.05 6.85 6.49 6.58 7.02 7.25 6.92 6.15 5.82 5.68 5.33 4.98 4.96 5.10 5.19 5.30 5.84 7.12 8.15 8.40 8.56 9.38 10.50 10.92 10.79 10.97 11.62 11.57 11.11 11.51 12.12 12.27 11.93 11.31 10.76 10.25 9.19 8.61 9.62 10.50 9.92 8.70 8.47 9.52 9.55 8.14 7.07
8.74 9.17 9.44 9.17 8.74 8.45 8.48 8.56 8.29 7.75 7.49 7.28 7.65 8.91 10.77 10.91 7.59 4.94 4.78 5.29 7.34 10.52 14.09 17.26 17.91 15.26 12.44 11.64 11.30 9.61 9.56 12.36 16.34 17.88 13.97 9.46 8.15 8.36 8.52 8.22 8.26 8.59 8.57 8.20 7.43 6.56 5.76 5.33 5.50 5.72 5.86 5.92 5.79 5.80 6.58 7.80 8.34 8.42 8.87 9.85 10.55 10.76 10.99 11.44 11.63 11.34 11.44 11.95 12.36 12.37 12.08 11.95 12.05 11.44 9.46 8.77 9.81 10.60 9.66 8.49 9.02 9.47 8.33 7.56
8.45 8.94 9.31 9.19 8.84 8.40 8.15 8.63 9.23 9.32 8.62 7.10 6.65 7.80 10.40 11.83 8.62 4.87 4.91 5.87 7.65 9.83 11.66 14.42 17.77 19.18 17.60 15.38 15.01 11.63 9.77 10.50 14.43 18.99 18.43 13.73 11.46 10.85 10.90 11.08 11.37 10.76 9.93 9.48 8.75 7.46 6.84 6.83 6.95 7.02 7.00 6.79 6.48 6.29 6.56 7.71 8.55 8.62 8.71 9.32 9.95 10.47 11.15 11.73 11.84 11.56 11.59 11.98 12.36 12.57 12.57 12.64 13.15 13.65 12.77 10.49 9.36 10.23 10.62 9.68 9.32 9.41 8.27 7.45
8.44 8.71 9.19 9.30 8.96 8.52 7.98 8.07 8.72 9.53 9.87 8.02 6.14 6.70 9.28 12.45 10.72 5.12 4.78 5.41 5.96 7.03 8.37 9.93 12.71 17.05 19.45 19.78 20.32 18.69 14.05 12.16 14.61 18.80 21.47 22.54 20.77 17.42 16.04 15.84 14.94 13.57 11.98 10.62 9.72 9.09 8.71 8.67 8.54 8.25 7.79 7.28 6.96 6.73 6.73 7.53 8.56 8.89 8.87 9.16 9.49 9.75 10.55 11.69 12.34 12.32 12.24 12.45 12.59 12.57 12.51 12.59 13.07 14.18 15.02 13.96 11.47 10.52 10.87 10.79 10.61 10.15 8.68 7.41
8.75 8.75 9.15 9.45 8.84 8.31 7.98 7.66 7.75 8.26 9.63 9.06 6.24 6.01 7.90 11.61 12.28 7.03 4.04 4.11 4.00 4.12 5.16 6.47 8.06 10.31 12.95 15.04 18.43 20.85 20.04 18.80 17.86 17.66 19.78 23.45 25.14 24.31 23.00 22.27 20.61 17.68 15.21 13.50 12.72 11.90 10.50 9.56 9.15 8.58 7.98 7.50 7.20 6.96 6.80 7.21 8.21 8.84 9.00 9.20 9.35 9.29 9.51 10.37 11.37 11.96 12.07 12.37 12.82 12.71 12.18 11.98 12.36 13.38 15.02 16.02 14.86 12.71 11.64 11.16 11.00 10.69 9.34 7.89
8.90 8.83 9.26 9.95 9.19 7.92 7.62 7.39 7.30 7.28 8.40 9.04 6.69 6.05 7.44 10.58 12.66 9.78 4.67 3.29 3.13 2.79 2.91 3.74 4.90 6.04 7.16 8.61 11.15 14.23 16.82 17.22 15.49 15.07 16.45 19.10 22.37 23.68 22.74 22.98 23.97 23.08 20.77 18.77 17.27 15.61 13.73 12.30 10.93 9.50 8.61 8.08 7.68 7.42 7.15 7.14 7.83 8.55 8.86 9.17 9.38 9.21 9.03 8.86 8.51 8.73 8.79 9.15 10.76 12.07 12.05 11.52 11.39 11.91 13.48 15.71 16.83 15.72 13.79 12.40 11.44 10.89 9.73 8.44
8.85 8.88 9.46 10.90 11.45 10.11 9.47 9.00 7.96 6.80 7.43 8.84 6.87 5.83 7.37 10.26 12.92 11.51 6.76 3.51 2.25 2.24 1.87 1.49 2.18 3.40 4.73 6.10 7.47 8.63 9.75 11.10 11.95 12.90 14.89 16.43 17.20 18.58 17.25 17.07 20.37 22.81 22.33 19.56 17.54 16.37 15.27 14.01 12.43 10.84 9.47 8.61 8.26 7.97 7.58 7.47 8.04 8.59 8.77 8.90 8.96 8.52 8.10 7.94 7.39 7.22 6.55 5.23 6.21 9.22 10.86 11.05 10.71 10.53 11.35 13.51 16.20 17.63 16.95 15.14 13.36 12.01 10.41 9.09
8.60 8.89 9.39 10.59 12.29 12.99 13.22 13.10 11.40 8.17 7.28 8.75 6.94 4.85 5.70 8.17 12.19 12.92 8.60 4.77 1.93 1.39 1.74 1.57 0.93 1.06 2.19 3.63 5.22 6.49 7.41 8.95 10.67 11.47 13.28 14.49 14.35 15.94 14.94 12.99 14.25 17.39 20.35 18.98 15.57 13.83 12.90 12.06 11.54 10.83 9.82 9.05 8.56 8.11 7.78 7.76 8.22 8.74 8.77 8.65 8.32 7.74 7.50 7.69 8.03 8.69 8.22 5.62 3.98 5.08 7.69 9.28 9.87 9.79 9.75 10.76 13.22 16.41 18.35 18.34 16.73 14.46 11.95 10.46
7.80 8.07 8.29 8.62 9.80 11.33 12.75 14.25 14.82 12.49 9.55 9.63 7.23 4.02 3.80 5.24 9.35 13.37 11.72 7.12 3.70 1.24 0.82 1.74 1.96 1.50 1.16 1.51 3.36 5.40 6.64 7.75 9.10 9.96 11.76 13.34 13.19 14.93 15.48 12.74 11.65 13.78 18.30 20.43 17.33 13.77 11.89 10.91 10.87 10.82 10.38 9.77 8.98 8.36 7.96 7.43 7.22 7.58 7.43 7.56 7.89 7.83 7.87 8.12 8.51 9.62 10.34 9.03 5.76 3.70 4.55 6.46 7.76 8.46 8.51 8.60 9.89 12.72 16.07 18.68 19.64 18.43 15.38 12.76
7.60 7.71 7.71 7.60 8.13 9.41 10.66 12.34 14.71 14.90 13.90 12.36 7.44 3.84 3.05 3.48 6.09 11.21 13.92 11.06 6.46 3.16 1.19 0.96 1.30 1.81 2.30 2.94 4.95 6.20 6.63 7.47 8.49 9.05 10.51 12.43 12.17 12.90 14.71 13.31 11.41 11.73 14.89 19.83 20.43 16.78 13.61 11.93 11.45 11.65 11.65 11.01 9.88 9.04 8.48 7.79 7.28 7.45 7.20 6.70 7.47 8.59 8.91 9.03 9.23 9.64 10.44 10.94 9.49 5.74 3.78 4.22 4.93 5.59 6.43 6.75 7.23 8.98 11.93 15.01 17.98 19.97 19.04 15.63
7.84 8.16 8.26 8.04 8.35 9.20 10.02 11.09 13.40 14.85 15.97 16.20 10.93 4.84 2.98 2.65 3.89 7.11 11.70 13.99 12.33 7.01 3.36 2.10 2.31 2.94 4.77 8.03 8.27 7.39 7.03 7.74 8.40 8.33 9.45 11.53 11.31 11.10 13.13 13.23 11.32 10.42 11.76 16.42 20.29 19.13 15.76 13.37 12.38 12.11 11.81 11.40 10.79 9.96 9.28 9.01 9.21 9.77 9.92 8.78 8.58 9.44 9.86 9.91 10.06 10.17 10.21 10.83 11.27 9.63 6.38 4.75 4.26 3.65 3.68 4.27 4.72 5.51 7.36 9.71 11.98 16.10 19.45 18.67
7.35 7.84 8.15 7.95 8.20 8.87 9.70 10.49 11.98 13.67 15.70 18.76 16.76 8.60 5.33 3.69 3.48 4.85 7.60 11.59 13.63 12.57 8.05 6.43 8.99 11.46 11.94 11.13 9.07 7.57 7.70 8.68 9.48 8.58 8.65 10.79 11.21 9.96 10.53 11.51 10.62 9.43 9.82 12.92 18.18 19.78 17.69 15.47 13.96 12.82 11.87 11.18 10.80 10.32 9.59 9.20 9.54 10.50 11.42 11.19 10.48 10.20 10.07 9.93 10.03 10.29 10.33 10.50 11.22 11.43 10.23 8.20 6.18 4.29 3.02 2.38 2.45 2.93 3.81 5.51 7.53 10.77 15.72 18.75
7.22 7.67 8.00 7.68 7.86 8.76 9.82 10.39 10.81 12.12 14.48 18.66 20.55 16.38 10.98 6.56 4.77 5.33 6.80 9.15 13.31 17.07 17.92 17.55 16.83 15.42 12.77 9.21 7.40 7.05 7.60 9.05 11.24 11.37 10.07 10.26 10.78 9.81 8.75 9.22 9.18 8.02 7.85 9.82 14.83 18.67 18.06 15.95 14.45 13.07 12.19 11.56 10.74 10.15 9.59 9.02 8.96 9.80 10.82 11.00 10.62 10.25 9.91 9.69 9.84 10.15 10.31 10.43 10.76 11.18 11.44 10.74 8.75 6.46 4.51 2.79 1.55 1.41 2.06 3.14 5.03 7.72 10.97 14.77
7.31 7.65 7.95 7.57 7.38 7.94 9.08 10.00 10.29 10.83 12.42 16.10 20.72 22.34 19.28 11.25 7.32 7.25 8.66 12.12 15.57 17.50 19.06 18.62 16.47 13.81 10.38 7.43 6.13 5.91 6.57 7.94 10.97 13.52 13.83 12.25 10.58 9.56 8.35 7.82 7.59 6.86 6.25 6.97 10.68 16.41 17.95 15.70 14.05 12.95 12.04 11.68 11.21 10.63 10.01 9.48 9.23 9.51 10.14 10.31 10.17 10.09 10.01 9.95 10.01 10.22 10.33 10.41 10.61 10.75 11.22 11.71 10.72 8.24 6.05 4.34 2.29 1.15 1.05 1.40 2.45 4.73 7.63 10.64
7.18 7.35 7.40 6.84 6.42 6.43 6.85 7.99 8.86 9.36 10.22 12.39 16.01 20.39 22.61 20.86 13.81 10.40 11.35 13.41 12.86 11.11 12.95 14.57 13.64 12.21 10.62 8.39 6.31 5.40 5.66 6.24 8.10 11.57 15.12 16.39 13.91 10.05 8.12 7.42 6.78 6.04 5.11 4.80 6.71 12.60 17.13 17.24 15.65 14.33 13.15 12.19 11.32 10.75 10.16 9.72 9.60 9.70 9.99 10.12 10.13 10.20 10.19 10.15 10.20 10.33 10.36 10.42 10.61 10.78 11.14 11.97 12.26 10.69 7.99 5.97 3.89 1.75 1.16 1.12 0.83 1.25 3.26 6.45
7.35 7.56 7.73 7.08 6.36 6.32 6.24 6.09 6.34 6.88 7.41 8.01 9.29 12.00 16.56 20.74 19.05 14.98 12.71 10.79 7.91 7.19 9.29 13.28 14.96 13.36 11.20 9.88 8.45 6.91 5.76 5.28 5.79 8.42 12.32 16.94 18.63 14.70 10.04 8.39 7.38 6.34 5.46 4.67 4.90 7.87 14.19 17.26 16.99 15.33 13.77 12.69 11.22 10.35 9.86 9.45 9.44 9.80 10.20 10.25 10.06 9.99 10.07 10.10 10.19 10.37 10.42 10.41 10.54 10.84 11.21 11.82 12.63 12.65 11.08 8.65 5.99 3.24 1.69 1.30 1.19 1.04 0.50 1.35
7.75 7.99 8.51 8.28 7.32 7.31 7.72 7.44 6.21 4.84 4.34 4.52 5.27 7.05 9.72 13.56 16.46 14.38 10.27 7.07 6.43 6.78 7.71 10.73 15.14 15.67 12.26 10.91 10.28 8.99 7.27 6.04 5.87 6.83 9.30 13.63 19.11 20.60 16.98 12.94 10.83 9.38 8.46 7.07 5.65 5.80 9.47 13.82 15.75 14.88 13.21 12.30 11.31 10.40 9.78 9.12 8.76 9.14 9.71 9.89 9.65 9.27 9.25 9.67 9.93 10.17 10.39 10.32 10.33 10.64 11.22 11.83 12.40 13.02 12.83 11.64 8.99 5.48 3.56 2.41 1.19 1.07 1.25 1.02
7.80 7.76 8.08 8.58 8.23 7.89 8.58 9.71 9.71 6.96 4.36 3.81 4.25 5.56 7.57 9.63 12.85 13.25 8.92 5.74 5.73 6.53 7.38 8.68 12.22 16.44 15.22 10.88 8.88 7.84 6.75 5.89 5.47 5.92 7.77 10.68 15.16 20.37 22.19 20.67 17.58 14.94 13.18 11.17 8.88 6.76 6.66 9.48 13.03 13.84 12.51 11.69 11.14 10.49 9.89 9.22 8.73 8.84 9.27 9.48 9.48 9.24 8.75 9.08 9.54 9.72 10.00 10.00 9.94 10.22 10.87 11.65 12.30 13.06 13.24 12.78 11.33 8.17 6.08 5.18 3.33 1.02 0.93 1.31
7.85 7.57 7.49 8.28 8.80 8.31 8.04 9.23 11.49 11.95 8.72 6.27 5.63 5.84 6.61 8.39 11.76 14.29 14.33 10.71 7.84 7.63 8.13 8.76 10.27 15.49 17.34 12.66 8.39 6.52 5.38 4.66 4.52 5.24 6.75 8.78 11.33 15.15 19.39 21.78 21.00 18.68 17.04 15.63 13.55 10.54 8.18 8.20 10.71 12.29 11.64 10.92 10.64 10.33 9.96 9.54 9.19 9.22 9.67 10.08 10.29 10.26 9.70 9.42 9.60 9.56 9.62 9.50 9.22 9.51 10.28 11.07 11.76 12.94 13.98 13.71 12.30 9.17 6.80 6.42 5.62 3.10 0.52 0.84
8.49 8.30 8.05 8.47 9.13 8.86 8.05 7.99 9.62 12.60 13.33 11.38 10.42 9.31 8.34 8.92 10.81 13.50 15.87 15.76 12.94 9.62 8.32 8.00 8.74 12.82 18.02 18.24 13.39 9.24 7.29 6.04 5.09 5.06 5.56 6.51 8.51 10.99 14.03 17.41 19.51 19.20 17.98 17.10 15.89 13.97 11.48 9.83 10.41 11.70 11.61 10.84 10.30 10.02 9.74 9.45 9.31 9.41 9.69 10.09 10.48 10.55 10.28 9.98 9.99 9.95 9.78 9.49 8.63 8.15 9.06 10.26 10.96 11.85 13.72 15.05 14.24 10.47 6.70 6.00 6.15 4.91 2.42 0.46
8.87 9.17 9.08 9.03 9.38 9.51 9.01 8.21 7.93 9.29 12.02 12.94 12.51 11.83 10.31 8.69 8.38 9.83 11.78 14.10 14.38 11.37 8.10 6.47 6.71 8.91 14.32 19.47 18.96 14.53 11.33 9.75 7.92 5.93 5.13 5.04 5.83 8.11 10.98 13.91 16.36 17.50 17.03 16.29 16.13 15.31 13.35 11.37 11.07 11.84 11.91 11.27 10.41 9.79 9.36 9.07 9.11 9.35 9.42 9.58 10.00 10.28 10.33 10.28 10.33 10.42 10.24 10.10 9.18 7.31 6.84 8.29 9.80 10.91 12.77 15.36 16.41 14.14 8.72 6.27 5.82 5.11 3.89 2.16
8.47 9.36 9.73 9.03 9.02 9.23 9.17 8.77 7.78 7.01 7.67 8.90 9.78 10.49 10.27 7.53 5.70 6.55 8.19 10.13 11.54 10.47 8.09 6.32 5.94 6.77 9.80 15.54 19.45 18.64 15.46 12.78 10.82 8.35 5.97 5.16 5.07 6.21 8.87 11.42 12.70 14.68 15.92 15.44 15.17 14.75 13.35 11.44 10.81 11.20 11.27 10.90 10.34 9.75 9.28 8.88 8.88 9.29 9.57 9.86 10.22 10.42 10.55 10.59 10.68 10.81 10.61 10.57 10.43 8.32 5.52 5.05 6.71 8.66 11.08 14.40 17.07 17.24 14.10 9.24 6.38 5.16 4.52 3.66
7.35 8.14 9.39 9.15 8.36 7.90 7.78 8.02 8.03 7.47 6.88 6.98 7.48 9.00 10.62 9.13 7.27 6.35 6.51 7.60 8.51 8.02 7.28 6.60 5.83 5.86 7.34 11.26 16.21 18.84 17.19 13.59 11.06 9.49 7.83 6.14 5.57 5.68 7.84 10.31 10.70 12.01 14.23 14.41 13.74 13.43 12.56 11.04 10.38 10.50 10.47 10.24 9.91 9.49 9.07 8.73 8.76 9.28 9.62 9.95 10.38 10.63 10.72 10.64 10.69 10.94 10.84 10.60 10.88 10.05 6.72 3.81 3.11 3.65 5.73 10.01 14.81 17.66 17.99 15.48 10.16 6.58 5.33 4.69
6.62 6.73 7.80 9.05 8.82 7.44 6.26 6.06 6.78 7.83 8.30 8.16 7.78 9.26 11.49 12.36 11.85 9.99 7.53 6.84 7.00 6.10 5.36 5.15 4.81 4.75 5.43 7.96 12.17 16.45 18.51 16.60 12.65 10.39 8.99 7.00 5.69 5.51 7.12 10.25 10.87 10.84 12.19 12.92 12.90 13.03 12.46 11.07 10.37 10.30 10.21 10.04 9.72 9.37 8.92 8.60 8.75 9.21 9.50 9.70 10.08 10.51 10.86 10.89 10.85 10.92 10.94 10.83 10.95 11.11 9.45 5.60 2.85 1.79 1.61 3.84 9.25 14.04 16.97 18.17 15.63 9.65 7.06 5.79
7.45 6.76 6.35 7.87 9.68 9.52 7.45 5.73 5.31 6.15 7.74 8.66 8.70 9.31 10.67 11.98 12.92 13.10 12.31 10.28 8.24 6.20 4.80 4.01 3.53 3.65 4.25 5.39 8.35 12.26 16.68 19.17 17.66 13.53 10.29 7.78 6.44 6.17 6.59 9.41 11.09 10.92 11.07 11.39 11.80 12.37 12.22 11.21 10.53 10.23 9.98 9.92 9.81 9.68 9.38 8.97 8.93 9.16 9.42 9.60 9.80 10.16 10.67 11.16 11.55 11.65 11.56 11.72 11.78 11.86 11.40 8.92 4.88 2.24 1.02 1.13 4.08 8.85 12.37 15.92 17.18 14.31 11.42 9.33
8.73 7.94 6.61 6.62 8.41 10.66 10.93 8.91 6.94 6.10 6.36 7.63 8.41 8.18 8.01 8.83 10.42 11.86 13.11 14.51 13.71 10.17 6.92 4.76 3.51 3.27 3.59 3.96 5.34 7.96 11.32 16.09 19.17 17.99 14.47 11.50 9.65 8.03 6.78 8.15 10.37 10.84 10.76 10.37 10.46 11.16 11.35 10.90 10.50 10.14 9.70 9.34 9.25 9.60 9.84 9.56 9.21 9.23 9.47 9.59 9.70 10.05 10.42 11.12 12.47 13.67 13.84 13.83 13.68 13.53 13.36 12.09 8.37 4.12 1.92 1.01 1.99 5.29 8.38 11.78 14.82 14.73 13.04 11.77
9.15 9.18 7.64 5.64 5.42 7.31 10.70 11.99 11.28 9.83 7.61 6.90 7.19 6.34 5.89 6.49 7.53 8.57 9.53 12.58 16.09 16.78 14.00 9.73 6.82 4.78 3.65 3.45 3.74 5.08 7.07 11.02 16.17 19.23 18.54 15.75 13.07 11.09 8.87 8.42 9.81 10.64 10.68 10.18 9.94 10.32 10.61 10.54 10.31 10.01 9.56 8.79 7.84 7.82 8.85 9.42 9.51 9.54 9.77 9.96 10.06 10.39 10.63 11.17 12.94 15.41 17.18 17.92 17.90 17.82 17.33 16.54 13.61 8.09 4.68 3.08 2.78 4.35 6.25 7.99 10.68 12.05 11.00 9.60
8.60 9.61 9.07 5.89 4.18 4.27 6.02 9.36 11.99 12.52 11.10 8.34 6.31 4.62 4.23 4.69 5.63 6.58 7.04 8.20 11.78 16.34 18.32 17.63 14.94 11.09 7.24 4.38 3.28 3.33 4.24 6.57 10.83 15.56 18.43 17.53 15.05 13.30 11.57 10.14 10.45 11.22 11.26 10.87 10.41 10.18 10.17 10.23 10.12 9.83 9.48 8.96 7.46 5.70 5.91 7.50 8.67 9.24 9.73 10.37 10.69 10.83 10.93 11.11 12.04 13.95 16.32 18.44 19.96 20.91 20.90 20.29 18.88 15.12 9.10 6.62 5.90 6.98 7.86 7.90 8.79 10.47 9.92 7.75
8.22 9.61 10.69 8.54 5.54 4.04 3.54 4.34 7.08 10.02 12.10 11.16 6.68 4.17 3.86 4.27 5.17 5.92 5.94 5.62 6.26 8.94 13.13 16.91 17.92 17.15 15.07 10.78 6.41 4.53 4.29 4.74 6.17 9.89 15.15 16.76 15.27 13.22 12.02 11.18 11.08 11.63 11.72 11.43 11.01 10.49 10.12 10.01 9.92 9.67 9.42 9.30 8.55 6.49 4.94 5.33 6.87 8.16 8.82 9.52 10.26 10.68 10.68 10.50 10.39 10.28 10.56 12.01 14.54 17.82 20.20 20.71 20.30 18.57 14.10 10.25 9.63 10.27 11.36 10.89 9.22 10.05 10.22 7.90
8.87 9.13 10.46 11.28 8.98 6.08 3.99 2.69 2.77 4.21 8.28 12.31 9.23 5.86 5.50 5.31 5.31 5.47 5.05 4.06 3.64 4.09 5.94 9.37 12.18 14.22 15.95 16.17 13.88 10.36 7.43 5.49 4.92 5.97 11.01 13.60 13.11 11.91 11.37 11.20 11.12 11.43 11.56 11.41 11.10 10.63 10.17 9.98 9.93 9.80 9.57 9.40 9.09 7.87 5.76 4.54 5.31 6.85 7.71 8.22 9.25 10.35 10.63 10.01 9.23 8.56 7.93 7.67 8.42 10.76 14.86 18.18 19.65 19.37 16.61 13.25 11.61 11.60 13.15 13.29 10.93 10.56 10.52 8.58
10.12 8.55 8.00 10.69 12.19 10.73 7.73 4.92 2.98 2.52 4.98 11.09 12.39 11.08 10.44 9.31 8.26 7.25 5.64 4.00 2.93 2.59 2.95 4.01 5.52 7.14 9.45 13.21 15.25 15.24 13.00 9.37 6.70 5.86 8.47 11.06 11.14 10.46 10.34 10.71 11.03 11.27 11.40 11.26 10.97 10.58 10.15 9.96 10.04 10.04 9.90 9.55 8.99 7.94 6.16 4.61 4.61 5.83 7.48 8.46 9.15 10.19 11.01 10.76 9.76 9.03 8.33 7.20 6.56 6.85 8.53 12.83 17.96 19.45 17.15 14.14 11.69 10.87 13.06 14.86 13.20 11.85 11.16 9.73
11.87 8.82 5.97 7.69 11.43 13.94 14.06 11.26 7.69 4.80 5.62 9.82 12.81 14.72 15.59 15.37 14.69 13.91 12.19 9.49 7.21 5.39 3.94 2.98 2.94 3.41 3.98 5.44 8.43 11.79 13.99 13.39 10.52 7.79 8.15 10.01 10.24 9.82 9.64 10.03 10.68 11.11 11.34 11.35 11.10 10.71 10.37 10.08 10.02 9.95 9.87 9.69 9.02 7.86 6.58 5.44 5.07 5.69 7.30 8.63 9.13 9.56 10.41 11.34 11.62 11.49 10.98 9.65 8.52 7.89 7.32 8.65 13.91 18.11 17.33 14.78 12.09 9.50 10.41 14.40 15.35 13.99 12.87 11.49
13.98 9.77 5.26 4.96 6.70 10.80 14.35 15.79 13.78 9.50 9.14 10.58 11.74 12.60 13.92 15.35 16.00 16.57 17.26 17.50 16.81 14.72 11.49 8.01 4.81 3.21 2.67 2.49 2.98 4.37 7.38 11.45 11.29 8.99 8.75 10.00 10.31 10.01 9.84 9.91 10.35 10.86 11.26 11.62 11.62 11.17 10.75 10.48 10.30 10.04 10.00 10.11 9.40 7.67 6.14 4.92 4.64 5.33 6.11 7.17 8.01 8.44 9.01 10.16 11.59 12.78 13.64 13.86 13.65 13.24 12.34 11.75 13.70 17.15 17.60 16.27 14.98 12.27 10.79 13.64 16.69 16.99 15.87 12.98
