windninja/windninja_output/Output_2025-10-23_1200-1250_Google earth_Fire_150m_10min/merlingen_7.5mi_point_10-23-2025_1250_150m_vel.asc
ncols	158
nrows	163
xllcorner	391686.332397
yllcorner	5160024.123721
cellsize	150.000000
NODATA_value	-32768.000000
[rows 0 to 36 of 163, columns 0 to 83 of 158]
3.69 3.74 3.75 3.69 3.78 3.85 3.62 3.50 3.71 3.74 3.60 3.44 3.56 4.12 4.46 4.38 4.13 3.81 3.89 4.15 3.70 3.13 3.49 3.93 4.07 3.93 3.64 3.62 3.90 3.97 3.94 4.02 4.05 3.94 4.02 4.25 4.04 3.90 3.96 3.82 3.91 4.13 4.16 4.18 4.18 4.11 4.13 3.91 3.79 4.07 4.30 4.45 4.62 4.68 4.66 4.70 4.73 4.77 4.77 4.68 4.67 4.86 5.02 5.08 5.22 5.48 5.69 5.64 5.36 5.05 4.96 5.09 5.22 5.31 5.47 5.54 5.50 5.43 5.20 5.08 5.22 5.34 5.53 5.50
3.67 3.79 3.79 3.69 3.84 3.86 3.57 3.49 3.73 3.72 3.48 3.13 3.07 3.69 4.35 4.61 4.43 4.02 4.13 4.28 3.59 2.89 3.10 3.74 4.16 4.06 3.66 3.54 3.78 3.89 3.90 3.97 4.02 3.96 3.99 4.28 4.17 4.01 4.03 3.85 3.87 4.07 4.16 4.29 4.31 4.24 4.32 4.11 3.77 3.84 4.06 4.21 4.39 4.51 4.52 4.58 4.67 4.77 4.86 4.75 4.59 4.69 4.88 4.96 4.99 5.16 5.46 5.64 5.53 5.18 4.97 5.04 5.18 5.26 5.39 5.49 5.56 5.64 5.45 5.17 5.22 5.34 5.50 5.63
3.63 3.93 3.91 3.75 3.94 3.77 3.50 3.61 3.82 3.71 3.26 2.56 2.37 3.04 4.10 4.92 4.89 4.46 4.51 4.34 3.53 2.77 2.62 3.22 4.07 4.21 3.81 3.56 3.64 3.76 3.88 3.94 3.94 3.98 4.04 4.20 4.27 4.21 4.13 3.94 3.90 3.99 4.12 4.38 4.41 4.36 4.47 4.45 4.07 3.80 3.87 4.03 4.22 4.39 4.41 4.46 4.59 4.71 4.92 4.94 4.71 4.62 4.74 4.85 4.77 4.82 5.17 5.61 5.76 5.41 5.03 5.01 5.10 5.13 5.23 5.36 5.59 5.95 5.82 5.35 5.26 5.55 5.64 5.66
3.55 4.01 4.06 3.86 3.99 3.64 3.48 3.82 3.94 3.66 3.00 2.17 2.12 2.75 3.78 5.00 5.11 4.77 4.67 4.32 3.66 3.05 2.53 2.65 3.60 4.08 3.97 3.77 3.64 3.74 3.97 4.04 4.00 4.03 4.03 4.07 4.16 4.23 4.17 4.02 3.97 4.00 4.17 4.37 4.39 4.38 4.41 4.49 4.45 4.26 4.12 4.13 4.32 4.52 4.52 4.47 4.52 4.59 4.72 4.90 4.85 4.67 4.68 4.79 4.76 4.76 5.03 5.51 5.78 5.48 5.10 5.05 5.08 5.03 5.05 5.07 5.26 5.83 6.03 5.49 5.16 5.72 6.05 5.72
3.51 3.96 4.16 4.00 4.05 3.74 3.66 4.00 3.98 3.46 2.69 2.03 2.01 2.70 3.88 4.98 5.21 4.89 4.59 4.37 3.96 3.42 2.69 2.35 3.07 3.65 3.84 3.85 3.73 3.82 4.06 4.27 4.35 4.22 4.01 4.03 4.12 4.19 4.23 4.09 3.94 3.99 4.24 4.38 4.39 4.42 4.40 4.37 4.43 4.46 4.33 4.22 4.31 4.53 4.63 4.58 4.56 4.56 4.57 4.68 4.76 4.65 4.63 4.73 4.75 4.75 4.93 5.43 5.77 5.46 5.15 5.09 5.08 5.03 5.02 4.98 4.91 5.24 5.75 5.60 5.04 5.28 6.00 5.91
3.68 3.91 4.08 4.09 4.16 4.00 3.97 4.11 3.80 3.12 2.51 2.09 1.94 2.70 4.08 4.82 5.13 4.95 4.51 4.39 4.25 3.87 2.99 2.31 2.63 3.15 3.38 3.58 3.66 3.73 3.96 4.33 4.60 4.51 4.25 4.14 4.21 4.24 4.26 4.18 4.00 4.00 4.19 4.29 4.33 4.41 4.38 4.30 4.31 4.35 4.38 4.38 4.36 4.45 4.61 4.66 4.62 4.58 4.54 4.58 4.66 4.65 4.65 4.74 4.76 4.75 4.89 5.39 5.74 5.52 5.37 5.35 5.15 4.96 5.08 5.32 5.30 5.16 5.24 5.45 5.26 5.03 5.43 5.74
3.99 4.02 4.00 4.08 4.25 4.23 4.21 4.05 3.50 2.91 2.51 2.21 2.01 2.74 4.13 4.65 4.82 4.87 4.62 4.46 4.47 4.28 3.39 2.44 2.40 2.71 2.93 3.20 3.39 3.47 3.72 4.17 4.49 4.53 4.50 4.43 4.35 4.33 4.31 4.25 4.14 4.10 4.16 4.18 4.19 4.29 4.29 4.23 4.22 4.18 4.26 4.47 4.55 4.55 4.66 4.71 4.65 4.58 4.51 4.50 4.57 4.65 4.78 4.91 4.92 4.84 4.90 5.34 5.63 5.45 5.56 5.86 5.66 5.13 5.08 5.51 5.83 5.70 5.26 5.37 5.67 5.42 5.27 5.51
4.19 4.22 4.12 4.09 4.25 4.31 4.28 3.92 3.35 2.92 2.63 2.35 2.16 2.79 4.02 4.53 4.44 4.62 4.69 4.52 4.60 4.59 3.84 2.81 2.34 2.33 2.64 2.97 3.06 3.16 3.53 3.95 4.16 4.26 4.43 4.51 4.40 4.32 4.33 4.28 4.23 4.19 4.19 4.18 4.16 4.16 4.15 4.14 4.08 4.01 4.08 4.32 4.49 4.66 4.87 4.84 4.69 4.62 4.50 4.43 4.42 4.47 4.76 5.11 5.25 5.12 5.02 5.30 5.52 5.30 5.32 5.85 6.00 5.56 5.18 5.29 5.78 5.93 5.45 5.39 5.85 5.60 5.26 5.53
4.30 4.37 4.34 4.21 4.21 4.26 4.17 3.81 3.39 3.08 2.82 2.53 2.31 2.72 3.84 4.40 4.26 4.38 4.57 4.54 4.67 4.72 4.19 3.32 2.52 2.14 2.42 2.80 2.76 2.91 3.48 3.74 3.79 4.07 4.37 4.43 4.28 4.20 4.25 4.28 4.25 4.23 4.17 4.16 4.19 4.11 4.04 4.06 3.94 3.79 4.01 4.23 4.20 4.47 4.97 4.96 4.72 4.68 4.57 4.38 4.24 4.05 4.15 4.70 5.20 5.36 5.22 5.25 5.44 5.36 5.24 5.42 5.61 5.54 5.29 5.20 5.57 5.78 5.51 5.50 5.92 5.62 4.99 5.27
4.38 4.46 4.51 4.36 4.20 4.16 4.05 3.78 3.51 3.25 3.01 2.72 2.44 2.66 3.55 4.19 4.24 4.27 4.31 4.50 4.70 4.69 4.41 3.70 2.89 2.25 2.17 2.56 2.62 2.79 3.47 3.57 3.47 3.91 4.37 4.40 4.19 4.11 4.20 4.28 4.29 4.29 4.21 4.14 4.20 4.07 3.93 4.02 3.86 3.54 3.79 4.15 4.01 4.21 4.80 4.96 4.64 4.54 4.51 4.30 4.11 3.83 3.53 3.77 4.50 5.04 5.15 5.12 5.17 5.39 5.52 5.42 5.25 5.24 5.25 5.22 5.42 5.39 5.32 5.83 6.29 6.09 5.16 4.66
4.48 4.54 4.60 4.45 4.23 4.11 4.01 3.84 3.61 3.37 3.16 2.89 2.59 2.62 3.24 3.96 4.23 4.27 4.16 4.32 4.59 4.62 4.51 3.92 3.21 2.59 2.08 2.30 2.60 2.81 3.35 3.46 3.33 3.74 4.22 4.30 4.17 4.08 4.16 4.27 4.33 4.38 4.31 4.19 4.26 4.12 3.81 3.91 3.84 3.40 3.52 3.84 3.81 4.06 4.49 4.80 4.55 4.25 4.20 4.09 4.02 3.76 3.21 3.15 3.79 4.30 4.60 4.64 4.55 5.03 5.59 5.60 5.28 5.13 5.23 5.33 5.46 5.14 4.78 5.49 6.37 6.69 6.06 4.97
4.60 4.63 4.64 4.49 4.27 4.14 4.06 3.90 3.67 3.45 3.27 3.03 2.74 2.63 3.07 3.82 4.17 4.25 4.18 4.19 4.38 4.46 4.44 4.02 3.43 2.83 2.20 2.24 2.62 2.86 3.19 3.38 3.37 3.63 3.97 4.08 4.09 4.07 4.13 4.18 4.28 4.43 4.37 4.23 4.39 4.35 3.90 3.80 3.85 3.54 3.44 3.48 3.50 3.89 4.21 4.47 4.43 4.14 3.94 3.87 3.98 3.77 3.13 2.98 3.41 3.62 3.85 3.91 3.77 4.40 5.27 5.59 5.44 5.13 5.29 5.71 6.03 5.82 5.07 5.03 5.84 6.67 6.79 6.22
4.72 4.71 4.66 4.51 4.32 4.23 4.12 3.93 3.72 3.52 3.34 3.13 2.85 2.66 3.03 3.82 4.14 4.14 4.19 4.21 4.22 4.22 4.21 3.99 3.53 2.92 2.44 2.42 2.67 2.88 3.09 3.33 3.45 3.55 3.72 3.93 4.01 4.02 4.06 4.05 4.19 4.40 4.31 4.26 4.50 4.57 4.28 4.05 4.05 3.92 3.64 3.44 3.46 3.89 4.25 4.20 4.11 3.98 3.83 3.93 4.17 3.96 3.45 3.25 3.29 3.27 3.24 3.09 2.95 3.61 4.51 5.15 5.38 5.03 5.02 5.64 6.22 6.45 6.06 5.54 5.63 6.18 6.61 6.69
4.83 4.80 4.69 4.54 4.39 4.29 4.14 3.93 3.77 3.59 3.41 3.22 2.90 2.70 3.09 3.87 4.23 4.07 4.07 4.20 4.11 3.96 3.94 3.82 3.48 3.02 2.67 2.66 2.77 2.90 3.12 3.32 3.47 3.46 3.49 3.86 4.05 4.01 3.97 3.89 4.12 4.30 4.14 4.14 4.37 4.41 4.24 4.31 4.58 4.51 4.02 3.66 3.60 4.05 4.53 4.22 3.77 3.53 3.57 4.12 4.57 4.31 3.99 3.69 3.34 3.19 3.02 2.80 2.40 2.47 3.41 4.31 4.91 4.71 4.41 4.60 5.16 5.77 5.92 5.64 5.47 5.62 5.88 6.26
4.92 4.87 4.74 4.59 4.45 4.31 4.14 3.97 3.84 3.66 3.47 3.31 2.98 2.74 3.11 3.94 4.37 4.08 3.89 4.04 3.95 3.70 3.66 3.62 3.42 3.11 2.83 2.83 2.87 2.93 3.24 3.44 3.42 3.36 3.37 3.74 4.04 4.10 4.00 3.87 4.04 4.13 4.15 4.20 4.18 4.16 3.93 3.86 4.56 5.18 4.83 4.10 3.87 4.37 4.89 4.56 3.75 3.13 3.21 4.21 5.00 4.79 4.49 4.15 3.77 3.55 3.24 3.03 2.55 1.88 2.07 3.33 4.15 4.21 3.94 3.95 4.38 4.86 5.11 5.04 4.86 4.86 5.08 5.57
5.00 4.94 4.79 4.65 4.48 4.32 4.16 4.01 3.90 3.72 3.55 3.38 3.12 2.83 3.08 4.02 4.42 4.08 3.74 3.75 3.71 3.47 3.40 3.43 3.41 3.22 2.88 2.85 2.97 2.98 3.33 3.57 3.40 3.36 3.45 3.59 3.87 4.09 4.03 4.00 4.05 3.97 4.25 4.52 4.16 4.11 4.17 3.60 3.66 4.82 5.41 4.82 4.44 4.85 5.26 5.39 4.69 3.45 3.19 4.19 5.11 5.16 4.78 4.30 4.41 4.56 3.98 3.59 3.16 1.91 1.47 2.27 3.18 3.46 3.54 3.75 4.11 4.49 4.76 4.96 4.64 4.33 4.56 4.90
5.06 5.00 4.85 4.69 4.50 4.34 4.20 4.05 3.94 3.79 3.63 3.45 3.27 3.01 3.15 3.95 4.31 4.04 3.69 3.53 3.46 3.28 3.16 3.25 3.41 3.32 2.94 2.78 2.99 3.13 3.38 3.54 3.39 3.45 3.62 3.65 3.79 3.97 4.00 4.08 4.13 4.00 4.30 4.68 4.38 4.16 4.45 4.17 3.63 4.06 4.92 5.03 4.84 4.99 5.25 5.66 5.66 4.52 3.64 4.41 5.24 5.35 4.90 4.23 4.49 5.13 4.82 4.20 3.83 2.81 1.72 1.78 2.33 2.53 2.88 3.39 3.81 4.35 4.77 5.05 4.80 4.39 4.45 4.60
5.11 5.05 4.90 4.72 4.54 4.38 4.24 4.10 3.97 3.84 3.70 3.51 3.38 3.21 3.27 3.76 4.10 3.94 3.66 3.45 3.28 3.12 3.02 3.13 3.33 3.31 3.03 2.81 2.92 3.18 3.40 3.41 3.36 3.56 3.84 3.95 3.93 3.92 3.97 4.12 4.20 4.16 4.30 4.50 4.49 4.33 4.33 4.40 4.35 4.28 4.34 4.52 4.72 4.91 5.04 5.35 5.75 5.34 4.49 4.71 5.42 5.57 5.04 4.44 4.50 5.17 5.37 4.79 4.23 3.67 2.82 2.02 2.13 2.18 2.09 2.65 3.29 4.05 4.78 4.89 4.65 4.50 4.40 4.49
5.15 5.09 4.94 4.75 4.58 4.42 4.27 4.16 4.01 3.86 3.73 3.58 3.45 3.36 3.35 3.58 3.85 3.77 3.54 3.36 3.18 3.07 3.01 3.07 3.21 3.23 3.11 2.95 2.92 3.10 3.27 3.27 3.31 3.57 3.96 4.23 4.19 3.97 3.88 4.08 4.16 4.19 4.37 4.37 4.42 4.52 4.32 4.09 4.38 4.67 4.43 4.19 4.29 4.63 4.89 5.12 5.47 5.52 5.06 4.95 5.53 5.75 5.23 4.75 4.69 5.05 5.54 5.28 4.60 4.21 3.60 2.82 2.69 2.52 1.99 2.04 2.60 3.48 4.47 4.61 4.42 4.40 4.10 4.16
5.20 5.13 4.98 4.79 4.61 4.46 4.32 4.20 4.04 3.85 3.73 3.65 3.53 3.42 3.39 3.47 3.59 3.54 3.41 3.28 3.14 3.07 3.03 3.02 3.11 3.16 3.13 3.05 2.99 3.02 3.07 3.12 3.27 3.53 3.92 4.26 4.33 4.05 3.84 4.08 4.18 4.24 4.46 4.47 4.48 4.65 4.61 4.13 4.11 4.67 4.71 4.31 4.05 4.15 4.57 4.91 5.24 5.53 5.40 5.17 5.48 5.78 5.34 4.83 4.77 4.96 5.35 5.42 5.05 4.66 4.06 3.46 3.40 3.31 2.76 2.42 2.65 3.39 4.24 4.57 4.53 4.43 4.00 3.82
5.25 5.19 5.02 4.81 4.64 4.50 4.36 4.22 4.05 3.84 3.73 3.70 3.56 3.42 3.38 3.37 3.38 3.37 3.31 3.20 3.11 3.06 3.01 2.98 3.04 3.11 3.11 3.06 3.03 2.99 2.90 2.96 3.30 3.68 4.02 4.32 4.47 4.22 3.94 4.13 4.24 4.32 4.50 4.58 4.65 4.72 4.73 4.38 4.15 4.56 4.81 4.60 4.21 3.92 4.08 4.41 4.80 5.30 5.62 5.50 5.52 5.94 5.68 4.94 4.84 5.01 5.13 5.33 5.25 4.88 4.39 3.92 3.75 3.67 3.28 2.99 3.36 4.11 4.81 5.01 4.88 4.64 4.21 3.74
5.33 5.24 5.02 4.83 4.68 4.53 4.38 4.23 4.06 3.85 3.75 3.70 3.57 3.42 3.34 3.29 3.25 3.27 3.24 3.14 3.05 3.02 2.98 2.94 2.97 3.05 3.08 3.05 3.04 2.96 2.79 2.79 3.24 3.80 4.03 4.28 4.58 4.41 4.07 4.14 4.28 4.42 4.60 4.72 4.83 4.83 4.73 4.50 4.33 4.54 4.85 4.81 4.54 4.14 3.91 4.01 4.31 4.74 5.35 5.75 5.75 6.13 6.08 5.22 4.99 5.02 4.93 5.20 5.32 4.96 4.55 4.31 4.19 3.99 3.33 2.84 3.35 4.49 5.50 5.94 5.64 5.02 4.62 4.04
5.37 5.25 5.03 4.88 4.73 4.55 4.37 4.22 4.06 3.90 3.76 3.66 3.56 3.41 3.30 3.23 3.18 3.20 3.17 3.07 2.99 2.97 2.94 2.87 2.89 2.99 3.02 3.04 3.06 2.98 2.73 2.63 3.13 3.77 3.96 4.13 4.40 4.46 4.21 4.10 4.20 4.41 4.69 4.93 5.04 4.97 4.80 4.60 4.48 4.57 4.89 4.90 4.75 4.50 4.11 3.97 4.13 4.35 4.69 5.53 5.93 6.27 6.34 5.57 5.16 5.01 4.87 5.17 5.41 5.22 4.84 4.60 4.63 4.52 3.65 2.77 2.87 3.94 5.31 6.43 6.71 6.08 5.57 4.74
5.39 5.27 5.09 4.95 4.76 4.54 4.35 4.19 4.07 3.95 3.78 3.61 3.51 3.39 3.26 3.18 3.13 3.13 3.10 2.99 2.93 2.93 2.88 2.80 2.83 2.92 2.95 3.04 3.13 3.03 2.72 2.53 2.99 3.62 3.94 4.14 4.22 4.28 4.27 4.10 4.07 4.30 4.64 5.05 5.29 5.09 4.83 4.80 4.64 4.60 4.94 4.97 4.83 4.75 4.40 4.09 4.17 4.20 4.16 4.94 5.87 6.41 6.53 5.84 5.09 4.78 4.80 5.09 5.32 5.30 5.05 4.80 4.86 4.73 4.07 3.15 2.68 3.15 4.21 5.65 6.88 6.98 6.64 5.90
5.42 5.31 5.13 4.98 4.76 4.52 4.32 4.18 4.10 3.98 3.78 3.56 3.44 3.37 3.25 3.14 3.09 3.06 3.03 2.92 2.86 2.86 2.80 2.73 2.76 2.82 2.88 3.08 3.31 3.15 2.76 2.58 2.84 3.37 3.85 4.17 4.26 4.27 4.24 4.08 3.97 4.13 4.48 5.05 5.45 5.16 4.89 5.02 4.90 4.75 4.92 5.00 4.90 4.84 4.62 4.31 4.30 4.26 4.00 4.35 5.42 6.39 6.66 6.07 5.00 4.41 4.47 4.77 5.04 5.14 4.96 4.80 4.89 4.70 4.16 3.56 2.88 2.66 3.19 4.34 5.93 6.93 7.24 7.17
5.45 5.34 5.15 4.97 4.76 4.52 4.31 4.21 4.14 3.97 3.74 3.52 3.40 3.34 3.21 3.10 3.05 3.00 2.94 2.86 2.80 2.78 2.73 2.66 2.65 2.67 2.81 3.21 3.64 3.42 2.89 2.72 2.78 3.04 3.58 4.04 4.34 4.56 4.38 4.01 3.90 3.97 4.26 4.94 5.32 5.08 5.08 5.20 5.13 5.06 5.05 5.12 5.01 4.78 4.58 4.36 4.37 4.46 4.25 4.17 4.91 6.06 6.52 6.19 5.43 4.77 4.53 4.66 5.07 5.33 5.16 4.87 4.67 4.42 4.11 3.99 3.84 3.09 2.58 3.22 4.66 6.06 6.96 7.69
5.46 5.36 5.17 4.97 4.77 4.51 4.30 4.25 4.14 3.90 3.68 3.52 3.40 3.27 3.14 3.07 3.01 2.93 2.86 2.80 2.75 2.71 2.65 2.56 2.51 2.46 2.66 3.36 3.93 3.75 3.24 3.00 2.90 2.79 3.07 3.58 4.17 4.87 4.77 4.08 3.85 3.95 4.17 4.78 5.03 4.87 5.28 5.55 5.40 5.28 5.29 5.46 5.33 4.95 4.53 4.13 4.31 4.74 4.76 4.57 5.09 5.91 5.97 5.72 5.63 5.38 4.97 4.87 5.28 5.79 5.80 5.18 4.47 4.12 3.85 4.09 4.80 4.43 2.79 2.37 3.40 4.65 5.67 6.74
5.45 5.38 5.19 4.97 4.76 4.50 4.32 4.27 4.09 3.82 3.64 3.50 3.37 3.22 3.10 3.04 2.97 2.87 2.79 2.75 2.72 2.66 2.56 2.44 2.34 2.22 2.44 3.32 4.04 4.03 3.81 3.55 3.20 2.86 2.74 2.92 3.60 4.80 5.11 4.29 3.83 4.09 4.20 4.53 4.77 4.67 5.22 5.88 5.93 5.43 5.29 5.84 5.91 5.53 4.79 3.82 4.13 5.08 5.36 5.23 5.77 6.13 5.44 4.88 5.08 5.26 5.05 5.00 5.38 5.95 6.26 5.55 4.51 3.97 3.59 3.70 4.80 5.58 4.23 2.49 2.47 3.35 4.29 5.21
5.45 5.39 5.19 4.96 4.74 4.51 4.35 4.25 3.99 3.74 3.60 3.46 3.33 3.20 3.08 3.00 2.91 2.80 2.73 2.72 2.69 2.61 2.48 2.32 2.16 2.02 2.26 3.08 3.85 4.17 4.39 4.31 3.73 3.26 2.90 2.66 3.17 4.45 5.20 4.51 4.03 4.31 4.29 4.41 4.50 4.49 4.91 5.72 6.41 5.89 5.24 5.95 6.44 6.23 5.37 3.90 3.94 5.18 5.89 5.81 6.10 6.29 5.61 4.79 4.73 4.97 4.86 4.97 5.44 5.94 6.37 5.91 4.98 4.26 3.59 3.33 3.94 5.55 5.42 3.52 2.32 2.43 3.31 4.21
5.46 5.38 5.17 4.95 4.74 4.52 4.35 4.17 3.90 3.69 3.55 3.43 3.30 3.19 3.08 2.95 2.86 2.76 2.69 2.70 2.65 2.55 2.41 2.25 2.05 1.88 2.09 2.72 3.32 3.87 4.60 5.05 4.59 3.99 3.39 2.75 2.98 4.25 5.13 4.60 4.30 4.49 4.45 4.65 4.47 4.38 4.77 5.33 6.28 6.37 5.82 6.18 6.80 6.94 6.22 4.70 4.08 4.91 6.20 6.55 6.13 5.81 5.71 5.25 4.80 4.68 4.48 4.77 5.61 6.01 6.00 5.70 5.26 4.67 3.89 3.51 3.89 5.24 5.93 4.68 2.77 1.99 2.52 3.57
5.48 5.38 5.14 4.91 4.73 4.54 4.31 4.06 3.84 3.65 3.51 3.39 3.28 3.17 3.06 2.93 2.82 2.73 2.66 2.66 2.60 2.48 2.37 2.22 2.01 1.86 1.99 2.36 2.73 3.19 4.08 5.05 5.19 4.83 3.93 2.79 2.94 4.12 4.98 4.61 4.34 4.46 4.46 4.83 4.73 4.45 4.70 5.01 5.61 6.00 5.96 6.19 6.75 7.32 6.90 5.46 4.62 4.87 6.14 7.16 6.30 5.06 5.19 5.41 5.03 4.47 4.01 4.37 5.75 6.27 5.53 4.90 4.81 4.56 4.11 4.07 4.32 5.28 6.35 5.83 3.76 2.23 2.23 3.10
5.51 5.37 5.07 4.85 4.76 4.57 4.22 3.97 3.79 3.61 3.46 3.34 3.24 3.14 3.05 2.91 2.79 2.70 2.63 2.62 2.57 2.44 2.34 2.22 2.04 1.92 1.94 2.09 2.33 2.82 3.72 4.63 5.14 5.31 4.34 2.75 2.82 4.07 4.74 4.53 4.35 4.24 4.18 4.55 4.61 4.41 4.57 4.79 4.97 5.10 5.17 5.47 6.01 6.98 6.99 5.83 5.45 5.67 6.35 7.35 6.53 4.89 4.86 5.53 5.51 4.53 3.70 4.15 5.90 6.60 5.35 4.45 4.39 4.18 3.98 4.16 4.49 5.29 6.53 6.77 5.19 3.30 2.65 2.93
5.49 5.32 4.98 4.81 4.81 4.51 4.10 3.89 3.73 3.56 3.40 3.29 3.22 3.12 3.03 2.88 2.76 2.69 2.63 2.60 2.56 2.43 2.29 2.22 2.13 1.95 1.88 1.87 2.01 2.62 3.69 4.54 5.06 5.61 4.71 2.74 2.67 4.03 4.43 4.22 4.30 4.13 4.03 4.30 4.31 4.25 4.55 4.76 4.71 4.82 4.89 4.96 5.27 6.18 6.69 5.96 5.82 6.62 7.32 7.61 6.35 4.69 4.66 5.74 6.29 5.09 3.64 3.93 5.92 6.93 5.64 4.68 4.51 4.11 3.89 4.04 4.42 5.22 6.47 7.26 6.28 4.59 3.61 3.21
5.40 5.24 4.91 4.83 4.79 4.37 4.00 3.81 3.66 3.50 3.34 3.27 3.19 3.08 2.99 2.85 2.75 2.72 2.66 2.59 2.55 2.44 2.26 2.22 2.21 1.99 1.83 1.68 1.68 2.25 3.37 4.40 4.94 5.75 5.40 3.09 2.53 3.91 4.30 4.07 4.27 4.18 4.10 4.31 4.22 4.25 4.59 4.67 4.61 4.82 4.94 4.87 4.91 5.32 5.87 5.65 5.41 6.38 7.94 8.43 6.82 4.65 4.30 5.61 6.96 6.25 4.25 3.60 5.14 6.75 6.21 5.29 4.90 4.33 3.98 3.97 4.21 4.92 6.30 7.64 7.46 6.07 4.97 4.06
5.31 5.16 4.91 4.87 4.70 4.26 3.92 3.72 3.59 3.46 3.32 3.23 3.14 3.05 2.96 2.83 2.78 2.76 2.68 2.60 2.57 2.48 2.31 2.24 2.20 2.03 1.81 1.60 1.52 1.95 2.99 4.01 4.62 5.49 5.83 4.18 2.78 3.64 4.23 4.13 4.30 4.29 4.23 4.34 4.30 4.36 4.50 4.51 4.61 4.80 4.89 4.92 4.91 4.88 5.10 5.28 5.16 5.49 7.09 8.68 7.87 5.28 4.01 4.90 6.98 7.38 5.76 4.11 4.38 5.73 5.98 5.67 5.25 4.55 4.01 3.71 3.72 4.12 5.19 6.98 8.03 7.65 6.74 5.62
5.22 5.10 4.93 4.85 4.58 4.13 3.80 3.63 3.53 3.42 3.29 3.18 3.10 3.02 2.93 2.85 2.81 2.78 2.70 2.63 2.61 2.53 2.40 2.29 2.16 2.01 1.80 1.61 1.56 1.97 2.84 3.55 4.22 5.05 5.69 4.99 3.67 3.60 4.11 4.17 4.25 4.40 4.46 4.43 4.53 4.67 4.45 4.48 4.73 4.87 4.96 5.08 5.11 4.96 5.01 5.27 5.37 5.32 6.04 7.93 8.16 5.79 3.81 4.01 6.14 7.82 7.32 5.57 4.67 4.76 4.95 5.32 5.24 4.57 3.94 3.49 3.35 3.52 3.87 4.86 6.56 7.59 7.83 7.27
5.13 5.05 4.91 4.76 4.39 3.94 3.68 3.56 3.46 3.36 3.25 3.15 3.07 2.99 2.93 2.88 2.83 2.79 2.73 2.68 2.66 2.59 2.48 2.36 2.20 2.00 1.79 1.60 1.67 2.24 2.86 3.23 3.89 4.66 5.21 5.04 4.38 4.07 4.26 4.29 4.19 4.38 4.65 4.63 4.74 4.91 4.63 4.63 4.84 4.88 5.02 5.13 5.23 5.24 5.22 5.39 5.67 5.77 6.00 7.34 8.03 6.21 4.01 3.47 4.81 7.15 8.11 7.17 5.70 4.59 4.29 4.75 4.85 4.34 3.88 3.58 3.45 3.73 4.02 4.05 4.58 5.86 7.30 8.13
