windninja/windninja_output/Output_2025-10-23_1200-1250_Google earth_Fire_150m_10min/merlingen_7.5mi_point_10-23-2025_1220_150m_ang.asc
ncols	158
nrows	163
xllcorner	391686.332397
yllcorner	5160024.123721
cellsize	150.000000
NODATA_value	-32768.000000
[rows 84 to 125 of 163, columns 0 to 93 of 158]
266 268 272 268 262 258 255 252 252 254 260 266 267 267 268 269 269 270 272 274 275 276 274 273 275 275 271 268 266 265 264 263 262 261 262 263 263 262 260 259 259 259 260 262 262 263 264 267 268 267 264 264 267 269 269 269 269 269 269 269 269 269 269 269 269 269 269 270 270 271 271 272 273 275 276 278 281 285 291 301 324 334 309 292 288 287 283 279 277 275 273 269 265 262
263 262 261 260 258 255 249 247 252 257 262 265 265 265 265 266 267 269 271 273 276 277 277 277 279 279 274 269 268 267 265 262 260 258 258 260 261 262 263 263 263 263 263 263 264 265 267 269 270 270 268 265 264 265 267 268 269 269 269 269 269 269 269 269 269 269 269 270 270 271 271 272 273 274 276 278 280 284 290 301 326 340 331 305 290 285 281 277 275 275 273 270 267 264
263 261 259 259 257 252 246 247 254 261 263 262 263 263 263 263 263 265 268 271 274 276 278 281 283 282 276 271 270 268 266 264 263 261 259 257 256 257 260 264 267 267 265 263 263 264 266 268 270 271 271 268 266 265 266 268 269 270 270 270 270 270 270 270 270 270 270 270 270 271 271 272 273 274 276 277 280 284 290 301 324 338 332 307 289 283 279 276 274 272 271 270 270 269
264 262 259 258 255 250 247 249 255 259 260 259 261 261 260 260 259 260 263 267 271 272 276 284 291 288 277 271 269 266 266 266 266 266 265 260 256 254 255 257 262 266 266 264 263 263 265 266 267 269 270 270 269 267 267 269 270 271 272 272 272 271 271 270 270 270 270 270 270 270 271 272 273 274 275 277 280 284 290 300 318 332 329 309 290 281 277 275 273 271 271 274 276 275
265 264 261 259 254 248 247 249 252 254 256 259 261 259 257 254 252 255 259 264 268 271 280 290 298 293 276 269 266 264 264 265 266 267 269 268 264 259 256 255 257 260 264 265 263 262 263 264 265 265 267 269 270 269 268 269 270 272 274 275 274 273 272 271 270 270 270 270 270 270 271 272 273 274 275 277 280 283 289 297 309 323 324 310 295 282 276 273 272 274 276 278 277 272
267 266 264 259 255 251 248 247 246 248 255 261 260 257 253 248 247 252 257 264 270 279 288 292 294 280 269 266 264 263 263 264 265 265 267 270 270 267 262 259 258 258 261 264 264 263 261 261 263 264 265 267 269 270 269 267 267 269 274 279 279 276 273 271 270 270 270 270 270 271 271 272 272 274 275 277 279 282 286 293 302 313 317 309 297 288 280 275 275 278 278 276 270 264
267 265 260 256 256 255 251 246 242 245 253 258 255 251 248 245 246 249 256 267 281 290 292 283 261 252 260 262 262 262 263 263 264 264 265 267 269 270 267 262 260 260 261 263 265 265 263 261 262 264 266 268 270 271 269 265 263 265 272 281 283 278 274 272 271 270 270 270 270 271 271 272 272 273 275 276 278 281 284 289 296 304 310 307 300 294 289 282 281 281 277 269 265 263
264 260 253 250 251 253 250 245 240 244 252 252 245 243 242 242 245 247 254 270 287 296 284 256 233 237 253 258 260 261 262 263 264 265 266 266 266 269 270 265 260 258 260 263 266 266 265 263 262 264 268 271 273 274 271 265 265 268 271 275 279 278 274 272 271 270 270 270 270 271 271 272 272 273 274 276 278 280 283 286 291 297 304 305 301 298 294 288 284 280 272 263 265 265
261 257 249 246 246 246 243 237 232 237 245 245 238 238 240 243 246 249 258 270 281 283 255 234 223 233 249 255 259 261 262 263 265 266 267 267 266 267 269 269 262 257 257 261 265 266 266 264 263 265 269 273 277 278 277 274 273 273 270 267 269 273 273 271 271 270 270 271 271 271 271 272 272 273 274 275 277 279 281 284 287 292 297 300 299 296 293 288 283 275 264 263 267 267
262 259 253 250 248 247 243 233 224 231 237 234 228 226 228 236 244 252 264 267 260 229 221 221 221 235 249 255 258 260 261 264 267 269 269 268 267 267 268 270 267 259 256 258 261 264 265 265 264 265 268 276 281 280 282 284 280 274 269 265 264 268 270 271 271 271 271 271 271 271 271 272 272 273 274 275 276 278 279 282 284 287 290 294 294 291 289 285 277 268 263 265 268 268
263 260 257 256 257 256 251 240 229 236 239 234 227 224 224 236 244 253 260 254 235 216 212 217 224 239 250 254 256 258 260 264 269 272 271 269 268 269 269 269 269 264 257 255 256 259 263 265 265 266 269 276 282 279 280 283 281 276 271 268 266 267 269 270 271 271 271 271 271 271 272 272 272 273 273 274 275 277 278 280 281 283 285 287 288 287 285 281 274 269 267 267 268 268
261 259 258 260 261 258 253 249 252 257 254 247 241 239 242 252 253 257 255 242 226 221 219 226 234 246 252 254 255 255 259 265 269 271 271 270 270 270 270 271 272 270 264 257 254 255 259 263 266 270 272 272 272 273 275 278 279 277 274 271 269 268 270 271 272 272 271 271 271 272 272 272 272 272 273 274 275 276 277 278 279 280 282 283 283 283 281 278 274 271 270 269 268 268
262 261 260 261 258 252 248 248 259 270 269 260 253 250 257 262 261 263 254 230 223 227 232 241 249 254 255 255 256 258 262 265 266 267 269 271 272 272 272 272 274 277 273 265 260 258 259 263 268 270 269 264 261 266 270 274 277 277 275 274 271 270 271 272 272 272 272 272 272 272 272 272 272 272 273 274 274 275 276 277 278 278 279 279 280 279 278 276 274 272 271 270 269 268
265 264 262 260 255 249 245 244 250 260 264 260 258 256 261 263 266 264 249 226 222 231 242 254 261 261 258 257 259 263 266 265 263 264 267 271 273 274 275 275 276 280 280 275 270 267 265 266 268 266 262 258 258 262 266 269 272 274 275 275 273 272 273 274 274 273 273 273 273 272 272 272 272 272 273 273 274 274 275 276 276 277 277 277 277 277 276 275 273 272 270 269 268 268
267 266 263 260 259 254 249 246 247 250 253 258 263 266 267 268 267 258 241 229 226 235 249 260 264 256 254 257 261 264 266 266 264 264 266 270 273 277 279 280 280 281 284 280 275 272 271 269 266 263 260 259 258 260 264 266 268 271 273 273 273 274 275 276 276 275 275 274 273 273 272 272 272 273 273 273 274 274 274 275 275 276 276 276 276 275 274 273 272 271 270 269 268 267
265 264 262 262 263 261 258 255 251 249 250 253 257 264 268 265 259 249 237 230 232 244 256 259 250 239 247 255 259 262 264 266 267 267 268 271 274 277 281 284 284 285 287 284 277 274 273 270 265 262 261 261 259 259 262 265 266 267 271 272 271 272 274 276 278 278 278 276 274 273 273 273 273 273 273 273 274 274 274 275 275 275 275 275 275 274 273 273 272 271 270 269 268 267
264 263 261 262 261 259 259 259 255 251 250 250 250 257 261 258 255 251 241 237 247 259 261 249 233 235 245 253 257 260 262 265 268 271 274 275 276 277 280 286 289 289 290 290 282 276 272 269 266 263 262 261 261 260 261 263 263 264 268 271 271 270 270 273 277 279 280 279 276 274 273 273 273 273 273 273 274 274 274 274 275 275 274 274 274 273 273 272 271 270 269 269 268 267
264 264 262 261 258 257 257 257 255 253 252 250 247 246 248 250 251 251 247 252 265 267 255 238 233 239 247 251 255 257 261 265 270 275 279 281 280 280 281 286 292 293 293 294 289 279 273 271 268 265 263 261 261 261 262 262 261 263 265 267 270 270 269 270 273 277 279 279 277 275 274 274 274 274 274 274 274 274 274 275 275 274 274 274 274 273 272 272 271 270 269 268 267 267
265 265 263 260 257 257 257 256 255 254 252 250 247 242 242 247 250 250 249 258 263 254 240 237 238 243 248 252 254 257 262 266 271 275 280 284 286 286 285 287 293 296 296 298 296 286 278 273 270 267 264 262 261 261 262 262 262 262 262 263 267 269 269 269 270 273 276 276 275 274 274 275 276 275 274 274 274 275 275 275 275 275 275 274 274 273 272 271 271 270 269 268 267 266
265 264 262 259 258 257 257 256 255 254 254 253 251 252 254 255 254 253 254 258 252 236 235 239 240 242 247 253 257 261 265 267 270 274 279 284 289 291 289 289 293 298 300 301 302 296 285 276 270 267 265 264 263 263 262 262 262 262 262 262 264 267 268 267 268 270 271 272 271 270 272 275 278 277 276 275 276 276 276 276 276 276 275 275 274 273 272 271 271 270 269 268 267 266
265 263 261 259 258 258 257 256 255 256 257 258 260 265 269 268 263 258 257 254 242 234 237 240 239 241 247 252 257 263 267 268 270 273 277 282 288 293 293 292 295 300 303 304 306 303 293 282 274 268 266 265 265 265 264 262 261 261 262 263 263 264 265 266 266 266 267 267 267 267 268 270 274 277 277 277 278 278 278 278 277 277 276 276 275 274 273 272 271 270 269 268 267 266
265 263 259 257 257 258 258 256 255 257 260 263 267 271 273 272 267 261 255 249 241 239 240 238 238 241 246 250 255 262 266 270 272 272 274 279 287 294 297 297 299 303 305 307 309 309 302 291 281 273 269 267 265 264 265 264 262 261 261 262 262 262 264 266 266 264 265 265 264 264 264 263 265 271 274 277 280 281 280 279 280 280 279 277 276 274 273 272 271 270 269 268 267 266
264 262 258 256 255 256 256 255 255 257 261 264 267 269 270 269 265 260 253 245 242 244 243 238 238 242 244 247 253 260 266 271 273 270 271 279 288 296 299 301 302 304 306 308 312 313 310 301 291 282 274 269 266 263 262 263 263 262 261 260 260 261 263 264 265 264 264 264 262 261 261 261 261 263 269 274 277 279 279 280 284 285 282 279 277 275 274 273 271 270 269 268 267 266
262 260 256 254 254 254 255 256 256 258 261 262 261 261 262 264 262 258 251 244 243 248 248 241 238 240 242 243 249 260 267 272 271 265 270 282 291 296 297 301 305 306 307 309 313 317 317 311 301 291 280 273 269 265 261 260 261 262 261 260 259 261 263 263 263 263 262 262 262 260 258 260 261 262 265 269 272 276 278 279 282 287 287 283 279 277 275 273 272 271 269 268 267 266
261 258 254 254 255 255 256 257 258 258 257 256 254 252 254 258 259 255 248 245 248 252 252 245 238 238 241 241 246 257 266 269 267 262 272 285 292 293 294 300 307 308 308 311 315 318 322 320 311 298 286 278 273 269 264 260 259 260 261 259 258 260 262 263 262 261 260 260 261 260 257 258 261 263 264 265 269 273 277 277 277 282 288 288 283 279 276 274 272 271 270 269 268 267
261 258 256 257 259 259 258 256 255 254 252 251 248 248 252 256 258 250 241 244 252 257 256 250 242 239 241 240 247 258 264 264 264 263 273 284 289 290 296 301 305 304 306 313 318 319 324 327 321 307 293 282 275 271 268 263 260 259 260 260 257 258 259 260 259 260 261 260 259 259 257 257 260 263 264 265 266 269 272 274 274 276 284 289 287 282 278 275 273 271 270 269 269 268
262 261 262 263 263 261 258 255 252 250 250 249 247 248 253 259 260 244 235 242 252 261 262 255 250 245 242 241 248 257 262 263 261 262 271 281 287 292 299 302 298 297 303 313 319 320 325 332 330 317 303 289 278 271 269 266 262 260 261 260 259 257 256 255 256 258 261 262 260 258 258 259 260 262 263 264 265 265 267 271 273 275 278 284 288 285 280 276 274 272 271 270 269 269
264 265 265 264 262 259 255 253 252 250 248 250 251 252 256 262 262 241 231 240 249 259 267 263 256 254 252 248 247 251 258 262 261 261 270 281 289 295 301 300 298 296 298 308 316 320 326 334 335 326 313 298 283 274 270 268 264 261 260 260 260 258 255 252 253 254 257 260 261 260 260 261 261 260 261 262 263 263 264 267 271 274 276 279 283 284 281 277 274 272 271 271 271 271
267 267 265 261 259 256 254 252 251 249 246 250 256 258 260 264 263 241 231 239 244 254 264 267 258 260 265 264 256 249 251 258 262 265 275 284 291 296 299 298 297 291 289 298 313 322 326 332 336 333 323 310 292 279 272 269 266 262 260 259 259 257 255 253 253 253 253 254 258 261 262 263 261 260 260 260 261 261 261 263 268 272 275 276 279 279 276 274 272 270 272 274 274 272
266 265 262 259 258 257 255 253 250 246 245 251 257 259 260 264 266 252 240 240 241 247 255 261 259 265 272 275 270 257 250 252 260 270 280 286 289 289 291 291 288 282 284 294 309 322 325 327 334 336 332 324 305 285 275 270 268 264 260 258 258 256 255 255 255 253 252 251 253 257 260 262 262 260 258 259 261 261 261 260 263 269 272 273 274 273 269 268 267 268 274 279 277 272
262 261 259 259 258 257 257 255 250 246 250 256 258 256 256 264 271 283 271 246 241 243 247 254 262 268 271 272 273 270 257 251 258 270 280 285 284 283 283 283 277 278 285 292 304 316 323 327 331 336 338 337 321 294 278 272 270 266 262 259 257 255 254 255 255 254 252 251 251 252 255 258 261 261 258 258 259 262 262 260 260 264 266 268 269 267 263 263 264 270 276 279 276 269
259 258 257 258 257 255 254 253 251 253 260 264 260 250 253 265 278 300 327 265 251 245 244 250 260 268 268 266 269 275 266 254 257 266 277 283 284 282 279 276 276 283 288 291 298 312 324 330 330 333 340 344 337 309 283 273 270 268 264 261 258 255 255 256 256 254 252 252 251 251 251 253 256 260 261 259 258 260 262 261 260 262 263 263 262 259 258 262 267 273 276 275 269 263
258 259 257 256 256 255 251 249 252 260 269 271 261 248 253 266 279 303 349 304 272 259 253 252 256 262 265 262 268 277 274 260 256 261 273 282 285 281 274 274 281 287 289 288 293 306 319 325 324 327 337 347 349 329 291 274 270 269 266 263 259 256 256 257 257 254 253 252 251 250 249 249 251 254 260 262 259 258 259 261 262 263 263 259 256 254 257 262 268 273 272 268 263 260
259 259 257 256 256 255 252 250 255 262 269 273 265 253 256 264 274 298 344 329 297 279 269 260 256 257 259 261 268 276 278 269 260 263 270 279 282 277 271 276 284 287 286 285 287 295 307 316 321 325 333 348 358 347 307 278 271 269 268 265 262 259 257 258 257 254 252 252 251 250 249 248 247 249 253 259 261 258 256 258 262 265 264 258 253 254 258 263 267 269 267 262 260 262
262 259 256 256 257 257 256 258 261 263 264 269 272 265 260 260 267 290 330 334 315 293 281 274 268 262 262 265 267 270 277 283 281 277 275 272 271 269 270 277 282 281 280 279 280 286 300 313 320 325 332 351 4 2 327 284 272 269 268 267 265 263 261 259 256 253 251 251 250 250 250 248 247 246 248 252 255 256 256 257 260 263 262 257 256 258 261 264 265 264 261 258 257 260
263 259 256 258 261 260 260 264 267 266 263 265 276 275 263 258 264 281 315 331 325 306 292 285 281 276 274 274 271 273 283 293 294 287 278 269 264 265 272 275 272 270 271 273 277 282 292 304 315 323 329 349 7 12 348 292 274 270 268 267 267 266 266 263 257 253 251 249 248 250 251 250 248 247 246 246 248 251 255 258 260 260 259 258 260 262 263 264 263 260 258 255 252 255
261 257 256 259 262 263 263 268 271 270 265 267 278 281 267 261 264 273 297 323 328 317 303 293 287 285 283 283 284 286 287 290 290 284 277 272 267 268 273 272 265 262 265 271 275 277 283 295 309 317 324 343 7 18 5 300 276 271 269 268 268 267 265 261 257 256 256 254 252 252 252 251 251 250 248 244 243 246 251 256 258 259 259 259 262 266 266 264 261 258 256 252 247 250
259 260 259 257 256 258 261 267 273 274 268 270 280 291 274 262 262 269 283 306 323 319 309 299 292 289 288 289 292 292 290 286 284 282 278 274 273 271 271 274 268 262 263 267 270 273 279 289 301 309 318 335 4 25 22 311 278 272 270 269 266 261 257 253 251 257 264 270 268 260 255 253 254 255 251 245 242 242 245 250 254 257 259 260 264 266 266 263 259 257 255 249 244 251
271 269 267 260 252 250 253 257 265 271 270 272 282 301 286 266 260 262 271 284 304 311 309 303 295 291 291 293 294 293 293 290 285 283 279 275 275 270 267 276 276 268 262 260 265 271 276 281 288 294 302 320 1 35 31 322 279 271 267 264 259 252 250 249 250 256 263 273 281 275 264 258 257 258 256 251 244 241 242 244 248 254 258 261 263 264 262 258 256 256 253 245 245 255
301 278 273 266 255 252 251 251 255 259 266 275 285 303 295 275 261 255 257 268 283 296 301 299 295 294 293 293 295 296 298 294 286 284 281 276 274 270 266 271 280 274 262 256 258 265 270 274 279 282 288 302 358 48 40 324 275 267 264 258 250 247 250 253 255 258 260 264 275 283 276 268 265 262 260 258 253 247 244 242 243 248 255 258 259 260 257 252 254 255 251 244 247 259
294 280 274 269 262 259 255 252 252 253 258 270 283 295 295 283 267 253 249 258 273 284 292 294 293 291 291 296 301 304 305 295 288 286 283 276 274 274 268 268 278 279 268 258 256 259 264 269 274 276 280 285 345 65 65 285 261 259 260 256 249 251 256 257 259 261 260 258 261 271 279 277 274 271 268 267 266 260 253 247 244 246 249 251 253 254 250 247 252 255 253 249 253 262
283 275 272 270 266 262 258 255 255 253 254 260 269 280 287 286 274 258 248 251 263 278 288 289 289 291 298 307 311 313 312 296 288 287 284 277 275 277 272 268 274 282 277 265 258 257 260 265 269 273 273 269 243 94 96 180 243 250 253 253 255 258 258 258 259 260 259 256 255 257 266 274 278 280 280 279 279 276 268 259 253 249 247 246 248 249 243 242 249 254 256 256 260 266
