windninja/windninja_output/Output_2025-10-23_1200-1250_Google earth_Fire_150m_10min/merlingen_7.5mi_point_10-23-2025_1240_150m_vel.asc
ncols	158
nrows	163
xllcorner	391686.332397
yllcorner	5160024.123721
cellsize	150.000000
NODATA_value	-32768.000000
[rows 0 to 36 of 163, columns 0 to 83 of 158]
4.41 4.52 4.63 4.60 4.71 4.81 4.54 4.40 4.66 4.73 4.52 4.25 4.30 4.97 5.48 5.45 5.19 4.89 5.08 5.52 5.11 4.36 4.52 4.96 5.22 5.18 4.84 4.73 5.03 5.08 4.99 5.07 5.14 5.02 5.11 5.50 5.32 5.20 5.36 5.17 5.16 5.38 5.39 5.48 5.65 5.67 5.81 5.75 5.65 5.78 5.78 5.79 5.91 5.87 5.67 5.58 5.58 5.71 5.87 5.85 5.66 5.63 5.70 5.67 5.63 5.67 5.91 6.12 6.18 6.05 5.88 5.81 5.77 5.79 5.99 6.04 5.92 6.03 6.13 6.03 5.89 5.74 6.05 6.26
4.20 4.47 4.61 4.54 4.73 4.74 4.38 4.33 4.65 4.70 4.37 3.86 3.68 4.38 5.26 5.65 5.52 5.18 5.45 5.75 5.02 4.20 4.27 4.85 5.30 5.22 4.79 4.68 4.97 5.00 4.96 5.05 5.11 5.05 5.17 5.56 5.39 5.28 5.40 5.16 5.17 5.40 5.43 5.67 5.85 5.82 5.97 5.93 5.74 5.72 5.72 5.73 5.78 5.68 5.46 5.44 5.55 5.72 5.92 5.84 5.57 5.55 5.64 5.64 5.53 5.56 5.89 6.25 6.38 6.14 5.79 5.66 5.68 5.77 5.98 5.96 5.83 6.13 6.29 5.95 5.65 5.62 6.02 6.23
3.92 4.43 4.59 4.45 4.72 4.49 4.17 4.37 4.72 4.69 4.14 3.20 2.84 3.58 4.92 6.02 6.13 5.80 6.00 5.87 4.97 4.16 3.99 4.48 5.23 5.28 4.84 4.67 4.78 4.85 4.95 5.06 5.09 5.20 5.40 5.57 5.54 5.49 5.44 5.23 5.31 5.46 5.60 6.02 6.14 6.08 6.14 6.10 5.77 5.55 5.60 5.58 5.48 5.44 5.34 5.40 5.61 5.74 5.88 5.82 5.56 5.48 5.54 5.58 5.43 5.45 5.83 6.38 6.68 6.26 5.62 5.48 5.66 5.79 5.91 5.72 5.67 6.33 6.51 5.76 5.14 5.51 6.02 5.95
3.76 4.36 4.51 4.37 4.63 4.25 4.12 4.63 4.91 4.67 3.84 2.73 2.57 3.33 4.69 6.29 6.52 6.21 6.10 5.69 4.98 4.38 3.94 4.06 4.90 5.19 4.95 4.74 4.63 4.71 4.95 5.12 5.26 5.47 5.54 5.54 5.56 5.56 5.52 5.47 5.50 5.58 5.91 6.28 6.31 6.23 6.14 5.95 5.63 5.49 5.46 5.27 5.21 5.37 5.45 5.51 5.64 5.69 5.72 5.77 5.67 5.46 5.42 5.48 5.39 5.40 5.73 6.38 6.80 6.25 5.51 5.51 5.74 5.77 5.72 5.53 5.63 6.35 6.52 5.58 4.74 5.41 6.08 5.74
3.72 4.22 4.42 4.35 4.55 4.29 4.36 4.93 5.00 4.36 3.34 2.50 2.48 3.38 5.01 6.42 6.68 6.32 5.92 5.59 5.19 4.77 4.19 3.96 4.62 4.98 4.93 4.80 4.61 4.68 4.92 5.24 5.61 5.71 5.54 5.49 5.51 5.64 5.83 5.82 5.71 5.82 6.21 6.38 6.30 6.16 5.92 5.65 5.54 5.44 5.15 4.96 5.04 5.30 5.48 5.53 5.60 5.65 5.64 5.72 5.69 5.41 5.29 5.41 5.41 5.42 5.63 6.34 6.78 6.10 5.50 5.62 5.78 5.70 5.55 5.54 5.72 6.15 6.29 5.53 4.66 5.14 6.08 5.93
3.84 4.10 4.27 4.35 4.57 4.54 4.73 5.02 4.67 3.81 3.03 2.57 2.50 3.53 5.33 6.25 6.55 6.29 5.71 5.54 5.50 5.29 4.58 4.07 4.40 4.77 4.75 4.70 4.63 4.67 4.89 5.39 5.84 5.76 5.50 5.48 5.71 5.97 6.14 6.05 5.86 6.01 6.24 6.19 6.01 5.86 5.63 5.46 5.37 5.13 4.87 4.85 4.98 5.21 5.46 5.59 5.65 5.68 5.66 5.65 5.59 5.35 5.25 5.39 5.44 5.40 5.55 6.29 6.66 5.90 5.48 5.79 5.94 5.62 5.34 5.58 5.92 6.08 5.79 5.22 4.91 5.28 6.01 6.09
4.00 4.10 4.17 4.35 4.64 4.73 4.89 4.78 4.16 3.47 3.02 2.77 2.69 3.67 5.40 6.03 6.17 6.12 5.77 5.62 5.75 5.76 5.03 4.21 4.22 4.42 4.47 4.60 4.68 4.66 4.93 5.54 5.85 5.67 5.60 5.81 6.05 6.16 6.13 5.96 5.83 5.89 5.93 5.81 5.65 5.60 5.48 5.33 5.13 4.81 4.68 4.84 5.01 5.17 5.49 5.70 5.74 5.74 5.70 5.63 5.53 5.30 5.20 5.34 5.43 5.38 5.55 6.27 6.49 5.69 5.44 6.05 6.18 5.51 5.17 5.56 6.05 6.07 5.18 4.78 5.40 5.83 5.92 6.03
4.06 4.16 4.22 4.35 4.60 4.75 4.81 4.45 3.86 3.46 3.21 3.02 2.97 3.75 5.24 5.89 5.76 5.87 5.88 5.70 5.93 6.10 5.41 4.47 4.11 4.08 4.35 4.66 4.60 4.56 5.04 5.60 5.66 5.57 5.84 6.14 6.10 5.94 5.85 5.73 5.65 5.62 5.60 5.54 5.51 5.49 5.35 5.21 4.93 4.59 4.58 4.89 4.99 5.10 5.60 5.86 5.84 5.87 5.82 5.72 5.52 5.13 4.98 5.20 5.39 5.43 5.69 6.23 6.30 5.59 5.48 6.19 6.20 5.49 5.13 5.39 5.97 5.87 4.71 4.62 6.02 6.33 5.83 5.89
4.06 4.20 4.32 4.36 4.48 4.61 4.58 4.22 3.86 3.64 3.46 3.31 3.20 3.72 5.06 5.74 5.56 5.66 5.80 5.79 6.08 6.23 5.68 4.88 4.28 4.05 4.31 4.58 4.36 4.45 5.22 5.55 5.37 5.56 6.04 6.19 5.87 5.60 5.56 5.52 5.46 5.48 5.45 5.45 5.54 5.40 5.18 5.12 4.83 4.41 4.61 4.97 4.81 4.98 5.83 6.14 6.00 6.01 5.93 5.64 5.29 4.83 4.66 4.92 5.24 5.63 5.97 6.18 6.02 5.55 5.61 6.09 5.97 5.49 5.18 5.27 5.75 5.46 4.55 4.95 6.52 6.75 5.97 5.80
4.05 4.19 4.38 4.38 4.36 4.40 4.36 4.17 4.00 3.85 3.70 3.54 3.37 3.69 4.75 5.49 5.54 5.60 5.64 5.87 6.18 6.20 5.90 5.20 4.52 4.11 4.08 4.31 4.23 4.45 5.32 5.41 5.11 5.52 6.06 6.02 5.61 5.36 5.37 5.40 5.43 5.50 5.47 5.45 5.53 5.30 5.04 5.07 4.80 4.31 4.56 4.94 4.70 5.10 6.05 6.39 6.08 5.90 5.70 5.26 4.99 4.77 4.43 4.46 5.17 5.93 6.24 6.07 5.53 5.35 5.74 6.03 5.79 5.43 5.22 5.21 5.52 5.16 4.64 5.59 6.85 7.06 6.30 5.88
4.05 4.18 4.38 4.37 4.28 4.27 4.28 4.23 4.11 3.97 3.86 3.70 3.51 3.63 4.41 5.27 5.57 5.67 5.65 5.88 6.17 6.16 6.03 5.39 4.70 4.23 3.83 3.96 4.20 4.51 5.16 5.18 4.94 5.40 5.88 5.76 5.40 5.21 5.27 5.39 5.47 5.55 5.52 5.37 5.43 5.31 4.94 4.94 4.77 4.26 4.50 4.86 4.79 5.33 6.01 6.36 5.98 5.53 5.29 5.00 5.02 4.90 4.30 4.34 5.43 6.13 6.27 5.79 4.86 5.05 5.92 6.18 5.75 5.28 5.09 5.12 5.49 5.44 5.17 6.09 6.92 7.10 6.60 6.15
4.08 4.19 4.34 4.32 4.24 4.25 4.30 4.27 4.15 4.03 3.95 3.82 3.63 3.63 4.24 5.17 5.59 5.75 5.77 5.86 6.07 6.11 5.98 5.45 4.80 4.15 3.48 3.61 4.12 4.45 4.79 4.95 4.92 5.27 5.56 5.44 5.27 5.21 5.32 5.39 5.41 5.55 5.45 5.18 5.34 5.36 4.83 4.66 4.65 4.41 4.57 4.73 4.76 5.34 5.84 6.08 5.84 5.32 4.98 4.89 5.16 5.10 4.58 4.83 5.78 6.07 6.00 5.34 4.40 5.03 6.08 6.21 5.82 5.20 4.92 5.18 5.78 6.14 6.10 6.39 6.72 6.95 6.84 6.83
4.13 4.19 4.28 4.27 4.23 4.29 4.32 4.25 4.17 4.08 4.01 3.91 3.71 3.61 4.15 5.18 5.66 5.73 5.83 5.90 5.96 5.92 5.76 5.36 4.69 3.86 3.34 3.54 4.03 4.31 4.56 4.84 5.00 5.11 5.14 5.19 5.27 5.33 5.36 5.25 5.32 5.51 5.25 5.01 5.24 5.23 4.74 4.50 4.68 4.81 4.74 4.60 4.66 5.28 5.88 5.85 5.55 5.11 4.74 4.91 5.42 5.45 5.24 5.50 5.89 5.86 5.59 5.11 4.71 5.33 5.88 6.00 6.04 5.46 5.16 5.61 6.18 6.73 6.69 6.32 6.46 6.92 7.15 7.65
4.15 4.19 4.24 4.24 4.25 4.31 4.29 4.21 4.19 4.13 4.06 3.98 3.73 3.60 4.15 5.21 5.80 5.71 5.74 5.90 5.80 5.58 5.40 5.07 4.47 3.83 3.53 3.73 4.02 4.21 4.51 4.80 4.99 4.91 4.76 5.11 5.40 5.39 5.27 5.05 5.20 5.28 4.93 4.84 5.07 5.00 4.57 4.49 4.96 5.24 4.92 4.59 4.58 5.28 6.11 5.84 5.18 4.61 4.35 5.01 5.86 5.95 5.99 6.06 5.85 5.63 5.43 5.55 5.54 5.32 5.42 5.89 6.40 6.02 5.58 5.70 6.35 6.97 6.66 6.13 6.52 7.11 7.42 7.88
4.17 4.19 4.21 4.23 4.26 4.27 4.24 4.21 4.22 4.17 4.10 4.04 3.80 3.65 4.17 5.27 5.94 5.72 5.54 5.69 5.53 5.15 4.96 4.73 4.37 4.01 3.77 3.88 4.01 4.07 4.48 4.84 4.89 4.74 4.70 5.08 5.30 5.26 5.06 4.80 4.92 4.83 4.81 4.94 4.93 4.85 4.49 4.27 4.85 5.50 5.34 4.74 4.58 5.38 6.23 6.00 5.07 4.12 3.89 5.07 6.39 6.58 6.59 6.23 5.74 5.77 5.86 6.22 6.13 5.30 5.18 6.14 6.72 6.24 5.46 5.53 6.34 6.62 6.32 6.50 7.09 7.28 7.28 7.42
4.17 4.18 4.20 4.23 4.23 4.22 4.22 4.22 4.24 4.20 4.17 4.10 3.95 3.78 4.19 5.38 5.96 5.65 5.30 5.30 5.19 4.83 4.61 4.48 4.41 4.26 3.92 3.86 3.97 4.06 4.58 4.97 4.75 4.61 4.68 4.75 4.89 5.01 4.80 4.68 4.73 4.54 4.83 5.24 4.85 4.68 4.76 4.28 4.23 5.20 5.75 5.12 4.90 5.62 6.07 6.06 5.38 4.13 3.81 5.26 6.80 7.17 6.83 5.83 5.62 6.35 6.45 6.56 6.64 5.62 5.30 6.19 6.57 5.86 5.33 5.64 6.01 5.97 6.29 7.39 7.59 6.88 6.75 6.76
4.16 4.17 4.19 4.21 4.19 4.20 4.23 4.23 4.25 4.25 4.23 4.15 4.11 3.98 4.29 5.32 5.78 5.49 5.12 4.97 4.86 4.58 4.34 4.32 4.49 4.42 3.97 3.77 3.99 4.27 4.70 4.80 4.37 4.26 4.40 4.46 4.62 4.74 4.64 4.64 4.67 4.54 4.93 5.33 4.88 4.60 4.89 4.58 4.27 5.00 5.74 5.50 5.36 5.67 5.71 5.78 5.69 4.70 4.21 5.71 7.13 7.40 6.69 5.44 5.59 6.76 6.97 6.88 6.86 5.96 5.41 5.72 6.07 5.76 5.55 5.56 5.42 5.88 7.07 7.90 7.14 6.11 6.14 6.08
4.14 4.16 4.18 4.18 4.18 4.21 4.23 4.24 4.27 4.29 4.28 4.20 4.20 4.18 4.40 5.06 5.49 5.32 4.99 4.75 4.55 4.33 4.18 4.26 4.46 4.37 4.01 3.83 4.03 4.35 4.51 4.27 3.90 3.95 4.29 4.56 4.61 4.57 4.54 4.65 4.76 4.78 4.98 5.09 4.92 4.77 4.82 4.81 4.98 5.44 5.69 5.58 5.45 5.46 5.39 5.54 5.86 5.46 5.02 5.97 7.16 7.34 6.40 5.44 5.77 6.90 7.48 7.22 6.59 5.96 5.68 5.55 5.96 6.05 5.46 5.23 5.38 6.31 7.46 7.21 6.18 5.81 5.65 5.50
4.12 4.14 4.16 4.16 4.18 4.20 4.23 4.27 4.28 4.28 4.28 4.25 4.27 4.31 4.43 4.81 5.17 5.08 4.79 4.54 4.32 4.19 4.14 4.21 4.30 4.24 4.09 3.96 3.98 4.12 4.08 3.76 3.59 3.80 4.32 4.74 4.76 4.58 4.49 4.71 4.81 4.79 4.96 4.91 4.88 5.05 5.11 5.04 5.29 5.69 5.67 5.42 5.21 5.20 5.32 5.58 5.91 5.90 5.68 6.08 7.02 7.15 6.23 5.75 6.17 6.97 7.62 7.17 6.35 6.37 6.27 5.69 5.88 5.84 5.02 4.90 5.30 5.97 6.72 6.35 5.88 5.85 5.31 5.03
4.10 4.12 4.14 4.15 4.17 4.20 4.24 4.28 4.29 4.24 4.25 4.31 4.32 4.34 4.42 4.61 4.81 4.77 4.56 4.38 4.24 4.19 4.15 4.12 4.16 4.17 4.09 3.97 3.89 3.83 3.63 3.40 3.45 3.80 4.34 4.82 4.94 4.70 4.51 4.76 4.78 4.73 4.92 4.89 4.97 5.38 5.60 5.19 5.08 5.66 5.74 5.40 5.14 5.14 5.47 5.68 5.82 6.03 6.08 6.19 6.69 6.90 6.41 6.14 6.46 6.98 7.36 7.14 6.95 7.16 6.59 5.58 5.46 5.38 4.87 4.59 4.63 5.16 5.95 6.14 6.04 5.95 5.33 4.81
4.10 4.12 4.13 4.12 4.15 4.20 4.25 4.28 4.28 4.21 4.24 4.35 4.34 4.30 4.37 4.44 4.52 4.54 4.43 4.31 4.23 4.17 4.11 4.05 4.06 4.06 3.99 3.89 3.79 3.61 3.28 3.10 3.39 3.92 4.45 4.87 5.12 4.93 4.61 4.68 4.64 4.65 4.84 4.99 5.32 5.65 5.67 5.18 4.96 5.53 5.81 5.61 5.42 5.35 5.47 5.55 5.67 5.94 6.19 6.21 6.29 6.87 6.99 6.52 6.67 7.14 7.26 7.50 7.82 7.36 6.04 5.01 4.96 5.21 4.87 4.06 3.93 4.69 5.67 6.24 6.33 6.08 5.43 4.81
4.11 4.11 4.08 4.10 4.15 4.20 4.23 4.26 4.26 4.21 4.24 4.33 4.32 4.27 4.29 4.31 4.35 4.40 4.35 4.24 4.17 4.11 4.04 3.98 3.93 3.91 3.87 3.79 3.69 3.46 3.09 2.90 3.38 4.21 4.64 4.92 5.22 5.01 4.53 4.44 4.47 4.59 4.87 5.23 5.58 5.68 5.57 5.27 5.14 5.48 5.86 5.85 5.73 5.51 5.32 5.38 5.58 5.77 5.95 6.11 6.15 7.04 7.52 6.83 7.02 7.55 7.57 7.95 7.94 6.56 5.06 4.52 4.79 5.36 4.86 3.73 3.53 4.33 5.48 6.37 6.50 5.90 5.46 5.05
4.10 4.07 4.05 4.11 4.17 4.18 4.20 4.23 4.25 4.24 4.24 4.27 4.29 4.24 4.22 4.24 4.25 4.29 4.26 4.15 4.10 4.04 3.96 3.87 3.79 3.77 3.72 3.66 3.59 3.41 3.06 2.91 3.60 4.44 4.71 4.88 5.04 4.86 4.45 4.29 4.37 4.58 4.95 5.39 5.68 5.79 5.69 5.43 5.30 5.45 5.90 5.95 5.80 5.63 5.39 5.38 5.59 5.65 5.42 5.81 6.34 7.33 7.92 7.46 7.83 8.18 7.89 7.81 7.02 5.48 4.54 4.40 5.05 5.74 5.09 3.84 3.32 3.99 5.23 6.20 6.40 5.82 5.75 5.40
4.07 4.04 4.06 4.14 4.16 4.15 4.16 4.19 4.24 4.29 4.24 4.21 4.23 4.21 4.18 4.18 4.18 4.20 4.18 4.07 4.02 3.96 3.85 3.74 3.66 3.60 3.50 3.52 3.58 3.49 3.19 3.11 3.73 4.34 4.59 4.78 4.76 4.66 4.54 4.38 4.38 4.58 4.91 5.42 6.00 6.10 5.63 5.43 5.35 5.44 5.91 5.96 5.81 5.84 5.63 5.42 5.60 5.52 4.95 5.37 6.47 7.59 8.50 8.82 8.84 8.18 7.33 6.68 5.64 4.82 4.45 4.60 5.62 6.24 5.35 3.75 3.06 3.86 4.86 5.55 6.07 5.99 5.99 5.69
4.05 4.03 4.06 4.12 4.13 4.12 4.12 4.17 4.26 4.31 4.24 4.14 4.14 4.19 4.15 4.12 4.12 4.11 4.09 3.99 3.92 3.85 3.73 3.61 3.50 3.36 3.22 3.37 3.73 3.69 3.36 3.31 3.64 4.06 4.40 4.60 4.61 4.67 4.70 4.56 4.45 4.55 4.86 5.70 6.46 5.97 5.26 5.38 5.46 5.53 5.88 6.00 6.01 6.04 5.81 5.52 5.54 5.29 4.70 5.02 6.35 8.02 9.50 9.91 8.73 7.07 6.02 5.19 4.67 4.62 4.71 5.31 6.56 6.55 4.85 3.21 3.02 3.93 4.53 4.83 5.57 6.01 5.93 5.85
4.03 4.03 4.04 4.09 4.12 4.10 4.09 4.18 4.30 4.29 4.19 4.10 4.11 4.15 4.10 4.07 4.06 4.02 3.98 3.90 3.81 3.74 3.63 3.48 3.31 3.03 2.87 3.32 3.99 3.92 3.49 3.47 3.65 3.84 4.15 4.33 4.48 4.90 4.99 4.70 4.56 4.63 5.07 6.11 6.35 5.37 5.09 5.46 5.62 5.75 5.87 6.11 6.24 6.15 5.97 5.62 5.24 4.89 4.66 5.02 6.60 9.13 10.55 9.71 7.57 5.96 4.93 4.19 4.26 4.80 5.55 6.73 7.21 6.01 4.04 2.82 3.51 4.41 4.45 4.49 5.24 5.75 5.57 5.78
4.01 4.01 4.03 4.07 4.10 4.08 4.08 4.21 4.30 4.22 4.13 4.10 4.11 4.08 4.03 4.02 4.00 3.93 3.87 3.81 3.74 3.67 3.55 3.33 3.09 2.66 2.55 3.38 4.17 4.04 3.64 3.66 3.78 3.74 3.84 3.95 4.25 5.18 5.43 4.87 4.67 4.90 5.43 6.10 5.84 4.94 5.12 5.67 5.89 5.86 5.76 6.17 6.42 6.42 6.32 5.45 4.50 4.53 4.99 5.76 8.10 10.66 10.51 8.31 6.36 5.17 4.12 3.58 4.07 5.39 7.13 7.84 6.85 5.21 3.37 2.47 3.88 5.16 4.80 4.59 5.10 5.34 5.17 5.63
3.98 4.00 4.03 4.05 4.09 4.06 4.09 4.24 4.25 4.13 4.09 4.09 4.08 4.02 3.98 3.97 3.93 3.84 3.79 3.76 3.72 3.62 3.45 3.19 2.87 2.41 2.39 3.36 4.13 4.01 3.86 3.97 3.94 3.76 3.64 3.60 4.02 5.31 5.85 5.14 4.75 5.30 5.64 5.77 5.49 4.81 5.03 5.71 6.16 5.89 5.55 6.21 6.67 6.89 6.57 4.71 3.54 4.54 5.95 7.30 9.63 10.88 9.12 6.61 5.40 4.67 3.71 3.40 4.34 6.36 8.29 7.90 6.09 4.54 2.90 2.22 3.85 5.82 5.56 4.75 4.81 4.85 5.01 5.72
3.95 3.98 4.02 4.05 4.07 4.06 4.12 4.22 4.16 4.07 4.07 4.06 4.04 4.00 3.95 3.91 3.87 3.79 3.73 3.75 3.69 3.54 3.33 3.06 2.73 2.36 2.49 3.31 3.86 3.80 4.00 4.35 4.15 3.90 3.78 3.66 4.03 5.24 6.15 5.46 5.07 5.67 5.63 5.58 5.32 4.72 4.84 5.48 6.31 6.15 5.50 6.17 6.91 7.19 6.42 3.94 3.07 4.96 7.10 8.73 10.15 9.84 7.66 5.51 4.69 4.28 3.47 3.52 5.30 7.51 8.64 7.55 5.58 4.01 2.55 2.23 3.62 6.03 6.20 5.05 4.66 4.54 4.96 5.83
3.93 3.95 4.00 4.04 4.07 4.08 4.13 4.16 4.08 4.03 4.03 4.02 4.01 3.99 3.93 3.86 3.82 3.74 3.69 3.71 3.61 3.44 3.25 3.02 2.72 2.49 2.73 3.26 3.44 3.43 3.97 4.61 4.47 4.42 4.52 4.20 4.17 5.32 6.40 5.84 5.60 5.81 5.43 5.50 5.11 4.54 4.81 5.36 6.46 6.45 5.52 6.04 6.90 7.10 6.14 3.80 3.17 5.23 7.84 9.79 9.96 8.24 6.36 5.01 4.34 4.04 3.40 3.94 6.56 8.47 8.55 6.89 5.01 3.67 2.53 2.60 3.87 5.65 6.54 5.91 4.87 4.37 4.72 5.52
3.93 3.94 3.96 4.02 4.09 4.12 4.11 4.08 4.04 4.01 3.98 4.00 3.99 3.96 3.91 3.83 3.77 3.69 3.64 3.64 3.55 3.38 3.24 3.03 2.78 2.70 2.87 3.04 2.98 2.98 3.67 4.63 5.04 5.51 5.44 4.45 4.21 5.48 6.58 6.13 5.79 5.60 5.10 5.25 4.88 4.45 4.99 5.78 6.61 6.25 5.44 5.89 6.49 6.86 6.05 3.78 3.49 5.60 8.30 10.30 9.22 6.47 5.26 4.88 4.58 4.24 3.62 4.43 7.42 9.09 7.98 5.78 4.60 3.81 2.97 3.21 3.82 4.97 6.53 6.75 5.39 4.26 4.36 5.06
3.95 3.93 3.91 3.98 4.14 4.16 4.04 4.02 4.02 3.98 3.95 3.96 3.95 3.93 3.89 3.80 3.70 3.63 3.60 3.61 3.52 3.35 3.22 3.06 2.90 2.88 2.87 2.79 2.55 2.59 3.49 4.71 5.62 6.40 5.81 4.10 4.10 5.84 6.66 6.00 5.49 5.03 4.64 4.87 4.70 4.50 5.26 6.13 6.19 5.65 5.44 5.71 5.94 6.61 6.03 3.88 4.19 6.39 8.73 10.35 8.61 5.31 4.28 4.82 5.32 4.84 3.96 4.74 7.81 9.18 7.07 5.13 4.82 4.34 3.48 3.38 3.56 4.52 6.35 7.21 5.92 4.24 4.16 4.80
3.95 3.92 3.86 3.97 4.20 4.14 3.97 3.98 3.99 3.95 3.90 3.91 3.93 3.90 3.85 3.75 3.65 3.62 3.60 3.57 3.48 3.34 3.21 3.11 3.07 2.98 2.86 2.64 2.33 2.59 3.89 5.17 5.87 6.64 5.89 3.94 4.16 6.04 6.28 5.31 4.97 4.55 4.34 4.66 4.60 4.63 5.48 5.93 5.44 5.37 5.53 5.53 5.63 6.20 5.89 4.40 4.89 7.01 9.05 9.99 7.83 4.59 3.51 4.71 6.16 5.67 4.50 5.10 7.77 8.85 6.76 5.43 5.48 4.65 3.58 3.30 3.44 4.33 6.09 7.31 6.07 4.26 4.24 4.71
3.90 3.89 3.85 4.01 4.22 4.07 3.93 3.94 3.95 3.92 3.86 3.89 3.89 3.84 3.79 3.69 3.63 3.64 3.59 3.53 3.47 3.39 3.25 3.20 3.20 3.01 2.83 2.56 2.41 2.99 4.24 5.27 5.60 6.40 6.33 4.43 4.36 5.73 5.57 4.69 4.65 4.36 4.22 4.54 4.52 4.81 5.49 5.40 5.04 5.39 5.60 5.50 5.56 5.69 5.63 5.12 5.46 7.02 8.89 9.59 7.64 4.46 3.04 4.43 6.60 6.54 5.33 5.44 7.18 8.50 7.28 6.14 5.66 4.40 3.49 3.35 3.52 4.26 5.78 6.85 5.99 4.67 4.69 4.94
3.85 3.84 3.88 4.08 4.18 4.01 3.90 3.89 3.92 3.90 3.85 3.85 3.83 3.79 3.74 3.66 3.63 3.63 3.56 3.50 3.49 3.43 3.31 3.28 3.22 3.01 2.78 2.56 2.55 3.11 4.21 5.02 5.34 6.19 6.72 5.29 4.33 4.98 4.93 4.36 4.35 4.18 4.14 4.37 4.56 5.00 5.22 4.98 5.08 5.46 5.54 5.52 5.53 5.37 5.46 5.75 6.12 6.78 8.09 9.34 8.16 4.95 3.02 3.93 6.44 7.19 6.45 6.03 7.14 8.48 7.54 6.16 5.27 4.09 3.51 3.46 3.61 4.32 5.21 5.87 5.84 5.31 5.32 5.52
3.81 3.81 3.91 4.12 4.14 3.96 3.84 3.84 3.90 3.88 3.82 3.79 3.77 3.74 3.69 3.64 3.62 3.60 3.54 3.51 3.53 3.45 3.35 3.30 3.19 3.01 2.78 2.61 2.59 3.13 4.23 4.92 5.49 6.36 6.76 5.50 4.01 4.09 4.35 4.05 3.93 3.99 4.17 4.37 4.77 5.21 4.95 4.89 5.26 5.44 5.45 5.50 5.52 5.38 5.60 6.12 6.47 6.61 7.24 8.90 8.69 5.73 3.39 3.56 5.68 7.38 7.59 7.26 8.03 8.28 6.65 5.61 5.01 4.07 3.76 3.61 3.54 4.09 4.55 4.90 5.42 5.48 5.76 6.15
3.80 3.81 3.94 4.12 4.08 3.89 3.81 3.82 3.86 3.84 3.78 3.75 3.73 3.69 3.66 3.63 3.61 3.58 3.55 3.54 3.53 3.45 3.38 3.31 3.19 3.04 2.84 2.58 2.61 3.55 4.67 5.20 5.75 6.31 6.27 5.16 3.85 3.51 3.82 3.83 3.70 3.94 4.36 4.57 4.98 5.29 4.93 5.01 5.33 5.30 5.45 5.52 5.53 5.66 5.91 6.16 6.36 6.51 6.86 8.28 8.79 6.50 4.04 3.55 4.76 6.99 8.44 8.76 8.47 6.92 5.20 5.14 5.07 4.55 4.17 3.64 3.30 3.60 4.30 4.75 4.83 4.97 5.67 6.50
