windninja/windninja_output/Output_2025-10-23_1200-1250_Google earth_Fire_150m_10min/merlingen_7.5mi_point_10-23-2025_1230_150m_vel.asc
ncols	158
nrows	163
xllcorner	391686.332397
yllcorner	5160024.123721
cellsize	150.000000
NODATA_value	-32768.000000
[rows 0 to 36 of 163, columns 0 to 83 of 158]
5.60 5.57 5.54 5.66 5.93 6.05 5.90 6.01 6.33 6.40 6.40 6.60 7.13 7.67 7.56 6.81 5.83 5.07 5.06 5.09 4.47 4.69 6.06 6.77 6.60 6.05 5.58 5.68 6.14 6.28 6.21 6.18 6.07 5.84 5.92 6.09 5.66 5.35 5.33 5.18 5.39 5.71 5.73 5.70 5.63 5.50 5.48 5.16 5.06 5.55 5.92 6.13 6.32 6.37 6.28 6.27 6.25 6.26 6.23 6.08 6.03 6.24 6.40 6.45 6.58 6.84 7.09 7.04 6.72 6.32 6.15 6.26 6.41 6.51 6.69 6.74 6.69 6.67 6.47 6.28 6.36 6.47 6.77 6.80
5.62 5.60 5.48 5.47 5.69 5.87 5.81 5.72 5.81 5.87 5.92 6.18 6.77 7.53 7.90 7.59 6.75 5.83 5.63 5.58 4.76 4.39 5.30 6.42 6.87 6.53 5.89 5.67 5.91 6.08 6.08 6.09 6.11 5.95 5.87 6.17 6.02 5.72 5.65 5.42 5.44 5.70 5.83 5.96 5.93 5.82 5.90 5.57 5.10 5.23 5.56 5.74 5.97 6.11 6.09 6.12 6.19 6.28 6.37 6.19 5.95 6.04 6.24 6.31 6.29 6.47 6.84 7.07 6.95 6.49 6.15 6.18 6.33 6.42 6.57 6.67 6.73 6.89 6.71 6.31 6.29 6.44 6.72 6.91
5.58 5.73 5.59 5.41 5.54 5.60 5.71 5.75 5.66 5.58 5.59 5.76 6.18 6.93 7.96 8.49 8.02 7.19 6.77 6.40 5.52 4.43 4.24 5.44 6.86 7.13 6.49 5.90 5.81 5.94 6.04 6.02 5.99 6.00 5.97 6.18 6.37 6.29 6.13 5.84 5.70 5.76 5.91 6.20 6.24 6.18 6.33 6.30 5.74 5.28 5.33 5.52 5.76 5.96 5.95 5.97 6.11 6.23 6.46 6.45 6.11 5.95 6.07 6.17 6.03 6.07 6.50 7.06 7.25 6.77 6.20 6.12 6.23 6.27 6.40 6.47 6.70 7.21 7.10 6.41 6.18 6.62 6.83 6.83
5.29 5.79 5.97 5.73 5.80 5.64 5.73 6.13 6.28 6.20 6.00 5.81 5.93 6.37 7.26 8.33 8.29 7.77 7.52 7.06 6.15 5.06 4.19 4.56 6.19 7.19 7.18 6.74 6.43 6.45 6.56 6.45 6.17 6.04 6.05 6.14 6.27 6.37 6.26 6.03 5.96 5.98 6.12 6.32 6.36 6.34 6.37 6.50 6.44 6.11 5.83 5.79 6.00 6.21 6.16 6.02 6.05 6.09 6.23 6.41 6.30 6.02 5.99 6.12 6.04 6.01 6.34 6.96 7.32 6.86 6.28 6.19 6.25 6.20 6.20 6.14 6.33 7.09 7.33 6.53 5.97 6.72 7.23 6.76
4.80 5.45 6.10 6.09 6.06 5.84 5.72 5.94 6.11 6.13 5.96 5.63 5.66 6.11 6.84 7.85 8.20 7.79 7.50 7.34 6.66 5.55 4.40 4.09 5.26 6.54 7.27 7.47 7.32 7.29 7.44 7.48 7.21 6.70 6.29 6.28 6.35 6.41 6.43 6.23 6.06 6.14 6.40 6.54 6.54 6.54 6.47 6.42 6.47 6.46 6.21 5.99 6.03 6.26 6.33 6.20 6.11 6.07 6.05 6.17 6.22 6.02 5.95 6.06 6.04 6.01 6.22 6.88 7.32 6.84 6.36 6.30 6.28 6.19 6.15 6.09 6.05 6.48 7.02 6.66 5.86 6.23 7.16 6.96
4.45 4.79 5.52 6.05 6.20 5.98 5.70 5.61 5.55 5.49 5.40 5.17 5.07 5.57 6.52 7.31 7.97 7.90 7.36 7.18 6.87 5.94 4.44 3.60 4.17 5.28 6.19 6.90 7.21 7.34 7.61 7.97 8.10 7.80 7.26 6.87 6.80 6.77 6.75 6.63 6.35 6.24 6.38 6.47 6.50 6.56 6.47 6.33 6.30 6.31 6.31 6.23 6.11 6.17 6.32 6.32 6.22 6.12 6.03 6.05 6.11 6.02 5.98 6.07 6.07 6.03 6.17 6.83 7.27 6.86 6.61 6.63 6.41 6.08 6.12 6.44 6.48 6.36 6.37 6.48 6.21 6.04 6.58 6.85
4.62 4.55 4.67 5.27 5.84 5.96 5.82 5.60 5.35 5.16 5.01 4.86 4.70 5.09 6.22 6.89 7.56 8.06 7.81 7.47 7.27 6.59 4.97 3.43 3.33 4.11 4.91 5.63 6.22 6.63 7.03 7.52 7.92 8.08 8.01 7.68 7.36 7.20 7.08 6.90 6.63 6.41 6.33 6.28 6.25 6.34 6.31 6.21 6.17 6.09 6.16 6.37 6.39 6.33 6.41 6.40 6.27 6.13 6.00 5.95 5.99 6.01 6.13 6.27 6.27 6.13 6.18 6.77 7.11 6.73 6.78 7.18 6.93 6.18 6.04 6.57 7.01 6.88 6.22 6.27 6.73 6.50 6.32 6.59
4.89 4.82 4.56 4.53 4.94 5.35 5.58 5.49 5.18 4.90 4.71 4.56 4.51 4.97 6.09 6.75 7.02 7.71 8.01 7.80 7.74 7.41 6.06 4.17 3.13 3.37 4.19 4.83 5.29 5.73 6.21 6.70 7.09 7.37 7.57 7.57 7.33 7.15 7.05 6.87 6.66 6.49 6.37 6.27 6.16 6.11 6.08 6.05 5.96 5.85 5.89 6.14 6.33 6.50 6.71 6.58 6.33 6.20 6.01 5.87 5.81 5.79 6.09 6.50 6.65 6.47 6.34 6.69 6.94 6.54 6.49 7.16 7.30 6.64 6.14 6.32 6.98 7.11 6.33 6.24 7.03 6.78 6.21 6.48
4.92 5.00 4.90 4.60 4.53 4.75 5.05 5.17 5.02 4.74 4.46 4.19 4.09 4.60 5.89 6.74 6.80 7.15 7.70 7.83 7.84 7.78 7.00 5.53 3.98 3.31 3.84 4.51 4.70 5.04 5.63 5.98 6.30 6.76 7.02 6.99 6.81 6.73 6.74 6.69 6.55 6.41 6.26 6.19 6.17 6.02 5.90 5.91 5.73 5.52 5.77 5.99 5.91 6.22 6.84 6.76 6.37 6.28 6.09 5.81 5.59 5.28 5.33 5.99 6.60 6.78 6.61 6.61 6.78 6.60 6.45 6.74 6.91 6.70 6.32 6.24 6.74 6.90 6.39 6.43 7.22 6.93 5.93 6.04
4.89 4.98 5.06 4.93 4.77 4.79 4.91 4.95 4.88 4.67 4.39 4.00 3.66 3.92 5.16 6.38 6.72 6.81 7.15 7.71 7.99 7.97 7.58 6.56 5.29 4.02 3.72 4.37 4.61 4.78 5.47 5.66 5.71 6.31 6.84 6.86 6.60 6.49 6.57 6.61 6.54 6.45 6.28 6.13 6.14 5.94 5.74 5.82 5.57 5.14 5.43 5.84 5.62 5.83 6.58 6.75 6.28 6.10 6.04 5.71 5.43 5.04 4.59 4.84 5.78 6.46 6.57 6.46 6.41 6.64 6.85 6.78 6.53 6.41 6.34 6.30 6.59 6.44 6.16 6.81 7.54 7.37 6.13 5.40
4.94 5.00 5.10 5.08 4.98 4.99 5.04 5.00 4.87 4.68 4.43 4.04 3.55 3.48 4.34 5.63 6.33 6.53 6.53 7.02 7.74 8.03 7.94 7.21 6.23 5.18 4.31 4.40 4.71 4.77 5.27 5.47 5.34 5.79 6.45 6.69 6.56 6.41 6.48 6.57 6.61 6.60 6.43 6.20 6.21 5.95 5.49 5.62 5.50 4.87 4.97 5.35 5.29 5.59 6.11 6.51 6.14 5.71 5.64 5.46 5.35 5.03 4.26 4.13 4.99 5.66 5.99 5.95 5.68 6.23 6.99 7.00 6.53 6.24 6.31 6.44 6.64 6.22 5.60 6.39 7.46 7.85 7.08 5.81
5.00 5.03 5.11 5.13 5.06 5.03 5.04 5.03 4.93 4.73 4.51 4.19 3.72 3.43 3.90 4.94 5.71 6.19 6.22 6.27 6.79 7.37 7.72 7.43 6.69 5.84 4.89 4.48 4.58 4.68 4.97 5.22 5.18 5.45 5.97 6.26 6.34 6.31 6.34 6.39 6.49 6.63 6.51 6.30 6.43 6.28 5.58 5.39 5.42 4.95 4.75 4.76 4.77 5.28 5.70 6.03 5.96 5.54 5.28 5.18 5.33 5.06 4.22 4.03 4.64 4.93 5.17 5.11 4.75 5.51 6.61 6.97 6.68 6.17 6.25 6.71 7.10 6.85 5.91 5.83 6.77 7.71 7.76 7.06
5.05 5.05 5.09 5.13 5.11 5.08 5.02 4.95 4.88 4.73 4.54 4.30 3.92 3.56 3.72 4.45 4.99 5.48 5.93 6.05 6.17 6.53 6.96 7.05 6.61 5.83 5.04 4.59 4.52 4.60 4.82 5.11 5.23 5.33 5.65 5.99 6.07 6.06 6.11 6.13 6.29 6.53 6.44 6.36 6.60 6.63 6.15 5.74 5.66 5.40 4.96 4.64 4.66 5.22 5.69 5.62 5.49 5.30 5.08 5.21 5.54 5.28 4.66 4.45 4.53 4.52 4.48 4.22 3.89 4.65 5.71 6.43 6.64 6.02 5.81 6.45 7.11 7.41 6.89 6.19 6.37 7.11 7.54 7.63
5.10 5.08 5.07 5.08 5.10 5.11 5.08 4.98 4.88 4.73 4.55 4.35 4.05 3.84 3.96 4.42 4.60 4.57 5.13 5.72 5.85 6.00 6.30 6.44 6.26 5.77 5.21 4.90 4.79 4.79 4.88 4.99 5.16 5.20 5.36 5.88 6.07 5.98 5.91 5.83 6.10 6.31 6.08 6.01 6.26 6.27 6.03 6.09 6.37 6.18 5.45 4.91 4.79 5.36 6.01 5.60 4.97 4.66 4.68 5.40 6.00 5.69 5.31 4.97 4.54 4.36 4.19 3.99 3.54 3.49 4.44 5.48 6.15 5.71 5.15 5.38 6.13 6.88 6.95 6.46 6.31 6.58 6.90 7.44
5.16 5.13 5.09 5.06 5.03 5.04 5.05 5.02 4.94 4.79 4.61 4.42 4.11 3.99 4.38 4.95 4.98 4.42 4.38 5.07 5.45 5.55 5.86 6.11 6.05 5.69 5.30 5.16 5.03 4.97 5.17 5.17 5.06 5.06 5.14 5.65 6.09 6.15 5.95 5.68 5.84 5.95 5.95 5.92 5.84 5.81 5.47 5.36 6.32 7.12 6.56 5.51 5.14 5.76 6.44 6.00 4.91 4.08 4.17 5.45 6.50 6.26 5.88 5.43 4.96 4.73 4.42 4.29 3.81 2.95 3.04 4.45 5.38 5.27 4.77 4.83 5.49 6.11 6.36 6.28 6.11 6.05 6.34 6.97
5.19 5.17 5.12 5.08 5.03 5.00 4.97 4.95 4.93 4.82 4.66 4.49 4.17 3.87 4.27 5.30 5.67 5.15 4.58 4.73 5.13 5.30 5.57 5.90 6.01 5.70 5.24 5.22 5.29 5.16 5.41 5.60 5.37 5.28 5.27 5.37 5.72 6.01 5.90 5.77 5.77 5.65 6.01 6.30 5.77 5.71 5.75 4.92 4.99 6.58 7.36 6.53 5.97 6.46 6.98 7.14 6.17 4.48 4.11 5.40 6.62 6.71 6.20 5.49 5.62 5.90 5.24 4.84 4.42 2.98 2.52 3.48 4.45 4.51 4.44 4.70 5.21 5.67 6.06 6.48 6.12 5.64 5.98 6.41
5.22 5.20 5.16 5.12 5.08 5.05 5.00 4.95 4.92 4.83 4.69 4.52 4.27 3.78 3.74 4.79 5.65 5.67 5.27 5.00 5.05 5.17 5.33 5.64 5.93 5.83 5.31 5.11 5.37 5.44 5.53 5.67 5.53 5.49 5.51 5.40 5.50 5.73 5.77 5.87 5.90 5.70 6.09 6.59 6.17 5.84 6.18 5.75 4.94 5.46 6.64 6.83 6.56 6.68 7.00 7.52 7.47 5.92 4.70 5.67 6.78 6.93 6.32 5.36 5.68 6.58 6.25 5.52 5.08 3.83 2.69 2.93 3.59 3.66 3.86 4.35 4.76 5.46 6.17 6.63 6.20 5.65 5.86 6.06
5.23 5.23 5.21 5.17 5.12 5.09 5.06 5.01 4.96 4.90 4.76 4.56 4.35 3.94 3.62 4.14 5.03 5.40 5.39 5.26 5.11 5.02 5.03 5.24 5.57 5.68 5.35 4.95 4.98 5.28 5.49 5.53 5.50 5.70 5.94 5.94 5.79 5.73 5.79 6.00 6.08 5.98 6.07 6.32 6.32 6.05 6.00 6.10 5.99 5.78 5.82 6.09 6.34 6.54 6.68 7.08 7.58 7.00 5.84 6.08 7.02 7.19 6.46 5.61 5.69 6.61 6.93 6.21 5.45 4.73 3.76 2.95 3.26 3.38 3.13 3.58 4.21 5.22 6.32 6.45 6.03 5.85 5.77 5.84
5.24 5.24 5.23 5.20 5.16 5.11 5.07 5.02 4.97 4.93 4.87 4.68 4.44 4.17 3.89 3.99 4.55 4.93 5.04 5.07 5.01 4.91 4.83 4.92 5.16 5.32 5.24 4.93 4.73 4.92 5.25 5.38 5.48 5.79 6.22 6.46 6.26 5.85 5.68 5.89 5.96 5.97 6.15 6.12 6.18 6.27 5.92 5.59 5.98 6.31 5.92 5.56 5.70 6.13 6.45 6.74 7.19 7.21 6.56 6.39 7.14 7.42 6.68 6.01 5.94 6.46 7.13 6.76 5.84 5.38 4.61 3.57 3.56 3.52 2.90 2.97 3.66 4.80 6.07 6.14 5.85 5.85 5.43 5.37
5.26 5.23 5.20 5.20 5.19 5.17 5.11 5.05 4.96 4.88 4.89 4.82 4.61 4.40 4.22 4.18 4.43 4.69 4.83 4.90 4.90 4.89 4.86 4.89 5.04 5.17 5.18 5.06 4.91 4.91 5.07 5.26 5.44 5.64 5.99 6.35 6.36 5.91 5.60 5.89 6.03 6.11 6.37 6.35 6.29 6.44 6.31 5.63 5.55 6.24 6.27 5.71 5.34 5.46 6.00 6.45 6.88 7.22 7.01 6.67 7.07 7.45 6.84 6.15 6.08 6.37 6.91 6.92 6.38 5.90 5.06 4.15 4.14 4.12 3.46 3.12 3.54 4.57 5.68 6.04 5.96 5.86 5.26 4.89
5.31 5.27 5.21 5.20 5.19 5.19 5.16 5.10 5.01 4.88 4.85 4.86 4.74 4.58 4.49 4.46 4.57 4.73 4.83 4.89 4.92 4.94 4.95 4.97 5.07 5.19 5.21 5.16 5.10 5.04 5.01 5.17 5.57 5.92 6.21 6.54 6.67 6.32 5.96 6.17 6.28 6.32 6.46 6.51 6.50 6.49 6.47 5.99 5.61 6.07 6.40 6.09 5.53 5.13 5.32 5.76 6.27 6.90 7.29 7.10 7.10 7.64 7.30 6.33 6.20 6.44 6.59 6.80 6.67 6.11 5.33 4.65 4.53 4.52 3.97 3.44 3.87 4.98 6.01 6.37 6.25 5.94 5.38 4.74
5.35 5.32 5.26 5.21 5.18 5.17 5.18 5.17 5.10 4.96 4.88 4.89 4.81 4.67 4.64 4.64 4.71 4.84 4.91 4.91 4.93 4.96 4.98 4.99 5.06 5.20 5.27 5.24 5.20 5.08 4.93 5.02 5.58 6.18 6.41 6.74 7.09 6.82 6.29 6.28 6.41 6.51 6.64 6.67 6.69 6.60 6.41 6.12 5.87 6.08 6.46 6.38 5.98 5.41 5.07 5.19 5.59 6.15 6.92 7.40 7.35 7.85 7.81 6.69 6.39 6.45 6.30 6.63 6.74 6.12 5.47 5.13 5.06 4.95 4.09 3.17 3.61 5.07 6.46 7.16 6.91 6.17 5.73 5.04
5.33 5.32 5.29 5.26 5.22 5.18 5.18 5.20 5.17 5.05 4.93 4.95 4.95 4.81 4.72 4.72 4.76 4.88 4.97 4.97 4.97 4.99 5.01 5.01 5.08 5.23 5.32 5.36 5.32 5.16 4.86 4.79 5.35 6.01 6.17 6.29 6.65 6.77 6.38 6.12 6.22 6.47 6.74 6.93 6.95 6.78 6.54 6.30 6.10 6.15 6.50 6.48 6.26 5.89 5.35 5.13 5.34 5.61 6.04 7.09 7.58 8.02 8.15 7.15 6.62 6.42 6.18 6.53 6.72 6.32 5.79 5.50 5.62 5.58 4.42 3.02 2.94 4.31 6.08 7.50 7.87 7.12 6.64 5.74
5.35 5.32 5.31 5.30 5.26 5.20 5.18 5.17 5.18 5.11 4.96 4.92 5.01 4.98 4.84 4.78 4.78 4.86 4.96 4.97 5.01 5.06 5.07 5.08 5.14 5.25 5.34 5.42 5.37 5.10 4.66 4.39 4.83 5.56 5.94 6.10 6.15 6.27 6.27 6.00 5.94 6.24 6.66 7.10 7.29 6.98 6.67 6.61 6.32 6.18 6.54 6.55 6.35 6.21 5.72 5.30 5.37 5.41 5.34 6.32 7.49 8.20 8.39 7.56 6.61 6.11 6.05 6.36 6.55 6.42 6.06 5.79 5.98 5.87 4.81 3.38 2.69 3.45 4.85 6.55 7.95 8.01 7.67 6.90
5.38 5.33 5.29 5.29 5.26 5.21 5.18 5.18 5.17 5.13 5.01 4.88 4.91 5.00 4.96 4.88 4.83 4.85 4.91 4.92 4.96 5.03 5.05 5.07 5.16 5.29 5.40 5.55 5.54 5.05 4.46 4.13 4.32 5.03 5.72 6.14 6.23 6.17 6.05 5.84 5.71 5.93 6.42 7.09 7.51 7.15 6.84 6.91 6.66 6.36 6.50 6.58 6.43 6.32 6.01 5.59 5.54 5.46 5.11 5.53 6.90 8.17 8.60 7.91 6.51 5.67 5.67 5.96 6.21 6.29 6.05 5.92 6.16 5.83 4.81 3.85 3.11 3.07 3.76 5.03 6.84 7.90 8.16 8.09
5.40 5.35 5.29 5.27 5.26 5.22 5.19 5.21 5.20 5.13 5.06 4.93 4.85 4.89 4.92 4.92 4.90 4.87 4.88 4.88 4.89 4.95 4.99 5.02 5.13 5.32 5.60 5.96 6.08 5.42 4.52 4.12 4.07 4.48 5.36 6.05 6.46 6.59 6.15 5.63 5.52 5.64 6.02 6.81 7.29 7.10 7.09 7.15 6.98 6.79 6.69 6.72 6.54 6.22 5.94 5.63 5.64 5.74 5.43 5.30 6.26 7.80 8.47 8.00 6.90 6.00 5.64 5.73 6.20 6.53 6.39 6.19 6.00 5.42 4.63 4.29 4.30 3.72 3.12 3.71 5.35 6.83 7.66 8.45
5.44 5.40 5.33 5.30 5.27 5.23 5.19 5.21 5.22 5.17 5.10 5.01 4.90 4.83 4.83 4.85 4.86 4.86 4.87 4.87 4.85 4.88 4.93 4.98 5.09 5.27 5.70 6.42 6.74 6.17 5.19 4.49 4.05 3.83 4.38 5.35 6.26 7.05 6.71 5.73 5.48 5.56 5.75 6.51 6.94 6.90 7.43 7.68 7.38 7.14 7.10 7.23 6.96 6.42 5.86 5.34 5.57 6.09 6.08 5.82 6.53 7.70 7.81 7.34 7.05 6.65 6.07 5.87 6.37 7.07 7.27 6.68 5.70 4.96 4.22 4.29 5.34 5.25 3.43 2.81 3.97 5.28 6.23 7.37
5.46 5.45 5.40 5.33 5.30 5.24 5.19 5.20 5.19 5.15 5.12 5.05 4.96 4.84 4.77 4.78 4.79 4.80 4.84 4.87 4.86 4.85 4.86 4.90 5.01 5.12 5.51 6.51 7.26 7.09 6.46 5.54 4.58 3.89 3.67 4.08 5.21 6.81 7.13 6.04 5.46 5.68 5.76 6.25 6.70 6.73 7.46 8.25 8.18 7.40 7.19 7.83 7.83 7.25 6.25 5.00 5.35 6.52 6.85 6.68 7.44 8.00 7.11 6.26 6.39 6.51 6.13 5.98 6.46 7.31 7.92 7.06 5.57 4.64 3.85 3.81 5.28 6.54 5.03 2.97 3.01 3.90 4.83 5.88
5.44 5.45 5.44 5.38 5.31 5.25 5.21 5.20 5.16 5.11 5.10 5.06 5.00 4.89 4.78 4.75 4.76 4.74 4.76 4.83 4.85 4.82 4.78 4.76 4.80 4.91 5.32 6.33 7.45 7.96 7.95 7.22 5.86 4.82 4.07 3.71 4.54 6.29 7.25 6.49 5.93 6.16 6.12 6.29 6.48 6.58 7.09 8.09 8.89 8.10 7.22 8.06 8.61 8.25 7.09 5.16 5.12 6.65 7.55 7.48 7.89 8.14 7.19 6.05 5.89 6.11 5.85 5.92 6.60 7.44 8.05 7.32 5.90 4.83 3.84 3.45 4.36 6.60 6.48 4.21 2.88 2.92 3.88 5.03
5.45 5.44 5.44 5.42 5.34 5.24 5.19 5.19 5.14 5.09 5.07 5.06 5.02 4.96 4.84 4.75 4.73 4.71 4.70 4.74 4.76 4.75 4.70 4.62 4.54 4.54 4.89 5.70 6.77 7.84 8.75 8.97 7.80 6.35 5.20 4.53 4.96 6.38 7.38 6.91 6.65 6.83 6.82 6.97 6.67 6.55 6.96 7.61 8.78 8.91 8.18 8.48 9.16 9.27 8.27 6.23 5.31 6.29 7.95 8.47 7.96 7.47 7.22 6.55 5.95 5.74 5.37 5.68 6.96 7.70 7.66 6.99 6.14 5.27 4.18 3.68 4.31 6.21 7.17 5.73 3.48 2.49 3.15 4.49
5.49 5.46 5.44 5.46 5.41 5.27 5.17 5.18 5.15 5.08 5.04 5.04 5.01 4.95 4.87 4.74 4.68 4.65 4.65 4.67 4.67 4.65 4.64 4.56 4.42 4.27 4.31 4.78 5.50 6.26 7.44 8.73 8.78 7.82 6.40 5.38 5.56 6.50 7.35 7.07 6.83 6.98 7.03 7.37 7.16 6.72 6.86 7.13 7.81 8.37 8.33 8.48 9.08 9.75 9.14 7.19 5.99 6.23 7.90 9.27 8.16 6.47 6.52 6.75 6.25 5.51 4.82 5.28 7.31 8.17 7.14 6.06 5.72 5.21 4.40 4.24 4.62 6.01 7.54 7.07 4.59 2.69 2.79 3.95
5.56 5.48 5.43 5.48 5.49 5.36 5.23 5.20 5.18 5.12 5.06 5.03 5.00 4.94 4.88 4.77 4.65 4.57 4.54 4.58 4.59 4.55 4.54 4.49 4.31 4.16 4.12 4.34 4.79 5.41 6.40 7.55 8.24 8.20 6.88 5.38 5.38 6.29 6.98 6.93 6.71 6.48 6.36 6.72 6.79 6.48 6.47 6.56 6.70 6.87 6.96 7.30 7.96 9.20 9.19 7.61 7.03 7.27 8.17 9.53 8.42 6.17 6.02 6.85 6.87 5.63 4.46 5.05 7.54 8.58 6.82 5.49 5.31 4.80 4.20 4.30 4.71 5.82 7.59 8.05 6.06 3.66 3.06 3.68
5.62 5.54 5.41 5.42 5.48 5.38 5.24 5.20 5.16 5.10 5.05 5.05 5.02 4.97 4.91 4.81 4.70 4.59 4.48 4.45 4.47 4.41 4.39 4.40 4.24 4.02 4.01 4.21 4.70 5.59 6.76 7.56 8.03 8.42 7.08 4.90 4.80 5.90 6.32 6.25 6.35 6.08 5.89 6.14 6.14 6.00 6.18 6.34 6.26 6.37 6.41 6.47 6.87 8.06 8.71 7.71 7.46 8.46 9.39 9.82 8.16 5.86 5.67 7.02 7.81 6.34 4.43 4.76 7.49 8.83 7.02 5.65 5.35 4.58 4.02 4.10 4.52 5.59 7.38 8.52 7.18 5.00 4.08 3.91
5.65 5.62 5.49 5.41 5.42 5.32 5.21 5.18 5.14 5.06 4.98 4.99 4.99 4.96 4.92 4.83 4.75 4.67 4.55 4.44 4.40 4.31 4.20 4.24 4.26 4.03 3.87 3.91 4.22 4.99 6.11 7.21 7.85 8.73 8.01 5.06 4.36 5.67 6.19 6.01 6.21 6.07 5.89 6.03 5.85 5.79 6.08 6.14 6.07 6.30 6.40 6.28 6.32 6.85 7.58 7.24 6.87 8.12 10.12 10.77 8.68 5.76 5.14 6.77 8.58 7.73 5.22 4.43 6.49 8.50 7.56 6.22 5.66 4.71 4.06 3.94 4.18 5.09 6.96 8.69 8.33 6.62 5.57 4.77
5.67 5.69 5.65 5.57 5.48 5.35 5.24 5.20 5.17 5.07 4.95 4.92 4.91 4.90 4.88 4.82 4.74 4.68 4.59 4.49 4.40 4.27 4.08 3.98 4.04 3.99 3.81 3.62 3.53 3.78 4.72 6.05 7.07 8.29 8.74 6.70 4.86 5.50 6.26 6.17 6.28 6.15 5.91 5.92 5.79 5.76 5.85 5.85 5.97 6.18 6.27 6.29 6.25 6.21 6.50 6.70 6.52 6.96 9.00 11.03 9.93 6.50 4.73 5.83 8.52 9.06 7.08 5.12 5.64 7.33 7.27 6.60 5.99 4.98 4.18 3.74 3.70 4.28 5.69 7.80 8.87 8.30 7.40 6.40
5.64 5.65 5.69 5.73 5.64 5.44 5.30 5.24 5.22 5.14 5.00 4.92 4.89 4.86 4.82 4.77 4.71 4.65 4.56 4.47 4.41 4.28 4.08 3.86 3.71 3.66 3.60 3.48 3.28 3.29 3.94 4.98 6.17 7.39 8.49 7.93 6.22 5.65 6.10 6.10 6.09 6.16 6.07 5.92 6.00 6.09 5.74 5.76 6.06 6.22 6.33 6.44 6.46 6.26 6.32 6.63 6.75 6.70 7.64 10.06 10.30 7.16 4.52 4.72 7.43 9.54 8.97 6.91 6.06 6.25 6.10 6.29 6.09 5.13 4.29 3.64 3.43 3.84 4.46 5.60 7.37 8.31 8.59 8.20
5.67 5.62 5.59 5.66 5.66 5.50 5.32 5.22 5.21 5.17 5.05 4.94 4.89 4.86 4.81 4.74 4.69 4.65 4.57 4.46 4.38 4.28 4.11 3.91 3.67 3.47 3.35 3.30 3.29 3.41 3.74 4.33 5.34 6.46 7.44 7.64 6.98 6.34 6.27 6.11 5.86 6.00 6.23 6.13 6.22 6.39 5.98 5.93 6.18 6.22 6.38 6.48 6.59 6.60 6.55 6.73 7.07 7.21 7.52 9.24 10.11 7.71 4.81 4.07 5.76 8.69 9.92 8.88 7.21 5.83 5.26 5.76 5.82 5.04 4.32 3.77 3.55 4.00 4.59 4.78 5.30 6.58 8.15 9.17
