windninja/windninja_output/Output_2025-10-23_1200-1250_Google earth_Fire_150m_10min/merlingen_7.5mi_point_10-23-2025_1220_150m_vel.asc
ncols	158
nrows	163
xllcorner	391686.332397
yllcorner	5160024.123721
cellsize	150.000000
NODATA_value	-32768.000000
[rows 0 to 35 of 163, columns 0 to 82 of 158]
7.19 7.25 7.28 7.33 7.63 7.77 7.48 7.56 8.04 8.13 8.05 8.25 9.04 10.08 10.25 9.45 8.31 7.37 7.38 7.50 6.47 6.13 7.67 8.64 8.57 7.98 7.38 7.46 8.05 8.18 8.10 8.15 8.10 7.84 7.94 8.25 7.75 7.41 7.47 7.22 7.39 7.78 7.79 7.80 7.78 7.61 7.64 7.27 7.00 7.38 7.64 7.80 8.01 8.04 7.91 7.95 8.00 8.10 8.14 7.95 7.79 7.99 8.19 8.23 8.33 8.59 8.93 8.96 8.65 8.19 7.93 8.00 8.17 8.30 8.53 8.58 8.50 8.55 8.39 8.14 8.16 8.24 8.66
7.07 7.20 7.15 7.07 7.40 7.62 7.41 7.34 7.62 7.68 7.54 7.60 8.28 9.52 10.34 10.22 9.24 8.04 7.90 7.90 6.53 5.58 6.60 8.13 8.85 8.48 7.62 7.35 7.76 7.98 7.98 8.05 8.09 7.90 7.86 8.32 8.08 7.71 7.68 7.32 7.34 7.68 7.79 8.01 8.01 7.83 7.95 7.58 6.97 7.04 7.34 7.52 7.76 7.88 7.78 7.81 7.93 8.08 8.26 8.04 7.68 7.76 7.98 8.05 7.98 8.15 8.66 9.03 8.95 8.38 7.88 7.86 8.04 8.16 8.38 8.47 8.50 8.78 8.64 8.10 7.99 8.16 8.58
6.77 7.17 7.10 6.89 7.23 7.23 7.24 7.40 7.47 7.28 6.90 6.66 7.06 8.28 9.99 11.02 10.48 9.32 8.96 8.52 7.09 5.44 5.15 6.80 8.75 9.08 8.21 7.52 7.53 7.76 7.94 7.97 7.93 7.94 7.95 8.22 8.36 8.21 7.98 7.58 7.46 7.57 7.76 8.19 8.21 8.04 8.19 8.11 7.40 6.93 7.07 7.27 7.51 7.73 7.66 7.65 7.82 7.97 8.27 8.25 7.79 7.58 7.72 7.85 7.64 7.68 8.29 9.05 9.36 8.69 7.85 7.72 7.90 7.99 8.14 8.15 8.36 9.11 9.05 8.09 7.67 8.26 8.65
6.25 7.07 7.35 7.10 7.34 7.01 7.02 7.59 7.75 7.44 6.85 6.32 6.53 7.41 8.96 10.79 10.77 10.00 9.71 9.10 7.80 6.30 5.04 5.51 7.75 8.96 8.83 8.29 7.93 8.04 8.33 8.32 8.08 8.00 7.98 8.03 8.18 8.29 8.12 7.78 7.64 7.63 7.89 8.24 8.21 8.11 8.11 8.16 7.96 7.58 7.32 7.26 7.52 7.84 7.81 7.67 7.76 7.84 7.99 8.17 7.99 7.60 7.57 7.75 7.62 7.59 8.06 8.94 9.46 8.77 7.89 7.80 7.95 7.92 7.91 7.76 7.97 8.97 9.27 8.14 7.28 8.29 9.03
5.61 6.59 7.40 7.39 7.47 7.06 6.86 7.27 7.42 7.18 6.66 6.05 6.10 6.99 8.50 10.29 10.80 10.19 9.73 9.47 8.56 7.11 5.39 4.75 6.43 8.00 8.71 8.83 8.57 8.60 8.93 9.14 9.04 8.56 8.06 8.06 8.18 8.27 8.27 7.95 7.63 7.68 8.09 8.29 8.24 8.22 8.10 7.96 7.96 7.93 7.60 7.35 7.48 7.85 7.99 7.87 7.83 7.82 7.79 7.91 7.92 7.60 7.50 7.65 7.62 7.58 7.89 8.84 9.46 8.70 7.98 7.97 8.03 7.89 7.79 7.75 7.78 8.35 8.89 8.26 7.17 7.72 8.94
5.34 5.86 6.73 7.30 7.52 7.20 6.94 7.01 6.88 6.52 6.13 5.64 5.41 6.39 8.33 9.70 10.63 10.47 9.68 9.44 9.06 7.90 5.77 4.32 5.12 6.56 7.49 8.19 8.43 8.54 8.90 9.48 9.80 9.48 8.84 8.48 8.48 8.47 8.45 8.23 7.82 7.76 8.08 8.19 8.18 8.25 8.10 7.88 7.83 7.78 7.69 7.62 7.60 7.77 8.01 8.05 7.97 7.86 7.75 7.74 7.77 7.58 7.48 7.63 7.65 7.59 7.80 8.75 9.33 8.62 8.22 8.37 8.20 7.71 7.64 8.06 8.24 8.18 8.08 8.00 7.65 7.60 8.34
5.67 5.68 5.85 6.50 7.15 7.26 7.21 7.02 6.58 6.11 5.73 5.34 5.00 5.90 8.14 9.25 10.05 10.58 10.14 9.70 9.56 8.83 6.66 4.42 4.29 5.31 6.19 6.96 7.51 7.83 8.31 9.06 9.61 9.68 9.53 9.21 8.90 8.77 8.66 8.45 8.16 8.02 8.08 8.06 8.00 8.10 8.01 7.83 7.73 7.52 7.50 7.80 7.89 7.89 8.12 8.20 8.07 7.91 7.72 7.60 7.56 7.45 7.51 7.74 7.81 7.66 7.78 8.66 9.07 8.36 8.28 8.90 8.70 7.68 7.40 8.09 8.71 8.61 7.65 7.61 8.31 8.18 8.00
5.98 5.98 5.77 5.81 6.36 6.85 7.15 6.97 6.40 5.86 5.43 5.01 4.77 5.73 7.92 9.04 9.25 10.03 10.33 9.98 10.01 9.73 7.97 5.44 4.11 4.36 5.36 6.17 6.57 6.96 7.66 8.41 8.84 9.06 9.31 9.34 9.04 8.82 8.75 8.57 8.37 8.25 8.18 8.10 7.99 7.92 7.82 7.72 7.52 7.25 7.26 7.62 7.82 8.02 8.47 8.45 8.15 7.99 7.73 7.49 7.30 7.07 7.32 7.86 8.13 8.00 7.96 8.54 8.81 8.10 7.97 8.89 9.02 8.08 7.47 7.78 8.67 8.78 7.60 7.49 8.79 8.62 7.80
6.00 6.17 6.18 5.91 5.98 6.35 6.70 6.66 6.27 5.75 5.25 4.70 4.36 5.24 7.54 8.89 8.89 9.31 9.95 10.03 10.14 10.13 9.04 7.01 4.93 4.00 4.79 5.77 5.90 6.30 7.31 7.81 8.04 8.58 9.06 9.11 8.79 8.60 8.64 8.60 8.46 8.35 8.19 8.09 8.07 7.85 7.64 7.63 7.31 6.87 7.17 7.54 7.38 7.75 8.72 8.71 8.20 8.06 7.83 7.43 7.09 6.61 6.56 7.31 8.08 8.40 8.32 8.40 8.49 8.13 8.02 8.53 8.65 8.23 7.74 7.69 8.41 8.47 7.62 7.79 9.15 8.91 7.54
5.98 6.17 6.39 6.27 6.13 6.27 6.44 6.37 6.13 5.73 5.27 4.66 4.06 4.55 6.64 8.41 8.80 8.90 9.22 9.85 10.27 10.26 9.68 8.16 6.33 4.65 4.39 5.43 5.71 6.01 7.22 7.47 7.37 8.21 9.04 9.08 8.64 8.44 8.55 8.62 8.55 8.48 8.27 8.08 8.11 7.81 7.48 7.58 7.20 6.49 6.88 7.46 7.11 7.46 8.60 8.85 8.20 7.95 7.85 7.39 7.05 6.57 5.95 6.19 7.38 8.29 8.44 8.22 7.95 8.13 8.54 8.61 8.27 7.99 7.81 7.78 8.23 7.93 7.37 8.29 9.45 9.34 7.81
6.03 6.18 6.43 6.42 6.28 6.32 6.41 6.33 6.09 5.76 5.40 4.85 4.12 4.15 5.68 7.57 8.46 8.67 8.54 9.08 9.94 10.22 10.03 8.88 7.39 5.92 4.75 5.18 5.79 6.06 7.01 7.29 7.06 7.79 8.71 8.91 8.62 8.38 8.48 8.60 8.63 8.64 8.46 8.15 8.21 7.92 7.28 7.41 7.22 6.35 6.56 7.07 6.92 7.45 8.28 8.80 8.28 7.70 7.56 7.25 7.15 6.79 5.76 5.62 6.88 7.74 8.04 7.78 7.11 7.72 8.80 8.88 8.23 7.74 7.74 7.91 8.28 7.79 6.93 7.93 9.22 9.69 8.74
6.11 6.20 6.40 6.45 6.34 6.32 6.36 6.32 6.13 5.84 5.55 5.10 4.44 4.13 5.12 6.83 7.85 8.36 8.33 8.39 9.02 9.59 9.86 9.22 8.05 6.81 5.52 5.30 5.81 6.16 6.73 7.12 7.07 7.52 8.20 8.45 8.44 8.34 8.40 8.43 8.52 8.73 8.56 8.22 8.44 8.32 7.42 7.19 7.25 6.69 6.56 6.61 6.63 7.41 8.02 8.42 8.22 7.60 7.21 7.05 7.31 7.04 5.98 5.87 6.82 7.18 7.35 6.97 6.15 7.05 8.49 8.84 8.38 7.58 7.50 8.04 8.61 8.40 7.38 7.35 8.39 9.40 9.37
6.19 6.24 6.35 6.41 6.38 6.37 6.33 6.24 6.12 5.89 5.64 5.30 4.76 4.35 4.96 6.44 7.24 7.67 8.13 8.26 8.42 8.79 9.16 9.03 8.26 7.11 6.04 5.68 5.92 6.19 6.56 7.01 7.22 7.37 7.73 8.13 8.24 8.21 8.23 8.15 8.34 8.67 8.42 8.24 8.62 8.66 8.01 7.55 7.58 7.40 6.92 6.53 6.58 7.42 8.11 8.00 7.72 7.34 6.95 7.14 7.67 7.43 6.72 6.62 6.83 6.80 6.66 6.13 5.51 6.37 7.57 8.27 8.41 7.45 6.95 7.64 8.43 8.89 8.32 7.47 7.79 8.73 9.19
6.27 6.28 6.31 6.34 6.35 6.40 6.38 6.27 6.15 5.95 5.71 5.43 4.95 4.66 5.25 6.51 7.08 6.91 7.42 8.07 8.15 8.22 8.51 8.55 8.10 7.25 6.45 6.19 6.21 6.35 6.64 6.94 7.21 7.20 7.29 7.99 8.28 8.17 8.04 7.83 8.19 8.47 8.09 8.01 8.39 8.37 7.91 7.92 8.40 8.34 7.49 6.81 6.70 7.55 8.53 7.99 7.09 6.52 6.40 7.36 8.29 8.00 7.65 7.35 6.82 6.57 6.34 6.15 5.67 5.45 6.26 7.35 8.09 7.35 6.46 6.72 7.71 8.66 8.57 7.84 7.83 8.33 8.74
6.33 6.33 6.32 6.31 6.30 6.34 6.35 6.31 6.24 6.04 5.81 5.56 5.03 4.75 5.56 6.96 7.48 6.80 6.68 7.49 7.80 7.74 8.00 8.16 7.92 7.30 6.67 6.54 6.49 6.50 6.97 7.19 7.09 6.99 7.02 7.70 8.25 8.34 8.08 7.74 7.99 8.09 8.07 8.11 8.01 7.90 7.38 7.12 8.26 9.30 8.69 7.41 6.97 7.91 8.93 8.41 6.95 5.71 5.66 7.38 8.89 8.69 8.31 7.68 7.03 6.90 6.68 6.70 6.22 5.06 4.98 6.53 7.54 7.11 6.25 6.36 7.35 8.07 8.20 8.16 8.15 8.10 8.37
6.38 6.37 6.35 6.34 6.31 6.31 6.29 6.27 6.27 6.11 5.91 5.67 5.19 4.63 5.29 7.18 7.98 7.34 6.68 6.96 7.37 7.36 7.52 7.81 7.87 7.40 6.66 6.60 6.77 6.67 7.17 7.54 7.17 7.07 7.17 7.39 7.89 8.28 8.09 7.92 7.93 7.70 8.16 8.61 7.86 7.67 7.74 6.69 6.69 8.61 9.55 8.38 7.65 8.40 9.10 9.26 8.04 5.88 5.36 7.25 9.06 9.24 8.56 7.37 7.40 8.05 7.50 7.21 6.90 5.19 4.62 5.83 6.79 6.42 6.05 6.39 7.02 7.49 7.99 8.78 8.46 7.71 8.05
6.41 6.41 6.39 6.38 6.35 6.35 6.32 6.27 6.27 6.17 5.99 5.75 5.42 4.72 4.84 6.69 7.92 7.80 7.23 6.95 7.04 7.03 7.08 7.41 7.78 7.59 6.77 6.45 6.82 6.97 7.29 7.54 7.26 7.29 7.51 7.49 7.68 7.97 7.93 8.00 8.00 7.67 8.16 8.80 8.14 7.64 8.11 7.53 6.58 7.38 8.74 8.66 8.21 8.46 8.82 9.39 9.29 7.31 5.86 7.50 9.22 9.48 8.55 7.00 7.38 8.79 8.55 7.82 7.39 5.89 4.77 5.18 5.91 5.73 5.69 6.09 6.37 7.22 8.34 9.09 8.37 7.51 7.80
6.42 6.44 6.44 6.42 6.39 6.38 6.37 6.33 6.31 6.25 6.10 5.86 5.62 5.13 4.96 6.06 7.32 7.60 7.39 7.15 6.96 6.80 6.74 7.00 7.44 7.50 6.95 6.39 6.49 6.97 7.33 7.35 7.23 7.51 7.94 8.05 7.92 7.80 7.78 8.00 8.06 7.92 8.11 8.40 8.28 7.92 7.84 7.84 7.72 7.71 7.83 7.96 8.11 8.31 8.43 8.87 9.44 8.59 7.14 7.85 9.36 9.63 8.47 7.18 7.42 8.81 9.34 8.53 7.53 6.62 5.65 4.96 5.48 5.62 5.09 5.30 5.84 7.15 8.69 8.75 7.97 7.71 7.60
6.42 6.44 6.46 6.45 6.44 6.41 6.39 6.37 6.32 6.29 6.24 6.05 5.81 5.55 5.37 5.84 6.76 7.14 7.12 7.06 6.89 6.70 6.59 6.73 7.04 7.17 6.98 6.55 6.37 6.70 7.07 7.08 7.12 7.52 8.15 8.56 8.37 7.84 7.58 7.88 7.96 7.94 8.18 8.10 8.12 8.25 7.86 7.38 7.80 8.32 7.92 7.47 7.50 7.86 8.17 8.49 9.01 8.95 8.15 8.18 9.39 9.73 8.58 7.69 7.78 8.65 9.59 9.03 7.78 7.36 6.55 5.25 5.43 5.52 4.66 4.70 5.47 6.82 8.34 8.26 7.80 7.81 7.19
6.45 6.44 6.44 6.44 6.46 6.47 6.44 6.42 6.35 6.25 6.28 6.26 6.04 5.85 5.78 5.97 6.46 6.79 6.86 6.88 6.77 6.68 6.62 6.65 6.84 6.98 6.94 6.75 6.56 6.58 6.69 6.79 6.99 7.35 7.97 8.53 8.58 7.95 7.45 7.82 7.94 7.96 8.29 8.23 8.17 8.45 8.37 7.46 7.34 8.32 8.37 7.65 7.13 7.16 7.72 8.17 8.61 9.02 8.83 8.56 9.22 9.72 8.90 8.05 8.10 8.63 9.31 9.15 8.45 8.02 6.89 5.50 5.57 5.65 4.88 4.55 5.06 6.33 7.71 8.09 7.97 7.84 7.00
6.51 6.47 6.43 6.44 6.46 6.51 6.52 6.50 6.42 6.26 6.26 6.36 6.23 6.07 6.07 6.16 6.40 6.63 6.73 6.74 6.68 6.66 6.64 6.63 6.75 6.90 6.91 6.81 6.70 6.59 6.41 6.49 7.04 7.63 8.13 8.61 8.81 8.25 7.62 7.88 8.00 8.05 8.29 8.38 8.46 8.57 8.56 7.85 7.36 8.09 8.51 8.07 7.38 6.88 7.09 7.52 8.01 8.72 9.21 9.04 9.09 9.88 9.59 8.40 8.32 8.75 8.88 9.07 8.97 8.18 6.80 5.74 5.78 5.96 5.27 4.38 4.82 6.31 7.75 8.33 8.27 7.86 7.08
6.55 6.53 6.47 6.45 6.46 6.49 6.55 6.57 6.52 6.35 6.30 6.40 6.34 6.19 6.20 6.26 6.38 6.58 6.68 6.65 6.61 6.61 6.61 6.58 6.66 6.84 6.90 6.83 6.74 6.54 6.19 6.14 6.90 7.84 8.16 8.57 9.04 8.63 7.85 7.86 8.04 8.20 8.44 8.60 8.78 8.75 8.52 8.04 7.65 7.97 8.50 8.39 7.89 7.22 6.85 6.98 7.40 7.99 8.78 9.30 9.24 10.11 10.26 8.84 8.61 8.84 8.57 8.97 9.03 7.85 6.63 6.14 6.29 6.48 5.44 3.94 4.19 6.03 7.89 8.95 8.82 7.93 7.38
6.54 6.53 6.51 6.51 6.51 6.49 6.53 6.60 6.60 6.47 6.35 6.42 6.47 6.32 6.24 6.28 6.34 6.53 6.65 6.60 6.57 6.57 6.57 6.53 6.58 6.76 6.86 6.87 6.82 6.57 6.04 5.76 6.61 7.69 7.96 8.19 8.65 8.67 8.08 7.73 7.84 8.14 8.56 8.94 9.11 8.96 8.59 8.17 7.84 7.94 8.52 8.51 8.18 7.74 7.11 6.87 7.15 7.42 7.71 8.88 9.52 10.36 10.74 9.51 9.05 8.87 8.39 8.71 8.61 7.66 6.83 6.53 6.95 7.21 5.80 3.74 3.32 5.05 7.29 9.09 9.58 8.67 8.25
6.56 6.52 6.52 6.57 6.55 6.52 6.53 6.58 6.63 6.59 6.40 6.35 6.50 6.49 6.34 6.29 6.31 6.44 6.57 6.53 6.52 6.57 6.54 6.48 6.53 6.69 6.78 6.90 6.91 6.58 5.90 5.43 6.19 7.32 7.84 8.13 8.20 8.24 8.13 7.70 7.55 7.91 8.45 9.10 9.52 9.13 8.54 8.42 8.09 7.97 8.57 8.59 8.29 8.14 7.53 6.97 7.14 7.15 6.80 7.91 9.48 10.65 11.24 10.46 9.40 8.47 8.01 8.16 8.02 7.64 7.18 6.96 7.56 7.65 6.15 3.97 2.99 4.21 6.01 7.93 9.51 9.51 9.22
6.59 6.53 6.51 6.58 6.58 6.54 6.54 6.59 6.65 6.63 6.48 6.31 6.37 6.51 6.44 6.35 6.33 6.37 6.46 6.42 6.41 6.49 6.45 6.39 6.46 6.61 6.74 7.03 7.22 6.68 5.82 5.38 5.75 6.74 7.60 8.13 8.22 8.15 8.00 7.62 7.33 7.55 8.11 9.07 9.78 9.14 8.54 8.74 8.52 8.22 8.52 8.62 8.44 8.30 7.83 7.23 7.21 7.07 6.47 7.01 8.90 10.82 11.82 11.23 9.30 7.78 7.40 7.41 7.53 7.61 7.39 7.43 8.11 7.68 5.90 4.33 3.61 4.05 4.95 6.25 8.25 9.38 9.57
6.61 6.56 6.53 6.57 6.59 6.55 6.54 6.63 6.70 6.64 6.53 6.38 6.30 6.38 6.40 6.38 6.37 6.35 6.37 6.33 6.30 6.35 6.32 6.26 6.32 6.46 6.76 7.39 7.87 7.17 5.99 5.55 5.56 6.03 7.05 7.84 8.32 8.65 8.20 7.44 7.17 7.23 7.71 8.93 9.53 8.88 8.78 9.03 8.87 8.70 8.66 8.80 8.69 8.32 7.87 7.29 7.09 7.12 6.82 6.87 8.41 10.90 12.03 11.08 9.04 7.59 6.96 6.84 7.40 7.95 8.06 8.26 8.21 7.05 5.40 4.64 5.02 4.91 4.36 4.85 6.64 8.20 8.87
6.65 6.62 6.58 6.59 6.60 6.56 6.53 6.65 6.72 6.65 6.57 6.47 6.37 6.30 6.29 6.33 6.33 6.32 6.31 6.27 6.22 6.21 6.17 6.11 6.12 6.15 6.62 7.79 8.55 7.94 6.73 6.05 5.69 5.42 5.95 6.91 7.96 9.17 8.89 7.53 7.06 7.19 7.57 8.66 8.96 8.41 9.02 9.53 9.27 8.97 8.89 9.26 9.15 8.62 7.92 6.81 6.62 7.31 7.55 7.58 9.25 11.51 11.47 9.91 8.76 7.94 7.05 6.72 7.44 8.61 9.42 9.12 7.75 6.29 4.71 4.43 6.10 6.61 4.78 4.09 5.32 6.59 7.37
6.66 6.67 6.66 6.63 6.63 6.57 6.56 6.67 6.69 6.62 6.59 6.54 6.45 6.31 6.22 6.26 6.25 6.22 6.22 6.22 6.17 6.10 6.00 5.89 5.84 5.75 6.19 7.74 8.92 8.72 8.05 7.23 6.28 5.51 5.23 5.52 6.78 8.97 9.48 7.89 6.98 7.42 7.61 8.14 8.38 7.95 8.77 9.91 10.07 9.16 8.73 9.66 9.87 9.40 8.23 5.96 5.86 7.59 8.48 8.83 10.68 11.89 10.29 8.35 7.95 7.78 7.04 6.78 7.56 9.12 10.46 9.48 7.27 5.69 4.15 3.83 5.99 8.03 6.50 4.29 4.40 5.19 6.05
6.64 6.68 6.72 6.69 6.66 6.60 6.60 6.68 6.65 6.58 6.58 6.57 6.50 6.38 6.23 6.19 6.19 6.11 6.09 6.14 6.11 6.00 5.83 5.64 5.47 5.32 5.78 7.27 8.74 9.31 9.49 8.97 7.49 6.35 5.53 4.97 5.87 8.25 9.59 8.25 7.28 7.77 7.68 7.82 7.82 7.56 8.16 9.51 10.73 9.80 8.45 9.61 10.53 10.32 8.83 5.62 5.16 7.63 9.54 10.23 11.32 11.44 9.61 7.65 7.22 7.27 6.69 6.73 8.01 9.67 10.71 9.50 7.27 5.62 4.08 3.57 5.08 8.24 8.19 5.59 4.26 4.23 5.23
6.66 6.68 6.72 6.75 6.72 6.63 6.62 6.67 6.62 6.55 6.56 6.57 6.53 6.44 6.30 6.16 6.12 6.04 5.97 6.01 5.99 5.88 5.70 5.44 5.10 4.82 5.19 6.37 7.68 8.83 10.11 10.69 9.43 7.89 6.50 5.20 5.58 7.89 9.47 8.42 7.77 8.04 7.83 8.12 7.67 7.26 7.86 8.76 10.40 10.35 9.03 9.68 10.88 11.15 9.76 6.57 5.27 7.38 10.37 11.81 11.45 10.18 9.11 7.95 7.16 6.86 6.17 6.59 8.88 10.39 10.35 8.93 7.31 5.97 4.46 3.93 5.09 7.74 9.05 7.45 4.93 3.82 4.54
6.73 6.70 6.71 6.80 6.83 6.71 6.61 6.64 6.63 6.55 6.52 6.54 6.51 6.45 6.34 6.15 6.04 5.96 5.90 5.92 5.87 5.73 5.58 5.32 4.91 4.54 4.62 5.35 6.20 7.12 8.77 10.56 10.62 9.57 7.61 5.44 5.62 7.68 9.22 8.45 7.85 7.94 7.77 8.35 8.02 7.32 7.73 8.33 9.41 9.77 9.30 9.69 10.69 11.63 10.70 7.74 6.40 7.71 10.68 12.93 11.41 8.58 8.12 8.21 7.64 6.75 5.71 6.42 9.66 11.20 9.74 7.76 6.94 6.06 4.76 4.55 5.23 7.18 9.34 9.01 6.12 3.89 4.08
6.83 6.73 6.67 6.82 6.96 6.83 6.63 6.63 6.65 6.58 6.52 6.53 6.51 6.45 6.36 6.18 6.00 5.87 5.79 5.80 5.75 5.56 5.42 5.21 4.81 4.47 4.42 4.72 5.27 6.15 7.72 9.39 10.27 10.39 8.40 5.38 5.40 7.60 8.79 8.31 7.87 7.54 7.32 7.92 7.87 7.34 7.70 8.28 8.58 8.60 8.57 8.99 9.74 11.25 10.97 8.43 7.92 9.18 11.22 13.28 11.43 7.78 7.23 8.29 8.53 7.09 5.48 6.34 10.07 11.65 9.08 7.00 6.67 5.81 4.62 4.61 5.15 6.73 9.24 10.02 7.59 4.62 4.15
6.93 6.82 6.66 6.77 7.01 6.86 6.64 6.64 6.64 6.57 6.50 6.52 6.52 6.46 6.38 6.21 6.03 5.89 5.73 5.66 5.61 5.41 5.21 5.11 4.82 4.37 4.24 4.31 4.72 5.87 7.72 9.14 10.00 10.91 9.09 5.27 5.04 7.54 8.24 7.75 7.79 7.34 7.07 7.54 7.46 7.27 7.91 8.36 8.14 8.26 8.37 8.39 8.77 10.12 10.56 8.81 8.61 10.55 12.46 13.40 10.90 7.21 6.51 8.31 9.69 8.08 5.62 6.13 9.94 11.69 9.05 7.11 6.77 5.52 4.39 4.34 4.82 6.33 8.86 10.46 8.68 5.88 5.09
6.95 6.92 6.78 6.82 6.99 6.82 6.63 6.63 6.64 6.55 6.43 6.47 6.49 6.44 6.38 6.21 6.06 5.96 5.78 5.61 5.52 5.31 5.00 4.93 4.86 4.39 4.04 3.85 3.95 4.99 6.95 8.78 9.72 11.19 10.41 5.90 4.73 7.29 7.97 7.43 7.69 7.38 7.14 7.52 7.32 7.41 8.08 8.13 7.91 8.28 8.45 8.26 8.31 8.86 9.46 8.77 8.41 10.26 13.04 14.04 11.25 6.98 5.65 7.80 10.49 9.69 6.73 6.00 8.76 11.15 9.58 7.68 6.95 5.45 4.35 4.14 4.42 5.68 8.21 10.36 9.73 7.62 6.67
6.93 6.97 6.98 7.04 7.05 6.82 6.66 6.65 6.68 6.58 6.42 6.40 6.41 6.38 6.33 6.19 6.06 5.97 5.81 5.64 5.52 5.28 4.92 4.71 4.66 4.39 3.97 3.55 3.32 3.98 5.86 7.79 8.96 10.59 11.19 7.96 5.18 6.74 7.78 7.45 7.65 7.51 7.33 7.52 7.48 7.70 7.90 7.76 7.92 8.26 8.35 8.34 8.30 8.18 8.45 8.69 8.58 9.24 11.73 14.18 12.61 7.81 5.06 6.55 10.33 11.19 8.96 6.93 7.96 10.01 9.33 8.03 7.15 5.67 4.58 4.08 4.08 4.98 6.81 9.17 10.19 9.42 8.58
6.90 6.92 7.04 7.24 7.18 6.89 6.71 6.68 6.73 6.64 6.47 6.39 6.37 6.33 6.26 6.15 6.05 5.97 5.79 5.63 5.54 5.32 4.99 4.68 4.41 4.17 3.82 3.45 3.22 3.77 5.29 6.67 8.02 9.61 10.85 9.46 6.80 6.57 7.48 7.47 7.49 7.64 7.67 7.61 7.84 8.15 7.66 7.61 8.05 8.24 8.30 8.44 8.45 8.16 8.26 8.74 8.98 9.00 10.17 13.16 13.25 8.85 5.04 5.28 8.94 11.68 11.17 9.05 8.66 8.95 8.00 7.72 7.32 5.99 4.97 4.19 3.97 4.75 5.65 6.89 8.69 9.55 9.91
