windninja/windninja_output/Output_2025-10-23_1200-1250_Google earth_Fire_150m_10min/merlingen_7.5mi_point_10-23-2025_1200_150m_ang.asc
ncols	158
nrows	163
xllcorner	391686.332397
yllcorner	5160024.123721
cellsize	150.000000
NODATA_value	-32768.000000
[rows 84 to 125 of 163, columns 0 to 93 of 158]
263 263 265 263 257 254 250 247 247 249 253 258 260 260 262 263 263 264 266 268 269 269 267 266 267 267 263 261 259 258 257 256 256 256 257 258 258 258 256 254 253 253 254 255 256 257 258 261 263 261 259 259 261 263 264 264 264 264 264 264 264 264 264 264 264 264 264 265 265 265 266 266 267 268 269 271 273 276 282 291 315 324 281 276 281 281 278 273 271 270 267 263 259 256
260 259 259 258 256 252 247 245 249 253 256 258 258 259 259 260 261 263 265 268 271 272 272 271 272 272 267 262 261 261 258 256 254 253 253 255 257 258 259 259 259 258 258 258 260 261 263 265 267 266 264 261 259 260 262 264 264 265 265 265 265 265 265 265 265 265 265 265 265 265 266 266 267 268 270 271 273 276 281 291 319 338 321 295 284 280 275 271 270 269 267 264 261 257
261 259 258 258 256 251 246 246 251 256 257 256 256 257 257 257 258 260 263 267 270 272 274 277 278 274 268 265 263 262 260 258 257 254 253 252 251 252 255 259 262 262 260 258 259 260 262 265 266 268 267 265 262 261 262 264 265 266 266 266 266 266 266 265 265 265 265 265 265 265 266 266 267 268 269 271 273 276 281 292 319 338 328 300 284 278 274 271 268 267 266 264 264 262
262 261 259 258 254 249 246 247 251 255 255 254 256 255 255 255 254 255 259 263 267 268 272 280 286 279 267 264 262 260 260 260 260 260 259 255 251 250 250 253 257 261 261 259 258 259 261 263 264 266 267 267 265 264 264 266 267 268 268 268 268 267 267 266 266 265 265 265 265 266 266 267 267 268 270 271 273 277 283 293 314 333 328 305 285 276 273 271 268 267 267 268 270 268
264 263 260 258 252 246 244 246 248 250 252 254 256 253 251 249 248 251 255 260 263 266 275 284 290 279 265 262 259 258 258 260 261 263 264 263 259 255 252 251 253 255 259 260 259 258 259 261 262 262 264 266 267 266 265 266 267 270 271 271 271 269 268 267 266 266 266 266 266 266 266 267 268 268 270 271 274 277 282 291 305 323 324 308 292 278 272 269 268 269 272 273 271 266
265 264 261 257 252 248 245 244 243 245 251 256 254 250 248 244 243 248 254 260 265 273 281 284 277 259 258 258 258 257 258 259 260 260 263 266 267 263 258 256 255 255 257 259 260 259 258 258 260 261 262 264 266 267 265 264 264 266 272 276 276 272 269 267 266 266 266 266 266 266 266 267 268 269 270 271 274 277 281 287 297 311 317 309 296 286 277 272 272 274 275 273 266 261
265 263 258 254 254 252 248 244 239 242 250 253 249 245 243 241 242 245 252 263 275 284 284 271 242 235 250 254 256 257 258 258 259 260 260 263 265 266 263 259 257 257 258 259 262 262 259 258 259 261 263 265 267 268 265 261 260 262 270 278 280 274 270 268 267 266 266 266 266 266 267 267 268 269 270 271 273 276 279 284 292 301 309 307 299 293 288 281 279 279 274 266 262 260
262 258 250 248 249 250 247 241 236 241 248 248 240 238 237 236 239 242 250 266 282 289 272 244 223 227 244 251 254 256 257 258 260 261 262 262 263 265 266 262 257 256 257 260 263 263 262 260 260 261 265 268 270 271 267 261 261 265 268 272 275 274 270 268 267 267 267 267 267 267 267 267 268 269 270 271 273 275 278 282 287 294 302 304 300 297 293 287 283 279 270 262 263 264
259 255 246 243 242 241 238 231 226 233 241 240 233 233 235 237 240 243 252 265 274 270 244 228 219 227 242 250 254 256 258 259 261 263 264 263 263 264 266 266 259 254 255 259 262 263 263 262 262 263 267 271 274 275 274 270 269 269 267 264 264 268 269 268 267 267 267 267 267 267 267 268 268 269 270 271 272 274 277 280 283 288 295 299 298 295 292 287 282 274 263 263 267 267
260 256 249 246 244 242 237 226 218 226 233 230 223 221 223 230 237 244 257 262 254 223 218 219 218 230 244 250 253 256 258 260 264 266 265 264 264 264 265 267 264 256 253 256 259 262 263 263 263 263 267 274 279 278 279 282 277 272 267 262 261 264 267 267 267 267 267 267 267 267 268 268 268 269 270 271 272 273 275 278 280 284 288 292 293 291 288 284 277 268 263 265 268 268
260 257 253 252 253 251 245 234 223 231 235 230 223 219 219 230 238 246 255 251 233 215 211 216 221 235 246 250 252 254 257 261 266 269 268 266 266 266 266 267 266 261 255 253 254 257 261 263 263 264 268 274 279 277 277 282 280 274 270 266 264 264 266 267 268 268 268 268 268 268 268 268 269 269 270 270 271 273 274 276 278 280 283 285 287 286 285 280 274 268 267 267 267 267
259 256 255 257 258 255 250 244 245 251 250 243 237 236 238 248 249 255 253 241 225 221 219 225 232 242 248 250 251 252 256 262 266 268 268 268 268 268 268 268 269 267 261 254 251 253 256 261 264 268 270 270 270 271 273 276 278 276 273 269 267 266 267 268 269 269 268 268 269 269 269 269 269 269 270 270 271 272 273 275 276 277 279 280 281 281 280 277 273 270 269 268 267 267
260 259 258 258 256 250 245 246 256 268 267 259 251 249 256 261 260 262 254 229 223 228 232 240 247 251 251 252 252 254 259 262 263 264 267 269 269 270 270 270 272 274 270 263 258 256 257 261 266 268 267 262 259 263 268 272 275 275 274 272 269 268 269 270 270 270 270 269 269 269 269 269 269 269 270 270 271 272 272 273 274 275 276 277 277 277 276 274 272 270 269 268 267 266
263 262 260 258 254 248 244 243 249 259 264 259 257 256 260 263 266 264 249 227 223 231 242 253 259 257 254 253 255 260 263 263 261 262 265 269 271 272 273 273 274 278 278 273 268 265 263 265 266 265 260 257 257 260 264 267 271 273 273 273 272 271 271 272 272 271 271 271 270 270 269 269 269 270 270 270 271 271 272 273 273 274 274 275 275 274 274 272 271 270 268 267 266 266
264 264 262 259 258 253 248 246 246 249 253 258 264 266 267 268 267 258 241 229 227 235 248 259 261 251 250 254 258 261 264 264 263 263 264 268 272 275 278 278 278 280 282 279 273 271 270 268 266 262 259 258 257 259 262 264 267 270 272 272 272 272 273 274 274 274 273 272 271 270 270 270 270 270 270 270 271 271 272 272 273 273 273 273 273 273 272 271 270 269 268 267 266 265
264 263 261 261 263 261 259 255 252 249 251 254 257 264 268 266 259 249 238 231 232 243 255 257 247 236 244 252 257 260 262 264 265 266 267 269 272 276 280 283 283 283 286 283 276 273 272 269 265 261 260 259 258 258 261 264 264 266 269 270 270 270 272 275 276 277 276 274 272 271 271 270 270 270 270 271 271 271 272 272 272 272 272 272 272 271 271 270 269 268 267 266 265 265
263 262 261 262 262 260 260 259 256 252 251 250 251 257 261 258 255 251 241 237 246 258 259 248 232 233 243 250 255 258 261 263 267 270 272 274 275 275 279 285 288 288 289 289 281 275 272 269 265 262 261 260 259 259 260 262 262 263 267 269 269 268 269 271 275 278 278 277 274 272 271 271 271 271 271 271 271 271 272 272 272 272 272 272 271 271 270 269 269 268 267 266 265 264
263 263 262 261 259 258 257 257 256 254 252 250 248 247 248 250 251 251 246 251 263 266 254 237 233 238 245 250 253 256 259 264 269 273 278 280 279 278 280 285 291 292 293 294 288 278 273 270 267 265 262 261 260 261 261 260 260 262 263 266 268 268 267 268 272 276 278 278 276 273 272 272 272 272 272 272 272 272 272 272 272 272 272 272 271 270 270 269 268 267 266 266 265 264
264 264 263 260 258 257 257 256 255 254 253 251 247 242 242 246 249 249 248 257 262 253 239 236 238 242 246 250 253 256 260 265 270 274 279 283 285 285 284 287 292 296 296 298 296 286 277 272 269 266 263 261 261 261 261 261 261 261 261 262 265 268 268 267 269 272 274 275 274 272 272 274 275 273 273 272 273 273 273 273 273 273 272 272 271 271 270 269 268 267 266 265 264 263
264 264 262 260 258 257 257 256 255 255 254 253 251 251 254 254 253 252 253 257 251 235 234 239 240 241 246 252 255 260 264 266 269 273 277 283 289 290 289 288 292 298 300 301 302 296 285 276 270 266 264 263 263 262 261 261 261 261 261 261 263 265 266 266 267 268 270 270 269 268 270 274 276 276 274 274 274 274 274 274 274 274 273 272 272 271 270 269 268 267 266 265 264 263
264 263 261 259 258 258 258 257 256 256 257 258 259 264 268 267 262 257 256 253 241 233 236 239 238 240 246 251 256 262 266 267 269 272 276 281 288 292 292 292 295 300 303 304 306 303 293 283 274 268 266 265 264 265 264 262 261 260 261 262 262 263 264 265 265 265 265 266 265 265 266 268 273 276 276 275 276 277 277 276 276 275 274 274 272 271 270 269 268 267 266 265 264 263
264 262 259 257 257 258 258 256 255 257 260 262 266 270 272 271 267 260 255 248 241 238 239 238 237 240 245 249 254 260 265 268 271 271 273 278 286 293 296 297 298 302 305 306 309 309 302 292 282 274 269 267 265 264 265 264 262 260 260 261 261 261 263 265 264 263 263 263 262 262 262 261 264 269 273 276 279 280 278 278 279 278 277 275 274 272 271 270 269 268 267 265 264 263
263 261 258 256 255 256 256 255 255 257 261 264 267 268 269 268 264 259 252 244 241 244 242 237 237 241 243 246 252 259 265 270 272 269 270 278 288 295 299 300 302 304 305 308 312 313 310 301 292 283 275 270 266 263 262 263 263 262 261 260 260 261 262 263 264 263 263 262 260 259 260 259 259 262 267 272 276 278 277 279 283 284 281 278 275 274 272 270 269 268 267 266 264 263
262 259 256 254 254 254 255 256 256 258 260 261 260 260 261 263 261 257 250 243 242 247 247 239 236 239 241 242 249 259 266 271 270 264 270 281 291 296 297 300 304 306 306 309 313 317 318 312 302 292 281 274 269 265 262 260 261 262 261 259 259 261 262 262 262 262 261 261 260 258 257 258 260 261 264 267 271 274 276 278 281 286 286 282 278 275 273 271 270 269 267 266 265 264
261 258 254 254 255 255 256 257 257 257 256 255 253 251 253 257 258 254 247 244 246 251 251 243 237 237 240 240 245 257 265 268 266 261 272 285 292 293 294 299 307 308 307 311 315 318 322 321 312 300 287 279 274 270 265 261 259 260 261 259 258 259 262 262 261 260 259 259 259 258 256 256 260 262 263 264 267 272 275 275 275 281 287 287 282 277 274 272 270 269 268 266 266 265
261 258 256 257 258 259 257 255 254 253 252 250 247 247 251 255 257 248 240 243 251 256 255 248 240 238 240 239 246 257 263 263 263 262 272 284 288 290 295 301 305 304 306 313 318 319 324 328 321 309 295 284 277 273 269 264 260 259 261 260 257 257 259 259 259 259 260 259 258 257 256 256 259 262 263 264 265 268 271 273 273 275 282 288 286 281 276 273 271 269 268 267 267 266
262 261 262 263 263 261 258 254 252 250 249 249 246 247 252 258 259 243 233 241 251 260 261 254 248 243 241 240 247 256 262 262 260 261 271 281 287 292 298 302 298 297 303 313 318 320 325 333 330 318 305 291 280 273 270 268 263 261 261 261 259 257 256 255 255 257 260 261 259 257 256 258 259 260 262 263 264 264 266 270 272 273 277 283 286 284 279 275 272 270 269 268 268 267
264 265 265 264 262 258 255 253 251 249 248 249 251 251 256 261 260 239 230 239 248 259 266 261 254 252 250 246 247 251 257 262 260 260 270 281 289 295 301 300 298 296 298 308 316 320 326 334 335 327 315 301 286 276 272 269 265 262 261 261 260 258 255 252 253 254 256 260 260 259 259 260 260 259 260 261 262 261 262 266 270 273 275 278 282 282 280 276 273 271 270 270 270 269
267 267 265 261 259 256 254 252 251 248 245 249 255 257 259 263 262 238 230 238 244 253 264 265 256 259 264 263 255 249 250 257 261 265 275 284 291 296 299 298 297 292 289 298 313 322 326 332 336 333 324 312 295 281 275 271 268 263 261 260 260 258 255 254 253 252 253 254 257 260 261 262 261 259 259 259 260 260 260 262 267 271 274 275 277 277 275 273 271 270 271 273 273 271
267 266 263 259 258 257 255 252 249 246 245 251 257 259 259 263 265 250 238 239 241 247 255 260 258 264 271 274 269 257 250 252 260 270 280 286 289 290 292 292 288 282 284 294 310 322 325 327 333 336 333 326 309 288 277 273 270 266 261 259 258 257 255 256 255 253 251 251 252 256 259 261 262 259 257 258 260 260 260 259 262 268 271 272 273 272 268 266 266 267 273 278 276 271
263 262 260 259 258 257 257 255 250 246 249 256 258 255 256 263 271 282 270 246 241 243 247 254 262 268 271 272 273 270 257 252 258 270 280 285 284 284 285 284 278 279 286 293 305 317 323 327 331 336 338 337 323 298 281 275 272 268 263 260 258 256 255 256 256 254 252 251 251 252 254 257 260 260 257 257 258 261 261 258 259 263 265 266 267 265 262 261 262 269 275 278 274 268
260 259 258 258 257 255 254 253 251 252 259 264 259 250 252 265 277 300 326 264 251 246 245 251 261 269 269 266 270 276 267 255 257 267 277 284 285 283 280 278 278 284 290 293 300 313 324 330 330 333 340 344 338 313 287 276 273 270 266 262 259 256 256 257 256 255 253 252 251 251 251 253 255 259 260 258 257 259 261 260 260 261 262 261 260 257 256 260 265 271 274 273 267 262
261 260 258 257 256 255 251 249 252 260 269 271 261 248 253 266 279 303 349 304 273 261 254 254 257 264 267 263 269 278 276 262 257 262 273 283 287 284 276 277 283 289 292 291 295 309 321 326 325 328 337 346 349 332 296 278 273 272 269 265 261 257 257 258 257 255 253 252 251 250 249 249 250 254 259 261 259 257 258 260 261 262 262 258 254 252 255 260 267 271 271 266 261 258
263 261 258 257 256 256 253 251 255 262 269 273 265 253 256 264 274 299 343 329 298 281 272 263 258 260 262 263 270 279 281 272 262 265 272 281 285 281 275 280 288 290 289 288 290 299 311 318 323 326 334 348 357 348 313 283 275 273 271 267 264 260 259 259 258 255 253 253 251 250 249 248 247 248 252 259 260 257 256 257 261 264 263 257 252 252 256 261 265 267 265 261 258 259
266 261 257 257 258 258 257 258 262 263 265 269 272 265 260 260 267 291 330 333 316 295 283 276 271 266 266 270 271 275 282 287 285 281 278 276 277 276 277 283 287 287 285 284 284 291 305 316 323 328 334 351 2 1 332 290 277 273 271 269 267 265 263 261 257 254 252 251 250 250 250 248 247 246 247 251 255 256 256 257 260 262 261 256 255 256 259 262 264 262 259 256 255 258
269 262 257 259 262 261 261 265 268 267 263 266 276 275 264 259 265 282 315 330 324 307 293 287 283 279 278 278 276 279 288 298 299 291 282 274 271 274 281 284 281 279 278 279 283 288 298 309 319 326 332 350 5 9 351 300 279 273 272 270 269 269 268 264 258 254 252 250 249 250 251 250 248 247 246 246 247 251 255 258 259 259 258 257 259 261 262 262 262 259 256 253 250 253
269 262 258 260 263 264 264 268 272 271 265 268 279 282 268 261 265 274 298 322 326 316 303 293 288 286 286 286 287 290 291 294 294 288 281 277 273 276 283 283 276 272 275 279 283 286 291 303 315 323 329 345 5 15 5 309 282 275 273 271 270 269 267 263 258 256 257 255 252 252 252 252 251 250 247 244 243 246 251 255 258 258 258 258 261 264 264 262 259 257 254 250 245 248
273 266 262 260 258 259 262 268 273 275 268 270 280 292 275 263 263 270 284 307 322 317 308 299 292 290 289 291 294 295 293 290 288 286 282 279 278 277 278 284 279 272 272 276 279 282 288 299 312 319 326 340 2 20 18 323 284 277 274 272 269 264 258 254 251 257 264 270 268 260 255 253 254 255 251 245 242 242 245 250 254 257 259 260 263 265 264 261 258 256 254 247 242 248
299 277 271 263 255 252 255 259 266 272 271 273 283 302 287 267 261 263 271 284 303 310 308 303 294 291 292 294 295 295 295 293 288 287 283 279 280 275 273 284 286 277 269 267 271 278 283 291 302 309 317 330 1 28 25 334 287 276 271 267 261 253 250 250 250 256 264 274 281 275 264 258 258 258 256 251 244 241 241 244 248 253 258 260 262 263 261 257 255 255 251 243 242 253
316 286 277 270 259 255 254 253 256 260 267 275 285 305 297 276 262 256 257 268 283 295 300 298 294 293 293 293 296 298 300 297 290 288 285 280 279 276 272 280 289 283 269 262 264 271 277 284 293 300 306 318 360 36 30 340 284 271 267 260 251 247 251 254 256 259 261 264 275 283 276 268 265 262 260 258 253 247 244 242 243 248 254 258 258 259 255 251 252 253 249 242 245 257
307 287 278 273 266 262 258 254 254 254 260 271 283 296 296 283 267 253 249 258 273 284 291 293 292 290 290 296 302 305 307 299 291 290 287 280 279 280 274 275 288 290 277 264 261 265 271 279 289 296 300 309 358 44 44 344 270 263 262 258 250 253 257 259 261 262 261 258 261 272 279 276 274 271 268 267 266 260 253 247 243 245 249 251 252 253 249 246 251 253 251 247 250 260
297 283 277 275 271 265 261 258 257 255 256 261 270 281 288 286 275 259 249 252 264 279 288 289 289 291 298 308 311 315 315 300 291 290 288 280 279 283 278 275 284 293 288 272 263 263 267 275 286 293 294 299 353 56 66 63 254 255 256 256 258 261 261 260 261 261 260 257 255 257 266 274 277 280 280 278 279 276 268 259 253 249 247 245 248 248 242 241 248 252 254 253 257 264
