windninja/windninja_output/Output_2025-10-23_1200-1250_Google earth_Fire_150m_10min/merlingen_7.5mi_point_10-23-2025_1200_150m_vel.asc
ncols	158
nrows	163
xllcorner	391686.332397
yllcorner	5160024.123721
cellsize	150.000000
NODATA_value	-32768.000000
[rows 37 to 73 of 163, columns 0 to 82 of 158]
7.89 7.81 7.65 7.53 7.47 7.36 7.13 6.89 6.75 6.69 6.57 6.41 6.31 6.24 6.15 6.04 5.93 5.83 5.72 5.58 5.42 5.25 5.06 4.82 4.52 4.18 3.87 3.72 3.88 4.35 4.52 4.83 5.65 6.81 8.02 8.12 7.79 7.87 7.99 7.65 7.24 7.22 7.39 7.54 7.74 7.71 7.33 7.33 7.52 7.66 7.69 7.44 7.58 8.04 8.00 7.79 8.19 8.97 9.44 10.62 11.71 9.89 6.65 4.73 5.20 8.24 11.39 11.65 9.33 7.05 6.37 6.74 6.73 5.70 4.83 4.60 4.18 4.44 6.05 6.37 5.33 5.91 7.80
8.02 7.96 7.84 7.66 7.45 7.29 7.14 6.96 6.76 6.66 6.58 6.44 6.35 6.27 6.13 6.00 5.90 5.79 5.69 5.59 5.45 5.28 5.10 4.88 4.57 4.20 3.85 3.60 3.72 4.21 4.34 4.49 5.14 6.07 7.26 7.52 7.24 7.78 8.38 8.03 7.67 7.59 7.54 7.64 8.03 8.00 7.60 7.55 7.84 8.42 8.39 7.59 7.48 8.34 8.62 7.81 7.79 8.98 10.03 10.93 11.80 11.19 8.73 6.02 5.30 7.40 11.02 11.91 9.27 7.26 7.03 7.21 7.00 6.00 5.09 5.13 4.41 3.83 6.00 7.59 6.04 5.49 6.64
8.13 8.01 7.82 7.68 7.50 7.27 7.10 6.97 6.78 6.64 6.56 6.43 6.32 6.28 6.17 6.00 5.88 5.77 5.65 5.56 5.44 5.28 5.12 4.93 4.62 4.22 3.78 3.35 3.29 3.75 4.02 4.08 4.55 5.41 6.40 6.76 6.99 8.02 8.80 8.58 8.09 7.81 7.66 7.58 8.00 8.42 8.03 7.39 7.51 8.61 9.08 7.98 7.28 8.37 9.49 8.74 8.02 8.94 10.33 11.31 11.99 12.57 11.73 8.67 6.33 7.46 11.14 11.73 9.00 7.42 7.21 7.19 6.87 6.03 5.55 5.78 4.79 3.56 5.23 8.03 7.77 6.49 6.52
8.40 8.26 7.94 7.72 7.57 7.39 7.22 7.06 6.84 6.62 6.53 6.45 6.32 6.28 6.24 6.08 5.93 5.82 5.68 5.56 5.44 5.30 5.15 4.98 4.72 4.30 3.80 3.29 3.08 3.47 3.89 3.80 3.89 4.60 5.40 5.73 6.13 7.21 8.55 9.11 8.91 8.49 8.05 7.58 7.69 8.41 8.48 7.71 7.39 8.44 9.52 8.47 6.91 7.43 9.19 9.49 8.51 8.40 9.60 10.73 11.18 12.15 13.31 11.68 8.00 7.93 11.32 11.61 9.10 7.98 7.38 6.99 6.48 5.43 5.49 6.21 5.00 3.77 4.58 7.16 8.42 8.17 7.96
8.70 8.57 8.23 7.91 7.68 7.45 7.27 7.17 6.98 6.69 6.52 6.47 6.35 6.25 6.24 6.14 5.98 5.89 5.76 5.60 5.46 5.31 5.16 5.01 4.78 4.41 3.99 3.56 3.25 3.45 3.90 3.82 3.65 3.97 4.47 5.03 5.56 6.12 7.16 8.54 9.21 9.39 9.14 8.51 8.03 8.25 8.72 8.59 8.13 8.53 9.75 9.23 7.11 6.33 7.50 8.71 8.21 7.50 8.32 9.52 9.85 10.22 12.19 13.16 10.71 9.11 11.04 11.68 9.77 8.65 7.86 7.31 6.68 5.23 5.37 6.27 4.97 4.08 4.41 5.92 7.47 8.12 8.91
8.89 8.77 8.47 8.13 7.86 7.58 7.29 7.17 7.11 6.85 6.59 6.49 6.39 6.27 6.21 6.14 6.01 5.91 5.81 5.65 5.47 5.30 5.18 5.06 4.86 4.54 4.22 3.85 3.49 3.56 3.94 3.98 3.74 3.61 3.75 4.33 5.28 6.09 6.62 7.47 8.46 9.14 9.33 9.14 8.57 8.16 8.36 8.53 8.16 8.09 9.28 9.39 7.41 6.16 6.63 7.68 7.74 7.28 7.69 8.70 8.89 8.67 9.99 12.19 12.55 11.18 10.73 11.44 10.81 9.44 8.91 8.62 7.63 5.98 5.88 6.25 5.05 4.46 4.56 5.57 6.84 7.35 8.31
9.05 8.91 8.63 8.32 8.03 7.81 7.50 7.22 7.12 6.95 6.68 6.54 6.43 6.29 6.20 6.12 6.01 5.90 5.82 5.70 5.52 5.33 5.19 5.12 4.98 4.70 4.43 4.14 3.74 3.63 3.85 3.97 3.79 3.47 3.30 3.57 4.42 5.57 6.16 6.59 7.39 8.18 8.54 8.57 8.18 7.66 7.71 8.01 8.00 8.01 8.94 9.16 7.73 6.72 6.88 7.40 7.53 7.46 7.73 8.45 8.54 8.05 8.37 9.66 11.56 12.04 10.96 10.88 11.19 10.75 10.53 10.63 9.57 7.83 7.31 6.83 5.80 5.20 4.93 5.45 6.45 7.16 8.08
9.20 9.04 8.71 8.41 8.11 7.88 7.65 7.35 7.14 6.99 6.75 6.57 6.47 6.33 6.22 6.12 6.03 5.94 5.85 5.76 5.62 5.44 5.27 5.14 5.05 4.86 4.60 4.36 4.07 3.83 3.86 3.92 3.74 3.39 3.04 2.93 3.45 4.38 5.03 5.63 6.46 7.43 8.04 8.06 7.55 7.32 7.51 7.75 8.07 8.30 8.81 9.06 8.25 7.45 7.54 7.77 7.57 7.54 7.88 8.42 8.61 8.34 7.99 8.21 9.72 11.07 10.88 10.19 10.00 10.39 10.86 11.40 11.20 9.98 8.93 7.83 6.59 5.97 5.64 5.72 6.16 6.85 8.07
9.38 9.20 8.85 8.53 8.21 7.93 7.70 7.47 7.23 7.05 6.84 6.62 6.49 6.39 6.30 6.19 6.08 6.02 5.93 5.80 5.69 5.56 5.40 5.23 5.10 4.96 4.76 4.52 4.29 4.07 3.97 3.94 3.74 3.37 2.98 2.71 2.87 3.50 4.19 4.79 5.62 6.81 7.81 7.71 7.00 7.19 7.70 7.86 8.02 8.17 8.43 8.71 8.37 7.62 7.66 8.05 7.82 7.57 7.83 8.26 8.62 8.76 8.39 8.29 9.33 9.97 10.04 9.52 8.17 7.97 9.06 10.10 10.79 10.58 9.72 8.48 6.95 6.35 6.35 6.46 6.59 7.03 8.01
9.57 9.34 8.99 8.71 8.38 8.02 7.70 7.45 7.26 7.09 6.94 6.74 6.55 6.44 6.35 6.25 6.13 6.04 5.97 5.84 5.69 5.58 5.48 5.35 5.19 5.03 4.87 4.68 4.47 4.24 4.05 3.94 3.75 3.36 3.02 2.86 2.86 3.09 3.59 4.15 4.88 6.08 7.33 7.34 6.60 6.84 7.52 8.04 8.05 7.80 7.96 8.23 8.27 7.89 7.58 7.95 8.11 7.88 7.84 7.84 8.22 8.86 8.92 8.75 9.30 9.50 9.17 8.86 7.62 7.01 7.78 8.65 9.71 10.18 9.79 8.90 7.50 6.60 6.60 6.95 7.09 7.42 7.99
9.74 9.48 9.06 8.79 8.58 8.19 7.63 7.31 7.19 7.07 6.95 6.81 6.64 6.50 6.39 6.26 6.15 6.06 5.98 5.89 5.75 5.60 5.50 5.40 5.27 5.11 4.95 4.80 4.63 4.43 4.21 4.02 3.80 3.40 3.01 2.89 2.99 3.03 3.16 3.63 4.31 5.38 6.51 6.75 6.57 6.83 7.35 7.88 7.86 7.41 7.60 7.89 8.09 8.33 8.00 8.02 8.38 8.40 8.25 7.49 7.43 8.71 9.33 9.01 9.09 9.19 8.53 8.18 7.55 7.13 7.52 7.98 8.88 9.50 9.43 8.90 7.81 6.71 6.39 7.04 7.55 7.61 7.82
9.83 9.59 9.18 8.83 8.77 8.58 7.76 7.12 7.02 6.98 6.87 6.74 6.63 6.51 6.41 6.28 6.15 6.08 5.99 5.90 5.80 5.66 5.55 5.47 5.36 5.20 5.04 4.91 4.76 4.60 4.40 4.20 3.96 3.62 3.17 2.92 3.02 3.09 3.04 3.30 3.89 4.66 5.39 5.71 6.21 7.03 7.55 7.65 7.51 7.19 7.33 7.68 7.87 8.11 7.97 8.04 8.51 8.70 8.61 7.59 7.09 8.57 9.70 9.39 8.98 8.67 7.94 7.52 7.28 7.14 7.44 7.76 8.25 8.73 8.88 8.61 7.87 7.05 6.81 7.43 8.07 7.96 7.67
9.98 9.66 9.25 8.98 8.90 8.90 8.18 7.17 6.78 6.85 6.85 6.70 6.59 6.51 6.45 6.35 6.19 6.09 6.03 5.93 5.84 5.72 5.61 5.56 5.50 5.33 5.13 5.01 4.89 4.74 4.57 4.39 4.18 3.88 3.47 3.10 3.09 3.18 3.14 3.24 3.66 4.15 4.41 4.66 5.47 6.84 7.50 7.28 7.03 6.81 7.04 7.73 8.11 8.11 8.02 8.23 8.79 8.88 8.44 7.66 7.39 8.58 9.97 10.11 9.16 8.12 7.39 6.95 6.90 7.05 7.34 7.66 7.89 8.10 8.34 8.31 7.98 7.68 7.74 8.18 8.55 8.47 7.90
10.25 9.72 9.13 9.12 9.24 9.20 8.75 7.74 6.77 6.62 6.76 6.72 6.61 6.52 6.49 6.45 6.31 6.15 6.09 5.99 5.89 5.81 5.68 5.59 5.59 5.48 5.27 5.11 5.00 4.86 4.72 4.54 4.35 4.11 3.76 3.36 3.17 3.23 3.26 3.31 3.58 3.91 3.95 4.01 4.95 6.48 7.05 6.80 6.52 6.11 6.17 7.16 7.85 7.90 8.07 8.56 9.18 9.07 8.21 7.51 7.58 8.57 10.21 10.82 9.33 7.64 6.94 6.56 6.52 6.76 7.07 7.36 7.50 7.57 7.72 7.78 7.72 7.81 8.23 8.75 8.94 8.79 8.28
10.60 9.72 8.81 8.96 9.38 9.43 9.26 8.68 7.35 6.57 6.59 6.70 6.64 6.52 6.46 6.44 6.38 6.21 6.12 6.06 5.93 5.87 5.78 5.64 5.60 5.53 5.38 5.24 5.12 4.99 4.85 4.70 4.51 4.30 4.03 3.67 3.35 3.24 3.25 3.29 3.54 3.86 3.77 3.72 4.64 5.95 6.35 6.29 6.39 5.95 5.77 6.78 7.36 7.30 7.73 8.76 9.26 8.95 8.22 7.68 7.71 8.52 10.56 11.32 9.18 7.22 6.60 6.34 6.41 6.63 6.87 7.08 7.13 7.18 7.27 7.21 7.08 7.27 8.04 8.95 9.34 9.22 8.65
11.21 9.83 8.42 8.64 9.09 9.06 9.15 9.25 8.26 6.98 6.56 6.64 6.65 6.54 6.44 6.39 6.37 6.24 6.13 6.09 5.96 5.86 5.81 5.72 5.62 5.55 5.45 5.33 5.22 5.10 4.96 4.82 4.67 4.49 4.27 4.01 3.69 3.41 3.25 3.18 3.47 3.96 3.78 3.52 4.22 5.39 5.57 5.51 6.30 6.42 6.28 6.88 7.51 7.58 8.03 9.01 8.90 8.37 8.14 8.01 7.99 8.67 11.09 11.68 8.91 6.88 6.35 6.23 6.45 6.68 6.82 6.94 6.96 7.03 7.16 7.01 6.68 6.66 7.31 8.43 9.26 9.76 9.47
11.80 10.40 8.48 8.46 9.12 8.86 8.80 9.38 8.96 7.54 6.62 6.50 6.56 6.54 6.48 6.40 6.34 6.25 6.16 6.09 5.99 5.87 5.81 5.77 5.67 5.58 5.50 5.42 5.32 5.21 5.09 4.95 4.81 4.65 4.48 4.28 4.03 3.73 3.42 3.17 3.37 4.00 3.95 3.45 3.72 4.71 4.89 4.71 5.62 6.26 6.35 6.72 7.37 8.10 8.97 9.27 8.24 7.68 7.95 8.26 8.32 9.11 11.55 11.74 8.73 6.70 6.14 6.21 6.66 6.84 6.81 6.86 6.96 7.11 7.25 7.09 6.68 6.60 6.98 7.51 8.34 9.60 10.16
11.64 11.09 9.27 8.19 8.95 9.00 8.60 9.26 9.52 8.31 6.91 6.38 6.37 6.41 6.45 6.42 6.34 6.26 6.21 6.16 6.06 5.92 5.83 5.79 5.72 5.63 5.56 5.48 5.39 5.29 5.18 5.07 4.95 4.81 4.66 4.49 4.29 4.05 3.73 3.36 3.34 3.88 4.02 3.52 3.31 3.86 4.18 4.05 4.70 5.48 5.91 6.54 7.07 8.06 9.71 9.39 7.58 7.15 7.74 8.39 8.73 9.78 11.86 11.54 8.62 6.69 6.09 6.22 7.00 7.32 7.07 6.95 7.02 7.15 7.25 7.17 6.85 6.97 7.33 7.10 7.43 8.82 9.92
10.88 11.15 10.27 8.38 8.17 8.44 8.00 8.46 9.50 9.24 7.70 6.51 6.20 6.20 6.26 6.33 6.28 6.23 6.19 6.17 6.15 6.02 5.88 5.79 5.73 5.67 5.62 5.55 5.47 5.39 5.29 5.18 5.07 4.96 4.83 4.68 4.52 4.32 4.07 3.74 3.55 3.75 3.92 3.62 3.24 3.19 3.31 3.47 4.03 4.63 5.22 6.45 7.08 8.02 10.00 9.22 7.09 6.88 7.56 8.30 8.96 10.28 11.99 11.46 8.66 6.60 5.99 5.97 6.81 7.48 7.35 7.15 7.15 7.16 7.19 7.15 7.02 7.34 7.70 7.22 7.09 8.11 9.15
10.48 10.79 10.79 9.56 8.42 8.10 7.55 7.38 8.51 9.44 8.63 7.18 6.39 6.06 6.00 6.17 6.21 6.13 6.10 6.07 6.12 6.11 5.97 5.85 5.74 5.69 5.65 5.60 5.53 5.46 5.38 5.29 5.19 5.09 4.98 4.84 4.71 4.54 4.35 4.13 3.94 3.84 3.83 3.68 3.38 3.05 2.85 2.98 3.38 3.71 4.38 6.14 6.95 8.08 9.98 8.64 6.71 6.84 7.49 8.19 9.06 10.30 11.80 11.62 8.94 6.41 5.55 5.51 6.09 6.86 7.09 7.31 7.42 7.32 7.30 7.14 7.22 7.66 7.82 7.50 7.25 7.71 8.45
10.62 10.56 10.61 10.37 9.66 8.93 8.03 7.11 7.43 8.79 8.98 8.16 7.37 6.48 5.84 5.90 6.11 6.09 6.05 6.00 6.02 6.07 6.04 5.94 5.79 5.72 5.70 5.65 5.60 5.53 5.46 5.38 5.29 5.20 5.11 5.00 4.88 4.74 4.59 4.42 4.27 4.09 3.92 3.77 3.56 3.23 2.85 2.68 2.80 2.83 3.51 5.59 6.72 8.04 9.71 7.99 6.30 6.81 7.62 8.28 9.17 10.17 11.32 11.62 9.55 6.77 5.46 5.34 5.80 6.39 6.82 7.31 7.50 7.41 7.41 7.18 7.40 7.93 7.90 7.75 7.70 7.89 8.23
10.85 10.59 10.30 10.20 10.04 9.73 9.08 7.88 7.20 7.90 8.36 8.38 8.39 7.62 6.28 5.65 5.77 5.94 5.99 5.98 5.98 5.98 5.99 5.96 5.83 5.75 5.73 5.69 5.65 5.60 5.53 5.47 5.39 5.32 5.23 5.13 5.03 4.91 4.78 4.64 4.50 4.33 4.16 3.95 3.75 3.50 3.11 2.74 2.49 2.22 2.66 4.70 6.52 7.98 9.15 7.53 5.95 6.58 7.69 8.35 9.02 9.94 10.89 11.36 10.05 7.50 5.82 5.47 5.89 6.53 6.82 7.13 7.41 7.40 7.32 7.15 7.43 7.92 7.89 7.84 8.00 8.36 8.56
10.94 10.69 10.30 10.05 9.81 9.64 9.49 8.74 7.78 7.46 7.32 7.43 8.26 8.58 7.48 6.12 5.59 5.62 5.79 5.90 5.94 5.97 5.97 5.92 5.84 5.79 5.77 5.73 5.69 5.65 5.59 5.54 5.48 5.41 5.34 5.26 5.16 5.06 4.95 4.82 4.70 4.55 4.38 4.21 4.00 3.77 3.45 3.04 2.57 2.11 2.13 3.78 6.17 7.68 8.43 7.16 5.91 6.63 7.75 8.20 8.56 9.36 10.40 11.02 10.21 8.10 6.31 5.61 5.91 6.61 6.82 6.88 7.23 7.33 7.15 7.13 7.48 7.66 7.62 7.64 7.81 8.41 8.85
10.87 10.72 10.40 10.13 9.86 9.53 9.37 9.07 8.41 7.66 6.98 6.60 7.31 8.54 8.60 7.48 6.21 5.58 5.51 5.66 5.81 5.95 6.01 5.94 5.85 5.82 5.81 5.77 5.73 5.69 5.64 5.60 5.56 5.49 5.43 5.36 5.29 5.19 5.10 4.98 4.86 4.74 4.58 4.43 4.25 4.03 3.77 3.42 2.94 2.38 2.16 3.20 5.48 7.12 7.55 6.76 6.28 7.08 7.72 7.88 8.07 8.53 9.49 10.35 10.01 8.54 6.60 5.38 5.64 6.54 6.73 6.66 6.95 7.11 6.88 7.02 7.57 7.53 7.41 7.49 7.57 8.10 8.66
10.85 10.75 10.47 10.17 9.99 9.77 9.49 9.25 8.79 8.06 7.21 6.40 6.49 7.56 8.57 8.65 7.60 6.34 5.62 5.40 5.55 5.77 5.91 5.91 5.87 5.87 5.84 5.79 5.74 5.72 5.68 5.65 5.61 5.57 5.52 5.46 5.39 5.31 5.23 5.13 5.02 4.91 4.77 4.61 4.46 4.27 4.06 3.78 3.39 2.85 2.42 2.97 4.72 6.29 6.55 6.19 6.71 7.50 7.60 7.52 7.56 7.81 8.52 9.38 9.40 8.59 6.89 5.51 5.66 6.48 6.59 6.64 6.81 6.83 6.62 6.81 7.39 7.47 7.39 7.52 7.63 7.97 8.40
10.95 10.77 10.45 10.11 9.89 9.87 9.78 9.55 9.06 8.39 7.52 6.48 6.09 6.47 7.40 8.54 8.64 7.68 6.48 5.61 5.39 5.53 5.69 5.78 5.84 5.91 5.89 5.81 5.75 5.73 5.72 5.70 5.66 5.63 5.59 5.54 5.49 5.42 5.35 5.26 5.17 5.06 4.93 4.80 4.65 4.49 4.32 4.10 3.77 3.35 2.79 2.95 4.33 5.41 5.49 5.85 7.11 7.66 7.44 7.25 7.10 7.28 7.79 8.32 8.65 8.31 6.94 6.03 6.09 6.37 6.45 6.68 6.83 6.56 6.45 6.73 7.08 7.28 7.31 7.47 7.74 8.02 8.42
11.35 10.89 10.33 9.99 9.63 9.57 9.72 9.72 9.32 8.75 7.99 6.84 6.06 5.94 6.30 7.43 8.52 8.57 7.69 6.55 5.77 5.48 5.52 5.63 5.77 5.94 5.99 5.86 5.76 5.75 5.75 5.73 5.71 5.68 5.65 5.62 5.57 5.52 5.46 5.39 5.30 5.21 5.09 4.97 4.84 4.71 4.56 4.37 4.12 3.79 3.29 3.19 4.14 4.79 4.56 5.53 7.34 7.74 7.25 6.98 6.73 6.82 7.24 7.53 7.90 7.55 6.19 5.89 6.19 6.27 6.38 6.70 6.91 6.41 6.18 6.56 6.90 7.11 7.21 7.48 7.93 8.17 8.54
12.03 11.26 10.34 9.96 9.57 9.27 9.31 9.48 9.28 8.90 8.44 7.42 6.21 5.83 5.87 6.35 7.50 8.44 8.53 7.74 6.70 5.92 5.55 5.47 5.58 5.88 6.07 5.93 5.78 5.77 5.75 5.74 5.75 5.73 5.70 5.68 5.64 5.60 5.55 5.49 5.42 5.33 5.24 5.13 5.03 4.90 4.78 4.62 4.42 4.17 3.82 3.58 4.05 4.51 4.03 4.76 7.18 7.89 7.26 6.79 6.19 6.07 6.69 7.31 7.52 6.62 5.56 5.50 5.82 6.01 6.30 6.72 6.94 6.33 5.87 6.17 6.66 6.92 7.12 7.58 8.09 8.30 8.58
12.42 11.76 10.82 10.22 9.82 9.45 9.17 9.28 9.19 8.73 8.51 7.94 6.44 5.65 5.79 5.92 6.38 7.36 8.33 8.51 7.74 6.78 6.12 5.64 5.40 5.68 6.03 5.98 5.88 5.84 5.76 5.75 5.77 5.77 5.76 5.73 5.71 5.67 5.64 5.58 5.53 5.45 5.38 5.29 5.20 5.09 4.98 4.85 4.69 4.51 4.30 4.04 4.16 4.44 3.97 4.22 6.37 7.76 7.53 6.78 5.51 4.96 6.11 7.50 7.65 6.59 5.60 5.28 5.37 5.61 5.98 6.62 6.91 6.21 5.60 5.66 6.18 6.51 6.72 7.38 7.97 8.18 8.51
11.87 12.07 11.86 10.92 10.19 9.72 9.28 9.41 9.62 9.07 8.56 8.21 7.00 5.73 5.59 5.89 5.99 6.28 7.20 8.23 8.33 7.73 7.14 6.41 5.69 5.62 5.90 5.93 5.95 5.95 5.82 5.77 5.79 5.79 5.79 5.77 5.76 5.74 5.70 5.67 5.62 5.56 5.50 5.43 5.35 5.26 5.17 5.06 4.94 4.82 4.68 4.51 4.44 4.48 4.23 4.35 5.54 7.00 7.53 6.84 4.99 4.22 5.78 7.39 7.64 6.96 5.99 5.25 5.13 5.34 5.57 6.30 6.75 6.07 5.49 5.31 5.55 5.91 6.19 6.94 7.79 8.18 8.61
9.96 11.74 13.22 12.50 11.45 10.16 9.15 9.47 10.17 9.88 8.98 8.15 7.48 6.54 5.63 5.64 6.02 6.00 6.24 7.19 7.85 8.03 8.04 7.48 6.56 6.05 5.93 5.88 5.87 5.89 5.83 5.77 5.80 5.81 5.81 5.81 5.80 5.79 5.77 5.74 5.71 5.66 5.62 5.56 5.50 5.42 5.34 5.26 5.16 5.08 4.98 4.88 4.79 4.71 4.62 4.71 5.23 5.99 6.80 6.56 4.67 3.84 5.11 6.62 7.20 6.97 6.31 5.51 5.17 5.22 5.30 5.95 6.39 5.79 5.24 5.07 5.03 5.24 5.69 6.40 7.35 8.14 9.05
7.16 9.90 12.98 13.82 13.84 12.29 9.99 10.12 11.18 10.86 9.53 8.26 7.66 7.19 6.33 5.75 6.02 6.12 5.96 6.34 6.83 7.29 7.92 8.08 7.58 7.05 6.67 6.32 5.94 5.76 5.70 5.69 5.76 5.79 5.81 5.83 5.84 5.83 5.82 5.80 5.78 5.75 5.72 5.67 5.62 5.57 5.50 5.44 5.37 5.30 5.23 5.16 5.09 5.03 5.00 5.03 5.21 5.44 5.93 5.96 4.58 3.94 4.84 5.79 6.33 6.39 6.20 5.83 5.46 5.28 5.23 5.70 6.06 5.38 4.69 4.62 4.55 4.50 4.84 5.68 6.65 7.91 9.66
5.58 6.96 9.80 11.81 13.40 13.55 11.73 10.98 12.35 12.53 10.88 9.60 8.97 8.23 7.53 6.93 6.63 6.55 6.14 5.98 6.24 6.54 7.05 7.57 7.66 7.77 7.95 7.40 6.42 5.88 5.61 5.53 5.64 5.73 5.79 5.83 5.85 5.86 5.85 5.85 5.84 5.82 5.81 5.78 5.74 5.70 5.65 5.60 5.55 5.49 5.44 5.38 5.33 5.31 5.29 5.30 5.35 5.37 5.51 5.50 4.82 4.39 4.85 5.32 5.40 5.37 5.56 5.64 5.47 5.31 5.27 5.71 5.94 5.04 4.34 4.32 4.10 3.87 3.98 5.04 6.46 7.93 9.64
6.88 7.11 7.99 9.09 10.64 11.73 10.59 9.47 11.18 12.61 11.47 10.31 10.10 9.62 8.87 8.24 7.85 7.58 6.91 6.18 6.09 6.30 6.59 6.83 6.62 7.24 8.67 8.64 7.36 6.45 5.91 5.55 5.47 5.56 5.68 5.81 5.86 5.87 5.88 5.89 5.89 5.89 5.88 5.87 5.84 5.82 5.78 5.75 5.70 5.66 5.62 5.58 5.55 5.52 5.50 5.50 5.50 5.50 5.47 5.36 5.07 4.86 4.98 5.05 4.86 4.74 4.96 5.07 4.96 4.83 4.99 5.82 5.90 4.70 4.18 4.24 4.02 3.62 3.56 4.55 6.28 7.91 9.02
9.03 8.73 8.62 9.00 9.72 10.08 9.02 8.01 9.49 11.16 9.99 8.91 8.94 8.91 8.72 8.32 8.21 8.34 7.98 7.12 6.54 6.41 6.54 6.55 5.80 6.07 8.28 9.45 8.61 7.44 6.69 6.06 5.60 5.42 5.50 5.70 5.81 5.85 5.90 5.92 5.93 5.95 5.95 5.95 5.93 5.93 5.90 5.88 5.85 5.81 5.78 5.74 5.72 5.69 5.67 5.65 5.63 5.61 5.56 5.46 5.29 5.18 5.13 5.01 4.82 4.75 4.72 4.67 4.44 4.13 4.38 5.51 5.66 4.36 3.94 4.16 4.14 3.69 3.48 4.31 5.75 7.44 8.92
10.68 10.26 9.70 9.42 9.50 9.63 9.01 8.37 9.27 10.05 8.89 8.18 8.01 7.73 7.69 7.50 7.47 7.87 8.07 7.80 7.40 7.07 6.84 6.56 5.67 5.31 7.02 9.08 9.38 8.53 7.62 6.94 6.33 5.65 5.39 5.57 5.69 5.78 5.88 5.94 5.97 5.99 6.00 6.01 6.02 6.01 6.01 5.99 5.98 5.95 5.92 5.89 5.86 5.84 5.81 5.79 5.75 5.72 5.66 5.58 5.48 5.38 5.31 5.18 5.01 4.88 4.69 4.54 4.25 3.99 4.10 4.81 5.03 3.91 3.58 3.84 4.09 3.77 3.39 4.12 5.42 7.05 9.66
12.25 11.62 10.47 9.72 9.66 9.69 9.28 8.96 9.12 9.00 8.50 8.21 7.85 7.44 7.27 7.05 6.94 7.12 7.29 7.33 7.47 7.52 7.32 6.87 5.91 5.29 6.23 8.01 9.14 9.16 8.38 7.74 7.35 6.48 5.65 5.51 5.60 5.69 5.82 5.92 5.99 6.01 6.05 6.07 6.09 6.10 6.10 6.10 6.08 6.07 6.04 6.02 5.99 5.97 5.94 5.90 5.87 5.82 5.77 5.69 5.61 5.53 5.45 5.34 5.20 5.04 4.82 4.59 4.38 4.27 4.20 4.30 4.15 3.39 3.23 3.51 3.77 3.62 3.18 3.84 5.41 7.55 10.78
