windninja/windninja_output/Output_2025-10-23_1200-1250_Google earth_Fire_150m_10min/merlingen_7.5mi_point_10-23-2025_1230_150m_ang.asc
ncols	158
nrows	163
xllcorner	391686.332397
yllcorner	5160024.123721
cellsize	150.000000
NODATA_value	-32768.000000
[rows 42 to 83 of 163, columns 0 to 93 of 158]
221 221 221 221 222 222 222 222 222 222 221 222 222 222 222 222 222 222 223 223 223 222 222 223 223 222 222 222 222 226 230 231 229 225 219 216 219 222 223 222 222 223 223 223 222 220 220 221 223 227 235 235 228 225 231 235 232 232 236 238 236 232 232 232 232 235 238 237 235 230 227 229 230 223 227 230 213 194 199 215 224 227 232 238 241 239 231 228 233 239 244 245 246 249
223 223 223 222 222 222 222 222 222 222 221 222 222 222 222 223 223 223 223 223 223 223 223 223 223 223 223 223 224 227 230 230 227 222 215 212 216 220 220 221 225 227 228 228 225 222 224 227 230 235 240 237 229 225 230 234 233 233 236 239 240 239 239 236 235 236 235 234 229 221 218 222 223 219 222 221 207 196 201 215 224 229 236 243 242 234 227 230 235 240 244 245 248 252
225 224 224 224 223 223 223 223 223 223 222 222 222 222 223 223 223 223 223 223 223 223 223 223 224 224 224 224 225 226 229 229 226 221 216 213 219 224 225 226 228 231 233 232 227 225 228 231 234 236 236 233 226 223 227 231 232 233 236 239 241 242 243 243 244 242 238 233 225 218 217 221 221 220 221 217 205 198 206 219 228 234 241 244 239 230 229 233 238 242 245 248 255 257
226 226 225 225 224 224 224 223 223 223 223 222 222 222 223 223 223 223 223 223 223 223 223 224 224 224 225 225 226 226 227 228 226 222 218 219 225 230 231 230 230 233 236 233 225 225 230 234 236 236 234 231 228 226 229 232 233 235 238 240 240 241 242 245 248 246 241 235 226 223 226 227 227 226 224 218 206 200 209 221 230 238 244 243 236 231 232 235 239 242 246 252 259 257
228 227 226 226 225 226 225 224 224 223 223 223 222 223 223 223 223 223 224 224 224 224 224 224 225 225 226 226 226 227 227 228 227 224 222 223 228 232 232 232 233 237 237 232 225 228 233 236 237 234 232 230 228 229 231 233 235 238 242 241 239 240 242 245 246 245 241 236 229 228 233 233 233 231 226 219 208 203 212 225 234 241 244 242 237 234 235 237 238 241 246 254 258 254
229 228 227 227 227 228 227 226 225 224 224 223 223 223 223 223 223 224 224 224 224 224 225 225 226 226 226 227 227 227 228 229 229 228 226 227 230 233 234 235 237 239 237 230 226 232 238 240 237 232 230 228 228 230 230 232 236 240 244 243 240 242 245 247 247 245 241 236 231 230 233 234 235 232 226 220 212 210 219 232 240 244 243 241 237 236 238 238 239 242 246 252 253 249
230 229 228 227 228 230 229 227 226 225 225 224 224 224 224 224 224 224 225 225 225 225 225 226 227 227 227 227 227 228 228 229 230 230 229 229 232 235 236 239 241 241 237 230 229 235 239 239 234 229 227 227 230 233 232 234 239 242 244 241 239 244 247 248 249 247 241 236 232 232 234 234 234 231 226 221 217 218 226 236 241 242 242 239 236 236 237 237 240 243 245 247 247 245
232 231 229 228 229 231 231 229 227 226 225 225 224 224 225 225 225 225 225 225 225 225 226 226 227 227 227 227 228 228 229 229 230 230 230 230 232 235 237 239 242 243 239 234 235 241 241 236 231 226 223 227 231 233 233 236 242 245 243 237 237 243 247 249 250 247 241 236 233 233 233 233 232 229 225 221 219 220 226 233 237 239 239 237 236 235 235 236 240 242 242 243 243 242
234 232 229 228 230 231 231 229 227 226 226 225 225 225 225 225 225 225 225 225 225 226 226 226 227 227 227 227 228 229 229 230 230 231 231 231 233 236 237 238 241 242 240 237 241 245 241 236 232 227 226 231 233 232 232 238 243 244 240 236 238 242 248 251 251 245 240 236 234 234 234 234 231 228 225 222 220 221 226 232 236 238 237 236 237 237 237 239 241 241 240 240 240 240
237 234 229 228 230 230 229 229 228 226 226 225 225 225 225 226 226 225 226 226 226 226 226 227 227 228 228 228 229 229 230 230 231 231 232 233 236 238 238 238 240 243 243 241 244 245 240 233 231 230 231 236 237 235 238 244 246 242 237 235 238 242 250 254 251 243 238 234 233 234 234 233 230 227 226 225 223 223 227 232 235 237 239 239 239 240 241 242 243 242 239 239 239 239
240 236 230 230 232 231 229 230 229 226 225 226 226 226 226 226 227 226 226 227 227 227 227 228 228 228 228 229 229 230 230 231 231 232 233 234 236 238 239 239 240 244 245 243 244 244 237 228 228 228 228 231 234 237 244 249 246 240 235 235 238 243 252 254 249 240 235 231 231 232 232 230 227 226 227 228 227 227 230 233 234 236 240 243 245 246 246 245 244 242 239 238 237 238
239 236 231 230 232 231 229 230 230 228 226 227 227 227 227 227 227 227 227 228 228 228 228 228 228 229 229 229 230 230 231 231 232 233 234 235 236 238 239 240 242 245 245 243 242 241 234 225 226 227 226 229 233 238 246 249 243 236 234 236 239 245 253 253 246 236 230 227 229 230 229 226 225 226 228 229 228 231 236 237 235 236 238 240 243 248 249 246 243 241 240 239 236 236
236 235 232 230 232 230 228 230 231 231 229 228 228 228 228 228 228 227 228 228 228 228 229 229 229 229 230 230 230 231 231 232 232 233 234 235 236 238 239 241 244 247 247 245 243 240 233 225 228 229 228 232 237 242 248 247 238 232 233 236 240 246 253 251 242 231 224 221 224 226 224 223 224 228 230 230 229 232 238 238 236 237 237 235 236 241 245 246 243 240 239 239 238 239
235 235 234 234 236 235 232 231 232 232 231 230 230 229 229 229 229 229 228 228 229 229 229 230 230 230 230 230 231 231 232 232 233 234 235 235 236 238 239 242 246 249 249 247 246 244 237 232 233 230 229 235 239 244 249 244 232 230 234 237 241 247 250 247 239 228 220 218 222 224 222 223 227 230 230 229 229 233 237 236 236 237 236 234 233 234 235 236 239 240 243 244 245 248
236 236 236 235 237 239 237 234 233 234 232 230 231 231 230 230 230 230 230 229 230 230 230 230 230 230 231 231 231 232 232 233 234 234 235 236 237 238 239 241 244 247 248 247 246 246 243 240 237 230 230 238 241 245 249 241 229 230 236 240 244 248 248 244 237 227 220 219 223 225 224 226 228 229 229 228 229 234 236 235 235 237 237 235 234 233 230 229 232 238 246 253 258 263
238 238 236 234 233 235 236 235 235 235 232 229 230 232 232 231 231 231 231 230 231 231 230 231 231 231 231 232 232 233 233 234 234 235 235 236 237 238 239 240 242 244 245 246 247 248 250 249 245 235 234 242 245 249 249 239 228 231 238 243 246 248 247 243 236 226 219 219 222 224 225 227 228 228 228 227 229 233 233 232 232 234 236 236 236 236 234 231 231 236 247 259 270 272
238 238 237 235 234 233 234 234 235 236 232 228 229 232 233 234 233 232 231 231 231 232 232 232 231 231 232 232 233 233 234 234 235 235 236 237 237 238 239 240 241 243 244 246 248 250 253 257 256 248 242 246 249 251 249 238 229 236 243 246 246 246 245 242 235 226 218 216 217 221 225 227 228 228 228 227 230 233 231 228 228 231 233 235 236 237 237 237 237 243 256 266 271 272
238 238 237 237 236 236 235 235 236 238 236 231 230 232 233 234 234 234 233 232 232 232 233 232 232 232 233 233 233 234 234 235 235 236 236 237 238 238 239 240 241 242 243 245 247 249 251 255 260 262 257 254 254 253 248 239 234 243 249 249 247 246 244 241 235 227 218 211 213 223 227 228 229 229 228 228 232 232 230 228 228 230 232 232 233 235 236 240 246 258 268 269 268 267
239 238 238 238 238 238 238 238 238 239 237 233 231 231 231 231 233 235 235 234 233 233 233 233 232 233 233 234 234 234 235 235 236 236 237 237 238 239 239 240 241 242 243 244 245 247 249 252 257 265 272 267 260 255 248 240 241 249 252 250 248 247 245 241 236 229 220 210 216 227 229 229 231 231 229 229 232 231 229 228 229 231 232 231 232 234 238 245 257 268 270 266 262 255
239 239 239 238 238 238 239 239 239 238 236 232 231 231 230 230 231 233 235 235 234 234 234 233 233 234 234 235 235 235 235 236 236 237 237 238 238 239 239 240 241 242 243 244 245 246 248 251 255 261 272 275 268 260 251 245 249 254 254 252 250 248 246 242 237 231 221 212 221 230 230 231 233 232 230 231 232 229 227 228 229 231 233 233 235 238 245 255 265 270 268 261 253 241
241 241 241 240 239 238 238 239 239 238 237 235 234 233 231 231 231 232 233 235 236 236 235 234 234 235 235 236 236 236 236 236 237 237 238 238 239 239 240 240 241 242 243 244 245 246 248 250 253 258 266 274 272 265 255 251 255 257 255 253 251 249 246 242 237 232 221 216 225 231 231 233 235 233 230 231 230 228 227 227 229 231 233 236 239 246 257 268 270 268 261 253 243 236
244 244 244 243 241 240 240 239 239 238 238 237 236 235 233 232 232 231 232 233 235 236 236 235 235 235 236 236 236 236 237 237 237 238 238 239 239 240 240 241 241 242 243 244 245 246 248 250 252 255 261 269 271 266 258 254 256 257 256 253 250 247 244 242 241 236 226 225 230 231 231 234 236 233 229 228 228 227 225 225 227 229 232 238 242 252 266 273 271 263 250 243 238 233
246 246 245 244 244 244 243 242 241 240 239 239 237 235 234 234 233 231 231 231 233 235 236 236 236 236 237 237 237 237 238 238 238 238 239 239 239 240 240 241 242 242 243 244 245 246 247 249 251 254 259 266 270 268 263 258 257 256 255 254 250 244 242 244 247 243 235 234 233 231 232 235 236 233 228 226 226 224 221 222 225 228 233 240 248 261 268 269 264 251 241 237 233 231
245 244 243 244 243 244 244 244 244 243 242 241 239 236 235 236 235 233 231 231 232 233 235 237 237 238 238 237 237 238 238 238 239 239 239 240 240 240 241 241 242 242 243 244 245 246 247 249 251 253 257 263 268 270 270 268 261 256 254 254 248 239 240 245 245 242 238 236 234 233 234 236 237 233 227 225 225 221 218 221 226 231 238 244 254 264 266 261 251 239 234 231 229 229
240 239 240 242 243 243 241 240 241 242 242 241 239 237 236 236 236 236 234 233 231 230 232 235 236 238 239 238 238 239 239 239 239 240 240 240 240 241 241 242 242 243 243 244 245 246 247 248 250 252 255 259 264 268 272 276 271 261 255 251 243 234 239 243 241 239 236 234 234 236 236 238 238 232 227 224 223 220 217 221 229 235 242 249 256 260 259 251 239 233 229 226 226 226
229 231 233 235 239 241 237 235 238 241 242 241 237 236 236 236 237 237 236 235 232 229 230 232 233 236 239 241 241 241 240 240 240 240 241 241 241 241 242 242 242 243 244 244 245 246 247 248 250 251 254 256 260 264 270 276 278 271 262 254 244 239 246 247 243 240 236 234 236 238 238 240 239 233 227 224 222 218 216 222 230 238 247 252 257 258 252 240 234 229 225 223 224 225
215 224 228 228 230 231 227 227 234 240 240 238 236 235 233 234 237 237 237 237 235 232 232 231 230 232 236 242 244 244 243 242 242 242 241 242 242 242 242 242 243 243 244 244 245 246 247 248 249 251 253 255 257 260 264 269 273 274 269 261 255 256 259 256 249 242 238 236 237 238 239 241 242 236 229 226 223 218 217 226 236 245 251 253 260 259 247 234 230 226 223 222 224 225
218 230 235 232 232 230 223 221 229 233 231 227 227 227 226 228 232 236 238 238 237 237 236 234 230 229 234 241 244 246 246 245 244 243 242 242 242 243 243 243 243 244 244 245 245 246 247 248 249 250 252 253 255 257 260 263 265 268 268 265 264 268 270 266 259 251 245 242 239 238 238 242 244 237 229 229 226 222 223 234 244 250 251 253 264 260 243 231 227 223 220 220 223 225
236 245 256 256 252 245 234 229 234 235 230 225 224 224 224 225 228 232 235 237 238 239 239 239 233 229 234 238 240 242 245 246 246 245 244 243 243 243 243 243 244 244 244 245 245 246 247 248 249 250 251 252 254 255 257 259 260 262 263 263 264 268 272 272 270 266 260 254 248 242 240 244 244 235 229 230 230 228 230 240 248 250 252 259 265 257 238 228 224 221 219 219 222 224
243 248 259 265 265 261 256 254 255 250 243 238 237 234 231 230 229 231 232 233 236 239 240 240 233 228 233 236 236 238 240 244 246 247 246 245 244 244 244 244 244 244 245 245 246 246 247 248 249 249 250 252 253 254 255 256 257 258 259 260 262 264 267 270 272 274 273 269 263 256 251 250 246 236 231 232 233 233 234 242 248 251 257 266 263 247 230 224 221 221 220 221 223 223
248 251 257 261 263 263 263 266 267 261 253 252 251 248 244 240 238 236 234 232 232 235 238 237 232 228 234 236 235 236 237 239 243 246 247 247 246 245 244 244 245 245 245 245 246 247 247 248 248 249 250 251 252 253 254 255 256 256 257 258 259 260 262 264 266 269 272 273 273 273 272 265 254 242 237 238 239 237 235 241 249 257 265 267 257 235 222 221 222 223 222 224 227 228
251 254 259 261 263 264 264 266 267 262 256 254 252 250 249 246 245 243 241 237 235 234 235 234 232 230 235 238 237 236 236 237 239 242 245 246 246 246 245 245 245 245 245 246 246 247 247 248 249 249 250 251 251 252 253 254 254 255 256 256 257 258 259 260 262 263 265 268 271 277 280 277 267 254 249 248 247 243 237 242 253 264 270 264 246 227 220 220 224 225 223 226 231 240
255 258 263 265 266 267 267 266 265 262 259 256 253 250 249 247 246 246 245 243 241 239 238 236 234 232 235 237 238 238 237 237 238 240 241 243 245 246 246 246 246 245 246 246 247 247 248 248 249 249 250 250 251 252 252 253 253 254 255 255 256 257 257 258 259 260 261 263 266 270 273 275 273 268 262 259 254 247 239 247 261 269 267 254 234 223 220 222 226 226 227 227 232 256
257 260 265 270 272 272 272 270 267 264 261 259 256 253 251 249 248 246 245 244 244 243 242 240 238 235 237 239 239 239 238 238 239 240 240 242 244 245 246 246 246 246 246 246 247 247 248 248 249 249 250 250 251 251 252 252 253 253 254 254 255 255 256 257 257 258 259 261 263 264 265 267 270 274 274 269 260 249 243 256 269 268 259 242 226 219 220 224 228 231 238 238 249 267
257 260 265 272 277 279 278 276 272 268 265 262 259 256 254 252 249 248 246 245 244 244 243 242 240 238 239 242 242 240 239 239 240 242 243 244 245 247 247 247 246 246 246 247 247 248 248 249 249 250 250 251 251 251 252 252 252 253 253 254 254 255 255 256 256 257 258 259 260 261 262 263 266 272 278 277 270 257 254 267 270 263 249 234 225 223 226 229 232 241 252 266 276 273
259 260 264 270 279 284 285 282 279 274 269 265 260 258 256 254 252 250 248 246 245 245 244 243 239 238 242 246 246 243 241 241 241 242 243 244 245 246 247 247 247 246 247 247 248 248 249 249 250 250 251 251 251 251 252 252 252 252 253 253 254 254 254 255 256 256 257 258 259 259 260 262 264 267 273 278 279 274 270 271 266 255 241 233 230 235 239 239 242 253 266 277 279 272
262 261 258 265 279 288 290 289 285 281 274 266 262 259 257 255 254 252 250 248 247 246 246 243 238 237 242 246 247 245 242 241 240 240 241 242 242 244 246 248 248 247 247 247 248 249 249 250 251 251 251 252 252 252 252 252 252 252 253 253 253 254 254 254 255 255 256 257 257 258 259 260 262 264 268 274 280 286 282 272 261 244 233 232 231 234 238 243 254 263 269 273 273 267
260 256 250 254 270 285 293 293 289 286 277 267 261 259 257 255 254 253 251 249 248 247 247 244 238 238 241 243 244 243 242 242 241 241 242 242 240 241 244 247 248 248 248 249 249 250 250 251 252 252 253 253 252 252 252 252 252 252 252 253 253 253 254 254 254 255 255 256 257 257 258 259 260 262 265 268 275 286 287 273 255 236 229 229 229 230 237 252 264 268 268 267 267 263
252 248 244 248 256 267 281 284 282 281 272 263 260 258 257 255 254 253 252 250 249 249 248 245 240 240 243 243 242 241 242 243 241 240 241 241 240 239 241 244 245 247 249 250 251 251 252 253 254 256 255 254 254 253 252 252 252 252 252 253 253 253 253 254 254 254 255 256 256 257 257 258 259 261 262 265 270 279 283 271 249 233 230 229 228 234 252 267 270 268 266 265 263 261
250 250 251 254 262 263 254 247 256 258 256 256 256 256 257 256 255 254 253 252 251 250 249 246 242 243 246 245 243 242 243 244 243 241 240 239 238 238 240 241 240 242 246 250 253 255 255 256 258 261 261 259 256 254 253 252 252 252 252 253 253 253 253 254 254 254 255 255 256 256 257 258 259 260 261 263 267 272 276 269 247 233 232 231 234 249 269 273 270 267 264 263 261 258
260 261 262 267 268 258 243 236 237 240 242 248 253 254 255 255 255 255 255 254 254 252 251 248 244 245 248 247 245 244 245 247 247 247 245 241 239 239 240 240 238 237 240 243 246 249 251 251 254 257 260 261 259 256 254 253 252 252 253 253 253 253 253 254 254 254 255 255 255 256 257 257 258 259 260 262 264 268 271 270 252 233 232 236 250 269 274 273 271 267 263 260 258 255
261 260 261 263 259 250 243 238 236 238 240 246 252 254 255 255 255 256 257 257 257 255 253 250 246 246 248 247 246 245 246 246 247 249 249 248 245 243 242 241 239 238 237 239 239 241 242 243 246 247 248 251 254 254 253 252 253 253 253 253 253 253 253 254 254 254 254 255 255 256 256 257 258 259 260 261 263 266 270 273 268 238 234 245 268 277 276 272 270 267 264 260 257 255
