windninja/windninja_output/Output_2025-10-23_1200-1250_Google earth_Fire_150m_10min/merlingen_7.5mi_point_10-23-2025_1200_150m_ang.asc
ncols	158
nrows	163
xllcorner	391686.332397
yllcorner	5160024.123721
cellsize	150.000000
NODATA_value	-32768.000000
[rows 0 to 41 of 163, columns 0 to 93 of 158]
230 230 228 225 224 225 224 221 220 221 220 216 212 213 219 228 237 240 241 246 243 226 219 222 227 232 232 228 226 227 228 230 232 232 231 237 242 244 246 243 239 239 240 242 245 248 252 253 246 239 237 235 235 236 237 237 237 238 240 241 239 237 236 235 232 230 231 235 240 242 242 240 238 237 236 237 238 241 243 243 241 238 238 241 244 242 238 237 238 236 234 235 233 231
229 229 227 225 225 226 224 223 225 224 220 214 210 212 219 226 231 232 235 238 234 222 219 222 227 230 229 227 228 229 230 231 232 232 233 236 238 239 240 239 238 238 238 239 241 242 244 245 244 241 240 239 239 239 238 238 237 238 239 240 239 238 237 236 234 232 234 237 240 242 241 239 238 237 238 238 238 240 242 241 239 238 239 241 242 242 239 237 238 237 237 237 236 235
226 227 225 224 226 225 224 225 226 223 216 208 206 211 219 225 226 225 228 230 225 219 217 222 227 228 227 227 229 231 232 233 233 233 234 235 234 234 234 234 235 236 236 237 238 237 237 237 237 239 240 240 240 240 239 238 238 238 238 238 237 237 236 236 235 236 237 240 241 241 239 238 239 239 239 238 237 239 241 239 235 237 240 239 240 241 237 236 236 237 240 240 238 237
219 222 222 222 224 222 220 220 219 215 210 204 205 211 218 225 226 225 226 227 225 221 217 218 225 225 224 224 224 226 229 231 233 234 233 233 233 234 234 233 232 232 234 235 235 234 234 234 232 233 234 234 235 236 237 237 238 239 239 238 237 236 236 237 236 236 238 240 242 241 238 238 240 241 240 239 238 240 240 237 233 235 238 237 240 241 235 232 233 233 235 237 237 235
213 218 220 220 221 219 217 218 217 214 210 204 204 211 220 227 229 228 228 228 227 225 219 215 221 223 221 220 219 220 223 225 228 230 230 231 232 233 232 231 230 230 231 232 232 233 233 232 232 232 232 232 234 235 236 237 239 239 239 239 238 237 236 237 237 237 238 241 243 240 238 240 241 241 240 241 243 244 241 237 234 236 238 237 240 242 237 233 232 230 230 232 233 231
214 217 219 219 219 218 218 219 218 216 212 207 204 212 223 228 230 231 231 231 231 231 225 216 219 222 222 221 219 219 220 222 225 225 226 227 229 229 229 228 228 229 232 232 233 233 233 233 233 233 232 232 234 236 237 238 239 239 239 239 238 236 236 237 237 237 238 241 242 238 237 240 242 240 238 239 242 244 242 237 237 240 242 240 241 242 241 240 240 235 232 232 230 227
217 218 219 220 219 219 220 220 219 216 213 209 206 214 226 230 231 230 229 230 231 232 229 221 220 224 224 224 223 221 221 224 225 224 224 225 225 226 227 228 228 231 233 235 235 236 235 235 234 233 232 233 234 235 237 239 240 240 239 238 237 234 234 235 236 237 238 241 241 237 235 237 239 237 235 236 238 240 237 234 238 241 242 242 242 243 243 245 248 247 244 241 236 233
217 218 220 221 222 223 223 223 221 217 214 209 206 214 226 230 229 229 229 228 229 231 229 225 221 222 225 226 224 223 225 228 228 227 227 228 227 228 229 230 232 233 235 236 237 238 237 236 235 233 233 234 234 234 237 240 240 240 239 238 236 233 231 232 234 236 238 240 240 236 235 237 237 235 235 236 239 238 233 233 241 243 241 240 240 241 242 243 246 250 253 252 249 245
217 218 220 221 224 226 227 225 222 218 215 211 207 213 224 229 228 229 229 228 230 230 229 225 220 216 221 225 225 226 231 232 230 231 233 234 233 233 234 235 236 237 238 238 239 239 238 238 237 234 234 236 235 235 239 240 239 239 239 238 237 236 234 233 234 236 239 240 238 236 237 240 239 237 236 237 240 238 233 236 244 246 242 239 237 237 237 238 238 238 240 243 246 245
216 218 220 221 222 224 225 224 222 219 216 213 209 213 224 228 228 229 228 228 229 229 228 224 219 215 216 223 224 227 232 232 231 233 236 236 236 236 236 237 238 239 239 239 240 240 239 240 238 235 237 239 237 239 242 243 242 241 241 240 241 242 241 240 241 242 241 240 236 235 239 242 242 239 238 238 241 238 234 237 242 244 243 241 241 240 238 238 235 230 230 234 238 237
217 218 220 221 221 222 222 222 221 219 218 216 212 214 224 230 230 230 228 228 228 228 227 224 220 216 213 219 224 227 233 234 234 238 239 238 237 237 238 238 238 239 239 240 241 242 242 242 241 240 243 244 242 245 248 248 247 248 247 246 247 249 248 250 253 251 248 244 238 237 241 242 241 239 238 239 242 242 238 238 239 240 240 242 246 246 245 245 241 233 234 238 240 237
217 218 219 220 220 221 221 221 220 219 219 218 215 215 224 231 232 231 230 231 231 230 228 225 222 219 216 220 227 232 236 238 239 241 242 240 239 239 239 239 239 240 239 239 240 242 243 244 246 248 253 254 254 256 258 257 254 254 253 253 255 258 260 265 266 263 258 250 242 243 244 242 240 237 235 235 237 239 239 240 239 238 237 238 242 243 244 247 243 234 239 245 244 241
217 218 219 219 220 220 221 221 221 220 220 219 217 218 225 234 235 233 232 232 233 233 231 229 227 225 223 226 232 235 237 239 240 242 242 242 242 242 241 240 240 241 239 238 240 240 240 243 248 254 258 261 263 265 267 267 263 258 255 256 260 263 269 277 279 275 270 263 256 251 247 243 242 238 234 233 233 235 235 235 237 238 238 239 240 238 241 245 240 231 239 246 245 244
217 218 218 219 219 220 220 221 221 221 221 220 219 219 226 236 241 239 236 235 235 235 235 234 232 229 227 229 232 234 238 241 242 242 241 242 243 243 243 242 243 243 243 244 247 246 242 240 244 251 256 259 261 263 267 271 270 263 254 253 257 261 265 272 278 278 278 279 280 270 255 249 246 242 238 237 239 240 238 236 239 242 242 243 242 239 243 245 240 236 243 249 248 248
217 217 218 219 219 220 221 221 221 221 221 221 219 217 223 233 239 240 240 240 238 237 237 236 234 231 228 229 231 234 238 242 243 241 241 242 242 242 244 245 248 248 249 254 255 252 250 245 241 243 247 250 251 253 257 261 264 259 249 248 252 255 257 258 259 265 271 278 287 293 277 260 253 248 243 245 248 247 245 247 250 249 248 247 245 243 246 246 242 241 250 255 254 254
217 217 218 218 219 220 221 221 222 222 222 221 220 216 220 229 233 234 236 239 239 237 235 234 233 232 229 229 231 233 236 237 237 238 241 244 247 248 248 250 252 250 250 251 251 247 248 250 245 241 241 240 239 241 242 243 246 245 242 246 250 252 253 248 246 252 258 264 272 290 298 279 264 254 249 250 250 249 250 254 255 254 253 252 249 248 249 249 247 246 251 256 256 256
216 217 217 218 219 220 220 221 222 222 222 222 221 219 221 230 233 232 232 234 235 234 233 233 233 232 230 229 230 231 234 236 236 239 245 249 252 252 250 249 247 245 244 244 242 241 242 242 244 245 242 237 235 237 237 237 238 237 236 243 248 251 250 244 243 248 252 256 260 266 284 289 278 269 260 254 250 250 254 255 252 251 253 252 253 253 252 252 254 253 251 251 251 251
216 216 217 218 218 219 220 221 221 222 222 223 223 223 225 233 236 234 233 233 234 234 234 234 235 234 232 231 233 234 237 237 238 240 242 245 247 246 243 242 241 241 243 243 241 241 241 238 238 242 244 240 238 238 237 237 237 236 234 240 246 248 245 242 243 247 250 253 253 255 262 273 277 278 273 261 254 254 256 255 252 252 253 251 251 253 253 252 256 260 257 251 248 249
216 216 217 217 218 219 220 221 221 222 223 223 224 225 228 233 238 238 237 236 236 236 236 237 238 237 235 235 237 239 239 238 236 236 238 240 242 242 241 242 242 242 243 242 241 241 242 241 239 241 243 244 242 239 238 237 237 237 236 239 244 245 243 241 244 247 249 249 249 251 254 255 260 266 270 269 266 263 260 257 257 258 256 252 248 247 248 249 253 258 260 255 251 250
216 216 216 217 218 219 220 221 222 222 223 224 225 226 228 232 237 238 238 237 236 236 236 236 237 236 236 236 237 238 237 235 235 237 241 243 243 242 241 240 239 238 239 239 239 240 242 241 241 243 244 244 244 241 239 237 236 237 238 240 243 245 244 245 246 249 250 248 247 249 249 245 247 250 253 257 260 261 260 258 259 259 257 252 248 246 245 246 250 255 256 253 252 251
216 215 216 217 218 219 220 221 222 222 223 224 225 226 228 231 233 235 235 235 234 234 234 234 234 235 235 235 235 235 233 231 232 236 238 238 239 237 234 234 235 235 236 237 239 241 242 241 241 243 243 243 243 243 242 240 238 238 239 240 241 244 246 247 248 249 248 247 248 248 243 240 243 247 247 242 240 244 249 253 255 255 254 252 249 248 246 246 250 254 253 248 248 250
215 215 215 217 218 218 219 221 222 222 223 225 226 226 227 229 230 232 232 232 232 232 232 232 233 233 234 234 234 233 230 227 229 232 232 232 233 233 231 232 233 233 235 237 240 242 242 241 239 240 241 242 242 243 244 244 242 241 239 238 239 243 246 246 248 249 248 248 248 244 239 237 241 247 248 239 232 235 239 244 248 250 250 251 249 247 245 246 251 253 249 240 241 247
214 215 215 216 217 218 219 220 221 222 222 224 225 226 227 228 229 230 230 230 230 231 231 231 231 232 232 232 232 232 229 225 228 232 233 234 235 234 233 233 233 233 235 237 240 241 240 239 238 238 241 242 241 242 243 243 243 242 239 237 238 243 246 247 249 249 247 247 244 238 235 236 241 246 246 237 228 232 236 239 240 241 245 248 248 247 244 246 249 250 245 233 235 245
214 214 215 216 217 218 219 220 222 222 222 223 224 225 226 227 227 228 229 229 229 229 229 229 229 230 230 231 233 233 230 227 231 234 236 238 239 238 236 235 234 234 234 236 239 239 237 237 238 239 241 242 241 242 242 242 243 242 238 237 239 243 248 251 252 249 246 244 240 236 235 237 243 247 243 233 227 236 239 238 237 237 239 243 245 249 249 249 249 249 243 229 235 245
214 214 214 216 217 218 219 220 222 222 223 223 224 225 225 226 227 228 228 228 228 228 228 227 227 228 229 231 236 237 234 233 235 237 237 238 238 239 239 237 235 234 233 235 238 236 234 236 238 239 241 242 242 242 241 240 241 241 238 238 241 246 251 254 254 250 246 242 239 239 239 243 249 248 240 230 233 244 245 240 238 236 235 236 240 247 251 253 253 251 241 227 235 245
214 214 214 216 217 218 218 220 221 222 223 223 224 225 225 225 226 227 228 227 227 228 227 226 226 225 225 229 235 237 237 237 238 236 235 234 234 238 240 238 235 234 234 237 238 234 234 236 237 238 240 242 244 244 243 240 238 237 238 241 246 252 254 251 245 242 239 236 236 239 244 251 253 247 235 226 234 248 251 244 240 237 232 232 235 239 242 246 252 251 239 224 232 241
213 213 214 215 217 217 218 220 221 222 222 223 224 225 225 226 226 226 227 227 227 227 226 224 223 220 220 226 233 235 235 238 242 241 237 233 232 236 239 237 234 234 236 238 237 231 231 234 236 236 236 239 243 244 244 238 232 234 238 243 252 259 258 249 241 236 232 229 232 238 247 254 253 245 230 220 231 244 253 253 247 240 234 233 235 235 232 235 244 247 239 226 231 238
213 213 214 215 216 217 218 220 221 222 222 223 224 225 225 226 226 226 226 226 226 225 224 222 220 217 217 224 229 229 232 237 241 242 242 236 233 236 239 236 233 235 236 235 233 227 227 230 234 235 232 234 238 240 241 232 224 230 238 244 253 259 257 249 242 236 230 227 232 241 250 252 248 240 226 217 229 241 247 254 255 247 241 240 240 237 231 232 240 242 239 232 233 237
212 213 214 215 216 217 218 220 221 222 223 224 224 225 225 225 226 225 225 225 225 224 223 221 218 213 214 219 222 223 227 232 234 236 237 234 232 235 237 233 229 231 231 231 228 224 225 228 232 232 228 230 234 237 236 223 215 228 239 248 254 254 249 243 239 235 229 227 237 247 251 248 241 234 223 219 232 243 246 250 258 255 249 249 248 243 237 237 241 240 238 237 240 243
212 213 214 215 216 217 219 220 221 222 223 223 224 224 225 225 225 225 224 225 224 224 222 220 216 212 211 215 217 217 221 226 229 231 229 221 220 228 233 228 224 225 224 225 224 221 223 225 229 227 222 226 230 232 231 219 213 230 243 252 257 252 243 238 236 235 229 230 244 253 254 247 238 231 224 224 235 243 246 251 258 261 257 254 252 247 245 245 244 240 237 238 243 250
212 212 213 215 217 218 219 220 221 222 222 223 224 224 225 225 225 224 224 224 224 223 221 219 215 212 211 215 216 217 222 226 227 228 224 213 213 224 229 225 222 222 220 223 222 220 223 226 229 227 223 225 229 232 230 220 220 236 248 254 255 250 242 238 239 239 234 236 249 257 257 248 240 234 225 224 230 237 243 249 253 257 258 256 252 248 247 246 244 240 238 239 244 255
212 212 213 215 217 218 218 219 221 221 222 223 224 225 225 225 224 224 224 224 223 222 220 219 215 212 212 213 215 220 227 230 229 230 226 212 213 225 228 225 224 224 223 226 225 223 228 233 235 234 233 234 234 235 232 222 225 239 251 256 252 242 236 237 242 243 238 241 251 257 254 247 244 238 227 224 226 232 240 245 247 245 251 256 255 254 252 249 247 245 243 242 244 253
212 212 213 215 217 218 218 220 221 221 222 223 224 224 224 224 224 224 224 224 224 222 220 218 216 213 211 209 209 213 221 225 228 232 231 216 215 228 231 228 229 228 228 231 230 230 235 238 238 239 241 241 240 239 234 226 228 238 248 254 251 238 228 232 241 245 243 243 250 252 248 243 243 237 227 223 224 230 238 243 242 238 244 253 257 257 256 253 250 248 248 246 246 251
212 212 213 215 218 218 219 220 221 222 222 223 223 224 224 224 224 224 224 223 223 222 219 218 217 213 210 207 204 208 218 224 227 232 233 221 215 229 230 229 230 229 229 232 233 236 241 241 240 242 243 243 244 243 238 233 235 240 244 247 246 235 222 228 239 243 245 249 251 249 244 240 240 233 225 223 223 228 235 238 236 234 240 248 252 250 251 250 247 245 245 247 250 254
211 212 213 216 218 218 218 220 221 222 222 223 224 224 224 224 224 224 223 223 223 222 220 219 217 214 210 207 204 211 223 228 229 231 231 223 214 225 228 227 229 230 232 236 238 243 244 243 243 245 245 245 246 246 244 243 245 246 245 245 243 234 220 225 236 241 245 251 256 254 246 240 238 232 228 226 227 232 235 234 232 230 235 243 247 245 245 246 244 242 242 245 250 256
211 212 213 216 217 218 218 220 221 222 222 223 223 224 224 224 224 224 224 223 223 222 221 220 219 216 212 208 208 218 229 231 230 231 231 224 216 222 228 229 231 233 236 238 240 244 244 243 244 244 244 244 244 244 244 246 247 249 249 248 246 239 226 225 234 239 242 249 258 260 250 243 240 235 233 231 231 239 243 241 235 231 233 239 244 246 244 243 241 240 242 245 249 255
212 212 214 216 218 218 219 220 221 222 222 223 223 224 224 224 224 224 223 223 223 223 222 221 219 217 213 210 212 222 228 229 231 233 233 228 221 222 229 233 234 236 237 238 240 242 240 241 242 242 242 242 241 241 242 243 243 245 247 248 248 243 233 228 233 238 242 247 254 254 248 246 245 242 237 232 231 235 243 248 244 236 235 237 243 248 247 241 240 241 243 246 249 253
212 212 214 217 218 219 220 220 221 222 222 222 223 223 223 223 223 223 223 223 224 223 223 222 220 217 213 210 212 222 224 227 232 236 236 231 224 225 231 234 234 236 237 238 240 240 238 239 239 240 242 241 239 240 242 242 239 240 241 244 245 243 237 231 233 241 246 250 250 243 240 244 247 244 235 231 230 227 236 244 244 239 236 236 241 246 244 239 241 244 245 247 250 255
212 213 215 217 219 220 220 221 222 222 222 222 222 223 224 224 224 223 224 224 224 223 223 222 221 218 214 209 213 223 226 229 234 236 235 230 223 228 233 233 233 235 236 236 237 237 236 234 232 235 238 237 235 237 240 239 235 234 235 238 238 236 233 230 232 242 251 253 248 237 236 241 242 237 227 231 231 218 228 237 237 234 235 237 243 244 239 236 241 243 244 247 255 260
213 214 216 218 219 220 221 221 221 221 222 222 222 223 224 223 224 224 224 224 224 223 223 223 222 219 216 213 219 229 234 235 235 235 234 226 220 226 230 231 233 235 236 234 233 234 234 232 229 232 236 235 230 230 233 231 226 226 229 231 230 229 229 230 231 241 252 253 245 239 241 244 241 231 224 233 231 206 217 230 229 229 235 242 247 247 242 236 238 240 240 248 258 260
215 215 217 218 220 220 220 221 222 221 222 222 222 223 223 223 223 224 224 224 224 224 223 223 223 221 220 221 225 234 239 239 238 237 233 225 222 225 227 229 231 233 234 232 231 232 232 229 226 230 236 235 228 226 229 227 222 223 228 230 228 227 229 233 234 239 249 250 244 243 246 245 242 230 226 236 229 199 207 224 225 225 232 241 247 248 246 238 236 238 239 248 255 256
217 217 218 219 220 220 220 221 222 221 221 222 222 222 223 223 223 223 224 224 224 224 224 224 225 224 224 225 227 233 239 239 238 236 228 223 225 228 229 228 227 228 228 228 229 228 226 223 222 226 234 235 229 227 232 232 229 228 234 236 233 229 230 234 235 239 245 245 243 242 240 239 238 229 230 237 223 196 202 220 226 225 230 237 243 245 240 233 235 239 242 247 249 251
