windninja/windninja_output/Output_2025-10-23_1200-1250_Google earth_Fire_150m_10min/merlingen_7.5mi_point_10-23-2025_1220_150m_vel.asc
ncols	158
nrows	163
xllcorner	391686.332397
yllcorner	5160024.123721
cellsize	150.000000
NODATA_value	-32768.000000
[rows 36 to 71 of 163, columns 0 to 82 of 158]
6.95 6.92 6.99 7.20 7.22 6.98 6.76 6.68 6.72 6.69 6.54 6.40 6.34 6.31 6.24 6.13 6.03 5.95 5.81 5.64 5.53 5.35 5.08 4.79 4.41 4.00 3.61 3.31 3.34 4.12 5.12 5.88 7.22 8.75 9.82 9.43 8.02 7.30 7.61 7.62 7.34 7.56 7.92 7.85 8.11 8.41 7.76 7.72 8.12 8.12 8.30 8.39 8.43 8.44 8.46 8.72 9.12 9.35 9.83 12.09 13.11 9.74 5.70 4.68 6.91 10.68 12.39 11.46 9.80 7.93 6.74 7.25 7.29 6.21 5.20 4.37 4.05 4.75 5.70 6.12 6.60 7.82 9.56
7.08 7.05 7.08 7.13 7.12 7.02 6.85 6.71 6.67 6.68 6.57 6.42 6.34 6.30 6.24 6.14 6.03 5.93 5.83 5.69 5.55 5.37 5.15 4.88 4.52 4.04 3.55 3.13 3.41 4.61 5.10 5.53 6.60 7.83 8.92 8.57 7.74 7.79 8.17 7.96 7.56 7.63 7.89 8.09 8.41 8.41 7.91 7.91 8.10 8.29 8.46 8.15 8.15 8.68 8.76 8.50 8.78 9.57 10.14 11.53 12.69 10.58 6.96 4.85 5.45 8.89 12.48 12.96 10.36 7.52 6.72 7.30 7.43 6.26 4.99 4.62 4.19 4.33 6.21 6.83 5.76 6.23 8.08
7.18 7.17 7.23 7.20 7.08 6.98 6.90 6.81 6.68 6.64 6.58 6.42 6.35 6.34 6.25 6.12 6.02 5.92 5.82 5.73 5.60 5.40 5.21 4.98 4.61 4.12 3.57 3.07 3.54 4.76 5.07 5.29 6.07 6.97 8.05 7.87 7.15 7.77 8.61 8.29 7.95 7.95 7.98 8.15 8.59 8.56 8.08 7.90 8.06 8.80 9.01 8.11 7.81 8.78 9.29 8.41 8.13 9.27 10.40 11.47 12.36 11.57 8.89 6.02 5.42 8.07 12.37 13.38 10.09 7.53 7.32 7.75 7.60 6.24 4.92 5.14 4.50 3.46 5.87 7.81 6.21 5.61 6.83
7.33 7.26 7.23 7.22 7.13 6.98 6.89 6.86 6.72 6.59 6.55 6.42 6.34 6.37 6.30 6.13 6.02 5.93 5.82 5.74 5.62 5.44 5.26 5.08 4.74 4.25 3.68 3.26 3.65 4.63 5.04 5.07 5.44 6.24 7.06 6.91 6.77 7.92 8.90 8.76 8.39 8.21 8.15 8.03 8.37 8.82 8.43 7.64 7.59 8.90 9.63 8.42 7.36 8.41 9.75 8.89 7.85 8.74 10.30 11.42 12.02 12.47 11.62 8.60 6.37 8.04 12.52 13.11 9.68 7.82 7.80 7.87 7.31 5.95 5.28 5.91 4.91 2.82 4.72 7.95 7.61 6.35 6.65
7.57 7.47 7.31 7.23 7.19 7.05 6.96 6.94 6.79 6.57 6.49 6.45 6.34 6.35 6.35 6.20 6.05 5.97 5.86 5.76 5.65 5.48 5.32 5.17 4.91 4.44 3.96 3.63 3.70 4.41 5.06 4.94 4.86 5.44 5.89 5.77 5.99 7.13 8.56 9.19 9.07 8.81 8.49 7.93 7.96 8.73 8.75 7.78 7.32 8.60 10.05 9.01 7.01 7.34 9.23 9.40 8.13 8.06 9.57 10.85 11.18 12.00 13.23 11.75 8.12 8.44 12.52 12.77 9.78 8.67 8.17 7.60 6.84 5.36 5.37 6.56 5.00 2.71 3.79 6.90 8.11 7.83 7.94
7.82 7.72 7.51 7.34 7.25 7.11 7.00 7.01 6.91 6.61 6.46 6.47 6.38 6.32 6.34 6.25 6.09 6.03 5.94 5.81 5.69 5.51 5.36 5.26 5.06 4.66 4.31 4.00 3.82 4.34 5.06 4.90 4.56 4.67 4.72 4.96 5.51 6.21 7.31 8.60 9.19 9.43 9.17 8.50 8.15 8.36 8.61 8.28 7.73 8.41 10.23 9.82 7.33 6.46 7.84 9.03 8.29 7.55 8.62 9.93 10.09 10.25 12.25 13.34 10.88 9.59 11.98 12.63 10.51 9.29 8.27 7.61 6.96 5.17 5.44 6.74 4.70 2.96 3.55 5.57 7.25 7.85 8.86
7.99 7.91 7.73 7.51 7.38 7.25 7.04 6.99 6.99 6.73 6.49 6.48 6.42 6.32 6.32 6.26 6.13 6.07 6.02 5.89 5.73 5.54 5.42 5.37 5.20 4.87 4.61 4.32 4.05 4.37 4.93 4.88 4.48 4.08 3.83 4.16 5.11 6.09 6.73 7.55 8.53 9.22 9.30 9.12 8.61 8.03 8.16 8.37 8.05 8.30 10.12 10.31 7.83 6.37 7.10 8.25 8.13 7.57 8.11 9.21 9.30 8.92 10.28 12.46 12.78 11.63 11.44 12.17 11.31 9.52 8.76 8.63 7.71 5.83 6.05 6.56 4.44 3.39 3.68 5.09 6.62 7.23 8.44
8.16 8.06 7.88 7.68 7.52 7.43 7.20 7.00 6.99 6.84 6.58 6.51 6.47 6.35 6.30 6.26 6.17 6.09 6.06 5.98 5.79 5.59 5.48 5.44 5.33 5.07 4.84 4.64 4.35 4.41 4.73 4.79 4.42 3.83 3.37 3.40 4.34 5.74 6.32 6.79 7.74 8.56 8.94 9.08 8.53 7.69 7.73 8.18 8.33 8.68 10.07 10.18 8.12 6.84 7.20 7.86 7.91 7.77 8.11 8.96 9.08 8.61 9.00 10.20 12.08 12.68 11.58 11.40 11.21 10.10 9.80 10.18 9.19 7.38 7.14 6.55 4.89 4.16 4.06 4.95 6.25 7.13 8.39
8.32 8.20 7.99 7.81 7.63 7.50 7.34 7.11 6.99 6.90 6.68 6.54 6.50 6.40 6.33 6.27 6.20 6.15 6.10 6.03 5.88 5.71 5.56 5.48 5.43 5.25 5.04 4.88 4.65 4.51 4.63 4.68 4.35 3.79 3.24 3.09 3.90 5.06 5.63 6.14 6.96 8.03 8.89 8.91 7.96 7.43 7.68 8.11 8.66 9.17 9.80 9.74 8.45 7.45 7.70 8.08 7.88 7.82 8.26 8.96 9.24 9.07 8.79 9.07 10.84 12.23 11.74 10.67 9.78 9.56 10.00 10.77 10.58 9.37 8.46 7.18 5.63 4.99 4.83 5.28 6.08 7.05 8.73
8.49 8.36 8.14 7.96 7.74 7.55 7.41 7.24 7.05 6.94 6.78 6.60 6.51 6.44 6.39 6.32 6.23 6.22 6.17 6.05 5.93 5.82 5.69 5.57 5.50 5.39 5.24 5.05 4.86 4.68 4.64 4.63 4.35 3.84 3.36 3.27 3.74 4.44 5.01 5.47 6.26 7.66 8.89 8.54 7.24 7.24 7.95 8.43 8.94 9.15 9.19 9.19 8.58 7.69 7.82 8.34 8.11 7.91 8.33 8.90 9.30 9.52 9.25 9.42 10.85 11.44 11.09 10.07 8.11 7.64 8.81 9.88 10.54 10.28 9.32 7.88 6.11 5.45 5.58 6.04 6.61 7.53 8.87
8.65 8.50 8.28 8.12 7.89 7.68 7.46 7.26 7.09 6.97 6.87 6.70 6.54 6.48 6.43 6.37 6.28 6.25 6.22 6.10 5.97 5.87 5.78 5.70 5.61 5.51 5.37 5.20 5.03 4.85 4.71 4.64 4.42 3.93 3.57 3.55 3.75 4.09 4.52 4.97 5.74 7.13 8.43 8.01 6.77 7.05 8.06 8.97 9.15 8.64 8.52 8.60 8.48 8.05 7.80 8.24 8.45 8.37 8.58 8.67 8.98 9.70 10.02 10.09 10.77 10.83 10.11 9.38 7.70 6.99 7.93 8.78 9.79 10.13 9.50 8.37 6.75 5.77 5.93 6.73 7.37 8.05 8.72
8.84 8.66 8.38 8.17 8.10 7.96 7.51 7.18 7.06 6.96 6.89 6.76 6.61 6.52 6.48 6.40 6.33 6.28 6.24 6.17 6.04 5.91 5.85 5.81 5.73 5.60 5.45 5.33 5.19 5.04 4.87 4.73 4.53 4.13 3.75 3.66 3.89 4.06 4.21 4.66 5.37 6.51 7.51 7.23 6.75 7.30 8.33 9.11 8.87 7.98 7.97 8.13 8.24 8.52 8.19 8.25 8.80 9.07 9.26 8.58 8.36 9.82 10.72 10.45 10.47 10.39 9.32 8.63 7.71 7.21 7.72 8.19 9.06 9.52 9.20 8.45 7.18 6.06 6.04 7.20 8.07 8.23 8.40
9.02 8.82 8.48 8.18 8.28 8.42 7.75 7.07 6.94 6.93 6.86 6.72 6.63 6.56 6.53 6.45 6.36 6.32 6.26 6.20 6.10 5.98 5.92 5.90 5.84 5.69 5.54 5.44 5.32 5.20 5.05 4.90 4.70 4.39 3.96 3.74 3.99 4.16 4.16 4.47 5.10 5.85 6.32 6.19 6.59 7.85 8.76 8.78 8.25 7.56 7.53 7.84 8.08 8.39 8.22 8.35 9.15 9.67 9.83 8.66 8.03 9.82 11.13 10.80 10.33 9.81 8.69 7.95 7.50 7.32 7.65 7.97 8.42 8.74 8.69 8.25 7.40 6.63 6.67 7.68 8.53 8.46 8.14
9.25 8.91 8.50 8.26 8.44 8.79 8.20 7.19 6.75 6.82 6.84 6.70 6.61 6.58 6.58 6.53 6.40 6.34 6.31 6.23 6.15 6.07 5.99 5.97 5.96 5.82 5.63 5.53 5.45 5.34 5.21 5.07 4.89 4.64 4.24 3.93 4.04 4.25 4.27 4.42 4.88 5.33 5.37 5.34 6.24 8.04 8.76 8.19 7.57 7.02 7.09 7.84 8.35 8.39 8.29 8.71 9.74 10.26 9.77 8.54 8.15 9.65 11.26 11.50 10.51 9.18 8.10 7.38 7.16 7.26 7.54 7.85 8.00 8.06 8.16 8.00 7.59 7.32 7.58 8.31 8.87 8.85 8.27
9.57 8.99 8.32 8.33 8.75 9.02 8.67 7.73 6.76 6.60 6.75 6.71 6.63 6.58 6.59 6.61 6.51 6.37 6.35 6.29 6.20 6.17 6.06 6.00 6.04 5.95 5.74 5.63 5.57 5.47 5.36 5.22 5.06 4.85 4.54 4.22 4.16 4.31 4.34 4.40 4.69 5.04 5.01 4.94 6.06 7.85 8.24 7.55 6.96 6.30 6.28 7.41 8.22 8.19 8.41 9.31 10.50 10.53 9.30 8.22 8.26 9.46 11.44 12.32 10.69 8.59 7.57 6.96 6.82 7.02 7.30 7.55 7.58 7.52 7.56 7.54 7.40 7.49 8.07 8.85 9.22 9.13 8.60
10.00 9.04 7.98 8.19 8.92 9.10 8.97 8.53 7.28 6.53 6.54 6.67 6.65 6.58 6.58 6.62 6.60 6.43 6.37 6.36 6.25 6.22 6.15 6.05 6.07 6.02 5.86 5.75 5.69 5.60 5.49 5.37 5.22 5.05 4.83 4.57 4.38 4.34 4.34 4.32 4.60 5.06 4.97 4.82 5.87 7.28 7.35 6.81 6.70 6.14 5.96 7.21 7.92 7.84 8.47 10.07 10.83 10.19 8.97 8.24 8.32 9.32 11.87 12.98 10.51 8.04 7.14 6.67 6.66 6.87 7.09 7.24 7.18 7.13 7.17 7.08 6.90 7.07 7.95 9.06 9.59 9.54 9.03
10.60 9.16 7.66 8.03 8.83 8.82 8.81 9.04 8.16 6.83 6.42 6.61 6.67 6.61 6.58 6.60 6.61 6.48 6.40 6.42 6.31 6.23 6.22 6.16 6.10 6.04 5.95 5.87 5.80 5.71 5.61 5.50 5.38 5.24 5.08 4.90 4.67 4.47 4.35 4.23 4.55 5.22 5.09 4.74 5.43 6.56 6.35 5.80 6.45 6.53 6.44 7.23 7.99 8.23 9.21 10.71 10.41 9.31 8.73 8.51 8.55 9.48 12.56 13.41 10.12 7.57 6.76 6.45 6.63 6.87 6.97 7.02 6.94 6.96 7.12 6.97 6.60 6.60 7.39 8.64 9.48 10.04 9.87
11.02 9.67 7.76 7.88 8.85 8.60 8.41 9.14 8.88 7.42 6.50 6.50 6.62 6.63 6.62 6.62 6.59 6.51 6.46 6.45 6.37 6.27 6.24 6.24 6.15 6.07 6.02 5.97 5.90 5.82 5.73 5.63 5.52 5.41 5.29 5.14 4.96 4.73 4.50 4.24 4.51 5.31 5.29 4.67 4.82 5.66 5.47 4.86 5.77 6.47 6.57 7.07 7.89 8.91 10.38 10.95 9.43 8.32 8.42 8.76 8.93 10.05 13.15 13.44 9.81 7.24 6.38 6.27 6.74 6.96 6.87 6.83 6.86 7.03 7.23 7.09 6.65 6.65 7.24 7.84 8.59 9.88 10.52
10.75 10.29 8.59 7.65 8.61 8.62 8.11 8.94 9.40 8.26 6.89 6.45 6.50 6.55 6.62 6.64 6.59 6.54 6.51 6.50 6.45 6.34 6.28 6.26 6.20 6.13 6.09 6.05 5.99 5.92 5.84 5.76 5.67 5.58 5.47 5.34 5.20 5.01 4.77 4.46 4.58 5.25 5.34 4.68 4.34 4.73 4.72 4.32 5.14 5.95 6.23 7.03 7.81 9.10 11.25 10.89 8.40 7.54 8.10 8.89 9.40 10.86 13.51 13.14 9.54 7.04 6.10 6.06 6.92 7.29 6.99 6.81 6.91 7.13 7.28 7.19 6.83 7.06 7.65 7.42 7.68 9.15 10.26
10.06 10.42 9.68 8.00 8.07 8.35 7.78 8.22 9.35 9.19 7.73 6.63 6.42 6.43 6.50 6.59 6.57 6.54 6.51 6.52 6.53 6.45 6.35 6.28 6.22 6.18 6.16 6.12 6.07 6.01 5.95 5.87 5.79 5.72 5.62 5.52 5.40 5.25 5.06 4.83 4.81 5.10 5.18 4.72 4.27 4.17 4.10 4.15 4.76 5.18 5.56 7.07 7.93 9.13 11.59 10.51 7.57 7.13 7.93 8.87 9.76 11.49 13.55 12.87 9.44 6.79 5.86 5.72 6.67 7.38 7.19 7.01 7.11 7.19 7.24 7.15 6.99 7.46 8.00 7.47 7.34 8.46 9.48
9.79 10.16 10.23 9.10 8.26 8.18 7.62 7.36 8.48 9.46 8.66 7.25 6.64 6.40 6.29 6.48 6.56 6.50 6.48 6.46 6.53 6.55 6.44 6.34 6.25 6.21 6.21 6.18 6.14 6.09 6.04 5.99 5.91 5.84 5.77 5.67 5.57 5.45 5.32 5.17 5.08 5.05 5.00 4.77 4.46 4.15 3.95 4.03 4.30 4.30 4.81 6.93 7.88 9.27 11.56 9.70 7.00 7.08 7.95 8.93 10.11 11.63 13.23 12.84 9.62 6.57 5.45 5.34 6.02 6.81 6.97 7.22 7.41 7.32 7.31 7.09 7.19 7.84 8.09 7.71 7.48 8.04 8.79
9.99 9.97 10.05 9.78 9.17 8.71 8.03 7.17 7.51 8.93 8.97 8.02 7.43 6.78 6.20 6.28 6.50 6.48 6.46 6.42 6.48 6.54 6.51 6.44 6.30 6.25 6.26 6.24 6.21 6.17 6.13 6.08 6.02 5.96 5.90 5.82 5.73 5.63 5.52 5.41 5.31 5.17 5.03 4.87 4.68 4.42 4.10 3.91 3.90 3.60 4.11 6.48 7.77 9.36 11.24 8.88 6.53 7.12 8.25 9.24 10.38 11.49 12.62 12.73 10.18 6.92 5.36 5.20 5.70 6.29 6.71 7.27 7.50 7.38 7.38 7.09 7.38 8.12 8.09 7.87 7.81 8.09 8.51
10.22 9.99 9.76 9.67 9.52 9.30 8.83 7.81 7.33 8.17 8.41 8.14 8.26 7.79 6.68 6.15 6.25 6.38 6.42 6.42 6.45 6.48 6.51 6.49 6.35 6.28 6.31 6.29 6.27 6.25 6.21 6.17 6.12 6.07 6.01 5.95 5.87 5.79 5.69 5.58 5.48 5.35 5.21 5.03 4.88 4.70 4.34 3.99 3.72 3.26 3.48 5.66 7.71 9.42 10.61 8.36 6.25 7.12 8.65 9.53 10.23 11.13 12.04 12.35 10.66 7.65 5.71 5.24 5.64 6.35 6.73 7.13 7.43 7.40 7.31 7.09 7.49 8.13 8.00 7.84 7.97 8.42 8.73
10.30 10.07 9.75 9.59 9.41 9.31 9.24 8.64 7.93 7.83 7.57 7.40 8.16 8.66 7.78 6.57 6.12 6.16 6.29 6.38 6.42 6.48 6.53 6.48 6.37 6.34 6.36 6.35 6.32 6.31 6.28 6.24 6.21 6.16 6.12 6.06 6.00 5.92 5.84 5.74 5.65 5.53 5.39 5.24 5.09 4.90 4.61 4.24 3.82 3.33 3.25 4.92 7.53 9.17 9.77 7.98 6.40 7.50 8.99 9.48 9.75 10.47 11.43 11.89 10.80 8.31 6.19 5.27 5.56 6.48 6.82 6.90 7.29 7.39 7.16 7.14 7.67 7.91 7.72 7.64 7.78 8.45 8.95
10.24 10.11 9.84 9.67 9.50 9.31 9.26 9.11 8.62 7.97 7.26 6.69 7.29 8.58 8.69 7.69 6.63 6.14 6.10 6.21 6.31 6.46 6.56 6.47 6.38 6.38 6.41 6.40 6.38 6.36 6.34 6.31 6.29 6.25 6.21 6.16 6.11 6.04 5.97 5.88 5.79 5.69 5.56 5.43 5.28 5.09 4.87 4.56 4.16 3.66 3.47 4.54 6.96 8.62 8.81 7.58 7.02 8.23 9.08 9.16 9.23 9.58 10.45 11.17 10.59 8.81 6.54 5.04 5.38 6.55 6.82 6.75 7.11 7.28 6.95 7.12 7.82 7.71 7.46 7.51 7.58 8.16 8.76
10.17 10.11 9.91 9.70 9.62 9.53 9.41 9.35 9.01 8.29 7.41 6.53 6.61 7.66 8.56 8.69 7.80 6.76 6.22 6.00 6.13 6.35 6.48 6.45 6.41 6.44 6.47 6.45 6.42 6.40 6.38 6.37 6.35 6.33 6.29 6.25 6.21 6.15 6.09 6.02 5.93 5.83 5.72 5.59 5.46 5.30 5.12 4.88 4.56 4.10 3.74 4.34 6.24 7.81 7.75 7.10 7.76 8.83 8.97 8.78 8.69 8.81 9.43 10.19 10.00 8.91 6.84 5.22 5.53 6.60 6.73 6.80 7.09 7.08 6.78 7.01 7.62 7.55 7.37 7.49 7.61 8.02 8.50
10.24 10.12 9.92 9.69 9.56 9.63 9.67 9.62 9.24 8.59 7.75 6.71 6.38 6.72 7.51 8.59 8.73 7.90 6.90 6.17 6.04 6.18 6.30 6.35 6.40 6.52 6.55 6.50 6.44 6.43 6.43 6.42 6.41 6.39 6.37 6.34 6.30 6.25 6.20 6.13 6.06 5.97 5.87 5.75 5.63 5.50 5.36 5.18 4.90 4.55 4.05 4.30 5.85 6.91 6.64 6.86 8.37 9.08 8.78 8.47 8.18 8.25 8.69 9.09 9.23 8.63 6.87 5.80 6.09 6.56 6.64 6.93 7.20 6.87 6.64 6.92 7.21 7.30 7.25 7.39 7.69 8.01 8.46
10.56 10.22 9.88 9.68 9.43 9.46 9.69 9.78 9.44 8.92 8.23 7.15 6.40 6.27 6.56 7.61 8.64 8.70 7.91 6.94 6.34 6.11 6.13 6.21 6.33 6.55 6.66 6.56 6.45 6.45 6.47 6.46 6.46 6.45 6.43 6.41 6.38 6.34 6.30 6.25 6.17 6.10 6.01 5.91 5.81 5.70 5.58 5.43 5.21 4.94 4.51 4.52 5.61 6.22 5.71 6.61 8.67 9.16 8.57 8.19 7.80 7.75 8.05 8.21 8.51 7.96 6.27 5.90 6.37 6.50 6.60 7.02 7.34 6.74 6.35 6.65 6.91 7.07 7.09 7.31 7.80 8.07 8.50
11.07 10.52 9.92 9.72 9.50 9.33 9.44 9.65 9.47 9.08 8.70 7.78 6.56 6.14 6.20 6.67 7.74 8.56 8.63 7.98 7.08 6.41 6.15 6.09 6.18 6.51 6.77 6.63 6.47 6.50 6.49 6.49 6.50 6.50 6.49 6.47 6.45 6.42 6.38 6.34 6.28 6.22 6.14 6.06 5.97 5.88 5.78 5.65 5.49 5.28 5.02 4.88 5.46 5.92 5.25 5.89 8.50 9.28 8.59 8.04 7.26 6.86 7.31 7.96 8.21 7.16 5.89 5.82 6.15 6.28 6.56 7.10 7.41 6.66 5.98 6.17 6.61 6.79 6.83 7.27 7.85 8.10 8.52
11.29 10.87 10.30 9.95 9.73 9.49 9.31 9.50 9.49 9.04 8.88 8.41 6.86 5.97 6.14 6.35 6.79 7.60 8.46 8.68 7.98 7.10 6.60 6.26 6.05 6.37 6.76 6.67 6.57 6.58 6.50 6.50 6.53 6.54 6.54 6.53 6.51 6.49 6.46 6.43 6.38 6.33 6.27 6.20 6.13 6.04 5.95 5.85 5.74 5.60 5.46 5.29 5.50 5.82 5.24 5.47 7.73 9.14 8.86 8.02 6.42 5.47 6.57 8.14 8.35 7.17 6.10 5.73 5.76 5.97 6.32 7.07 7.42 6.52 5.69 5.65 6.12 6.30 6.34 7.02 7.71 8.02 8.58
10.66 11.01 11.14 10.54 10.05 9.72 9.28 9.45 9.76 9.35 8.99 8.67 7.37 6.09 5.99 6.31 6.45 6.69 7.50 8.46 8.48 7.86 7.43 6.88 6.28 6.32 6.63 6.63 6.65 6.68 6.55 6.52 6.56 6.58 6.58 6.57 6.56 6.55 6.53 6.51 6.47 6.43 6.38 6.33 6.27 6.20 6.13 6.04 5.96 5.88 5.79 5.68 5.70 5.79 5.53 5.70 6.98 8.42 8.84 7.95 5.66 4.56 6.25 8.07 8.33 7.56 6.50 5.67 5.55 5.78 6.02 6.84 7.28 6.36 5.58 5.31 5.48 5.68 5.79 6.55 7.53 8.12 8.91
8.83 10.56 12.14 11.72 11.09 10.13 9.04 9.26 10.13 10.10 9.39 8.54 7.74 6.82 6.01 6.06 6.47 6.46 6.70 7.60 8.07 8.07 8.17 7.77 6.98 6.63 6.63 6.63 6.65 6.67 6.59 6.53 6.58 6.60 6.60 6.61 6.61 6.61 6.59 6.57 6.55 6.51 6.48 6.44 6.40 6.34 6.28 6.22 6.16 6.11 6.05 5.99 5.96 5.93 5.90 6.06 6.64 7.38 8.09 7.62 5.32 4.33 5.84 7.48 7.99 7.62 6.80 5.92 5.64 5.74 5.83 6.56 6.97 6.14 5.38 5.09 4.95 4.96 5.25 6.02 7.20 8.39 9.97
6.34 8.94 11.76 12.53 12.84 11.64 9.27 9.35 10.83 10.99 9.84 8.51 7.87 7.37 6.52 6.06 6.45 6.61 6.48 6.86 7.22 7.52 8.11 8.28 7.79 7.35 7.18 7.06 6.79 6.63 6.54 6.50 6.57 6.60 6.62 6.63 6.65 6.64 6.64 6.63 6.61 6.60 6.57 6.54 6.51 6.47 6.43 6.38 6.34 6.30 6.26 6.22 6.19 6.18 6.20 6.29 6.50 6.72 7.16 7.06 5.44 4.76 5.83 6.86 7.27 7.09 6.72 6.28 5.94 5.80 5.77 6.32 6.71 5.85 4.91 4.72 4.51 4.25 4.48 5.56 6.95 8.73 10.97
5.44 6.85 9.44 11.09 12.59 12.67 10.48 9.65 11.56 12.21 10.61 9.17 8.59 7.96 7.30 6.82 6.80 6.95 6.64 6.48 6.71 7.00 7.49 7.92 7.82 7.82 8.28 8.07 7.24 6.78 6.51 6.40 6.49 6.56 6.60 6.64 6.67 6.68 6.68 6.68 6.67 6.66 6.65 6.64 6.61 6.59 6.56 6.53 6.49 6.46 6.43 6.41 6.39 6.39 6.41 6.46 6.52 6.55 6.68 6.61 5.82 5.40 5.98 6.49 6.43 6.20 6.26 6.27 6.03 5.82 5.75 6.33 6.65 5.52 4.57 4.48 4.16 3.78 3.88 5.29 7.15 8.99 10.82
6.96 7.37 8.40 9.47 10.86 11.62 10.01 8.75 10.83 12.43 11.01 9.55 9.36 8.94 8.27 7.79 7.63 7.68 7.20 6.57 6.57 6.82 7.15 7.39 6.87 7.26 8.97 9.23 8.05 7.23 6.77 6.45 6.37 6.43 6.51 6.62 6.67 6.69 6.70 6.71 6.72 6.72 6.72 6.71 6.70 6.69 6.67 6.66 6.63 6.61 6.58 6.56 6.56 6.55 6.56 6.58 6.59 6.59 6.55 6.43 6.11 5.91 6.11 6.19 5.91 5.72 5.90 5.94 5.72 5.42 5.51 6.52 6.64 5.13 4.38 4.42 4.17 3.73 3.74 5.03 7.05 8.83 9.96
8.93 8.79 8.96 9.45 10.15 10.43 9.26 8.32 10.06 11.70 10.13 8.81 8.82 8.69 8.44 8.04 7.99 8.26 8.02 7.29 6.87 6.89 7.13 7.12 6.08 6.15 8.59 9.93 9.13 8.02 7.39 6.87 6.50 6.32 6.36 6.55 6.64 6.67 6.71 6.74 6.75 6.77 6.78 6.78 6.78 6.78 6.77 6.76 6.75 6.73 6.72 6.70 6.69 6.68 6.68 6.67 6.66 6.64 6.58 6.47 6.31 6.21 6.19 6.07 5.87 5.79 5.75 5.66 5.35 4.92 5.14 6.37 6.42 4.78 4.15 4.37 4.39 3.93 3.76 4.78 6.38 8.19 9.89
