windninja/windninja_output/Output_2025-10-23_1200-1250_Google earth_Fire_150m_10min/merlingen_7.5mi_point_10-23-2025_1240_150m_ang.asc
ncols	158
nrows	163
xllcorner	391686.332397
yllcorner	5160024.123721
cellsize	150.000000
NODATA_value	-32768.000000
[rows 84 to 125 of 163, columns 0 to 93 of 158]
279 284 291 286 279 277 277 276 275 279 285 289 288 285 283 283 284 284 285 287 288 289 288 289 293 294 290 287 285 283 282 281 280 277 276 275 275 275 274 275 276 278 280 281 281 281 283 285 285 285 284 285 286 288 287 285 284 284 284 284 284 284 284 285 285 285 285 286 286 287 288 289 290 292 293 296 299 303 308 317 333 341 336 320 305 299 295 291 289 288 286 284 281 278
270 270 272 270 267 264 260 258 265 275 282 286 285 282 281 281 282 281 283 285 287 288 289 291 294 296 291 286 285 285 283 281 279 277 275 275 275 275 275 277 279 280 280 280 279 279 280 282 283 283 282 281 280 282 284 284 284 284 284 284 284 284 285 285 285 285 285 286 286 287 288 289 290 291 293 295 298 302 308 317 334 342 341 322 302 297 293 289 288 288 286 284 281 279
268 266 264 265 261 256 252 256 266 277 283 283 282 281 279 278 277 277 279 281 283 285 287 290 295 298 294 289 286 285 283 282 281 281 278 276 274 272 274 277 281 282 281 279 278 278 279 280 280 282 282 281 279 279 281 283 283 284 284 284 285 285 285 285 285 285 285 285 286 286 287 288 289 291 292 294 297 301 307 316 330 340 337 319 301 293 290 288 286 285 284 283 284 286
268 266 262 262 259 255 255 262 270 276 279 278 279 279 276 274 272 271 273 277 280 281 284 292 302 307 299 292 287 284 283 282 283 284 283 279 275 272 272 273 277 281 282 279 277 277 277 277 278 279 281 282 281 279 280 281 283 284 285 285 285 286 285 285 285 285 285 285 286 286 287 288 289 290 292 294 296 300 305 313 324 333 330 317 300 291 288 286 284 282 283 286 289 291
270 268 266 267 264 261 261 265 268 269 272 277 280 279 275 271 267 267 269 274 279 283 291 302 314 318 303 292 286 283 282 282 282 283 283 282 280 276 272 271 273 277 281 281 279 276 275 276 276 277 279 281 282 281 281 281 282 283 285 286 287 287 286 286 285 285 285 285 285 286 287 287 288 290 291 293 295 298 303 308 316 324 323 313 300 291 286 283 282 283 286 289 288 283
274 275 274 272 269 266 264 262 260 261 270 280 281 278 273 266 262 264 269 276 284 294 302 310 324 322 301 290 285 282 281 281 281 281 281 283 283 280 275 271 271 273 277 280 280 277 274 273 275 277 278 281 284 285 284 281 280 280 283 289 291 289 287 286 285 285 285 285 285 286 286 287 288 289 290 292 294 296 300 304 310 316 317 309 299 291 285 282 283 286 286 285 278 270
276 275 272 268 268 269 266 261 258 261 270 279 279 274 268 262 261 263 269 279 293 304 310 315 322 316 296 287 283 281 280 280 280 280 279 280 282 283 280 274 271 272 274 277 279 278 275 273 273 276 279 282 286 288 286 281 277 277 283 291 296 293 289 286 285 285 285 285 285 285 286 286 287 288 289 291 293 295 297 301 305 309 312 308 301 296 291 286 286 286 282 275 271 268
273 271 266 264 267 270 270 266 262 264 270 275 273 269 267 266 266 264 267 282 300 312 316 310 310 299 287 282 280 279 278 278 278 279 280 279 281 283 284 279 272 270 272 275 278 278 276 273 272 274 279 283 287 289 289 284 281 283 286 290 296 294 289 287 285 285 285 285 285 285 285 286 287 288 289 290 291 293 295 298 300 304 308 307 303 300 296 291 288 283 275 266 267 266
272 271 268 267 269 272 277 279 272 266 267 269 267 267 268 269 272 272 277 288 300 317 311 287 277 276 277 277 277 277 277 277 278 280 281 281 280 281 283 282 276 269 269 272 276 277 276 273 272 273 277 283 288 291 294 293 289 288 285 284 288 291 289 286 285 285 284 284 285 285 285 286 286 287 288 289 290 291 293 295 297 299 302 303 301 298 295 291 285 276 264 262 265 265
274 274 275 274 275 278 283 287 283 269 266 267 267 269 271 274 281 286 288 288 287 279 255 247 248 264 272 274 275 275 275 276 278 281 282 281 280 280 281 283 281 272 267 269 272 274 275 273 272 273 276 284 291 293 296 297 291 285 281 278 280 285 287 285 285 284 284 284 284 284 285 285 286 286 287 288 289 290 291 292 294 295 297 298 296 293 290 286 278 267 262 263 266 266
275 275 277 278 280 281 283 287 294 282 271 268 270 272 274 277 281 284 282 271 253 227 218 227 241 262 271 272 272 271 271 274 279 283 284 282 281 281 281 283 284 279 270 267 268 271 274 275 275 275 279 286 294 293 292 294 289 284 280 278 278 282 284 284 284 284 284 284 284 284 284 285 285 286 286 287 288 289 289 290 291 292 293 293 292 290 287 282 275 269 267 268 268 268
273 273 275 278 278 277 276 280 296 293 280 271 267 265 269 273 272 272 267 251 232 223 221 231 247 264 270 271 270 269 271 276 280 283 284 282 281 282 282 283 286 287 279 271 268 270 273 277 279 282 284 285 289 289 288 289 289 286 284 281 280 281 283 283 284 284 284 284 284 284 284 285 285 285 285 286 287 287 288 289 289 290 290 290 289 287 285 281 277 274 272 272 271 271
273 273 275 277 273 267 264 268 280 286 280 271 262 259 265 269 268 269 260 232 221 225 231 245 260 269 271 271 271 273 276 277 277 278 281 282 282 283 283 284 287 291 288 280 275 274 276 280 283 285 282 277 276 281 283 285 286 286 284 283 282 282 283 283 284 284 284 284 284 284 284 284 284 284 285 285 286 286 287 287 288 288 288 287 287 285 283 281 279 277 275 274 273 272
277 276 274 273 267 260 256 256 261 268 270 265 262 262 266 268 271 268 252 225 218 227 241 258 271 276 274 272 273 276 276 274 272 273 277 281 282 283 285 286 288 292 293 287 283 280 279 280 280 278 273 269 270 275 278 280 282 283 283 283 283 282 283 284 284 284 284 284 284 284 284 284 284 284 284 285 285 285 286 286 286 286 286 286 285 284 283 281 280 278 277 276 275 274
275 274 270 266 265 260 255 252 252 254 255 257 261 264 266 268 268 258 238 225 223 234 252 267 278 276 271 270 272 273 273 272 272 272 275 278 281 284 287 289 290 293 296 291 285 282 281 278 274 271 269 268 269 272 275 277 278 281 283 282 282 282 283 285 285 285 285 285 284 284 283 283 283 284 284 284 284 285 285 285 285 285 285 285 284 283 282 281 280 279 277 277 276 275
270 268 264 264 265 263 259 256 252 248 248 250 253 260 265 264 257 246 233 226 231 249 264 270 268 257 260 266 268 269 271 272 273 274 276 279 282 284 288 292 293 294 298 295 288 284 282 278 274 271 270 270 270 271 274 276 276 278 281 282 281 282 283 284 286 287 287 286 285 284 283 283 283 283 283 284 284 284 284 285 285 285 285 284 284 283 282 281 280 279 278 277 276 276
270 267 263 263 262 259 258 257 253 248 247 246 246 253 256 254 251 248 238 237 253 267 269 258 239 241 253 260 264 266 268 270 273 276 279 282 283 284 287 293 297 297 299 300 293 286 282 279 275 272 272 272 272 272 273 275 275 275 278 282 283 282 281 282 285 288 288 288 286 284 283 283 283 283 283 283 284 284 284 284 284 284 284 284 283 283 282 281 280 279 279 278 277 276
272 269 265 262 258 256 255 254 252 250 249 247 244 243 245 248 252 253 250 259 272 274 261 239 234 242 251 256 260 262 264 268 273 278 282 285 286 286 288 293 299 301 301 303 298 289 283 280 278 275 273 272 273 273 273 273 274 274 276 279 282 282 280 281 283 287 288 289 287 284 282 283 283 283 283 283 283 284 284 284 284 284 284 284 283 283 282 281 280 280 279 278 277 276
274 272 267 261 257 256 256 254 253 252 251 249 245 241 245 251 255 257 259 266 269 259 241 236 239 244 250 254 257 260 264 269 273 278 283 287 290 290 290 293 299 303 303 305 304 296 288 283 281 278 275 273 273 273 273 274 275 275 274 276 280 282 281 280 281 284 286 287 285 282 281 283 284 283 283 283 283 283 284 284 284 284 284 284 283 283 282 281 281 280 279 278 278 277
274 272 267 262 259 258 257 255 254 254 253 253 252 255 260 261 260 260 262 264 256 236 234 239 241 243 249 255 259 264 268 270 273 277 282 287 292 293 292 293 298 303 305 307 309 304 294 287 282 278 276 274 274 275 274 274 275 274 274 275 278 281 281 280 279 281 283 283 282 280 279 282 285 284 283 283 283 283 284 284 284 284 284 284 284 283 282 282 281 280 279 279 278 277
275 272 267 263 260 259 258 257 255 255 257 259 261 268 272 271 266 262 260 255 242 233 237 240 240 242 248 255 260 266 270 272 274 277 280 285 291 295 295 295 299 304 307 308 311 309 301 292 285 279 277 276 276 276 276 275 274 274 274 275 276 278 279 279 278 278 279 281 280 279 277 278 281 283 282 282 283 284 285 285 285 285 285 285 284 283 283 282 281 280 280 279 278 277
275 272 266 262 260 260 259 256 255 257 260 263 267 272 274 273 268 262 255 248 240 239 241 240 240 244 249 254 258 265 270 274 276 276 277 282 290 296 299 300 303 306 308 310 313 313 308 300 292 286 281 279 277 276 276 276 275 273 273 274 274 275 276 278 277 276 277 279 279 277 275 273 274 278 280 281 284 285 285 285 286 287 287 286 285 284 283 282 281 281 280 279 278 277
276 272 265 261 259 258 257 256 256 258 263 267 270 272 273 271 266 260 252 245 242 245 245 240 241 245 248 251 257 264 270 275 277 274 275 282 292 299 303 304 305 308 309 311 314 316 315 308 301 293 286 282 278 275 274 275 275 274 272 272 272 274 275 276 276 276 276 278 278 275 273 271 271 274 278 282 284 285 284 285 289 291 290 288 286 285 284 283 282 281 280 279 278 277
276 271 264 260 258 257 258 260 261 263 267 269 268 266 266 266 264 259 252 245 244 250 251 244 241 244 246 248 254 264 272 277 277 271 274 285 295 301 301 304 308 310 310 312 316 319 321 316 309 300 291 284 281 277 274 272 273 274 273 271 270 273 275 275 275 275 274 275 277 274 271 271 272 273 275 278 281 285 287 286 289 293 293 290 288 286 284 283 282 281 280 279 278 278
277 271 264 262 261 262 264 266 268 267 265 263 259 256 258 261 262 258 251 247 250 255 257 251 244 243 246 246 251 262 272 274 274 268 277 290 297 299 299 304 311 312 311 314 318 321 324 324 317 307 296 288 284 280 276 272 271 272 273 272 270 271 274 275 274 273 273 273 275 275 270 269 272 274 274 276 279 283 287 286 285 289 294 294 291 288 285 283 282 281 280 279 278 278
280 274 268 268 270 270 269 266 264 261 257 255 252 252 256 261 263 256 246 248 256 262 261 257 250 246 247 246 252 263 269 271 272 269 278 289 295 296 301 306 311 308 309 316 320 321 325 329 324 314 304 294 287 283 279 275 271 271 272 273 270 269 271 272 271 271 273 273 273 275 271 268 271 274 275 276 277 279 283 283 283 285 291 296 294 290 287 284 282 281 280 279 279 278
286 281 277 276 274 271 266 261 257 254 253 252 251 252 258 264 267 254 241 247 257 266 268 263 259 254 250 249 254 262 269 270 269 268 275 286 292 298 304 308 306 302 307 315 320 322 326 333 331 321 311 300 290 284 281 278 274 271 272 273 271 268 267 267 267 268 272 274 274 273 273 271 271 273 274 275 275 275 277 280 282 283 287 292 295 292 288 284 282 280 279 278 278 278
291 285 279 275 271 265 260 258 256 254 252 253 255 257 262 268 271 256 241 246 254 264 274 273 267 264 262 258 255 258 264 270 269 267 275 286 295 302 308 308 306 303 304 311 318 322 327 334 335 328 318 308 296 286 282 280 277 272 271 272 272 269 265 264 265 266 268 272 274 275 275 274 271 271 271 272 273 273 273 277 280 282 285 289 292 292 288 284 281 278 278 278 278 278
291 285 277 271 266 262 260 258 256 253 250 254 261 265 267 270 273 267 248 249 252 260 272 279 270 270 274 274 265 256 257 264 269 272 280 290 298 304 308 308 306 300 296 304 317 324 327 332 335 333 326 317 304 291 284 281 279 274 270 270 271 269 266 265 265 265 265 267 271 275 276 275 272 270 270 271 272 272 272 273 277 281 284 286 289 290 285 282 278 275 277 280 281 280
289 283 274 268 265 264 262 259 256 252 251 257 264 268 268 271 277 290 275 256 251 255 262 273 271 273 280 283 278 265 256 258 266 276 284 292 296 299 302 302 299 292 291 299 314 325 326 328 333 335 333 328 315 297 286 282 281 276 271 269 270 269 266 266 267 265 264 263 266 271 275 275 274 272 269 269 271 273 273 271 273 278 282 283 285 285 280 276 274 275 281 286 286 281
287 279 271 268 266 265 264 262 257 254 258 264 267 265 265 271 282 312 316 271 254 252 255 264 272 277 280 281 281 278 265 257 263 275 284 290 290 291 295 296 290 289 292 299 311 322 326 329 332 335 337 337 327 306 290 284 282 279 273 269 269 268 267 267 268 267 265 263 265 267 270 272 273 273 270 268 270 273 274 271 271 274 278 280 281 282 277 274 275 280 286 290 287 280
289 278 271 269 267 265 262 261 259 261 268 273 270 261 261 272 288 320 340 294 267 257 254 260 271 279 279 277 279 285 277 262 262 271 281 288 290 290 290 289 290 292 296 300 307 319 328 333 332 334 339 342 338 318 295 285 282 280 275 271 269 268 268 267 267 268 266 264 264 265 266 267 268 271 272 270 268 270 273 272 271 272 276 277 277 277 275 276 280 284 287 288 284 277
303 282 272 268 267 265 260 258 261 268 277 280 273 260 261 273 288 322 351 322 291 276 267 264 266 273 277 274 277 287 287 271 262 266 277 288 293 291 286 286 292 296 298 298 302 315 326 330 329 330 337 345 347 333 304 286 281 280 278 273 270 268 268 268 268 267 266 265 264 263 263 263 263 266 271 273 270 268 270 272 271 273 276 275 272 273 276 279 282 285 285 283 280 278
321 285 271 267 266 265 263 261 266 271 277 282 279 267 265 271 282 315 345 334 311 293 284 273 267 269 273 273 277 286 290 280 268 268 276 285 291 290 284 288 295 297 296 295 297 306 318 324 326 329 336 347 354 346 319 291 282 280 279 275 273 271 270 269 268 267 266 266 264 263 263 263 261 261 264 270 272 268 267 269 272 275 276 274 270 273 278 281 282 283 282 280 279 281
340 290 270 267 268 268 269 270 272 272 272 278 287 280 268 266 273 301 334 335 321 302 291 284 278 273 275 277 278 281 288 292 290 284 281 280 282 284 285 290 295 294 292 290 291 298 312 321 327 331 337 350 359 357 334 298 283 280 279 277 275 275 273 271 268 266 266 264 263 263 264 263 262 259 260 263 268 268 267 269 272 274 275 274 273 276 280 281 281 280 279 278 279 279
359 302 272 269 271 271 272 275 276 275 270 273 289 288 272 264 270 289 320 331 326 310 297 291 287 283 282 282 280 283 291 300 300 292 283 276 274 279 286 289 288 285 284 285 288 294 305 315 324 331 336 351 2 5 348 306 285 280 279 277 276 277 277 274 269 265 264 262 261 262 264 265 263 262 259 258 260 264 267 269 270 270 271 273 277 280 282 282 280 278 277 277 275 274
17 316 274 270 272 273 273 276 279 278 272 274 289 294 277 267 269 280 305 325 328 317 305 296 290 288 287 287 288 291 292 295 294 288 281 276 274 277 285 286 279 276 279 284 288 292 298 309 321 328 334 347 3 11 0 314 287 280 279 277 277 277 275 270 265 264 265 265 263 263 264 265 266 266 262 257 255 258 263 266 268 269 271 274 278 282 284 283 279 277 276 275 271 269
35 332 283 273 269 270 271 275 279 281 275 276 288 303 286 269 267 274 291 313 324 318 309 300 294 291 290 291 294 294 292 288 286 284 280 277 277 276 278 284 279 273 273 278 282 286 294 305 319 325 332 344 2 16 12 325 289 281 279 277 274 270 264 259 255 260 268 275 276 270 266 265 267 269 266 260 254 253 256 261 265 268 272 275 280 284 285 283 278 276 276 273 269 271
39 332 293 280 268 264 265 267 272 279 277 278 289 311 297 274 265 267 277 291 307 312 309 303 295 292 292 294 295 294 294 291 286 284 281 277 277 272 271 282 283 275 268 266 272 279 286 296 308 315 323 336 0 22 18 334 291 280 276 272 265 257 254 253 254 260 268 278 286 282 272 268 269 270 271 267 259 254 254 256 260 266 272 278 281 284 285 281 277 276 276 273 269 274
29 326 296 286 272 265 262 260 262 267 273 280 290 312 304 282 266 259 261 273 287 298 302 299 294 294 293 293 295 297 299 294 287 285 282 277 276 272 268 276 285 279 266 260 263 271 277 285 296 304 311 323 360 30 23 337 288 275 270 264 255 251 255 259 262 265 266 270 281 288 282 276 274 273 273 273 269 263 258 256 257 262 270 276 279 281 282 278 275 276 276 274 272 277
16 319 295 289 278 270 266 260 259 260 265 275 288 303 302 289 271 256 252 262 277 287 294 295 294 292 291 296 302 304 305 296 288 287 283 277 275 276 270 270 282 284 271 261 259 263 270 278 290 298 303 313 359 39 38 335 275 265 264 261 254 257 263 265 267 268 266 264 267 278 284 281 279 278 277 279 281 277 269 263 259 260 263 269 272 275 275 272 272 275 277 281 280 281
2 311 294 292 284 274 268 264 262 260 260 265 274 287 293 290 278 262 251 255 266 281 290 291 290 292 299 308 311 314 313 297 288 287 284 277 275 279 273 270 277 286 280 267 260 260 265 272 283 291 293 299 355 54 60 355 260 258 259 261 263 266 267 267 267 267 266 263 261 264 273 279 281 284 285 286 288 288 281 274 268 263 260 260 265 269 267 266 269 275 282 288 285 284
