windninja/windninja_output/Output_2025-10-23_1200-1250_Google earth_Fire_150m_10min/merlingen_7.5mi_point_10-23-2025_1210_150m_ang.asc
ncols	158
nrows	163
xllcorner	391686.332397
yllcorner	5160024.123721
cellsize	150.000000
NODATA_value	-32768.000000
[rows 42 to 83 of 163, columns 0 to 93 of 158]
222 222 222 223 223 224 224 225 226 226 226 227 227 228 229 229 230 230 231 232 233 233 234 236 237 238 240 243 246 251 253 252 251 246 238 232 234 240 242 241 240 240 239 241 243 242 239 239 241 247 254 255 251 250 252 251 247 245 247 248 246 244 246 245 245 252 257 257 256 251 244 246 251 251 260 262 246 212 218 236 243 245 251 257 263 261 252 248 255 262 266 263 258 261
225 225 225 224 224 225 225 225 226 226 226 226 227 228 229 229 230 231 232 233 233 234 235 236 237 238 240 243 246 250 252 251 249 245 240 237 240 244 243 242 243 243 245 247 245 240 240 242 246 253 258 255 248 245 248 249 246 244 245 249 251 254 255 252 251 255 259 258 252 240 236 242 245 247 254 252 230 206 215 236 245 250 259 265 264 254 242 244 252 259 264 263 263 265
227 227 227 226 226 226 226 226 226 226 226 227 227 228 229 229 230 231 232 232 233 234 235 236 237 238 240 242 245 248 250 250 249 247 245 247 252 252 249 247 246 248 251 251 244 239 241 246 252 257 257 251 243 239 241 243 243 243 246 251 254 258 261 262 264 263 261 258 249 238 237 241 242 243 245 239 218 204 217 239 251 260 266 266 258 244 240 245 251 257 262 265 270 269
230 229 228 228 227 227 227 227 227 227 227 227 228 228 229 229 230 231 232 232 233 234 235 236 238 239 241 242 244 246 248 249 249 249 250 257 262 260 256 253 251 253 254 250 240 238 244 252 258 258 253 246 241 237 239 242 242 246 251 255 257 260 264 269 272 269 264 258 250 246 247 246 245 244 240 232 213 204 222 243 258 266 267 260 248 242 244 248 251 255 261 268 273 270
232 231 230 229 229 229 229 228 228 228 228 228 228 228 229 229 230 231 232 232 233 234 235 236 238 240 241 242 244 246 248 250 251 251 254 258 263 265 262 258 258 257 255 247 239 243 251 257 259 254 248 243 238 237 240 242 245 252 259 262 262 263 268 272 271 268 263 256 249 250 253 251 249 245 238 228 214 209 230 249 260 264 261 254 247 246 249 251 251 253 260 269 272 267
233 233 232 231 231 232 232 230 229 229 228 228 228 229 229 230 231 231 232 233 234 235 236 237 239 240 241 242 244 246 248 250 252 254 258 260 263 266 266 265 263 261 255 245 241 250 259 260 256 248 244 239 235 238 240 242 249 257 264 268 268 267 269 270 269 266 260 255 250 250 252 252 249 244 236 227 218 220 239 253 259 259 256 253 250 251 253 253 253 255 261 266 268 263
235 234 233 232 232 234 234 232 231 230 230 229 229 229 230 231 231 232 233 234 234 235 236 238 239 240 241 242 244 245 247 250 252 255 258 261 264 266 269 270 268 264 256 248 248 256 261 258 251 243 238 235 238 242 243 247 255 263 267 269 269 268 267 267 267 265 260 255 251 251 251 250 248 242 234 227 224 230 243 252 255 257 257 254 252 253 254 254 257 260 260 261 260 258
237 236 234 233 234 236 236 234 232 231 231 230 230 230 231 232 232 233 233 234 235 236 237 238 239 240 241 242 244 245 247 249 251 254 257 260 264 266 269 271 270 266 262 257 259 262 260 254 247 238 231 235 241 245 247 254 262 268 269 265 264 264 263 264 266 265 260 255 252 250 250 248 245 239 233 229 229 234 242 249 253 255 256 255 255 255 255 257 261 260 257 255 254 254
239 238 235 233 235 236 235 235 233 232 232 231 231 231 231 232 232 233 234 234 235 236 237 238 239 240 241 242 244 246 247 249 251 253 256 260 265 267 268 269 268 268 267 266 266 265 259 251 244 236 234 242 247 248 252 260 267 268 265 260 259 260 261 265 266 264 259 255 252 251 250 247 243 238 235 234 234 236 241 248 252 254 255 255 256 258 259 261 261 258 254 251 249 249
243 241 236 234 235 235 234 234 234 233 232 232 232 232 232 233 233 234 234 235 236 237 237 238 240 241 241 243 244 246 247 249 251 253 256 260 265 268 268 268 268 270 271 271 270 265 257 246 240 239 243 251 254 255 260 267 269 264 257 254 255 257 263 266 266 263 258 253 251 250 249 246 242 238 238 239 238 239 243 248 251 252 255 257 259 261 263 262 259 256 252 248 246 246
246 243 237 237 238 237 235 235 235 233 232 233 233 233 233 234 235 235 235 236 237 237 238 239 240 241 242 243 245 246 248 249 251 253 255 258 262 266 269 270 270 271 273 275 271 265 255 242 239 242 248 252 255 259 267 270 267 259 252 250 253 258 265 267 265 261 256 250 248 248 247 244 241 239 241 243 243 244 248 250 249 249 253 258 262 265 264 262 259 255 250 247 245 245
245 243 239 238 239 238 235 236 236 235 234 234 234 234 234 235 235 236 236 237 238 238 239 240 241 242 243 244 245 246 248 249 251 253 255 257 260 264 268 271 272 272 273 275 272 263 253 244 245 249 251 253 255 260 267 269 263 254 249 250 254 261 266 267 263 258 252 246 246 247 245 242 239 240 243 244 244 248 254 254 250 250 252 255 259 264 266 263 258 253 250 248 246 247
243 242 240 239 239 237 235 236 237 237 236 236 236 236 236 236 236 237 237 238 239 239 240 241 241 242 243 244 246 247 248 249 251 253 255 257 259 262 266 271 274 274 273 273 272 266 257 253 257 256 252 255 259 263 266 265 258 250 248 251 256 262 267 266 261 255 248 241 242 244 242 238 238 241 244 245 245 249 256 257 254 254 253 251 252 257 262 263 258 252 251 252 252 254
242 242 242 242 244 242 239 238 238 238 238 238 238 238 238 238 238 238 238 238 239 240 241 242 242 243 244 245 246 247 248 250 251 253 255 256 258 261 264 268 273 275 272 272 274 274 270 268 267 260 255 258 262 264 266 262 252 247 251 255 260 265 266 264 259 252 244 240 242 241 237 235 240 245 246 246 246 252 256 258 258 258 255 251 250 250 251 252 253 253 255 258 262 268
244 244 243 242 245 246 245 242 240 240 239 238 240 241 240 239 240 240 240 240 240 241 242 242 243 244 245 246 247 248 249 250 251 253 254 256 258 260 262 266 269 272 272 272 275 279 281 279 274 266 261 262 263 265 266 259 248 249 255 261 265 267 264 260 255 249 243 241 242 239 234 237 244 246 247 246 248 255 257 258 259 258 256 253 251 248 244 242 244 251 260 268 279 287
246 245 244 242 241 243 244 244 243 242 239 236 238 241 242 241 241 241 241 241 242 242 242 243 244 244 245 246 247 248 249 251 252 253 254 256 258 259 261 264 266 268 271 273 275 279 284 286 282 276 269 266 266 268 265 257 249 253 260 266 268 266 263 258 252 245 240 239 238 236 238 243 246 246 247 248 251 256 257 256 255 255 255 253 252 249 246 242 243 251 265 282 295 296
247 246 245 243 242 241 242 243 244 245 241 236 237 240 243 244 244 243 242 242 243 244 244 244 245 245 246 247 248 249 250 251 252 253 255 256 257 259 261 262 264 266 269 271 274 278 282 288 290 289 282 272 270 270 265 257 253 260 266 269 268 265 261 256 250 243 238 233 231 236 243 247 247 249 250 251 255 258 256 253 250 250 251 250 250 249 248 248 252 264 280 290 296 295
247 246 245 245 244 243 243 243 245 247 245 240 238 239 242 244 246 246 244 244 244 244 245 245 245 246 247 248 249 250 250 251 253 254 255 256 257 259 260 262 263 265 267 270 272 275 279 284 291 298 298 284 275 271 265 258 258 267 271 270 268 264 260 255 249 243 236 227 228 240 247 248 250 252 253 254 258 258 254 250 247 247 248 246 246 247 249 256 268 282 288 289 289 286
247 247 246 246 246 246 246 246 247 248 247 243 240 240 239 241 244 247 247 246 245 245 246 246 246 247 248 249 249 250 251 252 253 254 255 256 257 259 260 261 263 265 266 268 270 273 276 281 288 298 306 295 281 273 266 260 263 271 272 271 268 265 260 255 249 244 237 224 232 246 250 252 255 256 255 257 258 255 250 247 246 247 247 245 244 247 254 266 281 289 289 285 281 273
248 248 247 247 246 246 247 248 248 247 246 244 243 242 239 239 241 245 248 248 248 248 247 247 247 248 249 250 250 251 252 253 253 254 255 256 257 259 260 261 262 264 265 267 269 272 274 278 284 293 303 300 287 277 269 264 268 272 272 271 268 265 261 257 251 246 236 225 240 251 253 256 259 259 258 259 256 251 247 246 246 246 246 246 248 254 266 279 286 289 287 281 271 256
250 250 249 249 248 247 247 248 248 248 248 247 247 245 242 240 240 242 245 248 250 250 249 248 248 249 250 251 251 252 253 253 254 255 256 257 258 259 260 261 262 264 265 267 269 271 273 276 280 287 296 300 291 282 274 270 272 273 272 271 269 266 264 259 253 246 234 231 247 255 256 258 261 261 259 258 253 249 246 245 245 245 246 249 254 264 277 288 289 286 281 271 256 245
252 252 252 251 250 249 249 248 248 248 248 249 249 248 246 243 241 241 242 245 249 251 250 249 249 250 251 252 252 253 253 254 255 255 256 257 258 259 260 261 262 263 265 266 268 270 272 275 278 283 290 297 292 286 281 275 273 273 273 272 270 268 263 257 254 249 240 245 255 258 258 261 263 262 260 255 251 249 246 243 244 244 246 254 262 273 285 290 288 280 267 257 247 239
254 254 254 253 253 253 252 251 250 249 249 250 250 249 248 247 244 242 241 243 246 249 251 251 251 251 252 253 253 254 254 255 255 256 257 258 258 259 260 261 262 263 264 266 267 269 271 273 276 280 286 292 292 289 288 282 274 273 274 275 273 266 257 255 257 256 255 261 262 260 260 262 264 262 259 254 252 249 243 240 241 244 251 260 270 281 286 286 281 268 255 247 239 233
253 252 252 253 253 253 253 253 253 252 251 252 252 251 250 250 249 245 242 242 243 245 249 252 253 253 253 253 253 255 255 256 256 257 257 258 259 259 260 261 262 263 264 265 267 268 270 272 274 277 281 287 290 289 291 291 280 274 273 273 270 258 253 257 261 262 266 267 265 264 264 264 264 262 259 257 255 249 240 239 243 250 260 269 278 283 283 279 269 254 245 238 231 228
248 248 249 251 253 253 251 250 250 252 253 253 252 252 252 251 251 250 246 244 243 242 245 249 252 254 255 254 254 255 256 256 257 258 258 259 259 260 261 261 262 263 264 265 267 268 269 271 273 275 278 282 286 288 291 294 288 278 272 268 263 256 260 263 263 264 266 267 267 267 267 267 265 262 260 259 256 248 240 241 250 261 272 280 281 279 276 269 253 243 235 228 225 222
241 242 243 245 249 252 250 247 248 251 253 253 250 251 253 252 252 252 251 249 245 241 242 245 248 252 255 256 257 257 257 257 258 258 259 259 260 260 261 262 262 263 264 265 266 267 269 270 272 274 276 278 281 284 288 291 291 284 274 268 265 269 273 270 267 264 263 264 267 269 270 269 266 264 262 259 256 249 243 251 262 272 279 282 279 273 266 253 243 236 227 222 220 218
236 240 240 239 242 244 242 240 245 250 252 251 250 249 249 251 252 253 254 253 249 246 245 244 244 246 250 255 259 260 260 259 260 260 260 260 261 261 261 262 263 263 264 265 266 267 268 270 271 273 274 276 278 280 283 285 287 285 280 274 274 281 282 278 272 267 263 264 267 269 270 269 268 267 264 262 259 253 253 263 272 276 276 273 275 269 257 243 237 228 222 217 217 219
246 251 251 246 244 242 236 233 241 245 245 242 242 242 242 244 248 252 254 254 252 251 250 248 244 241 246 253 258 261 263 262 262 261 261 261 261 262 262 262 263 264 264 265 266 267 268 269 270 271 273 274 276 277 279 280 281 282 281 279 280 286 287 284 279 273 270 269 269 269 268 269 271 269 266 265 263 263 267 273 275 275 268 267 275 269 252 239 231 222 216 214 216 221
255 261 267 266 262 254 246 243 248 248 244 239 238 238 238 239 242 247 250 253 254 254 254 253 247 241 245 250 254 258 261 264 264 263 262 262 262 262 263 263 263 264 264 265 266 267 267 268 270 271 272 273 274 275 277 277 278 279 279 279 281 284 286 285 283 282 280 277 274 271 269 271 271 269 266 264 266 271 276 277 273 268 265 271 274 267 247 233 225 218 213 214 218 222
257 261 269 272 271 267 263 264 265 260 253 249 249 246 244 243 243 244 246 248 251 254 255 254 249 244 246 248 250 253 257 261 264 266 265 264 264 263 263 263 264 264 265 265 266 266 267 268 269 270 271 272 273 274 275 276 276 277 277 278 279 281 282 283 285 286 286 283 281 279 279 276 272 268 265 265 268 273 277 274 270 266 271 277 272 257 237 226 219 216 215 217 222 225
259 262 267 269 270 269 270 273 274 267 260 259 259 257 255 252 250 249 247 246 247 251 253 253 251 249 250 249 248 250 253 256 260 265 266 266 265 264 264 264 264 265 265 265 266 267 267 268 269 269 270 271 272 273 274 274 275 275 276 276 277 278 280 281 283 284 286 286 286 289 289 284 275 268 267 269 271 273 273 270 270 274 279 279 268 244 226 220 218 219 219 224 228 232
261 263 268 269 270 270 271 273 273 268 263 262 261 260 259 258 257 257 254 251 250 250 251 252 251 251 254 253 250 250 250 252 256 260 265 267 266 266 265 265 265 265 265 266 266 267 267 268 268 269 270 271 271 272 273 273 274 274 275 276 276 277 278 279 280 281 282 284 287 290 292 289 281 276 276 277 277 275 273 272 276 282 284 276 258 233 220 217 222 223 224 230 236 251
263 265 270 272 272 273 273 273 271 269 267 265 263 261 261 260 260 259 259 258 256 255 253 253 252 253 254 254 252 251 251 252 254 257 261 264 265 266 267 266 266 265 265 266 266 267 267 268 268 269 270 270 271 271 272 273 273 274 274 275 275 276 277 278 278 279 280 282 284 287 288 289 288 289 289 287 285 281 278 280 285 287 282 267 243 224 217 219 226 228 233 237 250 283
264 266 270 275 276 276 276 275 273 271 270 268 266 264 264 263 262 261 260 260 259 258 257 256 255 255 256 256 255 253 252 253 254 256 258 261 264 266 267 267 266 266 266 266 266 267 267 268 268 269 269 270 271 271 272 272 273 273 274 274 275 275 276 276 277 278 280 281 282 283 285 287 290 296 298 295 292 288 286 290 291 285 273 253 229 216 217 223 229 235 246 256 279 288
263 265 270 275 279 281 281 279 277 275 273 271 269 268 267 265 264 263 262 261 260 260 259 258 257 256 258 260 259 255 253 253 254 255 257 261 264 266 267 267 267 266 266 266 266 267 267 268 268 269 270 270 271 271 272 272 272 273 273 274 274 275 275 276 277 278 279 280 281 282 283 286 289 294 300 300 299 298 297 294 288 278 260 239 221 218 224 228 234 247 264 290 296 289
264 265 267 272 280 284 285 284 282 280 278 275 272 270 269 268 267 266 264 263 262 261 261 260 257 255 259 263 263 260 255 253 254 255 257 260 263 265 267 268 268 267 266 266 267 267 268 268 269 269 270 270 271 271 271 272 272 272 273 273 274 274 275 275 276 277 278 279 280 281 283 285 287 291 297 301 304 308 304 292 282 267 247 232 227 233 240 241 250 269 290 302 298 288
266 264 260 266 279 287 289 289 288 287 283 278 274 272 271 270 269 268 266 264 263 263 263 261 256 254 259 263 265 263 258 255 254 255 257 258 260 263 265 268 269 267 267 266 267 267 267 268 269 270 270 271 271 271 272 272 272 272 273 273 273 274 274 275 276 276 277 278 279 280 282 284 286 289 293 298 305 312 307 291 276 256 237 234 235 241 248 259 279 289 294 296 294 285
263 258 251 257 272 286 294 295 293 293 289 281 276 273 272 271 270 269 268 266 265 264 264 262 259 257 259 261 263 263 261 258 256 256 257 258 258 259 262 266 269 268 267 267 267 267 268 268 269 270 271 272 272 272 272 272 272 272 272 273 273 274 274 275 275 276 277 278 279 280 281 283 284 287 290 295 302 311 309 292 273 250 240 241 241 244 258 280 289 291 290 288 286 283
256 252 249 254 265 279 296 298 296 296 291 282 276 274 273 271 271 270 269 267 266 266 265 264 262 262 262 261 261 262 264 263 259 257 256 257 257 256 258 261 265 267 267 267 267 267 268 268 270 272 273 273 273 273 273 272 272 273 273 273 273 273 274 274 275 276 276 277 278 279 280 282 284 286 288 292 299 307 307 296 278 259 254 250 247 256 279 291 291 288 285 283 281 280
253 255 258 264 274 279 284 289 290 289 286 280 275 273 272 272 271 270 270 269 268 267 266 266 265 265 265 263 262 263 265 266 264 260 256 254 254 256 257 258 259 262 264 265 267 268 268 268 270 274 277 277 275 274 273 273 272 273 273 273 273 274 274 274 275 275 276 277 278 279 280 281 283 285 287 291 296 302 306 304 297 280 267 258 260 278 292 293 290 286 283 281 278 277
265 266 271 279 282 276 266 267 272 273 274 273 272 271 271 271 270 270 271 271 270 269 268 267 266 267 267 266 264 264 265 267 266 264 261 256 254 256 257 257 256 256 259 261 263 266 267 268 270 273 277 279 278 276 274 273 273 273 273 273 273 274 274 274 275 275 276 276 277 278 279 281 282 284 286 289 293 299 305 310 316 303 277 273 286 294 294 292 290 286 282 279 276 275
270 274 278 279 275 265 260 257 257 259 263 267 270 269 269 269 269 270 271 272 273 272 271 270 270 270 269 268 266 264 265 265 265 265 264 262 259 258 258 258 257 257 259 260 262 264 266 268 270 270 272 275 277 277 275 273 273 273 273 273 273 274 274 274 275 275 276 276 277 278 279 280 282 284 286 288 292 297 304 313 327 329 301 295 299 297 293 289 288 285 281 278 275 274
