windninja/windninja_output/Output_2025-10-23_1200-1250_Google earth_Fire_150m_10min/merlingen_7.5mi_point_10-23-2025_1250_150m_ang.asc
ncols	158
nrows	163
xllcorner	391686.332397
yllcorner	5160024.123721
cellsize	150.000000
NODATA_value	-32768.000000
[rows 0 to 41 of 163, columns 0 to 93 of 158]
263 264 265 266 267 271 273 269 267 267 266 258 244 237 241 251 262 267 270 279 284 273 258 255 260 265 264 258 254 254 253 253 253 252 250 254 258 259 259 257 252 250 250 252 254 256 259 260 253 246 242 240 239 239 238 238 237 237 239 238 236 234 232 231 227 225 226 230 233 235 233 232 230 229 228 228 230 232 234 232 231 229 229 232 234 233 229 228 229 227 226 227 225 224
264 265 267 268 270 271 270 270 270 270 267 260 246 241 246 254 262 268 273 278 281 277 265 259 260 262 262 259 258 256 255 254 253 253 253 255 255 256 256 254 252 251 250 250 252 252 253 254 252 249 246 244 243 242 240 239 237 237 238 238 236 234 233 231 229 227 229 232 234 234 232 231 230 229 229 229 229 231 232 231 229 229 230 232 233 232 229 228 230 229 228 229 228 226
265 267 269 270 271 270 268 269 272 273 271 263 253 251 253 258 263 267 272 274 274 278 277 267 260 258 258 259 259 257 256 256 255 255 256 255 253 252 252 251 251 251 249 250 250 248 247 246 246 246 246 245 243 242 240 239 238 237 237 236 234 233 232 232 230 230 232 234 235 233 231 230 230 230 230 229 228 230 231 228 225 228 231 230 231 230 226 225 227 228 230 230 228 227
265 266 267 269 270 270 270 272 274 275 272 265 259 259 261 264 266 267 268 268 269 273 278 273 263 258 255 255 254 253 254 255 256 257 256 255 253 252 251 251 250 249 249 249 248 246 245 242 240 239 240 239 238 238 238 238 238 238 237 236 234 232 232 232 231 231 232 234 236 234 230 230 231 232 231 230 229 231 231 228 223 226 229 228 230 230 222 220 222 222 224 226 224 222
267 267 266 267 269 271 275 277 277 274 269 265 263 265 268 268 267 267 266 264 265 270 277 278 269 261 255 252 249 249 249 250 252 255 255 253 252 252 251 250 249 247 248 247 245 244 243 241 239 238 236 236 237 237 237 238 238 238 237 236 235 233 232 232 231 231 232 235 236 233 231 232 233 232 231 232 233 234 232 228 225 227 229 227 230 231 224 218 218 217 218 220 219 216
270 270 269 268 270 273 277 279 277 272 268 269 270 271 272 270 267 265 264 264 265 270 277 283 277 268 260 254 251 249 248 248 249 249 249 249 250 250 250 248 247 247 248 246 245 244 242 241 240 238 235 235 237 238 238 238 239 238 237 236 235 233 232 232 232 231 232 234 235 232 230 232 233 231 228 230 232 234 232 229 228 230 231 229 230 231 228 223 221 218 216 217 215 211
271 272 274 273 273 274 276 276 274 271 271 273 277 276 273 271 267 263 262 263 264 267 274 283 284 275 266 261 257 252 250 251 250 247 246 247 248 248 247 246 246 247 247 247 246 245 243 242 240 237 235 235 236 237 238 239 239 238 237 235 233 230 229 230 231 231 231 234 234 230 227 230 230 227 225 227 229 230 227 226 229 230 230 230 231 232 231 230 228 224 221 220 218 215
271 272 275 277 277 275 275 273 272 273 276 279 282 279 274 272 269 265 263 263 263 265 268 277 284 280 272 267 262 256 255 255 253 250 249 249 249 248 247 246 247 247 247 247 247 246 244 243 240 237 236 237 236 235 238 240 239 238 237 235 232 228 226 227 229 230 231 233 233 229 227 229 229 226 225 227 230 230 225 225 231 232 228 228 228 229 230 229 228 227 228 228 228 226
271 272 274 277 278 277 275 273 273 276 280 284 288 284 276 272 270 268 265 263 264 264 265 269 277 282 276 269 264 260 261 260 255 253 254 254 251 249 248 248 248 248 248 248 247 246 245 244 242 238 237 239 237 236 239 240 238 237 236 234 233 231 228 228 229 230 232 232 231 228 229 232 231 229 227 228 231 230 225 227 234 234 228 224 223 222 223 223 220 216 216 218 222 221
272 272 274 276 277 277 275 275 276 278 281 286 291 288 279 273 271 270 268 265 265 264 263 265 268 276 277 269 265 264 263 261 257 256 255 254 252 250 249 249 249 249 249 248 248 247 245 245 243 239 240 241 238 240 242 242 240 239 238 237 237 237 235 234 235 235 234 232 229 228 231 234 233 231 230 230 232 230 225 227 231 232 229 224 224 222 221 220 215 211 211 213 214 213
273 274 274 275 276 276 276 277 278 280 282 286 291 291 284 276 273 273 272 270 267 264 263 263 263 266 270 267 264 264 263 260 259 259 257 253 251 250 249 249 248 248 248 248 248 248 247 246 245 243 246 245 243 245 247 247 246 246 245 243 244 245 243 244 246 244 240 236 230 231 234 235 233 230 230 231 234 233 226 225 226 227 227 225 227 225 224 225 220 214 216 219 217 214
274 275 275 275 276 277 278 278 279 281 282 285 289 292 287 281 277 275 274 274 271 267 264 261 261 260 260 262 264 264 263 261 260 261 258 254 252 251 251 250 249 248 247 246 246 247 247 247 248 249 254 255 254 256 257 256 253 252 251 251 253 255 256 260 261 257 251 243 235 235 236 234 232 228 226 227 228 228 225 223 224 225 224 222 222 220 222 227 223 215 221 227 224 219
275 275 276 276 277 278 279 279 280 281 282 284 287 290 288 284 282 279 276 275 274 271 266 262 259 255 255 259 263 263 262 261 261 260 257 255 254 254 253 251 249 249 246 244 245 244 243 244 249 254 259 261 262 264 266 266 262 256 253 254 259 262 267 274 276 272 266 257 246 241 238 235 233 228 222 221 221 222 221 219 221 224 223 222 222 218 222 227 221 213 221 230 228 224
275 276 277 277 278 279 279 280 280 281 283 284 286 288 287 284 284 284 280 277 275 271 267 262 257 254 254 258 260 261 262 262 262 259 256 255 255 255 254 251 251 250 248 248 249 248 243 241 245 252 256 259 260 262 267 270 269 261 252 251 256 259 263 270 275 276 276 276 273 258 244 239 236 230 223 223 225 227 225 222 223 225 225 226 226 223 225 229 225 219 227 235 234 233
276 276 277 278 279 279 279 280 281 282 283 285 287 289 286 283 283 285 284 279 274 270 265 261 257 256 256 257 258 258 259 261 262 259 257 256 254 253 252 252 253 251 251 254 255 253 250 246 242 243 248 251 251 253 257 261 263 258 247 246 250 252 254 254 255 261 267 273 283 288 263 247 240 234 229 230 234 234 233 233 234 231 231 232 231 230 233 234 231 230 239 247 247 247
277 277 278 279 279 280 280 281 281 282 284 285 288 291 289 283 281 282 283 279 274 270 265 261 258 258 258 257 256 257 258 259 257 256 256 256 255 253 252 252 253 251 250 253 252 249 250 251 247 242 242 241 240 242 243 243 245 244 239 243 247 248 248 243 241 246 251 256 263 281 290 266 251 241 235 235 236 237 238 240 240 237 238 240 239 239 240 241 239 239 244 250 251 251
277 278 279 279 280 281 281 282 282 283 284 285 288 292 293 286 280 278 278 277 274 270 266 262 260 259 258 256 256 256 258 257 253 252 253 255 256 255 252 251 250 248 248 248 246 245 245 245 247 247 244 239 237 238 237 237 238 236 234 240 245 247 245 239 238 242 245 248 250 253 270 280 268 255 243 239 236 237 240 241 238 238 241 243 245 248 247 248 250 247 242 243 243 244
278 279 279 280 281 281 282 283 283 284 284 286 287 290 292 288 281 277 275 274 272 269 266 264 262 259 257 258 258 258 257 253 248 247 248 251 252 251 249 248 247 247 248 247 245 245 244 242 242 246 246 242 239 238 238 237 237 235 232 237 242 244 241 237 238 241 243 244 244 244 248 257 264 264 256 244 238 239 243 244 242 243 244 245 247 249 250 248 250 252 246 242 239 240
279 279 280 281 281 282 283 283 284 284 284 285 286 288 290 288 282 278 274 271 269 267 267 266 263 260 258 259 259 258 254 248 244 243 246 248 249 250 248 248 248 248 248 247 245 245 247 245 243 244 246 246 243 240 238 237 236 235 234 237 241 241 239 236 238 240 242 242 240 241 241 237 241 249 252 252 251 252 253 251 252 253 250 245 242 241 241 242 245 248 248 243 241 239
280 280 281 282 282 283 284 284 284 285 284 285 286 287 287 285 282 277 274 271 269 268 267 265 263 261 259 258 257 255 250 245 243 245 248 250 251 251 249 248 247 245 245 244 244 245 247 246 245 246 246 246 245 242 239 237 235 236 236 238 240 242 241 240 241 242 243 240 238 238 235 230 231 235 235 239 247 253 255 253 253 253 249 243 239 237 237 238 242 245 242 236 239 240
281 281 282 283 283 284 284 284 285 285 285 285 285 285 285 283 280 277 275 272 270 268 267 265 262 260 258 256 254 251 247 242 242 245 248 249 249 248 246 245 243 243 243 243 245 246 246 245 244 246 246 245 245 245 243 240 237 236 237 238 239 241 243 242 242 243 241 239 238 236 231 228 231 234 232 226 227 234 240 245 247 246 244 241 238 238 237 237 241 244 239 230 234 239
282 282 283 283 284 285 285 285 285 286 286 285 285 285 284 282 280 277 275 273 271 268 266 264 262 259 256 254 252 250 245 240 241 246 247 246 246 245 243 242 241 241 242 244 246 247 247 245 244 244 244 244 244 244 244 243 241 239 237 236 236 240 242 241 241 242 239 238 238 234 229 227 231 236 234 221 217 223 229 235 239 240 240 240 236 235 235 236 241 241 235 223 227 235
283 283 283 284 285 286 286 286 286 286 286 286 285 284 283 282 280 278 275 273 270 268 266 263 260 258 255 252 250 249 245 242 245 248 248 248 247 244 242 242 241 240 241 243 245 247 246 244 242 242 244 244 243 243 243 243 242 241 236 235 236 239 242 241 241 240 237 236 234 230 227 227 231 235 232 218 211 218 224 228 231 232 235 237 234 233 231 233 237 237 231 218 221 232
283 284 285 285 286 286 286 286 286 286 287 287 285 284 283 282 280 278 275 273 270 268 265 262 259 256 252 250 250 250 248 247 249 249 249 249 248 246 244 243 242 241 241 242 245 246 243 242 242 242 244 244 243 243 242 241 242 241 236 234 236 240 244 245 244 239 235 235 233 230 229 229 234 235 229 217 210 218 224 227 228 228 230 233 233 233 231 234 237 237 229 217 221 232
285 285 286 286 287 287 287 287 287 287 287 287 285 284 283 282 280 278 275 273 270 267 264 260 257 253 249 247 250 253 252 252 253 251 249 248 247 247 247 246 244 242 241 243 245 243 240 241 242 243 244 244 243 243 241 240 240 239 235 235 238 242 246 247 245 240 238 235 234 234 234 235 237 235 227 219 218 225 227 227 227 226 226 227 230 232 233 237 240 238 228 216 222 232
286 286 287 287 287 288 288 288 288 288 287 287 286 285 283 281 280 278 275 272 270 266 263 259 255 249 243 244 250 254 254 255 256 253 248 245 243 246 249 248 246 244 243 246 245 240 239 241 241 242 243 244 245 245 243 239 236 235 236 238 242 247 248 244 238 234 232 230 231 234 238 241 240 234 223 217 223 232 230 225 225 224 222 222 225 227 225 229 238 238 225 212 219 228
287 287 288 288 289 289 289 289 289 288 287 287 286 285 283 281 279 277 274 272 269 266 263 258 253 244 238 243 249 251 252 256 259 258 252 245 241 245 249 248 246 246 247 248 244 237 236 239 240 240 239 242 244 245 244 237 231 232 236 240 247 253 251 242 234 230 226 224 227 233 239 243 239 231 219 212 222 232 232 225 225 224 221 221 223 223 219 222 231 234 224 210 215 224
288 288 289 289 290 290 290 290 289 289 288 287 286 285 283 281 279 277 274 271 269 266 263 258 251 242 238 243 246 246 247 253 258 259 257 250 245 247 249 248 246 247 248 245 241 234 233 235 238 238 235 237 239 241 242 231 223 229 235 240 248 254 251 243 236 231 225 222 227 234 241 241 235 227 215 208 220 230 231 226 227 226 225 225 226 225 220 221 228 231 224 212 213 221
289 289 290 290 290 291 291 291 290 289 288 287 285 284 283 282 279 277 274 271 269 266 262 257 251 242 240 244 242 239 241 247 252 254 256 255 249 248 249 247 244 245 244 242 238 232 231 232 235 236 231 233 235 238 236 222 214 226 236 243 249 248 243 237 234 230 224 222 230 238 241 237 229 223 214 210 220 232 234 232 230 228 228 231 233 231 227 227 230 230 226 219 216 221
290 291 291 291 291 292 292 291 290 289 288 287 286 284 283 282 279 277 274 272 269 265 261 257 252 246 246 245 240 234 236 240 244 249 253 251 245 247 248 245 241 240 236 236 233 229 229 230 233 231 225 228 231 233 231 218 212 227 239 248 252 247 238 233 232 231 224 224 236 243 244 236 228 222 215 213 221 232 237 238 236 230 232 236 238 236 233 232 232 229 227 225 223 225
292 292 292 292 292 293 293 292 291 290 289 287 286 284 282 281 279 277 274 272 269 265 261 258 254 252 251 247 239 235 237 240 242 248 251 244 239 245 247 243 239 236 232 232 230 226 229 232 233 230 225 227 229 231 229 219 218 233 244 250 251 245 238 235 235 234 226 228 241 249 248 240 232 225 215 212 217 226 234 238 236 230 233 237 236 233 232 231 231 229 228 229 230 236
293 294 294 294 293 294 294 293 292 290 289 287 285 284 282 280 279 276 274 271 268 266 262 259 256 255 252 247 239 237 242 246 247 251 250 240 238 247 247 242 238 236 233 234 231 229 233 237 238 235 234 234 233 234 231 221 223 237 248 252 248 238 232 234 238 237 229 231 243 249 247 239 234 225 214 212 214 221 230 235 233 226 228 235 237 237 237 236 235 235 234 234 235 241
294 295 295 295 294 295 295 293 292 291 289 287 285 284 282 280 277 275 274 272 269 266 263 260 258 257 253 245 235 235 243 248 249 250 250 242 241 250 248 242 239 236 235 236 235 234 239 241 239 239 241 240 239 238 233 224 225 235 245 251 247 234 224 229 237 239 232 232 241 245 240 232 229 221 212 210 211 218 227 233 231 225 227 234 239 242 244 242 240 240 240 239 238 241
296 296 296 296 295 295 295 294 292 290 289 287 285 283 281 279 276 275 273 271 269 267 264 262 260 257 253 245 236 239 245 247 246 247 249 245 244 248 245 239 238 235 235 237 237 239 243 242 240 242 243 242 242 241 236 231 231 236 240 243 242 230 217 224 234 237 236 236 241 241 234 227 225 218 211 209 209 214 222 228 227 225 228 232 233 234 237 238 235 235 236 238 240 242
298 298 298 298 297 297 296 294 292 290 289 287 284 282 280 278 276 274 273 270 269 267 266 264 261 257 252 246 242 247 252 250 247 247 247 243 239 243 240 236 236 235 236 239 240 244 245 243 243 244 244 244 244 243 241 240 241 242 242 242 239 229 215 219 231 235 237 240 244 242 234 228 225 219 214 211 210 214 221 224 224 223 225 230 230 228 231 233 231 230 231 233 237 241
300 301 300 299 299 298 297 295 292 290 288 286 284 281 279 277 275 274 272 270 268 267 266 265 262 258 253 248 247 254 258 256 252 251 247 240 232 235 237 235 235 236 238 240 242 245 244 243 244 243 242 242 242 242 241 242 243 245 245 245 243 235 219 217 228 233 236 239 245 245 237 232 229 224 220 215 213 221 229 230 226 223 225 230 233 229 228 229 227 226 228 230 234 240
303 303 302 301 300 299 297 295 292 289 287 285 283 280 278 277 275 273 271 269 268 266 265 263 262 260 256 250 249 259 263 261 257 253 248 239 230 229 234 236 236 238 239 240 242 243 241 241 243 242 241 240 239 239 239 239 239 241 242 245 245 239 226 218 225 231 235 238 241 241 237 238 237 230 222 216 215 222 231 235 232 227 227 230 234 234 227 225 225 224 225 229 234 239
306 306 304 302 300 299 297 294 291 288 286 285 282 280 278 276 274 272 270 269 267 266 264 263 262 260 257 252 255 264 265 262 258 253 247 240 230 228 233 236 236 239 240 240 242 242 240 239 239 240 241 240 237 237 239 238 235 235 237 240 241 238 230 221 223 232 239 242 240 233 231 235 235 228 219 217 215 214 224 231 230 227 227 228 233 234 224 219 224 225 225 229 234 238
308 308 306 304 301 299 296 293 291 288 286 284 281 279 277 275 273 272 270 268 267 265 264 263 262 260 259 259 265 266 263 259 255 251 246 237 226 228 235 236 236 238 239 239 239 239 238 235 232 234 237 235 232 234 236 234 230 229 230 232 233 231 227 221 221 233 244 246 239 229 227 228 227 221 215 218 214 203 216 226 224 222 224 227 233 233 223 214 220 224 225 229 238 243
311 311 308 305 302 299 295 292 291 288 285 283 280 278 276 274 273 271 269 268 266 265 264 262 262 261 262 265 268 265 261 259 254 250 244 231 222 228 233 235 237 239 240 238 236 236 236 233 229 232 235 233 226 226 229 226 220 220 223 224 224 224 224 224 223 231 244 246 237 229 228 228 226 220 214 218 212 193 205 219 219 219 224 230 236 235 227 215 215 220 222 229 241 244
315 315 311 306 302 299 296 293 290 288 284 282 280 278 275 274 272 270 269 267 266 265 263 262 261 261 263 265 265 263 261 259 255 250 240 228 224 228 231 233 235 237 239 237 234 234 233 230 226 229 234 232 223 220 224 222 216 216 221 224 223 223 225 228 226 230 241 242 234 230 230 231 230 220 214 219 209 189 196 213 216 217 222 229 235 236 229 217 214 218 220 230 240 243
319 318 314 308 303 299 296 293 289 287 284 281 279 277 275 273 271 270 268 267 266 264 263 262 261 261 261 262 262 262 261 258 254 247 235 227 229 232 234 233 232 233 232 231 231 230 227 223 221 225 232 231 223 220 225 226 222 221 227 230 228 225 226 228 228 229 235 236 231 227 227 228 226 215 212 217 205 189 194 210 217 216 220 225 228 228 222 216 216 219 222 230 237 240
