windninja/windninja_output/Output_2025-08-09_2300-2350_Google earth_Fire_150m_10min/merlingen_7.5mi_point_08-09-2025_2300_150m_ang.asc
ncols	158
nrows	163
xllcorner	391686.332397
yllcorner	5160024.123721
cellsize	150.000000
NODATA_value	-32768.000000
[rows 0 to 41 of 163, columns 0 to 93 of 158]
201 200 198 196 196 197 197 195 195 196 196 196 196 199 203 208 213 211 208 207 201 193 194 197 201 203 202 199 199 200 202 203 205 204 203 207 211 212 213 210 208 208 210 211 212 213 216 213 205 201 201 201 201 203 204 206 207 208 208 208 206 207 207 206 205 204 206 209 211 211 210 210 210 210 210 210 213 216 217 215 214 214 216 219 221 220 217 218 220 218 218 219 218 217
201 200 197 195 196 197 198 198 197 197 195 194 194 197 202 206 206 203 200 200 196 189 191 196 201 203 201 198 199 202 203 204 204 204 203 206 208 207 207 205 205 205 206 207 206 207 208 206 202 201 202 203 204 206 207 207 207 207 208 208 207 207 207 206 205 205 207 210 211 211 209 210 210 209 209 211 213 215 214 213 213 214 216 219 220 219 216 217 220 219 219 220 219 219
200 198 195 194 196 197 199 199 197 194 191 190 191 195 200 203 201 197 196 196 194 188 186 193 201 203 201 199 201 203 205 205 204 203 203 203 204 203 203 202 201 201 202 202 202 201 201 201 200 200 201 203 206 209 208 207 206 206 207 207 206 205 205 205 205 206 208 211 212 211 209 209 209 209 210 210 211 213 213 211 211 214 217 217 218 216 212 213 217 218 219 220 218 217
193 195 195 194 195 195 195 193 191 189 188 188 190 193 197 200 199 197 198 198 197 191 185 189 197 201 201 200 200 201 203 204 203 202 200 201 202 203 202 200 199 198 198 199 199 198 199 200 201 200 199 201 204 205 205 205 205 206 207 207 206 204 205 206 206 206 208 211 213 211 209 209 210 210 211 211 210 213 214 212 209 212 216 214 216 215 208 208 211 212 214 215 213 211
185 190 195 195 195 193 190 189 188 190 191 190 189 192 195 198 200 200 201 202 200 195 187 184 191 196 198 198 198 198 200 201 201 199 198 200 201 201 200 197 196 195 196 196 197 198 199 200 201 201 202 203 204 205 206 206 206 207 206 206 206 206 206 206 206 206 207 211 213 212 211 211 211 211 211 212 213 215 215 213 210 212 215 213 215 216 209 204 205 206 208 210 208 205
183 187 192 194 194 192 189 188 189 192 193 191 188 191 194 198 202 204 205 205 204 199 189 182 184 191 195 197 197 197 198 199 199 199 198 199 198 197 196 195 194 194 195 197 199 201 201 202 202 203 204 205 206 206 207 207 207 206 206 206 206 206 205 206 206 206 207 211 212 211 211 212 212 210 209 211 213 214 214 215 215 215 215 214 215 217 213 206 203 202 203 205 204 200
186 186 187 190 192 191 190 190 192 194 193 190 188 189 195 199 202 205 205 204 204 201 192 181 180 187 192 195 196 196 197 197 198 199 199 197 195 195 195 196 196 197 198 201 202 204 204 204 204 204 205 206 206 207 208 208 207 206 205 204 204 203 204 205 206 206 207 210 211 209 208 210 210 207 206 209 211 212 211 213 215 214 213 214 216 218 217 212 207 202 200 203 203 202
188 188 187 187 189 191 193 195 195 194 191 188 186 189 195 199 200 203 204 203 203 202 197 187 179 183 189 192 193 195 197 197 199 200 199 198 197 197 199 200 200 202 203 204 205 205 205 206 205 205 206 206 206 207 209 208 207 205 204 202 201 200 202 204 206 207 207 209 210 208 206 208 209 207 206 208 212 214 212 212 216 214 210 211 213 215 215 213 209 204 201 204 208 209
187 188 189 188 189 192 195 197 195 192 189 185 183 186 193 198 199 201 202 203 203 202 199 193 184 180 184 189 192 195 197 197 199 201 201 201 201 202 204 205 206 207 207 207 207 206 206 207 206 205 206 207 206 207 209 207 205 204 202 202 202 202 202 205 207 208 207 207 208 207 208 211 212 211 210 210 214 215 213 214 217 215 209 206 206 207 208 208 204 199 197 199 203 203
187 189 190 190 190 192 194 195 193 191 188 185 182 183 191 198 199 199 200 201 201 201 200 195 189 182 182 188 192 193 196 197 198 201 203 204 205 206 208 209 209 209 208 208 208 208 207 208 207 205 207 208 207 207 209 208 206 205 207 208 209 208 205 208 211 210 208 206 207 209 212 214 214 213 212 213 216 215 211 211 213 213 208 203 204 204 204 203 199 197 199 199 198 197
188 189 190 190 191 192 193 192 191 190 188 186 182 182 189 196 198 198 197 198 199 200 199 197 193 188 185 188 192 193 196 199 199 202 206 207 208 208 209 209 209 209 208 209 211 211 209 210 211 209 210 211 209 209 212 214 215 215 218 218 218 217 214 213 214 213 211 210 209 212 215 215 213 212 213 216 218 215 207 205 208 210 209 205 204 202 201 203 201 200 204 204 201 199
188 189 190 191 191 191 191 191 191 190 189 187 184 183 187 192 195 197 196 196 198 199 200 199 196 193 191 192 194 196 199 203 203 204 208 210 210 210 209 209 209 210 210 210 212 213 213 216 219 220 222 222 222 225 229 230 230 230 231 233 235 236 232 226 224 221 219 216 213 213 214 213 212 210 210 211 211 209 202 200 204 207 207 205 201 197 200 205 203 200 206 211 208 203
188 189 189 190 191 191 191 191 191 191 190 188 187 185 187 190 192 194 196 196 197 199 201 202 201 201 199 198 198 200 202 204 204 205 209 212 212 210 209 209 210 211 210 211 213 216 217 222 229 234 236 239 243 248 252 251 246 241 241 245 250 251 251 254 252 244 236 225 212 210 212 213 212 207 202 202 203 203 201 199 201 204 205 204 201 199 202 207 203 198 206 214 212 207
189 189 189 190 190 191 191 191 191 191 190 189 188 188 189 192 192 191 194 196 197 200 203 207 208 206 203 201 200 201 203 205 206 206 208 211 210 210 210 210 213 215 218 222 225 227 225 224 228 233 237 240 243 249 257 261 258 250 242 240 242 241 239 242 250 256 255 243 215 206 210 212 210 204 198 199 202 204 204 203 203 203 204 206 207 205 207 211 209 204 210 220 220 218
189 189 189 189 190 191 191 192 192 191 190 190 188 187 190 194 193 190 191 196 200 203 207 209 209 206 203 201 202 203 206 206 206 206 206 207 209 212 214 218 225 230 236 241 241 238 233 225 221 224 227 228 228 230 234 239 240 233 224 223 224 222 218 217 220 225 226 227 221 194 200 206 207 204 201 203 206 210 213 212 208 205 207 211 213 213 215 218 217 216 224 234 236 236
189 189 189 190 190 191 191 191 192 191 191 190 188 185 187 192 194 193 192 195 200 203 205 207 208 205 201 202 203 203 203 203 202 204 207 212 219 224 228 233 238 238 236 234 230 226 226 223 220 219 219 215 210 210 212 215 216 211 207 211 215 213 211 209 210 213 212 211 210 191 173 196 205 206 205 206 209 215 217 215 211 209 214 219 221 223 226 229 228 228 233 241 242 241
189 189 189 190 190 191 191 191 192 191 191 190 188 185 184 189 194 196 195 196 198 201 203 205 205 204 202 201 202 201 201 203 206 212 221 228 233 235 233 231 228 223 219 219 217 216 217 217 214 212 211 208 205 205 207 211 213 209 201 204 209 211 211 207 207 211 211 208 207 202 187 183 203 205 204 206 210 213 213 213 212 215 221 226 232 237 238 240 241 236 230 231 232 233
189 189 189 190 190 191 191 191 191 191 191 190 189 187 184 188 194 197 198 198 200 202 203 204 205 206 204 202 201 203 205 210 215 221 224 225 224 222 219 217 216 214 215 216 216 215 213 211 207 205 205 205 206 207 209 211 212 208 201 202 208 211 209 206 206 209 211 209 208 207 201 192 194 197 198 204 206 210 214 219 223 225 228 232 237 241 242 240 240 236 228 227 227 227
189 189 189 190 190 191 191 191 191 191 192 191 190 189 187 188 194 198 201 203 204 204 204 205 207 208 206 204 204 208 212 215 217 217 217 218 217 215 214 214 214 214 216 216 215 215 211 206 205 207 207 206 208 209 209 208 208 207 204 203 208 211 210 206 205 207 211 212 210 207 201 195 195 198 197 200 210 221 232 237 239 240 237 233 231 230 230 229 231 231 226 224 226 226
189 189 189 190 190 191 191 191 191 191 192 192 191 191 190 191 195 200 202 204 204 204 203 204 205 206 206 206 207 209 212 214 215 217 219 220 218 215 212 211 211 211 212 212 211 210 208 205 206 210 211 209 207 206 204 204 205 207 207 206 210 214 213 209 207 209 212 212 208 203 199 196 198 201 199 200 213 231 240 241 239 237 232 225 222 223 223 225 229 229 221 215 223 226
189 189 189 189 190 191 191 191 192 192 192 192 192 192 192 193 196 199 200 201 201 202 202 202 203 205 206 207 207 208 209 210 212 214 213 212 211 207 204 205 207 208 210 210 209 208 209 208 207 210 211 209 206 203 202 203 205 207 209 209 211 215 214 209 208 208 208 207 204 202 201 201 203 205 202 199 204 213 221 226 227 225 223 220 218 221 223 224 228 228 219 210 218 225
189 189 189 190 190 190 191 192 192 192 192 193 193 193 193 194 196 197 198 199 200 200 201 202 203 204 206 207 207 208 207 206 207 207 204 204 205 204 203 205 207 208 209 209 209 211 211 209 206 207 208 208 206 204 203 204 205 206 208 211 211 214 214 209 206 205 202 202 203 204 205 206 208 209 204 196 197 205 212 217 220 221 222 219 214 217 219 222 225 225 217 206 212 221
188 189 189 189 190 190 191 192 192 192 192 193 193 193 194 194 195 197 198 198 199 200 200 201 202 203 205 206 207 206 204 201 201 202 203 204 207 208 208 207 208 208 208 210 211 210 207 206 205 205 207 207 207 207 204 203 203 204 205 210 211 213 213 208 203 199 197 201 205 208 208 209 210 210 204 193 191 199 207 212 216 217 218 219 213 212 213 216 221 221 214 204 208 219
189 189 189 189 190 190 191 192 192 192 192 192 193 194 194 194 195 196 197 197 198 199 199 200 201 203 205 208 209 207 203 199 200 204 207 209 212 213 211 208 206 206 208 210 209 206 204 206 206 206 208 209 208 207 204 202 203 203 203 207 211 213 213 207 199 197 199 205 210 213 212 211 212 209 203 195 190 195 203 210 214 215 216 218 215 211 209 214 220 221 215 205 209 219
189 188 189 189 190 190 191 192 192 192 192 192 193 194 194 194 195 195 196 197 198 199 199 200 201 203 206 210 212 209 204 200 201 205 209 211 212 213 211 208 205 204 205 205 205 204 206 208 208 208 208 209 207 206 204 202 203 204 203 205 210 213 210 205 200 201 206 213 217 219 218 214 210 207 204 201 198 197 201 207 212 213 213 215 216 213 210 214 222 223 215 206 211 219
189 189 189 189 190 190 191 192 192 192 193 193 193 193 194 195 195 195 196 197 197 198 199 199 200 202 206 210 212 210 206 203 201 201 205 208 210 212 210 206 203 202 201 202 205 207 208 209 209 208 208 209 208 207 204 202 202 205 207 207 208 207 205 204 203 204 208 213 218 221 219 213 208 207 204 203 206 205 198 200 206 209 209 211 213 212 208 210 219 222 212 202 208 216
189 189 189 189 190 190 191 191 192 192 193 193 193 193 194 195 195 196 196 197 197 197 198 198 199 201 203 208 211 211 209 206 203 200 201 204 207 210 209 204 201 200 198 201 205 205 207 208 207 206 206 209 210 207 202 198 202 208 209 206 203 203 203 206 208 209 209 211 215 217 215 211 207 206 202 200 208 211 200 191 199 205 206 208 210 210 206 208 216 219 209 198 204 213
188 189 189 189 190 190 191 191 192 193 193 194 194 194 194 194 195 195 196 196 196 196 196 197 198 198 200 205 208 209 210 210 206 202 200 201 203 208 209 203 199 198 197 199 201 200 202 205 207 205 204 206 206 204 200 196 199 205 205 201 201 204 207 210 214 214 212 211 212 213 214 212 207 204 200 197 205 212 208 193 193 201 205 207 209 211 208 210 216 218 211 198 199 209
188 188 189 190 190 190 191 191 192 193 194 194 194 194 194 194 195 195 195 195 195 196 196 196 196 195 195 198 203 206 209 210 207 204 199 194 196 202 205 200 196 195 195 196 196 196 199 203 206 204 199 201 204 204 202 194 193 200 203 201 203 207 209 210 213 214 211 209 210 212 213 211 207 204 201 197 203 214 215 205 195 195 202 208 213 216 215 215 218 219 215 205 199 205
188 188 189 190 190 190 191 192 192 193 193 194 194 194 194 194 194 194 194 195 195 195 195 195 194 192 190 193 197 201 204 208 208 203 194 187 189 195 199 195 192 192 193 195 194 194 197 198 201 199 196 198 202 204 203 196 191 197 205 208 208 211 213 213 214 214 209 207 211 214 214 212 210 208 203 199 202 214 220 217 203 192 199 211 218 220 219 218 218 218 217 213 206 205
189 188 189 190 191 190 191 192 193 193 193 194 194 194 194 194 194 194 194 195 195 195 195 194 192 189 187 190 195 199 204 208 206 200 191 185 187 191 194 192 190 191 192 195 195 194 195 194 196 198 198 199 202 207 207 201 198 201 208 214 215 215 218 220 220 215 207 206 215 220 220 218 216 210 201 198 200 209 218 220 211 196 198 210 215 215 214 214 216 218 218 219 217 216
189 188 189 190 191 190 191 192 192 193 193 194 194 194 194 194 194 194 194 194 194 194 194 193 191 188 187 189 194 201 207 206 203 199 193 186 186 190 191 192 192 194 195 198 198 196 196 196 198 203 204 205 208 212 212 205 204 207 213 220 219 214 216 221 222 215 205 206 217 224 223 219 214 206 198 197 200 206 214 218 214 203 200 207 212 214 216 219 221 223 224 224 225 227
189 189 189 190 191 191 191 192 193 193 193 194 194 194 194 194 194 194 193 193 193 193 192 192 190 187 186 187 191 196 198 198 199 202 199 187 185 189 192 195 198 199 199 201 201 200 200 202 206 209 211 211 212 215 214 207 204 209 216 223 222 213 209 215 220 216 203 201 214 222 218 210 205 199 195 196 197 202 211 218 216 209 207 209 213 219 224 225 226 228 229 229 229 230
189 189 190 190 190 191 192 192 193 193 193 193 194 194 194 194 194 194 193 193 193 192 191 190 190 187 186 185 186 188 191 195 199 204 203 188 181 189 195 198 201 201 201 204 204 204 206 209 211 213 214 214 214 216 216 210 205 209 216 221 219 208 201 207 216 216 206 200 210 217 211 204 202 199 196 194 194 198 206 214 216 213 212 212 210 213 219 221 221 223 226 227 229 229
189 189 190 190 191 191 192 192 193 193 193 193 194 194 194 194 194 193 193 193 192 191 190 189 188 187 186 185 183 183 189 195 199 203 202 192 182 189 197 200 202 205 207 209 211 211 213 214 215 216 216 217 218 218 218 215 210 211 217 222 220 208 196 201 213 217 214 206 206 211 209 206 206 202 198 194 193 195 203 211 214 213 213 215 211 209 215 217 216 217 220 221 223 226
189 189 190 191 191 191 192 193 193 193 193 193 193 194 194 194 194 194 193 193 192 191 190 188 187 187 186 185 184 185 187 191 195 197 199 197 191 193 200 204 208 212 213 213 214 214 214 213 213 214 215 216 216 215 214 213 213 214 219 226 225 214 197 196 208 216 216 211 205 207 210 213 212 208 203 197 195 200 209 214 215 213 215 219 218 210 211 215 213 212 214 216 220 226
189 189 189 191 192 193 193 193 193 194 193 193 193 194 194 194 193 193 193 192 192 191 190 189 188 186 185 186 187 186 183 184 189 194 200 202 200 200 207 213 215 215 215 213 212 212 210 210 211 212 213 212 211 210 208 209 211 213 217 223 226 218 201 193 201 212 216 213 209 209 214 221 220 212 203 198 198 205 214 217 216 216 218 221 224 217 206 210 211 208 209 214 220 226
190 190 190 191 193 193 193 193 193 194 193 193 193 194 193 193 193 193 193 192 192 192 191 190 188 186 185 185 185 182 180 181 186 195 203 205 205 210 215 216 214 213 212 210 210 210 208 208 209 211 211 207 206 208 208 207 207 210 213 217 220 217 206 194 196 209 217 219 215 212 215 218 215 206 201 201 199 199 209 215 213 213 216 219 223 220 205 202 209 209 209 214 220 224
190 190 191 192 193 194 194 194 193 193 193 193 193 194 193 193 193 193 193 193 192 191 191 190 188 186 184 182 179 179 180 183 188 196 203 205 209 216 217 214 211 209 208 207 207 206 204 203 204 206 205 202 202 206 207 203 201 204 207 209 212 212 207 199 197 207 221 225 220 214 211 207 204 202 202 204 197 190 203 214 210 208 212 215 221 220 208 199 203 208 209 214 222 227
191 191 192 193 194 194 194 194 193 193 193 193 193 194 193 193 193 193 193 192 192 191 191 190 189 186 183 179 176 179 183 184 188 195 202 207 208 210 212 211 210 208 205 202 202 203 203 200 199 202 204 200 196 198 201 198 194 196 200 203 205 208 211 208 201 206 222 227 220 212 206 204 206 206 204 203 195 184 195 208 209 208 212 217 223 223 213 200 199 206 209 215 226 230
193 192 193 194 194 194 194 193 193 193 193 194 193 193 193 193 193 193 192 192 192 191 191 190 189 187 184 180 178 182 185 184 187 195 203 206 205 205 207 208 207 205 202 199 199 201 201 198 196 200 204 199 190 190 196 197 193 194 199 204 207 211 215 215 208 206 219 223 216 208 205 209 214 208 202 201 193 183 188 203 208 209 211 216 222 222 214 202 199 204 207 216 227 232
195 194 194 194 194 194 193 193 193 193 193 193 193 193 193 193 193 193 192 192 192 191 191 191 190 188 186 183 182 183 185 186 188 193 199 201 203 203 203 202 201 199 199 199 197 195 195 195 195 197 201 198 189 187 195 201 200 200 206 213 215 214 215 216 212 208 215 217 210 206 208 212 211 201 196 198 192 185 188 201 209 208 210 213 215 214 209 204 203 205 207 217 227 231
