windninja/windninja_output/Output_2025-08-09_2300-2350_Google earth_Fire_150m_10min/merlingen_7.5mi_point_08-09-2025_2340_150m_ang.asc
ncols	158
nrows	163
xllcorner	391686.332397
yllcorner	5160024.123721
cellsize	150.000000
NODATA_value	-32768.000000
[rows 84 to 125 of 163, columns 0 to 93 of 158]
222 215 212 219 222 221 219 218 219 215 209 204 202 203 203 203 202 201 199 196 194 193 194 194 190 189 193 196 198 200 201 201 203 206 209 212 213 213 212 210 208 206 204 204 204 205 205 205 206 208 208 207 207 207 209 212 213 214 214 215 215 216 216 216 217 217 217 217 217 217 217 216 216 216 215 214 211 208 203 194 182 182 192 204 217 222 225 228 228 231 232 233 233 233
221 225 230 232 233 231 229 227 225 218 210 205 204 203 204 203 202 202 200 198 195 193 192 191 188 188 192 197 198 199 200 202 203 205 208 209 211 213 213 211 208 206 206 207 209 211 213 214 215 214 214 214 213 212 211 213 214 215 215 215 216 216 216 217 217 217 217 218 218 217 217 217 217 216 216 214 212 209 205 196 183 178 187 203 220 224 226 228 229 231 233 235 235 235
230 235 239 241 242 240 234 228 222 215 208 206 204 203 204 205 205 205 205 202 199 195 191 185 183 186 191 195 198 199 200 202 202 201 203 205 207 209 211 211 209 207 207 208 211 213 215 216 218 217 217 218 217 215 214 214 215 216 216 216 216 216 216 217 217 217 218 218 218 218 218 218 217 217 216 215 214 211 207 199 184 175 180 201 222 228 229 231 231 232 234 235 236 233
242 245 247 246 241 235 227 218 214 212 210 207 205 203 205 206 206 208 207 205 201 195 186 175 173 180 188 193 197 199 200 202 202 199 200 203 205 206 208 209 208 206 205 208 211 213 216 217 218 219 218 218 218 218 218 218 218 218 217 217 217 217 217 217 217 218 218 218 219 219 219 218 218 218 217 217 215 214 210 203 188 171 172 196 221 228 231 234 235 237 238 238 237 232
248 247 241 233 224 218 215 213 213 216 214 207 202 201 202 204 206 208 207 203 196 186 175 172 175 180 188 194 198 200 201 202 203 202 202 204 205 206 209 210 209 207 205 206 209 212 215 217 218 218 217 216 217 218 218 219 220 221 220 218 217 216 216 217 218 218 219 219 219 219 219 219 219 219 218 218 217 216 214 209 198 177 168 203 230 233 234 236 238 241 243 241 240 239
244 238 226 222 218 214 214 215 215 217 213 204 200 200 202 205 206 206 203 196 185 175 173 178 183 186 191 195 198 200 202 202 203 204 204 205 205 207 212 215 214 212 208 207 208 211 214 217 217 216 215 213 212 212 213 215 219 223 224 220 216 215 216 217 218 218 219 219 220 220 220 220 220 220 220 220 219 219 217 215 209 199 192 238 258 256 251 246 244 247 248 244 243 244
238 232 225 225 223 218 215 214 212 211 210 204 199 201 204 204 203 202 199 188 174 172 179 188 190 190 194 197 199 201 203 203 204 204 205 206 206 206 210 215 217 215 213 210 210 212 215 217 218 217 215 213 210 209 210 214 218 221 222 217 211 212 215 217 218 219 219 220 220 220 221 221 221 221 221 221 221 221 220 220 218 217 219 245 265 269 265 259 256 257 253 245 246 249
232 227 221 218 215 211 207 204 204 207 209 206 200 200 199 198 197 197 196 183 171 176 190 196 195 195 197 199 201 203 204 204 205 205 206 207 206 205 205 209 213 215 215 214 213 213 215 218 220 219 217 215 212 209 208 211 214 214 214 212 207 209 214 217 218 219 220 220 221 221 221 221 222 222 222 222 222 223 223 223 224 225 228 239 254 262 265 263 262 262 255 250 256 258
224 218 210 207 205 201 194 190 194 201 206 204 200 199 198 196 193 191 188 184 181 187 198 203 200 199 200 202 203 204 205 206 207 206 205 206 206 206 205 206 210 215 217 217 216 215 218 221 224 225 223 219 215 211 206 206 209 211 214 215 211 210 214 217 219 220 221 221 221 222 222 222 223 223 223 224 224 224 225 226 228 230 235 245 255 261 265 267 266 262 257 260 266 266
214 210 204 202 201 197 193 189 190 198 203 199 194 191 192 193 187 183 186 192 197 196 201 205 203 203 203 204 205 206 207 209 209 206 204 206 207 208 207 206 207 213 217 219 218 219 220 222 224 226 227 223 215 211 207 206 214 220 222 222 218 214 215 218 219 221 221 222 222 222 223 223 224 224 224 225 225 226 227 228 230 233 238 247 259 266 269 271 268 262 259 262 265 265
201 201 200 200 200 198 197 193 191 196 201 199 194 191 191 193 192 190 196 208 209 204 205 207 205 205 205 205 206 208 211 212 209 205 203 206 208 208 208 206 205 206 213 216 217 217 218 219 221 221 221 217 210 209 211 214 223 228 228 226 223 218 217 219 220 221 222 222 223 223 224 224 224 225 225 226 227 227 228 230 232 234 238 243 252 260 266 267 264 260 258 258 258 259
185 193 200 200 202 201 199 195 191 195 202 204 203 203 202 206 208 215 217 218 215 216 216 215 211 207 206 205 207 209 209 208 206 204 203 206 208 208 208 207 204 202 207 212 212 212 212 212 213 212 213 214 210 209 214 217 220 224 225 225 224 221 220 221 221 222 222 223 224 224 224 225 225 226 226 227 228 228 229 231 232 235 237 241 245 250 255 257 256 254 254 253 253 253
164 183 198 200 203 204 203 199 195 203 219 223 224 225 229 234 234 238 233 220 225 231 232 228 217 208 205 205 206 204 204 205 207 207 206 207 209 209 208 208 205 201 203 208 209 209 208 207 207 209 213 217 215 213 216 219 221 224 225 226 225 222 222 222 223 223 224 224 225 225 225 225 226 227 227 228 229 229 230 232 233 235 237 239 242 245 247 249 250 250 250 249 249 249
148 169 195 202 210 213 212 209 208 214 228 235 239 235 237 239 243 245 237 227 232 239 241 235 215 203 202 204 204 203 206 211 213 213 210 209 210 210 209 208 206 202 201 206 209 209 210 211 213 218 222 223 221 217 218 221 224 226 226 227 227 225 225 224 224 224 225 225 225 225 226 226 227 228 228 229 229 230 231 232 233 235 236 238 240 242 244 245 245 246 246 246 246 246
132 151 197 213 225 226 223 221 221 223 233 245 254 256 255 255 254 251 244 237 234 235 234 222 199 195 200 204 206 209 213 216 216 215 213 212 212 212 209 208 207 204 201 205 211 214 218 222 225 227 226 224 223 221 220 221 223 224 224 226 227 228 228 228 226 226 226 226 226 226 227 227 228 228 229 230 230 231 232 233 234 235 236 238 239 240 241 242 243 244 244 244 244 244
117 131 216 232 241 243 244 242 239 239 242 246 251 259 263 262 261 256 249 240 229 222 216 210 201 201 205 208 210 214 216 217 217 217 214 212 212 212 210 207 206 205 202 203 210 214 217 221 224 224 223 222 221 221 220 221 222 223 223 223 224 225 228 229 229 229 228 227 227 228 228 228 229 230 230 231 231 232 233 233 234 235 236 237 238 239 240 241 241 242 242 242 243 243
129 148 222 239 246 249 253 255 252 248 248 248 250 258 266 264 261 258 246 229 219 214 214 216 216 214 213 213 214 217 220 221 221 219 215 212 211 211 210 207 205 204 202 201 206 212 216 219 220 221 221 220 219 219 219 220 220 223 223 221 220 221 224 227 229 230 230 229 228 229 229 229 230 231 231 232 232 233 233 234 235 235 236 237 237 238 239 239 240 240 241 241 241 241
159 179 221 237 244 248 251 252 251 248 247 245 243 244 247 248 241 236 226 217 215 217 224 227 226 223 220 219 220 222 225 226 225 223 219 215 213 213 212 209 204 203 202 200 204 212 217 218 219 219 219 219 219 219 220 220 219 221 222 221 220 220 222 225 226 227 227 228 229 231 232 232 232 232 232 233 233 234 234 235 235 236 236 237 237 238 238 238 239 239 240 240 240 240
188 201 224 235 241 245 247 246 245 243 241 239 234 227 221 220 220 217 211 211 217 223 231 232 228 226 227 227 226 226 227 226 226 225 222 217 214 213 213 211 205 202 202 200 201 207 212 214 215 216 218 219 219 218 220 220 218 219 220 220 219 219 221 224 226 226 226 227 229 233 235 236 235 234 234 235 235 235 236 236 236 236 236 237 237 237 238 238 238 239 239 239 239 239
207 213 225 232 236 238 240 240 240 239 238 234 227 218 213 214 216 214 212 217 225 229 233 232 229 229 231 231 227 226 225 224 224 223 221 218 215 213 214 213 208 204 202 200 198 201 208 212 214 216 218 219 219 217 218 218 218 219 220 219 218 217 219 222 225 226 225 225 226 229 235 239 240 238 238 238 238 238 237 237 237 237 237 237 237 237 237 238 238 238 238 238 238 239
217 219 225 230 234 237 238 239 240 240 238 235 228 223 222 225 227 225 228 236 236 231 229 228 228 228 228 227 225 225 224 223 223 222 222 221 218 213 213 213 209 204 201 199 198 199 206 212 214 216 217 218 219 218 218 218 218 218 220 220 220 219 219 221 224 225 224 222 222 224 230 236 241 244 246 246 245 243 241 240 239 239 238 238 237 237 237 238 238 238 238 238 238 238
224 225 227 231 235 238 239 239 239 239 241 241 239 235 234 237 240 242 243 242 236 230 227 226 225 222 223 224 224 225 225 224 222 221 223 222 217 209 206 206 206 203 200 199 197 197 202 207 210 213 215 216 217 218 219 219 218 218 220 221 221 221 221 223 224 225 224 221 220 223 227 230 234 239 244 247 249 248 247 246 244 242 240 238 238 238 238 238 238 238 238 237 237 238
228 228 228 230 232 234 236 237 236 235 234 233 230 227 228 231 235 238 236 232 230 229 226 221 219 219 219 222 224 224 223 221 218 219 221 221 214 206 203 203 203 201 200 199 196 194 197 203 207 210 213 214 215 216 218 218 219 219 220 222 221 221 221 223 223 224 224 221 219 222 226 228 229 230 232 237 241 244 246 249 250 246 242 240 239 238 238 238 238 238 238 238 238 238
230 228 227 229 230 231 232 229 224 220 217 216 216 218 222 225 228 230 228 225 225 226 221 213 213 215 216 216 219 223 220 218 214 213 217 217 211 205 204 202 199 198 199 198 195 192 192 198 203 207 212 215 215 216 217 218 218 219 220 221 222 222 221 222 222 223 224 222 219 220 224 227 228 229 230 233 235 235 235 240 246 248 245 242 240 239 238 238 238 238 238 238 238 238
230 228 226 227 226 223 218 214 210 211 214 217 218 220 222 222 221 221 222 222 221 221 217 209 207 211 212 209 213 219 218 216 211 207 214 215 210 206 203 199 195 196 197 196 194 193 189 192 198 204 211 215 216 217 217 218 218 218 219 219 220 222 222 222 223 223 223 223 220 218 221 226 228 229 230 231 232 233 234 237 241 244 246 245 242 240 239 239 239 239 239 239 238 239
231 228 225 222 217 214 212 212 213 216 222 224 221 220 221 220 215 212 214 217 219 219 216 208 202 204 207 206 211 217 215 212 208 205 214 217 211 204 199 198 198 198 197 194 194 193 189 187 194 201 207 211 214 216 217 218 218 219 218 217 218 221 222 221 223 225 224 223 221 218 220 225 228 228 229 230 231 233 235 238 240 241 243 244 244 242 241 240 240 240 240 240 240 239
230 227 223 220 218 218 220 223 224 224 224 225 221 218 219 218 211 204 206 212 218 221 214 206 199 197 201 202 207 214 213 210 207 207 215 217 207 200 197 199 200 199 198 193 191 192 190 187 189 196 203 208 212 215 216 216 217 219 220 217 217 220 222 221 222 225 226 224 222 218 218 223 226 227 228 231 232 233 235 237 239 241 241 242 244 245 244 243 242 242 242 242 242 241
228 227 225 224 225 226 228 228 226 224 224 226 222 216 215 214 207 198 200 208 216 221 213 201 197 194 192 191 198 207 212 210 206 206 211 210 203 199 198 198 197 200 202 195 189 190 191 187 186 191 199 205 210 214 216 215 215 219 221 219 218 220 222 221 220 222 224 224 222 219 217 221 226 227 228 231 232 233 234 237 239 241 241 240 240 242 245 246 246 246 246 246 245 244
231 231 229 229 228 226 224 223 223 221 220 221 218 211 211 212 206 194 195 201 208 215 214 200 196 195 187 182 187 199 208 210 205 204 208 208 205 203 201 199 199 204 207 202 192 189 191 188 184 186 194 201 207 213 216 214 214 217 220 220 218 219 221 220 219 220 221 222 221 220 220 223 227 227 228 230 231 230 231 234 237 240 240 239 238 237 241 245 248 250 251 250 248 245
234 233 231 230 229 226 223 220 218 216 213 214 213 207 208 211 204 189 186 191 199 209 215 207 197 197 191 185 182 188 201 208 208 206 210 213 212 211 205 203 204 206 208 206 197 191 191 189 184 182 187 195 202 209 214 214 213 215 219 219 217 216 218 220 219 218 220 220 219 218 218 221 224 225 226 229 230 229 229 230 234 238 239 240 239 236 237 240 242 246 249 249 245 243
233 232 230 228 226 224 222 219 216 214 210 209 208 205 207 210 200 182 177 183 191 202 211 211 201 196 194 192 188 184 192 203 209 211 214 217 217 214 208 204 203 202 203 203 198 191 188 189 188 184 183 187 195 205 212 214 213 214 217 219 217 215 216 219 218 217 218 218 218 217 216 219 223 224 225 228 230 230 229 229 233 235 234 234 234 231 232 235 235 239 243 242 240 240
230 230 227 225 222 220 219 218 216 213 207 203 203 203 206 208 196 181 175 179 186 194 201 203 201 195 194 194 193 188 187 196 205 213 215 213 210 209 208 203 199 199 200 203 201 193 190 192 193 189 184 182 187 200 210 213 214 213 216 218 217 214 215 218 218 215 216 217 218 218 217 219 223 226 226 227 228 230 229 228 232 235 232 229 229 225 226 230 232 238 241 237 234 234
228 227 226 224 222 219 217 215 214 210 205 200 198 199 203 205 197 185 178 178 182 186 188 194 198 198 195 193 195 189 184 188 199 211 214 209 204 203 204 201 197 198 202 206 205 198 196 195 195 192 187 182 183 193 206 213 215 214 215 217 217 215 215 218 218 215 215 217 217 217 217 217 220 225 227 228 229 230 230 230 234 237 233 228 226 223 222 226 231 237 238 234 230 228
227 227 227 225 223 220 215 210 208 207 205 199 194 193 198 205 202 186 175 172 175 176 177 183 191 195 196 195 195 190 183 183 191 203 208 204 201 199 200 199 197 200 204 207 208 203 197 194 192 193 190 185 182 188 200 211 215 214 214 216 216 214 214 217 217 214 214 215 216 216 215 215 216 220 224 227 228 229 229 230 234 237 233 226 225 223 221 225 231 234 233 230 226 226
228 228 227 225 223 218 212 206 204 204 205 201 192 188 194 204 204 185 169 165 164 166 170 173 179 186 188 188 192 195 190 183 184 195 206 209 204 199 199 199 199 202 205 208 210 205 197 194 193 194 194 189 186 186 195 208 214 215 214 215 215 213 213 215 214 212 212 213 215 215 214 213 213 216 220 223 224 226 228 228 230 234 232 226 224 223 222 225 229 230 229 226 223 227
229 227 226 226 223 216 210 206 204 202 205 204 191 185 190 200 203 189 169 160 157 158 163 167 169 173 174 177 186 192 189 184 184 195 215 220 215 206 203 204 204 205 207 208 207 205 201 197 195 197 198 194 190 187 192 205 214 214 214 215 215 212 212 214 213 212 211 211 214 215 215 213 212 213 217 220 222 223 226 229 232 234 231 226 224 224 223 225 227 227 226 223 221 226
228 226 224 225 224 218 214 210 206 202 202 203 192 185 188 196 201 194 176 163 157 155 156 160 163 164 166 170 176 180 185 187 195 215 231 233 226 219 216 215 214 211 209 209 208 207 204 199 197 199 200 198 193 189 191 202 212 215 214 214 215 212 214 217 219 221 220 215 214 216 215 213 211 211 214 217 219 222 225 229 232 234 231 226 225 225 223 224 225 226 225 222 219 224
227 225 220 218 218 216 214 213 209 201 198 201 192 182 184 190 197 195 185 173 162 153 149 152 156 158 162 167 169 171 184 207 224 236 241 239 237 235 230 227 225 220 218 218 217 215 211 207 203 203 202 200 196 191 191 199 210 214 214 215 216 216 221 226 229 236 239 230 220 217 216 214 213 212 211 213 216 219 222 226 228 231 230 226 225 224 222 222 224 225 224 219 217 221
222 220 214 211 209 208 207 209 209 202 197 198 190 179 178 183 192 196 191 182 169 156 148 146 146 149 153 158 163 172 194 227 240 246 250 247 246 243 236 234 235 233 231 228 226 224 222 216 211 209 207 203 198 193 193 197 208 213 214 217 221 223 228 228 225 227 231 232 226 221 219 216 215 212 210 209 211 214 217 220 223 227 226 223 222 221 219 219 221 223 221 215 215 222
219 219 215 209 206 205 204 206 208 206 199 197 191 179 175 177 185 196 197 187 174 161 153 146 139 140 145 148 155 173 211 247 259 262 262 257 252 249 243 236 238 239 236 232 228 227 225 219 214 211 209 206 200 195 195 199 209 218 221 223 224 225 225 222 219 220 222 224 224 222 222 220 217 214 211 208 207 210 213 215 217 221 222 219 219 220 217 216 220 222 219 213 214 224
220 220 217 211 207 206 204 204 206 205 201 200 193 183 176 172 177 190 196 191 177 165 156 150 147 145 145 147 157 183 240 268 272 275 273 266 260 257 250 242 242 245 242 237 232 227 225 219 213 211 210 208 203 197 198 202 212 222 227 226 222 220 218 215 215 218 220 221 223 222 224 229 227 221 215 209 204 205 209 209 212 217 220 219 219 220 216 216 222 223 219 211 212 222
217 217 214 209 205 204 204 202 202 200 199 203 200 185 175 169 170 178 186 187 180 167 162 158 153 153 155 162 174 220 280 288 286 287 286 278 272 271 262 252 250 252 250 245 239 233 228 220 213 213 214 212 206 200 198 201 207 215 219 217 213 213 212 211 213 216 218 220 222 222 223 231 238 235 226 214 207 204 207 208 210 217 221 220 220 219 214 215 220 222 216 208 211 222
