windninja/windninja_output/Output_2025-08-09_2300-2350_Google earth_Fire_150m_10min/merlingen_7.5mi_point_08-09-2025_2320_150m_vel.asc
ncols	158
nrows	163
xllcorner	391686.332397
yllcorner	5160024.123721
cellsize	150.000000
NODATA_value	-32768.000000
[rows 114 to 151 of 163, columns 0 to 83 of 158]
0.72 0.69 0.63 0.60 0.59 0.57 0.53 0.51 0.52 0.53 0.54 0.57 0.60 0.58 0.58 0.55 0.43 0.40 0.46 0.52 0.63 0.79 0.85 0.64 0.51 0.49 0.47 0.41 0.35 0.35 0.48 0.68 0.73 0.64 0.53 0.45 0.43 0.44 0.41 0.38 0.37 0.36 0.36 0.34 0.30 0.27 0.26 0.25 0.23 0.21 0.20 0.22 0.26 0.33 0.39 0.42 0.42 0.44 0.50 0.54 0.54 0.53 0.55 0.59 0.57 0.57 0.62 0.65 0.66 0.62 0.57 0.54 0.52 0.51 0.55 0.61 0.60 0.56 0.54 0.57 0.63 0.59 0.49 0.44
0.70 0.70 0.68 0.64 0.61 0.60 0.58 0.54 0.50 0.49 0.50 0.52 0.57 0.61 0.63 0.59 0.45 0.40 0.40 0.41 0.50 0.67 0.84 0.84 0.72 0.60 0.56 0.54 0.51 0.42 0.44 0.61 0.75 0.73 0.59 0.46 0.41 0.42 0.42 0.40 0.40 0.41 0.42 0.41 0.36 0.33 0.31 0.29 0.26 0.23 0.22 0.22 0.24 0.28 0.36 0.41 0.41 0.42 0.45 0.51 0.53 0.53 0.54 0.58 0.58 0.56 0.59 0.63 0.64 0.64 0.62 0.60 0.57 0.52 0.50 0.57 0.63 0.60 0.54 0.54 0.61 0.63 0.56 0.51
0.66 0.68 0.69 0.66 0.62 0.59 0.58 0.58 0.56 0.51 0.49 0.48 0.50 0.57 0.64 0.63 0.48 0.38 0.36 0.38 0.46 0.59 0.74 0.85 0.86 0.74 0.62 0.58 0.56 0.49 0.50 0.60 0.74 0.79 0.65 0.48 0.43 0.44 0.46 0.44 0.43 0.44 0.45 0.44 0.41 0.35 0.31 0.27 0.27 0.27 0.25 0.25 0.25 0.26 0.32 0.38 0.40 0.40 0.42 0.47 0.50 0.51 0.53 0.55 0.57 0.56 0.57 0.60 0.63 0.64 0.64 0.64 0.66 0.63 0.53 0.50 0.57 0.63 0.58 0.53 0.57 0.61 0.56 0.53
0.62 0.64 0.66 0.64 0.61 0.57 0.55 0.57 0.60 0.59 0.53 0.46 0.44 0.50 0.61 0.65 0.50 0.35 0.36 0.41 0.48 0.56 0.61 0.70 0.82 0.87 0.80 0.70 0.67 0.54 0.47 0.49 0.63 0.80 0.78 0.61 0.53 0.51 0.52 0.51 0.52 0.50 0.48 0.47 0.44 0.38 0.34 0.32 0.31 0.31 0.30 0.28 0.27 0.27 0.29 0.36 0.40 0.40 0.40 0.43 0.46 0.49 0.52 0.55 0.56 0.56 0.56 0.59 0.62 0.64 0.65 0.66 0.70 0.74 0.70 0.58 0.53 0.59 0.63 0.58 0.57 0.59 0.54 0.51
0.60 0.61 0.63 0.63 0.60 0.56 0.53 0.53 0.55 0.58 0.59 0.49 0.40 0.43 0.53 0.66 0.58 0.35 0.34 0.37 0.38 0.42 0.45 0.49 0.58 0.74 0.83 0.82 0.83 0.77 0.59 0.50 0.58 0.72 0.82 0.87 0.80 0.70 0.65 0.63 0.61 0.57 0.52 0.48 0.46 0.42 0.39 0.38 0.37 0.35 0.33 0.30 0.28 0.27 0.29 0.33 0.38 0.40 0.40 0.41 0.43 0.44 0.48 0.54 0.57 0.58 0.58 0.60 0.62 0.62 0.63 0.64 0.68 0.75 0.80 0.76 0.63 0.60 0.63 0.64 0.64 0.63 0.56 0.50
0.60 0.60 0.61 0.62 0.57 0.53 0.51 0.48 0.48 0.49 0.56 0.53 0.40 0.38 0.46 0.61 0.63 0.41 0.30 0.28 0.27 0.27 0.30 0.34 0.38 0.45 0.53 0.60 0.71 0.79 0.75 0.68 0.62 0.61 0.71 0.86 0.92 0.88 0.83 0.81 0.76 0.68 0.61 0.55 0.52 0.50 0.44 0.39 0.37 0.35 0.33 0.30 0.28 0.27 0.27 0.31 0.36 0.39 0.39 0.40 0.41 0.41 0.43 0.47 0.52 0.55 0.57 0.59 0.62 0.62 0.60 0.60 0.63 0.69 0.78 0.85 0.80 0.70 0.65 0.64 0.65 0.65 0.59 0.51
0.60 0.59 0.60 0.63 0.57 0.49 0.46 0.44 0.43 0.42 0.48 0.50 0.40 0.38 0.43 0.55 0.63 0.51 0.31 0.24 0.21 0.19 0.20 0.23 0.25 0.28 0.30 0.33 0.41 0.50 0.58 0.57 0.50 0.50 0.57 0.68 0.79 0.82 0.78 0.79 0.84 0.82 0.75 0.69 0.65 0.60 0.54 0.48 0.43 0.38 0.34 0.32 0.29 0.28 0.27 0.29 0.33 0.36 0.38 0.39 0.40 0.40 0.40 0.40 0.38 0.40 0.41 0.43 0.52 0.59 0.59 0.57 0.57 0.61 0.69 0.82 0.88 0.84 0.75 0.69 0.65 0.64 0.59 0.54
0.58 0.57 0.59 0.66 0.67 0.58 0.54 0.50 0.44 0.38 0.41 0.47 0.39 0.36 0.42 0.53 0.62 0.56 0.38 0.26 0.18 0.14 0.12 0.12 0.15 0.18 0.21 0.24 0.27 0.29 0.32 0.36 0.39 0.43 0.52 0.57 0.59 0.65 0.59 0.58 0.69 0.78 0.78 0.70 0.64 0.61 0.58 0.53 0.48 0.42 0.37 0.33 0.31 0.30 0.28 0.29 0.33 0.35 0.36 0.37 0.38 0.37 0.35 0.35 0.33 0.32 0.29 0.24 0.30 0.45 0.53 0.55 0.54 0.53 0.58 0.69 0.84 0.92 0.90 0.82 0.74 0.69 0.62 0.56
0.54 0.55 0.57 0.62 0.69 0.71 0.71 0.69 0.59 0.43 0.39 0.45 0.38 0.31 0.34 0.43 0.57 0.59 0.43 0.29 0.18 0.12 0.09 0.06 0.06 0.09 0.12 0.15 0.19 0.22 0.24 0.30 0.36 0.39 0.46 0.50 0.49 0.56 0.51 0.43 0.47 0.58 0.70 0.67 0.56 0.52 0.49 0.46 0.44 0.41 0.37 0.34 0.31 0.29 0.28 0.29 0.32 0.35 0.36 0.36 0.35 0.33 0.32 0.34 0.36 0.39 0.38 0.26 0.19 0.25 0.38 0.46 0.50 0.50 0.50 0.55 0.68 0.85 0.96 0.97 0.90 0.80 0.68 0.62
0.48 0.49 0.50 0.49 0.54 0.61 0.66 0.72 0.73 0.61 0.47 0.46 0.37 0.26 0.24 0.29 0.44 0.59 0.53 0.35 0.22 0.14 0.08 0.04 0.02 0.02 0.04 0.07 0.13 0.18 0.20 0.26 0.32 0.34 0.41 0.46 0.44 0.51 0.53 0.41 0.36 0.44 0.60 0.69 0.60 0.50 0.44 0.40 0.39 0.39 0.38 0.35 0.32 0.29 0.28 0.27 0.28 0.30 0.30 0.31 0.33 0.33 0.34 0.35 0.37 0.43 0.47 0.42 0.27 0.18 0.23 0.33 0.40 0.44 0.44 0.45 0.52 0.66 0.83 0.97 1.04 0.99 0.85 0.73
0.46 0.46 0.45 0.43 0.44 0.49 0.54 0.60 0.70 0.69 0.64 0.55 0.35 0.23 0.20 0.21 0.29 0.49 0.59 0.47 0.30 0.19 0.12 0.09 0.06 0.03 0.02 0.04 0.11 0.15 0.18 0.25 0.30 0.31 0.37 0.44 0.41 0.43 0.50 0.43 0.34 0.35 0.46 0.65 0.68 0.57 0.48 0.41 0.39 0.40 0.40 0.38 0.34 0.31 0.29 0.28 0.27 0.29 0.29 0.27 0.31 0.36 0.37 0.38 0.40 0.42 0.46 0.50 0.44 0.28 0.19 0.21 0.25 0.29 0.34 0.37 0.39 0.48 0.62 0.78 0.94 1.05 1.02 0.86
0.46 0.48 0.47 0.44 0.44 0.47 0.50 0.53 0.62 0.66 0.70 0.69 0.47 0.24 0.17 0.15 0.20 0.32 0.49 0.56 0.49 0.31 0.20 0.15 0.13 0.11 0.12 0.16 0.16 0.16 0.17 0.25 0.30 0.29 0.33 0.41 0.39 0.37 0.44 0.43 0.34 0.30 0.34 0.51 0.65 0.63 0.52 0.44 0.40 0.39 0.39 0.38 0.36 0.33 0.31 0.31 0.33 0.36 0.38 0.34 0.34 0.38 0.40 0.41 0.42 0.43 0.44 0.48 0.51 0.45 0.31 0.23 0.21 0.19 0.20 0.24 0.27 0.31 0.40 0.52 0.63 0.84 1.03 1.01
0.42 0.45 0.46 0.43 0.43 0.45 0.47 0.49 0.54 0.59 0.66 0.76 0.67 0.37 0.24 0.18 0.18 0.23 0.33 0.46 0.51 0.46 0.32 0.26 0.29 0.31 0.30 0.26 0.21 0.17 0.18 0.25 0.32 0.29 0.29 0.37 0.38 0.33 0.36 0.38 0.33 0.27 0.28 0.38 0.57 0.63 0.56 0.48 0.42 0.40 0.38 0.36 0.35 0.34 0.32 0.31 0.33 0.38 0.42 0.42 0.40 0.39 0.40 0.40 0.41 0.43 0.44 0.45 0.50 0.52 0.48 0.40 0.31 0.22 0.16 0.14 0.16 0.19 0.23 0.31 0.41 0.57 0.83 1.00
0.40 0.42 0.44 0.41 0.40 0.43 0.47 0.48 0.48 0.51 0.59 0.73 0.78 0.62 0.43 0.28 0.23 0.24 0.29 0.35 0.46 0.54 0.53 0.50 0.47 0.42 0.34 0.25 0.19 0.16 0.16 0.23 0.33 0.34 0.31 0.34 0.36 0.33 0.30 0.31 0.31 0.25 0.22 0.28 0.45 0.58 0.55 0.48 0.43 0.39 0.38 0.36 0.34 0.32 0.31 0.29 0.30 0.34 0.38 0.40 0.39 0.39 0.38 0.38 0.39 0.41 0.43 0.44 0.46 0.50 0.52 0.50 0.43 0.33 0.25 0.16 0.10 0.10 0.14 0.20 0.30 0.43 0.59 0.79
0.39 0.41 0.43 0.39 0.37 0.39 0.43 0.45 0.45 0.45 0.50 0.62 0.76 0.80 0.69 0.43 0.30 0.30 0.33 0.39 0.45 0.49 0.53 0.51 0.46 0.41 0.32 0.23 0.17 0.13 0.12 0.18 0.30 0.37 0.38 0.37 0.35 0.32 0.28 0.28 0.27 0.23 0.19 0.19 0.31 0.50 0.54 0.46 0.41 0.38 0.36 0.35 0.34 0.33 0.31 0.30 0.30 0.32 0.35 0.36 0.37 0.37 0.38 0.38 0.39 0.41 0.42 0.43 0.45 0.47 0.50 0.53 0.50 0.41 0.32 0.24 0.14 0.07 0.07 0.11 0.17 0.29 0.43 0.59
0.38 0.39 0.39 0.36 0.32 0.32 0.33 0.37 0.39 0.39 0.41 0.47 0.58 0.71 0.77 0.70 0.48 0.37 0.36 0.37 0.32 0.28 0.37 0.43 0.42 0.39 0.33 0.25 0.18 0.13 0.10 0.12 0.21 0.31 0.39 0.44 0.40 0.32 0.27 0.26 0.25 0.22 0.18 0.15 0.20 0.38 0.50 0.48 0.44 0.40 0.37 0.35 0.33 0.32 0.31 0.30 0.31 0.32 0.34 0.35 0.36 0.37 0.38 0.38 0.39 0.41 0.42 0.43 0.44 0.46 0.48 0.53 0.56 0.51 0.40 0.31 0.22 0.11 0.06 0.05 0.06 0.11 0.22 0.38
0.38 0.39 0.40 0.36 0.31 0.31 0.30 0.28 0.29 0.30 0.31 0.31 0.34 0.42 0.55 0.67 0.61 0.48 0.38 0.29 0.20 0.19 0.26 0.39 0.44 0.40 0.33 0.28 0.23 0.17 0.11 0.09 0.13 0.22 0.30 0.42 0.48 0.40 0.30 0.27 0.25 0.23 0.20 0.15 0.14 0.24 0.41 0.47 0.46 0.42 0.38 0.36 0.32 0.31 0.30 0.29 0.30 0.32 0.34 0.35 0.35 0.35 0.37 0.37 0.39 0.40 0.41 0.42 0.44 0.46 0.48 0.52 0.57 0.58 0.53 0.43 0.32 0.20 0.12 0.07 0.05 0.03 0.04 0.12
0.39 0.39 0.42 0.40 0.35 0.34 0.35 0.33 0.27 0.21 0.19 0.19 0.21 0.26 0.33 0.44 0.52 0.47 0.33 0.22 0.18 0.17 0.20 0.29 0.42 0.44 0.33 0.29 0.27 0.22 0.17 0.11 0.10 0.15 0.22 0.32 0.45 0.48 0.40 0.33 0.29 0.26 0.24 0.20 0.15 0.16 0.26 0.37 0.42 0.40 0.36 0.34 0.32 0.30 0.29 0.28 0.27 0.29 0.32 0.33 0.33 0.32 0.33 0.36 0.37 0.39 0.41 0.41 0.42 0.45 0.48 0.51 0.55 0.59 0.60 0.56 0.46 0.31 0.23 0.18 0.10 0.04 0.03 0.02
0.38 0.37 0.39 0.40 0.38 0.35 0.37 0.41 0.40 0.28 0.18 0.16 0.17 0.21 0.26 0.31 0.41 0.44 0.31 0.19 0.16 0.15 0.16 0.20 0.33 0.45 0.41 0.29 0.25 0.22 0.18 0.14 0.09 0.10 0.17 0.23 0.33 0.43 0.47 0.44 0.38 0.33 0.30 0.26 0.20 0.15 0.17 0.25 0.35 0.37 0.34 0.32 0.31 0.30 0.29 0.28 0.27 0.28 0.30 0.31 0.32 0.32 0.31 0.33 0.35 0.37 0.39 0.40 0.40 0.42 0.46 0.50 0.53 0.58 0.60 0.60 0.55 0.43 0.35 0.33 0.24 0.11 0.02 0.02
0.37 0.36 0.35 0.37 0.39 0.36 0.33 0.37 0.44 0.45 0.32 0.23 0.21 0.21 0.23 0.27 0.37 0.44 0.43 0.31 0.19 0.16 0.16 0.18 0.25 0.40 0.45 0.34 0.24 0.20 0.17 0.14 0.09 0.07 0.12 0.17 0.23 0.31 0.39 0.44 0.43 0.38 0.34 0.33 0.28 0.22 0.18 0.20 0.28 0.32 0.31 0.29 0.29 0.29 0.29 0.28 0.28 0.29 0.31 0.33 0.34 0.35 0.34 0.34 0.35 0.36 0.37 0.37 0.37 0.39 0.43 0.47 0.51 0.57 0.62 0.62 0.58 0.46 0.38 0.38 0.36 0.23 0.10 0.03
0.39 0.38 0.36 0.37 0.39 0.37 0.32 0.31 0.36 0.45 0.46 0.38 0.35 0.31 0.27 0.28 0.32 0.39 0.44 0.43 0.33 0.20 0.16 0.16 0.20 0.31 0.44 0.44 0.32 0.23 0.19 0.16 0.11 0.07 0.08 0.12 0.18 0.23 0.29 0.36 0.40 0.38 0.35 0.34 0.32 0.29 0.24 0.22 0.25 0.30 0.30 0.28 0.28 0.28 0.28 0.27 0.28 0.29 0.30 0.32 0.34 0.35 0.35 0.35 0.36 0.37 0.37 0.36 0.34 0.34 0.38 0.44 0.47 0.52 0.60 0.67 0.66 0.51 0.35 0.34 0.37 0.33 0.20 0.10
0.39 0.40 0.39 0.38 0.39 0.38 0.35 0.31 0.29 0.33 0.41 0.42 0.40 0.37 0.33 0.27 0.26 0.30 0.34 0.39 0.38 0.28 0.18 0.15 0.15 0.21 0.33 0.44 0.42 0.31 0.24 0.20 0.17 0.11 0.07 0.09 0.13 0.18 0.24 0.31 0.34 0.35 0.34 0.32 0.32 0.31 0.28 0.25 0.25 0.29 0.30 0.29 0.28 0.27 0.26 0.26 0.27 0.28 0.29 0.30 0.32 0.34 0.35 0.35 0.36 0.38 0.38 0.38 0.36 0.30 0.29 0.36 0.43 0.48 0.56 0.68 0.74 0.66 0.44 0.34 0.34 0.33 0.28 0.19
0.36 0.39 0.40 0.37 0.36 0.36 0.35 0.33 0.29 0.25 0.27 0.30 0.31 0.33 0.34 0.27 0.20 0.23 0.26 0.31 0.34 0.29 0.22 0.16 0.13 0.14 0.23 0.35 0.42 0.38 0.30 0.24 0.21 0.17 0.11 0.08 0.09 0.13 0.21 0.28 0.29 0.31 0.32 0.30 0.30 0.30 0.28 0.25 0.24 0.26 0.28 0.27 0.27 0.26 0.26 0.25 0.26 0.28 0.29 0.31 0.32 0.34 0.35 0.36 0.37 0.38 0.39 0.39 0.40 0.33 0.23 0.22 0.30 0.39 0.49 0.63 0.76 0.78 0.66 0.47 0.35 0.31 0.30 0.27
0.30 0.33 0.39 0.37 0.34 0.31 0.30 0.30 0.30 0.27 0.25 0.24 0.24 0.29 0.35 0.30 0.23 0.21 0.22 0.26 0.28 0.26 0.22 0.19 0.14 0.12 0.16 0.26 0.36 0.38 0.33 0.27 0.23 0.20 0.16 0.10 0.07 0.10 0.19 0.27 0.25 0.26 0.29 0.28 0.27 0.27 0.26 0.24 0.23 0.24 0.25 0.26 0.26 0.25 0.25 0.25 0.26 0.27 0.29 0.30 0.32 0.34 0.35 0.35 0.36 0.38 0.39 0.39 0.41 0.39 0.27 0.16 0.14 0.18 0.27 0.45 0.65 0.79 0.82 0.73 0.52 0.37 0.33 0.31
0.27 0.27 0.32 0.36 0.35 0.29 0.25 0.23 0.25 0.28 0.28 0.27 0.25 0.29 0.35 0.34 0.31 0.27 0.23 0.23 0.25 0.22 0.19 0.17 0.14 0.10 0.12 0.20 0.29 0.34 0.35 0.31 0.25 0.21 0.18 0.13 0.08 0.08 0.17 0.25 0.25 0.23 0.25 0.25 0.25 0.26 0.26 0.24 0.23 0.24 0.24 0.25 0.25 0.25 0.24 0.24 0.25 0.27 0.28 0.29 0.31 0.33 0.35 0.36 0.36 0.37 0.38 0.39 0.40 0.42 0.37 0.23 0.12 0.08 0.09 0.20 0.42 0.63 0.76 0.84 0.75 0.50 0.40 0.34
0.31 0.28 0.26 0.31 0.37 0.36 0.28 0.22 0.20 0.22 0.26 0.28 0.27 0.29 0.31 0.33 0.34 0.34 0.32 0.29 0.26 0.22 0.18 0.16 0.13 0.10 0.10 0.15 0.22 0.26 0.30 0.34 0.31 0.24 0.21 0.16 0.10 0.09 0.15 0.23 0.24 0.21 0.22 0.22 0.23 0.25 0.25 0.24 0.23 0.23 0.24 0.24 0.25 0.25 0.25 0.25 0.25 0.27 0.28 0.29 0.30 0.32 0.34 0.36 0.38 0.39 0.39 0.41 0.42 0.44 0.44 0.36 0.21 0.12 0.07 0.08 0.21 0.41 0.56 0.73 0.81 0.69 0.57 0.48
0.35 0.31 0.26 0.26 0.32 0.38 0.38 0.31 0.24 0.21 0.21 0.24 0.27 0.27 0.25 0.26 0.30 0.32 0.32 0.35 0.34 0.26 0.20 0.16 0.13 0.11 0.10 0.11 0.16 0.19 0.21 0.28 0.32 0.30 0.25 0.19 0.14 0.11 0.13 0.19 0.21 0.21 0.21 0.20 0.21 0.22 0.23 0.23 0.23 0.23 0.23 0.23 0.23 0.25 0.26 0.26 0.26 0.26 0.28 0.29 0.30 0.31 0.33 0.35 0.40 0.44 0.46 0.46 0.47 0.48 0.49 0.47 0.35 0.20 0.11 0.07 0.12 0.26 0.39 0.55 0.70 0.70 0.63 0.59
0.35 0.35 0.30 0.22 0.21 0.27 0.36 0.39 0.36 0.31 0.24 0.23 0.27 0.23 0.21 0.22 0.24 0.25 0.25 0.29 0.36 0.36 0.29 0.22 0.16 0.13 0.10 0.10 0.12 0.14 0.16 0.21 0.27 0.30 0.28 0.23 0.17 0.15 0.14 0.16 0.19 0.20 0.20 0.20 0.19 0.21 0.21 0.22 0.22 0.22 0.22 0.22 0.20 0.21 0.24 0.26 0.26 0.27 0.28 0.29 0.30 0.32 0.33 0.35 0.41 0.49 0.54 0.57 0.59 0.60 0.60 0.60 0.52 0.34 0.21 0.15 0.15 0.22 0.31 0.38 0.52 0.59 0.55 0.50
0.32 0.35 0.34 0.23 0.17 0.17 0.21 0.30 0.37 0.37 0.33 0.29 0.26 0.19 0.17 0.18 0.20 0.21 0.20 0.20 0.26 0.34 0.36 0.33 0.27 0.20 0.15 0.11 0.10 0.11 0.13 0.16 0.20 0.26 0.29 0.25 0.20 0.18 0.17 0.16 0.18 0.20 0.20 0.20 0.19 0.20 0.20 0.21 0.21 0.22 0.22 0.22 0.20 0.17 0.17 0.21 0.25 0.26 0.28 0.30 0.32 0.32 0.33 0.34 0.37 0.43 0.51 0.58 0.63 0.67 0.69 0.70 0.68 0.57 0.36 0.28 0.26 0.33 0.38 0.38 0.44 0.53 0.52 0.42
0.29 0.34 0.38 0.31 0.21 0.16 0.14 0.16 0.22 0.30 0.36 0.36 0.25 0.17 0.16 0.16 0.18 0.20 0.19 0.16 0.17 0.22 0.28 0.32 0.32 0.29 0.25 0.19 0.13 0.11 0.12 0.13 0.15 0.20 0.26 0.26 0.21 0.18 0.17 0.17 0.18 0.19 0.20 0.20 0.20 0.20 0.20 0.20 0.21 0.21 0.22 0.23 0.22 0.19 0.15 0.17 0.21 0.24 0.26 0.28 0.30 0.32 0.32 0.32 0.32 0.32 0.33 0.38 0.46 0.56 0.65 0.68 0.70 0.67 0.53 0.40 0.39 0.44 0.51 0.51 0.45 0.50 0.53 0.42
0.31 0.32 0.36 0.38 0.31 0.22 0.15 0.11 0.12 0.15 0.27 0.39 0.30 0.18 0.17 0.16 0.17 0.18 0.17 0.14 0.14 0.15 0.18 0.23 0.26 0.26 0.27 0.26 0.21 0.16 0.14 0.13 0.13 0.15 0.22 0.24 0.20 0.18 0.17 0.17 0.17 0.18 0.19 0.19 0.19 0.19 0.20 0.20 0.21 0.21 0.22 0.23 0.23 0.22 0.17 0.15 0.17 0.21 0.23 0.25 0.27 0.31 0.32 0.30 0.28 0.27 0.25 0.24 0.27 0.35 0.48 0.59 0.66 0.68 0.61 0.50 0.45 0.47 0.56 0.59 0.50 0.51 0.52 0.44
0.35 0.29 0.27 0.35 0.39 0.34 0.25 0.18 0.12 0.11 0.18 0.36 0.35 0.26 0.23 0.21 0.20 0.20 0.17 0.14 0.13 0.13 0.14 0.16 0.18 0.19 0.20 0.23 0.23 0.22 0.19 0.16 0.12 0.13 0.19 0.21 0.19 0.17 0.16 0.16 0.17 0.18 0.18 0.19 0.19 0.19 0.19 0.20 0.21 0.22 0.22 0.23 0.23 0.22 0.19 0.15 0.15 0.19 0.23 0.25 0.27 0.30 0.32 0.32 0.29 0.28 0.26 0.23 0.21 0.23 0.28 0.42 0.61 0.68 0.62 0.52 0.44 0.42 0.54 0.64 0.58 0.54 0.53 0.47
0.40 0.30 0.20 0.25 0.35 0.41 0.41 0.33 0.23 0.15 0.18 0.29 0.33 0.32 0.32 0.31 0.29 0.28 0.25 0.20 0.17 0.15 0.14 0.14 0.14 0.15 0.15 0.16 0.18 0.20 0.21 0.20 0.16 0.14 0.16 0.18 0.17 0.16 0.15 0.15 0.16 0.17 0.18 0.18 0.19 0.19 0.19 0.20 0.20 0.21 0.22 0.23 0.23 0.22 0.20 0.17 0.16 0.18 0.22 0.26 0.27 0.28 0.30 0.33 0.34 0.34 0.33 0.30 0.27 0.25 0.24 0.29 0.47 0.63 0.61 0.54 0.45 0.37 0.42 0.60 0.65 0.61 0.57 0.53
0.45 0.32 0.18 0.16 0.20 0.31 0.40 0.43 0.37 0.25 0.23 0.27 0.28 0.28 0.29 0.30 0.31 0.31 0.31 0.30 0.28 0.25 0.21 0.17 0.14 0.14 0.13 0.13 0.13 0.14 0.16 0.20 0.19 0.15 0.15 0.17 0.16 0.15 0.14 0.15 0.15 0.16 0.17 0.18 0.19 0.19 0.19 0.20 0.21 0.21 0.22 0.24 0.23 0.21 0.19 0.17 0.15 0.16 0.19 0.22 0.24 0.25 0.27 0.30 0.34 0.37 0.40 0.41 0.41 0.40 0.38 0.37 0.45 0.58 0.61 0.57 0.55 0.46 0.41 0.53 0.67 0.70 0.68 0.59
0.49 0.35 0.19 0.13 0.11 0.14 0.22 0.35 0.42 0.36 0.29 0.27 0.26 0.22 0.20 0.22 0.26 0.27 0.26 0.27 0.30 0.30 0.29 0.27 0.23 0.17 0.14 0.13 0.13 0.11 0.12 0.17 0.18 0.15 0.15 0.16 0.16 0.15 0.14 0.14 0.15 0.16 0.16 0.17 0.19 0.19 0.20 0.21 0.21 0.22 0.23 0.25 0.25 0.22 0.18 0.15 0.12 0.13 0.15 0.19 0.22 0.23 0.25 0.26 0.28 0.31 0.36 0.40 0.43 0.47 0.49 0.51 0.56 0.64 0.66 0.62 0.61 0.60 0.58 0.60 0.69 0.82 0.84 0.71
0.48 0.42 0.30 0.20 0.13 0.10 0.13 0.21 0.34 0.37 0.32 0.28 0.25 0.21 0.17 0.16 0.20 0.23 0.22 0.20 0.22 0.25 0.26 0.28 0.29 0.26 0.19 0.15 0.14 0.13 0.12 0.14 0.16 0.15 0.14 0.15 0.15 0.14 0.14 0.14 0.14 0.16 0.16 0.17 0.18 0.19 0.20 0.21 0.22 0.23 0.24 0.26 0.26 0.24 0.20 0.15 0.11 0.09 0.11 0.15 0.19 0.22 0.23 0.24 0.25 0.26 0.29 0.31 0.33 0.35 0.38 0.43 0.51 0.62 0.68 0.65 0.59 0.57 0.56 0.60 0.68 0.79 0.93 0.88
0.39 0.44 0.48 0.38 0.27 0.18 0.14 0.16 0.26 0.32 0.30 0.30 0.27 0.22 0.18 0.15 0.15 0.19 0.22 0.20 0.18 0.18 0.19 0.21 0.25 0.28 0.25 0.18 0.15 0.14 0.13 0.13 0.14 0.14 0.14 0.13 0.13 0.13 0.13 0.14 0.14 0.15 0.16 0.17 0.18 0.19 0.19 0.20 0.22 0.23 0.25 0.28 0.29 0.27 0.23 0.17 0.13 0.09 0.08 0.09 0.14 0.19 0.22 0.23 0.24 0.25 0.26 0.27 0.28 0.28 0.25 0.25 0.31 0.43 0.56 0.61 0.57 0.48 0.42 0.51 0.59 0.64 0.83 0.96
0.26 0.31 0.43 0.46 0.43 0.31 0.17 0.15 0.25 0.28 0.26 0.28 0.30 0.26 0.20 0.15 0.12 0.13 0.16 0.19 0.18 0.16 0.15 0.16 0.19 0.25 0.27 0.21 0.14 0.13 0.13 0.12 0.13 0.13 0.13 0.12 0.12 0.12 0.13 0.13 0.14 0.15 0.16 0.17 0.18 0.20 0.20 0.20 0.21 0.23 0.25 0.28 0.30 0.30 0.26 0.20 0.14 0.11 0.08 0.09 0.10 0.14 0.20 0.23 0.23 0.24 0.25 0.26 0.28 0.30 0.27 0.23 0.23 0.29 0.39 0.52 0.56 0.46 0.39 0.43 0.49 0.52 0.65 0.93
