windninja/windninja_output/Output_2025-08-09_2300-2350_Google earth_Fire_150m_10min/merlingen_7.5mi_point_08-09-2025_2320_150m_ang.asc
ncols	158
nrows	163
xllcorner	391686.332397
yllcorner	5160024.123721
cellsize	150.000000
NODATA_value	-32768.000000
[rows 42 to 83 of 163, columns 0 to 93 of 158]
201 201 201 201 201 200 199 200 200 200 199 199 199 199 199 200 199 199 199 199 198 198 197 197 197 195 194 192 189 189 193 195 196 197 197 198 201 201 198 197 198 200 202 200 196 194 197 200 201 201 204 203 197 195 201 208 210 211 216 222 221 215 212 213 212 210 207 207 205 204 206 207 204 195 192 194 192 188 190 200 206 206 208 210 208 206 206 207 207 206 208 213 221 224
203 203 202 202 201 200 200 200 200 200 199 199 199 199 200 200 200 199 199 199 199 198 198 197 197 196 195 193 191 191 194 197 196 193 191 191 192 193 193 194 199 204 203 200 198 199 204 207 207 206 206 205 201 200 204 211 214 216 219 222 221 215 211 210 210 207 202 201 203 202 201 202 200 194 193 195 193 191 194 199 204 205 207 207 206 208 210 213 213 211 211 212 219 224
205 204 204 202 201 201 201 201 200 200 200 199 199 200 200 200 200 199 199 199 199 198 198 198 198 197 195 194 193 193 195 196 194 191 188 185 186 189 193 198 202 205 204 202 203 207 210 210 206 203 202 204 203 203 208 213 216 217 219 219 217 214 211 208 206 205 202 201 201 200 200 202 202 199 199 200 197 195 198 202 204 203 203 206 210 213 214 216 218 217 215 215 221 226
207 206 204 203 202 202 202 201 201 200 200 200 200 200 200 199 199 199 199 199 199 198 198 198 198 197 196 196 195 194 194 194 193 191 187 184 184 189 195 199 201 203 205 206 205 208 209 207 202 199 203 207 209 210 214 217 218 218 216 213 211 210 206 202 201 202 204 204 201 202 204 207 208 208 208 206 201 198 201 202 200 200 204 212 217 216 215 217 219 221 220 219 223 227
208 207 205 204 204 203 202 201 201 200 200 200 199 199 199 199 199 199 199 199 199 199 199 198 198 197 197 197 196 195 195 194 193 190 187 186 187 188 192 195 197 202 207 208 207 208 206 203 200 202 207 211 214 217 218 219 219 216 212 207 204 204 201 198 200 203 205 207 205 205 209 211 214 215 213 210 203 199 199 201 202 205 214 221 220 217 216 216 218 221 221 221 224 225
209 208 206 205 206 205 203 202 201 200 200 200 199 199 199 199 199 199 199 199 199 199 199 198 198 198 198 197 197 196 195 195 194 191 189 188 189 188 189 192 195 200 206 207 207 206 203 202 203 206 210 214 216 218 217 216 215 212 208 201 198 200 201 201 204 207 209 210 207 206 209 213 216 217 215 212 207 202 202 206 212 217 220 220 218 216 215 215 217 219 220 221 223 223
210 209 207 207 207 208 205 201 201 201 200 200 200 200 200 200 199 199 199 200 199 199 199 199 199 199 198 198 197 197 196 196 195 193 190 189 189 189 188 190 194 199 204 205 204 203 202 203 206 207 212 217 219 219 216 214 212 207 202 197 195 201 207 209 211 212 211 210 209 209 212 214 216 217 216 214 210 207 208 213 217 218 217 215 213 212 213 213 214 215 218 222 223 222
211 210 209 208 209 209 206 202 200 200 200 200 200 200 200 200 199 199 200 200 200 199 199 199 199 199 198 198 198 197 197 196 195 194 192 189 189 189 189 190 194 199 201 201 201 204 205 206 208 210 213 216 217 216 213 210 207 202 198 197 198 205 213 216 214 212 210 209 210 211 212 214 216 216 216 213 209 207 208 212 214 215 213 211 210 210 209 209 209 212 217 223 224 223
213 212 209 208 209 208 207 204 200 199 200 200 200 199 200 200 200 199 200 200 199 199 199 199 199 199 198 198 198 198 197 197 196 195 193 190 189 189 190 191 194 197 196 196 199 205 208 209 213 216 216 217 214 209 207 205 202 200 199 201 205 212 219 221 215 210 210 210 211 212 214 216 216 216 214 211 207 206 208 212 213 213 213 211 209 208 206 206 209 214 217 222 225 226
217 214 209 207 207 206 206 206 201 198 199 199 199 199 199 200 200 199 199 199 199 199 199 199 199 199 199 198 198 198 198 197 197 196 195 192 190 190 191 192 194 195 194 193 198 205 208 212 218 219 216 213 211 207 204 203 201 202 205 207 212 217 223 223 215 210 209 209 211 213 215 216 216 214 213 210 208 206 208 211 213 215 216 213 210 208 208 210 214 217 218 223 226 228
221 216 208 207 208 207 206 207 204 199 198 199 200 200 200 200 200 200 199 199 199 199 199 199 199 199 199 199 199 199 198 198 197 197 196 195 193 192 191 191 193 195 193 191 196 205 208 211 214 210 205 204 205 205 204 203 204 207 210 213 215 217 223 223 214 208 207 208 210 213 213 214 213 212 212 211 209 208 209 211 213 216 219 217 215 213 213 214 217 219 220 223 225 226
222 217 208 205 207 206 205 207 207 202 199 199 200 200 200 200 200 200 200 200 200 200 199 199 199 199 199 199 199 199 199 198 198 197 197 196 195 194 192 190 191 194 193 190 194 203 206 204 204 202 199 201 203 205 205 206 206 209 213 216 216 217 222 221 211 205 204 206 209 211 210 209 210 211 212 212 210 210 212 213 214 216 217 217 217 218 217 216 218 220 222 222 220 220
219 216 209 203 205 205 204 207 209 207 202 200 199 199 199 200 200 200 200 200 200 200 199 200 200 199 199 199 199 199 199 199 198 198 198 197 197 195 194 191 190 193 194 193 194 200 201 198 197 198 200 204 205 206 210 209 206 208 212 214 214 216 220 217 208 202 200 202 206 207 207 208 211 213 213 212 211 212 214 212 211 213 214 213 214 217 217 217 218 220 220 220 216 215
216 215 212 207 208 209 206 207 210 210 205 201 199 199 199 200 200 200 200 200 200 200 200 200 200 199 200 200 199 199 199 199 199 199 198 198 198 197 196 193 192 194 198 198 196 195 195 193 193 196 200 204 205 207 212 210 205 208 211 212 211 212 216 214 207 201 199 200 204 207 209 212 214 213 212 211 210 211 212 209 207 209 211 211 212 214 215 215 217 220 222 220 215 212
215 216 215 212 211 212 209 207 209 211 208 203 200 199 199 200 200 200 200 200 200 200 200 200 199 200 200 200 200 200 199 199 199 199 199 199 198 198 197 196 195 196 198 197 194 190 187 187 190 193 197 204 206 209 213 210 205 208 209 209 209 210 215 215 209 202 200 201 206 211 213 214 212 210 210 209 209 210 209 207 206 208 210 211 212 213 213 214 216 220 224 223 213 205
217 216 215 213 211 211 209 206 206 209 207 204 203 201 199 199 199 200 200 200 200 200 200 200 199 200 200 200 200 200 200 200 200 200 199 199 199 199 198 198 197 197 197 196 194 190 186 184 186 188 194 204 208 211 214 209 203 206 207 206 207 211 216 217 212 204 201 203 208 213 212 211 210 209 208 206 206 207 206 205 205 208 210 212 215 217 218 217 216 217 219 213 199 197
217 216 215 213 212 211 209 206 203 205 205 205 206 205 201 198 198 199 200 199 200 200 200 200 200 200 200 200 200 200 200 200 200 200 200 200 200 199 199 199 198 198 198 197 195 193 190 186 183 183 190 202 208 211 213 208 202 204 206 205 208 212 216 218 214 207 202 202 205 208 208 208 209 208 206 204 204 204 203 203 205 208 211 214 218 220 221 220 217 213 210 203 196 200
217 217 215 215 214 213 211 208 205 205 206 205 207 208 205 200 198 198 199 199 200 200 200 200 200 200 200 200 200 200 200 200 200 200 200 200 200 200 200 199 199 199 198 198 197 196 194 190 184 179 182 196 206 210 212 208 204 205 207 207 209 212 216 218 216 209 202 200 203 207 207 207 207 206 204 203 203 203 204 205 207 210 213 214 216 219 219 218 214 208 205 205 204 209
218 217 216 216 215 214 213 211 209 207 205 202 203 205 206 203 200 198 197 198 199 199 200 200 200 200 200 200 200 200 200 200 200 200 200 200 200 200 200 200 200 200 199 199 198 197 196 193 188 181 176 187 203 210 211 208 206 207 208 208 210 213 217 219 217 211 205 200 204 208 208 206 206 205 202 202 204 204 206 208 209 212 214 214 215 217 216 214 210 206 206 209 210 215
218 218 218 216 215 214 214 212 210 207 204 199 198 202 205 206 204 200 197 197 198 199 200 200 200 201 201 201 200 200 200 201 201 201 201 201 201 201 201 200 200 200 200 199 199 198 197 195 192 186 178 182 199 209 211 211 211 211 211 211 213 215 218 219 217 213 207 202 205 208 206 205 205 204 202 202 205 206 208 209 211 213 216 217 217 217 214 211 209 207 206 210 215 219
221 221 220 218 216 214 213 212 210 208 205 200 198 199 203 206 206 203 200 198 197 198 199 200 201 201 201 201 200 200 201 201 201 201 201 201 201 201 201 201 201 201 200 200 200 199 198 197 195 191 185 184 195 205 209 212 214 214 213 213 214 215 215 216 216 214 208 205 205 205 205 205 205 202 201 203 206 208 208 209 212 214 217 220 219 218 216 210 208 209 209 216 222 222
225 224 222 220 216 214 213 212 210 209 207 202 199 198 199 203 206 206 204 201 198 197 198 199 200 201 201 200 200 200 201 201 201 201 201 201 201 201 201 201 201 201 201 201 200 200 200 199 197 195 190 186 192 199 201 208 215 215 213 211 209 209 212 216 220 219 212 207 205 204 204 204 204 201 200 203 206 207 207 209 212 214 216 218 217 216 214 209 209 213 216 222 224 225
230 228 224 221 218 215 214 214 212 211 209 205 199 197 197 199 203 205 205 204 201 199 198 198 199 200 201 201 201 201 201 201 201 201 201 201 201 202 202 202 202 201 201 201 201 201 201 200 199 197 194 189 191 196 195 202 213 214 211 208 205 208 217 226 230 224 212 204 203 202 203 204 204 201 200 202 204 203 204 206 210 213 214 215 214 214 212 210 212 215 219 222 224 227
230 227 222 219 217 216 215 215 215 213 211 207 200 197 197 197 199 202 205 206 204 202 200 199 198 199 201 201 201 201 200 201 201 201 201 202 202 202 202 202 202 202 202 202 202 202 201 201 200 199 198 195 194 195 193 196 208 212 211 208 206 213 222 225 221 213 204 200 200 201 202 204 205 202 200 199 200 201 202 207 211 213 213 213 213 214 213 213 214 216 219 223 226 229
224 222 220 219 217 215 212 212 213 211 209 207 203 197 196 197 198 200 203 205 205 203 202 201 198 198 200 201 201 201 201 201 201 201 202 202 202 202 202 202 202 202 202 202 202 202 202 202 201 201 200 199 198 198 195 194 203 212 213 212 209 207 212 213 210 206 202 200 200 201 202 204 205 202 199 197 198 200 202 207 210 210 208 205 208 213 214 214 216 218 220 223 227 230
210 213 215 216 216 212 207 208 211 211 208 206 203 199 196 197 199 198 199 202 203 203 204 203 200 200 201 202 202 202 201 201 201 201 202 202 202 202 202 202 202 203 203 203 203 203 203 203 202 202 202 202 201 201 200 199 204 215 220 218 208 201 204 208 208 207 205 202 202 202 201 204 205 201 198 197 198 198 200 202 203 203 201 200 209 219 220 218 220 221 221 224 229 231
190 201 208 209 209 206 201 203 210 211 208 204 202 201 198 196 198 198 197 200 202 203 204 203 202 202 204 205 203 202 201 201 201 201 202 202 202 202 202 203 203 203 203 203 203 203 203 203 203 203 203 203 203 203 204 204 208 216 223 221 210 202 204 207 208 207 206 204 203 202 202 204 205 201 198 198 198 196 196 198 199 200 203 208 223 231 225 219 220 222 223 226 231 232
179 191 205 207 208 207 202 201 206 207 202 199 199 198 197 197 198 199 199 199 201 202 203 204 203 205 208 208 205 202 201 200 200 201 201 202 202 202 202 203 203 203 203 203 204 204 204 204 204 204 204 204 205 205 206 207 209 212 216 218 213 206 206 208 209 208 208 205 203 202 203 206 205 201 198 199 198 196 194 197 201 206 214 224 236 236 224 219 222 223 224 227 229 230
193 200 214 221 222 219 211 204 206 207 203 201 201 200 199 199 200 202 202 200 200 202 203 204 204 206 210 210 206 203 201 200 199 200 201 201 202 202 203 203 203 203 204 204 204 204 204 204 205 205 205 205 206 206 207 207 209 210 212 213 212 210 211 215 215 213 211 208 205 204 204 206 205 200 199 201 200 196 193 197 205 215 224 232 239 233 222 221 223 224 224 225 225 225
210 213 222 233 239 237 228 219 218 219 215 212 212 210 207 205 204 204 204 202 202 202 203 204 201 200 205 208 206 204 203 201 199 199 200 201 202 202 202 203 203 203 204 204 204 204 205 205 205 205 206 206 206 207 207 208 209 209 210 210 211 211 212 215 216 217 217 215 211 206 204 207 206 201 200 202 201 197 195 201 213 223 229 236 237 225 219 221 223 225 225 224 223 219
220 221 225 229 233 235 232 230 232 233 229 227 225 220 216 212 208 206 205 204 203 202 202 202 197 195 201 207 208 206 204 203 202 200 199 200 201 202 202 203 203 204 204 204 205 205 205 205 206 206 206 206 207 207 207 208 209 209 209 210 210 210 211 212 212 213 215 216 214 209 206 211 211 206 204 204 203 200 198 207 217 225 231 235 231 219 217 221 226 227 224 224 224 221
228 229 230 230 231 232 230 229 232 232 228 225 222 219 216 213 210 208 207 206 204 203 202 200 197 195 199 206 209 208 206 205 204 202 199 198 200 201 202 203 203 204 204 204 205 205 205 206 206 206 206 207 207 207 208 208 209 209 209 210 210 210 210 211 211 211 211 211 211 212 214 220 220 211 207 206 206 203 202 209 219 224 229 230 224 218 219 223 226 225 221 221 224 224
235 236 237 237 236 235 233 232 230 228 224 221 218 215 213 210 209 208 207 206 205 204 204 203 199 196 198 203 208 210 208 206 205 204 200 199 200 201 201 202 203 204 204 205 205 205 206 206 206 207 207 207 207 208 208 208 209 209 209 210 210 210 210 211 210 210 210 210 210 211 212 214 213 206 204 204 203 203 203 209 217 221 225 224 220 220 222 224 225 223 220 215 213 211
242 243 245 246 246 244 241 235 231 226 222 220 217 214 211 209 207 207 206 205 204 205 206 205 202 198 199 202 206 209 208 207 207 207 205 202 201 201 201 201 202 204 204 205 205 206 206 206 207 207 207 207 208 208 208 208 209 209 209 210 210 210 210 210 210 210 210 210 210 211 210 208 205 200 197 199 199 200 202 207 213 218 223 223 221 221 222 223 224 226 225 214 206 209
245 247 250 254 257 257 250 242 234 227 222 218 216 213 210 208 207 206 205 204 204 204 205 205 203 201 201 202 203 206 209 209 210 211 210 206 203 202 201 201 202 203 205 205 206 206 207 207 207 207 207 208 208 208 208 209 209 209 209 210 210 210 210 210 210 210 210 210 210 210 209 207 205 201 196 195 194 195 199 206 214 221 226 227 228 227 227 228 229 232 231 217 208 213
250 250 253 259 266 269 265 252 238 226 219 215 213 211 209 207 206 205 204 204 204 204 204 203 203 203 203 203 202 205 209 212 213 212 211 207 204 203 202 201 201 203 205 205 206 207 207 207 208 208 208 208 208 208 208 209 209 209 209 210 210 210 210 210 210 210 210 210 210 209 208 207 206 204 199 194 191 189 194 209 219 225 230 233 234 236 237 235 232 227 217 205 205 213
255 254 252 259 274 283 280 259 229 215 209 209 209 208 207 206 204 203 203 203 204 204 203 203 202 203 205 204 202 203 207 210 210 209 209 207 204 204 204 202 201 203 205 206 207 207 208 208 208 208 208 208 208 208 208 209 209 209 209 210 210 210 210 210 210 210 210 210 210 209 209 208 207 205 202 198 191 185 191 211 223 224 227 229 226 226 227 223 217 212 207 203 205 213
254 252 246 246 260 275 268 217 197 195 198 202 205 205 205 204 203 202 202 203 203 203 203 202 200 201 204 204 202 200 202 206 208 209 210 208 206 206 206 205 202 203 206 207 208 209 209 209 209 209 209 208 208 208 208 209 209 209 210 210 210 210 210 210 210 210 210 210 210 210 209 208 208 206 204 200 194 186 189 208 220 219 218 217 216 215 216 213 210 208 208 209 212 214
247 242 233 230 228 218 194 179 181 185 189 196 201 203 203 203 203 202 201 202 203 203 203 202 198 199 203 204 203 200 199 202 205 207 209 209 207 206 207 207 204 204 207 209 210 211 211 212 212 211 209 208 208 208 208 209 209 209 210 210 210 210 210 210 211 211 211 210 210 210 209 208 208 207 205 202 198 192 191 202 209 210 210 210 211 213 213 210 209 211 213 215 216 215
245 243 235 225 220 215 200 188 187 188 189 193 199 203 203 203 204 203 201 201 202 203 203 201 197 198 202 204 204 201 199 199 201 204 207 209 208 206 207 208 206 204 208 212 214 216 217 218 219 216 211 207 207 207 208 208 209 209 210 210 210 210 210 211 211 211 211 210 210 210 209 209 208 207 206 204 201 196 192 193 195 200 206 209 211 213 212 209 209 213 215 217 218 217
254 251 235 220 217 218 211 203 198 196 195 197 201 203 204 204 204 204 202 201 201 202 202 200 197 198 201 202 203 202 201 201 202 206 209 211 210 208 208 208 207 205 206 208 210 211 211 211 212 211 207 205 205 206 207 208 209 209 210 210 210 210 211 211 211 211 211 211 210 210 210 209 208 208 207 205 202 198 193 189 185 192 204 210 211 211 210 209 210 213 215 217 218 217
240 230 214 216 218 220 217 212 209 208 205 203 204 206 207 207 207 206 204 202 200 200 201 199 196 196 199 200 201 203 203 204 205 208 211 214 214 212 210 209 208 206 204 203 203 202 202 201 202 204 203 203 202 203 206 208 209 210 210 210 210 210 211 211 211 211 211 211 211 210 210 209 209 208 207 206 203 200 195 189 182 186 198 206 209 210 211 211 212 215 218 219 220 219
