windninja/windninja_output/Output_2025-08-09_2300-2350_Google earth_Fire_150m_10min/merlingen_7.5mi_point_08-09-2025_2340_150m_ang.asc
ncols	158
nrows	163
xllcorner	391686.332397
yllcorner	5160024.123721
cellsize	150.000000
NODATA_value	-32768.000000
[rows 0 to 41 of 163, columns 0 to 93 of 158]
198 197 194 193 193 194 194 193 193 194 194 194 195 197 201 206 210 209 205 205 198 192 193 196 200 202 201 198 198 200 201 202 205 204 203 207 211 213 213 211 209 209 211 212 213 214 217 215 206 203 202 202 203 204 206 207 208 209 210 210 209 209 209 208 207 206 208 211 213 214 213 213 213 212 212 213 215 218 220 218 217 217 218 222 224 223 220 220 222 220 220 221 220 219
198 197 193 192 192 194 195 195 195 194 193 192 193 196 200 204 204 200 198 198 194 188 189 195 200 202 200 197 198 201 202 203 204 203 203 206 208 207 207 206 205 206 207 207 207 208 209 207 203 202 203 204 206 208 209 209 209 208 209 210 209 209 209 208 207 207 209 212 214 213 212 212 212 212 212 213 215 217 217 216 216 217 219 221 223 222 219 220 222 222 222 222 221 221
197 195 192 191 193 194 196 197 194 191 189 189 190 194 198 201 199 195 194 194 192 186 185 192 200 202 200 198 200 202 204 204 203 203 202 203 203 203 203 202 201 202 202 202 202 202 202 202 201 201 202 204 208 210 210 208 207 207 208 209 208 207 207 207 207 208 210 213 214 213 211 211 212 211 212 213 213 215 216 214 213 216 219 219 220 219 214 216 219 220 222 222 220 219
190 192 193 192 193 193 193 191 189 187 187 187 189 192 195 198 197 195 196 197 195 190 184 188 196 200 200 199 199 200 202 203 202 201 200 200 201 202 202 200 199 198 199 199 199 199 199 201 201 201 200 202 205 206 206 206 207 207 208 208 207 206 206 208 208 208 210 213 215 213 211 211 212 213 213 213 212 215 216 214 210 214 217 216 218 218 210 210 213 214 215 217 215 213
183 188 193 193 193 191 188 186 186 188 190 189 189 191 193 195 197 197 199 200 199 193 186 184 189 195 197 197 197 197 199 200 200 199 198 199 201 201 199 197 195 195 196 196 197 198 200 201 202 202 202 203 205 206 207 207 208 208 208 208 208 207 207 208 208 208 209 213 215 214 212 213 213 213 214 215 215 217 217 215 212 214 217 215 217 218 211 206 207 207 209 211 210 207
182 185 190 192 192 190 187 186 187 191 192 190 188 189 192 195 199 202 203 203 202 197 187 181 183 189 194 196 196 196 197 198 198 198 198 198 197 196 195 195 194 194 195 197 199 201 202 202 203 204 205 206 206 207 208 208 208 207 207 207 207 207 207 207 208 208 209 212 214 212 212 214 214 211 211 213 215 216 216 216 216 216 217 216 217 219 215 208 206 204 205 206 205 202
185 184 185 188 190 189 188 188 190 192 191 189 187 188 192 196 200 203 203 202 202 199 190 180 179 186 191 194 195 195 196 196 197 198 198 197 195 194 195 195 196 196 198 200 202 204 204 204 205 205 206 207 207 207 209 209 208 207 206 205 205 204 205 207 208 208 208 211 213 210 210 211 211 208 208 210 213 214 213 214 217 215 214 216 217 220 219 214 210 205 203 205 205 204
186 186 185 185 187 189 191 192 193 192 189 187 185 187 192 196 198 201 201 201 200 199 195 185 178 182 188 190 192 194 195 196 197 199 198 197 196 196 198 199 200 201 202 204 205 205 205 206 206 205 206 207 206 207 209 209 207 206 205 203 202 201 203 205 207 208 208 210 211 209 208 210 210 209 208 210 214 215 213 213 217 216 212 213 215 217 217 215 212 207 205 208 211 211
186 187 187 185 186 189 192 194 193 191 188 184 182 185 191 196 197 198 200 200 200 200 197 191 183 179 183 188 191 194 196 196 197 199 200 200 200 201 203 205 206 206 206 206 206 206 206 207 206 205 206 207 206 208 209 208 205 204 203 202 203 203 203 206 208 209 208 208 209 208 209 212 213 212 211 211 215 216 214 215 219 217 210 208 208 208 210 209 206 201 200 202 205 205
186 187 188 187 188 189 191 192 191 189 187 183 180 182 189 195 196 196 197 198 199 199 198 193 188 181 181 187 191 192 195 195 196 200 202 203 204 205 207 208 209 208 207 207 207 207 207 208 207 204 206 208 207 207 209 208 206 206 207 208 209 208 206 208 211 211 209 207 207 210 213 215 215 214 213 214 217 216 212 212 215 214 210 205 205 205 206 205 201 198 200 201 200 199
186 187 188 188 189 189 190 190 189 188 187 184 181 181 186 193 195 195 194 195 197 198 197 195 191 187 184 187 191 192 194 197 198 201 204 205 206 207 208 208 207 207 207 208 210 210 208 209 210 208 210 211 209 209 212 214 214 215 218 218 218 217 214 213 215 213 212 210 210 213 216 216 214 213 214 217 220 217 208 207 209 211 211 207 206 204 204 205 203 201 205 206 203 201
187 187 188 188 189 189 189 189 189 188 187 186 183 181 184 189 192 194 193 193 195 197 198 197 194 192 190 191 193 194 197 201 201 202 205 208 208 208 207 207 208 209 209 209 211 212 211 215 218 219 221 221 221 224 227 229 229 229 230 232 235 235 231 225 223 221 219 216 213 214 215 214 213 210 210 212 212 210 204 201 205 209 209 206 203 199 202 208 205 201 208 213 210 205
187 187 187 188 189 189 189 189 189 189 188 187 185 184 185 187 189 191 193 193 193 196 198 199 199 199 198 196 197 198 200 201 202 202 206 209 210 208 207 207 208 209 209 209 212 214 216 221 228 232 234 237 241 246 250 249 244 240 240 244 249 250 249 252 250 243 235 225 213 210 212 213 213 208 203 202 204 204 202 200 203 206 206 205 203 200 204 209 205 200 207 216 214 208
187 187 187 188 188 188 189 189 189 189 188 187 186 186 187 188 188 187 190 193 194 196 200 204 205 204 201 199 198 199 201 202 203 204 206 208 208 207 208 208 210 213 216 220 224 225 223 223 227 232 235 237 241 247 254 259 256 248 240 239 241 239 238 241 248 253 253 242 216 207 211 212 211 205 199 200 203 206 206 204 204 205 205 207 208 206 208 213 210 205 212 221 221 219
187 187 187 187 188 188 189 189 189 189 188 187 186 186 188 191 189 186 187 192 196 199 203 206 207 204 200 199 199 201 203 203 203 203 203 205 207 209 212 216 222 228 234 239 239 236 231 223 220 223 226 226 226 229 233 237 237 231 223 222 224 222 218 217 220 225 227 228 223 199 203 208 208 205 203 204 208 212 214 213 210 207 208 213 215 214 216 219 218 217 225 235 237 237
187 187 187 187 188 188 189 189 189 189 188 188 186 184 185 189 190 189 188 191 196 199 202 204 205 202 199 199 201 201 201 200 200 201 204 209 216 221 225 230 235 235 233 231 227 224 224 221 218 218 217 214 209 209 212 214 216 211 206 211 215 214 212 209 211 214 212 212 212 196 179 200 207 208 207 207 211 216 218 217 212 211 216 220 222 224 227 229 229 229 234 241 242 242
187 187 187 187 188 188 188 189 189 189 188 188 186 183 182 186 191 192 192 192 195 197 200 202 202 201 199 198 199 199 198 200 204 209 217 225 230 232 230 229 226 220 216 217 215 214 215 215 213 211 210 207 204 204 207 211 213 209 202 205 210 212 211 207 208 212 212 209 209 204 192 190 208 208 205 208 211 214 214 214 214 216 222 227 232 237 238 240 242 236 230 231 232 233
187 187 187 188 188 188 188 188 189 189 188 188 187 184 181 184 190 194 195 195 196 198 200 200 202 203 201 199 198 200 202 207 213 218 222 222 221 219 216 214 213 211 212 214 214 213 212 209 206 204 204 204 205 207 209 211 212 208 202 202 208 211 210 207 206 210 212 210 210 209 203 195 198 201 201 206 208 211 216 220 223 226 229 232 237 242 243 240 240 236 229 227 227 228
186 187 187 187 188 188 188 188 188 189 189 189 188 186 184 185 190 194 197 199 200 201 200 201 203 204 203 201 201 204 209 212 214 215 215 215 214 212 211 211 211 212 213 213 213 213 209 204 204 206 206 205 207 208 208 208 208 207 204 203 208 211 210 207 206 208 212 213 212 209 203 197 198 201 200 203 212 223 233 237 239 240 237 233 231 231 230 230 232 232 227 225 227 227
187 187 187 187 188 188 188 188 188 189 189 189 188 188 187 187 191 195 198 200 200 200 200 200 202 203 203 203 204 206 209 211 213 214 216 217 215 212 209 208 208 208 210 210 209 208 206 203 204 209 210 208 207 205 204 204 205 207 207 206 210 214 213 209 208 210 213 213 209 205 201 198 200 203 202 202 215 232 240 241 240 238 232 225 223 224 224 225 229 230 222 216 224 227
187 187 186 187 187 188 188 188 189 189 189 189 189 189 189 190 192 195 196 197 197 198 198 199 200 201 203 203 204 205 206 208 210 211 210 209 208 205 202 203 205 206 208 208 207 206 207 207 206 208 210 209 206 202 202 203 205 207 208 209 211 215 215 210 209 209 209 208 205 203 203 203 205 207 204 201 206 214 222 227 228 226 224 221 219 222 224 225 228 229 221 211 219 226
186 186 186 187 187 187 188 189 189 189 189 189 190 190 190 191 192 194 195 195 196 197 197 198 199 201 202 203 204 205 204 204 205 204 202 201 202 202 201 203 205 206 207 207 208 209 209 207 205 205 207 207 205 203 202 203 205 206 208 210 211 214 214 209 207 206 203 203 205 206 207 208 209 211 206 198 199 206 213 218 221 222 223 220 215 218 220 223 227 226 218 208 213 222
186 186 187 187 187 187 188 189 189 189 189 189 190 190 190 191 192 193 194 195 195 196 197 198 199 200 202 203 204 204 201 199 199 200 200 201 204 206 206 205 205 206 206 208 210 209 206 204 203 204 206 206 207 206 203 202 203 204 205 209 211 213 213 209 204 200 199 202 206 209 209 210 211 212 206 195 192 201 208 213 217 217 220 220 214 214 214 218 222 222 216 205 209 220
186 186 186 186 187 187 188 189 189 189 189 189 190 191 191 191 191 192 193 194 195 195 196 197 198 200 202 205 206 204 200 196 196 200 204 206 208 210 209 206 204 204 206 208 207 204 202 204 204 205 207 207 207 206 204 202 202 203 203 206 210 213 213 207 200 198 200 206 211 214 213 212 213 211 205 197 192 197 205 211 215 216 217 219 216 212 210 215 221 222 216 206 210 220
186 186 186 186 187 187 188 189 189 189 189 189 190 191 191 191 191 192 193 194 194 195 196 197 198 200 203 207 209 206 200 197 197 201 205 208 209 210 208 205 203 202 203 203 203 203 204 206 207 206 207 207 206 205 204 202 202 204 203 205 210 213 211 206 201 202 208 214 218 220 219 215 212 209 205 203 200 199 203 208 213 214 214 216 217 214 211 216 223 224 216 207 212 220
186 186 186 186 187 187 188 188 189 189 189 190 189 190 191 191 192 192 193 193 194 195 196 196 198 200 204 208 209 207 202 199 197 198 202 205 207 209 207 203 201 200 199 200 203 205 207 208 207 206 207 208 207 206 204 201 202 205 207 207 208 207 205 204 204 205 209 214 218 221 220 214 210 208 206 205 208 207 200 202 207 210 210 212 214 213 209 212 221 223 213 203 209 217
186 186 186 186 187 187 188 188 188 189 190 190 190 190 191 191 192 192 193 193 194 194 195 195 196 198 201 205 208 208 205 202 199 196 198 201 204 207 206 201 198 197 196 199 203 203 205 207 206 205 205 208 209 206 201 198 202 208 209 206 203 203 204 207 209 210 210 212 215 217 216 212 209 208 203 201 209 213 202 194 200 206 207 209 211 211 207 209 218 220 210 199 205 214
185 185 186 186 187 187 187 188 188 189 190 190 190 190 190 191 191 192 193 193 193 193 193 194 195 196 198 202 205 206 207 206 202 198 196 197 201 205 206 200 197 196 194 197 199 198 201 204 206 204 202 205 206 204 200 195 199 205 205 201 201 205 207 211 215 215 212 211 212 214 215 213 209 206 201 198 206 214 209 195 196 203 206 208 210 212 209 210 217 219 212 199 200 210
185 185 186 186 187 187 187 187 188 189 190 190 191 190 190 190 191 191 192 192 192 192 193 193 193 193 193 196 200 203 206 207 204 200 196 191 193 200 202 198 194 193 193 194 195 195 197 202 205 203 198 201 203 203 201 194 193 200 203 201 203 207 210 211 213 215 212 210 211 212 214 212 208 206 202 199 204 216 217 207 197 197 204 209 214 217 216 216 219 220 216 206 200 206
185 185 186 186 187 187 187 188 189 189 190 190 190 190 190 190 190 191 191 191 192 192 193 192 191 190 188 190 195 198 202 205 205 200 192 186 187 193 196 193 191 191 191 193 193 193 196 197 200 198 195 198 201 204 203 196 191 197 205 207 208 211 214 213 214 215 210 207 212 215 215 213 211 209 204 201 204 215 222 219 206 195 202 213 220 221 220 219 219 219 218 214 207 206
185 185 186 187 187 187 187 188 189 189 189 190 190 190 190 190 190 190 191 191 191 192 192 191 190 187 185 188 192 196 202 205 204 197 189 184 185 190 192 190 189 190 191 194 194 193 194 193 195 197 197 198 202 207 207 201 197 201 208 214 215 215 218 220 220 216 208 207 216 221 221 219 217 212 203 199 202 211 219 221 213 199 201 212 217 216 215 216 217 218 219 219 218 218
185 185 185 187 187 187 187 188 189 189 189 190 190 190 190 190 190 190 190 190 191 191 191 190 188 186 185 187 192 199 204 203 199 196 191 185 185 188 189 190 191 192 194 196 197 195 194 194 197 201 203 204 207 212 211 205 204 207 213 220 219 213 216 221 222 216 205 206 218 225 224 220 216 207 199 198 201 207 215 220 215 205 203 209 214 216 217 220 222 224 224 225 226 228
185 185 186 186 187 187 187 188 189 189 189 190 190 190 190 190 190 190 190 190 190 190 189 189 188 185 184 186 189 194 196 195 196 198 195 186 183 187 189 193 196 197 198 199 199 198 198 200 204 208 209 209 210 214 213 206 203 208 215 222 221 212 209 215 220 216 203 202 215 222 219 211 206 201 197 197 199 204 212 219 217 210 209 211 215 221 225 226 227 229 230 230 229 231
185 186 186 186 186 187 188 188 189 189 189 189 189 190 190 190 190 190 189 189 189 189 188 188 187 185 184 184 184 186 188 192 196 201 200 185 179 187 192 196 199 199 200 201 202 202 204 206 209 211 211 211 213 215 214 209 204 208 215 220 219 208 201 208 216 217 207 201 211 218 212 205 204 200 197 195 195 199 207 215 216 214 214 214 212 215 221 222 222 224 226 228 230 230
185 186 186 186 186 187 188 188 189 189 189 189 189 190 190 190 190 190 189 189 189 188 187 186 186 185 184 183 181 181 186 192 196 199 199 189 181 187 195 197 200 203 204 207 208 208 210 211 212 213 214 215 216 217 216 213 209 209 216 221 219 208 196 201 213 218 215 207 208 212 210 208 207 204 200 196 195 197 204 212 215 214 214 216 212 210 216 218 217 218 221 222 224 227
185 185 186 186 187 187 188 189 189 189 189 189 189 190 190 190 190 189 189 189 189 188 187 185 185 185 184 183 183 183 184 188 191 193 196 195 189 191 198 202 205 209 211 211 210 211 211 211 211 211 212 214 214 213 212 211 211 213 218 225 224 214 197 196 209 216 217 211 207 208 211 214 213 209 204 198 197 202 210 215 216 214 216 220 220 212 213 216 214 213 215 217 221 227
186 185 185 186 188 189 189 188 189 189 189 189 189 189 190 189 189 189 189 189 188 188 187 186 185 184 183 184 185 183 180 181 185 190 196 199 198 198 205 210 212 213 212 210 209 209 208 207 209 210 211 210 209 208 207 207 210 212 216 222 225 218 202 194 202 213 216 214 210 210 215 222 221 213 205 200 200 207 215 218 217 217 218 222 225 219 208 211 212 210 211 215 221 227
186 186 186 186 188 189 189 189 189 189 189 189 189 189 189 189 189 189 189 189 188 188 187 186 185 184 183 183 183 179 177 178 183 191 199 201 203 208 213 214 212 210 209 207 207 207 206 205 207 209 209 206 205 207 207 206 207 210 212 216 220 217 206 195 197 210 218 219 216 213 216 219 216 208 202 203 201 201 211 217 214 214 217 220 224 221 207 204 210 210 210 215 221 225
186 186 186 188 189 189 189 189 189 189 189 189 189 189 189 189 189 189 189 189 188 188 187 186 185 184 182 180 177 176 177 180 185 192 199 202 207 214 215 211 208 206 205 204 204 204 202 201 202 204 204 201 201 205 206 202 201 204 207 209 212 212 207 199 197 208 221 225 221 214 212 208 206 204 203 206 199 191 205 215 211 209 212 216 222 221 210 200 205 210 211 215 224 229
187 187 188 189 189 189 190 189 188 188 189 189 189 189 189 189 189 189 189 188 188 188 187 187 186 184 181 177 174 176 179 181 185 191 198 204 206 208 209 209 207 205 202 199 200 201 201 198 198 201 203 199 195 198 200 197 194 196 200 203 205 208 211 208 202 207 222 227 221 212 207 205 207 207 205 205 197 185 196 209 210 209 213 217 224 224 215 202 201 207 210 216 227 232
189 188 189 189 189 190 189 189 188 188 189 189 189 189 189 189 189 189 188 188 188 188 187 187 186 184 181 177 176 179 181 181 183 191 200 204 203 203 205 206 205 202 199 197 197 199 200 197 195 199 203 198 189 189 195 196 193 193 199 203 206 211 215 215 208 207 220 224 216 209 207 211 215 209 203 203 195 184 189 204 209 209 212 217 223 224 215 203 201 205 209 217 228 233
190 190 190 190 190 189 189 189 189 189 189 189 188 188 189 189 189 189 188 188 188 188 188 187 186 185 183 181 179 180 182 182 184 190 196 199 200 201 200 200 198 197 197 197 195 193 194 194 194 196 200 197 188 187 194 200 199 199 205 212 214 213 215 216 212 209 215 217 210 207 210 214 213 203 198 200 194 186 189 202 210 209 210 214 216 215 210 205 204 206 209 218 228 232
