windninja/windninja_output/Output_2025-08-09_2300-2350_Google earth_Fire_150m_10min/merlingen_7.5mi_point_08-09-2025_2310_150m_ang.asc
ncols	158
nrows	163
xllcorner	391686.332397
yllcorner	5160024.123721
cellsize	150.000000
NODATA_value	-32768.000000
[rows 84 to 125 of 163, columns 0 to 93 of 158]
263 264 267 264 258 256 252 249 249 250 254 258 260 260 262 262 263 264 266 268 269 270 269 268 270 271 268 265 264 263 263 262 262 261 262 263 263 263 262 261 260 261 263 264 265 265 267 269 271 269 267 268 270 272 273 272 271 271 271 272 272 272 272 272 272 272 272 272 272 272 273 273 274 275 276 278 280 283 287 295 313 322 297 286 287 286 282 278 276 274 272 268 264 261
261 260 260 260 257 254 249 247 250 254 258 259 259 259 259 260 261 263 265 268 271 272 273 273 275 276 271 267 266 266 264 262 261 259 259 261 263 264 265 265 266 265 265 266 267 267 269 271 273 273 271 268 267 268 271 272 272 272 272 272 272 272 272 272 272 272 272 272 272 273 273 274 274 275 276 278 279 282 287 295 317 332 324 301 288 284 280 276 274 274 272 269 265 262
262 260 259 259 257 253 247 247 253 259 260 258 259 259 258 259 259 261 264 267 270 272 274 278 280 279 274 270 269 268 266 265 264 263 261 260 259 259 262 266 269 270 268 266 266 267 269 270 272 274 274 271 269 268 270 272 273 273 273 274 274 274 273 273 273 273 273 273 273 273 273 274 275 275 276 278 279 282 287 297 317 333 328 304 288 281 278 275 273 271 270 269 269 268
263 262 259 259 256 251 248 250 254 258 258 257 259 258 257 257 256 257 260 264 267 269 273 282 289 286 276 271 269 267 267 267 267 268 267 263 259 258 258 261 265 270 270 268 266 266 268 269 270 271 273 273 272 270 271 272 274 274 275 275 275 275 275 274 274 273 273 273 273 273 274 274 275 276 277 278 280 283 288 296 313 328 326 307 288 279 276 274 272 270 270 273 275 274
265 264 262 260 255 250 249 250 252 254 255 258 260 258 255 252 250 253 256 261 265 269 278 289 297 293 277 271 268 266 266 267 268 270 272 271 268 263 260 259 261 264 269 270 268 266 267 268 268 269 271 273 274 273 272 273 274 276 277 278 278 277 276 275 274 274 274 274 274 274 274 274 275 276 277 278 280 283 287 294 305 319 321 308 293 281 274 272 271 272 275 277 276 271
267 266 264 261 257 253 250 249 247 249 255 261 260 256 253 248 246 250 256 263 269 278 287 292 295 284 272 269 267 266 266 266 267 268 270 273 274 271 265 262 262 263 266 269 270 268 266 265 267 269 270 272 275 276 274 272 271 272 277 282 283 280 277 276 275 274 274 274 274 274 274 275 275 276 277 278 280 282 285 290 298 309 314 307 295 286 278 274 274 277 278 276 269 263
267 266 261 258 258 258 254 249 244 247 256 261 257 252 249 245 246 249 256 267 280 291 294 288 272 263 266 266 265 265 266 266 267 267 268 270 273 274 271 266 264 264 266 268 271 270 267 265 266 269 271 274 277 278 276 271 268 269 276 284 288 284 279 277 275 275 275 274 274 274 275 275 275 276 277 278 279 281 284 288 293 301 307 305 297 293 287 281 280 280 276 268 264 262
264 261 255 253 255 257 255 250 245 248 255 256 250 247 245 244 246 248 254 270 289 298 291 268 248 249 260 263 264 265 266 266 267 269 270 270 271 274 275 271 265 263 265 268 271 271 269 267 266 268 272 276 279 281 279 273 271 274 277 281 287 285 280 277 276 275 275 275 275 275 275 275 275 276 277 278 279 281 283 286 290 295 301 302 299 296 293 287 283 280 271 262 264 264
263 259 253 251 251 252 252 247 241 244 250 251 244 244 245 247 249 251 260 274 285 293 270 247 235 244 255 261 263 265 265 266 268 270 272 271 271 272 275 275 268 262 262 266 270 271 270 268 267 269 272 278 282 284 286 283 281 280 277 275 277 281 280 278 276 276 275 275 275 275 275 275 276 276 277 277 278 280 281 284 286 290 295 298 297 295 292 287 282 274 263 262 266 266
264 262 258 256 255 255 254 248 238 241 245 244 238 237 239 245 254 261 271 273 268 244 233 232 231 244 256 261 263 264 265 267 270 273 273 272 272 272 274 276 273 265 261 263 267 269 270 269 268 269 272 280 286 287 289 291 286 280 275 271 271 276 278 277 277 276 276 276 276 275 276 276 276 276 277 277 278 279 280 282 284 286 289 292 293 290 288 284 276 267 262 264 266 266
266 264 263 263 264 264 262 256 251 252 250 246 240 238 238 248 256 264 268 261 243 223 218 224 232 248 257 260 261 262 263 267 272 276 276 274 273 274 275 276 277 272 264 262 262 265 269 270 270 271 275 282 289 287 287 289 286 280 276 273 272 274 276 277 277 277 276 276 276 276 276 276 276 276 276 277 278 278 279 280 282 283 285 286 287 286 284 280 273 268 266 266 267 267
265 264 264 267 268 266 263 263 273 274 266 258 252 251 254 262 262 264 261 248 230 224 222 230 241 253 258 260 260 260 263 269 273 275 276 275 275 275 276 277 279 280 273 265 262 264 268 271 274 277 280 280 282 283 283 285 285 283 280 277 275 275 276 277 278 277 277 277 277 277 277 276 276 276 276 277 277 278 279 279 280 281 282 282 282 282 281 277 274 271 269 268 268 267
266 266 266 267 265 259 256 259 271 280 276 267 259 257 263 267 266 268 258 232 224 228 232 244 254 260 261 261 261 263 267 270 270 271 274 276 276 276 277 278 281 285 282 274 270 269 270 274 279 280 278 273 271 276 278 281 283 282 281 279 277 277 278 278 278 278 278 278 277 277 277 276 276 276 277 277 277 277 278 278 279 279 280 280 280 279 278 276 274 272 270 269 268 267
270 269 268 266 261 255 252 252 259 267 270 264 262 262 265 267 270 268 252 227 221 230 242 256 266 267 264 263 264 268 270 269 267 267 271 275 277 278 280 281 283 287 288 283 279 276 275 276 277 275 269 266 266 271 274 276 278 280 280 280 279 278 279 280 280 279 279 279 278 278 277 277 277 277 277 277 277 277 277 278 278 278 278 278 278 277 276 275 273 272 271 269 268 268
271 270 267 264 263 259 254 252 253 256 258 261 266 268 269 270 269 259 240 227 225 235 251 265 272 267 262 263 265 267 268 268 267 267 269 273 276 280 283 284 285 288 291 288 282 279 278 276 273 269 267 266 266 269 272 274 275 278 280 279 279 279 280 281 281 281 280 280 279 278 277 277 277 277 277 277 277 277 277 277 277 277 277 277 277 276 275 274 273 272 271 270 269 268
268 266 264 264 265 264 261 258 255 252 253 256 258 265 269 266 259 248 235 228 232 248 262 267 261 249 253 259 262 264 266 267 269 269 271 274 277 280 284 287 288 290 294 292 285 282 280 277 272 269 269 269 268 268 271 274 274 275 278 279 279 279 280 281 283 283 283 281 280 279 278 278 277 277 277 277 277 277 277 277 277 277 277 276 276 275 275 274 273 272 271 270 269 268
267 265 263 264 263 261 261 260 257 253 252 251 251 257 260 257 254 249 240 238 252 266 267 256 237 238 249 256 259 262 263 266 269 272 275 278 279 280 283 289 293 294 296 297 290 284 280 278 274 272 271 271 271 270 271 273 273 273 276 280 280 278 278 279 282 285 285 284 282 279 278 278 278 277 277 277 277 277 277 277 277 277 277 276 276 275 274 273 272 272 271 270 269 268
269 268 265 263 261 259 258 258 257 255 253 251 249 247 248 250 253 254 251 258 271 273 259 239 234 241 248 253 255 257 260 265 270 275 279 281 281 281 283 289 295 297 298 300 296 287 281 279 277 275 273 272 272 272 272 272 272 273 274 277 280 279 277 277 280 284 285 285 283 280 278 278 278 278 278 277 277 277 277 277 277 277 277 276 276 275 274 273 272 272 271 270 269 268
270 269 267 263 260 259 259 258 257 256 255 253 250 246 247 253 256 257 258 266 269 258 240 236 238 243 248 251 254 257 261 266 270 275 280 283 285 286 286 289 295 299 300 302 302 294 287 283 281 278 275 273 273 273 273 273 274 274 273 274 278 280 279 277 278 281 283 283 281 279 278 279 280 279 278 278 278 278 278 278 278 277 277 277 276 275 274 273 273 272 271 270 269 268
271 270 266 263 261 260 260 259 258 257 256 256 255 257 262 262 261 260 261 264 255 236 234 239 240 241 247 253 256 261 265 267 270 274 278 283 288 290 289 290 294 299 302 304 306 302 293 286 282 278 276 275 275 275 275 275 275 274 274 274 277 279 279 277 277 278 280 280 278 276 276 279 281 281 279 278 278 279 279 279 278 278 278 277 276 276 275 274 273 272 271 270 269 268
271 270 266 263 262 261 260 259 258 258 260 261 263 269 272 271 266 262 260 255 241 233 236 240 238 240 247 253 258 263 267 268 270 273 276 281 288 291 292 292 295 300 303 305 308 307 300 292 285 281 279 278 277 278 277 276 275 274 275 275 276 277 277 277 276 276 277 277 276 275 274 275 278 280 279 279 280 281 280 280 280 279 279 278 277 276 275 274 273 272 271 270 269 268
272 270 265 262 261 261 260 259 257 259 261 264 268 272 274 273 268 261 255 248 240 239 240 238 239 242 247 252 256 262 267 270 272 273 274 279 287 293 296 297 298 302 304 306 310 311 306 299 293 287 283 281 279 278 278 278 276 275 274 274 275 275 276 277 276 275 275 276 275 274 272 269 270 275 277 279 281 282 281 281 282 282 281 280 278 277 276 275 273 272 271 270 269 268
272 269 264 261 260 260 259 258 258 260 263 267 270 272 272 270 265 259 252 245 242 244 244 239 240 243 246 249 255 262 267 272 274 271 272 280 289 296 299 300 301 303 305 307 311 313 312 307 301 295 288 285 282 279 277 278 278 276 274 273 273 275 276 276 276 275 275 276 275 272 270 268 267 270 274 278 281 282 281 282 285 287 285 282 280 278 277 275 274 273 272 270 269 268
272 269 264 261 259 259 260 261 262 264 267 269 268 266 266 266 263 259 251 244 243 248 250 243 240 242 244 246 252 262 270 274 273 267 272 283 293 297 298 300 304 305 306 309 312 316 318 314 308 301 293 287 284 281 278 276 277 277 276 273 272 274 276 276 276 275 274 274 275 271 268 268 269 269 272 274 277 280 282 282 285 289 289 285 282 279 277 276 274 273 272 271 270 269
273 269 263 262 262 262 265 267 268 267 265 263 259 256 258 261 261 257 250 246 249 254 255 249 241 241 244 244 249 260 270 272 271 265 275 288 294 295 295 300 307 308 307 310 314 317 321 321 315 308 299 291 288 285 281 277 275 276 276 275 273 273 276 276 275 274 273 272 274 273 268 266 269 271 271 272 275 279 282 281 280 284 290 290 285 281 279 277 275 273 272 271 270 269
275 271 267 268 270 270 269 267 265 261 257 255 252 251 255 260 262 254 245 247 255 260 260 254 246 243 245 245 250 261 268 269 269 267 276 287 292 293 298 304 306 304 306 312 316 317 322 326 322 314 306 297 292 288 285 280 277 276 277 278 275 272 274 274 272 272 273 273 273 273 269 266 268 271 272 272 273 275 278 279 278 280 286 291 289 284 280 277 275 274 272 271 271 270
280 277 275 275 274 271 266 261 257 255 254 253 251 252 257 264 266 253 240 247 256 264 266 261 256 251 248 247 253 261 267 268 267 267 274 284 291 296 302 306 302 299 304 312 316 318 322 329 328 320 312 304 296 290 287 285 281 277 277 278 277 273 270 270 270 270 273 275 273 272 272 270 270 271 271 272 272 272 273 276 278 278 282 287 290 287 282 279 276 274 272 272 271 271
285 282 278 275 271 266 261 259 257 254 252 253 255 257 262 268 270 255 240 246 253 264 273 271 264 262 259 256 254 257 263 268 267 266 275 286 294 301 306 306 304 301 301 308 315 318 322 329 331 326 318 310 301 293 289 288 284 279 277 278 278 274 270 268 268 268 270 273 275 275 275 273 270 269 269 270 270 269 270 273 276 278 280 283 287 286 283 279 275 273 272 272 272 272
286 282 276 271 267 263 261 259 257 254 251 255 262 265 267 270 273 265 248 249 252 260 272 278 269 268 273 272 264 256 256 264 269 272 280 290 298 303 307 306 305 298 294 302 314 320 323 326 330 329 324 318 309 298 292 290 288 282 278 277 278 276 271 269 269 268 268 269 272 276 276 274 271 269 268 268 269 269 268 270 273 277 280 281 283 283 279 276 273 271 273 275 276 274
286 281 274 269 266 265 263 261 258 254 253 258 265 269 268 271 277 291 279 260 253 256 263 273 270 273 280 282 277 265 257 258 267 276 285 292 297 299 302 302 298 290 290 298 312 321 322 323 327 330 328 327 318 305 295 292 291 286 279 277 278 277 273 272 272 270 268 267 269 273 276 275 274 271 268 268 269 270 269 268 269 274 278 278 279 278 273 270 269 270 276 281 279 274
285 280 273 270 268 267 266 264 259 255 259 265 268 267 265 271 283 314 318 276 258 254 257 266 275 280 282 283 282 279 266 259 265 276 285 291 291 293 296 297 292 289 293 299 310 319 322 325 327 330 332 333 327 313 300 294 293 289 282 278 278 278 275 273 274 273 270 268 268 270 272 273 273 272 269 267 268 270 271 268 267 270 274 274 275 274 269 267 268 273 279 282 279 272
290 280 274 272 270 267 265 263 261 262 269 274 272 263 262 273 289 321 339 297 272 261 259 266 277 284 284 282 282 288 280 265 265 273 283 290 293 293 293 293 293 295 298 301 308 318 326 329 328 329 333 336 334 322 305 296 293 291 286 281 279 278 277 275 274 275 272 269 268 268 269 269 269 271 272 269 267 268 271 269 268 269 271 271 270 268 265 268 272 277 280 279 274 267
303 286 276 272 270 268 264 261 263 270 278 282 276 263 263 275 290 323 349 323 296 284 277 274 276 282 286 281 281 292 295 278 268 270 280 291 296 297 292 292 297 300 302 302 305 316 325 327 325 326 332 338 341 333 313 298 293 293 290 284 281 279 278 276 276 276 274 271 269 268 267 266 265 266 271 272 269 267 268 269 269 270 272 269 265 264 266 270 275 278 277 273 268 265
316 291 276 271 270 269 267 265 269 274 280 284 283 272 267 272 284 317 344 334 315 301 294 285 280 282 289 287 287 295 299 288 277 276 283 293 298 299 294 296 303 304 303 302 303 311 319 322 324 326 332 341 347 343 325 304 296 294 292 287 284 283 281 279 277 276 275 273 270 268 267 266 264 262 265 270 272 267 265 267 269 272 272 268 263 264 269 272 274 275 273 269 267 268
328 297 276 272 272 272 273 274 276 275 275 281 291 285 272 268 275 304 333 333 321 306 297 292 289 288 294 297 295 299 303 304 302 295 293 296 301 304 301 303 307 307 304 300 300 306 317 323 327 330 334 344 351 350 337 312 298 295 293 289 287 288 286 282 279 277 276 273 270 269 269 268 265 262 261 264 268 267 266 267 269 271 271 268 267 269 271 273 273 272 269 267 265 267
342 309 280 274 276 277 277 279 279 278 273 277 294 293 276 267 272 292 321 329 323 310 300 296 294 293 295 297 298 303 309 315 312 303 297 295 299 309 311 312 312 308 303 301 302 307 314 320 326 330 334 345 353 355 346 319 301 295 294 291 289 290 289 285 280 277 275 272 268 268 270 269 268 265 261 259 260 264 266 268 268 268 268 268 271 273 274 274 272 269 267 265 261 262
356 322 285 276 278 278 277 279 281 281 275 277 293 300 283 271 272 283 307 323 324 315 305 298 294 294 294 296 299 303 305 308 307 300 295 294 297 305 313 319 317 312 308 308 310 311 314 320 327 331 334 343 353 358 353 327 304 296 295 292 290 291 287 281 274 271 272 273 270 269 270 270 271 269 264 258 256 258 262 265 267 267 268 269 273 276 277 275 271 268 266 262 257 257
11 334 294 283 279 279 278 279 283 285 279 279 292 309 293 275 271 278 295 314 321 314 306 299 294 293 294 298 300 301 300 299 298 297 294 294 297 298 304 316 317 313 306 306 308 311 315 323 332 334 336 342 352 1 0 336 308 298 295 292 288 284 276 266 260 264 271 279 281 275 271 270 272 273 269 262 256 254 256 260 264 266 269 271 275 278 278 275 270 267 266 260 254 259
14 335 304 293 283 279 277 276 279 285 282 281 292 315 303 280 269 270 281 294 307 308 305 300 293 291 293 297 299 299 301 300 297 298 294 292 295 292 295 310 315 310 298 293 296 301 308 318 329 333 335 339 351 5 3 341 312 299 294 287 279 268 261 259 260 265 272 282 290 286 277 273 273 274 274 269 261 255 254 256 259 264 270 274 277 278 277 272 268 267 265 257 255 263
6 331 305 298 287 280 276 271 271 275 279 283 294 316 308 287 270 262 264 276 289 297 299 295 291 291 292 294 298 301 305 303 297 298 295 291 294 292 290 304 316 313 299 287 288 293 299 310 324 330 331 335 352 8 4 344 311 293 286 278 265 259 263 267 271 273 273 276 285 291 286 279 277 276 276 276 271 264 259 256 256 261 268 273 274 275 274 268 267 267 264 258 258 267
358 327 305 301 293 284 279 272 268 270 273 280 292 309 305 291 274 259 255 264 279 288 293 293 291 289 289 296 303 307 312 306 299 299 297 291 293 295 291 298 314 318 308 290 284 288 295 307 322 329 331 336 354 9 7 350 311 285 278 273 266 269 275 277 278 277 274 271 273 283 287 283 280 280 279 281 282 278 270 264 259 259 262 266 268 270 267 263 264 266 266 265 266 271
348 323 308 306 300 289 282 277 274 273 271 272 280 293 296 291 281 266 256 260 272 285 291 291 290 291 298 309 313 318 322 309 299 299 298 290 291 297 294 296 309 319 317 298 285 285 292 305 321 328 330 338 356 11 14 360 319 288 280 281 283 283 282 281 279 277 274 270 267 269 276 280 282 285 286 287 289 288 282 274 268 262 258 258 262 265 260 258 262 266 271 274 273 275
