windninja/windninja_output/Output_2025-08-09_2300-2350_Google earth_Fire_150m_10min/merlingen_7.5mi_point_08-09-2025_2310_150m_vel.asc
ncols	158
nrows	163
xllcorner	391686.332397
yllcorner	5160024.123721
cellsize	150.000000
NODATA_value	-32768.000000
[rows 114 to 151 of 163, columns 0 to 83 of 158]
0.67 0.77 0.94 1.06 1.15 1.15 1.13 1.11 1.07 1.09 1.25 1.56 1.56 1.33 1.51 1.72 1.20 0.54 0.44 0.67 1.12 1.71 1.83 1.32 1.29 1.58 1.59 1.52 1.56 1.61 1.85 2.57 3.20 3.71 3.79 3.08 2.37 1.95 1.54 1.23 1.15 1.54 2.08 2.17 1.72 1.36 1.32 1.31 1.24 1.19 1.13 1.04 0.98 1.00 1.10 1.12 1.07 1.08 1.20 1.27 1.19 1.07 1.14 1.30 1.23 1.16 1.22 1.25 1.24 1.15 1.08 1.17 1.28 1.27 1.32 1.46 1.49 1.41 1.32 1.36 1.54 1.49 1.21 1.06
0.52 0.69 0.93 1.04 1.11 1.12 1.11 1.07 1.01 1.11 1.39 1.59 1.41 1.22 1.58 1.95 1.47 0.71 0.49 0.55 0.91 1.35 1.65 1.72 1.72 1.67 1.54 1.48 1.74 1.64 1.50 2.16 3.23 3.93 3.78 3.07 2.43 1.99 1.58 1.25 1.36 1.92 2.25 2.14 1.81 1.58 1.46 1.32 1.24 1.21 1.16 1.09 1.01 0.96 1.04 1.09 1.06 1.05 1.13 1.25 1.20 1.07 1.13 1.30 1.28 1.15 1.17 1.25 1.27 1.21 1.15 1.20 1.30 1.31 1.28 1.42 1.53 1.50 1.35 1.31 1.54 1.58 1.29 1.07
0.40 0.63 0.90 1.01 1.07 1.06 1.05 1.04 1.09 1.30 1.62 1.56 1.16 1.05 1.65 2.21 1.66 0.72 0.55 0.63 0.91 1.18 1.42 1.75 1.87 1.75 1.46 1.46 1.96 1.80 1.46 1.87 2.86 3.82 3.90 3.20 2.53 1.91 1.63 1.60 1.80 2.21 2.20 2.02 1.89 1.61 1.30 1.15 1.20 1.23 1.20 1.14 1.04 0.95 0.95 1.02 1.06 1.05 1.10 1.22 1.18 1.08 1.14 1.30 1.31 1.15 1.13 1.23 1.26 1.23 1.19 1.20 1.32 1.42 1.36 1.37 1.48 1.55 1.43 1.32 1.52 1.64 1.33 1.05
0.35 0.56 0.83 0.96 1.05 1.03 0.96 1.01 1.24 1.53 1.74 1.45 0.93 0.90 1.70 2.35 1.74 0.77 0.74 0.95 1.14 1.36 1.51 1.68 1.83 1.85 1.54 1.53 2.15 1.94 1.54 1.73 2.38 3.54 3.96 3.35 2.55 1.82 1.74 2.07 2.24 2.23 2.02 1.94 1.87 1.51 1.26 1.26 1.34 1.37 1.32 1.20 1.07 0.95 0.87 0.97 1.07 1.07 1.09 1.17 1.17 1.09 1.15 1.31 1.31 1.14 1.12 1.21 1.24 1.23 1.21 1.20 1.29 1.45 1.52 1.46 1.41 1.49 1.51 1.42 1.55 1.67 1.33 1.00
0.33 0.46 0.75 0.94 1.04 1.02 0.95 1.05 1.35 1.60 1.76 1.41 0.87 0.91 1.61 2.33 2.06 1.10 1.00 1.17 1.27 1.43 1.56 1.70 1.87 1.97 1.85 1.99 2.24 2.05 1.87 2.05 2.64 3.84 3.96 3.25 2.60 1.92 2.05 2.41 2.29 2.04 1.88 1.85 1.80 1.60 1.46 1.48 1.51 1.47 1.35 1.17 1.05 0.93 0.84 0.92 1.06 1.08 1.08 1.16 1.18 1.11 1.18 1.31 1.27 1.15 1.12 1.17 1.21 1.24 1.22 1.19 1.22 1.38 1.58 1.60 1.43 1.42 1.51 1.53 1.63 1.65 1.32 0.98
0.32 0.38 0.67 0.96 1.06 1.00 1.01 1.18 1.44 1.55 1.69 1.54 0.96 0.96 1.40 2.13 2.40 1.62 1.13 1.17 1.25 1.37 1.54 1.78 2.01 2.13 2.17 2.28 2.37 2.45 2.85 3.24 3.74 4.14 3.66 2.96 2.48 2.19 2.38 2.42 2.09 1.87 1.80 1.87 1.91 1.78 1.57 1.52 1.49 1.36 1.21 1.06 0.97 0.90 0.81 0.85 1.01 1.08 1.09 1.16 1.21 1.16 1.19 1.27 1.20 1.13 1.10 1.10 1.19 1.28 1.26 1.18 1.17 1.28 1.51 1.65 1.56 1.47 1.53 1.60 1.66 1.63 1.35 1.07
0.31 0.33 0.61 0.98 1.08 0.98 1.09 1.31 1.52 1.47 1.53 1.70 1.19 0.96 1.21 1.91 2.52 2.11 1.31 1.15 1.21 1.32 1.55 1.85 2.11 2.25 2.30 2.35 2.67 3.17 3.53 3.64 3.71 3.60 3.19 2.86 2.48 2.37 2.32 2.01 1.83 1.79 1.90 2.02 1.99 1.81 1.67 1.61 1.47 1.28 1.14 1.01 0.94 0.89 0.79 0.77 0.96 1.10 1.10 1.17 1.25 1.16 1.14 1.16 1.05 1.10 1.12 1.04 1.14 1.31 1.30 1.20 1.17 1.23 1.36 1.54 1.64 1.63 1.62 1.66 1.66 1.63 1.41 1.19
0.34 0.35 0.63 0.95 1.03 0.98 1.17 1.45 1.60 1.40 1.40 1.88 1.48 0.99 1.11 1.72 2.48 2.37 1.55 1.15 1.13 1.29 1.54 1.85 2.20 2.36 2.38 2.53 3.17 3.80 3.79 3.52 3.38 3.18 3.08 2.86 2.50 2.37 1.92 1.64 1.62 1.65 1.87 1.90 1.79 1.70 1.69 1.59 1.36 1.21 1.09 0.98 0.93 0.88 0.78 0.73 0.95 1.11 1.10 1.18 1.21 1.04 0.97 1.01 0.99 1.15 1.26 1.10 1.09 1.28 1.31 1.23 1.23 1.22 1.23 1.33 1.53 1.69 1.76 1.76 1.71 1.67 1.49 1.32
0.42 0.45 0.75 0.91 0.96 1.01 1.21 1.50 1.66 1.37 1.37 2.06 1.74 1.04 1.01 1.44 2.30 2.47 1.64 1.14 1.10 1.32 1.54 1.81 2.26 2.39 2.45 2.85 3.76 4.25 3.82 3.55 3.40 3.00 3.00 2.86 2.42 2.30 1.89 1.55 1.46 1.47 1.70 1.73 1.65 1.65 1.57 1.31 1.12 1.04 0.97 0.94 0.88 0.81 0.75 0.74 0.92 1.07 1.06 1.10 1.03 0.87 0.88 0.95 1.01 1.28 1.46 1.29 1.16 1.18 1.24 1.26 1.29 1.26 1.17 1.15 1.28 1.55 1.77 1.84 1.84 1.80 1.62 1.46
0.45 0.52 0.79 0.83 0.86 1.02 1.18 1.43 1.69 1.49 1.52 2.26 1.90 0.95 0.87 1.25 1.94 2.41 1.95 1.41 1.34 1.43 1.56 1.87 2.28 2.43 2.51 3.16 4.47 4.67 3.71 3.39 3.27 2.84 2.91 2.86 2.33 2.22 2.06 1.56 1.38 1.38 1.53 1.72 1.74 1.69 1.53 1.22 1.03 0.95 0.94 0.93 0.81 0.74 0.70 0.65 0.76 0.94 0.95 0.93 0.85 0.82 0.91 0.98 1.07 1.36 1.55 1.48 1.29 1.12 1.14 1.26 1.32 1.28 1.19 1.10 1.10 1.30 1.59 1.76 1.89 1.98 1.82 1.55
0.45 0.55 0.77 0.74 0.79 1.00 1.12 1.29 1.64 1.59 1.79 2.30 1.66 0.82 0.83 1.15 1.56 2.07 2.21 1.92 1.74 1.71 1.73 1.97 2.26 2.42 2.72 3.98 5.55 4.85 3.28 3.06 3.13 2.83 2.81 2.82 2.33 2.14 2.10 1.63 1.39 1.32 1.33 1.65 1.87 1.78 1.59 1.30 1.04 0.99 0.99 0.91 0.74 0.70 0.63 0.52 0.55 0.78 0.89 0.78 0.74 0.91 1.02 1.05 1.17 1.40 1.51 1.54 1.45 1.16 1.09 1.25 1.33 1.29 1.24 1.14 1.07 1.18 1.40 1.55 1.73 2.03 2.03 1.65
0.48 0.59 0.75 0.73 0.79 0.97 1.06 1.20 1.55 1.60 1.85 2.25 1.63 0.82 0.86 1.11 1.33 1.56 1.95 2.27 2.42 2.29 2.10 2.17 2.54 2.92 3.99 5.99 5.91 4.07 2.69 2.74 3.03 2.76 2.62 2.76 2.40 2.10 2.09 1.74 1.40 1.26 1.23 1.53 1.94 1.93 1.70 1.36 1.08 1.02 0.95 0.82 0.69 0.66 0.60 0.48 0.46 0.70 0.89 0.78 0.80 1.04 1.10 1.09 1.23 1.40 1.44 1.48 1.51 1.35 1.18 1.29 1.39 1.33 1.30 1.23 1.16 1.18 1.30 1.41 1.49 1.86 2.11 1.87
0.45 0.56 0.75 0.74 0.77 0.90 1.04 1.27 1.50 1.53 1.71 2.14 1.87 1.08 1.08 1.18 1.17 1.27 1.58 2.10 2.63 3.09 2.92 2.90 4.00 5.22 5.82 5.90 4.50 2.90 2.40 2.54 2.90 2.65 2.50 2.70 2.46 2.09 1.98 1.75 1.44 1.26 1.24 1.44 1.91 2.12 1.87 1.42 1.11 0.98 0.86 0.72 0.61 0.57 0.53 0.43 0.40 0.64 0.91 0.90 0.94 1.08 1.09 1.09 1.24 1.37 1.39 1.41 1.46 1.45 1.41 1.47 1.50 1.44 1.38 1.33 1.25 1.20 1.26 1.34 1.38 1.64 1.94 1.96
0.47 0.58 0.78 0.75 0.76 0.88 1.10 1.39 1.47 1.43 1.46 1.82 1.96 1.67 1.58 1.34 1.12 1.28 1.64 2.14 3.07 4.11 4.38 4.43 4.88 5.39 4.99 3.79 2.90 2.39 2.24 2.44 2.75 2.59 2.46 2.58 2.44 2.13 1.85 1.69 1.50 1.32 1.34 1.47 1.86 2.23 1.97 1.39 1.01 0.85 0.77 0.65 0.52 0.48 0.45 0.36 0.34 0.64 0.94 0.97 0.97 1.03 1.03 1.08 1.24 1.34 1.36 1.36 1.40 1.43 1.54 1.67 1.66 1.56 1.50 1.45 1.31 1.25 1.33 1.36 1.39 1.57 1.72 1.81
0.50 0.60 0.80 0.77 0.77 0.92 1.19 1.42 1.43 1.33 1.27 1.50 1.83 1.98 1.97 1.55 1.33 1.65 2.40 4.14 5.07 4.86 4.51 4.12 4.05 3.88 3.34 2.73 2.30 2.10 2.18 2.45 2.59 2.40 2.29 2.40 2.40 2.14 1.75 1.64 1.56 1.46 1.51 1.61 1.87 2.23 2.02 1.30 0.87 0.76 0.69 0.57 0.45 0.43 0.40 0.33 0.34 0.65 0.93 0.97 0.97 0.99 1.02 1.11 1.23 1.32 1.33 1.33 1.37 1.40 1.55 1.78 1.85 1.71 1.60 1.56 1.41 1.35 1.43 1.47 1.52 1.59 1.61 1.66
0.48 0.55 0.76 0.76 0.75 0.94 1.21 1.41 1.40 1.29 1.27 1.43 1.62 1.83 2.02 2.08 2.00 2.59 4.38 5.91 5.25 3.93 3.43 3.16 3.27 3.40 3.08 2.49 2.07 2.04 2.23 2.33 2.27 2.07 2.03 2.26 2.35 2.03 1.71 1.68 1.66 1.65 1.69 1.79 1.97 2.17 1.97 1.26 0.86 0.80 0.67 0.50 0.38 0.37 0.34 0.29 0.35 0.64 0.89 0.96 0.97 0.99 1.04 1.13 1.23 1.30 1.31 1.32 1.34 1.39 1.53 1.77 1.95 1.89 1.74 1.71 1.60 1.43 1.45 1.57 1.64 1.64 1.60 1.59
0.49 0.54 0.76 0.79 0.76 0.97 1.23 1.38 1.40 1.34 1.35 1.37 1.40 1.58 1.90 2.44 3.23 4.45 5.63 5.32 3.66 2.92 2.89 2.99 3.33 3.54 3.01 2.28 2.15 2.25 2.26 2.12 1.96 1.85 1.82 2.03 2.24 2.05 1.79 1.78 1.81 1.83 1.93 2.06 2.16 2.11 1.80 1.19 0.91 0.82 0.58 0.37 0.28 0.28 0.25 0.25 0.34 0.60 0.86 0.96 0.97 0.98 1.05 1.14 1.23 1.28 1.31 1.31 1.32 1.38 1.52 1.74 1.93 2.00 1.95 1.94 1.82 1.53 1.52 1.67 1.72 1.70 1.60 1.49
0.54 0.59 0.78 0.82 0.82 1.05 1.23 1.31 1.42 1.41 1.34 1.27 1.26 1.47 1.87 2.56 4.05 5.35 5.11 3.60 2.95 2.84 2.83 2.92 3.38 3.58 2.72 2.29 2.33 2.32 2.26 2.15 1.98 1.79 1.73 1.87 2.11 2.20 2.00 1.93 2.03 2.10 2.21 2.30 2.23 1.90 1.43 1.02 0.90 0.75 0.41 0.17 0.19 0.20 0.17 0.20 0.29 0.57 0.84 0.95 0.97 1.00 1.06 1.15 1.22 1.27 1.33 1.32 1.31 1.34 1.51 1.73 1.85 2.00 2.10 2.15 2.06 1.71 1.61 1.78 1.88 1.78 1.54 1.39
0.55 0.60 0.74 0.84 0.96 1.16 1.19 1.22 1.40 1.45 1.31 1.24 1.28 1.53 2.05 2.77 4.52 5.53 4.39 3.18 2.99 2.93 2.91 3.03 3.38 3.48 2.72 2.27 2.28 2.12 2.05 2.02 1.88 1.76 1.84 2.01 2.20 2.33 2.20 2.15 2.34 2.36 2.34 2.38 2.14 1.50 1.01 0.84 0.83 0.64 0.24 0.05 0.12 0.13 0.13 0.17 0.26 0.54 0.82 0.92 0.99 1.09 1.08 1.14 1.23 1.27 1.34 1.34 1.29 1.33 1.51 1.70 1.78 1.98 2.17 2.30 2.35 1.94 1.66 1.89 2.01 1.78 1.47 1.36
0.53 0.57 0.72 0.89 1.13 1.24 1.16 1.17 1.38 1.51 1.41 1.33 1.39 1.77 2.32 3.38 5.24 5.57 4.46 3.50 3.28 3.17 3.15 3.17 3.15 3.02 2.68 2.36 2.23 2.03 1.88 1.82 1.73 1.84 2.08 2.22 2.32 2.34 2.21 2.35 2.54 2.43 2.36 2.33 1.90 1.21 0.87 0.74 0.65 0.42 0.14 0.01 0.04 0.06 0.12 0.17 0.27 0.55 0.81 0.93 1.06 1.17 1.10 1.12 1.24 1.28 1.36 1.38 1.31 1.34 1.51 1.65 1.72 1.90 2.18 2.45 2.60 2.13 1.73 1.94 2.03 1.72 1.39 1.30
0.59 0.66 0.83 1.00 1.22 1.23 1.15 1.24 1.38 1.57 1.64 1.49 1.66 2.17 3.24 5.16 5.97 5.35 4.29 3.67 3.39 3.19 3.08 2.91 2.56 2.42 2.56 2.57 2.37 2.16 1.98 1.91 1.89 2.03 2.17 2.21 2.23 2.15 2.17 2.52 2.67 2.44 2.32 2.08 1.41 0.99 0.80 0.60 0.38 0.27 0.16 0.05 0.03 0.09 0.14 0.17 0.30 0.59 0.82 0.97 1.13 1.17 1.10 1.12 1.24 1.32 1.37 1.43 1.42 1.41 1.49 1.62 1.69 1.75 2.08 2.56 2.76 2.36 1.88 1.94 2.01 1.70 1.31 1.18
0.63 0.74 0.93 1.08 1.23 1.24 1.22 1.33 1.41 1.60 1.72 1.65 1.81 2.76 4.98 6.22 5.66 4.68 4.00 3.65 3.30 2.80 2.64 2.43 2.14 2.12 2.36 2.63 2.63 2.41 2.20 2.11 2.15 2.17 2.17 2.17 2.05 1.94 2.23 2.74 2.74 2.41 2.16 1.63 1.05 0.82 0.64 0.36 0.18 0.21 0.19 0.11 0.10 0.15 0.16 0.19 0.36 0.66 0.87 1.02 1.15 1.14 1.12 1.15 1.23 1.33 1.37 1.47 1.63 1.59 1.53 1.60 1.64 1.62 1.90 2.45 2.80 2.64 2.09 1.96 1.92 1.64 1.34 1.23
0.61 0.75 0.95 1.05 1.19 1.26 1.28 1.31 1.36 1.52 1.65 1.74 1.86 3.23 5.75 5.85 4.66 4.25 3.82 3.56 3.16 2.51 2.28 2.24 2.13 2.11 2.26 2.61 2.85 2.68 2.33 2.19 2.22 2.20 2.25 2.25 2.03 1.90 2.35 2.89 2.65 2.30 1.95 1.19 0.81 0.65 0.42 0.14 0.07 0.19 0.21 0.19 0.18 0.21 0.21 0.23 0.43 0.76 0.95 1.06 1.13 1.12 1.14 1.17 1.21 1.32 1.37 1.51 1.82 1.85 1.66 1.59 1.62 1.60 1.73 2.21 2.68 2.75 2.43 2.08 1.87 1.61 1.45 1.45
0.61 0.72 0.90 0.97 1.16 1.27 1.23 1.20 1.27 1.45 1.60 1.84 2.11 3.84 5.93 5.37 4.40 4.03 3.50 3.27 3.03 2.52 2.25 2.25 2.16 2.12 2.27 2.68 3.00 2.76 2.20 2.07 2.14 2.21 2.32 2.30 2.07 1.94 2.39 2.93 2.57 2.07 1.54 0.92 0.62 0.49 0.32 0.12 0.13 0.22 0.26 0.27 0.28 0.27 0.26 0.31 0.56 0.89 1.01 1.06 1.10 1.11 1.16 1.15 1.17 1.28 1.39 1.57 1.91 2.10 1.88 1.66 1.67 1.67 1.58 1.87 2.44 2.67 2.60 2.44 2.06 1.66 1.60 1.69
0.62 0.68 0.79 0.89 1.15 1.24 1.14 1.12 1.26 1.48 1.77 2.14 2.87 5.25 6.27 5.12 4.15 3.55 2.98 2.98 3.01 2.65 2.39 2.30 2.13 2.12 2.31 2.74 2.95 2.58 2.13 2.09 2.24 2.31 2.35 2.20 1.97 1.99 2.48 2.93 2.42 1.57 1.08 0.74 0.51 0.46 0.37 0.23 0.22 0.28 0.31 0.35 0.35 0.34 0.35 0.47 0.75 0.98 1.01 1.04 1.07 1.10 1.15 1.11 1.12 1.25 1.42 1.65 1.95 2.21 2.19 1.93 1.81 1.75 1.62 1.64 2.11 2.45 2.50 2.66 2.48 1.83 1.84 1.85
0.64 0.67 0.73 0.90 1.15 1.17 1.10 1.17 1.37 1.61 2.01 2.77 4.66 6.58 6.12 4.35 3.51 3.03 2.67 2.80 3.03 2.81 2.52 2.32 2.16 2.20 2.41 2.69 2.74 2.37 2.06 2.26 2.42 2.28 2.32 2.15 1.97 2.25 2.64 2.69 1.90 1.04 0.79 0.59 0.45 0.47 0.43 0.33 0.30 0.34 0.39 0.43 0.41 0.42 0.54 0.72 0.91 0.99 1.01 1.05 1.05 1.10 1.12 1.02 1.06 1.24 1.45 1.73 1.98 2.20 2.39 2.34 2.06 1.85 1.73 1.65 1.83 2.19 2.29 2.61 2.73 2.38 2.27 1.94
0.61 0.64 0.79 1.02 1.08 1.07 1.21 1.36 1.48 1.90 2.45 3.67 6.29 6.67 4.61 3.34 3.06 2.78 2.48 2.70 3.05 2.94 2.60 2.36 2.28 2.38 2.50 2.58 2.57 2.29 2.12 2.37 2.40 2.28 2.47 2.37 2.21 2.39 2.40 2.01 1.24 0.78 0.66 0.51 0.46 0.50 0.47 0.41 0.40 0.43 0.49 0.52 0.50 0.58 0.80 0.93 0.95 0.96 1.01 1.04 1.06 1.14 1.08 0.93 0.98 1.24 1.50 1.77 1.98 2.19 2.45 2.57 2.32 1.97 1.85 1.66 1.60 1.96 2.19 2.50 2.91 2.88 2.39 1.80
0.57 0.63 0.88 1.00 0.97 1.09 1.42 1.54 1.70 2.49 3.26 5.23 6.76 5.16 3.20 2.90 2.82 2.74 2.63 2.88 3.12 2.99 2.68 2.53 2.49 2.55 2.56 2.47 2.41 2.26 2.23 2.38 2.40 2.50 2.70 2.50 2.27 2.18 1.80 1.18 0.77 0.65 0.60 0.51 0.48 0.50 0.49 0.47 0.49 0.53 0.58 0.66 0.71 0.84 1.01 1.01 0.95 0.97 1.03 1.06 1.12 1.18 1.08 0.93 1.01 1.32 1.61 1.80 1.97 2.25 2.44 2.55 2.54 2.33 2.04 1.57 1.38 1.79 2.23 2.59 3.14 3.08 2.27 1.67
0.58 0.59 0.87 0.91 0.99 1.26 1.54 1.70 2.18 2.85 4.00 6.33 6.36 3.49 2.69 2.74 2.75 2.98 3.10 3.18 3.14 2.93 2.75 2.74 2.74 2.67 2.53 2.31 2.23 2.25 2.32 2.46 2.56 2.67 2.73 2.45 2.07 1.71 1.15 0.61 0.50 0.57 0.56 0.52 0.49 0.50 0.52 0.54 0.57 0.62 0.67 0.85 1.04 1.08 1.13 1.04 0.95 1.01 1.06 1.13 1.22 1.22 1.15 1.09 1.24 1.56 1.77 1.87 2.02 2.25 2.36 2.42 2.72 2.73 2.05 1.39 1.26 1.71 2.33 2.89 3.13 2.92 2.46 1.92
0.71 0.61 0.88 1.01 1.15 1.36 1.61 1.91 2.46 2.85 4.45 5.99 4.85 3.03 2.74 2.77 2.92 3.35 3.46 3.07 2.81 2.79 2.84 2.90 2.84 2.69 2.46 2.27 2.27 2.41 2.54 2.70 2.66 2.57 2.68 2.37 1.64 1.00 0.52 0.28 0.36 0.51 0.55 0.54 0.52 0.53 0.57 0.60 0.64 0.69 0.80 1.11 1.38 1.41 1.30 1.04 0.95 1.08 1.13 1.20 1.29 1.29 1.28 1.29 1.44 1.67 1.83 1.93 1.99 2.10 2.22 2.42 2.88 2.83 1.92 1.26 1.28 1.60 2.43 3.01 2.74 2.62 2.74 2.14
0.82 0.74 0.98 1.14 1.22 1.37 1.71 2.10 2.51 2.73 4.10 5.77 4.65 3.21 2.97 2.85 3.07 3.56 3.37 2.59 2.51 2.69 2.86 2.97 2.80 2.48 2.30 2.37 2.49 2.59 2.70 2.82 2.60 2.38 2.51 2.01 1.08 0.51 0.21 0.20 0.34 0.48 0.54 0.56 0.55 0.57 0.62 0.66 0.69 0.79 1.05 1.40 1.67 1.72 1.40 1.01 1.01 1.12 1.17 1.31 1.41 1.39 1.40 1.42 1.44 1.64 1.88 1.94 1.92 1.93 2.07 2.45 2.98 2.89 1.98 1.29 1.26 1.49 2.46 2.92 2.38 2.59 2.83 1.91
0.78 0.84 1.09 1.21 1.29 1.51 1.90 2.28 2.66 2.75 3.56 5.91 5.61 3.63 3.11 2.89 3.16 3.51 2.88 2.38 2.51 2.69 2.87 2.88 2.64 2.41 2.39 2.55 2.60 2.55 2.62 2.72 2.42 2.15 2.07 1.46 0.80 0.40 0.25 0.28 0.38 0.48 0.54 0.58 0.61 0.63 0.67 0.70 0.77 0.99 1.34 1.64 1.90 1.87 1.44 1.13 1.15 1.20 1.34 1.60 1.62 1.51 1.49 1.46 1.43 1.67 1.94 1.89 1.84 1.93 2.01 2.35 2.96 2.93 2.10 1.42 1.29 1.53 2.41 2.77 2.50 2.86 2.62 1.29
0.76 0.93 1.21 1.33 1.51 1.82 2.12 2.55 2.98 2.95 4.01 6.38 5.81 3.63 3.07 2.99 3.23 3.27 2.66 2.47 2.66 2.73 2.81 2.68 2.53 2.58 2.59 2.59 2.54 2.38 2.40 2.43 2.09 1.68 1.30 1.04 0.68 0.42 0.32 0.34 0.43 0.50 0.56 0.62 0.66 0.67 0.70 0.76 0.93 1.23 1.52 1.83 2.11 1.99 1.68 1.49 1.40 1.45 1.70 1.86 1.72 1.56 1.53 1.51 1.58 1.82 1.96 1.87 1.86 1.98 2.04 2.25 2.79 2.93 2.20 1.53 1.49 1.79 2.19 2.56 2.91 2.87 1.92 1.07
0.90 1.04 1.24 1.41 1.72 2.04 2.24 2.76 3.26 3.85 5.80 6.60 4.73 3.04 2.79 2.86 3.07 2.95 2.64 2.62 2.72 2.72 2.63 2.53 2.54 2.72 2.68 2.59 2.58 2.27 2.02 2.01 1.62 1.00 0.78 0.81 0.64 0.44 0.35 0.36 0.45 0.52 0.57 0.64 0.71 0.72 0.74 0.87 1.15 1.40 1.62 2.02 2.31 2.15 1.91 1.75 1.65 1.75 1.87 1.89 1.70 1.55 1.58 1.68 1.84 1.99 2.07 2.10 2.13 2.17 2.24 2.33 2.62 2.79 2.20 1.64 1.85 2.25 2.23 2.51 2.97 2.26 1.38 1.08
1.04 1.09 1.22 1.48 1.79 2.04 2.22 2.67 3.86 5.29 6.21 5.26 3.38 2.66 2.49 2.54 2.72 2.69 2.55 2.57 2.65 2.60 2.43 2.36 2.62 2.81 2.79 2.74 2.65 2.16 1.71 1.67 1.34 0.78 0.62 0.68 0.62 0.47 0.37 0.36 0.43 0.53 0.59 0.66 0.75 0.77 0.80 1.06 1.35 1.48 1.71 2.17 2.45 2.35 2.17 2.07 1.95 1.89 1.94 1.93 1.72 1.61 1.73 1.88 1.98 2.10 2.24 2.34 2.40 2.51 2.61 2.53 2.51 2.48 2.11 1.89 2.43 2.81 2.52 2.62 2.52 1.58 1.44 1.31
1.14 1.26 1.43 1.63 1.92 2.25 2.43 2.91 4.83 5.77 4.98 3.59 2.92 2.55 2.38 2.40 2.51 2.51 2.43 2.46 2.50 2.40 2.13 2.18 2.63 2.94 2.95 2.77 2.40 1.90 1.41 1.22 1.13 0.77 0.60 0.62 0.59 0.48 0.38 0.36 0.43 0.56 0.64 0.69 0.77 0.85 0.95 1.24 1.44 1.52 1.79 2.25 2.55 2.64 2.60 2.40 2.12 1.92 1.97 1.94 1.77 1.76 1.88 2.01 2.11 2.24 2.36 2.39 2.43 2.66 2.78 2.52 2.23 2.08 2.04 2.43 3.11 2.95 2.17 2.04 1.67 1.27 1.59 1.65
1.32 1.49 1.64 1.81 2.40 2.78 2.65 3.33 5.63 5.85 3.95 3.04 2.78 2.46 2.33 2.30 2.29 2.32 2.44 2.47 2.36 2.17 1.90 2.02 2.51 3.00 3.04 2.36 1.85 1.50 1.02 0.89 0.91 0.76 0.64 0.60 0.56 0.47 0.40 0.39 0.46 0.62 0.72 0.72 0.80 0.99 1.18 1.35 1.46 1.57 1.82 2.26 2.67 2.98 3.02 2.63 2.28 2.08 1.98 1.93 1.83 1.88 2.02 2.17 2.33 2.39 2.39 2.34 2.36 2.65 2.81 2.37 1.84 1.76 2.11 2.96 3.30 2.43 1.40 1.31 1.09 1.00 1.54 1.96
1.45 1.56 1.73 2.08 2.62 2.68 2.45 3.53 5.97 5.59 3.38 2.80 2.67 2.45 2.36 2.24 2.12 2.23 2.42 2.39 2.17 1.95 1.80 1.93 2.29 2.87 3.15 2.42 1.56 1.23 0.90 0.75 0.75 0.75 0.70 0.59 0.52 0.46 0.42 0.44 0.52 0.70 0.79 0.76 0.86 1.18 1.42 1.41 1.46 1.63 1.84 2.23 2.79 3.24 3.29 2.85 2.47 2.24 2.12 2.09 1.96 1.98 2.20 2.38 2.49 2.43 2.37 2.35 2.43 2.81 2.95 2.27 1.59 1.68 2.31 3.21 3.15 1.81 0.97 0.88 0.80 0.87 1.33 2.04
