windninja/windninja_output/Output_2025-08-09_2300-2350_Google earth_Fire_150m_10min/merlingen_7.5mi_point_08-09-2025_2350_150m_ang.asc
ncols	158
nrows	163
xllcorner	391686.332397
yllcorner	5160024.123721
cellsize	150.000000
NODATA_value	-32768.000000
[rows 42 to 83 of 163, columns 0 to 93 of 158]
232 232 232 232 231 232 231 231 230 229 228 228 228 227 227 226 225 225 225 224 223 222 222 221 221 219 218 217 215 217 221 220 218 216 212 210 212 213 211 210 210 211 211 210 207 203 205 208 208 209 213 212 205 202 208 214 214 215 220 224 223 217 215 215 214 212 209 208 206 205 207 207 204 195 192 194 191 188 191 199 205 205 206 207 204 203 204 205 204 202 202 208 215 218
232 232 232 231 231 232 231 230 230 229 228 228 228 227 227 227 226 226 225 225 224 223 222 222 221 220 219 218 217 218 220 220 217 212 207 205 207 208 207 208 212 215 214 212 209 208 211 214 215 214 216 214 208 206 210 216 218 219 222 225 223 218 215 213 212 209 204 202 203 202 201 202 200 194 192 194 193 191 194 199 203 204 204 203 202 204 208 211 210 207 206 206 212 216
231 231 232 232 232 232 231 231 230 230 229 229 228 228 227 227 226 226 225 225 224 223 222 222 221 221 220 219 218 218 219 219 216 211 206 203 205 208 209 212 215 217 217 215 213 214 216 217 215 212 212 212 209 208 212 217 219 220 221 222 220 217 214 211 209 207 203 201 201 200 200 201 201 198 198 199 197 196 198 201 202 200 199 202 206 210 212 214 214 213 210 208 213 217
231 231 231 232 232 232 231 231 230 230 229 229 228 228 227 227 226 226 225 225 224 223 223 222 222 221 220 220 219 218 218 218 215 211 207 205 207 211 213 214 215 217 218 217 214 214 216 215 212 210 211 214 214 213 217 220 221 220 219 217 215 213 210 205 204 204 205 204 201 201 204 206 207 207 207 205 201 198 200 201 198 196 200 209 214 213 213 214 216 217 215 211 214 218
231 231 231 231 231 232 232 231 230 230 229 229 228 228 227 227 226 226 226 225 224 224 223 222 222 222 221 221 220 219 218 218 216 212 209 208 210 211 212 212 213 217 220 218 214 215 215 213 211 211 214 216 218 220 221 222 222 220 216 212 209 207 204 201 202 204 206 207 204 204 208 210 212 213 212 209 203 198 199 199 199 202 210 217 217 214 213 213 214 217 216 213 214 218
231 230 231 230 231 233 233 232 231 230 229 229 228 228 227 227 227 226 226 225 225 224 224 223 223 222 222 221 220 219 219 218 217 214 212 211 211 211 210 211 213 217 219 216 214 215 215 214 213 213 215 217 219 220 220 219 219 216 213 206 202 204 204 204 206 208 209 209 207 205 208 211 215 216 214 212 206 201 200 204 209 213 217 217 215 212 211 212 213 215 214 214 215 216
230 230 230 229 231 234 234 232 231 230 230 229 228 228 228 228 227 227 226 226 225 224 224 224 223 223 222 221 220 220 219 218 217 216 214 211 212 212 211 212 214 217 218 215 213 214 215 214 214 213 216 219 222 222 220 217 216 212 207 201 199 205 209 211 212 212 210 209 208 208 210 212 214 216 215 213 209 205 206 210 214 215 214 212 210 208 209 209 209 209 212 216 217 217
231 230 229 228 231 235 235 233 231 230 230 229 228 228 228 228 227 227 226 226 225 224 224 223 223 222 221 221 220 220 219 219 218 216 214 211 211 212 211 211 215 218 217 213 213 216 217 215 215 214 215 219 220 219 216 214 213 208 203 201 202 208 215 217 215 212 210 209 209 209 211 212 214 215 214 212 208 206 207 210 212 212 210 208 207 206 205 204 204 206 211 218 220 219
232 230 228 227 231 233 233 232 231 230 230 229 228 228 227 227 227 226 226 226 225 224 224 223 223 222 221 221 221 220 220 219 218 217 215 212 211 212 211 212 214 215 213 211 214 218 218 218 219 219 219 220 218 213 211 210 208 205 203 204 208 214 220 222 216 210 209 209 210 211 212 214 215 214 213 209 206 205 207 209 211 210 209 207 206 204 202 201 204 208 212 218 221 222
234 231 227 227 230 231 230 231 230 229 228 228 228 227 227 227 227 226 226 226 225 224 224 223 223 222 222 221 221 220 220 219 218 217 216 214 214 213 213 212 213 214 212 210 214 219 218 218 222 222 220 219 217 212 210 209 208 207 208 210 214 218 224 224 216 209 208 208 209 211 213 214 214 213 211 208 206 205 206 209 210 212 212 210 206 203 202 204 208 212 214 219 223 225
237 233 226 228 231 231 229 231 230 227 227 228 228 227 228 228 227 226 226 226 225 224 224 224 223 223 222 221 221 220 220 219 218 218 217 216 215 214 213 211 212 215 212 208 212 218 218 216 218 215 210 209 211 211 210 211 210 211 213 215 217 218 224 223 214 207 206 207 209 211 212 212 211 210 210 209 207 206 206 209 211 214 215 213 210 207 207 208 211 214 216 219 222 223
235 232 226 226 230 230 228 230 231 228 227 227 228 227 227 227 227 226 226 226 225 225 224 224 223 223 222 222 221 220 220 219 219 218 217 217 216 214 213 211 211 214 212 208 210 215 214 210 210 208 205 207 209 210 212 213 211 211 215 217 217 219 223 222 211 204 203 205 208 209 208 208 208 209 211 210 208 208 209 210 211 213 214 214 213 213 210 210 212 216 218 218 217 216
231 230 227 225 228 228 225 229 231 230 228 228 228 228 227 227 226 226 226 226 225 225 224 224 223 222 222 222 221 221 220 220 219 218 218 217 216 215 214 211 210 213 214 211 210 212 210 205 205 205 206 210 211 212 216 215 210 210 214 216 216 218 221 218 208 201 200 201 205 206 205 207 209 211 211 210 209 209 211 209 208 209 211 210 211 212 212 212 213 215 216 215 211 208
228 229 229 228 231 232 228 229 230 230 229 228 229 228 227 227 227 226 226 225 225 225 224 224 223 222 222 222 221 221 220 220 219 219 218 217 217 216 215 213 213 216 217 215 212 209 206 203 202 203 206 210 211 213 218 215 208 209 212 214 213 214 217 215 206 200 199 199 203 206 207 210 212 211 210 209 208 209 209 206 203 205 207 208 209 210 211 212 213 215 217 214 208 202
228 229 230 229 231 234 233 230 230 231 230 228 229 229 227 227 227 227 226 225 225 225 224 224 223 222 222 222 221 221 220 220 219 219 218 218 217 216 215 215 215 216 216 214 210 206 201 199 200 200 203 210 212 215 219 214 207 209 211 211 211 212 215 215 208 201 199 200 204 210 212 212 211 209 208 207 207 207 206 204 202 204 206 207 208 209 210 211 213 216 219 215 202 192
229 229 229 227 227 229 231 230 230 231 228 225 227 229 228 227 227 226 226 225 225 225 224 223 223 222 222 222 221 221 220 220 219 219 218 218 217 216 216 215 215 215 214 212 210 206 201 199 199 198 201 211 214 217 219 212 205 207 209 208 209 212 216 217 211 203 200 201 207 211 211 209 208 207 206 204 204 204 203 202 202 204 206 208 211 213 215 215 213 213 212 201 185 182
229 228 228 228 227 227 228 228 228 230 228 225 226 228 229 228 228 227 226 225 225 225 224 224 222 222 222 222 221 221 220 220 219 219 218 218 217 217 216 216 215 214 214 212 210 209 206 202 199 195 198 210 215 217 218 211 205 207 208 207 209 212 216 217 213 206 201 201 204 207 206 206 207 206 204 202 201 201 200 200 202 205 208 210 214 217 218 217 213 207 199 189 182 182
228 228 227 228 229 228 228 228 229 231 230 226 226 227 228 228 228 227 226 225 224 224 224 224 222 222 222 222 221 221 220 220 219 219 218 218 217 217 216 216 215 214 214 213 211 211 208 205 199 192 192 205 214 217 217 211 206 208 209 208 210 212 215 217 215 208 201 199 202 205 205 205 205 204 202 200 200 200 200 202 204 207 209 211 213 215 216 213 207 197 189 186 186 189
227 227 228 228 229 229 230 231 231 231 229 226 224 225 225 226 227 227 226 225 224 224 223 223 222 222 222 222 221 221 220 220 219 219 218 218 217 217 216 216 215 214 214 213 212 211 209 206 202 195 188 198 212 216 215 211 209 209 210 209 211 213 216 218 215 210 203 199 203 206 205 204 203 202 200 199 200 201 202 205 206 209 211 211 212 213 212 208 199 190 187 189 191 199
227 228 228 228 228 229 230 231 231 229 227 223 222 223 224 225 225 225 225 225 224 224 224 223 222 222 222 222 221 221 220 220 219 219 218 218 217 217 216 216 215 215 214 213 212 211 210 208 205 200 191 194 211 217 216 214 213 213 212 212 213 215 217 217 215 211 206 202 204 205 204 203 202 200 199 198 201 203 204 206 207 210 213 214 214 212 208 201 194 188 187 193 200 208
229 229 230 229 229 229 229 230 229 229 227 224 223 223 223 224 224 224 224 224 225 224 224 223 223 223 222 222 221 220 220 220 219 219 218 218 217 217 216 216 215 215 214 213 212 212 210 209 207 203 196 195 207 214 214 215 217 217 215 214 214 214 214 214 214 212 207 204 203 203 202 202 201 199 198 199 202 204 205 206 209 211 214 216 215 211 205 194 189 189 191 201 212 215
232 232 232 231 230 229 229 229 229 228 228 226 224 223 222 224 224 224 223 223 223 223 223 222 222 222 222 221 221 220 220 220 219 219 218 218 217 217 216 216 215 215 214 213 213 212 211 210 208 206 200 196 203 208 207 212 217 217 214 212 209 208 210 214 218 217 210 205 202 201 201 201 200 197 197 199 202 203 204 206 209 211 213 214 211 207 199 189 188 193 202 211 217 219
236 234 233 233 231 231 231 231 230 229 229 227 224 221 221 222 223 222 222 222 222 222 223 222 221 222 222 222 221 221 220 219 219 219 218 218 217 217 216 216 215 215 214 214 213 212 212 211 209 207 204 200 202 205 201 206 216 216 212 208 205 207 215 224 228 221 209 202 200 199 199 200 200 197 196 198 200 200 201 204 208 210 211 210 207 201 195 190 191 199 208 215 219 224
234 233 231 231 230 231 231 232 233 232 231 230 225 220 221 222 222 222 222 222 222 221 222 222 221 222 222 221 220 220 220 219 219 219 218 218 217 217 216 216 215 215 214 214 213 213 212 211 210 209 207 204 204 205 200 201 211 214 211 208 206 211 220 223 219 210 201 197 197 198 198 200 200 198 196 196 196 197 199 204 209 210 208 207 203 198 194 194 199 205 211 217 223 228
227 227 228 229 230 230 228 228 229 230 230 228 225 221 220 221 222 222 222 222 221 219 220 221 220 221 222 221 220 220 219 219 219 218 218 218 217 217 216 216 215 215 214 214 213 213 212 211 211 210 209 207 206 206 203 200 207 214 214 212 208 207 210 211 208 204 199 196 197 197 197 200 200 197 194 193 194 196 199 204 207 206 202 197 197 198 198 199 206 211 215 220 226 231
214 218 222 223 226 227 222 222 226 229 229 227 223 221 219 221 222 221 221 222 220 219 219 219 219 220 222 223 222 221 220 219 219 218 218 217 217 217 216 216 215 215 214 214 213 213 212 212 211 211 210 209 209 208 207 205 209 217 221 218 208 200 202 205 206 204 201 199 198 198 197 199 199 196 193 193 193 195 197 199 199 197 193 190 196 204 206 208 213 215 218 223 230 234
193 206 214 215 217 217 212 214 223 227 226 223 221 220 218 218 221 221 220 222 221 220 219 218 218 218 221 225 225 223 221 220 219 218 218 217 217 217 216 216 215 215 214 214 214 213 213 212 212 211 211 210 210 209 209 210 213 218 223 220 209 200 201 204 204 204 203 201 199 197 197 199 198 195 193 193 193 192 193 193 193 192 192 196 207 216 214 212 215 219 222 228 233 235
184 199 214 216 217 216 210 208 216 220 216 212 213 213 212 213 216 220 221 221 221 221 221 220 217 217 222 225 225 223 222 220 219 218 218 217 217 216 216 216 215 215 214 214 214 213 213 212 212 212 211 211 211 210 210 211 212 214 217 217 211 203 202 204 204 203 203 201 199 197 198 199 198 194 193 194 193 191 189 190 192 194 202 211 220 222 214 214 218 221 225 228 231 231
201 211 229 235 234 230 220 214 218 220 216 211 212 211 211 212 214 217 219 220 220 222 222 222 219 217 222 224 222 221 221 220 219 218 217 217 217 216 216 215 215 215 214 214 214 213 213 213 212 212 211 211 211 211 211 211 211 212 212 212 210 207 206 209 208 205 203 201 199 198 199 200 197 193 194 196 194 190 187 189 195 204 213 220 223 219 214 216 221 224 225 226 226 225
217 222 235 245 250 247 240 234 236 235 228 224 223 221 218 216 216 217 218 217 219 221 222 222 216 213 218 221 220 219 219 219 219 218 217 217 216 216 216 215 215 215 214 214 214 213 213 213 212 212 212 211 211 211 211 211 211 211 210 210 209 208 208 209 209 207 205 204 201 198 197 198 198 195 195 197 195 190 188 193 203 213 217 221 220 214 213 218 223 227 226 224 222 218
226 229 235 240 244 246 245 246 249 247 240 238 237 233 229 225 222 221 219 217 217 218 219 219 213 209 216 221 220 219 218 218 218 217 216 216 216 216 215 215 215 215 214 214 214 213 213 213 212 212 212 211 211 211 211 211 210 210 210 209 209 208 207 207 207 205 204 203 201 196 193 198 201 198 197 198 196 192 192 199 208 214 216 217 216 212 214 221 226 227 224 223 223 219
234 235 238 240 242 243 243 244 247 245 240 237 235 233 231 229 226 225 223 220 218 217 217 216 212 209 214 220 221 220 218 217 218 217 215 214 215 215 215 215 215 214 214 214 214 213 213 213 212 212 212 211 211 211 211 210 210 210 209 209 208 208 207 207 206 205 203 202 200 198 196 200 204 200 199 198 196 195 195 202 209 211 211 212 213 214 218 223 227 224 219 219 221 219
240 241 244 246 246 247 246 245 244 241 238 235 233 230 228 227 226 225 224 222 221 220 219 217 214 210 213 218 221 221 219 218 217 216 214 212 213 214 214 214 214 214 214 214 214 213 213 213 212 212 212 211 211 211 211 210 210 210 209 209 208 208 207 207 206 204 203 203 201 200 199 197 196 193 192 193 193 195 196 201 205 204 205 210 213 218 223 224 224 221 217 211 207 197
244 246 250 253 255 255 252 248 245 241 238 236 233 230 228 226 225 223 223 222 222 222 222 220 217 212 214 217 219 221 220 218 218 218 216 214 214 214 214 213 213 214 214 214 214 213 213 213 213 212 212 211 211 211 210 210 210 209 209 209 208 208 207 206 205 205 204 203 202 201 199 196 192 187 185 187 189 192 196 198 197 199 206 213 218 221 223 222 223 223 220 207 193 186
247 249 254 259 264 265 261 255 249 243 238 235 233 230 228 226 224 223 222 221 221 221 221 220 218 215 216 218 218 219 220 220 221 222 222 218 215 214 213 212 212 213 213 214 214 213 213 213 213 212 212 211 211 211 210 210 210 209 209 208 208 207 207 206 205 205 204 203 202 201 199 197 194 189 183 182 183 186 191 193 194 202 214 223 228 228 227 227 228 228 222 202 184 181
251 252 255 262 271 275 273 266 256 246 238 233 231 230 228 226 224 222 221 221 220 220 219 219 217 216 218 219 219 219 221 222 222 222 222 218 215 215 213 212 212 212 213 213 214 214 213 213 213 212 212 212 211 211 210 210 209 209 209 208 208 207 207 206 206 205 204 203 202 201 200 198 196 192 187 182 179 179 184 192 199 210 224 232 234 236 235 232 228 218 201 186 179 182
256 254 252 259 275 284 284 274 258 245 234 230 229 228 226 225 223 221 220 220 220 220 219 218 215 215 219 220 218 217 219 221 220 219 219 217 214 214 215 213 212 212 213 214 214 214 214 214 213 213 212 211 211 210 210 210 209 209 209 208 208 207 207 206 206 205 204 203 202 201 200 199 197 194 190 185 179 175 178 191 205 216 224 227 224 222 222 217 205 197 189 182 180 185
254 252 245 247 262 277 279 264 246 232 224 224 225 225 224 223 222 220 219 219 220 219 219 217 213 213 217 218 216 214 214 217 218 219 220 218 215 214 216 215 212 212 215 215 215 215 215 215 214 214 213 211 211 210 210 209 209 209 208 208 208 207 207 206 206 205 204 203 202 201 200 199 198 195 192 188 182 176 176 190 206 213 214 213 211 211 210 202 193 188 185 185 185 187
247 242 235 235 237 234 221 205 208 210 211 216 221 222 222 221 221 220 218 219 219 219 219 216 211 212 216 217 216 213 212 214 215 216 218 217 215 214 215 215 213 213 216 217 217 217 217 218 217 215 213 211 210 210 209 209 209 209 208 208 208 207 207 206 205 205 204 203 203 202 200 199 198 196 194 191 186 180 178 186 198 204 204 204 206 207 202 192 188 187 188 189 189 189
244 244 238 233 233 228 211 198 199 201 202 209 217 220 220 221 221 220 218 218 218 218 218 215 211 212 216 217 216 213 211 211 212 214 216 216 215 213 214 215 213 212 215 219 221 223 223 224 224 221 215 211 209 209 209 209 209 208 208 208 207 207 206 206 205 205 204 203 203 202 200 199 198 197 195 192 188 184 181 182 187 194 200 204 205 204 194 186 185 188 190 191 192 191
254 252 241 233 232 228 218 209 205 204 205 209 215 219 220 221 222 221 219 218 218 218 218 215 210 212 215 216 215 214 213 213 214 217 218 218 216 215 215 214 212 211 212 214 215 216 216 216 216 215 211 208 207 207 207 208 208 208 208 208 207 207 206 206 205 205 204 204 203 202 201 199 199 197 195 193 190 186 183 179 179 187 198 204 203 194 188 184 184 188 191 193 194 194
243 234 222 226 228 226 222 217 215 214 213 214 217 221 223 223 223 223 221 220 219 218 217 214 209 209 212 213 214 214 215 215 216 219 222 222 221 219 216 215 213 211 209 208 207 207 205 204 205 206 205 204 203 203 206 207 208 208 208 208 207 207 206 206 205 205 204 204 203 202 201 200 199 198 196 194 191 188 184 179 176 182 193 199 196 188 184 183 184 187 191 194 196 196
