windninja/windninja_output/Output_2025-08-09_2300-2350_Google earth_Fire_150m_10min/merlingen_7.5mi_point_08-09-2025_2310_150m_vel.asc
ncols	158
nrows	163
xllcorner	391686.332397
yllcorner	5160024.123721
cellsize	150.000000
NODATA_value	-32768.000000
[rows 38 to 75 of 163, columns 0 to 83 of 158]
1.20 1.18 1.13 1.07 1.01 0.97 0.94 0.90 0.87 0.85 0.84 0.82 0.80 0.78 0.76 0.74 0.73 0.72 0.70 0.69 0.68 0.66 0.64 0.62 0.60 0.57 0.55 0.55 0.57 0.58 0.55 0.53 0.55 0.62 0.73 0.77 0.76 0.80 0.85 0.81 0.77 0.76 0.75 0.76 0.80 0.80 0.77 0.77 0.81 0.86 0.85 0.77 0.76 0.85 0.87 0.79 0.79 0.91 1.01 1.10 1.19 1.14 0.90 0.62 0.54 0.76 1.13 1.23 0.97 0.77 0.76 0.78 0.77 0.67 0.57 0.58 0.51 0.43 0.67 0.85 0.67 0.60 0.72 0.92
1.20 1.18 1.11 1.06 1.01 0.97 0.93 0.90 0.88 0.86 0.84 0.81 0.79 0.78 0.76 0.74 0.73 0.71 0.70 0.68 0.67 0.66 0.64 0.62 0.60 0.57 0.54 0.52 0.49 0.48 0.46 0.46 0.49 0.57 0.65 0.71 0.75 0.84 0.91 0.87 0.81 0.78 0.77 0.76 0.81 0.86 0.82 0.76 0.78 0.88 0.92 0.81 0.76 0.87 0.98 0.90 0.83 0.92 1.06 1.15 1.22 1.29 1.21 0.89 0.65 0.76 1.14 1.21 0.94 0.78 0.77 0.78 0.75 0.67 0.62 0.66 0.55 0.38 0.57 0.89 0.85 0.70 0.71 0.84
1.23 1.20 1.13 1.07 1.02 0.99 0.95 0.92 0.89 0.86 0.83 0.81 0.80 0.79 0.77 0.76 0.74 0.72 0.70 0.68 0.67 0.66 0.64 0.63 0.60 0.57 0.53 0.47 0.42 0.41 0.42 0.41 0.41 0.48 0.56 0.61 0.66 0.77 0.89 0.94 0.91 0.86 0.81 0.77 0.79 0.86 0.87 0.80 0.77 0.87 0.96 0.86 0.72 0.78 0.96 0.99 0.89 0.87 0.98 1.09 1.13 1.24 1.36 1.19 0.82 0.81 1.16 1.20 0.95 0.84 0.78 0.76 0.71 0.60 0.61 0.70 0.56 0.39 0.49 0.79 0.92 0.88 0.86 0.91
1.26 1.24 1.17 1.10 1.04 1.00 0.97 0.94 0.91 0.87 0.84 0.82 0.81 0.79 0.78 0.76 0.74 0.73 0.71 0.69 0.67 0.66 0.64 0.62 0.60 0.57 0.52 0.47 0.43 0.42 0.43 0.41 0.39 0.42 0.49 0.56 0.61 0.65 0.75 0.89 0.97 0.99 0.96 0.89 0.83 0.86 0.92 0.91 0.86 0.89 0.99 0.93 0.73 0.66 0.77 0.89 0.84 0.76 0.84 0.96 0.99 1.03 1.24 1.34 1.09 0.92 1.13 1.20 1.01 0.91 0.83 0.79 0.73 0.57 0.59 0.71 0.55 0.42 0.46 0.65 0.81 0.87 0.96 1.03
1.27 1.25 1.19 1.13 1.07 1.02 0.98 0.95 0.92 0.89 0.86 0.83 0.81 0.79 0.78 0.76 0.75 0.73 0.71 0.69 0.67 0.65 0.64 0.62 0.60 0.57 0.54 0.49 0.46 0.44 0.45 0.44 0.42 0.41 0.45 0.52 0.61 0.68 0.72 0.81 0.90 0.96 0.98 0.96 0.90 0.86 0.88 0.89 0.84 0.82 0.92 0.93 0.75 0.63 0.67 0.77 0.78 0.73 0.77 0.87 0.89 0.87 1.00 1.23 1.28 1.14 1.10 1.18 1.12 0.98 0.94 0.92 0.82 0.64 0.65 0.70 0.54 0.46 0.48 0.60 0.74 0.79 0.89 1.03
1.28 1.26 1.20 1.15 1.10 1.06 1.01 0.96 0.93 0.90 0.87 0.84 0.82 0.80 0.78 0.76 0.74 0.73 0.71 0.69 0.67 0.65 0.64 0.63 0.61 0.58 0.55 0.52 0.48 0.44 0.44 0.45 0.44 0.42 0.42 0.46 0.54 0.64 0.70 0.72 0.77 0.84 0.87 0.87 0.84 0.79 0.79 0.81 0.80 0.79 0.87 0.90 0.78 0.68 0.69 0.75 0.76 0.75 0.78 0.85 0.86 0.80 0.84 0.97 1.17 1.22 1.12 1.12 1.15 1.11 1.09 1.11 1.01 0.82 0.78 0.74 0.61 0.53 0.51 0.58 0.70 0.77 0.87 1.01
1.29 1.26 1.20 1.15 1.11 1.06 1.02 0.97 0.94 0.91 0.88 0.85 0.82 0.80 0.78 0.76 0.75 0.73 0.72 0.70 0.69 0.67 0.64 0.63 0.61 0.59 0.57 0.54 0.50 0.47 0.45 0.45 0.44 0.42 0.40 0.39 0.43 0.50 0.54 0.60 0.67 0.75 0.80 0.80 0.76 0.75 0.76 0.78 0.80 0.82 0.87 0.90 0.84 0.76 0.76 0.78 0.76 0.76 0.79 0.84 0.86 0.83 0.80 0.82 0.98 1.12 1.11 1.04 1.02 1.06 1.11 1.18 1.16 1.04 0.94 0.83 0.68 0.61 0.59 0.61 0.67 0.74 0.88 1.00
1.30 1.27 1.22 1.17 1.11 1.06 1.02 0.99 0.95 0.92 0.88 0.85 0.83 0.81 0.79 0.77 0.76 0.74 0.73 0.71 0.70 0.68 0.66 0.63 0.62 0.60 0.58 0.55 0.52 0.49 0.47 0.47 0.45 0.42 0.39 0.36 0.34 0.38 0.44 0.50 0.58 0.69 0.77 0.76 0.71 0.74 0.78 0.79 0.79 0.80 0.84 0.87 0.85 0.77 0.77 0.81 0.79 0.76 0.78 0.83 0.86 0.88 0.84 0.83 0.94 1.01 1.03 0.98 0.84 0.81 0.93 1.04 1.12 1.11 1.02 0.89 0.72 0.65 0.66 0.69 0.71 0.77 0.88 0.96
1.32 1.28 1.23 1.18 1.12 1.06 1.02 0.98 0.95 0.93 0.90 0.87 0.84 0.82 0.80 0.78 0.76 0.75 0.73 0.71 0.69 0.68 0.66 0.64 0.62 0.60 0.58 0.56 0.53 0.50 0.48 0.46 0.45 0.42 0.39 0.36 0.34 0.34 0.39 0.44 0.51 0.61 0.72 0.74 0.68 0.70 0.76 0.80 0.79 0.77 0.79 0.83 0.83 0.79 0.76 0.80 0.81 0.79 0.78 0.78 0.82 0.89 0.90 0.88 0.94 0.97 0.95 0.92 0.78 0.72 0.81 0.90 1.02 1.07 1.03 0.93 0.77 0.67 0.69 0.74 0.77 0.81 0.87 0.89
1.33 1.29 1.23 1.18 1.13 1.06 0.99 0.96 0.94 0.92 0.90 0.88 0.86 0.83 0.81 0.78 0.77 0.75 0.73 0.71 0.69 0.67 0.66 0.64 0.62 0.60 0.58 0.57 0.55 0.52 0.49 0.47 0.44 0.41 0.37 0.35 0.35 0.34 0.34 0.38 0.44 0.54 0.65 0.69 0.68 0.69 0.73 0.77 0.77 0.74 0.76 0.79 0.81 0.84 0.80 0.80 0.84 0.84 0.82 0.74 0.74 0.88 0.94 0.91 0.93 0.95 0.88 0.85 0.78 0.74 0.79 0.84 0.94 1.00 0.99 0.93 0.80 0.69 0.67 0.76 0.82 0.83 0.85 0.84
1.32 1.29 1.23 1.18 1.14 1.08 0.99 0.93 0.92 0.91 0.89 0.87 0.85 0.83 0.80 0.78 0.76 0.75 0.73 0.71 0.70 0.68 0.66 0.65 0.63 0.61 0.59 0.57 0.56 0.54 0.51 0.49 0.46 0.42 0.38 0.35 0.35 0.34 0.33 0.34 0.39 0.46 0.54 0.59 0.65 0.71 0.75 0.75 0.75 0.72 0.74 0.77 0.79 0.81 0.80 0.80 0.85 0.87 0.86 0.75 0.71 0.86 0.98 0.96 0.92 0.90 0.83 0.78 0.76 0.74 0.78 0.82 0.87 0.92 0.93 0.90 0.81 0.73 0.72 0.80 0.87 0.86 0.83 0.81
1.32 1.29 1.24 1.19 1.15 1.11 1.02 0.92 0.89 0.89 0.88 0.86 0.84 0.83 0.81 0.79 0.76 0.75 0.73 0.71 0.70 0.68 0.67 0.66 0.64 0.62 0.60 0.58 0.57 0.55 0.53 0.51 0.48 0.45 0.41 0.37 0.36 0.36 0.34 0.34 0.37 0.41 0.45 0.48 0.56 0.68 0.74 0.72 0.71 0.69 0.71 0.78 0.81 0.81 0.80 0.82 0.87 0.88 0.84 0.76 0.74 0.86 1.01 1.03 0.95 0.85 0.77 0.73 0.72 0.74 0.77 0.81 0.83 0.85 0.87 0.86 0.83 0.80 0.81 0.87 0.92 0.91 0.85 0.79
1.34 1.29 1.23 1.21 1.19 1.15 1.09 0.98 0.89 0.87 0.88 0.87 0.85 0.83 0.82 0.80 0.78 0.75 0.74 0.72 0.71 0.69 0.67 0.66 0.65 0.64 0.61 0.59 0.58 0.56 0.54 0.52 0.50 0.47 0.44 0.39 0.36 0.36 0.36 0.36 0.37 0.40 0.41 0.41 0.50 0.64 0.70 0.68 0.66 0.62 0.63 0.72 0.79 0.79 0.81 0.85 0.91 0.90 0.82 0.75 0.76 0.86 1.04 1.11 0.97 0.80 0.73 0.69 0.69 0.71 0.75 0.78 0.79 0.79 0.81 0.81 0.80 0.81 0.86 0.93 0.95 0.94 0.88 0.80
1.36 1.27 1.19 1.20 1.21 1.20 1.18 1.09 0.95 0.87 0.87 0.87 0.85 0.83 0.81 0.80 0.78 0.76 0.74 0.73 0.71 0.70 0.68 0.66 0.65 0.64 0.62 0.60 0.59 0.57 0.55 0.53 0.51 0.49 0.46 0.42 0.38 0.36 0.35 0.36 0.38 0.40 0.39 0.38 0.47 0.59 0.64 0.64 0.66 0.61 0.58 0.68 0.73 0.73 0.77 0.87 0.92 0.89 0.82 0.77 0.77 0.86 1.08 1.17 0.96 0.76 0.69 0.67 0.68 0.70 0.73 0.75 0.75 0.75 0.76 0.75 0.74 0.76 0.84 0.95 0.99 0.98 0.92 0.82
1.42 1.27 1.13 1.14 1.16 1.15 1.16 1.15 1.04 0.92 0.87 0.86 0.85 0.83 0.80 0.79 0.78 0.76 0.74 0.73 0.71 0.69 0.68 0.67 0.65 0.64 0.62 0.61 0.59 0.58 0.56 0.54 0.53 0.51 0.48 0.45 0.41 0.37 0.35 0.35 0.37 0.41 0.39 0.36 0.43 0.55 0.57 0.58 0.66 0.67 0.65 0.70 0.76 0.76 0.80 0.89 0.88 0.84 0.81 0.80 0.80 0.87 1.13 1.21 0.93 0.72 0.66 0.65 0.68 0.71 0.72 0.73 0.73 0.73 0.75 0.74 0.70 0.70 0.77 0.89 0.98 1.03 1.01 0.88
1.50 1.34 1.14 1.13 1.16 1.13 1.13 1.17 1.10 0.96 0.87 0.84 0.83 0.82 0.81 0.79 0.77 0.76 0.74 0.72 0.71 0.69 0.68 0.67 0.65 0.64 0.63 0.61 0.60 0.59 0.57 0.55 0.54 0.52 0.50 0.48 0.45 0.41 0.37 0.34 0.36 0.42 0.41 0.36 0.39 0.49 0.52 0.50 0.60 0.66 0.66 0.69 0.75 0.81 0.89 0.92 0.82 0.77 0.80 0.83 0.83 0.92 1.18 1.22 0.91 0.70 0.64 0.64 0.70 0.72 0.71 0.71 0.72 0.74 0.76 0.74 0.70 0.69 0.74 0.80 0.88 1.01 1.08 1.00
1.49 1.42 1.22 1.10 1.16 1.16 1.12 1.16 1.15 1.02 0.87 0.81 0.80 0.80 0.80 0.79 0.77 0.76 0.74 0.73 0.71 0.69 0.68 0.67 0.66 0.64 0.63 0.62 0.61 0.59 0.58 0.57 0.55 0.53 0.52 0.50 0.47 0.45 0.41 0.36 0.35 0.40 0.42 0.37 0.35 0.41 0.45 0.44 0.50 0.58 0.61 0.67 0.72 0.81 0.97 0.94 0.76 0.71 0.77 0.84 0.88 0.99 1.22 1.20 0.90 0.70 0.63 0.63 0.72 0.76 0.73 0.72 0.73 0.75 0.76 0.75 0.72 0.73 0.78 0.76 0.78 0.93 1.05 1.06
1.40 1.42 1.31 1.08 1.02 1.04 1.01 1.05 1.14 1.10 0.94 0.81 0.77 0.77 0.77 0.77 0.76 0.75 0.74 0.73 0.72 0.70 0.68 0.66 0.65 0.64 0.63 0.62 0.61 0.60 0.59 0.57 0.56 0.55 0.53 0.51 0.50 0.47 0.44 0.40 0.37 0.39 0.41 0.38 0.34 0.34 0.36 0.38 0.43 0.49 0.55 0.66 0.72 0.81 1.01 0.93 0.71 0.69 0.76 0.83 0.90 1.04 1.23 1.19 0.90 0.68 0.61 0.60 0.70 0.78 0.76 0.74 0.75 0.75 0.76 0.75 0.73 0.77 0.82 0.76 0.75 0.86 0.96 1.01
1.33 1.36 1.35 1.20 1.03 0.96 0.91 0.90 1.02 1.11 1.03 0.88 0.78 0.74 0.73 0.75 0.74 0.73 0.72 0.71 0.71 0.71 0.69 0.67 0.65 0.64 0.64 0.63 0.62 0.61 0.60 0.58 0.57 0.56 0.55 0.53 0.51 0.50 0.47 0.45 0.42 0.40 0.41 0.40 0.36 0.33 0.31 0.33 0.37 0.40 0.47 0.64 0.71 0.82 1.01 0.87 0.67 0.69 0.75 0.83 0.92 1.05 1.21 1.21 0.93 0.66 0.56 0.56 0.63 0.71 0.73 0.76 0.77 0.76 0.76 0.74 0.75 0.81 0.83 0.79 0.76 0.81 0.89 0.93
1.34 1.32 1.32 1.30 1.21 1.10 0.97 0.87 0.90 1.04 1.08 1.01 0.90 0.78 0.71 0.71 0.73 0.72 0.71 0.70 0.70 0.70 0.69 0.68 0.66 0.65 0.64 0.63 0.62 0.61 0.60 0.59 0.58 0.57 0.56 0.55 0.53 0.52 0.50 0.48 0.46 0.44 0.42 0.41 0.38 0.35 0.31 0.29 0.31 0.31 0.38 0.59 0.69 0.82 0.99 0.81 0.64 0.69 0.77 0.84 0.94 1.04 1.17 1.21 0.99 0.70 0.55 0.54 0.60 0.66 0.70 0.76 0.78 0.77 0.77 0.74 0.77 0.84 0.83 0.81 0.80 0.82 0.86 0.89
1.36 1.32 1.28 1.27 1.25 1.21 1.12 0.97 0.88 0.94 1.01 1.04 1.02 0.90 0.74 0.67 0.68 0.70 0.70 0.70 0.69 0.68 0.68 0.67 0.66 0.65 0.64 0.63 0.62 0.62 0.61 0.60 0.59 0.58 0.57 0.56 0.55 0.53 0.52 0.50 0.49 0.47 0.45 0.43 0.41 0.38 0.34 0.30 0.27 0.24 0.29 0.50 0.68 0.82 0.94 0.77 0.60 0.67 0.79 0.86 0.93 1.02 1.13 1.18 1.05 0.77 0.59 0.55 0.59 0.67 0.70 0.74 0.77 0.77 0.76 0.74 0.77 0.83 0.82 0.81 0.82 0.86 0.89 0.89
1.36 1.33 1.28 1.24 1.20 1.17 1.15 1.06 0.93 0.87 0.86 0.90 0.99 1.01 0.87 0.72 0.65 0.65 0.67 0.68 0.68 0.68 0.68 0.67 0.66 0.65 0.64 0.63 0.63 0.62 0.61 0.60 0.60 0.59 0.58 0.57 0.56 0.55 0.54 0.52 0.51 0.50 0.48 0.46 0.44 0.42 0.38 0.34 0.28 0.23 0.23 0.41 0.65 0.80 0.87 0.74 0.61 0.68 0.81 0.85 0.89 0.97 1.08 1.15 1.06 0.84 0.64 0.55 0.59 0.68 0.71 0.72 0.76 0.77 0.74 0.74 0.79 0.81 0.79 0.79 0.80 0.87 0.91 0.91
1.35 1.33 1.28 1.24 1.20 1.14 1.11 1.07 0.98 0.89 0.82 0.80 0.89 1.01 1.01 0.88 0.72 0.64 0.63 0.65 0.67 0.68 0.68 0.67 0.66 0.65 0.64 0.64 0.63 0.62 0.62 0.61 0.60 0.60 0.59 0.58 0.57 0.56 0.55 0.54 0.53 0.52 0.50 0.49 0.47 0.45 0.42 0.38 0.33 0.26 0.23 0.34 0.58 0.76 0.79 0.70 0.65 0.74 0.81 0.83 0.84 0.89 0.99 1.08 1.04 0.89 0.67 0.52 0.56 0.68 0.71 0.70 0.73 0.75 0.72 0.73 0.80 0.79 0.76 0.77 0.78 0.83 0.89 0.90
1.35 1.33 1.29 1.24 1.21 1.17 1.12 1.08 1.02 0.94 0.86 0.79 0.80 0.90 1.01 1.01 0.89 0.73 0.64 0.62 0.63 0.65 0.67 0.67 0.66 0.65 0.64 0.63 0.63 0.62 0.62 0.61 0.61 0.60 0.60 0.59 0.58 0.58 0.57 0.56 0.55 0.54 0.52 0.51 0.49 0.48 0.46 0.43 0.38 0.32 0.26 0.32 0.51 0.68 0.70 0.65 0.71 0.79 0.81 0.80 0.80 0.83 0.90 0.99 0.99 0.90 0.70 0.54 0.58 0.68 0.70 0.70 0.73 0.73 0.70 0.72 0.78 0.77 0.76 0.77 0.78 0.82 0.86 0.87
1.36 1.33 1.28 1.22 1.19 1.18 1.16 1.11 1.05 0.98 0.88 0.78 0.73 0.77 0.87 0.99 1.00 0.89 0.74 0.64 0.61 0.62 0.64 0.65 0.65 0.65 0.65 0.64 0.63 0.63 0.62 0.62 0.61 0.61 0.61 0.60 0.59 0.59 0.58 0.57 0.56 0.55 0.54 0.53 0.52 0.50 0.49 0.46 0.43 0.38 0.31 0.32 0.47 0.59 0.60 0.63 0.76 0.82 0.80 0.78 0.76 0.78 0.83 0.88 0.91 0.87 0.70 0.60 0.63 0.68 0.68 0.71 0.74 0.70 0.68 0.71 0.74 0.75 0.75 0.76 0.79 0.82 0.86 0.88
1.40 1.34 1.25 1.20 1.14 1.13 1.14 1.13 1.08 1.01 0.93 0.80 0.72 0.70 0.74 0.87 0.98 0.99 0.88 0.75 0.65 0.62 0.62 0.63 0.64 0.66 0.66 0.64 0.63 0.63 0.62 0.62 0.62 0.62 0.61 0.61 0.60 0.60 0.59 0.59 0.58 0.57 0.56 0.55 0.54 0.53 0.51 0.49 0.47 0.43 0.37 0.36 0.46 0.53 0.50 0.60 0.80 0.84 0.79 0.76 0.73 0.74 0.78 0.80 0.84 0.80 0.64 0.61 0.66 0.67 0.68 0.72 0.75 0.69 0.65 0.69 0.72 0.73 0.73 0.75 0.80 0.82 0.86 0.91
1.49 1.38 1.25 1.18 1.12 1.07 1.07 1.08 1.06 1.02 0.97 0.85 0.73 0.70 0.69 0.74 0.86 0.97 0.98 0.88 0.76 0.67 0.62 0.61 0.62 0.65 0.66 0.65 0.63 0.63 0.62 0.62 0.62 0.62 0.62 0.62 0.61 0.61 0.60 0.60 0.59 0.58 0.58 0.57 0.56 0.55 0.54 0.52 0.50 0.48 0.44 0.41 0.46 0.51 0.45 0.53 0.79 0.86 0.80 0.75 0.68 0.66 0.72 0.79 0.82 0.72 0.60 0.59 0.63 0.65 0.68 0.73 0.76 0.69 0.62 0.64 0.69 0.71 0.71 0.75 0.81 0.83 0.86 0.92
1.55 1.45 1.31 1.21 1.15 1.09 1.05 1.05 1.03 0.98 0.96 0.89 0.74 0.67 0.68 0.68 0.73 0.84 0.95 0.97 0.88 0.77 0.68 0.62 0.59 0.62 0.66 0.65 0.64 0.63 0.63 0.62 0.63 0.63 0.62 0.62 0.62 0.62 0.61 0.61 0.61 0.60 0.59 0.59 0.58 0.57 0.56 0.55 0.53 0.52 0.49 0.46 0.48 0.51 0.45 0.48 0.71 0.86 0.84 0.76 0.61 0.54 0.66 0.81 0.83 0.72 0.62 0.58 0.59 0.61 0.65 0.73 0.77 0.68 0.59 0.59 0.64 0.66 0.66 0.73 0.79 0.82 0.86 0.93
1.49 1.50 1.44 1.30 1.19 1.12 1.07 1.08 1.09 1.02 0.96 0.92 0.80 0.67 0.65 0.68 0.68 0.71 0.81 0.93 0.94 0.88 0.81 0.71 0.63 0.61 0.64 0.65 0.65 0.65 0.63 0.63 0.63 0.63 0.63 0.63 0.63 0.63 0.62 0.62 0.62 0.61 0.61 0.60 0.60 0.59 0.58 0.57 0.56 0.55 0.54 0.52 0.51 0.52 0.49 0.50 0.63 0.79 0.85 0.77 0.55 0.46 0.63 0.81 0.84 0.77 0.66 0.58 0.57 0.59 0.62 0.71 0.76 0.66 0.58 0.56 0.57 0.60 0.61 0.68 0.77 0.82 0.88 0.98
1.27 1.47 1.62 1.50 1.35 1.17 1.07 1.11 1.17 1.12 1.00 0.92 0.86 0.76 0.66 0.65 0.69 0.68 0.70 0.80 0.89 0.91 0.91 0.84 0.73 0.67 0.64 0.64 0.63 0.64 0.63 0.63 0.63 0.63 0.63 0.63 0.63 0.63 0.63 0.63 0.63 0.62 0.62 0.62 0.61 0.61 0.60 0.59 0.59 0.58 0.57 0.56 0.55 0.55 0.54 0.55 0.61 0.69 0.78 0.75 0.53 0.43 0.58 0.75 0.81 0.78 0.70 0.61 0.58 0.59 0.60 0.68 0.72 0.64 0.56 0.54 0.52 0.52 0.55 0.63 0.74 0.84 0.97 1.05
0.93 1.25 1.61 1.70 1.67 1.47 1.22 1.23 1.30 1.22 1.07 0.94 0.88 0.83 0.74 0.67 0.69 0.69 0.67 0.71 0.76 0.82 0.89 0.91 0.85 0.79 0.73 0.68 0.64 0.62 0.62 0.62 0.63 0.63 0.63 0.64 0.64 0.64 0.64 0.64 0.64 0.64 0.63 0.63 0.63 0.63 0.62 0.62 0.61 0.61 0.60 0.60 0.59 0.59 0.58 0.59 0.61 0.63 0.69 0.69 0.54 0.47 0.57 0.68 0.74 0.73 0.70 0.65 0.61 0.60 0.60 0.66 0.70 0.61 0.52 0.50 0.48 0.45 0.47 0.58 0.71 0.86 1.06 1.07
0.71 0.86 1.19 1.44 1.61 1.62 1.45 1.37 1.47 1.45 1.27 1.14 1.07 0.98 0.90 0.83 0.77 0.74 0.69 0.67 0.69 0.72 0.78 0.84 0.86 0.87 0.88 0.80 0.69 0.63 0.60 0.60 0.61 0.63 0.63 0.64 0.64 0.64 0.65 0.65 0.65 0.65 0.65 0.65 0.64 0.64 0.64 0.64 0.63 0.63 0.63 0.62 0.62 0.62 0.62 0.62 0.63 0.63 0.65 0.65 0.57 0.53 0.59 0.65 0.65 0.64 0.65 0.65 0.63 0.61 0.60 0.66 0.70 0.59 0.49 0.48 0.44 0.40 0.41 0.55 0.72 0.89 1.05 1.13
0.84 0.85 0.92 1.04 1.21 1.35 1.26 1.15 1.31 1.45 1.35 1.24 1.22 1.16 1.07 0.99 0.93 0.88 0.78 0.70 0.68 0.70 0.72 0.75 0.74 0.81 0.95 0.94 0.80 0.70 0.64 0.60 0.60 0.61 0.63 0.64 0.65 0.65 0.65 0.65 0.66 0.66 0.66 0.66 0.66 0.66 0.65 0.65 0.65 0.65 0.65 0.64 0.64 0.64 0.64 0.64 0.65 0.65 0.65 0.64 0.61 0.59 0.61 0.62 0.60 0.59 0.61 0.62 0.60 0.57 0.58 0.69 0.71 0.55 0.47 0.48 0.45 0.40 0.39 0.52 0.71 0.88 0.98 1.23
1.09 1.04 1.00 1.02 1.09 1.13 1.02 0.90 1.04 1.23 1.13 1.03 1.03 1.04 1.02 0.98 0.96 0.97 0.92 0.81 0.74 0.71 0.72 0.72 0.65 0.68 0.91 1.03 0.94 0.81 0.73 0.66 0.61 0.60 0.61 0.63 0.64 0.65 0.66 0.66 0.66 0.67 0.67 0.67 0.67 0.67 0.67 0.67 0.67 0.67 0.67 0.66 0.66 0.66 0.66 0.66 0.66 0.66 0.66 0.65 0.64 0.63 0.63 0.62 0.60 0.60 0.59 0.59 0.56 0.52 0.54 0.68 0.69 0.52 0.45 0.48 0.48 0.42 0.40 0.50 0.65 0.82 0.98 1.39
1.28 1.22 1.13 1.08 1.08 1.08 1.01 0.92 1.00 1.10 0.99 0.92 0.90 0.87 0.87 0.86 0.86 0.90 0.93 0.90 0.85 0.80 0.76 0.73 0.64 0.60 0.77 0.99 1.02 0.93 0.83 0.76 0.70 0.62 0.60 0.62 0.63 0.65 0.66 0.67 0.67 0.67 0.68 0.68 0.68 0.68 0.68 0.68 0.68 0.68 0.68 0.68 0.68 0.68 0.68 0.68 0.68 0.68 0.67 0.67 0.66 0.65 0.65 0.64 0.62 0.61 0.59 0.58 0.55 0.53 0.54 0.63 0.63 0.48 0.43 0.46 0.49 0.45 0.39 0.47 0.61 0.79 1.09 1.52
1.45 1.37 1.22 1.12 1.11 1.10 1.04 0.99 1.00 1.00 0.96 0.93 0.89 0.84 0.82 0.80 0.79 0.81 0.83 0.84 0.85 0.85 0.83 0.77 0.67 0.59 0.68 0.87 0.99 0.99 0.91 0.85 0.81 0.72 0.63 0.62 0.63 0.64 0.66 0.67 0.68 0.68 0.69 0.69 0.69 0.70 0.70 0.70 0.70 0.70 0.70 0.70 0.70 0.70 0.70 0.70 0.69 0.69 0.69 0.68 0.68 0.67 0.67 0.66 0.65 0.63 0.61 0.59 0.57 0.57 0.56 0.57 0.54 0.44 0.41 0.45 0.48 0.45 0.37 0.44 0.62 0.87 1.25 1.48
1.63 1.52 1.30 1.14 1.12 1.12 1.06 1.03 1.00 0.95 0.92 0.91 0.88 0.85 0.82 0.79 0.78 0.78 0.77 0.76 0.78 0.81 0.82 0.80 0.70 0.62 0.66 0.79 0.92 0.99 0.95 0.90 0.88 0.82 0.71 0.65 0.64 0.65 0.66 0.67 0.68 0.69 0.69 0.70 0.70 0.71 0.71 0.71 0.71 0.71 0.71 0.71 0.71 0.71 0.71 0.71 0.71 0.70 0.70 0.70 0.69 0.69 0.68 0.67 0.66 0.65 0.63 0.61 0.61 0.59 0.56 0.54 0.49 0.42 0.41 0.45 0.45 0.42 0.36 0.42 0.69 1.04 1.32 1.28
1.83 1.68 1.40 1.19 1.12 1.13 1.07 1.01 0.98 0.93 0.89 0.88 0.86 0.84 0.81 0.78 0.78 0.78 0.77 0.75 0.75 0.77 0.79 0.78 0.72 0.63 0.64 0.73 0.85 0.95 0.96 0.92 0.92 0.89 0.80 0.71 0.67 0.67 0.67 0.66 0.67 0.69 0.70 0.71 0.71 0.72 0.72 0.73 0.73 0.73 0.73 0.73 0.73 0.73 0.72 0.72 0.72 0.72 0.71 0.71 0.71 0.70 0.70 0.69 0.67 0.66 0.65 0.64 0.63 0.61 0.57 0.54 0.50 0.44 0.42 0.44 0.42 0.37 0.34 0.47 0.84 1.15 1.22 1.02
