windninja/windninja_output/Output_2025-08-09_2300-2350_Google earth_Fire_150m_10min/merlingen_7.5mi_point_08-09-2025_2330_150m_ang.asc
ncols	158
nrows	163
xllcorner	391686.332397
yllcorner	5160024.123721
cellsize	150.000000
NODATA_value	-32768.000000
[rows 84 to 125 of 163, columns 0 to 93 of 158]
223 216 213 221 223 223 221 220 221 217 211 206 205 206 207 207 206 205 203 200 197 196 197 196 191 190 195 198 199 201 202 202 204 206 210 212 214 213 211 209 207 205 203 202 202 203 202 202 203 204 204 203 202 201 203 206 207 207 208 208 208 208 208 208 208 208 208 208 208 207 207 206 206 205 205 203 201 198 195 189 182 182 190 198 204 205 207 210 211 213 215 217 219 220
223 227 232 234 234 233 231 229 227 221 213 208 206 206 208 207 206 206 205 202 199 196 194 193 190 189 194 199 200 200 202 203 203 205 208 210 211 213 213 211 207 205 205 206 207 208 209 210 210 210 209 209 209 207 206 206 207 208 208 208 208 208 208 208 208 208 208 208 208 208 207 207 206 206 205 204 202 199 195 189 181 179 185 195 204 206 207 211 212 214 216 218 221 222
232 236 241 242 243 242 236 230 225 218 212 209 207 206 208 209 209 210 210 208 204 199 194 188 184 186 192 197 199 201 202 203 202 202 204 205 207 209 211 210 207 205 205 207 208 210 211 213 213 213 212 212 212 210 208 208 208 209 209 208 208 208 208 208 208 208 209 209 208 208 208 208 207 206 206 204 203 200 197 190 181 175 178 190 203 208 210 213 214 215 217 219 220 217
243 246 248 247 242 236 228 221 217 216 213 210 208 206 209 210 210 212 213 211 206 199 189 176 173 180 189 194 198 201 202 203 203 200 201 203 205 206 208 208 207 204 204 206 209 211 213 214 215 215 213 212 212 212 212 211 211 210 209 209 208 208 208 208 208 209 209 209 209 209 208 208 208 207 206 205 204 202 198 192 181 170 170 182 200 209 213 215 218 221 222 220 217 212
249 248 242 234 226 219 217 215 216 219 217 210 206 204 205 208 210 212 211 208 200 189 178 173 174 180 188 195 199 202 202 203 204 203 203 204 205 206 209 210 209 206 204 204 207 210 212 214 214 214 212 211 211 212 212 212 213 213 211 209 208 207 208 208 208 209 209 209 209 209 209 209 208 208 207 206 205 203 201 195 186 171 164 175 198 211 216 219 221 223 223 219 216 217
245 239 228 223 219 215 215 216 217 219 217 208 203 203 206 208 209 210 208 201 189 177 175 179 183 185 191 197 200 202 203 204 204 205 205 206 206 208 212 215 214 211 207 205 206 209 212 214 214 213 211 209 207 206 207 209 212 215 215 210 205 206 207 208 209 209 209 209 210 209 209 209 209 208 208 207 206 205 203 199 192 181 170 176 205 224 230 229 226 227 225 221 223 228
239 233 226 225 224 219 216 215 213 213 213 207 202 204 207 206 206 206 204 194 177 173 180 188 190 190 194 198 201 203 205 205 205 206 206 207 206 206 209 214 216 215 212 209 208 210 212 215 215 214 211 208 205 203 204 208 213 215 214 206 200 202 206 208 209 209 210 210 210 210 210 210 209 209 209 208 208 207 205 203 199 193 186 190 212 232 240 238 235 235 233 226 231 235
233 228 220 218 215 212 207 205 205 208 211 208 203 202 201 200 199 200 201 188 174 177 191 196 195 194 198 201 203 205 206 207 207 207 207 208 207 205 205 209 213 215 215 213 211 211 213 216 217 216 213 210 206 203 202 206 209 208 207 204 198 200 205 208 209 210 210 210 210 210 210 210 210 210 210 209 209 208 207 206 204 201 196 198 209 221 231 237 240 242 238 235 243 247
224 218 209 206 205 201 193 190 194 202 208 207 202 200 200 198 195 193 191 188 183 188 199 203 200 199 202 204 205 207 208 209 209 208 207 208 207 207 206 206 210 215 216 216 214 214 216 219 221 222 219 214 208 204 199 200 203 204 207 208 204 201 205 208 209 210 211 211 211 211 211 211 211 211 211 210 210 210 209 209 208 207 205 206 214 223 232 241 247 247 246 250 256 258
213 208 202 201 201 197 192 189 190 199 204 200 194 192 193 194 189 185 189 195 199 196 201 205 203 204 205 206 208 209 210 212 212 209 207 207 208 208 208 206 207 212 217 218 218 217 218 220 222 224 223 217 207 203 199 197 205 211 215 215 211 206 206 209 210 211 211 211 211 212 212 212 212 212 212 211 211 211 211 211 211 212 212 215 223 234 244 252 255 253 251 253 256 256
198 199 198 199 199 198 196 192 190 196 202 199 194 191 191 194 194 192 199 210 210 204 205 208 207 207 207 208 209 212 215 216 214 208 206 207 209 209 209 207 204 205 212 216 216 216 216 216 218 218 217 212 203 202 203 203 211 218 219 219 215 210 209 210 211 211 211 212 212 212 212 212 212 212 212 213 213 213 213 213 214 214 216 219 225 234 244 251 252 249 247 246 247 247
179 189 197 199 201 200 198 194 189 194 203 205 203 204 203 208 210 218 220 220 216 217 217 217 213 210 209 209 210 212 213 212 210 207 206 208 210 210 209 208 204 201 206 211 211 211 210 210 210 208 209 209 204 203 207 208 211 215 216 217 216 212 211 211 212 212 212 213 213 213 213 213 213 213 213 214 214 214 214 215 215 216 218 220 224 229 234 239 241 240 240 240 240 240
157 176 194 198 202 204 202 198 194 201 219 223 224 225 229 236 236 240 236 221 225 232 234 232 222 213 210 210 209 208 208 210 211 211 210 210 211 211 210 209 205 200 201 207 208 207 206 205 204 206 209 213 211 208 210 211 212 215 216 217 216 214 212 213 213 213 213 213 213 213 213 214 214 214 214 215 215 215 215 216 217 218 219 221 223 226 229 231 233 235 235 235 236 236
143 162 189 199 208 212 211 209 207 213 229 236 240 236 239 242 246 247 239 227 232 240 244 242 224 209 206 208 209 209 212 217 219 218 214 213 214 213 211 209 206 201 199 204 208 208 208 209 211 215 219 219 217 213 212 215 216 217 217 218 217 216 215 214 214 213 213 214 214 214 214 214 215 215 215 215 216 216 216 217 218 218 220 221 223 224 226 228 230 231 231 232 232 233
127 143 190 209 222 224 222 221 221 224 235 248 258 260 259 259 257 253 245 237 234 237 238 229 206 199 205 209 212 216 221 224 223 221 218 217 217 216 212 209 207 203 199 203 209 213 216 219 223 224 223 221 219 216 215 216 217 216 216 217 218 218 218 217 215 214 214 214 214 215 215 215 216 216 216 216 217 217 217 218 218 219 220 221 222 224 225 226 227 228 229 230 230 231
113 122 205 230 241 244 244 243 241 241 245 251 257 265 268 265 263 258 250 241 231 226 222 216 205 205 211 215 218 222 225 226 226 224 221 218 217 217 214 209 207 204 200 201 208 212 215 219 221 221 220 219 218 217 215 215 216 216 216 215 215 216 218 218 217 216 215 215 215 216 216 216 217 217 217 217 218 218 218 219 219 220 220 221 222 223 224 225 226 227 228 228 229 229
124 136 214 239 248 252 256 258 255 252 252 252 255 263 269 267 263 260 248 233 225 223 222 221 219 218 220 221 223 227 230 232 232 230 225 220 218 217 215 210 205 203 200 198 204 210 213 216 218 218 218 217 215 215 215 214 215 217 216 213 212 212 215 217 217 216 216 215 215 217 217 217 218 218 218 219 219 219 219 220 220 220 221 222 222 223 224 225 225 226 227 227 228 228
151 168 216 237 247 251 255 257 255 253 251 249 248 248 251 251 245 240 230 223 225 227 231 231 230 229 229 229 230 233 236 239 239 238 234 228 223 220 218 212 204 201 199 196 200 209 214 216 216 216 216 216 215 215 216 215 213 215 215 213 211 212 214 215 216 215 214 214 216 218 219 220 220 219 219 220 220 220 220 221 221 221 221 222 222 223 224 224 225 225 226 226 227 227
181 194 222 237 244 248 250 250 250 248 247 244 239 231 226 224 225 222 216 219 226 231 235 236 234 234 236 238 238 238 240 241 241 242 241 236 229 224 221 216 206 201 199 196 196 203 209 211 212 213 215 215 215 214 215 215 213 214 214 213 211 210 212 215 216 215 214 215 216 220 224 224 222 221 221 222 222 222 222 222 222 222 222 222 223 223 223 224 224 225 225 226 226 227
203 210 224 233 238 242 244 245 246 245 244 241 234 225 220 221 223 221 218 225 232 233 237 238 236 237 240 242 241 240 240 239 240 241 240 238 235 230 226 221 211 202 198 195 192 196 204 209 211 213 214 215 214 213 213 213 213 213 214 213 211 209 210 213 216 216 215 215 215 219 224 227 226 225 225 225 225 224 224 223 223 223 223 223 223 223 223 224 224 225 225 226 226 226
214 218 225 231 237 241 243 245 246 247 247 244 239 236 236 239 238 235 237 244 240 235 235 235 235 235 237 238 238 240 241 240 240 240 240 240 239 235 230 223 214 203 196 192 188 191 200 207 210 212 214 214 214 213 213 213 213 213 214 214 213 212 212 213 215 216 215 213 212 215 220 226 229 232 234 233 232 229 227 226 225 224 224 223 223 223 224 224 225 225 225 225 226 226
222 224 228 233 238 242 244 245 246 247 249 251 252 252 252 254 254 253 252 249 242 237 234 233 231 230 232 234 235 238 241 242 240 239 239 240 238 229 220 215 209 201 194 189 185 185 192 201 205 209 211 211 212 213 214 214 213 213 214 215 215 214 214 215 216 217 215 212 211 214 218 222 225 228 232 235 236 234 233 232 229 226 225 224 224 224 224 224 225 225 225 225 226 226
228 227 228 231 234 238 241 242 242 243 242 242 242 242 245 249 251 251 247 241 238 238 235 229 227 227 229 231 234 237 238 239 236 234 236 238 234 223 215 209 204 198 193 188 182 179 184 193 199 204 208 209 210 212 213 213 213 214 215 216 216 214 214 215 216 216 216 213 210 213 217 219 221 221 221 225 229 230 232 235 234 229 225 225 224 224 224 225 225 225 226 226 226 227
229 228 227 230 233 234 235 233 229 227 225 224 225 228 235 240 243 244 241 236 235 236 233 223 221 223 225 225 229 235 236 235 229 226 232 236 231 221 215 209 199 193 191 186 180 175 176 184 193 199 206 209 210 211 212 213 213 213 215 216 216 216 215 215 215 215 216 214 210 212 216 219 220 221 221 223 225 223 222 226 231 230 227 226 225 225 225 225 226 226 226 226 226 227
229 228 226 228 228 225 221 218 215 217 222 225 226 229 232 234 235 235 233 232 232 234 231 220 216 219 221 218 223 232 233 232 224 218 229 235 229 218 212 206 194 189 188 183 179 175 170 175 186 195 203 208 210 211 212 213 213 213 213 213 215 216 215 215 216 216 216 215 212 210 214 218 221 221 222 222 223 222 221 224 228 229 228 226 226 225 226 226 227 227 227 227 227 228
230 228 225 223 219 217 216 216 218 223 229 231 230 229 231 232 229 223 223 226 231 234 231 221 213 214 216 215 222 231 230 226 220 216 231 236 227 215 207 204 198 192 186 180 177 175 169 168 177 189 197 204 207 209 211 212 213 214 213 211 212 215 216 215 217 219 217 216 213 210 212 218 221 220 220 221 222 223 224 226 228 229 227 226 227 227 227 228 228 228 228 229 229 229
229 227 223 222 221 222 225 229 231 231 232 233 229 228 230 231 225 213 213 221 230 237 232 221 211 208 211 212 219 228 228 223 218 218 231 234 222 211 205 203 199 196 191 178 171 171 169 165 169 181 190 198 204 208 210 210 212 214 214 211 211 215 217 216 217 219 219 217 214 211 210 215 219 219 220 223 224 225 225 226 228 230 229 227 227 229 230 230 231 231 231 232 231 231
227 226 226 227 229 231 233 234 233 231 232 234 232 227 227 229 221 205 206 217 227 236 232 217 210 207 205 203 210 220 226 224 218 218 226 226 217 209 205 200 195 197 199 186 169 166 166 162 162 171 183 193 201 207 209 208 209 213 216 214 212 215 217 216 215 217 218 217 215 212 210 214 219 220 221 223 225 225 227 228 229 231 230 228 226 227 232 234 235 236 236 237 236 235
231 231 231 231 232 231 230 229 229 228 227 229 229 223 224 228 220 199 199 209 218 228 231 216 209 211 204 199 203 213 221 224 218 218 224 223 217 212 207 201 198 202 205 196 178 169 166 160 155 161 173 186 196 205 208 208 208 212 215 214 212 213 216 216 214 215 216 217 215 213 212 215 220 221 222 224 224 223 224 226 228 230 230 228 225 225 230 235 239 242 243 242 238 236
234 234 233 233 233 232 229 227 225 223 220 223 224 219 222 227 219 194 189 198 208 220 228 222 211 216 212 206 202 206 215 221 222 224 231 230 225 219 210 205 203 203 204 201 188 175 168 162 155 153 161 176 189 200 207 207 206 209 213 214 212 211 214 215 214 213 215 215 214 212 211 214 217 218 220 223 224 222 222 223 227 230 230 230 228 225 228 232 235 238 241 239 235 234
233 232 232 231 230 229 228 226 223 220 218 220 219 216 220 227 216 186 178 189 200 213 222 223 216 213 213 211 209 205 208 217 224 230 236 236 229 222 213 205 200 197 197 199 192 178 170 168 164 157 155 163 178 194 204 206 206 207 211 214 212 210 211 214 213 212 213 214 214 212 211 213 217 217 219 222 224 223 222 222 226 228 226 226 226 222 224 227 227 230 233 231 229 231
230 230 229 227 226 225 224 224 223 221 219 217 214 212 218 225 215 185 174 183 195 205 212 215 215 212 210 209 211 206 201 210 221 230 234 229 220 215 211 202 194 192 194 199 195 183 175 174 172 164 157 157 167 185 200 206 207 207 210 213 212 210 210 214 213 210 211 213 214 213 212 214 218 221 220 221 223 224 223 222 226 228 225 222 222 218 218 222 223 228 231 228 225 227
227 228 227 226 226 224 222 221 221 220 219 215 209 208 216 224 218 191 176 179 191 196 199 206 211 213 210 209 214 207 195 200 213 225 231 223 211 205 203 197 190 191 196 201 199 190 183 178 174 170 163 158 161 176 195 205 208 207 208 211 211 210 211 213 213 210 210 212 213 213 212 213 216 220 222 222 223 225 225 224 228 231 227 222 221 217 214 218 222 228 229 226 222 221
226 227 228 228 227 225 220 216 216 217 220 215 205 202 213 225 224 196 173 171 180 186 189 196 204 208 208 208 213 209 197 196 205 216 219 211 202 197 196 193 190 193 198 201 202 196 185 177 174 173 170 164 163 170 187 202 207 207 207 210 210 208 209 212 212 210 209 211 212 212 212 211 212 216 220 222 222 224 225 225 228 232 227 221 220 217 214 216 222 226 226 223 219 219
228 228 229 229 227 224 218 214 214 216 220 217 202 198 210 224 227 203 169 161 166 177 184 189 195 201 200 200 206 209 205 197 197 207 212 210 203 194 192 192 193 196 199 202 203 197 186 180 177 177 176 171 166 168 181 198 206 207 207 209 210 207 207 210 210 208 207 209 211 212 211 210 210 213 217 220 220 222 223 223 225 229 227 221 218 217 215 217 222 224 222 220 217 220
229 228 228 230 228 222 218 216 218 217 220 220 204 197 208 221 227 216 176 154 152 165 179 187 191 194 193 194 201 205 202 195 195 206 216 218 212 200 196 197 198 199 200 200 198 196 191 184 181 181 181 176 170 168 176 193 205 208 207 209 209 206 206 208 208 208 207 208 211 212 211 209 209 210 214 217 219 220 222 225 228 230 227 221 219 218 216 217 220 221 220 217 216 221
228 227 226 229 230 226 224 223 223 219 219 222 209 196 204 217 226 224 198 163 147 150 168 183 191 194 196 199 202 201 202 201 205 217 225 226 219 211 207 207 207 204 202 201 200 199 195 188 185 184 183 180 173 170 174 190 203 208 207 208 209 206 208 212 215 218 217 212 212 214 212 210 209 208 211 214 217 219 222 226 229 231 228 222 220 218 216 217 219 220 220 217 215 219
226 224 221 221 221 221 222 225 227 221 218 224 214 194 197 210 223 227 214 191 160 138 143 173 192 196 198 202 206 209 213 219 223 226 230 228 225 224 218 215 215 212 211 210 210 207 203 198 193 190 187 184 177 173 175 187 201 207 207 209 210 211 216 222 228 235 238 229 217 215 214 212 211 209 209 210 214 217 220 224 226 228 226 221 219 217 215 216 219 220 219 215 213 216
220 219 215 212 212 211 213 218 224 222 218 227 219 191 191 204 221 228 224 213 194 158 130 131 186 199 201 206 214 217 219 226 229 230 234 233 230 229 222 216 218 221 222 220 218 216 213 207 200 196 193 187 180 176 176 184 198 206 208 212 216 220 225 227 225 227 231 231 224 218 217 214 213 211 208 207 209 213 216 219 222 224 223 218 216 215 213 213 216 219 217 212 211 216
218 218 216 211 209 210 211 214 220 220 219 230 227 196 190 203 219 227 229 227 221 204 180 120 56 215 214 221 224 220 218 229 234 234 237 236 230 230 226 216 215 220 224 224 220 218 216 208 201 198 195 190 183 178 178 184 199 211 216 219 222 224 224 221 218 219 222 223 222 220 220 219 216 213 209 206 206 209 212 213 216 219 219 215 215 215 212 212 216 218 216 209 210 218
219 219 218 212 210 212 212 213 218 218 219 231 232 208 197 204 218 224 226 230 232 227 210 197 195 189 144 199 209 208 214 230 236 236 239 238 232 232 229 219 213 216 222 225 223 218 213 206 199 197 196 194 187 181 181 188 202 217 224 224 221 219 216 214 214 217 219 221 222 221 224 230 228 220 214 208 203 204 208 208 210 216 218 217 216 216 212 212 218 220 215 207 207 216
214 216 215 210 208 210 212 212 215 214 217 228 234 221 211 213 217 218 219 221 228 232 222 207 197 188 176 180 190 199 211 231 238 238 239 240 235 233 232 224 216 214 219 227 227 222 215 206 198 196 198 197 191 185 183 189 200 210 216 214 211 212 211 210 212 216 218 220 222 222 223 232 240 237 227 214 206 204 206 208 209 216 219 218 217 216 212 212 217 218 212 204 206 215
