windninja/windninja_output/Output_2025-08-09_1800-1850_Google earth_Fire_150m_10min/merlingen_7.5mi_point_08-09-2025_1810_150m_vel.asc
ncols	158
nrows	163
xllcorner	391686.332397
yllcorner	5160024.123721
cellsize	150.000000
NODATA_value	-32768.000000
[rows 74 to 110 of 163, columns 0 to 83 of 158]
4.44 4.44 4.27 4.03 4.06 4.16 4.10 4.04 3.91 3.62 3.42 3.35 3.23 3.16 3.20 3.25 3.26 3.25 3.25 3.30 3.40 3.49 3.52 3.50 3.43 3.42 3.52 3.56 3.56 3.55 3.54 3.62 3.77 3.87 3.86 3.76 3.68 3.65 3.67 3.69 3.69 3.67 3.68 3.69 3.70 3.71 3.72 3.74 3.75 3.77 3.78 3.79 3.79 3.79 3.78 3.77 3.75 3.73 3.71 3.68 3.66 3.63 3.59 3.55 3.50 3.46 3.43 3.41 3.40 3.28 3.06 2.84 2.66 2.55 2.70 2.97 3.04 2.87 2.61 2.76 3.76 5.27 5.90 4.42
4.12 4.14 4.08 3.92 3.99 4.18 4.16 4.04 3.92 3.74 3.61 3.51 3.40 3.37 3.42 3.43 3.41 3.43 3.47 3.48 3.46 3.45 3.41 3.40 3.38 3.35 3.41 3.52 3.61 3.67 3.70 3.76 3.84 3.85 3.75 3.67 3.67 3.72 3.78 3.77 3.72 3.72 3.72 3.73 3.73 3.75 3.77 3.78 3.80 3.81 3.83 3.83 3.84 3.84 3.83 3.82 3.80 3.78 3.76 3.74 3.71 3.69 3.65 3.61 3.58 3.56 3.54 3.50 3.44 3.33 3.20 3.12 3.08 3.03 3.06 3.17 3.13 2.91 2.82 3.39 4.93 5.79 4.85 2.36
3.53 3.68 3.88 3.82 3.94 4.26 4.24 4.09 4.02 3.91 3.81 3.71 3.61 3.61 3.61 3.57 3.53 3.57 3.61 3.58 3.54 3.53 3.52 3.52 3.42 3.23 3.29 3.57 3.73 3.77 3.75 3.67 3.58 3.50 3.48 3.54 3.67 3.82 3.86 3.82 3.77 3.76 3.75 3.76 3.76 3.77 3.79 3.81 3.84 3.85 3.87 3.88 3.89 3.89 3.88 3.87 3.86 3.84 3.82 3.80 3.78 3.75 3.72 3.69 3.67 3.64 3.60 3.55 3.49 3.43 3.36 3.31 3.28 3.22 3.19 3.20 3.09 2.94 3.17 4.15 5.17 4.67 2.76 0.66
2.81 3.01 3.47 3.73 4.11 4.39 4.30 4.22 4.25 4.20 4.11 3.94 3.82 3.83 3.79 3.71 3.68 3.70 3.71 3.64 3.61 3.64 3.69 3.68 3.42 3.16 3.35 3.68 3.74 3.66 3.55 3.45 3.44 3.55 3.74 3.81 3.87 3.92 3.91 3.88 3.83 3.79 3.79 3.79 3.79 3.81 3.83 3.85 3.88 3.90 3.92 3.94 3.94 3.95 3.94 3.93 3.92 3.90 3.88 3.86 3.83 3.81 3.78 3.76 3.73 3.70 3.66 3.62 3.58 3.54 3.48 3.43 3.38 3.33 3.28 3.24 3.08 2.95 3.29 4.15 4.36 2.90 0.97 0.28
1.95 1.77 2.78 3.98 4.49 4.57 4.55 4.65 4.83 4.75 4.46 4.12 4.01 4.01 3.95 3.88 3.85 3.86 3.81 3.73 3.71 3.75 3.82 3.72 3.36 3.25 3.60 3.84 3.81 3.66 3.55 3.66 3.82 4.01 4.15 4.13 4.04 3.96 3.92 3.90 3.81 3.78 3.79 3.78 3.79 3.81 3.83 3.86 3.90 3.94 3.97 3.99 4.00 4.01 4.00 3.99 3.98 3.96 3.94 3.92 3.90 3.87 3.85 3.82 3.80 3.77 3.74 3.71 3.67 3.62 3.56 3.50 3.45 3.41 3.35 3.27 3.15 3.11 3.36 3.75 3.30 1.54 0.55 0.60
1.99 1.00 2.09 4.21 5.73 5.89 5.52 5.45 5.66 5.32 4.65 4.29 4.21 4.20 4.14 4.04 4.00 3.98 3.86 3.76 3.78 3.86 3.89 3.69 3.39 3.49 3.90 4.09 4.03 3.85 3.83 4.03 4.13 4.17 4.23 4.23 4.11 3.95 3.92 3.91 3.77 3.68 3.69 3.71 3.72 3.74 3.78 3.83 3.90 3.97 4.03 4.07 4.09 4.08 4.07 4.05 4.04 4.02 4.00 3.98 3.96 3.94 3.91 3.89 3.86 3.83 3.80 3.77 3.73 3.69 3.63 3.58 3.54 3.49 3.43 3.37 3.31 3.29 3.37 3.33 2.45 1.28 1.26 1.70
2.87 2.01 2.59 4.89 7.77 9.42 7.99 6.84 6.50 5.64 4.73 4.38 4.33 4.32 4.24 4.12 4.09 4.00 3.86 3.81 3.87 3.94 3.95 3.78 3.59 3.74 4.11 4.24 4.15 4.04 4.13 4.33 4.40 4.41 4.45 4.36 4.10 3.97 4.03 3.98 3.72 3.55 3.58 3.59 3.60 3.64 3.68 3.72 3.85 4.02 4.13 4.16 4.18 4.17 4.15 4.13 4.10 4.08 4.05 4.03 4.02 4.00 3.98 3.95 3.93 3.90 3.88 3.84 3.80 3.75 3.70 3.65 3.63 3.59 3.54 3.50 3.44 3.36 3.29 3.03 2.33 2.00 2.19 2.35
3.26 1.86 3.76 6.91 10.20 10.18 8.41 7.55 6.80 5.69 4.78 4.39 4.34 4.32 4.24 4.12 4.05 3.97 3.89 3.90 3.98 4.07 4.09 3.95 3.74 3.84 4.20 4.28 4.23 4.25 4.41 4.60 4.65 4.62 4.55 4.36 4.11 4.08 4.14 4.07 3.83 3.61 3.52 3.42 3.38 3.41 3.39 3.44 3.74 4.06 4.21 4.30 4.32 4.27 4.22 4.19 4.16 4.14 4.12 4.10 4.08 4.06 4.04 4.02 3.99 3.97 3.94 3.90 3.86 3.82 3.78 3.74 3.71 3.67 3.63 3.59 3.53 3.46 3.37 3.15 2.84 2.73 2.62 2.42
2.74 2.20 6.08 10.29 11.11 7.80 6.04 6.10 5.78 5.09 4.43 4.14 4.19 4.25 4.19 4.05 3.94 3.95 3.94 3.95 4.07 4.16 4.21 4.07 3.84 3.99 4.37 4.44 4.40 4.41 4.44 4.45 4.32 4.22 4.14 4.09 4.10 4.12 4.16 4.14 3.99 3.84 3.78 3.78 3.80 3.84 3.86 4.00 4.41 4.66 4.62 4.54 4.43 4.36 4.31 4.25 4.21 4.18 4.17 4.16 4.14 4.13 4.10 4.08 4.06 4.03 4.00 3.97 3.92 3.88 3.85 3.82 3.79 3.76 3.73 3.69 3.62 3.56 3.49 3.34 3.11 2.88 2.70 2.76
6.37 7.57 9.83 10.50 8.53 5.58 4.53 4.28 4.00 3.65 3.43 3.62 3.90 3.99 3.98 3.83 3.80 3.94 3.95 4.01 4.19 4.28 4.31 4.20 4.09 4.38 4.70 4.68 4.52 4.43 4.36 4.24 4.07 3.94 3.84 3.82 3.88 3.98 4.12 4.08 3.96 4.02 4.30 4.63 4.88 5.09 5.26 5.50 5.76 5.74 5.42 5.03 4.78 4.59 4.40 4.28 4.25 4.24 4.23 4.22 4.20 4.18 4.16 4.14 4.12 4.09 4.06 4.02 3.99 3.96 3.93 3.90 3.87 3.84 3.81 3.77 3.72 3.66 3.58 3.41 3.12 2.92 2.98 3.65
9.12 8.97 8.40 6.77 5.19 4.23 3.29 2.56 2.29 2.41 2.88 3.41 3.61 3.75 3.81 3.72 3.78 3.97 4.06 4.17 4.34 4.41 4.42 4.45 4.54 4.72 4.81 4.68 4.50 4.49 4.43 4.25 4.06 3.87 3.76 3.78 3.86 3.95 3.97 3.91 3.97 4.18 4.45 4.67 4.83 4.98 5.15 5.41 5.57 5.43 5.20 5.08 4.91 4.60 4.34 4.28 4.28 4.28 4.28 4.28 4.26 4.25 4.23 4.21 4.18 4.14 4.11 4.08 4.05 4.02 3.99 3.96 3.93 3.90 3.88 3.85 3.81 3.76 3.70 3.58 3.40 3.39 3.62 4.53
10.75 8.35 5.46 4.64 3.91 3.01 1.92 1.57 1.95 2.53 3.18 3.44 3.49 3.67 3.78 3.79 3.79 4.00 4.17 4.27 4.40 4.43 4.55 4.81 4.91 4.74 4.59 4.47 4.48 4.56 4.41 4.22 4.09 3.94 3.96 4.07 4.09 4.06 4.01 4.06 4.21 4.33 4.36 4.36 4.38 4.46 4.63 4.85 4.87 4.66 4.44 4.32 4.20 4.13 4.16 4.23 4.28 4.31 4.33 4.33 4.33 4.32 4.30 4.27 4.24 4.21 4.17 4.14 4.11 4.08 4.05 4.02 4.00 3.98 3.96 3.94 3.91 3.89 3.88 3.87 3.90 4.09 4.53 5.55
11.21 8.28 5.04 4.34 3.56 2.64 1.76 1.93 2.73 3.34 3.53 3.38 3.46 3.58 3.75 3.74 3.67 3.92 4.12 4.25 4.35 4.38 4.70 5.21 5.26 4.85 4.61 4.60 4.67 4.56 4.29 4.24 4.25 4.32 4.55 4.63 4.47 4.34 4.34 4.39 4.43 4.40 4.35 4.31 4.34 4.47 4.67 4.78 4.70 4.48 4.17 3.94 3.86 3.90 4.01 4.16 4.28 4.33 4.37 4.39 4.40 4.40 4.37 4.34 4.29 4.26 4.22 4.19 4.16 4.13 4.10 4.08 4.06 4.05 4.03 4.02 4.02 4.04 4.08 4.17 4.35 4.77 5.54 6.74
9.86 7.42 5.07 4.40 3.60 2.97 2.61 3.07 3.81 3.92 3.39 3.24 3.52 3.50 3.63 3.61 3.50 3.81 4.16 4.45 4.49 4.59 5.42 6.45 6.32 5.47 5.01 4.95 4.80 4.50 4.28 4.28 4.34 4.46 4.66 4.73 4.69 4.75 4.83 4.82 4.73 4.57 4.39 4.32 4.37 4.51 4.69 4.72 4.61 4.35 4.05 3.91 3.86 3.83 3.91 4.08 4.22 4.33 4.43 4.48 4.51 4.50 4.45 4.40 4.35 4.31 4.28 4.24 4.21 4.18 4.16 4.14 4.12 4.11 4.10 4.10 4.12 4.16 4.21 4.32 4.55 5.04 5.82 6.86
7.71 6.85 5.65 5.04 4.29 3.91 3.98 4.07 3.99 3.63 3.26 3.58 3.85 3.62 3.65 3.55 3.35 3.81 4.47 5.07 5.24 5.82 7.94 8.91 7.52 5.77 5.07 4.88 4.64 4.44 4.34 4.35 4.37 4.37 4.38 4.43 4.50 4.61 4.76 4.87 4.87 4.74 4.55 4.48 4.54 4.65 4.76 4.74 4.64 4.46 4.25 4.08 3.96 4.00 4.11 4.16 4.24 4.37 4.48 4.60 4.65 4.61 4.53 4.46 4.40 4.36 4.32 4.28 4.26 4.23 4.21 4.19 4.17 4.16 4.16 4.17 4.20 4.23 4.28 4.38 4.58 4.90 5.37 6.19
7.07 7.16 6.67 5.63 4.89 4.51 4.41 4.13 3.57 3.55 4.14 4.42 4.15 3.70 3.41 3.14 3.29 4.09 5.20 6.32 7.15 9.22 10.86 9.54 6.62 5.07 4.64 4.54 4.42 4.35 4.35 4.40 4.44 4.39 4.36 4.44 4.41 4.29 4.33 4.49 4.58 4.57 4.55 4.54 4.59 4.67 4.71 4.75 4.75 4.68 4.58 4.50 4.54 4.64 4.60 4.46 4.33 4.31 4.61 4.93 4.92 4.74 4.60 4.51 4.44 4.39 4.36 4.33 4.30 4.28 4.25 4.23 4.22 4.20 4.21 4.21 4.23 4.25 4.30 4.41 4.58 4.75 4.94 5.30
7.67 7.32 6.26 5.20 4.82 4.55 4.36 4.12 3.81 4.46 5.40 5.03 4.14 3.54 3.09 2.91 3.55 4.60 6.31 8.62 10.99 12.39 10.96 7.43 5.07 4.29 4.21 4.27 4.23 4.24 4.31 4.39 4.43 4.40 4.45 4.58 4.48 4.37 4.42 4.54 4.59 4.50 4.38 4.36 4.45 4.52 4.57 4.74 4.84 4.83 4.84 4.95 5.12 5.14 4.85 4.46 4.24 4.50 5.36 5.67 5.25 4.85 4.65 4.53 4.46 4.42 4.39 4.36 4.34 4.32 4.29 4.27 4.25 4.25 4.24 4.25 4.25 4.28 4.33 4.42 4.54 4.63 4.70 4.88
7.97 7.11 5.98 5.70 5.83 5.52 5.20 5.11 5.03 5.65 6.20 5.34 4.22 3.77 3.68 3.80 4.30 5.08 7.16 11.29 13.61 12.25 8.02 5.34 4.10 3.66 3.72 3.88 3.97 4.10 4.23 4.32 4.37 4.41 4.56 4.71 4.67 4.68 4.74 4.75 4.71 4.53 4.37 4.35 4.38 4.40 4.45 4.64 4.81 4.96 5.11 5.22 5.31 5.23 4.86 4.62 5.00 5.95 6.67 6.31 5.40 4.86 4.63 4.53 4.48 4.44 4.42 4.40 4.38 4.35 4.33 4.30 4.28 4.27 4.27 4.27 4.28 4.31 4.35 4.41 4.48 4.55 4.68 4.90
8.44 7.82 7.33 7.61 7.95 8.13 8.56 8.82 8.30 7.73 7.06 5.86 4.72 4.33 4.24 4.59 5.34 6.53 9.83 13.58 13.13 8.19 4.88 3.56 3.03 2.89 3.18 3.51 3.75 3.96 4.09 4.25 4.43 4.59 4.75 4.85 4.82 4.83 4.84 4.75 4.59 4.43 4.40 4.40 4.35 4.24 4.23 4.40 4.69 5.01 5.23 5.41 5.46 5.23 4.98 5.36 6.36 6.94 6.66 5.76 5.02 4.69 4.56 4.51 4.47 4.45 4.44 4.43 4.41 4.38 4.35 4.32 4.31 4.30 4.29 4.28 4.29 4.31 4.34 4.37 4.41 4.47 4.60 4.74
9.51 9.07 8.73 9.05 9.79 10.51 11.02 11.23 10.74 9.74 9.18 8.73 8.17 8.21 7.98 8.00 9.15 11.15 13.41 13.08 9.31 4.30 2.86 2.35 2.25 2.41 2.96 3.38 3.65 3.83 3.95 4.24 4.61 4.85 4.92 4.90 4.86 4.85 4.88 4.79 4.54 4.37 4.42 4.45 4.25 4.05 4.09 4.33 4.79 5.18 5.63 6.03 5.77 5.27 5.10 5.53 6.13 5.90 5.21 4.65 4.37 4.33 4.38 4.43 4.44 4.46 4.47 4.46 4.42 4.38 4.36 4.35 4.34 4.32 4.31 4.30 4.29 4.30 4.31 4.33 4.35 4.39 4.43 4.48
10.91 10.13 9.27 9.53 10.33 10.37 9.68 9.06 8.77 9.48 10.07 10.36 10.69 10.89 10.92 10.91 11.40 12.24 11.96 8.12 4.13 2.37 1.67 1.55 1.72 2.28 2.95 3.29 3.51 3.60 3.77 4.39 5.07 5.21 4.99 4.86 4.89 4.96 5.03 4.97 4.75 4.60 4.71 4.77 4.46 4.32 4.41 4.68 5.24 5.83 6.83 7.18 6.00 5.22 5.11 5.23 5.35 5.06 4.62 4.33 4.18 4.10 4.19 4.35 4.43 4.48 4.49 4.46 4.41 4.39 4.39 4.39 4.36 4.33 4.30 4.29 4.29 4.30 4.29 4.29 4.30 4.30 4.30 4.30
12.12 10.92 9.55 9.76 10.09 9.10 7.43 6.26 6.29 7.48 8.13 7.59 6.84 5.52 5.87 6.72 7.57 7.48 7.60 4.33 1.47 0.44 0.20 0.60 1.36 2.30 2.90 3.20 3.38 3.54 4.14 5.18 5.72 5.39 4.88 4.81 5.00 5.14 5.19 5.14 4.98 4.90 5.09 5.25 5.23 5.31 5.47 5.82 6.51 7.54 8.32 7.49 5.69 4.99 5.01 5.11 5.20 5.07 4.73 4.46 4.30 4.10 4.15 4.35 4.45 4.49 4.48 4.43 4.42 4.44 4.45 4.42 4.37 4.32 4.30 4.30 4.29 4.28 4.27 4.26 4.25 4.23 4.20 4.16
13.04 11.97 10.49 10.07 9.53 7.77 6.13 5.12 4.79 4.92 4.97 4.56 3.17 2.55 2.87 3.92 4.46 5.70 5.81 2.31 1.55 1.84 1.41 1.16 1.84 2.55 2.95 3.21 3.48 4.04 5.10 5.74 5.63 5.07 4.68 4.84 5.15 5.30 5.33 5.29 5.17 5.10 5.23 5.55 5.91 6.24 6.74 7.47 8.27 8.62 7.81 6.08 4.88 4.63 4.86 5.06 5.05 4.91 4.64 4.48 4.34 4.14 4.21 4.39 4.47 4.50 4.47 4.46 4.49 4.51 4.47 4.40 4.34 4.31 4.31 4.30 4.29 4.28 4.26 4.23 4.21 4.17 4.13 4.06
14.57 13.36 11.20 9.51 8.06 6.53 5.37 4.57 4.09 3.78 3.59 2.76 1.90 2.19 2.85 3.76 4.58 5.45 4.92 3.21 3.09 2.80 2.74 2.79 2.92 3.08 3.16 3.30 3.73 4.43 5.15 5.22 5.00 4.80 4.65 4.86 5.24 5.47 5.53 5.51 5.48 5.37 5.33 5.68 6.11 6.35 6.86 7.53 7.73 6.92 5.49 4.69 4.44 4.43 4.72 4.89 4.81 4.69 4.54 4.44 4.26 4.14 4.28 4.45 4.53 4.53 4.51 4.54 4.57 4.52 4.44 4.36 4.33 4.32 4.32 4.31 4.29 4.27 4.24 4.22 4.18 4.13 4.08 4.00
16.42 14.33 10.61 8.10 6.79 6.07 5.08 4.36 3.94 3.45 2.99 2.45 1.81 1.79 2.72 3.81 4.66 4.59 3.68 3.77 3.62 3.09 4.05 4.81 4.35 3.44 3.09 3.29 3.74 4.28 4.77 4.89 4.91 4.92 4.81 4.97 5.43 5.78 5.83 5.81 5.80 5.62 5.51 5.72 5.94 6.01 6.36 6.67 6.26 5.41 4.72 4.55 4.50 4.48 4.67 4.82 4.86 4.80 4.65 4.45 4.22 4.18 4.35 4.52 4.56 4.56 4.58 4.60 4.56 4.48 4.40 4.35 4.33 4.33 4.33 4.31 4.28 4.26 4.24 4.20 4.16 4.11 4.04 3.97
17.27 13.97 9.57 7.48 6.36 5.70 4.84 4.44 4.07 3.42 3.07 2.72 2.16 2.06 2.77 3.80 4.39 4.06 3.64 3.63 3.45 4.45 6.61 6.36 4.10 2.52 2.56 3.11 3.56 4.11 4.69 4.95 5.10 5.18 5.18 5.43 5.89 6.22 6.27 6.18 6.06 5.92 5.82 5.84 6.02 6.31 6.53 6.46 5.99 5.42 5.14 4.98 4.85 4.83 4.90 5.01 5.00 4.92 4.78 4.57 4.42 4.43 4.56 4.62 4.60 4.61 4.64 4.61 4.51 4.44 4.38 4.34 4.34 4.33 4.32 4.30 4.28 4.27 4.24 4.20 4.15 4.10 4.03 3.96
15.08 12.45 9.07 7.49 6.20 5.35 4.77 4.44 4.15 3.66 3.42 3.07 2.61 2.64 3.08 3.89 4.33 3.54 2.90 2.89 4.31 7.09 7.43 4.12 1.42 1.44 2.37 3.05 3.47 4.07 4.72 5.14 5.37 5.59 5.76 6.02 6.32 6.56 6.76 6.65 6.39 6.29 6.16 6.07 6.30 6.57 6.56 6.38 6.06 5.72 5.57 5.40 5.24 5.29 5.34 5.32 5.10 5.05 5.03 4.85 4.76 4.79 4.81 4.83 4.85 4.78 4.74 4.65 4.48 4.41 4.37 4.35 4.33 4.32 4.32 4.30 4.29 4.27 4.24 4.20 4.15 4.10 4.03 3.95
12.22 10.61 8.56 7.26 5.85 5.08 4.80 4.47 4.02 3.64 3.47 3.09 2.70 2.82 3.16 3.64 3.96 3.25 2.38 4.12 7.05 7.78 5.24 2.83 2.22 2.11 2.72 3.23 3.54 4.10 4.90 5.55 5.88 6.22 6.40 6.46 6.58 6.88 7.31 7.18 6.75 6.59 6.44 6.29 6.31 6.34 6.39 6.37 6.19 6.05 5.91 5.68 5.51 5.48 5.52 5.41 5.27 5.42 5.35 5.02 4.88 4.86 4.92 5.09 5.16 5.05 4.93 4.66 4.36 4.26 4.27 4.29 4.31 4.33 4.32 4.30 4.29 4.27 4.25 4.21 4.17 4.11 4.04 3.96
10.05 9.08 7.63 6.57 5.52 4.87 4.65 4.43 4.00 3.59 3.38 3.07 2.54 2.36 2.68 3.57 4.33 4.16 4.06 5.94 7.41 5.25 3.50 3.27 2.92 2.84 3.14 3.55 3.83 4.38 5.34 6.15 6.57 6.92 7.04 6.94 7.02 7.47 7.86 7.57 6.97 6.70 6.65 6.53 6.49 6.70 6.94 6.87 6.59 6.34 6.02 5.84 5.77 5.70 5.72 5.60 5.63 5.69 5.49 5.31 5.18 5.13 5.20 5.28 5.31 5.18 4.90 4.49 4.10 3.99 4.18 4.35 4.34 4.29 4.28 4.27 4.28 4.28 4.26 4.23 4.19 4.13 4.07 3.98
8.39 7.75 6.61 5.83 5.21 4.69 4.45 4.25 4.00 3.65 3.35 3.14 2.63 2.46 3.07 4.01 4.89 4.73 4.72 5.94 5.71 4.17 3.84 3.65 3.40 3.44 3.70 3.92 4.21 4.96 5.91 6.66 7.24 7.56 7.66 7.60 7.66 7.97 8.11 7.81 7.16 6.82 6.86 6.85 6.88 7.04 7.14 6.97 6.57 6.23 6.03 6.04 6.07 6.10 6.19 6.07 5.90 5.73 5.66 5.69 5.65 5.57 5.47 5.43 5.44 5.19 4.76 4.32 3.98 3.95 4.29 4.45 4.28 4.19 4.20 4.22 4.27 4.29 4.28 4.24 4.20 4.16 4.09 4.01
7.06 6.57 5.71 5.20 4.85 4.53 4.30 4.00 3.93 3.82 3.52 3.35 3.10 3.14 3.51 4.04 4.83 4.73 4.47 4.76 4.69 4.49 4.24 3.93 3.68 3.86 4.32 4.51 4.80 5.78 6.46 7.00 7.80 8.13 8.20 8.37 8.39 8.34 8.34 8.16 7.64 7.25 7.19 7.22 7.15 7.03 6.98 6.80 6.39 6.20 6.29 6.37 6.38 6.35 6.30 6.16 5.99 5.86 5.85 5.81 5.66 5.44 5.34 5.51 5.51 5.20 4.80 4.42 4.14 4.18 4.43 4.38 4.12 3.95 3.95 4.12 4.29 4.34 4.30 4.26 4.26 4.22 4.14 4.04
5.86 5.46 4.83 4.56 4.47 4.33 4.13 3.78 3.79 4.02 3.83 3.64 3.64 3.62 3.66 3.97 4.48 4.55 4.30 4.35 4.29 4.31 4.43 4.09 3.85 4.15 4.84 5.13 5.56 6.57 6.98 7.58 8.25 8.45 8.76 9.41 9.57 9.19 9.04 8.84 8.37 7.74 7.55 7.63 7.44 7.23 7.16 6.97 6.70 6.71 6.89 6.88 6.74 6.54 6.33 6.16 6.02 5.95 5.93 5.83 5.57 5.29 5.30 5.46 5.35 5.13 4.89 4.53 4.27 4.32 4.41 4.27 4.12 3.92 4.00 4.37 4.51 4.35 4.18 4.26 4.36 4.32 4.21 4.08
4.80 4.50 4.10 4.00 4.12 4.05 3.85 3.65 3.71 4.22 4.24 4.01 4.01 3.80 3.75 3.82 4.02 4.15 3.88 3.82 4.03 4.39 4.27 3.96 4.13 4.51 5.07 5.59 6.52 7.40 7.94 8.47 8.34 8.37 9.69 11.20 11.22 10.27 9.66 9.29 8.75 8.09 8.04 8.09 7.76 7.55 7.35 7.15 7.06 7.12 7.30 7.26 6.99 6.77 6.59 6.33 6.05 5.91 5.87 5.76 5.53 5.44 5.52 5.54 5.39 5.19 4.92 4.52 4.30 4.30 4.29 4.26 4.36 4.44 4.66 4.91 4.80 4.37 4.23 4.53 4.69 4.51 4.27 4.11
4.18 3.90 3.58 3.58 3.77 3.82 3.82 3.82 3.96 4.72 5.03 4.65 4.12 3.65 3.60 3.53 3.62 3.65 3.35 3.30 3.86 4.63 4.18 3.57 4.09 4.77 5.13 5.81 7.36 8.60 9.07 8.90 7.70 8.24 11.49 13.42 12.49 10.51 9.75 9.65 9.04 8.59 8.69 8.56 8.25 8.05 7.76 7.59 7.48 7.30 7.24 7.08 6.84 6.77 6.67 6.43 6.16 6.01 5.92 5.72 5.59 5.63 5.68 5.67 5.57 5.26 4.91 4.57 4.31 4.22 4.27 4.40 4.61 4.80 4.94 5.02 4.93 4.75 4.82 5.03 4.99 4.62 4.31 4.14
3.92 3.58 3.29 3.51 3.90 4.27 4.77 4.95 5.20 5.31 4.97 4.19 3.33 3.18 3.49 3.51 3.49 3.20 2.85 3.02 3.91 4.95 4.46 3.41 3.72 4.70 5.34 5.76 7.89 9.93 9.61 8.85 7.35 8.74 13.76 14.73 12.21 10.27 10.43 10.65 9.59 9.02 9.31 9.23 8.83 8.53 8.30 8.13 7.83 7.48 7.25 7.04 6.81 6.72 6.61 6.42 6.27 6.21 6.16 5.96 5.82 5.87 5.84 5.65 5.41 5.10 4.86 4.63 4.37 4.25 4.31 4.52 4.81 4.99 5.08 5.18 5.20 5.16 5.07 5.03 4.92 4.64 4.36 4.18
3.91 3.59 3.63 4.41 5.18 5.60 5.54 5.17 4.77 4.24 3.89 3.49 2.87 3.09 3.74 3.97 3.64 2.68 2.34 3.20 4.53 5.28 4.57 3.48 3.44 4.49 5.45 5.81 8.35 10.82 9.88 9.04 8.24 10.05 14.88 14.52 11.52 11.11 12.12 11.30 9.06 8.92 9.94 9.66 9.02 8.93 8.82 8.32 7.82 7.63 7.58 7.47 7.19 6.87 6.61 6.41 6.32 6.38 6.47 6.32 6.14 6.18 6.03 5.49 5.12 4.93 4.77 4.69 4.50 4.27 4.20 4.60 5.15 5.32 5.39 5.43 5.41 5.19 4.87 4.78 4.79 4.73 4.49 4.18
4.32 4.13 4.54 5.20 5.33 5.02 4.30 3.73 3.49 3.38 3.51 3.40 2.97 3.31 4.23 4.76 3.91 2.20 2.02 3.48 5.10 5.62 4.58 3.65 3.65 4.43 5.35 6.11 8.94 11.23 10.41 9.50 9.11 11.20 15.40 14.93 12.86 13.36 12.90 10.39 8.53 9.63 10.60 9.69 9.23 9.46 9.10 8.31 7.90 7.88 7.84 7.66 7.29 6.95 6.78 6.61 6.43 6.51 6.59 6.29 6.11 6.17 5.86 5.25 4.98 4.95 4.88 4.76 4.53 4.32 4.45 5.07 5.61 5.56 5.44 5.40 5.25 4.96 4.72 4.73 4.78 4.80 4.50 4.06
