windninja/windninja_output/Output_2025-08-09_1800-1850_Google earth_Fire_150m_10min/merlingen_7.5mi_point_08-09-2025_1840_150m_vel.asc
ncols	158
nrows	163
xllcorner	391686.332397
yllcorner	5160024.123721
cellsize	150.000000
NODATA_value	-32768.000000
[rows 114 to 151 of 163, columns 0 to 83 of 158]
4.34 3.76 3.06 3.02 3.22 3.25 3.29 3.34 3.09 3.12 4.19 5.90 6.23 5.41 5.84 6.91 6.00 5.22 5.48 5.31 5.54 6.23 5.98 5.05 6.28 8.20 8.63 8.37 8.63 8.97 9.18 11.05 14.12 17.64 18.73 15.43 11.95 10.25 8.82 7.63 7.11 9.14 12.09 12.74 10.79 9.19 9.13 9.05 8.54 8.18 7.85 7.48 7.29 7.17 7.07 6.90 6.62 6.46 6.44 6.37 6.10 5.72 5.74 6.11 5.96 5.72 5.64 5.58 5.62 5.51 5.41 5.63 5.85 5.65 5.57 5.79 5.89 5.82 5.53 5.42 5.86 5.80 4.93 4.35
4.64 4.09 3.56 3.52 3.59 3.50 3.41 3.21 3.00 3.73 5.64 7.05 6.31 5.09 6.04 8.21 7.83 6.37 5.68 5.25 5.71 6.43 6.88 7.72 8.79 9.32 8.92 8.50 9.63 9.67 8.81 10.37 14.41 18.02 18.28 15.63 12.88 10.85 8.99 7.74 8.69 11.89 13.65 12.95 11.41 10.65 10.20 9.31 8.68 8.48 8.20 7.85 7.48 7.14 7.02 6.80 6.51 6.38 6.37 6.48 6.21 5.81 5.91 6.27 6.22 5.87 5.74 5.76 5.72 5.51 5.37 5.41 5.50 5.53 5.56 5.83 6.01 5.94 5.56 5.36 5.92 5.97 5.14 4.37
5.05 4.46 3.90 3.62 3.57 3.48 3.28 3.20 3.61 5.10 7.34 7.59 5.88 4.82 6.68 9.63 8.71 6.30 5.77 6.18 7.15 8.22 9.23 10.04 10.18 9.90 8.90 8.51 10.47 10.96 10.18 11.00 13.54 17.20 18.64 16.68 14.19 11.28 9.75 9.94 11.58 13.90 13.65 12.32 11.72 10.73 9.20 8.28 8.55 8.81 8.67 8.32 7.74 7.20 6.80 6.52 6.42 6.37 6.39 6.53 6.25 5.87 5.99 6.39 6.44 5.95 5.77 5.84 5.78 5.59 5.40 5.33 5.41 5.65 5.69 5.82 5.97 5.95 5.56 5.26 5.84 6.20 5.22 4.14
5.24 4.52 3.74 3.35 3.37 3.41 3.43 3.87 5.08 6.68 8.01 7.30 5.48 5.11 7.56 10.01 8.34 6.17 6.88 8.47 9.61 10.60 11.13 11.33 11.35 11.44 10.55 9.80 12.17 11.91 10.64 11.02 12.92 17.47 20.13 18.65 15.32 11.84 11.20 13.16 14.68 14.43 12.84 12.04 11.56 10.00 9.05 9.23 9.71 9.86 9.62 8.89 8.06 7.37 6.78 6.58 6.60 6.47 6.42 6.51 6.37 6.15 6.33 6.73 6.60 5.99 5.85 5.96 5.85 5.68 5.58 5.56 5.59 5.69 5.87 6.02 5.90 5.80 5.59 5.40 6.03 6.48 5.24 3.92
5.44 4.59 3.62 3.35 3.58 3.76 4.02 4.84 6.25 7.29 7.77 6.91 5.62 5.87 7.76 9.59 8.87 7.22 8.24 9.50 10.09 10.68 10.98 11.42 12.24 12.91 13.52 14.45 14.84 13.72 12.66 13.71 17.06 22.25 22.08 19.08 17.08 14.07 14.33 16.28 15.64 13.87 12.36 11.59 11.03 10.50 10.41 10.84 11.02 10.72 9.97 8.86 8.04 7.36 6.80 6.63 6.64 6.54 6.47 6.57 6.59 6.46 6.75 7.08 6.78 6.29 6.11 5.99 5.80 5.78 5.81 5.75 5.67 5.71 6.03 6.14 5.79 5.63 5.76 5.92 6.42 6.41 5.09 3.90
5.85 4.97 3.83 3.54 3.89 4.11 4.52 5.44 6.63 7.14 7.32 7.02 6.14 6.40 7.26 8.94 10.18 8.92 8.41 8.78 9.13 9.60 10.30 11.36 12.56 13.33 14.13 15.12 15.64 16.59 19.23 21.91 24.07 24.43 20.23 16.45 15.73 16.58 17.75 17.79 15.71 13.63 12.37 12.18 12.42 11.98 11.16 11.04 10.91 10.12 9.17 8.25 7.66 7.14 6.65 6.45 6.51 6.54 6.51 6.64 6.78 6.72 6.88 7.00 6.51 6.12 5.94 5.70 5.61 5.81 5.90 5.78 5.73 5.89 6.11 6.02 5.65 5.59 5.91 6.16 6.28 5.96 4.96 4.27
6.14 5.31 4.20 3.90 3.97 3.91 4.46 5.62 6.82 6.89 6.88 7.69 7.05 6.71 6.93 8.67 10.86 10.20 8.53 8.24 8.42 8.88 9.99 11.36 12.56 13.32 13.63 13.90 15.92 19.18 21.55 22.44 22.03 19.85 16.49 14.56 14.04 15.48 16.28 15.34 14.66 14.13 14.00 14.23 13.94 12.89 12.15 12.00 11.19 9.82 8.83 8.09 7.56 7.15 6.61 6.20 6.32 6.55 6.54 6.74 7.00 6.70 6.35 5.85 4.81 4.67 4.91 4.88 5.26 5.85 5.97 5.80 5.85 6.02 6.05 5.82 5.59 5.59 5.78 5.96 5.98 5.83 5.19 4.81
6.38 5.63 4.99 5.22 5.14 4.64 5.01 6.12 7.08 6.73 6.66 8.56 8.11 7.21 7.38 8.61 10.78 10.72 8.70 7.73 7.62 8.34 9.53 10.96 12.67 13.55 13.67 14.52 17.97 21.29 21.01 19.14 17.98 16.53 15.34 14.16 12.88 12.55 11.43 11.21 11.90 12.54 13.02 12.71 12.05 11.83 12.09 11.94 10.82 9.70 8.70 7.99 7.64 7.21 6.61 6.21 6.44 6.64 6.54 6.68 6.52 5.44 4.46 3.85 3.32 4.04 4.89 4.83 5.19 5.91 5.94 5.73 5.90 6.07 5.96 5.74 5.62 5.60 5.71 5.90 6.00 6.06 5.73 5.56
6.59 6.00 5.93 6.23 6.22 6.24 6.46 6.78 7.23 6.61 6.69 9.53 9.17 7.40 7.14 7.91 10.06 10.31 7.67 6.48 6.87 8.15 9.25 10.56 12.82 13.47 13.75 15.92 20.68 23.19 20.80 18.83 17.58 15.30 14.65 13.66 11.84 11.02 9.88 9.45 9.40 9.49 9.91 9.60 9.34 9.64 9.76 9.26 8.95 8.54 8.00 7.75 7.39 6.84 6.47 6.35 6.50 6.52 6.17 5.82 4.81 3.40 2.90 3.04 3.39 4.73 5.86 5.77 5.71 5.84 5.75 5.73 6.05 6.18 5.99 5.76 5.59 5.68 5.96 6.10 6.21 6.51 6.58 6.65
6.19 5.68 5.66 5.67 5.58 5.92 6.34 6.65 7.08 6.65 7.14 10.42 9.61 6.54 6.02 7.08 8.82 9.34 7.33 6.28 7.07 8.24 9.07 10.69 12.89 13.61 13.96 17.35 24.32 25.40 20.30 17.98 16.62 14.26 14.09 13.44 11.29 10.57 9.99 9.06 8.62 8.58 8.59 8.60 8.78 8.95 8.61 8.03 7.92 7.82 7.79 7.68 7.04 6.49 6.14 5.70 5.37 5.22 4.75 4.10 3.05 2.56 3.07 3.75 4.43 5.77 6.55 6.45 6.19 5.70 5.56 5.94 6.23 6.19 5.98 5.79 5.69 5.98 6.43 6.55 6.73 7.30 7.63 7.32
5.85 5.38 5.24 5.09 5.09 5.54 5.86 6.08 6.76 6.86 7.90 10.08 8.02 5.18 5.32 6.49 7.53 8.13 7.79 7.45 8.12 8.97 9.67 11.22 12.81 13.59 15.22 22.04 30.51 26.74 18.16 16.22 15.83 14.15 13.61 13.07 11.04 10.25 9.91 8.83 8.50 8.30 7.97 8.23 8.88 9.10 8.87 8.36 8.01 8.09 8.21 7.77 6.90 6.38 5.89 5.09 4.26 3.89 3.73 3.05 2.71 3.61 4.52 4.94 5.53 6.38 6.58 6.41 6.19 5.47 5.28 5.89 6.18 6.11 6.10 6.01 6.05 6.46 6.97 7.14 7.25 7.72 7.78 6.99
5.81 5.56 5.51 5.49 5.61 5.82 5.81 6.11 7.25 7.60 8.22 8.86 6.69 4.39 4.89 6.00 6.77 7.03 7.60 8.97 10.61 11.31 11.29 12.11 14.33 16.57 22.61 33.68 33.02 22.82 15.15 14.48 15.20 13.70 12.70 12.71 11.19 10.16 9.87 8.83 8.14 7.81 7.64 7.97 8.71 9.08 9.16 8.68 8.25 8.14 7.81 7.28 6.82 6.41 5.89 5.24 4.58 4.24 4.27 3.88 4.22 5.28 5.64 5.61 5.97 6.42 6.33 6.12 5.94 5.44 5.22 5.85 6.33 6.30 6.39 6.37 6.39 6.68 7.06 7.16 7.01 7.41 7.42 6.67
5.31 5.17 5.32 5.54 5.63 5.66 5.89 6.94 7.99 7.96 7.81 7.75 6.32 4.70 5.47 6.34 6.41 6.48 7.48 9.35 11.97 15.48 16.03 16.57 23.32 30.46 33.59 33.64 25.55 16.61 13.85 13.74 14.49 13.08 12.18 12.53 11.32 9.90 9.33 8.41 7.70 7.51 7.58 7.95 8.81 9.62 9.65 9.05 8.51 7.94 7.18 6.58 6.28 6.03 5.57 5.00 4.56 4.55 4.98 5.21 5.57 5.89 5.64 5.41 5.74 6.09 5.98 5.79 5.71 5.48 5.58 6.28 6.75 6.75 6.80 6.80 6.68 6.57 6.78 6.91 6.79 7.29 7.53 7.03
5.31 5.14 5.29 5.44 5.60 5.93 6.66 7.84 8.24 7.90 7.33 7.12 6.97 6.73 7.50 7.28 6.67 7.29 8.85 11.40 17.13 23.75 26.19 27.26 29.35 31.65 28.82 21.53 16.49 13.78 13.03 13.57 14.11 12.93 12.04 11.99 11.01 9.80 8.63 7.88 7.37 7.19 7.62 8.26 9.17 10.03 9.56 8.47 7.71 7.10 6.63 6.20 5.72 5.40 5.06 4.54 4.15 4.44 5.12 5.28 5.31 5.31 5.05 5.06 5.54 5.82 5.71 5.55 5.51 5.43 5.81 6.57 7.01 7.08 7.19 7.30 6.84 6.68 7.13 7.32 7.40 7.87 7.96 7.56
5.49 5.27 5.29 5.38 5.58 6.16 7.19 8.02 8.14 7.69 7.29 7.68 8.55 8.96 9.09 8.20 7.98 9.78 14.07 24.39 30.24 28.98 26.79 24.73 23.61 21.74 18.37 15.01 12.84 11.85 12.37 13.61 13.75 12.33 11.19 10.91 10.68 9.57 7.98 7.48 7.28 7.35 8.06 8.78 9.62 10.18 9.22 7.31 6.34 6.12 5.97 5.71 5.47 5.22 4.87 4.44 4.14 4.41 4.90 4.84 4.76 4.75 4.77 5.06 5.46 5.64 5.53 5.38 5.35 5.38 5.81 6.66 7.20 7.18 7.20 7.38 7.13 7.09 7.62 7.91 8.33 8.67 8.46 8.26
5.27 4.92 4.71 4.78 4.95 5.61 6.64 7.54 7.65 7.43 7.71 8.61 9.15 9.31 9.59 10.43 11.34 15.20 25.55 34.25 30.55 22.54 18.78 16.67 16.80 17.37 16.17 13.56 11.38 11.26 12.27 12.79 12.19 10.87 10.11 10.26 10.25 8.82 7.49 7.48 7.65 7.90 8.49 9.32 10.21 10.39 9.08 7.00 6.26 6.20 5.95 5.43 5.04 4.84 4.56 4.28 4.11 4.25 4.54 4.59 4.62 4.66 4.77 5.03 5.33 5.47 5.35 5.29 5.28 5.38 5.81 6.64 7.31 7.36 7.27 7.63 7.66 7.30 7.61 8.30 8.78 8.94 8.79 8.59
5.39 5.01 4.78 4.83 4.89 5.46 6.32 6.90 7.15 7.26 7.73 7.94 7.75 8.21 9.34 12.06 17.18 24.82 31.74 30.03 20.54 16.16 15.56 15.44 16.50 17.67 15.59 12.37 11.84 12.37 12.31 11.52 10.63 9.96 9.55 9.60 9.58 8.70 7.89 8.06 8.38 8.72 9.53 10.50 11.12 10.61 8.73 6.79 6.32 6.07 5.50 4.93 4.45 4.20 4.03 3.93 3.84 3.97 4.34 4.53 4.51 4.51 4.65 4.93 5.21 5.29 5.33 5.35 5.31 5.39 5.87 6.68 7.29 7.50 7.65 8.22 8.30 7.54 7.80 8.74 9.16 9.20 8.73 8.08
5.74 5.49 5.35 5.30 5.39 6.15 6.66 6.58 6.87 7.10 7.01 6.65 6.54 7.38 9.35 12.92 20.47 27.75 27.30 19.60 16.19 15.71 15.53 15.60 16.92 17.52 14.06 12.34 12.68 12.83 12.42 11.74 10.84 9.84 9.36 9.60 9.97 10.08 9.54 9.38 9.94 10.55 11.24 11.77 11.52 9.79 7.35 5.76 5.47 5.14 4.41 3.99 3.94 3.78 3.57 3.44 3.27 3.45 3.93 4.12 4.07 4.24 4.53 4.89 5.10 5.24 5.43 5.44 5.37 5.42 5.99 6.83 7.16 7.59 8.19 8.82 9.11 8.34 8.21 9.16 9.91 9.55 8.37 7.53
5.67 5.40 5.20 5.34 5.97 6.96 7.20 6.90 7.02 7.11 6.64 6.41 6.70 7.90 10.53 14.17 22.49 27.41 22.23 16.74 16.14 16.05 16.04 16.43 17.33 16.76 13.20 11.65 11.75 11.19 10.99 10.90 10.23 9.69 10.03 10.83 11.52 11.86 11.43 11.41 12.33 12.70 12.52 12.50 11.28 8.05 5.51 4.61 4.41 4.02 3.43 3.34 3.46 3.44 3.27 3.11 2.92 3.05 3.51 3.69 3.89 4.48 4.64 4.84 5.11 5.25 5.50 5.59 5.47 5.55 6.28 6.95 7.08 7.75 8.59 9.39 10.20 9.34 8.60 9.60 10.39 9.47 7.92 7.42
5.50 5.11 5.08 5.70 6.69 7.37 7.25 7.28 7.72 7.93 7.67 7.45 7.61 9.33 12.10 17.58 26.87 28.13 22.71 18.60 17.90 17.50 17.42 17.32 16.55 14.56 12.13 11.15 10.87 10.12 9.59 9.48 9.25 9.95 11.26 11.98 12.31 12.15 11.56 12.18 13.23 13.23 12.96 12.60 10.56 7.12 5.19 4.32 3.52 2.72 2.62 2.82 2.98 3.04 3.01 2.92 2.80 3.04 3.58 3.95 4.54 5.10 4.88 4.85 5.17 5.28 5.61 5.80 5.67 5.93 6.63 7.06 7.30 7.83 8.61 9.90 10.94 9.73 8.79 9.72 10.15 8.98 7.60 7.09
5.93 5.72 5.93 6.53 7.23 7.29 7.16 7.68 8.38 8.96 9.53 9.39 9.93 11.80 17.19 27.32 31.28 27.60 22.02 19.28 18.55 17.82 17.03 15.88 13.77 12.36 11.87 11.73 11.44 10.87 10.22 9.98 10.02 10.82 11.58 11.77 11.78 11.13 10.97 12.28 13.08 12.67 12.39 11.21 8.30 6.43 5.37 4.23 2.91 2.24 2.33 2.57 2.63 2.65 2.69 2.64 2.62 3.09 3.77 4.35 5.01 5.11 4.75 4.80 5.14 5.40 5.64 5.90 6.18 6.56 6.96 7.39 7.63 7.54 8.30 10.07 11.15 10.17 9.00 9.50 9.67 8.40 6.92 6.41
6.11 6.27 6.71 7.19 7.48 7.45 7.58 8.13 8.56 9.22 9.72 9.98 10.92 15.06 26.10 32.58 29.49 23.91 20.20 18.43 17.14 15.42 14.48 13.03 11.52 11.29 11.74 12.21 12.42 12.33 11.75 11.39 11.48 11.55 11.49 11.42 10.75 10.04 11.08 13.11 13.11 11.76 10.71 8.49 6.32 5.43 4.63 3.54 2.77 2.35 2.30 2.38 2.37 2.32 2.33 2.34 2.48 3.19 3.97 4.61 5.01 4.87 4.70 4.85 5.10 5.41 5.51 5.92 6.92 7.39 7.57 7.83 7.83 7.53 8.18 9.85 11.01 10.74 9.40 9.27 9.00 7.65 6.52 6.43
5.86 6.19 6.64 6.86 7.17 7.48 7.74 7.85 7.90 8.31 8.58 9.15 10.23 16.81 29.16 29.82 23.79 21.46 19.14 17.47 15.33 12.76 12.06 11.84 11.39 11.25 11.61 12.56 13.41 13.37 12.60 12.03 11.95 11.71 11.88 11.81 10.66 9.90 11.47 13.55 12.43 10.71 9.03 6.06 4.71 3.91 3.10 2.57 2.30 1.95 1.83 1.87 1.99 2.08 2.14 2.19 2.57 3.63 4.51 4.98 5.09 4.92 4.93 5.02 5.05 5.25 5.38 5.99 7.45 8.15 8.04 7.96 8.15 8.22 8.52 9.56 10.71 10.78 9.88 9.25 8.62 7.55 7.05 7.45
5.50 5.70 6.00 6.06 6.42 6.92 6.97 6.84 6.95 7.53 8.07 9.31 11.01 19.55 29.71 27.16 22.51 20.46 17.48 15.78 14.25 12.14 11.37 11.67 11.45 11.32 11.83 13.31 14.30 13.30 11.29 10.76 11.07 11.49 12.20 12.10 10.94 10.18 11.70 13.60 11.97 9.54 6.83 4.14 2.89 2.02 1.65 1.78 1.70 1.38 1.30 1.41 1.63 1.82 1.96 2.24 3.10 4.45 5.03 5.15 5.12 4.99 5.05 4.95 4.78 4.91 5.25 6.06 7.55 8.59 8.40 8.09 8.43 8.61 8.38 9.06 10.40 10.67 10.09 9.85 9.28 8.10 8.02 8.76
5.28 5.21 5.23 5.31 5.86 6.15 5.82 5.83 6.56 7.74 9.17 11.16 15.09 27.02 31.98 26.36 21.57 18.14 14.75 14.13 14.01 12.53 11.67 11.51 10.98 11.10 12.02 13.77 14.30 12.37 10.45 10.27 11.20 11.81 12.08 11.49 10.39 10.43 12.32 13.74 11.18 7.07 4.40 2.63 1.51 0.96 0.88 1.26 1.28 1.02 1.07 1.34 1.59 1.74 2.04 2.82 4.15 5.12 5.17 5.13 5.11 5.04 5.07 4.70 4.35 4.51 5.10 6.18 7.57 8.83 9.22 8.97 8.97 8.97 8.58 8.63 9.92 10.46 9.97 10.27 10.13 8.62 9.33 9.80
5.47 5.11 4.83 5.37 6.07 5.83 5.33 5.80 6.97 8.35 10.54 14.59 24.35 34.11 31.57 22.40 17.91 15.28 13.21 13.20 14.09 13.24 12.19 11.43 10.85 11.25 12.38 13.58 13.49 11.68 10.50 11.23 12.03 11.59 11.62 10.97 10.34 11.63 13.19 12.67 8.51 4.39 2.76 1.50 0.64 0.36 0.42 0.89 0.85 0.78 1.10 1.53 1.77 2.07 2.91 4.13 5.09 5.28 5.16 5.21 5.13 5.19 5.11 4.44 4.00 4.33 5.21 6.56 7.85 8.91 9.92 10.44 10.06 9.57 9.18 8.83 9.29 10.04 9.81 10.54 11.06 11.00 12.12 11.24
5.67 5.25 5.19 6.05 6.22 5.94 6.34 7.09 7.69 9.81 12.89 19.24 32.48 34.34 23.56 16.72 15.02 13.63 12.38 13.06 14.34 14.01 12.60 11.58 11.37 12.01 12.72 13.05 12.82 11.46 10.89 11.79 11.78 11.32 12.35 12.25 11.70 12.41 11.99 9.41 5.20 2.68 1.68 0.70 0.16 0.17 0.30 0.48 0.35 0.70 1.25 1.75 2.15 3.03 4.37 5.24 5.38 5.25 5.27 5.27 5.26 5.54 5.29 4.58 4.42 5.06 6.08 7.33 8.28 9.24 10.49 11.32 10.84 9.99 9.85 9.07 8.51 9.51 10.11 11.13 12.86 13.53 12.41 10.55
5.78 5.44 5.33 5.58 5.42 6.15 7.88 8.78 9.44 13.03 17.13 27.03 34.39 26.12 16.01 14.23 13.62 13.25 13.23 14.56 15.39 14.72 13.33 12.67 12.62 12.91 12.95 12.50 12.11 11.35 11.31 11.86 11.86 12.39 13.44 13.00 12.22 11.56 9.25 5.62 2.89 1.65 1.08 0.54 0.37 0.38 0.36 0.15 0.39 0.94 1.38 1.97 2.90 4.26 5.39 5.64 5.50 5.45 5.54 5.59 5.87 6.13 5.83 5.59 6.20 7.50 8.72 9.36 9.77 10.79 11.44 11.51 11.53 11.60 11.11 9.04 7.72 8.97 10.60 12.23 14.47 13.79 10.06 8.15
5.80 5.26 4.70 4.72 5.27 6.77 8.31 9.56 12.15 15.16 20.54 32.01 31.88 17.29 13.18 13.35 13.34 14.53 15.52 16.25 15.91 14.75 14.04 14.19 14.39 13.98 13.05 11.77 11.20 11.24 11.60 12.27 12.71 13.07 13.13 12.26 11.11 9.33 6.30 3.31 1.74 1.20 0.87 0.57 0.37 0.41 0.47 0.53 0.81 1.18 1.54 2.67 4.21 5.14 5.78 5.73 5.45 5.70 6.03 6.36 6.73 6.80 6.77 7.07 8.18 9.84 10.89 11.34 11.72 12.06 11.84 11.57 12.69 13.56 11.76 8.98 7.83 8.93 11.07 13.72 14.58 12.71 10.46 8.99
6.32 5.56 5.05 5.28 6.09 7.13 8.36 10.13 13.14 15.06 22.12 29.33 23.82 14.87 13.49 13.74 14.43 16.52 17.30 15.53 14.11 13.76 13.94 14.53 14.77 14.40 13.18 11.91 11.58 12.13 12.74 13.41 13.14 12.39 12.40 11.15 8.47 5.57 3.29 1.94 1.17 0.96 0.83 0.60 0.42 0.49 0.72 0.92 1.10 1.45 2.23 4.10 5.89 6.71 6.78 5.88 5.48 6.04 6.39 6.76 7.17 7.37 7.61 8.11 8.96 9.89 10.57 11.07 11.33 11.33 11.16 11.72 13.47 13.44 10.80 8.98 8.81 9.24 11.72 14.26 13.01 11.72 12.28 10.39
7.05 6.18 6.25 6.53 6.58 6.99 8.66 10.79 12.89 14.04 20.08 27.32 22.40 16.14 15.03 14.45 15.35 17.58 16.63 12.84 12.33 13.08 13.72 14.19 13.59 12.55 12.18 12.67 13.23 13.47 13.68 14.04 12.85 11.52 11.39 8.73 4.70 2.44 1.48 1.09 0.70 0.73 0.69 0.60 0.60 0.70 0.95 1.21 1.39 2.07 3.72 5.77 7.40 8.13 7.23 5.85 5.93 6.33 6.48 7.21 8.01 8.21 8.32 8.53 8.59 9.15 10.12 10.43 10.20 10.12 10.52 11.68 13.37 12.82 9.96 8.82 8.99 9.25 12.00 13.48 11.28 12.08 13.23 9.34
6.93 6.20 6.76 7.33 7.55 7.98 9.54 11.50 13.60 14.14 17.66 28.40 27.55 19.18 16.69 15.22 16.10 17.46 14.11 11.53 12.16 12.99 13.77 13.71 12.43 11.46 11.80 13.02 13.68 13.60 13.58 13.69 12.13 10.46 9.25 5.73 2.51 0.67 0.61 0.51 0.33 0.49 0.55 0.73 0.89 1.00 1.20 1.48 1.95 3.34 5.36 7.04 8.46 8.60 7.19 6.41 6.80 7.04 7.69 9.12 9.61 9.29 9.13 8.82 8.49 9.19 10.17 9.85 9.43 9.75 10.21 11.43 13.10 12.50 9.60 8.06 8.23 9.29 12.01 12.56 11.52 13.72 12.62 6.30
6.36 6.00 7.02 8.08 9.32 10.60 11.60 13.11 15.31 15.40 20.50 32.11 29.62 19.91 17.52 16.85 17.46 17.09 13.66 12.37 13.18 13.32 13.52 12.76 11.98 12.23 12.46 12.56 12.39 12.05 12.29 12.18 10.50 8.21 5.55 3.56 1.65 0.31 0.27 0.14 0.22 0.42 0.65 0.89 1.11 1.22 1.45 1.91 3.04 4.74 6.26 7.83 9.30 9.16 8.36 8.20 8.23 8.68 9.99 10.85 10.41 9.79 9.54 9.45 9.83 10.60 10.70 9.96 9.73 10.13 10.30 11.10 12.67 12.35 9.48 7.40 7.71 9.65 11.36 12.08 13.81 14.08 9.25 4.57
5.74 5.81 6.92 8.12 10.04 11.97 12.89 14.56 16.72 20.20 30.38 34.18 24.64 16.66 15.75 16.14 16.71 15.87 14.51 14.28 14.42 14.03 13.08 12.13 12.09 12.99 12.86 12.42 12.31 10.91 9.59 9.22 7.39 4.57 2.96 2.40 1.40 0.46 0.15 0.06 0.29 0.56 0.68 1.02 1.41 1.56 1.82 2.68 4.32 5.64 6.71 8.58 10.14 9.86 9.35 9.25 9.43 10.29 10.94 10.96 10.19 9.64 9.78 10.46 11.45 12.12 12.37 12.56 12.74 12.61 12.49 12.50 12.93 12.56 9.81 7.90 9.20 11.84 12.52 13.58 14.93 10.89 5.29 3.14
5.40 5.41 6.45 8.08 9.84 11.28 12.40 14.38 19.81 27.60 32.68 27.39 17.43 13.97 13.35 13.58 14.12 13.89 13.48 13.70 14.02 13.77 12.83 11.77 12.50 13.61 13.71 13.47 13.00 10.55 8.16 7.25 5.30 2.96 2.20 2.03 1.53 0.85 0.42 0.12 0.20 0.65 0.98 1.40 1.83 2.03 2.44 3.89 5.41 6.13 7.14 9.20 10.66 10.57 10.34 10.53 10.64 10.77 11.23 11.21 10.28 9.90 10.54 11.37 11.95 12.52 13.37 14.18 14.74 15.52 16.09 15.58 14.56 12.94 10.58 10.07 13.31 16.24 15.94 15.55 12.90 5.81 3.23 3.13
6.54 6.95 7.78 8.82 10.40 12.33 13.50 15.85 24.83 29.45 25.62 18.27 14.67 13.04 12.38 12.52 12.83 12.56 12.16 12.39 12.57 12.13 11.15 11.25 12.69 14.10 14.75 14.13 12.15 9.52 6.96 5.45 4.40 2.77 2.07 2.00 1.70 1.09 0.59 0.32 0.41 1.05 1.56 1.85 2.16 2.62 3.45 4.98 5.95 6.31 7.45 9.47 10.92 11.72 12.30 12.08 11.26 10.63 11.14 11.22 10.58 10.71 11.33 11.89 12.42 13.13 13.74 13.89 14.11 15.39 16.28 15.39 13.77 12.03 11.15 13.20 17.14 17.10 13.64 11.64 7.25 2.91 2.70 3.54
8.35 9.14 10.12 10.56 13.23 15.51 15.02 17.95 28.47 29.02 19.55 15.10 13.69 12.22 11.73 11.70 11.59 11.52 12.00 12.26 11.78 10.75 9.58 10.07 11.78 13.57 14.04 11.55 9.04 7.14 4.82 3.91 3.50 2.61 2.18 2.01 1.66 1.10 0.71 0.66 0.93 1.67 2.21 2.26 2.55 3.47 4.70 5.73 6.16 6.61 7.70 9.54 11.43 13.32 14.19 13.09 11.89 11.27 11.06 10.96 10.73 11.25 11.96 12.69 13.59 13.98 13.86 13.37 13.21 14.39 15.31 13.60 11.14 10.44 11.69 15.38 17.11 13.13 7.69 5.61 3.19 1.60 2.30 3.12
8.97 9.21 10.34 12.13 14.30 14.92 13.85 18.66 29.96 27.74 16.87 13.84 12.75 11.62 11.46 11.08 10.58 11.10 11.89 11.63 10.61 9.51 8.83 9.34 10.58 12.37 13.16 10.32 7.07 5.50 3.88 3.14 2.87 2.69 2.51 2.11 1.70 1.29 1.12 1.27 1.69 2.41 2.84 2.84 3.31 4.73 6.00 6.20 6.42 7.13 8.06 9.70 12.19 14.47 15.26 13.95 12.74 12.04 11.76 11.75 11.22 11.57 12.82 13.83 14.44 14.15 13.73 13.46 13.71 15.32 16.05 13.11 9.82 10.00 12.53 15.70 14.67 8.27 4.43 3.03 1.29 0.48 1.63 3.01
