windninja/windninja_output/Output_2025-08-09_1800-1850_Google earth_Fire_150m_10min/merlingen_7.5mi_point_08-09-2025_1820_150m_vel.asc
ncols	158
nrows	163
xllcorner	391686.332397
yllcorner	5160024.123721
cellsize	150.000000
NODATA_value	-32768.000000
[rows 0 to 36 of 163, columns 0 to 83 of 158]
1.90 1.86 1.86 1.89 1.96 2.02 1.95 1.87 1.90 1.96 1.90 1.70 1.38 1.19 1.29 1.41 1.48 1.53 1.72 2.06 2.21 2.17 2.18 2.24 2.31 2.32 2.20 2.14 2.26 2.30 2.23 2.18 2.13 2.08 2.13 2.25 2.18 2.08 2.12 2.11 2.12 2.22 2.23 2.25 2.39 2.46 2.52 2.62 2.86 3.15 3.31 3.41 3.50 3.48 3.31 3.08 2.90 2.83 2.88 2.96 2.93 2.85 2.79 2.77 2.78 2.75 2.76 2.83 2.92 2.96 2.93 2.83 2.70 2.63 2.70 2.73 2.60 2.48 2.52 2.58 2.52 2.32 2.26 2.29
1.85 1.88 1.91 1.90 1.93 1.91 1.78 1.72 1.79 1.84 1.80 1.65 1.42 1.32 1.45 1.61 1.76 1.88 2.14 2.38 2.35 2.29 2.32 2.35 2.37 2.33 2.25 2.25 2.28 2.23 2.17 2.18 2.19 2.19 2.26 2.35 2.31 2.33 2.41 2.36 2.38 2.45 2.48 2.61 2.77 2.83 2.93 3.01 3.09 3.15 3.15 3.17 3.16 3.04 2.92 2.86 2.88 2.94 2.99 2.96 2.88 2.84 2.85 2.87 2.84 2.80 2.82 2.89 2.97 2.99 2.91 2.80 2.74 2.76 2.81 2.74 2.56 2.58 2.72 2.68 2.46 2.28 2.31 2.29
1.87 1.96 2.00 1.94 1.93 1.80 1.65 1.69 1.86 1.97 1.95 1.77 1.63 1.66 1.83 2.13 2.39 2.54 2.72 2.70 2.52 2.45 2.44 2.42 2.42 2.38 2.34 2.33 2.27 2.16 2.14 2.20 2.26 2.37 2.52 2.59 2.64 2.73 2.76 2.74 2.80 2.86 2.94 3.16 3.30 3.37 3.48 3.52 3.41 3.22 3.14 3.05 2.87 2.72 2.72 2.85 3.00 3.09 3.09 3.02 2.97 2.98 3.00 2.98 2.91 2.87 2.89 2.97 3.06 3.02 2.85 2.76 2.83 2.91 2.90 2.74 2.63 2.82 2.92 2.71 2.37 2.30 2.39 2.29
1.96 2.03 2.03 1.97 1.96 1.85 1.86 2.11 2.35 2.40 2.21 1.92 1.80 1.87 2.12 2.55 2.74 2.80 2.77 2.62 2.46 2.45 2.47 2.48 2.57 2.61 2.58 2.53 2.47 2.41 2.39 2.38 2.45 2.64 2.77 2.82 2.82 2.80 2.84 2.98 3.14 3.24 3.40 3.58 3.66 3.70 3.70 3.60 3.47 3.44 3.37 3.17 2.99 2.95 2.98 3.02 3.05 3.04 3.02 3.04 3.08 3.06 3.00 2.94 2.90 2.90 2.93 3.02 3.11 2.97 2.77 2.77 2.85 2.83 2.74 2.67 2.75 2.90 2.85 2.58 2.37 2.41 2.49 2.41
1.97 2.01 2.01 1.99 2.00 2.01 2.18 2.45 2.54 2.35 2.03 1.85 1.86 2.03 2.40 2.72 2.75 2.68 2.53 2.39 2.36 2.46 2.54 2.61 2.76 2.84 2.88 2.91 2.89 2.88 2.87 2.87 2.97 3.05 3.01 2.93 2.90 2.98 3.20 3.39 3.51 3.65 3.84 3.92 3.87 3.78 3.62 3.47 3.40 3.35 3.17 3.00 2.94 2.95 2.96 2.96 2.97 2.98 2.99 3.02 3.02 2.96 2.91 2.91 2.92 2.93 2.94 3.03 3.08 2.87 2.69 2.72 2.78 2.75 2.66 2.59 2.65 2.76 2.73 2.48 2.27 2.34 2.55 2.62
1.91 1.93 1.95 2.00 2.08 2.17 2.33 2.42 2.25 1.92 1.73 1.76 1.85 2.09 2.50 2.65 2.56 2.40 2.21 2.17 2.27 2.43 2.53 2.62 2.76 2.83 2.83 2.87 2.96 3.06 3.14 3.27 3.42 3.40 3.27 3.20 3.33 3.56 3.73 3.78 3.79 3.84 3.87 3.76 3.60 3.44 3.30 3.22 3.16 3.01 2.86 2.79 2.77 2.78 2.83 2.90 2.96 3.01 3.05 3.05 3.01 2.95 2.93 2.95 2.95 2.93 2.93 3.05 3.09 2.86 2.67 2.71 2.85 2.85 2.74 2.71 2.77 2.81 2.62 2.26 2.13 2.34 2.63 2.73
1.84 1.84 1.87 1.97 2.11 2.21 2.28 2.20 1.93 1.72 1.70 1.79 1.91 2.13 2.44 2.51 2.42 2.29 2.23 2.26 2.35 2.48 2.54 2.55 2.62 2.62 2.57 2.67 2.84 2.96 3.11 3.33 3.46 3.45 3.49 3.66 3.85 3.93 3.88 3.76 3.68 3.60 3.46 3.26 3.11 3.03 2.99 2.95 2.86 2.74 2.68 2.70 2.75 2.77 2.82 2.89 2.96 3.03 3.09 3.13 3.17 3.16 3.10 3.04 2.99 2.94 2.97 3.12 3.13 2.93 2.88 3.05 3.16 3.02 2.91 2.95 3.00 2.93 2.54 2.19 2.35 2.72 2.84 2.81
1.81 1.83 1.85 1.89 1.96 2.02 2.02 1.86 1.70 1.68 1.77 1.91 2.06 2.22 2.41 2.47 2.40 2.36 2.40 2.43 2.54 2.66 2.63 2.55 2.52 2.49 2.56 2.71 2.75 2.76 2.96 3.17 3.19 3.18 3.38 3.63 3.70 3.59 3.44 3.31 3.20 3.10 2.98 2.87 2.81 2.82 2.78 2.73 2.65 2.55 2.53 2.66 2.76 2.76 2.84 2.96 3.06 3.15 3.25 3.34 3.37 3.28 3.16 3.10 3.03 2.98 3.06 3.20 3.16 3.00 3.06 3.27 3.25 3.05 2.93 2.90 2.90 2.73 2.32 2.22 2.65 2.98 3.01 3.00
1.79 1.80 1.82 1.83 1.82 1.79 1.73 1.64 1.65 1.74 1.85 1.99 2.11 2.27 2.46 2.49 2.41 2.43 2.46 2.50 2.64 2.74 2.72 2.70 2.68 2.68 2.74 2.75 2.65 2.64 2.86 3.00 2.94 2.98 3.14 3.20 3.07 2.92 2.83 2.75 2.67 2.63 2.62 2.65 2.71 2.70 2.61 2.56 2.51 2.46 2.53 2.64 2.61 2.63 2.90 3.13 3.24 3.33 3.37 3.28 3.07 2.86 2.82 2.86 2.85 2.97 3.17 3.29 3.19 3.01 2.99 3.01 2.87 2.76 2.72 2.71 2.70 2.45 2.15 2.31 2.85 3.14 3.23 3.36
1.73 1.74 1.76 1.78 1.77 1.73 1.68 1.67 1.74 1.83 1.92 2.01 2.08 2.20 2.35 2.41 2.42 2.50 2.56 2.67 2.79 2.82 2.85 2.86 2.85 2.83 2.79 2.72 2.62 2.68 2.89 2.90 2.79 2.86 2.96 2.87 2.68 2.55 2.47 2.42 2.42 2.49 2.54 2.58 2.58 2.51 2.44 2.44 2.41 2.36 2.40 2.48 2.46 2.65 2.96 3.13 3.15 3.09 2.91 2.62 2.42 2.40 2.36 2.31 2.53 2.93 3.21 3.23 3.00 2.76 2.72 2.74 2.67 2.59 2.54 2.49 2.42 2.31 2.42 2.91 3.35 3.52 3.49 3.53
1.69 1.71 1.74 1.74 1.74 1.74 1.76 1.80 1.85 1.89 1.95 2.00 2.04 2.11 2.23 2.35 2.44 2.55 2.66 2.79 2.91 2.96 2.99 2.95 2.92 2.92 2.81 2.68 2.63 2.71 2.79 2.69 2.58 2.66 2.71 2.59 2.44 2.36 2.36 2.42 2.49 2.53 2.53 2.45 2.37 2.33 2.28 2.24 2.15 2.04 2.11 2.23 2.31 2.54 2.68 2.69 2.50 2.28 2.06 1.89 1.91 1.96 1.86 1.97 2.46 2.84 2.95 2.80 2.43 2.33 2.57 2.77 2.74 2.61 2.45 2.29 2.32 2.54 2.96 3.58 3.89 3.86 3.70 3.63
1.66 1.68 1.70 1.71 1.71 1.75 1.80 1.86 1.89 1.92 1.96 2.00 2.03 2.07 2.19 2.37 2.50 2.60 2.68 2.76 2.84 2.89 2.90 2.86 2.83 2.72 2.50 2.41 2.43 2.47 2.44 2.37 2.38 2.47 2.45 2.30 2.23 2.26 2.37 2.43 2.42 2.43 2.39 2.27 2.23 2.19 2.00 1.81 1.66 1.57 1.68 1.76 1.76 1.94 2.03 2.01 1.86 1.66 1.49 1.41 1.51 1.59 1.61 1.94 2.44 2.59 2.54 2.26 1.99 2.32 2.78 2.87 2.82 2.75 2.72 2.83 3.14 3.48 3.82 4.09 4.09 4.05 4.07 4.26
1.62 1.64 1.66 1.68 1.70 1.75 1.80 1.83 1.85 1.89 1.94 1.98 2.00 2.00 2.10 2.35 2.52 2.60 2.67 2.74 2.77 2.73 2.65 2.55 2.38 2.13 2.01 2.08 2.17 2.20 2.23 2.29 2.35 2.36 2.23 2.11 2.15 2.27 2.35 2.32 2.31 2.35 2.25 2.12 2.06 1.90 1.59 1.31 1.23 1.32 1.41 1.38 1.37 1.55 1.74 1.73 1.60 1.39 1.18 1.19 1.42 1.59 1.74 2.05 2.30 2.32 2.20 2.08 2.21 2.66 2.83 2.81 2.94 3.10 3.40 3.82 4.12 4.36 4.49 4.40 4.25 4.26 4.43 4.78
1.58 1.59 1.62 1.65 1.70 1.75 1.78 1.79 1.82 1.87 1.92 1.96 1.97 1.97 2.07 2.28 2.47 2.54 2.59 2.65 2.62 2.51 2.33 2.12 1.90 1.82 1.89 2.03 2.13 2.15 2.17 2.22 2.26 2.20 2.08 2.14 2.27 2.30 2.25 2.16 2.12 1.99 1.70 1.52 1.46 1.33 1.15 1.07 1.17 1.32 1.32 1.25 1.24 1.44 1.71 1.69 1.51 1.24 1.03 1.20 1.60 1.85 2.09 2.27 2.25 2.18 2.13 2.32 2.61 2.70 2.69 2.86 3.22 3.49 3.68 3.74 3.90 4.09 4.01 3.91 4.09 4.34 4.49 4.55
1.55 1.56 1.59 1.62 1.66 1.70 1.72 1.76 1.82 1.87 1.91 1.96 2.00 2.05 2.16 2.35 2.54 2.54 2.50 2.46 2.35 2.17 2.00 1.85 1.77 1.82 1.95 2.06 2.09 2.05 2.08 2.16 2.19 2.14 2.17 2.29 2.26 2.12 1.92 1.67 1.49 1.21 1.02 1.06 1.11 1.07 1.05 1.17 1.38 1.46 1.44 1.39 1.37 1.60 1.86 1.81 1.60 1.31 1.22 1.61 2.18 2.49 2.73 2.67 2.39 2.36 2.49 2.74 2.88 2.68 2.73 3.19 3.52 3.49 3.26 3.23 3.43 3.35 3.04 3.23 3.80 4.08 4.00 3.77
1.51 1.52 1.55 1.59 1.61 1.64 1.68 1.73 1.79 1.85 1.91 1.97 2.03 2.12 2.28 2.54 2.66 2.58 2.45 2.34 2.20 2.04 1.94 1.87 1.88 1.97 2.05 2.06 2.04 2.08 2.26 2.41 2.35 2.22 2.11 1.93 1.69 1.51 1.27 1.11 1.02 0.91 1.00 1.27 1.31 1.29 1.38 1.39 1.41 1.62 1.91 1.98 2.15 2.47 2.57 2.44 2.17 1.89 1.85 2.26 2.83 3.15 3.18 2.86 2.67 2.90 3.05 3.13 3.22 2.95 2.89 3.27 3.36 3.04 2.90 3.09 3.09 2.78 2.84 3.50 3.84 3.54 3.22 2.93
1.47 1.48 1.51 1.54 1.57 1.62 1.67 1.72 1.77 1.84 1.90 1.96 2.04 2.13 2.29 2.52 2.57 2.48 2.39 2.30 2.19 2.06 1.97 1.96 2.04 2.10 2.07 2.06 2.15 2.29 2.43 2.35 2.05 1.73 1.44 1.25 1.20 1.14 1.07 1.10 1.18 1.32 1.63 1.79 1.71 1.67 1.74 1.67 1.69 2.06 2.44 2.62 2.81 2.91 2.79 2.60 2.49 2.42 2.48 2.94 3.33 3.40 3.18 2.83 2.84 3.15 3.33 3.47 3.53 3.25 3.04 3.05 3.05 2.94 3.01 3.00 2.78 2.87 3.48 3.87 3.46 2.81 2.55 2.22
1.43 1.44 1.48 1.51 1.55 1.61 1.66 1.72 1.78 1.84 1.90 1.95 2.02 2.10 2.22 2.34 2.35 2.29 2.23 2.17 2.07 1.95 1.90 1.95 2.01 1.98 1.94 2.00 2.11 2.18 2.11 1.80 1.42 1.19 1.15 1.26 1.36 1.42 1.49 1.60 1.73 1.83 1.89 1.84 1.77 1.81 1.92 2.09 2.38 2.66 2.78 2.79 2.77 2.66 2.51 2.50 2.65 2.84 3.06 3.33 3.50 3.45 3.15 2.90 3.05 3.37 3.61 3.65 3.41 3.17 3.19 3.16 3.22 3.23 2.98 2.83 2.91 3.27 3.55 3.12 2.39 2.12 1.94 1.63
1.39 1.41 1.44 1.48 1.53 1.58 1.64 1.71 1.78 1.83 1.87 1.92 1.98 2.06 2.14 2.20 2.20 2.11 1.99 1.90 1.83 1.81 1.83 1.86 1.85 1.82 1.84 1.89 1.90 1.83 1.64 1.38 1.22 1.27 1.43 1.57 1.65 1.68 1.70 1.78 1.84 1.83 1.83 1.82 1.82 1.95 2.21 2.47 2.63 2.73 2.72 2.61 2.50 2.46 2.55 2.75 2.93 3.05 3.20 3.37 3.47 3.33 3.06 3.04 3.29 3.55 3.66 3.45 3.18 3.34 3.61 3.57 3.54 3.30 2.80 2.64 2.67 2.65 2.50 2.02 1.79 1.79 1.59 1.45
1.34 1.36 1.40 1.45 1.50 1.56 1.62 1.69 1.74 1.79 1.83 1.91 1.98 2.03 2.07 2.09 2.06 1.96 1.86 1.80 1.80 1.83 1.86 1.86 1.86 1.87 1.86 1.83 1.77 1.67 1.50 1.33 1.28 1.33 1.43 1.56 1.69 1.77 1.85 1.99 2.03 2.02 2.04 2.03 2.11 2.36 2.61 2.60 2.49 2.50 2.51 2.46 2.46 2.59 2.86 3.05 3.08 3.10 3.15 3.20 3.15 2.97 2.90 3.06 3.28 3.45 3.46 3.38 3.62 4.05 4.06 3.72 3.48 3.24 2.95 2.66 2.25 1.97 1.92 1.87 1.88 1.93 1.83 1.76
1.31 1.33 1.38 1.42 1.47 1.53 1.60 1.66 1.71 1.75 1.81 1.89 1.95 1.99 2.01 2.02 1.99 1.95 1.92 1.91 1.92 1.93 1.93 1.94 1.94 1.90 1.85 1.80 1.76 1.68 1.55 1.45 1.44 1.56 1.79 1.99 2.16 2.31 2.36 2.35 2.25 2.17 2.14 2.19 2.41 2.61 2.60 2.44 2.39 2.49 2.54 2.57 2.68 2.83 2.93 2.94 2.96 3.03 3.05 2.99 2.84 2.86 3.06 3.19 3.36 3.57 3.69 3.93 4.34 4.37 3.86 3.32 3.06 3.03 2.98 2.71 2.40 2.24 2.23 2.27 2.36 2.36 2.17 2.02
1.28 1.30 1.33 1.38 1.44 1.51 1.57 1.63 1.69 1.75 1.81 1.87 1.91 1.95 1.98 1.99 2.00 2.01 2.00 1.98 1.98 1.98 1.98 1.97 1.93 1.89 1.85 1.80 1.75 1.68 1.63 1.63 1.78 2.11 2.40 2.57 2.64 2.60 2.47 2.33 2.22 2.18 2.22 2.36 2.49 2.48 2.43 2.45 2.55 2.66 2.75 2.82 2.88 2.88 2.81 2.78 2.84 2.93 2.92 2.84 2.78 3.02 3.34 3.40 3.61 3.99 4.26 4.53 4.51 3.90 3.15 2.78 2.72 2.86 2.81 2.65 2.67 2.71 2.73 2.78 2.73 2.44 2.21 2.19
1.23 1.24 1.29 1.35 1.42 1.49 1.56 1.62 1.67 1.74 1.81 1.87 1.91 1.94 1.96 1.99 2.02 2.04 2.04 2.03 2.03 2.03 2.01 1.98 1.95 1.92 1.87 1.81 1.77 1.75 1.78 1.89 2.14 2.39 2.45 2.44 2.38 2.25 2.13 2.10 2.13 2.22 2.32 2.39 2.42 2.55 2.72 2.76 2.76 2.78 2.86 2.89 2.86 2.83 2.84 2.90 2.95 2.98 2.84 2.75 2.86 3.21 3.53 3.75 4.29 4.76 4.84 4.68 4.05 3.19 2.67 2.52 2.68 2.97 3.00 2.88 2.79 2.85 3.04 3.08 2.88 2.58 2.46 2.40
1.19 1.21 1.26 1.34 1.40 1.46 1.52 1.58 1.66 1.74 1.81 1.86 1.90 1.94 1.97 2.01 2.03 2.06 2.06 2.07 2.07 2.07 2.05 2.01 1.98 1.92 1.82 1.73 1.70 1.74 1.82 1.97 2.15 2.20 2.14 2.08 1.96 1.89 1.95 2.06 2.17 2.28 2.34 2.42 2.72 3.03 2.98 2.82 2.74 2.76 2.84 2.84 2.83 2.94 3.01 3.01 3.04 2.99 2.79 2.77 2.96 3.29 3.77 4.48 5.06 5.00 4.56 3.92 3.05 2.47 2.29 2.37 2.81 3.30 3.31 2.92 2.64 2.77 2.96 2.93 2.82 2.76 2.71 2.55
1.14 1.17 1.23 1.29 1.35 1.42 1.49 1.56 1.65 1.74 1.79 1.83 1.88 1.94 1.99 2.02 2.04 2.06 2.07 2.07 2.07 2.07 2.04 2.02 1.98 1.89 1.74 1.61 1.62 1.73 1.82 1.91 1.99 2.01 1.99 1.96 1.89 1.90 2.02 2.17 2.28 2.38 2.52 2.86 3.26 3.15 2.80 2.66 2.65 2.70 2.78 2.85 2.98 3.12 3.13 3.11 3.08 2.91 2.67 2.67 2.91 3.53 4.47 5.14 4.92 4.09 3.32 2.57 2.00 1.80 1.91 2.46 3.35 3.64 3.10 2.48 2.31 2.58 2.75 2.72 2.81 2.94 2.95 2.83
1.10 1.13 1.18 1.25 1.32 1.40 1.47 1.56 1.66 1.73 1.77 1.81 1.87 1.94 1.97 2.01 2.05 2.06 2.06 2.06 2.05 2.05 2.04 2.03 2.00 1.90 1.75 1.68 1.76 1.81 1.79 1.85 1.97 2.05 2.08 2.05 1.99 2.04 2.20 2.31 2.40 2.55 2.82 3.20 3.21 2.78 2.55 2.61 2.71 2.82 2.86 2.90 2.97 3.04 3.13 3.20 3.06 2.72 2.46 2.53 3.17 4.47 5.43 5.24 4.34 3.46 2.67 1.99 1.64 1.66 2.20 3.25 3.85 3.45 2.76 2.32 2.30 2.58 2.73 2.82 3.07 3.22 3.19 3.18
1.06 1.08 1.15 1.22 1.30 1.38 1.46 1.57 1.66 1.71 1.75 1.81 1.88 1.92 1.95 2.00 2.03 2.04 2.04 2.04 2.06 2.08 2.10 2.09 2.04 1.94 1.90 1.93 1.98 1.92 1.83 1.84 1.90 1.95 2.01 2.04 2.08 2.27 2.47 2.56 2.62 2.79 3.07 3.22 3.00 2.75 2.77 2.86 2.98 3.07 3.00 2.96 3.01 3.16 3.42 3.35 2.88 2.50 2.55 3.03 4.21 5.47 5.47 4.43 3.49 2.87 2.31 1.87 1.76 2.19 3.22 3.97 3.76 3.10 2.60 2.42 2.50 2.75 2.90 3.03 3.20 3.17 3.10 3.32
1.02 1.05 1.12 1.20 1.28 1.36 1.46 1.56 1.64 1.69 1.74 1.80 1.86 1.90 1.94 1.98 2.01 2.03 2.05 2.08 2.13 2.16 2.15 2.13 2.08 2.05 2.09 2.20 2.26 2.17 2.02 1.93 1.92 1.91 1.88 1.90 2.08 2.43 2.68 2.74 2.79 3.06 3.28 3.30 3.21 3.16 3.22 3.23 3.24 3.24 3.22 3.33 3.48 3.69 3.78 3.33 2.82 2.81 3.37 4.18 5.14 5.51 4.56 3.26 2.53 2.14 1.87 1.78 2.08 2.94 3.89 3.97 3.41 2.88 2.46 2.35 2.58 2.98 3.16 3.12 3.08 2.97 3.00 3.30
0.97 1.01 1.08 1.17 1.26 1.35 1.46 1.55 1.61 1.66 1.73 1.79 1.85 1.90 1.95 1.99 2.02 2.04 2.09 2.14 2.18 2.17 2.15 2.13 2.14 2.21 2.36 2.56 2.64 2.55 2.39 2.29 2.20 2.11 2.11 2.22 2.46 2.75 3.08 3.20 3.31 3.59 3.62 3.57 3.52 3.44 3.42 3.43 3.50 3.62 3.70 3.82 3.94 4.03 3.82 3.27 3.12 3.45 4.05 4.81 5.35 4.97 3.82 2.76 2.22 1.94 1.77 1.91 2.64 3.64 4.15 3.87 3.29 2.72 2.25 2.15 2.41 2.89 2.99 2.95 2.94 2.89 2.98 3.16
0.93 0.96 1.04 1.13 1.23 1.34 1.44 1.52 1.59 1.66 1.73 1.79 1.86 1.92 1.97 2.01 2.04 2.08 2.11 2.14 2.15 2.15 2.15 2.18 2.22 2.33 2.55 2.72 2.76 2.79 2.83 2.78 2.61 2.61 2.95 3.23 3.30 3.45 3.73 3.88 4.08 4.20 4.08 3.96 3.79 3.63 3.65 3.81 4.15 4.38 4.35 4.29 4.26 4.11 3.79 3.41 3.33 3.58 4.11 4.81 4.92 4.00 2.96 2.31 1.95 1.81 1.88 2.27 3.17 4.00 4.11 3.51 2.86 2.42 2.19 2.28 2.59 2.73 2.71 2.79 2.85 2.78 2.80 2.81
0.88 0.92 1.01 1.11 1.22 1.33 1.43 1.51 1.58 1.66 1.73 1.80 1.86 1.92 1.97 2.01 2.05 2.08 2.11 2.14 2.17 2.18 2.22 2.25 2.30 2.41 2.53 2.55 2.48 2.43 2.46 2.65 2.94 3.41 3.87 3.95 3.86 3.96 4.21 4.32 4.39 4.32 4.13 4.00 3.83 3.74 3.85 4.17 4.41 4.27 4.13 4.15 3.99 3.73 3.46 3.13 3.01 3.32 4.01 4.54 4.10 2.92 2.08 1.66 1.61 1.81 2.04 2.44 3.29 3.92 3.56 2.60 2.13 2.21 2.47 2.79 2.86 2.76 2.81 2.96 2.92 2.71 2.62 2.63
0.84 0.88 0.98 1.09 1.21 1.34 1.43 1.51 1.60 1.68 1.74 1.80 1.86 1.92 1.97 2.01 2.02 2.05 2.10 2.16 2.20 2.22 2.26 2.29 2.37 2.48 2.52 2.47 2.33 2.17 2.21 2.62 3.23 3.74 3.92 3.79 3.81 4.15 4.37 4.22 4.00 3.68 3.43 3.36 3.34 3.41 3.66 3.86 3.61 3.12 3.05 3.13 3.05 3.02 2.85 2.67 2.80 3.27 3.89 4.20 3.51 2.38 1.71 1.50 1.77 2.13 2.30 2.59 3.35 3.69 2.92 2.19 2.28 2.66 2.86 2.94 2.88 2.89 3.06 3.22 3.08 2.75 2.59 2.62
0.79 0.84 0.94 1.06 1.21 1.32 1.41 1.50 1.59 1.67 1.74 1.81 1.89 1.94 1.98 2.00 2.03 2.07 2.12 2.16 2.18 2.23 2.28 2.34 2.43 2.51 2.56 2.56 2.55 2.69 3.02 3.39 3.56 3.57 3.44 3.35 3.62 4.03 3.92 3.44 3.17 2.96 2.85 2.87 2.87 2.95 3.18 3.15 2.71 2.50 2.51 2.51 2.54 2.60 2.50 2.59 3.00 3.44 3.80 3.83 2.98 2.05 1.75 1.84 2.24 2.52 2.67 3.02 3.55 3.55 2.91 2.82 3.22 3.26 3.06 2.98 3.02 3.12 3.26 3.31 2.99 2.60 2.51 2.56
0.75 0.80 0.91 1.05 1.19 1.29 1.39 1.49 1.58 1.66 1.74 1.82 1.89 1.93 1.97 2.00 2.05 2.11 2.15 2.17 2.20 2.26 2.32 2.41 2.49 2.53 2.54 2.55 2.68 3.01 3.35 3.52 3.44 3.35 3.35 3.39 3.64 3.78 3.40 2.96 2.80 2.70 2.64 2.60 2.52 2.60 2.71 2.48 2.23 2.30 2.37 2.35 2.35 2.28 2.25 2.50 2.99 3.42 3.60 3.45 2.85 2.23 2.13 2.33 2.66 2.81 2.91 3.17 3.52 3.71 3.64 3.71 3.67 3.31 3.08 3.10 3.22 3.39 3.55 3.38 2.87 2.51 2.51 2.62
0.71 0.77 0.90 1.05 1.19 1.30 1.40 1.49 1.58 1.67 1.74 1.81 1.86 1.91 1.96 2.01 2.06 2.11 2.14 2.18 2.23 2.28 2.34 2.41 2.47 2.51 2.51 2.50 2.58 2.74 2.97 3.10 3.19 3.42 3.70 3.79 3.71 3.49 3.09 2.82 2.64 2.40 2.22 2.12 2.10 2.24 2.23 2.04 2.06 2.20 2.21 2.18 2.15 2.06 2.10 2.42 2.85 3.11 3.15 3.14 2.91 2.56 2.48 2.63 2.82 2.88 2.97 3.21 3.72 4.22 4.07 3.71 3.34 2.99 2.91 2.97 3.10 3.30 3.32 3.03 2.78 2.73 2.73 2.77
0.67 0.74 0.89 1.06 1.20 1.31 1.41 1.50 1.60 1.68 1.74 1.80 1.85 1.91 1.95 2.00 2.05 2.09 2.13 2.19 2.25 2.29 2.33 2.36 2.38 2.41 2.45 2.48 2.47 2.53 2.82 3.10 3.40 3.77 3.90 3.73 3.44 3.08 2.69 2.37 2.11 1.91 1.85 1.89 2.02 2.17 2.11 2.10 2.26 2.33 2.27 2.24 2.24 2.25 2.44 2.73 2.89 2.85 2.80 2.88 2.78 2.53 2.53 2.68 2.84 2.97 3.20 3.62 4.31 4.38 3.52 2.93 2.69 2.53 2.63 2.78 2.78 2.69 2.46 2.33 2.47 2.62 2.65 2.60
0.65 0.71 0.88 1.05 1.19 1.29 1.39 1.50 1.59 1.67 1.73 1.79 1.85 1.90 1.94 1.99 2.04 2.09 2.14 2.20 2.24 2.27 2.30 2.33 2.36 2.38 2.42 2.42 2.43 2.71 3.19 3.49 3.69 3.70 3.42 3.06 2.87 2.57 2.15 1.79 1.63 1.68 1.87 2.04 2.22 2.36 2.34 2.39 2.44 2.36 2.40 2.51 2.60 2.75 2.97 3.06 2.99 2.87 2.80 2.87 2.88 2.63 2.55 2.68 2.84 3.10 3.54 4.13 4.43 3.69 2.55 2.14 2.14 2.40 2.73 2.73 2.54 2.31 2.17 2.26 2.27 2.18 2.22 2.26
