windninja/windninja_output/Output_2025-08-09_1800-1850_Google earth_Fire_150m_10min/merlingen_7.5mi_point_08-09-2025_1830_150m_ang.asc
ncols	158
nrows	163
xllcorner	391686.332397
yllcorner	5160024.123721
cellsize	150.000000
NODATA_value	-32768.000000
[rows 0 to 43 of 163, columns 0 to 95 of 158]
335 332 328 328 329 331 332 331 329 329 331 331 327 317 307 305 306 307 311 319 327 330 330 331 331 331 331 328 327 329 329 327 326 324 323 323 325 322 319 319 319 320 321 321 321 323 324 324 326 329 332 333 334 336 336 334 331 328 327 328 329 328 327 326 326 326 325 325 325 326 327 326 325 323 322 323 323 320 317 318 320 318 314 312 311 308 305 302 300 298 295 294 294 292 287 282
340 335 330 329 329 330 332 330 326 326 329 333 335 330 323 319 319 320 321 324 329 332 332 332 333 333 333 331 328 329 329 328 328 327 325 325 327 327 326 326 325 325 326 326 326 328 329 329 328 329 330 331 331 333 334 333 331 330 329 328 329 329 328 327 327 327 326 325 325 326 328 328 326 325 324 324 325 322 320 321 322 320 316 314 313 311 311 308 305 303 300 299 298 297 296 294
344 339 334 333 330 331 333 331 327 327 331 339 343 340 335 330 329 330 329 329 332 334 333 334 334 335 336 334 332 331 330 329 329 329 328 329 331 332 332 332 331 331 331 330 331 332 333 334 334 332 330 330 331 331 332 332 332 331 331 331 331 331 330 330 330 329 328 326 325 327 329 329 328 327 326 327 328 325 324 325 328 325 321 320 318 318 321 320 317 316 312 310 311 312 313 313
342 340 338 337 334 335 336 334 333 334 338 344 346 342 336 331 330 332 332 333 334 334 334 335 336 338 340 339 338 338 336 333 331 330 330 331 332 332 333 333 334 334 333 332 333 334 334 336 337 337 335 335 336 335 334 333 331 331 331 331 332 332 331 331 331 330 329 327 325 327 330 330 328 326 326 327 328 326 325 328 332 329 325 325 322 321 327 328 327 328 327 323 323 324 325 325
338 338 340 340 337 338 336 333 333 337 343 347 347 342 334 329 329 331 332 334 334 332 334 336 335 337 341 343 344 343 342 340 337 334 333 333 333 333 333 334 335 335 334 334 335 335 336 337 338 338 338 338 337 336 334 333 331 331 331 331 331 332 332 331 331 331 330 327 325 328 331 329 327 327 327 327 324 323 325 329 332 329 326 327 324 322 327 329 329 332 334 333 332 333 333 333
335 335 338 340 339 337 335 332 332 337 344 346 345 340 331 328 328 329 331 332 331 329 331 333 332 334 338 341 343 344 343 342 340 339 339 337 336 335 335 336 336 335 334 334 335 335 336 336 337 338 340 339 337 335 333 332 332 331 331 331 331 333 333 332 332 332 331 328 327 330 332 329 327 329 331 330 327 324 326 330 331 327 324 325 325 324 325 325 324 327 331 332 335 337 335 336
337 335 335 337 337 336 334 333 334 339 342 344 344 338 329 327 329 331 333 333 331 328 328 330 330 330 333 336 339 341 341 339 339 341 342 340 338 337 337 337 336 335 333 333 333 334 334 335 336 338 340 339 338 336 334 332 331 331 331 331 333 335 336 335 333 333 331 328 328 332 335 332 330 332 334 333 331 329 332 335 331 327 326 326 325 324 324 323 320 321 321 323 328 331 332 332
339 337 334 333 333 333 333 334 336 338 340 341 342 338 331 328 330 333 335 335 334 331 330 329 328 330 331 332 335 337 337 335 336 338 338 337 337 337 336 336 335 334 333 332 332 332 333 334 335 338 339 337 338 338 334 332 331 331 331 332 333 336 338 337 336 335 332 329 330 333 334 332 333 335 335 333 331 332 338 337 328 326 329 329 329 328 328 327 324 320 317 317 318 321 327 328
339 338 336 333 331 330 330 333 336 336 337 337 339 337 333 331 332 333 334 335 334 333 333 333 332 332 332 332 334 335 332 332 334 335 333 332 333 334 334 334 333 332 331 331 331 331 332 332 334 338 338 335 336 337 333 331 331 331 331 331 332 333 335 336 336 334 331 330 331 334 332 329 331 334 335 333 331 334 340 335 326 325 328 331 333 333 334 334 333 332 330 328 326 327 330 327
340 339 337 335 334 332 332 333 335 335 335 335 336 335 331 331 332 332 334 335 335 334 335 336 336 334 333 333 335 335 331 330 333 333 331 330 331 332 332 332 331 330 330 330 329 330 331 331 333 336 336 334 335 333 330 329 329 329 329 329 328 328 329 330 330 329 329 330 333 335 331 328 329 332 333 333 330 333 339 335 329 328 329 329 328 330 332 332 335 338 340 337 333 333 332 326
341 340 338 337 336 336 335 335 335 335 335 334 334 333 330 329 330 331 332 333 334 336 336 337 338 338 338 337 336 334 331 330 331 330 328 330 332 332 332 332 332 331 330 330 329 327 329 329 330 332 331 329 330 328 324 322 321 320 319 320 319 318 320 321 320 320 322 325 331 333 329 328 330 333 335 334 331 331 333 332 332 333 333 330 325 326 327 325 328 336 338 334 331 334 332 325
342 341 339 338 338 337 336 335 335 335 335 334 334 333 330 327 328 329 330 330 331 333 335 338 339 340 342 339 334 332 329 328 329 327 326 328 330 331 331 331 332 331 330 331 330 328 327 326 324 322 318 317 315 311 308 306 305 304 303 301 297 295 301 307 308 309 311 316 326 328 327 329 331 334 338 339 337 335 333 331 332 334 336 334 330 330 328 323 326 335 334 327 326 331 328 323
342 341 340 339 338 337 336 335 335 335 335 334 334 334 330 325 324 326 328 329 329 330 332 335 338 341 342 338 333 330 329 328 328 327 327 327 327 328 329 330 330 330 331 332 331 329 329 324 315 308 305 300 295 289 286 288 289 289 285 277 275 279 285 290 292 294 297 304 317 322 324 327 329 333 337 338 338 337 336 336 334 333 334 333 332 333 331 326 329 337 333 325 325 328 323 318
343 342 340 340 339 337 337 336 335 335 334 334 335 335 331 324 320 322 324 326 327 328 330 332 336 340 341 338 334 332 330 327 326 327 329 328 327 327 328 329 328 327 327 325 321 321 325 327 320 311 306 302 295 286 281 281 282 282 280 281 287 293 295 296 293 289 289 295 305 314 320 323 325 329 332 332 331 331 333 335 333 331 331 329 329 332 329 325 328 333 329 321 319 320 314 309
344 343 341 340 338 337 337 337 336 335 335 334 335 337 334 327 322 321 322 322 324 326 329 332 335 338 339 338 336 335 331 327 326 327 329 329 329 328 326 324 320 315 308 301 301 305 312 322 327 325 321 318 315 308 304 301 302 305 310 309 309 312 314 316 313 306 304 301 301 308 316 319 321 325 328 327 324 323 324 325 324 325 325 324 325 326 323 321 323 324 316 306 300 300 298 296
344 344 342 340 339 338 337 336 335 335 334 334 334 335 335 330 327 326 325 323 324 327 331 334 336 336 338 338 338 337 333 331 332 332 330 327 324 321 318 313 305 306 309 312 317 321 322 321 323 326 329 333 332 329 329 330 330 331 329 321 318 319 322 326 326 320 318 314 312 312 314 312 313 318 323 324 322 321 321 319 319 320 319 317 318 317 313 310 311 310 304 295 292 292 292 291
345 344 343 341 340 339 337 336 335 335 334 334 333 333 332 328 327 329 329 328 328 330 333 335 336 336 338 339 339 337 334 333 335 334 328 320 313 312 315 319 322 326 327 328 331 332 331 332 328 325 329 335 336 334 334 336 337 339 335 327 322 322 325 329 328 323 322 321 321 321 317 309 305 311 319 322 324 324 322 319 319 318 314 310 306 301 295 289 290 301 309 308 306 305 303 301
346 345 343 342 340 339 338 337 336 335 334 334 333 332 329 325 324 327 330 330 331 331 333 334 334 335 337 337 336 335 334 334 337 338 333 328 326 327 330 332 333 333 330 330 333 333 332 335 334 330 328 331 333 334 334 335 336 338 337 331 326 325 328 331 328 324 323 324 324 324 323 319 313 312 316 319 323 323 318 314 312 310 307 302 295 290 287 290 297 305 311 313 314 314 313 311
346 346 344 343 341 339 338 337 336 335 335 334 333 331 329 326 323 324 327 329 330 331 331 331 332 333 335 335 333 332 333 338 342 342 339 335 334 333 333 332 332 333 331 332 333 332 331 332 333 331 329 328 330 333 334 334 335 336 335 332 327 327 330 331 328 325 323 324 325 324 325 328 324 319 318 315 314 311 302 295 294 295 298 302 305 307 310 311 309 310 313 315 314 315 318 319
347 346 344 343 342 340 338 337 336 335 335 334 333 332 330 327 325 325 326 328 331 332 332 333 333 334 335 336 335 335 338 344 345 342 337 333 333 333 334 334 335 336 336 336 335 333 332 332 331 329 328 328 329 331 332 333 334 335 333 331 328 326 327 328 326 323 322 324 326 326 329 333 331 328 327 324 316 304 295 294 297 300 308 314 317 317 318 317 313 313 319 322 317 315 317 320
348 347 345 343 342 340 339 337 336 336 335 334 333 333 331 330 329 329 330 331 333 334 334 335 336 336 337 338 338 340 344 348 348 344 340 338 337 338 339 339 340 340 338 337 335 332 332 333 333 329 329 330 329 329 329 330 332 333 333 332 330 326 325 326 325 323 325 326 326 329 334 336 333 329 330 334 333 327 320 315 313 315 318 320 321 319 319 318 314 315 323 329 323 317 318 319
349 348 346 344 342 340 339 338 337 336 335 334 334 333 333 332 332 332 333 334 334 335 336 337 338 339 339 340 341 343 347 350 348 343 341 341 340 341 342 342 342 342 340 337 334 332 331 333 334 332 331 331 331 330 328 327 328 330 332 333 332 327 325 327 325 324 326 327 328 332 337 338 333 327 328 335 339 337 333 328 325 323 322 322 324 323 322 320 317 319 327 335 331 323 322 322
349 348 346 344 342 341 339 339 338 337 336 335 335 334 334 334 334 334 335 336 336 337 338 339 340 341 342 343 344 345 347 348 345 341 339 338 339 341 342 342 342 342 340 337 334 332 333 335 335 334 332 331 331 331 330 329 328 329 332 334 332 326 324 326 326 327 329 330 332 337 340 339 333 328 329 335 339 338 335 334 333 333 330 327 328 326 326 324 321 323 330 340 337 326 324 325
349 349 347 344 342 341 340 339 338 337 336 336 336 336 335 335 335 335 336 337 338 338 339 341 342 343 345 346 345 344 345 344 340 338 338 337 337 339 340 341 341 340 340 338 335 334 337 337 336 334 332 331 331 331 331 331 329 329 333 334 330 325 322 323 325 329 332 333 336 341 341 337 330 327 332 339 340 334 331 333 337 338 336 334 331 327 325 322 320 323 332 344 338 326 324 325
350 349 347 344 343 341 340 339 338 337 336 336 336 336 337 336 336 336 337 338 339 340 341 342 344 346 349 350 345 342 342 341 338 338 339 339 340 339 338 339 339 340 340 337 335 337 340 339 337 334 331 331 331 331 332 333 332 332 334 332 327 323 320 322 325 328 330 334 339 339 335 329 325 328 336 343 340 330 328 331 334 337 340 341 337 330 325 320 317 321 334 347 339 327 325 325
351 349 347 345 343 342 340 339 338 337 337 337 336 336 337 337 337 337 338 339 339 340 342 343 346 350 355 354 347 343 342 339 337 338 340 342 344 340 337 337 338 338 337 334 334 340 342 339 337 335 333 331 329 329 330 333 335 337 335 330 324 321 321 325 330 333 335 341 343 337 327 323 324 330 341 349 341 328 326 329 331 335 341 344 341 336 333 328 321 322 335 347 341 332 329 328
351 350 347 345 343 342 341 339 338 338 338 338 337 337 337 337 338 339 339 340 340 341 343 345 348 353 357 355 350 348 346 340 335 334 336 341 344 341 338 338 338 337 335 333 336 343 344 341 338 337 337 334 330 328 329 334 341 342 337 331 323 318 320 327 335 340 345 350 347 335 325 323 326 333 344 352 343 331 326 327 328 330 336 339 338 338 340 338 329 326 335 342 340 336 334 333
351 350 348 345 343 342 340 339 338 338 339 338 338 337 337 338 338 339 340 341 341 342 343 346 349 354 357 355 353 354 353 346 339 335 334 337 340 338 337 339 339 336 334 335 339 344 345 344 341 339 340 338 335 332 332 339 348 345 337 330 323 318 319 326 334 341 350 353 344 330 323 324 329 336 346 351 342 332 329 328 326 327 330 331 331 334 341 341 333 331 335 338 335 334 335 336
351 350 348 345 343 342 340 339 339 339 339 339 338 338 338 338 339 340 341 341 342 343 344 347 350 353 354 353 354 358 359 353 347 343 339 338 339 338 337 340 340 338 338 338 340 344 345 345 343 341 342 340 338 336 336 345 350 343 333 327 323 322 326 331 336 343 351 350 336 326 323 328 335 341 349 348 338 329 328 328 326 326 326 324 323 326 333 334 331 333 336 336 332 329 331 334
351 350 348 345 343 341 340 339 339 339 339 339 339 339 339 339 340 340 341 341 342 343 345 347 349 351 350 349 352 357 358 357 354 347 342 343 344 341 338 341 342 341 343 342 343 345 345 344 342 343 345 343 341 340 342 349 349 339 329 322 320 324 332 338 340 342 347 343 328 321 322 330 339 346 351 347 337 329 325 324 325 326 323 320 318 321 326 327 327 332 336 335 330 326 324 326
351 350 347 345 343 341 340 340 340 339 340 339 339 339 340 340 340 341 341 342 342 344 345 347 348 348 346 347 350 354 356 356 353 346 343 346 347 342 339 340 341 342 345 345 346 346 344 341 338 341 346 343 342 342 345 353 349 335 324 318 318 325 333 338 338 337 340 335 321 316 319 327 336 343 347 345 341 336 329 325 326 327 324 320 321 325 326 326 326 329 333 332 327 320 314 313
351 350 347 345 343 341 340 340 340 340 340 340 340 340 340 340 341 341 341 342 343 344 345 346 347 346 346 348 352 357 356 351 346 342 342 347 347 340 337 340 341 342 344 343 345 345 340 335 333 336 338 338 339 341 346 355 349 333 321 315 318 331 341 340 332 331 335 331 318 314 318 326 329 336 343 344 344 340 333 329 331 334 329 323 321 321 320 320 320 321 323 324 322 315 309 307
351 349 347 344 342 341 341 341 340 340 341 341 341 341 341 341 342 342 341 342 343 344 345 346 346 346 346 349 354 357 353 347 344 341 340 345 343 336 335 339 341 342 343 341 342 341 336 332 333 333 332 332 334 337 344 351 345 335 324 316 319 335 348 343 332 330 333 330 321 317 324 329 331 336 342 344 344 341 335 331 335 339 333 326 321 317 314 315 316 316 315 315 315 312 312 314
350 349 346 343 341 341 341 341 340 340 341 341 341 341 342 342 342 342 342 342 343 343 344 345 345 346 346 348 351 350 346 344 344 343 340 341 340 335 336 341 342 343 343 341 340 337 332 331 333 331 330 330 330 332 338 341 337 332 327 322 324 337 348 344 334 331 330 327 321 321 328 333 334 340 343 344 343 341 337 336 341 344 336 329 327 325 322 321 323 323 321 318 314 313 317 323
348 348 345 342 340 340 341 341 341 341 341 341 341 342 342 343 343 343 343 343 343 343 343 343 344 346 347 348 347 344 340 340 343 343 341 341 341 338 340 344 345 345 344 341 338 333 330 332 331 329 329 329 328 329 331 331 328 326 324 323 328 338 345 343 336 333 329 325 320 321 329 335 338 342 343 341 340 336 334 337 345 347 342 334 331 331 329 328 329 329 327 324 320 317 319 325
347 346 344 342 341 341 341 341 341 341 341 341 342 342 342 343 343 343 343 343 343 343 343 342 343 344 346 348 347 343 338 338 340 339 340 344 346 343 343 346 348 349 345 342 338 333 333 334 332 332 332 331 331 332 331 329 327 324 322 319 323 335 342 340 336 333 330 326 321 321 328 334 337 340 339 338 337 332 327 329 337 344 344 338 334 332 331 332 334 332 329 327 322 317 317 323
344 343 341 340 340 341 341 341 341 342 342 342 342 342 343 343 343 343 343 343 343 343 343 343 343 344 345 348 349 343 337 336 336 335 337 345 351 351 350 351 351 349 345 342 339 336 337 336 334 334 334 334 335 335 333 332 331 330 327 322 322 331 338 338 335 332 328 325 324 325 329 327 328 332 335 338 338 336 330 326 328 336 340 339 335 331 331 332 335 333 329 326 321 317 320 327
342 341 339 338 339 340 341 341 341 342 342 342 343 343 343 343 343 343 343 343 343 343 343 343 343 344 345 348 347 340 336 335 333 334 336 344 354 1 360 355 352 348 344 342 339 338 339 339 339 338 334 335 337 336 333 333 335 335 333 329 328 332 336 337 334 327 322 322 326 334 334 326 325 330 338 340 339 342 339 333 332 334 337 338 334 333 334 334 332 331 329 325 321 319 323 333
338 338 337 337 338 339 340 341 341 341 342 343 343 343 343 343 343 343 343 343 343 343 343 343 343 343 344 345 341 335 334 334 333 335 338 347 4 9 1 355 351 347 344 342 341 340 340 342 344 342 338 338 340 340 336 335 338 340 339 337 337 339 341 341 337 327 317 317 326 339 336 331 331 337 346 341 336 343 344 340 340 339 338 335 330 333 340 338 333 331 331 326 319 316 322 335
333 333 334 336 337 339 340 340 340 341 342 343 343 343 343 343 343 343 343 343 343 343 343 343 342 342 342 340 336 332 331 332 333 335 340 354 7 4 359 355 350 346 342 342 343 342 341 342 344 342 339 339 342 343 341 340 342 343 342 341 343 348 350 347 341 330 317 316 328 333 331 331 335 345 350 337 336 346 347 345 349 349 342 331 325 329 337 338 335 333 334 327 317 315 321 331
327 330 331 333 336 338 339 339 339 340 342 342 342 343 343 343 343 343 343 342 342 342 342 342 342 341 340 337 335 332 330 330 332 335 344 358 0 357 356 354 351 346 342 342 343 342 343 344 344 343 339 337 339 340 341 342 343 343 341 341 345 353 356 350 342 332 321 321 329 329 329 332 336 346 343 333 338 350 348 346 353 355 347 335 327 326 332 337 337 335 334 326 317 315 320 328
321 324 327 330 333 335 337 338 339 340 341 342 342 342 342 343 343 343 343 342 342 342 342 342 341 341 339 338 336 334 331 331 333 337 347 356 356 352 350 349 349 346 346 346 343 342 344 346 347 344 339 336 337 337 337 338 341 341 339 339 345 352 352 348 344 335 326 327 331 332 336 337 336 341 336 331 341 353 351 349 351 351 345 338 332 331 336 341 340 335 331 325 319 316 320 328
315 318 322 326 330 332 334 336 338 339 340 341 341 342 342 342 343 342 342 342 342 342 342 341 341 340 339 338 337 334 333 334 336 340 346 352 352 349 345 344 344 344 347 345 342 342 345 346 346 341 334 332 336 338 335 334 338 341 339 338 342 344 341 343 343 337 332 332 335 341 346 343 339 340 334 333 347 358 357 354 349 346 340 335 332 334 344 348 342 335 330 326 322 321 326 335
312 314 318 322 326 329 332 334 336 337 339 340 340 341 341 342 342 342 342 341 341 341 341 341 341 340 339 338 336 334 334 335 337 341 344 346 345 342 341 341 341 343 342 338 339 344 347 346 343 337 330 330 337 341 339 337 340 344 343 339 337 335 333 335 336 335 334 335 341 351 352 347 345 343 338 341 355 3 2 354 347 343 337 330 330 338 350 350 342 335 331 328 323 320 328 340
