windninja/windninja_output/Output_2025-08-09_1800-1850_Google earth_Fire_150m_10min/merlingen_7.5mi_point_08-09-2025_1810_150m_ang.asc
ncols	158
nrows	163
xllcorner	391686.332397
yllcorner	5160024.123721
cellsize	150.000000
NODATA_value	-32768.000000
[rows 90 to 134 of 163, columns 0 to 95 of 158]
301 303 303 300 300 303 304 306 309 307 308 315 318 315 309 301 294 291 290 296 307 317 326 338 349 349 335 325 321 318 315 314 314 314 313 311 311 312 311 309 308 309 313 315 315 313 311 309 309 311 313 317 320 322 323 322 318 312 310 314 320 322 322 321 321 321 321 321 321 321 321 321 322 322 322 322 322 322 322 322 322 321 319 313 306 302 300 298 301 301 298 296 295 291 291 291
297 301 305 305 307 309 311 314 319 315 314 321 327 323 320 315 308 299 291 298 313 326 340 350 356 351 335 325 319 315 313 312 311 312 312 311 313 314 314 313 310 309 310 311 312 311 309 306 305 307 310 314 317 321 326 327 323 320 318 321 326 325 323 322 321 320 320 320 320 320 320 321 321 321 321 321 321 321 321 320 320 319 318 315 311 308 305 302 299 295 288 279 277 274 271 271
297 302 312 316 319 322 326 332 337 333 325 327 331 329 325 319 315 312 307 311 320 340 352 358 1 350 332 321 316 312 310 309 309 310 311 311 312 313 313 313 312 309 308 308 309 309 307 303 300 300 304 309 314 319 325 327 323 322 321 324 329 328 325 322 321 320 320 319 320 320 320 320 320 320 320 320 320 320 319 319 318 317 315 313 310 306 304 299 294 285 268 260 261 259 256 257
296 302 312 318 321 326 332 340 346 345 339 339 341 341 341 336 329 324 319 319 328 352 1 3 2 345 327 319 313 309 307 305 305 307 310 310 310 311 312 313 314 312 308 307 308 307 305 302 299 297 299 305 314 318 322 321 315 313 314 318 324 327 325 321 320 319 319 319 319 319 319 319 319 319 319 319 319 319 318 318 317 315 313 310 305 300 297 292 282 270 261 260 263 262 262 263
293 299 308 313 315 319 328 338 347 344 339 341 345 346 347 341 335 329 320 316 333 356 7 5 355 335 322 316 311 306 302 300 302 306 309 309 309 309 310 313 317 318 314 311 312 311 309 306 303 303 304 310 319 321 319 315 309 306 308 311 316 322 322 320 319 318 318 318 318 318 318 318 318 319 318 318 318 318 317 317 316 314 312 310 305 300 295 288 280 275 274 275 276 277 278 279
288 292 302 307 307 309 315 326 336 333 327 329 335 337 337 327 326 318 307 299 324 322 354 336 327 319 315 312 309 306 303 302 304 307 309 308 307 308 309 311 316 320 318 316 318 320 319 316 313 313 313 317 324 323 318 315 312 309 310 311 314 318 319 318 317 317 317 317 317 317 317 318 318 318 318 317 317 317 316 316 315 314 312 310 307 304 299 294 290 288 288 289 289 290 291 291
286 289 297 303 302 302 303 309 314 313 306 304 305 306 307 301 299 295 285 254 203 200 211 265 297 306 308 308 307 307 306 304 303 304 306 306 305 306 307 309 313 318 318 316 318 321 322 322 320 318 317 318 322 322 317 313 312 310 310 310 312 315 316 316 316 316 316 316 316 316 317 317 317 317 317 316 316 316 316 315 314 313 312 310 308 306 303 301 299 297 297 297 297 298 299 301
287 288 292 296 294 292 292 293 292 291 288 282 286 297 293 291 290 286 266 218 194 202 229 267 294 305 307 306 304 302 299 296 295 296 300 301 301 303 305 308 311 316 318 315 313 315 316 315 314 312 311 312 315 318 315 312 310 309 308 308 309 311 313 313 314 315 315 315 315 315 316 316 316 316 315 315 315 315 315 314 314 313 312 311 310 308 307 305 304 303 303 303 303 304 305 306
283 282 282 280 281 280 279 278 276 274 265 258 256 261 268 272 273 260 227 205 202 224 263 288 307 315 309 302 298 293 289 287 288 291 294 297 297 299 303 307 310 314 318 315 310 308 306 304 302 301 304 307 310 313 313 311 310 310 310 309 309 308 308 310 311 313 314 314 314 314 315 315 315 315 315 314 314 314 314 314 313 313 312 311 311 310 309 308 307 307 307 307 307 308 309 310
275 273 268 269 270 269 265 262 257 250 246 243 238 243 255 257 247 229 209 204 227 270 292 303 317 316 300 292 288 285 283 284 285 287 291 295 297 299 302 306 309 313 317 317 313 310 308 305 303 304 306 309 311 313 313 312 312 311 312 313 312 311 309 308 309 310 312 313 313 313 313 313 313 313 313 313 313 313 313 313 313 313 312 312 311 311 310 310 309 309 309 309 310 311 312 313
277 273 267 266 264 260 256 253 247 240 238 234 229 233 237 237 236 229 218 234 273 291 295 293 279 274 277 279 279 277 276 277 280 284 289 294 297 298 301 306 310 312 316 319 316 312 309 308 307 308 309 311 313 314 315 315 314 312 313 316 316 315 313 310 310 310 310 312 313 312 312 312 312 312 312 312 312 312 312 312 312 312 312 312 312 312 311 311 311 311 311 312 312 313 313 314
282 279 272 266 260 255 252 249 246 243 241 237 231 229 232 239 253 263 270 285 292 293 280 243 227 245 260 264 266 266 267 271 276 281 287 291 294 296 299 305 311 313 315 318 317 313 309 309 309 311 312 313 314 314 314 316 317 315 315 317 317 316 314 313 312 313 313 313 312 310 309 309 310 310 310 310 310 311 311 311 311 312 312 312 312 312 312 312 312 312 312 313 314 314 315 316
287 284 276 268 261 257 255 252 249 248 246 244 241 241 257 273 280 289 300 296 290 275 239 226 232 242 249 253 256 260 265 271 276 281 285 290 293 295 298 302 309 312 314 317 319 317 314 314 314 314 313 314 315 315 314 316 317 317 317 318 319 318 316 314 313 314 315 314 312 308 305 306 308 308 308 308 308 309 309 310 310 311 311 312 312 312 312 312 313 313 314 314 315 316 316 317
293 289 280 272 266 262 259 256 253 251 251 252 256 268 282 285 285 288 292 287 270 232 222 230 234 236 244 252 259 265 271 274 277 281 285 289 293 295 296 299 305 310 312 315 319 318 316 315 315 315 314 314 315 317 317 318 318 318 318 319 321 322 320 317 314 315 316 316 315 310 305 303 305 305 305 305 305 306 307 308 309 310 311 311 312 312 312 313 313 313 314 314 315 316 317 317
299 295 285 277 270 266 263 259 254 254 256 259 265 274 279 278 275 273 269 258 236 224 230 235 232 237 249 258 264 270 275 276 277 280 283 287 292 295 296 298 303 309 312 314 317 318 316 315 316 316 315 315 315 316 317 318 319 319 318 318 319 321 320 318 316 316 318 320 320 315 309 304 303 301 298 298 300 303 305 306 307 308 310 311 311 312 312 313 313 314 314 315 316 316 317 318
306 301 290 279 272 268 264 259 255 256 259 262 266 271 273 272 267 259 249 238 230 232 237 236 239 248 256 261 266 271 275 278 279 280 281 286 292 298 301 302 305 309 311 313 317 319 319 318 319 319 318 318 318 317 317 317 319 319 318 318 318 319 318 316 316 316 319 322 323 318 313 309 305 302 299 297 298 300 300 301 303 307 309 310 311 312 312 312 313 313 314 315 315 316 317 317
317 310 296 285 277 272 266 262 261 263 269 275 277 279 276 272 264 256 246 237 236 242 244 243 248 255 258 261 267 273 278 282 283 280 280 287 296 302 305 306 308 310 312 313 317 319 321 320 320 320 319 320 321 320 319 319 319 318 318 317 318 319 319 317 317 317 318 322 324 320 315 312 310 310 309 306 305 303 301 299 302 306 309 310 311 311 312 312 313 313 313 314 315 316 316 317
332 323 306 293 283 277 275 278 281 285 290 293 291 285 278 272 265 259 250 241 243 252 258 256 255 258 260 262 267 276 283 287 288 280 281 291 301 305 305 306 310 312 312 315 318 320 323 324 323 322 319 318 320 321 321 321 321 319 318 318 318 318 318 318 318 319 319 321 324 322 317 313 311 311 311 309 309 310 310 307 305 307 309 310 310 311 312 312 312 312 313 313 314 315 315 316
347 338 318 304 297 296 300 303 304 300 295 291 284 274 271 273 272 267 256 251 257 264 269 269 263 260 265 267 267 276 286 289 290 282 286 298 305 306 305 308 314 314 313 316 320 321 325 327 326 325 322 319 319 319 320 321 322 321 320 320 319 317 318 318 318 319 320 321 323 323 319 313 310 310 310 310 311 312 313 310 307 308 309 310 310 311 311 311 311 311 311 312 312 313 314 314
1 351 329 317 314 312 310 307 301 292 281 274 271 268 270 276 281 278 264 263 269 274 277 278 274 268 269 270 270 278 287 290 292 285 288 298 305 306 309 313 316 311 311 317 321 322 325 329 329 327 325 323 322 321 320 321 321 321 321 323 323 319 319 320 318 316 318 320 323 324 320 313 310 311 312 311 312 312 312 309 307 308 311 312 311 310 310 309 309 309 309 309 310 311 312 313
9 357 333 322 315 308 301 292 282 276 271 269 268 271 276 283 291 296 281 273 275 281 287 288 287 281 276 276 276 281 288 292 292 286 287 296 304 308 314 318 317 310 310 316 320 321 325 331 331 329 327 326 325 324 322 322 322 320 320 322 323 320 319 322 319 316 316 318 321 324 322 315 312 313 312 310 310 310 311 309 307 307 310 313 312 309 308 307 306 305 305 305 306 307 309 310
9 356 334 321 311 300 290 283 279 275 270 268 273 280 285 291 302 323 305 280 278 285 297 303 299 292 290 288 283 281 286 292 292 286 290 299 308 314 320 322 319 315 313 316 318 321 325 330 332 330 328 328 327 325 323 324 324 320 318 321 322 320 319 322 322 319 318 319 320 322 321 316 311 311 311 310 309 309 308 308 307 307 309 313 314 312 307 304 301 299 298 299 301 303 305 306
11 359 336 322 311 303 297 292 287 282 277 278 287 294 293 295 309 339 327 299 290 291 303 315 306 296 296 295 290 282 281 288 293 290 295 305 313 319 325 324 321 315 310 313 320 324 325 327 329 330 330 331 331 326 324 325 326 323 320 321 323 322 320 321 323 322 321 322 322 321 319 314 310 310 310 310 310 311 311 309 308 308 311 314 317 316 309 303 296 291 291 296 300 303 304 305
17 6 344 327 315 308 303 299 297 294 290 289 295 302 297 297 313 343 338 320 305 296 302 319 308 298 300 301 297 289 282 283 288 292 297 306 315 320 324 323 320 310 305 310 321 327 326 325 328 329 330 333 334 329 325 325 327 325 322 321 324 325 322 320 322 323 323 325 325 325 323 317 314 313 312 310 310 312 313 312 310 310 312 313 316 317 311 304 298 294 297 304 307 306 304 302
23 15 355 335 323 316 310 306 303 299 296 296 302 307 299 298 315 340 341 327 312 302 304 315 312 308 309 307 302 299 291 282 284 290 297 304 308 314 320 323 318 309 308 312 322 328 328 329 330 330 331 334 335 332 328 327 327 326 323 322 324 327 325 321 322 324 324 325 326 327 327 321 316 315 314 311 310 312 314 313 310 311 316 317 319 322 316 309 306 304 307 313 314 310 304 300
28 19 360 343 331 325 319 314 309 302 300 303 308 310 299 299 316 340 346 332 317 310 313 317 317 316 317 315 309 311 307 293 286 289 296 304 309 313 317 320 316 312 314 317 323 329 332 335 333 332 333 335 337 335 330 327 327 326 324 322 323 327 325 321 322 325 325 324 324 326 327 323 317 314 313 312 311 311 314 314 309 311 318 323 326 330 323 315 312 309 312 318 320 315 309 309
30 19 2 348 335 329 325 321 315 307 305 309 315 315 300 300 316 343 351 339 328 323 322 320 321 322 324 318 309 316 320 308 293 288 295 305 313 318 317 316 315 316 319 320 323 330 334 334 331 331 334 337 340 339 334 329 327 326 325 322 323 326 324 321 321 325 326 324 324 325 326 325 322 317 314 311 310 310 312 312 307 308 317 326 329 332 327 319 315 313 316 322 325 321 317 317
33 22 5 351 337 331 329 325 317 310 307 312 322 320 301 297 311 340 347 339 331 325 322 320 321 325 332 327 317 320 322 313 303 299 303 311 317 322 319 317 320 322 323 322 323 329 332 332 332 333 336 341 345 344 340 332 328 327 325 322 323 326 325 322 322 326 326 324 324 325 326 327 326 322 318 315 313 311 311 312 308 308 317 327 329 329 326 320 317 318 321 326 327 322 318 318
37 28 10 353 339 333 331 323 315 310 306 313 326 321 303 293 300 326 337 335 328 320 316 315 315 320 329 329 327 330 328 323 320 313 314 322 328 331 325 323 327 328 326 323 322 326 332 334 335 337 340 346 349 349 345 336 329 327 326 323 322 325 325 323 324 327 327 326 324 324 325 326 326 325 321 319 319 315 313 314 313 312 318 326 326 325 325 321 319 322 327 330 330 323 317 317
40 31 13 352 338 334 328 319 311 308 304 309 326 322 306 293 296 315 329 329 324 316 312 310 309 310 314 318 323 329 329 329 324 317 317 324 333 338 336 336 338 335 330 326 325 329 332 333 336 340 343 348 351 352 349 339 330 327 326 323 322 323 322 320 323 325 326 326 324 321 322 324 325 325 322 322 323 320 315 313 311 312 318 324 323 322 323 322 322 326 330 333 334 325 318 317
41 34 15 352 338 333 320 312 308 308 304 305 322 327 313 298 294 306 323 327 323 316 310 305 303 303 305 308 312 316 319 321 319 314 313 318 329 336 340 347 348 344 338 334 335 336 336 337 340 343 345 349 353 355 353 343 331 326 325 323 321 322 320 315 311 308 309 316 319 317 319 321 322 322 322 322 324 323 318 314 310 310 316 321 320 321 323 323 324 327 331 335 337 327 319 319
42 32 9 353 348 342 326 314 309 311 307 301 315 331 322 304 294 299 316 326 323 314 306 302 299 299 301 305 308 308 308 308 309 310 310 313 321 326 334 345 350 349 341 338 339 340 341 344 348 348 348 350 354 358 358 348 333 326 325 321 318 318 312 300 287 283 287 298 308 311 314 317 318 318 320 322 323 324 322 318 315 314 317 320 321 323 326 326 327 327 331 337 336 325 318 320
37 24 0 350 348 344 334 323 314 315 309 300 312 331 324 307 292 291 305 315 316 309 304 299 294 294 297 301 303 303 306 307 306 309 308 308 315 316 322 335 343 345 339 333 331 333 337 345 350 351 351 350 355 1 0 350 336 328 324 319 313 307 295 289 290 292 294 299 304 305 307 311 313 314 317 320 321 323 324 324 321 318 320 323 324 327 331 332 330 329 334 340 334 319 315 320
32 17 355 348 342 336 331 324 316 317 310 302 312 332 324 307 290 281 286 298 302 303 301 294 290 291 293 295 299 303 309 309 305 307 307 305 312 315 316 328 338 341 338 330 325 324 328 339 347 351 350 350 357 4 2 353 337 324 317 312 304 298 298 303 306 303 302 302 304 306 304 304 307 309 313 316 319 320 321 325 326 324 324 327 329 331 336 337 332 331 336 341 330 317 316 321
29 14 355 350 342 331 327 321 314 315 309 302 312 329 322 306 290 278 275 285 293 296 298 296 293 289 289 296 304 309 316 312 306 308 307 303 308 314 314 323 335 340 340 331 324 323 326 335 346 350 351 353 1 6 5 359 344 323 311 310 309 310 313 314 312 307 304 302 302 304 302 297 297 301 306 311 316 317 318 321 324 324 325 329 331 333 340 340 333 330 335 338 328 318 320 326
23 10 356 352 344 334 328 323 315 315 310 301 307 320 313 303 293 284 278 282 290 296 299 296 294 294 300 310 315 321 326 316 306 307 307 301 304 313 313 319 330 338 341 332 322 320 325 334 344 348 352 357 5 9 10 5 354 337 324 326 324 318 318 318 313 308 305 302 300 301 300 295 292 295 298 304 310 312 311 312 315 317 321 328 332 337 345 343 335 331 333 335 326 319 323 331
18 7 354 351 345 335 329 323 317 316 311 301 302 314 309 307 304 294 288 286 290 299 307 306 309 315 319 322 326 333 336 323 308 306 307 302 302 308 311 315 324 334 340 334 321 317 323 335 345 350 353 359 7 14 15 9 359 342 330 330 328 321 318 316 311 306 304 302 299 299 300 299 297 296 297 300 304 306 305 305 308 310 314 324 332 341 348 345 336 332 333 333 324 320 325 335
18 6 351 349 344 337 330 322 318 316 314 307 307 313 314 317 317 309 303 302 309 316 321 326 325 323 326 329 332 338 341 330 315 310 308 303 300 302 307 310 315 326 333 334 323 315 320 335 348 353 355 0 10 18 20 14 0 340 327 325 324 319 316 313 308 304 302 301 299 298 296 295 297 299 299 300 303 305 305 307 310 311 312 318 328 342 349 347 341 336 335 333 324 323 329 338
17 4 349 347 343 334 326 320 318 318 317 314 313 315 316 321 322 315 313 317 320 322 324 327 326 322 319 321 328 334 337 331 322 317 312 302 297 299 302 303 306 315 324 329 325 315 316 332 347 351 355 2 14 22 23 17 0 338 324 321 319 316 314 311 307 303 302 300 298 296 293 290 291 294 296 296 300 304 303 305 308 310 312 315 322 335 344 344 343 342 341 336 330 329 334 339
17 6 349 344 340 328 319 314 313 316 318 315 312 312 313 317 320 316 315 317 319 321 318 315 311 308 312 318 321 326 329 329 325 323 318 307 298 294 295 296 299 305 312 320 323 319 318 333 346 349 356 5 19 27 25 16 359 338 323 318 317 315 313 309 305 302 301 299 298 296 294 290 289 290 292 292 297 301 299 299 302 304 307 311 314 322 330 334 335 337 339 337 337 340 343 343
20 9 350 344 340 326 315 309 307 310 311 309 304 301 302 307 310 312 314 317 318 319 318 313 307 305 310 317 319 322 324 326 328 328 325 314 302 296 295 296 297 301 305 312 319 322 324 339 348 349 359 12 27 31 25 14 358 338 323 317 314 312 310 307 304 301 300 300 299 298 295 292 290 290 291 293 296 300 298 296 297 300 301 302 304 309 316 321 321 323 326 331 337 345 350 351
20 9 351 345 341 329 321 313 305 303 302 300 297 296 297 298 298 302 308 313 317 320 321 319 310 304 310 317 319 324 326 328 333 333 331 324 314 309 308 305 304 306 309 311 316 323 330 343 347 351 6 25 35 33 23 13 358 335 319 312 309 306 305 303 302 301 300 300 300 299 296 293 292 290 292 294 298 304 303 299 300 303 303 300 299 300 306 313 315 314 316 319 326 339 348 354
18 9 352 344 337 330 327 324 314 308 306 304 302 301 300 300 295 294 298 305 312 319 322 323 315 305 305 311 313 318 323 326 333 337 334 329 324 318 318 318 315 316 316 314 317 326 335 342 345 354 18 35 37 31 21 12 358 332 315 308 304 303 304 302 300 299 298 298 300 300 297 296 294 292 292 293 298 307 310 304 304 308 309 305 300 299 303 309 309 308 309 312 315 326 339 347
20 10 352 341 332 328 329 327 320 318 319 319 314 307 304 305 302 300 301 305 312 320 325 325 321 309 300 300 303 306 311 315 324 333 332 330 326 321 321 319 318 320 322 321 325 334 340 344 348 6 31 38 36 27 18 11 357 332 316 311 308 307 308 304 300 298 296 296 299 301 299 298 298 296 292 291 294 304 311 307 305 310 313 309 303 302 304 304 303 300 301 304 306 313 328 336
20 7 350 340 331 329 330 326 321 320 323 329 324 314 311 310 307 305 306 309 314 322 325 325 326 320 307 301 302 306 308 310 316 324 327 327 325 323 320 315 314 318 322 324 333 342 345 353 5 21 31 35 31 22 15 9 353 329 316 311 308 306 306 304 300 298 296 294 296 300 301 301 300 298 293 290 290 297 306 305 304 308 312 309 305 303 302 302 302 298 296 297 297 299 315 326
