windninja/windninja_output/Output_2025-08-09_1800-1850_Google earth_Fire_150m_10min/merlingen_7.5mi_point_08-09-2025_1800_150m_ang.asc
ncols	158
nrows	163
xllcorner	391686.332397
yllcorner	5160024.123721
cellsize	150.000000
NODATA_value	-32768.000000
[rows 0 to 44 of 163, columns 0 to 95 of 158]
321 316 311 310 310 312 313 310 307 308 309 306 293 275 270 276 283 288 293 304 314 317 314 313 315 316 316 313 313 315 315 313 312 311 310 311 313 311 309 310 310 310 312 312 313 316 317 318 321 324 328 329 330 332 332 331 327 325 324 325 326 326 324 324 324 324 323 323 324 326 326 326 325 323 322 323 324 321 318 320 321 320 316 314 314 312 309 306 304 303 300 300 300 299 295 290
325 320 314 312 310 310 311 308 305 305 307 309 305 293 287 289 295 301 304 309 316 320 319 317 316 317 319 317 315 315 315 314 314 314 313 314 316 317 316 317 317 316 318 318 319 322 323 324 324 324 325 326 327 328 330 329 327 326 325 325 326 326 326 325 325 325 324 324 324 326 327 327 326 325 324 325 326 324 322 323 324 323 319 317 316 315 315 313 310 308 305 304 305 304 303 302
332 326 320 318 313 312 312 310 307 308 313 320 323 316 308 305 308 313 314 315 319 323 323 321 319 319 321 321 318 317 316 316 316 317 318 318 321 323 323 324 324 323 324 324 325 327 328 329 329 327 326 326 326 326 327 328 328 328 328 328 328 328 328 328 328 327 326 325 324 326 329 329 328 327 326 328 329 327 325 327 330 327 323 323 321 321 324 324 322 321 317 315 316 318 319 320
333 328 325 323 318 318 319 317 317 319 323 330 331 324 316 311 312 315 315 316 319 322 325 325 322 323 326 326 326 325 323 320 319 319 320 322 322 323 324 325 327 327 327 326 327 329 329 331 333 332 331 331 331 330 330 329 328 328 328 328 329 330 329 329 329 329 328 325 324 326 330 329 327 327 327 328 329 327 326 329 333 331 328 328 325 324 330 331 331 332 331 328 327 329 330 330
330 328 328 326 322 323 322 319 319 322 327 333 333 326 317 311 311 313 315 316 317 319 324 327 325 325 329 331 332 332 331 329 326 324 324 324 324 324 325 327 329 329 329 329 329 330 331 332 333 333 334 333 332 331 330 329 328 327 328 328 328 330 330 329 329 329 329 326 324 327 330 328 327 327 328 327 325 324 326 331 334 331 328 330 327 325 330 331 332 335 337 337 336 337 336 337
329 327 328 328 325 324 322 318 318 321 327 332 333 325 315 311 309 309 311 312 313 315 320 325 324 324 327 330 332 333 333 332 330 330 330 329 328 328 328 329 330 330 329 329 329 329 330 331 331 333 334 334 332 330 329 328 328 328 328 328 329 330 331 330 330 330 329 327 326 330 332 329 327 329 331 331 328 325 327 332 333 329 326 328 328 327 328 327 326 330 333 335 338 340 338 339
330 328 326 326 325 323 321 318 319 322 327 330 332 324 313 310 310 310 312 314 313 313 316 321 322 321 323 325 328 331 331 329 329 331 333 332 330 330 330 330 330 329 327 327 327 327 328 329 330 332 334 334 333 331 329 328 327 327 328 329 330 332 334 333 331 331 330 327 327 332 335 332 331 332 334 334 332 331 333 336 333 330 329 328 328 327 327 325 323 323 323 326 330 334 335 336
332 330 326 324 321 320 318 318 319 322 325 329 331 325 315 311 312 313 315 317 316 315 317 320 321 322 322 322 325 327 326 325 326 328 329 328 329 329 329 328 328 327 326 325 325 325 326 327 329 332 333 332 333 333 329 327 327 327 328 329 331 334 336 335 334 333 331 328 329 332 334 332 333 335 335 334 332 333 339 339 330 328 331 332 332 331 331 330 327 322 319 319 321 324 330 332
333 331 328 324 320 317 315 316 319 321 324 326 329 326 318 314 314 315 316 317 317 316 319 322 323 325 324 323 324 325 322 322 324 325 323 322 323 324 324 324 324 323 323 323 323 324 325 326 328 332 332 330 331 332 328 327 328 328 328 329 330 331 333 334 334 333 330 329 331 333 332 329 331 334 335 334 332 335 342 337 328 327 330 333 335 336 336 336 335 334 332 330 328 329 332 330
334 332 328 325 323 319 317 318 319 321 322 324 326 324 318 314 315 316 317 318 318 318 320 323 326 327 326 325 326 325 321 321 323 322 320 320 321 322 322 321 321 321 321 322 321 322 324 324 326 330 330 328 330 329 326 325 326 326 325 325 325 325 327 328 328 328 328 329 332 334 331 328 329 332 334 334 332 335 340 336 331 330 331 331 330 332 334 334 337 340 341 339 335 336 335 328
335 333 329 327 325 323 321 320 321 321 322 323 324 323 318 314 314 315 317 318 319 320 321 324 327 329 330 328 326 325 321 320 321 319 317 318 320 321 321 322 322 322 321 322 320 319 322 322 323 325 325 324 325 323 320 318 317 317 316 316 315 315 317 320 318 319 321 324 330 332 329 328 330 333 335 335 332 332 334 334 334 334 334 332 327 328 329 327 330 338 341 336 334 336 334 328
337 334 330 328 326 324 322 321 321 321 321 322 323 323 319 314 314 315 316 316 317 318 320 323 327 329 332 329 324 322 319 317 318 317 315 316 318 319 320 321 322 321 321 322 321 319 319 317 315 314 312 311 310 307 303 302 301 300 300 298 294 293 299 306 307 308 310 315 325 328 327 329 331 335 339 340 338 336 334 333 334 336 338 336 332 331 330 325 328 337 337 330 329 334 331 327
337 335 331 329 327 324 322 321 321 321 321 322 323 323 318 312 312 313 314 315 315 315 317 320 323 326 329 326 322 319 318 317 317 316 316 315 316 317 319 320 320 320 322 323 321 319 318 313 304 300 299 296 291 286 284 286 287 286 282 275 274 278 285 290 292 294 296 304 317 322 324 327 329 334 338 339 339 337 337 337 335 335 336 335 333 334 333 328 331 339 336 328 328 331 327 322
338 336 332 330 327 325 323 322 321 320 321 321 323 323 319 311 308 310 312 313 313 314 314 314 317 323 326 324 322 321 318 316 315 316 317 317 316 317 318 319 318 316 315 313 309 307 311 312 307 301 299 296 291 283 280 281 281 280 278 279 285 291 294 295 293 289 289 295 305 314 320 323 326 330 333 333 332 332 334 336 334 332 332 331 331 334 331 328 331 336 332 325 324 325 319 314
339 337 333 330 327 324 323 322 321 320 320 321 323 325 321 314 310 310 311 310 310 311 311 312 315 320 324 324 323 322 318 315 315 316 319 319 318 316 315 312 307 300 292 289 290 293 300 311 316 314 312 311 309 303 300 298 299 303 307 306 307 310 313 315 312 306 303 301 301 308 316 319 321 325 329 328 325 324 326 326 326 326 327 326 328 329 326 325 327 328 321 311 306 306 303 301
339 337 334 330 327 324 322 321 320 320 320 320 322 324 323 317 313 313 313 311 310 311 313 315 317 320 323 325 324 324 321 320 321 321 319 315 310 306 302 297 291 290 293 299 306 310 311 313 315 317 322 327 327 325 325 326 326 328 327 319 316 318 321 325 325 320 318 314 312 312 314 312 313 318 324 325 323 323 323 320 321 322 320 319 321 320 317 315 317 317 310 301 298 298 297 296
340 338 334 330 327 325 323 321 320 319 319 320 320 322 321 316 313 314 315 314 313 315 317 318 319 321 324 326 326 325 323 321 322 319 311 303 298 296 298 302 306 312 316 317 321 323 322 323 322 319 324 330 332 330 331 332 334 336 334 325 321 321 324 329 327 322 322 321 321 322 318 309 305 311 320 323 325 325 323 320 321 320 316 313 310 305 301 294 295 306 315 315 314 312 311 308
341 339 335 331 328 325 323 321 320 319 319 319 319 320 318 314 311 312 314 315 315 315 317 318 318 319 322 324 323 322 320 319 319 316 311 309 310 313 316 319 321 322 321 321 323 324 325 328 328 325 324 327 329 330 330 331 333 336 335 329 324 324 327 330 328 324 323 324 324 324 323 319 313 312 316 320 324 324 319 316 314 313 310 307 300 295 293 296 302 309 315 319 321 321 321 320
342 339 335 331 327 325 323 321 320 319 319 318 318 318 317 313 310 309 311 312 313 314 315 316 316 317 319 321 320 318 317 319 322 322 320 319 319 320 321 320 321 322 321 322 324 324 324 326 327 326 325 324 326 329 330 331 332 333 333 330 326 325 329 330 327 325 323 324 326 324 326 328 325 320 318 316 315 312 304 297 297 297 301 307 311 313 317 317 314 315 317 319 320 322 325 328
342 340 335 331 327 324 322 320 319 319 318 318 318 317 316 314 311 309 310 311 313 315 316 317 318 319 320 321 320 320 322 325 326 323 319 317 318 321 323 324 325 327 326 327 327 326 326 327 326 324 323 324 325 327 329 330 332 332 331 329 326 325 326 327 325 323 322 324 326 327 330 333 331 329 328 324 317 306 297 296 300 303 311 318 321 322 324 323 319 318 323 326 323 322 324 327
343 340 335 331 327 324 322 320 319 318 318 317 317 317 316 315 313 313 313 315 317 318 319 320 321 321 322 322 323 325 328 332 332 328 326 325 325 328 330 330 331 331 329 329 327 326 326 328 327 324 324 325 326 326 326 327 329 330 330 329 328 325 324 325 324 323 324 326 326 329 334 337 333 330 331 335 335 330 323 318 316 318 321 323 325 324 325 324 320 320 327 333 328 324 324 325
343 340 335 330 326 323 321 320 319 318 318 317 317 317 317 317 316 316 317 318 319 320 321 322 323 323 324 325 326 328 332 337 335 331 330 331 330 331 333 333 333 333 331 329 326 325 325 327 329 327 326 327 327 327 326 325 325 327 330 331 330 326 324 326 324 324 326 327 328 332 338 339 334 328 329 336 340 339 336 331 328 327 326 326 328 327 328 326 322 324 331 339 336 329 328 328
343 340 335 330 326 323 321 320 318 318 318 318 317 317 318 318 318 318 319 320 321 322 323 324 325 326 327 327 328 330 334 337 334 330 329 328 328 330 332 333 333 333 331 329 326 326 328 330 331 330 327 327 328 327 327 327 326 327 330 332 330 325 323 325 325 327 329 330 332 338 341 340 334 329 330 336 340 339 337 337 337 337 334 331 331 329 330 328 326 328 335 344 342 332 330 331
343 340 334 329 325 322 320 319 318 317 318 318 318 318 318 319 319 319 320 322 323 323 325 326 327 328 329 329 329 329 333 334 330 327 326 325 324 327 329 331 332 332 332 330 327 328 331 332 331 330 327 327 328 328 328 329 327 328 331 332 328 323 320 322 325 329 331 333 337 341 342 338 331 328 333 339 341 335 333 336 340 342 340 338 335 330 328 326 325 328 337 348 343 332 330 331
343 340 333 327 324 321 320 318 317 317 318 318 318 318 319 320 320 321 321 323 324 325 326 328 329 331 333 332 328 327 330 331 328 327 327 327 327 327 327 330 331 332 333 330 328 331 334 333 331 329 327 327 327 328 329 330 330 330 332 331 326 321 319 321 324 327 330 334 339 339 336 330 326 329 337 344 341 331 329 333 337 341 344 345 341 333 328 323 321 326 339 351 344 334 331 332
343 339 332 326 323 321 319 318 317 317 317 318 318 319 320 320 321 322 322 323 324 326 327 329 332 336 339 336 330 329 330 329 328 328 329 331 332 329 327 329 331 332 331 328 328 334 336 333 332 330 329 327 325 325 327 330 333 334 333 328 322 320 321 324 330 332 335 341 343 337 328 324 325 331 342 350 342 330 327 331 334 338 344 347 345 340 336 332 326 327 340 350 346 338 335 335
341 337 330 324 321 320 318 317 317 317 318 318 319 319 320 320 321 323 323 324 325 327 329 331 334 340 345 340 334 333 333 329 326 326 328 331 333 330 328 331 332 331 329 327 330 337 338 335 333 333 333 330 326 325 326 332 339 339 335 329 321 318 320 326 334 339 345 350 347 336 325 323 327 334 345 353 345 333 328 328 329 333 339 342 342 342 344 342 334 331 339 345 344 341 340 339
339 335 327 322 319 318 317 316 316 317 318 318 319 319 320 321 322 323 325 325 327 328 330 333 337 343 346 342 338 339 339 333 328 327 326 328 331 328 328 331 333 330 329 330 333 339 340 339 335 334 336 334 332 329 329 337 346 342 335 329 322 317 319 325 333 341 350 353 344 331 324 325 330 337 347 352 344 335 331 329 327 329 333 334 334 338 345 345 339 337 340 341 339 339 341 342
335 331 324 320 318 317 316 316 316 317 318 318 319 320 321 322 323 324 326 326 328 329 332 334 338 344 345 342 342 346 345 339 336 333 331 332 333 330 329 334 335 332 333 333 335 340 341 340 338 337 338 337 335 333 334 343 348 341 332 326 322 321 325 330 336 342 351 350 336 326 324 328 336 342 350 349 340 331 331 330 327 328 328 327 326 330 338 340 337 339 342 339 335 333 336 340
330 326 320 316 315 315 315 315 316 317 318 318 319 320 321 323 324 325 326 327 328 330 332 335 339 342 342 340 342 347 347 345 343 338 335 338 340 335 332 335 337 336 338 338 338 341 341 340 338 339 342 340 337 336 339 347 347 337 327 321 319 323 330 336 339 342 347 343 328 322 323 330 340 347 352 348 339 332 328 327 327 327 325 322 322 326 331 332 333 339 343 340 334 329 328 331
321 318 315 313 312 313 313 314 315 316 318 319 320 321 322 323 325 326 327 328 329 331 333 336 339 340 339 339 341 344 344 343 341 337 336 342 343 336 333 335 337 338 340 340 341 343 340 337 334 338 342 340 338 338 342 350 347 333 322 316 317 324 331 337 337 336 340 335 321 316 320 329 338 344 349 346 342 338 332 328 328 329 326 323 325 329 330 330 331 336 340 340 333 324 317 317
309 309 309 308 309 311 312 314 315 317 318 319 320 321 322 324 325 326 327 328 330 332 334 336 338 339 339 340 344 347 344 338 336 333 335 343 343 334 331 334 336 337 338 338 340 340 336 331 329 331 334 333 335 336 341 352 346 331 319 313 317 330 339 338 331 331 335 331 319 314 319 327 331 337 344 345 345 342 336 332 334 336 331 325 324 325 324 325 326 329 332 334 331 321 313 310
292 295 300 303 305 308 311 313 314 316 318 319 320 322 323 324 326 327 328 328 330 332 334 336 337 338 340 342 348 350 344 338 335 330 331 340 339 331 329 333 334 336 337 335 336 336 331 326 327 327 326 327 329 332 339 347 342 332 321 314 317 334 347 342 331 329 333 330 321 318 325 330 332 337 343 345 346 343 338 335 339 342 336 328 324 321 318 320 323 324 325 326 325 320 318 318
275 281 291 297 301 305 309 311 314 316 318 319 321 322 323 325 326 327 328 329 330 332 334 335 337 338 340 343 346 344 339 335 335 332 330 335 336 330 330 334 334 336 337 334 334 331 326 325 327 325 325 325 325 327 333 338 334 330 324 319 322 335 347 343 334 331 331 327 321 322 329 334 335 341 344 345 344 342 339 340 345 347 340 333 330 329 327 327 329 331 330 327 322 320 323 327
260 267 281 290 296 302 307 310 313 315 318 319 321 322 324 326 327 328 329 330 331 332 333 334 336 338 340 342 342 339 333 331 333 333 331 335 337 332 333 337 337 337 336 333 331 326 323 325 325 323 323 323 323 324 326 327 326 324 322 321 325 337 345 342 335 332 329 325 320 322 330 336 339 343 344 342 341 338 336 341 349 351 346 338 334 335 334 333 334 335 335 332 327 323 325 330
248 256 272 284 292 299 305 309 312 315 318 320 321 323 324 326 327 328 329 330 331 332 333 334 335 337 340 342 342 338 331 331 332 331 331 336 340 337 335 338 339 339 335 333 330 326 326 327 326 326 327 326 327 328 328 326 324 322 319 317 321 333 341 340 336 333 330 326 322 322 329 336 338 342 340 339 338 333 329 333 342 348 349 344 338 336 335 337 339 338 335 333 328 323 323 328
242 250 267 280 289 296 303 308 311 314 317 320 321 323 324 326 327 328 329 330 331 332 333 334 335 337 339 342 344 338 332 331 330 328 328 335 343 344 341 339 340 338 335 334 331 329 331 330 329 329 329 329 331 332 330 329 329 327 324 319 320 329 337 338 335 331 329 326 324 326 330 329 330 334 337 339 340 338 333 329 332 340 346 346 342 336 334 337 339 337 334 331 328 324 326 332
236 244 263 277 287 295 301 306 310 313 317 320 321 323 325 326 327 329 329 330 331 332 333 334 335 337 339 343 343 335 332 330 328 326 327 333 345 351 347 343 341 338 335 334 332 332 334 333 333 333 330 331 333 333 331 331 333 333 331 327 326 330 336 337 334 327 323 322 327 335 336 328 327 331 339 342 340 343 342 336 335 338 342 345 342 338 337 337 337 335 333 331 327 325 329 339
236 243 261 275 286 294 300 305 309 313 316 319 322 323 324 326 327 328 329 330 331 332 333 334 335 336 339 341 337 331 329 329 327 327 329 337 354 358 348 345 342 339 336 336 335 335 336 337 340 338 334 335 338 337 333 333 337 338 337 335 335 338 340 341 337 327 317 317 327 340 337 332 332 338 347 343 338 344 346 344 343 343 343 341 337 339 343 341 337 336 335 331 324 322 329 342
238 243 260 274 285 293 299 304 308 312 316 319 321 323 324 326 327 328 329 330 331 332 333 333 334 335 337 336 332 327 326 327 327 328 331 344 359 355 349 346 342 338 336 336 337 337 337 338 340 338 335 336 339 340 338 338 341 341 340 339 342 346 349 347 341 330 317 317 329 335 332 332 336 347 352 339 337 347 348 348 352 352 346 336 331 335 342 341 338 338 339 333 322 321 329 339
243 243 258 272 283 292 298 303 307 311 315 318 320 322 324 326 327 328 329 330 331 332 333 333 333 334 334 333 330 327 325 325 327 328 335 349 353 349 347 346 344 340 337 337 338 338 339 340 341 339 335 334 337 338 339 340 342 341 340 339 343 351 355 349 342 332 321 322 330 330 330 333 338 348 345 334 339 350 349 348 356 358 351 340 332 332 336 340 340 339 339 332 324 323 329 336
248 248 258 270 280 289 296 301 305 310 314 317 320 322 324 325 327 328 329 330 330 331 332 332 333 333 333 332 332 329 325 326 328 331 340 349 349 345 343 343 343 341 341 342 339 338 340 343 344 341 335 333 335 335 335 336 339 340 337 336 343 351 351 347 343 335 327 328 331 333 337 339 338 342 337 332 343 354 352 351 354 354 349 343 337 335 340 345 343 339 336 331 327 326 329 335
253 254 260 268 277 286 294 299 304 308 313 316 319 321 323 325 326 328 328 329 330 331 332 332 332 333 332 332 332 330 327 328 331 335 342 347 347 343 340 339 339 339 341 340 338 339 341 343 343 338 330 329 334 336 333 331 335 338 336 335 339 342 340 342 342 337 332 333 336 342 347 344 340 341 335 335 348 358 358 355 352 349 344 339 335 338 348 352 346 340 335 332 331 330 334 341
258 258 262 268 276 284 291 297 302 306 311 315 317 320 322 324 326 327 328 328 329 330 331 331 332 332 332 332 331 330 328 329 332 336 340 343 341 338 337 336 336 337 336 334 334 340 343 342 338 333 327 327 334 338 336 334 337 340 340 336 335 334 332 334 336 335 334 336 342 351 353 348 346 344 339 342 355 4 3 356 349 346 340 333 334 343 355 355 348 341 336 334 330 328 336 347
261 262 265 269 276 283 289 295 300 305 309 313 316 319 321 323 325 326 327 328 329 330 331 331 331 332 331 331 331 330 330 330 333 336 338 338 334 331 332 334 335 335 331 329 335 343 344 340 335 331 329 331 338 343 342 340 341 343 340 336 334 332 331 330 328 329 332 336 344 353 353 350 350 348 347 353 4 10 6 356 346 340 335 331 335 350 357 352 346 341 337 333 326 325 336 350
