windninja/windninja_output/Output_2025-08-09_1800-1850_Google earth_Fire_150m_10min/merlingen_7.5mi_point_08-09-2025_1830_150m_ang.asc
ncols	158
nrows	163
xllcorner	391686.332397
yllcorner	5160024.123721
cellsize	150.000000
NODATA_value	-32768.000000
[rows 88 to 131 of 163, columns 0 to 95 of 158]
287 284 284 292 299 306 311 314 313 311 312 310 311 312 308 305 300 293 291 293 298 300 305 315 328 336 331 325 322 321 320 318 317 316 315 315 318 320 320 320 320 321 321 320 319 317 314 312 311 312 313 314 314 314 314 314 313 312 313 315 318 319 321 321 321 321 321 321 322 322 322 322 323 323 323 324 324 325 326 328 329 329 326 319 311 308 307 306 307 308 309 311 311 307 304 305
304 303 304 307 309 312 313 314 314 309 309 314 317 317 312 305 298 293 292 296 303 310 317 327 341 345 335 327 323 321 320 318 317 316 314 312 312 314 313 312 314 318 320 321 319 317 315 312 312 313 316 318 319 319 320 319 316 311 309 312 317 320 321 321 321 321 321 321 321 321 322 322 322 322 323 323 323 324 324 325 325 324 321 313 305 300 299 300 305 306 305 305 302 293 288 289
307 308 308 306 305 308 311 313 317 314 313 319 323 320 315 307 300 296 293 298 309 318 327 339 350 350 337 328 324 320 318 317 316 316 315 314 313 314 313 312 311 312 315 317 317 315 313 311 311 312 315 318 321 323 324 323 319 313 311 314 320 322 322 322 321 321 321 321 321 321 321 321 321 322 322 322 322 322 322 322 322 321 320 314 306 302 300 298 301 301 297 294 293 289 289 289
302 306 312 312 312 314 316 320 325 321 319 326 332 329 325 321 313 304 295 300 314 327 341 351 357 352 338 328 322 319 316 315 314 314 314 314 315 316 316 315 313 312 312 313 314 313 312 309 307 309 312 315 318 322 327 328 324 321 319 322 326 325 323 322 321 321 320 320 320 320 321 321 321 321 321 321 321 321 321 320 320 319 318 316 311 308 305 302 299 295 287 280 278 275 273 273
301 307 317 322 324 327 330 335 340 338 331 332 336 334 330 324 320 316 310 314 321 341 354 360 3 353 335 325 320 316 314 312 312 313 313 313 315 315 315 315 314 313 311 311 312 311 309 305 302 302 305 310 315 320 326 328 324 322 322 325 329 328 325 322 321 320 320 320 320 320 320 320 320 320 320 320 320 320 319 319 318 317 315 313 310 307 304 300 294 285 270 263 264 263 261 263
300 306 317 323 326 330 335 342 349 348 344 343 344 344 345 340 332 327 322 322 331 355 3 6 5 349 332 323 317 314 311 308 308 310 312 313 313 313 314 315 317 315 312 310 311 309 307 304 301 299 300 306 314 319 322 321 316 314 315 319 324 327 325 322 320 320 319 319 319 319 319 319 319 319 319 319 319 319 318 317 316 315 313 310 306 301 297 292 283 271 263 263 266 266 266 268
296 302 312 317 319 323 331 341 349 347 343 345 348 349 349 344 338 332 324 322 340 1 11 9 360 340 327 321 315 311 306 303 304 309 312 312 311 312 313 315 319 320 317 315 315 314 311 308 305 305 306 311 320 321 319 316 310 307 309 313 317 323 323 321 319 319 318 318 318 318 318 318 319 319 318 318 318 318 317 316 315 314 312 310 305 300 295 289 281 275 275 276 277 278 278 279
290 295 305 310 310 313 319 329 338 336 331 334 340 342 342 332 331 324 313 309 344 6 25 0 338 326 321 317 314 311 307 306 307 310 311 310 309 310 311 313 318 322 320 319 321 323 321 319 315 314 315 318 325 324 318 315 312 310 311 312 314 319 320 319 318 318 317 317 317 317 318 318 318 318 318 317 317 317 316 315 315 313 312 310 307 303 299 294 290 288 287 288 288 288 289 289
287 291 299 306 306 306 308 313 317 315 309 309 313 315 315 308 305 301 291 264 191 187 199 278 306 312 314 313 312 311 309 308 307 307 309 308 307 308 309 311 315 319 320 319 320 324 325 324 322 320 319 320 324 324 318 315 313 311 311 311 313 316 317 316 316 316 317 317 317 317 317 317 317 317 317 316 316 316 315 315 314 313 312 310 308 305 303 300 298 296 295 295 295 295 296 296
288 290 294 298 298 296 297 298 296 294 291 285 291 305 299 296 295 291 270 215 186 193 225 270 298 309 312 311 309 306 302 299 298 299 303 304 303 304 307 310 313 317 319 316 315 317 318 317 316 314 314 315 318 320 317 313 311 310 309 309 310 312 313 314 315 315 316 316 316 316 316 316 316 316 316 315 315 315 314 314 313 313 312 310 309 307 305 304 302 301 300 300 300 300 301 301
283 283 283 282 283 283 283 282 280 277 266 258 254 260 268 273 275 261 224 199 196 221 266 292 311 319 314 307 302 297 292 290 291 293 297 299 299 301 305 308 312 316 319 316 312 309 308 306 304 304 306 310 313 315 315 313 312 312 311 310 310 309 309 310 312 313 314 315 315 315 315 315 315 315 315 314 314 314 314 313 313 312 311 311 310 308 307 306 305 304 304 304 304 304 304 304
276 273 269 269 271 270 266 263 258 250 245 241 235 240 252 255 245 225 204 199 226 276 297 308 323 324 307 298 293 288 286 286 287 290 294 297 299 300 303 307 310 314 318 318 314 311 309 307 305 307 309 311 314 315 315 314 313 313 313 314 313 312 309 309 309 311 312 313 314 314 314 314 314 314 313 313 313 313 313 313 312 312 311 311 310 309 309 308 307 307 306 306 306 306 306 306
277 274 268 266 264 260 255 252 246 238 236 232 225 229 233 233 232 224 213 234 278 296 299 301 298 289 285 284 283 280 278 279 282 286 291 296 298 300 302 307 311 313 317 319 317 313 311 310 309 310 312 314 316 317 317 317 316 314 314 317 317 316 314 311 310 311 311 312 313 313 313 313 312 312 312 312 312 312 312 312 312 311 311 311 310 310 310 309 309 308 308 308 308 308 308 308
283 280 273 267 261 255 251 248 244 241 239 235 228 226 229 237 253 267 277 291 296 297 285 245 226 248 264 268 269 268 269 273 277 282 288 292 295 297 300 305 311 313 316 319 318 314 311 310 311 313 314 315 317 316 316 318 319 317 317 318 318 317 315 314 313 314 313 313 313 311 310 310 310 310 310 310 310 310 311 311 311 311 311 311 311 310 310 310 310 309 309 309 309 309 310 310
289 285 277 268 261 257 254 251 248 247 245 242 239 242 262 280 287 297 307 301 294 279 239 224 230 243 251 254 257 261 266 272 277 281 286 290 294 296 298 303 309 313 314 317 319 318 316 315 316 316 316 316 317 318 317 318 319 319 319 320 320 319 317 315 314 315 315 315 313 308 305 306 308 308 308 308 308 309 309 309 310 310 310 310 310 310 310 310 310 310 310 310 310 310 311 311
295 291 282 274 267 263 260 256 253 251 250 252 257 272 287 291 290 294 299 292 274 232 220 228 233 236 244 253 259 266 272 275 278 282 285 290 294 295 296 299 305 310 313 316 319 319 317 316 317 317 316 316 317 319 320 320 320 320 320 321 322 323 321 318 315 316 317 317 316 311 305 304 305 305 305 305 305 306 307 308 308 309 310 310 310 311 311 311 310 310 310 311 311 311 311 311
303 298 289 280 272 267 263 259 254 253 255 259 266 276 281 280 278 276 272 259 235 222 229 234 231 237 250 260 266 271 276 277 278 281 284 288 292 295 296 298 303 309 312 314 317 318 316 316 317 318 317 317 317 318 319 320 322 321 320 320 321 322 322 319 317 317 319 321 320 316 310 305 303 301 298 298 300 302 305 306 307 308 309 310 310 310 310 311 310 311 311 311 311 311 311 311
311 306 294 283 275 269 265 259 255 256 259 262 267 272 273 272 267 259 248 237 228 231 237 236 239 250 259 264 268 273 277 279 280 281 282 286 293 298 301 302 305 309 311 313 316 319 319 318 320 321 320 320 320 319 319 319 321 322 321 320 320 321 320 318 317 318 320 323 324 319 313 309 306 303 299 297 299 300 300 300 303 306 308 309 310 310 310 310 310 310 311 311 311 311 311 311
324 317 303 291 282 275 268 264 262 265 271 277 279 280 278 273 265 255 245 236 235 242 245 245 251 259 262 264 269 275 280 284 285 281 281 287 296 303 305 306 308 310 311 313 316 319 321 321 321 321 321 321 323 323 322 321 321 320 320 320 320 321 320 319 318 318 319 323 325 321 316 312 310 310 309 306 305 303 300 299 302 306 308 309 309 310 310 310 310 310 310 310 310 311 311 311
341 332 316 301 289 282 280 283 286 290 295 298 296 290 281 274 267 260 251 242 243 254 261 261 260 263 265 266 270 279 286 289 290 282 283 292 302 306 305 306 309 311 312 314 317 320 323 324 323 322 320 319 322 323 323 323 323 322 320 320 320 320 320 320 320 321 321 322 325 323 318 314 312 311 311 309 308 310 309 306 305 307 308 309 309 309 310 309 309 309 309 309 310 310 310 310
356 347 330 314 306 304 307 310 310 306 302 298 291 280 276 276 275 270 258 253 260 267 273 275 270 266 271 272 271 280 289 291 293 284 287 299 306 307 305 308 313 313 313 316 319 321 324 326 326 325 322 320 320 321 322 324 324 323 322 323 322 320 320 320 320 321 321 322 325 324 320 314 311 310 310 310 310 312 312 309 307 307 309 309 309 309 309 309 308 308 308 308 308 309 309 309
9 359 339 326 321 319 317 315 309 299 288 281 278 274 275 280 286 285 272 269 273 278 281 284 280 275 275 276 274 281 290 293 295 288 289 300 306 307 309 314 316 311 311 317 320 321 324 328 328 327 326 325 324 323 322 323 324 324 324 325 325 322 321 322 320 318 320 321 324 325 321 314 311 312 312 312 311 312 311 309 306 307 310 311 310 309 308 307 306 306 306 306 306 306 307 307
15 4 341 329 322 315 309 300 290 283 278 275 275 278 281 287 297 307 295 281 280 285 291 294 293 287 282 283 281 284 292 296 296 288 289 298 305 309 314 319 317 310 310 316 319 321 325 330 331 328 327 327 326 326 324 324 324 323 322 325 326 323 322 324 322 318 318 320 323 326 323 316 313 313 312 311 310 310 310 309 307 306 309 311 310 308 306 305 304 303 302 302 302 303 304 304
14 3 342 329 320 309 299 292 287 283 277 274 280 286 290 296 308 332 318 290 285 290 302 308 304 297 294 294 288 286 290 296 296 289 292 301 309 315 321 323 320 315 313 315 318 320 324 329 331 329 328 328 328 326 325 326 326 323 321 323 325 323 323 325 325 322 321 321 322 324 323 317 312 312 312 310 309 309 308 307 307 306 308 312 313 310 305 302 299 297 296 296 297 299 300 301
17 6 346 332 322 314 308 303 298 292 286 286 294 300 298 300 315 344 335 309 299 299 309 320 312 300 300 299 294 287 286 293 296 293 297 307 315 321 326 325 322 316 311 313 320 323 324 326 328 329 329 331 331 328 325 327 328 325 323 324 326 325 323 324 326 325 324 325 324 322 320 315 312 311 311 310 310 311 310 309 307 307 310 312 315 314 307 300 294 289 289 294 298 299 299 299
23 14 355 340 328 319 314 310 308 307 302 297 302 308 303 303 319 346 341 326 314 306 311 326 314 301 303 304 299 293 287 287 292 294 299 308 316 322 326 324 321 312 306 311 321 327 325 324 327 328 329 333 334 330 327 327 329 327 325 325 327 328 326 323 325 326 326 327 328 327 324 319 315 315 313 311 311 313 313 312 309 309 311 311 314 315 308 301 295 291 295 301 304 302 300 297
28 22 5 347 336 328 321 316 315 311 305 303 308 314 306 303 319 342 343 331 319 311 315 325 318 312 313 310 305 302 295 287 288 293 299 305 310 316 322 325 319 310 309 313 322 327 328 328 329 329 330 333 335 333 330 329 329 329 326 325 327 330 328 324 325 327 327 328 328 330 329 323 318 316 315 312 311 312 314 312 309 310 314 315 317 319 312 305 303 302 305 310 310 305 298 295
31 25 9 353 342 336 331 325 321 312 307 309 314 318 307 304 320 341 346 334 322 318 322 325 324 321 321 319 313 314 311 297 290 291 299 306 311 315 319 322 318 314 315 318 324 329 332 334 332 331 332 334 336 335 331 329 329 329 327 325 327 330 328 324 325 328 328 327 327 329 329 325 319 315 314 313 311 312 314 313 309 310 317 322 323 327 320 312 309 307 309 315 315 309 303 303
33 24 9 358 346 340 337 333 326 314 310 313 321 323 307 305 320 345 351 340 330 327 327 326 327 328 329 323 313 320 324 312 298 292 298 308 315 320 320 318 317 317 321 322 324 330 334 334 331 331 333 336 339 339 334 331 329 329 328 325 327 330 328 324 324 329 329 327 327 328 329 328 324 319 315 312 311 311 312 312 307 307 316 324 326 329 324 316 312 311 313 318 319 316 311 311
35 26 13 2 349 342 339 334 326 317 312 317 327 326 307 302 315 342 347 340 333 328 325 324 327 331 338 332 322 323 325 316 307 303 307 314 320 325 322 319 322 323 324 324 325 330 333 332 332 333 336 340 344 343 340 334 330 329 328 325 326 329 329 325 325 329 329 327 327 328 329 329 328 325 320 316 314 312 312 312 308 308 316 325 327 326 324 318 315 315 318 321 322 317 313 313
39 31 17 4 350 343 339 331 321 316 312 318 331 326 309 299 306 329 337 335 328 321 319 318 319 325 333 333 331 335 332 326 322 316 317 326 331 333 328 325 329 330 328 325 324 328 332 334 335 337 340 345 348 347 344 337 331 330 329 326 325 328 328 326 328 331 331 329 328 327 328 329 329 327 324 322 320 316 313 314 312 312 317 325 324 323 323 319 317 319 323 326 326 318 313 312
41 34 19 2 348 342 336 326 316 313 310 315 330 326 311 299 301 318 330 329 324 317 313 312 311 313 317 321 327 333 332 331 327 319 320 329 338 341 338 339 340 337 333 328 327 330 333 334 336 340 342 347 350 351 348 340 332 330 329 326 325 326 325 324 326 329 330 330 328 325 325 327 328 327 325 324 325 322 317 314 312 311 317 323 321 320 321 320 319 323 326 329 329 320 313 313
42 36 20 2 349 342 329 319 313 313 310 310 326 330 318 304 300 310 325 327 323 316 310 307 305 305 307 310 315 319 322 323 321 317 317 323 335 340 343 350 351 347 341 337 337 338 338 338 340 343 344 348 352 354 352 344 333 329 328 326 324 325 323 318 316 313 314 320 323 321 322 324 325 325 325 325 327 325 320 315 311 310 316 320 319 320 321 321 322 324 327 331 332 321 315 316
43 34 14 360 356 350 334 321 314 315 312 306 319 333 326 310 299 304 320 327 323 313 306 302 299 300 303 307 309 309 309 310 311 313 314 318 326 331 338 348 353 352 345 341 342 343 343 345 348 348 348 350 353 357 357 348 335 329 328 325 322 322 317 306 294 287 290 301 311 314 317 321 321 321 322 325 326 327 324 320 316 314 317 320 320 322 324 325 324 324 328 334 332 320 315 317
38 26 5 355 354 350 342 332 322 321 314 304 315 333 327 312 297 296 310 319 317 309 304 299 294 294 297 302 304 304 307 309 309 312 312 312 319 321 327 338 347 350 345 339 336 336 340 347 352 352 351 350 354 360 359 350 338 330 328 323 318 314 303 296 297 297 297 301 306 308 310 314 316 317 320 322 324 326 326 326 323 319 320 322 324 326 329 330 328 327 331 337 330 316 312 317
33 20 360 353 348 343 339 333 325 325 316 306 315 334 327 310 295 287 293 303 305 304 301 294 289 291 292 295 300 304 310 311 307 310 310 309 317 320 321 332 342 346 344 338 331 329 332 341 349 352 351 350 356 2 0 352 339 327 322 318 313 308 306 310 311 308 306 306 307 307 306 306 309 312 315 319 322 323 324 327 328 325 324 327 329 330 335 336 330 328 333 338 327 314 313 319
31 17 359 355 347 338 334 330 324 325 317 308 316 332 324 309 294 283 282 291 296 298 299 296 293 289 288 296 304 310 317 314 308 310 310 307 313 319 319 328 338 343 345 339 332 329 330 338 347 351 351 354 360 4 4 358 346 329 317 317 318 317 319 319 317 311 309 307 306 307 304 298 298 303 308 313 318 319 320 323 326 326 326 330 331 333 339 339 331 328 333 336 326 316 317 324
24 13 0 356 349 339 335 330 323 324 319 310 315 325 316 305 296 289 284 289 295 299 301 297 294 295 301 311 315 321 327 318 308 309 310 305 308 317 318 324 334 341 345 339 330 327 330 337 346 350 352 357 4 8 8 4 356 342 331 332 330 324 323 323 318 313 310 307 305 305 304 296 294 296 300 305 311 313 313 314 316 318 322 329 333 337 344 342 333 329 332 333 324 317 320 329
20 11 359 355 349 341 336 329 324 323 320 312 314 323 314 310 306 298 293 292 295 303 310 308 310 316 320 323 326 334 337 325 311 309 310 306 306 312 315 320 328 337 343 339 329 325 329 339 347 351 354 359 7 12 12 8 360 346 336 336 333 326 324 322 316 311 309 307 305 305 304 302 299 298 298 300 305 307 306 307 310 312 316 325 333 341 348 344 336 331 332 332 323 318 323 332
20 9 356 353 349 342 335 327 324 323 322 319 320 324 321 322 321 312 307 305 313 319 324 328 326 325 327 330 332 338 341 332 318 314 312 306 303 306 311 314 320 329 336 337 329 322 327 340 350 355 357 1 9 16 17 12 1 344 333 331 330 325 322 319 314 310 308 306 304 303 301 299 300 301 300 300 303 305 306 308 311 312 313 319 330 342 350 347 341 336 334 332 323 321 327 336
18 8 355 352 347 339 331 325 323 323 324 323 324 326 326 327 326 318 316 318 322 324 326 330 329 324 321 323 329 335 338 333 324 321 317 307 301 302 306 307 310 318 326 331 329 322 323 338 350 354 357 3 13 19 20 15 1 342 330 327 326 323 321 318 313 309 308 306 304 302 298 294 294 297 298 297 301 304 304 306 309 311 313 316 323 336 344 344 343 341 340 335 329 328 332 337
19 10 354 349 345 333 323 319 319 321 323 321 320 321 323 325 325 319 316 318 320 323 321 319 315 311 314 320 323 326 330 330 327 326 323 313 303 299 299 299 302 308 314 321 325 323 325 340 351 352 358 6 18 24 22 15 1 343 330 326 324 322 320 316 312 309 307 306 304 302 299 295 292 293 294 294 297 301 299 299 302 304 307 311 315 323 331 334 336 337 338 337 336 339 341 341
21 12 356 349 345 331 320 313 311 314 315 313 309 307 310 315 315 315 316 318 319 321 320 317 311 308 313 320 321 323 324 326 329 330 330 321 310 303 300 300 301 303 307 313 320 324 330 346 353 354 2 12 25 28 23 13 0 344 331 325 322 320 317 314 311 308 307 306 306 304 300 296 294 293 294 295 297 301 298 296 297 299 301 302 304 310 317 321 322 323 326 330 336 344 348 350
21 12 356 351 346 334 327 319 310 307 305 303 301 300 302 303 302 305 310 315 318 321 323 322 314 308 314 320 322 326 327 328 333 335 334 329 322 317 315 311 308 309 311 313 318 324 334 349 354 356 8 24 32 29 21 13 0 342 328 322 318 314 313 311 309 307 306 306 306 305 301 298 296 294 295 296 299 305 304 299 300 303 303 300 298 300 306 314 315 315 316 319 326 338 347 352
