windninja/windninja_output/Output_2025-08-09_1800-1850_Google earth_Fire_150m_10min/merlingen_7.5mi_point_08-09-2025_1840_150m_ang.asc
ncols	158
nrows	163
xllcorner	391686.332397
yllcorner	5160024.123721
cellsize	150.000000
NODATA_value	-32768.000000
[rows 0 to 41 of 163, columns 0 to 94 of 158]
313 309 305 305 305 307 309 307 304 305 306 302 289 272 268 275 283 288 293 303 312 314 310 309 310 312 312 309 308 310 310 307 306 304 303 305 307 305 303 304 303 303 304 303 305 308 309 311 313 316 318 319 320 321 321 318 314 311 310 312 312 311 309 307 306 305 304 305 307 309 310 309 306 303 301 302 302 299 298 300 300 296 291 290 291 288 283 279 278 275 272 271 271 268 263
317 312 308 307 306 306 307 305 302 302 304 306 301 289 284 286 293 299 303 308 314 318 316 313 312 313 314 313 310 309 309 308 308 308 307 307 309 310 310 310 309 308 309 310 311 313 314 315 316 316 316 317 317 317 317 316 314 313 312 312 312 312 310 310 309 308 306 306 306 309 310 310 307 306 304 304 303 301 301 302 301 298 294 292 291 290 289 285 281 279 277 276 275 273 271
323 317 313 312 308 307 307 305 304 305 310 316 319 312 303 301 305 309 311 312 317 321 321 318 314 314 316 316 313 311 310 309 310 311 311 311 313 315 316 317 316 316 316 315 317 318 319 320 321 319 317 316 315 314 315 316 316 315 314 314 314 314 314 313 313 312 309 307 306 308 311 311 310 309 308 307 307 304 304 305 305 301 298 296 294 296 300 296 291 289 288 287 287 287 288
324 319 317 315 312 312 313 312 313 315 319 326 327 319 311 307 308 311 312 313 316 319 323 322 318 318 319 320 320 318 316 314 313 313 314 315 315 315 316 318 319 320 319 318 319 320 321 322 323 323 322 321 320 318 317 317 316 315 314 314 315 316 315 314 313 313 311 308 306 308 311 311 309 308 307 308 308 305 303 306 309 304 300 301 299 300 306 306 302 302 301 299 300 301 301
322 319 319 318 315 316 317 315 315 318 323 329 329 322 313 308 307 309 310 311 313 316 322 325 321 320 323 325 326 325 324 321 319 318 318 317 317 317 318 320 322 322 322 321 322 322 322 322 323 323 323 322 321 319 317 316 315 314 314 314 314 315 315 314 314 314 312 309 306 308 311 309 308 308 308 307 306 304 303 306 309 305 302 303 301 301 307 311 310 310 310 309 311 314 314
320 319 319 319 317 317 316 314 313 316 322 327 329 322 312 307 305 305 306 307 309 311 318 324 322 320 322 324 326 327 327 325 323 323 323 322 321 321 321 322 323 323 321 321 321 320 321 321 321 321 322 321 319 317 316 315 315 315 315 315 315 316 316 315 315 314 313 309 307 310 311 309 308 310 311 309 307 306 305 305 306 304 303 304 303 301 305 309 309 311 313 313 317 320 320
320 319 318 318 317 317 315 313 314 317 322 326 329 321 310 307 306 305 307 309 308 309 314 320 320 319 319 320 323 325 325 323 322 324 325 324 324 323 323 323 323 321 319 318 318 317 318 319 319 321 321 321 319 318 315 314 314 314 315 316 317 319 319 317 316 315 314 310 309 313 314 312 311 314 315 313 310 309 310 309 305 307 307 305 304 301 303 306 308 309 309 309 312 315 316
321 320 318 316 314 313 312 312 313 317 321 325 328 322 312 308 309 309 310 311 311 310 313 317 319 320 319 319 321 322 321 319 320 321 321 321 322 322 321 320 319 318 317 316 315 315 316 316 318 320 320 319 319 319 315 314 314 315 316 317 319 321 322 320 317 316 314 312 311 314 316 313 313 316 316 313 310 309 312 311 305 307 310 310 308 306 307 309 310 309 307 306 305 307 311
322 320 318 316 313 310 308 310 313 316 319 323 326 323 314 310 311 311 311 312 312 311 314 318 321 323 322 319 321 321 318 317 318 318 316 315 316 316 316 315 314 313 313 313 313 314 314 314 316 320 320 317 318 318 314 314 315 316 316 317 317 318 319 318 316 315 314 313 313 315 314 310 310 312 314 312 309 308 313 310 304 306 312 314 315 315 315 316 318 319 319 317 314 314 317
322 321 318 317 315 312 310 311 314 316 318 321 323 322 315 311 311 312 313 314 313 313 314 318 322 325 324 322 322 322 317 316 318 316 313 312 313 313 312 311 311 311 311 312 311 312 313 313 314 319 318 315 317 316 312 312 313 313 312 311 310 311 313 313 311 311 312 313 314 314 310 307 308 310 311 310 307 309 315 313 309 310 313 315 314 315 316 317 322 326 326 324 321 322 320
323 321 319 317 316 315 314 314 315 316 318 319 321 321 315 311 311 312 314 314 314 315 316 319 323 326 328 325 323 321 316 315 316 313 311 310 311 312 312 312 312 312 311 311 309 309 311 310 310 313 312 311 313 311 307 304 303 303 300 299 299 300 303 306 305 306 306 308 311 310 306 307 309 312 312 310 306 309 316 316 315 314 315 315 313 314 314 312 316 323 323 319 318 321 317
324 322 320 318 317 316 315 315 316 317 317 319 320 321 317 312 311 311 312 313 313 314 315 318 322 325 328 325 320 318 314 312 312 311 309 308 309 310 311 312 311 310 310 310 308 307 307 304 301 301 301 300 299 296 293 291 289 288 286 284 283 283 290 297 299 299 298 300 306 308 307 308 310 314 317 318 316 317 319 318 317 316 318 318 317 318 316 310 312 321 318 310 311 317 313
324 323 320 319 318 317 316 315 316 316 317 318 320 320 316 310 309 311 312 312 312 312 313 315 317 321 324 321 317 315 313 312 311 311 309 307 307 309 310 311 310 309 310 310 307 304 301 295 289 288 290 288 285 281 280 281 280 278 273 268 270 274 281 287 290 290 290 294 305 309 307 307 309 316 322 323 322 321 322 323 320 318 318 318 318 320 317 311 314 323 317 307 307 312 308
324 323 321 320 319 317 316 316 315 316 316 317 319 321 316 309 307 309 310 310 310 310 310 309 312 317 320 319 318 316 313 311 310 310 310 309 308 309 309 310 308 305 302 299 294 291 291 290 287 286 287 286 283 278 277 278 279 275 269 269 276 283 287 290 290 287 287 292 301 307 308 307 309 315 320 319 317 315 317 319 318 317 316 314 313 316 314 308 309 316 311 302 299 301 297
325 324 322 320 318 317 316 316 316 316 316 317 320 322 319 312 308 309 309 307 307 308 307 307 310 315 319 319 318 317 313 310 310 311 312 311 309 307 305 302 296 288 281 279 281 281 285 293 295 292 292 294 293 289 288 288 290 291 290 289 292 296 300 303 301 296 296 297 299 306 310 309 309 312 315 314 310 308 306 308 311 312 311 308 306 307 305 301 299 300 296 288 282 283 283
325 324 322 320 318 317 316 316 315 315 316 317 319 322 321 314 311 311 311 309 307 308 310 311 312 315 319 320 319 318 316 314 315 315 312 308 302 296 292 286 281 279 281 287 292 294 295 299 299 297 301 308 310 309 307 307 308 312 311 303 301 304 307 311 309 305 306 305 305 309 312 307 304 306 310 311 308 305 304 305 307 308 304 300 298 295 291 287 285 283 282 279 277 277 279
326 325 322 320 319 317 316 316 315 315 316 317 318 320 319 314 311 312 313 312 311 312 313 314 314 316 319 321 321 320 317 315 315 311 302 295 290 287 287 289 292 298 302 302 305 307 305 307 307 306 308 314 317 315 314 312 313 318 319 311 307 307 309 314 311 306 307 309 310 313 313 306 301 304 309 310 310 308 307 306 305 303 298 292 287 281 276 271 274 281 287 286 284 283 284
327 325 323 321 319 318 317 316 316 315 315 316 316 317 317 312 309 310 311 312 312 312 313 314 313 314 317 319 319 317 315 312 310 305 299 298 300 301 304 305 308 309 308 306 307 308 309 312 315 313 312 314 315 314 313 312 313 318 321 315 309 308 311 315 313 308 308 310 312 312 314 313 308 307 310 310 312 310 305 299 294 292 289 282 276 272 271 272 280 290 294 292 289 289 288
327 326 323 321 319 318 317 316 316 316 315 315 315 316 315 312 308 308 308 309 310 311 312 312 312 312 315 316 315 313 311 310 311 310 308 307 307 309 309 308 309 309 307 308 308 308 311 314 315 313 312 312 312 313 313 314 314 316 318 315 311 309 312 314 313 310 308 308 310 310 315 319 316 312 311 309 306 300 290 282 280 281 282 282 281 281 283 286 288 293 299 297 293 292 292
328 326 324 321 320 318 317 316 315 315 315 315 315 315 314 312 309 308 308 309 311 312 313 314 314 314 315 316 315 314 314 316 316 312 308 306 307 310 313 313 313 314 313 313 312 312 313 315 314 310 309 311 312 314 315 316 316 315 315 313 309 306 308 311 310 308 306 307 311 314 318 323 320 317 317 314 305 292 283 281 283 286 291 295 294 291 291 291 290 293 303 306 298 294 294
329 327 324 321 319 318 317 316 315 315 315 315 315 315 314 313 312 311 311 313 314 315 316 317 317 317 317 317 318 319 321 324 322 317 316 315 315 318 321 320 319 318 316 315 314 313 313 314 314 311 310 311 313 315 314 314 314 314 313 312 309 305 306 310 310 309 310 311 313 317 321 323 319 316 318 322 318 308 299 295 295 297 299 302 302 297 293 291 291 295 305 312 302 295 296
329 328 324 322 319 318 317 316 315 316 315 315 315 315 315 315 315 314 314 316 316 317 318 319 319 319 319 320 320 322 326 330 327 323 322 322 321 322 324 322 321 320 317 315 314 312 311 314 316 314 312 313 314 315 314 313 312 312 312 311 310 306 306 310 310 311 314 314 315 318 321 321 316 312 315 324 326 319 311 305 303 303 301 304 306 302 298 295 295 299 308 317 310 299 300
329 328 325 322 319 318 317 316 316 316 316 316 316 316 316 316 316 316 317 318 318 319 320 321 321 321 322 322 323 324 329 332 328 323 321 320 319 319 321 321 321 320 318 315 312 312 315 317 318 317 314 313 314 314 315 315 314 313 314 312 309 306 305 310 313 315 318 317 317 319 320 319 314 311 316 325 329 323 316 311 308 308 306 306 310 308 306 303 300 302 310 322 316 302 301
330 328 325 322 319 318 317 316 316 315 316 316 317 317 317 317 318 318 318 320 320 321 322 323 324 324 325 324 323 324 328 329 325 321 319 316 315 315 317 320 321 321 319 316 314 316 319 319 318 317 314 313 314 314 316 317 315 314 317 314 309 305 304 309 314 318 320 318 317 317 317 315 311 312 318 328 331 323 316 312 310 310 309 309 311 311 310 305 301 302 310 324 315 302 301
330 328 324 321 319 318 317 316 316 316 316 317 317 317 318 319 319 319 320 321 322 322 324 325 326 327 329 326 322 322 326 326 323 320 319 317 317 316 317 319 321 322 321 319 317 320 321 318 317 316 313 313 314 315 316 318 317 316 318 315 308 304 306 310 314 316 315 314 311 307 307 308 310 314 321 329 327 319 315 313 311 311 313 313 312 311 310 305 300 301 311 326 314 303 301
330 328 324 321 319 318 317 316 316 316 317 317 317 318 319 319 320 320 321 322 323 324 325 327 329 332 335 331 324 323 325 324 323 323 322 322 321 318 317 320 322 323 322 318 317 321 321 318 317 316 315 313 312 312 315 318 320 319 317 313 308 307 309 313 316 317 316 314 308 302 303 307 311 316 325 333 323 315 316 317 315 314 317 317 315 315 316 311 303 303 314 329 318 308 304
330 327 323 320 318 318 317 316 316 317 317 318 318 319 319 320 321 322 322 323 324 325 327 329 332 337 341 335 328 327 327 324 322 322 322 324 324 319 318 322 324 323 321 318 319 324 324 320 319 319 319 315 312 312 315 321 325 321 317 315 311 309 310 313 317 319 321 322 314 306 306 309 313 318 330 338 323 313 316 319 316 314 316 317 315 316 321 317 307 305 316 327 321 312 308
329 327 323 320 318 318 317 316 316 317 318 318 319 319 320 321 321 323 324 324 326 327 329 331 335 341 343 338 333 334 332 327 323 322 322 323 323 319 318 323 325 322 322 321 323 328 328 325 321 321 323 319 317 316 318 327 334 326 319 317 312 308 308 310 312 314 321 323 315 308 306 309 315 321 332 339 323 312 315 319 317 315 315 314 311 312 318 316 307 306 314 323 321 313 310
327 325 322 319 318 317 317 317 317 318 318 319 319 320 321 322 323 324 325 326 327 328 330 333 337 342 343 339 338 341 339 333 330 328 326 327 327 322 321 326 328 325 326 325 327 331 331 328 324 324 327 324 321 319 321 333 339 327 318 314 311 310 310 312 313 314 322 322 313 308 307 311 318 324 334 335 321 308 309 315 317 317 314 310 306 303 306 308 304 304 310 318 319 314 311
324 323 320 318 317 317 317 317 317 318 319 320 320 321 322 323 324 325 326 326 327 329 331 334 338 341 340 338 340 343 342 338 336 332 331 335 336 329 325 329 331 330 332 330 331 334 332 330 326 328 332 328 323 322 324 336 339 325 313 309 309 310 311 313 313 314 322 320 309 306 307 312 319 326 335 333 321 308 302 307 315 318 313 306 301 299 302 304 303 303 305 310 314 313 309
320 319 318 317 317 317 317 318 318 319 320 320 321 322 322 324 325 326 327 327 329 331 332 335 338 339 338 337 339 341 339 336 335 332 333 339 340 332 327 330 331 332 334 332 333 335 332 328 325 327 331 328 324 321 324 337 335 320 309 303 304 308 307 304 305 310 319 315 303 301 304 308 312 320 332 331 326 315 305 305 313 319 315 308 305 306 307 306 304 301 300 301 304 305 302
315 315 315 315 316 316 318 318 319 320 321 321 322 322 323 324 325 326 327 328 330 332 333 335 337 338 338 339 343 345 339 333 330 328 331 340 340 330 326 329 330 331 332 330 331 333 328 322 319 319 321 320 319 316 320 335 330 315 306 300 301 310 311 301 301 309 318 314 301 298 301 305 309 319 329 331 329 320 309 306 313 321 318 311 308 306 304 301 297 294 292 290 291 295 297
306 308 311 313 314 316 318 319 320 321 322 322 323 323 324 325 327 327 328 329 330 332 334 335 336 338 339 342 347 348 341 334 330 325 327 337 336 326 324 327 327 329 329 326 327 327 321 317 315 314 313 313 313 312 316 328 325 314 305 299 300 311 321 310 303 308 318 316 304 299 304 311 315 323 330 332 331 324 313 308 312 320 317 312 308 303 299 296 293 290 288 286 286 290 297
297 300 305 309 312 315 318 319 320 321 322 323 323 324 325 326 327 328 329 330 330 332 334 335 336 338 339 342 346 343 337 332 330 326 324 332 333 326 324 327 327 328 328 325 324 321 316 313 313 311 310 310 310 309 312 318 318 313 305 299 300 315 329 319 306 308 315 315 306 302 310 317 320 326 332 333 332 327 318 311 313 318 315 312 312 309 303 301 299 296 292 290 290 293 300
285 291 300 305 310 314 318 320 321 322 323 323 324 325 326 327 328 329 330 330 331 332 333 334 336 338 340 342 342 338 332 329 330 327 325 330 334 328 327 330 329 328 326 322 319 315 312 311 311 309 309 308 307 307 307 309 311 309 303 297 301 316 331 324 309 306 309 312 308 307 313 319 321 326 330 330 329 324 317 312 313 317 315 312 314 315 308 306 307 303 299 298 298 299 304
275 282 294 302 308 313 318 320 322 323 324 324 325 325 326 327 328 329 330 331 331 332 333 333 335 337 340 342 342 337 330 329 329 327 326 331 336 332 329 329 329 327 323 320 317 313 313 314 313 312 311 310 310 311 311 310 309 307 302 295 296 311 328 326 313 306 306 310 310 310 313 315 316 321 324 326 325 318 310 307 309 313 312 307 310 315 312 310 312 311 307 305 301 299 301
265 273 288 298 306 312 317 320 322 323 324 325 325 326 327 328 328 329 330 331 331 332 333 334 334 336 339 342 344 337 331 330 327 324 323 329 337 338 332 328 328 325 322 321 319 317 319 318 316 315 314 314 316 316 316 315 313 310 306 299 297 306 322 325 317 307 305 308 311 312 311 305 305 313 320 325 325 319 310 307 307 307 304 300 302 311 316 313 314 314 311 306 301 298 302
256 265 282 295 303 311 316 320 322 323 325 325 326 326 327 328 329 330 330 331 331 332 333 334 335 337 339 343 342 334 331 329 325 323 322 327 338 343 336 330 329 326 324 323 321 320 322 321 320 318 316 318 320 318 316 317 317 315 312 307 303 308 318 324 320 308 301 303 309 314 311 304 306 315 324 325 325 328 319 312 313 311 306 301 300 309 320 319 314 313 312 307 302 301 306
252 260 278 291 301 309 315 319 322 323 325 325 326 326 327 328 329 330 330 331 331 332 333 333 334 336 338 341 337 330 328 327 325 324 324 330 348 349 336 333 332 329 327 326 324 324 325 327 328 325 322 324 326 323 319 321 324 323 320 316 314 315 321 326 323 309 299 298 305 313 313 313 316 322 331 324 324 333 327 317 320 319 313 306 302 308 322 325 318 315 314 308 302 301 304
250 255 274 288 299 307 313 317 320 322 324 325 326 326 327 328 329 329 330 330 331 332 332 333 334 335 336 336 332 327 325 325 325 325 326 338 354 348 339 336 332 329 327 328 328 327 327 329 331 327 323 325 330 330 326 328 331 330 327 323 323 323 324 325 324 312 299 297 303 311 314 317 320 328 333 321 324 339 335 323 326 327 317 307 301 304 316 325 322 317 316 309 301 299 300
252 252 269 283 295 303 310 315 318 321 323 324 325 326 327 328 328 329 330 330 331 331 332 332 333 334 334 332 329 326 323 324 325 325 330 344 349 343 340 337 335 331 329 330 330 328 329 332 333 329 323 324 330 331 329 329 332 331 326 322 322 325 322 319 322 314 301 300 307 312 315 316 316 327 327 318 327 345 340 327 329 331 322 311 303 304 313 323 323 319 316 307 298 295 298
255 255 266 279 289 298 306 311 315 319 321 322 324 325 326 327 328 329 329 330 330 331 331 331 332 332 332 331 331 328 324 324 326 328 337 346 345 340 337 336 336 334 334 334 332 331 333 335 336 332 325 323 328 328 325 324 326 327 321 315 315 321 319 317 319 316 307 306 313 316 318 316 315 326 323 318 331 349 344 332 327 327 321 314 310 312 319 325 323 319 314 304 294 292 298
