windninja/windninja_output/Output_2025-08-09_1800-1850_Google earth_Fire_150m_10min/merlingen_7.5mi_point_08-09-2025_1800_150m_ang.asc
ncols	158
nrows	163
xllcorner	391686.332397
yllcorner	5160024.123721
cellsize	150.000000
NODATA_value	-32768.000000
[rows 90 to 134 of 163, columns 0 to 95 of 158]
299 300 300 297 297 300 301 302 305 303 305 312 316 312 306 299 292 290 289 295 307 317 326 337 349 349 335 325 320 317 315 314 313 314 313 311 311 312 311 309 308 310 313 316 315 314 312 310 310 312 314 318 321 323 324 323 319 314 311 315 320 323 323 323 322 322 322 322 322 323 323 323 323 323 324 324 324 324 324 324 323 322 320 314 306 302 301 300 303 303 299 298 298 294 295 295
295 298 302 302 303 306 308 311 316 312 311 319 325 321 318 314 306 298 290 297 312 326 340 349 356 351 335 324 319 315 313 312 311 312 312 312 313 314 314 313 311 310 310 312 313 312 310 308 306 308 312 315 318 322 327 328 324 321 320 322 327 326 324 323 322 322 322 322 322 322 322 322 323 323 323 323 323 323 322 322 321 320 319 316 312 309 306 303 301 296 289 282 280 277 274 275
295 300 309 314 316 320 324 330 335 331 323 325 330 327 323 317 314 311 306 311 319 340 352 358 1 350 331 321 316 312 310 309 309 310 311 311 312 313 314 314 312 310 309 309 310 310 308 304 301 301 305 310 315 320 326 328 325 323 323 325 330 329 326 323 322 322 321 321 321 322 322 322 322 322 322 322 322 322 321 320 319 318 316 314 310 307 304 300 295 286 270 261 262 260 258 259
295 301 311 316 319 324 330 338 345 343 337 337 340 340 341 335 329 324 319 318 327 352 0 3 2 345 327 318 313 309 307 305 305 308 310 310 311 311 312 314 315 313 309 308 309 308 306 303 300 299 300 306 314 319 322 321 316 314 316 320 325 328 326 323 322 321 321 321 321 321 321 321 321 321 321 321 321 321 320 319 318 317 314 311 306 301 297 292 283 271 262 261 264 264 263 265
292 297 307 312 314 318 326 337 346 343 337 340 344 345 346 340 334 328 319 316 331 355 7 5 355 335 322 316 311 306 302 300 302 307 310 310 309 310 311 313 317 319 315 313 313 313 310 308 305 304 305 311 320 322 319 316 310 307 309 313 318 324 324 322 321 320 320 320 320 320 320 320 321 321 321 320 320 320 319 318 317 316 314 311 307 301 296 289 281 276 275 277 279 280 281 281
288 292 301 306 306 308 314 325 335 332 326 328 333 336 336 326 325 318 306 298 321 312 348 334 326 319 315 312 309 306 303 303 304 307 309 308 307 308 310 312 317 320 319 317 320 321 320 318 315 314 314 318 325 324 319 316 313 311 311 313 315 320 321 320 319 319 319 319 319 319 319 320 320 320 320 320 319 319 318 318 317 316 314 312 309 305 301 296 292 290 290 291 292 293 294 295
286 288 296 302 301 300 302 308 313 312 305 303 304 305 306 300 298 295 284 252 203 200 210 263 297 305 308 308 308 307 306 305 304 304 307 306 305 306 308 310 314 318 319 317 319 323 324 323 321 319 319 320 324 324 318 315 313 311 311 312 314 317 318 318 318 318 318 318 318 318 319 319 319 319 319 319 318 318 318 317 316 315 314 312 310 308 305 303 301 300 300 300 300 302 303 304
287 288 292 295 293 291 291 291 291 290 288 281 286 296 292 290 290 286 266 218 194 202 229 266 293 305 307 306 305 303 299 296 295 297 301 302 302 303 306 309 312 316 319 316 314 316 317 316 315 313 313 314 317 320 317 313 312 310 310 310 311 313 314 315 316 316 317 317 317 318 318 318 318 318 318 318 318 317 317 317 316 315 314 313 312 310 309 308 307 306 306 306 307 308 309 310
282 282 281 280 281 279 278 277 275 273 265 258 256 262 268 272 273 260 227 205 202 224 262 287 307 315 309 302 298 294 289 288 288 291 295 297 298 300 304 307 311 315 318 316 311 309 307 305 303 303 306 310 313 315 315 313 312 312 312 311 311 310 310 311 313 315 316 316 316 317 317 317 317 317 317 317 317 317 316 316 316 315 315 314 313 312 311 311 310 310 310 310 311 312 313 314
275 273 268 268 270 269 265 262 257 250 246 243 238 244 255 257 248 229 209 204 226 270 292 303 317 317 300 293 289 285 284 284 285 288 292 296 298 299 302 306 310 313 317 318 314 311 309 306 305 306 308 311 314 315 315 314 314 313 314 314 314 313 310 309 310 312 313 315 315 316 316 316 316 316 316 316 316 316 316 316 315 315 315 314 314 313 313 313 312 312 313 313 314 315 316 317
276 273 267 266 264 260 256 253 247 240 238 234 229 234 237 237 236 229 217 234 273 291 295 294 279 274 277 279 279 277 276 277 280 284 290 294 297 299 301 306 310 313 316 319 317 313 310 309 309 310 311 313 316 317 317 317 317 314 315 317 318 317 315 312 311 312 312 313 315 315 314 315 314 314 314 314 315 315 315 315 315 315 315 315 314 314 314 314 314 314 315 315 316 317 318 319
282 279 272 266 261 255 252 249 246 243 241 237 231 229 232 239 253 263 270 285 293 293 281 242 226 244 260 264 266 266 267 271 276 281 287 291 294 296 299 305 311 313 315 318 317 313 310 310 311 312 314 315 316 316 317 318 319 318 317 319 319 318 316 315 314 315 314 314 314 313 311 312 312 313 313 313 313 313 313 314 314 314 314 315 315 315 315 315 315 316 316 317 318 319 320 321
287 284 276 268 261 257 255 252 249 248 246 244 241 242 258 274 281 290 300 296 290 275 239 226 231 241 249 253 255 260 265 271 276 281 285 290 293 295 298 302 309 313 314 317 319 317 315 315 315 315 315 316 317 318 317 318 320 320 320 321 321 320 318 316 315 316 317 316 315 310 307 308 310 311 311 311 311 311 312 313 313 313 314 314 315 315 315 316 316 317 317 318 319 320 321 322
292 289 280 272 266 262 259 256 253 251 251 252 256 269 282 286 285 288 293 288 271 232 222 229 233 236 243 252 258 265 271 274 277 281 285 289 293 295 296 299 305 310 313 316 319 319 317 316 317 317 316 316 317 319 320 321 321 320 321 322 323 324 322 319 317 317 319 319 318 313 307 306 307 307 307 307 308 309 310 311 312 312 313 314 315 315 316 316 317 317 318 318 319 320 321 322
299 295 285 277 270 266 263 259 254 253 256 259 265 274 279 279 275 273 270 258 235 223 229 234 231 236 249 258 264 270 275 276 277 280 283 287 292 295 296 298 303 309 312 314 317 318 317 316 317 318 317 317 317 318 319 321 322 322 321 321 322 324 323 320 319 319 321 323 323 318 312 307 305 303 300 299 302 305 307 308 310 311 312 313 314 315 316 316 317 317 318 319 320 321 321 323
306 301 290 279 272 268 264 259 255 256 259 262 266 271 273 272 267 259 249 238 230 232 237 236 238 248 256 261 266 272 276 278 280 280 281 286 292 298 301 302 305 309 311 313 316 319 319 318 320 320 320 320 320 319 319 320 321 322 321 321 321 322 321 319 319 319 322 325 326 321 316 312 309 305 301 299 300 302 302 302 305 309 311 313 314 315 315 316 316 317 318 319 320 321 321 322
317 310 296 285 277 272 266 262 261 263 269 275 278 279 277 272 264 256 246 237 236 242 244 243 248 256 259 261 267 274 278 282 284 280 280 287 296 302 305 306 308 310 312 313 316 319 321 321 321 321 321 321 323 323 322 321 321 321 321 321 321 322 322 320 320 320 321 325 327 323 319 316 314 314 312 309 307 306 303 301 304 308 311 312 313 314 315 316 316 317 317 318 319 320 321 322
332 324 307 293 283 277 276 279 282 286 291 294 292 286 278 272 266 259 250 241 243 252 258 257 256 259 261 263 268 277 284 288 288 281 282 292 301 306 305 306 310 312 312 315 317 320 323 324 323 322 320 319 322 323 323 324 323 322 321 321 321 321 321 321 322 322 323 325 327 325 321 317 315 315 314 312 311 313 312 309 307 309 310 312 313 314 315 315 315 316 317 317 318 319 320 321
347 338 319 305 298 297 301 304 305 301 296 292 285 275 272 273 273 267 256 251 258 265 270 270 265 262 266 268 268 277 287 290 291 283 287 298 305 307 305 308 314 314 313 316 320 321 324 327 326 325 323 320 320 321 322 324 325 324 323 323 323 321 321 322 321 322 323 325 327 327 323 318 315 314 314 314 314 315 316 313 310 310 311 312 312 313 314 314 314 315 315 316 317 318 319 320
2 351 330 318 314 313 311 308 303 293 282 275 272 269 271 277 282 279 266 265 270 275 278 279 275 270 271 271 271 279 288 291 293 286 288 299 306 306 309 314 316 311 311 317 321 321 324 328 329 327 326 325 324 323 323 323 324 324 324 326 326 323 323 324 322 320 322 324 327 328 324 317 314 315 315 315 315 316 315 312 310 310 313 313 313 312 313 313 312 313 313 314 314 316 317 318
10 358 334 322 316 309 302 293 283 277 272 269 270 272 277 284 292 299 284 275 276 282 288 290 289 283 278 278 278 282 290 293 293 287 288 297 305 309 314 319 317 310 310 316 319 321 325 330 331 329 327 327 327 326 324 324 325 323 323 325 326 324 324 326 324 320 320 322 325 328 326 319 316 317 316 314 314 314 315 313 310 310 312 315 313 311 310 310 310 309 309 309 310 312 314 315
9 357 335 322 312 301 291 284 280 276 271 269 274 281 286 292 303 326 309 283 280 286 298 304 300 294 291 290 285 283 288 294 293 287 290 300 308 314 320 323 320 315 313 316 318 321 325 330 331 330 329 328 328 327 325 326 327 324 322 324 325 324 324 327 327 324 323 323 324 326 325 320 315 315 316 314 314 314 313 312 311 310 312 316 317 314 310 307 304 302 302 302 304 307 310 312
12 360 338 323 313 304 299 294 289 284 278 279 288 295 294 296 311 341 329 302 293 293 305 317 308 297 298 297 292 284 283 290 294 291 296 306 314 320 326 325 322 316 310 313 320 324 325 327 329 329 330 331 332 328 325 327 328 326 323 324 326 325 324 326 327 327 326 327 327 325 322 318 314 315 315 314 315 316 316 314 312 312 314 317 320 319 312 306 299 293 294 299 304 307 309 310
18 8 346 329 317 310 305 301 299 297 293 291 297 303 299 299 315 344 339 322 308 300 305 322 311 299 302 302 298 291 284 285 290 293 298 307 315 321 325 323 320 311 306 311 321 327 325 325 327 329 330 333 334 330 327 327 329 328 325 325 327 328 326 324 326 328 328 330 330 329 326 321 318 318 317 315 315 317 318 317 315 314 316 317 319 321 316 309 302 297 300 306 310 310 309 308
24 16 357 337 326 319 313 308 306 302 298 298 303 309 301 300 316 341 342 328 314 305 308 319 314 309 310 308 303 300 293 284 286 291 298 304 309 315 321 324 319 310 308 313 322 328 328 329 330 330 331 334 335 333 330 329 329 329 326 325 327 330 329 325 326 329 329 330 331 332 331 326 321 320 319 316 316 317 318 318 315 316 320 322 324 327 321 314 311 308 311 316 317 315 310 306
28 20 2 345 333 327 322 316 312 304 302 305 310 313 301 301 317 341 346 333 319 313 317 320 320 318 319 317 311 312 309 295 288 290 297 305 310 314 318 321 317 313 315 318 323 329 333 334 333 331 332 335 337 336 332 329 329 329 327 325 327 331 329 325 326 329 330 329 329 331 332 328 323 319 318 317 316 316 319 319 315 316 323 329 331 335 329 320 317 313 316 323 325 322 316 315
31 20 3 350 338 332 328 324 318 309 306 310 317 317 302 302 317 344 351 340 329 324 324 323 324 324 326 320 311 318 322 310 295 290 296 306 314 319 319 317 316 317 320 321 323 330 334 334 331 331 334 337 340 339 335 331 329 329 328 325 327 330 328 325 325 330 330 328 329 331 332 331 328 323 319 316 315 316 318 318 313 313 322 332 335 338 332 324 319 317 320 327 331 327 322 322
33 23 7 354 340 334 332 327 320 312 309 314 323 322 303 299 312 341 347 339 332 326 323 321 323 328 335 329 319 321 324 314 305 301 305 312 318 324 321 318 321 322 324 323 324 329 333 332 332 333 336 341 344 344 340 334 330 329 328 325 326 330 329 326 326 330 330 329 329 330 331 332 331 328 324 320 318 316 317 318 313 313 322 333 335 335 331 325 321 322 327 332 333 328 323 324
37 28 12 356 342 336 333 326 317 312 308 314 328 323 305 295 302 327 337 335 328 321 317 316 317 322 331 330 329 332 330 325 321 314 316 324 330 332 327 325 328 329 328 324 324 328 332 334 335 337 340 346 348 348 345 337 331 330 329 326 325 328 328 326 328 331 332 330 329 329 330 331 332 331 328 326 325 321 319 320 318 317 324 332 332 330 329 326 324 327 333 336 336 329 323 323
40 32 15 355 341 336 330 321 312 309 306 310 327 323 308 295 297 316 329 329 324 317 312 311 310 311 316 319 325 331 330 330 325 318 319 327 336 340 337 338 339 336 332 327 327 330 333 334 337 340 343 348 351 351 349 340 332 329 329 326 325 326 325 324 327 329 330 331 329 327 327 329 330 330 329 329 330 327 322 319 317 318 324 330 328 327 328 327 327 331 336 339 340 332 325 323
41 34 16 355 342 336 323 314 310 310 306 306 323 328 315 300 296 307 324 327 323 316 310 306 304 304 306 309 314 318 320 322 320 315 315 320 332 338 342 348 350 346 340 336 336 338 337 338 341 343 345 349 352 354 353 344 333 328 328 326 324 325 323 318 316 313 314 321 324 323 324 326 327 327 328 330 332 331 326 321 317 317 323 327 325 326 327 328 329 333 337 341 343 334 326 324
42 33 10 355 350 344 329 316 311 312 309 303 317 332 323 306 296 301 318 326 323 313 306 302 299 299 302 306 308 308 309 309 310 311 312 315 323 328 336 347 352 351 344 340 341 342 342 345 348 348 348 350 353 357 357 348 335 329 328 324 321 322 317 306 293 287 290 301 311 315 319 323 323 323 325 328 331 332 331 327 323 321 324 326 325 327 330 331 332 333 337 344 343 331 324 324
37 24 2 352 350 346 337 326 317 317 311 302 313 332 325 309 294 293 307 317 316 309 304 299 294 294 297 302 303 304 307 308 307 310 310 310 317 319 325 337 345 348 342 336 334 335 339 346 351 352 351 350 355 1 360 351 338 330 327 322 317 313 302 296 297 297 297 302 306 308 311 316 318 319 322 325 328 330 332 333 330 326 326 328 329 332 335 337 336 335 339 346 340 325 320 323
32 18 357 350 344 338 334 327 319 320 312 303 313 333 325 308 292 283 289 300 303 304 300 294 290 291 292 295 300 304 310 310 306 309 309 307 315 318 319 331 340 344 342 335 329 327 331 340 349 352 351 351 357 3 1 353 338 327 321 317 311 307 306 309 311 308 307 307 307 308 307 307 311 314 317 321 324 326 328 333 334 331 330 332 334 336 340 342 338 337 342 346 336 322 320 325
30 15 356 352 344 334 330 324 317 319 312 305 314 331 323 307 292 280 278 287 294 297 298 296 293 289 288 296 304 310 317 313 307 309 309 305 311 317 317 326 337 342 343 336 329 327 329 337 347 351 351 354 0 5 5 359 346 328 316 315 316 316 318 319 317 311 309 308 307 308 304 299 299 304 309 315 320 321 322 326 331 331 332 336 337 339 345 346 339 336 340 342 333 323 324 330
23 11 358 354 346 336 331 326 318 319 313 305 310 322 314 303 294 286 280 285 292 297 300 296 294 294 300 310 315 321 327 317 307 308 309 303 306 315 316 322 332 340 344 336 327 325 328 336 345 349 352 358 4 8 9 5 356 341 330 331 329 323 323 323 318 312 310 308 306 306 304 297 294 296 300 306 312 315 315 316 320 323 329 336 339 343 350 349 341 337 338 339 330 323 327 336
19 9 356 353 346 337 332 325 320 319 314 306 307 318 311 308 305 296 290 289 292 301 308 307 310 315 320 322 326 333 337 324 310 307 309 304 304 310 314 318 327 336 341 337 326 322 327 338 347 351 354 360 7 13 13 9 360 345 335 335 332 326 323 321 316 311 309 307 305 306 306 303 300 298 298 301 305 308 307 308 312 315 321 331 339 347 353 350 343 338 337 337 328 323 329 340
19 7 353 351 346 339 332 324 320 319 317 312 313 318 317 319 319 310 305 303 311 317 323 327 325 324 327 330 332 338 341 331 317 312 310 304 302 304 309 312 318 328 335 336 327 320 324 338 349 354 356 1 10 17 18 13 1 343 332 330 329 324 322 318 313 309 308 307 305 304 303 300 301 302 301 301 303 305 306 308 312 314 317 324 335 348 354 352 347 342 340 336 328 326 333 343
17 6 351 349 345 336 328 322 320 320 320 318 318 320 320 324 324 316 314 318 321 323 325 328 327 323 320 322 328 335 338 332 323 319 314 304 299 301 304 305 308 317 325 331 328 319 320 336 349 353 356 3 13 20 21 16 1 341 329 326 324 322 320 317 312 309 307 306 304 302 299 295 295 298 299 298 301 304 304 306 310 312 315 320 328 341 348 348 347 346 346 340 334 334 339 344
18 8 351 346 342 330 321 316 316 318 320 318 316 316 317 321 322 317 315 317 320 322 319 317 313 310 313 319 322 326 330 329 326 325 321 310 300 297 297 298 301 307 313 321 325 321 322 337 349 351 357 6 18 25 23 15 0 342 328 324 322 321 319 315 311 308 307 306 304 303 300 296 294 295 295 295 298 301 299 299 302 305 308 313 318 326 334 338 339 342 343 342 341 345 348 348
20 10 352 346 342 328 317 311 308 311 313 311 306 304 305 310 312 313 315 317 319 320 319 315 309 306 312 319 320 322 324 326 329 329 327 318 306 299 298 298 299 302 306 313 320 323 327 343 351 352 1 13 26 29 24 14 360 342 329 323 321 319 316 313 310 307 306 306 306 304 301 297 295 295 296 296 298 302 299 296 297 299 302 302 305 312 320 325 326 327 331 336 342 350 354 356
20 10 353 348 343 331 324 316 307 305 304 301 299 298 299 301 300 303 309 314 317 320 322 321 312 306 312 319 321 325 327 328 333 334 332 326 318 313 312 308 306 308 310 312 317 324 333 347 352 355 8 24 33 31 22 13 360 340 326 319 316 312 311 310 308 307 306 306 306 305 302 299 297 296 297 298 301 306 304 300 300 303 303 300 299 301 308 316 318 318 320 324 333 345 353 359
19 10 354 346 340 331 329 326 317 310 308 305 304 303 302 301 296 295 299 305 313 319 323 324 317 308 307 313 315 320 324 326 333 338 335 331 326 322 323 322 318 318 318 316 319 327 337 346 350 359 19 33 35 30 20 13 1 338 322 315 312 309 310 308 306 305 304 304 306 306 303 301 300 298 297 298 301 310 313 306 305 308 309 304 300 299 303 310 311 311 313 317 321 333 346 355
21 12 354 343 335 330 331 329 323 321 322 321 315 309 306 306 303 301 302 307 312 320 325 326 322 311 303 303 304 308 312 315 324 333 333 331 327 324 325 323 321 323 324 323 327 336 342 347 353 11 31 36 34 26 18 12 0 339 324 318 315 313 314 310 306 304 302 302 305 306 304 303 303 302 298 296 298 307 314 309 307 311 314 309 303 301 303 304 304 302 304 308 312 322 338 347
21 9 352 342 333 331 332 327 324 323 326 331 326 316 312 311 308 306 308 311 315 323 326 326 327 322 311 305 304 307 310 311 316 324 327 328 326 325 323 318 317 322 325 327 337 345 348 355 8 24 31 33 30 22 16 11 357 336 323 318 314 313 313 311 307 304 301 299 301 305 306 305 305 304 299 294 294 301 308 307 306 310 313 310 304 302 302 302 302 299 297 300 302 308 327 337
