windninja/windninja_output/Output_2025-08-09_1800-1850_Google earth_Fire_150m_10min/merlingen_7.5mi_point_08-09-2025_1820_150m_ang.asc
ncols	158
nrows	163
xllcorner	391686.332397
yllcorner	5160024.123721
cellsize	150.000000
NODATA_value	-32768.000000
[rows 44 to 87 of 163, columns 0 to 95 of 158]
288 290 294 299 305 310 315 319 322 325 328 330 331 332 333 334 335 335 335 336 336 337 336 336 336 336 335 335 334 333 332 333 335 338 340 339 336 333 333 335 337 336 332 330 335 344 344 339 334 331 328 330 337 341 340 337 338 339 336 331 329 328 327 326 325 325 328 332 341 350 350 346 346 345 343 349 2 9 4 352 340 335 329 325 327 340 346 340 334 330 327 324 317 314 323 338
289 290 294 298 302 307 312 316 320 323 326 328 329 331 332 333 334 334 335 335 336 336 336 336 335 335 335 334 334 334 333 333 334 336 337 335 332 330 331 334 335 333 328 330 340 347 342 335 330 329 330 333 340 345 344 341 340 337 332 331 330 330 329 328 324 323 325 330 339 345 344 344 346 346 349 358 9 12 3 349 338 331 325 322 329 341 340 335 331 328 326 321 315 315 324 336
289 291 294 297 300 304 309 313 317 320 323 326 328 329 331 332 333 333 334 334 335 335 335 335 335 334 334 334 334 334 333 333 333 335 335 334 332 331 331 332 332 330 328 333 344 343 336 330 328 329 332 337 345 350 346 342 339 334 329 329 331 331 329 327 324 323 325 330 338 340 338 340 342 346 354 4 12 9 356 342 333 326 321 321 330 336 334 331 330 328 325 320 317 319 326 336
290 291 293 296 298 301 305 310 314 318 321 324 326 328 329 330 331 332 333 333 334 334 334 334 334 334 334 334 334 333 333 332 332 333 333 333 332 330 330 330 329 328 329 338 345 338 330 326 327 332 337 344 352 350 347 343 337 331 327 328 330 328 324 323 322 321 325 330 337 339 337 337 340 347 357 8 13 4 348 335 327 322 321 325 332 334 332 330 329 326 324 321 321 325 330 337
290 291 293 295 297 299 303 308 312 315 318 321 324 326 327 328 330 330 331 332 333 333 333 333 333 333 333 333 333 333 332 332 332 332 332 332 331 330 329 328 327 326 329 338 340 333 327 326 330 337 346 354 352 346 344 339 332 329 327 329 330 325 320 318 317 318 324 331 336 337 337 337 340 348 0 10 9 358 345 334 328 326 327 330 335 335 334 333 330 327 324 323 325 330 334 339
291 292 293 294 296 298 301 306 310 313 316 319 322 324 326 327 328 329 330 331 332 332 332 332 332 332 333 333 333 332 332 332 332 332 332 332 331 330 329 328 327 326 329 334 333 327 324 327 334 344 356 356 348 344 342 336 329 326 326 330 331 324 318 314 315 318 324 330 335 337 337 339 342 351 1 5 1 355 346 338 333 331 331 333 335 335 335 334 330 327 326 325 328 333 336 342
291 292 294 295 296 298 301 305 309 312 314 317 320 322 324 326 327 328 329 330 330 331 331 332 332 332 332 332 332 332 331 331 331 331 331 331 330 329 329 329 328 327 329 331 329 323 323 329 338 352 358 347 341 341 339 333 327 325 326 329 328 323 315 310 314 320 325 330 334 336 337 339 345 353 357 356 354 351 346 339 334 333 333 334 334 333 333 330 327 326 327 327 329 335 340 347
292 293 295 296 297 300 302 304 308 311 314 316 318 321 322 324 325 327 328 328 329 330 330 331 330 331 331 331 331 331 331 331 331 331 330 330 329 328 328 329 329 327 327 329 327 322 324 336 349 357 351 340 336 336 333 326 323 323 327 330 328 322 312 309 314 322 327 332 335 336 337 341 347 352 351 349 349 348 343 338 335 333 331 332 332 331 328 325 324 324 326 327 329 336 342 343
292 294 296 296 297 299 302 304 307 311 313 315 317 319 321 322 324 325 326 327 328 328 329 329 329 330 330 330 330 330 330 330 330 330 330 329 328 328 328 329 329 326 325 327 326 324 328 345 353 350 344 340 338 335 328 321 320 324 329 331 329 323 312 309 315 324 330 336 338 338 340 343 348 349 347 346 346 343 338 335 335 334 331 329 327 325 324 323 323 323 326 327 329 334 337 333
292 293 298 299 298 300 303 303 305 309 312 313 315 317 319 321 322 324 325 325 326 327 328 328 329 329 329 329 329 330 330 330 329 329 329 328 328 328 327 328 328 325 325 326 327 327 334 345 345 342 341 338 336 332 324 318 321 328 332 332 329 322 311 310 318 327 334 341 341 340 342 346 349 349 346 345 345 341 333 331 334 334 333 333 330 325 323 324 324 325 326 328 330 332 326 323
293 294 298 301 300 301 304 304 303 306 310 312 314 316 318 319 321 323 323 324 325 326 326 327 328 328 328 329 329 329 329 329 329 328 328 328 328 327 327 327 326 324 323 325 326 329 336 341 338 337 339 337 332 328 320 318 325 335 337 334 330 322 313 313 321 332 340 346 345 344 346 350 351 348 345 345 345 341 333 333 334 333 333 336 337 333 329 327 327 329 328 329 330 328 314 314
294 294 296 299 298 298 301 302 302 304 307 310 312 314 316 317 319 321 322 323 324 325 325 326 327 327 327 328 328 328 328 328 328 328 328 327 327 327 327 326 324 321 320 323 325 328 332 335 333 335 339 335 331 326 318 319 332 339 337 333 329 323 317 316 324 335 343 347 346 347 352 356 351 345 344 345 345 339 335 335 335 332 333 336 338 339 339 339 337 333 327 325 326 324 312 311
295 294 294 296 296 295 298 301 301 302 306 310 311 312 314 316 318 319 321 322 323 324 324 325 326 326 326 327 327 327 327 327 327 327 327 327 327 327 326 325 324 322 322 324 326 327 329 330 331 335 338 332 329 324 316 321 337 340 336 331 326 322 318 318 325 336 344 347 346 351 359 355 347 345 345 346 344 338 336 336 335 333 332 334 336 338 343 348 348 341 328 323 325 325 317 316
295 295 295 296 298 298 299 301 302 303 307 311 312 312 313 315 316 318 319 321 321 323 323 324 325 325 326 326 326 326 326 326 327 327 326 326 326 326 326 325 325 324 324 324 325 325 325 326 327 332 335 329 326 321 315 323 339 339 334 329 325 321 318 318 325 336 344 348 352 357 355 347 345 345 345 345 342 337 337 338 338 336 334 333 333 335 340 346 348 343 333 328 327 326 320 318
295 296 296 297 298 299 300 303 305 305 307 312 312 311 312 313 314 316 318 320 320 321 322 323 324 325 325 325 325 325 326 326 326 326 326 326 326 326 325 325 325 325 324 324 324 323 322 322 323 328 332 328 324 319 316 325 337 334 328 325 323 321 320 319 326 338 346 352 358 355 348 344 344 343 343 343 340 336 338 340 341 339 337 336 336 337 340 342 341 336 328 325 326 324 318 318
295 296 296 296 297 298 299 302 304 304 305 309 310 310 312 313 313 315 317 318 320 320 321 322 323 324 324 324 324 325 325 325 325 325 325 325 325 325 325 325 325 325 324 324 324 323 323 323 323 326 330 327 321 317 317 325 333 328 323 322 322 321 321 321 327 338 347 355 358 350 344 342 342 341 341 341 337 335 338 340 342 341 340 341 342 343 343 339 335 327 321 319 320 319 316 324
295 296 296 296 297 297 298 299 301 303 305 309 311 312 314 314 314 314 315 317 319 320 320 321 322 323 323 323 323 324 324 324 324 324 325 325 325 325 325 325 324 324 324 324 324 324 324 324 324 326 328 325 319 315 317 325 328 323 320 319 320 320 320 321 327 336 347 358 356 345 341 340 338 338 340 339 336 336 339 341 342 341 340 342 343 343 340 335 328 321 318 317 316 318 321 332
297 297 296 297 297 297 298 299 301 304 307 311 313 313 314 315 315 315 315 316 317 318 319 321 321 321 322 322 322 323 323 323 324 324 324 324 324 324 324 324 324 324 324 324 324 324 324 324 324 325 326 324 317 313 315 322 321 317 316 316 317 318 319 321 327 336 349 360 351 341 339 338 336 336 338 337 336 339 343 344 345 343 342 343 341 337 332 328 322 317 317 318 318 323 332 347
297 297 296 296 297 298 299 300 302 304 306 310 311 312 314 315 316 316 316 316 316 316 318 319 320 320 320 321 322 322 322 323 323 323 323 323 324 324 324 324 324 324 324 324 324 324 323 323 324 324 326 325 317 313 316 320 316 314 314 315 317 319 320 323 328 336 352 357 344 339 338 336 334 335 337 337 339 342 345 347 347 347 347 345 340 331 324 321 318 316 318 318 319 328 343 10
299 298 296 296 297 299 300 301 302 303 305 308 311 312 314 315 315 316 317 317 316 316 317 319 320 320 320 320 321 321 322 322 322 322 323 323 323 323 323 323 323 323 323 323 323 323 323 323 323 323 325 325 319 316 321 322 315 313 314 316 320 322 322 323 324 332 347 346 339 338 337 335 333 334 337 340 342 344 347 350 351 352 351 345 339 329 321 318 315 313 316 318 324 339 6 55
301 299 296 296 297 298 299 299 301 303 304 306 311 313 314 314 315 317 319 318 318 317 317 317 319 319 318 319 320 320 321 321 322 322 322 322 322 323 323 323 323 323 323 323 323 323 323 323 323 323 323 323 319 317 322 323 316 314 315 317 321 324 323 317 315 325 335 335 335 337 337 334 332 334 338 342 343 345 350 354 355 354 350 343 335 323 318 316 313 313 319 324 337 9 65 101
303 300 298 298 298 298 298 298 298 300 302 304 310 313 314 314 314 316 318 318 319 319 318 317 318 318 317 319 320 320 320 321 321 321 321 322 322 322 322 322 322 322 322 322 322 322 322 322 322 322 321 321 319 316 319 322 317 314 315 316 319 328 329 322 324 329 333 333 334 335 335 333 331 335 339 341 342 345 352 356 356 353 346 340 331 319 315 313 314 319 326 337 14 73 107 120
306 302 299 299 298 299 301 302 301 302 303 305 309 312 314 314 313 314 316 317 320 322 320 318 318 317 317 318 319 319 320 320 320 320 321 321 321 321 322 322 322 322 322 322 322 322 322 322 321 321 320 320 318 316 317 317 314 312 311 312 321 335 332 328 329 331 333 334 334 333 333 331 330 335 339 340 342 347 354 357 354 349 342 336 327 318 313 313 318 326 337 16 71 104 119 125
308 305 304 303 301 303 307 307 304 303 305 307 310 312 314 313 313 314 316 316 319 323 322 321 320 318 316 316 316 317 318 319 319 320 320 320 321 321 321 321 321 321 321 322 321 321 321 321 321 320 320 319 318 316 315 314 310 307 305 307 322 332 327 325 326 329 332 334 333 332 331 329 329 333 337 339 342 348 353 352 346 340 333 328 321 312 307 312 322 334 11 67 100 114 119 121
307 307 309 312 311 311 316 316 309 305 307 310 311 313 315 315 313 314 315 315 316 319 321 322 323 321 317 314 313 314 316 317 318 319 319 320 320 320 321 321 321 321 321 321 321 321 321 321 320 320 320 319 318 317 315 313 309 306 304 305 315 322 320 319 321 326 331 333 333 332 331 328 327 330 335 339 342 347 349 344 337 330 321 317 311 301 297 311 326 3 65 99 111 116 114 107
301 302 305 309 311 312 320 324 317 314 316 320 321 320 321 321 318 315 315 315 315 316 317 319 323 325 318 313 313 313 314 316 317 318 319 319 319 320 320 320 320 320 321 321 321 321 320 320 320 320 319 319 318 317 316 314 312 310 308 307 311 314 314 313 315 320 325 328 331 332 332 328 326 330 336 338 341 344 343 336 328 321 313 309 305 297 297 316 344 57 92 104 108 105 93 63
298 298 297 297 297 299 308 317 314 313 318 324 325 325 326 325 323 319 317 316 316 315 314 315 320 325 318 314 315 315 314 315 316 317 318 318 319 319 320 320 320 320 320 320 320 320 320 320 320 319 319 318 318 317 316 315 314 313 312 311 312 312 309 306 307 310 314 318 323 328 331 326 325 331 337 339 340 340 338 331 323 316 312 308 302 298 302 322 43 88 99 99 90 72 34 14
298 297 295 293 291 289 293 302 302 300 303 310 312 316 319 321 321 320 319 319 317 315 314 314 321 325 320 317 318 318 317 316 315 316 317 317 318 319 319 319 320 320 320 320 320 320 320 319 319 319 319 318 318 317 317 316 315 315 314 314 314 312 310 308 307 307 306 307 311 319 324 322 323 331 337 338 337 336 336 330 322 316 315 308 300 299 313 355 92 102 101 88 59 24 2 351
298 298 297 296 293 292 293 296 295 291 289 293 297 301 306 310 313 315 317 320 320 318 316 317 322 325 320 317 318 319 319 318 316 316 316 317 317 318 319 319 319 319 319 319 319 319 319 319 319 319 318 318 318 318 317 317 316 316 315 315 315 314 313 313 312 310 308 307 307 311 314 313 316 325 332 332 331 333 335 333 327 321 316 308 301 304 339 69 101 100 83 57 31 1 341 332
299 299 298 297 295 295 295 296 294 291 292 295 299 302 304 306 308 310 312 315 318 319 319 320 323 325 321 316 316 317 319 319 317 317 317 317 317 318 318 318 319 319 319 319 319 319 319 319 318 318 318 318 318 318 317 317 317 316 316 316 316 315 315 314 314 313 313 312 311 309 308 305 306 315 325 326 327 330 336 337 330 323 314 306 302 316 45 98 100 72 35 16 9 350 332 324
300 299 297 297 295 294 294 294 293 294 296 298 301 304 306 307 308 309 310 312 314 315 316 318 322 324 322 318 315 315 317 318 318 318 320 320 318 318 318 318 318 319 318 318 318 318 318 318 318 318 318 318 318 318 317 317 317 317 317 317 317 316 316 316 316 315 315 315 314 312 311 309 310 316 323 324 327 332 338 339 330 321 311 305 307 5 99 104 68 26 355 353 352 332 325 320
301 298 295 294 293 291 292 293 293 295 297 298 300 303 305 307 309 310 311 312 312 312 313 314 318 321 320 317 315 315 316 317 317 317 318 319 318 318 317 318 318 318 318 318 318 318 318 318 318 317 317 317 318 317 317 317 317 317 317 317 317 317 317 317 316 316 316 316 316 315 315 316 316 319 322 322 326 333 341 336 324 315 307 302 331 100 108 77 15 351 328 338 333 320 317 316
304 298 291 291 290 289 290 291 293 295 297 299 301 303 305 307 308 309 310 311 312 312 312 313 316 319 317 315 315 315 315 315 314 312 313 315 316 317 317 318 318 318 318 318 317 317 317 317 317 317 317 317 317 317 317 317 317 317 317 317 317 317 317 317 317 317 317 317 317 317 318 319 319 320 321 321 324 332 338 329 316 308 299 292 126 128 124 96 325 318 324 333 323 313 311 313
312 299 285 282 285 287 288 289 292 295 299 302 303 304 305 307 308 309 310 311 311 312 313 314 316 318 315 313 313 314 313 312 312 311 312 314 316 316 317 318 319 318 318 317 317 317 316 316 316 316 316 317 317 317 317 317 317 318 317 318 318 318 318 318 318 318 318 318 318 318 319 320 320 321 321 321 323 330 331 321 309 302 296 193 135 118 26 349 335 333 333 330 322 314 312 315
332 303 272 272 281 285 287 290 295 300 304 305 305 305 306 307 308 309 310 311 311 311 312 314 318 318 314 312 313 314 314 313 314 315 314 316 317 317 316 316 318 318 317 316 316 316 315 315 315 315 316 316 316 317 317 317 317 318 318 318 318 318 318 318 318 318 318 318 319 319 320 320 321 321 322 322 324 328 327 316 307 306 332 4 3 357 354 345 335 332 328 325 320 315 316 320
16 347 264 272 281 290 295 298 301 307 310 309 308 307 307 308 309 309 310 310 310 310 311 313 318 319 315 314 315 317 318 315 315 315 314 315 318 318 316 315 317 317 315 315 314 314 313 313 313 314 314 315 316 317 317 317 317 318 318 318 318 318 318 318 318 318 318 319 319 319 320 321 321 321 322 324 325 327 325 317 312 328 349 350 353 351 347 336 328 323 321 318 317 316 318 322
35 13 305 291 296 309 317 315 313 316 317 314 310 309 308 309 309 309 310 310 309 309 310 313 318 318 314 314 316 318 319 317 317 317 316 316 318 319 317 316 317 316 313 312 312 311 311 310 310 311 313 314 316 316 317 317 317 318 318 318 318 318 318 318 318 319 319 319 319 320 320 321 321 322 323 324 326 327 325 322 327 342 346 348 350 345 334 326 322 318 316 315 314 315 317 319
48 5 300 300 307 317 334 334 328 327 324 319 313 310 308 308 308 308 309 309 309 309 310 313 317 317 312 312 315 317 318 318 318 318 317 317 318 319 318 318 319 319 315 311 308 306 305 303 303 305 309 313 315 317 317 317 318 318 318 318 318 318 318 318 318 319 319 319 319 320 320 321 322 322 323 324 326 328 328 329 337 344 348 350 349 338 325 320 318 317 316 315 313 314 317 317
39 332 304 308 313 324 339 342 339 335 331 323 315 310 308 308 307 306 307 308 308 308 309 312 317 316 312 313 314 316 316 315 314 313 313 314 316 318 318 318 321 323 321 317 314 312 312 311 309 309 311 313 315 316 317 318 317 317 317 318 318 318 318 318 319 319 319 319 320 320 321 321 322 322 323 324 326 328 329 332 339 346 350 353 346 329 320 318 317 316 316 315 314 316 320 320
317 320 319 317 318 323 331 339 340 335 329 320 313 308 306 305 304 303 304 305 306 307 307 310 316 316 314 314 315 314 314 314 313 310 309 308 309 312 315 317 320 322 323 323 323 323 323 323 321 321 322 320 319 319 319 318 317 317 317 317 318 318 318 318 319 319 319 319 320 320 321 321 322 322 323 324 326 328 330 334 341 348 352 351 336 322 316 314 314 314 313 314 314 316 319 320
299 307 316 315 313 316 322 327 325 323 318 314 310 306 303 302 301 300 301 303 304 305 307 309 314 316 315 315 315 314 315 316 315 313 309 306 305 306 309 312 316 318 320 320 319 319 319 318 318 320 323 324 323 322 320 318 317 317 317 317 317 318 318 318 318 319 319 319 320 320 320 321 322 322 323 324 326 328 330 335 343 349 351 344 326 318 313 310 310 310 310 310 311 313 316 317
282 285 293 293 293 295 297 298 302 308 311 311 309 305 302 301 300 298 298 299 300 302 304 307 311 315 314 313 313 314 315 316 316 316 313 311 309 306 306 309 313 316 316 315 313 311 310 309 309 311 314 317 319 320 319 318 316 316 316 317 317 317 318 318 318 319 319 319 319 320 320 321 321 322 323 324 325 327 330 335 343 348 349 339 320 314 312 311 311 311 310 310 311 313 316 319
277 277 278 278 275 271 273 285 296 305 310 310 307 304 301 300 298 294 293 293 294 296 297 301 308 316 317 314 313 313 314 315 317 319 318 317 316 313 310 309 311 313 315 314 313 311 309 307 307 308 310 311 313 315 316 315 315 315 315 316 316 317 318 318 318 318 319 319 319 320 320 320 321 321 322 323 324 326 329 333 339 343 343 333 317 311 309 309 310 310 310 310 313 317 322 325
277 274 270 271 272 275 285 296 301 306 309 306 304 304 299 297 295 290 289 290 292 292 293 301 313 323 323 319 316 315 315 314 314 316 316 317 319 318 316 314 313 314 315 315 313 310 308 307 306 306 308 309 310 311 311 311 312 312 314 315 316 317 318 318 318 318 319 319 319 319 320 320 320 321 322 322 323 325 327 330 334 336 334 326 315 310 308 306 306 306 307 310 313 317 321 325
