windninja/windninja_output/Output_2025-08-09_1800-1850_Google earth_Fire_150m_10min/merlingen_7.5mi_point_08-09-2025_1850_150m_ang.asc
ncols	158
nrows	163
xllcorner	391686.332397
yllcorner	5160024.123721
cellsize	150.000000
NODATA_value	-32768.000000
[rows 42 to 83 of 163, columns 0 to 93 of 158]
222 222 222 222 223 224 224 225 225 225 225 225 226 226 226 226 226 226 227 227 227 226 226 227 227 226 226 227 227 230 233 233 232 229 223 220 222 224 224 222 222 223 222 222 220 217 218 220 221 224 231 231 223 220 227 231 229 228 233 236 234 229 228 228 227 229 230 229 227 223 221 223 223 214 216 220 207 194 198 211 219 220 224 228 229 226 221 219 222 225 229 232 236 239
223 223 223 223 224 224 224 225 226 225 225 225 226 226 226 227 227 227 227 227 227 227 227 227 227 227 227 227 228 230 233 233 231 226 221 217 220 222 221 222 225 227 227 226 223 221 223 226 228 232 236 233 225 221 227 231 231 231 233 237 237 235 233 230 229 228 226 224 221 215 213 216 216 211 213 214 204 196 200 211 218 221 226 230 229 224 221 223 226 228 230 231 236 241
225 225 224 225 225 225 225 225 226 226 226 226 226 226 227 227 227 227 227 227 227 227 227 227 228 228 228 228 228 230 232 232 230 225 221 219 223 226 226 227 229 230 232 231 226 224 227 230 231 232 232 229 223 221 225 229 230 231 233 236 236 236 236 234 234 232 228 224 218 212 212 215 215 214 214 213 204 199 205 214 220 223 227 230 228 224 223 227 230 232 233 234 242 245
226 226 225 225 225 226 226 226 226 226 226 226 226 226 227 227 227 227 227 227 227 227 227 228 228 228 228 229 229 229 230 230 229 226 223 224 229 232 232 231 230 233 235 232 225 224 229 232 232 231 230 228 226 224 227 231 231 233 234 235 234 234 233 233 236 235 231 226 219 217 220 222 222 221 220 216 206 201 208 215 219 224 230 233 229 225 226 229 231 234 235 239 246 246
227 227 226 226 226 227 227 227 226 226 226 226 226 226 227 227 227 227 228 228 228 227 227 228 228 229 229 229 229 230 230 231 230 227 226 227 231 233 233 232 233 236 236 231 225 227 231 233 233 231 230 229 227 228 231 232 233 235 236 234 231 231 231 232 234 234 232 228 222 222 227 228 228 227 223 217 208 203 209 217 223 229 235 235 231 228 228 229 230 233 236 241 245 243
228 228 227 227 227 229 229 228 227 227 227 226 226 226 227 227 227 228 228 228 228 228 228 229 229 229 229 229 230 230 230 231 231 230 229 230 232 234 234 235 236 237 236 229 226 230 235 236 233 229 229 228 227 229 229 230 233 235 237 234 229 232 234 235 237 236 233 229 225 224 228 229 231 229 224 219 212 209 215 225 232 236 237 234 231 229 229 230 231 233 236 240 241 238
230 229 228 227 228 231 231 229 228 227 227 227 227 227 227 228 228 228 228 228 228 228 229 229 230 230 229 230 230 230 231 231 231 231 231 231 233 235 236 238 239 239 236 230 228 233 236 235 231 227 226 228 230 232 231 231 234 235 234 230 227 234 238 239 241 239 234 230 227 227 229 230 230 228 225 220 216 216 221 229 234 235 234 231 228 227 228 228 229 231 234 237 237 235
231 230 228 228 229 232 232 230 228 228 228 227 227 227 228 228 228 228 228 228 228 229 229 229 229 230 229 230 230 230 231 231 231 231 231 231 233 235 236 237 240 241 238 232 233 238 238 234 230 226 224 227 231 231 230 232 235 236 233 227 227 234 239 242 242 239 234 230 228 228 229 229 229 227 224 220 217 217 221 227 230 231 230 228 226 225 225 225 227 229 232 234 235 234
233 231 228 227 229 231 231 230 228 228 228 227 227 227 227 228 228 228 228 228 228 229 229 229 229 229 229 230 230 231 231 231 231 232 232 232 233 235 235 236 238 240 238 235 238 242 239 234 231 228 227 231 232 229 228 232 235 235 231 228 230 236 242 245 243 238 233 230 229 230 230 230 229 226 223 220 218 217 221 226 229 230 229 227 226 225 224 225 228 230 231 232 234 234
236 233 228 227 229 230 229 230 228 227 227 227 227 227 227 228 228 228 228 229 228 229 229 229 230 230 229 230 230 231 231 231 232 232 232 233 235 236 236 236 237 240 239 237 241 243 238 232 232 232 232 234 234 232 232 236 237 234 230 229 232 237 245 248 243 236 232 229 229 230 231 230 228 225 224 222 220 219 221 225 228 230 231 230 228 227 228 229 231 232 231 232 234 234
239 235 229 229 232 231 229 230 229 226 226 227 227 227 228 228 229 228 228 229 229 229 229 230 230 230 230 230 231 231 231 232 232 232 233 234 235 236 237 236 237 241 241 239 240 241 236 229 228 228 226 228 230 232 237 242 239 234 231 231 233 238 246 248 241 233 229 226 227 229 229 227 225 224 225 224 222 222 224 227 227 229 233 234 234 234 233 233 233 233 231 232 232 232
238 235 229 229 231 230 228 230 230 228 226 227 228 228 228 229 229 229 229 229 229 230 230 230 230 230 230 231 231 231 231 232 232 233 233 234 235 236 237 237 238 241 241 239 238 238 232 225 226 225 224 226 229 232 239 243 237 231 230 232 235 240 247 247 238 229 225 223 225 227 226 223 222 223 225 225 224 225 230 230 228 229 231 231 234 237 237 235 233 233 232 231 229 228
235 234 231 228 231 229 227 229 231 230 229 228 229 228 228 229 229 229 229 229 230 230 230 230 230 230 231 231 231 231 232 232 232 233 233 234 235 236 237 237 239 242 242 240 239 238 231 225 227 227 225 229 233 236 242 241 232 228 229 232 235 240 246 245 234 225 219 217 221 223 221 221 222 225 226 226 224 227 231 230 228 229 229 227 228 232 235 235 233 231 231 231 228 227
234 234 233 232 234 234 230 230 231 231 230 229 230 230 229 229 229 229 229 229 230 230 230 230 230 231 231 231 231 232 232 232 233 233 234 234 235 235 236 238 241 245 245 243 241 239 234 229 229 227 226 232 234 238 244 239 228 226 229 233 235 239 243 241 232 222 216 215 219 221 220 222 225 227 226 225 224 227 230 228 226 227 227 226 225 226 227 228 230 232 234 233 231 231
235 235 234 233 235 238 236 233 232 233 231 230 230 231 230 230 230 230 230 230 230 230 230 231 231 231 231 231 232 232 232 233 233 233 234 234 235 235 236 238 240 243 244 242 241 240 237 234 232 227 227 234 236 240 244 237 225 226 231 234 237 240 241 239 231 222 217 217 221 224 223 224 226 225 225 223 224 227 228 225 225 227 227 226 225 225 223 223 225 230 237 240 237 235
236 236 235 232 232 233 234 233 233 234 231 228 229 231 231 231 231 230 231 231 231 231 231 231 231 231 231 232 232 232 233 233 233 234 234 234 235 236 236 237 238 240 241 241 241 241 242 241 237 230 229 237 240 244 245 234 223 226 232 235 238 240 241 239 231 222 217 218 221 223 223 224 225 224 223 221 222 225 224 223 223 225 227 227 228 229 228 225 224 227 233 237 235 236
237 236 235 233 232 231 232 232 232 234 231 227 228 231 232 233 232 231 231 231 231 231 232 232 231 231 232 232 232 233 233 233 233 234 234 235 235 236 236 237 238 238 239 240 241 243 245 247 246 238 234 240 243 246 244 233 224 230 236 238 239 239 240 238 231 223 216 214 216 220 222 224 224 224 222 221 222 224 222 220 220 223 226 227 230 231 231 230 228 228 234 236 234 239
237 236 235 235 234 233 233 232 233 236 234 229 229 230 232 232 233 233 232 231 231 231 232 232 231 231 232 232 233 233 233 233 234 234 234 235 235 236 236 237 237 238 239 239 241 242 244 246 248 247 243 245 247 246 243 234 229 236 241 241 240 240 239 237 232 224 216 210 213 220 223 223 224 224 221 221 223 223 221 220 221 223 225 225 226 228 229 230 231 235 241 242 240 242
237 236 236 235 235 235 235 235 236 236 234 230 228 229 229 230 232 233 233 232 231 231 232 232 231 232 232 233 233 233 233 234 234 234 235 235 235 236 236 237 237 238 238 239 240 241 242 243 246 249 251 253 251 248 243 235 234 242 244 243 242 241 240 238 233 226 218 210 215 224 225 224 225 224 221 221 224 223 222 222 223 225 226 225 225 227 228 231 236 243 245 242 240 238
237 237 237 236 236 235 236 237 236 235 233 229 228 229 228 229 230 231 233 233 233 233 233 232 232 233 233 233 234 234 234 234 234 235 235 235 236 236 236 237 237 238 238 239 239 240 241 242 244 247 253 259 259 253 245 239 242 247 247 246 244 242 241 239 234 228 219 212 219 226 225 225 226 225 222 222 224 223 222 222 223 226 228 228 228 229 232 235 242 246 243 239 236 231
239 239 239 238 236 236 236 236 236 235 234 231 230 230 229 229 229 230 231 233 234 234 233 233 233 233 234 234 234 234 234 234 235 235 235 235 236 236 237 237 237 238 238 239 239 240 241 242 244 246 250 257 261 257 248 244 249 250 249 247 245 243 241 238 234 229 219 215 222 226 225 226 227 225 222 223 224 223 222 222 224 225 228 230 231 234 240 245 247 245 239 237 234 230
242 242 241 240 239 237 236 236 235 235 235 233 232 231 230 230 230 229 229 231 233 234 234 233 233 233 234 234 234 234 235 235 235 235 236 236 236 236 237 237 237 238 238 239 239 240 241 242 243 245 248 253 258 256 248 246 250 251 249 246 243 240 239 238 238 233 224 222 225 225 225 227 228 224 221 222 222 222 220 220 223 224 227 230 232 237 246 250 250 244 236 235 232 230
244 244 243 242 241 240 240 239 237 236 236 235 232 230 230 231 230 229 229 229 231 232 234 234 233 234 235 235 235 235 235 235 235 236 236 236 236 237 237 237 238 238 238 239 240 240 241 242 243 245 247 252 257 256 251 248 249 249 248 246 242 238 238 242 245 240 231 228 227 225 225 227 228 224 220 220 220 218 216 217 221 223 226 230 233 242 247 248 245 237 232 232 230 230
243 242 241 241 240 240 240 240 240 239 238 237 234 231 231 232 232 230 229 229 230 230 232 234 234 235 236 235 235 235 235 235 236 236 236 236 237 237 237 238 238 238 239 239 240 240 241 242 243 244 247 251 256 258 256 255 252 248 246 246 241 235 238 242 241 236 231 227 226 226 226 228 229 224 220 218 218 216 213 217 221 225 228 231 237 246 248 243 236 229 229 229 229 230
238 237 238 239 240 240 237 236 237 238 238 237 234 232 231 232 233 232 231 230 229 228 229 232 233 235 236 235 235 236 236 236 236 236 237 237 237 237 238 238 238 238 239 239 240 240 241 242 243 244 246 249 253 257 260 264 261 253 248 245 237 229 234 237 235 232 229 226 227 227 228 230 230 224 219 216 216 214 213 217 222 225 228 229 237 243 243 237 230 227 226 226 228 229
227 229 231 233 236 238 233 232 234 237 238 236 233 231 231 232 233 233 233 232 229 227 228 229 230 234 237 238 238 238 237 237 237 237 237 237 237 238 238 238 238 239 239 239 240 241 241 242 243 244 245 247 250 254 259 265 269 264 256 248 237 231 237 239 236 232 229 227 228 229 229 231 231 224 219 217 215 212 211 215 219 223 227 230 238 244 241 232 229 227 224 225 227 229
213 222 226 226 227 228 223 223 231 236 236 233 231 230 229 230 232 233 233 234 232 230 229 229 228 229 234 239 241 241 239 238 238 238 238 238 238 238 238 238 239 239 239 240 240 241 241 242 243 244 245 246 248 251 254 259 265 267 263 255 247 244 248 247 241 235 231 229 228 229 229 232 233 227 221 219 216 211 210 216 221 227 233 236 248 250 240 229 227 225 224 225 228 229
214 225 232 229 229 227 220 217 225 229 226 222 222 222 222 223 228 232 234 234 234 234 233 231 228 227 232 238 241 242 242 240 239 239 238 238 238 238 239 239 239 239 240 240 240 241 241 242 243 244 245 246 247 249 251 253 256 259 260 258 255 257 259 256 249 242 237 233 230 228 229 233 234 228 221 221 218 214 212 220 228 235 239 244 256 253 237 227 226 224 223 224 226 228
231 240 251 252 248 241 230 224 229 231 226 221 220 220 220 221 224 228 231 233 234 235 236 236 230 227 232 236 237 239 241 242 241 240 239 239 239 239 239 239 239 240 240 240 241 241 242 242 243 243 244 245 246 247 249 250 252 253 254 255 255 259 263 264 261 257 251 244 238 232 231 235 234 226 221 222 221 217 216 224 234 239 243 251 258 250 232 226 224 223 222 222 224 225
239 244 255 261 262 257 251 248 249 246 238 234 233 230 228 226 226 227 228 229 232 235 237 237 230 226 230 233 233 234 237 239 242 242 241 240 240 239 239 240 240 240 240 241 241 241 242 242 243 243 244 245 246 246 247 248 249 250 251 251 252 255 258 261 263 265 264 260 253 245 240 240 236 226 222 223 224 220 220 229 238 243 249 258 256 240 226 224 223 224 223 223 223 221
244 247 252 256 258 258 257 260 262 256 249 248 247 244 240 236 234 232 230 228 229 232 234 234 229 225 231 234 233 233 233 235 239 241 242 242 241 240 240 240 240 240 241 241 241 242 242 242 243 243 244 245 245 246 246 247 248 248 249 249 250 251 252 254 256 259 262 264 263 262 260 254 244 232 228 229 229 225 223 230 240 247 255 259 250 230 221 222 225 225 223 225 226 225
248 250 254 255 256 257 257 259 260 256 251 249 247 245 244 242 240 238 236 233 231 231 231 231 228 226 232 235 235 234 233 233 236 238 240 241 241 241 241 241 241 241 241 241 242 242 242 243 243 244 244 244 245 245 246 246 247 247 248 248 248 249 250 251 251 253 254 257 260 266 270 268 257 244 238 237 235 231 225 231 242 252 259 255 239 224 220 222 226 225 222 224 227 231
252 254 258 259 260 260 259 259 257 255 252 249 246 244 243 241 240 240 240 238 237 235 234 233 230 228 231 235 236 236 234 234 235 236 236 238 240 241 242 241 241 241 241 242 242 242 243 243 243 244 244 245 245 245 246 246 246 247 247 247 248 248 249 249 249 250 250 252 254 258 261 263 261 254 246 243 239 232 227 233 247 255 256 246 230 222 221 223 226 225 224 221 221 231
254 256 261 264 266 265 264 262 258 255 253 251 248 246 244 242 241 240 240 239 239 239 238 237 234 231 233 236 237 236 236 235 235 237 237 237 239 241 242 242 241 241 242 242 242 243 243 243 244 244 244 245 245 245 246 246 246 246 247 247 247 247 248 248 248 248 249 250 251 252 252 253 255 256 254 249 240 231 228 238 252 255 249 236 225 220 222 224 227 229 232 226 224 238
255 257 262 267 271 273 271 267 263 259 255 253 250 248 246 244 242 241 240 239 239 239 239 238 236 234 236 239 238 237 237 237 238 239 240 240 241 242 242 242 242 242 242 242 243 243 243 244 244 244 245 245 245 245 245 246 246 246 246 246 247 247 247 247 247 248 248 249 249 249 249 249 250 253 255 254 245 233 231 246 256 253 243 233 227 226 228 229 232 238 242 242 246 249
257 258 261 267 275 279 279 275 270 264 259 254 251 249 247 245 244 242 241 240 239 239 239 238 235 234 238 242 242 240 239 238 239 239 240 240 240 242 243 242 242 242 242 243 243 244 244 244 245 245 245 245 245 246 246 246 246 246 246 246 246 246 247 247 247 247 247 248 248 248 248 248 249 250 252 254 252 241 241 254 255 247 238 234 233 237 240 238 238 241 242 242 246 247
260 259 256 263 277 285 286 282 276 269 261 254 251 249 247 246 245 243 242 241 240 240 240 238 234 233 238 242 243 241 239 238 238 238 239 238 238 240 242 244 243 242 243 243 244 244 245 245 245 246 246 246 246 246 246 246 246 246 246 246 246 246 246 246 247 247 247 247 247 247 247 247 247 248 249 251 252 249 253 257 252 239 232 232 230 231 234 234 236 237 238 239 243 243
258 255 249 252 267 283 288 285 278 272 261 253 250 248 247 245 244 244 242 241 241 241 241 239 234 233 238 240 240 239 238 239 238 238 239 239 237 238 241 243 244 244 244 245 245 245 246 246 247 247 247 247 247 246 246 246 246 246 246 246 246 246 246 246 246 246 247 247 247 247 246 246 247 247 247 248 249 252 257 256 246 232 226 226 224 224 227 233 238 240 241 241 242 241
251 247 241 244 252 260 268 265 263 261 252 248 247 247 246 245 244 244 243 242 242 242 242 240 235 235 239 239 239 238 238 240 239 238 238 238 237 236 238 241 242 243 246 247 247 247 248 248 250 250 250 249 248 247 247 246 246 246 246 246 246 246 246 246 246 246 246 247 246 246 246 246 246 246 246 246 247 249 253 251 237 226 223 222 221 225 234 241 244 244 244 243 243 240
248 248 248 250 256 255 240 228 234 236 236 239 243 245 246 246 245 244 243 243 243 243 242 240 236 238 242 242 240 238 239 240 240 238 237 236 236 236 237 238 237 239 243 247 249 251 252 252 254 257 256 253 250 248 247 247 246 246 247 246 246 246 246 246 246 246 246 246 246 246 246 246 246 246 246 246 245 245 245 239 225 220 222 222 224 233 245 248 246 244 243 243 242 239
259 259 258 261 262 251 236 227 225 226 227 234 241 243 245 245 245 245 245 245 245 244 243 241 237 239 243 243 241 240 241 243 244 244 242 239 237 237 238 238 235 234 237 240 243 246 247 247 250 253 255 255 253 250 248 247 247 247 247 247 247 247 247 247 247 246 246 246 246 246 246 246 246 246 245 245 244 243 241 233 216 213 220 225 232 245 250 249 247 245 243 241 240 237
258 256 254 256 253 244 237 231 229 229 230 235 241 244 245 245 245 247 247 247 247 246 245 243 239 240 242 242 241 241 242 243 244 246 247 246 243 241 240 239 237 235 235 235 236 237 237 238 241 242 242 245 248 248 247 247 247 247 247 247 247 247 247 247 247 247 247 246 246 246 246 246 246 246 246 245 244 243 241 234 213 207 217 226 242 254 255 251 248 247 245 243 241 238
