windninja/windninja_output/Output_2025-08-09_1800-1850_Google earth_Fire_150m_10min/merlingen_7.5mi_point_08-09-2025_1840_150m_ang.asc
ncols	158
nrows	163
xllcorner	391686.332397
yllcorner	5160024.123721
cellsize	150.000000
NODATA_value	-32768.000000
[rows 42 to 83 of 163, columns 0 to 94 of 158]
260 260 266 274 283 293 301 307 312 316 319 320 322 324 325 326 327 328 328 329 329 330 331 330 331 331 331 331 331 328 326 326 328 333 339 345 345 339 336 335 333 332 334 333 332 333 334 334 334 329 320 319 324 327 322 318 319 320 314 308 310 317 317 317 318 317 315 315 319 324 326 321 321 326 322 322 337 354 351 339 329 324 318 314 314 316 323 326 321 317 312 305 297 296 303
263 264 267 273 280 288 296 303 308 312 316 318 320 322 323 325 326 327 327 328 329 329 330 330 330 331 330 330 330 328 326 327 330 334 339 342 339 335 333 332 330 329 329 326 327 332 333 330 327 323 317 316 323 328 323 318 317 317 313 309 310 314 314 315 316 317 320 321 326 335 336 330 329 330 326 329 346 360 356 340 328 324 319 314 313 317 322 319 315 313 311 308 301 298 305
266 266 269 273 279 285 292 299 304 309 313 316 318 320 322 323 325 326 326 327 328 329 329 329 329 330 330 329 329 328 327 328 330 334 337 337 332 328 328 329 329 327 324 322 326 333 332 328 325 322 320 320 326 330 326 320 318 318 315 313 314 315 316 316 315 315 318 322 329 339 338 334 333 333 331 337 355 6 358 339 326 322 317 312 310 313 314 310 307 308 308 307 302 299 302
269 269 271 275 279 284 290 296 301 306 310 313 316 318 320 322 324 324 325 326 327 328 328 328 328 329 328 329 329 329 328 328 330 333 334 332 329 326 326 328 329 325 320 321 330 336 331 326 323 321 321 321 325 330 326 320 318 318 317 317 318 319 320 320 316 315 316 319 327 333 332 330 330 330 333 343 3 10 355 336 326 320 313 306 303 307 309 306 303 303 305 305 302 299 300
271 272 274 276 279 283 289 294 299 304 308 311 314 317 319 320 322 323 324 325 326 327 327 327 327 327 327 328 328 328 328 328 329 331 332 331 329 327 327 328 327 323 320 323 334 333 328 323 320 320 321 322 327 329 325 320 319 318 317 319 322 321 321 320 317 315 315 317 324 328 324 324 323 325 333 347 5 5 345 329 321 314 305 299 300 306 307 306 303 301 303 304 303 300 300
273 274 275 277 279 283 288 293 298 302 305 309 312 315 317 319 320 321 323 323 324 325 326 326 326 326 327 327 327 327 327 327 327 329 330 330 328 327 327 326 325 322 321 328 335 330 323 319 318 322 324 326 331 328 328 325 321 319 318 321 323 320 317 315 313 312 313 317 323 326 322 321 320 323 333 349 3 354 334 320 311 305 301 302 307 310 309 307 304 302 303 304 304 303 302
275 276 277 278 280 283 288 293 296 300 303 307 310 313 314 316 318 320 321 322 323 324 324 325 325 325 326 326 327 327 327 327 327 327 328 329 327 326 326 325 323 321 322 330 332 325 320 318 320 325 330 334 330 326 327 325 320 319 320 323 324 317 311 309 308 308 312 317 321 323 321 320 319 323 333 348 353 342 327 315 308 307 307 310 314 314 312 312 310 307 304 301 302 304 304
277 278 278 279 280 283 287 292 296 299 302 305 308 311 313 315 316 318 319 320 322 322 323 324 324 325 325 326 326 326 326 326 326 327 328 328 327 326 326 325 323 321 323 328 327 320 317 319 323 330 341 337 330 329 329 325 320 318 320 323 323 316 308 304 305 308 313 317 321 321 321 320 320 325 334 343 343 337 328 318 313 312 313 315 316 316 316 316 313 309 304 298 297 301 303
278 279 280 280 282 284 287 291 296 298 301 304 306 309 311 313 315 317 318 319 320 321 322 323 323 324 325 325 325 325 325 325 325 326 326 327 327 326 326 325 324 323 324 327 324 317 315 319 325 336 341 331 327 330 329 324 319 318 319 321 319 312 303 301 304 310 314 317 319 320 319 319 321 327 333 335 336 334 327 319 315 313 314 316 317 317 317 314 310 306 302 295 292 293 296
280 281 282 282 284 286 288 290 294 298 301 303 305 308 310 312 313 315 317 318 319 320 321 322 322 323 323 324 324 324 324 324 325 325 325 325 325 324 324 325 325 323 323 325 322 316 316 324 333 341 337 329 326 327 324 319 316 316 318 319 315 309 301 300 305 311 315 319 320 320 319 319 323 328 329 329 331 330 324 318 314 312 311 313 315 315 313 309 305 302 299 292 286 285 292
280 282 283 284 285 287 288 289 293 298 300 302 304 306 308 310 312 314 315 316 318 319 319 320 321 321 322 323 323 323 323 324 324 324 324 324 324 323 324 325 325 321 322 324 322 318 320 334 341 340 336 332 329 327 320 314 313 314 317 317 315 310 302 300 306 314 319 322 322 321 321 324 328 330 327 327 328 326 320 315 313 310 309 310 311 310 309 306 303 299 296 290 285 286 297
280 282 285 287 286 288 289 289 291 296 299 301 303 305 307 309 310 312 314 315 316 317 318 319 320 320 321 321 322 322 322 323 323 323 323 323 323 323 323 325 324 321 321 323 323 321 326 338 338 335 334 331 328 324 317 311 313 317 318 316 314 310 302 301 308 317 323 328 326 324 326 329 332 330 327 326 327 323 316 313 313 311 310 311 310 308 308 307 304 299 295 293 293 295 302
281 282 286 290 288 289 291 290 289 292 297 300 302 304 306 308 310 311 313 314 315 316 317 318 319 319 320 320 321 321 321 322 322 322 322 322 322 322 322 323 323 320 319 321 322 323 329 336 333 331 333 329 325 320 312 310 316 323 323 319 316 311 304 303 311 322 330 335 332 329 331 334 333 328 326 326 327 322 316 316 317 314 313 315 315 312 310 309 306 302 299 300 303 303 300
283 283 285 288 288 287 289 290 289 290 295 299 301 303 305 306 308 310 311 313 314 315 316 317 318 318 319 319 320 320 321 321 321 321 321 321 321 322 322 322 320 318 316 318 321 324 328 331 329 330 333 328 324 318 310 311 321 328 325 321 318 313 307 306 313 325 334 338 334 332 336 338 331 327 326 327 328 323 319 320 321 317 315 316 316 315 315 315 312 306 301 302 306 308 301
284 284 283 285 286 286 288 290 289 289 293 298 300 302 304 305 307 309 310 312 313 314 315 316 317 318 318 318 319 319 319 320 320 320 320 320 321 321 321 320 319 318 317 319 322 324 326 327 327 330 333 325 322 317 309 312 326 329 325 321 317 313 308 306 313 325 334 337 334 334 340 336 330 329 329 330 329 323 321 323 322 318 315 315 315 314 316 319 319 311 304 305 313 316 308
284 285 284 285 286 288 289 291 292 292 294 298 300 301 303 305 306 308 309 311 312 313 314 315 316 317 317 317 318 318 319 319 319 319 319 320 320 320 320 320 319 319 319 320 321 322 323 323 325 329 331 323 319 314 308 314 329 329 325 321 317 312 308 305 311 324 334 337 338 340 338 332 330 330 330 332 329 324 324 325 324 320 316 314 311 308 309 313 316 316 314 317 320 319 311
285 286 286 286 287 288 289 292 295 295 296 298 298 299 302 304 305 307 308 310 311 312 312 314 315 316 316 317 317 317 318 318 318 319 319 319 319 319 319 319 319 319 319 319 320 319 320 320 321 326 329 323 318 313 309 315 328 326 320 318 315 312 309 306 310 324 335 341 346 341 334 330 330 330 330 331 328 324 325 326 326 322 318 314 310 307 307 310 315 318 316 317 319 317 309
285 286 286 286 286 287 288 291 294 295 295 297 297 297 300 303 305 306 308 309 310 311 312 313 314 315 315 316 316 317 317 317 318 318 318 318 318 319 319 319 319 319 319 319 319 319 319 320 321 325 328 324 316 312 309 316 325 321 316 315 314 312 309 307 310 322 335 347 349 337 331 330 329 329 330 330 325 323 325 326 325 322 318 317 315 313 314 316 319 317 313 312 313 311 302
286 286 286 286 286 287 288 289 292 294 296 299 300 300 301 303 304 305 307 308 310 311 312 313 313 314 314 315 315 316 316 317 317 317 317 318 318 318 318 318 318 319 319 319 319 319 319 320 322 324 327 323 315 310 309 316 320 316 313 312 312 311 309 307 311 320 334 350 346 332 329 329 327 327 329 328 324 324 325 325 324 321 317 317 316 315 318 319 317 313 311 308 307 305 297
287 287 287 287 287 288 288 290 292 294 298 302 303 302 302 303 304 306 307 308 309 309 310 312 312 313 313 314 314 315 315 316 316 316 317 317 317 317 318 318 318 318 318 319 319 319 319 320 321 323 325 322 314 308 309 314 314 311 310 310 310 309 308 308 312 319 335 351 339 329 328 328 326 326 328 326 324 325 328 327 326 322 317 316 314 314 316 317 314 311 310 309 304 299 291
288 287 287 287 288 288 290 291 293 295 297 301 303 303 303 303 304 305 307 308 308 309 310 311 311 312 312 313 314 314 315 315 315 316 316 316 317 317 317 317 317 318 318 318 318 319 319 319 320 321 324 323 315 310 311 313 310 308 308 308 309 310 310 311 313 319 338 346 333 328 328 326 324 326 327 326 326 328 330 330 328 325 321 318 317 314 313 314 311 309 309 305 295 288 279
289 288 287 287 289 290 291 292 293 294 296 300 303 304 305 304 303 305 307 308 308 309 310 311 311 311 312 312 313 314 314 314 315 315 315 316 316 316 316 317 317 317 317 318 318 318 318 318 319 320 322 322 317 314 317 316 309 307 308 310 313 314 313 311 309 314 331 334 329 328 328 325 323 325 328 329 330 331 333 335 333 331 328 323 322 316 313 312 308 305 302 296 287 276 254
290 289 288 288 289 290 291 291 292 294 295 298 303 305 306 306 305 306 307 308 309 309 309 310 311 311 311 312 313 313 313 314 314 315 315 315 315 316 316 316 316 317 317 317 317 317 317 317 318 319 320 320 317 315 319 319 310 308 309 311 315 316 311 301 300 309 323 326 327 328 328 325 323 326 330 332 333 334 338 340 338 336 331 325 321 314 310 309 305 300 296 290 277 251 223
292 290 289 290 290 291 291 290 290 292 294 297 302 306 306 306 306 306 306 307 308 309 309 309 310 310 310 311 312 312 313 313 314 314 314 314 315 315 315 316 316 316 316 316 316 317 317 317 317 317 317 318 316 314 317 319 312 309 309 310 313 318 313 307 311 319 325 326 327 327 327 324 322 326 331 333 333 336 342 344 341 337 331 328 320 311 307 305 302 298 292 278 247 217 197
293 291 289 290 290 292 294 293 292 294 296 298 301 305 307 307 306 306 307 307 309 311 310 310 311 310 310 311 311 312 313 313 313 313 314 314 314 315 315 315 315 315 316 316 316 316 316 316 316 316 316 316 315 313 314 315 311 307 305 306 313 326 322 318 319 322 325 327 327 326 326 322 321 326 331 333 334 338 345 346 342 337 332 327 318 309 304 301 297 291 280 248 212 188 181
296 294 292 292 292 295 299 298 295 295 297 300 302 305 307 307 306 307 308 308 310 312 312 311 312 310 309 308 309 310 311 312 312 313 313 313 314 314 314 315 315 315 315 315 315 315 315 315 315 315 315 315 314 313 312 311 308 304 300 301 315 326 321 318 318 320 324 326 326 325 324 321 320 325 330 332 335 340 346 343 337 331 325 320 312 302 295 291 287 278 252 204 182 176 179
299 298 298 300 300 302 306 305 298 296 299 302 303 305 308 308 306 307 308 308 308 310 311 312 313 312 309 306 306 308 309 311 312 312 313 313 313 314 314 314 314 314 315 315 315 315 315 315 315 315 314 314 313 313 311 310 307 303 300 300 310 318 316 314 315 318 322 325 325 325 324 321 319 322 328 331 335 340 342 336 328 322 313 307 301 291 283 281 277 253 205 174 170 176 185
296 297 297 300 301 302 309 312 306 304 308 311 312 311 313 313 310 308 308 308 308 308 309 310 313 313 307 305 306 307 308 310 311 312 312 313 313 313 313 314 314 314 314 314 314 314 314 314 314 314 314 313 313 312 311 310 308 306 304 303 307 311 310 309 310 313 317 321 324 325 325 321 318 323 329 331 334 338 337 329 321 312 302 297 296 288 280 278 261 211 176 166 170 183 200
293 293 293 292 292 292 298 308 305 304 309 314 315 315 316 316 314 310 309 309 308 308 307 307 311 313 307 305 307 308 308 309 310 311 312 312 312 313 313 313 313 314 314 314 314 314 314 314 314 313 313 313 313 312 311 310 310 308 307 307 307 308 306 304 304 306 310 313 317 321 324 319 318 324 330 331 333 334 333 325 315 305 299 297 293 288 279 265 225 180 168 168 178 196 240
292 292 291 290 287 285 288 296 297 294 295 300 302 305 309 311 311 310 310 311 309 307 306 307 313 317 310 307 309 310 309 309 310 310 311 311 312 312 313 313 313 313 313 313 313 313 313 313 313 313 313 313 312 312 311 311 310 310 309 309 309 308 306 305 304 304 304 304 307 314 319 316 316 324 330 330 330 331 330 322 312 304 303 299 292 285 275 242 190 172 172 180 202 251 286
292 292 292 291 289 288 289 292 292 287 284 287 291 294 297 301 304 306 308 311 311 310 309 310 315 319 313 308 308 310 311 311 310 310 311 311 312 312 312 313 313 313 313 313 313 313 313 313 313 313 312 312 312 312 311 311 311 310 310 310 310 309 309 308 308 306 305 304 305 308 311 309 310 318 325 325 324 326 329 324 316 310 307 300 291 279 258 206 183 179 184 207 242 272 301
293 293 293 292 291 290 291 292 290 287 287 289 293 295 297 299 302 303 304 307 310 311 312 313 316 319 314 308 307 308 310 311 310 310 312 312 312 312 312 312 312 313 313 313 312 312 312 312 312 312 312 312 312 312 311 311 311 311 311 310 310 310 310 309 309 309 309 308 308 307 306 303 302 310 318 320 321 323 329 329 320 314 307 298 288 270 216 188 193 203 228 281 298 311 319
293 292 292 292 291 290 291 291 290 290 291 293 295 297 300 301 302 303 304 305 307 308 309 311 315 318 315 310 307 306 308 310 310 311 313 314 313 312 312 312 313 312 312 312 312 312 312 312 312 312 312 312 312 312 311 311 311 311 311 311 311 311 310 310 310 310 310 310 310 309 308 306 307 313 319 320 322 326 332 331 322 314 304 294 280 235 190 195 215 235 281 311 328 320 317
293 291 290 291 290 288 289 290 290 291 293 294 295 297 300 302 303 304 305 306 306 305 306 307 311 315 314 310 308 306 307 309 309 309 311 313 312 312 312 312 313 312 312 312 312 312 311 311 311 311 311 311 311 311 311 311 311 311 311 311 311 311 311 311 311 311 311 311 311 311 311 312 313 317 319 319 322 329 335 330 318 309 298 285 255 188 190 211 235 259 286 315 322 311 310
293 290 287 288 288 287 288 289 290 291 293 295 297 298 300 302 303 304 304 305 306 306 306 307 309 312 311 309 309 308 307 307 306 304 305 308 310 311 312 312 313 312 312 311 311 311 311 311 311 311 311 311 311 311 311 311 311 311 311 311 311 311 311 311 311 311 312 312 312 312 313 314 315 317 319 319 322 329 334 323 311 301 288 261 190 182 205 219 241 274 301 323 317 306 303
297 290 281 280 284 286 287 288 290 293 296 298 299 300 301 302 303 304 304 305 306 306 307 308 310 311 309 307 308 307 305 303 303 303 304 308 310 310 311 312 313 313 312 311 311 310 310 310 310 310 310 311 311 311 311 311 311 311 311 311 311 311 312 312 312 312 312 312 312 313 314 315 316 317 319 319 322 328 328 316 304 293 274 225 195 210 241 261 291 314 323 324 316 307 303
305 288 269 271 281 286 287 290 294 298 301 302 301 301 302 303 304 304 305 306 306 306 306 308 311 311 308 307 308 309 307 305 306 307 307 309 311 310 310 311 313 313 311 310 310 310 309 309 309 309 310 310 311 311 311 311 311 312 312 312 312 312 312 312 312 312 312 313 313 313 314 315 316 317 318 320 323 327 325 312 300 291 268 250 279 305 315 322 323 322 321 319 314 307 305
333 297 260 268 279 289 295 298 300 305 307 306 304 303 303 304 304 305 305 305 305 305 305 308 312 312 308 308 310 312 312 309 308 307 306 308 311 311 309 309 312 312 310 309 308 308 307 307 308 308 309 310 310 311 311 311 311 311 311 312 312 312 312 312 312 312 312 313 313 314 314 315 316 317 318 320 323 326 323 313 304 307 318 321 326 327 329 324 319 316 313 311 309 307 307
12 337 289 284 291 305 315 314 312 314 314 311 307 305 304 305 305 305 305 305 305 304 305 308 313 313 309 308 310 313 313 311 310 309 308 308 311 312 310 309 311 311 308 307 306 305 305 304 304 306 308 309 310 311 311 311 312 312 312 312 312 312 312 312 312 312 313 313 313 314 315 315 316 317 319 320 323 325 324 318 320 330 334 333 332 329 323 319 315 311 309 307 305 305 306
38 331 291 295 303 313 330 331 326 324 321 316 309 306 304 304 304 303 304 305 305 304 305 308 313 312 307 307 309 312 314 313 312 312 310 309 310 311 311 310 312 313 308 304 302 300 300 298 298 300 305 308 310 311 311 312 312 312 312 312 312 312 312 312 312 312 313 313 313 314 315 316 316 317 318 320 322 325 326 327 334 338 339 339 335 327 318 315 312 310 308 306 303 304 306
18 312 299 305 309 319 333 338 335 331 327 319 310 306 304 303 302 302 303 304 304 304 304 307 312 311 308 308 309 310 311 310 309 307 306 306 308 310 310 311 314 315 313 310 308 306 306 305 304 304 307 309 310 311 312 312 312 311 311 311 312 312 312 312 312 312 313 313 313 314 315 315 316 317 318 320 322 325 327 331 338 343 344 344 338 322 315 312 311 309 307 306 304 305 307
309 314 315 313 314 315 323 331 332 329 323 315 308 304 301 301 300 299 300 301 302 303 304 306 312 312 310 310 310 309 309 309 307 305 303 302 302 305 308 310 312 315 316 317 317 316 317 317 315 315 316 315 314 314 314 312 312 311 311 311 311 312 312 312 312 312 313 313 313 314 314 315 316 317 318 320 322 324 327 332 340 347 348 344 329 317 311 308 308 307 305 304 303 304 306
