windninja/windninja_output/Output_2025-08-09_1800-1850_Google earth_Fire_150m_10min/merlingen_7.5mi_point_08-09-2025_1800_150m_vel.asc
ncols	158
nrows	163
xllcorner	391686.332397
yllcorner	5160024.123721
cellsize	150.000000
NODATA_value	-32768.000000
[rows 0 to 37 of 163, columns 0 to 83 of 158]
1.32 1.30 1.29 1.29 1.32 1.35 1.29 1.22 1.25 1.28 1.23 1.09 0.90 0.88 1.00 1.08 1.11 1.12 1.23 1.45 1.51 1.44 1.44 1.49 1.55 1.57 1.49 1.46 1.55 1.57 1.53 1.51 1.49 1.46 1.50 1.59 1.54 1.48 1.52 1.51 1.52 1.59 1.60 1.62 1.73 1.79 1.84 1.91 2.10 2.32 2.45 2.54 2.62 2.61 2.49 2.32 2.19 2.14 2.18 2.25 2.24 2.19 2.15 2.14 2.16 2.14 2.16 2.21 2.27 2.31 2.29 2.22 2.13 2.08 2.13 2.16 2.06 1.94 1.96 2.03 1.99 1.84 1.77 1.77
1.26 1.29 1.30 1.28 1.30 1.28 1.17 1.13 1.20 1.23 1.18 1.04 0.87 0.86 1.02 1.16 1.25 1.30 1.48 1.64 1.58 1.51 1.52 1.56 1.59 1.57 1.52 1.52 1.56 1.53 1.50 1.51 1.52 1.53 1.59 1.67 1.63 1.66 1.72 1.69 1.70 1.76 1.79 1.89 2.01 2.06 2.14 2.21 2.28 2.32 2.34 2.36 2.36 2.28 2.19 2.16 2.18 2.23 2.27 2.26 2.20 2.18 2.20 2.22 2.21 2.18 2.20 2.25 2.31 2.33 2.29 2.21 2.16 2.19 2.23 2.18 2.04 2.04 2.15 2.13 1.96 1.82 1.82 1.79
1.24 1.31 1.33 1.28 1.29 1.19 1.07 1.12 1.24 1.31 1.25 1.07 0.95 1.00 1.18 1.44 1.61 1.70 1.83 1.82 1.67 1.61 1.61 1.61 1.62 1.60 1.57 1.57 1.55 1.49 1.49 1.54 1.58 1.66 1.78 1.84 1.87 1.94 1.96 1.95 2.01 2.06 2.13 2.30 2.40 2.47 2.55 2.59 2.52 2.39 2.33 2.28 2.15 2.04 2.05 2.15 2.28 2.35 2.36 2.32 2.28 2.30 2.32 2.32 2.27 2.25 2.26 2.31 2.38 2.36 2.25 2.19 2.25 2.32 2.31 2.19 2.12 2.25 2.33 2.18 1.94 1.87 1.91 1.83
1.27 1.33 1.32 1.28 1.28 1.19 1.19 1.36 1.52 1.53 1.37 1.14 1.05 1.13 1.36 1.71 1.85 1.87 1.86 1.75 1.64 1.62 1.63 1.65 1.72 1.75 1.73 1.70 1.67 1.64 1.64 1.66 1.72 1.86 1.96 2.00 2.00 1.99 2.03 2.14 2.26 2.34 2.47 2.62 2.68 2.72 2.73 2.66 2.58 2.56 2.52 2.38 2.25 2.23 2.26 2.30 2.32 2.32 2.32 2.34 2.38 2.37 2.33 2.29 2.27 2.27 2.30 2.36 2.42 2.33 2.20 2.21 2.26 2.24 2.18 2.14 2.21 2.32 2.28 2.10 1.97 1.99 2.02 1.97
1.27 1.30 1.28 1.26 1.28 1.27 1.39 1.58 1.63 1.48 1.23 1.09 1.09 1.24 1.56 1.84 1.87 1.81 1.71 1.61 1.59 1.65 1.70 1.74 1.86 1.91 1.93 1.95 1.94 1.94 1.95 1.98 2.07 2.14 2.13 2.08 2.06 2.13 2.30 2.44 2.54 2.65 2.80 2.87 2.85 2.79 2.68 2.58 2.54 2.51 2.38 2.26 2.22 2.24 2.25 2.25 2.27 2.28 2.30 2.33 2.34 2.30 2.27 2.27 2.29 2.30 2.32 2.37 2.40 2.26 2.14 2.16 2.20 2.19 2.12 2.07 2.11 2.19 2.18 2.03 1.89 1.92 2.08 2.15
1.22 1.23 1.23 1.25 1.31 1.37 1.49 1.57 1.45 1.20 1.05 1.05 1.11 1.31 1.66 1.80 1.76 1.65 1.51 1.48 1.55 1.66 1.72 1.76 1.87 1.92 1.92 1.93 1.99 2.07 2.14 2.26 2.38 2.38 2.30 2.26 2.37 2.55 2.69 2.73 2.75 2.80 2.83 2.76 2.66 2.55 2.45 2.40 2.36 2.26 2.15 2.11 2.10 2.11 2.15 2.21 2.27 2.31 2.34 2.36 2.34 2.30 2.29 2.31 2.32 2.31 2.31 2.40 2.43 2.27 2.14 2.16 2.26 2.28 2.21 2.19 2.22 2.24 2.10 1.86 1.76 1.91 2.12 2.22
1.16 1.17 1.18 1.24 1.33 1.40 1.46 1.41 1.23 1.07 1.04 1.08 1.16 1.35 1.63 1.71 1.66 1.57 1.51 1.54 1.61 1.72 1.74 1.73 1.79 1.79 1.76 1.83 1.95 2.03 2.15 2.32 2.42 2.42 2.45 2.59 2.75 2.82 2.80 2.72 2.67 2.63 2.54 2.40 2.29 2.25 2.22 2.20 2.14 2.06 2.02 2.04 2.08 2.11 2.15 2.21 2.27 2.33 2.38 2.43 2.47 2.48 2.44 2.40 2.36 2.33 2.35 2.46 2.47 2.35 2.34 2.46 2.54 2.45 2.37 2.41 2.44 2.38 2.09 1.83 1.94 2.21 2.31 2.29
1.13 1.14 1.16 1.19 1.24 1.29 1.29 1.19 1.07 1.05 1.10 1.18 1.27 1.41 1.61 1.69 1.63 1.60 1.62 1.64 1.73 1.84 1.81 1.74 1.73 1.72 1.77 1.88 1.91 1.91 2.07 2.24 2.25 2.25 2.40 2.60 2.65 2.59 2.49 2.40 2.34 2.27 2.19 2.12 2.09 2.10 2.08 2.04 1.99 1.92 1.91 2.02 2.10 2.11 2.17 2.27 2.35 2.43 2.51 2.60 2.64 2.58 2.51 2.46 2.42 2.38 2.43 2.53 2.51 2.42 2.48 2.64 2.64 2.50 2.41 2.38 2.36 2.24 1.96 1.88 2.16 2.42 2.48 2.47
1.09 1.11 1.12 1.14 1.15 1.15 1.12 1.05 1.04 1.09 1.16 1.25 1.33 1.45 1.63 1.68 1.63 1.65 1.67 1.69 1.81 1.89 1.87 1.84 1.83 1.84 1.90 1.92 1.85 1.85 2.03 2.14 2.09 2.13 2.26 2.31 2.22 2.12 2.06 2.01 1.96 1.94 1.94 1.97 2.02 2.02 1.96 1.92 1.90 1.86 1.92 2.01 2.00 2.03 2.23 2.41 2.51 2.58 2.62 2.56 2.41 2.26 2.24 2.28 2.28 2.37 2.53 2.62 2.56 2.43 2.41 2.41 2.32 2.25 2.24 2.22 2.20 2.02 1.83 1.93 2.30 2.52 2.64 2.79
1.04 1.05 1.08 1.10 1.10 1.09 1.07 1.06 1.10 1.16 1.22 1.28 1.32 1.41 1.56 1.62 1.64 1.69 1.73 1.81 1.90 1.93 1.95 1.94 1.93 1.94 1.93 1.89 1.83 1.88 2.06 2.07 2.00 2.06 2.14 2.09 1.95 1.86 1.81 1.78 1.79 1.84 1.89 1.92 1.93 1.89 1.84 1.84 1.82 1.79 1.83 1.90 1.89 2.04 2.28 2.42 2.43 2.40 2.26 2.04 1.89 1.88 1.86 1.83 2.00 2.32 2.54 2.58 2.42 2.24 2.19 2.19 2.14 2.10 2.08 2.03 1.97 1.91 2.04 2.42 2.74 2.86 2.86 2.91
1.00 1.02 1.05 1.06 1.06 1.08 1.10 1.13 1.16 1.20 1.24 1.28 1.31 1.36 1.48 1.60 1.66 1.74 1.81 1.90 1.98 2.02 2.04 2.01 1.98 1.99 1.92 1.85 1.84 1.91 1.99 1.93 1.86 1.93 1.98 1.90 1.79 1.73 1.74 1.79 1.84 1.88 1.89 1.83 1.78 1.76 1.72 1.70 1.63 1.55 1.61 1.71 1.77 1.95 2.06 2.06 1.92 1.75 1.58 1.45 1.47 1.51 1.44 1.53 1.91 2.22 2.32 2.22 1.95 1.89 2.06 2.21 2.21 2.13 2.01 1.88 1.88 2.07 2.44 2.96 3.21 3.19 3.07 3.00
0.97 0.99 1.01 1.02 1.04 1.07 1.12 1.16 1.18 1.21 1.25 1.28 1.30 1.34 1.45 1.61 1.71 1.78 1.84 1.90 1.97 1.99 1.99 1.95 1.92 1.85 1.69 1.66 1.71 1.75 1.76 1.72 1.73 1.81 1.81 1.71 1.65 1.67 1.76 1.80 1.80 1.82 1.79 1.70 1.68 1.66 1.52 1.38 1.26 1.20 1.28 1.35 1.35 1.47 1.54 1.52 1.40 1.25 1.11 1.05 1.12 1.18 1.21 1.48 1.86 1.98 1.95 1.76 1.58 1.86 2.22 2.30 2.28 2.26 2.26 2.37 2.60 2.87 3.15 3.37 3.39 3.37 3.41 3.56
0.94 0.95 0.97 0.99 1.02 1.06 1.11 1.14 1.16 1.19 1.23 1.27 1.28 1.30 1.40 1.61 1.75 1.80 1.84 1.90 1.93 1.91 1.85 1.77 1.64 1.45 1.37 1.45 1.54 1.58 1.62 1.67 1.72 1.74 1.66 1.57 1.61 1.70 1.75 1.73 1.73 1.77 1.70 1.60 1.56 1.45 1.21 1.00 0.94 1.01 1.07 1.05 1.04 1.16 1.30 1.29 1.19 1.03 0.85 0.85 1.02 1.16 1.29 1.53 1.72 1.74 1.66 1.58 1.73 2.10 2.25 2.25 2.37 2.54 2.82 3.18 3.43 3.62 3.73 3.66 3.53 3.54 3.70 3.99
0.89 0.91 0.93 0.96 1.01 1.06 1.09 1.10 1.14 1.18 1.22 1.26 1.26 1.27 1.37 1.58 1.74 1.78 1.81 1.85 1.84 1.76 1.65 1.50 1.34 1.26 1.30 1.42 1.51 1.54 1.58 1.63 1.67 1.63 1.54 1.59 1.70 1.73 1.69 1.62 1.60 1.51 1.29 1.17 1.13 1.03 0.88 0.82 0.89 1.00 1.00 0.95 0.93 1.07 1.27 1.25 1.11 0.91 0.74 0.86 1.16 1.36 1.55 1.70 1.68 1.63 1.59 1.76 2.01 2.10 2.12 2.27 2.57 2.83 3.01 3.07 3.19 3.35 3.31 3.25 3.39 3.58 3.71 3.75
0.86 0.88 0.90 0.93 0.97 1.01 1.04 1.08 1.13 1.17 1.21 1.26 1.28 1.31 1.41 1.61 1.78 1.78 1.75 1.75 1.67 1.55 1.44 1.33 1.26 1.28 1.36 1.45 1.49 1.47 1.51 1.60 1.62 1.59 1.61 1.70 1.69 1.59 1.45 1.27 1.15 0.95 0.81 0.84 0.87 0.83 0.81 0.91 1.06 1.12 1.10 1.06 1.04 1.20 1.39 1.35 1.19 0.98 0.92 1.21 1.65 1.89 2.09 2.05 1.82 1.78 1.88 2.08 2.20 2.07 2.13 2.50 2.79 2.80 2.64 2.62 2.76 2.69 2.45 2.61 3.08 3.31 3.26 3.07
0.82 0.84 0.87 0.90 0.94 0.97 1.01 1.06 1.11 1.16 1.21 1.26 1.31 1.36 1.48 1.71 1.83 1.78 1.70 1.66 1.57 1.46 1.38 1.32 1.33 1.40 1.44 1.45 1.45 1.49 1.64 1.76 1.72 1.64 1.57 1.45 1.30 1.17 1.00 0.88 0.82 0.73 0.79 0.99 1.02 1.00 1.06 1.07 1.09 1.25 1.47 1.54 1.66 1.92 1.99 1.89 1.68 1.47 1.45 1.75 2.18 2.43 2.46 2.24 2.10 2.25 2.36 2.41 2.48 2.28 2.26 2.55 2.63 2.41 2.32 2.49 2.48 2.22 2.26 2.78 3.07 2.85 2.57 2.32
0.79 0.80 0.83 0.86 0.90 0.94 1.00 1.04 1.10 1.15 1.21 1.25 1.31 1.38 1.51 1.70 1.76 1.70 1.65 1.60 1.54 1.45 1.38 1.38 1.44 1.49 1.46 1.46 1.52 1.64 1.76 1.72 1.50 1.29 1.10 0.99 0.96 0.91 0.86 0.87 0.92 1.03 1.26 1.37 1.31 1.29 1.34 1.29 1.30 1.59 1.89 2.04 2.19 2.27 2.18 2.03 1.96 1.91 1.96 2.30 2.58 2.63 2.48 2.23 2.24 2.46 2.59 2.70 2.75 2.54 2.37 2.38 2.36 2.30 2.39 2.40 2.23 2.30 2.77 3.08 2.76 2.24 2.00 1.71
0.75 0.76 0.79 0.83 0.88 0.93 0.98 1.04 1.10 1.15 1.20 1.24 1.30 1.37 1.47 1.60 1.64 1.60 1.55 1.51 1.45 1.38 1.34 1.38 1.44 1.42 1.38 1.42 1.51 1.58 1.54 1.33 1.06 0.90 0.89 0.98 1.06 1.09 1.14 1.22 1.32 1.40 1.45 1.41 1.36 1.39 1.48 1.61 1.84 2.05 2.15 2.16 2.15 2.07 1.96 1.96 2.09 2.25 2.42 2.62 2.73 2.68 2.46 2.30 2.41 2.64 2.82 2.86 2.68 2.49 2.51 2.48 2.52 2.53 2.35 2.25 2.33 2.62 2.81 2.44 1.85 1.63 1.47 1.20
0.71 0.72 0.76 0.80 0.85 0.90 0.96 1.02 1.09 1.14 1.18 1.23 1.29 1.35 1.43 1.51 1.54 1.49 1.41 1.35 1.30 1.29 1.31 1.34 1.34 1.32 1.33 1.36 1.38 1.35 1.22 1.02 0.91 0.94 1.07 1.19 1.25 1.28 1.29 1.36 1.41 1.40 1.40 1.39 1.40 1.50 1.70 1.90 2.03 2.10 2.09 2.02 1.93 1.91 1.99 2.15 2.30 2.40 2.52 2.65 2.70 2.60 2.40 2.40 2.60 2.78 2.86 2.70 2.50 2.63 2.86 2.85 2.81 2.61 2.21 2.08 2.09 2.05 1.88 1.47 1.28 1.28 1.15 1.05
0.66 0.68 0.72 0.77 0.82 0.88 0.94 1.01 1.06 1.11 1.15 1.22 1.28 1.33 1.38 1.42 1.43 1.38 1.32 1.29 1.28 1.30 1.33 1.33 1.34 1.35 1.34 1.32 1.29 1.23 1.11 0.97 0.94 0.99 1.09 1.20 1.29 1.34 1.40 1.51 1.54 1.53 1.55 1.55 1.61 1.81 2.00 2.00 1.92 1.92 1.93 1.90 1.90 2.01 2.23 2.38 2.42 2.43 2.48 2.51 2.46 2.31 2.26 2.40 2.57 2.69 2.70 2.65 2.86 3.21 3.24 3.00 2.81 2.60 2.37 2.13 1.77 1.48 1.39 1.33 1.35 1.41 1.38 1.37
0.63 0.65 0.69 0.74 0.79 0.86 0.92 0.98 1.04 1.08 1.14 1.21 1.26 1.30 1.34 1.36 1.37 1.36 1.35 1.34 1.35 1.36 1.36 1.37 1.38 1.36 1.33 1.30 1.27 1.22 1.12 1.04 1.04 1.15 1.33 1.49 1.62 1.73 1.77 1.76 1.70 1.64 1.62 1.67 1.84 2.00 1.99 1.87 1.83 1.91 1.95 1.98 2.06 2.19 2.28 2.29 2.32 2.38 2.40 2.34 2.22 2.22 2.37 2.50 2.63 2.79 2.90 3.09 3.43 3.48 3.11 2.70 2.48 2.44 2.41 2.22 1.98 1.82 1.76 1.75 1.81 1.83 1.70 1.61
0.60 0.61 0.65 0.70 0.77 0.83 0.90 0.96 1.02 1.07 1.13 1.19 1.24 1.27 1.31 1.34 1.36 1.38 1.38 1.38 1.37 1.38 1.39 1.38 1.37 1.34 1.32 1.29 1.26 1.21 1.16 1.16 1.28 1.54 1.77 1.89 1.96 1.93 1.83 1.74 1.66 1.64 1.69 1.80 1.90 1.90 1.86 1.88 1.96 2.04 2.11 2.17 2.23 2.23 2.18 2.16 2.21 2.29 2.29 2.23 2.19 2.36 2.59 2.66 2.83 3.13 3.35 3.58 3.58 3.12 2.56 2.28 2.21 2.29 2.27 2.19 2.24 2.28 2.27 2.27 2.19 1.95 1.76 1.76
0.55 0.57 0.61 0.67 0.75 0.81 0.88 0.94 1.00 1.07 1.13 1.18 1.23 1.26 1.29 1.33 1.36 1.39 1.40 1.39 1.40 1.40 1.40 1.39 1.37 1.35 1.32 1.29 1.26 1.26 1.27 1.35 1.55 1.75 1.81 1.81 1.78 1.68 1.59 1.57 1.60 1.67 1.76 1.81 1.85 1.95 2.08 2.11 2.12 2.14 2.20 2.23 2.21 2.19 2.21 2.25 2.30 2.33 2.23 2.17 2.25 2.51 2.74 2.94 3.37 3.75 3.84 3.72 3.24 2.59 2.20 2.08 2.18 2.39 2.43 2.38 2.34 2.40 2.55 2.58 2.42 2.16 2.03 1.96
0.51 0.53 0.58 0.65 0.72 0.79 0.85 0.91 0.99 1.06 1.12 1.17 1.21 1.25 1.29 1.33 1.36 1.39 1.40 1.41 1.42 1.42 1.41 1.39 1.37 1.34 1.28 1.23 1.22 1.26 1.31 1.43 1.58 1.63 1.59 1.56 1.48 1.42 1.47 1.55 1.64 1.72 1.77 1.84 2.07 2.31 2.28 2.16 2.10 2.12 2.19 2.19 2.19 2.27 2.34 2.34 2.37 2.33 2.19 2.19 2.33 2.56 2.92 3.49 3.97 3.95 3.63 3.13 2.46 2.03 1.90 1.95 2.27 2.65 2.70 2.43 2.22 2.31 2.46 2.46 2.41 2.37 2.31 2.15
0.47 0.49 0.55 0.62 0.69 0.76 0.83 0.90 0.98 1.06 1.11 1.15 1.19 1.25 1.29 1.33 1.36 1.38 1.40 1.40 1.41 1.42 1.40 1.39 1.37 1.31 1.21 1.13 1.17 1.26 1.32 1.40 1.47 1.49 1.49 1.47 1.42 1.43 1.53 1.63 1.72 1.80 1.90 2.17 2.48 2.40 2.14 2.03 2.03 2.07 2.14 2.20 2.31 2.42 2.43 2.42 2.40 2.27 2.10 2.10 2.28 2.74 3.46 3.99 3.85 3.22 2.63 2.06 1.63 1.47 1.56 1.98 2.67 2.92 2.55 2.09 1.94 2.12 2.26 2.27 2.37 2.53 2.57 2.47
0.43 0.45 0.51 0.59 0.66 0.74 0.81 0.89 0.98 1.05 1.09 1.13 1.19 1.25 1.28 1.32 1.36 1.38 1.39 1.39 1.40 1.40 1.40 1.39 1.37 1.29 1.18 1.16 1.26 1.32 1.31 1.36 1.46 1.52 1.55 1.52 1.48 1.53 1.66 1.74 1.81 1.92 2.13 2.43 2.44 2.11 1.95 2.00 2.08 2.17 2.21 2.23 2.29 2.35 2.43 2.49 2.40 2.14 1.94 1.98 2.46 3.47 4.21 4.10 3.43 2.75 2.15 1.63 1.36 1.35 1.74 2.56 3.06 2.79 2.30 2.00 1.94 2.10 2.23 2.33 2.56 2.73 2.78 2.82
0.38 0.41 0.48 0.56 0.64 0.72 0.80 0.89 0.98 1.03 1.07 1.13 1.19 1.23 1.27 1.31 1.34 1.36 1.37 1.38 1.40 1.42 1.43 1.42 1.38 1.30 1.26 1.31 1.39 1.38 1.33 1.36 1.42 1.46 1.50 1.51 1.54 1.70 1.86 1.92 1.97 2.10 2.32 2.44 2.28 2.09 2.12 2.19 2.29 2.36 2.32 2.28 2.32 2.44 2.65 2.62 2.27 1.98 2.01 2.37 3.26 4.23 4.23 3.47 2.78 2.33 1.91 1.59 1.50 1.79 2.55 3.13 3.00 2.52 2.20 2.10 2.14 2.26 2.36 2.48 2.64 2.65 2.66 2.89
0.34 0.38 0.45 0.54 0.62 0.70 0.79 0.89 0.96 1.01 1.06 1.12 1.18 1.22 1.26 1.30 1.33 1.34 1.37 1.40 1.44 1.46 1.47 1.44 1.41 1.36 1.39 1.49 1.56 1.51 1.42 1.41 1.43 1.42 1.41 1.42 1.55 1.82 2.01 2.06 2.10 2.30 2.48 2.50 2.43 2.40 2.46 2.47 2.49 2.50 2.49 2.58 2.70 2.86 2.93 2.61 2.24 2.24 2.66 3.27 3.99 4.25 3.52 2.54 2.01 1.75 1.58 1.53 1.75 2.37 3.06 3.14 2.74 2.37 2.09 2.04 2.21 2.46 2.59 2.56 2.52 2.45 2.51 2.77
0.30 0.34 0.42 0.51 0.61 0.69 0.79 0.88 0.94 0.99 1.05 1.11 1.17 1.22 1.26 1.30 1.33 1.35 1.39 1.44 1.47 1.47 1.46 1.44 1.44 1.47 1.58 1.74 1.80 1.73 1.64 1.62 1.59 1.55 1.56 1.65 1.82 2.04 2.30 2.39 2.47 2.70 2.73 2.69 2.67 2.61 2.61 2.63 2.69 2.79 2.87 2.96 3.06 3.13 2.98 2.58 2.49 2.74 3.19 3.75 4.14 3.85 2.98 2.19 1.79 1.60 1.51 1.63 2.16 2.89 3.28 3.10 2.69 2.27 1.93 1.86 2.04 2.36 2.43 2.41 2.40 2.37 2.46 2.59
0.26 0.30 0.39 0.49 0.59 0.68 0.78 0.86 0.92 0.98 1.05 1.11 1.17 1.22 1.27 1.30 1.34 1.37 1.40 1.44 1.45 1.45 1.46 1.47 1.50 1.58 1.74 1.87 1.89 1.89 1.92 1.92 1.84 1.89 2.15 2.36 2.41 2.54 2.77 2.88 3.03 3.14 3.05 2.98 2.87 2.76 2.78 2.92 3.19 3.38 3.37 3.34 3.32 3.21 2.97 2.71 2.66 2.83 3.21 3.72 3.79 3.10 2.33 1.86 1.58 1.49 1.58 1.90 2.53 3.14 3.23 2.82 2.37 2.06 1.89 1.95 2.18 2.24 2.17 2.24 2.31 2.27 2.28 2.26
0.23 0.27 0.37 0.48 0.58 0.68 0.77 0.84 0.91 0.98 1.04 1.11 1.17 1.22 1.26 1.31 1.34 1.37 1.40 1.43 1.46 1.47 1.50 1.53 1.56 1.64 1.74 1.76 1.71 1.66 1.69 1.84 2.07 2.45 2.81 2.86 2.80 2.90 3.11 3.20 3.26 3.22 3.09 3.01 2.90 2.83 2.94 3.20 3.39 3.30 3.21 3.23 3.12 2.93 2.73 2.50 2.40 2.62 3.11 3.48 3.15 2.26 1.65 1.34 1.30 1.47 1.68 1.99 2.57 3.02 2.76 2.07 1.76 1.87 2.12 2.38 2.43 2.32 2.30 2.38 2.36 2.21 2.13 2.11
0.21 0.26 0.35 0.46 0.57 0.68 0.76 0.83 0.91 0.98 1.04 1.10 1.16 1.22 1.26 1.30 1.32 1.35 1.40 1.45 1.48 1.50 1.53 1.56 1.62 1.70 1.74 1.72 1.60 1.49 1.53 1.86 2.31 2.71 2.84 2.74 2.77 3.05 3.24 3.13 2.97 2.75 2.57 2.54 2.53 2.60 2.80 2.96 2.78 2.42 2.37 2.44 2.38 2.37 2.26 2.15 2.24 2.56 2.99 3.20 2.69 1.88 1.39 1.22 1.40 1.69 1.86 2.09 2.60 2.82 2.25 1.74 1.84 2.20 2.42 2.51 2.46 2.46 2.55 2.62 2.53 2.29 2.13 2.12
0.20 0.24 0.34 0.45 0.57 0.67 0.74 0.83 0.91 0.98 1.04 1.10 1.17 1.22 1.26 1.29 1.32 1.36 1.41 1.45 1.47 1.51 1.55 1.60 1.67 1.73 1.77 1.77 1.75 1.85 2.11 2.40 2.56 2.60 2.51 2.43 2.64 2.98 2.92 2.56 2.36 2.22 2.15 2.18 2.19 2.25 2.44 2.43 2.10 1.94 1.95 1.96 1.99 2.04 1.98 2.08 2.40 2.70 2.94 2.91 2.28 1.64 1.46 1.52 1.78 1.99 2.14 2.42 2.78 2.74 2.29 2.27 2.62 2.69 2.58 2.53 2.59 2.67 2.74 2.73 2.50 2.21 2.10 2.09
0.21 0.24 0.33 0.45 0.57 0.65 0.73 0.82 0.90 0.97 1.03 1.11 1.17 1.21 1.25 1.29 1.33 1.39 1.43 1.45 1.49 1.53 1.58 1.65 1.71 1.74 1.76 1.76 1.85 2.10 2.37 2.51 2.47 2.43 2.45 2.47 2.67 2.80 2.53 2.20 2.10 2.03 1.99 1.98 1.92 1.99 2.09 1.92 1.73 1.79 1.84 1.83 1.83 1.79 1.78 1.99 2.37 2.69 2.80 2.65 2.20 1.79 1.77 1.93 2.13 2.23 2.32 2.52 2.76 2.90 2.92 3.03 3.01 2.76 2.60 2.64 2.75 2.90 3.01 2.86 2.50 2.21 2.13 2.16
0.23 0.26 0.35 0.46 0.57 0.65 0.73 0.81 0.90 0.97 1.04 1.10 1.15 1.20 1.25 1.29 1.34 1.39 1.42 1.46 1.51 1.55 1.60 1.66 1.70 1.73 1.74 1.74 1.81 1.95 2.14 2.25 2.30 2.49 2.70 2.76 2.72 2.58 2.30 2.10 1.97 1.81 1.69 1.62 1.61 1.73 1.73 1.58 1.60 1.71 1.72 1.70 1.67 1.60 1.64 1.89 2.23 2.42 2.45 2.41 2.27 2.06 2.04 2.17 2.28 2.30 2.36 2.53 2.91 3.31 3.27 3.04 2.76 2.51 2.46 2.52 2.62 2.78 2.80 2.61 2.48 2.46 2.40 2.33
0.26 0.29 0.37 0.48 0.58 0.66 0.74 0.82 0.90 0.98 1.03 1.09 1.15 1.20 1.24 1.29 1.34 1.38 1.41 1.47 1.52 1.56 1.60 1.63 1.65 1.68 1.71 1.74 1.74 1.81 2.05 2.26 2.48 2.76 2.85 2.71 2.51 2.27 2.00 1.77 1.58 1.44 1.41 1.45 1.56 1.68 1.63 1.63 1.76 1.81 1.77 1.75 1.75 1.76 1.91 2.13 2.25 2.21 2.16 2.19 2.13 2.01 2.06 2.19 2.31 2.39 2.54 2.86 3.38 3.44 2.81 2.39 2.22 2.12 2.21 2.33 2.34 2.24 2.02 1.93 2.13 2.35 2.38 2.25
0.31 0.33 0.41 0.51 0.60 0.66 0.74 0.82 0.90 0.97 1.03 1.09 1.14 1.19 1.24 1.29 1.33 1.37 1.42 1.48 1.52 1.55 1.58 1.61 1.64 1.67 1.70 1.70 1.72 1.95 2.33 2.55 2.71 2.73 2.53 2.23 2.08 1.88 1.59 1.34 1.23 1.28 1.44 1.57 1.72 1.83 1.81 1.85 1.90 1.84 1.87 1.96 2.03 2.15 2.33 2.40 2.34 2.25 2.18 2.20 2.20 2.07 2.06 2.17 2.30 2.49 2.81 3.26 3.48 2.91 2.03 1.70 1.71 1.96 2.26 2.29 2.15 1.95 1.79 1.83 1.87 1.88 1.98 2.00
0.38 0.40 0.46 0.54 0.61 0.68 0.76 0.83 0.90 0.97 1.03 1.08 1.14 1.19 1.24 1.29 1.34 1.38 1.43 1.47 1.51 1.54 1.58 1.62 1.67 1.70 1.72 1.75 1.94 2.38 2.63 2.63 2.55 2.35 2.13 1.87 1.61 1.38 1.25 1.23 1.29 1.44 1.62 1.78 1.91 1.98 1.99 2.05 1.99 1.95 2.10 2.25 2.32 2.38 2.46 2.51 2.50 2.45 2.43 2.49 2.48 2.30 2.21 2.20 2.23 2.44 2.88 3.27 3.03 2.24 1.71 1.72 2.12 2.49 2.41 2.15 2.15 2.24 2.20 2.10 1.93 1.83 1.87 2.00
