windninja/windninja_output/Output_2025-08-09_1800-1850_Google earth_Fire_150m_10min/merlingen_7.5mi_point_08-09-2025_1830_150m_vel.asc
ncols	158
nrows	163
xllcorner	391686.332397
yllcorner	5160024.123721
cellsize	150.000000
NODATA_value	-32768.000000
[rows 76 to 113 of 163, columns 0 to 83 of 158]
2.98 3.06 3.27 3.28 3.44 3.78 3.81 3.72 3.68 3.61 3.55 3.48 3.42 3.44 3.47 3.45 3.44 3.48 3.53 3.51 3.48 3.47 3.46 3.47 3.39 3.22 3.27 3.53 3.69 3.73 3.70 3.62 3.53 3.44 3.42 3.47 3.59 3.73 3.77 3.73 3.68 3.67 3.66 3.65 3.66 3.66 3.67 3.69 3.71 3.72 3.73 3.74 3.74 3.74 3.73 3.72 3.70 3.68 3.66 3.64 3.62 3.58 3.55 3.52 3.50 3.47 3.43 3.39 3.33 3.27 3.20 3.15 3.11 3.05 3.02 3.04 2.93 2.77 2.98 3.92 4.90 4.46 2.68 0.66
2.38 2.40 2.77 3.09 3.53 3.87 3.84 3.82 3.89 3.88 3.84 3.71 3.61 3.64 3.62 3.57 3.56 3.59 3.60 3.55 3.53 3.56 3.61 3.61 3.37 3.13 3.30 3.61 3.67 3.60 3.48 3.38 3.36 3.46 3.65 3.72 3.77 3.82 3.80 3.77 3.72 3.68 3.68 3.67 3.67 3.68 3.70 3.71 3.73 3.75 3.77 3.78 3.78 3.78 3.78 3.76 3.75 3.73 3.71 3.69 3.66 3.64 3.61 3.59 3.56 3.52 3.49 3.45 3.41 3.37 3.31 3.25 3.21 3.16 3.11 3.07 2.92 2.80 3.11 3.93 4.15 2.79 0.97 0.14
1.91 1.32 2.02 3.19 3.79 4.00 4.08 4.24 4.46 4.42 4.18 3.89 3.80 3.81 3.77 3.72 3.70 3.72 3.69 3.62 3.60 3.65 3.72 3.63 3.30 3.20 3.52 3.74 3.72 3.58 3.47 3.57 3.73 3.91 4.04 4.02 3.93 3.84 3.80 3.78 3.69 3.66 3.66 3.64 3.65 3.67 3.69 3.71 3.74 3.77 3.80 3.82 3.83 3.83 3.83 3.81 3.80 3.78 3.76 3.73 3.71 3.69 3.66 3.64 3.61 3.58 3.55 3.52 3.49 3.44 3.37 3.32 3.28 3.24 3.18 3.10 2.98 2.94 3.18 3.56 3.15 1.49 0.48 0.45
2.57 1.40 1.32 3.34 4.86 5.21 5.01 5.03 5.27 4.99 4.39 4.06 4.00 3.99 3.94 3.86 3.84 3.82 3.72 3.63 3.65 3.72 3.76 3.58 3.32 3.43 3.80 3.97 3.92 3.76 3.73 3.92 4.01 4.04 4.09 4.09 3.98 3.82 3.78 3.77 3.63 3.55 3.56 3.56 3.58 3.60 3.62 3.67 3.73 3.79 3.85 3.89 3.90 3.89 3.88 3.86 3.84 3.82 3.81 3.78 3.76 3.74 3.72 3.70 3.67 3.64 3.61 3.58 3.54 3.49 3.44 3.39 3.35 3.31 3.25 3.19 3.13 3.11 3.19 3.15 2.33 1.21 1.13 1.52
3.53 2.53 2.29 4.23 6.98 8.73 7.51 6.46 6.15 5.35 4.51 4.17 4.11 4.10 4.03 3.93 3.90 3.82 3.69 3.66 3.72 3.78 3.79 3.65 3.49 3.64 3.98 4.10 4.02 3.92 4.00 4.19 4.25 4.26 4.29 4.19 3.96 3.84 3.88 3.83 3.58 3.42 3.44 3.44 3.44 3.48 3.51 3.54 3.66 3.82 3.93 3.96 3.97 3.96 3.94 3.92 3.89 3.87 3.85 3.82 3.81 3.79 3.77 3.75 3.72 3.70 3.67 3.64 3.60 3.55 3.50 3.46 3.43 3.40 3.35 3.30 3.25 3.17 3.11 2.86 2.20 1.86 2.02 2.14
3.87 2.25 3.24 6.23 9.39 9.53 8.10 7.31 6.55 5.47 4.60 4.21 4.13 4.09 4.01 3.91 3.83 3.76 3.70 3.72 3.80 3.88 3.90 3.79 3.61 3.71 4.03 4.11 4.07 4.10 4.25 4.43 4.47 4.44 4.38 4.19 3.97 3.93 3.98 3.90 3.68 3.47 3.37 3.26 3.21 3.24 3.21 3.26 3.53 3.84 3.98 4.07 4.09 4.04 4.00 3.97 3.94 3.92 3.90 3.88 3.86 3.84 3.82 3.80 3.77 3.75 3.72 3.69 3.65 3.60 3.57 3.53 3.51 3.47 3.42 3.39 3.33 3.25 3.17 2.96 2.66 2.53 2.42 2.22
3.29 2.06 5.40 9.43 10.27 7.34 5.88 5.98 5.64 4.95 4.30 3.98 3.98 4.01 3.95 3.81 3.71 3.72 3.72 3.74 3.85 3.94 3.99 3.88 3.69 3.83 4.18 4.25 4.21 4.22 4.26 4.26 4.13 4.02 3.95 3.90 3.92 3.95 3.98 3.96 3.83 3.70 3.63 3.61 3.61 3.64 3.66 3.78 4.16 4.38 4.35 4.28 4.18 4.12 4.07 4.01 3.97 3.95 3.93 3.92 3.91 3.89 3.87 3.85 3.83 3.80 3.77 3.74 3.70 3.66 3.63 3.60 3.57 3.54 3.51 3.47 3.41 3.34 3.28 3.13 2.91 2.68 2.51 2.55
5.66 6.92 9.11 9.72 7.92 5.24 4.35 4.18 3.92 3.56 3.32 3.45 3.67 3.72 3.71 3.58 3.55 3.67 3.70 3.76 3.94 4.03 4.07 3.98 3.91 4.18 4.47 4.46 4.31 4.22 4.16 4.04 3.87 3.73 3.63 3.60 3.66 3.77 3.91 3.89 3.78 3.85 4.11 4.42 4.65 4.83 4.99 5.20 5.43 5.41 5.11 4.74 4.50 4.33 4.14 4.04 4.00 3.99 3.98 3.97 3.95 3.94 3.92 3.90 3.88 3.85 3.82 3.79 3.75 3.72 3.70 3.67 3.64 3.61 3.58 3.54 3.49 3.44 3.36 3.20 2.92 2.73 2.78 3.39
8.07 8.12 7.74 6.20 4.73 3.89 3.09 2.45 2.19 2.29 2.72 3.19 3.37 3.47 3.52 3.45 3.50 3.67 3.76 3.88 4.05 4.13 4.15 4.19 4.30 4.48 4.57 4.44 4.27 4.26 4.21 4.04 3.86 3.67 3.55 3.54 3.61 3.69 3.73 3.69 3.76 3.96 4.22 4.42 4.57 4.70 4.85 5.09 5.23 5.10 4.89 4.78 4.62 4.32 4.08 4.02 4.02 4.02 4.02 4.01 4.00 3.99 3.97 3.95 3.93 3.89 3.86 3.84 3.81 3.78 3.75 3.72 3.69 3.67 3.65 3.62 3.58 3.53 3.47 3.35 3.19 3.17 3.38 4.21
9.42 7.26 4.69 3.94 3.28 2.52 1.62 1.34 1.70 2.29 2.92 3.18 3.23 3.38 3.48 3.49 3.49 3.68 3.83 3.94 4.07 4.11 4.24 4.50 4.61 4.47 4.34 4.22 4.23 4.31 4.17 4.00 3.88 3.74 3.74 3.82 3.82 3.78 3.74 3.80 3.95 4.07 4.11 4.10 4.11 4.17 4.32 4.51 4.53 4.33 4.14 4.05 3.94 3.88 3.90 3.96 4.01 4.03 4.05 4.05 4.05 4.04 4.03 4.00 3.97 3.94 3.91 3.88 3.86 3.83 3.80 3.77 3.75 3.74 3.72 3.69 3.67 3.65 3.63 3.62 3.65 3.83 4.23 5.17
9.73 7.06 4.15 3.53 2.81 2.00 1.30 1.55 2.36 3.00 3.23 3.11 3.18 3.30 3.44 3.43 3.35 3.56 3.75 3.88 3.98 4.03 4.34 4.82 4.91 4.56 4.35 4.34 4.39 4.28 4.04 3.99 4.01 4.09 4.30 4.37 4.21 4.08 4.05 4.09 4.13 4.11 4.07 4.04 4.06 4.17 4.34 4.42 4.34 4.14 3.88 3.67 3.60 3.64 3.75 3.89 4.00 4.04 4.08 4.10 4.11 4.10 4.08 4.05 4.02 3.98 3.95 3.93 3.90 3.87 3.84 3.82 3.81 3.79 3.77 3.76 3.76 3.78 3.82 3.89 4.06 4.45 5.17 6.29
8.33 6.18 4.11 3.54 2.85 2.32 2.12 2.66 3.39 3.53 3.09 2.95 3.21 3.21 3.30 3.27 3.16 3.43 3.75 4.03 4.09 4.19 4.97 5.97 5.90 5.16 4.74 4.67 4.51 4.22 4.01 4.01 4.06 4.18 4.38 4.44 4.42 4.48 4.53 4.50 4.40 4.25 4.10 4.03 4.08 4.18 4.33 4.35 4.25 4.02 3.75 3.63 3.58 3.56 3.64 3.79 3.92 4.03 4.12 4.17 4.19 4.19 4.15 4.10 4.06 4.03 4.00 3.97 3.94 3.91 3.89 3.87 3.86 3.84 3.84 3.84 3.86 3.89 3.94 4.04 4.25 4.71 5.43 6.41
6.28 5.61 4.67 4.21 3.65 3.40 3.53 3.66 3.59 3.24 2.93 3.24 3.51 3.33 3.35 3.23 3.02 3.41 4.00 4.56 4.76 5.34 7.33 8.28 7.06 5.47 4.81 4.61 4.36 4.16 4.07 4.06 4.07 4.07 4.07 4.11 4.19 4.31 4.44 4.53 4.53 4.41 4.24 4.18 4.22 4.31 4.38 4.36 4.27 4.11 3.92 3.77 3.67 3.71 3.81 3.85 3.93 4.05 4.15 4.26 4.32 4.28 4.21 4.15 4.10 4.06 4.03 4.00 3.98 3.95 3.93 3.91 3.90 3.89 3.89 3.90 3.92 3.95 4.00 4.10 4.29 4.59 5.04 5.81
5.84 6.03 5.75 4.89 4.29 4.01 3.94 3.70 3.20 3.13 3.70 4.03 3.82 3.43 3.14 2.85 2.95 3.64 4.66 5.71 6.54 8.52 10.07 8.90 6.26 4.84 4.41 4.28 4.15 4.08 4.06 4.09 4.13 4.07 4.03 4.09 4.06 3.96 3.99 4.12 4.20 4.22 4.22 4.21 4.25 4.31 4.34 4.36 4.36 4.30 4.22 4.16 4.20 4.29 4.26 4.13 4.01 3.97 4.24 4.54 4.55 4.39 4.27 4.19 4.13 4.09 4.06 4.03 4.01 3.98 3.97 3.95 3.93 3.93 3.93 3.94 3.95 3.98 4.03 4.13 4.29 4.46 4.64 4.99
6.48 6.27 5.44 4.48 4.17 4.00 3.87 3.69 3.47 4.04 4.87 4.62 3.85 3.30 2.85 2.65 3.20 4.11 5.65 7.81 10.09 11.46 10.19 6.99 4.86 4.14 4.02 4.03 3.97 3.95 3.99 4.06 4.09 4.06 4.10 4.21 4.12 4.02 4.06 4.14 4.17 4.10 4.02 4.02 4.10 4.15 4.19 4.33 4.42 4.41 4.44 4.55 4.71 4.74 4.49 4.13 3.92 4.14 4.92 5.21 4.85 4.49 4.31 4.20 4.14 4.11 4.08 4.05 4.04 4.02 4.00 3.98 3.96 3.96 3.96 3.96 3.97 4.00 4.06 4.14 4.26 4.35 4.42 4.60
6.78 6.12 5.25 5.04 5.18 4.95 4.72 4.72 4.73 5.23 5.66 4.96 4.02 3.59 3.49 3.58 3.99 4.63 6.42 10.22 12.49 11.35 7.53 5.11 3.99 3.57 3.56 3.66 3.71 3.80 3.90 3.97 4.01 4.04 4.17 4.31 4.28 4.29 4.34 4.34 4.29 4.12 3.99 3.97 4.01 4.02 4.07 4.22 4.36 4.51 4.65 4.77 4.87 4.81 4.49 4.27 4.61 5.46 6.12 5.80 4.99 4.49 4.29 4.19 4.15 4.12 4.10 4.08 4.06 4.04 4.02 4.00 3.99 3.98 3.98 3.98 3.99 4.03 4.07 4.13 4.21 4.27 4.41 4.62
7.28 6.86 6.64 7.01 7.38 7.61 8.09 8.45 8.05 7.46 6.65 5.55 4.56 4.18 4.06 4.34 5.01 6.07 9.00 12.43 12.09 7.68 4.67 3.50 3.01 2.86 3.05 3.30 3.48 3.64 3.74 3.87 4.03 4.17 4.32 4.41 4.40 4.41 4.41 4.34 4.19 4.03 3.98 3.99 3.95 3.85 3.84 3.97 4.21 4.50 4.72 4.91 4.97 4.79 4.58 4.94 5.84 6.36 6.10 5.30 4.64 4.34 4.21 4.16 4.13 4.12 4.11 4.10 4.08 4.06 4.03 4.01 4.00 4.00 3.99 3.99 4.00 4.02 4.06 4.10 4.14 4.21 4.33 4.49
8.34 8.05 7.94 8.35 9.10 9.86 10.47 10.81 10.47 9.54 8.92 8.50 8.00 8.04 7.81 7.74 8.71 10.50 12.41 12.03 8.67 4.20 2.86 2.39 2.29 2.40 2.81 3.15 3.35 3.49 3.58 3.81 4.14 4.37 4.46 4.44 4.41 4.40 4.42 4.36 4.14 3.98 3.99 4.01 3.84 3.67 3.69 3.89 4.28 4.62 5.04 5.44 5.25 4.81 4.68 5.07 5.59 5.38 4.76 4.27 4.03 4.00 4.04 4.09 4.10 4.12 4.12 4.12 4.09 4.06 4.04 4.03 4.02 4.01 4.00 4.00 4.00 4.01 4.03 4.05 4.08 4.13 4.18 4.24
9.67 9.03 8.38 8.69 9.44 9.54 9.06 8.65 8.48 9.15 9.70 10.07 10.46 10.67 10.70 10.56 10.88 11.52 11.02 7.41 4.02 2.54 1.87 1.70 1.80 2.22 2.75 3.03 3.20 3.24 3.36 3.89 4.51 4.68 4.51 4.39 4.41 4.46 4.53 4.50 4.33 4.20 4.28 4.32 4.04 3.91 3.98 4.21 4.69 5.22 6.12 6.47 5.45 4.77 4.67 4.77 4.86 4.59 4.20 3.95 3.83 3.77 3.87 4.01 4.08 4.12 4.14 4.11 4.07 4.06 4.06 4.06 4.04 4.02 4.00 3.99 4.00 4.00 4.01 4.02 4.03 4.05 4.06 4.08
10.81 9.73 8.55 8.79 9.07 8.22 6.80 5.86 5.94 7.02 7.56 7.14 6.55 5.34 5.65 6.27 7.04 6.77 6.71 3.76 1.57 0.73 0.59 0.76 1.35 2.14 2.66 2.91 3.05 3.16 3.68 4.60 5.10 4.83 4.39 4.31 4.46 4.60 4.66 4.63 4.51 4.46 4.63 4.77 4.77 4.85 4.98 5.28 5.87 6.79 7.49 6.77 5.19 4.56 4.56 4.64 4.72 4.60 4.29 4.06 3.93 3.76 3.82 3.99 4.08 4.13 4.12 4.08 4.07 4.09 4.10 4.08 4.04 4.01 3.99 3.99 3.99 3.99 3.99 3.99 3.98 3.98 3.97 3.94
11.72 10.69 9.35 9.00 8.49 6.93 5.49 4.65 4.36 4.41 4.36 3.96 2.76 2.22 2.47 3.29 3.72 4.69 4.70 1.58 0.93 1.22 0.86 0.75 1.56 2.26 2.66 2.89 3.12 3.62 4.55 5.11 4.98 4.50 4.17 4.30 4.57 4.72 4.75 4.73 4.64 4.61 4.74 5.02 5.35 5.68 6.15 6.79 7.48 7.77 7.04 5.50 4.45 4.23 4.42 4.58 4.57 4.45 4.21 4.07 3.95 3.78 3.85 4.02 4.09 4.13 4.10 4.09 4.13 4.15 4.12 4.06 4.01 3.99 3.99 3.99 3.99 3.98 3.97 3.95 3.94 3.92 3.89 3.84
13.18 11.98 9.94 8.41 7.05 5.66 4.65 3.97 3.56 3.27 3.04 2.28 1.51 1.78 2.29 3.02 3.68 4.34 3.73 2.24 2.33 2.08 1.94 2.13 2.48 2.73 2.83 2.95 3.31 3.92 4.52 4.54 4.33 4.18 4.09 4.28 4.61 4.83 4.89 4.89 4.89 4.83 4.80 5.10 5.48 5.71 6.18 6.77 6.93 6.19 4.91 4.22 4.02 4.03 4.28 4.41 4.34 4.23 4.10 4.02 3.87 3.77 3.90 4.06 4.14 4.14 4.13 4.16 4.18 4.15 4.08 4.02 3.99 3.99 3.99 3.99 3.98 3.96 3.95 3.93 3.91 3.88 3.84 3.78
14.86 12.84 9.32 7.02 5.79 5.11 4.23 3.61 3.25 2.84 2.43 1.97 1.41 1.34 2.06 2.95 3.63 3.49 2.73 2.83 2.69 2.17 3.06 3.99 3.84 3.13 2.78 2.91 3.26 3.70 4.09 4.17 4.20 4.24 4.17 4.33 4.73 5.05 5.13 5.14 5.15 5.02 4.94 5.12 5.29 5.35 5.64 5.90 5.53 4.77 4.18 4.06 4.04 4.04 4.21 4.34 4.37 4.33 4.20 4.03 3.82 3.78 3.95 4.10 4.15 4.16 4.18 4.20 4.17 4.10 4.04 4.00 3.99 3.99 3.99 3.98 3.96 3.95 3.94 3.91 3.88 3.85 3.80 3.74
15.58 12.46 8.34 6.42 5.38 4.75 3.97 3.59 3.25 2.72 2.44 2.17 1.71 1.60 2.12 2.91 3.37 3.15 2.88 2.81 2.47 3.46 5.54 5.49 3.73 2.35 2.24 2.66 3.03 3.48 3.96 4.20 4.34 4.43 4.46 4.70 5.11 5.41 5.48 5.44 5.36 5.25 5.19 5.21 5.36 5.60 5.78 5.70 5.28 4.79 4.56 4.44 4.34 4.34 4.40 4.50 4.50 4.43 4.31 4.13 3.99 4.00 4.13 4.18 4.18 4.19 4.22 4.20 4.12 4.06 4.01 3.98 3.99 3.99 3.98 3.97 3.96 3.95 3.93 3.90 3.87 3.83 3.78 3.72
13.50 11.03 7.86 6.39 5.22 4.44 3.92 3.61 3.34 2.94 2.73 2.45 2.09 2.10 2.44 3.05 3.36 2.72 2.22 2.13 3.43 5.95 6.28 3.43 1.08 1.08 1.90 2.50 2.88 3.39 3.93 4.31 4.54 4.75 4.93 5.18 5.46 5.69 5.89 5.83 5.62 5.55 5.46 5.40 5.61 5.83 5.81 5.64 5.36 5.07 4.94 4.81 4.69 4.74 4.80 4.78 4.59 4.54 4.52 4.37 4.30 4.32 4.35 4.37 4.39 4.33 4.30 4.23 4.08 4.02 4.00 3.98 3.97 3.97 3.96 3.96 3.95 3.94 3.92 3.89 3.86 3.82 3.77 3.70
10.84 9.31 7.36 6.14 4.89 4.19 3.93 3.64 3.24 2.92 2.76 2.45 2.12 2.20 2.45 2.79 2.97 2.41 1.78 3.38 5.92 6.53 4.22 2.01 1.53 1.50 2.08 2.57 2.87 3.35 4.04 4.62 4.94 5.26 5.45 5.54 5.66 5.94 6.34 6.26 5.92 5.80 5.68 5.58 5.60 5.61 5.65 5.63 5.47 5.36 5.25 5.07 4.92 4.89 4.94 4.86 4.74 4.87 4.80 4.52 4.40 4.39 4.45 4.60 4.66 4.57 4.46 4.23 3.97 3.89 3.89 3.92 3.94 3.96 3.95 3.95 3.94 3.93 3.92 3.89 3.86 3.82 3.77 3.71
8.81 7.88 6.49 5.51 4.57 3.98 3.77 3.57 3.21 2.86 2.67 2.40 1.96 1.78 2.02 2.80 3.46 3.42 3.47 5.03 6.18 4.20 2.57 2.38 2.12 2.10 2.40 2.78 3.06 3.56 4.39 5.10 5.50 5.83 5.97 5.93 6.02 6.43 6.78 6.56 6.07 5.88 5.85 5.77 5.75 5.93 6.14 6.08 5.85 5.62 5.35 5.20 5.14 5.09 5.10 5.01 5.05 5.10 4.93 4.78 4.67 4.63 4.69 4.76 4.78 4.67 4.43 4.08 3.73 3.63 3.80 3.95 3.96 3.92 3.91 3.91 3.93 3.93 3.92 3.90 3.87 3.83 3.78 3.71
7.26 6.64 5.56 4.83 4.26 3.80 3.57 3.40 3.19 2.89 2.63 2.46 2.04 1.94 2.51 3.30 4.01 3.90 3.95 4.89 4.50 3.10 2.86 2.69 2.51 2.57 2.83 3.06 3.36 4.04 4.87 5.52 6.04 6.35 6.48 6.48 6.56 6.85 6.97 6.74 6.21 5.96 6.01 6.02 6.08 6.23 6.32 6.17 5.83 5.53 5.35 5.36 5.40 5.44 5.53 5.43 5.28 5.14 5.08 5.12 5.09 5.03 4.93 4.89 4.90 4.68 4.30 3.92 3.61 3.58 3.89 4.04 3.89 3.82 3.83 3.86 3.91 3.93 3.93 3.91 3.88 3.85 3.80 3.73
6.06 5.58 4.75 4.26 3.92 3.62 3.42 3.16 3.10 3.02 2.77 2.64 2.46 2.54 2.86 3.29 3.90 3.78 3.53 3.67 3.54 3.36 3.13 2.89 2.71 2.88 3.30 3.52 3.83 4.71 5.32 5.80 6.50 6.81 6.91 7.09 7.15 7.14 7.16 7.03 6.61 6.30 6.28 6.33 6.29 6.19 6.16 6.01 5.66 5.50 5.58 5.65 5.66 5.64 5.61 5.50 5.37 5.26 5.24 5.21 5.09 4.90 4.82 4.96 4.95 4.68 4.34 4.00 3.76 3.79 4.01 3.97 3.74 3.59 3.59 3.76 3.91 3.97 3.94 3.92 3.92 3.89 3.83 3.75
5.00 4.60 3.97 3.66 3.55 3.42 3.24 2.95 2.96 3.16 3.02 2.88 2.92 2.92 2.97 3.21 3.59 3.61 3.36 3.35 3.27 3.23 3.29 3.00 2.81 3.09 3.71 3.99 4.41 5.32 5.73 6.28 6.88 7.06 7.36 7.94 8.13 7.85 7.76 7.61 7.23 6.71 6.57 6.67 6.53 6.36 6.31 6.15 5.93 5.95 6.11 6.12 6.00 5.81 5.63 5.49 5.38 5.32 5.30 5.22 4.99 4.75 4.76 4.89 4.80 4.61 4.40 4.10 3.87 3.92 3.99 3.86 3.73 3.55 3.63 3.97 4.11 3.97 3.83 3.91 4.00 3.98 3.88 3.77
4.14 3.81 3.36 3.18 3.23 3.14 2.97 2.82 2.87 3.31 3.35 3.19 3.22 3.07 3.03 3.07 3.21 3.27 3.01 2.92 3.06 3.31 3.20 2.91 3.03 3.39 3.88 4.32 5.15 5.96 6.50 7.02 6.94 6.98 8.11 9.44 9.52 8.77 8.29 7.99 7.54 7.00 6.99 7.05 6.79 6.63 6.47 6.31 6.24 6.30 6.48 6.45 6.23 6.04 5.87 5.64 5.40 5.27 5.24 5.15 4.95 4.87 4.95 4.96 4.82 4.66 4.42 4.08 3.90 3.89 3.87 3.84 3.93 4.01 4.21 4.44 4.35 3.98 3.86 4.14 4.30 4.14 3.93 3.79
3.74 3.41 2.99 2.85 2.93 2.93 2.94 2.99 3.15 3.83 4.13 3.83 3.37 2.94 2.86 2.80 2.85 2.85 2.57 2.49 2.91 3.52 3.19 2.69 3.06 3.61 3.92 4.49 5.81 6.93 7.43 7.36 6.40 6.86 9.62 11.31 10.58 8.96 8.35 8.29 7.79 7.43 7.54 7.45 7.20 7.05 6.81 6.69 6.60 6.46 6.41 6.27 6.08 6.04 5.96 5.74 5.50 5.36 5.27 5.10 4.98 5.02 5.08 5.07 4.98 4.71 4.41 4.12 3.90 3.81 3.85 3.96 4.14 4.31 4.44 4.53 4.45 4.30 4.37 4.58 4.56 4.22 3.95 3.81
3.66 3.29 2.87 2.89 3.16 3.49 3.99 4.19 4.43 4.48 4.12 3.40 2.64 2.45 2.69 2.74 2.74 2.48 2.14 2.26 2.98 3.83 3.47 2.66 2.88 3.60 4.14 4.52 6.25 7.99 7.86 7.29 6.11 7.30 11.51 12.39 10.33 8.74 8.91 9.14 8.27 7.80 8.07 8.02 7.70 7.46 7.28 7.15 6.90 6.62 6.42 6.23 6.04 5.97 5.88 5.72 5.60 5.55 5.50 5.32 5.20 5.23 5.21 5.04 4.83 4.56 4.36 4.17 3.94 3.84 3.88 4.05 4.31 4.46 4.56 4.65 4.68 4.65 4.59 4.57 4.48 4.23 3.99 3.83
3.76 3.40 3.26 3.82 4.47 4.85 4.78 4.43 4.02 3.46 3.03 2.63 2.13 2.31 2.86 3.10 2.89 2.11 1.73 2.41 3.52 4.16 3.61 2.77 2.77 3.56 4.31 4.62 6.67 8.72 8.07 7.45 6.87 8.40 12.41 12.17 9.73 9.45 10.36 9.70 7.80 7.70 8.60 8.39 7.85 7.80 7.72 7.30 6.90 6.75 6.72 6.63 6.39 6.11 5.87 5.71 5.64 5.70 5.77 5.66 5.50 5.51 5.37 4.90 4.57 4.39 4.26 4.20 4.04 3.84 3.78 4.12 4.59 4.74 4.82 4.86 4.85 4.68 4.40 4.33 4.36 4.30 4.09 3.83
4.18 3.93 4.09 4.53 4.58 4.25 3.55 2.97 2.68 2.54 2.61 2.51 2.18 2.50 3.29 3.79 3.19 1.86 1.60 2.66 3.96 4.44 3.67 2.98 3.04 3.67 4.36 4.96 7.22 9.08 8.51 7.86 7.58 9.31 12.79 12.48 10.87 11.38 11.04 8.93 7.36 8.32 9.15 8.39 8.02 8.24 7.96 7.29 6.96 6.95 6.94 6.79 6.48 6.19 6.04 5.89 5.74 5.79 5.85 5.62 5.47 5.50 5.22 4.69 4.45 4.40 4.33 4.24 4.05 3.88 3.99 4.53 4.99 4.95 4.85 4.82 4.70 4.45 4.26 4.28 4.33 4.35 4.10 3.71
4.46 4.25 4.14 3.98 3.50 2.95 2.50 2.37 2.36 2.36 2.44 2.58 2.58 3.02 4.06 4.56 3.54 2.10 1.85 2.89 4.20 4.77 4.03 3.43 3.47 4.06 4.94 5.88 7.52 8.94 8.92 8.30 8.03 10.04 13.80 14.24 13.24 12.66 10.76 8.42 8.32 9.14 9.31 8.71 8.55 8.38 7.70 7.13 7.07 7.15 7.03 6.69 6.26 6.15 6.24 6.10 5.86 5.83 5.77 5.51 5.34 5.25 5.02 4.77 4.69 4.74 4.64 4.34 4.07 4.06 4.31 4.74 4.99 4.85 4.74 4.73 4.56 4.31 4.20 4.26 4.36 4.42 4.11 3.69
4.25 3.87 3.43 3.08 2.72 2.51 2.46 2.45 2.38 2.27 2.36 3.07 3.60 3.93 4.78 5.05 3.72 2.59 2.52 3.42 4.47 5.20 4.71 3.78 3.70 4.85 5.89 6.77 7.64 8.32 8.84 8.92 9.04 11.72 15.48 15.74 14.31 12.24 9.45 8.44 8.37 8.18 8.73 9.56 9.30 8.34 7.39 6.98 7.03 7.17 7.12 6.71 6.30 6.31 6.37 6.15 5.95 5.92 5.88 5.67 5.40 5.19 5.03 4.97 5.04 5.05 4.92 4.60 4.32 4.22 4.33 4.62 4.85 4.81 4.71 4.72 4.63 4.44 4.41 4.47 4.51 4.53 4.18 3.73
4.42 3.82 3.04 2.65 2.50 2.50 2.56 2.61 2.55 2.42 2.76 3.96 4.70 4.65 5.06 5.40 4.19 3.54 4.16 4.68 5.06 5.48 4.92 3.83 3.98 5.82 6.82 7.50 7.71 7.88 8.60 9.34 10.53 13.82 16.52 15.21 12.41 9.93 8.28 7.62 6.87 7.12 9.17 10.46 9.57 8.06 7.37 7.32 7.30 7.27 7.12 6.76 6.58 6.58 6.48 6.24 6.08 6.04 6.02 5.81 5.56 5.30 5.15 5.25 5.26 5.20 5.10 4.94 4.90 4.80 4.75 4.92 5.12 4.99 4.80 4.81 4.77 4.68 4.66 4.59 4.67 4.58 4.01 3.53
