windninja/windninja_output/Output_2025-08-09_1800-1850_Google earth_Fire_150m_10min/merlingen_7.5mi_point_08-09-2025_1850_150m_ang.asc
ncols	158
nrows	163
xllcorner	391686.332397
yllcorner	5160024.123721
cellsize	150.000000
NODATA_value	-32768.000000
[rows 0 to 41 of 163, columns 0 to 93 of 158]
227 227 225 222 221 222 221 218 217 218 217 213 210 212 217 225 233 235 235 238 233 218 213 216 221 225 224 220 219 220 221 222 225 224 223 228 232 234 236 233 230 229 230 232 234 236 240 240 232 226 223 222 222 223 224 225 226 227 228 228 226 225 225 224 222 220 222 225 229 230 229 228 227 226 226 227 228 231 233 232 230 228 229 233 235 234 230 230 231 229 228 229 227 226
226 226 224 222 222 223 221 221 222 221 217 212 208 210 217 223 227 227 228 231 225 214 212 216 221 223 222 220 221 222 223 224 224 224 224 228 229 229 230 228 227 228 228 229 230 230 232 232 229 227 226 225 226 227 227 226 226 226 227 228 227 226 226 224 223 222 224 227 230 230 228 228 227 226 227 227 228 230 231 230 229 229 230 232 234 233 230 230 231 230 230 231 230 229
223 224 222 221 223 222 221 222 223 220 213 206 204 209 216 221 222 220 222 223 219 211 209 215 221 222 221 220 222 224 225 226 225 225 225 226 225 224 224 223 224 224 225 226 226 225 224 224 224 225 226 227 228 229 228 227 226 226 226 226 226 225 225 225 224 224 226 229 231 229 227 227 227 227 228 227 226 229 230 228 225 228 231 231 232 231 227 227 229 230 232 232 230 229
216 220 220 219 221 219 217 217 216 212 207 202 203 208 215 222 222 220 221 221 219 215 209 211 219 220 219 218 218 220 222 224 225 225 224 224 224 225 224 223 222 221 222 223 223 222 222 222 221 221 221 222 223 225 225 226 226 227 227 226 225 224 224 225 225 225 227 230 232 230 227 227 228 229 229 228 227 230 230 227 223 226 229 228 231 231 224 222 224 224 226 228 227 225
211 216 218 218 219 216 214 215 214 211 208 203 202 208 217 222 224 223 223 223 222 219 212 207 214 216 216 215 214 215 217 219 221 222 222 222 223 224 223 221 219 218 220 220 220 221 221 221 221 221 221 222 223 225 226 226 227 228 227 227 227 225 225 226 226 226 227 230 232 230 228 229 230 230 229 230 232 233 232 228 224 227 229 228 230 232 225 221 220 219 220 222 222 219
212 215 217 217 217 216 215 216 215 213 210 205 203 209 219 224 226 226 226 226 226 224 217 208 211 215 215 215 214 214 215 217 218 218 218 219 220 219 219 218 217 218 220 221 221 223 223 223 223 223 222 223 224 226 227 227 228 228 227 227 226 225 225 226 226 226 227 230 231 228 227 230 231 229 227 228 231 233 231 229 228 230 232 230 230 232 229 226 224 221 219 219 218 214
215 216 217 217 217 216 217 218 216 214 211 207 204 210 221 225 226 226 225 225 226 226 222 211 210 215 217 218 217 215 215 217 218 217 217 217 217 217 217 218 218 220 222 224 225 226 225 225 224 223 223 224 224 225 227 229 229 228 227 226 225 223 222 224 225 226 226 230 230 226 225 227 228 225 224 225 228 229 227 226 229 231 230 231 231 233 233 232 232 228 225 224 221 219
216 217 217 218 220 220 221 220 218 215 211 207 204 210 221 225 225 225 224 223 224 225 223 216 211 213 217 218 217 217 219 220 220 220 220 220 219 219 220 221 222 224 225 227 228 228 227 227 226 224 224 225 224 225 228 229 228 228 226 225 223 220 220 222 224 225 227 229 229 226 224 226 226 224 223 226 229 229 225 225 231 232 228 228 229 230 231 231 231 231 233 233 232 230
215 217 218 219 221 224 224 223 219 216 212 208 204 208 220 224 224 224 224 224 225 225 223 218 212 207 212 217 217 219 223 224 222 223 225 225 225 225 226 227 228 229 229 229 229 229 228 228 227 224 225 226 225 226 229 229 227 227 226 225 224 223 222 223 224 226 227 228 227 225 226 230 229 227 226 227 230 229 225 227 234 234 229 225 224 224 225 225 223 219 220 223 226 226
215 217 219 219 220 222 223 222 219 216 213 210 205 208 219 224 224 224 223 223 224 224 222 218 213 207 208 215 217 219 224 224 223 225 228 228 228 228 229 230 230 231 230 230 231 230 229 230 228 225 227 229 227 228 231 231 229 229 229 229 230 229 228 228 230 230 229 227 225 225 229 232 232 230 228 229 232 230 225 227 231 232 229 225 225 224 223 222 218 214 214 216 218 217
216 217 219 219 219 219 220 219 218 216 215 212 208 209 218 224 225 224 223 223 223 222 222 219 214 210 206 212 217 219 224 226 225 229 231 230 229 229 230 230 230 230 230 231 233 233 232 232 232 230 233 233 231 233 236 237 237 237 237 236 237 238 236 237 239 238 235 231 227 228 232 232 231 229 229 230 233 232 226 225 226 228 227 226 229 227 226 227 223 217 219 222 221 218
216 217 218 219 218 219 219 218 217 216 216 214 211 210 218 225 226 225 224 225 225 224 223 220 217 213 211 214 220 223 227 230 230 232 234 233 232 231 231 231 231 231 231 231 232 234 234 236 238 239 244 245 245 247 249 249 247 246 246 246 248 250 251 253 253 250 245 238 231 232 233 232 230 227 225 226 227 227 224 223 224 225 224 223 224 222 224 230 226 217 223 230 228 222
216 217 218 218 218 218 219 218 218 217 217 215 213 213 219 227 228 227 226 226 226 227 226 224 222 220 218 220 224 227 229 231 232 233 234 234 235 234 233 232 232 233 231 230 232 233 233 236 242 248 252 254 257 259 262 262 257 252 249 252 256 259 263 269 271 267 260 251 241 236 234 232 230 226 221 219 220 222 220 219 221 224 223 223 223 220 223 229 223 215 224 232 230 226
217 217 218 218 218 218 218 219 219 218 217 217 214 214 220 230 234 231 229 229 228 228 229 229 227 224 222 223 225 227 230 233 234 233 233 234 235 235 234 233 235 236 236 238 241 240 237 235 239 246 250 253 255 258 263 267 266 258 249 248 252 255 258 264 270 271 271 270 265 250 239 235 233 227 221 221 224 226 224 222 223 225 225 227 227 224 227 231 226 221 229 236 236 234
217 217 217 218 218 218 219 219 219 218 218 217 215 213 218 227 232 232 232 232 232 231 231 231 229 226 223 223 225 227 231 234 235 233 232 233 233 235 236 238 242 243 245 250 251 248 245 239 235 237 241 244 244 247 251 255 257 252 241 240 243 245 245 245 247 253 259 266 276 278 253 241 236 230 226 228 232 233 233 233 233 231 231 233 232 230 233 235 231 230 239 247 247 247
217 217 217 218 218 219 219 219 219 219 218 218 216 212 215 224 227 227 228 231 232 231 230 229 228 227 224 223 225 226 228 230 229 230 233 236 240 242 243 245 248 247 246 247 245 242 242 243 238 235 235 233 230 232 233 235 237 234 230 235 239 240 239 234 233 238 243 247 254 269 276 257 245 237 232 233 235 236 237 240 239 236 238 239 238 238 240 241 239 239 244 250 250 250
217 217 217 218 218 218 219 219 219 219 219 218 217 214 215 224 227 226 226 227 228 228 227 227 228 227 224 223 224 225 227 229 229 233 239 244 248 248 245 244 242 240 238 238 236 235 235 236 236 237 233 229 226 227 228 229 230 228 224 230 236 239 237 231 230 235 238 239 241 243 255 269 261 249 239 236 234 236 238 239 237 237 241 243 245 247 247 247 249 246 242 243 243 244
216 217 217 217 218 218 218 219 219 219 219 219 219 218 219 226 230 229 227 227 227 228 228 228 229 228 227 225 226 228 230 232 233 235 238 241 241 240 237 236 235 235 236 236 235 234 234 231 230 232 233 231 229 229 229 230 230 227 223 227 234 236 234 229 230 234 236 237 237 237 239 245 254 256 249 240 235 237 241 242 241 242 244 244 246 249 249 248 250 251 246 241 239 239
216 216 217 217 217 218 218 219 219 219 220 220 220 221 222 227 231 232 231 231 230 230 230 231 232 231 230 229 230 233 234 233 232 232 233 235 236 236 235 235 236 236 236 236 235 235 234 232 230 232 234 234 232 231 229 229 229 228 226 227 233 234 232 229 230 233 236 236 235 236 234 230 234 242 245 247 247 250 251 250 251 252 249 245 241 241 240 241 245 248 247 242 241 239
217 217 217 217 217 218 218 219 219 219 220 221 221 221 223 227 231 232 232 232 231 230 230 230 231 231 230 230 231 232 232 230 231 233 236 238 238 237 235 234 233 232 233 233 233 233 233 232 232 235 236 235 234 232 229 227 227 228 229 230 233 236 235 233 233 236 237 236 233 232 229 224 227 230 231 235 244 251 254 252 252 252 248 242 238 237 236 238 242 245 242 236 240 241
217 216 216 217 217 218 218 219 220 220 220 221 221 222 223 226 228 230 230 229 229 228 228 228 229 229 230 230 230 230 228 227 228 231 233 234 233 231 228 228 229 229 231 231 232 233 234 233 232 235 235 235 234 232 231 230 229 229 230 231 232 235 237 235 235 236 235 233 232 230 226 224 227 231 229 224 225 232 239 243 245 245 243 240 237 237 237 237 241 244 239 230 235 240
216 216 216 217 217 218 218 219 220 220 220 222 222 222 223 224 225 227 227 227 227 227 227 227 228 228 229 229 229 229 226 224 225 228 227 227 228 227 226 226 227 228 230 231 233 235 235 233 231 232 233 233 233 233 233 233 232 231 230 230 230 234 236 234 234 235 232 232 232 229 226 225 229 233 232 220 217 223 229 234 238 239 240 239 235 235 235 236 241 242 235 224 228 236
216 216 216 217 217 217 218 219 220 220 220 221 222 222 223 224 224 225 226 226 226 226 226 226 226 227 228 228 228 228 224 221 223 227 228 229 230 230 229 228 228 228 229 232 234 235 233 231 230 230 233 233 233 233 232 232 232 232 229 229 230 234 236 234 233 232 229 230 230 227 225 226 229 233 230 217 211 219 224 228 231 231 235 237 234 233 231 234 238 238 232 219 222 233
216 216 216 216 217 217 218 219 220 220 220 220 221 222 222 223 224 224 225 225 225 225 225 225 225 226 227 228 230 229 226 223 226 229 231 234 235 234 232 230 229 229 229 231 233 232 230 230 230 231 233 234 233 233 232 231 232 231 228 228 231 234 238 237 235 230 228 230 230 228 227 228 232 234 228 217 210 219 225 227 228 228 230 233 233 233 232 235 238 238 231 218 223 234
216 215 216 217 217 218 218 219 220 221 221 221 221 222 222 222 223 224 225 224 224 225 224 224 224 225 226 229 233 233 230 228 230 232 233 234 234 235 234 232 230 228 228 230 231 230 228 230 231 232 234 234 233 233 231 230 230 230 227 228 232 236 239 239 236 233 233 232 232 232 232 233 235 233 226 219 218 225 228 227 228 227 226 228 230 233 235 238 241 240 229 217 224 234
216 215 216 217 217 217 218 219 220 221 221 221 221 222 222 223 223 224 224 224 224 224 224 223 223 222 223 227 233 234 233 232 232 231 231 230 231 234 235 233 230 228 228 231 232 229 229 231 231 232 233 234 235 235 233 230 228 228 229 231 235 239 239 236 231 229 229 228 230 233 236 239 238 232 223 217 224 232 231 227 227 225 223 223 226 228 227 231 239 240 227 214 221 230
215 215 216 216 217 217 218 219 220 220 221 221 222 222 223 223 223 224 224 224 224 224 223 222 221 219 219 225 231 232 232 235 237 235 232 229 228 232 235 232 229 229 229 232 231 226 226 229 230 230 230 233 235 236 234 227 223 226 230 232 238 244 242 235 230 227 224 223 226 231 237 240 237 230 219 213 223 232 233 227 227 226 223 222 225 225 221 223 233 236 226 212 218 226
215 215 216 216 217 217 218 219 220 220 221 221 222 223 223 223 224 224 224 224 223 223 222 220 219 216 216 223 227 228 230 234 237 238 237 232 229 233 235 232 228 229 229 229 227 222 222 226 229 228 226 228 230 231 231 221 217 223 228 230 238 245 243 237 233 229 224 221 225 232 238 239 233 227 216 209 220 231 232 228 229 228 226 226 228 226 221 222 230 232 226 215 216 224
214 215 216 216 217 217 218 220 220 220 221 222 223 223 223 223 223 223 223 223 223 222 221 220 217 213 213 218 221 222 225 230 232 233 233 229 227 231 233 229 224 225 225 225 223 219 220 223 227 226 221 223 227 229 227 215 208 219 228 234 239 240 236 232 231 229 223 221 228 235 238 235 228 223 215 211 221 233 235 233 232 230 230 233 235 232 228 228 231 231 228 222 220 225
214 215 216 216 217 218 219 220 220 221 221 222 222 223 223 223 223 223 223 223 223 222 221 219 216 212 211 215 217 217 220 225 227 228 225 217 216 224 228 223 219 219 218 220 218 216 218 220 223 221 216 219 223 225 224 212 206 219 232 240 244 240 234 230 229 229 223 222 233 241 241 235 228 223 216 215 222 233 237 239 237 233 234 238 239 237 235 234 233 231 228 227 226 229
215 215 215 216 218 218 219 220 220 221 221 222 223 223 223 223 223 223 223 223 223 222 221 219 216 212 212 215 216 217 222 226 226 226 221 210 210 220 224 220 217 216 215 218 217 215 217 219 222 220 217 219 222 226 224 215 213 225 237 244 245 240 235 233 233 232 225 226 239 246 246 239 232 226 216 214 218 227 234 238 237 232 235 239 238 235 233 233 232 231 229 230 232 238
215 215 215 216 218 218 218 219 220 221 221 222 223 223 224 224 224 223 223 223 223 222 220 219 216 214 213 214 216 220 226 229 227 228 223 210 209 220 223 220 219 219 219 222 220 218 221 225 227 227 227 227 228 230 228 218 219 231 242 247 244 234 230 232 236 235 227 229 241 247 245 238 234 226 216 214 216 222 231 236 234 227 230 237 239 239 238 237 237 236 235 235 236 242
215 215 215 217 219 219 219 220 221 221 221 222 223 223 224 224 224 224 224 224 223 222 220 219 217 215 213 211 211 214 221 224 226 230 229 214 211 223 226 224 224 224 224 226 225 225 229 232 232 233 235 235 234 234 230 221 221 230 240 246 244 231 222 227 235 236 229 228 239 243 238 232 229 222 214 213 213 219 228 234 232 226 229 236 240 244 245 243 241 240 240 239 239 242
215 215 215 217 219 219 219 220 221 222 222 223 223 224 224 224 223 224 224 224 223 222 220 219 218 215 212 209 206 209 217 223 225 230 231 217 211 224 226 225 226 225 225 228 229 231 235 235 235 237 238 237 238 237 233 227 227 231 236 240 239 227 215 222 232 235 232 232 238 239 233 227 225 220 213 211 211 216 224 229 228 226 229 234 235 236 239 239 237 236 237 239 241 243
214 214 215 218 219 219 219 220 222 222 222 223 224 224 224 224 224 224 224 223 223 223 221 220 219 216 213 210 207 212 223 227 227 229 229 220 210 221 225 224 226 227 229 232 234 238 239 238 238 240 240 240 241 240 238 237 237 237 238 239 237 226 212 217 229 234 235 237 241 240 233 228 226 221 216 214 213 217 223 226 225 224 226 232 232 230 233 234 232 231 233 235 238 243
214 214 216 218 219 219 219 220 222 222 223 223 224 224 225 225 224 225 224 224 224 223 222 221 220 218 215 212 211 219 228 229 228 229 228 222 214 219 226 227 228 231 233 235 237 240 239 238 238 238 238 238 239 238 238 238 239 241 242 243 241 232 216 215 226 232 234 236 242 244 237 232 230 226 222 218 217 225 232 232 228 224 226 231 234 231 230 231 229 228 229 232 236 242
215 215 216 218 219 220 220 221 222 223 223 224 224 225 225 225 225 225 225 224 224 224 223 223 221 219 216 213 215 222 227 227 228 230 231 226 219 220 227 231 233 234 235 235 236 237 235 236 237 237 237 236 235 234 234 235 235 237 240 242 243 237 223 216 223 230 234 237 239 240 237 238 237 232 225 220 219 225 234 238 235 229 229 231 235 236 229 228 227 226 228 231 236 241
215 215 217 219 220 221 221 222 223 224 224 224 224 225 225 225 225 225 225 225 225 224 224 223 222 219 216 213 215 222 223 225 230 233 234 229 223 225 230 233 233 234 234 234 235 235 233 233 234 235 236 234 232 233 234 233 232 232 234 237 239 236 228 218 221 231 238 241 239 232 232 236 237 231 222 220 219 217 226 234 233 230 229 229 234 236 227 222 227 228 228 232 236 241
215 216 218 220 221 222 222 223 224 224 224 224 224 225 225 225 225 225 225 225 225 225 224 224 222 220 217 212 215 222 225 227 231 233 233 228 224 228 232 232 231 232 232 232 232 232 230 228 227 229 232 229 227 229 232 230 226 226 228 230 231 229 226 219 220 232 243 246 239 229 227 229 229 224 218 222 219 207 219 229 227 224 226 228 234 235 225 217 223 227 228 232 241 246
217 218 219 221 222 222 223 224 224 224 224 225 225 225 226 226 226 226 226 226 226 225 225 224 224 222 218 216 220 228 232 232 232 233 233 226 221 225 229 230 231 232 232 230 228 229 229 226 223 226 229 227 221 221 225 222 216 217 221 222 222 223 224 223 221 230 244 246 237 229 229 230 229 222 217 223 218 197 208 222 222 221 226 232 238 237 229 219 219 224 225 232 245 247
219 219 220 221 222 223 223 224 225 224 225 225 225 225 226 226 226 226 226 226 226 225 225 225 225 223 222 222 226 232 236 236 235 235 232 225 222 224 226 228 228 230 230 227 226 227 226 223 220 224 229 227 217 215 220 219 214 214 220 223 222 222 225 228 225 229 241 242 235 231 232 233 233 223 218 224 215 193 200 217 219 219 224 232 237 238 232 221 218 222 224 233 243 245
220 220 221 222 223 223 224 224 225 225 225 225 225 226 226 226 226 226 226 226 226 226 226 226 226 225 225 225 227 232 236 236 235 234 228 223 225 227 228 226 224 224 223 223 223 222 220 218 216 220 227 226 218 215 222 224 221 220 226 230 228 225 226 228 227 229 236 236 232 229 229 230 230 219 217 223 211 193 198 214 220 219 222 228 231 232 226 219 219 222 225 233 239 242
