windninja/windninja_output/Output_2025-08-09_1800-1850_Google earth_Fire_150m_10min/merlingen_7.5mi_point_08-09-2025_1830_150m_vel.asc
ncols	158
nrows	163
xllcorner	391686.332397
yllcorner	5160024.123721
cellsize	150.000000
NODATA_value	-32768.000000
[rows 0 to 37 of 163, columns 0 to 83 of 158]
2.12 2.07 2.05 2.12 2.21 2.28 2.23 2.14 2.17 2.23 2.18 1.98 1.63 1.33 1.30 1.39 1.45 1.51 1.73 2.11 2.33 2.38 2.43 2.49 2.53 2.50 2.36 2.31 2.43 2.47 2.40 2.32 2.24 2.18 2.22 2.32 2.23 2.10 2.12 2.12 2.15 2.25 2.26 2.27 2.40 2.48 2.52 2.63 2.91 3.25 3.44 3.56 3.65 3.63 3.45 3.20 3.00 2.91 2.94 3.02 3.01 2.93 2.86 2.84 2.85 2.83 2.84 2.89 2.96 2.99 2.97 2.87 2.74 2.67 2.72 2.75 2.62 2.47 2.49 2.57 2.51 2.32 2.23 2.24
2.10 2.11 2.13 2.13 2.17 2.15 2.03 1.96 2.00 2.06 2.06 1.95 1.74 1.59 1.61 1.71 1.84 1.99 2.26 2.52 2.53 2.52 2.59 2.61 2.60 2.53 2.45 2.44 2.46 2.39 2.33 2.32 2.31 2.31 2.37 2.44 2.40 2.42 2.48 2.44 2.46 2.53 2.56 2.68 2.84 2.91 3.00 3.08 3.18 3.24 3.25 3.28 3.26 3.15 3.02 2.96 2.97 3.02 3.06 3.03 2.95 2.91 2.92 2.94 2.92 2.88 2.89 2.93 3.00 3.02 2.96 2.85 2.78 2.80 2.85 2.77 2.60 2.59 2.72 2.68 2.47 2.28 2.29 2.25
2.17 2.24 2.27 2.20 2.17 2.04 1.90 1.93 2.08 2.21 2.25 2.14 2.03 2.04 2.15 2.39 2.65 2.82 2.97 2.94 2.78 2.72 2.71 2.69 2.66 2.62 2.58 2.54 2.45 2.32 2.28 2.33 2.39 2.51 2.65 2.72 2.79 2.89 2.91 2.89 2.94 3.00 3.07 3.29 3.43 3.52 3.63 3.67 3.55 3.34 3.23 3.15 2.96 2.80 2.80 2.94 3.10 3.18 3.18 3.11 3.06 3.07 3.08 3.07 3.00 2.95 2.95 3.01 3.09 3.06 2.90 2.82 2.88 2.96 2.94 2.78 2.69 2.85 2.94 2.74 2.42 2.33 2.39 2.28
2.29 2.36 2.36 2.29 2.25 2.14 2.18 2.44 2.71 2.79 2.62 2.35 2.23 2.26 2.46 2.84 3.04 3.11 3.07 2.90 2.73 2.72 2.75 2.76 2.84 2.90 2.88 2.82 2.74 2.66 2.60 2.56 2.61 2.79 2.93 2.99 2.98 2.96 3.00 3.15 3.32 3.43 3.58 3.75 3.83 3.88 3.88 3.78 3.66 3.62 3.53 3.32 3.13 3.08 3.10 3.13 3.14 3.13 3.11 3.13 3.17 3.16 3.09 3.03 2.98 2.98 3.00 3.07 3.13 3.01 2.83 2.83 2.89 2.86 2.78 2.71 2.79 2.93 2.87 2.63 2.44 2.46 2.51 2.44
2.31 2.35 2.36 2.34 2.33 2.36 2.55 2.82 2.93 2.75 2.44 2.27 2.29 2.43 2.74 3.00 3.02 2.95 2.80 2.65 2.61 2.71 2.81 2.89 3.05 3.15 3.24 3.29 3.27 3.24 3.20 3.17 3.22 3.27 3.22 3.13 3.08 3.16 3.39 3.59 3.73 3.87 4.06 4.13 4.08 3.98 3.82 3.66 3.60 3.54 3.36 3.17 3.09 3.09 3.08 3.07 3.06 3.06 3.07 3.11 3.11 3.05 3.00 2.99 3.00 3.01 3.01 3.07 3.10 2.91 2.76 2.76 2.81 2.79 2.69 2.62 2.66 2.76 2.74 2.53 2.33 2.38 2.57 2.65
2.23 2.25 2.29 2.36 2.44 2.54 2.70 2.77 2.59 2.25 2.09 2.14 2.25 2.46 2.80 2.90 2.79 2.61 2.42 2.37 2.47 2.63 2.76 2.88 3.02 3.10 3.14 3.22 3.33 3.44 3.52 3.64 3.76 3.73 3.56 3.46 3.58 3.81 3.99 4.04 4.04 4.08 4.09 3.97 3.80 3.63 3.48 3.40 3.33 3.18 3.04 2.96 2.91 2.90 2.94 3.00 3.05 3.10 3.13 3.14 3.10 3.04 3.02 3.04 3.04 3.02 3.00 3.10 3.13 2.92 2.75 2.76 2.88 2.90 2.80 2.76 2.79 2.81 2.63 2.31 2.18 2.36 2.64 2.75
2.15 2.15 2.18 2.30 2.47 2.58 2.63 2.52 2.24 2.03 2.03 2.15 2.28 2.47 2.70 2.74 2.64 2.52 2.46 2.50 2.56 2.67 2.75 2.77 2.85 2.84 2.80 2.93 3.13 3.29 3.45 3.67 3.80 3.81 3.84 3.99 4.17 4.23 4.16 4.03 3.93 3.82 3.64 3.43 3.26 3.17 3.14 3.10 3.01 2.90 2.84 2.86 2.89 2.90 2.93 2.98 3.04 3.11 3.17 3.22 3.28 3.28 3.23 3.15 3.08 3.03 3.05 3.17 3.17 3.01 2.99 3.13 3.22 3.10 2.99 3.03 3.06 2.97 2.60 2.26 2.39 2.74 2.86 2.83
2.15 2.15 2.16 2.19 2.25 2.32 2.31 2.15 1.98 1.97 2.09 2.26 2.42 2.57 2.68 2.71 2.64 2.62 2.67 2.72 2.80 2.90 2.86 2.77 2.73 2.70 2.77 2.93 2.99 3.03 3.22 3.44 3.46 3.47 3.67 3.92 3.98 3.86 3.69 3.54 3.41 3.27 3.13 3.00 2.93 2.93 2.90 2.85 2.78 2.70 2.67 2.80 2.90 2.90 2.94 3.05 3.14 3.24 3.34 3.44 3.49 3.41 3.31 3.24 3.16 3.09 3.14 3.25 3.22 3.09 3.16 3.35 3.34 3.15 3.03 2.98 2.96 2.79 2.42 2.31 2.68 3.00 3.05 3.04
2.13 2.14 2.14 2.12 2.09 2.04 1.96 1.89 1.92 2.02 2.16 2.31 2.46 2.61 2.75 2.75 2.67 2.69 2.73 2.78 2.91 2.99 2.98 2.96 2.93 2.93 2.98 2.98 2.87 2.87 3.07 3.20 3.16 3.20 3.34 3.38 3.26 3.11 3.00 2.90 2.80 2.75 2.73 2.75 2.81 2.80 2.71 2.66 2.63 2.60 2.67 2.76 2.73 2.76 2.99 3.22 3.34 3.43 3.47 3.38 3.17 2.96 2.93 2.98 2.97 3.06 3.25 3.36 3.27 3.10 3.07 3.06 2.93 2.84 2.81 2.78 2.74 2.51 2.25 2.38 2.85 3.14 3.26 3.41
2.08 2.08 2.09 2.09 2.06 1.99 1.93 1.93 2.01 2.12 2.22 2.31 2.40 2.51 2.63 2.66 2.68 2.76 2.85 2.97 3.08 3.11 3.15 3.17 3.16 3.12 3.05 2.95 2.85 2.89 3.07 3.08 2.99 3.04 3.11 3.02 2.82 2.68 2.59 2.53 2.52 2.58 2.63 2.66 2.66 2.59 2.53 2.52 2.50 2.47 2.51 2.57 2.56 2.74 3.03 3.19 3.22 3.16 2.97 2.67 2.46 2.44 2.41 2.36 2.57 2.98 3.26 3.30 3.08 2.85 2.78 2.77 2.70 2.64 2.60 2.54 2.45 2.36 2.51 2.99 3.39 3.54 3.52 3.57
2.04 2.06 2.07 2.07 2.05 2.04 2.05 2.09 2.14 2.19 2.25 2.29 2.33 2.39 2.47 2.58 2.68 2.81 2.93 3.08 3.21 3.28 3.32 3.29 3.27 3.25 3.12 2.94 2.86 2.92 2.96 2.85 2.74 2.79 2.81 2.70 2.56 2.47 2.47 2.53 2.60 2.63 2.62 2.53 2.42 2.37 2.33 2.29 2.20 2.10 2.16 2.27 2.36 2.57 2.68 2.68 2.48 2.26 2.03 1.86 1.88 1.93 1.84 1.95 2.43 2.82 2.94 2.82 2.48 2.39 2.60 2.79 2.78 2.67 2.51 2.35 2.35 2.57 3.02 3.65 3.96 3.93 3.76 3.68
2.03 2.04 2.05 2.04 2.04 2.06 2.11 2.16 2.19 2.22 2.25 2.28 2.31 2.34 2.43 2.58 2.72 2.84 2.92 3.01 3.09 3.16 3.20 3.19 3.17 3.05 2.80 2.65 2.64 2.64 2.58 2.48 2.48 2.56 2.52 2.38 2.31 2.35 2.46 2.52 2.51 2.51 2.46 2.35 2.29 2.23 2.02 1.82 1.64 1.55 1.63 1.70 1.70 1.85 1.91 1.89 1.73 1.54 1.37 1.29 1.37 1.45 1.50 1.85 2.34 2.50 2.46 2.22 2.00 2.35 2.80 2.90 2.86 2.82 2.82 2.94 3.23 3.56 3.90 4.17 4.17 4.14 4.17 4.35
1.99 2.00 2.01 2.02 2.04 2.08 2.12 2.13 2.15 2.19 2.23 2.27 2.28 2.26 2.33 2.53 2.71 2.81 2.89 2.96 2.99 2.95 2.88 2.81 2.65 2.39 2.25 2.28 2.33 2.33 2.34 2.39 2.44 2.44 2.30 2.16 2.20 2.33 2.42 2.39 2.38 2.42 2.33 2.20 2.12 1.94 1.62 1.29 1.14 1.20 1.29 1.25 1.23 1.38 1.55 1.55 1.43 1.23 1.01 1.01 1.23 1.41 1.60 1.91 2.17 2.19 2.09 1.99 2.18 2.65 2.83 2.83 2.98 3.17 3.51 3.95 4.25 4.48 4.61 4.51 4.34 4.34 4.53 4.87
1.96 1.96 1.98 2.00 2.04 2.09 2.11 2.10 2.12 2.16 2.21 2.25 2.25 2.24 2.30 2.45 2.62 2.70 2.77 2.83 2.81 2.68 2.50 2.28 2.08 2.02 2.09 2.21 2.29 2.28 2.27 2.29 2.32 2.27 2.15 2.20 2.32 2.35 2.30 2.22 2.16 2.01 1.70 1.51 1.41 1.27 1.12 1.05 1.10 1.20 1.19 1.12 1.09 1.26 1.51 1.50 1.34 1.09 0.88 1.03 1.42 1.69 1.94 2.14 2.13 2.05 2.01 2.22 2.54 2.65 2.67 2.85 3.23 3.54 3.76 3.82 3.97 4.16 4.09 4.00 4.17 4.40 4.55 4.59
1.94 1.94 1.96 1.98 2.01 2.03 2.05 2.08 2.13 2.16 2.20 2.25 2.29 2.35 2.43 2.57 2.70 2.70 2.64 2.60 2.48 2.29 2.12 1.97 1.92 2.00 2.14 2.25 2.26 2.20 2.18 2.23 2.25 2.21 2.25 2.36 2.33 2.16 1.94 1.66 1.44 1.11 0.88 0.89 0.94 0.92 0.94 1.13 1.37 1.43 1.38 1.32 1.29 1.49 1.71 1.66 1.47 1.22 1.16 1.53 2.08 2.40 2.66 2.61 2.32 2.27 2.39 2.64 2.79 2.62 2.69 3.16 3.51 3.51 3.30 3.26 3.44 3.34 3.04 3.23 3.80 4.08 4.01 3.77
1.90 1.91 1.93 1.95 1.96 1.97 2.00 2.05 2.10 2.15 2.20 2.26 2.32 2.42 2.58 2.81 2.90 2.79 2.62 2.48 2.32 2.17 2.07 2.01 2.04 2.14 2.24 2.25 2.22 2.24 2.40 2.54 2.48 2.33 2.19 1.96 1.68 1.46 1.20 0.99 0.87 0.76 0.86 1.14 1.23 1.24 1.33 1.35 1.39 1.62 1.93 2.04 2.22 2.53 2.61 2.48 2.19 1.92 1.89 2.26 2.79 3.11 3.16 2.88 2.69 2.87 3.01 3.08 3.15 2.90 2.86 3.22 3.31 3.02 2.90 3.10 3.08 2.76 2.81 3.46 3.80 3.52 3.18 2.87
1.87 1.88 1.90 1.91 1.93 1.96 2.00 2.04 2.08 2.14 2.20 2.25 2.32 2.41 2.57 2.77 2.80 2.70 2.60 2.48 2.35 2.21 2.13 2.12 2.21 2.28 2.26 2.26 2.34 2.48 2.59 2.49 2.18 1.81 1.44 1.18 1.09 1.02 0.97 1.01 1.12 1.30 1.64 1.79 1.74 1.72 1.77 1.71 1.71 2.08 2.49 2.74 2.94 3.02 2.90 2.71 2.60 2.53 2.58 2.99 3.33 3.39 3.19 2.87 2.88 3.15 3.32 3.45 3.50 3.23 3.01 3.01 2.99 2.89 2.99 2.99 2.78 2.86 3.45 3.83 3.42 2.77 2.48 2.14
1.84 1.85 1.87 1.89 1.92 1.96 2.00 2.05 2.10 2.15 2.19 2.23 2.29 2.36 2.47 2.55 2.53 2.47 2.42 2.35 2.23 2.10 2.05 2.10 2.16 2.14 2.11 2.16 2.27 2.33 2.23 1.90 1.51 1.25 1.16 1.24 1.34 1.41 1.51 1.64 1.78 1.89 1.93 1.88 1.82 1.87 1.98 2.18 2.48 2.74 2.85 2.87 2.87 2.77 2.61 2.61 2.77 2.98 3.19 3.42 3.54 3.47 3.19 2.97 3.10 3.39 3.61 3.65 3.42 3.17 3.19 3.15 3.18 3.19 2.95 2.81 2.90 3.26 3.50 3.05 2.32 2.04 1.85 1.53
1.81 1.82 1.84 1.87 1.90 1.94 1.99 2.04 2.10 2.15 2.17 2.20 2.25 2.32 2.37 2.40 2.36 2.25 2.13 2.03 1.96 1.93 1.96 1.98 1.96 1.94 1.98 2.02 2.01 1.92 1.71 1.46 1.33 1.37 1.51 1.64 1.70 1.74 1.76 1.84 1.90 1.89 1.88 1.87 1.88 2.01 2.27 2.55 2.73 2.81 2.78 2.67 2.56 2.55 2.65 2.86 3.05 3.17 3.32 3.46 3.52 3.37 3.12 3.11 3.35 3.57 3.66 3.45 3.19 3.35 3.62 3.61 3.55 3.28 2.78 2.61 2.63 2.57 2.38 1.88 1.65 1.65 1.48 1.35
1.76 1.77 1.81 1.85 1.89 1.93 1.98 2.03 2.07 2.10 2.14 2.19 2.25 2.28 2.30 2.29 2.21 2.08 1.97 1.92 1.92 1.97 1.99 1.99 1.98 1.99 1.99 1.95 1.89 1.77 1.60 1.46 1.41 1.43 1.49 1.61 1.73 1.83 1.93 2.07 2.12 2.12 2.14 2.13 2.20 2.45 2.69 2.69 2.58 2.56 2.55 2.51 2.51 2.66 2.96 3.16 3.20 3.21 3.26 3.29 3.20 2.99 2.93 3.10 3.31 3.45 3.46 3.39 3.64 4.09 4.11 3.79 3.54 3.27 2.97 2.67 2.22 1.88 1.79 1.72 1.74 1.81 1.74 1.71
1.74 1.76 1.80 1.82 1.86 1.91 1.96 2.00 2.04 2.07 2.11 2.18 2.23 2.25 2.25 2.23 2.17 2.11 2.07 2.07 2.08 2.09 2.09 2.10 2.09 2.05 1.99 1.94 1.89 1.81 1.70 1.62 1.61 1.70 1.91 2.12 2.28 2.46 2.52 2.51 2.41 2.32 2.27 2.32 2.52 2.71 2.69 2.53 2.47 2.55 2.60 2.63 2.74 2.90 3.01 3.02 3.06 3.13 3.15 3.07 2.90 2.88 3.06 3.22 3.38 3.58 3.71 3.96 4.37 4.42 3.94 3.40 3.12 3.06 3.02 2.76 2.45 2.25 2.19 2.20 2.28 2.28 2.11 1.98
1.73 1.74 1.76 1.79 1.84 1.89 1.94 1.99 2.03 2.07 2.12 2.16 2.18 2.21 2.22 2.22 2.22 2.21 2.19 2.17 2.16 2.16 2.16 2.14 2.11 2.06 2.01 1.96 1.90 1.84 1.80 1.83 1.98 2.31 2.60 2.78 2.85 2.81 2.67 2.52 2.40 2.35 2.38 2.50 2.60 2.57 2.51 2.54 2.65 2.75 2.83 2.90 2.96 2.95 2.87 2.84 2.90 3.00 3.01 2.93 2.87 3.06 3.35 3.43 3.64 4.01 4.30 4.57 4.56 3.97 3.24 2.88 2.78 2.88 2.84 2.72 2.75 2.79 2.78 2.79 2.71 2.41 2.18 2.17
1.68 1.69 1.72 1.77 1.83 1.89 1.93 1.98 2.02 2.07 2.13 2.17 2.20 2.21 2.22 2.24 2.25 2.26 2.26 2.24 2.23 2.23 2.21 2.18 2.14 2.11 2.06 1.99 1.94 1.93 1.97 2.10 2.36 2.58 2.64 2.62 2.55 2.43 2.30 2.27 2.31 2.39 2.48 2.52 2.53 2.64 2.83 2.88 2.89 2.90 2.96 2.98 2.94 2.90 2.92 2.96 3.01 3.05 2.93 2.85 2.94 3.25 3.53 3.78 4.33 4.81 4.92 4.75 4.13 3.29 2.78 2.62 2.74 3.00 3.04 2.94 2.87 2.94 3.11 3.14 2.93 2.61 2.47 2.39
1.64 1.66 1.71 1.77 1.82 1.86 1.90 1.94 2.00 2.07 2.13 2.18 2.20 2.22 2.24 2.26 2.28 2.29 2.30 2.30 2.30 2.29 2.27 2.23 2.19 2.13 2.03 1.93 1.88 1.91 2.00 2.16 2.33 2.37 2.29 2.20 2.07 2.01 2.09 2.21 2.34 2.45 2.51 2.57 2.85 3.17 3.14 2.97 2.88 2.87 2.93 2.92 2.91 3.02 3.09 3.09 3.11 3.06 2.88 2.87 3.03 3.31 3.76 4.49 5.10 5.07 4.65 4.00 3.13 2.57 2.39 2.45 2.85 3.33 3.36 3.00 2.72 2.84 3.01 2.99 2.90 2.84 2.77 2.59
1.61 1.63 1.68 1.73 1.77 1.82 1.87 1.93 2.00 2.07 2.12 2.14 2.17 2.23 2.27 2.29 2.30 2.31 2.31 2.31 2.31 2.30 2.27 2.25 2.21 2.12 1.97 1.82 1.78 1.86 1.97 2.06 2.13 2.14 2.13 2.10 2.02 2.02 2.14 2.30 2.44 2.55 2.69 3.04 3.42 3.33 2.98 2.81 2.78 2.81 2.87 2.93 3.07 3.21 3.23 3.21 3.17 2.99 2.77 2.75 2.96 3.53 4.45 5.13 4.95 4.14 3.37 2.63 2.07 1.86 1.96 2.49 3.35 3.66 3.17 2.57 2.38 2.61 2.78 2.76 2.87 3.03 3.06 2.92
1.58 1.60 1.64 1.69 1.75 1.81 1.86 1.93 2.02 2.07 2.09 2.12 2.17 2.23 2.26 2.29 2.31 2.32 2.31 2.30 2.29 2.28 2.28 2.28 2.25 2.16 2.02 1.92 1.95 1.97 1.93 1.97 2.09 2.19 2.24 2.22 2.17 2.19 2.32 2.44 2.56 2.71 3.00 3.37 3.37 2.96 2.74 2.77 2.85 2.94 2.97 2.98 3.04 3.11 3.21 3.30 3.18 2.83 2.55 2.59 3.19 4.46 5.42 5.27 4.41 3.54 2.75 2.08 1.73 1.71 2.20 3.23 3.84 3.48 2.85 2.44 2.38 2.60 2.75 2.85 3.11 3.29 3.30 3.32
1.54 1.56 1.61 1.67 1.73 1.79 1.86 1.95 2.02 2.06 2.09 2.13 2.18 2.21 2.23 2.27 2.30 2.30 2.30 2.29 2.30 2.33 2.35 2.35 2.31 2.23 2.21 2.23 2.22 2.13 2.01 1.97 2.00 2.06 2.14 2.21 2.28 2.45 2.62 2.72 2.80 2.96 3.24 3.37 3.17 2.97 3.00 3.06 3.15 3.23 3.16 3.07 3.09 3.22 3.50 3.48 3.04 2.65 2.65 3.10 4.22 5.44 5.45 4.47 3.58 3.00 2.45 2.02 1.89 2.25 3.21 3.94 3.76 3.15 2.71 2.56 2.60 2.79 2.91 3.05 3.23 3.21 3.18 3.42
1.52 1.54 1.59 1.65 1.71 1.78 1.86 1.94 2.01 2.04 2.08 2.13 2.17 2.19 2.23 2.26 2.28 2.29 2.31 2.34 2.39 2.42 2.42 2.40 2.37 2.36 2.42 2.53 2.58 2.48 2.27 2.11 2.05 2.01 1.97 2.02 2.24 2.60 2.84 2.92 2.98 3.24 3.46 3.48 3.42 3.42 3.49 3.49 3.45 3.43 3.42 3.52 3.63 3.81 3.90 3.49 3.03 3.00 3.51 4.27 5.16 5.47 4.53 3.27 2.59 2.25 2.03 1.95 2.21 2.99 3.86 3.95 3.43 2.94 2.57 2.49 2.69 3.03 3.18 3.14 3.09 2.99 3.03 3.34
1.48 1.51 1.56 1.63 1.70 1.77 1.86 1.94 1.98 2.02 2.07 2.12 2.16 2.20 2.24 2.27 2.29 2.32 2.36 2.41 2.45 2.44 2.42 2.41 2.44 2.53 2.70 2.93 3.04 2.97 2.77 2.58 2.42 2.28 2.25 2.38 2.64 2.94 3.27 3.43 3.55 3.83 3.86 3.80 3.77 3.72 3.71 3.72 3.76 3.86 3.95 4.06 4.15 4.21 3.99 3.48 3.36 3.66 4.19 4.87 5.36 4.96 3.84 2.81 2.30 2.04 1.92 2.07 2.73 3.65 4.13 3.89 3.36 2.81 2.37 2.27 2.49 2.91 3.00 2.96 2.95 2.90 2.99 3.15
1.44 1.46 1.53 1.60 1.67 1.76 1.85 1.91 1.95 2.01 2.07 2.12 2.18 2.23 2.27 2.30 2.33 2.36 2.39 2.41 2.42 2.42 2.43 2.46 2.51 2.64 2.88 3.08 3.16 3.25 3.30 3.21 2.97 2.89 3.21 3.51 3.60 3.73 4.00 4.19 4.40 4.53 4.41 4.27 4.09 3.94 3.95 4.11 4.45 4.70 4.69 4.60 4.53 4.35 4.02 3.68 3.59 3.76 4.20 4.81 4.89 4.00 3.01 2.40 2.04 1.90 2.01 2.40 3.20 3.96 4.07 3.54 2.95 2.54 2.31 2.39 2.67 2.75 2.69 2.77 2.84 2.79 2.79 2.78
1.40 1.43 1.51 1.58 1.66 1.75 1.84 1.90 1.96 2.02 2.07 2.13 2.19 2.23 2.27 2.31 2.34 2.36 2.39 2.41 2.44 2.46 2.50 2.54 2.60 2.71 2.83 2.86 2.81 2.78 2.84 3.05 3.34 3.77 4.23 4.34 4.25 4.30 4.53 4.67 4.75 4.67 4.49 4.34 4.17 4.06 4.16 4.46 4.68 4.57 4.46 4.45 4.26 3.98 3.72 3.42 3.25 3.46 4.03 4.48 4.04 2.91 2.12 1.73 1.67 1.87 2.13 2.51 3.25 3.82 3.49 2.60 2.19 2.31 2.60 2.91 2.96 2.83 2.82 2.94 2.91 2.71 2.61 2.60
1.37 1.40 1.48 1.56 1.67 1.77 1.85 1.91 1.98 2.04 2.09 2.14 2.18 2.23 2.28 2.30 2.31 2.33 2.38 2.43 2.47 2.50 2.54 2.58 2.67 2.78 2.82 2.77 2.63 2.48 2.51 2.95 3.59 4.08 4.27 4.17 4.18 4.48 4.69 4.55 4.32 3.98 3.72 3.64 3.62 3.69 3.90 4.06 3.78 3.29 3.22 3.30 3.22 3.20 3.07 2.96 3.04 3.37 3.86 4.09 3.44 2.42 1.80 1.57 1.80 2.16 2.36 2.64 3.29 3.57 2.85 2.18 2.30 2.73 2.97 3.06 2.99 2.99 3.11 3.22 3.10 2.78 2.60 2.60
1.33 1.36 1.43 1.54 1.67 1.76 1.83 1.90 1.97 2.04 2.10 2.16 2.22 2.26 2.29 2.31 2.32 2.35 2.39 2.43 2.46 2.50 2.57 2.63 2.72 2.80 2.85 2.87 2.89 3.06 3.41 3.77 3.93 3.89 3.73 3.67 3.94 4.31 4.18 3.70 3.42 3.20 3.08 3.08 3.08 3.15 3.34 3.27 2.82 2.59 2.59 2.58 2.63 2.71 2.68 2.84 3.22 3.56 3.79 3.72 2.91 2.12 1.90 1.96 2.28 2.54 2.72 3.07 3.51 3.46 2.89 2.84 3.26 3.34 3.17 3.09 3.14 3.23 3.32 3.34 3.03 2.66 2.54 2.56
1.29 1.32 1.41 1.52 1.64 1.72 1.81 1.89 1.96 2.03 2.09 2.16 2.22 2.26 2.29 2.31 2.35 2.40 2.43 2.45 2.47 2.53 2.60 2.70 2.79 2.82 2.83 2.85 3.00 3.37 3.73 3.89 3.80 3.68 3.63 3.68 3.94 4.04 3.64 3.19 3.02 2.92 2.85 2.78 2.68 2.73 2.80 2.56 2.31 2.36 2.41 2.40 2.39 2.33 2.35 2.66 3.12 3.51 3.62 3.39 2.83 2.33 2.30 2.49 2.73 2.84 2.95 3.19 3.49 3.66 3.66 3.78 3.74 3.41 3.19 3.22 3.34 3.51 3.64 3.45 2.97 2.61 2.56 2.63
1.26 1.30 1.42 1.54 1.64 1.73 1.82 1.89 1.96 2.03 2.10 2.15 2.19 2.23 2.28 2.32 2.37 2.40 2.43 2.46 2.51 2.56 2.61 2.68 2.75 2.80 2.80 2.79 2.87 3.02 3.24 3.38 3.49 3.75 4.03 4.13 4.04 3.76 3.34 3.07 2.87 2.61 2.40 2.26 2.21 2.31 2.28 2.09 2.11 2.23 2.24 2.21 2.16 2.07 2.13 2.46 2.89 3.13 3.14 3.09 2.92 2.67 2.65 2.79 2.92 2.93 3.00 3.21 3.68 4.17 4.10 3.79 3.42 3.10 3.01 3.07 3.19 3.38 3.39 3.12 2.92 2.88 2.83 2.80
1.22 1.27 1.41 1.55 1.67 1.76 1.83 1.91 1.99 2.06 2.10 2.14 2.18 2.23 2.26 2.30 2.35 2.39 2.42 2.47 2.53 2.57 2.60 2.62 2.64 2.67 2.72 2.76 2.73 2.76 3.04 3.34 3.69 4.07 4.23 4.10 3.79 3.35 2.92 2.59 2.31 2.09 1.99 2.01 2.12 2.23 2.16 2.16 2.31 2.38 2.32 2.28 2.27 2.30 2.48 2.77 2.90 2.84 2.76 2.79 2.72 2.60 2.66 2.81 2.95 3.04 3.23 3.62 4.27 4.34 3.53 2.98 2.75 2.61 2.71 2.86 2.85 2.73 2.47 2.35 2.54 2.74 2.77 2.66
1.19 1.24 1.38 1.54 1.65 1.73 1.81 1.91 1.98 2.04 2.09 2.14 2.18 2.22 2.26 2.30 2.34 2.38 2.43 2.48 2.52 2.54 2.57 2.59 2.61 2.64 2.68 2.68 2.69 2.95 3.44 3.75 3.96 3.97 3.67 3.36 3.20 2.87 2.38 1.98 1.80 1.84 2.01 2.17 2.33 2.46 2.44 2.48 2.51 2.44 2.47 2.59 2.68 2.84 3.05 3.14 3.05 2.91 2.80 2.81 2.81 2.65 2.65 2.79 2.94 3.17 3.56 4.12 4.41 3.68 2.56 2.13 2.14 2.43 2.78 2.81 2.61 2.36 2.19 2.25 2.28 2.23 2.30 2.33
1.16 1.22 1.38 1.51 1.61 1.71 1.81 1.89 1.95 2.01 2.08 2.14 2.18 2.22 2.26 2.31 2.35 2.40 2.44 2.47 2.49 2.52 2.56 2.60 2.65 2.69 2.71 2.75 3.01 3.58 3.89 3.86 3.68 3.35 3.04 2.75 2.50 2.20 1.94 1.84 1.89 2.05 2.26 2.45 2.60 2.68 2.71 2.76 2.68 2.60 2.77 2.97 3.08 3.15 3.22 3.28 3.26 3.19 3.15 3.21 3.17 2.96 2.84 2.82 2.85 3.10 3.65 4.14 3.83 2.81 2.14 2.16 2.65 3.08 2.96 2.62 2.61 2.69 2.65 2.55 2.33 2.19 2.20 2.33
