windninja/windninja_output/Output_2025-10-23_1400-1450_Google earth_Fire_150m_10min/merlingen_7.5mi_point_10-23-2025_1410_150m_ang.asc
ncols	158
nrows	163
xllcorner	391686.332397
yllcorner	5160024.123721
cellsize	150.000000
NODATA_value	-32768.000000
[rows 0 to 41 of 163, columns 0 to 93 of 158]
226 225 224 221 220 222 220 217 217 217 216 213 210 211 216 224 233 235 235 238 231 216 211 214 218 222 221 217 215 216 217 218 220 219 218 222 227 228 229 226 222 222 223 224 225 226 229 228 218 213 211 210 210 211 211 212 213 214 214 213 212 211 211 210 207 207 208 210 212 212 211 211 210 209 209 209 211 214 214 212 211 211 212 215 216 215 212 213 214 212 212 212 211 210
225 225 224 222 222 223 221 221 221 220 217 211 207 210 216 223 227 226 227 229 223 211 209 214 218 220 218 216 217 218 219 219 220 219 219 222 223 223 223 221 219 220 219 220 220 220 221 219 215 213 213 212 213 214 214 214 213 213 214 213 212 211 211 209 208 207 209 212 213 212 210 210 210 209 209 210 211 213 212 210 210 211 213 215 216 214 211 212 214 213 213 213 212 211
223 224 222 221 223 223 221 222 223 219 212 205 203 208 215 220 221 219 220 221 216 208 205 212 218 219 217 216 218 220 221 221 220 219 219 220 219 218 217 216 215 216 215 216 215 214 213 213 211 211 212 213 215 217 216 214 213 212 213 213 211 210 209 209 208 209 211 213 214 212 210 210 210 209 209 210 210 212 212 209 208 211 213 214 214 212 207 208 212 213 213 212 211 210
217 220 220 220 221 219 217 217 215 212 206 201 202 207 214 220 221 219 219 219 217 211 205 207 215 216 215 214 214 216 218 219 220 219 218 217 217 218 217 215 213 212 212 213 212 211 211 211 210 209 209 210 212 213 213 212 213 213 213 212 211 209 209 210 209 209 211 214 215 213 211 210 211 211 211 210 209 212 213 210 207 210 213 211 212 211 204 203 206 207 208 209 206 204
212 217 219 218 219 217 214 214 213 210 207 202 201 207 215 221 223 222 222 222 220 216 207 202 209 212 212 211 210 211 212 214 216 216 215 215 216 216 214 212 209 209 209 210 209 210 210 210 210 210 210 210 212 213 214 214 214 214 213 213 212 210 210 210 210 210 211 214 216 214 212 212 212 212 212 212 212 214 214 212 208 210 213 210 212 212 204 199 200 201 203 204 202 199
214 217 218 218 218 216 215 216 215 213 209 204 201 207 217 222 225 225 225 225 224 221 213 202 205 210 211 211 210 209 210 212 213 212 212 213 212 211 210 209 208 208 209 210 211 212 212 212 212 212 212 213 213 214 215 215 214 214 213 212 212 211 210 210 210 210 211 214 215 213 212 214 213 210 210 211 213 213 213 213 213 212 212 211 212 213 208 200 197 196 197 199 198 194
218 219 219 219 218 217 218 218 216 214 210 206 202 209 220 224 225 225 224 224 224 224 217 205 203 209 211 212 211 210 210 211 212 212 211 210 209 209 209 209 209 210 212 214 215 216 215 214 214 213 213 214 214 214 216 216 215 214 212 211 209 208 208 209 210 210 210 213 214 211 210 212 211 208 207 209 211 212 210 212 214 212 210 211 212 214 212 206 198 193 192 194 196 195
219 220 220 221 222 222 222 221 218 215 211 206 202 209 220 224 224 224 223 222 222 223 219 211 203 205 210 212 211 211 212 214 214 214 214 212 211 211 212 213 214 215 216 217 218 218 217 217 215 214 214 215 214 214 216 217 215 213 211 209 207 206 206 208 210 211 211 212 213 210 209 210 210 208 207 209 212 213 211 211 214 212 208 208 210 211 211 207 202 194 190 192 196 198
219 220 221 222 224 226 226 224 220 216 212 206 202 207 218 223 223 223 223 222 223 223 220 214 205 200 205 210 210 212 216 216 216 217 218 218 217 217 218 219 220 221 221 220 220 219 218 219 217 214 215 216 215 215 218 217 214 212 211 209 209 208 207 209 211 212 212 211 211 210 210 213 214 212 210 211 214 215 212 213 216 213 206 203 203 203 204 203 198 193 190 191 193 193
219 221 223 223 223 225 225 223 220 217 213 209 203 207 218 223 223 222 221 221 222 222 219 214 208 200 200 208 210 212 217 217 216 219 221 222 221 221 222 223 223 223 222 222 222 221 220 220 219 215 217 218 216 217 219 219 216 215 215 215 216 215 212 213 216 215 213 211 210 212 214 216 215 214 213 213 216 215 210 210 212 211 205 200 200 199 199 198 194 192 193 193 191 190
220 221 223 223 222 222 222 221 219 217 215 212 207 208 217 224 224 223 221 221 221 220 219 215 210 204 200 205 210 212 217 219 219 222 225 224 223 223 224 223 223 223 223 223 225 225 223 223 223 221 223 223 221 222 225 226 225 226 227 226 226 225 222 221 222 220 217 215 213 215 218 217 215 213 214 216 218 215 207 204 206 208 207 202 199 197 196 196 194 194 198 197 193 192
221 222 223 223 222 222 222 221 219 218 216 214 210 209 217 224 225 224 223 223 223 222 220 217 213 209 206 208 213 217 221 223 224 226 228 227 226 225 225 224 224 225 224 224 225 226 226 229 231 232 236 236 236 238 241 242 240 239 239 240 242 243 241 238 236 232 228 222 217 217 217 216 214 211 210 211 211 209 202 199 202 206 205 201 197 193 194 198 196 194 199 203 199 195
222 222 223 223 222 222 222 221 220 219 218 216 213 212 218 226 228 226 225 224 224 224 223 221 219 216 214 215 218 221 223 225 226 227 228 229 229 228 227 226 226 226 225 224 226 228 228 232 238 243 247 250 253 257 260 259 254 249 247 250 255 257 259 265 265 257 248 235 220 215 216 216 214 208 203 202 203 203 200 198 200 202 202 201 198 195 197 201 197 193 200 206 204 199
223 223 223 223 222 222 222 222 221 220 219 217 214 214 220 229 233 230 228 227 226 226 227 226 225 221 218 218 219 221 225 227 228 228 228 229 229 229 228 228 229 231 231 234 237 237 234 232 236 242 246 250 252 257 263 267 265 257 248 246 249 250 250 256 263 267 266 258 234 216 215 215 213 206 199 199 202 204 204 202 201 201 201 202 203 201 202 206 204 199 204 212 213 210
224 223 223 223 223 223 223 222 222 221 220 218 215 213 218 227 232 231 231 231 230 229 229 228 226 223 219 219 220 222 226 229 229 228 227 228 228 230 231 234 238 241 244 248 249 246 242 235 231 233 237 239 239 242 246 250 252 246 235 233 235 234 232 230 232 239 242 246 250 226 211 212 210 206 203 204 207 210 212 210 206 203 204 208 210 209 210 213 213 212 218 229 232 231
224 224 224 224 224 224 223 223 223 221 220 219 216 212 215 223 227 227 228 230 231 229 228 227 226 224 220 219 221 221 223 224 223 224 227 232 236 239 240 243 246 245 244 244 242 238 238 238 233 230 229 226 223 223 225 226 228 224 219 223 227 226 223 219 219 222 223 223 224 210 185 206 211 209 207 207 210 215 216 214 209 207 211 216 219 221 223 226 226 226 230 238 239 239
224 224 224 224 224 224 223 223 223 222 221 220 218 215 215 224 227 226 225 226 227 226 225 225 225 223 220 219 220 220 222 224 224 229 236 242 246 246 243 242 240 236 234 233 231 229 230 230 229 228 225 220 217 217 219 221 222 218 212 216 222 224 222 216 216 220 220 217 216 210 196 195 213 209 205 207 211 213 213 212 211 213 219 224 230 235 237 240 241 234 227 228 229 230
224 224 224 224 224 224 223 223 223 222 222 221 220 219 220 227 230 229 226 226 226 226 226 226 226 225 223 221 222 223 226 228 229 232 236 238 238 237 234 232 231 230 231 231 230 229 227 224 222 222 222 220 219 219 220 221 221 217 211 213 219 221 219 214 214 217 219 217 215 213 206 197 200 202 200 205 207 210 215 219 222 225 228 232 237 242 243 240 239 234 225 224 224 224
225 225 225 224 224 224 224 224 223 223 223 222 222 222 223 228 232 232 231 230 229 228 228 229 229 229 227 225 226 229 230 230 229 229 231 232 233 232 230 231 231 230 231 231 229 229 227 223 221 223 223 223 222 221 220 218 218 217 214 213 218 221 218 215 214 215 218 218 216 213 206 198 198 201 199 202 211 223 234 238 240 241 238 234 231 230 229 229 230 229 222 220 223 222
226 225 225 225 224 224 224 224 224 223 223 223 223 223 224 227 231 232 232 231 230 228 228 228 228 228 227 227 227 228 228 227 227 230 233 235 234 232 229 229 228 227 227 227 226 226 225 222 222 226 226 225 223 220 217 216 216 217 217 216 220 223 221 217 216 217 219 218 213 208 203 199 200 203 200 201 214 233 242 242 241 239 233 225 222 223 223 224 227 226 217 211 218 222
226 226 225 225 225 224 224 224 224 224 224 224 224 223 224 226 228 229 229 228 227 226 226 225 226 226 227 226 226 226 224 223 225 228 229 229 229 225 222 222 223 223 225 225 225 225 226 224 223 225 226 224 222 218 217 216 216 217 218 219 220 224 223 219 217 217 216 213 210 207 204 203 205 207 203 200 205 214 223 228 228 226 224 220 218 220 222 223 226 225 215 206 213 220
226 226 225 225 225 225 225 225 224 224 224 224 224 224 224 225 226 226 227 226 225 225 225 224 225 225 226 225 225 225 222 219 221 223 222 221 222 221 220 220 222 222 224 225 226 227 227 225 222 222 223 222 221 219 218 218 218 217 218 219 219 222 223 218 216 214 210 209 209 208 208 208 210 211 206 197 197 205 213 218 220 221 222 219 213 216 218 220 223 221 212 203 207 216
226 226 225 225 225 225 225 225 224 224 224 224 224 224 224 224 224 225 225 224 224 224 224 223 223 224 224 224 224 223 220 216 218 221 222 223 225 224 223 222 222 222 223 225 227 227 224 222 220 220 222 222 222 221 219 217 217 217 216 218 219 222 222 218 212 208 205 207 210 211 211 211 212 212 205 193 191 199 207 213 216 217 218 218 212 211 211 214 218 217 210 201 204 214
226 226 225 225 225 225 225 225 225 225 224 223 223 223 223 223 223 224 224 223 222 222 222 221 222 222 223 224 226 225 221 217 219 223 226 228 229 229 227 224 222 222 223 224 225 223 220 221 221 221 223 223 222 221 218 216 216 216 214 216 219 222 223 218 210 206 206 210 214 216 215 214 214 211 204 195 190 195 203 210 214 215 216 217 214 208 206 210 216 217 211 202 206 214
227 226 226 226 226 225 225 225 225 225 224 224 223 223 223 223 223 223 223 222 222 222 221 220 220 221 222 225 229 229 224 221 223 226 227 228 229 229 228 225 222 221 221 222 222 221 220 222 222 222 223 223 221 220 218 215 215 216 214 215 219 222 222 217 211 209 213 217 220 222 221 217 214 209 205 201 198 196 200 206 212 213 213 214 214 210 206 210 217 218 211 203 207 214
227 227 226 226 226 225 225 225 225 225 224 224 224 224 223 222 222 223 223 222 221 221 221 219 219 218 219 224 229 230 227 226 225 224 225 225 226 228 229 225 222 220 219 221 222 221 221 223 222 222 222 223 224 222 219 215 214 216 217 218 220 221 218 215 212 211 213 217 221 224 223 217 212 209 205 203 206 204 197 199 205 208 208 210 212 210 205 206 214 217 207 200 205 211
227 227 226 226 226 225 225 225 226 225 224 224 224 223 223 223 223 222 222 222 221 220 219 217 216 215 215 221 227 228 227 228 229 227 225 223 223 227 228 224 220 219 218 221 222 218 219 221 221 220 220 222 224 222 218 211 211 216 219 217 218 220 218 216 215 214 213 214 217 220 220 216 211 208 202 200 208 211 199 190 197 203 205 206 209 208 204 205 212 214 205 195 200 207
227 227 227 226 226 226 225 226 226 225 224 224 224 224 223 223 223 222 221 221 220 219 217 216 214 211 212 218 223 224 225 229 230 230 228 224 222 226 228 223 218 218 218 218 217 213 214 217 220 218 216 218 219 218 215 207 206 213 215 213 217 221 221 220 220 219 215 213 215 217 219 216 210 206 200 197 205 212 207 191 191 199 203 204 207 208 206 207 213 214 206 194 194 203
227 227 227 227 226 226 226 226 226 225 225 225 224 224 223 223 222 221 221 220 219 218 217 215 212 208 208 213 217 218 221 225 226 226 224 219 218 223 225 220 214 214 213 213 212 209 210 214 218 216 210 213 216 216 214 203 199 208 214 215 218 220 219 218 219 219 215 212 215 217 218 215 209 206 201 197 203 214 215 204 192 192 199 205 210 213 213 212 215 216 211 200 193 198
227 227 227 227 227 226 226 226 226 225 225 225 224 224 223 222 222 221 220 220 219 218 216 214 210 206 205 209 211 212 216 220 222 222 217 207 207 215 219 214 209 209 208 209 208 206 208 210 213 211 206 208 213 215 213 203 197 207 217 222 223 223 221 219 219 219 213 211 217 220 220 216 212 209 203 199 203 214 220 216 201 189 196 207 215 218 216 214 215 215 213 209 199 195
228 228 227 227 227 227 226 226 226 225 225 225 224 224 223 222 221 221 220 220 219 217 215 213 209 205 204 208 210 212 217 221 221 219 212 201 201 210 214 210 206 206 206 208 207 205 207 208 210 209 207 209 212 216 215 207 204 212 222 228 229 225 225 225 224 221 212 211 222 227 226 222 218 211 202 198 200 209 218 219 209 193 195 206 212 212 211 211 212 214 215 215 212 206
228 228 227 227 227 227 226 225 225 225 224 224 224 224 223 222 222 221 220 219 218 216 214 212 209 206 205 206 209 214 221 223 221 220 214 201 201 209 212 210 209 209 209 212 211 208 210 212 214 216 216 217 218 221 219 211 211 218 227 234 231 222 221 225 227 222 211 212 224 231 228 222 217 207 198 197 200 206 214 218 213 201 198 203 209 211 212 215 218 220 221 221 221 220
228 228 227 227 228 227 226 225 225 225 224 224 224 224 223 222 222 221 220 219 218 216 214 212 210 206 204 203 203 208 214 217 219 223 220 204 201 211 214 213 215 214 214 216 215 214 217 219 221 223 224 224 223 225 222 213 212 219 227 234 232 220 214 219 225 223 210 208 221 227 222 213 207 200 196 195 197 202 211 217 215 208 205 206 210 216 220 222 224 226 226 226 225 224
228 228 227 228 229 227 226 226 226 225 225 224 224 224 223 222 221 221 220 219 218 216 213 212 210 206 203 200 198 202 209 215 218 223 223 207 199 212 215 215 217 216 216 218 219 220 224 225 225 227 227 227 227 228 225 218 215 219 226 230 228 216 206 212 222 223 214 208 218 222 215 207 204 200 195 194 194 197 206 214 215 212 211 210 207 210 217 218 218 221 223 224 224 222
227 227 227 228 228 227 226 225 226 225 225 225 224 224 223 222 221 221 220 219 218 217 214 212 210 207 204 200 197 202 212 218 220 222 221 211 199 210 215 215 217 218 220 223 225 228 229 229 229 230 230 230 231 230 229 226 224 224 228 230 227 215 202 206 219 223 221 214 215 218 213 209 207 203 198 194 192 195 202 211 214 212 212 213 208 206 213 214 213 214 217 217 217 217
227 227 227 228 228 226 225 225 226 225 225 225 224 224 223 223 222 221 220 219 218 217 215 213 211 208 205 201 200 207 215 218 219 220 220 214 206 209 216 218 221 223 226 227 228 230 229 228 229 228 228 229 229 228 226 226 226 228 231 234 232 222 204 202 214 221 222 218 214 215 214 215 214 209 203 196 194 200 208 213 214 213 214 218 217 208 208 212 210 209 210 211 213 216
228 227 228 228 227 226 225 225 226 226 225 225 224 224 224 223 222 222 221 220 219 218 216 215 212 209 205 202 204 210 213 214 216 220 222 218 212 213 220 224 226 227 227 227 228 228 225 225 227 227 226 225 224 223 222 222 223 225 228 233 234 226 209 200 208 218 221 220 216 215 218 223 222 213 203 198 197 204 213 216 215 215 217 221 222 215 203 206 208 204 204 208 212 216
228 227 228 228 228 226 226 226 226 226 225 225 224 224 224 223 222 222 221 220 220 218 217 215 213 209 205 202 203 208 209 211 217 223 225 221 217 219 224 227 226 226 226 226 226 226 223 223 224 225 225 222 220 221 221 220 219 221 223 226 229 225 213 202 204 216 224 225 220 216 217 220 217 207 201 201 198 198 209 214 212 213 216 218 221 218 201 199 204 204 202 206 211 213
227 227 228 228 227 227 226 226 226 226 225 224 224 224 224 223 223 222 221 221 220 219 217 216 214 210 205 200 201 208 210 213 218 222 224 221 218 223 226 225 224 224 223 223 223 222 220 217 216 219 220 216 214 217 219 215 212 214 216 218 220 218 214 206 204 215 228 231 225 216 213 210 206 203 202 203 196 189 202 213 209 207 211 214 219 217 205 195 198 202 203 206 211 214
228 228 228 228 228 227 227 227 227 226 225 225 224 224 224 224 223 222 222 221 220 219 218 217 215 211 207 202 204 213 217 217 219 221 223 219 215 219 223 223 223 223 222 219 218 218 218 214 212 215 218 213 208 209 211 208 203 204 208 211 212 214 215 213 208 214 228 232 224 215 209 207 207 206 204 202 194 183 194 207 208 207 211 215 220 220 210 196 194 200 203 207 214 218
228 229 228 228 228 227 227 227 227 226 226 225 225 224 224 224 223 223 222 222 221 220 219 218 216 213 210 208 210 217 222 220 220 222 222 218 215 217 219 220 221 220 219 216 215 216 215 211 208 212 217 212 202 200 206 206 201 201 207 211 213 215 219 219 213 213 226 228 220 212 209 212 215 208 201 199 192 182 187 202 207 208 210 214 219 219 209 197 194 198 201 208 217 222
228 228 228 228 228 227 227 227 227 226 225 225 225 224 224 224 223 223 222 222 221 220 219 219 218 216 214 213 213 217 222 221 220 220 217 214 216 218 218 217 215 214 214 213 212 210 208 207 205 208 214 211 201 199 206 211 208 207 214 219 220 218 219 220 217 214 220 221 214 209 211 214 212 201 195 196 191 184 187 200 207 207 208 211 212 209 204 199 199 199 200 209 219 224
