windninja/windninja_output/Output_2025-10-23_1400-1450_Google earth_Fire_150m_10min/merlingen_7.5mi_point_10-23-2025_1400_150m_ang.asc
ncols	158
nrows	163
xllcorner	391686.332397
yllcorner	5160024.123721
cellsize	150.000000
NODATA_value	-32768.000000
[rows 0 to 41 of 163, columns 0 to 93 of 158]
224 224 222 219 218 220 219 216 216 216 215 212 209 211 216 224 233 235 235 238 232 217 212 215 219 223 223 219 218 219 219 221 223 223 222 226 231 233 234 232 228 227 228 230 232 233 237 236 227 221 219 217 218 219 220 220 221 222 223 223 221 220 220 219 216 215 216 220 223 224 222 222 221 220 220 220 222 225 226 225 223 222 223 227 228 227 224 224 225 223 222 223 222 220
224 224 222 219 220 221 219 219 220 219 215 210 207 209 216 222 226 226 227 229 224 212 210 215 220 222 220 218 219 220 221 222 223 222 223 226 227 227 228 226 225 225 225 226 227 227 228 228 224 222 221 221 222 222 222 222 221 222 223 223 221 221 220 219 217 216 218 221 224 223 222 221 221 220 220 221 222 224 224 223 222 222 224 226 227 227 223 223 225 224 224 224 223 222
221 221 220 219 221 220 219 220 221 218 211 204 203 207 214 220 221 219 220 221 217 209 207 213 219 221 219 218 220 222 223 224 223 223 223 224 223 222 222 221 221 221 221 222 222 221 220 220 219 220 221 222 223 225 224 222 221 221 221 221 220 219 219 219 218 218 221 223 225 223 221 220 221 220 221 220 220 223 223 221 219 221 225 224 225 224 219 220 222 224 225 225 223 222
214 217 218 217 219 217 215 215 213 210 205 200 201 207 214 220 220 219 219 220 217 212 206 208 216 218 217 216 216 218 220 222 223 223 221 221 221 222 221 220 218 217 218 219 219 218 218 218 217 216 216 217 219 221 221 221 221 222 222 221 220 218 218 219 219 219 221 224 226 224 221 221 222 222 222 221 221 223 224 221 216 220 223 222 224 224 216 215 217 218 219 221 219 217
208 214 216 216 217 214 212 212 211 209 205 201 200 206 214 220 222 222 222 222 220 216 208 204 211 214 213 212 212 212 214 217 219 219 218 219 220 220 219 217 215 214 215 216 216 216 217 217 217 217 217 217 219 220 221 221 222 222 222 222 221 219 219 220 219 219 221 224 226 224 222 223 223 223 223 223 225 226 225 222 218 220 223 221 223 225 217 212 212 212 213 215 214 211
209 212 215 215 215 213 212 213 213 211 208 203 200 207 216 221 224 225 225 225 224 222 214 203 206 211 212 212 211 211 212 214 215 215 215 216 216 216 215 214 213 213 215 216 217 218 219 218 219 218 218 219 220 221 223 223 223 222 222 221 221 219 219 219 220 220 220 224 225 222 222 224 224 222 220 222 224 225 225 223 222 224 224 223 223 225 221 215 213 210 210 211 209 206
213 214 215 215 215 214 215 215 214 212 208 204 201 208 219 223 224 225 224 224 224 224 218 206 205 211 213 214 213 212 212 214 215 214 214 214 213 213 213 214 214 216 218 220 221 222 221 221 220 219 219 220 220 221 223 224 224 223 222 220 219 217 217 218 219 219 220 223 224 221 219 221 221 218 217 219 221 223 221 220 223 223 223 223 224 226 225 222 218 214 211 212 211 208
214 215 215 216 218 218 219 218 216 213 209 204 201 207 219 223 223 223 223 222 223 223 220 212 205 207 212 214 213 213 215 217 217 217 217 216 215 215 217 218 219 220 222 223 224 224 223 223 222 220 220 221 220 221 223 224 223 222 221 219 216 214 215 216 218 219 220 223 223 220 218 220 220 218 217 219 222 223 219 219 225 224 220 221 222 223 223 222 220 216 215 217 218 217
214 215 216 217 219 222 223 221 217 214 210 204 200 206 217 222 222 222 223 222 223 223 221 215 207 202 207 212 213 215 219 220 219 220 221 222 221 221 222 223 224 226 226 226 226 225 225 225 223 220 221 223 221 222 225 225 222 221 220 219 218 217 216 217 219 221 221 221 221 219 220 223 223 221 220 221 224 224 220 221 227 227 220 216 216 216 216 216 212 208 207 209 212 212
214 216 217 218 218 220 221 220 217 214 211 206 201 205 216 222 222 222 221 221 222 222 220 215 209 202 202 210 212 215 220 220 219 222 225 225 225 225 226 227 228 228 227 227 228 227 226 227 225 222 223 225 223 224 227 227 225 224 224 224 225 224 222 223 225 225 223 221 219 220 224 226 226 224 222 223 226 224 219 220 223 224 220 215 215 214 213 212 207 204 205 206 206 205
215 216 217 218 217 218 218 218 216 214 212 209 205 205 216 222 223 223 221 221 221 220 219 216 211 206 202 207 212 215 220 222 222 226 228 228 227 227 228 228 227 228 228 228 230 231 229 229 229 227 230 230 228 230 233 234 234 234 235 234 234 235 233 233 235 232 229 226 222 223 227 227 225 223 223 225 228 226 218 217 219 220 219 216 217 215 214 215 211 207 210 212 209 207
215 216 217 218 217 217 217 217 216 214 213 211 208 207 215 222 224 223 222 222 223 222 221 218 214 210 207 210 216 219 224 226 227 229 231 231 230 229 229 228 228 229 229 228 230 231 232 234 236 238 242 243 243 246 248 248 246 245 245 245 248 250 250 251 250 247 241 234 227 227 228 226 224 221 219 220 221 220 215 213 215 217 217 214 212 210 212 218 214 207 214 219 217 212
216 216 217 217 217 217 217 217 216 215 214 213 210 210 216 224 226 225 224 224 224 224 224 222 219 217 215 216 221 224 226 228 229 230 231 233 233 232 231 230 230 231 229 228 230 232 232 236 242 247 252 255 258 260 263 263 258 253 250 253 257 260 264 271 273 267 259 248 235 230 228 226 225 219 214 212 213 214 212 210 212 215 215 214 213 209 213 218 213 206 214 223 221 216
216 216 217 217 217 217 217 217 217 216 215 214 212 211 218 227 231 229 227 227 226 226 227 227 225 222 219 220 221 224 227 230 231 231 231 232 233 233 232 232 233 234 235 237 240 240 237 235 239 245 250 253 256 259 265 269 267 259 251 249 252 255 258 264 271 273 273 271 262 242 232 229 226 219 212 212 215 217 216 214 214 216 216 218 218 215 217 222 218 213 220 229 229 227
217 217 217 217 217 218 218 217 217 217 216 215 212 210 216 225 230 230 229 231 230 229 230 229 227 224 221 221 222 224 228 231 232 231 230 231 232 233 235 237 241 243 246 250 251 248 245 239 235 236 241 243 243 246 250 255 257 251 240 239 242 243 242 242 244 251 257 264 276 276 244 232 228 221 217 219 223 225 225 225 223 221 221 224 224 223 226 228 226 225 233 242 243 244
217 217 217 217 218 218 218 218 218 217 217 216 213 209 212 221 225 225 226 230 230 229 228 227 227 225 221 221 223 223 226 227 226 227 231 235 239 241 242 245 248 247 246 247 245 241 242 242 237 234 233 231 228 229 231 232 234 231 226 232 236 236 235 230 229 234 237 241 248 262 267 246 236 228 223 223 226 229 230 231 229 227 230 232 233 233 236 237 236 235 241 248 248 248
217 217 217 217 218 218 218 218 218 218 217 216 215 211 212 221 225 224 224 225 227 226 225 226 226 224 222 220 221 222 224 226 227 231 238 244 248 248 245 244 242 239 237 237 235 233 234 234 234 234 230 225 222 223 225 226 227 224 219 225 231 234 232 226 226 230 232 233 234 233 240 260 253 239 228 226 226 228 230 231 229 230 235 238 241 244 245 246 248 244 239 239 240 241
217 217 217 217 217 218 218 218 218 218 218 217 217 215 216 224 228 227 225 225 226 226 226 227 227 226 224 223 223 225 228 230 231 234 237 240 241 239 236 235 234 233 234 235 233 232 231 228 227 228 229 226 224 225 226 226 226 223 218 222 228 231 228 224 224 229 231 231 230 229 228 230 240 243 235 229 226 228 233 236 236 238 240 241 244 248 248 246 248 248 241 237 236 236
217 217 217 217 217 218 218 218 218 218 218 218 218 218 219 224 229 230 230 229 229 229 228 229 230 229 228 227 228 231 232 231 230 231 232 234 235 234 233 234 234 233 234 234 233 232 231 228 226 228 229 229 228 226 225 224 224 223 221 222 227 229 227 224 224 227 230 230 228 228 224 217 220 228 230 233 237 243 247 248 248 250 247 242 239 238 238 238 241 243 241 237 236 235
217 217 217 217 217 218 218 218 218 218 219 219 219 219 221 224 229 231 231 230 229 228 228 228 229 229 228 228 229 230 230 229 229 231 235 237 236 235 232 231 231 230 230 230 230 230 230 228 228 231 232 231 229 226 224 222 222 223 224 224 228 231 230 227 227 229 231 229 226 223 219 214 216 220 219 222 235 247 251 250 250 249 245 238 234 233 233 234 238 240 235 229 234 236
217 217 217 217 217 218 218 219 219 219 219 220 220 220 221 224 226 228 228 227 227 226 226 226 226 227 227 227 227 227 226 225 226 229 231 231 231 228 225 225 225 226 228 228 229 229 230 229 228 230 231 230 228 226 225 224 223 224 225 226 228 231 232 229 228 229 228 226 224 221 217 215 218 221 219 214 217 226 234 239 241 240 237 234 232 233 233 233 237 239 232 223 229 235
217 217 217 217 218 218 218 219 219 219 219 220 221 220 221 222 223 225 225 225 225 225 225 224 225 226 226 226 227 226 223 221 222 224 224 223 224 224 222 223 224 225 226 228 230 231 231 229 227 227 229 228 227 227 227 226 226 225 225 225 226 229 231 228 227 227 224 223 223 221 218 218 221 225 221 210 208 216 223 228 232 233 234 233 229 229 230 232 236 236 228 217 221 230
217 217 217 217 217 218 218 219 219 219 219 219 220 220 221 221 222 223 223 223 223 223 223 223 223 224 225 225 225 224 221 217 219 223 224 225 227 226 225 225 225 225 226 228 230 231 228 226 225 225 228 228 228 227 226 225 226 225 223 224 226 229 231 228 225 223 219 221 222 221 219 219 223 225 220 205 201 210 217 222 226 226 229 231 227 226 225 228 232 232 225 212 216 227
217 217 217 217 217 218 218 219 219 219 219 219 220 220 220 221 221 222 222 222 222 222 222 221 222 223 223 225 227 226 222 218 221 225 227 230 231 230 229 226 225 224 225 227 229 227 224 225 225 226 228 229 228 227 225 224 225 224 221 223 226 230 232 230 225 220 219 222 224 223 222 222 225 225 218 206 200 208 216 220 223 223 225 227 226 225 223 227 231 231 224 212 217 227
217 217 217 217 218 218 218 219 219 220 219 219 220 220 220 220 220 221 221 221 221 221 221 220 220 221 223 226 230 230 225 223 225 227 229 230 231 231 230 227 225 224 223 225 226 224 223 226 226 227 229 229 228 227 225 223 223 223 221 222 227 231 233 231 227 224 225 226 227 228 228 227 227 224 217 211 208 212 216 219 221 222 221 223 224 225 225 229 234 233 223 212 218 227
217 217 217 218 218 218 218 219 219 220 219 219 219 220 220 220 220 220 221 221 220 220 220 219 219 218 220 224 229 230 228 227 227 226 226 226 227 230 231 228 225 223 222 225 226 224 224 226 226 226 227 229 230 229 226 222 221 222 224 226 229 232 232 228 223 221 222 224 226 229 231 231 228 223 215 211 216 220 216 215 218 218 217 218 221 221 219 222 231 232 220 208 215 224
217 217 217 217 218 218 218 219 219 219 219 219 220 220 220 220 220 220 220 220 220 219 218 217 216 215 215 221 227 228 228 229 231 229 226 224 224 228 230 226 223 222 222 225 225 221 222 224 225 224 224 227 230 229 226 219 217 221 225 226 230 235 234 228 224 221 219 219 222 227 231 231 227 221 211 206 216 224 219 210 214 217 216 216 218 218 214 216 226 229 218 205 211 219
217 217 217 217 218 218 218 219 219 219 219 220 220 220 220 220 220 220 219 219 219 218 217 215 213 211 212 218 223 224 226 229 231 231 230 226 224 228 229 225 221 222 221 222 220 216 217 220 223 223 220 222 224 225 223 213 211 218 222 223 230 236 235 231 228 225 220 218 221 226 231 231 224 218 208 203 213 223 222 211 212 216 217 218 220 219 215 216 224 226 219 206 207 216
216 217 217 217 218 218 218 219 219 219 220 220 220 220 220 220 220 219 219 218 218 217 216 214 211 208 208 213 217 218 222 226 227 227 226 221 220 225 227 222 217 217 217 217 215 212 214 217 221 220 215 218 221 222 220 208 203 214 222 226 231 233 230 226 226 224 219 217 223 229 231 228 220 215 208 204 213 225 227 221 215 214 218 222 226 226 223 222 226 226 222 214 209 215
216 217 217 218 218 218 219 219 219 219 220 220 220 220 219 219 219 218 218 218 217 217 215 213 210 205 205 208 211 212 216 221 223 222 217 208 208 217 221 216 211 212 211 212 211 209 212 214 217 215 210 213 217 220 218 207 201 213 225 233 236 234 229 225 225 225 218 217 227 234 234 228 221 216 210 207 213 225 231 231 223 214 219 227 231 231 228 227 227 225 223 220 216 217
217 217 217 218 218 219 219 219 219 219 220 220 220 220 220 219 218 218 217 218 217 216 214 212 208 204 204 207 209 212 217 221 221 219 213 202 202 212 216 212 209 209 208 211 210 208 210 212 214 214 211 213 217 221 219 211 208 219 231 238 239 234 231 230 230 227 219 220 233 240 239 232 227 219 209 206 210 219 228 231 227 215 219 228 229 227 226 226 226 225 225 225 225 228
217 217 216 217 219 218 218 219 219 219 219 220 220 220 220 219 219 218 217 217 216 215 213 211 208 205 204 205 208 214 221 223 221 221 215 202 202 211 215 212 211 211 212 215 214 212 214 217 220 221 221 221 223 225 223 214 215 225 236 242 239 229 226 229 232 230 220 222 235 242 239 232 227 218 207 205 208 215 224 229 226 216 217 225 229 230 230 230 231 231 231 230 231 236
217 217 217 218 219 219 218 219 219 219 219 219 220 219 219 219 218 218 217 217 216 214 212 211 209 205 203 202 203 208 214 217 219 223 221 205 202 213 217 216 217 216 216 219 218 218 221 224 225 227 229 229 228 229 226 217 216 225 235 242 239 226 219 224 231 231 221 220 232 238 233 224 220 212 205 204 205 211 221 228 226 219 220 225 230 235 237 237 236 236 236 236 235 237
217 217 217 218 220 219 218 219 220 220 219 219 219 219 219 219 218 218 217 217 216 214 212 210 209 205 202 199 197 201 209 215 218 224 224 208 200 214 218 217 219 218 218 221 222 224 228 229 229 231 232 232 233 232 229 223 221 226 232 236 235 222 211 218 228 230 225 223 231 233 226 219 216 210 204 202 202 207 216 223 223 220 222 225 225 227 232 232 231 232 233 235 237 238
216 216 217 218 219 219 218 219 220 220 219 219 220 220 219 219 218 218 217 216 216 214 212 210 209 206 202 199 196 201 212 218 220 223 222 212 201 211 217 217 219 221 223 226 228 232 233 232 233 234 234 235 236 235 233 232 230 231 234 235 233 222 207 212 225 229 229 228 232 232 225 220 218 212 207 203 202 206 214 220 220 219 221 225 223 221 226 228 226 226 228 229 232 236
216 216 216 218 219 218 218 219 219 219 219 219 220 220 219 219 218 218 217 216 216 214 213 211 209 207 203 200 199 206 215 218 219 221 221 215 207 211 218 220 223 225 228 229 231 234 233 232 233 233 233 233 234 233 232 232 233 235 237 239 237 228 210 209 221 227 230 230 232 233 228 225 223 218 213 207 205 213 221 224 222 220 221 226 228 222 222 224 222 221 223 225 229 235
216 216 217 218 219 218 218 219 219 220 220 219 219 219 219 219 218 218 217 217 216 215 214 212 210 207 204 201 203 209 212 214 217 221 223 219 213 214 221 226 227 229 229 229 231 231 229 229 231 231 231 230 229 228 228 228 229 232 234 238 239 232 217 208 216 225 229 230 231 230 229 232 231 224 215 208 208 215 225 229 226 223 224 227 231 228 219 220 220 218 220 224 229 234
216 216 217 219 219 219 219 219 220 220 220 219 219 219 219 219 218 218 217 217 216 216 214 213 210 207 203 200 202 207 208 210 217 223 226 222 218 220 226 228 228 228 229 228 229 229 227 227 228 229 230 228 225 226 227 226 225 227 229 232 235 231 221 210 213 225 232 235 232 226 226 230 229 220 212 210 208 207 218 226 224 223 224 225 230 229 217 213 218 219 219 224 229 233
216 216 218 219 219 220 220 220 220 220 220 219 219 219 219 219 218 218 218 217 217 216 215 213 211 208 204 199 200 206 209 213 219 223 225 222 219 223 228 226 225 226 226 225 226 225 223 221 220 223 225 222 220 223 225 222 219 220 222 224 226 224 220 213 212 225 237 240 234 224 221 221 219 214 210 212 207 197 211 222 219 217 220 223 229 228 218 208 214 218 219 224 232 237
217 217 219 219 220 220 220 220 220 219 219 219 219 219 219 219 219 218 218 218 217 216 215 214 212 209 205 200 202 211 217 217 219 222 224 220 216 220 224 224 225 225 225 222 221 222 221 218 216 219 222 219 213 214 217 214 209 210 214 217 217 218 220 218 215 223 238 241 232 223 220 220 219 214 210 212 205 189 200 215 215 215 220 226 232 231 222 209 209 215 217 224 236 239
218 218 219 219 220 220 220 220 220 220 219 219 219 219 219 219 218 218 218 218 217 216 216 215 214 211 208 206 208 216 221 221 220 223 223 218 216 218 220 222 222 223 222 219 218 220 219 215 212 217 222 219 208 206 212 212 207 207 213 217 218 219 222 224 220 222 235 237 229 223 222 224 224 215 209 212 202 186 193 209 213 214 218 225 231 231 223 211 208 213 215 225 236 239
219 219 219 219 220 220 220 220 220 220 219 219 219 219 219 219 218 218 218 218 217 217 216 216 215 213 212 211 211 216 221 221 221 221 218 215 216 219 220 219 217 216 216 216 215 213 212 210 209 212 219 218 208 205 213 217 214 213 220 225 224 222 223 225 223 223 230 230 224 221 221 223 221 210 206 210 200 187 191 206 214 213 216 221 224 224 217 211 211 213 216 225 233 237
