windninja/windninja_output/Output_2025-10-23_1400-1450_Google earth_Fire_150m_10min/merlingen_7.5mi_point_10-23-2025_1420_150m_vel.asc
ncols	158
nrows	163
xllcorner	391686.332397
yllcorner	5160024.123721
cellsize	150.000000
NODATA_value	-32768.000000
[rows 111 to 147 of 163, columns 0 to 83 of 158]
9.28 8.74 7.72 6.74 5.69 4.72 4.12 3.87 3.81 3.73 3.70 3.61 3.33 3.48 3.99 4.26 4.30 4.42 4.84 5.24 5.40 4.70 3.80 3.94 4.15 4.42 5.39 6.91 8.12 8.55 8.02 7.56 7.69 8.45 10.71 11.95 12.42 12.65 11.34 9.51 9.59 10.14 10.01 9.55 9.65 9.64 9.10 8.70 8.81 9.04 9.06 8.91 8.76 8.91 9.16 9.22 9.19 9.18 9.06 8.81 8.65 8.67 8.83 8.86 8.60 8.26 7.64 6.75 6.29 6.39 6.68 6.87 6.86 6.72 6.49 6.14 5.74 5.42 5.07 4.72 4.51 4.35 4.08 3.79
9.04 8.27 7.07 6.28 5.55 5.01 4.81 4.69 4.51 4.28 4.37 4.55 4.41 4.60 4.95 5.04 4.97 5.14 5.65 6.78 7.77 7.60 5.92 4.96 4.84 5.01 5.88 6.93 7.94 8.62 8.80 8.62 8.72 10.29 13.01 14.38 14.39 12.96 10.78 9.96 9.83 9.28 9.52 10.60 10.69 9.78 8.87 8.59 8.81 9.12 9.26 9.06 8.89 9.03 9.24 9.29 9.35 9.45 9.46 9.27 8.95 8.74 8.78 8.97 9.21 9.23 8.93 8.20 7.16 6.52 6.38 6.41 6.51 6.60 6.53 6.34 6.12 5.96 5.82 5.52 4.97 4.64 4.32 3.97
9.77 8.68 7.11 6.35 5.78 5.24 4.98 5.05 5.30 5.36 5.44 5.76 6.02 6.04 5.91 5.70 5.65 6.21 7.65 8.99 9.86 10.00 8.67 6.31 5.40 5.83 6.62 7.28 7.54 7.93 8.71 9.26 9.57 11.47 13.56 13.53 12.50 11.04 9.90 9.27 8.36 8.23 10.01 11.51 11.15 9.82 9.14 9.22 9.31 9.39 9.35 9.16 9.28 9.48 9.47 9.41 9.48 9.65 9.81 9.75 9.52 9.30 9.16 9.12 9.24 9.49 9.61 9.49 9.05 8.24 7.59 7.25 7.16 7.14 7.00 6.72 6.45 6.36 6.41 6.27 5.82 5.10 4.36 3.80
10.60 9.69 8.01 6.98 6.61 6.17 5.59 5.35 5.42 5.53 5.76 6.50 7.29 7.40 6.87 6.41 6.86 8.05 9.10 9.36 9.92 10.95 11.29 9.15 8.18 8.84 9.07 8.31 7.85 8.24 8.54 9.16 10.24 11.91 12.79 11.27 9.93 9.89 9.74 9.18 8.63 10.09 12.49 13.15 11.89 10.85 10.98 10.91 10.32 9.92 9.65 9.43 9.59 9.79 9.82 9.78 9.68 9.62 9.70 9.85 9.88 9.78 9.77 9.80 9.66 9.69 9.91 10.09 10.10 9.80 9.15 8.41 7.71 7.26 7.22 7.16 6.86 6.58 6.39 6.32 6.22 5.86 5.20 4.56
10.89 10.39 9.31 8.29 7.64 7.30 6.88 6.18 5.59 5.45 6.15 7.33 8.01 8.23 7.86 7.70 8.40 9.00 8.76 8.38 9.09 10.96 13.42 14.14 13.06 11.91 11.45 10.88 10.75 10.28 10.06 10.72 11.67 12.23 12.81 12.47 11.63 10.98 10.17 9.77 10.87 13.68 15.17 14.39 13.16 12.87 12.55 11.54 10.74 10.53 10.34 10.10 9.89 9.75 9.77 9.68 9.49 9.40 9.50 9.79 9.98 9.99 9.97 10.04 10.08 10.00 10.04 10.17 10.16 9.99 9.66 9.00 8.02 7.09 6.82 7.14 7.30 6.91 6.46 6.29 6.28 6.19 6.02 5.59
10.99 10.63 9.85 8.95 8.08 7.55 7.32 7.22 6.89 6.57 7.27 7.92 8.06 8.38 8.67 8.95 9.13 8.81 8.48 9.03 10.48 12.72 15.38 17.11 17.03 15.11 13.18 12.09 11.76 12.71 13.40 14.06 13.92 13.40 13.76 14.43 14.27 13.04 12.13 12.52 14.29 16.35 15.98 14.51 13.86 13.17 11.64 10.63 10.99 11.36 11.29 10.94 10.33 9.85 9.57 9.40 9.36 9.34 9.41 9.62 9.84 9.97 9.99 10.04 10.20 10.23 10.16 10.17 10.26 10.24 10.05 9.78 9.34 8.45 7.18 6.74 6.98 7.11 6.62 6.00 5.78 5.88 5.95 5.80
10.89 10.47 9.67 8.82 8.01 7.48 7.39 7.91 8.48 8.62 8.36 7.98 7.88 8.40 9.12 9.12 8.45 8.38 9.48 11.43 13.21 14.85 15.92 17.00 18.43 19.32 18.36 15.91 15.84 14.63 13.87 13.86 15.31 17.99 20.01 19.85 18.03 15.74 15.18 16.93 18.73 18.08 16.08 14.97 14.24 12.83 12.10 12.37 12.88 13.03 12.77 11.94 10.97 10.32 9.85 9.71 9.70 9.56 9.44 9.46 9.69 10.11 10.49 10.64 10.58 10.42 10.38 10.41 10.42 10.45 10.51 10.59 10.63 10.30 9.28 7.88 7.08 7.02 6.97 6.49 6.07 6.06 5.90 5.73
11.02 10.38 9.56 8.88 8.20 7.85 7.75 8.08 8.66 9.11 8.83 8.20 7.99 8.49 9.06 8.94 8.34 8.58 10.51 11.99 12.71 13.36 13.81 14.55 16.30 19.28 22.06 22.90 22.69 20.97 17.68 17.57 21.24 25.45 25.89 25.93 25.29 22.03 21.24 22.59 21.71 19.32 16.90 15.20 14.19 13.98 14.26 14.83 14.95 14.49 13.53 12.22 11.26 10.58 10.09 9.92 9.87 9.76 9.61 9.54 9.65 9.96 10.56 11.10 11.29 11.27 11.15 10.91 10.60 10.46 10.58 10.76 10.91 11.11 11.05 10.16 8.65 7.63 7.44 7.57 7.43 6.85 6.14 5.72
11.55 10.73 9.75 8.96 8.16 7.94 7.86 7.76 7.74 7.97 8.26 8.24 8.26 8.49 8.51 8.67 9.04 9.27 9.97 10.44 10.57 10.85 11.51 12.56 13.92 15.54 17.99 20.09 22.22 24.63 26.50 28.54 29.34 27.49 23.76 23.80 26.22 28.10 28.38 27.95 25.33 21.65 18.84 17.45 17.31 16.84 15.78 15.41 15.16 14.15 12.97 11.86 11.12 10.48 9.99 9.78 9.71 9.73 9.72 9.66 9.69 9.84 10.03 10.30 10.58 10.80 10.81 10.75 10.60 10.36 10.22 10.33 10.64 11.11 11.55 11.54 10.63 9.21 8.26 7.73 7.24 6.72 6.31 6.08
11.84 11.03 10.12 9.51 8.35 7.35 6.87 6.81 6.99 7.23 7.48 7.98 8.69 8.96 8.82 9.08 9.44 9.66 9.50 9.38 9.30 9.45 10.29 11.32 12.32 13.23 13.92 14.74 17.66 22.09 25.48 26.76 24.93 21.19 18.11 18.51 22.08 25.49 26.36 26.32 26.48 25.41 23.62 22.49 21.50 19.90 18.44 17.75 16.40 14.38 13.02 12.07 11.31 10.73 10.14 9.65 9.45 9.52 9.60 9.72 9.84 9.73 9.16 8.10 6.83 6.45 6.76 7.62 8.81 9.64 9.90 9.89 10.01 10.39 10.96 11.65 11.87 10.96 9.43 8.06 7.09 6.64 6.53 6.52
11.94 11.26 10.77 11.37 11.41 9.84 8.67 7.88 7.14 6.97 7.21 7.84 8.74 9.47 9.96 10.11 9.77 9.54 9.25 8.57 8.07 8.50 9.28 10.19 11.45 12.38 12.89 14.10 17.34 20.38 20.27 18.66 17.53 16.44 15.78 16.09 16.93 18.11 17.95 18.75 21.58 23.62 23.22 21.21 19.70 19.13 19.03 18.53 16.90 15.04 13.37 12.25 11.70 11.08 10.35 9.91 9.78 9.67 9.55 9.43 9.02 7.96 6.50 5.02 3.67 2.98 3.09 4.02 5.70 7.72 8.83 9.18 9.23 9.39 9.88 10.80 11.91 12.29 11.43 9.94 8.67 7.83 7.37 7.36
11.85 11.45 11.32 12.08 13.09 13.39 13.00 11.89 9.79 7.85 7.31 8.02 8.83 9.08 9.16 9.35 9.23 8.59 7.65 6.81 6.78 7.88 8.73 9.62 11.30 11.82 12.26 14.42 18.64 20.96 19.25 17.33 16.13 14.75 14.04 13.85 13.84 14.14 14.25 14.33 15.39 17.16 18.56 17.20 15.26 14.83 14.92 14.74 14.59 13.92 12.89 12.24 11.64 10.81 10.30 10.20 10.08 9.74 9.21 8.34 6.88 5.28 4.17 3.87 4.25 4.75 4.87 4.59 4.97 5.64 6.62 7.69 8.45 8.79 9.02 9.55 10.60 12.06 12.93 12.67 11.33 9.87 9.14 9.27
10.88 10.47 10.16 10.25 10.77 11.67 12.51 12.89 12.31 10.64 8.64 8.61 8.53 7.70 7.12 7.42 7.63 7.29 6.53 5.51 5.93 7.31 8.20 9.68 11.57 12.06 12.32 15.25 21.50 22.99 19.15 16.59 14.68 13.14 12.91 12.69 12.64 13.17 13.60 13.47 13.18 14.16 16.16 16.74 14.98 13.45 12.78 12.77 13.16 13.19 12.94 12.54 11.57 10.66 10.12 9.44 8.59 7.73 6.76 5.91 5.00 4.44 4.55 5.29 6.08 7.01 7.39 6.79 5.77 5.14 5.14 5.98 7.02 7.70 8.04 8.38 9.15 10.59 12.39 13.90 14.30 13.43 12.25 11.46
10.39 9.88 9.33 9.10 9.20 9.81 10.50 11.20 12.02 12.27 11.41 9.46 7.24 6.00 5.86 6.13 6.03 6.13 6.74 6.00 5.69 7.01 8.47 10.14 11.57 12.31 13.96 20.18 28.13 25.29 17.91 15.23 13.96 12.82 12.19 11.69 11.54 11.91 12.56 12.93 12.80 12.94 14.04 16.00 16.26 14.89 13.81 13.46 13.56 13.89 14.03 13.34 11.98 10.96 10.19 9.12 7.75 6.43 5.29 4.60 4.89 5.96 6.87 7.41 7.71 7.84 7.87 7.69 6.83 5.33 4.52 4.50 4.87 5.56 6.48 7.27 8.07 9.25 10.82 12.63 14.28 14.93 14.27 12.70
10.43 10.26 9.96 9.76 9.85 10.02 10.13 10.58 11.82 12.95 13.02 11.06 7.61 5.08 4.74 5.05 5.34 5.62 6.86 8.43 8.70 8.59 9.46 10.90 13.30 15.63 21.78 32.87 32.24 22.98 15.97 14.05 13.33 12.18 11.31 10.82 10.69 10.97 11.59 12.15 12.04 11.82 12.29 13.93 15.43 15.41 14.81 14.39 14.22 14.12 13.70 13.10 12.41 11.50 10.63 9.96 9.32 8.62 7.95 7.21 7.42 8.26 8.73 8.76 8.59 8.25 7.81 7.56 7.28 6.42 4.98 4.25 4.18 4.40 5.06 5.99 6.85 7.66 8.55 9.49 10.44 12.08 13.63 13.69
9.61 9.66 9.66 9.72 9.79 9.77 10.01 10.81 11.94 12.74 12.99 12.67 10.63 6.55 5.44 5.60 5.73 5.81 6.94 8.96 11.00 14.22 15.29 16.51 24.14 31.84 34.82 34.41 26.38 18.04 15.59 14.43 13.24 11.74 10.94 10.73 10.33 9.88 9.90 10.32 10.64 10.80 11.21 12.31 14.14 15.34 15.71 15.71 15.23 14.26 13.09 12.28 11.90 11.37 10.51 9.82 9.58 9.58 9.73 9.89 9.80 9.42 8.92 8.50 8.17 7.91 7.59 7.30 7.24 7.19 6.70 5.92 5.24 4.85 5.06 5.52 5.96 6.23 6.53 6.92 7.57 8.90 11.35 13.52
9.49 9.44 9.39 9.36 9.55 10.05 10.74 11.32 11.64 12.01 12.66 13.74 14.20 11.87 9.13 7.71 7.29 7.73 8.91 11.64 18.67 26.65 30.23 32.04 33.42 34.56 30.81 22.79 17.71 15.41 15.05 15.23 14.59 13.21 11.64 10.38 9.49 9.01 8.42 8.35 8.81 9.25 9.98 11.21 12.96 14.46 15.15 15.19 14.65 13.60 12.77 12.15 11.33 10.68 10.02 9.28 8.89 9.05 9.42 9.57 9.36 8.83 8.21 7.80 7.66 7.51 7.30 7.10 6.97 6.99 6.99 6.59 6.04 5.68 5.61 5.75 5.64 5.69 6.22 6.74 7.42 8.48 9.72 11.56
9.65 9.50 9.29 9.15 9.16 9.66 10.59 11.15 11.29 11.35 11.97 13.89 16.60 17.45 15.16 10.69 9.63 11.00 15.25 26.19 33.32 32.80 31.24 29.58 27.27 23.75 19.45 15.80 13.82 13.11 13.92 15.17 15.25 14.49 12.92 10.42 8.80 8.13 7.36 6.98 7.23 8.02 9.14 10.32 11.71 13.28 14.08 13.78 13.11 12.54 12.04 11.76 11.35 10.74 10.06 9.44 9.00 8.81 8.73 8.54 8.30 8.06 7.90 7.80 7.62 7.40 7.18 6.97 6.79 6.65 6.57 6.37 5.92 5.46 5.29 5.32 5.49 5.81 6.40 6.87 7.68 8.63 9.40 10.51
9.33 8.98 8.33 7.98 7.88 7.96 8.40 9.26 9.81 10.23 11.18 12.96 14.95 17.05 17.92 17.33 14.78 16.86 26.82 35.70 32.42 24.06 20.07 18.19 17.35 17.16 16.70 14.70 12.43 12.19 13.27 13.84 13.40 13.09 13.39 12.53 10.02 7.41 6.23 6.23 6.64 7.33 8.32 9.59 10.86 12.17 13.58 14.31 13.86 13.26 12.62 11.78 10.98 10.43 9.87 9.44 9.16 8.75 8.32 8.09 8.04 8.00 7.89 7.73 7.53 7.29 7.05 6.92 6.83 6.73 6.67 6.66 6.44 5.77 5.03 4.99 5.38 5.70 6.22 6.89 7.51 7.98 8.37 9.24
9.52 9.18 8.56 8.04 7.67 7.52 7.37 7.19 7.44 8.29 9.29 9.76 9.84 11.04 13.79 17.43 20.25 25.77 32.07 30.51 21.10 16.67 16.11 16.35 16.73 17.13 16.18 14.18 13.54 13.68 13.24 12.35 11.62 11.65 12.46 13.34 12.59 9.74 7.58 7.24 7.41 7.92 8.96 10.30 11.28 11.28 12.40 14.24 14.46 13.56 12.56 11.63 10.36 9.60 9.23 8.95 8.79 8.58 8.31 8.05 7.81 7.66 7.55 7.43 7.31 7.14 7.02 7.01 7.01 6.99 6.93 6.92 6.98 6.81 6.30 5.83 5.72 5.65 6.17 7.17 7.85 8.08 7.78 7.26
10.02 9.83 9.59 9.18 8.63 8.74 8.76 7.75 6.56 6.31 6.43 6.24 6.30 7.29 9.65 13.62 19.34 25.06 25.54 19.21 16.46 16.34 16.29 16.59 17.47 17.42 15.45 14.54 14.83 14.87 13.94 12.91 12.09 11.42 11.54 12.85 14.62 15.02 13.35 11.43 10.93 11.31 11.91 12.17 11.99 10.55 9.90 11.57 12.74 12.35 11.30 10.57 9.90 9.25 8.78 8.30 7.88 7.67 7.52 7.29 6.88 6.59 6.69 6.92 6.95 6.99 7.05 7.06 7.08 7.14 7.23 7.32 7.32 7.32 7.43 7.37 7.12 6.91 6.89 7.45 8.33 8.36 7.49 6.76
9.95 9.58 9.23 9.33 9.40 9.71 10.20 10.17 9.10 7.00 5.84 5.66 6.06 7.33 9.79 12.86 18.50 22.00 19.06 15.70 16.02 16.65 16.98 17.40 17.58 16.86 14.74 13.12 12.63 12.34 12.14 12.00 11.43 11.11 11.84 13.28 15.14 17.25 18.24 17.71 16.85 16.34 15.54 14.62 13.08 9.87 7.75 8.37 10.17 10.79 10.11 9.60 9.35 9.00 8.57 8.05 7.51 7.07 6.74 6.47 6.32 6.36 6.38 6.48 6.55 6.62 6.72 6.86 7.00 7.15 7.46 7.73 7.85 7.90 7.91 8.02 8.42 8.65 8.40 8.43 8.76 8.19 7.04 6.75
9.79 9.16 8.72 9.37 10.03 10.19 10.13 10.66 11.46 11.21 9.38 8.29 7.86 8.72 10.81 15.57 23.19 24.35 21.31 18.88 18.54 18.61 18.81 18.68 17.33 15.32 13.59 11.81 10.77 10.12 9.83 9.92 10.08 11.08 12.72 13.81 14.51 15.36 16.91 18.41 18.81 18.57 17.97 16.98 14.84 11.16 8.54 7.74 8.33 9.05 8.92 8.69 8.66 8.56 8.35 8.03 7.61 7.25 7.12 7.20 7.38 7.53 7.28 6.87 6.59 6.41 6.39 6.45 6.68 7.16 7.63 7.93 8.36 8.72 8.55 8.20 8.11 8.24 8.51 8.79 8.68 7.87 6.86 6.44
10.50 10.05 9.76 10.18 10.59 10.38 10.05 10.34 11.47 12.93 13.79 13.21 12.73 12.50 15.90 24.64 28.09 25.22 21.97 20.97 20.73 19.83 18.63 17.20 15.16 14.34 14.51 14.24 12.93 11.80 11.08 10.75 10.83 11.73 12.59 12.92 13.13 12.98 13.52 15.18 16.81 17.62 17.55 16.44 14.46 12.54 10.54 8.83 8.13 8.47 8.60 8.40 8.16 8.04 7.92 7.71 7.47 7.30 7.30 7.55 7.82 7.73 7.43 7.13 6.86 6.66 6.41 6.13 6.25 6.93 7.69 8.31 8.68 8.69 8.70 8.63 8.08 7.47 7.54 7.94 7.91 7.19 6.26 5.84
10.87 11.02 11.01 11.06 11.02 10.91 10.86 10.74 10.80 11.46 12.90 14.17 14.61 16.09 23.31 28.78 26.23 21.22 18.68 18.49 18.77 17.89 16.02 13.92 12.71 12.95 14.15 15.49 15.66 15.17 14.37 13.66 13.07 12.60 12.30 12.12 11.51 11.19 12.05 13.59 14.74 15.16 14.76 13.77 13.17 12.41 10.97 9.27 8.54 8.64 8.69 8.45 7.99 7.58 7.36 7.21 7.11 7.08 7.14 7.32 7.42 7.37 7.30 7.23 7.12 6.90 6.56 6.25 6.17 6.65 7.43 8.21 8.72 9.04 9.40 9.67 9.44 8.56 7.43 7.15 6.71 5.97 5.56 5.79
10.36 11.00 11.20 10.70 10.49 10.68 10.87 10.62 9.84 9.10 8.96 9.99 11.76 15.74 24.07 24.91 20.41 18.37 16.69 15.47 14.47 13.76 13.28 12.63 12.38 12.44 12.92 14.47 16.26 17.19 16.78 15.51 14.46 13.37 12.84 12.51 11.43 10.77 11.39 12.35 12.32 12.34 12.20 11.66 11.37 10.78 9.74 8.54 7.99 7.92 7.89 7.76 7.58 7.30 7.08 6.91 6.85 7.16 7.59 7.84 7.79 7.67 7.63 7.62 7.42 6.99 6.59 6.36 6.21 6.26 6.60 6.93 7.86 9.25 10.27 10.72 10.77 10.32 9.08 7.52 6.59 6.06 6.14 6.84
9.32 9.80 10.34 9.90 9.11 8.99 9.12 9.10 8.81 8.29 7.87 8.64 10.67 16.66 24.01 22.91 19.92 17.97 15.13 12.97 11.59 11.06 11.59 12.25 12.34 12.32 12.81 14.10 15.59 16.48 15.61 13.95 13.07 13.10 13.48 13.14 12.03 11.25 11.45 11.81 11.23 10.35 9.88 9.60 9.12 8.65 8.23 7.65 7.21 7.05 6.97 6.93 6.92 6.83 6.73 6.71 6.96 7.63 8.08 8.15 8.08 7.97 7.82 7.58 7.23 6.74 6.24 5.81 5.55 5.41 5.52 6.00 6.68 7.40 8.27 9.56 10.63 11.29 11.31 10.26 8.68 7.72 7.61 8.41
8.66 8.49 8.74 9.12 8.50 7.50 6.81 6.71 7.46 8.64 9.64 10.98 14.14 23.38 27.52 24.27 21.00 17.32 13.13 11.11 10.48 10.17 10.50 11.05 11.22 11.64 12.57 13.88 14.46 14.77 15.10 14.02 13.15 13.31 13.27 12.63 11.63 11.50 12.39 12.49 10.79 8.46 7.58 7.69 7.78 7.79 7.59 7.13 6.76 6.58 6.55 6.58 6.60 6.55 6.49 6.79 7.54 8.12 8.16 8.03 8.00 8.02 7.98 7.65 7.02 6.29 5.68 5.24 5.17 5.37 5.60 6.08 6.73 7.17 7.29 7.67 8.85 10.01 11.00 11.39 10.75 9.22 9.37 9.95
9.25 8.38 7.61 8.45 9.31 8.57 6.77 6.03 6.77 8.20 10.51 14.09 21.98 30.01 28.12 21.29 17.97 15.85 13.76 11.49 10.81 10.51 10.43 10.33 10.32 11.17 12.48 13.38 13.17 13.18 14.86 16.03 15.73 14.08 12.73 12.01 11.72 12.78 13.46 11.91 8.91 6.98 6.23 6.28 6.71 7.02 7.06 6.80 6.49 6.26 6.20 6.40 6.64 6.79 7.07 7.73 8.31 8.33 8.13 8.06 7.97 8.00 8.13 8.02 7.51 6.76 6.23 6.22 6.44 6.55 6.66 7.15 7.69 7.95 7.90 7.69 7.72 8.04 8.80 10.24 11.48 12.59 14.14 13.70
10.16 9.19 7.99 8.30 9.14 9.95 9.89 8.95 8.22 9.11 12.00 17.51 28.20 29.89 20.93 15.12 13.77 13.52 13.81 14.14 13.63 12.56 11.28 10.44 10.55 11.51 12.47 12.82 12.44 12.00 13.14 15.05 15.99 15.39 14.77 14.52 14.14 14.12 12.69 9.36 6.57 5.89 5.49 5.37 5.57 5.96 6.23 6.23 6.06 5.87 5.73 5.82 6.32 7.19 8.18 8.77 8.72 8.45 8.29 8.16 8.11 8.30 8.44 8.66 9.09 9.41 9.31 9.26 9.08 8.95 9.06 9.00 8.46 8.31 8.64 8.28 7.51 7.37 7.97 9.53 11.79 13.88 14.70 14.42
10.59 10.09 8.35 7.13 6.88 8.28 11.04 12.47 12.26 13.25 15.84 23.35 28.80 22.03 13.80 12.06 11.49 11.73 13.21 15.54 16.82 16.65 14.90 13.18 12.67 12.62 12.59 12.25 11.82 11.38 12.01 13.27 14.96 16.60 17.17 16.81 16.00 14.59 11.34 7.43 5.59 5.28 5.15 5.07 5.08 5.32 5.54 5.64 5.56 5.42 5.19 4.89 5.27 6.74 8.26 8.92 9.01 8.89 8.81 8.78 8.97 9.24 9.40 10.05 11.54 13.46 14.84 15.21 14.81 14.64 14.09 12.81 11.00 10.39 10.76 9.26 7.62 7.39 7.93 9.25 10.93 10.79 9.47 9.75
10.29 10.18 8.32 6.14 5.83 7.06 8.90 11.62 14.70 16.29 18.72 26.39 25.76 13.92 10.69 10.78 10.91 12.33 14.28 15.92 16.45 17.11 17.82 18.06 17.55 15.87 13.75 11.83 10.88 10.83 11.39 12.47 13.94 15.43 16.15 16.22 15.66 13.69 10.41 7.42 6.13 5.78 5.63 5.48 5.32 5.19 5.11 5.18 5.14 4.91 4.67 4.43 4.74 5.72 6.94 7.99 8.51 8.89 9.34 9.85 10.17 10.33 10.69 11.53 13.04 15.12 16.89 18.15 18.77 18.58 17.63 16.39 15.43 14.98 13.52 11.23 9.54 9.12 8.98 10.16 10.33 8.30 7.41 8.39
10.46 10.43 9.68 8.03 6.95 6.98 7.63 9.55 12.90 15.12 18.75 22.66 18.38 11.74 10.92 11.48 12.29 14.19 15.45 14.57 13.25 13.18 14.74 17.22 18.77 18.82 17.04 14.09 12.17 12.07 12.59 13.19 13.12 12.78 13.42 13.94 13.12 10.59 8.63 7.36 6.52 6.16 5.96 5.76 5.58 5.27 4.91 4.76 4.65 4.39 4.34 4.92 5.97 6.86 7.48 7.42 7.72 8.54 9.18 9.74 10.33 10.84 11.33 12.02 12.71 13.04 13.34 14.25 15.45 16.45 16.88 16.84 16.50 15.87 14.80 13.32 12.69 12.02 11.55 11.88 10.64 9.00 9.62 9.89
11.47 10.63 10.66 10.78 9.10 7.31 7.51 9.14 10.81 12.10 15.64 19.10 16.75 13.92 13.33 12.95 13.40 15.00 14.34 11.34 10.70 11.13 11.69 12.81 13.98 15.10 16.38 17.09 16.67 15.49 14.47 14.02 12.84 11.26 10.65 9.61 8.57 7.66 7.23 6.84 6.30 5.99 5.79 5.59 5.42 5.15 4.77 4.50 4.43 4.39 4.80 5.96 7.22 8.14 7.99 7.24 7.61 8.27 8.59 9.38 10.70 11.61 11.90 11.88 11.52 11.05 11.06 11.07 10.92 11.55 13.47 14.87 14.93 14.51 14.41 14.34 13.93 13.27 12.83 12.15 10.76 10.79 11.58 9.82
12.00 10.07 9.68 11.32 11.99 10.61 9.25 9.66 11.24 11.88 13.77 20.73 22.30 19.42 17.66 15.69 15.30 15.51 12.11 9.56 9.96 10.66 11.30 11.16 10.24 10.34 12.39 15.45 17.35 17.68 16.43 14.92 12.96 10.66 8.36 5.94 5.69 5.80 6.05 6.13 5.97 5.75 5.62 5.36 5.08 4.85 4.56 4.39 4.53 4.93 5.77 6.65 7.50 7.87 7.59 7.67 8.33 8.88 9.84 11.45 12.49 12.85 12.97 12.48 11.58 11.08 10.82 9.91 8.99 9.01 10.06 11.99 13.29 13.44 13.34 13.10 12.66 12.81 13.21 12.45 11.70 13.04 12.41 9.00
12.19 9.54 8.65 10.55 13.34 15.06 14.90 13.49 13.87 13.77 17.61 27.00 26.74 22.40 21.55 20.64 20.07 18.67 14.93 12.46 12.23 11.72 11.25 10.21 9.57 10.05 10.88 11.55 12.51 14.26 15.49 14.79 12.63 9.53 6.04 4.50 4.73 5.12 5.35 5.50 5.57 5.52 5.48 5.30 5.02 4.82 4.66 4.56 4.78 5.38 5.97 6.57 7.47 7.99 8.51 9.37 9.92 10.64 12.20 13.34 13.44 13.24 13.26 13.54 13.89 13.87 12.92 11.35 10.35 9.89 9.52 10.08 11.24 12.06 12.38 11.92 10.99 11.19 12.22 13.01 14.66 15.07 11.96 9.00
12.23 9.27 7.94 9.15 11.61 14.88 16.77 17.08 16.96 19.10 27.97 31.03 23.66 18.85 19.25 20.15 20.13 19.44 19.06 18.80 18.14 16.49 13.71 10.98 9.99 10.75 10.94 10.77 10.82 10.21 9.74 10.24 9.23 6.89 5.17 4.64 4.82 5.14 5.32 5.34 5.28 5.28 5.39 5.45 5.37 5.21 5.07 5.02 5.33 5.77 6.06 6.66 7.57 8.14 8.74 9.61 10.71 12.02 12.77 12.93 12.75 12.62 12.90 14.01 15.48 16.32 16.59 16.79 16.78 16.12 15.09 14.14 13.60 13.26 13.11 13.02 12.98 13.73 14.71 16.25 17.34 15.08 11.47 8.59
