windninja/windninja_output/Output_2025-10-23_1400-1450_Google earth_Fire_150m_10min/merlingen_7.5mi_point_10-23-2025_1400_150m_vel.asc
ncols	158
nrows	163
xllcorner	391686.332397
yllcorner	5160024.123721
cellsize	150.000000
NODATA_value	-32768.000000
[rows 0 to 36 of 163, columns 0 to 83 of 158]
6.17 6.10 6.06 6.24 6.57 6.69 6.57 6.71 7.05 7.15 7.17 7.41 7.93 8.37 8.12 7.21 6.07 5.22 5.21 5.24 4.76 5.36 6.90 7.62 7.36 6.69 6.18 6.30 6.80 6.97 6.88 6.78 6.57 6.30 6.37 6.45 5.92 5.50 5.39 5.29 5.58 5.92 5.93 5.83 5.70 5.55 5.41 5.07 5.22 6.01 6.60 6.92 7.15 7.20 7.08 6.94 6.79 6.67 6.54 6.40 6.44 6.67 6.80 6.84 7.03 7.35 7.54 7.35 6.90 6.47 6.36 6.50 6.60 6.66 6.81 6.86 6.77 6.55 6.19 6.06 6.23 6.35 6.49 6.36
6.23 6.17 6.02 6.05 6.28 6.48 6.45 6.33 6.39 6.47 6.62 7.01 7.66 8.38 8.65 8.21 7.25 6.27 6.03 5.96 5.28 5.16 6.18 7.30 7.68 7.27 6.61 6.36 6.56 6.71 6.70 6.67 6.66 6.48 6.35 6.58 6.43 6.10 5.98 5.78 5.80 6.04 6.20 6.30 6.23 6.14 6.20 5.84 5.42 5.63 6.03 6.27 6.49 6.65 6.65 6.67 6.70 6.74 6.75 6.54 6.33 6.44 6.65 6.73 6.76 6.94 7.22 7.32 7.09 6.65 6.40 6.46 6.58 6.63 6.73 6.82 6.86 6.85 6.55 6.23 6.28 6.35 6.46 6.53
6.26 6.38 6.21 6.03 6.13 6.21 6.36 6.36 6.22 6.18 6.34 6.69 7.19 7.93 8.91 9.37 8.87 8.05 7.53 7.10 6.30 5.29 5.14 6.30 7.71 7.98 7.34 6.68 6.47 6.55 6.60 6.55 6.54 6.55 6.50 6.71 6.97 6.95 6.77 6.49 6.31 6.34 6.50 6.76 6.83 6.84 7.04 7.03 6.44 5.84 5.77 5.96 6.17 6.34 6.38 6.47 6.63 6.75 6.94 6.92 6.59 6.44 6.56 6.65 6.52 6.51 6.83 7.25 7.35 6.94 6.52 6.46 6.50 6.50 6.57 6.71 6.96 7.28 7.06 6.53 6.42 6.67 6.65 6.63
6.00 6.50 6.69 6.44 6.47 6.33 6.48 6.93 7.14 7.13 7.00 6.89 6.99 7.39 8.22 9.23 9.20 8.73 8.43 7.92 6.98 5.90 5.10 5.48 7.10 8.19 8.22 7.74 7.38 7.33 7.35 7.13 6.77 6.60 6.66 6.79 6.92 7.02 6.93 6.74 6.73 6.80 6.90 7.05 7.14 7.17 7.22 7.39 7.39 7.03 6.65 6.55 6.70 6.83 6.74 6.58 6.54 6.54 6.68 6.89 6.83 6.59 6.53 6.59 6.50 6.46 6.69 7.12 7.35 7.02 6.62 6.50 6.44 6.32 6.31 6.33 6.54 7.13 7.31 6.71 6.38 6.93 7.20 6.79
5.48 6.15 6.86 6.86 6.82 6.63 6.55 6.78 7.01 7.10 6.98 6.69 6.73 7.14 7.76 8.68 9.02 8.63 8.33 8.17 7.45 6.32 5.27 5.08 6.22 7.59 8.47 8.75 8.62 8.54 8.61 8.55 8.15 7.52 7.07 7.04 7.07 7.12 7.20 7.08 7.01 7.14 7.37 7.49 7.51 7.47 7.38 7.33 7.39 7.38 7.11 6.81 6.76 6.90 6.91 6.72 6.55 6.47 6.45 6.57 6.65 6.53 6.45 6.51 6.48 6.44 6.58 7.03 7.33 7.01 6.65 6.49 6.39 6.30 6.27 6.15 5.98 6.31 6.94 6.82 6.19 6.38 7.13 7.03
5.06 5.41 6.21 6.83 7.02 6.81 6.52 6.38 6.31 6.29 6.27 6.12 6.08 6.54 7.34 8.04 8.70 8.63 8.08 7.88 7.54 6.55 5.14 4.50 5.06 6.20 7.23 8.08 8.50 8.67 8.94 9.26 9.33 8.98 8.37 7.88 7.76 7.75 7.77 7.69 7.44 7.28 7.32 7.37 7.38 7.38 7.27 7.13 7.06 7.09 7.12 6.99 6.76 6.71 6.81 6.78 6.64 6.52 6.44 6.46 6.54 6.53 6.50 6.54 6.51 6.45 6.54 6.98 7.33 7.14 6.96 6.79 6.46 6.26 6.43 6.64 6.49 6.22 6.33 6.62 6.37 6.01 6.41 6.78
5.21 5.12 5.24 5.94 6.61 6.76 6.60 6.31 6.06 5.90 5.82 5.74 5.66 5.98 6.93 7.54 8.25 8.82 8.60 8.24 7.97 7.19 5.55 4.15 4.08 4.84 5.69 6.52 7.26 7.79 8.24 8.70 9.12 9.34 9.30 8.94 8.59 8.40 8.23 8.00 7.68 7.33 7.09 6.94 6.87 6.93 6.93 6.85 6.82 6.79 6.90 7.09 7.05 6.90 6.87 6.78 6.63 6.49 6.39 6.39 6.52 6.68 6.82 6.87 6.76 6.58 6.57 6.95 7.24 7.13 7.29 7.54 7.21 6.59 6.53 6.97 7.25 7.01 6.48 6.58 6.84 6.48 6.28 6.50
5.51 5.41 5.11 5.07 5.51 5.97 6.22 6.13 5.83 5.59 5.47 5.42 5.47 5.87 6.81 7.41 7.72 8.48 8.86 8.68 8.58 8.15 6.74 4.82 3.79 4.04 4.88 5.58 6.15 6.68 7.17 7.63 8.04 8.37 8.63 8.65 8.41 8.17 8.00 7.75 7.45 7.18 6.96 6.78 6.62 6.55 6.55 6.56 6.51 6.48 6.53 6.74 6.97 7.13 7.17 6.94 6.70 6.57 6.42 6.37 6.42 6.57 6.92 7.24 7.28 6.99 6.73 6.91 7.15 6.96 7.01 7.55 7.70 7.19 6.67 6.70 7.17 7.29 6.76 6.64 6.99 6.66 6.33 6.60
5.55 5.61 5.48 5.12 5.01 5.21 5.54 5.72 5.63 5.40 5.17 4.98 4.98 5.48 6.65 7.46 7.53 7.91 8.53 8.71 8.68 8.58 7.79 6.32 4.79 4.17 4.65 5.26 5.49 5.86 6.36 6.67 7.07 7.54 7.73 7.65 7.49 7.39 7.37 7.27 7.07 6.86 6.67 6.58 6.55 6.41 6.31 6.31 6.18 6.10 6.36 6.49 6.44 6.76 7.22 7.09 6.78 6.70 6.53 6.28 6.06 5.80 5.93 6.61 7.16 7.24 6.95 6.90 7.13 7.06 6.81 6.88 7.08 7.03 6.71 6.52 6.85 7.08 6.82 6.71 7.00 6.61 6.01 6.41
5.51 5.59 5.64 5.49 5.30 5.30 5.41 5.49 5.47 5.32 5.07 4.73 4.45 4.70 5.85 7.07 7.45 7.55 7.97 8.61 8.89 8.86 8.47 7.50 6.27 5.01 4.65 5.17 5.40 5.55 6.12 6.28 6.38 6.94 7.39 7.37 7.12 6.99 7.03 7.03 6.94 6.81 6.62 6.46 6.43 6.23 6.06 6.12 5.92 5.62 5.87 6.22 6.05 6.20 6.79 6.92 6.52 6.36 6.24 5.90 5.58 5.17 4.79 5.08 5.94 6.60 6.75 6.71 6.81 7.05 7.03 6.77 6.54 6.56 6.58 6.48 6.61 6.59 6.61 7.15 7.55 7.26 6.23 5.69
5.56 5.61 5.70 5.67 5.57 5.58 5.63 5.59 5.49 5.33 5.09 4.71 4.25 4.16 4.94 6.22 6.98 7.22 7.29 7.86 8.65 9.00 8.91 8.23 7.29 6.26 5.37 5.30 5.51 5.51 5.87 6.03 5.87 6.23 6.84 7.11 7.02 6.87 6.90 6.99 7.04 6.99 6.77 6.51 6.44 6.12 5.69 5.81 5.69 5.11 5.13 5.49 5.49 5.66 6.01 6.35 5.98 5.52 5.43 5.29 5.14 4.74 4.06 3.95 4.64 5.30 5.75 5.89 5.90 6.45 7.01 6.97 6.60 6.44 6.54 6.58 6.62 6.25 5.95 6.81 7.81 8.13 7.37 6.06
5.62 5.64 5.71 5.73 5.67 5.64 5.66 5.66 5.57 5.39 5.16 4.84 4.38 4.08 4.46 5.44 6.27 6.81 6.89 6.95 7.51 8.18 8.61 8.41 7.72 6.88 5.89 5.32 5.26 5.25 5.43 5.64 5.56 5.75 6.24 6.57 6.70 6.69 6.72 6.77 6.87 6.97 6.83 6.63 6.69 6.45 5.71 5.45 5.42 4.88 4.54 4.51 4.48 4.85 5.15 5.47 5.45 5.08 4.84 4.74 4.77 4.42 3.60 3.32 3.73 4.03 4.43 4.69 4.73 5.52 6.53 6.96 6.80 6.49 6.73 7.21 7.54 7.27 6.42 6.37 7.27 8.20 8.34 7.67
5.67 5.66 5.70 5.74 5.73 5.70 5.64 5.57 5.50 5.35 5.17 4.94 4.57 4.19 4.23 4.84 5.39 5.97 6.52 6.65 6.77 7.15 7.66 7.83 7.43 6.65 5.82 5.26 5.05 5.03 5.20 5.48 5.56 5.61 5.93 6.25 6.32 6.33 6.40 6.44 6.61 6.82 6.77 6.71 6.86 6.83 6.33 5.81 5.56 5.16 4.60 4.24 4.19 4.61 4.97 4.90 4.84 4.76 4.62 4.69 4.86 4.49 3.76 3.36 3.31 3.31 3.37 3.38 3.45 4.38 5.50 6.35 6.68 6.39 6.55 7.35 8.03 8.26 7.79 7.16 7.12 7.65 8.16 8.24
5.73 5.70 5.68 5.69 5.72 5.74 5.71 5.60 5.49 5.34 5.17 4.97 4.70 4.48 4.49 4.75 4.83 4.84 5.53 6.19 6.36 6.51 6.82 7.00 6.88 6.44 5.90 5.54 5.34 5.26 5.26 5.29 5.41 5.47 5.66 6.16 6.32 6.21 6.13 6.09 6.32 6.48 6.23 6.10 6.27 6.29 6.12 6.21 6.37 6.00 5.17 4.57 4.40 4.81 5.28 4.84 4.30 4.12 4.26 4.90 5.31 4.89 4.36 3.85 3.37 3.17 2.98 2.69 2.22 2.59 3.99 5.19 5.99 5.94 5.75 5.97 6.54 7.20 7.41 7.11 6.84 6.93 7.21 7.56
5.79 5.76 5.71 5.67 5.64 5.65 5.67 5.65 5.56 5.40 5.22 5.03 4.76 4.69 5.03 5.43 5.30 4.67 4.64 5.37 5.81 5.96 6.30 6.60 6.60 6.31 5.95 5.80 5.61 5.48 5.57 5.46 5.30 5.34 5.46 5.95 6.38 6.40 6.13 5.80 5.88 5.96 5.93 5.82 5.70 5.70 5.40 5.38 6.42 7.18 6.49 5.36 4.95 5.42 5.91 5.38 4.34 3.67 3.91 5.10 5.95 5.61 5.17 4.78 4.28 3.80 3.27 2.87 2.17 1.44 2.05 3.79 4.91 5.17 4.95 4.90 5.27 5.78 6.07 5.97 5.76 5.79 6.03 6.51
5.83 5.80 5.75 5.69 5.64 5.60 5.56 5.55 5.54 5.42 5.27 5.10 4.80 4.57 4.99 5.93 6.21 5.62 4.96 5.04 5.47 5.71 6.04 6.44 6.59 6.29 5.87 5.87 5.90 5.72 5.91 6.06 5.83 5.70 5.60 5.57 5.85 6.12 5.97 5.79 5.76 5.66 6.01 6.25 5.74 5.73 5.73 4.86 4.99 6.66 7.50 6.73 6.20 6.60 7.06 7.19 6.16 4.53 4.20 5.24 6.20 6.22 5.79 5.36 5.50 5.45 4.55 3.90 3.17 1.51 0.94 2.08 3.41 3.99 4.24 4.49 4.84 5.23 5.52 5.66 5.29 4.97 5.18 5.52
5.86 5.84 5.79 5.74 5.69 5.66 5.61 5.55 5.52 5.43 5.29 5.12 4.87 4.40 4.36 5.34 6.21 6.25 5.82 5.47 5.50 5.65 5.86 6.21 6.54 6.45 5.95 5.77 6.03 6.08 6.09 6.18 6.03 5.87 5.74 5.50 5.52 5.76 5.84 5.96 6.02 5.85 6.24 6.74 6.38 6.05 6.37 5.93 5.02 5.46 6.79 7.23 7.04 7.08 7.37 7.87 7.80 6.30 5.10 5.73 6.51 6.54 6.07 5.44 5.71 6.26 5.77 4.93 4.39 3.14 1.54 1.31 2.05 2.57 3.26 3.95 4.48 5.10 5.50 5.73 5.47 4.98 4.96 5.08
5.88 5.88 5.85 5.80 5.75 5.71 5.68 5.63 5.58 5.51 5.36 5.15 4.93 4.49 4.12 4.54 5.43 5.89 5.93 5.79 5.61 5.51 5.52 5.75 6.11 6.24 5.94 5.53 5.54 5.82 5.96 5.95 5.92 6.08 6.25 6.17 5.96 5.91 6.03 6.26 6.37 6.27 6.29 6.53 6.59 6.30 6.24 6.44 6.34 5.98 5.96 6.35 6.71 6.89 7.01 7.40 7.93 7.48 6.41 6.35 6.92 6.99 6.43 5.79 5.75 6.37 6.52 5.77 5.07 4.37 3.26 2.11 1.98 2.02 2.12 2.97 3.86 4.70 5.37 5.43 5.17 4.97 4.83 4.92
5.89 5.88 5.87 5.84 5.80 5.74 5.69 5.64 5.59 5.55 5.48 5.27 5.01 4.71 4.36 4.36 4.89 5.30 5.45 5.50 5.45 5.36 5.27 5.34 5.59 5.79 5.74 5.43 5.17 5.30 5.62 5.79 5.94 6.27 6.67 6.85 6.59 6.15 5.99 6.17 6.24 6.26 6.39 6.36 6.45 6.52 6.15 5.88 6.31 6.57 6.08 5.68 5.88 6.41 6.78 7.09 7.56 7.64 7.04 6.70 7.14 7.33 6.76 6.19 5.99 6.26 6.72 6.41 5.60 5.04 4.36 3.59 3.23 2.78 2.11 2.12 2.76 3.70 4.76 4.95 4.76 4.71 4.42 4.54
5.91 5.88 5.85 5.85 5.84 5.81 5.74 5.67 5.58 5.50 5.50 5.43 5.19 4.95 4.71 4.60 4.78 5.05 5.20 5.30 5.34 5.36 5.33 5.35 5.51 5.66 5.69 5.56 5.37 5.33 5.51 5.75 5.95 6.10 6.39 6.70 6.67 6.23 5.94 6.24 6.40 6.52 6.76 6.73 6.64 6.74 6.59 5.92 5.80 6.39 6.38 5.80 5.44 5.67 6.32 6.85 7.30 7.61 7.34 6.88 7.06 7.32 6.76 6.12 5.95 6.04 6.45 6.59 6.20 5.73 5.16 4.58 4.36 4.08 3.38 2.83 2.87 3.59 4.50 4.88 4.84 4.72 4.31 4.19
5.97 5.92 5.87 5.85 5.84 5.83 5.80 5.73 5.63 5.50 5.46 5.46 5.33 5.16 5.02 4.95 5.02 5.17 5.29 5.37 5.42 5.46 5.49 5.51 5.61 5.73 5.75 5.70 5.63 5.57 5.56 5.77 6.18 6.48 6.74 7.06 7.17 6.86 6.56 6.75 6.85 6.86 6.94 6.96 6.90 6.81 6.74 6.28 5.87 6.24 6.53 6.23 5.68 5.29 5.50 5.99 6.57 7.22 7.56 7.29 7.18 7.52 7.08 6.17 5.99 6.11 6.29 6.57 6.50 6.15 5.71 5.14 4.75 4.50 4.06 3.78 4.11 4.79 5.43 5.54 5.32 5.06 4.62 4.13
6.02 5.99 5.91 5.86 5.82 5.81 5.83 5.81 5.73 5.59 5.50 5.50 5.40 5.25 5.20 5.20 5.25 5.38 5.45 5.45 5.48 5.53 5.56 5.57 5.64 5.78 5.86 5.84 5.77 5.66 5.55 5.70 6.30 6.88 7.15 7.50 7.82 7.55 7.01 6.95 7.04 7.11 7.18 7.14 7.06 6.88 6.65 6.40 6.21 6.38 6.68 6.60 6.21 5.59 5.18 5.28 5.69 6.30 7.15 7.64 7.55 7.80 7.58 6.55 6.19 6.16 6.17 6.51 6.65 6.32 5.88 5.54 5.21 4.79 4.04 3.66 4.30 5.49 6.50 6.84 6.37 5.62 5.13 4.49
6.00 5.99 5.96 5.92 5.87 5.84 5.84 5.86 5.82 5.69 5.56 5.59 5.58 5.42 5.32 5.31 5.35 5.47 5.56 5.57 5.58 5.61 5.63 5.65 5.72 5.87 5.98 6.01 5.97 5.80 5.54 5.54 6.12 6.73 6.87 6.94 7.27 7.42 7.02 6.73 6.83 7.07 7.32 7.42 7.32 7.09 6.89 6.69 6.52 6.54 6.78 6.71 6.49 6.08 5.51 5.29 5.45 5.73 6.28 7.36 7.77 7.95 7.88 6.97 6.45 6.35 6.33 6.63 6.89 6.70 6.21 5.84 5.71 5.41 4.46 3.67 3.84 4.94 6.40 7.58 7.79 7.01 6.32 5.33
6.02 5.99 5.98 5.97 5.92 5.86 5.83 5.83 5.83 5.76 5.61 5.57 5.67 5.63 5.48 5.41 5.41 5.50 5.60 5.63 5.68 5.73 5.75 5.77 5.83 5.94 6.04 6.11 6.02 5.72 5.30 5.07 5.49 6.17 6.52 6.62 6.62 6.77 6.81 6.57 6.53 6.84 7.24 7.64 7.74 7.43 7.20 7.10 6.75 6.56 6.81 6.77 6.58 6.42 5.96 5.55 5.54 5.55 5.63 6.62 7.63 8.06 7.98 7.10 6.33 6.19 6.31 6.55 6.78 6.72 6.37 5.99 5.88 5.66 5.03 4.16 3.60 3.98 5.09 6.68 8.04 8.12 7.64 6.73
6.06 6.01 5.95 5.96 5.93 5.87 5.84 5.84 5.83 5.78 5.67 5.53 5.56 5.67 5.63 5.55 5.49 5.50 5.58 5.60 5.64 5.73 5.77 5.80 5.89 6.03 6.15 6.27 6.17 5.60 5.01 4.68 4.83 5.55 6.27 6.69 6.76 6.66 6.53 6.35 6.28 6.52 7.04 7.69 8.06 7.76 7.45 7.41 7.09 6.71 6.75 6.80 6.66 6.55 6.30 5.91 5.81 5.71 5.42 5.78 6.94 7.90 8.02 7.26 6.14 5.56 5.65 6.01 6.30 6.34 6.06 5.79 5.81 5.65 5.19 4.55 3.69 3.28 3.80 5.13 6.93 8.08 8.43 8.29
6.07 6.02 5.95 5.93 5.92 5.89 5.86 5.89 5.87 5.80 5.72 5.60 5.50 5.55 5.60 5.60 5.58 5.55 5.57 5.57 5.58 5.66 5.72 5.77 5.91 6.14 6.45 6.78 6.81 6.03 5.04 4.59 4.53 4.98 5.94 6.71 7.13 7.17 6.63 6.12 6.07 6.23 6.64 7.35 7.81 7.76 7.72 7.65 7.43 7.20 7.02 6.95 6.66 6.31 6.12 5.98 6.07 6.12 5.70 5.42 6.11 7.27 7.79 7.64 7.00 6.21 5.82 5.93 6.34 6.51 6.16 5.69 5.48 5.37 5.18 5.07 4.73 3.66 3.07 3.85 5.49 7.10 8.17 8.97
6.11 6.07 6.00 5.97 5.94 5.90 5.86 5.89 5.90 5.85 5.79 5.70 5.57 5.49 5.50 5.53 5.55 5.57 5.58 5.58 5.57 5.62 5.70 5.78 5.94 6.17 6.66 7.37 7.61 6.94 5.82 4.98 4.42 4.20 4.84 5.97 6.98 7.71 7.27 6.30 6.09 6.17 6.32 7.00 7.49 7.65 8.19 8.32 7.92 7.66 7.61 7.57 7.13 6.49 6.00 5.83 6.22 6.58 6.38 5.94 6.17 6.72 6.94 7.14 7.31 7.05 6.52 6.31 6.67 7.10 6.87 6.01 5.29 5.06 4.94 5.25 5.87 5.20 3.29 2.90 4.04 5.44 6.66 7.88
6.14 6.13 6.08 6.01 5.97 5.91 5.87 5.88 5.87 5.85 5.82 5.75 5.64 5.52 5.44 5.46 5.48 5.51 5.57 5.61 5.61 5.62 5.66 5.74 5.89 6.08 6.52 7.55 8.30 8.09 7.33 6.20 5.04 4.25 4.00 4.52 5.80 7.45 7.74 6.67 6.12 6.30 6.35 6.87 7.44 7.67 8.44 9.13 8.88 8.04 7.90 8.45 8.31 7.58 6.58 5.76 6.28 7.23 7.31 6.89 6.99 6.97 6.30 6.01 6.44 6.75 6.57 6.48 6.81 7.25 7.35 6.49 5.43 4.95 4.64 4.79 5.88 6.55 4.95 3.03 2.95 3.91 4.99 6.02
6.12 6.14 6.12 6.06 5.99 5.93 5.89 5.89 5.85 5.81 5.80 5.76 5.70 5.59 5.47 5.44 5.46 5.46 5.51 5.60 5.63 5.62 5.59 5.60 5.69 5.90 6.39 7.46 8.68 9.25 9.13 8.18 6.62 5.41 4.56 4.24 5.19 6.97 7.94 7.31 6.82 6.99 6.96 7.13 7.40 7.66 8.18 9.12 9.78 8.94 8.20 8.97 9.36 8.83 7.68 6.20 6.34 7.55 7.97 7.43 7.35 7.54 6.93 6.08 6.03 6.34 6.30 6.41 6.79 7.11 7.45 7.04 6.13 5.35 4.61 4.27 4.81 6.42 6.20 4.08 2.73 2.85 3.81 4.73
6.13 6.12 6.12 6.11 6.03 5.92 5.88 5.88 5.84 5.79 5.79 5.78 5.75 5.68 5.56 5.46 5.45 5.45 5.45 5.50 5.53 5.54 5.52 5.47 5.44 5.53 5.96 6.83 8.02 9.24 10.19 10.31 8.94 7.26 6.06 5.57 6.06 7.38 8.31 8.01 7.87 8.04 8.07 8.14 7.83 7.77 8.15 8.77 9.89 10.14 9.59 9.72 10.16 10.12 9.15 7.45 6.64 7.11 8.08 7.96 7.18 7.05 7.23 6.74 6.13 5.95 5.80 6.12 6.81 6.98 6.93 6.81 6.47 5.81 4.93 4.45 4.75 6.05 6.68 5.23 3.13 2.32 2.84 3.90
6.17 6.13 6.12 6.15 6.10 5.95 5.86 5.88 5.86 5.80 5.77 5.77 5.74 5.69 5.60 5.47 5.41 5.40 5.41 5.44 5.46 5.47 5.48 5.44 5.34 5.23 5.30 5.78 6.56 7.41 8.63 10.01 10.06 9.00 7.61 6.81 6.99 7.72 8.45 8.33 8.19 8.34 8.42 8.66 8.45 8.03 8.09 8.28 8.87 9.55 9.66 9.69 10.09 10.60 10.03 8.35 7.07 6.72 7.66 8.48 7.39 6.17 6.51 6.80 6.27 5.58 5.13 5.50 6.73 7.05 6.23 5.74 5.76 5.57 5.19 5.16 5.34 6.22 7.22 6.52 4.22 2.60 2.51 3.36
6.24 6.16 6.11 6.17 6.20 6.06 5.93 5.92 5.91 5.85 5.80 5.77 5.74 5.69 5.62 5.51 5.38 5.31 5.29 5.36 5.39 5.38 5.40 5.37 5.23 5.11 5.08 5.31 5.79 6.42 7.42 8.62 9.40 9.34 8.07 6.79 6.78 7.48 8.08 8.14 7.92 7.61 7.44 7.73 7.84 7.58 7.45 7.32 7.30 7.45 7.57 7.90 8.56 9.75 9.86 8.59 7.91 7.54 7.68 8.57 7.77 6.15 6.19 6.92 6.77 5.55 4.68 5.13 6.79 7.39 6.06 5.18 5.16 5.09 5.06 5.28 5.57 6.33 7.51 7.64 5.89 3.87 3.04 3.21
6.30 6.21 6.08 6.10 6.19 6.08 5.96 5.92 5.89 5.83 5.80 5.80 5.78 5.74 5.67 5.57 5.45 5.34 5.23 5.21 5.25 5.22 5.23 5.29 5.15 4.95 4.98 5.23 5.79 6.79 8.02 8.81 9.22 9.46 8.04 6.07 6.03 6.89 7.20 7.17 7.25 6.95 6.73 6.89 6.91 6.77 6.78 6.74 6.61 6.67 6.64 6.70 7.15 8.38 9.23 8.55 8.26 8.79 9.07 9.01 7.62 5.98 6.09 7.29 7.73 6.19 4.58 4.87 6.88 7.91 6.56 5.58 5.43 5.13 4.98 5.14 5.53 6.31 7.51 8.24 7.15 5.32 4.13 3.54
6.33 6.30 6.17 6.09 6.11 6.02 5.92 5.90 5.87 5.79 5.72 5.74 5.76 5.73 5.69 5.60 5.52 5.45 5.32 5.21 5.17 5.09 5.02 5.11 5.16 4.96 4.83 4.91 5.32 6.20 7.36 8.44 9.05 9.82 8.96 6.11 5.52 6.57 7.01 6.84 7.01 6.88 6.67 6.69 6.45 6.28 6.42 6.42 6.33 6.50 6.55 6.41 6.42 6.98 7.87 7.73 7.36 8.36 10.01 10.36 8.37 6.02 5.81 7.28 8.64 7.63 5.23 4.37 5.94 7.80 7.39 6.47 6.03 5.46 5.08 5.06 5.32 6.03 7.41 8.77 8.54 6.97 5.63 4.51
6.34 6.37 6.35 6.27 6.19 6.06 5.97 5.94 5.91 5.81 5.70 5.67 5.67 5.66 5.65 5.60 5.51 5.45 5.36 5.27 5.18 5.05 4.87 4.80 4.90 4.90 4.75 4.59 4.53 4.76 5.64 6.99 8.12 9.39 9.83 7.88 6.09 6.45 7.12 7.04 7.10 6.91 6.56 6.43 6.20 6.02 6.04 6.06 6.14 6.29 6.37 6.35 6.26 6.23 6.55 6.77 6.54 6.86 8.79 10.72 9.78 6.86 5.53 6.49 8.70 9.03 6.97 4.85 4.96 6.57 7.15 6.92 6.41 5.65 5.03 4.68 4.67 5.04 6.10 8.04 9.21 8.76 7.65 6.28
6.30 6.32 6.38 6.45 6.36 6.16 6.03 5.99 5.98 5.90 5.76 5.67 5.65 5.62 5.58 5.53 5.48 5.42 5.33 5.25 5.19 5.06 4.86 4.64 4.50 4.49 4.49 4.40 4.19 4.11 4.67 5.79 7.12 8.42 9.59 9.17 7.46 6.64 6.91 6.86 6.80 6.81 6.63 6.39 6.37 6.32 5.97 6.01 6.25 6.40 6.50 6.58 6.58 6.38 6.40 6.65 6.67 6.50 7.30 9.59 9.96 7.30 5.18 5.39 7.72 9.58 8.85 6.61 5.30 5.37 5.83 6.34 6.25 5.50 4.80 4.31 4.11 4.13 4.37 5.46 7.45 8.64 8.85 8.09
6.31 6.27 6.26 6.36 6.39 6.23 6.05 5.97 5.97 5.93 5.81 5.70 5.64 5.62 5.57 5.50 5.45 5.41 5.33 5.23 5.15 5.04 4.87 4.67 4.43 4.25 4.18 4.17 4.17 4.23 4.53 5.17 6.21 7.31 8.31 8.67 8.11 7.35 7.05 6.75 6.44 6.58 6.80 6.64 6.63 6.73 6.37 6.28 6.45 6.47 6.61 6.72 6.88 6.88 6.78 6.91 7.19 7.22 7.37 8.86 9.70 7.67 5.25 4.68 6.13 8.76 9.76 8.50 6.63 5.34 5.02 5.47 5.56 5.06 4.66 4.37 4.16 4.33 4.50 4.45 5.08 6.56 8.15 8.98
