windninja/windninja_output/Output_2025-10-23_1400-1450_Google earth_Fire_150m_10min/merlingen_7.5mi_point_10-23-2025_1430_150m_vel.asc
ncols	158
nrows	163
xllcorner	391686.332397
yllcorner	5160024.123721
cellsize	150.000000
NODATA_value	-32768.000000
[rows 0 to 36 of 163, columns 0 to 83 of 158]
7.29 7.37 7.43 7.37 7.60 7.78 7.40 7.36 7.84 7.90 7.77 7.81 8.54 9.79 10.20 9.59 8.59 7.71 7.74 7.94 6.85 6.12 7.42 8.39 8.38 7.85 7.26 7.35 7.90 7.98 7.87 7.94 7.91 7.67 7.76 8.05 7.54 7.23 7.30 7.03 7.14 7.47 7.43 7.44 7.40 7.19 7.20 6.86 6.60 6.86 7.01 7.10 7.27 7.24 7.09 7.10 7.15 7.23 7.27 7.08 6.90 7.01 7.14 7.18 7.24 7.39 7.63 7.67 7.43 7.02 6.75 6.73 6.86 6.99 7.16 7.14 7.04 7.08 6.97 6.74 6.70 6.74 7.05 7.15
7.12 7.34 7.35 7.19 7.49 7.68 7.32 7.26 7.67 7.68 7.39 7.11 7.58 8.98 10.05 10.15 9.34 8.22 8.20 8.29 6.80 5.56 6.41 7.89 8.61 8.26 7.43 7.21 7.64 7.80 7.79 7.86 7.89 7.71 7.68 8.11 7.84 7.47 7.44 7.08 7.08 7.36 7.41 7.61 7.60 7.36 7.46 7.13 6.57 6.58 6.79 6.90 7.09 7.14 7.00 7.00 7.08 7.20 7.36 7.15 6.81 6.83 6.98 7.03 6.94 7.05 7.43 7.73 7.68 7.19 6.72 6.62 6.74 6.87 7.03 7.03 7.03 7.26 7.16 6.69 6.54 6.67 6.98 7.18
6.76 7.27 7.28 7.03 7.40 7.28 7.07 7.33 7.61 7.37 6.72 5.94 6.11 7.50 9.45 10.76 10.35 9.22 9.05 8.70 7.09 5.38 5.12 6.64 8.46 8.72 7.88 7.30 7.36 7.55 7.75 7.80 7.73 7.75 7.76 7.98 8.05 7.88 7.64 7.24 7.14 7.22 7.35 7.78 7.76 7.51 7.62 7.53 6.86 6.44 6.56 6.70 6.86 7.01 6.92 6.87 6.99 7.11 7.35 7.31 6.88 6.66 6.75 6.86 6.65 6.65 7.14 7.76 8.02 7.45 6.68 6.49 6.63 6.74 6.84 6.74 6.88 7.51 7.47 6.63 6.22 6.71 7.01 6.95
6.30 7.13 7.39 7.14 7.38 6.91 6.79 7.46 7.65 7.18 6.25 5.27 5.49 6.66 8.50 10.64 10.69 9.84 9.58 8.99 7.64 6.22 5.02 5.36 7.47 8.52 8.33 7.85 7.50 7.63 7.99 8.03 7.85 7.84 7.78 7.77 7.88 7.95 7.76 7.42 7.28 7.23 7.48 7.83 7.73 7.55 7.52 7.51 7.24 6.89 6.69 6.59 6.78 7.07 7.02 6.88 6.95 7.01 7.12 7.24 7.03 6.65 6.61 6.77 6.63 6.57 6.95 7.69 8.13 7.50 6.67 6.55 6.70 6.70 6.64 6.45 6.59 7.41 7.61 6.62 5.87 6.70 7.27 6.75
5.84 6.71 7.39 7.33 7.37 6.90 6.74 7.34 7.41 6.78 5.82 4.91 5.03 6.25 8.24 10.35 10.85 10.14 9.57 9.25 8.38 7.07 5.38 4.62 6.27 7.62 8.12 8.13 7.82 7.90 8.29 8.56 8.59 8.26 7.79 7.75 7.85 7.93 7.91 7.59 7.26 7.25 7.65 7.83 7.69 7.61 7.48 7.29 7.23 7.17 6.86 6.59 6.72 7.08 7.16 7.04 7.02 7.00 6.97 7.04 6.99 6.66 6.55 6.68 6.62 6.56 6.82 7.62 8.13 7.42 6.74 6.72 6.78 6.66 6.53 6.46 6.50 6.96 7.31 6.69 5.79 6.26 7.21 6.93
5.78 6.23 6.92 7.28 7.41 7.11 7.01 7.28 6.96 6.15 5.40 4.72 4.48 5.81 8.32 9.89 10.73 10.44 9.54 9.30 8.99 7.98 5.92 4.42 5.22 6.45 7.11 7.59 7.69 7.80 8.14 8.73 9.16 8.89 8.28 7.98 8.05 8.07 8.04 7.79 7.38 7.33 7.65 7.72 7.60 7.62 7.46 7.21 7.14 7.05 6.89 6.81 6.83 7.02 7.20 7.20 7.13 7.06 6.94 6.89 6.87 6.64 6.52 6.65 6.64 6.57 6.74 7.55 8.00 7.31 6.91 7.05 6.95 6.50 6.36 6.68 6.85 6.82 6.65 6.46 6.18 6.22 6.81 6.95
6.15 6.23 6.38 6.81 7.27 7.31 7.34 7.23 6.51 5.70 5.15 4.61 4.22 5.54 8.31 9.50 10.11 10.45 9.91 9.49 9.45 8.90 6.87 4.72 4.64 5.46 6.09 6.70 7.08 7.27 7.69 8.46 9.02 8.99 8.78 8.55 8.36 8.27 8.16 7.92 7.64 7.55 7.64 7.59 7.45 7.51 7.39 7.16 7.07 6.83 6.71 6.96 7.08 7.09 7.29 7.36 7.24 7.11 6.92 6.78 6.70 6.50 6.51 6.70 6.76 6.64 6.73 7.47 7.78 7.08 6.93 7.46 7.33 6.43 6.13 6.67 7.18 7.09 6.21 6.08 6.71 6.71 6.55 6.74
6.43 6.50 6.41 6.46 6.90 7.21 7.39 7.10 6.27 5.55 5.05 4.48 4.15 5.46 8.07 9.28 9.31 9.93 10.10 9.68 9.80 9.67 8.03 5.70 4.52 4.59 5.41 6.15 6.37 6.59 7.29 8.11 8.47 8.56 8.77 8.84 8.55 8.33 8.24 8.04 7.86 7.76 7.72 7.61 7.46 7.39 7.26 7.10 6.90 6.60 6.53 6.86 7.01 7.16 7.59 7.61 7.34 7.19 6.93 6.72 6.50 6.18 6.31 6.73 6.97 6.90 6.88 7.36 7.55 6.86 6.71 7.47 7.53 6.69 6.16 6.43 7.15 7.17 6.08 5.95 7.14 7.11 6.37 6.51
6.48 6.68 6.75 6.58 6.66 6.93 7.10 6.85 6.23 5.61 5.10 4.47 4.05 5.09 7.65 9.04 8.93 9.31 9.80 9.78 9.97 10.02 8.97 7.04 5.08 4.17 4.91 5.84 5.80 6.09 7.19 7.74 7.82 8.25 8.78 8.84 8.46 8.22 8.20 8.13 8.00 7.89 7.75 7.63 7.56 7.34 7.11 7.07 6.76 6.27 6.48 6.85 6.65 6.93 7.86 7.89 7.40 7.25 7.03 6.67 6.32 5.85 5.75 6.30 6.92 7.25 7.20 7.24 7.27 6.88 6.81 7.25 7.26 6.83 6.39 6.36 6.95 6.88 6.07 6.24 7.50 7.42 6.22 6.07
6.50 6.72 6.97 6.83 6.65 6.73 6.81 6.64 6.24 5.73 5.28 4.68 4.07 4.66 6.84 8.57 8.90 9.01 9.16 9.64 10.10 10.09 9.55 8.00 6.14 4.60 4.46 5.44 5.61 5.89 7.22 7.45 7.24 8.03 8.84 8.85 8.36 8.08 8.15 8.21 8.12 8.04 7.87 7.65 7.63 7.33 6.98 7.06 6.70 5.97 6.29 6.80 6.44 6.78 7.86 8.08 7.44 7.18 7.08 6.62 6.29 5.90 5.32 5.44 6.47 7.27 7.35 7.13 6.80 6.85 7.22 7.32 6.99 6.67 6.46 6.43 6.79 6.46 5.91 6.70 7.74 7.71 6.45 5.70
6.56 6.75 7.02 6.94 6.70 6.66 6.70 6.60 6.28 5.84 5.51 4.99 4.30 4.42 6.01 7.90 8.75 8.93 8.66 9.08 9.86 10.04 9.85 8.59 6.99 5.60 4.51 5.02 5.66 6.02 7.06 7.26 7.00 7.76 8.59 8.70 8.34 8.02 8.11 8.24 8.19 8.19 8.05 7.70 7.73 7.48 6.85 6.93 6.74 5.91 6.12 6.52 6.34 6.89 7.68 8.11 7.55 7.00 6.88 6.53 6.44 6.17 5.22 5.04 6.21 6.96 7.13 6.83 6.13 6.54 7.46 7.55 6.97 6.48 6.39 6.52 6.83 6.41 5.73 6.56 7.57 7.87 7.09 6.09
6.66 6.79 6.99 6.94 6.74 6.66 6.67 6.61 6.34 5.97 5.71 5.28 4.65 4.41 5.53 7.39 8.40 8.77 8.61 8.66 9.24 9.66 9.78 8.92 7.61 6.35 5.04 5.04 5.76 6.20 6.81 7.11 7.09 7.58 8.15 8.32 8.23 8.04 8.12 8.14 8.11 8.30 8.13 7.73 7.92 7.83 6.98 6.75 6.78 6.30 6.22 6.20 6.20 6.96 7.51 7.82 7.56 6.95 6.59 6.40 6.64 6.44 5.48 5.41 6.28 6.57 6.66 6.23 5.39 6.07 7.27 7.55 7.09 6.33 6.16 6.57 7.03 6.89 6.20 6.24 6.94 7.60 7.52 7.02
6.78 6.84 6.94 6.90 6.78 6.74 6.70 6.58 6.39 6.11 5.86 5.50 4.95 4.58 5.44 7.23 8.07 8.29 8.58 8.69 8.84 9.08 9.27 8.87 7.92 6.70 5.62 5.48 5.93 6.28 6.64 7.04 7.29 7.44 7.68 8.04 8.11 8.03 8.07 7.90 7.98 8.30 7.99 7.73 8.09 8.12 7.46 7.03 7.09 6.99 6.56 6.14 6.20 7.00 7.61 7.48 7.16 6.73 6.35 6.51 6.99 6.78 6.19 6.16 6.31 6.26 6.15 5.63 4.99 5.65 6.62 7.13 7.15 6.26 5.78 6.31 6.91 7.28 6.89 6.22 6.44 7.13 7.48 7.70
6.88 6.90 6.92 6.86 6.80 6.81 6.74 6.60 6.45 6.23 5.98 5.68 5.11 4.80 5.70 7.37 8.12 7.86 8.15 8.68 8.64 8.57 8.72 8.54 7.89 6.94 6.13 6.00 6.19 6.38 6.71 7.05 7.35 7.26 7.24 7.94 8.20 8.06 7.94 7.62 7.90 8.16 7.71 7.59 7.98 7.92 7.40 7.35 7.82 7.82 7.03 6.40 6.30 7.10 7.99 7.49 6.60 6.02 5.87 6.71 7.56 7.30 7.05 6.81 6.28 6.05 5.90 5.73 5.32 5.11 5.67 6.48 7.02 6.34 5.58 5.78 6.55 7.28 7.13 6.48 6.50 6.95 7.32 7.86
6.97 6.96 6.94 6.87 6.81 6.81 6.73 6.65 6.55 6.33 6.11 5.85 5.24 4.86 5.85 7.66 8.50 7.85 7.63 8.28 8.37 8.10 8.20 8.18 7.79 7.11 6.45 6.36 6.43 6.48 7.00 7.34 7.25 7.06 7.03 7.72 8.16 8.19 7.96 7.58 7.76 7.81 7.75 7.80 7.69 7.53 7.02 6.73 7.69 8.60 8.07 6.93 6.51 7.37 8.32 7.85 6.47 5.30 5.22 6.71 8.07 7.94 7.65 7.03 6.37 6.31 6.21 6.28 5.89 4.88 4.77 5.99 6.76 6.29 5.49 5.59 6.38 6.89 6.93 6.92 6.96 6.92 7.14 7.60
7.04 7.02 6.98 6.92 6.84 6.80 6.72 6.67 6.63 6.44 6.25 6.01 5.49 4.88 5.61 7.82 8.80 8.13 7.48 7.71 7.92 7.69 7.68 7.80 7.79 7.34 6.53 6.44 6.68 6.63 7.21 7.64 7.21 7.06 7.19 7.42 7.84 8.18 7.98 7.77 7.73 7.45 7.88 8.32 7.54 7.28 7.37 6.41 6.33 8.01 8.82 7.71 7.02 7.70 8.32 8.39 7.26 5.36 4.91 6.60 8.25 8.47 7.84 6.62 6.54 7.21 6.88 6.70 6.46 5.02 4.54 5.58 6.30 5.79 5.37 5.65 6.09 6.39 6.83 7.56 7.31 6.65 6.88 7.13
7.08 7.07 7.02 6.96 6.88 6.83 6.77 6.70 6.68 6.56 6.38 6.14 5.82 5.16 5.47 7.52 8.68 8.37 7.73 7.48 7.49 7.32 7.20 7.41 7.78 7.58 6.68 6.33 6.73 6.93 7.36 7.59 7.18 7.22 7.48 7.49 7.69 7.95 7.83 7.84 7.79 7.42 7.92 8.48 7.73 7.24 7.67 7.09 6.25 7.07 8.22 7.95 7.50 7.72 7.97 8.37 8.20 6.48 5.28 6.83 8.43 8.68 7.76 6.21 6.51 7.80 7.70 7.16 6.78 5.52 4.66 5.04 5.60 5.34 5.22 5.43 5.52 6.21 7.25 7.85 7.12 6.35 6.59 6.67
7.11 7.11 7.06 6.99 6.92 6.87 6.82 6.77 6.73 6.66 6.52 6.29 6.08 5.68 5.74 7.04 8.21 8.24 7.84 7.55 7.31 7.05 6.89 7.13 7.57 7.55 6.93 6.39 6.55 7.05 7.43 7.35 7.12 7.38 7.82 7.99 7.93 7.79 7.67 7.83 7.85 7.67 7.89 8.10 7.88 7.55 7.45 7.35 7.28 7.42 7.52 7.48 7.50 7.60 7.62 7.94 8.37 7.56 6.34 7.11 8.52 8.73 7.58 6.32 6.58 7.84 8.35 7.69 6.76 5.96 5.27 4.80 5.24 5.34 4.82 4.85 5.19 6.28 7.56 7.47 6.66 6.43 6.37 6.28
7.13 7.13 7.09 7.03 6.98 6.92 6.87 6.85 6.78 6.71 6.65 6.49 6.31 6.13 6.13 6.79 7.70 7.87 7.64 7.50 7.24 6.96 6.82 7.00 7.30 7.33 7.09 6.68 6.52 6.86 7.17 7.05 6.99 7.36 7.99 8.46 8.36 7.83 7.48 7.77 7.83 7.74 7.97 7.83 7.77 7.90 7.56 7.11 7.46 7.93 7.57 7.13 7.07 7.24 7.40 7.66 8.08 7.94 7.26 7.39 8.48 8.72 7.58 6.75 6.91 7.73 8.57 8.01 6.83 6.54 5.99 4.92 5.09 5.19 4.44 4.42 4.99 6.03 7.18 6.98 6.51 6.52 6.04 5.77
7.18 7.15 7.10 7.04 7.01 6.98 6.95 6.94 6.84 6.69 6.70 6.71 6.54 6.41 6.46 6.79 7.30 7.46 7.39 7.36 7.16 6.97 6.88 6.95 7.12 7.18 7.11 6.90 6.67 6.69 6.74 6.72 6.88 7.27 7.93 8.53 8.63 7.99 7.40 7.74 7.81 7.74 8.01 7.90 7.84 8.13 8.09 7.26 7.10 7.96 7.97 7.29 6.80 6.70 7.10 7.45 7.76 8.05 7.90 7.71 8.29 8.66 7.86 7.14 7.23 7.75 8.33 8.07 7.40 7.17 6.24 4.95 4.99 5.09 4.48 4.19 4.50 5.49 6.59 6.82 6.65 6.54 5.89 5.34
7.24 7.20 7.11 7.05 7.02 7.03 7.03 7.02 6.92 6.72 6.72 6.85 6.73 6.59 6.66 6.83 7.05 7.17 7.22 7.24 7.09 6.95 6.89 6.91 7.02 7.11 7.09 6.95 6.77 6.63 6.41 6.38 6.88 7.55 8.11 8.61 8.85 8.23 7.48 7.71 7.79 7.78 7.98 8.04 8.18 8.31 8.28 7.58 7.09 7.75 8.12 7.67 7.02 6.55 6.70 6.98 7.31 7.85 8.23 8.07 8.08 8.74 8.48 7.50 7.47 7.87 7.97 8.05 7.96 7.30 5.97 4.90 5.00 5.24 4.67 3.84 4.04 5.27 6.48 6.94 6.86 6.53 5.94 5.21
7.29 7.25 7.13 7.07 7.06 7.05 7.07 7.09 7.00 6.80 6.77 6.91 6.85 6.70 6.75 6.82 6.89 7.04 7.15 7.14 7.02 6.90 6.87 6.86 6.90 7.03 7.06 6.94 6.79 6.57 6.18 5.99 6.72 7.79 8.15 8.51 9.01 8.51 7.62 7.64 7.78 7.90 8.13 8.31 8.53 8.49 8.25 7.79 7.37 7.61 8.10 7.95 7.44 6.84 6.53 6.60 6.90 7.33 7.90 8.24 8.12 8.90 9.07 7.90 7.76 8.01 7.80 8.08 8.02 6.84 5.57 5.07 5.32 5.63 4.79 3.45 3.46 4.90 6.42 7.28 7.20 6.49 6.10 5.44
7.31 7.27 7.17 7.13 7.12 7.07 7.06 7.10 7.08 6.95 6.84 6.90 6.96 6.82 6.76 6.79 6.80 6.96 7.10 7.05 6.94 6.86 6.85 6.78 6.77 6.93 6.98 6.92 6.84 6.59 6.05 5.66 6.55 7.81 8.07 8.28 8.73 8.59 7.92 7.57 7.61 7.88 8.29 8.65 8.85 8.69 8.34 7.94 7.56 7.56 8.10 8.07 7.67 7.26 6.74 6.51 6.73 6.91 7.03 7.89 8.36 9.12 9.52 8.53 8.26 8.13 7.69 7.82 7.47 6.39 5.57 5.35 5.82 6.18 5.05 3.30 2.81 4.16 5.91 7.27 7.60 6.87 6.63 5.93
7.33 7.26 7.21 7.21 7.17 7.09 7.06 7.08 7.14 7.11 6.92 6.83 6.96 6.95 6.82 6.77 6.76 6.89 7.03 6.95 6.86 6.85 6.80 6.68 6.68 6.83 6.88 6.93 6.96 6.70 6.02 5.52 6.38 7.58 8.04 8.34 8.38 8.28 8.10 7.63 7.40 7.74 8.24 8.79 9.24 8.91 8.25 8.11 7.77 7.58 8.13 8.12 7.76 7.64 7.11 6.57 6.69 6.68 6.28 7.09 8.36 9.40 10.05 9.58 8.75 7.83 7.24 7.15 6.75 6.23 5.81 5.73 6.40 6.59 5.27 3.36 2.58 3.63 5.02 6.38 7.47 7.41 7.22 6.65
7.36 7.29 7.23 7.25 7.21 7.11 7.05 7.10 7.21 7.20 7.01 6.81 6.85 6.99 6.89 6.79 6.78 6.84 6.94 6.83 6.76 6.79 6.70 6.56 6.57 6.70 6.79 7.04 7.35 6.94 6.11 5.69 6.13 7.09 7.86 8.33 8.37 8.27 8.11 7.67 7.31 7.50 7.97 8.86 9.59 8.85 8.12 8.35 8.13 7.82 8.10 8.14 7.95 7.84 7.37 6.75 6.70 6.54 5.97 6.37 7.92 9.66 10.73 10.38 8.63 7.10 6.53 6.29 6.22 6.21 6.06 6.24 7.03 6.67 4.93 3.45 3.04 3.60 4.28 5.15 6.55 7.32 7.36 7.29
7.41 7.33 7.26 7.26 7.23 7.13 7.05 7.17 7.31 7.23 7.06 6.88 6.83 6.91 6.87 6.83 6.83 6.83 6.84 6.75 6.67 6.67 6.57 6.43 6.38 6.43 6.67 7.33 8.01 7.46 6.35 5.99 6.05 6.46 7.36 7.99 8.39 8.77 8.40 7.62 7.28 7.29 7.73 8.94 9.41 8.46 8.27 8.62 8.44 8.23 8.19 8.30 8.23 7.93 7.46 6.81 6.51 6.44 6.18 6.29 7.68 10.03 11.15 10.15 8.06 6.63 5.93 5.64 6.04 6.50 6.71 7.15 7.27 6.12 4.38 3.54 4.06 4.25 3.91 4.20 5.48 6.51 6.79 7.33
7.43 7.38 7.30 7.28 7.25 7.13 7.08 7.24 7.35 7.22 7.07 6.99 6.92 6.84 6.80 6.84 6.85 6.81 6.78 6.70 6.61 6.54 6.42 6.25 6.14 5.99 6.38 7.70 8.64 8.12 7.02 6.53 6.29 6.02 6.46 7.14 8.01 9.29 9.08 7.74 7.23 7.36 7.77 8.79 8.83 7.96 8.43 9.00 8.79 8.43 8.29 8.64 8.59 8.23 7.62 6.39 5.90 6.45 6.76 6.96 8.68 10.91 10.78 8.95 7.52 6.63 5.78 5.40 6.00 7.07 7.97 7.97 6.87 5.40 3.74 3.29 4.79 5.48 4.27 3.81 4.69 5.44 5.77 6.58
7.41 7.42 7.37 7.31 7.27 7.16 7.14 7.32 7.32 7.17 7.10 7.07 7.02 6.86 6.77 6.84 6.83 6.74 6.70 6.66 6.56 6.44 6.26 6.04 5.82 5.49 5.89 7.67 8.91 8.67 8.15 7.60 6.83 6.16 5.90 5.99 7.07 9.22 9.74 8.14 7.18 7.68 7.90 8.25 8.22 7.51 8.12 9.19 9.41 8.57 8.06 8.87 9.11 8.84 7.86 5.49 4.99 6.59 7.62 8.19 10.06 11.20 9.58 7.44 6.76 6.46 5.69 5.40 6.12 7.63 8.96 8.21 6.31 4.78 3.26 2.83 4.68 6.51 5.51 4.00 4.10 4.50 4.97 5.85
7.38 7.43 7.43 7.35 7.30 7.20 7.23 7.35 7.27 7.13 7.13 7.13 7.08 6.95 6.82 6.81 6.80 6.68 6.60 6.60 6.52 6.37 6.11 5.80 5.43 5.00 5.46 7.19 8.57 8.94 9.28 9.08 7.78 6.83 6.15 5.53 6.33 8.63 9.95 8.49 7.42 7.99 7.87 7.86 7.66 7.13 7.56 8.77 9.93 9.08 7.75 8.73 9.59 9.50 8.14 4.93 4.25 6.64 8.67 9.58 10.65 10.55 8.62 6.63 6.09 6.04 5.40 5.39 6.66 8.29 9.21 8.08 6.07 4.55 3.16 2.71 4.08 6.72 6.72 4.86 3.98 3.88 4.50 5.55
7.40 7.43 7.42 7.40 7.37 7.28 7.30 7.33 7.23 7.12 7.13 7.15 7.12 7.04 6.93 6.80 6.75 6.64 6.53 6.52 6.44 6.29 6.00 5.63 5.12 4.61 5.02 6.40 7.51 8.34 9.68 10.47 9.38 8.17 7.05 5.64 5.85 8.21 9.85 8.62 7.79 8.05 7.69 7.90 7.37 6.78 7.28 8.11 9.64 9.46 8.04 8.65 9.77 10.01 8.66 5.52 4.30 6.55 9.50 11.01 10.70 9.22 7.88 6.69 6.00 5.72 5.03 5.39 7.59 9.05 8.96 7.52 5.91 4.70 3.43 3.05 4.16 6.33 7.35 6.22 4.42 3.57 4.04 5.20
7.48 7.43 7.36 7.42 7.50 7.42 7.29 7.27 7.24 7.15 7.12 7.17 7.15 7.11 7.02 6.83 6.71 6.61 6.50 6.46 6.37 6.17 5.92 5.53 4.99 4.55 4.74 5.55 6.20 6.91 8.63 10.50 10.61 9.87 8.10 5.60 5.60 7.97 9.63 8.66 7.86 7.84 7.43 7.92 7.52 6.75 7.24 7.93 8.95 9.00 8.29 8.66 9.55 10.33 9.38 6.48 5.35 7.00 9.89 11.93 10.46 7.65 6.93 6.87 6.43 5.70 4.78 5.42 8.35 9.76 8.42 6.50 5.63 4.84 3.72 3.55 4.17 5.76 7.52 7.37 5.22 3.54 3.65 4.71
7.60 7.44 7.27 7.39 7.65 7.56 7.25 7.22 7.26 7.18 7.14 7.18 7.18 7.16 7.08 6.90 6.72 6.59 6.46 6.39 6.31 6.07 5.81 5.47 5.02 4.66 4.65 4.94 5.29 6.09 7.83 9.70 10.70 10.98 8.93 5.40 5.41 8.09 9.34 8.52 7.88 7.47 7.11 7.65 7.51 6.92 7.44 8.18 8.40 8.20 8.05 8.33 8.87 10.10 9.68 7.15 6.77 8.32 10.39 12.18 10.31 6.79 6.07 6.92 7.20 6.09 4.73 5.46 8.72 10.09 7.73 5.83 5.55 4.80 3.72 3.62 4.00 5.31 7.39 8.07 6.17 3.87 3.61 4.43
7.65 7.48 7.22 7.38 7.79 7.60 7.21 7.22 7.27 7.21 7.15 7.20 7.24 7.19 7.13 6.96 6.76 6.64 6.45 6.32 6.26 6.02 5.67 5.46 5.19 4.70 4.52 4.43 4.54 5.63 7.79 9.58 10.58 11.60 9.72 5.51 5.31 8.24 8.88 8.00 7.84 7.29 6.94 7.45 7.31 7.10 7.84 8.31 7.97 7.97 8.04 7.97 8.18 9.24 9.41 7.63 7.50 9.46 11.30 12.13 9.76 6.24 5.37 6.86 8.17 6.97 4.96 5.37 8.59 10.00 7.58 5.92 5.76 4.65 3.53 3.40 3.72 4.96 7.05 8.34 6.83 4.58 4.18 4.50
7.58 7.49 7.29 7.49 7.85 7.55 7.21 7.23 7.31 7.25 7.13 7.22 7.26 7.21 7.17 6.98 6.81 6.72 6.52 6.32 6.25 6.01 5.55 5.40 5.35 4.81 4.40 3.98 3.79 4.92 7.30 9.40 10.25 11.71 11.04 6.38 5.23 7.95 8.43 7.58 7.75 7.30 7.00 7.46 7.25 7.38 8.08 8.04 7.76 8.04 8.14 7.90 7.87 8.25 8.61 7.88 7.59 9.30 11.64 12.43 9.94 6.02 4.58 6.38 8.80 8.27 5.89 5.34 7.63 9.52 8.02 6.40 5.87 4.51 3.43 3.24 3.48 4.48 6.49 8.11 7.44 5.74 5.25 5.06
7.44 7.42 7.43 7.71 7.84 7.49 7.22 7.23 7.37 7.31 7.18 7.22 7.24 7.21 7.15 6.99 6.86 6.78 6.60 6.39 6.29 6.03 5.61 5.39 5.29 4.90 4.36 3.79 3.49 4.40 6.70 8.72 9.64 11.16 11.78 8.36 5.49 7.18 8.02 7.47 7.64 7.41 7.22 7.49 7.49 7.77 7.91 7.67 7.82 8.09 8.07 7.99 7.88 7.72 7.90 8.06 7.99 8.56 10.55 12.50 11.01 6.67 4.09 5.37 8.65 9.42 7.62 6.07 7.07 8.76 7.93 6.63 5.89 4.59 3.61 3.28 3.36 4.08 5.45 7.11 7.69 7.01 6.52 6.16
7.33 7.35 7.51 7.87 7.85 7.46 7.22 7.25 7.42 7.40 7.27 7.23 7.23 7.20 7.12 7.02 6.92 6.83 6.65 6.45 6.34 6.11 5.79 5.50 5.19 4.83 4.30 3.80 3.58 4.48 6.45 7.83 8.98 10.52 11.55 9.66 6.71 6.70 7.62 7.48 7.47 7.55 7.57 7.57 7.88 8.24 7.66 7.52 7.95 8.05 8.01 8.06 8.00 7.72 7.81 8.20 8.38 8.35 9.27 11.71 11.62 7.60 4.18 4.43 7.54 9.78 9.34 7.74 7.71 8.01 6.89 6.34 5.97 4.83 4.01 3.47 3.33 3.95 4.63 5.52 6.71 7.18 7.44 7.44
7.31 7.36 7.55 7.85 7.81 7.47 7.29 7.29 7.42 7.48 7.37 7.26 7.23 7.19 7.14 7.06 6.95 6.86 6.70 6.51 6.39 6.21 5.95 5.64 5.25 4.78 4.24 3.73 3.75 5.11 6.58 7.29 8.52 9.94 10.66 9.70 7.88 7.16 7.61 7.66 7.37 7.54 7.85 7.79 8.16 8.47 7.70 7.61 7.99 7.91 8.01 8.01 7.96 7.96 7.99 8.15 8.40 8.54 8.94 10.79 11.54 8.43 4.86 4.11 5.96 8.97 10.36 9.70 8.51 6.99 5.71 5.98 6.03 5.08 4.28 3.63 3.30 3.79 4.60 5.03 5.31 6.06 7.24 8.17
