windninja/windninja_output/Output_2025-10-23_1400-1450_Google earth_Fire_150m_10min/merlingen_7.5mi_point_10-23-2025_1450_150m_ang.asc
ncols	158
nrows	163
xllcorner	391686.332397
yllcorner	5160024.123721
cellsize	150.000000
NODATA_value	-32768.000000
[rows 84 to 125 of 163, columns 0 to 93 of 158]
263 265 268 265 258 255 251 248 249 252 258 264 266 266 267 268 269 270 271 273 274 273 271 269 270 269 264 261 259 258 257 255 255 255 256 257 257 256 254 252 250 250 250 250 251 251 252 254 256 254 251 250 252 254 255 256 256 256 256 256 255 255 255 255 255 255 255 255 255 255 255 256 256 257 257 258 259 260 262 263 259 245 242 255 270 272 270 266 264 263 260 257 254 250
260 259 259 258 255 252 247 245 249 255 260 262 263 263 263 265 266 268 270 273 275 275 275 274 273 272 267 262 260 259 257 254 253 251 251 253 255 256 256 256 255 253 253 254 255 256 258 260 261 260 257 254 252 252 253 255 256 256 256 256 256 255 255 255 255 254 254 254 255 255 255 255 256 256 257 258 259 260 262 264 268 276 276 275 274 271 267 263 262 261 260 258 255 252
261 259 257 257 255 250 244 244 251 257 259 259 260 261 261 261 262 264 267 270 273 275 277 279 278 273 267 263 262 260 258 255 253 251 249 248 248 249 252 255 257 256 254 253 254 255 257 259 261 262 261 258 255 253 254 255 256 257 257 256 256 256 255 255 255 254 254 254 254 254 255 255 256 256 257 258 259 260 263 268 283 310 303 283 274 269 266 264 261 259 259 257 257 255
262 260 257 256 252 247 243 244 250 254 255 255 258 258 257 257 256 258 262 266 269 270 274 280 284 275 263 261 259 257 257 257 256 256 254 250 246 245 246 248 252 255 255 253 252 253 255 257 258 260 260 260 258 256 256 257 258 259 259 258 257 256 255 255 254 254 254 254 254 254 255 255 255 256 257 258 259 261 265 272 291 319 316 292 275 268 265 264 262 260 260 261 262 259
263 261 258 255 248 242 241 242 246 249 251 254 256 254 252 250 249 252 256 261 264 266 273 280 283 267 258 257 255 254 254 256 257 258 260 258 254 249 246 246 246 248 251 252 251 251 253 254 255 255 256 258 258 257 257 257 259 261 262 261 260 257 256 255 254 254 254 254 254 254 254 255 255 256 257 258 260 262 266 273 288 312 318 302 284 271 264 262 262 263 265 266 264 260
263 262 258 253 247 243 241 241 240 243 249 253 252 249 248 244 243 248 254 259 263 270 276 275 259 241 249 252 253 252 253 254 255 256 258 261 261 257 253 251 249 248 249 251 252 252 251 252 253 253 253 254 255 255 254 253 254 258 263 266 263 258 256 254 254 254 254 254 254 254 254 255 255 256 257 258 260 262 266 271 282 300 311 305 292 282 272 267 266 268 269 266 260 256
262 259 253 249 249 247 243 239 235 238 246 249 244 242 241 239 241 244 251 261 271 277 273 254 225 222 240 248 250 251 252 253 254 254 255 257 259 260 256 253 251 251 251 252 253 253 252 251 252 253 254 254 254 254 251 249 250 253 260 266 265 259 255 254 254 254 254 254 254 254 254 255 255 256 257 258 260 262 265 270 278 290 301 301 295 290 284 276 274 274 269 261 258 257
258 253 244 241 242 242 238 233 229 235 242 241 233 232 232 232 236 240 247 262 276 276 252 229 213 218 236 245 249 251 252 253 254 255 255 255 255 257 257 254 250 249 250 252 254 255 254 253 253 254 256 257 257 256 250 246 247 251 254 255 256 255 254 253 253 253 254 254 254 254 254 255 255 256 257 258 260 262 264 268 274 283 292 297 295 292 288 282 278 275 267 259 262 262
253 247 237 233 232 230 223 216 215 225 234 233 226 226 228 232 234 236 245 255 262 245 228 220 213 220 236 244 248 251 253 254 255 256 257 256 254 255 257 256 251 247 248 251 254 255 256 255 255 257 259 261 262 260 254 250 252 253 251 248 246 249 252 253 253 253 254 254 254 254 254 255 255 256 257 258 259 261 264 267 271 277 285 292 292 290 288 284 279 271 262 262 267 267
252 246 236 232 230 227 220 209 205 216 224 220 213 211 213 220 224 229 244 249 240 213 212 215 214 225 237 244 248 251 253 255 258 259 258 257 255 255 256 256 253 247 246 249 252 254 256 256 256 257 260 265 266 262 261 263 262 259 255 250 247 247 250 252 253 254 254 254 254 254 254 255 255 256 257 258 259 261 263 265 269 273 278 285 288 287 285 282 275 267 262 265 267 267
249 244 237 236 237 234 227 214 205 215 223 219 211 208 208 217 224 231 243 241 226 211 209 214 218 230 239 244 247 249 252 257 261 262 260 257 257 257 256 255 253 248 245 244 245 248 251 254 255 255 258 262 263 259 260 267 268 264 259 254 251 249 250 252 253 254 254 254 254 255 255 255 255 256 257 258 259 260 262 264 266 270 273 277 281 282 281 278 272 267 265 265 266 266
244 241 238 240 242 239 232 222 215 226 233 230 225 224 226 237 239 246 246 236 223 220 219 224 229 237 243 245 246 247 250 256 259 260 259 259 259 258 257 256 254 250 246 243 240 241 243 247 251 253 255 254 250 251 257 261 265 264 261 257 254 252 252 253 254 255 255 255 255 255 255 255 256 256 257 258 259 260 261 263 265 267 269 272 274 275 275 273 270 267 266 265 264 264
237 240 240 240 240 236 231 228 233 249 256 249 243 242 249 255 255 258 250 228 224 230 233 241 245 247 247 246 247 248 252 255 256 257 258 260 261 261 260 259 258 257 253 248 243 240 240 243 247 250 250 247 244 246 252 258 262 263 262 260 257 254 254 255 256 256 255 255 255 255 255 256 256 256 257 258 258 259 261 262 263 265 266 268 269 270 270 269 268 266 265 264 263 262
230 239 243 241 240 237 233 232 237 248 257 255 254 251 256 259 263 261 247 227 226 234 244 254 257 252 248 248 250 254 258 258 256 256 258 261 264 264 263 262 261 260 259 256 252 248 247 248 250 251 248 246 245 245 249 254 258 261 261 261 260 258 257 258 257 257 256 256 256 256 256 256 256 257 257 258 258 259 260 261 262 263 264 265 266 266 266 266 265 264 263 262 262 261
228 242 248 248 249 245 240 238 239 243 249 257 265 267 267 267 266 258 242 232 229 236 247 255 252 241 243 249 254 258 261 261 260 259 259 262 266 268 269 267 264 263 263 261 258 257 257 256 255 252 249 247 246 246 248 251 253 256 259 259 259 260 261 262 261 260 259 258 257 257 256 256 257 257 258 258 259 259 260 261 261 262 263 264 264 264 264 264 263 262 262 261 260 260
234 249 256 257 259 258 255 252 249 247 250 255 260 268 270 267 261 252 242 234 233 240 249 249 237 230 240 249 255 259 261 263 263 263 262 264 266 268 271 273 270 267 266 263 259 257 258 256 252 249 248 247 245 245 246 249 250 252 255 255 255 257 260 263 264 264 262 260 258 257 257 257 257 258 258 258 259 259 260 260 261 262 262 262 263 263 262 262 262 261 260 260 259 259
236 247 255 258 259 259 259 259 256 253 253 253 255 262 266 262 258 254 245 238 243 252 253 243 231 233 243 250 255 259 261 264 267 269 270 270 269 268 271 275 276 273 270 266 260 257 255 253 251 248 247 246 244 244 244 245 246 248 251 252 252 252 254 257 262 265 265 263 260 259 258 258 258 259 259 259 260 260 260 261 261 261 261 262 262 261 261 261 260 260 260 259 258 258
240 247 254 256 256 257 257 258 257 255 254 252 250 250 251 252 251 250 244 247 258 261 251 238 236 241 247 252 256 259 262 266 270 274 278 279 276 273 273 276 280 279 276 273 266 259 255 253 251 248 246 244 244 244 244 244 243 245 247 248 250 251 251 253 256 260 263 263 262 260 260 260 260 260 260 260 260 261 261 261 261 261 261 261 261 261 260 260 260 259 259 258 258 257
244 249 254 254 254 255 256 256 256 255 254 252 248 242 240 242 245 243 241 249 256 251 241 240 241 245 250 255 257 260 264 267 271 276 281 284 285 283 280 279 283 284 281 280 273 262 255 251 248 247 245 244 243 243 244 243 243 243 243 244 246 248 249 251 253 255 258 259 259 260 262 264 264 262 262 262 262 262 262 262 262 262 262 261 261 261 260 260 259 259 258 258 257 256
245 248 251 252 253 254 255 255 255 255 254 253 251 249 249 248 248 246 246 252 249 238 238 243 244 245 250 256 259 263 266 268 270 274 279 285 290 291 287 285 287 290 289 287 283 272 259 251 247 245 244 244 243 242 242 241 241 242 242 242 242 243 245 248 250 251 252 253 253 255 260 265 267 266 265 264 264 264 264 264 264 263 263 262 261 261 260 259 259 258 258 257 257 256
246 247 249 251 252 254 255 255 256 257 258 259 260 264 268 267 261 256 256 254 244 237 240 243 242 243 248 254 258 263 267 269 270 273 276 282 289 294 293 291 292 295 296 295 293 284 269 257 248 245 244 244 244 243 243 241 240 240 241 242 242 242 243 246 247 247 247 247 247 249 253 258 264 269 269 269 269 269 268 267 266 265 264 263 262 261 260 260 259 258 258 257 256 256
247 247 247 249 251 254 255 255 255 258 261 264 269 273 275 274 270 264 259 253 245 242 242 241 240 242 246 250 254 261 266 269 271 272 273 278 286 293 297 296 296 299 301 301 301 295 278 262 251 245 243 242 241 241 243 242 240 239 240 242 242 241 243 246 246 246 245 243 242 245 248 250 253 260 265 269 272 273 272 271 271 269 267 265 263 262 261 260 259 258 258 257 256 256
246 245 245 246 248 251 252 253 253 256 259 262 265 268 271 271 268 263 257 249 246 247 245 239 238 241 243 246 251 258 264 269 270 268 269 276 285 293 298 300 300 301 302 304 307 305 291 270 256 248 244 241 238 238 239 240 240 240 240 240 240 241 242 244 245 245 244 242 240 242 245 246 247 249 255 261 267 269 270 273 276 276 271 267 265 263 262 261 260 259 258 257 256 256
244 243 242 244 246 247 249 249 249 250 252 253 253 255 260 264 263 260 254 248 245 249 248 240 236 238 240 240 246 256 262 267 266 260 265 277 286 291 294 298 303 304 303 305 310 313 306 282 262 252 247 243 240 238 237 236 237 239 240 239 239 241 242 242 242 242 242 241 239 239 242 244 247 248 250 255 259 262 264 267 273 278 277 272 268 265 263 261 260 259 259 258 257 256
242 240 239 242 243 243 242 242 242 244 246 248 248 248 252 256 258 255 250 247 248 251 251 242 235 235 237 236 241 252 260 262 259 253 265 278 284 284 286 293 303 306 304 307 311 316 320 302 267 252 247 244 242 240 238 236 235 236 237 237 237 239 241 241 241 241 240 240 239 237 239 242 246 248 249 251 254 258 262 263 265 271 278 278 272 267 264 263 261 260 259 258 258 257
241 239 239 240 241 240 240 240 242 244 246 246 244 245 249 253 254 246 239 242 250 255 253 246 237 234 235 234 240 252 256 255 253 252 265 276 278 277 283 288 294 299 304 312 317 318 327 330 283 253 244 241 239 239 238 236 235 235 236 234 234 237 238 238 240 242 241 240 238 236 237 241 245 247 248 249 251 254 258 261 262 265 272 279 277 271 267 264 263 261 260 260 259 258
239 238 240 243 244 245 245 245 245 245 246 246 244 244 248 253 252 237 230 237 248 257 257 249 241 236 234 233 239 249 253 251 248 250 262 271 273 276 281 280 273 280 295 312 323 323 333 355 330 257 243 238 236 236 236 236 235 236 236 234 233 235 236 235 237 240 242 242 239 236 236 240 244 245 247 249 250 251 253 257 261 263 266 272 277 275 271 267 265 263 262 262 261 261
238 240 243 246 248 248 247 247 246 245 244 246 247 246 249 254 250 227 223 233 243 254 259 251 243 241 238 233 235 241 247 250 247 247 258 267 271 275 275 266 261 265 273 293 317 329 343 12 23 277 240 235 233 234 235 234 233 235 237 235 234 235 235 233 233 236 238 240 239 237 236 240 243 244 245 247 249 249 251 255 259 262 264 266 270 273 272 270 267 266 265 265 265 264
241 244 246 247 247 246 245 244 244 242 240 244 248 247 249 253 249 220 216 226 234 245 254 250 241 246 248 245 239 237 240 245 246 250 260 265 267 269 264 257 256 256 260 270 295 326 349 20 39 47 221 224 227 233 234 232 231 233 235 234 233 233 234 233 232 233 234 235 236 238 239 242 244 244 244 246 247 246 247 250 255 260 262 263 264 265 266 267 267 267 268 270 268 266
243 244 245 246 246 246 245 243 240 237 236 241 246 245 247 252 248 214 205 217 226 236 245 246 240 249 254 256 251 240 237 240 246 256 266 269 265 260 253 248 245 245 254 263 273 296 351 38 57 66 103 196 217 228 232 231 230 231 233 233 231 230 232 234 232 231 232 232 232 233 235 239 242 242 242 244 246 246 245 246 249 256 259 260 261 260 258 259 260 263 269 272 270 265
240 241 242 244 244 244 244 243 239 236 237 242 243 239 242 251 249 209 189 210 220 229 236 240 241 245 247 249 252 248 238 238 245 256 266 270 263 255 246 236 230 234 246 253 251 227 183 151 114 90 94 133 195 219 228 230 228 229 232 232 230 228 229 232 232 230 230 230 230 230 230 235 240 241 241 242 244 246 246 245 247 250 251 252 253 251 251 252 254 260 266 268 265 261
236 237 239 240 240 240 239 239 239 239 244 246 240 233 238 249 252 215 177 205 219 224 227 231 236 240 238 237 242 245 235 234 241 252 261 263 258 249 240 227 221 228 237 240 237 219 191 171 159 130 113 118 154 204 223 228 228 228 230 232 230 227 228 232 231 228 228 230 230 230 229 232 237 242 243 242 242 245 245 245 247 249 247 246 245 241 242 247 252 260 263 261 256 253
231 235 237 238 238 238 236 234 237 242 250 249 236 227 236 249 254 222 173 197 217 220 219 224 229 234 233 232 241 241 226 226 234 245 255 257 249 235 227 221 218 225 230 232 231 220 198 176 168 159 138 127 136 178 215 226 228 228 229 231 230 227 228 231 231 228 227 229 229 229 228 229 232 237 242 245 243 243 244 246 248 251 248 242 240 236 237 244 252 258 258 254 248 246
229 234 237 238 239 238 234 232 235 241 248 248 233 224 237 248 253 230 171 180 207 215 216 219 222 225 224 227 236 238 228 226 229 237 242 240 230 218 214 215 214 218 222 225 227 218 196 179 172 170 159 143 138 158 199 221 227 227 228 231 230 227 227 230 230 227 226 228 228 228 227 226 228 231 236 241 244 243 242 243 248 252 249 241 237 236 237 243 250 253 251 247 243 245
230 233 236 238 240 238 234 233 237 240 244 245 233 227 237 245 250 245 181 154 196 216 221 222 222 221 217 217 224 227 227 226 226 234 234 227 217 206 205 208 209 212 216 220 222 214 198 185 178 176 171 155 145 151 183 214 224 226 227 230 230 227 227 228 227 224 224 225 227 227 227 225 225 227 231 235 237 240 241 241 245 249 247 240 238 238 239 243 247 247 244 241 238 243
230 231 235 239 241 238 236 239 244 244 243 244 236 231 237 242 248 251 234 98 52 242 236 235 233 228 220 219 221 222 223 221 226 236 236 230 222 209 206 207 207 209 211 213 213 210 202 192 184 180 177 163 151 150 170 206 222 226 227 229 230 228 228 229 226 224 223 223 226 228 228 226 225 225 228 230 232 235 239 243 245 247 244 240 240 241 241 242 244 242 240 237 234 240
228 229 232 239 242 241 242 246 250 248 244 247 242 230 233 240 247 251 250 274 15 330 275 258 250 245 240 236 233 231 230 228 234 240 240 236 228 220 215 214 213 210 210 211 210 209 204 196 188 185 181 171 158 153 164 197 220 226 226 228 230 228 229 233 233 236 235 230 229 230 229 227 226 226 226 227 229 231 236 241 245 246 244 241 242 243 242 241 241 239 238 234 230 235
225 226 228 230 232 233 238 245 252 250 245 250 249 230 228 236 244 250 250 253 333 346 323 293 275 264 254 250 252 253 249 245 245 244 243 239 235 232 225 221 220 217 218 218 218 215 211 205 196 191 186 177 165 158 164 189 216 225 226 229 231 230 233 237 240 248 254 253 244 236 232 229 229 229 227 225 225 228 231 236 240 243 243 241 242 242 240 239 238 239 236 230 227 233
217 221 223 222 221 222 226 233 243 246 245 253 256 238 229 234 242 247 249 250 275 323 329 319 300 286 275 268 267 264 258 253 249 246 246 243 239 236 228 223 224 226 227 226 225 225 222 214 204 197 192 183 170 162 165 183 211 222 225 230 233 233 237 239 237 242 249 257 261 252 241 235 233 231 228 225 224 225 227 230 234 238 240 238 238 237 234 233 234 236 233 225 226 236
215 221 225 220 219 221 223 227 234 237 241 256 261 247 238 242 243 243 244 250 261 283 309 318 311 304 297 287 280 272 260 256 252 248 248 245 239 237 232 222 221 225 228 228 226 225 223 214 204 198 194 188 176 166 168 182 210 227 232 234 233 234 236 235 234 237 240 243 252 261 255 247 241 236 233 229 225 224 225 225 227 231 234 234 234 234 230 228 232 234 231 223 226 239
217 222 226 221 221 225 225 226 231 231 236 251 261 251 250 254 248 240 238 245 257 268 282 295 300 304 304 297 289 276 256 254 253 250 250 246 240 239 235 225 218 221 226 229 228 224 220 212 201 197 195 192 181 171 172 185 209 228 237 236 232 231 232 231 232 237 238 238 241 249 260 262 258 251 243 237 231 228 227 224 224 228 231 231 231 231 226 225 232 235 230 223 226 240
212 218 222 218 218 223 225 226 229 228 231 243 251 251 258 264 255 241 233 235 244 258 268 273 277 282 287 289 285 265 244 250 253 251 250 248 242 240 238 229 221 219 223 231 231 227 221 211 199 197 198 195 186 177 175 186 203 218 227 226 224 227 227 227 230 235 236 236 237 239 247 260 267 269 265 255 248 242 236 231 228 230 231 229 229 228 222 223 230 233 229 223 228 241
