windninja/windninja_output/Output_2025-10-23_1400-1450_Google earth_Fire_150m_10min/merlingen_7.5mi_point_10-23-2025_1440_150m_vel.asc
ncols	158
nrows	163
xllcorner	391686.332397
yllcorner	5160024.123721
cellsize	150.000000
NODATA_value	-32768.000000
[rows 74 to 110 of 163, columns 0 to 83 of 158]
7.61 7.38 6.77 6.33 6.54 6.83 6.80 6.85 6.75 6.32 6.15 6.11 5.87 5.71 5.65 5.54 5.52 5.67 5.71 5.60 5.69 5.86 5.87 5.70 5.06 4.60 5.16 6.10 6.89 7.25 6.93 6.57 6.54 6.29 5.70 5.32 5.32 5.34 5.36 5.40 5.43 5.45 5.47 5.49 5.49 5.50 5.50 5.50 5.49 5.47 5.46 5.44 5.41 5.38 5.35 5.32 5.28 5.23 5.19 5.13 5.07 5.01 4.94 4.86 4.77 4.65 4.53 4.41 4.34 4.26 4.09 3.91 3.60 3.12 2.99 3.23 3.24 2.93 2.44 2.86 4.72 7.24 9.15 8.56
8.21 7.87 7.13 6.50 6.53 6.88 6.81 6.64 6.48 6.17 6.02 5.96 5.80 5.71 5.67 5.54 5.48 5.61 5.65 5.56 5.58 5.69 5.73 5.69 5.23 4.69 4.98 5.66 6.41 7.01 7.03 6.74 6.70 6.59 5.97 5.42 5.31 5.34 5.33 5.28 5.29 5.36 5.41 5.44 5.46 5.47 5.48 5.48 5.47 5.46 5.45 5.42 5.40 5.37 5.34 5.30 5.26 5.22 5.17 5.12 5.06 5.00 4.93 4.86 4.76 4.66 4.56 4.47 4.39 4.26 4.06 3.83 3.57 3.21 3.09 3.27 3.09 2.64 2.39 3.29 5.86 7.96 8.21 6.51
8.43 8.26 7.67 6.83 6.68 7.01 6.77 6.41 6.31 6.09 5.93 5.85 5.71 5.70 5.69 5.50 5.39 5.52 5.57 5.49 5.47 5.53 5.58 5.62 5.27 4.72 4.93 5.53 5.95 6.54 6.95 6.87 6.75 6.74 6.34 5.70 5.45 5.41 5.30 5.18 5.15 5.25 5.34 5.39 5.42 5.44 5.45 5.46 5.45 5.44 5.43 5.41 5.38 5.35 5.31 5.28 5.23 5.20 5.15 5.10 5.05 4.99 4.93 4.85 4.77 4.68 4.59 4.50 4.40 4.25 4.07 3.86 3.65 3.38 3.21 3.23 2.94 2.45 2.56 4.29 6.52 7.19 6.53 5.12
8.41 8.34 8.05 7.51 7.25 7.14 6.64 6.30 6.25 6.07 5.91 5.71 5.60 5.68 5.64 5.42 5.31 5.43 5.44 5.36 5.37 5.43 5.51 5.49 5.05 4.72 5.14 5.62 5.67 5.90 6.51 6.88 6.80 6.81 6.74 6.06 5.64 5.51 5.28 5.12 5.02 5.11 5.26 5.33 5.37 5.42 5.44 5.45 5.44 5.43 5.41 5.39 5.35 5.32 5.28 5.25 5.21 5.17 5.13 5.08 5.03 4.98 4.92 4.85 4.78 4.69 4.60 4.52 4.40 4.27 4.10 3.91 3.75 3.54 3.31 3.18 2.86 2.46 2.85 4.76 6.20 5.62 4.84 4.50
8.28 7.63 7.81 8.86 8.52 7.44 6.65 6.41 6.46 6.19 5.76 5.48 5.47 5.57 5.53 5.35 5.29 5.32 5.25 5.20 5.27 5.37 5.48 5.27 4.63 4.70 5.49 5.77 5.58 5.37 5.77 6.61 6.85 6.88 6.94 6.46 5.83 5.58 5.40 5.15 4.88 4.94 5.17 5.27 5.34 5.39 5.42 5.44 5.44 5.43 5.40 5.37 5.33 5.29 5.25 5.21 5.18 5.14 5.10 5.06 5.02 4.97 4.91 4.85 4.78 4.70 4.62 4.53 4.42 4.29 4.14 3.97 3.81 3.64 3.41 3.19 2.85 2.58 2.99 4.49 5.25 4.16 3.77 4.12
7.37 6.53 7.33 10.41 11.12 9.31 7.39 6.67 6.75 6.20 5.36 5.13 5.28 5.39 5.42 5.30 5.25 5.17 5.02 5.03 5.17 5.32 5.42 5.02 4.27 4.59 5.66 5.93 5.60 5.08 5.23 6.14 6.69 6.93 7.02 6.67 6.00 5.65 5.67 5.37 4.78 4.74 5.06 5.21 5.28 5.36 5.42 5.44 5.45 5.44 5.40 5.34 5.29 5.24 5.21 5.18 5.14 5.11 5.08 5.04 5.00 4.95 4.90 4.84 4.78 4.71 4.63 4.54 4.44 4.32 4.18 4.01 3.86 3.71 3.50 3.24 2.94 2.72 2.99 3.83 3.96 3.17 3.14 3.57
5.58 5.58 7.24 10.06 12.59 12.09 8.50 6.76 6.62 5.73 4.76 4.69 5.02 5.20 5.28 5.22 5.13 5.00 4.82 4.86 5.08 5.24 5.30 4.87 4.14 4.47 5.57 5.95 5.64 5.09 5.09 5.72 6.25 6.72 7.05 6.78 6.04 5.73 5.90 5.70 4.90 4.60 4.97 5.14 5.22 5.34 5.39 5.46 5.53 5.51 5.40 5.29 5.23 5.18 5.15 5.12 5.10 5.08 5.05 5.02 4.98 4.94 4.89 4.83 4.77 4.71 4.64 4.56 4.46 4.35 4.21 4.05 3.90 3.76 3.56 3.34 3.07 2.80 2.86 3.07 2.75 2.47 2.66 2.95
3.92 5.16 7.55 10.33 13.44 12.05 7.17 5.54 5.52 4.77 4.10 4.18 4.68 4.98 5.14 5.09 4.93 4.84 4.73 4.75 4.96 5.12 5.16 4.80 4.12 4.41 5.40 5.74 5.62 5.30 5.19 5.48 5.79 6.20 6.75 6.86 6.25 5.84 5.96 5.91 5.24 4.69 4.92 5.13 5.22 5.34 5.33 5.45 5.74 5.72 5.40 5.20 5.11 5.07 5.06 5.06 5.05 5.04 5.02 4.99 4.96 4.92 4.87 4.82 4.77 4.71 4.65 4.57 4.48 4.37 4.24 4.09 3.95 3.81 3.63 3.43 3.18 2.88 2.74 2.53 2.01 1.99 2.33 2.50
4.90 6.15 8.84 12.45 13.13 8.98 5.28 4.16 3.89 3.66 3.34 3.67 4.35 4.75 4.97 4.90 4.73 4.76 4.72 4.67 4.83 4.99 5.07 4.71 4.08 4.42 5.27 5.48 5.49 5.44 5.32 5.38 5.48 5.70 6.13 6.54 6.50 6.10 5.99 5.91 5.45 4.98 5.00 5.24 5.35 5.42 5.33 5.44 5.94 5.98 5.48 5.11 4.92 4.89 4.94 4.97 4.99 5.00 4.99 4.96 4.93 4.90 4.86 4.81 4.77 4.71 4.65 4.58 4.50 4.39 4.28 4.13 3.99 3.85 3.70 3.51 3.27 2.96 2.69 2.32 1.77 1.56 1.92 2.27
10.44 9.54 10.31 11.61 10.02 7.06 5.13 3.88 3.30 3.04 2.93 3.45 4.10 4.53 4.81 4.72 4.64 4.75 4.73 4.67 4.77 4.86 4.95 4.65 4.11 4.44 5.16 5.27 5.27 5.40 5.37 5.31 5.32 5.45 5.68 6.03 6.33 6.25 6.07 5.81 5.43 5.16 5.11 5.31 5.48 5.57 5.49 5.57 5.99 6.05 5.60 5.12 4.80 4.68 4.73 4.86 4.93 4.96 4.96 4.94 4.91 4.87 4.84 4.80 4.76 4.71 4.65 4.59 4.51 4.41 4.31 4.18 4.04 3.90 3.76 3.58 3.35 3.04 2.71 2.29 1.69 1.35 1.53 2.36
12.65 11.18 9.55 9.01 8.06 6.83 5.10 3.90 3.55 3.25 3.25 3.55 3.89 4.37 4.70 4.66 4.60 4.77 4.81 4.73 4.78 4.76 4.75 4.69 4.32 4.36 4.89 5.05 5.04 5.26 5.30 5.21 5.19 5.31 5.56 5.84 6.09 6.16 6.01 5.70 5.40 5.22 5.19 5.30 5.50 5.63 5.67 5.78 5.94 5.87 5.56 5.27 4.92 4.57 4.56 4.77 4.89 4.93 4.93 4.91 4.88 4.85 4.82 4.78 4.74 4.70 4.65 4.59 4.52 4.43 4.33 4.22 4.08 3.96 3.82 3.65 3.43 3.14 2.81 2.35 1.78 1.58 1.69 2.90
14.43 12.14 9.17 8.50 8.18 7.10 5.24 4.25 4.08 3.84 3.72 3.65 3.77 4.26 4.67 4.70 4.59 4.83 4.92 4.83 4.81 4.70 4.67 4.78 4.53 4.17 4.45 4.79 4.94 5.09 5.07 5.07 4.99 5.10 5.59 5.91 6.02 6.11 5.97 5.67 5.37 5.21 5.22 5.33 5.50 5.66 5.81 5.98 5.93 5.63 5.36 5.23 5.03 4.69 4.56 4.72 4.87 4.91 4.91 4.89 4.86 4.83 4.79 4.75 4.72 4.68 4.64 4.59 4.53 4.45 4.36 4.26 4.14 4.01 3.88 3.73 3.52 3.25 2.94 2.49 2.03 2.04 2.41 3.95
15.48 12.75 9.36 8.51 8.17 7.25 5.55 4.84 4.84 4.49 3.98 3.62 3.80 4.16 4.60 4.71 4.61 4.91 5.05 4.98 4.87 4.69 4.77 4.96 4.57 3.91 4.01 4.52 4.89 4.89 4.76 4.91 4.81 4.79 5.40 5.87 5.98 6.20 6.21 5.89 5.42 5.08 5.09 5.30 5.52 5.71 5.93 6.11 6.00 5.55 5.12 4.96 4.93 4.83 4.69 4.76 4.87 4.90 4.90 4.87 4.83 4.79 4.75 4.72 4.70 4.66 4.63 4.59 4.54 4.47 4.39 4.29 4.19 4.07 3.95 3.80 3.62 3.39 3.12 2.77 2.47 2.64 3.29 5.11
15.49 12.50 9.46 8.52 7.71 7.13 6.07 5.51 5.58 5.14 4.07 3.66 3.99 4.04 4.45 4.66 4.58 5.03 5.28 5.26 5.01 4.74 5.16 5.48 4.56 3.49 3.62 4.26 4.68 4.70 4.60 4.77 4.76 4.65 5.00 5.44 5.68 6.12 6.48 6.36 5.77 5.12 4.87 5.09 5.46 5.79 6.06 6.19 6.10 5.60 5.02 4.77 4.74 4.79 4.81 4.85 4.90 4.91 4.89 4.85 4.80 4.74 4.70 4.67 4.66 4.64 4.62 4.58 4.54 4.48 4.41 4.33 4.24 4.13 4.01 3.88 3.74 3.56 3.35 3.13 2.96 3.22 3.94 5.42
14.54 12.20 9.45 8.28 7.12 6.70 6.59 6.27 6.04 5.63 4.48 4.01 4.10 3.91 4.24 4.47 4.55 5.23 5.69 5.79 5.35 5.20 6.18 6.04 4.13 2.69 3.14 3.96 4.37 4.54 4.60 4.70 4.78 4.73 4.79 5.00 5.14 5.57 6.28 6.63 6.33 5.59 4.93 4.87 5.23 5.76 6.18 6.27 6.13 5.72 5.18 4.79 4.60 4.68 4.84 4.91 4.99 5.00 4.91 4.83 4.73 4.64 4.61 4.61 4.61 4.61 4.60 4.58 4.54 4.49 4.43 4.36 4.28 4.19 4.09 3.98 3.87 3.73 3.59 3.44 3.36 3.54 4.16 5.44
12.99 11.57 9.25 7.77 6.79 6.35 6.58 6.70 6.34 6.23 5.70 4.60 4.01 3.85 3.96 4.12 4.63 5.53 6.26 6.53 6.12 6.50 6.88 5.33 2.58 1.72 2.68 3.67 4.12 4.40 4.61 4.72 4.79 4.79 4.84 4.96 4.83 4.94 5.65 6.43 6.53 6.03 5.33 4.89 5.01 5.52 6.10 6.40 6.22 5.81 5.41 4.95 4.62 4.61 4.71 4.88 5.06 5.19 5.19 4.92 4.55 4.43 4.47 4.52 4.56 4.58 4.58 4.57 4.54 4.50 4.45 4.39 4.33 4.25 4.16 4.08 3.99 3.90 3.79 3.70 3.66 3.75 4.16 5.08
11.96 10.67 8.75 7.58 6.83 6.16 6.05 6.37 6.37 6.87 6.91 5.13 3.81 3.74 3.76 3.89 4.66 5.82 7.13 7.89 7.76 7.36 5.89 3.30 1.44 1.33 2.49 3.49 3.98 4.30 4.58 4.75 4.80 4.76 4.94 5.11 4.81 4.63 5.04 5.96 6.49 6.18 5.64 5.12 4.97 5.24 5.77 6.36 6.43 6.00 5.56 5.14 4.78 4.55 4.42 4.67 5.06 5.48 5.80 5.13 4.23 4.08 4.29 4.42 4.50 4.54 4.56 4.55 4.54 4.51 4.47 4.42 4.37 4.30 4.24 4.17 4.11 4.04 3.97 3.93 3.92 3.96 4.17 4.80
11.13 9.78 8.34 7.97 7.41 6.29 5.59 5.69 6.12 7.31 7.66 5.72 4.02 3.80 3.84 4.02 4.68 5.82 7.76 9.45 8.53 6.19 3.41 2.18 1.45 1.58 2.59 3.45 3.92 4.27 4.57 4.76 4.83 4.75 4.91 5.15 4.95 4.69 4.68 5.26 6.18 6.33 5.91 5.43 5.08 5.07 5.44 6.08 6.49 6.35 5.81 5.31 4.92 4.45 3.99 4.27 5.05 5.75 6.18 5.32 3.94 3.73 4.07 4.32 4.44 4.51 4.54 4.55 4.54 4.51 4.48 4.45 4.40 4.36 4.31 4.25 4.21 4.16 4.13 4.12 4.14 4.17 4.32 4.78
9.86 8.88 7.91 8.05 8.15 7.19 5.97 5.46 6.09 7.91 8.44 6.42 4.73 4.26 4.12 4.34 4.78 5.75 8.26 9.82 7.76 3.07 1.99 2.11 1.82 2.00 2.82 3.52 3.94 4.29 4.58 4.77 4.89 4.82 4.83 5.01 5.00 4.86 4.69 4.73 5.35 6.16 6.33 5.87 5.30 5.03 5.22 5.78 6.40 6.63 6.22 5.57 5.00 4.35 3.64 3.91 5.13 5.83 6.03 5.41 4.14 3.62 3.89 4.23 4.39 4.48 4.52 4.54 4.53 4.51 4.49 4.47 4.44 4.40 4.37 4.33 4.29 4.27 4.26 4.27 4.30 4.36 4.52 4.82
8.53 7.87 7.12 7.38 7.97 7.65 6.58 5.57 5.75 7.91 9.43 8.05 6.34 5.79 5.56 5.84 5.85 6.55 8.91 9.50 6.72 2.68 2.43 2.43 2.20 2.41 3.07 3.63 4.02 4.34 4.59 4.88 5.05 4.90 4.73 4.82 4.93 4.92 4.85 4.61 4.51 5.35 6.44 6.44 5.66 5.17 5.15 5.56 6.30 6.74 6.72 6.05 4.91 4.18 3.68 3.93 5.06 5.60 5.58 5.34 4.56 3.83 3.86 4.18 4.35 4.46 4.51 4.52 4.52 4.51 4.50 4.49 4.46 4.44 4.41 4.39 4.37 4.36 4.36 4.39 4.43 4.51 4.64 4.86
7.63 7.15 6.50 6.72 7.43 7.20 6.12 4.68 3.91 5.82 8.66 8.79 7.68 7.00 6.79 7.40 7.71 8.17 9.82 9.32 6.67 4.93 4.04 3.25 2.73 2.84 3.31 3.72 4.08 4.39 4.70 5.14 5.33 4.92 4.54 4.63 4.85 4.91 4.89 4.61 4.13 4.38 5.81 6.71 6.18 5.62 5.39 5.55 6.21 6.72 7.20 6.52 4.52 3.90 3.96 4.11 4.78 5.17 5.14 5.06 4.71 4.06 3.95 4.19 4.34 4.44 4.49 4.50 4.51 4.51 4.51 4.50 4.47 4.46 4.45 4.44 4.44 4.43 4.44 4.47 4.52 4.60 4.72 4.90
6.74 6.63 6.38 6.62 7.35 6.88 5.50 3.76 2.55 3.80 6.27 7.34 6.77 5.73 5.58 7.17 8.55 9.83 11.14 9.43 6.93 6.52 5.27 3.99 3.18 3.15 3.45 3.77 4.03 4.38 4.96 5.53 5.57 4.92 4.35 4.47 4.79 4.88 4.83 4.59 4.05 3.77 4.72 6.11 6.45 6.24 5.99 5.95 6.31 6.82 7.31 6.52 4.38 3.80 4.19 4.31 4.57 4.81 4.76 4.76 4.66 4.17 4.04 4.23 4.34 4.41 4.45 4.49 4.51 4.51 4.50 4.49 4.48 4.48 4.48 4.48 4.48 4.49 4.50 4.53 4.58 4.65 4.75 4.89
5.48 6.08 6.44 6.64 7.30 6.96 5.79 4.12 2.97 3.21 4.55 5.63 5.38 5.05 5.35 7.10 8.37 10.69 12.01 8.60 7.02 7.19 6.15 4.62 3.53 3.26 3.40 3.71 3.94 4.32 5.21 5.78 5.68 5.03 4.39 4.43 4.74 4.82 4.75 4.57 4.11 3.60 3.91 5.00 5.87 6.18 6.36 6.50 6.74 7.04 6.99 6.30 4.98 4.13 4.39 4.59 4.56 4.62 4.51 4.51 4.48 4.18 4.12 4.27 4.33 4.37 4.42 4.47 4.51 4.50 4.48 4.48 4.48 4.50 4.51 4.51 4.52 4.53 4.54 4.57 4.61 4.67 4.76 4.86
4.65 5.57 6.30 6.34 6.92 7.18 6.57 5.38 4.19 3.61 3.93 3.92 3.76 4.62 5.58 7.14 8.62 10.75 11.79 9.44 7.83 7.55 7.38 5.74 3.88 3.17 3.22 3.60 3.98 4.47 5.22 5.65 5.67 5.26 4.66 4.55 4.75 4.80 4.68 4.52 4.21 3.66 3.52 4.33 5.20 5.59 6.16 6.77 7.06 7.01 6.57 6.27 5.62 4.69 4.66 4.88 4.73 4.56 4.43 4.39 4.26 4.15 4.19 4.27 4.30 4.33 4.39 4.44 4.48 4.47 4.45 4.46 4.48 4.50 4.52 4.53 4.54 4.55 4.57 4.60 4.63 4.68 4.74 4.82
4.46 5.21 5.89 5.70 6.08 6.71 6.58 6.12 5.48 4.64 4.11 3.53 3.22 3.98 5.67 7.40 8.99 9.94 9.00 9.00 8.75 8.32 8.57 6.84 4.13 2.99 3.21 3.63 4.13 4.71 5.21 5.42 5.53 5.39 4.96 4.80 4.91 4.90 4.65 4.41 4.22 3.76 3.43 3.95 4.80 5.25 5.88 6.71 6.99 6.77 6.33 6.17 5.91 5.24 4.95 5.05 5.01 4.70 4.44 4.32 4.16 4.15 4.26 4.28 4.25 4.28 4.34 4.38 4.42 4.41 4.41 4.44 4.48 4.51 4.53 4.54 4.55 4.57 4.58 4.60 4.63 4.67 4.71 4.76
4.55 4.98 5.33 5.16 5.31 5.49 5.37 5.69 5.70 5.12 4.67 4.07 3.48 3.88 5.54 7.62 8.80 8.17 7.14 7.45 8.40 9.06 9.24 7.60 4.51 3.45 3.64 3.91 4.29 4.85 5.27 5.38 5.43 5.37 5.14 5.05 5.12 5.08 4.76 4.36 4.10 3.81 3.45 3.58 4.40 5.16 5.73 6.33 6.61 6.51 6.30 6.05 5.88 5.67 5.32 5.18 5.16 5.01 4.59 4.25 4.15 4.23 4.38 4.35 4.26 4.22 4.24 4.27 4.30 4.35 4.38 4.43 4.47 4.50 4.53 4.54 4.56 4.57 4.58 4.60 4.62 4.65 4.68 4.71
4.49 4.80 5.17 5.22 5.09 4.97 4.93 5.16 5.28 5.02 4.94 4.50 3.94 4.27 5.34 7.11 8.36 7.33 6.08 6.34 7.55 9.06 9.16 6.86 4.89 4.28 4.29 4.33 4.49 4.95 5.39 5.57 5.55 5.44 5.26 5.16 5.17 5.18 5.04 4.47 3.96 3.76 3.45 3.29 3.94 4.92 5.53 5.89 6.13 6.24 6.30 6.03 5.74 5.79 5.69 5.42 5.22 5.29 4.94 4.28 4.10 4.28 4.51 4.56 4.41 4.21 4.15 4.12 4.13 4.26 4.35 4.41 4.45 4.49 4.52 4.54 4.56 4.57 4.58 4.59 4.60 4.62 4.64 4.66
4.42 4.65 5.15 5.30 4.99 4.87 4.96 5.00 4.97 4.88 4.89 4.60 4.19 4.57 5.46 6.70 7.94 7.22 5.68 6.54 8.31 8.95 8.05 6.65 5.52 4.92 4.79 4.74 4.73 5.07 5.61 5.91 5.89 5.75 5.47 5.19 5.09 5.19 5.28 4.73 3.92 3.63 3.42 3.16 3.49 4.37 5.19 5.55 5.67 5.89 6.11 6.04 5.75 5.72 5.81 5.58 5.31 5.49 5.32 4.58 4.14 4.20 4.53 4.79 4.69 4.33 4.12 3.97 3.93 4.13 4.32 4.40 4.44 4.47 4.50 4.53 4.55 4.56 4.57 4.57 4.58 4.59 4.59 4.60
4.46 4.62 5.00 5.15 4.96 4.86 4.94 4.97 4.89 4.78 4.74 4.53 4.11 4.24 5.26 6.59 7.58 7.30 6.40 7.54 9.02 7.87 7.10 6.85 6.13 5.56 5.27 5.07 4.96 5.27 5.88 6.28 6.30 6.16 5.77 5.31 5.09 5.24 5.37 4.88 3.99 3.51 3.37 3.13 3.11 3.76 4.72 5.22 5.35 5.57 5.79 5.94 5.83 5.74 5.85 5.58 5.40 5.53 5.49 5.09 4.47 4.23 4.47 4.85 4.95 4.56 4.13 3.87 3.76 4.01 4.37 4.47 4.38 4.40 4.47 4.51 4.54 4.56 4.55 4.55 4.55 4.55 4.55 4.54
4.59 4.66 4.85 4.97 4.93 4.90 4.92 4.91 4.88 4.74 4.60 4.44 3.90 3.63 4.24 5.59 7.01 7.04 6.75 8.25 9.11 7.83 7.26 7.13 6.56 6.18 6.01 5.56 5.26 5.65 6.14 6.48 6.69 6.53 6.14 5.67 5.32 5.29 5.27 4.87 4.09 3.51 3.33 3.13 2.97 3.25 4.02 4.68 5.00 5.31 5.54 5.77 5.78 5.68 5.85 5.71 5.51 5.50 5.49 5.39 4.96 4.50 4.48 4.84 5.10 4.78 4.21 3.84 3.69 3.98 4.55 4.64 4.33 4.29 4.41 4.49 4.54 4.55 4.54 4.52 4.51 4.50 4.48 4.48
4.65 4.63 4.73 4.88 4.92 4.92 4.88 4.82 4.85 4.79 4.56 4.35 3.93 3.70 3.99 4.81 6.29 6.70 6.68 7.83 8.36 8.11 7.90 7.51 6.89 6.71 6.91 6.50 5.93 6.23 6.42 6.55 6.93 6.87 6.52 6.16 5.67 5.31 5.11 4.79 4.19 3.61 3.32 3.16 2.95 2.91 3.34 3.94 4.40 4.94 5.38 5.62 5.72 5.61 5.61 5.67 5.62 5.57 5.57 5.50 5.19 4.77 4.58 4.89 5.14 4.93 4.40 3.89 3.70 4.03 4.70 4.86 4.48 4.24 4.33 4.51 4.58 4.54 4.50 4.48 4.47 4.45 4.42 4.39
4.65 4.55 4.60 4.87 5.02 5.00 4.88 4.75 4.84 5.00 4.77 4.46 4.25 4.03 4.12 4.65 5.64 6.20 6.34 6.86 7.17 7.50 7.88 7.68 7.26 7.22 7.62 7.44 6.97 7.09 6.90 6.86 7.01 6.96 6.85 6.76 6.25 5.49 5.08 4.74 4.24 3.63 3.32 3.19 2.90 2.69 2.84 3.22 3.66 4.37 5.11 5.44 5.64 5.73 5.57 5.42 5.46 5.58 5.72 5.68 5.33 4.96 4.82 4.95 5.04 4.99 4.60 3.97 3.74 4.12 4.67 4.98 4.93 4.44 4.37 4.66 4.69 4.49 4.41 4.49 4.47 4.39 4.31 4.28
4.58 4.45 4.46 4.83 5.19 5.21 5.00 4.78 4.89 5.29 5.15 4.81 4.58 4.28 4.26 4.50 5.12 5.64 5.72 5.95 6.50 7.14 7.17 7.18 7.49 7.60 7.97 8.18 8.26 8.13 7.77 7.46 6.88 6.68 7.28 7.68 6.95 5.76 5.07 4.63 4.11 3.55 3.34 3.17 2.81 2.58 2.47 2.65 3.00 3.64 4.57 5.10 5.38 5.76 5.86 5.54 5.31 5.41 5.68 5.81 5.53 5.16 5.07 5.09 5.00 4.95 4.73 4.05 3.71 4.17 4.64 4.90 5.19 5.02 4.79 4.94 4.80 4.37 4.35 4.64 4.61 4.29 4.13 4.13
4.35 4.33 4.40 4.79 5.26 5.39 5.23 4.94 4.99 5.55 5.60 5.23 4.88 4.61 4.57 4.49 4.80 5.14 5.06 5.19 6.08 7.15 6.57 6.01 7.01 7.88 8.07 8.44 9.41 9.42 8.60 7.77 6.32 6.35 8.11 8.63 7.31 5.61 4.89 4.54 3.92 3.48 3.34 3.09 2.75 2.51 2.26 2.24 2.51 3.00 3.87 4.55 4.88 5.35 5.83 5.88 5.58 5.41 5.55 5.73 5.74 5.46 5.19 5.16 5.11 4.93 4.81 4.28 3.69 3.97 4.66 4.95 5.17 5.35 5.28 5.23 4.97 4.47 4.40 4.78 4.76 4.21 3.92 3.93
3.99 4.08 4.37 4.83 5.19 5.43 5.54 5.27 5.23 5.67 5.96 5.59 4.96 4.88 5.09 4.86 4.73 4.76 4.67 4.87 5.80 7.00 6.39 5.06 5.73 7.34 7.95 8.06 9.86 10.76 9.11 7.88 6.03 6.44 9.13 9.04 6.91 5.24 4.91 4.64 3.79 3.34 3.31 3.06 2.69 2.42 2.17 1.98 2.03 2.46 3.26 4.03 4.43 4.77 5.29 5.77 5.90 5.69 5.56 5.59 5.84 5.91 5.42 5.10 5.17 4.97 4.80 4.57 3.89 3.70 4.44 5.18 5.35 5.39 5.50 5.50 5.31 4.86 4.50 4.71 4.84 4.36 3.85 3.70
3.64 3.74 4.24 4.80 5.06 5.30 5.46 5.47 5.45 5.59 6.00 5.90 5.16 5.12 5.55 5.41 4.78 4.23 4.52 5.37 6.28 6.85 6.07 4.69 4.51 6.07 7.39 7.65 9.67 11.23 9.50 8.08 6.65 7.11 9.82 8.99 6.38 5.33 5.16 4.51 3.33 3.15 3.38 3.02 2.56 2.34 2.10 1.78 1.61 1.92 2.64 3.52 4.14 4.45 4.76 5.23 5.74 5.95 5.74 5.46 5.72 6.26 5.95 5.21 5.22 5.15 4.74 4.60 4.20 3.69 4.05 5.17 5.71 5.50 5.53 5.62 5.59 5.27 4.71 4.63 4.83 4.69 4.06 3.57
3.39 3.55 4.14 4.64 4.85 5.02 5.08 5.26 5.45 5.54 5.93 5.99 5.34 5.32 5.90 5.91 4.69 3.43 4.27 6.00 7.26 7.16 5.63 4.39 3.93 4.66 6.21 7.29 9.75 11.47 9.86 8.29 7.39 8.14 10.30 9.14 6.61 5.82 5.10 3.75 2.87 3.24 3.46 2.85 2.42 2.28 1.99 1.61 1.37 1.48 1.99 2.81 3.67 4.29 4.58 4.79 5.26 5.90 5.96 5.37 5.38 6.18 6.37 5.64 5.44 5.49 4.98 4.49 4.19 3.83 3.89 4.96 5.85 5.74 5.64 5.70 5.70 5.51 5.09 4.82 4.81 4.87 4.38 3.61
