windninja/windninja_output/Output_2025-10-23_1400-1450_Google earth_Fire_150m_10min/merlingen_7.5mi_point_10-23-2025_1430_150m_ang.asc
ncols	158
nrows	163
xllcorner	391686.332397
yllcorner	5160024.123721
cellsize	150.000000
NODATA_value	-32768.000000
[rows 84 to 125 of 163, columns 0 to 93 of 158]
263 264 267 264 257 254 250 247 247 250 255 262 264 264 265 267 267 268 270 272 273 272 269 267 269 268 264 260 259 258 256 256 255 254 256 257 257 256 254 252 251 251 252 253 253 254 255 258 259 257 255 254 256 258 260 260 260 261 261 261 261 261 261 262 262 262 262 263 264 264 265 266 267 269 271 273 276 280 285 294 312 322 304 292 289 287 283 280 278 277 275 272 269 266
260 259 258 257 255 251 246 244 248 253 257 259 260 261 262 263 264 266 269 271 273 274 274 272 272 271 266 261 260 259 256 254 252 250 251 253 255 256 257 257 256 254 254 255 257 258 259 261 263 262 260 257 255 255 258 259 260 261 261 261 261 261 261 261 262 262 262 263 263 264 265 266 267 268 270 272 275 279 284 294 315 331 326 304 290 285 281 277 276 276 274 272 269 267
260 258 256 257 254 250 244 243 250 255 257 256 257 259 259 259 260 263 266 269 272 274 276 278 277 272 266 262 261 260 257 255 253 251 249 249 248 249 252 256 258 258 255 255 255 257 259 261 263 264 263 260 258 257 258 260 261 261 261 262 262 262 261 261 261 262 262 262 263 264 264 265 267 268 270 272 274 278 284 294 315 331 328 306 289 282 279 277 275 274 273 272 273 273
261 260 257 256 252 246 242 243 248 253 253 253 256 256 256 256 255 257 261 265 268 270 273 279 283 273 262 259 258 257 256 257 256 256 255 251 247 245 246 249 253 256 256 255 254 255 257 259 260 261 262 262 260 259 259 261 262 263 263 263 263 262 262 261 261 261 262 262 263 263 264 265 266 268 269 271 274 278 284 293 311 327 325 308 289 280 277 276 274 272 273 275 278 278
262 261 258 254 248 241 240 241 245 248 250 252 254 253 251 249 248 251 255 260 263 265 272 279 280 264 256 255 254 254 254 255 256 258 260 259 254 250 247 247 247 250 253 254 253 253 254 256 257 257 258 261 261 260 260 260 262 264 266 266 265 263 262 261 261 261 261 262 262 263 264 265 266 267 269 271 274 277 283 291 304 318 321 308 293 281 275 273 273 274 276 279 278 273
263 261 257 252 246 242 240 240 239 242 248 251 250 248 246 242 242 247 253 258 262 269 275 273 254 236 246 251 252 252 252 253 254 255 258 261 261 258 253 251 250 249 250 252 253 253 253 253 255 256 256 257 258 259 258 257 258 261 266 270 269 265 262 261 261 261 261 262 262 263 263 264 265 267 268 270 273 277 281 287 296 308 314 307 296 287 279 274 275 277 278 277 270 264
262 259 252 249 248 246 242 238 234 237 245 247 242 241 240 238 239 243 250 260 270 275 271 251 222 219 238 247 249 251 252 253 254 254 255 257 259 260 257 253 252 252 252 253 255 255 254 253 253 255 256 257 258 258 255 253 253 256 264 271 271 265 262 261 260 261 261 261 262 262 263 264 265 266 268 270 272 275 279 284 291 299 306 304 297 293 287 281 280 280 276 268 265 263
257 252 243 240 241 241 237 232 228 234 241 240 231 230 231 231 234 238 246 261 274 273 249 228 212 215 234 244 248 250 252 253 254 255 255 255 255 257 258 254 251 250 251 253 255 256 256 255 254 255 258 260 261 260 255 250 252 255 259 261 263 263 261 260 260 260 261 261 262 262 263 264 265 266 267 269 271 274 277 281 286 293 300 301 298 296 292 287 283 279 271 263 264 265
253 246 236 232 231 228 222 214 214 223 232 231 224 224 227 229 232 234 243 254 259 242 226 219 211 219 234 243 247 250 252 254 255 256 256 256 255 255 257 257 252 248 249 252 255 257 257 256 257 258 261 264 265 264 259 256 257 258 257 253 253 256 259 259 260 260 261 261 261 262 263 263 264 266 267 268 270 273 275 279 282 287 293 297 296 294 291 287 282 274 263 262 266 266
251 245 235 230 229 226 218 208 204 215 223 219 212 209 211 218 222 227 242 248 239 212 211 213 213 224 236 243 247 250 252 255 258 259 258 256 256 256 256 257 254 248 247 250 253 255 257 257 257 258 261 267 269 265 265 268 267 263 258 254 252 253 256 259 259 260 261 261 261 262 263 263 264 265 266 268 269 271 274 276 279 283 286 291 292 289 287 283 276 267 262 263 266 266
248 243 235 234 235 232 225 212 204 214 222 218 210 206 207 216 222 229 241 241 226 211 208 213 217 229 238 243 246 249 252 256 260 262 260 258 257 257 257 256 253 248 246 245 246 249 253 255 257 257 260 265 266 263 264 270 271 267 262 258 255 254 256 258 260 260 261 261 261 262 263 263 264 265 266 267 269 270 272 274 277 279 282 284 285 285 283 279 273 267 266 266 267 267
242 239 236 238 240 237 231 221 213 223 231 228 223 223 224 235 238 245 245 236 222 219 218 223 228 236 241 244 245 246 250 255 259 260 259 259 259 259 258 257 255 252 248 244 241 242 245 249 253 255 258 257 254 255 260 265 268 267 264 260 258 256 257 259 260 261 261 261 262 262 263 263 264 265 266 267 268 269 271 273 274 276 278 279 280 280 279 276 273 270 269 268 267 267
235 238 238 238 239 234 230 226 231 247 255 248 242 241 247 254 254 257 250 227 224 229 233 240 244 245 245 245 246 247 252 254 255 256 258 260 261 261 260 259 259 258 254 249 244 241 242 245 249 253 253 249 246 249 255 261 265 266 265 263 260 258 259 260 261 261 261 262 262 262 263 263 264 264 265 266 267 269 270 271 273 274 275 276 276 276 275 274 272 270 269 268 268 267
225 237 241 239 239 236 232 231 236 248 256 255 254 250 255 258 262 260 247 227 226 234 243 253 256 251 247 247 249 254 258 257 256 256 258 262 264 264 264 262 261 261 260 257 254 250 248 250 252 253 250 247 246 247 252 257 261 263 264 264 263 261 262 262 262 262 262 263 263 263 263 263 264 264 265 266 267 268 269 270 271 272 273 273 274 274 273 272 271 270 269 268 268 267
220 239 247 247 249 245 240 237 239 243 249 257 265 267 267 267 265 258 242 232 230 236 247 254 250 240 242 248 253 258 261 261 259 258 259 262 266 268 269 267 265 264 264 262 259 258 258 258 256 253 250 248 247 248 251 254 256 259 262 262 262 263 265 266 266 265 264 264 263 263 263 263 264 265 265 266 267 268 269 269 270 271 271 272 272 272 272 271 270 269 269 268 267 267
226 247 255 256 259 257 254 252 249 247 250 255 260 267 270 267 261 252 242 235 233 240 248 248 235 229 239 248 254 258 261 262 263 263 263 264 266 269 272 273 271 268 267 264 260 258 259 257 253 250 249 248 247 246 249 251 253 255 258 259 258 260 263 266 268 269 267 266 264 263 263 264 264 265 265 266 267 267 268 269 269 270 270 271 271 271 270 270 269 269 268 268 267 267
231 245 255 258 259 259 259 259 256 253 253 253 255 262 266 262 258 254 245 238 243 252 252 242 231 233 242 249 255 258 261 264 267 269 270 270 269 268 271 276 277 274 272 268 262 258 256 255 252 249 248 247 246 245 246 248 249 251 254 256 256 256 258 262 266 269 270 268 266 264 264 264 265 265 266 266 267 268 268 269 269 270 270 270 270 270 270 269 269 268 268 267 267 266
236 245 254 256 256 257 257 258 257 255 254 252 250 250 251 252 251 249 243 246 257 260 251 238 236 241 247 251 255 259 262 266 271 275 278 278 276 274 274 277 281 279 277 274 268 260 257 255 252 249 247 246 245 246 247 246 246 248 250 252 254 255 255 257 261 265 268 268 267 265 265 266 266 266 267 267 267 268 268 269 269 269 270 270 270 269 269 269 268 268 267 267 266 266
241 247 253 254 254 255 256 256 256 255 253 251 247 242 240 242 244 243 240 248 256 251 241 239 241 245 250 254 257 260 264 267 271 276 280 284 285 283 280 280 283 285 283 281 275 263 256 252 250 248 247 245 245 245 246 246 245 246 246 247 249 252 254 255 257 261 263 264 264 265 266 268 269 268 268 268 268 269 269 269 270 270 270 270 269 269 269 268 268 268 267 267 266 266
243 246 250 252 252 253 254 255 255 254 254 253 250 248 248 247 247 245 245 251 248 238 238 242 244 245 250 256 259 263 266 268 270 274 279 285 291 291 288 286 288 291 290 288 285 273 261 253 248 246 246 246 245 244 244 243 244 245 245 245 246 247 249 252 254 256 257 258 258 260 264 269 271 271 270 270 270 270 271 271 271 271 270 270 270 269 269 268 268 267 267 267 266 266
244 245 248 250 252 254 255 255 255 256 258 258 259 264 267 266 260 255 255 254 244 237 239 242 242 243 248 253 258 264 268 269 270 273 277 282 290 294 294 292 292 296 297 296 294 285 270 258 249 246 245 245 245 245 244 243 242 242 244 245 246 246 247 250 252 252 252 252 252 255 258 262 268 272 273 273 273 274 273 273 272 272 272 271 270 270 269 268 268 267 267 266 266 265
245 245 246 248 251 253 255 255 255 257 261 264 268 272 275 274 270 264 259 253 245 242 242 241 240 242 246 250 255 261 266 269 271 272 274 279 286 294 298 298 298 300 302 302 303 296 280 263 252 246 244 243 242 243 244 244 242 242 243 244 245 245 247 250 250 250 250 249 248 251 253 254 258 264 269 272 276 277 276 276 276 276 274 273 271 270 270 269 268 268 267 266 266 265
245 244 244 245 247 250 252 252 253 256 258 261 265 268 270 271 268 263 256 249 245 247 245 239 238 240 243 246 251 258 264 269 271 268 269 276 286 294 299 301 302 303 304 305 309 307 292 272 258 249 245 242 240 239 240 242 242 242 242 243 243 244 245 247 249 249 249 247 245 247 250 251 252 255 260 267 272 274 274 277 280 281 278 275 273 272 270 269 269 268 267 267 266 265
243 242 241 242 245 246 248 249 248 249 251 252 252 254 259 263 263 260 254 248 245 249 248 240 236 238 240 241 246 256 262 267 266 260 265 277 286 292 294 299 304 306 305 307 311 314 308 284 264 253 249 245 241 239 238 238 239 241 242 242 242 244 245 245 246 246 246 246 245 245 246 249 252 253 256 261 265 269 271 273 278 283 283 279 275 273 271 270 269 268 267 267 266 265
241 239 238 241 242 242 241 240 240 243 245 247 247 247 251 255 257 255 250 247 248 251 251 243 235 235 237 236 241 252 260 262 259 254 266 278 284 285 286 294 304 308 307 310 314 318 322 304 269 253 248 246 244 241 239 237 237 238 239 239 240 242 244 245 245 245 244 244 244 243 244 247 251 254 255 257 260 265 269 270 271 277 284 284 279 275 273 271 270 269 268 267 266 266
240 238 237 239 239 239 239 238 240 243 245 246 244 244 249 253 253 246 239 242 250 255 253 245 237 234 235 234 240 251 256 255 253 252 266 276 278 277 283 289 294 300 305 315 321 321 331 333 287 255 245 242 241 240 239 238 237 237 238 237 236 239 241 241 243 245 245 244 243 242 243 246 250 253 254 255 257 261 265 268 268 271 279 285 284 279 275 272 270 269 268 268 267 267
237 237 239 242 243 244 244 244 245 244 245 246 243 244 248 253 252 236 230 237 247 256 257 249 241 236 234 233 239 249 253 251 248 250 262 272 274 276 281 280 274 280 295 314 327 327 337 359 334 260 244 239 237 237 237 237 236 237 238 237 236 238 239 238 240 243 245 246 243 241 241 245 249 250 253 255 256 257 260 264 267 269 273 280 284 282 277 274 271 270 269 269 269 268
236 238 242 245 247 247 247 246 246 244 244 246 246 245 248 253 249 226 222 232 242 253 259 251 243 241 238 233 235 241 247 250 246 247 258 267 271 275 276 265 260 265 272 293 321 334 348 17 26 282 240 236 234 235 236 235 235 237 239 237 236 238 237 236 236 238 241 244 244 242 242 246 249 249 250 253 254 254 256 260 265 268 271 274 279 281 278 275 273 271 270 270 271 271
240 242 245 245 246 245 244 243 243 241 239 243 247 246 248 252 248 218 215 226 234 244 253 248 240 245 248 245 238 236 240 245 246 249 259 265 267 269 264 256 254 255 259 269 297 334 0 28 44 53 220 224 228 233 235 234 232 235 237 236 235 236 236 236 235 235 237 239 241 243 245 248 249 249 249 251 252 252 253 255 261 266 269 271 273 274 273 273 271 270 272 274 274 272
241 242 244 245 245 245 244 242 239 236 235 240 245 244 246 251 247 212 204 216 225 236 244 245 239 248 253 255 250 240 237 240 245 255 265 269 265 259 252 247 243 243 252 261 271 299 28 55 64 70 103 194 217 228 233 232 231 232 235 235 233 232 234 236 235 234 235 235 236 238 240 245 248 247 247 249 251 252 252 252 255 262 265 267 269 269 266 266 266 268 274 279 277 273
238 239 241 243 243 243 243 242 238 235 236 241 242 238 241 250 247 207 187 208 219 228 235 239 239 243 246 248 251 248 238 237 244 256 266 269 263 254 245 233 227 231 243 250 246 217 165 137 113 93 97 132 195 220 228 231 230 231 233 234 232 230 231 235 234 233 233 233 234 234 235 240 246 247 246 247 249 252 252 251 253 256 258 260 262 261 259 260 262 268 275 278 275 269
234 235 237 239 239 238 238 239 238 238 242 245 239 231 237 248 250 212 175 203 218 223 226 230 236 239 237 235 241 244 234 233 241 251 260 262 256 247 238 225 217 225 233 237 233 213 183 162 152 131 115 119 154 204 224 229 229 229 232 234 232 229 231 234 234 232 232 233 234 233 234 237 242 247 248 247 247 250 251 251 253 255 254 254 253 250 251 257 263 270 273 272 268 263
230 233 236 237 237 237 235 234 236 241 248 247 235 226 235 248 252 219 171 193 214 218 218 223 228 232 231 230 240 239 224 225 233 244 254 256 247 232 224 217 213 220 226 228 227 215 192 169 162 156 138 127 137 178 215 226 229 229 231 233 231 229 231 234 234 231 230 232 233 232 232 233 236 242 247 250 249 248 250 252 254 256 255 250 247 245 248 255 263 269 269 265 260 258
229 232 236 237 238 237 233 230 233 239 247 246 231 223 235 247 251 227 168 176 203 211 214 218 221 224 223 225 234 236 225 224 227 235 240 237 227 214 211 211 210 214 218 221 223 214 193 174 167 166 158 143 139 158 199 221 227 228 230 232 231 229 229 232 233 230 229 231 232 231 231 230 232 235 240 246 249 248 247 249 254 257 256 249 245 245 248 255 261 264 262 258 256 259
230 232 235 237 238 236 232 232 235 239 243 243 230 224 235 244 249 241 173 152 187 210 217 219 219 219 215 215 222 225 225 223 223 231 232 225 214 203 202 204 206 209 212 217 218 211 195 182 174 173 170 155 145 151 183 214 225 227 229 231 232 230 230 231 230 227 227 228 230 231 231 230 229 231 235 239 242 245 246 247 251 255 253 248 246 248 250 255 258 258 255 253 252 257
230 230 233 238 240 236 234 237 242 242 242 243 233 227 235 241 247 249 221 117 104 225 230 230 229 224 217 216 218 220 220 217 221 231 232 228 219 206 203 205 205 206 208 210 209 206 199 188 181 178 176 163 151 150 170 206 223 227 228 230 232 231 231 232 229 227 226 227 229 231 232 230 229 230 232 234 236 240 244 248 251 252 251 248 249 252 253 254 255 253 251 249 246 251
228 228 231 237 241 239 240 244 248 246 242 245 239 227 231 238 246 250 246 220 35 343 268 252 245 240 235 231 228 226 225 223 229 236 236 234 226 217 213 211 210 208 208 208 208 206 201 193 186 183 180 171 159 154 165 197 220 227 228 229 232 230 232 235 236 238 238 234 232 233 233 232 231 231 231 231 232 235 241 246 250 251 251 249 252 254 254 254 253 251 249 245 241 246
224 225 226 229 230 232 236 244 250 248 243 249 247 227 225 234 243 248 248 247 342 356 329 291 270 258 248 243 245 246 243 240 240 239 239 236 232 229 223 218 218 215 216 216 215 213 209 202 194 189 185 177 165 159 165 189 216 225 227 230 232 232 234 239 242 249 256 256 248 240 236 234 234 235 232 230 230 231 235 241 245 248 250 249 252 254 253 251 250 249 247 241 238 246
217 219 221 220 220 220 224 232 241 244 243 252 253 233 225 231 240 245 247 247 269 328 336 323 300 284 270 262 260 257 250 247 244 241 242 239 235 234 225 219 221 223 225 224 223 222 219 211 201 195 190 183 170 163 166 184 211 223 226 231 234 234 238 240 239 244 251 259 265 257 246 240 238 238 235 232 229 229 231 234 238 244 247 248 249 249 247 245 246 247 244 236 237 250
215 219 222 218 217 219 221 226 232 235 240 254 259 242 233 239 241 242 243 248 258 281 312 323 316 307 298 285 276 264 250 248 247 243 244 241 235 234 229 218 217 222 226 226 224 223 221 211 201 196 193 187 176 167 169 182 210 227 232 234 234 235 237 237 236 240 242 246 256 266 260 252 247 243 240 237 233 231 230 230 232 237 242 243 244 244 241 239 243 245 242 235 239 254
217 220 223 219 219 223 223 225 230 230 234 250 259 248 246 252 246 239 238 244 255 267 281 296 303 308 309 298 283 264 243 246 247 244 245 242 236 235 232 221 214 217 224 227 226 222 218 209 198 195 194 191 181 172 173 186 209 228 237 236 232 232 233 232 235 239 240 240 244 253 265 266 263 257 251 246 242 238 235 231 230 234 237 238 239 240 235 234 242 245 242 238 243 256
211 216 219 215 215 220 223 224 228 226 230 241 250 249 255 262 253 239 233 234 243 256 265 271 275 279 282 276 267 241 229 242 247 245 245 244 238 235 234 225 217 215 220 229 230 225 218 208 197 195 196 194 186 177 176 186 203 219 227 226 225 228 229 229 233 237 239 239 239 241 250 264 271 273 270 264 259 255 248 241 236 237 236 235 236 236 229 230 238 243 244 241 248 258
