windninja/windninja_output/Output_2025-10-23_1400-1450_Google earth_Fire_150m_10min/merlingen_7.5mi_point_10-23-2025_1410_150m_ang.asc
ncols	158
nrows	163
xllcorner	391686.332397
yllcorner	5160024.123721
cellsize	150.000000
NODATA_value	-32768.000000
[rows 42 to 83 of 163, columns 0 to 93 of 158]
228 228 228 228 228 228 228 227 227 226 225 225 225 225 225 224 223 223 223 223 222 221 220 220 219 218 217 215 214 216 220 220 218 215 210 209 211 213 212 211 211 213 213 211 208 205 207 209 210 211 216 216 208 204 211 217 217 217 222 227 225 219 217 218 217 215 213 212 209 207 208 209 205 196 192 194 191 187 189 199 205 206 208 209 206 204 204 205 205 203 203 208 216 219
228 228 228 228 228 228 228 227 227 227 226 226 226 225 225 225 224 224 224 223 222 221 221 220 220 219 218 217 216 217 220 220 217 211 206 203 205 208 208 209 213 216 216 214 211 210 213 216 217 218 220 218 211 208 213 218 220 221 224 228 226 222 219 216 215 213 207 205 205 203 202 203 201 195 193 194 192 190 193 199 203 205 205 205 204 206 209 211 211 208 207 208 213 217
229 229 229 229 229 228 228 228 228 227 226 226 226 225 225 225 224 224 224 223 223 222 221 221 221 220 219 218 217 218 219 219 216 210 204 200 203 208 211 213 216 218 219 218 215 215 218 219 218 216 216 215 211 210 214 219 221 222 224 225 224 222 219 216 214 211 207 204 203 201 201 202 202 199 198 199 196 195 198 202 203 202 201 204 208 212 213 215 216 214 212 210 214 218
229 229 229 229 229 229 229 228 228 227 227 226 226 226 225 225 224 224 224 223 223 222 222 221 221 220 220 219 219 218 218 218 215 210 205 203 206 211 215 216 216 219 222 220 215 215 218 218 216 214 215 217 216 215 219 222 223 223 223 221 219 218 215 210 209 209 209 207 203 203 205 207 208 208 207 206 200 198 200 202 200 198 202 211 215 215 215 216 217 218 216 213 215 219
230 229 229 229 229 230 230 229 228 228 227 227 226 226 225 225 225 225 225 224 223 223 222 222 222 221 221 220 220 219 218 218 216 211 207 207 209 212 213 214 216 220 223 220 215 217 218 217 216 215 217 219 219 221 223 224 225 224 221 217 213 212 209 206 207 209 210 210 206 205 209 212 214 214 213 209 203 198 199 200 201 204 213 219 219 216 215 214 216 218 218 215 216 219
230 230 229 229 230 232 232 230 229 228 228 227 226 226 226 226 225 225 225 225 224 223 223 223 223 222 222 221 220 220 219 219 217 214 211 210 211 212 212 214 217 220 222 218 215 217 219 219 218 216 218 219 221 222 222 221 222 221 218 212 207 209 210 210 211 213 212 212 209 207 210 213 216 217 215 212 206 201 201 206 211 216 219 219 217 215 214 214 215 216 216 216 217 218
231 230 230 229 230 233 233 231 230 229 228 227 227 226 227 226 226 226 225 225 224 224 224 224 224 223 222 221 221 220 220 219 218 216 214 212 213 214 213 215 218 221 221 217 215 218 219 219 218 216 218 221 223 224 222 221 221 218 213 207 204 211 216 217 218 217 214 212 210 210 212 214 216 217 216 214 210 206 207 212 216 218 216 214 212 211 211 211 211 211 214 218 219 218
232 231 229 229 231 234 234 232 230 229 229 228 227 227 227 227 226 226 226 225 225 224 224 224 224 223 222 222 221 221 220 220 219 217 215 213 213 213 213 215 219 222 220 216 216 221 222 220 218 216 217 220 222 222 220 219 218 214 210 206 206 213 220 223 221 217 213 211 211 211 213 215 216 216 216 213 209 207 208 212 214 214 213 210 209 208 208 206 206 208 213 219 221 220
233 232 229 228 231 233 233 232 230 229 229 228 227 227 227 227 227 226 226 225 225 225 224 224 224 223 222 222 222 221 221 220 220 218 217 214 213 214 214 215 218 219 217 214 218 224 224 221 221 220 220 222 221 217 215 215 215 212 210 209 212 218 226 227 222 215 213 212 212 213 215 216 217 216 214 211 207 206 208 212 213 213 212 210 208 206 204 204 206 210 214 219 222 223
236 233 228 228 231 231 231 231 230 229 228 228 228 227 227 227 227 226 226 226 225 225 224 224 224 224 223 222 222 222 221 221 220 219 218 217 216 216 216 215 217 219 216 214 219 224 223 221 223 223 222 222 220 217 215 216 215 214 213 214 217 223 229 230 222 214 212 211 212 214 215 217 216 214 213 210 207 206 208 211 213 215 215 212 209 206 205 207 211 214 216 220 224 226
239 235 228 229 233 232 230 231 231 228 227 228 228 228 228 228 228 227 226 226 226 225 225 225 225 224 224 223 223 222 222 221 221 220 219 219 218 217 216 215 216 220 217 213 217 223 222 218 219 217 213 214 215 216 217 219 217 216 216 218 220 223 230 230 220 211 209 209 211 213 214 214 213 212 212 211 209 208 209 211 213 216 218 216 213 211 210 212 214 217 218 221 223 224
238 235 229 229 232 231 229 231 232 229 228 228 228 228 228 228 228 227 227 227 227 226 226 225 225 224 224 224 223 223 222 222 221 221 221 220 219 218 217 215 216 219 217 212 214 220 218 212 212 210 209 211 213 215 219 221 218 216 218 220 221 224 230 228 217 208 206 207 210 211 211 210 210 211 212 212 210 211 212 213 213 215 217 216 216 216 214 213 215 218 220 220 218 217
234 233 230 228 231 230 228 230 232 231 230 229 229 229 228 228 228 227 227 227 227 226 226 226 225 225 224 224 224 223 223 222 222 222 221 221 220 220 218 216 216 219 219 216 215 217 213 207 208 209 210 213 215 218 223 222 215 214 217 219 220 223 228 225 213 205 202 203 206 208 207 208 211 213 213 212 211 212 214 212 211 212 213 213 213 215 216 215 217 218 218 217 213 210
232 233 232 232 235 235 231 231 232 232 231 231 231 230 229 229 229 228 228 227 227 227 226 226 226 225 225 224 224 224 223 223 223 222 222 221 221 220 220 219 219 222 223 221 217 214 210 205 205 207 209 214 216 219 225 221 213 213 216 218 218 220 224 221 211 203 200 200 204 207 209 212 214 213 212 212 211 211 212 209 207 208 210 211 211 213 213 214 216 218 219 216 210 203
233 233 233 233 235 238 236 233 233 234 232 231 231 232 230 230 230 229 228 228 228 227 227 226 226 225 225 225 225 224 224 223 223 223 222 222 222 221 221 220 221 222 223 221 216 211 205 203 204 204 207 215 217 221 226 220 211 213 216 216 217 219 222 220 213 204 201 201 206 211 213 214 212 211 211 209 209 210 209 207 205 207 210 210 211 212 213 213 215 218 221 217 203 191
234 234 233 232 231 234 235 234 234 235 232 228 230 232 231 231 230 229 229 228 228 228 227 227 226 226 226 225 225 225 224 224 224 223 223 223 222 222 221 221 221 221 220 219 216 212 206 203 203 201 205 217 220 224 227 218 209 212 214 214 216 219 222 222 215 206 201 203 208 212 212 211 210 209 208 206 206 207 206 205 205 207 209 211 214 216 217 216 215 215 214 202 185 181
234 234 233 232 231 231 232 233 234 235 232 228 228 231 233 233 232 230 229 229 229 228 228 227 226 226 226 226 225 225 225 224 224 224 223 223 223 222 222 221 221 221 220 219 218 216 213 208 203 198 202 216 222 225 226 217 209 212 214 215 216 219 222 222 217 208 202 201 205 208 208 208 209 208 206 204 204 204 203 203 205 208 211 213 217 220 220 219 215 209 200 188 181 180
234 234 233 234 234 233 233 233 235 237 235 230 229 231 232 232 233 232 230 229 229 228 229 228 227 226 226 226 226 225 225 225 224 224 224 223 223 223 222 222 221 221 220 220 219 218 215 212 206 196 196 213 223 225 225 217 211 215 217 217 218 219 221 222 218 210 203 199 202 207 208 207 207 206 204 203 203 203 203 204 206 209 212 213 215 218 218 216 210 199 190 185 183 185
234 234 234 234 234 235 236 236 237 237 235 231 229 229 229 230 231 232 232 230 229 228 228 228 227 227 227 227 226 226 226 225 225 225 224 224 224 223 223 222 222 221 221 220 219 218 216 214 209 199 192 208 223 226 224 218 215 218 219 218 219 220 222 222 219 212 205 200 203 208 208 207 206 205 202 201 203 204 205 207 209 211 213 214 215 216 215 211 202 192 187 188 188 195
234 235 235 235 235 235 236 237 237 236 233 230 228 229 228 228 229 230 232 231 230 230 229 228 228 228 228 227 227 226 226 226 225 225 225 224 224 224 223 223 222 222 221 220 220 218 217 215 212 206 197 207 225 228 225 221 221 223 222 221 221 222 223 222 219 214 207 202 205 208 207 206 205 203 201 201 204 206 207 208 210 213 216 217 217 215 211 204 196 189 186 191 197 206
236 236 237 236 235 235 235 236 236 235 234 232 231 230 229 228 228 229 230 231 231 231 230 229 228 228 228 228 227 227 226 226 226 225 225 225 224 224 224 223 223 222 222 221 220 219 218 217 215 212 205 207 222 228 224 223 227 227 225 223 222 221 220 220 218 215 208 204 206 206 205 205 204 202 200 202 205 207 207 208 211 214 217 219 218 216 209 198 192 189 190 200 210 214
239 239 239 239 237 237 236 236 236 235 235 234 232 231 229 229 229 228 228 229 230 231 230 229 228 229 229 228 227 227 227 227 226 226 225 225 225 224 224 223 223 222 222 221 221 220 219 219 217 215 210 207 217 222 218 221 228 228 225 221 217 216 217 220 222 220 212 207 205 204 204 204 204 200 199 202 204 205 206 208 211 214 216 217 215 211 203 193 189 193 201 210 216 220
242 242 241 240 240 240 239 239 238 236 236 235 232 230 230 230 229 228 227 228 228 229 230 230 229 229 230 229 228 228 227 227 227 226 226 225 225 225 224 224 223 223 222 222 221 221 220 220 219 217 214 211 216 219 213 217 226 227 223 219 214 214 221 229 232 225 212 205 203 203 203 203 203 200 199 201 202 202 203 206 210 212 213 214 211 206 199 193 193 200 209 215 219 225
241 240 239 239 239 239 240 240 241 239 238 238 234 230 230 230 230 228 227 228 228 227 229 230 230 230 230 229 228 228 228 227 227 227 226 226 225 225 225 224 224 223 223 222 222 221 221 220 220 219 218 217 218 221 215 215 224 225 222 219 214 216 224 228 224 215 206 201 201 201 202 203 203 201 198 198 199 199 201 206 210 212 212 210 207 203 198 197 200 206 212 218 224 230
235 234 235 237 238 238 236 236 237 238 238 237 234 231 230 230 231 230 229 228 226 225 226 228 228 230 230 229 229 229 228 228 227 227 227 226 226 225 225 225 224 224 223 223 222 222 222 221 221 220 220 220 221 222 220 219 226 227 225 222 215 210 215 217 214 208 204 201 200 201 201 203 204 200 197 195 196 198 201 206 209 209 206 202 201 203 201 201 207 212 216 222 227 233
222 225 228 230 234 235 231 230 234 237 238 236 233 230 230 230 231 231 230 229 227 224 225 226 226 229 231 232 232 231 230 229 228 228 227 227 226 226 225 225 225 224 224 223 223 223 222 222 222 221 221 221 222 223 224 227 234 237 234 228 214 205 209 213 212 209 206 203 202 201 201 203 203 199 196 195 195 196 198 201 201 200 198 195 201 208 209 210 214 217 220 224 231 235
203 216 222 222 225 225 221 222 230 235 235 233 230 229 227 228 230 231 230 231 229 227 226 225 224 225 229 233 235 234 232 230 229 228 228 227 227 226 226 225 225 224 224 224 223 223 223 222 222 222 222 222 222 223 225 228 234 240 240 233 219 209 212 213 212 209 207 205 203 201 201 203 203 198 195 195 194 194 195 196 196 196 198 202 213 221 217 213 217 220 224 229 235 237
201 216 226 225 226 225 218 216 224 228 225 221 221 221 220 221 225 230 231 231 231 230 229 227 224 223 228 233 235 235 234 232 230 229 228 228 227 227 226 226 225 225 225 224 224 224 223 223 223 223 223 223 223 223 224 226 228 231 234 232 225 218 218 217 214 211 209 206 203 201 202 204 202 197 195 196 195 193 192 193 196 201 208 217 226 227 217 215 220 223 226 230 233 233
221 232 247 250 247 240 229 223 228 230 225 219 219 219 218 219 222 226 229 230 231 231 232 231 226 223 228 232 232 232 233 233 232 230 229 228 228 227 227 226 226 225 225 225 224 224 224 223 223 223 223 223 223 223 224 224 225 226 227 227 225 223 225 227 223 218 213 209 205 203 203 204 201 196 195 198 197 193 190 193 201 210 219 225 229 224 216 219 223 225 227 228 228 227
233 239 252 261 262 258 252 248 250 246 238 233 232 229 226 224 224 225 226 226 228 231 233 232 225 220 226 229 228 228 230 231 232 231 230 229 228 227 227 226 226 226 225 225 225 224 224 224 224 224 223 223 223 223 223 224 224 224 224 223 223 222 224 226 226 225 223 219 212 205 201 203 202 197 197 199 198 193 191 197 208 218 223 228 227 219 216 220 225 228 227 226 225 220
240 244 251 256 259 260 260 262 264 258 250 249 248 244 240 235 232 230 228 226 226 228 230 229 223 219 225 229 228 227 227 228 230 231 230 230 229 228 227 227 226 226 226 225 225 225 225 224 224 224 224 224 223 223 223 223 223 223 223 222 221 221 221 221 220 221 222 221 215 206 201 206 207 202 200 200 199 196 194 203 213 219 223 226 223 215 216 222 228 229 226 225 225 221
245 248 254 256 258 260 260 262 264 259 253 250 248 246 244 241 238 237 234 230 228 227 227 226 222 219 225 229 229 228 227 227 228 229 229 229 229 228 228 227 227 226 226 226 226 225 225 225 225 224 224 224 224 223 223 223 223 222 222 221 221 220 220 219 218 217 216 214 211 210 209 215 215 206 202 201 200 198 197 205 213 218 220 221 218 216 219 224 228 227 222 221 223 221
250 253 258 262 263 264 264 263 262 259 255 251 248 245 243 241 239 239 237 235 233 231 230 228 224 221 224 228 230 230 228 227 228 227 226 226 227 228 228 227 227 227 226 226 226 226 226 225 225 225 224 224 224 224 223 223 222 222 221 221 220 220 219 218 217 216 214 212 211 212 211 210 206 199 196 198 197 198 199 204 211 212 215 217 217 220 223 225 227 224 219 214 210 198
253 256 262 267 270 270 270 268 264 260 257 254 251 247 245 242 240 239 237 236 235 235 234 232 228 224 226 229 230 230 229 228 228 229 228 227 227 228 228 227 227 227 227 227 226 226 226 226 226 225 225 224 224 224 223 223 222 222 221 221 220 219 219 218 217 215 214 213 212 211 208 204 199 192 189 191 191 194 198 201 205 209 215 219 221 222 224 225 225 226 223 211 196 186
254 257 263 270 276 279 278 275 270 265 261 257 253 250 247 244 242 240 238 237 235 235 234 233 230 227 229 231 231 230 230 230 231 232 233 231 230 229 228 227 227 227 227 227 227 227 227 226 226 226 225 225 224 224 223 223 222 222 221 221 220 219 218 217 216 215 214 213 212 210 207 203 200 194 188 185 185 188 193 199 204 212 221 226 229 229 228 229 230 231 226 207 186 181
257 258 262 269 279 285 286 283 278 272 265 259 254 252 249 246 244 241 240 238 236 235 234 233 230 228 231 235 234 233 232 232 232 233 232 231 229 230 229 228 226 227 227 227 227 228 227 227 227 227 226 225 225 224 223 223 222 222 221 220 220 219 218 217 216 215 214 213 211 210 207 204 202 198 191 183 179 180 187 199 209 218 227 233 235 236 238 234 230 222 206 189 180 180
260 259 257 265 280 289 293 291 285 278 269 260 255 252 249 247 245 243 240 238 237 236 236 233 228 227 232 235 235 233 231 232 231 230 230 229 228 229 230 229 227 227 228 228 228 228 228 228 228 228 227 226 225 224 224 223 222 222 221 220 220 219 218 217 216 215 214 213 211 210 208 205 203 200 194 187 179 174 181 199 214 221 226 228 226 225 226 220 210 201 191 183 179 182
258 255 249 253 269 285 293 294 288 282 269 258 253 251 249 246 245 243 241 239 238 237 237 234 227 227 231 232 232 230 229 230 230 230 231 230 227 227 229 231 229 228 230 230 230 230 230 230 230 229 228 227 226 225 224 223 222 222 221 220 220 219 218 217 216 215 214 213 211 210 208 206 204 201 197 191 183 175 177 195 213 216 216 215 214 214 213 206 198 191 187 185 183 184
250 247 241 244 251 259 269 271 270 268 259 252 250 249 248 246 245 244 242 240 239 239 238 234 228 228 232 232 231 228 228 229 229 229 229 229 227 226 228 229 228 228 232 233 233 233 233 234 234 233 231 228 226 225 224 223 223 222 221 221 220 219 218 217 216 215 214 213 212 210 209 206 204 202 198 194 187 180 178 189 202 206 207 207 209 210 206 198 192 190 189 188 186 185
248 248 248 249 254 253 238 225 233 236 236 241 245 247 248 247 246 244 243 241 240 240 238 234 229 230 234 234 232 229 228 229 229 228 228 228 226 226 227 227 226 225 230 234 237 239 239 240 241 241 236 231 227 225 224 223 223 222 221 221 220 219 218 218 217 216 215 213 212 211 209 207 205 202 199 196 191 184 181 183 188 195 202 206 208 207 199 192 189 190 190 189 189 188
258 258 257 259 259 249 234 225 223 225 226 234 242 245 246 246 246 246 245 244 243 241 239 235 230 231 235 234 232 231 230 232 233 234 233 231 228 227 227 227 224 222 224 227 229 232 232 232 234 235 234 231 227 225 224 223 223 222 222 221 220 219 219 218 217 216 215 214 212 211 209 207 205 203 200 197 193 187 182 179 178 187 200 206 206 200 193 188 187 189 190 191 191 190
256 253 250 253 250 243 236 230 228 229 230 236 242 245 247 247 247 248 248 247 246 244 241 238 231 231 233 233 232 232 232 233 234 236 238 237 235 232 230 228 225 223 221 221 221 220 220 220 222 222 221 221 222 221 222 223 223 223 222 221 221 220 219 218 217 216 215 214 213 211 209 208 205 203 201 198 194 189 183 178 174 180 193 200 200 194 190 188 187 188 190 192 193 192
