windninja/windninja_output/Output_2025-10-23_1400-1450_Google earth_Fire_150m_10min/merlingen_7.5mi_point_10-23-2025_1420_150m_ang.asc
ncols	158
nrows	163
xllcorner	391686.332397
yllcorner	5160024.123721
cellsize	150.000000
NODATA_value	-32768.000000
[rows 42 to 83 of 163, columns 0 to 93 of 158]
246 246 244 243 242 241 240 239 238 236 235 234 233 232 232 231 229 228 228 227 226 224 223 223 221 219 218 216 214 216 218 218 217 214 210 208 210 211 208 207 207 208 208 206 202 199 201 204 204 203 206 205 198 195 200 206 208 209 214 220 218 212 209 209 208 203 199 198 196 196 199 199 194 186 181 182 185 185 187 194 198 198 198 196 192 191 195 197 195 191 189 193 201 203
243 244 243 242 242 242 240 239 238 237 235 235 234 233 232 231 230 229 229 228 226 225 224 223 222 220 219 217 216 216 219 219 216 210 205 202 203 205 204 205 209 212 210 207 204 204 207 210 210 208 208 206 202 200 204 210 213 215 218 220 218 211 206 205 204 200 193 192 195 196 196 195 192 186 183 185 188 189 191 194 196 196 193 189 189 195 202 204 201 196 192 193 196 199
241 241 241 242 242 241 240 239 238 237 236 235 234 233 232 232 231 230 229 228 227 225 224 223 222 221 220 218 217 217 218 217 213 208 203 199 200 203 206 209 212 213 212 210 209 210 213 212 209 205 204 205 204 204 208 213 215 216 217 216 213 209 205 200 196 194 192 191 193 195 194 195 195 192 190 193 194 194 196 196 194 190 187 187 194 203 206 207 206 202 197 194 193 197
238 239 240 241 241 241 240 239 238 237 236 235 234 233 233 232 231 230 229 228 227 226 224 223 223 222 220 219 218 217 216 215 212 208 203 200 201 205 209 210 210 212 213 213 210 211 212 210 205 202 204 208 209 210 214 217 218 217 214 210 207 204 199 193 190 190 192 193 193 195 197 198 200 200 200 201 199 197 198 195 190 185 186 195 205 208 207 206 207 206 202 195 192 198
236 237 238 239 240 240 241 240 238 237 236 235 234 233 233 232 231 230 230 228 227 226 225 224 223 222 221 220 219 217 216 215 212 208 204 202 203 206 207 207 208 212 215 213 211 211 210 206 203 204 209 212 215 217 218 219 219 215 209 202 199 197 193 188 188 190 193 196 196 196 199 201 205 207 207 206 202 197 195 192 189 189 196 206 210 208 205 204 205 207 203 195 193 200
234 235 236 237 238 241 241 240 238 237 236 235 234 233 233 232 231 230 230 229 227 226 225 225 224 223 221 220 219 218 216 215 213 209 206 204 205 205 204 205 207 211 213 212 210 210 207 206 206 208 211 215 217 218 217 216 214 210 203 195 192 193 191 189 191 194 196 199 198 197 199 203 207 210 210 209 205 199 195 195 197 201 205 208 207 204 202 202 203 204 201 198 198 203
232 232 233 233 236 240 242 240 239 238 237 235 234 233 233 232 232 231 230 229 227 226 225 225 224 223 221 220 219 218 216 215 213 211 208 206 206 205 203 204 207 210 212 210 208 207 207 207 208 209 213 218 220 219 216 213 209 203 196 191 189 192 195 196 196 197 198 199 199 199 202 204 208 210 212 211 207 202 200 201 204 204 203 202 201 200 200 200 199 197 199 203 205 206
231 230 230 230 235 240 241 240 239 237 236 235 234 233 233 232 231 231 230 229 227 226 225 224 224 223 221 220 219 218 216 215 213 211 208 205 204 204 203 203 207 210 210 207 206 208 209 209 210 211 214 217 218 216 212 208 203 196 191 191 192 196 201 202 199 197 197 198 200 201 203 205 208 211 212 210 205 202 201 202 203 202 200 199 198 197 197 195 193 194 200 207 210 210
231 229 226 227 233 238 238 238 237 236 235 234 233 233 232 232 231 230 229 228 227 226 225 224 223 222 220 219 219 218 216 215 214 212 209 206 203 203 203 204 206 207 205 203 205 209 211 212 215 217 217 217 214 209 205 202 197 193 193 195 198 203 208 206 199 196 197 199 201 203 205 207 210 211 209 206 202 201 201 202 202 201 200 198 196 194 192 190 192 196 202 209 213 215
232 228 222 225 232 234 234 235 235 235 233 233 232 232 232 231 230 229 228 228 226 225 224 224 223 222 220 219 219 218 216 215 214 212 210 207 205 204 204 203 204 205 202 200 204 209 212 215 220 220 217 214 210 206 202 198 195 196 199 201 205 208 211 207 199 196 197 198 201 204 206 208 209 209 207 204 201 200 201 202 203 204 203 200 196 193 191 192 196 200 204 211 217 220
233 227 220 225 232 233 232 234 234 232 231 231 231 231 231 231 230 229 228 227 226 225 224 224 223 222 220 219 218 217 216 215 213 212 210 209 207 205 203 202 203 204 201 197 201 209 211 213 215 211 205 204 205 203 199 197 197 200 204 207 209 209 209 206 198 194 196 198 201 204 205 206 206 206 205 204 202 200 200 201 203 206 207 203 198 195 194 196 199 203 208 212 215 217
230 226 218 221 230 230 229 232 233 231 229 230 231 230 230 230 229 228 228 227 226 225 224 223 222 221 220 219 218 217 216 215 213 212 211 209 208 206 203 200 200 202 199 195 199 207 208 206 205 202 199 201 202 202 200 198 199 203 208 210 210 208 208 204 196 193 194 198 201 202 202 202 203 205 205 204 203 202 201 201 203 205 206 204 202 200 197 197 201 206 210 210 209 207
224 223 218 218 226 226 224 228 231 231 230 230 230 230 229 229 228 227 227 226 225 224 223 223 222 221 220 219 218 217 216 214 213 212 211 210 208 206 204 200 198 200 200 198 199 203 203 199 198 198 200 202 202 202 203 201 200 204 208 208 207 205 205 201 194 191 192 195 199 200 200 202 205 206 205 205 203 203 202 200 199 201 202 202 203 203 201 200 203 207 208 206 201 197
218 220 221 220 226 228 226 227 229 230 229 229 230 229 228 228 228 227 226 225 224 224 223 222 221 220 219 218 217 216 215 214 213 212 211 209 208 207 205 202 200 201 203 202 199 197 196 193 193 195 199 202 201 202 204 202 200 204 206 205 203 201 201 199 194 191 192 194 197 200 203 207 208 206 204 204 203 201 200 197 195 196 198 200 201 203 203 204 206 207 207 202 194 186
215 218 221 221 224 229 229 227 229 231 229 228 229 229 227 227 227 226 225 224 224 223 222 221 220 219 218 218 217 216 215 214 213 212 210 209 208 207 205 203 202 201 202 201 197 192 188 187 189 191 195 201 202 202 205 203 201 203 204 201 198 198 200 201 197 193 193 195 199 205 209 208 205 203 202 201 200 199 197 195 193 194 197 199 200 202 204 206 207 209 208 199 184 173
216 217 218 218 219 223 225 224 226 230 227 224 226 227 227 227 226 225 224 224 223 222 221 220 219 218 218 217 216 215 214 213 212 211 210 209 208 207 205 204 203 201 200 198 195 190 185 182 184 187 192 200 202 203 205 202 199 200 199 196 195 197 202 204 200 195 194 196 202 208 207 203 202 201 200 198 197 195 194 194 194 196 198 200 203 206 209 209 208 205 200 184 170 166
214 214 215 217 218 219 221 222 223 227 225 222 223 226 227 226 225 224 223 222 222 222 221 220 218 217 217 216 215 215 214 213 212 211 210 209 208 206 205 204 203 201 200 198 195 192 187 182 180 180 186 197 201 202 204 201 197 198 196 193 195 198 202 205 203 198 195 196 201 203 201 200 200 199 197 195 193 192 192 193 195 198 200 203 207 210 212 211 205 196 182 171 166 165
212 212 214 216 218 220 221 222 223 226 225 222 222 224 225 225 224 223 222 221 221 220 220 219 217 217 216 215 215 214 213 212 211 210 209 208 207 206 205 204 203 201 200 198 196 193 190 185 179 175 177 189 197 200 203 201 197 196 194 193 195 198 202 206 206 201 196 195 198 200 199 198 198 196 194 193 191 191 192 195 197 200 203 204 207 210 209 205 195 180 169 165 165 167
210 211 213 215 217 219 222 223 224 224 222 218 218 221 222 222 222 222 221 220 219 218 218 217 216 216 215 215 214 213 212 211 210 210 209 208 207 206 205 203 202 201 200 198 196 194 191 187 182 175 171 179 192 198 201 200 197 195 193 193 195 199 203 207 206 202 198 196 199 200 198 196 195 193 192 191 191 192 195 198 200 202 205 206 207 207 204 196 183 170 165 166 168 177
209 210 212 214 216 218 221 223 223 221 218 214 214 217 219 220 220 219 219 218 217 217 217 216 216 215 215 214 213 212 211 211 210 209 208 207 206 205 204 203 202 201 199 198 196 194 192 189 185 179 172 174 184 193 199 201 198 195 194 194 197 200 203 206 206 204 201 199 199 198 196 194 192 191 190 190 192 196 198 200 202 204 207 209 208 204 196 185 174 165 165 171 179 193
211 211 213 213 214 216 218 219 220 219 217 213 212 214 216 219 219 218 217 216 216 216 216 215 215 215 214 213 212 211 210 210 209 208 207 206 205 205 204 203 202 200 199 198 196 194 192 190 187 183 177 174 178 187 195 199 198 196 195 195 196 198 199 202 204 204 203 200 197 195 193 193 191 189 189 190 194 197 199 201 203 206 209 211 207 200 187 174 167 166 169 180 196 206
215 214 213 213 213 214 216 218 218 218 217 214 211 210 212 216 217 217 216 215 214 213 213 213 213 213 213 212 211 210 209 209 208 207 206 206 205 204 203 202 201 200 199 197 196 194 193 191 189 185 180 175 176 181 187 194 197 196 194 192 192 193 197 203 209 209 204 198 194 192 192 191 190 188 188 192 195 196 198 201 204 207 209 207 202 192 178 167 163 168 182 196 207 215
220 217 213 212 213 214 216 218 219 217 217 214 208 207 209 211 214 215 215 214 213 212 212 211 211 211 212 211 210 209 208 208 207 206 206 205 204 203 202 201 200 199 198 197 196 195 193 192 189 186 182 176 175 177 179 187 195 195 191 188 188 193 204 215 218 211 200 192 190 190 190 190 188 187 188 191 193 194 196 200 203 206 205 202 195 182 172 167 167 178 194 205 215 224
219 215 210 209 211 212 214 218 219 218 217 215 209 205 206 207 209 212 214 215 213 211 211 210 209 210 211 210 209 208 207 206 206 205 205 204 203 202 202 201 200 199 198 197 196 195 193 192 190 187 184 180 176 175 175 178 187 192 191 187 189 200 211 213 207 198 190 187 187 188 188 188 188 188 188 188 189 191 195 200 204 204 201 197 189 177 170 170 178 191 203 213 224 232
210 209 208 208 210 209 208 211 214 215 214 213 209 203 202 205 207 209 211 213 212 210 210 209 207 207 208 208 207 207 206 205 205 204 204 203 202 202 201 200 199 198 197 196 195 194 193 192 190 188 186 183 179 176 173 171 176 187 191 192 193 197 199 198 196 191 188 186 186 186 186 187 188 188 186 186 187 191 195 200 202 199 193 186 181 177 174 178 193 203 211 221 230 238
192 197 203 205 207 204 201 205 211 213 211 209 207 203 200 202 205 205 206 209 209 209 209 209 207 207 208 208 208 207 205 204 204 203 202 202 201 201 200 199 198 198 197 196 195 194 193 192 191 189 188 185 183 180 176 170 169 178 191 195 192 188 187 190 191 190 190 188 187 186 185 186 187 185 185 185 187 190 193 194 192 189 182 178 178 180 183 193 204 211 219 227 236 242
168 182 195 199 201 199 194 199 208 211 208 205 203 202 200 199 202 203 203 206 208 208 208 208 207 207 209 210 208 206 204 203 202 202 201 201 200 200 199 198 198 197 196 196 195 194 193 192 191 190 188 187 185 183 180 177 174 175 185 191 187 181 180 183 186 189 190 189 187 186 185 185 185 183 184 185 186 187 188 187 184 181 178 179 183 187 193 202 211 219 226 234 241 243
153 164 184 194 199 200 196 196 203 205 201 198 198 198 197 197 199 202 202 203 205 206 206 207 206 207 212 212 208 205 202 201 200 200 200 199 199 199 198 197 197 196 196 195 194 193 193 192 191 190 189 188 186 185 184 182 181 180 181 184 181 175 173 175 179 184 187 187 186 186 186 186 183 182 184 185 186 186 184 182 181 180 184 191 191 192 198 207 217 225 231 236 239 238
158 161 172 190 204 209 202 197 201 204 201 198 199 199 199 199 200 202 203 202 202 204 205 207 206 207 212 212 207 204 201 199 198 198 198 198 198 197 197 197 196 196 195 194 194 193 192 192 191 190 189 188 187 186 185 184 184 183 182 182 180 174 169 169 171 174 178 181 183 185 186 184 182 182 185 187 187 184 181 180 182 188 196 198 191 193 203 214 224 230 232 233 233 230
176 176 180 193 214 221 213 204 209 213 210 208 208 207 205 203 202 204 204 202 202 203 204 204 201 200 206 209 207 204 201 199 196 195 195 196 196 196 196 195 195 195 194 194 193 193 192 191 191 190 189 188 187 187 186 185 185 184 184 183 181 178 175 173 170 166 167 170 174 178 179 180 181 183 186 188 186 183 181 182 189 197 199 193 190 196 209 220 229 233 233 230 227 220
191 191 193 198 207 214 213 212 219 224 222 221 219 216 212 208 205 205 204 202 202 202 201 200 196 194 200 207 207 205 202 200 198 194 192 193 194 194 194 194 194 194 193 193 193 192 191 191 190 190 189 188 188 187 186 186 185 185 184 183 182 180 179 178 175 171 168 166 165 164 165 171 180 185 187 187 185 183 183 189 195 197 193 187 191 202 214 224 232 234 230 227 225 219
204 203 202 203 208 211 211 212 217 219 218 217 214 212 210 207 205 204 204 202 201 201 200 198 194 192 197 204 207 206 204 202 200 196 191 190 191 192 193 193 193 193 193 192 192 191 191 190 190 189 189 188 187 187 186 186 185 185 184 184 183 181 180 180 178 176 174 170 166 161 156 159 171 180 183 183 183 183 186 192 195 191 183 184 196 211 220 228 232 229 223 220 220 214
216 216 214 213 214 214 213 213 214 211 211 210 208 206 204 202 201 201 201 200 200 200 200 199 195 192 194 200 205 206 205 202 200 197 193 190 190 191 190 191 191 192 192 192 191 191 190 190 189 189 188 188 187 187 186 186 185 185 184 183 183 182 181 181 180 178 176 174 171 169 166 163 164 169 174 176 179 183 187 191 189 182 178 187 207 220 227 229 229 225 217 209 202 183
228 228 229 228 227 225 219 212 210 206 204 205 204 202 200 199 198 198 198 197 197 199 199 199 196 193 194 197 201 204 204 202 200 200 197 193 191 190 189 189 190 191 191 191 191 190 190 189 189 188 188 187 187 186 186 185 185 184 184 183 183 182 182 181 180 179 177 176 175 174 172 169 167 165 166 169 173 180 187 185 178 175 181 201 219 226 228 227 226 224 216 200 183 167
236 237 240 244 252 253 232 208 203 198 196 197 198 196 196 195 194 194 195 195 195 196 197 197 196 194 194 195 196 200 203 203 203 204 202 196 192 189 188 188 188 189 190 190 190 190 189 189 188 188 187 187 186 186 185 185 185 184 184 183 183 182 182 181 180 179 178 177 176 175 174 172 169 167 163 163 166 174 181 177 171 175 196 222 235 236 233 232 230 225 211 188 167 158
243 244 248 258 272 287 298 164 172 178 182 187 191 191 191 191 190 190 191 193 193 193 194 194 195 195 195 193 193 196 202 205 205 204 201 195 191 189 187 186 187 188 189 189 189 189 189 188 188 187 186 186 185 185 185 184 184 184 183 183 183 182 182 181 180 179 179 178 177 176 175 174 172 169 166 162 162 167 172 171 171 187 219 236 241 241 239 234 224 206 186 172 163 159
251 251 250 259 280 310 29 95 131 153 167 177 183 185 186 186 186 186 187 190 191 190 191 191 193 195 195 193 191 192 197 201 201 200 199 196 192 191 189 186 185 187 188 189 189 189 188 188 187 186 185 185 184 184 184 184 184 183 183 183 182 182 181 181 180 180 179 178 177 176 176 175 173 171 168 165 162 162 164 167 178 205 224 229 224 221 219 210 193 182 173 167 162 162
251 250 245 241 253 257 119 121 133 147 159 171 177 180 182 183 183 183 184 186 188 188 188 189 189 191 193 192 190 189 191 195 197 199 199 196 194 193 192 188 185 185 188 188 189 189 188 187 186 185 184 183 183 183 183 183 183 183 183 182 182 182 181 181 180 180 179 178 177 177 176 175 174 173 171 168 165 162 161 166 185 207 211 210 208 207 202 190 178 171 167 165 164 165
244 239 226 219 207 187 166 153 152 155 161 168 174 177 179 180 180 181 181 183 184 185 186 186 184 186 189 191 191 188 187 189 192 196 197 196 195 194 194 192 188 186 187 188 189 188 188 187 185 183 181 181 181 182 182 182 182 182 182 182 182 181 181 180 180 179 179 178 178 177 176 175 174 173 172 170 167 164 162 167 184 196 198 200 201 200 189 175 169 167 166 166 165 167
243 240 223 203 192 190 186 175 171 170 169 171 174 177 178 179 179 179 179 179 180 182 183 183 181 183 185 188 189 187 185 185 187 191 195 197 196 194 194 194 192 189 189 191 191 190 189 189 185 179 175 176 178 180 181 181 181 182 181 181 181 181 180 180 180 179 179 178 178 177 176 175 175 174 172 171 169 167 165 168 177 186 194 198 198 192 175 167 165 167 167 167 168 169
251 244 209 185 185 197 199 191 185 182 179 177 177 178 178 178 178 177 176 175 176 177 179 179 179 180 182 184 186 186 185 184 185 188 193 197 197 195 194 193 193 192 191 191 190 188 187 185 183 178 173 172 174 177 179 180 181 181 181 181 180 180 180 180 179 179 179 178 178 177 176 175 175 174 173 172 170 169 167 167 171 181 192 197 193 177 167 163 163 166 168 170 171 173
223 207 188 188 195 203 203 200 197 194 189 183 180 179 179 179 178 175 173 171 170 172 174 175 175 176 179 181 183 185 185 185 187 189 192 195 197 196 194 193 193 191 189 187 186 185 183 182 181 181 181 178 175 175 178 180 180 180 180 180 180 180 179 179 179 179 178 178 178 177 176 175 175 174 173 172 171 169 168 167 169 177 187 190 181 167 161 160 161 163 166 170 173 175
