windninja/windninja_output/Output_2025-10-23_1400-1450_Google earth_Fire_150m_10min/merlingen_7.5mi_point_10-23-2025_1420_150m_vel.asc
ncols	158
nrows	163
xllcorner	391686.332397
yllcorner	5160024.123721
cellsize	150.000000
NODATA_value	-32768.000000
[rows 0 to 36 of 163, columns 0 to 83 of 158]
5.47 5.38 5.31 5.43 5.67 5.75 5.63 5.76 6.09 6.21 6.26 6.52 7.01 7.41 7.19 6.37 5.33 4.59 4.60 4.66 4.38 5.10 6.51 7.14 6.89 6.28 5.84 5.98 6.46 6.65 6.57 6.43 6.19 5.95 6.01 6.01 5.49 5.01 4.84 4.83 5.15 5.46 5.47 5.32 5.20 5.11 4.90 4.69 5.20 6.21 6.92 7.31 7.54 7.59 7.41 7.10 6.77 6.52 6.35 6.30 6.42 6.55 6.58 6.60 6.81 7.07 7.12 6.88 6.49 6.21 6.18 6.23 6.19 6.15 6.25 6.28 6.11 5.67 5.28 5.31 5.47 5.45 5.32 5.04
5.56 5.49 5.30 5.28 5.46 5.61 5.56 5.47 5.54 5.63 5.78 6.16 6.78 7.44 7.69 7.30 6.46 5.61 5.40 5.37 4.91 4.97 5.92 6.88 7.18 6.81 6.27 6.09 6.24 6.36 6.35 6.32 6.30 6.16 6.03 6.17 6.05 5.77 5.66 5.54 5.56 5.76 5.91 5.99 5.97 5.96 6.01 5.78 5.60 5.87 6.24 6.48 6.63 6.71 6.69 6.68 6.67 6.67 6.62 6.43 6.29 6.37 6.51 6.59 6.65 6.76 6.86 6.82 6.59 6.34 6.23 6.22 6.23 6.25 6.28 6.29 6.19 6.00 5.76 5.63 5.59 5.47 5.34 5.24
5.60 5.70 5.51 5.30 5.39 5.43 5.54 5.54 5.42 5.37 5.51 5.86 6.36 7.08 7.97 8.38 7.97 7.30 6.84 6.48 5.87 5.12 5.06 6.05 7.21 7.46 6.95 6.38 6.16 6.18 6.20 6.16 6.18 6.24 6.22 6.42 6.72 6.77 6.66 6.47 6.32 6.33 6.49 6.73 6.86 6.99 7.23 7.28 6.81 6.20 6.00 6.09 6.14 6.18 6.26 6.45 6.65 6.79 6.89 6.83 6.60 6.52 6.61 6.64 6.53 6.47 6.57 6.73 6.74 6.54 6.33 6.25 6.25 6.26 6.25 6.29 6.44 6.56 6.35 6.03 5.91 5.85 5.61 5.52
5.37 5.84 5.96 5.68 5.71 5.54 5.64 6.03 6.20 6.18 6.08 6.03 6.20 6.60 7.37 8.27 8.27 7.90 7.65 7.21 6.44 5.59 5.01 5.38 6.75 7.73 7.82 7.42 7.11 7.03 6.98 6.74 6.42 6.31 6.45 6.62 6.74 6.83 6.79 6.75 6.86 6.98 7.08 7.21 7.36 7.47 7.55 7.69 7.71 7.42 7.05 6.85 6.84 6.85 6.77 6.64 6.56 6.53 6.62 6.80 6.84 6.70 6.59 6.55 6.47 6.42 6.49 6.63 6.68 6.54 6.36 6.26 6.15 5.99 5.91 5.95 6.16 6.46 6.47 6.15 6.04 6.25 6.21 5.94
4.88 5.53 6.13 6.08 6.04 5.80 5.68 5.88 6.07 6.16 6.08 5.88 5.97 6.38 6.95 7.76 8.08 7.76 7.53 7.40 6.82 5.89 5.12 5.07 6.05 7.27 8.13 8.44 8.39 8.33 8.36 8.25 7.85 7.29 6.93 6.89 6.89 6.97 7.14 7.19 7.28 7.49 7.71 7.82 7.85 7.79 7.66 7.59 7.64 7.63 7.35 7.01 6.88 6.91 6.86 6.65 6.47 6.37 6.37 6.47 6.56 6.52 6.45 6.44 6.43 6.39 6.42 6.54 6.60 6.47 6.28 6.09 5.96 5.90 5.84 5.66 5.45 5.62 6.10 6.15 5.79 5.78 6.20 6.26
4.56 4.89 5.57 6.07 6.22 5.98 5.68 5.55 5.48 5.46 5.46 5.37 5.39 5.85 6.57 7.18 7.77 7.72 7.26 7.10 6.82 6.00 4.90 4.53 5.04 6.03 7.00 7.81 8.28 8.50 8.76 9.02 9.07 8.78 8.24 7.78 7.71 7.79 7.90 7.92 7.78 7.66 7.63 7.61 7.56 7.47 7.34 7.23 7.16 7.15 7.17 7.01 6.72 6.59 6.62 6.59 6.48 6.40 6.37 6.40 6.47 6.50 6.50 6.50 6.44 6.38 6.38 6.52 6.68 6.66 6.53 6.25 5.99 5.99 6.17 6.20 5.93 5.62 5.67 5.89 5.67 5.35 5.62 6.02
4.76 4.67 4.74 5.31 5.88 5.96 5.79 5.52 5.28 5.14 5.08 5.04 5.01 5.35 6.20 6.74 7.36 7.89 7.73 7.43 7.20 6.51 5.16 4.12 4.13 4.77 5.52 6.31 7.06 7.62 8.06 8.48 8.87 9.13 9.15 8.89 8.65 8.52 8.36 8.15 7.86 7.48 7.14 6.90 6.76 6.78 6.80 6.76 6.74 6.75 6.86 6.99 6.93 6.75 6.62 6.50 6.39 6.34 6.33 6.41 6.61 6.85 6.96 6.87 6.67 6.49 6.43 6.55 6.70 6.81 7.04 7.13 6.86 6.51 6.50 6.74 6.80 6.48 6.05 6.00 6.05 5.88 5.79 5.87
5.06 4.97 4.65 4.57 4.97 5.35 5.55 5.43 5.12 4.89 4.78 4.75 4.83 5.24 6.10 6.63 6.92 7.62 7.99 7.86 7.77 7.40 6.19 4.62 3.81 4.04 4.77 5.42 6.00 6.54 7.00 7.40 7.77 8.10 8.38 8.48 8.33 8.10 7.90 7.64 7.32 7.01 6.73 6.51 6.33 6.27 6.31 6.34 6.35 6.38 6.43 6.60 6.84 6.95 6.83 6.60 6.48 6.45 6.44 6.54 6.72 6.91 7.16 7.29 7.18 6.86 6.58 6.59 6.73 6.75 6.90 7.26 7.37 7.05 6.64 6.51 6.64 6.62 6.31 6.13 6.15 6.04 6.07 6.24
5.10 5.16 5.02 4.66 4.56 4.76 5.02 5.11 4.97 4.73 4.51 4.34 4.38 4.88 5.96 6.69 6.77 7.12 7.69 7.88 7.86 7.78 7.13 5.91 4.70 4.26 4.69 5.19 5.43 5.77 6.16 6.42 6.80 7.20 7.33 7.25 7.13 7.04 6.98 6.86 6.64 6.41 6.24 6.18 6.16 6.07 6.00 6.00 5.97 6.04 6.26 6.31 6.30 6.55 6.82 6.76 6.66 6.67 6.60 6.42 6.18 5.95 6.10 6.61 6.96 6.95 6.74 6.70 6.86 6.84 6.56 6.39 6.49 6.59 6.41 6.18 6.21 6.33 6.26 6.10 6.06 5.90 5.97 6.55
5.09 5.17 5.21 5.01 4.81 4.82 4.90 4.90 4.83 4.67 4.43 4.12 3.89 4.16 5.24 6.37 6.72 6.81 7.21 7.81 8.08 8.06 7.76 6.99 6.03 5.04 4.75 5.13 5.33 5.47 5.89 6.02 6.15 6.59 6.90 6.85 6.64 6.52 6.51 6.48 6.37 6.26 6.12 6.00 5.93 5.78 5.69 5.73 5.63 5.54 5.71 5.92 5.85 5.98 6.34 6.46 6.27 6.14 5.95 5.57 5.22 4.93 4.73 4.92 5.55 6.16 6.42 6.49 6.61 6.68 6.42 6.02 5.87 5.99 6.06 5.92 5.80 5.88 6.24 6.75 6.94 6.75 6.27 6.16
5.15 5.21 5.28 5.19 5.05 5.03 5.05 4.97 4.83 4.68 4.45 4.11 3.72 3.68 4.43 5.62 6.32 6.55 6.63 7.15 7.88 8.22 8.17 7.64 6.90 6.09 5.38 5.27 5.42 5.43 5.65 5.76 5.64 5.85 6.30 6.54 6.50 6.37 6.37 6.45 6.51 6.44 6.24 6.00 5.82 5.51 5.23 5.32 5.21 4.81 4.77 5.04 5.13 5.21 5.29 5.44 5.10 4.68 4.50 4.40 4.24 3.92 3.52 3.52 4.02 4.66 5.15 5.40 5.53 5.87 6.14 6.15 6.00 5.96 5.99 5.86 5.71 5.62 5.96 6.96 7.73 7.87 7.29 6.41
5.23 5.25 5.30 5.26 5.14 5.08 5.07 5.02 4.90 4.72 4.53 4.24 3.83 3.60 3.99 4.91 5.68 6.18 6.26 6.33 6.83 7.45 7.87 7.75 7.23 6.57 5.77 5.26 5.14 5.10 5.18 5.31 5.25 5.34 5.69 5.98 6.11 6.14 6.18 6.24 6.32 6.36 6.22 6.07 6.03 5.74 5.09 4.77 4.64 4.14 3.72 3.64 3.57 3.69 3.77 3.96 3.96 3.70 3.52 3.41 3.28 2.91 2.40 2.28 2.58 2.89 3.38 3.87 4.26 5.00 5.80 6.22 6.22 6.18 6.49 6.89 7.19 7.16 6.90 7.10 7.64 8.21 8.41 8.13
5.30 5.29 5.29 5.27 5.20 5.13 5.05 4.95 4.86 4.71 4.55 4.33 4.01 3.70 3.79 4.39 4.90 5.42 5.93 6.06 6.17 6.52 6.98 7.18 6.90 6.26 5.58 5.09 4.85 4.79 4.91 5.14 5.20 5.21 5.44 5.67 5.70 5.75 5.84 5.90 6.03 6.17 6.16 6.11 6.13 6.02 5.54 4.94 4.52 4.02 3.43 3.05 2.90 3.03 3.15 3.10 3.15 3.22 3.19 3.14 3.04 2.63 1.97 1.44 1.27 1.41 1.74 2.25 3.04 4.10 5.00 5.70 6.11 6.32 6.91 7.82 8.44 8.67 8.49 8.09 7.82 8.03 8.55 8.83
5.39 5.35 5.28 5.23 5.19 5.18 5.12 4.99 4.87 4.72 4.55 4.37 4.13 3.97 4.04 4.35 4.42 4.42 5.04 5.64 5.81 5.95 6.22 6.39 6.33 6.02 5.60 5.30 5.12 5.02 4.96 4.94 5.01 5.06 5.23 5.62 5.73 5.64 5.57 5.55 5.68 5.72 5.47 5.27 5.29 5.29 5.22 5.32 5.29 4.77 3.95 3.39 3.15 3.25 3.38 2.97 2.63 2.69 2.95 3.36 3.46 3.03 2.50 1.91 1.37 1.12 0.99 0.95 1.47 2.47 3.70 4.72 5.58 6.10 6.43 6.62 6.94 7.41 7.64 7.55 7.40 7.48 7.76 7.87
5.47 5.41 5.31 5.22 5.14 5.11 5.09 5.04 4.94 4.78 4.61 4.44 4.19 4.15 4.52 4.96 4.87 4.27 4.23 4.90 5.31 5.44 5.74 6.03 6.08 5.89 5.65 5.55 5.38 5.24 5.25 5.07 4.90 4.96 5.12 5.53 5.86 5.82 5.49 5.11 5.05 5.04 4.94 4.72 4.57 4.61 4.43 4.56 5.50 6.03 5.33 4.32 3.93 4.10 4.26 3.71 2.93 2.62 3.01 3.88 4.41 4.16 3.92 3.72 3.17 2.44 1.88 1.42 1.04 1.29 2.28 3.76 4.83 5.36 5.34 5.22 5.31 5.43 5.51 5.55 5.80 6.13 6.22 6.19
5.52 5.47 5.36 5.26 5.16 5.09 5.02 4.97 4.94 4.81 4.66 4.49 4.22 4.00 4.45 5.40 5.69 5.16 4.56 4.62 5.02 5.25 5.57 5.96 6.13 5.91 5.60 5.63 5.65 5.49 5.63 5.74 5.55 5.42 5.24 5.08 5.19 5.36 5.18 4.95 4.85 4.78 5.06 5.18 4.80 4.87 4.83 4.09 4.27 5.69 6.45 5.95 5.59 5.87 6.16 6.18 5.27 4.06 3.88 4.46 5.04 5.15 4.98 4.88 4.91 4.60 3.86 3.25 2.59 1.80 1.86 2.46 3.32 3.94 4.34 4.62 4.67 4.60 4.73 5.00 5.08 4.88 4.63 4.50
5.57 5.52 5.42 5.31 5.21 5.14 5.06 4.98 4.93 4.84 4.69 4.52 4.29 3.86 3.87 4.88 5.71 5.74 5.35 5.05 5.09 5.25 5.46 5.81 6.13 6.09 5.69 5.57 5.81 5.87 5.85 5.90 5.74 5.49 5.21 4.86 4.77 4.98 5.08 5.19 5.26 5.17 5.53 5.93 5.69 5.43 5.64 5.26 4.46 4.79 6.04 6.69 6.67 6.64 6.78 7.10 6.98 5.90 5.06 5.35 5.66 5.60 5.36 5.13 5.29 5.44 5.06 4.53 4.18 3.42 2.42 1.92 1.91 2.57 3.53 4.06 4.31 4.68 5.06 5.23 4.95 4.30 3.84 3.56
5.59 5.56 5.48 5.37 5.26 5.18 5.11 5.04 4.98 4.91 4.78 4.57 4.37 3.99 3.68 4.16 5.04 5.45 5.49 5.37 5.23 5.16 5.18 5.41 5.75 5.91 5.68 5.34 5.36 5.60 5.68 5.62 5.57 5.65 5.73 5.59 5.36 5.33 5.49 5.70 5.82 5.75 5.69 5.85 5.93 5.68 5.64 5.92 5.90 5.54 5.50 5.93 6.30 6.38 6.40 6.69 7.15 7.01 6.37 6.15 6.22 6.12 5.83 5.51 5.44 5.70 5.76 5.31 4.82 4.30 3.67 2.94 2.54 2.50 2.67 3.22 3.99 4.60 4.71 4.27 3.80 3.50 3.23 3.12
5.61 5.58 5.51 5.40 5.30 5.22 5.13 5.07 4.99 4.95 4.89 4.71 4.48 4.23 3.95 4.02 4.56 4.95 5.09 5.15 5.12 5.05 4.99 5.06 5.29 5.50 5.49 5.23 4.99 5.07 5.33 5.49 5.65 5.94 6.26 6.37 6.09 5.70 5.56 5.69 5.73 5.74 5.79 5.75 5.85 5.89 5.60 5.52 5.93 6.07 5.59 5.22 5.40 5.88 6.25 6.55 6.97 7.14 6.79 6.44 6.47 6.44 6.13 5.83 5.70 5.77 5.92 5.67 5.14 4.82 4.75 4.57 4.14 3.41 2.70 2.49 2.67 2.81 2.88 2.79 2.66 2.59 2.57 2.85
5.65 5.59 5.50 5.41 5.35 5.28 5.18 5.11 5.00 4.92 4.93 4.87 4.68 4.48 4.31 4.26 4.48 4.75 4.90 5.00 5.05 5.10 5.09 5.12 5.27 5.44 5.50 5.39 5.20 5.16 5.33 5.57 5.74 5.85 6.04 6.25 6.19 5.80 5.58 5.83 5.99 6.11 6.28 6.23 6.14 6.20 6.08 5.58 5.43 5.76 5.69 5.22 4.97 5.29 5.97 6.50 6.88 7.08 6.84 6.41 6.27 6.23 5.87 5.56 5.46 5.42 5.57 5.77 5.83 5.88 5.83 5.53 5.11 4.60 3.99 3.32 2.57 2.23 2.43 2.69 2.72 2.71 2.76 3.01
5.72 5.64 5.50 5.41 5.35 5.31 5.25 5.17 5.07 4.93 4.91 4.94 4.83 4.69 4.61 4.59 4.71 4.89 5.02 5.11 5.17 5.24 5.29 5.32 5.43 5.55 5.60 5.56 5.50 5.46 5.47 5.69 6.06 6.28 6.49 6.75 6.82 6.59 6.37 6.52 6.57 6.54 6.55 6.52 6.44 6.30 6.20 5.84 5.48 5.65 5.83 5.63 5.26 5.04 5.25 5.68 6.19 6.70 6.92 6.60 6.33 6.35 5.98 5.51 5.45 5.53 5.78 6.19 6.47 6.52 6.28 5.70 5.09 4.72 4.53 4.39 4.30 4.26 4.22 3.96 3.73 3.65 3.48 3.28
5.75 5.69 5.54 5.43 5.35 5.30 5.28 5.25 5.17 5.02 4.96 4.99 4.93 4.81 4.80 4.84 4.93 5.09 5.19 5.22 5.26 5.33 5.40 5.42 5.50 5.66 5.76 5.74 5.69 5.61 5.55 5.73 6.29 6.79 7.04 7.37 7.61 7.36 6.90 6.79 6.82 6.83 6.82 6.71 6.56 6.32 6.08 5.94 5.85 5.93 6.11 6.07 5.78 5.28 4.90 4.95 5.30 5.84 6.54 6.87 6.73 6.69 6.44 5.91 5.72 5.85 6.22 6.64 6.75 6.49 6.02 5.61 5.14 4.62 4.27 4.37 4.93 5.57 5.90 5.77 5.17 4.49 4.04 3.68
5.76 5.70 5.58 5.49 5.39 5.31 5.28 5.29 5.26 5.13 5.03 5.07 5.10 4.98 4.92 4.96 5.03 5.19 5.32 5.35 5.39 5.45 5.51 5.55 5.62 5.79 5.92 5.97 5.93 5.81 5.62 5.67 6.20 6.72 6.81 6.84 7.08 7.19 6.84 6.55 6.64 6.84 7.00 6.98 6.77 6.53 6.44 6.34 6.22 6.19 6.27 6.19 6.00 5.65 5.22 5.07 5.17 5.40 5.90 6.67 6.91 6.84 6.68 6.32 6.30 6.65 6.96 7.04 6.90 6.54 6.03 5.64 5.39 5.09 4.71 4.61 4.82 5.42 6.26 6.85 6.74 6.03 5.29 4.50
5.78 5.69 5.59 5.54 5.43 5.33 5.28 5.28 5.29 5.23 5.09 5.06 5.19 5.20 5.09 5.07 5.11 5.24 5.38 5.44 5.52 5.60 5.66 5.71 5.77 5.90 6.03 6.11 6.02 5.76 5.41 5.25 5.62 6.20 6.46 6.48 6.44 6.55 6.59 6.39 6.38 6.65 6.97 7.22 7.22 7.02 6.90 6.77 6.42 6.20 6.27 6.21 6.07 5.96 5.67 5.40 5.32 5.32 5.48 6.20 6.80 6.87 6.67 6.46 6.60 6.87 6.89 6.63 6.40 6.19 5.87 5.54 5.38 5.42 5.42 5.03 4.57 4.68 5.27 6.22 7.07 7.13 6.63 5.79
5.79 5.69 5.57 5.53 5.45 5.34 5.30 5.30 5.31 5.27 5.17 5.05 5.12 5.25 5.25 5.21 5.22 5.28 5.39 5.44 5.51 5.63 5.70 5.77 5.89 6.05 6.19 6.31 6.19 5.66 5.14 4.87 5.00 5.63 6.27 6.61 6.64 6.49 6.34 6.22 6.20 6.42 6.87 7.39 7.66 7.46 7.16 6.99 6.66 6.27 6.19 6.21 6.16 6.13 6.02 5.78 5.63 5.49 5.29 5.50 6.16 6.69 6.82 6.71 6.31 5.78 5.51 5.47 5.49 5.40 5.16 5.07 5.37 5.65 5.52 4.98 4.24 3.89 4.19 5.03 6.29 7.24 7.59 7.37
5.81 5.72 5.58 5.52 5.45 5.36 5.30 5.35 5.37 5.31 5.24 5.14 5.09 5.17 5.26 5.30 5.33 5.36 5.42 5.46 5.50 5.61 5.71 5.79 5.96 6.22 6.53 6.85 6.87 6.12 5.18 4.76 4.71 5.14 6.03 6.74 7.09 7.04 6.46 6.03 6.02 6.19 6.58 7.11 7.44 7.46 7.36 7.18 6.95 6.72 6.50 6.34 6.03 5.77 5.77 5.87 5.98 5.87 5.39 5.03 5.45 6.39 7.12 7.35 6.98 6.15 5.51 5.35 5.45 5.39 5.05 4.99 5.33 5.48 5.48 5.36 4.84 3.91 3.70 4.36 5.55 6.79 7.73 8.30
5.82 5.75 5.62 5.52 5.46 5.36 5.30 5.37 5.41 5.36 5.32 5.27 5.19 5.16 5.20 5.29 5.35 5.41 5.47 5.50 5.54 5.62 5.74 5.86 6.02 6.29 6.80 7.49 7.70 7.03 5.96 5.12 4.58 4.39 5.00 6.08 7.03 7.61 7.12 6.28 6.11 6.17 6.31 6.80 7.20 7.45 7.90 7.89 7.48 7.26 7.18 6.96 6.43 5.91 5.73 5.95 6.25 6.28 5.94 5.61 5.75 6.09 6.42 6.77 6.96 6.69 6.16 5.85 5.93 6.06 5.84 5.48 5.28 5.22 5.37 5.69 5.83 4.97 3.89 3.99 4.71 5.59 6.56 7.58
5.80 5.77 5.66 5.54 5.47 5.37 5.31 5.38 5.39 5.36 5.37 5.35 5.30 5.22 5.20 5.27 5.32 5.40 5.51 5.59 5.63 5.67 5.73 5.82 6.01 6.23 6.72 7.73 8.44 8.22 7.45 6.33 5.18 4.43 4.18 4.70 5.93 7.38 7.58 6.66 6.20 6.33 6.38 6.81 7.37 7.71 8.37 8.84 8.45 7.71 7.67 8.01 7.79 7.16 6.48 6.16 6.56 7.09 7.06 6.84 6.66 6.17 5.54 5.38 5.73 6.06 6.05 6.01 6.18 6.36 6.30 5.87 5.40 5.20 5.15 5.34 5.92 6.04 5.06 4.12 3.97 4.42 5.19 6.02
5.75 5.74 5.69 5.57 5.48 5.38 5.34 5.40 5.38 5.35 5.40 5.42 5.40 5.33 5.26 5.28 5.35 5.39 5.49 5.61 5.67 5.68 5.68 5.71 5.84 6.09 6.61 7.68 8.85 9.40 9.26 8.30 6.77 5.59 4.77 4.52 5.44 7.03 7.88 7.39 7.00 7.14 7.13 7.25 7.54 7.87 8.31 9.02 9.41 8.71 8.27 8.81 8.99 8.47 7.56 6.71 6.94 7.71 7.76 7.22 6.89 6.75 6.23 5.54 5.42 5.69 5.82 5.99 6.19 6.30 6.50 6.49 6.12 5.56 5.01 4.75 4.96 5.69 5.52 4.39 3.71 3.77 4.30 4.75
5.72 5.71 5.66 5.59 5.50 5.39 5.36 5.40 5.38 5.36 5.41 5.47 5.48 5.46 5.39 5.34 5.38 5.42 5.45 5.54 5.60 5.65 5.66 5.67 5.67 5.76 6.20 7.08 8.25 9.44 10.34 10.43 9.09 7.42 6.29 5.94 6.45 7.60 8.40 8.25 8.22 8.39 8.43 8.42 8.15 8.14 8.44 8.96 9.85 10.21 9.93 9.86 9.97 9.75 8.96 7.89 7.33 7.36 7.55 7.01 6.24 6.17 6.39 6.02 5.46 5.32 5.46 5.85 6.06 5.94 5.98 6.24 6.22 5.77 5.20 4.90 5.01 5.38 5.42 4.55 3.65 3.39 3.50 3.75
5.73 5.67 5.59 5.60 5.57 5.44 5.34 5.38 5.41 5.39 5.42 5.49 5.52 5.52 5.48 5.40 5.38 5.40 5.44 5.53 5.60 5.65 5.67 5.65 5.57 5.48 5.59 6.10 6.89 7.71 8.87 10.18 10.22 9.16 7.89 7.25 7.47 8.07 8.68 8.70 8.65 8.78 8.87 9.00 8.80 8.48 8.49 8.66 9.08 9.69 9.91 9.81 9.89 10.05 9.60 8.48 7.37 6.65 6.77 6.80 5.90 5.21 5.52 5.71 5.28 4.87 4.90 5.23 5.53 5.35 4.92 4.86 5.10 5.33 5.55 5.77 5.77 5.90 6.05 5.40 4.19 3.47 3.22 3.35
5.77 5.65 5.50 5.56 5.65 5.52 5.36 5.39 5.45 5.45 5.47 5.53 5.56 5.56 5.55 5.47 5.39 5.36 5.39 5.49 5.57 5.58 5.61 5.61 5.50 5.39 5.41 5.68 6.19 6.82 7.76 8.90 9.62 9.52 8.36 7.27 7.30 7.87 8.39 8.51 8.31 7.97 7.77 7.95 8.08 7.93 7.77 7.52 7.29 7.29 7.39 7.63 8.11 8.96 9.14 8.43 7.80 7.00 6.36 6.42 6.06 5.38 5.42 5.78 5.51 4.79 4.59 4.89 5.36 5.29 4.60 4.27 4.55 5.16 5.69 5.96 6.05 6.30 6.66 6.46 5.48 4.38 3.65 3.42
5.77 5.65 5.42 5.47 5.66 5.52 5.36 5.40 5.46 5.47 5.50 5.58 5.63 5.64 5.64 5.58 5.51 5.45 5.38 5.39 5.45 5.43 5.46 5.55 5.46 5.28 5.33 5.60 6.18 7.20 8.41 9.15 9.50 9.64 8.25 6.52 6.56 7.26 7.47 7.44 7.47 7.19 6.96 7.03 7.05 6.93 6.80 6.58 6.35 6.28 6.16 6.17 6.57 7.57 8.43 8.25 8.07 8.07 7.52 6.76 5.89 5.30 5.64 6.37 6.37 5.29 4.63 4.97 5.71 5.97 5.37 5.16 5.49 5.74 5.82 5.93 6.21 6.59 6.97 7.06 6.40 5.28 4.28 3.64
5.69 5.64 5.44 5.46 5.62 5.45 5.33 5.40 5.47 5.48 5.47 5.57 5.65 5.68 5.70 5.64 5.59 5.57 5.49 5.42 5.41 5.35 5.28 5.39 5.47 5.28 5.17 5.30 5.72 6.62 7.79 8.84 9.38 10.03 9.12 6.55 6.10 6.94 7.25 7.09 7.19 7.08 6.86 6.77 6.50 6.24 6.17 6.08 5.95 5.99 5.97 5.82 5.77 6.20 7.08 7.24 7.06 7.65 8.43 8.20 6.72 5.53 5.76 6.77 7.36 6.48 5.01 4.55 5.18 6.32 6.69 6.60 6.43 6.15 5.95 6.00 6.26 6.71 7.34 7.85 7.57 6.41 5.25 4.33
5.55 5.54 5.50 5.58 5.60 5.41 5.34 5.42 5.53 5.53 5.49 5.54 5.62 5.66 5.70 5.68 5.63 5.61 5.55 5.49 5.44 5.34 5.17 5.10 5.23 5.24 5.12 5.01 4.97 5.23 6.11 7.43 8.51 9.69 10.04 8.26 6.66 6.84 7.38 7.31 7.29 7.05 6.62 6.39 6.09 5.75 5.65 5.67 5.68 5.71 5.73 5.66 5.50 5.46 5.75 5.99 5.87 6.03 7.26 8.54 7.99 6.36 5.81 6.46 7.62 7.59 6.03 4.60 4.60 5.81 6.86 6.97 6.54 6.06 5.72 5.56 5.65 5.88 6.30 7.31 8.15 7.92 6.94 5.67
5.38 5.39 5.46 5.65 5.63 5.42 5.36 5.46 5.60 5.62 5.57 5.57 5.62 5.66 5.67 5.65 5.63 5.62 5.56 5.50 5.47 5.36 5.18 4.98 4.89 4.90 4.90 4.83 4.65 4.63 5.22 6.31 7.60 8.79 9.86 9.52 7.95 7.07 7.16 7.06 6.93 6.88 6.60 6.31 6.19 5.97 5.63 5.68 5.83 5.92 5.95 5.94 5.90 5.74 5.75 5.91 5.83 5.54 5.91 7.39 7.80 6.42 5.44 5.68 7.04 8.12 7.45 5.90 5.14 5.18 5.55 5.89 5.84 5.47 5.15 5.02 4.90 4.55 4.20 4.79 6.47 7.64 7.74 6.82
5.27 5.27 5.34 5.54 5.59 5.45 5.39 5.45 5.59 5.68 5.66 5.62 5.64 5.67 5.68 5.65 5.63 5.63 5.58 5.50 5.45 5.36 5.21 5.04 4.83 4.67 4.61 4.63 4.68 4.80 5.14 5.77 6.75 7.72 8.60 8.98 8.52 7.73 7.27 6.86 6.51 6.61 6.76 6.60 6.49 6.47 6.19 6.06 6.10 6.08 6.14 6.24 6.42 6.45 6.36 6.41 6.50 6.34 6.21 6.98 7.52 6.47 5.29 5.12 6.00 7.61 8.18 7.33 6.16 5.12 4.49 4.49 4.60 4.73 4.96 4.99 4.74 4.48 4.12 3.90 4.44 5.61 6.81 7.23
