windninja/windninja_output/Output_2025-10-23_1400-1450_Google earth_Fire_150m_10min/merlingen_7.5mi_point_10-23-2025_1440_150m_ang.asc
ncols	158
nrows	163
xllcorner	391686.332397
yllcorner	5160024.123721
cellsize	150.000000
NODATA_value	-32768.000000
[rows 42 to 83 of 163, columns 0 to 93 of 158]
283 282 282 281 280 280 281 280 279 279 279 279 278 278 278 278 278 278 278 278 279 279 279 280 281 282 284 286 288 288 285 282 281 279 276 272 270 273 275 274 271 268 266 269 273 273 268 264 265 269 271 271 272 272 270 265 260 257 257 256 254 254 256 255 256 264 269 269 269 266 258 259 264 269 276 277 272 253 250 255 256 258 262 267 272 271 264 260 266 273 275 270 264 266
283 282 282 281 281 281 281 280 279 279 279 279 279 279 278 278 278 278 278 278 278 279 279 280 280 281 283 284 287 287 284 282 281 282 284 285 283 281 279 275 271 267 268 271 270 265 262 261 265 271 273 270 265 264 264 261 257 254 254 256 259 264 266 263 262 267 272 272 266 256 252 256 261 266 272 270 255 230 240 255 259 263 270 275 273 264 251 253 261 268 272 271 269 270
282 282 282 282 282 282 281 280 280 279 279 279 279 279 278 278 278 278 278 278 278 279 279 279 280 280 282 284 284 285 283 282 282 284 288 292 291 285 278 274 271 270 272 271 265 258 259 264 269 274 273 267 259 256 255 255 253 252 255 260 264 268 272 273 274 274 273 272 264 255 254 256 257 259 261 255 235 217 235 255 265 272 276 275 266 252 248 253 259 265 270 273 275 274
282 282 282 283 282 282 281 281 281 280 280 280 279 279 279 279 279 279 279 278 278 279 279 279 280 281 281 282 282 283 284 283 284 286 290 293 292 286 280 277 276 274 272 267 260 257 262 269 275 275 270 261 254 250 250 251 251 255 261 266 268 271 275 280 281 279 274 268 263 260 260 258 256 255 251 242 223 214 238 259 272 277 276 267 255 248 251 255 258 262 267 274 278 274
283 283 283 283 282 281 282 281 281 281 280 280 280 279 279 279 279 279 278 278 278 278 278 279 280 280 280 281 281 282 283 283 284 287 290 291 291 289 286 283 281 277 271 264 258 262 269 274 276 271 263 256 249 247 249 251 254 261 270 274 274 275 279 283 281 277 272 265 260 261 263 260 257 252 245 236 221 220 246 263 271 272 268 260 253 253 256 258 258 259 266 275 277 272
283 283 283 282 280 280 282 282 282 281 281 280 280 280 279 279 279 279 278 278 278 278 278 279 279 279 280 280 281 281 282 283 284 286 289 290 290 290 289 286 284 279 272 263 260 269 275 276 271 263 257 250 245 247 249 252 259 267 275 280 280 279 279 279 277 273 268 263 259 260 261 259 256 250 242 233 225 232 253 263 266 266 262 259 257 258 261 261 260 262 267 272 273 269
282 282 282 281 279 279 282 283 283 282 281 281 280 280 280 279 279 279 279 278 278 278 279 279 279 279 279 280 280 281 281 282 283 285 288 290 290 289 289 288 286 281 274 267 268 274 276 273 266 257 250 245 247 251 253 258 267 274 279 282 282 278 275 274 273 271 266 262 259 258 258 257 255 248 240 233 232 241 254 261 262 263 264 262 261 261 262 262 264 267 267 266 266 264
282 282 281 279 278 279 281 284 285 283 282 281 281 280 280 279 279 279 279 278 278 278 279 279 278 279 279 279 280 280 281 282 283 284 287 290 290 289 290 289 286 282 278 276 277 276 274 268 261 251 242 244 251 256 259 266 273 279 280 278 276 273 270 270 271 270 266 263 259 258 257 255 251 245 239 236 238 244 252 258 261 263 264 264 263 263 264 266 269 268 263 260 259 259
281 282 281 279 279 279 280 282 285 285 283 282 281 281 280 279 279 279 279 279 279 279 279 279 278 279 279 279 279 280 280 281 282 283 285 288 290 290 289 288 286 283 283 284 282 277 271 264 256 247 244 252 259 262 266 273 278 279 276 271 268 267 267 269 271 270 266 262 259 257 256 253 249 244 241 241 243 246 251 256 260 262 263 264 265 267 268 269 268 265 260 256 254 254
281 282 282 281 281 280 279 280 283 286 285 283 282 281 281 280 279 279 279 279 279 279 279 279 279 278 278 279 279 279 280 281 281 282 284 286 288 289 288 288 286 285 286 287 284 277 269 259 251 249 254 263 266 268 273 278 278 273 267 263 262 263 267 270 271 268 264 260 257 256 255 252 247 245 246 247 248 248 252 256 258 259 261 264 267 270 271 269 266 262 257 253 250 250
280 282 284 283 282 281 279 278 281 285 286 283 282 281 281 280 280 279 279 279 279 279 278 279 279 278 278 278 279 279 279 280 281 281 283 284 286 288 289 289 287 285 287 289 284 276 268 256 252 257 265 269 269 272 277 279 275 267 260 258 260 264 269 271 270 267 262 258 255 254 253 250 247 247 249 251 251 253 256 258 256 256 260 265 269 271 271 268 265 261 256 252 249 249
278 280 286 286 283 283 281 278 278 282 285 284 282 281 281 281 280 280 279 279 279 279 279 278 278 278 278 278 279 279 279 279 280 281 282 283 284 286 288 289 289 286 287 288 285 276 268 262 263 267 269 270 270 273 276 276 271 262 257 257 261 266 270 270 268 265 260 254 253 253 252 249 246 247 250 252 252 256 261 261 257 256 259 261 265 270 272 270 264 259 255 254 251 252
277 278 285 289 285 283 282 278 275 277 282 284 283 282 281 281 280 280 279 279 279 279 279 279 278 278 278 278 278 278 279 279 280 280 281 282 283 284 286 289 290 287 285 285 284 279 273 273 276 274 270 269 272 273 274 272 266 258 256 259 263 268 271 270 267 262 257 250 250 251 249 246 245 248 251 252 253 257 263 264 262 261 260 258 259 263 268 269 264 258 256 257 258 260
278 277 280 286 285 281 281 278 273 274 279 283 284 283 282 281 280 280 280 279 279 279 279 279 278 278 278 278 278 278 278 279 279 279 280 281 281 282 284 286 288 287 283 283 284 285 284 284 282 276 271 271 272 273 272 269 261 256 259 263 267 270 270 268 264 259 253 249 250 249 244 241 246 251 253 253 254 259 264 265 266 265 262 259 257 257 258 259 260 259 261 263 268 274
279 278 277 279 281 280 281 281 276 273 276 280 283 284 283 282 281 280 280 279 279 278 279 279 279 278 278 278 278 278 278 278 279 279 279 280 281 281 282 284 285 285 284 284 286 289 291 290 286 281 276 274 273 273 271 266 257 258 263 268 272 272 269 264 260 255 251 249 249 246 240 243 250 253 254 254 257 262 265 266 267 266 263 260 258 255 251 249 251 256 264 272 284 291
278 278 277 276 277 279 281 283 281 277 276 277 279 282 284 283 282 281 280 280 279 279 278 278 279 278 278 278 278 278 278 278 278 278 279 279 280 280 281 282 282 283 284 285 286 289 292 293 290 287 282 276 274 274 271 264 258 262 268 272 273 271 267 261 255 251 248 246 244 242 244 250 253 254 255 256 260 264 265 264 263 263 262 260 258 255 251 248 249 257 270 286 299 299
278 278 277 276 276 276 278 282 285 283 279 276 274 276 282 284 283 282 281 280 280 279 279 278 278 278 278 278 278 278 278 278 278 278 278 279 279 279 280 280 281 282 283 284 286 287 289 292 294 294 290 281 277 276 270 264 262 268 272 274 272 269 265 259 253 247 244 241 238 242 250 253 254 256 257 259 263 265 264 261 258 258 258 256 255 254 253 254 258 270 284 293 299 297
277 277 276 276 276 276 276 279 283 283 281 278 273 273 277 282 284 283 282 281 280 279 279 279 278 278 278 278 278 278 278 278 278 278 278 278 278 279 279 280 280 281 282 283 284 285 287 290 294 299 300 290 281 276 270 264 265 273 275 274 271 268 263 258 252 247 242 235 235 247 253 255 257 259 260 261 265 265 261 257 255 254 254 252 251 252 254 261 274 286 291 291 291 288
276 276 275 275 275 276 276 277 279 281 282 282 279 275 274 277 281 284 284 283 281 280 279 279 278 278 278 278 278 278 277 277 277 277 278 278 278 278 278 279 279 280 281 282 282 284 285 288 293 299 305 298 285 277 271 265 269 275 276 274 271 267 263 258 252 248 242 231 239 252 256 258 261 262 262 264 265 262 257 254 253 253 252 250 250 252 259 271 285 291 291 287 283 275
276 275 275 275 275 275 276 277 278 280 282 285 285 280 274 272 276 281 284 284 283 281 280 279 278 278 278 278 278 278 277 277 277 277 277 277 277 278 278 278 279 279 280 280 281 282 284 286 290 296 303 301 289 280 272 268 272 275 275 273 270 267 264 259 254 249 240 231 246 256 259 261 264 265 264 265 262 257 253 252 252 252 252 251 253 259 270 282 289 290 289 282 273 257
276 276 275 275 275 275 276 277 278 279 282 285 286 283 277 273 272 275 280 283 283 282 280 279 278 278 278 278 278 278 277 277 277 277 277 277 277 277 277 278 278 278 279 280 280 282 283 285 288 292 299 300 292 284 277 273 275 275 274 272 270 268 266 261 255 249 238 236 253 260 261 263 266 266 265 263 259 254 252 251 251 251 251 254 259 268 280 290 290 287 283 272 257 246
276 276 276 276 277 277 277 277 277 278 280 283 286 286 283 277 272 272 274 279 282 283 281 280 279 278 278 278 278 278 277 277 277 277 277 277 277 277 277 277 277 278 278 279 280 281 282 283 285 288 294 298 293 288 284 278 276 275 275 273 272 270 265 260 256 251 244 249 259 262 263 265 266 267 265 260 256 254 252 249 249 249 251 258 266 277 287 292 289 281 268 258 247 239
275 276 276 276 278 279 278 277 276 276 277 281 286 287 285 282 277 272 271 274 277 280 281 281 280 278 278 278 278 278 278 277 277 277 277 277 277 277 277 277 277 277 278 278 279 280 281 282 284 286 290 295 293 290 290 285 277 274 275 276 274 267 259 256 258 258 257 263 265 264 264 266 267 266 263 259 257 255 249 247 247 249 256 264 274 283 287 287 282 269 256 248 239 233
274 274 275 276 277 278 278 276 276 276 277 280 285 287 286 284 282 276 271 270 272 276 278 280 281 280 278 278 278 278 278 277 277 277 277 276 276 276 276 276 276 277 277 277 278 279 280 281 282 284 286 290 292 290 292 292 282 275 274 274 271 260 254 258 262 264 268 269 268 266 266 266 266 265 263 262 259 254 247 245 248 255 264 272 280 284 284 279 269 254 246 238 232 229
271 270 271 274 276 278 278 276 275 276 279 280 282 286 287 285 283 280 276 271 270 271 273 277 280 281 279 278 278 278 278 277 277 277 277 276 276 276 276 276 276 276 277 277 277 278 279 279 281 282 284 286 288 289 291 294 289 279 273 269 264 258 262 265 265 265 267 268 268 268 269 268 267 264 263 263 260 253 246 247 255 265 275 282 283 280 277 269 254 243 236 229 226 223
269 267 266 268 272 277 279 275 273 275 279 280 280 283 286 285 282 282 281 276 272 270 270 272 276 278 278 278 278 278 278 277 277 277 277 276 276 276 276 276 276 276 276 276 277 277 278 278 279 280 282 283 284 286 288 291 290 284 275 268 265 270 273 271 267 265 264 265 268 270 270 270 267 265 264 262 259 253 248 255 265 274 281 283 280 274 266 253 243 236 228 223 221 219
275 271 268 267 269 274 277 272 270 274 277 278 279 280 282 283 282 282 283 280 276 272 271 270 270 271 273 275 278 279 279 278 278 277 277 276 276 276 276 276 276 276 276 276 276 276 277 277 278 279 280 281 282 283 285 286 286 285 279 274 273 280 281 278 272 267 263 264 267 269 270 269 268 267 264 262 261 257 257 266 273 277 276 274 275 269 257 243 237 229 223 218 218 220
282 281 278 274 272 270 270 270 270 273 276 276 276 276 277 279 280 280 282 281 278 276 274 272 268 264 266 271 276 279 280 280 279 278 277 277 276 276 276 276 275 275 275 275 275 276 276 276 277 278 278 279 280 281 281 282 282 282 281 278 279 284 285 282 278 272 269 268 268 268 267 269 269 268 265 264 263 264 268 274 276 275 269 267 274 268 252 239 232 224 218 215 218 222
280 283 285 283 278 272 269 274 275 274 273 273 271 271 272 273 274 275 277 279 279 277 276 274 270 262 263 268 273 276 279 280 281 279 278 277 277 276 276 275 275 275 275 275 275 275 275 276 276 276 277 278 278 279 279 279 279 280 279 279 280 283 284 283 281 280 278 275 272 269 268 270 270 267 264 264 265 270 275 277 274 269 266 270 274 266 247 234 226 219 215 215 220 224
277 280 284 285 281 277 276 282 282 276 271 270 270 269 269 270 270 270 271 273 276 276 276 275 273 269 266 265 268 271 275 278 280 281 279 278 277 276 276 275 275 275 275 275 275 275 275 275 275 276 276 276 277 277 277 278 278 278 278 278 279 280 281 282 283 284 284 281 279 277 276 274 270 266 263 264 267 271 275 274 270 267 270 276 272 257 238 228 220 218 217 219 224 227
275 278 282 283 282 280 281 285 284 277 270 270 272 272 271 271 272 271 270 270 271 273 275 275 276 276 271 266 265 267 270 272 276 280 281 279 278 277 276 275 275 275 274 274 274 274 274 274 275 275 275 275 276 276 276 276 276 276 277 277 277 278 279 280 281 282 283 283 284 285 286 281 273 266 266 268 269 271 271 269 270 273 279 278 268 244 228 222 220 221 221 226 231 235
275 278 282 283 283 283 283 285 283 278 273 273 274 274 274 275 275 275 273 272 272 272 273 274 276 277 275 269 265 264 266 268 271 275 279 280 279 278 277 276 275 275 274 274 274 274 274 274 274 274 274 275 275 275 275 275 275 275 276 276 276 277 277 278 279 279 280 282 284 286 288 286 279 273 273 274 274 273 271 271 274 281 283 275 258 234 222 219 223 226 227 232 239 253
274 277 282 284 284 284 284 283 282 280 278 277 276 276 277 277 277 277 276 276 275 274 272 272 274 276 275 271 267 265 265 266 268 271 275 278 278 278 277 276 275 274 274 274 273 273 273 273 273 274 274 274 274 274 274 274 274 275 275 275 275 276 276 276 277 278 278 280 282 284 285 285 285 285 284 283 281 277 274 277 283 286 281 267 244 225 219 221 228 230 235 239 252 283
273 275 280 285 286 285 286 285 283 282 281 280 279 279 279 279 279 278 277 277 277 275 273 272 273 276 275 273 269 266 265 266 267 268 271 274 276 277 277 277 276 274 274 273 273 273 273 273 273 273 273 273 274 274 274 274 274 274 274 274 274 275 275 276 276 277 277 279 280 281 282 283 286 290 292 290 287 283 281 287 289 284 272 253 231 219 220 225 231 237 247 258 279 287
271 272 277 283 287 288 288 287 286 285 284 283 282 281 281 281 281 279 278 278 277 276 275 274 274 274 275 275 273 268 265 265 265 265 267 271 274 276 277 276 276 274 273 273 273 273 273 273 273 273 273 273 273 273 273 273 273 273 273 274 274 274 274 275 275 276 277 277 278 279 280 282 285 289 294 294 293 292 292 291 287 277 260 240 225 222 227 231 236 248 265 289 295 288
270 270 271 277 285 290 291 290 289 289 289 287 285 284 283 283 282 281 280 278 277 277 276 275 273 271 274 276 276 272 266 263 263 264 266 270 273 275 276 276 276 274 273 273 272 272 272 272 272 273 273 273 273 273 273 273 273 273 273 273 273 273 274 274 274 275 276 276 277 278 279 281 283 287 292 295 298 301 299 290 280 266 248 235 230 236 242 243 250 269 289 300 297 287
271 267 261 268 282 290 293 294 295 296 295 291 288 286 284 284 284 283 281 279 278 277 277 276 273 270 272 275 276 274 269 264 263 264 265 267 270 271 273 276 276 274 273 272 272 272 272 272 272 273 273 273 273 273 273 273 273 273 272 273 273 273 273 273 274 274 275 275 276 277 279 280 282 285 288 293 298 305 302 288 274 256 240 236 237 243 248 258 277 288 293 295 292 284
267 260 252 260 274 288 297 300 301 303 302 295 290 288 286 285 285 284 283 280 279 278 277 276 275 272 271 273 274 275 272 268 265 264 265 266 266 267 269 273 276 275 273 272 272 271 271 272 272 273 273 273 273 273 273 272 272 272 272 272 272 272 273 273 273 274 274 275 276 277 278 279 281 283 286 289 296 304 303 288 271 251 242 243 242 245 257 278 287 289 288 286 284 280
260 256 256 262 273 289 305 308 306 308 306 299 292 289 287 286 285 284 283 281 280 279 277 277 277 276 273 272 272 273 275 272 268 265 263 264 264 264 265 268 271 273 273 272 271 271 271 271 272 274 275 274 274 273 273 272 272 272 272 272 272 272 272 272 273 273 274 274 275 276 277 278 280 281 284 287 292 299 301 290 273 258 254 250 247 255 276 289 289 286 283 281 279 278
258 261 267 274 284 291 304 312 310 310 308 300 292 288 287 286 285 283 283 283 281 279 278 278 279 278 276 273 271 273 275 275 272 268 263 261 261 262 263 263 265 267 269 269 270 271 271 271 272 276 278 277 276 274 273 272 272 272 272 272 272 272 272 272 272 273 273 274 274 275 276 277 279 280 283 285 290 295 299 296 288 273 263 257 258 275 289 291 288 284 281 278 276 274
271 273 280 288 292 289 288 296 302 302 302 296 290 287 285 284 283 283 283 283 282 280 279 279 279 279 277 275 273 273 274 275 274 271 266 262 259 260 262 262 261 262 263 265 267 269 270 270 271 274 278 279 278 276 274 272 272 271 271 271 271 271 272 272 272 272 273 273 274 275 276 277 278 280 282 284 287 292 297 301 303 290 271 268 281 291 291 290 287 283 279 276 273 271
277 284 290 290 286 276 273 275 277 281 286 288 286 283 282 281 281 281 282 283 283 282 280 280 282 281 278 277 274 272 272 272 271 270 269 266 263 262 262 262 261 261 263 264 265 266 268 270 271 271 272 274 277 276 274 272 271 271 271 271 271 271 271 272 272 272 272 273 273 274 275 276 278 279 281 283 286 290 296 303 314 313 289 287 294 294 290 287 285 282 278 275 272 270
