windninja/windninja_output/Output_2025-10-23_1400-1450_Google earth_Fire_150m_10min/merlingen_7.5mi_point_10-23-2025_1410_150m_vel.asc
ncols	158
nrows	163
xllcorner	391686.332397
yllcorner	5160024.123721
cellsize	150.000000
NODATA_value	-32768.000000
[rows 74 to 110 of 163, columns 0 to 83 of 158]
7.62 6.96 5.73 4.94 4.86 4.85 4.64 4.56 4.48 4.25 4.22 4.31 4.24 4.16 4.09 4.02 4.00 4.06 4.10 4.13 4.32 4.61 4.77 4.70 4.27 3.89 4.12 4.84 5.66 6.12 5.98 5.66 5.44 4.98 4.25 3.73 3.60 3.57 3.59 3.69 3.80 3.86 3.89 3.91 3.90 3.90 3.88 3.86 3.83 3.80 3.76 3.72 3.68 3.64 3.59 3.55 3.50 3.45 3.40 3.33 3.26 3.19 3.11 3.02 2.92 2.80 2.67 2.50 2.28 2.02 1.69 1.47 1.51 1.79 2.24 2.71 3.09 3.41 3.56 3.82 4.46 5.00 5.36 5.98
8.88 8.00 6.42 5.27 4.88 4.89 4.61 4.36 4.29 4.06 3.95 4.00 3.97 3.95 3.93 3.87 3.87 3.97 4.03 3.98 4.01 4.17 4.34 4.42 4.18 3.80 3.88 4.38 5.14 5.83 5.98 5.77 5.65 5.40 4.78 4.16 3.82 3.69 3.61 3.61 3.71 3.83 3.88 3.91 3.92 3.91 3.90 3.88 3.86 3.83 3.80 3.77 3.73 3.70 3.66 3.62 3.58 3.54 3.50 3.44 3.38 3.32 3.25 3.18 3.09 2.99 2.88 2.74 2.61 2.47 2.30 2.11 1.94 1.85 1.96 2.33 2.76 3.20 3.57 3.87 4.42 4.91 5.29 5.65
10.08 9.15 7.39 5.89 5.16 4.98 4.51 4.08 3.98 3.82 3.72 3.73 3.71 3.73 3.73 3.68 3.68 3.78 3.90 3.93 3.95 4.04 4.15 4.24 4.10 3.77 3.73 3.98 4.45 5.27 5.84 5.82 5.65 5.53 5.01 4.32 3.93 3.74 3.64 3.59 3.63 3.77 3.87 3.90 3.92 3.92 3.91 3.89 3.87 3.85 3.82 3.79 3.76 3.74 3.71 3.68 3.65 3.62 3.58 3.53 3.48 3.43 3.38 3.31 3.23 3.14 3.04 2.93 2.83 2.74 2.63 2.48 2.30 2.06 1.90 1.99 2.28 2.75 3.33 3.77 3.99 4.26 4.85 5.11
11.11 10.11 8.44 7.00 5.89 5.17 4.40 3.86 3.65 3.48 3.40 3.41 3.48 3.56 3.55 3.50 3.48 3.57 3.69 3.79 3.85 3.94 4.03 4.11 4.08 3.95 3.88 3.85 3.88 4.39 5.30 5.81 5.74 5.68 5.46 4.72 4.20 3.93 3.68 3.56 3.57 3.71 3.85 3.90 3.93 3.93 3.92 3.90 3.87 3.84 3.82 3.80 3.78 3.76 3.74 3.73 3.70 3.68 3.64 3.61 3.57 3.52 3.47 3.41 3.34 3.27 3.18 3.10 3.01 2.92 2.82 2.69 2.54 2.34 2.11 1.96 1.99 2.27 2.74 3.22 3.52 3.81 4.47 4.95
12.28 10.52 8.95 8.68 7.31 5.53 4.28 3.60 3.32 3.07 2.95 3.05 3.25 3.41 3.43 3.37 3.34 3.39 3.49 3.62 3.73 3.82 3.90 3.90 3.90 4.11 4.28 4.09 3.80 3.86 4.59 5.56 5.91 5.90 5.85 5.39 4.71 4.32 3.97 3.59 3.43 3.59 3.80 3.88 3.92 3.93 3.92 3.89 3.86 3.82 3.79 3.78 3.77 3.76 3.75 3.75 3.74 3.72 3.70 3.67 3.64 3.60 3.55 3.50 3.44 3.38 3.30 3.23 3.15 3.06 2.95 2.84 2.73 2.58 2.38 2.16 2.04 2.10 2.30 2.67 3.26 3.75 4.37 5.12
12.85 10.76 9.20 10.69 9.48 6.53 4.22 3.16 2.91 2.58 2.39 2.69 3.05 3.27 3.35 3.31 3.29 3.28 3.30 3.44 3.60 3.71 3.79 3.68 3.55 3.93 4.53 4.54 4.15 3.83 4.11 4.99 5.70 5.97 5.94 5.65 5.21 4.85 4.53 3.94 3.38 3.39 3.65 3.78 3.84 3.88 3.87 3.84 3.80 3.75 3.72 3.71 3.72 3.74 3.75 3.76 3.76 3.75 3.74 3.72 3.69 3.66 3.63 3.58 3.53 3.47 3.41 3.34 3.26 3.18 3.08 2.98 2.89 2.78 2.63 2.44 2.25 2.14 2.13 2.33 3.05 3.77 4.52 5.48
11.85 10.61 9.90 10.53 10.54 7.93 3.77 2.35 2.36 2.09 1.97 2.39 2.93 3.19 3.27 3.26 3.26 3.23 3.16 3.26 3.46 3.61 3.70 3.54 3.27 3.56 4.29 4.64 4.49 4.05 3.94 4.44 5.19 5.89 6.22 5.95 5.44 5.24 5.15 4.70 3.82 3.41 3.56 3.65 3.70 3.76 3.78 3.77 3.69 3.58 3.53 3.56 3.61 3.67 3.72 3.75 3.77 3.78 3.77 3.75 3.73 3.71 3.68 3.64 3.60 3.55 3.49 3.43 3.36 3.28 3.20 3.11 3.03 2.95 2.83 2.68 2.49 2.28 2.15 2.27 2.98 3.89 4.62 5.33
10.24 9.53 8.83 9.25 9.90 8.54 5.25 3.48 2.89 2.42 2.14 2.41 2.94 3.22 3.27 3.21 3.20 3.19 3.08 3.10 3.29 3.48 3.59 3.45 3.15 3.30 3.90 4.31 4.46 4.26 4.00 4.14 4.58 5.31 6.11 6.40 5.91 5.45 5.44 5.36 4.74 4.04 3.88 3.80 3.68 3.61 3.57 3.60 3.60 3.33 3.09 3.18 3.39 3.56 3.67 3.73 3.77 3.78 3.78 3.78 3.76 3.74 3.72 3.69 3.66 3.61 3.56 3.51 3.44 3.38 3.30 3.22 3.14 3.07 2.96 2.84 2.70 2.55 2.45 2.57 3.10 3.88 4.51 4.85
10.53 9.24 8.16 8.80 8.77 7.63 6.29 5.18 4.15 3.44 2.84 2.78 3.08 3.31 3.37 3.25 3.18 3.18 3.05 2.97 3.09 3.28 3.42 3.32 3.07 3.24 3.70 3.98 4.21 4.27 4.08 3.97 4.02 4.35 5.05 5.85 6.11 5.77 5.53 5.49 5.31 4.93 4.69 4.59 4.39 4.18 3.98 3.98 4.13 3.81 3.22 2.96 3.05 3.32 3.57 3.71 3.77 3.78 3.79 3.78 3.78 3.76 3.75 3.72 3.70 3.67 3.62 3.58 3.52 3.46 3.39 3.31 3.23 3.17 3.09 2.98 2.87 2.75 2.69 2.77 3.04 3.52 4.23 4.78
11.89 9.77 8.37 8.86 8.35 7.35 6.32 5.47 4.81 4.06 3.35 3.11 3.22 3.37 3.43 3.29 3.22 3.20 3.04 2.89 2.92 3.02 3.20 3.13 2.90 3.16 3.66 3.86 4.03 4.22 4.19 4.07 4.02 4.10 4.35 4.80 5.34 5.53 5.45 5.31 5.21 5.13 5.10 5.21 5.29 5.26 5.12 5.03 5.14 5.11 4.68 3.94 3.40 3.32 3.51 3.69 3.77 3.79 3.79 3.78 3.78 3.77 3.76 3.75 3.73 3.70 3.67 3.63 3.58 3.52 3.46 3.39 3.31 3.25 3.18 3.09 2.99 2.88 2.80 2.77 2.85 3.12 3.95 4.99
11.65 10.31 8.81 8.95 8.72 7.74 6.29 5.26 4.83 4.24 3.69 3.37 3.33 3.53 3.57 3.39 3.28 3.30 3.13 2.90 2.82 2.79 2.92 2.97 2.70 2.81 3.43 3.78 3.91 4.16 4.29 4.29 4.32 4.40 4.48 4.56 4.75 4.92 4.97 4.93 4.83 4.76 4.72 4.76 4.87 4.94 4.89 4.77 4.78 4.94 5.04 4.86 4.36 3.81 3.62 3.69 3.75 3.78 3.78 3.77 3.76 3.76 3.76 3.75 3.74 3.73 3.70 3.67 3.63 3.58 3.52 3.45 3.37 3.30 3.24 3.17 3.08 2.99 2.93 2.91 2.97 3.19 3.78 4.72
11.63 10.63 9.13 8.79 8.79 7.93 6.31 5.33 4.95 4.38 3.86 3.53 3.41 3.61 3.80 3.68 3.45 3.46 3.31 3.02 2.82 2.63 2.59 2.68 2.55 2.44 2.92 3.48 3.72 3.92 4.13 4.29 4.39 4.64 4.97 5.02 4.97 4.94 4.74 4.51 4.40 4.41 4.44 4.43 4.43 4.44 4.40 4.30 4.14 4.01 4.09 4.32 4.37 4.06 3.75 3.70 3.73 3.73 3.74 3.73 3.73 3.73 3.74 3.75 3.75 3.74 3.73 3.70 3.67 3.62 3.56 3.50 3.43 3.36 3.29 3.23 3.15 3.09 3.06 3.10 3.25 3.51 3.90 4.53
12.50 11.21 9.27 8.61 8.58 7.97 6.45 5.68 5.37 4.67 4.02 3.69 3.58 3.63 3.91 3.94 3.75 3.73 3.57 3.27 2.93 2.61 2.46 2.35 2.16 2.20 2.67 3.24 3.62 3.73 3.83 4.08 4.19 4.42 5.06 5.55 5.70 5.74 5.43 4.78 4.21 4.01 4.21 4.46 4.58 4.58 4.56 4.48 4.21 3.79 3.55 3.66 3.89 3.93 3.78 3.67 3.67 3.66 3.66 3.66 3.67 3.69 3.71 3.73 3.74 3.74 3.73 3.72 3.69 3.65 3.59 3.53 3.47 3.40 3.33 3.27 3.21 3.15 3.11 3.13 3.28 3.63 4.17 4.74
13.79 11.69 9.39 8.58 8.11 7.91 6.99 6.26 6.02 5.37 4.33 3.88 3.78 3.66 3.97 4.10 4.02 4.16 4.03 3.69 3.21 2.77 2.64 2.31 1.75 2.02 2.76 3.33 3.72 3.84 3.77 3.89 3.93 3.85 4.25 5.00 5.64 6.18 6.42 6.00 5.05 4.19 3.96 4.29 4.67 4.83 4.83 4.75 4.55 4.05 3.53 3.35 3.47 3.64 3.65 3.56 3.50 3.47 3.48 3.52 3.55 3.60 3.65 3.70 3.73 3.74 3.74 3.73 3.70 3.67 3.62 3.56 3.50 3.43 3.36 3.29 3.23 3.14 3.05 2.97 3.02 3.30 3.71 4.13
14.66 12.12 9.35 8.45 7.68 7.72 7.79 7.31 6.81 6.23 4.95 4.15 3.93 3.76 4.09 4.38 4.39 4.63 4.63 4.29 3.62 3.15 3.10 2.67 2.12 2.27 2.85 3.43 3.80 4.01 4.00 3.97 3.94 3.74 3.62 3.85 4.36 5.20 6.12 6.51 6.15 5.24 4.35 4.18 4.58 5.03 5.23 5.11 4.89 4.55 4.00 3.52 3.35 3.48 3.64 3.63 3.52 3.36 3.22 3.21 3.30 3.44 3.57 3.66 3.71 3.73 3.74 3.73 3.71 3.68 3.64 3.58 3.52 3.45 3.38 3.30 3.21 3.10 2.97 2.84 2.75 2.79 2.85 2.88
14.05 12.08 9.40 8.31 7.57 7.32 7.74 7.96 7.57 7.20 6.17 4.74 4.14 4.05 4.20 4.44 4.76 5.10 5.17 4.85 4.05 3.60 3.53 3.23 2.80 2.72 3.03 3.50 3.82 4.06 4.18 4.18 4.15 4.06 3.88 3.68 3.58 3.94 4.90 5.81 6.04 5.65 4.94 4.36 4.38 4.83 5.35 5.53 5.22 4.83 4.49 4.05 3.70 3.66 3.84 4.02 4.01 3.74 3.26 2.84 2.88 3.22 3.47 3.61 3.68 3.72 3.73 3.73 3.71 3.68 3.64 3.60 3.54 3.47 3.39 3.29 3.19 3.07 2.93 2.78 2.60 2.43 2.25 1.96
12.81 11.42 9.53 8.45 7.52 6.79 6.91 7.61 7.95 8.19 7.60 5.64 4.52 4.41 4.39 4.44 4.97 5.61 5.95 5.45 4.31 3.78 3.80 3.74 3.38 3.18 3.34 3.66 3.90 4.08 4.22 4.27 4.25 4.22 4.27 4.17 3.76 3.58 4.12 5.22 5.80 5.56 5.06 4.51 4.25 4.44 4.96 5.54 5.56 5.06 4.59 4.25 3.96 3.83 3.94 4.26 4.49 4.44 3.98 3.04 2.66 2.99 3.37 3.57 3.66 3.70 3.72 3.72 3.71 3.68 3.65 3.60 3.54 3.47 3.38 3.29 3.18 3.07 2.92 2.74 2.50 2.24 1.98 1.67
11.77 10.78 9.85 9.49 8.65 7.26 6.63 7.20 8.17 9.06 8.81 7.00 5.62 5.30 5.21 5.25 5.52 6.09 6.79 6.30 4.40 3.72 4.08 4.23 3.87 3.60 3.64 3.83 3.98 4.12 4.24 4.30 4.28 4.18 4.26 4.41 4.21 3.85 3.81 4.55 5.65 5.88 5.37 4.74 4.29 4.20 4.53 5.13 5.52 5.32 4.68 4.13 3.80 3.60 3.70 4.26 4.80 5.05 5.06 4.28 3.25 3.06 3.32 3.53 3.64 3.69 3.71 3.71 3.70 3.67 3.64 3.60 3.54 3.47 3.39 3.29 3.19 3.06 2.92 2.73 2.47 2.18 1.94 1.76
10.34 9.94 9.95 10.58 10.79 9.86 9.02 9.39 10.48 11.68 11.00 8.61 7.04 6.35 5.91 5.80 5.97 6.67 7.88 8.03 5.93 4.14 4.05 4.27 3.95 3.76 3.84 3.97 4.06 4.16 4.25 4.33 4.32 4.18 4.15 4.30 4.35 4.19 3.90 3.91 4.81 5.91 6.01 5.29 4.55 4.17 4.27 4.73 5.21 5.30 4.75 4.01 3.50 3.18 3.10 3.69 4.57 5.00 5.31 5.12 4.19 3.47 3.38 3.52 3.61 3.67 3.69 3.68 3.67 3.66 3.62 3.58 3.53 3.47 3.40 3.31 3.20 3.07 2.91 2.72 2.49 2.21 1.88 1.60
8.49 8.47 8.88 9.86 10.85 11.04 10.93 11.23 12.05 13.49 14.17 12.63 11.03 10.54 10.12 9.63 8.94 8.98 9.41 9.46 8.27 5.20 4.48 4.32 4.03 3.89 3.96 4.10 4.19 4.26 4.31 4.38 4.32 4.09 4.00 4.13 4.26 4.26 4.13 3.85 3.98 5.14 6.30 6.11 5.14 4.47 4.27 4.54 5.08 5.35 5.04 4.09 3.20 2.93 2.64 2.62 3.37 4.04 4.48 4.74 4.38 3.74 3.49 3.52 3.57 3.62 3.65 3.65 3.65 3.63 3.60 3.56 3.52 3.46 3.39 3.31 3.21 3.09 2.95 2.77 2.55 2.29 1.94 1.53
6.93 7.18 7.62 8.22 8.97 9.12 9.05 8.79 8.65 10.46 13.33 14.12 13.71 13.35 13.19 12.68 11.89 11.12 10.85 10.53 9.01 7.25 5.99 4.98 4.31 4.06 4.07 4.18 4.34 4.45 4.50 4.58 4.42 3.97 3.77 3.96 4.17 4.20 4.16 3.95 3.68 4.22 5.81 6.77 6.22 5.42 4.86 4.75 5.15 5.48 5.58 4.72 3.23 2.95 2.81 2.49 2.76 3.30 3.72 4.06 4.06 3.69 3.50 3.50 3.52 3.56 3.60 3.61 3.60 3.59 3.57 3.54 3.50 3.46 3.39 3.31 3.21 3.10 2.97 2.83 2.65 2.43 2.14 1.81
5.45 6.14 6.94 7.30 7.84 7.65 6.87 5.74 4.82 5.89 8.26 9.92 9.74 8.36 8.15 9.00 10.49 11.08 11.93 10.73 8.87 8.35 6.88 5.36 4.34 4.02 4.05 4.17 4.36 4.65 4.91 5.03 4.80 4.16 3.69 3.80 4.06 4.12 4.08 3.90 3.52 3.49 4.62 6.30 6.96 6.76 6.23 5.77 5.70 5.82 6.06 5.62 4.13 3.40 3.27 3.00 2.93 3.14 3.34 3.62 3.76 3.55 3.42 3.45 3.45 3.48 3.51 3.54 3.56 3.55 3.53 3.51 3.47 3.43 3.38 3.31 3.23 3.13 3.01 2.87 2.72 2.55 2.36 2.12
3.90 5.02 6.35 6.97 7.75 7.74 6.79 5.14 3.60 3.26 4.49 5.95 6.08 5.85 6.03 7.58 8.91 11.11 12.55 9.73 8.20 8.46 7.36 5.57 4.13 3.68 3.78 4.05 4.26 4.54 5.09 5.41 5.26 4.59 3.87 3.75 3.94 4.00 3.95 3.82 3.41 3.00 3.46 4.78 6.04 6.73 6.96 6.81 6.57 6.44 6.42 6.19 5.15 4.08 3.78 3.51 3.20 3.15 3.13 3.25 3.43 3.38 3.31 3.34 3.35 3.38 3.42 3.47 3.50 3.50 3.48 3.47 3.44 3.40 3.36 3.30 3.22 3.14 3.05 2.93 2.81 2.66 2.51 2.37
3.23 4.06 5.62 6.35 7.27 7.82 7.38 6.10 4.50 3.57 3.87 4.03 4.14 5.20 6.03 7.52 8.92 11.12 12.52 10.41 8.82 8.69 8.41 6.27 4.00 3.31 3.51 3.90 4.16 4.31 4.75 5.19 5.33 4.93 4.21 3.86 3.87 3.86 3.75 3.65 3.40 2.89 2.80 3.61 4.58 5.28 5.96 6.39 6.43 6.37 6.27 6.22 5.65 4.68 4.26 4.05 3.62 3.28 3.12 3.08 3.08 3.10 3.11 3.15 3.20 3.25 3.31 3.37 3.43 3.44 3.42 3.41 3.40 3.37 3.34 3.28 3.22 3.15 3.06 2.97 2.88 2.77 2.65 2.54
2.62 2.89 4.63 5.13 5.97 6.91 7.04 6.66 5.85 4.82 4.19 3.66 3.52 4.39 6.03 7.67 9.23 10.39 9.73 9.94 9.84 9.49 9.44 7.09 4.29 3.57 3.74 3.93 4.15 4.44 4.74 4.91 5.08 5.00 4.52 4.14 4.02 3.85 3.54 3.36 3.26 2.90 2.59 3.05 3.87 4.31 4.84 5.60 6.02 6.07 5.93 5.96 5.80 5.15 4.62 4.47 4.23 3.74 3.35 3.21 3.06 2.96 2.92 2.88 2.91 3.01 3.12 3.21 3.30 3.36 3.36 3.35 3.36 3.33 3.30 3.26 3.20 3.15 3.08 3.00 2.92 2.84 2.76 2.67
1.83 2.07 3.94 4.45 4.99 5.37 5.46 5.94 5.99 5.36 4.89 4.33 3.80 4.28 5.98 8.08 9.30 8.75 7.74 8.14 9.40 10.07 9.87 8.25 5.69 4.67 4.40 4.26 4.33 4.68 4.94 4.92 4.91 4.85 4.59 4.38 4.28 4.09 3.59 3.12 2.95 2.78 2.48 2.70 3.56 4.27 4.73 5.37 5.88 6.03 5.96 5.82 5.81 5.63 5.13 4.80 4.66 4.36 3.79 3.44 3.36 3.27 3.13 2.90 2.71 2.68 2.80 2.97 3.13 3.25 3.28 3.28 3.29 3.28 3.25 3.22 3.17 3.12 3.07 3.01 2.95 2.88 2.82 2.77
2.16 2.67 4.08 4.63 4.86 4.95 5.05 5.41 5.60 5.31 5.24 4.82 4.30 4.68 5.81 7.62 8.98 8.06 6.71 6.96 8.22 9.38 9.53 7.97 6.25 5.42 5.06 4.74 4.62 4.89 5.16 5.17 4.99 4.76 4.48 4.32 4.31 4.26 3.94 3.19 2.67 2.55 2.33 2.32 3.10 4.11 4.74 5.18 5.62 5.92 6.07 5.90 5.74 5.85 5.72 5.34 5.05 4.92 4.40 3.73 3.58 3.69 3.72 3.45 3.00 2.66 2.59 2.67 2.88 3.10 3.19 3.20 3.21 3.21 3.19 3.16 3.13 3.09 3.04 2.99 2.94 2.90 2.86 2.82
3.13 3.52 4.47 4.95 4.96 5.03 5.18 5.30 5.33 5.23 5.25 4.99 4.61 5.01 5.95 7.23 8.62 8.01 6.45 7.17 8.35 8.87 8.65 7.70 6.57 5.82 5.47 5.17 4.93 5.08 5.46 5.56 5.32 4.99 4.54 4.17 4.08 4.16 4.15 3.48 2.59 2.32 2.16 1.98 2.46 3.53 4.46 4.90 5.22 5.61 5.97 6.03 5.81 5.75 5.82 5.66 5.43 5.44 5.14 4.32 3.75 3.72 3.96 4.04 3.68 3.11 2.78 2.61 2.64 2.88 3.04 3.05 3.06 3.10 3.11 3.10 3.07 3.02 2.98 2.95 2.92 2.88 2.86 2.84
4.11 4.29 4.82 5.16 5.15 5.20 5.33 5.33 5.26 5.20 5.17 4.99 4.59 4.76 5.93 7.39 8.46 8.29 7.45 8.15 9.18 8.37 8.00 7.87 7.10 6.38 5.93 5.51 5.19 5.32 5.77 5.97 5.79 5.44 4.86 4.25 3.95 4.02 4.10 3.62 2.69 2.17 2.03 1.79 1.91 2.85 4.05 4.75 5.06 5.39 5.71 5.97 5.95 5.88 5.91 5.70 5.58 5.67 5.65 5.20 4.42 4.00 4.06 4.28 4.21 3.68 3.18 2.88 2.71 2.80 2.93 2.87 2.81 2.89 2.97 2.98 2.97 2.94 2.90 2.88 2.86 2.83 2.81 2.81
5.11 5.09 5.21 5.35 5.37 5.44 5.47 5.40 5.31 5.20 5.10 4.92 4.36 4.08 4.68 6.10 7.66 7.82 7.53 8.81 9.75 8.77 8.26 8.14 7.54 7.07 6.75 6.08 5.52 5.70 6.03 6.22 6.27 5.93 5.34 4.65 4.15 4.00 3.95 3.62 2.83 2.17 1.92 1.67 1.52 2.01 3.15 4.20 4.80 5.25 5.53 5.78 5.86 5.87 6.10 6.04 5.81 5.74 5.77 5.68 5.24 4.71 4.49 4.58 4.62 4.24 3.66 3.27 3.09 3.13 3.23 2.98 2.62 2.59 2.72 2.78 2.78 2.76 2.75 2.75 2.74 2.74 2.75 2.75
5.81 5.70 5.63 5.65 5.62 5.64 5.59 5.48 5.38 5.28 5.11 4.83 4.29 3.94 4.09 4.88 6.50 7.04 7.08 8.41 9.19 9.13 8.99 8.58 7.97 7.73 7.78 7.18 6.35 6.36 6.32 6.35 6.58 6.36 5.86 5.29 4.60 4.09 3.84 3.55 2.93 2.27 1.88 1.62 1.36 1.44 2.17 3.20 4.11 4.91 5.40 5.66 5.79 5.69 5.76 6.00 6.07 6.00 5.90 5.75 5.47 5.08 4.79 4.83 4.93 4.75 4.26 3.80 3.59 3.68 3.89 3.68 2.98 2.51 2.46 2.51 2.49 2.45 2.48 2.53 2.56 2.58 2.62 2.66
6.29 6.08 5.93 6.00 6.01 5.90 5.73 5.56 5.50 5.55 5.37 4.96 4.56 4.24 4.23 4.71 5.77 6.45 6.78 7.48 7.96 8.46 8.98 8.84 8.46 8.40 8.66 8.34 7.68 7.45 6.96 6.74 6.69 6.56 6.37 6.03 5.27 4.33 3.81 3.45 2.96 2.32 1.91 1.66 1.32 1.13 1.49 2.30 3.23 4.29 5.18 5.61 5.89 5.97 5.72 5.62 5.83 6.06 6.16 6.01 5.65 5.31 5.03 4.91 4.94 4.95 4.65 4.20 4.02 4.10 4.34 4.51 4.16 3.21 2.74 2.63 2.45 2.25 2.20 2.21 2.21 2.27 2.38 2.50
6.67 6.39 6.14 6.34 6.50 6.37 6.05 5.73 5.68 5.93 5.81 5.39 4.97 4.57 4.48 4.66 5.31 5.99 6.26 6.63 7.29 8.00 8.14 8.36 8.82 8.90 9.18 9.35 9.25 8.77 8.07 7.43 6.68 6.49 6.98 7.03 5.99 4.64 3.85 3.37 2.87 2.30 1.98 1.71 1.30 0.99 0.96 1.51 2.32 3.33 4.52 5.27 5.76 6.25 6.32 5.91 5.65 5.80 6.12 6.27 5.99 5.59 5.40 5.27 5.08 5.03 4.87 4.36 4.17 4.44 4.64 4.78 4.96 4.60 3.93 3.48 2.99 2.48 2.31 2.24 2.01 1.86 2.02 2.27
6.82 6.62 6.41 6.60 6.86 6.82 6.54 6.07 5.97 6.44 6.49 6.08 5.63 5.28 5.11 4.85 5.12 5.58 5.65 5.93 6.94 8.03 7.43 7.07 8.39 9.36 9.50 9.88 10.74 10.35 9.09 7.98 6.45 6.49 7.95 8.02 6.44 4.67 3.88 3.43 2.76 2.26 2.03 1.69 1.28 0.96 0.67 0.86 1.61 2.48 3.56 4.48 5.07 5.78 6.44 6.54 6.15 5.89 6.01 6.27 6.30 5.92 5.58 5.54 5.46 5.28 5.17 4.69 4.18 4.45 4.97 5.02 5.04 5.12 4.82 4.34 3.78 3.15 2.86 2.83 2.42 1.76 1.62 1.91
6.66 6.61 6.66 6.92 7.06 7.13 7.18 6.77 6.57 6.86 7.16 6.75 6.01 5.88 5.94 5.50 5.26 5.33 5.39 5.69 6.66 7.86 7.22 5.98 6.97 8.85 9.50 9.65 11.45 12.03 9.89 8.47 6.54 6.90 9.14 8.61 6.35 4.62 4.11 3.64 2.67 2.18 2.05 1.69 1.26 0.93 0.62 0.37 0.97 1.90 2.94 3.87 4.41 4.96 5.75 6.45 6.66 6.40 6.20 6.30 6.59 6.51 5.88 5.56 5.61 5.44 5.33 5.13 4.50 4.33 4.99 5.50 5.31 5.13 5.15 5.01 4.55 3.86 3.26 3.22 3.11 2.34 1.59 1.53
6.44 6.39 6.65 7.03 7.09 7.17 7.27 7.22 6.97 6.87 7.27 7.20 6.36 6.26 6.57 6.25 5.48 5.02 5.52 6.45 7.21 7.65 6.89 5.54 5.51 7.40 8.94 9.26 11.26 12.62 10.63 9.11 7.55 7.79 10.14 9.00 6.23 4.97 4.43 3.69 2.48 2.17 2.21 1.73 1.25 0.95 0.67 0.39 0.29 1.26 2.37 3.49 4.25 4.65 5.09 5.75 6.46 6.75 6.52 6.34 6.72 7.17 6.73 5.93 5.82 5.61 5.21 5.17 4.90 4.45 4.71 5.58 5.83 5.42 5.33 5.33 5.14 4.61 3.81 3.40 3.40 3.08 2.18 1.51
6.25 6.26 6.58 6.82 6.77 6.74 6.72 6.87 6.98 6.93 7.25 7.33 6.62 6.54 7.01 6.83 5.47 4.41 5.53 7.37 8.47 8.06 6.35 5.18 4.79 5.70 7.57 8.95 11.52 13.08 11.22 9.59 8.65 9.21 11.05 9.56 6.71 5.56 4.54 3.27 2.47 2.53 2.47 1.74 1.26 1.01 0.70 0.58 0.27 0.61 1.61 2.78 3.89 4.64 4.97 5.27 5.91 6.64 6.70 6.22 6.36 7.17 7.41 6.71 6.34 6.17 5.47 4.95 4.86 4.68 4.71 5.50 6.15 5.95 5.67 5.51 5.36 5.12 4.54 3.93 3.57 3.41 2.84 1.98
