windninja/windninja_output/Output_2025-10-23_1400-1450_Google earth_Fire_150m_10min/merlingen_7.5mi_point_10-23-2025_1440_150m_ang.asc
ncols	158
nrows	163
xllcorner	391686.332397
yllcorner	5160024.123721
cellsize	150.000000
NODATA_value	-32768.000000
[rows 84 to 125 of 163, columns 0 to 93 of 158]
272 276 282 277 269 265 263 260 261 266 274 280 281 278 278 279 279 280 281 283 284 284 282 281 285 285 280 276 274 272 271 270 268 267 267 267 267 266 265 264 263 264 266 267 267 268 269 271 272 270 268 268 270 272 272 271 271 271 271 271 271 271 271 271 272 272 272 272 273 274 275 276 277 278 280 282 285 289 295 304 322 330 319 304 295 292 288 283 282 281 278 275 272 269
266 265 265 264 261 257 251 250 256 265 273 277 276 275 275 275 277 277 279 282 283 284 285 285 287 287 282 276 275 274 271 269 267 264 263 264 265 266 266 267 268 267 267 267 268 269 270 271 272 272 270 268 266 267 270 271 271 271 271 271 271 271 271 271 271 272 272 272 273 273 274 275 276 278 280 282 284 288 294 304 323 335 332 312 295 290 285 282 280 280 278 276 273 270
264 262 260 260 257 252 246 247 257 267 272 272 273 273 272 271 272 273 275 278 281 283 284 287 289 289 283 278 276 274 272 269 268 266 264 262 261 261 263 267 270 270 268 266 266 267 268 270 271 273 272 270 267 267 268 270 271 271 271 272 272 272 271 271 271 271 272 272 272 273 274 275 276 277 279 281 284 288 293 303 322 334 332 311 294 286 283 281 279 277 276 275 276 276
265 262 259 258 254 249 247 251 259 265 267 267 270 270 268 267 266 267 269 273 276 278 281 288 297 296 285 279 275 272 271 271 270 271 269 265 260 258 258 260 265 269 269 267 265 265 266 268 269 270 271 271 270 268 269 270 271 272 273 273 273 272 272 271 271 271 271 272 272 273 273 274 275 277 278 280 283 287 293 302 317 329 327 311 293 284 281 279 277 275 276 278 281 281
266 264 261 259 254 249 248 251 255 258 261 266 269 268 265 262 259 261 264 269 274 277 285 295 305 303 285 276 272 270 269 270 270 271 272 271 267 262 259 258 259 262 266 267 265 264 264 265 266 266 268 270 271 270 269 270 271 273 274 275 275 273 272 272 271 271 271 271 272 272 273 274 275 276 278 280 283 286 291 298 309 321 322 310 296 285 279 276 276 277 279 282 281 276
268 267 265 260 256 252 250 249 248 250 258 266 267 264 261 255 253 257 263 269 276 285 293 298 304 296 279 272 270 268 267 268 268 269 270 272 273 269 264 260 259 260 262 265 266 264 262 262 264 265 266 268 270 270 269 267 267 269 274 279 279 275 273 272 271 271 271 271 271 272 273 273 274 276 277 279 282 285 289 294 302 312 315 308 297 289 281 277 278 280 281 279 273 266
268 266 261 256 256 255 251 247 243 247 256 263 261 258 254 251 251 254 261 272 285 295 297 291 276 267 268 268 267 266 266 267 267 267 267 269 271 271 268 263 261 261 262 264 266 266 263 262 262 264 266 268 270 271 269 265 263 265 272 280 282 277 273 271 271 271 271 271 271 272 272 273 274 275 277 278 281 283 287 291 297 304 309 306 299 294 289 283 282 282 278 270 266 264
264 260 252 249 251 253 250 245 240 246 253 254 249 247 247 247 250 252 258 273 291 300 290 262 239 244 259 263 264 265 266 266 267 267 268 267 268 270 270 266 260 259 260 263 266 266 265 263 262 264 267 270 272 273 269 264 263 267 270 274 278 276 273 271 270 270 270 271 271 271 272 273 273 275 276 278 279 282 284 288 292 298 303 304 300 298 294 289 285 281 272 264 265 265
261 256 248 245 245 244 242 235 230 237 245 245 239 240 243 247 251 253 261 272 283 287 258 236 225 237 254 260 262 264 265 266 267 268 269 268 267 268 270 269 263 257 257 261 265 266 266 264 263 265 268 272 275 276 275 272 271 271 268 265 267 271 271 270 270 270 270 270 271 271 272 272 273 274 275 277 278 280 283 285 288 292 297 300 298 296 293 289 283 275 263 262 266 266
262 258 251 247 246 244 240 229 220 229 235 233 226 225 228 237 246 254 265 268 259 227 219 221 222 238 252 258 261 263 264 266 268 270 270 269 267 267 268 269 266 258 255 258 261 264 265 264 264 265 268 275 279 278 279 282 277 272 267 263 262 265 269 269 270 270 270 270 270 271 271 272 273 274 275 276 277 279 281 283 285 288 291 294 294 291 288 284 277 267 262 264 267 266
261 258 253 252 254 252 246 233 221 231 236 231 224 221 222 234 243 252 259 253 234 214 210 216 224 241 252 257 259 260 262 266 270 273 272 269 268 268 268 268 267 262 256 254 255 258 262 264 264 265 268 274 279 276 277 281 279 274 269 266 264 265 267 269 269 270 270 270 270 271 271 272 272 273 274 275 276 278 279 281 283 284 286 288 288 287 285 280 274 268 267 267 267 268
259 256 253 256 257 254 248 241 240 248 249 242 236 235 238 249 250 255 254 241 225 220 219 226 235 247 254 257 257 257 260 266 270 272 272 271 270 270 269 269 269 267 261 254 251 252 256 260 263 266 268 268 268 269 272 275 277 275 272 269 266 266 267 269 270 270 270 270 270 271 271 272 272 273 273 274 275 276 278 279 280 281 283 283 284 283 281 278 274 272 270 269 269 268
258 257 255 255 253 247 242 241 250 264 265 256 249 247 254 259 259 261 253 229 223 228 232 242 250 256 257 257 258 260 263 265 266 267 270 271 272 271 271 270 272 273 269 261 256 253 254 258 262 265 264 259 257 261 266 271 274 274 273 271 269 267 268 270 270 270 270 270 271 271 271 271 272 272 273 274 275 276 276 278 279 279 280 280 280 280 278 277 275 273 271 270 270 269
260 259 257 254 250 245 240 239 245 255 261 258 255 253 259 262 265 263 248 226 223 232 242 255 263 263 260 259 261 265 267 266 264 264 267 271 273 274 274 273 273 276 275 270 265 262 260 261 263 262 258 255 255 257 262 266 269 272 272 272 271 270 270 271 271 271 271 271 271 271 271 271 272 272 273 273 274 275 276 276 277 278 278 278 278 278 277 276 274 273 272 271 270 269
261 261 258 256 255 250 245 242 243 246 250 256 263 266 267 268 267 258 241 230 227 236 249 260 263 256 255 259 263 266 268 267 266 265 267 270 274 276 278 277 276 277 279 275 270 268 267 265 263 259 256 255 255 256 260 262 265 268 270 271 271 271 273 274 274 273 273 272 272 271 271 271 272 272 272 273 274 274 275 275 276 276 277 277 277 276 275 275 274 273 272 271 270 270
261 261 259 259 261 259 256 253 249 247 249 253 258 266 269 266 260 250 239 232 233 243 254 257 248 240 249 258 262 265 267 268 269 269 269 272 274 276 280 282 281 280 282 278 272 269 268 265 261 258 256 256 255 255 258 260 262 264 267 268 268 269 271 274 276 276 275 274 272 271 271 271 272 272 272 273 273 274 274 275 275 276 276 276 276 275 275 274 273 272 271 271 270 270
258 258 258 260 260 258 258 258 254 251 251 250 252 259 263 259 256 252 243 238 247 258 259 248 234 237 248 256 261 263 266 268 271 274 276 276 276 276 279 284 287 285 285 283 276 269 266 264 260 257 256 255 255 254 255 257 258 260 263 266 266 266 267 270 274 277 277 276 274 272 272 272 272 272 273 273 273 274 274 275 275 275 275 275 275 274 274 273 273 272 271 271 270 269
257 258 259 258 256 255 255 256 255 253 252 250 248 248 249 250 251 251 246 251 263 266 255 239 236 243 250 255 259 262 265 269 273 278 282 283 281 280 280 284 290 290 289 288 281 272 266 264 261 258 256 254 254 255 255 255 255 257 259 262 265 265 265 266 269 274 276 277 275 273 272 272 273 273 273 273 273 274 274 275 275 275 275 275 274 274 274 273 272 272 271 271 270 269
258 258 259 256 254 254 255 255 254 253 252 250 247 242 242 245 248 248 247 256 262 254 242 239 241 246 252 256 259 263 266 270 274 278 283 287 288 287 285 286 291 294 293 293 289 277 268 263 260 258 256 254 254 254 255 255 255 256 255 257 260 263 264 264 266 269 272 273 273 272 272 274 275 274 274 274 274 274 275 275 275 275 275 275 274 274 273 273 272 272 271 270 270 269
257 257 256 255 254 254 255 254 254 254 253 253 251 251 253 253 252 251 252 256 252 238 237 242 244 246 251 258 261 265 269 271 273 277 282 287 293 293 291 290 293 297 298 297 297 287 274 265 259 257 255 255 254 253 253 253 254 254 254 255 256 259 260 262 263 265 267 268 267 268 270 274 277 276 275 275 275 275 276 276 276 276 276 275 275 274 273 273 272 272 271 270 270 269
256 255 254 254 254 255 255 255 255 256 258 259 261 266 270 269 263 259 258 255 244 236 239 243 243 244 250 256 261 266 271 272 273 276 279 284 291 296 295 294 296 300 302 302 303 297 283 271 262 257 255 255 255 255 254 253 251 252 253 255 256 256 258 260 261 261 262 262 262 263 265 268 273 277 277 277 278 278 278 278 277 277 277 276 275 275 274 273 272 272 271 270 270 269
255 254 252 252 253 255 256 255 255 257 261 264 269 273 276 275 270 264 259 252 245 242 243 242 241 244 249 253 258 264 269 272 275 275 276 281 289 296 299 300 300 303 305 306 308 305 293 279 267 259 256 254 253 253 254 254 252 251 252 253 254 254 256 259 259 259 259 259 258 260 261 261 264 270 273 276 280 281 280 280 280 280 279 277 276 275 274 273 273 272 271 270 270 269
253 252 250 249 251 252 253 253 254 257 260 264 268 271 273 273 269 263 257 249 246 248 247 241 240 243 246 249 254 262 267 273 275 272 272 280 289 297 301 303 304 306 307 308 312 311 304 288 275 265 258 254 251 249 250 251 252 252 251 251 252 253 255 257 258 258 258 257 256 256 258 258 258 261 267 272 276 279 278 280 284 285 283 280 278 276 275 274 273 272 271 271 270 269
251 249 246 247 249 250 251 252 252 254 257 258 259 260 263 266 265 261 256 249 247 250 251 243 240 241 243 244 250 260 267 272 272 266 270 281 291 296 298 302 307 308 308 310 314 317 315 301 284 272 263 257 253 250 248 247 249 250 251 250 250 252 254 255 255 255 255 255 255 254 254 256 258 260 263 267 271 275 277 278 282 287 287 283 280 278 276 275 273 272 272 271 270 269
248 245 243 246 247 247 248 248 249 251 252 253 252 252 255 259 261 258 252 249 250 254 255 247 240 239 242 241 245 257 265 268 266 260 271 284 290 291 293 299 308 310 309 312 316 319 322 315 295 276 265 259 256 253 249 246 246 247 249 248 248 250 253 254 254 254 253 253 253 253 252 254 258 260 261 263 266 271 276 276 276 281 288 288 284 280 277 275 274 273 272 271 270 270
246 244 244 246 247 248 247 247 248 249 250 249 248 248 252 257 259 251 243 246 253 259 258 251 243 240 240 239 245 256 261 262 261 260 271 282 285 286 292 298 303 305 308 316 320 321 326 329 311 284 267 258 254 252 250 248 246 246 247 246 245 247 249 250 251 253 253 253 252 252 251 253 256 259 261 262 264 267 271 273 273 276 283 290 288 283 279 276 274 273 272 272 271 271
243 243 247 251 252 252 251 250 249 248 248 249 247 247 252 258 258 244 235 241 252 261 262 256 250 245 241 239 245 254 259 259 256 258 268 278 282 286 292 294 290 292 302 315 323 324 329 339 330 299 275 260 252 249 249 248 246 246 247 246 245 246 246 245 247 250 253 254 252 250 251 253 256 257 259 261 262 263 265 269 272 274 278 285 288 286 281 278 275 274 273 272 272 272
242 245 250 253 253 252 251 250 249 247 247 249 250 250 254 259 258 236 229 238 247 258 266 261 254 251 248 243 243 247 253 257 255 255 264 274 281 287 290 285 282 283 288 303 319 326 333 346 346 320 285 264 252 249 248 247 245 246 247 246 246 246 244 243 243 246 249 252 253 252 252 255 256 256 257 259 260 260 261 266 270 273 275 279 284 285 282 279 276 274 273 273 273 273
246 249 251 251 251 250 248 247 247 245 243 247 252 253 255 259 257 231 224 233 240 250 260 260 252 256 260 258 249 244 246 252 254 258 267 274 279 283 283 278 278 275 275 286 309 327 336 348 355 344 305 267 252 249 248 246 244 244 245 244 244 244 244 243 242 243 244 246 249 252 254 256 256 255 255 257 258 258 258 261 266 271 274 276 279 280 278 276 274 272 274 276 277 275
246 248 250 250 250 250 249 247 244 241 240 246 251 252 254 258 257 229 218 226 233 242 250 254 250 258 264 267 263 250 243 246 252 263 272 277 276 273 270 267 264 262 268 279 296 320 335 343 356 0 344 284 251 247 246 245 243 242 243 243 242 241 242 244 243 242 242 242 243 246 250 254 256 254 253 255 257 258 258 257 260 267 271 272 274 274 271 269 269 270 276 281 280 276
242 243 246 248 248 248 249 248 243 240 243 249 250 247 249 257 260 235 206 223 229 235 241 246 249 255 258 260 263 260 247 244 250 262 273 277 272 266 260 252 245 251 262 270 277 290 317 334 349 5 12 359 251 243 243 243 242 242 242 242 240 238 239 242 242 241 240 240 241 242 244 249 253 254 252 253 255 258 258 256 258 261 264 266 268 267 264 264 266 272 278 282 279 273
237 239 242 244 245 244 244 244 244 245 251 254 248 240 244 256 263 250 188 225 231 232 233 237 245 250 250 248 253 258 248 241 247 257 267 271 268 260 252 240 236 247 256 259 260 263 280 309 328 3 34 48 195 237 241 241 241 241 242 242 240 237 239 242 241 240 239 240 241 241 241 244 249 253 255 253 253 255 257 257 258 259 260 260 260 258 258 262 268 274 277 277 273 267
232 237 241 242 243 242 241 239 242 249 258 259 246 234 242 256 264 254 173 227 235 232 229 232 237 242 243 241 250 254 241 236 241 250 261 266 261 248 238 233 233 243 248 248 249 249 241 220 219 213 86 81 100 212 236 239 240 241 241 242 240 237 239 242 242 239 238 239 240 239 239 240 242 247 254 256 254 253 255 257 259 261 261 257 253 252 255 262 269 273 274 270 266 264
229 236 240 242 243 243 240 237 241 248 257 258 245 234 244 255 261 257 179 241 236 233 231 230 230 232 232 234 244 249 242 238 237 243 248 249 242 228 223 226 227 233 235 237 240 234 216 197 190 192 168 122 116 159 221 235 239 239 241 242 240 237 238 240 240 238 237 238 239 238 238 237 238 241 246 252 255 253 252 254 258 262 261 255 251 251 256 262 267 269 267 264 262 265
230 234 239 242 244 243 240 241 245 248 252 254 246 240 246 250 256 263 303 343 271 247 241 237 233 229 224 225 232 235 237 239 238 242 241 233 223 210 211 216 218 221 225 230 232 226 212 199 191 189 183 149 131 143 198 230 237 238 239 241 241 239 239 240 238 235 235 236 237 238 238 237 236 237 240 244 248 251 251 253 256 259 258 254 253 255 258 262 264 264 261 259 259 263
229 232 237 243 246 243 242 247 252 252 250 252 250 246 246 248 254 263 288 347 336 287 262 253 248 240 231 229 229 229 231 232 238 244 241 234 225 212 209 212 211 213 216 219 220 218 212 203 195 190 186 163 143 142 176 222 235 238 238 240 242 241 241 241 238 235 234 234 235 238 239 238 236 236 238 239 241 245 250 253 256 257 256 254 256 259 260 262 262 260 257 255 253 257
226 228 234 242 247 246 248 253 257 256 251 254 255 247 244 247 253 259 271 323 346 326 293 274 264 257 251 246 243 240 238 237 242 246 243 239 230 222 218 216 215 213 213 215 215 214 210 203 196 192 188 174 155 147 165 211 233 238 238 240 242 240 241 243 243 244 245 241 239 240 240 239 238 238 237 236 237 240 245 251 254 255 255 255 258 262 262 261 259 257 255 252 247 251
222 225 230 234 236 238 243 251 259 258 253 257 260 251 242 244 250 256 262 283 332 336 320 297 282 272 264 259 260 261 256 251 249 247 245 242 237 234 227 223 221 219 220 222 221 219 216 210 201 196 191 181 164 154 163 199 229 236 237 240 242 240 241 244 246 253 259 262 256 248 243 240 241 242 240 236 234 236 239 245 249 253 255 255 259 262 261 259 256 256 254 248 244 251
214 220 226 226 225 226 231 239 249 254 253 260 265 263 248 244 247 251 256 263 293 322 324 315 300 289 280 274 272 269 262 257 252 248 247 244 240 238 230 224 225 227 229 228 228 228 226 218 207 201 196 187 171 160 164 191 223 233 236 239 241 240 242 243 243 248 255 265 272 265 253 247 245 245 243 239 235 234 235 238 242 248 252 254 257 257 256 253 253 254 251 243 244 256
211 221 228 225 224 226 228 232 239 242 248 262 269 270 262 254 249 247 248 256 270 292 310 315 308 302 296 289 283 275 264 259 255 250 249 245 239 237 232 223 221 226 229 229 228 228 227 217 207 201 198 192 177 165 168 188 221 236 240 241 239 239 241 242 242 246 248 252 263 274 267 259 254 250 248 245 240 237 235 234 236 242 247 250 251 252 249 246 249 252 249 242 246 259
214 222 229 225 226 230 230 231 235 236 241 257 268 267 270 267 255 244 242 249 263 276 289 299 301 303 302 297 291 280 261 257 254 251 250 247 240 239 235 225 219 221 227 230 229 226 223 215 203 199 198 195 183 170 172 189 217 235 243 242 237 238 239 239 242 246 246 246 250 260 271 271 268 264 258 255 252 247 242 237 235 238 242 243 245 246 242 241 247 251 249 246 251 262
209 218 224 221 222 228 231 231 234 233 236 247 256 260 270 274 263 247 238 239 248 264 277 283 286 289 292 294 290 271 248 251 253 251 250 248 242 240 237 229 221 219 224 232 232 229 223 213 201 199 200 197 188 177 175 188 208 224 233 232 232 236 236 236 240 244 245 244 244 247 256 268 274 277 276 271 269 265 256 248 243 242 240 239 241 241 235 236 244 249 251 251 257 264
