windninja/windninja_output/Output_2025-10-23_1400-1450_Google earth_Fire_150m_10min/merlingen_7.5mi_point_10-23-2025_1450_150m_vel.asc
ncols	158
nrows	163
xllcorner	391686.332397
yllcorner	5160024.123721
cellsize	150.000000
NODATA_value	-32768.000000
[rows 74 to 110 of 163, columns 0 to 83 of 158]
8.38 7.96 7.05 6.43 6.57 6.80 6.70 6.71 6.63 6.23 6.08 6.08 5.87 5.69 5.61 5.50 5.46 5.58 5.63 5.55 5.67 5.92 5.99 5.83 5.12 4.56 5.11 6.21 7.23 7.72 7.41 6.98 6.85 6.43 5.63 5.14 5.11 5.13 5.17 5.25 5.32 5.37 5.41 5.44 5.45 5.45 5.45 5.44 5.42 5.40 5.37 5.35 5.31 5.27 5.23 5.19 5.15 5.09 5.03 4.96 4.88 4.81 4.72 4.62 4.49 4.34 4.18 3.99 3.85 3.71 3.47 3.26 3.02 2.62 2.57 2.88 3.01 2.97 2.77 3.19 4.79 6.85 8.71 8.96
9.40 8.81 7.64 6.73 6.61 6.88 6.71 6.49 6.36 6.03 5.87 5.84 5.70 5.61 5.56 5.43 5.36 5.47 5.53 5.46 5.48 5.65 5.76 5.75 5.27 4.66 4.92 5.69 6.62 7.40 7.48 7.16 7.07 6.88 6.14 5.45 5.21 5.19 5.15 5.11 5.19 5.31 5.37 5.42 5.44 5.45 5.45 5.45 5.44 5.42 5.39 5.36 5.33 5.29 5.26 5.21 5.17 5.12 5.07 5.00 4.93 4.86 4.77 4.67 4.55 4.42 4.28 4.13 4.02 3.85 3.59 3.29 2.96 2.54 2.38 2.61 2.60 2.53 2.58 3.23 5.30 7.34 8.19 7.51
10.10 9.61 8.47 7.26 6.86 7.03 6.68 6.23 6.11 5.88 5.71 5.64 5.51 5.50 5.48 5.31 5.21 5.33 5.42 5.39 5.38 5.47 5.56 5.62 5.30 4.74 4.89 5.45 5.96 6.78 7.38 7.32 7.18 7.16 6.63 5.80 5.42 5.29 5.15 5.03 5.05 5.20 5.32 5.39 5.42 5.45 5.46 5.45 5.44 5.42 5.40 5.37 5.34 5.30 5.27 5.23 5.18 5.14 5.09 5.03 4.97 4.90 4.82 4.72 4.62 4.50 4.37 4.24 4.11 3.93 3.69 3.41 3.13 2.72 2.41 2.38 2.20 2.00 2.29 3.73 5.75 6.85 7.10 6.36
10.58 10.11 9.21 8.24 7.60 7.22 6.54 6.07 5.94 5.72 5.55 5.38 5.32 5.40 5.36 5.18 5.07 5.17 5.24 5.24 5.27 5.34 5.44 5.45 5.14 4.86 5.15 5.49 5.53 5.95 6.85 7.39 7.31 7.30 7.13 6.24 5.66 5.46 5.18 4.99 4.92 5.06 5.27 5.35 5.41 5.45 5.46 5.46 5.44 5.43 5.40 5.37 5.34 5.30 5.27 5.23 5.19 5.15 5.10 5.05 5.00 4.93 4.86 4.77 4.68 4.57 4.45 4.32 4.18 4.01 3.79 3.54 3.30 2.98 2.58 2.31 1.98 1.65 2.11 4.03 5.70 5.80 5.80 5.82
11.04 9.84 9.30 9.91 9.10 7.58 6.49 6.03 5.94 5.62 5.22 5.03 5.11 5.24 5.22 5.06 4.98 5.00 5.02 5.05 5.14 5.24 5.35 5.20 4.75 4.92 5.58 5.70 5.43 5.32 5.98 7.05 7.38 7.38 7.40 6.82 6.03 5.69 5.42 5.05 4.77 4.90 5.19 5.31 5.39 5.45 5.47 5.47 5.45 5.43 5.39 5.36 5.32 5.28 5.25 5.22 5.19 5.16 5.12 5.07 5.02 4.96 4.89 4.81 4.72 4.62 4.51 4.39 4.25 4.09 3.88 3.66 3.44 3.18 2.81 2.42 1.96 1.59 2.04 3.79 5.10 4.79 4.92 5.56
10.69 9.20 9.08 11.86 11.85 9.31 6.97 6.00 5.94 5.38 4.65 4.59 4.84 5.03 5.07 4.97 4.91 4.85 4.77 4.84 5.00 5.16 5.28 4.94 4.32 4.73 5.77 5.98 5.57 5.05 5.30 6.38 7.12 7.45 7.51 7.10 6.41 6.01 5.90 5.40 4.69 4.69 5.08 5.26 5.35 5.44 5.48 5.49 5.47 5.43 5.38 5.31 5.27 5.24 5.22 5.20 5.18 5.15 5.12 5.08 5.03 4.98 4.92 4.85 4.77 4.68 4.57 4.45 4.32 4.16 3.97 3.76 3.56 3.34 3.01 2.62 2.12 1.72 1.98 3.16 4.04 4.00 4.39 5.14
9.03 8.47 9.25 11.43 13.12 11.51 7.28 5.53 5.46 4.70 3.93 4.05 4.55 4.82 4.92 4.87 4.81 4.71 4.56 4.64 4.88 5.06 5.16 4.77 4.08 4.44 5.59 6.03 5.75 5.14 5.06 5.78 6.52 7.22 7.64 7.33 6.57 6.26 6.35 6.00 5.01 4.63 5.00 5.20 5.29 5.41 5.46 5.52 5.53 5.44 5.30 5.22 5.18 5.16 5.16 5.16 5.15 5.14 5.11 5.08 5.04 4.99 4.94 4.87 4.80 4.72 4.62 4.51 4.38 4.23 4.06 3.85 3.66 3.46 3.17 2.82 2.38 1.93 1.92 2.44 2.86 3.28 3.80 4.39
7.18 7.68 8.94 10.91 13.23 11.51 6.23 4.18 4.27 3.73 3.25 3.55 4.26 4.65 4.80 4.76 4.66 4.60 4.47 4.48 4.72 4.92 5.01 4.66 4.00 4.29 5.31 5.76 5.74 5.39 5.15 5.43 5.87 6.54 7.36 7.61 6.95 6.44 6.53 6.47 5.70 4.98 5.13 5.30 5.34 5.42 5.40 5.51 5.73 5.56 5.16 4.98 4.98 5.02 5.07 5.10 5.12 5.12 5.10 5.08 5.04 5.00 4.95 4.89 4.83 4.75 4.67 4.56 4.44 4.30 4.13 3.93 3.75 3.55 3.30 2.99 2.61 2.14 1.91 1.85 1.87 2.52 3.28 3.72
7.96 8.20 9.44 12.06 12.45 9.02 5.75 4.23 3.54 3.22 2.88 3.29 4.06 4.52 4.73 4.65 4.53 4.56 4.46 4.38 4.55 4.75 4.87 4.54 3.94 4.27 5.12 5.41 5.53 5.50 5.32 5.33 5.46 5.82 6.49 7.17 7.25 6.80 6.61 6.54 6.13 5.62 5.52 5.67 5.68 5.65 5.50 5.58 6.02 5.88 5.22 4.81 4.68 4.78 4.92 5.02 5.08 5.09 5.08 5.07 5.04 5.00 4.96 4.91 4.85 4.78 4.70 4.61 4.50 4.36 4.21 4.02 3.83 3.65 3.42 3.14 2.78 2.33 1.94 1.54 1.21 1.71 2.73 3.34
12.17 10.42 10.13 11.31 10.10 7.79 6.03 4.75 4.03 3.51 3.11 3.42 4.00 4.44 4.68 4.57 4.50 4.58 4.49 4.37 4.45 4.55 4.69 4.43 3.87 4.20 4.97 5.16 5.27 5.47 5.46 5.37 5.39 5.58 5.89 6.36 6.82 6.83 6.65 6.40 6.08 5.83 5.74 5.90 6.03 6.05 5.90 5.88 6.24 6.29 5.77 5.11 4.66 4.55 4.73 4.94 5.05 5.08 5.08 5.05 5.03 4.99 4.96 4.91 4.86 4.80 4.73 4.65 4.54 4.41 4.27 4.10 3.91 3.73 3.53 3.26 2.92 2.49 2.02 1.46 0.84 0.97 1.97 2.96
13.52 11.81 9.95 9.84 9.23 7.99 6.18 4.94 4.51 4.00 3.68 3.72 3.96 4.42 4.69 4.59 4.51 4.65 4.59 4.44 4.43 4.38 4.43 4.37 3.93 3.96 4.66 4.97 5.05 5.34 5.45 5.40 5.43 5.61 5.87 6.13 6.40 6.52 6.43 6.18 5.89 5.69 5.62 5.70 5.88 6.00 5.99 5.99 6.11 6.15 5.98 5.68 5.19 4.69 4.66 4.88 5.02 5.06 5.06 5.04 5.01 4.98 4.94 4.91 4.86 4.82 4.75 4.68 4.58 4.46 4.33 4.17 3.99 3.81 3.62 3.38 3.05 2.64 2.15 1.50 0.70 0.55 1.18 2.50
14.81 12.83 10.21 9.67 9.49 8.36 6.39 5.29 4.97 4.50 4.13 3.91 3.95 4.39 4.76 4.74 4.57 4.77 4.77 4.58 4.47 4.30 4.24 4.32 4.03 3.70 4.15 4.69 4.92 5.11 5.21 5.31 5.32 5.55 6.08 6.34 6.42 6.50 6.32 5.98 5.67 5.53 5.55 5.62 5.77 5.92 6.02 6.10 6.00 5.73 5.55 5.56 5.45 5.03 4.78 4.88 5.01 5.04 5.04 5.02 4.99 4.96 4.92 4.89 4.86 4.82 4.77 4.70 4.62 4.51 4.39 4.24 4.07 3.89 3.71 3.48 3.18 2.78 2.30 1.62 0.75 0.45 0.88 2.67
15.96 13.57 10.46 9.63 9.41 8.52 6.68 5.84 5.66 5.05 4.37 3.97 4.06 4.32 4.76 4.87 4.73 4.96 5.00 4.82 4.58 4.32 4.31 4.36 3.92 3.38 3.69 4.37 4.83 4.90 4.87 5.10 5.09 5.17 5.92 6.48 6.66 6.87 6.76 6.24 5.62 5.27 5.36 5.64 5.88 6.04 6.22 6.32 6.12 5.61 5.20 5.14 5.23 5.14 4.95 4.93 5.01 5.02 5.01 4.99 4.95 4.91 4.89 4.86 4.84 4.81 4.77 4.72 4.65 4.55 4.44 4.30 4.15 3.98 3.80 3.58 3.30 2.93 2.46 1.82 0.99 0.72 1.16 3.25
16.57 13.65 10.59 9.61 8.88 8.41 7.27 6.53 6.42 5.79 4.59 4.11 4.28 4.25 4.70 4.93 4.84 5.25 5.37 5.20 4.80 4.41 4.63 4.64 3.58 2.75 3.31 4.15 4.69 4.81 4.74 4.92 4.93 4.81 5.23 5.91 6.40 6.99 7.38 7.11 6.24 5.36 5.08 5.42 5.89 6.23 6.45 6.51 6.36 5.80 5.14 4.87 4.91 5.02 5.04 5.00 5.00 4.98 4.95 4.91 4.87 4.84 4.82 4.82 4.81 4.80 4.78 4.73 4.67 4.59 4.49 4.37 4.23 4.06 3.88 3.68 3.42 3.10 2.68 2.13 1.45 1.27 1.73 3.26
16.34 13.63 10.54 9.34 8.23 7.99 7.94 7.48 7.09 6.55 5.19 4.47 4.40 4.19 4.59 4.92 5.01 5.59 5.90 5.79 5.15 4.77 5.28 4.78 2.90 1.96 2.97 3.98 4.51 4.78 4.84 4.91 4.96 4.85 4.84 5.10 5.44 6.16 7.11 7.55 7.17 6.21 5.30 5.19 5.68 6.29 6.71 6.73 6.54 6.11 5.46 4.94 4.73 4.86 5.05 5.10 5.11 5.04 4.88 4.78 4.71 4.68 4.71 4.75 4.78 4.78 4.77 4.74 4.69 4.62 4.53 4.42 4.30 4.15 3.98 3.79 3.57 3.29 2.95 2.50 1.98 1.77 2.23 3.45
14.99 13.12 10.33 8.89 7.92 7.52 7.89 8.09 7.68 7.43 6.56 5.10 4.40 4.27 4.46 4.73 5.24 5.99 6.49 6.46 5.71 5.50 5.51 4.14 1.97 1.70 2.81 3.85 4.38 4.72 4.93 5.02 5.07 5.05 5.01 5.00 4.89 5.16 6.13 7.13 7.31 6.76 5.90 5.30 5.42 6.02 6.70 7.02 6.76 6.28 5.82 5.27 4.84 4.80 4.96 5.21 5.38 5.39 5.16 4.70 4.35 4.39 4.56 4.67 4.74 4.77 4.77 4.75 4.71 4.65 4.58 4.48 4.36 4.23 4.08 3.91 3.72 3.49 3.20 2.86 2.47 2.23 2.53 3.44
13.66 12.17 10.06 8.85 7.92 7.13 7.15 7.72 7.89 8.31 7.99 5.84 4.46 4.40 4.46 4.60 5.34 6.39 7.39 7.54 6.64 5.78 4.69 3.17 2.18 2.13 2.97 3.85 4.34 4.68 4.95 5.10 5.13 5.10 5.25 5.33 4.95 4.76 5.32 6.52 7.18 6.85 6.22 5.59 5.35 5.64 6.29 7.00 7.07 6.52 5.96 5.46 5.02 4.76 4.74 5.15 5.61 5.92 5.88 4.85 3.90 3.98 4.37 4.58 4.69 4.74 4.76 4.75 4.73 4.68 4.61 4.52 4.43 4.31 4.18 4.04 3.87 3.68 3.45 3.20 2.92 2.69 2.76 3.39
12.59 11.28 9.96 9.58 8.80 7.40 6.67 7.03 7.80 8.98 9.06 6.91 5.17 4.90 4.88 5.01 5.56 6.57 8.14 8.84 6.93 4.69 3.41 3.24 2.80 2.72 3.30 3.96 4.38 4.69 4.96 5.13 5.17 5.08 5.23 5.48 5.25 4.89 4.87 5.65 6.86 7.11 6.58 5.94 5.47 5.43 5.86 6.63 7.11 6.90 6.19 5.53 5.06 4.58 4.30 4.84 5.67 6.22 6.48 5.43 3.87 3.70 4.17 4.49 4.65 4.73 4.76 4.76 4.74 4.70 4.64 4.57 4.49 4.39 4.28 4.16 4.02 3.86 3.69 3.51 3.32 3.12 3.07 3.46
11.03 10.23 9.66 10.09 10.25 9.18 7.97 7.91 8.94 10.68 10.65 8.19 6.37 5.71 5.39 5.44 5.76 6.66 8.74 9.58 6.99 3.20 3.12 3.49 3.17 3.13 3.62 4.13 4.46 4.75 4.98 5.17 5.24 5.12 5.12 5.32 5.34 5.17 4.91 4.95 5.87 7.01 7.19 6.52 5.77 5.41 5.60 6.24 6.92 7.12 6.55 5.70 5.01 4.34 3.72 4.16 5.43 6.13 6.50 6.03 4.63 3.88 4.09 4.44 4.62 4.72 4.76 4.76 4.74 4.71 4.67 4.61 4.55 4.46 4.37 4.27 4.15 4.03 3.90 3.78 3.65 3.52 3.47 3.66
9.19 8.77 8.53 9.21 10.08 9.97 9.29 8.97 9.65 11.68 12.94 11.30 9.44 8.84 8.47 8.31 7.79 8.00 9.62 10.14 8.02 4.34 3.87 3.79 3.48 3.48 3.88 4.30 4.60 4.84 5.05 5.28 5.35 5.13 4.97 5.09 5.24 5.24 5.13 4.83 4.86 6.07 7.41 7.32 6.32 5.67 5.57 6.00 6.78 7.23 7.05 6.09 4.79 4.11 3.56 3.68 4.92 5.71 5.99 5.97 5.20 4.29 4.17 4.44 4.60 4.70 4.75 4.76 4.74 4.72 4.69 4.65 4.59 4.53 4.45 4.37 4.28 4.19 4.09 4.00 3.92 3.85 3.84 3.94
7.74 7.59 7.46 7.92 8.72 8.68 8.07 7.22 6.83 8.86 12.03 12.54 11.69 11.10 10.86 10.86 10.51 10.26 11.23 11.04 8.79 6.87 5.66 4.64 3.94 3.84 4.10 4.40 4.72 4.98 5.22 5.55 5.58 5.08 4.72 4.88 5.14 5.20 5.17 4.88 4.43 4.90 6.71 7.82 7.20 6.43 6.00 6.06 6.70 7.22 7.57 6.63 4.46 3.92 3.91 3.88 4.59 5.19 5.38 5.49 5.22 4.52 4.30 4.48 4.59 4.68 4.73 4.74 4.74 4.73 4.71 4.67 4.62 4.58 4.53 4.46 4.39 4.32 4.25 4.19 4.14 4.12 4.13 4.23
6.34 6.70 7.03 7.38 8.13 7.80 6.64 5.07 3.89 5.14 7.90 9.49 9.09 7.76 7.52 8.89 10.53 11.67 12.96 11.39 8.93 8.40 6.86 5.27 4.22 4.00 4.18 4.43 4.69 5.07 5.57 5.97 5.87 5.14 4.54 4.68 5.03 5.12 5.08 4.85 4.28 4.08 5.33 7.14 7.71 7.47 7.03 6.75 6.94 7.30 7.74 7.02 4.83 4.10 4.34 4.31 4.51 4.82 4.90 5.05 5.04 4.55 4.37 4.51 4.58 4.64 4.69 4.72 4.74 4.73 4.71 4.68 4.65 4.62 4.59 4.54 4.49 4.44 4.38 4.34 4.32 4.32 4.35 4.43
4.62 5.72 6.73 7.22 8.10 7.99 6.86 5.02 3.49 3.45 4.95 6.44 6.41 6.11 6.37 8.23 9.73 12.29 13.88 10.37 8.61 8.84 7.62 5.75 4.31 3.88 4.00 4.32 4.56 4.93 5.75 6.28 6.16 5.43 4.66 4.63 4.93 5.02 4.96 4.78 4.27 3.70 4.15 5.59 6.82 7.37 7.59 7.57 7.56 7.70 7.73 7.27 5.89 4.74 4.77 4.80 4.64 4.69 4.63 4.69 4.76 4.50 4.40 4.51 4.56 4.59 4.64 4.68 4.73 4.72 4.70 4.68 4.67 4.66 4.63 4.61 4.56 4.53 4.49 4.47 4.45 4.46 4.50 4.57
3.43 4.77 6.24 6.75 7.69 8.22 7.68 6.33 4.77 3.94 4.29 4.39 4.39 5.49 6.51 8.23 9.87 12.33 13.74 11.23 9.39 9.15 8.89 6.76 4.42 3.59 3.73 4.16 4.52 4.89 5.60 6.12 6.22 5.77 5.02 4.76 4.90 4.93 4.80 4.64 4.32 3.68 3.55 4.53 5.61 6.22 6.94 7.56 7.79 7.81 7.55 7.36 6.64 5.49 5.24 5.29 4.99 4.72 4.57 4.53 4.45 4.37 4.39 4.45 4.48 4.52 4.57 4.63 4.69 4.70 4.67 4.67 4.68 4.68 4.67 4.65 4.63 4.60 4.58 4.56 4.56 4.57 4.59 4.65
2.68 3.90 5.53 5.79 6.53 7.45 7.48 7.05 6.26 5.23 4.59 3.97 3.74 4.67 6.56 8.46 10.24 11.45 10.54 10.65 10.46 10.02 10.13 7.80 4.63 3.58 3.83 4.20 4.61 5.12 5.60 5.84 6.00 5.87 5.35 5.05 5.07 4.98 4.66 4.41 4.24 3.75 3.36 3.97 5.00 5.54 6.24 7.20 7.65 7.59 7.26 7.17 6.92 6.12 5.65 5.63 5.49 5.04 4.67 4.54 4.38 4.32 4.38 4.36 4.33 4.38 4.46 4.53 4.61 4.64 4.65 4.66 4.69 4.70 4.70 4.68 4.67 4.65 4.64 4.63 4.62 4.64 4.66 4.70
2.37 3.50 4.89 5.12 5.54 5.88 5.90 6.37 6.43 5.77 5.27 4.63 4.03 4.54 6.44 8.79 10.14 9.49 8.33 8.74 9.99 10.72 10.67 8.82 5.63 4.49 4.46 4.54 4.81 5.33 5.72 5.80 5.83 5.76 5.47 5.30 5.30 5.19 4.73 4.24 3.98 3.71 3.31 3.53 4.55 5.44 6.08 6.83 7.33 7.38 7.22 6.99 6.89 6.66 6.15 5.89 5.81 5.56 4.99 4.58 4.49 4.51 4.57 4.44 4.28 4.22 4.27 4.37 4.46 4.57 4.61 4.64 4.68 4.70 4.71 4.70 4.70 4.68 4.68 4.67 4.67 4.68 4.70 4.73
2.97 3.75 4.86 5.23 5.32 5.34 5.41 5.75 5.94 5.66 5.60 5.13 4.55 4.96 6.21 8.22 9.69 8.60 7.15 7.43 8.80 10.26 10.40 8.28 6.22 5.41 5.20 5.05 5.07 5.49 5.90 6.02 5.92 5.72 5.45 5.31 5.32 5.31 5.06 4.31 3.72 3.55 3.22 3.12 3.98 5.17 5.92 6.42 6.86 7.12 7.25 6.99 6.73 6.83 6.69 6.31 6.04 6.04 5.52 4.72 4.52 4.71 4.91 4.83 4.51 4.20 4.12 4.13 4.23 4.46 4.57 4.61 4.66 4.69 4.71 4.71 4.71 4.70 4.69 4.69 4.69 4.70 4.71 4.73
3.68 4.15 5.04 5.44 5.30 5.30 5.46 5.58 5.60 5.51 5.55 5.26 4.85 5.30 6.33 7.75 9.23 8.49 6.75 7.62 9.24 9.89 9.32 8.01 6.75 5.99 5.71 5.51 5.37 5.65 6.16 6.39 6.25 6.00 5.59 5.23 5.12 5.23 5.28 4.59 3.63 3.32 3.12 2.86 3.34 4.52 5.57 6.05 6.33 6.70 7.06 7.06 6.77 6.72 6.82 6.59 6.30 6.43 6.16 5.23 4.63 4.67 5.03 5.26 5.00 4.46 4.16 3.99 3.99 4.29 4.52 4.58 4.61 4.65 4.69 4.70 4.71 4.71 4.70 4.69 4.69 4.69 4.70 4.72
4.33 4.58 5.15 5.47 5.39 5.38 5.52 5.56 5.51 5.43 5.41 5.21 4.78 4.96 6.18 7.74 8.90 8.65 7.68 8.69 10.08 9.02 8.41 8.20 7.37 6.64 6.22 5.87 5.62 5.87 6.45 6.79 6.70 6.43 5.91 5.32 5.03 5.14 5.26 4.73 3.71 3.15 3.01 2.73 2.79 3.73 5.01 5.74 6.02 6.36 6.70 6.95 6.88 6.79 6.89 6.60 6.42 6.56 6.54 6.04 5.20 4.80 5.01 5.41 5.46 4.91 4.36 4.05 3.93 4.21 4.56 4.60 4.49 4.54 4.64 4.68 4.70 4.70 4.68 4.67 4.67 4.67 4.67 4.68
4.99 5.05 5.28 5.47 5.49 5.52 5.57 5.55 5.52 5.40 5.28 5.10 4.52 4.21 4.88 6.42 8.09 8.21 7.88 9.44 10.46 9.21 8.61 8.47 7.82 7.34 7.07 6.44 5.96 6.26 6.71 7.00 7.14 6.87 6.34 5.70 5.21 5.12 5.09 4.68 3.82 3.13 2.90 2.65 2.47 2.91 4.05 5.09 5.66 6.13 6.45 6.74 6.79 6.73 6.97 6.85 6.60 6.57 6.60 6.49 5.95 5.35 5.22 5.54 5.77 5.37 4.68 4.24 4.06 4.34 4.84 4.82 4.41 4.37 4.54 4.63 4.67 4.66 4.64 4.62 4.62 4.61 4.61 4.61
5.45 5.39 5.44 5.58 5.61 5.63 5.61 5.53 5.52 5.46 5.24 4.98 4.47 4.16 4.40 5.30 7.03 7.58 7.60 9.00 9.73 9.54 9.34 8.90 8.21 7.97 8.11 7.54 6.74 6.91 7.00 7.07 7.40 7.25 6.77 6.25 5.61 5.13 4.89 4.55 3.89 3.20 2.83 2.61 2.35 2.38 3.08 4.07 4.91 5.71 6.27 6.57 6.71 6.58 6.63 6.81 6.82 6.76 6.71 6.59 6.24 5.76 5.48 5.71 5.95 5.74 5.12 4.52 4.29 4.60 5.24 5.32 4.73 4.37 4.43 4.61 4.64 4.58 4.54 4.54 4.55 4.53 4.51 4.52
5.75 5.58 5.55 5.76 5.87 5.82 5.67 5.52 5.56 5.70 5.48 5.10 4.77 4.50 4.55 5.12 6.27 6.97 7.24 7.92 8.36 8.81 9.30 9.10 8.65 8.59 8.95 8.66 8.01 7.95 7.57 7.42 7.46 7.34 7.18 6.93 6.23 5.30 4.79 4.41 3.87 3.19 2.80 2.60 2.26 2.06 2.37 3.09 3.93 5.00 5.96 6.41 6.71 6.82 6.59 6.45 6.59 6.80 6.95 6.85 6.45 6.03 5.79 5.80 5.90 5.89 5.46 4.79 4.54 4.87 5.42 5.79 5.62 4.83 4.58 4.79 4.73 4.49 4.42 4.49 4.45 4.38 4.34 4.37
5.96 5.73 5.61 5.93 6.24 6.19 5.91 5.63 5.67 6.05 5.91 5.50 5.15 4.80 4.75 5.00 5.72 6.39 6.58 6.91 7.58 8.32 8.42 8.53 8.94 9.05 9.40 9.59 9.56 9.20 8.60 8.07 7.33 7.10 7.69 7.90 6.92 5.53 4.73 4.23 3.69 3.08 2.79 2.56 2.15 1.87 1.82 2.27 2.98 3.97 5.24 6.01 6.48 6.99 7.10 6.68 6.40 6.55 6.91 7.08 6.76 6.31 6.15 6.10 5.95 5.91 5.68 4.94 4.60 5.08 5.55 5.84 6.16 5.86 5.36 5.28 4.99 4.46 4.40 4.63 4.51 4.15 4.06 4.17
5.95 5.83 5.75 6.06 6.48 6.54 6.30 5.90 5.89 6.46 6.51 6.09 5.68 5.36 5.25 5.08 5.42 5.88 5.86 6.08 7.13 8.31 7.67 7.15 8.41 9.42 9.60 9.99 10.96 10.72 9.56 8.49 6.86 6.88 8.58 8.86 7.27 5.41 4.59 4.15 3.46 2.96 2.76 2.45 2.05 1.74 1.47 1.61 2.23 3.08 4.26 5.22 5.78 6.49 7.16 7.26 6.85 6.60 6.76 7.04 7.07 6.68 6.31 6.28 6.22 6.01 5.90 5.28 4.59 4.94 5.74 5.98 6.16 6.33 6.14 5.89 5.45 4.75 4.55 4.90 4.76 4.05 3.74 3.86
5.71 5.73 5.90 6.26 6.55 6.73 6.84 6.47 6.36 6.77 7.10 6.67 5.94 5.84 5.98 5.63 5.44 5.50 5.49 5.75 6.78 8.10 7.42 6.00 6.90 8.80 9.49 9.63 11.55 12.32 10.24 8.79 6.73 7.10 9.66 9.30 6.96 5.14 4.66 4.25 3.27 2.77 2.69 2.36 1.93 1.61 1.30 1.12 1.53 2.41 3.54 4.56 5.13 5.67 6.44 7.14 7.33 7.07 6.87 6.95 7.28 7.28 6.62 6.25 6.34 6.13 5.97 5.71 4.91 4.68 5.58 6.39 6.42 6.35 6.47 6.41 6.04 5.36 4.78 5.00 5.12 4.40 3.68 3.53
5.44 5.45 5.84 6.32 6.50 6.69 6.84 6.83 6.69 6.73 7.19 7.09 6.24 6.17 6.56 6.32 5.57 5.04 5.48 6.43 7.32 7.87 7.04 5.55 5.41 7.28 8.85 9.15 11.29 12.84 10.83 9.23 7.60 7.89 10.50 9.44 6.58 5.31 4.87 4.12 2.89 2.64 2.76 2.29 1.79 1.51 1.21 0.86 0.84 1.68 2.83 4.04 4.87 5.31 5.74 6.41 7.13 7.43 7.15 6.88 7.27 7.86 7.43 6.53 6.50 6.35 5.87 5.75 5.33 4.73 5.14 6.40 6.92 6.55 6.55 6.64 6.53 6.06 5.27 5.06 5.26 5.01 4.07 3.41
5.25 5.31 5.73 6.10 6.18 6.27 6.31 6.50 6.67 6.71 7.12 7.20 6.47 6.41 6.97 6.87 5.49 4.26 5.35 7.27 8.52 8.25 6.49 5.16 4.68 5.55 7.41 8.75 11.44 13.20 11.32 9.58 8.57 9.19 11.21 9.76 6.87 5.78 4.84 3.50 2.66 2.85 2.87 2.15 1.66 1.44 1.10 0.76 0.43 0.94 1.97 3.21 4.41 5.23 5.58 5.87 6.53 7.33 7.38 6.75 6.84 7.80 8.07 7.24 6.93 6.88 6.17 5.55 5.30 4.96 5.01 6.17 7.15 6.98 6.79 6.79 6.74 6.53 5.96 5.48 5.32 5.32 4.65 3.65
