windninja/windninja_output/Output_2025-10-23_1400-1450_Google earth_Fire_150m_10min/merlingen_7.5mi_point_10-23-2025_1420_150m_ang.asc
ncols	158
nrows	163
xllcorner	391686.332397
yllcorner	5160024.123721
cellsize	150.000000
NODATA_value	-32768.000000
[rows 0 to 41 of 163, columns 0 to 93 of 158]
225 225 224 221 220 222 220 217 216 216 215 211 208 210 215 222 230 231 229 231 224 209 206 209 212 215 214 210 208 209 209 210 212 211 209 213 216 217 217 214 211 210 211 212 212 212 214 211 203 199 199 198 198 199 200 201 201 201 201 200 199 199 199 198 196 196 197 199 199 198 197 197 198 197 196 197 198 200 199 197 197 198 199 201 202 200 198 200 201 199 199 199 198 198
226 226 224 222 223 223 221 220 221 220 215 210 206 208 214 221 224 223 222 223 217 206 204 209 213 215 212 209 210 211 211 212 212 211 210 213 214 213 212 210 208 208 208 208 208 207 208 206 200 199 200 200 201 202 203 202 202 201 201 200 199 199 199 197 196 196 198 200 200 199 197 198 198 196 196 197 199 200 198 196 198 199 199 201 202 200 197 199 201 200 199 199 199 199
224 225 223 222 224 223 221 222 222 219 211 204 202 206 213 218 218 216 216 216 211 203 200 207 213 214 212 210 211 213 214 213 212 211 210 210 210 208 208 206 205 205 205 204 204 202 202 201 199 199 199 200 203 205 204 202 201 200 201 201 199 198 197 197 197 197 199 201 201 199 198 198 197 196 196 198 199 200 198 197 197 200 201 201 202 198 194 197 200 201 200 198 198 197
218 222 222 221 223 220 218 217 215 211 206 200 201 206 212 218 218 216 216 215 212 206 199 202 209 211 210 209 209 210 211 212 212 210 209 208 208 209 208 205 203 202 202 202 201 200 200 200 200 199 198 199 201 202 202 201 201 201 201 201 199 198 198 198 198 197 199 201 202 201 199 198 198 197 198 198 197 199 200 198 197 199 201 200 200 198 192 193 195 197 198 197 194 193
215 219 221 220 221 218 215 215 213 210 206 201 200 205 213 219 220 219 218 218 216 211 202 197 203 207 207 206 205 206 207 209 209 208 207 207 208 207 205 203 200 199 199 199 199 200 200 201 201 201 201 201 202 203 203 202 202 202 201 201 200 199 199 199 198 198 199 201 203 202 201 200 199 199 199 199 199 200 201 201 198 199 201 199 199 199 192 188 189 191 194 194 192 189
217 220 221 220 220 218 216 217 215 213 208 203 200 206 215 220 222 223 222 222 220 216 206 196 198 204 205 206 205 204 205 206 207 206 205 205 205 203 202 200 199 198 199 200 201 202 203 202 202 203 203 204 204 204 204 204 203 202 201 200 200 199 199 199 199 198 199 201 203 202 202 202 200 198 198 200 200 199 200 203 203 200 199 199 199 200 195 186 183 184 186 189 188 186
222 223 223 222 221 219 219 219 217 213 209 204 201 207 218 221 223 223 221 220 221 219 211 198 195 202 205 206 206 205 205 206 206 206 205 204 202 201 201 201 201 201 202 204 205 206 205 205 205 204 204 205 205 205 205 205 204 202 201 199 198 198 198 199 200 199 199 201 202 200 200 201 199 196 196 198 200 200 200 202 203 199 197 198 199 201 199 191 182 177 177 180 184 184
223 224 224 225 225 224 224 222 219 215 210 205 201 207 218 222 221 221 220 219 219 219 214 204 196 198 203 205 205 205 206 207 207 207 207 205 204 204 205 205 205 206 207 208 208 208 207 207 206 205 206 206 205 205 206 206 204 202 199 197 196 196 197 199 200 200 199 200 201 199 198 199 199 198 197 198 201 203 202 202 202 199 195 196 198 199 198 193 187 177 172 174 179 183
224 225 226 226 228 229 229 225 221 216 212 206 201 205 216 221 220 220 220 220 220 219 216 209 199 193 198 203 204 205 209 209 209 210 210 210 209 209 210 211 212 212 212 211 210 209 209 209 207 206 206 206 205 206 207 205 202 201 199 197 197 197 197 199 202 202 200 199 200 199 199 201 202 202 200 200 202 205 204 203 203 199 192 191 192 192 193 192 187 182 179 178 179 180
225 226 227 227 227 228 228 225 222 218 213 208 202 205 216 221 220 220 219 219 219 218 216 210 203 195 194 201 203 205 209 209 209 211 213 214 213 213 214 215 215 214 213 212 212 212 210 211 209 206 207 209 207 207 208 207 204 203 203 204 204 202 200 202 204 203 200 199 199 202 204 204 204 203 203 203 205 205 201 200 199 197 192 187 186 187 188 187 184 183 185 183 180 180
227 227 228 228 227 226 225 224 221 218 215 211 206 206 215 221 222 221 218 218 218 217 215 211 206 200 195 200 204 205 210 211 211 214 217 217 216 216 216 216 215 215 214 214 216 215 213 213 213 211 212 212 210 210 212 213 213 213 215 215 214 212 208 206 206 204 202 201 202 205 207 205 203 202 204 206 208 204 195 193 195 196 195 189 184 182 182 182 181 185 189 186 182 182
228 228 229 228 227 226 225 223 221 219 217 214 209 207 215 222 223 222 220 219 219 218 217 213 209 205 201 202 207 209 213 216 216 217 219 220 219 218 217 216 216 217 216 216 217 218 217 219 222 223 224 224 224 226 229 230 229 229 230 230 232 232 225 217 212 209 208 207 205 205 205 204 203 201 201 202 201 198 190 187 191 194 194 190 184 180 181 182 182 184 188 189 185 184
229 229 229 229 227 227 226 224 223 221 219 216 212 211 216 224 225 223 222 221 221 220 220 217 215 212 209 209 212 214 216 217 218 218 220 222 222 220 219 218 218 218 217 217 219 220 221 225 232 236 238 241 245 249 253 252 246 242 241 245 250 250 248 246 240 229 221 211 200 198 201 203 202 197 193 193 193 193 190 187 188 191 191 189 186 184 185 186 185 184 188 192 190 186
231 231 230 229 228 227 226 225 224 222 220 218 214 213 218 227 231 227 225 224 223 222 223 223 221 217 213 213 213 215 218 220 220 220 220 222 222 221 220 220 221 223 225 227 230 231 228 227 231 236 240 242 246 251 258 262 260 251 243 241 242 239 236 236 241 246 242 215 184 187 197 200 198 193 188 188 190 192 192 191 189 188 188 189 190 189 189 191 191 188 191 197 197 195
232 231 231 230 229 228 227 226 225 223 221 219 215 212 217 226 230 229 227 228 227 225 225 225 222 219 215 214 215 216 219 222 222 220 219 220 221 223 224 227 232 236 239 244 244 242 237 229 226 228 231 232 232 234 238 242 242 236 225 223 223 220 214 212 213 215 211 200 171 158 179 190 192 190 189 189 191 194 198 195 190 187 188 192 196 195 195 199 201 199 202 211 216 216
233 232 232 231 230 229 228 227 226 224 222 220 217 212 214 223 226 225 225 227 227 225 224 223 222 219 215 215 216 216 218 218 217 218 221 225 230 233 235 238 242 241 240 239 236 233 232 230 226 224 223 219 215 214 216 218 219 214 208 211 213 211 207 205 206 206 202 197 190 164 152 170 183 189 190 190 193 199 200 195 189 188 192 198 203 206 208 212 214 215 218 224 226 226
233 233 233 232 231 230 229 228 227 225 224 222 219 215 215 223 226 224 223 223 224 222 221 221 221 219 216 215 215 215 216 218 219 223 230 237 241 241 239 237 235 231 228 228 225 223 224 224 222 219 217 213 209 209 210 213 215 210 202 204 208 209 207 203 203 205 203 197 194 186 167 154 166 178 184 189 194 197 194 192 192 195 200 207 215 223 227 231 231 222 214 214 215 216
234 234 233 232 231 230 229 228 227 226 225 223 222 219 220 226 229 227 224 223 223 223 222 222 222 222 219 217 217 218 220 223 225 228 232 234 234 232 229 227 226 224 225 226 224 223 221 218 215 213 212 211 210 211 212 213 213 209 202 201 206 208 206 202 201 203 203 199 197 194 185 173 167 167 172 183 189 192 194 199 205 208 212 219 227 233 235 232 226 214 206 208 210 211
235 235 234 233 232 231 230 229 228 226 225 224 224 223 223 227 231 230 228 227 226 225 224 225 225 225 223 221 221 224 226 225 225 225 227 228 228 227 226 226 225 225 226 225 224 223 220 215 213 214 213 213 212 212 211 210 209 208 204 202 206 209 207 203 200 200 203 203 200 195 188 182 179 177 174 175 184 196 211 222 225 226 224 222 220 220 219 217 215 210 200 201 207 208
236 236 235 234 232 231 231 230 229 227 226 225 225 224 225 227 230 231 230 228 227 225 224 224 224 224 223 222 223 224 224 223 224 226 229 231 230 228 225 224 223 222 222 221 220 219 217 214 214 217 218 216 213 210 208 206 207 208 207 206 208 212 210 204 202 201 203 203 198 192 188 186 186 187 184 182 191 210 225 228 226 222 216 210 209 211 211 212 213 209 197 193 201 206
237 237 236 234 233 232 231 230 229 228 227 227 225 225 225 226 227 228 227 226 224 224 223 222 222 223 223 223 222 222 221 220 222 224 225 225 224 221 217 218 218 219 220 220 219 218 218 217 215 217 218 216 212 207 206 206 206 207 209 209 210 213 211 205 202 201 200 198 194 191 191 192 192 192 189 187 193 201 208 212 211 209 207 203 202 206 209 211 211 207 198 191 198 205
238 237 236 235 234 233 232 231 230 228 227 227 226 225 225 225 225 225 225 224 223 223 222 221 221 222 222 222 222 221 219 217 218 220 218 218 218 217 215 216 217 218 219 219 220 220 220 217 214 214 215 214 211 208 207 207 207 207 208 210 210 211 210 204 200 197 194 193 193 195 197 198 197 196 190 186 188 195 202 205 206 206 207 203 198 201 205 207 207 204 197 191 195 202
239 238 237 236 235 233 232 231 230 229 228 227 226 225 225 224 224 224 224 223 222 222 221 221 220 221 221 221 221 220 217 213 215 218 218 219 221 221 219 219 218 218 219 220 221 220 217 215 213 213 214 213 212 211 208 206 205 205 206 210 210 210 209 203 196 192 190 192 196 200 201 201 200 198 190 182 182 190 196 202 205 206 206 204 197 196 197 199 202 201 197 192 195 200
239 239 237 236 235 234 233 231 231 230 228 227 226 225 224 224 223 223 223 222 221 221 220 219 219 220 221 222 223 222 218 214 216 220 222 224 226 225 223 220 218 218 218 220 220 216 214 214 214 213 214 214 213 211 208 205 204 204 203 206 209 210 209 200 191 189 191 196 203 206 206 204 201 196 190 186 182 184 191 199 205 206 206 206 200 193 190 193 199 201 199 195 196 200
240 239 238 237 236 234 233 232 231 230 229 227 226 225 224 223 223 223 222 221 221 220 220 219 218 219 220 223 226 226 221 218 219 222 224 225 226 226 225 221 218 217 216 216 216 214 214 216 216 215 215 214 212 210 208 205 205 205 203 205 209 210 205 198 192 193 198 206 211 214 211 205 197 193 193 193 189 183 186 194 201 203 204 205 204 196 189 191 198 202 200 196 198 200
241 240 239 238 236 235 233 232 232 230 229 227 226 226 224 223 223 223 222 221 220 220 219 218 217 217 218 222 227 227 224 223 221 221 222 222 223 225 225 221 218 215 214 215 216 215 216 217 216 215 214 215 214 211 208 204 204 206 207 207 206 203 199 197 197 198 202 208 214 216 212 200 193 194 195 197 197 189 181 185 192 197 199 202 203 199 192 192 197 200 196 193 196 199
242 241 240 238 237 235 233 233 232 230 229 227 227 226 225 224 223 223 222 221 220 219 218 216 215 213 214 220 225 226 225 226 226 224 221 220 220 224 224 220 216 214 213 215 216 213 214 216 215 213 212 214 215 211 206 201 203 209 210 205 200 197 197 200 203 204 205 208 211 211 205 196 192 194 194 195 199 197 182 176 182 190 195 197 199 198 194 195 199 200 193 187 191 197
242 241 240 239 237 235 234 234 232 230 229 228 227 226 225 224 224 223 222 220 219 218 217 215 213 210 211 217 222 223 224 227 228 227 225 221 220 223 224 219 214 213 212 212 212 208 209 212 214 211 209 211 211 208 203 198 201 206 205 200 198 198 200 204 209 210 209 208 208 206 202 198 194 194 192 191 197 200 192 177 175 184 190 192 194 197 197 198 202 202 195 185 184 192
243 242 241 239 238 236 235 234 232 230 229 228 227 226 225 224 223 222 221 220 219 218 216 214 211 207 208 213 216 217 221 224 225 224 222 216 215 220 221 216 210 209 208 208 207 205 206 209 212 210 204 206 208 207 204 196 194 200 203 200 199 202 204 205 209 211 209 206 205 202 201 199 197 196 194 191 193 201 201 188 176 177 184 188 194 200 202 202 204 205 200 189 181 184
244 243 241 240 238 237 235 234 232 230 229 228 227 226 225 224 223 222 221 220 220 218 216 213 210 206 205 209 211 212 215 220 221 220 215 206 205 212 215 210 205 204 203 205 203 202 204 205 207 205 200 202 205 207 205 197 192 198 204 205 203 206 210 210 211 211 206 203 203 202 201 201 201 201 197 192 192 201 206 199 182 173 178 188 197 203 203 201 202 204 204 197 186 180
245 244 242 240 239 237 236 234 232 231 229 229 228 227 226 224 223 222 221 220 219 217 215 213 209 206 205 208 210 211 216 220 220 218 210 200 200 207 211 206 202 202 202 204 203 201 202 202 203 203 202 202 206 210 209 202 199 202 208 212 211 211 215 218 217 212 203 201 205 207 205 207 208 203 195 190 191 199 205 204 191 178 177 186 194 196 196 196 199 203 205 204 198 186
246 245 242 240 239 238 235 233 232 230 229 229 228 227 226 225 224 223 221 220 219 217 215 213 210 206 205 207 209 214 220 222 220 218 212 200 199 206 208 206 205 205 205 207 206 204 204 204 206 209 209 209 211 215 214 207 205 208 212 218 216 211 214 219 219 211 200 199 207 211 210 208 204 195 190 189 192 196 202 204 198 188 183 184 189 192 194 198 203 207 209 211 209 201
246 245 242 241 241 238 235 233 232 231 229 229 228 227 226 225 224 223 222 221 220 218 215 213 211 207 205 204 204 208 214 217 218 221 218 202 198 207 210 209 211 210 209 211 210 208 209 211 213 216 216 216 216 217 216 208 205 210 215 220 219 211 209 213 216 211 197 194 204 211 207 199 193 189 187 188 190 193 200 205 203 197 192 188 189 194 199 203 208 212 214 214 212 207
246 245 243 242 242 238 235 234 233 231 230 229 228 227 227 225 224 223 222 221 220 218 215 213 212 208 205 202 199 202 209 215 217 221 221 204 196 207 211 211 213 212 211 214 214 214 216 218 218 219 220 219 219 220 218 212 207 209 215 220 218 207 201 206 213 211 200 191 199 206 201 194 191 190 188 186 186 189 195 203 206 203 200 194 190 193 200 201 203 208 210 211 208 203
246 245 243 242 241 238 235 233 233 232 230 230 229 228 227 225 224 224 223 221 220 218 216 214 212 209 205 202 199 203 212 217 219 220 219 208 197 206 212 211 214 215 216 219 220 221 223 222 222 223 222 222 223 222 221 217 213 212 217 221 218 207 195 199 210 213 208 196 193 197 197 196 196 194 190 186 184 185 191 201 206 205 203 201 193 192 199 200 199 202 204 203 200 196
247 246 244 243 241 237 234 233 233 232 231 230 229 229 227 226 225 225 223 222 221 219 217 215 213 210 207 203 202 208 215 217 217 218 218 212 204 207 213 215 218 220 222 223 223 224 223 222 221 221 221 221 221 220 217 216 215 216 219 225 223 212 196 194 205 212 211 201 191 191 197 202 202 199 193 186 184 187 193 201 205 205 206 208 204 194 195 199 198 196 196 196 196 196
248 247 245 243 240 237 235 234 233 232 231 231 230 229 228 227 226 225 224 223 222 220 219 217 214 211 208 204 205 211 213 213 215 218 219 216 211 211 217 222 223 224 224 223 223 222 219 219 220 220 219 217 216 214 212 212 213 215 217 222 224 215 199 191 198 207 210 204 196 195 202 209 209 200 191 187 187 193 199 200 201 205 209 212 212 200 188 193 196 191 190 192 195 197
249 248 246 244 240 237 235 235 234 233 232 231 230 229 229 228 226 225 224 223 223 221 220 218 215 212 207 204 205 209 209 210 215 220 222 219 215 218 223 225 224 223 223 222 221 220 217 216 217 218 217 214 212 212 211 209 209 211 213 216 219 215 203 192 193 203 210 208 204 203 206 207 201 192 190 191 188 190 198 201 198 201 206 210 211 204 188 186 191 190 187 190 193 192
249 248 246 243 240 238 236 235 235 234 233 231 230 230 229 228 227 226 225 224 223 222 220 219 216 212 208 203 204 209 211 212 216 220 222 219 217 222 225 223 221 220 219 218 218 216 213 211 211 212 212 208 206 209 210 205 203 205 207 208 210 210 205 197 194 201 211 214 210 206 202 196 191 191 194 194 185 182 194 202 199 197 201 204 207 205 194 185 186 188 189 190 190 190
250 250 246 243 240 239 237 237 236 235 233 232 231 231 230 229 228 227 226 225 224 222 221 220 217 214 209 205 206 213 217 216 216 219 221 218 215 218 221 221 221 219 217 214 213 213 211 208 206 208 210 205 200 201 203 199 195 197 200 202 204 207 209 205 198 200 212 216 211 203 194 191 194 198 197 191 183 179 187 198 201 200 201 202 206 206 197 186 183 187 191 191 191 194
250 250 247 243 241 239 238 238 237 235 234 233 232 231 231 229 228 227 227 226 225 223 222 220 219 216 213 211 212 217 220 218 217 220 221 217 215 215 217 218 218 216 214 211 210 210 209 205 202 205 209 203 193 192 197 198 194 194 198 203 206 210 213 213 204 200 210 214 206 196 192 196 202 199 193 187 182 179 183 194 201 202 202 202 204 203 194 186 184 186 189 192 197 202
248 248 246 243 241 240 239 238 237 236 234 234 232 232 231 230 229 228 227 226 225 224 222 222 220 218 216 214 214 217 220 219 218 219 216 214 215 216 215 214 212 210 209 208 206 203 202 201 200 202 205 201 192 190 196 201 200 199 205 211 213 213 213 213 208 202 206 207 199 194 197 202 200 191 185 183 183 182 184 193 201 200 200 200 198 195 192 190 188 187 187 192 202 207
