windninja/windninja_output/Output_2025-10-23_1400-1450_Google earth_Fire_150m_10min/merlingen_7.5mi_point_10-23-2025_1450_150m_ang.asc
ncols	158
nrows	163
xllcorner	391686.332397
yllcorner	5160024.123721
cellsize	150.000000
NODATA_value	-32768.000000
[rows 42 to 83 of 163, columns 0 to 93 of 158]
271 271 270 269 268 269 269 268 267 266 266 266 266 266 265 265 264 264 264 265 265 265 265 265 266 267 268 271 274 274 272 269 267 263 256 250 250 253 255 253 251 249 247 248 251 249 245 243 244 249 255 255 251 249 251 249 245 243 245 246 244 241 242 241 241 246 250 249 247 242 236 238 240 236 242 245 226 202 207 224 232 235 240 245 249 246 237 234 240 246 251 251 249 252
271 270 270 269 269 269 269 268 267 267 267 267 266 266 265 265 265 265 265 265 265 265 265 265 265 266 268 270 272 273 271 268 266 264 263 260 260 260 258 255 253 251 251 253 251 245 243 245 248 254 258 255 247 243 246 247 244 242 244 247 248 250 251 247 245 248 249 248 241 230 227 231 233 231 236 234 215 200 207 224 233 238 245 251 250 240 232 234 240 246 250 250 252 255
270 270 270 270 270 270 269 268 268 267 267 267 267 266 266 265 265 265 265 265 265 265 265 265 265 266 267 269 270 270 270 268 267 267 268 270 271 267 261 257 254 254 257 256 248 242 244 248 253 257 257 250 242 238 240 242 242 241 244 248 251 254 255 256 256 255 251 247 237 227 226 230 230 229 230 225 210 202 211 227 237 244 250 252 245 235 233 237 242 247 250 253 259 260
270 270 270 271 270 270 269 269 268 268 267 267 267 266 266 266 266 265 265 265 265 265 265 265 266 266 267 268 268 269 269 269 268 269 271 275 276 271 265 261 259 259 259 254 244 241 247 253 258 258 253 246 240 237 238 241 241 244 248 251 252 254 257 260 262 260 254 246 237 233 235 235 235 233 230 223 209 203 215 229 240 249 253 249 240 235 236 239 243 246 250 257 263 260
270 270 271 270 270 269 270 269 269 268 268 267 267 267 266 266 266 266 265 265 265 265 265 265 266 266 266 266 267 268 269 269 269 270 272 274 275 274 271 267 265 263 258 251 242 246 253 258 259 254 248 243 238 237 239 241 243 249 254 256 255 255 258 261 261 258 252 245 238 237 241 241 239 236 230 222 211 206 219 234 244 249 250 246 241 238 240 242 242 245 250 258 262 257
270 270 270 269 268 269 271 271 270 269 268 268 267 267 267 266 266 266 265 265 265 265 265 265 266 266 266 266 266 267 268 269 269 271 273 274 275 275 274 272 269 265 258 248 244 252 259 261 256 248 243 239 235 237 239 241 246 252 258 261 258 258 260 261 259 256 250 244 239 238 241 241 240 236 230 223 215 214 227 240 247 249 248 245 242 241 243 243 243 246 250 255 257 252
269 270 269 268 267 268 271 272 271 270 269 268 268 267 267 267 266 266 266 265 265 265 265 265 265 265 265 266 266 266 267 268 269 270 273 275 275 275 276 275 272 268 260 251 251 258 261 258 251 243 238 235 238 241 241 244 251 257 260 260 258 259 259 259 259 256 250 244 240 239 240 241 239 235 229 224 220 223 232 242 246 247 247 244 241 241 242 242 245 247 249 250 250 248
269 269 268 266 266 268 270 272 273 271 270 269 268 267 267 267 267 266 266 265 265 265 265 265 265 265 265 265 265 266 266 267 268 269 271 274 275 275 276 275 273 269 264 260 260 262 260 254 247 238 232 235 240 243 245 249 256 262 261 256 254 256 256 257 258 255 250 244 241 240 240 239 237 233 228 225 223 225 232 239 243 245 245 243 241 241 241 242 245 247 246 246 245 245
269 269 267 265 266 268 269 271 273 273 271 269 269 268 267 267 266 266 266 265 265 265 265 265 265 265 265 265 265 266 266 267 267 268 270 273 275 275 275 274 272 270 268 267 267 264 259 251 244 237 234 241 245 245 247 254 260 261 256 251 250 252 255 258 258 254 248 244 242 241 240 239 236 232 229 227 226 226 231 237 241 243 243 242 242 243 243 244 246 245 243 242 242 242
269 269 268 267 268 268 267 268 271 273 272 270 269 268 268 267 266 266 266 266 266 265 265 265 265 265 264 265 265 265 266 266 267 267 269 271 274 275 274 273 272 272 272 271 269 265 257 246 241 239 242 249 251 251 254 261 262 256 249 246 247 250 257 260 258 252 246 242 240 240 239 238 234 231 231 230 229 229 232 237 240 242 244 245 245 246 247 248 247 245 242 241 241 241
269 269 269 269 270 270 267 266 269 272 272 270 269 268 268 267 267 266 266 266 266 265 265 265 265 264 264 264 265 265 265 266 266 267 268 270 272 274 275 274 273 272 274 274 270 264 254 242 239 241 246 249 250 253 260 264 260 252 245 244 246 251 258 260 256 249 243 239 238 238 237 235 232 231 233 233 232 233 236 239 239 240 244 247 250 251 251 249 248 245 242 241 239 239
266 268 271 272 271 270 268 266 266 269 271 271 269 268 268 268 267 266 266 266 266 265 265 265 265 264 264 264 264 265 265 265 266 266 267 268 270 272 274 275 275 273 273 274 270 262 252 243 244 246 247 248 250 254 261 262 256 247 243 244 247 253 259 260 254 246 239 234 235 236 235 232 230 231 233 234 234 236 242 243 240 240 242 244 247 252 253 251 247 244 242 241 238 238
264 265 270 275 272 270 268 265 263 265 269 271 270 270 269 268 267 267 266 266 266 266 266 265 265 264 264 264 264 264 265 265 265 266 266 267 268 270 272 275 277 275 272 271 270 264 255 250 253 252 248 250 254 257 260 259 250 242 242 245 248 255 259 258 250 241 233 228 231 232 230 228 229 233 235 235 234 238 244 244 241 242 241 239 240 245 250 250 247 243 242 242 241 241
264 264 267 273 273 270 269 266 262 262 266 270 271 271 270 268 268 267 267 266 265 265 265 265 265 265 264 264 264 264 264 265 265 265 266 266 267 268 270 272 275 275 272 270 271 270 265 262 261 254 249 252 255 258 260 255 244 240 243 247 251 255 257 255 247 237 229 225 229 230 227 227 232 235 236 235 234 239 243 243 242 243 241 239 237 238 239 240 242 243 245 247 247 251
265 265 264 266 269 270 270 269 265 262 264 268 271 272 271 269 268 268 267 266 266 265 265 265 265 265 264 264 264 264 264 264 264 265 265 266 266 267 268 270 271 272 271 271 272 274 274 272 266 258 253 256 256 259 260 252 240 240 246 251 255 257 255 251 244 234 228 226 229 230 228 230 233 234 235 234 235 240 242 241 241 242 242 240 238 237 234 232 234 240 249 255 261 265
266 265 264 263 264 266 269 271 270 266 264 264 266 270 272 271 269 268 268 267 266 266 265 265 265 265 264 264 264 264 264 264 264 264 265 265 265 266 267 268 268 269 270 271 272 275 278 278 273 265 259 259 259 261 259 249 239 243 249 254 256 256 254 249 241 232 226 226 227 228 229 232 234 234 234 233 235 240 240 238 238 239 240 240 240 239 237 234 234 238 249 262 272 274
265 265 264 263 263 263 265 269 273 271 267 262 261 264 270 273 271 269 268 267 267 266 266 265 265 265 264 264 264 264 264 264 264 264 264 264 265 265 266 266 267 268 269 270 272 273 276 280 280 277 270 264 263 263 259 249 242 248 254 257 256 254 252 247 240 231 224 221 221 226 231 233 234 234 234 233 237 239 237 234 234 235 238 239 239 240 239 239 240 245 258 268 272 273
264 264 263 263 263 263 264 267 271 273 269 264 260 261 265 270 272 271 270 268 267 266 266 266 265 265 264 264 264 264 264 264 264 264 264 264 264 264 265 265 266 266 267 268 270 271 273 277 282 286 284 274 267 264 258 249 246 255 259 258 256 253 250 246 240 232 224 216 218 228 233 234 235 236 234 234 238 239 235 233 232 234 236 235 236 237 239 242 249 260 269 270 268 267
263 263 262 263 263 264 265 266 268 270 270 269 265 262 261 264 269 272 272 270 268 267 266 265 265 264 264 264 264 264 264 264 263 263 263 263 264 264 264 264 265 265 266 267 268 269 271 274 279 287 293 285 273 266 258 250 252 259 261 259 256 253 250 246 240 234 225 215 221 232 235 235 237 237 235 236 238 237 234 233 233 235 235 235 234 236 240 248 260 270 271 266 262 254
262 262 262 262 262 263 264 266 267 269 270 271 271 266 260 259 263 268 271 271 270 268 267 265 265 264 264 264 264 264 264 263 263 263 263 263 263 263 263 264 264 265 265 266 266 268 269 272 275 282 292 290 279 270 260 255 258 262 262 260 257 254 251 247 241 235 225 216 226 236 236 237 239 239 236 237 237 234 232 232 233 235 236 236 237 241 248 257 267 271 268 260 252 240
263 263 263 263 263 263 264 266 267 268 269 272 273 270 264 259 259 262 267 270 271 270 268 266 265 264 265 265 265 264 264 263 263 263 263 263 263 263 263 263 263 264 264 265 265 267 268 270 273 278 285 289 283 274 264 260 263 264 262 260 257 255 252 247 242 236 225 220 231 237 237 239 241 239 237 236 235 233 231 231 232 234 236 239 242 248 259 269 271 268 261 252 242 235
263 264 264 264 265 266 265 265 265 266 268 271 273 272 269 263 259 258 261 265 269 270 269 267 265 265 265 265 265 264 264 263 263 263 263 263 263 263 263 263 263 263 263 264 265 266 267 268 270 274 280 286 283 277 269 264 264 264 262 260 257 254 250 246 244 239 230 230 236 237 238 240 241 239 236 234 232 231 229 229 231 232 235 240 245 255 267 273 271 262 249 243 237 232
263 264 265 265 267 268 267 266 266 265 266 269 273 273 272 268 263 259 257 260 264 267 268 268 267 265 265 265 264 264 264 264 263 263 263 262 262 262 262 262 262 263 263 263 264 265 266 267 269 271 276 282 282 279 276 270 265 263 262 261 258 251 246 247 250 247 240 240 240 238 238 240 242 238 234 232 231 229 225 225 228 231 236 242 250 262 268 269 264 250 240 236 232 231
261 261 263 265 266 267 267 266 266 266 266 269 272 273 272 271 268 262 258 257 258 261 265 267 268 267 265 264 264 264 264 264 263 263 263 262 262 262 262 262 262 262 262 263 263 264 265 266 267 269 272 277 280 280 280 278 269 263 261 260 255 245 244 248 249 247 244 243 241 240 240 241 242 238 233 231 230 226 222 224 229 234 240 246 256 265 266 261 250 238 234 231 229 229
256 256 258 262 264 266 265 264 264 265 268 268 269 273 273 271 269 267 262 258 256 256 259 263 266 267 266 265 264 264 264 264 263 263 263 262 262 262 262 262 262 262 262 262 263 263 264 265 266 267 269 273 276 278 281 284 278 268 261 257 249 240 245 248 247 244 243 241 241 242 242 243 243 237 232 230 228 224 221 224 231 238 244 251 257 261 259 251 238 232 228 226 227 227
248 249 251 254 260 265 265 261 261 264 268 268 266 269 272 271 269 268 267 263 258 254 255 257 261 264 265 266 266 265 264 264 264 263 263 262 262 262 262 262 261 261 261 262 262 262 263 264 265 266 267 269 272 274 278 282 282 276 266 258 250 247 253 253 249 245 242 240 242 244 244 245 244 238 232 229 226 222 220 225 233 240 249 253 257 257 251 239 233 229 225 224 225 226
245 249 249 249 252 257 257 253 256 262 265 265 265 265 266 268 268 269 269 267 262 258 256 255 255 256 259 264 267 267 266 265 264 264 263 263 262 262 262 261 261 261 261 261 261 262 262 263 263 264 265 267 268 270 273 276 278 278 272 265 260 263 265 261 255 247 243 241 242 243 244 246 245 240 233 230 227 222 221 230 238 247 252 253 260 258 246 233 230 226 223 222 225 226
257 262 261 256 255 253 248 246 253 257 259 257 257 257 258 260 263 266 268 267 264 262 260 257 253 249 253 260 265 268 268 267 266 265 264 263 262 262 262 261 261 261 261 261 261 261 261 262 262 263 264 265 266 267 269 270 272 273 272 269 268 272 273 270 263 255 250 246 244 243 242 245 247 240 233 233 230 227 227 237 246 252 251 253 264 259 242 231 227 223 221 221 224 226
264 270 275 274 269 261 254 254 259 259 256 252 251 250 251 253 255 259 262 264 265 264 263 261 255 248 251 256 260 264 266 268 268 266 265 263 263 262 261 261 261 261 260 260 260 261 261 261 262 262 263 263 264 265 266 267 267 268 268 268 269 272 275 274 271 268 263 258 252 246 244 247 247 238 233 234 234 232 234 243 249 251 252 259 265 256 237 228 225 222 220 220 223 225
263 268 276 278 276 271 269 272 273 267 260 257 256 254 253 253 253 254 255 258 261 263 263 262 257 251 252 253 255 258 261 265 268 268 266 264 263 262 262 261 261 260 260 260 260 260 260 261 261 261 262 262 263 263 264 264 265 265 265 265 266 268 270 272 274 275 274 271 265 259 254 253 248 239 234 235 237 236 238 245 250 252 257 265 262 246 230 225 222 222 221 222 224 224
263 267 273 276 275 274 275 279 279 271 264 263 264 263 261 259 258 257 255 254 255 258 261 260 258 257 256 253 252 253 256 258 263 266 267 266 264 263 262 261 261 260 260 260 260 260 260 260 260 260 261 261 261 262 262 262 263 263 263 263 264 265 266 267 269 271 273 274 273 273 272 266 255 244 240 241 241 240 238 243 250 257 264 267 257 234 223 222 223 224 223 225 228 229
264 268 273 275 276 276 277 278 278 272 267 266 266 265 265 264 264 263 261 258 256 257 257 258 258 258 259 256 253 252 252 254 257 261 265 266 265 264 262 261 261 260 260 260 259 259 259 260 260 260 260 260 260 261 261 261 261 261 262 262 262 263 263 264 265 266 267 269 272 276 279 277 267 255 250 250 249 245 239 244 253 263 269 263 246 227 220 221 225 226 224 227 232 239
265 268 274 277 278 278 278 278 276 274 272 269 267 267 266 266 266 265 264 263 262 260 258 257 257 258 259 257 254 253 252 252 254 257 260 262 263 263 263 262 261 260 260 259 259 259 259 259 259 259 259 260 260 260 260 260 260 260 260 261 261 261 262 262 262 263 264 265 268 271 273 275 273 268 263 259 255 248 241 247 260 268 266 254 234 223 221 223 227 227 228 227 231 252
265 268 274 279 281 281 281 280 277 276 275 273 271 269 269 268 267 266 265 265 264 263 261 259 258 259 259 258 256 254 253 253 254 255 256 259 261 262 263 262 261 260 259 259 259 259 259 259 259 259 259 259 259 259 259 259 259 259 259 259 260 260 260 260 261 261 262 263 264 265 266 268 270 273 273 268 260 250 245 256 268 267 258 242 227 220 221 225 228 232 237 237 245 262
264 266 272 279 284 285 285 284 281 279 277 276 274 272 271 270 269 268 266 265 264 263 262 261 259 258 260 261 259 255 253 253 253 254 256 258 260 262 262 262 261 260 259 259 259 259 259 259 259 259 259 259 259 259 259 259 259 259 259 259 259 259 259 259 259 260 261 261 262 262 263 264 266 271 276 275 268 257 254 265 269 262 249 235 226 225 228 230 233 241 251 262 271 268
264 265 268 274 283 288 290 288 286 285 282 279 276 275 274 272 271 270 268 266 265 264 263 261 258 256 260 263 263 259 254 252 252 253 255 257 259 261 262 262 261 259 259 258 258 258 258 259 259 259 259 259 259 258 258 258 258 258 258 258 258 258 258 258 258 259 259 260 260 261 261 262 264 267 272 276 276 271 268 269 265 254 241 234 232 236 240 239 242 251 262 271 273 267
265 263 260 267 281 290 293 294 293 292 289 283 279 276 275 274 273 272 269 267 265 264 264 262 257 255 258 262 264 261 256 253 252 252 253 254 255 257 259 262 261 259 259 258 258 258 258 259 259 259 259 259 259 258 258 258 258 257 257 257 257 257 257 257 258 258 258 258 259 259 260 261 262 264 267 272 276 281 278 271 260 244 234 233 233 235 238 241 251 258 263 266 267 261
262 257 251 257 272 287 296 299 298 299 294 286 280 277 275 274 273 272 270 268 266 265 265 263 258 256 258 259 261 260 258 255 253 252 253 253 252 253 255 259 261 260 259 259 259 258 259 259 259 260 260 259 259 258 258 257 257 257 257 257 257 257 257 257 257 257 257 257 258 258 259 259 260 262 263 266 272 281 282 270 255 237 230 230 229 230 236 249 259 262 262 261 261 257
255 251 249 255 265 280 297 301 300 301 297 288 281 278 276 275 273 272 271 269 267 266 265 263 261 260 259 258 258 258 259 258 254 252 251 251 250 250 251 254 257 259 259 260 259 259 259 260 261 262 262 261 260 259 258 257 257 256 256 256 256 256 256 256 256 256 256 257 257 257 258 258 259 260 261 263 267 274 278 268 249 234 231 229 228 233 248 262 264 263 261 259 257 254
252 254 258 265 274 279 284 290 293 294 292 285 279 276 275 274 273 272 271 270 269 267 265 264 262 262 262 260 258 257 259 260 257 253 250 248 247 248 249 250 250 252 256 258 260 261 261 261 263 266 267 264 261 259 258 257 257 256 256 256 256 256 256 256 256 256 256 256 256 257 257 257 258 259 260 261 264 267 270 264 244 233 232 231 232 246 264 268 265 261 258 257 255 252
263 266 271 279 282 275 264 264 270 274 276 276 275 274 273 273 272 271 272 271 270 268 267 265 263 263 264 262 259 258 259 260 260 258 254 250 247 247 249 249 247 246 248 251 254 256 257 258 259 263 266 266 264 261 258 257 256 256 256 256 256 255 255 255 255 255 255 256 256 256 256 257 257 258 259 260 261 263 265 262 245 231 231 235 246 264 269 268 265 260 257 254 252 249
268 271 276 277 273 262 256 253 253 256 262 268 271 271 271 270 270 271 272 273 272 271 268 267 265 265 264 262 260 258 258 258 259 259 258 256 253 251 250 249 247 246 246 247 247 248 250 251 253 254 254 257 260 260 257 256 256 256 256 256 255 255 255 255 255 255 255 255 255 255 256 256 257 257 258 259 260 261 263 264 252 232 231 241 262 272 271 267 264 261 258 254 251 248
