windninja/windninja_output/Output_2025-10-23_0800-0850_Google earth_Fire_150m_10min/merlingen_7.5mi_point_10-23-2025_0850_150m_vel.asc
ncols	158
nrows	163
xllcorner	391686.332397
yllcorner	5160024.123721
cellsize	150.000000
NODATA_value	-32768.000000
[rows 111 to 147 of 163, columns 0 to 83 of 158]
3.81 4.62 6.07 6.90 7.08 7.13 7.16 7.35 7.54 7.61 8.04 8.43 7.72 7.66 8.93 9.17 6.44 3.23 4.59 8.17 11.16 11.50 8.05 5.72 5.57 6.32 7.57 9.25 13.35 17.27 16.80 13.94 12.52 15.16 19.53 18.40 15.19 13.35 10.63 7.65 7.22 8.28 8.64 7.67 7.18 6.85 6.04 5.36 5.10 4.94 4.74 4.56 4.63 5.31 5.86 5.72 5.82 6.73 7.20 6.47 6.01 6.61 7.00 6.55 6.24 6.50 6.33 5.47 4.73 4.39 4.53 5.58 6.63 6.65 6.52 6.58 6.35 6.04 5.87 5.72 5.62 5.60 5.05 4.24
3.93 4.66 5.87 6.60 6.81 6.84 7.01 7.24 7.40 7.37 7.84 9.09 8.69 7.91 9.15 9.54 6.19 2.33 3.42 7.29 10.97 12.75 9.66 5.48 5.32 7.10 7.58 8.27 10.56 14.88 17.54 16.05 13.91 16.60 20.72 19.46 15.97 12.68 8.88 7.43 7.22 7.49 8.31 8.56 7.68 6.65 5.68 5.19 5.09 4.96 4.64 4.16 4.09 4.98 5.75 5.56 5.51 6.36 7.17 6.80 6.09 6.21 6.72 6.73 6.50 6.61 6.70 6.07 5.17 4.67 4.76 5.53 6.43 6.69 6.67 6.76 6.51 6.09 6.10 6.16 6.01 5.80 5.13 4.38
4.12 4.62 5.48 6.24 6.69 6.70 6.75 6.97 7.19 7.15 7.63 9.47 9.64 8.26 9.21 9.90 6.31 1.90 2.37 5.67 9.55 13.05 11.88 6.52 5.74 8.46 8.79 8.99 9.28 11.10 15.46 17.64 17.33 19.45 21.94 19.22 14.58 10.77 7.90 6.83 6.07 6.67 8.84 9.64 7.89 6.09 5.37 5.20 5.10 4.96 4.62 4.05 3.84 4.58 5.43 5.47 5.30 5.87 6.91 6.99 6.32 5.97 6.48 6.94 6.56 6.53 6.77 6.52 6.01 5.28 5.05 5.66 6.33 6.50 6.70 6.98 6.77 6.29 6.17 6.31 6.50 6.11 5.06 4.36
3.90 4.39 5.28 6.04 6.62 6.78 6.69 6.67 6.60 6.84 7.75 9.53 9.70 8.40 9.51 10.63 7.13 2.37 1.60 3.93 7.40 11.82 13.06 9.44 8.48 9.83 9.89 9.42 9.53 9.71 11.57 16.46 20.13 22.37 22.11 17.55 13.12 10.50 7.96 6.13 5.58 7.35 9.87 10.26 7.86 5.91 5.68 5.57 5.21 4.96 4.67 4.20 3.79 4.04 4.97 5.38 5.21 5.48 6.42 6.96 6.54 5.88 6.32 7.19 6.73 6.33 6.61 6.72 6.59 5.99 5.51 5.90 6.42 6.29 6.50 7.11 7.14 6.69 6.14 6.18 6.83 6.53 5.18 4.40
3.16 4.04 5.34 6.04 6.50 6.67 6.75 6.59 6.28 6.83 8.38 9.48 8.69 7.99 10.18 12.03 8.54 3.20 1.74 2.65 5.53 9.10 11.79 12.26 11.56 10.60 9.70 9.40 10.81 9.83 9.09 13.77 20.43 24.10 22.21 17.23 13.11 10.44 8.13 6.13 6.36 8.94 10.46 9.96 8.12 6.66 6.09 5.45 5.05 4.92 4.72 4.40 3.85 3.55 4.41 5.13 5.17 5.25 5.90 6.76 6.60 5.95 6.27 7.24 7.07 6.24 6.37 6.80 6.85 6.41 6.00 6.16 6.62 6.56 6.37 6.93 7.42 7.16 6.31 6.00 6.92 6.94 5.55 4.43
2.32 3.68 5.25 5.93 6.36 6.40 6.46 6.61 6.87 7.83 9.52 9.10 7.04 6.92 10.60 13.62 9.75 3.34 2.08 2.61 4.73 7.01 9.05 11.82 12.87 11.73 9.56 9.56 12.30 10.65 8.25 11.41 18.20 23.87 23.13 17.69 13.18 9.55 8.10 7.62 8.21 10.06 10.03 9.21 8.39 6.72 5.23 4.53 4.67 4.79 4.66 4.43 3.94 3.32 3.63 4.67 5.17 5.18 5.56 6.45 6.46 6.00 6.35 7.24 7.26 6.31 6.23 6.77 6.93 6.66 6.32 6.33 6.81 7.21 6.80 6.77 7.24 7.45 6.73 6.08 6.89 7.30 5.78 4.30
1.71 3.26 4.97 5.78 6.33 6.28 5.93 6.34 7.63 9.25 10.36 8.46 5.55 5.71 10.75 14.66 10.61 3.75 3.07 4.06 5.09 6.75 7.98 9.89 12.01 12.57 10.40 10.20 13.46 11.46 8.54 9.89 14.52 21.69 23.11 17.80 12.49 8.53 8.18 9.45 9.86 9.86 9.05 8.76 8.35 6.25 4.72 4.64 4.97 5.05 4.84 4.43 3.97 3.26 2.91 4.13 5.12 5.23 5.43 6.14 6.27 5.91 6.38 7.28 7.28 6.36 6.23 6.71 6.88 6.77 6.54 6.42 6.77 7.48 7.71 7.29 6.94 7.22 7.14 6.59 7.13 7.54 5.83 4.10
1.36 2.69 4.62 5.72 6.30 6.20 5.72 6.30 8.04 9.63 10.75 8.56 4.99 5.25 9.94 14.79 12.97 5.95 4.53 5.28 5.67 6.76 7.78 8.93 10.52 11.89 11.04 11.55 13.42 12.34 10.39 10.61 13.63 20.67 21.90 17.69 12.83 8.36 8.87 10.38 9.69 8.80 8.33 8.38 8.05 6.63 5.32 5.26 5.39 5.23 4.76 4.13 3.74 3.16 2.51 3.49 4.89 5.29 5.40 5.98 6.20 5.84 6.26 7.18 7.15 6.46 6.29 6.63 6.86 6.91 6.71 6.46 6.56 7.27 8.21 8.15 7.10 6.93 7.25 7.19 7.57 7.52 5.78 4.11
1.11 2.16 4.19 5.88 6.34 6.01 6.05 6.88 8.42 9.22 10.43 9.61 5.48 5.32 8.55 13.58 15.21 9.50 5.51 5.50 5.88 6.53 7.62 9.10 10.58 11.38 11.47 12.03 13.11 13.48 14.29 14.86 17.39 20.83 19.81 17.20 14.04 10.05 9.88 9.96 8.68 8.11 8.05 8.34 8.21 7.21 5.77 5.30 5.09 4.56 3.95 3.41 3.26 2.96 2.30 2.83 4.54 5.31 5.41 5.95 6.29 5.94 6.17 6.84 6.71 6.50 6.34 6.39 6.89 7.24 6.96 6.48 6.39 6.88 7.98 8.56 7.91 7.27 7.45 7.62 7.76 7.44 5.92 4.56
0.79 1.72 3.84 6.07 6.55 5.92 6.62 7.73 8.86 8.68 9.43 10.56 6.85 5.13 7.20 12.09 16.00 12.94 6.97 5.54 5.87 6.51 7.75 9.39 10.94 11.77 12.05 12.30 13.83 15.98 17.50 17.50 18.09 18.68 17.68 16.63 14.41 12.33 10.51 8.66 8.34 8.31 8.65 8.84 8.33 7.18 6.05 5.35 4.61 3.87 3.33 2.90 2.86 2.82 2.20 2.22 4.14 5.26 5.41 5.99 6.45 5.98 6.06 6.44 6.12 6.46 6.52 5.97 6.54 7.49 7.31 6.62 6.41 6.62 7.29 8.13 8.50 8.21 7.98 7.97 7.84 7.52 6.28 5.20
0.35 1.43 3.65 5.75 6.53 6.26 7.33 8.81 9.53 8.27 8.53 11.51 8.60 4.96 6.16 10.77 15.88 14.91 8.96 5.84 5.65 6.57 7.91 9.50 11.40 12.29 12.31 13.00 16.12 19.13 19.15 18.19 17.76 17.03 17.18 16.35 14.13 13.41 10.16 7.69 7.96 8.67 9.89 9.46 8.38 7.37 6.51 5.32 3.85 3.26 2.84 2.53 2.54 2.61 2.11 1.72 3.85 5.15 5.42 6.06 6.38 5.71 5.69 6.14 6.07 6.84 7.23 6.09 5.96 7.15 7.38 6.87 6.73 6.65 6.62 7.11 8.08 8.75 8.79 8.55 8.19 7.83 6.81 5.93
0.36 1.52 3.64 4.85 5.92 6.66 8.02 9.78 10.57 8.47 8.30 12.49 10.17 5.13 5.16 8.62 14.81 16.06 10.33 6.57 5.84 6.86 8.02 9.43 11.77 12.41 12.55 14.49 18.99 21.33 19.06 18.09 17.88 15.98 16.75 16.31 13.59 13.52 10.72 7.41 6.92 8.18 10.68 10.70 9.08 8.11 6.97 4.86 3.27 2.62 2.25 2.11 2.07 2.24 1.96 1.53 3.42 4.96 5.35 5.92 5.93 5.41 5.58 6.00 6.30 7.65 8.41 7.11 6.17 6.34 6.82 6.94 7.07 6.89 6.35 6.21 6.90 8.16 9.05 9.17 8.91 8.57 7.60 6.76
0.62 1.81 3.68 3.98 4.87 6.34 7.74 9.75 11.63 10.19 9.64 13.82 11.24 4.81 4.43 7.12 12.33 16.09 13.18 9.08 7.80 7.74 8.20 9.70 11.79 12.48 12.77 15.96 22.31 22.95 17.92 16.85 17.03 15.07 16.00 16.22 13.07 12.97 12.21 7.85 6.03 6.95 9.80 11.86 10.73 9.02 7.34 4.85 3.12 2.31 2.11 1.85 1.48 1.87 1.61 1.06 2.78 4.69 5.21 5.41 5.48 5.47 5.77 6.04 6.38 7.93 9.00 8.41 7.01 5.94 6.06 6.86 7.20 7.03 6.47 5.90 5.91 6.97 8.32 9.00 9.38 9.57 8.70 7.29
0.73 2.04 3.57 3.44 4.17 5.89 7.03 8.61 11.38 11.38 12.18 14.82 10.19 4.48 4.45 6.49 9.58 13.77 15.31 13.01 10.83 9.73 9.15 10.22 11.62 12.23 13.53 19.52 26.75 22.88 15.13 15.02 16.10 14.66 15.18 15.98 13.05 12.05 12.48 8.94 6.10 5.80 7.57 11.55 12.71 10.48 8.00 5.38 3.08 2.33 2.17 1.56 0.83 1.50 1.30 0.31 2.15 4.39 5.28 4.77 4.92 5.80 6.13 6.22 6.80 8.01 8.78 9.02 8.38 6.35 5.81 6.81 7.25 6.99 6.70 6.12 5.74 6.29 7.43 8.11 8.82 10.04 9.78 7.73
0.80 2.19 3.43 3.22 3.86 5.46 6.50 7.66 10.35 11.13 13.06 15.71 11.18 5.19 5.01 6.32 7.79 9.87 13.19 15.48 15.80 13.62 11.52 11.22 12.71 14.31 19.03 27.88 27.24 18.14 11.61 13.22 15.59 14.18 13.97 15.63 13.46 11.45 11.98 9.89 6.70 5.26 5.77 9.77 13.32 12.39 9.30 5.91 3.26 2.47 2.13 1.27 0.24 1.21 1.29 0.33 1.90 4.24 5.62 4.85 4.80 6.05 6.39 6.39 7.16 8.15 8.45 8.79 9.06 7.94 6.60 7.08 7.54 7.17 6.96 6.59 6.19 6.30 6.97 7.48 7.78 9.44 10.32 8.80
0.73 2.18 3.50 3.18 3.62 5.00 6.23 7.54 9.28 10.21 12.20 15.95 14.30 7.70 6.73 6.85 6.77 7.59 9.80 13.59 16.82 18.23 15.53 14.27 18.63 23.60 26.04 26.37 19.72 11.88 9.49 11.73 15.00 13.72 13.08 15.02 13.95 11.44 10.92 9.92 7.51 5.40 5.08 7.78 12.51 13.73 10.81 6.69 3.72 2.56 2.11 1.20 0.37 1.17 1.39 0.83 1.62 3.93 5.73 5.50 5.37 6.17 6.39 6.48 7.30 8.20 8.38 8.46 8.89 8.79 8.29 8.28 8.22 7.69 7.36 7.09 6.70 6.47 6.80 7.17 7.31 8.50 9.78 9.48
0.70 2.20 3.68 3.22 3.40 4.60 6.24 7.90 8.56 9.08 10.38 14.11 15.72 12.87 10.67 8.06 6.20 7.15 9.33 12.12 16.50 20.67 20.51 19.26 21.27 23.80 21.88 16.37 12.11 9.33 8.34 10.33 13.85 13.57 12.97 14.19 13.93 12.03 10.15 9.43 8.14 6.05 5.35 6.51 10.79 14.03 11.89 7.34 4.28 2.85 2.29 1.50 0.90 1.44 1.60 1.22 1.53 3.78 5.68 5.92 5.89 6.27 6.38 6.63 7.43 8.18 8.33 8.33 8.60 8.76 9.19 9.65 9.26 8.45 8.00 7.76 7.02 6.73 7.15 7.28 7.41 8.25 8.90 9.07
0.81 2.19 3.78 3.41 3.32 4.47 6.33 7.92 8.21 8.01 8.42 10.99 14.37 15.73 14.82 10.14 7.42 8.72 12.07 19.45 22.90 21.93 20.66 18.55 18.46 18.31 15.55 12.08 9.50 8.12 8.12 9.65 12.04 12.58 12.99 13.94 13.86 12.28 9.93 9.19 8.54 7.15 6.37 6.50 9.12 13.29 12.69 7.80 4.81 3.58 2.63 1.83 1.45 1.83 1.86 1.49 1.74 3.77 5.64 6.08 6.17 6.41 6.53 6.89 7.58 8.15 8.25 8.27 8.50 8.64 9.31 10.46 10.58 9.46 8.67 8.39 7.56 7.21 7.65 7.84 8.10 8.43 8.45 8.58
0.80 2.07 3.83 3.66 3.40 4.65 6.30 7.68 7.96 7.45 7.36 8.67 11.01 13.93 15.93 15.36 12.04 13.20 20.71 27.15 23.52 17.70 16.93 16.79 17.46 17.75 15.13 11.20 8.58 8.01 8.50 8.96 9.57 10.23 12.00 14.45 14.71 12.21 10.07 9.59 9.10 8.31 7.68 7.46 8.47 11.40 12.16 8.51 5.68 4.50 3.17 2.27 2.01 2.24 2.06 1.69 2.07 3.88 5.61 6.19 6.31 6.51 6.75 7.13 7.71 8.16 8.22 8.26 8.42 8.63 9.25 10.54 11.39 10.75 9.61 9.28 8.59 7.60 7.70 8.33 8.70 8.72 8.48 8.33
0.86 2.02 3.92 3.92 3.59 5.01 6.62 7.55 7.86 7.47 7.29 7.53 8.36 10.34 13.44 16.99 19.18 22.68 26.86 24.63 16.65 13.26 13.85 15.98 18.55 18.96 14.99 10.45 9.10 8.85 8.65 8.04 7.49 7.87 9.41 13.15 15.75 13.82 10.88 10.20 9.84 9.27 9.05 8.83 8.81 9.31 10.01 8.18 6.61 5.34 3.73 2.92 2.63 2.56 2.19 1.84 2.28 4.01 5.67 6.33 6.43 6.57 6.91 7.32 7.81 8.15 8.30 8.29 8.31 8.57 9.29 10.44 11.40 11.56 11.00 10.63 9.79 8.14 7.99 8.77 9.05 8.99 8.48 7.88
1.06 1.98 3.88 4.27 3.98 5.36 6.70 7.52 8.24 7.97 7.37 7.05 7.30 8.84 11.39 15.59 23.47 28.71 25.70 17.16 13.44 12.62 12.66 14.08 18.44 19.83 13.75 10.60 10.22 9.20 8.54 7.96 7.09 6.48 7.29 10.13 14.28 15.55 13.11 11.25 10.84 10.28 10.09 9.92 8.93 7.44 6.51 6.54 6.89 5.84 4.09 3.50 3.21 2.84 2.43 2.12 2.41 4.08 5.71 6.45 6.64 6.75 6.94 7.44 7.84 8.12 8.42 8.36 8.23 8.41 9.31 10.44 11.01 11.69 12.03 12.02 11.23 9.10 8.41 9.28 9.83 9.32 8.11 7.30
1.23 1.98 3.52 4.50 4.91 5.75 6.15 7.01 8.75 8.73 7.38 6.90 7.20 8.64 11.62 15.64 25.51 30.65 23.11 15.50 13.68 12.75 12.50 13.25 16.92 19.68 15.55 11.46 10.87 9.22 8.09 7.59 6.70 5.98 6.68 8.50 11.36 14.43 14.48 13.38 12.62 11.33 10.59 10.33 8.46 5.26 3.60 4.47 6.18 5.87 4.30 3.82 3.52 3.09 2.76 2.53 2.74 4.19 5.77 6.51 6.90 7.22 6.94 7.34 7.91 8.10 8.48 8.49 8.16 8.28 9.28 10.26 10.62 11.67 12.52 12.96 12.93 10.37 8.70 9.80 10.45 9.27 7.67 7.13
1.36 2.08 3.33 4.51 5.87 6.21 5.61 6.09 8.43 9.65 8.31 7.23 7.61 9.77 12.68 18.06 27.95 30.06 23.89 17.23 14.65 13.38 13.01 13.19 14.46 17.21 17.14 13.70 11.34 9.51 8.05 7.32 6.38 6.44 7.24 8.30 9.99 12.02 13.26 14.65 14.69 12.42 11.03 10.50 7.97 4.38 2.85 3.18 4.89 5.37 4.48 3.87 3.59 3.30 3.08 2.96 3.20 4.44 5.85 6.63 7.28 7.71 7.18 7.30 7.99 8.18 8.59 8.71 8.15 8.25 9.20 9.93 10.26 11.27 12.70 13.96 14.35 11.47 9.15 10.12 10.56 8.89 7.25 6.77
1.60 2.43 3.52 4.64 6.22 6.39 5.59 5.90 7.17 9.37 9.77 8.03 8.88 11.80 16.98 26.20 30.41 27.90 22.82 18.99 15.58 12.98 12.41 11.89 10.80 12.52 16.40 16.69 13.32 10.37 8.72 7.91 7.28 7.42 7.81 8.07 9.01 9.91 11.68 14.76 15.78 13.57 11.73 10.48 7.44 5.25 3.78 3.03 4.06 5.08 4.80 4.08 3.68 3.47 3.30 3.22 3.56 4.75 5.88 6.70 7.58 7.85 7.46 7.52 8.09 8.46 8.79 9.08 8.75 8.43 8.88 9.62 10.01 10.35 12.20 14.70 15.49 12.88 9.97 10.19 10.43 8.75 6.71 6.07
1.73 2.73 3.87 4.87 6.15 6.50 6.04 6.40 6.88 8.43 9.94 9.30 9.79 14.85 25.95 31.53 28.50 24.15 21.07 19.46 16.84 12.10 10.74 9.97 8.51 9.17 13.07 17.00 16.55 12.55 9.53 8.60 8.42 8.12 8.00 8.01 7.80 8.17 11.18 15.00 15.58 13.97 12.42 9.75 7.39 6.40 5.05 3.84 4.18 5.05 5.08 4.55 4.00 3.72 3.48 3.34 3.86 5.13 6.08 6.85 7.63 7.75 7.62 7.77 8.17 8.74 8.94 9.48 10.06 9.36 8.81 9.22 9.58 9.55 11.12 14.18 15.90 14.68 11.22 10.35 10.02 8.37 6.75 6.20
1.38 2.81 4.34 4.94 6.07 6.58 6.52 6.68 7.06 8.25 9.43 10.09 10.33 17.61 30.76 30.45 23.68 21.75 19.80 18.90 17.08 12.62 10.10 9.40 8.40 8.29 10.46 14.97 17.70 15.51 11.13 9.25 9.17 8.63 8.43 8.32 7.29 7.21 11.29 15.42 14.50 13.39 12.39 8.83 7.37 6.96 5.94 4.62 4.46 5.03 5.18 4.87 4.41 4.04 3.74 3.52 4.09 5.49 6.36 7.00 7.56 7.63 7.72 7.90 8.20 8.85 9.11 9.85 11.38 11.02 9.50 8.97 9.19 9.06 9.92 12.77 15.36 15.54 13.36 11.13 9.76 8.22 7.29 7.26
1.04 2.50 4.53 5.22 6.30 6.87 6.55 6.54 7.22 8.42 9.31 10.56 11.53 20.84 31.93 28.16 22.29 20.36 17.95 17.49 16.64 13.39 10.79 9.88 8.66 8.15 9.24 13.22 16.98 16.60 12.83 10.52 10.00 9.50 9.13 8.35 7.19 6.78 11.11 15.52 13.64 11.72 10.77 8.62 7.44 7.20 6.44 5.17 4.83 5.15 5.22 5.00 4.66 4.30 3.96 3.74 4.39 5.88 6.50 6.92 7.41 7.57 7.83 7.93 8.13 8.81 9.40 10.30 12.08 12.74 10.96 9.41 9.34 9.19 8.75 10.57 13.91 15.26 14.64 13.38 10.92 8.52 7.99 8.38
1.38 2.29 3.90 5.26 6.89 7.23 6.40 6.34 7.25 8.62 10.14 11.85 15.06 27.35 32.71 26.29 20.96 18.11 15.61 16.28 16.69 14.12 11.87 10.67 9.03 8.42 9.21 12.33 15.17 14.99 13.75 12.86 11.61 10.53 10.01 8.34 6.70 6.87 10.66 14.99 12.96 9.40 8.74 8.14 7.47 7.51 6.99 5.81 5.34 5.42 5.40 5.23 4.89 4.57 4.24 4.09 4.86 6.07 6.49 6.80 7.19 7.47 7.85 7.85 8.05 8.78 9.72 10.87 12.32 13.58 13.06 11.06 10.01 9.58 8.85 8.93 11.74 13.91 14.23 14.80 13.41 9.46 9.24 9.18
1.95 2.44 3.19 4.83 6.99 7.55 6.83 6.83 7.64 8.90 11.06 14.64 23.71 33.34 31.11 22.24 18.47 16.52 14.97 16.06 17.08 15.09 12.79 11.14 9.67 9.21 9.85 11.49 12.85 12.05 11.86 14.05 14.07 11.68 10.99 8.82 6.75 7.72 10.46 13.22 11.14 8.01 7.66 7.33 7.14 7.51 7.29 6.38 5.85 5.72 5.61 5.48 5.12 4.92 4.85 4.81 5.32 6.02 6.43 6.75 6.98 7.38 7.61 7.46 7.96 8.96 10.01 11.39 12.57 13.61 14.34 13.57 11.42 10.04 9.29 8.82 9.91 12.15 12.90 14.54 14.88 12.49 11.45 9.64
2.15 2.52 3.45 4.83 5.85 6.92 7.92 8.11 8.29 10.41 12.79 18.80 32.13 33.81 23.45 17.55 16.77 15.58 14.04 15.86 17.86 16.17 13.40 11.58 10.57 10.41 10.55 10.82 11.15 10.04 9.62 13.00 14.89 13.78 12.79 10.08 7.55 8.08 9.09 9.80 8.74 7.71 7.51 6.88 6.73 7.18 7.16 6.64 6.29 6.13 5.95 5.65 5.13 5.12 5.58 5.59 5.55 5.86 6.41 6.74 6.91 7.41 7.21 6.76 7.55 9.10 10.42 11.76 12.73 13.68 14.82 15.10 13.12 10.67 9.84 8.78 8.52 10.66 12.05 13.70 15.71 15.12 12.16 8.89
1.50 2.86 4.60 4.96 4.85 5.82 8.22 8.92 9.63 13.58 16.82 26.87 34.91 26.63 16.63 15.45 15.37 14.97 13.70 15.07 17.59 17.25 14.77 12.65 11.59 11.38 11.04 10.43 10.10 9.31 9.21 11.20 13.27 14.77 14.89 11.64 8.14 7.43 6.73 6.21 6.98 7.55 7.56 6.96 6.66 6.86 6.98 6.83 6.67 6.60 6.48 6.22 5.55 5.33 5.93 5.91 5.63 5.81 6.38 6.78 7.05 7.36 6.88 6.08 6.75 8.68 10.46 11.68 12.69 14.03 14.89 15.35 14.81 12.74 10.64 8.12 7.23 9.65 12.04 13.95 16.71 16.15 11.67 8.34
0.36 3.08 5.70 5.22 5.09 6.29 7.80 8.92 11.56 15.36 21.44 33.38 33.38 18.44 14.22 14.64 14.81 15.73 15.43 15.16 15.77 16.23 15.76 14.80 13.27 12.04 10.92 9.74 9.39 9.40 9.62 10.33 11.56 14.01 15.82 13.19 8.68 6.73 5.55 5.08 6.41 7.62 7.74 7.39 6.99 6.86 6.95 6.98 6.98 7.02 7.00 7.31 7.21 6.22 5.90 5.62 5.42 5.89 6.32 6.84 7.28 7.29 6.79 6.04 6.56 8.35 10.00 11.03 12.31 13.96 14.71 15.06 16.17 15.29 10.64 6.90 6.45 9.16 12.53 15.46 16.62 15.35 12.68 9.63
0.70 2.78 6.16 6.32 6.10 6.97 8.21 9.61 12.53 14.98 24.66 33.04 26.30 16.21 14.48 14.54 15.22 17.20 17.18 14.55 13.56 14.25 15.30 15.98 14.83 13.03 11.46 10.11 9.55 10.00 10.52 11.03 10.94 12.09 15.31 14.04 9.19 6.54 5.68 5.64 6.52 7.67 7.96 7.81 7.50 7.20 7.14 7.20 7.30 7.41 7.57 8.49 9.13 8.05 6.47 4.93 4.94 5.99 6.32 6.82 7.38 7.40 7.12 6.70 7.17 8.63 9.85 10.56 11.34 12.79 14.07 15.22 17.33 16.53 10.56 6.07 6.32 8.47 13.13 16.14 14.47 13.68 14.06 10.67
1.31 2.69 5.73 7.24 7.22 7.64 9.13 10.91 13.08 14.12 22.59 33.07 26.14 16.83 15.27 14.62 15.80 18.30 17.10 12.89 12.49 13.57 14.69 15.76 14.94 12.95 11.68 11.59 10.97 10.47 10.93 11.53 10.41 10.36 13.84 12.99 8.90 6.66 5.99 6.20 6.75 7.57 7.95 7.97 7.81 7.54 7.39 7.49 7.61 7.87 8.51 9.66 10.55 9.94 7.18 4.55 4.67 5.79 6.37 7.06 7.51 7.45 7.51 7.36 7.45 8.93 10.37 10.68 10.74 11.21 12.56 15.17 18.14 17.44 11.71 6.80 6.24 7.77 13.40 15.81 12.64 13.41 14.38 9.47
2.18 3.51 5.27 6.71 7.93 9.12 10.80 12.40 14.07 14.27 19.26 33.17 30.86 18.00 14.96 14.21 16.00 18.08 15.12 12.57 13.00 13.72 14.60 14.83 13.81 12.54 11.77 12.26 11.99 10.95 11.15 11.32 9.50 9.03 11.23 10.69 8.27 6.55 6.07 6.44 7.03 7.61 7.95 8.05 8.04 7.86 7.65 7.69 7.95 8.60 9.75 10.89 11.80 11.02 7.92 5.25 5.00 5.47 6.66 7.95 7.81 7.31 7.58 7.60 7.61 9.28 10.89 10.64 10.49 11.04 11.51 13.90 18.06 17.98 12.79 8.28 6.89 7.97 13.13 15.19 13.37 14.69 13.24 6.42
4.47 5.04 5.62 5.95 7.57 9.97 12.14 14.39 15.90 15.09 20.78 33.45 30.00 17.12 13.79 13.71 15.55 16.57 14.20 13.31 13.80 13.89 14.50 13.93 13.07 13.12 12.67 12.35 11.96 10.79 11.11 11.53 9.04 7.21 7.93 8.90 7.77 6.54 6.02 6.34 7.09 7.68 8.06 8.29 8.34 8.10 7.91 7.95 8.48 9.46 10.63 12.11 13.06 11.77 9.27 7.11 5.96 6.12 7.69 8.75 7.90 7.12 7.33 7.60 8.11 9.68 10.85 10.53 10.57 11.32 11.63 12.98 16.72 17.95 13.69 9.41 8.57 9.67 11.81 14.01 15.40 14.64 9.72 5.54
7.39 6.65 5.97 6.26 7.65 9.59 11.76 15.84 18.17 19.59 28.67 32.99 23.63 14.45 12.65 13.12 14.99 14.94 13.45 13.74 14.49 14.39 14.18 13.75 13.39 13.85 13.23 12.41 12.05 10.24 9.71 11.48 9.72 6.33 6.52 7.99 7.68 6.76 6.29 6.37 7.04 7.67 8.05 8.52 8.74 8.42 8.20 8.47 9.41 10.21 11.22 13.31 14.40 12.69 10.62 8.81 7.34 7.52 8.26 8.74 7.77 6.98 7.37 8.00 8.81 9.84 10.67 10.92 11.16 11.62 12.21 13.00 15.18 16.81 13.71 10.19 10.79 12.18 11.50 12.97 15.47 11.86 7.71 6.00
