windninja/windninja_output/Output_2025-10-23_0800-0850_Google earth_Fire_150m_10min/merlingen_7.5mi_point_10-23-2025_0850_150m_ang.asc
ncols	158
nrows	163
xllcorner	391686.332397
yllcorner	5160024.123721
cellsize	150.000000
NODATA_value	-32768.000000
[rows 43 to 85 of 163, columns 0 to 95 of 158]
238 238 238 238 239 241 241 242 243 243 244 245 246 247 248 248 249 250 251 252 253 254 255 256 257 259 262 265 269 272 271 269 267 267 267 266 266 266 264 261 258 256 258 261 260 254 252 253 258 265 268 265 260 258 260 258 254 251 252 255 258 263 266 263 263 268 273 274 269 260 256 261 266 272 278 278 268 244 253 265 267 271 277 281 281 273 261 262 270 277 281 280 277 277 280 282
240 239 240 240 241 241 242 242 243 244 244 245 246 247 248 248 249 250 251 252 252 254 255 256 257 259 262 264 267 269 269 268 268 270 273 278 278 272 267 263 260 260 263 263 256 249 251 257 263 268 268 262 254 251 251 252 250 250 253 259 263 268 271 274 275 275 275 274 268 259 259 261 262 266 268 263 244 221 244 264 272 280 283 281 273 259 255 260 266 272 278 281 281 280 278 275
241 241 241 242 242 242 242 243 243 244 245 245 246 246 247 248 249 250 251 252 252 253 254 256 257 259 261 263 264 266 268 269 270 272 276 282 282 277 271 268 266 266 265 260 251 248 254 263 270 270 264 256 250 245 247 248 249 253 260 265 268 271 276 281 282 280 276 271 266 264 264 263 261 260 256 248 228 216 246 268 280 285 282 273 260 254 258 262 265 269 275 282 284 281 275 271
243 242 242 242 242 243 244 244 244 244 245 245 246 247 247 248 249 250 251 251 252 253 254 256 257 259 260 261 263 265 267 269 270 273 277 281 282 281 278 274 272 270 265 257 249 254 263 269 270 266 258 251 245 243 246 248 252 260 268 273 274 276 280 284 282 279 274 268 263 265 266 264 261 256 249 240 224 224 256 272 279 279 273 265 258 258 263 266 265 267 273 282 284 280 273 269
244 244 244 243 243 245 246 246 245 245 245 246 246 247 247 248 249 250 251 251 252 253 254 256 257 259 260 261 262 264 266 269 271 274 278 280 280 282 282 279 277 272 265 255 252 262 270 271 266 258 252 245 241 243 246 250 258 266 274 280 281 279 280 280 279 275 270 265 262 264 265 263 260 254 246 237 228 238 261 270 272 271 267 265 264 265 268 269 268 269 275 280 281 277 271 269
246 245 245 243 244 246 248 248 247 246 247 247 247 247 248 249 250 250 251 252 252 253 255 256 257 258 259 260 262 264 266 268 270 273 276 279 280 281 284 283 280 275 267 260 261 268 271 268 261 253 245 240 243 248 251 256 265 273 278 282 282 279 275 275 275 273 269 265 263 263 263 261 258 252 243 236 234 246 260 266 267 268 269 269 269 270 271 271 274 276 275 274 274 273 270 269
247 247 245 244 245 248 249 249 249 248 247 247 247 248 248 249 250 250 251 252 252 254 255 256 257 258 259 260 261 263 265 267 269 271 275 279 281 282 284 284 281 277 273 270 271 272 269 264 256 246 237 240 248 253 257 264 272 279 280 278 277 274 270 271 273 272 269 266 263 262 261 259 255 249 242 239 242 250 258 264 267 269 271 272 272 273 274 276 279 277 272 268 266 267 268 265
249 248 245 244 246 248 248 249 250 249 248 248 248 248 248 249 250 251 251 252 253 254 255 255 256 257 258 260 261 263 264 266 267 270 273 277 281 282 282 282 280 278 278 279 277 274 267 259 251 242 239 248 255 258 263 271 277 278 276 271 269 267 267 270 273 272 269 265 263 261 260 257 252 247 244 246 249 252 257 263 266 268 270 272 274 276 279 280 278 274 268 263 260 260 262 262
252 250 246 245 247 247 246 247 249 250 249 248 249 249 249 250 250 251 251 252 253 254 255 256 257 257 258 260 261 262 264 265 267 269 272 276 280 281 281 281 280 280 282 283 280 274 265 254 246 244 250 260 264 266 271 277 278 273 267 263 262 263 268 271 273 271 268 264 261 260 258 255 251 248 250 253 254 255 259 263 264 266 268 272 276 278 280 278 274 270 265 260 256 256 259 265
254 252 248 248 250 249 247 247 248 249 249 249 249 249 250 251 251 251 252 253 254 254 255 256 257 258 258 260 261 262 263 265 266 268 271 273 277 280 282 282 282 281 283 285 281 273 263 250 247 252 261 265 266 270 276 278 275 267 260 257 259 264 270 272 272 270 266 262 259 258 257 254 251 251 254 256 257 260 263 264 262 262 266 271 276 278 278 276 273 268 263 259 255 256 263 280
252 252 250 250 251 250 247 248 248 249 249 250 250 250 251 251 252 252 253 253 254 255 256 256 257 258 259 260 261 262 263 264 266 268 270 272 274 277 281 283 284 282 283 285 281 272 263 255 258 262 265 266 267 271 275 276 271 262 256 256 260 267 271 272 271 269 265 259 257 258 257 254 251 252 255 257 259 262 267 267 263 263 265 268 272 277 279 277 272 266 262 261 259 261 274 296
250 251 251 252 252 250 247 247 248 249 251 252 252 252 252 252 252 252 253 254 254 255 256 257 257 258 259 260 261 262 263 264 266 267 269 270 273 275 278 283 285 283 282 282 281 275 269 268 272 270 266 266 269 272 273 272 266 258 255 258 263 269 272 272 270 268 263 257 256 257 255 251 249 253 257 258 259 263 269 271 270 268 267 267 267 271 276 277 272 266 264 266 269 272 282 296
251 251 252 254 255 254 251 249 248 248 250 253 254 254 253 253 253 254 254 254 255 255 256 257 258 258 259 260 261 262 263 264 265 267 268 270 271 273 276 280 283 283 280 280 282 283 281 281 280 273 268 269 271 272 272 269 261 256 258 263 268 272 272 270 268 265 260 256 256 254 248 245 251 257 260 259 261 266 271 273 275 273 270 267 266 266 267 269 269 268 269 273 279 285 287 293
253 252 251 252 255 256 256 253 250 249 250 252 255 256 255 255 255 255 255 255 255 256 257 258 258 259 259 260 261 262 263 264 265 266 268 269 270 272 274 277 279 280 280 281 283 287 290 290 285 279 274 272 271 273 271 266 257 257 263 269 274 274 271 267 264 261 257 255 254 249 242 247 256 260 261 262 264 270 273 274 276 274 271 268 267 264 261 259 262 266 273 281 294 301 295 293
254 254 252 250 250 253 255 256 254 253 250 249 251 255 257 257 256 256 256 256 257 257 257 258 258 259 260 261 261 262 263 264 265 266 267 268 270 271 273 275 276 278 280 281 284 288 292 293 290 286 281 274 273 274 271 264 258 262 269 275 276 274 269 264 259 256 254 252 248 244 247 256 260 261 263 265 269 273 274 274 273 272 270 268 266 263 259 257 259 268 281 297 307 308 299 291
255 254 253 252 251 250 252 254 257 257 253 248 248 252 257 260 259 258 257 257 258 258 258 259 259 259 260 261 261 262 263 264 265 266 267 268 269 270 272 273 275 276 278 280 283 285 289 293 294 295 291 280 277 276 271 264 262 269 275 277 275 271 267 262 257 252 249 246 242 247 256 260 261 263 266 269 273 274 274 272 269 267 266 265 263 261 260 262 269 283 295 302 307 305 295 280
255 254 253 253 253 252 252 254 257 260 257 252 249 250 254 259 261 261 259 259 258 258 259 260 259 260 261 261 262 263 263 264 265 266 267 268 269 270 271 272 274 275 277 279 281 283 286 290 295 302 303 291 281 277 270 264 266 275 278 277 274 271 266 261 255 251 247 240 240 253 260 262 264 267 269 271 274 274 271 267 264 263 262 261 259 260 263 271 285 296 299 298 299 297 284 265
255 254 254 254 254 254 255 255 257 259 259 256 253 251 251 253 258 262 262 261 260 260 260 260 260 260 261 262 262 263 264 264 265 266 267 268 268 269 271 272 273 274 276 277 279 281 284 288 294 302 308 299 285 278 271 266 270 277 278 276 274 271 266 260 255 251 247 236 245 258 263 265 269 271 272 274 274 271 266 263 262 261 260 259 258 261 270 283 294 298 298 294 292 285 270 254
256 255 255 254 254 254 255 257 258 258 258 258 258 255 250 250 253 259 263 263 262 262 261 260 260 261 262 262 263 264 264 265 265 266 267 267 268 269 270 271 272 273 275 276 278 280 282 286 290 297 306 303 291 281 273 270 274 277 277 276 273 270 267 262 257 253 244 236 252 263 266 269 272 273 274 274 271 266 262 261 261 260 259 258 261 268 281 292 297 297 296 291 283 268 256 245
257 257 256 256 255 255 255 257 258 258 259 261 261 259 254 251 251 254 259 263 264 264 262 261 261 261 262 263 264 264 264 265 266 266 267 268 268 269 270 271 272 273 274 275 277 279 281 283 287 292 300 303 294 286 278 274 276 277 277 275 273 272 269 265 259 253 242 242 260 268 269 271 274 275 275 272 268 264 262 260 260 259 258 261 267 277 288 297 297 294 291 282 267 254 245 236
258 258 259 258 258 258 257 257 257 257 259 261 263 262 259 255 252 252 254 258 263 265 264 263 262 262 263 264 264 264 265 265 266 266 267 268 268 269 270 271 272 273 274 275 276 278 280 282 284 288 295 300 295 289 286 280 277 277 277 277 276 274 269 263 259 254 248 256 267 270 271 273 275 276 275 271 267 265 263 260 259 258 260 267 277 286 294 298 295 289 278 267 255 244 235 227
259 260 260 260 260 261 260 259 259 258 259 261 264 263 262 260 257 253 252 254 258 262 264 264 264 263 264 264 264 265 266 266 266 267 267 268 268 269 270 270 271 272 273 274 276 277 278 280 283 286 291 296 295 292 292 287 279 276 278 279 278 272 262 258 260 260 263 271 273 273 273 274 275 276 275 271 269 268 263 259 258 260 266 275 285 291 294 294 289 278 264 255 245 235 228 219
258 258 259 260 260 261 261 260 260 260 260 262 265 265 264 264 262 257 253 252 255 258 261 265 266 265 265 264 265 266 266 266 267 267 268 268 269 269 270 270 271 272 273 274 275 276 278 279 281 284 287 291 293 292 294 294 284 278 277 278 275 264 257 261 265 269 275 278 277 276 276 275 275 275 274 274 273 268 261 257 260 267 277 285 290 292 290 287 278 264 254 243 232 226 221 213
255 254 255 258 260 261 260 259 259 260 262 263 263 266 266 265 264 262 258 255 253 253 256 261 265 266 266 265 265 266 266 267 267 268 268 268 269 269 270 270 271 272 273 273 274 276 277 278 280 282 284 287 289 291 294 297 291 281 275 272 268 263 267 270 270 272 275 277 278 278 278 277 275 274 275 276 274 268 261 261 269 279 289 294 292 288 284 278 263 251 241 229 223 217 215 214
249 249 250 252 257 261 260 257 257 260 263 263 261 263 266 266 264 265 264 260 256 252 253 256 260 264 266 266 267 267 267 268 268 268 268 269 269 270 270 271 271 272 272 273 274 275 276 277 279 280 282 284 286 288 290 293 292 285 277 271 270 276 279 277 274 272 271 273 277 278 279 278 275 275 276 276 274 270 267 273 282 288 292 293 288 281 273 261 250 241 229 220 215 212 213 218
248 249 249 248 250 254 253 250 253 259 262 262 261 261 262 264 265 266 266 265 260 257 255 255 255 257 260 265 268 270 270 269 269 269 269 269 270 270 270 271 271 272 272 273 274 274 275 276 278 279 280 281 283 285 286 288 288 286 281 276 277 285 286 283 278 273 271 272 276 278 279 277 277 277 277 276 276 275 277 283 287 288 285 281 280 274 262 249 241 230 220 212 210 213 217 224
259 262 260 255 254 252 247 244 251 255 256 255 254 255 255 257 261 264 266 266 264 262 261 258 254 250 254 262 267 270 272 272 271 270 270 270 270 270 271 271 271 272 272 273 273 274 275 276 277 278 279 280 281 282 283 284 284 285 283 281 282 287 289 286 282 278 276 276 277 277 277 277 278 278 278 278 278 281 285 287 285 283 275 272 278 272 257 244 233 221 213 208 211 217 224 232
264 269 274 272 268 261 254 254 258 258 255 251 250 250 250 252 255 258 262 264 265 265 264 263 257 250 253 258 263 268 271 273 273 273 272 271 271 271 271 271 271 272 272 273 273 274 274 275 276 277 278 278 279 280 281 281 282 282 282 282 283 286 287 285 284 284 282 281 279 278 277 278 278 278 277 276 279 284 289 287 281 274 271 275 278 270 252 236 224 215 210 210 216 221 233 244
264 268 274 277 275 270 268 271 272 267 260 257 257 255 253 253 254 255 256 259 262 264 265 264 260 255 255 256 259 262 266 270 274 275 274 273 272 272 271 272 272 272 272 273 273 274 274 275 275 276 277 278 278 279 279 280 280 280 280 281 282 283 284 284 285 287 286 284 282 282 284 281 278 277 275 275 278 283 287 283 276 272 275 280 276 262 241 227 217 213 212 216 223 231 242 264
265 268 272 274 274 273 274 277 278 271 264 264 265 263 261 260 260 259 257 256 258 261 264 264 263 263 261 258 256 258 262 265 269 274 275 275 274 273 272 272 272 272 272 273 273 273 274 274 275 276 276 277 277 278 278 279 279 279 280 280 281 281 282 283 284 285 286 286 286 289 291 286 278 273 274 275 278 281 282 279 276 279 283 282 272 249 228 220 217 217 218 225 233 240 260 295
266 269 273 274 274 275 276 277 277 272 268 267 267 267 266 266 266 265 263 260 260 261 262 263 264 265 265 261 258 257 259 261 264 269 274 275 275 274 273 273 272 272 272 273 273 273 274 274 275 275 276 276 277 277 278 278 278 279 279 279 280 280 281 281 282 283 284 286 288 290 291 288 280 276 278 281 281 281 281 280 281 286 287 280 263 236 220 216 221 225 227 236 245 265 299 304
267 269 274 276 277 277 277 277 275 274 272 270 269 268 268 268 268 268 267 267 266 264 263 263 264 266 266 263 260 259 258 260 262 266 270 273 274 274 274 274 273 273 273 273 273 273 274 274 274 275 275 276 276 277 277 278 278 278 278 279 279 280 280 281 281 282 283 284 286 287 288 288 287 288 290 289 287 285 283 286 290 291 285 272 248 226 217 219 227 231 239 250 272 298 303 302
267 269 274 278 280 279 280 279 277 276 275 273 272 271 271 271 270 269 269 269 269 267 266 265 265 267 267 266 263 260 260 260 262 264 266 269 272 274 275 275 274 273 273 273 273 273 274 274 274 275 275 276 276 276 277 277 277 278 278 278 279 279 280 280 281 282 282 283 284 285 286 288 291 295 297 295 293 291 291 295 294 289 277 257 232 216 217 224 231 238 253 272 295 297 297 294
266 268 272 278 282 283 283 283 281 279 278 277 275 274 274 273 272 272 271 270 269 269 268 267 266 266 268 269 267 263 261 260 261 262 264 268 271 274 275 275 275 274 273 273 273 273 273 274 274 275 275 276 276 276 277 277 277 277 278 278 278 279 279 280 280 281 282 283 283 284 285 287 290 294 298 298 298 298 300 297 291 281 264 240 221 217 224 229 236 251 272 299 303 295 290 286
266 267 268 274 281 286 287 286 285 284 283 281 278 277 277 276 275 274 273 271 270 270 270 269 266 264 268 271 272 268 262 259 260 261 263 267 270 273 275 276 275 274 273 273 273 273 273 274 274 275 275 276 276 276 277 277 277 277 278 278 278 279 279 279 280 280 281 282 283 284 285 287 289 292 296 299 301 305 304 294 284 270 249 232 226 232 241 244 255 280 300 309 304 295 288 284
268 265 260 267 280 288 290 291 291 291 289 284 281 279 278 278 277 276 275 273 272 271 271 270 266 264 267 271 273 271 265 261 261 262 263 265 268 270 273 275 276 275 273 273 273 273 273 274 274 275 276 276 276 277 277 277 277 277 277 278 278 278 279 279 280 280 281 282 282 283 285 286 288 290 293 297 302 308 306 292 278 258 238 235 238 246 254 269 290 299 303 304 300 292 287 285
265 260 252 258 273 287 294 296 297 298 295 288 284 281 280 279 278 278 277 274 273 273 272 271 269 267 267 269 271 272 270 266 263 263 263 264 265 266 269 273 276 275 273 273 273 273 273 274 274 275 276 277 277 277 277 277 277 277 277 278 278 278 279 279 279 280 281 281 282 283 284 285 287 288 291 295 301 307 306 292 275 253 243 247 249 253 270 290 297 298 297 294 293 290 287 286
258 254 252 258 269 285 301 303 301 302 299 291 284 282 281 280 279 278 277 276 274 274 273 273 273 272 270 269 269 271 273 271 267 264 263 263 264 264 265 268 272 274 273 273 273 273 273 273 275 277 278 278 278 278 278 277 277 277 277 278 278 278 279 279 279 280 280 281 282 283 284 285 286 288 290 294 299 304 304 295 280 265 263 259 256 267 288 297 297 294 291 289 287 286 285 284
255 257 261 269 279 286 296 303 302 301 298 291 284 281 280 280 279 278 278 277 276 275 274 274 275 274 273 271 270 271 274 274 272 267 263 261 261 263 264 264 266 269 270 270 271 272 272 272 274 278 281 281 280 279 278 278 278 278 278 278 278 278 278 279 279 280 280 281 281 282 283 285 286 287 290 292 296 301 304 302 299 288 277 268 269 286 297 297 295 291 289 287 284 282 283 283
268 269 275 284 288 284 280 285 290 290 290 286 282 280 279 279 278 277 278 279 278 277 276 276 276 276 275 274 272 272 273 274 274 271 267 262 260 262 264 264 263 264 265 267 269 271 272 273 274 278 282 284 283 281 280 278 278 278 278 278 278 278 279 279 279 280 280 281 281 282 283 284 286 287 289 291 295 299 303 307 312 304 286 282 294 299 297 296 293 290 287 284 282 281 282 282
275 280 285 286 282 273 269 269 270 272 276 279 279 277 277 276 276 277 278 279 280 279 278 278 279 279 277 276 274 272 272 272 272 271 269 267 264 263 264 264 264 264 266 268 269 271 274 276 277 278 279 281 283 283 281 279 278 278 278 278 278 278 279 279 279 280 280 280 281 282 283 284 285 287 288 291 294 298 303 310 320 323 305 302 303 300 296 292 291 289 285 283 280 279 280 280
270 273 278 274 267 264 262 259 258 261 268 274 275 274 273 274 275 275 277 280 281 281 280 280 283 284 279 276 274 273 272 270 269 268 268 268 268 267 267 266 266 268 270 271 272 272 274 277 278 277 276 276 278 280 280 279 278 278 278 278 279 279 279 279 279 280 280 280 281 282 283 284 285 286 288 290 293 297 302 311 327 335 328 314 301 297 293 289 287 286 284 282 278 276 276 277
265 265 265 264 261 258 252 251 256 262 269 273 273 271 270 271 272 273 275 278 281 282 283 283 286 287 282 277 275 275 272 270 268 266 265 266 267 268 269 270 271 271 271 272 272 272 274 276 277 277 276 274 273 275 277 278 278 278 278 279 279 279 279 279 280 280 280 280 281 282 282 283 285 286 288 290 293 296 302 311 328 338 336 318 299 294 291 287 286 285 284 281 279 276 276 278
