windninja/windninja_output/Output_2025-10-23_0800-0850_Google earth_Fire_150m_10min/merlingen_7.5mi_point_10-23-2025_0830_150m_vel.asc
ncols	158
nrows	163
xllcorner	391686.332397
yllcorner	5160024.123721
cellsize	150.000000
NODATA_value	-32768.000000
[rows 0 to 37 of 163, columns 0 to 83 of 158]
1.64 1.62 1.65 1.75 1.86 1.96 1.97 1.94 1.99 2.06 2.06 1.93 1.65 1.37 1.27 1.30 1.32 1.37 1.58 1.93 2.17 2.26 2.33 2.38 2.40 2.36 2.24 2.18 2.29 2.34 2.27 2.19 2.11 2.04 2.07 2.16 2.08 1.96 1.98 1.98 1.99 2.07 2.06 2.07 2.19 2.25 2.29 2.38 2.58 2.82 2.94 3.01 3.07 3.04 2.89 2.69 2.53 2.47 2.52 2.58 2.53 2.45 2.40 2.37 2.36 2.31 2.33 2.41 2.50 2.53 2.48 2.38 2.28 2.24 2.29 2.32 2.22 2.16 2.22 2.25 2.17 2.02 2.03 2.09
1.65 1.66 1.71 1.76 1.83 1.86 1.80 1.77 1.82 1.88 1.93 1.90 1.78 1.67 1.63 1.65 1.74 1.86 2.10 2.33 2.37 2.39 2.45 2.48 2.46 2.39 2.32 2.30 2.31 2.24 2.18 2.17 2.16 2.15 2.19 2.25 2.21 2.22 2.27 2.23 2.23 2.28 2.29 2.40 2.53 2.58 2.65 2.71 2.78 2.81 2.79 2.81 2.78 2.67 2.55 2.49 2.50 2.54 2.59 2.57 2.47 2.43 2.43 2.44 2.39 2.34 2.38 2.46 2.54 2.54 2.45 2.34 2.30 2.32 2.37 2.31 2.17 2.22 2.35 2.29 2.09 1.97 2.05 2.07
1.72 1.79 1.85 1.84 1.84 1.77 1.69 1.73 1.85 1.98 2.08 2.07 2.03 2.06 2.13 2.27 2.47 2.61 2.73 2.70 2.58 2.54 2.54 2.51 2.49 2.45 2.41 2.37 2.28 2.15 2.11 2.15 2.20 2.29 2.40 2.46 2.50 2.58 2.59 2.56 2.59 2.63 2.69 2.86 2.97 3.02 3.10 3.12 3.01 2.84 2.76 2.69 2.52 2.39 2.37 2.46 2.58 2.65 2.65 2.58 2.52 2.52 2.53 2.51 2.44 2.40 2.43 2.52 2.62 2.55 2.36 2.29 2.36 2.43 2.42 2.27 2.18 2.37 2.47 2.25 1.94 1.94 2.08 2.00
1.83 1.89 1.94 1.92 1.91 1.87 1.93 2.17 2.40 2.50 2.42 2.26 2.18 2.21 2.35 2.62 2.78 2.84 2.81 2.66 2.53 2.52 2.54 2.54 2.61 2.67 2.65 2.59 2.51 2.42 2.37 2.33 2.35 2.49 2.60 2.64 2.63 2.60 2.62 2.73 2.86 2.94 3.06 3.19 3.24 3.27 3.26 3.16 3.03 3.00 2.94 2.75 2.59 2.55 2.57 2.59 2.61 2.60 2.57 2.57 2.58 2.55 2.50 2.46 2.40 2.40 2.44 2.55 2.64 2.49 2.28 2.28 2.37 2.35 2.28 2.21 2.26 2.43 2.40 2.12 1.88 1.97 2.10 2.02
1.86 1.91 1.96 1.98 1.99 2.05 2.23 2.46 2.57 2.48 2.28 2.18 2.21 2.32 2.53 2.71 2.72 2.67 2.55 2.44 2.40 2.47 2.56 2.63 2.75 2.84 2.92 2.96 2.93 2.90 2.85 2.81 2.83 2.86 2.81 2.73 2.67 2.73 2.90 3.07 3.16 3.26 3.40 3.46 3.40 3.31 3.17 3.02 2.96 2.91 2.74 2.58 2.53 2.53 2.52 2.51 2.52 2.53 2.53 2.55 2.53 2.46 2.41 2.41 2.40 2.41 2.43 2.54 2.60 2.39 2.21 2.25 2.31 2.28 2.19 2.16 2.23 2.33 2.29 2.03 1.81 1.91 2.13 2.15
1.81 1.84 1.91 2.00 2.10 2.21 2.34 2.40 2.28 2.06 1.97 2.04 2.15 2.32 2.54 2.59 2.50 2.35 2.20 2.16 2.24 2.36 2.46 2.57 2.69 2.76 2.80 2.87 2.96 3.04 3.09 3.16 3.25 3.21 3.06 2.96 3.05 3.22 3.36 3.39 3.38 3.40 3.40 3.30 3.15 3.01 2.87 2.79 2.73 2.59 2.45 2.39 2.37 2.37 2.40 2.45 2.51 2.54 2.56 2.55 2.50 2.43 2.40 2.42 2.42 2.40 2.40 2.53 2.58 2.34 2.17 2.24 2.36 2.32 2.20 2.20 2.29 2.34 2.18 1.85 1.74 1.94 2.19 2.26
1.76 1.77 1.82 1.94 2.11 2.23 2.28 2.20 2.01 1.88 1.91 2.03 2.15 2.29 2.43 2.43 2.37 2.28 2.26 2.28 2.31 2.37 2.42 2.45 2.52 2.51 2.48 2.59 2.77 2.89 3.01 3.16 3.26 3.24 3.25 3.37 3.51 3.55 3.48 3.36 3.27 3.18 3.04 2.86 2.72 2.64 2.60 2.55 2.47 2.36 2.29 2.30 2.33 2.34 2.37 2.44 2.50 2.55 2.57 2.59 2.61 2.57 2.50 2.45 2.42 2.38 2.41 2.57 2.58 2.35 2.28 2.45 2.55 2.40 2.28 2.33 2.40 2.37 2.02 1.72 1.91 2.22 2.31 2.32
1.77 1.78 1.80 1.85 1.93 2.00 2.01 1.91 1.80 1.82 1.94 2.10 2.25 2.36 2.41 2.40 2.35 2.36 2.43 2.46 2.51 2.55 2.51 2.44 2.40 2.37 2.43 2.56 2.61 2.64 2.78 2.94 2.95 2.94 3.10 3.30 3.34 3.22 3.07 2.94 2.84 2.73 2.61 2.50 2.44 2.43 2.40 2.35 2.29 2.19 2.15 2.25 2.32 2.31 2.38 2.49 2.56 2.61 2.67 2.74 2.75 2.63 2.51 2.46 2.42 2.39 2.47 2.60 2.57 2.39 2.41 2.60 2.58 2.37 2.27 2.28 2.32 2.19 1.78 1.70 2.18 2.44 2.40 2.39
1.77 1.78 1.80 1.81 1.79 1.76 1.72 1.69 1.74 1.85 1.97 2.12 2.26 2.39 2.47 2.44 2.39 2.42 2.46 2.50 2.57 2.62 2.61 2.59 2.55 2.54 2.58 2.58 2.48 2.47 2.63 2.73 2.69 2.72 2.82 2.85 2.73 2.60 2.51 2.43 2.34 2.29 2.28 2.29 2.34 2.32 2.24 2.20 2.15 2.09 2.14 2.22 2.18 2.19 2.42 2.61 2.68 2.74 2.76 2.68 2.50 2.31 2.26 2.27 2.27 2.37 2.54 2.65 2.55 2.37 2.37 2.43 2.31 2.17 2.13 2.14 2.17 1.95 1.63 1.80 2.37 2.59 2.56 2.60
1.74 1.75 1.78 1.80 1.78 1.74 1.70 1.72 1.81 1.92 2.01 2.10 2.17 2.27 2.34 2.37 2.40 2.46 2.53 2.63 2.71 2.72 2.75 2.77 2.75 2.70 2.64 2.55 2.46 2.50 2.63 2.62 2.54 2.57 2.62 2.53 2.36 2.25 2.18 2.12 2.11 2.16 2.20 2.22 2.21 2.15 2.10 2.09 2.05 1.99 2.02 2.08 2.05 2.20 2.47 2.60 2.59 2.55 2.41 2.16 1.99 1.96 1.92 1.87 2.05 2.37 2.58 2.60 2.37 2.16 2.18 2.24 2.17 2.07 2.01 1.98 1.97 1.84 1.82 2.25 2.69 2.83 2.75 2.74
1.72 1.74 1.77 1.79 1.79 1.80 1.82 1.87 1.92 1.97 2.03 2.07 2.11 2.15 2.20 2.27 2.36 2.46 2.56 2.68 2.80 2.88 2.90 2.88 2.86 2.83 2.71 2.55 2.48 2.51 2.52 2.41 2.31 2.34 2.35 2.26 2.14 2.07 2.06 2.11 2.16 2.19 2.17 2.10 2.02 1.98 1.94 1.91 1.82 1.72 1.78 1.87 1.93 2.12 2.25 2.26 2.10 1.93 1.75 1.61 1.63 1.67 1.56 1.64 2.07 2.37 2.44 2.29 1.93 1.84 2.09 2.25 2.21 2.07 1.92 1.82 1.89 2.04 2.28 2.77 3.01 3.00 2.87 2.82
1.72 1.74 1.77 1.78 1.79 1.82 1.88 1.93 1.97 2.00 2.03 2.06 2.08 2.10 2.14 2.24 2.36 2.46 2.52 2.59 2.67 2.74 2.79 2.79 2.77 2.67 2.46 2.32 2.27 2.25 2.18 2.09 2.09 2.14 2.10 1.98 1.94 1.97 2.05 2.10 2.08 2.08 2.04 1.94 1.90 1.86 1.70 1.53 1.39 1.33 1.42 1.49 1.49 1.65 1.74 1.73 1.62 1.46 1.32 1.26 1.36 1.43 1.41 1.68 2.10 2.21 2.17 1.91 1.60 1.87 2.27 2.32 2.24 2.13 2.05 2.14 2.41 2.69 2.94 3.15 3.13 3.09 3.08 3.22
1.70 1.72 1.75 1.77 1.81 1.85 1.89 1.91 1.93 1.97 2.01 2.04 2.06 2.03 2.05 2.17 2.29 2.38 2.47 2.53 2.55 2.52 2.49 2.45 2.34 2.14 2.02 2.00 2.01 1.98 1.98 2.01 2.04 2.04 1.92 1.82 1.85 1.94 2.00 1.98 1.97 2.00 1.92 1.81 1.75 1.61 1.35 1.10 1.03 1.11 1.20 1.17 1.18 1.35 1.51 1.51 1.42 1.25 1.08 1.10 1.33 1.45 1.56 1.81 2.01 2.03 1.93 1.79 1.81 2.17 2.32 2.28 2.34 2.39 2.56 2.86 3.08 3.28 3.38 3.29 3.20 3.24 3.35 3.62
1.69 1.70 1.73 1.77 1.82 1.87 1.89 1.89 1.91 1.95 1.98 2.02 2.03 2.03 2.03 2.07 2.15 2.23 2.32 2.39 2.38 2.29 2.15 1.99 1.86 1.83 1.88 1.94 1.98 1.95 1.92 1.92 1.94 1.89 1.80 1.84 1.93 1.95 1.90 1.83 1.79 1.67 1.41 1.26 1.20 1.09 0.95 0.89 0.97 1.11 1.11 1.06 1.07 1.25 1.50 1.48 1.34 1.12 0.95 1.12 1.48 1.67 1.85 2.01 1.98 1.92 1.88 2.00 2.20 2.25 2.22 2.33 2.60 2.74 2.81 2.85 3.00 3.16 3.05 2.93 3.11 3.34 3.46 3.53
1.68 1.69 1.72 1.76 1.79 1.82 1.85 1.89 1.93 1.96 1.99 2.02 2.06 2.12 2.17 2.20 2.24 2.22 2.18 2.15 2.07 1.95 1.83 1.74 1.72 1.79 1.90 1.97 1.95 1.89 1.85 1.87 1.87 1.84 1.87 1.96 1.92 1.78 1.60 1.38 1.21 0.94 0.76 0.79 0.85 0.83 0.83 0.96 1.14 1.21 1.21 1.17 1.16 1.36 1.60 1.58 1.40 1.14 1.05 1.40 1.90 2.13 2.33 2.26 2.03 2.04 2.15 2.34 2.44 2.25 2.24 2.60 2.87 2.78 2.54 2.53 2.74 2.70 2.44 2.60 3.05 3.24 3.18 3.04
1.66 1.68 1.71 1.75 1.77 1.78 1.81 1.86 1.90 1.94 1.99 2.03 2.08 2.17 2.30 2.43 2.46 2.35 2.20 2.07 1.94 1.85 1.81 1.80 1.82 1.89 1.97 1.97 1.93 1.93 2.03 2.12 2.06 1.94 1.81 1.62 1.38 1.19 1.00 0.84 0.73 0.64 0.73 0.98 1.04 1.03 1.11 1.14 1.15 1.32 1.56 1.61 1.73 2.00 2.09 1.99 1.77 1.52 1.48 1.86 2.36 2.62 2.62 2.32 2.16 2.40 2.54 2.62 2.70 2.44 2.37 2.70 2.78 2.46 2.31 2.47 2.49 2.27 2.35 2.92 3.16 2.89 2.68 2.50
1.65 1.67 1.70 1.73 1.76 1.79 1.83 1.86 1.90 1.94 1.98 2.03 2.08 2.14 2.25 2.36 2.38 2.32 2.24 2.12 2.00 1.92 1.88 1.89 1.95 1.99 1.98 1.97 2.03 2.11 2.16 2.07 1.81 1.52 1.20 0.97 0.87 0.81 0.80 0.83 0.91 1.05 1.32 1.45 1.38 1.36 1.42 1.36 1.37 1.67 1.97 2.09 2.23 2.31 2.21 2.05 1.96 1.88 1.93 2.35 2.72 2.80 2.59 2.24 2.26 2.59 2.74 2.84 2.88 2.64 2.48 2.53 2.55 2.43 2.44 2.41 2.22 2.33 2.87 3.22 2.85 2.34 2.21 2.01
1.64 1.66 1.70 1.73 1.76 1.80 1.84 1.88 1.93 1.96 1.99 2.02 2.05 2.08 2.13 2.15 2.12 2.11 2.09 2.04 1.94 1.83 1.79 1.83 1.87 1.87 1.85 1.87 1.93 1.96 1.86 1.60 1.30 1.09 0.99 1.01 1.09 1.15 1.22 1.31 1.41 1.50 1.54 1.49 1.43 1.46 1.55 1.68 1.91 2.14 2.22 2.21 2.19 2.10 1.98 1.96 2.07 2.20 2.37 2.63 2.83 2.81 2.52 2.28 2.43 2.74 2.94 2.97 2.76 2.57 2.59 2.57 2.65 2.66 2.44 2.29 2.33 2.66 2.97 2.67 2.10 1.92 1.80 1.59
1.63 1.65 1.68 1.72 1.76 1.80 1.84 1.89 1.93 1.97 1.99 2.00 2.01 2.04 2.05 2.02 1.96 1.88 1.82 1.76 1.70 1.68 1.70 1.70 1.68 1.67 1.70 1.72 1.69 1.60 1.44 1.26 1.17 1.19 1.27 1.34 1.38 1.39 1.40 1.45 1.49 1.48 1.47 1.46 1.46 1.57 1.76 1.96 2.09 2.16 2.15 2.07 1.97 1.93 1.99 2.14 2.29 2.37 2.49 2.65 2.78 2.68 2.43 2.40 2.62 2.85 2.99 2.81 2.56 2.71 2.89 2.82 2.82 2.67 2.27 2.16 2.22 2.27 2.27 1.95 1.76 1.78 1.58 1.43
1.60 1.62 1.67 1.72 1.77 1.81 1.84 1.88 1.91 1.94 1.96 2.00 2.02 2.03 2.01 1.95 1.86 1.76 1.69 1.66 1.67 1.71 1.73 1.71 1.70 1.71 1.71 1.67 1.60 1.49 1.37 1.27 1.23 1.22 1.23 1.29 1.38 1.44 1.51 1.61 1.64 1.64 1.64 1.63 1.67 1.87 2.06 2.05 1.97 1.97 1.98 1.95 1.94 2.03 2.24 2.38 2.39 2.41 2.46 2.53 2.52 2.40 2.33 2.44 2.63 2.80 2.84 2.75 2.89 3.24 3.19 2.87 2.71 2.55 2.32 2.12 1.86 1.77 1.85 1.84 1.84 1.87 1.70 1.58
1.60 1.63 1.68 1.71 1.76 1.81 1.85 1.87 1.90 1.92 1.95 1.99 2.01 2.01 1.99 1.94 1.87 1.82 1.80 1.80 1.82 1.82 1.82 1.82 1.81 1.77 1.72 1.67 1.62 1.55 1.47 1.42 1.40 1.42 1.55 1.68 1.79 1.90 1.95 1.93 1.85 1.77 1.72 1.74 1.90 2.05 2.04 1.92 1.88 1.96 2.00 2.03 2.10 2.22 2.30 2.30 2.30 2.36 2.40 2.35 2.25 2.31 2.48 2.56 2.69 2.89 2.97 3.14 3.46 3.46 2.98 2.51 2.36 2.38 2.31 2.05 1.82 1.80 1.92 2.03 2.12 2.09 1.90 1.73
1.61 1.63 1.66 1.70 1.75 1.80 1.85 1.88 1.91 1.93 1.96 1.98 1.98 1.99 1.98 1.97 1.95 1.94 1.92 1.90 1.89 1.88 1.88 1.86 1.82 1.78 1.74 1.69 1.63 1.58 1.56 1.58 1.67 1.87 2.07 2.19 2.22 2.17 2.05 1.93 1.82 1.76 1.77 1.86 1.95 1.94 1.91 1.93 2.01 2.08 2.15 2.20 2.25 2.25 2.20 2.18 2.23 2.30 2.29 2.21 2.17 2.42 2.69 2.71 2.90 3.21 3.38 3.59 3.59 3.04 2.38 2.09 2.10 2.27 2.20 1.99 1.95 2.01 2.10 2.26 2.31 2.08 1.90 1.85
1.58 1.60 1.65 1.71 1.76 1.81 1.86 1.89 1.92 1.95 1.98 2.01 2.02 2.01 2.00 1.99 2.00 2.00 1.98 1.97 1.96 1.95 1.92 1.90 1.87 1.83 1.78 1.72 1.67 1.65 1.67 1.76 1.92 2.06 2.07 2.03 1.96 1.86 1.76 1.72 1.72 1.77 1.84 1.87 1.89 1.99 2.14 2.16 2.15 2.15 2.22 2.25 2.21 2.19 2.22 2.26 2.32 2.34 2.20 2.11 2.21 2.56 2.85 2.99 3.42 3.77 3.80 3.67 3.16 2.42 1.98 1.88 2.07 2.37 2.35 2.14 2.01 2.07 2.26 2.37 2.29 2.05 2.01 1.97
1.57 1.60 1.66 1.72 1.77 1.81 1.84 1.87 1.92 1.96 1.99 2.02 2.04 2.04 2.04 2.03 2.03 2.03 2.02 2.02 2.02 2.01 1.98 1.94 1.91 1.85 1.77 1.69 1.62 1.61 1.66 1.76 1.86 1.86 1.78 1.69 1.58 1.53 1.58 1.65 1.73 1.81 1.85 1.89 2.12 2.36 2.32 2.19 2.11 2.12 2.20 2.20 2.19 2.29 2.35 2.34 2.37 2.33 2.13 2.11 2.29 2.63 3.08 3.62 4.03 3.93 3.55 3.05 2.34 1.85 1.70 1.79 2.22 2.63 2.55 2.14 1.90 2.05 2.25 2.24 2.16 2.09 2.10 2.02
1.56 1.59 1.65 1.70 1.75 1.79 1.84 1.88 1.92 1.97 1.99 2.00 2.02 2.05 2.08 2.07 2.06 2.05 2.04 2.03 2.02 2.01 1.99 1.97 1.94 1.87 1.76 1.63 1.53 1.54 1.60 1.64 1.67 1.66 1.64 1.61 1.54 1.52 1.59 1.71 1.80 1.87 1.97 2.22 2.53 2.45 2.16 2.05 2.04 2.08 2.15 2.20 2.31 2.42 2.42 2.39 2.38 2.24 2.04 2.04 2.29 2.86 3.65 4.16 3.93 3.23 2.61 2.00 1.54 1.40 1.50 1.96 2.70 2.88 2.34 1.77 1.68 1.97 2.13 2.08 2.14 2.21 2.17 2.09
1.55 1.57 1.63 1.68 1.74 1.79 1.84 1.90 1.94 1.98 1.99 2.00 2.01 2.04 2.07 2.08 2.08 2.06 2.04 2.02 2.01 1.99 1.98 1.98 1.97 1.92 1.84 1.74 1.68 1.62 1.55 1.55 1.61 1.67 1.71 1.71 1.66 1.64 1.71 1.80 1.87 1.98 2.19 2.48 2.49 2.15 1.97 2.01 2.06 2.14 2.19 2.23 2.31 2.37 2.43 2.46 2.33 2.06 1.87 1.95 2.51 3.62 4.39 4.19 3.40 2.68 2.05 1.48 1.23 1.33 1.81 2.66 3.12 2.71 2.02 1.59 1.68 2.01 2.11 2.15 2.33 2.41 2.28 2.24
1.54 1.57 1.63 1.69 1.74 1.80 1.85 1.91 1.96 1.99 2.01 2.02 2.03 2.03 2.04 2.05 2.06 2.06 2.04 2.02 2.01 2.02 2.04 2.05 2.02 1.99 2.01 2.00 1.92 1.78 1.63 1.53 1.51 1.53 1.60 1.66 1.72 1.82 1.93 1.99 2.04 2.16 2.37 2.48 2.31 2.11 2.11 2.17 2.24 2.32 2.28 2.27 2.34 2.46 2.66 2.56 2.15 1.86 1.94 2.34 3.35 4.44 4.43 3.53 2.69 2.15 1.66 1.29 1.25 1.72 2.64 3.25 3.02 2.40 1.85 1.60 1.76 2.14 2.26 2.33 2.47 2.42 2.28 2.40
1.54 1.57 1.63 1.69 1.75 1.80 1.86 1.91 1.96 1.98 2.01 2.02 2.03 2.03 2.03 2.04 2.04 2.04 2.05 2.06 2.07 2.09 2.09 2.08 2.07 2.10 2.16 2.22 2.22 2.11 1.90 1.68 1.55 1.48 1.44 1.48 1.66 1.91 2.07 2.12 2.16 2.36 2.52 2.52 2.44 2.41 2.44 2.44 2.45 2.46 2.43 2.52 2.66 2.85 2.92 2.50 2.04 2.06 2.55 3.24 4.11 4.49 3.72 2.62 1.98 1.60 1.29 1.17 1.50 2.33 3.20 3.24 2.70 2.16 1.70 1.54 1.80 2.32 2.48 2.41 2.39 2.30 2.29 2.51
1.53 1.56 1.63 1.69 1.75 1.81 1.87 1.92 1.95 1.97 2.00 2.02 2.03 2.04 2.04 2.04 2.05 2.05 2.08 2.11 2.12 2.11 2.08 2.06 2.10 2.19 2.33 2.48 2.58 2.54 2.35 2.10 1.87 1.71 1.64 1.73 1.93 2.15 2.38 2.49 2.57 2.78 2.78 2.73 2.69 2.63 2.60 2.59 2.65 2.74 2.77 2.87 2.99 3.09 2.91 2.40 2.24 2.53 3.11 3.79 4.29 4.02 3.07 2.17 1.71 1.43 1.19 1.29 2.01 2.94 3.42 3.11 2.51 1.96 1.51 1.43 1.74 2.31 2.42 2.31 2.30 2.26 2.32 2.50
1.51 1.54 1.61 1.68 1.74 1.80 1.86 1.90 1.94 1.97 2.01 2.03 2.05 2.07 2.07 2.06 2.07 2.08 2.09 2.09 2.08 2.07 2.07 2.09 2.13 2.22 2.39 2.53 2.62 2.73 2.76 2.64 2.36 2.19 2.36 2.57 2.63 2.72 2.90 3.03 3.18 3.27 3.16 3.06 2.91 2.77 2.76 2.87 3.14 3.30 3.24 3.21 3.20 3.09 2.81 2.46 2.40 2.66 3.21 3.88 4.00 3.23 2.34 1.77 1.47 1.34 1.30 1.62 2.53 3.32 3.40 2.80 2.12 1.68 1.44 1.55 1.90 2.18 2.29 2.31 2.28 2.18 2.20 2.28
1.49 1.53 1.61 1.69 1.75 1.80 1.86 1.91 1.95 1.98 2.01 2.04 2.05 2.06 2.07 2.07 2.07 2.08 2.08 2.08 2.08 2.09 2.11 2.14 2.17 2.22 2.27 2.28 2.28 2.30 2.35 2.49 2.64 2.84 3.11 3.18 3.11 3.13 3.27 3.37 3.42 3.36 3.20 3.08 2.94 2.84 2.91 3.16 3.33 3.20 3.07 3.09 2.97 2.77 2.53 2.22 2.15 2.52 3.20 3.74 3.39 2.37 1.66 1.31 1.27 1.39 1.48 1.83 2.74 3.36 3.02 2.12 1.63 1.58 1.68 1.93 2.02 2.07 2.32 2.50 2.35 2.10 2.05 2.13
1.49 1.53 1.61 1.69 1.76 1.83 1.89 1.93 1.97 2.01 2.03 2.04 2.05 2.06 2.07 2.06 2.04 2.03 2.04 2.07 2.09 2.11 2.13 2.15 2.18 2.22 2.23 2.20 2.14 2.06 2.06 2.31 2.72 3.02 3.13 3.06 3.06 3.24 3.37 3.28 3.11 2.85 2.64 2.57 2.54 2.59 2.77 2.92 2.71 2.33 2.27 2.33 2.26 2.24 2.08 1.85 1.99 2.50 3.15 3.52 2.94 1.88 1.28 1.17 1.46 1.69 1.72 2.01 2.85 3.23 2.50 1.80 1.81 1.99 2.01 2.03 1.98 2.08 2.42 2.65 2.44 2.07 1.99 2.09
1.48 1.51 1.58 1.67 1.76 1.83 1.88 1.92 1.96 2.00 2.03 2.05 2.07 2.08 2.07 2.06 2.05 2.03 2.03 2.04 2.05 2.07 2.11 2.15 2.19 2.22 2.25 2.27 2.32 2.47 2.68 2.86 2.93 2.85 2.70 2.69 2.87 3.11 3.00 2.66 2.44 2.27 2.18 2.18 2.17 2.22 2.39 2.36 2.02 1.86 1.89 1.89 1.91 1.95 1.82 1.81 2.16 2.62 3.08 3.24 2.53 1.58 1.20 1.33 1.82 2.03 2.05 2.33 2.95 3.07 2.42 2.21 2.49 2.41 2.15 2.05 2.07 2.20 2.49 2.68 2.32 1.90 1.91 2.04
1.48 1.52 1.59 1.65 1.73 1.80 1.86 1.91 1.95 1.97 2.00 2.03 2.06 2.06 2.06 2.06 2.06 2.07 2.06 2.04 2.03 2.05 2.09 2.17 2.22 2.22 2.20 2.21 2.33 2.59 2.82 2.91 2.83 2.71 2.63 2.67 2.85 2.90 2.60 2.28 2.15 2.06 2.01 1.96 1.88 1.94 2.02 1.83 1.65 1.72 1.77 1.76 1.78 1.73 1.67 1.83 2.22 2.61 2.88 2.90 2.38 1.67 1.43 1.62 2.09 2.27 2.27 2.48 2.88 3.11 2.89 2.82 2.77 2.39 2.15 2.15 2.22 2.38 2.61 2.57 2.10 1.77 1.89 2.08
1.48 1.53 1.62 1.69 1.74 1.81 1.87 1.91 1.94 1.96 1.98 2.00 2.01 2.02 2.03 2.05 2.05 2.05 2.04 2.03 2.04 2.06 2.08 2.10 2.14 2.17 2.15 2.13 2.16 2.24 2.35 2.46 2.56 2.74 2.93 3.00 2.91 2.68 2.38 2.19 2.02 1.83 1.68 1.57 1.53 1.64 1.63 1.49 1.52 1.63 1.65 1.64 1.63 1.57 1.61 1.86 2.20 2.42 2.54 2.64 2.40 1.89 1.69 1.83 2.16 2.32 2.38 2.56 3.04 3.47 3.20 2.80 2.48 2.14 2.03 2.09 2.18 2.37 2.45 2.23 1.94 1.85 1.98 2.17
1.46 1.52 1.62 1.72 1.79 1.84 1.88 1.92 1.95 1.97 1.97 1.97 1.98 1.99 1.99 2.00 2.01 2.01 2.00 2.02 2.04 2.04 2.04 2.02 2.01 2.03 2.06 2.08 2.04 2.01 2.14 2.35 2.64 2.92 3.05 2.98 2.75 2.40 2.07 1.82 1.62 1.45 1.38 1.38 1.45 1.57 1.52 1.53 1.66 1.71 1.67 1.68 1.69 1.70 1.86 2.10 2.24 2.25 2.28 2.49 2.39 1.94 1.77 1.89 2.13 2.36 2.60 2.92 3.51 3.59 2.81 2.28 2.05 1.84 1.90 1.99 1.99 2.01 1.92 1.83 1.86 1.84 1.90 2.05
1.44 1.48 1.57 1.68 1.78 1.82 1.85 1.88 1.92 1.94 1.94 1.94 1.95 1.96 1.96 1.97 1.97 1.98 1.99 2.00 2.00 2.00 1.99 1.97 1.97 1.97 2.00 2.01 2.01 2.12 2.39 2.61 2.78 2.78 2.60 2.44 2.34 2.06 1.68 1.37 1.23 1.25 1.36 1.46 1.59 1.72 1.70 1.74 1.78 1.72 1.76 1.87 1.93 2.04 2.23 2.31 2.28 2.23 2.23 2.42 2.48 2.09 1.85 1.93 2.10 2.44 2.88 3.37 3.60 2.98 2.05 1.79 1.78 1.86 2.01 1.96 1.80 1.69 1.70 1.85 1.83 1.69 1.70 1.84
1.43 1.47 1.56 1.63 1.72 1.78 1.82 1.84 1.85 1.88 1.90 1.91 1.92 1.93 1.93 1.94 1.95 1.96 1.97 1.96 1.95 1.95 1.96 1.97 1.98 1.98 2.00 2.04 2.20 2.52 2.70 2.68 2.53 2.30 2.12 1.97 1.81 1.59 1.37 1.27 1.28 1.38 1.52 1.66 1.79 1.86 1.87 1.91 1.85 1.81 2.00 2.14 2.17 2.25 2.35 2.39 2.35 2.32 2.35 2.53 2.61 2.31 2.04 1.98 2.03 2.41 3.11 3.55 3.15 2.15 1.63 1.80 2.19 2.36 2.09 1.80 1.79 1.79 1.86 1.99 1.81 1.65 1.64 1.80
