windninja/windninja_output/Output_2025-10-23_0800-0850_Google earth_Fire_150m_10min/merlingen_7.5mi_point_10-23-2025_0830_150m_vel.asc
ncols	158
nrows	163
xllcorner	391686.332397
yllcorner	5160024.123721
cellsize	150.000000
NODATA_value	-32768.000000
[rows 76 to 113 of 163, columns 0 to 83 of 158]
3.27 3.45 3.63 3.55 3.65 3.94 3.91 3.77 3.72 3.62 3.53 3.45 3.36 3.36 3.36 3.30 3.25 3.27 3.28 3.24 3.20 3.20 3.19 3.17 3.02 2.78 2.85 3.15 3.31 3.39 3.42 3.36 3.33 3.33 3.27 3.20 3.24 3.33 3.33 3.26 3.21 3.21 3.23 3.24 3.25 3.26 3.28 3.30 3.31 3.32 3.33 3.33 3.33 3.32 3.31 3.29 3.28 3.26 3.24 3.22 3.19 3.17 3.14 3.10 3.07 3.04 3.00 2.97 2.91 2.83 2.73 2.65 2.60 2.51 2.45 2.43 2.24 1.93 2.01 3.08 4.38 4.36 3.19 1.83
2.76 3.03 3.45 3.63 3.91 4.12 4.00 3.91 3.94 3.88 3.80 3.65 3.55 3.57 3.53 3.43 3.39 3.41 3.39 3.32 3.28 3.30 3.33 3.29 3.00 2.75 2.99 3.33 3.37 3.31 3.31 3.32 3.32 3.41 3.55 3.47 3.43 3.45 3.40 3.34 3.25 3.24 3.28 3.29 3.30 3.32 3.35 3.36 3.38 3.39 3.40 3.40 3.40 3.38 3.37 3.35 3.33 3.31 3.29 3.27 3.24 3.22 3.19 3.16 3.13 3.09 3.06 3.01 2.96 2.90 2.82 2.74 2.69 2.61 2.52 2.45 2.25 2.02 2.26 3.31 3.94 3.03 1.88 1.56
2.01 2.09 3.00 4.05 4.41 4.36 4.25 4.29 4.45 4.36 4.08 3.80 3.72 3.73 3.67 3.58 3.56 3.55 3.48 3.40 3.38 3.42 3.47 3.33 2.91 2.81 3.24 3.51 3.44 3.27 3.22 3.43 3.56 3.69 3.83 3.73 3.56 3.49 3.47 3.42 3.27 3.24 3.30 3.32 3.34 3.38 3.40 3.42 3.45 3.47 3.48 3.48 3.47 3.46 3.44 3.41 3.39 3.37 3.35 3.33 3.30 3.27 3.25 3.22 3.19 3.15 3.11 3.07 3.02 2.96 2.89 2.81 2.74 2.68 2.58 2.46 2.29 2.17 2.40 3.09 3.15 1.87 1.23 1.32
1.31 1.05 2.51 4.47 5.72 5.65 5.12 4.97 5.14 4.82 4.21 3.91 3.86 3.88 3.84 3.74 3.70 3.65 3.52 3.45 3.47 3.53 3.57 3.32 2.91 3.00 3.50 3.69 3.58 3.34 3.33 3.61 3.76 3.84 3.94 3.87 3.61 3.46 3.53 3.50 3.28 3.21 3.30 3.34 3.36 3.40 3.44 3.48 3.53 3.57 3.59 3.58 3.56 3.53 3.51 3.48 3.46 3.43 3.41 3.38 3.36 3.33 3.30 3.28 3.24 3.21 3.17 3.13 3.08 3.02 2.95 2.86 2.80 2.74 2.63 2.52 2.40 2.33 2.46 2.70 2.27 1.24 0.98 1.14
1.48 1.19 2.65 4.85 7.36 8.54 7.09 6.04 5.78 5.03 4.21 3.93 3.95 3.98 3.94 3.82 3.77 3.69 3.54 3.51 3.57 3.64 3.63 3.39 3.07 3.22 3.69 3.83 3.67 3.48 3.53 3.78 3.89 3.95 4.06 3.98 3.63 3.47 3.60 3.59 3.27 3.13 3.27 3.32 3.35 3.42 3.46 3.52 3.63 3.73 3.73 3.69 3.65 3.61 3.58 3.54 3.51 3.49 3.47 3.44 3.42 3.39 3.36 3.34 3.30 3.27 3.24 3.20 3.14 3.08 3.00 2.92 2.87 2.81 2.72 2.62 2.52 2.40 2.39 2.30 1.69 1.16 1.17 1.22
1.69 1.31 3.73 6.42 9.27 9.05 7.08 6.32 5.81 4.91 4.15 3.88 3.93 3.97 3.96 3.84 3.75 3.69 3.61 3.60 3.67 3.75 3.76 3.54 3.22 3.34 3.80 3.89 3.78 3.71 3.78 3.96 4.02 4.03 4.07 3.96 3.66 3.57 3.67 3.64 3.33 3.11 3.21 3.27 3.33 3.42 3.41 3.50 3.78 3.96 3.92 3.85 3.77 3.69 3.64 3.60 3.57 3.55 3.53 3.50 3.48 3.45 3.42 3.39 3.36 3.33 3.29 3.25 3.20 3.13 3.07 3.00 2.94 2.88 2.79 2.71 2.60 2.47 2.39 2.17 1.71 1.46 1.35 1.21
1.45 2.25 5.67 9.24 9.95 6.86 4.96 4.93 4.74 4.26 3.76 3.61 3.79 3.92 3.93 3.80 3.69 3.73 3.70 3.67 3.78 3.86 3.88 3.67 3.32 3.50 3.94 4.00 3.94 3.91 3.90 3.93 3.88 3.85 3.88 3.85 3.77 3.70 3.74 3.69 3.41 3.19 3.24 3.39 3.51 3.61 3.62 3.75 4.18 4.37 4.21 4.02 3.85 3.75 3.69 3.64 3.62 3.60 3.58 3.56 3.54 3.52 3.49 3.46 3.43 3.39 3.36 3.31 3.26 3.20 3.14 3.07 3.01 2.95 2.88 2.79 2.68 2.54 2.42 2.20 1.84 1.53 1.33 1.38
5.97 6.68 8.48 9.23 7.58 4.96 3.85 3.48 3.26 3.06 2.94 3.23 3.58 3.74 3.82 3.68 3.64 3.79 3.78 3.79 3.93 3.98 4.00 3.81 3.57 3.80 4.16 4.15 4.02 3.97 3.91 3.82 3.73 3.71 3.73 3.80 3.87 3.84 3.84 3.70 3.47 3.39 3.53 3.78 3.98 4.15 4.25 4.45 4.77 4.78 4.46 4.17 3.99 3.84 3.70 3.66 3.66 3.66 3.65 3.63 3.61 3.58 3.55 3.52 3.49 3.46 3.41 3.37 3.32 3.26 3.21 3.15 3.08 3.03 2.96 2.88 2.77 2.64 2.49 2.26 1.88 1.59 1.49 2.00
8.47 8.06 7.37 6.17 4.88 4.01 3.03 2.32 2.15 2.25 2.67 3.15 3.37 3.59 3.73 3.66 3.67 3.87 3.95 3.98 4.10 4.12 4.09 4.06 3.99 4.08 4.23 4.13 3.98 4.01 3.97 3.80 3.67 3.61 3.68 3.82 3.97 4.02 3.94 3.74 3.63 3.66 3.80 3.97 4.13 4.26 4.39 4.62 4.79 4.62 4.28 4.10 3.97 3.73 3.61 3.66 3.70 3.72 3.72 3.70 3.68 3.65 3.62 3.59 3.55 3.51 3.47 3.43 3.38 3.33 3.28 3.22 3.15 3.10 3.04 2.96 2.86 2.73 2.59 2.36 2.06 1.96 2.03 2.82
10.16 8.08 5.49 4.83 4.28 3.45 2.32 1.92 2.19 2.58 3.05 3.22 3.30 3.55 3.73 3.75 3.72 3.96 4.12 4.14 4.23 4.21 4.25 4.41 4.36 4.12 4.05 4.02 4.03 4.10 3.95 3.78 3.64 3.55 3.74 3.96 4.06 4.13 4.08 3.98 3.92 3.88 3.90 3.97 4.06 4.19 4.37 4.60 4.62 4.36 4.05 3.86 3.67 3.52 3.53 3.66 3.75 3.79 3.79 3.77 3.75 3.72 3.69 3.65 3.61 3.57 3.53 3.49 3.45 3.40 3.34 3.29 3.23 3.18 3.13 3.05 2.96 2.85 2.72 2.55 2.40 2.49 2.81 3.84
10.87 8.31 5.43 4.83 4.25 3.42 2.45 2.42 2.98 3.35 3.37 3.19 3.32 3.50 3.73 3.76 3.69 3.99 4.18 4.25 4.29 4.24 4.46 4.83 4.70 4.18 3.98 4.07 4.20 4.12 3.86 3.82 3.76 3.72 3.99 4.15 4.09 4.17 4.28 4.29 4.18 4.03 3.95 3.96 4.06 4.25 4.51 4.69 4.64 4.35 3.98 3.73 3.63 3.57 3.58 3.71 3.83 3.86 3.87 3.87 3.84 3.81 3.76 3.71 3.67 3.63 3.59 3.55 3.51 3.46 3.41 3.36 3.31 3.26 3.21 3.14 3.07 2.99 2.91 2.84 2.83 3.08 3.66 4.89
10.12 7.82 5.60 4.99 4.25 3.65 3.13 3.30 3.87 3.88 3.29 3.15 3.46 3.43 3.63 3.70 3.62 3.99 4.32 4.53 4.47 4.45 5.12 5.87 5.44 4.47 4.11 4.21 4.23 4.04 3.85 3.91 3.94 3.94 4.12 4.17 4.10 4.24 4.46 4.52 4.40 4.17 3.95 3.93 4.09 4.32 4.62 4.74 4.65 4.34 3.94 3.75 3.68 3.65 3.70 3.81 3.91 3.97 4.00 3.99 3.96 3.90 3.83 3.77 3.72 3.68 3.65 3.61 3.56 3.52 3.48 3.43 3.39 3.34 3.29 3.24 3.19 3.15 3.12 3.10 3.17 3.48 4.09 5.11
8.56 7.46 6.01 5.32 4.47 4.02 4.01 4.03 4.02 3.79 3.32 3.49 3.72 3.46 3.58 3.60 3.51 4.06 4.67 5.12 5.08 5.41 7.09 7.64 6.09 4.43 4.00 4.08 4.03 3.94 3.90 3.97 4.03 4.04 4.07 4.14 4.13 4.21 4.46 4.63 4.56 4.30 4.02 3.97 4.13 4.40 4.70 4.78 4.67 4.40 4.10 3.87 3.73 3.77 3.88 3.94 4.03 4.13 4.16 4.16 4.10 3.98 3.88 3.81 3.77 3.73 3.70 3.66 3.63 3.59 3.55 3.51 3.46 3.42 3.38 3.34 3.32 3.29 3.27 3.27 3.35 3.56 4.01 4.89
7.74 7.46 6.54 5.47 4.73 4.32 4.29 4.14 3.73 3.84 4.22 4.19 3.85 3.45 3.31 3.20 3.52 4.37 5.35 6.19 6.60 8.03 9.19 7.79 4.98 3.65 3.55 3.77 3.83 3.88 3.95 4.04 4.11 4.09 4.12 4.26 4.18 4.10 4.30 4.63 4.68 4.45 4.17 4.03 4.15 4.40 4.65 4.82 4.78 4.58 4.36 4.12 4.01 4.07 4.06 4.02 4.06 4.19 4.45 4.51 4.28 4.03 3.91 3.84 3.80 3.77 3.75 3.72 3.69 3.65 3.62 3.57 3.53 3.49 3.46 3.44 3.42 3.40 3.39 3.40 3.48 3.60 3.84 4.37
7.93 7.34 6.10 5.16 4.81 4.44 4.23 4.07 3.76 4.43 5.25 4.62 3.68 3.26 3.00 2.98 3.70 4.78 6.38 8.18 9.69 10.43 8.93 5.66 3.45 2.84 3.12 3.52 3.69 3.83 3.99 4.11 4.15 4.12 4.23 4.40 4.25 4.12 4.24 4.61 4.83 4.65 4.34 4.12 4.16 4.33 4.53 4.86 4.96 4.81 4.63 4.49 4.42 4.32 4.04 3.85 3.93 4.37 5.10 5.04 4.39 4.00 3.90 3.85 3.83 3.82 3.80 3.78 3.75 3.72 3.68 3.64 3.60 3.58 3.55 3.53 3.50 3.49 3.49 3.52 3.59 3.66 3.77 4.09
8.00 6.98 5.68 5.39 5.41 4.98 4.56 4.33 4.18 5.07 5.76 4.69 3.45 3.15 3.14 3.33 3.98 4.96 7.11 10.47 11.71 9.99 6.10 3.62 2.47 2.26 2.77 3.27 3.57 3.80 4.02 4.15 4.21 4.23 4.37 4.53 4.41 4.32 4.37 4.53 4.80 4.74 4.52 4.34 4.26 4.28 4.45 4.84 5.11 5.14 5.00 4.85 4.72 4.43 3.91 3.74 4.28 5.18 5.82 5.30 4.26 3.85 3.81 3.83 3.85 3.85 3.85 3.83 3.81 3.78 3.74 3.70 3.68 3.65 3.63 3.61 3.59 3.58 3.59 3.63 3.68 3.72 3.84 4.11
8.01 7.18 6.23 6.22 6.40 6.27 6.18 5.93 5.32 5.51 5.86 4.76 3.56 3.34 3.41 3.87 4.56 5.64 8.73 11.80 10.92 6.11 3.25 2.05 1.58 1.76 2.52 3.13 3.53 3.83 4.03 4.22 4.39 4.47 4.56 4.64 4.57 4.52 4.51 4.46 4.48 4.62 4.72 4.61 4.41 4.26 4.35 4.72 5.18 5.49 5.43 5.24 5.00 4.53 3.99 4.20 5.23 5.84 5.70 4.85 3.92 3.62 3.70 3.82 3.86 3.89 3.90 3.89 3.87 3.83 3.80 3.77 3.75 3.72 3.70 3.67 3.66 3.66 3.68 3.70 3.74 3.79 3.91 4.09
8.46 7.84 7.05 7.05 7.50 7.71 7.54 7.04 6.21 5.82 6.20 5.72 4.96 4.96 4.89 5.41 6.64 8.42 10.97 11.03 7.37 2.46 1.36 1.05 1.05 1.62 2.54 3.17 3.57 3.85 4.05 4.39 4.72 4.78 4.71 4.68 4.67 4.66 4.66 4.48 4.20 4.32 4.79 4.88 4.52 4.26 4.32 4.67 5.28 5.73 6.01 5.96 5.26 4.57 4.24 4.61 5.40 5.43 4.93 4.38 3.79 3.49 3.60 3.79 3.87 3.94 3.97 3.95 3.92 3.88 3.86 3.84 3.82 3.79 3.76 3.74 3.73 3.73 3.74 3.75 3.78 3.83 3.91 4.02
9.27 8.50 7.48 7.58 8.25 8.07 7.01 5.84 5.17 5.81 6.67 6.49 6.15 6.11 6.13 6.90 7.93 9.18 10.11 7.51 3.40 1.25 0.75 0.74 1.01 1.87 2.74 3.23 3.57 3.80 4.10 4.73 5.24 5.11 4.76 4.68 4.78 4.84 4.84 4.63 4.22 4.10 4.64 5.04 4.68 4.47 4.54 4.84 5.49 6.05 6.88 6.81 5.22 4.44 4.40 4.61 5.00 4.97 4.61 4.30 3.96 3.57 3.58 3.80 3.92 4.00 4.02 3.99 3.96 3.95 3.93 3.92 3.88 3.84 3.81 3.80 3.80 3.80 3.79 3.80 3.82 3.85 3.90 3.97
9.93 9.01 7.84 8.01 8.45 7.56 5.90 4.46 4.16 5.22 6.21 5.79 4.83 3.83 4.10 5.63 6.57 7.41 8.25 5.62 2.68 2.50 2.00 1.56 1.64 2.35 2.92 3.27 3.52 3.81 4.46 5.39 5.76 5.26 4.70 4.70 4.95 5.04 5.01 4.83 4.45 4.18 4.52 5.00 4.98 4.95 5.07 5.40 6.08 6.97 7.67 6.78 4.75 4.15 4.42 4.62 4.83 4.85 4.57 4.35 4.13 3.73 3.68 3.90 4.02 4.06 4.05 4.03 4.03 4.03 4.02 3.98 3.92 3.89 3.87 3.87 3.86 3.85 3.84 3.84 3.85 3.86 3.89 3.91
10.25 9.68 8.68 8.38 8.17 6.82 5.35 4.19 3.79 4.13 4.67 4.65 3.57 3.09 3.51 4.96 5.81 7.58 8.17 4.79 3.75 4.02 3.43 2.70 2.56 2.86 3.11 3.36 3.64 4.16 5.20 5.85 5.79 5.19 4.67 4.81 5.13 5.23 5.18 5.04 4.74 4.42 4.52 4.99 5.34 5.46 5.78 6.38 7.12 7.60 7.09 5.67 4.37 3.98 4.40 4.71 4.74 4.70 4.49 4.35 4.18 3.87 3.87 4.04 4.10 4.11 4.09 4.10 4.14 4.13 4.07 4.00 3.96 3.94 3.94 3.94 3.92 3.91 3.89 3.88 3.88 3.87 3.88 3.87
11.04 10.54 9.31 8.13 7.31 6.36 5.36 4.48 3.94 3.70 3.77 3.24 2.57 2.97 3.87 5.13 6.27 7.69 7.85 5.87 5.04 4.82 4.94 4.36 3.57 3.25 3.25 3.48 3.94 4.65 5.46 5.71 5.58 5.26 4.88 4.98 5.32 5.48 5.42 5.28 5.08 4.73 4.59 5.07 5.61 5.77 6.22 6.89 7.21 6.77 5.67 5.01 4.54 4.13 4.43 4.73 4.69 4.59 4.45 4.35 4.16 4.01 4.07 4.17 4.20 4.19 4.17 4.20 4.23 4.18 4.09 4.03 4.01 4.01 4.01 4.00 3.98 3.96 3.94 3.92 3.91 3.89 3.87 3.85
12.32 11.23 9.05 7.34 6.60 6.31 5.57 4.94 4.51 3.96 3.56 3.02 2.46 2.75 4.05 5.49 6.69 7.05 6.05 6.04 5.86 5.55 6.38 6.07 4.47 3.24 3.17 3.60 4.17 4.83 5.42 5.59 5.63 5.54 5.25 5.27 5.63 5.87 5.77 5.57 5.39 5.03 4.77 5.08 5.55 5.78 6.26 6.81 6.68 6.02 5.33 5.07 4.84 4.51 4.58 4.77 4.82 4.71 4.52 4.35 4.16 4.13 4.26 4.34 4.32 4.28 4.28 4.29 4.25 4.18 4.12 4.08 4.08 4.08 4.07 4.06 4.03 4.01 3.99 3.96 3.94 3.91 3.88 3.84
13.07 11.09 8.36 6.94 6.26 5.87 5.27 5.15 4.93 4.29 3.88 3.40 2.77 2.88 4.05 5.63 6.51 5.98 5.21 5.37 5.84 6.73 8.06 7.06 3.97 2.60 3.09 3.74 4.26 4.91 5.52 5.73 5.82 5.83 5.70 5.79 6.11 6.33 6.20 5.90 5.64 5.36 5.08 5.08 5.46 5.96 6.36 6.56 6.35 5.88 5.55 5.28 5.04 4.92 4.87 4.94 4.96 4.87 4.63 4.36 4.23 4.29 4.47 4.51 4.45 4.40 4.38 4.33 4.25 4.20 4.16 4.14 4.14 4.14 4.13 4.11 4.09 4.07 4.04 4.01 3.98 3.94 3.90 3.85
11.67 10.10 8.05 7.05 6.15 5.55 5.15 5.02 4.90 4.47 4.28 3.85 3.30 3.45 4.17 5.46 6.31 5.34 4.42 4.65 6.03 8.40 8.63 5.41 3.00 2.85 3.53 4.04 4.41 5.04 5.71 6.06 6.18 6.28 6.28 6.37 6.54 6.67 6.72 6.35 5.92 5.71 5.41 5.20 5.52 6.04 6.27 6.29 6.14 5.89 5.76 5.48 5.20 5.22 5.22 5.13 4.95 5.02 4.91 4.50 4.36 4.43 4.58 4.68 4.68 4.55 4.50 4.38 4.22 4.21 4.21 4.19 4.19 4.20 4.20 4.18 4.16 4.13 4.11 4.07 4.02 3.98 3.92 3.86
9.79 8.86 7.77 6.99 5.93 5.41 5.27 5.06 4.76 4.46 4.36 3.99 3.55 3.80 4.42 5.29 6.07 5.29 4.01 5.42 8.18 8.98 6.99 4.97 4.07 3.78 4.14 4.49 4.69 5.22 6.03 6.61 6.80 6.97 6.94 6.81 6.80 7.00 7.29 6.92 6.24 5.96 5.68 5.40 5.45 5.76 6.10 6.18 6.04 5.95 5.87 5.62 5.38 5.36 5.44 5.23 5.00 5.24 5.17 4.67 4.44 4.45 4.63 4.89 4.94 4.74 4.60 4.36 4.12 4.13 4.23 4.27 4.27 4.27 4.26 4.24 4.23 4.20 4.17 4.12 4.08 4.02 3.96 3.89
8.40 7.88 7.15 6.54 5.77 5.32 5.25 5.11 4.77 4.46 4.31 4.03 3.50 3.46 4.10 5.15 6.01 5.64 5.00 6.96 8.79 7.00 5.66 5.41 4.91 4.62 4.72 4.93 5.06 5.58 6.54 7.29 7.58 7.73 7.61 7.27 7.19 7.55 7.84 7.39 6.52 6.06 5.91 5.66 5.54 5.81 6.23 6.28 6.08 5.97 5.80 5.70 5.56 5.47 5.59 5.37 5.26 5.36 5.22 4.94 4.65 4.57 4.76 5.02 5.13 4.89 4.54 4.18 3.91 4.00 4.33 4.45 4.36 4.31 4.31 4.31 4.31 4.28 4.24 4.20 4.14 4.08 4.01 3.93
7.35 7.02 6.44 6.02 5.61 5.28 5.17 5.04 4.84 4.54 4.29 4.12 3.53 3.27 3.85 5.00 6.19 6.04 5.85 7.52 7.95 6.49 6.02 5.89 5.50 5.36 5.51 5.48 5.54 6.24 7.13 7.81 8.30 8.43 8.27 7.98 7.84 8.03 8.09 7.66 6.80 6.26 6.15 5.99 5.87 5.98 6.20 6.18 5.92 5.77 5.71 5.81 5.79 5.68 5.76 5.59 5.44 5.37 5.30 5.25 5.02 4.81 4.81 5.04 5.24 4.95 4.44 4.02 3.75 3.94 4.50 4.66 4.40 4.32 4.35 4.38 4.40 4.39 4.34 4.27 4.22 4.15 4.06 3.97
6.47 6.21 5.78 5.60 5.43 5.24 5.12 4.91 4.86 4.74 4.45 4.27 3.90 3.82 4.18 4.89 6.12 6.23 6.09 6.91 7.12 6.90 6.71 6.36 5.93 6.01 6.46 6.41 6.35 7.17 7.71 8.14 8.88 9.07 8.93 8.86 8.63 8.39 8.26 7.94 7.27 6.68 6.46 6.35 6.15 5.97 5.99 5.93 5.64 5.62 5.82 5.95 5.98 5.91 5.82 5.66 5.49 5.41 5.46 5.45 5.19 4.85 4.76 5.09 5.25 4.96 4.47 3.98 3.72 3.98 4.55 4.71 4.45 4.26 4.30 4.47 4.57 4.53 4.44 4.36 4.32 4.24 4.13 4.02
5.59 5.40 5.15 5.21 5.29 5.21 5.07 4.79 4.84 5.05 4.83 4.58 4.48 4.35 4.41 4.86 5.67 6.00 5.91 6.21 6.34 6.59 6.93 6.62 6.32 6.57 7.23 7.36 7.46 8.21 8.38 8.78 9.32 9.43 9.60 9.99 9.83 9.16 8.81 8.46 7.88 7.12 6.78 6.74 6.42 6.12 6.01 5.86 5.63 5.72 6.05 6.11 6.06 6.02 5.88 5.69 5.53 5.48 5.56 5.54 5.24 4.90 4.90 5.16 5.15 4.95 4.58 4.00 3.71 4.03 4.44 4.58 4.58 4.32 4.39 4.74 4.83 4.60 4.43 4.48 4.49 4.36 4.20 4.06
4.70 4.62 4.56 4.80 5.14 5.15 4.98 4.76 4.88 5.38 5.31 5.03 4.93 4.62 4.60 4.76 5.17 5.53 5.41 5.50 5.95 6.56 6.54 6.36 6.70 7.05 7.61 8.12 8.84 9.38 9.57 9.79 9.40 9.32 10.55 11.81 11.43 10.14 9.34 8.81 8.16 7.40 7.21 7.12 6.67 6.36 6.09 5.86 5.76 5.86 6.18 6.20 5.99 5.98 5.97 5.75 5.53 5.48 5.58 5.58 5.30 5.08 5.14 5.24 5.14 4.97 4.68 4.05 3.69 3.96 4.30 4.48 4.71 4.71 4.80 5.10 5.01 4.56 4.48 4.78 4.82 4.52 4.23 4.08
3.84 3.87 4.04 4.44 4.93 5.10 5.05 4.90 5.01 5.71 5.88 5.48 5.00 4.63 4.70 4.61 4.82 5.03 4.81 4.88 5.74 6.82 6.21 5.54 6.48 7.41 7.77 8.45 10.07 10.93 10.82 10.29 8.67 9.10 12.33 13.96 12.58 10.31 9.40 9.12 8.35 7.77 7.73 7.47 7.05 6.74 6.35 6.11 5.98 5.88 6.04 6.08 5.85 5.86 5.93 5.79 5.56 5.50 5.57 5.53 5.46 5.40 5.34 5.31 5.23 4.94 4.69 4.20 3.71 3.78 4.24 4.58 4.86 5.07 5.14 5.24 5.11 4.76 4.77 5.10 5.09 4.60 4.23 4.08
3.12 3.19 3.60 4.26 4.81 5.14 5.42 5.37 5.51 5.85 5.90 5.38 4.59 4.56 4.93 4.83 4.75 4.57 4.34 4.60 5.70 7.01 6.33 4.93 5.54 7.11 7.87 8.19 10.69 12.63 11.49 10.32 8.24 9.49 14.54 15.17 12.24 9.99 9.94 9.95 8.74 8.07 8.22 7.99 7.48 7.09 6.76 6.47 6.12 5.84 5.84 5.92 5.82 5.77 5.79 5.74 5.67 5.62 5.61 5.48 5.54 5.73 5.56 5.29 5.20 4.89 4.63 4.36 3.84 3.67 4.12 4.74 5.12 5.28 5.37 5.43 5.37 5.15 4.95 5.04 5.06 4.70 4.29 4.07
2.57 2.72 3.51 4.54 5.21 5.58 5.63 5.47 5.43 5.36 5.49 5.30 4.54 4.70 5.38 5.45 4.86 3.91 3.92 5.00 6.40 7.19 6.28 4.78 4.64 6.24 7.63 8.00 10.96 13.56 11.89 10.51 9.15 10.76 15.80 15.10 11.52 10.68 11.31 10.39 8.18 7.95 8.76 8.35 7.63 7.40 7.16 6.59 6.05 5.83 5.82 5.89 5.84 5.71 5.64 5.63 5.67 5.81 5.81 5.51 5.48 5.93 5.80 5.15 5.06 4.99 4.67 4.47 4.07 3.67 3.87 4.82 5.52 5.52 5.57 5.64 5.61 5.35 4.92 4.89 5.02 4.92 4.47 4.06
2.46 2.77 3.98 4.98 5.35 5.38 5.08 4.96 5.04 5.09 5.39 5.38 4.77 4.97 5.91 6.24 4.92 2.98 3.43 5.47 7.30 7.62 6.04 4.69 4.40 5.36 6.85 7.93 11.33 13.94 12.45 10.91 10.11 12.17 16.53 15.59 12.67 12.59 11.85 9.30 7.50 8.50 9.34 8.37 7.77 7.81 7.34 6.54 6.08 5.95 5.88 5.80 5.64 5.56 5.61 5.56 5.56 5.94 6.07 5.51 5.35 5.86 5.82 5.07 4.96 5.17 4.94 4.60 4.19 3.77 3.90 4.96 5.84 5.75 5.67 5.74 5.64 5.36 5.02 4.97 5.05 5.10 4.66 4.02
2.64 3.08 4.17 4.76 4.79 4.71 4.59 4.70 4.86 4.96 5.29 5.59 5.20 5.35 6.55 6.94 4.89 2.13 2.73 5.48 7.89 8.47 6.25 4.61 4.51 5.26 6.32 7.59 10.66 13.65 13.48 11.62 10.69 13.22 17.63 17.26 14.99 13.72 11.27 8.44 8.17 9.13 9.41 8.61 8.20 7.89 7.08 6.40 6.19 6.10 5.88 5.54 5.22 5.38 5.69 5.51 5.39 5.89 6.18 5.64 5.28 5.60 5.68 5.25 5.07 5.34 5.31 4.78 4.25 4.02 4.22 5.06 5.85 5.84 5.74 5.81 5.62 5.34 5.22 5.20 5.21 5.24 4.78 4.10
2.54 2.92 3.72 4.13 4.27 4.32 4.41 4.58 4.74 4.74 5.08 6.13 6.15 5.86 7.00 7.38 4.79 1.80 2.12 4.90 7.60 9.10 7.31 4.55 4.43 6.13 6.96 7.76 9.31 11.99 13.84 13.07 11.96 14.90 19.15 18.55 15.90 13.10 9.60 8.30 8.16 8.16 8.91 9.49 8.87 7.80 6.77 6.25 6.16 6.11 5.87 5.36 5.00 5.35 5.73 5.46 5.26 5.69 6.16 5.85 5.31 5.31 5.53 5.48 5.33 5.41 5.49 5.06 4.53 4.29 4.42 5.05 5.72 5.87 5.84 5.91 5.72 5.39 5.42 5.52 5.50 5.42 4.86 4.21
2.44 2.64 3.18 3.67 4.07 4.22 4.31 4.47 4.57 4.49 4.96 6.63 7.09 6.30 7.09 7.72 5.07 2.26 2.52 4.17 6.63 9.08 8.33 4.91 4.77 7.39 8.13 8.61 8.83 9.79 12.55 14.18 14.67 17.64 20.45 18.21 14.17 10.81 8.40 7.50 6.68 7.13 9.42 10.53 9.13 7.37 6.57 6.39 6.28 6.15 5.88 5.37 5.07 5.30 5.60 5.45 5.23 5.46 6.03 5.97 5.45 5.12 5.40 5.77 5.50 5.40 5.51 5.30 5.05 4.70 4.65 5.19 5.74 5.79 5.86 6.07 5.93 5.61 5.54 5.62 5.83 5.62 4.76 4.15
