windninja/windninja_output/Output_2025-10-23_0800-0850_Google earth_Fire_150m_10min/merlingen_7.5mi_point_10-23-2025_0820_150m_vel.asc
ncols	158
nrows	163
xllcorner	391686.332397
yllcorner	5160024.123721
cellsize	150.000000
NODATA_value	-32768.000000
[rows 0 to 37 of 163, columns 0 to 83 of 158]
2.19 2.16 2.21 2.36 2.53 2.66 2.66 2.62 2.68 2.75 2.74 2.58 2.25 1.87 1.67 1.63 1.59 1.63 1.87 2.27 2.56 2.70 2.81 2.85 2.83 2.74 2.57 2.50 2.60 2.63 2.53 2.42 2.30 2.20 2.22 2.28 2.16 2.01 2.00 1.99 2.01 2.08 2.08 2.06 2.16 2.22 2.24 2.31 2.54 2.80 2.95 3.02 3.07 3.04 2.87 2.65 2.47 2.39 2.41 2.46 2.43 2.35 2.29 2.26 2.24 2.21 2.21 2.26 2.32 2.34 2.30 2.22 2.12 2.06 2.10 2.12 2.02 1.94 1.98 2.02 1.95 1.80 1.78 1.82
2.22 2.25 2.32 2.40 2.49 2.53 2.46 2.40 2.43 2.51 2.57 2.55 2.42 2.26 2.16 2.11 2.16 2.28 2.53 2.77 2.82 2.87 2.95 2.97 2.92 2.80 2.69 2.64 2.62 2.53 2.45 2.41 2.37 2.34 2.35 2.39 2.33 2.32 2.35 2.30 2.29 2.34 2.34 2.43 2.55 2.59 2.65 2.70 2.76 2.80 2.79 2.79 2.75 2.64 2.52 2.45 2.45 2.47 2.50 2.46 2.38 2.33 2.33 2.32 2.29 2.24 2.25 2.30 2.35 2.36 2.29 2.19 2.14 2.14 2.18 2.12 1.98 2.01 2.12 2.07 1.89 1.76 1.81 1.81
2.36 2.45 2.53 2.51 2.50 2.41 2.32 2.35 2.48 2.64 2.78 2.78 2.73 2.75 2.80 2.93 3.13 3.27 3.36 3.29 3.14 3.06 3.04 3.01 2.97 2.91 2.84 2.75 2.61 2.45 2.38 2.38 2.42 2.50 2.61 2.65 2.69 2.76 2.76 2.72 2.73 2.74 2.79 2.95 3.05 3.11 3.18 3.19 3.07 2.87 2.76 2.66 2.49 2.35 2.33 2.42 2.54 2.59 2.57 2.50 2.44 2.44 2.43 2.41 2.34 2.29 2.30 2.35 2.42 2.37 2.22 2.15 2.20 2.25 2.24 2.11 2.02 2.17 2.25 2.07 1.79 1.76 1.85 1.78
2.52 2.62 2.68 2.64 2.62 2.57 2.65 2.95 3.25 3.37 3.26 3.04 2.93 2.93 3.07 3.36 3.52 3.57 3.50 3.29 3.11 3.06 3.05 3.04 3.12 3.19 3.16 3.06 2.94 2.81 2.71 2.62 2.61 2.74 2.85 2.88 2.85 2.80 2.82 2.93 3.05 3.12 3.22 3.34 3.38 3.40 3.37 3.27 3.14 3.08 2.99 2.79 2.62 2.56 2.55 2.57 2.56 2.54 2.51 2.50 2.52 2.49 2.43 2.37 2.32 2.30 2.32 2.39 2.45 2.33 2.16 2.15 2.21 2.19 2.12 2.05 2.10 2.22 2.19 1.96 1.76 1.81 1.90 1.83
2.59 2.66 2.73 2.75 2.76 2.83 3.06 3.35 3.48 3.35 3.09 2.94 2.96 3.06 3.28 3.45 3.44 3.35 3.19 3.03 2.96 2.99 3.08 3.15 3.28 3.40 3.51 3.55 3.50 3.42 3.34 3.26 3.22 3.20 3.11 3.00 2.92 2.97 3.14 3.30 3.40 3.50 3.62 3.66 3.59 3.47 3.30 3.15 3.07 3.00 2.83 2.65 2.57 2.55 2.53 2.50 2.49 2.47 2.46 2.47 2.46 2.40 2.34 2.33 2.32 2.32 2.32 2.38 2.42 2.24 2.09 2.10 2.15 2.12 2.04 1.99 2.04 2.13 2.09 1.87 1.68 1.75 1.93 1.97
2.55 2.58 2.67 2.80 2.92 3.05 3.21 3.27 3.09 2.79 2.67 2.75 2.86 3.04 3.27 3.30 3.17 2.98 2.77 2.69 2.75 2.85 2.96 3.08 3.20 3.27 3.34 3.43 3.53 3.61 3.64 3.70 3.75 3.67 3.47 3.33 3.38 3.55 3.67 3.69 3.67 3.66 3.63 3.50 3.33 3.15 3.00 2.92 2.83 2.69 2.55 2.46 2.41 2.39 2.40 2.44 2.47 2.49 2.50 2.49 2.45 2.38 2.35 2.35 2.34 2.31 2.30 2.39 2.42 2.21 2.06 2.10 2.20 2.18 2.08 2.06 2.11 2.15 2.00 1.70 1.59 1.77 2.00 2.05
2.50 2.51 2.56 2.73 2.95 3.10 3.14 3.01 2.73 2.55 2.58 2.71 2.85 2.99 3.11 3.09 3.00 2.90 2.85 2.84 2.85 2.88 2.91 2.92 2.97 2.94 2.91 3.04 3.24 3.39 3.52 3.67 3.75 3.74 3.74 3.82 3.92 3.93 3.83 3.68 3.56 3.42 3.23 3.01 2.84 2.75 2.70 2.65 2.56 2.45 2.38 2.38 2.39 2.38 2.38 2.41 2.45 2.49 2.53 2.55 2.57 2.54 2.48 2.41 2.36 2.31 2.33 2.43 2.43 2.26 2.20 2.33 2.41 2.29 2.18 2.21 2.26 2.21 1.89 1.62 1.75 2.04 2.13 2.11
2.54 2.55 2.57 2.61 2.70 2.78 2.77 2.62 2.46 2.47 2.61 2.79 2.97 3.08 3.09 3.06 3.00 3.01 3.07 3.10 3.12 3.14 3.04 2.89 2.81 2.77 2.83 2.97 3.04 3.07 3.22 3.37 3.38 3.37 3.52 3.70 3.72 3.58 3.39 3.22 3.07 2.92 2.77 2.63 2.55 2.53 2.49 2.43 2.36 2.27 2.23 2.32 2.38 2.36 2.39 2.46 2.52 2.58 2.65 2.71 2.72 2.63 2.52 2.45 2.39 2.33 2.38 2.48 2.44 2.30 2.32 2.48 2.46 2.29 2.19 2.17 2.18 2.04 1.70 1.61 1.99 2.23 2.23 2.21
2.57 2.58 2.59 2.57 2.52 2.46 2.38 2.32 2.38 2.50 2.64 2.80 2.96 3.11 3.18 3.13 3.04 3.06 3.11 3.14 3.21 3.24 3.20 3.13 3.05 3.01 3.03 3.00 2.89 2.87 2.99 3.08 3.05 3.06 3.15 3.14 3.01 2.86 2.74 2.63 2.51 2.44 2.40 2.40 2.43 2.40 2.32 2.26 2.22 2.18 2.22 2.27 2.23 2.24 2.42 2.59 2.67 2.72 2.74 2.65 2.47 2.29 2.24 2.25 2.23 2.31 2.46 2.54 2.45 2.29 2.27 2.29 2.18 2.07 2.03 2.02 2.02 1.82 1.55 1.69 2.15 2.36 2.38 2.44
2.55 2.55 2.58 2.58 2.54 2.45 2.37 2.37 2.47 2.59 2.69 2.78 2.85 2.94 3.02 3.03 3.05 3.11 3.20 3.33 3.40 3.39 3.39 3.40 3.34 3.22 3.11 2.98 2.87 2.87 2.97 2.94 2.86 2.88 2.90 2.79 2.60 2.46 2.36 2.28 2.25 2.28 2.30 2.31 2.28 2.21 2.15 2.13 2.10 2.06 2.08 2.11 2.09 2.22 2.44 2.57 2.57 2.51 2.35 2.10 1.93 1.90 1.86 1.81 1.97 2.27 2.48 2.49 2.29 2.09 2.07 2.09 2.03 1.94 1.89 1.85 1.82 1.71 1.75 2.12 2.49 2.61 2.56 2.57
2.55 2.57 2.60 2.59 2.57 2.55 2.55 2.58 2.63 2.68 2.72 2.74 2.76 2.78 2.82 2.89 3.00 3.12 3.24 3.38 3.52 3.58 3.59 3.54 3.48 3.40 3.22 2.99 2.88 2.88 2.85 2.72 2.60 2.60 2.59 2.48 2.35 2.26 2.23 2.27 2.31 2.31 2.28 2.19 2.07 2.01 1.97 1.92 1.84 1.74 1.78 1.86 1.92 2.08 2.17 2.16 1.99 1.81 1.62 1.49 1.50 1.54 1.45 1.53 1.91 2.21 2.28 2.15 1.84 1.77 1.96 2.10 2.07 1.95 1.82 1.70 1.74 1.89 2.17 2.62 2.84 2.81 2.69 2.64
2.58 2.60 2.61 2.59 2.58 2.60 2.65 2.69 2.71 2.72 2.73 2.74 2.74 2.73 2.75 2.85 2.98 3.11 3.17 3.22 3.30 3.39 3.44 3.44 3.40 3.25 2.96 2.74 2.64 2.58 2.47 2.35 2.32 2.35 2.29 2.16 2.10 2.13 2.20 2.24 2.22 2.20 2.14 2.03 1.96 1.88 1.70 1.51 1.36 1.27 1.33 1.39 1.38 1.50 1.56 1.55 1.43 1.27 1.14 1.08 1.16 1.22 1.24 1.50 1.89 2.01 1.97 1.74 1.52 1.77 2.12 2.17 2.11 2.04 1.99 2.06 2.29 2.55 2.79 2.99 2.97 2.92 2.92 3.05
2.58 2.59 2.61 2.61 2.62 2.65 2.68 2.67 2.67 2.69 2.71 2.73 2.71 2.65 2.63 2.75 2.89 3.01 3.10 3.14 3.14 3.10 3.06 3.01 2.86 2.60 2.42 2.35 2.31 2.26 2.23 2.24 2.25 2.22 2.08 1.95 1.96 2.07 2.13 2.11 2.09 2.09 2.02 1.90 1.81 1.64 1.36 1.08 0.93 0.98 1.05 1.02 1.01 1.14 1.29 1.29 1.20 1.04 0.88 0.89 1.08 1.22 1.35 1.59 1.79 1.81 1.71 1.61 1.70 2.03 2.15 2.12 2.21 2.29 2.48 2.78 2.98 3.16 3.25 3.17 3.06 3.07 3.18 3.43
2.58 2.59 2.61 2.62 2.66 2.70 2.69 2.66 2.66 2.68 2.70 2.71 2.69 2.65 2.62 2.65 2.71 2.79 2.88 2.95 2.93 2.79 2.62 2.41 2.25 2.21 2.24 2.28 2.29 2.23 2.16 2.12 2.12 2.06 1.96 1.98 2.07 2.08 2.02 1.94 1.87 1.72 1.45 1.26 1.16 1.04 0.93 0.87 0.90 0.97 0.97 0.92 0.90 1.05 1.27 1.27 1.14 0.93 0.78 0.91 1.24 1.44 1.63 1.78 1.77 1.71 1.67 1.81 2.02 2.06 2.05 2.17 2.43 2.59 2.70 2.74 2.86 3.00 2.92 2.82 2.96 3.15 3.25 3.30
2.60 2.61 2.62 2.63 2.65 2.65 2.65 2.67 2.69 2.70 2.70 2.72 2.74 2.79 2.83 2.83 2.84 2.78 2.70 2.64 2.53 2.36 2.21 2.09 2.06 2.14 2.26 2.31 2.27 2.16 2.08 2.06 2.05 2.01 2.04 2.13 2.08 1.91 1.69 1.42 1.19 0.90 0.67 0.65 0.70 0.71 0.75 0.92 1.12 1.16 1.12 1.07 1.05 1.23 1.43 1.39 1.23 1.02 0.95 1.26 1.71 1.95 2.15 2.09 1.87 1.85 1.95 2.14 2.24 2.06 2.09 2.42 2.67 2.61 2.42 2.39 2.56 2.50 2.27 2.40 2.82 3.01 2.95 2.79
2.60 2.61 2.63 2.64 2.63 2.61 2.62 2.64 2.67 2.69 2.72 2.74 2.78 2.87 3.01 3.15 3.15 2.98 2.75 2.54 2.37 2.25 2.18 2.16 2.18 2.25 2.32 2.31 2.24 2.21 2.30 2.38 2.31 2.16 1.99 1.74 1.45 1.22 0.99 0.78 0.65 0.57 0.65 0.89 0.98 1.01 1.07 1.09 1.12 1.31 1.56 1.64 1.77 2.02 2.08 1.97 1.74 1.51 1.48 1.79 2.23 2.47 2.49 2.24 2.08 2.25 2.37 2.43 2.50 2.27 2.22 2.50 2.56 2.30 2.17 2.31 2.32 2.10 2.14 2.65 2.89 2.65 2.43 2.23
2.61 2.62 2.63 2.63 2.63 2.64 2.65 2.66 2.67 2.69 2.72 2.75 2.78 2.83 2.94 3.07 3.06 2.96 2.81 2.63 2.46 2.33 2.27 2.26 2.32 2.37 2.33 2.30 2.36 2.44 2.48 2.35 2.06 1.69 1.29 0.99 0.85 0.77 0.76 0.82 0.91 1.08 1.36 1.49 1.44 1.42 1.45 1.39 1.39 1.67 2.00 2.18 2.33 2.39 2.28 2.11 2.02 1.95 1.98 2.33 2.62 2.67 2.49 2.20 2.20 2.44 2.58 2.68 2.72 2.49 2.32 2.34 2.35 2.25 2.26 2.25 2.08 2.15 2.62 2.93 2.61 2.13 1.96 1.76
2.62 2.63 2.64 2.65 2.66 2.67 2.69 2.70 2.72 2.74 2.74 2.74 2.75 2.76 2.79 2.78 2.71 2.67 2.64 2.54 2.38 2.22 2.15 2.18 2.22 2.20 2.16 2.18 2.23 2.25 2.13 1.81 1.46 1.21 1.08 1.09 1.14 1.20 1.29 1.40 1.52 1.60 1.62 1.56 1.51 1.53 1.62 1.77 2.01 2.21 2.28 2.29 2.27 2.18 2.04 2.02 2.14 2.28 2.44 2.64 2.75 2.71 2.45 2.25 2.36 2.61 2.79 2.82 2.62 2.42 2.44 2.41 2.47 2.47 2.26 2.13 2.17 2.45 2.70 2.41 1.87 1.67 1.55 1.36
2.63 2.64 2.65 2.66 2.68 2.69 2.70 2.72 2.75 2.75 2.74 2.72 2.71 2.71 2.69 2.62 2.51 2.38 2.27 2.17 2.08 2.03 2.02 2.01 1.98 1.96 1.99 2.00 1.94 1.81 1.63 1.43 1.33 1.36 1.44 1.49 1.51 1.51 1.52 1.57 1.60 1.59 1.56 1.54 1.55 1.65 1.85 2.07 2.20 2.26 2.22 2.12 2.02 1.99 2.06 2.21 2.34 2.43 2.53 2.65 2.72 2.60 2.38 2.35 2.54 2.74 2.82 2.65 2.43 2.55 2.74 2.69 2.67 2.50 2.12 2.00 2.03 2.05 1.99 1.67 1.49 1.50 1.34 1.22
2.62 2.63 2.65 2.68 2.70 2.71 2.72 2.73 2.73 2.72 2.72 2.72 2.73 2.69 2.63 2.53 2.38 2.21 2.09 2.03 2.04 2.06 2.07 2.04 2.01 2.01 1.99 1.93 1.84 1.70 1.56 1.46 1.41 1.38 1.37 1.42 1.51 1.58 1.65 1.77 1.80 1.79 1.79 1.77 1.82 2.00 2.19 2.17 2.07 2.04 2.03 1.99 1.98 2.09 2.30 2.44 2.46 2.45 2.48 2.51 2.46 2.32 2.25 2.37 2.53 2.66 2.67 2.60 2.76 3.08 3.06 2.78 2.60 2.42 2.20 2.00 1.72 1.57 1.59 1.57 1.57 1.60 1.48 1.39
2.64 2.66 2.69 2.69 2.70 2.72 2.73 2.73 2.72 2.70 2.70 2.72 2.71 2.68 2.62 2.52 2.40 2.30 2.24 2.22 2.22 2.21 2.19 2.17 2.14 2.08 2.01 1.94 1.87 1.78 1.68 1.63 1.61 1.63 1.76 1.90 2.02 2.15 2.20 2.17 2.06 1.97 1.90 1.92 2.07 2.20 2.17 2.03 1.97 2.03 2.06 2.08 2.16 2.27 2.34 2.33 2.35 2.39 2.40 2.33 2.22 2.23 2.38 2.47 2.59 2.75 2.83 3.00 3.30 3.30 2.89 2.46 2.28 2.26 2.21 1.98 1.75 1.67 1.72 1.80 1.87 1.86 1.69 1.55
2.68 2.69 2.69 2.68 2.71 2.73 2.75 2.75 2.74 2.73 2.73 2.71 2.68 2.65 2.61 2.56 2.51 2.45 2.40 2.36 2.32 2.29 2.27 2.23 2.17 2.11 2.04 1.97 1.89 1.82 1.79 1.82 1.93 2.16 2.38 2.51 2.55 2.48 2.34 2.18 2.06 1.99 1.98 2.05 2.12 2.07 2.01 2.03 2.11 2.18 2.24 2.29 2.33 2.31 2.23 2.19 2.23 2.29 2.28 2.21 2.16 2.35 2.59 2.62 2.78 3.06 3.25 3.44 3.42 2.93 2.33 2.05 2.02 2.14 2.10 1.93 1.91 1.94 1.99 2.08 2.08 1.87 1.70 1.67
2.67 2.67 2.68 2.72 2.75 2.77 2.77 2.77 2.76 2.75 2.76 2.76 2.73 2.68 2.63 2.60 2.57 2.53 2.49 2.45 2.42 2.38 2.33 2.28 2.23 2.17 2.10 2.02 1.95 1.91 1.93 2.03 2.22 2.37 2.38 2.32 2.24 2.13 2.00 1.95 1.96 2.01 2.06 2.07 2.05 2.13 2.27 2.30 2.30 2.30 2.34 2.34 2.30 2.26 2.26 2.29 2.32 2.34 2.22 2.13 2.21 2.49 2.73 2.88 3.29 3.63 3.68 3.54 3.05 2.37 1.96 1.85 1.99 2.23 2.23 2.08 1.98 2.03 2.18 2.23 2.11 1.89 1.84 1.80
2.67 2.68 2.72 2.76 2.77 2.77 2.75 2.75 2.76 2.77 2.78 2.78 2.76 2.72 2.68 2.65 2.61 2.58 2.55 2.53 2.50 2.46 2.41 2.35 2.28 2.20 2.09 1.98 1.88 1.86 1.91 2.02 2.13 2.13 2.04 1.92 1.78 1.73 1.79 1.88 1.96 2.04 2.07 2.11 2.31 2.55 2.52 2.37 2.28 2.26 2.30 2.28 2.27 2.34 2.38 2.38 2.39 2.34 2.17 2.14 2.29 2.54 2.91 3.45 3.87 3.81 3.45 2.95 2.27 1.81 1.67 1.74 2.10 2.47 2.43 2.10 1.87 1.98 2.14 2.11 2.02 1.96 1.95 1.87
2.69 2.71 2.73 2.75 2.75 2.75 2.75 2.75 2.77 2.79 2.78 2.75 2.73 2.74 2.73 2.70 2.65 2.60 2.56 2.53 2.50 2.46 2.42 2.38 2.32 2.22 2.08 1.90 1.77 1.77 1.83 1.88 1.89 1.89 1.87 1.83 1.75 1.72 1.80 1.92 2.02 2.10 2.21 2.47 2.76 2.68 2.38 2.23 2.19 2.20 2.25 2.29 2.39 2.48 2.48 2.45 2.42 2.27 2.07 2.06 2.25 2.73 3.45 3.95 3.77 3.11 2.51 1.93 1.48 1.33 1.42 1.85 2.52 2.71 2.25 1.75 1.64 1.87 2.01 1.97 2.01 2.08 2.06 1.97
2.70 2.71 2.72 2.74 2.75 2.77 2.77 2.79 2.81 2.81 2.77 2.73 2.72 2.72 2.72 2.70 2.67 2.62 2.57 2.52 2.48 2.44 2.42 2.40 2.36 2.29 2.17 2.05 1.96 1.87 1.78 1.76 1.83 1.90 1.95 1.95 1.90 1.87 1.93 2.02 2.10 2.22 2.44 2.72 2.70 2.37 2.18 2.19 2.24 2.30 2.32 2.32 2.36 2.41 2.48 2.52 2.40 2.12 1.91 1.95 2.45 3.46 4.18 4.02 3.30 2.61 2.00 1.46 1.19 1.24 1.67 2.47 2.90 2.56 1.97 1.60 1.63 1.90 2.01 2.04 2.20 2.27 2.18 2.15
2.71 2.72 2.74 2.76 2.77 2.78 2.79 2.82 2.84 2.82 2.79 2.76 2.74 2.71 2.67 2.66 2.64 2.61 2.56 2.52 2.49 2.48 2.49 2.47 2.43 2.38 2.38 2.37 2.26 2.09 1.89 1.75 1.71 1.74 1.81 1.91 1.98 2.09 2.19 2.25 2.30 2.42 2.62 2.71 2.54 2.37 2.38 2.41 2.47 2.51 2.44 2.38 2.40 2.50 2.70 2.64 2.26 1.95 1.98 2.34 3.26 4.24 4.21 3.39 2.63 2.14 1.69 1.33 1.25 1.62 2.45 3.01 2.82 2.28 1.83 1.64 1.74 2.03 2.14 2.20 2.31 2.27 2.16 2.28
2.73 2.75 2.77 2.78 2.79 2.80 2.81 2.84 2.83 2.80 2.78 2.76 2.73 2.68 2.65 2.63 2.61 2.59 2.58 2.57 2.57 2.56 2.54 2.51 2.49 2.50 2.55 2.64 2.63 2.49 2.23 1.95 1.78 1.69 1.64 1.69 1.90 2.19 2.36 2.41 2.45 2.64 2.80 2.80 2.73 2.72 2.76 2.73 2.69 2.66 2.63 2.70 2.79 2.94 2.99 2.62 2.21 2.19 2.61 3.23 3.98 4.26 3.51 2.49 1.91 1.58 1.34 1.24 1.50 2.20 2.96 3.00 2.53 2.09 1.71 1.59 1.79 2.18 2.32 2.27 2.23 2.14 2.14 2.34
2.74 2.76 2.78 2.79 2.80 2.81 2.84 2.84 2.81 2.78 2.77 2.75 2.72 2.69 2.66 2.64 2.62 2.60 2.60 2.62 2.62 2.58 2.53 2.50 2.52 2.62 2.77 2.96 3.08 3.04 2.80 2.49 2.20 1.99 1.91 2.00 2.23 2.47 2.72 2.85 2.93 3.13 3.13 3.06 3.01 2.95 2.92 2.91 2.92 2.99 3.03 3.10 3.16 3.21 3.03 2.58 2.44 2.68 3.14 3.72 4.13 3.83 2.93 2.09 1.66 1.42 1.25 1.35 1.95 2.75 3.15 2.90 2.40 1.93 1.54 1.46 1.70 2.14 2.22 2.16 2.14 2.09 2.16 2.31
2.75 2.76 2.78 2.79 2.80 2.82 2.83 2.82 2.79 2.77 2.76 2.75 2.74 2.73 2.70 2.67 2.65 2.64 2.62 2.60 2.57 2.54 2.52 2.53 2.56 2.66 2.86 3.03 3.14 3.27 3.32 3.16 2.81 2.60 2.79 3.03 3.09 3.17 3.35 3.49 3.65 3.72 3.59 3.45 3.27 3.12 3.10 3.20 3.44 3.62 3.57 3.49 3.42 3.28 3.00 2.68 2.60 2.77 3.18 3.72 3.80 3.07 2.25 1.73 1.44 1.32 1.33 1.63 2.38 3.05 3.12 2.62 2.06 1.69 1.48 1.56 1.83 2.01 2.06 2.10 2.10 2.03 2.05 2.10
2.75 2.77 2.80 2.81 2.81 2.82 2.83 2.81 2.79 2.78 2.77 2.76 2.74 2.72 2.69 2.67 2.65 2.62 2.60 2.58 2.57 2.57 2.57 2.58 2.61 2.67 2.73 2.73 2.71 2.72 2.78 2.97 3.16 3.39 3.70 3.77 3.66 3.65 3.78 3.88 3.92 3.83 3.65 3.50 3.32 3.21 3.25 3.46 3.61 3.50 3.38 3.36 3.19 2.96 2.72 2.45 2.33 2.56 3.09 3.51 3.17 2.23 1.57 1.24 1.20 1.34 1.48 1.78 2.51 3.03 2.74 1.96 1.56 1.55 1.68 1.91 1.98 1.96 2.10 2.24 2.16 1.97 1.92 1.96
2.78 2.79 2.81 2.82 2.85 2.88 2.87 2.84 2.83 2.81 2.79 2.76 2.73 2.71 2.69 2.65 2.60 2.56 2.56 2.58 2.58 2.58 2.59 2.60 2.63 2.69 2.68 2.61 2.50 2.39 2.41 2.74 3.25 3.60 3.71 3.61 3.58 3.76 3.89 3.77 3.54 3.24 2.99 2.90 2.86 2.89 3.03 3.13 2.90 2.49 2.42 2.47 2.39 2.35 2.22 2.07 2.15 2.51 3.00 3.26 2.71 1.80 1.26 1.11 1.34 1.60 1.68 1.91 2.58 2.88 2.26 1.66 1.69 1.90 1.98 2.01 1.96 2.00 2.22 2.40 2.26 1.96 1.87 1.94
2.79 2.79 2.79 2.81 2.87 2.88 2.85 2.83 2.81 2.80 2.78 2.77 2.76 2.74 2.70 2.65 2.60 2.57 2.55 2.54 2.53 2.54 2.58 2.61 2.65 2.67 2.69 2.69 2.73 2.90 3.19 3.43 3.51 3.39 3.19 3.14 3.33 3.58 3.43 3.02 2.77 2.57 2.44 2.41 2.40 2.44 2.57 2.50 2.13 1.94 1.94 1.93 1.95 1.99 1.92 1.98 2.29 2.63 2.93 2.97 2.30 1.53 1.26 1.34 1.70 1.90 1.97 2.23 2.70 2.75 2.21 2.08 2.34 2.32 2.11 2.03 2.04 2.13 2.31 2.44 2.16 1.82 1.80 1.89
2.80 2.80 2.80 2.82 2.83 2.82 2.81 2.80 2.78 2.75 2.74 2.74 2.74 2.71 2.68 2.65 2.63 2.62 2.58 2.54 2.52 2.53 2.57 2.63 2.68 2.67 2.64 2.64 2.78 3.09 3.37 3.48 3.38 3.22 3.10 3.11 3.29 3.32 2.96 2.58 2.42 2.32 2.24 2.16 2.06 2.09 2.13 1.93 1.72 1.76 1.80 1.79 1.78 1.72 1.70 1.89 2.26 2.60 2.75 2.66 2.18 1.66 1.53 1.68 1.98 2.11 2.17 2.36 2.66 2.82 2.70 2.69 2.64 2.32 2.11 2.11 2.18 2.31 2.47 2.40 1.99 1.71 1.78 1.92
2.83 2.85 2.88 2.89 2.87 2.85 2.83 2.80 2.77 2.74 2.73 2.70 2.67 2.65 2.64 2.63 2.61 2.59 2.57 2.54 2.53 2.53 2.54 2.56 2.61 2.63 2.59 2.55 2.57 2.66 2.80 2.92 3.03 3.24 3.44 3.50 3.37 3.08 2.71 2.48 2.29 2.05 1.86 1.72 1.67 1.73 1.71 1.55 1.56 1.66 1.67 1.64 1.61 1.54 1.57 1.82 2.16 2.36 2.40 2.40 2.22 1.89 1.79 1.89 2.07 2.15 2.23 2.41 2.80 3.18 3.00 2.67 2.36 2.07 1.99 2.04 2.12 2.28 2.33 2.11 1.86 1.79 1.87 1.99
2.84 2.86 2.92 2.96 2.94 2.90 2.85 2.81 2.79 2.76 2.72 2.67 2.64 2.61 2.59 2.57 2.57 2.55 2.53 2.53 2.53 2.52 2.50 2.47 2.45 2.46 2.48 2.48 2.42 2.37 2.55 2.80 3.11 3.44 3.58 3.48 3.18 2.75 2.35 2.06 1.82 1.62 1.51 1.51 1.58 1.66 1.60 1.60 1.71 1.76 1.71 1.69 1.68 1.69 1.84 2.06 2.18 2.16 2.13 2.22 2.14 1.88 1.83 1.93 2.07 2.19 2.39 2.72 3.24 3.29 2.60 2.12 1.91 1.76 1.83 1.93 1.92 1.90 1.79 1.69 1.73 1.74 1.78 1.86
2.84 2.85 2.88 2.92 2.92 2.86 2.80 2.78 2.76 2.72 2.68 2.64 2.61 2.58 2.56 2.54 2.53 2.52 2.51 2.51 2.49 2.47 2.45 2.42 2.40 2.38 2.40 2.39 2.36 2.52 2.86 3.11 3.27 3.26 3.03 2.82 2.69 2.36 1.91 1.55 1.38 1.40 1.51 1.62 1.73 1.82 1.80 1.83 1.86 1.79 1.81 1.90 1.96 2.07 2.24 2.31 2.25 2.16 2.12 2.21 2.22 1.97 1.86 1.93 2.05 2.28 2.65 3.10 3.32 2.75 1.89 1.61 1.60 1.73 1.92 1.89 1.74 1.61 1.58 1.68 1.67 1.55 1.55 1.64
2.87 2.88 2.89 2.86 2.82 2.80 2.77 2.72 2.67 2.65 2.64 2.62 2.59 2.56 2.54 2.53 2.52 2.51 2.50 2.48 2.45 2.43 2.42 2.42 2.42 2.42 2.41 2.43 2.62 3.04 3.25 3.18 2.99 2.69 2.45 2.24 2.07 1.81 1.56 1.43 1.44 1.54 1.69 1.83 1.93 1.99 2.00 2.03 1.97 1.90 2.04 2.18 2.24 2.29 2.36 2.39 2.36 2.30 2.29 2.40 2.41 2.18 2.01 1.96 1.99 2.26 2.80 3.20 2.87 2.00 1.51 1.62 1.97 2.19 2.00 1.73 1.73 1.74 1.77 1.82 1.67 1.53 1.51 1.60
