windninja/windninja_output/Output_2025-10-23_0800-0850_Google earth_Fire_150m_10min/merlingen_7.5mi_point_10-23-2025_0840_150m_ang.asc
ncols	158
nrows	163
xllcorner	391686.332397
yllcorner	5160024.123721
cellsize	150.000000
NODATA_value	-32768.000000
[rows 84 to 125 of 163, columns 0 to 94 of 158]
300 308 317 316 314 317 323 327 324 321 317 313 309 303 300 299 299 297 298 299 300 301 301 302 307 308 305 303 302 301 300 299 298 294 291 289 288 288 289 291 293 296 298 298 298 298 298 299 299 299 300 301 301 301 299 297 295 295 295 295 295 295 295 295 295 295 295 295 295 296 296 297 298 299 300 302 305 308 313 321 334 342 339 326 309 303 299 295 294 293 291 289 287 285 285
282 285 293 294 294 295 298 298 301 306 309 309 306 302 299 298 297 295 295 296 297 298 299 301 305 308 305 301 301 300 300 299 298 296 292 290 289 288 288 290 293 295 295 294 293 292 291 292 292 293 294 294 294 296 296 295 294 294 294 294 294 294 294 294 294 294 294 295 295 295 296 297 298 299 300 302 304 307 312 320 334 342 342 325 306 300 297 294 293 292 291 289 286 285 285
277 276 278 279 275 272 273 283 294 302 307 306 303 300 296 295 293 290 289 290 291 292 293 297 303 309 307 303 301 300 299 298 299 300 297 295 292 289 288 290 293 295 295 293 291 290 289 289 289 291 292 291 290 291 293 293 293 293 293 294 294 294 294 294 294 294 294 294 294 295 295 296 297 298 299 301 303 306 311 319 331 339 337 321 304 297 294 292 291 290 289 288 290 292 294
276 273 269 271 271 273 281 291 297 301 304 302 300 299 293 290 288 285 284 286 288 288 290 298 309 317 314 307 303 300 299 298 298 299 298 296 294 292 290 290 292 295 295 293 290 288 287 287 287 288 289 291 290 289 289 290 291 292 293 294 294 295 295 294 294 294 294 294 294 294 295 295 296 297 298 300 302 305 309 315 325 332 330 318 302 295 291 289 287 286 287 290 294 296 297
280 278 278 283 287 290 294 297 297 295 297 298 300 300 295 290 285 281 281 284 289 292 299 310 322 328 318 309 303 300 298 297 296 296 295 294 294 292 289 287 289 292 295 295 292 288 286 286 286 286 289 291 291 290 290 289 290 291 292 294 295 296 295 294 294 294 293 293 293 294 294 295 295 296 297 299 301 303 306 311 317 323 322 313 301 293 288 286 285 286 289 292 291 286 281
291 292 293 295 295 296 295 293 291 288 293 301 303 302 296 287 280 278 281 287 294 303 311 320 334 336 320 308 302 299 297 296 295 294 293 293 294 292 287 283 284 287 291 294 293 289 286 284 285 287 289 292 295 295 294 292 289 287 290 295 298 298 296 295 294 293 293 293 293 293 294 294 294 295 296 298 299 301 304 307 311 316 316 308 298 291 286 283 285 288 288 288 281 272 268
293 295 294 291 290 293 293 291 290 290 295 303 306 301 293 285 280 279 281 289 302 312 320 330 341 338 319 306 301 297 295 294 294 293 292 292 293 293 291 285 282 284 286 289 291 289 285 282 283 286 289 293 297 299 298 293 287 286 290 297 303 301 297 295 294 293 293 292 292 293 293 293 294 294 295 296 297 299 301 303 306 310 312 307 299 295 291 287 287 287 283 277 272 268 266
289 291 292 291 294 297 298 299 299 296 297 304 309 304 299 295 289 283 280 291 308 321 331 337 344 334 313 303 297 294 293 292 291 292 292 291 292 294 295 291 284 282 283 286 288 288 286 282 281 283 288 292 296 299 301 297 293 293 295 299 305 303 298 295 293 293 292 292 292 292 292 293 293 294 294 295 296 297 299 300 302 305 308 307 303 300 296 291 288 284 275 265 265 264 262
288 292 299 302 304 308 314 320 321 311 302 305 309 306 303 299 297 294 293 301 311 332 339 338 341 323 305 297 293 291 290 289 290 291 292 292 292 293 294 293 287 280 279 282 286 286 284 281 279 280 284 290 295 300 304 304 300 298 295 295 300 302 298 295 293 292 292 291 291 291 292 292 292 293 293 294 295 296 297 298 299 301 302 303 301 298 295 290 285 276 262 259 261 261 260
289 293 301 306 308 312 320 329 335 325 313 315 320 321 321 314 311 309 305 305 310 332 333 326 324 307 297 293 290 288 287 286 288 291 293 292 291 291 292 293 292 284 277 278 281 283 282 280 279 278 281 290 298 300 304 304 298 292 289 287 290 296 296 294 292 292 291 291 291 291 291 291 292 292 292 293 293 294 295 295 296 297 298 298 296 292 289 285 277 266 259 260 263 262 262
287 291 299 302 304 307 315 327 337 328 316 317 324 328 328 319 314 310 301 292 286 275 259 275 291 294 292 290 287 284 282 284 288 292 293 292 290 291 291 293 295 292 282 278 279 281 283 283 282 282 285 292 301 301 300 299 294 289 286 285 286 291 293 292 291 291 291 290 290 290 290 291 291 291 291 292 292 293 293 294 294 294 294 294 293 289 286 281 273 268 266 266 267 267 267
283 286 292 297 296 297 301 312 325 320 308 303 306 305 308 299 297 291 282 266 247 230 227 246 273 286 288 287 284 282 282 286 289 292 293 292 290 291 291 293 297 299 292 283 281 283 286 288 288 290 292 294 299 299 296 296 294 291 289 287 287 289 291 291 291 291 290 290 290 290 290 290 290 290 290 291 291 291 292 292 292 292 292 291 290 288 285 281 277 274 272 272 271 271 271
282 283 288 292 290 287 286 292 301 301 293 285 277 274 278 279 277 277 267 237 219 222 231 253 274 284 286 285 284 285 286 287 287 288 290 291 290 290 291 293 296 300 298 291 288 288 289 292 294 294 292 287 288 292 292 292 292 291 290 289 288 288 290 290 290 290 290 289 289 290 290 289 289 289 290 290 290 290 290 291 291 291 290 290 289 287 285 282 280 278 276 275 275 274 274
284 284 285 286 281 275 272 273 276 279 277 270 267 271 274 275 277 273 255 224 213 223 240 262 281 288 288 285 285 286 284 282 280 281 285 288 289 290 292 294 296 301 302 296 292 290 289 289 289 286 281 278 279 285 287 287 288 289 289 288 288 288 289 290 290 290 290 290 290 289 289 289 289 289 289 289 289 289 290 290 290 289 289 289 288 286 285 283 282 280 279 278 277 277 276
280 279 277 274 272 269 265 262 261 261 258 257 259 263 267 269 269 259 236 221 219 233 256 275 290 293 286 282 282 281 279 278 278 279 281 285 287 290 293 295 297 300 304 299 292 289 287 284 281 277 275 276 277 280 283 284 285 287 289 288 287 287 288 289 290 290 290 290 289 289 288 288 288 288 288 288 288 289 289 289 289 289 288 288 287 286 285 284 283 281 280 280 279 278 278
273 271 266 266 267 265 262 258 254 250 249 249 250 256 263 262 255 242 227 221 231 255 274 282 287 279 274 276 276 275 275 277 278 279 281 285 287 290 293 297 299 301 304 303 296 291 289 284 280 277 277 278 278 279 282 283 284 285 287 288 288 287 287 289 290 291 291 290 289 288 288 288 288 287 287 288 288 288 288 288 288 288 288 287 287 286 285 284 283 282 281 281 280 279 279
274 270 265 264 262 259 257 256 252 246 245 242 240 247 251 250 248 243 233 237 259 276 278 269 248 251 261 268 270 271 271 273 276 280 284 287 288 289 292 298 302 303 306 307 301 293 289 286 282 280 279 280 280 280 281 283 283 282 285 289 290 288 287 287 289 291 292 292 290 288 287 287 287 287 287 287 287 287 288 288 288 288 287 287 287 286 286 285 284 283 283 282 281 280 280
277 274 268 264 259 256 254 253 251 248 247 244 240 239 242 246 252 256 255 266 279 280 266 241 235 246 256 260 263 264 266 270 275 280 285 288 289 290 292 297 304 306 307 309 305 296 289 287 285 283 281 281 281 281 281 282 282 282 284 287 289 288 286 286 288 291 293 293 291 288 286 286 287 287 286 286 287 287 287 287 288 288 287 287 287 286 286 285 285 284 283 282 282 281 281
280 277 271 264 259 256 255 254 252 251 250 248 244 242 247 256 261 265 269 275 276 263 241 236 240 247 252 256 259 262 266 271 276 280 285 289 292 293 293 297 303 307 308 310 310 303 295 291 289 286 283 281 281 281 281 282 283 283 282 284 288 289 288 286 286 289 291 291 289 285 284 286 287 287 286 286 286 286 287 287 287 287 288 287 287 287 286 285 285 284 284 283 283 282 281
283 279 272 266 262 259 258 256 254 253 253 253 254 259 266 267 267 267 270 270 259 236 232 239 242 243 249 256 261 266 270 272 275 279 284 289 294 295 295 296 301 307 309 311 313 309 301 294 290 286 284 282 282 283 283 283 283 282 282 283 286 289 289 286 285 286 288 289 287 284 283 285 287 287 286 285 286 286 287 287 287 288 288 288 287 287 287 286 285 285 284 284 283 282 282
285 281 274 268 264 261 260 258 255 256 258 260 263 270 274 273 269 265 263 256 241 232 237 241 239 242 250 257 263 268 273 274 275 278 282 286 292 296 297 297 301 307 310 311 314 313 306 298 293 288 285 284 284 284 284 283 282 282 282 283 284 286 286 285 284 284 286 287 287 284 281 281 283 285 283 283 285 286 287 287 288 288 288 288 288 287 287 286 286 285 285 284 283 282 282
287 283 274 267 264 262 260 258 256 257 260 263 268 272 274 273 268 261 254 246 239 238 241 240 240 246 252 257 261 268 272 275 277 278 279 284 291 298 301 302 305 308 311 312 315 316 312 306 300 294 289 287 285 284 284 284 282 281 280 281 282 282 283 284 283 283 284 286 286 283 280 277 278 281 282 283 286 287 286 287 288 290 290 289 289 288 287 287 286 285 285 284 283 283 282
290 284 274 267 264 262 260 258 258 260 265 269 273 274 274 272 266 259 252 244 242 245 245 241 243 248 251 254 260 267 273 277 279 277 277 284 293 301 304 306 307 310 311 313 317 319 318 312 307 301 294 290 287 284 282 283 283 281 280 279 279 281 282 283 283 282 283 285 285 282 278 277 276 278 283 285 287 288 286 287 290 293 292 291 290 289 288 287 286 286 285 284 283 283 282
294 287 275 268 264 262 263 265 267 269 273 275 274 271 270 268 265 260 252 245 244 251 253 247 245 247 249 251 257 267 275 280 280 274 277 288 298 303 303 305 309 312 312 314 318 321 323 320 314 306 298 292 289 285 282 280 281 281 280 278 277 279 282 282 282 282 281 282 285 281 277 276 277 278 280 283 285 289 290 289 291 295 296 294 291 290 288 287 286 285 285 284 283 283 283
301 291 277 271 270 271 274 276 278 276 272 270 265 261 262 264 265 260 252 248 252 258 260 255 248 246 250 250 254 265 275 278 279 272 280 292 300 302 301 306 313 314 313 316 320 322 326 326 321 313 303 295 291 288 284 280 279 279 280 279 277 277 280 281 280 280 279 280 283 283 277 275 277 278 279 281 283 288 291 289 288 292 297 297 294 291 289 288 286 285 284 284 284 283 283
311 298 284 281 282 282 280 277 273 268 262 259 256 255 259 264 267 260 249 251 259 264 265 261 254 250 251 251 255 266 273 275 277 274 280 292 298 299 304 309 313 311 311 318 322 323 327 330 327 319 310 301 294 290 286 282 279 278 279 280 278 276 277 279 277 277 279 279 280 282 278 274 276 279 280 281 282 284 287 287 286 288 294 299 297 293 290 288 286 285 284 284 283 283 283
322 308 293 289 286 281 274 267 262 258 257 256 254 256 261 268 272 262 247 251 260 269 272 269 265 259 255 253 258 266 273 275 274 273 278 288 296 301 308 312 310 306 309 317 322 323 328 334 333 325 316 307 298 291 288 285 281 278 278 280 279 275 273 273 273 274 277 280 280 281 280 277 277 278 279 279 280 280 282 285 286 286 290 296 298 295 291 288 286 284 283 283 283 283 282
326 311 295 287 280 272 266 262 260 257 255 256 259 262 267 273 278 271 250 251 258 268 279 280 274 270 268 264 260 262 268 274 274 271 279 289 298 305 312 314 311 307 307 314 320 323 328 335 336 330 322 314 303 293 289 288 284 279 277 278 279 275 271 270 271 272 274 278 280 282 282 280 276 276 276 277 278 277 278 281 284 286 289 293 296 295 291 288 284 282 281 281 282 283 282
323 308 291 281 274 270 266 264 261 258 254 258 266 271 272 276 282 290 265 256 257 264 277 287 278 276 280 279 270 261 260 268 274 276 284 293 302 308 314 313 312 306 301 307 319 325 328 332 335 334 329 322 311 298 291 289 286 280 276 276 278 275 272 271 272 271 271 273 278 281 282 280 277 275 275 275 277 277 277 278 282 286 289 291 295 294 290 285 281 278 279 283 285 284 283
323 307 289 278 273 272 269 266 262 258 257 263 270 275 274 276 285 311 299 269 259 260 268 281 278 278 284 287 282 270 261 262 270 279 287 295 301 305 309 309 306 298 295 303 317 327 328 329 333 335 334 331 321 304 293 289 288 283 277 275 276 275 272 272 273 272 270 270 273 279 281 280 279 277 274 274 276 278 278 277 278 283 287 288 291 291 285 281 278 278 284 290 290 286 282
327 308 288 280 276 273 272 270 265 260 264 270 274 273 271 276 290 323 328 287 264 258 260 270 279 283 286 286 285 283 270 261 267 278 287 293 295 297 302 305 299 295 297 303 314 325 328 330 333 336 337 338 330 313 297 291 289 285 279 275 275 275 273 272 274 274 271 270 272 275 278 279 278 278 275 273 275 278 279 277 276 279 284 286 288 289 283 279 280 284 290 294 293 286 279
341 312 290 283 279 275 271 269 266 267 274 279 278 270 267 277 294 327 343 307 278 265 261 268 278 286 286 284 284 290 283 267 266 274 284 292 295 296 297 298 298 298 301 304 311 322 331 335 334 335 339 342 339 324 302 292 288 286 281 276 275 274 274 272 273 274 272 271 271 271 273 274 273 276 277 275 273 275 279 278 276 278 283 286 286 287 284 282 286 289 292 294 291 284 280
360 320 292 283 278 275 270 267 269 275 283 286 282 270 268 278 294 329 352 328 300 286 277 273 275 281 286 281 282 292 295 277 267 269 280 292 298 298 294 294 299 302 304 304 308 320 330 333 331 332 338 344 347 336 310 292 287 286 283 278 275 274 273 273 273 274 273 271 270 270 270 270 269 271 276 277 274 273 275 277 276 278 282 283 282 284 286 286 289 290 291 291 289 287 287
11 325 292 281 276 275 273 272 275 278 283 288 289 278 271 275 287 323 346 336 317 301 292 282 276 277 283 282 283 292 297 286 274 273 280 291 297 298 293 295 302 304 303 302 304 313 323 328 329 331 337 347 354 348 324 297 288 286 284 280 278 276 275 274 273 273 272 271 270 269 269 269 268 267 269 275 277 273 272 274 277 279 283 283 280 283 288 289 289 289 289 289 290 290 289
19 337 291 280 279 279 280 280 280 279 278 285 296 289 274 270 277 308 335 335 323 306 296 290 285 281 285 287 286 289 296 298 295 289 286 287 292 297 295 298 303 303 301 298 299 306 318 326 331 334 339 351 359 357 338 304 289 285 284 281 280 280 279 276 273 272 272 270 269 269 270 270 268 266 266 269 274 274 273 274 277 279 281 283 283 285 289 289 288 288 288 289 291 288 288
26 353 295 281 282 282 282 283 282 280 276 279 297 296 278 268 274 294 323 331 325 311 300 294 291 288 288 289 288 291 298 306 305 296 288 283 284 293 299 301 301 297 295 294 297 303 313 321 329 335 340 352 2 4 351 312 291 284 283 281 280 281 281 278 273 270 270 268 266 267 270 271 270 268 265 264 266 270 273 275 275 276 278 282 285 288 290 290 288 288 288 289 288 284 284
32 6 300 282 282 282 280 282 284 283 277 279 295 302 284 272 273 284 309 325 327 317 306 298 292 291 290 290 292 295 296 299 298 291 285 282 281 287 297 300 295 291 292 295 299 303 309 317 327 334 339 350 3 9 1 321 292 285 283 281 280 280 278 273 268 266 268 269 268 267 269 271 272 272 268 262 261 264 268 271 273 274 277 282 286 290 292 291 288 287 287 288 285 280 284
38 10 309 288 282 280 279 280 284 286 280 280 293 310 293 274 271 278 296 315 324 318 309 301 295 292 291 293 296 296 294 291 289 287 284 282 282 282 287 296 292 286 285 289 293 298 305 316 329 334 338 348 2 14 11 331 294 285 282 280 277 273 266 260 256 261 268 276 278 273 270 269 272 274 272 266 260 259 262 267 270 274 278 283 287 292 294 292 288 286 287 287 283 281 287
36 1 314 297 284 278 275 274 278 284 282 281 293 315 303 279 268 270 281 295 309 311 308 303 295 292 293 295 296 295 296 293 289 287 284 280 281 277 277 291 293 284 275 274 280 288 296 308 321 328 334 342 1 20 17 340 296 284 279 274 267 258 254 254 255 261 269 279 287 284 275 272 273 275 276 273 266 260 260 262 266 272 279 285 289 293 295 292 288 287 288 288 283 283 289
28 350 313 302 286 277 272 268 268 273 278 283 293 316 308 286 269 261 263 276 289 299 302 299 294 293 293 293 296 298 300 297 289 287 285 280 280 277 273 283 294 288 273 266 269 277 285 296 311 320 325 334 2 27 21 343 293 277 272 265 255 251 255 260 263 267 268 272 282 289 284 278 277 276 277 278 275 269 264 263 264 269 277 285 288 290 293 290 286 286 288 289 284 285 291
20 342 311 304 291 280 274 267 264 265 269 278 291 308 306 291 273 258 254 263 278 288 294 295 294 291 291 296 302 305 307 298 290 289 286 279 279 280 274 277 290 293 279 266 264 269 277 288 305 315 318 328 4 33 32 347 281 267 265 262 255 258 264 267 269 270 268 266 270 280 285 282 280 280 280 282 285 282 275 270 267 267 270 277 282 285 288 285 283 284 289 295 290 288 293
10 334 311 308 298 284 277 271 268 266 265 268 277 291 296 291 280 265 254 257 268 283 291 291 291 292 299 308 312 315 316 300 290 289 287 279 278 282 277 275 284 294 288 272 264 264 271 281 298 308 310 321 6 42 49 14 268 261 261 263 265 268 269 269 269 269 268 265 263 266 274 280 282 285 286 287 291 291 285 279 274 268 266 267 274 280 281 280 280 284 293 300 295 291 294
