windninja/windninja_output/Output_2025-10-23_0800-0850_Google earth_Fire_150m_10min/merlingen_7.5mi_point_10-23-2025_0800_150m_vel.asc
ncols	158
nrows	163
xllcorner	391686.332397
yllcorner	5160024.123721
cellsize	150.000000
NODATA_value	-32768.000000
[rows 0 to 36 of 163, columns 0 to 83 of 158]
4.29 4.22 4.27 4.57 4.90 5.07 5.07 5.12 5.23 5.28 5.26 5.30 5.35 5.25 4.83 4.14 3.35 2.84 2.87 2.94 2.93 3.55 4.43 4.77 4.54 4.07 3.71 3.73 3.99 4.08 3.99 3.87 3.70 3.52 3.53 3.57 3.27 3.03 2.96 2.91 3.07 3.28 3.30 3.26 3.21 3.14 3.12 2.93 2.92 3.27 3.54 3.67 3.78 3.80 3.74 3.72 3.69 3.69 3.67 3.58 3.54 3.65 3.75 3.78 3.84 3.98 4.14 4.13 3.94 3.71 3.60 3.65 3.75 3.80 3.89 3.93 3.89 3.90 3.80 3.69 3.71 3.75 3.93 3.98
4.41 4.35 4.35 4.50 4.67 4.82 4.83 4.70 4.64 4.69 4.86 5.13 5.42 5.58 5.46 5.00 4.39 3.88 3.76 3.73 3.51 3.60 4.15 4.68 4.78 4.45 4.04 3.85 3.89 3.92 3.87 3.81 3.77 3.65 3.55 3.67 3.58 3.38 3.31 3.18 3.19 3.33 3.42 3.49 3.46 3.41 3.47 3.26 2.98 3.07 3.28 3.41 3.54 3.62 3.61 3.62 3.66 3.70 3.75 3.64 3.49 3.54 3.65 3.69 3.67 3.76 3.99 4.14 4.08 3.81 3.59 3.60 3.69 3.73 3.82 3.87 3.90 4.01 3.92 3.67 3.63 3.71 3.89 4.01
4.59 4.63 4.63 4.58 4.55 4.58 4.68 4.64 4.54 4.65 4.96 5.27 5.49 5.72 6.03 6.09 5.83 5.45 5.10 4.79 4.37 3.84 3.70 4.19 4.85 4.95 4.55 4.11 3.88 3.85 3.83 3.77 3.74 3.73 3.68 3.79 3.93 3.91 3.78 3.60 3.47 3.48 3.57 3.73 3.76 3.75 3.85 3.83 3.47 3.15 3.15 3.27 3.41 3.53 3.52 3.53 3.60 3.67 3.81 3.80 3.58 3.48 3.55 3.61 3.51 3.52 3.80 4.14 4.26 3.96 3.59 3.54 3.62 3.65 3.71 3.73 3.84 4.16 4.11 3.68 3.50 3.76 3.91 3.91
4.67 4.89 5.04 4.94 4.88 4.87 5.05 5.43 5.71 5.84 5.80 5.64 5.53 5.55 5.82 6.21 6.20 5.98 5.73 5.35 4.78 4.19 3.74 3.85 4.62 5.20 5.18 4.84 4.55 4.44 4.38 4.18 3.92 3.80 3.82 3.88 3.93 3.97 3.90 3.77 3.75 3.76 3.81 3.89 3.92 3.92 3.94 4.01 3.98 3.76 3.54 3.50 3.61 3.71 3.66 3.56 3.57 3.59 3.67 3.77 3.70 3.52 3.51 3.58 3.51 3.49 3.69 4.07 4.29 4.00 3.62 3.57 3.63 3.60 3.59 3.53 3.64 4.09 4.22 3.72 3.34 3.78 4.09 3.81
4.56 4.82 5.22 5.27 5.22 5.26 5.41 5.65 5.85 5.88 5.71 5.48 5.43 5.52 5.65 5.92 6.01 5.76 5.54 5.37 4.94 4.33 3.85 3.77 4.28 4.99 5.50 5.63 5.48 5.35 5.30 5.17 4.86 4.44 4.14 4.08 4.06 4.06 4.09 4.01 3.94 3.98 4.09 4.14 4.13 4.10 4.04 3.99 4.00 3.98 3.80 3.63 3.63 3.75 3.77 3.67 3.61 3.57 3.55 3.61 3.64 3.52 3.48 3.54 3.51 3.49 3.62 4.02 4.28 3.97 3.67 3.64 3.65 3.58 3.54 3.51 3.51 3.76 4.03 3.78 3.28 3.50 4.04 3.91
4.33 4.44 4.87 5.31 5.48 5.51 5.46 5.35 5.19 5.05 5.03 5.00 5.01 5.16 5.34 5.48 5.66 5.52 5.16 5.00 4.81 4.28 3.64 3.43 3.66 4.19 4.77 5.23 5.45 5.50 5.60 5.72 5.69 5.44 5.01 4.65 4.55 4.51 4.49 4.41 4.22 4.08 4.09 4.10 4.09 4.09 4.01 3.91 3.86 3.86 3.85 3.77 3.67 3.67 3.75 3.74 3.66 3.59 3.54 3.54 3.57 3.52 3.48 3.54 3.53 3.49 3.58 3.97 4.23 3.97 3.80 3.82 3.71 3.50 3.50 3.69 3.73 3.67 3.65 3.66 3.49 3.42 3.73 3.87
4.32 4.25 4.33 4.79 5.28 5.48 5.39 5.12 4.82 4.68 4.69 4.75 4.76 4.82 4.96 5.09 5.39 5.66 5.53 5.31 5.09 4.59 3.76 3.12 3.06 3.35 3.76 4.24 4.68 4.98 5.19 5.40 5.59 5.69 5.62 5.36 5.11 4.96 4.81 4.63 4.41 4.17 4.01 3.91 3.86 3.89 3.87 3.80 3.76 3.71 3.74 3.85 3.83 3.76 3.79 3.77 3.68 3.59 3.52 3.48 3.49 3.50 3.56 3.64 3.63 3.54 3.57 3.93 4.12 3.87 3.87 4.11 3.98 3.52 3.41 3.73 3.99 3.92 3.49 3.50 3.79 3.67 3.56 3.73
4.51 4.45 4.30 4.28 4.48 4.72 4.80 4.67 4.47 4.42 4.49 4.63 4.76 4.83 4.93 5.02 5.16 5.55 5.77 5.69 5.57 5.25 4.47 3.45 2.90 2.97 3.35 3.70 4.00 4.26 4.47 4.67 4.88 5.06 5.19 5.18 5.01 4.83 4.68 4.49 4.29 4.11 3.96 3.84 3.75 3.71 3.69 3.67 3.62 3.55 3.56 3.69 3.80 3.88 3.97 3.87 3.71 3.63 3.51 3.43 3.38 3.37 3.53 3.77 3.85 3.73 3.65 3.87 4.01 3.74 3.70 4.10 4.16 3.75 3.46 3.58 3.96 4.02 3.50 3.45 3.98 3.85 3.48 3.62
4.62 4.61 4.50 4.28 4.08 4.00 4.05 4.19 4.28 4.31 4.34 4.39 4.50 4.69 4.97 5.14 5.13 5.30 5.63 5.72 5.65 5.55 5.15 4.38 3.55 3.17 3.32 3.53 3.58 3.72 3.90 4.04 4.28 4.53 4.59 4.51 4.39 4.31 4.27 4.19 4.06 3.93 3.80 3.73 3.71 3.63 3.55 3.55 3.44 3.33 3.47 3.58 3.52 3.69 4.04 3.97 3.73 3.67 3.56 3.40 3.25 3.06 3.08 3.47 3.82 3.92 3.80 3.81 3.90 3.77 3.69 3.87 3.95 3.80 3.57 3.53 3.84 3.88 3.52 3.56 4.11 3.97 3.35 3.35
4.62 4.60 4.56 4.48 4.32 4.14 4.07 4.16 4.29 4.35 4.32 4.22 4.14 4.19 4.49 4.91 5.10 5.14 5.39 5.74 5.86 5.79 5.59 5.12 4.47 3.73 3.42 3.54 3.58 3.59 3.79 3.82 3.86 4.13 4.33 4.29 4.12 4.04 4.05 4.02 3.96 3.89 3.77 3.66 3.65 3.54 3.43 3.47 3.32 3.08 3.23 3.46 3.32 3.43 3.84 3.93 3.66 3.56 3.52 3.33 3.16 2.92 2.65 2.79 3.34 3.74 3.79 3.71 3.66 3.77 3.91 3.89 3.73 3.64 3.58 3.56 3.75 3.62 3.39 3.78 4.25 4.17 3.47 3.04
4.70 4.69 4.66 4.60 4.53 4.48 4.46 4.47 4.46 4.42 4.32 4.16 3.94 3.80 3.92 4.37 4.75 4.91 5.00 5.34 5.78 6.00 5.95 5.62 5.13 4.54 3.95 3.70 3.67 3.57 3.61 3.60 3.47 3.61 3.93 4.08 4.03 3.93 3.94 3.98 4.01 3.98 3.85 3.68 3.65 3.48 3.23 3.31 3.23 2.85 2.89 3.12 3.09 3.25 3.53 3.75 3.54 3.29 3.25 3.15 3.09 2.90 2.45 2.38 2.91 3.30 3.48 3.43 3.23 3.54 4.00 4.01 3.72 3.52 3.53 3.62 3.77 3.52 3.12 3.57 4.15 4.37 3.93 3.25
4.81 4.78 4.74 4.69 4.63 4.59 4.61 4.62 4.59 4.50 4.37 4.20 3.96 3.74 3.70 3.95 4.34 4.66 4.72 4.74 5.02 5.43 5.71 5.65 5.29 4.78 4.09 3.58 3.37 3.25 3.22 3.24 3.17 3.26 3.52 3.71 3.79 3.79 3.80 3.83 3.89 3.95 3.86 3.73 3.78 3.66 3.23 3.11 3.11 2.80 2.66 2.67 2.69 2.99 3.21 3.40 3.38 3.16 3.01 2.95 3.05 2.90 2.41 2.32 2.72 2.90 3.04 2.97 2.70 3.13 3.79 3.98 3.79 3.45 3.45 3.72 3.96 3.82 3.31 3.27 3.77 4.26 4.25 3.87
4.87 4.84 4.80 4.77 4.75 4.71 4.65 4.58 4.52 4.44 4.33 4.20 3.99 3.70 3.50 3.53 3.74 4.11 4.43 4.50 4.52 4.67 4.93 5.05 4.81 4.31 3.78 3.35 3.10 3.00 3.04 3.13 3.14 3.14 3.31 3.49 3.52 3.53 3.58 3.62 3.71 3.83 3.80 3.76 3.86 3.85 3.56 3.29 3.20 3.01 2.73 2.56 2.58 2.91 3.17 3.12 3.07 2.99 2.87 2.94 3.15 3.00 2.64 2.55 2.63 2.65 2.64 2.47 2.24 2.68 3.29 3.67 3.77 3.37 3.19 3.54 3.91 4.09 3.79 3.39 3.52 3.95 4.15 4.20
4.94 4.91 4.86 4.83 4.83 4.81 4.73 4.61 4.50 4.40 4.30 4.18 4.03 3.85 3.59 3.31 3.15 3.28 3.73 4.07 4.13 4.14 4.22 4.26 4.20 3.99 3.69 3.43 3.24 3.11 3.01 2.96 2.99 3.02 3.13 3.41 3.49 3.43 3.39 3.36 3.50 3.61 3.47 3.41 3.52 3.52 3.41 3.46 3.59 3.44 3.01 2.69 2.63 2.95 3.31 3.08 2.74 2.58 2.60 3.02 3.38 3.20 3.00 2.82 2.59 2.53 2.46 2.35 2.11 2.08 2.58 3.15 3.53 3.23 2.87 3.00 3.45 3.89 3.88 3.56 3.52 3.73 3.90 4.20
5.04 5.01 4.94 4.88 4.82 4.76 4.70 4.66 4.57 4.46 4.34 4.21 4.11 4.09 4.07 3.88 3.55 3.21 3.14 3.37 3.55 3.60 3.74 3.89 3.92 3.81 3.66 3.54 3.35 3.21 3.15 3.01 2.90 2.93 3.00 3.27 3.50 3.49 3.33 3.14 3.19 3.27 3.26 3.23 3.18 3.17 2.99 2.95 3.55 4.01 3.66 3.03 2.82 3.17 3.56 3.31 2.68 2.22 2.29 3.05 3.65 3.51 3.31 3.06 2.80 2.71 2.56 2.51 2.28 1.81 1.84 2.63 3.15 3.04 2.71 2.75 3.18 3.54 3.64 3.61 3.57 3.55 3.69 4.01
5.13 5.10 5.03 4.94 4.84 4.72 4.64 4.59 4.54 4.47 4.38 4.28 4.16 4.13 4.29 4.48 4.40 3.96 3.42 3.20 3.30 3.44 3.62 3.84 3.91 3.77 3.60 3.58 3.51 3.35 3.40 3.44 3.30 3.18 3.04 2.98 3.11 3.24 3.17 3.08 3.08 3.04 3.24 3.40 3.12 3.11 3.13 2.64 2.71 3.67 4.16 3.69 3.38 3.66 3.97 4.07 3.49 2.50 2.29 3.03 3.73 3.78 3.49 3.08 3.18 3.36 2.99 2.80 2.60 1.81 1.57 2.15 2.69 2.65 2.56 2.72 3.01 3.27 3.50 3.82 3.66 3.35 3.53 3.73
5.23 5.19 5.10 5.01 4.91 4.83 4.74 4.64 4.56 4.49 4.40 4.31 4.18 4.00 3.95 4.12 4.33 4.30 3.99 3.62 3.47 3.49 3.59 3.75 3.91 3.87 3.61 3.50 3.61 3.60 3.53 3.50 3.36 3.19 3.01 2.84 2.85 2.98 3.04 3.13 3.16 3.08 3.32 3.63 3.43 3.25 3.44 3.19 2.68 2.97 3.72 3.93 3.79 3.85 4.04 4.35 4.31 3.39 2.66 3.19 3.82 3.91 3.57 3.01 3.21 3.74 3.55 3.16 2.94 2.25 1.65 1.83 2.23 2.23 2.30 2.54 2.72 3.13 3.61 3.94 3.65 3.30 3.43 3.50
5.32 5.29 5.21 5.11 5.02 4.94 4.85 4.77 4.69 4.60 4.45 4.30 4.14 3.91 3.64 3.51 3.65 3.85 3.89 3.75 3.51 3.35 3.31 3.42 3.58 3.64 3.49 3.26 3.24 3.32 3.31 3.23 3.17 3.22 3.26 3.17 3.06 3.04 3.11 3.28 3.35 3.30 3.33 3.48 3.52 3.37 3.34 3.45 3.40 3.21 3.21 3.43 3.62 3.73 3.81 4.06 4.37 4.05 3.36 3.46 3.98 4.08 3.66 3.16 3.22 3.76 3.95 3.55 3.11 2.73 2.20 1.77 2.01 2.10 1.94 2.13 2.43 3.04 3.73 3.79 3.51 3.41 3.34 3.33
5.41 5.37 5.29 5.20 5.11 5.00 4.91 4.82 4.74 4.65 4.51 4.32 4.11 3.90 3.62 3.34 3.24 3.28 3.30 3.27 3.19 3.11 3.04 3.04 3.13 3.22 3.21 3.04 2.84 2.82 2.95 3.04 3.12 3.28 3.48 3.55 3.40 3.16 3.09 3.20 3.24 3.26 3.35 3.35 3.42 3.47 3.27 3.11 3.37 3.54 3.27 3.06 3.18 3.46 3.66 3.84 4.12 4.15 3.77 3.65 4.07 4.23 3.81 3.41 3.37 3.67 4.08 3.85 3.32 3.09 2.67 2.04 2.09 2.12 1.76 1.81 2.19 2.84 3.57 3.57 3.41 3.43 3.13 3.04
5.48 5.43 5.35 5.29 5.21 5.10 4.99 4.86 4.73 4.61 4.51 4.38 4.20 3.98 3.70 3.39 3.14 3.04 3.03 3.06 3.09 3.11 3.07 3.03 3.07 3.13 3.13 3.04 2.89 2.80 2.86 3.00 3.08 3.12 3.22 3.37 3.37 3.17 3.06 3.24 3.34 3.42 3.56 3.56 3.52 3.59 3.51 3.12 3.06 3.43 3.44 3.13 2.93 3.05 3.39 3.67 3.94 4.15 4.02 3.79 4.01 4.25 3.91 3.50 3.45 3.63 3.94 3.94 3.63 3.38 2.88 2.32 2.34 2.36 1.98 1.81 2.05 2.65 3.30 3.49 3.47 3.42 3.02 2.76
5.59 5.56 5.49 5.38 5.26 5.17 5.05 4.91 4.75 4.60 4.48 4.38 4.24 4.05 3.82 3.58 3.37 3.26 3.23 3.24 3.26 3.25 3.22 3.19 3.20 3.21 3.16 3.09 3.02 2.96 2.94 3.06 3.23 3.33 3.45 3.63 3.71 3.61 3.50 3.60 3.64 3.63 3.66 3.67 3.65 3.61 3.58 3.32 3.09 3.31 3.52 3.37 3.05 2.83 2.96 3.23 3.55 3.95 4.17 4.04 4.03 4.36 4.18 3.62 3.53 3.68 3.75 3.88 3.82 3.50 2.99 2.57 2.54 2.56 2.23 1.87 2.10 2.75 3.38 3.62 3.60 3.42 3.06 2.67
5.77 5.72 5.58 5.42 5.30 5.22 5.12 5.00 4.84 4.68 4.53 4.39 4.22 4.06 3.90 3.75 3.62 3.55 3.48 3.42 3.38 3.36 3.32 3.28 3.25 3.25 3.22 3.17 3.11 3.03 2.97 3.07 3.36 3.66 3.84 4.05 4.20 4.05 3.77 3.70 3.72 3.74 3.77 3.75 3.72 3.63 3.50 3.38 3.28 3.39 3.60 3.57 3.34 3.00 2.81 2.86 3.10 3.47 3.94 4.22 4.19 4.49 4.48 3.84 3.65 3.68 3.59 3.79 3.87 3.49 3.04 2.83 2.83 2.81 2.31 1.70 1.88 2.71 3.52 3.96 3.89 3.47 3.22 2.83
5.82 5.76 5.64 5.54 5.44 5.32 5.19 5.06 4.91 4.75 4.62 4.51 4.37 4.17 3.99 3.85 3.75 3.70 3.65 3.58 3.51 3.46 3.40 3.33 3.31 3.32 3.33 3.29 3.22 3.11 2.98 3.03 3.33 3.60 3.64 3.64 3.78 3.86 3.66 3.51 3.56 3.70 3.82 3.88 3.84 3.73 3.65 3.55 3.45 3.47 3.63 3.61 3.50 3.29 2.97 2.84 2.96 3.15 3.43 4.04 4.32 4.59 4.68 4.11 3.80 3.67 3.52 3.73 3.84 3.57 3.22 3.03 3.14 3.17 2.50 1.61 1.49 2.28 3.27 4.08 4.29 3.86 3.64 3.18
5.91 5.86 5.77 5.68 5.54 5.38 5.20 5.04 4.91 4.80 4.67 4.55 4.46 4.30 4.10 3.95 3.83 3.76 3.71 3.66 3.62 3.57 3.51 3.46 3.42 3.38 3.34 3.29 3.17 2.98 2.81 2.75 2.91 3.16 3.28 3.27 3.25 3.36 3.43 3.34 3.36 3.55 3.77 4.00 4.09 3.95 3.85 3.78 3.56 3.48 3.65 3.65 3.55 3.47 3.20 2.96 3.00 3.03 3.01 3.57 4.25 4.68 4.82 4.35 3.81 3.51 3.45 3.63 3.71 3.62 3.40 3.22 3.37 3.34 2.69 1.78 1.35 1.84 2.64 3.55 4.29 4.27 4.10 3.71
6.04 5.99 5.86 5.72 5.56 5.38 5.21 5.07 4.95 4.84 4.69 4.50 4.37 4.32 4.22 4.06 3.90 3.79 3.72 3.66 3.61 3.59 3.54 3.50 3.47 3.43 3.37 3.30 3.12 2.81 2.58 2.42 2.42 2.71 3.05 3.26 3.29 3.24 3.22 3.19 3.20 3.37 3.67 4.04 4.27 4.14 3.98 3.95 3.75 3.57 3.63 3.68 3.61 3.55 3.38 3.14 3.12 3.08 2.88 3.10 3.89 4.66 4.94 4.56 3.77 3.27 3.24 3.39 3.53 3.56 3.41 3.35 3.53 3.31 2.64 2.03 1.62 1.69 2.10 2.76 3.71 4.22 4.29 4.24
6.14 6.07 5.90 5.74 5.59 5.44 5.30 5.17 5.03 4.87 4.69 4.50 4.34 4.25 4.17 4.08 3.96 3.83 3.72 3.64 3.58 3.54 3.50 3.47 3.49 3.54 3.60 3.61 3.47 3.02 2.52 2.27 2.22 2.45 2.94 3.34 3.53 3.51 3.25 3.06 3.09 3.22 3.47 3.86 4.13 4.13 4.13 4.09 3.96 3.85 3.78 3.77 3.65 3.45 3.30 3.17 3.21 3.27 3.07 2.95 3.50 4.44 4.87 4.62 3.98 3.44 3.21 3.24 3.52 3.71 3.64 3.59 3.50 3.04 2.47 2.22 2.30 2.08 1.78 2.08 2.95 3.68 4.00 4.36
6.26 6.18 6.02 5.85 5.68 5.50 5.35 5.22 5.09 4.92 4.73 4.56 4.38 4.20 4.07 3.98 3.91 3.83 3.73 3.64 3.56 3.51 3.51 3.52 3.57 3.66 3.83 4.03 3.98 3.57 2.96 2.44 2.08 1.97 2.33 2.97 3.51 3.83 3.62 3.21 3.16 3.23 3.31 3.67 3.96 4.09 4.41 4.46 4.24 4.12 4.09 4.11 3.92 3.58 3.25 3.03 3.22 3.50 3.44 3.25 3.65 4.38 4.50 4.24 4.07 3.81 3.43 3.29 3.59 4.01 4.19 3.93 3.32 2.76 2.19 2.16 2.83 2.92 1.97 1.66 2.28 2.92 3.30 3.84
6.40 6.33 6.16 5.96 5.75 5.57 5.40 5.25 5.08 4.90 4.73 4.55 4.36 4.16 4.02 3.92 3.85 3.79 3.74 3.67 3.60 3.57 3.58 3.60 3.66 3.73 3.88 4.23 4.51 4.38 3.88 3.14 2.44 2.00 1.84 2.15 2.84 3.66 3.84 3.43 3.24 3.33 3.36 3.64 3.97 4.13 4.56 4.92 4.78 4.32 4.24 4.59 4.54 4.16 3.56 2.92 3.15 3.78 3.91 3.77 4.20 4.58 4.12 3.62 3.68 3.72 3.45 3.35 3.63 4.17 4.61 4.14 3.20 2.55 1.97 1.89 2.78 3.61 2.83 1.75 1.81 2.24 2.67 3.20
6.51 6.43 6.24 6.02 5.81 5.63 5.46 5.27 5.06 4.85 4.68 4.51 4.35 4.19 4.05 3.95 3.86 3.77 3.71 3.69 3.68 3.64 3.60 3.58 3.62 3.76 4.00 4.45 5.01 5.26 5.04 4.35 3.48 2.80 2.33 2.25 2.74 3.53 4.02 3.88 3.74 3.82 3.80 3.87 4.01 4.16 4.42 4.90 5.27 4.81 4.38 4.82 5.08 4.82 4.15 3.12 3.10 3.88 4.33 4.24 4.48 4.68 4.16 3.49 3.38 3.47 3.28 3.30 3.73 4.30 4.71 4.23 3.30 2.61 1.97 1.73 2.32 3.68 3.64 2.40 1.74 1.77 2.26 2.88
6.62 6.52 6.31 6.10 5.86 5.65 5.46 5.24 5.01 4.82 4.67 4.53 4.40 4.27 4.12 3.98 3.86 3.79 3.73 3.69 3.65 3.60 3.55 3.49 3.49 3.64 3.95 4.33 4.81 5.41 5.81 5.69 4.87 3.98 3.54 3.56 3.75 4.16 4.52 4.50 4.51 4.57 4.55 4.51 4.30 4.24 4.39 4.70 5.31 5.44 5.10 5.19 5.49 5.51 4.93 3.80 3.23 3.66 4.56 4.82 4.54 4.30 4.16 3.77 3.40 3.25 3.00 3.17 3.99 4.52 4.51 4.01 3.39 2.82 2.14 1.85 2.29 3.45 4.03 3.27 2.07 1.55 1.90 2.64
6.74 6.65 6.43 6.17 5.91 5.69 5.47 5.24 5.03 4.84 4.67 4.53 4.39 4.24 4.09 3.96 3.86 3.79 3.73 3.65 3.59 3.55 3.53 3.52 3.52 3.56 3.62 3.72 3.94 4.25 4.76 5.39 5.50 5.12 4.74 4.59 4.53 4.57 4.78 4.80 4.74 4.75 4.75 4.80 4.63 4.36 4.34 4.41 4.73 5.09 5.12 5.15 5.43 5.77 5.41 4.32 3.57 3.58 4.51 5.32 4.69 3.70 3.73 3.88 3.58 3.12 2.69 2.97 4.26 4.84 4.23 3.48 3.19 2.83 2.26 2.13 2.39 3.25 4.20 3.99 2.64 1.59 1.68 2.33
6.88 6.77 6.51 6.27 6.06 5.85 5.59 5.33 5.10 4.90 4.71 4.52 4.35 4.22 4.10 3.97 3.83 3.71 3.63 3.58 3.55 3.53 3.55 3.55 3.55 3.55 3.49 3.44 3.48 3.58 3.91 4.55 5.15 5.24 4.85 4.47 4.37 4.45 4.61 4.64 4.46 4.20 4.05 4.14 4.17 4.03 3.92 3.82 3.82 3.91 3.99 4.19 4.61 5.35 5.37 4.50 4.12 4.15 4.66 5.50 4.87 3.51 3.41 3.93 3.96 3.21 2.49 2.85 4.42 5.08 4.00 3.14 3.01 2.63 2.15 2.16 2.39 3.09 4.18 4.48 3.35 1.99 1.73 2.15
6.99 6.84 6.53 6.28 6.11 5.88 5.59 5.31 5.07 4.88 4.72 4.56 4.43 4.30 4.15 4.00 3.85 3.69 3.57 3.51 3.50 3.50 3.52 3.54 3.50 3.46 3.49 3.57 3.75 4.17 4.72 5.09 5.22 5.10 4.41 3.81 3.85 4.02 3.98 3.90 3.86 3.66 3.52 3.56 3.56 3.51 3.49 3.46 3.42 3.48 3.51 3.56 3.84 4.59 5.04 4.50 4.31 4.84 5.40 5.71 4.74 3.32 3.18 4.00 4.52 3.66 2.48 2.69 4.39 5.19 4.05 3.20 3.04 2.49 2.04 2.03 2.25 2.92 4.03 4.71 3.88 2.61 2.20 2.23
7.11 6.96 6.62 6.34 6.08 5.79 5.51 5.26 5.03 4.82 4.65 4.53 4.42 4.29 4.15 4.01 3.89 3.79 3.68 3.59 3.52 3.46 3.45 3.52 3.58 3.53 3.47 3.48 3.69 4.16 4.61 4.92 5.05 5.19 4.71 3.72 3.59 3.77 3.76 3.63 3.63 3.54 3.43 3.39 3.24 3.18 3.25 3.25 3.24 3.37 3.45 3.41 3.46 3.80 4.29 4.15 3.91 4.60 5.83 6.28 5.06 3.27 2.87 3.83 4.95 4.49 2.98 2.54 3.82 4.98 4.32 3.49 3.17 2.50 2.05 1.94 2.06 2.63 3.76 4.70 4.41 3.43 2.95 2.65
7.30 7.17 6.89 6.58 6.23 5.90 5.60 5.31 5.05 4.83 4.65 4.48 4.34 4.22 4.12 4.01 3.91 3.82 3.75 3.65 3.54 3.44 3.38 3.41 3.48 3.48 3.38 3.25 3.22 3.27 3.48 3.88 4.36 4.96 5.25 4.61 3.88 3.70 3.80 3.72 3.66 3.50 3.29 3.18 3.04 2.98 3.02 3.03 3.11 3.23 3.32 3.37 3.37 3.37 3.59 3.75 3.65 3.88 5.13 6.42 5.80 3.72 2.63 3.25 4.90 5.26 4.09 2.97 3.39 4.37 4.17 3.68 3.32 2.64 2.12 1.87 1.86 2.25 3.10 4.19 4.65 4.28 3.85 3.45
7.38 7.28 7.08 6.84 6.47 6.04 5.66 5.38 5.14 4.92 4.70 4.51 4.35 4.20 4.06 3.97 3.90 3.81 3.71 3.63 3.56 3.49 3.40 3.28 3.17 3.15 3.18 3.13 2.95 2.78 2.90 3.33 3.94 4.59 5.19 5.15 4.35 3.70 3.61 3.51 3.40 3.35 3.24 3.09 3.08 3.11 2.94 2.99 3.16 3.26 3.36 3.47 3.50 3.40 3.46 3.67 3.76 3.73 4.31 5.82 6.01 4.12 2.51 2.61 4.24 5.52 5.20 4.04 3.69 3.80 3.53 3.53 3.39 2.77 2.26 1.87 1.77 2.09 2.50 3.10 3.95 4.34 4.47 4.36
7.52 7.38 7.09 6.81 6.44 6.01 5.64 5.38 5.16 4.93 4.73 4.54 4.37 4.22 4.10 4.00 3.91 3.82 3.73 3.63 3.56 3.48 3.38 3.24 3.11 3.05 3.03 2.98 2.88 2.88 3.09 3.37 3.72 4.01 4.29 4.52 4.36 3.89 3.56 3.30 3.12 3.17 3.29 3.21 3.22 3.32 3.14 3.13 3.25 3.29 3.41 3.52 3.61 3.63 3.61 3.73 3.95 4.05 4.26 5.33 5.91 4.47 2.70 2.25 3.26 5.03 5.79 5.23 4.33 3.46 3.01 3.29 3.32 2.81 2.32 1.95 1.82 2.12 2.53 2.71 2.94 3.53 4.31 4.87
