windninja/windninja_output/Output_2025-10-23_0800-0850_Google earth_Fire_150m_10min/merlingen_7.5mi_point_10-23-2025_0840_150m_vel.asc
ncols	158
nrows	163
xllcorner	391686.332397
yllcorner	5160024.123721
cellsize	150.000000
NODATA_value	-32768.000000
[rows 0 to 37 of 163, columns 0 to 83 of 158]
2.06 2.03 2.09 2.28 2.48 2.62 2.68 2.74 2.86 2.96 3.01 3.03 2.96 2.77 2.50 2.19 1.86 1.71 1.89 2.17 2.47 2.86 3.22 3.33 3.23 3.04 2.86 2.84 2.98 3.04 2.95 2.81 2.65 2.54 2.54 2.54 2.36 2.15 2.08 2.10 2.17 2.25 2.23 2.18 2.23 2.28 2.25 2.32 2.62 2.98 3.18 3.28 3.34 3.31 3.15 2.92 2.71 2.59 2.59 2.64 2.63 2.55 2.48 2.45 2.46 2.43 2.41 2.44 2.49 2.51 2.48 2.39 2.27 2.21 2.25 2.27 2.17 2.06 2.09 2.14 2.09 1.93 1.89 1.91
2.12 2.11 2.15 2.26 2.38 2.49 2.53 2.51 2.53 2.63 2.78 2.96 3.08 3.09 2.99 2.77 2.56 2.48 2.60 2.75 2.83 2.99 3.23 3.38 3.34 3.18 3.03 2.98 2.95 2.89 2.83 2.77 2.72 2.67 2.64 2.64 2.58 2.54 2.53 2.49 2.48 2.51 2.54 2.60 2.68 2.72 2.77 2.80 2.87 2.92 2.94 2.97 2.95 2.85 2.75 2.68 2.66 2.68 2.68 2.64 2.56 2.52 2.51 2.51 2.48 2.44 2.43 2.46 2.50 2.51 2.45 2.36 2.30 2.30 2.34 2.27 2.13 2.14 2.24 2.21 2.03 1.89 1.91 1.90
2.24 2.27 2.32 2.33 2.34 2.38 2.44 2.46 2.49 2.63 2.89 3.10 3.24 3.37 3.49 3.53 3.55 3.54 3.49 3.39 3.27 3.17 3.16 3.26 3.38 3.38 3.26 3.09 2.91 2.78 2.71 2.69 2.72 2.78 2.83 2.88 2.96 3.03 3.01 2.96 2.94 2.93 2.98 3.11 3.20 3.27 3.35 3.38 3.23 3.00 2.88 2.80 2.65 2.51 2.51 2.61 2.72 2.78 2.76 2.68 2.62 2.62 2.61 2.59 2.52 2.46 2.45 2.48 2.54 2.51 2.38 2.31 2.35 2.41 2.38 2.25 2.17 2.30 2.38 2.20 1.94 1.88 1.96 1.88
2.30 2.41 2.51 2.51 2.50 2.53 2.68 2.94 3.18 3.34 3.38 3.35 3.34 3.38 3.52 3.73 3.82 3.82 3.73 3.55 3.34 3.21 3.14 3.19 3.41 3.62 3.63 3.49 3.34 3.22 3.10 2.96 2.87 2.92 3.03 3.08 3.07 3.03 3.03 3.12 3.23 3.30 3.37 3.45 3.50 3.54 3.53 3.46 3.37 3.30 3.18 2.99 2.83 2.76 2.74 2.74 2.72 2.69 2.66 2.66 2.68 2.66 2.59 2.52 2.47 2.45 2.46 2.50 2.53 2.43 2.29 2.29 2.33 2.30 2.22 2.17 2.23 2.34 2.29 2.08 1.91 1.94 2.00 1.94
2.25 2.38 2.59 2.66 2.67 2.76 2.92 3.13 3.30 3.35 3.29 3.24 3.30 3.41 3.52 3.65 3.68 3.59 3.48 3.39 3.26 3.15 3.13 3.21 3.42 3.69 3.93 4.02 3.98 3.90 3.81 3.69 3.54 3.41 3.30 3.20 3.12 3.15 3.30 3.44 3.54 3.64 3.74 3.77 3.71 3.62 3.47 3.34 3.29 3.23 3.06 2.87 2.78 2.75 2.70 2.65 2.61 2.59 2.58 2.59 2.58 2.54 2.49 2.46 2.45 2.45 2.44 2.46 2.48 2.33 2.20 2.21 2.24 2.21 2.13 2.08 2.12 2.19 2.16 1.98 1.82 1.87 2.02 2.07
2.12 2.20 2.43 2.68 2.81 2.90 2.96 2.97 2.92 2.85 2.89 2.98 3.10 3.25 3.37 3.40 3.41 3.30 3.12 3.05 3.04 2.96 2.93 3.03 3.17 3.36 3.59 3.81 3.97 4.05 4.09 4.13 4.12 4.01 3.78 3.58 3.58 3.70 3.80 3.83 3.80 3.77 3.71 3.60 3.46 3.30 3.17 3.09 3.01 2.90 2.79 2.70 2.61 2.55 2.54 2.56 2.58 2.59 2.60 2.58 2.54 2.50 2.48 2.47 2.45 2.42 2.40 2.45 2.46 2.30 2.17 2.17 2.26 2.26 2.18 2.15 2.18 2.20 2.06 1.79 1.69 1.84 2.06 2.14
2.09 2.08 2.17 2.43 2.72 2.88 2.89 2.80 2.67 2.64 2.73 2.87 2.99 3.09 3.15 3.16 3.24 3.33 3.30 3.24 3.16 3.02 2.86 2.80 2.84 2.90 3.01 3.23 3.52 3.72 3.86 3.98 4.07 4.11 4.10 4.09 4.11 4.09 3.98 3.84 3.70 3.54 3.32 3.11 2.96 2.88 2.84 2.80 2.73 2.65 2.61 2.60 2.59 2.54 2.50 2.51 2.53 2.57 2.59 2.62 2.66 2.67 2.61 2.53 2.46 2.41 2.41 2.48 2.47 2.34 2.31 2.42 2.48 2.38 2.29 2.31 2.33 2.28 1.98 1.71 1.83 2.10 2.20 2.19
2.15 2.15 2.13 2.17 2.32 2.48 2.56 2.53 2.47 2.52 2.66 2.83 3.01 3.11 3.13 3.13 3.19 3.37 3.50 3.51 3.47 3.36 3.12 2.82 2.67 2.67 2.82 3.01 3.16 3.28 3.42 3.55 3.60 3.65 3.78 3.90 3.88 3.74 3.56 3.39 3.23 3.06 2.88 2.73 2.64 2.61 2.59 2.56 2.52 2.47 2.43 2.49 2.56 2.54 2.51 2.54 2.58 2.62 2.68 2.76 2.80 2.74 2.66 2.59 2.51 2.43 2.44 2.51 2.47 2.37 2.41 2.56 2.53 2.38 2.28 2.24 2.23 2.10 1.78 1.70 2.04 2.29 2.30 2.28
2.17 2.20 2.20 2.15 2.10 2.11 2.17 2.27 2.38 2.48 2.59 2.72 2.89 3.05 3.18 3.22 3.22 3.31 3.46 3.53 3.52 3.50 3.39 3.18 2.96 2.88 2.94 2.98 2.95 2.98 3.07 3.14 3.20 3.26 3.28 3.24 3.14 3.02 2.91 2.80 2.67 2.56 2.50 2.49 2.50 2.47 2.41 2.36 2.34 2.34 2.38 2.39 2.36 2.38 2.50 2.62 2.69 2.74 2.76 2.69 2.52 2.36 2.33 2.36 2.34 2.38 2.49 2.56 2.49 2.36 2.32 2.31 2.20 2.12 2.10 2.08 2.06 1.87 1.64 1.75 2.17 2.39 2.44 2.52
2.15 2.17 2.21 2.22 2.19 2.16 2.17 2.26 2.39 2.50 2.57 2.63 2.69 2.79 2.94 3.12 3.22 3.28 3.42 3.62 3.69 3.67 3.63 3.55 3.38 3.16 3.03 2.97 2.93 2.94 3.00 2.98 2.96 3.00 3.00 2.90 2.75 2.64 2.54 2.46 2.41 2.39 2.39 2.37 2.33 2.26 2.23 2.21 2.19 2.18 2.19 2.20 2.19 2.28 2.44 2.53 2.54 2.50 2.35 2.12 1.94 1.91 1.88 1.84 1.98 2.27 2.46 2.49 2.33 2.15 2.09 2.08 2.03 1.97 1.94 1.89 1.84 1.75 1.81 2.17 2.52 2.65 2.62 2.63
2.16 2.18 2.23 2.26 2.28 2.31 2.36 2.42 2.48 2.54 2.57 2.57 2.56 2.57 2.65 2.86 3.07 3.20 3.30 3.50 3.73 3.86 3.86 3.77 3.64 3.47 3.24 3.04 2.97 2.93 2.87 2.76 2.67 2.64 2.65 2.62 2.55 2.46 2.42 2.44 2.47 2.44 2.37 2.27 2.14 2.05 2.01 1.98 1.90 1.81 1.81 1.88 1.95 2.06 2.07 2.04 1.89 1.73 1.55 1.43 1.43 1.46 1.40 1.48 1.82 2.10 2.20 2.11 1.86 1.79 1.94 2.07 2.07 1.98 1.84 1.72 1.74 1.90 2.20 2.66 2.88 2.86 2.75 2.70
2.18 2.20 2.24 2.28 2.31 2.35 2.42 2.50 2.55 2.57 2.58 2.57 2.54 2.51 2.53 2.67 2.89 3.09 3.16 3.20 3.34 3.55 3.70 3.72 3.64 3.45 3.14 2.87 2.72 2.62 2.50 2.41 2.37 2.36 2.32 2.30 2.30 2.32 2.36 2.38 2.36 2.32 2.25 2.16 2.08 1.96 1.76 1.56 1.39 1.27 1.25 1.26 1.25 1.31 1.30 1.27 1.18 1.07 0.95 0.89 0.92 0.98 1.05 1.33 1.69 1.81 1.80 1.63 1.48 1.73 2.06 2.14 2.10 2.05 2.02 2.11 2.33 2.58 2.83 3.02 3.01 2.98 2.98 3.12
2.18 2.20 2.24 2.30 2.35 2.40 2.43 2.47 2.50 2.53 2.55 2.56 2.54 2.46 2.40 2.45 2.60 2.82 3.01 3.07 3.08 3.14 3.24 3.31 3.21 2.97 2.74 2.57 2.43 2.33 2.30 2.31 2.30 2.25 2.18 2.12 2.11 2.17 2.22 2.22 2.21 2.21 2.17 2.08 1.97 1.80 1.55 1.23 0.97 0.87 0.84 0.76 0.71 0.74 0.82 0.84 0.82 0.72 0.58 0.54 0.70 0.86 1.04 1.30 1.50 1.54 1.48 1.42 1.57 1.94 2.08 2.07 2.16 2.29 2.52 2.83 3.03 3.20 3.29 3.21 3.10 3.11 3.23 3.49
2.19 2.21 2.24 2.30 2.37 2.43 2.46 2.47 2.48 2.51 2.53 2.54 2.54 2.52 2.44 2.33 2.29 2.39 2.63 2.82 2.86 2.84 2.81 2.76 2.71 2.67 2.61 2.54 2.47 2.37 2.26 2.18 2.15 2.12 2.10 2.14 2.17 2.14 2.09 2.04 1.97 1.84 1.62 1.43 1.30 1.20 1.16 1.14 1.05 0.91 0.78 0.68 0.61 0.63 0.73 0.76 0.71 0.58 0.46 0.57 0.86 1.09 1.31 1.47 1.47 1.43 1.41 1.57 1.83 1.94 1.95 2.07 2.35 2.57 2.70 2.74 2.85 2.99 2.92 2.84 2.99 3.18 3.29 3.35
2.21 2.22 2.26 2.29 2.34 2.38 2.44 2.49 2.52 2.53 2.54 2.55 2.58 2.65 2.70 2.64 2.48 2.34 2.32 2.42 2.48 2.47 2.48 2.51 2.55 2.59 2.62 2.61 2.51 2.39 2.27 2.15 2.08 2.08 2.13 2.21 2.20 2.06 1.84 1.58 1.35 1.12 0.93 0.77 0.72 0.75 0.81 1.02 1.26 1.28 1.11 0.98 0.92 0.96 1.04 1.00 0.90 0.78 0.80 1.05 1.43 1.67 1.89 1.87 1.65 1.61 1.71 1.89 2.01 1.91 1.95 2.29 2.56 2.55 2.37 2.35 2.51 2.44 2.22 2.38 2.82 3.02 2.96 2.82
2.21 2.23 2.27 2.31 2.33 2.36 2.39 2.45 2.50 2.53 2.55 2.57 2.59 2.66 2.82 2.97 2.95 2.75 2.49 2.35 2.34 2.39 2.47 2.58 2.64 2.63 2.62 2.62 2.56 2.48 2.49 2.51 2.43 2.30 2.11 1.86 1.63 1.48 1.30 1.09 0.93 0.88 0.93 1.00 1.04 1.09 1.11 1.05 1.11 1.36 1.60 1.66 1.73 1.91 1.94 1.85 1.61 1.41 1.39 1.61 1.96 2.20 2.25 2.06 1.93 2.06 2.17 2.22 2.29 2.10 2.07 2.35 2.41 2.18 2.10 2.25 2.24 2.02 2.09 2.61 2.87 2.64 2.42 2.23
2.23 2.25 2.29 2.32 2.35 2.39 2.43 2.46 2.50 2.53 2.55 2.58 2.58 2.57 2.62 2.78 2.92 2.92 2.78 2.59 2.50 2.51 2.55 2.63 2.73 2.74 2.65 2.61 2.67 2.69 2.63 2.52 2.33 2.03 1.65 1.32 1.14 1.12 1.15 1.18 1.23 1.31 1.51 1.60 1.57 1.53 1.54 1.46 1.35 1.54 1.89 2.14 2.28 2.29 2.20 2.07 1.97 1.90 1.90 2.14 2.35 2.39 2.26 2.05 2.06 2.26 2.38 2.48 2.52 2.33 2.19 2.19 2.18 2.11 2.18 2.17 2.00 2.10 2.58 2.88 2.57 2.10 1.95 1.73
2.24 2.27 2.31 2.35 2.39 2.43 2.47 2.51 2.55 2.58 2.58 2.57 2.56 2.50 2.43 2.42 2.52 2.66 2.71 2.66 2.54 2.45 2.42 2.47 2.56 2.59 2.54 2.46 2.46 2.48 2.37 2.17 1.98 1.83 1.70 1.58 1.51 1.52 1.59 1.67 1.74 1.76 1.71 1.66 1.65 1.63 1.66 1.81 1.96 2.03 2.06 2.12 2.16 2.08 1.97 1.96 2.07 2.22 2.35 2.46 2.50 2.45 2.26 2.12 2.22 2.41 2.57 2.61 2.45 2.29 2.31 2.28 2.33 2.33 2.16 2.05 2.11 2.40 2.64 2.33 1.80 1.64 1.52 1.30
2.25 2.28 2.32 2.37 2.41 2.45 2.49 2.53 2.57 2.61 2.62 2.59 2.55 2.50 2.41 2.30 2.29 2.35 2.38 2.37 2.34 2.30 2.29 2.28 2.29 2.34 2.36 2.30 2.17 2.07 2.02 1.98 1.96 2.00 2.03 2.00 1.90 1.80 1.75 1.75 1.75 1.72 1.67 1.64 1.65 1.70 1.78 1.94 2.08 2.09 2.00 1.90 1.85 1.88 1.96 2.09 2.23 2.32 2.41 2.48 2.48 2.37 2.21 2.21 2.37 2.53 2.60 2.46 2.28 2.41 2.61 2.59 2.56 2.38 2.03 1.92 1.95 1.96 1.88 1.56 1.41 1.43 1.27 1.15
2.25 2.27 2.32 2.39 2.45 2.49 2.52 2.54 2.56 2.59 2.62 2.63 2.61 2.55 2.45 2.34 2.25 2.23 2.24 2.27 2.32 2.35 2.34 2.32 2.33 2.36 2.36 2.30 2.17 2.06 2.03 2.05 2.04 1.98 1.92 1.90 1.88 1.83 1.83 1.89 1.93 1.93 1.92 1.88 1.86 1.94 2.04 2.00 1.90 1.85 1.82 1.78 1.78 1.90 2.13 2.28 2.32 2.32 2.33 2.33 2.24 2.09 2.05 2.18 2.32 2.44 2.45 2.40 2.59 2.93 2.94 2.69 2.52 2.34 2.13 1.92 1.63 1.46 1.48 1.46 1.48 1.53 1.42 1.35
2.28 2.31 2.35 2.40 2.45 2.51 2.55 2.57 2.58 2.59 2.61 2.64 2.64 2.60 2.54 2.46 2.40 2.38 2.41 2.45 2.47 2.48 2.48 2.47 2.47 2.45 2.41 2.35 2.28 2.22 2.18 2.21 2.24 2.21 2.23 2.29 2.30 2.32 2.33 2.31 2.24 2.15 2.05 2.01 2.04 2.07 2.02 1.92 1.84 1.84 1.85 1.87 1.93 2.02 2.10 2.12 2.16 2.23 2.25 2.16 2.02 2.00 2.12 2.24 2.36 2.51 2.61 2.79 3.11 3.16 2.79 2.39 2.21 2.18 2.14 1.93 1.71 1.61 1.64 1.70 1.80 1.79 1.65 1.53
2.32 2.34 2.38 2.41 2.46 2.52 2.58 2.62 2.63 2.64 2.65 2.66 2.65 2.62 2.60 2.59 2.58 2.58 2.58 2.58 2.57 2.57 2.57 2.54 2.52 2.51 2.49 2.43 2.35 2.30 2.28 2.33 2.45 2.59 2.69 2.78 2.80 2.69 2.53 2.39 2.29 2.20 2.13 2.10 2.06 1.96 1.88 1.91 1.98 2.00 2.02 2.06 2.08 2.04 1.96 1.93 1.99 2.09 2.12 2.06 2.00 2.11 2.30 2.37 2.54 2.81 3.01 3.23 3.24 2.80 2.26 2.00 1.96 2.06 2.02 1.89 1.88 1.90 1.92 2.00 2.03 1.83 1.67 1.64
2.31 2.34 2.40 2.45 2.50 2.55 2.61 2.66 2.69 2.69 2.70 2.73 2.74 2.70 2.67 2.66 2.67 2.68 2.69 2.69 2.68 2.66 2.65 2.62 2.60 2.59 2.58 2.53 2.46 2.40 2.37 2.42 2.56 2.66 2.62 2.53 2.50 2.45 2.31 2.19 2.17 2.20 2.20 2.13 2.02 2.02 2.12 2.15 2.13 2.10 2.09 2.09 2.05 2.00 2.00 2.03 2.06 2.10 2.03 1.97 2.02 2.22 2.41 2.61 3.02 3.37 3.45 3.34 2.90 2.28 1.91 1.80 1.91 2.13 2.16 2.04 1.95 1.99 2.12 2.18 2.07 1.85 1.80 1.77
2.32 2.36 2.43 2.50 2.54 2.58 2.61 2.66 2.71 2.73 2.73 2.76 2.81 2.81 2.77 2.74 2.74 2.74 2.76 2.77 2.78 2.76 2.74 2.72 2.68 2.65 2.63 2.56 2.45 2.34 2.28 2.29 2.34 2.38 2.33 2.21 2.09 2.07 2.10 2.09 2.11 2.18 2.20 2.18 2.23 2.36 2.36 2.24 2.12 2.07 2.06 2.03 2.02 2.08 2.13 2.12 2.12 2.08 1.97 1.97 2.07 2.25 2.57 3.10 3.55 3.54 3.25 2.80 2.18 1.76 1.63 1.68 2.00 2.37 2.36 2.05 1.84 1.94 2.09 2.07 1.98 1.92 1.91 1.84
2.35 2.38 2.43 2.49 2.54 2.59 2.64 2.69 2.72 2.76 2.77 2.76 2.79 2.85 2.86 2.84 2.80 2.78 2.79 2.79 2.78 2.79 2.78 2.76 2.75 2.74 2.69 2.60 2.42 2.24 2.14 2.08 2.05 2.12 2.21 2.22 2.15 2.04 2.01 2.05 2.10 2.16 2.26 2.41 2.57 2.52 2.32 2.16 2.07 2.01 2.00 2.02 2.11 2.20 2.21 2.19 2.16 2.03 1.89 1.88 2.01 2.40 3.04 3.55 3.44 2.88 2.35 1.82 1.42 1.27 1.35 1.74 2.40 2.61 2.19 1.72 1.62 1.83 1.95 1.91 1.96 2.04 2.03 1.94
2.36 2.39 2.44 2.50 2.56 2.62 2.68 2.73 2.77 2.80 2.81 2.79 2.79 2.82 2.86 2.87 2.86 2.84 2.82 2.80 2.78 2.78 2.79 2.79 2.81 2.85 2.87 2.83 2.68 2.39 2.10 1.95 1.92 2.03 2.21 2.34 2.35 2.23 2.07 2.04 2.09 2.17 2.34 2.50 2.50 2.35 2.22 2.13 2.10 2.09 2.07 2.04 2.04 2.07 2.16 2.25 2.18 1.95 1.75 1.74 2.14 3.02 3.72 3.64 3.06 2.45 1.89 1.40 1.15 1.16 1.54 2.32 2.77 2.46 1.93 1.59 1.60 1.84 1.93 1.98 2.15 2.23 2.16 2.13
2.39 2.42 2.47 2.53 2.59 2.65 2.70 2.76 2.82 2.85 2.87 2.86 2.84 2.82 2.83 2.85 2.86 2.86 2.84 2.81 2.80 2.81 2.84 2.87 2.88 2.93 3.07 3.17 3.05 2.74 2.34 2.00 1.79 1.73 1.89 2.17 2.38 2.43 2.31 2.21 2.21 2.27 2.38 2.43 2.37 2.36 2.40 2.35 2.30 2.31 2.26 2.14 2.08 2.14 2.33 2.37 2.12 1.85 1.81 2.08 2.83 3.70 3.74 3.09 2.48 2.05 1.65 1.33 1.24 1.53 2.28 2.84 2.70 2.20 1.80 1.63 1.70 1.95 2.06 2.15 2.27 2.23 2.14 2.27
2.42 2.46 2.52 2.57 2.62 2.68 2.73 2.78 2.83 2.87 2.90 2.90 2.88 2.85 2.83 2.84 2.84 2.85 2.87 2.88 2.87 2.87 2.88 2.89 2.92 3.00 3.14 3.36 3.44 3.27 2.91 2.40 1.96 1.70 1.59 1.73 2.08 2.40 2.44 2.34 2.30 2.39 2.46 2.50 2.55 2.64 2.74 2.71 2.58 2.48 2.48 2.50 2.52 2.58 2.62 2.40 2.14 2.11 2.39 2.88 3.49 3.72 3.11 2.26 1.78 1.52 1.34 1.26 1.46 2.07 2.77 2.84 2.43 2.02 1.68 1.57 1.74 2.11 2.26 2.22 2.19 2.11 2.12 2.32
2.43 2.48 2.55 2.61 2.65 2.71 2.77 2.81 2.85 2.88 2.91 2.93 2.92 2.89 2.86 2.85 2.86 2.86 2.89 2.92 2.92 2.89 2.86 2.85 2.90 3.01 3.20 3.50 3.80 3.88 3.67 3.17 2.58 2.14 1.87 1.86 2.15 2.48 2.69 2.73 2.74 2.83 2.81 2.77 2.80 2.85 2.87 2.89 2.87 2.83 2.85 2.91 2.93 2.91 2.74 2.44 2.38 2.55 2.85 3.30 3.63 3.39 2.64 1.94 1.57 1.37 1.25 1.34 1.84 2.57 2.96 2.76 2.32 1.87 1.51 1.43 1.65 2.07 2.16 2.11 2.11 2.07 2.13 2.28
2.44 2.48 2.56 2.64 2.69 2.72 2.77 2.83 2.87 2.90 2.93 2.96 2.97 2.96 2.93 2.89 2.89 2.90 2.89 2.88 2.87 2.86 2.84 2.85 2.86 2.92 3.09 3.35 3.68 4.02 4.19 4.05 3.47 2.88 2.66 2.74 2.87 3.02 3.16 3.27 3.38 3.42 3.36 3.25 3.10 3.02 3.01 3.10 3.30 3.47 3.46 3.35 3.24 3.08 2.84 2.62 2.54 2.60 2.84 3.23 3.30 2.73 2.07 1.64 1.37 1.26 1.31 1.58 2.22 2.84 2.93 2.49 1.98 1.63 1.45 1.53 1.79 1.95 2.00 2.05 2.07 2.00 2.01 2.05
2.46 2.50 2.59 2.68 2.74 2.76 2.79 2.85 2.90 2.93 2.95 2.98 2.99 2.98 2.96 2.92 2.90 2.89 2.88 2.87 2.86 2.87 2.87 2.87 2.85 2.82 2.82 2.92 3.11 3.30 3.55 3.88 3.88 3.61 3.46 3.44 3.42 3.40 3.47 3.57 3.61 3.57 3.49 3.38 3.24 3.13 3.11 3.24 3.33 3.34 3.32 3.25 3.07 2.87 2.69 2.49 2.32 2.35 2.68 2.98 2.72 1.98 1.44 1.16 1.12 1.25 1.40 1.69 2.31 2.80 2.55 1.83 1.47 1.50 1.66 1.88 1.93 1.91 2.04 2.20 2.13 1.93 1.87 1.92
2.51 2.53 2.61 2.72 2.79 2.83 2.86 2.91 2.96 2.98 3.00 3.01 3.00 2.99 2.98 2.93 2.87 2.83 2.83 2.84 2.86 2.86 2.86 2.84 2.80 2.77 2.74 2.77 2.85 2.94 3.09 3.39 3.68 3.71 3.53 3.38 3.35 3.39 3.47 3.48 3.33 3.09 2.91 2.83 2.83 2.84 2.85 2.82 2.59 2.32 2.29 2.32 2.29 2.28 2.24 2.19 2.16 2.26 2.53 2.70 2.31 1.64 1.19 1.03 1.20 1.45 1.58 1.80 2.37 2.63 2.07 1.54 1.60 1.85 1.94 1.97 1.91 1.96 2.18 2.35 2.21 1.92 1.83 1.90
2.55 2.56 2.61 2.70 2.81 2.86 2.89 2.93 2.97 2.99 3.01 3.04 3.05 3.04 3.01 2.97 2.92 2.86 2.80 2.78 2.78 2.77 2.78 2.81 2.78 2.72 2.72 2.79 2.96 3.27 3.59 3.73 3.74 3.58 3.18 2.95 3.04 3.13 3.03 2.86 2.71 2.55 2.43 2.38 2.37 2.37 2.35 2.21 1.93 1.78 1.74 1.73 1.78 1.86 1.93 2.07 2.25 2.39 2.49 2.45 1.95 1.42 1.24 1.27 1.53 1.73 1.85 2.10 2.49 2.52 2.05 1.97 2.26 2.25 2.07 1.99 2.00 2.09 2.27 2.39 2.11 1.77 1.76 1.86
2.59 2.63 2.67 2.71 2.79 2.84 2.88 2.93 2.97 2.98 2.98 3.02 3.04 3.03 3.02 2.98 2.95 2.92 2.85 2.78 2.74 2.72 2.70 2.75 2.78 2.70 2.64 2.66 2.82 3.14 3.46 3.65 3.66 3.61 3.28 2.88 2.91 2.92 2.76 2.56 2.46 2.39 2.29 2.18 2.06 1.99 1.91 1.74 1.60 1.59 1.58 1.55 1.53 1.52 1.61 1.83 2.11 2.33 2.38 2.24 1.88 1.53 1.49 1.61 1.82 1.94 2.01 2.19 2.46 2.62 2.55 2.59 2.56 2.26 2.07 2.07 2.14 2.27 2.42 2.34 1.93 1.66 1.74 1.90
2.62 2.68 2.78 2.82 2.85 2.89 2.93 2.97 3.00 2.99 2.97 2.98 2.99 2.99 2.99 2.98 2.94 2.90 2.84 2.79 2.74 2.70 2.64 2.60 2.63 2.64 2.58 2.52 2.49 2.53 2.70 3.00 3.28 3.54 3.63 3.37 3.04 2.81 2.68 2.57 2.42 2.23 2.01 1.83 1.69 1.60 1.51 1.42 1.41 1.43 1.42 1.39 1.34 1.29 1.36 1.58 1.84 1.99 2.02 2.03 1.93 1.76 1.72 1.81 1.93 1.97 2.05 2.22 2.61 2.99 2.85 2.58 2.31 2.03 1.95 1.99 2.07 2.23 2.26 2.04 1.80 1.75 1.84 1.98
2.62 2.69 2.81 2.92 2.97 2.97 2.98 3.01 3.05 3.04 2.99 2.96 2.96 2.96 2.94 2.92 2.89 2.85 2.81 2.76 2.73 2.68 2.59 2.49 2.43 2.44 2.45 2.42 2.32 2.22 2.30 2.62 3.05 3.39 3.65 3.61 3.20 2.73 2.47 2.29 2.12 1.97 1.79 1.66 1.60 1.52 1.44 1.45 1.51 1.52 1.48 1.45 1.44 1.45 1.57 1.73 1.81 1.78 1.75 1.80 1.78 1.70 1.73 1.83 1.93 2.03 2.21 2.52 3.04 3.11 2.48 2.05 1.86 1.72 1.78 1.87 1.87 1.84 1.72 1.63 1.68 1.70 1.75 1.85
2.63 2.67 2.76 2.90 3.00 3.01 2.98 2.98 3.02 3.03 3.00 2.95 2.94 2.93 2.91 2.87 2.84 2.82 2.78 2.73 2.68 2.62 2.54 2.46 2.37 2.31 2.30 2.31 2.28 2.28 2.40 2.63 2.87 3.00 3.08 3.16 3.06 2.69 2.30 1.99 1.81 1.77 1.76 1.73 1.71 1.71 1.69 1.66 1.64 1.58 1.58 1.66 1.72 1.81 1.94 1.98 1.93 1.84 1.78 1.80 1.83 1.74 1.72 1.82 1.92 2.11 2.44 2.89 3.12 2.60 1.79 1.53 1.53 1.67 1.86 1.83 1.69 1.55 1.52 1.63 1.63 1.51 1.52 1.62
2.69 2.73 2.79 2.85 2.94 3.00 2.99 2.96 2.95 2.97 2.97 2.94 2.92 2.90 2.88 2.85 2.81 2.78 2.75 2.69 2.62 2.57 2.52 2.45 2.38 2.31 2.26 2.28 2.39 2.54 2.61 2.60 2.52 2.49 2.58 2.62 2.61 2.47 2.23 2.00 1.86 1.82 1.82 1.86 1.87 1.86 1.86 1.85 1.79 1.72 1.78 1.90 1.98 2.01 2.04 2.08 2.08 2.04 2.01 2.06 2.07 1.93 1.85 1.84 1.86 2.07 2.55 2.96 2.70 1.91 1.44 1.53 1.90 2.13 1.95 1.69 1.68 1.69 1.71 1.78 1.63 1.48 1.47 1.59
