windninja/windninja_output/Output_2025-10-23_0800-0850_Google earth_Fire_150m_10min/merlingen_7.5mi_point_10-23-2025_0840_150m_vel.asc
ncols	158
nrows	163
xllcorner	391686.332397
yllcorner	5160024.123721
cellsize	150.000000
NODATA_value	-32768.000000
[rows 38 to 75 of 163, columns 0 to 83 of 158]
2.73 2.78 2.85 2.89 2.91 2.93 2.95 2.94 2.90 2.91 2.92 2.90 2.88 2.86 2.82 2.78 2.75 2.72 2.68 2.64 2.59 2.53 2.48 2.42 2.35 2.28 2.25 2.29 2.40 2.45 2.36 2.24 2.19 2.26 2.39 2.44 2.38 2.33 2.28 2.17 2.09 2.05 2.05 2.10 2.14 2.14 2.17 2.22 2.24 2.24 2.29 2.34 2.33 2.26 2.28 2.38 2.43 2.45 2.51 2.57 2.53 2.34 2.13 1.95 1.87 2.07 2.64 2.80 2.13 1.55 1.69 2.28 2.64 2.33 1.73 1.65 1.94 1.92 1.84 1.85 1.70 1.56 1.51 1.73
2.77 2.79 2.81 2.86 2.88 2.86 2.86 2.87 2.84 2.83 2.84 2.82 2.80 2.80 2.78 2.72 2.68 2.64 2.60 2.57 2.53 2.48 2.43 2.38 2.31 2.23 2.17 2.13 2.09 2.00 1.91 1.89 1.96 2.05 2.14 2.27 2.40 2.56 2.57 2.43 2.26 2.18 2.22 2.34 2.44 2.45 2.41 2.38 2.44 2.52 2.56 2.63 2.77 2.94 3.08 3.12 3.14 3.16 3.15 3.10 2.92 2.58 2.21 1.97 1.92 2.12 2.67 2.60 1.87 1.80 2.42 2.80 2.51 1.83 1.55 2.00 2.32 2.10 2.00 2.02 1.79 1.55 1.55 1.91
2.85 2.89 2.81 2.79 2.81 2.81 2.80 2.81 2.77 2.72 2.73 2.73 2.71 2.72 2.73 2.68 2.63 2.59 2.55 2.50 2.46 2.42 2.38 2.33 2.27 2.18 2.06 1.91 1.76 1.70 1.71 1.71 1.69 1.72 1.86 2.02 2.18 2.42 2.67 2.74 2.67 2.57 2.55 2.54 2.53 2.61 2.68 2.68 2.69 2.69 2.71 2.90 3.22 3.45 3.45 3.38 3.33 3.19 3.00 2.77 2.39 2.06 1.90 1.90 1.99 2.23 2.65 2.49 2.14 2.52 2.78 2.37 1.77 1.47 1.73 2.50 2.58 2.23 2.08 1.96 1.71 1.62 1.79 2.14
2.88 2.91 2.80 2.73 2.71 2.69 2.69 2.72 2.71 2.64 2.62 2.64 2.63 2.61 2.63 2.61 2.57 2.54 2.50 2.44 2.40 2.35 2.31 2.26 2.20 2.11 1.99 1.86 1.74 1.70 1.70 1.65 1.57 1.59 1.75 1.97 2.08 2.13 2.41 2.85 3.13 3.22 3.15 2.97 2.92 3.09 3.21 3.19 3.09 3.03 3.07 3.23 3.29 3.11 2.84 2.68 2.53 2.31 2.10 1.81 1.54 1.50 1.75 2.07 2.22 2.43 2.71 2.77 2.87 2.94 2.43 1.88 1.77 1.79 2.27 2.86 2.54 2.10 1.86 1.64 1.56 1.71 2.03 2.39
2.83 2.83 2.73 2.64 2.61 2.58 2.54 2.57 2.62 2.58 2.52 2.53 2.53 2.51 2.52 2.52 2.49 2.46 2.43 2.38 2.32 2.27 2.23 2.19 2.13 2.05 1.96 1.87 1.79 1.76 1.75 1.70 1.62 1.61 1.72 1.96 2.24 2.48 2.71 2.96 3.14 3.15 3.14 3.23 3.35 3.32 3.08 2.83 2.71 2.72 2.86 2.91 2.72 2.43 2.18 1.98 1.75 1.54 1.34 1.20 1.21 1.46 1.93 2.28 2.50 2.84 3.19 3.49 3.46 2.91 2.24 2.15 2.34 2.41 2.87 3.02 2.31 1.87 1.65 1.57 1.67 1.81 2.12 2.75
2.78 2.75 2.64 2.56 2.52 2.51 2.47 2.44 2.48 2.48 2.43 2.42 2.43 2.41 2.40 2.40 2.38 2.35 2.33 2.30 2.25 2.19 2.15 2.13 2.09 2.03 1.96 1.88 1.80 1.71 1.66 1.64 1.64 1.67 1.75 1.95 2.27 2.61 2.76 2.72 2.61 2.58 2.72 2.93 2.88 2.57 2.31 2.19 2.22 2.38 2.62 2.62 2.38 2.15 1.92 1.65 1.39 1.22 1.12 1.15 1.35 1.69 2.05 2.33 2.82 3.47 3.94 4.05 3.66 3.12 2.88 3.01 3.06 3.10 3.29 2.92 2.13 1.75 1.58 1.58 1.75 2.01 2.60 3.44
2.73 2.68 2.55 2.46 2.40 2.39 2.38 2.34 2.34 2.36 2.33 2.31 2.32 2.31 2.30 2.29 2.28 2.27 2.25 2.23 2.20 2.15 2.10 2.07 2.04 2.00 1.94 1.88 1.80 1.70 1.64 1.64 1.67 1.71 1.76 1.87 2.03 2.11 2.10 2.12 2.16 2.31 2.49 2.49 2.25 2.02 1.92 2.03 2.35 2.74 2.87 2.61 2.26 1.99 1.71 1.43 1.22 1.12 1.19 1.44 1.75 2.04 2.27 2.60 3.35 3.96 4.07 3.86 3.41 3.20 3.29 3.36 3.30 3.28 3.05 2.40 1.85 1.61 1.47 1.54 1.88 2.49 3.28 3.53
2.71 2.64 2.51 2.40 2.32 2.28 2.26 2.25 2.23 2.24 2.23 2.20 2.20 2.21 2.21 2.21 2.20 2.20 2.19 2.15 2.13 2.10 2.06 2.01 1.98 1.95 1.91 1.84 1.77 1.71 1.69 1.68 1.69 1.70 1.72 1.74 1.72 1.68 1.71 1.83 2.03 2.23 2.28 2.14 1.98 1.96 2.04 2.31 2.76 2.91 2.60 2.13 1.81 1.55 1.34 1.20 1.11 1.17 1.49 1.91 2.24 2.53 2.89 3.45 4.05 4.13 3.76 3.26 2.71 2.52 2.67 2.74 2.70 2.60 2.23 1.76 1.48 1.45 1.50 1.87 2.50 3.06 3.23 2.66
2.68 2.61 2.48 2.37 2.27 2.19 2.13 2.12 2.12 2.13 2.14 2.12 2.11 2.12 2.12 2.12 2.11 2.10 2.09 2.07 2.04 2.02 2.00 1.97 1.93 1.89 1.84 1.79 1.75 1.70 1.66 1.66 1.66 1.68 1.71 1.69 1.63 1.60 1.65 1.77 1.92 2.02 2.03 1.93 1.82 1.90 2.24 2.68 2.81 2.46 1.99 1.67 1.40 1.18 1.08 1.08 1.17 1.49 2.01 2.49 2.81 3.18 3.71 4.11 4.17 3.85 3.29 2.69 2.21 2.09 2.17 2.17 2.10 1.92 1.62 1.37 1.30 1.39 1.70 2.24 2.67 2.74 2.38 1.80
2.66 2.57 2.42 2.32 2.25 2.13 1.99 1.95 1.97 2.00 2.02 2.04 2.03 2.02 2.03 2.02 2.01 2.00 2.00 1.99 1.96 1.93 1.91 1.89 1.86 1.82 1.79 1.76 1.73 1.70 1.66 1.63 1.61 1.61 1.60 1.59 1.57 1.57 1.60 1.68 1.77 1.85 1.87 1.85 1.88 2.06 2.43 2.61 2.34 1.92 1.64 1.36 1.20 1.19 1.22 1.31 1.60 2.06 2.65 3.08 3.29 3.60 3.87 3.82 3.59 3.24 2.68 2.25 2.01 1.98 2.01 1.90 1.76 1.54 1.27 1.10 1.13 1.30 1.65 2.04 2.19 2.05 1.84 1.63
2.62 2.54 2.40 2.27 2.22 2.14 1.92 1.79 1.82 1.86 1.88 1.90 1.92 1.92 1.92 1.91 1.91 1.90 1.90 1.90 1.88 1.86 1.84 1.82 1.80 1.77 1.75 1.74 1.72 1.69 1.67 1.64 1.61 1.58 1.54 1.52 1.52 1.55 1.58 1.61 1.65 1.66 1.64 1.73 2.00 2.31 2.50 2.33 1.96 1.67 1.38 1.15 1.09 1.17 1.31 1.59 2.10 2.78 3.39 3.53 3.45 3.48 3.42 3.21 3.05 2.76 2.34 2.05 1.89 1.84 1.79 1.68 1.54 1.28 1.01 0.90 1.00 1.23 1.52 1.79 1.92 1.91 1.88 1.80
2.58 2.49 2.36 2.25 2.18 2.15 1.96 1.72 1.66 1.73 1.78 1.79 1.80 1.82 1.85 1.85 1.82 1.82 1.83 1.82 1.81 1.80 1.79 1.79 1.77 1.75 1.73 1.71 1.69 1.68 1.67 1.65 1.63 1.61 1.58 1.57 1.58 1.62 1.64 1.61 1.56 1.48 1.50 1.70 1.97 2.23 2.23 1.94 1.65 1.39 1.22 1.19 1.28 1.45 1.70 2.12 2.78 3.50 3.70 3.37 3.10 3.00 2.91 2.92 2.87 2.59 2.22 1.93 1.77 1.69 1.63 1.54 1.35 1.07 0.89 0.93 1.14 1.38 1.60 1.83 1.99 2.07 2.05 1.96
2.56 2.43 2.29 2.26 2.23 2.19 2.09 1.84 1.62 1.61 1.68 1.72 1.73 1.75 1.77 1.79 1.78 1.76 1.77 1.77 1.76 1.76 1.74 1.74 1.75 1.74 1.71 1.69 1.68 1.67 1.65 1.63 1.61 1.60 1.60 1.61 1.65 1.67 1.64 1.59 1.53 1.54 1.64 1.75 1.91 2.02 1.86 1.54 1.22 1.00 0.96 1.15 1.54 1.91 2.28 2.84 3.51 3.72 3.27 2.70 2.42 2.33 2.52 2.91 2.87 2.46 2.07 1.78 1.62 1.53 1.46 1.34 1.12 0.94 0.94 1.12 1.32 1.47 1.64 1.88 2.08 2.15 2.10 2.03
2.55 2.36 2.18 2.18 2.24 2.27 2.24 2.07 1.75 1.58 1.61 1.67 1.68 1.68 1.69 1.71 1.73 1.72 1.71 1.71 1.71 1.72 1.71 1.70 1.69 1.69 1.68 1.67 1.65 1.64 1.63 1.62 1.62 1.61 1.61 1.61 1.60 1.57 1.56 1.55 1.56 1.62 1.71 1.78 1.86 1.84 1.59 1.24 1.01 0.93 1.05 1.47 1.81 2.10 2.58 3.31 3.63 3.21 2.51 2.07 1.86 1.90 2.53 3.12 2.86 2.29 1.94 1.69 1.53 1.43 1.33 1.19 1.03 0.98 1.10 1.24 1.34 1.44 1.65 1.94 2.06 2.05 2.03 2.03
2.58 2.31 2.06 2.04 2.06 2.10 2.16 2.16 1.96 1.71 1.60 1.61 1.63 1.62 1.62 1.63 1.65 1.66 1.66 1.66 1.65 1.65 1.65 1.64 1.64 1.64 1.64 1.63 1.63 1.63 1.62 1.61 1.61 1.62 1.62 1.61 1.58 1.56 1.55 1.56 1.59 1.67 1.75 1.80 1.80 1.67 1.36 1.17 1.25 1.51 1.90 2.16 2.27 2.45 2.94 3.43 3.19 2.47 1.91 1.64 1.63 1.94 2.85 3.32 2.77 2.20 1.88 1.61 1.45 1.38 1.30 1.20 1.12 1.14 1.22 1.30 1.33 1.43 1.69 1.92 1.91 1.91 2.03 2.08
2.68 2.40 2.07 2.03 2.08 2.04 2.07 2.15 2.04 1.77 1.58 1.54 1.56 1.58 1.59 1.60 1.60 1.60 1.61 1.60 1.60 1.59 1.59 1.60 1.60 1.60 1.61 1.61 1.61 1.61 1.61 1.61 1.62 1.62 1.62 1.61 1.61 1.60 1.59 1.60 1.66 1.76 1.83 1.81 1.71 1.52 1.35 1.38 1.70 2.09 2.27 2.28 2.39 2.68 3.12 3.24 2.64 1.95 1.57 1.50 1.69 2.22 3.15 3.41 2.74 2.20 1.85 1.57 1.46 1.44 1.41 1.33 1.23 1.21 1.28 1.33 1.33 1.43 1.72 1.84 1.80 1.95 2.16 2.16
2.69 2.57 2.24 2.04 2.09 2.10 2.06 2.11 2.09 1.84 1.58 1.48 1.48 1.51 1.55 1.57 1.58 1.58 1.58 1.57 1.57 1.57 1.57 1.57 1.58 1.59 1.59 1.60 1.60 1.60 1.61 1.61 1.61 1.62 1.62 1.62 1.62 1.62 1.62 1.64 1.70 1.78 1.77 1.65 1.50 1.43 1.46 1.63 1.96 2.14 2.07 2.09 2.29 2.59 3.01 2.95 2.23 1.68 1.54 1.69 2.01 2.62 3.42 3.47 2.77 2.24 1.91 1.68 1.63 1.65 1.53 1.29 1.13 1.19 1.33 1.37 1.35 1.52 1.84 1.91 1.93 2.18 2.33 2.25
2.51 2.53 2.34 1.95 1.76 1.77 1.76 1.85 2.02 1.97 1.69 1.48 1.42 1.44 1.47 1.50 1.52 1.53 1.54 1.56 1.57 1.56 1.55 1.55 1.56 1.57 1.58 1.58 1.59 1.59 1.61 1.61 1.62 1.62 1.63 1.63 1.64 1.64 1.65 1.66 1.67 1.66 1.57 1.46 1.43 1.48 1.59 1.82 2.04 2.00 1.93 2.13 2.35 2.56 2.97 2.68 1.90 1.58 1.68 2.01 2.50 3.14 3.62 3.43 2.73 2.17 1.85 1.69 1.69 1.61 1.28 1.00 1.09 1.33 1.44 1.43 1.46 1.76 2.06 2.11 2.20 2.38 2.40 2.27
2.34 2.37 2.33 2.07 1.72 1.53 1.48 1.53 1.73 1.91 1.83 1.61 1.45 1.40 1.41 1.44 1.47 1.49 1.51 1.52 1.54 1.55 1.55 1.55 1.56 1.57 1.57 1.58 1.59 1.60 1.61 1.62 1.62 1.63 1.64 1.65 1.65 1.66 1.67 1.67 1.66 1.61 1.56 1.54 1.59 1.67 1.80 1.93 1.96 1.88 1.87 2.11 2.26 2.54 2.89 2.35 1.69 1.65 1.93 2.43 3.02 3.44 3.54 3.20 2.49 1.88 1.58 1.47 1.39 1.13 0.86 1.02 1.39 1.54 1.57 1.57 1.71 2.07 2.29 2.31 2.33 2.36 2.30 2.21
2.26 2.24 2.26 2.26 2.11 1.87 1.63 1.50 1.55 1.78 1.94 1.88 1.68 1.49 1.40 1.41 1.46 1.49 1.49 1.49 1.52 1.54 1.56 1.56 1.56 1.57 1.57 1.58 1.59 1.60 1.62 1.62 1.63 1.65 1.66 1.67 1.68 1.68 1.69 1.69 1.69 1.68 1.67 1.68 1.71 1.77 1.83 1.84 1.82 1.75 1.75 1.96 2.16 2.52 2.76 2.14 1.74 1.93 2.41 2.95 3.29 3.35 3.24 2.91 2.27 1.69 1.41 1.26 1.05 0.86 1.01 1.43 1.64 1.67 1.75 1.82 2.05 2.39 2.48 2.41 2.30 2.22 2.18 2.08
2.27 2.23 2.18 2.17 2.16 2.09 1.94 1.74 1.64 1.71 1.86 1.94 1.86 1.65 1.44 1.38 1.41 1.46 1.49 1.51 1.52 1.52 1.53 1.56 1.57 1.58 1.58 1.59 1.60 1.61 1.62 1.64 1.65 1.66 1.68 1.68 1.69 1.71 1.72 1.72 1.73 1.73 1.73 1.74 1.75 1.76 1.75 1.73 1.69 1.63 1.65 1.89 2.24 2.61 2.66 2.07 1.81 2.15 2.76 3.15 3.20 3.10 2.98 2.71 2.16 1.60 1.35 1.19 1.02 1.12 1.45 1.68 1.74 1.83 1.96 2.07 2.35 2.60 2.54 2.34 2.13 2.05 2.00 1.86
2.24 2.21 2.13 2.04 1.98 1.96 1.95 1.87 1.74 1.62 1.59 1.67 1.79 1.79 1.65 1.49 1.43 1.45 1.49 1.52 1.54 1.55 1.56 1.57 1.58 1.59 1.59 1.61 1.62 1.63 1.64 1.66 1.67 1.69 1.70 1.71 1.72 1.73 1.74 1.75 1.76 1.77 1.78 1.79 1.79 1.78 1.77 1.75 1.72 1.70 1.76 1.99 2.39 2.62 2.50 1.98 1.85 2.36 2.92 3.06 2.97 2.88 2.76 2.50 2.02 1.56 1.36 1.18 1.11 1.37 1.65 1.73 1.88 2.07 2.15 2.24 2.53 2.60 2.31 2.01 1.84 1.82 1.81 1.69
2.19 2.16 2.09 2.02 1.94 1.87 1.83 1.80 1.73 1.64 1.59 1.63 1.76 1.91 1.92 1.75 1.57 1.50 1.50 1.54 1.57 1.60 1.63 1.62 1.60 1.60 1.61 1.62 1.64 1.65 1.67 1.68 1.70 1.71 1.73 1.74 1.75 1.76 1.78 1.79 1.80 1.81 1.82 1.83 1.83 1.84 1.84 1.86 1.87 1.87 1.89 2.05 2.36 2.53 2.33 1.94 2.04 2.62 2.95 2.89 2.76 2.61 2.47 2.29 1.95 1.61 1.30 1.04 1.10 1.49 1.71 1.84 2.10 2.26 2.27 2.39 2.55 2.32 1.92 1.70 1.61 1.65 1.66 1.55
2.17 2.13 2.05 1.99 1.95 1.90 1.83 1.80 1.81 1.79 1.77 1.78 1.83 1.90 1.96 1.93 1.80 1.67 1.60 1.57 1.58 1.61 1.62 1.62 1.61 1.61 1.62 1.64 1.67 1.68 1.70 1.71 1.73 1.74 1.76 1.77 1.79 1.80 1.81 1.83 1.84 1.85 1.86 1.87 1.88 1.90 1.92 1.95 1.96 1.96 1.93 1.98 2.26 2.44 2.15 1.86 2.23 2.72 2.81 2.68 2.50 2.34 2.28 2.20 1.94 1.61 1.16 0.95 1.22 1.70 1.88 2.06 2.30 2.37 2.34 2.41 2.33 1.94 1.67 1.58 1.53 1.53 1.51 1.45
2.07 2.02 1.94 1.91 1.91 1.94 1.95 1.96 1.93 1.88 1.85 1.83 1.83 1.81 1.85 1.94 1.95 1.86 1.74 1.64 1.62 1.63 1.62 1.61 1.62 1.64 1.66 1.69 1.71 1.72 1.73 1.75 1.76 1.78 1.79 1.81 1.82 1.84 1.85 1.86 1.88 1.89 1.90 1.91 1.94 1.96 1.99 2.00 2.00 2.00 1.97 2.03 2.31 2.39 2.03 1.95 2.45 2.73 2.67 2.54 2.36 2.29 2.32 2.18 1.90 1.54 1.04 1.05 1.57 1.94 2.05 2.23 2.44 2.45 2.35 2.26 2.01 1.74 1.61 1.52 1.46 1.43 1.41 1.51
2.03 1.92 1.81 1.80 1.84 1.93 2.01 2.03 2.00 1.94 1.89 1.87 1.85 1.83 1.83 1.88 1.96 1.98 1.90 1.79 1.74 1.70 1.67 1.66 1.68 1.70 1.73 1.76 1.76 1.76 1.77 1.79 1.81 1.82 1.83 1.85 1.86 1.88 1.89 1.90 1.92 1.93 1.95 1.96 1.99 2.01 2.03 2.03 2.04 2.06 2.07 2.18 2.40 2.41 2.13 2.18 2.61 2.77 2.67 2.61 2.49 2.40 2.23 1.88 1.64 1.33 0.96 1.35 1.92 2.10 2.16 2.36 2.56 2.48 2.30 2.08 1.87 1.77 1.64 1.48 1.42 1.37 1.45 1.86
2.02 1.88 1.76 1.77 1.82 1.85 1.87 1.89 1.92 1.93 1.93 1.95 1.98 1.94 1.87 1.88 1.97 2.04 2.03 1.96 1.87 1.78 1.72 1.71 1.73 1.75 1.79 1.80 1.78 1.80 1.83 1.84 1.85 1.87 1.88 1.90 1.91 1.92 1.94 1.95 1.96 1.98 2.00 2.01 2.03 2.05 2.06 2.08 2.10 2.12 2.18 2.26 2.39 2.44 2.24 2.26 2.69 2.86 2.81 2.79 2.54 2.09 1.63 1.45 1.51 1.37 1.42 1.90 2.16 2.19 2.28 2.48 2.64 2.47 2.19 2.00 1.95 1.89 1.66 1.48 1.42 1.45 1.78 2.39
2.14 2.02 1.93 1.93 1.94 1.91 1.87 1.83 1.81 1.84 1.92 2.01 2.03 1.98 1.95 1.96 1.97 1.99 2.01 2.01 1.96 1.88 1.82 1.80 1.78 1.81 1.85 1.84 1.85 1.88 1.89 1.89 1.90 1.92 1.93 1.94 1.96 1.97 1.98 2.00 2.01 2.03 2.04 2.06 2.08 2.09 2.11 2.13 2.15 2.19 2.24 2.28 2.37 2.42 2.28 2.36 2.78 2.98 2.93 2.76 2.13 1.31 1.18 1.62 1.93 2.00 2.18 2.29 2.26 2.26 2.35 2.55 2.64 2.35 2.09 2.05 2.06 1.88 1.55 1.38 1.43 1.72 2.34 3.12
2.25 2.24 2.19 2.08 2.02 2.08 2.13 2.10 2.07 2.06 2.14 2.19 2.10 2.04 2.06 2.04 1.99 1.95 1.96 2.05 2.10 2.05 1.97 1.93 1.90 1.91 1.92 1.91 1.92 1.94 1.94 1.94 1.95 1.97 1.98 2.00 2.01 2.02 2.03 2.05 2.06 2.08 2.09 2.11 2.12 2.14 2.16 2.18 2.21 2.24 2.27 2.31 2.36 2.39 2.35 2.48 2.79 2.94 2.85 2.46 1.64 1.19 1.67 2.28 2.49 2.51 2.44 2.29 2.24 2.29 2.36 2.54 2.58 2.28 2.15 2.10 1.98 1.72 1.42 1.42 1.80 2.47 3.43 4.56
2.43 2.61 2.74 2.56 2.37 2.44 2.50 2.40 2.30 2.31 2.36 2.31 2.24 2.21 2.13 2.05 2.03 2.03 2.05 2.13 2.16 2.13 2.11 2.09 2.02 1.97 1.92 1.89 1.92 1.95 1.97 1.99 2.01 2.02 2.04 2.05 2.06 2.08 2.09 2.10 2.12 2.13 2.14 2.16 2.17 2.19 2.21 2.23 2.25 2.28 2.31 2.34 2.37 2.39 2.44 2.53 2.66 2.69 2.60 2.26 1.63 1.63 2.20 2.60 2.66 2.55 2.33 2.17 2.21 2.29 2.35 2.50 2.52 2.31 2.13 1.99 1.84 1.63 1.52 1.85 2.59 3.52 4.63 5.25
2.75 2.93 3.26 3.45 3.48 3.42 3.22 2.92 2.63 2.57 2.59 2.49 2.42 2.38 2.27 2.16 2.14 2.16 2.17 2.13 2.03 2.03 2.15 2.20 2.13 2.01 1.90 1.90 1.96 2.00 2.03 2.05 2.08 2.09 2.10 2.11 2.12 2.14 2.15 2.16 2.17 2.18 2.19 2.21 2.22 2.24 2.26 2.28 2.30 2.32 2.35 2.37 2.40 2.43 2.47 2.50 2.53 2.50 2.47 2.28 1.90 1.96 2.40 2.67 2.65 2.42 2.23 2.20 2.27 2.32 2.33 2.41 2.50 2.29 1.98 1.86 1.75 1.61 1.69 2.27 3.06 3.92 4.63 4.38
2.80 2.76 2.88 3.23 3.53 3.62 3.57 3.45 3.39 3.44 3.46 3.32 3.10 2.88 2.70 2.54 2.39 2.31 2.22 2.10 2.03 2.06 2.12 2.15 2.08 1.89 1.84 1.99 2.08 2.11 2.12 2.13 2.15 2.16 2.17 2.18 2.19 2.20 2.21 2.21 2.22 2.24 2.25 2.26 2.28 2.29 2.31 2.33 2.35 2.37 2.39 2.41 2.43 2.46 2.48 2.49 2.49 2.47 2.45 2.35 2.15 2.20 2.50 2.65 2.51 2.29 2.25 2.32 2.35 2.30 2.21 2.37 2.58 2.27 1.91 1.81 1.68 1.64 1.83 2.44 3.13 3.64 3.75 3.69
2.64 2.53 2.36 2.28 2.33 2.41 2.57 2.92 3.31 3.54 3.56 3.44 3.30 3.13 2.95 2.77 2.60 2.44 2.27 2.14 2.12 2.11 2.11 2.09 1.87 1.71 1.91 2.17 2.24 2.23 2.22 2.22 2.24 2.24 2.24 2.24 2.25 2.26 2.27 2.27 2.28 2.29 2.30 2.31 2.33 2.34 2.36 2.38 2.40 2.42 2.44 2.45 2.47 2.49 2.50 2.51 2.50 2.49 2.46 2.41 2.34 2.38 2.50 2.48 2.34 2.28 2.34 2.35 2.27 2.11 2.09 2.51 2.66 2.17 1.82 1.70 1.67 1.73 1.93 2.36 2.80 2.99 3.01 3.91
2.52 2.44 2.28 2.12 1.97 1.85 1.84 2.11 2.55 2.66 2.32 2.19 2.22 2.28 2.37 2.41 2.43 2.44 2.39 2.28 2.18 2.13 2.16 2.10 1.90 1.90 2.19 2.40 2.40 2.35 2.34 2.33 2.34 2.33 2.31 2.32 2.33 2.33 2.33 2.34 2.34 2.35 2.36 2.37 2.38 2.40 2.42 2.43 2.45 2.46 2.48 2.50 2.51 2.52 2.53 2.53 2.53 2.52 2.50 2.47 2.45 2.47 2.48 2.44 2.38 2.38 2.36 2.30 2.17 2.04 2.22 2.64 2.58 1.94 1.63 1.62 1.74 1.80 1.84 2.00 2.22 2.50 3.08 4.74
2.45 2.42 2.34 2.22 2.11 2.05 2.05 2.15 2.33 2.18 1.71 1.61 1.69 1.74 1.84 1.97 2.13 2.28 2.35 2.33 2.30 2.33 2.33 2.27 2.16 2.15 2.32 2.45 2.44 2.43 2.43 2.41 2.42 2.41 2.39 2.42 2.41 2.40 2.39 2.40 2.40 2.41 2.42 2.43 2.44 2.45 2.47 2.48 2.50 2.52 2.53 2.55 2.56 2.57 2.57 2.57 2.57 2.56 2.55 2.53 2.52 2.52 2.52 2.49 2.47 2.44 2.36 2.30 2.23 2.24 2.38 2.54 2.32 1.62 1.44 1.57 1.76 1.75 1.59 1.62 1.93 2.57 3.84 5.40
2.39 2.40 2.35 2.25 2.22 2.26 2.29 2.33 2.33 2.10 1.87 1.88 1.91 1.91 1.96 2.03 2.13 2.21 2.23 2.25 2.37 2.48 2.51 2.46 2.33 2.25 2.34 2.44 2.45 2.49 2.46 2.44 2.51 2.54 2.53 2.52 2.48 2.46 2.45 2.46 2.47 2.47 2.48 2.49 2.50 2.51 2.53 2.54 2.56 2.57 2.59 2.60 2.61 2.61 2.62 2.62 2.61 2.61 2.60 2.59 2.58 2.57 2.56 2.54 2.50 2.47 2.41 2.38 2.39 2.43 2.39 2.30 2.03 1.56 1.48 1.67 1.79 1.70 1.41 1.46 2.05 3.20 4.79 5.31
2.31 2.30 2.25 2.19 2.24 2.34 2.38 2.38 2.32 2.20 2.15 2.16 2.15 2.15 2.20 2.26 2.29 2.30 2.29 2.32 2.39 2.45 2.46 2.43 2.35 2.31 2.38 2.44 2.48 2.51 2.48 2.51 2.64 2.71 2.66 2.58 2.54 2.53 2.54 2.55 2.54 2.53 2.53 2.55 2.56 2.57 2.59 2.60 2.62 2.63 2.64 2.65 2.66 2.67 2.67 2.67 2.67 2.66 2.65 2.64 2.63 2.63 2.61 2.59 2.55 2.52 2.49 2.47 2.50 2.47 2.33 2.18 2.00 1.78 1.76 1.92 1.91 1.68 1.37 1.57 2.66 4.21 5.15 4.26
2.09 2.08 2.11 2.12 2.22 2.38 2.44 2.43 2.40 2.36 2.34 2.31 2.29 2.31 2.37 2.41 2.43 2.44 2.45 2.46 2.46 2.44 2.42 2.40 2.36 2.29 2.33 2.43 2.52 2.60 2.62 2.64 2.71 2.74 2.64 2.56 2.57 2.61 2.64 2.62 2.58 2.58 2.59 2.60 2.61 2.63 2.65 2.67 2.68 2.69 2.71 2.71 2.72 2.72 2.72 2.72 2.72 2.71 2.70 2.69 2.68 2.67 2.66 2.63 2.60 2.58 2.57 2.55 2.54 2.46 2.34 2.24 2.17 2.06 2.04 2.11 1.97 1.66 1.48 2.05 3.63 4.72 4.41 2.73
