windninja/windninja_output/Output_2025-10-23_0800-0850_Google earth_Fire_150m_10min/merlingen_7.5mi_point_10-23-2025_0810_150m_vel.asc
ncols	158
nrows	163
xllcorner	391686.332397
yllcorner	5160024.123721
cellsize	150.000000
NODATA_value	-32768.000000
[rows 74 to 110 of 163, columns 0 to 82 of 158]
11.53 11.17 10.15 9.28 9.30 9.39 9.08 8.87 8.55 7.93 7.54 7.33 6.92 6.57 6.36 6.16 6.11 6.15 6.01 5.85 5.89 5.97 5.92 5.71 5.07 4.62 5.07 5.84 6.57 6.93 6.60 6.32 6.47 6.35 5.86 5.56 5.57 5.62 5.68 5.70 5.69 5.71 5.75 5.80 5.83 5.88 5.91 5.95 5.97 6.00 6.02 6.03 6.04 6.04 6.03 6.02 6.00 5.97 5.94 5.90 5.85 5.82 5.76 5.69 5.59 5.47 5.34 5.25 5.26 5.18 4.94 4.66 4.21 3.60 3.47 3.76 3.72 3.25 2.56 3.06 5.42 8.63 10.77
12.38 11.89 10.72 9.67 9.47 9.68 9.37 8.89 8.55 8.04 7.66 7.41 7.07 6.83 6.64 6.39 6.31 6.32 6.20 6.05 6.00 6.05 6.07 5.94 5.45 4.90 5.08 5.68 6.38 6.94 6.93 6.71 6.81 6.74 6.20 5.79 5.74 5.82 5.87 5.80 5.77 5.83 5.89 5.94 5.98 6.02 6.07 6.10 6.13 6.15 6.17 6.17 6.18 6.17 6.16 6.15 6.12 6.09 6.05 6.01 5.96 5.93 5.86 5.78 5.68 5.58 5.50 5.43 5.38 5.20 4.92 4.65 4.38 4.04 3.95 4.10 3.79 3.09 2.71 3.95 7.22 9.65 9.43
12.66 12.39 11.48 10.23 9.83 10.05 9.57 8.92 8.63 8.21 7.84 7.54 7.21 7.09 6.92 6.58 6.44 6.48 6.38 6.21 6.13 6.16 6.18 6.14 5.71 5.08 5.23 5.87 6.29 6.76 7.06 7.01 6.97 6.96 6.68 6.24 6.07 6.11 6.06 5.91 5.85 5.92 6.01 6.08 6.13 6.17 6.23 6.26 6.29 6.31 6.33 6.34 6.33 6.32 6.30 6.27 6.24 6.21 6.17 6.13 6.08 6.03 5.97 5.88 5.81 5.72 5.64 5.56 5.44 5.26 5.03 4.80 4.62 4.41 4.25 4.21 3.78 3.11 3.25 5.41 8.09 8.46 6.97
12.52 12.46 12.06 11.27 10.80 10.47 9.65 9.06 8.83 8.45 8.08 7.64 7.34 7.32 7.11 6.76 6.63 6.66 6.52 6.35 6.31 6.34 6.36 6.26 5.70 5.20 5.68 6.28 6.30 6.42 6.83 7.17 7.15 7.19 7.31 6.83 6.48 6.41 6.26 6.10 5.94 5.98 6.13 6.20 6.26 6.34 6.39 6.43 6.46 6.49 6.50 6.51 6.49 6.47 6.44 6.41 6.37 6.33 6.29 6.24 6.20 6.14 6.08 6.01 5.93 5.85 5.76 5.66 5.53 5.38 5.18 4.98 4.84 4.64 4.40 4.23 3.79 3.30 3.76 5.96 7.50 6.18 4.69
12.07 11.40 11.83 13.16 12.59 11.09 9.96 9.45 9.37 8.90 8.18 7.62 7.45 7.44 7.25 6.98 6.87 6.81 6.60 6.47 6.48 6.54 6.61 6.27 5.45 5.37 6.28 6.70 6.43 6.15 6.40 7.17 7.45 7.54 7.76 7.40 6.81 6.61 6.53 6.34 6.00 5.99 6.22 6.32 6.41 6.48 6.54 6.59 6.65 6.69 6.70 6.69 6.66 6.62 6.58 6.54 6.50 6.46 6.42 6.37 6.32 6.26 6.20 6.13 6.06 5.97 5.88 5.78 5.66 5.52 5.33 5.14 4.96 4.79 4.54 4.28 3.88 3.58 4.01 5.61 6.12 4.15 3.45
10.57 9.74 11.22 15.04 16.03 13.72 11.20 10.11 10.10 9.23 7.95 7.45 7.45 7.53 7.45 7.19 7.06 6.92 6.63 6.55 6.64 6.76 6.81 6.25 5.31 5.56 6.76 7.10 6.69 6.13 6.23 7.10 7.61 7.83 8.06 7.81 7.10 6.73 6.86 6.67 6.07 5.97 6.29 6.42 6.49 6.60 6.70 6.79 6.87 6.92 6.93 6.89 6.83 6.77 6.73 6.67 6.63 6.58 6.54 6.49 6.44 6.39 6.33 6.26 6.18 6.10 6.01 5.92 5.79 5.65 5.47 5.26 5.09 4.94 4.68 4.39 4.06 3.85 4.11 4.84 4.43 2.93 2.79
8.05 8.39 10.99 14.73 18.23 17.88 13.19 10.76 10.37 8.95 7.43 7.11 7.43 7.60 7.56 7.32 7.17 6.99 6.68 6.66 6.81 6.97 6.95 6.36 5.49 5.81 7.03 7.36 6.96 6.41 6.44 7.08 7.55 7.89 8.27 8.08 7.24 6.87 7.15 7.05 6.22 5.90 6.32 6.47 6.56 6.74 6.85 6.98 7.17 7.27 7.22 7.10 7.01 6.93 6.86 6.80 6.75 6.71 6.67 6.63 6.57 6.51 6.45 6.38 6.31 6.23 6.15 6.05 5.93 5.78 5.60 5.39 5.23 5.08 4.84 4.58 4.30 4.02 4.03 4.00 3.07 2.31 2.45
5.67 7.96 11.89 15.86 20.21 18.20 11.73 9.65 9.32 7.99 6.82 6.75 7.26 7.54 7.63 7.39 7.17 7.06 6.86 6.81 6.98 7.14 7.15 6.60 5.75 6.05 7.19 7.44 7.22 6.95 6.86 7.25 7.52 7.76 8.19 8.16 7.45 7.14 7.36 7.31 6.52 5.94 6.27 6.52 6.68 6.89 6.89 7.08 7.60 7.83 7.60 7.36 7.19 7.06 6.97 6.92 6.87 6.84 6.80 6.75 6.70 6.65 6.58 6.52 6.45 6.37 6.28 6.18 6.06 5.90 5.74 5.55 5.38 5.23 5.01 4.78 4.51 4.17 3.98 3.57 2.67 2.28 2.33
7.33 9.76 14.40 19.89 20.55 13.87 8.60 7.42 7.13 6.65 5.99 6.23 7.01 7.50 7.67 7.38 7.13 7.22 7.13 6.98 7.17 7.31 7.37 6.84 5.95 6.36 7.39 7.54 7.47 7.40 7.24 7.35 7.38 7.49 7.81 8.01 7.88 7.56 7.55 7.42 6.77 6.21 6.35 6.73 6.99 7.20 7.17 7.38 8.23 8.54 8.09 7.64 7.31 7.14 7.06 7.00 6.98 6.96 6.93 6.89 6.84 6.78 6.72 6.65 6.58 6.51 6.42 6.32 6.19 6.04 5.88 5.71 5.53 5.38 5.19 4.97 4.69 4.34 4.02 3.54 2.80 2.21 2.09
16.86 16.07 17.62 19.09 15.90 10.93 8.04 6.35 5.67 5.39 5.23 5.98 6.85 7.37 7.66 7.34 7.19 7.47 7.40 7.27 7.44 7.53 7.57 7.12 6.38 6.82 7.65 7.68 7.54 7.55 7.45 7.35 7.24 7.31 7.54 7.86 8.15 8.01 7.84 7.49 6.95 6.67 6.79 7.20 7.55 7.83 7.92 8.24 8.96 9.04 8.39 7.81 7.47 7.19 7.03 7.03 7.08 7.10 7.07 7.03 6.98 6.92 6.86 6.79 6.72 6.64 6.55 6.45 6.33 6.19 6.04 5.88 5.69 5.54 5.37 5.16 4.89 4.53 4.15 3.66 2.89 2.30 2.12
21.09 18.91 16.13 14.42 12.28 10.27 7.65 5.89 5.53 5.32 5.67 6.25 6.68 7.33 7.67 7.44 7.36 7.71 7.80 7.68 7.79 7.78 7.71 7.56 7.16 7.22 7.70 7.66 7.47 7.63 7.60 7.35 7.15 7.17 7.49 7.90 8.27 8.36 8.11 7.66 7.30 7.19 7.33 7.63 7.94 8.19 8.39 8.80 9.15 8.86 8.19 7.80 7.46 7.00 6.87 7.05 7.18 7.23 7.22 7.18 7.13 7.07 7.01 6.93 6.85 6.77 6.69 6.58 6.47 6.34 6.19 6.04 5.86 5.71 5.55 5.35 5.09 4.75 4.39 3.87 3.23 2.98 3.01
24.51 20.22 14.72 13.35 12.37 10.45 7.60 6.36 6.40 6.40 6.58 6.54 6.71 7.34 7.75 7.71 7.55 8.02 8.21 8.08 8.17 8.02 8.00 8.20 7.89 7.33 7.37 7.51 7.61 7.79 7.56 7.34 7.08 7.00 7.59 8.14 8.37 8.53 8.39 8.09 7.79 7.59 7.65 7.83 8.06 8.31 8.68 9.14 9.17 8.65 8.05 7.65 7.25 6.86 6.83 7.10 7.33 7.39 7.38 7.35 7.30 7.23 7.15 7.06 6.98 6.90 6.81 6.72 6.61 6.49 6.35 6.20 6.04 5.89 5.74 5.56 5.30 4.99 4.65 4.20 3.80 3.90 4.45
26.47 21.25 15.07 13.61 12.57 10.79 8.20 7.53 7.94 7.75 7.12 6.63 6.92 7.25 7.81 7.89 7.74 8.30 8.53 8.54 8.47 8.24 8.51 9.02 8.54 7.38 7.10 7.52 7.92 7.82 7.38 7.42 7.26 7.10 7.82 8.31 8.32 8.59 8.80 8.68 8.28 7.87 7.76 7.88 8.16 8.50 9.02 9.47 9.37 8.71 7.94 7.47 7.30 7.14 7.06 7.29 7.51 7.55 7.58 7.57 7.50 7.40 7.29 7.19 7.10 7.03 6.95 6.86 6.75 6.64 6.50 6.36 6.22 6.07 5.93 5.75 5.54 5.28 5.02 4.75 4.59 5.00 6.02
25.99 20.76 15.56 13.99 12.30 11.02 9.39 8.88 9.40 8.84 7.20 6.79 7.31 7.17 7.71 7.98 7.79 8.51 9.04 9.26 8.94 8.70 9.75 10.77 9.54 7.50 7.04 7.59 7.90 7.67 7.37 7.59 7.61 7.48 7.92 8.22 8.20 8.61 9.15 9.22 8.78 8.15 7.73 7.82 8.21 8.70 9.34 9.69 9.53 8.77 7.91 7.52 7.38 7.34 7.41 7.58 7.72 7.82 7.86 7.82 7.71 7.56 7.42 7.31 7.22 7.15 7.07 6.98 6.89 6.78 6.66 6.53 6.40 6.26 6.12 5.96 5.80 5.63 5.47 5.33 5.36 5.89 6.96
23.73 20.32 16.13 14.18 11.97 10.90 10.60 10.11 9.82 9.24 7.75 7.52 7.76 7.13 7.50 7.78 7.75 8.86 9.88 10.49 10.07 10.25 12.92 13.45 10.15 7.00 6.68 7.31 7.50 7.51 7.54 7.73 7.84 7.81 7.95 8.19 8.17 8.46 9.16 9.58 9.34 8.61 7.89 7.81 8.18 8.87 9.61 9.84 9.59 8.96 8.28 7.78 7.43 7.52 7.76 7.86 8.02 8.20 8.21 8.14 7.96 7.71 7.52 7.40 7.33 7.26 7.19 7.12 7.03 6.93 6.82 6.71 6.59 6.45 6.33 6.20 6.10 5.98 5.87 5.78 5.82 6.18 7.01
21.60 19.87 16.47 13.75 11.91 10.89 10.85 10.65 9.75 9.84 9.81 8.77 7.80 7.05 7.00 7.09 7.97 9.58 11.20 12.37 12.56 14.47 16.14 13.29 7.77 5.40 5.85 6.79 7.17 7.46 7.70 7.90 8.01 8.01 8.17 8.45 8.23 8.17 8.82 9.70 9.83 9.20 8.40 7.93 8.19 8.89 9.55 9.98 9.85 9.33 8.82 8.23 7.88 7.95 7.97 7.96 8.13 8.44 8.84 8.81 8.24 7.77 7.57 7.46 7.41 7.36 7.30 7.25 7.17 7.09 6.98 6.87 6.75 6.64 6.54 6.44 6.36 6.27 6.17 6.12 6.17 6.35 6.85
21.04 19.01 15.49 13.27 12.20 11.04 10.44 10.33 9.76 10.88 11.87 9.63 7.34 6.77 6.54 6.66 8.15 10.32 13.21 15.96 17.76 18.38 15.39 9.21 4.87 3.92 5.16 6.40 7.01 7.45 7.83 8.09 8.17 8.15 8.47 8.79 8.38 8.11 8.51 9.53 10.15 9.71 8.93 8.30 8.33 8.74 9.29 10.09 10.30 9.86 9.39 8.92 8.61 8.33 7.82 7.62 7.93 8.86 10.16 9.79 8.35 7.62 7.51 7.47 7.47 7.46 7.43 7.38 7.32 7.23 7.13 7.03 6.93 6.84 6.74 6.66 6.58 6.50 6.44 6.44 6.50 6.59 6.83
20.62 17.95 14.64 13.77 13.25 11.67 10.35 9.79 9.65 11.66 12.84 9.92 6.90 6.48 6.51 6.90 8.22 10.44 14.68 20.20 21.19 17.29 10.02 5.39 3.08 3.08 4.78 6.14 6.92 7.50 7.98 8.27 8.43 8.45 8.74 9.07 8.75 8.50 8.60 9.14 9.98 9.94 9.43 8.94 8.65 8.65 9.12 10.03 10.65 10.65 10.16 9.67 9.27 8.59 7.50 7.28 8.47 10.23 11.43 10.24 8.02 7.26 7.34 7.46 7.53 7.55 7.55 7.52 7.46 7.37 7.27 7.19 7.11 7.03 6.95 6.87 6.79 6.74 6.70 6.73 6.78 6.84 7.05
19.77 17.54 14.82 14.39 14.36 13.19 11.70 10.26 9.28 11.35 12.89 10.06 7.20 6.72 6.81 7.66 8.86 10.98 16.90 22.15 19.66 9.94 4.84 2.83 1.90 2.77 4.71 6.13 7.01 7.69 8.13 8.55 8.90 8.93 9.03 9.24 9.11 8.99 8.94 8.88 9.16 9.74 9.99 9.63 9.03 8.68 8.93 9.79 10.85 11.46 11.14 10.55 9.87 8.82 7.60 7.95 10.11 11.37 11.19 9.51 7.50 6.87 7.12 7.43 7.56 7.65 7.69 7.65 7.59 7.50 7.42 7.35 7.29 7.20 7.12 7.05 6.99 6.96 6.94 6.97 7.00 7.08 7.29
19.55 17.84 15.45 14.99 15.58 15.14 13.39 10.89 8.66 10.09 12.58 10.94 8.48 8.02 7.89 9.35 11.47 14.65 20.18 20.88 13.74 3.57 1.95 1.81 1.82 3.13 5.04 6.37 7.23 7.88 8.31 9.01 9.60 9.50 9.25 9.30 9.38 9.40 9.37 8.93 8.40 8.92 10.19 10.36 9.42 8.80 8.91 9.70 11.05 11.94 12.39 12.03 10.38 8.91 8.14 8.83 10.58 10.81 9.93 8.88 7.57 6.78 6.96 7.40 7.62 7.78 7.83 7.77 7.69 7.64 7.59 7.53 7.45 7.37 7.28 7.23 7.18 7.16 7.14 7.15 7.18 7.25 7.40
20.26 18.52 15.97 15.85 17.03 16.24 13.37 9.77 7.46 9.56 12.72 12.00 9.96 9.10 9.00 11.51 13.84 16.50 19.66 15.99 8.23 4.37 3.49 2.88 2.75 4.00 5.59 6.61 7.36 7.96 8.59 9.79 10.59 10.07 9.35 9.35 9.69 9.82 9.76 9.23 8.32 8.16 9.65 10.71 9.88 9.31 9.39 10.01 11.34 12.47 14.05 13.68 10.20 8.62 8.59 9.02 9.95 10.00 9.35 8.78 8.03 7.08 7.01 7.48 7.78 7.93 7.93 7.87 7.83 7.81 7.77 7.69 7.59 7.50 7.44 7.40 7.37 7.34 7.31 7.31 7.33 7.38 7.48
20.87 19.18 16.80 16.93 17.88 15.97 12.28 8.62 7.21 9.51 12.36 12.11 10.02 8.03 8.25 11.76 13.87 16.18 18.43 13.75 8.04 7.75 6.35 4.86 4.29 5.13 6.05 6.81 7.39 8.04 9.30 11.00 11.55 10.42 9.31 9.47 10.06 10.20 10.07 9.65 8.77 8.16 9.05 10.34 10.38 10.24 10.38 10.99 12.28 14.02 15.40 13.59 9.31 8.11 8.75 9.15 9.60 9.70 9.22 8.79 8.33 7.44 7.31 7.76 7.99 8.04 8.01 8.02 8.04 8.01 7.93 7.81 7.70 7.64 7.61 7.58 7.54 7.50 7.47 7.46 7.45 7.48 7.53
20.72 20.08 18.45 17.80 17.65 15.07 11.89 8.98 7.75 8.58 10.25 10.70 8.75 7.72 8.54 11.66 13.62 17.61 19.25 12.38 9.99 10.52 9.05 6.95 5.97 6.08 6.41 7.00 7.57 8.54 10.57 11.91 11.78 10.49 9.41 9.74 10.40 10.56 10.44 10.11 9.41 8.63 8.85 10.01 10.88 11.10 11.65 12.72 14.17 15.18 14.29 11.60 8.91 7.97 8.80 9.43 9.49 9.44 9.03 8.76 8.42 7.77 7.74 8.06 8.14 8.13 8.15 8.23 8.27 8.17 8.01 7.89 7.82 7.80 7.78 7.75 7.70 7.66 7.61 7.59 7.57 7.57 7.58
21.57 21.31 19.65 17.53 16.38 14.82 12.64 10.41 8.95 8.33 8.64 7.77 6.44 7.38 9.34 12.09 14.56 17.93 18.80 14.50 12.34 11.92 12.04 10.09 7.69 6.62 6.58 7.18 8.11 9.48 11.20 11.85 11.63 10.87 10.03 10.18 10.80 11.09 10.97 10.61 10.12 9.26 8.94 10.10 11.33 11.64 12.53 13.90 14.64 13.89 11.81 10.59 9.54 8.47 8.96 9.60 9.54 9.30 8.98 8.77 8.38 8.07 8.17 8.33 8.34 8.33 8.38 8.44 8.41 8.24 8.06 8.00 7.98 7.97 7.94 7.91 7.85 7.80 7.76 7.72 7.68 7.65 7.62
23.77 22.50 19.32 16.23 15.10 14.80 13.26 11.81 10.71 9.36 8.42 7.19 6.01 6.79 9.73 12.90 15.54 16.59 14.54 14.54 14.13 13.45 14.82 13.22 9.04 6.34 6.46 7.47 8.66 10.08 11.31 11.68 11.76 11.54 10.90 10.88 11.50 11.92 11.66 11.16 10.74 9.93 9.37 10.10 11.18 11.68 12.75 14.01 13.88 12.62 11.25 10.75 10.21 9.34 9.37 9.80 9.91 9.56 9.12 8.79 8.39 8.34 8.59 8.66 8.58 8.56 8.59 8.56 8.46 8.29 8.17 8.14 8.15 8.12 8.09 8.06 8.00 7.96 7.90 7.84 7.79 7.73 7.67
25.40 22.42 18.03 15.44 14.26 13.55 12.35 12.18 11.73 10.25 9.24 8.03 6.61 6.94 9.63 13.24 15.21 13.96 12.27 12.72 13.99 15.68 17.63 14.99 8.30 5.71 6.73 7.98 9.01 10.38 11.62 11.95 12.09 12.14 11.83 11.95 12.51 12.85 12.50 11.80 11.24 10.67 10.06 10.03 10.91 12.03 12.98 13.53 13.19 12.27 11.64 11.09 10.52 10.22 10.06 10.17 10.17 9.95 9.41 8.83 8.52 8.63 8.98 9.01 8.90 8.84 8.77 8.64 8.47 8.37 8.31 8.29 8.29 8.26 8.25 8.21 8.16 8.11 8.04 7.98 7.90 7.83 7.75
23.23 20.80 17.48 15.71 13.99 12.77 11.92 11.70 11.52 10.55 10.07 9.00 7.76 8.07 9.67 12.70 14.67 12.48 10.49 11.04 13.73 18.19 18.48 12.15 7.58 7.04 7.98 8.81 9.47 10.73 12.10 12.69 12.86 13.03 12.98 13.08 13.35 13.54 13.57 12.77 11.87 11.43 10.71 10.21 10.96 12.23 12.83 12.93 12.68 12.23 12.04 11.42 10.76 10.82 10.81 10.55 10.12 10.31 10.05 9.08 8.68 8.85 9.21 9.42 9.41 9.16 8.99 8.73 8.43 8.40 8.41 8.41 8.42 8.43 8.41 8.37 8.32 8.26 8.19 8.11 8.02 7.94 7.82
20.16 18.68 17.04 15.66 13.54 12.50 12.17 11.72 11.10 10.49 10.21 9.32 8.33 8.83 10.24 12.29 14.08 12.36 9.58 12.18 17.50 19.08 15.40 11.64 9.68 8.84 9.29 9.84 10.18 11.22 12.81 13.88 14.20 14.43 14.28 13.90 13.83 14.21 14.81 14.03 12.52 11.86 11.24 10.65 10.86 11.68 12.49 12.70 12.43 12.28 12.18 11.67 11.12 11.09 11.26 10.78 10.22 10.76 10.61 9.43 8.82 8.88 9.36 9.90 9.99 9.53 9.16 8.65 8.22 8.28 8.50 8.61 8.60 8.59 8.56 8.53 8.48 8.43 8.35 8.26 8.16 8.05 7.93
17.88 17.03 15.94 14.83 13.23 12.32 12.16 11.82 11.10 10.42 10.04 9.40 8.24 8.12 9.64 11.95 13.68 12.85 11.26 15.04 18.87 15.39 12.94 12.48 11.30 10.46 10.49 10.78 10.96 11.96 13.81 15.29 15.80 15.95 15.54 14.77 14.57 15.32 15.98 15.02 13.08 12.05 11.74 11.26 11.06 11.71 12.68 12.84 12.44 12.24 11.96 11.79 11.51 11.31 11.55 11.04 10.77 11.02 10.69 10.02 9.32 9.16 9.60 10.19 10.42 9.85 9.07 8.35 7.84 8.07 8.75 9.00 8.79 8.68 8.70 8.69 8.67 8.63 8.54 8.43 8.31 8.19 8.04
16.18 15.60 14.63 13.85 12.95 12.25 11.97 11.67 11.23 10.49 9.94 9.52 8.18 7.54 8.72 11.17 13.69 13.41 12.86 16.34 17.57 14.74 13.68 13.38 12.46 12.03 12.17 11.89 11.88 13.27 14.93 16.26 17.22 17.31 16.90 16.27 15.93 16.34 16.51 15.53 13.71 12.56 12.34 11.98 11.73 12.01 12.55 12.59 12.09 11.84 11.77 11.99 11.95 11.68 11.85 11.48 11.15 11.02 10.83 10.72 10.17 9.65 9.64 10.21 10.68 10.04 8.94 8.07 7.54 7.97 9.14 9.46 8.91 8.72 8.82 8.85 8.89 8.86 8.75 8.61 8.49 8.34 8.17
14.66 14.16 13.39 13.05 12.63 12.18 11.83 11.42 11.26 10.86 10.16 9.71 8.82 8.49 9.16 10.65 13.35 13.70 13.35 15.22 15.94 15.55 15.11 14.33 13.36 13.41 14.15 13.87 13.58 15.11 16.00 16.82 18.33 18.68 18.39 18.20 17.60 17.08 16.81 16.09 14.72 13.49 12.96 12.75 12.36 12.01 12.11 12.06 11.52 11.53 11.96 12.23 12.32 12.14 11.97 11.64 11.29 11.10 11.17 11.16 10.60 9.81 9.58 10.35 10.71 10.08 9.01 8.01 7.47 8.05 9.29 9.64 9.07 8.68 8.77 9.09 9.27 9.17 8.97 8.81 8.70 8.52 8.31
13.08 12.70 12.18 12.31 12.43 12.12 11.72 11.15 11.22 11.50 10.87 10.27 9.94 9.50 9.60 10.57 12.33 13.08 12.96 13.68 14.11 14.74 15.41 14.83 14.22 14.54 15.74 15.91 15.90 17.18 17.36 18.11 19.25 19.56 19.87 20.54 20.03 18.56 17.83 17.10 15.94 14.37 13.65 13.59 12.94 12.32 12.15 11.88 11.46 11.69 12.37 12.53 12.46 12.40 12.10 11.68 11.35 11.23 11.41 11.39 10.71 9.96 9.97 10.53 10.51 10.09 9.30 8.08 7.45 8.15 9.07 9.45 9.46 8.88 8.96 9.67 9.82 9.34 9.01 9.09 9.05 8.78 8.45
11.38 11.18 10.98 11.52 12.21 12.09 11.59 11.03 11.31 12.17 11.81 11.19 10.80 10.03 9.96 10.32 11.27 12.04 11.86 12.12 13.13 14.47 14.39 14.16 14.91 15.43 16.55 17.54 18.75 19.58 19.84 20.20 19.42 19.35 21.82 24.23 23.26 20.53 18.90 17.83 16.50 14.94 14.57 14.38 13.44 12.84 12.34 11.92 11.72 11.93 12.63 12.70 12.29 12.31 12.29 11.80 11.35 11.25 11.47 11.49 10.88 10.38 10.50 10.70 10.47 10.16 9.58 8.21 7.40 8.03 8.83 9.25 9.77 9.72 9.79 10.40 10.19 9.26 9.10 9.72 9.74 9.07 8.49
9.54 9.61 9.91 10.77 11.78 12.05 11.75 11.25 11.51 12.76 12.84 12.02 10.91 10.10 10.24 10.01 10.50 10.97 10.54 10.77 12.59 14.82 13.52 12.22 14.24 16.13 16.87 18.21 21.37 22.84 22.39 21.25 17.90 18.84 25.44 28.57 25.58 20.87 19.09 18.49 16.88 15.71 15.62 15.10 14.25 13.68 12.90 12.44 12.16 11.97 12.36 12.47 12.03 12.06 12.20 11.93 11.47 11.31 11.42 11.37 11.22 11.06 10.91 10.83 10.66 10.11 9.60 8.54 7.44 7.66 8.73 9.43 10.04 10.48 10.57 10.76 10.43 9.64 9.64 10.34 10.28 9.24 8.48
7.80 8.05 8.99 10.39 11.42 11.99 12.36 12.01 12.19 12.86 12.94 11.90 10.21 10.08 10.83 10.53 10.31 9.98 9.54 10.09 12.35 15.01 13.56 10.70 12.07 15.43 16.95 17.53 22.63 26.34 23.78 21.34 16.98 19.65 29.97 31.04 24.91 20.29 20.22 20.16 17.63 16.31 16.64 16.20 15.18 14.41 13.76 13.19 12.47 11.93 12.00 12.16 11.98 11.86 11.88 11.84 11.69 11.52 11.47 11.26 11.40 11.78 11.39 10.79 10.63 10.03 9.47 8.90 7.78 7.41 8.43 9.79 10.58 10.90 11.09 11.20 11.02 10.48 10.01 10.24 10.30 9.50 8.62
6.30 6.80 8.60 10.71 11.90 12.52 12.55 12.13 12.04 11.99 12.29 11.87 10.21 10.40 11.75 11.81 10.44 8.55 8.73 10.89 13.62 15.17 13.24 10.15 9.93 13.39 16.29 17.01 23.01 28.20 24.64 21.73 18.84 22.24 32.58 30.98 23.51 21.77 22.99 21.04 16.55 16.18 17.87 17.05 15.55 15.13 14.63 13.46 12.39 11.97 11.99 12.12 12.03 11.74 11.58 11.60 11.69 11.92 11.91 11.30 11.25 12.20 11.90 10.51 10.37 10.26 9.55 9.16 8.31 7.40 7.88 9.94 11.41 11.40 11.48 11.61 11.57 11.00 10.06 10.00 10.27 10.05 9.06
5.59 6.55 9.27 11.37 12.11 12.12 11.48 11.25 11.44 11.52 12.10 12.03 10.64 10.92 12.78 13.29 10.44 6.52 7.65 11.85 15.46 15.92 12.56 9.77 9.18 11.23 14.45 16.71 23.63 28.91 25.70 22.49 20.89 25.20 34.17 32.11 25.92 25.67 24.08 18.80 15.27 17.41 19.14 17.16 15.91 15.99 15.03 13.40 12.52 12.29 12.15 12.00 11.65 11.45 11.52 11.45 11.43 12.18 12.47 11.32 10.94 12.04 11.96 10.41 10.20 10.63 10.13 9.39 8.54 7.62 7.87 10.13 12.05 11.89 11.71 11.85 11.70 11.15 10.40 10.25 10.37 10.51 9.55
