windninja/windninja_output/Output_2025-10-23_0800-0850_Google earth_Fire_150m_10min/merlingen_7.5mi_point_10-23-2025_0830_150m_ang.asc
ncols	158
nrows	163
xllcorner	391686.332397
yllcorner	5160024.123721
cellsize	150.000000
NODATA_value	-32768.000000
[rows 0 to 42 of 163, columns 0 to 95 of 158]
339 336 333 334 335 337 339 338 337 338 339 340 339 333 326 322 320 320 321 326 332 335 336 336 336 336 335 332 331 332 332 330 328 326 325 324 326 322 319 319 319 319 319 318 318 320 320 320 322 324 327 328 328 329 329 327 323 320 318 319 319 318 316 314 313 312 311 311 312 314 314 313 310 307 305 306 306 302 301 302 302 299 293 292 292 289 285 281 279 276 273 272 272 269 263 261
343 339 335 335 335 336 339 338 335 335 338 341 344 342 337 333 331 330 329 331 335 337 337 337 338 337 337 335 332 333 333 331 330 329 327 326 328 327 326 326 324 323 324 323 323 325 325 325 325 325 325 325 325 326 326 325 323 321 320 319 319 319 317 316 315 314 312 311 312 313 315 314 312 310 308 308 307 304 304 305 304 300 296 294 293 292 291 286 283 280 278 277 276 274 271 269
346 342 338 337 335 337 340 339 335 334 338 344 349 347 344 339 338 337 335 335 338 338 338 338 339 340 340 338 335 334 333 332 331 331 330 329 331 332 331 332 330 329 329 327 328 329 329 330 330 328 325 325 325 324 324 324 324 323 322 321 321 321 320 319 319 318 315 312 311 313 316 315 314 313 311 311 310 308 307 308 308 304 300 299 296 298 302 298 293 291 290 288 288 288 289 288
343 341 341 340 338 340 342 340 339 339 343 348 350 348 344 339 338 338 338 339 340 339 338 339 340 342 343 342 341 340 338 336 333 331 331 332 332 332 332 332 332 332 331 330 330 331 331 332 333 332 330 330 329 328 327 325 324 323 322 322 322 322 321 320 320 319 317 313 311 313 316 315 313 312 311 312 312 309 307 309 312 308 303 304 301 302 308 308 305 304 303 301 301 303 303 303
337 339 342 342 341 342 340 338 338 342 347 350 350 347 341 337 337 338 339 341 340 338 338 339 339 341 344 346 346 345 344 342 338 335 334 334 333 333 332 333 334 334 332 332 332 332 332 333 333 333 333 332 331 329 327 325 324 322 322 322 321 322 322 321 320 320 318 314 311 314 316 314 312 312 312 311 309 307 307 309 312 308 305 306 304 303 309 313 312 312 312 311 313 315 315 316
335 336 340 343 342 341 338 336 337 342 348 350 349 345 338 336 337 338 340 340 339 336 336 337 336 338 341 344 346 346 345 344 341 340 340 338 336 335 334 335 335 334 332 332 332 332 332 332 332 333 334 333 330 328 326 325 324 323 323 322 322 323 323 322 321 320 319 315 313 315 316 313 312 314 315 313 310 309 308 309 309 307 305 306 305 304 307 311 310 313 315 315 319 322 321 321
336 335 336 339 340 340 338 337 339 344 347 347 348 343 337 336 338 341 342 341 339 336 334 334 333 334 337 340 342 344 343 341 340 342 342 340 338 337 336 336 335 334 332 331 331 330 331 331 331 333 334 333 331 329 326 324 323 323 323 323 324 325 326 324 322 321 320 316 314 318 320 317 316 318 319 317 314 312 314 313 309 310 309 308 306 304 305 308 309 310 310 310 313 316 317 317
338 337 335 334 335 336 337 339 341 343 344 345 346 343 338 337 339 342 343 343 341 338 337 334 332 334 336 336 338 341 340 338 338 340 339 338 337 337 336 335 334 333 331 330 329 328 329 329 331 333 333 331 331 330 326 323 323 323 323 324 325 327 328 327 324 322 320 317 316 319 320 318 318 320 320 317 314 313 317 315 308 309 313 312 311 309 309 310 311 310 308 307 306 308 312 314
338 338 337 335 333 333 335 339 341 341 342 342 343 342 340 339 340 341 343 344 342 340 340 338 336 336 336 336 338 339 336 335 337 337 335 333 334 334 334 333 332 330 329 329 328 328 328 328 329 333 332 329 330 329 325 323 324 324 324 324 324 325 326 325 324 321 320 318 318 320 318 315 314 317 318 316 313 313 317 314 307 308 314 316 317 317 317 318 320 321 320 318 315 315 318 315
338 338 338 337 336 336 337 339 340 340 340 340 340 339 338 340 341 341 342 343 343 342 341 341 340 338 337 338 339 339 335 334 336 335 333 332 333 333 333 332 331 329 328 328 326 326 327 327 328 331 330 328 328 327 322 321 322 321 320 319 318 318 320 320 318 317 317 318 320 319 315 312 312 315 316 315 311 313 319 316 312 312 315 317 316 317 318 319 323 327 328 325 322 323 321 314
339 339 338 339 339 339 339 340 340 340 340 339 339 338 337 338 340 340 340 341 342 343 343 343 343 342 342 341 340 338 335 334 335 333 331 332 334 334 333 332 331 330 329 328 326 324 325 325 325 327 325 324 324 321 317 314 313 311 309 309 308 307 310 312 311 311 311 313 317 316 312 312 314 316 316 314 310 313 319 318 317 316 317 317 314 315 315 314 317 324 324 320 319 322 319 311
340 340 339 340 340 340 340 340 341 341 340 340 339 338 337 336 337 339 339 338 339 341 343 344 345 345 346 343 340 337 335 334 333 331 330 331 332 333 332 332 331 329 329 329 327 324 323 321 318 316 313 312 310 306 302 299 297 296 294 292 289 288 294 301 302 302 302 305 312 313 312 313 314 318 322 322 320 320 321 320 319 319 320 321 319 320 318 312 314 323 320 312 312 318 315 309
341 340 340 341 341 341 340 340 341 341 341 340 340 340 337 333 333 336 338 338 337 339 341 344 346 348 348 344 339 337 335 334 333 332 332 331 330 330 330 331 330 329 330 330 327 325 323 317 308 303 301 297 293 287 285 286 285 283 278 272 272 277 283 289 291 292 292 297 308 312 311 312 314 320 325 326 325 324 324 325 322 320 320 320 320 322 319 313 316 325 318 309 309 314 309 303
342 341 341 341 341 341 341 341 341 341 341 341 341 342 339 333 330 331 334 336 337 338 340 343 347 349 348 345 341 339 336 333 332 332 334 333 331 330 330 330 329 326 326 323 317 315 318 318 310 302 299 296 291 283 280 281 281 279 274 274 280 286 290 292 292 288 288 293 302 309 310 311 312 318 322 322 319 318 319 322 321 319 318 316 315 318 315 310 311 318 313 303 301 303 299 293
343 342 342 342 341 341 342 342 342 342 342 341 342 343 342 338 333 331 331 333 335 338 341 344 347 348 347 345 343 342 338 334 332 333 334 333 332 331 329 326 321 316 308 300 299 301 306 315 317 313 309 308 306 299 296 294 296 298 299 296 298 302 305 307 305 299 299 298 300 306 311 311 311 314 318 317 313 310 309 310 312 314 313 310 309 309 307 303 301 302 298 289 283 284 284 283
343 343 343 342 342 342 342 342 342 342 342 342 342 342 342 340 338 337 335 334 336 340 343 346 347 346 346 346 346 344 340 338 338 337 335 332 329 326 323 317 309 308 308 309 314 316 316 316 317 316 319 323 323 320 318 318 318 321 319 310 307 309 312 316 314 309 309 308 306 310 313 308 306 309 313 314 311 307 306 307 309 309 306 302 300 297 293 289 287 285 283 280 278 278 279 281
344 344 344 343 343 343 343 343 343 343 342 342 342 341 339 338 339 341 340 339 340 342 345 347 347 347 347 347 347 345 341 340 342 341 336 328 322 319 321 322 324 326 326 325 327 328 325 326 323 319 321 327 328 325 324 324 324 328 327 317 312 312 314 319 316 311 311 312 313 315 314 307 301 305 311 312 312 310 309 308 307 304 299 294 288 283 277 272 274 282 288 288 286 285 285 285
345 345 345 345 344 344 344 344 344 344 343 343 342 340 338 336 337 340 342 343 343 344 345 345 346 347 348 346 344 343 342 343 347 348 343 337 333 333 334 333 333 332 329 328 329 329 327 329 329 325 323 325 326 325 324 323 324 327 328 321 315 314 317 320 317 313 312 314 315 315 316 315 309 308 311 311 314 312 306 301 296 293 290 284 277 273 271 273 281 291 296 293 291 291 290 289
346 346 346 346 345 345 345 345 344 345 345 344 343 341 339 337 337 339 342 344 345 345 345 345 345 346 347 346 343 342 344 349 353 352 347 342 339 337 336 334 333 332 330 329 330 328 327 328 327 325 323 322 323 324 324 324 324 325 325 322 317 315 318 320 317 314 311 312 314 313 317 321 318 313 312 310 307 301 291 283 281 282 283 283 282 282 285 288 289 294 300 298 294 294 294 293
347 347 346 346 346 346 346 345 345 345 346 345 344 343 341 340 339 340 342 345 346 346 346 346 347 347 348 348 346 346 350 355 356 352 346 341 339 338 337 336 336 336 334 334 332 329 327 328 326 322 321 321 322 323 324 324 325 324 322 320 316 313 314 316 315 312 310 311 314 317 321 325 322 319 319 315 306 293 284 282 284 287 292 296 296 293 293 293 291 295 304 307 299 295 296 296
348 348 347 347 347 347 347 346 346 346 346 346 346 345 344 344 343 344 345 347 348 348 348 349 349 349 350 350 350 351 354 358 358 353 348 345 342 341 342 341 341 340 337 335 332 329 327 329 327 323 322 322 323 323 322 322 322 322 321 319 316 312 312 314 314 313 313 314 316 319 324 326 322 318 320 324 320 310 301 297 297 299 301 303 303 299 295 293 293 297 306 313 304 297 297 299
349 349 348 348 348 347 348 348 348 348 347 347 347 347 346 347 347 347 348 349 349 349 350 350 350 351 352 353 353 354 357 359 357 351 347 346 345 344 345 344 343 342 339 335 331 328 327 328 329 326 324 324 323 323 321 320 319 319 320 319 318 313 311 315 314 314 317 317 318 321 325 325 319 315 317 326 328 322 314 308 305 304 303 305 308 304 300 297 296 300 309 319 312 301 301 303
349 350 349 349 348 348 349 349 349 349 348 349 349 349 348 348 349 349 350 351 351 351 352 352 353 353 355 356 355 356 357 356 352 348 346 344 344 345 346 345 344 342 339 335 331 328 329 330 330 328 325 324 323 323 322 322 320 320 321 320 317 312 311 314 316 318 321 320 320 323 325 323 317 314 318 327 331 325 318 313 310 310 308 308 311 309 308 304 301 303 312 324 318 304 303 305
350 350 350 350 349 349 349 350 350 350 349 350 350 351 350 350 350 351 351 352 352 353 354 354 355 356 358 359 358 356 355 353 348 346 346 344 343 344 345 344 343 341 339 336 331 330 332 332 331 328 324 323 323 323 323 323 321 321 323 322 316 311 309 313 317 321 323 321 321 322 321 319 314 314 320 329 332 324 318 315 312 313 312 311 313 312 311 306 302 303 312 326 317 304 302 305
352 351 350 350 350 350 351 351 351 351 351 351 351 352 352 352 352 352 353 353 354 354 355 356 357 359 2 4 0 356 353 350 347 347 347 347 347 345 342 342 341 340 339 335 332 333 336 333 331 328 324 323 323 323 324 325 323 322 324 321 314 309 309 313 317 319 319 318 316 313 312 312 312 316 323 331 329 320 316 315 313 314 316 316 314 313 311 306 301 302 313 328 316 305 303 304
352 352 351 351 351 351 352 352 352 352 352 352 352 353 353 354 354 354 354 355 355 356 357 357 359 2 7 7 2 357 354 350 346 346 348 350 351 346 341 340 340 339 337 332 331 337 337 333 331 328 326 323 320 320 322 325 326 326 324 319 313 311 312 316 320 321 320 320 315 308 306 310 313 318 327 335 325 316 317 318 316 316 319 319 317 316 317 312 304 304 316 330 320 309 306 306
354 353 352 352 352 352 352 353 353 353 354 354 354 354 354 355 355 356 356 356 356 357 357 358 0 4 8 8 4 2 358 352 346 344 345 349 351 346 341 341 340 338 334 331 333 340 339 335 332 330 330 325 321 319 321 327 332 329 324 320 314 311 312 317 321 324 327 328 321 311 308 311 315 320 332 340 325 315 317 320 317 316 318 319 317 318 322 319 308 306 317 328 322 313 310 309
354 354 353 353 353 353 353 353 354 355 355 356 355 355 355 356 356 357 358 357 357 357 358 359 2 5 7 7 6 6 5 358 350 345 343 344 346 343 341 341 340 336 334 334 337 341 341 339 334 332 333 330 326 323 324 333 340 333 325 321 315 311 311 314 317 320 328 331 321 312 308 311 316 323 335 340 325 313 316 320 318 316 316 315 313 313 319 318 308 307 316 324 322 314 312 312
355 355 355 354 354 354 354 354 355 356 357 357 357 357 357 357 358 358 358 358 358 358 359 0 1 3 4 3 5 8 9 4 357 352 347 345 345 342 340 343 342 338 337 337 338 342 342 341 337 335 336 333 329 327 328 339 344 333 323 318 314 313 314 317 318 320 329 328 317 311 309 313 320 326 336 337 322 309 310 316 318 317 315 310 306 304 307 309 305 305 312 319 319 315 312 313
356 356 355 355 355 355 355 356 357 357 358 358 359 359 358 358 359 359 359 359 359 360 0 0 1 0 359 359 3 6 7 7 4 356 348 348 348 344 341 343 343 341 342 341 341 344 343 341 337 338 340 336 332 330 332 342 344 330 318 313 312 313 316 318 319 320 328 324 312 308 309 314 322 328 337 334 323 310 303 308 315 318 314 307 301 300 303 305 304 304 307 312 315 313 309 309
357 356 356 356 356 356 356 357 358 358 359 360 360 360 360 360 360 360 360 359 360 0 0 0 0 358 356 357 1 5 6 6 3 353 348 350 350 345 341 342 342 342 345 344 344 345 342 337 334 336 340 336 333 331 334 344 341 325 313 307 307 311 313 311 311 315 323 318 305 303 306 310 314 323 334 333 327 316 306 306 313 319 315 308 305 307 308 307 305 302 302 302 305 306 303 301
358 357 356 357 357 357 357 358 359 360 0 1 1 1 1 1 1 1 1 360 0 1 0 0 359 357 357 358 3 8 8 2 356 349 348 351 350 342 339 341 342 343 344 342 344 343 338 331 329 330 331 329 329 327 331 344 338 321 310 303 305 314 317 308 305 312 321 316 303 300 303 306 310 320 331 332 330 321 310 307 313 321 318 311 308 306 304 301 298 295 293 292 292 296 297 298
359 359 357 358 358 358 359 360 0 1 2 2 2 3 3 3 3 2 1 0 1 0 0 360 359 357 357 359 3 5 2 357 353 349 347 349 346 339 337 341 342 343 343 340 341 339 332 327 327 325 323 323 323 323 328 338 333 320 309 302 303 317 328 316 307 311 321 318 306 301 306 313 316 324 331 333 332 325 314 308 313 321 318 312 308 303 299 296 293 290 289 287 287 291 297 302
0 360 359 358 359 359 360 1 2 2 3 3 4 4 4 4 4 3 2 1 1 0 359 359 358 357 357 358 359 358 355 353 353 352 347 345 343 338 339 343 344 344 344 340 339 334 328 326 326 323 321 320 319 318 322 327 325 318 310 303 305 319 334 324 310 311 317 316 307 304 312 319 321 327 333 333 332 327 318 312 314 318 315 313 312 309 303 301 300 296 293 291 291 294 301 310
0 1 0 0 0 1 1 2 4 4 4 4 5 5 6 5 4 4 3 2 1 0 359 357 358 358 358 358 356 353 350 351 353 352 348 346 344 341 343 346 347 347 344 340 336 329 325 325 323 320 319 317 315 315 315 316 316 313 307 302 305 321 335 328 313 309 311 313 309 308 315 320 322 327 331 330 329 324 317 313 314 317 315 312 314 315 308 306 307 303 300 299 299 300 304 312
0 1 1 2 2 2 3 4 5 5 6 6 6 6 6 6 5 5 4 3 1 0 359 358 357 357 358 358 357 353 348 348 349 347 347 349 350 347 347 349 351 350 345 340 335 328 327 326 324 323 321 319 318 319 318 316 313 311 306 299 300 315 331 329 316 308 308 311 311 311 314 316 317 322 324 326 325 318 310 307 308 313 312 307 310 315 312 309 312 311 307 305 302 299 302 309
1 2 2 2 4 4 4 5 6 7 7 7 7 7 7 7 6 5 4 3 2 1 360 358 357 356 357 358 358 353 346 345 343 343 345 351 356 356 355 354 354 351 344 340 335 331 331 329 326 325 323 322 323 323 321 320 317 314 310 302 300 310 325 327 319 309 306 309 311 313 312 306 306 314 321 325 325 319 310 307 307 306 304 300 302 311 315 313 313 314 311 306 302 299 303 312
3 3 3 3 5 6 6 7 8 9 9 8 8 8 8 7 7 6 5 3 2 1 360 358 357 356 356 357 356 348 344 343 341 342 345 351 1 8 5 360 355 348 343 340 335 333 333 332 330 328 324 325 326 324 321 321 321 319 316 310 306 311 321 326 321 309 302 304 309 315 311 304 306 315 324 325 325 327 318 311 312 310 305 300 300 308 319 319 314 313 312 307 302 302 307 316
4 5 5 5 6 7 8 9 9 9 10 9 9 9 9 8 7 6 5 4 2 1 360 358 357 356 355 354 349 343 342 342 342 344 346 355 12 17 6 359 353 347 342 340 337 335 335 336 337 333 329 330 331 328 323 324 327 326 323 319 317 318 323 328 324 310 300 299 305 314 314 313 316 322 331 324 323 333 326 316 319 318 311 304 301 307 321 325 317 314 313 308 302 301 304 312
6 8 7 7 8 9 9 10 10 10 10 10 10 10 9 8 7 6 5 3 2 1 359 358 356 354 352 349 344 341 341 341 341 343 348 4 15 10 3 358 352 345 340 339 339 337 336 337 338 334 329 331 335 334 330 331 333 333 329 326 325 326 327 327 325 312 299 297 304 312 315 317 320 328 333 320 324 339 334 322 325 325 316 306 300 303 316 324 321 317 315 309 301 299 301 307
8 12 9 8 9 9 10 11 10 10 11 11 10 9 9 8 7 6 4 3 1 0 359 357 356 353 351 347 343 341 340 339 340 343 353 8 8 2 359 356 351 345 340 340 339 337 338 339 339 335 329 329 333 334 332 333 335 334 329 325 325 328 325 321 323 314 301 300 307 312 315 315 316 327 326 318 326 345 339 326 327 329 320 310 302 303 313 322 323 318 316 307 298 295 298 305
6 10 8 7 8 9 9 10 11 10 10 10 9 9 9 8 7 5 4 2 1 359 358 357 355 353 350 347 345 342 339 339 341 346 356 4 3 357 352 350 348 345 344 344 340 338 339 342 342 338 330 328 331 331 328 327 329 329 323 317 317 323 320 318 320 316 306 306 312 316 317 315 315 325 322 318 331 349 343 330 324 325 319 313 309 311 318 324 323 318 314 304 294 292 298 307
1 3 3 4 6 7 8 9 10 10 9 9 9 8 8 7 6 4 3 2 360 359 357 356 354 352 350 348 345 342 340 341 344 348 353 358 358 352 347 345 343 343 344 342 339 339 340 341 340 334 325 322 327 330 325 320 322 322 316 309 311 318 318 317 318 317 315 315 318 323 325 320 320 325 321 321 336 353 350 337 326 321 315 312 312 315 322 324 320 316 312 305 296 296 304 315
