windninja/windninja_output/Output_2025-10-23_0800-0850_Google earth_Fire_150m_10min/merlingen_7.5mi_point_10-23-2025_0800_150m_ang.asc
ncols	158
nrows	163
xllcorner	391686.332397
yllcorner	5160024.123721
cellsize	150.000000
NODATA_value	-32768.000000
[rows 0 to 41 of 163, columns 0 to 95 of 158]
203 202 199 197 197 198 198 197 197 198 198 198 198 201 206 212 219 220 219 220 212 202 202 205 210 214 214 211 211 213 215 218 221 221 221 227 233 236 239 236 233 233 235 238 241 243 248 249 241 235 232 231 232 234 235 236 237 238 241 242 240 238 238 237 235 232 234 238 244 247 246 244 243 241 241 242 243 246 248 248 246 243 243 246 249 247 243 241 242 240 238 239 238 236 234 235
202 200 197 195 196 198 199 199 199 198 197 196 196 199 204 210 211 209 208 210 205 197 198 204 210 213 212 210 212 215 216 218 220 220 221 226 228 229 230 229 229 230 231 233 234 236 238 239 238 236 235 235 236 237 237 237 237 238 239 241 240 239 238 238 236 235 237 240 244 246 245 243 243 242 242 243 243 245 247 247 245 243 244 246 247 247 244 243 243 242 242 242 241 239 237 237
198 197 194 193 195 197 199 199 198 195 192 191 193 197 202 206 205 202 203 204 201 194 193 201 210 212 210 210 213 216 218 219 219 220 221 222 222 222 223 223 224 225 226 228 228 228 229 229 230 233 235 236 237 238 237 237 237 237 238 238 238 238 238 238 238 238 240 242 244 244 242 242 243 244 244 243 241 244 246 244 241 242 245 245 245 247 244 242 242 243 245 246 244 243 242 241
190 192 193 192 194 194 194 193 191 190 189 189 191 195 200 204 203 202 203 204 203 198 192 196 205 209 209 209 209 212 215 217 218 219 218 219 220 222 222 221 220 220 222 224 225 225 226 226 226 226 228 229 231 233 234 235 237 238 238 238 237 236 237 238 238 239 240 243 245 244 241 242 244 245 245 244 244 245 245 242 238 240 243 243 246 247 242 239 240 240 242 244 244 243 243 244
181 186 191 192 192 191 189 188 188 190 192 190 191 194 197 202 204 205 206 208 207 202 194 191 198 204 205 206 205 207 209 212 214 214 215 216 219 219 219 217 216 216 219 220 221 223 224 225 225 226 226 228 230 232 234 235 237 238 238 238 238 237 237 238 238 239 240 243 245 243 241 243 245 245 244 245 248 249 246 242 240 242 244 243 246 248 245 242 241 239 238 240 242 242 242 243
177 180 187 190 190 189 187 186 188 192 194 192 189 192 197 202 207 209 210 211 211 207 197 189 193 199 203 205 205 205 207 209 210 211 212 213 214 214 214 214 214 215 218 221 222 224 225 226 227 227 227 228 231 233 235 236 237 238 238 238 237 237 236 238 238 239 240 243 244 241 240 243 246 244 242 243 246 249 247 242 242 246 247 246 247 248 248 250 251 246 243 242 241 240 241 242
178 178 181 185 187 188 188 188 191 193 193 191 189 191 198 202 207 210 210 210 210 209 201 189 189 196 202 205 205 205 206 208 209 210 211 210 210 211 212 214 215 218 221 224 226 228 228 228 228 227 227 229 230 232 235 237 238 238 237 237 236 234 234 236 237 238 240 243 243 239 237 240 243 241 240 241 243 245 242 239 242 247 248 248 248 248 249 253 258 259 256 253 248 246 245 247
179 179 179 180 183 186 189 192 193 193 191 188 187 190 197 202 205 208 208 208 209 209 204 195 188 192 199 202 204 206 208 210 211 213 213 212 212 213 216 218 220 222 225 227 229 230 230 230 229 228 228 230 230 231 234 237 237 237 237 236 235 232 231 233 235 237 239 242 242 239 238 240 240 238 239 241 243 243 237 237 245 249 247 247 247 247 249 251 256 262 265 264 260 257 253 255
178 179 180 180 181 185 190 194 193 191 188 185 184 187 196 201 203 205 207 208 208 209 206 200 191 187 193 200 203 206 210 212 213 215 217 218 218 220 222 224 226 228 229 229 230 231 231 232 231 228 229 232 231 232 236 237 236 237 237 236 236 235 234 234 235 237 240 241 240 238 240 243 242 240 240 241 244 242 237 240 248 251 250 247 245 245 246 247 249 252 255 258 260 259 258 261
177 178 180 181 182 185 188 191 190 189 187 184 182 184 193 201 202 203 204 206 207 207 206 202 196 189 190 199 203 205 210 211 212 216 220 222 222 224 226 228 229 230 230 230 232 233 232 233 232 229 232 234 233 236 239 239 238 239 239 239 240 241 241 241 242 243 243 242 238 237 241 244 244 242 241 242 244 242 238 242 247 250 251 251 251 249 248 249 248 245 245 249 255 255 257 262
177 178 179 181 183 185 187 188 188 187 187 185 182 183 191 198 201 202 201 203 205 205 205 203 199 194 191 197 202 205 210 214 215 220 224 224 225 226 227 228 228 229 230 231 234 235 235 235 236 235 239 240 238 241 244 245 245 246 247 246 247 249 249 251 254 252 249 245 239 239 243 245 244 242 241 242 245 246 244 245 245 246 247 251 256 257 256 256 254 247 246 251 254 253 256 260
176 177 179 181 183 184 185 186 187 187 187 186 184 183 188 195 198 200 201 201 203 205 206 205 202 200 198 201 206 210 215 219 221 224 227 228 228 228 228 228 229 230 231 231 233 236 237 240 242 245 251 252 252 255 257 256 254 253 253 253 256 259 261 266 267 264 259 252 244 245 246 245 243 241 238 239 242 244 246 248 246 245 244 246 252 255 256 258 255 247 250 255 255 254 259 260
176 176 178 180 182 183 184 185 187 187 187 187 186 185 188 192 195 198 200 201 202 205 208 209 209 208 207 208 211 214 218 220 222 224 227 230 231 230 230 229 230 232 231 231 233 235 236 240 246 252 258 261 264 266 268 268 264 259 255 257 261 265 270 279 281 277 271 264 258 254 250 246 245 242 238 238 239 241 242 243 245 246 246 248 250 250 253 255 251 245 251 255 254 255 261 260
175 176 177 179 181 182 184 185 186 187 187 187 187 188 190 193 195 195 198 201 203 207 211 215 216 214 211 211 212 215 219 222 224 225 226 229 230 231 231 231 234 236 237 240 243 243 240 239 243 250 255 258 261 263 268 272 272 264 255 253 258 261 266 273 279 279 279 281 283 274 258 252 250 247 244 243 245 246 244 243 247 250 251 251 250 249 252 253 248 246 253 256 255 256 261 261
175 175 177 178 180 182 184 185 186 187 187 187 187 187 190 194 195 193 195 202 206 210 215 218 218 215 212 211 213 215 220 223 224 224 224 227 229 232 234 238 243 246 249 254 254 252 249 243 238 240 244 248 248 251 255 260 263 258 248 247 251 254 256 257 258 265 272 279 289 296 280 264 257 252 249 251 253 252 250 252 257 257 256 255 251 250 253 252 248 248 256 260 258 258 262 264
175 175 176 178 179 181 183 185 186 187 187 187 186 184 187 192 194 195 195 201 207 210 213 215 216 214 211 211 214 214 216 217 217 220 225 232 238 241 244 248 251 250 248 249 247 244 244 246 241 237 237 235 233 235 237 239 241 240 237 242 247 250 250 246 245 251 258 264 273 291 301 282 268 258 254 255 255 253 254 259 262 260 259 257 254 253 254 253 250 249 254 259 259 258 262 265
174 175 176 178 179 181 182 184 185 186 186 187 186 183 183 189 195 197 198 200 204 207 210 213 213 213 210 210 212 212 214 217 220 227 236 244 249 249 247 245 244 240 237 237 236 234 235 236 237 238 234 229 227 229 231 232 233 232 230 238 245 248 247 242 242 247 251 256 261 267 287 292 281 272 265 259 255 254 259 261 258 256 257 256 255 256 254 253 256 256 255 255 255 255 258 261
173 174 176 177 179 181 182 183 185 186 186 187 186 185 183 186 194 199 201 203 205 208 210 212 213 214 213 211 212 214 218 223 227 232 237 239 240 238 235 233 232 231 233 234 233 233 232 229 228 232 233 231 230 230 231 232 232 230 228 235 242 244 243 239 242 246 249 253 254 256 264 276 280 281 278 266 259 260 261 259 255 255 256 253 253 255 255 254 258 264 263 257 253 254 254 255
173 174 175 177 179 180 182 183 184 185 187 187 187 186 185 187 193 200 204 207 209 211 211 213 216 217 216 215 216 221 225 227 228 228 229 231 232 231 229 230 231 231 233 233 232 232 232 229 228 231 233 234 233 232 231 231 232 231 231 234 240 242 240 239 242 246 249 249 249 253 256 258 264 270 275 274 270 267 263 259 259 260 258 254 251 250 251 253 257 262 266 261 257 255 253 251
173 173 175 176 178 180 181 182 184 185 187 188 188 188 188 189 194 201 206 208 209 209 210 211 213 215 215 216 218 221 224 225 226 228 232 233 232 229 227 227 226 226 227 227 228 229 229 228 229 233 235 235 234 232 230 230 230 231 233 236 239 242 242 242 245 248 249 247 248 251 251 248 251 254 258 262 264 263 261 260 261 262 260 256 252 250 249 250 255 259 263 261 258 257 256 253
173 173 174 176 178 180 181 182 184 185 186 188 188 189 190 192 195 200 202 204 205 206 207 208 210 212 214 215 217 219 219 219 222 224 225 224 223 220 217 219 220 222 224 225 226 228 230 229 229 232 234 233 233 232 232 232 231 232 234 235 237 241 244 244 246 248 248 247 249 249 245 242 246 251 252 248 245 248 252 255 258 259 258 257 255 252 251 250 255 259 261 258 256 257 257 257
172 173 174 176 177 179 181 183 184 185 186 187 189 189 191 192 195 198 200 201 202 204 205 206 208 211 213 214 216 216 215 214 215 216 214 214 215 215 214 217 219 220 222 224 227 230 231 229 227 228 231 231 232 232 234 235 235 235 234 234 235 239 243 244 246 248 247 248 249 245 240 239 243 250 252 245 238 240 243 248 252 254 254 256 255 253 250 251 256 259 258 252 251 254 257 258
172 172 174 176 177 179 180 182 184 185 185 187 189 190 191 192 194 196 198 199 200 202 203 205 207 209 211 213 214 214 211 208 209 211 212 214 217 219 218 218 219 220 221 224 228 229 227 225 224 226 230 231 231 233 233 233 235 235 233 232 234 239 243 244 246 248 246 247 244 239 236 237 243 249 250 243 235 238 241 243 245 245 249 254 255 255 252 253 256 257 254 245 245 253 256 257
172 172 174 175 177 179 180 182 184 185 185 186 189 190 191 192 193 195 196 197 199 200 201 203 205 207 210 213 216 215 210 205 207 212 216 220 222 223 222 219 218 218 220 223 225 224 222 223 225 226 230 231 232 233 232 232 234 235 231 232 235 240 245 249 250 248 245 244 240 237 236 238 246 250 248 239 234 243 245 243 241 241 244 248 252 257 258 257 256 256 252 239 244 253 256 257
172 172 173 175 177 179 181 182 183 184 185 186 188 190 191 191 192 193 195 196 198 199 200 202 204 207 210 215 219 216 210 207 208 213 217 220 222 223 222 219 216 216 217 219 222 220 221 224 225 227 230 231 231 232 231 230 232 233 231 232 237 243 248 252 252 249 246 242 239 239 240 244 252 252 244 235 239 252 252 246 243 241 240 241 246 254 260 261 260 258 249 236 244 253 256 257
171 172 173 175 177 179 180 182 183 184 185 187 187 189 190 191 192 193 194 195 196 198 199 201 202 205 209 214 217 216 212 209 207 208 212 215 218 220 221 217 215 214 214 218 221 220 221 224 224 226 228 231 233 234 233 230 229 230 232 236 242 249 251 249 244 241 239 235 235 239 245 253 257 251 239 229 238 253 259 252 248 243 238 237 242 247 251 255 259 259 249 235 243 251 254 255
172 172 173 175 177 179 180 181 182 184 186 187 187 188 190 191 191 192 193 194 196 197 198 198 200 201 204 210 214 214 212 211 209 206 208 211 213 218 218 213 211 211 212 217 219 217 219 222 223 224 225 229 233 234 233 227 224 228 233 237 247 256 255 247 239 235 231 228 231 239 249 257 257 249 234 222 235 249 261 264 257 249 242 240 242 243 241 245 252 255 250 240 243 248 250 252
172 172 173 175 177 178 180 181 182 184 186 187 187 188 189 190 190 191 192 193 194 194 195 195 197 198 200 205 209 211 212 213 211 207 206 206 210 216 217 212 208 210 210 213 214 211 213 218 222 222 220 224 228 230 230 220 216 224 231 238 249 256 255 248 241 236 229 226 232 242 252 255 252 244 229 219 233 246 254 265 266 257 250 249 248 245 239 240 247 250 249 247 250 250 248 249
171 172 174 175 177 178 179 180 182 184 186 187 187 188 188 188 189 190 191 192 192 192 193 193 194 194 194 197 202 206 210 212 209 206 202 197 200 209 213 208 204 205 206 208 209 207 210 215 220 220 215 220 224 227 227 213 207 221 233 242 250 251 247 241 238 235 228 227 238 249 253 251 244 237 226 222 237 247 251 258 269 267 260 257 255 250 244 244 248 247 246 250 258 258 254 251
172 172 174 176 177 178 179 181 183 184 185 186 187 187 187 187 188 189 189 190 190 191 191 192 191 189 188 190 195 200 205 208 208 205 195 188 191 200 206 202 199 201 202 205 205 204 208 211 216 215 211 215 221 224 223 212 206 222 237 248 254 250 242 237 235 234 229 231 245 255 256 250 240 234 226 228 240 247 250 256 267 273 267 262 258 253 251 252 251 247 244 247 257 265 265 260
172 172 174 176 177 178 179 181 183 184 185 185 186 187 187 187 187 187 187 188 189 189 190 190 188 185 183 186 192 197 204 208 207 201 192 185 188 196 201 199 197 199 200 205 205 204 207 210 214 214 212 216 220 225 224 215 213 229 243 251 253 248 241 237 238 238 233 237 251 259 259 251 242 237 229 229 235 242 248 253 261 269 269 264 259 256 255 255 252 247 244 246 253 266 273 271
172 173 175 177 178 178 180 181 183 183 184 185 186 186 186 186 186 186 186 187 187 187 188 188 185 182 181 184 190 199 206 206 203 201 195 187 188 194 198 199 200 202 204 209 209 208 211 216 220 222 223 225 226 230 228 218 220 234 247 253 251 241 234 236 241 243 238 241 253 258 256 249 247 243 233 230 231 238 245 250 253 255 262 265 264 262 260 257 253 250 248 247 250 260 272 276
173 174 175 177 177 178 180 182 182 183 184 184 185 185 185 185 185 185 185 185 185 185 185 185 183 180 180 181 186 192 196 197 199 203 201 188 187 195 199 203 207 207 210 213 213 214 219 223 226 229 232 233 233 233 230 221 222 233 244 251 249 236 225 231 240 245 243 244 251 254 250 246 247 243 233 229 230 236 244 248 247 245 253 262 265 264 263 259 255 253 253 251 252 257 267 275
174 175 176 177 177 179 181 182 182 183 183 183 184 184 184 185 185 184 184 183 183 183 182 182 181 179 178 178 180 183 188 193 198 205 205 189 183 195 202 206 210 210 212 216 217 221 227 229 230 233 235 236 237 237 233 229 229 235 240 245 244 232 218 226 238 243 246 250 253 252 247 245 245 239 232 230 230 236 242 243 240 239 246 257 261 259 258 257 254 251 251 253 256 261 266 273
174 176 177 177 178 179 181 182 182 182 182 182 183 183 184 184 184 183 183 183 182 182 180 179 179 178 177 176 175 177 183 192 198 204 205 194 184 194 204 207 210 214 218 221 224 229 232 232 234 236 237 238 240 240 239 239 239 241 242 243 241 232 216 223 236 241 245 253 259 257 250 245 243 237 234 234 236 241 242 239 236 235 240 250 257 255 253 254 253 249 249 253 258 265 269 272
175 176 177 178 179 181 182 182 182 182 182 182 182 182 183 183 182 182 182 182 181 181 179 177 176 176 176 176 175 176 179 186 193 198 202 200 194 197 207 211 215 220 223 224 227 232 232 232 233 234 235 237 238 238 238 240 242 244 246 247 245 238 223 223 234 239 243 250 262 264 254 247 244 240 239 239 241 247 249 246 240 236 237 244 251 256 254 252 251 251 252 255 259 264 268 271
177 176 177 178 180 182 182 182 182 182 181 181 181 182 182 181 181 181 181 180 180 180 179 177 176 174 174 175 177 175 173 178 186 194 202 205 202 204 212 219 221 223 224 224 227 229 227 228 231 232 234 234 233 233 235 236 238 240 243 246 247 242 231 226 233 238 243 250 257 258 251 249 249 246 244 240 239 242 249 254 250 241 239 241 247 256 259 253 251 254 257 258 259 262 266 269
178 177 178 179 182 183 183 182 182 181 181 181 181 181 181 180 180 180 180 180 180 179 179 177 176 174 173 174 175 172 170 174 182 194 206 208 207 212 219 222 221 222 223 223 225 226 224 225 227 230 233 232 230 232 235 235 234 235 238 242 244 242 235 229 233 241 247 252 253 246 242 247 251 250 242 238 238 235 242 250 251 245 241 240 246 254 258 255 254 257 260 259 261 265 267 264
178 179 180 181 183 183 183 182 181 181 180 180 181 180 180 180 180 179 179 179 179 179 178 177 175 174 172 171 169 168 170 174 182 194 205 207 210 218 221 219 217 218 219 219 221 222 221 220 220 224 228 226 225 229 233 232 228 229 232 235 236 235 232 228 231 243 253 255 250 240 239 246 249 244 233 237 241 228 235 243 244 242 241 243 249 252 252 254 257 258 258 260 266 269 266 259
180 180 181 183 184 184 183 182 181 180 180 180 180 180 179 179 179 179 179 179 179 178 178 177 175 174 171 167 164 166 170 174 181 192 203 206 207 212 216 216 217 218 217 215 216 219 219 217 216 221 226 224 219 221 226 224 219 221 225 228 228 227 228 229 231 242 254 255 248 242 247 251 248 236 228 240 243 218 226 236 235 235 242 249 254 254 253 255 257 256 255 261 268 269 263 258
184 183 183 184 185 184 183 182 181 180 180 180 180 179 179 179 179 179 179 178 178 178 178 177 176 174 171 166 164 167 171 172 178 190 202 205 204 207 211 213 214 215 214 212 213 217 217 214 212 219 226 225 216 215 221 221 217 218 225 228 227 226 228 232 234 241 251 252 247 248 252 252 246 235 233 246 243 207 216 231 230 230 240 250 254 256 257 256 255 255 254 260 264 264 262 261
188 187 187 186 186 185 183 182 182 181 181 180 180 179 179 179 179 179 179 178 178 178 178 178 177 175 172 169 167 169 172 174 178 186 195 198 201 206 208 209 208 208 209 210 211 211 211 210 210 215 224 225 218 216 224 228 225 225 231 234 232 228 230 234 235 241 248 248 247 247 246 243 242 235 240 249 237 201 208 227 232 232 238 246 252 256 254 249 251 255 258 259 257 258 263 263
