windninja/windninja_output/Output_2025-10-23_0800-0850_Google earth_Fire_150m_10min/merlingen_7.5mi_point_10-23-2025_0830_150m_ang.asc
ncols	158
nrows	163
xllcorner	391686.332397
yllcorner	5160024.123721
cellsize	150.000000
NODATA_value	-32768.000000
[rows 86 to 128 of 163, columns 0 to 95 of 158]
274 273 272 273 270 265 263 272 284 295 300 300 298 296 292 291 289 287 287 288 290 291 293 296 303 308 307 303 301 300 299 298 299 300 298 296 294 290 290 291 294 297 297 295 293 292 291 291 291 293 294 293 293 294 296 297 297 297 297 297 298 298 298 298 298 298 298 298 299 299 300 300 301 302 303 305 307 310 314 321 333 340 338 323 306 298 296 294 293 292 291 290 292 295 297 298
273 271 267 267 266 266 271 282 289 294 298 295 295 294 289 287 285 282 282 284 287 287 289 297 309 317 314 307 303 300 299 298 298 300 299 297 296 294 291 291 294 296 297 295 292 291 290 289 289 290 292 293 293 292 293 294 294 295 297 297 298 299 299 299 298 298 298 298 298 299 299 300 300 301 302 304 306 309 313 318 327 333 331 319 304 296 293 291 290 288 289 292 296 298 300 299
276 275 274 278 280 281 284 288 289 288 290 293 295 295 291 286 281 278 279 282 288 291 298 309 322 329 318 309 303 300 299 298 297 297 296 296 295 294 291 289 291 294 297 297 294 291 289 288 288 289 292 294 294 293 293 293 293 294 295 297 299 299 299 299 298 298 298 298 298 298 299 299 300 301 302 303 305 307 310 314 319 324 323 313 302 295 290 288 287 288 291 294 293 288 283 282
286 286 288 288 288 288 287 285 283 281 288 297 299 297 291 283 276 276 279 285 293 302 310 319 334 337 320 308 303 300 298 297 296 295 295 295 295 294 289 286 286 289 294 297 296 292 289 287 288 290 292 295 298 299 298 296 293 291 292 297 301 301 300 299 298 298 298 298 298 298 298 299 299 300 301 302 303 305 307 310 314 317 317 309 299 292 287 285 287 290 290 289 283 274 269 270
288 289 288 284 285 287 286 284 283 283 290 299 302 296 289 282 278 277 279 288 301 312 320 329 341 338 319 307 302 298 296 295 295 295 294 293 295 295 293 287 285 286 289 292 294 292 288 286 286 289 292 296 300 302 302 297 292 289 293 300 306 305 302 300 298 298 297 297 297 297 298 298 298 299 300 301 302 303 305 307 309 312 313 308 300 296 292 288 288 289 285 278 273 269 267 266
285 286 286 285 288 292 293 293 293 290 293 300 304 300 296 292 287 281 279 290 307 321 331 337 345 335 314 304 298 296 294 293 293 293 293 293 294 296 297 293 287 284 286 289 291 291 289 285 284 286 291 296 299 303 305 302 298 298 299 303 309 308 303 300 298 297 297 297 297 297 297 297 298 298 299 300 300 301 303 304 305 308 310 309 304 301 297 293 289 285 277 266 265 264 262 261
285 287 292 296 298 302 309 315 316 306 298 301 305 303 300 296 295 293 292 300 311 332 339 339 342 325 306 298 295 293 291 290 291 293 294 293 294 295 296 296 290 283 282 285 289 289 287 283 281 282 287 293 298 303 308 308 304 302 300 300 305 307 303 300 298 297 297 296 296 296 296 297 297 297 298 298 299 300 301 302 303 304 305 305 303 300 296 291 286 277 263 258 261 260 258 260
286 290 297 301 303 308 316 326 332 321 309 312 317 319 319 313 311 309 305 305 310 332 334 328 327 309 298 294 292 290 288 288 289 293 294 294 293 293 294 296 295 287 281 281 285 286 285 283 281 281 284 292 300 304 307 307 301 296 293 292 296 302 302 299 297 297 296 296 296 296 296 296 296 297 297 297 298 298 299 299 300 300 301 300 298 294 291 286 277 266 259 260 262 262 261 263
285 289 295 299 301 304 312 324 335 326 313 315 322 326 327 319 314 310 301 292 286 274 256 274 293 296 294 291 288 285 284 285 289 293 295 294 292 293 294 296 298 296 286 282 283 285 286 286 285 285 288 295 304 305 303 303 297 292 290 289 291 297 298 297 297 296 296 295 295 295 295 296 296 296 296 296 297 297 297 298 298 298 298 297 295 291 288 282 274 268 267 267 267 268 268 268
282 284 290 295 294 295 298 309 324 318 307 302 305 304 307 299 297 291 283 266 247 229 225 244 272 287 289 288 286 283 284 287 290 293 295 293 292 293 293 295 299 302 296 288 286 288 291 292 292 294 296 298 304 304 300 299 297 295 293 291 291 294 296 296 296 296 295 295 295 295 295 295 295 295 295 295 296 296 296 296 296 296 296 295 293 291 288 283 279 276 274 274 273 273 273 272
281 282 287 291 289 285 284 290 300 301 293 285 278 274 279 279 278 277 267 237 218 221 229 251 273 284 287 286 286 287 288 288 288 289 292 292 292 292 293 295 298 303 301 295 292 293 295 297 299 298 296 292 294 298 296 296 296 295 294 293 292 293 295 295 295 295 295 294 294 295 295 294 294 294 294 295 295 295 295 295 295 295 294 293 292 290 288 286 283 281 279 278 277 277 277 277
283 283 284 285 280 274 271 272 275 279 278 270 268 272 274 275 277 274 256 224 212 222 239 261 280 288 288 286 286 287 285 283 281 282 287 289 290 292 294 296 298 303 305 299 295 294 294 294 293 290 286 283 285 291 292 291 292 292 292 292 292 292 293 294 295 295 295 295 294 294 294 294 294 294 294 294 294 294 294 294 294 294 293 293 292 290 289 287 285 284 283 281 281 280 280 279
280 279 276 274 272 268 265 262 261 262 258 257 260 264 267 269 269 259 236 220 218 232 256 275 291 294 287 283 282 281 280 278 278 279 282 286 288 291 294 297 299 303 306 302 295 292 290 287 284 281 279 280 282 285 288 289 289 291 293 292 291 291 292 293 294 295 295 295 294 293 293 293 293 293 293 293 293 293 293 293 293 293 293 292 291 290 289 288 287 285 284 284 283 283 282 281
273 271 266 266 267 265 262 259 254 250 249 249 249 256 263 262 255 241 226 220 231 255 274 283 289 280 275 276 276 275 276 277 278 279 282 286 288 291 294 298 300 303 307 305 299 294 292 288 284 282 282 283 283 284 287 288 289 289 292 293 292 292 291 292 294 295 295 295 294 293 293 293 292 292 292 292 292 293 293 293 293 293 292 292 291 291 290 289 288 287 286 285 285 284 283 283
274 270 265 264 263 259 257 256 251 246 245 242 240 246 251 249 248 243 232 237 259 276 279 270 248 250 261 267 270 270 271 273 276 280 284 287 289 290 293 299 303 305 307 309 303 297 293 290 287 285 284 285 286 286 287 289 288 288 290 294 295 294 292 292 293 295 296 296 295 293 292 292 292 291 292 292 292 292 292 292 292 292 292 292 291 291 290 289 289 288 287 287 286 285 285 284
277 274 268 264 259 256 254 253 251 248 246 244 240 239 241 245 252 256 255 267 279 281 267 241 233 244 255 260 262 263 266 270 275 280 285 289 290 290 293 298 305 307 308 311 307 299 293 291 290 288 287 286 287 287 287 288 288 288 289 293 295 294 292 291 293 296 297 297 295 292 290 290 291 291 291 291 291 291 292 292 292 292 292 292 291 291 291 290 289 289 288 287 287 286 286 286
281 278 271 264 259 257 255 254 252 251 249 247 244 242 248 258 263 267 272 277 277 264 240 234 238 245 251 255 257 261 266 270 275 280 285 289 292 293 294 297 304 308 309 311 311 306 299 296 294 291 289 287 287 288 287 288 290 289 289 290 294 295 294 291 291 294 296 296 294 290 288 290 291 291 290 290 290 291 291 291 292 292 292 292 292 291 291 290 290 289 289 288 288 287 287 287
283 280 273 267 262 260 258 256 254 253 253 253 254 259 267 269 268 269 272 272 260 235 231 238 240 242 248 255 260 265 270 272 275 279 284 289 293 295 295 296 302 307 309 312 314 311 304 299 295 292 289 288 289 290 289 290 290 289 289 290 293 296 295 292 291 292 294 294 293 289 287 288 290 290 289 289 289 290 291 291 291 292 292 292 292 292 291 291 290 290 289 289 289 288 287 287
286 282 275 269 264 262 260 258 255 255 257 260 263 270 275 274 269 265 263 256 240 231 236 240 238 241 250 257 262 268 272 274 275 278 282 286 292 296 296 297 301 307 310 312 314 314 308 302 298 294 291 290 290 290 291 290 289 289 289 290 291 293 293 292 291 291 292 294 294 290 287 285 287 288 286 286 288 290 291 291 292 292 292 293 292 292 292 291 291 290 290 289 289 288 288 287
288 284 275 268 264 263 261 258 256 257 260 263 267 272 274 273 268 261 253 245 238 238 240 239 240 246 252 257 261 268 272 275 277 278 279 284 291 298 301 302 304 308 311 312 316 317 314 308 304 300 296 294 292 291 290 290 290 289 288 288 289 290 290 290 290 289 291 294 294 290 286 283 282 285 285 286 288 290 289 289 291 293 294 293 293 293 292 291 291 290 290 290 289 289 288 288
292 286 276 269 265 263 260 258 258 261 265 269 273 275 274 272 265 259 251 243 241 245 245 241 243 248 251 254 260 267 273 278 280 277 277 284 294 301 304 306 307 310 311 313 317 319 318 314 310 305 300 297 295 292 290 290 290 289 287 286 287 289 290 290 290 289 290 293 294 289 285 283 282 284 288 289 290 291 289 289 293 296 296 295 294 293 293 292 291 291 290 290 289 288 288 288
298 290 278 270 266 264 264 266 268 271 275 277 276 272 270 269 265 260 252 244 244 250 253 248 245 248 250 252 258 268 276 281 281 274 277 288 298 303 303 305 309 311 312 314 318 321 323 321 316 310 303 298 296 293 290 289 289 289 287 285 285 287 289 289 289 289 288 290 293 290 284 283 283 284 286 288 290 293 294 293 294 297 299 297 295 294 293 292 291 290 290 289 289 289 288 288
306 296 281 274 273 273 276 279 281 278 275 272 267 262 262 265 265 261 252 248 252 258 260 256 249 247 251 252 255 267 276 279 280 273 281 293 301 302 302 306 313 314 313 316 320 322 326 326 322 316 308 301 298 295 292 289 288 288 288 287 285 285 288 289 287 287 287 288 291 291 285 281 282 284 285 286 288 293 295 293 292 295 300 300 298 296 294 292 291 290 289 289 289 289 288 288
318 305 289 285 286 286 284 281 276 270 264 260 257 256 260 265 269 261 250 252 260 265 266 262 256 252 253 253 257 267 275 277 279 275 281 293 299 300 305 310 314 311 311 317 322 323 326 330 328 321 314 307 302 298 295 291 288 287 288 290 287 284 285 287 285 284 286 287 289 291 286 281 282 285 286 286 287 289 292 291 290 292 298 302 300 297 294 292 291 290 289 288 288 288 288 287
330 316 299 293 289 284 277 270 264 260 258 257 255 257 263 270 274 265 250 254 262 270 273 271 268 262 257 256 260 268 275 277 277 275 280 290 297 302 309 313 311 306 309 317 321 323 327 333 333 326 320 313 306 300 297 294 291 287 287 289 288 284 282 282 282 281 284 288 288 290 289 284 283 284 285 285 285 285 287 289 290 290 294 300 301 298 295 292 290 288 287 287 287 287 287 286
334 318 300 291 283 275 268 264 262 259 257 257 260 264 269 275 281 279 256 254 260 270 281 283 278 273 271 268 264 265 270 277 277 274 280 291 300 307 314 315 313 309 308 314 319 323 327 334 335 330 324 318 310 302 298 297 294 288 285 287 288 284 280 280 281 281 282 286 289 290 291 287 283 282 282 283 283 283 283 286 288 290 293 297 300 299 295 291 288 285 284 284 286 287 286 285
333 316 297 286 278 273 269 266 264 260 256 260 269 274 275 278 286 301 275 262 261 268 281 291 283 279 282 282 274 264 263 271 277 278 286 296 304 310 316 316 314 308 303 308 319 325 328 331 334 333 329 325 317 306 300 298 296 290 286 286 288 285 281 280 281 281 280 282 286 290 290 287 283 281 281 281 282 283 282 284 287 290 293 296 299 299 294 289 284 280 282 286 288 288 287 285
335 318 296 284 278 275 273 270 266 262 261 266 273 279 277 279 289 320 310 279 266 265 272 286 283 281 287 290 285 273 264 265 273 281 289 297 304 308 312 312 309 300 297 305 318 327 328 328 332 334 333 332 325 312 302 299 299 294 287 285 287 286 282 281 283 282 280 280 284 288 290 288 286 284 281 280 282 284 285 283 284 288 292 293 296 297 291 285 281 281 286 293 294 290 287 284
342 323 298 287 282 278 276 274 269 265 268 274 278 278 275 279 294 328 332 297 273 264 266 277 285 288 290 290 289 286 274 265 270 280 289 295 297 300 306 309 304 298 299 305 316 326 328 330 332 334 336 337 332 320 307 301 300 296 289 285 286 287 284 282 284 284 282 281 282 286 288 287 286 285 282 279 280 284 285 283 282 285 290 292 294 296 289 284 285 288 293 298 297 290 284 282
357 331 302 292 286 281 278 275 271 272 278 283 283 276 272 280 298 331 344 314 287 273 269 276 286 292 293 290 289 294 288 272 270 277 287 294 298 300 301 304 302 302 305 308 314 324 331 335 334 334 337 340 339 328 312 302 300 297 292 287 286 287 285 282 283 285 283 281 281 282 284 283 281 282 284 281 279 281 285 285 282 283 289 293 294 296 292 288 291 293 296 299 297 290 285 287
11 338 306 293 286 283 277 273 275 280 287 290 288 278 273 282 298 333 351 332 308 295 288 283 284 290 294 289 287 298 301 284 272 273 283 294 301 303 299 300 303 305 308 308 312 323 331 334 331 332 337 342 345 338 319 304 298 297 294 289 287 286 285 283 283 285 284 282 280 280 281 281 278 279 282 283 280 279 281 283 281 283 288 291 291 294 295 293 294 295 296 297 297 294 292 293
19 344 307 292 285 283 282 280 282 284 287 293 296 287 276 279 292 327 346 337 321 308 300 292 287 289 295 293 291 299 304 293 280 278 285 295 302 305 300 301 307 309 309 308 309 318 326 329 330 332 337 345 351 347 331 309 299 298 295 291 289 289 287 285 284 284 284 282 281 280 280 281 279 276 277 282 283 279 278 280 282 284 289 291 289 292 296 295 294 295 295 296 298 296 295 294
25 356 308 292 288 287 289 288 286 285 283 290 303 297 280 274 281 312 335 335 324 310 302 297 293 292 297 299 297 300 305 305 302 295 293 296 302 308 305 306 311 311 308 305 305 312 323 329 332 335 339 350 356 354 341 316 301 297 296 292 291 292 290 287 285 285 284 282 280 279 281 281 280 276 275 277 281 280 279 281 283 285 288 291 291 293 296 296 294 295 296 298 299 295 293 293
30 9 316 293 291 291 291 290 288 285 281 285 304 302 284 273 277 298 324 330 325 313 303 298 295 294 295 297 298 302 308 313 311 302 296 293 297 309 312 313 314 310 306 304 306 312 320 326 332 337 341 351 358 360 351 323 303 297 295 292 291 293 292 288 285 283 282 280 277 277 280 281 281 279 275 273 274 278 280 281 281 281 285 290 293 295 297 296 295 295 296 298 298 292 290 293
35 17 323 294 291 291 287 287 288 288 282 284 301 308 290 276 277 288 312 325 326 317 307 300 295 294 294 295 298 301 303 306 304 298 292 290 294 302 311 318 315 311 308 309 311 314 319 325 332 337 341 350 359 4 358 331 305 297 295 292 291 291 288 282 276 274 275 278 277 277 278 281 282 282 278 272 270 272 276 278 279 280 284 289 293 296 299 298 295 295 296 298 296 289 290 298
39 19 329 303 296 293 287 287 289 291 285 284 298 315 300 280 275 282 300 318 323 316 308 301 296 294 294 297 299 299 298 296 294 293 290 289 292 293 300 313 313 308 303 304 308 312 318 327 337 340 343 349 359 7 6 340 308 297 295 291 288 283 276 266 260 264 272 280 284 280 278 279 281 283 282 276 270 268 270 274 277 280 285 290 294 299 301 299 296 294 296 298 295 290 293 300
36 10 329 313 301 294 288 283 285 291 288 285 297 320 309 285 272 273 285 300 311 311 307 302 295 293 294 297 298 298 299 297 293 293 290 287 290 286 289 304 310 302 292 288 294 301 309 322 334 339 342 346 359 12 10 346 311 297 292 285 277 266 260 258 260 266 273 283 291 288 281 279 281 283 284 282 276 270 269 271 274 279 286 292 296 300 303 301 296 295 298 300 294 290 294 301
29 1 326 315 302 291 285 278 276 281 284 286 297 320 312 291 273 264 267 280 292 300 301 297 293 293 293 294 297 299 303 300 294 293 290 286 288 286 283 297 309 305 289 279 282 290 297 312 327 336 337 342 360 16 12 349 310 290 283 275 263 257 261 267 271 273 274 278 287 293 288 283 282 282 284 286 284 278 274 272 273 278 286 293 297 299 303 301 296 295 298 302 294 291 296 303
23 354 324 318 306 292 286 278 273 274 277 283 295 313 310 294 277 261 257 267 281 290 295 295 293 291 290 296 303 306 310 303 295 294 292 285 286 288 284 289 305 309 296 279 276 282 291 305 324 333 335 342 3 19 18 356 307 280 274 270 263 267 274 276 278 277 275 273 275 285 289 285 283 284 285 289 292 289 284 279 277 276 279 287 291 295 300 298 292 293 299 305 299 294 298 305
14 348 326 323 312 297 289 282 277 276 273 274 282 297 300 294 283 268 258 261 272 286 293 292 291 293 299 309 313 317 319 304 295 294 292 285 285 290 286 287 299 310 306 286 275 276 285 300 319 328 332 343 6 23 27 9 312 280 274 276 279 279 280 280 278 277 275 272 269 272 279 282 284 286 288 291 295 295 291 285 281 276 274 277 285 291 296 294 290 294 302 308 302 297 300 306
9 343 322 322 314 299 291 288 284 279 272 265 268 282 290 295 292 280 269 265 270 283 296 299 303 310 316 319 323 329 329 309 295 292 293 286 283 288 288 287 293 307 312 296 279 276 282 295 314 325 329 341 9 31 37 23 319 282 276 280 284 282 279 277 275 274 272 270 268 266 270 277 283 287 290 294 297 297 295 290 287 283 277 275 280 287 293 293 291 295 303 309 302 298 302 307
9 341 319 321 316 304 296 292 288 282 272 263 263 273 287 298 302 293 287 285 292 300 308 315 315 316 320 324 327 333 335 317 297 291 291 286 282 284 287 287 289 301 312 307 288 278 279 289 305 317 323 337 16 44 51 38 318 283 278 278 278 277 275 274 273 272 270 269 267 265 266 270 277 284 289 294 299 301 300 299 296 292 286 281 281 287 296 298 296 296 302 306 302 300 303 306
8 341 317 318 317 306 298 292 289 286 279 270 266 268 276 292 301 299 300 308 312 311 310 312 312 308 308 312 322 330 334 322 304 293 285 281 280 281 283 283 286 295 307 313 300 283 276 280 289 299 311 331 28 57 63 48 310 282 276 274 273 272 272 272 272 271 269 268 266 265 265 266 270 278 283 288 296 302 302 302 302 299 295 290 287 291 299 302 301 298 301 304 303 302 301 303
