windninja/windninja_output/Output_2025-10-23_0800-0850_Google earth_Fire_150m_10min/merlingen_7.5mi_point_10-23-2025_0810_150m_ang.asc
ncols	158
nrows	163
xllcorner	391686.332397
yllcorner	5160024.123721
cellsize	150.000000
NODATA_value	-32768.000000
[rows 0 to 41 of 163, columns 0 to 93 of 158]
245 244 242 239 238 240 240 237 237 238 238 232 225 224 230 241 252 259 262 271 277 265 252 252 258 266 267 262 260 262 263 263 264 264 264 269 274 275 275 274 271 270 271 272 276 279 282 285 284 282 281 281 281 281 281 278 275 274 275 277 276 273 270 268 266 263 263 266 271 275 275 272 269 266 265 266 266 266 268 269 267 262 260 262 263 261 256 253 253 251 249 249 248 245
242 243 241 239 239 240 239 238 240 241 238 231 223 224 232 241 249 255 261 267 271 266 257 255 258 262 264 263 263 263 263 264 265 266 267 269 271 273 275 275 274 273 273 275 277 279 281 284 286 284 282 281 280 279 278 276 275 275 275 276 276 274 272 271 269 267 266 268 271 274 274 272 270 269 268 267 266 266 269 269 266 263 262 262 262 262 260 256 255 253 253 252 251 249
238 240 239 239 241 239 237 239 242 242 236 226 222 227 235 242 247 251 257 261 261 266 268 261 258 258 260 263 265 264 264 266 267 268 271 271 270 272 274 275 277 277 277 278 279 280 281 282 284 284 283 281 279 276 276 276 277 277 276 275 275 276 275 274 273 272 271 270 271 273 273 272 272 272 271 269 266 267 269 268 264 262 264 262 262 265 264 260 257 257 259 259 258 257
231 234 235 235 237 236 234 236 237 235 230 221 222 230 238 246 249 251 253 255 256 261 267 266 260 258 257 259 261 261 263 265 268 271 272 272 272 272 273 275 277 278 279 280 281 281 281 280 279 280 281 280 277 276 277 277 278 277 276 275 275 276 275 274 273 273 273 272 272 272 271 272 273 272 271 270 270 269 268 266 264 263 263 263 264 267 266 263 261 260 261 262 263 263
226 230 231 232 234 233 233 236 237 233 227 221 222 232 244 249 251 252 253 253 255 260 266 269 265 260 257 256 256 258 260 261 265 270 272 272 272 272 274 277 279 280 280 281 281 280 280 279 278 277 277 276 276 275 275 276 276 277 277 276 275 275 275 274 274 274 274 272 272 271 270 271 272 272 271 271 272 271 268 265 265 265 264 265 266 267 269 271 269 265 262 264 268 269
225 228 230 230 231 232 235 238 238 233 229 226 225 236 248 251 251 251 252 253 256 261 268 274 272 267 261 258 257 258 259 261 263 265 267 269 271 274 276 277 279 280 280 279 278 277 277 277 276 275 273 273 274 274 274 275 276 277 277 277 276 275 275 274 274 274 274 273 272 270 269 270 273 273 271 270 271 272 270 264 263 268 268 268 267 267 270 276 277 275 272 271 272 275
226 228 231 231 232 232 235 237 236 233 231 229 229 240 250 253 251 249 250 252 254 259 265 276 279 273 267 265 263 262 262 263 264 263 264 268 272 274 274 275 276 277 277 277 276 275 275 275 274 273 272 271 272 273 273 275 276 277 277 278 277 276 275 274 274 274 274 274 272 270 269 270 272 273 272 271 270 271 268 262 264 270 272 270 269 268 269 276 282 284 282 279 276 276
224 226 230 233 235 236 237 237 236 234 234 232 232 242 250 252 251 250 250 250 253 256 261 270 279 277 272 270 268 265 266 268 266 265 267 269 271 271 271 272 273 273 273 273 274 274 274 274 273 272 272 272 272 271 272 275 276 277 278 280 280 278 275 272 271 272 274 274 273 272 272 272 271 271 272 271 270 267 263 262 268 272 274 272 271 269 271 275 281 286 287 285 281 279
221 224 227 231 236 239 240 238 237 236 237 237 237 243 249 251 251 251 251 251 253 255 257 261 271 278 276 272 270 270 271 271 269 268 269 270 270 269 269 269 270 270 272 272 273 274 273 273 273 273 272 273 272 271 272 275 277 278 279 279 278 277 276 273 270 271 274 275 273 271 272 272 270 269 270 270 269 265 261 264 270 274 278 277 275 275 275 277 282 287 289 288 287 286
219 222 226 229 232 235 237 237 237 237 238 240 241 246 251 251 251 252 252 251 253 254 255 257 262 271 276 272 271 272 273 272 271 270 270 269 268 268 267 268 268 270 271 272 272 273 273 273 273 274 274 273 273 275 275 275 277 277 275 274 273 275 277 275 273 274 275 275 272 268 269 270 270 269 269 269 268 266 266 270 273 275 280 283 281 281 280 282 286 288 287 288 289 290
217 220 224 226 228 231 233 235 236 237 239 241 244 250 254 254 253 254 254 254 254 253 254 254 256 262 269 270 270 273 272 271 272 272 270 268 267 267 267 268 268 269 270 270 270 272 273 272 271 273 275 274 275 276 276 274 273 273 270 269 270 272 275 278 279 279 277 274 270 266 268 270 271 271 268 266 267 271 276 278 276 275 277 282 285 286 286 284 285 285 281 283 286 287
215 217 221 224 226 229 231 233 234 236 238 241 244 250 255 257 257 256 256 258 258 256 255 254 254 256 260 266 270 272 272 271 272 273 271 268 267 268 269 269 268 268 268 268 268 269 270 269 268 270 275 276 275 275 274 272 269 268 267 266 267 269 274 282 284 282 278 274 271 272 272 271 271 271 270 270 272 276 283 285 280 276 276 280 286 290 288 283 283 284 281 279 280 283
213 215 219 221 224 227 230 232 234 236 238 241 244 249 256 261 261 260 259 260 261 259 257 256 255 255 258 265 270 271 272 272 273 273 271 269 269 270 270 269 269 269 267 265 265 263 261 260 262 267 272 273 273 273 273 274 271 266 262 261 265 269 275 283 285 283 280 279 282 282 277 273 272 276 279 279 278 279 283 285 283 280 280 282 285 287 285 281 281 283 280 276 276 281
211 213 216 219 222 225 228 231 233 236 238 241 243 246 255 262 266 267 264 262 262 261 259 258 256 255 258 263 267 269 271 273 273 272 270 270 270 271 271 270 269 267 264 264 264 261 257 255 258 264 268 270 270 270 272 275 274 268 260 259 265 271 276 282 285 283 283 286 293 293 284 278 278 282 285 284 281 280 278 280 283 284 283 281 279 280 280 277 274 277 278 274 271 273
209 211 214 217 220 224 226 229 232 235 237 240 242 244 250 257 263 267 268 265 263 261 260 258 256 257 259 263 265 267 269 272 273 272 272 271 269 268 268 267 266 262 260 263 265 262 262 261 258 258 262 267 267 267 269 272 275 273 266 264 269 274 279 280 280 281 285 289 295 302 298 289 285 284 284 284 282 278 274 277 283 285 283 279 274 274 275 271 266 266 271 270 266 266
207 208 212 215 219 222 225 228 232 234 237 239 242 244 247 253 257 260 264 265 263 261 259 258 257 259 261 262 263 266 268 270 270 270 271 270 268 265 264 263 262 260 260 264 265 263 265 269 266 260 261 264 266 268 268 268 270 274 273 271 273 277 280 279 276 278 284 287 291 303 308 297 288 284 283 284 281 276 276 281 284 284 280 275 271 269 267 264 261 259 263 265 264 264
205 206 209 213 217 220 224 227 230 233 236 239 242 245 251 255 255 255 257 260 261 260 259 258 259 260 261 262 263 265 268 268 265 265 265 266 266 265 263 262 262 263 264 264 263 264 264 265 269 271 268 266 268 269 267 264 264 269 275 276 276 278 279 278 276 276 280 286 289 295 304 301 292 290 290 286 282 280 282 283 280 277 274 270 267 264 261 259 261 264 265 265 264 264
202 204 207 211 215 218 222 225 228 232 235 238 242 247 254 259 258 257 256 257 259 260 260 261 261 260 261 264 266 267 266 264 260 258 259 262 265 265 263 263 264 265 266 265 263 264 265 265 269 274 275 272 270 268 266 264 264 268 274 277 276 276 277 277 278 277 279 283 285 287 294 300 298 297 297 291 287 285 282 277 271 270 268 263 260 260 259 259 265 273 275 269 265 265
200 202 205 209 213 216 220 224 227 230 234 238 242 247 253 259 260 260 259 259 259 261 263 264 263 263 263 265 268 268 265 260 257 256 258 261 263 265 264 265 265 265 265 264 263 265 269 272 271 271 274 275 272 269 267 268 268 269 273 276 275 274 274 276 279 279 278 279 280 284 291 298 297 296 297 295 290 283 274 268 267 268 267 263 260 259 261 263 267 274 279 275 269 267
198 200 203 207 211 215 219 222 226 230 233 237 241 245 250 256 259 260 260 260 260 261 262 263 263 264 264 264 265 266 263 258 257 259 261 263 264 265 266 266 265 264 263 263 264 267 271 274 273 270 271 273 274 274 273 272 270 269 271 274 273 271 272 276 278 279 278 277 280 286 291 295 293 291 293 293 285 276 270 268 269 271 272 271 267 264 263 264 267 272 279 280 273 270
196 197 201 205 209 213 217 221 225 229 232 236 240 244 248 252 255 257 258 259 259 260 261 262 262 263 263 263 263 263 260 257 256 259 262 263 264 265 266 265 263 263 262 263 266 269 270 270 272 271 270 272 275 278 278 275 272 270 270 270 269 268 272 277 279 280 280 281 284 288 289 288 286 286 289 291 282 274 271 271 273 274 275 276 273 269 265 264 267 272 278 281 273 270
194 195 199 203 207 211 216 220 224 227 231 236 239 243 246 249 252 255 256 257 258 259 260 260 261 261 261 261 262 261 260 256 257 261 263 262 263 263 263 262 261 260 261 264 267 268 269 270 272 271 271 272 274 277 278 277 275 273 270 267 266 268 272 277 280 283 285 286 286 284 281 278 278 281 287 292 287 276 270 270 273 273 273 276 277 272 267 266 270 274 278 280 273 270
192 194 197 201 205 210 214 218 223 226 230 234 238 241 244 248 250 253 254 255 256 258 259 259 260 260 259 259 260 260 260 260 262 264 264 264 263 261 260 261 260 260 262 264 266 268 270 271 271 271 271 272 272 274 277 279 278 277 272 266 265 269 272 278 284 288 290 287 282 276 272 272 274 279 286 295 296 282 273 269 268 268 270 274 278 277 273 272 273 274 276 278 272 270
190 192 195 200 204 208 213 218 222 226 229 232 236 239 243 246 249 251 253 254 255 256 257 257 258 258 257 258 260 262 264 266 267 265 264 264 264 262 261 262 263 263 262 262 266 270 270 269 270 271 271 271 272 274 277 279 279 278 275 269 267 269 274 282 289 291 289 283 274 267 266 269 275 281 286 293 298 289 280 271 265 264 266 270 276 281 282 277 274 273 274 272 270 271
189 190 194 198 203 207 212 217 221 224 228 232 236 239 242 245 248 250 252 253 255 255 256 256 256 256 255 256 260 265 268 271 272 268 265 263 262 263 264 265 266 265 264 266 269 269 266 266 268 270 271 271 273 275 276 278 278 276 275 272 269 272 278 285 289 288 282 273 264 261 263 271 280 284 284 283 289 291 286 276 268 265 264 264 270 279 284 280 276 274 272 267 269 271
188 189 193 197 202 206 210 215 219 223 227 231 235 239 241 244 247 249 251 253 254 255 255 256 255 252 249 252 258 264 269 273 276 273 266 262 259 262 267 269 269 269 270 271 270 264 262 264 266 268 270 271 273 275 277 279 277 272 272 274 276 280 284 285 284 280 274 264 257 258 267 279 286 285 282 274 277 286 292 287 278 272 266 263 266 274 280 279 277 276 274 271 270 270
187 188 192 196 200 205 209 214 218 222 226 230 234 238 241 244 247 249 250 251 253 255 255 255 252 248 244 249 255 259 263 271 277 279 273 263 258 260 266 270 271 272 274 273 268 262 261 263 266 268 268 269 271 275 280 281 274 267 270 277 284 287 287 283 276 270 264 256 255 262 274 284 287 285 282 273 270 278 292 298 289 280 272 269 269 271 273 273 273 274 277 281 275 270
186 187 191 195 199 204 208 213 217 222 226 230 234 238 241 244 246 247 249 251 253 255 254 252 249 245 244 248 251 252 255 264 272 278 279 273 265 263 266 270 272 274 276 273 269 265 262 261 265 268 267 267 270 275 280 282 271 266 274 283 286 287 285 279 270 263 255 251 259 269 277 282 284 283 281 276 270 273 284 298 296 288 281 278 275 270 266 265 267 269 275 284 283 274
185 186 190 194 199 203 207 212 217 221 226 230 233 237 240 243 245 247 249 251 252 253 252 250 249 245 245 248 246 243 247 255 263 269 276 279 273 268 268 271 273 275 275 274 271 268 265 262 263 267 269 268 269 273 276 278 273 271 276 284 286 284 279 274 268 261 254 255 268 276 279 280 280 278 276 277 275 272 275 288 298 296 288 282 277 270 264 265 266 265 268 279 288 282
184 186 189 194 198 202 206 211 216 221 225 229 232 235 238 241 244 246 248 250 251 251 251 252 252 249 249 248 244 239 241 247 252 261 272 279 275 270 270 272 274 274 273 272 271 269 268 267 267 268 268 268 268 267 268 269 275 275 276 281 285 281 272 265 262 261 259 264 274 280 281 278 273 270 271 279 280 272 270 279 293 300 293 283 276 270 269 271 269 264 263 270 283 287
184 185 189 194 198 202 206 211 216 220 224 227 231 235 238 240 243 245 246 249 251 251 252 254 253 254 255 253 247 243 245 247 250 260 270 277 274 272 272 273 275 273 270 268 268 268 271 274 273 269 266 267 265 263 261 259 266 275 277 278 279 276 265 258 259 264 267 271 274 279 281 275 268 269 276 282 280 272 269 274 286 298 295 285 279 276 276 275 271 265 260 262 271 282
184 185 189 194 197 201 205 210 214 218 222 226 230 234 236 239 241 244 246 249 251 252 253 252 253 255 259 258 252 250 253 254 257 263 268 275 276 276 275 273 272 271 269 268 267 269 274 276 273 269 268 267 264 261 258 252 260 272 277 276 274 270 258 254 260 269 276 276 275 276 276 272 272 278 284 283 279 272 270 272 279 290 293 288 284 281 279 274 269 264 261 259 262 273
184 186 189 193 197 200 205 210 214 217 221 224 228 231 234 236 239 243 246 249 251 251 251 253 257 260 261 256 248 247 253 257 259 262 267 277 282 278 276 272 269 268 268 269 268 271 274 273 269 268 269 269 267 263 257 254 262 268 272 273 271 265 254 253 262 272 282 282 276 273 273 276 281 286 289 286 282 276 271 271 272 277 283 286 285 281 277 273 268 265 263 262 262 268
185 186 190 193 196 201 205 210 213 216 219 222 226 229 232 234 237 241 244 247 249 250 253 256 257 259 261 256 251 253 258 259 258 259 263 276 286 277 272 268 266 265 267 268 268 271 272 269 267 268 269 269 269 266 261 262 269 270 267 266 267 265 257 256 262 269 280 287 279 274 276 281 284 286 289 290 288 281 274 267 263 265 273 281 285 281 276 274 270 266 264 264 267 272
185 187 191 193 196 201 205 209 212 215 217 220 224 227 229 232 235 238 240 243 248 252 256 257 257 258 260 265 272 275 272 266 262 261 262 268 280 274 267 265 263 262 264 264 266 270 270 267 268 269 269 268 269 268 267 268 273 273 267 263 263 265 267 264 262 264 273 284 285 282 281 280 279 281 285 290 291 286 277 264 257 258 265 274 282 282 275 273 273 267 265 268 272 277
186 187 190 193 197 201 205 208 210 213 215 217 221 224 227 230 232 235 238 242 247 251 254 259 263 265 265 272 285 288 282 276 271 269 264 261 264 267 264 261 259 259 261 263 266 269 270 269 270 270 268 268 268 269 271 272 273 274 270 265 263 265 273 273 264 262 268 279 289 289 283 276 273 275 281 288 289 284 277 269 261 257 258 264 272 281 278 274 274 273 272 273 274 276
187 188 190 194 198 202 205 206 209 211 212 214 217 221 224 226 229 232 236 240 245 248 252 257 264 269 274 280 286 291 291 287 279 273 266 259 254 254 256 256 257 258 261 263 267 269 270 271 271 269 269 270 270 271 274 274 272 271 270 267 265 267 274 280 271 264 267 276 285 286 278 271 270 275 282 286 285 278 275 276 272 262 256 257 263 278 286 278 275 279 279 276 274 275
188 189 191 195 200 203 204 206 208 209 209 211 214 217 219 221 224 229 233 237 242 246 251 257 261 267 276 287 292 292 294 290 282 273 267 260 249 245 250 254 257 261 264 266 269 270 270 271 269 269 272 274 273 272 274 275 272 269 268 267 266 267 273 281 278 269 269 274 278 275 268 269 275 283 285 281 284 281 273 275 277 269 260 256 262 273 288 285 279 281 282 278 276 279
189 190 193 197 200 203 204 205 205 205 206 208 211 213 215 218 222 226 230 234 239 243 249 254 259 267 279 293 297 291 290 288 282 276 269 258 241 243 251 255 258 263 267 269 270 270 272 272 269 270 274 278 276 273 274 277 276 271 269 268 266 265 267 275 278 273 272 273 272 266 268 277 283 284 279 277 286 292 274 270 274 272 265 262 266 271 281 290 285 282 281 279 280 281
191 191 195 199 201 203 204 203 203 203 204 206 208 210 212 215 219 223 227 232 237 241 246 252 258 268 280 296 298 291 289 289 285 279 269 252 237 247 253 256 262 267 271 273 271 271 273 275 273 272 273 279 282 278 277 279 281 276 272 269 264 258 256 263 273 273 273 272 268 269 279 285 283 276 270 278 289 304 281 268 265 266 268 269 270 271 277 289 289 282 279 279 281 280
196 194 197 200 202 203 202 202 201 202 203 205 206 208 210 212 216 220 224 229 234 239 244 250 258 267 278 292 296 292 291 293 291 282 268 252 248 254 255 258 263 269 274 275 274 273 274 276 277 274 273 280 289 288 280 277 279 278 272 267 259 251 249 256 269 273 272 270 271 278 284 282 275 272 274 282 292 314 291 268 259 259 267 271 271 273 280 288 289 283 280 278 276 274
202 199 201 202 203 203 202 202 202 202 203 204 205 206 208 211 214 218 222 227 232 237 243 250 257 265 274 285 293 293 290 291 293 287 275 262 262 266 268 267 267 270 271 274 278 279 276 275 277 276 276 280 288 290 281 274 273 273 269 262 256 250 251 257 264 273 272 271 276 280 278 272 272 277 283 286 294 315 290 268 261 260 265 270 274 278 281 283 283 283 281 275 269 269
