windninja/windninja_output/Output_2025-10-23_0800-0850_Google earth_Fire_150m_10min/merlingen_7.5mi_point_10-23-2025_0800_150m_vel.asc
ncols	158
nrows	163
xllcorner	391686.332397
yllcorner	5160024.123721
cellsize	150.000000
NODATA_value	-32768.000000
[rows 111 to 147 of 163, columns 0 to 83 of 158]
5.78 7.16 9.45 10.60 10.81 10.71 10.50 10.70 10.98 11.08 11.72 12.20 11.07 11.01 12.93 13.26 9.27 4.60 6.48 11.62 15.90 16.39 11.56 8.23 8.09 9.36 11.26 13.71 19.62 25.43 24.95 20.97 19.10 23.46 30.63 29.30 24.63 22.03 17.76 12.99 12.52 14.20 14.72 13.31 12.51 11.95 10.64 9.55 9.20 8.95 8.58 8.16 7.83 8.39 9.07 8.84 8.77 9.93 10.63 9.58 8.87 9.67 10.09 9.40 9.01 9.40 9.28 8.15 7.07 6.56 6.81 8.37 9.95 10.07 9.90 9.94 9.59 9.15 8.93 8.74 8.58 8.57 7.75 6.46
5.84 7.20 9.07 9.94 10.28 10.21 10.20 10.46 10.78 10.67 11.35 13.16 12.55 11.45 13.32 13.87 8.90 3.25 4.72 10.26 15.48 17.95 13.71 7.78 7.69 10.61 11.52 12.63 15.82 21.99 25.98 24.06 21.29 26.00 32.91 31.31 26.20 21.16 15.07 12.84 12.56 12.80 14.23 14.96 13.66 11.92 10.28 9.41 9.21 9.02 8.61 7.81 7.33 8.19 9.05 8.69 8.44 9.48 10.59 10.02 8.97 9.10 9.74 9.73 9.39 9.53 9.77 8.94 7.70 7.04 7.19 8.37 9.69 10.14 10.18 10.24 9.82 9.24 9.36 9.45 9.22 8.97 7.93 6.74
5.92 6.94 8.34 9.31 10.00 9.99 9.85 10.08 10.42 10.27 11.01 13.77 14.00 11.98 13.38 14.41 9.11 2.77 3.38 7.88 13.36 18.20 16.44 9.05 8.34 12.70 13.41 13.83 14.22 16.79 23.01 26.32 26.45 30.68 35.14 31.02 23.89 18.02 13.51 11.82 10.47 11.44 15.35 16.93 14.22 11.18 9.86 9.53 9.35 9.17 8.74 7.86 7.35 7.94 8.74 8.63 8.29 8.89 10.22 10.28 9.28 8.74 9.43 10.13 9.54 9.45 9.85 9.51 8.84 7.89 7.62 8.61 9.64 9.90 10.22 10.60 10.26 9.60 9.50 9.71 10.03 9.51 7.87 6.79
5.30 6.35 7.87 8.96 9.81 9.97 9.79 9.69 9.53 9.85 11.29 14.06 14.18 12.10 13.74 15.55 10.65 4.17 3.19 5.79 10.49 16.42 17.86 12.98 12.35 14.79 14.96 14.31 14.64 15.10 17.63 24.76 30.75 35.14 35.39 28.37 21.52 17.53 13.62 10.70 9.72 12.95 17.51 18.21 14.36 11.18 10.76 10.58 9.97 9.53 8.99 8.19 7.51 7.48 8.30 8.63 8.24 8.43 9.59 10.30 9.60 8.60 9.21 10.52 9.85 9.25 9.67 9.80 9.65 8.85 8.22 8.94 9.78 9.63 9.91 10.83 10.88 10.26 9.48 9.54 10.60 10.17 8.09 6.91
4.04 5.67 7.84 8.85 9.52 9.70 9.81 9.46 9.04 10.00 12.44 14.27 12.81 11.37 14.68 17.77 13.08 5.75 3.70 4.47 8.26 12.78 16.11 16.93 16.63 15.86 14.57 14.08 16.55 15.46 14.18 20.83 31.17 37.55 35.45 28.26 22.04 17.76 13.92 10.80 11.49 16.25 18.99 18.00 15.09 12.97 11.96 10.75 9.98 9.66 9.14 8.54 7.72 7.12 7.77 8.36 8.14 8.16 8.98 10.13 9.72 8.67 9.21 10.61 10.37 9.23 9.38 9.92 10.02 9.45 8.89 9.20 9.98 10.00 9.76 10.63 11.34 10.98 9.78 9.32 10.79 10.81 8.66 7.02
2.99 5.14 7.60 8.59 9.20 9.25 9.33 9.36 9.85 11.61 14.38 13.90 10.48 9.82 15.40 20.30 14.98 6.00 4.34 5.02 7.76 10.55 13.19 16.87 18.23 17.02 14.06 14.10 18.79 16.95 13.43 17.72 27.74 36.86 36.87 29.46 22.77 16.84 14.25 13.71 15.24 18.69 18.55 16.90 15.66 13.18 10.58 9.23 9.45 9.65 9.37 8.94 8.12 7.11 6.96 7.70 8.10 8.11 8.64 9.78 9.56 8.78 9.35 10.65 10.73 9.35 9.18 9.88 10.11 9.80 9.35 9.36 10.16 10.90 10.41 10.44 11.13 11.45 10.43 9.51 10.77 11.40 9.08 6.89
2.50 4.53 7.03 8.27 9.09 9.02 8.58 9.07 11.12 13.74 15.66 12.98 8.38 8.37 15.91 21.84 16.08 6.64 6.08 7.78 9.41 11.54 13.24 15.41 17.57 18.05 14.91 14.82 20.58 18.27 14.12 16.11 22.68 33.88 37.20 30.39 22.42 15.70 14.95 17.56 18.88 18.78 16.98 16.20 15.47 12.25 9.97 9.88 10.47 10.67 10.32 9.43 8.38 7.13 6.20 7.10 8.14 8.22 8.55 9.42 9.43 8.84 9.48 10.81 10.79 9.42 9.18 9.81 10.05 9.95 9.64 9.48 10.06 11.22 11.67 11.18 10.71 11.14 11.07 10.31 11.17 11.82 9.26 6.59
2.27 3.64 6.34 8.13 9.04 8.93 8.39 9.34 12.03 14.45 16.11 12.88 7.71 8.19 14.92 21.94 19.42 9.82 8.42 9.87 10.69 12.14 13.50 15.08 17.10 18.40 17.06 18.23 20.87 19.20 17.10 18.42 23.67 34.96 36.38 29.44 22.60 15.90 17.04 20.14 18.99 17.03 15.70 15.41 14.80 12.95 11.49 11.54 11.73 11.39 10.46 9.07 8.09 7.02 5.93 6.55 7.93 8.30 8.53 9.24 9.50 8.99 9.58 10.80 10.59 9.53 9.24 9.68 9.99 10.14 9.93 9.57 9.75 10.86 12.32 12.34 10.91 10.70 11.27 11.26 11.86 11.81 9.21 6.61
2.11 2.86 5.66 8.37 9.22 8.73 8.93 10.40 12.81 14.06 15.62 14.28 8.62 8.55 12.95 20.19 22.79 14.95 9.80 10.03 10.77 11.80 13.41 15.73 18.09 19.32 19.52 20.46 21.53 22.13 25.13 27.86 32.45 36.93 33.33 27.44 22.41 18.12 19.28 19.59 16.82 15.33 14.90 15.40 15.56 14.30 12.33 11.72 11.39 10.37 9.16 7.98 7.41 6.76 5.78 5.90 7.46 8.36 8.59 9.24 9.74 9.33 9.65 10.46 10.00 9.55 9.27 9.29 9.98 10.61 10.34 9.67 9.53 10.31 11.96 12.84 11.99 11.16 11.55 11.93 12.16 11.67 9.42 7.36
2.00 2.33 5.12 8.61 9.50 8.62 9.77 11.70 13.65 13.36 14.21 15.86 10.81 8.44 11.10 18.12 24.05 19.84 11.77 10.08 10.62 11.59 13.62 16.44 18.99 20.39 20.86 21.28 24.08 28.28 31.31 31.93 32.78 32.45 29.40 26.66 22.75 20.60 19.12 16.05 14.59 14.42 15.47 16.42 15.96 14.27 12.86 12.21 11.05 9.55 8.39 7.42 6.97 6.61 5.63 5.12 6.94 8.47 8.69 9.32 10.08 9.38 9.32 9.71 9.01 9.47 9.62 8.83 9.66 11.05 10.86 9.93 9.67 10.01 10.98 12.15 12.73 12.45 12.28 12.44 12.28 11.81 10.01 8.37
2.14 2.31 5.11 8.20 9.17 8.83 10.62 13.20 14.64 12.79 12.96 17.53 13.57 8.55 9.95 16.31 23.87 22.65 14.41 10.33 10.10 11.53 13.72 16.58 19.90 21.46 21.56 22.87 28.63 34.21 34.10 31.87 30.79 29.08 28.54 26.63 22.96 21.59 16.76 13.51 13.20 13.65 15.85 15.92 14.64 13.60 13.05 11.94 9.94 8.72 7.76 6.98 6.71 6.45 5.53 4.72 6.76 8.47 8.63 9.38 9.85 8.56 8.27 8.88 8.79 10.09 10.85 9.33 9.18 10.81 11.06 10.36 10.23 10.14 10.06 10.71 12.08 13.11 13.37 13.23 12.77 12.31 10.86 9.52
2.71 3.03 5.73 7.40 8.33 9.15 11.21 14.09 15.66 12.82 12.72 19.27 16.08 8.99 8.86 13.48 22.29 24.12 15.91 10.72 10.10 11.95 13.90 16.43 20.56 21.80 22.21 25.78 33.98 38.31 34.28 32.04 31.07 27.38 27.91 26.77 22.29 21.44 17.06 13.06 12.05 12.61 15.50 15.76 14.38 13.75 12.54 9.82 8.00 7.20 6.64 6.45 6.16 5.89 5.32 4.74 6.39 8.12 8.26 8.94 8.68 7.57 7.88 8.59 9.13 11.33 12.69 11.02 9.75 9.93 10.50 10.67 10.88 10.57 9.78 9.53 10.40 12.25 13.69 14.00 13.78 13.43 12.05 10.81
3.02 3.63 6.06 6.58 7.21 9.07 10.89 13.72 16.51 14.53 14.48 21.32 17.73 8.42 7.72 11.51 18.75 23.93 19.62 13.92 12.69 13.19 14.27 16.97 20.69 22.13 22.82 28.61 40.36 41.87 33.00 30.39 29.78 25.98 26.95 26.76 21.51 20.69 19.07 13.39 11.17 11.48 14.01 16.44 15.93 14.60 12.53 9.16 7.14 6.32 6.25 6.09 5.31 5.19 4.71 3.95 5.06 7.24 7.65 7.83 7.56 7.47 8.21 8.76 9.45 11.95 13.59 12.86 11.01 9.48 9.64 10.79 11.21 10.87 10.06 9.25 9.16 10.64 12.70 13.72 14.37 14.87 13.73 11.64
3.02 3.90 5.90 5.87 6.47 8.78 10.19 12.24 16.10 15.88 17.60 22.27 15.80 7.48 7.50 10.61 14.92 20.54 22.53 19.49 17.02 16.14 15.92 18.01 20.58 21.97 24.54 35.74 49.60 43.01 28.76 27.38 28.43 25.71 25.87 26.38 21.50 19.64 19.59 14.48 11.19 10.45 11.47 15.93 17.95 15.93 13.15 9.81 7.01 6.34 6.32 5.58 4.54 4.63 4.08 2.77 3.36 6.26 7.48 6.70 6.69 8.16 8.99 9.20 10.30 12.30 13.33 13.59 12.74 9.99 9.28 10.72 11.37 10.98 10.59 9.77 9.18 9.94 11.61 12.59 13.62 15.57 15.28 12.20
3.12 4.15 5.69 5.64 6.30 8.31 9.54 11.17 14.97 15.77 18.55 22.61 16.33 7.98 8.06 10.34 12.54 15.17 19.72 23.12 24.22 22.04 19.66 19.93 23.05 26.38 35.59 52.91 52.08 35.41 23.07 24.36 27.62 25.05 24.03 25.86 22.23 19.09 19.29 15.84 11.69 9.85 9.88 14.22 18.82 18.02 14.54 10.33 7.15 6.41 5.83 4.67 3.90 4.11 3.80 2.36 2.42 5.59 7.69 6.67 6.76 8.96 9.55 9.52 10.89 12.48 12.81 13.22 13.52 11.97 10.29 11.08 11.89 11.46 11.20 10.61 10.00 10.16 11.08 11.82 12.23 14.74 16.03 13.70
2.92 3.99 5.74 5.67 6.06 7.67 9.25 11.51 14.01 14.82 17.22 22.24 19.83 11.09 10.46 11.16 11.04 12.06 15.44 20.94 26.10 29.69 27.01 26.20 35.49 45.88 50.90 51.56 39.11 24.66 20.15 22.25 26.47 24.15 22.79 25.13 22.92 19.08 18.08 16.02 12.60 10.15 9.74 12.51 18.26 20.05 16.47 10.99 7.28 5.94 5.01 3.78 3.03 3.32 3.31 2.08 1.64 5.00 7.81 7.67 7.79 9.21 9.45 9.61 11.13 12.44 12.59 12.74 13.24 13.05 12.58 12.81 12.97 12.43 11.98 11.48 10.84 10.47 10.89 11.46 11.64 13.45 15.29 14.74
3.00 4.10 6.11 5.78 5.89 7.31 9.57 12.42 13.36 13.51 14.62 19.28 21.27 17.77 15.92 12.85 10.32 11.87 15.47 20.20 28.34 37.04 38.59 38.20 42.19 46.96 43.40 32.82 24.93 20.14 18.51 20.69 24.70 23.49 22.43 24.01 22.93 19.86 16.93 15.47 13.45 11.06 10.72 12.00 16.86 20.98 17.83 11.24 6.82 4.96 4.23 3.05 2.21 2.71 2.79 1.74 1.13 4.91 7.99 8.41 8.43 9.06 9.20 9.82 11.30 12.31 12.50 12.56 12.82 13.01 13.89 14.82 14.48 13.60 13.04 12.59 11.35 10.93 11.62 11.81 11.99 13.22 14.10 14.25
3.23 4.24 6.27 5.99 5.97 7.55 10.21 12.65 12.99 12.27 12.24 15.30 19.51 21.31 20.77 15.39 12.34 15.05 21.63 36.58 44.23 42.37 39.49 35.93 35.57 34.62 29.67 23.83 19.67 17.58 17.98 20.35 22.49 21.57 21.29 22.82 22.88 20.21 16.35 15.17 14.14 12.73 12.53 12.93 15.86 20.54 18.78 11.14 6.28 4.68 3.69 2.22 1.61 2.46 2.47 1.47 1.17 4.99 8.02 8.61 8.74 9.06 9.31 10.21 11.41 12.23 12.39 12.43 12.66 12.92 14.14 16.01 16.38 15.01 13.98 13.55 12.28 11.78 12.53 12.83 13.24 13.70 13.61 13.72
3.06 3.94 6.16 6.17 5.99 7.90 10.45 12.57 12.74 11.80 11.63 13.31 15.98 19.18 21.70 21.80 19.21 23.50 38.89 52.06 45.93 34.51 31.04 29.38 30.62 31.64 27.91 21.83 17.64 17.19 18.55 19.32 19.14 18.16 18.99 22.23 23.16 19.62 16.30 15.73 15.23 14.61 14.41 14.71 16.20 18.92 18.16 11.39 6.73 5.38 3.53 1.55 1.33 2.32 2.17 1.10 1.55 5.07 7.84 8.72 8.91 9.16 9.65 10.52 11.51 12.21 12.33 12.37 12.54 12.97 14.11 16.15 17.53 16.81 15.33 14.95 13.95 12.45 12.67 13.70 14.26 14.24 13.82 13.54
3.11 3.84 6.28 6.54 6.21 8.32 10.87 12.44 12.79 12.17 12.14 12.41 13.16 15.56 19.44 24.97 31.09 40.60 50.39 47.20 32.36 25.81 25.96 27.94 31.68 33.31 27.46 20.06 18.41 18.93 18.89 17.55 16.10 15.47 16.09 19.87 23.05 20.81 17.27 16.75 16.64 16.26 16.63 17.17 17.56 17.36 15.70 10.62 7.63 6.12 3.30 0.94 1.66 2.30 1.71 0.61 1.79 5.00 7.75 8.94 9.06 9.24 9.92 10.76 11.61 12.20 12.46 12.44 12.44 12.90 14.15 16.02 17.55 17.95 17.32 16.99 15.84 13.35 13.24 14.53 14.89 14.75 13.90 12.85
3.44 4.11 6.37 6.89 6.77 8.93 10.86 12.09 13.22 13.00 12.31 11.73 11.90 14.15 18.14 24.90 38.92 50.07 46.82 32.49 26.23 25.02 24.93 26.33 31.93 34.11 24.89 20.18 20.13 19.48 18.81 17.69 16.03 14.39 14.31 16.75 21.03 22.49 19.59 18.04 18.45 18.36 18.75 19.14 18.04 15.03 11.34 8.59 8.03 6.46 3.17 1.75 2.30 2.24 1.39 0.78 1.96 5.00 7.80 9.09 9.31 9.60 10.11 11.01 11.69 12.21 12.72 12.61 12.41 12.73 14.17 16.06 17.03 18.13 18.84 19.05 18.04 14.93 14.02 15.43 16.24 15.34 13.34 11.98
3.54 4.19 5.93 7.07 8.16 9.82 10.28 11.10 13.41 13.79 12.16 11.48 12.00 14.39 19.43 26.36 43.21 52.69 41.07 29.04 26.76 25.71 25.37 26.51 31.05 33.46 26.12 20.80 20.43 18.39 17.27 16.70 15.20 13.99 14.69 16.59 19.33 22.15 21.15 20.15 20.91 20.13 19.51 19.60 17.00 11.26 7.09 6.28 7.31 6.12 3.12 2.63 2.62 2.17 1.59 1.48 2.37 5.13 7.90 9.11 9.70 10.50 10.28 10.92 11.89 12.27 12.92 12.87 12.39 12.65 14.22 15.85 16.50 18.15 19.64 20.50 20.72 16.99 14.52 16.33 17.31 15.35 12.71 11.80
3.44 4.10 5.79 7.44 9.78 10.61 9.80 10.25 12.99 14.61 13.27 12.10 12.81 16.53 21.74 31.53 49.09 52.55 42.05 32.02 29.10 27.57 27.18 27.39 28.04 29.11 27.13 22.95 20.60 18.17 16.26 15.30 14.12 14.82 16.58 17.83 19.32 20.69 20.48 22.18 23.38 20.91 19.48 18.98 14.78 8.38 5.43 4.78 5.58 5.08 3.55 3.02 2.76 2.32 2.05 2.13 2.90 5.41 8.00 9.25 10.38 11.32 10.59 10.81 12.08 12.48 13.15 13.32 12.54 12.81 14.28 15.46 16.04 17.62 19.88 22.07 23.00 18.72 15.23 16.80 17.42 14.79 12.13 11.27
3.86 4.83 6.49 8.16 10.55 10.68 9.77 10.61 12.21 14.74 15.37 13.34 14.96 20.05 29.89 47.37 55.03 49.87 40.31 34.08 30.22 27.40 26.38 25.06 22.16 22.24 25.82 26.15 22.67 19.46 17.18 16.09 15.60 16.56 17.51 17.74 18.37 18.33 19.50 23.68 25.18 21.88 19.68 17.40 11.15 6.96 4.90 3.33 3.50 4.49 4.08 3.28 2.92 2.67 2.53 2.67 3.56 5.94 8.17 9.53 11.05 11.51 10.88 11.08 12.20 12.92 13.42 13.90 13.62 13.37 14.06 15.21 15.83 16.27 19.10 23.17 24.67 20.85 16.50 16.86 17.19 14.52 11.26 10.16
4.07 5.37 7.21 8.78 10.54 10.76 10.46 11.47 12.24 14.40 16.11 15.15 16.44 25.57 46.19 57.33 52.16 43.60 37.67 34.55 30.64 24.43 22.73 20.99 18.25 18.33 22.21 26.66 26.19 22.09 18.75 17.58 17.78 17.87 17.73 17.61 16.71 16.11 19.77 25.37 25.58 22.26 19.61 14.44 9.03 6.95 4.88 2.53 2.95 4.34 4.49 3.90 3.40 3.21 3.00 3.02 4.17 6.69 8.63 9.98 11.22 11.37 11.17 11.50 12.27 13.27 13.59 14.46 15.72 15.03 14.32 14.97 15.41 15.18 17.56 22.38 25.15 23.48 18.39 17.07 16.50 13.85 11.30 10.41
3.79 5.41 7.63 8.65 10.29 11.01 11.15 11.53 12.11 13.96 15.54 16.58 17.45 30.41 54.16 54.71 43.34 39.71 35.94 33.84 30.20 23.19 20.18 19.56 18.18 17.87 20.08 25.15 28.27 25.46 20.23 18.34 18.63 18.23 18.50 18.42 16.37 15.40 20.62 26.63 24.50 21.48 18.70 11.48 8.15 7.20 5.41 3.48 3.59 4.55 4.86 4.59 4.13 3.78 3.46 3.42 4.79 7.53 9.23 10.34 11.12 11.21 11.49 11.74 12.21 13.33 13.80 15.00 17.73 17.66 15.61 14.86 15.13 14.87 16.04 20.30 24.31 24.60 21.36 18.12 16.03 13.65 12.26 12.24
3.79 5.17 7.52 8.44 10.37 11.40 11.04 10.89 11.76 13.66 15.21 17.61 19.78 36.31 56.16 50.46 40.94 37.64 32.93 31.32 29.36 24.05 20.58 20.00 18.56 17.98 19.50 24.36 28.76 26.84 20.70 18.49 18.80 18.76 19.31 18.75 16.53 15.34 20.73 26.95 23.52 19.14 15.40 10.28 8.03 7.52 6.25 4.67 4.55 5.14 5.26 5.08 4.79 4.38 3.95 3.98 5.70 8.54 9.64 10.28 10.92 11.17 11.75 11.76 11.98 13.17 14.17 15.68 18.77 20.26 17.86 15.58 15.60 15.50 14.66 17.23 22.30 24.10 23.00 21.30 17.83 14.26 13.55 14.24
4.14 5.02 6.60 8.10 10.80 11.57 10.56 10.44 11.81 14.01 16.73 20.15 26.63 48.96 58.72 47.78 38.52 33.21 28.28 28.90 29.43 25.45 22.27 20.85 18.75 18.24 19.82 24.22 27.38 24.91 21.04 20.30 20.44 20.02 19.97 18.08 15.59 15.72 20.86 26.42 22.15 14.64 11.48 9.40 8.06 8.13 7.32 5.86 5.46 5.68 5.69 5.62 5.30 4.91 4.59 4.94 7.06 9.16 9.67 10.16 10.68 11.12 11.78 11.53 11.72 13.05 14.61 16.63 19.24 21.51 21.02 18.21 16.88 16.28 15.05 15.17 19.35 22.27 22.39 23.37 21.55 15.71 15.68 15.66
4.43 4.99 5.84 7.93 10.79 11.39 10.70 11.19 12.80 15.03 18.80 25.67 42.99 60.90 56.84 40.57 33.11 29.01 25.91 27.78 29.93 27.16 23.78 21.33 19.44 19.40 20.98 23.54 24.74 21.80 19.25 21.91 22.91 20.42 20.42 18.00 15.54 17.68 21.59 23.74 17.81 10.72 9.36 8.34 7.80 8.40 8.02 6.82 6.28 6.21 6.19 6.24 5.82 5.57 5.87 6.74 8.27 9.17 9.62 10.23 10.49 11.13 11.47 10.82 11.39 13.18 15.01 17.45 19.66 21.54 23.00 22.24 19.27 17.16 16.03 15.32 16.79 19.95 20.70 23.14 23.89 20.55 19.46 16.61
4.12 4.70 6.45 8.69 9.58 10.27 11.88 13.02 13.88 17.82 22.58 33.87 58.39 61.85 42.95 31.62 29.57 27.01 24.10 26.88 30.46 28.69 24.79 22.01 20.75 21.27 22.08 22.53 22.66 20.12 18.38 21.94 23.39 21.73 22.25 19.74 17.08 18.53 19.15 17.40 12.44 9.40 8.89 7.93 7.73 8.38 8.23 7.48 7.09 6.99 6.99 6.88 6.26 6.42 7.72 8.49 8.63 8.95 9.73 10.27 10.52 11.36 11.02 9.82 10.66 13.23 15.54 17.90 19.78 21.61 23.73 24.53 21.79 18.25 17.12 15.39 14.73 17.91 19.90 22.33 25.66 25.06 20.52 15.29
3.27 4.73 7.77 8.70 8.46 9.80 13.27 14.37 15.87 23.30 30.08 48.64 63.19 48.37 30.20 27.73 27.32 26.56 24.98 27.31 30.41 29.38 25.94 23.67 22.64 22.87 22.74 21.68 21.08 19.59 19.09 21.05 22.30 23.70 24.80 21.11 17.37 16.44 13.79 9.96 8.75 8.88 8.80 8.03 7.79 8.18 8.25 7.97 7.81 7.81 7.94 8.17 7.78 7.95 9.28 9.28 8.69 9.02 9.88 10.38 10.96 11.59 10.74 9.25 10.12 13.22 16.07 17.94 19.63 22.15 23.75 24.54 24.14 21.67 18.70 14.44 12.69 16.37 20.21 23.27 27.69 26.73 19.23 13.91
3.17 4.60 8.47 8.46 8.91 11.27 13.87 15.51 19.97 26.59 37.64 59.66 60.09 33.27 25.68 26.36 26.63 28.70 29.16 29.35 29.36 28.25 26.70 25.91 24.88 23.75 22.37 20.23 19.54 19.65 20.04 21.25 22.33 24.40 25.88 21.94 16.21 12.63 8.49 5.60 7.02 8.68 8.91 8.50 8.18 8.27 8.43 8.47 8.55 8.67 8.92 10.15 10.92 10.15 10.16 9.38 8.63 9.44 10.06 10.77 11.69 11.80 10.96 10.07 11.32 14.44 16.77 17.97 19.67 22.12 23.14 23.61 26.01 25.49 18.80 12.71 11.52 15.55 21.04 25.89 27.66 25.37 20.86 16.06
4.38 4.47 8.72 9.71 10.48 12.33 14.65 17.39 22.54 26.54 42.67 57.67 46.66 29.14 26.27 26.53 27.93 31.92 32.62 28.39 26.19 26.47 27.26 27.86 26.40 24.06 21.68 19.90 19.74 20.94 21.90 23.15 22.78 22.71 25.53 22.55 14.31 8.43 5.34 5.00 6.67 8.52 9.15 9.08 8.78 8.71 8.90 9.06 9.19 9.44 10.10 12.44 14.21 13.43 11.66 9.00 8.45 10.03 10.53 11.30 12.23 12.25 11.92 11.76 13.02 15.45 17.30 18.35 19.17 20.65 22.00 23.77 27.73 26.81 17.78 11.42 11.59 14.59 21.90 26.87 24.22 22.77 23.35 17.99
5.19 5.30 8.85 10.94 11.51 12.89 15.93 19.39 23.30 25.37 39.44 56.69 45.42 30.57 28.14 27.03 29.33 34.02 31.98 24.49 23.79 25.59 27.36 28.71 26.83 23.26 20.90 21.01 21.46 22.03 23.09 24.24 21.97 20.51 23.76 20.27 11.80 7.04 5.49 5.93 7.01 8.35 9.12 9.39 9.22 9.19 9.43 9.67 9.74 10.37 12.14 14.81 16.85 16.66 12.82 8.67 8.78 10.25 11.00 12.25 13.08 12.92 12.93 13.03 13.38 15.55 18.00 18.69 18.58 18.92 20.42 24.09 28.87 27.73 18.76 11.91 11.46 13.65 22.28 26.06 21.12 22.48 24.10 15.97
5.13 6.56 9.38 10.92 12.20 14.55 18.21 21.52 24.93 25.62 34.05 57.62 54.24 33.58 28.53 26.85 29.93 33.53 27.67 22.99 24.27 25.81 27.44 27.71 25.47 23.10 22.17 22.98 22.76 21.56 22.33 23.21 20.10 18.20 19.41 15.70 10.37 7.17 6.28 6.75 7.64 8.58 9.28 9.69 9.73 9.73 9.92 10.07 10.38 11.97 14.71 17.08 19.16 18.51 13.73 9.92 9.93 10.53 12.21 14.54 14.51 13.53 13.59 13.46 13.37 15.94 18.70 18.36 17.98 18.82 19.55 22.86 28.80 28.38 20.14 13.46 11.94 13.98 21.83 24.81 22.13 24.80 22.35 10.55
6.44 8.26 10.49 11.34 13.15 16.55 20.05 24.33 28.03 27.33 37.56 60.27 54.65 32.76 27.03 26.70 29.60 30.67 25.44 23.91 25.60 26.15 27.05 25.97 24.39 24.60 24.31 23.94 23.08 20.82 20.81 21.32 17.63 14.13 12.62 12.16 9.53 7.41 6.64 7.03 8.03 8.89 9.61 10.16 10.29 10.15 10.30 10.52 11.58 13.93 16.46 19.17 21.45 19.87 16.08 13.37 12.10 12.53 15.09 16.73 15.24 13.79 13.75 13.76 14.56 17.13 18.80 18.09 18.07 19.29 19.81 21.75 27.09 28.44 21.37 14.76 13.99 16.43 19.88 23.02 25.61 24.76 16.20 8.57
9.63 10.16 11.05 12.21 14.80 17.80 20.33 26.37 31.16 35.66 53.32 61.17 43.97 27.53 24.63 25.40 28.18 27.42 24.29 24.40 25.70 25.82 25.48 24.85 24.77 26.07 25.26 24.05 23.64 20.38 18.28 19.35 15.71 9.58 8.75 10.35 9.40 7.70 6.96 7.22 8.22 9.12 9.69 10.41 10.89 10.68 10.61 11.40 13.53 15.51 17.51 21.24 23.76 21.48 18.42 16.25 14.65 15.39 16.62 17.03 15.16 13.75 14.15 15.08 16.60 18.29 19.33 19.57 19.94 20.50 21.17 22.15 25.19 27.03 21.44 15.85 17.43 20.59 20.04 22.30 26.02 19.37 11.59 8.81
