windninja/windninja_output/Output_2025-10-23_0800-0850_Google earth_Fire_150m_10min/merlingen_7.5mi_point_10-23-2025_0810_150m_ang.asc
ncols	158
nrows	163
xllcorner	391686.332397
yllcorner	5160024.123721
cellsize	150.000000
NODATA_value	-32768.000000
[rows 42 to 83 of 163, columns 0 to 93 of 158]
208 207 207 206 205 204 203 203 203 203 203 203 204 205 208 211 213 217 222 226 231 237 242 249 255 262 270 279 288 291 289 289 291 291 287 280 276 279 281 277 273 270 269 274 279 280 275 271 273 277 278 278 281 283 278 272 267 265 263 260 258 259 263 261 263 272 276 277 278 276 268 267 274 282 288 288 292 305 282 269 266 267 269 274 279 279 273 269 274 279 281 275 268 270
214 213 212 211 208 206 206 205 205 205 204 204 205 206 209 211 214 217 221 226 231 236 241 247 254 260 267 275 284 289 287 286 288 294 301 304 297 289 285 280 275 271 273 277 276 272 268 267 272 278 279 277 275 275 273 268 262 259 259 261 264 270 273 271 270 276 282 283 278 272 267 270 275 282 286 286 283 273 271 270 269 272 278 282 281 272 259 259 267 275 278 276 274 274
220 219 217 214 212 210 209 208 207 207 206 206 207 208 210 212 214 218 221 226 230 235 241 247 252 258 265 272 278 284 285 286 290 297 308 313 304 293 286 282 277 276 277 277 271 264 265 270 277 282 281 275 269 266 263 261 258 257 260 266 271 276 280 282 283 283 284 284 280 274 273 272 273 276 278 273 259 227 252 268 275 282 285 282 273 258 253 258 264 270 275 278 279 277
225 223 221 218 216 214 213 211 210 210 209 209 209 210 211 213 215 218 222 226 230 235 241 247 252 257 264 269 274 279 283 286 290 297 306 311 306 298 292 289 285 282 278 274 267 264 269 278 284 284 278 269 261 257 255 255 256 260 268 274 277 280 285 290 290 288 284 280 279 277 275 273 270 268 264 256 232 214 251 273 283 287 283 273 259 253 256 260 263 266 272 279 282 278
229 227 224 222 220 219 217 215 214 212 211 211 211 212 213 214 217 220 223 227 232 237 241 246 252 257 262 266 272 277 281 285 289 297 304 307 307 304 299 295 291 285 279 271 265 270 279 284 285 280 271 263 254 250 252 254 259 269 278 283 285 286 290 293 291 287 283 277 275 277 276 272 268 263 255 244 225 225 262 277 282 281 274 264 257 257 262 264 263 264 271 280 281 276
231 230 227 226 225 224 221 219 217 215 214 214 214 214 215 217 219 222 225 229 234 238 242 247 252 257 261 265 270 274 279 284 288 296 302 304 303 304 303 299 295 289 281 272 270 279 285 285 280 273 265 255 248 250 254 258 267 277 285 291 293 290 289 289 287 283 279 275 273 275 274 271 266 259 250 239 228 241 266 273 274 272 267 264 263 264 267 267 265 267 272 277 277 273
234 233 231 229 228 228 225 222 220 219 218 217 217 218 219 220 222 225 228 232 236 239 243 248 253 256 260 265 269 273 277 282 287 292 298 302 302 302 304 302 298 291 284 279 281 285 286 282 275 267 256 247 249 255 259 267 276 284 290 294 295 289 284 283 283 280 278 275 273 273 271 269 264 256 246 237 236 249 264 269 269 269 270 268 268 269 269 269 271 273 272 271 270 269
238 236 234 232 232 231 229 226 223 222 221 221 221 221 222 223 225 227 230 234 237 241 245 248 252 256 261 264 268 272 276 280 284 288 294 300 301 302 304 303 299 294 291 291 290 287 283 278 271 259 245 247 256 263 269 277 284 289 291 292 290 284 279 278 280 281 279 276 273 271 269 266 261 252 244 241 245 254 262 266 268 270 271 272 271 271 272 274 276 274 269 264 262 263
241 239 236 234 233 232 231 229 226 225 224 224 223 223 224 225 227 230 233 236 239 242 246 249 253 256 260 264 267 271 275 278 281 285 291 297 301 302 302 301 299 297 298 299 294 287 281 273 263 249 246 258 267 273 279 285 289 290 288 285 281 277 275 276 280 281 279 275 273 270 268 263 257 250 247 249 253 256 261 265 268 270 271 272 274 275 277 278 275 270 265 259 257 257
245 243 239 236 235 233 232 231 229 228 227 227 227 227 227 229 231 233 235 238 241 244 247 251 254 257 260 263 267 270 273 276 280 283 288 293 298 300 300 300 299 298 300 302 296 288 279 267 254 252 263 274 278 282 286 289 289 285 279 276 274 273 275 277 280 281 278 275 271 269 266 261 256 253 254 257 258 259 262 265 266 266 268 272 275 278 278 276 271 267 262 256 253 252
249 246 241 239 239 236 234 234 232 230 229 229 230 230 231 233 234 236 238 241 243 246 249 252 255 258 260 264 267 270 273 276 279 282 286 289 294 297 300 301 300 298 300 303 298 288 279 266 260 270 282 284 283 286 289 289 286 279 272 269 270 273 276 278 280 280 278 273 269 267 265 261 258 257 259 261 262 264 266 266 263 262 266 271 276 278 277 274 270 265 259 255 251 252
249 247 243 241 241 239 236 236 236 234 233 233 234 234 235 236 237 238 241 243 246 248 251 254 256 259 261 264 267 269 272 275 278 281 284 287 290 294 298 301 301 298 299 303 300 290 283 280 282 285 288 286 285 286 287 286 282 275 268 267 271 276 278 278 280 281 278 272 268 267 266 263 259 258 260 262 263 266 270 269 265 263 266 268 272 276 278 275 270 263 259 257 255 256
248 247 245 244 242 240 238 238 238 238 238 238 237 237 238 239 240 242 243 246 248 250 253 255 257 259 262 265 267 270 272 275 277 280 282 285 288 291 295 300 301 299 297 300 300 294 291 296 296 292 288 286 286 285 284 282 280 273 269 271 274 278 279 279 280 281 280 274 269 268 266 260 256 259 262 263 264 267 272 273 271 270 268 267 267 270 275 275 269 263 261 262 264 266
249 248 248 248 248 246 243 242 241 241 241 241 242 242 242 243 243 244 246 248 250 252 255 257 259 261 263 265 267 269 272 274 277 279 281 283 286 288 292 296 298 297 295 296 300 302 302 305 302 297 292 288 287 286 282 280 277 273 273 276 280 282 280 278 279 281 280 276 272 267 259 252 257 263 265 265 266 271 274 276 278 275 271 268 265 265 265 266 266 264 265 268 274 280
252 251 249 249 250 251 250 247 244 244 243 243 245 246 246 246 247 248 250 251 252 254 256 258 260 262 264 266 268 270 272 274 276 278 280 282 284 287 289 292 294 295 295 296 300 305 309 309 306 302 298 290 287 286 281 278 275 275 279 283 285 284 280 276 275 277 277 275 270 260 250 255 264 267 268 268 270 275 277 278 279 276 272 269 266 263 258 256 258 262 269 278 290 297
253 253 251 249 248 249 251 250 248 247 245 243 245 249 250 250 250 251 252 253 255 256 258 260 261 263 265 267 268 270 272 274 276 278 280 281 283 285 287 289 291 293 295 297 300 304 308 310 309 308 303 291 287 286 281 277 279 282 285 288 287 284 278 273 270 271 273 270 262 254 257 266 269 269 271 273 276 278 279 278 276 274 271 268 265 261 257 254 255 264 277 293 305 305
255 255 253 251 250 249 249 250 252 252 248 244 245 248 252 254 255 254 255 256 257 258 260 261 263 264 266 267 269 271 272 274 276 277 279 281 282 284 286 288 290 292 294 296 298 300 304 307 310 312 310 296 290 287 282 279 283 287 289 289 287 282 277 271 267 266 269 266 256 259 268 271 271 273 275 278 280 280 279 276 272 269 267 264 262 259 258 259 266 279 292 299 305 303
256 255 254 253 252 251 251 252 254 256 253 249 247 248 251 255 258 258 258 259 259 260 262 263 264 265 267 268 270 271 273 274 276 277 279 280 282 283 285 287 288 290 292 294 296 298 301 304 310 316 318 305 294 288 282 279 284 289 289 288 286 282 276 270 265 264 266 261 257 267 272 273 274 277 279 280 282 281 276 271 267 265 263 260 258 258 261 269 283 294 297 296 297 294
257 257 256 255 254 254 254 254 256 257 257 255 252 250 250 253 258 261 262 262 261 262 264 265 265 266 268 269 271 272 273 275 276 277 279 280 281 283 284 286 287 289 291 292 294 296 298 302 308 315 320 311 297 288 283 281 286 289 289 287 285 281 276 270 265 263 263 256 262 271 274 277 279 281 282 283 281 277 271 266 264 263 261 258 257 260 268 281 293 297 296 292 289 282
258 258 257 257 256 256 256 257 258 258 259 258 258 255 251 251 255 260 264 265 265 265 265 265 266 267 269 270 272 273 274 275 276 277 279 280 281 282 284 285 286 288 289 291 293 295 297 300 304 311 317 313 300 291 285 283 286 288 288 286 284 281 277 272 267 264 259 253 269 276 278 281 283 284 284 284 279 272 267 265 263 261 259 258 260 266 279 291 296 296 295 289 280 264
260 260 259 258 258 257 257 258 259 259 260 262 263 261 257 254 254 257 262 266 268 268 267 267 267 269 270 271 273 274 275 276 277 278 279 280 281 282 283 285 286 287 289 290 292 294 296 298 301 305 312 313 304 295 289 287 287 287 286 285 284 282 280 275 270 265 256 259 276 281 282 283 284 286 285 282 275 270 267 264 262 260 258 261 267 276 288 296 296 293 290 280 263 250
262 262 261 261 261 260 260 260 260 260 261 263 265 265 263 259 256 256 259 263 267 269 269 269 269 270 271 273 274 274 275 276 277 278 279 280 281 282 283 284 285 286 288 289 291 292 294 296 298 302 308 311 305 300 298 293 288 286 287 287 288 286 281 274 268 263 259 273 282 284 285 285 285 287 286 281 275 272 269 264 261 259 260 267 277 286 294 297 295 288 276 264 252 241
263 263 264 263 264 264 263 262 261 261 262 265 268 268 267 265 261 258 258 260 264 268 270 271 271 271 272 273 274 275 276 277 278 279 279 280 281 282 283 284 285 286 287 289 290 291 293 294 296 299 303 307 305 302 304 299 289 286 288 290 291 286 273 266 267 269 276 286 288 287 287 286 286 287 287 283 279 276 270 264 261 262 268 276 285 292 294 294 289 277 262 253 241 232
263 263 263 264 264 265 264 264 264 264 264 266 269 270 269 270 268 263 260 259 262 265 268 272 274 273 273 274 275 276 277 278 278 279 280 280 281 282 283 284 285 286 287 288 289 290 291 293 295 297 299 303 303 302 304 305 294 288 288 289 288 278 268 270 276 282 290 293 292 290 289 287 286 286 287 287 284 278 271 263 263 270 279 286 291 292 291 287 278 262 251 240 230 225
260 260 261 263 264 265 265 263 263 265 267 268 269 271 272 271 271 269 265 262 262 263 265 270 273 275 275 275 275 276 278 278 279 280 280 281 282 282 283 284 285 285 286 287 288 289 290 292 293 295 296 298 300 300 302 305 299 290 285 283 282 282 282 282 283 286 291 293 293 292 291 288 286 286 289 290 286 280 272 268 274 284 292 297 293 288 284 277 262 249 238 227 222 218
258 258 258 259 263 267 267 263 262 265 268 269 268 270 274 273 272 272 272 269 265 263 263 267 270 273 275 275 276 277 278 279 280 280 281 281 282 283 283 284 285 285 286 287 288 289 290 291 292 293 294 295 296 298 299 301 298 292 284 280 284 295 294 289 286 286 287 290 292 292 292 289 286 287 289 289 288 284 279 283 288 293 296 295 289 281 273 260 249 239 227 219 215 213
263 261 259 258 260 264 265 261 261 265 269 270 269 270 271 273 273 274 275 273 269 267 266 266 267 268 270 274 277 279 280 280 281 281 282 282 283 283 283 284 285 285 286 287 287 288 289 290 291 292 292 293 294 295 296 296 295 293 288 284 289 298 297 293 289 287 286 288 291 292 292 289 286 287 289 290 290 290 290 291 292 292 287 283 281 274 262 248 240 228 219 212 211 214
271 272 269 265 263 262 260 258 261 265 268 268 268 268 269 270 272 274 275 275 273 273 271 269 266 262 264 270 276 279 281 282 282 282 282 283 283 284 284 284 285 285 286 286 287 287 288 289 290 290 291 292 292 293 293 293 293 292 291 289 291 296 297 295 291 289 288 290 292 292 290 288 287 289 292 291 292 295 297 294 290 286 276 273 279 273 257 243 232 220 212 208 211 217
273 276 278 276 273 267 263 266 269 268 267 266 265 265 265 267 269 270 272 275 275 275 274 273 269 262 263 268 273 278 281 283 284 284 284 283 284 284 284 285 285 285 286 286 287 287 288 288 289 289 290 291 291 292 292 292 292 291 291 290 292 294 294 292 291 291 291 291 291 290 290 289 288 291 292 290 292 297 300 294 285 277 272 276 278 271 252 236 223 213 208 209 215 220
271 274 278 279 277 273 272 277 278 273 268 267 267 266 265 266 267 268 269 272 274 275 275 275 274 271 267 268 271 274 278 281 284 285 285 285 285 285 285 285 285 285 286 286 286 287 287 288 288 289 289 290 290 290 291 291 291 291 290 291 292 292 292 292 292 293 292 291 290 292 294 291 288 290 291 289 291 295 297 289 280 274 277 282 276 263 241 226 215 210 210 214 220 226
271 273 277 278 277 276 277 281 281 275 269 270 271 271 270 270 270 270 270 270 271 274 276 276 278 280 275 269 268 271 275 278 281 285 287 286 286 286 285 285 285 286 286 286 286 287 287 287 288 288 289 289 289 290 290 290 290 290 290 290 291 291 291 292 293 293 293 292 292 295 297 293 287 285 287 288 288 291 293 285 280 281 285 284 273 249 227 218 214 214 216 222 229 235
272 274 277 278 278 278 279 280 280 276 272 273 274 274 274 274 275 275 274 273 273 274 275 277 280 282 279 273 269 270 272 274 277 282 286 287 287 286 286 286 286 286 286 286 286 286 287 287 287 288 288 288 289 289 289 289 290 290 290 290 290 291 291 291 291 292 292 293 294 296 297 293 287 286 289 290 290 290 291 288 286 290 290 282 264 236 218 214 218 221 223 232 240 257
273 275 278 280 279 279 280 280 279 278 277 276 276 276 277 277 278 278 278 278 277 276 276 276 279 283 281 277 272 270 271 273 276 279 284 287 287 287 287 287 287 286 286 286 286 286 287 287 287 287 288 288 288 289 289 289 289 289 290 290 290 290 290 291 291 291 292 293 294 295 295 295 294 296 298 298 297 295 295 295 295 294 287 273 247 223 213 216 224 226 235 243 261 291
273 274 277 281 281 281 281 281 280 280 280 279 278 278 279 280 280 279 279 280 280 278 277 277 279 282 282 279 276 273 272 274 275 277 280 283 286 287 288 288 287 287 286 286 286 286 286 287 287 287 288 288 288 288 289 289 289 289 289 290 290 290 290 290 291 291 292 293 293 293 294 296 298 302 305 303 302 302 303 302 298 291 279 258 229 212 213 221 227 235 249 264 288 293
271 272 275 280 282 283 284 284 283 282 282 282 282 281 282 282 282 281 281 280 280 280 280 279 280 281 281 282 280 276 273 273 273 273 275 280 284 286 288 288 288 287 286 286 286 286 286 286 287 287 287 288 288 288 289 289 289 289 289 289 290 290 290 290 290 291 292 292 292 293 294 296 298 302 306 306 306 309 310 303 294 283 265 239 216 213 221 226 233 248 268 295 300 292
271 271 271 275 281 285 286 286 286 286 286 286 285 284 284 284 284 283 283 282 282 281 282 281 280 279 281 283 283 280 274 271 272 273 275 280 284 285 287 289 289 288 287 286 286 286 286 286 287 287 287 288 288 288 289 289 289 289 289 289 289 290 290 290 290 291 291 292 292 293 294 296 298 300 304 306 309 314 311 298 287 272 249 229 221 229 238 242 253 276 298 307 302 292
273 269 262 268 280 287 288 289 291 293 292 290 287 286 285 286 286 285 285 284 283 283 283 283 281 279 280 283 285 284 278 274 274 275 276 279 282 284 285 288 290 288 287 286 286 286 286 286 286 287 287 288 288 289 289 289 289 289 289 289 289 290 290 290 290 291 291 292 292 293 294 296 297 299 302 305 310 316 311 296 280 259 236 232 235 244 252 267 288 297 301 302 298 290
270 263 253 260 274 288 295 296 297 300 299 294 290 288 287 287 287 287 286 285 284 284 284 284 284 282 281 282 284 286 284 280 277 276 277 278 280 281 282 286 289 288 286 285 285 284 285 285 286 287 288 288 289 289 289 289 289 289 289 289 289 290 290 290 290 290 291 291 292 293 294 295 296 298 300 303 309 315 312 297 279 255 243 246 248 252 269 290 296 297 295 293 291 287
266 261 259 264 275 291 306 307 305 306 304 297 292 290 288 288 287 287 287 286 285 284 284 285 288 287 283 282 283 286 288 285 282 279 277 278 279 279 280 282 286 287 285 284 283 283 283 283 285 287 288 289 290 290 290 290 289 289 289 289 289 289 290 290 290 290 291 291 292 293 293 295 296 297 299 302 307 313 312 301 287 271 267 261 257 267 288 297 297 294 290 288 285 284
264 265 268 276 287 296 310 316 312 310 307 300 293 289 288 288 287 286 287 287 286 285 285 287 290 289 285 284 283 286 289 289 287 283 279 276 277 279 279 279 282 284 283 281 281 281 281 280 281 285 289 291 292 291 290 290 290 289 289 289 290 290 290 290 290 290 291 291 292 292 293 294 296 297 299 301 305 310 312 310 309 298 285 273 271 288 298 298 295 291 288 285 282 280
277 276 282 291 295 296 300 308 310 308 305 298 292 289 287 287 286 285 286 287 287 286 286 288 290 290 287 286 286 286 288 288 287 284 280 276 275 278 279 279 280 281 282 282 282 283 284 284 284 287 291 293 294 293 292 291 290 290 290 290 290 290 290 290 290 290 291 291 291 292 293 294 295 296 298 300 303 308 313 317 323 317 296 289 298 301 298 297 294 291 287 284 280 278
283 290 296 296 293 287 287 292 294 294 294 292 289 286 284 284 284 284 285 287 288 288 287 289 293 293 290 289 288 286 286 286 285 283 280 278 276 277 279 279 280 282 284 286 287 288 290 292 292 292 294 295 296 295 293 291 290 290 290 290 290 290 290 290 290 290 291 291 291 292 293 294 295 296 298 300 303 307 312 319 331 335 318 309 306 301 297 294 292 290 286 282 279 277
