windninja/windninja_output/Output_2025-10-23_0800-0850_Google earth_Fire_150m_10min/merlingen_7.5mi_point_10-23-2025_0820_150m_vel.asc
ncols	158
nrows	163
xllcorner	391686.332397
yllcorner	5160024.123721
cellsize	150.000000
NODATA_value	-32768.000000
[rows 38 to 75 of 163, columns 0 to 83 of 158]
2.89 2.90 2.89 2.82 2.75 2.72 2.70 2.65 2.62 2.62 2.61 2.59 2.56 2.52 2.50 2.48 2.47 2.46 2.45 2.43 2.42 2.42 2.41 2.41 2.40 2.41 2.46 2.61 2.91 3.08 2.95 2.73 2.56 2.39 2.24 1.99 1.70 1.55 1.57 1.67 1.76 1.89 2.01 2.13 2.23 2.28 2.35 2.41 2.36 2.40 2.57 2.64 2.58 2.50 2.58 2.70 2.69 2.68 2.75 2.83 2.77 2.53 2.27 2.06 2.01 2.26 2.90 3.06 2.27 1.61 1.76 2.37 2.72 2.40 1.77 1.70 1.99 1.98 1.88 1.89 1.76 1.62 1.55 1.73
2.85 2.83 2.78 2.73 2.69 2.64 2.60 2.59 2.59 2.58 2.55 2.51 2.49 2.48 2.46 2.44 2.42 2.40 2.39 2.39 2.39 2.39 2.39 2.38 2.38 2.40 2.46 2.59 2.68 2.56 2.38 2.34 2.31 2.19 1.97 1.71 1.73 1.89 1.98 1.98 2.00 2.08 2.28 2.50 2.59 2.62 2.61 2.57 2.60 2.72 2.85 2.94 3.02 3.17 3.35 3.39 3.37 3.36 3.34 3.28 3.06 2.66 2.27 2.06 2.05 2.30 2.95 2.84 1.98 1.87 2.52 2.88 2.57 1.88 1.59 2.06 2.38 2.15 2.04 2.08 1.86 1.60 1.56 1.90
2.84 2.82 2.73 2.67 2.63 2.61 2.59 2.57 2.54 2.50 2.46 2.44 2.44 2.44 2.44 2.42 2.40 2.38 2.37 2.36 2.36 2.36 2.36 2.35 2.36 2.36 2.37 2.37 2.28 2.18 2.17 2.16 2.05 1.87 1.62 1.52 1.69 1.99 2.22 2.36 2.43 2.53 2.72 2.77 2.74 2.81 2.87 2.88 2.89 2.90 3.00 3.24 3.54 3.75 3.73 3.61 3.51 3.36 3.17 2.92 2.48 2.06 1.89 1.98 2.12 2.41 2.90 2.70 2.25 2.62 2.87 2.43 1.83 1.52 1.78 2.55 2.62 2.27 2.14 2.02 1.76 1.66 1.80 2.14
2.85 2.83 2.73 2.65 2.58 2.54 2.54 2.54 2.49 2.43 2.41 2.41 2.41 2.40 2.39 2.38 2.37 2.36 2.35 2.34 2.33 2.33 2.31 2.31 2.30 2.29 2.27 2.23 2.17 2.17 2.19 2.08 1.90 1.70 1.57 1.66 1.79 1.93 2.26 2.73 3.08 3.31 3.28 3.09 3.12 3.36 3.43 3.35 3.24 3.21 3.38 3.61 3.63 3.41 3.12 2.90 2.68 2.43 2.24 1.95 1.62 1.51 1.78 2.17 2.34 2.59 2.91 2.93 2.99 3.05 2.50 1.94 1.84 1.86 2.31 2.89 2.57 2.14 1.91 1.68 1.58 1.74 2.06 2.40
2.83 2.80 2.71 2.61 2.54 2.50 2.47 2.46 2.44 2.41 2.39 2.37 2.36 2.35 2.34 2.33 2.33 2.32 2.31 2.30 2.28 2.27 2.26 2.26 2.24 2.23 2.21 2.20 2.22 2.26 2.20 2.04 1.87 1.74 1.75 1.92 2.17 2.52 2.88 3.15 3.31 3.28 3.17 3.35 3.61 3.58 3.25 2.90 2.80 2.93 3.26 3.33 3.00 2.65 2.43 2.20 1.89 1.63 1.47 1.37 1.34 1.56 2.06 2.41 2.62 2.99 3.36 3.64 3.58 2.99 2.29 2.22 2.42 2.45 2.89 3.04 2.34 1.90 1.68 1.59 1.70 1.85 2.15 2.73
2.79 2.75 2.66 2.57 2.53 2.51 2.46 2.40 2.37 2.36 2.35 2.33 2.32 2.30 2.28 2.27 2.26 2.25 2.25 2.25 2.23 2.22 2.22 2.23 2.21 2.21 2.21 2.22 2.23 2.18 2.06 1.95 1.88 1.89 1.98 2.16 2.51 2.93 3.09 3.02 2.81 2.65 2.85 3.23 3.17 2.67 2.31 2.19 2.34 2.69 3.09 3.03 2.58 2.27 2.08 1.82 1.51 1.29 1.22 1.32 1.53 1.88 2.26 2.52 2.99 3.64 4.08 4.17 3.74 3.16 2.92 3.06 3.09 3.10 3.30 2.94 2.16 1.76 1.60 1.62 1.80 2.05 2.59 3.37
2.75 2.69 2.59 2.54 2.51 2.46 2.40 2.35 2.33 2.31 2.29 2.28 2.27 2.25 2.23 2.22 2.22 2.22 2.23 2.23 2.23 2.22 2.21 2.20 2.19 2.20 2.22 2.23 2.18 2.09 2.02 1.98 1.98 2.02 2.09 2.27 2.53 2.61 2.48 2.37 2.30 2.47 2.83 2.87 2.38 1.93 1.85 2.10 2.62 3.15 3.30 2.91 2.37 2.04 1.77 1.51 1.29 1.19 1.31 1.63 1.97 2.27 2.50 2.83 3.58 4.15 4.20 3.95 3.45 3.20 3.30 3.36 3.30 3.28 3.07 2.42 1.87 1.64 1.52 1.59 1.92 2.49 3.22 3.45
2.72 2.67 2.60 2.55 2.47 2.39 2.35 2.33 2.31 2.28 2.26 2.24 2.22 2.22 2.22 2.21 2.22 2.23 2.23 2.22 2.21 2.21 2.19 2.17 2.18 2.20 2.21 2.16 2.11 2.08 2.07 2.07 2.07 2.08 2.13 2.24 2.28 2.20 2.11 2.12 2.29 2.58 2.71 2.40 1.94 1.83 2.05 2.57 3.19 3.36 2.94 2.32 1.85 1.51 1.32 1.23 1.16 1.28 1.68 2.14 2.47 2.76 3.12 3.68 4.27 4.31 3.89 3.34 2.72 2.52 2.67 2.74 2.71 2.61 2.23 1.77 1.51 1.48 1.55 1.91 2.51 3.02 3.16 2.60
2.71 2.68 2.62 2.54 2.42 2.34 2.30 2.28 2.26 2.26 2.25 2.23 2.21 2.21 2.20 2.20 2.20 2.20 2.19 2.18 2.17 2.17 2.16 2.17 2.18 2.17 2.14 2.10 2.08 2.07 2.07 2.08 2.09 2.11 2.17 2.19 2.14 2.11 2.12 2.20 2.35 2.48 2.42 2.06 1.73 1.90 2.46 3.11 3.29 2.83 2.20 1.74 1.33 1.08 1.05 1.12 1.27 1.67 2.26 2.76 3.06 3.42 3.95 4.32 4.36 4.00 3.39 2.74 2.21 2.10 2.19 2.19 2.12 1.92 1.63 1.40 1.33 1.43 1.74 2.27 2.66 2.70 2.33 1.76
2.71 2.67 2.59 2.48 2.36 2.25 2.21 2.21 2.22 2.22 2.22 2.22 2.21 2.19 2.18 2.18 2.17 2.16 2.15 2.15 2.13 2.12 2.12 2.13 2.13 2.11 2.09 2.09 2.08 2.08 2.08 2.07 2.07 2.08 2.08 2.07 2.09 2.11 2.14 2.22 2.30 2.35 2.22 1.90 1.85 2.25 2.86 3.13 2.76 2.15 1.72 1.31 1.05 1.09 1.21 1.37 1.76 2.29 2.94 3.38 3.55 3.85 4.11 4.02 3.75 3.37 2.75 2.29 2.02 2.01 2.04 1.92 1.78 1.56 1.29 1.14 1.17 1.35 1.69 2.04 2.17 2.01 1.79 1.60
2.68 2.64 2.55 2.42 2.31 2.23 2.18 2.17 2.18 2.18 2.18 2.17 2.17 2.16 2.14 2.13 2.13 2.12 2.12 2.11 2.10 2.10 2.11 2.11 2.10 2.09 2.09 2.09 2.09 2.09 2.09 2.09 2.07 2.06 2.03 2.03 2.06 2.11 2.15 2.19 2.21 2.18 2.00 1.87 2.14 2.68 3.02 2.81 2.26 1.76 1.32 0.98 0.97 1.17 1.37 1.73 2.33 3.07 3.72 3.81 3.68 3.72 3.64 3.40 3.20 2.87 2.40 2.08 1.92 1.86 1.81 1.70 1.56 1.31 1.06 0.95 1.05 1.28 1.55 1.79 1.89 1.86 1.84 1.78
2.63 2.59 2.50 2.37 2.27 2.24 2.20 2.16 2.16 2.17 2.16 2.15 2.13 2.13 2.13 2.12 2.11 2.11 2.10 2.09 2.09 2.10 2.12 2.11 2.11 2.11 2.10 2.10 2.10 2.10 2.10 2.10 2.09 2.08 2.08 2.09 2.14 2.20 2.22 2.18 2.10 1.99 1.92 2.00 2.32 2.74 2.76 2.30 1.82 1.36 1.04 1.03 1.27 1.54 1.84 2.32 3.09 3.87 4.04 3.61 3.30 3.20 3.11 3.10 3.01 2.67 2.27 1.97 1.81 1.73 1.66 1.57 1.39 1.12 0.94 0.98 1.20 1.43 1.63 1.83 1.97 2.04 2.01 1.93
2.59 2.54 2.46 2.40 2.38 2.37 2.33 2.25 2.18 2.17 2.17 2.16 2.15 2.15 2.15 2.14 2.13 2.12 2.11 2.10 2.11 2.12 2.12 2.12 2.13 2.13 2.11 2.10 2.11 2.11 2.10 2.10 2.09 2.09 2.10 2.15 2.22 2.25 2.19 2.11 2.04 2.05 2.11 2.18 2.39 2.60 2.34 1.79 1.28 0.87 0.80 1.15 1.68 2.07 2.47 3.11 3.89 4.09 3.55 2.89 2.58 2.50 2.71 3.10 3.01 2.53 2.12 1.83 1.66 1.57 1.50 1.38 1.17 0.99 0.99 1.17 1.37 1.52 1.67 1.88 2.06 2.11 2.06 1.99
2.53 2.47 2.40 2.43 2.52 2.56 2.51 2.39 2.27 2.22 2.20 2.18 2.17 2.15 2.14 2.13 2.13 2.12 2.11 2.12 2.13 2.14 2.13 2.12 2.12 2.11 2.10 2.11 2.11 2.11 2.10 2.10 2.10 2.11 2.13 2.16 2.17 2.14 2.09 2.05 2.06 2.16 2.23 2.26 2.39 2.39 1.98 1.37 0.93 0.80 1.04 1.64 2.07 2.35 2.85 3.68 4.04 3.53 2.72 2.22 2.00 2.05 2.73 3.32 2.97 2.35 2.00 1.74 1.57 1.48 1.38 1.24 1.08 1.04 1.15 1.30 1.39 1.48 1.68 1.93 2.04 2.00 1.98 1.98
2.47 2.40 2.35 2.39 2.46 2.49 2.47 2.44 2.40 2.34 2.25 2.20 2.17 2.14 2.12 2.12 2.13 2.12 2.12 2.13 2.12 2.11 2.10 2.11 2.11 2.09 2.09 2.10 2.11 2.11 2.11 2.11 2.12 2.13 2.14 2.15 2.13 2.11 2.10 2.07 2.10 2.23 2.31 2.31 2.30 2.15 1.67 1.20 1.20 1.54 2.04 2.39 2.53 2.72 3.29 3.87 3.57 2.72 2.08 1.78 1.77 2.10 3.05 3.50 2.87 2.26 1.94 1.66 1.50 1.43 1.35 1.25 1.18 1.19 1.27 1.34 1.37 1.46 1.70 1.91 1.88 1.86 1.95 2.00
2.53 2.46 2.45 2.52 2.55 2.51 2.48 2.46 2.40 2.29 2.21 2.17 2.15 2.14 2.15 2.14 2.13 2.12 2.12 2.11 2.10 2.09 2.10 2.11 2.10 2.09 2.10 2.10 2.11 2.11 2.12 2.12 2.13 2.14 2.14 2.14 2.14 2.14 2.13 2.12 2.18 2.34 2.39 2.31 2.16 1.92 1.58 1.46 1.81 2.27 2.49 2.53 2.65 2.98 3.52 3.67 2.95 2.14 1.71 1.64 1.84 2.38 3.35 3.56 2.82 2.25 1.90 1.60 1.50 1.49 1.45 1.37 1.28 1.25 1.32 1.37 1.37 1.45 1.71 1.82 1.77 1.89 2.07 2.06
2.63 2.62 2.62 2.63 2.64 2.60 2.55 2.47 2.34 2.21 2.15 2.13 2.13 2.15 2.17 2.16 2.15 2.14 2.13 2.12 2.11 2.11 2.12 2.11 2.11 2.11 2.11 2.11 2.12 2.12 2.13 2.13 2.14 2.14 2.14 2.15 2.15 2.15 2.15 2.16 2.25 2.36 2.31 2.11 1.91 1.79 1.71 1.84 2.23 2.41 2.30 2.34 2.58 2.93 3.44 3.34 2.46 1.81 1.66 1.83 2.16 2.78 3.61 3.60 2.84 2.29 1.94 1.71 1.68 1.68 1.56 1.34 1.18 1.24 1.37 1.41 1.38 1.53 1.82 1.88 1.89 2.11 2.24 2.16
2.59 2.62 2.59 2.44 2.30 2.25 2.24 2.25 2.27 2.24 2.17 2.12 2.12 2.14 2.14 2.13 2.13 2.13 2.14 2.14 2.14 2.13 2.12 2.12 2.12 2.12 2.12 2.12 2.13 2.13 2.14 2.14 2.15 2.15 2.15 2.16 2.16 2.16 2.17 2.18 2.22 2.21 2.08 1.90 1.83 1.85 1.92 2.14 2.36 2.28 2.14 2.41 2.66 2.91 3.39 3.03 2.06 1.69 1.81 2.15 2.65 3.30 3.77 3.54 2.79 2.19 1.87 1.71 1.72 1.62 1.31 1.05 1.14 1.37 1.48 1.46 1.49 1.76 2.03 2.07 2.16 2.31 2.30 2.17
2.51 2.52 2.49 2.34 2.13 2.00 1.99 2.04 2.12 2.21 2.23 2.18 2.14 2.14 2.12 2.12 2.13 2.14 2.14 2.13 2.13 2.14 2.14 2.14 2.13 2.13 2.13 2.14 2.14 2.14 2.15 2.15 2.16 2.16 2.16 2.17 2.17 2.17 2.17 2.18 2.17 2.12 2.04 1.98 1.99 2.07 2.19 2.30 2.31 2.15 2.10 2.42 2.59 2.88 3.31 2.66 1.81 1.75 2.06 2.58 3.18 3.60 3.67 3.28 2.53 1.91 1.61 1.49 1.41 1.16 0.90 1.07 1.43 1.58 1.61 1.60 1.72 2.06 2.25 2.26 2.28 2.29 2.21 2.11
2.45 2.44 2.45 2.46 2.40 2.27 2.14 2.09 2.14 2.30 2.41 2.37 2.27 2.17 2.12 2.13 2.16 2.16 2.14 2.13 2.15 2.16 2.16 2.16 2.16 2.15 2.15 2.15 2.15 2.16 2.16 2.17 2.17 2.17 2.18 2.18 2.18 2.18 2.18 2.18 2.17 2.15 2.12 2.11 2.12 2.19 2.23 2.21 2.16 2.02 2.00 2.29 2.49 2.88 3.16 2.39 1.83 2.03 2.55 3.11 3.45 3.50 3.35 2.98 2.31 1.72 1.44 1.28 1.08 0.91 1.05 1.46 1.68 1.71 1.77 1.84 2.05 2.36 2.43 2.36 2.26 2.17 2.09 1.98
2.45 2.44 2.42 2.42 2.44 2.42 2.36 2.29 2.33 2.44 2.44 2.39 2.31 2.19 2.13 2.15 2.16 2.16 2.16 2.17 2.17 2.15 2.16 2.18 2.17 2.16 2.17 2.17 2.17 2.17 2.18 2.18 2.18 2.19 2.19 2.19 2.19 2.19 2.19 2.19 2.19 2.18 2.17 2.16 2.16 2.17 2.13 2.08 2.03 1.92 1.93 2.20 2.58 2.98 3.02 2.28 1.91 2.29 2.93 3.32 3.34 3.22 3.07 2.77 2.19 1.63 1.37 1.21 1.06 1.16 1.48 1.71 1.77 1.85 1.97 2.07 2.33 2.56 2.49 2.31 2.12 2.01 1.93 1.77
2.45 2.43 2.37 2.31 2.28 2.30 2.34 2.38 2.41 2.35 2.21 2.16 2.20 2.24 2.25 2.21 2.18 2.17 2.19 2.20 2.19 2.18 2.20 2.20 2.18 2.17 2.18 2.18 2.18 2.19 2.19 2.20 2.20 2.20 2.21 2.21 2.21 2.21 2.21 2.21 2.21 2.20 2.20 2.19 2.18 2.16 2.13 2.10 2.06 2.01 2.03 2.29 2.74 2.99 2.83 2.19 1.98 2.54 3.11 3.22 3.09 2.99 2.84 2.55 2.06 1.60 1.38 1.20 1.15 1.40 1.66 1.77 1.90 2.07 2.15 2.24 2.48 2.53 2.27 2.01 1.83 1.77 1.74 1.61
2.40 2.37 2.32 2.28 2.24 2.23 2.25 2.29 2.32 2.29 2.21 2.20 2.30 2.44 2.44 2.33 2.25 2.22 2.22 2.23 2.23 2.25 2.27 2.23 2.19 2.19 2.19 2.20 2.20 2.21 2.21 2.22 2.22 2.22 2.22 2.23 2.23 2.23 2.23 2.23 2.23 2.22 2.22 2.21 2.20 2.20 2.19 2.19 2.18 2.16 2.15 2.33 2.71 2.88 2.63 2.15 2.20 2.80 3.12 3.03 2.87 2.70 2.54 2.33 2.00 1.64 1.32 1.07 1.14 1.51 1.73 1.87 2.10 2.25 2.26 2.37 2.50 2.28 1.91 1.70 1.59 1.59 1.58 1.47
2.37 2.33 2.27 2.25 2.25 2.25 2.25 2.31 2.38 2.40 2.39 2.40 2.48 2.52 2.47 2.41 2.37 2.32 2.29 2.25 2.25 2.27 2.25 2.21 2.19 2.19 2.20 2.21 2.22 2.23 2.23 2.24 2.24 2.24 2.24 2.24 2.25 2.25 2.25 2.25 2.25 2.24 2.24 2.24 2.24 2.24 2.25 2.26 2.25 2.23 2.19 2.27 2.60 2.76 2.41 2.07 2.41 2.90 2.97 2.80 2.60 2.42 2.34 2.25 1.99 1.64 1.19 0.98 1.25 1.71 1.90 2.07 2.28 2.35 2.32 2.37 2.28 1.93 1.68 1.58 1.50 1.48 1.43 1.35
2.28 2.23 2.18 2.20 2.24 2.31 2.39 2.48 2.49 2.46 2.44 2.45 2.47 2.43 2.38 2.42 2.44 2.42 2.35 2.28 2.27 2.27 2.23 2.20 2.19 2.20 2.22 2.25 2.26 2.26 2.25 2.26 2.26 2.26 2.27 2.27 2.27 2.27 2.27 2.27 2.27 2.27 2.26 2.27 2.28 2.28 2.29 2.29 2.28 2.27 2.23 2.30 2.61 2.67 2.25 2.14 2.63 2.91 2.81 2.64 2.45 2.36 2.36 2.23 1.94 1.56 1.08 1.09 1.58 1.95 2.06 2.21 2.40 2.41 2.32 2.22 1.98 1.74 1.62 1.52 1.44 1.38 1.33 1.39
2.18 2.11 2.07 2.12 2.22 2.36 2.48 2.53 2.51 2.48 2.45 2.45 2.44 2.41 2.40 2.42 2.46 2.47 2.42 2.37 2.35 2.31 2.26 2.24 2.23 2.25 2.29 2.31 2.29 2.28 2.28 2.29 2.29 2.29 2.29 2.29 2.29 2.29 2.29 2.29 2.29 2.29 2.30 2.30 2.31 2.31 2.31 2.31 2.31 2.31 2.32 2.42 2.65 2.64 2.32 2.35 2.77 2.92 2.79 2.69 2.57 2.46 2.27 1.94 1.67 1.35 1.02 1.38 1.91 2.10 2.15 2.32 2.51 2.44 2.26 2.06 1.86 1.77 1.65 1.49 1.41 1.34 1.38 1.72
2.13 2.05 2.03 2.11 2.22 2.32 2.36 2.40 2.43 2.43 2.45 2.51 2.54 2.50 2.44 2.46 2.52 2.53 2.49 2.46 2.41 2.33 2.28 2.27 2.26 2.28 2.34 2.32 2.28 2.30 2.31 2.31 2.31 2.31 2.32 2.32 2.32 2.32 2.32 2.32 2.32 2.32 2.32 2.33 2.33 2.33 2.33 2.34 2.35 2.36 2.40 2.47 2.60 2.64 2.40 2.41 2.83 2.98 2.90 2.85 2.60 2.14 1.68 1.50 1.53 1.38 1.44 1.88 2.14 2.19 2.26 2.44 2.58 2.41 2.15 1.98 1.94 1.90 1.69 1.51 1.42 1.43 1.70 2.22
2.21 2.16 2.19 2.28 2.34 2.35 2.34 2.32 2.31 2.33 2.44 2.57 2.56 2.48 2.47 2.51 2.53 2.49 2.47 2.47 2.43 2.36 2.32 2.31 2.29 2.33 2.38 2.34 2.33 2.36 2.35 2.34 2.34 2.34 2.34 2.34 2.34 2.34 2.34 2.34 2.35 2.35 2.35 2.35 2.35 2.36 2.36 2.37 2.38 2.40 2.44 2.47 2.55 2.59 2.42 2.48 2.89 3.07 3.00 2.81 2.18 1.38 1.22 1.62 1.92 1.99 2.15 2.26 2.25 2.24 2.31 2.48 2.55 2.28 2.05 2.03 2.05 1.89 1.59 1.41 1.43 1.67 2.20 2.87
2.36 2.37 2.41 2.38 2.39 2.50 2.55 2.53 2.51 2.54 2.67 2.72 2.58 2.50 2.55 2.55 2.50 2.43 2.43 2.51 2.54 2.46 2.41 2.40 2.38 2.41 2.41 2.38 2.38 2.39 2.37 2.36 2.37 2.37 2.37 2.37 2.37 2.37 2.37 2.37 2.37 2.37 2.37 2.37 2.38 2.38 2.39 2.40 2.41 2.43 2.45 2.47 2.51 2.53 2.48 2.59 2.88 3.00 2.89 2.50 1.70 1.25 1.68 2.27 2.47 2.48 2.40 2.26 2.22 2.24 2.29 2.46 2.47 2.21 2.11 2.09 1.98 1.73 1.46 1.45 1.77 2.36 3.20 4.16
2.58 2.75 2.89 2.76 2.68 2.86 2.89 2.76 2.69 2.77 2.86 2.79 2.67 2.64 2.58 2.50 2.49 2.49 2.53 2.60 2.58 2.51 2.51 2.51 2.46 2.41 2.36 2.33 2.35 2.37 2.38 2.38 2.39 2.40 2.40 2.40 2.40 2.40 2.40 2.40 2.40 2.40 2.40 2.40 2.40 2.41 2.41 2.42 2.43 2.44 2.46 2.47 2.49 2.50 2.53 2.60 2.72 2.74 2.63 2.28 1.67 1.65 2.19 2.57 2.62 2.48 2.27 2.13 2.17 2.22 2.27 2.41 2.41 2.24 2.12 1.98 1.83 1.64 1.56 1.86 2.50 3.30 4.23 4.72
2.92 3.13 3.48 3.66 3.74 3.77 3.54 3.18 2.95 3.00 3.04 2.90 2.81 2.75 2.64 2.54 2.56 2.61 2.62 2.58 2.45 2.43 2.54 2.58 2.52 2.39 2.28 2.30 2.36 2.39 2.41 2.42 2.43 2.44 2.44 2.43 2.43 2.43 2.43 2.43 2.43 2.42 2.42 2.43 2.43 2.43 2.44 2.44 2.45 2.46 2.47 2.48 2.50 2.51 2.54 2.56 2.57 2.52 2.47 2.29 1.90 1.95 2.37 2.62 2.57 2.34 2.17 2.15 2.21 2.24 2.24 2.33 2.40 2.22 1.96 1.84 1.73 1.61 1.71 2.21 2.88 3.60 4.14 3.86
2.98 2.99 3.17 3.52 3.84 3.91 3.79 3.66 3.67 3.83 3.84 3.65 3.42 3.19 3.01 2.87 2.76 2.70 2.61 2.49 2.41 2.44 2.50 2.53 2.43 2.19 2.17 2.37 2.45 2.47 2.47 2.47 2.47 2.48 2.47 2.47 2.47 2.46 2.46 2.46 2.45 2.45 2.45 2.45 2.45 2.46 2.46 2.47 2.47 2.48 2.48 2.50 2.50 2.51 2.52 2.52 2.51 2.47 2.43 2.33 2.12 2.15 2.44 2.58 2.41 2.20 2.18 2.24 2.26 2.21 2.15 2.30 2.45 2.18 1.86 1.76 1.63 1.62 1.81 2.32 2.89 3.28 3.28 3.16
2.82 2.73 2.62 2.59 2.67 2.70 2.74 3.11 3.63 3.92 3.87 3.69 3.53 3.37 3.20 3.04 2.89 2.76 2.61 2.48 2.46 2.45 2.46 2.45 2.17 1.95 2.22 2.53 2.58 2.57 2.54 2.52 2.53 2.53 2.51 2.50 2.50 2.50 2.49 2.49 2.48 2.48 2.48 2.48 2.48 2.48 2.48 2.49 2.49 2.50 2.50 2.51 2.51 2.51 2.51 2.51 2.49 2.46 2.42 2.36 2.28 2.31 2.41 2.40 2.24 2.17 2.23 2.23 2.16 2.03 2.04 2.40 2.50 2.06 1.75 1.64 1.62 1.69 1.87 2.23 2.57 2.65 2.59 3.31
2.69 2.62 2.50 2.38 2.25 2.12 2.05 2.34 2.89 3.05 2.57 2.36 2.40 2.47 2.57 2.63 2.67 2.70 2.66 2.56 2.47 2.45 2.48 2.42 2.16 2.15 2.50 2.73 2.71 2.64 2.61 2.60 2.60 2.58 2.54 2.54 2.55 2.54 2.53 2.52 2.51 2.51 2.51 2.50 2.50 2.51 2.51 2.51 2.51 2.52 2.52 2.52 2.52 2.52 2.52 2.51 2.49 2.47 2.43 2.40 2.37 2.37 2.38 2.33 2.25 2.24 2.22 2.16 2.05 1.95 2.13 2.48 2.39 1.84 1.56 1.56 1.68 1.74 1.78 1.89 2.02 2.18 2.63 4.00
2.58 2.56 2.51 2.42 2.31 2.26 2.26 2.38 2.64 2.49 1.92 1.79 1.88 1.92 2.03 2.17 2.35 2.52 2.59 2.56 2.55 2.59 2.61 2.55 2.42 2.40 2.60 2.75 2.72 2.69 2.67 2.64 2.65 2.62 2.58 2.60 2.60 2.57 2.56 2.55 2.54 2.53 2.53 2.53 2.53 2.53 2.53 2.53 2.54 2.54 2.54 2.54 2.54 2.54 2.53 2.52 2.50 2.48 2.46 2.44 2.41 2.40 2.39 2.36 2.31 2.28 2.21 2.15 2.09 2.12 2.24 2.34 2.12 1.52 1.37 1.50 1.68 1.68 1.54 1.53 1.74 2.24 3.28 4.56
2.48 2.51 2.48 2.37 2.36 2.42 2.47 2.54 2.56 2.31 2.03 2.04 2.08 2.08 2.13 2.22 2.33 2.42 2.44 2.47 2.60 2.72 2.75 2.71 2.57 2.48 2.59 2.70 2.70 2.71 2.66 2.64 2.70 2.70 2.68 2.67 2.63 2.60 2.58 2.58 2.57 2.56 2.56 2.56 2.56 2.56 2.56 2.56 2.56 2.57 2.57 2.57 2.56 2.56 2.55 2.54 2.52 2.50 2.49 2.46 2.44 2.43 2.41 2.38 2.33 2.29 2.25 2.22 2.23 2.26 2.20 2.08 1.84 1.45 1.39 1.58 1.70 1.60 1.36 1.38 1.83 2.78 4.08 4.48
2.38 2.37 2.33 2.26 2.33 2.46 2.50 2.53 2.48 2.34 2.28 2.30 2.28 2.29 2.36 2.43 2.46 2.46 2.47 2.51 2.59 2.66 2.67 2.64 2.54 2.50 2.59 2.66 2.69 2.70 2.66 2.68 2.79 2.84 2.80 2.71 2.66 2.63 2.63 2.63 2.61 2.59 2.59 2.58 2.58 2.58 2.58 2.59 2.59 2.59 2.59 2.59 2.59 2.58 2.57 2.56 2.54 2.53 2.51 2.49 2.47 2.46 2.43 2.40 2.36 2.33 2.31 2.29 2.29 2.26 2.12 1.98 1.84 1.66 1.66 1.80 1.78 1.58 1.31 1.46 2.36 3.65 4.39 3.59
2.13 2.11 2.12 2.13 2.24 2.43 2.50 2.51 2.49 2.45 2.43 2.42 2.40 2.43 2.50 2.55 2.56 2.57 2.60 2.63 2.63 2.62 2.59 2.56 2.51 2.45 2.50 2.61 2.70 2.75 2.76 2.77 2.82 2.84 2.74 2.64 2.64 2.67 2.69 2.67 2.63 2.61 2.61 2.60 2.60 2.61 2.61 2.61 2.62 2.62 2.62 2.62 2.61 2.61 2.60 2.58 2.57 2.56 2.54 2.52 2.50 2.48 2.46 2.43 2.40 2.38 2.36 2.33 2.30 2.24 2.13 2.05 2.00 1.91 1.89 1.94 1.82 1.56 1.41 1.87 3.19 4.08 3.75 2.24
