windninja/windninja_output/Output_2025-10-23_0800-0850_Google earth_Fire_150m_10min/merlingen_7.5mi_point_10-23-2025_0820_150m_ang.asc
ncols	158
nrows	163
xllcorner	391686.332397
yllcorner	5160024.123721
cellsize	150.000000
NODATA_value	-32768.000000
[rows 43 to 85 of 163, columns 0 to 95 of 158]
0 0 359 358 358 357 357 357 357 357 356 356 356 355 355 355 354 354 353 352 351 350 349 349 348 346 345 342 340 338 337 338 340 343 346 348 347 343 342 341 341 342 341 337 337 342 344 342 338 332 324 324 331 335 331 327 327 329 325 320 320 321 321 322 323 323 325 326 331 340 341 335 333 333 329 331 347 360 356 342 331 327 322 317 316 321 328 325 320 318 315 312 305 302 310 322
1 0 359 357 356 356 356 356 356 356 355 355 355 355 354 354 353 353 352 351 351 350 349 348 347 346 344 342 340 339 338 338 340 341 342 342 338 335 336 338 340 339 334 332 337 345 345 340 334 329 327 328 334 338 335 331 330 329 325 322 321 320 320 320 318 319 322 326 334 343 342 338 338 336 334 340 356 6 358 340 328 324 319 314 313 319 321 316 313 312 312 311 305 302 307 318
2 1 358 356 355 355 355 355 354 354 354 354 353 353 353 353 352 351 351 350 350 349 348 347 346 344 343 342 341 340 339 338 338 340 340 337 333 332 333 336 338 335 330 331 342 348 343 335 329 327 327 330 336 341 338 332 330 327 324 323 323 323 323 322 319 317 319 323 331 337 335 334 334 335 337 346 3 9 355 338 328 322 315 308 307 314 315 311 309 308 309 308 305 302 305 314
3 1 357 356 356 355 353 353 353 353 353 352 352 352 352 351 350 350 349 349 348 348 347 346 344 343 342 342 340 339 338 337 337 338 337 335 333 331 332 334 333 331 329 334 345 344 336 329 326 327 329 332 339 343 337 332 329 325 322 323 325 325 323 322 319 317 318 321 328 331 327 327 327 330 338 351 5 4 346 331 322 315 307 301 304 311 312 310 308 306 307 307 305 304 306 312
2 0 357 357 356 354 351 351 351 351 351 351 351 350 350 350 349 348 348 348 347 347 346 344 343 342 342 341 340 339 337 336 335 335 334 334 332 331 330 330 330 328 329 338 345 337 329 325 324 329 332 338 345 342 338 334 328 324 321 323 325 322 319 318 316 314 316 320 326 328 325 324 323 327 337 353 3 354 335 321 312 307 303 304 310 313 312 311 308 306 307 307 307 307 308 312
1 360 358 357 357 354 350 348 348 349 349 349 349 349 349 348 347 347 347 346 346 345 344 343 342 341 341 340 339 338 337 336 335 334 333 333 331 329 328 327 326 325 328 337 339 331 325 323 326 333 340 347 343 336 335 331 325 323 322 325 326 319 313 311 310 310 314 319 324 325 323 322 321 326 337 351 355 343 328 316 309 308 309 311 316 317 315 315 313 310 308 305 306 309 310 313
1 360 359 358 356 353 350 346 345 346 347 347 347 347 347 346 346 345 345 345 344 344 343 342 341 340 340 339 338 337 336 335 334 333 333 332 331 329 328 327 325 324 327 333 332 325 321 324 329 338 351 349 339 335 334 329 323 321 321 325 325 317 309 306 306 309 314 319 322 323 322 321 322 327 336 344 343 338 329 319 314 313 314 316 318 318 318 318 315 312 307 302 302 306 309 310
1 360 359 358 355 352 350 347 344 344 345 345 345 345 345 345 345 344 344 343 343 342 341 341 340 340 339 338 337 336 335 334 333 333 332 331 330 328 328 327 326 325 326 329 327 320 319 324 332 345 351 338 332 333 332 327 321 319 320 322 320 313 304 301 305 311 314 318 320 320 319 319 322 328 333 335 336 334 327 319 315 314 315 317 318 318 318 316 312 308 305 300 297 300 304 309
2 0 358 356 353 351 351 349 344 342 343 344 344 344 344 343 343 343 342 342 341 341 340 340 339 338 338 337 336 335 334 333 333 332 331 329 328 326 326 327 326 324 324 326 324 318 319 329 341 349 342 332 328 329 326 321 317 317 319 320 316 309 301 300 305 311 315 319 320 319 318 318 322 327 328 328 330 329 324 318 314 312 311 314 316 316 314 310 306 304 302 296 291 292 300 309
5 1 355 352 349 349 350 350 346 343 342 342 342 342 342 341 341 341 341 340 340 339 339 338 337 337 337 336 335 334 333 332 332 331 330 328 327 326 325 326 326 323 322 324 323 319 322 338 346 343 338 334 331 328 321 315 313 315 317 317 315 310 301 300 305 313 318 322 321 320 320 322 325 327 325 324 325 324 319 314 312 310 308 310 311 310 309 307 304 301 298 294 290 293 303 313
7 1 353 349 348 347 349 349 347 344 341 340 340 340 340 340 339 340 339 338 338 337 337 336 336 336 335 334 334 333 332 331 331 330 329 328 327 326 325 326 325 322 321 323 323 322 328 340 340 337 335 332 329 325 317 312 313 317 318 316 314 309 301 300 307 316 322 326 324 322 323 326 329 327 323 322 323 320 314 311 311 310 309 311 310 308 308 307 304 300 297 296 297 300 305 314
4 0 352 347 346 347 347 348 348 345 341 338 338 338 338 338 338 338 337 337 337 336 335 335 335 334 334 333 332 332 331 330 329 329 328 327 326 325 324 324 323 320 319 320 321 323 330 336 333 331 333 329 325 320 312 310 315 322 322 318 316 310 303 302 310 320 328 333 330 327 328 330 329 324 321 322 323 319 313 314 314 312 312 314 314 311 310 309 306 302 300 302 305 306 302 307
359 358 353 347 343 343 344 346 347 346 341 337 335 335 336 336 336 336 336 336 335 335 334 333 333 333 332 332 331 330 330 329 328 327 327 326 325 324 324 323 320 317 316 317 320 322 327 330 328 329 333 327 323 318 309 310 320 326 323 319 317 312 306 305 312 323 331 335 331 329 332 332 325 322 321 323 323 319 315 317 318 314 313 314 315 314 315 314 311 306 302 303 308 309 302 304
355 355 354 350 344 340 339 340 342 344 342 338 334 332 333 334 334 334 334 334 334 333 333 332 332 331 331 330 330 329 328 328 327 326 326 325 324 324 323 322 320 317 316 318 320 322 324 325 325 329 331 323 320 315 307 310 324 327 323 319 315 312 307 305 310 322 331 333 329 328 333 329 324 323 323 325 324 319 318 319 318 315 312 312 312 312 315 318 318 311 304 306 314 316 309 307
354 353 352 351 348 344 339 337 337 339 341 341 337 332 331 331 331 332 332 332 331 331 331 331 330 330 330 329 328 328 327 327 326 325 325 324 323 323 322 321 320 319 318 319 319 320 320 321 322 326 328 320 316 312 306 311 326 326 322 318 314 310 305 302 307 320 330 332 331 331 330 325 323 324 324 326 324 320 320 321 320 316 312 310 308 305 306 310 315 315 314 317 321 319 312 307
353 352 350 349 348 346 343 338 335 334 338 342 340 335 330 328 328 329 330 330 330 329 329 329 329 329 328 328 327 327 326 325 325 324 324 323 322 322 321 321 320 319 319 318 318 317 317 317 318 322 326 320 314 310 305 312 325 322 317 315 312 309 305 302 305 318 330 336 340 334 327 324 323 323 324 326 323 320 321 322 321 317 312 309 305 303 303 307 313 317 316 317 319 317 309 301
351 351 349 347 346 344 342 339 334 331 333 337 339 337 332 328 326 327 328 328 328 328 327 327 328 327 327 326 326 325 325 324 324 323 323 322 322 321 320 320 319 319 318 318 317 316 316 316 317 321 325 320 313 308 305 311 320 317 313 311 310 308 305 302 304 315 329 341 342 329 324 323 322 322 324 324 320 318 319 319 318 315 311 310 308 307 309 313 317 316 313 311 312 311 302 294
350 350 349 347 344 342 339 336 333 330 331 333 335 336 335 332 327 325 325 326 327 327 327 327 327 326 325 325 324 324 323 323 323 322 322 321 321 320 320 319 319 318 318 317 317 317 317 317 318 320 323 319 311 306 305 310 315 312 309 308 308 306 303 300 303 312 326 343 338 323 320 321 320 320 323 322 318 317 317 316 315 312 309 308 308 309 313 316 316 313 310 308 307 304 296 286
350 349 348 345 343 341 337 334 332 331 331 332 331 333 336 335 331 327 324 324 324 324 325 325 325 324 324 323 323 323 322 322 321 321 320 320 320 319 319 318 318 317 317 317 316 316 316 316 317 319 321 318 309 304 303 307 308 306 305 305 304 303 302 300 303 309 325 342 330 320 320 320 318 319 321 320 316 317 318 317 315 311 307 305 306 308 312 315 312 310 309 308 303 297 289 277
351 349 346 343 341 339 336 333 332 331 330 330 328 329 332 334 333 330 326 324 322 322 323 323 324 323 322 322 322 321 321 321 320 320 319 319 319 318 318 317 317 317 316 316 316 316 315 315 316 317 319 319 310 305 305 307 304 302 302 302 303 303 303 303 303 308 326 336 324 320 320 318 316 318 320 318 316 317 318 318 316 313 308 307 308 309 310 312 310 307 307 303 292 285 276 257
355 351 344 340 337 335 334 332 331 330 329 327 327 327 328 330 331 331 329 326 323 322 322 322 322 322 321 320 321 320 320 319 319 319 318 318 318 317 317 316 316 316 316 315 315 315 314 314 315 315 318 318 312 308 311 310 303 301 302 304 306 307 305 301 297 300 315 323 320 320 319 317 315 317 320 319 320 320 321 322 319 316 314 313 315 312 310 310 307 303 299 292 283 271 251 227
1 353 342 337 333 331 329 329 328 329 327 326 326 327 327 327 328 330 330 328 325 323 321 320 321 320 319 319 319 319 318 318 318 318 317 317 317 316 316 316 315 315 315 314 314 314 313 313 314 314 315 315 312 310 313 313 304 301 303 305 308 308 300 288 288 296 311 317 318 319 319 316 314 317 321 322 322 323 326 327 324 322 319 317 316 311 308 307 303 297 291 284 271 247 225 200
4 355 342 336 332 329 327 326 324 324 324 323 325 326 325 324 324 326 329 328 326 324 321 319 319 318 318 318 318 318 318 317 317 316 316 316 316 315 315 315 314 314 314 313 313 313 313 312 312 312 312 312 311 308 311 313 307 302 302 303 305 305 296 293 300 309 316 318 318 318 318 315 313 316 321 323 323 324 330 329 325 323 321 320 315 308 305 302 298 292 284 269 243 220 202 187
360 354 343 337 332 329 329 328 326 324 323 323 324 324 324 324 322 323 325 326 327 327 324 321 320 318 317 317 317 317 317 316 316 315 315 315 315 314 314 314 313 313 313 313 312 312 312 311 311 311 311 310 309 307 309 310 306 301 298 298 302 312 309 307 309 313 316 318 318 317 316 313 311 316 320 322 323 326 332 332 328 326 324 321 313 305 300 297 290 281 268 240 215 197 188 186
349 349 346 342 334 329 331 332 329 325 323 323 325 325 324 323 321 321 322 323 326 328 326 323 321 318 315 314 314 314 315 315 315 314 314 314 314 313 313 313 313 312 312 312 311 311 311 310 310 310 309 309 308 307 306 306 303 298 293 292 303 315 312 308 309 310 313 316 315 315 314 311 310 314 319 321 323 328 334 332 327 323 318 315 307 297 291 284 277 266 241 211 193 185 187 191
332 338 343 345 342 337 338 340 334 326 324 325 325 326 326 323 321 320 321 320 321 324 324 324 324 321 316 312 311 311 312 313 313 313 313 313 313 312 312 312 312 311 311 311 310 310 310 309 309 309 308 308 307 306 305 304 301 297 293 292 300 309 308 306 305 308 310 313 314 314 313 310 308 311 317 319 323 328 331 326 320 314 306 301 296 287 277 271 264 242 212 189 183 187 194 205
319 322 330 337 338 339 344 346 339 333 333 334 334 332 331 330 325 321 320 319 319 319 319 321 323 324 316 311 310 310 311 311 312 312 312 312 312 312 311 311 311 311 310 310 310 309 309 309 308 308 307 307 306 305 304 303 301 299 297 295 298 303 303 302 302 304 306 310 313 314 313 309 307 311 317 318 321 325 326 319 311 304 294 289 290 283 273 265 247 216 193 181 185 195 210 230
316 315 313 314 319 326 336 339 333 331 335 339 339 338 337 335 331 326 322 320 318 317 316 315 320 323 316 311 311 311 310 310 310 311 311 311 311 311 311 310 310 310 309 309 309 308 308 308 307 307 306 306 305 305 304 303 302 301 300 299 299 300 299 296 296 298 301 303 306 310 311 307 306 312 317 317 318 321 321 314 304 294 289 289 288 282 269 251 223 198 186 186 195 210 242 272
319 317 311 307 305 305 312 319 317 316 321 328 329 331 332 332 330 327 325 323 320 316 314 314 319 323 317 313 313 313 312 310 310 310 310 310 310 310 310 310 309 309 309 308 308 308 307 307 306 306 306 305 305 304 304 303 302 301 301 300 300 300 298 297 296 297 296 296 298 303 308 305 304 310 315 314 314 317 317 309 299 291 292 293 286 276 259 232 205 192 191 199 217 246 275 304
322 319 316 312 309 307 307 308 306 302 303 307 310 314 317 320 322 322 323 324 322 319 316 316 321 323 317 312 312 313 313 311 310 310 310 309 309 310 309 309 309 308 308 307 307 307 306 306 306 305 305 305 304 304 303 303 302 302 301 301 301 300 300 299 299 298 297 296 296 300 302 300 298 301 307 308 308 311 314 308 300 297 298 293 284 266 239 213 202 200 204 221 241 262 292 314
324 321 317 315 312 309 309 308 304 302 304 307 310 312 312 314 315 315 316 319 320 320 319 319 321 322 317 311 309 310 312 311 310 310 310 310 309 309 309 308 308 308 307 307 306 306 306 305 305 305 304 304 304 303 303 302 302 302 301 301 301 301 300 300 299 299 299 299 299 299 298 295 291 295 302 304 305 308 312 310 305 303 300 291 278 251 218 204 210 218 231 256 274 298 315 314
326 322 316 313 310 307 307 305 304 305 306 308 310 312 313 314 313 313 313 314 315 315 316 316 319 321 317 312 308 307 308 310 309 310 311 311 310 309 308 308 308 307 306 306 306 305 305 304 304 304 304 303 303 303 302 302 302 302 301 301 301 301 300 300 300 300 300 300 300 299 298 297 297 301 306 307 308 310 314 314 310 305 297 286 264 229 207 209 223 234 259 287 314 315 314 311
330 323 313 309 305 302 302 303 303 305 306 307 309 311 312 313 313 313 313 313 312 312 311 312 314 317 315 311 308 306 307 308 308 307 309 310 309 308 308 308 307 307 306 305 305 304 304 304 303 303 303 303 303 302 302 302 302 301 301 301 301 300 300 300 300 300 301 301 300 300 300 302 303 307 309 308 310 314 319 317 309 301 290 272 239 207 206 220 234 248 272 301 315 308 307 304
341 327 310 304 300 297 298 299 301 303 305 307 308 309 310 311 312 312 312 312 312 311 311 311 312 314 312 309 308 307 305 304 303 301 302 305 307 307 307 308 307 306 305 305 304 303 303 303 303 302 302 302 302 302 302 301 301 301 301 301 301 300 300 300 300 300 301 301 301 301 302 303 304 307 309 309 311 316 321 313 303 292 276 247 211 204 217 226 238 263 290 315 313 303 299 298
0 338 304 293 292 293 294 295 298 302 305 308 309 309 310 310 311 311 311 311 311 311 310 311 312 312 309 307 307 306 303 300 300 299 300 304 306 306 306 307 308 306 305 304 303 302 302 302 302 302 301 301 301 301 301 301 301 301 301 301 300 300 300 300 300 300 300 301 301 301 302 303 304 306 308 309 312 317 318 306 295 282 258 228 215 224 239 248 271 301 316 320 313 303 298 297
31 12 289 279 285 288 290 295 300 305 309 310 310 309 310 310 311 311 311 311 310 310 309 310 313 312 307 306 306 307 304 301 302 302 302 304 306 305 305 306 307 306 304 303 302 301 301 301 300 300 301 301 301 301 301 301 301 301 300 300 300 300 300 300 300 300 300 301 301 301 302 303 304 305 307 309 312 317 315 303 289 271 243 236 246 263 279 298 311 315 315 314 310 302 299 300
52 50 289 283 285 292 298 301 305 311 315 314 312 311 311 311 311 311 311 310 309 308 308 309 313 312 308 307 308 309 308 305 303 302 301 302 305 305 303 303 306 305 302 301 300 299 299 299 299 299 300 300 301 301 301 301 301 300 300 300 300 300 300 300 300 300 300 300 301 301 302 303 304 305 306 309 312 316 314 303 288 272 264 274 281 289 305 312 312 310 308 305 303 301 300 301
51 40 339 305 303 313 319 318 316 319 321 318 314 312 311 311 310 310 310 309 308 307 307 309 313 312 307 306 307 310 310 307 305 303 301 301 303 304 302 302 304 304 300 299 298 297 296 296 296 297 299 300 301 301 301 301 300 300 300 300 300 300 300 300 300 300 300 300 301 301 302 303 303 304 306 308 311 315 313 306 300 298 299 297 295 302 309 310 308 305 302 300 298 298 298 298
56 34 318 309 312 322 337 337 331 330 328 323 316 313 311 310 309 308 309 309 308 307 307 309 313 311 306 305 306 308 310 308 307 305 302 301 302 303 302 301 303 303 300 296 294 293 292 290 290 294 297 300 301 301 301 301 300 300 300 300 299 299 299 299 300 300 300 300 300 301 302 302 303 304 306 308 310 314 315 314 318 318 313 307 306 310 310 308 305 302 300 298 295 295 297 296
54 5 312 313 316 329 344 346 342 338 334 326 318 313 310 309 308 306 307 307 306 305 306 308 312 310 306 305 306 306 307 306 304 302 299 298 298 300 300 301 303 304 302 299 297 296 296 296 295 297 299 301 302 302 301 301 300 300 299 299 299 299 299 299 299 299 300 300 300 301 301 302 303 304 305 307 309 313 315 319 326 328 321 319 319 312 307 305 303 301 299 297 294 295 297 297
327 328 323 321 322 328 337 343 344 339 333 324 316 310 307 306 305 303 304 304 304 305 304 306 311 311 308 307 306 305 304 303 302 299 296 294 294 296 298 299 301 303 305 305 305 305 306 307 305 305 306 306 305 304 303 301 300 299 299 299 299 299 299 299 299 299 299 299 300 300 301 302 303 303 305 306 309 312 316 321 330 336 332 328 318 309 304 301 301 299 296 295 293 293 295 294
303 312 321 320 318 321 329 334 332 328 322 317 313 307 304 303 302 300 301 302 303 303 304 305 310 311 308 307 306 305 304 304 302 299 295 293 292 292 294 296 299 301 303 303 302 302 303 303 303 303 305 306 306 305 303 301 299 299 299 299 299 299 299 299 299 299 299 299 299 300 300 301 302 303 304 306 308 311 315 322 334 342 341 329 312 306 301 297 296 296 294 292 290 289 289 290
284 288 297 297 297 300 304 307 308 312 313 313 311 306 303 302 300 298 298 299 299 300 302 304 307 310 308 305 304 304 304 303 303 301 297 295 294 292 292 294 298 300 300 299 297 296 295 295 296 296 298 298 299 300 301 299 298 298 298 298 298 298 298 299 299 299 299 299 299 299 300 301 301 302 304 305 307 310 315 322 335 342 342 327 308 302 299 296 295 295 293 291 290 289 289 292
