windninja/windninja_output/Output_2025-10-23_0800-0850_Google earth_Fire_150m_10min/merlingen_7.5mi_point_10-23-2025_0800_150m_ang.asc
ncols	158
nrows	163
xllcorner	391686.332397
yllcorner	5160024.123721
cellsize	150.000000
NODATA_value	-32768.000000
[rows 42 to 83 of 163, columns 0 to 95 of 158]
193 192 191 189 188 186 184 184 183 182 181 180 180 179 179 180 179 179 179 178 178 179 179 178 178 177 175 173 170 170 174 179 180 182 185 188 195 200 200 201 204 208 210 210 209 207 209 213 215 220 229 231 224 221 229 234 232 232 236 239 237 234 235 235 236 241 245 245 244 238 233 235 238 235 243 247 226 197 203 224 234 236 243 250 255 253 244 240 247 255 259 258 255 258 261 260
197 196 195 193 190 188 186 185 184 184 182 181 181 180 180 180 180 180 179 179 179 179 179 179 179 178 177 175 172 172 176 180 181 179 177 180 187 192 193 197 206 212 214 214 212 212 216 220 224 229 235 234 226 222 228 233 233 233 236 240 242 243 243 241 240 243 245 244 239 228 225 230 233 232 238 236 215 196 204 225 235 241 250 258 257 247 236 238 246 253 258 259 260 262 261 255
201 200 198 195 192 190 189 187 186 185 184 182 182 181 181 181 180 180 180 180 180 180 180 180 180 180 179 178 177 176 178 181 181 178 174 173 179 187 194 201 210 215 218 218 216 217 222 225 228 231 232 230 223 221 226 231 232 233 236 241 244 246 249 250 252 252 249 245 236 226 225 230 231 231 232 227 209 198 209 227 240 250 258 259 251 239 236 241 247 253 257 261 266 267 261 251
205 204 201 197 195 193 191 189 188 187 185 184 183 183 182 182 181 181 181 181 181 181 182 181 181 181 180 180 180 180 180 181 181 178 174 172 175 186 197 203 209 215 221 221 216 218 223 227 230 231 230 228 226 224 227 231 233 236 240 243 245 247 251 256 260 258 253 246 237 233 235 237 236 235 232 224 207 200 214 232 246 256 259 254 243 237 239 244 248 252 257 265 270 267 258 250
209 206 202 200 199 196 194 192 190 188 187 186 185 184 183 182 182 182 182 182 182 183 183 183 182 182 183 183 183 182 182 182 182 179 176 176 178 184 193 200 207 217 224 222 216 220 226 230 232 230 229 228 227 227 229 232 235 241 246 247 246 249 253 258 259 258 253 247 239 239 243 243 241 238 232 223 209 204 220 238 250 256 255 249 243 241 245 247 248 250 257 266 270 265 256 250
211 209 205 204 203 200 196 193 192 190 188 187 186 185 184 184 183 183 183 184 184 184 184 184 184 185 185 185 185 185 185 185 185 182 179 180 183 184 189 198 209 219 223 219 217 224 231 234 232 228 228 226 226 228 229 232 238 244 250 252 250 253 257 259 259 257 252 247 241 240 244 244 243 238 231 222 213 213 229 244 252 254 252 249 246 246 249 249 249 252 258 263 265 260 254 250
213 211 209 208 206 204 199 195 193 192 190 189 188 187 186 185 185 185 185 185 186 186 186 186 187 187 187 187 188 188 188 188 188 186 183 183 185 188 190 199 211 219 221 218 220 228 234 234 231 226 224 225 228 232 232 235 242 248 252 252 252 256 257 259 260 258 252 247 243 242 244 244 242 237 230 223 219 223 235 246 250 252 252 249 247 248 249 250 253 257 257 258 258 255 252 249
216 214 212 211 209 207 202 197 194 193 192 191 190 189 188 187 186 186 187 187 187 187 187 188 188 189 189 189 190 190 191 191 192 191 188 186 187 191 195 202 213 220 221 220 225 234 237 233 228 222 220 225 230 232 234 240 248 253 253 249 249 253 256 258 260 258 253 247 244 243 243 242 239 234 229 225 224 227 235 243 248 250 251 250 249 249 250 252 257 257 254 252 251 251 251 247
219 217 215 213 210 207 205 200 196 194 194 193 191 190 189 189 188 188 188 188 189 189 189 189 190 191 191 191 192 193 194 194 195 195 193 191 191 195 200 205 213 219 220 222 231 239 238 233 228 223 223 230 233 233 236 244 252 254 250 246 247 251 255 259 260 257 252 247 245 244 243 242 237 233 230 228 227 229 235 242 247 249 250 250 251 253 254 256 257 254 251 248 247 247 247 246
224 221 216 213 210 207 206 204 199 195 195 194 193 192 191 191 191 190 190 190 190 190 191 191 192 193 193 194 194 195 196 197 198 198 198 197 197 200 204 208 214 222 224 226 236 241 237 229 227 227 230 236 238 239 244 252 255 251 245 243 245 250 257 262 261 256 251 246 244 243 243 240 236 233 233 233 232 232 237 243 246 248 250 252 254 257 258 258 256 253 249 246 245 245 246 249
229 224 217 214 212 209 208 208 203 198 196 196 195 194 193 193 193 192 192 192 192 192 193 193 194 195 195 196 197 198 199 200 201 202 202 203 204 206 207 210 217 227 230 230 236 240 234 224 224 225 228 232 236 242 252 258 256 248 242 241 245 251 259 262 260 254 248 243 241 242 241 238 235 234 235 237 236 238 242 245 244 245 250 254 258 260 260 258 256 252 248 246 244 244 249 260
230 226 218 214 213 211 209 210 207 203 200 198 198 197 196 195 195 194 194 194 194 195 195 196 196 197 198 199 199 200 201 202 204 205 206 208 209 210 212 213 219 229 233 233 236 237 230 220 223 226 227 231 237 244 254 258 253 244 240 242 246 254 261 262 258 251 244 238 239 240 239 236 233 234 237 238 238 242 249 249 246 246 249 251 255 261 263 260 255 251 248 247 245 246 257 280
228 226 220 214 213 212 210 211 212 209 204 201 199 198 198 197 197 196 196 197 197 197 197 198 198 199 200 201 202 203 204 205 206 208 210 211 213 215 217 219 224 233 238 238 238 237 229 221 228 231 230 236 243 249 256 256 247 239 239 243 248 256 262 261 255 247 239 233 235 237 235 232 232 236 239 240 239 244 251 252 250 250 249 248 249 253 259 259 255 250 249 250 251 253 268 285
227 227 224 219 219 218 214 214 215 213 209 204 201 201 200 200 199 198 198 199 199 199 199 200 200 201 202 203 204 205 207 208 209 211 213 215 217 219 221 224 230 239 243 243 244 243 236 231 235 234 232 241 246 252 257 253 241 237 241 247 252 258 261 259 253 244 235 230 234 235 231 230 235 240 241 240 241 247 252 253 253 253 251 248 246 247 248 249 250 251 254 257 261 267 275 283
229 229 227 224 224 224 221 217 216 217 213 208 205 203 202 202 201 201 201 201 201 202 202 202 203 203 204 205 207 208 209 210 212 214 216 217 220 222 224 228 233 239 243 245 246 248 248 246 244 237 236 246 249 255 258 250 237 239 245 252 258 261 259 256 250 242 234 232 235 234 230 233 239 240 241 241 243 250 253 253 254 254 252 249 248 246 242 240 242 249 258 267 278 286 282 281
231 231 228 226 223 223 222 218 216 217 214 210 209 207 204 203 204 203 203 203 203 204 204 205 205 206 207 208 209 210 212 213 215 217 218 220 222 225 227 230 233 237 242 246 249 253 260 264 259 248 243 251 254 258 258 249 238 242 251 257 261 261 259 254 248 239 233 231 232 231 233 238 241 241 242 242 246 251 253 251 250 251 251 250 249 247 244 241 241 249 263 281 294 296 288 277
233 232 230 228 225 223 222 219 216 216 214 212 212 212 208 206 206 206 205 205 206 206 207 207 208 208 209 210 212 213 214 216 217 219 221 223 225 227 229 232 235 238 242 246 250 256 264 273 277 270 258 258 260 262 259 249 242 249 258 262 262 260 257 253 246 238 231 226 224 230 237 241 242 243 244 245 250 253 251 248 245 246 247 247 247 246 246 247 251 262 278 289 295 294 284 265
234 233 231 230 229 227 225 222 220 219 218 215 216 216 213 209 208 208 207 208 208 209 209 210 210 210 212 213 214 216 217 218 220 222 223 225 227 229 231 234 237 239 243 246 250 255 261 269 281 292 287 272 267 264 259 250 248 258 264 265 263 260 256 252 246 238 230 220 221 235 242 243 244 247 247 248 253 254 249 245 243 244 244 243 243 244 247 254 266 280 287 288 288 286 272 251
236 235 234 232 231 230 228 227 225 223 220 216 215 216 215 213 212 210 210 210 210 211 211 212 212 213 215 216 217 218 219 221 222 224 226 228 229 231 234 236 238 241 244 247 250 254 259 265 276 293 304 288 274 267 260 252 255 264 267 266 264 261 257 252 246 240 231 217 226 241 245 246 249 251 250 251 254 251 245 243 242 244 244 242 242 245 252 264 279 287 288 284 280 272 256 242
237 237 236 234 233 232 230 229 227 225 221 216 214 215 216 216 215 214 213 212 213 213 214 215 215 216 218 219 220 221 222 223 225 227 228 230 232 234 236 238 240 242 245 247 250 254 258 264 272 285 300 296 282 272 263 258 263 268 269 267 264 261 258 254 248 242 231 219 234 246 248 250 254 254 253 254 252 246 242 242 242 243 244 243 246 251 263 277 285 288 286 280 270 254 244 236
240 239 238 237 234 232 231 230 229 227 224 220 217 217 217 218 218 217 216 215 216 217 217 217 218 220 221 221 222 223 225 226 227 229 231 232 234 236 238 240 242 244 246 249 251 255 259 263 268 277 290 296 288 279 269 265 268 270 269 268 265 263 261 255 249 243 230 226 242 250 251 254 257 257 254 253 249 244 242 241 242 242 243 247 252 262 275 286 288 285 280 269 254 243 236 231
244 243 242 240 237 235 233 232 230 229 228 224 221 220 218 219 220 220 219 218 218 219 219 219 221 222 223 224 225 226 227 229 230 231 233 234 236 238 239 241 243 245 247 250 252 255 259 262 267 273 283 292 289 283 277 270 270 270 270 269 267 264 260 254 251 246 235 240 250 253 254 256 258 258 255 251 247 245 242 240 240 241 244 251 259 271 283 289 287 279 266 255 245 236 230 226
246 246 244 243 241 239 238 236 234 232 231 229 224 221 220 220 221 221 221 220 220 221 222 223 223 224 226 227 227 229 230 231 232 234 235 237 238 240 241 243 245 247 249 251 253 256 259 262 265 270 278 288 289 286 285 278 271 270 271 272 270 263 254 252 255 253 251 257 258 256 256 258 260 258 254 250 248 245 239 237 239 241 248 257 268 280 285 285 281 267 253 245 236 230 227 222
246 245 243 242 241 240 239 239 238 237 234 233 228 224 223 223 223 223 223 222 223 223 224 226 226 227 229 229 230 231 232 234 235 236 237 239 240 242 243 245 246 248 250 252 254 256 259 262 265 269 275 282 287 287 290 288 277 271 270 271 267 254 250 255 258 260 263 264 261 260 260 261 261 258 255 252 250 244 236 236 240 247 257 267 276 282 282 278 267 251 242 235 228 226 223 219
242 241 241 242 241 240 238 236 237 237 236 234 231 228 226 225 226 227 226 225 224 223 224 226 227 229 232 232 232 234 235 236 237 239 240 241 242 244 245 247 248 250 251 253 255 257 259 262 265 268 272 277 282 285 289 293 287 276 270 267 260 252 257 261 260 261 263 263 263 264 264 264 262 258 256 254 251 244 236 238 247 258 270 278 280 278 275 267 251 240 233 226 223 221 220 222
234 235 236 237 239 240 236 233 235 237 237 235 232 230 229 228 229 229 228 228 226 224 225 227 227 231 234 236 237 238 238 239 240 241 242 243 245 246 247 248 250 251 252 254 256 258 260 262 264 267 270 273 277 281 286 291 290 283 273 266 263 266 271 268 264 262 260 261 264 266 267 266 264 260 257 254 251 244 239 247 258 269 277 280 277 272 265 251 241 233 225 220 218 217 220 225
225 231 232 231 232 232 228 227 233 238 238 235 233 231 229 229 231 232 231 232 230 228 228 228 227 229 233 239 242 243 243 243 243 244 245 246 247 248 249 250 251 252 254 255 257 258 260 262 264 266 269 271 274 277 280 284 286 285 279 273 273 280 281 277 271 265 261 261 264 267 267 266 265 263 259 257 254 248 247 259 268 273 274 271 273 268 256 241 235 226 220 215 215 218 222 228
232 239 241 236 234 232 225 223 229 233 230 227 226 226 225 225 229 233 234 234 234 234 234 232 228 227 233 239 243 246 247 247 247 247 247 248 249 250 251 251 253 254 255 256 257 259 261 262 264 266 268 270 272 274 276 278 280 281 281 278 279 285 286 283 278 272 268 267 267 266 265 266 268 266 262 261 259 258 261 268 272 272 266 265 273 268 251 237 229 221 215 212 215 220 226 231
246 252 259 259 254 247 237 232 236 236 231 226 225 225 224 225 227 231 234 236 237 238 238 238 232 229 234 239 241 244 247 250 251 250 250 250 251 251 252 253 254 255 256 257 258 260 261 262 264 266 267 269 271 272 274 275 276 277 278 278 280 283 286 285 282 281 278 275 273 269 266 268 269 266 262 261 262 266 271 273 270 265 263 269 273 266 246 232 223 216 212 213 218 222 230 236
250 254 262 267 266 262 257 256 257 252 244 240 239 236 233 231 231 232 233 234 237 239 241 241 235 230 234 238 239 241 245 249 252 254 254 254 253 254 254 255 256 256 257 258 259 260 262 263 264 266 267 268 270 271 272 273 274 275 276 277 278 280 282 283 284 286 285 282 279 277 276 275 271 266 262 261 264 268 271 270 266 263 268 275 271 256 236 225 217 214 214 217 222 225 232 245
253 256 261 264 265 264 264 267 268 262 255 254 254 251 247 243 240 238 236 235 235 238 241 241 236 233 237 239 239 240 242 245 250 255 257 257 256 256 256 256 257 258 259 259 260 261 262 263 265 266 267 268 269 270 271 272 273 274 275 275 276 277 279 280 282 284 285 284 284 287 288 283 274 266 264 265 266 268 267 265 266 271 277 278 267 243 225 219 217 218 218 223 228 233 245 277
256 259 263 264 265 265 266 267 268 264 259 257 256 254 252 250 248 247 245 241 239 239 239 240 238 237 241 243 242 241 242 243 247 252 256 258 258 258 258 258 259 259 260 260 261 262 263 264 265 266 267 268 269 270 271 272 273 273 274 275 276 276 277 278 279 280 281 283 285 289 291 288 279 273 271 272 272 270 266 266 272 280 282 275 257 232 218 216 220 223 223 230 236 251 283 293
259 262 266 268 268 268 268 268 267 265 262 259 257 255 254 252 252 252 250 248 247 245 244 243 241 240 243 244 244 244 243 244 247 249 252 256 258 260 261 261 260 260 261 261 262 263 264 265 266 266 267 268 269 270 271 271 272 273 273 274 275 276 276 277 278 278 279 281 283 286 288 287 286 285 285 283 281 276 270 274 282 285 280 266 241 222 216 218 224 226 232 237 250 282 292 292
261 263 268 271 273 273 273 271 269 267 265 263 260 258 257 256 254 253 252 251 251 250 249 248 246 245 246 247 247 247 246 246 248 250 251 254 258 260 262 262 262 262 262 262 263 264 264 265 266 267 268 269 269 270 271 271 272 273 273 274 274 275 276 276 277 278 279 280 282 282 283 285 288 292 295 292 288 282 279 285 288 284 272 251 227 214 216 222 227 233 245 254 277 287 287 284
261 263 267 273 277 278 278 276 274 271 269 267 264 262 261 259 257 256 254 253 253 253 252 251 250 248 250 253 252 249 248 248 249 250 253 256 259 261 263 263 263 263 263 263 264 264 265 266 267 268 268 269 270 270 271 272 272 273 273 274 274 275 275 276 276 277 278 279 280 281 282 284 287 292 297 297 295 292 291 290 286 276 258 236 219 216 223 227 232 246 262 287 295 288 282 276
262 263 265 271 278 282 283 281 279 277 274 270 267 265 264 262 261 260 258 256 255 255 255 254 250 248 253 258 258 254 250 249 250 251 253 257 259 262 264 265 265 264 264 264 265 265 266 267 267 268 269 270 270 271 271 272 272 273 273 273 274 274 275 276 276 277 278 279 279 280 282 284 286 289 294 298 300 302 299 289 279 265 244 229 224 230 238 240 249 268 289 300 297 287 279 273
265 263 259 266 279 286 288 287 285 284 279 274 270 267 265 265 264 263 261 259 258 258 258 256 251 248 253 258 260 258 254 252 251 252 254 255 257 260 263 266 266 265 265 265 265 266 266 267 268 269 270 271 271 272 272 272 273 273 273 274 274 274 275 275 276 277 277 278 279 280 281 283 285 287 291 295 301 307 302 287 273 252 233 231 232 239 246 257 278 288 293 296 293 284 276 273
262 258 251 256 271 286 293 293 291 290 284 276 271 268 267 266 265 264 263 261 260 260 260 258 253 252 255 257 259 259 258 255 253 253 255 256 256 257 260 264 267 267 266 266 266 266 267 268 269 270 271 272 272 273 273 273 273 273 273 274 274 275 275 275 276 276 277 278 279 280 281 282 284 285 288 292 299 307 305 289 269 244 235 237 238 241 255 277 287 290 289 287 285 281 275 273
255 252 248 253 263 276 293 295 292 292 285 276 271 270 268 267 266 266 265 264 263 262 262 261 258 258 259 258 258 259 261 260 257 255 255 256 255 255 257 260 264 266 266 266 266 267 267 268 270 272 274 274 274 274 274 274 274 274 274 274 274 275 275 275 276 277 277 278 279 279 280 282 283 284 287 290 296 303 304 291 271 252 248 244 242 252 275 289 290 287 284 281 279 277 275 272
253 254 256 262 271 276 279 282 284 283 279 274 270 269 269 268 267 266 266 266 265 265 264 263 262 262 263 261 260 261 263 264 262 259 256 254 253 255 256 257 258 261 263 265 266 268 268 268 270 275 278 278 277 276 275 274 274 274 274 275 275 275 275 276 276 276 277 278 278 279 280 281 283 284 286 289 293 300 303 299 290 271 259 251 253 273 289 291 289 285 281 279 276 273 273 272
265 265 269 277 280 273 263 262 266 268 268 268 268 268 268 268 267 267 268 268 268 267 266 266 265 265 266 265 263 263 265 266 266 264 260 256 254 256 258 257 256 256 259 261 264 266 268 269 271 275 279 281 281 278 277 275 275 275 275 275 275 276 276 276 276 277 277 278 278 279 280 281 282 284 286 288 291 297 302 306 309 292 267 265 280 291 292 290 288 284 280 277 273 271 271 271
269 272 276 277 274 264 259 256 255 257 259 264 267 267 267 267 267 268 269 270 271 270 269 269 269 269 269 268 266 264 264 265 265 265 264 262 259 258 259 259 258 258 260 262 264 266 268 271 273 274 275 278 281 281 278 276 275 275 276 276 276 276 276 276 277 277 277 278 278 279 280 281 282 284 285 288 291 295 301 309 321 320 288 286 295 295 291 288 286 283 279 276 272 269 269 268
