windninja/windninja_output/Output_2025-10-23_0800-0850_Google earth_Fire_150m_10min/merlingen_7.5mi_point_10-23-2025_0810_150m_vel.asc
ncols	158
nrows	163
xllcorner	391686.332397
yllcorner	5160024.123721
cellsize	150.000000
NODATA_value	-32768.000000
[rows 37 to 73 of 163, columns 0 to 82 of 158]
3.80 3.66 3.33 2.99 2.69 2.45 2.20 1.96 1.78 1.63 1.50 1.40 1.30 1.22 1.15 1.09 1.03 0.99 0.95 0.92 0.90 0.86 0.82 0.78 0.70 0.58 0.51 0.44 0.58 1.05 1.29 1.53 1.88 2.21 2.56 2.34 1.87 1.90 2.19 2.24 2.19 2.34 2.57 2.74 3.06 3.17 2.98 3.08 3.18 3.33 3.63 3.61 3.58 3.91 4.13 4.08 4.14 4.48 4.84 5.68 6.34 5.24 3.49 2.62 2.97 4.78 6.86 7.43 6.07 4.09 3.43 3.93 4.29 3.80 2.89 2.49 2.35 2.28 3.20 3.78 3.27 3.27 3.95
3.93 3.80 3.45 3.06 2.72 2.46 2.23 2.01 1.83 1.68 1.56 1.45 1.35 1.25 1.16 1.09 1.03 0.99 0.95 0.93 0.91 0.87 0.84 0.80 0.71 0.62 0.54 0.49 0.74 1.16 1.28 1.41 1.65 1.92 2.27 2.00 1.56 1.86 2.32 2.31 2.30 2.48 2.64 2.81 3.11 3.19 3.08 3.03 3.03 3.50 3.89 3.62 3.42 3.87 4.33 4.10 3.85 4.24 4.82 5.50 5.94 5.44 4.16 2.93 2.84 4.51 7.12 7.73 5.57 3.72 3.70 4.46 4.67 3.64 2.38 2.63 2.71 1.99 2.86 3.94 3.20 2.87 3.41
4.01 3.85 3.45 3.10 2.79 2.51 2.27 2.08 1.92 1.77 1.62 1.50 1.39 1.30 1.21 1.13 1.06 1.01 0.97 0.94 0.92 0.88 0.86 0.82 0.75 0.68 0.60 0.61 0.84 1.13 1.27 1.36 1.49 1.73 1.90 1.55 1.34 1.84 2.34 2.42 2.46 2.63 2.81 2.84 3.00 3.28 3.24 2.94 2.90 3.60 4.15 3.81 3.34 3.74 4.48 4.22 3.69 3.95 4.69 5.28 5.37 5.29 4.87 3.75 3.11 4.45 7.24 7.51 5.21 4.09 4.57 4.95 4.35 2.88 2.24 3.23 3.14 1.74 2.20 3.74 3.37 2.84 3.31
4.14 4.00 3.59 3.23 2.93 2.68 2.46 2.24 2.04 1.86 1.71 1.58 1.47 1.38 1.29 1.21 1.13 1.07 1.01 0.97 0.94 0.91 0.89 0.86 0.82 0.75 0.70 0.72 0.84 1.07 1.32 1.37 1.38 1.49 1.43 1.15 1.18 1.65 2.22 2.54 2.66 2.86 3.00 2.83 2.89 3.31 3.35 2.99 2.86 3.48 4.37 4.26 3.61 3.72 4.37 4.29 3.66 3.64 4.40 4.95 4.79 4.82 5.38 5.08 3.88 4.60 7.12 7.16 5.37 5.08 5.13 4.58 3.68 2.47 2.58 4.00 3.30 1.51 1.70 3.11 3.35 3.17 3.73
4.35 4.21 3.84 3.46 3.13 2.86 2.64 2.43 2.20 2.00 1.83 1.70 1.58 1.47 1.39 1.30 1.21 1.15 1.08 1.03 0.99 0.95 0.93 0.91 0.89 0.83 0.80 0.80 0.85 1.07 1.35 1.37 1.28 1.22 1.03 0.91 1.11 1.52 2.02 2.49 2.78 3.08 3.08 2.91 3.05 3.30 3.29 3.05 2.87 3.39 4.60 4.77 3.87 3.50 3.92 4.21 3.68 3.37 3.98 4.51 4.34 4.18 5.13 5.90 5.09 5.11 6.72 7.05 6.04 5.52 4.65 4.00 3.65 2.68 3.24 4.45 2.96 1.15 1.24 2.35 3.11 3.36 4.19
4.52 4.38 4.07 3.72 3.39 3.08 2.82 2.59 2.39 2.18 1.98 1.83 1.70 1.58 1.47 1.38 1.29 1.22 1.16 1.10 1.05 1.01 0.99 0.98 0.97 0.92 0.90 0.90 0.92 1.10 1.32 1.35 1.21 1.03 0.84 0.77 1.08 1.68 2.10 2.40 2.79 3.07 3.08 3.24 3.35 3.14 3.03 3.02 3.01 3.55 4.84 5.08 3.84 3.10 3.47 3.90 3.61 3.28 3.61 4.14 4.13 3.94 4.73 5.76 6.00 6.07 6.54 7.02 6.42 4.99 4.07 4.15 4.06 3.30 4.02 4.38 2.28 0.73 0.87 1.96 2.94 3.39 4.31
4.70 4.57 4.28 3.95 3.64 3.35 3.05 2.77 2.55 2.35 2.15 1.98 1.83 1.69 1.57 1.46 1.37 1.30 1.24 1.17 1.12 1.07 1.05 1.06 1.05 1.01 1.00 1.02 1.02 1.13 1.28 1.30 1.17 0.99 0.85 0.84 1.28 1.93 2.12 2.26 2.63 2.94 3.24 3.60 3.36 2.77 2.72 2.98 3.31 3.95 5.01 5.04 3.70 2.94 3.22 3.53 3.42 3.26 3.48 4.03 4.25 4.29 4.71 5.27 6.25 7.03 6.97 6.87 5.98 4.33 3.91 4.61 4.50 3.94 4.33 3.72 1.66 0.50 0.80 1.92 2.90 3.59 4.81
4.86 4.72 4.44 4.13 3.83 3.52 3.24 2.96 2.71 2.50 2.29 2.11 1.95 1.80 1.67 1.56 1.47 1.40 1.33 1.28 1.22 1.17 1.14 1.12 1.13 1.11 1.10 1.13 1.12 1.15 1.25 1.28 1.21 1.08 0.98 1.11 1.54 1.94 1.99 2.09 2.40 2.93 3.55 3.65 2.94 2.49 2.67 3.10 3.78 4.51 4.94 4.59 3.52 2.87 3.06 3.34 3.26 3.24 3.58 4.17 4.57 4.81 4.94 5.34 6.75 7.73 7.37 6.48 5.06 3.91 4.04 4.76 4.76 4.39 4.13 2.96 1.26 0.64 1.05 2.09 3.10 4.17 5.70
5.06 4.92 4.61 4.30 3.99 3.68 3.40 3.14 2.89 2.66 2.44 2.24 2.08 1.94 1.82 1.70 1.60 1.52 1.44 1.38 1.33 1.29 1.25 1.22 1.21 1.22 1.22 1.21 1.22 1.22 1.27 1.32 1.29 1.18 1.13 1.34 1.62 1.80 1.91 2.02 2.35 3.02 3.64 3.37 2.45 2.36 2.90 3.61 4.45 4.72 4.42 3.96 3.38 2.82 2.95 3.32 3.30 3.39 3.91 4.47 4.90 5.28 5.54 6.26 7.58 7.88 7.16 5.97 4.25 3.60 4.15 4.64 4.84 4.61 3.92 2.76 1.33 0.92 1.46 2.60 3.83 5.01 5.89
5.27 5.09 4.79 4.50 4.18 3.83 3.52 3.26 3.03 2.81 2.60 2.41 2.23 2.08 1.94 1.83 1.72 1.63 1.56 1.49 1.42 1.39 1.36 1.34 1.32 1.32 1.32 1.31 1.31 1.32 1.34 1.39 1.39 1.30 1.31 1.47 1.64 1.78 1.93 2.06 2.40 2.99 3.44 2.99 2.19 2.48 3.37 4.38 4.75 4.20 3.71 3.45 3.14 2.91 2.93 3.27 3.53 3.89 4.55 4.93 5.21 5.85 6.61 7.19 7.65 7.38 6.43 5.36 3.96 3.53 4.10 4.39 4.69 4.55 3.81 2.83 1.68 1.18 1.96 3.39 4.48 5.12 5.24
5.46 5.26 4.92 4.64 4.36 3.99 3.59 3.32 3.14 2.94 2.74 2.56 2.38 2.22 2.07 1.94 1.83 1.74 1.65 1.60 1.55 1.49 1.46 1.45 1.45 1.43 1.42 1.42 1.43 1.44 1.44 1.48 1.51 1.46 1.46 1.54 1.69 1.81 1.92 2.11 2.44 2.89 3.07 2.54 2.24 2.96 4.04 4.70 4.34 3.46 3.18 3.01 2.91 3.11 3.07 3.29 3.95 4.65 5.43 5.54 5.53 6.48 7.31 7.28 7.15 6.77 5.65 4.78 3.93 3.63 4.00 4.14 4.38 4.24 3.63 2.89 2.06 1.68 2.54 3.88 4.70 4.81 4.73
5.57 5.38 5.07 4.78 4.55 4.24 3.75 3.37 3.19 3.02 2.83 2.65 2.49 2.33 2.19 2.05 1.94 1.86 1.77 1.71 1.67 1.61 1.57 1.58 1.57 1.54 1.53 1.53 1.54 1.55 1.56 1.61 1.63 1.60 1.55 1.60 1.75 1.88 1.98 2.19 2.48 2.72 2.62 2.27 2.56 3.65 4.47 4.40 3.72 2.98 2.66 2.70 2.90 3.20 3.22 3.61 4.64 5.62 6.30 5.89 5.59 6.59 7.30 7.09 6.80 6.26 5.20 4.39 3.88 3.69 3.87 3.97 4.02 3.81 3.39 2.91 2.43 2.34 3.02 4.07 4.71 4.73 4.55
5.72 5.51 5.22 4.97 4.71 4.48 4.01 3.48 3.21 3.09 2.95 2.75 2.59 2.45 2.31 2.18 2.06 1.97 1.89 1.84 1.79 1.73 1.70 1.70 1.70 1.67 1.64 1.64 1.66 1.68 1.70 1.73 1.75 1.72 1.68 1.70 1.83 2.01 2.12 2.27 2.45 2.51 2.39 2.36 2.94 4.04 4.43 3.84 3.13 2.46 2.25 2.66 3.12 3.32 3.51 4.28 5.61 6.69 6.63 5.63 5.26 6.11 7.00 7.25 6.81 5.89 4.90 4.11 3.73 3.65 3.74 3.81 3.68 3.39 3.16 2.92 2.71 2.81 3.40 4.21 4.74 4.86 4.58
5.94 5.65 5.28 5.15 4.98 4.73 4.37 3.81 3.30 3.12 3.04 2.89 2.72 2.57 2.45 2.34 2.21 2.11 2.03 1.96 1.91 1.87 1.83 1.81 1.83 1.82 1.77 1.76 1.79 1.81 1.84 1.85 1.86 1.86 1.84 1.86 1.98 2.14 2.21 2.26 2.35 2.47 2.52 2.58 3.20 4.09 4.07 3.30 2.59 2.03 2.02 2.75 3.38 3.54 4.03 5.27 6.72 7.05 6.05 4.96 4.81 5.53 6.88 7.75 6.95 5.52 4.54 3.85 3.56 3.55 3.61 3.61 3.37 3.10 2.99 2.93 2.86 3.02 3.64 4.41 4.90 4.98 4.70
6.22 5.75 5.22 5.17 5.15 4.96 4.73 4.31 3.62 3.21 3.10 2.99 2.85 2.68 2.55 2.46 2.36 2.23 2.16 2.11 2.04 2.01 1.98 1.94 1.95 1.95 1.91 1.90 1.93 1.94 1.96 1.98 1.99 2.01 2.02 2.05 2.12 2.20 2.23 2.23 2.36 2.64 2.74 2.77 3.27 3.83 3.52 2.65 2.21 1.96 2.12 3.08 3.68 3.92 4.80 6.46 7.21 6.47 5.16 4.44 4.47 5.21 7.20 8.34 6.91 5.10 4.19 3.60 3.41 3.43 3.46 3.38 3.13 2.96 3.01 3.00 2.92 3.06 3.72 4.59 5.03 5.08 4.93
6.65 5.91 5.11 5.11 5.14 4.92 4.80 4.69 4.10 3.46 3.21 3.10 2.98 2.81 2.66 2.57 2.49 2.37 2.28 2.24 2.18 2.13 2.11 2.09 2.08 2.07 2.05 2.05 2.07 2.08 2.09 2.11 2.14 2.16 2.19 2.22 2.25 2.28 2.30 2.28 2.45 2.85 2.94 2.89 3.13 3.43 2.89 2.00 2.03 2.31 2.76 3.41 3.95 4.49 5.79 7.17 6.79 5.46 4.56 4.27 4.44 5.36 7.83 8.75 6.65 4.74 3.86 3.33 3.26 3.35 3.32 3.19 2.98 2.94 3.12 3.13 2.98 3.10 3.77 4.57 4.90 5.20 5.31
7.03 6.29 5.24 5.10 5.25 4.94 4.76 4.87 4.52 3.80 3.32 3.15 3.07 2.94 2.81 2.69 2.60 2.51 2.43 2.38 2.32 2.26 2.24 2.24 2.21 2.19 2.19 2.20 2.21 2.22 2.23 2.26 2.28 2.32 2.35 2.38 2.40 2.41 2.41 2.41 2.59 3.03 3.14 2.94 2.89 2.93 2.43 1.75 2.22 2.92 3.16 3.49 4.13 5.13 6.61 7.21 5.88 4.50 4.14 4.33 4.72 5.93 8.43 8.85 6.41 4.46 3.50 3.01 3.17 3.34 3.23 3.02 2.87 2.99 3.25 3.26 3.08 3.30 3.98 4.38 4.56 5.19 5.63
7.02 6.70 5.71 5.04 5.26 5.12 4.76 4.93 4.88 4.25 3.55 3.21 3.11 3.03 2.94 2.83 2.72 2.63 2.57 2.54 2.47 2.41 2.38 2.37 2.35 2.32 2.33 2.35 2.35 2.36 2.38 2.41 2.43 2.47 2.50 2.52 2.55 2.56 2.57 2.58 2.76 3.14 3.20 2.86 2.62 2.60 2.32 2.05 2.72 3.20 3.10 3.56 4.37 5.45 7.06 6.93 4.91 3.76 3.90 4.51 5.16 6.65 8.84 8.72 6.18 4.20 3.15 2.67 3.08 3.38 3.12 2.80 2.84 3.13 3.37 3.36 3.19 3.58 4.29 4.26 4.30 5.10 5.61
6.73 6.84 6.30 5.23 5.05 5.04 4.64 4.72 5.01 4.77 4.01 3.38 3.16 3.09 3.02 2.94 2.84 2.76 2.71 2.67 2.64 2.59 2.53 2.50 2.48 2.47 2.48 2.49 2.50 2.52 2.53 2.55 2.58 2.62 2.64 2.67 2.70 2.72 2.74 2.77 2.90 3.09 3.08 2.81 2.64 2.62 2.53 2.63 3.05 3.03 2.90 3.84 4.60 5.59 7.31 6.48 4.03 3.40 3.96 4.81 5.80 7.38 8.94 8.44 5.99 3.88 2.83 2.43 2.96 3.28 2.89 2.71 3.02 3.33 3.44 3.38 3.33 3.93 4.55 4.35 4.37 5.00 5.37
6.70 6.80 6.67 5.91 5.28 5.05 4.64 4.39 4.73 5.02 4.54 3.76 3.37 3.19 3.06 3.03 2.97 2.87 2.83 2.78 2.77 2.76 2.70 2.65 2.62 2.61 2.62 2.64 2.64 2.66 2.69 2.71 2.73 2.77 2.80 2.82 2.85 2.88 2.90 2.93 2.99 3.04 3.03 2.95 2.90 2.88 2.92 3.04 3.10 2.82 2.84 4.05 4.70 5.79 7.32 5.77 3.49 3.45 4.29 5.37 6.61 7.82 8.68 8.12 5.80 3.56 2.53 2.30 2.66 2.85 2.67 2.92 3.36 3.46 3.51 3.38 3.58 4.36 4.72 4.55 4.50 4.82 5.08
6.92 6.82 6.69 6.39 5.92 5.48 4.97 4.39 4.38 4.92 4.82 4.24 3.88 3.49 3.11 3.08 3.10 3.01 2.96 2.90 2.89 2.89 2.86 2.83 2.77 2.75 2.77 2.78 2.80 2.82 2.84 2.86 2.88 2.92 2.95 2.97 3.00 3.03 3.05 3.07 3.10 3.12 3.14 3.16 3.14 3.15 3.16 3.15 3.08 2.77 2.80 3.98 4.79 5.99 7.12 5.20 3.33 3.81 4.98 6.14 7.12 7.77 8.17 7.81 5.84 3.54 2.39 2.17 2.28 2.45 2.71 3.30 3.58 3.54 3.62 3.50 3.92 4.72 4.81 4.59 4.46 4.62 4.85
7.16 6.95 6.64 6.45 6.23 5.92 5.52 4.83 4.42 4.71 4.69 4.44 4.41 4.07 3.44 3.15 3.15 3.13 3.08 3.05 3.03 3.02 3.01 2.99 2.92 2.89 2.92 2.93 2.95 2.97 2.99 3.01 3.04 3.07 3.10 3.12 3.15 3.18 3.20 3.21 3.24 3.25 3.27 3.29 3.30 3.31 3.26 3.20 3.07 2.80 2.78 3.79 5.05 6.24 6.79 4.95 3.48 4.33 5.79 6.69 7.09 7.39 7.64 7.44 5.94 3.74 2.42 1.96 1.93 2.46 3.08 3.50 3.65 3.72 3.79 3.76 4.32 4.94 4.76 4.37 4.23 4.48 4.71
7.33 7.12 6.75 6.53 6.30 6.06 5.88 5.40 4.88 4.70 4.41 4.22 4.51 4.61 4.06 3.46 3.25 3.19 3.18 3.19 3.16 3.15 3.16 3.14 3.07 3.04 3.07 3.09 3.10 3.13 3.14 3.17 3.20 3.22 3.25 3.28 3.31 3.33 3.35 3.36 3.39 3.40 3.41 3.44 3.44 3.43 3.39 3.32 3.20 3.05 3.07 3.89 5.33 6.26 6.33 4.78 3.83 5.04 6.40 6.80 6.80 6.94 7.15 7.03 5.90 4.05 2.62 1.68 1.76 2.83 3.42 3.51 3.80 4.03 3.95 4.03 4.72 4.93 4.46 4.06 3.97 4.34 4.62
7.39 7.25 6.94 6.68 6.45 6.18 6.02 5.78 5.38 4.93 4.41 4.01 4.22 4.71 4.61 4.08 3.60 3.33 3.27 3.27 3.26 3.30 3.32 3.26 3.20 3.20 3.23 3.25 3.26 3.29 3.29 3.32 3.35 3.37 3.41 3.43 3.46 3.48 3.51 3.52 3.54 3.56 3.56 3.58 3.57 3.56 3.56 3.53 3.48 3.41 3.47 4.04 5.25 6.07 5.83 4.65 4.51 5.86 6.67 6.64 6.47 6.39 6.55 6.58 5.78 4.41 2.79 1.45 1.90 3.23 3.61 3.65 4.09 4.31 4.08 4.29 4.88 4.58 4.01 3.84 3.83 4.19 4.48
7.50 7.38 7.10 6.84 6.64 6.43 6.22 6.05 5.73 5.24 4.65 4.06 4.02 4.43 4.70 4.66 4.23 3.74 3.47 3.33 3.35 3.43 3.45 3.39 3.34 3.37 3.42 3.41 3.42 3.44 3.45 3.48 3.51 3.54 3.56 3.59 3.62 3.64 3.66 3.68 3.70 3.71 3.71 3.71 3.73 3.74 3.76 3.77 3.75 3.69 3.65 3.96 4.97 5.77 5.31 4.57 5.32 6.42 6.60 6.37 6.07 5.90 6.05 6.13 5.57 4.57 2.84 1.55 2.37 3.59 3.79 4.00 4.43 4.47 4.23 4.44 4.62 4.11 3.72 3.71 3.78 4.07 4.32
7.65 7.53 7.26 6.99 6.76 6.61 6.51 6.36 6.00 5.54 4.99 4.32 4.06 4.14 4.36 4.75 4.78 4.37 3.89 3.53 3.47 3.52 3.52 3.48 3.49 3.56 3.60 3.59 3.58 3.59 3.61 3.64 3.66 3.69 3.72 3.75 3.77 3.80 3.82 3.84 3.86 3.86 3.87 3.88 3.90 3.93 3.96 3.98 3.94 3.89 3.76 3.98 4.92 5.44 4.82 4.74 6.01 6.67 6.46 6.16 5.77 5.68 5.83 5.64 5.24 4.45 2.73 2.04 3.12 3.86 3.98 4.34 4.73 4.54 4.28 4.30 4.11 3.81 3.60 3.58 3.75 3.95 4.20
7.93 7.70 7.40 7.15 6.86 6.70 6.69 6.62 6.25 5.85 5.41 4.72 4.24 4.09 4.06 4.44 4.89 4.87 4.44 3.97 3.73 3.64 3.59 3.57 3.63 3.73 3.80 3.78 3.73 3.74 3.77 3.80 3.82 3.85 3.87 3.91 3.93 3.96 3.98 4.00 4.01 4.02 4.03 4.05 4.08 4.11 4.14 4.15 4.13 4.10 4.03 4.24 4.97 5.23 4.65 4.97 6.37 6.79 6.42 6.14 5.74 5.55 5.42 5.01 4.88 4.23 2.79 2.87 3.80 4.04 4.16 4.61 4.98 4.59 4.15 3.93 3.74 3.66 3.46 3.40 3.67 3.82 4.14
8.32 7.98 7.57 7.34 7.07 6.82 6.75 6.72 6.46 6.11 5.81 5.24 4.49 4.15 4.04 4.18 4.64 4.96 4.90 4.52 4.14 3.89 3.75 3.70 3.73 3.86 4.02 3.96 3.87 3.91 3.94 3.95 3.98 4.01 4.03 4.07 4.09 4.12 4.13 4.16 4.17 4.19 4.21 4.22 4.26 4.28 4.30 4.31 4.32 4.32 4.36 4.50 4.95 5.21 4.70 4.90 6.43 6.95 6.59 6.34 5.64 4.81 4.45 4.61 4.84 4.13 3.40 3.84 4.18 4.13 4.33 4.83 5.15 4.60 3.88 3.60 3.64 3.54 3.15 3.18 3.51 3.75 4.34
8.50 8.26 7.91 7.62 7.35 7.07 6.82 6.79 6.66 6.30 6.11 5.78 4.82 4.19 4.19 4.23 4.37 4.70 4.97 4.95 4.63 4.26 4.05 3.95 3.82 3.97 4.19 4.12 4.07 4.11 4.09 4.10 4.14 4.17 4.19 4.22 4.25 4.27 4.30 4.32 4.34 4.35 4.37 4.39 4.42 4.44 4.47 4.49 4.52 4.56 4.63 4.70 4.98 5.20 4.82 4.99 6.32 7.06 6.86 6.34 4.85 3.31 3.64 4.84 5.23 4.70 4.41 4.36 4.21 4.24 4.45 4.97 5.24 4.48 3.69 3.50 3.58 3.29 2.76 2.96 3.44 3.95 4.91
8.12 8.36 8.48 8.05 7.66 7.38 6.94 6.84 6.94 6.63 6.39 6.11 5.22 4.42 4.31 4.36 4.38 4.47 4.71 5.05 4.99 4.62 4.47 4.31 4.05 4.12 4.31 4.27 4.27 4.31 4.26 4.25 4.30 4.33 4.36 4.39 4.41 4.43 4.46 4.48 4.49 4.52 4.54 4.56 4.59 4.61 4.64 4.66 4.71 4.76 4.83 4.89 5.04 5.16 5.05 5.32 6.19 6.86 6.84 5.96 3.90 2.70 3.98 5.44 5.67 5.33 4.85 4.32 4.16 4.35 4.50 5.02 5.22 4.38 3.74 3.48 3.32 2.95 2.46 2.78 3.67 4.70 6.20
6.95 8.09 9.03 8.64 8.34 7.79 6.91 6.76 7.21 7.24 6.81 6.18 5.54 4.96 4.47 4.38 4.55 4.52 4.55 4.93 4.99 4.78 4.86 4.76 4.41 4.35 4.42 4.43 4.46 4.50 4.44 4.41 4.47 4.50 4.52 4.55 4.57 4.60 4.62 4.63 4.66 4.67 4.70 4.72 4.75 4.77 4.80 4.84 4.88 4.93 4.99 5.05 5.13 5.21 5.31 5.55 5.97 6.27 6.36 5.66 3.79 3.33 4.68 5.73 5.87 5.50 4.85 4.26 4.24 4.46 4.55 4.99 5.14 4.41 3.71 3.33 3.03 2.61 2.35 3.05 4.47 6.11 8.21
5.69 7.36 8.89 9.00 9.20 8.54 6.84 6.58 7.56 7.89 7.20 6.25 5.75 5.37 4.78 4.47 4.71 4.80 4.68 4.79 4.78 4.77 5.05 5.09 4.78 4.61 4.65 4.75 4.74 4.69 4.62 4.60 4.65 4.66 4.68 4.71 4.74 4.75 4.78 4.79 4.81 4.83 4.86 4.88 4.91 4.94 4.97 5.01 5.05 5.09 5.14 5.19 5.26 5.33 5.44 5.58 5.74 5.79 5.89 5.55 4.36 4.23 5.17 5.80 5.85 5.33 4.77 4.48 4.48 4.56 4.55 4.85 5.11 4.42 3.51 3.20 2.91 2.45 2.49 3.75 5.35 7.14 8.92
5.91 6.88 8.25 8.77 9.41 9.18 7.28 6.46 7.92 8.57 7.54 6.44 5.99 5.59 5.11 4.81 4.91 5.10 4.89 4.70 4.72 4.83 5.05 5.16 4.85 4.68 5.13 5.37 5.13 4.96 4.83 4.78 4.81 4.82 4.84 4.88 4.90 4.92 4.93 4.95 4.97 4.99 5.02 5.04 5.07 5.10 5.13 5.16 5.20 5.24 5.29 5.33 5.39 5.46 5.52 5.60 5.65 5.65 5.68 5.51 4.94 4.89 5.47 5.80 5.57 5.05 4.86 4.85 4.73 4.55 4.34 4.80 5.24 4.33 3.39 3.21 2.88 2.59 2.84 4.24 5.83 7.19 8.03
7.28 7.59 8.19 8.65 9.22 9.21 7.57 6.53 8.07 9.08 7.81 6.52 6.25 5.92 5.47 5.20 5.21 5.38 5.17 4.83 4.83 4.93 5.10 5.15 4.49 4.40 5.57 6.08 5.64 5.27 5.11 5.00 4.96 4.97 4.98 5.04 5.06 5.07 5.08 5.10 5.13 5.14 5.17 5.20 5.23 5.26 5.29 5.33 5.36 5.40 5.43 5.47 5.52 5.56 5.60 5.64 5.65 5.66 5.62 5.50 5.29 5.32 5.55 5.52 5.25 5.05 5.12 5.08 4.78 4.31 4.16 5.11 5.39 4.10 3.27 3.12 2.99 2.91 3.20 4.28 5.56 6.46 6.93
8.59 8.53 8.63 8.81 9.05 8.94 7.88 7.14 8.41 9.28 7.67 6.48 6.37 6.10 5.81 5.51 5.47 5.67 5.55 5.18 5.01 5.08 5.26 5.16 4.25 4.06 5.59 6.55 6.18 5.66 5.47 5.31 5.19 5.11 5.11 5.19 5.22 5.21 5.23 5.26 5.27 5.30 5.32 5.35 5.38 5.41 5.44 5.48 5.51 5.54 5.58 5.61 5.64 5.67 5.69 5.71 5.71 5.70 5.66 5.59 5.50 5.52 5.53 5.41 5.28 5.27 5.21 5.06 4.71 4.27 4.43 5.40 5.32 3.77 3.04 3.08 3.26 3.19 3.21 3.81 4.67 5.71 7.00
9.56 9.44 9.20 8.98 8.92 8.87 8.37 7.98 8.74 8.93 7.42 6.68 6.52 6.17 6.00 5.71 5.63 5.85 5.83 5.51 5.34 5.41 5.47 5.23 4.43 4.09 5.28 6.55 6.60 6.18 5.85 5.63 5.55 5.35 5.24 5.35 5.34 5.34 5.37 5.40 5.43 5.45 5.47 5.50 5.54 5.56 5.60 5.63 5.67 5.69 5.72 5.75 5.77 5.79 5.80 5.80 5.79 5.78 5.74 5.68 5.63 5.60 5.58 5.50 5.43 5.38 5.18 5.04 4.78 4.64 4.86 5.30 4.94 3.40 2.92 3.14 3.45 3.31 2.88 3.21 4.18 5.67 8.33
10.53 10.32 9.69 9.11 9.06 9.08 8.78 8.60 8.70 8.24 7.43 7.07 6.73 6.33 6.14 5.93 5.85 5.98 5.91 5.68 5.68 5.77 5.70 5.45 4.74 4.33 5.11 6.20 6.72 6.69 6.23 5.94 6.01 5.80 5.50 5.46 5.45 5.46 5.51 5.55 5.58 5.58 5.61 5.65 5.69 5.72 5.75 5.79 5.81 5.85 5.86 5.89 5.89 5.91 5.91 5.90 5.89 5.87 5.84 5.79 5.75 5.71 5.67 5.60 5.51 5.40 5.23 5.10 5.03 5.04 5.00 4.92 4.40 3.32 3.06 3.34 3.55 3.32 2.64 2.92 4.35 6.75 10.12
