windninja/windninja_output/Output_2025-08-24_0700-0750_Google earth_Fire_150m_10min/merlingen_7.5mi_point_08-24-2025_0720_150m_vel.asc
ncols	158
nrows	163
xllcorner	391686.332397
yllcorner	5160024.123721
cellsize	150.000000
NODATA_value	-32768.000000
[rows 38 to 75 of 163, columns 0 to 83 of 158]
0.33 0.33 0.33 0.33 0.33 0.34 0.34 0.34 0.34 0.35 0.35 0.36 0.36 0.36 0.36 0.36 0.36 0.36 0.37 0.37 0.37 0.37 0.37 0.37 0.36 0.36 0.36 0.37 0.40 0.40 0.39 0.38 0.38 0.40 0.45 0.48 0.48 0.50 0.52 0.50 0.49 0.49 0.49 0.51 0.53 0.53 0.53 0.55 0.57 0.59 0.58 0.55 0.57 0.60 0.59 0.56 0.59 0.67 0.72 0.75 0.80 0.78 0.66 0.52 0.46 0.50 0.63 0.67 0.60 0.55 0.55 0.56 0.58 0.57 0.53 0.50 0.46 0.49 0.60 0.66 0.54 0.50 0.56 0.68
0.32 0.32 0.32 0.33 0.33 0.33 0.34 0.34 0.34 0.35 0.35 0.35 0.36 0.36 0.36 0.36 0.36 0.36 0.36 0.37 0.37 0.37 0.37 0.37 0.37 0.36 0.36 0.36 0.35 0.34 0.33 0.33 0.35 0.38 0.42 0.45 0.49 0.54 0.57 0.56 0.53 0.51 0.51 0.53 0.57 0.59 0.57 0.56 0.58 0.63 0.64 0.60 0.61 0.69 0.74 0.71 0.71 0.76 0.82 0.86 0.90 0.94 0.88 0.68 0.52 0.52 0.63 0.66 0.59 0.55 0.56 0.58 0.59 0.58 0.56 0.55 0.52 0.52 0.61 0.75 0.73 0.62 0.56 0.60
0.32 0.31 0.32 0.32 0.33 0.34 0.34 0.35 0.35 0.35 0.35 0.35 0.36 0.36 0.37 0.37 0.37 0.37 0.37 0.37 0.37 0.37 0.37 0.37 0.37 0.36 0.35 0.33 0.31 0.30 0.31 0.30 0.31 0.33 0.37 0.41 0.45 0.51 0.58 0.62 0.60 0.57 0.56 0.55 0.57 0.60 0.62 0.60 0.60 0.64 0.67 0.63 0.63 0.69 0.77 0.79 0.77 0.75 0.77 0.80 0.82 0.89 0.96 0.84 0.61 0.57 0.67 0.69 0.61 0.58 0.56 0.53 0.51 0.50 0.54 0.58 0.57 0.57 0.60 0.71 0.80 0.78 0.71 0.67
0.32 0.32 0.32 0.33 0.33 0.34 0.34 0.35 0.35 0.35 0.35 0.36 0.36 0.36 0.37 0.37 0.37 0.37 0.37 0.37 0.37 0.37 0.37 0.37 0.37 0.36 0.35 0.33 0.31 0.31 0.31 0.31 0.30 0.31 0.35 0.40 0.43 0.45 0.51 0.61 0.67 0.69 0.68 0.65 0.62 0.65 0.70 0.71 0.69 0.69 0.71 0.69 0.64 0.60 0.61 0.66 0.65 0.60 0.60 0.64 0.67 0.72 0.86 0.93 0.78 0.65 0.70 0.75 0.70 0.66 0.62 0.57 0.53 0.50 0.54 0.59 0.59 0.58 0.57 0.61 0.70 0.76 0.80 0.80
0.32 0.32 0.33 0.33 0.34 0.34 0.34 0.35 0.35 0.36 0.36 0.36 0.36 0.36 0.37 0.37 0.37 0.37 0.37 0.37 0.37 0.37 0.37 0.37 0.37 0.36 0.35 0.34 0.33 0.33 0.33 0.33 0.32 0.32 0.35 0.40 0.46 0.50 0.54 0.60 0.65 0.68 0.69 0.70 0.69 0.68 0.68 0.67 0.64 0.62 0.64 0.64 0.58 0.52 0.50 0.53 0.54 0.51 0.51 0.55 0.58 0.60 0.71 0.87 0.91 0.81 0.77 0.83 0.84 0.80 0.76 0.72 0.66 0.60 0.60 0.62 0.62 0.59 0.57 0.60 0.66 0.69 0.73 0.80
0.32 0.32 0.33 0.33 0.34 0.35 0.35 0.35 0.35 0.36 0.36 0.36 0.36 0.36 0.37 0.37 0.37 0.37 0.37 0.37 0.37 0.37 0.37 0.37 0.37 0.36 0.36 0.35 0.34 0.33 0.32 0.33 0.33 0.33 0.35 0.38 0.44 0.50 0.54 0.55 0.56 0.58 0.60 0.62 0.62 0.59 0.57 0.57 0.57 0.55 0.57 0.60 0.58 0.54 0.51 0.51 0.51 0.51 0.52 0.54 0.55 0.53 0.57 0.68 0.83 0.88 0.86 0.89 0.96 0.99 0.98 0.96 0.89 0.81 0.77 0.73 0.69 0.64 0.59 0.59 0.64 0.68 0.72 0.76
0.32 0.32 0.32 0.33 0.34 0.34 0.35 0.35 0.35 0.36 0.36 0.36 0.36 0.36 0.37 0.37 0.37 0.37 0.37 0.38 0.38 0.37 0.37 0.37 0.37 0.37 0.37 0.36 0.35 0.33 0.33 0.33 0.34 0.34 0.34 0.36 0.38 0.41 0.43 0.45 0.48 0.52 0.55 0.55 0.54 0.53 0.53 0.54 0.57 0.58 0.61 0.63 0.62 0.59 0.56 0.54 0.52 0.52 0.53 0.56 0.57 0.56 0.54 0.57 0.66 0.78 0.83 0.84 0.90 1.00 1.05 1.06 1.05 0.98 0.89 0.81 0.74 0.69 0.64 0.60 0.60 0.65 0.71 0.74
0.32 0.32 0.33 0.33 0.34 0.34 0.35 0.35 0.35 0.36 0.36 0.36 0.36 0.37 0.37 0.37 0.37 0.38 0.38 0.38 0.38 0.38 0.38 0.37 0.37 0.37 0.37 0.36 0.35 0.35 0.34 0.35 0.35 0.34 0.34 0.33 0.32 0.33 0.35 0.39 0.44 0.49 0.52 0.51 0.51 0.53 0.55 0.56 0.57 0.59 0.60 0.61 0.60 0.56 0.55 0.56 0.53 0.52 0.53 0.57 0.60 0.62 0.61 0.61 0.65 0.68 0.73 0.75 0.72 0.74 0.81 0.88 0.93 0.93 0.88 0.81 0.73 0.69 0.69 0.68 0.67 0.66 0.65 0.66
0.33 0.33 0.33 0.34 0.34 0.34 0.34 0.35 0.35 0.36 0.36 0.36 0.36 0.37 0.37 0.37 0.38 0.38 0.38 0.38 0.38 0.38 0.38 0.38 0.38 0.37 0.37 0.36 0.36 0.35 0.35 0.34 0.34 0.34 0.34 0.33 0.31 0.31 0.33 0.37 0.40 0.44 0.48 0.50 0.50 0.51 0.55 0.57 0.57 0.55 0.55 0.57 0.58 0.55 0.53 0.55 0.55 0.53 0.53 0.56 0.63 0.67 0.68 0.67 0.67 0.66 0.66 0.68 0.64 0.61 0.64 0.70 0.78 0.83 0.84 0.82 0.75 0.70 0.71 0.71 0.66 0.61 0.58 0.60
0.34 0.33 0.33 0.34 0.34 0.34 0.33 0.34 0.35 0.35 0.36 0.37 0.37 0.37 0.37 0.37 0.37 0.38 0.38 0.38 0.38 0.38 0.38 0.38 0.38 0.37 0.37 0.37 0.37 0.36 0.35 0.35 0.34 0.33 0.32 0.31 0.31 0.31 0.32 0.33 0.36 0.40 0.45 0.50 0.51 0.52 0.52 0.53 0.53 0.53 0.54 0.55 0.57 0.59 0.57 0.57 0.59 0.58 0.57 0.56 0.61 0.66 0.66 0.63 0.61 0.61 0.61 0.62 0.62 0.61 0.62 0.64 0.69 0.76 0.80 0.80 0.75 0.68 0.64 0.62 0.59 0.55 0.57 0.59
0.34 0.34 0.34 0.34 0.34 0.34 0.33 0.33 0.34 0.35 0.35 0.36 0.36 0.37 0.37 0.37 0.37 0.37 0.38 0.38 0.38 0.38 0.38 0.38 0.38 0.37 0.37 0.37 0.37 0.37 0.36 0.35 0.35 0.33 0.32 0.31 0.31 0.31 0.31 0.31 0.32 0.35 0.40 0.45 0.50 0.53 0.52 0.52 0.52 0.53 0.54 0.55 0.55 0.56 0.57 0.58 0.59 0.61 0.62 0.62 0.61 0.62 0.62 0.58 0.54 0.54 0.56 0.58 0.59 0.59 0.60 0.61 0.65 0.71 0.75 0.76 0.73 0.67 0.62 0.61 0.62 0.60 0.59 0.61
0.34 0.34 0.34 0.34 0.34 0.35 0.34 0.32 0.33 0.34 0.35 0.36 0.36 0.36 0.37 0.37 0.37 0.37 0.38 0.38 0.38 0.38 0.38 0.38 0.38 0.38 0.38 0.38 0.38 0.37 0.37 0.36 0.36 0.35 0.34 0.32 0.32 0.32 0.32 0.31 0.31 0.32 0.34 0.39 0.44 0.48 0.50 0.50 0.50 0.51 0.53 0.57 0.58 0.59 0.60 0.61 0.62 0.62 0.63 0.64 0.61 0.60 0.61 0.58 0.53 0.52 0.53 0.54 0.56 0.58 0.59 0.61 0.64 0.67 0.71 0.74 0.74 0.73 0.71 0.70 0.69 0.68 0.65 0.63
0.34 0.34 0.34 0.35 0.36 0.36 0.36 0.34 0.32 0.33 0.35 0.35 0.36 0.37 0.37 0.38 0.38 0.38 0.38 0.38 0.38 0.38 0.38 0.38 0.39 0.39 0.38 0.38 0.38 0.38 0.37 0.37 0.36 0.36 0.35 0.33 0.33 0.33 0.32 0.32 0.32 0.32 0.34 0.36 0.39 0.43 0.46 0.47 0.46 0.45 0.46 0.52 0.57 0.61 0.64 0.65 0.65 0.64 0.62 0.59 0.57 0.57 0.59 0.59 0.54 0.51 0.51 0.51 0.53 0.55 0.57 0.59 0.61 0.64 0.67 0.70 0.72 0.74 0.75 0.75 0.74 0.72 0.69 0.66
0.35 0.34 0.33 0.35 0.37 0.38 0.39 0.38 0.34 0.33 0.34 0.35 0.36 0.36 0.37 0.37 0.38 0.38 0.38 0.38 0.38 0.39 0.39 0.39 0.39 0.39 0.39 0.38 0.38 0.38 0.38 0.37 0.37 0.36 0.35 0.34 0.32 0.31 0.31 0.32 0.32 0.33 0.33 0.34 0.37 0.40 0.43 0.46 0.47 0.45 0.44 0.50 0.54 0.56 0.59 0.62 0.62 0.62 0.60 0.57 0.54 0.55 0.59 0.59 0.53 0.50 0.50 0.51 0.53 0.54 0.55 0.57 0.59 0.62 0.63 0.65 0.66 0.68 0.72 0.76 0.77 0.74 0.69 0.64
0.36 0.34 0.32 0.34 0.35 0.36 0.38 0.40 0.38 0.35 0.34 0.35 0.36 0.36 0.36 0.37 0.38 0.38 0.38 0.38 0.38 0.38 0.39 0.39 0.38 0.39 0.39 0.39 0.39 0.38 0.38 0.38 0.37 0.37 0.36 0.35 0.33 0.32 0.31 0.31 0.32 0.33 0.33 0.33 0.35 0.38 0.41 0.44 0.51 0.54 0.55 0.58 0.61 0.59 0.57 0.56 0.56 0.57 0.58 0.57 0.56 0.56 0.61 0.60 0.53 0.50 0.52 0.53 0.54 0.55 0.56 0.58 0.60 0.62 0.63 0.62 0.61 0.61 0.64 0.71 0.76 0.79 0.74 0.64
0.39 0.36 0.33 0.34 0.36 0.36 0.38 0.40 0.39 0.36 0.34 0.34 0.35 0.36 0.37 0.37 0.37 0.38 0.38 0.38 0.38 0.38 0.38 0.39 0.39 0.39 0.39 0.39 0.39 0.39 0.38 0.38 0.38 0.37 0.37 0.36 0.35 0.33 0.32 0.31 0.32 0.34 0.34 0.33 0.33 0.37 0.41 0.44 0.52 0.57 0.59 0.59 0.61 0.62 0.59 0.55 0.53 0.55 0.57 0.58 0.58 0.57 0.62 0.62 0.56 0.53 0.54 0.56 0.58 0.58 0.59 0.61 0.63 0.64 0.64 0.62 0.60 0.58 0.58 0.61 0.68 0.77 0.81 0.76
0.40 0.39 0.36 0.34 0.36 0.38 0.38 0.40 0.41 0.38 0.34 0.33 0.34 0.35 0.36 0.37 0.37 0.38 0.38 0.38 0.38 0.38 0.38 0.39 0.39 0.39 0.39 0.39 0.39 0.39 0.39 0.39 0.38 0.38 0.37 0.37 0.36 0.35 0.33 0.31 0.31 0.32 0.33 0.31 0.30 0.33 0.39 0.43 0.47 0.52 0.54 0.55 0.55 0.57 0.59 0.56 0.54 0.55 0.58 0.61 0.61 0.62 0.65 0.64 0.60 0.58 0.59 0.62 0.65 0.66 0.65 0.64 0.63 0.63 0.63 0.63 0.62 0.61 0.60 0.59 0.63 0.73 0.82 0.85
0.39 0.40 0.38 0.33 0.32 0.33 0.34 0.37 0.41 0.41 0.36 0.33 0.33 0.34 0.35 0.36 0.37 0.37 0.38 0.38 0.39 0.39 0.38 0.38 0.39 0.39 0.39 0.39 0.39 0.39 0.39 0.39 0.39 0.38 0.38 0.37 0.37 0.36 0.35 0.33 0.30 0.29 0.29 0.29 0.28 0.30 0.34 0.39 0.42 0.46 0.50 0.54 0.55 0.55 0.58 0.58 0.55 0.56 0.58 0.61 0.64 0.67 0.70 0.69 0.63 0.60 0.61 0.62 0.66 0.69 0.68 0.65 0.63 0.62 0.63 0.64 0.64 0.64 0.65 0.63 0.64 0.70 0.77 0.83
0.37 0.38 0.39 0.36 0.32 0.30 0.30 0.31 0.37 0.41 0.40 0.36 0.33 0.33 0.33 0.35 0.36 0.37 0.37 0.38 0.38 0.39 0.39 0.39 0.39 0.39 0.39 0.39 0.39 0.39 0.39 0.39 0.39 0.39 0.38 0.38 0.37 0.37 0.36 0.34 0.32 0.30 0.30 0.30 0.30 0.30 0.31 0.34 0.37 0.41 0.45 0.50 0.52 0.54 0.58 0.57 0.55 0.57 0.59 0.61 0.63 0.67 0.72 0.73 0.65 0.57 0.55 0.56 0.58 0.61 0.63 0.65 0.66 0.66 0.66 0.66 0.67 0.68 0.69 0.68 0.67 0.67 0.71 0.76
0.37 0.37 0.39 0.40 0.38 0.36 0.33 0.31 0.33 0.39 0.42 0.41 0.38 0.34 0.32 0.33 0.35 0.36 0.37 0.37 0.38 0.39 0.39 0.39 0.39 0.39 0.39 0.39 0.39 0.39 0.39 0.39 0.39 0.39 0.39 0.38 0.38 0.38 0.37 0.36 0.35 0.34 0.33 0.32 0.31 0.30 0.29 0.28 0.30 0.34 0.38 0.45 0.48 0.51 0.56 0.56 0.55 0.58 0.61 0.62 0.63 0.65 0.70 0.74 0.69 0.59 0.54 0.53 0.54 0.58 0.62 0.67 0.69 0.69 0.69 0.70 0.71 0.73 0.73 0.73 0.72 0.71 0.71 0.71
0.38 0.38 0.38 0.39 0.40 0.40 0.38 0.35 0.33 0.36 0.40 0.42 0.43 0.39 0.33 0.31 0.33 0.35 0.36 0.37 0.37 0.38 0.38 0.39 0.39 0.39 0.39 0.39 0.39 0.40 0.40 0.40 0.39 0.39 0.39 0.39 0.39 0.38 0.38 0.37 0.36 0.35 0.34 0.33 0.32 0.30 0.27 0.25 0.24 0.26 0.31 0.39 0.45 0.49 0.55 0.55 0.53 0.55 0.58 0.59 0.61 0.65 0.69 0.74 0.72 0.64 0.57 0.56 0.58 0.62 0.64 0.66 0.69 0.69 0.70 0.71 0.72 0.74 0.76 0.77 0.77 0.76 0.74 0.72
0.39 0.39 0.38 0.38 0.38 0.38 0.39 0.38 0.34 0.33 0.34 0.37 0.42 0.43 0.39 0.34 0.31 0.33 0.35 0.36 0.37 0.38 0.38 0.38 0.39 0.39 0.39 0.39 0.40 0.40 0.40 0.40 0.40 0.40 0.39 0.39 0.39 0.39 0.38 0.38 0.37 0.37 0.36 0.35 0.33 0.32 0.29 0.27 0.24 0.23 0.26 0.32 0.41 0.47 0.52 0.53 0.50 0.51 0.53 0.54 0.57 0.61 0.68 0.74 0.74 0.67 0.61 0.59 0.61 0.64 0.64 0.65 0.68 0.70 0.71 0.71 0.72 0.72 0.73 0.73 0.74 0.75 0.77 0.76
0.39 0.39 0.39 0.38 0.38 0.37 0.37 0.37 0.36 0.33 0.32 0.34 0.38 0.44 0.45 0.41 0.35 0.32 0.33 0.34 0.36 0.38 0.39 0.39 0.39 0.39 0.39 0.39 0.39 0.40 0.40 0.40 0.40 0.40 0.40 0.40 0.39 0.39 0.39 0.38 0.38 0.37 0.37 0.36 0.35 0.34 0.32 0.30 0.27 0.24 0.23 0.26 0.35 0.43 0.48 0.51 0.50 0.49 0.49 0.50 0.52 0.56 0.62 0.70 0.73 0.69 0.62 0.57 0.58 0.61 0.62 0.63 0.66 0.68 0.69 0.71 0.72 0.71 0.70 0.69 0.69 0.71 0.74 0.75
0.39 0.39 0.39 0.39 0.39 0.39 0.38 0.37 0.37 0.36 0.35 0.34 0.36 0.40 0.46 0.47 0.42 0.36 0.33 0.33 0.34 0.36 0.37 0.38 0.39 0.39 0.39 0.39 0.39 0.40 0.40 0.40 0.40 0.40 0.40 0.40 0.40 0.40 0.39 0.39 0.39 0.38 0.38 0.37 0.36 0.35 0.34 0.32 0.30 0.27 0.23 0.22 0.27 0.35 0.41 0.45 0.46 0.46 0.45 0.45 0.47 0.50 0.55 0.63 0.68 0.69 0.64 0.58 0.57 0.60 0.62 0.64 0.65 0.66 0.67 0.67 0.69 0.70 0.70 0.70 0.70 0.70 0.72 0.72
0.40 0.39 0.38 0.38 0.38 0.39 0.40 0.40 0.39 0.37 0.35 0.33 0.33 0.35 0.40 0.46 0.48 0.43 0.38 0.34 0.33 0.34 0.36 0.37 0.38 0.39 0.39 0.39 0.39 0.39 0.40 0.40 0.40 0.40 0.40 0.40 0.40 0.40 0.40 0.39 0.39 0.39 0.38 0.38 0.37 0.36 0.35 0.34 0.32 0.29 0.26 0.24 0.25 0.29 0.36 0.40 0.43 0.43 0.43 0.43 0.44 0.47 0.52 0.58 0.65 0.67 0.65 0.62 0.60 0.61 0.62 0.64 0.64 0.64 0.65 0.66 0.67 0.69 0.70 0.71 0.72 0.72 0.73 0.72
0.41 0.39 0.37 0.36 0.36 0.38 0.39 0.40 0.40 0.39 0.37 0.34 0.32 0.32 0.35 0.41 0.47 0.48 0.44 0.39 0.35 0.34 0.35 0.36 0.38 0.39 0.39 0.39 0.39 0.39 0.40 0.40 0.40 0.40 0.40 0.40 0.40 0.40 0.40 0.40 0.40 0.39 0.39 0.38 0.38 0.37 0.36 0.35 0.34 0.32 0.28 0.26 0.26 0.29 0.33 0.39 0.44 0.43 0.42 0.43 0.46 0.49 0.52 0.54 0.57 0.58 0.56 0.58 0.60 0.62 0.62 0.63 0.64 0.64 0.64 0.67 0.68 0.70 0.72 0.74 0.75 0.75 0.77 0.77
0.44 0.40 0.36 0.36 0.35 0.35 0.36 0.38 0.38 0.39 0.38 0.35 0.33 0.33 0.33 0.36 0.42 0.48 0.49 0.46 0.41 0.36 0.34 0.35 0.36 0.38 0.39 0.39 0.39 0.39 0.39 0.40 0.40 0.40 0.40 0.40 0.40 0.40 0.40 0.40 0.40 0.40 0.39 0.39 0.39 0.38 0.37 0.36 0.35 0.33 0.31 0.27 0.26 0.28 0.29 0.35 0.44 0.47 0.44 0.43 0.44 0.47 0.49 0.50 0.49 0.47 0.48 0.52 0.57 0.61 0.63 0.64 0.65 0.64 0.63 0.66 0.70 0.73 0.76 0.78 0.80 0.79 0.80 0.81
0.48 0.44 0.39 0.37 0.36 0.35 0.35 0.36 0.36 0.36 0.37 0.36 0.33 0.32 0.33 0.34 0.36 0.42 0.48 0.50 0.47 0.42 0.38 0.35 0.34 0.36 0.38 0.39 0.39 0.39 0.39 0.40 0.40 0.40 0.40 0.40 0.41 0.41 0.41 0.41 0.40 0.40 0.40 0.40 0.39 0.39 0.38 0.37 0.36 0.35 0.33 0.29 0.27 0.26 0.26 0.28 0.39 0.47 0.47 0.44 0.40 0.41 0.47 0.53 0.55 0.53 0.52 0.53 0.55 0.57 0.60 0.63 0.64 0.62 0.62 0.64 0.69 0.73 0.75 0.78 0.80 0.80 0.80 0.82
0.49 0.49 0.46 0.41 0.38 0.37 0.37 0.39 0.40 0.38 0.37 0.37 0.35 0.31 0.32 0.34 0.34 0.36 0.41 0.48 0.50 0.49 0.45 0.40 0.36 0.36 0.37 0.38 0.39 0.39 0.39 0.39 0.40 0.40 0.40 0.41 0.41 0.41 0.41 0.41 0.41 0.41 0.40 0.40 0.40 0.39 0.39 0.38 0.37 0.36 0.34 0.32 0.29 0.26 0.24 0.23 0.28 0.38 0.45 0.44 0.40 0.41 0.50 0.59 0.63 0.62 0.58 0.54 0.53 0.54 0.55 0.58 0.61 0.62 0.62 0.63 0.65 0.68 0.71 0.76 0.82 0.84 0.86 0.89
0.46 0.52 0.57 0.52 0.46 0.41 0.40 0.43 0.44 0.42 0.39 0.38 0.37 0.35 0.32 0.32 0.34 0.34 0.36 0.42 0.48 0.51 0.51 0.48 0.42 0.38 0.36 0.36 0.36 0.37 0.38 0.39 0.39 0.40 0.40 0.40 0.41 0.41 0.41 0.41 0.41 0.41 0.41 0.40 0.40 0.40 0.39 0.39 0.38 0.37 0.36 0.34 0.32 0.29 0.26 0.22 0.21 0.25 0.34 0.39 0.39 0.40 0.45 0.53 0.59 0.61 0.60 0.56 0.53 0.52 0.52 0.55 0.58 0.59 0.60 0.61 0.61 0.65 0.70 0.77 0.83 0.87 0.87 0.84
0.42 0.50 0.62 0.66 0.65 0.59 0.53 0.53 0.52 0.47 0.43 0.40 0.39 0.39 0.36 0.33 0.34 0.35 0.35 0.37 0.40 0.45 0.50 0.52 0.50 0.46 0.41 0.37 0.34 0.34 0.36 0.37 0.38 0.39 0.40 0.40 0.41 0.41 0.41 0.41 0.41 0.41 0.41 0.41 0.41 0.40 0.40 0.39 0.39 0.38 0.37 0.36 0.35 0.33 0.30 0.27 0.23 0.22 0.26 0.32 0.32 0.31 0.35 0.41 0.48 0.54 0.58 0.57 0.55 0.54 0.52 0.53 0.54 0.54 0.54 0.55 0.57 0.60 0.65 0.70 0.73 0.75 0.74 0.67
0.34 0.34 0.44 0.55 0.63 0.66 0.65 0.64 0.64 0.63 0.58 0.56 0.53 0.50 0.47 0.44 0.40 0.38 0.35 0.35 0.36 0.39 0.42 0.47 0.50 0.52 0.49 0.43 0.37 0.34 0.34 0.35 0.36 0.38 0.39 0.40 0.40 0.41 0.41 0.41 0.41 0.41 0.41 0.41 0.41 0.41 0.40 0.40 0.40 0.39 0.38 0.38 0.37 0.35 0.34 0.32 0.30 0.27 0.27 0.28 0.27 0.25 0.26 0.30 0.34 0.41 0.47 0.52 0.55 0.55 0.54 0.53 0.52 0.52 0.52 0.52 0.52 0.53 0.56 0.60 0.62 0.61 0.63 0.63
0.30 0.27 0.24 0.27 0.35 0.45 0.50 0.51 0.56 0.62 0.63 0.62 0.62 0.60 0.57 0.54 0.50 0.46 0.41 0.37 0.36 0.37 0.38 0.40 0.43 0.48 0.54 0.51 0.43 0.38 0.35 0.33 0.34 0.36 0.38 0.39 0.40 0.40 0.41 0.41 0.41 0.41 0.41 0.41 0.41 0.41 0.41 0.41 0.40 0.40 0.39 0.39 0.38 0.37 0.36 0.35 0.34 0.33 0.32 0.31 0.29 0.26 0.23 0.22 0.23 0.25 0.32 0.38 0.42 0.47 0.51 0.53 0.52 0.51 0.51 0.51 0.50 0.49 0.49 0.51 0.53 0.55 0.58 0.64
0.34 0.30 0.25 0.22 0.24 0.29 0.29 0.29 0.34 0.42 0.44 0.43 0.45 0.48 0.50 0.50 0.51 0.51 0.49 0.44 0.40 0.37 0.37 0.38 0.38 0.43 0.53 0.58 0.53 0.47 0.42 0.37 0.34 0.34 0.35 0.37 0.39 0.40 0.41 0.41 0.41 0.41 0.42 0.42 0.42 0.41 0.41 0.41 0.41 0.41 0.40 0.40 0.39 0.39 0.38 0.37 0.37 0.36 0.35 0.34 0.33 0.30 0.28 0.25 0.23 0.21 0.21 0.23 0.27 0.32 0.39 0.46 0.49 0.48 0.49 0.50 0.50 0.48 0.46 0.44 0.46 0.52 0.57 0.65
0.39 0.36 0.31 0.28 0.27 0.28 0.26 0.24 0.26 0.31 0.32 0.31 0.32 0.34 0.37 0.39 0.41 0.45 0.48 0.49 0.47 0.44 0.41 0.40 0.40 0.40 0.46 0.55 0.58 0.54 0.49 0.45 0.39 0.35 0.34 0.35 0.37 0.39 0.40 0.41 0.41 0.41 0.42 0.42 0.42 0.42 0.42 0.42 0.41 0.41 0.41 0.41 0.40 0.40 0.39 0.39 0.38 0.38 0.37 0.37 0.36 0.35 0.33 0.31 0.29 0.26 0.23 0.21 0.21 0.21 0.23 0.30 0.38 0.39 0.40 0.43 0.45 0.44 0.42 0.42 0.45 0.49 0.56 0.66
0.44 0.39 0.33 0.30 0.30 0.29 0.28 0.27 0.26 0.28 0.30 0.31 0.32 0.32 0.33 0.34 0.35 0.37 0.40 0.43 0.46 0.48 0.47 0.45 0.42 0.40 0.42 0.49 0.55 0.56 0.54 0.50 0.47 0.41 0.36 0.36 0.36 0.38 0.39 0.40 0.41 0.41 0.42 0.42 0.42 0.42 0.42 0.42 0.42 0.42 0.41 0.41 0.41 0.41 0.40 0.40 0.40 0.39 0.39 0.39 0.38 0.37 0.36 0.35 0.34 0.32 0.30 0.27 0.24 0.20 0.17 0.18 0.23 0.28 0.32 0.35 0.39 0.40 0.40 0.42 0.46 0.51 0.57 0.67
0.50 0.44 0.35 0.30 0.28 0.28 0.27 0.27 0.28 0.28 0.29 0.31 0.32 0.33 0.34 0.34 0.34 0.35 0.36 0.37 0.39 0.42 0.44 0.45 0.43 0.40 0.41 0.45 0.51 0.54 0.54 0.53 0.51 0.48 0.43 0.39 0.38 0.38 0.38 0.39 0.41 0.41 0.42 0.42 0.42 0.42 0.42 0.42 0.42 0.42 0.42 0.42 0.42 0.41 0.41 0.41 0.41 0.40 0.40 0.40 0.39 0.39 0.38 0.37 0.37 0.35 0.34 0.32 0.30 0.27 0.23 0.21 0.20 0.23 0.27 0.32 0.35 0.38 0.39 0.41 0.48 0.54 0.59 0.66
0.58 0.51 0.38 0.30 0.26 0.26 0.25 0.25 0.26 0.27 0.27 0.29 0.30 0.31 0.33 0.33 0.34 0.35 0.36 0.36 0.36 0.38 0.39 0.41 0.40 0.39 0.39 0.42 0.47 0.52 0.54 0.53 0.53 0.51 0.47 0.42 0.40 0.39 0.38 0.39 0.40 0.41 0.42 0.42 0.42 0.42 0.42 0.42 0.42 0.42 0.42 0.42 0.42 0.42 0.42 0.42 0.42 0.41 0.41 0.41 0.40 0.40 0.40 0.39 0.38 0.37 0.36 0.35 0.34 0.32 0.30 0.28 0.25 0.23 0.24 0.28 0.32 0.36 0.40 0.42 0.47 0.53 0.59 0.63
