windninja/windninja_output/Output_2025-08-24_0700-0750_Google earth_Fire_150m_10min/merlingen_7.5mi_point_08-24-2025_0710_150m_ang.asc
ncols	158
nrows	163
xllcorner	391686.332397
yllcorner	5160024.123721
cellsize	150.000000
NODATA_value	-32768.000000
[rows 84 to 125 of 163, columns 0 to 93 of 158]
215 208 207 216 220 220 219 219 220 216 209 203 201 203 205 204 203 202 200 196 194 192 193 192 188 187 192 195 197 198 199 200 201 204 207 210 211 210 209 207 204 202 200 199 199 199 199 197 198 199 200 199 197 196 198 200 201 201 201 201 201 201 201 201 200 200 200 200 199 198 198 197 196 196 194 192 190 187 184 179 175 177 185 191 191 188 187 189 191 194 197 201 204 206
211 219 227 230 232 232 230 229 227 219 210 205 202 204 205 205 203 204 202 198 194 191 189 188 185 185 191 196 197 197 199 200 201 203 206 207 208 210 210 207 203 201 201 202 203 204 204 204 204 204 204 204 204 202 200 201 201 201 201 201 201 201 201 201 201 200 200 200 199 199 198 198 197 196 195 193 191 188 184 180 175 174 180 186 188 187 188 192 194 195 198 201 205 208
222 230 238 240 242 241 235 229 223 216 209 205 203 204 206 207 206 208 208 204 199 193 186 180 178 182 188 193 196 197 199 200 199 199 201 203 205 207 208 206 203 201 201 203 204 205 206 207 208 207 206 207 207 205 203 202 202 202 202 201 201 201 201 201 201 200 200 200 200 199 199 198 197 196 195 194 192 189 185 179 173 169 173 179 185 188 191 194 196 198 200 203 203 202
238 243 247 245 240 234 226 218 214 212 210 206 205 203 206 208 208 210 211 207 200 192 180 168 168 177 186 191 195 198 199 200 199 197 198 200 202 204 205 205 203 200 200 202 204 206 208 209 210 209 208 206 206 207 206 205 204 203 202 201 201 200 200 200 201 201 201 200 200 200 199 199 198 197 196 194 193 190 186 180 171 163 163 169 182 190 194 196 199 203 205 202 197 193
245 244 238 229 221 216 213 212 213 216 214 206 202 201 203 206 208 210 208 203 194 182 171 168 171 178 186 192 196 199 199 200 200 199 199 200 201 203 206 207 205 202 200 200 203 206 208 209 209 209 207 205 205 205 206 206 206 205 203 201 199 199 200 200 201 201 201 201 200 200 200 199 198 197 197 195 194 191 187 182 172 160 155 159 173 189 197 201 203 206 203 197 194 194
240 233 221 217 214 211 211 213 215 216 213 204 199 200 204 206 206 207 204 196 183 171 170 175 181 184 189 194 197 199 200 201 201 201 201 201 201 203 208 211 210 207 204 201 202 204 208 210 209 208 206 203 201 200 201 203 206 208 206 199 195 197 199 200 200 201 201 201 201 200 200 200 199 198 197 196 195 192 189 184 176 165 155 152 162 186 205 209 207 206 202 197 202 210
233 227 220 219 218 214 211 212 210 209 209 204 199 201 205 204 203 203 199 186 170 168 176 186 189 189 192 196 198 200 201 202 202 202 202 203 201 201 204 210 212 211 208 205 204 205 208 210 211 209 206 202 199 197 198 203 207 208 205 195 190 194 198 200 201 201 201 201 201 201 201 200 200 199 198 197 196 194 191 187 182 173 164 159 163 182 206 214 212 211 208 206 217 224
226 221 215 212 210 206 202 200 201 204 208 206 201 199 199 197 197 197 196 180 167 173 188 195 194 193 196 198 200 201 203 203 203 203 203 204 202 201 200 204 210 211 211 209 207 206 208 211 213 211 207 203 199 197 196 201 203 201 199 196 191 192 197 199 201 201 202 202 202 201 201 201 200 200 199 198 197 196 194 191 187 181 173 170 174 181 194 208 214 217 218 222 234 241
216 210 203 201 200 196 189 186 191 199 205 204 200 198 197 195 192 189 186 182 178 185 197 201 199 199 200 201 202 204 204 205 205 204 203 203 203 202 201 201 206 211 213 212 210 209 210 213 216 216 213 206 200 196 193 194 196 197 200 202 198 195 197 200 201 202 202 202 202 202 202 201 201 201 200 199 198 197 196 194 192 188 182 177 179 185 195 211 224 230 239 248 256 259
201 198 195 195 195 192 188 186 188 197 202 198 192 190 191 192 187 182 184 190 195 195 201 205 203 203 203 204 205 206 207 208 207 204 202 202 203 203 202 201 202 208 213 215 213 213 213 214 217 218 216 207 197 195 191 188 194 202 207 209 205 200 199 201 202 202 202 203 202 202 202 202 202 201 201 200 200 199 198 197 195 193 191 188 188 196 211 231 245 249 251 254 257 257
183 186 190 191 192 191 190 188 187 193 199 197 192 190 190 192 191 189 195 206 208 204 205 208 206 206 205 206 207 209 211 212 209 203 201 202 203 203 203 201 198 201 208 212 212 212 211 211 212 211 209 202 194 194 194 192 199 208 211 211 209 204 202 202 202 203 203 203 203 203 203 203 202 202 202 201 201 201 200 199 199 198 197 197 199 207 220 236 245 245 243 243 243 243
162 174 186 189 191 192 191 188 185 189 197 201 200 201 200 205 207 214 216 217 215 217 217 218 213 209 207 207 208 209 210 208 204 201 201 202 204 204 203 201 197 195 201 207 208 207 206 205 203 201 201 202 198 196 199 198 200 205 207 209 209 205 203 203 203 203 203 203 204 204 204 203 203 203 203 202 202 202 202 201 201 201 201 203 205 209 216 225 229 231 232 232 232 233
144 160 180 187 192 195 195 191 185 190 209 217 219 222 226 232 233 237 233 220 226 233 235 233 221 211 207 207 207 205 204 205 206 206 204 204 204 204 203 202 198 193 195 201 203 203 202 200 198 199 203 208 206 202 202 203 203 205 207 208 208 206 205 204 204 204 203 204 204 204 204 204 204 204 204 204 203 203 203 203 203 203 204 205 207 210 214 218 221 223 225 226 227 228
133 147 173 186 198 204 204 202 198 202 220 230 233 231 236 239 244 245 237 228 234 242 245 243 221 205 203 205 205 204 207 212 214 213 209 207 206 205 203 201 198 193 191 196 200 201 201 202 203 208 213 215 212 207 206 207 207 208 208 209 208 207 206 205 205 204 204 204 204 204 204 204 205 205 205 205 204 204 204 205 205 205 206 207 209 210 213 215 217 219 221 222 223 224
120 130 165 190 210 216 215 215 215 218 232 248 257 260 259 258 256 253 246 239 237 238 237 226 201 196 202 206 209 212 217 219 219 217 213 210 209 207 203 200 198 194 190 194 200 204 207 211 215 218 218 216 214 211 209 209 209 208 207 208 209 209 208 206 205 204 204 204 204 205 205 205 206 206 205 205 206 206 206 206 206 206 207 208 209 211 212 214 216 217 218 219 220 221
108 112 148 202 230 237 240 240 239 241 246 254 262 271 271 268 266 261 253 244 232 224 218 212 203 204 209 212 216 219 221 222 222 219 215 211 209 207 203 197 195 193 190 192 199 203 206 211 214 215 215 213 212 211 209 209 209 209 208 207 207 208 208 207 206 204 203 204 205 205 206 206 206 206 206 206 207 207 207 207 207 208 208 209 210 211 212 213 215 216 217 218 219 220
115 119 158 215 240 250 257 259 257 254 254 255 260 269 275 272 267 263 252 234 223 218 217 219 220 219 220 220 222 225 228 229 228 224 218 212 209 208 204 196 191 191 189 188 194 200 205 208 211 212 212 211 209 209 209 208 208 210 209 205 204 205 206 207 206 204 203 203 205 206 207 207 207 207 208 208 208 208 208 208 208 208 209 210 210 211 212 213 214 215 216 217 218 219
135 143 181 220 241 250 255 258 258 255 254 252 251 251 254 253 246 239 229 219 219 221 228 232 231 230 229 228 229 232 235 237 236 234 227 218 212 209 205 198 190 188 187 185 189 199 205 207 208 209 210 210 209 209 209 208 207 208 208 206 204 204 205 206 206 204 203 203 204 207 209 209 209 209 209 209 209 209 209 209 209 209 210 210 211 211 212 213 214 215 216 216 217 218
159 169 200 224 239 246 250 251 250 250 248 246 240 232 225 222 222 218 212 213 221 229 237 238 236 236 238 239 239 240 240 239 240 239 235 224 212 206 205 200 191 185 184 182 184 192 199 203 204 206 208 209 208 208 209 208 206 207 208 207 204 202 203 206 208 206 204 204 206 210 213 213 210 210 211 211 211 210 210 210 210 210 210 211 211 212 212 213 214 215 215 216 217 218
185 192 209 223 233 239 243 244 246 247 246 242 234 222 216 217 219 216 215 222 230 234 239 240 239 239 242 245 244 242 240 238 238 237 233 224 211 203 204 200 191 182 180 178 178 183 193 199 203 205 207 208 207 206 206 206 206 207 207 206 204 202 203 205 208 207 206 206 207 210 215 216 213 213 214 214 213 212 212 211 211 211 211 211 211 212 213 213 214 215 215 216 217 218
202 206 214 224 232 238 242 245 247 250 249 246 239 232 232 235 234 232 235 243 242 237 236 237 236 236 238 239 239 239 239 238 236 234 231 226 217 203 197 194 187 178 174 173 172 175 185 195 201 204 206 207 207 206 206 206 206 206 207 207 206 205 204 205 207 208 207 205 205 207 212 217 219 221 222 222 219 216 214 213 213 212 211 211 212 212 213 214 214 215 215 216 217 218
214 215 220 227 233 238 243 244 245 248 251 252 252 251 252 254 255 254 253 251 245 239 236 234 232 231 232 234 234 236 238 236 234 232 231 227 216 196 184 182 180 175 170 167 166 169 177 188 195 200 203 204 205 206 206 206 206 206 207 208 208 207 207 207 208 209 208 205 204 206 210 214 217 219 221 223 222 220 220 219 215 212 212 212 212 213 213 214 214 215 216 216 217 218
221 221 222 226 230 235 239 239 240 242 240 238 238 238 242 249 253 253 250 244 241 240 236 229 226 226 228 229 231 233 233 232 229 227 227 224 210 193 182 176 175 172 168 164 162 162 168 179 187 193 198 201 203 205 206 205 205 206 208 209 209 208 207 208 208 209 209 206 204 207 210 212 214 213 212 214 217 217 219 221 217 211 211 212 212 213 213 214 215 216 216 217 217 218
224 222 222 225 228 231 232 228 224 222 219 217 220 225 232 240 244 245 243 238 236 237 232 222 220 222 223 222 226 231 230 228 223 218 219 217 207 195 186 176 170 168 166 164 161 159 162 170 180 187 195 200 202 203 205 206 206 206 207 209 210 209 207 207 207 208 209 207 204 205 210 212 212 213 213 214 215 212 210 213 215 211 209 211 212 213 214 215 216 216 217 217 218 218
225 223 222 223 223 220 216 212 209 212 216 220 224 227 230 232 233 234 233 232 231 233 228 217 213 217 218 215 219 227 227 225 217 208 214 215 208 197 187 177 170 166 164 163 162 159 158 163 173 183 191 197 200 202 204 206 206 206 206 206 208 209 208 207 209 209 209 208 205 203 208 212 213 213 214 214 214 212 209 212 216 214 210 210 211 213 215 216 216 217 218 218 219 219
226 224 220 217 213 210 210 211 213 219 226 229 228 228 229 229 225 220 221 224 228 231 228 217 208 210 213 211 217 226 224 219 212 205 216 218 208 194 184 182 178 167 160 160 160 159 156 157 166 177 186 193 198 200 202 204 206 207 205 204 205 209 209 208 210 212 210 209 207 203 206 211 213 212 212 213 214 215 214 215 217 217 214 209 210 213 216 217 218 219 219 220 220 221
226 223 218 215 214 216 220 224 227 228 230 231 228 226 227 227 220 210 212 219 227 233 228 216 206 203 207 207 213 222 221 216 210 208 217 217 203 189 185 187 184 174 165 159 155 155 156 155 160 169 178 187 195 199 201 201 204 207 207 204 204 208 210 210 211 213 212 209 207 204 203 208 211 211 213 215 216 217 217 216 218 220 218 213 212 215 218 220 221 222 223 223 224 224
224 222 220 221 223 227 230 231 230 229 230 232 230 224 223 223 216 202 204 213 223 232 227 212 205 201 198 197 204 214 220 216 209 208 212 209 197 190 189 188 182 181 179 166 154 152 153 153 154 161 171 181 191 198 200 200 201 206 208 206 204 208 211 210 209 211 212 210 207 204 202 206 211 213 214 216 217 218 219 220 219 221 220 216 213 215 220 225 226 228 229 230 229 228
227 227 226 227 228 227 226 226 226 225 224 226 225 218 218 221 214 196 196 205 214 224 226 211 203 202 194 187 194 207 215 217 209 205 208 205 200 197 194 189 185 187 186 175 162 156 153 149 147 152 163 174 186 195 199 199 200 204 207 206 204 206 209 209 208 209 210 210 208 205 203 206 211 213 215 216 216 216 217 218 220 221 220 218 216 215 221 228 233 236 238 235 230 229
231 230 229 229 229 228 225 223 221 219 217 219 219 213 215 220 211 190 185 193 204 216 225 218 205 205 199 192 189 196 208 214 213 209 211 211 209 206 199 193 192 189 184 178 171 163 157 150 147 147 153 166 179 190 197 198 198 201 205 206 204 204 207 209 207 207 209 209 208 205 203 205 208 210 213 216 216 215 214 216 219 221 221 221 220 217 221 226 229 232 233 228 225 226
230 229 228 227 226 225 223 221 219 217 214 214 213 210 214 219 207 181 175 184 195 209 219 220 209 204 203 200 196 191 198 209 214 216 217 217 214 208 201 195 190 182 179 179 175 167 161 159 155 149 149 156 169 184 194 197 197 199 203 206 205 203 205 207 206 205 207 208 208 206 204 205 208 209 211 215 217 216 214 216 220 221 218 218 219 216 218 221 220 220 221 220 220 224
228 227 225 223 222 220 220 220 219 216 211 208 207 207 212 217 205 180 171 178 189 200 208 210 209 204 202 201 201 194 191 201 211 219 218 210 203 201 199 192 183 177 179 183 180 171 167 166 162 156 151 152 160 175 190 197 198 198 201 204 204 203 203 206 206 203 205 207 208 207 206 207 211 212 211 213 216 217 215 215 219 221 218 215 216 213 212 214 213 216 219 219 218 221
225 225 224 222 221 219 218 217 216 214 210 205 202 203 209 215 207 186 174 175 184 190 193 200 205 207 204 202 204 196 186 191 204 215 216 204 194 193 193 186 178 177 182 187 185 178 173 168 164 161 156 154 157 168 184 195 198 197 198 202 203 202 203 205 205 203 203 206 207 207 206 207 210 213 214 214 215 217 218 217 221 224 219 216 216 212 208 209 212 216 220 219 216 214
224 225 225 224 223 220 215 212 210 210 210 205 198 197 206 217 214 190 171 167 174 179 182 189 198 202 203 203 204 198 187 186 195 205 205 195 188 187 186 182 179 181 186 189 189 184 175 168 165 165 163 160 159 165 178 192 197 197 197 200 201 200 201 204 204 202 202 204 206 206 205 205 207 210 213 214 214 217 218 218 221 223 220 215 215 211 206 207 212 217 218 217 213 211
226 226 225 225 223 219 212 207 207 208 212 208 195 191 201 216 219 193 165 158 160 168 174 179 186 193 194 193 198 201 196 187 185 192 199 200 194 187 183 182 183 187 189 190 191 185 177 171 169 169 168 166 162 164 174 188 196 197 198 199 200 198 199 201 202 201 201 203 205 205 204 203 204 207 211 213 213 214 217 216 218 221 220 215 212 210 207 208 213 216 215 213 211 212
227 225 224 225 223 217 211 208 208 209 212 212 196 188 198 213 218 204 168 151 146 155 166 172 176 181 182 185 192 196 192 185 182 189 202 208 204 194 189 190 191 191 191 190 188 186 181 175 172 172 172 170 166 165 171 184 194 197 197 198 199 196 196 199 200 201 200 202 204 206 204 202 202 204 208 212 213 214 215 217 220 223 220 214 211 209 207 208 212 214 214 211 211 215
227 224 222 224 224 220 217 214 213 209 211 213 199 188 195 208 217 213 186 156 142 142 152 161 168 172 176 181 185 186 187 186 187 198 209 214 210 203 199 200 201 198 195 193 192 191 187 180 177 176 176 174 169 167 171 182 192 196 197 198 198 196 198 202 206 210 208 204 205 206 205 202 201 201 204 209 212 214 216 219 223 224 221 215 211 209 206 208 211 213 213 211 210 214
225 222 217 216 216 216 216 217 217 210 208 214 202 186 189 201 214 217 203 178 150 132 130 142 153 161 169 176 179 178 183 193 200 206 213 215 214 214 209 207 208 206 204 203 201 199 195 190 186 183 180 177 173 170 172 180 191 195 196 198 199 201 206 214 221 228 229 214 204 206 205 204 202 201 201 204 208 212 215 218 220 221 219 213 210 207 205 207 211 213 213 210 208 209
219 216 210 206 207 207 208 212 216 213 208 214 205 183 182 194 212 220 215 201 175 138 119 115 122 135 151 163 169 172 180 195 203 208 217 218 216 218 212 206 209 213 215 213 209 206 203 199 193 190 186 180 175 173 173 178 188 195 197 201 206 212 219 221 219 219 221 215 201 201 205 205 204 201 199 199 203 208 211 214 216 218 215 209 207 206 204 206 209 212 210 207 205 208
216 214 209 204 203 204 205 209 214 214 211 217 212 186 180 190 209 221 223 219 203 170 132 105 97 104 117 134 149 162 176 194 206 211 218 220 216 218 215 205 204 211 217 217 212 208 205 198 194 191 188 183 178 175 175 178 189 200 204 209 215 219 218 213 209 210 212 212 206 198 202 205 204 202 199 196 197 202 206 208 211 213 211 207 207 207 205 205 209 211 209 204 203 208
216 214 210 206 203 205 205 207 212 212 212 221 220 198 184 187 204 217 221 224 220 200 164 139 122 106 102 120 141 156 177 197 208 211 219 222 217 218 218 209 202 206 214 219 216 209 203 196 191 190 188 187 183 178 178 183 194 207 214 215 214 212 208 205 204 206 209 212 212 208 203 208 208 204 200 196 192 195 199 201 204 210 212 210 209 209 206 207 212 213 208 201 199 204
211 211 209 204 201 202 204 205 208 207 210 221 227 212 195 189 197 207 212 214 217 214 190 164 148 137 134 144 152 164 182 201 211 212 219 224 219 218 219 213 205 203 209 218 220 214 205 197 190 189 190 191 187 182 181 185 194 203 208 206 202 202 202 201 203 206 208 211 214 214 211 214 217 212 202 195 189 189 193 197 201 209 214 213 211 210 207 207 211 211 204 196 196 202
