windninja/windninja_output/Output_2025-08-24_0700-0750_Google earth_Fire_150m_10min/merlingen_7.5mi_point_08-24-2025_0710_150m_ang.asc
ncols	158
nrows	163
xllcorner	391686.332397
yllcorner	5160024.123721
cellsize	150.000000
NODATA_value	-32768.000000
[rows 42 to 83 of 163, columns 0 to 93 of 158]
196 196 196 196 196 195 194 194 195 194 193 194 193 193 193 193 193 193 193 192 192 191 191 191 190 189 187 185 182 182 185 187 187 188 190 192 194 194 192 191 193 195 196 195 191 189 191 195 196 195 197 196 191 189 194 201 203 205 210 216 215 210 207 208 208 204 201 200 199 199 202 202 198 190 186 188 187 185 188 197 202 202 203 203 200 199 201 203 202 199 199 205 213 216
196 196 196 196 195 195 194 194 195 194 194 194 194 193 193 193 193 193 193 193 192 192 191 191 191 189 188 186 184 184 186 188 188 186 184 185 186 186 186 188 192 197 197 193 191 194 198 202 201 198 197 197 195 195 198 204 208 211 214 217 215 208 204 204 204 201 195 194 197 198 198 198 195 190 188 189 190 190 192 196 199 200 199 198 198 201 206 209 207 204 203 204 210 215
196 196 196 196 195 195 195 195 195 195 194 194 194 194 194 194 194 193 193 193 193 192 191 191 191 190 189 188 186 186 187 188 187 184 182 179 179 182 185 190 195 197 196 194 196 201 204 203 199 195 194 197 198 198 203 208 210 212 213 213 210 206 203 200 197 196 195 194 195 196 196 198 197 195 194 196 195 194 196 198 198 196 194 197 202 208 210 212 212 211 208 206 210 216
197 196 196 195 195 195 195 195 195 195 195 194 194 194 194 194 193 193 193 193 193 192 192 192 191 190 190 189 189 188 187 187 186 184 181 178 177 181 186 190 193 194 196 197 199 203 203 199 193 191 195 201 204 205 209 213 213 212 209 207 204 202 198 193 191 192 195 196 195 197 199 202 203 203 203 203 199 197 198 198 194 192 195 204 211 211 211 212 214 215 212 209 211 216
198 196 195 195 196 196 195 195 195 195 195 194 194 194 194 194 193 194 194 193 193 193 193 192 192 191 191 191 190 189 188 187 186 184 181 180 179 181 183 186 188 192 197 200 201 202 199 194 192 194 200 205 209 212 214 215 214 210 204 199 197 196 193 189 190 193 196 200 199 199 202 205 208 210 209 207 202 197 196 196 194 197 205 214 215 212 210 210 212 215 214 211 212 216
198 196 195 196 197 197 196 195 195 195 194 194 194 194 194 194 194 194 194 194 194 193 193 193 192 192 192 191 191 190 189 188 187 185 182 182 181 180 180 182 185 190 197 200 201 199 195 193 195 198 203 208 212 214 212 211 209 205 199 192 190 192 192 191 194 197 200 202 201 200 203 206 210 212 212 210 205 199 197 200 204 208 213 214 212 210 209 209 211 213 212 212 213 215
197 197 196 197 198 199 196 194 194 194 195 195 195 195 195 195 194 194 194 194 194 194 193 193 193 193 192 192 191 191 190 189 188 186 184 182 182 181 180 181 184 188 195 198 198 196 193 194 197 201 207 212 215 214 211 208 204 199 193 189 188 192 196 198 199 201 202 202 202 202 205 207 210 212 213 211 207 203 202 206 210 211 210 209 207 206 206 207 207 207 210 214 216 216
198 197 197 198 199 200 198 194 193 194 195 195 195 195 195 195 195 195 195 195 195 194 194 194 194 193 192 192 192 191 191 190 189 188 186 183 182 182 181 181 184 188 191 193 193 194 195 197 200 204 208 212 212 210 207 203 199 193 189 189 191 196 203 205 203 201 201 202 203 204 206 208 210 212 212 210 206 203 204 206 208 208 206 205 204 203 203 202 202 204 209 216 219 218
199 198 197 198 199 199 198 196 193 193 194 194 194 195 195 195 195 195 195 195 195 194 194 194 194 193 193 193 192 192 192 191 190 189 187 184 182 182 183 183 185 187 187 188 190 194 197 201 207 210 211 211 207 203 200 198 193 190 190 193 197 203 210 210 204 200 201 202 203 205 207 209 211 211 210 207 203 202 204 206 207 207 206 204 203 201 199 199 201 206 211 217 221 222
202 199 197 197 197 197 198 198 194 192 193 194 194 195 195 195 195 195 195 195 195 194 194 194 194 194 194 193 193 193 192 192 191 190 188 186 184 183 183 184 186 186 185 184 188 194 199 205 212 214 210 207 204 200 197 194 191 193 197 200 205 209 213 211 204 200 200 201 203 206 208 210 210 210 208 205 203 202 203 206 207 209 209 207 203 200 199 201 206 210 213 218 223 225
207 202 196 196 196 197 198 200 197 193 192 194 195 195 195 195 196 196 195 195 195 195 195 195 194 195 194 194 194 193 193 192 192 191 190 188 187 185 184 184 185 186 184 182 186 194 200 204 208 205 199 197 199 198 195 192 193 198 203 207 208 209 212 211 203 198 199 201 204 206 207 207 207 207 207 206 204 202 203 205 208 211 212 210 207 204 204 205 209 213 215 219 221 222
208 203 194 193 196 196 197 200 200 196 193 194 195 195 195 195 196 196 196 196 196 195 195 195 195 195 195 194 194 194 193 193 192 192 191 190 189 187 185 183 184 185 183 181 185 194 198 198 198 196 193 194 197 197 196 195 196 201 206 209 209 209 211 209 201 196 197 200 203 204 204 204 205 206 207 207 205 205 205 206 208 210 211 211 210 210 207 207 210 214 217 217 216 215
205 202 195 191 194 195 195 199 203 200 196 194 195 195 195 195 196 196 196 196 196 196 195 195 195 195 195 195 194 194 194 194 193 193 192 191 190 189 187 184 182 184 185 184 185 191 193 191 190 191 193 197 197 198 200 198 197 201 206 208 208 208 209 206 198 194 194 196 200 201 201 203 206 208 208 207 206 206 207 205 204 206 208 208 209 210 209 209 211 214 215 214 211 208
201 201 199 194 195 198 197 199 203 203 199 195 194 194 195 196 196 196 196 196 196 196 196 196 195 195 195 195 195 195 194 194 194 193 193 192 191 190 189 186 184 185 188 188 186 186 186 185 185 188 193 197 197 198 201 200 198 201 204 205 204 204 205 204 198 194 194 194 198 202 204 207 209 208 207 206 205 205 205 202 200 202 205 206 207 208 209 210 212 214 215 213 207 202
200 201 202 200 199 200 198 198 202 204 202 198 195 194 194 196 196 196 196 196 197 197 196 196 196 195 196 195 195 195 195 195 194 194 193 193 192 192 191 189 188 188 189 188 185 182 179 179 182 185 190 196 197 199 202 200 199 201 203 202 200 201 204 206 201 195 194 196 200 206 209 209 207 205 205 204 203 203 202 200 199 200 203 205 206 208 209 210 212 215 218 214 201 191
201 201 202 201 200 200 199 196 197 201 201 199 198 196 194 194 195 196 196 196 196 196 196 196 196 196 196 196 196 195 195 195 195 194 194 194 193 193 192 191 190 190 189 187 185 181 177 176 178 181 187 195 198 201 203 200 197 199 199 197 198 201 206 208 204 198 195 197 203 208 208 205 204 203 203 201 200 200 199 199 199 201 203 206 208 212 213 213 212 212 211 200 185 182
202 201 201 201 201 201 200 197 194 196 199 200 201 201 197 194 194 195 196 196 196 197 197 196 196 196 196 196 196 196 196 195 195 195 195 194 194 193 193 192 192 191 190 189 186 184 180 176 174 175 181 193 198 200 203 199 196 197 197 195 197 202 206 209 207 201 196 197 201 204 202 202 203 202 201 198 197 197 197 197 199 202 205 208 212 215 217 216 212 206 198 188 181 182
202 201 201 202 202 202 202 200 196 196 198 200 202 203 200 196 194 194 195 195 196 196 197 196 196 196 196 196 196 196 196 196 196 195 195 195 195 194 194 193 193 192 191 190 189 187 184 180 175 171 174 186 195 199 201 200 197 196 196 196 198 202 207 210 209 203 197 196 199 202 201 201 201 200 198 197 196 196 197 199 201 204 207 209 211 214 215 212 206 196 188 186 186 189
202 202 203 203 203 203 203 202 200 198 197 196 198 201 202 200 196 194 194 194 195 196 196 196 197 197 197 197 197 196 196 196 196 196 196 195 195 195 194 194 194 193 192 192 190 189 187 184 179 173 169 176 190 197 200 200 198 196 195 196 199 203 208 211 210 205 199 196 200 202 201 200 199 198 196 195 196 197 199 202 204 206 209 210 211 212 211 206 198 189 186 189 191 200
203 204 204 204 204 204 204 203 201 199 196 193 193 197 201 202 200 196 194 193 194 195 196 197 197 197 197 197 197 197 197 196 196 196 196 196 196 195 195 195 194 194 193 193 192 191 189 187 184 178 171 172 184 194 199 201 200 198 197 198 201 204 208 210 209 207 202 199 200 201 199 198 197 196 194 195 197 200 202 204 205 208 211 213 212 211 206 199 192 187 186 193 200 209
206 206 206 205 204 204 203 202 201 200 197 193 192 194 198 202 203 200 197 195 194 194 196 197 197 198 198 197 197 197 197 197 197 197 196 196 196 196 196 195 195 194 194 193 193 192 191 189 187 182 176 174 180 189 197 201 202 200 200 200 201 203 204 206 208 207 204 201 199 198 197 197 196 194 194 195 198 201 202 204 207 209 213 215 213 210 203 193 188 188 191 202 212 216
212 210 208 206 204 202 202 202 202 201 199 196 193 193 195 199 202 202 201 198 195 194 195 196 197 197 198 197 197 197 197 197 197 197 197 197 196 196 196 196 195 195 195 194 194 193 192 191 189 186 181 176 179 185 190 197 202 202 199 198 197 198 202 207 212 212 206 201 198 196 196 196 195 193 193 196 199 200 201 204 207 209 212 213 210 205 197 188 187 193 202 212 218 221
218 214 209 207 204 202 203 204 204 203 202 198 193 192 192 195 199 201 202 201 198 196 195 195 196 197 198 197 197 197 197 197 197 197 197 197 197 197 196 196 196 196 195 195 194 194 193 192 191 188 184 179 179 182 183 191 200 201 198 195 193 198 208 218 222 216 204 196 194 194 195 195 195 193 193 195 197 197 199 202 206 208 209 208 205 199 193 189 191 200 209 216 220 225
219 215 209 206 204 203 203 205 206 204 203 200 194 191 192 193 195 199 202 203 202 199 197 196 195 196 197 197 197 197 197 197 197 197 197 197 197 197 197 197 196 196 196 195 195 195 194 193 192 191 188 184 181 181 180 183 195 200 198 195 195 204 215 217 212 204 195 191 191 193 193 195 195 194 193 192 193 195 197 202 207 208 207 205 201 197 193 194 199 206 212 218 224 229
213 211 208 207 205 203 201 202 204 203 201 200 197 192 190 192 194 196 199 202 202 201 200 198 195 195 196 197 197 197 197 197 197 197 197 197 197 197 197 197 197 197 196 196 196 195 195 194 193 192 191 189 186 184 181 178 186 197 200 200 199 200 204 204 201 197 193 191 191 192 192 195 195 193 191 190 191 194 197 202 205 204 200 196 195 197 197 199 207 212 216 221 227 232
199 202 205 206 205 200 197 200 204 204 201 199 198 194 191 192 195 194 195 198 200 201 201 200 198 197 198 198 198 198 198 197 197 198 198 198 198 197 197 197 197 197 197 197 196 196 196 195 195 194 193 192 190 188 185 181 182 193 204 205 199 193 194 197 198 197 196 194 193 192 192 194 194 192 189 189 190 193 195 197 197 195 192 189 194 203 205 208 213 216 219 224 230 234
177 189 198 200 200 197 193 197 204 204 200 198 197 196 194 192 194 194 193 196 199 200 201 201 200 200 201 202 200 198 197 197 197 197 198 198 198 198 198 198 197 197 197 197 197 197 196 196 196 195 195 194 193 192 191 189 189 193 202 205 197 189 190 193 196 197 197 196 194 192 192 193 193 190 189 190 190 190 191 191 191 190 190 194 206 215 214 212 216 219 223 228 233 235
164 175 191 196 199 199 196 196 200 200 196 194 195 194 194 193 194 195 195 195 197 199 200 201 201 203 206 205 201 198 197 196 197 197 197 198 198 198 198 198 198 198 198 197 197 197 197 197 196 196 196 195 195 195 194 194 194 195 198 201 196 188 187 190 193 195 196 195 193 193 193 194 193 189 190 191 191 189 187 188 190 192 200 210 219 221 215 214 218 222 225 228 231 231
173 177 188 199 206 209 204 198 199 201 198 196 197 197 196 196 197 198 198 196 197 198 200 201 201 203 207 207 202 199 197 196 195 196 197 197 198 198 198 198 198 198 198 198 198 198 198 197 197 197 197 197 196 196 196 196 196 197 197 198 196 191 189 190 192 193 193 193 192 193 194 195 192 189 191 193 191 188 185 187 193 202 212 219 222 219 214 217 221 224 225 226 226 225
191 192 198 207 219 222 215 206 206 209 208 207 207 205 203 201 200 201 201 199 198 199 199 200 198 197 203 206 204 201 199 198 196 195 196 197 197 198 198 198 198 198 198 198 198 198 198 198 198 198 198 197 197 197 197 197 197 198 198 197 196 195 194 194 194 191 190 190 191 190 191 193 193 191 192 194 192 187 186 190 200 211 216 220 220 214 214 218 224 227 226 224 222 218
203 204 206 209 215 218 217 213 216 220 221 220 217 213 210 207 204 203 202 201 200 199 199 198 194 192 198 205 206 204 201 200 199 196 195 195 196 197 198 198 198 199 199 199 199 199 199 198 198 198 198 198 198 198 198 198 198 198 198 198 197 197 196 196 195 193 190 189 188 184 184 191 195 194 194 194 193 189 189 197 206 212 215 217 216 212 214 221 227 227 224 223 223 219
215 214 213 214 215 216 215 213 217 220 218 216 213 211 210 207 204 203 203 202 201 200 199 197 194 192 196 203 206 206 204 202 201 198 195 194 195 196 197 198 198 199 199 199 199 199 199 199 199 199 199 199 199 199 199 199 199 199 198 198 198 198 197 197 196 195 193 191 190 186 183 187 195 194 194 194 193 191 192 199 207 209 209 211 212 214 218 223 227 225 220 219 221 220
224 223 222 222 221 220 218 216 217 215 213 212 210 207 206 204 203 202 202 201 201 201 200 200 197 193 195 200 205 207 205 204 203 200 197 195 195 196 197 197 198 199 199 199 199 199 199 199 199 199 199 199 199 199 199 199 199 199 199 199 199 198 198 198 197 196 195 194 193 191 189 187 187 186 187 188 190 192 194 199 203 202 204 209 213 218 223 224 225 222 217 212 208 199
232 233 233 233 232 230 225 219 216 213 211 209 208 206 204 203 202 201 201 200 200 201 202 201 199 195 196 199 203 205 205 204 203 203 201 198 197 197 196 196 198 199 199 199 200 200 200 200 200 200 200 200 199 199 199 199 199 199 199 199 199 199 198 198 197 197 196 196 195 194 192 190 186 181 179 182 185 189 193 196 195 197 205 213 218 221 223 223 223 224 220 208 195 189
239 241 244 246 247 244 234 224 217 213 209 206 206 204 203 202 201 200 200 200 199 200 201 201 199 197 197 198 200 203 205 206 207 208 207 202 199 198 196 196 197 198 199 200 200 200 200 200 200 200 200 200 200 200 200 200 200 200 200 199 199 199 199 198 198 198 197 197 196 194 193 192 189 183 178 177 178 183 189 191 192 200 213 223 228 228 227 228 228 229 223 203 187 185
246 247 249 255 261 262 254 233 215 207 203 202 202 202 201 200 199 199 198 199 199 199 199 199 200 200 199 198 198 201 206 209 209 209 208 203 199 198 197 196 196 198 199 200 200 201 201 201 201 201 200 200 200 200 200 200 200 200 200 200 200 199 199 199 199 198 198 197 196 195 194 193 191 187 181 177 174 175 181 189 197 209 224 232 235 236 236 233 228 219 203 188 182 186
252 251 249 256 272 282 276 218 193 190 193 197 199 200 199 198 198 197 197 198 199 199 199 199 199 200 201 200 198 198 203 207 207 206 206 204 201 200 199 197 196 198 200 201 201 202 202 202 201 201 201 200 200 200 200 200 200 200 200 200 200 200 199 199 199 199 198 197 197 196 195 194 192 189 185 180 175 171 175 188 203 215 224 227 224 222 223 218 206 198 191 185 183 189
252 250 244 242 254 264 220 164 167 175 184 191 195 197 197 197 197 196 196 197 198 199 199 198 197 198 200 200 198 196 198 202 204 205 206 205 202 202 203 200 197 198 201 202 202 203 203 203 202 202 201 200 200 200 200 200 200 200 200 200 200 200 200 200 199 199 198 198 197 197 196 195 193 191 188 184 179 172 172 186 204 213 214 213 211 211 210 203 195 190 188 188 189 191
245 240 229 224 217 202 180 168 169 174 180 187 193 195 196 196 197 196 196 196 198 198 199 197 194 195 199 200 199 197 195 198 201 204 205 205 204 203 203 203 200 199 202 203 204 205 205 205 205 203 201 200 199 199 200 200 200 200 200 200 200 200 200 200 200 199 199 198 198 197 196 195 194 192 190 187 183 177 175 183 196 203 204 204 206 207 203 194 189 190 191 193 193 193
243 241 229 213 206 202 194 183 181 182 183 187 192 195 196 197 197 197 196 195 196 197 198 196 194 194 198 200 200 198 195 195 197 200 204 206 205 203 203 204 203 201 203 206 208 210 210 211 210 206 200 198 198 199 199 200 200 200 200 200 200 200 200 200 200 200 199 199 198 197 197 196 195 194 192 189 186 181 178 179 185 193 199 203 205 204 195 188 188 191 194 195 197 197
252 247 222 202 201 208 206 199 194 192 191 191 194 196 197 198 199 198 196 195 196 196 197 195 193 194 196 197 198 198 196 196 198 201 205 207 206 205 204 204 203 202 202 204 205 205 205 204 204 202 197 195 195 197 198 199 200 200 201 201 201 201 200 200 200 200 199 199 198 198 197 196 196 194 193 191 188 184 180 177 177 186 197 204 203 196 189 186 187 191 195 197 199 198
232 218 200 202 207 213 212 208 206 205 201 198 198 200 201 201 201 200 198 196 195 194 195 194 191 191 194 195 197 199 199 199 200 203 207 209 210 208 206 205 204 202 200 199 198 198 197 196 196 197 197 195 193 194 197 199 200 201 201 201 201 201 201 200 200 200 200 199 199 198 197 197 196 195 194 192 189 186 182 177 175 180 192 199 196 190 187 186 187 191 196 199 201 201
