windninja/windninja_output/Output_2025-08-24_0700-0750_Google earth_Fire_150m_10min/merlingen_7.5mi_point_08-24-2025_0730_150m_ang.asc
ncols	158
nrows	163
xllcorner	391686.332397
yllcorner	5160024.123721
cellsize	150.000000
NODATA_value	-32768.000000
[rows 0 to 41 of 163, columns 0 to 93 of 158]
221 222 223 222 223 226 226 224 225 226 226 223 219 219 226 236 246 249 249 253 250 232 223 225 231 236 236 231 229 230 230 231 234 233 231 236 241 242 243 240 236 234 235 236 238 239 243 242 233 226 223 221 221 222 223 224 224 225 227 226 224 223 223 221 218 217 218 221 224 225 224 223 222 221 221 222 223 226 228 226 224 223 224 228 230 228 225 225 226 224 223 224 223 221
222 223 223 223 225 227 227 228 230 230 227 221 216 218 225 233 238 240 241 244 241 228 223 226 231 234 233 230 231 232 232 232 233 232 232 235 236 236 236 234 232 232 232 232 233 233 234 233 230 227 226 225 225 226 226 225 224 224 225 225 224 223 222 220 219 218 220 223 225 225 223 222 222 221 221 222 223 225 225 224 223 223 225 227 228 228 224 224 226 226 225 226 225 224
221 223 223 224 227 228 227 229 232 230 224 216 212 217 224 229 230 229 231 233 230 223 221 226 230 230 229 229 231 232 233 233 232 231 231 231 229 228 228 227 227 227 227 227 226 225 224 223 223 223 225 226 227 228 226 225 223 223 223 223 222 221 220 220 219 220 222 224 225 224 222 221 221 221 221 221 221 223 224 221 219 222 225 225 226 225 220 220 223 224 225 226 224 223
218 221 223 223 226 225 223 224 223 220 216 210 211 216 223 228 229 227 228 229 228 224 219 221 226 225 224 224 224 226 228 230 230 230 228 227 227 227 226 224 222 222 222 222 222 221 220 220 219 218 219 220 221 222 223 222 223 223 223 222 221 219 219 220 220 219 221 224 226 224 221 221 222 222 222 221 220 223 224 220 216 220 223 222 224 223 216 215 217 217 219 221 219 217
216 220 223 223 224 223 221 222 221 219 216 211 210 216 224 229 230 230 230 229 228 226 219 215 220 221 219 218 217 218 220 222 224 224 224 224 225 225 223 221 218 217 218 218 218 218 219 219 218 218 218 219 220 221 222 222 223 223 222 222 222 220 219 220 220 219 220 224 226 224 222 222 223 222 222 223 224 225 225 221 218 220 223 221 222 224 217 211 211 211 213 215 214 210
219 222 223 223 224 222 222 224 224 222 219 214 211 217 226 229 231 232 232 232 231 230 223 214 216 219 218 218 216 215 216 218 219 219 219 219 219 218 218 216 215 215 217 218 219 219 219 219 219 219 219 220 221 222 223 223 223 222 221 221 220 219 219 219 219 219 220 223 224 221 221 223 223 221 219 221 223 225 224 222 221 223 224 222 222 224 221 214 212 210 209 210 209 205
224 225 226 225 225 224 224 226 225 223 220 216 213 218 228 231 231 231 230 229 230 231 227 217 215 219 221 220 218 216 216 217 218 216 216 215 215 214 215 215 215 217 219 221 222 222 222 221 221 220 219 220 220 221 222 223 223 222 221 219 217 216 216 217 218 218 219 222 223 219 218 220 220 217 216 217 220 221 220 220 222 222 222 222 223 225 225 221 218 213 210 211 210 208
225 226 227 228 229 228 228 228 227 224 221 216 213 218 227 230 229 229 228 226 227 228 226 220 215 217 220 220 218 218 218 219 219 218 218 217 216 216 217 218 219 220 222 223 224 224 223 222 221 220 220 220 219 220 222 223 222 221 218 216 214 212 213 215 216 217 219 221 221 217 216 218 218 216 215 217 221 222 218 218 223 223 219 219 220 222 222 221 219 215 214 215 217 217
226 227 228 230 232 233 233 231 228 225 222 218 213 216 225 228 227 227 227 226 227 227 224 220 214 209 214 217 216 218 221 221 220 221 222 222 221 221 222 223 224 225 225 225 225 224 223 223 221 219 219 220 219 220 222 222 219 218 216 215 215 214 213 215 217 218 218 218 218 217 218 221 221 219 218 219 222 222 219 220 225 224 218 214 214 214 215 215 211 207 205 207 211 211
228 229 230 230 231 232 232 231 229 226 223 220 216 217 225 228 227 226 225 225 225 225 223 219 213 207 207 214 215 217 222 222 220 222 224 225 224 224 225 226 226 226 226 226 226 225 224 224 222 219 221 222 220 220 223 223 220 220 220 220 221 220 217 219 221 221 219 217 216 218 221 223 223 221 221 221 224 222 217 218 221 222 217 213 213 212 211 211 206 203 204 205 204 203
229 230 231 231 230 230 230 229 228 226 224 222 218 218 225 229 228 226 224 223 223 222 221 218 214 209 205 211 215 217 221 222 221 224 226 226 225 225 225 226 225 225 225 226 227 228 226 226 226 223 226 226 223 224 227 229 229 229 230 229 230 229 227 227 228 226 224 221 218 221 224 224 222 220 221 223 225 223 216 214 216 218 217 214 214 212 211 212 209 206 209 210 207 205
230 231 231 231 230 230 230 229 227 226 225 223 221 219 224 229 228 227 225 225 225 223 222 219 216 212 209 212 217 219 223 225 225 227 228 228 227 226 226 225 225 226 226 225 227 228 228 230 232 234 237 238 237 240 243 243 241 240 241 241 244 245 244 243 242 238 233 227 222 222 223 222 220 218 217 217 218 217 212 209 213 215 214 212 210 206 209 215 211 205 212 217 214 209
232 232 232 231 231 230 230 229 228 227 226 225 222 221 225 231 230 228 226 226 226 225 225 223 220 219 216 217 221 223 225 226 226 227 228 230 230 228 227 226 226 226 225 224 226 228 228 232 239 244 248 251 253 257 260 259 253 248 247 250 254 257 259 265 266 260 252 240 227 222 222 222 220 215 210 209 210 211 209 207 209 212 212 211 209 206 210 215 210 204 212 220 218 213
233 233 233 232 231 231 230 229 229 228 227 225 222 221 226 232 235 231 229 228 227 227 227 228 226 223 220 219 221 222 225 227 228 227 227 229 228 227 227 226 228 229 231 233 236 236 233 231 235 242 246 249 252 256 262 266 263 255 246 245 248 249 251 257 264 267 266 262 247 228 224 223 221 214 208 208 211 213 212 210 211 211 212 214 214 212 214 219 215 210 217 226 225 223
234 234 233 233 232 232 231 230 229 228 227 226 222 219 222 229 233 232 231 231 230 229 230 229 227 223 220 219 220 222 225 228 228 227 225 225 226 227 229 232 237 239 242 247 247 245 241 233 230 232 236 238 238 241 245 249 251 245 234 233 235 235 234 233 236 241 246 252 262 253 227 222 220 215 211 213 217 220 221 221 218 215 216 220 221 219 222 224 222 221 230 239 240 240
235 234 234 233 233 232 232 231 230 228 227 226 223 218 219 225 227 227 227 230 230 229 227 226 225 223 219 219 220 221 222 223 221 222 224 229 233 236 238 241 244 243 241 241 239 235 236 235 231 228 228 225 222 222 224 226 228 224 219 224 228 228 226 222 222 226 228 231 235 239 230 228 224 219 217 217 220 224 226 226 222 220 223 228 229 229 232 234 232 232 237 244 245 245
235 235 235 234 233 233 232 231 230 229 228 226 224 221 220 225 227 225 224 225 226 225 224 224 223 222 219 218 218 218 219 221 222 226 234 240 243 243 241 239 237 232 230 230 228 226 227 228 227 226 224 219 216 217 219 221 222 219 213 218 224 226 225 219 219 224 225 224 225 222 220 234 238 227 219 219 220 223 224 224 222 223 229 233 237 241 242 243 244 240 235 235 236 237
236 236 235 234 234 233 232 231 230 229 228 227 225 223 223 227 230 228 225 224 224 225 224 224 224 223 221 219 219 220 222 225 227 231 234 235 234 233 230 228 227 226 227 228 227 226 225 222 220 220 220 219 218 219 220 221 221 218 212 215 222 224 222 218 218 222 224 223 223 222 219 217 225 227 222 220 219 222 226 229 230 232 235 237 241 244 245 243 244 242 235 232 231 231
237 236 236 235 234 233 232 231 230 229 228 227 226 225 225 228 231 230 228 227 227 226 225 225 226 225 223 222 222 225 227 227 226 226 227 228 228 227 226 226 226 226 227 227 226 226 224 219 218 220 221 221 221 220 219 219 219 218 215 215 221 224 221 218 218 220 224 224 223 222 217 211 212 217 219 223 228 235 241 243 244 245 242 237 235 234 234 234 237 238 234 231 231 231
238 237 237 236 235 234 233 232 231 229 228 228 226 225 225 227 230 231 229 228 227 225 224 224 224 223 223 223 223 224 224 223 224 226 228 230 230 227 225 224 223 222 223 223 223 222 221 219 219 223 224 223 222 219 217 216 217 218 218 218 223 226 224 221 221 222 225 224 221 217 213 209 211 214 213 215 227 241 247 246 245 243 238 232 228 228 228 230 234 235 228 223 229 231
239 238 237 236 235 234 233 232 231 230 229 228 226 225 225 225 227 227 226 224 224 223 222 221 221 221 222 222 222 221 220 219 221 223 224 224 223 220 217 217 218 219 221 221 221 221 222 221 220 223 224 223 221 218 217 217 217 218 219 220 223 226 226 222 221 222 222 220 218 215 213 212 214 216 214 209 213 222 229 234 235 234 232 228 226 227 228 229 233 234 226 217 224 230
239 239 238 237 236 235 233 232 231 229 228 228 227 225 224 224 224 223 222 222 222 221 220 220 220 220 220 221 220 219 217 215 216 217 216 215 216 216 214 216 217 218 219 220 222 223 223 221 219 220 222 221 220 219 218 219 219 218 219 221 221 224 225 221 220 220 217 216 217 216 215 215 217 220 216 206 205 212 219 224 228 229 229 227 223 224 225 227 231 231 223 212 217 227
240 239 238 237 236 235 234 232 231 229 228 227 226 224 223 223 222 221 220 220 220 219 218 218 218 218 219 219 219 217 214 211 212 214 215 216 218 219 218 218 217 217 218 221 223 223 220 218 218 218 220 221 221 220 218 218 218 217 217 220 221 223 225 221 218 215 212 214 217 217 216 217 219 221 215 202 198 207 214 219 222 223 225 226 221 220 219 223 227 227 220 209 213 224
241 240 239 238 237 235 234 233 231 230 228 226 225 223 222 221 220 220 219 218 217 217 216 216 216 216 217 219 220 218 214 210 212 216 219 221 223 223 221 218 217 216 218 221 221 219 217 217 218 218 221 222 221 220 218 217 217 217 214 217 221 224 226 222 216 212 213 216 219 220 219 219 221 220 214 203 198 204 212 217 220 220 222 224 221 219 217 221 226 227 221 210 214 224
241 241 240 239 237 236 234 233 231 230 227 226 224 223 221 220 219 218 218 217 216 216 215 215 214 215 217 220 223 221 215 213 214 217 219 221 222 223 222 218 216 215 216 217 218 217 216 219 220 220 222 222 220 219 218 216 216 216 214 216 221 225 225 222 217 216 219 222 224 226 225 223 222 219 214 208 206 208 212 215 218 218 218 220 221 221 219 224 229 229 220 210 215 224
242 242 240 239 238 236 234 232 231 229 227 225 224 222 220 219 218 217 216 216 215 215 214 213 212 212 214 219 222 222 218 216 214 214 216 217 219 222 222 218 216 214 213 216 218 217 218 220 220 220 220 222 222 221 219 215 214 216 217 219 222 223 222 219 216 216 218 221 224 227 228 225 221 218 212 209 214 216 211 209 213 215 214 215 218 218 215 218 227 229 217 206 213 221
243 242 241 239 238 236 234 232 231 228 226 224 223 221 220 218 217 216 215 215 214 213 212 210 210 209 210 216 220 221 219 219 218 215 214 214 216 220 221 216 213 213 213 216 217 215 216 218 218 217 218 221 223 221 217 212 212 216 219 219 221 224 223 220 218 217 216 217 220 223 226 225 220 217 209 205 214 220 213 203 208 212 212 213 216 215 211 213 222 225 215 202 208 217
243 243 241 240 238 236 234 232 230 228 226 224 222 220 218 217 216 215 214 213 212 211 209 208 208 206 206 212 217 217 218 220 220 217 216 213 214 219 220 216 212 212 212 213 212 209 211 215 217 216 214 217 218 218 215 207 207 213 216 215 220 225 226 223 223 221 217 215 218 222 226 224 219 214 206 202 211 220 218 205 205 210 212 214 216 216 212 214 221 223 216 203 203 213
244 244 242 240 238 236 234 232 230 227 225 223 221 219 217 216 214 213 212 212 210 209 208 207 205 203 202 206 210 212 215 218 218 216 214 209 209 215 218 213 208 209 208 209 208 206 208 212 216 214 209 212 215 216 214 203 200 209 215 217 221 224 222 220 221 221 216 214 218 223 225 222 216 212 206 202 210 222 223 216 207 206 211 217 221 222 219 219 223 223 219 210 204 210
245 244 243 241 238 236 234 231 229 226 224 222 220 218 216 214 213 212 211 210 209 209 208 206 203 199 198 201 205 206 209 214 215 213 207 199 199 207 212 207 204 204 204 205 205 203 206 208 211 209 205 207 212 214 213 203 197 207 218 224 226 225 223 221 221 221 215 213 221 227 227 222 218 214 208 205 210 222 228 226 216 206 212 221 226 226 224 223 223 222 220 217 212 211
246 245 243 241 239 236 233 230 228 225 222 221 219 216 215 213 211 210 210 209 208 207 206 204 201 197 196 198 202 204 209 214 214 211 203 194 195 203 207 204 201 202 202 205 204 202 204 205 207 207 206 207 211 216 215 207 204 212 223 230 230 227 227 226 226 223 215 215 226 233 233 228 223 217 207 204 207 216 225 228 222 209 211 221 223 222 221 221 221 222 222 222 222 223
247 246 243 241 238 235 232 229 226 223 221 219 217 215 214 212 210 209 209 208 207 206 205 203 200 197 195 197 201 206 213 214 212 211 205 194 194 202 205 203 203 204 205 207 207 205 206 208 211 213 213 214 216 220 219 210 211 219 228 235 232 224 223 226 229 224 215 216 229 236 233 227 223 214 204 203 206 212 221 226 222 212 211 219 222 223 224 225 226 227 228 228 229 232
248 247 244 241 238 235 231 228 225 222 219 218 216 214 212 211 209 209 208 207 206 205 203 202 200 197 195 195 196 201 205 207 209 213 211 196 194 203 206 207 209 209 209 210 210 210 212 215 216 219 221 221 221 223 221 212 211 219 228 235 233 222 216 221 227 225 214 213 225 232 228 220 215 208 203 202 204 209 218 225 223 216 215 219 223 228 232 232 231 232 233 232 232 234
249 247 244 241 238 234 230 226 223 220 218 216 214 212 211 209 208 207 207 206 205 204 202 200 199 196 194 192 191 193 198 204 208 214 214 198 191 203 208 209 211 211 210 213 214 215 218 220 220 223 224 223 224 225 223 216 214 219 225 230 229 217 207 214 223 225 218 214 223 227 221 214 211 207 203 200 201 204 213 220 221 218 219 220 219 221 227 228 226 228 230 231 233 234
250 249 245 242 238 232 228 224 221 218 216 214 213 211 210 208 207 207 206 205 204 203 201 199 198 196 194 192 189 191 198 205 208 212 212 202 192 201 208 209 211 213 214 218 220 222 223 223 224 225 226 226 227 227 226 224 221 223 227 230 228 216 202 208 220 225 224 220 222 224 219 215 214 210 205 202 200 203 210 217 218 217 218 221 219 216 221 223 221 222 224 225 228 231
252 250 246 242 237 231 225 222 219 216 214 213 211 210 209 208 207 206 205 205 204 203 201 200 198 197 195 193 191 194 199 203 205 208 210 206 199 202 209 212 215 218 220 221 222 224 223 222 223 223 224 225 225 224 224 223 224 226 230 234 232 222 205 203 216 223 225 223 222 224 222 221 220 215 211 205 203 209 218 221 220 218 219 224 224 217 218 220 218 217 219 221 225 231
254 253 248 242 236 229 223 219 217 214 213 211 210 209 208 207 206 206 205 204 204 203 202 200 199 197 195 193 194 196 196 197 201 206 211 210 206 207 213 218 220 221 221 220 221 221 219 220 221 222 222 221 220 220 219 219 221 224 227 232 234 226 211 202 210 220 224 224 223 223 225 229 228 220 212 207 205 212 222 225 223 221 222 225 228 224 214 216 216 214 215 219 225 230
256 255 249 242 234 226 221 217 214 213 211 210 209 208 207 206 206 205 205 204 204 203 202 201 199 197 195 193 193 193 192 194 200 208 213 212 210 214 219 221 220 220 219 219 219 219 218 218 219 221 221 218 216 218 219 218 217 220 222 226 229 226 215 204 206 218 227 229 226 221 222 226 224 216 210 209 206 205 216 223 221 220 221 223 227 226 212 209 215 215 215 219 225 229
259 257 249 239 229 222 217 214 212 210 209 208 208 207 207 206 205 205 205 204 204 203 202 201 200 197 194 191 189 192 193 196 201 208 212 212 212 218 221 219 217 216 216 216 216 216 214 212 212 215 216 213 211 215 218 214 211 213 216 218 220 219 215 207 206 218 231 235 229 220 218 216 214 211 208 211 205 196 209 219 217 213 216 220 226 225 214 205 210 214 215 220 228 233
261 259 246 232 223 217 214 212 210 208 208 208 207 207 206 206 205 205 205 205 204 203 202 202 200 198 195 190 189 195 198 198 201 207 211 211 210 213 216 216 216 216 214 212 212 213 212 209 208 212 214 210 205 207 210 207 202 204 208 211 212 214 216 214 209 217 232 236 227 219 215 214 215 213 209 211 203 188 199 213 214 212 217 222 228 228 218 206 205 211 214 220 232 236
263 265 238 222 215 212 210 209 208 207 208 208 207 206 206 206 205 205 205 205 204 203 203 202 201 199 197 194 193 198 201 200 201 206 210 209 208 209 212 214 214 213 212 209 209 211 210 207 205 209 214 210 199 199 205 205 201 201 207 211 213 215 219 221 215 216 229 232 224 218 216 219 222 214 208 209 201 186 192 208 212 212 216 221 227 228 220 208 205 209 212 221 232 236
252 248 222 212 209 208 207 207 207 207 207 207 206 206 206 206 206 205 205 205 204 204 204 203 203 201 199 198 196 199 202 202 202 204 205 206 207 209 209 209 208 207 207 207 206 204 204 203 202 205 211 209 199 197 205 210 208 207 213 219 219 218 220 221 218 217 224 225 219 215 216 219 219 208 204 208 199 187 191 206 212 212 214 218 221 220 214 208 208 210 212 222 231 235
