windninja/windninja_output/Output_2025-08-24_0700-0750_Google earth_Fire_150m_10min/merlingen_7.5mi_point_08-24-2025_0740_150m_ang.asc
ncols	158
nrows	163
xllcorner	391686.332397
yllcorner	5160024.123721
cellsize	150.000000
NODATA_value	-32768.000000
[rows 0 to 41 of 163, columns 0 to 93 of 158]
209 209 208 207 207 208 208 206 207 207 207 206 204 207 212 220 227 227 224 225 218 205 203 206 210 214 213 209 208 209 210 212 214 213 212 216 220 221 222 219 216 216 217 218 218 219 223 221 211 207 206 205 205 207 208 209 210 211 212 211 209 209 210 208 206 206 208 210 212 213 212 212 212 211 211 212 213 217 217 216 215 214 216 220 221 221 218 218 220 218 218 218 217 216
211 210 208 207 208 210 210 210 211 210 207 204 202 205 211 217 219 217 215 216 211 201 200 206 211 213 211 208 209 211 212 212 213 212 212 215 216 216 215 214 212 213 213 213 213 213 214 213 208 206 207 207 208 210 211 211 210 210 211 211 210 209 209 208 207 207 209 212 213 212 211 211 211 210 211 212 213 216 215 214 214 215 217 219 221 220 216 217 220 219 219 220 219 218
210 210 208 207 210 211 211 212 212 208 203 199 199 203 209 213 212 209 208 209 205 197 195 203 211 212 210 208 210 212 214 214 213 211 211 211 211 210 209 208 207 208 208 208 208 207 206 206 205 204 206 208 210 212 212 210 209 208 209 210 208 207 207 207 207 207 210 213 214 212 210 210 210 210 210 211 212 214 214 212 211 214 217 217 219 216 212 213 217 218 219 219 218 216
205 208 208 208 209 209 207 206 204 201 198 196 197 201 206 210 210 208 208 209 207 201 194 197 206 208 208 207 207 209 210 212 211 209 208 208 208 209 209 206 204 204 204 204 204 203 203 204 204 203 203 205 207 209 209 208 208 209 209 209 208 207 207 208 208 207 209 213 214 213 210 210 211 211 212 211 211 213 215 212 209 212 216 214 216 215 208 207 210 211 213 214 212 210
200 206 209 208 209 207 203 202 201 201 200 197 196 200 205 209 211 211 211 212 210 204 195 192 199 203 204 204 203 204 205 207 207 206 205 206 207 207 206 203 201 200 200 201 201 202 203 204 204 205 205 206 206 208 209 209 209 209 209 209 209 208 207 208 208 208 209 212 214 213 212 212 212 212 212 213 214 215 216 213 210 212 215 213 215 216 208 203 204 205 207 209 207 204
202 205 208 208 208 206 203 203 203 204 203 199 196 199 205 209 213 215 215 215 213 209 199 190 192 198 201 203 202 202 203 204 204 204 204 204 203 202 201 200 199 198 200 201 203 204 205 205 206 206 207 208 208 209 210 210 209 209 208 208 208 207 207 207 208 207 208 212 213 212 212 213 212 210 210 212 213 214 215 215 214 214 215 214 214 216 212 205 202 201 202 204 203 199
207 207 207 208 208 207 206 206 206 206 203 199 196 199 207 211 213 215 214 213 213 211 203 190 188 195 200 202 202 202 202 203 203 203 203 201 200 199 200 200 200 201 203 205 206 207 207 207 207 207 208 209 209 209 210 210 210 209 207 206 205 204 205 206 207 207 208 211 212 209 209 210 210 207 207 209 211 212 212 213 215 214 212 213 215 218 217 211 206 200 199 201 202 201
209 209 208 208 210 210 210 210 209 207 203 198 195 199 207 211 211 213 212 211 211 211 206 196 188 191 197 199 200 201 202 203 204 204 204 203 201 201 203 204 204 205 207 208 209 209 209 209 208 208 208 208 208 209 211 210 209 207 205 203 202 201 203 205 207 207 208 209 210 208 207 209 209 207 206 208 212 214 212 212 215 214 210 211 212 214 215 212 208 202 199 201 206 207
210 210 211 210 212 214 215 214 211 207 202 197 193 196 205 210 209 210 211 211 211 211 208 201 192 187 192 196 198 200 203 204 204 206 206 206 206 206 208 209 210 211 211 210 210 209 209 210 209 207 208 208 208 209 211 209 206 205 204 203 203 203 203 205 208 209 208 207 208 208 208 211 212 211 209 210 214 215 213 214 216 215 208 205 206 206 207 207 203 198 196 197 201 201
211 212 213 212 212 213 214 213 210 207 203 198 193 195 203 209 210 209 209 209 209 209 207 202 196 189 188 195 197 199 203 204 204 206 208 209 209 210 212 213 213 212 211 211 212 211 210 211 209 207 208 210 208 208 210 210 207 207 208 209 210 208 206 208 211 210 208 207 207 209 212 214 214 213 212 213 216 215 211 211 213 212 207 203 203 202 203 202 198 196 197 198 196 195
212 213 213 213 212 212 212 211 209 206 204 200 195 194 202 209 209 208 206 206 207 207 206 204 199 194 190 194 198 199 203 205 205 207 210 211 211 212 212 212 212 212 212 212 214 214 212 213 213 211 212 213 210 211 214 216 216 217 219 219 219 217 214 214 214 213 211 210 209 213 215 215 213 212 213 216 218 215 207 205 207 209 208 204 202 200 200 201 199 198 202 202 199 198
213 214 214 214 213 212 211 210 208 207 205 202 198 195 200 206 208 208 206 206 207 208 207 205 202 198 196 197 200 201 205 208 208 209 212 214 214 213 212 212 212 213 213 213 215 216 215 218 221 222 224 224 224 226 230 232 231 231 232 233 236 236 233 227 224 221 219 216 212 213 214 213 212 209 209 210 211 208 202 199 203 207 207 204 200 196 198 203 201 198 205 209 206 202
215 215 215 214 213 212 211 210 209 208 206 204 201 198 201 206 207 206 207 206 207 208 209 208 207 206 204 203 204 206 207 209 210 210 213 216 216 214 213 212 213 213 213 213 216 218 219 224 231 235 238 241 245 250 253 252 247 242 241 246 251 252 252 254 253 245 236 224 212 209 211 212 211 206 202 201 202 203 200 198 200 203 204 203 200 197 200 205 202 197 204 212 210 205
216 216 215 214 213 212 212 211 210 208 207 205 202 201 203 208 209 206 207 208 208 209 211 213 213 211 207 205 205 206 209 210 211 212 213 215 214 213 213 213 215 218 220 223 227 228 226 225 229 234 238 241 245 250 258 262 259 250 242 240 242 241 240 244 252 257 255 243 215 205 210 211 210 204 198 198 201 204 204 202 201 202 202 204 205 203 205 210 207 203 209 218 218 216
217 217 216 215 214 213 213 211 210 209 207 205 202 200 203 208 209 206 205 209 211 212 214 216 214 211 207 206 206 208 210 212 212 211 210 211 213 215 217 221 226 231 236 241 241 239 234 225 222 225 228 229 229 232 236 240 241 235 225 224 225 223 220 219 222 226 227 228 223 195 199 206 206 203 200 202 205 209 211 211 206 203 205 210 212 211 213 217 216 215 222 233 235 235
218 217 216 216 215 214 213 212 211 209 208 206 202 198 199 206 207 206 205 208 211 212 213 213 213 210 206 206 208 208 208 208 207 208 210 215 222 226 229 234 238 238 236 234 230 227 227 225 221 221 220 216 212 212 214 217 218 213 208 212 216 215 213 210 211 214 213 212 212 192 172 196 204 205 204 205 208 213 215 214 209 207 212 218 220 222 225 228 227 227 232 240 241 241
218 218 217 216 215 214 213 212 211 210 208 206 204 199 197 204 208 207 206 206 208 209 210 210 211 209 206 205 206 206 206 207 210 215 223 230 234 236 234 232 229 224 220 221 219 217 219 219 217 214 213 210 206 207 209 212 214 210 203 206 211 213 212 208 208 212 212 209 208 203 188 184 202 204 203 205 209 212 212 211 210 213 219 225 231 236 238 240 241 235 229 230 231 232
219 219 218 217 216 215 214 212 211 210 209 207 205 202 199 204 209 210 208 208 208 210 210 210 211 211 209 206 206 207 210 213 218 223 226 227 225 224 221 219 217 216 217 218 218 217 215 213 209 208 208 207 207 209 211 212 213 209 203 203 209 212 211 207 207 210 211 209 209 208 202 193 194 196 197 203 206 209 213 217 221 224 227 231 236 241 242 240 239 235 227 226 225 226
220 219 218 217 216 215 214 213 211 210 210 208 206 204 203 205 210 212 212 212 212 212 211 211 213 213 211 209 209 212 216 218 218 219 219 220 219 218 216 216 216 217 218 218 217 217 213 208 207 209 209 209 209 210 210 209 209 209 205 204 209 212 211 208 206 208 211 213 211 208 202 196 195 197 196 200 209 220 231 237 238 239 236 232 230 230 229 229 231 230 224 223 225 225
221 220 219 218 217 216 214 213 212 211 210 209 207 206 205 206 210 213 213 213 212 211 211 211 211 211 211 211 211 213 215 216 217 218 220 222 221 218 215 214 213 213 214 214 213 212 210 207 208 212 213 212 209 207 206 206 207 208 208 208 212 216 214 210 208 209 213 213 209 204 200 197 199 201 199 200 212 230 240 240 238 236 230 224 222 222 223 224 228 228 219 214 221 225
222 221 219 218 217 216 215 214 213 211 210 210 208 207 207 207 209 211 210 210 210 209 209 209 209 210 211 211 211 211 211 212 214 216 216 215 214 210 207 208 209 211 212 212 211 210 211 210 210 212 213 212 209 205 204 205 207 208 210 211 213 216 215 210 209 209 209 208 205 202 202 202 204 205 202 199 204 213 221 226 226 225 223 219 217 220 222 224 227 227 218 208 216 224
222 221 220 219 218 216 215 214 213 211 210 210 209 208 207 207 208 208 208 208 208 208 208 208 208 209 210 211 211 210 209 208 209 209 207 207 208 207 206 207 209 210 211 211 212 213 213 211 209 209 210 210 208 206 205 206 207 207 209 212 213 215 214 210 207 206 203 203 204 204 206 207 208 209 204 196 197 205 212 217 219 220 221 218 213 216 218 221 224 223 215 205 211 220
223 222 221 219 218 216 215 214 213 212 210 209 209 208 207 207 207 207 207 207 207 207 207 207 207 208 209 210 210 209 206 204 204 206 206 207 210 211 210 210 209 209 210 212 213 213 210 208 207 207 209 209 209 208 206 205 205 205 207 211 212 213 214 209 204 200 198 201 206 208 209 209 210 210 204 192 191 199 206 212 215 216 218 217 212 211 212 215 220 220 213 203 207 218
223 222 221 220 218 217 216 215 214 212 210 209 209 208 207 206 206 206 206 206 206 206 206 206 206 207 209 211 212 210 206 202 203 207 210 212 214 215 213 210 208 208 210 212 212 208 207 208 208 208 210 210 210 209 206 204 205 204 204 207 211 214 214 207 200 198 200 205 210 213 213 212 212 209 203 195 190 195 202 209 214 215 216 217 214 209 207 212 218 220 214 205 209 218
224 223 221 220 219 217 216 215 214 212 210 209 208 208 207 206 206 205 206 205 205 205 205 205 206 207 210 213 215 212 207 203 204 208 211 213 215 215 213 210 207 207 207 208 208 207 207 210 210 210 211 211 209 207 206 204 204 205 204 206 211 213 211 206 201 201 207 213 217 220 218 214 210 207 204 201 198 197 200 206 211 212 213 214 215 212 209 213 221 222 214 205 210 218
225 224 222 221 219 218 216 215 214 212 211 209 208 207 207 206 205 205 205 205 205 205 205 204 205 206 209 213 216 214 209 207 205 205 208 210 212 215 213 209 206 205 204 205 208 209 210 211 211 210 210 211 210 209 206 204 204 207 208 208 209 208 206 204 204 205 209 214 218 221 220 213 207 207 205 203 206 204 197 198 204 208 208 210 213 211 207 209 218 221 211 202 207 215
225 224 223 221 220 218 216 215 214 212 211 209 208 207 206 206 205 205 205 205 204 204 203 203 203 203 205 211 214 214 212 210 208 205 205 207 209 213 212 207 204 203 202 205 208 207 208 210 209 208 208 211 211 209 204 200 203 209 210 207 204 204 204 207 209 209 210 211 215 217 216 210 207 206 202 200 208 211 199 190 197 203 206 207 210 209 205 207 215 218 208 197 203 211
225 225 223 221 220 218 216 215 214 212 211 209 208 207 206 206 205 204 204 204 203 202 202 201 202 201 202 207 211 212 213 213 211 207 205 205 206 211 212 207 203 202 200 202 203 202 203 207 209 207 205 208 208 206 202 197 200 206 206 202 203 206 208 211 214 214 212 211 212 213 214 211 207 204 200 197 205 212 207 192 191 199 204 206 208 209 207 209 215 217 209 197 197 207
226 225 224 222 220 218 216 215 213 212 211 210 209 207 206 205 204 204 203 203 202 202 201 200 199 198 198 201 206 208 211 213 211 208 204 199 200 206 209 204 199 198 198 199 199 198 200 204 208 205 200 203 205 205 203 195 194 201 204 203 204 208 209 210 213 214 211 209 210 211 213 211 207 204 200 197 202 214 215 204 193 193 200 206 212 215 214 213 217 218 213 204 197 203
226 226 224 222 220 218 216 215 213 212 210 209 208 207 205 204 204 203 202 202 202 202 201 199 197 195 193 196 200 203 206 210 210 207 199 192 192 199 202 199 195 195 195 197 196 196 198 200 202 201 197 199 203 205 204 196 192 198 206 208 208 211 214 213 214 214 209 207 211 213 214 212 210 207 203 199 202 213 220 216 202 191 197 209 217 219 218 216 217 217 216 212 204 202
227 226 224 222 221 219 216 215 213 211 210 209 208 207 205 204 203 202 202 202 201 201 200 198 196 193 191 194 198 201 206 210 209 204 195 188 189 195 198 195 193 194 194 197 197 195 196 196 197 199 198 199 203 208 207 201 198 202 209 215 215 215 219 220 220 215 207 206 215 220 219 218 216 210 201 198 200 209 218 219 210 195 196 208 213 213 213 213 214 216 217 218 216 213
228 227 224 222 221 218 215 214 213 211 209 209 208 206 205 204 203 202 202 201 201 200 199 198 195 192 191 193 197 203 209 209 206 203 197 189 189 193 195 195 195 196 197 199 199 197 197 197 200 204 204 205 208 212 212 206 205 208 214 221 219 214 216 221 222 215 205 206 217 224 222 218 214 205 197 197 199 205 214 218 213 202 199 205 210 213 214 217 220 222 223 223 224 225
228 227 224 222 221 218 215 214 212 210 209 208 207 206 205 204 203 202 201 201 200 199 198 197 195 192 191 191 194 198 201 202 202 206 202 190 187 193 195 198 201 201 201 202 202 201 201 203 206 210 211 211 212 215 214 207 204 209 216 223 222 214 210 215 220 215 203 201 213 221 218 210 204 199 195 195 197 202 211 217 215 208 206 207 211 217 222 224 225 227 228 228 227 228
228 227 225 223 222 218 215 214 212 210 209 208 207 206 205 204 203 202 201 201 200 198 197 196 195 192 190 189 188 190 194 199 202 207 206 190 184 193 198 200 203 203 203 205 205 205 207 209 211 213 214 213 214 216 215 209 205 209 216 221 220 209 201 208 216 216 207 200 209 216 211 204 201 199 195 194 194 197 205 213 215 212 212 211 209 212 218 220 219 222 224 226 227 228
228 227 224 223 221 217 214 213 212 210 208 207 207 206 205 204 203 202 201 200 199 198 196 195 194 192 190 188 186 187 193 199 203 206 205 195 185 192 200 201 204 206 207 210 212 212 213 214 215 216 216 216 218 218 217 214 210 211 217 222 219 208 196 201 213 217 214 206 205 210 208 206 205 202 198 194 192 194 202 211 214 212 213 214 209 207 214 216 214 216 218 220 221 223
228 227 224 222 220 216 214 212 211 209 208 207 206 205 204 204 203 202 201 200 199 198 197 195 194 192 191 189 188 190 193 196 199 201 202 199 193 195 202 205 209 212 214 214 214 214 214 213 213 214 215 216 216 215 214 212 212 214 219 225 225 214 197 196 208 216 216 210 204 206 210 212 212 208 202 196 194 199 207 213 214 213 215 218 217 209 210 214 212 211 212 214 218 223
228 227 224 222 219 216 213 211 210 209 208 207 206 205 204 203 203 202 201 200 200 199 197 196 194 192 190 190 191 191 189 190 193 198 203 204 201 202 208 213 215 215 215 213 212 212 211 210 212 212 213 212 211 210 208 208 211 213 217 223 225 217 202 193 201 212 215 213 208 208 214 221 219 211 203 198 197 204 213 215 215 215 217 221 223 216 205 208 210 207 207 212 218 223
228 227 224 221 218 215 213 211 210 209 208 207 206 205 204 203 202 202 201 201 200 199 198 196 194 192 190 189 189 187 186 187 191 199 206 206 206 210 215 216 215 213 212 211 211 210 209 208 210 212 211 208 207 208 208 207 208 210 213 217 220 217 206 195 196 208 217 218 214 212 215 218 214 205 200 201 198 198 208 214 212 212 215 218 222 219 203 201 207 207 207 211 217 221
227 226 223 220 217 215 213 211 210 208 207 206 205 205 204 203 202 202 201 201 200 199 198 197 195 192 190 186 184 185 186 188 193 200 205 207 210 215 217 214 211 209 208 208 208 207 205 204 204 207 206 202 202 206 207 203 201 204 207 209 211 211 207 199 197 207 220 224 219 213 210 206 203 202 202 203 196 189 203 213 209 206 210 214 220 219 207 197 202 206 207 212 219 224
226 225 222 219 216 214 212 211 209 208 207 206 206 205 204 203 203 202 201 201 200 199 198 197 195 193 189 185 183 187 190 190 193 199 205 207 208 210 212 212 210 208 206 203 203 204 203 201 200 203 204 200 196 199 201 198 194 196 200 203 205 208 210 207 201 206 221 225 219 211 204 202 205 206 204 202 194 184 194 207 208 207 211 215 221 221 212 199 197 204 207 213 223 228
224 224 220 217 215 213 211 210 209 208 207 207 205 205 204 204 203 202 202 201 200 199 198 197 196 194 191 187 186 190 192 191 193 199 205 207 205 205 208 209 208 206 203 200 201 202 202 199 197 200 204 199 190 190 196 197 193 193 199 203 206 210 215 215 207 206 218 222 215 207 203 208 213 207 201 199 192 183 188 202 208 208 211 214 219 220 212 200 198 202 205 214 225 230
220 220 218 216 214 212 211 210 209 208 207 206 205 205 204 204 203 202 202 201 200 199 199 198 197 195 193 191 189 190 193 193 193 198 201 203 203 204 204 203 202 200 200 200 198 196 196 196 195 197 201 198 189 187 195 200 199 199 205 212 214 213 215 215 211 207 213 215 208 204 207 211 210 200 195 197 191 184 188 200 208 207 209 211 213 212 207 202 202 203 205 215 225 229
