windninja/windninja_output/Output_2025-08-24_0700-0750_Google earth_Fire_150m_10min/merlingen_7.5mi_point_08-24-2025_0700_150m_ang.asc
ncols	158
nrows	163
xllcorner	391686.332397
yllcorner	5160024.123721
cellsize	150.000000
NODATA_value	-32768.000000
[rows 84 to 125 of 163, columns 0 to 93 of 158]
234 227 224 230 231 230 227 226 227 224 219 217 216 218 220 221 220 220 219 217 214 212 212 210 204 202 207 209 210 212 212 212 214 217 220 224 225 224 222 219 216 213 211 210 211 211 211 211 212 213 212 211 210 209 212 214 215 216 216 216 216 215 215 215 215 215 214 214 213 213 212 211 211 210 208 206 203 200 194 187 178 179 189 199 207 208 209 211 211 213 215 217 218 219
235 237 239 241 240 239 236 234 233 229 223 219 217 218 220 220 220 221 221 220 218 215 212 209 204 202 207 211 212 212 212 213 213 214 217 220 221 224 224 222 217 215 214 215 217 219 220 221 222 221 219 218 217 215 214 215 216 216 216 216 216 216 216 215 215 215 215 214 214 213 213 212 211 210 209 207 204 201 195 188 178 176 184 196 207 209 209 212 213 214 216 218 220 221
243 244 246 248 248 245 239 234 232 228 223 219 217 218 220 221 221 224 226 226 224 221 217 210 201 199 204 209 212 212 213 213 212 211 212 214 215 218 220 221 219 216 215 216 218 220 222 224 225 225 223 222 221 219 217 217 218 218 217 217 216 216 216 215 215 215 215 215 214 214 213 213 212 211 210 208 205 202 197 189 177 171 176 191 206 211 212 214 214 215 217 219 219 216
250 251 252 251 246 240 233 227 226 225 223 220 219 218 220 222 222 225 227 227 224 220 214 200 187 189 198 205 210 212 213 214 213 211 212 212 212 214 216 217 217 215 214 216 218 221 223 224 226 226 225 223 223 222 221 221 221 220 219 218 217 216 216 216 216 215 215 215 215 214 214 213 212 211 210 209 207 204 200 192 178 165 166 181 203 212 215 217 219 221 222 220 216 210
253 252 248 241 233 226 223 222 224 226 225 220 217 214 216 218 219 222 224 223 216 206 195 186 182 185 196 204 209 212 213 214 215 215 216 216 215 215 217 218 217 215 213 214 217 219 222 224 224 224 223 222 222 222 222 222 223 223 222 220 218 216 216 216 216 216 216 216 215 215 214 214 213 212 211 210 209 206 202 196 183 165 158 174 202 215 219 221 223 225 224 219 215 214
250 246 237 232 227 223 222 223 223 225 225 219 213 212 215 216 217 220 221 216 205 191 187 188 187 189 198 206 209 212 213 214 215 216 217 219 219 220 222 223 222 219 216 215 216 218 221 223 224 223 221 218 217 216 216 218 221 225 227 222 216 214 215 215 216 216 216 216 216 216 215 215 214 213 213 212 210 208 205 200 192 177 164 173 213 231 234 232 229 229 227 221 223 228
246 241 234 232 231 227 223 222 219 219 221 217 211 212 214 214 214 215 217 211 194 185 189 195 193 193 200 207 210 213 215 215 216 216 217 219 219 219 221 224 225 224 221 219 219 220 222 224 224 223 221 218 215 212 212 216 220 223 224 219 211 211 214 215 216 216 217 217 216 216 216 215 215 214 214 213 212 210 208 205 201 192 183 190 223 244 248 244 239 239 236 228 232 237
240 235 227 224 222 220 215 212 210 215 219 216 209 208 207 206 207 209 212 207 189 186 197 201 197 197 204 209 212 214 216 217 218 218 218 219 218 218 217 219 222 224 224 223 222 222 224 226 227 226 224 221 217 213 210 213 216 216 216 213 207 208 212 215 216 217 217 217 217 217 217 216 216 215 215 214 213 213 211 210 208 204 198 201 218 233 242 245 246 247 242 239 247 251
233 226 216 213 211 207 199 195 198 207 214 213 207 205 205 204 202 201 202 201 195 193 203 206 202 203 208 212 214 217 218 220 220 220 219 219 219 218 217 218 220 223 225 226 225 225 227 229 231 232 231 226 221 215 208 208 211 213 216 216 211 208 212 215 217 217 218 218 218 217 217 217 217 216 216 216 215 215 214 213 213 211 210 213 224 235 244 251 254 252 251 256 262 263
224 218 210 208 207 203 197 192 193 202 208 205 198 195 196 199 195 192 198 205 206 199 204 208 206 208 212 214 217 219 221 223 224 222 220 219 220 219 219 218 218 221 224 226 227 228 229 230 232 234 235 231 222 215 210 209 217 222 224 223 218 213 213 216 217 218 218 218 218 218 218 218 218 217 217 217 217 217 216 216 216 217 219 223 235 248 256 262 262 258 257 260 262 263
213 211 208 207 208 206 202 196 193 200 206 203 197 194 194 198 199 199 208 217 214 206 207 210 210 212 215 216 218 221 224 228 228 223 220 220 221 221 221 219 215 215 220 223 223 224 225 227 229 228 229 226 216 213 215 218 227 231 230 227 223 218 216 218 218 219 219 219 219 219 219 219 219 218 218 218 218 218 218 218 219 220 222 226 234 245 255 260 259 255 253 253 253 253
196 202 207 209 212 210 206 200 194 200 210 211 208 209 208 215 217 225 228 225 218 218 218 220 218 217 217 218 219 221 223 224 224 221 219 221 223 223 222 220 215 211 215 219 218 218 218 219 220 219 220 220 214 213 218 221 225 229 228 227 225 220 219 220 220 220 220 220 220 220 220 220 220 219 219 220 220 220 220 220 221 222 224 227 231 237 243 248 248 247 246 246 246 246
174 192 206 209 213 213 211 206 203 214 232 232 231 231 236 243 243 246 241 224 226 232 235 236 229 223 219 219 219 218 219 222 223 223 222 223 225 225 223 222 218 212 213 216 217 215 214 214 214 216 220 222 219 216 220 223 225 228 228 228 226 223 221 222 222 221 221 221 221 221 221 221 221 221 221 221 221 221 221 222 222 223 225 227 230 233 236 238 240 241 241 241 241 241
153 178 204 211 218 220 219 216 217 226 241 245 246 241 245 249 253 253 242 228 231 239 244 247 235 221 217 219 219 220 225 229 230 229 227 227 229 228 226 223 220 215 212 217 219 218 217 219 221 225 227 227 224 221 222 225 227 229 230 230 229 226 225 224 223 223 222 222 222 222 222 221 222 222 222 222 222 222 223 223 224 224 226 227 229 231 233 234 235 236 237 237 237 237
134 159 211 224 232 232 229 227 228 232 243 255 262 264 263 263 262 256 244 236 233 237 241 239 219 209 214 220 224 229 234 236 235 233 231 230 232 233 230 226 222 217 213 217 223 226 228 231 233 233 231 229 227 224 224 225 226 227 228 228 229 229 229 228 226 225 223 223 223 223 223 223 223 223 223 223 223 223 224 224 225 225 226 227 228 229 231 232 233 233 234 234 234 234
119 142 236 246 251 252 251 248 246 246 250 255 262 270 271 268 263 257 248 239 232 231 231 226 213 211 219 224 229 234 237 239 239 237 234 232 232 234 233 229 225 220 215 216 222 225 228 231 232 230 229 227 226 224 224 224 225 226 226 225 225 227 229 230 230 228 226 224 224 224 224 224 224 224 224 224 225 225 225 225 225 226 227 227 228 229 230 230 231 232 232 232 233 233
137 167 240 251 256 258 260 261 258 255 255 256 259 266 270 266 262 259 249 235 232 233 233 228 223 223 227 230 233 238 241 244 246 245 241 237 235 234 234 231 226 222 217 214 218 223 226 228 228 227 227 225 224 223 223 223 223 225 225 223 222 222 224 227 229 229 228 227 226 226 226 225 226 226 226 226 226 226 226 226 226 227 227 227 228 229 229 230 230 231 231 231 232 232
173 199 238 249 254 256 259 260 258 256 255 253 252 251 252 253 248 245 236 231 237 240 238 234 232 233 235 236 238 242 246 249 252 253 253 249 244 240 238 233 227 223 219 214 217 223 227 228 227 226 225 224 223 224 224 223 222 223 224 222 221 221 223 225 226 226 226 226 226 228 228 229 228 228 228 228 228 228 227 227 227 228 228 228 228 228 229 229 230 230 230 230 231 231
203 217 239 247 251 254 256 255 255 254 252 250 245 237 232 232 232 229 223 229 237 239 238 238 237 238 241 244 245 246 249 251 254 257 260 259 255 249 245 239 231 225 221 216 214 219 222 223 223 224 224 224 223 223 224 223 221 222 222 221 220 219 221 224 226 225 224 225 226 230 234 234 232 231 230 230 230 230 229 229 229 229 229 229 229 229 229 229 229 230 230 230 230 230
219 226 237 244 247 250 251 252 252 252 251 249 243 235 231 231 232 229 228 235 238 235 238 240 239 240 244 248 248 249 250 251 253 255 258 261 263 261 255 248 240 231 226 219 213 214 220 221 222 223 224 224 223 221 221 221 221 221 221 221 219 218 219 222 225 225 224 223 224 228 234 238 237 236 235 235 234 233 232 231 231 230 229 229 229 229 229 229 229 229 230 229 230 230
227 230 236 241 246 249 251 252 252 254 254 252 249 249 251 251 248 243 245 248 242 236 237 238 238 238 241 244 245 249 251 252 253 254 256 259 265 268 264 257 248 239 231 223 215 213 219 222 222 222 223 224 224 223 222 221 220 221 222 222 221 220 219 221 223 224 223 220 220 222 229 234 239 243 244 244 242 239 237 235 233 232 231 230 230 229 229 229 229 229 229 229 230 230
232 234 237 241 245 249 251 251 251 253 256 258 260 262 264 264 262 258 255 251 244 239 237 236 234 234 237 239 242 247 251 253 253 252 253 257 262 264 263 257 250 240 233 227 216 210 214 218 219 219 221 221 221 222 223 222 221 221 222 223 222 221 222 223 224 224 223 219 217 221 225 228 232 237 242 245 247 246 244 243 240 236 233 231 231 230 230 230 230 230 230 230 230 230
235 235 236 239 241 244 247 248 248 249 250 251 252 254 257 259 259 257 252 245 242 242 239 232 230 232 233 236 239 244 248 251 250 248 250 256 260 259 258 256 249 240 234 228 216 206 206 212 215 217 219 219 219 220 221 221 221 222 222 223 223 222 222 223 224 224 223 220 217 220 224 226 227 227 229 234 239 241 243 246 246 241 235 233 232 231 231 230 230 230 230 230 230 230
235 235 234 236 239 241 242 240 238 236 236 235 236 239 245 251 252 251 246 241 239 241 238 229 226 228 229 230 234 242 246 247 243 239 246 255 258 254 253 254 248 238 232 225 213 200 194 202 210 214 219 221 220 220 220 220 221 221 222 223 223 223 222 222 222 222 223 221 217 218 222 225 226 227 228 231 233 232 232 236 242 243 239 235 233 232 231 231 231 231 231 231 231 231
235 234 233 234 235 233 230 227 225 227 231 233 234 236 240 243 244 242 239 237 238 240 238 227 222 224 226 223 229 239 243 242 236 231 245 255 254 246 245 247 240 233 230 221 209 198 185 188 201 210 216 220 221 221 221 220 220 221 221 221 222 223 223 223 223 223 222 221 218 216 220 224 227 228 228 229 230 230 230 233 237 239 240 239 235 234 233 233 232 232 232 232 232 232
235 234 232 231 228 226 225 225 227 231 236 237 235 235 238 240 238 231 228 232 238 242 239 228 220 220 222 221 228 238 239 236 231 229 246 254 249 241 239 238 231 233 235 221 207 197 182 175 189 203 211 215 218 220 220 220 220 221 220 218 219 222 223 222 224 226 224 222 219 216 218 224 227 226 227 228 229 230 231 234 236 237 238 239 238 236 235 235 234 234 234 234 234 234
234 233 231 231 231 232 234 236 237 237 238 238 235 234 237 240 235 220 218 226 236 244 240 229 220 217 219 218 226 235 237 233 228 230 244 251 244 239 236 229 221 226 234 224 204 195 182 167 174 193 204 210 215 218 219 219 220 222 222 219 218 221 223 222 223 226 226 224 221 217 216 221 225 225 227 229 230 231 232 233 236 238 238 237 239 240 239 239 238 237 237 237 237 237
233 233 234 236 237 238 240 240 239 237 237 239 238 235 236 238 231 210 211 222 232 242 241 227 220 218 215 212 219 228 234 234 228 229 240 245 241 237 231 220 214 219 226 221 203 191 179 162 161 179 195 205 212 217 219 217 218 221 223 221 219 222 223 221 221 223 224 224 221 218 216 220 225 226 227 229 231 231 232 234 236 238 238 236 235 238 242 243 243 243 243 243 242 241
237 238 238 239 239 238 237 236 236 234 232 235 236 232 234 237 229 204 204 215 224 234 239 226 218 222 218 213 215 222 228 232 229 231 241 243 239 235 227 219 216 221 226 224 208 191 179 160 149 160 181 196 206 215 219 217 216 219 222 221 219 220 222 221 220 220 222 222 221 219 219 222 226 227 227 229 229 229 229 232 235 238 238 236 234 233 238 243 247 249 251 249 245 243
239 239 239 239 239 238 236 234 231 229 226 230 232 229 231 236 228 198 193 204 214 226 234 230 220 227 226 224 220 218 223 228 232 238 248 249 243 236 227 221 219 221 226 228 216 193 182 167 150 147 161 182 198 211 217 217 215 217 221 221 219 217 220 222 220 219 220 220 219 217 217 220 223 224 226 228 229 228 227 229 232 236 237 237 236 233 235 239 241 245 248 247 243 240
238 238 238 238 237 236 235 233 229 226 226 229 228 224 228 236 227 191 180 194 206 219 227 229 225 224 225 225 225 221 220 225 233 242 251 254 246 237 228 218 213 214 220 224 215 193 182 176 167 153 150 162 184 204 214 216 215 216 219 221 219 216 217 221 219 217 218 218 218 217 216 218 223 223 224 227 229 229 227 228 231 233 232 231 232 228 229 233 233 236 240 239 236 237
235 235 234 234 233 231 231 231 229 228 229 228 224 219 225 235 229 191 174 188 202 212 218 221 223 222 220 219 223 220 214 220 230 241 248 247 240 232 226 215 207 210 215 219 214 198 186 183 179 166 153 151 167 193 210 216 216 215 218 220 219 216 217 220 219 216 216 218 219 218 217 219 223 226 226 226 228 229 228 227 231 233 230 227 227 223 222 226 228 234 237 234 231 232
231 233 233 232 232 231 228 227 227 229 232 228 219 215 223 235 232 198 176 183 198 204 206 213 218 221 219 217 225 220 206 211 223 235 244 243 232 222 217 211 206 209 215 218 217 206 194 187 182 176 163 153 157 179 204 215 217 216 216 219 218 216 217 220 219 216 215 217 218 217 217 217 220 224 227 228 229 229 229 229 233 236 231 226 225 221 218 222 227 233 235 231 227 225
230 232 234 234 233 231 226 223 224 227 232 228 214 210 222 235 236 205 174 174 187 196 199 205 212 216 215 216 223 221 208 209 217 228 232 229 220 211 208 208 206 209 214 217 218 210 195 186 182 180 173 162 158 169 193 211 216 216 216 219 218 215 216 218 218 215 215 216 217 217 216 215 216 220 224 227 228 229 229 229 233 237 232 225 223 221 218 221 227 231 231 227 223 223
231 232 234 234 234 231 225 222 224 226 230 228 212 207 221 233 237 217 172 161 171 188 197 202 207 210 208 208 215 218 215 211 213 223 227 222 213 203 203 205 206 209 212 216 218 211 197 189 185 183 180 170 161 164 183 206 215 216 216 218 218 214 214 216 216 213 212 214 216 216 215 214 214 217 221 223 224 226 228 228 230 234 231 225 222 221 219 221 226 228 226 223 220 223
232 232 232 235 235 230 226 226 229 229 230 230 215 208 219 230 236 231 187 153 151 180 199 207 211 211 207 208 213 215 214 210 214 227 232 229 221 208 205 207 207 208 210 212 211 209 202 195 190 188 185 176 166 163 176 200 214 216 216 217 218 215 215 216 215 213 212 213 215 217 216 214 213 214 217 221 222 223 226 229 232 234 231 225 223 222 220 221 224 225 223 220 219 224
231 230 230 234 236 233 232 233 235 232 230 233 221 208 216 227 236 237 217 170 141 159 201 217 222 223 223 223 223 222 222 221 228 237 240 237 229 221 216 215 214 211 211 211 211 209 205 198 193 191 188 182 171 165 172 195 212 217 216 217 218 215 216 220 222 225 223 218 217 219 217 214 213 213 215 218 220 222 225 230 233 234 231 226 224 223 221 221 223 223 223 220 217 222
228 228 226 226 227 228 230 235 239 234 229 236 229 205 209 222 234 238 230 209 170 124 249 250 246 241 236 236 242 246 245 244 245 245 245 241 237 235 229 224 222 219 219 220 219 216 212 207 200 196 193 186 176 169 172 190 210 216 217 218 220 219 223 228 233 240 245 239 226 222 219 216 215 214 213 214 216 219 223 226 229 231 230 225 224 222 219 220 222 223 222 217 215 218
222 223 222 219 218 217 220 225 233 233 230 240 236 206 203 217 231 237 235 228 222 237 319 307 284 269 259 257 260 260 257 254 251 249 250 246 243 240 233 228 229 229 230 229 228 227 224 217 208 203 198 191 180 172 173 186 206 215 217 221 224 226 230 232 230 233 238 242 239 230 224 220 218 216 213 211 213 216 218 221 224 228 226 222 220 219 217 216 219 222 219 213 213 219
220 224 224 218 216 216 217 221 227 228 230 243 244 212 205 220 231 235 236 237 239 246 275 305 304 297 288 280 277 271 263 260 257 254 253 250 244 242 237 229 228 231 232 231 229 229 227 219 210 205 201 195 184 175 175 186 207 221 225 227 228 229 230 227 225 226 229 230 234 236 232 228 223 219 215 211 210 212 214 216 218 222 222 219 218 219 215 214 219 221 218 211 212 220
222 225 226 220 218 220 220 220 225 225 227 242 246 224 216 228 233 232 232 237 245 249 253 267 281 291 295 291 287 278 264 261 259 257 256 252 247 245 241 232 227 229 232 233 231 227 224 217 207 203 202 198 189 178 179 189 208 224 232 231 227 225 223 221 221 225 226 227 229 231 237 242 238 230 222 215 209 209 212 211 213 218 221 219 219 219 214 214 220 222 217 209 209 218
218 222 223 217 215 218 220 220 223 221 224 236 242 234 232 239 237 230 226 229 237 247 249 247 252 260 274 282 284 274 259 260 261 259 258 254 250 248 245 236 230 229 231 236 235 231 225 216 206 203 204 201 193 183 181 189 203 216 223 221 218 219 218 217 220 223 225 226 227 228 231 243 251 250 240 226 216 211 212 212 213 219 222 220 219 218 213 214 219 220 214 206 208 218
