windninja/windninja_output/Output_2025-08-24_0700-0750_Google earth_Fire_150m_10min/merlingen_7.5mi_point_08-24-2025_0750_150m_vel.asc
ncols	158
nrows	163
xllcorner	391686.332397
yllcorner	5160024.123721
cellsize	150.000000
NODATA_value	-32768.000000
[rows 38 to 75 of 163, columns 0 to 83 of 158]
0.32 0.32 0.32 0.31 0.31 0.30 0.30 0.30 0.30 0.31 0.31 0.30 0.30 0.31 0.31 0.30 0.30 0.30 0.30 0.30 0.30 0.30 0.29 0.28 0.27 0.25 0.23 0.21 0.23 0.27 0.28 0.29 0.32 0.36 0.42 0.43 0.41 0.43 0.47 0.45 0.43 0.43 0.43 0.44 0.46 0.46 0.44 0.44 0.46 0.49 0.48 0.44 0.44 0.49 0.49 0.45 0.45 0.52 0.57 0.61 0.65 0.63 0.51 0.37 0.32 0.41 0.58 0.62 0.51 0.44 0.43 0.44 0.44 0.40 0.37 0.37 0.32 0.31 0.43 0.50 0.40 0.36 0.43 0.52
0.31 0.31 0.31 0.31 0.30 0.30 0.30 0.31 0.31 0.30 0.31 0.30 0.30 0.31 0.31 0.31 0.30 0.30 0.30 0.30 0.30 0.30 0.29 0.29 0.28 0.26 0.24 0.21 0.22 0.26 0.28 0.28 0.30 0.34 0.38 0.40 0.40 0.45 0.49 0.48 0.46 0.44 0.44 0.43 0.46 0.48 0.46 0.43 0.44 0.50 0.52 0.47 0.44 0.50 0.56 0.52 0.49 0.54 0.60 0.65 0.69 0.72 0.68 0.51 0.38 0.42 0.58 0.61 0.50 0.44 0.43 0.44 0.44 0.42 0.40 0.40 0.35 0.31 0.40 0.55 0.53 0.44 0.42 0.47
0.30 0.30 0.30 0.30 0.30 0.30 0.30 0.31 0.31 0.30 0.30 0.31 0.30 0.31 0.31 0.31 0.31 0.31 0.31 0.31 0.30 0.30 0.30 0.29 0.29 0.27 0.25 0.23 0.22 0.25 0.28 0.27 0.27 0.30 0.34 0.35 0.36 0.42 0.49 0.51 0.50 0.48 0.46 0.43 0.44 0.48 0.49 0.45 0.44 0.49 0.55 0.49 0.42 0.46 0.55 0.57 0.52 0.52 0.57 0.62 0.64 0.70 0.76 0.67 0.47 0.45 0.60 0.62 0.51 0.46 0.43 0.42 0.41 0.37 0.39 0.42 0.37 0.33 0.37 0.50 0.58 0.56 0.52 0.52
0.29 0.29 0.29 0.29 0.30 0.30 0.30 0.31 0.31 0.30 0.30 0.31 0.31 0.31 0.31 0.31 0.31 0.31 0.31 0.31 0.31 0.30 0.30 0.30 0.29 0.28 0.26 0.25 0.23 0.25 0.28 0.27 0.26 0.27 0.30 0.32 0.34 0.37 0.42 0.49 0.52 0.53 0.52 0.49 0.46 0.48 0.51 0.51 0.48 0.50 0.56 0.53 0.43 0.39 0.45 0.52 0.49 0.45 0.48 0.54 0.56 0.59 0.70 0.75 0.61 0.51 0.60 0.64 0.55 0.50 0.47 0.45 0.42 0.36 0.37 0.42 0.38 0.35 0.36 0.43 0.51 0.55 0.58 0.60
0.27 0.28 0.28 0.29 0.29 0.30 0.30 0.30 0.31 0.31 0.30 0.31 0.31 0.31 0.31 0.31 0.31 0.31 0.31 0.31 0.31 0.30 0.30 0.30 0.30 0.29 0.28 0.26 0.25 0.26 0.28 0.28 0.27 0.26 0.26 0.29 0.34 0.38 0.40 0.44 0.49 0.52 0.53 0.53 0.50 0.48 0.49 0.50 0.48 0.47 0.53 0.53 0.44 0.38 0.40 0.45 0.46 0.43 0.44 0.49 0.51 0.50 0.57 0.70 0.72 0.63 0.60 0.65 0.63 0.58 0.56 0.54 0.48 0.41 0.41 0.43 0.40 0.37 0.37 0.41 0.48 0.50 0.54 0.59
0.27 0.27 0.28 0.28 0.29 0.30 0.30 0.30 0.31 0.31 0.30 0.31 0.31 0.31 0.31 0.31 0.31 0.31 0.32 0.32 0.31 0.31 0.30 0.31 0.30 0.30 0.29 0.28 0.26 0.26 0.28 0.28 0.27 0.25 0.24 0.25 0.30 0.36 0.38 0.40 0.44 0.48 0.49 0.49 0.48 0.45 0.46 0.47 0.47 0.46 0.50 0.52 0.46 0.41 0.41 0.44 0.44 0.44 0.45 0.49 0.49 0.46 0.47 0.55 0.66 0.69 0.63 0.64 0.69 0.69 0.69 0.68 0.63 0.54 0.51 0.49 0.45 0.41 0.39 0.41 0.45 0.49 0.52 0.56
0.26 0.26 0.27 0.28 0.29 0.30 0.30 0.30 0.31 0.31 0.31 0.31 0.31 0.31 0.31 0.32 0.32 0.32 0.32 0.32 0.32 0.31 0.31 0.31 0.31 0.30 0.30 0.29 0.28 0.27 0.28 0.28 0.27 0.25 0.23 0.22 0.25 0.30 0.33 0.36 0.40 0.44 0.47 0.47 0.45 0.44 0.45 0.46 0.47 0.48 0.51 0.53 0.50 0.46 0.46 0.47 0.45 0.45 0.47 0.49 0.50 0.47 0.45 0.46 0.53 0.61 0.62 0.61 0.64 0.69 0.72 0.74 0.74 0.67 0.61 0.55 0.49 0.46 0.43 0.42 0.43 0.46 0.51 0.55
0.25 0.26 0.27 0.28 0.29 0.29 0.30 0.30 0.30 0.31 0.31 0.31 0.31 0.31 0.32 0.32 0.32 0.32 0.32 0.32 0.32 0.32 0.31 0.31 0.31 0.31 0.30 0.30 0.29 0.28 0.28 0.28 0.27 0.26 0.23 0.22 0.23 0.26 0.29 0.32 0.36 0.42 0.46 0.46 0.43 0.44 0.46 0.47 0.47 0.47 0.49 0.51 0.50 0.46 0.46 0.48 0.47 0.45 0.46 0.48 0.50 0.51 0.48 0.47 0.51 0.54 0.57 0.57 0.52 0.53 0.59 0.64 0.69 0.68 0.64 0.58 0.50 0.47 0.47 0.47 0.46 0.46 0.48 0.52
0.25 0.26 0.27 0.28 0.28 0.29 0.30 0.30 0.30 0.31 0.31 0.31 0.31 0.31 0.32 0.32 0.32 0.32 0.32 0.32 0.32 0.32 0.32 0.32 0.32 0.31 0.31 0.30 0.30 0.29 0.29 0.28 0.28 0.26 0.24 0.23 0.23 0.24 0.27 0.29 0.32 0.38 0.45 0.45 0.41 0.42 0.46 0.47 0.47 0.46 0.47 0.49 0.50 0.48 0.46 0.48 0.49 0.47 0.46 0.46 0.49 0.52 0.52 0.50 0.51 0.53 0.53 0.53 0.49 0.46 0.49 0.54 0.60 0.64 0.64 0.60 0.53 0.48 0.49 0.49 0.47 0.46 0.47 0.49
0.25 0.26 0.27 0.27 0.28 0.30 0.30 0.29 0.30 0.30 0.31 0.31 0.31 0.31 0.32 0.32 0.32 0.32 0.32 0.33 0.32 0.32 0.32 0.32 0.32 0.32 0.31 0.31 0.31 0.30 0.29 0.29 0.28 0.26 0.24 0.24 0.24 0.24 0.25 0.27 0.30 0.35 0.41 0.43 0.42 0.43 0.44 0.46 0.46 0.45 0.46 0.48 0.49 0.51 0.49 0.49 0.50 0.50 0.48 0.44 0.45 0.51 0.52 0.50 0.50 0.51 0.50 0.50 0.48 0.46 0.48 0.50 0.55 0.60 0.61 0.60 0.54 0.48 0.45 0.47 0.47 0.46 0.47 0.48
0.25 0.26 0.26 0.26 0.28 0.31 0.30 0.29 0.29 0.30 0.31 0.31 0.31 0.31 0.32 0.32 0.32 0.32 0.33 0.33 0.33 0.32 0.32 0.33 0.33 0.32 0.32 0.32 0.31 0.31 0.30 0.30 0.29 0.27 0.25 0.24 0.24 0.25 0.24 0.25 0.28 0.31 0.36 0.38 0.41 0.44 0.45 0.46 0.46 0.45 0.46 0.48 0.48 0.49 0.49 0.49 0.51 0.51 0.50 0.46 0.44 0.49 0.53 0.50 0.48 0.48 0.47 0.47 0.47 0.46 0.48 0.49 0.52 0.56 0.58 0.58 0.54 0.49 0.46 0.48 0.50 0.48 0.47 0.47
0.26 0.26 0.26 0.26 0.29 0.32 0.31 0.29 0.28 0.29 0.30 0.30 0.31 0.31 0.32 0.32 0.32 0.32 0.33 0.33 0.33 0.33 0.33 0.33 0.33 0.33 0.32 0.32 0.32 0.32 0.31 0.31 0.30 0.29 0.27 0.25 0.25 0.26 0.25 0.25 0.27 0.29 0.31 0.32 0.36 0.42 0.45 0.45 0.44 0.44 0.45 0.49 0.50 0.50 0.50 0.50 0.51 0.50 0.49 0.47 0.46 0.49 0.54 0.54 0.49 0.45 0.44 0.44 0.45 0.46 0.47 0.49 0.51 0.53 0.55 0.56 0.55 0.53 0.53 0.53 0.54 0.53 0.50 0.48
0.27 0.26 0.24 0.26 0.29 0.32 0.33 0.30 0.28 0.28 0.30 0.30 0.31 0.31 0.32 0.33 0.33 0.32 0.33 0.33 0.33 0.33 0.33 0.33 0.33 0.33 0.33 0.32 0.32 0.32 0.32 0.31 0.31 0.30 0.28 0.26 0.25 0.26 0.26 0.26 0.27 0.29 0.29 0.29 0.33 0.40 0.44 0.43 0.42 0.40 0.40 0.45 0.49 0.50 0.51 0.52 0.53 0.52 0.48 0.46 0.46 0.49 0.55 0.57 0.50 0.44 0.42 0.42 0.43 0.44 0.46 0.48 0.49 0.50 0.52 0.53 0.53 0.54 0.56 0.57 0.57 0.55 0.53 0.49
0.28 0.26 0.23 0.25 0.30 0.32 0.33 0.33 0.29 0.28 0.29 0.30 0.31 0.31 0.32 0.32 0.33 0.33 0.33 0.33 0.33 0.33 0.33 0.33 0.33 0.34 0.33 0.33 0.33 0.33 0.32 0.32 0.31 0.31 0.29 0.28 0.26 0.26 0.26 0.26 0.27 0.29 0.28 0.27 0.31 0.38 0.41 0.42 0.43 0.40 0.39 0.44 0.46 0.46 0.47 0.50 0.52 0.52 0.50 0.47 0.46 0.49 0.56 0.58 0.49 0.43 0.42 0.42 0.43 0.44 0.45 0.47 0.48 0.48 0.49 0.49 0.49 0.50 0.54 0.58 0.59 0.58 0.54 0.49
0.30 0.26 0.22 0.25 0.30 0.31 0.32 0.34 0.32 0.28 0.28 0.29 0.31 0.31 0.32 0.32 0.33 0.33 0.33 0.33 0.33 0.33 0.33 0.33 0.34 0.34 0.34 0.33 0.33 0.33 0.33 0.32 0.32 0.31 0.31 0.30 0.28 0.26 0.26 0.25 0.27 0.29 0.28 0.26 0.30 0.36 0.38 0.39 0.44 0.45 0.43 0.46 0.49 0.48 0.47 0.49 0.49 0.49 0.50 0.49 0.48 0.50 0.58 0.60 0.48 0.42 0.42 0.42 0.44 0.45 0.46 0.47 0.48 0.48 0.49 0.48 0.46 0.46 0.49 0.54 0.59 0.61 0.58 0.50
0.31 0.27 0.22 0.24 0.30 0.30 0.30 0.34 0.35 0.30 0.28 0.29 0.30 0.31 0.32 0.32 0.33 0.33 0.33 0.33 0.33 0.33 0.33 0.34 0.34 0.34 0.34 0.34 0.34 0.33 0.33 0.33 0.33 0.32 0.32 0.31 0.30 0.28 0.27 0.25 0.26 0.29 0.29 0.26 0.28 0.34 0.36 0.36 0.41 0.45 0.45 0.46 0.48 0.51 0.51 0.50 0.47 0.47 0.49 0.51 0.50 0.52 0.60 0.60 0.49 0.43 0.42 0.44 0.46 0.47 0.47 0.48 0.49 0.49 0.50 0.49 0.46 0.45 0.45 0.48 0.53 0.60 0.63 0.59
0.30 0.29 0.25 0.24 0.29 0.30 0.29 0.33 0.36 0.33 0.29 0.28 0.29 0.30 0.31 0.32 0.32 0.33 0.33 0.33 0.34 0.33 0.34 0.34 0.34 0.34 0.34 0.34 0.34 0.34 0.34 0.33 0.33 0.33 0.32 0.32 0.31 0.30 0.28 0.26 0.26 0.28 0.29 0.27 0.25 0.29 0.33 0.33 0.36 0.40 0.43 0.45 0.46 0.49 0.54 0.52 0.46 0.46 0.49 0.52 0.53 0.55 0.62 0.60 0.50 0.45 0.44 0.46 0.50 0.52 0.50 0.50 0.49 0.49 0.50 0.49 0.48 0.47 0.47 0.46 0.48 0.56 0.63 0.64
0.28 0.30 0.29 0.25 0.27 0.29 0.28 0.30 0.36 0.37 0.32 0.29 0.29 0.30 0.31 0.32 0.32 0.33 0.33 0.33 0.34 0.34 0.34 0.34 0.34 0.34 0.34 0.34 0.34 0.34 0.34 0.34 0.34 0.33 0.33 0.33 0.32 0.31 0.30 0.28 0.26 0.27 0.28 0.27 0.25 0.25 0.27 0.29 0.32 0.36 0.39 0.44 0.46 0.48 0.56 0.53 0.46 0.46 0.49 0.52 0.54 0.58 0.64 0.62 0.52 0.46 0.45 0.46 0.50 0.54 0.53 0.51 0.50 0.49 0.50 0.50 0.49 0.50 0.51 0.48 0.47 0.52 0.58 0.62
0.27 0.29 0.31 0.28 0.27 0.28 0.27 0.27 0.33 0.38 0.36 0.31 0.29 0.29 0.29 0.31 0.32 0.32 0.33 0.33 0.34 0.34 0.34 0.34 0.34 0.34 0.34 0.34 0.35 0.34 0.34 0.34 0.34 0.34 0.34 0.33 0.33 0.32 0.31 0.30 0.29 0.28 0.28 0.28 0.26 0.24 0.24 0.25 0.28 0.31 0.35 0.42 0.45 0.48 0.56 0.51 0.46 0.47 0.49 0.51 0.53 0.57 0.64 0.65 0.55 0.45 0.42 0.42 0.45 0.49 0.51 0.52 0.52 0.51 0.51 0.51 0.51 0.52 0.52 0.51 0.49 0.50 0.54 0.57
0.28 0.28 0.30 0.31 0.30 0.30 0.28 0.26 0.29 0.35 0.37 0.34 0.33 0.31 0.29 0.30 0.32 0.32 0.32 0.33 0.33 0.34 0.34 0.34 0.34 0.34 0.35 0.35 0.35 0.35 0.35 0.35 0.35 0.34 0.34 0.34 0.34 0.33 0.32 0.32 0.31 0.30 0.29 0.28 0.27 0.25 0.22 0.21 0.23 0.25 0.29 0.38 0.43 0.47 0.55 0.50 0.45 0.47 0.50 0.51 0.53 0.57 0.63 0.66 0.59 0.47 0.41 0.41 0.43 0.46 0.49 0.52 0.53 0.53 0.53 0.52 0.53 0.55 0.54 0.54 0.53 0.53 0.53 0.54
0.29 0.29 0.29 0.30 0.31 0.32 0.31 0.29 0.28 0.32 0.34 0.35 0.36 0.35 0.31 0.29 0.30 0.31 0.32 0.33 0.33 0.34 0.34 0.34 0.34 0.34 0.35 0.35 0.35 0.35 0.35 0.35 0.35 0.35 0.35 0.34 0.34 0.34 0.33 0.33 0.32 0.31 0.30 0.29 0.28 0.26 0.23 0.21 0.19 0.19 0.23 0.33 0.41 0.47 0.53 0.48 0.43 0.45 0.48 0.50 0.52 0.57 0.62 0.66 0.62 0.52 0.44 0.43 0.45 0.49 0.50 0.52 0.53 0.53 0.53 0.53 0.53 0.55 0.56 0.56 0.56 0.57 0.56 0.55
0.29 0.29 0.29 0.30 0.31 0.32 0.33 0.32 0.30 0.30 0.31 0.31 0.35 0.39 0.35 0.30 0.29 0.30 0.31 0.32 0.33 0.34 0.34 0.34 0.34 0.34 0.35 0.35 0.35 0.35 0.35 0.35 0.35 0.35 0.35 0.35 0.35 0.34 0.34 0.34 0.33 0.32 0.32 0.31 0.29 0.28 0.26 0.23 0.19 0.17 0.18 0.26 0.38 0.45 0.50 0.47 0.42 0.43 0.46 0.48 0.50 0.54 0.61 0.65 0.64 0.55 0.47 0.45 0.47 0.50 0.50 0.50 0.52 0.53 0.53 0.53 0.53 0.53 0.54 0.54 0.55 0.57 0.59 0.58
0.29 0.29 0.30 0.30 0.31 0.32 0.33 0.33 0.33 0.31 0.29 0.28 0.32 0.38 0.40 0.36 0.31 0.29 0.30 0.31 0.32 0.33 0.34 0.34 0.34 0.34 0.35 0.35 0.35 0.35 0.35 0.35 0.36 0.36 0.35 0.35 0.35 0.35 0.35 0.34 0.34 0.33 0.33 0.32 0.31 0.30 0.28 0.26 0.22 0.18 0.15 0.20 0.33 0.42 0.46 0.45 0.42 0.43 0.44 0.45 0.47 0.50 0.56 0.62 0.63 0.58 0.49 0.44 0.45 0.49 0.49 0.49 0.51 0.52 0.51 0.52 0.54 0.53 0.53 0.53 0.52 0.55 0.57 0.58
0.29 0.30 0.30 0.31 0.32 0.32 0.33 0.34 0.34 0.32 0.30 0.27 0.28 0.34 0.39 0.41 0.37 0.32 0.30 0.29 0.31 0.32 0.34 0.34 0.34 0.35 0.35 0.35 0.35 0.35 0.36 0.36 0.36 0.36 0.36 0.36 0.36 0.35 0.35 0.35 0.35 0.34 0.33 0.33 0.32 0.31 0.30 0.28 0.25 0.21 0.16 0.17 0.26 0.36 0.40 0.41 0.42 0.43 0.43 0.43 0.44 0.46 0.51 0.57 0.60 0.58 0.51 0.45 0.45 0.48 0.49 0.49 0.50 0.50 0.50 0.50 0.53 0.54 0.53 0.53 0.53 0.54 0.55 0.56
0.30 0.30 0.30 0.31 0.31 0.33 0.34 0.35 0.35 0.33 0.31 0.28 0.27 0.29 0.34 0.40 0.41 0.38 0.34 0.30 0.30 0.31 0.32 0.33 0.34 0.35 0.35 0.35 0.35 0.35 0.36 0.36 0.36 0.36 0.36 0.36 0.36 0.36 0.36 0.35 0.35 0.35 0.34 0.34 0.33 0.32 0.31 0.30 0.28 0.24 0.20 0.18 0.24 0.30 0.34 0.38 0.42 0.43 0.42 0.41 0.42 0.44 0.47 0.52 0.56 0.57 0.53 0.48 0.47 0.48 0.48 0.49 0.50 0.49 0.49 0.50 0.52 0.53 0.53 0.54 0.55 0.55 0.56 0.56
0.32 0.30 0.30 0.30 0.31 0.32 0.34 0.35 0.36 0.35 0.33 0.29 0.27 0.27 0.30 0.35 0.41 0.42 0.39 0.34 0.31 0.30 0.31 0.32 0.33 0.35 0.36 0.35 0.35 0.35 0.36 0.36 0.36 0.36 0.36 0.36 0.36 0.36 0.36 0.36 0.36 0.35 0.35 0.34 0.34 0.33 0.32 0.31 0.29 0.27 0.23 0.21 0.24 0.28 0.29 0.36 0.43 0.43 0.41 0.41 0.41 0.43 0.46 0.48 0.51 0.51 0.46 0.46 0.47 0.48 0.48 0.50 0.50 0.48 0.48 0.50 0.52 0.53 0.54 0.55 0.57 0.57 0.58 0.59
0.34 0.32 0.30 0.30 0.31 0.31 0.33 0.35 0.35 0.35 0.35 0.32 0.28 0.27 0.28 0.31 0.36 0.41 0.43 0.40 0.35 0.32 0.31 0.31 0.32 0.34 0.36 0.35 0.35 0.35 0.35 0.36 0.36 0.36 0.36 0.36 0.37 0.37 0.36 0.36 0.36 0.36 0.36 0.35 0.35 0.34 0.33 0.32 0.31 0.29 0.26 0.23 0.23 0.26 0.25 0.31 0.43 0.45 0.42 0.40 0.39 0.41 0.45 0.47 0.47 0.44 0.41 0.42 0.45 0.47 0.49 0.50 0.51 0.48 0.47 0.50 0.53 0.55 0.56 0.58 0.60 0.60 0.60 0.61
0.36 0.34 0.32 0.31 0.32 0.32 0.32 0.34 0.35 0.34 0.35 0.34 0.28 0.26 0.28 0.29 0.31 0.36 0.42 0.44 0.40 0.36 0.34 0.32 0.31 0.33 0.35 0.35 0.35 0.35 0.35 0.36 0.36 0.36 0.36 0.37 0.37 0.37 0.37 0.37 0.37 0.36 0.36 0.36 0.35 0.35 0.34 0.33 0.32 0.31 0.29 0.26 0.24 0.25 0.23 0.24 0.37 0.45 0.44 0.40 0.36 0.37 0.43 0.49 0.50 0.46 0.42 0.41 0.43 0.44 0.47 0.49 0.50 0.48 0.46 0.48 0.51 0.54 0.55 0.58 0.60 0.60 0.59 0.60
0.35 0.36 0.36 0.34 0.33 0.33 0.32 0.34 0.37 0.35 0.35 0.35 0.31 0.26 0.26 0.29 0.30 0.31 0.37 0.42 0.43 0.41 0.39 0.35 0.32 0.32 0.34 0.35 0.35 0.36 0.35 0.36 0.36 0.36 0.36 0.37 0.37 0.37 0.37 0.37 0.37 0.37 0.37 0.36 0.36 0.36 0.35 0.34 0.34 0.33 0.31 0.29 0.27 0.26 0.23 0.22 0.28 0.38 0.44 0.42 0.36 0.35 0.43 0.51 0.53 0.51 0.46 0.42 0.42 0.42 0.43 0.47 0.49 0.48 0.47 0.46 0.48 0.51 0.53 0.56 0.60 0.61 0.61 0.62
0.30 0.36 0.42 0.41 0.38 0.34 0.32 0.35 0.39 0.39 0.36 0.34 0.33 0.30 0.26 0.27 0.30 0.30 0.32 0.37 0.41 0.43 0.44 0.41 0.37 0.34 0.34 0.34 0.34 0.35 0.35 0.35 0.36 0.36 0.36 0.37 0.37 0.37 0.37 0.37 0.37 0.37 0.37 0.37 0.37 0.36 0.36 0.35 0.35 0.34 0.33 0.32 0.30 0.28 0.26 0.23 0.24 0.29 0.37 0.40 0.35 0.33 0.37 0.45 0.50 0.51 0.49 0.45 0.42 0.41 0.41 0.44 0.47 0.46 0.45 0.45 0.45 0.47 0.51 0.55 0.59 0.61 0.61 0.59
0.23 0.32 0.43 0.47 0.48 0.44 0.36 0.38 0.43 0.43 0.38 0.34 0.33 0.32 0.30 0.28 0.30 0.31 0.30 0.33 0.36 0.39 0.43 0.44 0.43 0.40 0.38 0.36 0.34 0.33 0.34 0.34 0.35 0.36 0.36 0.37 0.37 0.37 0.37 0.37 0.37 0.37 0.37 0.37 0.37 0.37 0.36 0.36 0.36 0.35 0.34 0.33 0.32 0.31 0.29 0.27 0.26 0.26 0.31 0.34 0.30 0.27 0.30 0.36 0.42 0.46 0.48 0.47 0.44 0.42 0.42 0.43 0.44 0.43 0.41 0.42 0.43 0.43 0.46 0.50 0.52 0.54 0.56 0.53
0.17 0.20 0.31 0.40 0.47 0.49 0.44 0.43 0.49 0.50 0.45 0.41 0.40 0.37 0.35 0.34 0.33 0.33 0.31 0.31 0.33 0.35 0.38 0.41 0.43 0.44 0.45 0.41 0.36 0.33 0.32 0.32 0.34 0.35 0.36 0.36 0.37 0.37 0.37 0.37 0.38 0.38 0.38 0.38 0.38 0.37 0.37 0.37 0.36 0.36 0.35 0.35 0.34 0.33 0.32 0.31 0.30 0.29 0.29 0.30 0.28 0.25 0.26 0.29 0.32 0.36 0.41 0.43 0.44 0.44 0.43 0.43 0.43 0.41 0.40 0.40 0.39 0.39 0.40 0.43 0.46 0.47 0.53 0.55
0.19 0.19 0.22 0.27 0.34 0.41 0.39 0.36 0.44 0.51 0.48 0.45 0.45 0.45 0.42 0.40 0.39 0.38 0.35 0.32 0.32 0.34 0.35 0.37 0.37 0.42 0.49 0.48 0.41 0.36 0.34 0.32 0.32 0.33 0.35 0.36 0.36 0.37 0.37 0.37 0.38 0.38 0.38 0.38 0.38 0.38 0.38 0.37 0.37 0.37 0.36 0.36 0.35 0.35 0.34 0.34 0.33 0.32 0.32 0.31 0.29 0.27 0.25 0.25 0.25 0.26 0.30 0.34 0.36 0.39 0.41 0.44 0.44 0.41 0.40 0.40 0.38 0.36 0.36 0.37 0.42 0.46 0.51 0.57
0.26 0.25 0.24 0.26 0.30 0.33 0.30 0.28 0.35 0.43 0.40 0.38 0.39 0.40 0.41 0.40 0.41 0.42 0.41 0.37 0.35 0.34 0.35 0.36 0.33 0.36 0.47 0.53 0.49 0.42 0.38 0.35 0.32 0.32 0.33 0.35 0.36 0.36 0.37 0.37 0.38 0.38 0.38 0.38 0.38 0.38 0.38 0.38 0.38 0.37 0.37 0.37 0.36 0.36 0.36 0.35 0.35 0.34 0.34 0.33 0.32 0.30 0.28 0.27 0.25 0.24 0.24 0.25 0.27 0.29 0.33 0.39 0.42 0.39 0.38 0.39 0.39 0.36 0.34 0.35 0.38 0.45 0.50 0.60
0.32 0.30 0.28 0.28 0.29 0.31 0.30 0.28 0.32 0.37 0.35 0.33 0.34 0.34 0.35 0.35 0.36 0.39 0.41 0.41 0.40 0.38 0.37 0.36 0.33 0.32 0.40 0.51 0.53 0.49 0.44 0.40 0.37 0.33 0.31 0.33 0.35 0.36 0.37 0.37 0.38 0.38 0.38 0.38 0.38 0.38 0.38 0.38 0.38 0.38 0.38 0.38 0.37 0.37 0.37 0.36 0.36 0.36 0.35 0.35 0.34 0.33 0.32 0.31 0.29 0.27 0.25 0.24 0.22 0.21 0.23 0.28 0.34 0.33 0.33 0.35 0.36 0.35 0.33 0.34 0.38 0.43 0.50 0.62
0.38 0.35 0.31 0.29 0.30 0.31 0.31 0.30 0.32 0.33 0.33 0.33 0.33 0.33 0.33 0.33 0.33 0.35 0.37 0.38 0.40 0.41 0.41 0.39 0.35 0.32 0.36 0.45 0.51 0.52 0.48 0.45 0.43 0.38 0.33 0.32 0.34 0.35 0.36 0.37 0.37 0.38 0.38 0.39 0.39 0.39 0.39 0.39 0.39 0.39 0.38 0.38 0.38 0.38 0.38 0.37 0.37 0.37 0.36 0.36 0.35 0.35 0.34 0.33 0.32 0.31 0.29 0.27 0.24 0.22 0.20 0.21 0.25 0.26 0.28 0.30 0.32 0.32 0.31 0.34 0.39 0.44 0.52 0.62
0.44 0.40 0.34 0.30 0.30 0.31 0.31 0.31 0.31 0.31 0.31 0.32 0.33 0.33 0.33 0.32 0.33 0.33 0.34 0.34 0.36 0.38 0.40 0.40 0.36 0.33 0.35 0.41 0.48 0.51 0.50 0.48 0.47 0.44 0.38 0.35 0.34 0.35 0.35 0.36 0.37 0.38 0.38 0.39 0.39 0.39 0.39 0.39 0.39 0.39 0.39 0.39 0.39 0.38 0.38 0.38 0.38 0.38 0.37 0.37 0.36 0.36 0.35 0.35 0.34 0.33 0.32 0.30 0.28 0.26 0.24 0.22 0.21 0.21 0.23 0.27 0.29 0.31 0.31 0.33 0.39 0.46 0.53 0.60
0.51 0.46 0.37 0.31 0.30 0.31 0.30 0.30 0.30 0.29 0.30 0.31 0.31 0.31 0.32 0.32 0.32 0.33 0.34 0.34 0.34 0.35 0.37 0.38 0.36 0.33 0.34 0.38 0.44 0.49 0.50 0.49 0.48 0.47 0.43 0.38 0.36 0.35 0.35 0.35 0.37 0.38 0.38 0.39 0.39 0.39 0.39 0.39 0.39 0.39 0.39 0.39 0.39 0.39 0.39 0.39 0.38 0.38 0.38 0.38 0.37 0.37 0.36 0.36 0.35 0.34 0.33 0.32 0.31 0.30 0.28 0.26 0.23 0.21 0.20 0.23 0.26 0.29 0.31 0.32 0.39 0.47 0.54 0.56
