windninja/windninja_output/Output_2025-08-24_0700-0750_Google earth_Fire_150m_10min/merlingen_7.5mi_point_08-24-2025_0720_150m_ang.asc
ncols	158
nrows	163
xllcorner	391686.332397
yllcorner	5160024.123721
cellsize	150.000000
NODATA_value	-32768.000000
[rows 42 to 83 of 163, columns 0 to 93 of 158]
202 202 202 202 202 201 200 200 201 200 200 200 200 200 200 200 200 199 200 199 199 198 198 198 198 196 195 194 191 192 195 197 197 197 196 197 200 200 198 198 199 201 203 202 198 195 198 202 202 202 206 206 200 197 203 210 211 212 217 222 221 215 214 214 214 212 210 210 208 206 208 210 206 198 195 198 194 189 192 201 208 208 210 212 210 209 208 209 209 208 210 215 222 226
202 202 202 202 201 201 201 201 201 201 200 200 200 200 200 200 200 200 200 200 199 199 199 199 198 197 196 195 193 193 196 198 197 194 191 191 192 194 193 195 200 204 204 201 199 200 205 208 209 207 209 208 203 202 206 212 215 216 220 223 222 216 213 212 212 210 204 203 205 203 203 204 202 197 195 197 195 192 195 201 206 207 209 209 209 209 212 214 214 213 213 214 220 225
202 202 202 202 201 201 201 201 201 201 201 200 200 200 200 200 200 200 200 200 200 199 199 199 199 198 197 196 195 195 197 197 196 193 189 187 187 190 194 198 203 205 205 203 204 207 210 211 208 205 205 206 205 204 209 214 216 217 219 220 218 216 213 210 209 207 205 203 202 201 201 203 203 201 200 201 198 196 199 204 206 205 205 209 212 213 215 217 219 219 217 216 223 228
203 202 202 201 201 202 202 201 201 201 201 201 201 201 201 201 200 200 200 200 200 200 200 199 199 199 198 198 197 197 197 197 195 193 189 186 187 191 196 199 201 203 206 206 206 208 210 208 203 202 205 209 210 210 214 218 218 218 217 215 213 212 209 205 204 205 206 206 202 203 206 208 209 209 209 207 202 198 202 204 202 202 207 215 218 216 216 218 221 222 221 220 226 229
204 202 201 202 202 203 202 202 202 201 201 201 201 201 201 201 201 201 201 201 201 200 200 200 200 199 199 199 199 198 197 197 196 193 190 189 189 191 193 196 198 202 208 208 207 208 207 204 202 204 208 212 214 217 218 220 219 217 213 209 207 206 204 201 203 206 207 209 206 206 210 212 215 216 214 211 204 199 200 203 204 208 216 222 221 218 217 217 219 222 222 223 226 227
204 203 202 203 204 204 203 202 202 202 201 201 201 201 201 201 201 201 201 201 201 201 201 201 201 201 200 200 199 199 198 198 197 194 192 191 192 191 191 193 196 201 206 207 207 206 205 204 205 207 210 214 216 218 217 216 216 214 210 203 200 203 204 204 207 210 211 211 208 207 211 213 217 218 216 213 207 202 203 208 214 219 222 222 219 217 216 217 218 220 221 223 224 224
204 203 203 203 205 206 204 202 202 202 202 202 202 202 202 202 202 202 202 202 202 202 201 201 202 201 201 200 200 200 199 199 198 196 194 192 193 192 191 193 196 200 205 205 204 205 204 205 207 208 212 216 218 219 216 214 213 209 204 199 198 204 210 211 213 214 212 211 210 210 212 215 217 218 217 214 210 207 209 214 219 220 219 217 214 213 214 215 215 216 219 223 225 223
204 203 204 205 206 207 206 202 201 202 202 202 202 202 202 203 202 202 202 202 202 202 202 202 202 202 201 201 201 200 200 200 199 198 196 193 193 193 192 193 196 201 202 201 202 205 206 207 208 210 212 215 217 216 213 211 209 204 201 199 201 207 215 218 217 214 211 210 211 211 213 215 216 217 216 213 210 208 209 213 216 216 215 213 211 211 211 210 211 213 218 224 225 224
206 204 204 205 206 206 206 204 201 201 202 202 202 202 202 203 203 202 203 203 202 202 202 202 202 202 202 201 201 201 201 201 200 199 197 194 193 193 194 195 197 199 199 198 201 207 209 210 213 215 215 216 214 210 208 207 205 202 202 203 207 213 221 223 218 212 211 211 211 213 215 216 217 216 214 211 208 207 209 213 215 215 214 212 211 209 208 208 211 215 218 223 226 226
209 206 203 203 204 204 205 206 203 200 201 202 202 202 203 203 203 203 203 203 203 203 203 202 203 203 202 202 202 202 202 201 201 200 199 197 195 195 195 196 197 198 197 196 200 207 209 212 217 218 215 214 212 208 206 205 204 205 206 209 213 218 224 225 217 211 210 210 211 213 215 216 216 214 213 211 208 207 209 212 214 216 217 215 211 209 209 211 215 218 219 223 227 228
213 208 202 203 204 204 205 207 205 201 200 202 203 203 203 204 204 203 203 203 203 203 203 203 203 203 203 203 203 203 202 202 201 201 200 199 198 197 196 195 197 199 197 194 199 206 209 210 213 210 205 205 207 207 206 206 207 208 211 214 216 218 224 225 216 209 208 208 211 213 214 214 213 212 212 212 210 208 210 212 214 217 220 219 216 215 214 216 218 220 221 224 225 226
214 209 201 200 204 204 204 207 208 204 202 202 203 203 203 204 204 204 204 204 204 204 204 204 204 204 204 203 203 203 203 203 202 202 201 201 200 198 197 195 196 198 197 194 197 205 206 204 205 202 200 202 205 206 208 209 208 210 213 216 217 219 224 223 213 206 205 206 210 211 210 210 210 211 213 212 211 211 213 214 215 217 218 218 219 219 218 217 219 221 222 223 221 220
211 209 202 198 202 203 202 207 210 208 204 203 203 203 204 204 204 204 204 205 205 204 204 204 204 204 204 204 204 204 203 203 203 203 202 202 201 200 199 196 195 198 199 197 198 202 202 199 198 199 201 205 206 208 212 211 207 209 212 215 215 218 222 220 210 203 201 202 206 208 207 208 211 213 213 213 211 212 215 213 212 214 215 215 215 218 219 219 219 220 221 220 217 215
207 208 206 202 204 206 205 207 210 211 207 204 204 204 204 205 205 205 205 205 205 205 205 205 204 204 204 204 204 204 204 204 204 204 203 203 202 202 201 199 197 200 203 202 199 198 197 195 195 197 200 205 206 209 214 212 206 208 211 213 213 214 218 216 208 202 200 200 204 207 209 212 214 214 213 212 211 212 213 210 208 210 212 212 213 215 215 216 218 220 222 221 216 213
207 208 209 207 207 209 208 206 210 212 210 206 205 204 204 205 205 205 205 205 205 205 205 205 205 205 205 205 205 205 205 204 204 204 204 204 203 203 202 201 201 202 203 202 199 195 191 190 192 194 198 205 207 210 215 211 206 208 210 211 210 212 216 217 210 203 201 202 206 211 213 214 213 211 211 210 209 211 210 208 207 209 211 212 212 214 214 214 216 220 225 224 214 206
208 208 209 208 208 208 208 205 206 210 209 207 207 206 204 204 205 205 205 205 205 206 206 205 205 205 205 205 205 205 205 205 205 205 205 204 204 204 203 203 203 203 202 201 198 195 191 189 190 191 196 206 209 213 216 210 204 206 208 208 209 213 217 218 213 205 201 203 208 212 212 211 210 209 209 207 207 208 207 206 206 209 211 213 215 218 218 218 217 217 220 214 200 198
209 208 208 209 208 208 208 206 204 206 207 207 209 209 207 205 205 205 206 205 206 206 206 206 205 205 206 206 206 206 206 206 205 205 205 205 205 205 204 204 204 203 203 202 200 198 196 191 189 187 192 204 210 213 215 209 203 205 207 207 209 213 217 219 215 207 202 202 205 208 208 208 209 208 207 205 205 205 204 204 206 209 212 215 218 221 222 221 218 214 210 204 197 200
209 209 209 210 210 210 210 208 206 207 208 208 210 211 209 206 205 205 205 205 206 206 206 206 206 206 206 206 206 206 206 206 206 206 206 206 205 205 205 205 205 204 204 203 202 201 199 195 190 184 185 198 208 212 214 209 205 207 208 209 210 214 217 218 216 210 202 200 203 207 207 207 208 207 205 204 204 204 204 205 207 210 213 214 216 219 220 218 214 209 206 205 204 209
209 210 210 211 211 211 212 211 210 209 207 206 207 209 210 209 206 205 205 205 205 206 206 206 206 206 206 207 207 206 206 206 206 206 206 206 206 206 206 205 205 205 205 204 203 202 201 198 194 187 181 190 206 212 213 209 207 208 209 210 211 214 218 219 217 212 204 200 204 208 208 207 206 205 203 203 204 205 206 209 210 212 214 215 216 217 217 215 211 207 207 209 210 215
210 211 211 211 211 212 212 212 211 209 206 203 203 206 209 210 209 206 205 205 205 206 207 207 207 207 207 207 207 207 207 207 207 207 207 207 207 206 206 206 206 206 205 205 204 204 202 201 198 192 184 187 204 212 213 212 212 212 212 213 214 216 218 219 217 213 207 202 205 208 207 206 205 204 202 202 205 207 208 210 211 214 217 218 218 217 215 212 209 208 206 210 215 218
213 213 213 213 212 212 212 211 211 210 208 204 203 204 207 210 211 209 207 206 205 206 207 207 207 208 208 207 207 207 207 207 207 207 207 207 207 207 207 207 206 206 206 206 205 205 204 203 201 197 191 189 200 209 211 213 216 216 215 215 215 215 216 216 216 214 208 204 205 206 205 205 205 203 202 203 206 208 208 210 212 214 218 220 219 219 217 211 209 209 209 216 221 222
218 217 216 215 213 211 211 212 212 211 210 206 204 203 204 208 211 211 209 207 206 205 206 207 207 208 208 207 207 207 208 208 208 208 208 208 208 207 207 207 207 207 207 206 206 206 205 204 203 201 196 192 198 204 204 210 217 217 215 212 210 210 212 216 220 218 211 206 205 204 204 205 205 202 201 203 206 207 207 209 212 214 217 218 217 216 214 209 210 212 216 221 223 224
224 221 217 216 214 213 213 214 214 212 212 209 204 202 203 205 208 210 210 209 208 207 206 206 207 208 209 208 208 208 208 208 208 208 208 208 208 208 208 208 208 207 207 207 207 206 206 205 205 203 200 196 198 201 198 205 215 216 213 209 207 209 217 226 229 223 211 204 203 203 203 204 204 201 200 202 204 203 204 206 210 213 214 215 215 214 213 210 212 214 218 222 224 226
224 221 216 214 213 213 214 215 216 215 214 212 206 202 203 204 206 208 210 211 210 208 208 207 206 207 209 208 208 208 208 208 208 208 208 208 208 208 208 208 208 208 208 208 207 207 207 207 206 205 203 201 200 202 198 200 211 215 213 210 208 213 221 224 221 213 204 200 200 201 202 204 205 202 200 199 200 201 202 206 211 213 214 213 213 214 213 212 213 215 218 222 225 229
218 217 215 215 214 213 211 212 214 214 212 211 208 203 202 204 205 207 209 211 210 209 209 208 206 207 208 208 208 209 208 208 209 209 209 209 209 209 209 209 208 208 208 208 208 208 208 207 207 207 206 205 204 204 201 199 207 215 215 214 209 208 212 213 211 207 202 200 200 201 202 204 205 202 198 197 198 200 202 207 210 210 208 206 208 214 214 214 215 217 219 223 226 230
204 208 211 212 213 210 206 208 213 214 212 210 208 205 202 204 206 206 206 208 209 209 209 209 207 208 209 210 210 210 209 209 209 209 209 209 209 209 209 209 209 209 209 209 209 209 208 208 208 208 208 207 207 207 206 205 210 219 223 220 209 202 204 209 209 207 205 203 202 202 202 204 205 201 197 197 197 198 200 202 203 203 202 200 209 219 220 217 219 220 221 224 228 231
183 195 204 206 207 205 200 204 212 214 211 208 207 206 204 203 206 206 205 207 209 209 209 209 208 209 211 213 212 211 210 209 209 209 209 209 209 209 209 209 209 209 209 209 209 209 209 209 209 209 209 209 209 209 209 210 214 220 225 223 212 203 205 208 209 208 206 205 203 202 202 204 205 200 198 198 197 196 196 198 199 200 203 208 223 231 225 218 220 221 223 226 230 232
172 184 200 204 206 206 202 201 207 208 205 202 202 202 202 202 204 206 206 207 208 209 210 210 209 210 214 216 214 212 210 209 209 209 209 209 209 210 210 210 210 210 210 210 210 210 210 210 210 210 210 210 210 210 211 212 214 216 220 221 215 208 208 210 210 209 208 205 203 202 203 205 205 200 198 199 198 195 193 196 200 205 213 223 235 236 223 219 221 222 224 226 229 230
185 191 205 214 219 218 211 204 207 209 206 203 204 203 203 203 205 207 208 207 208 209 211 211 210 210 215 216 213 211 211 210 209 209 209 209 210 210 210 210 210 210 210 210 210 210 210 210 210 210 210 211 211 211 211 212 213 214 215 216 215 213 214 217 217 214 211 208 205 203 204 206 204 199 199 200 199 195 193 196 205 214 223 232 238 232 221 220 222 223 224 224 225 224
202 205 214 225 234 235 227 218 220 221 217 215 215 213 210 208 208 209 209 208 208 210 211 212 207 205 211 214 213 211 211 210 210 209 209 209 210 210 210 210 210 210 210 210 211 211 211 211 211 211 211 211 211 212 212 212 213 213 214 214 214 214 215 217 218 218 217 215 210 206 204 206 205 200 200 201 200 196 194 201 212 222 228 235 235 224 218 220 223 225 224 223 222 219
214 215 219 223 229 232 230 229 233 234 230 229 227 223 220 216 213 211 210 209 208 209 209 209 204 201 208 214 214 212 211 211 211 209 208 209 209 210 210 210 210 211 211 211 211 211 211 211 211 211 211 212 212 212 212 213 213 213 213 213 213 213 214 214 215 215 215 216 214 210 207 210 210 205 203 204 202 198 198 206 216 224 230 234 230 218 216 221 225 226 223 223 224 221
223 224 224 226 228 229 228 229 232 233 229 227 224 222 220 218 215 214 213 211 210 209 208 207 204 201 206 213 215 214 212 212 212 210 208 208 209 210 210 210 211 211 211 211 211 211 212 212 212 212 212 212 212 212 212 213 213 213 213 213 213 213 213 214 213 213 212 212 213 214 214 219 218 210 206 205 204 202 201 208 217 224 228 229 223 217 218 222 226 225 220 220 223 224
231 232 233 233 233 233 232 231 231 228 226 224 221 219 217 216 215 214 214 213 211 211 211 209 206 203 205 210 214 216 214 213 212 211 208 207 208 209 210 210 211 211 211 211 212 212 212 212 212 212 212 212 212 213 213 213 213 213 213 213 213 213 213 213 213 212 212 212 212 213 213 213 212 205 202 203 202 202 202 208 216 219 223 223 219 219 222 223 225 223 219 215 212 210
238 239 241 243 243 243 240 235 231 228 225 223 221 219 217 215 214 213 213 212 212 213 213 212 209 205 206 210 213 215 215 213 213 213 212 210 210 210 210 210 210 211 211 212 212 212 212 212 213 213 213 213 213 213 213 213 213 213 213 213 213 213 213 213 213 212 212 212 212 212 210 208 205 200 197 199 198 199 202 206 212 217 221 221 220 220 222 223 224 225 224 214 204 206
243 244 248 252 255 255 249 241 235 229 225 222 220 218 217 215 214 212 212 212 211 212 212 212 210 208 209 210 211 213 215 215 216 218 218 214 212 211 210 209 210 211 212 212 212 213 213 213 213 213 213 213 213 213 213 213 213 213 213 213 213 213 213 213 213 213 212 212 212 211 210 208 206 202 196 195 193 194 198 205 212 219 225 226 227 227 227 228 229 232 230 216 205 209
248 249 251 258 265 268 264 253 240 230 223 220 219 218 216 215 213 212 212 212 212 212 211 211 210 210 211 212 211 213 216 218 218 218 218 214 212 211 211 210 209 211 212 212 213 213 213 214 214 214 213 213 213 213 213 213 213 213 213 213 213 213 213 213 213 213 213 212 211 211 210 209 207 204 199 195 190 188 193 207 217 223 229 232 233 235 236 234 232 227 216 203 201 209
253 253 250 258 273 281 279 260 236 222 216 215 216 216 214 214 213 211 211 211 212 212 211 211 209 210 213 213 211 211 214 216 216 215 216 214 212 212 212 211 210 211 212 213 214 214 214 214 214 214 214 214 214 213 213 213 213 213 213 214 213 213 213 213 213 213 213 212 212 211 210 209 208 206 202 198 191 185 190 209 221 223 226 228 225 225 226 223 216 211 205 201 202 209
253 250 244 245 259 273 267 230 211 205 206 210 213 213 213 212 212 211 210 211 212 212 212 211 207 208 212 212 211 209 209 213 214 215 216 215 213 212 214 213 211 211 214 215 215 216 216 216 216 215 215 214 214 213 213 213 213 214 214 214 214 214 214 213 213 213 213 212 212 211 210 210 209 207 204 201 194 187 189 207 218 218 217 216 215 215 215 212 208 206 205 206 208 210
245 241 232 230 229 221 201 186 189 193 197 204 210 212 212 212 212 211 210 211 212 212 212 210 206 207 211 212 211 208 207 210 212 214 215 215 213 213 214 214 212 212 215 217 217 218 218 219 219 218 216 215 214 213 213 213 214 214 214 214 214 214 214 214 213 213 213 213 212 212 211 210 209 208 206 203 198 192 191 200 208 209 209 209 210 212 212 208 206 208 210 211 212 211
244 242 234 225 221 217 203 191 191 193 195 200 208 211 212 212 213 212 211 210 211 212 212 209 206 207 211 212 212 209 207 207 209 211 214 215 213 212 213 214 213 211 215 219 222 224 224 225 226 224 219 215 213 213 213 213 214 214 214 214 214 214 214 214 214 213 213 213 212 212 211 210 210 209 207 205 201 196 193 193 194 199 205 208 210 213 210 207 206 210 212 213 215 213
253 250 233 220 219 220 213 205 201 200 200 203 208 211 213 213 214 214 212 211 211 212 211 209 206 207 210 211 211 210 209 210 211 214 216 217 215 214 214 214 212 211 212 214 216 218 218 218 219 219 216 213 212 212 212 213 214 214 214 214 214 214 214 214 214 214 213 213 213 212 211 211 210 209 208 206 203 198 194 189 185 192 203 209 211 210 208 206 206 210 212 214 215 213
238 227 213 216 219 221 218 214 212 211 210 209 212 214 216 216 217 217 215 213 212 211 211 209 205 205 208 209 210 211 212 212 214 217 219 221 220 218 216 215 213 211 209 209 208 208 207 207 208 209 209 209 208 209 211 213 214 214 214 214 214 214 214 214 214 214 214 213 213 212 212 211 210 210 209 207 204 200 196 189 182 186 198 205 208 209 209 208 208 211 214 215 217 216
