windninja/windninja_output/Output_2025-08-24_0700-0750_Google earth_Fire_150m_10min/merlingen_7.5mi_point_08-24-2025_0750_150m_ang.asc
ncols	158
nrows	163
xllcorner	391686.332397
yllcorner	5160024.123721
cellsize	150.000000
NODATA_value	-32768.000000
[rows 42 to 83 of 163, columns 0 to 93 of 158]
266 265 263 261 259 258 257 255 253 252 251 250 249 248 247 246 245 244 244 244 243 242 241 241 241 240 240 240 240 242 243 241 238 234 228 224 225 228 228 226 226 226 225 225 224 221 220 221 222 225 232 232 225 221 227 231 228 228 232 235 233 228 227 227 226 228 229 228 225 222 221 223 222 214 215 219 207 195 200 212 219 220 223 226 227 224 219 219 221 224 227 230 234 237
264 264 262 260 259 258 256 255 253 252 251 250 249 248 247 246 245 245 244 244 243 242 241 241 240 240 239 240 240 241 242 240 237 232 227 222 224 227 226 225 228 229 229 229 226 223 224 227 229 232 236 234 225 221 226 230 230 230 232 235 235 233 232 229 227 227 224 222 220 214 213 216 215 210 212 213 204 197 202 212 218 220 224 227 226 222 220 222 225 227 228 229 234 239
263 262 261 260 259 258 256 254 253 252 251 250 249 248 247 246 245 245 244 244 242 242 241 241 240 240 240 240 239 240 240 239 236 232 228 225 228 231 230 229 230 232 233 232 227 225 228 230 232 232 232 229 223 220 224 228 229 230 232 234 234 235 234 232 232 230 226 222 216 212 211 214 215 213 213 212 205 200 206 215 219 221 224 228 227 223 222 226 229 231 231 232 239 242
261 261 260 260 259 257 256 254 253 252 251 250 249 248 247 246 245 245 244 243 242 242 241 241 240 240 240 239 239 239 239 238 236 233 230 230 234 236 234 232 231 234 236 232 225 224 228 231 232 231 230 228 225 223 226 229 230 231 233 233 232 232 231 230 232 231 228 224 217 215 218 220 221 220 219 215 206 202 209 215 218 221 227 230 228 225 225 227 230 232 233 236 243 243
260 260 260 259 257 257 256 255 253 252 251 250 249 248 247 246 245 245 244 243 243 242 241 241 241 240 240 239 239 239 238 238 237 234 232 233 235 236 235 233 233 236 236 231 224 227 230 233 233 230 229 228 226 227 229 231 231 233 234 232 229 228 228 228 230 230 228 225 220 220 224 226 227 225 222 217 208 204 209 216 221 226 232 233 230 227 227 228 229 232 234 239 242 240
259 259 259 257 256 256 257 255 253 252 251 249 248 248 247 246 246 245 244 243 243 242 241 241 241 240 240 239 239 238 238 238 237 236 235 234 235 236 236 235 236 237 235 228 225 229 234 235 233 228 227 227 226 228 228 228 231 233 234 230 226 228 230 231 232 232 229 226 222 221 225 227 228 227 223 218 212 209 214 223 230 234 234 232 229 227 228 228 229 231 234 237 238 236
258 258 257 255 254 256 257 256 254 252 251 250 248 248 247 246 246 245 244 243 242 242 241 241 241 240 240 239 239 238 238 238 237 237 236 235 237 237 237 237 238 238 234 228 227 232 235 234 230 226 225 226 228 230 229 229 232 232 231 226 223 230 234 235 236 235 230 226 223 223 225 227 228 226 223 220 216 215 220 227 232 233 232 229 226 225 226 226 227 229 232 235 235 233
257 256 254 252 253 255 256 256 255 253 251 250 249 248 247 246 246 245 244 243 242 242 241 241 241 240 239 239 238 238 238 237 237 237 236 235 236 236 236 237 239 239 235 230 231 236 236 232 228 224 222 225 229 229 228 229 232 232 229 223 223 230 235 238 237 234 229 226 224 224 226 226 226 225 222 219 217 216 220 225 228 229 228 226 224 223 223 223 225 227 229 233 233 232
256 256 252 250 253 255 254 255 255 253 251 250 249 248 247 246 245 245 244 243 242 242 241 241 240 240 239 238 238 238 238 237 237 236 236 236 236 236 236 236 237 237 234 232 235 239 236 232 229 226 225 229 229 226 225 228 231 231 227 224 226 232 238 241 238 232 228 226 225 226 227 227 226 224 222 219 216 216 219 224 227 227 226 225 224 223 222 222 225 227 229 231 232 233
257 255 251 250 253 253 252 252 253 253 251 249 248 247 247 246 245 244 244 243 242 242 241 241 240 240 239 238 238 238 238 237 237 236 236 236 237 237 237 235 236 237 236 233 237 239 235 229 229 229 229 231 231 228 228 232 233 230 226 226 228 233 240 243 238 230 226 224 225 226 227 227 225 223 222 220 218 217 219 223 226 228 229 227 225 225 225 226 229 229 229 231 233 234
256 254 251 252 255 253 250 250 251 251 250 249 248 247 247 246 245 244 243 243 242 242 241 241 240 240 239 238 238 238 237 237 237 236 236 236 237 237 237 235 235 238 237 234 235 237 232 225 225 225 223 225 226 228 232 236 234 229 227 227 229 234 242 243 236 227 223 222 223 225 225 224 222 221 222 222 220 220 222 224 225 227 230 231 231 231 230 230 231 231 230 231 231 232
253 252 251 252 254 253 250 249 250 250 249 249 248 247 246 246 245 244 244 243 243 242 241 241 240 239 239 238 238 238 237 237 237 236 236 236 236 236 236 235 235 238 237 233 233 234 229 221 222 222 221 222 225 228 234 237 232 227 227 229 230 235 242 242 232 223 219 219 222 223 222 220 219 221 223 223 221 223 227 227 226 227 229 229 231 234 234 232 231 231 231 230 228 227
249 249 251 253 253 251 248 248 248 248 249 250 249 248 247 246 245 244 243 243 242 242 241 241 240 239 239 238 238 238 237 237 237 236 236 236 236 236 236 236 237 238 237 235 233 232 226 220 222 222 221 225 228 231 237 236 227 224 225 228 230 235 241 239 228 219 214 213 217 219 218 218 220 222 224 223 222 224 228 227 225 226 226 225 225 229 232 232 231 230 229 229 226 225
247 248 249 252 254 252 250 248 246 247 248 249 250 248 247 246 245 244 243 242 242 242 241 241 240 239 239 238 238 238 237 237 237 236 236 236 236 236 236 236 238 240 239 237 235 232 227 222 223 222 221 226 229 232 238 233 223 222 225 228 229 233 237 235 225 216 212 211 215 218 218 219 223 224 223 222 221 224 226 224 222 224 224 223 223 224 225 226 228 230 232 231 228 227
247 247 247 248 252 254 253 250 248 247 247 247 249 250 248 246 246 245 244 243 242 241 241 240 240 239 239 238 238 237 237 237 236 236 236 236 236 236 236 236 237 238 238 236 234 232 228 225 224 220 220 228 229 233 238 231 220 221 225 228 230 233 235 233 225 216 212 212 217 221 221 221 222 222 222 220 221 223 224 222 221 223 224 223 223 223 222 221 223 228 235 237 233 229
247 247 246 245 246 248 251 251 250 249 246 243 245 248 249 247 246 245 244 243 242 242 241 240 240 239 239 238 238 237 237 237 236 236 236 236 235 235 235 235 235 236 236 235 234 233 231 229 226 220 221 230 232 236 238 228 218 221 225 228 230 233 235 233 226 217 212 213 218 221 220 221 221 220 220 218 219 221 221 219 219 221 224 225 226 227 226 224 223 225 231 232 226 226
246 246 246 245 244 245 246 248 251 251 246 241 242 245 248 249 247 245 244 243 242 242 241 240 239 239 239 238 238 237 237 237 236 236 236 235 235 235 235 235 235 235 235 235 235 235 234 234 231 224 222 231 235 238 237 226 218 223 228 229 230 232 233 232 226 218 212 211 213 217 218 219 220 220 218 217 218 219 218 216 217 220 223 225 227 229 229 228 226 225 228 228 224 228
244 244 244 245 245 245 246 247 250 252 249 243 241 243 245 248 248 247 245 243 242 242 241 241 239 239 238 238 238 237 237 237 236 236 236 235 235 235 235 234 234 234 234 234 234 234 234 234 233 228 224 231 236 237 235 227 221 227 231 231 231 231 232 231 227 219 212 207 210 217 219 219 219 219 217 216 218 219 217 217 218 220 223 223 224 226 227 227 227 228 232 233 230 234
243 243 244 244 245 246 247 248 249 250 249 245 242 242 241 243 246 247 246 244 242 241 241 240 239 239 238 238 238 237 237 236 236 236 235 235 235 235 234 234 234 234 234 234 233 233 233 233 232 230 227 233 239 238 234 227 226 231 234 233 232 232 232 231 227 221 214 207 212 219 220 219 219 219 216 216 219 218 218 219 220 222 223 223 223 225 226 227 229 234 235 234 232 231
242 242 243 243 244 245 246 248 249 248 247 245 244 243 240 239 241 244 246 245 243 242 241 240 239 239 239 238 238 237 237 236 236 236 235 235 235 234 234 234 234 234 233 233 233 233 232 232 232 231 230 236 243 241 235 230 232 236 236 235 234 233 233 232 228 223 215 209 215 220 219 219 220 219 216 217 219 218 218 219 220 223 225 225 226 226 227 229 233 236 233 231 230 227
243 243 244 244 244 244 245 247 247 247 247 246 246 244 241 239 239 240 242 244 244 243 242 240 239 239 239 239 238 237 237 236 236 236 235 235 235 234 234 234 234 233 233 233 233 232 232 232 232 232 231 234 243 242 236 234 238 239 237 235 234 233 232 230 227 223 215 211 216 219 218 219 220 218 216 217 219 219 218 219 221 223 225 228 228 230 234 235 236 235 230 231 230 227
245 245 245 246 246 246 246 246 246 246 246 247 246 245 243 240 239 238 239 241 243 243 242 240 239 239 239 238 238 237 237 236 236 235 235 235 234 234 234 234 233 233 233 233 233 232 232 232 232 232 231 232 239 239 232 233 238 239 237 234 231 229 229 229 231 228 219 216 218 218 218 219 220 217 215 216 217 217 217 217 220 222 224 227 228 231 237 238 238 234 230 230 229 228
246 246 246 246 247 248 248 247 247 245 245 246 246 244 244 242 240 237 237 238 239 241 242 241 239 239 239 238 238 237 237 236 236 235 235 235 234 234 234 233 233 233 233 233 232 232 232 232 232 232 232 233 237 238 231 231 237 237 235 232 228 226 229 235 239 234 223 219 218 217 217 219 220 216 213 214 215 214 213 214 218 220 223 226 228 234 237 236 235 230 227 228 227 229
244 243 243 245 246 247 247 248 248 247 247 247 246 244 243 243 242 238 236 236 236 237 239 241 240 240 239 238 237 237 237 236 236 235 235 235 234 234 234 233 233 233 233 232 232 232 232 232 232 232 233 234 237 239 235 233 237 236 234 232 227 226 231 235 233 227 220 217 216 216 217 219 220 217 213 212 212 211 210 214 219 222 224 225 229 236 237 233 228 224 225 226 227 230
237 237 239 242 245 246 244 243 245 246 247 247 245 244 243 242 242 241 238 236 234 233 235 238 239 240 240 238 237 237 236 236 236 235 235 234 234 234 233 233 233 233 233 232 232 232 232 232 232 232 233 234 236 239 239 240 242 239 236 232 225 219 225 227 225 221 218 216 216 217 217 220 221 216 212 210 210 210 210 214 219 221 221 221 227 233 233 229 225 224 224 225 227 230
223 227 231 235 240 243 240 238 241 244 246 245 242 242 242 242 241 241 240 238 235 232 232 234 235 238 240 240 240 238 237 236 236 235 235 234 234 234 233 233 233 233 232 232 232 232 232 232 232 232 233 234 235 237 239 243 248 248 243 236 224 217 223 226 224 222 219 217 217 218 218 220 221 215 211 209 209 208 208 211 214 216 218 219 228 236 234 226 225 224 223 224 228 230
204 218 225 226 230 232 228 229 236 242 244 241 240 239 238 239 241 241 240 240 237 234 233 232 231 232 236 240 242 241 239 237 236 236 235 234 234 234 233 233 233 232 232 232 232 232 232 232 232 232 233 233 234 235 237 241 246 249 248 241 231 226 229 230 227 223 220 218 217 217 218 221 222 217 212 211 209 206 206 210 213 217 222 226 239 244 234 225 224 223 224 225 229 230
202 219 230 229 231 230 223 221 230 235 233 229 229 230 229 231 235 239 240 240 238 237 236 234 231 229 234 239 241 242 241 239 237 236 235 234 234 234 233 233 233 232 232 232 232 232 232 232 232 232 232 233 233 234 235 237 239 242 243 242 238 236 237 236 232 227 224 221 218 217 218 221 222 216 211 212 211 208 206 211 217 224 230 236 248 246 231 224 224 223 223 225 228 229
222 234 249 252 249 242 232 227 234 236 230 225 225 225 225 226 229 233 236 237 238 238 238 238 232 228 233 237 237 238 239 240 238 237 235 235 234 233 233 233 232 232 232 232 232 232 232 232 232 232 232 232 233 233 234 235 235 236 238 238 237 239 242 244 242 238 233 228 223 220 219 222 221 214 211 213 213 209 208 213 222 230 235 243 250 243 228 224 224 223 223 224 225 225
233 239 252 260 261 257 251 249 252 248 241 237 236 234 231 230 229 231 232 232 235 237 239 238 231 226 231 233 233 234 235 237 238 238 236 235 234 233 233 233 232 232 232 232 232 231 231 231 231 231 232 232 232 232 233 233 234 234 234 234 235 236 238 241 243 244 244 241 234 227 222 224 222 214 213 215 214 211 210 217 227 234 239 248 247 234 223 222 223 224 224 224 224 222
239 242 249 254 257 257 258 260 262 257 250 248 248 245 242 238 236 234 232 231 231 233 235 234 229 226 231 233 232 232 232 233 236 237 236 236 235 233 233 232 232 232 232 232 231 231 231 231 231 231 231 231 232 232 232 232 232 233 233 233 233 233 234 235 236 239 242 243 241 237 235 234 229 220 217 217 217 214 212 220 229 236 244 249 241 225 219 222 225 226 224 225 226 225
244 246 251 253 255 257 257 259 261 256 251 249 247 246 244 242 241 240 238 234 232 231 231 231 228 226 231 234 233 232 231 231 233 234 234 235 234 234 233 232 232 232 232 231 231 231 231 231 231 231 231 231 231 231 231 231 232 232 232 232 232 232 232 233 233 234 234 235 237 240 245 246 239 228 223 222 221 218 214 220 230 239 245 244 232 222 220 222 226 226 223 224 227 230
248 251 255 258 259 259 259 258 257 254 251 249 246 244 243 241 240 240 240 238 236 235 233 232 229 226 229 232 233 233 232 231 231 232 231 231 232 233 233 232 232 232 231 231 231 231 231 231 231 231 231 231 231 231 231 231 231 231 231 231 231 231 231 231 231 231 231 232 233 235 238 240 238 230 224 223 221 218 215 220 231 239 242 236 226 221 222 224 226 225 223 220 219 224
251 253 258 263 265 265 264 262 258 255 252 250 248 245 244 242 240 240 239 238 238 237 236 235 232 229 230 232 233 233 232 231 231 232 231 231 231 232 232 232 231 231 231 231 231 231 231 231 231 231 231 231 231 231 231 230 230 230 230 230 230 230 230 230 230 230 230 230 231 232 231 231 230 227 224 223 219 215 215 221 233 238 237 230 223 220 222 224 226 228 230 222 218 227
252 254 260 266 272 273 271 267 262 258 254 252 249 247 245 243 241 240 239 238 237 236 236 235 233 230 232 234 233 233 232 232 233 234 235 234 233 233 232 231 231 231 231 231 231 231 231 231 231 231 231 231 231 230 230 230 230 230 230 230 230 230 230 230 230 229 230 230 230 230 229 228 227 226 224 223 219 213 213 225 235 238 235 230 227 226 227 229 231 236 238 232 230 235
254 255 259 266 276 280 279 275 269 263 257 252 249 247 246 244 242 241 239 238 237 236 235 234 231 230 233 236 236 234 233 234 234 234 234 233 232 233 232 231 230 230 231 231 231 231 231 231 231 231 231 231 230 230 230 230 230 230 229 229 229 229 229 229 229 229 229 229 229 228 228 227 227 226 224 223 219 211 215 231 238 236 234 233 233 236 238 236 235 236 231 226 228 233
258 257 254 262 277 285 287 283 276 268 259 252 249 247 245 243 242 241 239 237 236 236 236 234 229 229 233 236 236 234 233 233 232 231 232 231 230 231 232 232 230 230 231 231 231 231 232 232 232 231 231 231 230 230 230 230 229 229 229 229 229 229 229 229 229 229 228 228 228 228 227 227 226 226 224 223 218 212 217 234 237 231 229 230 228 229 230 229 227 226 224 223 226 229
256 252 246 251 266 281 287 284 277 269 256 249 247 245 244 242 241 240 239 237 237 236 236 234 228 228 232 233 233 230 230 231 231 231 232 231 229 229 231 232 231 231 232 232 232 232 233 233 233 232 232 231 230 230 230 229 229 229 229 229 229 229 228 228 228 228 228 228 228 227 227 226 226 225 224 222 219 214 218 232 232 225 222 221 220 220 222 224 225 225 226 227 228 228
248 244 238 241 248 255 260 256 257 254 246 243 243 243 243 242 241 240 238 237 237 237 236 233 228 228 232 232 231 229 228 230 230 229 230 230 228 227 229 230 230 230 233 234 234 235 235 235 236 235 233 232 231 230 229 229 229 229 229 228 228 228 228 228 228 228 228 228 227 227 227 226 225 225 224 222 220 216 217 224 222 218 217 216 217 219 224 226 227 229 229 230 230 227
246 246 244 245 250 249 232 220 226 229 229 234 239 241 242 242 241 240 239 238 237 237 236 233 228 229 233 233 231 229 228 229 228 228 228 228 227 227 228 228 227 227 231 235 238 239 240 240 241 242 238 234 231 229 229 229 229 228 228 228 228 228 228 228 228 228 227 227 227 227 226 226 225 225 224 222 221 217 215 214 209 210 214 216 218 223 228 229 228 229 229 229 230 227
256 255 252 252 253 244 230 222 220 222 223 229 237 240 241 241 241 241 240 239 238 237 236 233 228 230 233 233 231 230 230 231 232 233 232 230 228 227 227 227 225 224 225 228 230 233 233 233 235 237 236 234 231 229 228 228 228 228 228 228 228 228 228 228 227 227 227 227 227 226 226 225 225 224 224 223 221 218 214 208 200 204 212 217 221 227 230 229 228 228 228 228 228 226
250 245 239 244 243 238 232 227 225 226 227 232 237 240 242 242 241 242 242 241 240 238 237 234 228 228 231 231 230 231 231 231 232 234 236 235 234 231 229 228 226 223 222 222 222 222 221 221 223 224 224 225 226 226 227 227 228 228 228 228 228 228 228 227 227 227 227 227 227 226 226 225 225 224 224 223 221 218 214 208 197 198 207 214 223 231 233 231 229 230 230 230 229 227
