windninja/windninja_output/Output_2025-08-09_0600-0650_Google earth_Fire_150m_10min/merlingen_7.5mi_point_08-09-2025_0620_150m_ang.asc
ncols	158
nrows	163
xllcorner	391686.332397
yllcorner	5160024.123721
cellsize	150.000000
NODATA_value	-32768.000000
[rows 42 to 83 of 163, columns 0 to 93 of 158]
201 201 201 201 201 200 199 199 199 199 198 198 198 198 198 198 198 198 197 197 197 196 196 196 195 194 192 190 188 188 191 194 194 194 194 196 199 199 198 197 199 201 202 201 197 195 197 201 202 202 206 205 199 197 203 210 211 212 218 223 222 216 215 215 215 213 211 210 208 207 208 210 206 198 195 197 193 187 191 201 208 209 211 213 212 210 209 209 210 210 212 218 224 228
201 201 201 201 200 200 199 199 199 199 198 198 198 198 198 198 198 198 198 198 197 197 196 196 196 195 194 192 189 190 193 195 194 191 189 189 191 192 192 194 199 204 204 201 199 200 204 208 208 207 208 208 203 202 206 212 215 217 221 224 223 218 215 213 213 211 205 204 205 203 203 204 202 196 195 197 194 191 194 200 206 208 210 211 210 210 212 215 216 215 215 217 223 228
202 202 202 201 200 200 200 200 199 199 199 198 198 198 199 198 198 198 198 198 198 197 197 197 197 196 194 193 192 192 194 194 193 190 186 184 184 188 192 197 202 205 204 203 203 207 210 210 208 204 205 206 205 204 209 215 217 218 220 221 219 217 214 211 210 208 205 203 202 201 201 203 203 201 200 201 198 195 198 203 206 205 206 210 213 214 216 218 220 221 219 219 226 231
204 203 202 201 201 201 201 200 200 200 199 199 199 199 199 199 198 198 198 198 198 198 197 197 197 196 195 195 195 194 194 194 192 189 186 183 183 188 193 198 200 203 205 206 206 208 210 208 203 202 205 209 210 211 215 218 219 219 218 216 214 213 210 206 205 206 207 206 203 203 206 208 209 209 209 207 201 198 201 204 203 203 209 217 219 217 217 219 222 224 223 223 229 232
205 203 202 202 202 202 201 200 200 200 200 199 199 199 199 199 199 199 199 199 198 198 198 198 197 197 197 197 196 195 194 194 192 189 187 185 186 188 191 194 197 202 207 208 207 208 207 204 202 204 208 212 215 217 219 220 220 218 215 210 208 207 205 202 204 206 208 209 206 206 210 213 215 216 214 211 204 199 200 203 205 209 218 224 222 219 218 219 221 224 225 226 229 230
205 204 202 203 204 204 202 201 200 200 200 200 199 199 199 199 199 199 199 199 199 199 199 199 198 198 198 198 197 196 195 195 193 191 188 188 188 187 188 191 195 200 206 207 206 206 205 204 205 207 210 214 217 218 217 217 217 215 211 204 201 204 205 205 208 211 211 212 209 208 211 214 218 218 216 213 207 202 203 209 215 220 223 223 220 218 218 218 220 222 224 226 227 227
205 204 204 204 205 206 203 201 200 200 200 200 200 200 200 200 200 200 200 200 200 199 199 199 199 199 198 198 198 197 197 196 195 193 191 189 189 189 188 189 193 199 204 205 204 205 204 205 207 208 212 217 219 220 217 215 214 210 205 200 198 205 211 213 215 215 213 212 210 211 213 215 218 218 217 214 210 207 209 215 220 221 220 218 216 215 215 216 217 218 222 226 227 226
206 205 205 205 206 207 205 201 199 200 200 200 200 200 200 201 200 200 200 200 200 200 200 200 200 199 199 199 198 198 198 197 196 195 192 189 189 189 189 190 194 199 201 201 202 205 206 207 208 210 212 216 218 216 214 212 210 205 201 200 201 208 216 219 218 215 213 211 211 212 214 215 217 217 216 213 210 208 210 214 217 218 216 215 213 212 212 212 213 215 220 225 227 226
208 206 205 205 206 206 205 203 199 199 200 200 200 200 200 201 201 200 201 201 200 200 200 200 200 200 199 199 199 199 199 198 197 196 194 191 189 190 190 192 195 197 197 196 200 206 209 210 213 215 215 217 215 210 208 207 205 203 202 204 208 215 222 225 220 214 212 211 212 214 215 217 217 217 215 212 208 207 210 214 216 216 215 214 212 211 210 210 213 217 220 225 227 228
211 208 205 204 205 204 205 205 201 198 199 200 200 200 201 201 201 201 201 201 200 200 200 200 200 201 200 200 200 200 199 199 198 197 196 194 192 191 192 192 195 196 195 194 199 206 209 212 217 219 216 214 212 209 207 206 205 206 207 209 214 219 226 227 219 212 211 210 212 214 216 217 217 215 214 211 209 208 210 213 216 218 219 217 213 211 211 213 217 220 221 225 228 230
215 211 204 203 204 204 205 206 204 199 199 200 201 201 201 201 202 201 201 201 201 201 201 201 201 201 201 201 201 200 200 200 199 199 198 196 195 193 192 192 194 196 194 192 197 206 209 210 213 210 205 205 207 207 207 207 208 209 212 215 217 220 226 227 217 210 208 209 212 214 214 214 213 213 213 212 211 209 211 214 216 219 221 221 218 217 217 218 221 222 223 225 227 227
217 212 203 201 204 203 204 207 207 203 200 200 201 201 201 202 202 202 202 202 202 202 202 202 202 202 201 201 201 201 201 200 200 200 199 198 197 196 194 192 193 196 194 191 195 204 206 203 204 202 200 202 205 207 209 210 209 210 214 217 218 220 226 225 214 207 205 207 210 212 211 210 210 212 214 213 212 212 215 216 216 218 220 220 221 222 221 220 221 223 224 224 223 222
213 211 204 199 202 203 202 206 209 207 203 201 201 201 202 202 202 202 202 203 202 202 202 202 202 202 202 202 202 202 201 201 201 201 200 200 199 198 196 193 192 195 196 195 196 200 201 198 198 199 201 205 207 209 213 212 208 209 213 216 217 219 224 221 211 204 201 202 207 208 207 209 212 214 214 214 212 214 216 215 214 216 217 216 217 220 221 221 222 222 223 222 219 217
210 210 208 203 205 207 205 207 210 210 206 203 202 201 202 203 203 203 203 203 203 203 203 203 202 202 202 202 202 202 202 202 202 201 201 201 200 199 198 196 194 197 200 200 197 196 195 193 194 196 200 206 207 210 215 213 207 209 212 214 214 216 220 218 209 202 200 200 204 208 209 212 215 214 214 213 212 213 214 212 210 212 214 214 214 216 217 218 220 222 224 223 218 216
209 210 211 209 208 210 208 206 209 212 209 205 203 202 202 203 203 203 203 203 203 203 203 203 203 203 203 203 203 203 203 203 202 202 202 202 201 201 200 199 198 199 201 200 196 192 188 188 190 193 198 205 208 211 217 212 206 208 211 212 212 214 218 218 211 203 201 202 206 212 214 214 213 212 212 211 210 212 211 209 208 211 213 214 214 215 215 216 217 222 227 227 218 210
211 210 210 210 208 209 208 205 206 209 208 206 205 204 202 202 203 203 203 203 203 204 204 203 203 203 203 203 203 203 203 203 203 203 203 203 202 202 201 201 201 201 200 199 196 192 187 185 187 189 195 206 210 214 217 211 204 207 209 209 210 214 219 220 214 205 201 203 208 213 213 212 211 210 210 208 208 209 208 207 208 210 213 215 217 219 220 219 218 219 222 217 204 203
212 211 210 210 209 209 208 206 203 205 206 206 208 208 205 202 202 203 203 203 204 204 204 204 204 203 204 204 204 204 204 204 204 204 204 203 203 203 203 202 202 202 201 200 198 196 192 188 184 183 190 204 211 214 217 210 204 206 208 208 211 215 219 220 215 208 202 202 205 209 209 209 210 209 208 206 206 206 205 205 207 210 213 216 220 222 223 222 219 216 214 208 201 205
212 211 211 211 211 211 210 208 206 206 207 207 209 210 208 204 202 203 203 203 204 204 204 204 204 204 204 204 204 204 204 204 204 204 204 204 204 204 203 203 203 203 202 201 200 199 196 192 186 180 182 198 209 214 215 210 205 208 210 210 212 215 218 220 217 210 203 200 203 207 208 208 209 208 205 205 205 205 205 207 208 212 215 216 218 220 221 220 217 213 211 210 209 214
212 212 212 212 212 212 212 212 210 208 207 205 206 208 209 207 205 203 203 203 203 204 204 204 204 205 205 205 205 205 205 205 205 205 205 205 205 204 204 204 204 203 203 203 202 201 199 196 191 183 177 189 206 213 214 210 208 210 211 212 213 216 219 221 218 212 205 200 204 209 209 207 207 206 204 203 205 206 207 210 211 214 216 216 217 219 219 217 214 212 212 214 214 218
213 213 213 213 213 213 213 213 211 209 205 202 201 204 208 209 208 205 203 202 203 204 205 205 205 205 205 205 205 205 205 205 205 205 205 205 205 205 205 205 205 204 204 203 203 202 201 199 196 189 180 184 203 213 214 213 213 214 214 214 216 218 220 221 218 214 207 202 206 209 207 207 206 205 203 203 206 207 209 211 212 215 218 219 219 219 218 215 214 213 212 214 218 220
216 216 216 214 213 213 212 212 211 210 207 203 201 203 206 209 209 208 205 203 203 204 205 205 206 206 206 206 205 205 206 206 206 206 206 206 206 206 206 205 205 205 205 204 204 203 202 201 199 195 188 186 199 210 212 214 218 218 217 216 216 217 217 218 217 215 209 205 206 206 206 206 206 204 202 204 207 209 209 211 213 216 219 221 221 221 220 216 215 214 213 219 223 223
221 220 218 217 214 212 212 212 212 211 209 205 202 202 203 207 210 209 208 206 204 203 204 205 205 206 206 206 206 206 206 206 206 206 206 206 206 206 206 206 206 206 205 205 205 205 204 203 201 199 193 189 196 204 205 211 218 219 217 214 212 211 214 218 222 219 212 207 205 205 205 205 206 203 201 204 206 207 208 210 213 215 218 220 219 220 219 216 216 217 219 223 225 225
226 224 220 218 215 214 214 215 214 213 212 208 203 201 201 204 207 209 209 208 206 205 204 205 205 206 207 207 206 206 206 206 207 207 207 207 207 207 207 207 206 206 206 206 206 206 205 204 203 202 198 194 196 201 198 205 217 218 215 211 208 210 218 227 231 224 212 205 204 203 204 205 205 202 201 203 204 204 204 207 211 214 216 218 218 219 218 216 217 218 220 224 225 227
226 223 219 216 215 215 215 216 217 215 214 211 205 201 201 202 204 207 209 210 209 207 206 205 205 206 207 207 207 207 206 207 207 207 207 207 207 207 207 207 207 207 207 207 207 206 206 206 205 204 202 200 199 201 198 200 213 216 214 211 209 214 222 226 222 214 205 201 201 202 203 205 206 203 200 200 201 201 202 207 212 215 215 216 217 219 219 217 216 217 220 223 226 230
220 218 217 216 216 214 212 212 214 214 212 211 207 202 200 202 204 205 207 210 209 208 208 207 205 205 207 207 207 207 207 207 207 207 207 207 208 208 208 208 208 208 207 207 207 207 207 207 206 206 205 204 203 204 201 200 209 217 217 216 211 208 213 215 212 208 203 201 201 202 203 206 206 203 199 197 198 200 202 207 211 212 211 209 212 218 219 217 218 219 221 223 227 230
205 209 212 213 214 211 207 208 213 214 212 210 207 204 200 202 204 204 204 207 208 208 208 208 206 206 208 209 209 209 208 208 208 208 208 208 208 208 208 208 208 208 208 208 208 208 208 208 208 208 207 207 207 207 207 207 213 222 225 222 211 203 206 210 210 208 206 203 203 203 203 205 206 201 198 197 198 198 200 203 205 205 205 204 213 223 223 219 220 221 221 224 229 231
184 196 205 206 207 205 200 204 211 214 211 208 206 205 202 201 204 204 203 206 208 208 208 208 207 208 210 212 211 210 209 208 208 208 208 208 208 208 208 208 208 209 209 209 209 209 209 209 209 209 209 209 209 209 210 212 217 224 229 226 213 204 207 210 210 209 207 205 204 203 203 205 206 201 198 198 197 196 196 199 201 203 207 212 227 234 227 220 221 222 223 226 230 232
172 184 201 205 207 206 202 201 207 208 204 201 202 201 201 201 202 205 205 205 207 208 209 209 208 209 213 215 213 211 209 208 208 208 208 208 208 209 209 209 209 209 209 209 209 209 209 209 210 210 210 210 210 211 212 213 216 219 223 224 218 211 211 213 212 210 209 206 204 203 204 207 206 201 199 199 198 196 194 198 203 209 218 227 239 239 226 220 222 222 224 226 229 230
185 191 207 217 220 219 211 205 207 209 205 203 203 203 202 202 204 206 207 206 207 208 209 210 209 210 214 216 213 210 210 209 208 208 208 208 209 209 209 209 209 209 210 210 210 210 210 210 210 210 211 211 211 212 212 213 215 216 218 218 217 215 218 222 221 217 214 210 206 205 205 208 206 200 199 201 200 196 194 198 208 218 226 236 242 236 223 221 223 223 224 224 226 225
204 207 217 230 238 238 229 220 221 222 218 215 215 212 210 208 207 208 208 207 207 209 210 210 206 204 210 214 212 211 210 209 208 208 208 208 209 209 209 209 210 210 210 210 210 210 211 211 211 211 211 212 212 212 213 213 214 215 215 216 216 216 218 221 223 223 222 219 213 208 206 208 207 201 201 202 201 197 196 203 215 225 232 240 240 227 219 221 223 225 224 224 223 220
216 218 223 228 233 236 235 233 237 237 233 231 228 224 220 216 213 211 210 208 208 208 208 208 203 200 207 213 214 212 210 210 210 208 207 208 208 209 209 210 210 210 210 210 211 211 211 211 211 212 212 212 212 213 213 214 214 214 215 215 215 215 216 217 218 219 219 220 219 214 211 214 212 206 204 205 204 200 199 208 219 228 235 239 234 220 217 221 226 226 224 224 225 222
226 227 229 231 233 234 233 234 237 236 232 229 226 224 221 218 215 214 213 211 209 208 207 206 203 200 205 212 214 214 212 211 211 210 207 207 208 209 209 210 210 210 211 211 211 211 212 212 212 212 212 212 213 213 213 214 214 214 214 215 215 215 215 216 216 215 215 216 217 219 221 225 222 212 208 207 206 204 202 210 221 228 234 234 226 218 219 222 227 225 222 222 225 226
234 235 237 239 239 239 238 237 236 233 229 226 223 220 218 216 215 214 214 212 211 211 210 208 205 201 204 210 214 215 214 212 212 210 208 206 207 209 209 209 210 210 211 211 211 212 212 212 212 213 213 213 213 213 214 214 214 214 214 215 215 215 215 215 215 214 214 215 215 216 217 218 215 208 204 205 204 203 203 210 220 225 229 227 221 220 222 224 226 224 221 217 215 214
241 242 246 249 251 250 247 242 237 232 229 226 223 220 218 216 214 213 212 212 211 212 212 211 208 204 205 209 212 215 214 213 213 213 212 209 209 209 209 209 210 211 211 212 212 212 213 213 213 213 213 213 213 214 214 214 214 214 214 215 215 215 215 215 215 214 214 214 214 214 213 211 208 202 199 200 199 200 203 209 217 223 226 224 221 221 222 224 225 227 227 217 209 213
245 247 252 258 263 264 259 251 242 235 229 225 222 220 217 215 214 212 212 211 211 211 212 211 210 207 207 209 210 213 215 215 216 218 218 214 211 210 209 209 209 210 211 212 212 213 213 213 213 214 214 214 214 214 214 214 214 214 214 215 215 215 215 215 215 215 214 214 214 213 212 210 208 204 198 196 194 195 200 208 218 225 228 228 228 227 227 229 230 234 234 222 214 218
250 251 255 262 272 277 275 265 250 236 227 222 220 219 217 215 213 212 211 211 211 211 211 210 209 209 210 211 211 212 216 218 219 219 218 214 211 211 210 209 209 210 212 212 213 213 214 214 214 214 214 214 214 214 214 214 214 214 215 215 215 215 215 215 215 215 214 214 213 213 212 211 209 206 201 195 190 188 195 212 223 227 231 233 234 236 238 236 234 230 221 210 210 217
255 255 253 261 277 287 289 276 248 228 219 217 217 217 215 214 213 211 210 211 211 211 211 210 208 209 212 212 211 211 214 216 216 215 216 214 212 212 212 211 209 210 212 213 214 214 215 215 215 215 215 214 214 214 214 214 214 215 215 215 215 215 215 215 215 215 214 214 214 213 212 211 210 208 204 198 191 184 191 214 226 226 227 229 227 227 228 226 220 216 211 207 209 216
254 252 247 246 262 277 279 247 216 206 206 210 213 214 213 212 212 210 210 210 211 211 211 210 206 207 211 211 210 208 209 212 214 215 216 215 213 212 214 213 210 211 214 215 216 216 217 217 217 216 216 215 215 214 214 214 214 215 215 215 215 215 215 215 215 215 214 214 214 213 212 211 211 209 206 202 195 186 190 211 222 220 219 218 217 217 218 216 214 212 211 213 214 216
247 242 233 231 231 222 202 185 187 191 196 203 209 212 211 211 212 211 210 210 211 211 211 209 205 205 210 211 210 207 206 209 212 214 215 215 213 212 214 214 212 212 215 217 218 219 219 220 220 219 217 215 215 214 214 214 214 215 215 215 215 215 215 215 215 215 215 214 214 213 213 212 211 210 207 204 199 192 192 203 210 210 210 211 212 215 216 214 213 215 216 217 218 217
245 243 236 227 223 218 204 191 191 192 193 199 207 211 211 212 213 212 210 210 210 211 211 208 204 205 210 212 211 208 206 207 208 211 214 215 214 212 213 214 212 211 215 219 222 225 225 226 227 225 220 216 214 214 214 214 214 215 215 215 215 215 215 215 215 215 215 215 214 214 213 212 211 210 208 206 202 196 193 193 194 200 207 210 212 216 217 214 213 216 218 219 220 218
254 251 236 223 221 221 214 205 201 200 199 202 208 211 213 214 214 214 212 211 211 211 211 208 204 205 209 210 210 210 208 209 211 214 216 217 215 214 214 214 212 211 212 214 216 218 218 218 220 219 216 214 213 213 213 214 214 215 215 215 215 215 215 215 215 215 215 215 214 214 213 212 212 211 209 207 204 199 194 188 184 192 204 211 213 215 215 213 213 216 218 219 220 218
241 230 215 218 222 223 220 215 213 211 209 209 212 215 217 217 217 217 215 213 212 210 210 208 203 203 207 208 209 211 211 211 213 217 220 221 221 218 216 215 213 211 209 209 208 208 207 207 209 210 209 209 209 209 212 214 215 215 215 215 215 215 215 215 215 215 215 215 215 214 214 213 212 212 210 208 205 201 196 188 179 185 198 207 213 216 217 216 215 218 220 221 221 220
