windninja/windninja_output/Output_2025-08-09_0600-0650_Google earth_Fire_150m_10min/merlingen_7.5mi_point_08-09-2025_0600_150m_vel.asc
ncols	158
nrows	163
xllcorner	391686.332397
yllcorner	5160024.123721
cellsize	150.000000
NODATA_value	-32768.000000
[rows 76 to 113 of 163, columns 0 to 83 of 158]
0.91 0.79 0.59 0.44 0.36 0.34 0.30 0.29 0.31 0.33 0.35 0.37 0.40 0.42 0.44 0.45 0.47 0.49 0.51 0.53 0.54 0.55 0.57 0.59 0.59 0.56 0.55 0.58 0.64 0.75 0.83 0.83 0.81 0.79 0.73 0.65 0.61 0.60 0.59 0.59 0.61 0.63 0.64 0.65 0.66 0.66 0.66 0.66 0.66 0.66 0.66 0.66 0.66 0.66 0.66 0.66 0.66 0.65 0.65 0.65 0.64 0.63 0.63 0.62 0.61 0.59 0.58 0.56 0.55 0.53 0.51 0.48 0.44 0.39 0.34 0.35 0.39 0.45 0.54 0.60 0.65 0.73 0.84 0.86
1.05 0.91 0.71 0.55 0.42 0.34 0.28 0.24 0.25 0.27 0.30 0.34 0.38 0.40 0.42 0.43 0.44 0.46 0.49 0.51 0.53 0.55 0.57 0.59 0.60 0.59 0.57 0.56 0.56 0.63 0.76 0.82 0.82 0.82 0.79 0.71 0.65 0.62 0.59 0.59 0.60 0.62 0.64 0.65 0.66 0.66 0.66 0.66 0.66 0.66 0.66 0.66 0.67 0.67 0.67 0.67 0.67 0.66 0.66 0.66 0.66 0.65 0.64 0.64 0.63 0.62 0.60 0.59 0.58 0.56 0.54 0.52 0.49 0.44 0.39 0.35 0.34 0.37 0.44 0.53 0.62 0.68 0.77 0.82
1.22 1.00 0.78 0.71 0.56 0.37 0.25 0.19 0.18 0.21 0.26 0.32 0.36 0.39 0.41 0.42 0.43 0.45 0.47 0.50 0.52 0.54 0.55 0.57 0.59 0.62 0.63 0.59 0.56 0.57 0.67 0.80 0.86 0.86 0.86 0.81 0.73 0.68 0.63 0.59 0.58 0.61 0.64 0.65 0.66 0.66 0.66 0.66 0.66 0.66 0.66 0.66 0.67 0.67 0.67 0.67 0.68 0.67 0.67 0.67 0.67 0.66 0.66 0.65 0.64 0.63 0.62 0.61 0.60 0.58 0.56 0.54 0.52 0.49 0.44 0.39 0.35 0.33 0.36 0.46 0.59 0.66 0.74 0.85
1.36 1.09 0.84 0.93 0.74 0.44 0.21 0.12 0.13 0.17 0.23 0.30 0.36 0.39 0.41 0.42 0.43 0.44 0.45 0.48 0.51 0.53 0.54 0.54 0.55 0.61 0.67 0.67 0.62 0.59 0.63 0.74 0.84 0.88 0.88 0.85 0.80 0.76 0.71 0.63 0.56 0.57 0.61 0.63 0.64 0.65 0.65 0.65 0.65 0.65 0.65 0.65 0.66 0.67 0.67 0.68 0.68 0.68 0.68 0.68 0.68 0.67 0.67 0.67 0.66 0.65 0.64 0.63 0.62 0.60 0.59 0.57 0.55 0.53 0.49 0.44 0.39 0.34 0.33 0.40 0.55 0.65 0.75 0.89
1.32 1.14 0.96 0.94 0.89 0.68 0.35 0.26 0.25 0.24 0.26 0.31 0.37 0.40 0.41 0.42 0.43 0.44 0.44 0.46 0.49 0.51 0.53 0.53 0.53 0.57 0.65 0.69 0.68 0.64 0.62 0.69 0.79 0.89 0.93 0.90 0.84 0.82 0.81 0.74 0.63 0.57 0.58 0.60 0.61 0.62 0.63 0.63 0.62 0.61 0.61 0.63 0.64 0.66 0.67 0.68 0.69 0.69 0.69 0.69 0.69 0.68 0.68 0.68 0.67 0.66 0.66 0.65 0.63 0.62 0.61 0.59 0.57 0.56 0.53 0.49 0.44 0.38 0.35 0.38 0.51 0.65 0.75 0.84
1.19 1.01 0.78 0.78 0.84 0.84 0.75 0.63 0.51 0.42 0.37 0.36 0.39 0.41 0.41 0.42 0.42 0.43 0.43 0.44 0.47 0.50 0.52 0.53 0.51 0.53 0.59 0.65 0.68 0.67 0.64 0.66 0.72 0.82 0.93 0.98 0.91 0.86 0.86 0.85 0.77 0.68 0.64 0.61 0.59 0.57 0.57 0.57 0.57 0.54 0.52 0.56 0.61 0.65 0.67 0.68 0.69 0.69 0.69 0.70 0.69 0.69 0.69 0.69 0.68 0.68 0.67 0.66 0.65 0.64 0.63 0.61 0.59 0.58 0.55 0.52 0.48 0.44 0.40 0.42 0.50 0.62 0.72 0.76
1.18 0.91 0.66 0.70 0.75 0.83 0.84 0.78 0.67 0.57 0.48 0.43 0.42 0.43 0.43 0.42 0.42 0.42 0.41 0.42 0.44 0.47 0.50 0.51 0.51 0.53 0.57 0.61 0.65 0.67 0.65 0.62 0.62 0.66 0.76 0.89 0.94 0.90 0.87 0.88 0.87 0.83 0.79 0.76 0.72 0.69 0.66 0.66 0.68 0.63 0.55 0.53 0.56 0.61 0.66 0.68 0.69 0.70 0.70 0.70 0.70 0.70 0.70 0.70 0.69 0.69 0.68 0.67 0.66 0.65 0.64 0.62 0.61 0.60 0.58 0.55 0.52 0.48 0.45 0.44 0.47 0.55 0.68 0.75
1.13 0.95 0.85 0.87 0.86 0.83 0.78 0.74 0.68 0.59 0.49 0.44 0.43 0.43 0.43 0.42 0.41 0.41 0.40 0.39 0.40 0.43 0.47 0.48 0.49 0.53 0.59 0.61 0.64 0.66 0.66 0.64 0.62 0.62 0.64 0.71 0.79 0.84 0.85 0.84 0.85 0.85 0.87 0.89 0.91 0.92 0.91 0.90 0.91 0.91 0.85 0.73 0.64 0.63 0.66 0.68 0.69 0.70 0.70 0.70 0.70 0.70 0.70 0.70 0.70 0.70 0.69 0.69 0.68 0.67 0.65 0.64 0.63 0.61 0.59 0.57 0.54 0.51 0.47 0.44 0.43 0.48 0.61 0.76
1.01 0.97 0.91 0.92 0.92 0.85 0.74 0.64 0.60 0.54 0.48 0.44 0.43 0.44 0.44 0.42 0.41 0.41 0.39 0.38 0.37 0.39 0.42 0.45 0.46 0.49 0.57 0.61 0.63 0.66 0.68 0.68 0.68 0.68 0.67 0.67 0.69 0.72 0.75 0.77 0.78 0.79 0.79 0.81 0.83 0.84 0.84 0.83 0.83 0.87 0.91 0.89 0.81 0.72 0.68 0.68 0.69 0.70 0.70 0.70 0.70 0.70 0.71 0.71 0.71 0.70 0.70 0.69 0.69 0.68 0.67 0.65 0.64 0.62 0.61 0.59 0.56 0.53 0.50 0.47 0.45 0.47 0.56 0.69
0.84 0.85 0.83 0.83 0.87 0.82 0.69 0.60 0.56 0.51 0.47 0.45 0.44 0.45 0.47 0.46 0.43 0.42 0.40 0.37 0.35 0.34 0.35 0.40 0.42 0.43 0.49 0.56 0.60 0.63 0.66 0.69 0.71 0.75 0.78 0.77 0.75 0.73 0.70 0.69 0.70 0.72 0.74 0.73 0.73 0.72 0.72 0.70 0.68 0.67 0.71 0.76 0.79 0.75 0.70 0.69 0.69 0.69 0.70 0.70 0.70 0.70 0.71 0.71 0.71 0.71 0.71 0.70 0.70 0.69 0.68 0.66 0.65 0.64 0.62 0.60 0.58 0.55 0.52 0.50 0.49 0.51 0.55 0.64
0.86 0.86 0.80 0.77 0.82 0.80 0.69 0.62 0.59 0.53 0.48 0.46 0.45 0.45 0.48 0.49 0.46 0.45 0.42 0.37 0.33 0.30 0.29 0.29 0.34 0.41 0.48 0.54 0.59 0.60 0.62 0.66 0.69 0.74 0.83 0.90 0.91 0.90 0.83 0.73 0.66 0.65 0.70 0.74 0.75 0.74 0.73 0.71 0.67 0.62 0.60 0.63 0.68 0.71 0.69 0.68 0.68 0.68 0.68 0.69 0.69 0.70 0.70 0.71 0.71 0.71 0.71 0.71 0.70 0.70 0.69 0.67 0.66 0.65 0.63 0.61 0.59 0.56 0.53 0.50 0.48 0.50 0.56 0.65
1.07 0.94 0.79 0.76 0.76 0.80 0.75 0.69 0.68 0.62 0.52 0.47 0.46 0.46 0.48 0.50 0.50 0.50 0.47 0.42 0.36 0.31 0.29 0.29 0.37 0.47 0.55 0.59 0.63 0.63 0.62 0.63 0.64 0.64 0.71 0.83 0.93 1.01 1.03 0.96 0.81 0.69 0.66 0.72 0.77 0.78 0.77 0.76 0.73 0.66 0.59 0.58 0.61 0.64 0.65 0.64 0.64 0.64 0.65 0.66 0.68 0.69 0.70 0.71 0.71 0.72 0.72 0.71 0.71 0.70 0.69 0.68 0.67 0.66 0.64 0.62 0.60 0.57 0.53 0.49 0.44 0.44 0.47 0.52
1.30 1.04 0.80 0.78 0.77 0.84 0.88 0.85 0.79 0.72 0.58 0.49 0.48 0.49 0.52 0.55 0.55 0.56 0.54 0.49 0.44 0.41 0.46 0.54 0.58 0.58 0.60 0.63 0.65 0.67 0.66 0.65 0.63 0.60 0.57 0.61 0.70 0.85 0.98 1.04 0.99 0.87 0.74 0.72 0.77 0.83 0.85 0.82 0.79 0.75 0.68 0.61 0.59 0.62 0.65 0.65 0.63 0.61 0.59 0.61 0.63 0.67 0.69 0.71 0.71 0.72 0.72 0.72 0.71 0.71 0.70 0.69 0.68 0.66 0.65 0.63 0.61 0.58 0.54 0.49 0.42 0.36 0.33 0.31
1.34 1.13 0.90 0.85 0.81 0.82 0.88 0.92 0.89 0.84 0.72 0.58 0.54 0.54 0.55 0.57 0.60 0.62 0.61 0.57 0.53 0.59 0.71 0.74 0.70 0.64 0.62 0.64 0.66 0.68 0.69 0.68 0.67 0.66 0.62 0.57 0.55 0.62 0.76 0.89 0.94 0.91 0.82 0.75 0.74 0.80 0.88 0.89 0.85 0.80 0.77 0.72 0.68 0.68 0.71 0.74 0.73 0.67 0.58 0.53 0.57 0.64 0.68 0.70 0.72 0.72 0.72 0.72 0.72 0.71 0.71 0.70 0.69 0.67 0.66 0.64 0.61 0.58 0.55 0.50 0.42 0.33 0.25 0.18
1.23 1.12 0.98 0.88 0.78 0.73 0.78 0.89 0.96 0.99 0.91 0.72 0.62 0.59 0.58 0.58 0.63 0.69 0.70 0.63 0.64 0.78 0.85 0.82 0.73 0.68 0.66 0.66 0.67 0.68 0.69 0.69 0.69 0.68 0.69 0.66 0.59 0.57 0.65 0.80 0.89 0.86 0.81 0.74 0.71 0.73 0.81 0.89 0.90 0.83 0.78 0.75 0.74 0.73 0.76 0.80 0.82 0.79 0.71 0.58 0.55 0.61 0.67 0.70 0.71 0.72 0.72 0.72 0.72 0.72 0.71 0.70 0.69 0.68 0.66 0.64 0.62 0.60 0.56 0.51 0.44 0.36 0.27 0.20
1.13 1.10 1.09 1.07 0.99 0.85 0.81 0.91 1.06 1.15 1.10 0.94 0.80 0.75 0.73 0.74 0.75 0.79 0.81 0.74 0.77 0.87 0.87 0.85 0.77 0.71 0.68 0.67 0.67 0.67 0.68 0.68 0.68 0.67 0.68 0.70 0.68 0.63 0.62 0.73 0.89 0.92 0.84 0.76 0.69 0.68 0.73 0.81 0.87 0.85 0.77 0.72 0.69 0.69 0.74 0.82 0.90 0.94 0.95 0.83 0.68 0.64 0.67 0.70 0.71 0.72 0.72 0.72 0.72 0.72 0.71 0.71 0.70 0.68 0.67 0.65 0.63 0.61 0.57 0.53 0.47 0.40 0.32 0.27
1.03 1.08 1.23 1.36 1.42 1.36 1.34 1.46 1.59 1.65 1.47 1.18 1.00 0.91 0.85 0.83 0.86 0.95 1.10 1.18 1.05 0.89 0.79 0.79 0.74 0.70 0.68 0.67 0.66 0.66 0.66 0.67 0.66 0.65 0.66 0.68 0.70 0.69 0.64 0.64 0.78 0.94 0.94 0.83 0.72 0.66 0.67 0.73 0.79 0.80 0.74 0.65 0.62 0.61 0.64 0.76 0.89 0.96 1.01 0.98 0.84 0.72 0.69 0.70 0.71 0.72 0.72 0.72 0.72 0.72 0.71 0.71 0.70 0.69 0.68 0.66 0.64 0.62 0.59 0.55 0.51 0.44 0.36 0.30
0.88 0.98 1.18 1.36 1.53 1.63 1.73 1.86 1.97 2.06 2.05 1.87 1.69 1.65 1.60 1.51 1.44 1.49 1.49 1.44 1.34 0.93 0.79 0.75 0.71 0.69 0.67 0.68 0.67 0.66 0.66 0.65 0.63 0.61 0.63 0.66 0.68 0.69 0.67 0.64 0.67 0.84 1.00 0.96 0.81 0.70 0.66 0.69 0.76 0.79 0.74 0.62 0.56 0.57 0.55 0.56 0.65 0.74 0.82 0.88 0.85 0.76 0.71 0.71 0.71 0.72 0.72 0.72 0.72 0.72 0.71 0.71 0.70 0.69 0.68 0.67 0.65 0.63 0.61 0.58 0.54 0.49 0.43 0.35
0.78 0.89 1.05 1.16 1.26 1.33 1.41 1.47 1.51 1.72 2.03 2.17 2.19 2.18 2.18 2.06 1.93 1.81 1.60 1.46 1.36 1.15 0.95 0.81 0.72 0.68 0.67 0.67 0.68 0.68 0.66 0.64 0.61 0.58 0.59 0.63 0.66 0.67 0.67 0.66 0.65 0.75 0.97 1.10 1.01 0.88 0.78 0.74 0.79 0.84 0.86 0.76 0.61 0.59 0.56 0.49 0.49 0.57 0.66 0.75 0.77 0.73 0.71 0.70 0.70 0.71 0.71 0.72 0.72 0.71 0.71 0.71 0.70 0.70 0.69 0.67 0.66 0.64 0.62 0.60 0.57 0.53 0.49 0.44
0.75 0.81 0.94 1.00 1.04 1.04 1.00 0.94 0.90 1.05 1.28 1.49 1.49 1.29 1.27 1.32 1.51 1.49 1.53 1.41 1.28 1.21 1.01 0.80 0.67 0.64 0.64 0.66 0.68 0.71 0.73 0.72 0.69 0.62 0.58 0.59 0.62 0.64 0.65 0.65 0.63 0.66 0.82 1.07 1.19 1.16 1.07 0.98 0.95 0.97 1.02 0.99 0.80 0.68 0.63 0.57 0.54 0.56 0.61 0.67 0.71 0.70 0.69 0.69 0.69 0.69 0.70 0.71 0.71 0.71 0.71 0.71 0.70 0.70 0.69 0.68 0.66 0.65 0.63 0.61 0.59 0.57 0.54 0.51
0.81 0.76 0.86 0.95 1.01 1.00 0.91 0.75 0.58 0.47 0.53 0.74 0.80 0.78 0.79 0.93 1.09 1.32 1.51 1.26 1.10 1.14 1.00 0.76 0.57 0.53 0.57 0.62 0.65 0.70 0.77 0.80 0.77 0.68 0.59 0.57 0.59 0.60 0.61 0.62 0.59 0.57 0.65 0.84 1.06 1.20 1.25 1.23 1.18 1.14 1.12 1.08 0.94 0.78 0.71 0.64 0.58 0.57 0.57 0.60 0.65 0.66 0.66 0.66 0.67 0.68 0.68 0.69 0.70 0.70 0.70 0.70 0.70 0.69 0.69 0.68 0.67 0.66 0.65 0.63 0.61 0.60 0.58 0.56
1.00 0.82 0.76 0.82 0.88 0.95 0.92 0.79 0.57 0.41 0.39 0.43 0.49 0.66 0.73 0.88 1.03 1.29 1.51 1.32 1.13 1.13 1.08 0.77 0.50 0.47 0.53 0.59 0.62 0.62 0.65 0.69 0.73 0.69 0.60 0.55 0.54 0.54 0.56 0.58 0.57 0.54 0.55 0.65 0.79 0.92 1.04 1.10 1.08 1.05 1.03 1.04 0.98 0.85 0.77 0.72 0.64 0.58 0.56 0.56 0.57 0.59 0.61 0.62 0.64 0.65 0.67 0.68 0.69 0.70 0.70 0.69 0.69 0.69 0.69 0.68 0.67 0.66 0.65 0.64 0.63 0.62 0.61 0.60
1.14 0.80 0.50 0.48 0.58 0.73 0.80 0.78 0.68 0.54 0.43 0.36 0.37 0.50 0.68 0.85 1.03 1.20 1.18 1.24 1.25 1.21 1.16 0.85 0.61 0.59 0.59 0.58 0.58 0.58 0.58 0.60 0.64 0.65 0.61 0.56 0.52 0.49 0.48 0.50 0.53 0.53 0.52 0.56 0.64 0.69 0.75 0.84 0.91 0.93 0.94 0.98 0.98 0.90 0.82 0.79 0.75 0.67 0.61 0.59 0.57 0.55 0.55 0.56 0.58 0.60 0.63 0.65 0.67 0.68 0.68 0.69 0.69 0.69 0.68 0.68 0.67 0.67 0.66 0.65 0.64 0.63 0.63 0.62
1.15 0.67 0.19 0.23 0.34 0.42 0.48 0.58 0.61 0.56 0.51 0.45 0.41 0.48 0.67 0.91 1.07 1.03 0.94 1.00 1.17 1.26 1.24 1.11 0.91 0.76 0.66 0.59 0.57 0.58 0.59 0.57 0.58 0.58 0.58 0.57 0.55 0.52 0.46 0.43 0.46 0.49 0.50 0.54 0.63 0.70 0.75 0.82 0.91 0.96 0.96 0.96 0.99 0.97 0.90 0.85 0.82 0.78 0.69 0.64 0.64 0.62 0.59 0.55 0.52 0.53 0.56 0.60 0.64 0.66 0.67 0.67 0.68 0.68 0.68 0.67 0.67 0.66 0.66 0.65 0.65 0.64 0.64 0.63
0.92 0.55 0.18 0.22 0.30 0.36 0.41 0.49 0.54 0.54 0.55 0.52 0.48 0.53 0.67 0.88 1.05 0.97 0.81 0.84 1.00 1.12 1.17 1.09 0.91 0.79 0.70 0.62 0.58 0.59 0.59 0.57 0.54 0.51 0.49 0.50 0.52 0.54 0.50 0.41 0.40 0.43 0.46 0.50 0.60 0.72 0.79 0.84 0.91 0.97 1.01 1.00 0.99 1.02 1.01 0.95 0.91 0.88 0.79 0.71 0.69 0.71 0.71 0.65 0.58 0.52 0.52 0.54 0.59 0.63 0.65 0.66 0.66 0.66 0.66 0.66 0.66 0.66 0.65 0.65 0.65 0.65 0.64 0.64
0.69 0.47 0.25 0.28 0.34 0.40 0.44 0.48 0.51 0.53 0.55 0.54 0.52 0.58 0.70 0.84 1.02 0.98 0.82 0.90 0.95 0.99 1.05 1.00 0.88 0.78 0.71 0.64 0.59 0.58 0.60 0.58 0.53 0.47 0.40 0.38 0.40 0.45 0.48 0.43 0.38 0.39 0.41 0.44 0.51 0.64 0.75 0.81 0.87 0.95 1.02 1.04 1.01 1.00 1.02 1.01 0.98 0.98 0.93 0.81 0.72 0.72 0.76 0.77 0.71 0.61 0.56 0.53 0.54 0.58 0.61 0.62 0.63 0.64 0.65 0.65 0.65 0.65 0.64 0.64 0.64 0.64 0.64 0.64
0.57 0.45 0.34 0.36 0.39 0.43 0.47 0.49 0.51 0.53 0.55 0.55 0.53 0.58 0.76 0.96 1.09 1.11 1.05 1.05 1.07 0.99 1.00 1.00 0.91 0.82 0.74 0.66 0.59 0.59 0.61 0.61 0.56 0.49 0.40 0.32 0.29 0.33 0.38 0.39 0.34 0.33 0.36 0.39 0.44 0.58 0.75 0.86 0.91 0.95 1.00 1.04 1.04 1.04 1.04 1.01 1.01 1.03 1.03 0.97 0.85 0.78 0.78 0.81 0.80 0.72 0.64 0.58 0.55 0.56 0.57 0.57 0.57 0.59 0.61 0.62 0.63 0.63 0.63 0.63 0.63 0.63 0.64 0.64
0.60 0.53 0.45 0.45 0.46 0.49 0.51 0.52 0.52 0.53 0.54 0.53 0.50 0.49 0.59 0.77 0.97 1.02 1.00 1.08 1.17 1.08 1.03 1.02 0.95 0.89 0.83 0.72 0.62 0.61 0.62 0.62 0.60 0.54 0.45 0.34 0.25 0.23 0.27 0.29 0.27 0.26 0.29 0.33 0.38 0.47 0.64 0.80 0.90 0.95 0.99 1.02 1.04 1.05 1.10 1.10 1.06 1.04 1.06 1.05 1.00 0.92 0.88 0.87 0.87 0.81 0.72 0.66 0.63 0.62 0.62 0.57 0.52 0.52 0.56 0.57 0.58 0.59 0.60 0.60 0.61 0.62 0.62 0.63
0.69 0.64 0.57 0.54 0.53 0.53 0.54 0.54 0.54 0.53 0.53 0.50 0.44 0.39 0.39 0.49 0.70 0.79 0.80 0.97 1.11 1.12 1.11 1.07 1.00 0.96 0.95 0.85 0.71 0.67 0.63 0.62 0.62 0.58 0.50 0.40 0.28 0.20 0.19 0.20 0.21 0.21 0.23 0.27 0.32 0.37 0.47 0.64 0.80 0.92 0.99 1.02 1.04 1.02 1.04 1.09 1.11 1.10 1.08 1.05 1.02 0.97 0.92 0.92 0.93 0.90 0.83 0.76 0.73 0.73 0.75 0.70 0.57 0.48 0.48 0.50 0.50 0.52 0.53 0.56 0.57 0.58 0.60 0.61
0.79 0.73 0.66 0.63 0.60 0.58 0.57 0.57 0.56 0.56 0.55 0.50 0.43 0.39 0.38 0.44 0.57 0.68 0.75 0.87 0.96 1.03 1.10 1.10 1.06 1.05 1.06 1.00 0.88 0.80 0.71 0.64 0.60 0.58 0.55 0.46 0.34 0.21 0.15 0.16 0.18 0.19 0.21 0.24 0.28 0.33 0.41 0.54 0.70 0.87 1.00 1.06 1.10 1.09 1.04 1.02 1.07 1.11 1.12 1.09 1.04 0.99 0.94 0.91 0.92 0.93 0.89 0.84 0.81 0.81 0.84 0.86 0.79 0.61 0.52 0.50 0.48 0.46 0.46 0.48 0.49 0.52 0.55 0.58
0.89 0.82 0.74 0.73 0.72 0.69 0.65 0.61 0.60 0.62 0.61 0.56 0.50 0.45 0.43 0.45 0.54 0.65 0.71 0.78 0.87 0.95 0.98 1.04 1.11 1.12 1.14 1.14 1.08 0.97 0.84 0.71 0.61 0.59 0.60 0.53 0.39 0.25 0.17 0.15 0.17 0.19 0.22 0.24 0.27 0.32 0.37 0.47 0.59 0.75 0.92 1.05 1.13 1.19 1.18 1.09 1.04 1.06 1.11 1.13 1.09 1.04 1.00 0.98 0.94 0.94 0.92 0.86 0.83 0.87 0.89 0.91 0.94 0.88 0.76 0.68 0.59 0.50 0.47 0.47 0.44 0.43 0.48 0.53
0.99 0.93 0.84 0.82 0.81 0.79 0.75 0.70 0.71 0.77 0.79 0.76 0.71 0.65 0.58 0.53 0.55 0.63 0.66 0.71 0.83 0.95 0.89 0.89 1.07 1.19 1.19 1.22 1.28 1.16 0.96 0.81 0.66 0.63 0.68 0.60 0.43 0.30 0.22 0.17 0.17 0.21 0.24 0.27 0.30 0.34 0.38 0.45 0.54 0.65 0.77 0.90 1.01 1.12 1.22 1.23 1.15 1.09 1.10 1.14 1.14 1.08 1.03 1.03 1.02 0.99 0.97 0.90 0.83 0.87 0.94 0.94 0.94 0.96 0.91 0.83 0.74 0.63 0.59 0.59 0.52 0.40 0.39 0.46
1.03 0.99 0.94 0.91 0.91 0.92 0.96 0.93 0.93 0.94 0.95 0.88 0.79 0.75 0.73 0.66 0.61 0.64 0.67 0.70 0.80 0.93 0.87 0.75 0.89 1.13 1.20 1.22 1.37 1.37 1.09 0.92 0.73 0.72 0.78 0.67 0.50 0.38 0.31 0.25 0.23 0.24 0.27 0.31 0.35 0.38 0.41 0.46 0.53 0.62 0.72 0.82 0.90 0.99 1.11 1.23 1.26 1.20 1.15 1.17 1.21 1.18 1.07 1.03 1.03 1.01 1.00 0.97 0.87 0.85 0.95 1.02 0.97 0.94 0.96 0.94 0.87 0.76 0.66 0.66 0.65 0.51 0.38 0.38
1.05 1.01 0.98 1.00 1.01 1.04 1.05 1.04 0.96 0.90 0.93 0.92 0.83 0.81 0.82 0.76 0.68 0.67 0.75 0.84 0.88 0.90 0.83 0.70 0.71 0.95 1.14 1.18 1.33 1.42 1.21 1.06 0.89 0.83 0.88 0.75 0.56 0.46 0.42 0.39 0.31 0.25 0.27 0.32 0.36 0.40 0.44 0.47 0.51 0.59 0.71 0.85 0.94 0.97 1.02 1.12 1.23 1.27 1.23 1.21 1.26 1.31 1.23 1.10 1.06 1.01 0.96 0.96 0.93 0.86 0.89 1.02 1.05 0.99 0.98 0.99 0.96 0.88 0.74 0.68 0.69 0.64 0.48 0.37
1.09 1.04 1.01 0.99 0.95 0.91 0.88 0.88 0.88 0.87 0.91 0.93 0.86 0.84 0.87 0.83 0.71 0.66 0.83 1.01 1.07 0.97 0.78 0.67 0.63 0.74 0.97 1.16 1.40 1.51 1.30 1.15 1.05 1.00 1.00 0.83 0.62 0.55 0.51 0.49 0.45 0.39 0.32 0.32 0.36 0.42 0.46 0.48 0.51 0.56 0.66 0.79 0.93 1.02 1.04 1.07 1.16 1.25 1.25 1.19 1.21 1.32 1.34 1.23 1.15 1.10 0.98 0.91 0.91 0.89 0.90 1.01 1.11 1.08 1.03 1.00 0.98 0.95 0.86 0.76 0.70 0.68 0.59 0.45
1.08 1.06 1.00 0.95 0.89 0.85 0.83 0.84 0.86 0.87 0.92 0.94 0.86 0.83 0.91 0.90 0.74 0.66 0.82 1.08 1.28 1.19 0.80 0.63 0.63 0.65 0.77 1.00 1.36 1.66 1.55 1.22 1.09 1.13 1.15 0.96 0.76 0.67 0.63 0.60 0.61 0.60 0.51 0.39 0.40 0.43 0.45 0.48 0.52 0.56 0.62 0.71 0.84 0.98 1.05 1.08 1.13 1.22 1.26 1.18 1.14 1.23 1.34 1.35 1.29 1.27 1.18 0.99 0.88 0.87 0.89 0.97 1.08 1.10 1.08 1.05 1.01 0.99 0.95 0.85 0.76 0.71 0.65 0.54
1.07 1.02 0.97 0.95 0.92 0.89 0.89 0.91 0.91 0.91 0.96 1.05 0.95 0.86 0.92 0.95 0.77 0.65 0.79 1.12 1.46 1.54 1.10 0.68 0.66 0.67 0.62 0.67 0.94 1.45 1.73 1.50 1.19 1.15 1.16 1.09 0.96 0.81 0.71 0.67 0.64 0.62 0.58 0.53 0.49 0.46 0.45 0.47 0.51 0.55 0.60 0.68 0.79 0.92 1.03 1.07 1.11 1.21 1.30 1.27 1.19 1.20 1.29 1.34 1.35 1.38 1.37 1.25 1.03 0.88 0.84 0.89 1.00 1.08 1.11 1.11 1.07 1.04 1.04 1.01 0.88 0.77 0.69 0.61
1.17 1.08 0.98 0.97 0.95 0.90 0.88 0.91 0.97 0.98 1.02 1.12 1.09 0.96 0.99 1.00 0.79 0.68 0.87 1.17 1.52 1.78 1.58 0.95 0.73 0.76 0.67 0.61 0.63 0.94 1.48 1.69 1.45 1.18 1.08 1.01 0.96 0.89 0.76 0.69 0.64 0.60 0.60 0.60 0.57 0.53 0.50 0.52 0.55 0.57 0.60 0.65 0.76 0.90 1.02 1.06 1.09 1.18 1.31 1.34 1.28 1.25 1.31 1.33 1.32 1.37 1.44 1.44 1.33 1.13 1.00 0.98 1.02 1.09 1.15 1.17 1.12 1.06 1.07 1.11 1.08 0.91 0.74 0.65
