windninja/windninja_output/Output_2025-08-09_0600-0650_Google earth_Fire_150m_10min/merlingen_7.5mi_point_08-09-2025_0640_150m_ang.asc
ncols	158
nrows	163
xllcorner	391686.332397
yllcorner	5160024.123721
cellsize	150.000000
NODATA_value	-32768.000000
[rows 84 to 125 of 163, columns 0 to 93 of 158]
242 238 237 241 240 238 235 233 234 233 232 233 235 238 241 242 241 242 243 242 241 239 236 233 228 226 228 228 228 229 229 229 229 231 234 237 238 237 235 232 229 227 226 226 227 227 227 228 230 229 227 226 226 227 230 232 233 233 234 234 234 234 234 234 234 234 234 235 235 235 235 235 235 235 236 236 235 234 231 225 209 202 211 228 250 256 256 254 253 253 252 250 248 245
244 244 245 246 246 243 239 238 239 238 236 234 235 237 239 239 240 242 244 244 245 243 240 236 232 228 229 230 230 230 229 228 227 227 230 233 235 237 237 236 232 230 229 230 232 234 235 238 239 238 235 232 231 229 230 232 233 234 234 234 234 234 234 234 234 234 234 235 235 235 235 235 235 236 236 236 235 234 232 226 209 199 211 239 255 256 253 252 251 252 252 251 249 247
249 249 249 251 250 246 241 238 239 240 237 234 235 236 237 238 239 242 245 248 249 249 248 245 235 225 226 229 231 230 229 229 227 224 225 226 227 229 232 235 235 232 230 230 232 234 236 239 241 241 239 237 235 233 232 233 234 235 235 235 234 234 234 234 234 234 234 234 235 235 235 235 236 236 236 236 236 235 233 229 216 202 215 247 256 255 253 252 250 250 250 250 250 249
253 253 253 252 248 242 236 233 235 237 236 234 235 235 236 237 236 240 243 246 247 246 246 243 224 212 218 224 227 228 229 230 229 227 227 226 224 225 227 228 230 230 230 230 231 233 236 238 239 240 240 239 237 236 236 236 237 237 236 236 235 234 234 234 234 234 234 234 235 235 235 235 236 236 236 236 236 236 236 235 229 221 237 256 256 253 252 252 251 251 252 253 254 251
255 254 250 244 236 230 228 228 231 235 235 233 233 231 231 231 232 236 239 240 238 233 229 220 204 200 212 221 225 226 228 229 230 231 233 233 230 227 227 228 228 227 228 229 229 231 234 236 237 236 236 237 236 236 236 237 239 240 240 238 236 234 233 233 234 234 234 234 235 235 235 236 236 236 237 237 237 238 239 240 242 251 275 276 266 256 252 251 251 254 256 257 256 253
253 249 241 236 231 227 227 228 229 232 234 231 227 227 227 227 228 232 235 235 229 220 216 209 198 197 211 220 224 226 227 228 229 230 232 236 235 234 233 233 232 230 228 228 229 231 232 234 235 235 233 232 231 231 231 232 235 239 243 243 237 234 233 233 233 234 234 234 235 235 235 236 236 236 237 237 238 239 241 243 246 257 279 286 280 271 263 257 256 259 260 258 254 251
249 244 237 235 235 232 228 226 223 225 230 228 222 223 224 224 224 227 231 233 224 212 209 207 199 199 211 220 224 226 228 229 230 229 231 233 234 234 234 234 235 234 232 231 231 232 233 234 235 235 234 232 230 228 227 229 232 235 240 240 234 231 232 232 233 234 234 234 235 235 236 236 236 237 237 238 239 240 242 244 248 256 270 281 281 279 274 268 265 266 262 254 252 253
243 237 228 226 225 224 220 216 215 220 227 224 216 216 216 215 217 220 226 231 219 206 208 207 202 203 213 221 224 227 229 230 231 231 231 232 231 231 231 231 232 233 233 234 234 234 235 236 237 237 236 235 233 229 224 225 228 229 231 230 225 226 230 232 233 234 234 235 235 235 236 236 237 237 238 239 240 241 242 245 248 254 264 272 276 277 276 272 270 268 260 253 257 258
235 227 217 214 214 210 202 198 201 211 220 218 212 212 213 213 212 212 216 218 214 203 209 210 206 208 217 223 226 229 231 232 233 232 232 232 231 231 231 231 231 231 233 235 236 236 237 239 241 242 242 241 237 232 224 222 226 228 230 228 224 224 228 231 233 234 234 235 235 235 236 236 237 237 238 239 240 241 243 245 248 253 261 270 274 276 275 274 271 265 257 258 262 263
226 219 211 209 209 206 200 194 194 205 212 208 201 199 200 204 202 201 210 218 215 203 207 211 209 214 221 225 228 230 233 235 237 235 233 232 232 232 231 231 229 229 232 234 235 237 239 240 242 243 245 245 239 233 228 229 235 237 236 233 229 226 228 231 233 234 234 235 235 236 236 237 237 238 238 239 240 241 243 245 248 252 257 265 272 274 275 274 270 262 257 260 263 263
213 211 208 209 210 208 204 197 193 202 209 206 200 197 197 202 205 207 218 224 217 208 208 212 213 219 223 226 228 231 235 238 240 237 234 233 233 233 232 230 226 225 228 230 230 232 234 236 238 239 240 240 232 229 231 237 244 245 241 238 234 230 230 232 234 234 235 235 236 236 236 237 237 238 239 240 241 242 243 245 247 250 254 259 265 269 271 270 265 261 259 259 259 260
195 202 207 210 214 213 208 200 194 202 213 214 211 211 211 220 222 231 233 228 220 219 219 223 223 225 226 227 228 229 233 236 237 235 233 234 235 234 233 231 227 222 224 226 225 224 226 228 230 231 232 231 225 225 231 236 240 243 241 239 236 233 232 234 234 235 235 236 236 236 237 237 238 238 239 240 241 242 243 245 247 249 252 255 258 261 263 263 261 259 258 257 257 257
169 191 206 209 214 214 211 206 204 217 235 234 231 231 237 245 245 249 243 225 226 232 235 239 237 232 229 229 229 228 231 234 235 234 234 236 237 236 235 233 229 224 224 225 224 222 221 222 224 227 229 230 227 225 231 236 239 241 241 240 238 235 234 235 236 236 236 236 237 237 237 238 238 239 239 240 241 242 243 244 246 248 250 252 254 256 257 257 257 256 255 255 255 255
149 175 203 210 219 221 219 216 218 229 243 247 249 244 248 251 255 255 243 228 230 238 245 251 245 233 229 229 230 233 238 240 239 238 238 239 241 240 238 235 232 227 224 228 229 226 226 227 230 233 233 232 231 228 231 235 239 241 242 242 240 238 238 238 237 237 237 237 237 237 238 238 239 239 240 241 241 242 243 244 246 247 248 250 251 253 253 254 254 254 253 253 253 253
132 155 207 223 232 232 229 228 229 233 242 254 265 266 264 264 262 256 244 235 233 238 244 246 231 220 224 230 235 241 246 246 245 243 241 242 245 245 243 238 234 229 225 229 233 235 237 239 240 238 236 234 233 231 232 234 236 237 239 240 240 241 242 242 241 240 239 239 238 238 238 239 239 240 240 241 242 243 243 244 245 246 247 249 250 250 251 252 252 252 252 252 252 252
117 136 229 242 249 250 249 247 245 244 248 254 260 268 270 267 263 256 247 239 233 235 237 234 220 217 227 234 240 245 248 249 249 248 245 244 244 245 246 243 238 232 227 226 231 234 236 238 237 235 234 233 231 230 231 232 233 235 236 236 235 238 241 244 245 244 242 240 239 239 239 240 240 241 241 242 242 243 244 244 245 246 247 248 248 249 250 250 250 250 251 251 251 251
131 156 234 248 254 257 259 259 256 253 254 255 257 264 269 265 261 258 247 237 236 240 240 233 227 228 234 239 244 248 251 254 256 256 253 250 247 245 246 245 240 235 229 225 228 231 233 234 234 232 232 231 229 229 229 229 230 233 234 233 231 233 235 239 242 244 244 242 240 240 240 241 241 242 242 243 243 244 244 245 245 246 247 247 248 248 249 249 249 249 249 249 250 250
162 188 233 247 252 255 258 258 258 257 255 253 251 251 253 252 249 246 238 236 244 248 243 237 236 238 242 245 248 252 255 259 262 264 265 262 257 252 250 247 242 237 232 226 227 231 234 233 232 231 230 229 228 229 230 229 228 230 231 231 231 232 233 235 238 239 241 242 241 242 243 243 243 243 244 244 244 245 245 246 246 246 247 247 247 248 248 248 248 248 249 249 249 249
193 209 234 244 248 252 254 255 255 254 252 250 245 238 233 233 235 233 228 235 244 243 240 240 241 243 247 251 253 255 257 260 263 266 270 272 270 264 259 253 247 241 235 228 225 227 229 228 228 228 229 229 228 228 229 228 227 228 229 228 228 228 231 233 236 237 237 238 240 243 246 248 247 246 246 246 246 246 247 247 247 247 247 247 247 247 247 248 248 248 248 248 248 248
212 220 233 240 244 247 250 251 252 252 251 249 244 238 234 235 236 233 233 240 242 237 239 243 243 244 249 253 255 257 259 260 261 265 269 274 279 277 270 263 257 249 241 232 224 223 226 226 226 227 228 228 228 226 226 226 226 227 227 227 226 225 227 231 234 235 234 235 235 239 245 250 251 250 249 249 249 249 249 248 248 248 248 248 247 247 247 247 247 247 247 248 248 247
221 225 232 238 243 247 250 251 252 254 254 253 252 254 257 257 252 247 249 251 244 238 239 242 241 242 245 249 252 257 261 261 262 264 266 271 278 283 280 273 265 258 249 238 227 223 226 226 225 226 227 227 227 227 226 225 225 225 227 228 227 226 227 229 232 232 231 230 230 233 239 245 250 255 256 256 256 254 253 251 251 250 249 249 248 248 247 247 247 247 247 247 247 247
228 229 233 238 243 247 250 251 252 255 258 261 265 267 269 269 266 262 258 253 246 242 241 239 238 238 242 245 248 254 259 261 263 262 263 267 274 280 282 277 270 262 253 244 228 218 220 222 221 222 224 224 224 225 227 226 225 225 226 228 228 227 228 231 232 232 231 227 226 230 235 237 241 247 253 257 260 260 259 258 256 254 251 250 249 248 248 248 248 247 247 247 247 247
231 231 232 235 240 243 246 248 249 251 253 254 257 259 263 265 264 261 255 248 244 245 243 236 235 236 238 241 245 251 255 259 259 257 258 264 271 275 278 278 272 261 252 244 225 210 210 215 217 219 221 221 221 223 224 225 225 226 226 227 227 227 228 229 230 231 231 228 225 228 232 234 236 237 241 247 252 255 257 260 262 260 255 252 250 249 249 248 248 248 248 247 247 247
232 230 230 233 237 239 241 240 238 238 238 238 239 243 249 255 257 255 251 245 243 245 243 234 231 232 234 235 239 248 252 255 252 247 253 263 269 268 269 273 271 259 249 236 215 196 192 202 210 215 221 222 221 222 222 223 223 225 226 227 227 228 228 228 228 229 229 228 225 226 230 233 235 236 238 242 245 247 248 252 258 262 260 256 252 250 249 249 249 248 248 248 248 247
231 229 229 231 232 231 229 226 225 228 233 236 237 239 243 247 249 248 244 242 243 246 244 234 228 229 231 228 233 244 249 250 244 239 252 263 264 258 257 260 259 251 243 226 203 187 174 183 198 208 217 221 222 222 222 222 223 223 224 224 225 227 228 228 229 229 228 228 225 224 227 231 235 237 238 239 241 243 245 248 251 256 262 261 256 252 251 250 249 249 249 249 248 248
231 229 227 227 225 224 224 225 227 232 237 239 237 238 242 244 243 236 232 236 243 248 245 236 227 225 227 225 232 243 245 242 238 236 252 262 257 250 248 247 240 242 246 221 191 180 163 163 182 199 209 215 218 220 221 222 222 223 223 221 222 225 227 226 229 231 230 228 226 223 225 231 234 236 237 238 239 241 244 247 249 252 256 261 260 256 253 251 251 250 250 250 250 249
230 228 227 227 228 230 233 235 237 238 239 240 237 237 240 243 239 225 222 230 240 249 247 237 227 223 224 223 230 239 242 238 234 235 249 257 251 245 243 234 224 227 236 217 170 167 159 152 164 185 199 209 214 217 219 220 221 223 224 222 221 224 226 225 227 230 231 230 227 224 223 229 233 234 236 238 240 241 242 245 249 251 253 256 260 260 257 254 253 252 252 252 252 252
228 228 230 232 235 237 239 239 239 238 238 241 240 237 239 242 236 214 213 225 235 246 248 235 227 224 222 218 223 231 238 238 232 233 243 248 245 241 234 221 212 216 222 212 170 153 151 144 149 168 187 201 210 216 218 218 219 222 225 223 221 224 225 224 224 226 228 229 228 225 224 228 233 234 235 238 239 239 241 244 247 250 252 252 254 257 258 258 257 256 256 256 256 255
232 233 234 236 237 237 236 235 236 234 233 236 238 235 237 241 234 207 205 216 226 236 243 232 223 228 227 221 220 225 231 235 232 234 243 244 240 236 226 216 212 216 221 216 188 157 147 139 137 149 171 190 203 213 217 216 216 220 223 223 221 222 224 224 223 223 225 226 226 226 226 230 234 234 235 237 237 237 238 240 245 249 250 250 250 250 253 256 257 258 260 261 259 257
235 235 236 237 237 237 235 233 231 229 227 231 234 231 234 240 232 199 193 205 216 228 236 233 224 232 233 231 227 223 226 230 234 241 250 250 243 235 224 216 213 214 218 218 200 170 153 145 139 138 152 174 193 207 214 215 215 217 221 222 220 219 222 224 222 222 223 223 223 223 223 228 231 232 233 236 237 236 236 237 241 246 248 249 249 246 247 250 251 255 261 263 259 256
233 233 234 235 234 235 234 233 230 227 226 230 230 226 230 238 230 190 179 195 208 220 228 231 227 227 228 228 230 226 222 227 234 243 252 254 245 235 223 212 205 203 208 211 201 178 163 158 152 143 142 155 178 199 210 214 213 215 219 221 220 217 219 223 222 220 221 222 222 221 221 225 230 231 231 234 236 237 236 236 239 242 242 242 243 239 240 244 244 251 257 257 254 252
230 230 231 231 230 230 230 230 229 228 229 229 225 220 227 236 230 191 172 188 203 213 218 221 224 223 221 219 223 222 214 220 230 240 247 244 235 226 218 206 197 196 202 206 201 184 171 166 163 154 146 147 162 187 206 213 214 214 217 220 219 217 218 222 221 219 220 221 222 222 221 224 229 233 233 233 235 237 237 236 239 241 239 237 236 231 232 238 242 250 254 250 246 244
227 228 229 229 229 228 227 226 227 229 231 229 219 214 224 236 233 198 172 180 197 204 206 213 218 221 218 217 225 219 204 209 222 233 241 236 222 212 207 200 192 194 200 205 203 192 180 170 166 162 154 149 154 174 198 211 214 214 216 219 219 217 218 221 221 218 218 220 221 221 221 221 225 230 234 236 236 236 237 238 241 244 241 235 232 228 228 234 242 249 249 245 239 238
225 228 230 231 230 229 225 222 222 226 231 228 214 210 223 236 237 204 169 169 184 193 197 204 210 213 213 214 221 218 206 206 213 223 225 217 206 199 197 194 191 194 200 203 205 197 183 171 167 167 163 157 155 165 188 207 213 213 215 218 218 216 217 220 220 218 217 219 220 220 220 219 221 224 229 233 235 235 236 237 241 245 241 234 231 228 228 233 241 244 243 239 235 236
227 228 230 231 231 228 223 220 222 225 230 228 212 207 221 233 237 216 166 156 166 182 192 198 203 206 204 204 211 214 211 204 204 213 216 212 203 194 191 191 193 196 199 203 204 197 185 176 172 172 171 164 159 162 180 201 211 213 214 217 217 215 215 218 217 215 215 217 219 220 219 218 218 221 225 228 230 232 234 235 238 242 240 233 231 230 230 234 239 239 237 234 231 236
228 227 228 232 232 227 223 224 227 227 229 229 214 206 218 230 236 230 180 146 142 167 189 198 201 202 199 200 206 208 205 199 199 210 218 218 212 199 195 196 197 198 199 199 198 196 190 181 177 176 176 169 162 162 173 196 210 214 214 216 217 215 215 217 216 215 215 215 218 220 220 218 217 218 222 225 226 229 233 236 239 241 239 234 233 233 232 234 236 236 233 230 228 234
227 226 226 231 233 230 229 231 233 230 229 232 220 205 213 226 235 235 212 158 127 133 177 199 205 205 205 206 207 206 206 204 208 218 224 224 218 210 205 205 205 203 201 200 200 198 194 187 182 180 179 175 167 164 171 191 208 213 214 215 217 215 217 221 224 227 226 221 221 222 221 219 218 218 220 222 224 226 231 236 239 241 239 235 235 235 233 233 234 233 232 229 225 231
224 223 221 222 223 224 227 232 237 232 228 235 227 203 206 220 232 237 229 203 145 97 92 209 218 213 209 210 213 215 216 219 222 224 227 226 223 221 215 212 212 210 210 209 209 206 202 196 190 187 184 179 171 167 171 186 204 212 213 215 218 218 223 230 235 242 247 243 232 226 223 221 220 220 219 219 221 223 227 232 235 238 237 234 234 233 231 231 232 233 231 226 223 229
218 217 214 212 213 213 216 223 230 230 228 238 233 202 200 214 229 236 235 226 213 108 42 12 299 245 221 218 221 221 219 224 227 226 231 229 226 226 218 211 214 218 220 219 217 215 212 206 198 193 189 183 175 170 172 183 201 211 213 218 223 226 231 233 232 235 241 246 246 238 230 226 224 222 219 217 218 220 223 226 229 233 234 231 231 229 227 226 229 231 228 221 222 232
215 216 215 210 210 212 213 218 224 226 227 241 241 209 201 216 229 234 236 237 237 237 313 4 357 339 303 249 232 220 214 224 230 229 233 231 226 226 222 211 209 216 221 222 219 216 214 205 198 195 191 187 179 173 174 182 201 216 222 225 227 229 230 228 226 228 231 233 239 244 241 235 230 226 223 219 217 218 220 221 223 227 229 227 227 227 224 223 227 230 226 219 221 234
216 217 216 212 211 214 215 216 222 222 225 239 245 223 212 223 231 231 232 237 243 246 243 256 320 359 17 171 201 199 206 224 231 230 233 233 227 227 225 214 207 210 218 223 221 217 211 204 195 193 192 190 184 176 177 187 204 221 229 229 226 225 223 221 223 226 228 229 232 237 247 251 247 239 231 225 219 218 219 218 219 223 226 226 226 226 221 221 228 230 226 218 221 234
212 213 213 209 207 211 214 215 219 218 221 234 241 234 229 236 234 228 225 227 233 241 239 224 205 177 156 166 177 186 200 222 231 230 233 235 229 227 226 218 210 207 213 223 225 220 213 203 194 193 194 194 188 181 180 188 201 213 220 219 216 218 218 217 221 225 227 228 230 231 237 250 259 259 251 239 230 225 224 222 221 225 227 225 225 224 219 219 226 229 224 217 222 234
