windninja/windninja_output/Output_2025-08-09_0600-0650_Google earth_Fire_150m_10min/merlingen_7.5mi_point_08-09-2025_0630_150m_ang.asc
ncols	158
nrows	163
xllcorner	391686.332397
yllcorner	5160024.123721
cellsize	150.000000
NODATA_value	-32768.000000
[rows 0 to 41 of 163, columns 0 to 93 of 158]
242 242 243 241 242 244 243 239 239 240 238 232 225 223 229 239 249 253 255 261 262 246 234 234 240 246 246 240 238 238 238 239 241 240 239 243 248 250 250 248 244 242 243 245 247 249 253 253 246 240 236 234 233 234 234 234 234 235 237 236 234 232 232 230 227 225 226 230 234 235 234 233 231 229 229 230 231 234 236 235 233 230 231 235 236 235 231 231 232 230 228 229 228 226
242 243 244 243 244 245 243 242 244 243 240 231 223 224 230 238 245 248 252 256 255 245 236 236 240 243 242 240 240 240 240 241 241 240 241 244 245 245 246 244 242 242 241 242 244 244 246 246 244 241 239 238 237 237 236 235 235 235 236 236 234 233 232 230 228 227 229 232 234 235 233 232 231 230 230 230 231 233 234 233 231 231 232 234 235 235 231 231 232 231 231 231 230 229
240 243 243 243 246 244 242 243 246 245 239 228 221 225 232 238 241 243 246 248 246 242 240 239 240 240 239 240 241 242 242 243 242 242 243 242 241 240 240 239 239 240 239 240 240 239 238 237 237 238 239 239 239 238 237 236 235 234 234 234 233 232 231 231 230 230 231 234 235 234 232 231 231 231 231 230 229 232 233 230 227 229 233 232 233 233 228 228 230 231 232 233 231 229
237 240 241 241 243 242 240 241 241 239 233 222 221 227 235 241 242 242 243 243 242 241 239 239 239 237 235 235 236 237 238 240 242 243 242 241 240 240 239 238 237 237 237 238 237 236 235 234 232 232 233 233 233 234 234 234 235 235 234 233 232 231 231 231 230 230 232 234 236 234 231 231 232 232 232 231 230 232 233 229 224 227 231 230 232 232 225 223 224 225 226 228 227 225
236 239 240 239 241 240 240 243 242 237 230 222 221 229 239 244 244 244 243 242 242 243 241 238 239 236 233 231 230 230 232 234 237 239 239 239 239 239 238 237 235 234 235 235 235 234 234 233 232 231 231 231 232 233 234 234 235 235 235 234 233 232 231 231 231 231 232 235 236 234 231 232 233 233 232 233 234 235 234 230 226 228 231 229 231 233 227 221 221 220 220 223 222 219
240 242 241 240 241 241 243 245 244 238 232 226 224 233 243 246 245 245 244 244 244 246 246 242 241 239 235 232 230 229 229 231 233 233 233 234 235 235 235 234 232 233 235 235 234 234 234 233 233 232 231 231 232 234 235 235 235 235 234 234 233 231 230 231 231 231 231 234 235 232 230 233 234 232 230 231 233 235 234 230 229 232 233 231 231 233 230 226 225 221 219 220 218 214
243 245 246 244 243 243 244 245 242 238 234 230 229 237 246 247 245 243 242 242 244 246 248 247 245 243 240 237 234 231 231 233 233 231 230 231 232 232 232 232 232 234 236 237 237 237 236 235 234 232 231 231 232 233 235 236 236 235 234 233 231 228 227 229 230 230 231 234 234 230 227 230 231 228 226 228 230 231 229 227 230 232 232 232 232 234 234 233 233 229 226 224 221 218
243 245 247 249 249 247 247 245 242 240 237 234 232 238 246 247 245 243 241 240 242 244 244 245 247 246 244 241 238 235 236 237 235 234 234 234 233 233 234 234 235 236 237 238 239 238 237 236 234 232 232 232 231 231 234 236 235 235 233 231 229 226 225 226 227 229 231 233 233 229 227 229 229 227 226 228 231 231 226 226 232 233 230 229 230 231 232 232 232 232 234 234 232 230
244 245 247 249 252 251 250 246 244 242 241 239 236 239 245 246 245 244 242 241 243 243 242 241 241 241 242 241 238 238 241 241 238 238 239 240 238 237 237 238 238 239 240 240 240 239 238 237 235 232 232 234 232 232 235 236 234 233 232 231 230 228 226 227 228 229 231 231 230 228 229 232 232 229 228 229 232 231 226 228 235 236 230 226 225 225 225 225 223 220 220 223 227 226
245 246 247 248 249 250 249 247 246 245 244 243 242 243 247 246 245 244 243 241 242 242 240 238 236 235 236 239 238 239 243 242 240 240 242 241 240 239 239 240 240 240 240 240 241 240 239 239 237 234 235 236 234 235 238 238 236 235 235 234 235 234 232 232 233 234 233 231 228 228 231 234 234 232 230 231 233 231 226 228 232 233 231 227 227 225 223 223 218 214 214 216 218 216
245 246 248 248 248 248 247 247 246 246 245 245 245 247 250 249 247 246 245 243 242 240 239 237 234 232 230 234 237 240 243 243 241 244 244 242 240 240 240 240 240 240 240 240 241 242 241 240 240 238 241 240 238 240 243 243 243 242 242 241 242 242 241 242 244 242 239 234 229 230 234 235 233 231 230 232 234 234 228 227 228 229 228 228 230 228 227 228 223 217 219 222 221 218
246 247 248 248 247 248 248 247 247 246 246 246 247 248 252 252 250 248 248 247 246 243 241 237 234 232 229 233 239 242 244 245 245 246 246 244 242 241 241 241 240 241 240 239 240 241 241 243 244 246 250 251 251 253 254 254 251 250 249 249 251 253 255 258 259 255 249 241 234 234 235 234 232 229 227 227 228 229 226 225 226 226 225 224 225 223 225 231 226 217 223 230 227 222
247 248 248 248 247 248 248 248 247 247 247 247 247 248 253 256 256 252 250 249 249 247 244 240 237 234 233 236 242 245 246 246 246 247 246 245 245 244 243 242 241 241 239 238 239 239 239 241 247 252 257 259 261 263 265 265 260 255 252 254 258 261 266 273 275 271 264 255 245 240 237 234 232 228 223 221 222 223 222 220 223 225 224 224 223 220 224 229 223 215 224 232 230 226
248 248 249 248 248 248 248 248 248 248 248 248 247 246 252 258 260 259 255 252 250 248 246 244 240 237 236 238 241 243 246 247 248 247 245 245 245 245 244 243 243 243 243 244 246 245 241 239 243 249 254 257 258 261 266 270 268 260 251 250 254 258 261 267 273 275 274 274 271 256 242 238 235 229 223 223 226 227 225 223 225 226 226 228 227 224 227 231 226 221 229 237 236 235
249 249 249 249 249 249 249 248 248 248 248 248 247 245 248 254 259 261 260 256 252 250 247 244 242 239 237 238 240 241 244 248 248 247 245 245 244 244 244 246 248 248 249 253 254 251 249 243 239 241 245 248 248 251 254 259 261 256 245 243 247 249 250 250 252 257 263 270 281 285 260 245 239 233 228 230 234 235 234 234 235 233 232 234 233 231 234 235 232 231 240 247 247 247
249 249 249 250 250 250 250 249 249 249 249 249 248 247 248 251 253 254 256 256 253 249 246 243 242 241 239 238 239 240 242 244 243 242 244 247 248 248 248 249 251 249 249 250 249 246 247 248 243 239 239 237 236 237 238 239 241 240 235 239 243 245 244 239 237 242 247 252 260 278 287 264 249 239 234 235 236 238 239 241 240 238 239 240 239 239 241 242 239 239 244 250 251 251
249 249 250 250 250 250 250 250 250 250 250 250 250 251 253 254 252 250 249 250 250 247 244 242 242 241 239 237 238 239 241 242 240 242 246 250 253 252 249 248 247 244 243 243 241 240 240 241 242 242 239 234 231 232 233 233 234 232 229 235 241 243 241 235 234 239 242 244 246 249 265 277 267 254 243 238 236 238 240 241 238 238 241 244 246 248 247 247 250 247 243 243 243 244
250 250 250 250 250 250 250 250 250 250 250 250 251 253 256 258 255 251 249 248 247 246 245 244 244 242 240 240 241 242 243 242 240 241 244 246 247 246 243 242 241 241 242 242 240 240 239 236 236 239 240 237 234 234 233 233 233 231 228 232 238 240 238 233 234 238 240 241 241 241 244 252 261 262 254 243 238 239 243 243 242 243 244 245 247 249 249 248 250 252 247 241 239 240
250 250 250 250 250 250 250 251 250 250 250 250 251 253 255 258 257 254 251 249 248 247 247 247 246 245 243 243 244 245 244 240 238 238 240 242 243 243 242 242 242 242 242 242 240 240 240 238 236 238 240 240 238 235 234 233 233 232 230 232 237 239 236 233 234 237 240 240 239 239 238 235 239 246 250 251 251 252 252 251 251 252 250 245 242 241 241 242 245 248 248 243 241 240
251 251 251 251 251 251 251 251 251 251 250 250 251 252 253 256 256 254 252 250 248 247 247 246 245 244 243 243 243 243 241 237 237 239 242 244 244 244 242 241 240 238 239 238 238 239 240 239 238 240 241 241 240 237 234 232 232 232 232 234 237 239 238 237 237 240 241 239 237 236 233 228 230 233 234 238 247 253 254 253 253 252 249 243 239 237 237 238 242 245 242 237 240 241
252 252 252 251 251 251 251 251 251 251 251 251 251 251 252 252 253 252 250 248 247 246 245 244 244 243 242 242 241 240 237 234 235 238 240 241 241 239 236 236 235 235 237 237 238 239 240 238 238 240 241 240 240 239 237 235 233 232 233 234 236 239 240 239 238 240 239 237 236 234 229 227 230 233 231 225 227 234 240 245 246 246 244 241 238 238 237 237 242 244 239 231 235 240
252 252 252 252 252 252 251 251 251 251 251 251 251 251 250 250 250 249 248 247 246 245 244 243 242 242 241 240 240 238 234 231 233 235 236 235 236 235 233 233 233 234 235 237 239 241 241 239 237 238 239 238 238 239 239 238 237 235 233 233 234 237 240 238 238 239 237 236 236 232 228 227 230 235 233 222 218 223 230 235 239 240 241 240 236 236 235 236 241 242 235 224 228 236
252 252 252 252 252 252 252 251 251 251 251 250 250 250 250 249 249 248 247 246 245 244 243 242 241 240 239 239 238 237 233 230 232 236 236 237 238 236 235 234 234 234 235 237 239 240 239 237 236 236 238 238 238 238 238 238 238 236 233 232 234 237 240 238 238 237 234 234 233 229 227 227 231 235 232 218 212 219 225 229 231 232 235 237 235 233 231 234 238 238 232 219 222 233
253 253 253 253 253 252 252 252 251 251 251 250 249 249 249 248 248 247 246 245 243 242 241 240 239 238 237 238 239 238 236 233 236 238 239 240 241 239 238 236 235 234 235 237 239 238 235 235 236 236 238 239 238 238 237 236 237 236 231 231 234 238 241 242 240 236 233 233 232 230 228 229 234 235 229 218 211 219 225 227 228 228 231 233 233 233 233 235 238 238 231 218 223 234
253 253 253 253 253 253 252 252 252 252 251 250 250 249 248 247 247 246 245 244 243 242 240 239 237 236 235 237 241 242 240 239 240 240 240 240 239 240 240 238 236 234 234 236 237 235 233 235 236 238 239 239 238 237 236 235 235 234 231 232 235 239 243 244 241 238 236 234 233 233 234 235 237 235 228 219 219 226 229 228 228 227 226 228 230 233 235 238 241 240 229 217 224 233
254 254 254 254 253 253 252 252 253 252 251 250 250 249 248 247 246 246 245 244 242 241 240 237 235 232 231 235 241 243 242 243 243 240 238 236 236 239 242 240 237 235 235 238 238 234 233 235 236 237 238 239 240 240 238 234 232 231 232 235 239 243 244 241 235 232 231 230 231 234 238 241 240 234 224 217 224 233 232 227 227 225 222 223 226 228 227 231 239 240 227 213 221 230
254 254 254 254 254 253 253 253 253 252 251 250 250 249 248 247 246 245 244 243 242 240 238 235 233 228 226 233 239 240 241 244 247 245 241 235 234 238 241 239 236 236 237 239 237 231 231 233 235 235 234 237 240 240 239 232 227 229 233 236 243 250 248 240 232 229 225 224 227 232 239 243 239 232 220 213 223 233 234 228 227 226 223 222 225 225 221 223 233 236 226 211 217 226
255 255 255 255 254 254 253 254 253 251 251 250 250 249 248 247 246 245 243 242 241 239 237 234 230 225 224 230 235 235 237 242 246 247 246 240 236 238 241 239 236 237 237 236 232 227 226 230 233 233 230 232 234 236 236 226 220 226 231 235 244 250 248 240 235 230 225 222 226 233 240 241 235 228 216 209 220 231 233 229 230 228 226 226 228 226 221 221 230 232 226 214 215 223
255 255 255 255 255 254 254 254 253 251 251 250 249 249 248 247 246 244 243 242 240 239 236 233 229 223 222 227 229 228 231 236 240 241 243 240 236 238 240 236 232 233 233 232 229 224 224 227 231 230 226 228 231 233 232 218 211 222 232 239 245 245 240 234 232 230 223 222 229 237 240 237 230 224 215 211 221 233 235 233 232 229 230 233 235 232 228 227 231 231 227 221 218 224
256 256 256 255 255 255 255 254 253 252 251 250 249 248 247 246 245 244 243 242 240 238 236 233 228 223 222 225 225 222 225 230 233 236 236 229 226 233 236 232 227 227 225 226 224 221 223 224 227 225 220 223 227 229 227 215 209 223 235 244 248 243 236 231 231 230 223 223 235 243 243 236 229 223 216 214 222 233 238 239 237 233 235 238 239 237 234 234 233 230 228 226 225 228
257 257 256 255 255 255 255 254 253 252 251 250 249 248 247 246 245 243 242 241 240 237 235 232 228 224 224 225 224 223 226 230 232 234 232 221 219 229 233 229 225 224 222 223 222 219 222 224 227 224 220 222 226 228 227 217 215 229 241 247 248 242 237 234 234 233 226 227 241 248 248 240 233 226 216 214 218 227 235 239 238 232 235 240 238 234 233 233 232 230 229 230 232 238
257 257 256 256 256 256 255 253 252 251 250 250 249 248 247 246 245 244 242 241 239 237 235 232 229 226 225 224 223 226 232 235 235 236 233 219 218 230 233 229 226 225 225 226 225 223 226 230 232 231 230 230 231 232 229 219 221 234 246 251 247 236 231 233 237 236 229 230 243 249 246 239 235 226 215 213 216 222 231 236 234 227 230 238 239 238 238 237 236 236 235 234 236 242
258 258 257 256 257 256 254 253 252 251 250 249 248 247 246 245 244 243 243 242 240 238 235 233 231 228 224 221 218 220 228 233 234 238 237 223 220 234 235 231 230 229 228 230 229 229 233 236 235 236 238 237 236 236 231 222 223 233 243 249 246 233 224 229 236 238 231 231 240 244 240 233 230 222 214 212 213 219 228 234 232 226 229 236 240 243 245 243 240 240 240 239 239 242
258 258 257 257 258 256 254 253 252 251 250 249 248 247 246 244 243 243 242 241 240 238 235 233 231 228 224 219 214 217 226 231 233 236 238 227 221 234 234 231 231 230 229 231 232 235 238 238 237 239 240 240 240 239 234 229 229 234 238 242 241 229 217 223 233 236 234 235 240 240 235 228 226 220 213 211 211 215 224 229 228 226 229 234 235 235 239 239 236 236 237 239 241 243
258 258 257 258 258 256 254 253 252 251 250 249 248 247 245 244 243 243 241 240 240 238 236 234 232 228 224 220 216 222 232 235 234 236 236 228 219 229 231 229 230 230 232 235 237 241 242 240 240 242 242 242 242 241 240 238 239 240 240 240 238 228 214 219 230 234 237 239 244 242 235 228 226 221 216 213 212 216 223 226 225 224 226 231 232 229 232 234 232 231 232 234 238 243
259 259 258 258 257 255 253 252 252 251 250 249 248 246 245 244 243 242 241 240 240 238 237 236 234 231 226 222 221 230 238 238 237 237 235 228 220 225 230 230 231 232 235 237 239 242 241 240 240 240 240 240 240 239 239 240 241 243 244 244 242 234 218 217 227 232 236 239 244 246 238 233 230 225 222 218 216 224 231 232 228 224 226 231 234 230 230 231 228 227 229 231 236 242
260 260 259 259 257 254 253 252 251 250 249 248 247 246 245 244 243 242 241 241 240 238 237 236 235 232 228 223 224 234 240 239 238 239 237 230 223 223 230 233 234 235 236 237 239 239 237 238 239 239 239 238 236 236 236 237 237 239 241 244 244 238 225 217 224 231 235 238 241 241 238 239 237 232 225 219 217 224 233 237 234 229 228 231 235 235 229 227 226 226 227 231 236 241
260 260 260 259 256 254 253 252 251 250 249 247 246 245 245 244 243 242 241 240 240 239 238 236 235 232 228 223 225 236 238 238 240 240 239 232 225 226 231 234 234 236 236 237 238 238 236 236 236 237 238 236 234 235 236 235 233 234 236 239 240 237 229 220 222 232 239 242 240 233 232 236 236 231 222 220 217 216 226 233 233 230 228 229 234 235 226 221 226 227 227 231 236 241
261 261 260 258 256 254 252 251 250 249 248 247 245 245 244 244 243 242 241 240 240 239 238 237 235 233 229 225 230 238 238 238 240 240 237 230 224 228 233 233 233 234 234 235 235 235 233 231 229 231 234 232 229 231 234 232 228 228 229 231 232 230 227 220 221 233 244 247 240 230 228 230 229 224 218 221 217 205 218 228 227 224 225 228 234 234 225 217 222 226 227 231 240 245
262 261 260 257 255 253 252 251 250 249 248 246 245 245 244 243 243 242 241 241 240 239 238 237 236 235 232 231 236 241 242 241 240 239 236 227 221 226 230 231 233 234 235 233 231 231 231 228 225 228 232 229 223 223 226 224 218 219 222 224 223 223 224 224 222 231 245 247 237 230 229 230 228 222 216 221 216 196 207 221 221 220 225 232 238 237 229 218 218 223 224 232 244 247
261 261 259 256 254 252 251 251 250 249 247 246 245 244 244 243 242 242 241 241 240 239 238 238 237 236 235 237 239 243 245 244 242 239 233 225 222 225 228 229 231 232 233 231 229 230 229 225 222 226 231 229 220 217 222 220 215 215 220 223 223 222 225 228 226 230 241 242 235 232 232 233 232 222 217 222 213 191 199 216 218 218 223 231 237 238 231 220 217 220 223 232 242 245
261 260 258 256 254 252 251 250 249 248 247 246 245 244 244 243 242 241 241 241 240 239 238 238 238 237 237 238 239 242 245 244 241 237 229 223 225 229 229 228 227 227 226 226 226 225 222 220 218 222 229 229 220 218 224 225 222 221 227 230 228 225 226 229 228 230 236 236 232 229 229 229 229 218 216 222 209 191 197 212 219 218 221 227 231 231 225 218 218 221 224 232 239 242
