windninja/windninja_output/Output_2025-08-09_0600-0650_Google earth_Fire_150m_10min/merlingen_7.5mi_point_08-09-2025_0620_150m_ang.asc
ncols	158
nrows	163
xllcorner	391686.332397
yllcorner	5160024.123721
cellsize	150.000000
NODATA_value	-32768.000000
[rows 84 to 125 of 163, columns 0 to 93 of 158]
229 222 220 227 229 228 226 225 226 223 218 215 214 217 219 220 219 219 218 215 213 210 209 207 201 200 205 208 209 210 211 211 213 216 220 223 224 223 221 218 215 212 210 210 210 211 211 211 211 212 211 210 209 209 211 214 215 216 216 216 216 216 216 216 216 215 215 215 215 214 214 213 213 212 211 209 206 203 197 189 179 180 190 201 213 217 219 220 221 222 224 225 226 225
230 233 237 239 239 238 235 234 233 228 222 218 215 217 219 220 219 220 220 219 216 213 209 206 201 199 204 209 210 210 211 211 212 213 216 219 221 223 224 221 216 214 213 214 216 218 219 220 221 220 218 217 216 214 213 215 216 216 216 216 216 216 216 216 216 216 216 215 215 215 214 214 213 213 212 210 207 204 198 190 179 176 185 200 215 218 218 221 221 223 224 226 227 227
239 242 245 247 247 245 239 234 231 227 221 218 216 217 219 220 220 223 226 225 223 218 213 205 197 195 201 207 210 210 211 212 211 209 211 213 214 217 219 220 218 215 214 215 217 219 221 223 224 224 222 222 220 218 217 217 217 217 217 217 216 216 216 216 216 216 216 216 215 215 215 214 214 213 212 211 208 205 200 192 179 172 178 196 214 220 221 223 223 223 225 227 227 224
248 250 251 250 245 239 232 226 224 224 222 219 217 216 219 221 221 224 226 226 223 217 209 193 181 186 196 203 208 210 211 212 212 210 210 211 211 213 215 216 216 214 213 215 217 220 222 224 225 225 224 223 222 221 221 220 220 220 219 218 217 216 216 216 216 216 216 216 216 216 215 215 214 214 213 212 210 207 203 195 181 167 168 188 212 221 223 225 227 229 230 229 225 220
252 251 246 238 230 223 221 220 222 225 224 219 215 213 214 217 219 222 223 221 213 202 190 181 179 183 194 202 207 210 211 212 213 214 214 215 214 214 216 217 216 214 212 213 215 218 221 223 223 223 222 221 221 221 221 221 223 223 221 219 217 216 215 216 216 216 216 216 216 216 216 215 215 215 214 213 212 210 206 200 187 169 161 184 216 224 227 229 230 233 233 229 226 225
248 243 233 228 224 219 219 220 222 224 223 216 211 211 213 215 216 218 219 214 201 186 182 184 185 188 196 203 208 210 212 213 214 214 216 217 217 218 220 222 221 218 215 213 215 217 220 222 223 221 219 217 215 215 215 217 220 224 226 221 215 214 215 215 216 216 216 217 217 217 216 216 216 215 215 214 213 212 209 205 197 184 171 193 237 244 243 240 236 237 237 232 232 236
242 237 229 228 227 223 220 219 216 217 218 214 208 210 213 213 212 214 214 207 188 180 185 192 192 192 199 205 208 211 213 214 214 214 215 217 217 217 219 222 224 223 220 218 217 218 221 223 223 222 220 217 213 211 211 215 219 222 223 217 209 210 213 215 216 216 217 217 217 217 217 217 217 216 216 216 215 214 212 210 207 201 195 213 248 259 257 252 247 248 245 237 240 243
236 231 222 220 218 215 210 208 207 212 216 213 207 206 205 204 205 207 209 202 183 182 194 199 196 197 202 207 210 213 215 216 216 216 217 217 216 215 215 217 221 222 223 222 220 220 222 225 226 225 222 219 215 211 209 212 215 214 215 212 205 207 212 215 216 217 217 217 218 218 218 217 217 217 217 217 216 216 215 215 214 212 210 218 237 250 255 255 255 255 249 245 252 255
227 220 211 208 207 202 195 191 195 204 212 210 205 203 203 202 200 198 198 197 191 191 201 204 202 202 207 211 213 215 217 218 218 218 217 217 216 216 215 215 218 222 223 224 224 223 225 228 230 231 229 224 219 213 206 206 210 211 214 214 210 207 211 215 216 217 218 218 218 218 218 218 218 218 218 218 218 218 218 218 218 219 221 228 241 250 256 260 260 257 254 258 264 265
215 210 203 202 202 198 193 189 191 200 206 202 196 194 195 197 193 189 195 202 204 198 203 207 206 207 211 213 215 217 219 222 223 220 218 217 217 217 216 215 215 219 223 225 225 226 227 229 231 232 233 229 219 212 207 206 214 220 222 222 217 212 213 215 217 218 218 219 219 219 219 219 219 219 219 219 219 220 220 220 221 223 227 234 248 258 264 267 266 260 258 261 264 264
199 199 199 200 200 199 197 192 190 197 203 201 195 193 193 196 197 197 205 215 212 206 207 210 210 212 214 215 217 220 223 226 226 221 217 217 218 218 218 216 212 212 218 221 222 222 223 225 227 226 226 222 213 210 212 214 224 229 228 226 222 217 215 217 218 218 219 219 219 220 220 220 220 220 220 220 221 221 222 222 224 225 229 234 243 253 261 264 262 258 256 256 256 257
178 187 196 199 202 201 199 194 189 195 204 207 205 206 206 212 214 222 225 223 217 218 219 221 218 217 217 217 218 220 222 223 221 219 217 219 220 220 219 217 212 208 212 217 216 216 216 216 217 216 217 217 211 210 215 218 222 226 226 226 224 219 218 219 219 220 220 220 220 221 221 221 221 221 221 221 222 222 223 224 225 227 229 233 238 244 250 253 253 252 251 250 250 250
154 173 192 198 203 205 204 199 195 203 223 227 227 228 233 240 240 244 239 223 226 233 236 237 230 222 219 218 218 217 218 220 221 221 220 221 222 221 220 218 214 208 209 213 214 212 211 211 211 213 217 219 217 214 217 220 223 225 226 226 225 221 220 221 221 221 220 221 221 221 221 221 221 222 222 223 223 223 224 225 226 228 230 232 235 239 242 244 245 246 246 246 246 246
139 158 187 199 209 213 213 210 210 218 235 242 244 239 243 247 252 252 241 228 232 240 246 248 236 220 216 218 218 219 224 228 229 228 225 225 226 225 222 219 216 210 207 212 215 214 214 215 218 222 224 225 222 219 219 222 225 227 228 228 227 225 224 223 222 222 221 221 222 222 222 222 222 223 223 224 224 224 225 226 227 228 230 231 234 236 238 239 240 241 242 242 242 242
124 138 186 209 223 226 224 223 224 228 241 255 264 265 264 264 262 256 245 237 235 238 242 238 217 208 214 219 223 229 234 236 235 233 229 229 230 230 226 221 217 212 207 211 218 221 224 227 230 230 229 227 225 222 221 223 224 225 225 226 227 228 228 227 225 224 223 222 222 223 223 223 224 224 224 225 225 226 226 227 228 229 230 231 233 234 235 237 238 238 239 239 239 240
111 118 200 235 246 248 249 247 245 246 251 258 265 273 273 269 265 258 250 241 233 231 230 225 212 211 219 225 230 235 238 239 240 237 233 230 230 230 228 223 218 213 208 209 216 220 224 227 228 227 226 225 223 222 222 222 223 224 224 223 223 225 227 229 228 226 224 224 224 224 224 224 225 225 225 226 226 227 227 228 228 229 230 231 232 233 234 235 236 236 237 237 238 238
121 131 214 244 254 257 261 263 260 257 257 258 262 269 273 269 264 261 250 236 231 232 231 227 223 224 228 232 235 239 243 246 247 246 241 236 233 231 229 224 217 213 208 206 211 217 221 224 224 224 224 222 221 220 220 220 221 223 223 220 219 220 222 225 227 227 226 225 225 225 225 226 226 227 227 227 228 228 228 229 229 230 230 231 232 232 233 234 235 235 236 236 236 237
147 164 219 243 252 257 260 262 260 258 257 255 254 253 254 254 249 245 236 230 235 238 237 235 234 235 237 239 241 245 249 252 255 256 255 250 242 237 233 227 217 212 208 204 208 216 221 223 222 222 222 221 220 220 221 220 219 220 221 220 218 219 221 223 224 224 224 225 225 227 228 229 229 229 229 229 229 229 229 230 230 230 231 231 232 232 233 233 234 234 235 235 235 235
178 193 225 241 249 254 256 257 256 255 254 252 246 238 232 230 231 228 222 227 235 238 239 240 239 241 244 247 248 250 252 254 257 260 263 262 256 247 241 233 221 212 208 203 203 210 216 217 218 219 220 220 220 219 220 220 218 219 219 219 217 217 219 221 224 223 223 223 225 230 233 234 232 231 231 231 231 231 231 231 231 231 231 232 232 232 232 233 233 234 234 234 234 235
203 211 227 238 244 248 251 252 253 253 252 250 244 235 229 229 230 227 226 234 238 237 240 242 242 243 247 251 252 253 254 254 255 258 261 264 267 263 253 244 231 217 209 202 197 202 210 214 216 218 219 220 219 218 218 217 217 218 218 218 216 215 216 219 222 223 222 222 223 227 233 237 237 236 236 236 235 235 234 233 233 233 232 232 232 232 232 233 233 233 233 234 234 234
216 220 228 236 242 247 250 252 254 255 256 254 251 250 251 251 247 243 245 249 244 238 239 240 240 240 243 246 248 252 254 254 255 256 258 262 268 272 266 254 239 221 208 199 192 194 205 212 215 217 218 219 219 218 218 217 217 217 218 219 218 217 217 219 221 222 221 219 218 221 228 234 239 243 245 245 244 241 239 237 236 235 234 233 233 233 233 233 233 233 233 233 234 234
224 226 230 236 242 247 250 251 252 254 257 260 262 265 266 267 264 260 257 253 246 241 239 238 236 236 238 241 243 248 252 255 255 254 255 258 262 264 261 251 237 219 205 194 185 185 195 205 209 212 215 216 216 217 218 218 217 217 218 219 219 219 219 220 222 222 220 217 216 219 224 228 232 237 242 246 248 248 246 245 242 238 236 234 234 233 233 233 233 233 233 233 234 234
229 229 231 234 238 242 246 247 248 249 250 250 252 254 258 262 262 259 255 248 244 244 241 234 231 232 234 236 240 244 248 251 251 248 250 255 258 255 250 244 232 215 201 189 177 173 181 194 202 207 212 213 214 215 217 217 217 218 219 220 220 219 219 220 221 221 221 218 215 218 223 225 226 227 229 234 239 242 244 248 249 244 238 236 235 234 234 234 234 234 234 234 234 234
230 229 229 232 236 238 239 238 235 233 232 232 233 238 245 252 254 253 249 243 241 243 240 230 226 228 229 229 234 242 245 246 242 238 244 252 253 247 243 240 223 205 195 184 172 165 167 181 193 202 209 213 213 214 216 216 216 217 218 220 220 220 219 219 220 220 221 219 215 216 221 224 225 226 227 230 233 232 233 237 244 245 242 239 236 235 234 234 234 234 234 234 234 235
230 229 228 230 230 228 225 222 220 223 227 231 233 236 240 243 244 243 241 239 239 241 238 227 222 224 225 223 228 238 241 241 234 228 241 250 247 237 232 228 210 196 189 178 170 163 158 166 183 195 205 211 213 214 215 216 216 216 217 217 218 220 220 219 221 221 220 219 216 214 218 223 226 227 228 228 229 230 230 234 238 241 243 242 239 237 236 236 236 235 235 235 235 236
231 229 227 225 222 220 220 220 223 228 234 236 235 235 237 239 237 230 228 232 237 242 239 228 219 219 221 220 226 237 237 233 228 225 241 248 241 230 222 218 208 198 186 172 166 161 154 155 170 186 198 205 210 212 214 215 216 217 216 214 215 219 220 219 221 223 221 220 217 214 217 223 225 225 226 227 228 230 232 235 237 238 240 242 242 240 238 238 237 237 237 237 237 237
230 228 225 225 225 226 229 233 235 235 237 237 235 233 236 238 233 219 217 226 235 243 240 228 218 215 217 217 224 233 234 230 224 225 239 245 235 224 218 212 204 201 194 171 157 155 153 150 157 174 188 198 206 210 212 213 214 217 217 214 214 218 220 219 220 223 223 221 218 215 214 220 224 224 226 228 230 231 232 234 236 239 239 240 242 243 242 242 241 240 241 241 241 240
229 228 228 230 232 235 237 238 237 236 236 238 237 233 234 236 228 208 209 220 231 241 240 225 217 214 211 209 216 225 231 230 223 224 233 236 228 220 215 205 198 201 202 184 157 150 149 145 147 161 177 190 201 209 211 211 212 216 218 216 215 218 220 218 218 220 222 221 219 216 214 218 224 225 226 229 230 231 232 234 237 239 239 238 238 241 245 246 246 246 247 247 246 245
232 233 233 234 235 235 234 233 233 232 231 233 234 229 230 234 226 202 201 212 221 231 236 223 214 217 212 206 210 218 225 228 224 224 232 232 226 221 213 205 201 205 208 197 172 156 149 141 138 147 164 180 194 205 210 210 210 214 217 217 214 216 218 218 217 217 219 219 218 217 216 220 224 225 226 228 229 228 229 231 235 238 238 237 235 235 241 246 249 252 254 253 249 246
235 235 235 236 236 235 233 231 229 226 224 227 229 225 227 232 224 195 190 200 211 223 232 227 216 221 219 214 211 212 219 224 227 231 239 239 232 225 215 208 206 205 206 203 185 166 155 145 138 139 149 167 185 200 207 209 208 211 215 216 214 213 216 218 216 216 217 217 217 215 214 218 221 223 225 227 228 227 227 228 232 236 237 237 237 234 236 240 243 247 251 251 246 244
234 234 234 234 233 232 231 229 226 224 222 224 224 220 224 231 221 186 177 190 202 216 225 226 220 218 217 217 216 211 213 221 228 235 243 244 236 227 216 207 201 197 198 200 190 172 162 158 151 143 142 153 172 192 204 207 207 209 213 216 214 212 214 217 216 214 215 216 216 215 213 216 220 222 223 226 228 228 227 227 231 233 232 232 232 229 230 234 234 238 242 242 239 240
231 231 230 229 229 227 227 227 226 224 223 222 218 215 222 229 220 185 172 182 196 208 214 217 218 216 213 212 215 211 205 214 224 235 240 235 226 219 213 203 193 191 195 199 194 179 169 166 161 152 145 146 158 180 199 207 208 208 211 214 214 211 212 216 215 213 213 215 216 216 215 217 221 224 224 225 227 229 228 227 231 233 230 227 227 223 223 227 229 235 239 236 233 233
228 229 229 228 228 226 225 223 223 224 224 220 213 211 219 229 223 191 173 177 191 198 201 207 213 215 213 212 217 210 197 203 216 228 235 228 215 207 204 197 189 190 196 201 198 187 177 170 165 160 153 149 153 169 192 205 208 208 209 213 213 211 212 215 215 212 212 214 215 215 215 215 219 223 225 227 227 228 229 229 233 236 231 226 225 221 218 222 228 234 236 232 228 226
227 228 230 230 229 227 222 218 219 221 224 219 208 205 217 229 229 197 170 168 179 187 191 198 206 210 210 210 215 211 199 199 208 218 220 212 202 197 195 192 189 192 197 201 202 193 180 171 167 165 161 156 154 163 183 201 207 208 208 212 212 210 211 214 214 211 211 213 214 214 213 213 215 219 222 225 227 228 228 229 233 236 232 225 223 221 218 221 227 231 231 228 224 224
228 229 230 230 229 226 220 216 217 219 224 221 205 200 214 228 231 206 166 156 162 176 184 190 197 202 201 201 207 210 206 199 198 208 213 210 202 193 190 190 192 195 198 201 202 195 182 175 172 170 169 163 158 161 175 195 206 208 208 210 211 208 209 211 211 210 209 211 213 214 213 212 212 215 219 222 223 225 227 227 229 233 231 224 222 221 219 221 226 228 226 223 221 224
229 228 229 231 230 225 220 219 221 221 224 224 207 200 211 224 231 221 174 148 144 160 178 187 192 195 194 195 202 205 202 195 195 206 216 217 211 199 195 196 197 198 199 199 197 194 188 180 176 175 174 168 162 161 170 190 204 208 208 210 210 208 208 210 210 210 209 210 213 214 214 211 211 212 216 219 221 222 225 228 231 233 230 224 222 222 220 221 224 225 223 220 219 224
228 227 226 230 231 228 226 226 227 223 223 226 212 199 207 220 230 228 201 157 135 138 162 181 192 195 197 200 202 201 202 200 204 215 223 224 218 210 205 205 205 203 201 200 199 198 193 186 181 179 177 173 166 163 169 186 202 207 208 209 210 208 210 214 218 221 220 215 214 216 215 212 211 211 213 216 219 221 224 229 232 234 231 225 223 222 220 220 223 223 222 219 217 222
226 224 221 221 222 222 224 228 231 225 222 229 218 196 200 214 227 231 219 191 148 117 118 161 191 197 199 202 206 208 211 216 220 224 227 226 223 222 216 213 213 211 210 209 208 206 201 196 190 186 182 177 171 167 170 182 199 206 207 210 212 212 218 225 230 238 242 234 222 219 216 214 213 212 211 212 215 218 222 226 228 230 229 224 222 220 218 219 221 223 222 217 214 218
220 219 215 212 212 212 214 220 226 225 222 231 225 194 193 208 225 232 229 217 195 131 89 71 106 198 201 206 212 214 215 223 226 227 232 230 227 227 220 213 215 219 221 219 217 215 211 205 198 193 188 182 174 170 171 179 196 205 208 213 218 222 227 229 227 230 235 237 232 225 221 217 215 213 210 209 211 214 217 220 224 227 225 221 219 218 215 215 218 221 219 213 213 219
217 217 215 210 209 210 211 215 221 222 223 235 233 199 192 207 223 231 232 232 226 209 131 50 33 29 23 221 218 213 211 224 230 230 234 233 227 227 223 213 211 218 222 222 219 216 214 205 198 195 191 185 178 173 173 179 196 211 217 220 224 226 226 223 221 222 225 226 228 228 227 224 220 216 212 209 208 211 213 215 217 221 221 218 217 217 214 213 218 220 217 211 211 220
217 218 217 211 209 212 212 214 219 219 221 234 237 213 201 211 224 228 229 234 238 233 211 178 116 52 53 118 185 194 205 225 232 232 235 235 229 229 227 217 210 213 220 224 222 217 212 204 196 193 192 189 183 176 176 184 199 216 225 225 222 221 218 216 216 220 222 224 226 227 232 238 235 226 219 212 207 207 210 210 212 217 220 218 218 217 213 214 220 221 216 208 209 218
213 215 214 209 207 209 212 213 216 215 219 231 237 227 218 221 224 222 221 223 230 236 226 203 183 163 150 162 173 185 202 225 234 234 236 238 232 230 229 221 213 210 216 225 226 221 213 203 195 193 194 193 187 180 179 186 198 210 217 215 212 213 212 212 214 218 221 223 224 225 228 240 248 248 236 222 212 208 210 211 212 218 221 220 218 217 213 213 218 220 213 205 207 218
