windninja/windninja_output/Output_2025-08-09_0600-0650_Google earth_Fire_150m_10min/merlingen_7.5mi_point_08-09-2025_0620_150m_vel.asc
ncols	158
nrows	163
xllcorner	391686.332397
yllcorner	5160024.123721
cellsize	150.000000
NODATA_value	-32768.000000
[rows 0 to 37 of 163, columns 0 to 83 of 158]
1.02 0.99 0.96 0.99 1.04 1.05 1.04 1.05 1.09 1.10 1.10 1.12 1.16 1.17 1.10 0.95 0.78 0.67 0.68 0.71 0.71 0.84 1.07 1.17 1.12 1.01 0.94 0.95 1.03 1.06 1.04 1.02 0.98 0.94 0.95 0.96 0.88 0.81 0.79 0.79 0.84 0.90 0.91 0.89 0.88 0.87 0.84 0.80 0.86 1.02 1.15 1.22 1.27 1.28 1.25 1.22 1.17 1.14 1.12 1.10 1.12 1.17 1.18 1.19 1.24 1.30 1.33 1.29 1.22 1.15 1.15 1.17 1.19 1.20 1.23 1.24 1.22 1.17 1.10 1.09 1.13 1.15 1.17 1.14
1.05 1.01 0.97 0.98 0.99 1.01 1.00 0.97 0.96 0.97 1.01 1.07 1.15 1.22 1.22 1.13 1.00 0.87 0.85 0.86 0.82 0.84 0.99 1.14 1.17 1.11 1.01 0.98 1.00 1.01 1.01 1.01 1.00 0.98 0.96 0.99 0.98 0.93 0.92 0.90 0.90 0.94 0.98 1.00 1.00 1.00 1.01 0.96 0.92 0.96 1.04 1.08 1.12 1.15 1.15 1.16 1.16 1.17 1.17 1.13 1.11 1.13 1.17 1.19 1.20 1.24 1.28 1.29 1.25 1.18 1.16 1.17 1.19 1.20 1.22 1.24 1.25 1.24 1.18 1.14 1.15 1.16 1.17 1.18
1.09 1.08 1.04 1.00 0.98 0.98 0.99 0.98 0.94 0.95 1.01 1.08 1.15 1.23 1.33 1.37 1.31 1.22 1.15 1.09 1.00 0.89 0.88 1.02 1.20 1.23 1.14 1.04 1.00 1.00 0.99 0.99 0.99 1.00 1.01 1.04 1.10 1.11 1.10 1.06 1.04 1.05 1.07 1.12 1.15 1.17 1.21 1.23 1.14 1.03 1.00 1.03 1.05 1.08 1.09 1.12 1.16 1.19 1.22 1.22 1.17 1.15 1.17 1.19 1.17 1.17 1.22 1.28 1.30 1.24 1.18 1.18 1.18 1.19 1.21 1.24 1.28 1.34 1.30 1.21 1.20 1.24 1.22 1.22
1.08 1.13 1.14 1.09 1.06 1.04 1.06 1.13 1.18 1.19 1.18 1.15 1.15 1.18 1.27 1.38 1.39 1.35 1.30 1.22 1.10 0.97 0.88 0.94 1.15 1.31 1.32 1.25 1.19 1.17 1.15 1.11 1.05 1.03 1.06 1.09 1.12 1.14 1.13 1.13 1.14 1.17 1.19 1.22 1.25 1.27 1.28 1.31 1.32 1.26 1.19 1.17 1.18 1.20 1.18 1.16 1.15 1.15 1.18 1.22 1.22 1.19 1.18 1.18 1.17 1.17 1.20 1.27 1.30 1.26 1.21 1.19 1.18 1.15 1.15 1.17 1.21 1.32 1.35 1.25 1.21 1.31 1.35 1.28
1.01 1.09 1.18 1.17 1.14 1.12 1.12 1.16 1.20 1.21 1.18 1.13 1.13 1.17 1.22 1.31 1.35 1.31 1.26 1.24 1.15 1.01 0.90 0.91 1.06 1.26 1.40 1.46 1.44 1.43 1.43 1.40 1.33 1.23 1.16 1.15 1.15 1.17 1.20 1.21 1.23 1.27 1.31 1.34 1.34 1.33 1.31 1.31 1.32 1.32 1.28 1.22 1.20 1.22 1.22 1.18 1.15 1.14 1.14 1.17 1.19 1.18 1.17 1.18 1.18 1.17 1.19 1.26 1.30 1.26 1.22 1.19 1.17 1.16 1.15 1.13 1.10 1.16 1.28 1.28 1.17 1.20 1.34 1.33
0.94 0.97 1.08 1.17 1.20 1.17 1.13 1.09 1.06 1.05 1.05 1.04 1.04 1.09 1.16 1.22 1.28 1.27 1.20 1.17 1.13 1.01 0.87 0.83 0.91 1.06 1.22 1.36 1.44 1.48 1.52 1.55 1.56 1.51 1.41 1.33 1.32 1.33 1.36 1.36 1.34 1.32 1.31 1.31 1.31 1.30 1.28 1.27 1.26 1.26 1.27 1.25 1.20 1.18 1.19 1.19 1.17 1.16 1.15 1.16 1.18 1.19 1.19 1.20 1.19 1.18 1.20 1.26 1.32 1.30 1.28 1.24 1.18 1.17 1.20 1.24 1.20 1.15 1.18 1.24 1.19 1.13 1.21 1.28
0.94 0.92 0.93 1.04 1.14 1.16 1.13 1.06 1.01 0.99 0.99 0.99 0.99 1.02 1.08 1.13 1.22 1.30 1.28 1.23 1.19 1.08 0.89 0.76 0.76 0.84 0.96 1.09 1.22 1.33 1.40 1.47 1.54 1.58 1.59 1.55 1.50 1.48 1.45 1.41 1.36 1.29 1.24 1.20 1.18 1.19 1.20 1.19 1.19 1.20 1.23 1.26 1.25 1.23 1.21 1.19 1.17 1.16 1.15 1.17 1.21 1.26 1.29 1.28 1.25 1.22 1.22 1.27 1.32 1.32 1.37 1.41 1.35 1.25 1.25 1.33 1.37 1.32 1.23 1.25 1.28 1.23 1.20 1.24
0.99 0.97 0.91 0.89 0.95 1.01 1.03 1.01 0.97 0.94 0.94 0.96 0.99 1.02 1.08 1.12 1.17 1.28 1.34 1.33 1.31 1.24 1.06 0.83 0.70 0.73 0.84 0.94 1.04 1.13 1.21 1.28 1.35 1.40 1.45 1.48 1.45 1.41 1.38 1.33 1.28 1.22 1.18 1.14 1.12 1.11 1.12 1.13 1.14 1.15 1.16 1.20 1.25 1.27 1.27 1.23 1.20 1.19 1.19 1.20 1.23 1.27 1.33 1.38 1.37 1.31 1.26 1.28 1.32 1.31 1.33 1.43 1.46 1.38 1.29 1.29 1.36 1.38 1.30 1.27 1.31 1.26 1.23 1.28
1.00 1.00 0.96 0.89 0.86 0.86 0.89 0.92 0.93 0.91 0.90 0.90 0.92 0.98 1.09 1.16 1.16 1.21 1.30 1.33 1.33 1.32 1.23 1.06 0.87 0.80 0.86 0.92 0.95 1.00 1.06 1.11 1.17 1.24 1.26 1.25 1.24 1.22 1.21 1.20 1.16 1.12 1.10 1.10 1.10 1.08 1.08 1.08 1.08 1.09 1.14 1.16 1.16 1.21 1.28 1.27 1.25 1.25 1.23 1.19 1.15 1.11 1.15 1.27 1.35 1.36 1.31 1.31 1.35 1.34 1.29 1.28 1.32 1.33 1.28 1.24 1.29 1.34 1.31 1.29 1.31 1.25 1.18 1.28
0.99 0.99 0.98 0.95 0.91 0.88 0.88 0.90 0.91 0.91 0.89 0.86 0.84 0.87 0.97 1.10 1.15 1.17 1.24 1.34 1.39 1.39 1.35 1.25 1.11 0.95 0.89 0.93 0.94 0.96 1.02 1.04 1.06 1.13 1.18 1.18 1.15 1.13 1.13 1.13 1.11 1.10 1.08 1.07 1.06 1.04 1.02 1.04 1.02 1.00 1.05 1.10 1.09 1.12 1.21 1.23 1.19 1.17 1.14 1.08 1.01 0.95 0.91 0.96 1.11 1.23 1.28 1.28 1.31 1.35 1.32 1.25 1.22 1.23 1.24 1.22 1.23 1.24 1.28 1.39 1.45 1.40 1.23 1.15
0.99 0.99 0.99 0.97 0.95 0.94 0.94 0.94 0.93 0.92 0.89 0.85 0.80 0.78 0.84 0.98 1.09 1.13 1.16 1.25 1.37 1.44 1.43 1.36 1.26 1.14 1.01 0.97 0.97 0.96 0.98 0.99 0.98 1.01 1.08 1.12 1.12 1.10 1.10 1.13 1.14 1.13 1.10 1.07 1.05 0.99 0.94 0.97 0.95 0.88 0.88 0.94 0.96 0.98 1.02 1.07 1.01 0.94 0.92 0.90 0.88 0.81 0.71 0.71 0.82 0.95 1.06 1.10 1.13 1.23 1.31 1.30 1.25 1.23 1.25 1.25 1.24 1.18 1.17 1.35 1.55 1.60 1.46 1.22
1.00 0.99 0.99 0.98 0.97 0.96 0.96 0.96 0.95 0.93 0.90 0.86 0.81 0.76 0.78 0.88 0.99 1.07 1.09 1.10 1.18 1.29 1.37 1.38 1.31 1.21 1.06 0.96 0.91 0.89 0.89 0.90 0.89 0.91 0.96 1.01 1.05 1.06 1.07 1.09 1.11 1.12 1.11 1.09 1.09 1.04 0.93 0.88 0.86 0.77 0.70 0.69 0.69 0.73 0.77 0.83 0.84 0.79 0.76 0.75 0.74 0.68 0.55 0.51 0.57 0.64 0.74 0.84 0.90 1.05 1.23 1.32 1.30 1.27 1.33 1.41 1.47 1.43 1.30 1.31 1.47 1.64 1.69 1.58
1.00 0.99 0.99 0.99 0.98 0.97 0.96 0.95 0.94 0.92 0.90 0.87 0.83 0.77 0.74 0.78 0.84 0.94 1.03 1.05 1.07 1.12 1.20 1.25 1.21 1.10 0.99 0.90 0.84 0.82 0.83 0.86 0.88 0.88 0.91 0.95 0.96 0.98 1.01 1.03 1.06 1.09 1.10 1.10 1.12 1.11 1.02 0.92 0.85 0.76 0.66 0.60 0.58 0.63 0.68 0.68 0.70 0.71 0.71 0.72 0.73 0.66 0.53 0.44 0.42 0.43 0.47 0.53 0.63 0.84 1.05 1.22 1.29 1.27 1.34 1.52 1.65 1.69 1.62 1.50 1.48 1.56 1.68 1.71
1.00 0.99 0.98 0.98 0.98 0.98 0.97 0.95 0.93 0.92 0.90 0.88 0.85 0.82 0.78 0.75 0.73 0.75 0.86 0.96 0.99 1.01 1.04 1.06 1.06 1.02 0.97 0.92 0.88 0.86 0.83 0.82 0.83 0.85 0.88 0.95 0.97 0.96 0.96 0.97 0.99 1.00 0.97 0.94 0.95 0.97 0.96 0.99 1.00 0.91 0.77 0.67 0.63 0.67 0.72 0.66 0.60 0.60 0.66 0.76 0.82 0.74 0.64 0.53 0.44 0.40 0.37 0.32 0.29 0.46 0.76 1.00 1.17 1.21 1.22 1.26 1.35 1.47 1.52 1.47 1.42 1.43 1.49 1.56
1.01 1.00 0.98 0.97 0.97 0.96 0.96 0.96 0.94 0.92 0.90 0.88 0.86 0.87 0.89 0.88 0.81 0.73 0.72 0.81 0.87 0.89 0.93 0.98 1.00 0.99 0.97 0.96 0.93 0.89 0.88 0.83 0.81 0.83 0.87 0.94 1.00 0.99 0.93 0.87 0.86 0.86 0.85 0.82 0.81 0.83 0.81 0.84 1.04 1.16 1.03 0.85 0.78 0.83 0.88 0.79 0.64 0.56 0.64 0.84 0.98 0.94 0.88 0.83 0.73 0.60 0.48 0.38 0.22 0.14 0.38 0.74 0.98 1.07 1.05 1.03 1.07 1.14 1.19 1.17 1.15 1.18 1.22 1.30
1.01 1.00 0.99 0.97 0.96 0.95 0.94 0.94 0.93 0.92 0.90 0.89 0.86 0.86 0.91 0.99 1.00 0.91 0.80 0.77 0.82 0.86 0.92 0.98 1.01 0.99 0.96 0.97 0.96 0.94 0.96 0.98 0.95 0.93 0.89 0.85 0.85 0.88 0.85 0.82 0.81 0.80 0.87 0.90 0.85 0.87 0.88 0.75 0.79 1.08 1.25 1.16 1.10 1.16 1.24 1.26 1.08 0.83 0.78 0.93 1.07 1.10 1.06 1.03 1.06 1.01 0.84 0.70 0.53 0.23 0.16 0.37 0.64 0.80 0.88 0.93 0.98 1.02 1.06 1.08 1.03 0.98 1.00 1.05
1.01 1.01 0.99 0.98 0.96 0.96 0.95 0.93 0.93 0.92 0.90 0.89 0.86 0.82 0.82 0.91 1.00 1.00 0.94 0.87 0.86 0.88 0.92 0.97 1.02 1.02 0.98 0.96 1.00 1.02 1.01 1.01 0.97 0.91 0.84 0.77 0.75 0.79 0.83 0.86 0.88 0.89 0.96 1.05 1.02 0.99 1.04 0.97 0.82 0.90 1.16 1.30 1.31 1.31 1.35 1.43 1.42 1.20 1.01 1.08 1.17 1.17 1.13 1.07 1.11 1.18 1.09 0.96 0.87 0.65 0.34 0.21 0.31 0.47 0.67 0.81 0.91 1.02 1.08 1.12 1.07 0.97 0.93 0.95
1.01 1.01 1.00 0.98 0.97 0.96 0.95 0.95 0.94 0.93 0.91 0.88 0.86 0.81 0.75 0.76 0.85 0.92 0.94 0.92 0.88 0.86 0.86 0.90 0.95 0.97 0.95 0.91 0.92 0.95 0.95 0.92 0.90 0.91 0.92 0.89 0.86 0.87 0.92 0.97 1.00 1.00 1.00 1.04 1.06 1.03 1.03 1.10 1.11 1.05 1.05 1.14 1.22 1.25 1.27 1.34 1.44 1.41 1.26 1.22 1.27 1.27 1.21 1.13 1.12 1.21 1.24 1.13 1.02 0.89 0.70 0.48 0.38 0.38 0.44 0.61 0.80 0.96 1.04 1.03 0.97 0.92 0.89 0.91
1.01 1.01 1.00 0.99 0.98 0.96 0.95 0.94 0.94 0.93 0.92 0.89 0.85 0.82 0.76 0.73 0.76 0.80 0.82 0.83 0.83 0.82 0.81 0.82 0.85 0.88 0.89 0.86 0.82 0.82 0.85 0.88 0.91 0.97 1.02 1.04 1.00 0.95 0.94 0.96 0.98 1.00 1.01 1.01 1.04 1.06 1.03 1.03 1.12 1.15 1.06 1.00 1.04 1.15 1.23 1.30 1.39 1.42 1.35 1.28 1.31 1.33 1.26 1.19 1.16 1.20 1.27 1.23 1.10 1.01 0.93 0.83 0.74 0.60 0.46 0.43 0.53 0.67 0.84 0.88 0.84 0.82 0.79 0.85
1.00 1.00 0.99 0.98 0.98 0.97 0.96 0.94 0.93 0.92 0.92 0.90 0.88 0.84 0.80 0.75 0.74 0.75 0.77 0.79 0.81 0.83 0.83 0.83 0.85 0.88 0.89 0.88 0.84 0.83 0.86 0.90 0.93 0.94 0.96 1.00 1.00 0.96 0.94 0.99 1.04 1.07 1.11 1.11 1.10 1.13 1.12 1.05 1.02 1.09 1.08 1.00 0.95 1.02 1.16 1.27 1.36 1.41 1.37 1.29 1.28 1.30 1.22 1.14 1.12 1.13 1.19 1.25 1.22 1.18 1.13 1.05 0.98 0.90 0.76 0.63 0.57 0.64 0.78 0.86 0.86 0.83 0.79 0.80
1.01 1.00 0.99 0.98 0.97 0.97 0.96 0.95 0.93 0.91 0.90 0.90 0.89 0.86 0.84 0.81 0.79 0.80 0.81 0.83 0.85 0.86 0.87 0.88 0.89 0.90 0.90 0.90 0.89 0.88 0.90 0.94 0.99 1.02 1.06 1.12 1.14 1.13 1.12 1.15 1.16 1.15 1.16 1.16 1.16 1.15 1.14 1.08 1.03 1.07 1.11 1.08 1.01 0.96 1.01 1.10 1.21 1.33 1.39 1.34 1.30 1.34 1.26 1.14 1.12 1.14 1.20 1.28 1.30 1.28 1.24 1.13 1.03 0.96 0.90 0.86 0.90 0.98 1.05 1.05 0.99 0.95 0.88 0.81
1.02 1.01 0.99 0.98 0.97 0.96 0.96 0.95 0.94 0.92 0.91 0.90 0.89 0.87 0.86 0.85 0.85 0.86 0.86 0.87 0.88 0.88 0.89 0.90 0.90 0.92 0.93 0.93 0.92 0.91 0.91 0.96 1.05 1.14 1.20 1.27 1.32 1.29 1.22 1.19 1.20 1.21 1.21 1.20 1.18 1.14 1.11 1.10 1.09 1.12 1.16 1.16 1.12 1.02 0.94 0.96 1.04 1.15 1.31 1.40 1.38 1.40 1.35 1.21 1.16 1.18 1.23 1.31 1.34 1.30 1.23 1.17 1.09 0.98 0.87 0.84 0.98 1.19 1.35 1.37 1.25 1.10 0.99 0.88
1.01 1.00 0.99 0.98 0.97 0.96 0.96 0.96 0.95 0.93 0.92 0.92 0.91 0.89 0.88 0.87 0.88 0.89 0.90 0.90 0.91 0.91 0.92 0.92 0.93 0.95 0.96 0.97 0.96 0.94 0.93 0.97 1.06 1.13 1.15 1.15 1.19 1.22 1.17 1.13 1.15 1.20 1.24 1.24 1.21 1.18 1.18 1.18 1.17 1.17 1.19 1.19 1.16 1.10 1.01 0.98 1.00 1.05 1.16 1.35 1.42 1.43 1.41 1.29 1.24 1.28 1.32 1.36 1.39 1.36 1.27 1.21 1.17 1.10 0.95 0.86 0.91 1.10 1.36 1.56 1.58 1.42 1.26 1.06
1.00 1.00 0.99 0.99 0.98 0.96 0.95 0.95 0.94 0.94 0.92 0.92 0.93 0.92 0.90 0.89 0.89 0.90 0.91 0.92 0.93 0.94 0.95 0.96 0.96 0.97 0.98 0.98 0.96 0.92 0.89 0.89 0.95 1.02 1.05 1.04 1.04 1.07 1.10 1.09 1.11 1.16 1.22 1.28 1.29 1.28 1.27 1.26 1.20 1.17 1.19 1.18 1.17 1.16 1.10 1.05 1.04 1.04 1.07 1.24 1.39 1.44 1.41 1.31 1.25 1.29 1.32 1.33 1.35 1.33 1.27 1.20 1.18 1.16 1.09 0.95 0.85 0.90 1.09 1.39 1.64 1.66 1.56 1.36
1.00 1.00 0.98 0.98 0.97 0.96 0.95 0.94 0.94 0.93 0.92 0.91 0.91 0.93 0.93 0.92 0.91 0.91 0.92 0.92 0.93 0.95 0.96 0.97 0.98 0.99 1.00 1.00 0.95 0.87 0.82 0.80 0.82 0.90 1.00 1.05 1.07 1.05 1.04 1.05 1.07 1.12 1.21 1.32 1.39 1.37 1.32 1.29 1.24 1.17 1.17 1.18 1.18 1.19 1.17 1.13 1.10 1.08 1.04 1.09 1.26 1.40 1.42 1.34 1.21 1.11 1.11 1.16 1.21 1.21 1.17 1.13 1.15 1.17 1.12 1.00 0.83 0.74 0.82 1.07 1.42 1.66 1.74 1.71
1.00 0.99 0.98 0.97 0.96 0.96 0.95 0.95 0.94 0.94 0.93 0.91 0.90 0.91 0.92 0.92 0.92 0.92 0.92 0.92 0.93 0.94 0.96 0.97 1.00 1.03 1.07 1.09 1.06 0.94 0.81 0.75 0.75 0.83 0.98 1.09 1.15 1.14 1.06 1.01 1.04 1.08 1.17 1.27 1.34 1.35 1.33 1.31 1.29 1.26 1.23 1.21 1.16 1.12 1.12 1.14 1.17 1.16 1.07 1.00 1.10 1.30 1.43 1.46 1.39 1.24 1.14 1.15 1.21 1.23 1.16 1.08 1.09 1.12 1.13 1.11 1.02 0.78 0.68 0.85 1.16 1.49 1.71 1.87
1.00 0.99 0.98 0.97 0.96 0.95 0.95 0.95 0.95 0.94 0.93 0.92 0.91 0.90 0.90 0.91 0.92 0.92 0.93 0.93 0.93 0.95 0.97 0.99 1.02 1.06 1.13 1.21 1.20 1.09 0.93 0.80 0.71 0.69 0.80 0.99 1.15 1.24 1.18 1.07 1.07 1.09 1.12 1.20 1.28 1.35 1.45 1.45 1.40 1.37 1.36 1.33 1.23 1.14 1.11 1.15 1.22 1.24 1.19 1.12 1.14 1.19 1.26 1.36 1.43 1.39 1.29 1.25 1.30 1.36 1.30 1.15 1.06 1.06 1.09 1.17 1.26 1.08 0.73 0.68 0.89 1.15 1.41 1.66
1.00 1.00 0.98 0.97 0.96 0.95 0.94 0.94 0.94 0.94 0.93 0.93 0.91 0.90 0.89 0.90 0.91 0.92 0.93 0.94 0.95 0.96 0.98 1.00 1.03 1.07 1.14 1.27 1.36 1.31 1.18 0.99 0.80 0.69 0.66 0.76 0.97 1.21 1.26 1.15 1.10 1.12 1.15 1.23 1.34 1.42 1.55 1.63 1.57 1.44 1.45 1.52 1.49 1.38 1.24 1.18 1.27 1.39 1.39 1.34 1.31 1.23 1.12 1.11 1.22 1.30 1.29 1.28 1.33 1.40 1.39 1.25 1.11 1.05 1.03 1.07 1.26 1.35 1.05 0.71 0.68 0.85 1.07 1.28
0.99 0.99 0.98 0.97 0.96 0.95 0.94 0.94 0.93 0.93 0.93 0.92 0.92 0.91 0.90 0.90 0.91 0.92 0.93 0.95 0.96 0.97 0.97 0.98 1.02 1.07 1.16 1.31 1.48 1.56 1.51 1.34 1.09 0.90 0.78 0.77 0.93 1.18 1.33 1.31 1.28 1.31 1.31 1.33 1.39 1.45 1.53 1.66 1.74 1.63 1.56 1.67 1.72 1.63 1.45 1.28 1.33 1.49 1.52 1.41 1.36 1.37 1.28 1.15 1.15 1.22 1.24 1.28 1.33 1.36 1.42 1.39 1.27 1.14 1.01 0.95 1.03 1.31 1.27 0.88 0.64 0.66 0.83 1.00
0.98 0.98 0.97 0.97 0.95 0.94 0.93 0.93 0.93 0.92 0.92 0.93 0.93 0.92 0.92 0.91 0.92 0.92 0.93 0.94 0.95 0.96 0.97 0.98 1.00 1.04 1.13 1.25 1.42 1.61 1.73 1.72 1.50 1.25 1.12 1.13 1.21 1.35 1.47 1.50 1.54 1.57 1.57 1.56 1.51 1.51 1.56 1.66 1.83 1.91 1.87 1.86 1.90 1.87 1.73 1.51 1.39 1.41 1.49 1.40 1.26 1.28 1.34 1.27 1.16 1.14 1.15 1.23 1.30 1.30 1.30 1.35 1.33 1.22 1.07 0.99 1.02 1.23 1.33 1.05 0.68 0.56 0.63 0.80
0.98 0.97 0.97 0.97 0.95 0.94 0.93 0.93 0.93 0.92 0.92 0.92 0.93 0.92 0.92 0.91 0.91 0.92 0.93 0.94 0.95 0.97 0.98 0.99 1.00 1.01 1.03 1.08 1.18 1.30 1.45 1.64 1.68 1.57 1.46 1.43 1.45 1.49 1.57 1.60 1.62 1.64 1.65 1.66 1.63 1.57 1.57 1.60 1.69 1.81 1.86 1.84 1.87 1.93 1.85 1.63 1.41 1.28 1.35 1.41 1.24 1.10 1.19 1.24 1.15 1.05 1.02 1.09 1.23 1.24 1.12 1.10 1.15 1.15 1.13 1.15 1.17 1.30 1.45 1.30 0.87 0.60 0.57 0.69
0.98 0.97 0.96 0.96 0.96 0.95 0.94 0.94 0.93 0.93 0.93 0.93 0.92 0.92 0.92 0.92 0.91 0.91 0.92 0.94 0.95 0.96 0.98 0.99 1.00 1.00 1.00 1.02 1.06 1.12 1.23 1.41 1.57 1.60 1.50 1.40 1.41 1.46 1.53 1.56 1.52 1.46 1.42 1.44 1.47 1.45 1.42 1.37 1.33 1.34 1.36 1.42 1.53 1.71 1.76 1.62 1.51 1.37 1.29 1.36 1.29 1.12 1.15 1.26 1.22 1.03 0.94 1.01 1.22 1.29 1.10 0.99 1.01 1.07 1.12 1.18 1.22 1.34 1.53 1.54 1.22 0.86 0.69 0.68
0.98 0.97 0.95 0.95 0.95 0.95 0.94 0.93 0.93 0.93 0.93 0.93 0.94 0.94 0.94 0.93 0.92 0.91 0.91 0.92 0.93 0.94 0.97 0.99 0.99 0.98 1.00 1.04 1.12 1.27 1.44 1.54 1.58 1.57 1.39 1.22 1.26 1.32 1.33 1.32 1.31 1.27 1.23 1.24 1.25 1.24 1.22 1.18 1.14 1.14 1.12 1.13 1.22 1.44 1.62 1.58 1.56 1.59 1.54 1.44 1.26 1.10 1.17 1.36 1.40 1.14 0.92 0.99 1.27 1.43 1.24 1.11 1.12 1.12 1.12 1.15 1.23 1.36 1.55 1.67 1.48 1.14 0.89 0.76
0.98 0.97 0.95 0.94 0.93 0.93 0.92 0.92 0.92 0.92 0.92 0.93 0.94 0.94 0.94 0.94 0.94 0.94 0.93 0.92 0.93 0.93 0.95 0.98 1.00 0.99 0.99 1.01 1.09 1.24 1.39 1.51 1.56 1.61 1.48 1.20 1.18 1.25 1.26 1.22 1.24 1.23 1.20 1.17 1.13 1.10 1.08 1.07 1.06 1.08 1.08 1.07 1.07 1.17 1.35 1.39 1.36 1.51 1.73 1.74 1.43 1.13 1.16 1.41 1.60 1.41 1.03 0.89 1.11 1.44 1.46 1.35 1.28 1.20 1.14 1.14 1.20 1.33 1.56 1.80 1.77 1.46 1.19 0.95
0.97 0.97 0.97 0.96 0.94 0.93 0.93 0.93 0.93 0.92 0.92 0.92 0.92 0.93 0.94 0.94 0.94 0.94 0.94 0.94 0.94 0.93 0.93 0.94 0.97 0.99 0.98 0.97 0.97 1.00 1.08 1.23 1.39 1.57 1.66 1.47 1.27 1.24 1.27 1.26 1.25 1.20 1.13 1.08 1.03 0.98 0.97 0.98 1.00 1.02 1.04 1.04 1.02 1.02 1.09 1.15 1.13 1.19 1.49 1.81 1.69 1.30 1.14 1.30 1.63 1.66 1.31 0.94 0.93 1.23 1.44 1.44 1.35 1.22 1.12 1.06 1.06 1.12 1.29 1.65 1.90 1.83 1.60 1.31
0.96 0.96 0.97 0.97 0.97 0.95 0.94 0.94 0.94 0.94 0.93 0.92 0.92 0.93 0.93 0.93 0.94 0.94 0.94 0.94 0.94 0.94 0.93 0.91 0.91 0.92 0.94 0.94 0.91 0.87 0.92 1.07 1.28 1.47 1.65 1.65 1.44 1.25 1.21 1.18 1.16 1.14 1.09 1.05 1.04 1.02 0.97 0.99 1.03 1.07 1.09 1.10 1.10 1.08 1.09 1.14 1.13 1.09 1.21 1.58 1.67 1.33 1.06 1.11 1.47 1.77 1.64 1.25 1.01 1.02 1.15 1.27 1.27 1.15 1.04 0.97 0.93 0.90 0.89 1.10 1.51 1.78 1.83 1.66
0.95 0.94 0.94 0.95 0.96 0.95 0.94 0.93 0.94 0.94 0.93 0.93 0.93 0.93 0.93 0.93 0.93 0.94 0.94 0.94 0.94 0.94 0.93 0.91 0.89 0.89 0.90 0.91 0.90 0.91 0.97 1.07 1.19 1.30 1.40 1.49 1.45 1.32 1.20 1.11 1.05 1.08 1.12 1.10 1.10 1.12 1.09 1.07 1.09 1.10 1.13 1.16 1.20 1.22 1.21 1.23 1.26 1.25 1.25 1.47 1.61 1.35 1.04 0.97 1.20 1.63 1.80 1.59 1.26 1.03 0.97 1.04 1.07 1.03 1.00 0.97 0.93 0.93 0.92 0.88 1.02 1.32 1.65 1.82
0.95 0.95 0.94 0.93 0.94 0.94 0.94 0.93 0.93 0.93 0.94 0.94 0.94 0.94 0.94 0.94 0.94 0.95 0.95 0.95 0.94 0.94 0.93 0.92 0.91 0.90 0.90 0.91 0.97 1.04 1.07 1.07 1.06 1.10 1.20 1.26 1.29 1.28 1.23 1.15 1.10 1.10 1.13 1.17 1.18 1.17 1.16 1.17 1.18 1.18 1.17 1.18 1.25 1.30 1.26 1.25 1.33 1.43 1.46 1.56 1.67 1.50 1.17 0.97 1.00 1.30 1.65 1.66 1.41 1.19 1.07 1.06 1.06 1.05 1.04 1.01 0.95 1.04 1.19 1.12 0.94 1.06 1.38 1.74
