windninja/windninja_output/Output_2025-08-09_0600-0650_Google earth_Fire_150m_10min/merlingen_7.5mi_point_08-09-2025_0650_150m_vel.asc
ncols	158
nrows	163
xllcorner	391686.332397
yllcorner	5160024.123721
cellsize	150.000000
NODATA_value	-32768.000000
[rows 0 to 37 of 163, columns 0 to 83 of 158]
0.43 0.42 0.41 0.41 0.42 0.42 0.41 0.41 0.43 0.43 0.42 0.43 0.46 0.50 0.51 0.47 0.42 0.38 0.38 0.40 0.34 0.33 0.42 0.48 0.47 0.44 0.41 0.42 0.45 0.47 0.47 0.47 0.47 0.46 0.47 0.49 0.46 0.44 0.45 0.44 0.45 0.48 0.49 0.49 0.49 0.48 0.49 0.46 0.45 0.50 0.54 0.56 0.58 0.59 0.58 0.59 0.59 0.59 0.59 0.58 0.58 0.60 0.62 0.63 0.64 0.68 0.70 0.70 0.67 0.63 0.62 0.63 0.65 0.66 0.68 0.69 0.69 0.68 0.66 0.64 0.66 0.67 0.70 0.70
0.43 0.43 0.41 0.40 0.41 0.42 0.40 0.39 0.40 0.40 0.39 0.40 0.42 0.48 0.52 0.52 0.47 0.41 0.41 0.41 0.35 0.30 0.36 0.45 0.49 0.47 0.43 0.41 0.44 0.45 0.46 0.46 0.47 0.46 0.46 0.49 0.49 0.47 0.47 0.45 0.46 0.48 0.49 0.51 0.51 0.51 0.52 0.49 0.45 0.47 0.50 0.52 0.54 0.56 0.56 0.57 0.58 0.59 0.60 0.59 0.57 0.58 0.61 0.61 0.62 0.64 0.68 0.70 0.69 0.65 0.62 0.63 0.65 0.66 0.67 0.69 0.70 0.71 0.69 0.65 0.66 0.67 0.70 0.72
0.43 0.44 0.42 0.40 0.41 0.40 0.40 0.40 0.40 0.39 0.37 0.36 0.37 0.43 0.51 0.57 0.54 0.48 0.47 0.45 0.38 0.30 0.28 0.38 0.49 0.51 0.46 0.42 0.43 0.44 0.45 0.46 0.46 0.46 0.47 0.49 0.51 0.51 0.50 0.48 0.47 0.48 0.50 0.53 0.54 0.54 0.55 0.55 0.51 0.47 0.48 0.50 0.52 0.55 0.55 0.56 0.57 0.59 0.61 0.62 0.59 0.58 0.59 0.60 0.59 0.60 0.64 0.70 0.72 0.67 0.63 0.63 0.64 0.64 0.66 0.67 0.70 0.75 0.73 0.67 0.66 0.70 0.71 0.72
0.41 0.45 0.45 0.42 0.43 0.40 0.40 0.43 0.43 0.41 0.38 0.35 0.36 0.39 0.47 0.55 0.55 0.52 0.51 0.48 0.42 0.34 0.28 0.31 0.44 0.51 0.51 0.48 0.46 0.47 0.48 0.48 0.47 0.46 0.47 0.48 0.49 0.51 0.50 0.49 0.49 0.50 0.51 0.53 0.54 0.55 0.55 0.57 0.57 0.55 0.53 0.53 0.55 0.57 0.57 0.56 0.57 0.57 0.59 0.61 0.61 0.59 0.59 0.60 0.60 0.60 0.63 0.69 0.72 0.68 0.64 0.63 0.64 0.63 0.64 0.64 0.66 0.73 0.76 0.69 0.65 0.72 0.76 0.72
0.38 0.43 0.47 0.45 0.45 0.42 0.40 0.41 0.42 0.41 0.38 0.35 0.34 0.38 0.45 0.53 0.55 0.52 0.51 0.50 0.46 0.39 0.30 0.27 0.37 0.46 0.51 0.52 0.51 0.52 0.54 0.55 0.54 0.51 0.48 0.49 0.50 0.51 0.51 0.50 0.49 0.50 0.53 0.55 0.56 0.56 0.56 0.56 0.57 0.58 0.56 0.54 0.55 0.57 0.59 0.58 0.57 0.57 0.57 0.59 0.60 0.59 0.58 0.60 0.60 0.60 0.62 0.68 0.72 0.68 0.64 0.64 0.64 0.63 0.63 0.63 0.62 0.66 0.73 0.70 0.63 0.66 0.76 0.74
0.36 0.39 0.43 0.45 0.46 0.43 0.41 0.40 0.39 0.38 0.36 0.33 0.31 0.35 0.44 0.49 0.54 0.53 0.50 0.49 0.48 0.42 0.31 0.24 0.29 0.38 0.44 0.49 0.51 0.52 0.54 0.58 0.60 0.58 0.54 0.52 0.52 0.53 0.53 0.53 0.51 0.51 0.53 0.54 0.55 0.56 0.56 0.55 0.55 0.56 0.57 0.56 0.56 0.56 0.58 0.59 0.58 0.58 0.57 0.58 0.59 0.59 0.59 0.60 0.60 0.60 0.61 0.67 0.72 0.69 0.67 0.67 0.65 0.62 0.64 0.67 0.67 0.65 0.66 0.69 0.66 0.64 0.69 0.73
0.38 0.38 0.38 0.41 0.44 0.44 0.42 0.41 0.38 0.36 0.34 0.32 0.29 0.33 0.43 0.47 0.51 0.54 0.52 0.51 0.50 0.47 0.35 0.24 0.24 0.30 0.36 0.41 0.45 0.47 0.50 0.54 0.58 0.60 0.60 0.58 0.56 0.56 0.55 0.55 0.53 0.52 0.52 0.52 0.53 0.54 0.54 0.54 0.54 0.54 0.55 0.58 0.58 0.58 0.59 0.59 0.58 0.58 0.57 0.57 0.58 0.60 0.61 0.63 0.62 0.61 0.62 0.67 0.71 0.68 0.70 0.74 0.71 0.65 0.64 0.69 0.74 0.72 0.66 0.68 0.72 0.69 0.67 0.70
0.41 0.40 0.37 0.36 0.39 0.41 0.42 0.41 0.38 0.35 0.32 0.30 0.29 0.32 0.42 0.46 0.47 0.51 0.53 0.52 0.53 0.52 0.43 0.30 0.22 0.24 0.31 0.35 0.38 0.41 0.45 0.49 0.52 0.55 0.57 0.57 0.56 0.55 0.55 0.55 0.54 0.53 0.52 0.52 0.52 0.52 0.52 0.53 0.52 0.52 0.53 0.56 0.58 0.60 0.62 0.61 0.59 0.58 0.57 0.57 0.57 0.58 0.62 0.66 0.67 0.65 0.64 0.67 0.70 0.67 0.67 0.74 0.76 0.70 0.65 0.67 0.73 0.75 0.68 0.68 0.74 0.71 0.67 0.70
0.41 0.41 0.40 0.37 0.37 0.38 0.39 0.39 0.37 0.34 0.31 0.28 0.27 0.30 0.40 0.46 0.46 0.48 0.51 0.52 0.53 0.53 0.49 0.39 0.28 0.23 0.28 0.33 0.34 0.37 0.42 0.44 0.47 0.51 0.53 0.53 0.52 0.52 0.53 0.53 0.53 0.52 0.51 0.51 0.52 0.51 0.51 0.52 0.51 0.49 0.52 0.54 0.54 0.57 0.63 0.62 0.60 0.60 0.58 0.57 0.55 0.53 0.54 0.61 0.67 0.69 0.67 0.67 0.69 0.68 0.66 0.69 0.71 0.70 0.67 0.66 0.70 0.73 0.69 0.69 0.75 0.71 0.63 0.66
0.41 0.41 0.41 0.40 0.38 0.38 0.38 0.38 0.36 0.34 0.32 0.28 0.25 0.26 0.36 0.44 0.45 0.45 0.47 0.51 0.54 0.54 0.52 0.45 0.37 0.27 0.26 0.32 0.34 0.35 0.41 0.42 0.43 0.48 0.52 0.52 0.51 0.50 0.52 0.52 0.52 0.52 0.51 0.51 0.52 0.50 0.49 0.51 0.49 0.46 0.49 0.53 0.52 0.54 0.60 0.62 0.59 0.58 0.58 0.55 0.53 0.50 0.46 0.49 0.58 0.65 0.66 0.66 0.66 0.69 0.70 0.69 0.67 0.67 0.67 0.66 0.69 0.68 0.67 0.74 0.80 0.77 0.65 0.59
0.41 0.41 0.42 0.41 0.39 0.39 0.38 0.38 0.36 0.34 0.32 0.29 0.25 0.24 0.31 0.39 0.43 0.44 0.44 0.47 0.52 0.54 0.54 0.49 0.43 0.36 0.29 0.31 0.34 0.35 0.40 0.41 0.40 0.44 0.49 0.51 0.51 0.50 0.51 0.52 0.53 0.54 0.53 0.51 0.52 0.50 0.47 0.49 0.48 0.43 0.45 0.49 0.48 0.51 0.56 0.59 0.57 0.53 0.53 0.52 0.51 0.48 0.41 0.41 0.48 0.55 0.59 0.60 0.59 0.65 0.72 0.72 0.67 0.65 0.67 0.68 0.69 0.65 0.60 0.69 0.80 0.85 0.77 0.63
0.41 0.41 0.41 0.41 0.39 0.39 0.38 0.38 0.36 0.35 0.33 0.30 0.26 0.24 0.28 0.35 0.40 0.42 0.42 0.42 0.46 0.50 0.52 0.51 0.46 0.40 0.34 0.32 0.34 0.35 0.38 0.40 0.39 0.42 0.46 0.48 0.49 0.49 0.50 0.51 0.52 0.54 0.53 0.52 0.54 0.53 0.48 0.47 0.47 0.44 0.42 0.42 0.42 0.47 0.50 0.54 0.54 0.51 0.49 0.48 0.50 0.47 0.39 0.37 0.42 0.46 0.49 0.51 0.50 0.57 0.68 0.72 0.70 0.66 0.68 0.73 0.77 0.74 0.64 0.64 0.74 0.84 0.86 0.79
0.42 0.41 0.41 0.41 0.40 0.39 0.38 0.37 0.36 0.35 0.33 0.31 0.28 0.25 0.27 0.33 0.36 0.38 0.41 0.41 0.42 0.44 0.48 0.48 0.46 0.41 0.35 0.33 0.33 0.34 0.36 0.39 0.40 0.41 0.43 0.46 0.47 0.47 0.48 0.49 0.51 0.53 0.53 0.53 0.56 0.56 0.53 0.50 0.49 0.47 0.43 0.41 0.41 0.46 0.50 0.49 0.49 0.48 0.47 0.49 0.51 0.49 0.42 0.39 0.40 0.40 0.41 0.40 0.39 0.48 0.59 0.67 0.70 0.65 0.65 0.73 0.80 0.83 0.77 0.70 0.71 0.78 0.84 0.85
0.42 0.41 0.41 0.40 0.39 0.39 0.38 0.37 0.36 0.35 0.33 0.32 0.29 0.27 0.28 0.33 0.34 0.33 0.36 0.40 0.40 0.41 0.43 0.45 0.44 0.40 0.37 0.35 0.35 0.36 0.37 0.38 0.39 0.40 0.41 0.45 0.47 0.47 0.47 0.47 0.49 0.51 0.50 0.50 0.52 0.53 0.52 0.53 0.56 0.54 0.48 0.43 0.42 0.47 0.53 0.49 0.44 0.42 0.44 0.51 0.56 0.53 0.49 0.45 0.40 0.39 0.37 0.35 0.30 0.32 0.45 0.57 0.65 0.62 0.58 0.60 0.67 0.75 0.76 0.72 0.70 0.72 0.75 0.80
0.42 0.41 0.40 0.40 0.39 0.38 0.38 0.37 0.36 0.35 0.33 0.32 0.29 0.28 0.31 0.35 0.36 0.32 0.32 0.36 0.38 0.39 0.41 0.43 0.42 0.40 0.38 0.37 0.37 0.37 0.39 0.39 0.38 0.39 0.39 0.44 0.47 0.48 0.47 0.45 0.47 0.48 0.49 0.49 0.48 0.49 0.47 0.46 0.56 0.63 0.59 0.49 0.47 0.52 0.58 0.54 0.44 0.38 0.40 0.52 0.62 0.59 0.56 0.52 0.48 0.45 0.40 0.38 0.31 0.22 0.27 0.45 0.56 0.56 0.53 0.52 0.58 0.64 0.67 0.65 0.63 0.63 0.66 0.72
0.42 0.41 0.40 0.39 0.39 0.38 0.37 0.36 0.36 0.35 0.33 0.32 0.29 0.27 0.29 0.37 0.40 0.36 0.32 0.34 0.36 0.37 0.39 0.41 0.42 0.40 0.37 0.37 0.38 0.38 0.40 0.42 0.41 0.40 0.40 0.41 0.44 0.47 0.47 0.46 0.46 0.46 0.49 0.52 0.48 0.49 0.49 0.42 0.44 0.59 0.66 0.60 0.55 0.60 0.65 0.67 0.59 0.44 0.41 0.52 0.63 0.64 0.60 0.55 0.58 0.59 0.52 0.47 0.41 0.24 0.18 0.30 0.43 0.47 0.48 0.50 0.55 0.59 0.63 0.65 0.61 0.57 0.60 0.64
0.42 0.41 0.40 0.39 0.38 0.38 0.37 0.36 0.35 0.35 0.33 0.32 0.30 0.26 0.26 0.34 0.39 0.39 0.36 0.35 0.35 0.36 0.37 0.39 0.41 0.41 0.38 0.37 0.39 0.40 0.41 0.42 0.42 0.42 0.42 0.42 0.43 0.45 0.46 0.47 0.48 0.47 0.50 0.55 0.52 0.50 0.54 0.51 0.43 0.48 0.60 0.63 0.61 0.63 0.66 0.72 0.72 0.58 0.47 0.55 0.65 0.66 0.61 0.54 0.58 0.66 0.63 0.55 0.51 0.38 0.23 0.23 0.31 0.35 0.40 0.46 0.51 0.58 0.63 0.66 0.63 0.58 0.59 0.61
0.41 0.41 0.40 0.39 0.38 0.37 0.37 0.36 0.35 0.35 0.33 0.32 0.31 0.28 0.26 0.30 0.35 0.37 0.37 0.36 0.35 0.35 0.35 0.37 0.39 0.40 0.38 0.35 0.36 0.39 0.41 0.41 0.41 0.43 0.45 0.46 0.45 0.45 0.46 0.48 0.50 0.49 0.50 0.53 0.54 0.52 0.52 0.54 0.54 0.52 0.52 0.55 0.59 0.61 0.63 0.67 0.72 0.68 0.58 0.60 0.67 0.69 0.64 0.57 0.58 0.66 0.69 0.62 0.56 0.50 0.39 0.28 0.29 0.30 0.29 0.37 0.45 0.55 0.64 0.65 0.61 0.59 0.58 0.59
0.41 0.41 0.40 0.39 0.38 0.37 0.36 0.36 0.35 0.34 0.34 0.32 0.31 0.29 0.27 0.28 0.32 0.34 0.35 0.35 0.35 0.34 0.34 0.34 0.36 0.38 0.37 0.35 0.34 0.36 0.39 0.40 0.41 0.44 0.48 0.50 0.49 0.46 0.45 0.47 0.48 0.49 0.51 0.51 0.52 0.54 0.51 0.49 0.53 0.57 0.53 0.50 0.52 0.57 0.61 0.64 0.68 0.69 0.64 0.62 0.69 0.72 0.66 0.61 0.60 0.64 0.71 0.68 0.61 0.56 0.49 0.40 0.38 0.36 0.28 0.29 0.36 0.47 0.59 0.61 0.58 0.58 0.54 0.55
0.41 0.40 0.39 0.39 0.38 0.37 0.36 0.35 0.35 0.34 0.33 0.33 0.32 0.30 0.29 0.29 0.31 0.33 0.33 0.34 0.34 0.34 0.34 0.34 0.35 0.37 0.37 0.36 0.36 0.36 0.38 0.39 0.41 0.43 0.46 0.49 0.49 0.46 0.45 0.47 0.49 0.50 0.53 0.53 0.53 0.55 0.55 0.49 0.49 0.56 0.56 0.52 0.49 0.51 0.57 0.61 0.66 0.69 0.68 0.64 0.68 0.72 0.67 0.61 0.60 0.62 0.68 0.70 0.66 0.62 0.55 0.48 0.48 0.47 0.39 0.34 0.37 0.46 0.56 0.60 0.59 0.58 0.53 0.51
0.41 0.40 0.39 0.38 0.37 0.37 0.36 0.35 0.34 0.33 0.33 0.33 0.32 0.31 0.30 0.30 0.31 0.32 0.33 0.33 0.33 0.34 0.34 0.34 0.35 0.37 0.37 0.37 0.37 0.37 0.37 0.39 0.42 0.45 0.47 0.50 0.52 0.50 0.48 0.50 0.51 0.52 0.54 0.55 0.55 0.56 0.56 0.52 0.50 0.54 0.57 0.55 0.51 0.48 0.50 0.54 0.60 0.66 0.70 0.68 0.68 0.73 0.70 0.61 0.61 0.63 0.65 0.68 0.68 0.64 0.59 0.54 0.52 0.51 0.46 0.42 0.47 0.56 0.64 0.66 0.64 0.61 0.56 0.50
0.40 0.40 0.39 0.38 0.37 0.36 0.36 0.35 0.34 0.33 0.32 0.33 0.32 0.31 0.31 0.31 0.31 0.32 0.33 0.33 0.33 0.34 0.34 0.34 0.35 0.37 0.37 0.37 0.38 0.37 0.36 0.37 0.42 0.47 0.49 0.52 0.55 0.54 0.50 0.51 0.52 0.54 0.55 0.56 0.56 0.56 0.55 0.53 0.52 0.55 0.58 0.58 0.55 0.50 0.47 0.49 0.53 0.59 0.66 0.71 0.71 0.75 0.75 0.65 0.62 0.63 0.63 0.67 0.69 0.65 0.61 0.58 0.57 0.55 0.46 0.40 0.46 0.61 0.73 0.78 0.74 0.66 0.61 0.53
0.40 0.39 0.38 0.37 0.36 0.36 0.35 0.35 0.34 0.33 0.32 0.32 0.32 0.31 0.31 0.31 0.31 0.32 0.33 0.33 0.33 0.34 0.34 0.34 0.35 0.36 0.37 0.38 0.38 0.38 0.36 0.36 0.40 0.45 0.47 0.48 0.51 0.53 0.51 0.49 0.51 0.53 0.56 0.58 0.59 0.58 0.56 0.55 0.54 0.55 0.59 0.59 0.58 0.55 0.50 0.49 0.51 0.54 0.58 0.69 0.73 0.77 0.78 0.69 0.64 0.63 0.63 0.67 0.70 0.68 0.64 0.61 0.62 0.61 0.50 0.39 0.40 0.53 0.71 0.85 0.88 0.79 0.73 0.62
0.39 0.39 0.38 0.37 0.36 0.35 0.34 0.34 0.34 0.33 0.32 0.31 0.32 0.32 0.31 0.31 0.31 0.32 0.32 0.33 0.33 0.34 0.34 0.34 0.35 0.36 0.37 0.38 0.39 0.37 0.34 0.33 0.37 0.42 0.45 0.47 0.47 0.49 0.50 0.48 0.49 0.51 0.55 0.59 0.61 0.60 0.58 0.58 0.56 0.55 0.59 0.59 0.58 0.58 0.54 0.51 0.51 0.52 0.52 0.62 0.72 0.78 0.79 0.71 0.63 0.61 0.62 0.66 0.69 0.69 0.66 0.64 0.65 0.63 0.55 0.43 0.37 0.43 0.57 0.75 0.90 0.90 0.86 0.77
0.39 0.38 0.37 0.36 0.36 0.35 0.34 0.33 0.33 0.33 0.32 0.31 0.31 0.31 0.31 0.31 0.31 0.31 0.32 0.32 0.33 0.33 0.34 0.34 0.35 0.36 0.37 0.39 0.40 0.37 0.33 0.31 0.33 0.38 0.44 0.47 0.48 0.48 0.48 0.47 0.47 0.49 0.54 0.60 0.64 0.61 0.59 0.60 0.59 0.57 0.58 0.60 0.59 0.59 0.57 0.54 0.54 0.53 0.50 0.54 0.66 0.77 0.80 0.73 0.62 0.56 0.57 0.61 0.65 0.66 0.64 0.63 0.65 0.63 0.56 0.48 0.40 0.37 0.43 0.58 0.78 0.90 0.93 0.92
0.38 0.38 0.36 0.36 0.35 0.34 0.33 0.33 0.33 0.32 0.31 0.31 0.30 0.30 0.31 0.31 0.31 0.31 0.31 0.32 0.32 0.33 0.33 0.34 0.35 0.36 0.39 0.42 0.43 0.39 0.33 0.31 0.31 0.34 0.41 0.47 0.50 0.52 0.49 0.45 0.45 0.47 0.50 0.57 0.62 0.61 0.61 0.62 0.61 0.60 0.60 0.61 0.59 0.57 0.56 0.54 0.55 0.56 0.53 0.51 0.59 0.72 0.78 0.76 0.69 0.61 0.58 0.60 0.65 0.68 0.66 0.63 0.62 0.59 0.55 0.54 0.52 0.43 0.35 0.43 0.62 0.79 0.89 0.98
0.38 0.37 0.36 0.35 0.34 0.33 0.32 0.32 0.32 0.31 0.31 0.30 0.30 0.30 0.30 0.30 0.30 0.31 0.31 0.31 0.32 0.32 0.33 0.33 0.34 0.36 0.39 0.44 0.47 0.44 0.38 0.33 0.31 0.29 0.34 0.42 0.49 0.56 0.53 0.46 0.45 0.46 0.48 0.55 0.59 0.59 0.65 0.67 0.65 0.63 0.64 0.65 0.63 0.59 0.54 0.52 0.55 0.60 0.59 0.56 0.61 0.69 0.71 0.71 0.71 0.69 0.64 0.63 0.68 0.74 0.74 0.67 0.59 0.55 0.52 0.55 0.64 0.60 0.38 0.32 0.46 0.61 0.73 0.86
0.37 0.37 0.35 0.34 0.34 0.33 0.32 0.32 0.31 0.31 0.31 0.30 0.30 0.29 0.29 0.29 0.30 0.30 0.30 0.31 0.31 0.32 0.32 0.33 0.34 0.35 0.37 0.45 0.50 0.50 0.46 0.41 0.34 0.30 0.28 0.32 0.41 0.54 0.57 0.49 0.45 0.47 0.48 0.53 0.57 0.58 0.65 0.72 0.72 0.65 0.65 0.71 0.71 0.67 0.58 0.49 0.54 0.65 0.67 0.64 0.68 0.72 0.65 0.60 0.64 0.67 0.65 0.64 0.69 0.76 0.80 0.72 0.59 0.53 0.48 0.49 0.64 0.75 0.57 0.34 0.34 0.45 0.56 0.68
0.36 0.36 0.35 0.34 0.33 0.32 0.31 0.31 0.30 0.30 0.30 0.30 0.29 0.29 0.29 0.29 0.29 0.29 0.30 0.31 0.31 0.32 0.32 0.32 0.32 0.33 0.36 0.43 0.51 0.55 0.56 0.52 0.43 0.37 0.32 0.29 0.36 0.50 0.58 0.53 0.49 0.51 0.52 0.54 0.56 0.57 0.62 0.71 0.78 0.72 0.65 0.73 0.78 0.76 0.66 0.51 0.52 0.66 0.73 0.70 0.72 0.75 0.69 0.60 0.60 0.63 0.62 0.64 0.69 0.75 0.81 0.76 0.65 0.57 0.48 0.44 0.52 0.74 0.72 0.48 0.32 0.33 0.44 0.56
0.35 0.35 0.34 0.33 0.32 0.31 0.31 0.30 0.30 0.29 0.29 0.29 0.29 0.29 0.29 0.28 0.29 0.29 0.29 0.30 0.31 0.31 0.31 0.31 0.31 0.31 0.34 0.39 0.47 0.54 0.61 0.64 0.57 0.48 0.40 0.36 0.40 0.51 0.59 0.56 0.55 0.57 0.58 0.59 0.57 0.57 0.61 0.67 0.77 0.79 0.74 0.77 0.83 0.85 0.78 0.61 0.54 0.62 0.75 0.77 0.72 0.70 0.71 0.66 0.61 0.60 0.57 0.61 0.71 0.76 0.76 0.73 0.69 0.62 0.52 0.47 0.52 0.69 0.79 0.63 0.38 0.27 0.34 0.48
0.35 0.34 0.33 0.32 0.32 0.31 0.30 0.29 0.29 0.29 0.29 0.29 0.29 0.29 0.28 0.28 0.28 0.28 0.29 0.30 0.30 0.30 0.31 0.31 0.30 0.30 0.30 0.33 0.38 0.44 0.52 0.62 0.63 0.58 0.49 0.42 0.45 0.52 0.59 0.57 0.56 0.58 0.60 0.63 0.62 0.59 0.60 0.63 0.69 0.75 0.76 0.77 0.83 0.89 0.85 0.69 0.59 0.59 0.72 0.84 0.74 0.61 0.64 0.68 0.63 0.57 0.51 0.56 0.72 0.79 0.70 0.63 0.63 0.60 0.54 0.54 0.57 0.69 0.83 0.77 0.50 0.31 0.31 0.42
0.34 0.33 0.32 0.32 0.31 0.30 0.29 0.29 0.29 0.28 0.28 0.28 0.28 0.28 0.28 0.28 0.28 0.28 0.28 0.29 0.30 0.30 0.30 0.31 0.30 0.29 0.29 0.31 0.34 0.38 0.45 0.53 0.59 0.60 0.52 0.42 0.43 0.50 0.56 0.56 0.55 0.54 0.54 0.57 0.58 0.57 0.57 0.57 0.59 0.61 0.62 0.65 0.72 0.84 0.85 0.73 0.68 0.68 0.74 0.85 0.77 0.60 0.60 0.69 0.69 0.57 0.47 0.53 0.74 0.83 0.68 0.57 0.57 0.55 0.52 0.55 0.59 0.69 0.85 0.88 0.68 0.44 0.36 0.40
0.33 0.32 0.31 0.30 0.30 0.29 0.28 0.28 0.28 0.28 0.28 0.28 0.28 0.28 0.28 0.28 0.28 0.28 0.28 0.28 0.29 0.29 0.30 0.30 0.30 0.29 0.29 0.30 0.34 0.40 0.48 0.54 0.57 0.61 0.53 0.38 0.38 0.47 0.50 0.50 0.52 0.50 0.49 0.52 0.52 0.52 0.54 0.55 0.55 0.56 0.57 0.57 0.62 0.73 0.80 0.73 0.71 0.79 0.86 0.88 0.75 0.57 0.58 0.71 0.78 0.64 0.46 0.50 0.74 0.87 0.72 0.61 0.59 0.54 0.51 0.53 0.57 0.68 0.84 0.94 0.81 0.60 0.48 0.43
0.32 0.31 0.30 0.29 0.29 0.28 0.27 0.27 0.27 0.27 0.27 0.27 0.28 0.28 0.28 0.28 0.28 0.28 0.28 0.28 0.29 0.29 0.29 0.30 0.30 0.29 0.28 0.29 0.31 0.37 0.44 0.52 0.56 0.64 0.59 0.39 0.34 0.45 0.49 0.49 0.51 0.50 0.50 0.51 0.50 0.50 0.52 0.53 0.53 0.55 0.57 0.56 0.57 0.62 0.70 0.68 0.65 0.76 0.94 0.99 0.81 0.57 0.54 0.70 0.86 0.78 0.53 0.45 0.64 0.85 0.79 0.68 0.64 0.57 0.52 0.51 0.54 0.63 0.81 0.98 0.96 0.78 0.65 0.54
0.30 0.30 0.29 0.29 0.28 0.27 0.27 0.27 0.27 0.27 0.26 0.27 0.27 0.27 0.28 0.28 0.28 0.29 0.29 0.29 0.29 0.29 0.28 0.28 0.29 0.29 0.29 0.27 0.27 0.29 0.35 0.44 0.51 0.61 0.65 0.51 0.38 0.44 0.50 0.50 0.52 0.51 0.50 0.50 0.49 0.49 0.50 0.51 0.52 0.54 0.56 0.56 0.56 0.56 0.59 0.62 0.60 0.64 0.83 1.02 0.94 0.65 0.50 0.61 0.86 0.91 0.71 0.51 0.54 0.72 0.76 0.73 0.68 0.59 0.52 0.48 0.48 0.53 0.67 0.90 1.03 0.97 0.86 0.73
0.29 0.29 0.28 0.28 0.28 0.27 0.26 0.26 0.26 0.26 0.26 0.26 0.27 0.27 0.28 0.28 0.28 0.29 0.29 0.29 0.29 0.29 0.28 0.28 0.27 0.27 0.28 0.27 0.26 0.26 0.30 0.37 0.46 0.55 0.64 0.61 0.49 0.45 0.49 0.50 0.50 0.51 0.51 0.50 0.51 0.52 0.50 0.51 0.54 0.55 0.57 0.58 0.59 0.57 0.58 0.61 0.62 0.61 0.69 0.93 0.97 0.70 0.47 0.50 0.76 0.96 0.90 0.69 0.58 0.60 0.63 0.68 0.68 0.60 0.52 0.46 0.44 0.46 0.51 0.63 0.84 0.97 1.00 0.93
0.28 0.27 0.27 0.27 0.27 0.26 0.25 0.26 0.26 0.26 0.26 0.27 0.27 0.27 0.28 0.28 0.28 0.29 0.29 0.29 0.29 0.29 0.29 0.28 0.27 0.27 0.26 0.26 0.27 0.28 0.30 0.34 0.41 0.49 0.56 0.59 0.55 0.51 0.50 0.50 0.48 0.50 0.53 0.52 0.53 0.55 0.53 0.53 0.55 0.56 0.58 0.59 0.61 0.61 0.61 0.63 0.66 0.67 0.69 0.85 0.94 0.74 0.49 0.43 0.59 0.88 0.99 0.88 0.71 0.58 0.55 0.61 0.63 0.57 0.51 0.47 0.45 0.49 0.53 0.53 0.59 0.75 0.93 1.04
0.26 0.26 0.25 0.25 0.25 0.25 0.25 0.25 0.26 0.26 0.27 0.27 0.27 0.28 0.28 0.28 0.29 0.29 0.29 0.29 0.30 0.30 0.29 0.29 0.28 0.27 0.26 0.26 0.28 0.30 0.31 0.33 0.37 0.43 0.51 0.52 0.52 0.53 0.54 0.52 0.50 0.51 0.53 0.54 0.56 0.57 0.55 0.56 0.58 0.59 0.59 0.58 0.60 0.64 0.64 0.62 0.66 0.73 0.76 0.85 0.94 0.81 0.57 0.43 0.47 0.70 0.95 0.97 0.80 0.64 0.59 0.62 0.62 0.56 0.51 0.50 0.47 0.50 0.64 0.64 0.53 0.59 0.78 0.98
