windninja/windninja_output/Output_2025-08-09_0600-0650_Google earth_Fire_150m_10min/merlingen_7.5mi_point_08-09-2025_0610_150m_ang.asc
ncols	158
nrows	163
xllcorner	391686.332397
yllcorner	5160024.123721
cellsize	150.000000
NODATA_value	-32768.000000
[rows 42 to 83 of 163, columns 0 to 93 of 158]
227 227 226 225 224 223 222 221 221 220 219 219 218 218 218 217 217 217 217 216 216 215 215 215 215 213 213 212 210 212 215 216 215 212 209 208 210 212 211 210 211 213 213 212 210 207 209 211 212 214 221 221 213 210 217 222 221 221 226 230 229 224 222 223 222 223 223 222 220 217 217 219 217 209 209 213 203 193 197 209 216 217 220 224 224 221 217 217 219 221 224 228 233 236
226 226 225 224 223 223 222 221 221 220 219 219 218 218 218 218 217 217 217 217 216 216 215 215 215 214 213 213 212 213 215 216 214 209 205 203 204 207 207 208 213 216 216 215 212 212 215 218 219 221 225 223 216 213 218 223 224 224 228 231 231 228 226 223 222 222 218 216 215 211 209 212 211 206 207 208 201 195 199 209 215 217 221 224 223 220 218 221 224 225 226 227 233 238
225 225 225 224 223 223 222 221 221 220 219 219 219 218 218 218 218 217 217 217 216 216 216 216 216 215 214 214 213 213 215 215 213 209 204 200 202 208 210 212 216 218 219 218 216 216 219 221 221 220 220 219 215 213 218 223 224 225 227 229 229 228 227 225 225 223 219 216 212 208 208 211 211 209 210 209 202 199 204 212 216 218 220 224 224 221 221 224 227 229 229 230 238 241
224 224 224 224 223 223 222 221 221 220 220 219 219 218 218 218 217 217 217 217 216 216 216 216 216 215 215 215 215 214 214 214 212 209 205 203 205 211 214 214 215 218 221 220 215 216 219 220 219 218 219 220 219 218 221 225 226 226 227 226 225 225 223 222 223 223 221 218 212 211 214 216 217 217 216 213 205 201 207 212 214 217 223 228 226 223 223 226 229 231 232 235 242 242
223 223 223 223 223 223 223 222 221 220 220 219 219 218 218 218 218 218 218 217 217 217 217 216 216 216 216 216 215 215 214 214 213 210 206 206 208 211 212 212 214 219 223 220 216 218 219 220 219 219 220 221 221 222 224 226 227 227 227 223 221 221 220 219 221 223 222 220 216 215 220 222 224 223 220 215 207 202 207 213 217 223 229 231 228 225 225 226 228 230 233 237 241 239
223 223 223 223 224 225 224 222 221 221 220 219 219 219 219 218 218 218 218 218 218 217 217 217 217 217 217 216 216 216 215 215 214 212 209 209 210 211 211 212 215 219 221 218 216 218 220 221 221 219 220 221 222 223 223 223 225 226 225 220 216 219 222 222 225 226 223 222 218 217 221 223 225 224 221 217 210 207 211 220 227 231 232 230 227 226 226 226 227 230 232 236 237 235
222 222 222 222 224 226 225 223 222 221 221 220 219 219 219 219 219 219 219 218 218 218 218 218 218 217 217 217 216 216 216 215 215 214 211 210 212 212 212 213 216 220 220 216 216 219 221 221 220 218 219 222 224 225 224 223 225 224 221 216 213 221 226 228 230 229 225 222 219 219 222 224 225 224 222 218 214 213 217 225 229 231 229 226 224 223 224 224 226 228 231 234 234 233
223 222 221 222 224 227 226 224 222 221 221 220 220 220 220 220 219 219 219 219 218 218 218 218 218 218 217 217 217 217 216 216 215 215 213 211 212 212 212 213 217 220 219 215 217 221 223 221 219 217 217 221 224 223 222 222 224 222 218 214 215 223 229 232 232 228 224 221 220 221 222 223 224 223 221 218 215 214 217 223 226 227 225 223 222 221 221 221 223 225 228 232 233 232
224 223 220 220 223 225 225 224 222 221 221 221 220 220 220 220 220 219 219 219 219 218 218 218 218 218 217 217 217 217 217 217 216 216 214 213 212 213 213 214 217 218 216 214 218 224 224 222 222 220 220 223 223 219 218 220 221 220 217 217 219 226 233 236 232 226 223 221 221 222 224 224 224 222 220 217 214 214 217 222 224 225 224 222 222 221 220 221 224 226 228 230 232 232
227 224 219 219 223 223 223 224 222 221 220 220 220 220 220 220 220 219 219 219 219 219 218 218 218 218 218 218 218 218 217 217 217 216 216 215 214 214 214 214 216 218 216 214 219 225 224 222 223 224 223 224 223 220 219 222 222 221 219 220 223 228 236 238 232 225 221 220 221 222 224 224 223 221 219 218 216 215 217 221 224 226 227 225 223 223 223 225 227 228 228 230 232 233
229 225 218 220 224 224 223 224 223 220 219 220 221 221 221 221 221 220 220 220 219 219 219 219 219 219 218 218 218 218 218 218 217 217 217 216 216 216 215 214 216 219 217 214 218 223 222 218 219 218 215 216 218 219 222 225 224 222 221 223 225 229 237 238 230 222 219 218 220 222 222 221 220 219 220 219 218 217 219 222 223 226 229 229 229 229 228 228 230 230 229 230 231 231
228 225 218 219 223 222 221 224 225 222 220 221 221 221 221 221 221 220 220 220 220 220 220 220 219 219 219 219 219 218 218 218 218 218 218 217 217 217 216 214 215 219 217 213 215 221 218 213 213 213 211 213 216 219 224 227 223 221 222 224 226 230 237 237 227 218 215 215 218 220 219 217 217 218 220 220 219 220 224 225 224 225 227 227 229 232 232 230 230 230 230 230 228 227
224 223 219 217 221 221 219 223 225 225 222 222 222 221 221 221 221 221 221 221 220 220 220 220 220 219 219 219 219 219 219 219 218 218 218 218 218 218 217 215 216 219 219 216 216 218 215 209 210 212 212 216 219 222 228 227 220 218 221 224 225 230 236 234 223 214 210 210 214 216 215 215 217 220 221 221 220 222 225 224 222 224 224 223 224 228 230 231 230 229 229 229 226 225
221 222 222 220 224 225 222 223 225 226 224 223 223 222 222 222 222 221 221 221 221 221 220 220 220 220 220 219 219 219 219 219 219 219 219 219 219 218 218 217 218 221 222 221 218 216 213 209 209 210 212 217 219 224 230 226 217 217 220 223 224 227 232 230 221 212 208 207 212 215 215 217 220 221 221 220 219 222 224 222 220 222 223 222 222 223 224 225 227 229 231 231 228 227
221 222 223 223 225 228 226 224 226 227 226 223 224 223 222 222 222 222 222 221 221 221 221 221 220 220 220 220 220 220 220 219 219 219 219 219 219 219 219 219 220 221 221 220 218 214 210 208 208 208 210 218 220 225 230 224 215 216 220 222 224 227 230 228 221 212 209 209 214 218 219 219 220 219 219 218 218 221 221 219 218 221 222 222 222 222 221 221 223 227 234 236 233 229
222 222 223 222 222 224 226 224 225 227 225 222 223 224 223 223 223 222 222 222 222 221 221 221 220 220 220 220 220 220 220 220 220 220 220 220 220 220 220 220 220 220 219 219 218 215 212 209 209 206 209 219 223 228 231 221 213 215 219 221 223 227 230 229 222 213 209 210 215 218 218 218 218 217 217 216 216 219 218 217 217 219 222 223 225 226 225 224 223 225 230 232 226 226
222 222 222 223 222 223 224 224 224 226 224 221 222 225 225 224 224 223 222 222 222 222 222 221 221 220 221 220 220 220 220 220 220 220 220 220 220 220 220 220 220 220 220 219 219 218 217 214 211 207 208 220 226 229 229 220 212 216 221 222 224 226 229 228 223 215 209 208 211 214 216 216 217 217 216 214 215 217 215 214 215 218 221 223 226 228 228 227 226 225 228 228 224 229
222 222 222 224 224 225 225 225 225 227 226 223 223 225 225 225 224 224 223 222 222 222 222 222 221 221 221 221 221 221 221 221 221 220 220 220 220 220 220 220 220 220 220 220 220 219 219 217 214 208 205 217 226 228 227 220 215 220 224 224 225 226 228 228 224 217 209 205 208 214 216 216 217 216 214 214 216 216 215 215 216 219 221 222 223 226 227 227 227 228 232 233 231 235
222 222 223 224 225 226 227 227 228 228 226 222 222 224 224 224 224 224 224 223 222 222 222 221 221 221 221 221 221 221 221 221 221 221 221 221 221 221 221 221 221 220 220 220 220 220 219 218 215 210 204 215 227 229 227 221 219 224 226 226 226 227 228 228 224 219 211 204 209 217 217 216 216 216 213 213 216 216 216 217 218 221 222 222 222 224 225 227 229 233 235 234 233 232
222 223 224 224 225 226 227 228 228 227 225 221 220 222 223 223 223 223 224 223 223 223 223 222 222 222 222 222 222 221 221 221 221 221 221 221 221 221 221 221 221 221 221 220 220 220 219 219 217 214 209 216 229 232 228 224 226 229 229 229 228 228 229 228 225 220 213 206 212 217 216 216 216 216 213 214 217 216 216 217 219 221 224 225 225 226 227 229 233 236 234 232 230 228
225 225 226 225 225 226 226 227 228 227 225 222 221 222 222 223 223 223 223 223 224 223 223 223 222 223 223 222 222 222 222 222 221 221 221 221 221 221 221 221 221 221 221 221 221 220 220 220 219 217 214 216 228 232 228 227 231 232 231 229 228 228 227 226 224 221 213 209 214 216 215 216 217 215 213 215 216 217 216 217 219 222 224 227 228 230 234 235 236 235 231 231 230 228
229 228 228 227 227 226 227 227 227 227 227 225 223 222 222 223 223 223 223 223 223 223 223 223 222 223 223 223 222 222 222 222 222 222 222 222 222 222 222 221 221 221 221 221 221 221 221 221 220 220 217 216 224 227 222 225 232 233 230 228 225 223 224 226 228 225 217 214 215 214 215 216 217 214 212 214 215 216 215 216 219 221 223 226 227 231 237 238 239 235 230 230 229 228
233 231 229 229 229 229 229 230 229 228 228 227 223 221 222 222 222 222 223 223 222 223 223 223 222 223 224 223 223 223 222 222 222 222 222 222 222 222 222 222 222 222 222 221 221 221 221 221 221 221 220 219 222 225 220 222 230 231 229 226 222 221 226 233 237 231 220 215 214 213 214 216 217 214 211 212 213 212 211 213 217 219 222 225 227 234 237 237 235 230 228 228 228 229
232 229 227 228 228 229 229 231 232 231 230 229 225 221 222 222 222 222 223 223 222 222 223 223 223 223 224 223 223 223 222 222 222 222 222 222 222 222 222 222 222 222 222 222 222 222 222 222 222 222 222 222 224 226 223 222 229 230 228 226 222 222 228 232 230 223 216 213 212 213 214 216 217 214 210 209 210 209 209 213 218 221 223 225 229 236 237 234 229 224 225 226 228 230
225 224 225 227 228 228 226 227 229 229 229 229 226 222 221 222 222 223 223 223 221 220 222 223 222 223 224 223 223 223 223 223 223 223 222 222 222 222 222 222 222 222 222 222 222 222 222 222 222 223 223 223 225 227 227 227 232 232 230 228 221 216 221 223 221 218 214 212 212 213 214 217 218 213 209 208 208 208 208 213 218 220 220 221 227 233 234 229 225 224 224 225 227 229
210 215 219 222 225 225 221 222 226 229 229 227 225 222 221 222 223 222 223 223 221 220 220 221 221 223 225 226 226 225 224 223 223 223 223 223 223 222 222 222 222 222 222 222 222 223 223 223 223 223 224 224 225 227 229 232 239 241 238 232 220 213 218 221 221 218 215 213 214 215 215 217 218 213 209 207 207 206 206 210 213 215 217 218 228 236 234 227 225 224 223 224 228 229
188 203 212 214 217 216 212 215 223 228 227 224 223 222 220 220 222 223 222 223 223 221 221 220 220 220 224 228 228 227 225 224 224 223 223 223 223 223 223 223 223 223 223 223 223 223 223 223 223 224 224 225 225 226 228 232 237 242 243 237 226 220 223 225 223 220 217 215 214 214 215 218 219 214 209 209 207 205 204 208 212 216 221 226 239 244 234 225 224 223 224 225 229 230
180 196 212 214 217 216 210 209 217 221 217 214 214 215 214 215 218 222 223 223 223 223 223 222 220 219 224 228 228 228 227 225 224 224 223 223 223 223 223 223 223 223 223 223 223 223 223 223 224 224 224 225 225 226 228 229 232 235 238 237 232 230 231 230 228 224 220 217 215 214 215 219 220 213 209 210 209 206 204 210 216 223 229 236 248 247 231 224 224 223 223 225 227 229
198 208 225 233 234 229 220 214 219 222 217 213 213 213 213 214 216 220 222 222 223 224 225 225 221 219 224 227 226 226 226 226 225 224 224 223 223 223 223 223 223 223 223 223 223 223 223 224 224 224 224 225 225 226 227 228 229 230 232 232 232 233 236 239 238 234 229 224 220 217 216 219 219 211 209 211 211 208 206 212 221 229 235 243 250 243 228 224 224 223 223 223 225 225
216 220 233 245 250 247 240 234 237 235 229 226 225 223 221 218 218 219 220 220 222 224 226 225 219 216 221 224 224 223 224 225 225 225 224 224 223 223 223 223 223 223 223 223 223 223 224 224 224 224 224 225 225 226 226 227 228 228 229 229 230 231 233 236 239 240 240 238 231 223 219 222 220 212 211 213 213 209 208 216 226 233 239 248 248 234 223 222 223 224 224 224 224 222
226 228 234 240 245 247 247 248 251 248 242 240 239 235 232 227 224 223 222 220 220 221 223 222 216 213 220 224 224 223 222 223 225 225 224 224 224 223 223 223 223 223 223 223 224 224 224 224 224 224 225 225 225 226 226 226 227 227 228 228 228 229 230 231 232 235 238 240 238 234 231 232 227 218 215 216 216 212 210 218 228 236 244 249 242 225 219 221 225 226 224 225 226 225
233 235 239 241 244 246 246 248 250 247 242 240 237 235 233 231 229 228 226 223 221 220 220 219 216 213 219 224 225 224 223 222 224 224 223 223 224 224 223 223 223 223 223 224 224 224 224 224 224 225 225 225 225 225 226 226 226 227 227 227 227 228 228 229 229 230 231 232 233 237 242 244 237 226 221 220 220 217 213 219 230 238 246 244 233 222 219 222 226 226 223 224 228 231
240 242 246 247 249 250 249 248 247 245 241 239 235 233 231 229 228 229 228 226 224 224 223 221 218 215 217 222 225 226 224 223 223 223 221 221 222 223 223 223 223 223 224 224 224 224 224 224 225 225 225 225 225 225 225 226 226 226 226 227 227 227 227 228 228 228 228 228 230 232 235 238 236 228 222 221 220 217 214 219 231 239 242 236 226 221 222 224 226 225 223 221 220 227
245 247 251 255 258 257 256 253 248 244 242 240 237 234 232 230 228 228 227 226 226 226 226 224 221 217 219 222 224 225 225 223 224 224 223 222 222 223 223 223 223 223 224 224 224 224 225 225 225 225 225 225 225 225 225 226 226 226 226 226 226 226 227 227 227 227 227 227 228 229 229 229 228 224 221 221 217 214 213 220 232 238 238 230 223 220 222 224 226 229 230 223 220 231
247 249 255 262 267 268 266 260 254 248 244 240 237 235 233 230 229 228 227 226 226 226 225 225 223 220 221 224 224 224 225 225 226 228 228 226 224 224 223 223 223 223 224 224 224 225 225 225 225 225 225 225 225 225 225 225 225 226 226 226 226 226 226 226 226 226 227 227 227 227 227 226 225 223 221 221 217 210 212 224 235 238 235 230 227 226 227 229 231 236 239 235 235 239
251 253 257 264 273 278 277 270 262 253 246 240 237 235 234 231 229 229 227 226 226 225 225 224 222 221 224 226 225 225 226 227 228 228 228 226 224 225 224 223 222 223 224 224 225 225 225 225 226 226 226 225 225 225 225 225 225 225 225 226 226 226 226 226 226 226 226 226 226 226 226 225 224 224 222 221 216 209 213 230 238 236 234 232 232 236 238 236 236 237 234 230 233 237
256 255 253 261 276 285 287 280 267 254 244 238 235 234 233 231 229 228 227 226 226 225 225 224 220 220 224 226 226 224 225 226 225 225 225 224 223 224 224 224 223 223 224 225 225 225 226 226 226 226 226 226 226 225 225 225 225 225 225 225 225 226 226 226 226 226 226 226 226 226 225 225 224 224 223 221 216 209 215 233 237 231 229 230 228 229 231 230 229 228 227 227 230 233
255 252 245 248 264 279 284 276 262 248 236 233 232 232 231 230 229 228 227 226 226 226 226 224 219 219 223 224 223 221 221 224 224 225 226 225 223 222 225 225 223 223 225 226 226 227 227 228 228 227 227 226 226 225 225 225 225 225 225 225 225 225 225 226 226 226 226 226 225 225 225 224 224 224 223 221 217 212 216 231 232 225 222 221 220 221 223 225 228 228 229 230 232 231
247 243 235 237 241 242 236 223 227 226 223 225 229 230 230 230 229 228 227 226 226 226 226 224 218 218 223 224 223 220 220 222 223 223 224 224 222 222 223 225 223 224 227 228 229 229 230 230 231 230 229 227 226 225 225 225 225 225 225 225 225 225 225 225 225 225 225 225 225 225 225 224 224 224 223 221 219 215 216 224 222 217 216 216 217 220 225 229 230 232 232 233 233 231
245 244 240 237 239 236 218 204 208 210 211 218 225 229 231 231 230 229 228 227 227 227 226 223 218 219 224 225 223 221 219 220 221 221 223 223 222 221 222 223 222 221 226 230 233 235 235 235 237 237 233 229 226 225 225 225 225 225 225 225 225 225 225 225 225 225 225 225 225 225 225 224 224 223 223 221 220 216 214 213 208 210 214 216 218 224 231 232 231 232 232 232 233 230
255 253 244 240 240 234 223 214 211 211 211 217 225 228 231 231 230 230 230 228 228 227 226 223 218 220 224 224 223 222 222 223 224 226 226 225 223 222 223 223 221 219 221 223 226 228 229 229 231 232 231 229 226 225 224 225 225 225 225 225 225 225 225 225 225 225 225 225 225 225 225 224 224 223 223 222 220 217 213 207 199 203 212 217 222 229 233 232 231 231 231 231 231 229
245 238 228 232 233 231 227 221 219 219 219 222 227 230 233 233 232 233 232 231 229 228 227 224 218 219 222 222 222 223 224 224 226 228 230 230 229 226 225 223 222 219 218 217 218 218 217 217 219 220 220 221 221 222 223 224 225 225 225 225 225 225 225 225 225 225 225 225 225 225 225 224 224 223 223 222 221 218 213 206 196 197 207 215 225 234 236 234 232 233 233 233 232 230
