windninja/windninja_output/Output_2025-08-09_0600-0650_Google earth_Fire_150m_10min/merlingen_7.5mi_point_08-09-2025_0600_150m_ang.asc
ncols	158
nrows	163
xllcorner	391686.332397
yllcorner	5160024.123721
cellsize	150.000000
NODATA_value	-32768.000000
[rows 42 to 83 of 163, columns 0 to 93 of 158]
248 247 244 241 238 236 234 232 231 229 227 226 225 224 223 222 221 221 220 219 218 217 216 216 215 214 213 211 209 210 214 214 212 210 207 206 208 210 208 208 208 210 210 209 206 203 205 208 209 210 215 215 207 204 211 217 217 217 222 227 225 220 218 219 218 217 216 215 213 211 212 213 210 202 200 203 196 190 193 204 211 211 214 217 215 213 211 211 212 213 215 220 226 230
245 244 242 239 237 236 234 232 230 229 227 226 225 224 223 222 222 221 221 220 219 218 217 216 216 215 213 212 211 211 214 214 212 207 202 200 202 204 204 205 210 213 213 211 208 208 211 214 215 216 219 217 210 208 213 218 220 221 224 227 226 222 220 218 217 215 210 209 209 206 205 207 205 200 199 201 197 193 196 203 209 211 213 214 214 213 214 216 218 217 218 219 225 230
242 241 240 238 237 235 233 231 230 229 227 226 225 224 223 223 222 221 221 220 219 218 217 217 216 215 214 213 212 212 214 213 211 206 201 197 199 204 206 209 212 215 215 214 212 213 216 217 216 214 214 214 211 209 214 219 221 222 224 225 224 222 220 217 216 214 211 208 206 204 204 206 206 204 204 204 199 197 200 206 209 209 211 214 216 216 217 220 222 223 222 222 228 233
238 238 237 237 236 234 233 231 229 228 227 226 225 224 223 222 222 221 221 220 219 218 217 217 217 216 215 214 214 213 212 212 210 206 202 199 201 206 209 210 211 214 217 216 212 213 216 216 213 212 213 215 215 214 218 222 223 223 222 221 220 218 216 213 213 213 213 211 206 206 209 211 212 212 211 209 202 199 203 206 206 207 213 220 221 219 219 221 224 226 225 226 232 234
235 235 235 235 234 234 233 231 229 228 227 226 225 224 223 223 222 221 221 220 219 219 218 217 217 216 216 215 215 214 213 212 210 207 203 202 204 206 207 208 210 215 218 216 212 214 215 214 213 213 215 217 218 220 222 223 224 223 221 217 214 213 211 209 211 213 214 213 209 209 214 216 218 218 216 212 205 200 203 206 208 213 221 226 224 221 220 221 222 225 226 228 231 232
233 233 233 233 233 234 233 231 229 228 227 226 225 224 223 223 222 222 221 221 220 219 219 218 218 217 216 216 215 214 214 213 212 209 206 205 206 206 205 207 210 214 217 215 212 214 215 215 214 214 216 218 219 221 220 220 221 220 218 212 208 211 212 212 215 217 216 215 212 211 214 217 220 220 218 214 208 204 206 212 219 223 226 225 222 220 220 220 222 224 225 228 229 228
230 231 231 230 231 234 234 231 229 228 227 226 225 224 224 223 223 222 222 221 220 219 219 219 218 218 217 216 215 215 214 213 212 211 208 206 207 207 206 207 210 214 215 213 212 214 215 215 215 214 216 219 222 223 221 219 219 217 213 207 205 212 217 219 220 220 217 215 213 213 216 218 220 220 218 216 212 209 212 218 223 224 223 220 218 217 218 218 219 220 223 227 228 227
229 229 228 228 231 234 234 231 229 228 227 226 225 224 224 224 223 222 222 221 220 220 219 219 218 218 217 216 216 215 215 214 213 212 209 207 207 207 207 207 211 214 214 211 211 216 217 216 215 214 215 219 221 220 218 217 217 213 209 206 207 214 222 224 223 220 217 214 214 215 216 218 219 219 218 215 211 210 212 217 220 220 219 217 215 214 214 214 215 217 222 227 228 227
229 227 225 226 229 232 232 231 229 228 227 226 225 224 224 223 223 222 222 221 220 220 219 219 218 218 217 216 216 216 215 215 214 213 211 208 207 207 208 208 211 212 210 208 212 218 219 217 218 218 218 220 219 215 213 214 213 211 209 209 213 219 226 229 224 218 216 214 215 216 218 219 219 218 216 213 210 209 212 216 218 219 218 216 215 213 212 212 215 219 222 226 228 228
230 227 222 224 228 229 229 229 228 227 226 225 225 224 224 223 223 222 221 221 220 220 219 219 219 218 217 217 216 216 216 215 214 213 212 211 209 209 209 209 210 212 209 207 212 218 218 218 221 221 220 220 218 214 213 214 213 213 212 214 217 223 230 231 224 217 214 213 215 217 218 219 218 217 215 213 211 210 212 215 218 220 221 219 216 214 214 216 219 222 223 226 229 230
232 227 221 224 228 228 227 229 228 225 224 225 224 224 224 224 223 222 222 221 221 220 220 219 219 218 218 217 217 216 216 215 215 214 213 212 212 211 209 208 209 212 210 206 210 217 217 215 217 215 211 211 213 213 214 216 216 215 216 218 220 223 230 231 222 214 212 212 214 216 217 216 215 214 215 214 213 211 213 216 218 221 223 223 221 220 219 220 222 224 224 226 227 228
229 226 219 221 227 227 225 228 229 226 224 225 225 224 224 224 223 222 222 222 221 221 220 220 219 218 218 218 217 217 216 216 215 215 214 214 213 212 210 208 208 212 210 206 208 214 213 209 210 208 206 208 211 213 216 218 216 215 217 220 221 224 230 229 219 210 208 209 213 214 213 212 212 214 215 215 214 214 217 218 218 220 222 222 222 224 223 222 223 225 225 225 223 223
224 223 220 219 224 224 222 226 228 228 226 225 225 224 224 223 223 222 222 222 221 221 220 220 219 219 218 218 217 217 217 216 216 215 215 214 214 213 211 209 208 211 212 209 209 211 209 205 205 206 207 211 213 215 220 219 213 213 216 219 220 223 228 226 215 207 204 205 209 210 210 210 213 215 216 216 214 216 219 217 216 217 218 218 218 221 223 223 223 224 224 223 220 218
219 221 222 221 226 227 225 225 227 228 227 225 226 225 224 224 223 223 222 221 221 221 220 220 219 219 218 218 218 217 217 216 216 216 215 215 214 214 213 211 211 213 215 214 210 208 205 202 202 204 206 212 213 216 222 219 211 212 215 217 218 220 224 222 213 205 202 202 207 210 211 214 216 216 216 215 214 215 217 214 212 214 216 216 216 218 218 219 221 224 226 224 220 217
218 220 223 223 226 230 228 226 227 229 227 225 226 226 224 224 224 223 222 222 221 221 220 220 219 219 219 218 218 218 217 217 216 216 216 215 215 214 214 213 213 214 215 213 210 205 201 199 200 201 204 212 214 218 223 217 210 212 214 215 216 218 222 221 214 206 203 204 208 213 215 216 215 214 214 213 213 214 214 212 211 213 215 215 216 217 216 217 219 223 228 228 220 212
219 220 221 221 222 225 227 225 226 228 226 223 224 226 225 224 224 223 223 222 222 221 220 220 219 219 219 218 218 218 217 217 217 216 216 216 215 215 214 214 214 213 213 212 209 206 201 199 199 198 202 213 216 220 223 215 208 210 212 213 215 218 222 222 216 207 203 205 210 214 214 213 213 212 212 210 210 211 211 209 210 212 215 217 219 221 221 220 219 220 223 219 206 205
218 218 220 221 221 223 224 224 224 227 225 222 223 226 226 225 224 223 223 222 222 221 221 220 219 219 219 219 218 218 218 217 217 217 216 216 216 215 215 214 214 214 213 212 211 209 206 203 199 196 199 212 218 221 222 214 207 210 213 213 215 218 221 222 217 209 204 203 207 210 210 211 212 211 210 208 208 209 208 207 209 212 215 218 221 223 224 223 220 217 215 210 203 207
217 218 219 221 223 224 225 225 225 228 227 223 223 225 226 225 225 224 223 222 221 221 221 220 219 219 219 219 218 218 218 217 217 217 217 216 216 216 215 215 214 214 213 213 212 211 209 206 201 194 194 207 217 220 220 214 209 212 215 215 216 218 221 222 219 212 204 201 204 209 210 210 211 210 208 207 208 208 208 209 210 213 216 217 219 221 222 221 218 215 213 212 210 215
217 217 219 221 223 224 226 227 228 228 226 222 221 223 224 224 224 224 223 222 221 221 221 220 219 219 219 219 219 218 218 218 217 217 217 216 216 216 215 215 215 214 214 213 212 211 210 208 204 196 190 201 216 220 219 214 212 215 216 216 217 219 222 222 219 213 206 201 205 211 211 210 210 209 206 206 208 208 209 211 212 215 217 218 218 220 220 219 216 214 214 215 215 219
216 218 219 221 222 224 226 227 227 226 224 220 219 221 222 223 223 223 223 222 221 221 221 220 220 220 220 219 219 218 218 218 217 217 217 217 216 216 216 215 215 215 214 214 213 212 211 210 207 202 194 200 216 221 220 217 218 219 219 219 219 220 222 222 219 215 208 203 207 211 210 209 209 208 206 206 209 210 211 212 213 216 219 220 220 220 219 217 216 215 213 215 218 220
219 220 221 222 222 223 224 226 226 226 224 221 220 221 221 222 222 222 222 222 222 221 221 221 220 220 220 219 219 218 218 218 218 217 217 217 216 216 216 216 215 215 214 214 213 213 212 211 209 206 200 200 213 219 219 219 222 223 221 220 220 219 220 219 218 216 209 206 208 209 208 208 209 206 205 206 209 211 211 212 214 217 220 222 222 222 222 218 216 216 214 219 223 223
223 223 223 223 223 223 224 225 225 225 225 223 221 220 220 221 222 222 222 221 221 221 221 220 220 220 220 219 219 218 218 218 218 217 217 217 217 216 216 216 215 215 215 214 214 213 213 212 211 209 205 201 208 214 212 216 223 224 221 218 215 214 216 220 223 220 213 209 208 207 207 208 208 205 204 206 208 209 209 211 214 216 219 221 221 221 221 217 217 218 219 223 225 225
228 226 224 224 224 225 226 227 227 226 226 224 220 218 219 220 221 221 221 221 220 220 221 220 219 220 220 220 219 219 218 218 218 218 217 217 217 216 216 216 216 215 215 215 214 214 214 213 212 211 208 205 208 211 207 212 221 222 219 215 212 213 220 228 232 226 214 208 206 206 206 207 208 205 203 205 206 206 206 209 213 215 217 219 219 220 219 217 217 218 220 223 224 227
227 225 222 222 223 225 226 228 229 228 227 227 222 218 218 219 220 220 220 221 220 220 220 220 219 220 221 220 219 219 218 218 218 218 217 217 217 217 216 216 216 216 215 215 215 214 214 214 213 212 211 209 210 212 207 208 218 220 218 215 212 215 223 227 224 216 207 204 204 204 205 207 208 205 203 202 203 203 204 208 213 216 217 217 218 220 220 218 217 217 220 223 226 229
219 219 219 221 223 223 222 223 226 226 226 226 223 218 217 218 219 220 220 221 219 218 219 219 219 219 220 219 219 219 218 218 218 218 217 217 217 217 216 216 216 216 215 215 215 215 214 214 214 213 213 212 212 213 211 209 216 221 221 218 213 210 215 217 214 210 205 203 203 204 205 208 209 205 201 200 200 202 204 208 212 213 212 210 213 219 219 217 218 219 220 223 227 230
203 208 214 217 220 220 216 218 223 225 226 224 221 218 217 218 219 219 219 220 218 217 218 218 218 219 221 221 221 220 219 218 218 218 217 217 217 217 217 216 216 216 216 215 215 215 215 215 214 214 214 214 214 214 215 216 221 227 228 224 212 205 209 212 212 210 208 205 205 205 205 208 208 204 200 199 200 200 202 204 206 206 206 205 214 223 223 219 220 221 221 224 228 231
180 195 206 209 212 211 207 210 219 224 223 220 219 217 216 215 218 219 218 219 220 218 218 217 216 217 220 224 224 222 220 219 218 218 218 217 217 217 217 216 216 216 216 216 215 215 215 215 215 215 215 215 215 215 216 218 223 229 232 228 216 208 210 213 212 211 209 207 206 205 205 208 208 204 201 200 200 198 198 201 202 205 208 213 227 234 227 220 221 222 223 226 230 232
169 183 202 208 211 212 206 205 213 217 213 210 210 211 210 211 214 218 219 219 219 219 219 219 216 216 221 225 224 223 221 219 219 218 217 217 217 217 217 216 216 216 216 216 216 216 215 215 215 215 215 215 216 216 217 218 220 223 226 226 220 215 215 216 214 213 211 208 206 205 206 209 208 203 200 201 201 198 196 200 205 210 218 227 239 238 225 220 222 222 224 226 229 230
182 190 209 222 226 224 216 209 215 217 213 209 210 210 210 210 212 216 218 218 218 220 221 221 217 216 221 224 222 221 221 220 219 218 217 217 217 217 217 216 216 216 216 216 216 216 216 216 216 216 216 216 216 216 217 217 218 219 221 221 220 219 221 224 222 219 216 212 209 207 207 209 208 202 201 203 202 199 196 200 210 219 226 235 241 235 222 221 223 223 224 225 226 226
202 207 220 235 243 242 234 228 231 231 225 221 221 219 217 215 214 216 216 216 217 219 221 221 215 212 218 221 220 219 219 219 219 218 217 217 217 217 216 216 216 216 216 216 216 216 216 216 216 216 216 216 216 216 217 217 217 218 218 218 218 218 220 223 224 224 224 221 216 210 207 210 209 203 202 205 204 200 198 205 216 225 231 239 239 226 219 221 223 225 225 224 223 220
215 218 224 231 237 240 240 241 245 243 238 236 235 231 227 223 220 219 217 216 216 217 218 217 211 208 215 220 220 219 218 218 219 218 217 217 217 216 216 216 216 216 216 216 216 216 216 216 216 216 216 216 216 216 217 217 217 217 217 217 217 217 218 219 219 220 222 223 220 215 212 215 214 208 206 207 206 202 201 209 220 227 233 238 233 220 217 221 226 227 224 225 225 223
225 227 230 233 236 239 239 241 244 242 237 235 233 231 229 226 224 223 221 218 216 216 215 214 211 208 213 219 221 220 218 218 218 217 216 215 216 216 216 216 216 216 216 216 216 216 216 216 216 216 216 216 216 216 216 217 217 217 217 217 217 217 217 217 217 217 217 217 217 219 221 226 223 214 210 209 208 206 204 211 221 228 233 233 225 218 219 222 227 226 222 222 225 226
233 235 239 241 243 244 243 242 241 239 236 233 230 228 226 224 223 223 222 220 219 219 218 216 213 209 212 217 220 221 220 218 218 217 215 214 215 216 216 216 216 216 216 216 216 216 216 216 216 216 216 216 216 216 216 216 216 216 216 216 216 216 217 217 216 216 215 215 216 218 219 220 218 211 207 207 206 206 205 211 220 224 228 226 221 220 222 224 226 224 221 217 215 214
241 242 247 251 253 253 251 247 242 238 235 233 230 228 226 224 222 221 221 220 220 220 220 219 215 211 213 216 219 220 220 218 218 219 217 215 215 215 215 215 215 216 216 216 216 216 216 216 216 216 216 216 216 216 216 216 216 216 216 216 216 216 216 216 216 215 215 215 215 216 214 212 210 205 202 204 202 202 204 209 217 222 225 223 221 221 222 224 225 227 227 217 209 212
244 247 252 258 265 267 263 255 248 241 236 233 230 228 226 224 222 221 220 220 219 219 219 219 217 214 215 217 217 219 220 220 221 223 222 219 217 216 215 215 215 215 216 216 217 217 217 217 217 217 217 216 216 216 216 216 216 216 216 216 216 216 216 216 215 215 215 215 215 214 213 211 210 206 202 200 198 198 201 209 218 224 227 227 228 227 227 229 230 234 233 221 212 216
249 250 255 263 273 279 278 269 256 244 236 231 228 227 226 224 222 221 220 219 219 219 218 217 216 215 217 219 218 219 221 223 223 223 222 219 217 216 216 214 214 215 216 216 217 217 217 217 217 217 217 217 216 216 216 216 216 216 216 216 216 216 216 215 215 215 215 215 214 214 213 211 210 208 204 199 195 192 198 212 222 226 230 232 233 236 238 235 233 230 220 209 208 214
254 254 252 261 277 287 290 281 260 242 230 227 226 226 224 223 221 220 219 219 219 218 218 217 214 215 218 219 218 217 219 221 220 220 220 218 216 216 217 216 214 214 216 217 217 218 218 218 218 217 217 217 216 216 216 216 216 216 216 216 216 216 215 215 215 215 215 214 214 214 213 212 211 209 206 202 195 189 195 214 225 225 227 229 227 227 228 225 219 215 210 206 207 214
253 251 245 247 262 277 281 265 240 224 218 220 222 222 222 221 220 219 218 218 218 218 218 216 212 213 217 217 216 214 214 217 218 219 220 219 216 216 218 217 215 215 217 218 218 219 219 219 219 218 218 217 216 216 216 216 216 216 216 216 215 215 215 215 215 215 215 214 214 213 213 212 211 210 207 204 198 191 193 212 222 220 219 218 217 217 217 215 213 211 210 211 212 214
246 241 233 232 233 228 212 195 199 202 205 211 217 220 220 220 219 219 218 218 218 218 218 215 210 211 216 217 216 213 212 214 216 217 218 218 216 216 217 218 215 215 219 220 221 221 222 222 222 221 219 217 216 216 215 215 215 215 215 215 215 215 215 215 215 215 215 214 214 214 213 212 211 210 208 205 201 195 195 205 211 211 211 211 212 215 216 213 211 213 214 215 216 214
244 242 236 229 227 223 207 194 195 197 198 206 214 219 220 220 220 220 218 217 217 218 217 214 210 211 216 217 216 213 211 212 213 214 217 217 216 215 216 217 215 214 218 222 225 227 227 228 229 227 222 217 215 215 215 215 215 215 215 215 215 215 215 215 215 215 215 214 214 213 213 212 211 210 209 207 204 199 196 196 197 202 208 211 213 215 215 212 211 214 215 216 218 216
253 250 236 226 225 224 216 207 203 203 202 207 214 218 220 221 221 221 219 218 218 218 217 214 210 211 215 216 215 214 213 214 215 218 219 219 218 216 216 216 214 213 214 217 219 220 220 220 221 221 218 215 214 214 214 215 215 215 215 215 215 215 215 215 215 215 215 214 214 213 213 212 211 211 209 208 205 201 196 191 187 194 205 211 213 214 213 211 211 214 215 216 217 216
239 229 215 219 223 224 221 216 214 213 212 213 217 221 223 223 223 224 222 220 219 217 217 214 209 209 212 213 214 215 215 216 217 220 223 224 223 220 218 217 215 213 211 210 210 210 209 208 210 211 210 210 210 210 212 214 215 215 215 215 215 215 215 215 215 215 215 214 214 214 213 212 212 211 210 208 206 202 198 191 184 188 200 207 212 214 214 213 212 215 217 218 219 218
