windninja/windninja_output/Output_2025-08-09_0600-0650_Google earth_Fire_150m_10min/merlingen_7.5mi_point_08-09-2025_0650_150m_ang.asc
ncols	158
nrows	163
xllcorner	391686.332397
yllcorner	5160024.123721
cellsize	150.000000
NODATA_value	-32768.000000
[rows 42 to 83 of 163, columns 0 to 93 of 158]
226 225 224 223 223 222 222 222 222 221 221 221 221 221 221 221 221 221 222 222 222 221 221 222 222 221 221 220 220 222 226 226 224 220 215 212 215 219 219 218 218 220 220 220 218 215 216 218 219 222 229 230 222 219 225 229 227 227 231 234 232 228 227 227 227 228 230 229 227 223 221 223 222 214 216 220 207 194 198 211 219 220 224 228 229 226 220 219 222 225 228 232 235 238
226 225 225 224 223 222 222 222 222 222 221 221 221 221 222 222 222 222 222 223 222 222 222 222 222 222 222 222 221 223 226 225 222 217 211 208 212 216 215 216 220 223 224 223 221 218 220 224 226 230 234 232 223 220 225 229 229 229 231 235 235 233 232 229 228 228 226 224 221 215 213 216 216 211 213 213 203 196 200 211 218 221 225 229 228 223 220 223 226 228 230 231 236 240
226 226 225 225 224 223 223 223 222 222 222 222 222 222 222 222 222 222 223 223 222 222 222 223 223 223 222 222 222 223 225 225 222 217 212 209 213 218 219 220 223 226 228 227 223 221 225 227 229 230 230 227 221 219 223 227 228 229 231 234 234 235 235 233 233 232 227 223 218 212 212 215 215 213 214 212 204 199 204 214 220 222 226 230 228 223 223 226 230 232 232 233 241 244
227 226 226 226 225 225 224 224 223 223 223 223 222 222 222 222 222 223 223 223 223 223 223 223 223 223 223 224 224 223 224 224 222 218 214 214 218 222 224 223 224 227 231 228 221 221 225 228 230 229 228 226 224 222 225 229 229 231 232 233 233 233 232 232 235 234 230 226 218 216 219 221 222 221 219 215 205 201 208 215 219 223 229 232 229 225 225 228 231 233 235 238 245 245
228 227 226 226 226 226 226 225 224 224 224 223 223 223 223 223 223 223 224 224 224 224 224 224 224 224 224 224 224 224 224 224 223 220 217 218 221 223 224 223 225 230 232 227 221 223 228 230 230 228 227 226 225 226 228 230 231 233 234 232 229 230 230 231 233 233 231 227 221 221 225 227 228 226 222 217 207 203 209 216 222 228 234 234 230 227 228 229 230 233 236 241 245 242
228 228 227 227 227 228 228 226 225 225 225 224 224 224 224 224 224 224 224 224 224 224 225 225 225 225 225 225 225 225 225 225 225 223 221 221 223 224 224 225 228 230 230 224 221 226 231 233 230 226 225 225 225 227 227 228 231 233 235 232 227 230 233 234 235 235 231 228 223 222 226 228 229 228 223 218 211 208 214 224 231 235 236 233 230 228 229 229 230 232 235 239 240 237
229 229 228 228 229 231 230 228 227 226 226 225 225 225 225 225 225 225 225 225 225 225 225 226 226 226 226 226 226 226 226 226 226 225 224 223 225 226 226 228 230 232 229 224 223 228 232 231 228 224 223 224 227 229 228 228 232 233 233 228 225 232 237 238 239 237 232 228 225 225 227 228 229 227 223 219 215 215 220 228 233 234 233 230 227 226 227 227 229 231 233 236 237 235
231 230 229 228 230 232 232 230 228 228 227 227 226 226 226 226 226 226 226 226 226 226 226 226 227 226 226 226 226 226 227 227 227 226 225 224 225 226 227 228 231 232 230 225 227 233 234 230 226 221 220 224 228 228 227 229 233 234 231 225 225 232 238 240 241 237 232 228 226 226 227 228 227 225 222 219 216 216 220 226 229 230 229 227 225 224 224 224 226 229 231 234 235 234
232 231 229 228 230 232 232 231 230 229 228 227 227 227 227 227 227 227 227 227 227 227 227 227 227 227 227 227 227 227 227 227 227 227 226 226 226 227 227 228 230 231 229 227 231 236 234 229 227 223 223 227 228 226 225 229 233 233 229 226 228 234 240 244 241 235 231 228 227 227 228 228 227 224 222 219 216 216 220 225 228 229 228 226 225 225 223 224 227 229 230 232 233 233
236 233 229 229 231 231 231 231 231 229 229 228 228 228 228 228 228 227 227 228 227 227 227 227 228 228 227 227 228 228 228 228 228 228 228 228 229 230 229 228 229 232 231 229 233 237 233 227 227 227 227 230 230 228 229 234 235 232 228 227 230 235 243 246 241 233 229 226 226 227 228 228 226 223 222 221 218 217 220 224 227 229 230 229 227 226 227 228 230 231 230 231 233 234
239 235 230 230 233 233 231 232 232 230 229 229 229 229 229 229 229 228 228 229 228 228 228 228 229 228 228 228 229 229 229 229 229 229 229 229 230 231 230 229 230 234 233 230 232 235 230 223 223 223 222 224 226 228 234 239 236 231 228 228 231 235 244 247 239 230 226 224 225 226 226 225 223 222 223 222 221 220 223 225 226 229 232 233 233 233 232 232 232 232 231 231 232 232
238 235 231 231 234 233 231 233 233 232 230 231 231 230 230 230 230 229 229 230 230 229 229 229 229 229 229 229 229 229 229 229 230 230 230 230 231 231 231 230 231 234 233 230 230 232 226 218 220 220 219 221 225 229 236 239 234 228 228 230 232 237 245 245 236 226 221 220 223 224 223 221 220 221 223 224 222 224 228 229 227 228 230 231 233 236 236 234 232 232 232 231 229 228
235 234 232 231 233 232 230 232 234 234 233 233 232 232 231 231 231 230 230 230 230 230 230 230 230 230 230 230 230 230 230 230 230 231 231 231 231 232 232 232 233 236 235 232 231 230 224 218 220 221 220 224 228 233 239 238 229 225 226 229 232 238 244 243 232 222 216 214 218 220 219 218 220 223 224 224 223 225 230 229 226 227 228 226 227 231 234 234 232 231 231 230 228 227
233 234 235 235 238 237 234 234 234 235 235 234 234 234 233 233 232 232 231 231 231 231 231 231 231 231 231 231 231 231 231 231 231 231 231 232 232 232 232 233 235 238 238 236 233 231 225 221 221 220 220 227 230 234 240 236 224 222 226 229 232 237 241 239 229 219 213 212 216 219 218 220 223 225 224 223 222 225 228 226 224 226 226 225 224 226 226 227 229 231 233 233 230 230
235 236 236 236 239 241 240 237 236 236 236 235 236 236 235 234 234 233 233 232 232 232 232 232 231 231 231 231 231 231 231 232 232 232 232 232 232 233 233 234 235 237 237 236 234 231 227 224 223 219 220 229 231 236 241 233 221 223 227 231 234 237 239 236 229 219 213 213 218 221 221 222 223 223 223 222 222 225 226 224 223 225 226 225 224 224 223 222 224 229 236 239 236 233
237 237 236 235 235 237 239 238 238 238 235 233 235 237 236 236 235 234 234 233 233 233 232 232 232 232 232 232 232 232 232 232 232 233 233 233 233 233 233 234 234 235 235 235 234 233 232 230 227 220 221 231 234 239 241 230 219 223 228 231 235 237 238 236 229 219 213 214 218 221 221 222 222 221 221 219 220 223 223 221 221 223 225 226 227 228 227 225 224 227 233 236 232 232
237 237 237 236 236 236 237 238 239 240 236 232 233 236 238 238 237 236 235 234 234 234 234 234 233 233 233 233 233 233 233 233 233 233 233 233 234 234 234 234 234 235 235 235 236 236 237 237 234 225 223 233 238 241 240 229 220 225 231 234 235 236 237 235 229 220 213 211 213 217 219 221 222 221 220 218 220 222 220 218 219 221 224 226 228 230 230 229 228 228 232 234 230 234
238 237 237 238 238 238 238 238 240 242 240 235 234 236 237 239 239 238 237 236 235 235 235 235 234 233 234 234 234 234 234 234 234 234 234 234 234 234 234 234 235 235 235 235 236 236 237 237 237 232 227 235 240 241 238 229 224 231 236 236 236 236 236 234 229 221 213 207 210 217 220 220 221 221 219 218 221 221 219 218 219 222 224 224 225 227 228 229 230 233 238 239 236 238
238 238 238 238 239 240 241 241 242 243 241 238 235 235 235 236 238 240 239 237 236 235 235 235 234 234 234 234 234 234 234 234 234 234 234 234 235 235 235 235 235 235 235 235 236 236 236 236 237 236 234 240 244 243 238 230 229 236 239 238 237 236 236 234 230 223 215 206 212 221 222 221 222 221 218 218 221 220 219 220 221 223 225 224 224 226 228 230 234 240 242 239 236 234
238 239 239 239 239 240 241 242 243 242 241 238 237 236 234 234 236 238 240 239 238 237 237 236 235 235 236 236 235 235 235 235 235 235 235 235 235 235 235 235 235 235 236 236 236 236 236 237 237 238 238 245 250 247 239 234 237 241 242 240 239 238 237 235 231 225 216 208 216 222 222 221 222 221 219 219 221 220 219 220 221 224 226 227 227 228 230 234 239 243 239 235 233 228
240 241 241 241 240 240 241 242 243 242 242 241 240 239 236 235 235 236 238 239 240 239 238 237 236 237 237 237 236 236 236 236 236 236 236 236 236 236 236 236 236 236 236 236 236 236 237 237 238 238 239 244 252 249 241 238 243 245 243 241 239 238 236 234 230 225 216 212 218 222 221 222 223 221 219 219 220 220 219 220 222 224 226 229 230 233 239 242 244 241 235 234 232 228
243 243 244 243 243 243 242 243 242 242 243 243 242 241 239 237 236 235 236 237 239 240 239 238 237 237 238 237 237 237 237 236 236 236 236 236 236 236 236 236 236 236 236 236 237 237 237 238 238 239 239 242 249 248 239 239 244 245 243 240 237 234 233 233 234 230 220 218 221 221 221 223 224 220 217 218 219 219 218 218 221 223 225 229 230 235 243 246 246 240 233 232 230 228
246 245 245 245 246 246 246 245 244 243 244 244 243 241 240 239 237 235 235 236 237 239 240 240 238 238 239 238 238 238 238 237 237 237 237 237 237 237 237 237 237 237 237 237 237 237 238 238 238 239 241 243 248 248 241 239 244 244 242 240 235 231 233 238 241 236 226 223 222 220 220 223 224 220 216 216 217 215 214 215 219 221 225 228 232 240 244 244 241 234 229 229 228 229
245 244 244 245 245 246 246 247 247 247 246 246 245 242 241 241 240 237 235 235 236 237 239 240 240 240 240 239 238 238 238 238 238 238 237 237 237 237 237 237 237 237 237 237 237 238 238 238 239 240 241 244 248 250 246 245 245 243 241 239 234 229 233 238 237 231 225 222 220 220 221 223 224 220 215 214 214 212 211 215 220 223 226 229 235 242 244 239 233 226 226 227 227 229
239 239 240 243 245 246 244 244 245 246 247 247 245 244 243 242 242 241 238 236 235 234 236 238 239 241 241 240 239 239 239 239 238 238 238 238 238 238 238 238 238 238 238 238 238 238 238 239 239 240 241 243 246 249 251 254 253 247 243 239 230 223 229 232 230 226 223 220 220 221 222 225 225 219 214 212 212 211 210 215 220 223 225 227 233 240 239 233 227 225 224 224 227 229
228 231 234 237 242 245 242 240 242 245 247 246 243 243 243 243 242 242 241 239 236 233 233 235 237 239 242 242 242 241 240 240 239 239 239 239 239 238 238 238 238 238 238 238 238 238 239 239 240 240 241 242 244 247 251 257 261 257 250 242 230 223 230 233 230 227 224 221 222 223 223 226 225 219 214 212 210 209 208 212 217 220 224 226 234 241 238 229 226 225 223 224 227 229
214 224 229 230 233 235 231 231 238 244 246 244 242 241 240 241 243 243 243 242 239 236 235 234 233 235 238 243 245 245 243 242 241 240 240 239 239 239 239 239 239 238 238 239 239 239 239 239 240 240 241 242 243 245 248 252 257 260 256 249 239 235 239 239 234 229 225 223 222 223 223 226 227 221 215 213 211 207 207 212 217 222 228 232 244 247 237 226 225 223 223 224 228 230
218 230 237 234 235 233 227 224 233 238 236 233 233 233 233 234 238 242 243 243 242 240 239 237 233 231 236 242 245 246 246 244 243 242 241 240 240 240 239 239 239 239 239 239 239 239 239 240 240 240 241 242 242 244 245 247 250 252 254 251 248 248 250 248 242 235 230 227 224 222 222 226 228 220 215 215 213 209 208 214 222 230 234 240 252 250 234 225 224 223 222 224 226 228
236 245 256 257 254 247 237 233 238 240 235 230 230 229 229 230 233 237 240 242 242 242 243 242 235 231 236 240 242 243 245 246 245 244 242 241 241 240 240 240 240 239 239 239 239 240 240 240 240 240 241 241 242 243 244 245 246 247 248 248 248 250 255 256 253 248 242 236 230 225 224 228 227 218 214 216 215 212 210 218 227 234 239 247 254 247 230 224 223 222 222 222 224 225
243 248 259 266 266 261 257 256 258 253 246 242 241 238 236 234 234 235 236 237 240 242 244 243 236 231 235 237 238 239 241 244 246 246 244 243 242 241 241 240 240 240 240 240 240 240 240 240 240 241 241 241 242 242 243 243 244 244 245 245 246 247 250 253 255 256 256 251 244 235 230 232 229 219 216 217 217 214 213 221 231 238 244 253 252 237 224 222 222 223 223 223 223 222
247 251 257 261 263 263 263 266 268 262 254 253 253 250 247 244 241 240 238 236 236 239 241 240 236 232 236 238 237 237 238 240 243 245 245 245 243 242 241 241 241 240 240 240 240 240 240 240 241 241 241 241 241 242 242 242 243 243 243 243 244 244 245 247 248 251 253 255 253 250 248 244 236 225 220 221 221 218 215 223 233 241 250 254 246 227 219 221 224 225 223 225 226 225
251 254 259 261 262 263 264 266 266 262 257 255 254 252 251 249 248 247 244 240 238 238 238 238 235 234 238 240 238 237 237 237 240 242 244 245 244 243 242 242 241 241 241 241 241 241 241 241 241 241 241 241 241 242 242 242 242 242 242 242 243 243 243 244 244 245 246 247 250 255 259 258 248 234 228 227 226 222 217 224 235 245 253 250 236 222 219 221 225 225 222 224 228 231
255 257 262 265 266 266 266 266 264 262 259 256 254 252 251 250 249 248 247 246 244 242 241 239 237 235 237 239 240 239 238 237 239 240 240 242 243 243 243 243 242 241 241 241 241 241 241 241 241 241 241 241 241 242 242 242 242 242 242 242 242 242 242 242 242 242 243 243 245 248 251 253 249 240 233 232 228 223 219 225 239 248 250 241 227 221 221 223 226 225 224 221 221 229
257 259 265 269 271 271 271 269 266 263 261 259 256 254 253 252 250 249 248 247 247 246 245 243 240 238 239 240 240 240 239 238 239 240 240 241 242 243 244 243 242 242 242 242 241 242 242 242 242 242 242 242 242 242 242 242 241 241 241 241 241 241 242 242 241 241 242 242 243 243 243 243 243 241 238 235 228 221 219 228 243 247 244 233 223 219 221 224 226 229 231 225 222 234
257 259 265 271 276 278 277 274 271 267 264 262 259 257 255 254 252 250 249 248 247 246 245 244 242 240 242 244 243 241 240 240 241 242 243 243 244 245 244 243 243 242 242 242 242 242 242 242 242 242 242 242 242 242 242 242 241 241 241 241 241 241 241 241 241 241 241 241 241 241 240 240 240 240 240 238 230 220 220 235 246 246 239 230 226 225 227 229 231 237 241 239 240 242
259 260 263 269 278 283 283 281 277 273 269 264 261 259 258 256 254 252 251 249 248 247 246 245 242 240 244 247 247 244 242 241 241 242 243 243 244 245 245 244 243 242 242 242 242 243 243 243 243 243 243 243 242 242 242 242 241 241 241 241 241 241 241 241 241 240 240 240 240 240 239 239 239 239 238 238 233 222 225 242 247 241 235 232 231 235 238 237 237 239 238 236 238 240
261 260 257 264 279 287 289 287 283 279 273 266 262 260 258 257 255 254 252 250 249 248 248 246 240 239 243 247 248 245 242 241 240 240 241 241 241 243 244 246 244 243 243 243 243 243 243 244 244 244 244 243 243 242 242 242 242 241 241 241 241 241 241 240 240 240 240 240 240 239 239 238 238 238 237 237 233 226 232 245 244 234 229 230 229 230 232 232 233 233 233 232 234 236
259 255 249 254 269 284 291 291 288 285 276 267 263 260 259 257 256 255 253 251 250 250 249 247 241 240 243 245 245 244 242 242 241 241 242 241 240 240 243 245 245 244 245 245 244 245 245 245 245 245 245 244 244 243 243 242 242 241 241 241 241 241 241 240 240 240 240 240 239 239 239 238 238 237 236 235 233 229 235 243 238 227 223 223 222 222 225 230 234 234 234 234 235 233
251 247 243 248 257 269 283 284 283 281 274 265 262 260 259 258 257 256 254 252 251 251 250 247 243 242 245 244 243 242 243 243 241 240 240 241 239 238 240 242 243 244 246 247 247 247 247 247 248 249 248 246 245 244 243 242 242 242 241 241 241 241 241 240 240 240 240 240 239 239 238 238 237 237 236 235 233 231 233 236 227 220 219 218 219 222 230 236 237 238 237 236 235 232
249 250 251 255 264 266 260 256 262 264 261 260 259 259 259 259 257 256 255 254 253 252 251 248 244 245 248 247 244 243 244 244 243 241 239 238 237 238 239 239 239 240 243 247 249 251 251 251 253 255 254 250 247 244 243 243 242 242 242 241 241 241 241 240 240 240 240 240 239 239 238 238 237 237 236 235 233 230 228 224 214 213 217 218 221 228 239 241 238 237 236 235 235 231
260 260 263 268 271 262 249 243 244 247 249 253 257 258 258 258 257 257 257 256 255 254 252 250 246 247 249 248 246 245 245 247 247 246 244 241 238 238 239 239 236 235 237 240 243 245 246 246 248 251 253 252 249 246 244 243 242 242 242 242 241 241 241 241 240 240 240 240 239 239 238 238 237 237 236 235 233 230 226 218 205 206 215 220 226 238 242 241 238 237 235 234 233 230
260 260 261 264 262 253 247 243 242 243 246 252 256 257 258 258 257 258 259 258 258 257 255 252 248 248 249 248 246 246 246 246 247 248 249 247 245 242 241 240 238 236 235 235 236 236 236 237 240 240 240 242 245 244 243 243 243 243 242 242 242 242 241 241 241 240 240 240 239 239 239 238 238 237 236 235 234 231 227 218 201 200 210 219 234 245 246 242 239 238 237 235 233 231
