windninja/windninja_output/Output_2025-08-09_0600-0650_Google earth_Fire_150m_10min/merlingen_7.5mi_point_08-09-2025_0600_150m_ang.asc
ncols	158
nrows	163
xllcorner	391686.332397
yllcorner	5160024.123721
cellsize	150.000000
NODATA_value	-32768.000000
[rows 84 to 125 of 163, columns 0 to 93 of 158]
227 221 219 227 229 228 226 226 227 224 220 219 219 222 225 225 225 225 224 222 220 217 216 213 207 206 210 212 213 214 215 215 216 218 222 225 226 225 223 220 217 214 212 212 212 212 212 212 212 213 212 211 210 209 211 214 215 215 215 215 215 215 215 215 215 215 215 214 214 214 213 213 212 211 210 209 207 203 199 192 183 184 193 202 212 214 215 217 217 219 220 222 223 222
228 231 235 238 239 238 235 234 233 229 224 221 220 221 224 225 225 226 226 225 223 220 217 213 207 205 210 213 214 214 214 214 214 215 219 221 222 225 225 222 218 215 215 216 217 219 220 221 221 220 218 217 216 214 213 214 215 216 216 215 215 215 215 215 215 215 214 214 214 214 213 213 212 211 211 209 207 204 200 192 183 180 187 200 212 214 215 217 218 219 221 223 224 224
236 240 243 245 246 244 238 233 231 228 223 220 220 221 223 225 225 228 231 231 230 227 222 215 204 201 206 211 214 214 214 215 213 212 213 214 216 218 221 221 219 216 215 216 218 220 221 223 224 223 222 221 220 218 216 216 216 216 216 216 215 215 215 215 215 215 215 214 214 214 214 213 213 212 211 210 208 205 201 193 182 176 180 196 211 216 218 219 219 220 221 223 223 220
246 248 250 248 244 237 230 225 224 225 223 221 221 220 223 225 224 228 231 231 229 224 217 203 188 190 200 206 211 213 214 215 214 212 212 213 213 214 216 217 216 215 214 215 217 220 222 223 224 225 223 222 221 220 220 219 219 218 217 216 215 215 214 214 214 214 214 214 214 214 214 213 213 212 211 210 209 206 203 196 184 171 171 187 208 216 219 221 223 225 226 224 220 215
250 249 243 235 227 221 219 219 222 226 225 221 218 216 217 219 221 225 227 225 218 207 196 187 182 186 197 205 210 213 213 214 215 216 216 216 215 215 216 217 216 214 213 213 215 218 220 222 223 222 221 220 219 220 220 220 221 221 220 217 215 214 214 214 214 214 215 215 215 214 214 214 213 213 212 211 210 208 205 200 189 173 166 183 209 219 222 224 225 228 227 223 220 220
245 240 229 225 221 217 218 220 221 224 224 218 213 213 216 217 219 222 222 218 205 190 186 187 187 189 198 206 210 212 214 214 215 216 217 218 218 219 221 222 221 218 215 213 214 217 219 222 222 220 218 216 214 213 214 216 219 222 224 219 213 212 213 213 214 214 215 215 215 215 214 214 214 213 213 212 211 210 208 204 197 185 175 189 223 236 236 234 231 231 230 225 227 231
239 233 226 225 225 221 218 218 216 217 219 215 210 212 214 215 214 216 217 211 192 183 188 194 193 193 200 207 210 213 215 215 216 216 216 218 218 217 219 222 224 222 220 217 216 218 220 222 222 221 219 215 212 210 210 214 218 221 221 214 207 208 211 213 214 214 215 215 215 215 215 214 214 214 214 213 213 212 210 208 204 198 193 203 230 245 248 244 240 241 237 230 234 238
232 226 219 217 215 212 208 206 206 212 216 214 208 207 206 205 207 209 212 205 185 184 195 200 197 197 204 209 212 214 216 217 217 217 217 218 216 215 215 217 221 222 222 221 219 219 221 223 224 223 221 217 213 209 207 210 213 213 212 209 203 205 210 212 214 214 215 215 215 215 215 215 215 215 214 214 214 213 212 211 210 207 204 208 222 235 242 245 246 247 242 239 246 250
221 215 207 205 204 200 193 190 194 204 211 210 205 204 204 203 202 200 200 198 192 192 202 205 202 203 208 212 214 216 218 219 219 218 217 217 216 215 214 215 218 221 223 223 222 222 224 226 229 229 227 222 216 210 204 204 208 209 212 212 208 205 209 212 214 215 215 215 215 215 215 215 215 215 215 215 215 214 214 214 214 213 213 216 226 236 243 250 253 251 249 253 259 261
207 203 199 199 199 196 192 188 190 200 206 202 196 194 195 197 193 190 195 202 203 199 203 207 206 208 212 214 216 218 220 222 223 220 217 217 217 217 216 214 214 218 222 224 224 225 226 227 229 230 230 225 215 210 204 203 211 217 220 219 215 210 210 213 214 215 215 216 216 216 216 216 216 216 216 216 216 216 216 216 217 217 219 224 234 246 253 259 260 256 254 256 259 259
189 191 193 195 197 196 194 191 189 196 203 200 195 192 193 196 197 197 205 214 212 206 207 210 210 212 214 216 218 221 224 226 225 220 216 216 218 217 217 214 210 211 217 220 221 221 222 223 224 224 223 219 209 207 208 210 219 225 225 223 219 214 213 214 215 215 216 216 216 216 216 216 216 216 217 217 217 217 217 218 218 220 222 226 233 243 252 257 256 253 251 250 251 251
167 179 190 194 197 198 196 191 186 193 203 206 204 205 205 211 214 222 224 222 217 218 219 221 219 217 217 218 218 220 222 222 221 218 216 217 219 218 217 215 210 206 211 215 215 215 214 214 215 214 214 214 208 207 212 214 217 221 222 222 220 216 215 215 216 216 216 217 217 217 217 217 217 217 217 218 218 218 218 219 220 221 223 226 230 235 241 245 246 245 245 244 244 245
146 164 185 192 198 201 200 195 190 197 218 223 224 225 231 238 239 243 238 223 226 233 236 237 230 223 219 218 218 216 217 219 221 221 219 219 220 219 218 216 211 205 206 211 212 211 210 209 208 210 214 217 214 211 214 217 218 221 222 222 221 218 216 217 217 217 217 217 217 217 217 217 218 218 218 218 219 219 219 220 221 222 224 226 228 231 234 237 238 239 239 239 240 240
134 150 178 191 203 209 209 206 205 211 228 237 241 237 242 246 250 250 240 228 233 241 246 248 236 220 216 218 218 219 223 227 228 227 224 223 223 222 219 216 212 206 204 209 212 211 211 212 214 219 222 222 220 216 216 219 221 222 223 223 222 220 219 218 218 217 217 217 217 218 218 218 218 219 219 219 219 220 220 221 222 223 224 225 227 229 231 233 234 235 235 236 236 236
120 132 172 198 216 220 220 219 220 223 236 251 263 264 263 262 260 255 245 237 235 238 242 238 216 207 213 219 223 228 234 235 234 231 228 227 228 227 222 217 213 208 203 207 214 217 220 224 226 227 226 224 222 219 218 219 220 221 221 222 222 223 223 221 220 218 218 218 218 219 219 219 219 219 220 220 220 221 221 222 222 223 224 225 226 228 229 230 231 232 233 233 234 234
108 113 162 216 237 241 243 243 242 243 248 256 264 271 272 268 265 259 251 242 233 230 229 223 211 210 219 225 230 235 238 239 239 236 231 228 227 226 223 217 213 208 203 204 211 216 219 223 224 224 223 222 220 219 218 218 219 220 219 218 218 220 222 223 222 221 219 219 219 219 219 220 220 220 221 221 221 221 222 222 223 223 224 225 226 227 228 229 230 231 231 232 232 233
116 122 175 228 246 253 258 261 258 255 255 256 260 268 273 269 264 261 250 236 230 230 229 226 224 224 229 232 235 239 243 246 247 245 239 233 229 226 224 218 210 206 202 200 206 213 216 219 220 220 220 219 218 217 217 216 217 219 219 216 214 216 218 220 221 220 220 219 219 220 221 221 221 222 222 222 222 222 223 223 223 224 224 225 226 226 227 228 229 229 230 230 231 231
137 147 192 229 245 253 258 260 258 256 255 253 252 252 254 253 248 243 234 229 233 236 237 235 235 236 238 240 243 246 250 253 255 256 253 246 238 232 227 219 208 203 201 197 202 211 216 218 218 218 218 217 217 217 217 216 215 217 217 216 214 215 216 218 219 218 218 218 219 222 223 223 223 223 223 223 224 224 224 224 224 224 225 225 226 226 227 227 228 228 229 229 230 230
163 175 207 230 242 248 252 253 253 252 251 249 243 235 229 228 229 226 220 224 233 237 239 241 241 242 246 249 250 252 254 255 257 259 261 260 252 241 232 224 211 202 199 194 195 203 210 212 213 215 216 217 216 215 217 216 214 215 216 215 213 212 214 217 219 218 217 218 220 224 227 228 226 225 225 225 225 225 225 225 225 225 225 225 226 226 226 227 227 228 228 229 229 230
189 196 214 228 236 242 246 248 250 250 249 246 240 230 225 226 227 225 224 231 237 237 241 243 243 244 248 252 253 253 254 253 255 257 259 262 263 256 244 233 217 202 196 190 187 193 203 209 211 213 215 216 215 214 214 213 213 214 215 214 212 210 211 215 218 218 217 217 217 221 228 231 230 230 229 229 229 228 227 227 227 226 226 226 226 226 226 227 227 228 228 228 229 229
205 208 218 227 235 242 245 248 250 252 253 251 247 246 248 248 245 241 244 249 244 239 239 241 241 241 244 247 248 252 254 254 255 255 256 259 264 267 256 239 220 200 189 183 180 184 196 205 209 212 214 214 214 214 213 213 213 213 214 215 214 213 212 214 217 217 216 214 214 217 223 229 233 237 239 239 237 234 231 230 229 228 227 226 226 226 227 227 227 228 228 228 228 229
215 217 222 229 236 242 246 248 250 252 255 258 261 263 265 266 264 260 258 254 247 242 240 239 237 236 239 241 243 248 252 255 255 253 253 255 257 254 243 227 211 194 182 175 171 175 185 197 203 207 210 211 212 213 214 213 213 213 214 215 215 214 214 216 217 218 216 213 212 215 220 224 227 232 236 240 241 240 238 237 234 230 228 227 227 227 227 227 227 228 228 228 228 229
222 222 224 228 233 238 242 244 245 246 247 248 249 252 257 261 262 260 255 248 245 245 241 234 232 233 234 237 240 245 248 250 249 246 247 251 250 241 227 213 199 186 176 169 163 164 173 186 194 201 206 208 209 211 212 212 213 213 215 216 216 215 214 216 216 217 217 214 211 214 219 221 223 223 224 228 232 234 237 240 239 234 229 228 227 227 227 227 228 228 228 228 229 229
224 223 223 227 231 234 236 234 230 228 227 228 230 234 243 250 254 253 249 244 241 243 240 230 226 228 230 230 234 241 244 245 239 235 240 246 243 232 221 207 186 177 172 166 160 157 162 174 185 194 202 207 208 209 211 212 212 213 214 215 216 216 215 215 215 215 216 215 211 213 217 220 221 222 223 225 227 225 225 229 235 235 231 229 228 228 228 228 228 229 229 229 229 229
225 223 223 225 225 224 220 217 215 218 224 228 230 234 238 241 243 243 241 239 239 241 238 227 222 224 225 222 228 237 240 239 231 224 235 242 237 223 212 201 180 170 166 163 160 156 155 162 176 188 198 205 207 208 210 211 212 212 212 213 214 216 215 215 216 216 216 216 212 210 215 219 222 222 223 224 224 224 223 227 231 232 232 231 229 229 229 229 230 230 230 230 230 230
226 224 221 219 216 214 214 216 219 225 232 235 233 234 236 238 236 230 228 231 237 242 239 229 219 219 221 219 226 236 235 232 225 220 235 241 231 215 203 198 187 172 161 157 156 154 152 154 166 179 191 199 203 206 208 210 211 212 211 210 211 215 215 214 217 219 217 216 213 210 213 219 221 221 221 222 224 225 225 228 230 231 230 230 231 230 230 231 231 231 231 232 232 232
225 222 219 218 218 220 225 229 232 233 235 236 233 232 235 236 231 218 217 225 235 243 240 228 217 213 216 215 222 231 232 227 221 221 233 237 223 208 201 197 191 181 169 154 148 150 150 150 157 169 181 192 200 205 207 207 209 212 213 210 210 214 216 215 216 219 219 217 214 211 210 215 219 220 221 224 225 226 227 228 230 232 232 230 232 233 234 234 234 234 235 235 235 235
223 222 222 224 227 230 233 235 235 234 235 237 236 231 231 233 226 208 209 220 230 240 240 224 216 212 209 206 213 223 229 227 220 220 227 226 214 204 200 194 187 187 185 166 148 145 147 146 149 159 172 184 195 203 205 205 207 211 214 212 210 214 216 215 214 216 218 217 214 211 210 214 219 221 222 224 225 226 228 229 231 233 233 230 229 231 236 239 240 240 241 241 240 239
227 227 227 229 231 231 230 230 231 230 229 232 232 226 228 231 224 201 200 211 220 231 236 222 213 215 208 202 206 216 223 226 220 218 223 221 213 208 202 194 189 192 192 180 160 150 146 142 141 148 161 176 189 199 204 204 205 209 213 212 210 212 214 215 213 214 216 216 215 212 211 215 220 221 222 224 224 224 225 227 230 232 232 230 228 228 233 240 244 247 248 247 243 240
231 230 230 231 232 231 229 227 226 224 222 225 226 222 224 230 222 194 188 198 209 222 231 226 214 219 215 209 205 209 217 222 223 224 229 227 221 215 205 198 195 193 189 184 171 159 151 145 141 141 149 165 181 194 201 203 203 206 211 212 210 209 212 214 212 212 214 214 213 211 210 213 217 218 220 223 224 223 222 224 227 231 231 232 230 227 230 235 238 242 245 243 239 238
230 230 229 229 229 229 228 226 223 221 219 221 221 217 222 229 217 184 176 188 200 215 224 225 218 215 214 213 211 206 209 218 224 229 233 233 225 216 206 198 192 185 182 183 178 165 157 155 151 144 144 153 170 186 198 202 202 204 209 211 210 208 210 213 211 210 212 213 213 211 210 212 216 217 219 222 224 224 222 223 227 229 227 227 227 223 225 229 228 231 235 234 232 234
228 227 226 225 224 224 223 224 223 221 219 217 215 213 219 226 215 183 171 181 195 206 212 215 216 213 210 209 210 205 200 209 220 229 231 223 212 207 203 194 184 179 181 186 183 171 164 162 159 152 147 148 158 177 193 201 202 203 206 210 209 207 209 212 211 209 210 212 213 212 211 213 217 220 219 221 223 224 223 222 227 229 225 222 223 218 218 222 223 228 232 229 227 229
225 225 225 224 223 223 221 220 221 220 219 215 209 208 216 225 218 189 173 176 188 195 198 205 211 213 210 208 213 205 192 198 211 223 226 214 201 196 194 187 178 178 184 189 187 179 171 165 161 157 153 150 154 168 187 200 203 202 204 208 208 207 208 211 211 208 209 211 212 212 211 212 215 219 221 222 223 224 225 224 229 231 227 222 221 217 214 217 222 228 230 227 223 222
223 224 226 226 225 223 219 215 215 216 219 214 204 202 213 226 225 194 169 167 176 184 187 194 202 207 207 207 210 206 194 193 202 211 211 200 191 188 186 182 179 182 187 190 191 185 174 165 162 162 160 157 157 163 180 196 202 202 203 206 207 206 207 209 210 208 208 210 211 211 210 210 212 216 219 221 222 224 225 225 228 232 228 221 219 217 213 215 222 226 226 224 219 219
225 225 226 227 225 222 216 212 212 215 219 216 202 197 210 224 228 201 164 156 160 172 180 186 192 198 197 197 203 206 201 192 191 198 204 202 195 187 183 182 184 187 189 191 192 186 176 170 167 167 167 163 160 162 174 191 200 202 203 205 206 204 204 207 207 206 206 208 210 211 210 208 209 212 216 219 219 221 223 223 225 229 227 221 218 216 214 216 221 223 222 219 216 219
226 225 225 227 226 220 216 214 216 216 220 219 203 195 207 221 227 215 170 147 143 156 171 180 184 188 188 189 197 200 196 189 186 194 206 210 205 194 189 190 191 191 192 190 188 187 181 174 171 171 171 168 163 163 171 186 199 202 203 204 205 203 203 205 206 206 206 207 210 211 210 208 207 209 213 217 218 219 221 224 227 230 227 221 218 217 215 216 219 220 220 217 215 220
226 224 223 226 227 223 221 221 221 218 219 222 207 194 202 216 226 223 194 154 135 136 153 168 178 181 184 188 191 191 192 190 192 202 212 215 211 203 199 200 201 198 195 193 192 191 187 180 177 176 175 172 167 165 170 183 197 202 202 203 204 202 204 209 213 217 216 211 211 212 211 209 207 207 210 214 216 219 222 226 229 230 227 221 218 216 214 215 218 219 219 216 214 218
224 221 217 217 218 218 220 223 225 219 217 223 212 191 195 209 223 226 213 184 145 119 118 141 162 172 178 184 186 186 191 199 204 209 215 216 214 213 208 206 207 206 205 203 202 199 195 190 186 183 179 176 170 168 171 181 194 201 202 204 206 207 213 221 228 235 238 228 216 214 212 210 209 208 207 209 213 216 220 223 225 227 225 220 217 215 213 214 217 219 218 214 212 215
217 215 210 207 208 208 211 216 222 220 216 225 217 188 188 202 220 228 224 211 182 126 101 95 110 139 160 172 178 181 187 200 207 211 218 218 216 218 211 204 208 212 215 213 210 207 204 199 193 189 185 179 173 171 172 179 192 200 203 207 212 218 224 227 225 227 230 230 221 216 215 213 211 209 206 206 209 212 215 218 221 224 221 216 214 213 211 211 215 217 215 210 210 215
214 213 209 204 204 206 208 212 218 219 218 228 225 193 186 200 218 228 230 228 217 181 118 82 76 89 109 137 157 169 181 198 209 212 219 220 216 218 214 204 203 210 216 217 213 208 205 198 193 190 187 182 177 174 174 179 192 205 211 215 220 223 223 220 216 217 220 221 220 216 218 217 214 211 208 204 204 208 211 213 215 218 217 213 213 213 210 210 214 217 214 208 208 216
214 213 210 206 204 207 208 210 216 216 217 229 231 207 194 201 217 224 227 230 232 219 174 133 109 91 91 116 143 159 179 199 209 212 219 222 217 217 217 207 200 204 213 218 216 210 203 196 190 189 188 186 182 177 177 184 197 212 220 221 219 217 214 211 211 214 217 219 220 219 222 229 227 219 212 206 201 203 206 207 209 214 217 215 214 214 210 211 217 218 213 205 205 213
209 210 208 204 201 204 207 208 212 211 215 227 234 222 210 209 214 217 218 220 224 226 206 169 146 133 132 144 152 165 183 202 211 212 218 223 218 216 218 211 203 201 208 218 220 214 206 196 189 188 190 190 186 181 180 186 196 206 213 211 208 208 208 207 210 213 216 218 220 221 222 232 240 237 225 211 203 200 204 206 208 215 218 217 215 214 210 211 216 216 210 201 202 212
