windninja/windninja_output/Output_2025-08-09_0600-0650_Google earth_Fire_150m_10min/merlingen_7.5mi_point_08-09-2025_0600_150m_vel.asc
ncols	158
nrows	163
xllcorner	391686.332397
yllcorner	5160024.123721
cellsize	150.000000
NODATA_value	-32768.000000
[rows 38 to 75 of 163, columns 0 to 83 of 158]
0.37 0.37 0.37 0.36 0.36 0.36 0.37 0.37 0.37 0.38 0.39 0.39 0.40 0.40 0.41 0.41 0.41 0.42 0.42 0.43 0.43 0.43 0.43 0.43 0.42 0.41 0.40 0.40 0.42 0.44 0.44 0.45 0.48 0.54 0.62 0.66 0.66 0.70 0.73 0.71 0.69 0.68 0.68 0.70 0.73 0.73 0.72 0.74 0.78 0.81 0.80 0.75 0.76 0.82 0.82 0.76 0.80 0.91 0.99 1.04 1.11 1.08 0.89 0.68 0.60 0.69 0.90 0.97 0.84 0.75 0.74 0.75 0.77 0.73 0.68 0.65 0.59 0.61 0.78 0.87 0.71 0.65 0.74 0.90
0.35 0.35 0.35 0.35 0.35 0.35 0.36 0.37 0.37 0.38 0.39 0.39 0.40 0.41 0.41 0.41 0.42 0.42 0.42 0.43 0.43 0.43 0.43 0.43 0.42 0.41 0.39 0.38 0.37 0.39 0.40 0.40 0.44 0.50 0.57 0.62 0.67 0.75 0.80 0.78 0.73 0.71 0.70 0.72 0.77 0.80 0.77 0.75 0.78 0.86 0.88 0.81 0.81 0.91 0.99 0.95 0.93 1.01 1.11 1.17 1.23 1.29 1.21 0.92 0.70 0.72 0.91 0.96 0.82 0.75 0.75 0.76 0.77 0.75 0.73 0.71 0.66 0.65 0.77 0.98 0.96 0.81 0.74 0.80
0.33 0.32 0.33 0.34 0.35 0.35 0.36 0.37 0.38 0.38 0.39 0.40 0.40 0.41 0.42 0.42 0.42 0.43 0.43 0.43 0.44 0.44 0.44 0.44 0.43 0.41 0.39 0.36 0.34 0.36 0.38 0.38 0.39 0.44 0.51 0.56 0.61 0.70 0.80 0.85 0.83 0.79 0.76 0.74 0.76 0.82 0.84 0.80 0.80 0.87 0.92 0.85 0.81 0.89 1.02 1.06 1.01 0.99 1.04 1.10 1.14 1.24 1.34 1.17 0.83 0.78 0.96 0.99 0.85 0.79 0.74 0.71 0.69 0.66 0.71 0.75 0.72 0.71 0.75 0.92 1.05 1.02 0.94 0.89
0.30 0.30 0.31 0.33 0.34 0.35 0.36 0.37 0.38 0.38 0.39 0.40 0.40 0.41 0.42 0.43 0.43 0.43 0.44 0.44 0.44 0.44 0.44 0.44 0.44 0.42 0.40 0.38 0.36 0.37 0.39 0.39 0.38 0.41 0.47 0.53 0.58 0.61 0.70 0.83 0.90 0.92 0.91 0.86 0.82 0.86 0.92 0.94 0.91 0.92 0.97 0.93 0.82 0.77 0.81 0.90 0.89 0.82 0.84 0.91 0.95 1.02 1.21 1.30 1.09 0.90 0.99 1.06 0.96 0.89 0.83 0.77 0.72 0.66 0.70 0.76 0.76 0.73 0.73 0.80 0.92 1.01 1.06 1.06
0.28 0.29 0.31 0.32 0.34 0.35 0.36 0.37 0.39 0.39 0.39 0.40 0.41 0.41 0.42 0.43 0.43 0.44 0.44 0.44 0.44 0.44 0.44 0.45 0.44 0.43 0.42 0.40 0.38 0.39 0.41 0.42 0.40 0.41 0.44 0.51 0.59 0.65 0.70 0.78 0.86 0.91 0.94 0.94 0.91 0.89 0.90 0.90 0.87 0.84 0.89 0.89 0.79 0.69 0.68 0.74 0.76 0.73 0.73 0.80 0.83 0.85 0.99 1.22 1.27 1.12 1.06 1.14 1.14 1.07 1.02 0.97 0.88 0.79 0.78 0.81 0.79 0.75 0.73 0.78 0.87 0.91 0.97 1.05
0.27 0.28 0.30 0.32 0.34 0.35 0.36 0.37 0.38 0.39 0.40 0.40 0.41 0.42 0.42 0.43 0.44 0.44 0.45 0.45 0.45 0.45 0.45 0.45 0.45 0.44 0.44 0.42 0.40 0.39 0.41 0.42 0.42 0.42 0.43 0.47 0.55 0.64 0.69 0.71 0.75 0.80 0.83 0.85 0.83 0.80 0.79 0.80 0.80 0.77 0.81 0.84 0.80 0.74 0.71 0.72 0.73 0.73 0.74 0.79 0.79 0.76 0.80 0.95 1.15 1.22 1.16 1.19 1.29 1.33 1.32 1.29 1.19 1.06 1.00 0.95 0.89 0.82 0.77 0.77 0.83 0.89 0.94 1.00
0.26 0.27 0.29 0.31 0.33 0.35 0.36 0.37 0.38 0.39 0.40 0.41 0.42 0.42 0.43 0.43 0.44 0.45 0.45 0.46 0.46 0.46 0.46 0.46 0.46 0.46 0.45 0.44 0.43 0.41 0.42 0.43 0.43 0.42 0.42 0.42 0.46 0.51 0.55 0.60 0.66 0.73 0.77 0.77 0.75 0.75 0.75 0.77 0.79 0.81 0.85 0.89 0.87 0.81 0.79 0.78 0.75 0.75 0.77 0.81 0.82 0.79 0.76 0.79 0.92 1.07 1.13 1.14 1.21 1.34 1.41 1.43 1.41 1.30 1.18 1.07 0.97 0.90 0.83 0.79 0.79 0.85 0.93 0.97
0.26 0.27 0.29 0.31 0.33 0.35 0.36 0.37 0.38 0.39 0.40 0.41 0.42 0.43 0.43 0.44 0.45 0.45 0.46 0.46 0.47 0.47 0.47 0.46 0.47 0.47 0.46 0.45 0.44 0.43 0.43 0.44 0.43 0.42 0.41 0.39 0.39 0.42 0.47 0.53 0.60 0.68 0.73 0.74 0.72 0.75 0.78 0.79 0.79 0.81 0.84 0.87 0.86 0.80 0.79 0.80 0.77 0.75 0.77 0.81 0.85 0.87 0.84 0.83 0.88 0.94 1.00 1.03 0.98 1.00 1.11 1.20 1.28 1.27 1.19 1.09 0.97 0.91 0.91 0.89 0.87 0.86 0.86 0.90
0.26 0.27 0.29 0.31 0.33 0.34 0.36 0.37 0.38 0.39 0.41 0.41 0.42 0.43 0.44 0.44 0.45 0.46 0.46 0.47 0.47 0.47 0.47 0.47 0.47 0.47 0.47 0.46 0.46 0.45 0.44 0.44 0.44 0.42 0.41 0.40 0.39 0.39 0.43 0.48 0.54 0.61 0.70 0.73 0.70 0.72 0.77 0.80 0.79 0.78 0.79 0.83 0.84 0.81 0.77 0.80 0.81 0.77 0.76 0.79 0.86 0.93 0.93 0.91 0.91 0.92 0.92 0.94 0.89 0.84 0.89 0.97 1.08 1.15 1.16 1.11 1.00 0.93 0.93 0.93 0.87 0.81 0.80 0.82
0.26 0.27 0.29 0.31 0.33 0.35 0.35 0.36 0.38 0.39 0.41 0.42 0.42 0.43 0.44 0.45 0.45 0.46 0.47 0.47 0.47 0.47 0.48 0.48 0.48 0.48 0.47 0.47 0.47 0.46 0.45 0.45 0.44 0.42 0.40 0.39 0.40 0.39 0.40 0.43 0.48 0.55 0.65 0.71 0.73 0.73 0.74 0.76 0.76 0.76 0.78 0.81 0.83 0.85 0.83 0.83 0.85 0.83 0.80 0.77 0.82 0.91 0.91 0.86 0.85 0.86 0.85 0.87 0.86 0.84 0.85 0.88 0.97 1.06 1.10 1.09 1.01 0.91 0.85 0.84 0.80 0.76 0.78 0.81
0.27 0.27 0.29 0.31 0.34 0.36 0.35 0.35 0.37 0.39 0.40 0.41 0.42 0.43 0.44 0.45 0.45 0.46 0.47 0.47 0.48 0.48 0.48 0.48 0.49 0.48 0.48 0.48 0.48 0.48 0.47 0.46 0.45 0.43 0.40 0.39 0.39 0.40 0.39 0.40 0.43 0.49 0.57 0.64 0.70 0.74 0.74 0.74 0.76 0.76 0.78 0.80 0.81 0.83 0.83 0.84 0.86 0.86 0.87 0.84 0.82 0.85 0.88 0.83 0.78 0.78 0.79 0.81 0.83 0.82 0.84 0.86 0.91 0.98 1.04 1.05 0.99 0.91 0.84 0.83 0.85 0.82 0.80 0.82
0.28 0.28 0.29 0.31 0.34 0.37 0.37 0.35 0.35 0.38 0.40 0.41 0.42 0.43 0.45 0.45 0.46 0.46 0.47 0.48 0.48 0.48 0.49 0.49 0.50 0.49 0.49 0.49 0.49 0.49 0.48 0.48 0.47 0.45 0.43 0.41 0.41 0.41 0.41 0.40 0.42 0.44 0.49 0.55 0.62 0.69 0.72 0.73 0.73 0.74 0.78 0.83 0.85 0.86 0.86 0.87 0.88 0.87 0.87 0.87 0.84 0.85 0.88 0.86 0.78 0.74 0.75 0.76 0.78 0.81 0.83 0.86 0.89 0.93 0.99 1.02 1.01 0.98 0.96 0.95 0.94 0.92 0.88 0.85
0.29 0.28 0.29 0.32 0.35 0.38 0.39 0.37 0.35 0.36 0.39 0.41 0.42 0.43 0.45 0.46 0.47 0.47 0.48 0.48 0.49 0.49 0.49 0.50 0.51 0.51 0.50 0.50 0.50 0.50 0.49 0.49 0.48 0.47 0.45 0.43 0.41 0.42 0.42 0.42 0.43 0.45 0.47 0.49 0.55 0.63 0.68 0.69 0.69 0.67 0.68 0.76 0.84 0.88 0.91 0.92 0.92 0.90 0.86 0.82 0.80 0.82 0.88 0.88 0.79 0.72 0.72 0.72 0.74 0.77 0.80 0.83 0.86 0.89 0.93 0.96 0.98 1.00 1.02 1.02 1.00 0.98 0.94 0.88
0.30 0.29 0.28 0.31 0.36 0.39 0.41 0.42 0.38 0.36 0.38 0.41 0.42 0.43 0.45 0.46 0.47 0.47 0.48 0.49 0.49 0.50 0.50 0.50 0.51 0.51 0.51 0.51 0.51 0.51 0.50 0.50 0.49 0.49 0.47 0.45 0.42 0.41 0.41 0.42 0.44 0.45 0.45 0.46 0.51 0.59 0.64 0.68 0.70 0.67 0.65 0.74 0.79 0.80 0.84 0.87 0.88 0.88 0.86 0.82 0.79 0.81 0.89 0.89 0.78 0.71 0.71 0.72 0.74 0.76 0.78 0.80 0.83 0.86 0.88 0.89 0.90 0.93 0.99 1.05 1.06 1.02 0.94 0.86
0.33 0.29 0.27 0.30 0.35 0.38 0.41 0.44 0.42 0.38 0.38 0.40 0.42 0.43 0.44 0.46 0.47 0.48 0.48 0.49 0.49 0.50 0.50 0.51 0.51 0.51 0.52 0.52 0.52 0.52 0.51 0.51 0.50 0.50 0.49 0.47 0.44 0.42 0.41 0.41 0.43 0.45 0.44 0.44 0.48 0.56 0.61 0.65 0.75 0.78 0.78 0.83 0.87 0.85 0.82 0.81 0.82 0.83 0.85 0.84 0.82 0.83 0.92 0.91 0.78 0.72 0.73 0.75 0.76 0.78 0.79 0.82 0.85 0.86 0.87 0.86 0.83 0.83 0.88 0.97 1.05 1.08 1.02 0.88
0.36 0.32 0.28 0.30 0.35 0.37 0.39 0.45 0.45 0.40 0.38 0.39 0.42 0.43 0.45 0.46 0.47 0.48 0.48 0.49 0.50 0.50 0.50 0.51 0.51 0.52 0.52 0.52 0.52 0.52 0.52 0.52 0.52 0.51 0.50 0.49 0.47 0.45 0.42 0.41 0.43 0.46 0.46 0.44 0.46 0.54 0.59 0.63 0.74 0.82 0.83 0.84 0.87 0.89 0.86 0.81 0.78 0.80 0.84 0.86 0.85 0.85 0.94 0.94 0.81 0.75 0.76 0.79 0.82 0.82 0.83 0.86 0.88 0.89 0.89 0.87 0.83 0.80 0.80 0.84 0.94 1.07 1.11 1.03
0.36 0.35 0.31 0.30 0.35 0.38 0.39 0.45 0.48 0.44 0.39 0.38 0.40 0.43 0.44 0.46 0.47 0.48 0.49 0.50 0.50 0.50 0.51 0.51 0.52 0.52 0.52 0.53 0.53 0.53 0.53 0.53 0.52 0.52 0.51 0.51 0.49 0.48 0.45 0.42 0.41 0.44 0.45 0.43 0.41 0.48 0.56 0.60 0.66 0.73 0.78 0.80 0.80 0.84 0.88 0.84 0.79 0.81 0.86 0.90 0.90 0.92 0.98 0.96 0.86 0.82 0.83 0.86 0.92 0.94 0.92 0.90 0.89 0.88 0.88 0.88 0.86 0.84 0.83 0.81 0.86 1.00 1.12 1.16
0.35 0.37 0.36 0.31 0.32 0.35 0.36 0.41 0.49 0.50 0.43 0.39 0.39 0.41 0.43 0.45 0.47 0.48 0.49 0.50 0.51 0.51 0.51 0.51 0.52 0.52 0.53 0.53 0.53 0.54 0.54 0.54 0.53 0.53 0.53 0.52 0.51 0.50 0.48 0.45 0.41 0.41 0.42 0.41 0.40 0.41 0.47 0.54 0.59 0.65 0.72 0.79 0.80 0.82 0.89 0.87 0.81 0.82 0.86 0.90 0.94 0.98 1.05 1.03 0.91 0.85 0.85 0.87 0.93 0.98 0.96 0.92 0.89 0.88 0.89 0.89 0.89 0.89 0.90 0.87 0.87 0.95 1.05 1.12
0.34 0.36 0.38 0.36 0.33 0.33 0.33 0.35 0.43 0.51 0.49 0.43 0.40 0.40 0.41 0.44 0.46 0.47 0.48 0.49 0.51 0.52 0.52 0.52 0.52 0.53 0.53 0.54 0.54 0.54 0.54 0.54 0.54 0.54 0.54 0.53 0.52 0.51 0.50 0.48 0.45 0.43 0.43 0.43 0.42 0.41 0.42 0.46 0.51 0.57 0.64 0.74 0.78 0.81 0.89 0.86 0.82 0.84 0.86 0.89 0.93 0.98 1.08 1.09 0.95 0.82 0.79 0.79 0.82 0.88 0.91 0.93 0.94 0.93 0.93 0.92 0.93 0.94 0.95 0.93 0.91 0.92 0.98 1.04
0.35 0.36 0.38 0.40 0.40 0.39 0.36 0.34 0.38 0.47 0.51 0.50 0.47 0.42 0.40 0.42 0.45 0.47 0.48 0.49 0.50 0.52 0.52 0.53 0.53 0.53 0.54 0.54 0.55 0.55 0.55 0.55 0.55 0.55 0.55 0.54 0.54 0.53 0.52 0.51 0.49 0.47 0.46 0.45 0.44 0.41 0.39 0.38 0.41 0.47 0.54 0.66 0.73 0.78 0.87 0.84 0.81 0.86 0.89 0.91 0.93 0.97 1.04 1.10 1.01 0.85 0.77 0.76 0.78 0.83 0.89 0.95 0.97 0.97 0.97 0.97 0.98 1.01 1.01 1.00 0.99 0.97 0.97 0.98
0.37 0.37 0.38 0.40 0.42 0.43 0.42 0.38 0.37 0.42 0.48 0.51 0.53 0.50 0.43 0.40 0.42 0.45 0.47 0.49 0.50 0.51 0.52 0.53 0.53 0.53 0.54 0.55 0.55 0.55 0.55 0.56 0.56 0.56 0.55 0.55 0.55 0.54 0.54 0.53 0.52 0.50 0.49 0.47 0.45 0.42 0.38 0.34 0.33 0.36 0.43 0.57 0.68 0.76 0.85 0.82 0.78 0.81 0.85 0.87 0.91 0.97 1.04 1.11 1.07 0.93 0.82 0.80 0.84 0.89 0.92 0.95 0.97 0.98 0.99 0.99 1.00 1.03 1.05 1.05 1.05 1.05 1.02 0.99
0.38 0.38 0.39 0.40 0.41 0.43 0.44 0.43 0.40 0.39 0.41 0.45 0.52 0.56 0.51 0.43 0.41 0.42 0.45 0.48 0.49 0.51 0.52 0.52 0.53 0.54 0.54 0.55 0.55 0.56 0.56 0.56 0.56 0.56 0.56 0.56 0.56 0.55 0.55 0.54 0.53 0.52 0.51 0.50 0.47 0.45 0.41 0.37 0.32 0.30 0.34 0.46 0.62 0.72 0.81 0.80 0.75 0.75 0.79 0.81 0.85 0.93 1.03 1.11 1.10 0.99 0.88 0.85 0.88 0.92 0.92 0.93 0.97 0.98 0.99 1.00 1.00 1.00 1.01 1.01 1.02 1.05 1.06 1.05
0.39 0.39 0.40 0.41 0.42 0.42 0.44 0.44 0.43 0.41 0.39 0.40 0.47 0.56 0.59 0.53 0.45 0.42 0.43 0.46 0.48 0.51 0.52 0.53 0.53 0.54 0.55 0.55 0.55 0.56 0.56 0.57 0.57 0.57 0.57 0.57 0.57 0.57 0.56 0.56 0.55 0.54 0.53 0.52 0.50 0.48 0.46 0.42 0.37 0.32 0.30 0.36 0.51 0.65 0.74 0.77 0.74 0.73 0.74 0.76 0.79 0.84 0.94 1.05 1.09 1.02 0.91 0.83 0.84 0.88 0.90 0.91 0.94 0.96 0.97 0.99 1.00 0.99 0.98 0.97 0.97 1.00 1.04 1.05
0.40 0.40 0.41 0.42 0.43 0.44 0.45 0.45 0.45 0.44 0.41 0.40 0.42 0.51 0.60 0.62 0.56 0.48 0.44 0.43 0.46 0.49 0.51 0.53 0.53 0.54 0.54 0.55 0.55 0.56 0.57 0.57 0.57 0.58 0.58 0.58 0.58 0.57 0.57 0.57 0.56 0.56 0.55 0.54 0.52 0.51 0.49 0.46 0.42 0.36 0.31 0.30 0.39 0.54 0.64 0.68 0.70 0.70 0.69 0.69 0.72 0.76 0.85 0.96 1.03 1.02 0.94 0.84 0.83 0.87 0.90 0.91 0.92 0.93 0.94 0.95 0.98 0.99 0.98 0.98 0.98 0.98 1.00 1.00
0.41 0.40 0.41 0.41 0.43 0.45 0.47 0.48 0.48 0.46 0.43 0.40 0.39 0.43 0.52 0.62 0.64 0.59 0.51 0.45 0.44 0.46 0.49 0.51 0.53 0.54 0.55 0.55 0.55 0.56 0.57 0.57 0.58 0.58 0.58 0.58 0.58 0.58 0.58 0.58 0.57 0.57 0.56 0.55 0.54 0.53 0.51 0.49 0.46 0.41 0.35 0.32 0.36 0.45 0.55 0.62 0.66 0.67 0.66 0.66 0.68 0.72 0.79 0.89 0.98 1.00 0.96 0.90 0.88 0.88 0.90 0.91 0.92 0.91 0.93 0.94 0.96 0.98 0.99 1.00 1.01 1.01 1.02 1.01
0.44 0.41 0.40 0.40 0.41 0.44 0.47 0.49 0.50 0.48 0.46 0.42 0.39 0.40 0.44 0.54 0.63 0.66 0.61 0.53 0.47 0.46 0.47 0.50 0.52 0.54 0.55 0.55 0.55 0.56 0.57 0.57 0.58 0.58 0.59 0.59 0.59 0.59 0.59 0.59 0.58 0.58 0.57 0.57 0.56 0.55 0.53 0.51 0.49 0.45 0.40 0.36 0.38 0.42 0.49 0.60 0.68 0.68 0.66 0.67 0.69 0.74 0.79 0.82 0.86 0.87 0.83 0.85 0.88 0.89 0.90 0.92 0.93 0.91 0.91 0.95 0.98 1.00 1.02 1.04 1.06 1.06 1.07 1.08
0.48 0.44 0.40 0.40 0.40 0.41 0.44 0.47 0.49 0.49 0.49 0.45 0.40 0.40 0.42 0.46 0.56 0.65 0.68 0.63 0.56 0.50 0.47 0.48 0.50 0.54 0.56 0.56 0.55 0.56 0.57 0.57 0.58 0.59 0.59 0.59 0.59 0.60 0.60 0.59 0.59 0.59 0.58 0.58 0.57 0.56 0.55 0.53 0.51 0.48 0.44 0.39 0.38 0.41 0.43 0.52 0.68 0.72 0.68 0.66 0.67 0.71 0.75 0.77 0.76 0.72 0.72 0.77 0.83 0.88 0.91 0.93 0.94 0.91 0.90 0.94 1.00 1.04 1.07 1.11 1.12 1.12 1.11 1.12
0.52 0.49 0.44 0.43 0.43 0.42 0.43 0.45 0.47 0.47 0.48 0.47 0.41 0.39 0.41 0.43 0.48 0.57 0.66 0.70 0.65 0.58 0.53 0.49 0.48 0.51 0.55 0.56 0.56 0.57 0.57 0.57 0.58 0.59 0.59 0.60 0.60 0.60 0.60 0.60 0.60 0.60 0.59 0.59 0.58 0.57 0.56 0.55 0.54 0.51 0.48 0.42 0.39 0.38 0.37 0.41 0.59 0.73 0.73 0.67 0.61 0.62 0.73 0.82 0.84 0.80 0.77 0.78 0.80 0.84 0.87 0.92 0.93 0.90 0.89 0.92 0.98 1.03 1.07 1.11 1.13 1.12 1.12 1.14
0.54 0.54 0.53 0.48 0.45 0.45 0.45 0.49 0.51 0.50 0.48 0.49 0.45 0.39 0.40 0.43 0.45 0.48 0.57 0.67 0.71 0.68 0.63 0.56 0.51 0.50 0.53 0.55 0.56 0.57 0.57 0.57 0.58 0.59 0.59 0.60 0.60 0.61 0.61 0.61 0.61 0.61 0.60 0.60 0.59 0.59 0.58 0.57 0.56 0.54 0.51 0.47 0.43 0.39 0.35 0.34 0.42 0.60 0.70 0.68 0.61 0.62 0.76 0.89 0.94 0.92 0.85 0.80 0.78 0.79 0.81 0.86 0.90 0.90 0.90 0.90 0.93 0.98 1.02 1.08 1.16 1.18 1.19 1.22
0.52 0.59 0.66 0.63 0.55 0.49 0.48 0.53 0.57 0.55 0.51 0.49 0.49 0.45 0.40 0.41 0.45 0.46 0.49 0.58 0.67 0.72 0.72 0.68 0.60 0.55 0.53 0.53 0.53 0.55 0.56 0.57 0.58 0.59 0.59 0.60 0.60 0.61 0.61 0.61 0.61 0.61 0.61 0.61 0.61 0.60 0.59 0.58 0.57 0.56 0.54 0.51 0.48 0.44 0.39 0.33 0.32 0.40 0.54 0.61 0.59 0.59 0.67 0.80 0.89 0.92 0.89 0.83 0.78 0.76 0.77 0.81 0.85 0.86 0.87 0.88 0.88 0.92 1.00 1.08 1.17 1.22 1.20 1.16
0.48 0.57 0.73 0.80 0.80 0.72 0.63 0.65 0.67 0.63 0.56 0.52 0.51 0.50 0.47 0.44 0.45 0.47 0.47 0.51 0.57 0.63 0.71 0.74 0.72 0.67 0.61 0.55 0.51 0.51 0.53 0.54 0.56 0.58 0.59 0.60 0.60 0.61 0.61 0.62 0.62 0.62 0.62 0.62 0.62 0.61 0.61 0.60 0.59 0.58 0.56 0.55 0.52 0.49 0.45 0.40 0.36 0.35 0.42 0.50 0.48 0.47 0.52 0.62 0.73 0.82 0.87 0.86 0.82 0.79 0.77 0.78 0.80 0.79 0.79 0.80 0.82 0.85 0.92 0.99 1.03 1.06 1.05 0.97
0.39 0.39 0.50 0.66 0.78 0.82 0.79 0.78 0.82 0.82 0.75 0.72 0.69 0.65 0.61 0.58 0.54 0.51 0.48 0.48 0.52 0.55 0.61 0.68 0.73 0.75 0.74 0.65 0.55 0.51 0.50 0.51 0.54 0.56 0.58 0.59 0.60 0.61 0.62 0.62 0.62 0.63 0.63 0.63 0.62 0.62 0.62 0.61 0.60 0.60 0.58 0.57 0.56 0.54 0.51 0.49 0.46 0.43 0.42 0.44 0.42 0.38 0.40 0.46 0.53 0.61 0.71 0.78 0.81 0.82 0.80 0.79 0.78 0.76 0.76 0.76 0.75 0.76 0.79 0.85 0.88 0.88 0.92 0.93
0.34 0.30 0.27 0.32 0.45 0.58 0.62 0.63 0.72 0.81 0.81 0.80 0.81 0.79 0.75 0.71 0.68 0.64 0.57 0.51 0.51 0.53 0.55 0.58 0.62 0.71 0.81 0.77 0.66 0.58 0.52 0.50 0.50 0.53 0.56 0.58 0.60 0.61 0.62 0.62 0.63 0.63 0.63 0.63 0.63 0.63 0.63 0.62 0.62 0.61 0.60 0.59 0.58 0.57 0.55 0.54 0.52 0.51 0.49 0.47 0.45 0.40 0.36 0.35 0.36 0.40 0.48 0.57 0.64 0.70 0.75 0.79 0.79 0.76 0.76 0.75 0.73 0.71 0.71 0.72 0.76 0.81 0.86 0.95
0.40 0.35 0.28 0.27 0.32 0.39 0.38 0.37 0.46 0.59 0.60 0.59 0.62 0.66 0.68 0.68 0.70 0.71 0.69 0.62 0.56 0.54 0.55 0.56 0.56 0.62 0.79 0.88 0.81 0.70 0.63 0.56 0.51 0.50 0.53 0.56 0.59 0.60 0.61 0.62 0.63 0.63 0.64 0.64 0.64 0.64 0.64 0.63 0.63 0.62 0.62 0.61 0.60 0.59 0.58 0.57 0.56 0.55 0.54 0.53 0.50 0.47 0.43 0.39 0.35 0.33 0.33 0.36 0.41 0.48 0.59 0.69 0.74 0.72 0.71 0.73 0.72 0.69 0.66 0.64 0.68 0.77 0.84 0.97
0.46 0.42 0.37 0.34 0.34 0.37 0.35 0.33 0.37 0.45 0.46 0.45 0.47 0.49 0.52 0.55 0.58 0.64 0.68 0.69 0.67 0.64 0.61 0.59 0.57 0.57 0.69 0.84 0.89 0.82 0.74 0.67 0.60 0.52 0.51 0.53 0.56 0.59 0.61 0.62 0.63 0.63 0.64 0.64 0.64 0.64 0.64 0.64 0.64 0.64 0.63 0.63 0.62 0.61 0.61 0.60 0.59 0.58 0.57 0.56 0.55 0.53 0.51 0.48 0.44 0.40 0.35 0.33 0.32 0.32 0.35 0.45 0.57 0.58 0.60 0.63 0.66 0.65 0.62 0.63 0.67 0.74 0.84 1.00
0.54 0.49 0.41 0.37 0.37 0.38 0.37 0.36 0.37 0.40 0.43 0.45 0.46 0.46 0.47 0.48 0.50 0.53 0.58 0.62 0.67 0.69 0.68 0.66 0.61 0.57 0.62 0.74 0.85 0.87 0.82 0.77 0.72 0.62 0.55 0.53 0.55 0.57 0.59 0.61 0.63 0.64 0.64 0.65 0.65 0.65 0.65 0.65 0.65 0.65 0.64 0.64 0.63 0.63 0.62 0.62 0.61 0.61 0.60 0.59 0.58 0.57 0.55 0.53 0.51 0.48 0.45 0.41 0.36 0.31 0.27 0.28 0.36 0.42 0.47 0.52 0.57 0.59 0.58 0.62 0.69 0.75 0.85 1.00
0.64 0.57 0.44 0.37 0.37 0.37 0.36 0.37 0.38 0.38 0.40 0.44 0.45 0.47 0.48 0.48 0.49 0.50 0.52 0.54 0.57 0.62 0.65 0.66 0.62 0.59 0.61 0.69 0.79 0.85 0.84 0.81 0.79 0.74 0.66 0.59 0.58 0.57 0.58 0.60 0.62 0.64 0.64 0.65 0.65 0.65 0.66 0.66 0.65 0.65 0.65 0.65 0.65 0.64 0.64 0.63 0.63 0.63 0.62 0.61 0.60 0.59 0.58 0.57 0.56 0.54 0.51 0.49 0.45 0.41 0.35 0.31 0.31 0.34 0.40 0.47 0.52 0.56 0.57 0.60 0.70 0.79 0.88 0.99
0.76 0.67 0.50 0.39 0.35 0.35 0.34 0.34 0.36 0.36 0.38 0.40 0.42 0.44 0.46 0.47 0.49 0.51 0.52 0.53 0.54 0.56 0.59 0.61 0.60 0.57 0.58 0.63 0.73 0.82 0.84 0.83 0.82 0.79 0.72 0.65 0.61 0.59 0.59 0.59 0.61 0.63 0.65 0.65 0.66 0.66 0.66 0.66 0.66 0.66 0.66 0.66 0.66 0.65 0.65 0.65 0.64 0.64 0.64 0.63 0.62 0.62 0.61 0.60 0.58 0.57 0.55 0.53 0.51 0.48 0.45 0.42 0.38 0.34 0.35 0.40 0.46 0.53 0.58 0.61 0.69 0.79 0.89 0.94
