windninja/windninja_output/Output_2025-08-09_0600-0650_Google earth_Fire_150m_10min/merlingen_7.5mi_point_08-09-2025_0610_150m_ang.asc
ncols	158
nrows	163
xllcorner	391686.332397
yllcorner	5160024.123721
cellsize	150.000000
NODATA_value	-32768.000000
[rows 84 to 125 of 163, columns 0 to 93 of 158]
236 231 229 235 235 234 231 230 231 229 227 227 228 231 234 234 234 234 234 233 232 230 228 225 219 217 220 221 222 223 223 223 223 226 229 232 233 232 229 227 224 221 220 220 220 221 220 221 222 222 220 219 219 219 222 224 225 225 226 226 225 225 225 225 225 225 225 225 225 225 225 225 224 224 223 223 221 218 214 207 195 192 201 213 229 235 237 237 236 237 237 236 235 233
238 239 241 243 243 241 237 236 237 235 231 229 229 231 232 233 233 235 236 236 236 234 231 227 222 218 221 223 224 223 222 222 222 222 225 228 230 232 232 230 226 224 223 224 226 228 229 231 232 231 228 226 224 223 223 224 226 226 226 226 226 226 225 225 225 225 225 225 225 225 225 225 224 224 224 223 222 219 216 208 194 188 197 215 233 236 235 235 235 236 237 237 236 236
244 245 247 249 248 245 240 236 236 235 231 228 229 230 231 232 233 236 239 241 242 240 238 234 224 215 218 222 224 224 223 223 221 219 220 222 222 225 228 229 228 226 224 225 226 228 230 233 234 234 232 231 229 227 225 226 227 227 227 226 226 226 225 225 225 225 225 225 225 225 225 225 225 224 224 223 222 220 217 210 196 186 192 216 234 237 237 236 235 235 236 236 236 234
251 251 252 251 246 240 234 230 231 232 231 229 230 229 231 232 232 235 238 241 241 238 236 230 210 203 211 217 221 222 223 224 223 221 221 221 220 220 222 224 225 224 224 224 226 228 230 232 233 234 233 232 230 229 229 229 230 229 228 227 227 226 225 225 225 225 225 226 226 226 225 225 225 225 224 224 223 222 219 214 203 187 189 215 233 236 237 238 238 239 239 238 237 233
253 252 248 241 233 227 225 225 228 232 232 229 228 225 226 227 228 232 234 235 232 224 218 207 195 195 207 215 219 221 222 224 225 225 227 227 224 222 223 224 223 222 222 223 224 226 228 231 231 231 230 230 229 229 229 230 231 232 232 230 227 226 225 225 225 225 225 226 226 226 226 226 226 225 225 225 224 223 222 220 213 200 199 231 242 239 238 238 239 241 242 241 239 237
250 246 237 232 228 224 224 226 227 229 231 227 223 222 223 223 225 228 231 230 222 210 205 201 194 195 206 215 219 221 222 223 224 225 227 229 229 228 229 229 229 226 223 222 223 225 227 229 230 229 228 226 224 224 224 226 228 232 236 233 227 225 224 225 225 225 226 226 226 226 226 226 226 226 226 226 225 225 225 223 221 217 224 253 261 257 251 246 244 246 246 243 241 242
246 241 233 232 232 229 225 224 221 223 227 224 218 219 221 221 221 223 227 227 213 202 201 202 197 198 208 215 219 222 223 224 225 224 226 228 228 228 229 230 231 230 228 226 226 227 228 230 230 229 228 226 223 221 220 223 226 230 233 230 223 222 223 224 225 225 226 226 226 226 226 226 226 226 226 226 227 227 227 226 226 227 234 252 263 266 263 257 254 255 251 243 243 245
239 234 226 224 223 221 217 214 213 218 224 221 214 213 213 212 214 217 222 223 207 198 204 205 200 202 210 217 220 223 224 226 227 226 226 227 226 225 225 226 228 229 229 229 229 229 230 231 232 232 230 228 225 221 218 219 222 223 224 222 216 217 222 224 225 225 226 226 226 226 227 227 227 227 227 227 227 228 228 229 230 232 236 245 254 260 262 260 259 258 252 245 250 253
231 224 215 212 211 208 200 196 199 209 217 216 211 210 211 211 210 209 211 212 206 199 207 209 205 207 214 219 222 225 226 228 228 227 227 227 226 225 225 225 226 227 229 231 231 231 232 235 236 237 237 234 229 224 216 215 219 221 223 222 217 216 220 223 225 226 226 226 227 227 227 227 227 227 228 228 228 229 229 230 232 234 239 247 255 259 261 263 262 258 252 254 259 260
222 216 208 207 207 204 198 193 193 204 211 207 200 198 199 202 200 198 206 213 211 202 206 210 209 212 218 222 224 227 229 231 232 230 227 227 227 227 226 225 224 226 229 231 232 233 235 236 237 239 240 239 231 224 219 219 226 230 230 228 223 219 221 224 225 226 227 227 227 227 227 228 228 228 228 229 229 230 230 232 233 236 240 247 256 262 265 266 264 258 254 256 259 259
208 207 205 206 207 206 202 196 192 201 208 205 199 196 196 201 203 204 214 222 216 208 208 212 213 217 221 223 225 228 231 235 236 232 228 228 228 228 227 225 221 220 224 227 227 229 230 232 234 234 235 233 224 221 223 227 236 238 235 232 228 224 223 225 226 227 227 227 228 228 228 228 228 229 229 229 230 230 231 232 234 236 239 244 250 257 262 263 260 256 254 253 254 254
189 198 204 207 211 210 206 199 193 201 211 213 210 210 210 218 220 228 231 226 219 219 219 222 222 223 223 225 225 226 229 232 232 230 228 229 230 229 228 226 221 217 220 223 222 221 222 224 225 226 226 226 219 219 225 228 232 235 234 232 230 226 225 226 227 227 228 228 228 228 228 228 229 229 230 230 230 231 232 233 234 236 238 241 245 249 252 254 253 251 250 250 249 249
164 186 203 206 211 212 209 204 201 214 232 232 230 230 236 243 243 248 242 224 226 232 235 238 235 229 226 226 225 225 227 229 230 230 229 230 232 232 230 228 224 219 218 221 220 218 218 218 219 221 224 225 222 220 225 229 232 234 234 233 231 228 227 228 228 228 228 229 229 229 229 229 229 230 230 231 231 232 232 233 234 236 237 239 242 244 246 247 247 247 247 247 246 246
147 171 199 207 216 219 217 215 216 225 240 244 246 242 246 249 253 253 242 228 230 239 245 250 243 230 225 226 227 229 234 236 236 235 233 234 236 235 233 230 226 221 218 222 224 222 222 223 225 229 230 229 227 224 226 230 233 235 235 235 234 232 231 230 230 229 229 229 229 229 230 230 230 230 231 231 232 232 233 234 235 236 237 238 240 241 243 243 244 244 244 244 244 244
130 152 203 220 230 230 228 226 227 231 240 252 262 264 263 263 261 256 244 235 233 238 244 244 227 216 221 227 232 237 242 243 241 239 237 238 240 240 237 233 229 224 219 223 228 230 232 235 236 235 233 231 229 227 227 229 231 232 233 233 234 235 235 234 233 232 231 231 231 230 230 231 231 231 232 232 233 233 234 234 235 236 237 238 239 240 241 241 242 242 242 242 242 243
116 132 224 239 247 248 248 246 244 243 247 253 259 267 269 267 263 256 248 239 233 233 235 231 218 215 224 231 236 241 244 246 246 244 241 239 239 240 240 237 232 226 220 220 226 229 232 234 234 232 231 230 228 227 227 228 229 230 231 230 229 231 235 236 237 236 234 232 231 231 231 232 232 232 233 233 233 234 234 235 235 236 236 237 238 239 239 240 240 241 241 241 241 241
129 151 230 246 252 255 258 259 255 253 253 254 256 263 269 265 261 258 248 236 234 237 237 231 226 227 232 237 240 245 248 251 253 252 249 245 242 240 241 239 233 228 222 218 222 226 229 230 230 229 229 227 226 225 225 225 226 229 229 227 226 227 229 233 235 236 235 233 232 232 233 233 233 234 234 234 234 235 235 235 236 236 236 237 237 238 238 239 239 239 240 240 240 240
159 183 229 244 251 254 256 257 257 255 254 251 250 250 252 252 248 244 237 234 241 245 241 236 235 237 240 243 246 249 252 256 259 260 260 257 251 247 244 240 234 229 224 219 221 226 229 230 228 227 227 226 225 226 226 225 224 226 227 226 225 226 228 229 231 232 233 233 233 234 235 235 235 235 235 235 236 236 236 236 236 237 237 237 237 238 238 238 238 239 239 239 239 239
190 206 231 242 246 250 253 253 253 252 251 248 243 236 232 231 233 231 226 232 241 241 239 239 240 242 246 249 251 252 255 257 260 263 266 268 265 258 252 247 239 232 227 220 217 221 224 225 224 225 225 225 225 224 226 225 223 224 225 224 223 223 225 228 230 230 230 231 233 236 239 240 239 238 237 237 237 238 237 237 237 237 237 237 237 238 238 238 238 238 238 238 238 239
210 217 230 238 243 246 248 250 250 250 249 247 242 235 231 232 233 231 230 237 240 236 239 242 242 243 248 252 253 255 256 257 259 262 265 270 274 272 264 257 249 239 231 223 215 216 221 222 222 224 225 225 225 223 223 222 223 224 224 223 222 220 222 226 229 229 228 228 229 232 239 243 243 242 241 241 241 240 240 239 239 239 238 238 238 238 238 238 238 238 238 238 238 238
220 223 230 237 242 246 248 249 251 252 253 251 249 250 253 254 250 245 247 250 243 237 239 241 241 241 244 248 250 255 258 259 259 261 263 267 274 278 274 266 257 247 236 226 216 214 220 222 222 223 224 224 224 224 223 222 222 222 223 224 223 222 222 225 227 227 226 225 224 227 233 239 244 248 249 249 248 246 244 242 241 240 240 239 238 238 238 238 238 238 238 238 238 238
227 228 231 236 242 246 248 250 251 253 256 259 262 265 266 267 264 260 257 253 245 241 240 239 237 237 241 244 247 252 257 259 260 259 260 264 270 275 275 269 260 249 239 229 215 209 213 217 218 219 221 221 221 223 224 223 222 222 223 224 224 223 224 226 227 227 226 222 221 225 229 232 236 242 246 251 253 252 251 249 247 244 241 240 239 239 238 238 238 238 238 238 238 238
230 230 231 234 239 242 245 247 247 249 251 252 254 256 260 263 262 259 253 247 243 244 242 235 233 235 237 239 244 249 253 257 257 254 256 262 267 270 271 269 261 247 238 228 211 200 203 210 213 215 218 219 219 220 221 222 222 223 223 224 224 223 224 225 226 227 226 223 220 223 227 229 231 232 234 240 245 247 249 252 253 250 245 242 240 240 239 239 239 239 239 238 238 238
231 230 229 233 236 238 240 239 236 235 236 236 236 240 247 253 255 253 249 244 241 244 242 233 229 231 233 233 238 246 251 253 249 244 251 260 265 263 262 264 258 244 234 222 204 190 188 198 206 212 217 219 219 219 220 220 221 222 223 224 224 225 224 224 224 225 225 224 220 222 226 228 230 231 232 236 238 238 239 243 249 252 249 245 242 240 240 239 239 239 239 239 239 239
230 229 228 230 232 230 227 225 223 226 231 234 235 237 242 245 247 246 243 241 241 244 242 232 226 228 230 227 232 243 248 248 242 236 250 260 260 253 251 253 247 237 229 214 197 185 174 181 195 205 214 218 219 219 220 220 220 221 221 221 222 224 224 224 225 225 225 224 221 219 223 227 231 232 233 233 235 236 237 240 243 247 250 249 245 242 241 241 240 240 240 240 240 239
231 229 227 226 224 223 223 223 226 231 236 238 236 236 240 243 241 234 231 234 241 246 244 234 225 224 226 224 231 242 244 241 236 234 250 259 254 245 243 241 233 233 232 209 189 181 167 166 182 197 206 213 216 218 219 220 220 221 220 219 219 223 224 223 225 227 226 225 222 219 221 227 230 231 231 232 234 235 237 240 242 244 246 249 248 245 243 242 242 242 242 241 241 241
229 227 226 227 227 229 232 234 236 237 238 239 236 235 239 242 238 223 221 229 239 248 246 235 225 221 222 222 228 238 241 237 232 234 248 255 248 241 238 229 220 222 228 207 175 172 164 157 167 185 198 207 212 215 217 217 219 221 221 219 218 222 224 222 224 227 228 226 223 220 219 224 229 229 231 233 235 236 236 239 242 244 245 246 249 249 247 245 245 244 244 244 244 244
228 228 229 231 234 236 238 239 239 237 238 240 239 236 237 241 234 213 213 224 234 245 247 233 225 223 220 216 222 230 236 237 231 232 242 247 242 237 231 219 210 214 219 208 174 161 158 151 154 170 187 199 208 214 216 216 216 220 223 221 219 222 223 222 221 224 226 226 224 221 219 224 229 230 231 233 234 235 236 239 241 244 244 243 244 247 249 249 249 249 249 249 249 247
232 232 233 235 236 236 235 235 235 234 232 236 237 233 235 240 232 206 205 216 225 236 242 231 222 227 225 219 219 224 230 234 231 233 242 243 238 234 225 215 210 215 220 214 188 164 155 146 142 152 173 189 202 211 215 215 214 218 221 221 219 220 222 222 220 221 223 223 223 222 222 226 229 230 231 233 233 232 233 235 239 243 243 242 241 240 245 249 251 253 255 255 252 249
235 235 235 236 237 237 235 232 231 228 226 231 233 230 233 239 231 199 193 204 215 227 236 233 223 231 231 229 225 222 225 230 233 240 249 249 242 234 224 216 213 213 217 217 199 173 159 152 144 142 155 175 192 206 213 214 213 215 219 220 218 217 220 222 220 220 221 221 221 219 219 223 227 228 229 232 233 232 231 232 236 241 242 242 242 238 240 244 246 250 255 255 251 248
233 233 234 234 234 234 233 232 229 226 225 229 229 225 229 237 229 191 179 195 207 220 228 230 226 226 227 227 228 224 221 226 233 242 251 253 245 235 223 212 206 204 208 211 201 179 165 161 156 147 146 157 179 198 209 212 212 213 218 220 218 215 217 221 219 218 219 220 220 219 218 221 226 227 227 230 232 233 232 231 235 237 236 237 237 233 234 238 238 243 249 247 245 244
230 230 230 230 230 229 229 229 229 227 228 228 224 220 226 235 229 191 173 188 203 212 218 221 224 223 220 219 223 221 214 219 229 240 246 244 235 226 219 207 197 197 202 206 201 185 173 169 166 158 149 149 163 187 205 211 212 212 216 219 218 215 216 220 219 217 217 219 220 219 219 221 226 229 229 230 231 233 232 231 235 237 234 232 231 226 227 232 235 242 245 241 238 237
227 228 229 229 229 228 226 225 226 228 231 228 218 214 223 235 233 198 174 181 198 204 206 212 218 221 218 217 225 219 204 209 221 233 241 236 223 212 208 201 193 195 201 206 204 193 181 172 169 165 157 151 156 174 198 210 213 212 214 218 217 215 216 219 219 216 216 218 219 219 218 219 222 227 230 232 232 232 233 233 237 240 236 230 228 224 223 228 235 241 242 238 233 231
226 228 230 230 230 229 225 221 222 225 230 227 213 209 222 235 236 205 171 171 185 193 197 204 210 214 213 215 221 219 206 206 213 223 225 218 207 200 198 195 192 195 201 204 205 198 184 173 169 169 165 158 157 166 189 206 212 212 213 217 216 214 215 218 218 216 215 217 218 218 217 217 218 222 226 230 231 232 232 233 237 241 237 229 227 224 223 227 234 238 237 233 228 229
227 228 230 231 231 228 222 220 221 224 229 227 211 206 220 233 237 216 168 157 168 183 193 199 203 207 204 205 211 214 211 205 204 213 217 213 204 195 192 192 194 197 200 203 205 199 186 177 173 173 173 166 160 163 180 201 210 212 213 215 216 213 214 216 215 214 213 215 217 218 217 215 216 219 223 226 227 229 231 231 234 238 236 229 226 226 224 227 233 233 231 228 225 229
228 227 228 232 232 226 223 223 226 227 229 229 214 206 218 230 236 230 182 148 145 170 191 199 202 203 200 200 206 209 206 200 201 211 219 219 212 200 196 197 198 199 200 200 199 197 191 183 178 178 177 171 164 163 174 195 209 213 213 214 215 213 213 215 214 214 213 214 216 218 218 216 215 216 220 223 224 226 230 233 236 238 235 229 228 228 226 228 230 230 228 225 223 229
227 226 226 231 233 230 229 231 233 230 229 232 219 205 213 226 235 235 213 162 131 140 181 201 207 207 207 208 208 207 207 205 209 219 225 225 219 211 206 206 206 203 202 201 200 199 195 188 183 182 181 176 168 165 172 191 207 213 213 214 215 213 215 219 222 225 224 219 219 220 219 217 215 215 217 220 222 224 228 233 236 238 235 231 230 229 227 227 229 228 227 224 221 226
225 223 221 222 223 224 227 232 236 232 228 235 227 203 206 219 232 237 229 205 152 103 104 215 221 216 212 213 216 218 219 221 224 226 229 228 224 222 216 213 213 211 211 210 209 207 202 197 191 188 185 180 172 168 172 187 204 211 212 214 216 217 222 228 233 241 246 240 229 224 221 219 218 217 216 216 219 221 225 229 232 235 234 230 229 227 225 226 227 228 227 222 219 223
218 218 215 213 213 213 216 223 230 230 227 238 233 202 200 214 229 236 235 227 216 137 35 357 288 247 226 223 226 226 223 228 229 228 232 231 228 227 219 213 215 218 221 220 217 216 213 206 199 194 190 184 176 171 173 183 201 210 213 217 222 225 230 232 230 233 239 243 241 233 227 223 221 219 216 214 216 218 221 224 227 231 230 227 226 224 221 222 224 226 224 218 218 226
216 217 216 211 210 212 214 218 224 226 227 241 241 209 201 216 229 234 236 237 238 239 289 349 343 321 290 256 241 228 219 228 233 231 234 233 227 227 223 212 211 217 222 222 220 217 215 206 199 196 193 188 180 174 175 183 202 216 221 224 226 228 229 227 224 226 229 231 235 239 236 231 227 223 219 215 214 215 217 219 221 224 226 223 223 223 220 219 223 225 222 215 217 228
217 218 217 213 211 214 215 217 222 222 225 239 244 223 212 223 231 231 232 237 243 246 245 258 292 327 344 276 224 211 212 228 234 232 235 235 229 228 226 216 208 211 219 224 222 217 212 204 196 194 193 191 184 177 178 187 204 220 228 228 225 224 222 220 221 224 226 227 230 233 242 247 243 235 227 220 215 214 216 215 216 221 224 223 222 222 218 218 225 227 222 214 215 227
213 215 215 210 208 212 214 215 219 218 222 234 241 234 229 236 234 228 225 227 234 242 241 230 219 203 178 180 190 194 205 226 235 233 235 237 231 228 228 220 211 209 215 224 226 221 214 204 195 193 195 194 189 182 181 188 201 213 220 219 215 217 217 216 219 223 225 227 228 229 234 246 255 255 246 233 223 219 219 218 218 223 225 223 222 221 216 217 223 225 220 212 215 227
