windninja/windninja_output/Output_2025-08-09_0600-0650_Google earth_Fire_150m_10min/merlingen_7.5mi_point_08-09-2025_0640_150m_vel.asc
ncols	158
nrows	163
xllcorner	391686.332397
yllcorner	5160024.123721
cellsize	150.000000
NODATA_value	-32768.000000
[rows 76 to 113 of 163, columns 0 to 83 of 158]
1.10 1.00 0.80 0.63 0.55 0.54 0.50 0.47 0.47 0.47 0.48 0.49 0.50 0.52 0.53 0.52 0.53 0.56 0.58 0.58 0.59 0.61 0.63 0.65 0.63 0.59 0.59 0.63 0.69 0.81 0.89 0.89 0.87 0.86 0.80 0.70 0.65 0.63 0.62 0.61 0.62 0.65 0.67 0.68 0.68 0.69 0.69 0.69 0.69 0.69 0.69 0.69 0.69 0.69 0.68 0.68 0.68 0.68 0.67 0.67 0.66 0.65 0.64 0.64 0.62 0.61 0.59 0.58 0.56 0.54 0.51 0.48 0.44 0.37 0.32 0.32 0.33 0.34 0.40 0.52 0.71 0.85 0.94 0.88
1.23 1.11 0.92 0.76 0.63 0.55 0.48 0.43 0.42 0.42 0.43 0.45 0.47 0.50 0.51 0.50 0.51 0.54 0.56 0.57 0.59 0.60 0.62 0.63 0.63 0.62 0.62 0.61 0.62 0.69 0.82 0.90 0.89 0.88 0.86 0.76 0.69 0.65 0.62 0.61 0.62 0.64 0.66 0.68 0.69 0.69 0.69 0.69 0.69 0.69 0.69 0.69 0.69 0.69 0.69 0.69 0.69 0.69 0.68 0.68 0.67 0.67 0.66 0.65 0.64 0.63 0.62 0.60 0.58 0.56 0.54 0.51 0.47 0.42 0.36 0.32 0.28 0.26 0.32 0.53 0.72 0.77 0.82 0.83
1.39 1.17 0.98 0.95 0.80 0.60 0.46 0.39 0.37 0.36 0.37 0.41 0.45 0.48 0.50 0.49 0.50 0.51 0.53 0.55 0.58 0.59 0.60 0.61 0.61 0.65 0.68 0.65 0.61 0.62 0.73 0.87 0.92 0.92 0.92 0.86 0.77 0.71 0.67 0.62 0.60 0.63 0.66 0.68 0.69 0.69 0.70 0.70 0.70 0.69 0.69 0.69 0.69 0.69 0.69 0.69 0.69 0.69 0.69 0.69 0.68 0.68 0.67 0.67 0.66 0.65 0.63 0.62 0.60 0.58 0.56 0.53 0.50 0.47 0.41 0.36 0.28 0.23 0.27 0.49 0.68 0.69 0.74 0.82
1.48 1.21 1.01 1.19 1.04 0.71 0.45 0.33 0.32 0.30 0.31 0.37 0.43 0.47 0.49 0.49 0.49 0.50 0.51 0.53 0.56 0.58 0.60 0.59 0.57 0.63 0.72 0.72 0.66 0.62 0.66 0.80 0.90 0.93 0.93 0.90 0.84 0.79 0.75 0.67 0.59 0.60 0.65 0.67 0.68 0.69 0.69 0.69 0.69 0.69 0.69 0.68 0.69 0.69 0.69 0.70 0.70 0.70 0.70 0.70 0.69 0.69 0.68 0.68 0.67 0.66 0.65 0.64 0.62 0.60 0.58 0.56 0.53 0.50 0.46 0.40 0.33 0.25 0.26 0.43 0.58 0.63 0.69 0.80
1.38 1.21 1.10 1.16 1.16 0.89 0.42 0.27 0.28 0.26 0.27 0.34 0.42 0.46 0.48 0.49 0.49 0.49 0.49 0.51 0.55 0.57 0.59 0.57 0.53 0.58 0.69 0.74 0.72 0.66 0.64 0.72 0.83 0.93 0.98 0.95 0.87 0.85 0.84 0.78 0.66 0.60 0.63 0.65 0.66 0.68 0.68 0.69 0.68 0.67 0.66 0.67 0.67 0.68 0.69 0.70 0.70 0.70 0.70 0.70 0.70 0.70 0.69 0.69 0.68 0.67 0.66 0.65 0.64 0.62 0.60 0.58 0.55 0.53 0.49 0.45 0.38 0.30 0.27 0.36 0.47 0.56 0.63 0.71
1.21 1.08 0.94 0.98 1.08 0.98 0.68 0.51 0.42 0.36 0.33 0.36 0.43 0.47 0.48 0.49 0.48 0.49 0.48 0.49 0.52 0.56 0.58 0.56 0.52 0.55 0.64 0.70 0.72 0.69 0.66 0.68 0.75 0.85 0.97 1.02 0.95 0.88 0.89 0.88 0.79 0.69 0.67 0.67 0.66 0.66 0.65 0.66 0.68 0.64 0.60 0.61 0.64 0.67 0.69 0.70 0.70 0.71 0.71 0.71 0.71 0.70 0.70 0.69 0.69 0.68 0.67 0.66 0.65 0.64 0.62 0.60 0.57 0.55 0.52 0.48 0.43 0.36 0.31 0.32 0.37 0.48 0.58 0.63
1.23 1.02 0.84 0.91 0.94 0.92 0.82 0.72 0.60 0.51 0.43 0.41 0.45 0.48 0.50 0.49 0.48 0.48 0.48 0.47 0.49 0.53 0.55 0.55 0.51 0.54 0.61 0.65 0.69 0.70 0.67 0.66 0.67 0.71 0.82 0.94 0.98 0.93 0.90 0.90 0.88 0.82 0.79 0.79 0.76 0.74 0.71 0.71 0.75 0.71 0.62 0.57 0.59 0.63 0.67 0.69 0.71 0.71 0.71 0.71 0.71 0.71 0.71 0.70 0.70 0.69 0.68 0.68 0.66 0.65 0.63 0.61 0.59 0.56 0.54 0.50 0.46 0.40 0.34 0.30 0.30 0.38 0.52 0.60
1.32 1.07 0.92 0.98 0.97 0.90 0.81 0.74 0.67 0.58 0.49 0.45 0.47 0.49 0.51 0.50 0.49 0.48 0.47 0.46 0.46 0.49 0.52 0.52 0.49 0.54 0.61 0.64 0.67 0.70 0.69 0.68 0.67 0.68 0.72 0.79 0.87 0.90 0.89 0.88 0.87 0.86 0.85 0.87 0.89 0.89 0.87 0.86 0.89 0.89 0.83 0.71 0.63 0.62 0.66 0.69 0.71 0.71 0.71 0.71 0.71 0.71 0.71 0.71 0.70 0.70 0.69 0.69 0.68 0.66 0.65 0.63 0.60 0.58 0.56 0.53 0.49 0.43 0.36 0.30 0.25 0.29 0.43 0.56
1.25 1.13 1.00 1.04 1.05 0.95 0.80 0.69 0.65 0.58 0.51 0.48 0.48 0.51 0.52 0.50 0.49 0.49 0.47 0.45 0.45 0.45 0.48 0.50 0.47 0.49 0.58 0.64 0.66 0.69 0.71 0.72 0.72 0.73 0.74 0.76 0.78 0.81 0.82 0.82 0.81 0.80 0.80 0.81 0.83 0.85 0.84 0.83 0.84 0.87 0.89 0.86 0.78 0.70 0.67 0.69 0.71 0.71 0.71 0.71 0.71 0.71 0.71 0.71 0.71 0.70 0.70 0.69 0.68 0.67 0.66 0.64 0.62 0.60 0.57 0.54 0.51 0.45 0.39 0.31 0.24 0.24 0.32 0.46
1.19 1.13 1.02 1.00 1.04 0.97 0.79 0.69 0.65 0.59 0.52 0.49 0.49 0.53 0.55 0.54 0.51 0.51 0.49 0.46 0.44 0.42 0.42 0.45 0.44 0.43 0.50 0.59 0.63 0.66 0.69 0.72 0.74 0.77 0.82 0.83 0.82 0.81 0.79 0.76 0.75 0.75 0.76 0.77 0.77 0.78 0.78 0.77 0.75 0.73 0.75 0.79 0.79 0.75 0.70 0.70 0.71 0.71 0.71 0.71 0.71 0.71 0.71 0.71 0.71 0.71 0.71 0.70 0.69 0.68 0.67 0.65 0.63 0.61 0.59 0.56 0.52 0.48 0.41 0.33 0.25 0.23 0.26 0.41
1.28 1.19 1.03 0.98 1.01 0.97 0.80 0.72 0.69 0.61 0.54 0.50 0.51 0.52 0.56 0.57 0.55 0.55 0.52 0.49 0.45 0.41 0.39 0.38 0.37 0.40 0.48 0.56 0.62 0.63 0.65 0.69 0.71 0.75 0.85 0.93 0.94 0.94 0.90 0.80 0.72 0.69 0.73 0.77 0.80 0.80 0.80 0.80 0.76 0.70 0.67 0.69 0.73 0.74 0.71 0.70 0.70 0.71 0.71 0.71 0.71 0.71 0.71 0.71 0.71 0.71 0.71 0.71 0.70 0.69 0.68 0.66 0.65 0.62 0.60 0.57 0.54 0.50 0.44 0.35 0.24 0.19 0.21 0.43
1.48 1.27 1.04 0.97 0.95 0.96 0.87 0.80 0.78 0.70 0.57 0.52 0.52 0.52 0.57 0.59 0.58 0.61 0.59 0.54 0.48 0.42 0.40 0.36 0.32 0.39 0.51 0.59 0.64 0.66 0.65 0.67 0.67 0.66 0.72 0.84 0.94 1.02 1.06 1.00 0.85 0.72 0.69 0.75 0.81 0.84 0.84 0.84 0.82 0.74 0.67 0.65 0.66 0.70 0.70 0.69 0.69 0.69 0.69 0.69 0.69 0.70 0.70 0.71 0.72 0.72 0.72 0.71 0.71 0.70 0.69 0.67 0.66 0.64 0.62 0.59 0.56 0.51 0.46 0.37 0.24 0.14 0.15 0.36
1.65 1.35 1.04 0.96 0.91 0.96 0.98 0.94 0.89 0.82 0.66 0.55 0.54 0.54 0.58 0.62 0.63 0.67 0.67 0.62 0.54 0.48 0.48 0.46 0.42 0.45 0.53 0.61 0.66 0.69 0.69 0.68 0.67 0.64 0.62 0.66 0.74 0.87 1.01 1.08 1.03 0.89 0.76 0.73 0.79 0.87 0.91 0.89 0.87 0.82 0.74 0.67 0.64 0.67 0.70 0.71 0.70 0.68 0.65 0.65 0.66 0.68 0.69 0.71 0.72 0.72 0.72 0.72 0.71 0.71 0.70 0.68 0.67 0.65 0.63 0.60 0.57 0.53 0.48 0.41 0.29 0.16 0.15 0.33
1.62 1.38 1.08 0.98 0.91 0.91 0.98 1.03 0.99 0.95 0.82 0.63 0.58 0.58 0.60 0.64 0.68 0.73 0.74 0.70 0.60 0.56 0.59 0.59 0.55 0.52 0.56 0.63 0.67 0.70 0.71 0.71 0.70 0.69 0.67 0.64 0.61 0.67 0.82 0.97 1.01 0.95 0.85 0.76 0.76 0.84 0.93 0.96 0.92 0.86 0.81 0.75 0.69 0.69 0.73 0.76 0.77 0.74 0.67 0.60 0.59 0.64 0.68 0.70 0.72 0.72 0.72 0.72 0.72 0.71 0.71 0.69 0.68 0.66 0.64 0.62 0.59 0.56 0.51 0.45 0.36 0.25 0.22 0.34
1.48 1.32 1.12 1.01 0.90 0.84 0.87 0.98 1.05 1.09 1.01 0.77 0.64 0.63 0.63 0.64 0.71 0.80 0.84 0.76 0.63 0.62 0.68 0.69 0.63 0.59 0.61 0.65 0.68 0.70 0.72 0.73 0.72 0.71 0.73 0.72 0.65 0.62 0.70 0.87 0.97 0.94 0.86 0.78 0.74 0.77 0.87 0.96 0.97 0.89 0.83 0.78 0.73 0.71 0.73 0.79 0.85 0.85 0.79 0.62 0.54 0.59 0.66 0.70 0.72 0.72 0.73 0.73 0.72 0.72 0.71 0.70 0.69 0.68 0.66 0.64 0.61 0.58 0.54 0.49 0.43 0.34 0.29 0.36
1.37 1.28 1.21 1.18 1.09 0.92 0.86 0.96 1.11 1.22 1.19 0.97 0.80 0.76 0.75 0.75 0.79 0.86 0.94 0.86 0.66 0.66 0.74 0.76 0.70 0.65 0.65 0.67 0.69 0.71 0.72 0.73 0.72 0.70 0.72 0.76 0.73 0.67 0.66 0.78 0.96 0.99 0.91 0.82 0.75 0.74 0.79 0.89 0.96 0.93 0.84 0.76 0.71 0.68 0.69 0.79 0.89 0.94 0.95 0.81 0.62 0.59 0.65 0.70 0.72 0.73 0.73 0.73 0.73 0.72 0.72 0.71 0.70 0.69 0.67 0.65 0.63 0.61 0.57 0.54 0.49 0.42 0.37 0.40
1.21 1.21 1.29 1.40 1.45 1.35 1.28 1.37 1.52 1.66 1.53 1.21 1.01 0.91 0.85 0.83 0.86 0.96 1.13 1.17 0.93 0.75 0.72 0.75 0.70 0.66 0.67 0.69 0.69 0.71 0.72 0.73 0.73 0.70 0.70 0.74 0.75 0.72 0.67 0.67 0.83 1.00 1.02 0.91 0.79 0.73 0.75 0.82 0.91 0.92 0.84 0.73 0.66 0.61 0.59 0.69 0.85 0.93 0.99 0.96 0.78 0.66 0.66 0.70 0.72 0.73 0.73 0.73 0.73 0.73 0.72 0.72 0.71 0.70 0.68 0.67 0.65 0.63 0.60 0.57 0.54 0.50 0.45 0.44
0.99 1.04 1.18 1.35 1.51 1.57 1.61 1.70 1.83 1.99 2.05 1.84 1.63 1.57 1.52 1.45 1.36 1.37 1.41 1.41 1.29 0.87 0.76 0.73 0.70 0.67 0.68 0.70 0.71 0.72 0.72 0.73 0.72 0.68 0.67 0.71 0.73 0.73 0.71 0.67 0.69 0.88 1.07 1.04 0.88 0.77 0.74 0.79 0.88 0.93 0.88 0.74 0.60 0.57 0.52 0.52 0.67 0.79 0.87 0.91 0.84 0.72 0.68 0.70 0.72 0.73 0.73 0.73 0.73 0.73 0.73 0.72 0.72 0.71 0.70 0.68 0.67 0.65 0.63 0.61 0.58 0.56 0.53 0.51
0.82 0.90 1.03 1.13 1.24 1.30 1.34 1.36 1.38 1.63 1.99 2.11 2.08 2.05 2.04 1.95 1.82 1.70 1.60 1.54 1.39 1.15 0.97 0.82 0.73 0.69 0.69 0.70 0.72 0.74 0.74 0.75 0.72 0.65 0.63 0.67 0.71 0.72 0.72 0.69 0.66 0.75 1.01 1.16 1.06 0.93 0.84 0.82 0.89 0.95 0.97 0.84 0.60 0.57 0.56 0.51 0.57 0.68 0.75 0.81 0.80 0.73 0.69 0.71 0.72 0.73 0.73 0.73 0.73 0.73 0.73 0.73 0.72 0.71 0.71 0.70 0.68 0.67 0.65 0.64 0.62 0.61 0.59 0.58
0.67 0.78 0.93 0.99 1.05 1.05 0.98 0.87 0.79 0.96 1.26 1.50 1.49 1.28 1.26 1.34 1.54 1.59 1.69 1.55 1.36 1.28 1.07 0.85 0.70 0.67 0.68 0.70 0.73 0.77 0.81 0.82 0.77 0.68 0.62 0.65 0.69 0.70 0.70 0.68 0.63 0.64 0.83 1.10 1.21 1.17 1.08 1.01 0.99 1.01 1.06 1.00 0.76 0.65 0.64 0.60 0.60 0.64 0.68 0.73 0.76 0.71 0.69 0.70 0.71 0.72 0.73 0.73 0.73 0.73 0.73 0.73 0.73 0.72 0.72 0.71 0.70 0.69 0.67 0.66 0.65 0.64 0.64 0.64
0.59 0.66 0.84 0.94 1.04 1.06 0.95 0.74 0.54 0.46 0.59 0.84 0.89 0.87 0.88 1.06 1.24 1.54 1.75 1.42 1.22 1.26 1.11 0.85 0.64 0.59 0.61 0.67 0.70 0.74 0.83 0.88 0.85 0.75 0.65 0.63 0.66 0.67 0.67 0.66 0.61 0.55 0.63 0.85 1.07 1.18 1.22 1.20 1.16 1.13 1.13 1.10 0.93 0.76 0.72 0.68 0.64 0.64 0.64 0.67 0.70 0.69 0.68 0.69 0.70 0.71 0.72 0.73 0.73 0.73 0.73 0.73 0.73 0.73 0.72 0.72 0.71 0.70 0.69 0.68 0.68 0.67 0.67 0.67
0.69 0.61 0.73 0.83 0.96 1.06 1.02 0.85 0.62 0.47 0.48 0.51 0.55 0.74 0.86 1.04 1.22 1.53 1.76 1.51 1.29 1.28 1.24 0.92 0.59 0.51 0.56 0.64 0.67 0.69 0.75 0.82 0.84 0.79 0.69 0.63 0.63 0.63 0.63 0.63 0.60 0.53 0.52 0.66 0.81 0.93 1.05 1.12 1.12 1.11 1.10 1.10 1.01 0.85 0.79 0.77 0.71 0.65 0.63 0.63 0.64 0.65 0.66 0.67 0.68 0.69 0.70 0.71 0.72 0.72 0.72 0.73 0.73 0.73 0.73 0.72 0.72 0.71 0.70 0.70 0.69 0.69 0.69 0.69
0.75 0.51 0.50 0.57 0.72 0.89 0.94 0.90 0.79 0.65 0.54 0.46 0.46 0.60 0.83 1.04 1.25 1.43 1.37 1.43 1.43 1.38 1.36 1.02 0.65 0.59 0.61 0.63 0.66 0.68 0.72 0.75 0.78 0.78 0.72 0.66 0.63 0.60 0.57 0.57 0.57 0.53 0.49 0.56 0.69 0.75 0.83 0.96 1.03 1.05 1.04 1.06 1.04 0.93 0.85 0.83 0.81 0.73 0.67 0.65 0.63 0.62 0.63 0.62 0.63 0.65 0.67 0.69 0.70 0.71 0.72 0.72 0.73 0.73 0.73 0.72 0.72 0.72 0.71 0.71 0.71 0.71 0.71 0.71
0.71 0.35 0.30 0.41 0.52 0.61 0.66 0.75 0.77 0.71 0.65 0.57 0.51 0.58 0.82 1.11 1.28 1.21 1.08 1.16 1.35 1.45 1.42 1.23 0.92 0.77 0.70 0.66 0.67 0.71 0.74 0.73 0.73 0.73 0.71 0.68 0.67 0.63 0.56 0.50 0.50 0.50 0.47 0.51 0.65 0.76 0.83 0.93 1.02 1.06 1.05 1.03 1.04 1.01 0.93 0.89 0.87 0.83 0.74 0.68 0.67 0.67 0.66 0.63 0.60 0.60 0.62 0.65 0.68 0.70 0.71 0.72 0.72 0.72 0.73 0.73 0.72 0.72 0.72 0.72 0.71 0.71 0.72 0.72
0.56 0.30 0.32 0.43 0.50 0.54 0.59 0.66 0.70 0.69 0.69 0.64 0.58 0.64 0.80 1.06 1.25 1.12 0.94 0.99 1.16 1.31 1.36 1.20 0.97 0.85 0.77 0.72 0.69 0.72 0.75 0.75 0.72 0.68 0.65 0.64 0.65 0.65 0.61 0.50 0.44 0.45 0.44 0.45 0.58 0.75 0.85 0.91 0.99 1.05 1.08 1.06 1.03 1.05 1.04 0.98 0.93 0.92 0.84 0.72 0.70 0.73 0.75 0.71 0.65 0.60 0.59 0.60 0.64 0.68 0.70 0.71 0.71 0.72 0.72 0.72 0.72 0.72 0.72 0.72 0.72 0.72 0.72 0.72
0.47 0.36 0.40 0.49 0.53 0.56 0.60 0.64 0.67 0.67 0.69 0.67 0.62 0.70 0.84 1.01 1.21 1.13 0.93 1.02 1.14 1.21 1.23 1.14 0.98 0.88 0.81 0.76 0.72 0.74 0.78 0.78 0.74 0.68 0.61 0.57 0.57 0.60 0.61 0.52 0.41 0.39 0.39 0.39 0.48 0.65 0.81 0.88 0.93 1.00 1.07 1.08 1.04 1.04 1.05 1.03 0.99 1.01 0.96 0.82 0.72 0.73 0.78 0.81 0.76 0.66 0.61 0.58 0.60 0.65 0.68 0.69 0.70 0.70 0.71 0.71 0.72 0.72 0.72 0.71 0.72 0.72 0.72 0.72
0.49 0.45 0.48 0.55 0.58 0.60 0.62 0.65 0.67 0.67 0.68 0.67 0.63 0.68 0.86 1.09 1.24 1.23 1.13 1.18 1.27 1.18 1.16 1.15 1.05 0.94 0.86 0.79 0.75 0.76 0.80 0.82 0.78 0.72 0.63 0.55 0.50 0.52 0.56 0.51 0.39 0.34 0.34 0.34 0.39 0.56 0.76 0.88 0.93 0.98 1.04 1.08 1.07 1.06 1.07 1.03 1.02 1.04 1.04 0.97 0.84 0.77 0.79 0.84 0.84 0.75 0.67 0.62 0.60 0.63 0.67 0.67 0.66 0.68 0.69 0.70 0.71 0.71 0.71 0.71 0.71 0.71 0.71 0.72
0.62 0.59 0.58 0.61 0.63 0.65 0.66 0.67 0.68 0.68 0.67 0.66 0.60 0.57 0.67 0.88 1.11 1.15 1.11 1.26 1.38 1.26 1.20 1.18 1.10 1.03 0.98 0.87 0.78 0.79 0.82 0.84 0.84 0.78 0.69 0.59 0.50 0.47 0.49 0.46 0.37 0.29 0.28 0.28 0.30 0.41 0.62 0.80 0.91 0.97 1.02 1.06 1.07 1.07 1.11 1.10 1.06 1.05 1.06 1.05 0.98 0.89 0.86 0.89 0.91 0.84 0.74 0.68 0.65 0.68 0.72 0.69 0.63 0.63 0.66 0.68 0.69 0.69 0.69 0.69 0.69 0.70 0.70 0.71
0.74 0.71 0.68 0.68 0.68 0.69 0.69 0.68 0.69 0.69 0.66 0.63 0.57 0.50 0.51 0.63 0.87 0.97 0.98 1.18 1.31 1.32 1.30 1.25 1.16 1.12 1.13 1.02 0.89 0.87 0.85 0.84 0.86 0.83 0.75 0.66 0.54 0.46 0.44 0.41 0.34 0.26 0.23 0.22 0.23 0.29 0.44 0.63 0.80 0.93 1.01 1.05 1.06 1.04 1.06 1.10 1.11 1.10 1.08 1.06 1.02 0.95 0.90 0.92 0.95 0.92 0.84 0.75 0.72 0.75 0.82 0.80 0.69 0.62 0.62 0.65 0.65 0.65 0.66 0.67 0.67 0.68 0.68 0.69
0.84 0.79 0.75 0.76 0.76 0.74 0.71 0.70 0.71 0.73 0.69 0.63 0.58 0.52 0.52 0.60 0.76 0.87 0.93 1.05 1.13 1.21 1.29 1.29 1.23 1.21 1.25 1.19 1.07 1.02 0.93 0.87 0.86 0.84 0.81 0.75 0.62 0.47 0.40 0.36 0.31 0.24 0.20 0.18 0.17 0.21 0.32 0.49 0.67 0.85 1.00 1.06 1.10 1.11 1.06 1.03 1.07 1.11 1.13 1.11 1.05 0.99 0.94 0.93 0.94 0.95 0.90 0.81 0.78 0.81 0.87 0.92 0.87 0.72 0.66 0.67 0.65 0.62 0.62 0.63 0.63 0.63 0.65 0.66
0.94 0.88 0.82 0.84 0.85 0.83 0.78 0.75 0.74 0.79 0.76 0.69 0.64 0.59 0.57 0.60 0.71 0.81 0.86 0.93 1.04 1.14 1.16 1.21 1.28 1.29 1.33 1.34 1.30 1.20 1.07 0.96 0.85 0.83 0.88 0.85 0.69 0.49 0.38 0.32 0.26 0.21 0.18 0.16 0.13 0.15 0.23 0.37 0.52 0.70 0.90 1.03 1.11 1.18 1.18 1.10 1.05 1.07 1.12 1.15 1.10 1.03 1.00 0.98 0.96 0.96 0.93 0.84 0.80 0.86 0.91 0.94 0.99 0.93 0.83 0.78 0.71 0.63 0.62 0.64 0.61 0.57 0.59 0.62
1.01 0.96 0.90 0.91 0.93 0.92 0.88 0.82 0.82 0.90 0.91 0.85 0.80 0.75 0.70 0.66 0.71 0.77 0.79 0.83 0.98 1.14 1.06 1.02 1.21 1.36 1.38 1.42 1.51 1.41 1.21 1.05 0.85 0.84 0.98 0.94 0.73 0.51 0.40 0.32 0.23 0.18 0.17 0.15 0.13 0.13 0.18 0.29 0.42 0.56 0.73 0.89 0.99 1.11 1.22 1.23 1.15 1.09 1.11 1.15 1.15 1.09 1.03 1.02 1.02 0.99 0.98 0.89 0.79 0.85 0.95 0.97 0.99 1.00 0.96 0.90 0.82 0.71 0.67 0.70 0.66 0.55 0.52 0.56
1.03 1.00 0.97 0.98 1.00 1.02 1.04 1.00 0.98 1.03 1.06 0.98 0.88 0.86 0.85 0.78 0.74 0.76 0.78 0.81 0.94 1.11 1.03 0.86 1.01 1.28 1.38 1.39 1.61 1.65 1.33 1.14 0.88 0.89 1.10 1.00 0.73 0.53 0.44 0.35 0.22 0.16 0.16 0.14 0.14 0.15 0.17 0.24 0.36 0.50 0.66 0.80 0.88 0.97 1.10 1.22 1.25 1.19 1.15 1.16 1.21 1.19 1.08 1.02 1.04 1.01 0.99 0.96 0.84 0.81 0.94 1.04 1.02 1.00 1.01 1.00 0.94 0.82 0.71 0.74 0.75 0.63 0.51 0.49
1.04 1.00 1.00 1.04 1.05 1.08 1.10 1.09 1.04 1.01 1.07 1.05 0.93 0.91 0.95 0.90 0.79 0.76 0.84 0.96 1.03 1.08 0.98 0.80 0.80 1.07 1.30 1.34 1.57 1.72 1.45 1.25 1.03 1.00 1.21 1.05 0.74 0.58 0.49 0.40 0.27 0.19 0.15 0.11 0.12 0.15 0.18 0.23 0.30 0.43 0.60 0.77 0.89 0.94 1.00 1.11 1.23 1.26 1.21 1.18 1.24 1.31 1.23 1.08 1.07 1.03 0.96 0.96 0.91 0.82 0.87 1.04 1.10 1.03 1.03 1.04 1.02 0.94 0.80 0.75 0.78 0.74 0.59 0.47
1.05 1.02 1.01 1.01 0.99 0.97 0.96 0.98 0.99 1.00 1.06 1.07 0.97 0.96 1.01 0.98 0.81 0.71 0.89 1.13 1.24 1.16 0.91 0.75 0.70 0.82 1.10 1.30 1.62 1.81 1.54 1.32 1.19 1.20 1.34 1.12 0.76 0.61 0.52 0.44 0.38 0.32 0.22 0.10 0.10 0.15 0.20 0.24 0.28 0.36 0.50 0.68 0.86 0.97 1.00 1.04 1.15 1.26 1.25 1.16 1.17 1.31 1.35 1.22 1.15 1.12 1.00 0.91 0.89 0.85 0.86 1.01 1.14 1.11 1.07 1.05 1.05 1.02 0.92 0.83 0.79 0.79 0.69 0.53
1.03 1.03 1.01 0.99 0.96 0.94 0.93 0.95 0.98 0.99 1.05 1.09 0.98 0.95 1.05 1.05 0.82 0.66 0.85 1.18 1.45 1.39 0.93 0.69 0.68 0.71 0.84 1.08 1.52 1.92 1.81 1.41 1.24 1.34 1.46 1.22 0.86 0.66 0.55 0.51 0.48 0.49 0.42 0.22 0.13 0.15 0.19 0.24 0.28 0.33 0.43 0.57 0.74 0.92 1.01 1.03 1.09 1.22 1.27 1.18 1.12 1.22 1.34 1.33 1.27 1.26 1.18 0.99 0.87 0.84 0.85 0.96 1.11 1.15 1.13 1.11 1.07 1.05 1.02 0.93 0.85 0.82 0.75 0.61
1.03 1.01 0.99 1.01 0.99 0.97 0.97 1.00 1.01 1.01 1.08 1.20 1.09 0.95 1.05 1.09 0.82 0.62 0.78 1.18 1.59 1.72 1.23 0.72 0.69 0.75 0.68 0.71 1.03 1.65 1.98 1.72 1.35 1.36 1.45 1.29 1.02 0.78 0.61 0.55 0.52 0.54 0.54 0.41 0.24 0.20 0.21 0.25 0.29 0.32 0.38 0.50 0.66 0.84 0.98 1.02 1.06 1.19 1.31 1.26 1.16 1.18 1.29 1.33 1.32 1.34 1.35 1.23 1.01 0.85 0.82 0.90 1.03 1.13 1.16 1.16 1.11 1.08 1.09 1.07 0.96 0.87 0.77 0.67
1.13 1.07 1.01 1.02 1.02 0.98 0.95 0.99 1.04 1.06 1.10 1.25 1.22 1.04 1.10 1.13 0.83 0.61 0.79 1.16 1.58 1.93 1.72 1.00 0.77 0.85 0.76 0.67 0.70 1.06 1.69 1.94 1.69 1.46 1.41 1.24 1.05 0.89 0.69 0.60 0.55 0.56 0.57 0.51 0.36 0.29 0.28 0.29 0.32 0.34 0.36 0.45 0.60 0.79 0.95 1.01 1.03 1.13 1.30 1.34 1.25 1.21 1.29 1.33 1.29 1.33 1.41 1.40 1.28 1.07 0.95 0.96 1.03 1.10 1.18 1.21 1.16 1.09 1.10 1.15 1.14 0.99 0.81 0.71
