windninja/windninja_output/Output_2025-10-23_0400-0450_Google earth_Fire_150m_10min/merlingen_7.5mi_point_10-23-2025_0450_150m_ang.asc
ncols	158
nrows	163
xllcorner	391686.332397
yllcorner	5160024.123721
cellsize	150.000000
NODATA_value	-32768.000000
[rows 92 to 137 of 163, columns 0 to 95 of 158]
100 100 102 103 105 110 118 125 123 112 107 110 114 116 116 115 115 113 111 119 129 150 158 156 164 147 129 121 118 115 114 113 113 115 115 114 114 115 117 116 111 105 104 107 110 111 109 106 103 104 108 114 118 123 128 128 124 122 120 120 125 127 124 121 120 119 119 119 119 119 119 119 120 120 121 122 122 123 124 125 126 128 129 129 126 123 120 115 109 100 88 85 88 88 88 90
102 105 109 111 113 118 126 137 143 127 115 119 126 131 133 129 128 127 123 123 126 147 150 148 151 133 122 118 115 113 112 111 112 114 116 115 114 114 115 117 116 109 103 104 107 108 107 105 103 103 105 113 121 124 127 128 121 117 114 113 117 123 123 121 119 119 119 119 119 119 119 119 120 120 120 121 121 122 123 123 124 124 125 124 122 118 114 110 101 91 85 87 90 90 90 92
103 105 110 113 114 117 123 136 149 136 122 123 132 139 142 133 130 127 119 109 98 73 49 77 114 120 117 115 113 110 107 108 111 115 117 115 114 114 115 116 119 117 108 104 105 107 108 108 107 107 109 116 125 125 124 123 118 113 112 112 114 119 121 120 119 119 119 118 118 119 119 119 119 119 120 120 121 121 121 122 122 122 122 121 119 116 112 106 99 94 92 93 94 94 94 94
100 101 106 110 110 109 112 123 139 133 120 114 116 117 122 115 114 108 100 83 61 43 36 55 91 110 113 112 111 108 108 110 113 116 118 116 114 114 115 116 120 122 117 110 108 110 113 114 114 115 116 119 125 125 121 121 119 116 115 114 114 117 119 119 119 119 118 118 118 119 119 119 119 119 119 119 120 120 120 120 120 120 120 119 117 115 112 107 103 100 99 98 97 97 97 96
100 100 104 107 104 100 98 105 116 117 110 101 94 92 97 98 96 96 86 56 38 39 44 66 92 107 111 111 111 112 112 112 112 113 115 115 114 114 115 116 119 124 122 116 114 115 117 119 120 119 117 114 116 120 118 118 118 117 116 115 115 117 118 118 119 119 118 118 119 119 119 119 119 119 119 119 119 119 119 119 119 119 118 117 116 114 111 109 106 104 102 101 100 99 99 98
102 102 102 102 96 89 85 86 91 96 96 88 83 87 91 94 96 93 75 44 32 39 56 79 101 112 114 112 112 112 110 107 105 106 110 112 113 114 115 117 119 124 125 120 116 116 115 115 115 112 108 106 108 114 115 114 115 115 115 115 115 116 117 118 118 119 119 119 119 119 118 118 118 118 118 118 119 119 119 118 118 118 117 116 115 113 112 110 108 106 105 103 102 102 101 100
100 98 95 92 90 85 80 77 77 78 76 75 78 83 87 90 90 79 56 41 38 51 75 95 113 119 114 111 109 107 105 103 102 103 106 109 111 113 116 118 120 123 126 123 116 114 112 109 106 103 102 104 106 110 112 112 113 115 116 116 115 115 116 117 118 119 119 119 119 118 118 118 118 118 118 118 118 118 118 118 118 117 116 116 115 113 112 110 109 107 106 105 104 103 102 101
93 91 86 85 86 84 80 76 72 67 66 68 71 80 85 84 76 62 47 41 52 76 96 105 114 110 104 104 104 102 101 101 102 103 106 109 111 113 116 119 121 123 127 126 120 116 113 110 106 104 105 106 107 109 111 113 113 114 116 117 117 116 116 116 118 119 119 119 119 118 118 118 118 118 118 118 118 117 117 117 117 117 116 115 114 113 112 111 110 108 107 106 105 104 103 102
94 90 84 83 81 77 75 74 70 65 64 62 61 68 73 71 68 63 54 59 81 98 101 93 74 77 89 95 97 96 96 97 100 104 107 110 112 112 115 120 123 124 127 129 124 118 114 112 109 108 108 109 110 111 112 114 114 113 115 119 120 118 117 116 118 120 120 120 120 119 118 118 117 117 117 117 117 117 117 117 117 116 116 115 114 113 112 111 110 109 108 107 106 105 104 103
98 94 87 82 77 73 71 70 69 67 65 63 60 59 62 67 74 78 79 90 102 104 90 62 54 67 80 86 88 89 91 95 99 104 108 111 111 112 114 119 125 126 127 130 127 119 114 113 112 111 110 110 111 112 112 113 114 114 115 118 120 119 117 117 118 120 122 122 120 118 117 117 117 117 117 117 117 116 116 116 116 116 116 115 114 114 113 112 111 110 109 108 107 106 105 104
101 98 90 83 77 74 73 71 70 69 68 67 64 63 72 82 87 91 97 101 100 88 62 55 59 68 75 80 83 87 91 95 99 103 107 111 113 114 114 118 123 127 128 130 130 125 120 117 116 114 112 111 112 113 112 114 116 115 115 117 120 121 120 117 117 120 122 122 120 116 114 116 117 117 116 116 116 116 116 116 116 116 116 115 115 114 113 112 111 110 109 108 107 106 105 104
105 101 93 86 81 78 76 74 73 72 72 73 75 83 92 94 93 94 98 97 84 57 51 59 62 65 72 80 86 91 95 97 99 102 106 110 114 115 115 116 121 126 128 130 132 130 124 120 117 115 113 113 113 115 115 116 117 116 116 118 121 123 122 119 117 118 120 121 120 116 113 114 116 116 115 115 115 115 116 116 116 116 116 115 115 114 113 112 111 111 110 109 108 107 106 105
110 105 96 88 84 81 79 76 74 75 77 80 85 94 99 98 93 90 88 79 63 52 57 62 62 65 74 83 89 93 97 98 98 101 104 108 113 116 116 117 121 126 128 130 132 131 127 122 119 117 115 115 115 116 117 117 117 117 117 117 119 121 121 120 118 118 120 122 122 118 114 112 113 114 112 112 113 115 116 116 116 116 116 116 115 114 114 113 112 111 110 109 108 107 106 105
114 109 99 90 85 82 80 77 75 77 80 84 89 95 98 97 92 84 77 68 61 61 64 63 64 71 78 83 88 93 97 99 101 101 102 106 113 118 120 121 123 127 129 130 133 134 131 127 124 122 119 118 118 117 117 117 118 118 117 117 118 119 119 119 118 117 119 123 123 119 115 111 110 112 111 111 113 114 114 114 115 117 117 116 116 115 114 113 112 111 110 109 108 107 106 105
121 115 102 92 86 84 81 78 78 82 87 92 96 99 99 96 90 84 76 68 65 69 71 68 71 76 79 82 87 93 99 103 105 101 100 106 115 122 124 125 126 128 129 130 133 135 135 132 129 126 123 121 121 119 118 118 119 118 117 116 117 119 119 119 118 118 119 122 124 120 115 112 111 112 114 114 115 115 113 113 116 119 119 118 116 115 114 113 112 111 110 109 108 107 106 105
133 124 108 97 90 86 86 89 93 96 101 104 104 101 98 96 91 86 80 72 71 77 81 79 77 78 80 81 86 95 103 107 108 101 101 111 120 124 124 125 128 130 130 132 134 137 138 137 134 130 125 122 121 120 119 119 119 119 118 117 116 118 120 120 120 120 119 121 124 121 115 113 112 112 113 114 115 118 118 117 117 120 121 119 118 116 115 114 112 111 110 109 108 107 106 105
150 139 117 106 101 101 105 109 110 107 103 101 97 92 91 94 94 90 83 78 81 87 91 91 84 80 84 85 86 95 105 108 109 101 105 116 123 124 123 126 132 132 131 133 136 138 141 141 138 134 129 124 123 122 121 119 119 120 120 119 118 117 119 120 119 119 119 120 124 124 118 113 112 112 112 113 114 118 120 118 115 118 122 122 120 117 115 114 112 111 110 109 108 107 106 105
171 158 131 121 119 118 116 113 108 101 93 89 87 87 89 95 100 97 87 85 91 95 97 98 95 89 89 89 89 96 105 108 110 104 106 116 122 123 126 130 133 129 129 135 138 138 141 144 142 138 134 130 126 125 123 121 120 120 121 123 122 118 119 120 118 117 119 120 122 125 120 113 112 114 114 114 114 115 117 116 114 115 120 123 122 119 116 114 112 110 109 108 108 107 106 104
187 171 142 130 123 117 109 101 94 90 87 86 86 89 93 100 108 110 96 90 93 100 106 109 109 103 97 95 94 99 106 109 109 104 106 114 121 125 131 135 132 126 128 134 138 138 142 147 146 141 138 134 130 127 126 125 123 121 121 124 123 119 118 119 118 116 118 120 122 125 123 117 114 114 114 113 112 112 113 114 114 113 117 122 123 120 116 113 111 109 108 107 107 106 105 104
190 173 146 130 119 109 101 96 92 90 87 86 91 97 101 106 116 132 114 95 94 102 114 121 118 113 110 108 101 99 103 110 110 104 108 117 125 131 136 138 135 130 129 133 136 138 142 147 148 144 141 137 133 129 127 128 127 122 120 122 124 121 118 119 119 118 118 120 123 125 125 119 114 113 112 112 111 110 109 111 112 113 115 119 122 121 116 113 109 107 105 105 105 106 105 103
193 176 148 130 118 110 106 102 98 95 90 92 101 108 108 110 123 151 138 111 102 105 117 130 124 116 117 116 110 101 99 106 110 108 113 122 131 136 141 140 137 131 125 129 137 141 142 144 146 145 143 142 139 133 129 129 130 126 122 123 125 124 120 120 122 121 119 120 123 124 124 119 115 112 111 111 111 111 109 109 111 113 115 118 121 120 115 110 106 102 102 106 107 107 105 103
201 186 156 135 122 115 112 109 106 103 101 102 109 115 112 112 126 158 153 132 116 108 114 131 125 116 120 121 117 109 101 101 106 110 116 124 131 135 139 138 134 125 120 126 138 144 143 142 144 145 145 146 144 137 132 131 132 129 125 124 126 127 124 122 123 123 121 122 123 126 126 122 118 116 113 111 111 112 112 109 108 111 114 115 117 118 112 107 103 101 106 112 112 108 105 102
209 197 169 146 132 125 120 118 114 110 110 111 115 119 113 113 129 157 159 142 125 113 114 126 127 125 127 125 121 119 110 101 103 109 116 122 125 129 135 137 131 124 123 128 137 144 144 145 146 146 147 149 147 142 135 133 134 132 128 125 127 130 128 124 125 127 125 124 124 127 128 124 120 118 115 111 111 112 113 110 107 109 113 114 115 118 111 105 105 107 112 116 115 108 101 99
216 204 176 155 143 135 129 125 121 117 117 119 122 123 113 115 132 158 165 149 133 124 123 128 132 133 134 132 128 129 126 111 104 107 115 122 126 129 132 135 131 128 129 132 138 144 149 151 148 147 149 151 151 146 139 135 134 134 131 128 129 132 130 126 127 129 128 126 125 126 126 123 118 117 117 113 110 111 113 112 107 108 112 115 115 117 112 109 111 112 114 116 113 106 101 102
218 206 181 162 149 142 135 132 128 123 123 126 131 129 115 116 132 161 171 159 145 139 136 133 134 137 140 135 127 135 139 126 111 107 114 124 131 135 133 132 132 132 134 135 137 145 150 150 147 147 149 153 155 152 143 137 135 135 134 130 131 133 131 128 128 131 131 128 126 126 127 125 120 116 116 115 112 109 110 111 107 107 112 114 113 115 115 113 113 113 114 114 112 108 107 108
219 209 188 168 152 147 144 139 132 127 125 131 140 138 119 115 128 158 167 159 150 143 138 135 135 139 147 143 134 137 141 131 121 116 120 129 135 140 136 134 137 138 138 137 137 143 148 148 147 148 151 156 159 157 150 141 137 137 136 133 133 135 134 131 130 133 133 130 129 128 128 128 124 118 116 116 115 110 108 109 108 108 112 114 112 114 117 115 113 113 112 112 113 111 110 109
223 215 196 173 157 152 150 141 132 127 124 131 146 141 123 112 119 146 158 155 147 140 135 132 132 136 145 145 143 146 146 141 137 130 130 138 144 148 142 140 143 144 141 137 136 141 147 150 151 152 154 160 163 162 157 146 139 138 137 135 134 137 136 134 134 136 136 134 131 129 129 130 128 122 117 116 117 113 110 110 110 110 112 115 114 116 118 116 113 113 112 113 114 110 108 107
226 219 200 174 158 154 149 139 130 127 123 128 146 143 127 113 116 135 151 151 145 137 132 129 127 128 131 135 139 145 146 147 142 134 133 139 148 155 152 152 153 150 145 140 140 143 147 149 152 154 156 161 164 165 161 150 142 139 139 137 136 137 137 135 136 137 137 136 133 129 129 131 130 127 121 116 115 115 112 111 109 107 110 114 116 117 118 117 114 113 113 114 112 106 105 108
228 221 202 175 160 155 144 134 129 129 125 125 142 148 135 120 116 127 145 149 145 138 131 126 123 123 123 125 129 133 136 139 136 130 128 132 144 152 156 162 164 159 153 149 149 150 150 152 155 157 158 162 166 167 165 155 144 140 140 138 137 138 136 131 128 125 126 131 131 128 129 131 131 129 125 119 114 113 111 109 107 106 109 113 116 119 120 118 115 113 112 112 109 102 105 113
227 220 197 176 169 163 148 136 130 132 129 123 136 152 144 127 117 122 140 149 146 137 129 124 120 119 121 124 126 125 124 124 125 125 125 127 135 139 147 160 164 163 156 152 153 153 154 157 162 162 161 163 166 170 169 160 147 142 141 138 136 135 131 121 112 108 110 120 127 127 127 129 129 129 128 124 119 113 110 108 108 108 111 115 118 121 123 120 115 113 113 112 109 105 108 116
223 212 189 175 170 165 154 143 135 137 132 123 134 152 147 131 117 116 132 143 142 134 127 122 116 115 117 120 122 121 123 123 122 124 123 122 128 129 134 148 157 159 152 146 144 145 149 157 163 164 162 162 167 173 171 162 150 144 142 137 133 129 121 116 117 116 117 122 127 127 125 127 128 129 130 129 125 118 113 111 109 110 114 119 121 124 125 123 117 114 115 115 109 106 110 117
218 208 186 174 167 159 152 144 137 139 133 124 134 153 147 132 117 110 117 129 131 130 126 119 112 112 113 115 118 121 125 125 120 122 122 120 126 128 128 142 152 155 152 145 139 138 140 150 160 163 162 162 169 175 172 163 151 141 137 133 129 126 126 130 131 127 125 125 128 129 126 124 125 126 129 131 131 126 120 117 114 113 117 122 124 125 127 124 118 115 117 119 111 108 113 118
217 207 187 178 169 156 150 143 136 139 134 127 136 152 146 132 119 108 108 118 124 125 124 121 117 112 110 116 123 127 132 127 121 123 122 118 122 128 127 137 149 154 155 148 141 139 140 148 158 162 162 165 172 176 174 168 157 142 135 135 137 137 138 139 137 132 129 126 126 129 126 120 119 122 125 130 133 131 126 123 119 114 114 119 121 123 127 123 116 115 119 124 117 112 115 120
212 203 189 181 171 160 152 145 138 139 135 127 134 147 140 129 121 115 112 116 121 126 129 124 120 119 122 130 133 137 141 131 122 122 123 117 119 127 128 133 144 152 157 150 142 139 142 149 158 161 163 168 175 178 178 175 167 156 149 150 150 145 144 144 140 134 131 128 125 126 125 119 116 119 122 126 130 131 127 123 120 114 110 112 117 122 127 122 116 117 123 129 121 115 117 121
208 202 188 180 172 162 154 146 140 140 136 129 132 144 137 134 132 125 120 120 122 129 136 135 134 138 141 142 144 149 151 138 125 122 123 119 118 123 126 129 138 149 155 152 143 140 143 152 160 164 165 169 177 182 182 177 171 162 155 156 154 149 147 145 140 135 133 130 127 126 125 123 121 121 121 124 127 128 126 123 121 117 112 111 115 122 129 124 118 119 125 130 122 117 119 122
208 201 186 179 172 165 156 145 142 141 140 136 138 145 144 145 145 138 132 130 136 142 147 151 149 148 149 150 149 153 155 146 132 128 126 120 116 118 121 124 130 140 148 151 146 140 143 154 163 167 167 171 179 184 185 181 173 162 155 154 154 150 148 145 140 136 134 132 129 127 123 121 121 122 123 124 127 129 128 128 127 124 119 116 117 126 137 134 127 123 126 128 122 120 121 122
207 199 185 179 172 162 152 145 142 142 143 142 143 147 149 152 151 144 139 140 143 146 150 154 154 149 145 142 145 149 152 147 139 137 133 122 116 115 117 118 121 129 138 145 145 140 142 154 164 166 168 173 182 187 187 183 175 163 155 154 153 152 150 147 142 139 137 135 132 129 123 117 116 118 119 120 124 128 127 128 129 128 125 123 123 130 139 139 135 129 129 128 125 122 119 119
208 202 187 178 171 158 146 140 139 142 143 141 140 142 147 151 151 144 139 139 141 144 144 146 142 137 138 140 139 140 143 143 141 142 142 133 122 114 112 113 116 121 128 135 141 141 145 158 166 167 170 176 186 190 188 184 175 165 158 156 155 154 152 149 145 141 139 137 135 132 126 119 114 114 115 115 120 124 122 122 124 125 126 124 123 127 133 134 132 129 127 127 126 124 119 117
212 205 189 179 172 158 145 136 133 136 137 134 131 130 133 140 141 139 139 139 140 141 143 143 139 135 138 142 141 139 138 138 140 144 148 145 138 128 120 118 118 120 123 129 136 140 148 164 170 170 176 183 191 192 189 183 176 168 161 158 157 156 154 150 147 144 142 140 138 135 129 122 116 114 113 114 118 122 121 119 120 122 124 122 120 122 126 126 123 122 122 120 121 124 121 117
213 204 188 181 173 160 151 142 133 130 128 126 125 124 125 127 127 129 134 138 140 142 144 147 143 138 141 145 145 145 142 140 143 147 150 151 151 150 146 138 132 131 131 131 134 139 149 165 172 174 181 191 196 193 188 183 177 169 163 160 158 156 153 151 148 146 144 143 141 138 132 125 120 116 114 114 118 124 124 120 122 125 126 123 121 120 122 125 123 121 119 114 113 118 118 112
213 205 190 181 170 160 156 153 145 137 133 131 130 129 127 126 121 120 124 130 136 141 145 148 146 142 144 143 139 140 139 137 142 148 150 152 154 158 161 158 151 147 144 140 139 144 150 161 171 178 189 196 197 193 188 185 180 172 166 164 161 157 155 152 149 147 145 144 144 141 135 129 125 119 115 114 117 126 129 123 123 129 132 129 124 123 126 128 124 119 117 114 108 108 108 100
216 208 191 178 166 160 158 155 151 150 149 147 142 135 130 129 127 126 130 135 137 143 147 149 149 149 150 141 132 129 127 125 132 141 146 149 151 155 162 163 159 156 154 151 152 157 157 161 171 186 196 197 195 192 189 187 183 176 170 168 164 160 160 157 152 150 146 144 144 143 138 133 130 124 117 112 114 122 129 124 122 128 134 132 127 126 128 128 123 117 114 112 105 99 95 90
215 205 188 176 165 161 159 153 150 151 154 158 154 144 137 133 131 132 138 144 146 147 148 149 153 159 162 159 147 137 132 127 128 133 136 141 146 151 157 158 158 159 159 159 166 169 167 170 180 191 195 195 194 192 190 188 185 178 172 169 165 163 164 161 157 153 149 144 142 141 139 136 133 129 119 111 110 116 124 122 120 123 129 130 128 127 127 127 125 118 113 109 102 93 89 90
207 199 185 174 166 163 161 154 149 145 147 153 152 142 133 131 131 130 136 144 149 151 148 145 151 160 166 169 164 154 148 143 137 133 131 132 138 148 153 152 155 159 160 166 175 177 177 181 189 193 195 196 194 192 191 190 186 179 174 169 167 167 167 165 161 157 153 147 139 138 138 137 136 134 126 115 110 111 118 119 117 117 120 124 126 128 127 127 124 118 111 106 99 93 90 90
198 193 184 175 166 162 159 155 149 141 136 138 142 132 124 125 126 126 132 138 143 150 148 143 148 156 162 169 169 166 162 156 149 141 134 131 136 146 148 145 148 157 162 174 182 184 187 190 194 196 197 198 196 193 193 191 186 179 174 172 171 171 169 168 166 161 157 149 138 133 134 132 133 135 132 122 113 111 112 116 116 116 118 121 127 130 129 128 125 120 115 109 102 96 91 91
194 191 184 177 165 158 156 154 150 143 137 135 138 128 122 125 129 128 131 132 132 138 144 145 147 152 157 162 167 172 172 163 153 146 139 136 139 146 146 141 144 154 167 181 188 193 196 197 198 200 200 199 197 195 194 191 184 177 175 174 174 174 172 172 170 167 161 149 135 127 126 126 124 125 128 124 116 112 111 111 117 121 120 123 131 134 128 123 124 126 124 117 106 99 99 112
