windninja/windninja_output/Output_2025-10-23_0400-0450_Google earth_Fire_150m_10min/merlingen_7.5mi_point_10-23-2025_0410_150m_vel.asc
ncols	158
nrows	163
xllcorner	391686.332397
yllcorner	5160024.123721
cellsize	150.000000
NODATA_value	-32768.000000
[rows 76 to 113 of 163, columns 0 to 83 of 158]
4.86 4.93 4.83 4.46 4.50 4.82 4.73 4.54 4.48 4.34 4.23 4.17 4.06 4.05 4.04 3.92 3.85 3.92 3.94 3.86 3.82 3.83 3.84 3.84 3.62 3.29 3.43 3.81 4.00 4.15 4.22 4.11 4.01 3.96 3.80 3.58 3.57 3.61 3.56 3.47 3.41 3.40 3.40 3.39 3.38 3.37 3.35 3.34 3.32 3.30 3.28 3.25 3.21 3.18 3.14 3.10 3.06 3.01 2.97 2.92 2.88 2.83 2.78 2.73 2.67 2.62 2.57 2.52 2.47 2.39 2.31 2.22 2.15 2.06 2.02 2.03 1.88 1.64 1.69 2.44 3.34 3.35 2.60 1.62
4.39 4.57 4.74 4.66 4.72 4.82 4.60 4.46 4.48 4.39 4.29 4.14 4.04 4.08 4.04 3.88 3.82 3.89 3.87 3.78 3.75 3.78 3.83 3.79 3.44 3.16 3.48 3.86 3.89 3.87 3.95 3.98 3.90 3.93 3.96 3.74 3.63 3.60 3.49 3.40 3.32 3.30 3.32 3.32 3.31 3.31 3.31 3.29 3.28 3.26 3.24 3.21 3.18 3.14 3.10 3.05 3.01 2.97 2.93 2.88 2.84 2.79 2.75 2.70 2.65 2.60 2.55 2.50 2.44 2.37 2.30 2.23 2.17 2.10 2.04 2.00 1.86 1.68 1.85 2.59 3.03 2.41 1.65 1.31
3.72 3.64 4.29 5.27 5.35 4.93 4.62 4.60 4.74 4.62 4.32 4.06 4.01 4.03 3.98 3.86 3.83 3.85 3.77 3.68 3.69 3.75 3.82 3.66 3.17 3.11 3.63 3.89 3.82 3.62 3.62 3.88 3.97 4.02 4.07 3.87 3.63 3.51 3.44 3.37 3.22 3.19 3.24 3.25 3.25 3.25 3.25 3.24 3.24 3.23 3.21 3.18 3.14 3.10 3.06 3.01 2.97 2.93 2.89 2.84 2.80 2.76 2.71 2.67 2.62 2.57 2.52 2.47 2.42 2.36 2.30 2.23 2.17 2.11 2.04 1.97 1.84 1.75 1.92 2.41 2.45 1.59 1.10 1.10
2.55 2.43 3.71 5.98 6.95 6.25 5.27 4.97 5.14 4.80 4.17 3.92 3.93 3.95 3.93 3.85 3.82 3.76 3.63 3.57 3.63 3.72 3.77 3.49 3.00 3.13 3.73 3.93 3.78 3.48 3.48 3.83 3.98 4.02 4.06 3.89 3.57 3.37 3.41 3.36 3.12 3.05 3.14 3.17 3.17 3.18 3.19 3.19 3.20 3.21 3.19 3.15 3.11 3.06 3.02 2.97 2.93 2.89 2.85 2.81 2.77 2.72 2.68 2.64 2.59 2.55 2.50 2.45 2.40 2.35 2.29 2.22 2.16 2.10 2.03 1.95 1.87 1.81 1.90 2.10 1.81 1.13 0.91 1.01
1.34 1.67 3.48 5.88 8.25 8.82 6.75 5.53 5.37 4.66 3.89 3.70 3.79 3.83 3.84 3.79 3.72 3.61 3.47 3.47 3.58 3.66 3.66 3.40 3.00 3.18 3.74 3.90 3.71 3.45 3.49 3.77 3.89 3.95 4.02 3.86 3.47 3.29 3.39 3.34 3.03 2.90 3.02 3.06 3.06 3.10 3.11 3.13 3.19 3.22 3.19 3.14 3.08 3.03 2.98 2.93 2.89 2.84 2.81 2.77 2.73 2.69 2.65 2.61 2.56 2.52 2.48 2.43 2.38 2.33 2.27 2.21 2.15 2.09 2.03 1.96 1.89 1.81 1.82 1.78 1.40 1.04 1.03 1.04
0.68 1.69 4.22 6.78 9.51 8.90 6.14 5.19 4.92 4.18 3.56 3.42 3.56 3.65 3.71 3.66 3.53 3.44 3.39 3.41 3.51 3.58 3.59 3.37 3.02 3.18 3.69 3.80 3.66 3.54 3.58 3.75 3.81 3.83 3.86 3.74 3.42 3.28 3.34 3.28 2.99 2.78 2.86 2.91 2.94 3.00 2.98 3.01 3.19 3.29 3.23 3.14 3.06 2.99 2.93 2.88 2.84 2.81 2.77 2.73 2.70 2.66 2.62 2.58 2.54 2.50 2.46 2.41 2.36 2.31 2.26 2.20 2.14 2.09 2.03 1.97 1.90 1.81 1.76 1.63 1.34 1.18 1.11 1.00
1.16 2.68 5.73 9.01 9.65 6.41 3.99 3.70 3.61 3.31 2.98 2.99 3.26 3.43 3.51 3.45 3.32 3.33 3.33 3.34 3.43 3.51 3.55 3.34 2.99 3.19 3.65 3.71 3.65 3.60 3.58 3.61 3.59 3.56 3.57 3.55 3.43 3.29 3.29 3.22 2.95 2.74 2.77 2.89 2.97 3.03 3.01 3.06 3.35 3.46 3.32 3.17 3.03 2.94 2.88 2.83 2.79 2.76 2.73 2.70 2.66 2.62 2.59 2.55 2.51 2.47 2.43 2.39 2.34 2.29 2.24 2.19 2.13 2.08 2.03 1.97 1.90 1.82 1.74 1.60 1.39 1.20 1.08 1.06
6.00 6.26 7.69 8.54 7.07 4.52 3.18 2.56 2.31 2.22 2.22 2.55 2.92 3.13 3.27 3.22 3.16 3.25 3.28 3.30 3.39 3.46 3.48 3.31 3.07 3.30 3.65 3.65 3.56 3.53 3.48 3.41 3.34 3.32 3.32 3.37 3.41 3.33 3.28 3.13 2.91 2.81 2.89 3.07 3.19 3.28 3.31 3.41 3.61 3.60 3.36 3.15 3.00 2.89 2.79 2.76 2.74 2.72 2.69 2.66 2.63 2.59 2.56 2.52 2.49 2.45 2.41 2.37 2.32 2.28 2.23 2.18 2.12 2.08 2.03 1.97 1.90 1.82 1.72 1.59 1.37 1.20 1.14 1.40
8.12 7.45 6.62 5.72 4.64 3.77 2.69 1.90 1.70 1.71 2.00 2.38 2.61 2.87 3.07 3.07 3.06 3.18 3.27 3.30 3.38 3.40 3.39 3.37 3.29 3.37 3.55 3.50 3.39 3.43 3.39 3.27 3.16 3.11 3.16 3.27 3.36 3.36 3.24 3.06 2.93 2.92 2.99 3.10 3.20 3.27 3.32 3.45 3.52 3.38 3.15 3.00 2.88 2.72 2.65 2.67 2.69 2.68 2.66 2.63 2.60 2.57 2.53 2.49 2.46 2.42 2.38 2.34 2.30 2.26 2.21 2.17 2.12 2.07 2.02 1.97 1.91 1.83 1.75 1.62 1.44 1.37 1.40 1.81
9.50 7.64 5.29 4.67 4.27 3.56 2.42 1.84 1.86 1.99 2.21 2.31 2.41 2.71 2.96 3.01 2.97 3.14 3.26 3.29 3.34 3.33 3.38 3.50 3.45 3.27 3.27 3.28 3.30 3.35 3.24 3.13 3.01 2.92 3.08 3.24 3.29 3.30 3.22 3.13 3.04 2.97 2.97 3.01 3.08 3.13 3.20 3.31 3.30 3.12 2.91 2.77 2.62 2.51 2.52 2.59 2.64 2.64 2.62 2.60 2.57 2.54 2.51 2.47 2.43 2.39 2.36 2.32 2.28 2.24 2.20 2.15 2.11 2.06 2.02 1.97 1.92 1.85 1.78 1.69 1.60 1.64 1.80 2.31
9.96 7.77 5.21 4.60 4.18 3.53 2.55 2.21 2.40 2.47 2.36 2.18 2.32 2.60 2.85 2.89 2.83 3.05 3.19 3.24 3.26 3.23 3.39 3.65 3.55 3.16 3.06 3.18 3.30 3.23 3.06 3.04 2.96 2.91 3.12 3.24 3.19 3.22 3.26 3.22 3.10 2.96 2.91 2.93 2.99 3.06 3.16 3.25 3.21 3.01 2.77 2.60 2.52 2.48 2.47 2.54 2.60 2.61 2.60 2.58 2.56 2.52 2.48 2.44 2.40 2.37 2.33 2.30 2.26 2.22 2.18 2.14 2.10 2.06 2.02 1.98 1.93 1.88 1.83 1.79 1.78 1.92 2.24 2.85
9.27 7.19 5.18 4.58 3.93 3.42 2.81 2.68 2.94 2.83 2.28 2.07 2.38 2.47 2.66 2.74 2.66 2.94 3.18 3.29 3.26 3.23 3.68 4.21 3.90 3.23 3.02 3.14 3.18 3.05 2.93 2.97 2.96 2.96 3.10 3.15 3.09 3.15 3.25 3.25 3.13 2.95 2.83 2.82 2.88 2.98 3.11 3.18 3.13 2.91 2.65 2.53 2.48 2.45 2.46 2.52 2.56 2.59 2.60 2.58 2.55 2.50 2.45 2.41 2.37 2.34 2.31 2.27 2.24 2.20 2.16 2.13 2.09 2.05 2.02 1.98 1.94 1.91 1.89 1.88 1.92 2.10 2.43 2.93
7.87 6.68 5.21 4.50 3.70 3.27 3.15 3.08 3.04 2.83 2.31 2.27 2.48 2.38 2.50 2.52 2.48 2.91 3.32 3.58 3.55 3.73 4.85 5.21 4.15 3.05 2.81 2.93 2.92 2.87 2.85 2.89 2.92 2.91 2.95 3.01 2.99 3.02 3.15 3.22 3.13 2.94 2.77 2.74 2.80 2.93 3.08 3.12 3.04 2.85 2.65 2.53 2.44 2.44 2.48 2.51 2.55 2.60 2.60 2.59 2.55 2.49 2.42 2.38 2.34 2.31 2.28 2.24 2.21 2.18 2.14 2.11 2.08 2.04 2.01 1.98 1.96 1.94 1.93 1.94 1.99 2.11 2.34 2.75
6.74 6.28 5.25 4.26 3.59 3.25 3.23 3.16 2.87 2.88 2.93 2.71 2.46 2.28 2.22 2.13 2.38 3.01 3.67 4.17 4.38 5.29 6.03 5.09 3.24 2.41 2.40 2.60 2.67 2.71 2.76 2.81 2.85 2.83 2.86 2.97 2.91 2.83 2.94 3.10 3.09 2.92 2.75 2.67 2.72 2.84 2.97 3.04 2.99 2.85 2.71 2.59 2.52 2.54 2.52 2.50 2.49 2.54 2.66 2.70 2.59 2.45 2.38 2.33 2.30 2.27 2.25 2.22 2.19 2.16 2.13 2.09 2.06 2.03 2.01 1.99 1.97 1.96 1.95 1.96 2.00 2.06 2.19 2.42
6.41 5.82 4.73 3.91 3.56 3.25 3.06 2.98 2.76 3.16 3.59 2.96 2.27 2.07 1.92 1.90 2.37 3.14 4.22 5.33 6.21 6.63 5.64 3.51 2.13 1.80 2.03 2.34 2.48 2.57 2.66 2.74 2.77 2.74 2.82 2.93 2.83 2.73 2.78 2.97 3.07 2.94 2.76 2.64 2.64 2.71 2.81 2.96 2.98 2.88 2.78 2.70 2.66 2.61 2.46 2.35 2.34 2.54 2.93 2.92 2.59 2.38 2.32 2.28 2.26 2.24 2.21 2.19 2.16 2.14 2.10 2.08 2.05 2.02 2.00 1.98 1.97 1.95 1.95 1.97 2.00 2.03 2.08 2.22
6.13 5.26 4.19 3.91 3.80 3.39 3.01 2.83 2.74 3.41 3.86 2.97 2.05 1.88 1.88 2.01 2.45 3.13 4.54 6.63 7.28 6.12 3.66 2.13 1.46 1.39 1.75 2.11 2.30 2.43 2.57 2.66 2.70 2.69 2.77 2.86 2.79 2.73 2.75 2.84 2.97 2.91 2.76 2.66 2.60 2.60 2.69 2.85 2.95 2.95 2.88 2.80 2.74 2.60 2.33 2.22 2.48 2.93 3.25 2.99 2.47 2.26 2.23 2.22 2.21 2.20 2.18 2.16 2.14 2.11 2.08 2.06 2.03 2.01 1.99 1.97 1.96 1.95 1.95 1.96 1.98 2.01 2.07 2.19
5.73 5.02 4.18 4.09 4.15 3.89 3.60 3.28 2.92 3.37 3.79 2.94 2.05 1.90 1.96 2.27 2.73 3.44 5.37 7.22 6.59 3.53 1.83 1.16 0.91 1.07 1.55 1.93 2.15 2.33 2.48 2.58 2.68 2.71 2.75 2.80 2.76 2.73 2.73 2.73 2.74 2.76 2.76 2.70 2.58 2.50 2.53 2.68 2.88 3.01 2.98 2.90 2.79 2.56 2.31 2.43 2.93 3.22 3.11 2.66 2.22 2.09 2.11 2.15 2.16 2.16 2.15 2.13 2.11 2.08 2.06 2.04 2.01 1.99 1.97 1.95 1.94 1.94 1.94 1.94 1.96 1.98 2.04 2.12
5.58 5.08 4.41 4.31 4.56 4.55 4.21 3.68 3.10 3.18 3.70 3.27 2.67 2.64 2.65 3.06 3.85 4.94 6.52 6.57 4.30 1.28 0.66 0.51 0.57 0.93 1.45 1.83 2.06 2.24 2.36 2.53 2.71 2.75 2.71 2.70 2.71 2.70 2.71 2.65 2.50 2.50 2.70 2.73 2.54 2.39 2.41 2.56 2.84 3.03 3.16 3.16 2.84 2.51 2.36 2.56 2.92 2.89 2.60 2.31 2.05 1.94 2.00 2.08 2.11 2.12 2.12 2.10 2.08 2.06 2.04 2.02 2.00 1.97 1.95 1.94 1.93 1.92 1.92 1.92 1.93 1.95 1.97 2.01
5.75 5.22 4.48 4.48 4.91 4.75 3.96 3.06 2.61 3.10 3.81 3.62 3.26 3.20 3.26 3.84 4.51 5.27 5.88 4.38 1.93 0.68 0.38 0.27 0.45 0.96 1.46 1.77 1.96 2.08 2.24 2.57 2.86 2.80 2.62 2.59 2.66 2.70 2.71 2.61 2.40 2.33 2.57 2.73 2.52 2.40 2.43 2.57 2.87 3.12 3.51 3.50 2.76 2.38 2.37 2.46 2.62 2.56 2.36 2.20 2.04 1.89 1.93 2.02 2.07 2.09 2.09 2.07 2.05 2.03 2.02 2.00 1.97 1.95 1.93 1.92 1.91 1.90 1.89 1.89 1.89 1.90 1.91 1.93
5.86 5.29 4.56 4.65 4.97 4.46 3.39 2.42 2.20 2.86 3.55 3.36 2.79 2.23 2.36 3.25 3.77 4.25 4.75 3.27 1.54 1.39 1.04 0.70 0.70 1.12 1.48 1.71 1.83 1.95 2.31 2.83 3.02 2.77 2.50 2.51 2.64 2.69 2.68 2.59 2.42 2.31 2.48 2.67 2.61 2.59 2.64 2.79 3.10 3.52 3.85 3.41 2.47 2.19 2.30 2.38 2.46 2.45 2.30 2.17 2.07 1.91 1.91 2.00 2.05 2.06 2.05 2.04 2.03 2.02 2.00 1.97 1.94 1.92 1.91 1.90 1.88 1.87 1.86 1.86 1.85 1.85 1.85 1.85
5.75 5.45 4.91 4.75 4.71 3.98 3.07 2.29 2.05 2.29 2.69 2.76 2.18 1.84 2.04 2.85 3.29 4.25 4.60 2.68 2.00 2.06 1.67 1.20 1.12 1.33 1.50 1.66 1.81 2.08 2.63 2.96 2.89 2.59 2.37 2.45 2.61 2.66 2.64 2.58 2.46 2.34 2.40 2.61 2.76 2.81 2.95 3.22 3.56 3.75 3.47 2.75 2.16 2.02 2.19 2.32 2.34 2.31 2.20 2.13 2.05 1.91 1.93 2.00 2.03 2.02 2.02 2.02 2.02 2.00 1.96 1.93 1.91 1.90 1.89 1.87 1.86 1.85 1.83 1.82 1.82 1.81 1.80 1.79
5.95 5.72 5.12 4.50 4.12 3.68 3.08 2.48 2.14 2.02 2.10 1.87 1.51 1.67 2.13 2.82 3.43 4.18 4.23 3.02 2.49 2.31 2.28 1.94 1.60 1.51 1.53 1.65 1.89 2.26 2.64 2.72 2.62 2.45 2.31 2.40 2.57 2.65 2.63 2.58 2.51 2.39 2.35 2.58 2.81 2.87 3.05 3.34 3.45 3.19 2.63 2.29 2.11 1.98 2.11 2.24 2.23 2.18 2.11 2.07 1.97 1.91 1.94 1.99 2.00 2.00 2.01 2.01 2.00 1.96 1.91 1.89 1.88 1.87 1.86 1.85 1.83 1.82 1.80 1.79 1.78 1.76 1.75 1.73
6.48 5.93 4.84 3.95 3.60 3.52 3.11 2.72 2.45 2.14 1.92 1.61 1.31 1.47 2.15 2.91 3.55 3.70 3.07 2.92 2.73 2.48 2.82 2.72 2.06 1.52 1.45 1.62 1.90 2.22 2.45 2.49 2.50 2.44 2.35 2.41 2.59 2.69 2.67 2.61 2.56 2.43 2.36 2.51 2.69 2.75 2.94 3.15 3.03 2.68 2.36 2.25 2.16 2.03 2.09 2.18 2.20 2.16 2.09 2.01 1.91 1.89 1.95 1.99 1.99 1.99 2.00 1.98 1.96 1.91 1.88 1.87 1.86 1.85 1.84 1.82 1.80 1.79 1.77 1.76 1.74 1.73 1.70 1.68
6.74 5.70 4.30 3.58 3.25 3.06 2.74 2.70 2.60 2.27 2.03 1.72 1.37 1.44 2.05 2.85 3.28 2.97 2.55 2.53 2.61 2.98 3.61 3.17 1.81 1.14 1.28 1.56 1.82 2.10 2.33 2.42 2.47 2.47 2.45 2.53 2.68 2.76 2.73 2.65 2.57 2.48 2.41 2.43 2.57 2.76 2.91 2.96 2.81 2.56 2.42 2.31 2.20 2.14 2.15 2.18 2.18 2.15 2.07 1.97 1.89 1.90 1.97 1.99 1.99 1.99 1.98 1.95 1.91 1.87 1.85 1.84 1.83 1.82 1.80 1.79 1.78 1.76 1.74 1.73 1.71 1.69 1.67 1.64
5.84 5.04 4.01 3.51 3.08 2.76 2.54 2.48 2.45 2.25 2.13 1.88 1.57 1.62 1.96 2.61 3.02 2.52 2.05 2.10 2.69 3.80 3.84 2.23 1.03 0.97 1.28 1.53 1.73 2.00 2.26 2.41 2.50 2.56 2.60 2.66 2.73 2.78 2.82 2.72 2.58 2.53 2.44 2.39 2.54 2.75 2.81 2.78 2.67 2.54 2.47 2.36 2.24 2.23 2.24 2.21 2.13 2.13 2.10 1.98 1.92 1.94 1.98 2.02 2.03 2.00 1.97 1.93 1.86 1.83 1.81 1.80 1.80 1.79 1.78 1.76 1.75 1.73 1.72 1.70 1.68 1.66 1.63 1.61
4.73 4.26 3.72 3.36 2.86 2.60 2.51 2.40 2.26 2.15 2.09 1.88 1.63 1.69 1.95 2.38 2.74 2.37 1.78 2.40 3.68 4.00 2.88 1.82 1.38 1.26 1.42 1.57 1.70 1.94 2.26 2.50 2.63 2.72 2.73 2.70 2.70 2.79 2.93 2.83 2.61 2.52 2.45 2.38 2.44 2.56 2.66 2.67 2.59 2.53 2.48 2.36 2.26 2.24 2.25 2.18 2.09 2.16 2.14 1.98 1.90 1.91 1.97 2.05 2.08 2.03 1.97 1.87 1.78 1.75 1.75 1.77 1.77 1.76 1.75 1.73 1.72 1.71 1.69 1.67 1.66 1.63 1.61 1.58
3.88 3.62 3.29 3.01 2.65 2.44 2.40 2.32 2.17 2.04 1.96 1.80 1.53 1.47 1.76 2.26 2.64 2.49 2.22 3.07 3.85 2.85 2.07 1.90 1.64 1.53 1.56 1.64 1.72 1.97 2.35 2.64 2.79 2.87 2.83 2.74 2.74 2.90 3.03 2.88 2.59 2.46 2.44 2.40 2.40 2.53 2.68 2.68 2.58 2.50 2.41 2.34 2.28 2.24 2.26 2.18 2.15 2.18 2.10 2.01 1.95 1.94 1.99 2.05 2.08 2.02 1.90 1.77 1.64 1.63 1.71 1.77 1.75 1.72 1.71 1.70 1.69 1.68 1.67 1.65 1.63 1.61 1.58 1.55
3.23 3.07 2.83 2.64 2.45 2.29 2.23 2.19 2.11 1.97 1.86 1.75 1.48 1.39 1.71 2.23 2.69 2.62 2.54 3.18 3.20 2.34 2.08 1.99 1.79 1.71 1.76 1.76 1.82 2.14 2.48 2.73 2.92 2.97 2.94 2.88 2.87 2.97 3.01 2.85 2.58 2.43 2.44 2.43 2.45 2.53 2.63 2.60 2.47 2.38 2.32 2.33 2.32 2.28 2.31 2.24 2.18 2.14 2.10 2.09 2.06 2.01 1.99 2.03 2.07 1.97 1.80 1.66 1.54 1.57 1.72 1.78 1.70 1.66 1.66 1.66 1.66 1.66 1.65 1.63 1.61 1.59 1.56 1.53
2.71 2.57 2.39 2.32 2.25 2.16 2.09 2.03 2.02 1.96 1.82 1.75 1.60 1.61 1.82 2.14 2.60 2.61 2.48 2.69 2.63 2.39 2.24 2.09 1.86 1.83 2.00 2.02 2.03 2.36 2.58 2.73 2.99 3.07 3.05 3.06 3.02 2.97 2.95 2.85 2.64 2.49 2.46 2.48 2.46 2.43 2.47 2.44 2.32 2.28 2.32 2.35 2.35 2.32 2.30 2.23 2.15 2.10 2.11 2.11 2.04 1.94 1.91 2.00 2.03 1.91 1.76 1.62 1.53 1.58 1.71 1.71 1.62 1.56 1.55 1.60 1.65 1.65 1.63 1.61 1.60 1.57 1.55 1.51
2.24 2.11 1.99 2.02 2.06 2.03 1.97 1.86 1.92 2.00 1.88 1.80 1.78 1.76 1.83 2.03 2.33 2.40 2.26 2.27 2.23 2.21 2.24 2.07 1.91 1.95 2.18 2.25 2.28 2.56 2.69 2.84 3.05 3.10 3.14 3.29 3.28 3.10 3.03 2.94 2.76 2.55 2.49 2.53 2.46 2.40 2.41 2.38 2.30 2.32 2.40 2.41 2.37 2.32 2.26 2.19 2.12 2.08 2.09 2.07 1.97 1.86 1.87 1.94 1.92 1.84 1.75 1.61 1.52 1.57 1.64 1.62 1.58 1.51 1.52 1.64 1.69 1.62 1.56 1.58 1.60 1.58 1.54 1.49
1.77 1.69 1.63 1.72 1.88 1.90 1.82 1.73 1.84 2.06 2.00 1.92 1.91 1.82 1.82 1.88 2.04 2.09 1.96 1.89 1.98 2.15 2.08 1.91 1.96 2.04 2.22 2.36 2.57 2.81 2.95 3.09 3.00 2.94 3.30 3.72 3.66 3.31 3.10 2.96 2.76 2.56 2.54 2.55 2.45 2.40 2.37 2.34 2.32 2.36 2.44 2.43 2.34 2.29 2.25 2.16 2.08 2.04 2.04 2.00 1.92 1.87 1.90 1.92 1.88 1.82 1.73 1.58 1.49 1.52 1.55 1.55 1.59 1.60 1.66 1.75 1.72 1.58 1.53 1.63 1.67 1.60 1.52 1.47
1.38 1.33 1.33 1.46 1.68 1.77 1.75 1.71 1.84 2.15 2.22 2.09 1.90 1.72 1.72 1.72 1.79 1.82 1.65 1.58 1.82 2.18 1.98 1.67 1.84 2.07 2.16 2.33 2.83 3.19 3.26 3.16 2.68 2.73 3.70 4.26 3.90 3.24 2.99 2.93 2.72 2.59 2.62 2.58 2.50 2.46 2.39 2.36 2.35 2.33 2.36 2.34 2.27 2.24 2.20 2.13 2.06 2.02 1.99 1.94 1.90 1.90 1.91 1.91 1.87 1.78 1.68 1.56 1.46 1.44 1.49 1.54 1.61 1.67 1.70 1.73 1.70 1.63 1.65 1.74 1.72 1.59 1.49 1.45
1.13 1.06 1.11 1.34 1.57 1.76 1.93 1.95 2.07 2.21 2.16 1.92 1.59 1.50 1.64 1.67 1.66 1.58 1.40 1.41 1.78 2.23 2.02 1.52 1.58 1.94 2.13 2.22 2.93 3.55 3.34 3.02 2.43 2.73 4.22 4.47 3.65 3.01 3.03 3.07 2.76 2.60 2.68 2.67 2.56 2.49 2.45 2.41 2.35 2.29 2.28 2.26 2.21 2.18 2.14 2.08 2.03 2.01 1.99 1.94 1.91 1.94 1.92 1.85 1.79 1.70 1.62 1.54 1.45 1.41 1.45 1.54 1.63 1.68 1.71 1.73 1.73 1.72 1.69 1.68 1.65 1.56 1.47 1.42
1.02 0.96 1.12 1.50 1.82 2.04 2.06 1.96 1.91 1.85 1.81 1.69 1.41 1.44 1.69 1.79 1.66 1.30 1.16 1.45 1.95 2.26 1.96 1.48 1.40 1.75 2.08 2.15 2.94 3.72 3.32 2.93 2.58 3.01 4.38 4.23 3.28 3.08 3.34 3.12 2.50 2.48 2.76 2.69 2.52 2.51 2.49 2.37 2.27 2.25 2.28 2.28 2.23 2.15 2.08 2.03 2.01 2.01 2.03 1.98 1.93 1.97 1.92 1.75 1.66 1.62 1.56 1.53 1.46 1.38 1.38 1.52 1.69 1.73 1.75 1.76 1.75 1.70 1.59 1.56 1.57 1.55 1.48 1.39
1.11 1.09 1.35 1.70 1.86 1.85 1.68 1.56 1.54 1.54 1.63 1.61 1.40 1.47 1.82 2.02 1.68 1.02 0.97 1.53 2.12 2.29 1.89 1.51 1.45 1.69 1.97 2.17 3.02 3.71 3.35 2.94 2.74 3.23 4.35 4.16 3.49 3.55 3.42 2.74 2.25 2.57 2.83 2.60 2.48 2.55 2.47 2.28 2.21 2.25 2.27 2.26 2.18 2.11 2.07 2.04 1.99 2.02 2.04 1.94 1.88 1.91 1.83 1.64 1.58 1.59 1.56 1.52 1.44 1.36 1.39 1.60 1.77 1.75 1.72 1.72 1.68 1.60 1.52 1.51 1.53 1.54 1.47 1.33
1.22 1.22 1.40 1.53 1.51 1.42 1.33 1.33 1.37 1.39 1.50 1.59 1.51 1.61 2.03 2.23 1.68 0.92 0.87 1.49 2.14 2.40 1.97 1.59 1.54 1.74 2.06 2.37 2.97 3.49 3.40 3.00 2.79 3.37 4.50 4.52 4.05 3.79 3.19 2.45 2.43 2.70 2.75 2.58 2.53 2.50 2.31 2.17 2.18 2.23 2.23 2.16 2.05 2.04 2.09 2.04 1.96 1.99 1.99 1.88 1.81 1.81 1.73 1.63 1.60 1.62 1.61 1.51 1.42 1.40 1.47 1.63 1.73 1.69 1.66 1.66 1.60 1.51 1.48 1.48 1.51 1.54 1.45 1.31
1.17 1.11 1.15 1.17 1.18 1.20 1.20 1.24 1.29 1.26 1.35 1.70 1.83 1.83 2.17 2.32 1.65 1.00 0.98 1.46 2.04 2.43 2.13 1.59 1.52 1.98 2.33 2.59 2.85 3.10 3.26 3.13 3.00 3.75 4.82 4.75 4.18 3.52 2.66 2.35 2.36 2.33 2.48 2.72 2.65 2.40 2.16 2.07 2.10 2.17 2.18 2.09 1.99 2.03 2.08 2.01 1.95 1.97 1.98 1.90 1.79 1.74 1.70 1.67 1.67 1.66 1.63 1.54 1.45 1.42 1.46 1.56 1.64 1.64 1.62 1.62 1.57 1.50 1.50 1.51 1.53 1.55 1.44 1.29
1.18 1.03 0.93 0.94 1.04 1.12 1.15 1.20 1.23 1.17 1.32 1.89 2.12 1.97 2.16 2.33 1.71 1.25 1.48 1.72 2.02 2.35 2.11 1.52 1.54 2.22 2.55 2.74 2.76 2.78 3.02 3.19 3.39 4.26 4.96 4.42 3.49 2.73 2.23 2.05 1.86 1.93 2.52 2.88 2.62 2.23 2.06 2.06 2.10 2.13 2.13 2.05 2.01 2.06 2.06 2.00 1.95 1.95 1.96 1.90 1.81 1.72 1.69 1.73 1.70 1.67 1.65 1.59 1.57 1.54 1.53 1.60 1.67 1.64 1.60 1.60 1.58 1.53 1.53 1.51 1.55 1.53 1.35 1.21
