windninja/windninja_output/Output_2025-10-23_0400-0450_Google earth_Fire_150m_10min/merlingen_7.5mi_point_10-23-2025_0400_150m_ang.asc
ncols	158
nrows	163
xllcorner	391686.332397
yllcorner	5160024.123721
cellsize	150.000000
NODATA_value	-32768.000000
[rows 92 to 137 of 163, columns 0 to 95 of 158]
292 298 307 313 317 319 323 329 334 332 325 326 327 323 318 311 309 306 303 310 318 338 349 353 354 342 325 315 310 307 306 305 306 309 309 310 312 313 314 314 314 313 311 310 311 310 307 302 298 299 303 309 315 320 327 329 325 323 322 326 331 330 326 323 321 320 320 320 320 320 320 320 320 320 320 319 319 319 319 318 317 316 315 313 310 307 304 300 295 287 269 257 255 254 250 250
292 297 308 314 319 323 329 336 344 343 338 337 337 338 338 334 327 323 318 318 327 347 352 355 349 333 317 309 305 302 301 299 300 304 307 307 308 310 312 314 315 313 308 306 308 306 303 300 297 296 297 304 314 319 322 322 316 313 314 318 324 328 325 321 319 318 318 318 318 318 318 318 318 318 318 317 317 317 317 316 315 314 312 309 304 299 295 290 282 269 258 256 258 257 256 257
290 294 304 310 312 317 325 334 343 342 338 339 342 344 345 340 334 328 319 316 331 346 349 346 333 320 311 304 301 297 293 293 296 301 305 305 306 307 309 312 317 319 314 311 311 309 307 304 301 301 302 308 318 321 319 316 309 306 307 311 315 321 322 319 317 316 316 316 316 316 316 316 316 316 316 316 315 315 315 314 313 312 311 308 304 298 293 286 278 272 272 273 275 277 278 280
285 289 298 304 305 307 313 322 331 330 326 327 331 334 335 327 326 318 307 299 318 291 277 290 300 303 302 298 295 293 292 295 298 302 304 304 303 304 306 309 315 320 318 315 317 319 317 315 312 311 312 315 323 322 316 313 311 308 309 310 312 316 317 316 315 314 314 314 314 314 315 315 314 314 314 314 314 314 313 313 312 311 310 308 305 302 297 293 289 287 287 288 289 291 293 295
283 286 293 299 300 300 302 307 312 312 306 302 303 305 305 302 300 296 285 258 216 212 225 259 282 291 294 293 292 294 296 297 297 298 300 300 300 301 304 307 311 317 317 315 316 320 321 320 318 316 315 316 319 320 315 311 309 308 308 308 310 313 314 313 313 313 312 312 313 313 313 313 312 312 312 312 312 312 312 311 311 310 309 308 306 304 301 299 297 296 296 297 298 299 301 303
285 286 290 293 291 289 290 291 291 291 289 279 278 292 288 288 289 285 266 227 203 210 234 263 284 293 293 291 290 291 290 288 287 288 292 295 296 298 302 305 309 314 317 313 311 313 314 313 311 309 307 307 310 314 311 307 306 305 305 305 306 308 309 310 311 311 311 311 311 311 311 311 311 310 310 310 310 310 310 310 309 309 308 307 306 305 304 303 302 301 301 302 303 304 305 306
281 281 281 280 280 278 277 278 276 274 266 261 261 265 269 271 273 261 231 213 210 229 260 283 300 304 294 288 285 283 280 279 279 282 286 289 292 295 299 304 307 312 316 314 308 306 304 302 300 298 299 302 305 308 308 306 305 306 306 306 305 304 304 306 307 308 309 309 309 309 309 309 309 309 309 308 308 309 309 308 308 308 308 307 307 306 305 305 304 304 304 304 305 306 307 309
274 272 269 269 271 270 268 266 261 256 254 253 250 251 258 259 251 233 216 213 230 266 287 297 306 297 283 278 276 274 274 276 277 280 284 288 292 294 298 302 306 311 315 316 311 308 306 302 300 300 302 304 306 307 307 307 307 306 307 308 308 306 303 303 304 305 306 307 308 308 308 307 307 307 307 307 307 307 307 307 307 307 307 307 307 306 306 306 305 305 306 306 307 307 309 310
275 272 267 266 265 262 260 259 255 249 246 240 236 238 241 243 242 234 226 236 267 285 289 282 258 255 261 266 267 267 267 269 273 278 284 289 292 294 297 302 308 311 315 317 314 310 307 305 304 304 305 307 309 309 309 309 308 306 307 311 312 309 306 304 304 305 306 307 307 306 305 305 305 305 305 305 305 305 305 306 306 306 306 306 306 306 306 306 306 307 307 307 308 309 310 311
280 277 272 267 263 259 256 255 253 250 246 242 237 233 236 244 254 261 263 276 286 287 272 239 229 239 249 254 255 257 260 265 272 278 283 287 289 291 295 301 308 311 313 317 316 310 307 306 307 307 307 308 309 308 308 309 310 308 308 311 311 309 307 306 306 307 308 307 306 304 302 302 303 303 303 303 303 303 304 304 305 305 306 306 306 306 306 307 307 307 307 308 308 309 310 311
284 281 275 269 264 262 259 256 254 253 251 249 245 242 254 268 274 280 288 288 283 267 236 228 231 237 243 248 251 255 261 267 272 277 281 286 289 292 295 299 306 310 312 316 318 315 312 311 311 310 309 308 309 309 308 309 310 310 309 311 312 312 309 307 305 307 309 308 305 301 298 298 300 301 300 300 301 301 302 303 303 304 305 305 306 306 306 307 307 307 307 308 309 310 311 311
288 285 278 272 268 265 263 260 258 256 254 254 255 263 273 276 276 279 283 279 263 230 223 230 232 235 242 249 254 260 266 269 271 276 280 285 291 293 294 296 302 308 312 315 318 317 314 313 312 311 310 308 309 311 311 311 311 310 310 311 314 315 313 308 306 307 309 309 307 301 296 296 297 297 297 297 298 299 300 301 302 303 304 304 305 305 306 306 307 307 307 308 308 309 310 311
291 288 281 275 270 267 264 261 258 257 259 260 263 269 272 272 269 266 262 252 234 224 228 232 231 236 245 252 258 265 268 269 270 275 279 284 290 293 294 296 301 307 311 313 316 318 315 313 313 312 311 310 309 310 311 312 312 311 310 310 311 313 312 309 307 307 309 311 311 306 299 295 294 293 291 290 293 296 298 299 300 301 303 304 304 305 305 306 306 306 307 307 308 309 309 309
295 291 283 275 270 267 264 260 257 258 259 261 265 268 269 268 262 254 245 236 229 230 233 233 235 242 248 254 259 264 268 270 273 275 278 282 290 296 299 301 304 308 310 313 316 319 318 317 317 316 314 314 313 311 310 310 311 311 310 309 309 310 310 307 306 306 309 313 313 307 301 297 294 293 291 290 292 294 293 294 297 300 302 303 304 304 305 305 305 305 306 306 307 307 308 308
300 295 285 277 272 268 265 261 260 263 267 271 273 273 270 266 258 251 242 234 233 237 238 236 240 245 249 253 258 265 271 276 278 275 276 283 293 300 303 304 306 309 311 313 317 319 321 320 320 318 316 316 316 314 312 311 311 310 309 308 308 310 309 308 307 307 308 312 314 308 302 298 296 298 299 298 297 296 293 293 297 301 303 303 303 304 304 304 304 304 305 305 305 306 306 306
308 301 289 281 274 271 271 272 274 278 282 284 282 275 269 265 260 253 243 235 237 245 249 245 243 245 248 251 258 268 277 281 281 274 277 288 298 303 303 305 308 310 311 314 318 321 324 324 323 321 316 314 315 315 313 313 312 311 309 307 307 308 309 309 308 308 308 310 313 309 302 299 297 298 299 299 299 302 302 300 300 302 303 303 304 303 303 303 303 303 303 303 303 304 305 305
318 309 294 286 283 284 289 291 291 288 283 279 272 263 261 263 262 256 246 241 248 255 257 252 245 245 251 253 257 268 278 281 283 275 281 294 301 303 302 306 312 312 312 315 319 322 325 327 327 325 320 316 315 314 314 313 312 312 311 310 308 307 308 308 307 307 307 308 311 311 305 299 297 297 298 299 300 303 305 302 299 301 303 304 304 303 303 302 302 301 301 301 302 302 303 303
329 319 303 297 298 298 297 294 287 279 270 264 259 257 260 266 269 260 247 250 259 263 263 259 253 251 254 255 259 269 278 280 282 278 283 294 301 301 306 311 313 309 310 316 321 322 325 329 330 327 324 321 318 317 315 313 312 311 311 313 312 308 307 309 305 303 305 306 309 312 306 298 296 298 299 299 300 301 302 300 298 299 303 306 305 303 302 301 300 299 299 299 299 300 301 301
341 328 310 304 299 294 287 278 270 264 261 259 258 259 266 273 278 269 252 256 263 270 273 271 269 263 259 260 264 271 279 281 281 278 282 292 300 304 310 316 313 307 309 315 320 321 326 332 332 329 327 324 322 320 317 315 314 311 310 312 312 308 306 308 305 302 303 305 308 310 309 302 298 299 299 298 298 298 299 299 298 298 301 305 305 303 300 299 297 295 295 295 296 297 298 298
344 330 312 302 293 284 276 270 266 262 259 260 264 269 274 280 288 293 266 259 264 274 285 287 281 275 274 273 269 269 275 282 282 278 284 295 303 310 316 319 316 312 310 314 318 321 326 331 333 331 329 327 325 321 318 318 316 311 308 310 312 307 305 306 307 305 303 305 307 309 309 303 298 297 297 297 297 296 295 296 297 298 300 305 306 304 299 295 292 290 289 290 291 293 294 294
346 329 309 298 288 283 279 274 271 267 263 266 276 282 282 285 294 320 296 273 270 276 289 300 289 282 285 285 279 270 269 277 283 283 290 300 309 315 320 319 318 312 306 310 319 324 326 329 331 331 331 331 329 323 319 319 319 314 309 310 312 309 306 306 308 307 305 306 307 308 306 301 297 296 295 295 296 297 296 296 297 298 301 305 307 307 299 293 287 283 283 288 292 293 293 292
352 334 310 297 289 286 283 280 276 273 271 275 283 289 285 286 299 334 327 300 283 278 284 301 292 287 291 293 288 279 270 272 279 285 293 301 309 314 318 317 314 305 301 308 320 326 326 326 329 331 332 334 334 327 321 320 320 317 311 310 312 312 308 306 308 308 306 307 309 311 310 304 301 299 297 295 296 299 299 297 296 298 301 302 305 307 299 292 286 284 289 296 298 296 294 290
0 343 317 303 296 292 289 286 281 277 279 282 288 290 284 287 304 336 338 314 293 281 282 295 298 297 299 297 293 291 280 272 276 285 292 299 302 307 313 316 311 303 303 309 319 326 328 329 330 331 333 336 336 331 324 321 321 319 313 310 312 314 311 306 308 310 308 308 309 311 312 307 302 301 298 295 295 298 300 298 295 298 303 305 306 309 301 294 293 294 299 305 304 297 291 287
11 352 325 311 303 298 293 290 285 283 287 291 294 291 283 289 307 336 346 324 303 293 292 299 304 306 306 304 299 302 298 281 277 282 291 299 304 307 310 312 310 308 310 313 319 327 332 335 333 333 335 338 339 335 327 322 321 320 315 311 311 314 311 307 308 311 310 308 307 308 310 307 301 298 299 296 295 296 299 299 295 297 304 308 310 315 307 300 301 300 303 308 307 300 294 294
16 356 330 315 306 301 295 292 291 291 294 298 301 295 285 290 307 338 352 336 319 313 310 307 307 310 313 306 299 308 313 298 284 281 289 300 308 312 310 309 310 312 315 316 319 327 333 334 332 332 335 339 343 340 332 324 320 319 316 311 311 313 311 307 307 311 310 308 307 307 308 307 302 298 298 297 295 294 296 297 293 294 302 309 311 315 312 306 304 303 305 308 308 305 302 302
18 1 334 316 306 302 301 299 297 296 297 302 309 303 287 287 301 334 347 338 327 320 315 311 310 314 322 316 308 312 316 305 294 291 297 305 311 316 312 311 315 317 318 318 319 325 330 331 332 333 337 343 348 346 339 328 321 319 317 312 312 314 312 308 308 310 311 308 307 307 308 308 306 301 298 299 298 294 294 295 294 295 302 309 310 312 312 308 305 306 308 310 312 308 304 304
23 9 339 318 309 307 307 304 299 296 294 301 315 309 291 282 290 320 336 334 326 317 311 308 308 312 321 321 319 322 322 318 315 308 308 314 321 324 319 318 322 323 321 318 317 322 329 333 335 337 340 347 352 352 346 333 323 320 317 313 312 314 313 310 310 312 312 309 307 306 307 308 307 303 300 299 301 298 295 297 297 298 302 308 309 310 312 309 307 308 312 314 315 308 302 301
28 17 345 318 311 310 308 302 297 295 291 296 315 312 294 282 286 307 327 329 323 314 308 305 305 306 310 313 317 323 324 325 321 313 311 315 324 331 330 330 332 328 324 320 320 324 329 332 335 339 342 349 354 356 351 337 324 319 317 314 312 313 312 309 309 310 310 309 305 303 304 306 307 305 301 298 299 300 297 296 295 295 300 306 308 309 311 310 309 311 314 317 317 308 301 302
32 21 351 320 311 309 302 298 296 297 292 294 312 318 302 286 285 297 317 325 322 315 308 303 300 300 302 305 309 313 315 318 316 310 308 311 320 328 333 340 341 337 331 328 329 331 332 334 338 341 344 350 356 359 356 343 326 318 317 314 311 312 309 302 296 292 294 299 300 299 300 304 305 305 302 299 297 298 296 294 293 294 299 305 307 309 311 311 310 311 314 317 318 307 303 307
33 21 350 329 323 318 306 299 298 300 295 292 307 324 312 292 283 290 308 321 321 313 306 301 297 297 299 303 306 306 306 306 306 306 306 307 314 317 326 338 342 341 333 330 331 333 335 340 346 347 347 350 356 2 2 349 329 319 316 312 307 305 296 282 270 271 278 288 296 296 297 300 301 303 303 301 299 297 296 295 295 296 300 305 308 312 314 313 311 311 314 319 317 307 305 310
28 13 346 333 329 325 315 304 300 303 298 292 304 325 317 296 281 281 294 307 312 308 304 299 293 292 296 300 302 302 305 306 304 306 304 303 309 309 315 328 336 336 328 321 321 324 330 340 348 349 349 349 357 6 5 351 331 319 315 307 298 286 273 269 271 277 282 290 297 297 295 295 297 300 302 303 301 298 297 298 298 299 303 309 311 315 318 318 314 313 317 322 315 304 304 310
21 6 341 331 326 318 313 304 297 300 297 294 304 326 318 298 280 271 274 287 296 300 299 294 289 290 292 295 299 303 309 308 303 305 304 301 307 308 308 322 332 335 327 317 313 314 320 333 344 349 348 349 359 9 6 354 331 313 305 296 281 272 276 283 287 288 288 290 295 299 296 293 294 296 299 302 304 302 300 301 302 302 307 312 315 317 322 321 315 314 318 323 313 304 306 312
17 2 340 333 326 316 310 302 294 297 294 293 304 321 315 298 282 268 264 273 285 292 295 294 291 288 288 296 304 309 316 311 304 306 304 299 304 309 307 316 329 335 332 318 311 312 317 328 342 347 348 352 2 10 10 2 338 308 295 290 284 288 294 297 295 293 290 288 289 294 294 289 288 291 295 300 305 305 302 302 303 302 304 311 314 317 324 322 314 313 318 323 314 306 309 316
10 357 342 337 331 319 312 306 299 299 293 288 294 309 305 297 287 275 266 271 281 290 295 293 292 293 299 310 314 320 326 314 305 305 305 298 300 308 308 313 324 334 335 321 308 308 315 327 340 346 349 355 6 13 15 10 350 321 305 307 307 303 302 302 297 293 290 286 283 285 288 287 286 289 293 297 302 304 302 300 299 297 298 305 311 318 326 323 315 314 319 323 315 308 311 320
4 354 339 336 331 321 314 308 304 301 294 283 284 299 300 301 297 286 278 276 281 293 302 303 307 313 318 321 325 333 335 321 306 304 305 299 298 304 307 309 318 330 335 325 310 306 313 327 341 347 350 357 9 18 21 15 356 328 312 313 314 307 303 299 294 290 287 284 282 280 282 286 288 290 293 296 299 300 299 298 298 297 296 301 309 319 328 324 317 315 320 322 314 310 314 323
5 353 336 335 332 325 317 310 307 304 298 286 285 295 302 309 311 302 296 295 303 311 317 323 322 321 324 328 330 337 340 328 312 307 305 300 296 299 303 305 311 322 329 328 314 305 309 325 341 349 351 358 13 24 27 21 359 325 310 308 307 303 298 294 290 287 285 283 281 279 278 281 286 290 293 296 299 301 301 302 302 302 300 301 308 321 333 330 324 320 321 321 314 313 317 324
5 352 335 333 331 324 315 309 307 306 304 298 295 296 300 309 313 308 308 314 318 319 320 323 322 318 316 319 327 334 337 330 319 313 306 297 294 295 298 299 303 311 320 326 319 306 304 320 338 345 350 1 17 28 30 24 359 323 306 302 299 296 294 292 289 286 284 282 280 278 277 276 279 285 288 290 297 301 301 302 304 304 304 304 307 319 329 330 329 326 326 324 319 318 320 324
6 353 332 329 327 317 309 304 304 306 307 304 299 295 295 301 310 310 312 315 318 319 314 310 306 304 308 315 320 325 329 329 323 319 311 299 292 290 291 292 296 303 309 318 320 312 307 319 335 341 350 4 23 34 34 24 355 321 303 297 296 295 292 290 287 285 283 282 281 279 277 275 276 279 283 286 292 298 297 297 300 302 303 304 304 310 318 321 321 322 324 324 324 326 326 326
11 356 333 328 327 316 306 300 299 302 303 301 294 289 289 294 302 308 312 315 316 317 315 309 302 300 306 314 316 320 323 326 328 326 320 306 294 289 290 291 294 298 302 310 318 318 315 325 335 338 353 12 34 42 37 21 351 319 301 296 294 292 289 287 285 283 283 283 282 280 278 277 276 276 280 285 290 296 296 295 297 299 301 299 298 302 306 309 308 309 312 315 321 330 333 333
13 357 336 330 328 319 311 303 298 297 297 294 291 289 289 291 293 298 306 311 315 318 319 316 305 300 306 313 316 322 325 328 333 334 328 317 305 299 299 298 299 302 305 308 315 321 324 330 332 335 357 29 46 45 34 16 347 312 296 290 287 286 286 285 284 283 282 282 282 281 279 278 278 277 279 283 290 298 298 296 299 303 303 300 297 297 299 304 305 304 305 304 309 321 329 333
11 357 337 329 325 320 317 311 303 300 301 299 297 296 295 295 292 291 295 302 311 318 321 321 312 301 299 306 310 316 321 326 334 338 332 326 318 310 309 309 308 311 311 310 314 323 331 333 329 335 10 45 52 45 29 11 344 306 290 284 282 284 286 284 282 282 282 282 283 283 282 281 279 278 279 282 289 299 303 299 301 306 309 305 301 298 301 304 303 300 300 300 298 304 314 318
13 358 338 328 321 319 320 316 308 306 310 313 308 302 301 302 300 297 297 302 310 318 324 324 318 304 294 295 299 304 310 315 326 333 332 328 322 316 313 310 309 313 316 315 319 328 335 337 331 341 34 53 52 41 22 4 338 304 290 287 288 288 289 286 283 282 281 282 284 285 285 284 283 281 279 280 286 296 303 300 300 306 311 309 304 302 303 303 300 296 294 295 292 291 295 298
13 356 339 329 320 319 321 318 313 309 312 321 317 309 307 308 305 302 302 305 310 320 324 324 323 314 299 294 296 302 306 309 316 324 327 327 323 319 314 308 306 311 315 317 325 333 338 346 350 4 39 49 47 30 12 356 324 299 291 290 288 287 286 285 283 281 281 280 284 288 288 287 287 284 279 278 281 290 299 299 298 302 308 308 305 303 303 303 301 296 291 289 285 281 284 290
4 350 337 329 321 320 321 318 315 308 307 313 314 307 304 306 305 302 302 303 307 316 320 320 325 324 311 299 297 303 310 313 314 318 322 324 324 323 315 307 305 307 309 315 327 332 339 360 21 17 23 45 40 10 358 343 310 295 291 290 287 285 284 284 283 280 279 278 281 289 293 292 290 289 285 280 280 284 294 297 296 297 300 303 305 305 304 304 301 295 288 284 279 276 278 282
355 344 333 327 320 318 318 316 312 304 298 298 304 298 296 299 301 300 301 300 299 306 313 316 324 328 320 307 300 302 312 316 316 317 320 323 328 328 314 304 303 304 303 312 323 324 334 25 54 32 36 69 2 336 337 322 302 294 293 292 289 287 286 285 283 279 277 276 278 284 293 294 293 295 293 285 281 282 287 293 296 296 298 302 308 310 308 306 303 298 291 285 279 275 272 274
353 341 329 323 314 312 312 311 306 301 298 297 303 297 294 296 299 300 300 296 292 297 306 313 322 329 325 314 304 302 307 310 311 313 317 324 332 334 314 301 301 304 301 302 305 295 293 97 110 167 188 237 287 301 311 308 300 297 296 294 290 288 286 285 281 276 274 273 273 277 285 292 293 294 295 290 284 282 283 287 295 302 302 304 312 315 309 303 302 304 301 292 282 275 275 287
