windninja/windninja_output/Output_2025-10-23_0400-0450_Google earth_Fire_150m_10min/merlingen_7.5mi_point_10-23-2025_0430_150m_ang.asc
ncols	158
nrows	163
xllcorner	391686.332397
yllcorner	5160024.123721
cellsize	150.000000
NODATA_value	-32768.000000
[rows 47 to 93 of 163, columns 0 to 95 of 158]
117 117 116 115 114 113 114 115 115 114 114 114 114 113 113 113 113 112 112 112 112 112 112 112 113 113 113 113 114 115 115 116 116 118 121 122 121 121 120 118 115 111 104 99 100 106 110 109 105 100 94 85 79 81 84 88 95 102 109 115 116 114 113 112 110 106 103 99 98 101 100 97 92 86 79 70 66 84 99 101 100 97 93 90 89 90 93 92 90 91 95 100 100 96 90 88
116 116 116 115 113 111 114 116 116 115 115 114 114 114 113 113 113 113 112 112 112 112 113 112 112 113 113 114 114 114 115 115 116 118 120 122 121 120 120 119 116 112 107 104 107 109 109 106 101 95 87 79 80 85 88 95 102 109 113 117 118 112 107 105 105 102 100 99 98 97 96 94 90 84 75 68 71 85 95 96 95 95 95 95 94 95 95 95 96 97 95 94 94 92 90 87
115 116 116 115 112 111 113 116 117 116 115 115 115 114 114 113 113 113 113 112 112 113 113 113 112 113 113 114 114 114 115 115 116 117 119 122 121 120 120 119 116 112 111 112 112 109 106 102 97 89 79 79 86 92 98 103 109 113 115 115 114 108 102 100 102 102 101 99 97 96 94 92 87 80 74 72 79 87 92 94 95 96 98 98 98 98 98 100 101 99 93 87 86 87 87 82
115 116 117 115 113 112 112 115 118 118 117 116 116 115 114 114 114 114 113 113 113 113 113 113 113 113 114 114 114 114 114 115 116 117 118 120 121 121 120 119 117 115 115 117 115 109 103 98 91 82 79 87 95 101 106 110 112 113 111 108 105 101 97 98 102 103 101 99 97 95 92 89 84 79 77 81 85 89 91 93 95 96 97 99 100 101 103 102 99 95 89 83 80 80 80 80
114 116 119 118 115 114 113 113 117 119 118 117 116 116 115 114 114 114 114 113 114 114 113 114 113 113 113 114 114 114 114 115 115 116 117 119 120 120 120 119 118 116 117 119 115 109 102 94 85 84 92 100 103 106 110 112 112 108 103 100 98 96 97 99 101 102 100 98 95 93 91 87 83 81 84 87 89 90 91 93 93 93 95 98 101 103 103 100 96 91 86 80 76 75 77 82
113 116 121 119 115 115 114 112 115 119 120 118 117 116 115 115 114 114 114 114 114 114 113 113 113 113 113 113 114 114 114 115 115 116 116 117 118 119 120 120 119 116 118 120 116 109 102 94 91 99 108 110 109 110 112 111 108 102 96 94 95 97 99 100 101 102 101 97 94 92 90 88 86 86 88 90 92 93 95 93 90 89 92 97 101 102 102 99 95 89 84 79 74 74 80 94
112 116 123 122 117 117 116 113 112 117 120 118 117 116 116 115 115 115 114 114 114 114 114 113 113 113 113 114 114 114 114 114 115 115 116 116 117 118 120 121 120 117 118 120 117 110 105 105 107 110 113 111 110 110 110 108 105 99 93 92 96 99 100 100 101 103 101 97 93 93 92 90 88 87 89 90 92 94 97 96 92 90 91 94 97 101 102 100 94 87 83 81 78 78 89 111
113 114 121 124 119 118 119 113 110 112 117 118 118 117 116 116 115 115 115 114 114 114 114 114 114 114 114 114 114 114 114 114 115 115 115 116 116 117 118 121 121 118 116 117 117 113 111 115 116 114 112 109 109 109 106 104 102 97 94 95 99 101 101 101 102 104 103 99 95 94 93 89 86 87 90 91 92 95 98 100 98 96 94 93 93 96 100 100 94 87 85 85 86 88 98 112
114 113 116 121 118 115 117 114 109 109 114 117 118 118 117 116 115 115 115 115 114 114 114 114 114 114 114 114 114 114 114 114 114 115 115 115 116 116 117 119 119 117 114 114 116 117 119 121 120 116 113 110 110 108 104 102 100 98 98 100 103 104 102 100 101 103 103 101 97 93 87 82 85 91 93 93 94 97 100 102 104 101 97 94 91 90 91 92 92 89 89 91 96 101 103 110
115 113 112 114 115 113 115 116 111 108 111 115 117 118 118 116 116 116 115 115 114 114 114 114 114 114 114 114 114 114 114 114 114 114 115 115 115 116 116 117 117 116 115 116 118 121 123 124 121 119 117 111 109 108 103 100 99 100 103 106 107 106 102 97 97 99 100 99 95 87 79 83 91 94 95 96 98 101 102 104 105 102 98 95 92 89 84 82 83 86 92 99 110 116 110 108
114 114 112 113 114 114 115 117 116 112 112 114 115 117 118 118 116 116 116 115 115 115 114 114 115 115 114 114 114 114 114 114 114 114 114 115 115 115 116 116 116 116 117 118 119 121 123 124 122 123 121 112 109 107 102 99 102 105 108 110 109 105 100 94 91 93 96 95 89 83 85 92 95 96 97 100 102 104 105 104 103 100 97 94 91 86 82 79 80 87 99 113 124 124 115 105
114 114 114 113 113 113 114 117 119 116 115 115 112 113 116 118 118 117 116 116 116 115 115 115 115 115 114 114 114 114 114 114 114 114 114 115 115 115 115 115 116 116 117 117 118 119 120 122 123 125 125 116 111 108 103 100 106 109 109 110 107 103 98 93 88 88 92 92 86 88 94 97 97 99 101 104 105 105 105 103 99 96 93 91 87 84 83 84 89 101 112 119 124 122 111 93
113 114 113 113 113 112 112 115 117 117 115 115 112 110 113 117 118 118 117 117 116 115 115 115 115 115 115 114 114 114 114 114 114 114 114 114 115 115 115 115 115 116 116 117 117 118 119 121 124 128 130 123 114 109 103 101 106 110 110 108 106 102 97 92 87 86 90 90 88 93 97 99 100 102 104 106 106 105 102 98 95 92 89 87 84 83 85 92 104 114 117 116 116 113 99 79
113 113 113 112 112 112 112 112 114 115 116 118 117 113 112 114 117 118 118 118 117 117 116 116 115 115 115 115 115 114 114 114 114 114 114 114 114 114 115 115 115 115 116 116 117 118 119 121 124 128 133 128 116 109 104 102 107 110 109 107 105 101 96 91 87 86 87 86 90 96 99 101 103 105 106 107 105 102 97 94 92 90 87 85 83 85 92 103 113 117 116 112 108 101 85 69
114 113 113 112 112 111 111 111 113 115 118 122 122 117 113 111 114 117 118 119 118 117 116 116 115 115 115 115 115 115 115 114 114 114 114 114 114 114 114 115 115 115 116 116 117 117 118 120 122 127 131 129 118 110 105 103 106 108 107 106 103 100 97 93 89 87 84 83 94 100 102 104 106 107 108 107 103 98 94 92 90 88 86 84 86 91 102 112 116 116 114 108 99 83 71 62
115 114 113 112 112 112 112 112 113 114 117 121 122 120 116 112 111 114 117 119 119 118 117 116 115 115 115 115 115 115 115 115 115 114 114 114 114 114 114 115 115 115 115 116 116 117 118 119 121 124 129 129 121 113 109 107 107 107 106 105 103 102 100 96 91 87 82 86 99 103 105 106 107 108 108 105 100 96 94 92 89 87 85 86 92 99 109 116 116 113 109 99 83 71 63 56
115 115 113 112 113 114 113 113 113 113 115 119 122 122 120 116 112 112 114 117 118 119 118 117 116 115 115 115 116 115 115 115 115 115 114 114 114 114 114 115 115 115 115 115 116 117 117 118 120 122 126 128 122 117 117 113 108 106 106 106 107 105 101 95 90 86 84 96 104 106 107 107 107 109 108 104 100 97 95 91 89 87 87 92 100 107 114 117 114 107 96 84 72 62 55 50
116 115 113 112 113 114 113 111 112 112 113 117 122 123 122 120 116 113 112 114 116 118 118 118 117 116 115 115 115 115 115 115 115 115 115 115 115 114 114 115 115 115 115 115 116 116 117 118 119 120 123 125 123 120 121 118 109 106 108 109 109 104 94 87 89 91 98 107 109 108 108 108 107 108 108 105 103 101 97 92 89 89 93 99 107 112 114 114 109 96 83 73 63 55 50 44
118 116 113 113 113 113 113 111 110 111 112 115 121 124 122 121 119 116 112 111 113 116 117 118 118 117 115 115 116 116 116 115 115 115 115 115 115 115 115 115 115 115 115 115 115 116 116 117 118 119 120 122 122 120 122 123 114 108 107 108 106 98 89 91 96 102 109 112 111 110 109 108 107 107 109 109 106 103 98 92 90 95 102 108 112 112 111 106 97 83 72 62 54 50 46 41
119 115 112 112 113 114 115 113 111 112 114 115 119 123 123 122 120 119 115 112 113 114 115 116 118 118 116 116 116 116 116 116 115 115 115 115 115 115 115 115 115 115 115 115 115 115 116 116 117 118 118 119 120 119 121 123 118 110 105 102 101 101 102 103 104 107 110 112 112 111 111 108 106 107 110 111 108 103 98 96 100 107 114 117 114 109 104 97 82 70 60 52 47 43 41 42
122 117 113 112 112 115 119 116 112 112 115 116 118 121 124 122 120 120 119 116 115 114 114 115 117 117 116 115 115 115 116 116 116 115 115 115 115 115 115 115 115 115 115 115 115 115 115 116 116 117 117 117 118 118 119 120 117 112 104 100 103 112 112 109 107 106 107 109 111 112 112 109 107 108 110 110 109 106 105 107 111 115 117 116 110 101 93 81 70 61 51 44 40 38 40 46
125 121 118 117 116 119 124 121 113 112 114 117 118 120 122 122 120 120 121 119 116 115 114 114 115 115 113 113 114 115 116 116 116 116 116 115 115 115 115 115 115 115 115 115 115 115 115 115 115 116 116 116 116 117 117 116 115 112 108 103 107 115 115 112 109 106 105 108 111 112 112 109 107 107 109 109 109 111 113 114 114 113 109 104 102 95 82 69 62 52 44 37 36 38 43 50
122 121 120 120 118 118 125 127 118 116 120 123 123 122 124 124 122 120 120 119 117 116 115 114 114 111 108 110 113 115 116 117 117 116 116 116 116 115 115 115 115 115 115 115 115 115 115 115 115 115 115 115 115 115 115 115 114 113 111 108 110 115 115 113 110 108 107 109 110 111 110 108 107 109 110 110 110 114 118 116 112 108 98 95 100 93 78 65 55 45 37 33 36 42 48 54
118 118 116 115 112 109 115 124 120 116 120 124 123 123 124 124 122 119 118 119 118 117 115 114 114 111 106 108 112 115 116 117 118 117 117 116 116 116 116 115 115 115 115 115 115 115 115 115 115 115 115 115 115 114 114 114 113 112 112 111 111 113 113 111 110 110 110 110 109 109 109 108 108 110 111 109 111 116 119 115 108 99 94 97 99 92 73 58 48 39 33 34 40 45 53 60
115 116 115 113 109 105 108 116 115 110 109 112 113 114 117 119 119 117 117 118 118 117 115 114 117 118 111 108 110 113 115 116 118 118 118 117 116 116 116 116 115 115 115 115 115 114 114 114 114 114 114 114 114 114 114 113 113 112 112 112 112 112 112 111 111 112 112 110 110 111 113 110 107 108 109 109 111 115 117 111 103 97 99 103 97 84 64 51 40 36 35 39 45 50 57 72
114 115 116 115 112 109 111 114 112 105 101 102 105 107 109 112 115 115 115 116 117 117 116 117 121 124 116 109 108 111 113 115 116 118 119 118 117 117 116 116 116 115 115 115 115 114 114 114 114 114 114 114 114 114 113 113 113 112 112 112 112 112 112 112 112 112 112 112 112 114 115 112 106 104 107 109 110 112 114 108 104 104 107 105 94 72 53 43 39 40 41 47 53 58 72 102
113 114 116 116 114 113 113 113 111 106 104 105 108 110 111 112 114 114 114 115 117 117 118 119 122 125 119 112 108 108 111 112 113 116 119 119 118 118 117 116 116 116 115 115 115 114 114 114 114 114 114 114 114 113 113 113 113 113 112 112 112 112 112 112 112 112 113 113 113 115 115 112 107 107 110 112 112 112 114 111 109 112 111 102 85 60 43 38 43 47 49 55 62 78 108 116
112 113 115 116 114 113 113 112 110 109 109 109 110 112 113 115 115 115 115 116 116 116 116 117 120 124 121 114 109 107 109 111 112 115 118 120 119 118 118 117 116 116 115 115 115 114 114 114 114 114 114 114 113 113 113 113 113 113 112 112 112 112 112 112 112 112 113 113 114 114 115 114 113 116 118 117 117 116 117 118 117 115 109 95 71 48 39 41 49 52 59 65 79 108 115 114
110 110 112 115 114 112 112 112 111 112 112 112 112 113 115 116 117 117 116 117 117 115 115 115 118 122 120 116 112 109 109 110 111 112 115 117 118 118 118 118 117 116 115 115 115 114 114 114 114 114 114 114 113 113 113 113 113 113 113 112 112 112 112 112 112 112 113 113 114 114 115 115 117 121 123 122 121 122 124 125 120 113 101 81 56 39 39 47 53 60 72 85 106 110 110 106
110 108 108 111 112 112 112 113 112 113 114 114 115 115 116 118 118 117 117 117 117 116 116 116 117 119 118 117 115 112 109 108 108 107 109 113 116 117 118 118 118 117 116 115 115 114 114 114 114 114 114 113 113 113 113 113 113 113 113 113 112 112 112 112 112 113 113 113 114 114 115 116 118 121 125 124 125 128 130 124 116 105 88 65 45 42 48 52 58 71 89 114 119 110 104 98
111 106 100 102 108 111 112 113 114 116 117 118 118 117 118 118 119 118 118 118 118 117 117 117 117 117 116 116 116 114 109 105 105 106 108 112 115 117 118 118 118 117 116 115 114 114 114 114 114 114 114 114 114 114 114 113 113 113 113 113 113 113 113 113 113 113 113 113 114 114 115 116 118 120 124 125 128 132 131 120 108 95 75 57 50 57 64 66 75 96 116 125 120 110 101 95
114 102 87 92 103 109 112 115 118 122 123 122 121 120 119 120 120 120 120 119 118 118 118 118 119 118 115 116 117 116 112 108 108 109 110 112 115 115 116 118 119 118 116 115 114 114 113 113 113 113 114 114 114 114 114 114 114 113 113 113 113 113 113 113 113 113 113 113 114 114 115 116 118 119 122 125 129 134 131 117 103 85 66 61 63 70 76 88 107 115 119 120 116 106 98 95
126 100 76 87 98 110 118 121 124 128 130 127 124 122 121 121 122 121 121 120 119 118 118 119 122 120 116 116 117 119 118 113 110 109 109 111 113 114 114 116 119 118 116 115 114 113 113 113 113 113 114 114 114 114 114 114 114 114 113 113 113 113 113 113 113 113 113 114 114 115 115 116 117 119 121 123 128 133 131 118 102 84 75 76 76 78 92 110 115 115 113 111 108 103 98 95
177 139 101 99 107 122 133 135 133 136 137 132 127 124 123 122 122 122 122 121 119 118 118 119 124 122 117 116 117 120 120 117 114 111 110 110 112 113 112 113 117 117 115 114 113 112 111 111 111 113 114 115 115 115 115 114 114 114 114 113 113 113 113 113 113 113 113 114 114 115 115 116 117 118 120 123 126 131 130 121 110 100 97 92 86 92 109 117 116 112 108 105 103 101 98 96
217 142 108 112 119 128 146 150 145 145 143 137 129 125 123 122 122 121 121 121 120 119 118 120 124 123 118 116 116 119 121 120 118 115 111 109 110 112 112 112 114 116 113 111 110 109 109 108 108 111 114 116 116 116 115 115 115 114 114 114 114 113 113 113 113 114 114 114 114 115 115 116 117 118 120 122 125 129 131 129 127 120 110 102 100 111 118 118 114 110 106 103 99 97 96 96
190 126 117 122 126 132 145 153 153 150 148 140 130 125 123 121 121 120 120 121 120 119 119 121 124 123 119 118 118 118 119 119 117 114 111 108 108 110 111 112 113 115 114 113 112 112 112 111 111 113 116 118 118 117 116 115 115 114 114 114 114 114 114 114 114 114 114 114 114 115 115 116 117 118 120 121 124 128 131 134 139 135 121 115 121 121 119 116 113 109 105 101 97 95 95 95
122 129 131 129 127 125 131 142 146 145 143 136 128 123 120 119 119 118 119 120 120 120 119 121 125 125 121 120 119 118 117 117 115 113 111 108 107 108 110 111 112 115 117 118 118 119 120 121 119 119 120 120 120 120 118 116 115 115 114 114 114 114 114 114 114 114 114 114 114 115 115 116 117 118 119 121 123 127 131 137 146 149 138 132 127 121 116 113 111 108 104 100 96 93 93 92
109 117 126 122 115 113 116 121 122 126 129 129 125 120 117 116 117 116 117 118 119 120 120 121 125 127 123 121 120 118 117 117 116 113 110 109 108 108 108 110 112 115 117 117 117 117 118 119 118 118 118 119 120 120 119 116 115 115 115 114 114 114 114 114 114 114 114 114 115 115 115 116 117 118 119 121 123 127 131 138 151 158 154 140 125 119 114 109 107 106 103 99 95 92 90 90
96 97 101 99 96 93 88 88 99 113 122 124 122 118 115 115 115 114 114 116 117 118 119 121 124 127 124 120 119 119 118 117 116 114 111 110 109 108 108 111 114 115 115 114 114 113 113 113 113 114 114 114 114 116 117 116 115 115 115 115 115 115 115 115 115 115 114 115 115 115 116 116 117 118 119 121 123 126 131 139 153 160 159 143 123 117 112 108 106 105 103 100 96 93 92 92
92 90 88 88 84 78 72 80 97 111 119 121 119 116 113 112 111 110 110 111 112 114 115 118 124 129 127 122 120 120 119 118 118 119 116 114 112 109 109 111 114 116 116 114 113 112 111 110 111 112 113 112 112 112 114 115 115 115 115 115 115 115 115 115 115 115 115 115 115 115 115 116 117 118 119 120 122 125 130 138 150 158 157 140 121 113 110 107 105 103 101 100 100 100 98 96
92 88 83 82 80 78 80 92 102 110 115 116 115 115 111 109 107 104 104 106 109 110 112 119 130 137 134 127 123 120 120 118 118 120 119 116 115 112 110 110 113 116 117 115 112 110 109 109 109 110 112 113 112 112 112 113 113 114 115 115 116 116 116 116 115 115 115 115 115 115 116 116 117 118 119 120 122 125 129 136 145 153 151 138 121 112 108 106 103 101 101 103 105 106 103 98
94 92 89 91 91 92 95 100 102 103 108 113 115 116 113 108 103 100 101 105 110 113 119 130 142 149 139 129 124 121 120 119 118 118 117 116 115 113 110 109 110 114 117 117 114 111 109 109 109 109 111 113 114 113 112 112 112 113 115 116 117 117 117 116 116 115 115 115 115 115 116 116 117 117 118 120 122 124 127 132 139 146 145 134 121 111 106 103 102 102 104 107 105 100 96 95
102 103 103 102 100 99 99 98 96 96 105 116 119 118 113 106 99 98 101 107 114 123 130 139 154 157 141 129 124 121 119 118 118 117 116 116 116 114 110 106 106 109 113 116 115 112 109 107 108 110 112 114 117 117 116 114 112 111 112 117 120 119 118 117 116 116 115 115 115 115 116 116 116 117 118 119 121 123 125 129 134 139 139 131 121 113 106 102 103 105 105 104 97 90 87 91
106 106 103 98 98 100 99 97 95 98 106 117 123 118 112 106 101 99 101 109 122 132 140 149 161 160 141 129 124 121 118 117 117 117 116 115 116 116 113 108 105 107 110 113 114 113 109 107 106 109 112 115 119 121 120 116 111 109 112 119 124 123 120 118 117 116 116 115 115 115 116 116 116 117 118 119 120 121 123 126 129 133 135 130 123 118 113 108 107 106 102 95 90 87 86 87
103 103 100 98 101 106 107 107 106 105 108 116 124 121 119 116 111 104 100 111 128 141 151 157 166 159 138 128 123 119 117 116 116 116 116 115 116 117 117 114 108 106 107 110 112 112 110 107 105 107 111 115 118 122 124 120 116 116 117 121 127 126 121 118 117 116 116 116 115 115 115 116 116 116 117 118 119 120 121 123 126 129 131 130 126 123 119 113 109 105 96 88 88 87 86 86
103 104 108 110 112 116 124 131 131 120 113 116 122 123 122 120 119 116 114 121 131 152 160 161 167 151 133 124 120 117 116 115 115 116 117 116 115 116 117 117 112 106 104 107 110 111 109 106 103 104 108 113 118 122 127 127 122 120 118 118 123 125 122 119 117 116 116 116 115 115 115 116 116 116 117 117 118 119 120 121 123 124 127 127 125 121 118 113 107 98 86 85 88 88 87 90
105 108 114 117 119 123 132 143 150 135 123 126 134 138 140 134 132 130 126 125 130 152 158 158 158 139 126 121 118 116 114 112 113 116 117 116 115 115 116 117 116 109 103 104 107 108 108 105 103 103 105 112 120 123 126 127 121 116 113 111 115 121 121 118 117 116 116 116 115 115 115 115 116 116 116 116 117 118 118 119 120 121 122 122 120 117 113 108 101 91 85 87 90 89 89 91
