windninja/windninja_output/Output_2025-10-23_0400-0450_Google earth_Fire_150m_10min/merlingen_7.5mi_point_10-23-2025_0440_150m_ang.asc
ncols	158
nrows	163
xllcorner	391686.332397
yllcorner	5160024.123721
cellsize	150.000000
NODATA_value	-32768.000000
[rows 48 to 95 of 163, columns 0 to 95 of 158]
113 113 113 112 110 109 111 113 113 112 111 110 110 109 109 108 108 107 107 107 106 107 107 106 106 107 107 107 108 108 108 109 110 111 114 116 115 114 114 113 110 106 100 95 97 101 102 99 93 85 78 72 73 77 79 85 93 100 105 108 109 104 99 98 97 95 91 88 85 85 84 83 80 73 64 57 57 68 80 85 86 86 87 85 84 84 84 84 86 88 87 86 86 84 81 78
113 113 113 112 109 108 110 113 114 113 112 111 111 110 109 109 108 108 107 107 107 107 107 107 107 107 107 107 107 108 108 109 110 111 113 116 115 114 114 114 111 107 104 104 104 103 99 95 88 80 71 72 78 83 87 94 100 105 106 105 104 99 94 94 95 94 91 88 85 84 83 81 77 70 63 61 64 71 78 82 85 86 87 87 87 86 86 87 90 88 84 80 79 79 79 74
112 113 114 112 110 109 110 112 115 115 113 112 111 111 110 109 109 109 108 108 108 108 108 107 107 107 107 107 107 108 108 109 109 110 112 114 116 115 114 113 111 109 109 110 108 103 97 91 83 74 71 79 86 90 95 100 104 105 102 98 95 92 91 93 95 94 91 88 85 83 82 79 74 69 66 67 70 72 76 80 84 86 86 87 88 90 91 91 89 85 80 76 74 73 73 72
111 113 116 114 112 111 110 110 114 116 115 113 112 112 111 110 109 109 109 108 108 108 108 108 107 107 107 107 107 108 108 108 109 110 111 113 114 114 114 113 112 110 111 113 109 103 96 86 78 76 82 90 94 96 101 104 104 99 93 90 88 89 91 94 95 93 90 86 84 82 80 77 73 70 71 74 75 75 77 80 82 83 85 88 91 92 93 91 87 83 78 73 70 69 71 74
110 113 118 116 113 112 111 109 111 116 117 114 113 112 111 110 110 109 109 109 109 108 108 108 108 107 107 107 107 108 108 108 109 109 110 111 112 114 114 114 113 111 112 114 110 102 94 85 81 87 96 98 98 100 104 104 100 93 87 84 86 90 93 94 94 93 89 85 82 80 79 76 74 73 75 77 78 79 82 82 80 79 83 88 92 94 93 90 86 82 76 72 69 68 73 84
109 112 120 119 114 114 113 109 109 113 116 115 113 112 111 111 110 110 109 109 108 108 108 108 108 107 107 107 107 108 108 108 108 109 109 110 111 112 114 115 115 112 112 114 111 103 96 93 95 98 100 100 99 101 103 101 97 89 83 83 87 92 94 94 93 92 87 82 80 80 79 77 74 74 76 78 79 82 86 86 81 80 82 84 88 92 94 91 86 80 76 74 71 71 81 103
109 111 118 122 116 115 115 110 106 108 114 115 114 113 112 111 111 110 110 109 109 109 109 108 108 108 108 108 108 108 108 108 108 109 109 110 110 111 113 115 116 113 111 111 110 106 102 104 106 103 100 99 100 100 99 98 93 86 84 86 90 93 95 94 92 90 86 80 79 79 78 74 72 75 78 79 79 83 88 89 86 85 83 82 82 85 90 91 85 79 77 77 78 79 91 107
110 109 112 118 115 112 113 110 105 105 110 114 115 114 113 112 111 111 110 110 109 109 109 109 108 108 108 108 108 108 108 108 108 108 109 109 110 110 111 113 114 112 109 108 110 111 111 112 111 106 102 100 101 100 98 95 89 85 87 90 94 96 95 93 90 88 83 80 79 77 72 69 73 78 80 80 81 85 89 90 91 89 86 82 79 79 79 81 82 80 81 83 87 92 97 105
111 110 108 111 112 111 112 113 107 104 107 112 114 114 114 112 111 111 111 110 109 109 109 109 109 108 108 108 108 108 108 108 108 108 108 109 109 109 110 111 111 111 110 110 112 115 117 117 113 110 106 102 101 100 97 92 86 87 92 95 98 98 94 89 86 83 81 80 79 74 68 71 77 80 81 81 83 88 90 91 92 90 87 83 81 77 73 70 72 77 84 92 102 109 104 102
111 110 109 109 110 110 112 115 113 108 108 110 111 113 115 114 112 112 111 111 110 109 109 109 109 109 108 108 108 108 108 108 108 108 108 108 109 109 109 110 110 110 111 112 113 115 117 118 116 115 111 104 101 100 96 90 89 92 97 100 99 97 92 86 81 78 78 77 74 70 72 78 81 81 82 84 87 90 91 90 89 87 85 83 80 77 73 69 70 76 89 105 117 117 108 98
110 110 110 109 109 109 110 114 116 113 111 110 107 108 112 115 114 112 112 111 111 110 109 109 109 109 109 108 108 108 108 108 108 108 108 108 108 108 109 109 109 110 110 111 112 113 115 117 118 119 117 108 103 101 96 91 93 97 100 100 98 95 90 84 79 75 74 72 68 72 79 82 82 84 85 87 90 91 90 87 84 82 82 80 78 76 74 75 78 89 102 111 117 115 105 86
110 110 109 109 109 108 109 111 114 114 112 111 107 105 109 113 115 114 113 112 111 110 110 110 109 109 109 109 108 108 108 108 108 108 108 108 108 108 108 108 109 109 110 110 111 112 113 116 119 122 124 116 107 102 96 92 95 100 101 100 97 93 88 83 78 74 72 67 67 76 82 84 85 87 88 90 92 91 87 83 80 79 78 76 74 74 76 82 93 105 110 109 109 107 93 73
109 109 109 108 108 108 108 109 110 112 113 115 112 108 107 109 113 114 114 113 112 112 111 110 110 109 109 109 108 108 108 108 108 108 108 108 108 108 108 108 108 109 109 110 110 111 112 114 118 123 128 123 111 103 97 93 97 101 102 100 97 93 88 83 78 74 71 64 70 81 84 86 89 90 91 91 91 88 83 80 79 78 76 74 73 75 81 92 104 110 110 105 102 93 78 64
110 109 108 108 107 107 108 108 109 111 114 118 118 112 107 106 109 112 114 115 114 112 111 110 110 109 109 109 109 109 108 108 108 108 108 108 108 107 108 108 108 108 109 109 110 111 112 113 116 121 127 124 114 105 98 96 99 101 100 98 96 93 89 85 80 76 69 63 77 85 87 89 92 92 93 92 89 83 80 78 77 77 76 75 76 81 91 102 109 110 108 101 91 76 66 58
110 110 108 108 108 108 108 109 109 111 113 118 119 116 111 106 106 108 112 114 114 113 112 111 110 109 109 109 109 109 108 108 108 108 108 108 107 107 107 107 108 108 108 109 109 110 111 113 115 118 123 124 116 109 102 100 101 100 99 98 96 94 92 87 82 76 67 67 83 89 90 91 93 94 93 91 86 81 79 77 77 76 75 77 82 90 101 110 110 107 102 91 76 65 59 54
111 110 109 108 109 110 109 109 109 109 111 115 118 118 115 110 106 106 108 111 114 114 113 112 111 110 109 110 109 109 109 108 108 108 108 108 107 107 107 107 107 108 108 108 109 109 110 112 113 115 120 123 118 112 110 105 101 100 100 99 98 96 92 86 82 77 72 80 89 91 91 93 94 95 93 88 84 82 79 76 75 74 76 82 89 98 107 112 109 101 88 77 67 59 54 50
111 110 109 109 109 110 109 108 108 108 109 113 118 119 118 115 111 107 105 108 111 113 113 113 112 110 109 109 109 109 109 109 108 108 108 108 108 107 107 107 107 107 108 108 108 109 110 111 112 113 117 120 118 115 115 111 103 100 101 102 100 95 85 81 83 83 86 93 94 93 93 93 94 94 92 88 86 83 78 74 73 75 80 87 96 104 108 108 102 89 76 68 60 55 51 46
112 110 109 109 110 110 109 107 106 107 108 111 117 120 118 117 114 110 106 105 107 110 111 113 113 111 110 109 110 110 109 109 109 108 108 108 108 107 107 107 107 107 107 108 108 108 109 110 111 112 114 116 117 115 117 117 107 101 100 100 98 88 81 83 88 92 96 99 97 95 95 94 94 93 92 91 88 84 77 73 75 80 88 96 102 105 105 100 90 75 66 59 53 51 48 44
111 109 106 108 109 110 111 109 107 108 110 111 114 119 119 117 115 113 109 106 105 107 108 110 113 113 111 110 110 109 110 109 109 108 108 108 108 107 107 107 107 107 107 107 108 108 108 109 110 111 112 113 114 114 116 118 113 104 98 95 91 88 90 92 93 94 96 98 98 97 97 96 94 92 93 93 90 83 76 75 82 91 100 105 104 101 98 90 74 64 57 51 48 45 45 46
114 108 105 105 106 110 114 111 107 107 110 112 113 116 119 117 115 115 114 110 107 106 106 107 110 111 110 110 109 109 109 109 109 109 108 108 108 108 107 107 107 107 107 107 107 107 108 108 109 109 110 111 112 112 114 115 114 108 99 94 93 100 102 99 95 94 93 95 97 99 99 97 95 93 93 92 90 84 80 85 93 100 104 105 101 95 87 74 64 57 50 45 43 42 44 49
122 114 109 108 108 112 117 113 106 106 109 112 113 114 117 117 116 115 115 113 109 108 106 106 107 107 106 107 109 110 110 110 110 109 109 108 108 108 108 107 107 107 107 107 107 107 107 108 108 108 109 109 110 110 111 112 111 108 104 98 100 107 108 104 99 95 92 93 97 99 99 97 95 94 93 92 91 89 90 96 100 102 99 96 96 90 78 64 58 51 45 40 40 42 45 51
121 118 114 113 110 109 115 117 109 108 112 115 115 115 116 117 116 115 115 114 111 110 108 106 105 102 100 104 108 110 111 111 110 110 109 109 108 108 108 107 107 107 107 107 107 107 107 107 107 107 108 108 108 109 109 109 108 108 106 103 104 109 110 107 103 98 96 96 97 97 96 96 96 95 95 94 94 96 100 101 101 99 91 90 96 89 73 60 53 46 40 37 40 44 49 53
115 115 115 112 108 104 107 115 112 109 111 114 113 113 114 114 113 112 111 113 112 111 109 107 106 101 98 101 106 109 110 112 112 111 110 109 109 108 108 108 107 107 107 107 106 106 107 107 107 107 107 107 107 107 107 107 107 106 106 105 106 108 109 107 105 104 103 101 99 97 96 97 97 96 95 94 96 101 105 104 99 93 89 93 96 88 68 56 48 41 37 37 41 45 51 56
111 113 114 112 108 103 105 112 111 105 102 104 104 105 107 109 109 108 108 110 111 110 109 108 109 108 102 100 102 106 108 110 112 112 111 110 109 109 108 108 107 107 107 107 106 106 106 106 106 106 106 106 106 106 106 106 106 105 105 105 106 106 106 107 107 108 107 105 104 103 103 101 97 95 94 95 97 101 104 101 95 91 94 99 94 79 60 50 42 39 38 41 45 47 52 63
109 111 113 113 110 107 109 112 110 103 97 98 100 102 103 105 107 107 106 107 108 109 109 109 113 115 108 101 99 102 105 107 109 112 112 111 110 109 109 108 108 107 107 107 106 106 106 106 106 106 106 106 106 106 105 105 105 105 105 105 105 105 105 106 107 107 108 108 108 109 110 106 98 94 96 97 98 100 101 98 96 98 102 101 90 67 50 44 42 42 43 47 51 55 65 93
108 110 113 113 112 111 111 112 110 104 100 101 103 104 105 106 107 108 107 108 108 109 109 110 114 116 111 104 99 99 102 104 105 109 112 112 111 110 109 108 108 107 107 107 106 106 106 106 105 105 105 105 105 105 105 105 105 104 104 104 104 104 104 105 105 106 106 107 109 111 112 109 103 101 102 103 102 101 101 100 101 106 106 98 80 57 44 41 45 47 48 53 58 71 100 110
107 109 112 114 113 111 111 110 108 107 106 105 106 107 108 109 109 109 109 110 109 108 108 108 111 115 112 106 101 99 100 102 103 106 110 112 111 110 110 109 108 107 107 106 106 106 106 105 105 105 105 105 105 105 104 104 104 104 104 104 104 104 104 104 105 105 105 106 108 109 110 110 110 111 111 110 109 106 105 108 110 110 103 89 66 48 41 43 50 52 56 59 68 98 108 108
104 106 109 113 113 111 111 111 109 109 109 108 108 109 110 111 111 111 110 111 110 109 107 107 110 113 112 108 104 100 100 101 102 103 106 109 110 110 110 110 109 108 107 106 106 106 105 105 105 105 105 105 105 104 104 104 104 104 104 103 103 104 104 104 104 104 105 106 107 108 109 110 112 115 118 116 114 112 113 115 114 107 95 76 54 41 42 48 53 58 68 76 96 104 104 101
102 102 105 110 112 112 112 112 111 111 111 111 111 111 111 113 113 112 111 111 110 110 109 108 109 111 111 109 107 103 100 99 99 99 101 105 108 110 110 110 109 108 107 106 106 106 105 105 105 105 105 104 104 104 104 104 104 104 103 103 103 103 103 103 104 104 105 105 106 107 108 109 111 115 120 120 119 120 121 117 110 100 83 63 48 46 51 54 58 69 84 107 114 106 99 93
103 100 97 102 109 112 113 113 113 115 115 115 114 114 113 114 114 113 112 112 111 111 110 110 109 108 109 110 109 106 100 97 97 98 100 104 107 109 110 110 110 108 107 106 106 105 105 105 105 105 105 104 104 104 104 104 104 103 103 103 103 103 103 103 103 104 104 105 105 106 107 109 111 114 118 121 123 127 125 114 104 91 73 58 54 61 65 66 72 88 107 119 115 105 96 90
103 95 84 90 103 111 114 116 118 121 122 120 118 116 115 115 116 115 114 113 112 111 111 111 110 108 107 109 110 109 104 99 98 99 100 102 105 106 108 110 111 109 107 106 105 105 105 105 104 104 105 105 104 104 104 104 104 103 103 103 103 103 103 103 103 103 104 104 105 106 107 108 110 112 115 119 124 130 127 113 99 82 66 61 62 67 71 80 97 106 111 113 110 101 93 89
102 87 73 84 96 109 118 122 124 128 129 125 121 118 117 117 117 117 115 114 112 112 111 111 113 111 107 108 109 111 109 104 100 99 100 101 103 103 104 107 110 109 107 106 105 105 104 104 104 105 105 105 105 104 104 104 103 103 103 103 103 103 103 103 103 103 103 104 104 105 106 107 109 111 113 117 122 129 128 114 97 79 70 70 69 70 80 99 107 108 107 105 102 98 93 90
115 100 91 93 102 118 131 134 132 135 135 130 124 120 119 118 118 117 116 115 113 112 111 112 116 114 109 107 108 110 111 108 104 101 99 100 101 101 102 103 107 108 107 105 105 104 103 103 104 105 106 106 105 105 105 104 104 103 103 103 103 103 103 103 103 103 103 104 104 105 106 107 108 110 112 115 119 126 126 117 103 90 85 80 75 81 99 109 109 106 102 100 98 95 93 92
178 112 102 107 114 123 140 146 143 142 141 134 126 121 119 118 117 116 116 116 114 113 112 113 116 115 111 108 107 110 112 111 108 104 100 97 98 100 100 100 103 105 104 103 103 102 102 101 102 105 107 108 107 106 105 104 104 103 103 103 103 102 102 102 102 103 103 103 104 104 105 106 108 109 111 113 117 122 125 123 118 106 96 89 87 100 111 112 108 103 100 97 94 92 92 92
141 113 113 119 121 124 134 144 146 145 144 136 126 121 118 117 116 116 116 116 115 114 113 114 117 115 112 110 109 109 110 110 109 106 101 97 96 98 99 100 100 101 102 101 102 102 103 103 103 105 108 110 109 107 106 104 104 103 103 103 103 103 102 102 102 103 103 103 103 104 105 106 107 108 110 112 115 120 124 128 132 123 105 100 109 114 112 110 107 103 99 95 92 90 91 91
113 121 125 123 120 113 116 126 132 134 135 130 124 119 116 115 114 114 115 116 116 115 113 114 118 117 114 112 111 109 108 108 107 105 103 100 97 97 98 99 99 101 103 104 104 105 106 107 106 106 107 108 110 109 107 105 104 103 103 103 103 102 102 102 102 102 102 103 103 104 104 105 107 108 110 112 114 118 124 131 140 141 124 117 119 116 111 107 105 102 98 94 91 89 89 89
103 110 118 112 103 100 100 101 103 111 120 122 120 114 112 112 113 113 113 115 116 116 115 115 119 120 116 112 111 109 108 107 106 103 102 101 100 99 99 99 100 102 104 105 105 105 105 106 106 105 104 104 106 107 106 104 103 103 103 103 103 103 102 102 102 102 102 103 103 103 104 105 106 107 109 111 114 117 123 132 147 154 146 131 118 114 109 104 103 101 98 95 91 88 87 88
92 93 94 91 87 83 76 75 86 101 113 117 116 112 110 110 111 110 111 113 114 115 116 117 119 121 117 112 111 110 108 106 105 103 100 100 100 99 100 101 103 104 103 103 103 103 103 104 104 104 103 101 100 102 104 104 103 103 103 103 103 103 102 102 102 102 102 102 103 103 104 105 106 107 109 110 113 117 122 132 148 158 156 136 117 111 107 103 101 100 98 96 93 90 89 89
89 87 83 83 79 72 64 69 86 100 109 112 111 110 107 106 107 106 107 109 110 112 113 115 120 123 119 114 112 111 109 107 107 107 103 101 99 97 98 101 104 105 104 103 102 101 101 101 102 104 104 102 100 100 102 103 103 103 103 103 103 103 103 102 102 102 102 102 102 103 103 104 105 107 108 110 112 116 121 131 147 157 155 135 116 108 105 102 100 98 97 96 96 96 94 91
88 85 79 78 74 70 68 78 89 97 103 105 107 108 105 103 101 100 101 104 107 108 109 116 126 131 125 118 113 111 110 108 108 110 108 104 100 97 96 97 101 105 106 103 101 99 99 100 100 101 102 103 102 101 101 102 103 103 104 104 104 103 103 103 102 102 102 102 102 102 103 104 105 106 107 109 112 115 120 129 142 152 150 134 115 106 103 101 98 96 97 99 101 101 98 92
89 87 83 83 79 76 77 82 87 89 95 103 106 107 104 100 96 95 97 101 106 109 115 125 137 142 129 118 113 110 109 108 108 108 108 106 104 100 96 95 96 100 104 104 101 99 98 98 98 99 100 102 103 102 101 101 102 103 105 105 105 104 103 103 102 102 102 102 102 102 103 103 104 105 107 109 111 114 119 126 135 145 145 133 118 107 101 98 98 98 100 103 101 96 93 93
95 95 93 89 84 82 81 80 79 81 91 104 108 106 102 95 91 92 96 102 109 118 125 133 147 148 129 117 113 110 108 108 107 107 107 107 107 104 99 95 94 96 100 103 102 100 97 96 97 98 99 101 104 104 103 101 100 100 103 107 108 106 104 103 102 102 102 102 102 102 102 103 104 105 106 108 110 113 117 122 129 137 139 132 121 112 104 99 100 102 102 101 94 88 87 91
97 96 91 85 84 84 82 78 75 80 91 102 106 103 98 93 91 91 95 104 117 127 133 138 149 146 126 116 112 109 107 107 106 106 105 105 106 107 103 97 94 95 97 100 102 101 98 95 95 97 99 101 104 105 104 99 96 96 101 109 112 108 105 103 102 102 101 101 102 102 102 103 103 104 106 107 109 111 114 118 123 130 134 130 123 118 112 106 105 104 100 93 89 87 87 89
93 90 83 79 82 86 85 81 78 83 90 95 98 98 98 98 96 93 92 105 123 135 139 135 142 136 120 113 110 108 106 106 105 106 106 104 104 106 106 101 95 93 95 98 101 101 99 96 94 95 99 102 104 106 105 100 97 99 101 105 110 109 105 103 102 101 101 101 101 101 102 102 103 104 105 106 108 110 112 115 119 124 128 129 125 122 117 112 107 103 95 87 89 89 88 89
92 89 84 83 84 87 92 93 86 82 85 87 87 91 96 99 102 101 102 111 121 140 136 118 122 119 113 110 108 106 105 105 105 106 106 105 104 104 106 105 99 92 92 95 99 100 99 96 94 95 98 102 106 108 109 107 104 102 99 97 101 105 104 102 101 101 101 101 101 101 101 102 102 103 104 105 106 108 110 112 115 119 123 125 123 120 116 111 105 97 87 87 91 90 90 93
94 93 92 90 89 92 96 100 93 82 81 82 83 89 95 100 107 111 111 110 108 99 76 74 90 106 108 107 106 105 104 104 105 107 107 105 103 103 104 105 103 95 90 91 95 97 98 96 95 94 96 103 108 109 111 113 107 102 97 93 95 100 102 101 101 101 101 101 101 101 101 101 102 102 103 104 105 107 108 110 112 114 117 119 118 115 112 108 100 91 87 89 92 92 92 94
95 95 94 94 95 96 96 98 103 93 85 82 82 86 91 97 102 106 103 91 70 42 31 43 70 97 103 105 104 102 101 102 105 108 108 106 104 103 103 104 104 100 91 88 89 92 95 96 96 95 97 103 110 108 108 110 107 102 98 95 95 97 100 100 101 100 100 100 100 100 101 101 101 102 102 103 104 105 106 108 109 110 112 113 113 111 109 104 98 93 91 92 92 92 92 93
93 91 91 94 94 91 88 93 109 104 94 85 80 79 85 90 91 91 87 70 50 40 36 48 73 95 102 103 102 100 100 103 106 108 109 106 105 104 103 103 105 105 98 90 86 88 91 94 96 98 99 100 102 104 104 106 106 103 101 98 96 98 99 100 100 100 100 100 100 100 100 100 101 101 101 102 103 104 105 106 106 107 108 108 108 108 106 102 98 96 94 93 93 92 92 92
