windninja/windninja_output/Output_2025-10-23_0400-0450_Google earth_Fire_150m_10min/merlingen_7.5mi_point_10-23-2025_0450_150m_vel.asc
ncols	158
nrows	163
xllcorner	391686.332397
yllcorner	5160024.123721
cellsize	150.000000
NODATA_value	-32768.000000
[rows 114 to 151 of 163, columns 0 to 83 of 158]
1.75 1.47 1.19 1.25 1.44 1.55 1.62 1.68 1.60 1.66 2.20 3.08 3.22 2.76 3.01 3.54 2.98 2.47 2.59 2.62 2.80 3.21 3.12 2.55 2.99 3.80 3.98 3.83 3.88 3.99 3.99 4.61 5.64 6.75 6.97 5.59 4.19 3.51 2.95 2.54 2.38 3.11 4.16 4.40 3.69 3.15 3.17 3.20 3.11 3.06 3.00 2.90 2.89 2.93 3.00 2.99 2.90 2.87 2.93 2.95 2.80 2.60 2.65 2.86 2.77 2.65 2.64 2.63 2.65 2.58 2.54 2.70 2.88 2.83 2.85 3.02 3.08 3.04 2.90 2.90 3.22 3.19 2.70 2.41
1.91 1.62 1.36 1.41 1.51 1.55 1.60 1.54 1.49 1.88 2.78 3.45 3.09 2.49 2.97 3.95 3.65 2.89 2.62 2.50 2.73 3.06 3.26 3.57 3.96 4.13 3.91 3.68 4.10 4.09 3.66 4.16 5.54 6.65 6.49 5.35 4.26 3.53 2.88 2.44 2.75 3.82 4.45 4.25 3.73 3.48 3.38 3.15 3.02 3.03 2.99 2.93 2.86 2.82 2.89 2.89 2.81 2.78 2.83 2.91 2.78 2.58 2.64 2.84 2.81 2.63 2.60 2.63 2.63 2.54 2.47 2.54 2.67 2.73 2.75 2.92 3.05 3.04 2.85 2.78 3.15 3.22 2.73 2.33
2.10 1.78 1.50 1.42 1.46 1.49 1.47 1.46 1.71 2.45 3.46 3.58 2.78 2.27 3.15 4.43 3.88 2.77 2.59 2.78 3.18 3.58 3.97 4.29 4.28 4.12 3.69 3.50 4.23 4.35 3.96 4.18 5.00 6.10 6.32 5.42 4.45 3.45 2.94 2.98 3.50 4.27 4.24 3.86 3.67 3.36 2.93 2.71 2.85 3.00 3.02 2.97 2.84 2.75 2.73 2.72 2.73 2.72 2.76 2.85 2.72 2.55 2.62 2.82 2.83 2.60 2.54 2.59 2.59 2.51 2.43 2.42 2.53 2.70 2.73 2.82 2.94 2.98 2.81 2.68 3.03 3.25 2.72 2.16
2.17 1.84 1.46 1.31 1.37 1.43 1.49 1.70 2.31 3.07 3.67 3.33 2.50 2.33 3.44 4.46 3.62 2.64 2.95 3.61 4.04 4.38 4.57 4.59 4.48 4.40 3.98 3.70 4.56 4.43 3.92 4.00 4.54 5.83 6.40 5.65 4.50 3.40 3.20 3.77 4.22 4.21 3.78 3.58 3.46 2.99 2.74 2.86 3.07 3.20 3.21 3.04 2.85 2.71 2.61 2.66 2.74 2.71 2.70 2.76 2.71 2.61 2.69 2.87 2.82 2.56 2.50 2.56 2.54 2.48 2.43 2.42 2.47 2.60 2.73 2.82 2.79 2.81 2.77 2.69 3.02 3.27 2.66 1.98
2.23 1.89 1.44 1.32 1.43 1.55 1.71 2.10 2.77 3.26 3.47 3.05 2.47 2.58 3.39 4.12 3.72 2.95 3.35 3.89 4.14 4.33 4.40 4.48 4.65 4.70 4.72 4.95 5.03 4.61 4.25 4.53 5.43 6.79 6.52 5.38 4.61 3.72 3.83 4.40 4.26 3.81 3.45 3.29 3.16 3.01 3.01 3.21 3.33 3.32 3.18 2.92 2.74 2.61 2.53 2.60 2.68 2.66 2.65 2.72 2.73 2.68 2.79 2.92 2.80 2.61 2.54 2.51 2.45 2.45 2.46 2.42 2.40 2.48 2.69 2.78 2.63 2.61 2.73 2.82 3.08 3.13 2.52 1.90
2.39 2.05 1.55 1.39 1.54 1.67 1.89 2.32 2.87 3.11 3.18 3.01 2.62 2.75 3.09 3.70 4.08 3.48 3.29 3.49 3.65 3.81 4.01 4.30 4.57 4.68 4.77 4.94 4.95 5.10 5.79 6.48 7.00 6.99 5.60 4.34 3.98 4.13 4.47 4.53 4.01 3.53 3.29 3.28 3.37 3.29 3.11 3.14 3.17 3.03 2.83 2.63 2.53 2.46 2.41 2.47 2.57 2.61 2.62 2.69 2.76 2.74 2.81 2.86 2.67 2.52 2.45 2.35 2.33 2.41 2.44 2.38 2.36 2.44 2.59 2.62 2.50 2.50 2.68 2.86 2.97 2.88 2.41 2.02
2.51 2.20 1.69 1.50 1.55 1.60 1.85 2.34 2.87 2.92 2.89 3.17 2.92 2.82 2.88 3.46 4.18 3.84 3.23 3.17 3.28 3.45 3.77 4.13 4.39 4.47 4.41 4.34 4.78 5.58 6.12 6.24 6.00 5.32 4.28 3.63 3.38 3.70 3.90 3.67 3.53 3.46 3.51 3.63 3.60 3.37 3.23 3.26 3.12 2.83 2.65 2.50 2.42 2.37 2.31 2.32 2.46 2.59 2.61 2.69 2.79 2.70 2.58 2.41 2.02 1.96 2.04 2.02 2.16 2.38 2.41 2.34 2.36 2.42 2.46 2.42 2.39 2.43 2.57 2.73 2.78 2.76 2.44 2.20
2.57 2.31 1.96 1.96 1.93 1.81 2.00 2.47 2.90 2.77 2.71 3.41 3.23 2.93 3.00 3.39 4.03 3.89 3.17 2.88 2.87 3.09 3.44 3.82 4.21 4.32 4.22 4.30 5.11 5.89 5.67 5.04 4.63 4.16 3.77 3.40 3.00 2.90 2.60 2.54 2.75 2.96 3.15 3.14 3.00 2.98 3.09 3.11 2.88 2.67 2.50 2.40 2.38 2.34 2.26 2.27 2.47 2.59 2.57 2.63 2.59 2.22 1.88 1.63 1.38 1.60 1.91 1.92 2.08 2.34 2.36 2.28 2.33 2.38 2.35 2.28 2.27 2.33 2.46 2.61 2.69 2.74 2.56 2.43
2.57 2.36 2.22 2.30 2.32 2.35 2.48 2.67 2.87 2.62 2.62 3.62 3.51 2.94 2.90 3.12 3.67 3.61 2.70 2.32 2.45 2.83 3.13 3.47 4.03 4.10 4.04 4.45 5.55 6.07 5.30 4.70 4.33 3.67 3.45 3.17 2.67 2.48 2.16 2.05 2.10 2.18 2.34 2.30 2.28 2.40 2.46 2.34 2.30 2.29 2.25 2.28 2.26 2.18 2.18 2.29 2.46 2.51 2.41 2.31 1.96 1.47 1.25 1.25 1.35 1.79 2.18 2.18 2.19 2.25 2.23 2.22 2.32 2.36 2.30 2.20 2.15 2.23 2.41 2.53 2.65 2.81 2.78 2.75
2.36 2.17 2.05 2.05 2.06 2.21 2.41 2.57 2.73 2.55 2.69 3.81 3.55 2.56 2.41 2.74 3.18 3.14 2.40 2.07 2.29 2.64 2.89 3.28 3.81 3.90 3.88 4.60 6.17 6.27 4.87 4.25 3.90 3.26 3.16 3.00 2.47 2.29 2.13 1.89 1.84 1.91 1.98 2.03 2.11 2.19 2.14 2.00 2.00 2.05 2.15 2.23 2.12 2.03 2.05 2.06 2.06 2.05 1.89 1.68 1.30 1.10 1.26 1.49 1.72 2.14 2.39 2.36 2.28 2.14 2.10 2.22 2.31 2.30 2.23 2.16 2.13 2.24 2.43 2.51 2.65 2.95 3.06 2.88
2.22 2.04 1.88 1.83 1.86 2.04 2.21 2.33 2.57 2.60 2.91 3.58 2.92 2.01 2.06 2.44 2.69 2.67 2.40 2.26 2.44 2.64 2.84 3.23 3.59 3.69 3.97 5.46 7.28 6.23 4.10 3.63 3.52 3.08 2.93 2.81 2.33 2.15 2.06 1.78 1.76 1.80 1.80 1.92 2.09 2.17 2.16 2.06 2.01 2.10 2.24 2.21 2.04 1.98 1.95 1.83 1.69 1.60 1.50 1.27 1.16 1.45 1.75 1.89 2.07 2.31 2.35 2.27 2.19 1.97 1.91 2.09 2.21 2.20 2.21 2.19 2.21 2.34 2.52 2.60 2.67 2.98 3.06 2.70
2.14 2.02 1.94 1.96 2.04 2.12 2.17 2.32 2.70 2.82 2.96 3.09 2.37 1.64 1.80 2.15 2.34 2.32 2.33 2.63 3.01 3.17 3.14 3.25 3.72 4.17 5.43 7.72 7.41 4.97 3.19 3.06 3.20 2.84 2.61 2.60 2.27 2.04 1.98 1.76 1.63 1.63 1.68 1.83 2.01 2.13 2.19 2.12 2.06 2.12 2.12 2.05 2.00 1.97 1.93 1.86 1.78 1.72 1.70 1.58 1.68 2.00 2.11 2.10 2.18 2.27 2.20 2.11 2.02 1.86 1.80 1.99 2.18 2.19 2.23 2.24 2.26 2.36 2.49 2.55 2.53 2.80 2.91 2.59
1.92 1.87 1.86 1.94 2.00 2.03 2.14 2.53 2.89 2.88 2.80 2.68 2.16 1.65 1.87 2.16 2.20 2.14 2.33 2.73 3.25 4.01 4.15 4.14 5.52 6.96 7.45 7.29 5.31 3.28 2.70 2.73 2.89 2.57 2.38 2.45 2.20 1.90 1.81 1.63 1.49 1.51 1.62 1.79 1.99 2.19 2.26 2.19 2.12 2.06 1.95 1.87 1.86 1.86 1.82 1.78 1.78 1.83 1.94 2.03 2.14 2.18 2.08 2.00 2.05 2.08 2.02 1.94 1.87 1.80 1.84 2.08 2.26 2.27 2.27 2.29 2.28 2.25 2.34 2.41 2.41 2.66 2.82 2.66
1.88 1.82 1.81 1.88 1.97 2.09 2.33 2.74 2.89 2.79 2.61 2.48 2.36 2.25 2.44 2.42 2.25 2.34 2.68 3.22 4.51 5.85 6.24 6.34 6.55 6.82 5.96 4.21 3.06 2.47 2.37 2.56 2.68 2.42 2.23 2.23 2.04 1.80 1.59 1.47 1.39 1.39 1.57 1.80 2.04 2.23 2.19 2.03 1.93 1.86 1.83 1.79 1.72 1.69 1.69 1.66 1.67 1.79 1.96 2.01 2.00 1.96 1.85 1.83 1.90 1.92 1.87 1.80 1.75 1.72 1.84 2.07 2.24 2.28 2.32 2.37 2.25 2.24 2.42 2.50 2.55 2.75 2.82 2.72
1.92 1.83 1.76 1.82 1.92 2.11 2.45 2.73 2.78 2.66 2.55 2.67 2.90 2.98 2.90 2.62 2.53 2.92 3.85 6.07 7.20 6.68 5.99 5.33 4.83 4.17 3.31 2.56 2.14 1.97 2.11 2.43 2.50 2.22 1.98 1.90 1.85 1.66 1.39 1.33 1.32 1.39 1.60 1.82 2.08 2.20 2.05 1.77 1.64 1.66 1.70 1.69 1.68 1.67 1.66 1.66 1.69 1.79 1.87 1.82 1.77 1.74 1.73 1.77 1.82 1.82 1.76 1.69 1.66 1.65 1.76 1.97 2.15 2.19 2.23 2.32 2.28 2.31 2.52 2.64 2.80 2.94 2.89 2.85
1.85 1.72 1.56 1.58 1.67 1.85 2.18 2.49 2.54 2.49 2.60 2.88 3.03 3.03 3.00 3.09 3.24 4.03 6.18 7.80 6.67 4.61 3.60 3.00 2.85 2.83 2.60 2.13 1.74 1.74 1.97 2.16 2.12 1.89 1.76 1.73 1.66 1.42 1.23 1.25 1.33 1.45 1.62 1.86 2.12 2.21 2.01 1.74 1.68 1.74 1.74 1.66 1.60 1.60 1.61 1.65 1.71 1.75 1.75 1.72 1.71 1.70 1.71 1.73 1.74 1.72 1.66 1.62 1.60 1.60 1.68 1.87 2.06 2.13 2.15 2.31 2.36 2.30 2.43 2.68 2.87 2.95 2.93 2.89
1.87 1.74 1.58 1.57 1.60 1.74 1.98 2.17 2.26 2.33 2.50 2.57 2.48 2.53 2.75 3.30 4.30 5.77 6.95 6.24 3.92 2.85 2.64 2.51 2.53 2.63 2.31 1.81 1.70 1.80 1.85 1.81 1.73 1.66 1.63 1.64 1.54 1.33 1.22 1.28 1.39 1.53 1.75 2.01 2.23 2.22 1.93 1.71 1.73 1.75 1.68 1.58 1.47 1.46 1.51 1.59 1.66 1.69 1.70 1.69 1.66 1.63 1.63 1.64 1.65 1.62 1.59 1.58 1.56 1.55 1.62 1.81 1.98 2.07 2.17 2.40 2.47 2.30 2.43 2.75 2.90 2.95 2.84 2.66
2.00 1.88 1.75 1.71 1.74 1.92 2.05 2.03 2.06 2.12 2.14 2.04 1.99 2.15 2.57 3.30 4.64 5.78 5.36 3.52 2.70 2.54 2.44 2.39 2.47 2.43 1.95 1.71 1.74 1.77 1.73 1.69 1.62 1.55 1.56 1.64 1.71 1.72 1.62 1.56 1.67 1.84 2.03 2.19 2.24 2.03 1.65 1.47 1.55 1.56 1.46 1.39 1.39 1.41 1.46 1.49 1.50 1.52 1.55 1.52 1.45 1.44 1.48 1.54 1.55 1.55 1.56 1.54 1.52 1.51 1.60 1.79 1.88 2.01 2.23 2.49 2.64 2.49 2.50 2.82 3.09 3.01 2.67 2.43
1.96 1.83 1.69 1.70 1.86 2.12 2.24 2.18 2.13 2.05 1.91 1.87 1.93 2.20 2.75 3.42 4.74 5.20 3.81 2.59 2.41 2.36 2.32 2.34 2.37 2.16 1.65 1.44 1.44 1.39 1.41 1.46 1.42 1.45 1.60 1.79 1.97 2.11 2.15 2.17 2.25 2.32 2.32 2.35 2.19 1.70 1.31 1.22 1.30 1.31 1.24 1.26 1.33 1.40 1.43 1.45 1.44 1.42 1.40 1.34 1.32 1.40 1.44 1.45 1.47 1.48 1.50 1.50 1.49 1.50 1.64 1.78 1.81 1.98 2.25 2.55 2.86 2.71 2.56 2.89 3.20 2.96 2.51 2.38
1.92 1.76 1.63 1.75 1.99 2.18 2.20 2.27 2.39 2.37 2.23 2.14 2.11 2.43 2.98 3.94 5.35 5.10 3.73 2.80 2.54 2.42 2.37 2.32 2.16 1.77 1.36 1.18 1.15 1.10 1.12 1.18 1.21 1.40 1.70 1.90 2.01 2.05 2.12 2.30 2.45 2.50 2.51 2.47 2.17 1.62 1.32 1.22 1.13 1.07 1.09 1.17 1.28 1.37 1.43 1.46 1.45 1.44 1.45 1.46 1.52 1.58 1.53 1.47 1.44 1.42 1.43 1.45 1.45 1.54 1.68 1.77 1.83 1.97 2.17 2.58 2.97 2.74 2.54 2.87 3.06 2.75 2.36 2.24
2.04 1.89 1.83 1.94 2.10 2.12 2.13 2.30 2.50 2.63 2.77 2.72 2.72 2.92 3.84 5.54 5.86 4.70 3.42 2.82 2.57 2.35 2.15 1.96 1.69 1.50 1.39 1.31 1.21 1.15 1.13 1.17 1.24 1.43 1.65 1.78 1.84 1.80 1.83 2.05 2.25 2.36 2.41 2.28 1.91 1.66 1.49 1.30 1.10 1.06 1.13 1.20 1.26 1.34 1.39 1.42 1.43 1.45 1.48 1.54 1.59 1.57 1.49 1.45 1.41 1.39 1.37 1.36 1.44 1.60 1.72 1.82 1.89 1.87 2.03 2.52 2.91 2.77 2.53 2.74 2.85 2.52 2.11 1.98
2.02 2.00 2.02 2.10 2.14 2.15 2.21 2.35 2.45 2.57 2.69 2.77 2.91 3.48 5.22 6.08 5.07 3.65 2.75 2.36 2.17 1.91 1.65 1.42 1.26 1.28 1.37 1.44 1.45 1.43 1.37 1.35 1.38 1.44 1.53 1.62 1.61 1.56 1.71 1.96 2.06 2.07 2.02 1.82 1.66 1.61 1.49 1.29 1.19 1.20 1.25 1.28 1.29 1.31 1.33 1.35 1.39 1.43 1.46 1.50 1.51 1.46 1.43 1.42 1.40 1.37 1.31 1.31 1.45 1.64 1.78 1.88 1.89 1.84 1.98 2.39 2.77 2.82 2.58 2.61 2.59 2.25 1.95 1.94
1.84 1.92 1.98 1.97 2.02 2.11 2.21 2.24 2.20 2.19 2.17 2.25 2.50 3.54 5.32 5.02 3.57 2.90 2.33 1.91 1.59 1.34 1.21 1.14 1.12 1.14 1.23 1.38 1.54 1.63 1.58 1.48 1.43 1.40 1.46 1.56 1.52 1.48 1.65 1.83 1.79 1.74 1.65 1.48 1.43 1.39 1.28 1.17 1.15 1.17 1.20 1.24 1.27 1.30 1.32 1.34 1.38 1.46 1.54 1.57 1.54 1.50 1.48 1.45 1.39 1.31 1.24 1.26 1.43 1.62 1.72 1.77 1.86 1.96 2.07 2.29 2.61 2.74 2.62 2.53 2.42 2.16 2.06 2.21
1.65 1.71 1.77 1.74 1.74 1.83 1.90 1.90 1.88 1.89 1.91 2.09 2.42 3.75 5.06 4.21 3.11 2.53 1.92 1.48 1.15 0.97 0.94 0.98 1.00 1.04 1.14 1.30 1.47 1.57 1.46 1.28 1.24 1.30 1.42 1.50 1.48 1.48 1.62 1.72 1.65 1.50 1.31 1.20 1.16 1.11 1.09 1.06 1.06 1.09 1.13 1.18 1.24 1.27 1.30 1.34 1.42 1.54 1.60 1.61 1.58 1.53 1.48 1.41 1.32 1.21 1.13 1.14 1.28 1.47 1.56 1.63 1.78 1.90 1.93 2.12 2.47 2.61 2.57 2.61 2.52 2.26 2.30 2.56
1.60 1.54 1.52 1.56 1.56 1.54 1.48 1.50 1.66 1.90 2.13 2.42 3.06 4.81 5.23 3.96 2.96 2.17 1.44 1.09 0.89 0.78 0.75 0.79 0.81 0.89 1.02 1.19 1.29 1.38 1.45 1.34 1.24 1.29 1.34 1.36 1.34 1.45 1.69 1.74 1.53 1.19 1.00 0.98 1.02 1.05 1.07 1.06 1.07 1.10 1.16 1.21 1.25 1.27 1.30 1.38 1.51 1.60 1.60 1.56 1.54 1.51 1.47 1.38 1.24 1.09 0.99 1.00 1.15 1.37 1.55 1.68 1.81 1.88 1.87 1.96 2.29 2.46 2.43 2.64 2.70 2.35 2.63 2.81
1.72 1.55 1.39 1.53 1.67 1.55 1.36 1.42 1.63 1.90 2.33 2.99 4.45 5.68 4.86 3.12 2.29 1.81 1.39 1.00 0.81 0.70 0.66 0.65 0.65 0.75 0.91 1.05 1.08 1.16 1.43 1.63 1.59 1.38 1.26 1.25 1.33 1.58 1.81 1.66 1.22 0.93 0.83 0.84 0.92 1.02 1.08 1.10 1.11 1.14 1.19 1.26 1.32 1.37 1.43 1.53 1.62 1.62 1.58 1.56 1.52 1.49 1.47 1.41 1.27 1.12 1.03 1.09 1.23 1.39 1.62 1.88 1.97 1.97 1.96 1.95 2.09 2.29 2.31 2.62 2.89 2.96 3.33 3.12
1.85 1.68 1.49 1.58 1.68 1.71 1.75 1.79 1.81 2.10 2.66 3.63 5.42 5.30 3.22 1.98 1.60 1.43 1.37 1.35 1.19 0.92 0.69 0.58 0.60 0.70 0.82 0.90 0.92 0.96 1.17 1.48 1.67 1.63 1.52 1.52 1.57 1.70 1.68 1.34 0.93 0.80 0.76 0.76 0.83 0.95 1.05 1.11 1.14 1.17 1.19 1.23 1.32 1.47 1.61 1.68 1.66 1.62 1.58 1.54 1.51 1.51 1.51 1.51 1.54 1.53 1.48 1.48 1.49 1.58 1.80 2.02 2.05 2.03 2.08 1.96 1.89 2.13 2.34 2.70 3.29 3.60 3.38 2.88
1.90 1.78 1.52 1.39 1.36 1.59 2.04 2.28 2.33 2.75 3.32 4.61 5.30 3.60 1.86 1.43 1.19 1.12 1.23 1.48 1.62 1.59 1.31 0.94 0.76 0.69 0.73 0.77 0.81 0.82 0.93 1.16 1.51 1.80 1.86 1.80 1.77 1.70 1.43 1.04 0.80 0.76 0.77 0.80 0.85 0.94 1.05 1.12 1.16 1.18 1.17 1.13 1.16 1.34 1.57 1.68 1.69 1.67 1.64 1.62 1.62 1.64 1.65 1.72 1.92 2.17 2.31 2.30 2.21 2.24 2.24 2.18 2.17 2.32 2.33 1.96 1.70 1.98 2.42 2.93 3.66 3.65 2.78 2.27
1.84 1.76 1.42 1.17 1.22 1.53 1.90 2.26 2.79 3.17 3.70 4.97 4.52 2.03 1.29 1.16 1.02 1.08 1.22 1.37 1.48 1.70 1.85 1.80 1.55 1.17 0.82 0.66 0.67 0.73 0.80 0.94 1.22 1.56 1.77 1.80 1.75 1.61 1.31 1.02 0.91 0.92 0.96 0.98 1.00 1.03 1.09 1.15 1.18 1.17 1.15 1.11 1.06 1.08 1.24 1.45 1.58 1.64 1.69 1.76 1.78 1.78 1.81 1.92 2.13 2.40 2.61 2.74 2.78 2.71 2.55 2.38 2.50 2.74 2.50 2.00 1.75 1.97 2.51 3.26 3.62 3.34 2.88 2.50
1.94 1.84 1.60 1.41 1.42 1.55 1.75 2.11 2.67 2.96 3.59 4.13 2.97 1.53 1.23 1.15 1.12 1.20 1.25 1.13 0.99 1.07 1.40 1.78 1.92 1.84 1.57 1.08 0.72 0.72 0.82 0.92 1.00 1.10 1.38 1.55 1.50 1.27 1.13 1.05 1.05 1.09 1.12 1.14 1.15 1.14 1.14 1.16 1.18 1.17 1.16 1.19 1.21 1.18 1.20 1.25 1.38 1.52 1.61 1.68 1.76 1.81 1.85 1.94 2.02 2.04 2.07 2.20 2.34 2.40 2.38 2.40 2.61 2.66 2.33 2.06 2.02 2.09 2.67 3.36 3.17 3.02 3.30 2.84
2.14 1.93 1.83 1.82 1.65 1.52 1.72 2.08 2.38 2.52 3.06 3.44 2.52 1.73 1.48 1.28 1.19 1.21 1.06 0.74 0.59 0.56 0.66 0.97 1.27 1.50 1.69 1.71 1.46 1.12 0.92 0.90 0.92 0.86 0.95 1.05 1.03 0.97 0.99 1.04 1.08 1.13 1.17 1.19 1.20 1.21 1.20 1.21 1.22 1.23 1.25 1.28 1.33 1.33 1.25 1.16 1.24 1.39 1.46 1.54 1.72 1.86 1.90 1.87 1.79 1.69 1.69 1.71 1.70 1.78 1.99 2.20 2.40 2.36 2.06 2.01 2.06 2.10 2.70 3.12 2.71 3.08 3.49 2.52
2.20 1.86 1.75 1.95 2.02 1.92 1.94 2.11 2.38 2.43 2.66 3.55 3.33 2.51 2.11 1.72 1.48 1.30 0.86 0.49 0.36 0.33 0.32 0.35 0.47 0.65 0.95 1.40 1.65 1.65 1.38 1.04 0.89 0.79 0.69 0.69 0.74 0.79 0.89 1.01 1.10 1.16 1.21 1.23 1.24 1.24 1.24 1.26 1.30 1.34 1.35 1.32 1.27 1.23 1.17 1.14 1.22 1.36 1.54 1.73 1.87 1.97 2.01 1.93 1.77 1.67 1.63 1.51 1.40 1.45 1.63 1.92 2.18 2.15 1.86 1.74 1.82 2.05 2.63 2.83 2.74 3.46 3.29 1.65
2.14 1.75 1.65 1.96 2.35 2.63 2.67 2.58 2.70 2.63 3.10 4.30 3.87 2.95 2.75 2.54 2.33 2.06 1.61 1.17 0.87 0.61 0.37 0.19 0.16 0.21 0.31 0.49 0.84 1.25 1.50 1.39 1.06 0.77 0.60 0.63 0.69 0.76 0.85 0.98 1.11 1.20 1.27 1.31 1.32 1.32 1.33 1.33 1.34 1.35 1.34 1.28 1.20 1.16 1.20 1.27 1.34 1.48 1.71 1.88 1.92 1.93 1.97 2.03 2.09 2.07 1.93 1.70 1.57 1.55 1.55 1.71 1.97 2.00 1.71 1.51 1.61 2.02 2.43 2.69 3.29 3.51 2.37 1.17
2.00 1.63 1.53 1.77 2.19 2.69 2.91 2.98 3.05 3.37 4.55 4.71 3.25 2.42 2.44 2.53 2.47 2.39 2.40 2.37 2.24 1.92 1.43 0.90 0.46 0.24 0.16 0.17 0.24 0.41 0.71 1.10 1.02 0.74 0.66 0.75 0.81 0.88 0.96 1.04 1.13 1.24 1.34 1.43 1.47 1.45 1.43 1.43 1.40 1.36 1.33 1.27 1.16 1.07 1.08 1.16 1.32 1.50 1.62 1.69 1.75 1.77 1.81 1.98 2.22 2.36 2.41 2.45 2.46 2.38 2.26 2.18 2.19 2.10 1.78 1.62 1.89 2.48 2.72 3.09 3.58 2.70 1.35 0.83
1.90 1.52 1.34 1.61 1.94 2.23 2.47 2.79 3.43 4.35 4.79 3.69 2.21 1.77 1.68 1.75 1.90 1.96 2.03 2.23 2.52 2.66 2.62 2.38 1.81 1.08 0.73 0.62 0.53 0.41 0.41 0.70 0.89 0.82 0.82 0.94 1.03 1.06 1.09 1.14 1.22 1.31 1.38 1.47 1.55 1.57 1.54 1.54 1.51 1.45 1.39 1.30 1.16 0.98 0.90 0.99 1.18 1.34 1.47 1.58 1.62 1.66 1.76 1.90 2.02 2.17 2.39 2.61 2.80 2.99 3.13 3.08 2.85 2.49 2.11 2.10 2.78 3.52 3.61 3.63 3.08 1.43 0.82 0.80
2.01 1.91 1.75 1.76 1.97 2.32 2.57 2.88 3.91 4.27 3.51 2.33 1.75 1.51 1.38 1.34 1.45 1.59 1.58 1.55 1.76 2.14 2.50 2.81 2.85 2.48 1.78 1.35 1.11 0.87 0.66 0.70 0.89 0.91 0.92 1.04 1.18 1.24 1.26 1.27 1.33 1.40 1.43 1.46 1.53 1.56 1.54 1.56 1.55 1.50 1.45 1.37 1.21 1.01 0.92 0.96 1.04 1.12 1.26 1.40 1.51 1.63 1.73 1.82 1.91 2.04 2.17 2.25 2.35 2.61 2.86 2.89 2.73 2.48 2.35 2.71 3.56 3.73 3.15 2.75 1.72 0.71 0.65 0.86
2.07 2.30 2.59 2.45 2.60 2.95 2.86 3.08 4.07 3.72 2.37 1.90 1.62 1.35 1.20 1.11 1.09 1.27 1.49 1.49 1.41 1.50 1.73 2.06 2.59 2.90 2.53 1.67 1.23 1.05 0.83 0.78 0.92 0.99 0.99 1.06 1.20 1.33 1.40 1.43 1.44 1.49 1.51 1.51 1.55 1.56 1.48 1.47 1.53 1.53 1.50 1.48 1.35 1.14 0.99 0.97 1.00 1.06 1.12 1.18 1.29 1.53 1.69 1.82 1.96 2.06 2.06 2.01 1.99 2.13 2.33 2.22 2.00 2.03 2.35 3.03 3.47 2.83 1.78 1.30 0.74 0.39 0.49 0.74
1.93 2.01 2.46 2.79 2.95 2.91 2.60 3.01 4.08 3.43 2.05 1.78 1.67 1.42 1.11 0.93 0.84 0.90 1.14 1.35 1.35 1.29 1.28 1.44 1.86 2.50 2.73 2.01 1.24 1.13 1.09 1.02 1.04 1.10 1.11 1.11 1.21 1.34 1.44 1.50 1.53 1.56 1.56 1.56 1.60 1.67 1.58 1.42 1.43 1.51 1.53 1.54 1.50 1.31 1.07 0.98 1.03 1.07 1.14 1.21 1.22 1.37 1.66 1.86 1.98 2.00 1.97 1.97 2.04 2.26 2.42 2.11 1.70 1.79 2.31 2.92 2.81 1.70 1.00 0.68 0.31 0.10 0.24 0.66
