windninja/windninja_output/Output_2025-10-23_0400-0450_Google earth_Fire_150m_10min/merlingen_7.5mi_point_10-23-2025_0440_150m_vel.asc
ncols	158
nrows	163
xllcorner	391686.332397
yllcorner	5160024.123721
cellsize	150.000000
NODATA_value	-32768.000000
[rows 114 to 151 of 163, columns 0 to 83 of 158]
0.30 0.27 0.20 0.14 0.09 0.07 0.07 0.08 0.09 0.11 0.13 0.19 0.22 0.19 0.17 0.16 0.13 0.10 0.08 0.11 0.17 0.26 0.29 0.20 0.10 0.11 0.11 0.12 0.19 0.25 0.28 0.48 0.83 1.26 1.51 1.35 1.18 1.11 1.01 0.89 0.81 0.96 1.24 1.31 1.16 1.01 0.96 0.90 0.80 0.71 0.63 0.59 0.59 0.62 0.64 0.64 0.62 0.62 0.66 0.70 0.70 0.68 0.70 0.74 0.73 0.75 0.83 0.89 0.91 0.87 0.81 0.80 0.82 0.85 0.96 1.11 1.15 1.12 1.12 1.24 1.43 1.42 1.21 1.11
0.33 0.31 0.26 0.20 0.15 0.12 0.08 0.05 0.02 0.01 0.03 0.08 0.12 0.13 0.10 0.13 0.18 0.18 0.11 0.05 0.07 0.15 0.26 0.32 0.31 0.29 0.27 0.29 0.40 0.41 0.40 0.60 1.03 1.52 1.74 1.66 1.49 1.33 1.13 1.00 1.11 1.45 1.63 1.53 1.39 1.33 1.25 1.09 0.95 0.84 0.75 0.68 0.62 0.60 0.61 0.61 0.58 0.56 0.57 0.61 0.63 0.63 0.63 0.67 0.69 0.68 0.73 0.79 0.84 0.85 0.84 0.84 0.86 0.82 0.82 0.97 1.13 1.14 1.07 1.11 1.34 1.43 1.29 1.17
0.36 0.35 0.31 0.25 0.20 0.16 0.11 0.09 0.08 0.10 0.11 0.11 0.09 0.09 0.13 0.28 0.33 0.25 0.18 0.16 0.19 0.29 0.42 0.52 0.54 0.51 0.43 0.43 0.63 0.71 0.69 0.81 1.15 1.69 2.06 2.03 1.87 1.57 1.38 1.40 1.61 1.88 1.82 1.63 1.56 1.45 1.22 1.04 1.00 0.97 0.90 0.82 0.73 0.65 0.60 0.56 0.54 0.51 0.50 0.51 0.54 0.56 0.56 0.59 0.62 0.63 0.65 0.70 0.76 0.80 0.82 0.85 0.92 0.93 0.82 0.82 0.98 1.13 1.10 1.04 1.20 1.35 1.24 1.17
0.36 0.35 0.32 0.27 0.24 0.22 0.19 0.17 0.18 0.21 0.23 0.21 0.14 0.12 0.24 0.42 0.41 0.32 0.32 0.36 0.43 0.54 0.62 0.68 0.78 0.87 0.83 0.76 1.03 0.99 0.88 0.98 1.30 2.03 2.59 2.61 2.27 1.82 1.73 2.00 2.22 2.14 1.88 1.74 1.65 1.45 1.31 1.27 1.25 1.22 1.15 1.01 0.86 0.72 0.61 0.56 0.52 0.49 0.46 0.45 0.47 0.49 0.52 0.54 0.56 0.58 0.60 0.63 0.69 0.74 0.78 0.83 0.91 1.01 1.01 0.89 0.86 1.01 1.12 1.09 1.15 1.26 1.16 1.08
0.37 0.36 0.34 0.32 0.30 0.28 0.27 0.28 0.29 0.30 0.31 0.28 0.21 0.22 0.35 0.53 0.57 0.47 0.49 0.54 0.55 0.62 0.71 0.81 0.98 1.17 1.36 1.55 1.63 1.51 1.41 1.61 2.18 3.10 3.26 3.01 2.83 2.40 2.41 2.70 2.56 2.25 1.97 1.79 1.67 1.62 1.61 1.61 1.56 1.46 1.31 1.11 0.94 0.78 0.65 0.56 0.51 0.47 0.44 0.42 0.42 0.44 0.47 0.52 0.55 0.57 0.58 0.60 0.62 0.66 0.70 0.76 0.84 0.96 1.09 1.08 0.96 0.95 1.05 1.12 1.20 1.26 1.14 1.01
0.38 0.37 0.37 0.37 0.37 0.35 0.34 0.36 0.38 0.37 0.37 0.36 0.31 0.31 0.39 0.62 0.81 0.72 0.62 0.61 0.61 0.66 0.79 0.95 1.17 1.37 1.58 1.82 1.99 2.25 2.73 3.22 3.66 3.84 3.34 2.86 2.83 3.04 3.23 3.21 2.81 2.40 2.12 2.02 2.04 1.97 1.81 1.72 1.64 1.48 1.29 1.10 0.95 0.80 0.67 0.55 0.48 0.45 0.43 0.43 0.43 0.43 0.43 0.45 0.47 0.49 0.50 0.53 0.55 0.58 0.61 0.65 0.72 0.83 1.00 1.14 1.14 1.06 1.04 1.07 1.15 1.22 1.15 1.02
0.40 0.40 0.40 0.43 0.43 0.38 0.39 0.45 0.48 0.43 0.44 0.52 0.45 0.39 0.43 0.70 1.01 1.00 0.78 0.70 0.67 0.71 0.89 1.12 1.35 1.56 1.71 1.87 2.31 2.95 3.42 3.66 3.71 3.44 2.99 2.72 2.67 2.96 3.13 2.97 2.82 2.67 2.56 2.54 2.46 2.26 2.10 2.02 1.82 1.55 1.33 1.15 0.99 0.85 0.70 0.55 0.47 0.46 0.45 0.44 0.45 0.42 0.37 0.30 0.21 0.20 0.24 0.31 0.40 0.48 0.53 0.57 0.61 0.69 0.83 1.03 1.19 1.21 1.14 1.09 1.10 1.15 1.12 1.04
0.42 0.43 0.50 0.54 0.50 0.44 0.46 0.53 0.57 0.49 0.50 0.71 0.62 0.47 0.48 0.73 1.14 1.23 0.95 0.75 0.70 0.80 1.00 1.25 1.56 1.80 1.93 2.18 2.91 3.61 3.67 3.44 3.34 3.13 2.97 2.79 2.58 2.53 2.33 2.31 2.40 2.46 2.47 2.37 2.22 2.16 2.19 2.13 1.90 1.62 1.36 1.17 1.05 0.92 0.76 0.59 0.51 0.50 0.46 0.44 0.41 0.29 0.17 0.13 0.14 0.18 0.23 0.22 0.26 0.36 0.44 0.49 0.53 0.58 0.67 0.84 1.07 1.25 1.30 1.25 1.19 1.17 1.11 1.06
0.48 0.54 0.65 0.66 0.59 0.55 0.55 0.59 0.64 0.55 0.58 0.92 0.83 0.53 0.48 0.68 1.18 1.38 1.03 0.78 0.78 0.96 1.14 1.39 1.80 1.98 2.14 2.64 3.66 4.26 3.92 3.63 3.47 3.08 3.00 2.86 2.52 2.33 2.10 2.03 1.98 1.92 1.93 1.84 1.76 1.80 1.81 1.72 1.63 1.48 1.31 1.18 1.07 0.93 0.78 0.63 0.53 0.49 0.42 0.37 0.27 0.16 0.18 0.21 0.23 0.32 0.39 0.38 0.37 0.36 0.36 0.40 0.47 0.52 0.57 0.66 0.83 1.09 1.33 1.44 1.42 1.32 1.21 1.17
0.53 0.61 0.73 0.68 0.59 0.58 0.59 0.62 0.67 0.61 0.73 1.15 1.01 0.52 0.44 0.65 1.09 1.46 1.28 1.01 1.05 1.19 1.31 1.61 2.03 2.23 2.38 3.11 4.64 4.99 4.09 3.67 3.44 3.03 3.03 2.94 2.50 2.33 2.18 1.99 1.87 1.79 1.71 1.67 1.69 1.72 1.64 1.52 1.46 1.38 1.30 1.21 1.04 0.89 0.75 0.56 0.40 0.35 0.30 0.26 0.22 0.23 0.28 0.32 0.38 0.50 0.55 0.52 0.48 0.43 0.39 0.41 0.45 0.48 0.51 0.56 0.66 0.84 1.11 1.40 1.60 1.61 1.48 1.37
0.57 0.67 0.75 0.67 0.60 0.62 0.61 0.61 0.70 0.69 0.88 1.23 0.93 0.45 0.45 0.66 0.95 1.36 1.55 1.46 1.44 1.53 1.62 1.87 2.18 2.43 2.83 4.30 6.24 5.59 3.88 3.50 3.45 3.15 3.06 2.97 2.54 2.35 2.22 1.98 1.88 1.77 1.63 1.62 1.74 1.80 1.73 1.60 1.49 1.45 1.39 1.25 1.04 0.90 0.74 0.51 0.28 0.25 0.29 0.25 0.26 0.37 0.45 0.48 0.55 0.65 0.65 0.60 0.55 0.48 0.44 0.47 0.49 0.48 0.51 0.54 0.60 0.71 0.88 1.12 1.41 1.64 1.69 1.56
0.66 0.75 0.79 0.72 0.66 0.65 0.64 0.64 0.76 0.78 0.95 1.22 0.92 0.48 0.54 0.72 0.89 1.12 1.49 1.83 2.10 2.13 2.08 2.26 2.72 3.24 4.61 7.15 7.16 5.09 3.47 3.31 3.49 3.18 2.98 3.00 2.66 2.39 2.29 2.03 1.85 1.71 1.58 1.58 1.75 1.83 1.82 1.69 1.56 1.47 1.34 1.18 1.04 0.91 0.76 0.55 0.31 0.27 0.38 0.34 0.40 0.58 0.62 0.60 0.67 0.74 0.71 0.66 0.60 0.53 0.51 0.55 0.59 0.58 0.58 0.58 0.60 0.64 0.69 0.79 0.92 1.21 1.58 1.70
0.67 0.75 0.82 0.76 0.68 0.67 0.68 0.76 0.84 0.83 0.91 1.17 1.05 0.68 0.77 0.85 0.85 0.99 1.34 1.82 2.44 3.13 3.14 3.32 4.82 6.51 7.38 7.53 5.91 4.03 3.38 3.27 3.48 3.18 2.98 3.08 2.78 2.40 2.22 1.97 1.77 1.68 1.63 1.63 1.82 2.01 1.97 1.79 1.62 1.44 1.23 1.06 0.96 0.86 0.72 0.52 0.30 0.30 0.49 0.53 0.59 0.69 0.68 0.67 0.75 0.80 0.77 0.72 0.68 0.62 0.62 0.67 0.71 0.70 0.70 0.68 0.64 0.62 0.61 0.61 0.65 0.81 1.20 1.60
0.68 0.78 0.88 0.79 0.72 0.71 0.79 0.92 0.93 0.86 0.83 1.03 1.15 1.10 1.19 1.04 0.90 1.12 1.49 2.05 3.26 4.77 5.37 5.68 6.36 7.11 6.71 5.24 4.17 3.57 3.34 3.36 3.49 3.22 3.04 3.07 2.80 2.45 2.12 1.90 1.72 1.64 1.70 1.76 1.94 2.17 2.01 1.68 1.46 1.28 1.13 0.98 0.85 0.76 0.65 0.46 0.22 0.33 0.61 0.65 0.66 0.71 0.70 0.74 0.84 0.88 0.84 0.80 0.76 0.72 0.74 0.80 0.80 0.79 0.78 0.78 0.71 0.67 0.69 0.68 0.69 0.76 0.92 1.23
0.71 0.82 0.91 0.82 0.75 0.78 0.92 1.01 0.97 0.87 0.81 0.95 1.21 1.41 1.53 1.30 1.21 1.61 2.53 4.81 6.23 6.15 5.88 5.59 5.60 5.43 4.78 4.01 3.47 3.25 3.34 3.55 3.51 3.12 2.88 2.89 2.83 2.49 2.03 1.84 1.72 1.73 1.87 1.95 2.08 2.25 2.01 1.45 1.15 1.04 0.96 0.85 0.77 0.71 0.60 0.42 0.18 0.40 0.69 0.72 0.72 0.76 0.78 0.85 0.93 0.95 0.92 0.88 0.84 0.82 0.85 0.91 0.91 0.85 0.83 0.82 0.79 0.76 0.79 0.79 0.81 0.84 0.88 1.03
0.71 0.80 0.90 0.83 0.75 0.82 0.97 1.05 1.00 0.92 0.91 1.04 1.22 1.41 1.64 1.90 2.03 2.87 5.22 7.41 6.85 5.35 4.74 4.44 4.66 4.93 4.59 3.83 3.24 3.22 3.47 3.51 3.24 2.82 2.62 2.78 2.83 2.39 1.96 1.90 1.89 1.94 2.03 2.16 2.29 2.32 2.01 1.36 1.06 0.99 0.89 0.75 0.68 0.64 0.53 0.35 0.15 0.45 0.73 0.80 0.81 0.84 0.89 0.96 1.01 1.03 1.01 0.97 0.94 0.92 0.96 1.02 1.02 0.95 0.89 0.91 0.88 0.83 0.85 0.89 0.89 0.87 0.85 0.89
0.68 0.77 0.92 0.88 0.79 0.88 1.02 1.09 1.06 1.01 1.03 1.05 1.09 1.31 1.65 2.38 3.60 5.42 7.19 7.06 5.13 4.24 4.22 4.35 4.84 5.28 4.65 3.65 3.46 3.61 3.60 3.31 2.95 2.66 2.52 2.60 2.72 2.46 2.15 2.13 2.16 2.20 2.36 2.54 2.61 2.42 1.91 1.26 1.03 0.93 0.74 0.60 0.57 0.54 0.42 0.24 0.13 0.47 0.78 0.91 0.91 0.92 1.00 1.07 1.11 1.13 1.12 1.08 1.04 1.02 1.05 1.13 1.14 1.08 1.03 1.04 1.01 0.90 0.90 0.98 0.99 0.96 0.87 0.75
0.73 0.84 0.98 0.94 0.87 0.98 1.08 1.09 1.14 1.14 1.09 1.02 1.04 1.28 1.76 2.64 4.71 6.74 6.84 5.16 4.43 4.35 4.36 4.48 5.10 5.45 4.33 3.74 3.79 3.80 3.72 3.49 3.15 2.76 2.54 2.56 2.73 2.80 2.56 2.47 2.61 2.71 2.83 2.92 2.80 2.29 1.58 1.04 0.87 0.73 0.47 0.43 0.49 0.44 0.29 0.11 0.14 0.52 0.85 1.01 1.02 1.05 1.11 1.19 1.22 1.23 1.24 1.20 1.14 1.11 1.16 1.25 1.24 1.21 1.21 1.21 1.19 1.08 1.02 1.06 1.09 1.02 0.88 0.75
0.77 0.86 0.95 0.96 1.02 1.13 1.12 1.07 1.18 1.25 1.13 1.07 1.15 1.45 2.10 3.07 5.47 7.17 6.16 4.83 4.71 4.72 4.72 4.88 5.35 5.40 4.32 3.76 3.73 3.48 3.41 3.35 3.09 2.84 2.81 2.92 3.05 3.16 2.96 2.92 3.21 3.21 3.11 3.11 2.76 1.89 1.16 0.82 0.69 0.49 0.22 0.35 0.41 0.33 0.17 0.07 0.22 0.58 0.93 1.09 1.15 1.24 1.21 1.26 1.33 1.34 1.36 1.32 1.24 1.21 1.30 1.36 1.32 1.34 1.37 1.38 1.41 1.30 1.18 1.20 1.19 1.04 0.85 0.78
0.75 0.84 0.96 1.05 1.21 1.27 1.15 1.10 1.24 1.38 1.32 1.25 1.36 1.82 2.55 4.04 6.75 7.55 6.47 5.47 5.37 5.31 5.30 5.31 5.19 4.82 4.25 3.88 3.72 3.39 3.14 3.00 2.85 2.99 3.22 3.29 3.33 3.26 3.03 3.23 3.53 3.35 3.20 3.10 2.51 1.57 1.02 0.72 0.47 0.16 0.16 0.31 0.33 0.24 0.14 0.17 0.31 0.67 1.02 1.18 1.31 1.41 1.32 1.32 1.44 1.45 1.48 1.47 1.36 1.35 1.44 1.46 1.44 1.45 1.48 1.54 1.56 1.37 1.24 1.27 1.21 1.04 0.87 0.79
0.81 0.95 1.11 1.20 1.35 1.31 1.20 1.23 1.34 1.53 1.62 1.53 1.76 2.41 3.91 6.72 8.14 7.65 6.47 5.84 5.67 5.52 5.35 5.03 4.42 4.06 4.17 4.24 4.04 3.75 3.40 3.16 3.07 3.27 3.38 3.31 3.27 3.04 3.00 3.51 3.73 3.36 3.15 2.76 1.82 1.21 0.90 0.59 0.20 0.10 0.22 0.27 0.27 0.22 0.21 0.28 0.45 0.79 1.12 1.30 1.48 1.52 1.42 1.42 1.53 1.58 1.59 1.61 1.57 1.54 1.56 1.60 1.59 1.50 1.54 1.68 1.67 1.45 1.26 1.25 1.18 1.01 0.84 0.75
0.90 1.08 1.25 1.33 1.41 1.36 1.32 1.39 1.43 1.64 1.79 1.77 2.03 3.32 6.51 8.52 8.12 7.04 6.29 5.98 5.59 4.95 4.72 4.33 3.85 3.73 4.00 4.42 4.45 4.20 3.84 3.59 3.57 3.58 3.46 3.31 3.06 2.80 3.16 3.92 3.87 3.32 2.92 2.11 1.24 0.84 0.58 0.29 0.16 0.20 0.29 0.31 0.30 0.30 0.33 0.38 0.58 0.96 1.25 1.44 1.58 1.58 1.53 1.54 1.61 1.68 1.67 1.74 1.87 1.82 1.72 1.73 1.69 1.58 1.61 1.77 1.77 1.59 1.35 1.26 1.13 0.92 0.81 0.78
0.95 1.14 1.30 1.31 1.40 1.43 1.42 1.41 1.43 1.62 1.77 1.97 2.19 4.10 7.81 8.36 7.08 6.69 6.22 5.98 5.44 4.48 4.15 4.13 3.93 3.83 4.01 4.51 4.87 4.62 4.06 3.80 3.79 3.70 3.67 3.57 3.15 2.82 3.38 4.20 3.79 3.19 2.64 1.46 0.84 0.56 0.26 0.15 0.30 0.33 0.41 0.45 0.43 0.43 0.44 0.50 0.74 1.16 1.42 1.56 1.64 1.64 1.66 1.65 1.66 1.75 1.76 1.86 2.14 2.15 1.94 1.83 1.81 1.76 1.73 1.82 1.86 1.71 1.48 1.31 1.15 0.97 0.93 0.96
0.94 1.10 1.24 1.24 1.40 1.48 1.40 1.32 1.37 1.58 1.78 2.18 2.59 5.12 8.36 7.99 6.96 6.60 5.90 5.63 5.34 4.56 4.16 4.21 4.06 3.97 4.16 4.74 5.24 4.80 3.81 3.56 3.65 3.70 3.85 3.79 3.35 2.95 3.50 4.34 3.73 2.90 2.04 1.04 0.59 0.49 0.38 0.42 0.49 0.52 0.58 0.58 0.58 0.58 0.56 0.63 0.94 1.38 1.55 1.61 1.69 1.71 1.76 1.71 1.69 1.78 1.85 2.00 2.31 2.46 2.21 1.97 1.96 1.92 1.77 1.82 1.94 1.83 1.61 1.47 1.36 1.19 1.14 1.20
0.93 1.05 1.13 1.17 1.41 1.46 1.33 1.27 1.41 1.69 2.08 2.65 3.75 7.33 9.16 7.92 6.76 6.00 5.22 5.28 5.42 4.88 4.48 4.32 4.06 4.04 4.31 4.92 5.24 4.57 3.71 3.62 3.86 3.90 3.90 3.65 3.24 3.12 3.69 4.38 3.55 2.17 1.33 0.81 0.60 0.70 0.69 0.66 0.65 0.67 0.70 0.72 0.72 0.72 0.72 0.85 1.22 1.55 1.62 1.67 1.72 1.77 1.83 1.74 1.70 1.83 1.96 2.17 2.43 2.63 2.56 2.28 2.16 2.06 1.88 1.83 1.98 1.91 1.67 1.56 1.50 1.34 1.37 1.42
0.94 1.01 1.06 1.21 1.42 1.42 1.33 1.37 1.60 1.92 2.50 3.63 6.50 9.59 9.27 6.98 5.89 5.27 4.80 5.14 5.60 5.27 4.81 4.43 4.16 4.23 4.55 4.91 4.93 4.28 3.67 3.98 4.23 3.87 3.86 3.55 3.20 3.54 4.02 4.02 2.72 1.32 0.92 0.70 0.70 0.88 0.91 0.84 0.81 0.81 0.84 0.88 0.88 0.90 1.00 1.20 1.48 1.63 1.68 1.74 1.77 1.84 1.85 1.69 1.70 1.90 2.09 2.34 2.55 2.69 2.80 2.72 2.45 2.21 2.05 1.93 1.93 1.93 1.74 1.69 1.70 1.74 1.93 1.83
0.92 0.99 1.16 1.35 1.36 1.34 1.48 1.64 1.78 2.39 3.19 5.05 9.15 10.05 7.32 5.57 5.31 4.95 4.54 5.06 5.77 5.64 5.08 4.63 4.44 4.61 4.81 4.81 4.70 4.18 3.80 4.19 4.21 3.91 4.19 3.93 3.55 3.77 3.66 2.90 1.62 0.95 0.87 0.78 0.86 1.02 1.06 1.01 0.97 0.99 1.04 1.07 1.04 1.14 1.40 1.56 1.61 1.66 1.75 1.81 1.85 1.96 1.86 1.61 1.65 1.96 2.24 2.48 2.63 2.78 2.96 2.97 2.67 2.35 2.23 2.01 1.82 1.91 1.90 1.91 2.05 2.10 1.99 1.83
0.83 0.98 1.28 1.34 1.25 1.39 1.76 1.90 2.13 3.25 4.44 7.55 10.14 8.12 5.37 5.01 5.02 4.99 4.92 5.45 5.96 5.79 5.28 5.04 4.94 4.99 4.97 4.68 4.49 4.19 4.04 4.21 4.22 4.37 4.66 4.17 3.65 3.42 2.68 1.52 0.87 0.86 0.94 0.93 0.99 1.10 1.15 1.15 1.16 1.19 1.26 1.38 1.41 1.51 1.76 1.76 1.69 1.73 1.84 1.90 2.00 2.09 1.90 1.64 1.73 2.13 2.49 2.65 2.77 3.02 3.12 3.02 2.90 2.75 2.53 2.00 1.67 1.84 2.05 2.18 2.31 2.01 1.43 1.29
0.79 0.92 1.27 1.27 1.31 1.61 1.94 2.15 2.81 3.82 5.67 9.47 9.84 5.79 4.70 4.90 5.03 5.57 5.89 6.07 6.02 5.69 5.42 5.44 5.45 5.29 4.99 4.46 4.22 4.22 4.26 4.44 4.53 4.69 4.78 4.15 3.33 2.60 1.56 0.54 0.55 0.92 1.05 1.07 1.12 1.21 1.25 1.30 1.38 1.43 1.50 1.79 2.04 1.98 1.99 1.84 1.73 1.85 1.93 2.05 2.20 2.21 2.04 1.92 2.12 2.58 2.86 2.95 3.05 3.20 3.15 3.01 3.19 3.22 2.67 1.99 1.68 1.83 2.15 2.46 2.37 1.84 1.40 1.30
0.89 0.90 1.27 1.41 1.54 1.79 2.08 2.48 3.28 3.90 6.51 9.18 7.81 5.22 4.90 5.08 5.45 6.34 6.64 5.94 5.50 5.49 5.62 5.78 5.64 5.33 4.88 4.47 4.40 4.58 4.73 4.95 4.79 4.50 4.72 4.11 2.64 1.38 0.44 0.17 0.57 0.96 1.16 1.22 1.27 1.35 1.41 1.47 1.56 1.64 1.79 2.30 2.71 2.63 2.32 1.83 1.74 2.00 2.08 2.22 2.36 2.35 2.28 2.29 2.49 2.82 3.05 3.14 3.13 3.10 3.05 3.12 3.45 3.27 2.47 2.00 1.91 1.95 2.31 2.59 2.21 1.82 1.80 1.60
1.01 1.03 1.40 1.59 1.66 1.87 2.28 2.81 3.44 3.80 6.08 9.03 7.67 5.60 5.35 5.27 5.83 6.84 6.54 5.14 5.05 5.42 5.76 5.99 5.60 4.96 4.56 4.66 4.85 4.99 5.15 5.30 4.74 4.19 4.46 3.56 1.74 0.59 0.33 0.54 0.75 1.02 1.24 1.36 1.42 1.49 1.58 1.65 1.72 1.89 2.25 2.82 3.28 3.27 2.59 1.82 1.84 2.10 2.24 2.45 2.57 2.54 2.53 2.54 2.55 2.81 3.16 3.21 3.08 2.97 3.00 3.23 3.57 3.28 2.37 1.97 1.98 2.03 2.43 2.51 2.01 1.99 2.07 1.55
1.03 1.20 1.55 1.67 1.78 2.08 2.60 3.14 3.75 3.91 5.34 9.36 9.22 6.30 5.60 5.36 6.05 6.81 5.68 4.80 5.17 5.55 5.90 5.93 5.39 4.90 4.81 5.05 5.05 4.86 5.01 5.15 4.45 3.83 3.66 2.56 1.30 0.66 0.69 0.81 0.97 1.17 1.37 1.52 1.57 1.63 1.73 1.78 1.88 2.27 2.82 3.33 3.77 3.66 2.78 2.08 2.08 2.21 2.53 2.93 2.91 2.74 2.72 2.64 2.52 2.86 3.28 3.16 2.99 3.03 3.03 3.24 3.63 3.34 2.40 1.85 1.84 2.06 2.47 2.40 2.10 2.34 2.11 1.25
1.11 1.38 1.72 1.85 2.07 2.49 2.93 3.58 4.31 4.32 6.14 10.22 9.64 6.34 5.52 5.55 6.14 6.34 5.30 5.05 5.50 5.69 5.87 5.66 5.30 5.33 5.33 5.26 5.06 4.61 4.57 4.61 3.87 3.02 2.22 1.74 1.13 0.83 0.84 0.94 1.13 1.33 1.53 1.68 1.74 1.75 1.83 1.91 2.18 2.72 3.24 3.78 4.25 3.97 3.26 2.79 2.55 2.63 3.13 3.41 3.13 2.86 2.81 2.73 2.79 3.14 3.34 3.14 3.03 3.14 3.12 3.21 3.59 3.42 2.49 1.81 1.80 2.16 2.39 2.38 2.55 2.51 1.71 1.07
1.37 1.59 1.81 1.98 2.37 2.79 3.09 3.95 4.83 5.85 9.12 10.73 8.06 5.42 5.08 5.35 5.90 5.75 5.20 5.27 5.55 5.61 5.52 5.40 5.44 5.74 5.59 5.35 5.26 4.53 3.93 3.93 3.07 1.73 1.24 1.37 1.16 0.92 0.89 1.02 1.25 1.44 1.59 1.76 1.89 1.89 1.91 2.13 2.63 3.09 3.50 4.23 4.73 4.33 3.75 3.38 3.09 3.21 3.45 3.53 3.18 2.88 2.88 3.01 3.25 3.49 3.60 3.56 3.54 3.51 3.47 3.44 3.58 3.47 2.61 1.96 2.16 2.64 2.69 2.77 2.86 2.07 1.18 0.85
1.57 1.67 1.81 2.13 2.53 2.85 3.10 3.87 5.82 8.24 9.97 8.77 5.97 4.88 4.65 4.86 5.36 5.37 5.08 5.19 5.42 5.36 5.09 5.14 5.74 6.02 5.87 5.69 5.43 4.33 3.35 3.30 2.68 1.41 0.99 1.20 1.21 1.02 0.96 1.08 1.31 1.50 1.61 1.77 2.00 2.03 2.06 2.50 3.04 3.31 3.75 4.59 5.08 4.81 4.33 4.03 3.70 3.51 3.62 3.63 3.24 3.01 3.14 3.37 3.54 3.74 3.95 4.04 4.05 4.15 4.21 4.00 3.76 3.39 2.71 2.44 3.06 3.56 3.40 3.19 2.55 1.29 0.94 0.87
1.73 1.93 2.14 2.37 2.77 3.23 3.47 4.27 7.42 9.17 8.28 6.30 5.35 4.83 4.57 4.69 5.02 5.13 4.98 5.03 5.18 5.04 4.55 4.84 5.97 6.55 6.25 5.68 4.90 3.86 2.75 2.39 2.30 1.49 1.06 1.16 1.24 1.15 1.11 1.17 1.34 1.59 1.70 1.81 2.06 2.20 2.33 2.86 3.29 3.45 3.97 4.82 5.35 5.43 5.22 4.68 4.08 3.66 3.72 3.66 3.34 3.29 3.46 3.66 3.83 4.04 4.18 4.14 4.13 4.38 4.49 4.07 3.53 3.06 2.79 3.17 3.92 3.76 2.91 2.42 1.51 0.84 0.86 0.95
2.03 2.29 2.46 2.66 3.51 4.04 3.83 4.97 8.79 9.47 6.78 5.50 5.22 4.75 4.57 4.55 4.58 4.75 5.06 5.08 4.86 4.58 4.11 4.47 5.80 7.05 6.95 5.05 3.85 3.12 2.00 1.73 1.87 1.58 1.25 1.16 1.25 1.26 1.24 1.26 1.38 1.70 1.85 1.88 2.10 2.48 2.78 3.08 3.35 3.60 4.08 4.91 5.64 6.14 6.06 5.17 4.42 4.00 3.78 3.69 3.49 3.52 3.74 3.99 4.26 4.32 4.25 4.09 4.03 4.36 4.50 3.84 3.00 2.73 2.96 3.75 3.99 2.94 1.68 1.23 0.78 0.56 0.62 0.66
2.23 2.40 2.57 3.05 3.86 3.98 3.64 5.40 9.46 9.14 5.84 5.13 5.13 4.85 4.70 4.50 4.29 4.53 4.97 4.97 4.55 4.12 3.86 4.22 5.25 6.94 7.77 5.81 3.49 2.73 1.97 1.58 1.63 1.64 1.47 1.19 1.19 1.24 1.27 1.34 1.49 1.84 2.03 1.97 2.19 2.88 3.33 3.23 3.32 3.72 4.13 4.88 5.93 6.66 6.61 5.63 4.79 4.28 4.04 3.98 3.74 3.75 4.12 4.42 4.56 4.41 4.25 4.14 4.17 4.61 4.72 3.70 2.67 2.67 3.26 3.95 3.57 1.95 1.06 0.78 0.45 0.29 0.31 0.35
