windninja/windninja_output/Output_2025-10-23_0400-0450_Google earth_Fire_150m_10min/merlingen_7.5mi_point_10-23-2025_0440_150m_ang.asc
ncols	158
nrows	163
xllcorner	391686.332397
yllcorner	5160024.123721
cellsize	150.000000
NODATA_value	-32768.000000
[rows 0 to 47 of 163, columns 0 to 95 of 158]
100 99 97 95 94 96 96 92 88 88 86 77 61 54 57 66 76 81 85 95 101 91 77 76 81 86 85 78 76 77 76 75 75 74 73 77 82 82 82 81 78 77 78 79 82 85 89 91 89 87 85 84 84 85 84 81 79 78 79 81 80 77 75 73 71 69 69 72 77 81 82 79 75 73 73 74 74 75 77 77 75 71 70 72 74 72 68 66 66 64 61 62 61 58 56 57
101 100 99 98 97 96 94 91 90 90 87 79 64 59 63 71 78 84 90 95 99 96 86 81 82 83 83 81 80 78 77 77 76 76 77 79 80 82 83 82 81 81 80 82 85 86 88 91 92 90 87 86 85 84 82 81 79 79 80 81 80 78 77 76 74 72 72 75 78 81 81 78 76 75 76 75 73 75 78 77 74 72 72 72 73 73 70 68 67 66 65 65 64 62 60 60
103 102 101 101 100 97 92 92 93 94 92 84 73 71 73 78 84 88 92 94 95 99 99 90 83 81 82 84 83 80 79 80 80 81 83 83 82 83 84 84 85 86 86 87 89 89 89 90 90 90 89 88 85 83 82 82 82 82 82 81 81 81 80 79 78 78 78 78 80 80 79 78 79 80 79 77 75 76 78 77 72 72 74 73 73 75 74 70 69 69 71 72 70 69 68 67
104 102 101 101 99 98 97 98 99 99 96 87 80 80 82 86 88 90 91 90 91 95 100 97 88 84 83 83 82 81 81 82 84 86 86 86 85 85 85 87 88 89 90 91 92 92 91 89 87 88 89 86 84 83 83 84 84 84 83 82 82 82 81 81 80 80 80 81 82 81 79 79 81 81 80 79 79 79 78 76 72 72 74 74 76 78 76 72 71 70 72 74 75 73 73 74
105 102 100 100 99 100 103 103 103 100 94 89 86 86 90 90 90 90 89 87 88 94 101 104 96 90 86 84 83 83 82 83 85 88 89 88 87 87 89 91 92 93 93 93 93 92 90 89 87 87 85 84 83 83 83 84 84 85 85 84 83 83 82 82 82 82 82 82 82 80 79 80 82 82 80 80 82 82 79 75 73 75 75 75 78 79 79 79 77 74 72 74 77 78 79 80
106 105 103 101 101 103 105 105 102 97 92 92 94 93 94 92 89 87 86 85 87 92 100 108 104 97 92 87 86 85 84 84 86 87 87 88 90 92 93 94 94 95 95 93 91 90 88 88 87 85 82 82 83 83 83 84 85 86 86 86 85 84 83 83 83 83 83 83 83 80 78 80 83 83 81 80 82 84 81 75 74 79 80 79 79 80 82 86 87 84 81 80 80 82 84 83
106 106 106 104 103 103 104 103 99 96 95 98 101 99 96 93 90 86 85 86 88 91 97 107 109 103 96 92 90 88 87 88 88 87 87 90 93 94 94 93 93 93 93 91 90 89 88 87 86 84 82 81 82 83 83 85 86 87 88 88 87 86 84 83 83 84 84 85 84 81 79 81 84 84 82 81 81 82 79 73 76 82 84 83 81 81 82 88 93 96 94 91 87 85 85 86
105 105 107 107 105 103 101 99 97 97 100 104 108 104 97 94 91 88 87 87 88 90 94 103 110 107 101 98 95 92 92 92 90 88 89 91 92 92 91 90 90 90 89 88 88 88 87 86 86 84 82 83 83 82 83 86 88 89 89 90 90 87 84 83 82 83 85 86 85 83 83 84 83 82 82 82 82 80 74 73 80 85 86 84 83 83 84 87 93 98 100 98 94 91 89 92
105 104 105 106 105 103 100 97 97 100 104 109 113 108 99 95 93 92 89 88 89 90 92 98 106 111 106 101 97 95 95 95 92 90 91 91 90 89 87 86 86 86 87 87 88 88 87 86 86 84 84 85 83 83 85 88 89 90 90 90 89 88 86 83 81 83 86 87 85 83 84 85 83 81 81 82 82 78 73 77 84 88 90 88 87 86 86 88 93 97 100 100 99 98 98 99
105 104 104 104 104 102 100 99 100 103 106 110 114 111 102 95 94 94 93 91 91 91 92 95 101 108 109 102 99 99 97 96 94 92 91 89 88 86 85 84 85 86 87 87 87 87 87 86 86 85 85 85 84 86 88 89 90 90 88 86 85 86 87 85 85 86 88 88 85 81 82 84 84 83 82 82 82 79 78 82 87 89 92 94 93 93 92 94 96 97 95 97 100 101 100 98
105 104 104 103 103 103 102 102 103 105 106 109 114 113 105 98 96 96 96 95 94 93 93 94 97 103 107 103 99 100 97 94 93 93 90 87 85 84 84 85 85 86 86 86 85 86 87 86 84 85 87 87 87 89 89 88 87 86 84 82 83 85 86 89 93 92 90 88 83 80 82 84 85 84 82 81 82 85 89 91 89 88 90 95 98 99 99 98 97 95 91 94 97 97 96 95
105 105 104 103 103 103 103 103 104 105 107 109 112 114 108 103 100 98 98 98 97 95 93 92 94 96 97 98 97 97 94 92 92 92 90 87 84 85 86 86 85 85 84 83 83 83 84 82 80 82 87 88 88 89 88 86 84 82 81 80 81 83 87 95 98 96 93 89 84 85 86 85 85 85 83 83 86 90 96 98 93 89 89 93 99 103 101 97 96 94 92 92 93 95 95 94
105 105 104 104 104 104 104 104 104 105 106 107 110 112 109 105 103 101 99 100 99 97 94 91 89 87 88 92 94 94 92 92 92 92 89 86 86 88 88 86 85 85 83 81 80 79 76 74 76 81 85 86 86 87 88 88 85 81 77 76 80 84 90 98 100 99 96 93 95 95 92 88 87 89 91 92 91 92 96 98 96 93 93 95 97 99 98 95 93 93 92 90 89 93 95 91
105 105 105 104 104 104 104 104 104 105 105 107 109 110 107 104 104 105 103 100 99 96 92 87 84 82 85 89 92 92 92 93 93 91 89 88 88 89 88 86 85 83 80 79 78 76 71 69 73 79 82 84 84 85 87 90 89 83 76 76 82 87 92 98 101 100 98 101 108 108 99 94 93 96 99 98 95 94 92 93 96 97 97 95 93 92 94 91 87 88 91 89 86 88 90 88
105 105 105 105 105 104 104 104 104 105 105 106 109 111 107 103 104 106 105 101 97 94 89 85 83 83 86 89 90 90 90 92 93 91 91 90 87 85 84 82 81 77 74 78 79 77 76 76 74 74 78 83 83 84 87 90 92 89 82 81 86 91 96 97 97 98 101 105 111 117 113 104 100 99 99 99 97 94 90 92 98 100 98 94 89 88 90 86 81 81 87 87 84 84 87 88
105 105 105 105 104 104 104 104 104 104 105 106 109 113 111 105 103 104 104 101 97 93 90 86 84 86 88 88 88 89 91 92 92 90 89 87 84 81 78 77 76 74 75 80 81 79 81 84 81 77 80 83 86 88 88 87 89 92 90 89 91 95 98 97 93 95 101 104 108 119 123 113 105 100 98 99 96 92 92 97 100 99 95 91 87 85 84 81 78 76 81 84 83 82 85 88
105 105 105 104 104 104 104 104 104 104 105 106 108 113 114 107 102 100 100 100 97 94 90 88 87 88 88 89 89 91 93 91 86 83 80 80 81 80 78 77 77 79 82 82 81 81 82 83 86 89 88 87 89 90 88 85 84 89 94 94 95 96 97 96 93 94 98 103 106 112 120 117 109 106 105 102 97 96 98 99 96 93 91 87 84 82 80 77 80 82 82 83 82 82 84 86
105 105 105 104 104 104 104 104 104 105 105 106 107 110 112 107 102 99 97 96 95 92 91 90 89 88 87 90 92 91 89 84 78 75 75 78 81 82 81 81 83 84 85 83 82 84 85 85 89 94 95 93 91 89 87 85 85 88 94 96 96 96 96 95 96 95 97 101 103 105 111 116 114 113 113 107 103 102 99 94 88 87 86 82 79 79 79 78 84 91 92 86 82 82 82 83
105 105 105 105 104 104 104 104 105 104 104 105 106 108 109 107 102 98 95 93 91 91 91 91 90 88 88 89 90 88 84 78 73 73 76 79 82 84 84 84 85 85 85 85 84 85 89 93 92 92 94 94 92 89 88 89 89 90 94 96 95 94 93 95 97 98 97 97 99 102 108 114 114 112 114 111 107 100 92 86 85 86 85 82 79 78 79 81 85 91 96 91 86 85 83 80
105 105 105 105 105 104 104 104 104 104 104 104 105 106 106 105 101 97 94 92 92 92 92 91 90 89 88 88 87 85 81 76 74 76 79 81 84 86 87 87 87 86 86 85 86 89 92 95 94 91 91 94 95 94 93 93 91 90 92 94 93 91 92 95 97 98 96 95 99 104 109 112 109 107 110 110 102 94 89 87 88 89 90 89 85 82 81 82 85 89 96 96 90 87 86 83
106 106 106 105 105 104 104 104 104 104 104 103 104 104 104 103 100 97 95 94 94 93 92 92 91 89 88 87 85 84 81 76 75 78 83 85 87 90 90 89 87 86 86 86 89 92 92 92 93 92 92 94 97 99 98 96 93 91 91 91 90 89 92 96 98 99 99 100 103 106 107 105 103 103 106 106 98 91 89 90 91 92 92 93 91 86 83 82 85 90 95 97 90 87 88 88
106 106 105 105 105 105 104 104 103 104 104 103 103 103 102 101 100 98 97 96 95 94 93 92 91 89 87 86 85 84 82 79 79 85 88 89 89 89 89 87 85 84 85 88 90 91 91 92 94 95 94 95 96 99 99 98 96 95 91 89 89 90 93 97 99 102 104 105 105 103 99 95 96 99 103 107 102 92 88 88 91 91 91 93 94 89 85 84 88 91 94 95 89 87 89 91
106 105 105 105 105 105 104 103 103 103 104 103 102 102 102 101 100 98 97 96 95 94 93 92 90 89 87 85 84 84 84 84 87 90 90 90 88 85 85 85 85 85 86 88 89 91 94 95 96 95 94 95 95 96 99 100 99 98 94 89 88 90 93 98 104 107 109 106 102 95 90 90 93 97 103 111 109 98 90 87 85 86 88 92 95 94 90 89 90 91 92 91 87 87 89 91
106 106 106 105 105 105 104 103 103 103 104 103 102 101 101 101 100 99 98 97 95 94 93 92 90 88 86 83 83 85 87 90 92 90 88 87 86 85 85 86 88 88 87 88 91 95 95 94 95 95 94 94 95 96 99 101 100 99 97 91 89 90 94 102 109 111 109 103 94 86 85 87 93 99 103 108 111 104 97 88 82 82 84 87 93 98 98 94 91 90 90 86 85 87 89 90
106 106 106 105 105 105 104 103 103 103 103 103 102 101 101 100 100 99 98 97 96 95 94 92 90 87 83 80 83 87 91 93 93 90 87 86 85 86 88 90 91 91 90 92 95 95 92 91 93 94 95 95 96 98 99 100 100 99 97 94 91 92 98 105 109 108 102 93 84 81 83 90 98 102 102 99 104 107 103 93 86 83 82 82 87 96 101 98 93 91 88 81 84 88 89 90
106 106 106 105 105 104 104 104 103 103 103 102 102 101 100 100 100 99 98 97 96 95 94 92 89 85 80 79 84 88 91 94 96 94 90 86 84 86 91 93 94 95 95 97 96 92 89 90 92 94 94 95 96 98 100 102 100 96 94 95 97 101 105 105 104 100 94 84 78 79 87 98 103 103 99 91 94 103 108 104 96 89 83 80 83 90 96 96 94 93 90 84 84 86 88 88
106 106 106 106 105 105 104 104 103 103 102 102 102 101 100 100 99 99 98 97 96 95 94 92 90 84 78 80 84 86 89 94 97 98 95 89 85 87 92 96 98 98 100 99 95 92 90 90 93 94 94 94 95 98 103 105 98 91 93 99 105 108 108 104 97 91 85 78 76 82 93 102 105 102 98 89 88 96 109 114 106 97 89 85 85 87 88 89 90 91 93 93 88 85 85 86
107 106 106 106 105 105 104 104 103 102 102 101 101 101 101 100 100 99 98 97 97 96 95 94 91 86 81 82 84 84 86 92 97 99 99 95 90 89 93 98 100 101 102 100 97 95 92 90 92 95 95 93 95 99 104 106 97 91 97 104 107 108 106 100 91 84 77 74 79 89 97 101 102 100 97 92 88 92 102 115 113 105 98 95 91 87 82 82 84 86 90 98 97 89 84 84
107 107 106 105 105 105 105 104 103 102 101 101 100 100 101 101 100 99 99 98 97 97 97 95 93 90 89 88 86 82 82 88 94 98 102 104 100 95 96 100 103 104 104 102 101 99 96 92 91 95 98 95 95 97 100 104 100 96 99 105 107 105 100 94 88 83 76 77 88 96 98 99 98 95 92 93 93 91 94 105 115 113 106 100 95 88 82 82 83 82 84 94 102 97 90 87
107 107 106 105 105 105 105 104 103 102 101 101 100 100 101 101 100 100 99 99 98 98 97 97 96 97 98 95 88 81 81 83 88 96 105 113 110 102 101 104 106 106 105 103 102 100 98 97 95 96 98 96 94 93 94 97 102 99 98 102 105 102 93 86 84 82 81 84 93 99 100 97 92 88 89 96 97 91 90 97 111 117 110 101 95 89 87 89 86 81 79 86 98 103 99 94
108 107 107 105 104 105 105 103 102 102 101 101 101 100 100 101 101 100 100 100 99 98 98 98 99 103 104 99 91 84 81 82 87 97 108 118 115 106 104 106 107 105 104 100 99 100 100 101 100 96 94 94 91 88 87 87 92 98 99 99 100 97 86 79 81 85 88 91 94 98 100 94 87 88 93 98 97 90 88 93 105 115 112 104 98 95 94 93 88 82 78 79 88 99 103 100
108 108 107 105 105 105 105 104 103 102 102 101 100 100 100 100 101 101 100 100 99 99 100 100 102 105 105 101 94 87 86 89 93 98 105 116 115 108 105 104 103 101 99 96 95 97 100 100 97 93 91 91 88 85 82 78 85 94 98 97 94 90 81 76 82 90 96 96 94 96 96 91 91 97 101 100 96 91 89 91 98 107 110 106 102 100 97 92 87 83 80 78 80 90 100 103
107 107 107 106 105 105 104 103 102 102 102 101 101 101 100 100 100 100 100 100 100 101 102 102 104 107 108 106 101 96 96 97 97 96 99 111 114 107 103 100 97 95 95 94 93 95 97 96 92 90 90 90 89 86 81 79 86 91 94 94 92 87 78 76 83 93 102 102 95 93 93 94 99 104 105 102 98 93 90 89 91 94 100 104 103 100 96 92 87 84 83 81 80 86 95 103
108 107 107 106 105 105 104 103 102 102 102 101 101 101 100 100 100 100 101 102 102 102 104 104 106 109 110 111 110 107 102 98 95 92 94 107 115 106 99 96 93 92 92 92 91 93 94 91 89 90 90 90 90 88 84 85 91 92 89 88 88 88 83 80 84 90 101 106 98 93 95 99 101 103 105 105 103 98 91 86 82 83 91 99 103 99 94 93 89 84 82 83 85 89 96 104
108 108 107 106 105 105 104 103 102 102 102 102 101 101 100 100 100 101 101 102 102 103 105 107 108 109 110 112 114 111 104 99 95 94 95 102 112 104 96 93 90 88 88 88 88 92 91 89 89 90 90 89 90 89 88 90 95 95 89 85 85 88 91 86 84 86 94 104 105 101 99 99 98 98 101 105 106 103 94 83 76 77 83 92 100 99 93 92 91 85 83 85 89 94 99 103
109 109 108 106 106 105 104 103 102 102 102 102 101 101 100 100 101 101 102 102 103 103 105 107 108 109 110 113 114 112 109 105 102 100 96 95 99 98 92 88 85 83 84 86 88 90 91 90 91 91 90 89 90 91 93 94 95 95 92 87 85 87 94 94 86 84 89 99 108 107 102 95 92 93 98 104 105 101 96 88 81 76 78 83 90 99 96 91 91 89 88 89 91 93 97 102
110 109 108 107 105 104 104 104 103 102 102 102 102 101 101 101 101 102 102 102 103 104 105 106 108 110 112 114 115 114 114 112 108 102 96 89 86 86 84 82 81 82 84 87 89 91 92 93 92 91 91 92 92 94 96 96 94 93 92 89 87 88 95 101 93 86 87 96 104 105 97 90 90 94 99 102 102 96 93 95 91 82 76 76 82 96 103 95 91 94 94 92 91 91 96 101
110 110 109 107 105 104 104 103 103 102 102 102 102 102 102 102 102 102 102 103 103 104 105 106 108 111 114 118 119 117 116 114 108 101 93 87 80 75 76 79 82 85 88 89 92 93 93 94 92 92 94 96 96 95 96 97 95 92 91 90 88 89 94 102 99 90 89 94 98 94 88 88 94 101 102 98 100 98 91 94 96 88 80 76 80 91 105 101 95 97 98 93 92 95 97 97
111 110 109 107 105 104 103 103 103 103 103 103 102 102 102 102 102 102 103 103 104 104 105 106 108 111 115 122 122 117 114 111 106 100 93 85 73 72 78 82 85 89 91 93 94 94 96 96 94 94 97 100 99 96 96 100 99 94 92 91 88 87 90 97 99 94 92 93 91 86 87 95 100 101 96 94 102 106 91 88 92 91 84 81 84 88 97 104 100 97 97 94 96 98 96 90
110 110 109 107 106 105 104 104 104 104 104 103 103 102 103 103 103 103 103 104 104 105 106 106 108 111 115 121 120 113 110 109 106 101 93 81 71 77 82 84 88 91 95 97 96 95 97 98 97 96 97 101 104 101 99 101 103 99 94 91 86 81 79 86 94 94 93 92 88 88 97 102 100 93 87 95 104 115 95 85 83 84 86 88 88 88 93 103 103 97 94 95 97 97 92 89
111 110 109 107 106 106 105 105 105 105 104 104 104 103 103 103 103 103 104 104 105 105 106 106 108 110 114 117 116 111 108 108 107 101 92 82 81 84 84 86 90 94 98 100 99 97 98 100 101 97 96 101 109 108 102 99 100 99 94 88 81 74 71 78 90 93 91 90 90 96 102 100 93 89 90 98 106 120 102 85 77 76 83 89 89 91 96 102 102 97 94 93 93 91 90 91
111 111 110 109 108 107 107 106 106 105 105 105 105 104 104 104 104 104 104 105 105 105 106 106 107 109 112 113 114 112 108 107 106 102 95 90 91 92 92 93 95 97 98 99 101 102 100 100 101 99 98 101 107 109 101 94 92 92 89 84 77 72 73 78 85 92 91 90 95 98 96 90 90 94 98 101 107 115 98 85 79 77 82 86 90 94 96 96 96 97 96 91 86 85 91 93
112 111 111 110 109 108 108 107 106 106 106 106 105 105 105 104 104 104 104 105 105 105 106 106 107 108 110 111 114 113 109 107 106 105 104 102 100 101 103 102 100 97 95 98 103 103 99 94 95 98 98 98 100 101 97 91 86 84 83 81 79 80 83 81 82 90 95 95 96 93 85 85 91 97 102 103 102 99 89 84 82 83 86 90 94 93 86 83 88 94 96 91 84 86 90 92
112 112 111 111 110 110 109 109 107 107 107 107 106 106 105 105 105 105 105 105 105 106 106 106 106 107 109 110 112 112 109 107 107 109 111 113 112 109 107 104 99 95 96 99 99 95 91 89 92 98 99 96 93 92 92 88 83 80 80 81 84 89 92 89 88 93 98 99 94 85 81 84 89 95 99 99 90 74 79 84 85 88 94 97 96 86 74 75 83 90 93 92 90 90 90 87
112 112 112 111 112 111 109 109 108 108 108 107 107 106 106 106 105 105 105 105 105 106 106 106 106 107 109 110 110 110 109 108 108 111 114 118 117 111 105 101 98 97 98 97 92 86 87 91 97 101 100 94 88 85 83 81 79 78 81 85 89 94 97 98 99 99 99 98 92 85 84 85 85 88 90 85 69 51 68 83 91 97 100 97 89 74 70 75 80 86 91 93 95 94 89 81
113 113 113 113 112 111 110 110 109 109 108 108 108 107 107 106 106 106 106 106 106 106 106 106 107 107 108 109 109 109 110 109 110 112 115 118 117 111 106 104 103 101 98 94 88 86 90 97 102 102 97 88 82 78 77 77 77 80 87 92 94 97 101 106 106 103 99 94 91 88 87 85 83 81 78 70 52 43 68 87 97 101 99 90 77 71 73 77 79 83 88 95 98 94 86 79
114 114 114 113 112 111 111 111 110 110 109 109 109 108 108 107 107 107 106 106 106 106 106 106 107 107 107 107 108 109 109 110 110 113 116 117 116 114 111 110 107 103 97 91 86 90 97 101 102 98 90 83 76 74 76 76 79 87 95 100 101 101 105 108 106 102 97 91 87 89 89 86 82 77 70 61 47 49 76 90 96 96 90 82 76 75 79 80 79 81 87 95 97 92 84 79
114 114 114 113 110 110 111 112 111 111 110 110 109 109 108 108 108 107 107 106 106 106 106 106 107 107 107 107 108 108 109 109 110 112 115 116 115 115 114 112 109 105 98 91 89 97 102 102 97 91 84 77 72 73 76 79 86 94 101 106 107 104 104 104 102 98 93 88 85 87 87 85 81 75 67 58 50 60 80 88 90 89 85 82 80 81 83 83 81 82 87 92 93 88 83 79
