windninja/windninja_output/Output_2025-10-23_0400-0450_Google earth_Fire_150m_10min/merlingen_7.5mi_point_10-23-2025_0420_150m_ang.asc
ncols	158
nrows	163
xllcorner	391686.332397
yllcorner	5160024.123721
cellsize	150.000000
NODATA_value	-32768.000000
[rows 0 to 41 of 163, columns 0 to 95 of 158]
107 105 103 102 101 102 103 98 95 95 93 84 67 57 60 69 78 83 88 98 106 98 85 83 88 92 91 85 82 83 82 81 81 80 79 83 87 87 87 87 84 83 84 85 89 92 95 98 98 97 98 97 98 99 98 94 91 89 90 92 92 90 88 86 84 82 82 85 90 95 96 93 89 86 86 88 88 87 89 90 89 85 82 83 84 82 78 75 75 73 70 70 69 66 64 63
108 107 105 104 103 102 100 97 95 95 93 86 71 64 68 74 82 88 94 100 105 104 94 89 89 90 90 89 87 85 83 83 83 83 84 85 87 89 90 89 88 88 88 90 93 95 97 100 101 100 98 98 97 96 94 93 92 91 92 93 93 91 90 89 88 86 85 87 91 94 95 93 91 90 90 89 88 88 91 92 89 85 84 84 84 84 82 79 78 76 75 75 73 72 70 69
111 109 108 108 106 103 99 98 98 99 99 93 83 79 80 84 90 95 99 100 102 107 107 98 91 88 90 92 90 87 86 86 87 88 90 90 90 91 92 93 94 95 95 97 99 100 101 101 103 102 100 99 96 93 93 94 95 95 94 94 94 94 94 93 93 92 91 91 92 94 94 94 94 95 95 93 91 91 93 93 89 87 88 86 86 89 90 86 83 82 84 84 83 83 82 81
112 109 108 108 106 105 104 105 106 107 105 100 92 89 89 92 94 97 98 97 99 104 109 106 97 93 92 92 92 90 90 90 91 93 94 94 94 93 94 97 99 100 101 102 103 104 104 102 101 102 102 100 97 96 96 97 97 97 96 95 96 97 96 95 95 95 95 94 94 95 94 95 96 96 95 95 95 94 93 92 91 89 89 90 91 93 95 93 90 90 91 92 93 93 94 95
113 110 107 107 106 108 110 110 110 108 105 103 100 97 97 96 95 96 95 94 95 101 109 113 105 99 97 96 95 95 93 93 94 97 98 97 96 97 99 102 104 105 105 105 105 104 103 102 101 101 100 98 97 97 96 97 97 97 98 98 97 97 97 97 97 97 96 96 95 94 94 95 96 96 95 95 96 96 94 92 92 91 91 93 94 95 99 102 101 99 98 99 103 106 108 110
113 112 110 108 108 110 112 111 109 105 102 105 107 103 101 98 94 92 91 91 93 98 107 116 112 106 102 98 98 98 97 96 97 98 99 99 100 103 104 105 107 107 106 105 104 102 101 101 100 98 96 96 96 96 96 96 98 99 100 99 99 99 99 98 98 99 98 97 96 95 94 95 97 99 98 96 97 98 96 91 90 94 96 96 96 96 100 106 108 108 107 108 111 116 117 117
112 112 112 111 110 110 111 109 106 104 105 109 113 108 102 99 95 92 92 93 94 97 104 114 116 110 105 102 101 100 99 100 99 99 99 102 105 106 106 105 106 105 104 102 101 100 99 99 98 97 96 96 96 96 96 97 99 100 101 102 102 102 101 100 99 100 100 99 98 97 97 98 100 102 101 100 99 99 97 92 93 99 101 100 98 96 99 105 110 113 113 111 111 113 114 114
111 111 112 113 111 109 108 105 104 105 109 114 118 112 103 100 97 94 94 94 95 97 101 110 117 115 109 106 105 103 102 102 100 99 100 102 104 103 102 101 101 101 99 98 98 98 98 98 98 97 96 97 97 95 96 98 100 101 103 105 105 105 103 101 99 100 101 101 99 100 101 101 100 101 102 101 99 96 94 93 96 101 104 103 102 101 102 106 111 114 115 113 111 110 112 115
111 111 111 112 110 108 105 103 104 107 112 117 121 116 106 101 99 98 96 95 96 97 99 106 114 119 114 109 107 105 104 103 101 100 100 100 100 98 97 96 95 95 96 96 97 97 97 96 97 97 97 97 96 95 97 100 102 103 104 105 104 103 103 101 98 98 101 102 101 101 101 100 98 98 100 100 98 95 93 96 99 103 108 110 109 110 110 112 117 121 123 121 119 119 121 120
111 110 109 110 110 108 106 105 107 110 113 117 121 118 108 101 100 100 99 98 98 98 99 104 110 117 118 111 108 108 106 104 103 101 99 97 96 95 93 92 93 94 95 96 96 96 96 96 96 97 97 96 96 98 99 100 102 102 100 98 97 98 100 99 98 100 102 103 102 99 98 98 99 99 99 99 97 97 99 103 105 107 111 115 113 114 115 117 122 127 127 125 125 126 124 118
111 111 110 109 109 109 108 108 109 111 113 116 120 120 111 104 101 102 103 102 101 100 100 102 107 113 118 113 109 109 105 102 102 100 97 94 93 92 92 93 94 94 94 94 93 94 95 94 93 94 96 96 97 99 98 96 95 94 92 90 91 93 95 99 102 102 102 101 98 95 95 98 100 101 99 97 97 101 109 111 110 109 111 115 116 117 118 116 119 123 121 119 121 123 120 114
111 111 110 109 109 109 109 110 110 112 113 115 118 120 114 108 105 104 104 105 103 102 100 100 103 107 110 109 106 105 101 99 99 99 96 93 91 92 94 94 93 93 92 91 91 91 91 89 86 88 92 93 93 94 93 91 88 87 85 84 85 87 91 100 103 102 100 98 96 98 99 100 101 103 103 104 106 111 117 118 115 111 112 116 120 123 120 115 115 121 117 112 113 119 117 112
111 111 110 110 110 110 110 110 110 111 112 114 116 118 114 109 107 106 105 105 105 103 100 98 97 96 98 101 102 101 99 98 99 98 95 93 93 94 95 94 93 93 91 89 88 86 82 79 80 85 88 89 89 89 89 90 87 83 79 77 81 85 91 99 102 101 99 99 104 107 104 102 102 108 113 115 115 116 119 121 119 116 116 117 119 122 119 114 115 122 117 109 109 115 113 107
111 111 110 110 110 110 110 110 110 111 111 113 115 117 113 108 107 108 107 105 104 102 98 93 90 90 94 98 99 99 99 99 99 97 95 94 95 95 94 93 92 89 85 84 83 80 75 73 77 82 85 86 86 86 88 91 90 84 77 78 84 90 96 101 103 101 100 103 111 114 110 106 107 112 118 117 115 113 113 115 117 117 117 115 113 115 115 109 108 114 112 105 102 104 104 99
111 111 110 110 110 110 110 109 110 110 111 112 116 118 113 108 107 110 109 105 102 99 94 90 89 91 95 97 98 97 97 98 99 98 98 97 94 91 89 87 85 80 76 80 81 79 79 80 80 80 83 88 89 89 91 93 95 93 88 87 92 98 103 105 104 103 105 108 113 120 119 114 112 113 115 114 112 108 105 108 113 116 114 110 107 107 107 102 97 98 100 96 92 92 94 95
111 111 110 110 110 110 109 109 109 110 111 112 115 119 117 110 108 108 109 105 101 98 95 92 91 93 96 97 96 97 98 99 99 98 96 93 88 85 82 79 78 76 77 83 85 84 86 90 87 84 87 92 96 98 98 97 99 103 101 98 99 103 107 108 105 105 109 111 114 122 126 118 112 110 112 113 110 105 105 109 112 113 109 104 101 98 96 92 88 87 90 90 89 89 91 94
111 111 110 110 110 110 110 109 109 110 111 112 114 118 119 111 106 105 105 105 102 99 96 94 93 94 96 97 97 99 100 98 93 89 85 83 83 82 80 80 81 84 87 88 88 89 90 91 95 97 97 98 102 102 100 97 97 103 108 106 105 106 108 109 106 105 108 113 116 121 125 120 113 113 115 114 111 110 111 111 109 106 102 98 93 90 86 82 85 90 93 93 92 92 93 95
111 110 110 110 110 110 110 110 110 110 110 111 113 115 117 112 106 103 103 102 100 98 96 96 95 94 95 98 99 98 96 90 83 79 79 82 85 86 86 87 89 91 92 90 89 91 93 94 99 104 104 103 102 101 99 97 98 103 110 110 107 107 108 110 110 107 108 113 115 116 120 123 120 119 119 117 116 114 110 105 99 97 95 90 85 84 83 84 90 99 102 98 95 95 95 95
111 111 110 110 110 110 110 110 110 110 110 110 111 113 114 111 106 103 100 98 96 96 97 97 95 94 94 96 97 94 89 83 79 79 82 85 87 90 90 91 92 92 91 92 91 93 97 102 102 102 103 104 103 101 100 102 102 104 108 110 107 106 107 110 111 110 108 109 112 114 120 126 124 121 121 119 115 108 99 91 90 92 91 89 87 87 89 92 96 102 108 104 99 98 98 96
111 111 110 110 110 110 110 109 110 110 109 109 110 111 111 109 106 102 99 97 97 97 97 97 96 95 95 94 94 92 87 82 80 81 84 86 89 92 94 94 94 94 94 94 94 97 101 104 103 100 101 103 105 106 106 106 105 104 106 108 105 102 104 108 110 110 108 108 112 117 123 127 124 121 123 121 113 101 94 92 94 96 98 100 98 95 94 95 97 102 110 112 104 101 101 100
111 111 111 110 110 110 109 109 109 109 109 108 109 109 109 107 105 102 100 99 99 99 98 98 97 96 94 93 92 91 88 84 82 85 89 92 94 98 99 98 97 95 94 95 98 101 101 101 103 102 101 104 107 110 109 107 106 105 104 104 103 101 104 109 110 111 111 113 117 120 123 124 120 118 121 124 118 107 102 100 102 104 104 106 105 100 97 96 97 103 111 117 108 102 103 104
111 111 111 110 110 110 109 109 109 109 109 108 108 108 108 106 105 103 102 101 100 100 99 99 97 95 94 93 92 91 90 88 88 93 97 98 98 98 99 97 95 94 94 97 99 99 100 102 105 105 104 105 107 109 110 109 108 107 104 102 102 102 104 109 112 114 117 118 118 119 118 117 114 114 118 126 126 115 108 105 106 106 105 107 110 105 101 99 101 106 113 121 113 105 107 109
111 110 110 110 110 110 109 109 108 108 109 108 107 107 107 106 105 104 103 102 101 101 100 99 97 96 94 93 92 92 93 95 97 98 98 98 96 94 94 95 94 95 96 97 98 100 103 105 106 106 105 105 106 107 110 111 110 109 107 102 101 102 104 110 116 120 122 120 117 114 112 111 111 112 119 129 132 122 113 107 105 105 105 108 112 111 109 107 106 108 114 123 116 107 108 111
111 111 110 110 110 110 109 108 108 108 109 109 107 107 107 106 106 105 104 103 102 101 100 99 98 96 93 91 91 92 96 100 100 97 95 94 93 92 92 95 97 98 97 97 100 105 106 105 105 106 105 104 105 107 110 112 112 111 110 105 102 102 105 112 120 123 123 118 112 106 105 107 109 114 121 130 134 125 117 109 104 104 105 107 112 116 116 112 107 108 113 122 115 108 107 110
111 111 111 110 110 109 109 108 108 108 108 108 107 106 106 106 106 105 104 103 102 102 101 100 98 95 90 87 89 94 98 101 101 97 94 93 92 93 95 98 100 100 100 101 104 106 104 102 103 105 105 105 107 109 111 113 112 111 111 107 103 103 108 115 119 120 116 109 100 97 99 106 112 117 122 127 128 124 120 114 108 106 107 107 110 116 118 113 108 108 113 121 114 109 108 110
111 111 110 110 109 109 109 108 108 108 108 107 107 107 106 106 105 105 104 104 103 102 101 100 98 94 88 87 91 95 99 101 103 101 97 94 92 94 98 101 103 104 105 106 105 103 101 101 102 104 105 105 106 108 110 114 114 110 108 107 107 111 114 117 118 116 111 103 95 94 101 111 116 119 123 125 119 119 123 122 116 112 111 109 110 115 119 116 111 109 116 126 117 111 110 110
111 111 110 110 110 109 109 108 108 108 107 107 107 107 106 105 105 105 104 104 103 103 102 101 99 95 89 89 91 94 97 100 103 105 102 97 93 95 100 105 107 108 109 108 105 104 102 102 104 106 106 105 106 108 113 118 115 107 107 111 114 116 117 116 114 110 106 100 95 98 107 115 118 119 126 128 115 114 123 128 123 117 115 113 112 114 119 117 111 111 119 130 122 113 111 111
111 111 110 110 109 109 109 109 108 107 107 106 106 106 106 106 105 105 105 104 104 103 103 102 101 98 94 92 92 93 94 99 103 106 106 103 98 97 100 106 110 110 111 110 108 109 107 104 105 108 108 106 108 111 115 122 119 109 112 116 117 116 115 112 106 101 99 97 100 105 110 114 118 120 127 131 116 111 119 128 126 122 119 117 114 112 114 112 108 108 116 128 126 116 112 112
111 111 110 110 109 109 109 108 108 107 106 106 105 106 106 106 106 106 105 105 105 105 105 105 104 104 103 99 96 93 92 97 102 105 109 112 109 103 104 110 114 114 114 113 113 113 111 106 104 108 113 110 109 111 114 123 126 115 113 116 116 114 112 109 104 100 98 100 106 110 111 114 118 120 125 129 119 109 111 121 127 127 122 117 112 107 105 107 105 104 110 122 127 121 116 115
111 111 110 109 109 109 109 108 107 107 106 106 106 106 106 107 106 106 106 106 106 105 106 106 107 110 111 106 100 94 92 93 98 105 114 123 121 112 110 114 118 118 118 116 116 116 114 112 110 112 116 113 110 108 110 121 128 116 110 112 114 112 107 102 100 100 103 106 108 111 112 113 114 116 123 127 121 110 105 112 124 129 124 115 109 105 106 108 107 104 104 112 121 122 118 116
112 111 111 109 109 109 109 108 107 107 106 106 106 106 106 106 106 107 107 107 106 106 106 107 110 114 114 109 102 96 91 91 97 107 118 128 127 117 113 116 119 118 118 115 114 116 115 115 113 111 113 112 108 103 104 112 117 113 109 107 108 108 100 93 94 101 108 109 106 108 111 108 106 112 124 129 124 113 106 109 120 129 126 117 112 112 113 112 108 103 100 102 109 115 115 113
112 112 111 109 108 109 109 108 107 107 106 106 106 106 106 106 106 107 107 107 106 107 108 109 112 115 116 112 106 99 96 98 102 107 114 127 127 118 114 115 115 113 112 109 109 112 113 112 108 104 104 104 102 98 97 100 106 108 107 104 103 103 96 90 94 104 113 112 106 105 107 106 108 118 128 130 126 117 109 109 117 127 126 120 116 115 113 109 104 100 97 95 98 105 111 112
111 111 111 110 109 109 109 108 107 107 106 106 106 106 106 106 106 106 107 107 107 108 110 111 113 117 118 117 115 111 107 107 105 103 107 122 125 116 112 110 108 107 107 105 105 107 108 105 102 100 100 100 100 97 94 98 105 105 104 102 101 101 99 94 97 106 118 117 107 104 106 112 117 125 131 132 130 122 112 109 113 121 121 119 117 113 109 106 101 99 97 95 95 100 109 116
111 111 110 110 109 108 108 107 107 107 107 106 106 106 106 106 106 106 107 108 109 110 111 113 114 118 120 122 123 119 112 107 104 100 102 117 125 114 108 106 103 103 104 102 102 103 103 100 98 98 99 99 100 98 95 99 106 105 100 97 99 105 110 102 99 104 116 119 110 106 111 119 121 127 133 134 133 127 117 109 107 112 114 117 120 117 111 109 106 102 99 98 100 104 112 121
112 111 110 110 109 109 108 107 107 106 107 107 106 106 106 106 106 107 108 109 109 110 112 115 116 118 120 123 125 120 112 106 104 102 103 112 123 113 106 104 101 99 98 97 97 99 99 97 97 98 98 98 98 98 98 101 105 105 99 94 96 106 119 111 100 101 109 117 116 113 116 119 120 124 130 132 131 127 119 108 103 107 111 114 120 121 114 112 112 107 104 105 107 110 115 122
112 112 111 110 109 109 108 108 107 107 107 107 106 106 106 106 107 107 108 109 109 110 112 114 116 117 119 122 124 121 115 112 109 108 105 106 112 109 102 98 95 92 93 94 96 98 99 99 99 99 99 98 99 101 103 104 105 105 101 95 95 102 118 118 104 100 104 114 119 118 117 114 113 117 123 128 128 122 115 109 105 105 105 106 112 121 119 115 116 115 112 112 110 109 113 120
113 112 111 110 109 108 108 108 107 106 107 107 107 106 106 107 107 107 108 109 110 111 112 113 115 118 121 124 125 122 120 118 115 109 103 99 99 98 94 90 89 90 92 95 98 99 101 102 101 100 100 102 103 105 107 108 106 104 103 98 96 101 115 121 111 102 102 110 117 118 113 106 106 114 122 126 127 120 113 112 110 104 99 97 102 117 125 120 118 121 119 114 110 108 113 123
113 113 112 110 109 108 108 108 107 107 107 107 107 107 107 107 108 108 108 109 110 111 112 113 115 118 122 127 128 123 122 120 114 107 100 95 91 85 85 88 90 94 97 99 101 102 103 104 103 102 104 107 108 107 108 109 108 106 104 102 99 102 112 121 117 106 102 106 112 112 106 104 110 119 125 125 127 128 117 114 116 111 103 98 101 113 128 128 121 121 121 116 111 112 117 124
113 113 111 110 109 108 107 107 108 108 108 108 107 107 107 108 108 108 109 109 110 111 112 113 115 118 123 129 128 122 120 117 112 107 100 93 83 81 87 91 95 99 102 104 104 105 107 108 108 107 109 113 114 110 109 113 115 111 108 106 104 104 110 118 119 109 103 103 105 105 108 114 119 124 127 122 127 138 123 114 119 118 110 105 105 111 126 133 126 122 122 117 113 113 114 117
113 112 111 110 109 108 108 108 109 109 108 108 108 108 108 108 108 109 109 110 110 111 112 113 115 118 122 127 125 119 115 115 112 108 101 91 83 88 92 94 98 102 105 108 108 107 109 112 112 109 109 114 120 118 115 119 122 120 115 111 107 103 102 109 116 110 103 102 102 107 115 120 121 123 123 121 129 146 134 117 118 120 114 110 106 108 120 132 130 124 122 118 113 112 111 113
113 112 111 110 110 109 109 109 109 109 109 108 109 109 108 109 109 109 110 110 111 112 112 113 114 117 121 123 121 116 113 113 112 108 100 92 94 96 96 98 101 105 109 111 111 109 111 115 117 112 109 115 124 125 119 118 122 121 114 108 102 95 91 98 111 111 104 102 106 113 119 118 114 119 121 121 132 153 143 122 117 119 116 113 109 110 120 131 131 126 124 116 110 107 108 114
113 112 112 112 111 110 111 110 110 110 110 109 110 109 109 109 109 110 110 111 111 112 112 113 114 116 118 119 120 117 114 113 112 109 104 102 103 103 104 105 108 110 111 113 115 116 116 117 119 116 112 114 122 124 116 111 111 111 106 99 93 90 91 96 106 110 106 105 112 117 117 112 112 123 124 123 136 157 147 126 117 117 115 114 114 117 124 130 129 126 123 114 104 102 109 116
