windninja/windninja_output/Output_2025-10-23_0400-0450_Google earth_Fire_150m_10min/merlingen_7.5mi_point_10-23-2025_0410_150m_ang.asc
ncols	158
nrows	163
xllcorner	391686.332397
yllcorner	5160024.123721
cellsize	150.000000
NODATA_value	-32768.000000
[rows 44 to 87 of 163, columns 0 to 95 of 158]
102 102 103 104 105 104 104 104 104 104 104 105 104 104 104 104 104 104 105 105 105 106 107 107 107 108 110 111 112 112 111 110 111 114 118 122 120 114 109 105 102 101 103 102 98 92 93 97 102 107 105 100 96 94 92 88 86 85 87 92 97 101 105 107 108 109 110 111 111 111 110 108 109 113 114 114 123 137 123 113 113 115 115 112 105 93 90 93 97 103 107 109 107 105 103 103
102 102 103 105 105 105 105 105 105 105 105 105 105 105 105 105 105 105 105 106 106 106 107 107 108 108 109 110 111 111 112 111 113 115 119 122 120 114 110 108 107 105 102 98 94 92 96 103 107 108 103 95 89 86 84 83 83 87 94 100 103 106 110 115 114 112 109 107 108 109 108 105 103 102 101 99 102 117 114 115 118 117 113 103 91 87 91 94 95 98 104 109 109 106 101 99
103 104 105 105 104 105 105 106 106 106 106 106 106 106 106 106 106 106 106 106 106 106 106 107 108 108 109 109 110 111 112 112 113 116 119 120 119 117 115 113 111 107 101 95 92 97 103 107 107 104 96 89 82 80 82 83 86 94 103 108 110 111 114 117 114 111 108 103 103 106 105 102 98 94 89 85 83 104 112 114 114 111 103 94 89 91 95 97 96 96 102 109 109 105 100 98
103 104 105 104 103 104 106 107 107 107 107 107 107 106 106 106 106 106 106 106 106 106 107 107 108 108 108 109 110 110 111 112 113 115 118 119 119 118 117 115 113 108 102 96 96 102 107 107 103 97 91 83 77 79 83 86 94 101 108 114 116 113 112 112 110 106 103 100 100 103 102 100 96 90 84 77 77 98 107 106 104 101 97 95 96 98 100 100 98 98 102 106 107 104 99 98
103 104 104 103 102 102 106 108 108 108 107 107 107 107 107 107 107 106 106 106 106 107 107 107 107 108 108 109 109 110 111 112 113 114 117 119 118 117 118 117 114 110 104 101 103 107 107 104 98 92 84 77 79 83 87 94 101 108 113 117 118 112 107 105 105 103 101 100 100 100 99 97 94 88 80 74 79 95 102 101 100 100 101 101 102 103 103 103 104 105 103 101 101 101 100 98
103 104 103 102 102 102 105 108 110 109 108 108 108 107 107 107 107 107 107 107 107 107 108 107 107 108 109 109 109 110 111 112 113 114 116 119 119 118 118 117 114 111 108 109 110 107 104 100 95 87 77 78 85 91 96 102 108 112 114 115 114 108 102 100 102 103 102 101 100 98 97 95 91 85 79 79 87 96 100 101 101 102 104 106 106 106 107 109 109 107 101 95 94 96 97 93
103 104 104 102 102 103 104 107 111 111 109 109 109 108 108 107 107 108 107 107 107 108 108 108 108 108 109 109 109 110 111 111 112 113 115 118 119 119 118 117 115 113 113 115 113 107 102 96 89 81 78 86 94 99 104 109 112 112 111 108 105 101 98 99 102 103 102 100 99 97 95 93 88 84 83 88 94 97 99 99 101 103 104 106 108 110 111 111 108 103 98 91 88 88 89 90
102 104 106 105 104 105 104 105 109 112 111 110 109 109 108 108 108 108 108 108 108 108 108 108 108 108 109 109 109 110 110 111 112 113 114 116 118 118 118 117 116 114 116 117 114 107 100 92 84 82 90 98 102 105 109 111 111 107 103 100 98 96 97 100 102 103 102 100 98 96 94 91 88 87 90 94 97 98 99 100 100 99 101 105 109 111 111 108 103 99 95 88 83 82 86 92
102 104 108 107 106 106 104 103 106 112 113 111 110 109 109 108 108 108 108 108 108 108 108 108 109 108 109 109 109 110 110 111 112 112 113 115 116 117 118 118 117 115 116 118 115 107 100 92 89 97 106 108 107 109 111 110 107 102 96 94 95 98 99 100 102 104 102 100 97 95 94 92 91 92 94 96 99 101 102 100 97 96 98 104 107 109 108 106 102 97 92 87 82 82 89 105
100 103 110 111 107 107 106 103 104 108 112 111 110 109 109 109 109 109 109 108 108 109 109 109 109 109 109 109 109 110 110 111 111 112 113 114 115 116 118 119 119 116 116 118 116 108 103 102 105 108 111 109 108 109 109 107 104 98 93 92 96 100 100 100 102 104 103 100 97 96 96 95 94 93 95 97 99 101 103 102 99 97 99 102 105 107 109 107 102 96 91 89 87 88 100 119
100 102 109 114 109 108 108 104 101 104 109 111 111 110 110 109 109 109 109 109 109 109 109 109 109 109 109 109 110 110 110 111 111 112 112 113 114 115 116 119 119 117 115 116 115 111 109 113 114 112 110 108 108 108 105 104 102 97 94 96 99 102 102 101 103 105 106 103 99 99 98 95 92 93 96 98 100 102 104 106 105 103 102 102 102 104 107 107 102 97 94 95 97 99 106 118
102 101 104 110 109 106 107 105 100 100 106 110 111 111 111 110 110 110 109 109 109 109 109 109 109 109 109 110 110 110 110 111 111 112 112 113 113 114 115 117 118 116 113 113 115 116 117 120 118 114 112 109 109 108 104 102 100 98 99 101 104 105 103 101 102 105 106 106 102 98 93 88 92 97 99 100 102 104 106 110 111 109 105 103 102 101 102 103 102 99 98 100 106 110 110 115
103 102 101 103 106 105 107 107 103 100 103 108 111 112 112 111 110 110 110 110 109 109 109 110 110 110 110 110 110 110 110 111 111 111 112 112 113 113 114 115 115 115 114 115 117 120 122 123 120 118 116 111 109 107 103 100 99 100 103 106 108 107 102 98 98 102 104 104 100 92 85 89 97 101 102 104 106 108 109 112 113 110 106 104 102 99 97 95 97 98 101 107 118 124 117 115
103 103 101 101 103 104 106 109 108 104 104 106 108 110 112 112 111 111 110 110 110 110 110 110 110 110 110 110 110 110 110 111 111 111 112 112 112 113 114 114 114 115 115 116 118 120 122 123 122 122 120 111 108 107 102 99 102 105 108 110 109 106 101 95 93 96 100 100 95 89 91 98 102 103 105 108 110 111 112 113 111 109 106 103 100 96 92 91 93 100 109 122 130 130 121 113
103 103 102 102 102 103 104 109 112 109 107 106 104 106 110 113 112 111 111 111 111 110 110 110 110 111 110 110 110 111 111 111 111 111 112 112 112 113 113 113 114 114 115 116 117 118 119 122 123 125 124 115 110 108 102 100 106 109 110 110 108 104 99 94 90 92 97 98 94 95 101 103 104 106 108 112 113 113 113 112 110 106 103 100 96 93 92 94 101 112 121 126 130 128 118 103
102 102 102 102 102 102 103 106 110 110 109 107 103 102 106 112 113 113 112 112 111 111 111 111 111 111 111 111 111 111 111 111 111 111 112 112 112 112 113 113 114 114 115 116 116 117 118 121 123 127 130 122 113 108 103 101 107 110 110 109 107 103 98 93 89 90 95 98 97 100 103 105 106 109 112 113 113 112 110 108 106 102 100 97 95 94 96 104 115 122 123 122 122 120 107 90
102 102 102 101 102 102 103 104 106 108 110 111 109 105 104 107 111 113 114 113 113 112 111 111 111 111 111 111 111 111 111 111 111 111 112 112 112 112 113 113 113 114 114 115 116 117 118 120 123 128 133 127 116 109 104 102 107 110 110 108 106 102 98 93 89 89 93 95 98 102 105 108 110 111 113 114 112 110 107 104 102 100 98 96 94 96 104 114 121 123 121 118 115 110 95 79
103 102 102 102 102 102 103 104 105 108 111 115 115 110 105 104 107 111 114 115 114 113 112 111 111 111 111 111 111 111 111 111 111 112 112 112 112 112 112 113 113 114 114 115 116 116 118 119 122 126 131 129 118 110 105 104 107 108 108 106 104 102 99 95 92 90 89 92 101 105 108 110 112 113 114 114 110 106 104 103 101 99 96 95 96 102 112 120 122 121 120 116 108 95 82 71
103 103 102 102 103 103 103 104 105 107 110 115 116 114 109 105 104 107 111 114 115 114 113 112 111 111 111 112 112 112 112 112 112 112 112 112 112 112 112 113 113 113 114 115 115 116 117 119 121 124 129 129 121 114 109 108 108 107 106 105 104 103 102 98 94 90 87 94 105 109 110 111 112 114 115 112 108 105 104 103 101 99 96 97 102 109 116 122 121 119 116 108 93 81 71 61
104 103 103 103 104 105 105 105 105 106 108 112 116 116 114 109 105 105 107 111 114 115 114 113 112 111 111 112 112 112 112 112 112 112 112 112 112 112 113 113 113 113 114 114 115 116 117 118 119 121 126 128 123 118 117 113 108 107 107 107 108 107 103 97 92 89 89 102 109 111 112 112 112 115 115 112 109 108 107 105 102 100 99 104 111 116 120 122 119 113 105 94 82 70 61 52
104 104 103 104 105 106 105 104 104 105 106 110 116 118 116 114 110 106 105 108 111 113 114 114 114 112 112 112 112 112 112 112 112 112 112 112 112 113 113 113 113 113 114 114 115 115 116 117 118 120 123 125 123 120 122 119 110 107 109 110 110 106 96 89 91 94 102 111 113 114 114 113 113 114 116 114 113 112 111 108 104 103 107 111 117 119 119 119 114 104 93 84 71 60 52 42
104 103 103 104 105 106 105 104 103 104 105 109 115 118 117 116 114 110 106 105 107 110 112 114 114 113 112 112 112 113 113 113 113 112 113 113 113 113 113 113 113 113 114 114 115 115 116 116 117 119 120 122 122 120 122 123 114 109 108 109 108 100 92 93 99 106 113 116 116 115 115 113 112 114 117 118 116 115 114 109 107 110 115 120 121 118 116 113 106 94 83 71 58 51 43 35
104 102 101 103 104 106 107 105 104 105 108 109 112 117 118 116 115 113 110 106 106 108 110 112 114 115 113 113 113 113 113 113 113 113 113 113 113 113 113 113 113 113 114 114 114 115 115 116 117 118 118 120 120 120 121 123 118 111 106 104 103 104 105 106 107 110 114 117 117 116 116 114 112 114 118 120 118 116 116 114 116 121 125 127 121 115 111 105 93 80 69 56 48 40 35 35
105 101 99 100 102 107 110 107 104 105 108 110 111 115 118 117 115 115 114 111 109 108 108 109 112 113 113 112 112 113 113 113 113 113 113 113 113 113 113 113 113 114 114 114 114 115 115 115 116 117 117 118 118 118 119 120 118 112 105 101 105 115 115 112 110 110 111 114 116 116 117 114 112 114 118 119 119 120 122 124 125 126 125 124 117 108 100 89 79 69 56 45 37 32 34 40
112 107 104 103 104 108 113 109 103 104 108 110 111 113 116 117 115 115 116 114 111 110 109 108 110 110 109 110 112 113 113 114 114 114 114 114 114 114 114 114 114 114 114 114 114 114 115 115 116 116 116 117 117 117 117 117 116 113 108 105 109 117 117 114 111 110 110 112 115 117 117 114 112 113 117 118 120 124 127 126 124 122 116 111 108 99 88 78 70 58 46 34 30 32 39 48
114 113 110 108 106 106 110 112 106 107 111 113 113 114 115 117 116 115 115 115 113 112 110 109 109 106 104 107 111 113 114 115 115 114 114 114 114 114 114 114 114 114 114 114 114 114 115 115 115 115 116 116 116 116 116 116 115 114 112 109 111 116 117 115 112 110 111 113 115 116 115 113 112 115 118 118 120 125 129 125 120 115 105 101 104 98 84 73 62 47 35 28 31 38 48 57
111 111 111 109 105 101 104 112 110 108 110 113 112 112 114 115 114 112 113 114 114 113 111 110 109 105 102 104 109 112 114 115 116 116 115 115 114 114 114 114 114 114 114 114 114 114 115 115 115 115 115 115 115 115 115 115 114 114 113 112 113 115 115 112 111 112 112 112 113 114 115 113 113 116 119 118 120 125 128 123 115 107 101 103 104 97 80 66 52 37 29 30 38 46 59 71
107 109 110 109 106 101 103 110 110 104 102 103 104 105 107 110 110 109 110 112 113 112 111 111 113 113 106 104 107 110 112 114 116 117 116 115 115 115 115 115 115 114 114 114 114 114 114 115 115 115 115 115 115 115 115 115 114 114 114 113 114 114 113 113 113 113 113 112 112 114 117 115 112 115 118 118 120 124 126 120 111 104 106 108 102 90 72 56 40 33 32 38 49 59 72 94
106 108 110 110 108 105 107 110 109 102 96 98 100 102 103 106 108 108 109 110 111 112 112 113 117 120 112 105 104 107 110 112 114 116 117 117 116 116 115 115 115 115 115 115 115 115 115 115 115 115 115 115 115 115 115 115 114 114 114 114 114 114 114 114 114 114 114 113 114 116 117 114 110 110 115 117 118 121 123 118 113 112 113 110 100 80 60 45 37 38 42 51 60 70 91 120
105 107 110 110 109 108 109 110 108 103 100 101 103 105 106 107 109 109 109 110 111 112 113 114 118 121 116 108 105 105 107 110 111 114 118 118 117 117 116 116 115 115 115 115 115 115 115 115 115 115 115 115 115 115 115 115 115 114 114 114 114 114 114 114 115 115 115 115 115 116 116 114 110 111 115 118 118 119 123 122 119 119 116 108 93 69 47 38 43 49 55 67 76 96 123 127
105 106 109 111 110 109 109 108 107 106 105 105 106 107 109 110 111 111 111 112 112 112 112 112 116 120 117 111 106 104 106 108 110 113 117 118 118 117 117 117 116 116 115 115 115 115 115 115 115 115 115 115 115 115 115 115 115 115 115 115 115 115 115 115 115 115 115 116 117 117 117 116 116 119 121 122 122 123 127 128 125 121 114 101 80 53 38 42 53 59 71 85 107 123 126 124
103 104 107 110 110 109 109 109 108 108 108 108 108 109 110 112 113 112 112 113 113 112 111 111 114 118 117 113 109 106 106 108 109 110 113 116 117 117 118 118 117 116 115 115 115 115 115 115 115 115 115 115 115 115 115 115 115 115 115 115 115 115 115 115 115 116 116 116 117 117 118 119 120 123 126 125 126 129 133 132 126 118 106 88 62 39 40 50 59 68 84 105 123 121 120 117
101 101 103 108 110 110 110 110 109 110 110 111 111 111 112 114 114 113 113 113 113 113 112 112 114 116 116 114 113 109 106 106 106 105 108 112 115 117 118 118 118 117 116 115 115 115 115 115 115 115 115 115 115 115 115 115 115 115 115 115 115 115 115 116 116 116 117 117 117 118 119 120 121 125 128 127 128 133 137 130 121 110 94 71 46 42 51 56 63 79 101 127 127 118 113 110
102 99 96 100 106 110 111 111 112 113 114 115 114 114 114 115 115 115 115 114 114 114 114 114 114 114 114 114 114 112 107 103 104 104 107 111 115 116 117 118 118 117 116 115 115 115 115 115 115 115 115 115 115 116 116 116 116 116 116 116 116 116 116 116 116 117 117 117 118 118 119 121 122 124 127 128 130 135 136 125 113 101 81 59 51 60 69 73 85 110 129 134 128 118 111 108
103 95 85 90 102 109 111 114 116 120 121 119 117 116 116 116 117 117 116 116 115 115 115 115 116 114 113 114 115 115 110 106 106 107 108 111 114 115 116 118 119 118 116 115 115 115 114 114 115 115 115 116 116 116 116 116 116 116 116 116 116 116 116 117 117 117 117 118 118 119 120 121 122 124 126 128 131 136 134 122 108 93 74 67 73 83 92 107 123 128 130 129 125 116 111 110
103 89 74 84 97 109 117 120 122 127 128 124 121 119 118 118 118 118 118 117 115 115 115 116 119 117 113 114 116 117 116 111 109 108 108 110 112 113 113 116 119 119 116 115 115 114 114 114 114 115 115 116 116 116 116 116 116 117 117 117 117 117 117 117 117 117 118 118 119 119 120 121 122 124 125 128 131 136 134 122 109 96 91 95 97 101 115 126 127 125 123 121 118 115 112 112
117 101 91 93 103 118 131 133 131 134 134 129 123 121 119 119 119 119 118 118 116 116 115 117 121 120 115 114 115 118 119 116 113 110 108 109 111 112 112 113 117 118 116 114 114 113 113 112 113 114 116 117 117 117 117 117 117 117 117 117 117 117 117 118 118 118 118 119 119 120 121 122 123 124 125 128 131 134 133 126 119 117 117 115 111 116 125 127 125 121 118 115 113 112 111 110
166 109 101 107 115 124 141 146 142 142 140 134 126 122 120 119 119 118 118 118 117 116 116 118 122 121 116 114 115 117 120 119 117 114 110 108 109 112 112 112 115 117 114 112 111 110 110 109 109 112 116 118 118 118 118 118 118 118 118 118 118 118 118 118 118 118 119 119 120 120 121 122 123 124 126 127 130 134 135 134 136 134 129 125 124 128 128 126 123 119 116 113 110 110 111 110
138 112 112 119 122 126 137 146 147 145 143 135 126 122 119 118 118 117 118 118 118 117 117 118 122 121 117 116 116 117 118 118 116 114 110 107 107 110 111 112 114 116 115 114 113 113 114 113 113 114 117 120 120 120 119 119 118 118 118 118 118 118 118 119 119 119 119 120 120 121 121 122 123 124 126 127 130 133 136 139 144 145 139 137 138 131 126 124 121 118 115 113 110 109 111 110
115 123 126 124 122 117 121 131 136 137 136 130 124 119 116 116 115 115 116 117 118 118 117 119 123 123 120 119 118 117 116 116 115 113 110 108 107 108 110 112 113 116 119 119 120 120 122 123 121 121 122 123 123 123 121 120 119 118 118 118 119 119 119 119 119 119 120 120 120 121 122 123 124 125 126 128 130 133 136 141 149 154 150 147 138 129 123 120 119 117 114 111 109 108 109 108
105 112 120 115 108 105 106 108 109 115 121 123 120 115 113 113 113 113 114 116 117 118 118 119 124 126 122 120 119 117 116 116 115 112 110 109 108 108 109 110 113 116 118 119 119 119 120 121 121 121 121 122 123 124 122 120 119 119 119 119 119 119 119 120 120 120 120 120 121 121 122 123 124 125 126 128 130 133 137 143 154 160 159 150 133 126 121 117 115 114 112 110 107 106 105 106
94 94 96 94 91 88 82 80 91 105 115 118 117 113 111 111 112 111 112 114 115 117 118 120 123 126 123 119 118 118 117 116 116 114 111 110 109 108 109 111 114 116 116 116 115 115 114 115 115 116 117 117 118 120 121 120 119 119 119 119 119 120 120 120 120 120 121 121 121 122 122 123 124 125 126 128 130 133 137 144 155 162 162 149 130 123 120 116 115 114 112 110 108 106 107 109
90 88 86 86 82 75 69 75 91 104 113 114 113 112 109 108 108 107 107 109 111 113 114 117 123 128 126 122 119 119 118 117 118 119 116 114 112 110 110 112 115 117 117 116 114 114 113 112 113 114 116 115 115 116 118 119 119 119 119 119 120 120 121 121 121 121 121 121 122 122 123 123 124 125 126 128 130 133 136 143 153 159 159 145 128 120 117 115 114 113 112 111 112 114 116 116
90 87 82 81 78 75 76 86 96 104 109 109 110 110 107 105 103 101 102 105 107 109 111 118 129 137 133 126 122 120 119 118 118 120 119 117 115 113 111 112 114 117 118 117 114 112 112 111 112 113 114 115 116 115 116 117 117 118 119 120 121 121 121 121 121 122 122 122 122 122 123 124 124 125 126 128 130 132 136 141 148 153 152 141 126 119 116 114 112 110 110 113 116 119 120 118
