windninja/windninja_output/Output_2025-10-23_0400-0450_Google earth_Fire_150m_10min/merlingen_7.5mi_point_10-23-2025_0420_150m_vel.asc
ncols	158
nrows	163
xllcorner	391686.332397
yllcorner	5160024.123721
cellsize	150.000000
NODATA_value	-32768.000000
[rows 76 to 113 of 163, columns 0 to 83 of 158]
4.04 4.22 4.33 4.15 4.32 4.73 4.75 4.65 4.61 4.51 4.47 4.42 4.35 4.39 4.40 4.29 4.28 4.41 4.41 4.29 4.28 4.31 4.33 4.35 4.13 3.79 3.94 4.36 4.57 4.68 4.71 4.60 4.48 4.37 4.23 4.10 4.12 4.17 4.10 3.99 3.94 3.93 3.92 3.91 3.89 3.88 3.86 3.85 3.83 3.81 3.78 3.75 3.72 3.68 3.64 3.60 3.56 3.51 3.47 3.42 3.37 3.33 3.28 3.23 3.17 3.12 3.07 3.03 2.97 2.90 2.82 2.74 2.64 2.56 2.56 2.61 2.44 2.16 2.27 3.18 4.23 4.15 3.09 1.72
3.36 3.62 3.99 4.14 4.43 4.68 4.58 4.55 4.63 4.59 4.56 4.43 4.36 4.42 4.40 4.25 4.23 4.36 4.31 4.17 4.20 4.25 4.31 4.29 3.90 3.59 3.96 4.40 4.43 4.37 4.39 4.40 4.30 4.30 4.38 4.23 4.14 4.11 3.98 3.89 3.82 3.80 3.81 3.80 3.80 3.79 3.78 3.77 3.76 3.74 3.72 3.69 3.65 3.62 3.58 3.53 3.49 3.45 3.40 3.36 3.31 3.27 3.22 3.17 3.13 3.08 3.04 2.99 2.93 2.87 2.80 2.75 2.68 2.62 2.59 2.56 2.40 2.22 2.45 3.33 3.75 2.90 1.83 1.26
2.44 2.43 3.32 4.55 4.90 4.74 4.61 4.74 4.97 4.91 4.65 4.39 4.35 4.38 4.33 4.23 4.25 4.31 4.16 4.06 4.12 4.20 4.28 4.12 3.59 3.50 4.08 4.38 4.30 4.10 4.06 4.30 4.37 4.42 4.50 4.33 4.10 3.96 3.89 3.83 3.70 3.65 3.69 3.70 3.70 3.69 3.69 3.69 3.68 3.68 3.66 3.63 3.59 3.55 3.51 3.47 3.43 3.39 3.34 3.30 3.26 3.21 3.17 3.13 3.09 3.04 3.00 2.96 2.90 2.85 2.80 2.75 2.68 2.62 2.56 2.51 2.39 2.29 2.51 3.06 2.97 1.84 1.12 1.00
1.25 1.01 2.59 5.12 6.46 6.14 5.38 5.23 5.50 5.19 4.56 4.28 4.29 4.31 4.26 4.22 4.24 4.17 3.98 3.94 4.04 4.14 4.19 3.91 3.41 3.54 4.16 4.39 4.25 3.96 3.93 4.27 4.40 4.40 4.45 4.32 3.99 3.77 3.81 3.79 3.56 3.48 3.56 3.59 3.58 3.58 3.59 3.61 3.62 3.62 3.61 3.58 3.54 3.50 3.45 3.41 3.36 3.32 3.28 3.24 3.20 3.16 3.12 3.08 3.04 3.00 2.96 2.92 2.88 2.83 2.78 2.72 2.66 2.61 2.55 2.49 2.41 2.35 2.48 2.66 2.21 1.31 1.00 1.11
1.39 1.00 2.60 5.28 8.07 9.21 7.32 6.09 5.92 5.15 4.33 4.11 4.17 4.17 4.17 4.17 4.11 3.95 3.80 3.83 3.98 4.06 4.04 3.78 3.39 3.59 4.17 4.34 4.14 3.89 3.94 4.22 4.32 4.33 4.40 4.25 3.83 3.64 3.76 3.72 3.41 3.28 3.40 3.43 3.41 3.45 3.47 3.50 3.56 3.60 3.59 3.54 3.49 3.44 3.39 3.34 3.30 3.26 3.22 3.18 3.15 3.11 3.07 3.04 3.00 2.96 2.92 2.89 2.85 2.80 2.75 2.70 2.64 2.59 2.54 2.48 2.42 2.35 2.37 2.29 1.79 1.36 1.35 1.37
2.01 1.28 3.64 6.61 9.73 9.38 6.95 6.05 5.65 4.79 4.08 3.87 3.92 3.95 4.01 4.00 3.85 3.71 3.68 3.75 3.88 3.92 3.92 3.73 3.39 3.56 4.09 4.18 4.03 3.94 4.02 4.20 4.25 4.23 4.21 4.05 3.72 3.61 3.67 3.61 3.32 3.12 3.19 3.21 3.23 3.30 3.28 3.31 3.50 3.64 3.60 3.53 3.46 3.37 3.32 3.27 3.23 3.20 3.16 3.13 3.09 3.06 3.02 2.99 2.95 2.92 2.89 2.85 2.82 2.77 2.73 2.67 2.62 2.58 2.53 2.48 2.43 2.35 2.31 2.15 1.83 1.65 1.55 1.40
1.56 1.95 5.45 9.18 10.01 6.70 4.46 4.38 4.29 3.90 3.48 3.39 3.57 3.68 3.76 3.71 3.57 3.55 3.60 3.65 3.74 3.81 3.86 3.68 3.34 3.55 4.02 4.08 4.00 3.97 3.96 4.00 3.96 3.89 3.85 3.81 3.69 3.57 3.57 3.51 3.25 3.05 3.08 3.19 3.27 3.34 3.32 3.36 3.67 3.82 3.69 3.54 3.40 3.30 3.25 3.19 3.15 3.12 3.10 3.07 3.04 3.01 2.98 2.95 2.91 2.88 2.85 2.82 2.78 2.74 2.69 2.65 2.61 2.56 2.52 2.48 2.43 2.36 2.28 2.14 1.93 1.72 1.56 1.53
5.30 6.04 7.92 8.81 7.28 4.55 3.27 2.85 2.67 2.55 2.53 2.83 3.14 3.30 3.43 3.40 3.36 3.42 3.50 3.55 3.64 3.73 3.76 3.60 3.39 3.65 4.02 4.00 3.90 3.86 3.80 3.74 3.66 3.58 3.55 3.60 3.62 3.54 3.51 3.37 3.16 3.10 3.22 3.41 3.55 3.65 3.69 3.81 4.02 4.00 3.76 3.53 3.37 3.25 3.14 3.10 3.08 3.06 3.04 3.01 2.98 2.95 2.92 2.89 2.86 2.84 2.81 2.78 2.74 2.71 2.67 2.63 2.59 2.55 2.52 2.48 2.43 2.35 2.27 2.14 1.92 1.74 1.70 2.04
7.56 7.18 6.64 5.56 4.33 3.47 2.47 1.72 1.54 1.68 2.09 2.51 2.71 2.94 3.13 3.19 3.20 3.30 3.42 3.49 3.59 3.65 3.64 3.63 3.61 3.73 3.88 3.81 3.70 3.72 3.67 3.55 3.43 3.33 3.35 3.47 3.55 3.54 3.41 3.25 3.16 3.19 3.29 3.40 3.51 3.58 3.65 3.79 3.86 3.70 3.47 3.34 3.22 3.05 2.97 2.98 2.99 2.99 2.98 2.96 2.93 2.91 2.88 2.85 2.82 2.79 2.76 2.74 2.70 2.67 2.64 2.61 2.57 2.54 2.50 2.47 2.43 2.37 2.30 2.18 2.02 1.96 2.04 2.58
8.87 7.01 4.68 3.98 3.56 2.94 1.89 1.31 1.44 1.79 2.17 2.32 2.41 2.71 3.00 3.09 3.06 3.22 3.35 3.42 3.51 3.53 3.59 3.75 3.74 3.56 3.54 3.52 3.55 3.61 3.49 3.37 3.24 3.11 3.25 3.43 3.47 3.45 3.36 3.30 3.25 3.19 3.19 3.24 3.31 3.36 3.43 3.54 3.51 3.32 3.15 3.01 2.85 2.77 2.79 2.87 2.92 2.92 2.92 2.90 2.88 2.86 2.83 2.80 2.77 2.75 2.72 2.69 2.67 2.64 2.61 2.58 2.55 2.52 2.49 2.47 2.43 2.38 2.33 2.27 2.22 2.31 2.55 3.21
9.17 6.98 4.44 3.83 3.39 2.81 1.93 1.65 1.98 2.24 2.24 2.10 2.25 2.58 2.85 2.90 2.87 3.05 3.20 3.28 3.35 3.36 3.53 3.83 3.79 3.43 3.32 3.42 3.53 3.45 3.26 3.25 3.17 3.11 3.32 3.45 3.36 3.35 3.38 3.37 3.28 3.14 3.11 3.14 3.19 3.24 3.31 3.39 3.37 3.19 2.97 2.79 2.70 2.67 2.70 2.78 2.85 2.86 2.87 2.86 2.84 2.81 2.78 2.75 2.72 2.70 2.67 2.65 2.63 2.60 2.58 2.55 2.52 2.50 2.48 2.46 2.43 2.40 2.38 2.38 2.42 2.65 3.10 3.89
8.22 6.21 4.32 3.79 3.16 2.66 2.14 2.17 2.56 2.57 2.14 1.92 2.26 2.45 2.62 2.68 2.62 2.86 3.10 3.27 3.30 3.31 3.78 4.39 4.18 3.54 3.30 3.39 3.40 3.23 3.11 3.16 3.13 3.13 3.30 3.36 3.26 3.29 3.37 3.37 3.27 3.10 3.01 3.01 3.04 3.10 3.21 3.29 3.26 3.04 2.79 2.69 2.64 2.62 2.65 2.71 2.77 2.81 2.84 2.83 2.81 2.77 2.73 2.70 2.67 2.65 2.63 2.61 2.59 2.56 2.54 2.52 2.50 2.48 2.46 2.45 2.43 2.43 2.44 2.49 2.59 2.86 3.32 3.99
6.58 5.58 4.33 3.72 3.02 2.62 2.55 2.61 2.63 2.47 2.07 2.09 2.39 2.38 2.47 2.43 2.35 2.77 3.20 3.53 3.56 3.83 5.04 5.51 4.52 3.40 3.10 3.16 3.11 3.02 3.00 3.04 3.04 3.02 3.08 3.15 3.11 3.12 3.22 3.28 3.21 3.04 2.92 2.90 2.92 3.01 3.16 3.21 3.15 2.94 2.76 2.67 2.59 2.59 2.64 2.67 2.73 2.79 2.81 2.81 2.79 2.73 2.68 2.65 2.62 2.60 2.58 2.56 2.55 2.53 2.51 2.49 2.47 2.45 2.44 2.43 2.44 2.45 2.48 2.54 2.65 2.84 3.15 3.69
5.46 5.20 4.47 3.58 2.98 2.71 2.68 2.61 2.37 2.40 2.59 2.56 2.39 2.27 2.18 2.01 2.19 2.82 3.54 4.10 4.43 5.50 6.33 5.42 3.59 2.74 2.68 2.81 2.82 2.84 2.88 2.91 2.93 2.90 2.95 3.06 2.98 2.90 2.97 3.10 3.08 2.94 2.84 2.79 2.82 2.92 3.03 3.10 3.04 2.91 2.80 2.72 2.67 2.70 2.68 2.65 2.65 2.68 2.81 2.89 2.81 2.69 2.62 2.59 2.56 2.55 2.53 2.52 2.50 2.48 2.47 2.45 2.44 2.43 2.42 2.42 2.43 2.45 2.48 2.54 2.62 2.74 2.91 3.22
5.27 4.84 3.94 3.14 2.88 2.70 2.52 2.42 2.24 2.67 3.23 2.82 2.23 2.05 1.86 1.78 2.20 2.94 4.03 5.25 6.33 6.89 5.92 3.80 2.47 2.12 2.27 2.50 2.58 2.66 2.73 2.78 2.82 2.79 2.86 2.97 2.86 2.77 2.81 2.94 3.00 2.89 2.75 2.68 2.70 2.76 2.85 2.97 2.98 2.89 2.83 2.79 2.78 2.75 2.61 2.49 2.46 2.64 3.05 3.10 2.80 2.60 2.54 2.52 2.50 2.49 2.48 2.47 2.45 2.44 2.42 2.41 2.40 2.40 2.40 2.40 2.41 2.43 2.46 2.51 2.58 2.66 2.75 2.93
5.04 4.29 3.34 3.10 3.13 2.89 2.58 2.45 2.39 3.01 3.47 2.77 2.04 1.89 1.89 2.01 2.37 2.96 4.28 6.49 7.40 6.36 3.90 2.42 1.80 1.69 1.96 2.24 2.37 2.47 2.58 2.65 2.71 2.70 2.77 2.85 2.77 2.74 2.76 2.81 2.90 2.83 2.72 2.65 2.61 2.61 2.70 2.82 2.90 2.91 2.88 2.84 2.81 2.70 2.47 2.36 2.59 3.06 3.40 3.16 2.67 2.47 2.44 2.43 2.43 2.43 2.42 2.42 2.40 2.39 2.38 2.37 2.37 2.36 2.36 2.37 2.38 2.40 2.43 2.48 2.54 2.60 2.71 2.88
4.72 4.12 3.47 3.50 3.65 3.56 3.51 3.41 3.08 3.23 3.44 2.73 2.02 1.90 1.99 2.28 2.74 3.43 5.29 7.15 6.65 3.75 2.08 1.44 1.23 1.33 1.70 2.00 2.16 2.31 2.45 2.53 2.63 2.66 2.69 2.74 2.72 2.71 2.70 2.70 2.70 2.67 2.66 2.62 2.54 2.48 2.51 2.61 2.77 2.91 2.90 2.88 2.81 2.63 2.42 2.55 3.06 3.34 3.22 2.77 2.39 2.28 2.30 2.34 2.36 2.37 2.37 2.36 2.35 2.34 2.33 2.33 2.33 2.32 2.33 2.33 2.34 2.36 2.39 2.43 2.48 2.55 2.65 2.77
4.69 4.31 3.84 3.85 4.16 4.32 4.27 4.04 3.63 3.42 3.60 3.31 2.95 3.03 3.05 3.33 4.10 5.19 6.54 6.44 4.27 1.54 0.94 0.80 0.86 1.13 1.53 1.82 2.00 2.17 2.29 2.42 2.60 2.64 2.59 2.60 2.61 2.62 2.64 2.61 2.48 2.43 2.54 2.58 2.44 2.31 2.33 2.45 2.70 2.88 3.01 3.07 2.82 2.54 2.43 2.64 2.98 2.93 2.62 2.35 2.15 2.08 2.15 2.24 2.28 2.31 2.31 2.31 2.30 2.29 2.29 2.29 2.28 2.28 2.28 2.29 2.30 2.32 2.34 2.38 2.41 2.47 2.53 2.61
4.94 4.49 3.90 3.96 4.41 4.36 3.78 3.21 2.98 3.35 3.77 3.70 3.63 3.68 3.78 4.17 4.72 5.36 5.64 3.96 1.67 0.53 0.22 0.36 0.60 1.02 1.44 1.70 1.87 1.96 2.07 2.37 2.66 2.63 2.49 2.48 2.54 2.58 2.59 2.52 2.35 2.27 2.45 2.56 2.37 2.27 2.32 2.45 2.72 2.95 3.32 3.36 2.74 2.39 2.39 2.49 2.62 2.54 2.35 2.22 2.10 1.99 2.05 2.16 2.21 2.25 2.25 2.24 2.24 2.25 2.25 2.24 2.23 2.23 2.24 2.24 2.26 2.27 2.29 2.31 2.35 2.38 2.42 2.48
5.10 4.52 3.88 4.02 4.30 3.87 2.97 2.28 2.22 2.76 3.26 3.06 2.59 2.06 2.25 2.97 3.41 3.68 4.01 2.50 0.89 0.69 0.45 0.23 0.55 1.04 1.39 1.60 1.72 1.79 2.09 2.59 2.78 2.56 2.34 2.36 2.48 2.52 2.51 2.44 2.31 2.25 2.39 2.51 2.45 2.44 2.52 2.67 2.95 3.34 3.65 3.26 2.43 2.19 2.29 2.36 2.43 2.42 2.29 2.18 2.09 1.97 2.00 2.11 2.16 2.19 2.18 2.19 2.21 2.21 2.19 2.18 2.17 2.18 2.19 2.20 2.21 2.22 2.23 2.25 2.27 2.30 2.32 2.35
5.05 4.66 4.12 4.02 3.93 3.28 2.49 1.90 1.76 1.94 2.20 2.23 1.70 1.38 1.58 2.25 2.58 3.35 3.56 1.84 1.28 1.30 0.99 0.67 0.81 1.15 1.36 1.53 1.66 1.90 2.40 2.69 2.59 2.32 2.18 2.27 2.39 2.42 2.40 2.36 2.29 2.23 2.29 2.46 2.59 2.65 2.80 3.07 3.37 3.53 3.26 2.58 2.06 1.99 2.14 2.25 2.29 2.26 2.16 2.11 2.05 1.95 1.98 2.07 2.11 2.11 2.13 2.16 2.17 2.15 2.12 2.12 2.12 2.13 2.14 2.15 2.15 2.16 2.17 2.18 2.20 2.21 2.23 2.24
5.27 4.92 4.27 3.70 3.28 2.85 2.33 1.86 1.66 1.57 1.62 1.42 1.10 1.20 1.56 2.15 2.65 3.23 3.15 2.08 1.70 1.51 1.45 1.30 1.25 1.33 1.38 1.50 1.71 2.04 2.34 2.35 2.21 2.09 2.04 2.15 2.28 2.34 2.35 2.32 2.29 2.21 2.20 2.40 2.60 2.65 2.81 3.06 3.15 2.88 2.36 2.06 1.94 1.89 2.01 2.12 2.14 2.10 2.05 2.03 1.96 1.91 1.97 2.03 2.04 2.06 2.10 2.12 2.11 2.07 2.05 2.06 2.07 2.08 2.09 2.09 2.09 2.10 2.11 2.12 2.13 2.14 2.14 2.14
5.72 5.06 3.92 3.08 2.71 2.62 2.27 1.94 1.78 1.57 1.42 1.18 0.93 1.04 1.55 2.17 2.68 2.75 2.20 2.02 1.80 1.53 1.87 2.03 1.76 1.42 1.33 1.44 1.66 1.91 2.05 2.05 2.04 2.01 1.99 2.07 2.22 2.31 2.31 2.29 2.27 2.19 2.16 2.30 2.43 2.46 2.61 2.77 2.65 2.32 2.05 1.99 1.94 1.87 1.93 2.03 2.07 2.05 2.01 1.95 1.86 1.85 1.92 1.97 2.00 2.04 2.06 2.04 2.02 2.00 1.99 2.01 2.02 2.02 2.03 2.03 2.04 2.04 2.05 2.05 2.06 2.06 2.06 2.06
5.84 4.75 3.34 2.68 2.38 2.22 1.94 1.90 1.85 1.63 1.46 1.21 0.93 0.98 1.45 2.06 2.39 2.14 1.83 1.76 1.67 2.01 2.73 2.52 1.61 1.07 1.10 1.29 1.49 1.71 1.85 1.92 1.97 1.99 2.01 2.11 2.23 2.30 2.29 2.26 2.22 2.17 2.15 2.18 2.28 2.41 2.55 2.58 2.41 2.20 2.09 2.03 1.95 1.92 1.96 2.02 2.02 2.01 1.97 1.89 1.82 1.83 1.91 1.94 1.97 1.99 1.99 1.98 1.96 1.94 1.94 1.95 1.96 1.96 1.97 1.97 1.98 1.98 1.99 1.99 1.99 2.00 1.99 1.99
4.87 4.04 3.01 2.56 2.20 1.94 1.76 1.71 1.70 1.58 1.50 1.29 1.07 1.10 1.35 1.84 2.13 1.75 1.39 1.39 1.88 2.87 2.94 1.59 0.58 0.60 0.91 1.14 1.32 1.54 1.71 1.83 1.93 2.02 2.08 2.15 2.20 2.24 2.29 2.26 2.18 2.16 2.11 2.09 2.22 2.38 2.43 2.39 2.27 2.16 2.12 2.05 1.96 1.98 2.01 2.00 1.94 1.95 1.95 1.87 1.82 1.85 1.90 1.94 1.98 1.97 1.95 1.93 1.89 1.87 1.87 1.88 1.89 1.90 1.91 1.91 1.92 1.92 1.93 1.93 1.93 1.93 1.93 1.92
3.74 3.24 2.69 2.36 1.97 1.78 1.71 1.61 1.52 1.47 1.43 1.28 1.09 1.12 1.28 1.60 1.86 1.59 1.20 1.75 2.81 3.05 2.01 1.00 0.64 0.66 0.89 1.04 1.18 1.39 1.62 1.81 1.96 2.06 2.10 2.10 2.10 2.17 2.30 2.27 2.14 2.09 2.04 2.02 2.09 2.17 2.24 2.24 2.18 2.14 2.11 2.03 1.96 1.95 1.98 1.93 1.88 1.95 1.94 1.83 1.78 1.80 1.87 1.96 1.99 1.97 1.93 1.85 1.79 1.77 1.78 1.81 1.84 1.84 1.84 1.85 1.86 1.86 1.87 1.87 1.87 1.87 1.87 1.86
2.87 2.57 2.23 2.00 1.73 1.60 1.57 1.51 1.41 1.34 1.29 1.17 0.97 0.90 1.13 1.56 1.85 1.79 1.68 2.34 2.90 1.98 1.19 1.01 0.82 0.82 0.92 1.01 1.12 1.36 1.64 1.87 2.01 2.08 2.08 2.03 2.05 2.18 2.31 2.23 2.04 1.97 1.97 1.98 2.01 2.11 2.22 2.23 2.16 2.09 2.02 1.97 1.94 1.92 1.94 1.90 1.90 1.94 1.89 1.82 1.79 1.82 1.88 1.92 1.95 1.92 1.84 1.73 1.64 1.62 1.69 1.78 1.78 1.76 1.77 1.78 1.79 1.80 1.81 1.82 1.82 1.81 1.81 1.80
2.20 2.02 1.80 1.64 1.49 1.41 1.37 1.37 1.32 1.23 1.17 1.09 0.92 0.90 1.23 1.64 1.94 1.90 1.89 2.33 2.18 1.34 1.11 1.05 0.92 0.89 1.00 1.05 1.15 1.45 1.70 1.87 2.01 2.06 2.05 2.06 2.10 2.18 2.22 2.11 1.94 1.87 1.91 1.94 1.98 2.07 2.15 2.12 2.03 1.96 1.92 1.93 1.93 1.92 1.96 1.93 1.89 1.87 1.84 1.86 1.88 1.87 1.86 1.88 1.92 1.85 1.72 1.61 1.53 1.54 1.67 1.74 1.69 1.67 1.69 1.70 1.72 1.74 1.75 1.76 1.76 1.76 1.75 1.74
1.70 1.57 1.40 1.32 1.29 1.24 1.20 1.19 1.22 1.19 1.11 1.07 1.01 1.08 1.29 1.56 1.85 1.82 1.71 1.75 1.59 1.32 1.16 1.09 0.95 0.92 1.10 1.19 1.28 1.54 1.72 1.82 1.97 2.05 2.06 2.11 2.11 2.10 2.09 2.03 1.92 1.85 1.86 1.90 1.92 1.93 1.97 1.96 1.87 1.85 1.87 1.91 1.92 1.91 1.91 1.88 1.84 1.82 1.83 1.85 1.82 1.76 1.75 1.83 1.86 1.77 1.66 1.57 1.51 1.55 1.65 1.65 1.56 1.53 1.53 1.59 1.66 1.69 1.70 1.70 1.71 1.71 1.71 1.69
1.32 1.20 1.04 1.03 1.08 1.08 1.06 1.02 1.11 1.17 1.10 1.09 1.12 1.15 1.26 1.42 1.61 1.61 1.45 1.37 1.28 1.22 1.17 1.05 0.97 1.02 1.21 1.32 1.38 1.56 1.71 1.83 1.96 2.02 2.04 2.15 2.18 2.10 2.08 2.04 1.94 1.82 1.81 1.87 1.86 1.84 1.87 1.87 1.83 1.85 1.91 1.93 1.91 1.88 1.85 1.81 1.77 1.76 1.78 1.78 1.71 1.65 1.67 1.74 1.72 1.67 1.63 1.55 1.50 1.54 1.58 1.55 1.51 1.45 1.47 1.58 1.65 1.62 1.59 1.62 1.67 1.68 1.66 1.64
1.05 0.94 0.79 0.79 0.87 0.92 0.90 0.86 1.00 1.16 1.16 1.16 1.21 1.20 1.22 1.27 1.36 1.35 1.21 1.08 1.09 1.21 1.14 1.00 1.02 1.10 1.26 1.34 1.44 1.65 1.81 1.96 1.93 1.87 2.03 2.31 2.34 2.17 2.07 1.99 1.88 1.77 1.80 1.83 1.78 1.78 1.79 1.80 1.80 1.84 1.91 1.92 1.87 1.84 1.81 1.75 1.71 1.69 1.70 1.68 1.63 1.63 1.67 1.69 1.66 1.63 1.58 1.50 1.45 1.48 1.49 1.48 1.51 1.54 1.59 1.68 1.67 1.55 1.52 1.63 1.71 1.67 1.61 1.59
0.97 0.84 0.67 0.61 0.71 0.79 0.81 0.85 1.03 1.30 1.40 1.38 1.28 1.14 1.12 1.13 1.16 1.15 1.01 0.90 1.00 1.25 1.19 1.02 1.05 1.17 1.22 1.27 1.55 1.86 1.99 1.97 1.72 1.66 2.18 2.55 2.41 2.05 1.91 1.89 1.78 1.73 1.77 1.77 1.75 1.75 1.74 1.75 1.77 1.77 1.80 1.80 1.76 1.76 1.75 1.70 1.67 1.65 1.63 1.60 1.58 1.61 1.64 1.65 1.64 1.59 1.52 1.45 1.40 1.40 1.42 1.45 1.51 1.56 1.61 1.64 1.62 1.59 1.64 1.73 1.72 1.62 1.56 1.53
1.03 0.89 0.69 0.67 0.75 0.91 1.13 1.23 1.38 1.46 1.40 1.22 1.00 0.90 0.99 1.05 1.07 1.00 0.84 0.80 1.03 1.35 1.30 1.06 1.05 1.15 1.25 1.33 1.66 2.03 2.01 1.84 1.53 1.61 2.38 2.58 2.18 1.82 1.84 1.90 1.74 1.67 1.73 1.75 1.72 1.71 1.71 1.73 1.72 1.70 1.71 1.70 1.68 1.67 1.65 1.63 1.62 1.62 1.61 1.59 1.58 1.60 1.61 1.58 1.53 1.49 1.45 1.41 1.37 1.36 1.38 1.43 1.49 1.54 1.58 1.61 1.63 1.65 1.65 1.65 1.61 1.55 1.51 1.48
1.16 1.03 0.86 0.96 1.14 1.31 1.35 1.29 1.21 1.11 1.02 0.91 0.78 0.79 0.96 1.09 1.10 0.91 0.76 0.88 1.19 1.42 1.27 1.06 1.06 1.23 1.37 1.39 1.69 2.08 1.96 1.78 1.61 1.74 2.33 2.29 1.85 1.76 1.94 1.86 1.53 1.52 1.69 1.69 1.62 1.64 1.67 1.63 1.61 1.63 1.67 1.68 1.66 1.62 1.59 1.57 1.57 1.59 1.62 1.62 1.60 1.62 1.58 1.48 1.41 1.38 1.35 1.36 1.35 1.32 1.31 1.38 1.50 1.56 1.60 1.61 1.62 1.59 1.51 1.49 1.49 1.50 1.48 1.42
1.32 1.19 1.07 1.12 1.17 1.12 0.97 0.84 0.77 0.76 0.81 0.80 0.73 0.82 1.06 1.25 1.18 0.89 0.80 0.99 1.26 1.40 1.27 1.14 1.18 1.33 1.41 1.50 1.84 2.08 1.95 1.79 1.68 1.78 2.16 2.10 1.86 1.94 1.92 1.61 1.34 1.49 1.64 1.54 1.51 1.59 1.58 1.51 1.51 1.58 1.62 1.64 1.61 1.57 1.55 1.55 1.54 1.56 1.58 1.55 1.53 1.55 1.49 1.39 1.34 1.32 1.31 1.32 1.30 1.27 1.32 1.45 1.56 1.56 1.54 1.53 1.51 1.45 1.40 1.41 1.43 1.46 1.43 1.33
1.40 1.26 1.10 0.99 0.87 0.73 0.64 0.62 0.63 0.65 0.71 0.76 0.79 0.95 1.23 1.41 1.22 0.97 0.91 1.02 1.25 1.41 1.36 1.28 1.27 1.35 1.57 1.80 1.96 2.00 1.88 1.73 1.64 1.77 2.16 2.19 2.06 1.99 1.75 1.42 1.42 1.55 1.53 1.44 1.45 1.48 1.42 1.38 1.44 1.51 1.54 1.53 1.48 1.49 1.53 1.53 1.50 1.50 1.50 1.46 1.44 1.44 1.40 1.37 1.36 1.37 1.35 1.29 1.25 1.27 1.35 1.46 1.50 1.46 1.45 1.45 1.41 1.34 1.31 1.33 1.37 1.42 1.37 1.27
1.37 1.20 0.98 0.82 0.69 0.64 0.65 0.65 0.66 0.65 0.68 0.87 1.06 1.16 1.35 1.46 1.23 1.06 1.08 1.25 1.41 1.51 1.44 1.30 1.25 1.45 1.68 1.86 1.94 1.86 1.76 1.69 1.66 1.89 2.23 2.23 2.05 1.78 1.45 1.32 1.33 1.29 1.29 1.41 1.44 1.36 1.28 1.27 1.33 1.41 1.46 1.44 1.41 1.45 1.49 1.47 1.46 1.48 1.48 1.45 1.42 1.39 1.36 1.37 1.40 1.41 1.39 1.33 1.27 1.26 1.29 1.35 1.39 1.38 1.38 1.38 1.35 1.32 1.32 1.33 1.35 1.39 1.32 1.21
1.42 1.22 0.94 0.78 0.68 0.66 0.68 0.72 0.75 0.75 0.83 1.12 1.32 1.33 1.38 1.44 1.26 1.22 1.47 1.63 1.67 1.63 1.44 1.23 1.22 1.49 1.67 1.80 1.81 1.76 1.70 1.64 1.67 1.92 2.09 1.89 1.59 1.33 1.17 1.11 1.03 1.00 1.19 1.38 1.34 1.21 1.17 1.21 1.27 1.33 1.37 1.37 1.39 1.44 1.45 1.44 1.45 1.46 1.46 1.44 1.42 1.39 1.37 1.38 1.40 1.42 1.42 1.40 1.39 1.37 1.35 1.38 1.41 1.40 1.36 1.34 1.33 1.32 1.34 1.32 1.34 1.34 1.21 1.10
