windninja/windninja_output/Output_2025-10-23_0400-0450_Google earth_Fire_150m_10min/merlingen_7.5mi_point_10-23-2025_0430_150m_vel.asc
ncols	158
nrows	163
xllcorner	391686.332397
yllcorner	5160024.123721
cellsize	150.000000
NODATA_value	-32768.000000
[rows 114 to 151 of 163, columns 0 to 83 of 158]
1.23 1.04 0.87 0.94 1.10 1.19 1.24 1.29 1.23 1.27 1.67 2.33 2.43 2.08 2.29 2.69 2.24 1.80 1.86 1.88 2.06 2.44 2.42 1.95 2.25 2.84 2.97 2.85 2.89 2.96 2.99 3.53 4.32 5.13 5.27 4.22 3.16 2.63 2.19 1.86 1.73 2.26 3.03 3.20 2.66 2.24 2.23 2.24 2.16 2.12 2.06 1.96 1.94 1.97 2.03 2.03 1.95 1.93 2.01 2.04 1.91 1.75 1.80 1.97 1.88 1.78 1.79 1.79 1.79 1.72 1.66 1.79 1.93 1.90 1.93 2.07 2.11 2.05 1.94 1.96 2.18 2.15 1.80 1.60
1.34 1.13 0.98 1.05 1.14 1.18 1.23 1.19 1.15 1.45 2.11 2.60 2.32 1.87 2.26 3.00 2.73 2.11 1.88 1.79 1.98 2.25 2.44 2.66 2.95 3.06 2.88 2.71 3.04 3.02 2.69 3.13 4.26 5.11 4.95 4.05 3.21 2.64 2.13 1.78 1.99 2.77 3.23 3.08 2.69 2.47 2.38 2.20 2.10 2.09 2.04 1.98 1.91 1.88 1.94 1.95 1.90 1.87 1.92 2.00 1.89 1.72 1.78 1.94 1.91 1.75 1.74 1.78 1.79 1.71 1.64 1.70 1.83 1.86 1.86 1.99 2.10 2.08 1.92 1.87 2.15 2.19 1.84 1.56
1.47 1.24 1.06 1.04 1.10 1.13 1.13 1.12 1.32 1.86 2.61 2.68 2.07 1.68 2.39 3.37 2.92 2.02 1.86 1.99 2.27 2.57 2.85 3.12 3.15 3.03 2.69 2.56 3.16 3.20 2.85 3.06 3.81 4.74 4.86 4.10 3.33 2.55 2.16 2.16 2.52 3.09 3.07 2.79 2.64 2.39 2.06 1.88 1.97 2.06 2.06 2.01 1.90 1.82 1.81 1.84 1.85 1.83 1.86 1.94 1.85 1.70 1.76 1.92 1.92 1.73 1.68 1.74 1.74 1.69 1.62 1.63 1.74 1.88 1.87 1.92 2.02 2.07 1.94 1.83 2.08 2.23 1.85 1.47
1.51 1.27 1.01 0.95 1.03 1.08 1.12 1.28 1.74 2.32 2.77 2.50 1.84 1.70 2.60 3.42 2.75 1.92 2.13 2.59 2.88 3.13 3.27 3.30 3.24 3.17 2.82 2.66 3.38 3.25 2.83 2.91 3.38 4.46 4.87 4.22 3.31 2.46 2.30 2.72 3.03 3.03 2.72 2.58 2.49 2.13 1.92 1.98 2.12 2.19 2.18 2.05 1.90 1.79 1.71 1.77 1.84 1.82 1.81 1.87 1.83 1.73 1.78 1.93 1.89 1.69 1.64 1.70 1.70 1.66 1.61 1.60 1.67 1.81 1.92 1.94 1.91 1.96 1.95 1.87 2.08 2.25 1.83 1.36
1.54 1.29 0.98 0.94 1.06 1.16 1.26 1.57 2.08 2.46 2.63 2.29 1.81 1.88 2.55 3.19 2.88 2.18 2.43 2.81 2.98 3.11 3.18 3.25 3.38 3.40 3.33 3.50 3.61 3.31 3.05 3.28 3.95 5.04 4.87 3.94 3.28 2.59 2.69 3.12 3.02 2.71 2.46 2.37 2.27 2.13 2.10 2.21 2.28 2.26 2.16 1.95 1.82 1.71 1.64 1.71 1.80 1.78 1.77 1.83 1.84 1.77 1.84 1.94 1.85 1.69 1.64 1.64 1.63 1.63 1.62 1.58 1.58 1.70 1.90 1.96 1.82 1.82 1.92 1.97 2.13 2.17 1.75 1.32
1.65 1.40 1.04 0.99 1.15 1.24 1.40 1.74 2.17 2.36 2.42 2.28 1.92 2.00 2.30 2.87 3.18 2.63 2.41 2.54 2.66 2.77 2.93 3.16 3.37 3.44 3.47 3.58 3.57 3.65 4.16 4.66 5.09 5.19 4.21 3.22 2.82 2.81 3.07 3.13 2.75 2.44 2.30 2.32 2.38 2.31 2.16 2.16 2.17 2.06 1.91 1.75 1.67 1.60 1.55 1.61 1.71 1.75 1.75 1.81 1.85 1.82 1.86 1.89 1.75 1.63 1.57 1.51 1.54 1.62 1.62 1.55 1.53 1.61 1.79 1.89 1.81 1.77 1.90 2.01 2.09 2.05 1.71 1.40
1.73 1.49 1.13 1.06 1.15 1.19 1.40 1.78 2.20 2.22 2.20 2.43 2.16 2.04 2.12 2.66 3.28 2.96 2.40 2.33 2.41 2.54 2.78 3.07 3.28 3.35 3.30 3.25 3.57 4.15 4.53 4.59 4.46 4.04 3.30 2.80 2.49 2.60 2.70 2.47 2.34 2.30 2.38 2.50 2.48 2.31 2.21 2.22 2.10 1.90 1.77 1.65 1.58 1.54 1.48 1.49 1.63 1.74 1.74 1.80 1.88 1.79 1.72 1.64 1.40 1.38 1.42 1.36 1.45 1.61 1.62 1.53 1.52 1.57 1.64 1.72 1.77 1.80 1.88 1.98 2.01 1.99 1.75 1.52
1.77 1.57 1.32 1.35 1.36 1.30 1.49 1.89 2.24 2.11 2.06 2.62 2.42 2.12 2.18 2.55 3.17 3.06 2.40 2.14 2.14 2.31 2.57 2.88 3.19 3.28 3.20 3.26 3.89 4.51 4.35 3.88 3.59 3.24 2.98 2.68 2.32 2.20 1.89 1.76 1.84 1.95 2.14 2.17 2.07 2.04 2.11 2.10 1.92 1.77 1.65 1.57 1.54 1.50 1.43 1.44 1.62 1.74 1.72 1.77 1.75 1.50 1.31 1.20 1.07 1.25 1.44 1.37 1.43 1.60 1.60 1.51 1.53 1.55 1.53 1.53 1.63 1.76 1.88 1.97 1.99 1.99 1.82 1.67
1.77 1.61 1.52 1.60 1.60 1.63 1.77 1.98 2.19 1.98 1.99 2.81 2.66 2.14 2.10 2.32 2.89 2.91 2.11 1.76 1.85 2.14 2.38 2.64 3.09 3.15 3.10 3.43 4.30 4.72 4.12 3.68 3.41 2.90 2.78 2.57 2.14 1.99 1.67 1.48 1.47 1.50 1.65 1.66 1.64 1.72 1.73 1.59 1.52 1.49 1.46 1.48 1.45 1.39 1.37 1.44 1.59 1.67 1.61 1.57 1.37 1.06 0.96 0.99 1.05 1.37 1.63 1.57 1.52 1.54 1.53 1.51 1.55 1.55 1.48 1.41 1.44 1.61 1.82 1.94 2.01 2.06 1.95 1.83
1.63 1.48 1.42 1.43 1.43 1.55 1.72 1.88 2.07 1.93 2.05 2.97 2.73 1.88 1.76 2.04 2.49 2.60 2.00 1.65 1.79 2.04 2.23 2.53 2.95 3.03 3.02 3.59 4.83 4.91 3.80 3.35 3.12 2.62 2.58 2.48 2.00 1.86 1.71 1.39 1.31 1.34 1.41 1.50 1.57 1.62 1.56 1.38 1.32 1.32 1.39 1.43 1.34 1.27 1.28 1.29 1.34 1.39 1.31 1.19 0.96 0.85 0.96 1.09 1.23 1.54 1.73 1.70 1.59 1.47 1.44 1.53 1.57 1.54 1.46 1.37 1.34 1.47 1.69 1.83 1.98 2.16 2.12 1.89
1.53 1.39 1.29 1.27 1.30 1.46 1.59 1.70 1.94 1.95 2.22 2.83 2.27 1.49 1.52 1.84 2.09 2.21 2.07 1.90 1.98 2.11 2.22 2.52 2.80 2.89 3.11 4.28 5.72 4.89 3.20 2.88 2.85 2.50 2.41 2.36 1.93 1.76 1.69 1.36 1.26 1.26 1.25 1.41 1.58 1.62 1.56 1.42 1.31 1.35 1.43 1.39 1.26 1.22 1.19 1.11 1.06 1.10 1.09 0.93 0.84 1.03 1.22 1.29 1.42 1.62 1.68 1.65 1.58 1.38 1.33 1.48 1.55 1.52 1.48 1.41 1.37 1.46 1.62 1.71 1.85 2.17 2.22 1.87
1.46 1.37 1.32 1.35 1.42 1.50 1.55 1.68 2.01 2.08 2.25 2.47 1.89 1.24 1.36 1.65 1.82 1.85 1.95 2.20 2.49 2.57 2.50 2.56 2.92 3.27 4.25 6.07 5.83 3.90 2.48 2.45 2.63 2.34 2.18 2.23 1.92 1.68 1.64 1.39 1.20 1.15 1.16 1.34 1.56 1.62 1.59 1.45 1.34 1.35 1.34 1.27 1.21 1.19 1.15 1.10 1.05 1.08 1.14 1.04 1.10 1.34 1.41 1.39 1.48 1.58 1.56 1.53 1.50 1.37 1.29 1.44 1.56 1.54 1.52 1.48 1.45 1.48 1.57 1.64 1.67 2.00 2.21 1.96
1.30 1.26 1.26 1.34 1.39 1.42 1.52 1.84 2.13 2.12 2.09 2.14 1.77 1.28 1.44 1.67 1.69 1.66 1.85 2.21 2.67 3.23 3.26 3.22 4.28 5.41 5.82 5.72 4.18 2.57 2.09 2.18 2.41 2.15 2.00 2.11 1.90 1.60 1.52 1.34 1.15 1.09 1.14 1.30 1.55 1.71 1.66 1.47 1.35 1.30 1.22 1.14 1.10 1.09 1.07 1.03 1.03 1.11 1.23 1.27 1.35 1.43 1.37 1.33 1.40 1.47 1.44 1.41 1.39 1.35 1.37 1.51 1.63 1.60 1.58 1.55 1.50 1.46 1.51 1.57 1.58 1.81 2.05 2.01
1.28 1.22 1.23 1.30 1.36 1.46 1.66 2.01 2.12 2.04 1.90 1.89 1.86 1.73 1.90 1.85 1.69 1.78 2.07 2.51 3.49 4.50 4.75 4.79 5.01 5.29 4.67 3.34 2.44 1.95 1.84 2.01 2.21 2.02 1.89 1.94 1.80 1.57 1.37 1.25 1.13 1.06 1.15 1.31 1.56 1.77 1.65 1.37 1.21 1.14 1.12 1.07 1.00 0.97 0.96 0.94 0.95 1.08 1.26 1.29 1.28 1.27 1.22 1.23 1.32 1.37 1.35 1.31 1.30 1.30 1.40 1.58 1.66 1.64 1.63 1.63 1.51 1.47 1.57 1.61 1.63 1.78 1.89 1.91
1.30 1.23 1.20 1.25 1.33 1.49 1.76 2.01 2.04 1.93 1.82 1.91 2.11 2.18 2.18 1.97 1.89 2.20 2.94 4.68 5.54 5.13 4.57 4.05 3.73 3.32 2.69 2.11 1.75 1.59 1.67 1.92 2.03 1.83 1.68 1.71 1.69 1.50 1.24 1.17 1.13 1.12 1.23 1.37 1.59 1.76 1.60 1.20 1.01 1.00 1.02 0.99 0.95 0.93 0.92 0.92 0.96 1.09 1.20 1.18 1.15 1.14 1.14 1.20 1.26 1.29 1.27 1.23 1.23 1.24 1.36 1.56 1.68 1.65 1.62 1.64 1.56 1.55 1.65 1.71 1.78 1.84 1.82 1.84
1.24 1.14 1.06 1.09 1.17 1.34 1.62 1.87 1.89 1.82 1.87 2.07 2.18 2.18 2.18 2.27 2.42 3.08 4.81 6.12 5.24 3.65 2.91 2.46 2.41 2.44 2.21 1.79 1.46 1.44 1.61 1.74 1.71 1.54 1.45 1.54 1.56 1.35 1.15 1.14 1.17 1.21 1.30 1.45 1.64 1.75 1.56 1.14 1.00 1.03 1.02 0.94 0.87 0.87 0.87 0.90 0.96 1.05 1.11 1.11 1.10 1.10 1.12 1.16 1.21 1.22 1.19 1.17 1.17 1.20 1.30 1.50 1.67 1.68 1.64 1.69 1.67 1.56 1.62 1.76 1.85 1.87 1.83 1.80
1.26 1.15 1.06 1.08 1.13 1.27 1.50 1.68 1.74 1.75 1.86 1.90 1.84 1.90 2.08 2.51 3.35 4.56 5.55 5.01 3.19 2.35 2.20 2.14 2.23 2.35 2.02 1.53 1.43 1.51 1.54 1.48 1.40 1.33 1.31 1.38 1.41 1.27 1.15 1.17 1.23 1.30 1.44 1.61 1.75 1.74 1.48 1.10 1.02 1.02 0.94 0.84 0.77 0.76 0.80 0.87 0.93 0.99 1.06 1.08 1.06 1.05 1.07 1.11 1.14 1.15 1.14 1.14 1.13 1.15 1.24 1.43 1.60 1.68 1.71 1.81 1.79 1.60 1.64 1.82 1.89 1.89 1.80 1.68
1.34 1.25 1.17 1.16 1.21 1.39 1.53 1.55 1.62 1.67 1.66 1.58 1.54 1.69 2.03 2.64 3.83 4.82 4.46 2.94 2.27 2.13 2.05 2.03 2.19 2.22 1.71 1.45 1.47 1.48 1.46 1.41 1.32 1.24 1.23 1.30 1.37 1.39 1.30 1.28 1.39 1.50 1.63 1.75 1.77 1.58 1.24 0.97 0.93 0.90 0.77 0.69 0.69 0.72 0.76 0.80 0.83 0.89 0.96 0.98 0.94 0.96 1.00 1.05 1.08 1.10 1.12 1.10 1.09 1.10 1.21 1.40 1.50 1.63 1.77 1.92 1.94 1.73 1.69 1.89 2.03 1.95 1.71 1.54
1.31 1.21 1.12 1.15 1.30 1.53 1.62 1.58 1.62 1.62 1.51 1.47 1.51 1.73 2.20 2.79 4.04 4.55 3.36 2.28 2.10 2.03 1.98 2.01 2.12 2.02 1.52 1.30 1.32 1.24 1.23 1.24 1.18 1.16 1.26 1.40 1.53 1.58 1.52 1.53 1.67 1.75 1.76 1.81 1.69 1.27 0.95 0.84 0.82 0.73 0.60 0.58 0.64 0.70 0.73 0.76 0.77 0.81 0.86 0.86 0.87 0.96 0.98 1.01 1.04 1.06 1.08 1.08 1.06 1.07 1.21 1.36 1.41 1.58 1.79 1.98 2.14 1.89 1.71 1.94 2.12 1.92 1.61 1.51
1.27 1.15 1.09 1.20 1.42 1.59 1.59 1.63 1.74 1.76 1.69 1.63 1.63 1.92 2.41 3.25 4.55 4.44 3.28 2.43 2.21 2.10 2.05 2.01 1.92 1.66 1.32 1.18 1.16 1.08 1.05 1.06 1.03 1.14 1.37 1.51 1.59 1.59 1.53 1.62 1.77 1.80 1.80 1.81 1.55 1.10 0.88 0.81 0.71 0.54 0.48 0.53 0.60 0.67 0.72 0.75 0.76 0.80 0.86 0.89 0.97 1.04 1.00 0.98 1.01 1.02 1.05 1.07 1.04 1.09 1.22 1.31 1.37 1.52 1.73 2.04 2.28 1.98 1.72 1.94 2.06 1.80 1.51 1.43
1.35 1.25 1.24 1.35 1.51 1.54 1.54 1.68 1.82 1.92 2.01 1.96 2.01 2.28 3.13 4.62 4.98 4.09 3.00 2.43 2.20 2.03 1.89 1.74 1.49 1.32 1.23 1.18 1.15 1.11 1.06 1.06 1.08 1.21 1.36 1.44 1.49 1.44 1.43 1.61 1.73 1.71 1.73 1.61 1.24 1.01 0.91 0.78 0.60 0.49 0.50 0.55 0.60 0.65 0.70 0.71 0.73 0.79 0.87 0.93 1.01 1.01 0.94 0.94 0.97 0.99 1.01 1.04 1.09 1.16 1.23 1.31 1.37 1.39 1.61 2.05 2.32 2.10 1.78 1.89 1.97 1.71 1.38 1.27
1.33 1.32 1.37 1.46 1.53 1.54 1.59 1.72 1.81 1.92 1.99 2.00 2.13 2.74 4.38 5.19 4.41 3.29 2.56 2.18 1.94 1.66 1.49 1.32 1.15 1.13 1.18 1.21 1.22 1.22 1.18 1.16 1.20 1.24 1.29 1.34 1.33 1.27 1.42 1.67 1.70 1.57 1.49 1.24 0.98 0.91 0.83 0.68 0.58 0.55 0.56 0.58 0.60 0.63 0.65 0.67 0.71 0.79 0.87 0.93 0.96 0.93 0.90 0.91 0.93 0.95 0.95 1.00 1.16 1.26 1.30 1.34 1.35 1.31 1.49 1.92 2.25 2.23 1.89 1.86 1.84 1.58 1.34 1.27
1.21 1.26 1.33 1.37 1.44 1.52 1.60 1.64 1.64 1.69 1.71 1.77 1.93 2.92 4.65 4.46 3.26 2.74 2.27 1.94 1.63 1.28 1.15 1.11 1.07 1.06 1.13 1.22 1.29 1.30 1.24 1.20 1.21 1.22 1.27 1.32 1.26 1.22 1.44 1.68 1.58 1.43 1.25 0.93 0.80 0.73 0.64 0.55 0.53 0.52 0.52 0.55 0.59 0.62 0.64 0.66 0.71 0.82 0.92 0.96 0.95 0.92 0.91 0.90 0.88 0.88 0.88 0.96 1.20 1.33 1.33 1.32 1.35 1.36 1.44 1.73 2.10 2.22 2.04 1.87 1.74 1.53 1.42 1.47
1.11 1.13 1.17 1.19 1.26 1.37 1.41 1.40 1.41 1.48 1.54 1.72 1.97 3.22 4.53 3.83 2.89 2.45 1.95 1.64 1.38 1.13 1.01 1.03 1.01 1.02 1.10 1.25 1.34 1.26 1.08 1.03 1.09 1.16 1.26 1.30 1.23 1.21 1.43 1.65 1.51 1.29 0.98 0.69 0.59 0.51 0.46 0.45 0.45 0.46 0.48 0.52 0.57 0.60 0.62 0.67 0.76 0.90 0.96 0.96 0.94 0.91 0.89 0.85 0.80 0.79 0.81 0.92 1.16 1.34 1.34 1.30 1.37 1.40 1.36 1.53 1.92 2.10 2.07 2.04 1.84 1.57 1.56 1.69
1.08 1.03 1.01 1.04 1.13 1.18 1.15 1.16 1.29 1.48 1.69 1.97 2.54 4.19 4.67 3.56 2.67 2.06 1.52 1.34 1.25 1.08 0.98 0.95 0.91 0.94 1.05 1.23 1.30 1.15 1.00 0.97 1.07 1.17 1.22 1.21 1.14 1.21 1.49 1.65 1.40 0.99 0.70 0.53 0.45 0.41 0.40 0.41 0.43 0.45 0.49 0.54 0.58 0.60 0.63 0.72 0.86 0.96 0.95 0.93 0.90 0.88 0.85 0.78 0.70 0.68 0.73 0.88 1.11 1.33 1.43 1.41 1.42 1.42 1.37 1.41 1.72 1.93 1.96 2.14 2.09 1.66 1.77 1.84
1.14 1.03 0.94 1.05 1.18 1.12 1.04 1.13 1.32 1.53 1.88 2.46 3.81 5.00 4.37 2.84 2.09 1.65 1.30 1.16 1.18 1.07 0.96 0.90 0.84 0.89 1.02 1.16 1.17 1.05 1.01 1.09 1.16 1.13 1.15 1.14 1.13 1.34 1.60 1.55 1.09 0.67 0.52 0.41 0.37 0.37 0.39 0.41 0.44 0.48 0.53 0.58 0.62 0.65 0.73 0.86 0.96 0.96 0.93 0.91 0.87 0.86 0.83 0.73 0.64 0.62 0.71 0.90 1.11 1.30 1.50 1.62 1.56 1.49 1.44 1.41 1.52 1.75 1.81 2.08 2.26 2.10 2.17 1.94
1.19 1.09 1.01 1.14 1.19 1.16 1.24 1.36 1.42 1.72 2.19 3.07 4.79 4.79 3.01 1.93 1.60 1.37 1.18 1.16 1.19 1.10 0.95 0.86 0.85 0.91 1.00 1.06 1.07 1.00 1.00 1.11 1.13 1.12 1.23 1.27 1.29 1.44 1.47 1.22 0.75 0.49 0.40 0.33 0.31 0.33 0.36 0.40 0.45 0.49 0.53 0.58 0.64 0.75 0.89 0.98 0.98 0.94 0.91 0.88 0.86 0.87 0.84 0.76 0.73 0.77 0.86 1.00 1.14 1.31 1.54 1.72 1.67 1.54 1.52 1.40 1.35 1.59 1.77 2.04 2.45 2.54 2.23 1.76
1.21 1.13 1.02 1.02 1.01 1.16 1.48 1.64 1.73 2.22 2.78 4.05 4.84 3.41 1.85 1.52 1.33 1.23 1.21 1.33 1.36 1.25 1.06 0.95 0.93 0.94 0.96 0.96 0.97 0.94 0.97 1.06 1.12 1.23 1.35 1.37 1.38 1.37 1.17 0.83 0.54 0.40 0.34 0.31 0.31 0.34 0.37 0.42 0.46 0.49 0.50 0.51 0.61 0.79 0.94 0.99 0.98 0.95 0.93 0.91 0.92 0.94 0.91 0.90 0.99 1.14 1.26 1.30 1.34 1.49 1.62 1.68 1.75 1.76 1.66 1.35 1.18 1.46 1.81 2.16 2.67 2.67 2.02 1.54
1.20 1.09 0.90 0.85 0.95 1.22 1.49 1.71 2.11 2.52 3.17 4.54 4.28 2.06 1.40 1.33 1.23 1.29 1.38 1.44 1.38 1.28 1.24 1.23 1.19 1.08 0.96 0.86 0.85 0.89 0.95 1.05 1.15 1.24 1.28 1.29 1.28 1.17 0.90 0.62 0.48 0.43 0.40 0.39 0.39 0.39 0.41 0.44 0.47 0.46 0.45 0.49 0.61 0.74 0.85 0.90 0.92 0.94 0.96 0.99 1.02 1.01 1.01 1.07 1.22 1.40 1.51 1.55 1.59 1.63 1.61 1.61 1.85 2.00 1.69 1.25 1.11 1.39 1.87 2.40 2.65 2.50 2.15 1.76
1.29 1.15 0.98 0.96 1.09 1.26 1.46 1.73 2.18 2.42 3.22 3.97 2.98 1.65 1.38 1.32 1.31 1.45 1.49 1.31 1.13 1.07 1.11 1.23 1.31 1.29 1.14 0.93 0.85 0.91 1.00 1.11 1.14 1.11 1.13 1.12 1.01 0.80 0.63 0.53 0.50 0.49 0.47 0.46 0.45 0.44 0.44 0.44 0.44 0.43 0.46 0.59 0.74 0.84 0.90 0.86 0.85 0.91 0.95 0.99 1.02 1.04 1.07 1.15 1.24 1.30 1.36 1.42 1.46 1.47 1.47 1.58 1.91 1.97 1.51 1.18 1.18 1.34 1.94 2.47 2.30 2.23 2.40 1.96
1.43 1.25 1.18 1.21 1.18 1.21 1.46 1.78 2.06 2.18 2.85 3.53 2.65 1.76 1.54 1.38 1.38 1.51 1.37 0.99 0.88 0.89 0.90 0.96 1.00 1.04 1.10 1.14 1.12 1.08 1.06 1.12 1.09 1.02 0.98 0.82 0.60 0.49 0.47 0.48 0.49 0.49 0.48 0.47 0.46 0.46 0.45 0.45 0.45 0.47 0.57 0.72 0.85 0.94 0.91 0.81 0.83 0.88 0.89 0.96 1.06 1.11 1.12 1.14 1.12 1.13 1.22 1.26 1.24 1.25 1.34 1.54 1.87 1.86 1.39 1.13 1.16 1.27 1.95 2.33 1.97 2.22 2.49 1.74
1.42 1.22 1.22 1.33 1.37 1.42 1.60 1.84 2.09 2.14 2.48 3.61 3.31 2.21 1.82 1.53 1.48 1.49 1.09 0.78 0.77 0.80 0.82 0.79 0.70 0.68 0.82 1.05 1.20 1.23 1.16 1.11 1.02 0.93 0.81 0.53 0.36 0.34 0.38 0.44 0.48 0.49 0.48 0.47 0.46 0.46 0.46 0.47 0.50 0.58 0.68 0.77 0.86 0.89 0.83 0.82 0.88 0.92 0.99 1.14 1.21 1.22 1.20 1.15 1.07 1.10 1.19 1.15 1.10 1.16 1.26 1.46 1.79 1.78 1.35 1.05 1.07 1.27 1.88 2.15 2.02 2.46 2.31 1.16
1.32 1.15 1.22 1.43 1.66 1.87 1.98 2.09 2.31 2.27 2.82 4.09 3.61 2.38 2.08 1.90 1.82 1.65 1.22 0.95 0.90 0.84 0.77 0.68 0.62 0.64 0.69 0.75 0.84 1.00 1.11 1.07 0.94 0.77 0.55 0.37 0.29 0.31 0.36 0.43 0.48 0.49 0.49 0.49 0.50 0.50 0.51 0.52 0.56 0.63 0.69 0.74 0.83 0.86 0.88 0.95 1.00 1.06 1.20 1.29 1.27 1.23 1.20 1.20 1.24 1.29 1.27 1.17 1.14 1.20 1.24 1.38 1.68 1.73 1.33 1.00 1.07 1.38 1.71 1.99 2.37 2.46 1.67 0.90
1.16 1.06 1.17 1.37 1.69 2.02 2.14 2.29 2.49 2.88 4.05 4.32 2.93 1.94 1.83 1.84 1.80 1.67 1.57 1.51 1.43 1.27 1.00 0.72 0.60 0.64 0.67 0.68 0.71 0.71 0.70 0.74 0.66 0.51 0.40 0.35 0.34 0.38 0.43 0.46 0.48 0.50 0.54 0.57 0.58 0.58 0.58 0.59 0.62 0.65 0.67 0.72 0.80 0.83 0.87 0.95 1.05 1.16 1.23 1.22 1.19 1.15 1.16 1.25 1.38 1.47 1.50 1.52 1.54 1.53 1.52 1.54 1.66 1.69 1.33 1.05 1.29 1.71 1.79 2.06 2.47 1.89 1.09 0.83
1.05 0.95 1.04 1.30 1.59 1.81 1.96 2.19 2.84 3.75 4.24 3.34 1.96 1.49 1.39 1.39 1.40 1.38 1.39 1.45 1.53 1.56 1.48 1.26 0.99 0.83 0.81 0.82 0.81 0.69 0.56 0.49 0.44 0.41 0.42 0.44 0.47 0.49 0.50 0.51 0.53 0.55 0.58 0.61 0.64 0.65 0.65 0.67 0.69 0.69 0.67 0.70 0.74 0.78 0.84 0.95 1.06 1.12 1.19 1.20 1.14 1.12 1.18 1.28 1.37 1.45 1.56 1.67 1.76 1.87 1.96 1.91 1.80 1.63 1.35 1.30 1.81 2.25 2.17 2.26 2.08 1.14 0.96 0.93
1.18 1.19 1.27 1.40 1.63 1.92 2.09 2.36 3.43 3.84 3.15 2.07 1.54 1.31 1.21 1.18 1.18 1.15 1.11 1.11 1.17 1.27 1.38 1.47 1.43 1.30 1.18 1.09 0.94 0.74 0.58 0.47 0.42 0.43 0.46 0.50 0.55 0.58 0.58 0.57 0.59 0.61 0.62 0.63 0.63 0.65 0.67 0.70 0.70 0.69 0.67 0.66 0.69 0.78 0.93 1.02 1.03 1.03 1.10 1.14 1.12 1.15 1.22 1.29 1.36 1.46 1.53 1.56 1.61 1.79 1.93 1.84 1.65 1.46 1.38 1.73 2.37 2.38 1.88 1.72 1.24 0.75 0.99 1.11
1.38 1.52 1.71 1.73 2.06 2.39 2.30 2.60 3.78 3.61 2.23 1.62 1.37 1.16 1.08 1.05 1.00 0.99 1.04 1.06 1.01 0.97 1.02 1.13 1.28 1.34 1.25 1.01 0.79 0.65 0.51 0.45 0.44 0.45 0.48 0.52 0.57 0.61 0.64 0.65 0.65 0.66 0.66 0.66 0.65 0.65 0.65 0.68 0.69 0.69 0.67 0.67 0.71 0.86 1.02 1.05 1.04 1.03 1.03 1.04 1.05 1.15 1.24 1.34 1.45 1.51 1.50 1.45 1.45 1.61 1.75 1.57 1.29 1.24 1.46 2.08 2.43 1.89 1.12 0.94 0.65 0.51 0.93 1.28
1.41 1.45 1.68 1.95 2.22 2.27 2.08 2.61 3.87 3.38 1.90 1.46 1.26 1.06 0.96 0.91 0.86 0.89 0.95 0.95 0.90 0.83 0.80 0.85 0.95 1.05 1.03 0.82 0.64 0.59 0.56 0.53 0.51 0.52 0.53 0.55 0.58 0.63 0.67 0.70 0.71 0.70 0.70 0.70 0.71 0.73 0.71 0.67 0.67 0.69 0.70 0.72 0.79 0.92 1.04 1.07 1.08 1.06 1.07 1.09 1.06 1.12 1.29 1.42 1.50 1.49 1.45 1.44 1.49 1.71 1.83 1.50 1.12 1.18 1.60 2.19 2.16 1.25 0.67 0.53 0.38 0.42 0.77 1.30
