windninja/windninja_output/Output_2025-10-23_0400-0450_Google earth_Fire_150m_10min/merlingen_7.5mi_point_10-23-2025_0400_150m_vel.asc
ncols	158
nrows	163
xllcorner	391686.332397
yllcorner	5160024.123721
cellsize	150.000000
NODATA_value	-32768.000000
[rows 38 to 75 of 163, columns 0 to 83 of 158]
5.23 5.22 5.16 4.96 4.71 4.61 4.59 4.60 4.63 4.73 4.70 4.53 4.47 4.52 4.51 4.43 4.34 4.26 4.19 4.13 4.06 3.94 3.83 3.73 3.56 3.27 2.92 2.72 3.33 4.28 4.32 4.18 4.34 4.34 4.47 3.93 3.07 3.22 3.66 3.57 3.44 3.45 3.46 3.44 3.51 3.44 3.18 2.97 2.86 3.03 3.12 2.80 2.55 2.71 2.82 2.52 2.30 2.44 2.59 2.74 2.81 2.53 1.92 1.33 1.20 1.66 2.37 2.43 1.79 1.35 1.31 1.36 1.33 1.11 0.93 0.95 0.84 0.71 1.05 1.29 1.03 0.92 1.06 1.29
5.23 5.22 5.04 4.85 4.70 4.61 4.62 4.73 4.78 4.78 4.70 4.54 4.51 4.59 4.58 4.46 4.38 4.32 4.25 4.20 4.11 4.00 3.90 3.81 3.65 3.37 3.14 3.16 3.62 4.11 4.13 4.00 3.94 3.96 4.01 3.38 2.84 3.32 3.78 3.75 3.65 3.59 3.60 3.49 3.41 3.47 3.27 2.88 2.72 3.06 3.27 2.86 2.41 2.56 2.86 2.55 2.16 2.24 2.51 2.67 2.68 2.64 2.40 1.79 1.34 1.62 2.36 2.36 1.71 1.39 1.35 1.35 1.27 1.08 0.99 1.04 0.89 0.65 0.91 1.35 1.29 1.07 1.04 1.16
5.11 5.20 4.96 4.79 4.72 4.64 4.71 4.87 4.89 4.75 4.64 4.59 4.57 4.63 4.63 4.50 4.41 4.37 4.31 4.25 4.17 4.06 3.94 3.86 3.75 3.51 3.38 3.42 3.50 3.80 4.09 3.92 3.63 3.61 3.41 2.86 2.73 3.20 3.68 3.89 3.88 3.83 3.79 3.46 3.26 3.42 3.34 2.89 2.64 2.94 3.35 3.03 2.39 2.35 2.69 2.60 2.16 2.06 2.34 2.54 2.51 2.56 2.72 2.39 1.65 1.67 2.32 2.29 1.73 1.49 1.37 1.29 1.19 0.97 0.98 1.10 0.91 0.69 0.81 1.21 1.39 1.33 1.26 1.26
4.88 4.97 4.82 4.71 4.69 4.71 4.80 4.91 4.90 4.71 4.60 4.65 4.64 4.64 4.63 4.53 4.43 4.40 4.36 4.29 4.22 4.08 3.95 3.92 3.83 3.63 3.54 3.47 3.39 3.69 4.05 3.80 3.42 3.23 2.82 2.59 2.77 3.06 3.44 3.84 3.97 4.04 3.85 3.46 3.30 3.32 3.23 2.92 2.63 2.81 3.36 3.24 2.49 2.15 2.38 2.54 2.24 1.97 2.16 2.38 2.32 2.25 2.56 2.69 2.16 1.86 2.20 2.25 1.84 1.58 1.41 1.31 1.19 0.93 0.96 1.09 0.90 0.75 0.79 1.02 1.24 1.31 1.39 1.42
4.58 4.63 4.58 4.55 4.63 4.79 4.84 4.84 4.85 4.70 4.61 4.67 4.67 4.63 4.61 4.54 4.45 4.41 4.40 4.35 4.24 4.07 3.97 3.97 3.88 3.71 3.62 3.52 3.46 3.69 3.87 3.64 3.30 2.91 2.51 2.45 2.70 3.12 3.51 3.76 3.93 3.98 3.79 3.64 3.48 3.15 2.99 2.91 2.74 2.84 3.40 3.38 2.54 2.03 2.16 2.36 2.23 2.01 2.07 2.25 2.19 2.02 2.21 2.54 2.52 2.22 2.09 2.16 1.97 1.65 1.54 1.49 1.31 1.03 1.03 1.08 0.91 0.81 0.81 0.97 1.13 1.18 1.28 1.40
4.30 4.32 4.31 4.41 4.61 4.81 4.77 4.71 4.77 4.70 4.61 4.65 4.67 4.60 4.56 4.52 4.45 4.41 4.42 4.37 4.22 4.07 4.01 3.97 3.90 3.76 3.67 3.62 3.57 3.60 3.63 3.51 3.22 2.82 2.51 2.39 2.69 3.33 3.60 3.60 3.69 3.79 3.84 3.86 3.48 2.91 2.79 2.89 2.91 3.05 3.44 3.32 2.55 2.06 2.11 2.22 2.15 2.05 2.06 2.19 2.15 1.99 2.00 2.13 2.39 2.39 2.10 2.03 2.01 1.86 1.81 1.81 1.63 1.35 1.25 1.18 1.04 0.93 0.87 0.94 1.07 1.15 1.23 1.31
4.00 3.99 4.08 4.35 4.58 4.65 4.61 4.62 4.67 4.66 4.60 4.60 4.61 4.54 4.52 4.49 4.44 4.44 4.43 4.35 4.21 4.09 4.01 3.95 3.90 3.81 3.74 3.69 3.58 3.49 3.48 3.43 3.17 2.85 2.58 2.50 2.88 3.35 3.43 3.33 3.39 3.71 4.01 3.87 3.19 2.74 2.77 2.92 3.09 3.25 3.34 3.10 2.53 2.16 2.17 2.22 2.11 2.05 2.10 2.19 2.18 2.09 1.95 1.90 2.11 2.25 2.10 1.91 1.82 1.86 1.91 1.96 1.91 1.71 1.52 1.35 1.17 1.05 0.99 0.99 1.02 1.09 1.19 1.27
3.68 3.75 3.99 4.30 4.40 4.42 4.49 4.55 4.55 4.56 4.57 4.55 4.52 4.49 4.49 4.46 4.44 4.45 4.42 4.31 4.19 4.09 3.99 3.93 3.90 3.85 3.79 3.66 3.54 3.45 3.42 3.36 3.16 2.90 2.68 2.69 2.90 3.09 3.14 3.11 3.25 3.73 4.07 3.64 2.83 2.66 2.91 3.10 3.28 3.29 3.11 2.86 2.52 2.20 2.18 2.27 2.15 2.06 2.13 2.19 2.18 2.15 2.00 1.90 2.03 2.05 1.96 1.80 1.54 1.48 1.64 1.77 1.85 1.80 1.65 1.45 1.21 1.11 1.12 1.12 1.09 1.09 1.13 1.20
3.46 3.65 3.96 4.10 4.13 4.25 4.39 4.43 4.43 4.46 4.51 4.49 4.44 4.44 4.45 4.44 4.43 4.41 4.36 4.26 4.15 4.04 3.97 3.94 3.92 3.86 3.75 3.62 3.53 3.45 3.39 3.31 3.16 2.94 2.78 2.76 2.83 2.91 2.99 3.03 3.19 3.59 3.88 3.37 2.63 2.69 3.07 3.36 3.40 3.09 2.81 2.65 2.48 2.29 2.18 2.23 2.22 2.17 2.19 2.13 2.08 2.13 2.07 1.95 1.97 1.92 1.79 1.70 1.46 1.33 1.43 1.53 1.68 1.73 1.67 1.52 1.30 1.16 1.16 1.17 1.12 1.09 1.10 1.12
3.39 3.58 3.76 3.73 3.82 4.13 4.31 4.31 4.32 4.37 4.43 4.41 4.36 4.36 4.40 4.40 4.37 4.33 4.28 4.20 4.08 3.99 3.96 3.94 3.90 3.81 3.69 3.60 3.52 3.45 3.37 3.27 3.15 2.99 2.81 2.73 2.82 2.91 2.92 2.96 3.06 3.36 3.53 3.05 2.64 2.88 3.27 3.48 3.27 2.77 2.57 2.48 2.42 2.42 2.27 2.21 2.30 2.33 2.32 2.07 1.91 2.07 2.12 1.96 1.88 1.83 1.67 1.58 1.46 1.36 1.38 1.43 1.54 1.62 1.61 1.52 1.35 1.17 1.10 1.12 1.11 1.07 1.08 1.08
3.30 3.40 3.44 3.34 3.55 4.09 4.28 4.21 4.20 4.26 4.32 4.29 4.24 4.26 4.33 4.33 4.28 4.24 4.20 4.12 4.01 3.96 3.93 3.90 3.86 3.76 3.65 3.58 3.50 3.43 3.34 3.23 3.14 3.03 2.84 2.72 2.83 2.90 2.84 2.85 2.97 3.14 3.09 2.72 2.72 3.17 3.44 3.34 2.99 2.57 2.40 2.39 2.39 2.42 2.28 2.23 2.37 2.44 2.38 2.03 1.79 2.00 2.14 1.99 1.82 1.71 1.56 1.47 1.42 1.38 1.37 1.39 1.45 1.51 1.52 1.47 1.35 1.21 1.13 1.14 1.17 1.12 1.07 1.06
3.21 3.22 3.10 2.96 3.38 4.08 4.25 4.14 4.08 4.15 4.19 4.14 4.14 4.18 4.24 4.24 4.19 4.15 4.12 4.03 3.96 3.94 3.88 3.83 3.82 3.73 3.61 3.53 3.47 3.40 3.31 3.22 3.14 3.05 2.87 2.74 2.81 2.85 2.79 2.77 2.86 2.93 2.76 2.54 2.77 3.32 3.42 3.07 2.71 2.36 2.23 2.38 2.47 2.41 2.28 2.30 2.49 2.52 2.29 1.95 1.77 1.94 2.13 2.07 1.81 1.59 1.46 1.38 1.35 1.35 1.36 1.38 1.40 1.42 1.44 1.43 1.37 1.30 1.27 1.26 1.25 1.21 1.13 1.06
3.15 3.03 2.76 2.74 3.43 4.08 4.16 4.11 4.00 4.00 4.01 4.01 4.05 4.09 4.12 4.14 4.11 4.05 4.02 3.96 3.91 3.90 3.82 3.76 3.77 3.69 3.56 3.48 3.43 3.36 3.28 3.21 3.12 3.03 2.89 2.79 2.79 2.79 2.72 2.67 2.71 2.78 2.65 2.48 2.78 3.27 3.21 2.82 2.49 2.13 2.03 2.32 2.49 2.35 2.29 2.43 2.62 2.50 2.13 1.86 1.77 1.88 2.13 2.15 1.80 1.49 1.37 1.30 1.28 1.29 1.31 1.34 1.34 1.34 1.35 1.35 1.33 1.32 1.34 1.35 1.31 1.26 1.18 1.09
3.03 2.79 2.50 2.74 3.60 4.02 3.96 4.04 3.95 3.85 3.83 3.90 3.95 3.96 3.99 4.01 4.02 3.94 3.91 3.91 3.86 3.82 3.75 3.70 3.69 3.61 3.50 3.43 3.38 3.32 3.25 3.18 3.09 3.00 2.91 2.83 2.76 2.70 2.64 2.56 2.61 2.74 2.63 2.46 2.72 3.06 2.90 2.55 2.37 2.07 1.98 2.31 2.43 2.27 2.30 2.57 2.63 2.37 2.04 1.83 1.76 1.85 2.15 2.18 1.73 1.41 1.32 1.26 1.26 1.27 1.28 1.29 1.29 1.28 1.28 1.25 1.22 1.23 1.29 1.36 1.37 1.30 1.19 1.06
2.85 2.58 2.39 2.82 3.62 3.80 3.65 3.89 3.96 3.73 3.63 3.75 3.79 3.80 3.85 3.89 3.91 3.84 3.82 3.83 3.77 3.71 3.67 3.64 3.60 3.51 3.44 3.38 3.33 3.27 3.20 3.12 3.04 2.98 2.90 2.83 2.74 2.65 2.58 2.46 2.52 2.73 2.63 2.42 2.53 2.77 2.55 2.20 2.25 2.17 2.14 2.31 2.36 2.31 2.45 2.65 2.47 2.16 1.99 1.87 1.79 1.85 2.19 2.17 1.65 1.35 1.28 1.25 1.27 1.28 1.28 1.28 1.28 1.27 1.26 1.21 1.14 1.12 1.16 1.27 1.35 1.37 1.27 1.08
2.61 2.51 2.54 2.95 3.56 3.59 3.39 3.71 3.89 3.55 3.41 3.56 3.61 3.65 3.72 3.79 3.78 3.74 3.74 3.72 3.67 3.61 3.58 3.57 3.49 3.42 3.37 3.32 3.28 3.22 3.14 3.08 3.01 2.94 2.87 2.80 2.72 2.63 2.54 2.40 2.46 2.70 2.63 2.33 2.26 2.43 2.25 1.90 2.08 2.21 2.20 2.26 2.28 2.41 2.65 2.63 2.22 1.95 1.92 1.91 1.84 1.90 2.20 2.13 1.61 1.32 1.26 1.27 1.31 1.31 1.29 1.29 1.30 1.29 1.27 1.22 1.14 1.09 1.07 1.11 1.21 1.34 1.37 1.25
2.39 2.51 2.69 2.99 3.40 3.37 3.17 3.39 3.62 3.42 3.29 3.39 3.46 3.52 3.60 3.66 3.64 3.63 3.61 3.58 3.57 3.53 3.50 3.47 3.40 3.35 3.30 3.26 3.21 3.15 3.08 3.02 2.96 2.89 2.83 2.76 2.68 2.61 2.51 2.39 2.43 2.60 2.53 2.22 2.03 2.10 2.01 1.79 1.99 2.12 2.10 2.22 2.26 2.42 2.75 2.55 1.99 1.78 1.85 1.92 1.91 1.98 2.19 2.05 1.59 1.35 1.29 1.32 1.41 1.42 1.37 1.33 1.30 1.28 1.25 1.22 1.16 1.13 1.11 1.06 1.10 1.24 1.36 1.39
2.21 2.41 2.60 2.71 2.92 2.98 2.85 2.93 3.28 3.41 3.28 3.26 3.32 3.39 3.45 3.51 3.52 3.52 3.49 3.47 3.47 3.44 3.40 3.36 3.31 3.26 3.22 3.18 3.13 3.07 3.02 2.96 2.90 2.84 2.78 2.71 2.64 2.57 2.49 2.41 2.40 2.44 2.36 2.13 1.95 1.91 1.84 1.79 1.91 1.93 1.90 2.17 2.26 2.37 2.73 2.43 1.83 1.70 1.79 1.88 1.93 2.03 2.17 2.01 1.61 1.37 1.31 1.31 1.41 1.47 1.43 1.36 1.31 1.27 1.25 1.22 1.19 1.18 1.18 1.11 1.09 1.17 1.27 1.34
2.10 2.25 2.40 2.37 2.48 2.67 2.64 2.65 3.00 3.36 3.32 3.17 3.21 3.28 3.29 3.36 3.41 3.39 3.36 3.34 3.35 3.34 3.31 3.27 3.20 3.16 3.14 3.09 3.05 2.99 2.95 2.90 2.83 2.77 2.72 2.66 2.58 2.52 2.46 2.39 2.34 2.29 2.20 2.06 1.96 1.86 1.77 1.74 1.75 1.67 1.69 2.08 2.19 2.34 2.66 2.23 1.71 1.69 1.77 1.83 1.90 1.98 2.11 2.03 1.64 1.33 1.24 1.23 1.27 1.36 1.38 1.37 1.35 1.31 1.28 1.25 1.24 1.24 1.23 1.19 1.13 1.13 1.17 1.22
2.00 2.08 2.22 2.23 2.32 2.52 2.59 2.60 2.86 3.33 3.34 3.07 3.09 3.18 3.17 3.21 3.27 3.26 3.24 3.22 3.24 3.24 3.20 3.17 3.10 3.07 3.05 3.00 2.96 2.92 2.87 2.82 2.76 2.70 2.65 2.59 2.52 2.46 2.41 2.34 2.28 2.20 2.11 2.01 1.95 1.87 1.72 1.62 1.58 1.44 1.50 1.93 2.10 2.32 2.55 2.04 1.59 1.67 1.78 1.82 1.88 1.92 2.02 2.02 1.73 1.38 1.21 1.18 1.22 1.29 1.34 1.38 1.38 1.35 1.33 1.29 1.30 1.31 1.29 1.27 1.23 1.18 1.16 1.15
1.86 1.92 2.04 2.10 2.19 2.37 2.52 2.62 2.88 3.29 3.18 2.84 2.89 3.07 3.09 3.08 3.11 3.12 3.11 3.11 3.12 3.11 3.10 3.08 3.00 2.96 2.95 2.91 2.87 2.83 2.79 2.74 2.68 2.63 2.58 2.52 2.45 2.40 2.34 2.28 2.21 2.13 2.05 1.96 1.91 1.83 1.68 1.55 1.45 1.29 1.30 1.70 2.03 2.26 2.39 1.92 1.50 1.61 1.75 1.79 1.82 1.88 1.96 1.99 1.82 1.50 1.28 1.23 1.28 1.34 1.35 1.37 1.37 1.35 1.34 1.32 1.32 1.33 1.34 1.33 1.31 1.27 1.21 1.15
1.75 1.76 1.84 1.93 2.03 2.21 2.40 2.59 2.85 3.02 2.84 2.53 2.63 3.01 3.11 2.99 2.96 2.99 2.99 2.98 2.97 2.99 3.01 2.97 2.89 2.86 2.84 2.81 2.78 2.74 2.70 2.64 2.60 2.55 2.50 2.44 2.38 2.33 2.27 2.21 2.14 2.07 2.00 1.92 1.85 1.77 1.65 1.52 1.39 1.21 1.13 1.44 1.91 2.14 2.18 1.82 1.48 1.56 1.68 1.70 1.71 1.77 1.89 1.94 1.84 1.59 1.37 1.29 1.31 1.36 1.35 1.33 1.35 1.35 1.34 1.32 1.31 1.30 1.29 1.28 1.26 1.26 1.25 1.22
1.54 1.56 1.64 1.75 1.87 2.06 2.28 2.52 2.70 2.71 2.60 2.41 2.53 2.96 3.05 2.90 2.83 2.86 2.87 2.86 2.85 2.89 2.90 2.83 2.78 2.75 2.73 2.71 2.68 2.64 2.61 2.55 2.51 2.46 2.41 2.36 2.30 2.25 2.19 2.13 2.07 2.00 1.93 1.86 1.79 1.71 1.61 1.50 1.36 1.18 1.05 1.25 1.71 1.95 1.94 1.71 1.54 1.58 1.58 1.57 1.58 1.61 1.74 1.84 1.81 1.64 1.41 1.25 1.25 1.31 1.31 1.30 1.31 1.32 1.32 1.32 1.33 1.29 1.25 1.22 1.18 1.19 1.21 1.19
1.36 1.39 1.47 1.58 1.72 1.93 2.17 2.44 2.59 2.56 2.51 2.42 2.55 2.76 2.80 2.82 2.78 2.76 2.77 2.72 2.72 2.77 2.75 2.69 2.65 2.63 2.63 2.62 2.58 2.54 2.50 2.46 2.42 2.37 2.32 2.27 2.22 2.17 2.11 2.05 1.99 1.93 1.87 1.80 1.72 1.64 1.56 1.47 1.35 1.20 1.06 1.15 1.49 1.71 1.69 1.56 1.56 1.59 1.50 1.45 1.45 1.46 1.56 1.68 1.71 1.64 1.46 1.28 1.24 1.29 1.31 1.30 1.29 1.29 1.29 1.28 1.29 1.29 1.26 1.23 1.19 1.16 1.15 1.12
1.22 1.24 1.33 1.47 1.64 1.88 2.13 2.35 2.48 2.46 2.43 2.38 2.42 2.45 2.51 2.70 2.72 2.69 2.67 2.59 2.60 2.61 2.58 2.54 2.50 2.52 2.55 2.53 2.48 2.43 2.40 2.36 2.32 2.28 2.22 2.18 2.13 2.08 2.02 1.97 1.91 1.85 1.79 1.72 1.66 1.58 1.51 1.43 1.33 1.22 1.07 1.08 1.32 1.45 1.42 1.42 1.54 1.54 1.43 1.38 1.35 1.35 1.42 1.53 1.59 1.59 1.49 1.36 1.30 1.29 1.30 1.31 1.29 1.27 1.27 1.26 1.26 1.27 1.26 1.24 1.22 1.19 1.17 1.12
1.05 1.07 1.18 1.36 1.59 1.84 2.05 2.22 2.31 2.33 2.32 2.28 2.24 2.25 2.35 2.50 2.58 2.61 2.58 2.53 2.49 2.44 2.42 2.40 2.37 2.43 2.48 2.42 2.36 2.32 2.29 2.25 2.21 2.17 2.13 2.08 2.03 1.99 1.94 1.88 1.83 1.77 1.71 1.65 1.59 1.52 1.45 1.38 1.30 1.22 1.08 1.03 1.17 1.24 1.17 1.29 1.50 1.48 1.35 1.31 1.30 1.30 1.36 1.39 1.41 1.40 1.30 1.28 1.30 1.31 1.31 1.31 1.30 1.27 1.27 1.29 1.30 1.30 1.31 1.30 1.29 1.26 1.24 1.21
0.89 0.91 1.03 1.26 1.52 1.72 1.86 2.03 2.14 2.15 2.18 2.22 2.14 2.12 2.21 2.31 2.42 2.46 2.49 2.50 2.37 2.26 2.27 2.26 2.24 2.32 2.38 2.30 2.23 2.22 2.18 2.14 2.10 2.07 2.02 1.98 1.94 1.89 1.84 1.79 1.74 1.69 1.63 1.57 1.51 1.45 1.39 1.33 1.26 1.19 1.09 0.99 1.03 1.08 0.98 1.08 1.40 1.44 1.30 1.22 1.20 1.24 1.30 1.30 1.24 1.17 1.14 1.18 1.25 1.29 1.32 1.33 1.32 1.30 1.27 1.30 1.34 1.38 1.40 1.39 1.37 1.33 1.30 1.30
0.79 0.82 0.99 1.23 1.46 1.59 1.68 1.84 1.96 1.97 2.09 2.21 2.05 1.95 2.05 2.16 2.22 2.21 2.33 2.42 2.26 2.14 2.16 2.15 2.12 2.19 2.25 2.17 2.13 2.12 2.06 2.02 1.99 1.96 1.92 1.88 1.83 1.79 1.74 1.70 1.65 1.60 1.55 1.49 1.44 1.38 1.33 1.27 1.21 1.15 1.08 0.98 0.94 0.96 0.87 0.87 1.17 1.36 1.31 1.19 1.08 1.09 1.22 1.32 1.30 1.23 1.19 1.19 1.22 1.25 1.29 1.32 1.32 1.28 1.26 1.28 1.34 1.39 1.39 1.39 1.38 1.36 1.36 1.43
0.72 0.73 0.89 1.14 1.35 1.50 1.56 1.69 1.84 1.92 2.08 2.15 1.93 1.83 1.92 2.00 2.01 2.00 2.15 2.27 2.16 2.06 2.07 2.06 2.03 2.07 2.09 2.04 2.02 2.00 1.94 1.91 1.88 1.85 1.81 1.77 1.73 1.69 1.64 1.60 1.55 1.51 1.46 1.41 1.36 1.31 1.26 1.21 1.15 1.10 1.04 0.98 0.92 0.88 0.80 0.74 0.88 1.12 1.23 1.18 1.06 1.04 1.20 1.36 1.42 1.38 1.29 1.23 1.20 1.19 1.21 1.25 1.28 1.28 1.28 1.27 1.29 1.33 1.34 1.38 1.45 1.51 1.61 1.76
0.62 0.63 0.80 1.00 1.24 1.44 1.45 1.49 1.69 1.91 2.05 1.95 1.79 1.76 1.74 1.77 1.84 1.88 1.99 2.09 2.03 1.95 1.99 1.99 1.94 1.92 1.93 1.92 1.90 1.87 1.82 1.78 1.76 1.73 1.69 1.66 1.62 1.58 1.54 1.50 1.45 1.41 1.37 1.33 1.28 1.24 1.19 1.15 1.10 1.05 1.01 0.96 0.91 0.86 0.78 0.71 0.70 0.81 0.98 1.06 0.99 0.96 1.06 1.21 1.33 1.38 1.34 1.25 1.17 1.14 1.15 1.17 1.21 1.24 1.25 1.25 1.24 1.27 1.33 1.42 1.56 1.70 1.79 1.80
0.65 0.65 0.80 0.97 1.30 1.47 1.31 1.24 1.52 1.86 1.91 1.72 1.66 1.64 1.56 1.60 1.72 1.79 1.84 1.88 1.84 1.81 1.88 1.90 1.83 1.77 1.77 1.82 1.80 1.75 1.71 1.65 1.64 1.61 1.57 1.54 1.51 1.47 1.43 1.39 1.35 1.31 1.28 1.24 1.20 1.16 1.12 1.08 1.04 1.01 0.97 0.93 0.89 0.84 0.79 0.73 0.69 0.68 0.76 0.85 0.81 0.78 0.85 0.96 1.10 1.22 1.28 1.27 1.23 1.18 1.14 1.11 1.11 1.13 1.15 1.17 1.18 1.19 1.25 1.35 1.45 1.52 1.49 1.28
0.59 0.59 0.72 0.95 1.25 1.32 1.09 1.04 1.48 1.88 1.80 1.58 1.53 1.49 1.43 1.48 1.57 1.67 1.68 1.65 1.64 1.68 1.75 1.78 1.67 1.56 1.70 1.81 1.72 1.65 1.59 1.52 1.51 1.48 1.44 1.42 1.40 1.36 1.33 1.29 1.25 1.22 1.19 1.15 1.12 1.08 1.05 1.02 0.99 0.96 0.93 0.90 0.87 0.84 0.80 0.76 0.73 0.70 0.69 0.71 0.67 0.63 0.67 0.73 0.80 0.93 1.07 1.18 1.22 1.20 1.15 1.11 1.11 1.13 1.13 1.11 1.08 1.09 1.13 1.20 1.23 1.17 1.03 0.90
0.50 0.49 0.57 0.74 0.95 0.97 0.79 0.89 1.42 1.78 1.57 1.31 1.30 1.28 1.27 1.31 1.37 1.48 1.50 1.45 1.49 1.55 1.61 1.64 1.41 1.31 1.68 1.83 1.66 1.55 1.47 1.40 1.37 1.33 1.30 1.30 1.28 1.25 1.21 1.19 1.15 1.12 1.10 1.07 1.04 1.01 0.98 0.96 0.94 0.91 0.89 0.87 0.84 0.83 0.80 0.78 0.76 0.73 0.72 0.70 0.66 0.61 0.57 0.54 0.53 0.60 0.74 0.86 0.96 1.04 1.11 1.15 1.16 1.15 1.10 1.05 1.02 1.02 1.04 1.03 0.98 0.88 0.81 0.83
0.47 0.47 0.51 0.59 0.67 0.71 0.68 0.79 1.21 1.51 1.20 0.98 1.04 1.05 1.09 1.13 1.18 1.30 1.34 1.32 1.35 1.40 1.47 1.46 1.19 1.15 1.57 1.77 1.63 1.47 1.38 1.30 1.24 1.18 1.15 1.16 1.16 1.13 1.10 1.08 1.06 1.03 1.01 0.98 0.96 0.94 0.92 0.90 0.88 0.87 0.85 0.84 0.82 0.81 0.80 0.78 0.77 0.75 0.74 0.73 0.71 0.66 0.61 0.55 0.50 0.48 0.48 0.52 0.61 0.74 0.91 1.04 1.08 1.05 1.01 1.00 1.01 1.00 0.95 0.85 0.77 0.74 0.78 0.89
0.40 0.43 0.49 0.52 0.54 0.62 0.68 0.80 1.04 1.16 0.94 0.86 0.91 0.93 0.98 1.01 1.05 1.14 1.21 1.20 1.22 1.29 1.33 1.28 1.10 1.06 1.36 1.61 1.57 1.43 1.31 1.22 1.14 1.05 1.01 1.02 1.02 1.00 0.99 0.98 0.95 0.94 0.92 0.91 0.89 0.88 0.86 0.86 0.84 0.83 0.82 0.81 0.81 0.80 0.79 0.78 0.78 0.77 0.76 0.75 0.73 0.71 0.69 0.66 0.62 0.57 0.51 0.47 0.47 0.52 0.61 0.70 0.80 0.81 0.83 0.85 0.90 0.90 0.85 0.78 0.74 0.76 0.90 1.04
0.37 0.39 0.42 0.44 0.49 0.57 0.64 0.75 0.85 0.82 0.77 0.80 0.82 0.84 0.91 0.92 0.94 1.01 1.08 1.09 1.12 1.19 1.19 1.14 1.01 0.95 1.14 1.38 1.43 1.38 1.26 1.16 1.09 0.98 0.90 0.88 0.87 0.86 0.87 0.88 0.87 0.85 0.84 0.83 0.83 0.82 0.81 0.81 0.80 0.80 0.80 0.80 0.79 0.79 0.79 0.78 0.78 0.78 0.78 0.77 0.76 0.75 0.74 0.72 0.69 0.66 0.63 0.60 0.56 0.53 0.49 0.46 0.48 0.56 0.64 0.69 0.75 0.78 0.76 0.77 0.79 0.90 1.09 1.11
0.34 0.35 0.39 0.41 0.43 0.47 0.52 0.59 0.63 0.61 0.66 0.71 0.71 0.77 0.83 0.82 0.81 0.90 0.99 0.98 1.01 1.06 1.05 1.02 0.91 0.85 0.98 1.15 1.25 1.28 1.20 1.10 1.04 0.97 0.84 0.76 0.75 0.75 0.76 0.77 0.79 0.78 0.78 0.78 0.77 0.77 0.77 0.77 0.78 0.78 0.77 0.78 0.78 0.79 0.79 0.79 0.79 0.79 0.79 0.78 0.77 0.77 0.77 0.76 0.74 0.72 0.71 0.69 0.67 0.64 0.58 0.50 0.46 0.50 0.60 0.69 0.75 0.77 0.75 0.77 0.93 1.15 1.20 0.97
0.30 0.31 0.34 0.39 0.39 0.40 0.43 0.47 0.48 0.47 0.54 0.59 0.61 0.67 0.73 0.72 0.70 0.80 0.89 0.87 0.87 0.89 0.88 0.90 0.84 0.76 0.84 0.96 1.05 1.14 1.11 1.02 0.98 0.94 0.79 0.69 0.68 0.68 0.67 0.68 0.69 0.72 0.73 0.73 0.74 0.74 0.74 0.74 0.75 0.76 0.76 0.77 0.77 0.78 0.79 0.80 0.80 0.81 0.81 0.81 0.81 0.80 0.79 0.79 0.78 0.77 0.77 0.76 0.74 0.71 0.67 0.63 0.61 0.61 0.65 0.72 0.75 0.77 0.80 0.87 1.11 1.23 1.01 0.71
