windninja/windninja_output/Output_2025-08-24_1600-1650_Google earth_Fire_150m_10min/merlingen_7.5mi_point_08-24-2025_1610_150m_vel.asc
ncols	158
nrows	163
xllcorner	391686.332397
yllcorner	5160024.123721
cellsize	150.000000
NODATA_value	-32768.000000
[rows 74 to 110 of 163, columns 0 to 83 of 158]
1.25 1.19 1.11 1.06 1.08 1.12 1.14 1.17 1.14 1.07 1.07 1.09 1.10 1.15 1.20 1.25 1.30 1.35 1.39 1.42 1.48 1.54 1.58 1.60 1.61 1.64 1.69 1.70 1.68 1.68 1.70 1.74 1.80 1.84 1.83 1.79 1.77 1.77 1.79 1.80 1.81 1.82 1.84 1.85 1.87 1.89 1.91 1.94 1.96 1.98 2.00 2.02 2.05 2.07 2.08 2.10 2.11 2.12 2.14 2.15 2.16 2.18 2.19 2.20 2.21 2.20 2.20 2.21 2.23 2.24 2.22 2.13 1.97 1.88 1.97 2.17 2.27 2.13 1.99 2.19 2.97 4.21 4.88 3.84
1.11 1.02 0.92 0.89 0.92 0.99 1.04 1.07 1.08 1.08 1.09 1.10 1.12 1.17 1.22 1.26 1.31 1.37 1.40 1.41 1.42 1.43 1.45 1.48 1.52 1.55 1.58 1.62 1.66 1.69 1.71 1.75 1.79 1.78 1.73 1.72 1.73 1.76 1.78 1.78 1.78 1.79 1.81 1.83 1.85 1.86 1.88 1.91 1.93 1.95 1.98 2.00 2.02 2.04 2.06 2.08 2.10 2.11 2.13 2.15 2.16 2.18 2.19 2.20 2.21 2.22 2.23 2.25 2.27 2.26 2.24 2.18 2.13 2.11 2.19 2.36 2.34 2.19 2.20 2.66 3.83 4.57 4.01 2.14
1.12 0.92 0.71 0.67 0.75 0.88 0.96 0.99 1.03 1.05 1.09 1.12 1.14 1.19 1.24 1.27 1.30 1.35 1.37 1.38 1.40 1.42 1.45 1.48 1.48 1.44 1.46 1.56 1.64 1.68 1.68 1.66 1.61 1.55 1.54 1.59 1.66 1.72 1.74 1.74 1.75 1.76 1.77 1.79 1.81 1.83 1.85 1.88 1.90 1.93 1.95 1.98 2.00 2.03 2.05 2.07 2.09 2.10 2.12 2.14 2.16 2.17 2.19 2.20 2.21 2.23 2.26 2.28 2.28 2.27 2.26 2.25 2.26 2.28 2.34 2.39 2.31 2.23 2.46 3.20 3.99 3.72 2.42 0.76
1.27 0.92 0.48 0.43 0.62 0.80 0.88 0.96 1.04 1.10 1.14 1.16 1.18 1.22 1.24 1.25 1.29 1.34 1.35 1.36 1.38 1.42 1.46 1.49 1.43 1.36 1.42 1.53 1.56 1.56 1.54 1.51 1.49 1.52 1.60 1.65 1.68 1.70 1.69 1.71 1.73 1.73 1.74 1.75 1.77 1.79 1.81 1.84 1.87 1.90 1.93 1.96 1.98 2.01 2.03 2.05 2.07 2.09 2.11 2.13 2.15 2.17 2.19 2.20 2.22 2.25 2.27 2.29 2.29 2.30 2.31 2.33 2.34 2.35 2.36 2.36 2.30 2.27 2.54 3.20 3.37 2.36 1.02 0.07
1.65 1.14 0.45 0.23 0.48 0.74 0.90 1.06 1.19 1.25 1.24 1.21 1.22 1.24 1.24 1.25 1.30 1.33 1.33 1.33 1.36 1.40 1.44 1.44 1.38 1.37 1.46 1.52 1.53 1.51 1.49 1.54 1.62 1.69 1.74 1.75 1.72 1.69 1.67 1.68 1.68 1.68 1.70 1.72 1.74 1.75 1.77 1.80 1.83 1.87 1.90 1.93 1.96 1.99 2.02 2.04 2.06 2.08 2.10 2.12 2.14 2.16 2.18 2.21 2.23 2.25 2.28 2.29 2.31 2.33 2.36 2.36 2.36 2.36 2.37 2.37 2.33 2.33 2.54 2.88 2.56 1.36 0.57 0.46
2.20 1.62 0.70 0.55 0.64 0.99 1.16 1.30 1.44 1.43 1.32 1.25 1.26 1.26 1.26 1.28 1.31 1.31 1.29 1.29 1.33 1.37 1.40 1.38 1.34 1.41 1.53 1.59 1.58 1.55 1.56 1.64 1.69 1.70 1.72 1.74 1.73 1.68 1.65 1.64 1.62 1.61 1.63 1.65 1.66 1.67 1.69 1.73 1.77 1.82 1.87 1.91 1.94 1.97 2.00 2.02 2.04 2.07 2.09 2.11 2.13 2.16 2.18 2.20 2.23 2.26 2.28 2.31 2.33 2.35 2.37 2.37 2.37 2.39 2.40 2.40 2.40 2.41 2.53 2.55 1.94 1.16 1.08 1.34
2.53 2.02 1.35 1.25 1.77 2.38 2.13 1.88 1.79 1.59 1.38 1.30 1.29 1.27 1.26 1.28 1.28 1.25 1.23 1.26 1.30 1.33 1.34 1.34 1.35 1.43 1.54 1.59 1.59 1.58 1.62 1.69 1.74 1.78 1.80 1.76 1.69 1.67 1.68 1.65 1.57 1.52 1.52 1.52 1.53 1.56 1.59 1.63 1.68 1.77 1.84 1.90 1.93 1.96 1.98 2.00 2.03 2.05 2.07 2.10 2.12 2.15 2.18 2.21 2.23 2.26 2.28 2.31 2.34 2.36 2.38 2.38 2.39 2.42 2.44 2.45 2.45 2.45 2.47 2.30 1.83 1.63 1.76 1.87
2.56 1.84 1.16 1.68 2.49 2.72 2.63 2.41 2.09 1.74 1.48 1.35 1.28 1.23 1.22 1.21 1.18 1.16 1.18 1.22 1.26 1.29 1.32 1.34 1.35 1.40 1.48 1.51 1.54 1.60 1.67 1.74 1.78 1.81 1.82 1.77 1.70 1.69 1.71 1.69 1.62 1.53 1.45 1.39 1.36 1.38 1.39 1.41 1.51 1.66 1.78 1.88 1.93 1.96 1.98 1.99 2.01 2.03 2.05 2.08 2.11 2.14 2.17 2.20 2.23 2.26 2.29 2.32 2.35 2.37 2.38 2.40 2.42 2.45 2.47 2.49 2.50 2.51 2.50 2.36 2.19 2.15 2.10 1.98
2.39 1.47 1.36 2.38 2.66 2.17 2.07 2.13 1.96 1.69 1.45 1.29 1.22 1.18 1.15 1.12 1.08 1.09 1.12 1.16 1.20 1.24 1.29 1.31 1.32 1.38 1.46 1.50 1.54 1.58 1.61 1.61 1.57 1.53 1.53 1.59 1.65 1.68 1.68 1.69 1.68 1.65 1.61 1.58 1.56 1.56 1.56 1.60 1.74 1.86 1.90 1.91 1.92 1.94 1.96 1.97 1.99 2.02 2.04 2.07 2.10 2.13 2.16 2.19 2.22 2.25 2.29 2.32 2.34 2.37 2.39 2.42 2.44 2.47 2.50 2.53 2.55 2.55 2.54 2.48 2.39 2.28 2.18 2.24
1.91 2.11 2.62 2.68 2.24 1.66 1.55 1.56 1.47 1.30 1.16 1.11 1.08 1.04 1.01 0.99 0.99 1.01 1.04 1.08 1.14 1.20 1.24 1.26 1.32 1.44 1.53 1.55 1.54 1.52 1.51 1.48 1.42 1.36 1.32 1.34 1.41 1.52 1.59 1.60 1.62 1.69 1.81 1.93 2.03 2.11 2.18 2.27 2.36 2.37 2.27 2.13 2.04 2.00 1.96 1.94 1.96 1.99 2.02 2.05 2.08 2.11 2.15 2.18 2.22 2.25 2.28 2.31 2.34 2.37 2.40 2.43 2.46 2.50 2.53 2.57 2.59 2.60 2.59 2.54 2.42 2.33 2.40 2.91
1.93 2.18 2.26 1.85 1.53 1.32 1.16 1.02 0.93 0.89 0.92 0.96 0.95 0.92 0.90 0.90 0.91 0.93 0.97 1.03 1.09 1.14 1.19 1.25 1.36 1.47 1.52 1.50 1.48 1.49 1.50 1.48 1.43 1.36 1.28 1.25 1.27 1.33 1.39 1.46 1.54 1.65 1.75 1.83 1.90 1.97 2.05 2.14 2.19 2.18 2.16 2.16 2.10 1.99 1.91 1.90 1.93 1.96 1.99 2.03 2.07 2.10 2.14 2.17 2.21 2.24 2.27 2.31 2.34 2.37 2.41 2.44 2.48 2.51 2.55 2.60 2.63 2.65 2.67 2.65 2.61 2.65 2.86 3.55
1.60 1.29 1.05 0.93 0.94 0.87 0.75 0.68 0.68 0.73 0.83 0.88 0.87 0.87 0.89 0.90 0.87 0.88 0.91 0.95 0.99 1.04 1.12 1.24 1.35 1.37 1.36 1.35 1.39 1.45 1.46 1.45 1.44 1.42 1.40 1.40 1.36 1.31 1.29 1.37 1.49 1.57 1.62 1.64 1.64 1.64 1.67 1.71 1.73 1.72 1.74 1.75 1.75 1.76 1.79 1.84 1.88 1.92 1.97 2.01 2.05 2.09 2.12 2.16 2.19 2.23 2.26 2.30 2.33 2.37 2.41 2.44 2.48 2.53 2.58 2.63 2.67 2.71 2.75 2.81 2.90 3.11 3.49 4.29
1.30 0.86 0.60 0.57 0.64 0.68 0.64 0.63 0.69 0.77 0.83 0.83 0.82 0.85 0.87 0.85 0.82 0.80 0.79 0.80 0.84 0.89 1.00 1.17 1.32 1.36 1.35 1.36 1.39 1.38 1.36 1.38 1.44 1.53 1.64 1.70 1.65 1.56 1.48 1.43 1.44 1.49 1.55 1.58 1.57 1.56 1.57 1.59 1.60 1.58 1.53 1.50 1.53 1.61 1.69 1.77 1.82 1.87 1.93 1.98 2.03 2.07 2.11 2.15 2.18 2.22 2.25 2.29 2.33 2.37 2.40 2.45 2.49 2.54 2.60 2.65 2.70 2.77 2.86 2.99 3.18 3.56 4.20 5.16
0.87 0.60 0.45 0.46 0.61 0.76 0.81 0.87 0.95 0.93 0.83 0.78 0.80 0.84 0.83 0.80 0.77 0.73 0.72 0.74 0.79 0.87 1.08 1.41 1.59 1.56 1.52 1.50 1.45 1.38 1.33 1.34 1.37 1.44 1.54 1.64 1.74 1.79 1.78 1.69 1.58 1.52 1.50 1.52 1.52 1.51 1.53 1.56 1.55 1.47 1.42 1.43 1.48 1.51 1.57 1.65 1.72 1.81 1.90 1.96 2.01 2.06 2.10 2.13 2.17 2.20 2.24 2.28 2.32 2.36 2.40 2.45 2.50 2.55 2.60 2.66 2.74 2.83 2.96 3.12 3.36 3.79 4.42 5.25
1.15 0.85 0.65 0.80 0.95 1.15 1.27 1.27 1.17 1.02 0.86 0.82 0.89 0.91 0.93 0.90 0.81 0.77 0.80 0.88 0.99 1.20 1.73 2.12 2.02 1.74 1.58 1.51 1.44 1.39 1.36 1.33 1.31 1.29 1.28 1.31 1.42 1.57 1.68 1.73 1.71 1.63 1.56 1.53 1.54 1.57 1.58 1.56 1.52 1.48 1.47 1.46 1.46 1.50 1.56 1.61 1.67 1.75 1.83 1.92 2.01 2.06 2.09 2.12 2.15 2.19 2.22 2.26 2.30 2.35 2.39 2.44 2.49 2.55 2.61 2.68 2.77 2.88 3.01 3.16 3.38 3.70 4.13 4.83
1.66 1.45 1.31 1.26 1.23 1.28 1.38 1.40 1.31 1.19 1.08 1.07 1.06 1.02 0.97 0.92 0.88 0.89 0.97 1.17 1.45 2.03 2.51 2.41 1.95 1.66 1.52 1.43 1.38 1.36 1.35 1.33 1.32 1.30 1.25 1.22 1.21 1.24 1.31 1.39 1.46 1.52 1.54 1.52 1.53 1.56 1.57 1.55 1.52 1.54 1.57 1.60 1.64 1.70 1.74 1.73 1.69 1.65 1.75 1.95 2.05 2.07 2.08 2.11 2.13 2.17 2.20 2.24 2.28 2.33 2.38 2.42 2.48 2.53 2.60 2.69 2.78 2.89 3.01 3.15 3.34 3.56 3.82 4.22
1.74 1.66 1.51 1.28 1.13 1.12 1.23 1.38 1.51 1.56 1.50 1.36 1.23 1.12 1.02 0.96 1.03 1.11 1.19 1.54 2.23 2.76 2.66 2.10 1.71 1.54 1.45 1.39 1.34 1.32 1.30 1.29 1.28 1.29 1.29 1.26 1.20 1.18 1.22 1.29 1.33 1.34 1.36 1.39 1.42 1.43 1.45 1.49 1.51 1.53 1.58 1.67 1.78 1.84 1.83 1.74 1.65 1.68 1.97 2.18 2.15 2.08 2.07 2.08 2.11 2.14 2.18 2.22 2.26 2.31 2.36 2.41 2.47 2.53 2.60 2.68 2.77 2.86 2.98 3.12 3.30 3.48 3.64 3.90
1.70 1.74 1.79 1.74 1.66 1.51 1.49 1.68 1.93 2.02 1.92 1.73 1.57 1.46 1.40 1.40 1.41 1.42 1.45 1.99 2.74 2.81 2.20 1.81 1.59 1.47 1.39 1.33 1.28 1.25 1.23 1.22 1.21 1.22 1.24 1.27 1.27 1.27 1.29 1.36 1.42 1.39 1.33 1.30 1.30 1.31 1.33 1.36 1.40 1.46 1.54 1.64 1.74 1.82 1.83 1.80 1.92 2.23 2.50 2.45 2.22 2.08 2.05 2.05 2.08 2.11 2.15 2.19 2.24 2.28 2.33 2.39 2.44 2.51 2.58 2.66 2.74 2.84 2.95 3.08 3.24 3.40 3.61 3.90
1.71 1.92 2.32 2.60 2.74 2.72 2.83 3.14 3.31 3.25 2.76 2.25 1.98 1.81 1.68 1.67 1.78 2.01 2.43 2.98 2.92 2.23 1.66 1.51 1.40 1.34 1.29 1.25 1.21 1.18 1.16 1.15 1.16 1.18 1.21 1.24 1.27 1.28 1.27 1.29 1.35 1.41 1.37 1.27 1.22 1.20 1.17 1.16 1.18 1.26 1.37 1.52 1.65 1.71 1.77 1.98 2.31 2.53 2.48 2.27 2.10 2.03 2.00 2.00 2.03 2.07 2.12 2.16 2.20 2.25 2.30 2.36 2.42 2.48 2.55 2.62 2.71 2.81 2.92 3.04 3.18 3.33 3.53 3.77
1.72 1.98 2.43 2.80 3.13 3.43 3.74 4.07 4.27 4.23 4.06 3.77 3.52 3.50 3.41 3.23 3.22 3.48 3.52 3.26 2.78 1.79 1.42 1.32 1.28 1.24 1.20 1.18 1.15 1.12 1.08 1.05 1.04 1.09 1.15 1.17 1.19 1.22 1.24 1.24 1.25 1.32 1.38 1.32 1.20 1.09 1.04 1.06 1.12 1.18 1.29 1.52 1.65 1.65 1.70 1.88 2.05 1.98 1.84 1.78 1.82 1.86 1.89 1.93 1.98 2.03 2.07 2.11 2.16 2.22 2.27 2.33 2.39 2.44 2.51 2.59 2.67 2.76 2.86 2.97 3.10 3.24 3.39 3.57
1.85 1.99 2.26 2.48 2.70 2.87 3.03 3.18 3.31 3.70 4.15 4.45 4.60 4.66 4.68 4.42 4.20 4.00 3.38 2.65 2.33 1.91 1.57 1.35 1.23 1.18 1.15 1.14 1.13 1.08 1.00 0.95 0.97 1.02 1.06 1.10 1.14 1.17 1.21 1.24 1.27 1.35 1.50 1.56 1.44 1.29 1.21 1.20 1.26 1.38 1.61 1.82 1.75 1.64 1.64 1.67 1.65 1.57 1.53 1.56 1.61 1.68 1.76 1.86 1.93 1.98 2.02 2.07 2.13 2.19 2.24 2.28 2.34 2.40 2.47 2.54 2.63 2.71 2.81 2.90 3.01 3.13 3.26 3.41
2.00 1.92 2.03 2.17 2.21 2.15 2.04 1.96 1.97 2.32 2.66 2.96 2.97 2.57 2.59 2.59 2.89 2.68 2.54 2.20 2.05 1.88 1.56 1.26 1.07 1.04 1.07 1.09 1.10 1.12 1.13 1.14 1.14 1.09 1.05 1.04 1.06 1.10 1.13 1.16 1.22 1.33 1.49 1.70 1.84 1.85 1.78 1.72 1.76 1.96 2.17 2.08 1.77 1.60 1.56 1.57 1.58 1.56 1.54 1.53 1.56 1.61 1.70 1.80 1.87 1.92 1.97 2.04 2.10 2.14 2.18 2.24 2.29 2.36 2.42 2.49 2.57 2.65 2.74 2.83 2.93 3.03 3.14 3.25
2.24 1.94 1.91 2.04 2.02 1.90 1.70 1.45 1.20 1.01 0.93 1.21 1.29 1.28 1.28 1.43 1.65 1.95 2.17 1.88 1.65 1.71 1.51 1.14 0.84 0.83 0.93 1.01 1.06 1.16 1.27 1.30 1.22 1.08 0.98 0.95 0.96 0.99 1.03 1.08 1.13 1.21 1.32 1.52 1.81 2.07 2.21 2.30 2.37 2.37 2.18 1.84 1.61 1.53 1.50 1.49 1.50 1.48 1.46 1.47 1.52 1.57 1.65 1.74 1.80 1.86 1.94 2.00 2.05 2.08 2.13 2.18 2.24 2.30 2.37 2.44 2.51 2.59 2.67 2.75 2.84 2.93 3.03 3.12
2.68 2.18 1.79 1.71 1.61 1.60 1.54 1.31 0.95 0.64 0.50 0.47 0.60 0.97 1.11 1.31 1.50 1.86 2.19 1.96 1.74 1.76 1.64 1.11 0.69 0.73 0.87 0.97 1.02 1.03 1.02 1.01 1.00 0.95 0.88 0.82 0.81 0.85 0.92 1.00 1.07 1.13 1.19 1.31 1.47 1.68 1.88 2.02 2.00 1.78 1.53 1.44 1.43 1.43 1.42 1.40 1.37 1.35 1.36 1.39 1.41 1.46 1.56 1.66 1.74 1.83 1.90 1.94 1.97 2.01 2.06 2.12 2.19 2.25 2.31 2.37 2.45 2.52 2.60 2.68 2.76 2.84 2.92 2.99
3.00 2.21 1.24 0.88 0.88 1.09 1.20 1.16 0.97 0.73 0.52 0.41 0.50 0.73 1.01 1.22 1.45 1.72 1.75 1.92 1.98 1.93 1.80 1.27 1.01 1.03 1.00 0.96 0.93 0.86 0.79 0.77 0.81 0.83 0.79 0.74 0.70 0.71 0.77 0.87 0.97 1.05 1.12 1.18 1.21 1.22 1.29 1.35 1.30 1.21 1.21 1.30 1.35 1.35 1.37 1.39 1.39 1.38 1.38 1.36 1.34 1.36 1.45 1.55 1.66 1.75 1.81 1.85 1.90 1.95 2.01 2.08 2.13 2.19 2.25 2.31 2.38 2.45 2.53 2.60 2.68 2.75 2.82 2.89
2.98 1.91 0.63 0.29 0.33 0.48 0.63 0.80 0.84 0.76 0.71 0.64 0.61 0.72 1.03 1.38 1.60 1.56 1.44 1.58 1.89 2.07 2.05 1.89 1.61 1.32 1.10 0.95 0.86 0.82 0.78 0.73 0.70 0.70 0.71 0.72 0.72 0.70 0.68 0.74 0.84 0.96 1.05 1.12 1.18 1.24 1.28 1.28 1.28 1.30 1.34 1.37 1.42 1.45 1.45 1.46 1.45 1.42 1.41 1.40 1.39 1.41 1.45 1.50 1.59 1.66 1.73 1.80 1.86 1.90 1.95 2.00 2.05 2.11 2.18 2.25 2.31 2.38 2.45 2.53 2.59 2.67 2.73 2.80
2.32 1.48 0.45 0.16 0.28 0.43 0.58 0.72 0.79 0.80 0.82 0.79 0.73 0.83 1.08 1.42 1.68 1.55 1.30 1.36 1.66 1.88 1.97 1.85 1.54 1.31 1.12 0.98 0.87 0.82 0.78 0.71 0.63 0.55 0.55 0.60 0.65 0.68 0.67 0.68 0.77 0.87 0.96 1.06 1.17 1.28 1.31 1.31 1.35 1.41 1.47 1.50 1.54 1.60 1.62 1.58 1.51 1.47 1.46 1.46 1.48 1.52 1.54 1.57 1.62 1.66 1.71 1.76 1.77 1.80 1.85 1.91 1.98 2.04 2.10 2.17 2.24 2.31 2.38 2.45 2.52 2.58 2.64 2.70
1.63 1.10 0.43 0.30 0.43 0.54 0.65 0.76 0.82 0.84 0.87 0.85 0.81 0.94 1.15 1.40 1.70 1.65 1.40 1.54 1.62 1.67 1.76 1.69 1.49 1.31 1.15 1.02 0.91 0.85 0.83 0.77 0.65 0.50 0.38 0.34 0.40 0.48 0.56 0.62 0.70 0.77 0.86 0.96 1.05 1.12 1.19 1.26 1.34 1.45 1.53 1.57 1.57 1.58 1.60 1.61 1.61 1.62 1.59 1.51 1.47 1.51 1.58 1.65 1.69 1.71 1.71 1.69 1.67 1.68 1.74 1.83 1.90 1.96 2.02 2.09 2.16 2.23 2.31 2.37 2.44 2.50 2.57 2.62
1.22 0.90 0.55 0.54 0.63 0.68 0.74 0.81 0.87 0.88 0.89 0.90 0.86 0.96 1.28 1.67 1.93 1.98 1.91 1.90 1.87 1.72 1.75 1.77 1.62 1.43 1.26 1.11 0.99 0.94 0.93 0.88 0.75 0.59 0.41 0.25 0.17 0.24 0.36 0.46 0.55 0.64 0.75 0.87 0.98 1.12 1.29 1.41 1.47 1.51 1.54 1.58 1.62 1.63 1.62 1.63 1.68 1.71 1.69 1.66 1.63 1.64 1.66 1.68 1.69 1.70 1.68 1.62 1.55 1.53 1.63 1.75 1.81 1.86 1.93 2.00 2.07 2.15 2.23 2.30 2.37 2.44 2.49 2.55
1.21 1.04 0.83 0.80 0.83 0.86 0.88 0.90 0.94 0.95 0.93 0.92 0.85 0.84 1.02 1.37 1.75 1.86 1.85 1.99 2.11 1.97 1.90 1.88 1.75 1.64 1.50 1.28 1.11 1.05 1.01 0.97 0.90 0.75 0.56 0.35 0.15 0.04 0.12 0.23 0.37 0.52 0.65 0.78 0.91 1.05 1.19 1.35 1.45 1.50 1.53 1.58 1.64 1.72 1.79 1.81 1.78 1.75 1.76 1.81 1.85 1.83 1.77 1.73 1.73 1.70 1.63 1.55 1.48 1.47 1.58 1.67 1.69 1.74 1.82 1.89 1.98 2.08 2.15 2.23 2.29 2.35 2.42 2.47
1.44 1.32 1.13 1.06 1.02 1.02 1.02 1.01 1.02 1.03 0.97 0.91 0.82 0.71 0.70 0.87 1.25 1.46 1.49 1.80 2.07 2.13 2.14 2.06 1.92 1.85 1.83 1.62 1.34 1.24 1.13 1.04 1.02 0.90 0.72 0.51 0.27 0.11 0.05 0.12 0.28 0.44 0.57 0.71 0.83 0.92 1.00 1.13 1.30 1.45 1.55 1.61 1.66 1.70 1.75 1.83 1.87 1.85 1.82 1.81 1.80 1.76 1.74 1.77 1.76 1.70 1.64 1.60 1.56 1.58 1.62 1.59 1.54 1.55 1.61 1.73 1.88 2.00 2.08 2.15 2.22 2.30 2.36 2.40
1.68 1.54 1.38 1.32 1.27 1.20 1.15 1.13 1.12 1.15 1.08 0.96 0.87 0.76 0.73 0.84 1.09 1.29 1.42 1.67 1.85 2.01 2.19 2.21 2.13 2.09 2.14 2.01 1.75 1.58 1.35 1.19 1.09 1.01 0.89 0.70 0.44 0.17 0.06 0.14 0.26 0.40 0.54 0.67 0.78 0.87 0.95 1.06 1.24 1.46 1.64 1.75 1.81 1.80 1.74 1.73 1.80 1.86 1.87 1.82 1.75 1.71 1.70 1.69 1.67 1.65 1.66 1.66 1.63 1.63 1.62 1.56 1.51 1.47 1.53 1.72 1.88 1.90 1.93 2.05 2.18 2.26 2.30 2.33
1.96 1.80 1.61 1.57 1.56 1.47 1.37 1.29 1.25 1.31 1.26 1.13 1.02 0.92 0.87 0.91 1.09 1.27 1.38 1.55 1.76 1.95 2.02 2.16 2.31 2.33 2.40 2.38 2.26 2.01 1.71 1.44 1.20 1.11 1.10 0.95 0.62 0.27 0.03 0.14 0.26 0.39 0.52 0.64 0.76 0.86 0.93 1.01 1.16 1.36 1.61 1.79 1.91 1.97 1.95 1.85 1.78 1.80 1.84 1.84 1.79 1.76 1.76 1.73 1.69 1.68 1.66 1.63 1.62 1.61 1.56 1.54 1.58 1.64 1.73 1.87 1.90 1.82 1.86 2.08 2.24 2.24 2.23 2.26
2.18 2.05 1.86 1.81 1.80 1.75 1.64 1.52 1.50 1.63 1.64 1.54 1.44 1.32 1.21 1.10 1.17 1.29 1.33 1.44 1.73 2.02 1.90 1.89 2.27 2.56 2.61 2.67 2.79 2.54 2.09 1.72 1.34 1.27 1.39 1.21 0.80 0.41 0.15 0.06 0.25 0.39 0.51 0.63 0.76 0.87 0.95 1.03 1.13 1.25 1.39 1.56 1.73 1.91 2.04 2.06 1.96 1.86 1.83 1.84 1.83 1.79 1.78 1.79 1.78 1.74 1.67 1.61 1.59 1.59 1.57 1.57 1.61 1.69 1.77 1.84 1.86 1.90 2.03 2.20 2.26 2.19 2.17 2.19
2.31 2.21 2.09 2.06 2.03 2.04 2.08 1.99 1.97 2.01 2.02 1.85 1.65 1.59 1.56 1.41 1.32 1.35 1.40 1.47 1.72 2.03 1.91 1.65 1.95 2.49 2.70 2.75 3.13 3.14 2.47 2.04 1.54 1.49 1.72 1.45 0.97 0.58 0.35 0.15 0.21 0.38 0.50 0.63 0.76 0.87 0.99 1.07 1.15 1.24 1.33 1.44 1.55 1.70 1.88 2.05 2.10 2.02 1.96 1.97 1.99 1.93 1.84 1.78 1.73 1.68 1.65 1.63 1.60 1.60 1.61 1.61 1.62 1.66 1.74 1.82 1.90 1.98 2.04 2.08 2.11 2.11 2.11 2.10
2.38 2.29 2.22 2.25 2.25 2.27 2.29 2.24 2.12 2.03 2.10 2.04 1.82 1.77 1.82 1.70 1.49 1.45 1.63 1.85 1.99 2.06 1.87 1.56 1.61 2.17 2.65 2.75 3.17 3.41 2.86 2.42 1.96 1.82 2.09 1.71 1.10 0.76 0.52 0.35 0.23 0.31 0.46 0.60 0.73 0.86 1.00 1.08 1.12 1.21 1.36 1.52 1.64 1.70 1.77 1.92 2.09 2.15 2.13 2.13 2.17 2.15 2.02 1.84 1.71 1.61 1.57 1.60 1.61 1.57 1.54 1.57 1.67 1.74 1.79 1.85 1.90 1.90 1.85 1.87 1.96 2.06 2.07 2.01
2.45 2.36 2.30 2.25 2.16 2.09 2.03 2.04 2.06 2.05 2.15 2.16 1.95 1.92 2.02 1.93 1.59 1.43 1.82 2.30 2.50 2.31 1.81 1.51 1.45 1.72 2.31 2.77 3.42 3.76 3.19 2.70 2.41 2.34 2.51 2.01 1.25 0.89 0.67 0.52 0.43 0.35 0.37 0.54 0.73 0.88 0.99 1.07 1.13 1.21 1.33 1.49 1.67 1.79 1.83 1.90 2.04 2.16 2.16 2.10 2.13 2.20 2.16 1.98 1.82 1.69 1.57 1.54 1.56 1.58 1.60 1.70 1.79 1.80 1.76 1.75 1.75 1.71 1.70 1.77 1.87 2.01 1.99 1.88
