windninja/windninja_output/Output_2025-08-24_1600-1650_Google earth_Fire_150m_10min/merlingen_7.5mi_point_08-24-2025_1610_150m_vel.asc
ncols	158
nrows	163
xllcorner	391686.332397
yllcorner	5160024.123721
cellsize	150.000000
NODATA_value	-32768.000000
[rows 0 to 36 of 163, columns 0 to 83 of 158]
1.80 1.80 1.82 1.81 1.85 1.92 1.84 1.76 1.81 1.82 1.73 1.52 1.29 1.39 1.59 1.67 1.68 1.64 1.75 2.00 1.99 1.76 1.72 1.82 1.92 1.92 1.78 1.73 1.83 1.85 1.79 1.78 1.76 1.73 1.78 1.90 1.85 1.79 1.85 1.82 1.82 1.89 1.88 1.92 2.02 2.05 2.11 2.18 2.31 2.47 2.53 2.59 2.66 2.65 2.54 2.41 2.30 2.28 2.37 2.45 2.42 2.37 2.32 2.31 2.32 2.31 2.34 2.43 2.57 2.64 2.62 2.52 2.41 2.39 2.49 2.53 2.45 2.42 2.50 2.54 2.47 2.33 2.35 2.41
1.74 1.80 1.86 1.83 1.88 1.88 1.72 1.67 1.77 1.78 1.69 1.44 1.18 1.27 1.55 1.75 1.84 1.83 2.02 2.21 2.04 1.80 1.80 1.89 1.95 1.90 1.79 1.79 1.86 1.81 1.75 1.77 1.78 1.79 1.86 1.96 1.90 1.91 1.99 1.93 1.94 2.00 2.00 2.12 2.24 2.26 2.35 2.42 2.45 2.46 2.45 2.47 2.47 2.39 2.30 2.26 2.28 2.36 2.45 2.45 2.38 2.34 2.34 2.38 2.36 2.33 2.38 2.50 2.63 2.66 2.57 2.46 2.42 2.49 2.58 2.52 2.40 2.49 2.63 2.57 2.38 2.29 2.36 2.39
1.71 1.85 1.92 1.87 1.91 1.78 1.59 1.65 1.83 1.86 1.75 1.40 1.17 1.31 1.65 2.04 2.22 2.23 2.39 2.37 2.07 1.88 1.90 1.92 1.95 1.90 1.83 1.84 1.82 1.74 1.75 1.82 1.85 1.93 2.04 2.08 2.09 2.13 2.14 2.10 2.16 2.21 2.27 2.48 2.57 2.58 2.67 2.69 2.58 2.46 2.45 2.41 2.29 2.20 2.18 2.25 2.38 2.47 2.52 2.47 2.41 2.40 2.43 2.46 2.41 2.38 2.45 2.60 2.75 2.68 2.47 2.39 2.49 2.63 2.63 2.47 2.41 2.65 2.76 2.53 2.22 2.25 2.39 2.33
1.78 1.87 1.90 1.87 1.88 1.75 1.71 1.96 2.14 2.11 1.82 1.37 1.24 1.41 1.78 2.33 2.49 2.44 2.42 2.26 2.02 1.95 1.92 1.86 1.98 2.02 1.95 1.91 1.84 1.81 1.88 1.92 1.98 2.12 2.19 2.20 2.20 2.19 2.19 2.27 2.37 2.43 2.58 2.76 2.78 2.78 2.78 2.69 2.56 2.56 2.57 2.41 2.29 2.31 2.35 2.39 2.44 2.46 2.46 2.47 2.48 2.45 2.44 2.44 2.39 2.40 2.49 2.66 2.79 2.64 2.39 2.40 2.53 2.56 2.49 2.41 2.50 2.71 2.69 2.38 2.13 2.26 2.43 2.35
1.82 1.86 1.88 1.87 1.88 1.85 1.98 2.23 2.28 2.01 1.58 1.29 1.30 1.54 2.04 2.49 2.54 2.40 2.22 2.08 1.99 2.02 1.96 1.91 2.09 2.16 2.13 2.09 2.02 2.04 2.08 2.11 2.24 2.35 2.31 2.25 2.24 2.31 2.45 2.57 2.62 2.70 2.87 2.94 2.87 2.81 2.71 2.59 2.53 2.52 2.38 2.24 2.25 2.33 2.34 2.35 2.38 2.43 2.46 2.49 2.46 2.40 2.38 2.40 2.40 2.42 2.49 2.66 2.77 2.53 2.32 2.39 2.50 2.48 2.40 2.38 2.48 2.60 2.56 2.28 2.05 2.20 2.46 2.48
1.83 1.86 1.89 1.89 1.94 2.00 2.13 2.25 2.07 1.65 1.34 1.28 1.34 1.63 2.20 2.46 2.42 2.24 2.01 1.97 2.02 2.09 2.02 1.98 2.12 2.20 2.14 2.08 2.08 2.15 2.18 2.30 2.50 2.52 2.40 2.37 2.50 2.68 2.80 2.82 2.79 2.84 2.92 2.84 2.70 2.61 2.51 2.43 2.39 2.29 2.14 2.10 2.17 2.23 2.26 2.31 2.40 2.48 2.51 2.49 2.46 2.40 2.38 2.41 2.43 2.44 2.49 2.68 2.73 2.46 2.29 2.40 2.55 2.51 2.39 2.42 2.53 2.61 2.44 2.09 2.00 2.25 2.54 2.61
1.82 1.86 1.88 1.92 2.01 2.06 2.13 2.09 1.77 1.46 1.36 1.37 1.41 1.71 2.22 2.37 2.29 2.17 2.05 2.04 2.12 2.22 2.12 2.01 2.09 2.09 2.01 2.03 2.10 2.12 2.20 2.44 2.59 2.51 2.49 2.66 2.84 2.92 2.89 2.80 2.74 2.73 2.68 2.55 2.42 2.39 2.34 2.28 2.24 2.13 2.04 2.09 2.17 2.19 2.24 2.36 2.46 2.52 2.52 2.54 2.55 2.50 2.44 2.44 2.45 2.46 2.51 2.69 2.70 2.45 2.38 2.60 2.74 2.57 2.45 2.52 2.64 2.63 2.24 1.93 2.18 2.56 2.66 2.65
1.82 1.86 1.89 1.93 1.99 1.99 1.97 1.82 1.56 1.44 1.47 1.51 1.57 1.82 2.19 2.32 2.20 2.17 2.16 2.12 2.22 2.33 2.23 2.10 2.07 1.99 2.00 2.11 2.09 2.04 2.21 2.46 2.46 2.38 2.53 2.75 2.80 2.72 2.62 2.52 2.47 2.42 2.36 2.29 2.25 2.25 2.21 2.17 2.13 2.01 1.96 2.09 2.15 2.13 2.27 2.45 2.53 2.58 2.62 2.68 2.68 2.55 2.46 2.44 2.45 2.46 2.54 2.69 2.69 2.50 2.53 2.77 2.75 2.53 2.43 2.47 2.56 2.42 1.95 1.90 2.49 2.81 2.72 2.69
1.83 1.86 1.89 1.90 1.90 1.86 1.79 1.65 1.55 1.54 1.59 1.64 1.70 1.87 2.18 2.28 2.18 2.21 2.20 2.16 2.28 2.38 2.31 2.22 2.11 2.02 2.08 2.13 2.00 1.98 2.26 2.41 2.31 2.34 2.53 2.60 2.47 2.33 2.25 2.20 2.15 2.15 2.16 2.16 2.20 2.18 2.10 2.09 2.05 1.91 1.95 2.08 2.02 2.04 2.36 2.58 2.63 2.68 2.71 2.64 2.48 2.32 2.27 2.27 2.30 2.44 2.62 2.75 2.68 2.50 2.53 2.62 2.49 2.34 2.29 2.32 2.40 2.17 1.81 2.03 2.71 2.98 2.88 2.91
1.81 1.83 1.87 1.87 1.83 1.79 1.73 1.68 1.66 1.66 1.69 1.72 1.73 1.84 2.07 2.20 2.21 2.25 2.23 2.27 2.39 2.43 2.43 2.32 2.16 2.09 2.09 2.07 1.98 2.06 2.35 2.37 2.24 2.33 2.47 2.41 2.23 2.09 2.03 2.03 2.05 2.10 2.14 2.14 2.14 2.09 2.02 2.05 1.99 1.84 1.90 1.99 1.92 2.12 2.49 2.64 2.59 2.54 2.43 2.21 2.07 2.06 1.97 1.91 2.16 2.51 2.70 2.72 2.50 2.31 2.36 2.44 2.37 2.27 2.20 2.20 2.23 2.08 2.01 2.51 3.05 3.22 3.08 3.07
1.79 1.82 1.87 1.84 1.79 1.77 1.77 1.78 1.76 1.74 1.75 1.76 1.75 1.79 1.94 2.15 2.25 2.32 2.30 2.38 2.49 2.52 2.53 2.36 2.21 2.16 2.05 1.99 2.01 2.13 2.30 2.21 2.10 2.23 2.30 2.21 2.05 1.94 1.97 2.06 2.09 2.11 2.12 2.05 2.02 2.01 1.94 1.93 1.83 1.67 1.79 1.88 1.90 2.17 2.39 2.43 2.25 2.09 1.96 1.80 1.84 1.88 1.70 1.77 2.27 2.57 2.62 2.49 2.11 2.02 2.27 2.46 2.43 2.27 2.12 2.05 2.14 2.26 2.51 3.06 3.36 3.35 3.19 3.19
1.80 1.82 1.85 1.82 1.78 1.78 1.81 1.83 1.80 1.78 1.79 1.78 1.75 1.75 1.89 2.19 2.35 2.37 2.35 2.41 2.51 2.53 2.49 2.32 2.16 2.00 1.76 1.76 1.90 1.99 2.03 1.98 1.99 2.11 2.13 2.04 1.95 1.92 2.04 2.09 2.03 2.06 2.04 1.92 1.93 1.94 1.78 1.66 1.57 1.52 1.66 1.68 1.71 1.95 2.08 2.10 1.96 1.79 1.67 1.59 1.71 1.75 1.65 1.91 2.35 2.45 2.43 2.18 1.79 2.00 2.44 2.56 2.47 2.30 2.20 2.32 2.62 2.93 3.23 3.48 3.48 3.41 3.42 3.64
1.79 1.81 1.82 1.80 1.79 1.81 1.83 1.82 1.79 1.79 1.79 1.77 1.73 1.69 1.86 2.23 2.40 2.38 2.39 2.46 2.51 2.48 2.37 2.17 1.91 1.61 1.45 1.58 1.76 1.83 1.87 1.93 2.02 2.05 1.97 1.94 1.96 2.02 2.08 2.00 1.97 2.05 1.94 1.80 1.84 1.77 1.53 1.36 1.41 1.55 1.58 1.51 1.56 1.79 1.97 1.96 1.83 1.64 1.47 1.51 1.73 1.81 1.87 2.12 2.29 2.30 2.25 2.05 1.96 2.31 2.55 2.55 2.56 2.56 2.72 3.05 3.30 3.54 3.68 3.60 3.51 3.57 3.75 4.08
1.79 1.80 1.81 1.80 1.80 1.83 1.82 1.80 1.79 1.79 1.78 1.78 1.71 1.67 1.85 2.20 2.41 2.40 2.42 2.48 2.43 2.31 2.14 1.90 1.63 1.44 1.43 1.58 1.72 1.77 1.83 1.94 2.02 1.95 1.84 1.96 2.06 2.06 2.01 1.88 1.90 1.87 1.63 1.54 1.60 1.51 1.29 1.22 1.42 1.59 1.53 1.46 1.49 1.71 2.00 1.95 1.73 1.49 1.33 1.53 1.88 2.02 2.20 2.32 2.24 2.19 2.18 2.26 2.40 2.48 2.49 2.58 2.84 2.96 3.04 3.11 3.26 3.44 3.36 3.22 3.42 3.71 3.88 4.01
1.78 1.79 1.80 1.80 1.81 1.81 1.79 1.79 1.80 1.79 1.79 1.79 1.75 1.72 1.87 2.22 2.49 2.44 2.38 2.38 2.25 2.05 1.90 1.73 1.58 1.53 1.54 1.63 1.70 1.70 1.80 1.96 1.99 1.90 1.90 2.03 2.01 1.92 1.82 1.66 1.61 1.47 1.38 1.46 1.48 1.40 1.31 1.31 1.46 1.59 1.61 1.55 1.51 1.75 2.05 2.02 1.74 1.43 1.33 1.71 2.21 2.43 2.61 2.48 2.23 2.27 2.40 2.62 2.71 2.51 2.49 2.85 3.14 3.04 2.78 2.79 3.01 2.99 2.80 2.97 3.42 3.63 3.63 3.52
1.77 1.78 1.79 1.79 1.78 1.78 1.77 1.78 1.80 1.80 1.81 1.82 1.81 1.81 1.96 2.35 2.55 2.44 2.29 2.23 2.11 1.93 1.80 1.68 1.65 1.68 1.64 1.62 1.66 1.70 1.91 2.09 1.99 1.88 1.86 1.79 1.69 1.66 1.55 1.45 1.40 1.30 1.40 1.61 1.50 1.41 1.52 1.47 1.42 1.63 1.87 1.82 1.85 2.14 2.27 2.20 1.96 1.65 1.60 2.03 2.58 2.87 2.84 2.44 2.29 2.59 2.77 2.89 2.97 2.67 2.59 2.96 3.07 2.72 2.54 2.71 2.72 2.58 2.76 3.34 3.55 3.29 3.13 2.96
1.77 1.77 1.78 1.77 1.77 1.77 1.78 1.79 1.80 1.82 1.84 1.84 1.86 1.87 2.02 2.36 2.47 2.33 2.19 2.12 2.04 1.88 1.73 1.68 1.76 1.78 1.66 1.62 1.72 1.85 2.03 2.00 1.72 1.56 1.49 1.45 1.50 1.53 1.44 1.40 1.41 1.43 1.67 1.79 1.61 1.56 1.69 1.58 1.56 1.91 2.19 2.17 2.24 2.36 2.30 2.16 2.06 1.93 1.94 2.43 2.90 3.04 2.78 2.33 2.37 2.78 2.98 3.09 3.11 2.84 2.70 2.78 2.83 2.68 2.68 2.64 2.48 2.69 3.29 3.62 3.23 2.73 2.65 2.46
1.76 1.76 1.77 1.76 1.77 1.78 1.78 1.80 1.83 1.84 1.85 1.86 1.88 1.91 2.03 2.25 2.33 2.22 2.09 2.00 1.90 1.76 1.66 1.71 1.80 1.75 1.64 1.66 1.76 1.85 1.85 1.62 1.34 1.25 1.32 1.45 1.56 1.56 1.52 1.58 1.66 1.71 1.79 1.76 1.66 1.70 1.75 1.78 2.00 2.30 2.38 2.31 2.27 2.22 2.09 2.06 2.17 2.24 2.34 2.69 3.02 3.04 2.68 2.37 2.53 2.91 3.18 3.22 2.98 2.77 2.80 2.79 2.89 2.90 2.69 2.56 2.64 3.03 3.37 3.06 2.46 2.30 2.23 2.01
1.75 1.75 1.75 1.76 1.76 1.77 1.79 1.82 1.84 1.84 1.85 1.86 1.88 1.92 2.00 2.13 2.21 2.11 1.95 1.84 1.74 1.67 1.66 1.71 1.73 1.68 1.66 1.66 1.67 1.66 1.54 1.32 1.18 1.23 1.41 1.60 1.68 1.66 1.62 1.71 1.75 1.72 1.76 1.73 1.72 1.80 1.93 2.07 2.23 2.33 2.31 2.24 2.16 2.09 2.08 2.22 2.38 2.43 2.52 2.75 2.97 2.90 2.59 2.50 2.72 3.03 3.25 3.07 2.77 2.90 3.10 2.99 3.01 2.90 2.55 2.46 2.52 2.62 2.67 2.34 2.12 2.15 1.99 1.82
1.74 1.74 1.75 1.75 1.76 1.77 1.79 1.82 1.84 1.82 1.83 1.87 1.90 1.92 1.97 2.04 2.06 1.96 1.84 1.78 1.73 1.70 1.69 1.70 1.72 1.71 1.68 1.63 1.57 1.50 1.38 1.21 1.17 1.27 1.46 1.65 1.76 1.75 1.71 1.80 1.82 1.80 1.83 1.79 1.84 2.05 2.24 2.20 2.13 2.21 2.23 2.20 2.16 2.17 2.32 2.44 2.45 2.48 2.57 2.67 2.72 2.65 2.52 2.56 2.77 3.01 3.11 2.99 3.06 3.42 3.38 3.01 2.86 2.77 2.57 2.36 2.10 2.08 2.23 2.23 2.20 2.22 2.11 1.95
1.73 1.74 1.75 1.75 1.75 1.77 1.80 1.82 1.82 1.80 1.82 1.88 1.89 1.90 1.93 1.96 1.94 1.88 1.83 1.83 1.79 1.75 1.72 1.73 1.74 1.71 1.66 1.59 1.51 1.44 1.32 1.18 1.19 1.38 1.64 1.84 2.00 2.02 1.92 1.94 1.90 1.83 1.82 1.86 2.06 2.26 2.25 2.10 2.06 2.21 2.29 2.28 2.29 2.33 2.40 2.39 2.40 2.48 2.55 2.53 2.47 2.56 2.66 2.69 2.86 3.10 3.20 3.34 3.64 3.64 3.13 2.62 2.51 2.59 2.52 2.21 1.98 2.04 2.24 2.39 2.47 2.44 2.30 2.09
1.74 1.74 1.73 1.73 1.75 1.77 1.79 1.81 1.81 1.80 1.83 1.88 1.88 1.88 1.91 1.90 1.88 1.87 1.87 1.86 1.81 1.76 1.75 1.74 1.71 1.66 1.62 1.55 1.49 1.42 1.31 1.20 1.33 1.73 1.99 2.12 2.22 2.12 1.94 1.88 1.80 1.76 1.84 2.01 2.18 2.19 2.14 2.15 2.20 2.29 2.38 2.40 2.38 2.35 2.31 2.32 2.39 2.46 2.45 2.41 2.37 2.61 2.86 2.85 3.07 3.40 3.56 3.76 3.75 3.19 2.47 2.16 2.27 2.51 2.44 2.15 2.06 2.18 2.36 2.58 2.64 2.42 2.28 2.17
1.73 1.72 1.71 1.74 1.77 1.78 1.79 1.80 1.81 1.82 1.85 1.87 1.88 1.88 1.88 1.88 1.86 1.87 1.89 1.87 1.82 1.77 1.76 1.72 1.67 1.64 1.59 1.53 1.48 1.44 1.37 1.35 1.63 1.99 2.07 2.08 2.07 1.91 1.76 1.72 1.71 1.79 1.95 2.06 2.15 2.23 2.33 2.35 2.31 2.30 2.40 2.41 2.34 2.31 2.35 2.39 2.46 2.47 2.34 2.30 2.38 2.72 3.04 3.18 3.59 3.90 3.91 3.80 3.30 2.52 2.05 1.99 2.27 2.63 2.57 2.27 2.10 2.24 2.50 2.65 2.58 2.34 2.34 2.28
1.71 1.71 1.72 1.75 1.77 1.77 1.77 1.78 1.81 1.85 1.86 1.86 1.87 1.88 1.87 1.87 1.86 1.88 1.90 1.86 1.81 1.79 1.76 1.70 1.64 1.60 1.52 1.45 1.44 1.46 1.45 1.51 1.76 1.92 1.90 1.91 1.86 1.75 1.73 1.75 1.79 1.90 1.97 2.06 2.34 2.55 2.45 2.33 2.27 2.25 2.37 2.37 2.32 2.42 2.47 2.44 2.47 2.44 2.25 2.24 2.44 2.81 3.29 3.82 4.16 4.01 3.65 3.18 2.47 1.96 1.80 1.94 2.46 2.90 2.72 2.23 2.03 2.27 2.48 2.48 2.42 2.35 2.40 2.34
1.71 1.71 1.73 1.74 1.75 1.75 1.75 1.77 1.83 1.87 1.86 1.85 1.85 1.88 1.87 1.86 1.86 1.88 1.89 1.84 1.81 1.79 1.74 1.67 1.60 1.52 1.39 1.33 1.45 1.56 1.54 1.58 1.70 1.77 1.81 1.82 1.77 1.78 1.85 1.87 1.89 1.96 2.04 2.34 2.72 2.57 2.24 2.21 2.22 2.23 2.33 2.38 2.46 2.56 2.54 2.47 2.46 2.36 2.16 2.16 2.43 3.03 3.85 4.33 4.05 3.36 2.77 2.17 1.70 1.57 1.69 2.17 2.96 3.12 2.50 1.89 1.88 2.20 2.32 2.29 2.39 2.49 2.46 2.38
1.70 1.70 1.71 1.73 1.74 1.74 1.74 1.79 1.86 1.87 1.85 1.83 1.86 1.88 1.86 1.85 1.87 1.88 1.87 1.84 1.81 1.78 1.71 1.63 1.56 1.42 1.27 1.32 1.58 1.65 1.57 1.61 1.72 1.78 1.82 1.79 1.75 1.88 2.01 1.99 2.00 2.08 2.29 2.67 2.70 2.24 2.06 2.18 2.23 2.29 2.35 2.42 2.50 2.56 2.58 2.54 2.40 2.16 2.00 2.09 2.65 3.77 4.56 4.34 3.52 2.79 2.17 1.62 1.40 1.55 2.03 2.90 3.36 2.93 2.14 1.67 1.83 2.20 2.30 2.36 2.60 2.70 2.53 2.51
1.69 1.70 1.71 1.73 1.74 1.74 1.75 1.82 1.87 1.86 1.83 1.84 1.87 1.86 1.84 1.86 1.88 1.87 1.85 1.83 1.79 1.76 1.70 1.63 1.53 1.35 1.24 1.43 1.68 1.67 1.59 1.67 1.76 1.77 1.80 1.74 1.75 2.04 2.21 2.16 2.17 2.30 2.53 2.71 2.49 2.12 2.13 2.28 2.39 2.43 2.38 2.43 2.53 2.67 2.82 2.62 2.16 1.92 2.04 2.45 3.48 4.62 4.63 3.68 2.79 2.23 1.74 1.37 1.38 1.91 2.86 3.47 3.27 2.59 1.91 1.62 1.86 2.34 2.47 2.57 2.77 2.71 2.53 2.66
1.68 1.69 1.71 1.73 1.74 1.74 1.77 1.85 1.87 1.83 1.83 1.85 1.86 1.84 1.84 1.87 1.89 1.87 1.85 1.82 1.80 1.78 1.73 1.65 1.53 1.34 1.29 1.55 1.76 1.69 1.65 1.75 1.79 1.77 1.75 1.69 1.78 2.17 2.40 2.33 2.28 2.51 2.68 2.68 2.53 2.33 2.35 2.43 2.54 2.52 2.44 2.58 2.77 2.98 3.02 2.46 1.94 2.03 2.61 3.33 4.25 4.68 3.91 2.77 2.10 1.73 1.38 1.25 1.61 2.50 3.43 3.49 2.92 2.29 1.74 1.57 1.92 2.56 2.73 2.68 2.68 2.58 2.55 2.81
1.67 1.69 1.71 1.72 1.74 1.75 1.80 1.85 1.84 1.81 1.82 1.84 1.85 1.85 1.87 1.89 1.89 1.87 1.84 1.84 1.83 1.81 1.74 1.66 1.54 1.40 1.48 1.79 1.90 1.73 1.72 1.88 1.88 1.85 1.88 1.87 2.01 2.34 2.69 2.62 2.58 2.83 2.84 2.78 2.69 2.50 2.46 2.50 2.64 2.72 2.69 2.83 3.01 3.14 2.93 2.27 2.05 2.45 3.18 3.91 4.44 4.18 3.21 2.25 1.80 1.57 1.30 1.38 2.15 3.14 3.65 3.33 2.65 2.03 1.56 1.50 1.90 2.58 2.71 2.60 2.59 2.51 2.57 2.81
1.67 1.68 1.70 1.71 1.74 1.77 1.81 1.83 1.81 1.81 1.83 1.85 1.87 1.88 1.90 1.90 1.90 1.87 1.86 1.86 1.85 1.81 1.74 1.66 1.56 1.54 1.74 1.96 1.91 1.77 1.87 2.01 2.00 2.15 2.42 2.48 2.48 2.75 3.08 3.02 3.05 3.16 3.02 2.93 2.77 2.57 2.57 2.72 3.04 3.15 3.02 3.06 3.13 3.07 2.77 2.29 2.21 2.62 3.35 4.07 4.17 3.39 2.45 1.84 1.58 1.49 1.38 1.70 2.71 3.54 3.62 2.97 2.22 1.76 1.53 1.66 2.06 2.44 2.59 2.63 2.55 2.40 2.43 2.59
1.68 1.69 1.69 1.70 1.75 1.80 1.81 1.81 1.81 1.82 1.83 1.87 1.88 1.90 1.91 1.91 1.90 1.89 1.88 1.88 1.85 1.80 1.76 1.69 1.65 1.70 1.84 1.89 1.74 1.61 1.72 1.97 2.27 2.75 3.04 2.90 2.79 3.05 3.35 3.29 3.24 3.17 2.94 2.86 2.71 2.58 2.74 3.06 3.29 3.10 2.88 2.94 2.90 2.77 2.50 2.05 2.02 2.58 3.39 3.98 3.59 2.51 1.78 1.47 1.48 1.55 1.57 1.95 2.94 3.60 3.21 2.28 1.79 1.73 1.80 2.04 2.17 2.28 2.61 2.82 2.60 2.30 2.25 2.43
1.70 1.69 1.67 1.70 1.79 1.84 1.80 1.80 1.83 1.83 1.85 1.87 1.89 1.91 1.93 1.92 1.91 1.90 1.88 1.86 1.85 1.83 1.79 1.75 1.76 1.81 1.85 1.80 1.60 1.45 1.65 2.15 2.69 3.13 3.11 2.73 2.73 3.22 3.45 3.20 2.98 2.72 2.49 2.47 2.40 2.42 2.71 2.97 2.83 2.45 2.35 2.40 2.35 2.37 2.14 1.71 1.92 2.63 3.39 3.79 3.13 1.98 1.39 1.36 1.66 1.84 1.84 2.14 3.04 3.46 2.67 1.96 2.01 2.17 2.16 2.17 2.12 2.26 2.68 2.95 2.68 2.24 2.18 2.41
1.69 1.67 1.65 1.71 1.84 1.85 1.78 1.80 1.84 1.85 1.86 1.89 1.92 1.94 1.94 1.93 1.90 1.90 1.88 1.87 1.88 1.88 1.82 1.81 1.86 1.87 1.89 1.83 1.70 1.76 2.20 2.72 2.95 3.07 2.86 2.47 2.66 3.21 3.17 2.69 2.45 2.24 2.12 2.20 2.17 2.22 2.51 2.57 2.25 2.10 2.13 2.11 2.10 2.15 1.96 1.78 2.15 2.75 3.30 3.48 2.73 1.71 1.29 1.45 1.98 2.19 2.15 2.41 3.08 3.27 2.57 2.33 2.65 2.58 2.29 2.17 2.18 2.37 2.71 2.95 2.53 2.04 2.12 2.36
1.67 1.66 1.65 1.75 1.87 1.83 1.77 1.80 1.84 1.86 1.87 1.91 1.94 1.95 1.95 1.93 1.91 1.92 1.91 1.91 1.93 1.91 1.87 1.90 1.96 1.96 1.95 1.86 1.84 2.09 2.53 2.83 2.80 2.86 2.88 2.59 2.72 3.01 2.75 2.31 2.18 2.04 1.98 2.04 1.98 2.10 2.28 2.13 1.94 2.01 2.06 2.03 2.02 1.98 1.90 1.96 2.31 2.75 3.06 3.12 2.61 1.81 1.46 1.65 2.21 2.42 2.38 2.53 2.97 3.28 3.02 2.93 2.92 2.54 2.24 2.23 2.35 2.54 2.79 2.79 2.29 1.92 2.12 2.42
1.66 1.65 1.68 1.80 1.88 1.83 1.79 1.81 1.86 1.88 1.89 1.93 1.94 1.95 1.95 1.93 1.93 1.95 1.95 1.94 1.95 1.94 1.93 1.98 2.02 1.99 1.90 1.82 1.83 2.04 2.43 2.64 2.64 2.86 3.10 2.89 2.71 2.70 2.43 2.13 2.02 1.84 1.77 1.76 1.78 1.97 1.99 1.84 1.87 1.97 1.97 1.94 1.91 1.87 1.91 2.10 2.38 2.59 2.73 2.90 2.65 1.99 1.66 1.80 2.27 2.50 2.52 2.62 3.11 3.61 3.34 2.94 2.65 2.27 2.12 2.20 2.34 2.52 2.60 2.42 2.13 2.05 2.25 2.50
1.65 1.66 1.73 1.85 1.89 1.83 1.79 1.82 1.89 1.91 1.92 1.94 1.95 1.95 1.94 1.95 1.96 1.97 1.96 1.95 1.97 1.98 1.98 2.00 1.99 1.92 1.85 1.81 1.79 2.00 2.44 2.67 2.84 3.17 3.24 2.82 2.41 2.26 2.08 1.82 1.66 1.55 1.55 1.60 1.76 1.96 1.87 1.84 1.97 1.99 1.95 1.95 1.95 1.97 2.11 2.32 2.44 2.44 2.51 2.78 2.66 2.03 1.71 1.88 2.26 2.54 2.70 2.96 3.57 3.73 2.98 2.42 2.21 1.97 2.00 2.12 2.14 2.13 2.07 2.05 2.09 2.08 2.17 2.32
1.66 1.69 1.78 1.87 1.87 1.81 1.81 1.85 1.90 1.92 1.94 1.95 1.96 1.95 1.96 1.98 1.98 1.98 1.98 1.98 1.99 2.00 2.00 2.00 1.97 1.93 1.88 1.80 1.79 2.21 2.73 2.94 3.14 3.22 2.96 2.40 1.96 1.76 1.63 1.47 1.37 1.42 1.55 1.66 1.90 2.06 1.95 1.98 2.04 1.97 2.02 2.09 2.13 2.25 2.41 2.47 2.43 2.41 2.46 2.67 2.71 2.17 1.83 1.99 2.24 2.55 2.95 3.40 3.65 3.13 2.19 1.92 1.97 2.00 2.12 2.09 1.94 1.80 1.85 2.06 2.06 1.90 1.92 2.08
