windninja/windninja_output/Output_2025-08-24_1600-1650_Google earth_Fire_150m_10min/merlingen_7.5mi_point_08-24-2025_1630_150m_vel.asc
ncols	158
nrows	163
xllcorner	391686.332397
yllcorner	5160024.123721
cellsize	150.000000
NODATA_value	-32768.000000
[rows 76 to 113 of 163, columns 0 to 83 of 158]
4.33 4.22 3.88 3.44 3.30 3.36 3.19 2.97 2.85 2.70 2.58 2.47 2.35 2.31 2.24 2.11 2.07 2.08 2.02 1.95 1.92 1.91 1.90 1.88 1.73 1.52 1.55 1.72 1.83 1.95 2.03 2.00 1.96 1.93 1.85 1.70 1.63 1.61 1.57 1.51 1.48 1.47 1.47 1.47 1.46 1.44 1.43 1.42 1.40 1.38 1.36 1.33 1.30 1.27 1.24 1.20 1.16 1.13 1.09 1.05 1.02 0.98 0.94 0.90 0.86 0.82 0.77 0.74 0.70 0.66 0.61 0.57 0.51 0.46 0.41 0.42 0.44 0.47 0.55 0.64 0.73 0.76 0.80 0.80
4.35 4.29 4.12 3.84 3.66 3.53 3.25 3.05 2.96 2.82 2.69 2.54 2.43 2.41 2.33 2.20 2.16 2.16 2.09 2.02 2.01 2.00 1.99 1.94 1.74 1.57 1.71 1.88 1.87 1.88 1.99 2.07 2.04 2.03 2.06 1.90 1.77 1.72 1.65 1.59 1.53 1.51 1.53 1.53 1.52 1.51 1.50 1.49 1.47 1.45 1.43 1.40 1.36 1.33 1.29 1.26 1.22 1.18 1.14 1.10 1.06 1.02 0.98 0.94 0.90 0.85 0.81 0.77 0.73 0.69 0.64 0.60 0.55 0.51 0.46 0.43 0.40 0.39 0.46 0.62 0.75 0.77 0.80 0.87
4.27 3.98 4.08 4.53 4.31 3.78 3.39 3.22 3.18 3.01 2.76 2.56 2.49 2.47 2.40 2.30 2.27 2.24 2.14 2.09 2.09 2.09 2.10 1.98 1.69 1.64 1.92 2.04 1.94 1.83 1.88 2.10 2.16 2.16 2.22 2.09 1.89 1.81 1.76 1.69 1.58 1.54 1.58 1.59 1.58 1.58 1.57 1.56 1.55 1.53 1.51 1.47 1.43 1.39 1.35 1.31 1.27 1.23 1.19 1.15 1.11 1.07 1.02 0.98 0.94 0.89 0.85 0.81 0.76 0.72 0.67 0.64 0.59 0.55 0.51 0.45 0.39 0.36 0.42 0.59 0.76 0.79 0.85 0.95
3.81 3.47 3.92 5.23 5.54 4.73 3.85 3.47 3.46 3.16 2.72 2.53 2.51 2.53 2.50 2.41 2.36 2.29 2.18 2.15 2.17 2.19 2.19 2.00 1.66 1.73 2.10 2.19 2.05 1.85 1.86 2.11 2.24 2.28 2.34 2.24 2.00 1.87 1.88 1.82 1.62 1.56 1.63 1.64 1.63 1.64 1.64 1.64 1.63 1.62 1.59 1.55 1.50 1.46 1.41 1.37 1.33 1.29 1.24 1.20 1.16 1.12 1.07 1.03 0.98 0.94 0.89 0.85 0.80 0.75 0.71 0.67 0.62 0.58 0.54 0.49 0.43 0.38 0.39 0.54 0.71 0.80 0.89 1.01
2.95 3.04 3.90 5.15 6.35 6.21 4.57 3.72 3.59 3.10 2.57 2.44 2.54 2.58 2.57 2.50 2.41 2.33 2.22 2.22 2.26 2.28 2.26 2.05 1.75 1.84 2.22 2.30 2.15 1.97 1.95 2.14 2.26 2.33 2.43 2.35 2.07 1.94 2.01 1.95 1.69 1.57 1.66 1.68 1.68 1.71 1.71 1.72 1.74 1.74 1.70 1.63 1.58 1.52 1.47 1.43 1.38 1.34 1.30 1.26 1.21 1.16 1.12 1.07 1.03 0.98 0.93 0.88 0.84 0.79 0.75 0.70 0.65 0.61 0.57 0.52 0.47 0.41 0.41 0.52 0.67 0.79 0.90 0.99
2.13 2.90 4.21 5.56 7.07 6.37 4.12 3.39 3.27 2.80 2.39 2.36 2.50 2.58 2.63 2.55 2.43 2.38 2.32 2.30 2.34 2.36 2.35 2.17 1.86 1.94 2.30 2.35 2.26 2.16 2.12 2.22 2.28 2.33 2.43 2.40 2.16 2.05 2.10 2.06 1.80 1.61 1.68 1.73 1.75 1.78 1.76 1.78 1.89 1.92 1.83 1.73 1.65 1.58 1.53 1.48 1.44 1.40 1.35 1.31 1.26 1.22 1.17 1.12 1.07 1.02 0.97 0.92 0.88 0.83 0.78 0.74 0.68 0.64 0.59 0.55 0.50 0.45 0.44 0.50 0.60 0.75 0.87 0.94
2.73 3.54 5.10 6.99 7.23 4.93 3.07 2.66 2.55 2.37 2.13 2.19 2.44 2.59 2.67 2.56 2.44 2.46 2.44 2.38 2.42 2.45 2.46 2.27 1.95 2.07 2.39 2.42 2.38 2.34 2.26 2.28 2.27 2.27 2.35 2.39 2.33 2.21 2.19 2.12 1.90 1.71 1.73 1.82 1.87 1.91 1.87 1.89 2.09 2.15 1.99 1.84 1.71 1.63 1.58 1.53 1.49 1.45 1.41 1.37 1.32 1.27 1.22 1.17 1.12 1.07 1.02 0.97 0.92 0.87 0.82 0.77 0.71 0.66 0.61 0.58 0.53 0.49 0.46 0.47 0.52 0.64 0.82 0.95
6.09 5.77 6.26 6.77 5.67 3.92 2.91 2.30 2.04 1.93 1.87 2.11 2.40 2.57 2.68 2.58 2.49 2.57 2.56 2.51 2.53 2.56 2.56 2.39 2.13 2.26 2.51 2.49 2.43 2.41 2.36 2.31 2.25 2.24 2.29 2.38 2.45 2.38 2.30 2.18 1.99 1.88 1.90 1.99 2.07 2.12 2.11 2.16 2.33 2.32 2.11 1.91 1.78 1.67 1.60 1.57 1.54 1.51 1.47 1.42 1.37 1.32 1.27 1.22 1.17 1.11 1.06 1.01 0.96 0.90 0.85 0.80 0.74 0.69 0.64 0.59 0.55 0.51 0.47 0.46 0.46 0.56 0.77 0.94
7.61 6.82 5.79 5.19 4.43 3.72 2.78 2.13 1.99 1.91 2.03 2.21 2.36 2.59 2.72 2.64 2.57 2.67 2.72 2.67 2.69 2.68 2.64 2.57 2.42 2.43 2.56 2.51 2.43 2.46 2.43 2.34 2.24 2.22 2.30 2.43 2.52 2.52 2.42 2.26 2.13 2.07 2.08 2.14 2.21 2.25 2.27 2.36 2.42 2.30 2.09 1.94 1.81 1.65 1.59 1.60 1.60 1.57 1.54 1.49 1.44 1.38 1.33 1.27 1.22 1.16 1.11 1.05 1.00 0.95 0.89 0.84 0.78 0.72 0.67 0.62 0.58 0.53 0.48 0.45 0.44 0.52 0.69 0.84
8.89 7.35 5.34 4.83 4.50 3.80 2.74 2.29 2.33 2.33 2.36 2.33 2.39 2.62 2.77 2.75 2.67 2.82 2.88 2.84 2.85 2.80 2.77 2.82 2.70 2.49 2.47 2.49 2.51 2.55 2.45 2.37 2.25 2.19 2.37 2.54 2.59 2.61 2.54 2.44 2.31 2.21 2.21 2.24 2.29 2.32 2.38 2.48 2.45 2.28 2.09 1.93 1.78 1.65 1.61 1.64 1.66 1.64 1.60 1.56 1.51 1.45 1.39 1.32 1.27 1.21 1.15 1.10 1.04 0.99 0.93 0.87 0.81 0.75 0.70 0.65 0.60 0.55 0.50 0.46 0.44 0.50 0.62 0.75
9.69 7.78 5.51 4.97 4.60 3.95 2.98 2.74 2.92 2.84 2.58 2.39 2.50 2.64 2.82 2.82 2.76 2.93 3.01 3.03 2.98 2.89 2.97 3.13 2.96 2.54 2.41 2.52 2.64 2.59 2.42 2.42 2.34 2.26 2.49 2.63 2.61 2.67 2.71 2.66 2.49 2.33 2.28 2.30 2.35 2.40 2.50 2.61 2.56 2.34 2.09 1.91 1.82 1.76 1.70 1.72 1.74 1.72 1.69 1.64 1.58 1.51 1.45 1.38 1.32 1.26 1.20 1.15 1.09 1.03 0.97 0.91 0.85 0.79 0.73 0.68 0.62 0.56 0.51 0.46 0.42 0.46 0.56 0.71
9.59 7.66 5.73 5.15 4.52 4.05 3.46 3.28 3.48 3.26 2.64 2.46 2.68 2.64 2.79 2.88 2.79 3.02 3.22 3.30 3.18 3.08 3.43 3.79 3.37 2.63 2.43 2.58 2.67 2.56 2.45 2.51 2.48 2.42 2.57 2.64 2.60 2.71 2.85 2.85 2.68 2.46 2.32 2.31 2.38 2.48 2.63 2.73 2.67 2.39 2.11 1.96 1.88 1.84 1.82 1.83 1.83 1.82 1.79 1.73 1.66 1.58 1.50 1.43 1.37 1.31 1.25 1.19 1.13 1.08 1.01 0.95 0.89 0.83 0.77 0.71 0.65 0.58 0.51 0.45 0.37 0.36 0.43 0.56
8.85 7.56 5.99 5.27 4.45 4.05 3.93 3.76 3.65 3.43 2.86 2.76 2.88 2.64 2.73 2.81 2.80 3.20 3.56 3.77 3.63 3.67 4.61 4.82 3.65 2.50 2.33 2.51 2.55 2.53 2.54 2.58 2.58 2.56 2.62 2.67 2.63 2.69 2.89 3.01 2.90 2.64 2.41 2.34 2.39 2.57 2.77 2.83 2.73 2.48 2.25 2.08 1.94 1.92 1.95 1.94 1.95 1.95 1.91 1.85 1.76 1.64 1.55 1.48 1.42 1.36 1.30 1.24 1.18 1.12 1.06 1.00 0.93 0.87 0.80 0.74 0.67 0.61 0.53 0.46 0.38 0.31 0.32 0.43
8.13 7.46 6.17 5.14 4.46 4.09 4.05 3.98 3.64 3.67 3.65 3.26 2.92 2.64 2.57 2.56 2.90 3.50 4.07 4.49 4.57 5.26 5.85 4.82 2.84 1.96 2.04 2.34 2.46 2.55 2.62 2.66 2.67 2.66 2.72 2.80 2.68 2.64 2.82 3.08 3.09 2.86 2.59 2.41 2.43 2.62 2.81 2.91 2.83 2.63 2.45 2.25 2.11 2.07 2.04 2.01 2.01 2.05 2.11 2.05 1.86 1.68 1.59 1.52 1.46 1.41 1.35 1.29 1.23 1.17 1.10 1.04 0.97 0.91 0.84 0.77 0.70 0.63 0.56 0.49 0.41 0.33 0.31 0.35
7.97 7.19 5.84 4.98 4.61 4.19 3.94 3.87 3.66 4.08 4.47 3.63 2.77 2.55 2.42 2.44 2.98 3.79 4.86 5.86 6.53 6.76 5.65 3.39 1.81 1.42 1.80 2.22 2.43 2.57 2.68 2.76 2.78 2.75 2.85 2.94 2.77 2.65 2.75 3.06 3.24 3.07 2.80 2.56 2.52 2.62 2.77 2.98 3.01 2.84 2.67 2.49 2.35 2.23 2.05 1.95 1.99 2.20 2.50 2.34 1.92 1.68 1.60 1.54 1.50 1.46 1.40 1.35 1.29 1.22 1.15 1.09 1.02 0.95 0.88 0.81 0.74 0.67 0.59 0.52 0.44 0.36 0.32 0.34
7.86 6.83 5.56 5.22 5.05 4.46 3.93 3.70 3.64 4.41 4.87 3.78 2.63 2.45 2.42 2.55 3.02 3.87 5.44 7.49 7.87 6.42 3.73 2.02 1.16 1.10 1.67 2.15 2.42 2.61 2.77 2.86 2.92 2.89 2.97 3.07 2.93 2.82 2.82 2.98 3.24 3.19 3.00 2.80 2.66 2.64 2.76 3.00 3.15 3.13 2.94 2.75 2.59 2.35 2.00 1.89 2.18 2.62 2.89 2.50 1.87 1.62 1.58 1.57 1.54 1.51 1.46 1.40 1.34 1.27 1.21 1.14 1.07 1.00 0.93 0.86 0.78 0.71 0.63 0.55 0.47 0.38 0.32 0.33
7.58 6.72 5.67 5.50 5.50 5.05 4.46 3.89 3.51 4.33 4.93 3.85 2.76 2.55 2.56 2.86 3.30 4.10 6.31 8.27 7.35 3.77 1.87 1.06 0.68 0.97 1.66 2.17 2.47 2.71 2.87 3.01 3.12 3.09 3.10 3.16 3.09 3.03 2.99 2.96 3.02 3.16 3.21 3.06 2.83 2.69 2.73 2.96 3.26 3.42 3.28 3.06 2.82 2.46 2.07 2.12 2.68 2.98 2.85 2.33 1.76 1.55 1.55 1.59 1.58 1.56 1.52 1.47 1.40 1.33 1.26 1.19 1.12 1.05 0.98 0.90 0.83 0.75 0.67 0.59 0.51 0.43 0.35 0.30
7.52 6.86 5.94 5.75 5.98 5.81 5.12 4.14 3.28 3.86 4.83 4.20 3.25 3.04 2.98 3.53 4.31 5.49 7.59 7.84 5.15 1.38 0.71 0.60 0.61 1.11 1.79 2.28 2.58 2.82 2.97 3.20 3.39 3.32 3.21 3.22 3.23 3.22 3.19 3.03 2.81 2.92 3.31 3.35 3.00 2.76 2.75 2.97 3.38 3.62 3.71 3.57 3.02 2.52 2.25 2.40 2.84 2.85 2.53 2.19 1.80 1.54 1.55 1.62 1.63 1.62 1.59 1.52 1.45 1.39 1.32 1.26 1.18 1.11 1.03 0.95 0.88 0.80 0.72 0.63 0.55 0.46 0.39 0.32
7.81 7.15 6.16 6.12 6.58 6.27 5.15 3.75 2.88 3.68 4.88 4.62 3.83 3.45 3.41 4.36 5.23 6.23 7.45 6.07 3.05 1.57 1.22 0.98 0.96 1.44 2.01 2.40 2.67 2.88 3.10 3.52 3.79 3.57 3.29 3.29 3.40 3.42 3.38 3.16 2.81 2.71 3.18 3.51 3.19 2.96 2.95 3.13 3.52 3.85 4.30 4.15 3.02 2.46 2.41 2.48 2.68 2.65 2.41 2.20 1.95 1.65 1.60 1.66 1.70 1.69 1.64 1.58 1.52 1.46 1.39 1.32 1.23 1.16 1.08 1.01 0.93 0.85 0.77 0.68 0.59 0.50 0.41 0.34
8.06 7.43 6.53 6.58 6.95 6.22 4.77 3.33 2.79 3.68 4.76 4.68 3.88 3.09 3.17 4.50 5.31 6.19 7.07 5.26 2.97 2.87 2.33 1.77 1.57 1.88 2.21 2.51 2.71 2.93 3.40 4.02 4.18 3.75 3.34 3.38 3.57 3.60 3.52 3.34 3.01 2.77 3.04 3.43 3.40 3.32 3.34 3.51 3.89 4.41 4.81 4.18 2.78 2.34 2.48 2.55 2.63 2.61 2.41 2.24 2.07 1.78 1.70 1.77 1.79 1.75 1.69 1.65 1.61 1.54 1.46 1.37 1.28 1.21 1.15 1.07 0.99 0.91 0.82 0.73 0.65 0.56 0.46 0.36
8.02 7.81 7.20 6.96 6.91 5.93 4.66 3.50 3.03 3.33 3.98 4.16 3.40 2.99 3.31 4.50 5.27 6.81 7.45 4.74 3.79 3.99 3.42 2.62 2.24 2.27 2.37 2.61 2.81 3.15 3.92 4.41 4.31 3.82 3.42 3.52 3.73 3.77 3.70 3.55 3.27 2.98 3.02 3.38 3.63 3.68 3.82 4.14 4.57 4.85 4.49 3.54 2.64 2.31 2.51 2.66 2.64 2.58 2.41 2.27 2.13 1.90 1.86 1.89 1.86 1.81 1.77 1.74 1.70 1.61 1.50 1.42 1.34 1.28 1.21 1.14 1.06 0.97 0.88 0.79 0.70 0.60 0.51 0.41
8.38 8.30 7.70 6.89 6.46 5.88 5.00 4.09 3.53 3.28 3.39 3.05 2.51 2.86 3.64 4.71 5.68 6.97 7.30 5.59 4.73 4.56 4.62 3.88 2.95 2.51 2.46 2.70 3.04 3.57 4.21 4.42 4.29 3.99 3.69 3.72 3.92 4.01 3.94 3.78 3.57 3.24 3.10 3.47 3.85 3.91 4.16 4.58 4.77 4.45 3.69 3.22 2.86 2.48 2.58 2.75 2.70 2.58 2.43 2.32 2.15 2.02 2.02 2.00 1.95 1.89 1.87 1.84 1.77 1.66 1.54 1.48 1.41 1.35 1.28 1.21 1.12 1.04 0.95 0.86 0.76 0.66 0.56 0.46
9.25 8.80 7.63 6.43 6.00 5.89 5.27 4.68 4.25 3.71 3.32 2.83 2.35 2.66 3.83 5.08 6.11 6.49 5.67 5.66 5.46 5.20 5.75 5.14 3.51 2.42 2.45 2.83 3.29 3.85 4.29 4.38 4.39 4.29 4.05 4.03 4.23 4.36 4.24 4.03 3.84 3.53 3.31 3.53 3.84 3.95 4.27 4.65 4.53 4.05 3.53 3.33 3.11 2.77 2.74 2.85 2.84 2.70 2.52 2.37 2.19 2.14 2.16 2.12 2.05 2.01 1.97 1.90 1.82 1.70 1.60 1.55 1.50 1.43 1.35 1.27 1.19 1.11 1.02 0.92 0.83 0.73 0.62 0.51
9.93 8.83 7.18 6.16 5.71 5.41 4.92 4.85 4.67 4.09 3.67 3.16 2.61 2.75 3.80 5.25 6.01 5.47 4.82 5.00 5.47 6.17 6.93 5.85 3.22 2.19 2.58 3.05 3.47 4.00 4.43 4.53 4.58 4.58 4.46 4.49 4.66 4.74 4.59 4.32 4.09 3.85 3.61 3.54 3.78 4.12 4.41 4.54 4.34 3.97 3.72 3.50 3.25 3.10 3.02 3.02 2.97 2.86 2.66 2.43 2.27 2.25 2.31 2.27 2.20 2.14 2.06 1.95 1.86 1.76 1.68 1.63 1.57 1.50 1.43 1.35 1.27 1.18 1.09 1.00 0.90 0.80 0.69 0.58
9.14 8.25 7.00 6.30 5.63 5.13 4.78 4.68 4.61 4.24 4.03 3.57 3.08 3.20 3.83 5.06 5.83 4.92 4.16 4.38 5.44 7.23 7.30 4.75 2.95 2.74 3.08 3.41 3.68 4.16 4.66 4.87 4.94 4.99 4.96 4.97 5.02 5.05 5.04 4.75 4.39 4.18 3.88 3.64 3.85 4.25 4.41 4.38 4.22 4.02 3.92 3.66 3.38 3.36 3.32 3.19 2.99 3.01 2.89 2.55 2.36 2.36 2.42 2.43 2.39 2.26 2.15 2.02 1.89 1.82 1.75 1.70 1.64 1.58 1.50 1.43 1.35 1.26 1.17 1.08 0.97 0.87 0.76 0.65
8.01 7.47 6.85 6.32 5.47 5.05 4.91 4.72 4.48 4.25 4.12 3.74 3.34 3.52 4.10 4.94 5.64 4.95 3.87 4.87 7.00 7.61 6.09 4.60 3.81 3.49 3.63 3.85 4.00 4.39 4.99 5.40 5.53 5.59 5.49 5.32 5.24 5.37 5.57 5.28 4.68 4.38 4.10 3.86 3.89 4.11 4.34 4.35 4.20 4.09 4.02 3.79 3.55 3.49 3.50 3.30 3.07 3.19 3.11 2.69 2.45 2.41 2.51 2.61 2.59 2.41 2.24 2.05 1.89 1.82 1.80 1.79 1.73 1.66 1.59 1.52 1.43 1.35 1.26 1.16 1.06 0.96 0.84 0.73
7.17 6.86 6.47 6.03 5.38 5.01 4.94 4.80 4.52 4.25 4.07 3.80 3.32 3.27 3.91 4.84 5.51 5.19 4.56 6.05 7.58 6.15 5.16 4.98 4.51 4.17 4.16 4.26 4.34 4.74 5.44 6.00 6.20 6.20 6.01 5.70 5.60 5.87 6.10 5.69 4.92 4.50 4.35 4.15 4.04 4.20 4.48 4.47 4.27 4.13 3.99 3.88 3.73 3.62 3.65 3.43 3.29 3.33 3.17 2.90 2.64 2.54 2.62 2.74 2.76 2.55 2.26 2.01 1.81 1.80 1.91 1.94 1.83 1.73 1.67 1.60 1.53 1.45 1.35 1.25 1.14 1.04 0.93 0.81
6.56 6.34 6.00 5.69 5.30 5.01 4.89 4.79 4.61 4.29 4.06 3.87 3.32 3.06 3.55 4.55 5.54 5.45 5.22 6.61 7.12 5.95 5.51 5.40 5.03 4.84 4.88 4.75 4.76 5.33 5.93 6.43 6.79 6.78 6.60 6.36 6.21 6.34 6.36 5.92 5.20 4.75 4.63 4.47 4.34 4.39 4.51 4.44 4.19 4.04 3.96 3.99 3.93 3.79 3.81 3.63 3.47 3.39 3.25 3.17 2.97 2.75 2.68 2.80 2.89 2.64 2.27 1.97 1.77 1.83 2.07 2.10 1.90 1.79 1.76 1.70 1.63 1.55 1.46 1.35 1.25 1.13 1.02 0.90
6.02 5.82 5.54 5.40 5.22 5.02 4.86 4.73 4.67 4.47 4.16 3.98 3.61 3.46 3.74 4.35 5.44 5.60 5.44 6.19 6.50 6.33 6.15 5.86 5.45 5.43 5.73 5.62 5.50 6.10 6.40 6.68 7.28 7.41 7.27 7.18 6.91 6.67 6.53 6.19 5.64 5.15 4.91 4.80 4.63 4.45 4.41 4.31 4.04 3.98 4.07 4.12 4.10 4.00 3.91 3.73 3.56 3.45 3.41 3.37 3.14 2.83 2.70 2.89 2.95 2.69 2.33 2.00 1.80 1.90 2.16 2.19 1.99 1.84 1.81 1.80 1.77 1.69 1.57 1.45 1.35 1.24 1.11 0.99
5.46 5.30 5.08 5.14 5.18 5.03 4.84 4.65 4.70 4.78 4.47 4.24 4.10 3.89 3.95 4.34 5.06 5.36 5.30 5.59 5.80 6.04 6.30 6.11 5.87 5.95 6.45 6.54 6.48 6.95 7.00 7.27 7.73 7.85 7.92 8.15 7.92 7.32 7.00 6.67 6.17 5.54 5.24 5.18 4.89 4.62 4.50 4.33 4.09 4.10 4.28 4.29 4.21 4.14 4.00 3.79 3.62 3.53 3.55 3.49 3.21 2.91 2.86 2.99 2.93 2.74 2.46 2.08 1.85 1.97 2.16 2.19 2.14 1.95 1.91 1.99 1.96 1.79 1.64 1.58 1.49 1.35 1.21 1.08
4.83 4.73 4.62 4.85 5.14 5.08 4.84 4.62 4.77 5.09 4.89 4.65 4.48 4.15 4.12 4.26 4.66 4.95 4.87 4.99 5.43 5.98 5.94 5.88 6.19 6.38 6.87 7.26 7.69 8.01 8.09 8.23 7.88 7.82 8.75 9.69 9.28 8.17 7.50 7.03 6.45 5.82 5.65 5.52 5.12 4.87 4.64 4.42 4.26 4.26 4.44 4.40 4.20 4.14 4.09 3.87 3.67 3.59 3.61 3.56 3.31 3.09 3.08 3.09 2.97 2.82 2.59 2.16 1.88 1.99 2.16 2.20 2.28 2.22 2.17 2.24 2.11 1.83 1.72 1.78 1.69 1.49 1.30 1.16
4.11 4.12 4.22 4.58 5.00 5.12 4.96 4.74 4.89 5.37 5.35 5.04 4.57 4.22 4.27 4.17 4.38 4.56 4.36 4.46 5.24 6.17 5.65 5.11 5.94 6.74 7.07 7.58 8.87 9.45 9.22 8.73 7.31 7.63 10.29 11.53 10.31 8.37 7.62 7.34 6.66 6.18 6.09 5.84 5.49 5.26 4.93 4.69 4.49 4.33 4.39 4.36 4.16 4.11 4.08 3.95 3.76 3.65 3.63 3.57 3.47 3.37 3.27 3.19 3.08 2.86 2.66 2.30 1.93 1.94 2.18 2.32 2.42 2.48 2.42 2.39 2.24 1.99 1.93 1.99 1.87 1.60 1.38 1.25
3.41 3.49 3.88 4.47 4.88 5.12 5.24 5.07 5.16 5.44 5.46 5.03 4.32 4.23 4.55 4.44 4.33 4.19 4.00 4.22 5.19 6.30 5.70 4.49 5.06 6.51 7.14 7.35 9.48 10.99 9.87 8.83 6.98 8.01 12.24 12.65 10.11 8.19 8.12 8.07 7.02 6.46 6.53 6.34 5.92 5.59 5.31 5.04 4.68 4.39 4.32 4.30 4.18 4.07 4.01 3.96 3.88 3.76 3.69 3.59 3.58 3.66 3.49 3.22 3.12 2.89 2.67 2.45 2.08 1.92 2.17 2.48 2.64 2.67 2.64 2.57 2.45 2.26 2.08 2.03 1.93 1.69 1.48 1.32
2.77 2.97 3.73 4.61 5.08 5.34 5.34 5.15 5.14 5.15 5.25 5.06 4.38 4.41 4.98 5.02 4.40 3.62 3.71 4.61 5.75 6.42 5.58 4.28 4.19 5.67 6.90 7.21 9.70 11.85 10.32 9.05 7.79 9.15 13.41 12.72 9.60 8.83 9.32 8.51 6.65 6.43 7.07 6.74 6.12 5.91 5.69 5.21 4.73 4.48 4.40 4.35 4.24 4.07 3.94 3.92 3.92 3.94 3.90 3.66 3.59 3.85 3.70 3.18 3.09 3.01 2.74 2.58 2.29 1.98 2.07 2.58 2.94 2.89 2.82 2.74 2.66 2.45 2.13 2.03 1.98 1.86 1.65 1.41
2.41 2.85 3.99 4.88 5.22 5.20 4.93 4.84 4.94 4.99 5.23 5.18 4.59 4.68 5.46 5.67 4.44 2.79 3.30 5.09 6.60 6.78 5.34 4.15 3.89 4.76 6.16 7.13 10.02 12.24 10.84 9.43 8.72 10.46 14.17 13.28 10.66 10.51 9.87 7.66 6.16 6.97 7.62 6.82 6.30 6.28 5.89 5.24 4.85 4.67 4.52 4.38 4.17 4.00 3.97 3.91 3.87 4.07 4.14 3.72 3.53 3.85 3.78 3.21 3.09 3.18 2.98 2.71 2.42 2.10 2.13 2.70 3.19 3.10 2.97 2.89 2.77 2.56 2.26 2.14 2.08 2.03 1.82 1.48
2.42 3.07 4.18 4.75 4.87 4.74 4.57 4.65 4.79 4.86 5.18 5.42 4.94 4.99 6.00 6.26 4.37 1.95 2.64 5.10 7.19 7.60 5.52 3.99 3.90 4.57 5.53 6.65 9.35 12.04 11.87 10.12 9.28 11.48 15.23 14.82 12.73 11.59 9.50 7.03 6.80 7.56 7.71 7.06 6.71 6.41 5.74 5.19 5.00 4.85 4.59 4.27 3.91 3.92 4.08 3.92 3.77 4.07 4.27 3.85 3.52 3.71 3.74 3.40 3.24 3.34 3.29 2.91 2.51 2.30 2.37 2.84 3.25 3.22 3.12 3.04 2.84 2.62 2.45 2.34 2.25 2.19 1.95 1.59
2.42 3.04 3.92 4.28 4.48 4.46 4.40 4.52 4.70 4.65 4.99 5.92 5.77 5.37 6.32 6.64 4.26 1.47 1.92 4.49 6.95 8.22 6.46 3.84 3.77 5.34 5.98 6.59 7.96 10.54 12.30 11.54 10.43 12.99 16.64 16.01 13.63 11.18 8.15 7.00 6.86 6.77 7.34 7.88 7.36 6.46 5.59 5.12 5.00 4.90 4.68 4.22 3.82 3.94 4.15 3.92 3.73 3.98 4.30 4.03 3.59 3.56 3.68 3.62 3.46 3.44 3.47 3.17 2.75 2.53 2.56 2.91 3.25 3.30 3.27 3.21 2.98 2.71 2.65 2.60 2.49 2.39 2.08 1.72
2.33 2.80 3.48 3.91 4.30 4.37 4.29 4.38 4.55 4.46 4.86 6.34 6.56 5.68 6.40 6.96 4.46 1.69 1.93 3.66 6.05 8.24 7.45 4.25 4.11 6.43 6.99 7.30 7.46 8.47 11.09 12.58 12.94 15.47 17.90 15.85 12.30 9.39 7.24 6.41 5.64 5.93 7.90 8.86 7.66 6.16 5.42 5.20 5.10 4.99 4.77 4.31 3.98 4.01 4.11 3.96 3.75 3.84 4.22 4.17 3.73 3.46 3.64 3.87 3.62 3.49 3.56 3.39 3.16 2.87 2.76 3.05 3.34 3.34 3.36 3.39 3.19 2.91 2.80 2.76 2.77 2.60 2.13 1.77
