windninja/windninja_output/Output_2025-08-24_1600-1650_Google earth_Fire_150m_10min/merlingen_7.5mi_point_08-24-2025_1650_150m_ang.asc
ncols	158
nrows	163
xllcorner	391686.332397
yllcorner	5160024.123721
cellsize	150.000000
NODATA_value	-32768.000000
[rows 90 to 134 of 163, columns 0 to 95 of 158]
89 88 85 82 83 84 81 75 71 73 82 89 87 81 76 71 70 72 79 91 106 117 123 124 122 105 92 88 86 85 85 85 86 86 86 88 90 91 86 80 78 77 77 77 78 76 73 70 70 70 70 66 60 52 42 38 36 37 34 13 354 352 353 351 349 346 342 339 336 333 331 328 326 324 323 321 320 320 319 319 320 320 320 314 308 304 302 299 300 299 294 288 285 282 283 284
86 83 78 77 80 83 82 77 72 74 81 84 79 76 72 70 69 71 77 94 113 126 127 111 91 79 84 85 85 85 85 86 88 89 89 88 89 91 92 86 80 77 78 80 82 81 78 75 74 75 76 76 73 65 48 41 42 42 38 23 1 354 355 354 352 349 345 342 339 335 332 329 327 324 323 321 320 319 318 317 316 316 317 315 311 309 305 301 297 292 285 278 279 278 277 279
84 82 77 76 77 79 81 78 70 70 76 77 73 72 71 72 75 76 85 98 111 128 117 84 64 69 80 83 84 85 87 88 89 91 92 91 90 91 94 94 85 78 77 80 83 84 82 79 78 79 82 86 86 80 62 49 52 49 41 31 14 1 358 358 355 353 349 345 341 338 334 331 328 325 322 320 319 317 316 315 314 313 312 311 309 306 303 299 293 284 272 271 274 273 273 276
86 85 83 81 82 83 84 80 71 68 70 70 66 65 66 72 79 87 95 98 95 83 65 56 55 69 78 82 84 85 86 88 91 94 94 93 92 93 95 96 92 81 77 79 82 83 84 82 82 82 86 93 97 90 81 75 70 63 52 40 26 10 5 3 360 356 352 348 344 340 336 333 329 326 323 320 318 316 314 313 311 310 309 307 304 300 297 292 283 274 269 272 274 274 275 277
87 87 86 88 90 90 90 88 86 82 76 71 67 65 66 74 81 88 92 85 67 45 39 45 55 71 80 83 83 83 84 88 93 97 98 96 95 96 96 97 97 90 81 78 77 79 83 84 85 85 89 96 101 93 87 89 85 75 62 50 38 22 14 9 5 1 356 352 347 342 338 334 330 327 323 321 318 316 313 311 309 308 306 304 301 297 293 287 280 276 275 276 277 277 278 278
86 86 87 90 91 90 89 91 102 100 90 81 76 74 78 83 83 86 83 70 51 44 43 52 65 77 81 82 81 80 83 90 95 98 99 98 98 98 98 99 102 101 91 81 77 78 81 85 89 92 94 93 91 89 87 88 87 81 70 58 47 32 22 17 12 7 1 355 351 346 341 336 332 328 324 321 318 315 312 310 308 306 304 301 299 296 292 288 284 282 281 281 280 280 280 279
88 87 88 90 88 83 80 84 95 102 97 88 79 77 82 87 86 87 79 53 43 47 53 66 78 84 84 83 82 84 89 91 92 94 97 99 99 100 100 102 105 109 104 93 86 84 84 88 93 95 92 84 80 81 84 86 88 85 78 68 56 42 33 27 20 12 5 0 355 350 344 339 334 330 326 322 318 315 312 309 307 305 303 300 298 295 293 290 287 285 283 283 282 282 281 281
92 91 89 88 83 77 73 74 80 88 90 83 79 79 83 86 89 87 72 47 41 50 63 78 90 92 88 85 86 90 92 90 88 90 94 98 100 102 104 105 108 112 113 105 98 94 91 92 93 91 84 79 78 80 83 84 86 86 83 78 67 55 47 38 28 19 12 7 0 354 347 342 337 332 327 322 318 315 311 309 306 304 301 299 297 294 292 290 288 287 286 284 283 282 282 281
91 90 88 85 84 79 74 72 74 76 77 79 84 86 87 88 88 78 59 47 46 56 72 87 96 92 85 85 87 89 90 89 89 90 92 96 100 104 107 109 111 115 118 113 104 100 98 95 91 87 83 81 80 80 82 83 83 85 85 81 74 69 63 53 39 30 22 13 6 358 350 345 340 334 329 324 319 315 311 308 305 303 301 298 296 294 293 291 289 287 286 285 284 283 282 282
88 87 84 84 86 84 81 79 75 72 73 76 79 84 87 85 79 67 55 49 53 69 83 88 84 73 76 82 84 86 87 89 91 92 94 98 101 105 109 113 116 118 122 119 109 104 102 97 92 87 86 85 82 81 83 85 84 84 85 83 77 72 69 65 58 48 33 20 11 3 355 349 343 337 331 326 321 316 312 308 305 302 300 298 296 294 292 291 289 288 287 285 285 284 283 282
87 86 83 84 83 81 81 81 77 73 73 71 70 75 79 76 74 69 61 59 72 86 88 77 59 61 70 77 81 83 84 87 92 96 99 102 104 105 109 115 121 122 125 125 117 108 103 99 94 90 88 87 85 84 84 84 83 82 84 85 80 74 70 68 66 58 44 28 18 10 1 354 348 341 334 328 322 317 312 308 305 302 299 297 295 294 292 290 289 287 287 286 285 283 283 282
89 88 85 83 81 79 78 78 77 75 73 70 67 65 67 70 72 73 70 78 90 93 79 59 55 62 69 74 77 79 83 87 93 98 103 106 106 107 109 116 123 126 127 130 125 113 105 102 99 95 92 89 88 87 86 85 83 82 82 83 84 79 74 71 70 65 55 40 27 17 7 1 353 345 337 331 324 319 313 309 305 302 299 297 295 293 292 290 289 288 286 285 284 284 283 282
90 89 86 83 80 79 79 78 77 76 74 72 68 63 65 71 74 75 76 84 88 77 60 57 59 64 69 73 76 79 84 88 93 98 103 108 111 112 113 116 123 128 130 133 132 123 112 107 103 99 94 91 89 88 88 87 86 84 82 80 81 81 78 75 73 70 62 49 34 26 19 10 360 350 342 334 326 319 314 309 305 302 299 297 294 292 291 289 288 287 286 285 284 283 282 281
91 90 86 83 81 80 79 79 78 77 76 75 74 75 79 79 78 78 79 82 74 55 53 59 61 62 68 74 78 83 87 89 92 96 101 108 114 116 115 117 123 129 132 135 137 132 121 112 106 100 96 94 92 91 89 88 87 85 83 81 81 81 79 76 75 71 64 53 41 36 35 27 9 354 347 339 330 322 315 310 305 300 298 296 294 292 291 289 288 286 285 285 284 283 281 280
91 89 86 83 82 81 80 79 78 78 79 80 82 88 91 90 85 80 78 74 61 52 56 59 59 61 68 74 79 85 89 90 92 95 100 105 112 117 118 119 124 130 134 136 139 138 129 119 111 104 99 97 95 94 93 89 86 84 84 84 83 81 79 78 76 71 65 56 45 42 43 39 27 9 354 340 328 321 315 310 305 301 298 295 293 291 290 288 287 286 285 284 283 282 280 279
91 89 85 82 81 80 80 78 77 79 81 84 88 92 93 92 87 80 74 67 59 58 59 58 59 62 67 73 78 83 88 91 94 96 98 103 111 118 122 124 127 132 135 137 142 143 138 130 121 112 105 101 97 95 94 93 89 86 84 83 82 80 79 80 78 73 68 60 50 47 47 44 40 30 14 352 331 320 311 305 302 300 298 295 292 291 289 287 286 285 284 283 282 280 279 279
91 89 83 80 79 79 78 77 77 80 83 87 90 91 91 89 84 79 71 63 60 63 63 59 59 63 66 69 75 82 88 94 96 94 95 102 112 121 125 128 130 133 135 138 143 146 145 139 132 122 112 105 100 95 92 91 91 88 85 82 81 80 81 80 79 75 71 64 55 52 52 49 46 41 30 15 352 328 313 304 300 298 296 294 291 289 288 287 286 284 283 281 280 279 279 278
90 87 82 79 78 78 78 80 81 83 86 87 86 84 84 85 82 77 70 63 62 67 69 62 59 61 63 65 71 82 91 96 96 89 94 105 116 122 124 127 132 135 136 139 144 148 150 147 141 132 119 110 105 98 92 88 88 88 86 82 80 82 83 81 79 76 72 68 60 53 53 53 52 50 43 35 17 345 326 313 303 298 295 293 291 289 287 285 284 283 281 280 279 279 278 277
91 87 81 80 80 80 83 84 85 84 82 81 78 75 76 79 80 75 68 64 68 73 74 67 59 59 63 63 68 80 90 93 94 87 97 110 118 120 121 127 135 137 136 141 146 149 153 154 149 141 128 116 109 104 96 90 86 86 86 83 80 80 83 82 79 77 73 69 64 57 56 56 58 57 53 46 35 11 339 320 306 298 295 291 290 288 286 284 282 280 279 279 279 278 277 276
92 88 84 85 87 87 86 83 81 79 76 73 70 70 74 79 80 72 62 65 74 79 78 71 64 61 63 63 69 81 88 90 91 89 97 109 115 117 123 130 135 133 134 141 147 149 154 159 157 149 137 124 114 108 101 94 88 86 86 85 80 79 80 79 77 76 75 72 67 62 60 61 63 63 60 54 47 37 7 331 309 299 295 291 288 286 284 282 280 279 278 277 277 276 275 274
95 92 91 91 91 88 83 79 76 73 72 72 70 70 76 82 84 69 57 64 74 83 84 79 74 69 66 65 71 80 87 88 87 88 95 106 114 119 126 132 131 127 131 140 147 149 155 163 163 156 146 133 120 110 104 99 92 87 86 86 82 79 76 74 74 75 76 76 72 65 62 65 66 65 64 62 59 53 37 5 319 299 293 289 284 281 280 279 277 276 276 275 274 274 272 271
99 96 94 92 88 83 79 76 74 72 70 72 74 76 80 86 88 69 55 62 71 82 91 89 81 79 77 73 72 75 82 88 87 87 95 107 116 124 131 133 132 128 128 136 143 148 155 164 166 161 154 143 128 114 106 102 95 88 86 85 84 80 75 72 72 73 74 76 75 71 68 70 70 67 66 67 66 62 54 41 359 305 288 283 282 279 276 274 273 272 271 271 271 271 270 267
100 97 92 87 84 81 78 75 74 71 68 73 80 83 84 88 90 75 58 63 68 77 89 93 84 85 91 90 81 73 75 83 88 91 101 111 120 127 132 133 132 126 121 128 142 150 156 162 165 165 160 154 140 121 109 104 98 91 86 84 83 80 76 74 73 71 71 71 73 75 75 74 73 71 69 70 69 66 62 57 44 356 292 277 275 273 271 269 266 265 266 269 270 269 267 264
99 95 90 85 83 82 80 77 74 70 69 75 82 85 85 89 93 98 82 69 67 71 79 87 85 89 96 100 95 83 75 77 85 96 105 113 119 122 127 128 126 118 115 124 139 151 155 158 162 165 165 164 153 130 113 106 101 93 86 83 81 78 76 76 75 72 70 69 70 73 74 75 75 73 71 71 71 69 67 64 63 60 338 274 267 263 262 261 258 261 269 272 270 265 261 259
96 92 87 85 84 82 82 80 75 71 75 81 84 82 81 89 99 127 131 83 69 68 72 80 89 94 97 98 98 96 83 76 83 95 105 112 113 115 120 123 119 115 117 124 136 148 154 158 161 165 168 171 163 141 119 108 104 96 88 83 81 78 76 76 76 73 71 69 69 70 70 73 75 75 72 71 72 73 73 70 71 74 75 282 259 252 252 252 255 266 272 271 266 259 255 255
97 91 87 86 84 81 80 78 76 78 85 90 86 77 78 90 105 136 161 105 81 72 71 78 89 97 97 95 96 103 95 81 82 91 102 110 114 115 116 117 117 118 122 125 133 145 156 162 163 164 170 175 173 156 126 110 103 99 91 86 82 78 77 77 76 74 72 70 69 68 68 70 72 76 77 75 73 75 76 74 75 79 80 82 175 234 246 252 260 267 268 263 257 250 252 257
105 95 88 85 83 81 77 74 78 86 94 97 89 75 78 91 106 138 172 139 105 92 84 82 85 92 96 92 95 106 107 91 83 87 98 109 116 117 112 113 119 122 125 125 130 143 155 161 160 161 168 176 180 171 139 113 103 99 94 88 82 78 78 78 77 74 72 71 69 68 67 66 68 72 77 79 77 75 76 78 80 83 87 95 109 170 233 252 262 264 260 254 246 246 256 260
112 97 87 84 83 82 79 77 82 88 95 99 94 82 82 89 100 132 166 154 129 112 102 92 87 89 93 93 98 107 111 100 90 91 98 109 115 117 112 114 122 125 125 124 126 135 148 154 157 160 166 177 186 183 159 119 104 100 95 90 85 81 79 79 77 74 72 71 70 68 67 66 65 67 71 77 80 77 76 78 83 87 90 95 101 117 168 235 255 256 252 245 241 250 259 258
118 99 86 84 84 84 84 86 88 89 90 95 101 95 85 84 92 120 154 154 140 121 110 104 99 95 98 101 101 105 111 115 113 108 105 106 111 116 115 118 124 124 123 120 121 128 142 152 157 161 167 181 191 193 177 129 105 98 94 91 88 85 83 80 76 72 70 69 68 68 68 67 65 65 67 70 75 77 77 79 83 87 89 89 92 101 120 190 238 242 243 239 237 249 255 253
127 103 87 86 88 88 88 90 92 92 88 91 104 103 89 83 89 108 139 150 144 129 117 111 108 105 105 106 105 108 117 126 125 116 109 104 105 115 121 124 124 120 118 117 120 126 136 146 155 162 168 182 195 200 191 141 107 97 94 92 90 89 87 83 76 71 69 66 66 68 70 68 66 65 65 66 68 72 77 80 83 86 88 90 92 98 106 130 186 217 227 226 228 242 251 258
140 109 89 86 89 90 89 92 95 95 89 92 105 110 93 85 88 98 123 143 146 136 124 115 111 110 109 110 112 115 117 120 120 113 107 104 104 111 121 126 122 118 117 120 124 127 134 143 154 162 168 182 197 206 202 156 110 99 95 92 90 88 84 80 74 73 74 71 69 70 70 69 69 68 66 64 64 67 72 77 82 85 88 91 95 102 108 116 135 169 199 208 213 237 255 269
160 119 95 88 86 86 88 92 97 98 92 93 105 120 102 87 85 93 109 130 142 137 128 119 113 112 112 114 117 117 116 113 112 110 107 105 106 106 113 125 122 115 112 115 119 124 132 143 157 164 169 181 197 210 212 175 113 100 95 91 87 80 73 69 67 73 81 86 84 77 73 71 72 73 71 65 62 63 67 73 78 83 88 91 95 102 108 110 114 128 155 180 200 243 264 276
173 128 105 95 85 81 82 84 90 96 94 96 106 127 113 91 83 85 95 109 125 129 127 122 114 111 113 116 117 117 118 116 112 111 108 104 106 102 104 120 124 114 103 100 106 114 122 137 154 162 168 176 197 216 218 186 115 97 90 85 77 67 64 65 66 73 81 91 98 92 81 76 76 76 75 71 65 63 64 67 72 79 86 91 94 98 102 103 104 112 126 139 174 254 269 276
165 128 109 100 89 83 80 78 80 85 91 98 108 129 121 99 84 77 80 91 105 116 120 117 113 113 113 114 117 119 123 120 113 112 109 104 106 103 100 113 126 120 102 92 95 103 112 126 145 158 162 169 199 223 223 200 110 89 83 75 65 61 66 70 73 77 79 82 92 99 93 86 82 79 78 77 73 69 66 65 67 72 81 87 90 93 96 94 97 104 110 112 117 262 274 276
154 126 109 103 95 88 83 78 77 78 83 94 107 121 119 105 89 74 71 80 95 106 112 114 112 110 110 116 123 127 130 122 114 114 111 104 105 106 101 106 123 126 110 93 90 95 105 118 140 153 156 167 205 229 235 230 87 78 77 72 64 68 74 75 78 80 79 77 80 89 96 94 91 89 86 85 84 80 74 69 66 68 72 78 83 87 87 85 89 96 100 99 96 270 276 276
143 121 109 106 100 92 86 83 81 79 79 84 93 105 110 107 96 80 70 74 85 100 109 110 109 111 118 129 133 137 140 125 115 114 112 104 104 109 105 105 117 129 122 100 90 90 98 112 134 147 152 167 211 237 248 261 57 69 72 72 74 78 78 76 78 79 78 76 74 76 84 92 95 97 97 96 96 94 88 80 74 71 69 69 74 79 78 78 83 89 94 92 85 359 280 276
135 116 107 107 102 93 89 89 87 82 76 75 78 91 101 108 105 91 81 78 83 97 110 114 120 128 135 138 143 149 150 129 114 113 114 106 103 108 108 106 112 128 131 112 95 91 96 107 126 141 145 163 223 252 264 279 32 64 70 73 77 79 77 75 77 77 76 74 72 71 74 83 91 97 102 105 106 104 100 93 87 82 74 69 70 71 69 72 79 85 90 90 82 47 309 291
141 118 107 108 105 98 94 94 92 85 76 70 72 81 96 109 112 104 98 97 105 114 122 130 132 133 138 143 146 154 156 137 117 111 111 107 102 104 108 107 109 122 132 125 104 95 94 101 114 128 134 154 249 272 281 295 15 65 73 74 74 75 74 74 76 76 75 73 72 70 72 78 85 92 99 106 112 113 110 106 99 92 84 76 71 66 62 65 69 75 81 83 75 57 4 329
145 120 107 108 108 103 99 96 93 89 81 74 72 75 84 100 110 110 114 124 129 127 125 127 128 125 125 131 142 151 155 143 124 112 105 101 101 102 103 104 107 116 128 133 117 99 92 92 95 100 110 123 282 289 295 311 18 67 74 72 71 71 71 73 75 75 74 72 71 71 72 75 80 87 94 100 110 117 116 115 112 104 94 86 77 68 61 60 61 64 66 65 61 55 46 39
145 119 105 106 108 105 102 98 94 92 91 86 77 72 74 83 101 114 123 129 132 131 120 112 110 111 116 124 133 142 148 145 133 119 105 96 94 96 97 99 104 111 120 131 129 110 95 85 81 85 86 43 305 304 309 325 28 64 70 70 70 70 71 72 73 74 73 72 72 71 72 74 76 81 88 95 104 114 115 116 117 114 107 97 86 77 69 65 63 61 59 56 51 44 42 44
150 120 104 106 109 104 102 100 98 98 98 94 85 78 75 82 98 114 124 129 131 130 123 112 105 107 113 119 125 134 141 145 143 132 116 98 88 88 93 97 101 106 114 124 132 125 104 87 79 79 65 12 324 320 325 339 33 60 68 70 70 70 71 72 73 73 73 73 73 72 72 74 76 77 82 90 99 108 112 114 117 120 119 110 99 89 82 76 73 70 65 58 51 42 39 38
156 126 107 104 107 106 101 98 99 103 102 98 93 89 89 90 97 108 118 124 128 132 131 122 109 104 110 117 122 132 139 146 152 147 131 111 94 88 90 94 99 106 112 119 128 133 119 95 80 73 47 2 338 334 343 359 32 58 67 69 69 71 73 73 74 74 74 74 73 73 73 75 76 76 80 85 94 105 108 110 117 124 126 121 113 104 95 89 85 79 72 66 57 47 42 41
152 127 108 102 105 109 104 96 93 100 106 106 103 101 100 101 101 103 107 116 125 132 135 133 119 104 100 110 117 124 133 142 154 157 143 128 113 99 93 94 100 107 111 114 121 131 130 104 82 67 32 2 349 348 360 13 33 56 66 68 69 74 75 75 75 75 75 76 75 74 76 76 75 76 80 84 91 102 107 107 114 125 131 129 123 117 111 104 95 86 78 71 62 53 48 48
149 127 112 106 105 109 110 101 92 93 104 112 111 109 109 112 111 107 105 111 123 133 139 137 127 106 93 97 106 113 121 130 145 154 148 139 126 112 102 97 99 105 109 110 114 119 123 108 78 53 24 6 359 1 12 22 36 57 66 68 72 75 75 75 75 76 77 78 78 78 79 79 78 77 78 82 90 99 106 106 108 118 130 132 127 124 123 118 108 96 87 79 68 59 53 54
147 127 118 112 106 107 110 110 103 94 98 109 111 111 117 121 118 112 108 109 117 133 139 138 133 116 97 92 98 108 115 121 132 144 147 143 133 121 111 104 100 102 106 106 101 95 95 84 51 37 24 13 8 13 21 26 39 58 68 71 74 74 73 74 75 76 77 78 82 85 84 82 82 79 77 80 86 95 105 107 107 111 120 126 126 126 126 124 118 107 95 85 75 66 58 56
