windninja/windninja_output/Output_2025-08-24_1600-1650_Google earth_Fire_150m_10min/merlingen_7.5mi_point_08-24-2025_1620_150m_vel.asc
ncols	158
nrows	163
xllcorner	391686.332397
yllcorner	5160024.123721
cellsize	150.000000
NODATA_value	-32768.000000
[rows 37 to 73 of 163, columns 0 to 83 of 158]
1.39 1.39 1.38 1.35 1.30 1.27 1.26 1.26 1.25 1.26 1.27 1.27 1.26 1.26 1.28 1.28 1.28 1.28 1.28 1.29 1.30 1.31 1.31 1.32 1.33 1.34 1.33 1.31 1.44 1.76 1.93 1.92 1.84 1.65 1.47 1.30 1.15 1.00 0.89 0.86 0.88 0.96 1.06 1.16 1.25 1.28 1.28 1.30 1.26 1.24 1.33 1.43 1.47 1.51 1.55 1.57 1.56 1.55 1.53 1.56 1.57 1.46 1.41 1.45 1.46 1.58 1.92 2.20 2.04 1.50 1.15 1.24 1.54 1.70 1.58 1.42 1.40 1.39 1.44 1.52 1.40 1.26 1.26 1.37
1.40 1.41 1.39 1.33 1.28 1.27 1.26 1.26 1.27 1.29 1.30 1.28 1.27 1.28 1.28 1.28 1.28 1.29 1.29 1.30 1.31 1.31 1.32 1.33 1.35 1.35 1.36 1.45 1.68 1.85 1.81 1.70 1.59 1.46 1.37 1.16 0.92 0.84 0.92 1.01 1.09 1.17 1.26 1.36 1.42 1.45 1.49 1.53 1.53 1.57 1.67 1.72 1.69 1.64 1.68 1.77 1.80 1.81 1.85 1.90 1.88 1.76 1.63 1.51 1.44 1.56 1.95 2.06 1.61 1.23 1.34 1.80 2.07 1.83 1.42 1.39 1.57 1.57 1.55 1.57 1.43 1.32 1.32 1.49
1.39 1.39 1.35 1.31 1.28 1.26 1.26 1.28 1.31 1.32 1.30 1.28 1.27 1.29 1.29 1.29 1.29 1.29 1.29 1.30 1.31 1.32 1.33 1.34 1.34 1.36 1.40 1.52 1.63 1.60 1.52 1.48 1.44 1.38 1.24 0.99 0.94 1.08 1.18 1.20 1.22 1.30 1.43 1.56 1.61 1.63 1.64 1.64 1.69 1.76 1.84 1.90 1.98 2.09 2.20 2.26 2.28 2.29 2.29 2.28 2.17 1.94 1.69 1.50 1.46 1.59 1.95 1.90 1.42 1.41 1.88 2.16 1.95 1.46 1.29 1.62 1.86 1.74 1.67 1.68 1.52 1.34 1.35 1.62
1.39 1.39 1.34 1.31 1.30 1.29 1.30 1.32 1.33 1.32 1.29 1.28 1.30 1.31 1.31 1.31 1.30 1.30 1.31 1.31 1.32 1.33 1.33 1.34 1.35 1.37 1.40 1.44 1.42 1.39 1.40 1.39 1.31 1.23 1.04 0.90 1.00 1.20 1.33 1.41 1.48 1.57 1.68 1.70 1.70 1.76 1.81 1.84 1.87 1.88 1.93 2.08 2.30 2.45 2.47 2.42 2.39 2.31 2.21 2.07 1.82 1.58 1.47 1.46 1.51 1.67 1.94 1.82 1.61 1.92 2.12 1.82 1.39 1.18 1.40 1.99 2.09 1.85 1.74 1.67 1.51 1.43 1.54 1.79
1.38 1.39 1.36 1.33 1.31 1.32 1.34 1.35 1.34 1.31 1.30 1.31 1.32 1.32 1.32 1.31 1.31 1.31 1.32 1.32 1.33 1.33 1.32 1.33 1.34 1.35 1.36 1.36 1.34 1.37 1.40 1.33 1.24 1.13 1.00 1.01 1.09 1.17 1.37 1.66 1.88 2.02 2.01 1.92 1.96 2.11 2.18 2.16 2.11 2.09 2.17 2.30 2.35 2.24 2.07 1.95 1.84 1.72 1.60 1.40 1.22 1.19 1.38 1.59 1.68 1.80 1.98 2.02 2.14 2.22 1.86 1.45 1.38 1.43 1.81 2.28 2.07 1.75 1.60 1.49 1.39 1.47 1.72 1.98
1.37 1.37 1.35 1.33 1.33 1.35 1.36 1.35 1.34 1.33 1.32 1.33 1.33 1.33 1.32 1.32 1.31 1.32 1.32 1.33 1.32 1.31 1.31 1.32 1.33 1.32 1.33 1.34 1.36 1.41 1.39 1.31 1.22 1.14 1.12 1.18 1.31 1.52 1.76 1.93 2.03 2.02 1.99 2.11 2.25 2.25 2.09 1.90 1.84 1.90 2.06 2.10 1.95 1.76 1.62 1.49 1.34 1.20 1.08 0.98 0.98 1.16 1.49 1.74 1.88 2.08 2.33 2.56 2.58 2.22 1.74 1.66 1.84 1.92 2.29 2.40 1.90 1.60 1.47 1.41 1.43 1.53 1.79 2.29
1.35 1.34 1.33 1.33 1.36 1.38 1.37 1.35 1.34 1.33 1.33 1.33 1.33 1.32 1.31 1.31 1.30 1.31 1.31 1.32 1.31 1.30 1.31 1.32 1.32 1.32 1.33 1.35 1.37 1.36 1.32 1.26 1.22 1.21 1.24 1.33 1.54 1.82 1.93 1.88 1.77 1.70 1.82 2.02 1.99 1.74 1.54 1.47 1.53 1.71 1.92 1.92 1.71 1.55 1.44 1.28 1.11 0.98 0.91 0.94 1.07 1.30 1.54 1.72 2.06 2.52 2.86 2.96 2.74 2.42 2.27 2.37 2.43 2.48 2.63 2.37 1.82 1.54 1.41 1.39 1.50 1.73 2.19 2.84
1.32 1.31 1.30 1.34 1.37 1.37 1.35 1.34 1.34 1.33 1.33 1.33 1.33 1.31 1.31 1.31 1.31 1.31 1.32 1.32 1.32 1.31 1.31 1.31 1.31 1.32 1.34 1.36 1.35 1.31 1.28 1.26 1.25 1.27 1.30 1.41 1.59 1.66 1.58 1.51 1.50 1.61 1.78 1.80 1.55 1.32 1.26 1.39 1.67 1.98 2.08 1.89 1.63 1.47 1.31 1.13 0.99 0.92 0.97 1.14 1.34 1.52 1.65 1.86 2.37 2.82 2.93 2.84 2.59 2.52 2.63 2.69 2.67 2.65 2.49 2.04 1.63 1.45 1.35 1.38 1.63 2.12 2.73 2.90
1.29 1.29 1.32 1.35 1.35 1.34 1.33 1.34 1.34 1.33 1.33 1.33 1.32 1.32 1.32 1.32 1.33 1.34 1.34 1.33 1.32 1.32 1.31 1.30 1.31 1.33 1.34 1.33 1.30 1.30 1.30 1.30 1.30 1.30 1.33 1.41 1.46 1.42 1.37 1.40 1.51 1.65 1.69 1.54 1.32 1.28 1.39 1.65 1.99 2.11 1.89 1.56 1.34 1.18 1.06 0.97 0.91 0.96 1.18 1.45 1.65 1.83 2.06 2.43 2.85 2.92 2.71 2.42 2.09 2.01 2.15 2.22 2.22 2.16 1.90 1.57 1.37 1.35 1.41 1.68 2.13 2.55 2.63 2.15
1.29 1.31 1.34 1.34 1.31 1.30 1.32 1.33 1.33 1.33 1.34 1.34 1.33 1.33 1.33 1.33 1.33 1.33 1.32 1.31 1.31 1.30 1.30 1.31 1.32 1.32 1.30 1.29 1.28 1.29 1.29 1.29 1.30 1.31 1.35 1.38 1.37 1.37 1.40 1.45 1.51 1.56 1.53 1.36 1.20 1.30 1.59 1.93 2.05 1.81 1.48 1.27 1.09 0.95 0.89 0.90 0.96 1.17 1.50 1.81 2.03 2.27 2.61 2.88 2.93 2.73 2.38 2.02 1.75 1.70 1.76 1.77 1.75 1.65 1.47 1.32 1.27 1.35 1.59 1.94 2.23 2.24 1.89 1.41
1.30 1.31 1.32 1.29 1.26 1.26 1.28 1.30 1.31 1.32 1.33 1.34 1.33 1.32 1.32 1.33 1.32 1.31 1.31 1.30 1.29 1.28 1.28 1.29 1.30 1.29 1.28 1.28 1.28 1.28 1.28 1.28 1.27 1.28 1.30 1.31 1.34 1.38 1.39 1.40 1.44 1.49 1.43 1.29 1.28 1.47 1.77 1.92 1.75 1.45 1.26 1.07 0.96 0.97 1.00 1.07 1.26 1.55 1.90 2.17 2.33 2.52 2.69 2.66 2.52 2.29 1.96 1.74 1.62 1.63 1.64 1.58 1.50 1.37 1.21 1.13 1.18 1.30 1.51 1.72 1.78 1.64 1.43 1.28
1.28 1.29 1.28 1.24 1.22 1.23 1.26 1.28 1.29 1.31 1.31 1.31 1.31 1.31 1.31 1.30 1.30 1.29 1.29 1.28 1.27 1.28 1.28 1.28 1.28 1.27 1.27 1.28 1.28 1.28 1.28 1.27 1.28 1.28 1.28 1.29 1.32 1.34 1.34 1.36 1.39 1.40 1.31 1.27 1.44 1.70 1.85 1.75 1.50 1.28 1.09 0.93 0.90 0.97 1.08 1.27 1.58 1.98 2.35 2.46 2.44 2.42 2.35 2.21 2.11 1.94 1.73 1.60 1.54 1.51 1.49 1.44 1.34 1.18 1.04 1.01 1.10 1.24 1.39 1.50 1.54 1.51 1.49 1.46
1.26 1.26 1.24 1.20 1.19 1.23 1.26 1.26 1.28 1.29 1.30 1.29 1.29 1.30 1.30 1.29 1.29 1.28 1.28 1.27 1.27 1.28 1.28 1.28 1.28 1.28 1.28 1.27 1.27 1.27 1.28 1.28 1.29 1.29 1.29 1.30 1.33 1.35 1.36 1.36 1.34 1.28 1.24 1.32 1.51 1.69 1.69 1.50 1.30 1.10 0.97 0.98 1.07 1.19 1.36 1.60 1.97 2.39 2.54 2.38 2.23 2.11 2.00 1.97 1.95 1.83 1.65 1.52 1.45 1.42 1.40 1.34 1.22 1.06 0.99 1.07 1.23 1.38 1.48 1.55 1.62 1.67 1.67 1.63
1.25 1.24 1.22 1.21 1.25 1.30 1.29 1.28 1.27 1.28 1.28 1.28 1.29 1.30 1.30 1.29 1.29 1.28 1.28 1.27 1.28 1.28 1.28 1.28 1.28 1.29 1.28 1.27 1.27 1.27 1.27 1.28 1.28 1.28 1.28 1.31 1.34 1.36 1.35 1.33 1.30 1.30 1.33 1.39 1.50 1.57 1.47 1.24 1.00 0.82 0.80 0.98 1.26 1.51 1.74 2.04 2.40 2.52 2.27 1.95 1.77 1.68 1.71 1.89 1.92 1.75 1.56 1.41 1.33 1.30 1.27 1.18 1.06 0.98 1.03 1.19 1.36 1.46 1.52 1.61 1.71 1.76 1.72 1.68
1.21 1.19 1.19 1.23 1.33 1.38 1.36 1.32 1.29 1.28 1.28 1.29 1.29 1.28 1.28 1.28 1.28 1.27 1.27 1.27 1.28 1.28 1.27 1.27 1.27 1.27 1.26 1.26 1.26 1.26 1.26 1.26 1.26 1.27 1.28 1.29 1.30 1.30 1.29 1.28 1.28 1.33 1.37 1.41 1.47 1.45 1.29 1.04 0.83 0.78 0.90 1.19 1.42 1.61 1.88 2.26 2.43 2.18 1.80 1.55 1.41 1.40 1.65 1.95 1.89 1.65 1.48 1.36 1.28 1.23 1.17 1.09 1.03 1.04 1.14 1.25 1.33 1.41 1.52 1.66 1.71 1.65 1.61 1.66
1.18 1.16 1.17 1.23 1.29 1.32 1.33 1.33 1.33 1.31 1.28 1.27 1.27 1.26 1.25 1.25 1.26 1.26 1.26 1.26 1.26 1.25 1.25 1.25 1.25 1.24 1.24 1.25 1.25 1.25 1.25 1.25 1.26 1.26 1.27 1.27 1.27 1.27 1.27 1.27 1.28 1.34 1.38 1.42 1.42 1.33 1.14 0.98 1.04 1.24 1.50 1.67 1.74 1.82 2.04 2.26 2.11 1.73 1.45 1.31 1.29 1.42 1.78 2.02 1.84 1.61 1.46 1.33 1.25 1.21 1.19 1.16 1.14 1.17 1.22 1.26 1.28 1.35 1.49 1.62 1.59 1.52 1.57 1.64
1.22 1.21 1.22 1.29 1.32 1.32 1.32 1.33 1.31 1.26 1.23 1.23 1.23 1.23 1.24 1.25 1.24 1.24 1.24 1.24 1.23 1.23 1.23 1.24 1.23 1.23 1.23 1.24 1.24 1.24 1.24 1.25 1.25 1.25 1.26 1.26 1.26 1.26 1.26 1.27 1.30 1.37 1.41 1.39 1.34 1.24 1.13 1.14 1.37 1.64 1.76 1.78 1.82 1.95 2.10 2.10 1.79 1.46 1.28 1.25 1.33 1.54 1.91 2.06 1.84 1.63 1.48 1.36 1.30 1.30 1.31 1.30 1.27 1.24 1.25 1.27 1.28 1.31 1.44 1.51 1.47 1.55 1.70 1.72
1.27 1.28 1.29 1.32 1.35 1.35 1.34 1.32 1.26 1.20 1.18 1.18 1.19 1.21 1.23 1.23 1.23 1.23 1.23 1.22 1.22 1.22 1.22 1.22 1.22 1.23 1.23 1.23 1.23 1.23 1.23 1.24 1.24 1.24 1.25 1.25 1.25 1.25 1.25 1.26 1.31 1.36 1.34 1.26 1.19 1.16 1.18 1.31 1.53 1.65 1.64 1.64 1.72 1.83 1.97 1.90 1.59 1.36 1.32 1.39 1.51 1.73 2.06 2.13 1.90 1.71 1.59 1.52 1.51 1.53 1.48 1.34 1.22 1.22 1.27 1.30 1.30 1.37 1.51 1.55 1.59 1.76 1.88 1.86
1.26 1.28 1.27 1.21 1.15 1.14 1.16 1.19 1.21 1.20 1.17 1.14 1.15 1.17 1.19 1.19 1.20 1.20 1.21 1.22 1.22 1.21 1.21 1.21 1.21 1.21 1.21 1.22 1.22 1.22 1.22 1.23 1.23 1.23 1.23 1.23 1.24 1.24 1.24 1.25 1.26 1.24 1.18 1.12 1.12 1.16 1.24 1.41 1.56 1.56 1.54 1.64 1.73 1.79 1.89 1.76 1.47 1.36 1.42 1.56 1.77 2.04 2.22 2.15 1.90 1.70 1.61 1.58 1.61 1.56 1.37 1.18 1.18 1.28 1.36 1.37 1.40 1.53 1.69 1.75 1.85 1.95 1.95 1.87
1.22 1.23 1.23 1.17 1.06 0.99 1.00 1.04 1.12 1.18 1.19 1.16 1.13 1.13 1.15 1.16 1.16 1.17 1.18 1.19 1.19 1.20 1.20 1.20 1.20 1.20 1.20 1.21 1.21 1.21 1.21 1.21 1.22 1.22 1.22 1.22 1.22 1.23 1.23 1.23 1.21 1.18 1.14 1.15 1.19 1.25 1.34 1.43 1.47 1.46 1.49 1.60 1.67 1.75 1.81 1.60 1.41 1.43 1.56 1.77 2.01 2.20 2.20 2.02 1.74 1.54 1.45 1.43 1.39 1.23 1.11 1.19 1.37 1.47 1.50 1.51 1.59 1.77 1.90 1.95 1.96 1.94 1.87 1.80
1.20 1.20 1.21 1.24 1.21 1.13 1.06 1.04 1.08 1.18 1.26 1.26 1.19 1.13 1.10 1.12 1.14 1.15 1.15 1.16 1.17 1.18 1.19 1.19 1.19 1.19 1.19 1.19 1.20 1.20 1.20 1.20 1.20 1.21 1.21 1.21 1.21 1.21 1.21 1.21 1.21 1.20 1.19 1.20 1.22 1.27 1.31 1.32 1.34 1.35 1.40 1.48 1.54 1.65 1.69 1.51 1.47 1.59 1.80 2.01 2.14 2.13 2.01 1.82 1.60 1.44 1.36 1.30 1.18 1.09 1.21 1.44 1.56 1.61 1.66 1.73 1.86 2.04 2.12 2.07 1.98 1.88 1.78 1.67
1.21 1.20 1.19 1.21 1.23 1.23 1.19 1.13 1.13 1.19 1.25 1.28 1.24 1.15 1.08 1.07 1.09 1.12 1.13 1.14 1.15 1.14 1.15 1.17 1.17 1.17 1.17 1.18 1.18 1.18 1.18 1.19 1.19 1.20 1.20 1.20 1.20 1.20 1.20 1.20 1.20 1.20 1.20 1.20 1.21 1.22 1.21 1.21 1.22 1.22 1.27 1.38 1.52 1.65 1.64 1.51 1.51 1.66 1.89 2.05 2.07 2.00 1.88 1.72 1.55 1.43 1.37 1.32 1.26 1.33 1.48 1.60 1.65 1.71 1.80 1.91 2.08 2.22 2.20 2.08 1.94 1.82 1.68 1.51
1.21 1.21 1.18 1.16 1.15 1.16 1.18 1.17 1.14 1.10 1.07 1.11 1.18 1.19 1.14 1.08 1.05 1.07 1.10 1.12 1.13 1.13 1.14 1.15 1.15 1.16 1.16 1.16 1.16 1.17 1.17 1.18 1.18 1.18 1.18 1.19 1.19 1.19 1.19 1.19 1.20 1.20 1.20 1.20 1.20 1.20 1.19 1.19 1.18 1.19 1.25 1.39 1.56 1.63 1.58 1.45 1.46 1.64 1.85 1.93 1.91 1.86 1.76 1.63 1.50 1.43 1.42 1.39 1.38 1.48 1.58 1.63 1.72 1.85 1.95 2.03 2.17 2.19 2.02 1.85 1.74 1.65 1.56 1.44
1.20 1.19 1.17 1.15 1.12 1.10 1.10 1.10 1.08 1.04 1.02 1.05 1.15 1.25 1.27 1.18 1.08 1.04 1.06 1.09 1.11 1.14 1.15 1.14 1.14 1.13 1.14 1.14 1.15 1.15 1.16 1.16 1.16 1.17 1.17 1.17 1.18 1.18 1.18 1.19 1.19 1.19 1.20 1.20 1.20 1.20 1.20 1.21 1.22 1.24 1.29 1.38 1.49 1.52 1.45 1.38 1.47 1.67 1.79 1.78 1.73 1.66 1.58 1.51 1.46 1.44 1.39 1.31 1.35 1.48 1.58 1.68 1.83 1.96 2.03 2.13 2.18 2.01 1.77 1.62 1.54 1.49 1.42 1.34
1.21 1.19 1.16 1.15 1.14 1.12 1.10 1.08 1.08 1.08 1.07 1.09 1.15 1.22 1.28 1.27 1.20 1.10 1.05 1.05 1.07 1.09 1.10 1.11 1.11 1.10 1.11 1.12 1.13 1.13 1.14 1.14 1.15 1.15 1.16 1.16 1.17 1.17 1.17 1.18 1.18 1.18 1.19 1.19 1.19 1.20 1.21 1.23 1.25 1.27 1.28 1.29 1.35 1.38 1.30 1.26 1.42 1.60 1.64 1.59 1.53 1.48 1.46 1.45 1.44 1.43 1.35 1.29 1.38 1.57 1.68 1.80 1.94 2.02 2.07 2.11 2.01 1.79 1.65 1.57 1.49 1.40 1.29 1.22
1.21 1.18 1.14 1.12 1.13 1.15 1.15 1.14 1.12 1.09 1.08 1.07 1.07 1.09 1.17 1.26 1.28 1.21 1.11 1.04 1.03 1.04 1.05 1.06 1.07 1.08 1.09 1.10 1.11 1.12 1.12 1.13 1.13 1.14 1.14 1.15 1.15 1.16 1.16 1.17 1.17 1.17 1.18 1.19 1.19 1.21 1.22 1.23 1.24 1.26 1.25 1.27 1.33 1.32 1.22 1.24 1.40 1.50 1.51 1.48 1.44 1.45 1.48 1.48 1.44 1.38 1.33 1.39 1.56 1.71 1.80 1.89 2.01 2.07 2.07 2.00 1.82 1.69 1.64 1.58 1.50 1.39 1.29 1.28
1.24 1.17 1.08 1.06 1.07 1.11 1.15 1.16 1.14 1.11 1.07 1.03 1.01 1.02 1.07 1.17 1.26 1.28 1.21 1.12 1.05 1.02 1.02 1.04 1.06 1.08 1.09 1.09 1.09 1.10 1.10 1.11 1.11 1.12 1.13 1.13 1.14 1.14 1.15 1.16 1.16 1.17 1.17 1.18 1.19 1.20 1.21 1.22 1.23 1.24 1.25 1.30 1.36 1.35 1.31 1.35 1.44 1.48 1.49 1.51 1.55 1.57 1.48 1.30 1.18 1.11 1.14 1.42 1.71 1.82 1.87 1.96 2.07 2.10 2.05 1.92 1.82 1.78 1.74 1.67 1.58 1.48 1.45 1.60
1.34 1.21 1.08 1.04 1.03 1.02 1.03 1.05 1.07 1.08 1.05 1.02 1.01 1.03 1.03 1.07 1.18 1.28 1.29 1.22 1.13 1.04 1.00 1.01 1.03 1.06 1.07 1.07 1.06 1.07 1.08 1.09 1.10 1.10 1.11 1.12 1.12 1.13 1.14 1.14 1.15 1.16 1.16 1.17 1.18 1.19 1.20 1.20 1.21 1.23 1.25 1.29 1.33 1.35 1.34 1.38 1.46 1.50 1.53 1.59 1.58 1.42 1.12 0.88 0.87 0.97 1.24 1.60 1.80 1.88 1.95 2.03 2.11 2.10 2.01 1.94 1.95 1.97 1.93 1.83 1.71 1.65 1.75 2.03
1.46 1.34 1.19 1.12 1.08 1.04 1.01 1.00 0.98 0.97 0.99 1.00 0.98 0.98 1.00 1.02 1.06 1.15 1.26 1.28 1.21 1.12 1.05 1.00 0.99 1.02 1.04 1.05 1.06 1.06 1.07 1.07 1.08 1.09 1.09 1.10 1.11 1.12 1.12 1.13 1.14 1.14 1.15 1.16 1.17 1.17 1.18 1.19 1.20 1.22 1.24 1.26 1.28 1.29 1.28 1.35 1.48 1.55 1.58 1.55 1.33 1.00 0.89 1.02 1.27 1.47 1.70 1.82 1.84 1.89 1.97 2.05 2.10 2.03 1.96 2.01 2.08 2.05 1.95 1.82 1.77 1.85 2.14 2.62
1.51 1.49 1.39 1.24 1.13 1.10 1.12 1.13 1.12 1.06 1.03 1.04 1.00 0.95 0.97 1.00 1.00 1.02 1.12 1.24 1.30 1.26 1.18 1.08 1.02 1.01 1.02 1.04 1.05 1.05 1.05 1.05 1.06 1.06 1.07 1.08 1.09 1.10 1.11 1.11 1.12 1.13 1.14 1.15 1.16 1.16 1.17 1.18 1.19 1.20 1.22 1.22 1.23 1.22 1.23 1.30 1.41 1.45 1.44 1.33 1.10 1.06 1.29 1.58 1.75 1.85 1.87 1.83 1.82 1.87 1.93 2.01 2.05 2.01 2.03 2.07 2.06 1.99 1.89 1.90 2.08 2.45 3.04 3.81
1.45 1.62 1.74 1.59 1.37 1.23 1.23 1.28 1.26 1.18 1.10 1.06 1.06 1.02 0.96 0.95 0.97 0.98 1.03 1.14 1.25 1.32 1.31 1.24 1.14 1.04 0.98 0.95 0.96 0.98 1.00 1.02 1.03 1.04 1.06 1.07 1.07 1.08 1.09 1.10 1.11 1.12 1.13 1.13 1.14 1.15 1.16 1.17 1.18 1.19 1.19 1.20 1.20 1.20 1.20 1.23 1.25 1.22 1.16 1.10 1.10 1.28 1.52 1.69 1.79 1.83 1.80 1.75 1.77 1.83 1.88 1.94 1.98 1.99 2.02 2.02 1.99 1.95 2.00 2.24 2.68 3.23 3.88 4.28
1.31 1.55 1.91 2.06 2.01 1.81 1.64 1.60 1.50 1.32 1.20 1.13 1.11 1.10 1.05 0.98 0.97 0.99 1.00 1.02 1.07 1.17 1.28 1.32 1.29 1.19 1.04 0.93 0.89 0.90 0.93 0.97 1.00 1.02 1.03 1.04 1.06 1.07 1.08 1.08 1.09 1.10 1.11 1.12 1.13 1.14 1.15 1.16 1.16 1.17 1.18 1.18 1.18 1.19 1.19 1.18 1.15 1.09 1.05 1.04 1.09 1.26 1.43 1.57 1.66 1.68 1.69 1.75 1.83 1.87 1.85 1.85 1.89 1.89 1.88 1.91 1.91 1.91 2.07 2.43 2.86 3.31 3.60 3.31
1.06 1.07 1.35 1.72 1.95 2.02 1.98 1.93 1.91 1.82 1.70 1.63 1.54 1.42 1.34 1.25 1.14 1.05 0.98 0.95 0.97 1.02 1.09 1.19 1.27 1.27 1.17 1.01 0.92 0.88 0.88 0.91 0.95 0.98 1.01 1.02 1.04 1.05 1.06 1.07 1.08 1.09 1.10 1.11 1.12 1.13 1.13 1.14 1.15 1.16 1.16 1.17 1.17 1.17 1.17 1.16 1.14 1.11 1.09 1.06 1.09 1.19 1.33 1.43 1.43 1.42 1.55 1.73 1.84 1.84 1.77 1.81 1.92 1.91 1.87 1.84 1.80 1.86 2.07 2.40 2.68 2.82 2.60 2.42
0.92 0.81 0.72 0.81 1.04 1.33 1.48 1.53 1.67 1.79 1.81 1.80 1.76 1.69 1.59 1.49 1.37 1.23 1.08 0.98 0.95 0.96 0.98 1.01 1.07 1.18 1.26 1.18 1.06 0.97 0.91 0.88 0.90 0.94 0.97 1.00 1.01 1.03 1.04 1.05 1.06 1.07 1.08 1.09 1.10 1.11 1.12 1.13 1.13 1.14 1.15 1.16 1.16 1.16 1.16 1.16 1.15 1.15 1.14 1.13 1.14 1.18 1.22 1.21 1.18 1.23 1.38 1.50 1.57 1.61 1.69 1.89 2.00 1.90 1.80 1.74 1.76 1.87 2.05 2.21 2.25 2.09 1.89 2.42
1.05 0.93 0.73 0.65 0.71 0.79 0.81 0.82 0.95 1.14 1.17 1.17 1.21 1.28 1.34 1.34 1.34 1.33 1.26 1.15 1.03 0.96 0.94 0.95 0.98 1.11 1.31 1.38 1.29 1.15 1.04 0.95 0.89 0.89 0.92 0.95 0.98 1.01 1.02 1.04 1.05 1.06 1.07 1.08 1.09 1.10 1.10 1.11 1.12 1.13 1.14 1.14 1.15 1.15 1.15 1.16 1.16 1.16 1.16 1.17 1.18 1.20 1.19 1.17 1.17 1.20 1.22 1.25 1.28 1.38 1.62 1.87 1.88 1.71 1.64 1.67 1.78 1.88 1.92 1.83 1.70 1.65 1.93 2.97
1.23 1.12 0.94 0.83 0.79 0.78 0.72 0.64 0.67 0.78 0.79 0.78 0.80 0.83 0.91 0.97 1.04 1.14 1.22 1.24 1.19 1.11 1.05 1.02 1.04 1.08 1.19 1.34 1.38 1.30 1.20 1.09 0.98 0.89 0.88 0.91 0.95 0.98 1.00 1.01 1.03 1.04 1.05 1.06 1.07 1.08 1.09 1.10 1.11 1.11 1.12 1.13 1.14 1.14 1.15 1.16 1.16 1.17 1.18 1.19 1.20 1.21 1.22 1.23 1.25 1.24 1.21 1.20 1.21 1.30 1.46 1.57 1.53 1.37 1.42 1.53 1.68 1.74 1.68 1.56 1.54 1.77 2.51 3.41
1.43 1.29 1.06 0.93 0.88 0.85 0.79 0.71 0.68 0.71 0.75 0.78 0.79 0.79 0.80 0.83 0.86 0.91 0.98 1.08 1.16 1.20 1.18 1.14 1.09 1.06 1.09 1.19 1.32 1.35 1.28 1.20 1.12 1.01 0.93 0.91 0.92 0.93 0.96 0.99 1.01 1.02 1.03 1.04 1.05 1.06 1.07 1.08 1.09 1.10 1.11 1.12 1.13 1.13 1.14 1.15 1.16 1.17 1.18 1.20 1.21 1.23 1.24 1.26 1.27 1.27 1.27 1.28 1.29 1.34 1.36 1.33 1.22 1.15 1.27 1.42 1.56 1.58 1.52 1.54 1.71 2.27 3.16 3.33
