windninja/windninja_output/Output_2025-08-24_1600-1650_Google earth_Fire_150m_10min/merlingen_7.5mi_point_08-24-2025_1600_150m_vel.asc
ncols	158
nrows	163
xllcorner	391686.332397
yllcorner	5160024.123721
cellsize	150.000000
NODATA_value	-32768.000000
[rows 74 to 110 of 163, columns 0 to 83 of 158]
1.40 1.34 1.25 1.20 1.23 1.28 1.31 1.34 1.32 1.24 1.23 1.26 1.27 1.32 1.39 1.44 1.49 1.55 1.60 1.63 1.70 1.76 1.80 1.82 1.83 1.86 1.92 1.92 1.90 1.90 1.91 1.95 2.02 2.06 2.04 1.99 1.96 1.96 1.98 1.99 1.99 2.00 2.01 2.02 2.04 2.06 2.07 2.09 2.11 2.13 2.15 2.17 2.18 2.20 2.21 2.22 2.23 2.24 2.25 2.26 2.27 2.28 2.29 2.30 2.30 2.29 2.28 2.29 2.31 2.32 2.29 2.19 2.03 1.94 2.04 2.25 2.36 2.22 2.08 2.28 3.06 4.30 4.95 3.87
1.24 1.14 1.04 1.00 1.04 1.13 1.20 1.23 1.24 1.24 1.25 1.27 1.29 1.34 1.40 1.45 1.51 1.57 1.61 1.62 1.63 1.64 1.65 1.68 1.73 1.75 1.79 1.83 1.87 1.90 1.92 1.96 1.99 1.98 1.93 1.90 1.92 1.95 1.97 1.96 1.96 1.96 1.97 1.99 2.01 2.02 2.04 2.06 2.08 2.10 2.12 2.14 2.16 2.17 2.19 2.20 2.21 2.23 2.24 2.25 2.26 2.28 2.29 2.30 2.30 2.30 2.31 2.33 2.35 2.34 2.31 2.25 2.20 2.18 2.27 2.44 2.43 2.28 2.29 2.76 3.92 4.66 4.06 2.16
1.25 1.03 0.81 0.76 0.86 1.01 1.09 1.14 1.18 1.21 1.25 1.29 1.31 1.37 1.42 1.45 1.49 1.55 1.57 1.57 1.59 1.62 1.64 1.68 1.67 1.62 1.65 1.76 1.85 1.88 1.88 1.85 1.79 1.72 1.71 1.77 1.84 1.90 1.92 1.91 1.92 1.92 1.93 1.95 1.96 1.98 2.00 2.02 2.04 2.06 2.09 2.11 2.13 2.15 2.17 2.18 2.20 2.21 2.23 2.24 2.26 2.27 2.28 2.29 2.30 2.32 2.34 2.36 2.36 2.35 2.33 2.32 2.33 2.35 2.41 2.46 2.39 2.32 2.55 3.30 4.08 3.78 2.44 0.76
1.41 1.03 0.54 0.49 0.71 0.91 1.00 1.09 1.19 1.25 1.31 1.33 1.35 1.40 1.42 1.43 1.47 1.53 1.54 1.54 1.57 1.61 1.65 1.68 1.61 1.53 1.60 1.73 1.76 1.75 1.72 1.68 1.65 1.69 1.77 1.82 1.86 1.87 1.86 1.87 1.89 1.88 1.89 1.90 1.92 1.93 1.95 1.98 2.00 2.03 2.05 2.08 2.10 2.13 2.14 2.16 2.18 2.20 2.21 2.23 2.25 2.26 2.28 2.29 2.31 2.33 2.35 2.36 2.37 2.37 2.39 2.40 2.41 2.42 2.43 2.44 2.37 2.34 2.62 3.28 3.43 2.40 1.03 0.12
1.83 1.27 0.49 0.27 0.55 0.84 1.02 1.20 1.35 1.43 1.42 1.38 1.39 1.42 1.42 1.43 1.48 1.52 1.51 1.51 1.54 1.58 1.63 1.63 1.55 1.54 1.64 1.71 1.71 1.69 1.66 1.71 1.79 1.87 1.92 1.93 1.90 1.85 1.82 1.84 1.83 1.83 1.85 1.86 1.87 1.89 1.90 1.93 1.96 1.99 2.02 2.05 2.08 2.10 2.13 2.15 2.16 2.18 2.20 2.22 2.23 2.25 2.27 2.29 2.31 2.33 2.35 2.37 2.38 2.41 2.43 2.43 2.43 2.43 2.44 2.44 2.40 2.40 2.62 2.95 2.61 1.40 0.63 0.55
2.45 1.81 0.78 0.60 0.75 1.14 1.32 1.48 1.64 1.63 1.50 1.43 1.43 1.44 1.44 1.45 1.49 1.49 1.46 1.46 1.50 1.55 1.58 1.55 1.51 1.58 1.71 1.78 1.77 1.72 1.73 1.82 1.87 1.88 1.89 1.91 1.90 1.83 1.80 1.79 1.76 1.75 1.77 1.78 1.79 1.80 1.82 1.85 1.89 1.94 1.98 2.02 2.06 2.08 2.10 2.12 2.14 2.16 2.18 2.20 2.22 2.24 2.26 2.29 2.31 2.33 2.36 2.38 2.40 2.42 2.44 2.44 2.44 2.46 2.47 2.47 2.47 2.48 2.60 2.61 1.99 1.22 1.16 1.45
2.82 2.26 1.50 1.39 2.01 2.71 2.41 2.12 2.03 1.80 1.56 1.48 1.46 1.44 1.43 1.45 1.45 1.42 1.40 1.42 1.47 1.51 1.51 1.50 1.51 1.60 1.72 1.78 1.77 1.75 1.80 1.87 1.92 1.96 1.97 1.93 1.85 1.83 1.83 1.80 1.71 1.65 1.64 1.64 1.64 1.67 1.70 1.73 1.79 1.87 1.95 2.00 2.04 2.06 2.09 2.10 2.12 2.14 2.16 2.19 2.21 2.23 2.26 2.28 2.31 2.33 2.36 2.38 2.41 2.43 2.44 2.45 2.46 2.48 2.50 2.52 2.52 2.52 2.54 2.37 1.90 1.71 1.86 1.98
2.86 2.06 1.30 1.89 2.83 3.08 2.96 2.70 2.35 1.96 1.67 1.53 1.45 1.40 1.38 1.37 1.34 1.31 1.33 1.38 1.42 1.45 1.48 1.50 1.50 1.56 1.65 1.69 1.71 1.77 1.84 1.91 1.96 1.98 1.99 1.93 1.86 1.84 1.86 1.83 1.75 1.65 1.57 1.50 1.46 1.48 1.48 1.50 1.60 1.75 1.88 1.98 2.04 2.06 2.07 2.09 2.10 2.12 2.14 2.17 2.19 2.22 2.24 2.27 2.30 2.33 2.36 2.39 2.41 2.43 2.45 2.46 2.48 2.51 2.54 2.56 2.57 2.58 2.57 2.43 2.27 2.24 2.20 2.09
2.67 1.65 1.53 2.69 3.02 2.44 2.31 2.37 2.19 1.89 1.63 1.45 1.37 1.33 1.30 1.26 1.22 1.23 1.26 1.31 1.35 1.40 1.45 1.47 1.47 1.53 1.63 1.67 1.70 1.75 1.77 1.77 1.72 1.68 1.68 1.73 1.79 1.82 1.82 1.83 1.82 1.78 1.74 1.70 1.67 1.67 1.67 1.70 1.84 1.96 2.00 2.01 2.01 2.03 2.05 2.07 2.08 2.10 2.12 2.15 2.18 2.20 2.23 2.26 2.29 2.32 2.35 2.38 2.41 2.43 2.45 2.48 2.50 2.54 2.57 2.59 2.62 2.62 2.61 2.55 2.47 2.37 2.28 2.35
2.09 2.34 2.92 3.01 2.51 1.84 1.71 1.73 1.63 1.45 1.30 1.25 1.22 1.17 1.14 1.12 1.12 1.14 1.17 1.22 1.28 1.34 1.38 1.40 1.47 1.60 1.70 1.71 1.70 1.67 1.66 1.63 1.56 1.49 1.45 1.45 1.53 1.64 1.72 1.73 1.75 1.83 1.95 2.07 2.18 2.26 2.33 2.41 2.51 2.51 2.40 2.24 2.15 2.10 2.05 2.03 2.04 2.07 2.10 2.13 2.15 2.19 2.22 2.25 2.28 2.31 2.34 2.37 2.40 2.43 2.46 2.49 2.52 2.56 2.59 2.63 2.66 2.66 2.65 2.61 2.49 2.41 2.50 3.02
2.12 2.41 2.50 2.04 1.67 1.45 1.27 1.12 1.03 0.99 1.02 1.08 1.06 1.03 1.02 1.01 1.02 1.05 1.10 1.15 1.22 1.28 1.32 1.39 1.51 1.63 1.68 1.66 1.63 1.64 1.65 1.62 1.57 1.48 1.40 1.36 1.38 1.44 1.50 1.57 1.66 1.77 1.88 1.96 2.03 2.10 2.18 2.27 2.32 2.30 2.28 2.27 2.21 2.09 2.00 1.99 2.01 2.03 2.06 2.10 2.14 2.17 2.20 2.24 2.27 2.30 2.33 2.36 2.39 2.43 2.46 2.50 2.53 2.57 2.61 2.66 2.69 2.72 2.73 2.72 2.68 2.73 2.94 3.64
1.77 1.42 1.14 1.01 1.00 0.93 0.81 0.75 0.75 0.81 0.93 0.98 0.97 0.98 1.00 1.01 0.98 0.99 1.03 1.06 1.11 1.16 1.25 1.38 1.49 1.52 1.50 1.49 1.53 1.59 1.59 1.58 1.57 1.54 1.52 1.51 1.48 1.41 1.39 1.47 1.59 1.69 1.73 1.74 1.75 1.75 1.77 1.80 1.81 1.80 1.82 1.84 1.84 1.85 1.88 1.91 1.95 1.99 2.03 2.07 2.11 2.15 2.19 2.22 2.25 2.28 2.32 2.35 2.39 2.42 2.46 2.50 2.53 2.58 2.63 2.69 2.72 2.76 2.81 2.88 2.98 3.19 3.58 4.38
1.44 0.94 0.64 0.60 0.67 0.71 0.69 0.68 0.75 0.84 0.92 0.92 0.91 0.95 0.97 0.96 0.92 0.89 0.89 0.90 0.94 1.00 1.11 1.30 1.45 1.49 1.48 1.49 1.52 1.51 1.48 1.50 1.56 1.66 1.77 1.83 1.78 1.68 1.59 1.54 1.54 1.59 1.65 1.68 1.67 1.66 1.66 1.67 1.67 1.64 1.59 1.56 1.60 1.68 1.76 1.83 1.89 1.94 1.99 2.04 2.09 2.13 2.17 2.20 2.24 2.27 2.30 2.34 2.38 2.41 2.45 2.49 2.54 2.59 2.64 2.70 2.75 2.82 2.91 3.05 3.25 3.64 4.29 5.23
0.94 0.63 0.46 0.48 0.64 0.81 0.86 0.94 1.03 1.02 0.92 0.86 0.89 0.93 0.92 0.89 0.86 0.82 0.80 0.83 0.89 0.96 1.19 1.55 1.74 1.71 1.66 1.64 1.58 1.50 1.45 1.45 1.48 1.56 1.66 1.77 1.87 1.93 1.91 1.82 1.69 1.62 1.60 1.61 1.61 1.60 1.61 1.64 1.61 1.53 1.47 1.49 1.53 1.57 1.62 1.70 1.77 1.86 1.95 2.02 2.07 2.11 2.15 2.19 2.22 2.25 2.29 2.32 2.36 2.40 2.44 2.49 2.54 2.59 2.65 2.71 2.78 2.87 3.01 3.17 3.42 3.85 4.49 5.31
1.21 0.89 0.68 0.84 1.00 1.22 1.36 1.36 1.26 1.10 0.94 0.91 0.98 1.01 1.03 0.99 0.90 0.86 0.89 0.98 1.10 1.32 1.90 2.32 2.20 1.89 1.72 1.64 1.56 1.50 1.47 1.44 1.41 1.39 1.38 1.41 1.53 1.68 1.80 1.85 1.83 1.74 1.66 1.62 1.64 1.67 1.67 1.64 1.59 1.55 1.53 1.52 1.51 1.56 1.62 1.66 1.71 1.79 1.87 1.96 2.05 2.11 2.14 2.17 2.20 2.23 2.27 2.31 2.35 2.38 2.43 2.48 2.53 2.58 2.64 2.72 2.81 2.92 3.05 3.20 3.42 3.74 4.17 4.86
1.77 1.54 1.39 1.34 1.31 1.37 1.47 1.50 1.41 1.28 1.17 1.16 1.16 1.12 1.06 1.01 0.97 0.98 1.07 1.29 1.59 2.22 2.73 2.62 2.11 1.80 1.65 1.56 1.50 1.47 1.46 1.44 1.42 1.40 1.35 1.31 1.29 1.33 1.40 1.49 1.56 1.62 1.64 1.61 1.62 1.65 1.66 1.63 1.60 1.60 1.64 1.66 1.70 1.77 1.80 1.79 1.74 1.69 1.78 1.97 2.09 2.12 2.13 2.15 2.17 2.21 2.24 2.28 2.32 2.36 2.41 2.46 2.51 2.57 2.63 2.72 2.81 2.91 3.04 3.18 3.37 3.58 3.84 4.22
1.85 1.77 1.61 1.37 1.20 1.20 1.31 1.48 1.61 1.67 1.62 1.47 1.34 1.22 1.11 1.05 1.13 1.22 1.31 1.69 2.42 2.99 2.87 2.27 1.84 1.67 1.57 1.50 1.45 1.42 1.40 1.39 1.38 1.39 1.38 1.35 1.29 1.26 1.31 1.38 1.42 1.43 1.45 1.47 1.50 1.51 1.53 1.56 1.59 1.60 1.65 1.74 1.84 1.91 1.90 1.81 1.71 1.73 2.00 2.21 2.19 2.13 2.12 2.13 2.15 2.18 2.22 2.26 2.30 2.34 2.38 2.44 2.49 2.55 2.62 2.70 2.79 2.88 2.99 3.13 3.31 3.49 3.65 3.89
1.81 1.85 1.90 1.84 1.76 1.61 1.58 1.79 2.06 2.16 2.06 1.86 1.69 1.58 1.52 1.52 1.54 1.55 1.58 2.16 2.97 3.03 2.37 1.95 1.72 1.59 1.50 1.43 1.39 1.35 1.33 1.31 1.30 1.31 1.33 1.36 1.36 1.35 1.37 1.45 1.51 1.49 1.41 1.37 1.37 1.38 1.40 1.43 1.46 1.52 1.60 1.69 1.79 1.88 1.89 1.88 1.99 2.30 2.56 2.51 2.28 2.13 2.09 2.09 2.11 2.15 2.18 2.22 2.26 2.31 2.36 2.41 2.46 2.53 2.60 2.68 2.76 2.85 2.96 3.09 3.24 3.40 3.61 3.89
1.82 2.04 2.46 2.76 2.90 2.88 3.01 3.34 3.52 3.46 2.94 2.41 2.12 1.94 1.81 1.80 1.92 2.17 2.62 3.20 3.14 2.39 1.78 1.62 1.51 1.44 1.40 1.35 1.30 1.27 1.25 1.24 1.25 1.27 1.30 1.32 1.35 1.36 1.35 1.36 1.43 1.50 1.46 1.36 1.29 1.26 1.23 1.21 1.23 1.30 1.40 1.55 1.68 1.76 1.82 2.05 2.38 2.59 2.55 2.33 2.17 2.08 2.04 2.04 2.07 2.10 2.14 2.18 2.22 2.27 2.32 2.37 2.43 2.49 2.56 2.63 2.71 2.81 2.92 3.04 3.17 3.32 3.51 3.74
1.82 2.09 2.58 2.97 3.32 3.63 3.97 4.32 4.53 4.49 4.30 4.00 3.75 3.73 3.64 3.45 3.45 3.73 3.77 3.48 2.97 1.92 1.52 1.42 1.38 1.34 1.30 1.28 1.24 1.21 1.17 1.13 1.12 1.17 1.23 1.25 1.27 1.30 1.32 1.32 1.33 1.41 1.48 1.41 1.27 1.15 1.09 1.11 1.17 1.21 1.31 1.53 1.67 1.69 1.74 1.92 2.08 2.01 1.87 1.82 1.87 1.91 1.93 1.96 2.01 2.05 2.10 2.14 2.18 2.23 2.29 2.34 2.40 2.45 2.52 2.59 2.67 2.75 2.85 2.96 3.08 3.21 3.36 3.53
1.94 2.10 2.39 2.62 2.85 3.03 3.20 3.36 3.50 3.91 4.38 4.70 4.87 4.93 4.95 4.69 4.46 4.26 3.59 2.81 2.47 2.04 1.68 1.46 1.33 1.27 1.24 1.23 1.22 1.17 1.09 1.03 1.05 1.10 1.14 1.17 1.21 1.25 1.28 1.30 1.34 1.43 1.60 1.68 1.54 1.38 1.28 1.26 1.31 1.43 1.65 1.85 1.78 1.68 1.67 1.69 1.65 1.56 1.54 1.57 1.64 1.72 1.80 1.89 1.95 2.00 2.04 2.08 2.14 2.20 2.24 2.29 2.34 2.40 2.47 2.54 2.62 2.70 2.79 2.88 2.98 3.09 3.22 3.36
2.08 2.01 2.14 2.28 2.32 2.26 2.14 2.06 2.07 2.43 2.80 3.11 3.13 2.70 2.72 2.72 3.05 2.83 2.68 2.33 2.18 2.01 1.68 1.36 1.17 1.13 1.16 1.18 1.19 1.22 1.23 1.23 1.22 1.17 1.11 1.11 1.13 1.16 1.19 1.22 1.28 1.40 1.57 1.81 1.96 1.97 1.89 1.81 1.83 2.03 2.23 2.13 1.83 1.65 1.59 1.59 1.59 1.56 1.54 1.54 1.58 1.63 1.72 1.82 1.89 1.93 1.98 2.05 2.10 2.15 2.19 2.24 2.29 2.35 2.41 2.48 2.55 2.63 2.71 2.80 2.89 2.99 3.09 3.19
2.31 2.01 1.99 2.13 2.12 2.00 1.78 1.52 1.25 1.04 0.97 1.27 1.36 1.35 1.34 1.50 1.73 2.05 2.29 2.00 1.77 1.84 1.64 1.24 0.93 0.91 1.01 1.10 1.16 1.25 1.37 1.40 1.31 1.17 1.05 1.01 1.02 1.05 1.09 1.13 1.18 1.26 1.38 1.59 1.91 2.18 2.33 2.41 2.46 2.45 2.25 1.92 1.69 1.58 1.53 1.51 1.50 1.48 1.45 1.47 1.53 1.58 1.66 1.75 1.81 1.86 1.94 2.00 2.05 2.08 2.13 2.17 2.23 2.29 2.36 2.42 2.49 2.56 2.64 2.72 2.80 2.89 2.97 3.05
2.76 2.24 1.85 1.78 1.69 1.68 1.61 1.37 1.00 0.66 0.53 0.51 0.65 1.03 1.17 1.38 1.58 1.97 2.32 2.09 1.86 1.89 1.77 1.21 0.76 0.80 0.95 1.06 1.11 1.12 1.11 1.10 1.10 1.04 0.95 0.88 0.86 0.90 0.97 1.04 1.11 1.17 1.24 1.36 1.53 1.75 1.97 2.11 2.07 1.85 1.61 1.53 1.51 1.49 1.46 1.43 1.38 1.35 1.35 1.38 1.40 1.46 1.56 1.66 1.74 1.82 1.89 1.94 1.97 2.00 2.05 2.11 2.18 2.23 2.29 2.35 2.42 2.49 2.56 2.63 2.71 2.78 2.86 2.93
3.08 2.26 1.26 0.90 0.93 1.15 1.27 1.23 1.03 0.78 0.56 0.46 0.54 0.78 1.07 1.29 1.54 1.83 1.87 2.06 2.12 2.08 1.95 1.38 1.09 1.11 1.09 1.05 1.02 0.95 0.87 0.86 0.90 0.92 0.87 0.81 0.75 0.75 0.81 0.91 1.00 1.08 1.15 1.22 1.25 1.26 1.33 1.40 1.35 1.28 1.29 1.38 1.43 1.42 1.41 1.42 1.41 1.39 1.38 1.36 1.33 1.35 1.43 1.53 1.64 1.74 1.80 1.84 1.89 1.94 2.00 2.06 2.11 2.16 2.22 2.28 2.35 2.41 2.48 2.55 2.62 2.69 2.75 2.82
3.04 1.92 0.60 0.28 0.37 0.54 0.70 0.87 0.91 0.83 0.77 0.70 0.66 0.78 1.10 1.48 1.71 1.66 1.54 1.69 2.02 2.23 2.20 2.03 1.72 1.42 1.20 1.04 0.96 0.92 0.88 0.83 0.79 0.79 0.80 0.80 0.78 0.74 0.71 0.75 0.86 0.97 1.07 1.15 1.21 1.27 1.31 1.32 1.34 1.37 1.41 1.45 1.50 1.53 1.51 1.50 1.48 1.45 1.41 1.40 1.40 1.40 1.43 1.48 1.56 1.63 1.70 1.78 1.84 1.88 1.93 1.97 2.02 2.08 2.14 2.21 2.27 2.34 2.40 2.47 2.53 2.60 2.66 2.72
2.34 1.47 0.41 0.19 0.35 0.51 0.66 0.80 0.87 0.87 0.90 0.86 0.79 0.90 1.16 1.51 1.79 1.66 1.39 1.46 1.78 2.02 2.12 1.99 1.67 1.42 1.23 1.08 0.97 0.93 0.89 0.82 0.73 0.65 0.63 0.67 0.72 0.73 0.70 0.69 0.76 0.87 0.97 1.07 1.19 1.31 1.35 1.36 1.41 1.49 1.55 1.58 1.61 1.68 1.69 1.65 1.57 1.51 1.48 1.48 1.50 1.53 1.54 1.55 1.59 1.63 1.67 1.73 1.75 1.77 1.82 1.88 1.94 2.00 2.06 2.12 2.19 2.25 2.32 2.39 2.45 2.51 2.57 2.62
1.63 1.08 0.42 0.37 0.51 0.62 0.74 0.84 0.90 0.92 0.94 0.93 0.88 1.01 1.23 1.50 1.82 1.76 1.50 1.65 1.75 1.80 1.90 1.83 1.62 1.43 1.27 1.14 1.02 0.97 0.95 0.89 0.76 0.61 0.48 0.42 0.46 0.53 0.59 0.62 0.68 0.76 0.85 0.95 1.05 1.14 1.22 1.30 1.40 1.51 1.61 1.65 1.65 1.65 1.67 1.68 1.68 1.68 1.64 1.54 1.49 1.52 1.59 1.65 1.68 1.69 1.68 1.66 1.63 1.65 1.70 1.78 1.86 1.91 1.97 2.03 2.10 2.17 2.24 2.30 2.37 2.43 2.49 2.54
1.23 0.91 0.60 0.62 0.71 0.77 0.83 0.90 0.96 0.97 0.97 0.97 0.94 1.03 1.37 1.78 2.06 2.11 2.03 2.03 2.01 1.86 1.89 1.92 1.76 1.56 1.38 1.23 1.11 1.06 1.06 1.02 0.88 0.72 0.53 0.35 0.26 0.29 0.38 0.45 0.52 0.61 0.72 0.84 0.96 1.12 1.31 1.45 1.52 1.57 1.62 1.67 1.71 1.71 1.70 1.70 1.75 1.78 1.76 1.72 1.67 1.66 1.68 1.68 1.69 1.69 1.66 1.59 1.52 1.49 1.57 1.69 1.75 1.80 1.87 1.94 2.00 2.08 2.15 2.22 2.29 2.35 2.41 2.46
1.27 1.10 0.91 0.90 0.93 0.96 0.98 0.99 1.03 1.04 1.02 1.00 0.93 0.91 1.09 1.47 1.87 1.98 1.97 2.13 2.27 2.13 2.06 2.04 1.90 1.78 1.64 1.42 1.24 1.18 1.15 1.12 1.06 0.90 0.70 0.48 0.26 0.15 0.15 0.21 0.32 0.46 0.60 0.73 0.87 1.02 1.19 1.37 1.50 1.56 1.60 1.65 1.72 1.80 1.88 1.90 1.86 1.82 1.83 1.88 1.91 1.88 1.81 1.76 1.74 1.70 1.62 1.55 1.47 1.45 1.52 1.60 1.61 1.66 1.74 1.81 1.90 1.99 2.07 2.14 2.20 2.26 2.32 2.37
1.54 1.42 1.23 1.16 1.13 1.13 1.12 1.11 1.12 1.12 1.06 1.00 0.90 0.78 0.77 0.95 1.36 1.57 1.60 1.94 2.23 2.30 2.32 2.23 2.08 2.02 2.00 1.78 1.49 1.40 1.28 1.20 1.19 1.07 0.88 0.67 0.41 0.22 0.12 0.03 0.18 0.35 0.50 0.64 0.77 0.87 0.96 1.12 1.33 1.50 1.61 1.68 1.74 1.76 1.82 1.91 1.95 1.93 1.90 1.88 1.86 1.82 1.79 1.80 1.79 1.73 1.66 1.61 1.57 1.58 1.59 1.53 1.46 1.46 1.50 1.61 1.77 1.89 1.98 2.05 2.12 2.20 2.26 2.30
1.80 1.66 1.50 1.44 1.39 1.32 1.26 1.24 1.22 1.25 1.18 1.05 0.96 0.83 0.81 0.92 1.18 1.39 1.54 1.79 1.99 2.17 2.36 2.39 2.31 2.28 2.33 2.20 1.93 1.76 1.53 1.37 1.28 1.19 1.07 0.89 0.61 0.32 0.15 0.04 0.15 0.30 0.45 0.58 0.71 0.81 0.90 1.02 1.23 1.49 1.69 1.81 1.88 1.88 1.81 1.80 1.88 1.95 1.96 1.90 1.83 1.78 1.75 1.73 1.70 1.69 1.70 1.69 1.66 1.64 1.62 1.54 1.46 1.39 1.42 1.60 1.75 1.78 1.81 1.92 2.06 2.15 2.19 2.23
2.10 1.93 1.74 1.71 1.69 1.61 1.49 1.41 1.36 1.42 1.37 1.23 1.11 1.00 0.96 0.99 1.19 1.38 1.49 1.67 1.90 2.10 2.18 2.34 2.50 2.53 2.61 2.60 2.48 2.22 1.91 1.64 1.39 1.30 1.31 1.17 0.82 0.44 0.18 0.06 0.14 0.28 0.42 0.54 0.67 0.78 0.86 0.96 1.12 1.36 1.63 1.84 1.98 2.06 2.04 1.93 1.86 1.88 1.93 1.93 1.88 1.84 1.82 1.78 1.73 1.72 1.70 1.67 1.66 1.65 1.59 1.55 1.57 1.61 1.67 1.77 1.78 1.71 1.73 1.94 2.11 2.12 2.12 2.15
2.33 2.19 2.00 1.95 1.95 1.89 1.77 1.64 1.62 1.76 1.76 1.66 1.55 1.42 1.31 1.20 1.27 1.39 1.44 1.56 1.87 2.18 2.05 2.05 2.47 2.78 2.83 2.90 3.06 2.80 2.33 1.94 1.52 1.47 1.64 1.47 1.02 0.58 0.30 0.09 0.12 0.27 0.39 0.52 0.66 0.79 0.87 0.96 1.08 1.22 1.38 1.58 1.78 1.98 2.13 2.16 2.05 1.94 1.92 1.94 1.93 1.87 1.85 1.85 1.84 1.79 1.73 1.67 1.64 1.64 1.62 1.59 1.62 1.67 1.73 1.76 1.76 1.80 1.92 2.07 2.12 2.06 2.06 2.08
2.45 2.35 2.23 2.21 2.18 2.18 2.22 2.12 2.09 2.14 2.16 1.98 1.77 1.71 1.68 1.52 1.43 1.46 1.51 1.59 1.86 2.20 2.06 1.79 2.12 2.71 2.93 2.99 3.42 3.44 2.73 2.27 1.72 1.70 2.01 1.74 1.18 0.74 0.49 0.24 0.07 0.25 0.37 0.51 0.65 0.78 0.90 0.99 1.08 1.19 1.31 1.44 1.58 1.74 1.95 2.15 2.21 2.12 2.06 2.07 2.10 2.03 1.92 1.85 1.80 1.75 1.73 1.70 1.65 1.65 1.67 1.66 1.63 1.64 1.71 1.77 1.82 1.89 1.94 1.96 1.97 1.98 1.99 1.99
2.52 2.43 2.36 2.40 2.39 2.41 2.42 2.38 2.25 2.17 2.25 2.19 1.95 1.90 1.96 1.83 1.60 1.56 1.76 1.99 2.14 2.23 2.02 1.69 1.75 2.36 2.87 2.99 3.46 3.74 3.14 2.67 2.17 2.06 2.43 2.02 1.32 0.93 0.66 0.43 0.17 0.17 0.31 0.47 0.62 0.76 0.91 1.00 1.05 1.15 1.32 1.51 1.66 1.73 1.82 2.00 2.20 2.26 2.23 2.23 2.29 2.28 2.13 1.94 1.80 1.69 1.64 1.67 1.69 1.64 1.60 1.63 1.70 1.74 1.77 1.81 1.84 1.82 1.75 1.76 1.82 1.92 1.94 1.90
2.58 2.49 2.44 2.40 2.30 2.23 2.17 2.18 2.21 2.20 2.30 2.31 2.09 2.06 2.17 2.08 1.71 1.53 1.94 2.46 2.69 2.48 1.95 1.64 1.57 1.87 2.51 3.00 3.71 4.11 3.49 2.97 2.65 2.62 2.88 2.34 1.49 1.09 0.82 0.59 0.42 0.28 0.20 0.40 0.61 0.76 0.89 0.99 1.05 1.13 1.26 1.46 1.68 1.82 1.88 1.96 2.12 2.27 2.27 2.20 2.24 2.33 2.30 2.12 1.94 1.80 1.65 1.61 1.63 1.65 1.68 1.76 1.84 1.83 1.76 1.72 1.70 1.64 1.61 1.65 1.73 1.85 1.85 1.76
