windninja/windninja_output/Output_2025-08-24_1600-1650_Google earth_Fire_150m_10min/merlingen_7.5mi_point_08-24-2025_1640_150m_vel.asc
ncols	158
nrows	163
xllcorner	391686.332397
yllcorner	5160024.123721
cellsize	150.000000
NODATA_value	-32768.000000
[rows 74 to 110 of 163, columns 0 to 83 of 158]
2.06 1.94 1.70 1.54 1.52 1.50 1.43 1.37 1.30 1.20 1.13 1.09 1.02 0.96 0.91 0.85 0.84 0.84 0.79 0.75 0.74 0.74 0.74 0.70 0.59 0.50 0.54 0.64 0.74 0.79 0.74 0.69 0.68 0.63 0.54 0.48 0.47 0.46 0.44 0.43 0.42 0.41 0.40 0.39 0.38 0.37 0.36 0.34 0.33 0.31 0.30 0.29 0.27 0.26 0.25 0.24 0.23 0.23 0.23 0.23 0.24 0.25 0.26 0.28 0.30 0.32 0.34 0.37 0.40 0.43 0.44 0.44 0.45 0.49 0.56 0.64 0.69 0.68 0.68 0.76 0.98 1.37 1.63 1.36
2.29 2.16 1.88 1.66 1.60 1.60 1.53 1.43 1.35 1.26 1.19 1.14 1.08 1.03 0.97 0.92 0.91 0.90 0.85 0.81 0.79 0.79 0.79 0.76 0.68 0.58 0.58 0.65 0.74 0.81 0.81 0.77 0.75 0.73 0.65 0.57 0.53 0.52 0.50 0.47 0.46 0.46 0.45 0.44 0.43 0.41 0.40 0.39 0.37 0.36 0.34 0.32 0.31 0.29 0.28 0.26 0.25 0.24 0.24 0.24 0.24 0.25 0.26 0.28 0.29 0.32 0.34 0.37 0.40 0.42 0.44 0.46 0.49 0.54 0.60 0.66 0.68 0.68 0.73 0.88 1.20 1.44 1.33 0.80
2.46 2.35 2.10 1.83 1.72 1.72 1.61 1.48 1.41 1.33 1.26 1.19 1.13 1.10 1.05 0.98 0.96 0.95 0.91 0.87 0.86 0.85 0.84 0.82 0.75 0.64 0.64 0.71 0.75 0.81 0.86 0.85 0.82 0.80 0.76 0.67 0.62 0.59 0.56 0.52 0.51 0.50 0.49 0.49 0.48 0.46 0.45 0.44 0.42 0.40 0.38 0.37 0.35 0.33 0.31 0.29 0.28 0.26 0.26 0.25 0.25 0.25 0.26 0.27 0.29 0.31 0.34 0.36 0.39 0.41 0.44 0.47 0.51 0.55 0.59 0.62 0.65 0.69 0.79 1.00 1.22 1.18 0.84 0.34
2.56 2.47 2.29 2.10 1.95 1.84 1.67 1.55 1.49 1.40 1.33 1.24 1.18 1.17 1.12 1.05 1.03 1.02 0.97 0.94 0.93 0.91 0.91 0.87 0.78 0.70 0.75 0.81 0.79 0.80 0.86 0.92 0.89 0.87 0.89 0.79 0.71 0.67 0.62 0.59 0.56 0.54 0.54 0.54 0.53 0.51 0.50 0.49 0.47 0.45 0.43 0.41 0.39 0.36 0.34 0.32 0.30 0.29 0.27 0.26 0.26 0.26 0.26 0.27 0.29 0.31 0.33 0.35 0.38 0.41 0.44 0.48 0.51 0.53 0.56 0.60 0.64 0.68 0.79 0.98 1.04 0.79 0.43 0.17
2.63 2.39 2.33 2.52 2.35 2.01 1.77 1.65 1.61 1.51 1.37 1.27 1.23 1.22 1.18 1.13 1.10 1.08 1.02 1.00 1.00 0.98 0.98 0.92 0.77 0.76 0.88 0.91 0.85 0.80 0.83 0.94 0.97 0.96 0.98 0.91 0.80 0.74 0.70 0.66 0.60 0.58 0.59 0.59 0.58 0.57 0.56 0.54 0.53 0.51 0.48 0.46 0.43 0.40 0.38 0.36 0.33 0.32 0.30 0.29 0.28 0.27 0.27 0.28 0.29 0.30 0.32 0.34 0.37 0.40 0.44 0.46 0.49 0.52 0.55 0.60 0.64 0.68 0.78 0.89 0.82 0.53 0.34 0.33
2.47 2.20 2.31 2.95 3.02 2.52 2.01 1.77 1.75 1.59 1.36 1.27 1.26 1.27 1.26 1.21 1.18 1.13 1.07 1.06 1.06 1.07 1.05 0.96 0.78 0.81 0.99 1.02 0.94 0.83 0.83 0.96 1.02 1.04 1.07 1.01 0.88 0.80 0.80 0.75 0.65 0.61 0.64 0.64 0.63 0.62 0.62 0.60 0.59 0.57 0.54 0.51 0.48 0.45 0.42 0.39 0.37 0.35 0.33 0.31 0.29 0.28 0.28 0.28 0.28 0.30 0.31 0.34 0.36 0.39 0.42 0.45 0.48 0.51 0.55 0.60 0.64 0.69 0.76 0.78 0.65 0.49 0.51 0.62
2.05 2.02 2.35 2.91 3.43 3.24 2.33 1.87 1.82 1.57 1.30 1.25 1.30 1.32 1.32 1.29 1.23 1.18 1.12 1.12 1.14 1.14 1.12 1.01 0.84 0.87 1.07 1.10 1.02 0.91 0.89 0.98 1.04 1.09 1.14 1.09 0.94 0.87 0.90 0.86 0.71 0.64 0.68 0.69 0.68 0.68 0.67 0.67 0.66 0.64 0.60 0.56 0.52 0.49 0.46 0.43 0.40 0.38 0.36 0.34 0.32 0.30 0.29 0.29 0.29 0.30 0.31 0.33 0.35 0.38 0.41 0.44 0.47 0.51 0.55 0.60 0.64 0.69 0.73 0.71 0.63 0.64 0.72 0.77
1.60 1.91 2.46 3.05 3.76 3.36 2.11 1.70 1.67 1.44 1.24 1.23 1.31 1.35 1.39 1.35 1.27 1.23 1.21 1.19 1.20 1.20 1.20 1.09 0.91 0.95 1.13 1.15 1.10 1.04 1.00 1.04 1.07 1.09 1.16 1.15 1.03 0.96 0.98 0.95 0.81 0.69 0.72 0.74 0.74 0.75 0.73 0.73 0.76 0.75 0.68 0.62 0.57 0.53 0.50 0.47 0.44 0.42 0.39 0.37 0.35 0.32 0.31 0.30 0.29 0.30 0.31 0.32 0.34 0.37 0.40 0.43 0.47 0.51 0.55 0.59 0.64 0.68 0.72 0.73 0.74 0.79 0.81 0.80
1.92 2.21 2.86 3.75 3.85 2.69 1.70 1.43 1.36 1.27 1.14 1.18 1.32 1.40 1.44 1.39 1.31 1.31 1.31 1.26 1.27 1.28 1.28 1.17 0.98 1.04 1.20 1.21 1.18 1.15 1.10 1.11 1.10 1.09 1.14 1.17 1.14 1.07 1.04 1.01 0.88 0.78 0.78 0.81 0.83 0.83 0.80 0.79 0.87 0.87 0.78 0.68 0.61 0.57 0.54 0.51 0.48 0.46 0.43 0.40 0.38 0.35 0.33 0.32 0.30 0.30 0.31 0.32 0.33 0.36 0.39 0.42 0.46 0.50 0.54 0.59 0.63 0.67 0.72 0.75 0.78 0.80 0.81 0.87
3.59 3.31 3.42 3.66 3.12 2.24 1.69 1.34 1.19 1.11 1.07 1.19 1.33 1.42 1.49 1.44 1.37 1.40 1.40 1.36 1.36 1.37 1.36 1.26 1.10 1.16 1.29 1.27 1.23 1.22 1.19 1.16 1.12 1.11 1.14 1.19 1.22 1.18 1.13 1.06 0.95 0.89 0.88 0.91 0.93 0.94 0.91 0.92 0.98 0.96 0.85 0.74 0.66 0.60 0.56 0.54 0.52 0.50 0.47 0.44 0.41 0.38 0.35 0.33 0.32 0.31 0.31 0.31 0.33 0.35 0.38 0.41 0.45 0.49 0.53 0.58 0.63 0.67 0.72 0.76 0.78 0.80 0.87 1.05
4.37 3.89 3.25 2.95 2.57 2.19 1.67 1.31 1.23 1.17 1.21 1.28 1.35 1.47 1.55 1.50 1.45 1.49 1.52 1.48 1.47 1.46 1.43 1.38 1.28 1.27 1.33 1.31 1.26 1.28 1.25 1.21 1.14 1.13 1.18 1.24 1.28 1.28 1.21 1.13 1.05 1.00 0.99 1.00 1.02 1.03 1.02 1.04 1.05 0.99 0.88 0.79 0.70 0.62 0.58 0.58 0.57 0.54 0.51 0.48 0.45 0.42 0.39 0.36 0.34 0.32 0.31 0.32 0.32 0.34 0.37 0.40 0.43 0.47 0.52 0.57 0.62 0.67 0.72 0.77 0.81 0.87 0.99 1.23
5.11 4.26 3.14 2.85 2.68 2.29 1.68 1.42 1.45 1.44 1.41 1.37 1.40 1.53 1.61 1.59 1.53 1.60 1.63 1.60 1.60 1.55 1.53 1.54 1.46 1.33 1.31 1.32 1.33 1.35 1.29 1.24 1.17 1.13 1.24 1.33 1.34 1.34 1.30 1.24 1.16 1.09 1.07 1.08 1.10 1.10 1.12 1.15 1.11 1.01 0.92 0.83 0.74 0.66 0.62 0.62 0.62 0.60 0.56 0.53 0.49 0.45 0.42 0.38 0.36 0.34 0.32 0.32 0.32 0.33 0.36 0.38 0.42 0.46 0.51 0.56 0.61 0.66 0.72 0.80 0.88 0.98 1.14 1.42
5.64 4.57 3.28 2.96 2.78 2.41 1.85 1.71 1.81 1.74 1.55 1.43 1.49 1.57 1.67 1.66 1.61 1.70 1.74 1.74 1.70 1.64 1.66 1.74 1.63 1.38 1.30 1.36 1.43 1.39 1.29 1.30 1.24 1.18 1.32 1.40 1.38 1.41 1.43 1.38 1.27 1.17 1.14 1.14 1.16 1.17 1.20 1.24 1.21 1.08 0.95 0.84 0.78 0.74 0.70 0.69 0.68 0.65 0.62 0.58 0.54 0.49 0.45 0.41 0.38 0.36 0.34 0.33 0.33 0.33 0.35 0.37 0.41 0.45 0.49 0.54 0.59 0.66 0.74 0.84 0.95 1.10 1.32 1.62
5.70 4.58 3.45 3.11 2.75 2.50 2.16 2.04 2.14 2.00 1.62 1.49 1.62 1.60 1.67 1.72 1.66 1.78 1.89 1.93 1.85 1.77 1.95 2.14 1.88 1.44 1.32 1.41 1.46 1.40 1.34 1.38 1.34 1.29 1.38 1.43 1.40 1.45 1.53 1.52 1.40 1.26 1.18 1.18 1.20 1.24 1.30 1.34 1.30 1.14 0.98 0.89 0.83 0.80 0.78 0.76 0.75 0.72 0.68 0.64 0.59 0.53 0.48 0.44 0.41 0.38 0.36 0.34 0.33 0.33 0.34 0.36 0.39 0.43 0.47 0.52 0.58 0.66 0.75 0.85 0.96 1.13 1.36 1.64
5.40 4.60 3.64 3.21 2.73 2.50 2.43 2.34 2.27 2.13 1.77 1.68 1.75 1.61 1.65 1.69 1.69 1.93 2.12 2.23 2.13 2.12 2.64 2.74 2.05 1.37 1.27 1.39 1.42 1.42 1.42 1.44 1.42 1.41 1.44 1.47 1.43 1.46 1.58 1.64 1.56 1.40 1.26 1.21 1.22 1.31 1.41 1.43 1.37 1.22 1.08 0.98 0.89 0.86 0.86 0.83 0.83 0.80 0.76 0.70 0.64 0.57 0.52 0.47 0.44 0.41 0.38 0.36 0.34 0.34 0.34 0.35 0.38 0.41 0.45 0.51 0.57 0.65 0.73 0.82 0.93 1.08 1.27 1.54
5.05 4.60 3.77 3.15 2.75 2.53 2.52 2.49 2.29 2.31 2.28 2.00 1.79 1.63 1.57 1.56 1.78 2.13 2.45 2.67 2.68 3.05 3.38 2.76 1.59 1.07 1.13 1.32 1.39 1.45 1.49 1.51 1.50 1.50 1.54 1.56 1.48 1.45 1.56 1.71 1.71 1.56 1.39 1.27 1.26 1.36 1.47 1.51 1.45 1.32 1.21 1.09 0.99 0.94 0.91 0.89 0.88 0.88 0.88 0.81 0.69 0.60 0.54 0.50 0.47 0.43 0.41 0.38 0.36 0.34 0.34 0.34 0.36 0.39 0.42 0.48 0.54 0.61 0.69 0.79 0.91 1.04 1.19 1.38
4.96 4.46 3.62 3.09 2.87 2.62 2.47 2.43 2.32 2.57 2.79 2.25 1.71 1.59 1.51 1.51 1.83 2.32 2.95 3.51 3.85 3.95 3.29 1.96 1.02 0.78 1.01 1.28 1.41 1.49 1.55 1.59 1.60 1.58 1.64 1.68 1.56 1.48 1.54 1.71 1.81 1.70 1.54 1.39 1.34 1.38 1.47 1.58 1.57 1.46 1.35 1.24 1.13 1.04 0.93 0.89 0.90 0.99 1.09 0.97 0.73 0.60 0.56 0.53 0.50 0.47 0.44 0.41 0.38 0.35 0.34 0.34 0.35 0.37 0.41 0.45 0.51 0.57 0.65 0.74 0.87 1.00 1.12 1.27
4.92 4.28 3.50 3.28 3.17 2.80 2.46 2.32 2.30 2.79 3.06 2.38 1.66 1.55 1.52 1.59 1.86 2.38 3.32 4.51 4.67 3.78 2.20 1.18 0.65 0.60 0.97 1.27 1.43 1.55 1.63 1.69 1.72 1.68 1.72 1.78 1.68 1.60 1.59 1.68 1.84 1.81 1.69 1.56 1.45 1.42 1.49 1.61 1.69 1.66 1.53 1.40 1.28 1.13 0.93 0.87 1.01 1.20 1.29 1.06 0.72 0.58 0.56 0.55 0.53 0.51 0.47 0.44 0.40 0.37 0.35 0.34 0.34 0.35 0.38 0.42 0.48 0.54 0.62 0.71 0.82 0.94 1.08 1.24
4.77 4.22 3.57 3.47 3.46 3.16 2.75 2.37 2.17 2.75 3.14 2.45 1.77 1.62 1.61 1.78 2.03 2.50 3.82 4.98 4.40 2.25 1.12 0.64 0.40 0.58 1.01 1.32 1.49 1.64 1.73 1.81 1.87 1.83 1.82 1.86 1.81 1.76 1.71 1.69 1.73 1.81 1.84 1.74 1.57 1.48 1.50 1.61 1.78 1.85 1.75 1.59 1.43 1.21 0.98 0.98 1.26 1.38 1.29 1.02 0.71 0.57 0.56 0.58 0.56 0.55 0.51 0.47 0.43 0.40 0.37 0.35 0.33 0.34 0.35 0.38 0.43 0.49 0.57 0.66 0.77 0.89 1.03 1.19
4.71 4.30 3.71 3.60 3.74 3.61 3.13 2.47 1.94 2.43 3.10 2.68 2.06 1.89 1.84 2.17 2.60 3.28 4.59 4.79 3.15 0.85 0.47 0.40 0.41 0.71 1.12 1.41 1.59 1.74 1.83 1.96 2.05 1.99 1.91 1.92 1.92 1.90 1.87 1.76 1.62 1.68 1.92 1.94 1.71 1.55 1.53 1.64 1.87 1.99 2.02 1.90 1.56 1.26 1.09 1.14 1.36 1.35 1.18 0.99 0.77 0.60 0.59 0.61 0.61 0.59 0.56 0.51 0.46 0.43 0.39 0.36 0.33 0.33 0.34 0.36 0.39 0.44 0.51 0.59 0.70 0.82 0.96 1.12
4.88 4.47 3.85 3.83 4.11 3.92 3.20 2.29 1.71 2.26 3.09 2.94 2.40 2.11 2.06 2.67 3.20 3.80 4.62 3.84 1.98 1.06 0.85 0.69 0.67 0.94 1.27 1.52 1.68 1.80 1.93 2.18 2.32 2.17 1.99 1.99 2.05 2.05 2.01 1.86 1.63 1.56 1.87 2.07 1.85 1.69 1.67 1.76 1.98 2.15 2.37 2.25 1.58 1.24 1.20 1.22 1.31 1.28 1.14 1.02 0.87 0.69 0.64 0.66 0.66 0.64 0.60 0.55 0.51 0.46 0.42 0.38 0.34 0.32 0.32 0.33 0.36 0.41 0.47 0.54 0.63 0.74 0.88 1.04
5.02 4.66 4.11 4.15 4.39 3.94 3.03 2.10 1.73 2.29 3.00 3.00 2.51 2.01 2.04 2.87 3.40 3.98 4.55 3.43 1.97 1.90 1.56 1.19 1.06 1.23 1.42 1.62 1.73 1.84 2.14 2.52 2.60 2.32 2.06 2.08 2.18 2.19 2.13 2.00 1.77 1.61 1.79 2.03 2.00 1.93 1.92 2.00 2.20 2.48 2.68 2.29 1.46 1.20 1.26 1.28 1.31 1.28 1.16 1.06 0.95 0.78 0.72 0.73 0.72 0.69 0.64 0.60 0.56 0.51 0.45 0.40 0.36 0.33 0.31 0.31 0.32 0.35 0.40 0.48 0.57 0.68 0.80 0.95
4.98 4.90 4.56 4.42 4.41 3.82 3.01 2.25 1.94 2.13 2.57 2.71 2.24 1.98 2.18 2.93 3.44 4.45 4.87 3.12 2.51 2.64 2.28 1.76 1.50 1.48 1.53 1.69 1.80 2.00 2.50 2.81 2.71 2.39 2.15 2.19 2.30 2.31 2.26 2.15 1.96 1.77 1.78 2.00 2.14 2.16 2.22 2.39 2.61 2.75 2.52 1.96 1.43 1.21 1.30 1.37 1.35 1.29 1.18 1.09 1.00 0.86 0.82 0.82 0.78 0.73 0.69 0.67 0.62 0.55 0.48 0.43 0.38 0.35 0.32 0.30 0.29 0.31 0.35 0.41 0.49 0.59 0.71 0.85
5.20 5.20 4.90 4.41 4.19 3.86 3.28 2.68 2.31 2.14 2.22 2.02 1.68 1.91 2.40 3.10 3.74 4.59 4.81 3.69 3.12 3.03 3.08 2.59 1.96 1.64 1.59 1.76 1.97 2.30 2.71 2.84 2.74 2.54 2.35 2.34 2.45 2.49 2.44 2.32 2.17 1.95 1.84 2.07 2.29 2.31 2.44 2.68 2.77 2.56 2.10 1.82 1.59 1.34 1.37 1.45 1.41 1.32 1.22 1.15 1.03 0.94 0.93 0.89 0.84 0.79 0.77 0.73 0.67 0.59 0.52 0.47 0.42 0.38 0.33 0.30 0.27 0.28 0.30 0.35 0.43 0.51 0.62 0.76
5.76 5.54 4.90 4.18 3.93 3.89 3.49 3.11 2.82 2.46 2.20 1.87 1.57 1.79 2.54 3.37 4.05 4.30 3.78 3.75 3.61 3.47 3.84 3.42 2.32 1.59 1.60 1.86 2.15 2.52 2.78 2.83 2.83 2.77 2.61 2.58 2.68 2.74 2.65 2.50 2.37 2.15 2.01 2.13 2.30 2.36 2.55 2.77 2.67 2.36 2.05 1.91 1.77 1.53 1.49 1.54 1.52 1.41 1.30 1.20 1.07 1.03 1.03 0.98 0.91 0.88 0.84 0.78 0.72 0.63 0.56 0.52 0.47 0.42 0.37 0.32 0.27 0.25 0.25 0.29 0.35 0.44 0.54 0.66
6.22 5.62 4.67 4.05 3.77 3.58 3.26 3.23 3.12 2.74 2.45 2.10 1.75 1.85 2.55 3.51 4.01 3.64 3.22 3.34 3.66 4.14 4.62 3.90 2.16 1.47 1.72 2.02 2.30 2.65 2.90 2.95 2.99 2.98 2.89 2.90 2.99 3.01 2.90 2.72 2.56 2.38 2.21 2.15 2.29 2.49 2.66 2.73 2.58 2.34 2.19 2.04 1.87 1.75 1.69 1.67 1.62 1.54 1.40 1.25 1.13 1.11 1.12 1.08 1.02 0.97 0.90 0.82 0.75 0.68 0.62 0.57 0.52 0.46 0.41 0.35 0.29 0.24 0.22 0.24 0.28 0.36 0.45 0.57
5.81 5.31 4.59 4.17 3.74 3.42 3.19 3.13 3.09 2.85 2.70 2.39 2.07 2.14 2.57 3.41 3.91 3.31 2.80 2.95 3.65 4.83 4.88 3.21 2.03 1.87 2.08 2.28 2.46 2.77 3.08 3.21 3.26 3.28 3.24 3.23 3.24 3.23 3.22 3.03 2.78 2.61 2.40 2.23 2.35 2.60 2.68 2.65 2.53 2.39 2.33 2.16 1.96 1.93 1.89 1.78 1.66 1.65 1.56 1.33 1.20 1.18 1.21 1.19 1.15 1.05 0.96 0.86 0.79 0.73 0.67 0.63 0.58 0.52 0.45 0.40 0.33 0.27 0.21 0.19 0.22 0.28 0.37 0.48
5.19 4.88 4.53 4.21 3.67 3.40 3.30 3.17 3.02 2.88 2.78 2.53 2.25 2.37 2.76 3.35 3.82 3.36 2.65 3.29 4.68 5.09 4.10 3.13 2.61 2.38 2.46 2.60 2.70 2.95 3.33 3.59 3.68 3.69 3.60 3.48 3.40 3.47 3.60 3.40 2.98 2.75 2.56 2.40 2.40 2.53 2.66 2.65 2.53 2.46 2.41 2.25 2.08 2.03 2.03 1.88 1.73 1.78 1.71 1.44 1.27 1.24 1.28 1.32 1.28 1.15 1.02 0.90 0.81 0.75 0.71 0.69 0.64 0.58 0.51 0.45 0.38 0.31 0.24 0.18 0.16 0.20 0.28 0.39
4.72 4.55 4.33 4.06 3.64 3.40 3.34 3.25 3.08 2.90 2.77 2.58 2.25 2.22 2.67 3.30 3.75 3.55 3.11 4.08 5.11 4.16 3.52 3.41 3.10 2.88 2.85 2.89 2.94 3.21 3.66 4.02 4.14 4.11 3.96 3.75 3.67 3.84 3.98 3.68 3.15 2.87 2.76 2.61 2.52 2.60 2.76 2.74 2.60 2.50 2.40 2.32 2.22 2.13 2.14 1.99 1.88 1.89 1.77 1.59 1.41 1.33 1.36 1.41 1.40 1.25 1.07 0.91 0.80 0.77 0.80 0.78 0.71 0.63 0.57 0.51 0.44 0.36 0.28 0.20 0.14 0.14 0.20 0.30
4.39 4.27 4.07 3.88 3.62 3.43 3.34 3.27 3.16 2.94 2.78 2.65 2.27 2.09 2.42 3.10 3.77 3.72 3.56 4.50 4.86 4.08 3.78 3.72 3.48 3.35 3.36 3.24 3.24 3.63 4.00 4.31 4.55 4.53 4.39 4.24 4.11 4.18 4.18 3.85 3.36 3.07 2.96 2.84 2.74 2.75 2.81 2.75 2.57 2.46 2.41 2.41 2.36 2.25 2.26 2.13 2.00 1.94 1.84 1.77 1.63 1.48 1.41 1.46 1.50 1.34 1.10 0.92 0.80 0.81 0.91 0.90 0.77 0.68 0.64 0.58 0.51 0.43 0.35 0.26 0.16 0.08 0.11 0.20
4.10 3.98 3.81 3.73 3.60 3.46 3.34 3.26 3.23 3.08 2.86 2.73 2.48 2.36 2.55 2.96 3.70 3.83 3.72 4.25 4.48 4.37 4.24 4.07 3.80 3.76 3.96 3.87 3.77 4.16 4.34 4.51 4.91 4.99 4.89 4.81 4.60 4.42 4.31 4.06 3.68 3.35 3.17 3.08 2.96 2.81 2.77 2.68 2.50 2.44 2.49 2.51 2.48 2.40 2.34 2.21 2.08 2.00 1.96 1.92 1.76 1.55 1.45 1.54 1.57 1.39 1.16 0.96 0.84 0.87 1.00 0.98 0.85 0.74 0.70 0.66 0.60 0.52 0.42 0.32 0.23 0.12 0.04 0.12
3.79 3.69 3.54 3.58 3.62 3.50 3.36 3.24 3.28 3.32 3.09 2.93 2.82 2.66 2.70 2.97 3.46 3.68 3.64 3.85 4.02 4.19 4.36 4.28 4.11 4.15 4.49 4.54 4.46 4.75 4.78 4.95 5.26 5.33 5.35 5.48 5.30 4.88 4.66 4.42 4.06 3.63 3.42 3.36 3.15 2.95 2.85 2.72 2.55 2.53 2.63 2.63 2.56 2.51 2.42 2.26 2.13 2.07 2.07 2.02 1.83 1.62 1.57 1.63 1.58 1.46 1.27 1.03 0.89 0.94 1.03 1.02 0.97 0.85 0.79 0.78 0.71 0.60 0.49 0.41 0.31 0.20 0.09 0.04
3.42 3.35 3.27 3.42 3.62 3.57 3.39 3.24 3.35 3.55 3.40 3.23 3.09 2.87 2.83 2.93 3.22 3.42 3.36 3.45 3.78 4.16 4.14 4.13 4.35 4.47 4.82 5.08 5.33 5.52 5.57 5.64 5.39 5.33 5.93 6.55 6.26 5.49 5.02 4.68 4.27 3.84 3.72 3.61 3.32 3.14 2.98 2.81 2.68 2.64 2.74 2.71 2.57 2.53 2.49 2.33 2.19 2.13 2.13 2.09 1.92 1.76 1.73 1.72 1.63 1.53 1.38 1.11 0.93 0.98 1.06 1.07 1.08 1.02 0.94 0.92 0.82 0.65 0.56 0.52 0.42 0.30 0.17 0.07
2.98 2.98 3.03 3.27 3.56 3.64 3.51 3.34 3.45 3.76 3.72 3.51 3.18 2.94 2.96 2.90 3.05 3.17 3.03 3.11 3.67 4.31 3.96 3.60 4.17 4.75 4.99 5.33 6.20 6.57 6.37 6.01 5.01 5.21 7.02 7.84 6.99 5.65 5.12 4.91 4.44 4.11 4.03 3.84 3.59 3.42 3.20 3.01 2.85 2.71 2.73 2.71 2.57 2.52 2.50 2.40 2.28 2.19 2.16 2.12 2.05 1.96 1.88 1.80 1.72 1.57 1.44 1.22 0.98 0.98 1.11 1.16 1.19 1.19 1.11 1.04 0.92 0.75 0.68 0.65 0.54 0.38 0.25 0.16
2.53 2.57 2.83 3.23 3.49 3.66 3.72 3.56 3.63 3.82 3.84 3.55 3.06 2.98 3.20 3.12 3.02 2.95 2.82 2.96 3.65 4.42 4.00 3.16 3.56 4.61 5.06 5.19 6.67 7.68 6.86 6.12 4.81 5.50 8.39 8.65 6.89 5.55 5.48 5.43 4.71 4.32 4.34 4.21 3.91 3.67 3.47 3.26 3.00 2.77 2.71 2.68 2.59 2.51 2.45 2.43 2.38 2.28 2.22 2.15 2.14 2.17 2.04 1.85 1.77 1.63 1.47 1.33 1.10 0.99 1.13 1.29 1.34 1.32 1.27 1.18 1.06 0.92 0.79 0.72 0.62 0.46 0.34 0.25
2.08 2.22 2.74 3.33 3.62 3.79 3.78 3.65 3.64 3.67 3.76 3.61 3.14 3.13 3.52 3.54 3.10 2.57 2.66 3.27 4.05 4.52 3.93 3.00 2.94 4.01 4.89 5.12 6.84 8.31 7.21 6.31 5.40 6.32 9.25 8.75 6.57 6.01 6.32 5.75 4.47 4.32 4.74 4.51 4.07 3.90 3.74 3.40 3.06 2.87 2.78 2.72 2.64 2.51 2.41 2.40 2.42 2.42 2.37 2.21 2.16 2.32 2.20 1.85 1.79 1.74 1.54 1.44 1.25 1.05 1.10 1.39 1.55 1.48 1.40 1.30 1.21 1.07 0.86 0.76 0.68 0.56 0.45 0.34
1.79 2.12 2.91 3.50 3.73 3.71 3.54 3.48 3.55 3.60 3.77 3.72 3.31 3.35 3.88 4.00 3.13 2.00 2.40 3.65 4.69 4.81 3.77 2.92 2.73 3.34 4.37 5.09 7.09 8.64 7.61 6.59 6.08 7.27 9.83 9.19 7.33 7.19 6.75 5.21 4.16 4.71 5.13 4.57 4.20 4.17 3.90 3.45 3.17 3.01 2.87 2.75 2.60 2.48 2.45 2.41 2.40 2.52 2.55 2.27 2.13 2.34 2.29 1.92 1.83 1.87 1.72 1.54 1.35 1.15 1.15 1.47 1.71 1.63 1.52 1.42 1.31 1.17 0.97 0.86 0.77 0.68 0.57 0.42
