windninja/windninja_output/Output_2025-08-24_1600-1650_Google earth_Fire_150m_10min/merlingen_7.5mi_point_08-24-2025_1620_150m_vel.asc
ncols	158
nrows	163
xllcorner	391686.332397
yllcorner	5160024.123721
cellsize	150.000000
NODATA_value	-32768.000000
[rows 74 to 110 of 163, columns 0 to 83 of 158]
1.69 1.49 1.16 0.96 0.91 0.87 0.80 0.76 0.73 0.71 0.73 0.77 0.80 0.81 0.82 0.83 0.84 0.86 0.88 0.91 0.97 1.04 1.09 1.11 1.08 1.05 1.07 1.13 1.21 1.28 1.29 1.25 1.22 1.16 1.07 0.99 0.95 0.93 0.94 0.97 0.99 1.00 1.01 1.02 1.03 1.04 1.05 1.06 1.07 1.08 1.09 1.10 1.12 1.13 1.14 1.15 1.16 1.17 1.19 1.20 1.22 1.23 1.25 1.27 1.28 1.29 1.31 1.34 1.37 1.38 1.37 1.31 1.24 1.24 1.36 1.52 1.62 1.57 1.52 1.65 2.14 2.92 3.32 2.59
2.02 1.76 1.33 1.04 0.91 0.87 0.79 0.73 0.72 0.69 0.69 0.71 0.74 0.77 0.78 0.80 0.83 0.87 0.88 0.88 0.89 0.91 0.95 0.99 0.99 0.98 0.99 1.03 1.14 1.25 1.28 1.27 1.24 1.19 1.11 1.02 0.96 0.94 0.94 0.95 0.97 0.99 1.00 1.01 1.02 1.03 1.04 1.04 1.06 1.07 1.08 1.09 1.10 1.11 1.13 1.14 1.15 1.17 1.19 1.20 1.22 1.24 1.26 1.27 1.29 1.31 1.34 1.37 1.39 1.40 1.39 1.38 1.38 1.42 1.50 1.62 1.65 1.60 1.66 1.96 2.67 3.12 2.69 1.43
2.37 2.09 1.60 1.21 0.99 0.89 0.77 0.68 0.65 0.64 0.65 0.67 0.69 0.72 0.75 0.76 0.79 0.82 0.85 0.87 0.88 0.89 0.92 0.95 0.95 0.92 0.90 0.93 1.02 1.16 1.26 1.25 1.19 1.13 1.04 0.97 0.93 0.92 0.92 0.93 0.94 0.96 0.98 0.99 0.99 1.00 1.02 1.03 1.04 1.05 1.06 1.08 1.09 1.10 1.12 1.14 1.15 1.17 1.18 1.20 1.22 1.24 1.26 1.28 1.30 1.33 1.36 1.39 1.40 1.41 1.43 1.45 1.49 1.52 1.56 1.61 1.60 1.61 1.81 2.27 2.73 2.50 1.59 0.52
2.71 2.40 1.90 1.51 1.19 0.97 0.78 0.65 0.59 0.56 0.58 0.62 0.66 0.70 0.72 0.72 0.74 0.78 0.81 0.84 0.86 0.88 0.90 0.93 0.95 0.94 0.90 0.87 0.88 0.97 1.13 1.21 1.19 1.16 1.13 1.04 0.97 0.93 0.90 0.90 0.93 0.95 0.96 0.97 0.98 0.99 0.99 1.00 1.01 1.02 1.04 1.05 1.07 1.09 1.11 1.12 1.14 1.16 1.18 1.20 1.21 1.24 1.26 1.28 1.31 1.34 1.37 1.39 1.41 1.44 1.47 1.50 1.53 1.55 1.57 1.58 1.58 1.60 1.81 2.21 2.27 1.58 0.70 0.33
3.11 2.60 2.09 1.95 1.56 1.09 0.78 0.60 0.51 0.48 0.51 0.58 0.64 0.69 0.72 0.71 0.72 0.74 0.78 0.81 0.84 0.86 0.87 0.89 0.93 0.99 0.98 0.91 0.86 0.88 1.02 1.20 1.27 1.28 1.26 1.19 1.08 1.00 0.93 0.88 0.89 0.92 0.94 0.96 0.96 0.97 0.97 0.98 0.98 1.00 1.01 1.03 1.05 1.07 1.10 1.11 1.13 1.15 1.17 1.19 1.21 1.23 1.26 1.29 1.31 1.34 1.37 1.39 1.43 1.46 1.49 1.51 1.53 1.55 1.57 1.60 1.60 1.63 1.79 1.98 1.73 0.99 0.62 0.64
3.38 2.79 2.25 2.49 2.07 1.32 0.76 0.49 0.42 0.39 0.44 0.55 0.64 0.70 0.73 0.73 0.72 0.73 0.75 0.78 0.82 0.84 0.85 0.85 0.87 0.96 1.05 1.04 0.96 0.92 0.98 1.14 1.27 1.30 1.28 1.24 1.19 1.12 1.03 0.91 0.85 0.86 0.89 0.91 0.92 0.92 0.92 0.93 0.94 0.95 0.97 1.00 1.03 1.05 1.08 1.10 1.12 1.14 1.16 1.18 1.20 1.23 1.26 1.28 1.31 1.34 1.37 1.40 1.44 1.47 1.49 1.51 1.54 1.57 1.60 1.63 1.65 1.69 1.77 1.76 1.36 0.95 1.00 1.24
3.23 2.85 2.52 2.52 2.41 1.75 0.75 0.47 0.46 0.42 0.45 0.56 0.66 0.72 0.75 0.75 0.73 0.73 0.73 0.75 0.79 0.82 0.83 0.82 0.81 0.88 1.00 1.07 1.05 0.98 0.96 1.05 1.19 1.33 1.39 1.32 1.24 1.20 1.16 1.06 0.91 0.83 0.82 0.83 0.84 0.85 0.86 0.86 0.85 0.87 0.91 0.96 1.00 1.03 1.06 1.08 1.11 1.13 1.15 1.18 1.20 1.22 1.25 1.28 1.31 1.34 1.37 1.40 1.44 1.47 1.50 1.52 1.55 1.59 1.63 1.66 1.69 1.71 1.74 1.62 1.36 1.32 1.47 1.58
2.88 2.57 2.20 2.19 2.27 2.03 1.41 1.04 0.84 0.69 0.61 0.63 0.71 0.76 0.77 0.75 0.73 0.73 0.72 0.72 0.76 0.80 0.82 0.81 0.78 0.81 0.90 0.99 1.04 1.02 0.98 1.01 1.10 1.24 1.40 1.45 1.35 1.26 1.25 1.22 1.10 0.96 0.88 0.82 0.76 0.72 0.71 0.71 0.70 0.70 0.76 0.87 0.96 1.02 1.05 1.07 1.09 1.11 1.14 1.16 1.19 1.21 1.24 1.27 1.30 1.33 1.37 1.40 1.44 1.47 1.49 1.53 1.57 1.61 1.65 1.69 1.72 1.75 1.76 1.70 1.65 1.69 1.69 1.64
2.94 2.45 1.99 2.03 2.01 1.90 1.67 1.43 1.17 0.97 0.80 0.75 0.78 0.81 0.82 0.79 0.74 0.74 0.72 0.70 0.72 0.76 0.79 0.78 0.76 0.79 0.86 0.92 0.99 1.01 0.97 0.93 0.93 0.98 1.13 1.32 1.39 1.32 1.26 1.26 1.24 1.18 1.11 1.06 0.99 0.92 0.88 0.88 0.90 0.87 0.83 0.84 0.89 0.96 1.02 1.06 1.09 1.11 1.13 1.15 1.17 1.20 1.23 1.26 1.29 1.32 1.36 1.39 1.42 1.46 1.49 1.54 1.58 1.63 1.67 1.71 1.75 1.78 1.80 1.79 1.78 1.75 1.73 1.81
3.11 2.54 2.12 2.18 2.06 1.86 1.63 1.44 1.29 1.10 0.91 0.83 0.84 0.86 0.87 0.83 0.78 0.76 0.74 0.69 0.68 0.71 0.75 0.74 0.71 0.78 0.88 0.92 0.96 1.00 0.98 0.95 0.92 0.91 0.95 1.05 1.18 1.25 1.24 1.22 1.22 1.23 1.24 1.28 1.32 1.33 1.33 1.33 1.34 1.34 1.27 1.12 1.02 1.01 1.03 1.04 1.06 1.08 1.11 1.13 1.16 1.18 1.22 1.25 1.28 1.31 1.35 1.38 1.42 1.46 1.50 1.54 1.59 1.63 1.68 1.73 1.77 1.81 1.83 1.83 1.78 1.76 1.87 2.26
3.01 2.68 2.29 2.29 2.24 1.99 1.63 1.38 1.29 1.14 0.99 0.90 0.89 0.93 0.93 0.88 0.83 0.82 0.78 0.71 0.68 0.67 0.70 0.72 0.66 0.69 0.83 0.91 0.94 0.99 1.02 1.02 1.02 1.02 1.01 1.00 1.02 1.07 1.10 1.12 1.13 1.14 1.15 1.16 1.19 1.21 1.22 1.20 1.19 1.24 1.29 1.28 1.20 1.10 1.04 1.03 1.05 1.06 1.08 1.11 1.14 1.17 1.20 1.23 1.27 1.30 1.33 1.37 1.41 1.45 1.49 1.54 1.59 1.63 1.69 1.75 1.79 1.84 1.88 1.90 1.91 1.97 2.17 2.67
3.01 2.77 2.39 2.29 2.31 2.08 1.65 1.43 1.36 1.20 1.05 0.96 0.95 0.99 1.02 0.99 0.92 0.90 0.85 0.78 0.71 0.65 0.63 0.65 0.61 0.59 0.70 0.83 0.90 0.94 1.00 1.05 1.07 1.12 1.18 1.17 1.13 1.09 1.03 1.00 1.00 1.03 1.05 1.04 1.02 1.00 0.97 0.93 0.89 0.89 0.95 1.02 1.05 1.04 1.01 1.00 1.01 1.04 1.06 1.09 1.12 1.15 1.18 1.21 1.25 1.28 1.32 1.36 1.40 1.44 1.48 1.53 1.58 1.64 1.70 1.76 1.81 1.86 1.93 2.01 2.11 2.29 2.59 3.15
3.34 3.00 2.47 2.31 2.32 2.15 1.75 1.56 1.50 1.30 1.11 1.02 1.02 1.03 1.08 1.08 1.03 1.01 0.96 0.88 0.79 0.68 0.62 0.58 0.52 0.53 0.65 0.79 0.88 0.91 0.94 1.01 1.04 1.10 1.26 1.37 1.38 1.36 1.25 1.08 0.95 0.92 0.99 1.04 1.05 1.02 0.98 0.94 0.87 0.79 0.76 0.80 0.88 0.93 0.95 0.95 0.96 0.99 1.01 1.05 1.09 1.13 1.16 1.20 1.24 1.27 1.31 1.35 1.39 1.43 1.47 1.52 1.58 1.63 1.69 1.75 1.81 1.90 2.00 2.13 2.31 2.60 3.06 3.71
3.82 3.24 2.58 2.37 2.25 2.19 1.94 1.75 1.70 1.51 1.20 1.08 1.09 1.05 1.13 1.16 1.13 1.17 1.14 1.04 0.91 0.77 0.72 0.61 0.44 0.50 0.70 0.85 0.94 0.97 0.95 0.97 0.97 0.96 1.07 1.26 1.41 1.53 1.56 1.44 1.19 0.99 0.94 1.00 1.07 1.08 1.05 1.01 0.95 0.83 0.74 0.74 0.78 0.82 0.85 0.86 0.88 0.91 0.96 1.01 1.05 1.09 1.14 1.18 1.22 1.25 1.29 1.33 1.37 1.41 1.46 1.51 1.57 1.62 1.69 1.75 1.83 1.93 2.06 2.20 2.40 2.71 3.17 3.75
4.18 3.46 2.66 2.39 2.16 2.16 2.17 2.05 1.93 1.78 1.41 1.19 1.15 1.09 1.17 1.26 1.27 1.35 1.35 1.26 1.06 0.91 0.89 0.73 0.51 0.55 0.73 0.89 0.99 1.04 1.04 1.02 0.99 0.93 0.91 0.96 1.08 1.30 1.52 1.60 1.49 1.26 1.05 1.00 1.08 1.16 1.17 1.11 1.04 0.97 0.86 0.78 0.75 0.79 0.83 0.84 0.83 0.83 0.85 0.91 1.00 1.07 1.12 1.16 1.20 1.24 1.27 1.31 1.35 1.39 1.44 1.49 1.55 1.61 1.67 1.75 1.85 1.95 2.07 2.19 2.37 2.61 2.93 3.43
4.13 3.54 2.74 2.39 2.16 2.09 2.20 2.26 2.16 2.09 1.82 1.39 1.21 1.18 1.21 1.29 1.41 1.53 1.57 1.48 1.24 1.07 1.00 0.82 0.65 0.67 0.78 0.93 1.02 1.08 1.11 1.11 1.08 1.05 1.01 0.94 0.88 0.97 1.21 1.43 1.48 1.38 1.20 1.06 1.04 1.13 1.23 1.24 1.15 1.06 1.00 0.92 0.88 0.89 0.94 0.97 0.93 0.84 0.76 0.81 0.94 1.04 1.10 1.15 1.18 1.22 1.25 1.29 1.33 1.37 1.42 1.47 1.53 1.58 1.66 1.74 1.83 1.93 2.04 2.16 2.33 2.51 2.70 2.99
3.89 3.43 2.82 2.48 2.22 2.01 2.02 2.20 2.28 2.39 2.26 1.67 1.31 1.29 1.29 1.31 1.49 1.72 1.87 1.76 1.40 1.13 1.01 0.90 0.81 0.79 0.87 0.99 1.07 1.13 1.16 1.16 1.14 1.11 1.13 1.11 0.96 0.90 1.03 1.30 1.44 1.36 1.23 1.09 1.00 1.03 1.15 1.26 1.25 1.12 1.02 0.97 0.95 0.95 0.99 1.03 1.04 0.98 0.91 0.90 0.96 1.03 1.09 1.13 1.16 1.19 1.23 1.26 1.30 1.35 1.39 1.45 1.50 1.57 1.64 1.72 1.80 1.89 1.99 2.12 2.28 2.44 2.57 2.76
3.69 3.33 2.96 2.83 2.59 2.17 1.95 2.08 2.34 2.65 2.63 2.06 1.62 1.53 1.51 1.54 1.65 1.88 2.17 2.14 1.51 1.03 0.97 1.03 0.96 0.92 0.98 1.07 1.13 1.18 1.21 1.21 1.19 1.14 1.16 1.20 1.13 1.01 0.97 1.16 1.45 1.48 1.33 1.15 1.02 0.98 1.05 1.18 1.24 1.18 1.03 0.92 0.88 0.89 0.97 1.08 1.18 1.25 1.28 1.21 1.10 1.06 1.07 1.11 1.14 1.17 1.20 1.24 1.28 1.32 1.36 1.42 1.47 1.53 1.61 1.68 1.77 1.86 1.97 2.09 2.22 2.36 2.53 2.76
3.35 3.15 3.03 3.14 3.18 2.85 2.50 2.53 2.86 3.32 3.24 2.52 2.03 1.84 1.72 1.71 1.78 2.00 2.46 2.56 1.84 0.97 0.95 1.07 1.02 1.00 1.07 1.14 1.19 1.24 1.26 1.27 1.26 1.19 1.16 1.21 1.20 1.13 1.02 1.01 1.25 1.53 1.54 1.33 1.10 0.98 0.99 1.09 1.18 1.17 1.01 0.84 0.76 0.75 0.83 1.00 1.19 1.29 1.34 1.31 1.19 1.10 1.07 1.08 1.11 1.13 1.17 1.20 1.24 1.29 1.33 1.38 1.44 1.50 1.56 1.64 1.72 1.81 1.92 2.04 2.16 2.29 2.46 2.66
2.90 2.79 2.76 2.96 3.20 3.18 3.00 2.95 3.16 3.74 4.07 3.59 3.06 2.90 2.80 2.72 2.53 2.54 2.82 2.92 2.40 1.31 1.15 1.14 1.08 1.08 1.15 1.22 1.27 1.31 1.33 1.35 1.33 1.22 1.16 1.20 1.22 1.19 1.13 1.02 1.03 1.34 1.65 1.58 1.28 1.08 1.01 1.06 1.18 1.21 1.08 0.84 0.67 0.67 0.69 0.73 0.84 0.92 1.00 1.08 1.10 1.07 1.04 1.04 1.07 1.10 1.13 1.17 1.21 1.25 1.29 1.35 1.40 1.46 1.53 1.59 1.67 1.76 1.86 1.96 2.08 2.21 2.35 2.51
2.53 2.51 2.48 2.60 2.80 2.78 2.59 2.33 2.22 2.85 3.82 4.02 3.82 3.66 3.60 3.55 3.39 3.22 3.36 3.28 2.63 2.05 1.70 1.42 1.23 1.19 1.23 1.29 1.36 1.41 1.45 1.49 1.44 1.25 1.15 1.19 1.24 1.23 1.19 1.09 0.98 1.11 1.56 1.81 1.62 1.38 1.21 1.16 1.23 1.29 1.26 1.03 0.72 0.69 0.68 0.60 0.58 0.66 0.77 0.88 0.94 0.96 0.97 1.00 1.03 1.06 1.09 1.12 1.16 1.21 1.26 1.30 1.35 1.41 1.47 1.55 1.62 1.71 1.80 1.89 2.00 2.11 2.24 2.38
2.15 2.30 2.41 2.47 2.66 2.53 2.14 1.63 1.27 1.67 2.52 3.02 2.91 2.48 2.42 2.79 3.28 3.59 3.94 3.43 2.69 2.56 2.11 1.64 1.33 1.25 1.28 1.35 1.42 1.51 1.64 1.70 1.60 1.36 1.17 1.19 1.26 1.26 1.22 1.12 0.96 0.92 1.25 1.72 1.86 1.78 1.61 1.46 1.42 1.42 1.44 1.31 0.96 0.79 0.74 0.67 0.63 0.65 0.71 0.79 0.86 0.89 0.92 0.95 0.97 1.01 1.05 1.09 1.13 1.17 1.21 1.25 1.31 1.37 1.42 1.49 1.56 1.64 1.73 1.82 1.92 2.03 2.13 2.25
1.66 2.05 2.39 2.50 2.74 2.67 2.26 1.65 1.17 1.16 1.62 2.07 2.04 1.94 2.04 2.60 3.05 3.86 4.33 3.21 2.69 2.79 2.44 1.86 1.39 1.23 1.25 1.36 1.43 1.52 1.76 1.88 1.79 1.54 1.29 1.25 1.30 1.29 1.25 1.16 0.98 0.81 0.93 1.32 1.65 1.80 1.84 1.78 1.68 1.62 1.57 1.48 1.21 0.95 0.85 0.77 0.68 0.65 0.65 0.70 0.78 0.83 0.86 0.88 0.91 0.95 1.00 1.05 1.08 1.12 1.16 1.20 1.25 1.30 1.37 1.43 1.50 1.58 1.66 1.75 1.84 1.94 2.03 2.13
1.34 1.83 2.32 2.43 2.72 2.85 2.61 2.13 1.64 1.37 1.46 1.46 1.43 1.79 2.15 2.69 3.19 3.96 4.39 3.59 3.03 2.99 2.95 2.27 1.48 1.17 1.20 1.35 1.46 1.56 1.77 1.91 1.90 1.73 1.49 1.37 1.36 1.34 1.27 1.18 1.04 0.83 0.77 1.02 1.29 1.45 1.62 1.72 1.69 1.62 1.55 1.50 1.34 1.08 0.95 0.89 0.76 0.66 0.62 0.62 0.65 0.71 0.76 0.80 0.85 0.91 0.95 0.98 1.01 1.05 1.10 1.15 1.20 1.25 1.30 1.36 1.44 1.51 1.59 1.67 1.76 1.85 1.94 2.03
1.18 1.64 2.19 2.23 2.44 2.71 2.66 2.46 2.19 1.84 1.61 1.38 1.28 1.58 2.22 2.84 3.40 3.76 3.46 3.53 3.48 3.37 3.47 2.70 1.60 1.18 1.27 1.41 1.55 1.71 1.85 1.90 1.92 1.86 1.67 1.55 1.51 1.44 1.31 1.19 1.08 0.89 0.75 0.89 1.13 1.24 1.38 1.57 1.63 1.59 1.50 1.47 1.40 1.20 1.05 1.00 0.94 0.80 0.69 0.66 0.63 0.62 0.64 0.67 0.74 0.80 0.85 0.90 0.95 1.00 1.05 1.10 1.14 1.19 1.24 1.30 1.37 1.43 1.51 1.59 1.67 1.76 1.84 1.93
1.22 1.65 2.10 2.12 2.21 2.28 2.24 2.37 2.35 2.10 1.90 1.66 1.43 1.58 2.22 3.03 3.46 3.19 2.82 2.99 3.43 3.75 3.77 3.09 1.92 1.52 1.55 1.59 1.69 1.87 1.99 1.99 1.97 1.93 1.81 1.73 1.68 1.60 1.43 1.24 1.10 0.95 0.79 0.80 1.05 1.26 1.38 1.53 1.62 1.61 1.56 1.48 1.44 1.37 1.21 1.10 1.06 0.97 0.81 0.73 0.72 0.70 0.67 0.63 0.62 0.66 0.74 0.83 0.90 0.96 0.99 1.02 1.06 1.11 1.17 1.23 1.29 1.36 1.44 1.51 1.59 1.68 1.76 1.84
1.53 1.83 2.18 2.25 2.22 2.17 2.15 2.24 2.28 2.15 2.09 1.89 1.66 1.78 2.21 2.92 3.41 2.98 2.50 2.63 3.14 3.73 3.77 2.93 2.18 1.91 1.86 1.84 1.86 2.01 2.15 2.18 2.13 2.04 1.93 1.85 1.80 1.75 1.64 1.38 1.13 1.00 0.83 0.73 0.93 1.24 1.40 1.49 1.56 1.61 1.62 1.54 1.46 1.46 1.40 1.27 1.18 1.13 0.99 0.81 0.78 0.82 0.82 0.75 0.68 0.64 0.68 0.75 0.81 0.86 0.91 0.95 1.00 1.05 1.10 1.15 1.22 1.28 1.35 1.43 1.51 1.59 1.67 1.76
1.86 2.03 2.32 2.40 2.28 2.22 2.24 2.26 2.23 2.17 2.15 2.00 1.81 1.96 2.34 2.86 3.36 3.06 2.45 2.79 3.47 3.72 3.42 2.92 2.48 2.21 2.12 2.09 2.06 2.16 2.35 2.43 2.39 2.27 2.10 1.94 1.86 1.86 1.85 1.59 1.21 1.04 0.90 0.75 0.81 1.10 1.36 1.45 1.47 1.54 1.62 1.60 1.50 1.46 1.46 1.38 1.30 1.29 1.20 0.98 0.82 0.81 0.87 0.88 0.81 0.73 0.69 0.69 0.72 0.77 0.82 0.87 0.92 0.97 1.02 1.07 1.14 1.20 1.28 1.35 1.43 1.51 1.59 1.67
2.15 2.25 2.42 2.48 2.38 2.31 2.32 2.32 2.28 2.21 2.15 2.05 1.85 1.90 2.35 2.92 3.33 3.22 2.86 3.29 3.87 3.42 3.16 3.10 2.81 2.55 2.40 2.31 2.24 2.34 2.57 2.71 2.68 2.55 2.34 2.11 1.99 2.01 2.01 1.76 1.35 1.11 0.98 0.83 0.76 0.94 1.25 1.41 1.44 1.49 1.57 1.61 1.58 1.53 1.52 1.43 1.36 1.37 1.34 1.23 1.02 0.91 0.92 0.95 0.91 0.82 0.74 0.71 0.70 0.69 0.71 0.75 0.81 0.87 0.93 0.98 1.04 1.11 1.19 1.26 1.35 1.43 1.51 1.59
2.44 2.46 2.51 2.53 2.48 2.44 2.41 2.39 2.36 2.26 2.17 2.08 1.83 1.69 1.95 2.53 3.15 3.18 3.04 3.67 4.07 3.59 3.36 3.32 3.09 2.93 2.83 2.61 2.46 2.61 2.79 2.91 2.97 2.85 2.65 2.42 2.22 2.17 2.11 1.87 1.51 1.24 1.09 0.95 0.82 0.82 1.04 1.26 1.37 1.47 1.54 1.60 1.60 1.56 1.60 1.55 1.46 1.43 1.40 1.37 1.25 1.10 1.04 1.04 1.02 0.93 0.83 0.77 0.74 0.72 0.69 0.66 0.68 0.74 0.80 0.86 0.94 1.02 1.10 1.17 1.25 1.33 1.42 1.50
2.65 2.61 2.59 2.61 2.59 2.54 2.50 2.46 2.43 2.37 2.23 2.11 1.91 1.76 1.85 2.19 2.86 3.05 3.04 3.57 3.87 3.83 3.77 3.61 3.35 3.28 3.36 3.15 2.88 3.00 3.02 3.05 3.22 3.17 2.98 2.80 2.52 2.32 2.19 1.99 1.69 1.41 1.22 1.09 0.94 0.83 0.88 1.03 1.19 1.39 1.53 1.59 1.61 1.56 1.55 1.58 1.57 1.54 1.49 1.42 1.32 1.20 1.11 1.11 1.12 1.06 0.95 0.88 0.86 0.85 0.82 0.73 0.62 0.58 0.59 0.67 0.78 0.89 0.99 1.08 1.17 1.26 1.35 1.43
2.78 2.71 2.66 2.72 2.76 2.68 2.59 2.52 2.52 2.56 2.41 2.24 2.12 1.96 1.97 2.19 2.63 2.88 2.96 3.23 3.43 3.63 3.85 3.81 3.65 3.63 3.83 3.74 3.50 3.53 3.38 3.35 3.41 3.38 3.30 3.23 2.96 2.57 2.35 2.13 1.86 1.55 1.36 1.25 1.07 0.90 0.82 0.85 0.96 1.22 1.48 1.59 1.64 1.66 1.58 1.51 1.53 1.58 1.60 1.53 1.41 1.29 1.19 1.14 1.13 1.11 1.04 0.98 0.95 0.94 0.92 0.89 0.78 0.61 0.55 0.60 0.70 0.76 0.84 0.95 1.08 1.19 1.27 1.35
2.86 2.76 2.68 2.81 2.95 2.89 2.74 2.61 2.63 2.78 2.67 2.49 2.33 2.15 2.11 2.19 2.48 2.71 2.76 2.91 3.22 3.55 3.58 3.67 3.87 3.93 4.14 4.26 4.28 4.19 3.98 3.81 3.50 3.39 3.69 3.88 3.51 2.89 2.51 2.25 1.96 1.65 1.50 1.38 1.17 1.01 0.86 0.76 0.77 0.96 1.30 1.51 1.62 1.75 1.78 1.64 1.53 1.55 1.62 1.65 1.54 1.40 1.32 1.25 1.19 1.16 1.11 1.01 0.98 1.00 0.98 0.96 0.95 0.88 0.79 0.74 0.72 0.72 0.77 0.89 1.04 1.12 1.19 1.26
2.82 2.77 2.74 2.89 3.07 3.09 2.95 2.77 2.78 2.99 2.97 2.78 2.56 2.40 2.37 2.28 2.42 2.57 2.53 2.64 3.13 3.66 3.38 3.16 3.72 4.20 4.34 4.54 5.05 5.03 4.58 4.12 3.33 3.38 4.35 4.62 3.91 2.99 2.57 2.37 2.03 1.77 1.65 1.48 1.29 1.14 0.97 0.79 0.69 0.76 1.05 1.31 1.44 1.64 1.83 1.86 1.73 1.62 1.63 1.69 1.67 1.52 1.39 1.35 1.31 1.25 1.20 1.09 0.99 1.03 1.10 1.05 1.00 0.98 0.90 0.81 0.75 0.77 0.85 0.93 1.01 1.05 1.12 1.18
2.68 2.69 2.79 3.00 3.12 3.19 3.19 3.00 2.97 3.14 3.25 3.04 2.69 2.63 2.73 2.58 2.48 2.47 2.44 2.57 3.08 3.69 3.37 2.73 3.14 4.05 4.40 4.47 5.47 5.94 5.02 4.33 3.30 3.59 5.17 5.12 3.90 2.96 2.77 2.62 2.14 1.86 1.79 1.64 1.43 1.25 1.10 0.90 0.68 0.63 0.86 1.14 1.29 1.42 1.64 1.86 1.92 1.81 1.73 1.73 1.80 1.76 1.54 1.40 1.38 1.31 1.26 1.21 1.06 1.03 1.14 1.18 1.07 0.98 0.94 0.89 0.83 0.81 0.83 0.85 0.90 0.98 1.05 1.10
2.52 2.55 2.78 3.06 3.13 3.19 3.22 3.18 3.15 3.19 3.36 3.28 2.88 2.85 3.07 2.98 2.59 2.29 2.48 2.95 3.43 3.72 3.28 2.57 2.54 3.46 4.22 4.39 5.53 6.40 5.41 4.61 3.80 4.14 5.81 5.32 3.79 3.21 3.15 2.74 2.01 1.86 1.99 1.80 1.53 1.37 1.23 1.02 0.76 0.58 0.67 0.97 1.22 1.34 1.46 1.68 1.91 1.97 1.87 1.79 1.87 1.99 1.83 1.55 1.49 1.41 1.27 1.24 1.17 1.06 1.08 1.20 1.20 1.08 1.01 0.96 0.90 0.81 0.73 0.73 0.79 0.90 0.96 1.01
2.37 2.47 2.80 3.05 3.10 3.13 3.09 3.15 3.23 3.26 3.43 3.42 3.05 3.04 3.36 3.33 2.61 1.93 2.44 3.41 4.09 4.01 3.12 2.45 2.26 2.73 3.66 4.32 5.74 6.73 5.78 4.88 4.38 4.92 6.34 5.68 4.18 3.78 3.36 2.45 1.83 2.04 2.18 1.84 1.60 1.49 1.31 1.11 0.89 0.64 0.53 0.73 1.07 1.32 1.44 1.55 1.77 2.00 2.00 1.80 1.80 2.05 2.08 1.82 1.68 1.61 1.38 1.22 1.18 1.14 1.13 1.24 1.31 1.22 1.08 0.96 0.87 0.79 0.71 0.68 0.71 0.81 0.86 0.89
