windninja/windninja_output/Output_2025-08-24_1600-1650_Google earth_Fire_150m_10min/merlingen_7.5mi_point_08-24-2025_1630_150m_ang.asc
ncols	158
nrows	163
xllcorner	391686.332397
yllcorner	5160024.123721
cellsize	150.000000
NODATA_value	-32768.000000
[rows 43 to 85 of 163, columns 0 to 95 of 158]
15 13 11 8 3 359 356 353 350 348 346 343 341 339 338 337 336 335 334 334 334 334 335 335 335 335 334 333 330 329 333 337 338 337 335 341 356 10 11 16 27 36 39 40 37 33 36 41 45 52 59 56 45 37 42 47 46 45 48 53 54 52 51 48 46 45 39 35 30 23 20 19 14 6 360 359 0 1 1 0 358 354 345 333 328 330 336 331 322 317 313 309 300 296 300 308
21 20 17 12 7 3 1 358 354 351 349 346 344 342 341 339 338 337 337 337 337 337 337 338 338 339 338 338 337 335 337 341 342 338 333 335 349 5 13 22 34 41 46 46 40 38 42 47 52 56 57 51 42 37 40 45 46 47 50 54 56 56 56 54 53 49 42 34 27 21 20 19 18 12 7 6 7 8 7 4 357 350 339 331 328 335 336 327 318 314 311 309 302 296 297 302
27 25 21 16 12 9 5 2 358 355 352 349 347 346 344 343 341 340 340 340 340 341 341 341 341 342 342 343 343 343 343 345 347 342 335 334 343 4 20 28 37 46 52 49 39 39 46 53 59 59 54 49 44 40 42 46 48 50 55 57 57 57 56 56 57 53 45 37 27 23 24 24 24 20 17 15 12 11 10 5 355 345 336 331 334 339 334 325 316 311 309 307 301 296 294 297
32 29 24 20 18 14 9 6 2 359 356 353 351 349 347 346 344 344 343 343 344 345 345 345 345 346 348 349 349 349 349 351 353 348 343 343 349 7 23 30 40 51 55 48 38 44 53 61 64 58 52 49 45 43 45 48 51 57 62 61 57 57 57 57 56 53 46 39 31 27 29 29 29 27 24 20 16 12 9 2 352 344 338 337 339 338 332 325 318 310 307 305 301 297 294 295
35 33 29 26 24 19 14 9 6 3 360 357 355 353 351 349 348 348 347 347 348 348 349 350 351 352 353 355 356 357 357 360 3 358 351 356 7 16 24 36 50 58 56 45 42 53 64 68 63 54 49 45 43 45 46 49 56 62 67 66 60 60 62 61 59 55 47 40 34 30 30 30 31 31 27 24 20 14 9 3 356 349 346 344 342 339 333 328 320 312 307 304 301 299 296 296
39 37 34 31 29 24 18 13 10 7 4 1 359 357 355 353 352 352 351 352 353 353 353 355 356 357 359 1 3 5 7 11 15 13 7 10 22 30 36 52 64 64 57 48 51 63 70 68 60 50 43 42 46 50 50 54 62 68 70 65 60 63 64 64 63 58 49 42 36 33 33 33 33 32 30 28 23 18 14 10 5 358 351 347 345 341 336 332 324 316 308 301 299 299 298 296
43 41 38 36 33 29 23 17 13 10 8 5 3 1 359 357 357 356 356 357 358 358 359 1 2 4 6 8 11 13 17 21 25 26 26 28 36 47 57 71 76 73 65 59 64 72 72 66 56 42 36 43 50 53 55 61 70 74 71 63 58 62 65 66 65 59 51 43 37 35 35 35 34 32 30 28 24 20 18 15 9 2 355 349 346 342 339 334 325 318 310 300 295 296 296 291
47 45 42 39 35 31 27 22 17 14 12 10 7 5 3 3 2 1 1 2 3 3 5 6 9 11 13 15 19 23 27 31 35 38 41 45 52 63 71 77 79 78 76 74 78 79 74 63 51 40 39 51 56 56 59 68 75 76 69 60 57 60 66 70 68 60 51 44 40 39 37 37 36 33 31 27 23 21 20 18 11 4 358 352 346 342 338 332 324 318 311 300 292 289 288 290
52 50 45 41 36 33 30 28 22 18 16 14 12 10 8 8 7 7 7 7 8 9 11 13 16 19 21 24 27 31 35 39 44 48 53 59 69 78 82 81 81 86 90 90 87 82 72 57 47 45 51 62 64 64 70 78 80 73 63 57 57 61 70 74 70 60 51 44 40 39 39 38 36 33 31 28 25 23 21 19 15 9 2 354 346 340 335 329 323 317 311 299 288 283 285 293
57 54 47 43 40 37 34 33 28 22 20 18 17 15 14 13 13 12 12 13 14 16 18 20 23 26 28 32 36 40 44 48 52 56 60 67 75 83 89 89 88 91 97 99 91 83 70 50 46 51 59 63 65 70 79 84 80 68 59 56 58 64 73 76 70 58 49 41 40 40 39 37 34 33 33 31 28 25 23 21 19 16 8 356 345 338 334 330 324 319 313 301 289 285 292 305
59 56 49 45 43 40 37 36 33 29 26 23 22 21 20 19 18 18 19 20 22 23 25 28 30 33 36 40 43 46 50 54 58 63 67 72 77 84 91 96 97 96 99 103 96 83 69 51 54 60 62 63 67 74 82 84 76 63 57 57 61 69 76 77 69 56 45 39 39 40 38 35 33 34 35 34 31 29 28 25 22 19 11 2 351 340 335 333 328 324 317 309 301 296 299 310
58 56 51 47 45 42 39 39 39 37 33 29 27 26 25 24 24 25 25 27 29 30 33 35 37 40 43 47 50 54 57 61 64 68 71 76 80 85 91 98 103 101 99 101 99 88 74 64 72 72 65 68 74 78 82 81 71 58 56 60 65 72 78 77 67 52 40 33 36 38 36 34 35 37 37 36 34 33 32 27 22 17 12 6 359 350 341 337 335 332 324 318 314 307 298 304
59 58 56 53 52 50 46 44 44 43 40 35 33 32 32 31 31 31 32 34 35 38 40 42 45 47 50 53 56 59 63 66 69 72 76 79 82 85 90 96 103 103 100 99 104 103 95 90 88 77 68 73 77 80 83 79 63 56 60 65 70 76 78 75 65 50 37 31 36 38 36 36 39 40 39 37 35 35 33 28 20 16 12 7 3 357 353 349 347 339 327 319 317 311 297 299
62 61 59 57 57 57 54 50 48 47 45 41 40 39 38 37 38 39 40 41 43 45 46 49 51 54 56 59 62 65 68 70 73 76 78 81 84 87 90 94 98 101 101 101 105 111 114 109 100 85 75 79 80 83 84 76 58 58 66 72 77 79 77 72 64 49 36 32 36 39 38 39 41 40 39 37 35 36 33 28 22 17 13 9 4 0 1 1 359 349 330 321 320 318 305 301
65 64 61 58 56 56 56 54 51 51 48 44 45 45 44 44 45 45 47 48 49 51 53 55 57 59 62 64 67 69 72 74 77 79 81 83 86 88 91 93 96 99 102 104 106 112 117 119 113 102 87 83 84 86 83 73 60 65 73 79 81 80 77 71 61 48 36 33 36 38 39 42 42 40 39 36 35 35 32 28 24 20 17 12 8 6 6 6 2 350 332 324 323 319 309 301
67 66 64 61 59 57 57 56 55 55 52 48 49 51 51 52 52 52 53 54 56 58 60 61 63 65 67 69 72 74 76 78 80 82 84 86 88 90 92 93 95 98 100 103 105 108 114 121 124 120 104 90 89 89 85 75 67 74 81 84 82 79 75 69 61 48 35 30 31 36 41 43 42 41 39 37 36 35 32 28 25 23 21 17 16 15 13 8 358 343 326 320 320 316 306 294
68 67 66 65 63 61 60 59 60 61 59 55 54 55 56 57 59 60 60 61 62 64 66 67 68 69 71 73 75 77 79 81 83 85 86 88 89 91 92 94 96 98 100 102 104 106 110 115 124 131 128 107 96 92 86 77 73 82 87 86 83 79 73 68 60 50 38 27 28 39 45 44 43 43 40 37 38 36 33 30 27 26 25 22 20 19 16 4 349 331 319 314 313 309 299 287
70 69 68 67 66 65 65 64 65 65 64 61 58 58 58 59 63 66 67 67 67 68 70 71 72 74 76 78 79 81 82 84 85 86 88 89 91 92 93 95 96 98 100 101 102 104 107 111 119 131 139 122 103 94 87 78 79 88 90 88 84 79 73 68 61 52 41 25 31 45 48 46 46 44 40 38 40 37 35 33 31 30 28 26 23 20 12 357 337 322 315 310 307 302 292 282
72 72 71 69 69 68 68 68 69 68 68 66 65 63 61 61 64 68 72 74 74 74 75 75 75 77 79 81 82 84 85 86 88 89 90 91 92 93 94 95 97 98 99 101 102 104 106 110 115 125 135 128 110 98 89 82 87 91 91 88 84 79 75 70 62 54 41 26 38 50 50 48 48 46 42 40 41 38 36 34 34 33 32 30 27 19 3 345 327 317 313 309 303 295 289 280
74 74 73 72 71 70 70 71 71 71 72 72 72 71 68 65 65 68 73 77 79 80 79 79 80 81 83 84 85 86 87 88 89 91 92 92 93 94 95 97 98 99 100 101 102 104 106 108 112 118 127 129 116 105 95 90 92 93 91 89 86 82 78 71 63 55 40 32 46 52 50 50 51 47 42 42 41 39 36 35 35 35 36 34 29 17 352 333 321 315 311 305 296 290 285 276
77 77 76 76 75 74 74 73 73 74 75 76 78 78 75 72 69 70 72 76 80 83 83 83 83 84 85 87 88 89 90 91 92 92 93 94 95 96 96 97 98 99 100 101 102 104 105 107 110 114 121 126 119 111 106 97 94 94 93 91 88 84 77 69 64 58 44 45 54 54 53 53 52 47 43 41 39 38 36 35 36 37 36 34 27 7 339 325 317 311 306 299 293 287 279 267
79 79 79 79 79 79 79 77 77 76 77 80 82 82 81 80 76 73 73 75 79 83 86 87 87 87 87 89 90 91 92 93 93 94 95 95 96 97 98 98 99 100 100 101 102 103 105 106 107 110 116 121 120 115 115 106 96 94 95 95 93 83 70 65 69 65 58 61 60 56 54 54 53 48 41 39 39 36 34 34 36 37 36 32 19 352 331 320 313 307 304 299 294 284 271 246
79 79 79 80 80 81 81 80 80 80 80 83 85 86 85 86 84 80 76 75 78 81 85 89 90 90 90 91 92 93 94 95 95 96 96 97 97 98 98 99 99 100 101 101 102 103 104 105 107 109 112 116 118 116 118 116 103 95 95 95 90 70 62 68 73 72 70 67 62 57 56 56 55 49 42 39 37 34 32 35 37 38 35 28 11 343 326 317 312 309 306 301 292 276 245 204
76 76 77 79 81 82 81 80 80 82 84 85 86 89 89 88 88 87 83 80 79 80 83 87 91 93 93 93 93 94 95 96 96 97 98 98 99 99 99 100 100 101 101 102 103 103 104 105 106 107 109 112 114 114 117 120 112 100 93 89 79 63 71 77 76 73 71 67 62 60 58 57 56 49 42 37 35 33 32 34 37 35 28 18 1 340 326 318 314 312 310 305 290 242 192 182
74 73 74 75 79 84 83 80 80 82 86 87 86 89 92 92 90 91 90 87 84 81 81 85 89 92 93 94 95 96 97 98 98 99 99 99 100 100 100 101 101 101 102 102 102 103 104 104 105 106 107 109 110 111 114 116 114 106 95 87 81 81 87 85 80 75 70 65 63 63 61 60 58 49 41 36 34 32 30 32 31 27 19 9 356 339 325 321 319 317 320 323 284 160 164 171
77 77 75 74 76 80 81 77 79 84 87 88 88 88 90 92 92 93 95 93 89 86 85 84 85 86 89 93 97 99 99 100 100 100 101 101 101 101 101 102 102 102 102 103 103 103 104 104 105 105 106 107 107 108 110 111 110 107 101 93 92 99 99 94 86 77 69 65 65 64 63 61 58 50 39 35 33 30 28 29 28 24 18 11 358 338 327 327 328 333 344 36 104 127 141 153
87 88 86 82 81 79 77 75 79 83 86 86 86 87 88 89 92 93 95 95 94 93 91 89 85 81 83 89 96 99 102 103 102 102 102 102 102 102 103 103 103 103 103 103 103 103 104 104 104 105 105 106 106 107 107 107 106 105 103 99 99 103 104 100 92 82 75 71 68 64 60 59 58 49 38 37 35 31 27 29 30 28 27 22 3 343 335 338 345 357 30 66 82 88 92 97
90 93 96 95 92 86 82 84 87 87 86 85 84 84 85 87 88 90 93 95 96 96 95 94 90 82 82 87 93 97 101 104 105 105 104 103 103 103 103 103 103 103 104 104 104 104 104 104 104 105 105 105 105 105 105 105 104 103 102 101 101 102 103 101 96 91 86 81 74 65 58 60 59 48 39 39 37 33 29 31 34 35 35 27 6 350 347 354 6 25 46 56 56 56 40 37
89 92 97 98 97 93 92 97 98 93 88 88 88 87 86 87 88 88 90 93 95 96 96 96 95 91 87 87 90 94 98 102 105 106 106 105 105 105 104 104 104 104 104 104 104 104 104 104 104 104 105 105 105 105 105 104 104 103 102 101 101 101 100 99 98 97 95 90 83 73 66 66 62 49 40 40 39 35 32 34 38 40 38 28 12 0 0 10 26 40 45 46 41 33 17 4
90 92 95 97 97 96 97 101 102 96 90 91 93 93 92 92 92 92 91 91 93 95 97 98 100 101 95 90 88 91 95 98 101 106 108 107 107 106 105 105 105 105 105 105 104 104 104 104 105 105 105 105 105 104 104 104 103 103 102 101 100 100 99 98 98 97 95 93 89 85 82 77 67 51 43 42 41 38 33 36 40 41 38 29 18 11 14 25 37 41 39 39 41 31 2 334
91 93 96 97 98 98 99 101 101 97 94 94 96 96 96 96 97 97 96 95 95 96 97 99 102 104 101 94 90 90 92 94 97 102 107 109 108 107 107 106 106 105 105 105 105 105 105 105 105 105 105 105 104 104 104 104 103 103 102 101 101 100 99 97 96 95 94 91 89 89 88 84 74 58 49 47 45 42 35 35 40 42 39 32 24 22 27 34 37 36 33 33 36 20 339 323
91 94 97 99 99 100 100 101 100 99 99 98 98 98 99 100 100 100 100 100 99 98 98 98 101 105 103 98 93 91 91 94 96 100 105 108 108 108 108 108 107 106 106 105 105 105 105 105 105 105 105 105 105 105 104 104 103 103 102 101 101 100 99 97 96 94 93 91 90 89 87 84 77 65 55 52 48 43 36 35 42 44 41 34 29 31 34 35 35 33 27 23 14 339 327 319
91 93 97 100 101 101 102 102 101 102 102 101 100 100 101 102 102 101 102 102 102 101 100 99 101 104 104 101 97 94 93 95 96 97 100 104 107 108 109 109 108 107 106 106 106 105 105 105 105 105 105 105 105 105 105 104 104 103 103 102 101 100 99 98 97 95 93 91 90 87 85 81 76 68 63 59 51 42 35 38 46 47 43 37 35 34 34 34 33 33 25 16 350 324 318 313
90 91 95 100 103 104 105 105 104 104 104 104 104 103 104 104 104 103 103 103 103 103 102 101 102 103 103 103 102 98 94 94 94 94 96 101 105 108 109 109 109 108 107 106 106 106 105 105 105 106 106 105 106 105 105 105 104 104 103 102 101 100 99 98 97 95 94 92 90 87 84 81 76 74 72 66 55 40 36 44 52 50 45 41 40 39 39 40 39 37 25 2 333 317 311 309
91 90 91 95 102 106 107 107 107 108 108 108 107 106 106 106 106 106 105 105 104 104 104 104 103 102 103 105 105 102 96 92 92 94 96 101 105 107 109 110 110 109 107 106 106 106 106 106 106 106 106 106 106 106 106 105 105 104 104 103 102 101 100 99 98 96 95 93 91 88 85 82 79 77 74 69 57 43 41 51 55 49 45 44 44 46 47 46 43 25 359 342 327 316 311 310
92 88 82 88 100 107 109 111 112 114 114 112 110 108 107 108 108 108 107 106 106 105 105 105 104 101 102 104 107 106 100 95 95 96 97 100 103 105 107 110 111 110 107 107 106 106 105 105 106 106 106 107 107 107 106 106 105 105 104 104 103 102 101 100 98 97 95 93 91 89 87 84 81 78 73 68 59 48 44 53 53 44 41 42 42 43 43 38 17 357 342 332 323 316 314 313
89 83 73 80 94 108 115 117 118 121 120 116 112 110 109 110 109 109 108 107 106 106 106 106 107 105 103 104 106 108 106 101 98 97 98 99 101 102 103 107 111 110 108 106 105 105 105 105 105 106 107 108 108 107 107 107 106 106 105 104 103 103 102 101 99 98 96 95 93 90 88 85 82 78 73 67 60 52 48 54 50 40 37 37 36 35 33 21 1 344 333 325 319 316 315 315
84 80 78 83 95 111 126 127 125 127 125 119 114 112 110 110 110 109 109 108 108 107 106 108 111 109 105 104 105 108 110 107 103 100 98 99 100 100 101 103 108 109 106 105 104 104 103 103 104 107 108 109 109 109 108 108 107 106 106 105 104 103 102 101 100 99 97 95 94 91 89 86 83 79 74 69 62 55 50 50 42 35 34 34 33 31 24 7 351 338 329 322 316 315 314 313
83 83 87 96 106 115 130 136 132 131 128 122 115 111 110 110 109 109 109 110 109 108 108 109 113 111 107 106 105 108 111 111 108 105 100 97 98 100 100 100 103 105 104 102 102 102 102 101 101 105 110 112 112 110 109 109 108 107 106 105 105 104 103 102 101 100 98 97 95 93 91 88 84 80 76 71 65 57 51 45 34 31 33 33 32 28 17 359 346 336 327 321 316 314 313 311
96 95 101 110 115 116 121 129 131 129 127 120 114 111 109 109 108 108 109 110 109 109 109 110 113 112 110 109 108 108 110 110 109 106 101 97 97 99 100 100 101 102 103 103 103 104 105 105 105 107 112 114 114 113 111 110 108 108 107 106 106 105 104 103 102 101 99 98 96 94 92 89 85 82 77 72 66 60 52 42 29 27 32 35 35 26 10 354 343 334 327 321 316 315 314 311
102 109 115 115 113 108 108 114 116 116 116 114 111 108 106 106 106 106 107 109 110 110 110 111 115 115 112 111 110 108 108 108 107 105 102 99 97 98 100 101 101 103 106 107 108 109 111 113 113 113 114 116 117 116 113 111 109 108 107 107 106 106 105 104 103 102 100 99 97 95 93 90 87 84 80 75 69 62 53 43 28 23 28 31 33 23 5 350 339 330 324 320 316 314 313 310
97 102 109 105 99 97 98 96 96 99 105 108 107 104 103 104 104 104 106 108 110 111 111 112 117 119 115 112 110 109 108 107 106 103 101 100 99 99 100 100 103 105 107 108 108 108 110 112 112 112 112 113 115 116 114 111 109 109 108 108 107 107 106 105 104 103 101 100 98 96 94 92 89 86 81 76 71 65 56 45 27 20 22 24 28 19 4 350 336 327 321 317 314 311 309 307
90 90 91 91 89 86 82 81 87 96 103 105 104 102 101 101 102 102 104 106 108 110 112 114 117 120 116 112 110 110 109 107 106 104 101 100 100 100 100 103 105 107 107 106 106 105 106 106 108 109 109 108 108 109 111 110 109 109 108 108 108 108 107 106 105 104 102 101 99 98 95 93 90 87 83 79 74 67 58 45 27 18 19 25 28 17 3 350 337 328 321 317 314 311 309 308
