windninja/windninja_output/Output_2025-08-24_1600-1650_Google earth_Fire_150m_10min/merlingen_7.5mi_point_08-24-2025_1640_150m_ang.asc
ncols	158
nrows	163
xllcorner	391686.332397
yllcorner	5160024.123721
cellsize	150.000000
NODATA_value	-32768.000000
[rows 0 to 43 of 163, columns 0 to 95 of 158]
323 320 319 320 321 323 325 324 321 322 322 320 312 294 284 286 290 293 298 306 316 319 315 313 314 315 314 310 308 310 310 307 305 303 302 303 306 303 301 302 302 302 303 302 304 307 308 310 313 316 319 320 321 323 323 320 317 314 313 314 316 315 313 312 311 311 310 310 312 314 315 314 311 308 307 309 309 306 305 307 307 304 300 299 299 296 293 289 287 285 281 280 280 276 271 267
325 322 319 320 320 321 323 322 318 318 320 323 323 312 303 300 303 307 309 312 319 322 319 316 315 316 316 314 311 310 309 308 307 307 306 306 308 309 308 309 308 307 309 309 310 313 314 315 316 316 317 317 317 318 319 318 317 315 314 314 315 315 314 313 313 312 311 310 311 313 315 314 313 311 310 310 309 307 307 308 308 305 301 299 298 298 298 294 290 288 285 284 283 281 278 276
327 323 321 322 320 320 322 320 317 318 323 330 335 328 319 314 315 318 317 317 321 325 324 321 317 317 318 317 314 311 309 309 309 310 310 310 312 314 315 315 315 315 315 315 316 318 319 319 320 318 316 316 315 314 315 317 317 317 316 315 316 316 316 315 315 315 312 310 309 311 314 314 313 312 311 311 311 308 308 310 310 306 303 302 299 302 305 302 296 294 293 292 292 292 292 291
324 322 322 323 322 324 326 324 324 326 330 337 338 330 323 316 317 320 319 319 322 323 325 325 321 320 322 321 321 319 316 314 312 312 313 314 314 313 314 316 318 319 318 317 319 320 320 321 322 322 321 320 319 317 317 317 316 315 315 315 316 317 316 315 315 315 313 310 308 310 313 313 311 310 310 311 311 308 306 309 312 307 304 305 301 303 309 309 305 303 302 301 301 302 302 302
320 320 322 323 323 325 325 324 324 328 334 340 339 331 322 316 315 317 318 318 319 320 324 327 323 323 325 327 328 326 324 321 318 317 317 316 315 315 316 318 320 321 320 320 320 320 320 321 321 321 321 321 319 317 317 316 315 314 314 314 314 315 315 314 314 314 313 309 307 309 312 311 309 309 309 308 307 305 305 307 310 307 303 305 302 302 309 312 310 310 308 307 309 311 312 313
317 318 320 323 323 324 324 321 322 327 334 338 338 330 319 314 313 313 314 313 313 315 320 325 323 321 323 325 327 327 327 325 322 322 322 320 319 319 320 321 322 321 319 319 319 318 318 319 318 319 320 319 317 315 314 314 314 314 314 314 314 315 315 314 314 314 313 309 307 310 311 309 308 310 311 309 307 306 306 306 306 305 303 304 302 301 305 310 309 311 311 311 313 317 316 316
316 316 317 320 321 323 322 321 323 328 331 334 336 328 317 314 313 313 315 316 314 313 316 321 320 319 319 321 323 325 325 323 321 323 324 323 322 322 321 321 321 320 317 316 316 315 316 316 316 317 319 318 316 315 313 312 312 313 313 314 315 317 317 315 314 314 313 309 308 311 313 310 310 312 313 311 309 307 309 307 304 306 306 304 302 299 301 305 307 309 308 307 308 311 312 311
316 316 316 317 317 318 318 319 322 326 329 332 334 328 318 314 315 315 316 318 316 314 315 318 320 320 319 318 320 322 320 318 318 320 320 320 320 320 319 318 317 316 314 313 312 312 313 313 314 316 317 316 316 316 313 312 312 312 314 315 316 319 319 317 315 313 312 310 309 312 313 311 310 313 313 311 307 306 309 308 302 304 308 307 305 303 303 305 307 308 306 304 303 304 307 309
316 315 315 316 315 314 314 316 320 324 326 329 331 328 320 316 316 316 316 317 316 315 316 319 321 323 321 318 319 320 316 314 316 316 314 313 314 314 313 312 311 309 309 309 310 310 311 310 311 315 315 313 314 314 311 311 313 313 314 314 314 315 316 316 313 311 311 311 310 312 311 307 307 309 310 309 305 304 308 306 301 303 309 311 310 310 310 310 313 315 315 312 310 311 312 310
315 315 315 316 316 315 315 317 320 323 324 326 328 326 319 316 316 316 317 318 317 316 316 320 323 324 323 320 321 320 315 314 315 314 311 309 309 309 308 307 307 307 307 308 307 308 309 308 310 314 313 311 312 312 309 309 310 310 309 308 307 307 310 310 308 308 309 310 310 309 306 304 304 306 307 306 303 304 309 308 305 305 309 312 310 310 311 312 316 320 320 318 316 317 315 307
315 315 314 315 317 317 317 319 320 322 323 324 326 325 319 314 314 315 317 318 317 318 318 320 324 326 327 324 321 319 314 312 312 309 307 306 306 307 306 307 307 307 306 306 305 304 306 306 305 308 307 307 309 307 304 302 301 300 298 297 297 298 302 305 304 304 304 305 307 306 302 303 305 307 306 304 301 304 311 311 309 308 309 310 308 309 309 307 310 316 315 312 312 315 311 304
315 315 315 316 317 318 318 319 320 322 322 323 325 325 320 314 313 314 315 315 315 316 316 319 323 325 328 323 317 314 309 306 306 305 303 302 302 304 306 306 306 305 304 305 303 301 301 299 295 295 296 297 296 294 291 289 288 287 286 284 283 284 290 297 298 298 297 298 302 304 303 303 305 309 311 310 310 311 314 314 311 309 310 312 312 314 311 305 307 314 310 304 305 311 307 302
315 315 315 316 317 318 318 318 319 320 321 322 324 324 319 312 310 312 313 313 313 313 313 315 317 319 322 318 312 309 307 306 305 304 303 300 301 303 304 304 304 303 304 304 301 298 295 289 284 285 286 285 283 280 280 281 280 278 274 271 272 276 282 288 290 290 290 293 302 306 304 303 304 310 316 316 316 315 316 317 314 311 311 311 312 314 311 305 308 316 309 300 300 306 303 296
315 314 315 316 317 318 318 318 319 319 320 321 323 324 318 309 306 309 310 310 311 310 308 307 308 312 315 314 311 309 306 304 303 303 303 301 302 302 301 302 301 298 295 292 288 284 283 281 281 282 282 283 281 277 276 278 279 276 271 271 276 283 287 290 291 288 287 291 301 306 305 303 305 310 315 313 311 309 310 312 312 311 310 307 306 309 307 301 302 308 304 295 293 295 293 288
315 315 315 316 316 317 318 318 318 319 320 320 323 325 321 312 308 308 309 307 306 305 303 302 304 308 312 312 310 308 304 302 302 303 304 303 301 299 296 293 288 279 272 273 275 274 277 285 288 286 287 290 290 286 286 287 289 289 287 286 289 293 298 300 298 294 295 295 299 305 308 306 305 307 310 308 305 302 300 302 306 307 305 302 300 300 299 294 291 293 292 285 280 280 282 281
314 314 315 316 316 316 317 317 318 318 319 320 322 325 323 315 311 311 310 307 304 305 305 305 305 307 311 312 310 309 307 306 307 306 302 297 291 286 281 275 271 269 272 279 285 286 288 292 292 291 295 301 304 303 302 302 303 306 304 298 297 300 303 306 303 300 302 302 302 308 310 305 301 302 305 306 303 299 298 300 303 303 299 295 293 290 287 283 280 279 280 278 275 276 278 280
314 315 315 315 316 317 317 317 317 318 318 319 320 322 321 314 310 311 311 310 307 307 307 307 306 307 310 312 311 311 308 306 304 298 287 280 278 276 275 276 280 287 292 293 296 297 297 298 299 299 302 307 310 308 307 305 305 310 312 305 301 302 304 308 305 301 302 304 305 309 310 304 299 301 305 305 304 303 302 301 300 297 293 288 283 279 274 270 273 280 283 282 279 278 279 280
314 315 315 316 316 317 317 317 318 318 318 318 318 319 317 311 307 307 309 309 307 306 306 305 304 304 306 309 308 306 303 298 292 285 281 282 285 288 290 293 296 298 297 296 297 299 300 303 306 306 305 307 307 306 305 304 305 310 314 309 304 303 305 308 306 302 302 304 306 306 308 309 304 304 306 305 307 305 299 294 290 288 285 279 273 271 270 271 278 287 291 286 282 281 281 280
315 315 315 316 316 317 317 317 317 317 317 317 317 316 315 311 306 304 303 302 302 302 303 302 300 300 301 303 302 298 294 290 288 288 290 290 292 294 296 295 296 297 296 297 297 298 301 305 306 305 304 304 304 304 305 306 306 308 311 309 304 303 305 307 306 304 301 302 304 304 308 313 310 307 307 305 302 296 286 279 279 279 279 278 277 276 278 280 283 289 294 291 285 284 283 281
315 315 315 316 316 317 317 317 317 317 317 316 316 315 313 310 305 302 301 300 301 302 302 301 300 300 300 300 299 296 293 291 290 288 287 288 291 295 299 299 300 301 300 301 301 301 304 306 304 301 301 303 304 306 307 308 308 307 307 306 303 299 301 304 304 302 300 300 304 307 311 315 312 309 310 307 299 287 280 278 280 282 286 290 288 284 283 283 283 287 296 299 290 286 285 283
315 315 315 316 316 317 317 316 316 316 316 315 315 314 313 310 307 305 303 303 304 304 304 303 302 301 300 299 299 298 297 297 295 293 295 298 299 303 307 306 305 304 302 302 303 303 303 304 304 302 301 303 306 307 307 306 306 306 305 304 302 298 300 303 303 302 303 304 307 309 313 314 309 307 309 312 308 297 291 288 289 291 292 295 295 289 285 283 283 287 296 303 292 286 286 287
315 315 316 316 316 316 316 316 316 316 316 314 314 313 312 311 309 307 306 305 305 305 305 304 303 301 300 299 299 299 301 303 302 303 305 306 305 306 308 306 305 303 302 302 302 301 301 303 306 306 304 305 306 307 306 305 305 305 304 303 302 299 299 303 304 305 307 308 308 309 310 309 305 303 306 314 316 307 298 294 294 293 292 295 298 293 288 285 286 290 297 306 297 288 289 291
315 315 316 316 316 317 317 316 316 316 316 315 314 313 312 311 310 309 307 306 306 306 305 304 303 302 301 300 300 300 303 307 307 304 304 302 301 301 302 302 303 303 303 302 300 301 305 307 308 307 305 305 305 305 307 307 306 306 305 303 301 299 299 303 306 309 311 310 308 307 307 306 302 301 307 316 320 312 304 298 295 294 293 295 300 298 295 292 290 292 298 308 300 290 290 292
315 315 316 316 317 317 316 316 315 315 315 315 314 313 312 311 310 309 307 307 307 306 305 305 304 302 301 299 297 297 302 306 304 300 297 296 294 294 297 300 303 304 303 302 302 306 309 308 307 307 304 304 305 306 308 309 307 306 307 305 301 298 298 303 309 312 312 309 305 303 301 301 300 302 308 317 320 313 306 300 294 294 294 295 299 301 301 296 291 291 297 307 298 289 288 291
316 316 316 316 316 316 316 316 315 314 315 314 313 312 312 311 310 309 307 307 306 306 306 305 305 302 299 295 292 295 300 302 300 297 295 294 294 294 297 301 304 304 305 305 306 308 309 306 306 306 304 304 305 306 308 309 308 307 308 306 301 298 300 304 308 309 306 302 296 293 293 297 301 304 310 315 314 310 306 302 297 296 296 295 297 300 302 296 291 290 296 305 296 290 288 290
316 316 316 316 316 317 317 316 315 314 314 314 313 312 311 311 309 308 307 307 306 305 305 305 305 304 301 297 295 296 298 299 299 299 298 297 296 295 298 302 304 306 307 306 306 308 307 305 306 306 305 304 303 304 306 310 311 309 306 304 301 302 304 306 309 308 304 299 291 288 292 299 303 306 311 315 307 305 308 308 304 301 301 299 297 300 303 299 293 292 299 310 299 291 290 290
316 316 316 316 316 317 317 315 314 314 314 313 312 311 310 309 308 308 307 306 305 305 305 306 306 307 306 300 297 297 298 298 298 299 298 298 298 297 300 305 307 308 308 306 306 310 309 307 307 308 308 305 304 304 307 313 315 309 306 306 305 304 305 306 307 306 305 302 295 293 297 301 305 307 315 319 305 301 308 312 308 304 303 302 299 300 305 301 293 293 302 313 304 294 291 290
317 317 317 317 317 317 316 315 314 314 313 312 311 310 309 308 307 307 306 306 305 305 306 307 308 312 311 303 301 302 301 299 299 299 298 298 298 297 299 306 309 308 309 308 310 314 314 312 310 311 312 310 308 308 311 318 322 314 310 310 307 304 303 302 300 299 301 302 299 298 298 301 305 308 316 321 306 299 305 312 310 306 305 303 299 298 300 297 291 291 299 311 308 297 292 291
318 317 317 317 317 317 316 315 314 313 312 311 310 309 309 308 307 306 306 306 306 306 307 308 310 315 315 309 308 309 305 303 304 303 303 306 306 302 303 310 313 312 313 312 314 317 317 315 312 313 317 314 312 311 313 323 328 317 310 309 307 304 303 303 300 299 302 304 301 300 299 302 306 309 315 318 306 296 297 306 310 310 306 301 296 292 291 291 288 287 293 304 309 302 297 295
318 318 317 317 317 316 316 314 314 313 312 311 310 309 308 308 307 306 306 306 306 306 306 308 310 315 315 311 310 312 309 306 307 308 311 318 318 311 309 314 317 317 319 317 318 320 319 318 316 318 322 319 315 313 315 326 329 316 307 304 304 303 302 300 299 298 304 305 300 299 300 302 304 307 314 316 307 296 291 297 307 312 307 298 292 289 290 292 290 287 287 294 303 303 299 296
319 319 318 318 317 316 315 315 313 312 311 310 309 308 307 307 306 306 306 305 305 305 306 307 310 313 313 309 308 307 303 302 306 310 316 324 324 315 312 315 318 318 320 319 319 322 320 318 315 317 321 318 314 312 313 324 324 312 303 299 299 300 296 291 292 297 305 304 296 295 297 296 296 302 314 316 311 300 292 294 303 311 308 300 296 296 296 295 291 286 282 284 290 296 295 293
319 319 319 319 317 316 316 315 313 312 311 309 308 307 306 306 305 305 305 304 304 305 306 308 310 312 312 310 309 307 301 301 305 307 314 325 324 314 311 314 315 315 315 314 315 318 315 311 308 307 309 309 308 306 308 320 318 307 300 295 295 300 297 289 290 298 307 304 294 292 293 293 295 305 315 316 313 304 295 294 301 310 309 303 299 298 295 291 286 281 278 276 278 285 291 292
319 320 320 319 316 316 317 315 313 312 311 309 308 307 306 305 305 304 304 304 304 305 307 308 309 311 312 313 317 316 311 308 307 303 306 319 320 311 308 309 309 309 310 308 310 311 308 305 302 301 301 301 302 302 304 314 315 307 299 294 293 300 304 296 293 299 309 307 296 291 294 299 303 311 317 318 316 308 298 293 297 305 304 302 299 295 291 287 283 279 277 275 274 279 288 295
321 321 321 319 316 316 316 314 312 311 310 308 307 306 305 305 304 304 304 304 304 305 307 308 309 311 313 315 319 317 311 307 305 301 302 314 318 310 306 307 305 307 308 306 306 305 302 299 299 299 299 300 300 299 301 307 310 306 299 293 294 304 314 305 296 298 306 307 298 294 300 306 308 313 318 319 318 312 303 295 293 297 298 300 302 299 293 291 287 283 279 278 279 283 291 300
322 322 322 319 317 317 317 315 312 310 309 308 306 305 305 304 304 304 304 304 304 304 306 307 308 310 312 314 316 313 306 302 302 303 304 312 318 310 306 307 305 304 303 300 299 298 297 296 296 297 297 297 296 297 298 301 303 302 297 292 294 306 320 312 298 296 301 305 302 300 304 307 307 311 315 316 315 311 304 295 291 294 295 297 303 303 296 293 293 287 283 284 286 289 294 300
324 323 322 320 319 318 317 315 312 310 309 307 306 305 304 304 304 303 303 304 304 304 305 306 306 307 310 313 314 310 305 304 305 305 305 309 316 311 305 303 301 298 297 297 297 296 297 298 299 299 299 299 299 301 302 302 302 300 297 290 290 302 317 315 302 296 298 303 304 303 304 302 301 304 309 312 311 305 298 293 291 292 290 289 294 303 300 295 297 295 292 291 289 288 291 298
325 324 323 320 319 318 317 315 312 310 308 307 306 305 304 304 303 303 303 303 304 304 304 305 305 307 310 313 314 310 308 308 307 304 301 302 308 308 301 295 294 295 296 299 299 300 303 303 302 301 301 303 305 306 307 306 304 302 299 293 291 299 312 314 307 298 296 300 304 304 300 292 292 299 306 310 310 304 297 296 295 290 284 281 285 298 305 300 298 301 298 293 289 286 291 300
327 325 323 321 320 319 316 314 312 309 308 308 307 305 305 304 304 304 303 303 304 304 304 305 306 308 310 315 316 311 310 309 305 300 296 296 300 299 294 293 296 298 300 302 302 303 306 306 306 304 305 307 309 308 307 308 308 306 304 299 296 300 309 314 310 299 294 296 300 301 296 291 295 304 309 309 311 312 302 298 300 296 288 282 284 295 309 308 300 301 300 294 290 290 294 301
327 326 325 323 321 319 316 314 312 310 309 309 307 306 305 304 304 304 304 304 304 304 304 305 306 308 311 316 315 309 307 305 302 299 296 295 297 294 295 299 302 304 305 307 307 308 310 312 314 312 311 313 315 312 309 312 314 313 311 308 306 307 311 315 313 301 293 292 295 297 298 301 305 309 312 306 310 320 309 299 304 303 295 289 287 292 307 314 306 302 300 295 292 292 292 294
328 327 325 324 322 319 317 314 313 311 310 309 308 306 305 305 305 304 304 304 304 304 305 305 305 307 310 313 311 305 301 302 301 300 296 295 301 304 303 304 305 306 308 310 312 311 312 315 317 314 312 315 320 320 318 319 322 322 319 316 314 313 312 314 314 303 293 291 293 298 303 306 307 310 310 305 312 328 318 303 304 306 299 293 288 290 301 313 310 304 301 296 292 290 288 289
331 329 327 325 323 321 319 316 314 313 311 310 309 308 306 306 306 305 305 304 304 305 305 305 305 307 308 308 306 302 299 299 300 298 295 296 304 306 307 308 310 310 311 313 314 314 315 318 320 317 313 315 321 323 321 321 324 323 319 314 313 313 309 308 312 306 295 292 297 302 305 304 301 307 307 305 315 334 326 308 305 307 302 296 290 291 301 311 311 305 302 294 287 284 285 290
335 333 331 329 326 323 321 318 315 314 313 311 310 309 308 307 307 306 306 305 305 305 305 305 305 306 307 306 306 303 300 299 299 298 299 304 307 306 308 312 315 316 317 318 318 318 320 323 324 322 316 316 320 320 317 315 317 317 312 306 305 309 308 307 310 307 299 297 303 306 305 300 299 309 309 307 319 339 330 312 305 306 302 298 296 299 305 310 309 305 302 292 281 279 285 292
340 338 336 333 329 325 323 320 318 316 315 313 311 310 309 308 308 307 306 306 306 306 306 305 305 306 306 306 307 305 302 301 301 302 306 311 313 314 314 315 315 315 317 319 319 321 321 320 321 319 313 311 315 317 313 309 309 309 305 300 301 308 310 309 309 309 307 306 308 310 308 303 306 312 310 310 323 341 334 317 309 306 302 301 302 303 305 305 303 302 300 292 282 282 289 298
345 343 341 337 332 328 326 323 320 318 317 315 313 312 311 309 309 308 307 307 307 307 307 306 306 306 306 306 306 305 303 302 303 306 310 314 316 315 315 314 312 311 312 313 314 316 316 315 315 313 309 308 313 316 313 309 307 306 304 302 304 308 309 309 309 310 312 312 314 320 319 313 314 316 314 316 329 345 338 320 312 309 307 304 303 301 297 294 295 298 298 294 288 286 290 296
