windninja/windninja_output/Output_2025-08-24_1600-1650_Google earth_Fire_150m_10min/merlingen_7.5mi_point_08-24-2025_1620_150m_ang.asc
ncols	158
nrows	163
xllcorner	391686.332397
yllcorner	5160024.123721
cellsize	150.000000
NODATA_value	-32768.000000
[rows 46 to 91 of 163, columns 0 to 95 of 158]
351 349 346 345 344 342 340 339 339 338 337 337 336 336 336 335 335 334 334 334 334 334 334 334 333 332 332 332 331 331 330 330 330 331 331 330 328 327 329 331 332 331 331 337 346 346 341 335 332 333 337 342 350 354 353 351 348 340 334 334 335 334 331 329 325 324 325 328 334 337 334 334 335 337 344 355 7 5 349 336 327 319 312 308 311 316 316 313 309 305 305 305 303 300 298 302
352 350 347 347 346 343 340 340 340 339 338 338 338 337 336 336 336 335 335 335 335 335 334 334 333 333 333 333 332 332 331 330 330 330 330 330 329 327 327 328 329 329 332 341 347 342 335 331 331 336 342 349 356 357 355 352 345 338 333 332 333 331 327 325 323 322 325 329 334 335 333 332 333 337 347 360 6 357 341 328 319 313 311 313 317 318 317 315 310 306 305 304 303 302 301 303
352 351 350 350 349 344 341 340 340 339 339 339 339 338 337 337 336 336 336 336 336 336 335 335 334 334 334 334 333 333 332 331 331 330 330 329 328 327 327 327 327 327 331 340 343 338 332 331 335 341 350 358 359 355 354 348 340 334 332 333 333 328 323 321 319 319 324 329 333 334 333 332 333 339 351 1 1 351 338 326 319 317 318 320 323 322 320 319 315 311 306 302 302 303 303 304
354 353 353 354 350 345 342 341 340 340 340 340 339 339 338 338 337 337 337 337 337 336 336 336 335 335 335 335 334 334 333 333 332 331 331 330 329 328 328 327 326 326 330 336 337 333 331 333 339 348 358 1 357 353 350 344 336 331 331 334 334 328 322 318 317 319 324 329 332 334 333 333 336 343 352 357 354 348 340 331 325 323 323 325 325 324 324 322 317 313 307 299 298 300 302 300
355 355 356 356 351 347 345 343 341 341 341 341 340 340 340 339 339 338 338 338 338 337 337 337 336 336 336 336 335 335 334 334 333 332 332 331 329 329 329 329 328 328 330 333 332 329 330 335 345 356 1 356 350 349 346 340 333 330 331 334 334 329 321 316 317 321 325 329 332 333 333 334 339 346 350 350 348 346 340 333 327 325 326 327 325 324 324 320 315 311 306 298 293 293 294 298
359 358 358 356 351 349 349 347 344 342 342 342 342 341 341 340 340 340 339 339 338 338 338 338 337 337 337 337 336 336 335 335 334 333 333 331 329 328 328 329 329 328 329 330 330 328 331 342 356 2 356 349 345 344 340 333 329 330 334 336 334 329 319 314 317 323 328 331 333 334 334 336 342 346 345 344 344 343 339 332 328 325 324 324 324 322 320 316 311 307 304 295 287 285 291 301
4 1 358 355 350 349 351 350 347 345 344 343 343 343 342 341 341 341 340 340 339 339 339 338 338 338 338 338 337 337 336 336 335 334 333 332 331 329 329 330 330 328 328 329 329 329 334 349 359 355 350 347 346 343 335 328 327 332 337 339 337 331 319 314 319 326 331 335 336 336 337 340 344 345 343 342 342 340 335 330 329 327 323 321 319 318 316 314 310 306 301 294 287 287 296 309
8 4 358 354 351 350 352 352 350 348 346 344 344 344 343 342 342 342 341 341 340 340 340 339 339 339 339 338 338 338 337 337 336 335 334 334 332 331 330 330 330 328 328 328 329 332 339 349 351 348 347 346 344 341 333 327 329 337 342 342 338 330 319 316 321 329 335 340 340 339 340 343 346 346 343 342 342 338 331 328 329 328 325 324 321 317 316 315 312 306 302 299 296 297 302 312
8 5 359 354 352 353 354 354 354 352 348 345 345 345 344 343 343 343 342 342 342 341 341 340 340 340 340 339 339 339 338 338 337 336 336 335 334 333 331 330 329 327 327 328 329 332 339 344 343 342 346 345 342 337 331 328 334 343 346 343 339 331 321 319 325 334 340 345 344 342 344 347 349 346 343 343 343 339 331 330 331 328 327 328 327 323 320 318 315 311 307 305 307 306 300 306
6 5 2 356 353 353 354 355 357 355 351 347 345 345 344 344 344 344 344 343 343 342 342 341 341 341 341 340 340 340 339 339 338 337 337 336 335 334 333 331 328 326 326 327 328 330 335 338 338 340 345 344 341 337 330 331 341 348 346 342 338 331 324 323 329 337 343 346 345 345 350 354 350 345 343 344 344 338 333 334 333 329 328 329 330 328 328 327 324 317 310 307 310 309 300 302
6 6 5 2 358 355 354 354 356 357 355 351 347 345 345 345 345 344 344 344 344 344 343 343 342 342 342 341 341 341 340 340 339 339 338 337 336 335 334 333 330 328 328 329 330 330 331 333 334 339 343 341 340 336 330 334 346 349 345 340 335 330 326 326 331 338 343 346 346 349 357 354 348 346 345 346 344 338 335 335 334 330 328 329 329 328 332 335 334 324 312 310 316 317 307 304
8 7 6 6 4 0 357 354 354 355 356 356 352 348 345 345 345 346 345 345 345 345 345 344 343 343 343 343 342 342 341 341 340 340 339 339 338 337 336 335 333 332 331 330 330 329 328 328 330 335 340 339 338 334 330 337 347 347 343 338 334 330 327 327 333 340 344 347 350 355 354 349 347 346 345 346 343 338 337 337 337 334 331 329 327 326 328 333 334 328 320 320 322 319 311 305
11 9 8 7 7 5 2 358 353 352 355 359 358 354 348 345 345 346 346 346 346 345 345 345 345 344 344 344 343 343 342 342 342 341 340 340 339 338 337 336 335 334 333 332 331 329 327 325 326 330 336 338 336 333 331 338 345 343 338 335 333 331 330 330 335 342 346 350 356 354 349 347 346 345 345 344 340 337 338 340 340 338 335 332 330 329 330 330 330 326 320 318 320 317 308 298
12 12 11 10 9 7 5 1 356 353 354 358 1 359 354 349 346 346 346 347 347 347 346 346 346 346 345 345 344 344 344 343 343 342 342 341 340 340 339 338 337 336 335 334 332 331 329 327 325 327 332 335 334 332 332 339 343 338 333 332 332 332 332 334 338 343 347 354 357 351 347 346 345 343 344 343 338 336 339 341 342 340 338 338 338 336 335 331 328 321 315 313 313 311 301 291
15 15 14 13 11 9 7 4 0 357 356 356 358 359 359 356 350 347 346 347 348 348 348 348 347 347 347 346 346 345 345 344 344 343 343 342 342 341 340 340 339 338 337 336 335 333 332 331 329 328 329 330 329 329 332 339 341 335 330 330 330 331 333 335 340 344 349 357 355 348 345 345 342 341 342 341 337 338 341 343 343 341 340 341 340 338 335 330 323 316 313 310 308 304 295 284
18 18 17 15 14 12 9 6 3 1 358 355 355 357 1 2 358 352 348 347 347 348 348 349 349 348 348 347 347 346 346 346 345 345 344 344 343 342 342 341 340 339 338 337 336 335 334 333 331 329 328 327 324 325 331 337 336 331 328 328 329 331 332 336 340 345 353 359 352 345 345 343 340 340 341 339 338 342 345 346 346 345 344 343 340 334 328 324 318 313 312 310 305 298 290 279
23 22 20 18 15 13 11 8 6 4 0 357 354 356 360 3 3 359 354 350 348 348 349 350 350 350 349 348 348 348 347 347 346 346 345 345 344 344 343 342 342 341 340 339 338 337 336 334 333 331 330 328 324 324 330 335 331 328 327 328 330 331 332 336 341 346 357 358 348 344 344 342 339 339 340 340 342 345 348 350 350 350 350 346 340 330 321 319 314 311 310 306 296 290 282 266
31 28 24 20 16 14 12 10 9 7 4 360 356 356 357 0 4 4 1 356 351 350 350 351 351 351 350 349 349 349 349 348 348 347 347 346 346 345 344 344 343 342 341 340 339 338 337 336 334 332 331 330 326 326 332 335 332 328 328 329 332 333 334 338 340 346 354 351 345 343 343 341 338 339 340 343 346 348 351 353 354 355 354 347 340 327 319 316 311 308 305 299 291 282 266 243
38 34 27 23 18 15 14 13 12 11 8 3 358 357 356 358 1 5 5 2 358 355 352 351 352 352 352 351 351 350 350 349 349 349 348 348 347 346 346 345 344 344 343 342 341 340 338 337 336 334 332 330 327 326 330 334 333 330 329 329 331 335 339 341 337 341 344 342 342 343 343 340 338 339 342 346 347 349 353 356 358 358 353 345 335 322 315 312 308 304 301 296 287 267 241 206
40 36 28 24 20 18 17 16 16 14 11 6 1 358 358 357 358 3 6 7 4 1 357 353 352 352 353 353 353 352 351 351 350 350 349 349 348 348 347 347 346 345 344 343 342 341 340 339 337 336 333 330 327 325 327 330 331 331 330 329 331 342 349 344 341 341 340 340 341 341 341 339 337 340 344 345 346 350 355 360 1 357 350 343 330 318 312 309 306 304 301 291 270 237 203 182
35 33 29 26 23 20 17 17 17 15 11 8 6 0 358 359 359 0 4 7 7 6 3 359 355 353 354 354 354 354 353 352 352 351 351 350 350 349 348 348 347 346 346 345 344 343 341 340 339 337 335 332 329 326 325 325 325 327 329 329 336 347 347 343 342 341 340 341 341 340 340 338 337 341 344 344 346 351 358 2 359 353 345 338 326 315 310 307 305 303 297 279 234 188 175 174
22 25 27 27 25 20 15 17 20 18 13 11 9 5 1 0 1 0 1 4 7 8 8 5 1 358 357 356 355 355 354 354 353 353 352 352 351 350 350 349 349 348 347 346 345 344 343 342 340 339 337 335 332 329 326 322 319 318 321 327 337 342 339 338 339 340 342 342 341 338 338 337 336 340 343 344 346 352 358 357 351 344 336 329 321 309 303 303 302 300 293 228 173 165 168 175
2 13 21 22 22 18 14 17 22 21 16 13 11 9 6 3 3 2 1 2 6 8 9 8 7 5 4 1 357 355 354 354 354 354 353 353 353 352 351 351 350 349 349 348 347 346 344 343 342 340 339 337 335 332 329 325 321 317 318 323 330 332 331 331 334 338 342 343 341 339 339 337 334 337 342 344 347 352 354 348 342 334 325 320 312 300 294 299 302 299 244 149 151 159 169 182
352 3 18 21 22 22 18 17 21 20 15 13 12 11 10 8 7 6 5 4 6 7 8 9 10 12 13 9 2 357 355 354 354 355 355 354 354 353 353 352 352 351 350 349 348 347 346 345 344 342 341 339 337 335 332 330 327 324 322 322 325 325 324 324 326 332 337 339 340 340 341 337 334 337 342 344 347 350 348 342 334 326 318 314 307 297 294 303 306 315 131 135 142 153 171 199
7 12 24 32 36 34 27 21 22 22 18 16 16 16 15 13 13 13 11 9 7 8 8 9 10 14 17 14 8 3 359 355 354 355 355 355 355 355 354 354 353 352 352 351 350 349 348 347 345 344 342 341 339 337 336 334 332 330 328 327 326 323 320 317 317 322 327 330 333 338 342 337 334 339 343 345 346 347 344 337 330 323 320 313 304 299 299 308 331 111 122 125 124 124 324 339
26 29 37 48 56 55 46 36 35 34 31 29 28 26 23 20 18 18 17 14 12 11 10 10 9 9 14 16 13 9 5 1 357 355 356 356 356 356 356 355 355 354 353 352 351 350 349 348 347 346 344 343 341 340 338 336 335 333 332 331 329 326 324 321 318 317 317 318 323 330 335 333 333 340 344 345 345 344 342 337 332 327 324 313 303 300 309 325 92 112 114 106 73 15 339 337
40 41 45 49 54 56 55 52 53 53 49 47 44 38 33 27 23 22 20 18 16 14 13 12 7 5 10 17 17 15 11 8 4 359 356 356 357 357 357 357 356 355 355 354 353 352 351 350 349 347 346 345 343 342 340 339 337 336 335 333 332 330 328 327 324 322 319 317 318 320 323 324 328 337 342 342 341 341 344 344 340 333 324 312 304 307 332 49 101 101 83 57 34 348 329 325
50 51 53 55 57 58 56 56 58 57 52 48 44 39 35 31 27 25 24 21 19 17 16 14 9 6 9 16 19 19 16 13 11 6 360 358 358 358 358 358 358 357 357 356 355 354 353 352 351 349 348 347 345 344 342 341 339 338 337 335 334 333 331 330 328 326 325 323 322 319 317 316 319 331 336 337 338 341 347 349 343 333 321 311 308 323 28 81 82 58 31 17 12 346 328 320
59 60 63 64 65 65 63 62 61 57 52 48 43 39 35 31 28 27 25 22 21 20 19 18 14 9 10 15 20 21 20 17 15 11 6 2 1 0 359 359 359 359 358 358 357 356 355 353 352 351 350 348 347 346 344 343 341 340 339 337 336 335 333 332 331 329 328 327 326 324 321 320 321 328 333 335 337 343 349 349 340 328 317 310 318 14 72 70 41 23 1 358 352 328 321 316
65 67 71 75 77 77 75 71 65 60 55 51 46 41 37 33 30 29 26 24 23 23 23 22 17 13 12 15 19 22 22 19 18 16 13 9 5 3 1 1 1 1 0 360 359 358 357 355 354 353 352 350 349 347 346 345 343 342 341 339 338 336 335 334 333 332 330 329 328 327 326 326 327 328 331 332 336 344 350 345 333 322 314 313 357 61 66 42 16 2 340 345 333 317 314 311
68 70 76 83 88 91 88 82 75 67 60 54 48 44 40 35 33 31 29 27 26 25 25 23 21 17 17 17 18 21 23 23 23 23 21 15 10 6 4 3 2 2 2 2 1 360 359 357 356 355 353 352 350 349 348 346 345 344 342 341 339 338 337 336 334 333 332 331 330 329 329 329 329 330 330 330 334 342 346 337 325 317 313 333 64 73 56 44 11 338 334 338 323 311 307 307
73 74 78 85 95 101 101 96 86 75 64 55 49 46 43 39 36 34 32 30 29 28 26 25 23 22 22 21 19 21 26 28 28 26 24 18 13 10 7 5 4 4 4 4 3 2 1 359 358 356 355 353 352 351 349 348 347 345 344 342 341 340 338 337 336 335 333 332 332 331 331 331 330 330 330 330 332 338 339 329 319 317 330 36 64 53 38 22 358 341 336 331 321 311 308 308
78 77 75 83 98 108 112 108 95 79 64 55 50 47 45 42 38 36 34 33 32 30 29 27 24 24 26 25 22 21 25 28 28 26 25 22 17 15 12 8 6 6 6 6 5 4 3 2 0 358 357 355 353 352 351 349 348 347 345 344 343 341 340 338 337 336 335 334 333 332 332 332 331 331 331 331 332 335 334 325 320 333 8 25 21 17 13 360 341 334 328 324 318 311 310 312
76 74 68 70 86 102 110 105 92 76 59 52 49 48 46 44 41 39 37 36 35 34 33 30 24 25 28 28 25 21 22 26 27 28 28 25 21 19 18 14 8 7 9 9 8 7 6 4 2 0 358 356 355 353 352 351 350 348 347 345 344 343 341 340 338 337 336 335 334 333 333 333 332 332 332 332 333 335 332 327 330 352 6 6 7 6 359 344 332 325 321 317 314 312 312 314
69 65 58 59 63 66 66 54 56 54 46 46 48 49 49 47 44 43 40 39 38 37 36 32 25 25 30 30 28 24 22 24 26 28 29 27 24 22 22 20 14 11 12 13 12 11 9 8 5 2 359 357 356 354 353 352 351 350 348 347 345 344 342 341 340 338 337 336 335 334 333 333 333 333 333 333 334 335 333 332 342 355 358 0 3 358 343 331 325 320 316 313 311 311 312 311
67 66 63 61 65 63 45 30 35 36 36 41 48 51 52 51 49 48 46 43 42 41 39 35 27 27 33 33 31 28 24 24 25 27 29 30 27 25 25 24 20 16 17 19 18 17 15 14 11 3 357 355 355 355 355 354 353 351 350 348 347 345 344 342 341 339 338 337 336 335 334 334 334 333 333 333 334 335 335 338 346 353 357 1 1 349 332 325 321 318 315 313 310 310 311 310
77 76 71 70 71 63 50 40 37 38 37 43 50 53 55 55 53 53 51 49 47 45 43 38 31 31 35 35 33 32 29 29 29 31 33 33 31 29 28 27 24 20 20 20 20 18 16 14 12 7 359 354 353 355 355 355 354 353 351 350 348 346 345 343 342 340 339 337 336 336 335 335 334 334 333 334 334 336 337 340 346 352 359 3 357 336 326 321 320 317 315 313 310 311 312 310
73 68 62 66 65 61 56 50 47 47 46 50 54 58 60 59 58 58 58 55 53 50 48 43 35 33 36 35 35 35 34 34 34 36 38 39 38 34 32 29 26 23 20 19 17 15 13 11 10 9 6 2 357 355 356 357 356 354 353 351 349 348 346 344 343 341 340 338 337 336 336 335 335 334 334 334 334 336 338 341 346 353 359 359 344 328 320 317 317 315 313 311 310 310 311 310
67 64 63 65 64 63 60 58 58 57 56 56 57 60 63 63 62 62 63 61 60 57 53 48 40 35 38 38 37 38 37 36 36 37 40 43 43 41 38 34 30 26 22 21 20 19 17 14 13 13 11 9 5 1 359 359 358 356 354 352 351 349 347 345 344 342 341 339 338 337 336 335 335 334 334 334 334 336 338 341 348 353 356 350 332 323 317 314 313 312 310 309 308 308 308 307
69 69 70 71 70 68 64 63 64 64 62 60 60 61 62 62 63 65 66 67 68 66 62 57 49 41 42 43 42 41 39 38 37 37 40 42 42 44 43 39 33 29 27 26 26 26 25 23 21 17 15 14 12 8 4 1 360 358 356 354 352 350 348 347 345 343 342 340 339 338 337 336 335 334 334 333 334 335 337 340 347 351 353 344 326 319 316 314 313 312 310 309 308 308 308 308
74 73 74 75 74 71 65 64 66 67 65 61 62 62 62 62 63 66 69 72 75 74 74 71 59 43 42 44 45 44 42 42 39 35 37 38 38 40 42 42 38 32 30 30 30 30 30 30 28 23 19 17 15 12 8 4 2 360 357 355 353 351 349 348 346 344 343 341 340 338 337 336 335 334 333 333 333 334 336 338 343 346 346 337 323 316 313 312 312 311 310 309 311 313 314 314
77 77 77 77 73 67 63 61 63 66 65 63 64 62 62 62 61 64 68 72 74 73 75 75 57 33 36 42 45 45 45 45 43 40 40 39 37 37 39 39 38 35 32 32 33 34 34 34 33 29 23 19 16 14 11 8 4 1 358 356 354 352 350 349 347 345 344 342 340 339 337 336 335 334 333 333 333 333 333 335 338 339 337 330 320 314 312 309 308 307 308 310 311 312 314 314
79 79 77 73 66 60 57 57 60 63 64 64 64 60 58 57 56 60 64 68 68 65 66 62 37 19 32 41 45 46 46 47 48 48 49 48 44 41 41 41 40 38 34 33 33 35 36 37 36 32 26 22 18 15 14 11 8 3 358 355 353 352 351 349 348 346 345 343 341 339 338 336 335 334 333 332 331 331 331 332 332 332 329 322 314 311 309 307 307 306 307 308 306 301 297 296
79 77 72 68 63 59 57 57 57 59 63 64 61 58 56 53 53 58 62 65 65 64 63 52 24 15 31 42 46 48 49 49 49 50 52 55 53 50 49 49 48 44 39 36 35 36 38 39 38 34 29 24 18 14 13 13 13 10 2 352 350 351 351 351 349 347 346 344 342 340 338 337 335 334 333 331 330 329 329 329 328 327 324 317 309 304 303 303 306 306 304 302 295 288 286 287
77 74 68 66 66 64 60 56 52 54 60 61 55 53 52 50 51 54 60 68 71 69 60 42 21 18 33 43 48 50 52 52 53 52 53 55 55 54 52 52 52 50 47 43 40 40 41 42 41 38 33 27 20 15 13 16 18 16 8 353 348 350 352 352 351 349 347 345 343 341 339 337 335 334 332 331 329 328 327 326 325 324 322 316 309 306 304 302 303 301 297 291 288 286 286 287
73 68 60 58 59 59 55 49 46 51 57 55 47 45 44 43 45 49 57 70 77 68 49 35 22 23 37 46 50 53 55 56 57 57 57 56 55 54 53 52 52 51 51 49 47 45 45 46 46 44 39 32 24 17 13 16 17 14 9 2 353 351 353 353 352 350 348 346 344 342 340 338 336 334 332 330 329 327 326 324 322 321 320 318 314 311 308 304 300 295 287 281 281 280 278 280
