windninja/windninja_output/Output_2025-08-24_1600-1650_Google earth_Fire_150m_10min/merlingen_7.5mi_point_08-24-2025_1600_150m_ang.asc
ncols	158
nrows	163
xllcorner	391686.332397
yllcorner	5160024.123721
cellsize	150.000000
NODATA_value	-32768.000000
[rows 86 to 128 of 163, columns 0 to 95 of 158]
316 334 17 30 45 52 52 39 20 5 358 357 353 347 344 343 341 335 329 323 319 316 314 315 322 330 334 335 336 337 340 341 343 345 346 347 347 346 343 338 335 336 337 338 337 335 332 328 326 325 326 328 330 331 330 329 327 327 326 326 326 326 326 326 326 326 326 325 325 325 325 325 326 326 326 327 328 330 332 335 341 345 345 335 320 313 312 311 310 310 309 308 310 313 315 316
346 8 43 47 47 44 34 19 9 5 3 1 354 350 348 347 347 342 334 326 321 316 311 314 323 334 339 340 340 342 342 341 342 342 342 346 349 351 350 347 342 338 338 339 339 338 334 331 329 328 326 327 328 328 328 327 326 325 325 326 326 326 326 326 326 326 326 326 325 325 325 325 325 326 326 327 327 328 330 332 336 338 336 329 318 312 310 308 307 306 307 309 311 313 315 315
37 34 26 19 18 18 16 13 13 14 11 1 354 353 353 355 355 350 341 332 327 323 321 326 335 343 344 344 345 346 346 344 343 341 339 339 343 348 351 352 350 346 342 341 341 341 339 336 334 333 331 329 328 328 328 327 325 323 323 323 325 326 327 327 327 327 326 326 326 325 325 325 325 325 326 326 326 327 328 329 331 331 328 321 313 309 307 305 306 305 307 308 306 302 298 296
39 27 12 12 13 12 14 17 20 20 12 1 358 358 359 2 0 353 343 335 330 327 330 338 348 351 349 348 349 349 349 348 347 346 343 340 339 342 347 350 351 350 347 344 342 342 342 341 338 337 336 335 333 333 333 333 330 325 320 320 324 327 328 328 327 327 327 326 326 326 325 325 325 325 325 325 325 325 326 326 326 326 323 315 307 302 300 300 304 305 303 301 296 288 286 287
31 24 17 20 18 13 14 17 18 15 10 4 3 3 5 5 1 355 344 331 328 332 340 352 359 358 355 353 353 353 352 351 350 349 349 346 343 342 344 349 352 350 348 346 343 342 342 343 341 339 337 336 336 335 337 338 336 330 323 322 326 328 329 329 328 328 327 327 326 326 325 325 325 325 324 324 324 324 323 323 323 323 321 315 308 304 302 300 301 300 296 291 288 285 286 287
23 21 19 18 13 8 6 7 10 11 12 10 9 8 7 4 1 357 347 331 331 340 356 5 6 4 0 358 357 356 355 355 353 351 351 350 349 346 345 348 353 355 352 348 344 342 342 342 342 340 336 335 334 335 339 342 340 335 332 332 332 331 330 329 329 328 327 327 326 326 325 325 325 324 324 323 323 323 322 321 320 320 319 317 313 310 307 303 299 294 287 280 280 279 278 279
12 11 10 9 8 5 359 359 4 11 14 13 11 10 8 4 360 356 349 345 344 356 9 14 14 9 6 3 2 0 359 358 356 354 352 352 352 350 347 346 352 358 358 354 348 344 343 342 340 337 333 331 331 332 337 339 337 335 336 338 338 335 332 331 329 328 328 327 326 326 325 325 324 324 323 323 322 321 321 320 319 317 316 314 311 308 305 300 294 285 272 270 272 272 271 275
357 359 2 4 4 3 0 0 4 11 15 11 7 5 6 5 359 354 353 356 5 11 17 21 19 14 10 8 6 5 4 2 358 354 353 354 354 353 351 348 350 358 3 1 355 350 346 343 341 338 331 327 329 332 333 331 328 329 332 336 338 337 334 331 330 329 328 327 327 326 325 325 324 323 323 322 321 320 319 318 317 315 313 310 306 302 298 293 284 274 268 271 273 273 273 276
341 347 356 359 359 360 2 3 3 8 12 11 8 6 6 7 5 2 4 15 23 22 24 26 23 19 15 12 11 11 11 8 0 355 354 355 355 354 353 351 351 355 2 5 4 360 354 348 344 341 336 333 334 335 332 327 322 322 327 331 334 335 334 331 330 329 328 327 327 326 325 325 324 323 322 321 321 320 318 317 315 314 312 309 305 300 295 289 282 277 276 277 278 279 279 280
323 336 351 355 357 359 0 0 358 2 9 13 14 15 14 17 19 26 27 31 33 38 39 39 32 23 18 16 15 16 15 9 3 0 358 357 357 356 355 353 351 351 356 4 6 4 0 355 349 344 342 343 344 340 335 330 327 325 327 330 332 334 333 331 329 329 328 327 327 326 325 324 324 323 322 321 320 319 318 316 315 313 311 308 305 302 297 292 288 286 285 284 284 283 283 282
310 324 345 352 359 4 5 1 356 357 12 25 31 35 40 46 47 52 49 40 48 56 59 57 43 26 20 19 17 14 13 12 11 9 5 1 359 358 356 354 351 348 350 357 1 2 1 357 352 349 349 354 353 346 340 334 330 328 327 328 330 332 332 330 329 328 328 327 326 326 325 324 323 322 321 320 319 318 317 315 314 312 310 308 305 302 299 296 293 291 289 288 287 287 286 285
305 316 337 351 6 15 17 15 11 12 28 48 62 54 56 58 61 63 57 50 57 65 70 68 45 23 19 20 19 16 16 21 23 20 14 7 3 359 357 355 352 347 347 350 353 356 357 355 353 354 359 1 358 351 345 339 334 330 328 327 328 329 329 328 328 328 327 327 326 326 325 324 323 322 321 320 319 318 316 315 313 312 310 308 306 303 300 298 296 294 293 291 290 289 288 287
296 302 325 349 18 28 32 33 35 39 54 80 94 90 84 81 78 75 68 61 59 61 61 51 24 16 20 24 25 27 31 34 33 29 23 16 9 2 356 353 351 348 345 347 350 352 352 354 357 1 3 2 0 355 348 344 341 336 332 330 328 326 325 325 325 326 326 326 326 325 325 324 323 322 321 319 318 317 316 314 313 311 310 308 306 304 302 300 298 296 294 293 292 291 290 289
285 286 298 347 44 59 66 65 65 67 73 81 87 92 92 89 87 82 76 66 54 48 43 36 25 24 30 34 36 40 42 43 41 37 30 22 16 8 359 351 349 347 345 346 351 354 354 356 1 4 3 2 1 358 353 348 346 343 338 335 334 331 327 324 322 322 324 325 325 325 324 323 322 321 320 319 318 316 315 314 313 311 310 308 306 304 302 301 299 298 296 295 294 292 291 290
291 292 309 26 75 86 89 89 85 83 84 85 88 93 96 92 87 84 73 57 48 45 43 43 42 42 44 46 48 51 55 57 57 51 39 28 21 16 7 353 345 344 343 344 349 354 357 359 2 4 4 3 1 360 357 354 351 349 344 340 338 337 334 329 325 323 323 323 324 324 323 322 321 320 319 318 317 316 315 313 312 311 309 308 306 305 303 301 300 299 297 296 295 293 292 291
311 318 352 50 78 86 90 90 88 87 85 82 80 78 78 75 67 62 53 46 48 51 55 56 57 56 57 58 61 63 67 70 70 68 60 46 34 25 14 358 345 341 340 339 343 352 358 0 2 3 5 5 2 1 360 358 356 353 351 346 341 338 337 335 331 328 325 324 324 323 322 321 320 320 318 317 316 315 314 313 312 310 309 308 306 305 304 302 301 299 298 297 296 294 293 292
339 350 25 54 69 78 83 83 83 82 79 76 70 59 49 47 47 44 38 41 50 56 60 61 62 63 66 68 69 70 71 73 75 77 79 80 65 39 20 3 345 336 335 334 338 348 356 0 2 3 5 6 5 3 2 360 357 356 356 353 347 342 340 339 336 333 330 328 326 323 319 318 318 318 317 316 315 314 313 312 311 310 309 308 307 305 304 302 301 300 299 298 296 295 294 293
11 19 37 53 63 68 73 77 77 77 75 72 65 54 46 45 46 44 42 49 56 57 61 64 63 64 68 71 71 72 74 74 75 79 84 91 99 87 44 7 339 327 325 327 330 337 349 358 2 5 6 6 5 4 3 2 360 359 358 356 352 348 345 343 340 338 336 333 331 327 320 316 316 315 314 313 313 312 311 311 310 309 308 307 306 305 304 303 302 300 299 298 297 296 294 292
30 34 44 54 62 68 72 74 76 78 78 76 73 71 71 70 66 61 63 68 64 58 59 61 61 61 63 66 68 73 76 77 78 80 83 88 100 120 129 9 321 314 313 315 319 326 338 351 360 5 7 7 6 4 3 3 3 2 360 357 355 353 349 346 345 344 342 339 338 334 328 323 316 311 307 305 306 308 309 309 308 308 308 307 306 305 304 303 302 300 299 298 297 295 294 292
42 43 48 55 62 68 71 74 75 78 81 84 87 88 88 88 85 81 78 74 66 61 60 58 56 56 59 62 65 71 76 78 80 79 80 85 94 108 133 214 300 302 303 305 309 317 328 342 353 1 5 6 7 7 5 4 4 4 3 1 359 357 353 349 348 348 346 344 343 339 335 333 327 318 309 304 304 304 303 303 304 306 307 307 306 305 304 303 301 300 299 298 297 295 293 292
49 48 50 54 59 63 67 69 70 71 73 74 75 76 80 83 83 80 74 67 63 64 60 54 52 53 55 58 62 68 72 76 75 72 74 82 89 97 113 189 278 295 298 300 302 308 318 332 343 353 1 5 7 9 9 7 5 5 5 5 3 360 356 354 351 350 349 347 346 344 341 338 335 331 324 316 312 308 303 301 303 305 306 306 305 304 303 302 301 300 299 297 296 294 293 292
51 50 50 53 57 59 61 60 56 55 54 54 55 59 66 72 74 73 68 63 60 63 60 51 47 49 51 52 57 64 69 71 68 63 70 80 86 87 90 115 265 285 294 298 300 303 311 323 335 345 355 2 5 8 10 11 9 7 7 7 7 3 359 357 355 354 353 351 348 347 346 342 338 335 330 323 318 316 313 309 306 305 305 305 305 304 303 302 300 299 298 296 295 294 293 291
52 51 49 51 52 50 47 44 42 45 50 53 55 57 61 65 66 65 62 59 60 62 60 49 43 46 47 45 50 61 66 67 61 56 70 82 83 76 73 73 303 283 290 296 299 301 305 315 328 340 351 359 3 6 9 12 12 10 8 8 9 7 3 360 359 358 357 355 351 349 350 348 342 337 333 329 324 321 317 313 308 306 305 305 304 304 302 301 299 298 296 295 294 293 292 290
53 51 49 48 45 43 43 43 46 51 56 58 56 56 60 62 60 52 49 53 59 64 62 51 42 41 43 42 49 61 63 60 56 54 72 83 79 71 67 60 25 298 284 289 293 297 301 307 318 332 346 356 2 5 7 10 13 13 10 8 9 10 8 5 4 3 359 358 355 352 351 350 346 341 336 333 329 325 320 313 309 307 307 306 304 303 301 299 298 296 295 293 293 292 290 289
53 51 49 49 48 50 52 55 56 57 59 59 56 55 59 61 57 41 39 47 58 67 64 53 42 38 40 40 47 58 61 57 53 55 70 80 76 71 68 53 29 9 317 285 286 293 298 302 310 323 336 350 0 6 7 8 12 14 13 10 9 12 14 11 9 8 3 359 358 356 353 351 349 346 341 336 332 328 324 317 310 306 306 307 304 301 299 297 295 293 292 290 290 289 288 286
52 51 52 54 56 58 59 59 59 58 58 60 60 56 57 60 53 31 31 42 53 64 66 51 42 40 38 35 41 50 57 58 53 55 66 74 73 72 65 43 23 20 18 320 288 288 292 296 303 314 327 341 355 5 8 8 10 15 16 13 11 13 16 15 13 12 9 4 360 357 354 351 350 350 346 341 336 332 326 320 313 308 307 308 306 302 296 293 290 288 286 285 286 286 285 283
56 57 57 58 59 58 57 56 56 54 53 56 58 54 56 60 53 24 23 34 44 55 62 49 40 45 44 39 39 45 51 56 55 58 69 73 71 70 59 42 30 29 33 13 312 292 290 292 296 304 317 333 349 1 7 8 10 14 17 16 13 14 16 16 14 14 14 12 6 359 355 353 352 352 350 347 342 338 333 326 318 312 311 309 308 305 297 290 285 280 280 284 286 285 284 281
59 59 59 60 60 59 57 54 52 49 47 52 54 51 54 60 52 18 12 23 34 47 55 52 43 51 53 51 47 44 47 52 57 67 78 81 76 69 57 45 36 32 37 32 349 308 297 296 296 299 307 323 342 356 5 8 9 12 17 18 15 14 17 17 15 14 15 15 12 6 0 357 355 355 355 353 348 342 338 334 326 318 315 310 308 306 297 290 283 280 286 291 291 287 282 278
57 57 58 58 57 57 56 54 51 48 47 50 51 47 51 59 52 10 357 14 27 40 48 51 48 49 50 51 53 50 45 49 58 69 81 85 79 70 57 40 28 25 31 32 10 330 312 308 305 301 303 313 331 350 3 8 9 11 16 19 18 15 16 18 16 14 15 16 14 11 7 3 1 359 358 358 353 347 342 338 332 326 323 318 315 313 301 293 292 292 296 299 295 287 278 275
55 55 55 55 54 53 52 52 51 50 51 52 47 42 48 59 55 13 350 7 23 33 39 43 46 47 44 43 48 49 40 45 55 67 76 79 74 64 53 36 22 23 29 31 18 348 326 318 314 309 306 309 321 340 359 8 10 10 14 19 19 16 17 19 18 15 15 16 16 15 12 10 9 5 0 359 358 353 347 342 336 332 331 329 327 326 315 306 303 300 300 301 297 287 281 284
52 53 54 54 53 51 50 48 49 52 55 53 42 36 46 60 60 22 351 0 18 26 29 36 41 45 42 42 51 48 32 37 48 60 71 74 65 50 41 31 22 25 30 32 26 4 339 322 318 317 313 312 317 332 353 7 11 11 13 18 19 18 18 20 19 16 16 17 17 17 15 14 15 14 8 1 1 360 355 347 338 334 334 336 337 335 325 314 308 304 302 303 300 295 294 295
51 53 54 55 54 53 48 45 46 50 56 53 38 33 47 60 63 31 348 350 7 17 22 29 35 38 38 40 49 49 37 37 43 54 59 58 48 34 29 28 24 26 29 31 30 16 350 332 325 324 323 319 319 327 346 4 12 12 14 17 18 17 18 20 19 18 17 17 18 18 17 15 16 17 17 10 4 4 3 356 344 337 339 342 342 337 329 319 312 309 308 308 309 303 299 298
53 53 55 56 55 52 47 45 47 49 54 53 37 32 46 57 63 48 348 335 350 10 22 28 32 34 31 33 40 43 42 40 42 52 54 47 37 25 22 25 25 26 28 30 30 20 359 343 336 333 331 326 322 326 340 360 11 14 15 17 18 16 17 19 19 18 17 18 19 19 17 16 16 18 19 18 13 9 6 1 353 347 347 348 342 336 331 323 317 316 317 318 317 307 300 297
53 53 53 56 57 52 48 50 53 53 54 55 41 34 44 55 62 62 18 322 318 4 30 38 41 40 35 35 39 41 42 40 46 57 58 52 43 29 26 27 26 26 27 27 24 20 8 353 344 340 337 330 325 326 336 355 10 15 16 18 18 16 16 17 18 19 18 19 21 22 19 17 16 16 19 22 21 17 12 7 2 358 355 351 342 335 331 326 323 324 325 327 325 311 302 302
52 51 51 56 59 55 55 57 60 57 55 59 49 35 41 52 62 65 56 356 277 280 58 60 60 59 57 55 55 54 53 52 59 65 64 60 51 42 37 34 32 29 28 27 26 23 15 3 353 347 342 336 329 328 335 352 9 16 17 18 19 17 18 22 25 29 27 23 23 24 22 19 16 15 17 21 24 23 20 17 12 6 1 353 343 336 333 330 329 330 330 332 333 317 308 309
50 49 47 48 49 49 52 58 64 60 55 63 58 35 36 48 59 65 64 55 113 184 144 102 88 82 75 74 79 82 78 74 73 71 69 66 61 57 49 43 40 37 37 37 36 32 25 16 5 357 350 342 334 332 336 350 7 16 18 19 21 22 27 35 41 48 49 36 25 25 24 22 19 16 16 19 22 25 26 24 20 13 5 354 345 341 338 336 335 334 336 340 337 321 312 314
44 44 43 40 39 38 42 48 57 58 56 67 66 39 34 45 56 63 65 63 75 129 147 136 115 104 97 95 96 95 91 85 79 75 74 70 66 62 54 47 46 46 47 46 45 43 38 27 13 4 357 348 338 335 338 348 5 16 19 23 29 33 39 42 41 42 45 41 27 24 26 25 22 19 16 15 19 23 25 25 24 19 8 357 351 348 347 346 344 341 343 347 338 318 311 314
42 45 45 40 37 38 39 43 50 52 56 70 74 50 39 50 57 60 62 66 74 92 117 130 126 120 116 110 108 105 99 92 85 80 78 74 68 64 58 48 44 46 49 48 47 46 42 29 15 6 1 354 344 338 339 347 5 21 27 32 36 39 40 38 35 36 38 37 33 26 28 29 26 22 18 15 15 18 20 22 22 20 12 3 359 357 356 355 351 348 350 351 337 318 314 316
44 47 47 42 39 42 41 42 47 47 51 67 76 60 53 62 61 56 56 63 73 84 96 106 112 115 117 118 118 115 106 94 88 85 82 77 71 68 62 51 43 43 47 50 49 45 40 29 13 6 4 0 350 342 343 352 9 28 37 37 36 36 34 32 33 35 37 38 38 36 35 39 36 28 22 16 11 12 15 16 18 20 18 12 7 5 5 4 359 354 353 350 336 321 319 323
41 44 44 40 37 40 42 42 45 44 48 60 68 65 67 74 67 56 52 55 64 76 85 90 93 98 110 121 125 123 108 93 89 88 84 79 74 72 66 57 48 42 44 52 53 49 42 29 13 7 7 4 356 348 347 355 10 24 32 31 28 31 30 29 32 36 37 39 40 40 41 47 50 41 28 19 11 7 10 12 14 20 23 20 15 12 12 10 5 359 352 347 334 323 323 329
37 43 45 39 36 39 42 43 43 42 45 53 59 63 67 74 68 58 52 52 58 67 76 78 85 98 112 122 127 128 111 90 86 86 86 81 76 75 72 64 56 47 44 53 56 52 45 31 17 11 10 6 359 353 351 355 8 22 29 28 25 29 31 31 35 38 39 40 41 41 40 42 45 44 38 26 13 7 7 11 15 19 22 22 20 18 17 14 9 0 353 346 333 325 328 336
37 43 46 40 36 37 41 44 43 41 40 46 51 56 65 69 60 57 58 58 61 66 68 69 79 92 104 115 123 133 123 92 81 76 79 81 78 76 76 71 65 58 53 54 58 57 49 36 24 16 13 8 0 356 355 357 7 22 29 30 29 32 33 35 38 40 41 41 41 41 42 44 46 46 44 40 22 6 4 4 9 14 17 19 19 18 15 13 10 4 358 348 335 330 334 342
36 43 47 42 36 37 41 44 43 39 37 38 42 46 54 63 58 59 64 78 81 75 71 71 78 84 90 100 117 135 139 106 82 71 68 74 78 78 76 75 73 71 72 66 64 60 52 39 27 20 14 10 2 359 358 1 9 22 31 33 34 35 35 37 40 41 41 42 42 42 44 47 51 52 52 52 44 8 349 350 355 2 9 11 13 13 11 8 7 6 4 354 343 340 343 347
