windninja/windninja_output/Output_2025-08-24_1600-1650_Google earth_Fire_150m_10min/merlingen_7.5mi_point_08-24-2025_1630_150m_vel.asc
ncols	158
nrows	163
xllcorner	391686.332397
yllcorner	5160024.123721
cellsize	150.000000
NODATA_value	-32768.000000
[rows 38 to 75 of 163, columns 0 to 83 of 158]
1.54 1.50 1.36 1.20 1.07 0.97 0.90 0.84 0.80 0.78 0.75 0.71 0.67 0.65 0.63 0.61 0.58 0.56 0.55 0.53 0.51 0.49 0.47 0.46 0.45 0.43 0.41 0.42 0.46 0.47 0.43 0.38 0.33 0.30 0.31 0.33 0.33 0.35 0.37 0.37 0.37 0.37 0.36 0.37 0.41 0.42 0.40 0.41 0.44 0.47 0.46 0.42 0.42 0.47 0.48 0.43 0.44 0.51 0.56 0.58 0.62 0.59 0.47 0.35 0.30 0.35 0.44 0.43 0.35 0.32 0.31 0.32 0.34 0.34 0.31 0.29 0.32 0.35 0.35 0.34 0.32 0.32 0.32 0.35
1.54 1.49 1.34 1.19 1.08 0.98 0.91 0.87 0.85 0.82 0.77 0.72 0.69 0.67 0.65 0.63 0.60 0.58 0.56 0.54 0.52 0.50 0.49 0.47 0.45 0.43 0.42 0.43 0.44 0.40 0.34 0.31 0.29 0.27 0.27 0.29 0.33 0.39 0.42 0.41 0.39 0.38 0.38 0.39 0.43 0.46 0.44 0.41 0.43 0.49 0.51 0.45 0.43 0.50 0.56 0.52 0.49 0.54 0.61 0.65 0.68 0.71 0.65 0.49 0.36 0.36 0.45 0.43 0.35 0.32 0.32 0.34 0.33 0.32 0.31 0.32 0.36 0.37 0.38 0.39 0.38 0.34 0.32 0.35
1.54 1.51 1.36 1.22 1.11 1.03 0.98 0.93 0.89 0.84 0.79 0.75 0.73 0.71 0.69 0.66 0.63 0.60 0.58 0.56 0.54 0.52 0.50 0.47 0.45 0.43 0.42 0.40 0.37 0.33 0.29 0.27 0.24 0.22 0.22 0.25 0.29 0.36 0.43 0.46 0.45 0.44 0.42 0.40 0.42 0.46 0.47 0.44 0.43 0.49 0.55 0.49 0.41 0.46 0.57 0.59 0.54 0.53 0.58 0.63 0.65 0.70 0.75 0.64 0.43 0.39 0.48 0.47 0.38 0.34 0.32 0.30 0.27 0.27 0.31 0.36 0.39 0.40 0.40 0.40 0.40 0.38 0.37 0.38
1.55 1.53 1.40 1.27 1.16 1.08 1.04 0.99 0.93 0.87 0.82 0.79 0.77 0.74 0.71 0.68 0.65 0.63 0.60 0.58 0.55 0.53 0.49 0.47 0.45 0.42 0.40 0.37 0.34 0.31 0.29 0.25 0.21 0.19 0.20 0.24 0.27 0.29 0.35 0.45 0.51 0.53 0.52 0.47 0.44 0.47 0.51 0.51 0.49 0.51 0.58 0.54 0.42 0.38 0.45 0.52 0.50 0.45 0.49 0.55 0.57 0.60 0.70 0.74 0.58 0.46 0.50 0.51 0.43 0.38 0.35 0.31 0.29 0.30 0.34 0.38 0.40 0.40 0.39 0.37 0.37 0.39 0.41 0.43
1.55 1.52 1.42 1.31 1.21 1.14 1.09 1.02 0.96 0.91 0.86 0.83 0.80 0.76 0.73 0.70 0.67 0.64 0.61 0.59 0.56 0.52 0.49 0.47 0.44 0.41 0.39 0.36 0.34 0.32 0.28 0.24 0.21 0.20 0.22 0.26 0.29 0.32 0.35 0.41 0.47 0.51 0.52 0.52 0.48 0.47 0.49 0.50 0.48 0.48 0.55 0.55 0.43 0.35 0.38 0.45 0.45 0.43 0.45 0.50 0.52 0.51 0.58 0.70 0.70 0.59 0.52 0.54 0.51 0.46 0.43 0.40 0.37 0.37 0.38 0.40 0.39 0.39 0.38 0.37 0.36 0.38 0.40 0.49
1.55 1.52 1.43 1.34 1.27 1.21 1.13 1.05 0.99 0.94 0.90 0.86 0.82 0.78 0.74 0.71 0.68 0.65 0.62 0.59 0.56 0.53 0.50 0.47 0.44 0.41 0.39 0.36 0.33 0.30 0.26 0.23 0.22 0.22 0.23 0.25 0.27 0.31 0.35 0.36 0.39 0.44 0.46 0.47 0.45 0.43 0.44 0.46 0.46 0.46 0.52 0.54 0.45 0.39 0.40 0.44 0.45 0.45 0.46 0.50 0.51 0.47 0.48 0.56 0.65 0.65 0.57 0.56 0.58 0.59 0.57 0.55 0.52 0.48 0.46 0.45 0.43 0.40 0.38 0.37 0.38 0.40 0.46 0.58
1.55 1.52 1.43 1.37 1.31 1.23 1.15 1.08 1.02 0.96 0.92 0.88 0.83 0.79 0.75 0.72 0.69 0.66 0.64 0.60 0.57 0.54 0.50 0.47 0.44 0.41 0.38 0.36 0.32 0.28 0.25 0.23 0.22 0.21 0.22 0.22 0.22 0.23 0.25 0.27 0.32 0.39 0.42 0.42 0.40 0.40 0.43 0.45 0.47 0.49 0.52 0.54 0.50 0.45 0.46 0.47 0.47 0.47 0.49 0.52 0.53 0.50 0.46 0.46 0.53 0.59 0.57 0.54 0.56 0.61 0.64 0.64 0.62 0.58 0.53 0.48 0.44 0.42 0.39 0.37 0.38 0.45 0.56 0.61
1.57 1.54 1.46 1.39 1.32 1.23 1.16 1.10 1.04 0.98 0.93 0.89 0.85 0.81 0.78 0.74 0.71 0.69 0.65 0.61 0.58 0.54 0.50 0.46 0.44 0.41 0.38 0.34 0.31 0.28 0.25 0.23 0.21 0.20 0.19 0.17 0.15 0.15 0.17 0.20 0.27 0.35 0.41 0.40 0.37 0.40 0.44 0.46 0.48 0.48 0.50 0.52 0.51 0.46 0.47 0.51 0.50 0.49 0.50 0.52 0.54 0.54 0.50 0.47 0.50 0.52 0.51 0.50 0.46 0.47 0.52 0.55 0.57 0.56 0.51 0.47 0.44 0.43 0.43 0.43 0.47 0.52 0.54 0.46
1.61 1.57 1.50 1.43 1.33 1.24 1.16 1.11 1.05 1.01 0.96 0.91 0.87 0.83 0.79 0.76 0.73 0.69 0.65 0.61 0.57 0.53 0.50 0.47 0.44 0.40 0.37 0.33 0.30 0.27 0.24 0.22 0.20 0.19 0.17 0.14 0.11 0.10 0.13 0.17 0.22 0.30 0.38 0.39 0.36 0.39 0.44 0.48 0.49 0.46 0.47 0.50 0.51 0.49 0.48 0.51 0.53 0.52 0.51 0.50 0.52 0.56 0.54 0.50 0.51 0.50 0.48 0.47 0.43 0.40 0.42 0.45 0.49 0.51 0.50 0.48 0.46 0.45 0.46 0.47 0.48 0.45 0.39 0.32
1.65 1.60 1.51 1.43 1.33 1.22 1.14 1.10 1.06 1.02 0.97 0.93 0.89 0.84 0.80 0.77 0.73 0.69 0.64 0.61 0.56 0.52 0.49 0.46 0.42 0.39 0.35 0.33 0.30 0.27 0.24 0.21 0.19 0.16 0.13 0.12 0.10 0.09 0.10 0.13 0.18 0.26 0.33 0.36 0.37 0.39 0.44 0.48 0.48 0.44 0.46 0.49 0.51 0.54 0.52 0.53 0.57 0.57 0.55 0.48 0.47 0.54 0.56 0.52 0.50 0.49 0.45 0.44 0.43 0.41 0.42 0.43 0.45 0.48 0.49 0.48 0.46 0.44 0.43 0.41 0.38 0.34 0.31 0.30
1.65 1.60 1.52 1.44 1.36 1.25 1.14 1.08 1.05 1.01 0.97 0.92 0.88 0.84 0.80 0.76 0.72 0.68 0.64 0.60 0.56 0.52 0.49 0.45 0.41 0.38 0.36 0.33 0.30 0.27 0.24 0.21 0.18 0.16 0.12 0.10 0.10 0.09 0.09 0.10 0.16 0.22 0.26 0.29 0.34 0.42 0.47 0.48 0.45 0.42 0.45 0.49 0.52 0.54 0.53 0.55 0.60 0.61 0.58 0.49 0.44 0.53 0.59 0.55 0.50 0.46 0.43 0.41 0.41 0.41 0.41 0.42 0.44 0.46 0.47 0.48 0.46 0.44 0.40 0.38 0.35 0.33 0.33 0.35
1.67 1.62 1.55 1.47 1.38 1.29 1.18 1.08 1.03 1.01 0.97 0.92 0.88 0.85 0.81 0.76 0.72 0.67 0.63 0.59 0.56 0.52 0.49 0.46 0.42 0.39 0.35 0.33 0.30 0.28 0.25 0.23 0.20 0.17 0.14 0.11 0.10 0.10 0.10 0.11 0.15 0.19 0.20 0.23 0.31 0.43 0.49 0.46 0.43 0.41 0.45 0.52 0.55 0.55 0.55 0.58 0.64 0.64 0.58 0.50 0.47 0.54 0.63 0.61 0.52 0.44 0.40 0.39 0.40 0.41 0.42 0.43 0.44 0.46 0.48 0.49 0.49 0.48 0.45 0.42 0.40 0.39 0.39 0.39
1.71 1.64 1.56 1.53 1.45 1.36 1.27 1.14 1.04 1.00 0.97 0.93 0.89 0.85 0.82 0.77 0.72 0.68 0.64 0.60 0.56 0.53 0.49 0.46 0.43 0.40 0.37 0.33 0.31 0.28 0.26 0.24 0.22 0.20 0.17 0.13 0.11 0.12 0.12 0.14 0.16 0.18 0.18 0.20 0.30 0.43 0.47 0.43 0.39 0.37 0.40 0.50 0.55 0.55 0.57 0.63 0.69 0.67 0.56 0.49 0.49 0.55 0.66 0.68 0.55 0.43 0.39 0.37 0.38 0.39 0.41 0.43 0.44 0.45 0.47 0.49 0.50 0.50 0.49 0.46 0.44 0.42 0.41 0.40
1.76 1.65 1.54 1.53 1.50 1.45 1.39 1.26 1.10 1.01 0.98 0.94 0.90 0.85 0.81 0.77 0.72 0.68 0.64 0.60 0.57 0.53 0.49 0.46 0.43 0.40 0.37 0.35 0.32 0.30 0.28 0.26 0.24 0.23 0.20 0.17 0.15 0.14 0.15 0.15 0.18 0.21 0.20 0.20 0.29 0.40 0.42 0.39 0.39 0.37 0.38 0.48 0.53 0.53 0.58 0.69 0.72 0.66 0.57 0.51 0.51 0.57 0.71 0.74 0.56 0.42 0.38 0.37 0.38 0.40 0.41 0.43 0.44 0.46 0.47 0.47 0.47 0.48 0.49 0.48 0.46 0.42 0.39 0.39
1.87 1.69 1.50 1.49 1.46 1.41 1.40 1.34 1.20 1.06 0.99 0.95 0.91 0.85 0.80 0.76 0.72 0.68 0.64 0.60 0.56 0.52 0.49 0.46 0.43 0.41 0.38 0.36 0.34 0.32 0.30 0.29 0.27 0.26 0.24 0.22 0.20 0.18 0.17 0.17 0.20 0.25 0.24 0.22 0.27 0.37 0.36 0.33 0.40 0.41 0.41 0.48 0.55 0.58 0.65 0.75 0.70 0.61 0.57 0.55 0.55 0.60 0.77 0.79 0.56 0.41 0.38 0.38 0.40 0.42 0.43 0.45 0.46 0.47 0.48 0.47 0.46 0.45 0.46 0.47 0.46 0.44 0.39 0.37
2.00 1.80 1.53 1.49 1.48 1.41 1.38 1.38 1.28 1.11 0.99 0.93 0.90 0.86 0.81 0.76 0.72 0.68 0.64 0.60 0.56 0.53 0.50 0.47 0.44 0.42 0.40 0.38 0.36 0.35 0.33 0.32 0.31 0.29 0.28 0.27 0.25 0.23 0.21 0.20 0.22 0.29 0.29 0.24 0.25 0.32 0.31 0.27 0.36 0.42 0.43 0.48 0.56 0.66 0.77 0.79 0.64 0.55 0.57 0.59 0.60 0.66 0.83 0.82 0.57 0.41 0.38 0.39 0.43 0.45 0.46 0.47 0.49 0.50 0.50 0.49 0.47 0.45 0.43 0.43 0.44 0.44 0.43 0.41
2.02 1.92 1.65 1.46 1.50 1.46 1.39 1.40 1.34 1.18 1.00 0.91 0.88 0.85 0.81 0.77 0.72 0.68 0.65 0.61 0.57 0.54 0.51 0.48 0.46 0.44 0.42 0.40 0.39 0.37 0.36 0.35 0.34 0.33 0.33 0.32 0.30 0.29 0.27 0.25 0.26 0.32 0.32 0.26 0.24 0.27 0.27 0.23 0.31 0.39 0.42 0.49 0.57 0.69 0.87 0.81 0.58 0.51 0.57 0.63 0.66 0.74 0.89 0.84 0.58 0.42 0.39 0.41 0.47 0.50 0.49 0.50 0.51 0.51 0.51 0.51 0.49 0.48 0.46 0.43 0.43 0.46 0.47 0.46
1.93 1.95 1.79 1.48 1.39 1.38 1.30 1.31 1.37 1.29 1.08 0.92 0.85 0.83 0.80 0.76 0.72 0.69 0.66 0.63 0.60 0.56 0.53 0.50 0.48 0.46 0.45 0.43 0.42 0.41 0.40 0.39 0.38 0.38 0.37 0.36 0.35 0.34 0.33 0.31 0.31 0.33 0.34 0.30 0.26 0.26 0.24 0.24 0.29 0.34 0.38 0.51 0.60 0.72 0.93 0.80 0.53 0.50 0.57 0.65 0.70 0.80 0.93 0.85 0.60 0.42 0.39 0.41 0.47 0.53 0.53 0.53 0.53 0.53 0.53 0.53 0.52 0.52 0.50 0.47 0.46 0.46 0.47 0.48
1.90 1.92 1.88 1.66 1.44 1.34 1.24 1.19 1.27 1.34 1.21 1.01 0.89 0.81 0.78 0.76 0.73 0.69 0.66 0.63 0.61 0.59 0.56 0.53 0.51 0.49 0.48 0.47 0.46 0.45 0.44 0.43 0.43 0.42 0.42 0.41 0.40 0.39 0.38 0.37 0.36 0.36 0.35 0.34 0.32 0.29 0.27 0.27 0.28 0.27 0.33 0.53 0.62 0.76 0.96 0.75 0.50 0.51 0.59 0.67 0.74 0.84 0.93 0.88 0.63 0.43 0.37 0.38 0.44 0.50 0.53 0.56 0.57 0.56 0.56 0.55 0.55 0.55 0.54 0.51 0.49 0.47 0.46 0.46
1.95 1.93 1.89 1.81 1.67 1.50 1.34 1.18 1.17 1.30 1.29 1.15 1.02 0.88 0.77 0.75 0.74 0.71 0.68 0.65 0.63 0.62 0.60 0.57 0.55 0.53 0.52 0.51 0.50 0.49 0.49 0.48 0.47 0.47 0.46 0.46 0.45 0.44 0.43 0.42 0.41 0.40 0.39 0.39 0.38 0.35 0.32 0.29 0.28 0.24 0.28 0.51 0.65 0.80 0.96 0.70 0.48 0.54 0.64 0.72 0.78 0.85 0.91 0.90 0.70 0.47 0.38 0.38 0.44 0.49 0.54 0.58 0.59 0.59 0.59 0.58 0.59 0.59 0.58 0.56 0.53 0.50 0.47 0.45
2.03 1.96 1.87 1.82 1.76 1.66 1.53 1.32 1.18 1.22 1.24 1.22 1.18 1.04 0.84 0.75 0.73 0.72 0.70 0.68 0.66 0.64 0.63 0.61 0.59 0.57 0.56 0.55 0.55 0.54 0.53 0.53 0.52 0.52 0.51 0.51 0.50 0.49 0.48 0.47 0.46 0.45 0.44 0.43 0.42 0.40 0.37 0.33 0.30 0.25 0.25 0.46 0.68 0.83 0.92 0.68 0.47 0.56 0.70 0.76 0.80 0.85 0.90 0.89 0.76 0.55 0.42 0.41 0.47 0.53 0.56 0.59 0.61 0.61 0.61 0.60 0.61 0.62 0.61 0.60 0.58 0.55 0.52 0.47
2.08 2.02 1.91 1.83 1.76 1.69 1.63 1.48 1.30 1.21 1.13 1.12 1.20 1.19 1.02 0.84 0.75 0.73 0.72 0.71 0.70 0.68 0.67 0.65 0.63 0.61 0.61 0.60 0.60 0.59 0.58 0.58 0.57 0.57 0.56 0.56 0.55 0.54 0.54 0.52 0.52 0.50 0.49 0.48 0.47 0.45 0.42 0.38 0.34 0.29 0.27 0.43 0.70 0.85 0.87 0.67 0.51 0.62 0.76 0.79 0.79 0.82 0.87 0.89 0.80 0.61 0.47 0.44 0.49 0.55 0.58 0.59 0.61 0.62 0.62 0.62 0.62 0.62 0.61 0.60 0.59 0.57 0.55 0.52
2.11 2.07 1.98 1.89 1.81 1.72 1.65 1.57 1.43 1.29 1.14 1.04 1.11 1.23 1.19 1.03 0.87 0.77 0.74 0.73 0.73 0.73 0.72 0.70 0.67 0.67 0.66 0.65 0.65 0.64 0.63 0.63 0.63 0.62 0.61 0.61 0.60 0.60 0.59 0.58 0.57 0.56 0.54 0.53 0.52 0.50 0.47 0.44 0.40 0.36 0.35 0.45 0.68 0.83 0.81 0.65 0.60 0.73 0.80 0.79 0.77 0.77 0.82 0.86 0.81 0.67 0.51 0.44 0.48 0.57 0.60 0.59 0.61 0.62 0.62 0.62 0.64 0.64 0.62 0.61 0.59 0.58 0.56 0.54
2.16 2.12 2.03 1.94 1.87 1.79 1.71 1.64 1.54 1.40 1.22 1.06 1.03 1.15 1.23 1.21 1.07 0.91 0.81 0.76 0.76 0.77 0.77 0.75 0.73 0.72 0.72 0.71 0.70 0.69 0.69 0.68 0.68 0.67 0.67 0.66 0.66 0.65 0.64 0.63 0.62 0.61 0.60 0.58 0.57 0.55 0.53 0.51 0.48 0.44 0.41 0.46 0.63 0.78 0.73 0.63 0.70 0.83 0.82 0.78 0.74 0.73 0.76 0.81 0.79 0.70 0.56 0.47 0.50 0.58 0.60 0.61 0.61 0.61 0.60 0.61 0.65 0.66 0.65 0.64 0.62 0.60 0.58 0.54
2.23 2.18 2.08 1.99 1.92 1.86 1.81 1.75 1.63 1.50 1.33 1.13 1.04 1.06 1.13 1.24 1.24 1.11 0.95 0.83 0.80 0.80 0.80 0.79 0.78 0.79 0.78 0.77 0.76 0.75 0.74 0.74 0.73 0.73 0.72 0.72 0.71 0.70 0.70 0.69 0.68 0.66 0.65 0.63 0.62 0.60 0.59 0.57 0.54 0.51 0.46 0.47 0.62 0.71 0.64 0.65 0.82 0.89 0.83 0.78 0.72 0.70 0.73 0.74 0.74 0.71 0.59 0.53 0.55 0.59 0.61 0.63 0.63 0.61 0.61 0.63 0.66 0.68 0.68 0.68 0.67 0.65 0.63 0.58
2.35 2.25 2.13 2.05 1.95 1.89 1.87 1.83 1.73 1.60 1.46 1.25 1.10 1.05 1.05 1.15 1.27 1.27 1.14 0.98 0.89 0.86 0.84 0.83 0.84 0.85 0.85 0.84 0.81 0.80 0.80 0.80 0.79 0.78 0.78 0.77 0.77 0.76 0.75 0.74 0.73 0.72 0.70 0.69 0.68 0.66 0.65 0.63 0.61 0.57 0.53 0.53 0.64 0.68 0.59 0.66 0.89 0.93 0.84 0.78 0.71 0.68 0.69 0.68 0.71 0.68 0.56 0.54 0.58 0.60 0.61 0.64 0.66 0.62 0.61 0.65 0.68 0.71 0.72 0.73 0.73 0.71 0.69 0.65
2.50 2.37 2.20 2.11 2.02 1.93 1.90 1.88 1.81 1.70 1.59 1.42 1.19 1.09 1.06 1.08 1.20 1.30 1.29 1.16 1.04 0.96 0.90 0.88 0.88 0.90 0.93 0.91 0.87 0.87 0.86 0.85 0.85 0.84 0.84 0.83 0.82 0.81 0.81 0.80 0.79 0.77 0.76 0.75 0.73 0.72 0.71 0.69 0.67 0.64 0.61 0.60 0.66 0.70 0.60 0.63 0.92 0.99 0.88 0.81 0.69 0.60 0.62 0.68 0.72 0.63 0.52 0.52 0.57 0.59 0.62 0.66 0.68 0.64 0.61 0.65 0.70 0.73 0.76 0.78 0.79 0.78 0.75 0.71
2.60 2.48 2.33 2.23 2.13 2.03 1.94 1.92 1.88 1.77 1.70 1.59 1.31 1.13 1.12 1.11 1.13 1.24 1.33 1.30 1.20 1.09 1.02 0.97 0.92 0.95 1.00 0.97 0.94 0.94 0.92 0.91 0.91 0.90 0.90 0.89 0.88 0.87 0.86 0.85 0.84 0.83 0.82 0.80 0.79 0.78 0.76 0.75 0.73 0.71 0.69 0.67 0.70 0.73 0.64 0.64 0.88 1.02 0.95 0.84 0.62 0.45 0.57 0.74 0.78 0.66 0.55 0.53 0.54 0.56 0.61 0.66 0.69 0.65 0.61 0.63 0.69 0.74 0.77 0.81 0.83 0.81 0.78 0.77
2.51 2.56 2.55 2.39 2.25 2.14 2.00 1.97 2.00 1.89 1.80 1.71 1.46 1.22 1.17 1.18 1.16 1.19 1.26 1.34 1.32 1.22 1.16 1.09 1.01 1.01 1.05 1.03 1.02 1.02 0.99 0.97 0.97 0.96 0.96 0.95 0.94 0.93 0.92 0.91 0.90 0.89 0.87 0.86 0.85 0.83 0.82 0.80 0.79 0.77 0.76 0.74 0.74 0.74 0.70 0.71 0.85 0.98 0.99 0.85 0.53 0.38 0.57 0.78 0.80 0.71 0.61 0.53 0.52 0.55 0.59 0.65 0.69 0.65 0.62 0.63 0.67 0.73 0.77 0.83 0.88 0.88 0.87 0.89
2.15 2.50 2.77 2.63 2.50 2.29 2.02 1.99 2.11 2.10 1.96 1.76 1.58 1.40 1.24 1.21 1.24 1.23 1.23 1.32 1.34 1.29 1.29 1.25 1.14 1.10 1.11 1.09 1.09 1.09 1.06 1.04 1.04 1.03 1.02 1.01 1.00 0.99 0.98 0.97 0.96 0.94 0.93 0.92 0.90 0.89 0.88 0.86 0.85 0.83 0.82 0.81 0.80 0.78 0.77 0.78 0.84 0.89 0.93 0.83 0.52 0.39 0.58 0.75 0.80 0.74 0.65 0.57 0.54 0.56 0.58 0.63 0.68 0.65 0.62 0.63 0.65 0.71 0.78 0.85 0.91 0.93 0.91 0.88
1.72 2.27 2.75 2.78 2.83 2.58 2.05 1.98 2.26 2.33 2.11 1.82 1.67 1.55 1.37 1.26 1.31 1.33 1.29 1.31 1.30 1.30 1.36 1.37 1.27 1.21 1.20 1.21 1.19 1.16 1.13 1.11 1.10 1.09 1.09 1.08 1.07 1.05 1.04 1.03 1.02 1.00 0.99 0.98 0.96 0.95 0.94 0.92 0.91 0.89 0.88 0.86 0.85 0.83 0.83 0.83 0.84 0.84 0.85 0.80 0.58 0.50 0.63 0.72 0.75 0.71 0.66 0.62 0.59 0.58 0.59 0.63 0.68 0.64 0.60 0.63 0.65 0.68 0.74 0.80 0.84 0.84 0.80 0.74
1.76 2.09 2.52 2.70 2.91 2.82 2.24 1.98 2.41 2.58 2.25 1.91 1.78 1.65 1.50 1.40 1.40 1.45 1.39 1.31 1.31 1.33 1.38 1.40 1.31 1.25 1.36 1.41 1.33 1.26 1.21 1.18 1.17 1.16 1.15 1.14 1.13 1.12 1.10 1.09 1.08 1.06 1.05 1.04 1.02 1.01 1.00 0.98 0.97 0.95 0.94 0.92 0.90 0.89 0.88 0.87 0.86 0.84 0.83 0.79 0.67 0.62 0.67 0.71 0.69 0.64 0.63 0.63 0.62 0.60 0.61 0.65 0.68 0.62 0.59 0.61 0.62 0.64 0.68 0.73 0.76 0.74 0.72 0.69
2.24 2.34 2.52 2.67 2.86 2.85 2.35 2.01 2.47 2.77 2.37 1.97 1.89 1.78 1.64 1.54 1.52 1.56 1.50 1.39 1.37 1.38 1.42 1.42 1.22 1.18 1.51 1.64 1.49 1.38 1.31 1.26 1.23 1.22 1.21 1.21 1.19 1.18 1.16 1.15 1.14 1.12 1.11 1.10 1.08 1.07 1.05 1.04 1.02 1.01 0.99 0.97 0.96 0.94 0.92 0.91 0.89 0.87 0.84 0.80 0.74 0.71 0.72 0.69 0.65 0.60 0.60 0.61 0.59 0.58 0.60 0.68 0.70 0.60 0.58 0.61 0.63 0.62 0.63 0.65 0.71 0.72 0.72 0.70
2.72 2.69 2.70 2.76 2.84 2.80 2.46 2.22 2.61 2.86 2.35 1.98 1.95 1.86 1.76 1.65 1.62 1.67 1.64 1.52 1.45 1.46 1.50 1.45 1.17 1.10 1.53 1.80 1.67 1.51 1.44 1.37 1.32 1.28 1.27 1.27 1.26 1.24 1.22 1.21 1.19 1.18 1.17 1.16 1.14 1.13 1.11 1.10 1.08 1.07 1.05 1.03 1.01 0.99 0.97 0.95 0.93 0.90 0.87 0.84 0.79 0.77 0.75 0.70 0.66 0.63 0.61 0.59 0.56 0.51 0.53 0.64 0.68 0.58 0.56 0.62 0.65 0.63 0.61 0.63 0.68 0.73 0.75 0.71
3.08 3.04 2.94 2.85 2.84 2.82 2.64 2.51 2.75 2.80 2.30 2.07 2.02 1.91 1.85 1.73 1.69 1.76 1.75 1.64 1.57 1.58 1.58 1.50 1.25 1.13 1.46 1.82 1.82 1.68 1.58 1.49 1.45 1.38 1.33 1.34 1.31 1.30 1.28 1.27 1.26 1.24 1.23 1.22 1.20 1.19 1.18 1.16 1.14 1.13 1.11 1.09 1.06 1.04 1.02 1.00 0.97 0.94 0.91 0.88 0.84 0.81 0.78 0.74 0.70 0.68 0.63 0.60 0.55 0.49 0.48 0.56 0.62 0.55 0.54 0.58 0.63 0.64 0.62 0.66 0.71 0.75 0.77 0.72
3.46 3.37 3.14 2.94 2.92 2.92 2.82 2.75 2.77 2.61 2.34 2.23 2.12 1.98 1.91 1.82 1.79 1.83 1.81 1.71 1.69 1.71 1.68 1.59 1.36 1.23 1.44 1.74 1.88 1.86 1.71 1.61 1.60 1.53 1.43 1.39 1.37 1.35 1.35 1.34 1.32 1.30 1.29 1.28 1.26 1.25 1.24 1.22 1.20 1.19 1.16 1.15 1.12 1.10 1.07 1.04 1.01 0.99 0.95 0.92 0.89 0.85 0.82 0.78 0.75 0.71 0.67 0.62 0.58 0.53 0.50 0.52 0.53 0.48 0.50 0.54 0.59 0.63 0.62 0.67 0.75 0.78 0.77 0.73
3.85 3.70 3.33 3.04 3.04 3.06 2.95 2.87 2.75 2.54 2.42 2.34 2.20 2.09 2.00 1.92 1.90 1.92 1.86 1.79 1.78 1.79 1.77 1.70 1.49 1.34 1.45 1.66 1.86 1.95 1.84 1.74 1.76 1.71 1.55 1.44 1.43 1.42 1.41 1.40 1.38 1.36 1.35 1.34 1.33 1.32 1.30 1.29 1.27 1.25 1.23 1.20 1.18 1.15 1.12 1.09 1.06 1.03 1.00 0.96 0.93 0.89 0.86 0.82 0.79 0.74 0.70 0.66 0.62 0.58 0.54 0.52 0.48 0.43 0.45 0.52 0.55 0.60 0.62 0.66 0.75 0.79 0.78 0.76
4.18 3.99 3.57 3.21 3.14 3.19 3.08 2.92 2.79 2.62 2.49 2.40 2.28 2.20 2.12 2.02 2.00 2.00 1.94 1.87 1.85 1.84 1.84 1.79 1.62 1.44 1.48 1.64 1.83 1.98 1.96 1.88 1.88 1.85 1.68 1.54 1.51 1.51 1.49 1.45 1.43 1.42 1.41 1.40 1.39 1.38 1.37 1.35 1.33 1.31 1.29 1.26 1.24 1.21 1.18 1.15 1.11 1.08 1.04 1.01 0.97 0.94 0.90 0.86 0.82 0.78 0.74 0.70 0.66 0.62 0.58 0.54 0.49 0.42 0.41 0.47 0.51 0.55 0.61 0.66 0.74 0.79 0.79 0.77
