windninja/windninja_output/Output_2025-08-24_1600-1650_Google earth_Fire_150m_10min/merlingen_7.5mi_point_08-24-2025_1650_150m_vel.asc
ncols	158
nrows	163
xllcorner	391686.332397
yllcorner	5160024.123721
cellsize	150.000000
NODATA_value	-32768.000000
[rows 111 to 147 of 163, columns 0 to 83 of 158]
1.69 2.10 2.71 3.02 3.10 3.04 2.96 3.02 3.10 3.12 3.33 3.47 3.14 3.11 3.64 3.75 2.60 1.28 1.84 3.31 4.54 4.71 3.32 2.34 2.28 2.66 3.23 3.92 5.62 7.29 7.11 5.92 5.33 6.52 8.51 8.12 6.80 6.06 4.90 3.53 3.34 3.71 3.75 3.38 3.17 2.99 2.63 2.34 2.19 2.02 1.80 1.60 1.44 1.49 1.60 1.55 1.54 1.78 1.92 1.68 1.49 1.65 1.75 1.61 1.50 1.50 1.41 1.16 0.93 0.82 0.82 0.96 1.09 1.06 0.96 0.83 0.67 0.54 0.40 0.26 0.15 0.21 0.31 0.42
1.75 2.15 2.66 2.90 3.01 2.97 2.92 3.00 3.10 3.06 3.28 3.82 3.63 3.28 3.81 4.00 2.55 0.91 1.36 2.96 4.51 5.27 4.00 2.25 2.21 3.08 3.34 3.61 4.52 6.36 7.55 6.94 6.06 7.37 9.31 8.81 7.33 5.92 4.21 3.53 3.40 3.34 3.63 3.85 3.53 3.05 2.59 2.33 2.22 2.10 1.90 1.60 1.37 1.46 1.63 1.55 1.49 1.72 1.97 1.84 1.58 1.61 1.75 1.73 1.64 1.62 1.62 1.44 1.14 0.94 0.90 1.01 1.12 1.13 1.09 0.99 0.81 0.63 0.52 0.40 0.22 0.11 0.17 0.31
1.80 2.12 2.52 2.77 2.98 2.96 2.87 2.94 3.05 3.01 3.23 4.05 4.10 3.46 3.89 4.22 2.67 0.79 0.96 2.32 3.98 5.43 4.91 2.70 2.45 3.72 3.91 3.98 4.07 4.89 6.74 7.71 7.70 8.85 10.10 8.85 6.78 5.11 3.81 3.28 2.84 2.97 3.97 4.41 3.71 2.91 2.50 2.34 2.26 2.17 2.00 1.69 1.43 1.44 1.58 1.56 1.48 1.62 1.94 1.98 1.73 1.61 1.76 1.87 1.72 1.68 1.75 1.66 1.47 1.20 1.05 1.12 1.20 1.19 1.19 1.15 0.98 0.77 0.63 0.54 0.40 0.20 0.05 0.18
1.64 2.00 2.46 2.72 2.97 3.01 2.92 2.87 2.84 2.94 3.36 4.19 4.19 3.56 4.10 4.63 3.17 1.19 0.83 1.71 3.17 4.98 5.47 3.98 3.70 4.37 4.40 4.19 4.30 4.44 5.19 7.35 9.11 10.31 10.32 8.21 6.19 5.02 3.86 2.97 2.62 3.41 4.63 4.81 3.78 2.95 2.77 2.65 2.46 2.30 2.11 1.84 1.55 1.39 1.50 1.58 1.48 1.53 1.84 2.04 1.87 1.64 1.78 2.03 1.85 1.70 1.79 1.80 1.73 1.51 1.29 1.29 1.34 1.26 1.25 1.29 1.17 0.95 0.74 0.64 0.57 0.38 0.13 0.04
1.30 1.84 2.49 2.75 2.92 2.98 3.00 2.86 2.77 3.03 3.71 4.26 3.82 3.42 4.47 5.37 3.92 1.64 0.98 1.26 2.48 3.92 5.04 5.28 5.08 4.76 4.34 4.20 4.97 4.58 4.18 6.26 9.39 11.23 10.51 8.32 6.42 5.13 3.96 3.01 3.13 4.39 5.13 4.83 4.02 3.46 3.16 2.79 2.51 2.35 2.17 1.97 1.68 1.37 1.40 1.54 1.50 1.50 1.73 2.04 1.95 1.72 1.84 2.11 2.03 1.77 1.79 1.89 1.89 1.75 1.56 1.51 1.54 1.44 1.30 1.35 1.35 1.16 0.90 0.73 0.71 0.56 0.28 0.10
1.03 1.69 2.45 2.74 2.87 2.88 2.91 2.91 3.08 3.56 4.30 4.15 3.15 3.00 4.74 6.20 4.56 1.76 1.20 1.35 2.21 3.14 4.09 5.26 5.66 5.22 4.27 4.31 5.75 5.09 3.95 5.32 8.45 11.21 11.10 8.77 6.70 4.90 4.07 3.85 4.22 5.15 5.10 4.57 4.19 3.53 2.83 2.41 2.37 2.35 2.23 2.10 1.86 1.47 1.26 1.42 1.54 1.53 1.67 1.98 1.96 1.81 1.93 2.18 2.16 1.88 1.84 1.95 1.99 1.91 1.78 1.72 1.77 1.77 1.52 1.39 1.41 1.35 1.11 0.87 0.84 0.75 0.45 0.23
0.91 1.51 2.30 2.71 2.88 2.85 2.72 2.87 3.50 4.23 4.76 3.92 2.52 2.58 4.93 6.77 4.98 2.00 1.71 2.14 2.60 3.29 3.93 4.71 5.47 5.63 4.63 4.63 6.40 5.56 4.20 4.86 6.95 10.40 11.33 9.12 6.65 4.58 4.28 4.99 5.32 5.24 4.69 4.40 4.15 3.27 2.66 2.57 2.63 2.61 2.49 2.27 2.00 1.58 1.15 1.29 1.57 1.58 1.67 1.91 1.94 1.85 2.00 2.26 2.25 1.98 1.92 2.02 2.06 2.03 1.94 1.87 1.93 2.05 1.96 1.67 1.45 1.43 1.34 1.11 1.01 0.92 0.63 0.37
0.83 1.27 2.12 2.71 2.91 2.85 2.68 2.97 3.77 4.47 4.99 3.95 2.31 2.48 4.63 6.91 6.12 3.00 2.41 2.81 3.03 3.46 3.98 4.52 5.18 5.66 5.24 5.62 6.50 5.96 5.23 5.57 7.17 10.68 11.12 8.94 6.73 4.63 4.90 5.78 5.39 4.78 4.36 4.21 3.98 3.46 3.06 3.01 2.97 2.83 2.56 2.23 1.99 1.65 1.16 1.15 1.52 1.62 1.70 1.90 1.97 1.88 2.01 2.29 2.29 2.10 2.03 2.11 2.18 2.16 2.07 1.95 1.98 2.15 2.30 2.13 1.70 1.51 1.49 1.36 1.23 1.06 0.76 0.51
0.70 1.03 1.95 2.78 3.00 2.82 2.85 3.31 4.03 4.38 4.89 4.45 2.62 2.58 4.02 6.41 7.25 4.66 2.91 2.95 3.15 3.45 4.01 4.75 5.46 5.86 5.93 6.25 6.67 6.88 7.71 8.43 9.85 11.32 10.28 8.48 6.83 5.33 5.59 5.66 4.79 4.31 4.16 4.22 4.21 3.85 3.28 3.04 2.90 2.62 2.29 2.01 1.86 1.63 1.20 0.98 1.40 1.67 1.77 1.94 2.05 1.96 2.02 2.22 2.20 2.17 2.14 2.17 2.33 2.38 2.23 2.03 1.99 2.11 2.38 2.46 2.18 1.81 1.68 1.58 1.43 1.23 0.91 0.66
0.58 0.86 1.80 2.88 3.13 2.81 3.13 3.73 4.32 4.18 4.46 4.99 3.34 2.57 3.47 5.80 7.73 6.35 3.67 3.05 3.20 3.48 4.14 5.04 5.80 6.24 6.42 6.59 7.49 8.81 9.73 9.87 10.13 10.09 9.20 8.32 7.03 6.23 5.62 4.63 4.17 4.08 4.33 4.53 4.35 3.86 3.42 3.19 2.85 2.44 2.11 1.85 1.74 1.61 1.22 0.81 1.27 1.74 1.84 1.98 2.17 2.03 2.02 2.16 2.07 2.20 2.21 2.04 2.26 2.55 2.45 2.18 2.05 2.07 2.27 2.52 2.56 2.32 2.03 1.86 1.64 1.42 1.10 0.83
0.51 0.79 1.76 2.77 3.09 2.95 3.46 4.25 4.67 4.01 4.09 5.57 4.25 2.59 3.09 5.26 7.77 7.40 4.67 3.21 3.10 3.54 4.24 5.17 6.18 6.67 6.74 7.18 9.03 10.83 10.79 10.08 9.76 9.19 9.01 8.38 7.15 6.67 5.02 3.92 3.80 3.89 4.52 4.50 4.06 3.71 3.50 3.16 2.60 2.21 1.91 1.68 1.64 1.60 1.27 0.75 1.23 1.78 1.86 2.03 2.20 1.99 2.00 2.20 2.20 2.43 2.50 2.04 1.96 2.42 2.53 2.36 2.23 2.10 2.09 2.29 2.60 2.70 2.53 2.25 1.94 1.66 1.33 1.03
0.61 0.94 1.87 2.45 2.80 3.07 3.72 4.66 5.09 4.08 4.07 6.17 5.09 2.73 2.72 4.33 7.32 8.03 5.33 3.47 3.18 3.74 4.37 5.20 6.49 6.88 7.03 8.19 10.87 12.28 10.96 10.23 9.95 8.74 8.88 8.53 7.04 6.72 5.22 3.86 3.51 3.60 4.52 4.58 4.08 3.84 3.43 2.61 2.07 1.79 1.59 1.51 1.50 1.52 1.27 0.77 1.13 1.73 1.83 2.06 2.12 1.97 2.09 2.28 2.41 2.85 3.04 2.47 2.02 2.07 2.32 2.43 2.42 2.26 2.04 2.01 2.27 2.67 2.83 2.69 2.37 2.04 1.61 1.25
0.75 1.14 1.96 2.16 2.39 3.00 3.64 4.61 5.48 4.78 4.73 6.90 5.71 2.61 2.37 3.65 6.16 8.08 6.72 4.69 4.15 4.25 4.58 5.43 6.60 7.09 7.33 9.19 13.03 13.53 10.62 9.77 9.59 8.35 8.65 8.60 6.86 6.56 5.95 3.99 3.25 3.28 4.08 4.87 4.65 4.17 3.50 2.45 1.79 1.50 1.43 1.38 1.26 1.35 1.14 0.65 0.85 1.63 1.81 1.98 2.06 2.10 2.27 2.37 2.52 3.06 3.39 3.10 2.46 1.99 2.05 2.36 2.46 2.37 2.16 1.93 1.92 2.28 2.71 2.85 2.77 2.53 2.03 1.47
0.85 1.27 1.93 1.95 2.14 2.88 3.40 4.13 5.42 5.33 5.86 7.34 5.20 2.39 2.32 3.37 4.88 6.96 7.80 6.73 5.74 5.34 5.22 5.83 6.62 7.10 7.95 11.59 16.15 13.99 9.30 8.89 9.23 8.31 8.38 8.55 6.92 6.26 6.17 4.38 3.27 2.98 3.27 4.76 5.38 4.69 3.76 2.66 1.75 1.49 1.43 1.21 1.03 1.21 1.02 0.46 0.56 1.54 1.91 1.80 1.92 2.32 2.48 2.48 2.72 3.17 3.42 3.47 3.15 2.33 2.04 2.33 2.46 2.35 2.24 2.02 1.82 1.97 2.35 2.60 2.76 2.91 2.58 1.81
0.91 1.34 1.87 1.87 2.06 2.71 3.19 3.76 5.02 5.32 6.27 7.67 5.55 2.64 2.60 3.34 4.06 5.09 6.83 8.04 8.36 7.45 6.53 6.55 7.52 8.61 11.64 17.35 17.09 11.63 7.56 7.98 9.06 8.17 7.85 8.45 7.23 6.12 6.10 4.87 3.46 2.81 2.77 4.22 5.72 5.44 4.25 2.85 1.80 1.51 1.30 0.95 0.84 1.07 1.01 0.51 0.49 1.55 2.15 1.88 1.88 2.46 2.62 2.61 2.95 3.32 3.38 3.50 3.55 3.10 2.51 2.53 2.64 2.46 2.32 2.15 1.94 1.90 2.07 2.28 2.41 2.84 2.96 2.39
0.90 1.33 1.92 1.88 1.98 2.52 3.09 3.81 4.61 4.95 5.87 7.73 6.96 3.84 3.52 3.66 3.57 4.01 5.28 7.22 9.00 10.14 9.04 8.64 11.67 15.11 16.79 17.04 12.97 8.23 6.68 7.31 8.76 7.96 7.50 8.30 7.52 6.14 5.72 4.98 3.77 2.91 2.76 3.68 5.58 6.13 4.92 3.11 1.85 1.36 1.05 0.70 0.65 0.94 0.99 0.64 0.44 1.48 2.29 2.24 2.16 2.55 2.67 2.73 3.12 3.44 3.46 3.49 3.61 3.55 3.34 3.18 3.02 2.75 2.54 2.34 2.11 1.96 2.00 2.12 2.20 2.52 2.86 2.72
0.89 1.36 2.05 1.92 1.91 2.38 3.16 4.06 4.34 4.45 5.00 6.80 7.59 6.33 5.50 4.30 3.36 3.93 5.18 6.75 9.48 12.39 12.83 12.57 13.93 15.58 14.44 11.01 8.40 6.81 6.22 6.85 8.22 7.79 7.44 8.00 7.58 6.45 5.39 4.84 4.08 3.24 3.13 3.51 5.12 6.47 5.42 3.25 1.78 1.11 0.84 0.47 0.53 0.91 0.98 0.72 0.49 1.46 2.37 2.50 2.47 2.65 2.73 2.90 3.28 3.52 3.54 3.54 3.59 3.63 3.81 3.90 3.58 3.17 2.88 2.64 2.26 2.09 2.16 2.13 2.15 2.37 2.54 2.59
0.92 1.40 2.11 1.99 1.92 2.39 3.30 4.11 4.20 4.01 4.11 5.31 6.94 7.67 7.40 5.33 4.12 4.99 7.14 12.06 14.63 14.09 13.24 12.08 12.03 11.81 10.16 8.16 6.72 6.05 6.16 6.85 7.51 7.17 7.13 7.70 7.64 6.64 5.27 4.79 4.35 3.85 3.77 3.84 4.75 6.33 5.79 3.33 1.72 1.10 0.73 0.21 0.56 0.95 0.99 0.78 0.60 1.51 2.44 2.65 2.68 2.80 2.88 3.12 3.41 3.61 3.64 3.62 3.66 3.68 3.96 4.35 4.24 3.69 3.25 3.00 2.56 2.31 2.37 2.33 2.31 2.34 2.34 2.36
0.89 1.35 2.13 2.09 1.97 2.53 3.37 4.08 4.13 3.83 3.78 4.40 5.52 6.87 7.84 7.84 6.65 7.85 12.92 17.37 15.37 11.69 10.73 10.29 10.77 11.14 9.79 7.61 6.12 5.96 6.42 6.61 6.45 6.04 6.38 7.61 7.88 6.54 5.33 5.04 4.78 4.53 4.42 4.45 4.83 5.74 5.62 3.49 1.95 1.41 0.78 0.24 0.69 1.03 1.03 0.83 0.77 1.64 2.50 2.77 2.83 2.93 3.08 3.31 3.54 3.70 3.72 3.70 3.72 3.79 4.04 4.49 4.72 4.34 3.75 3.47 3.04 2.55 2.47 2.57 2.54 2.42 2.29 2.23
0.84 1.28 2.19 2.24 2.06 2.70 3.56 4.09 4.16 3.94 3.92 4.03 4.39 5.38 6.87 8.88 10.82 13.82 17.02 15.99 11.08 8.92 9.06 9.90 11.29 11.87 9.77 7.09 6.41 6.56 6.57 6.09 5.47 5.15 5.39 6.84 8.00 7.11 5.75 5.46 5.34 5.14 5.18 5.29 5.31 5.18 4.75 3.23 2.33 1.79 0.93 0.59 0.96 1.15 1.04 0.81 0.90 1.75 2.58 2.94 2.96 3.02 3.25 3.47 3.67 3.82 3.85 3.80 3.78 3.87 4.13 4.54 4.85 4.81 4.44 4.12 3.59 2.86 2.67 2.79 2.73 2.57 2.34 2.10
0.90 1.33 2.21 2.37 2.26 2.89 3.58 4.04 4.36 4.24 4.01 3.84 3.96 4.79 6.23 8.63 13.56 17.37 16.16 11.27 9.17 8.77 8.73 9.30 11.44 12.28 8.93 7.18 7.07 6.77 6.57 6.18 5.53 4.85 4.81 5.70 7.29 7.82 6.67 5.99 6.04 5.90 5.91 5.95 5.54 4.51 3.28 2.52 2.50 2.04 1.14 1.04 1.24 1.24 1.05 0.90 1.03 1.81 2.67 3.10 3.15 3.19 3.34 3.61 3.77 3.92 4.02 3.92 3.84 3.90 4.22 4.64 4.81 4.97 4.97 4.77 4.24 3.29 2.92 3.04 3.02 2.72 2.28 1.97
0.96 1.36 2.05 2.43 2.74 3.17 3.36 3.74 4.52 4.61 4.01 3.78 3.99 4.85 6.65 9.11 15.08 18.51 14.53 10.27 9.49 9.14 8.97 9.38 11.14 12.15 9.51 7.52 7.32 6.52 6.12 5.91 5.33 4.83 4.98 5.57 6.53 7.63 7.29 6.85 7.00 6.52 6.18 6.15 5.24 3.37 1.96 1.70 2.24 2.03 1.36 1.37 1.41 1.30 1.16 1.09 1.23 1.93 2.79 3.20 3.36 3.53 3.43 3.63 3.91 3.99 4.15 4.07 3.89 3.92 4.28 4.65 4.76 5.07 5.27 5.24 4.99 3.85 3.09 3.31 3.31 2.77 2.20 1.97
0.98 1.38 1.99 2.52 3.29 3.47 3.19 3.39 4.41 5.05 4.48 3.98 4.25 5.57 7.40 10.87 17.12 18.54 15.02 11.45 10.39 9.87 9.71 9.77 10.09 10.65 10.03 8.46 7.55 6.63 5.91 5.48 4.98 5.19 5.65 5.97 6.47 6.98 6.99 7.64 7.98 6.89 6.26 6.03 4.57 2.45 1.40 1.18 1.68 1.83 1.56 1.51 1.47 1.38 1.31 1.32 1.46 2.10 2.93 3.32 3.63 3.87 3.63 3.68 4.05 4.13 4.26 4.25 3.96 3.98 4.33 4.59 4.68 5.01 5.47 5.75 5.65 4.38 3.32 3.48 3.44 2.76 2.15 1.94
1.10 1.59 2.17 2.71 3.55 3.55 3.23 3.45 4.01 5.07 5.28 4.44 4.99 6.79 10.21 16.37 19.22 17.67 14.50 12.36 10.91 9.89 9.51 9.03 8.05 8.15 9.60 9.79 8.43 7.23 6.33 5.76 5.45 5.77 6.01 5.96 6.16 6.13 6.58 8.15 8.68 7.38 6.47 5.63 3.52 2.06 1.29 0.85 1.24 1.79 1.79 1.63 1.56 1.50 1.46 1.51 1.73 2.33 3.02 3.43 3.88 4.03 3.84 3.88 4.19 4.38 4.43 4.50 4.30 4.10 4.26 4.54 4.66 4.71 5.38 6.20 6.24 5.02 3.69 3.56 3.50 2.83 2.10 1.81
1.16 1.78 2.42 2.89 3.53 3.61 3.49 3.77 3.96 4.82 5.54 5.19 5.60 8.82 16.08 20.03 18.40 15.60 13.66 12.69 11.29 8.97 8.29 7.67 6.71 6.71 8.22 10.04 9.81 8.19 6.88 6.30 6.25 6.27 6.14 5.96 5.61 5.37 6.68 8.73 8.81 7.60 6.63 4.80 2.98 2.28 1.62 1.07 1.36 1.89 2.02 1.89 1.74 1.66 1.60 1.63 1.91 2.61 3.19 3.58 3.97 4.08 4.03 4.09 4.31 4.58 4.61 4.81 5.02 4.60 4.24 4.40 4.53 4.46 5.02 6.13 6.58 5.83 4.26 3.72 3.45 2.80 2.22 1.92
1.07 1.84 2.65 2.87 3.47 3.72 3.74 3.86 4.02 4.69 5.33 5.77 6.05 10.66 19.11 19.39 15.54 14.34 13.08 12.50 11.32 8.72 7.48 7.27 6.75 6.58 7.44 9.43 10.63 9.49 7.40 6.60 6.65 6.47 6.44 6.34 5.58 5.13 7.00 9.21 8.41 7.36 6.44 3.92 2.83 2.59 2.09 1.58 1.67 1.99 2.15 2.11 1.99 1.86 1.77 1.77 2.11 2.88 3.40 3.74 4.01 4.10 4.20 4.24 4.39 4.71 4.79 5.08 5.77 5.53 4.66 4.31 4.36 4.27 4.54 5.62 6.51 6.32 5.22 4.12 3.43 2.80 2.44 2.29
1.05 1.73 2.64 2.91 3.58 3.90 3.76 3.71 4.02 4.68 5.24 6.13 6.88 12.80 20.01 18.11 14.81 13.71 12.09 11.64 11.08 9.14 7.77 7.53 6.95 6.70 7.27 9.10 10.81 10.11 7.68 6.75 6.81 6.70 6.78 6.57 5.74 5.15 7.07 9.38 8.09 6.57 5.34 3.61 2.92 2.86 2.49 2.05 2.04 2.22 2.31 2.27 2.18 2.06 1.92 1.93 2.37 3.18 3.52 3.75 4.02 4.15 4.34 4.32 4.40 4.78 5.01 5.37 6.19 6.49 5.53 4.61 4.48 4.35 4.04 4.71 6.02 6.34 5.84 5.11 3.95 2.96 2.68 2.68
1.21 1.65 2.29 2.90 3.83 4.03 3.68 3.61 4.07 4.83 5.79 6.99 9.26 17.26 20.95 17.28 14.05 12.24 10.55 10.87 11.15 9.71 8.50 7.91 7.11 6.90 7.44 9.03 10.25 9.43 7.95 7.58 7.52 7.21 7.06 6.36 5.45 5.35 7.10 9.21 7.69 5.06 3.99 3.35 3.04 3.18 2.95 2.50 2.38 2.46 2.48 2.46 2.37 2.26 2.12 2.17 2.73 3.36 3.57 3.76 3.98 4.18 4.42 4.35 4.42 4.84 5.24 5.76 6.43 6.98 6.65 5.53 4.93 4.60 4.14 4.11 5.21 5.91 5.79 5.78 5.05 3.38 3.10 2.97
1.36 1.66 2.01 2.79 3.83 4.08 3.83 3.90 4.39 5.17 6.53 8.96 15.11 21.59 20.35 14.80 12.28 10.89 9.84 10.63 11.44 10.41 9.13 8.15 7.42 7.38 7.94 8.79 9.22 8.21 7.29 8.29 8.56 7.42 7.30 6.37 5.39 6.06 7.42 8.25 6.20 3.76 3.31 3.04 3.02 3.35 3.27 2.88 2.71 2.70 2.67 2.69 2.60 2.53 2.52 2.63 3.06 3.41 3.60 3.82 3.95 4.20 4.34 4.21 4.46 5.02 5.49 6.10 6.63 7.07 7.34 6.85 5.68 4.88 4.43 4.18 4.51 5.27 5.35 5.74 5.71 4.55 3.87 3.09
1.30 1.62 2.26 2.95 3.32 3.73 4.31 4.58 4.79 6.18 7.86 11.89 20.72 22.13 15.60 11.72 11.13 10.26 9.21 10.39 11.80 11.09 9.61 8.52 7.97 8.12 8.41 8.47 8.45 7.55 6.87 8.26 8.80 8.08 8.12 7.01 5.86 6.36 6.60 5.98 4.30 3.36 3.27 2.99 3.03 3.36 3.36 3.14 3.02 2.97 2.95 2.91 2.73 2.77 3.06 3.17 3.22 3.40 3.68 3.87 4.00 4.29 4.18 3.86 4.26 5.14 5.77 6.32 6.74 7.18 7.63 7.61 6.52 5.25 4.74 4.18 3.96 4.72 5.11 5.51 6.02 5.51 4.17 2.87
0.92 1.72 2.80 2.97 2.88 3.41 4.70 5.05 5.54 8.15 10.54 17.26 22.63 17.54 11.19 10.40 10.35 10.12 9.53 10.48 11.79 11.43 10.10 9.25 8.78 8.76 8.69 8.18 7.90 7.37 7.09 7.82 8.36 8.91 9.20 7.60 6.01 5.64 4.67 3.29 3.03 3.24 3.32 3.11 3.12 3.35 3.39 3.34 3.31 3.28 3.31 3.38 3.17 3.08 3.48 3.46 3.30 3.46 3.76 3.95 4.16 4.38 4.05 3.55 3.88 4.93 5.82 6.33 6.75 7.41 7.72 7.74 7.36 6.28 5.19 3.90 3.38 4.30 5.18 5.69 6.39 5.91 4.07 2.76
0.72 1.75 3.18 2.99 3.06 3.82 4.74 5.35 6.94 9.36 13.38 21.42 21.75 12.28 9.65 9.98 10.11 10.97 11.16 11.18 11.27 10.97 10.43 10.14 9.69 9.15 8.58 7.66 7.35 7.39 7.46 7.87 8.27 9.10 9.70 8.11 5.74 4.32 2.79 1.85 2.58 3.33 3.49 3.38 3.36 3.46 3.49 3.54 3.63 3.64 3.70 4.12 4.27 3.78 3.66 3.40 3.27 3.59 3.78 4.06 4.39 4.42 4.06 3.65 3.93 4.88 5.68 6.12 6.66 7.42 7.67 7.64 8.06 7.49 5.21 3.37 3.00 4.07 5.38 6.29 6.40 5.67 4.48 3.25
1.08 1.59 3.29 3.54 3.63 4.24 5.02 5.95 7.80 9.33 15.36 20.98 17.15 10.90 9.93 10.06 10.63 12.21 12.50 10.88 10.07 10.26 10.65 10.93 10.34 9.37 8.41 7.64 7.49 7.88 8.18 8.64 8.46 8.40 9.57 8.45 5.24 2.97 1.91 1.95 2.60 3.36 3.66 3.66 3.64 3.69 3.74 3.80 3.90 3.97 4.17 4.97 5.51 4.99 4.12 3.11 3.09 3.73 3.89 4.20 4.53 4.53 4.30 4.10 4.39 5.13 5.71 6.03 6.31 6.90 7.42 7.80 8.67 8.09 5.10 3.01 3.00 3.85 5.64 6.57 5.65 5.11 5.02 3.66
1.37 1.73 3.20 3.99 4.11 4.58 5.56 6.71 8.12 8.89 14.24 20.89 16.90 11.43 10.60 10.21 11.20 13.07 12.31 9.49 9.27 10.00 10.71 11.26 10.49 9.09 8.15 8.17 8.24 8.35 8.73 9.14 8.20 7.53 8.89 7.70 4.46 2.65 2.20 2.44 2.83 3.36 3.71 3.86 3.85 3.92 4.02 4.08 4.14 4.38 4.91 5.80 6.48 6.24 4.64 2.97 3.05 3.72 4.08 4.48 4.68 4.65 4.62 4.55 4.58 5.28 6.05 6.19 6.10 6.20 6.75 7.86 9.13 8.60 5.70 3.32 3.02 3.68 5.83 6.50 5.01 5.05 5.18 3.28
1.60 2.25 3.24 3.86 4.40 5.27 6.46 7.55 8.76 9.00 12.26 21.19 20.05 12.43 10.64 10.12 11.44 12.92 10.73 8.98 9.54 10.18 10.81 10.93 10.00 9.02 8.62 8.91 8.75 8.22 8.52 8.81 7.51 6.74 7.30 5.97 3.94 2.79 2.57 2.80 3.15 3.51 3.85 4.06 4.07 4.11 4.24 4.27 4.39 4.99 5.86 6.64 7.34 7.00 5.09 3.44 3.34 3.65 4.38 5.11 4.96 4.68 4.80 4.74 4.62 5.44 6.38 6.20 5.99 6.19 6.31 7.31 9.17 8.95 6.29 4.04 3.32 3.79 5.71 6.31 5.36 5.59 4.86 2.25
2.41 2.97 3.60 3.83 4.53 5.88 7.16 8.66 9.97 9.67 13.50 21.97 20.08 12.11 10.03 10.05 11.27 11.82 9.94 9.39 10.06 10.34 10.70 10.33 9.67 9.66 9.50 9.30 8.92 8.00 8.01 8.21 6.68 5.30 4.74 4.59 3.63 2.93 2.73 2.94 3.35 3.71 4.05 4.31 4.36 4.32 4.40 4.47 4.85 5.69 6.56 7.48 8.25 7.55 5.95 4.73 4.09 4.19 5.16 5.74 5.16 4.67 4.75 4.77 4.94 5.79 6.44 6.16 6.04 6.39 6.46 6.91 8.61 9.03 6.78 4.63 4.13 4.49 5.19 5.87 6.19 5.64 3.59 1.97
3.77 3.76 3.83 4.13 4.98 6.08 7.11 9.49 11.29 12.75 19.12 22.20 16.20 10.25 9.22 9.63 10.85 10.63 9.48 9.61 10.15 10.23 10.13 9.90 9.86 10.30 9.94 9.43 9.22 7.87 7.04 7.57 6.12 3.65 3.31 3.96 3.65 3.07 2.88 3.05 3.47 3.84 4.13 4.43 4.64 4.57 4.53 4.82 5.58 6.30 7.01 8.32 9.17 8.21 6.86 5.88 5.07 5.16 5.63 5.87 5.21 4.65 4.75 5.02 5.47 6.09 6.50 6.47 6.47 6.65 6.79 6.99 7.94 8.58 6.85 5.03 5.17 5.60 5.12 5.49 6.24 4.57 2.84 2.21
