windninja/windninja_output/Output_2025-08-24_1600-1650_Google earth_Fire_150m_10min/merlingen_7.5mi_point_08-24-2025_1610_150m_ang.asc
ncols	158
nrows	163
xllcorner	391686.332397
yllcorner	5160024.123721
cellsize	150.000000
NODATA_value	-32768.000000
[rows 0 to 42 of 163, columns 0 to 95 of 158]
309 306 303 303 303 304 306 304 301 301 301 295 279 261 259 266 274 280 285 295 306 307 300 297 300 303 303 298 296 298 298 296 294 293 292 295 298 296 294 296 295 295 297 296 299 302 303 305 308 312 315 316 316 318 318 315 312 308 307 309 311 310 308 306 306 305 304 305 307 310 311 310 307 304 303 304 305 302 301 303 303 300 295 294 294 291 288 284 282 280 276 275 275 271 266 263
312 308 305 305 304 303 304 301 298 298 300 299 291 278 274 277 284 291 295 301 308 311 307 302 301 302 304 302 299 298 298 297 296 297 297 297 300 301 301 302 301 301 302 303 305 308 309 311 312 312 312 313 313 313 314 313 312 310 309 310 311 310 309 308 308 307 306 305 306 309 311 311 309 307 306 306 305 303 303 305 304 301 297 295 294 294 293 289 286 284 281 280 279 277 275 272
316 312 309 308 306 304 303 301 300 301 305 311 312 302 293 292 296 302 303 304 309 315 315 310 304 303 305 306 303 300 299 299 300 301 302 302 304 306 308 309 309 309 309 310 311 314 315 315 316 315 313 312 311 310 311 312 313 313 312 311 312 313 312 311 311 311 309 307 306 308 311 311 310 310 309 309 308 306 305 307 308 303 300 299 297 299 303 300 294 293 291 290 291 291 291 290
316 313 311 310 308 308 309 308 309 311 314 321 319 310 302 298 300 304 304 305 308 312 316 315 309 307 309 309 309 308 305 304 303 304 306 307 307 307 308 310 312 314 313 313 314 316 316 317 318 318 317 317 316 314 314 314 313 312 312 312 313 314 313 312 312 312 310 307 306 308 311 311 310 308 308 309 309 306 305 308 311 306 303 304 301 302 308 308 305 304 303 301 302 303 303 304
314 312 311 311 310 312 313 311 311 314 318 325 323 314 306 300 299 301 302 302 304 308 315 319 314 312 314 315 317 316 314 312 310 309 310 309 309 309 311 313 316 317 316 316 317 317 317 317 318 318 318 318 316 314 314 313 312 311 312 312 312 313 313 312 312 312 311 308 305 308 310 309 308 308 308 307 306 304 304 307 310 306 303 305 302 302 309 313 311 312 311 310 312 314 315 316
312 312 312 312 312 313 312 310 309 311 316 322 324 315 305 300 297 296 297 297 299 303 311 318 316 313 314 315 317 318 317 316 314 314 315 314 313 314 315 316 318 317 316 316 316 315 315 316 316 316 317 316 314 313 312 311 312 312 312 312 313 314 314 313 313 313 312 308 307 309 310 308 308 310 311 309 307 306 306 306 306 305 304 305 303 302 306 310 310 312 314 314 317 321 320 320
312 311 311 311 311 312 311 309 309 312 316 321 324 315 304 300 298 296 298 300 299 300 306 314 315 312 312 312 314 316 316 315 314 315 317 317 317 317 317 317 317 316 314 313 312 312 312 313 314 315 316 316 314 313 311 311 311 311 312 313 315 316 317 315 314 313 312 309 308 311 313 311 310 313 314 312 310 308 310 309 305 307 307 306 304 301 303 307 308 310 310 310 312 315 316 316
312 311 310 310 308 308 307 306 307 311 315 320 324 317 305 301 300 299 300 302 302 302 305 311 314 314 313 312 313 314 313 311 311 312 313 314 315 315 314 314 313 312 310 309 309 309 310 311 312 314 315 314 314 314 311 310 311 311 313 314 316 319 319 317 315 314 312 310 309 312 314 312 312 314 315 312 309 308 311 310 304 306 310 310 308 306 306 308 309 309 308 306 305 307 311 313
311 310 310 309 307 305 303 303 307 311 314 318 322 318 308 302 302 302 301 302 302 302 305 310 315 318 315 312 313 313 310 308 309 310 308 308 308 309 308 307 306 305 305 306 307 307 308 308 309 313 313 311 312 312 309 310 312 312 313 314 314 315 317 316 314 312 312 311 311 313 312 309 308 311 312 311 307 307 311 309 303 305 311 314 314 314 314 315 317 319 318 316 313 314 316 314
311 310 309 308 308 306 304 305 307 311 313 316 319 317 308 303 302 303 304 304 304 304 305 310 315 319 318 314 314 314 309 308 310 308 305 304 304 304 303 302 302 303 304 305 304 305 306 306 307 311 311 309 311 310 308 307 309 310 308 307 306 307 309 310 308 308 310 311 312 312 308 306 306 309 310 309 306 308 313 312 308 309 313 315 313 314 315 316 320 325 325 322 320 321 319 311
311 310 309 308 308 308 307 308 309 311 312 314 317 316 309 303 302 303 305 306 305 306 306 310 315 319 322 318 315 313 308 306 307 304 302 300 301 301 301 302 303 303 303 303 301 301 303 303 302 305 305 305 307 306 303 300 299 299 296 296 296 296 300 304 303 304 305 306 309 308 304 305 308 310 310 308 305 308 314 314 313 312 314 315 312 313 313 311 314 321 321 317 317 319 316 309
311 310 309 308 309 309 308 309 310 311 312 313 315 316 311 305 303 303 304 305 304 305 305 308 313 316 320 316 311 308 304 302 302 301 299 297 298 300 301 302 302 301 301 301 299 298 299 296 292 293 294 295 295 292 290 287 286 285 283 282 281 281 288 296 297 297 297 298 303 306 305 306 308 312 315 315 315 316 317 317 316 315 316 317 316 318 315 309 311 320 316 309 310 315 312 306
311 310 309 309 309 309 309 308 309 310 311 312 314 315 310 304 302 303 303 304 304 303 303 304 306 309 312 310 307 304 302 301 301 300 299 296 297 299 300 301 300 300 300 300 297 294 291 285 281 282 284 283 281 279 278 279 278 276 271 267 269 273 280 287 289 289 289 292 302 307 306 306 308 314 320 321 320 319 320 321 319 316 317 316 316 319 316 309 313 321 315 305 305 311 307 300
311 310 309 309 309 309 309 308 308 309 310 311 313 315 309 302 300 302 303 302 302 301 299 297 297 301 306 307 305 304 302 301 300 300 299 298 298 299 298 299 298 294 291 288 285 281 279 278 278 280 280 280 279 275 275 277 277 273 268 268 274 281 286 289 290 287 286 290 300 306 306 306 308 314 318 317 315 314 315 317 317 315 315 312 311 314 312 306 307 314 309 300 297 299 296 291
310 310 309 309 309 308 308 308 308 309 309 310 313 316 311 303 300 302 302 300 298 297 295 293 295 299 305 306 305 304 301 299 300 300 301 300 298 295 293 290 286 277 271 272 274 273 276 283 285 283 284 288 288 285 284 285 287 287 286 285 288 293 298 301 299 295 295 295 299 305 309 308 308 311 313 312 309 306 304 306 309 311 309 306 305 306 304 299 297 299 296 288 282 282 283 282
310 310 309 309 308 308 307 307 307 308 309 310 312 316 314 306 303 303 303 300 297 297 296 296 297 300 305 306 304 304 303 303 304 303 300 295 289 284 279 275 270 268 271 278 283 284 287 291 291 289 293 300 304 303 302 302 303 307 306 299 298 301 304 308 306 303 304 303 304 308 311 306 303 305 308 309 307 303 302 304 306 306 303 299 297 295 290 286 283 283 282 279 277 277 278 280
310 310 309 309 308 308 307 307 307 307 308 309 310 314 313 306 302 302 303 302 300 299 299 299 299 300 304 306 306 306 305 302 301 295 286 280 278 276 275 275 279 285 291 292 294 296 296 298 299 299 301 307 310 309 308 307 307 313 315 307 303 303 306 311 308 304 305 307 308 311 312 306 300 303 308 308 308 307 306 305 304 301 296 291 286 281 276 271 274 281 286 285 283 282 282 283
310 310 309 308 308 308 307 307 307 307 307 308 309 310 310 304 300 299 300 301 299 298 299 299 299 299 301 304 305 303 300 296 290 284 280 281 285 287 289 291 294 297 296 295 296 298 299 303 306 307 306 308 308 308 307 306 307 313 317 312 306 305 308 312 310 306 305 308 310 310 312 312 307 306 308 309 310 308 303 298 293 291 288 281 275 272 271 272 279 289 293 290 287 286 286 285
310 309 309 308 308 308 307 307 307 307 307 307 307 308 307 304 299 297 296 295 295 296 297 297 296 296 298 300 300 297 293 289 287 288 289 289 291 293 295 295 296 296 296 297 297 298 301 306 307 306 306 306 306 307 307 308 309 311 314 312 307 306 309 312 310 307 305 306 308 308 312 317 315 311 310 308 305 298 288 281 280 281 281 281 280 280 282 284 287 292 298 295 291 290 290 288
310 309 309 308 308 307 307 306 306 306 306 306 306 306 305 303 299 296 295 294 295 297 298 298 297 298 298 298 298 296 294 292 291 289 288 289 291 295 299 299 300 301 301 301 301 302 305 307 306 302 303 305 307 309 310 311 311 310 310 310 306 303 305 308 308 306 304 305 309 312 316 321 318 315 315 312 303 290 282 280 282 285 289 293 293 290 289 289 288 292 301 304 295 291 291 291
310 309 309 308 308 307 306 306 306 306 306 305 305 305 304 303 300 298 298 298 299 300 300 300 300 299 299 298 298 298 298 298 296 295 296 298 299 304 308 307 306 305 303 303 304 305 305 306 306 304 303 305 308 310 310 309 309 309 308 308 305 302 303 307 307 306 307 309 311 315 319 321 316 313 315 319 316 305 297 293 294 296 297 299 300 295 291 289 289 293 303 310 300 293 293 294
309 309 309 308 307 307 306 306 305 306 305 304 304 304 304 303 302 301 300 300 300 301 301 301 301 300 299 299 299 300 302 305 304 304 306 307 306 307 309 308 306 305 304 304 304 303 302 305 308 308 306 307 309 309 309 308 308 308 308 307 306 303 303 307 308 309 311 312 313 315 318 318 313 309 313 321 324 316 308 302 301 300 299 301 304 300 295 293 292 296 305 315 307 296 297 299
309 308 308 308 307 307 306 305 305 305 305 305 304 304 304 303 303 302 302 302 302 302 302 302 302 301 301 301 301 302 305 310 309 306 305 304 302 302 304 305 305 305 305 304 302 303 306 309 310 309 307 307 308 308 309 310 309 309 309 306 305 303 303 307 310 313 316 315 314 315 316 315 310 308 313 323 327 320 313 308 305 304 302 303 307 305 303 300 298 299 307 319 312 299 299 301
309 308 308 307 307 306 306 305 304 304 305 305 304 304 304 304 304 303 303 303 303 303 304 304 304 303 301 300 299 301 305 310 307 303 300 299 297 297 300 304 306 307 305 304 304 308 310 310 309 309 307 306 307 308 310 312 310 310 311 309 305 302 302 307 312 316 317 315 313 312 312 310 307 309 316 325 328 320 314 309 306 306 305 305 308 308 308 303 299 299 307 320 311 299 297 300
309 308 308 307 306 306 305 304 304 304 304 305 304 304 304 304 304 304 303 304 304 304 305 305 305 304 301 298 296 299 305 307 305 301 299 298 297 298 300 304 307 308 308 308 308 310 311 308 308 308 306 306 308 309 311 313 312 311 312 310 304 301 303 307 312 313 312 309 306 303 303 305 307 311 318 326 324 317 313 311 308 308 310 309 308 309 309 303 297 298 307 321 309 300 298 299
308 308 307 306 306 305 305 304 304 304 304 304 304 304 304 304 304 304 304 304 305 305 305 306 306 306 305 300 298 300 303 304 305 305 303 301 300 299 302 306 308 310 311 309 308 310 310 308 308 308 308 307 306 307 310 314 315 314 311 308 305 305 307 310 314 314 312 309 303 298 300 305 309 313 322 328 319 312 314 315 312 311 313 313 311 311 313 308 301 300 310 324 313 303 301 300
308 307 307 306 305 305 305 304 303 304 304 304 304 304 304 304 304 304 304 304 305 305 306 308 309 311 311 304 300 301 303 303 304 305 304 304 303 301 303 309 311 311 311 309 309 313 313 310 310 311 311 308 306 307 310 317 320 315 311 310 308 307 308 311 314 315 315 314 308 302 303 307 310 315 326 333 318 310 314 317 314 312 314 314 311 313 317 313 304 302 312 324 317 307 303 302
308 307 306 306 305 305 304 304 303 303 303 303 303 303 304 303 304 304 305 305 305 306 308 310 312 316 316 308 305 306 305 304 305 305 305 305 304 301 303 310 313 312 312 312 313 318 318 315 313 314 315 313 311 311 314 322 328 320 315 314 310 306 306 308 308 309 314 316 310 305 304 307 312 317 328 334 319 309 312 317 315 313 313 312 309 309 314 312 303 302 311 320 318 309 306 305
307 307 306 305 305 304 304 303 303 303 303 302 302 303 304 304 304 305 305 306 307 308 309 311 315 321 321 315 312 313 310 307 309 309 309 312 312 307 307 314 317 316 316 316 318 322 321 318 315 316 320 318 315 314 316 328 334 322 314 312 309 308 308 309 308 309 315 316 310 306 305 309 315 320 329 331 318 306 306 313 315 315 313 308 304 301 303 304 300 299 306 315 316 311 308 307
307 306 305 305 304 304 303 303 302 303 302 302 303 303 304 304 304 305 306 306 307 308 310 312 316 322 321 317 316 317 314 311 312 312 316 323 324 316 312 318 321 321 322 321 322 324 323 322 319 321 326 322 318 316 319 331 334 320 310 306 307 307 308 308 307 308 315 315 306 304 306 309 315 321 329 328 318 306 300 305 313 317 312 305 299 297 299 301 300 299 301 306 312 310 306 305
307 306 305 304 303 303 303 303 302 302 302 302 302 303 303 304 305 305 306 307 307 309 310 313 317 320 320 316 316 315 310 307 311 314 320 329 329 320 315 319 322 322 324 323 324 326 324 321 318 320 324 322 318 315 318 330 330 316 306 301 302 305 303 300 300 305 314 311 301 300 302 304 307 316 327 328 322 311 302 302 311 317 314 306 303 304 305 304 301 297 295 296 301 303 300 298
306 306 305 304 302 303 303 303 302 302 303 302 302 302 303 304 305 305 306 307 308 309 311 314 317 319 319 319 319 317 310 308 309 311 317 329 329 319 315 318 319 319 320 319 320 322 319 315 312 311 312 312 312 310 312 326 323 311 303 298 299 305 305 298 297 305 314 311 299 296 299 302 305 315 326 328 326 317 306 304 311 319 316 309 305 304 303 299 295 291 288 287 288 292 295 296
305 305 305 303 302 302 303 302 302 302 302 302 302 303 303 304 305 305 306 307 308 310 312 314 316 319 320 323 327 327 319 314 311 307 311 325 326 316 313 314 314 315 316 314 315 316 312 308 306 305 304 305 306 305 308 319 319 310 302 296 297 306 315 306 300 306 315 313 302 297 302 308 312 320 327 329 328 321 310 305 309 318 314 309 306 302 298 294 290 288 286 283 283 287 294 300
304 304 304 303 301 301 302 302 301 302 302 302 303 303 303 304 305 305 306 308 308 310 313 315 316 319 321 324 329 326 318 313 311 306 307 319 323 314 311 313 312 313 314 311 311 310 306 304 303 302 302 303 303 302 304 311 313 309 301 296 298 311 324 315 304 305 313 313 304 300 308 315 317 323 329 330 329 324 315 308 309 313 310 309 310 307 302 299 297 293 289 287 287 290 298 307
304 304 303 302 301 302 302 302 301 302 302 302 302 303 303 304 305 306 307 308 309 310 312 314 316 318 321 324 326 322 314 309 309 308 308 316 323 316 312 314 312 311 310 306 304 303 301 300 300 300 300 300 300 300 301 304 306 305 300 295 298 313 328 321 306 303 308 311 307 305 311 317 317 322 327 327 326 321 315 309 309 313 311 308 312 313 307 304 304 299 295 295 295 296 301 308
304 304 303 302 301 302 302 302 301 302 302 303 303 303 303 304 305 306 307 308 309 310 312 313 314 316 320 324 325 320 313 311 312 310 309 315 322 318 312 311 309 306 304 303 302 301 302 303 303 303 303 302 303 304 305 306 305 303 299 293 294 308 325 323 310 304 305 309 309 309 311 313 313 317 321 323 322 316 308 305 306 309 308 304 307 313 310 307 309 308 304 301 298 296 298 305
304 303 302 301 301 301 302 302 302 302 302 303 303 303 304 304 305 306 307 308 309 310 311 312 314 316 320 324 326 319 315 315 313 309 306 309 317 317 309 304 303 302 303 305 304 304 307 308 306 305 305 307 309 310 311 310 308 306 303 297 295 304 319 321 314 305 303 307 310 310 308 303 302 311 318 321 322 317 308 305 305 304 300 296 298 309 315 312 311 312 309 303 298 295 299 309
303 302 301 301 300 300 301 302 301 301 302 303 303 304 304 305 306 306 307 308 309 310 311 312 314 317 320 326 326 319 317 316 311 306 303 304 311 312 304 302 305 306 307 308 308 308 311 311 310 309 309 312 314 312 311 312 313 311 308 304 301 305 316 320 317 306 300 302 307 311 307 301 304 313 321 322 323 326 316 310 310 308 302 298 298 306 319 319 312 312 310 304 299 298 303 312
302 301 301 300 300 300 301 301 302 302 303 304 304 304 304 305 306 306 307 308 309 310 311 312 314 317 321 326 323 316 314 313 309 307 304 305 312 309 305 308 310 311 312 313 312 313 315 318 319 316 315 318 320 317 314 317 320 319 316 313 311 313 318 322 320 308 298 298 303 309 310 311 314 320 326 320 322 332 324 314 317 317 309 303 299 305 320 324 316 312 311 305 299 299 301 306
300 300 299 299 300 300 301 301 302 303 303 304 304 304 304 305 306 306 307 308 309 310 311 312 313 316 319 321 318 312 309 310 309 308 305 307 319 316 313 313 313 313 314 316 317 316 318 320 322 319 316 320 325 325 322 324 327 327 324 321 320 321 321 322 322 310 298 296 301 308 312 315 318 325 327 318 323 337 332 320 323 323 314 305 298 301 314 323 320 315 313 306 299 297 297 301
299 298 299 300 300 301 302 302 303 303 304 304 305 305 305 306 306 307 307 308 309 310 311 311 313 315 317 317 314 310 307 308 309 307 306 312 319 318 317 317 318 317 317 319 319 319 320 324 325 322 317 319 325 327 325 326 329 328 324 320 319 321 319 317 320 312 300 299 305 310 313 314 314 324 323 316 325 343 338 325 326 328 319 309 301 302 312 322 321 316 315 304 296 292 294 300
298 298 300 301 301 302 302 303 303 304 304 305 305 305 306 306 307 307 308 308 309 310 311 311 312 314 314 315 315 312 308 308 309 309 312 319 321 318 318 320 322 322 323 324 323 323 325 328 329 326 319 319 324 324 321 319 322 323 317 311 311 316 316 315 318 314 306 305 311 315 316 313 313 323 320 317 330 347 342 329 325 325 318 312 308 310 317 323 321 317 313 302 291 288 294 303
299 299 300 301 301 302 303 303 303 304 305 305 305 306 306 307 307 308 308 308 309 310 311 311 311 313 313 314 315 313 310 309 311 313 319 324 326 323 322 322 321 321 323 324 324 325 325 325 326 322 315 314 319 322 317 313 313 314 309 304 306 314 315 315 317 316 314 314 317 322 324 319 319 324 321 320 335 352 348 335 327 323 316 312 312 315 321 323 318 315 310 302 293 292 300 310
