windninja/windninja_output/Output_2025-10-23_0500-0550_Google earth_Fire_150m_10min/merlingen_7.5mi_point_10-23-2025_0530_150m_vel.asc
ncols	158
nrows	163
xllcorner	391686.332397
yllcorner	5160024.123721
cellsize	150.000000
NODATA_value	-32768.000000
[rows 76 to 113 of 163, columns 0 to 83 of 158]
5.56 5.62 5.49 5.06 5.09 5.44 5.34 5.12 5.06 4.89 4.78 4.70 4.58 4.57 4.57 4.43 4.35 4.43 4.46 4.38 4.33 4.35 4.37 4.37 4.11 3.74 3.90 4.34 4.58 4.77 4.87 4.76 4.65 4.61 4.43 4.17 4.14 4.19 4.14 4.04 3.99 3.99 4.00 4.00 4.00 4.00 3.99 3.98 3.97 3.96 3.94 3.92 3.89 3.86 3.83 3.79 3.75 3.72 3.67 3.63 3.59 3.54 3.50 3.44 3.39 3.34 3.29 3.24 3.18 3.10 3.00 2.90 2.81 2.70 2.66 2.68 2.50 2.18 2.27 3.32 4.60 4.64 3.60 2.22
5.05 5.24 5.41 5.29 5.35 5.45 5.19 5.02 5.04 4.94 4.83 4.66 4.55 4.59 4.55 4.39 4.31 4.39 4.37 4.28 4.25 4.28 4.34 4.30 3.91 3.60 3.96 4.40 4.44 4.43 4.56 4.62 4.53 4.57 4.62 4.34 4.21 4.18 4.06 3.96 3.87 3.86 3.91 3.92 3.92 3.93 3.93 3.93 3.92 3.91 3.90 3.88 3.85 3.82 3.78 3.74 3.70 3.66 3.62 3.59 3.54 3.50 3.46 3.41 3.37 3.32 3.26 3.21 3.15 3.08 3.00 2.92 2.85 2.76 2.70 2.65 2.47 2.26 2.51 3.54 4.15 3.31 2.25 1.76
4.33 4.22 4.91 5.99 6.07 5.58 5.20 5.17 5.32 5.18 4.84 4.56 4.50 4.53 4.48 4.35 4.31 4.33 4.25 4.16 4.17 4.24 4.32 4.14 3.59 3.53 4.13 4.44 4.35 4.14 4.16 4.49 4.60 4.66 4.73 4.50 4.21 4.08 4.01 3.93 3.76 3.73 3.81 3.83 3.84 3.86 3.87 3.87 3.87 3.87 3.86 3.83 3.80 3.77 3.73 3.69 3.66 3.62 3.58 3.54 3.50 3.46 3.42 3.38 3.33 3.29 3.24 3.19 3.13 3.07 3.00 2.92 2.85 2.78 2.70 2.62 2.47 2.36 2.60 3.29 3.34 2.14 1.47 1.47
3.05 2.89 4.26 6.80 7.87 7.05 5.92 5.57 5.75 5.35 4.65 4.38 4.40 4.43 4.41 4.33 4.29 4.22 4.08 4.03 4.09 4.20 4.26 3.95 3.39 3.55 4.24 4.47 4.31 3.97 3.97 4.40 4.59 4.66 4.72 4.53 4.14 3.93 3.98 3.92 3.64 3.57 3.69 3.74 3.75 3.78 3.80 3.82 3.84 3.85 3.84 3.81 3.77 3.72 3.68 3.64 3.60 3.57 3.53 3.50 3.46 3.42 3.38 3.34 3.30 3.26 3.21 3.17 3.12 3.06 2.99 2.91 2.85 2.78 2.70 2.61 2.51 2.45 2.59 2.85 2.45 1.49 1.20 1.34
1.65 2.02 4.02 6.68 9.28 9.84 7.49 6.14 5.97 5.17 4.32 4.12 4.24 4.29 4.31 4.25 4.17 4.05 3.90 3.91 4.03 4.13 4.14 3.84 3.38 3.59 4.25 4.44 4.23 3.93 3.98 4.31 4.47 4.57 4.67 4.49 4.04 3.83 3.96 3.91 3.54 3.39 3.55 3.62 3.63 3.69 3.71 3.74 3.82 3.87 3.84 3.78 3.73 3.68 3.63 3.59 3.55 3.52 3.48 3.45 3.42 3.38 3.35 3.31 3.27 3.23 3.19 3.15 3.10 3.04 2.98 2.90 2.84 2.78 2.71 2.63 2.55 2.46 2.47 2.41 1.88 1.39 1.39 1.41
0.75 2.00 4.79 7.62 10.63 9.91 6.77 5.70 5.41 4.61 3.93 3.79 3.98 4.08 4.15 4.09 3.96 3.87 3.80 3.82 3.95 4.03 4.04 3.80 3.39 3.58 4.18 4.31 4.17 4.02 4.06 4.27 4.36 4.40 4.47 4.36 3.99 3.82 3.90 3.84 3.50 3.25 3.37 3.45 3.50 3.58 3.56 3.61 3.85 3.97 3.88 3.79 3.70 3.62 3.57 3.53 3.50 3.47 3.44 3.41 3.38 3.34 3.31 3.27 3.24 3.20 3.17 3.12 3.08 3.02 2.96 2.90 2.84 2.79 2.72 2.65 2.57 2.46 2.40 2.22 1.84 1.62 1.52 1.37
1.39 3.08 6.43 10.05 10.76 7.14 4.40 4.05 3.95 3.63 3.27 3.30 3.64 3.83 3.93 3.86 3.73 3.74 3.73 3.74 3.85 3.95 3.99 3.75 3.36 3.58 4.13 4.21 4.14 4.09 4.07 4.12 4.10 4.09 4.13 4.13 4.01 3.84 3.84 3.77 3.46 3.21 3.26 3.42 3.52 3.60 3.58 3.66 4.01 4.16 3.99 3.81 3.65 3.56 3.51 3.46 3.43 3.41 3.39 3.37 3.34 3.30 3.27 3.24 3.21 3.17 3.14 3.10 3.05 3.00 2.95 2.90 2.84 2.78 2.73 2.66 2.58 2.47 2.38 2.20 1.92 1.67 1.49 1.49
6.76 6.99 8.54 9.50 7.87 5.05 3.54 2.83 2.54 2.44 2.44 2.83 3.26 3.50 3.66 3.60 3.55 3.64 3.67 3.69 3.80 3.87 3.91 3.72 3.44 3.69 4.11 4.13 4.03 4.01 3.96 3.90 3.83 3.82 3.85 3.92 3.97 3.88 3.82 3.66 3.40 3.29 3.38 3.58 3.74 3.85 3.89 4.02 4.28 4.28 4.01 3.77 3.61 3.49 3.40 3.37 3.37 3.36 3.35 3.32 3.30 3.27 3.24 3.21 3.18 3.15 3.11 3.08 3.03 2.99 2.94 2.89 2.84 2.79 2.74 2.68 2.59 2.49 2.38 2.20 1.92 1.70 1.63 2.03
9.08 8.32 7.37 6.40 5.22 4.24 3.03 2.15 1.93 1.93 2.24 2.65 2.92 3.21 3.44 3.43 3.43 3.57 3.66 3.69 3.79 3.81 3.80 3.78 3.68 3.77 3.98 3.94 3.83 3.89 3.85 3.72 3.62 3.58 3.66 3.79 3.91 3.91 3.79 3.58 3.43 3.41 3.49 3.62 3.76 3.85 3.92 4.08 4.18 4.04 3.76 3.60 3.47 3.29 3.22 3.27 3.31 3.32 3.30 3.28 3.26 3.23 3.20 3.17 3.14 3.11 3.08 3.05 3.01 2.97 2.93 2.88 2.83 2.79 2.74 2.69 2.61 2.52 2.42 2.26 2.04 1.97 2.04 2.67
10.61 8.55 5.96 5.28 4.85 4.04 2.77 2.12 2.13 2.25 2.48 2.59 2.69 3.03 3.31 3.37 3.32 3.52 3.65 3.68 3.74 3.72 3.77 3.91 3.85 3.64 3.66 3.70 3.73 3.79 3.68 3.56 3.43 3.36 3.55 3.75 3.82 3.84 3.77 3.65 3.54 3.47 3.48 3.53 3.62 3.70 3.81 3.96 3.95 3.74 3.51 3.35 3.19 3.06 3.07 3.17 3.25 3.27 3.26 3.25 3.23 3.20 3.17 3.14 3.11 3.08 3.05 3.02 2.99 2.95 2.91 2.87 2.83 2.79 2.75 2.70 2.64 2.56 2.48 2.37 2.28 2.37 2.64 3.43
11.12 8.71 5.88 5.20 4.75 4.03 2.91 2.52 2.72 2.78 2.65 2.44 2.60 2.90 3.18 3.24 3.17 3.42 3.58 3.63 3.65 3.61 3.78 4.07 3.95 3.51 3.41 3.57 3.72 3.65 3.46 3.45 3.37 3.31 3.57 3.73 3.68 3.73 3.79 3.75 3.61 3.45 3.40 3.44 3.52 3.63 3.77 3.89 3.85 3.62 3.35 3.16 3.07 3.03 3.02 3.12 3.20 3.23 3.23 3.22 3.20 3.17 3.14 3.11 3.08 3.05 3.02 3.00 2.97 2.93 2.90 2.86 2.83 2.79 2.75 2.71 2.67 2.62 2.57 2.53 2.56 2.80 3.30 4.25
10.38 8.09 5.85 5.17 4.45 3.90 3.21 3.03 3.30 3.18 2.56 2.33 2.66 2.75 2.97 3.07 2.99 3.31 3.57 3.69 3.65 3.60 4.11 4.67 4.31 3.55 3.33 3.50 3.57 3.44 3.31 3.37 3.36 3.36 3.52 3.60 3.54 3.64 3.78 3.79 3.64 3.43 3.29 3.30 3.40 3.55 3.72 3.81 3.76 3.50 3.20 3.07 3.02 2.99 3.02 3.10 3.17 3.21 3.23 3.22 3.19 3.15 3.10 3.07 3.04 3.02 2.99 2.97 2.94 2.91 2.88 2.85 2.82 2.79 2.76 2.73 2.70 2.68 2.67 2.69 2.78 3.07 3.60 4.40
8.86 7.52 5.86 5.06 4.17 3.69 3.57 3.47 3.42 3.19 2.60 2.54 2.76 2.64 2.79 2.82 2.78 3.27 3.72 4.00 3.94 4.13 5.36 5.73 4.53 3.31 3.08 3.25 3.27 3.23 3.21 3.26 3.31 3.31 3.36 3.44 3.42 3.47 3.65 3.75 3.65 3.42 3.22 3.20 3.29 3.47 3.67 3.73 3.65 3.43 3.20 3.05 2.96 2.97 3.04 3.08 3.16 3.22 3.24 3.23 3.19 3.12 3.06 3.02 3.00 2.98 2.95 2.93 2.91 2.89 2.86 2.84 2.81 2.79 2.76 2.75 2.74 2.74 2.75 2.78 2.89 3.11 3.48 4.16
7.58 7.04 5.87 4.77 4.02 3.63 3.62 3.56 3.25 3.25 3.28 3.00 2.71 2.52 2.47 2.39 2.67 3.37 4.09 4.63 4.84 5.81 6.59 5.54 3.48 2.58 2.62 2.88 2.99 3.04 3.11 3.17 3.23 3.21 3.25 3.38 3.32 3.25 3.41 3.63 3.62 3.42 3.21 3.11 3.19 3.36 3.53 3.64 3.59 3.43 3.27 3.11 3.03 3.06 3.06 3.05 3.08 3.16 3.32 3.37 3.22 3.07 3.00 2.97 2.95 2.93 2.92 2.90 2.88 2.86 2.84 2.82 2.80 2.78 2.77 2.76 2.76 2.77 2.79 2.83 2.92 3.06 3.28 3.70
7.17 6.50 5.29 4.39 3.98 3.61 3.41 3.35 3.12 3.55 4.00 3.26 2.48 2.28 2.14 2.13 2.65 3.50 4.69 5.89 6.79 7.21 6.11 3.77 2.24 1.89 2.20 2.59 2.77 2.87 2.99 3.09 3.13 3.11 3.20 3.33 3.22 3.12 3.20 3.46 3.59 3.45 3.23 3.08 3.10 3.19 3.34 3.54 3.58 3.46 3.34 3.24 3.19 3.13 2.96 2.86 2.90 3.17 3.65 3.62 3.21 2.97 2.92 2.90 2.89 2.88 2.88 2.87 2.85 2.84 2.82 2.80 2.78 2.77 2.77 2.76 2.77 2.78 2.81 2.86 2.94 3.03 3.15 3.41
6.82 5.86 4.69 4.38 4.23 3.75 3.32 3.13 3.05 3.80 4.29 3.27 2.23 2.05 2.06 2.22 2.71 3.48 5.04 7.28 7.92 6.61 3.91 2.22 1.48 1.43 1.89 2.33 2.56 2.72 2.89 2.99 3.05 3.04 3.14 3.26 3.17 3.11 3.13 3.26 3.45 3.41 3.25 3.12 3.05 3.06 3.18 3.41 3.55 3.55 3.45 3.35 3.28 3.10 2.78 2.68 3.02 3.59 4.00 3.68 3.04 2.80 2.79 2.81 2.83 2.84 2.84 2.83 2.82 2.81 2.79 2.78 2.77 2.76 2.76 2.76 2.76 2.78 2.81 2.87 2.94 3.01 3.14 3.37
6.32 5.54 4.61 4.51 4.57 4.24 3.85 3.46 3.09 3.69 4.19 3.23 2.23 2.05 2.13 2.48 2.98 3.76 5.88 7.87 7.14 3.75 1.90 1.16 0.88 1.10 1.69 2.13 2.39 2.61 2.78 2.91 3.02 3.05 3.11 3.17 3.14 3.11 3.10 3.10 3.15 3.22 3.25 3.17 3.03 2.95 3.00 3.20 3.47 3.63 3.59 3.48 3.34 3.06 2.74 2.89 3.53 3.91 3.82 3.29 2.74 2.58 2.64 2.73 2.77 2.79 2.79 2.79 2.79 2.77 2.76 2.76 2.75 2.74 2.74 2.74 2.75 2.78 2.81 2.86 2.91 2.99 3.12 3.29
6.09 5.54 4.78 4.67 4.94 4.89 4.45 3.79 3.13 3.35 4.02 3.52 2.79 2.73 2.75 3.24 4.09 5.28 7.04 7.13 4.63 1.27 0.62 0.48 0.54 0.98 1.59 2.02 2.30 2.50 2.65 2.85 3.05 3.10 3.05 3.05 3.07 3.07 3.07 3.00 2.84 2.90 3.17 3.22 2.99 2.83 2.86 3.05 3.41 3.65 3.81 3.78 3.38 2.99 2.81 3.06 3.54 3.56 3.25 2.91 2.57 2.41 2.51 2.64 2.70 2.74 2.76 2.76 2.75 2.74 2.73 2.73 2.73 2.72 2.72 2.73 2.74 2.76 2.79 2.83 2.88 2.95 3.03 3.15
6.21 5.63 4.83 4.83 5.29 5.10 4.20 3.16 2.62 3.21 4.07 3.85 3.36 3.25 3.31 4.01 4.78 5.64 6.39 4.85 2.20 0.87 0.57 0.39 0.50 1.05 1.62 1.96 2.18 2.33 2.52 2.90 3.21 3.15 2.95 2.92 3.00 3.05 3.06 2.96 2.72 2.65 2.99 3.21 2.97 2.84 2.87 3.05 3.42 3.73 4.19 4.15 3.25 2.82 2.83 2.96 3.20 3.17 2.96 2.78 2.59 2.38 2.42 2.57 2.65 2.70 2.71 2.71 2.71 2.71 2.71 2.71 2.70 2.69 2.69 2.70 2.72 2.74 2.76 2.79 2.83 2.89 2.95 3.04
6.27 5.67 4.90 5.00 5.36 4.80 3.64 2.55 2.26 3.00 3.81 3.64 3.00 2.40 2.52 3.55 4.15 4.72 5.32 3.74 1.88 1.72 1.31 0.89 0.83 1.25 1.64 1.90 2.04 2.19 2.59 3.16 3.37 3.10 2.79 2.81 2.96 3.03 3.02 2.92 2.72 2.60 2.81 3.09 3.05 3.02 3.07 3.26 3.64 4.13 4.52 4.02 2.89 2.58 2.75 2.87 3.00 3.01 2.86 2.73 2.62 2.41 2.41 2.55 2.63 2.66 2.67 2.67 2.68 2.69 2.68 2.67 2.66 2.66 2.66 2.68 2.69 2.70 2.72 2.75 2.78 2.82 2.87 2.92
6.09 5.81 5.25 5.09 5.07 4.32 3.34 2.48 2.18 2.45 2.91 3.02 2.42 2.07 2.29 3.20 3.71 4.80 5.22 3.11 2.35 2.40 1.97 1.42 1.27 1.47 1.66 1.84 2.00 2.30 2.91 3.29 3.22 2.89 2.64 2.73 2.92 2.98 2.96 2.90 2.75 2.61 2.70 2.97 3.16 3.22 3.38 3.70 4.10 4.35 4.07 3.27 2.57 2.40 2.63 2.81 2.85 2.84 2.72 2.66 2.58 2.42 2.44 2.55 2.60 2.61 2.63 2.65 2.66 2.66 2.63 2.62 2.61 2.62 2.64 2.65 2.66 2.67 2.68 2.70 2.73 2.75 2.78 2.81
6.26 6.05 5.44 4.80 4.44 4.01 3.39 2.75 2.35 2.20 2.30 2.07 1.70 1.90 2.39 3.17 3.87 4.73 4.84 3.52 2.88 2.67 2.61 2.19 1.76 1.64 1.67 1.81 2.08 2.49 2.92 3.03 2.93 2.75 2.59 2.68 2.87 2.96 2.94 2.89 2.81 2.66 2.62 2.91 3.20 3.28 3.50 3.86 4.01 3.75 3.15 2.79 2.56 2.38 2.55 2.72 2.72 2.68 2.62 2.58 2.48 2.41 2.46 2.54 2.57 2.58 2.60 2.63 2.63 2.60 2.58 2.57 2.58 2.59 2.61 2.61 2.62 2.63 2.64 2.66 2.67 2.69 2.71 2.72
6.78 6.24 5.14 4.22 3.88 3.82 3.41 3.01 2.72 2.36 2.12 1.80 1.48 1.67 2.42 3.27 3.99 4.20 3.54 3.38 3.17 2.88 3.20 3.00 2.20 1.61 1.57 1.78 2.10 2.45 2.71 2.78 2.80 2.74 2.62 2.69 2.88 3.00 2.96 2.90 2.84 2.70 2.62 2.81 3.05 3.16 3.40 3.68 3.58 3.22 2.86 2.73 2.63 2.47 2.53 2.65 2.69 2.64 2.58 2.50 2.39 2.39 2.48 2.54 2.56 2.57 2.58 2.59 2.58 2.54 2.53 2.54 2.55 2.56 2.57 2.57 2.58 2.59 2.60 2.61 2.62 2.63 2.64 2.65
7.01 5.97 4.57 3.83 3.50 3.32 2.98 2.96 2.86 2.51 2.25 1.92 1.54 1.63 2.32 3.21 3.70 3.36 2.90 2.89 3.02 3.37 3.98 3.46 1.93 1.22 1.41 1.72 2.01 2.33 2.58 2.69 2.75 2.76 2.72 2.80 2.96 3.06 3.02 2.93 2.84 2.74 2.65 2.69 2.90 3.14 3.35 3.45 3.31 3.06 2.90 2.77 2.65 2.59 2.59 2.64 2.66 2.64 2.55 2.43 2.36 2.39 2.50 2.54 2.56 2.56 2.56 2.54 2.51 2.49 2.49 2.50 2.51 2.52 2.53 2.53 2.54 2.55 2.56 2.57 2.57 2.58 2.58 2.58
6.07 5.26 4.24 3.74 3.30 2.98 2.76 2.71 2.68 2.47 2.35 2.09 1.76 1.82 2.21 2.94 3.40 2.86 2.33 2.38 3.00 4.15 4.19 2.50 1.24 1.14 1.46 1.71 1.93 2.23 2.51 2.67 2.77 2.83 2.86 2.92 3.00 3.07 3.11 2.99 2.83 2.77 2.68 2.63 2.83 3.10 3.21 3.21 3.12 2.99 2.93 2.80 2.66 2.67 2.68 2.65 2.57 2.61 2.58 2.42 2.36 2.41 2.49 2.57 2.60 2.56 2.54 2.50 2.44 2.43 2.44 2.45 2.46 2.48 2.49 2.49 2.50 2.51 2.52 2.52 2.52 2.52 2.52 2.52
4.92 4.45 3.93 3.57 3.06 2.79 2.71 2.60 2.47 2.36 2.29 2.08 1.82 1.90 2.20 2.68 3.09 2.68 2.02 2.65 3.98 4.33 3.21 2.11 1.62 1.47 1.61 1.77 1.90 2.15 2.50 2.76 2.89 2.98 2.99 2.96 2.96 3.07 3.22 3.09 2.84 2.75 2.67 2.61 2.69 2.87 3.02 3.06 2.99 2.94 2.90 2.78 2.67 2.66 2.69 2.61 2.52 2.63 2.61 2.41 2.33 2.36 2.46 2.59 2.64 2.58 2.52 2.42 2.32 2.33 2.37 2.40 2.43 2.44 2.44 2.45 2.46 2.47 2.47 2.48 2.48 2.48 2.47 2.46
4.04 3.78 3.46 3.19 2.83 2.62 2.58 2.51 2.36 2.23 2.14 1.98 1.70 1.64 1.97 2.51 2.92 2.75 2.42 3.32 4.17 3.16 2.36 2.18 1.89 1.75 1.77 1.83 1.92 2.18 2.58 2.90 3.05 3.13 3.09 2.99 2.98 3.15 3.31 3.13 2.81 2.67 2.66 2.61 2.62 2.79 2.99 3.02 2.93 2.87 2.80 2.74 2.68 2.63 2.68 2.60 2.56 2.62 2.55 2.45 2.37 2.37 2.47 2.58 2.63 2.56 2.42 2.27 2.15 2.18 2.32 2.41 2.40 2.38 2.39 2.41 2.42 2.43 2.44 2.44 2.44 2.43 2.43 2.41
3.36 3.20 2.97 2.80 2.61 2.46 2.40 2.36 2.28 2.14 2.02 1.91 1.62 1.51 1.85 2.41 2.93 2.85 2.75 3.46 3.52 2.64 2.35 2.26 2.04 1.94 1.98 1.96 2.01 2.34 2.70 2.97 3.17 3.23 3.19 3.12 3.10 3.21 3.26 3.10 2.79 2.62 2.64 2.63 2.65 2.76 2.90 2.90 2.78 2.71 2.68 2.71 2.70 2.66 2.71 2.64 2.58 2.55 2.52 2.53 2.48 2.43 2.43 2.52 2.61 2.50 2.30 2.12 2.01 2.08 2.32 2.43 2.34 2.30 2.33 2.35 2.39 2.41 2.41 2.41 2.41 2.40 2.38 2.37
2.80 2.67 2.51 2.45 2.39 2.31 2.24 2.17 2.17 2.11 1.97 1.89 1.72 1.72 1.94 2.29 2.81 2.84 2.71 2.96 2.92 2.68 2.51 2.34 2.09 2.06 2.23 2.23 2.22 2.56 2.80 2.96 3.23 3.32 3.29 3.29 3.24 3.18 3.17 3.07 2.84 2.67 2.64 2.67 2.65 2.63 2.70 2.71 2.60 2.57 2.65 2.70 2.71 2.69 2.67 2.61 2.53 2.50 2.52 2.54 2.46 2.34 2.32 2.47 2.54 2.41 2.23 2.05 1.95 2.06 2.29 2.35 2.24 2.18 2.20 2.30 2.38 2.40 2.38 2.38 2.38 2.37 2.35 2.32
2.30 2.18 2.07 2.13 2.19 2.16 2.10 1.99 2.05 2.14 2.02 1.93 1.90 1.88 1.95 2.16 2.50 2.60 2.47 2.50 2.46 2.46 2.49 2.31 2.13 2.17 2.41 2.46 2.48 2.77 2.90 3.05 3.27 3.32 3.37 3.51 3.49 3.30 3.22 3.13 2.94 2.71 2.65 2.70 2.63 2.57 2.60 2.60 2.53 2.57 2.69 2.72 2.70 2.67 2.62 2.55 2.48 2.46 2.49 2.49 2.38 2.26 2.29 2.40 2.40 2.32 2.20 2.01 1.91 2.03 2.17 2.20 2.19 2.11 2.15 2.35 2.43 2.35 2.30 2.35 2.39 2.37 2.32 2.28
1.81 1.73 1.69 1.81 1.98 2.02 1.94 1.84 1.96 2.19 2.13 2.04 2.02 1.93 1.93 2.01 2.18 2.26 2.13 2.07 2.17 2.36 2.29 2.12 2.16 2.24 2.43 2.57 2.79 3.03 3.16 3.29 3.18 3.13 3.51 3.95 3.87 3.48 3.26 3.12 2.92 2.70 2.69 2.71 2.60 2.55 2.53 2.51 2.52 2.57 2.70 2.72 2.64 2.61 2.58 2.50 2.42 2.40 2.42 2.40 2.31 2.26 2.31 2.35 2.32 2.27 2.17 1.96 1.85 1.94 2.04 2.09 2.17 2.20 2.29 2.45 2.45 2.27 2.24 2.42 2.48 2.38 2.28 2.23
1.39 1.34 1.36 1.53 1.77 1.87 1.85 1.80 1.92 2.26 2.33 2.19 2.00 1.82 1.83 1.83 1.91 1.96 1.79 1.72 1.98 2.37 2.15 1.81 2.01 2.26 2.34 2.52 3.04 3.40 3.45 3.33 2.81 2.88 3.89 4.46 4.07 3.38 3.12 3.06 2.85 2.71 2.75 2.71 2.63 2.59 2.51 2.50 2.51 2.52 2.59 2.60 2.53 2.52 2.51 2.44 2.37 2.35 2.35 2.31 2.28 2.29 2.31 2.32 2.29 2.20 2.10 1.94 1.80 1.81 1.94 2.05 2.17 2.28 2.34 2.42 2.40 2.31 2.35 2.52 2.54 2.35 2.22 2.17
1.10 1.04 1.12 1.38 1.63 1.82 1.99 2.00 2.12 2.28 2.26 2.01 1.69 1.60 1.75 1.77 1.77 1.69 1.51 1.53 1.91 2.39 2.16 1.62 1.70 2.09 2.28 2.37 3.11 3.75 3.50 3.15 2.54 2.85 4.39 4.64 3.78 3.11 3.13 3.18 2.84 2.69 2.79 2.77 2.66 2.60 2.55 2.53 2.48 2.44 2.47 2.49 2.46 2.44 2.41 2.36 2.33 2.32 2.32 2.27 2.26 2.33 2.31 2.24 2.18 2.09 2.00 1.92 1.79 1.74 1.85 2.03 2.19 2.28 2.35 2.41 2.43 2.41 2.37 2.42 2.43 2.30 2.18 2.11
0.98 0.92 1.10 1.50 1.83 2.05 2.08 2.00 1.95 1.92 1.91 1.79 1.50 1.53 1.79 1.89 1.75 1.38 1.25 1.56 2.07 2.39 2.08 1.57 1.48 1.85 2.20 2.26 3.09 3.89 3.46 3.04 2.67 3.11 4.52 4.36 3.37 3.15 3.41 3.18 2.55 2.55 2.85 2.77 2.59 2.59 2.57 2.45 2.36 2.37 2.42 2.46 2.44 2.38 2.33 2.29 2.28 2.31 2.34 2.27 2.24 2.33 2.29 2.10 2.03 2.01 1.93 1.89 1.79 1.68 1.72 1.99 2.25 2.32 2.38 2.42 2.44 2.39 2.26 2.26 2.32 2.30 2.18 2.05
1.07 1.04 1.32 1.68 1.85 1.86 1.71 1.61 1.60 1.60 1.71 1.70 1.49 1.56 1.91 2.11 1.75 1.07 1.02 1.62 2.24 2.41 1.98 1.58 1.50 1.74 2.04 2.24 3.13 3.84 3.45 3.02 2.80 3.31 4.46 4.25 3.53 3.58 3.44 2.75 2.27 2.62 2.89 2.65 2.53 2.61 2.53 2.33 2.28 2.34 2.39 2.40 2.35 2.30 2.29 2.26 2.23 2.30 2.35 2.21 2.15 2.24 2.18 1.95 1.91 1.96 1.93 1.87 1.76 1.65 1.71 2.04 2.33 2.32 2.32 2.36 2.35 2.27 2.18 2.19 2.25 2.30 2.18 1.96
1.17 1.17 1.35 1.50 1.50 1.43 1.35 1.37 1.42 1.44 1.56 1.66 1.58 1.67 2.10 2.30 1.73 0.92 0.89 1.55 2.24 2.49 2.03 1.63 1.58 1.78 2.10 2.41 3.03 3.58 3.48 3.06 2.82 3.41 4.54 4.54 4.03 3.76 3.15 2.41 2.40 2.70 2.77 2.60 2.55 2.53 2.35 2.20 2.22 2.30 2.32 2.27 2.18 2.20 2.28 2.23 2.17 2.24 2.28 2.15 2.07 2.10 2.05 1.92 1.89 1.96 1.97 1.85 1.73 1.69 1.79 2.05 2.26 2.24 2.24 2.28 2.23 2.15 2.14 2.17 2.22 2.28 2.15 1.92
1.12 1.06 1.10 1.14 1.17 1.20 1.21 1.26 1.32 1.30 1.39 1.75 1.87 1.86 2.22 2.37 1.67 0.98 0.97 1.49 2.10 2.51 2.18 1.61 1.53 2.00 2.34 2.60 2.87 3.15 3.32 3.16 3.00 3.74 4.79 4.69 4.10 3.43 2.58 2.28 2.31 2.31 2.49 2.72 2.64 2.40 2.17 2.08 2.13 2.21 2.25 2.16 2.08 2.17 2.26 2.18 2.12 2.18 2.24 2.15 2.03 1.99 1.97 1.95 1.94 1.96 1.96 1.85 1.74 1.72 1.78 1.96 2.13 2.16 2.17 2.21 2.17 2.10 2.13 2.19 2.24 2.27 2.11 1.88
1.13 0.98 0.88 0.90 1.01 1.10 1.14 1.20 1.23 1.18 1.34 1.91 2.14 1.98 2.19 2.37 1.73 1.23 1.46 1.71 2.04 2.40 2.16 1.54 1.54 2.22 2.54 2.73 2.75 2.79 3.03 3.19 3.36 4.19 4.86 4.32 3.39 2.63 2.12 1.96 1.80 1.90 2.50 2.86 2.57 2.18 2.04 2.06 2.11 2.16 2.17 2.09 2.07 2.16 2.21 2.16 2.11 2.13 2.18 2.13 2.02 1.92 1.92 2.00 1.96 1.93 1.93 1.87 1.85 1.82 1.83 1.98 2.12 2.12 2.11 2.17 2.16 2.11 2.12 2.15 2.26 2.25 1.98 1.77
