windninja/windninja_output/Output_2025-10-23_0500-0550_Google earth_Fire_150m_10min/merlingen_7.5mi_point_10-23-2025_0550_150m_vel.asc
ncols	158
nrows	163
xllcorner	391686.332397
yllcorner	5160024.123721
cellsize	150.000000
NODATA_value	-32768.000000
[rows 0 to 37 of 163, columns 0 to 83 of 158]
3.17 3.21 3.24 3.19 3.24 3.33 3.15 3.09 3.26 3.26 3.16 3.07 3.29 3.87 4.14 3.96 3.61 3.30 3.32 3.42 2.99 2.54 2.92 3.29 3.32 3.13 2.88 2.90 3.10 3.10 3.03 3.06 3.05 2.96 2.99 3.09 2.88 2.76 2.80 2.68 2.69 2.79 2.74 2.74 2.73 2.63 2.63 2.52 2.42 2.46 2.45 2.44 2.47 2.43 2.35 2.33 2.33 2.36 2.38 2.32 2.23 2.23 2.24 2.23 2.23 2.24 2.28 2.30 2.25 2.14 2.04 1.99 1.99 2.02 2.07 2.04 1.99 2.00 1.98 1.91 1.86 1.85 1.92 1.94
3.07 3.19 3.25 3.16 3.25 3.30 3.08 3.06 3.27 3.25 3.07 2.79 2.83 3.44 3.98 4.12 3.86 3.47 3.51 3.59 2.96 2.35 2.59 3.12 3.40 3.25 2.91 2.85 3.02 3.05 3.02 3.04 3.04 2.97 2.97 3.12 2.98 2.84 2.83 2.68 2.67 2.75 2.73 2.80 2.80 2.68 2.70 2.61 2.42 2.39 2.41 2.41 2.44 2.41 2.33 2.30 2.32 2.36 2.41 2.34 2.21 2.19 2.20 2.19 2.16 2.16 2.24 2.33 2.33 2.20 2.03 1.95 1.95 2.00 2.04 2.01 1.97 2.04 2.03 1.89 1.80 1.82 1.90 1.93
2.89 3.16 3.23 3.11 3.24 3.12 2.91 3.08 3.29 3.20 2.84 2.26 2.16 2.78 3.67 4.31 4.22 3.81 3.82 3.72 3.01 2.30 2.21 2.71 3.32 3.36 3.03 2.86 2.89 2.94 3.00 3.03 3.00 3.00 3.02 3.07 3.05 2.97 2.87 2.72 2.69 2.71 2.73 2.89 2.87 2.74 2.75 2.70 2.47 2.32 2.36 2.37 2.36 2.38 2.32 2.28 2.31 2.34 2.40 2.36 2.22 2.14 2.14 2.16 2.09 2.06 2.18 2.36 2.44 2.26 2.01 1.91 1.94 1.99 2.01 1.92 1.92 2.10 2.10 1.84 1.68 1.80 1.89 1.85
2.78 3.10 3.21 3.10 3.17 2.93 2.83 3.19 3.33 3.10 2.56 1.86 1.90 2.49 3.36 4.38 4.43 4.08 3.96 3.71 3.15 2.61 2.20 2.26 2.98 3.28 3.15 2.99 2.84 2.88 3.04 3.08 3.05 3.08 3.05 3.01 3.01 3.01 2.93 2.81 2.76 2.72 2.81 2.95 2.89 2.78 2.73 2.67 2.51 2.39 2.35 2.27 2.28 2.37 2.35 2.30 2.32 2.33 2.35 2.36 2.26 2.13 2.10 2.14 2.08 2.04 2.15 2.37 2.49 2.27 1.98 1.93 1.98 1.99 1.96 1.86 1.88 2.09 2.12 1.81 1.56 1.78 1.93 1.79
2.70 2.96 3.17 3.13 3.12 2.94 2.95 3.31 3.32 2.89 2.24 1.66 1.72 2.37 3.40 4.39 4.56 4.22 3.92 3.74 3.41 2.97 2.36 2.04 2.63 3.02 3.08 3.02 2.84 2.89 3.05 3.17 3.26 3.21 3.04 2.99 3.01 3.03 3.03 2.92 2.79 2.77 2.92 2.98 2.87 2.78 2.68 2.58 2.51 2.46 2.33 2.21 2.25 2.37 2.39 2.34 2.34 2.34 2.32 2.33 2.27 2.14 2.08 2.12 2.09 2.05 2.12 2.37 2.50 2.24 1.99 1.99 2.02 1.98 1.91 1.88 1.90 2.02 2.05 1.81 1.54 1.68 1.94 1.84
2.75 2.87 3.07 3.13 3.16 3.09 3.15 3.35 3.12 2.54 2.04 1.68 1.61 2.32 3.56 4.26 4.51 4.31 3.89 3.77 3.69 3.38 2.63 2.09 2.38 2.73 2.84 2.88 2.83 2.85 2.96 3.20 3.43 3.34 3.10 3.02 3.08 3.13 3.13 3.01 2.84 2.84 2.95 2.93 2.81 2.75 2.65 2.54 2.49 2.42 2.29 2.24 2.28 2.36 2.41 2.39 2.38 2.37 2.33 2.30 2.25 2.13 2.07 2.11 2.10 2.06 2.11 2.36 2.46 2.18 2.02 2.08 2.09 1.95 1.85 1.91 1.98 1.99 1.88 1.72 1.64 1.72 1.89 1.88
2.87 2.92 2.99 3.09 3.22 3.21 3.27 3.25 2.81 2.30 2.01 1.76 1.63 2.34 3.62 4.12 4.26 4.28 4.00 3.82 3.86 3.76 3.04 2.28 2.26 2.47 2.58 2.71 2.75 2.75 2.88 3.22 3.45 3.34 3.22 3.20 3.21 3.21 3.16 3.02 2.90 2.89 2.91 2.85 2.73 2.71 2.64 2.52 2.46 2.34 2.23 2.29 2.35 2.36 2.43 2.46 2.44 2.42 2.34 2.29 2.23 2.10 2.05 2.10 2.12 2.09 2.12 2.34 2.40 2.10 2.01 2.18 2.18 1.91 1.78 1.90 2.04 2.01 1.70 1.59 1.79 1.88 1.85 1.85
2.95 3.00 3.02 3.07 3.20 3.23 3.25 3.08 2.63 2.28 2.09 1.85 1.75 2.39 3.53 4.03 3.96 4.11 4.10 3.88 3.99 4.03 3.44 2.64 2.24 2.18 2.40 2.63 2.61 2.60 2.89 3.25 3.34 3.26 3.34 3.42 3.32 3.22 3.14 3.03 2.94 2.91 2.88 2.82 2.73 2.69 2.61 2.52 2.43 2.26 2.20 2.31 2.34 2.35 2.52 2.57 2.50 2.47 2.38 2.30 2.20 2.02 1.98 2.07 2.14 2.15 2.17 2.31 2.33 2.07 2.00 2.23 2.21 1.93 1.78 1.85 2.03 1.98 1.60 1.54 1.96 2.04 1.81 1.78
2.97 3.05 3.11 3.09 3.11 3.14 3.12 2.95 2.64 2.39 2.22 2.01 1.89 2.33 3.38 3.92 3.83 3.94 4.03 3.95 4.10 4.16 3.76 3.08 2.39 2.05 2.28 2.56 2.45 2.51 2.98 3.22 3.15 3.25 3.48 3.51 3.32 3.17 3.11 3.04 2.98 2.94 2.89 2.83 2.78 2.68 2.56 2.54 2.41 2.18 2.22 2.35 2.24 2.30 2.65 2.71 2.56 2.51 2.43 2.29 2.14 1.96 1.87 1.97 2.11 2.24 2.28 2.29 2.24 2.07 2.06 2.20 2.14 1.96 1.82 1.83 1.98 1.87 1.57 1.65 2.11 2.16 1.82 1.72
2.98 3.06 3.18 3.13 3.04 3.02 2.99 2.91 2.73 2.52 2.38 2.19 2.02 2.27 3.10 3.75 3.85 3.87 3.84 3.96 4.18 4.19 4.00 3.40 2.67 2.15 2.12 2.41 2.39 2.51 3.07 3.15 2.98 3.25 3.55 3.51 3.28 3.10 3.07 3.08 3.04 3.00 2.94 2.85 2.82 2.69 2.54 2.55 2.41 2.11 2.20 2.35 2.19 2.33 2.74 2.83 2.61 2.49 2.42 2.22 2.10 2.00 1.80 1.77 2.07 2.34 2.38 2.28 2.10 2.03 2.14 2.20 2.09 1.95 1.85 1.83 1.92 1.77 1.58 1.84 2.20 2.23 1.90 1.72
2.99 3.07 3.19 3.14 3.01 2.96 2.95 2.94 2.81 2.62 2.52 2.35 2.15 2.22 2.81 3.56 3.87 3.92 3.76 3.88 4.16 4.20 4.12 3.58 2.90 2.40 2.02 2.19 2.43 2.61 3.04 3.06 2.92 3.21 3.47 3.44 3.25 3.06 3.07 3.13 3.09 3.05 3.00 2.86 2.84 2.75 2.52 2.52 2.42 2.12 2.21 2.31 2.21 2.45 2.75 2.87 2.63 2.41 2.34 2.18 2.16 2.10 1.78 1.72 2.13 2.37 2.38 2.22 1.90 1.94 2.21 2.27 2.10 1.90 1.82 1.83 1.92 1.83 1.69 1.96 2.21 2.22 2.00 1.83
3.03 3.10 3.18 3.13 3.01 2.97 2.98 2.98 2.86 2.70 2.63 2.48 2.27 2.19 2.65 3.45 3.84 3.94 3.84 3.85 4.06 4.16 4.13 3.69 3.10 2.57 2.03 2.11 2.48 2.69 2.91 2.97 2.97 3.17 3.32 3.32 3.23 3.09 3.14 3.15 3.07 3.10 3.02 2.83 2.88 2.85 2.54 2.43 2.42 2.28 2.29 2.26 2.23 2.52 2.71 2.79 2.64 2.38 2.25 2.17 2.25 2.20 1.91 1.93 2.25 2.33 2.31 2.09 1.73 1.89 2.24 2.30 2.14 1.87 1.75 1.84 1.99 2.03 1.96 2.03 2.11 2.15 2.09 2.07
3.08 3.12 3.15 3.11 3.04 3.03 3.03 2.98 2.89 2.78 2.70 2.57 2.35 2.22 2.63 3.47 3.84 3.85 3.90 3.93 3.99 4.04 4.01 3.70 3.19 2.62 2.19 2.25 2.54 2.70 2.83 2.95 3.06 3.12 3.13 3.24 3.23 3.17 3.19 3.08 3.03 3.12 2.96 2.79 2.91 2.90 2.62 2.45 2.51 2.53 2.41 2.24 2.25 2.54 2.76 2.71 2.54 2.32 2.16 2.22 2.38 2.33 2.18 2.22 2.28 2.24 2.19 1.98 1.74 1.92 2.16 2.24 2.20 1.92 1.78 1.93 2.07 2.19 2.15 2.00 1.99 2.11 2.18 2.30
3.12 3.14 3.14 3.10 3.07 3.08 3.04 2.98 2.93 2.85 2.76 2.65 2.40 2.27 2.72 3.54 3.93 3.79 3.84 4.01 3.95 3.85 3.80 3.57 3.17 2.73 2.42 2.45 2.61 2.71 2.85 2.99 3.12 3.04 2.95 3.22 3.30 3.22 3.17 2.98 3.01 3.08 2.86 2.77 2.90 2.85 2.60 2.53 2.72 2.78 2.52 2.31 2.28 2.56 2.89 2.72 2.37 2.10 2.01 2.28 2.57 2.52 2.49 2.45 2.26 2.16 2.12 2.10 1.99 1.91 1.99 2.16 2.28 2.09 1.90 1.94 2.11 2.26 2.17 1.97 2.00 2.15 2.25 2.36
3.16 3.16 3.15 3.12 3.10 3.09 3.04 3.01 2.98 2.90 2.83 2.74 2.48 2.32 2.75 3.62 4.09 3.85 3.71 3.90 3.83 3.62 3.56 3.42 3.16 2.87 2.61 2.61 2.68 2.72 2.93 3.12 3.10 2.96 2.92 3.19 3.28 3.23 3.15 2.95 2.96 2.93 2.88 2.90 2.85 2.75 2.55 2.41 2.67 2.95 2.80 2.45 2.31 2.61 2.96 2.81 2.31 1.88 1.82 2.28 2.75 2.77 2.72 2.49 2.23 2.22 2.24 2.33 2.23 1.91 1.85 2.17 2.36 2.17 1.88 1.89 2.09 2.16 2.10 2.11 2.18 2.19 2.22 2.25
3.18 3.18 3.17 3.15 3.11 3.09 3.06 3.04 3.02 2.95 2.90 2.82 2.62 2.40 2.72 3.72 4.19 3.90 3.61 3.65 3.64 3.44 3.33 3.26 3.20 3.05 2.71 2.64 2.76 2.77 3.04 3.25 3.05 2.93 2.97 3.04 3.13 3.22 3.13 3.00 2.94 2.80 2.95 3.12 2.79 2.64 2.69 2.38 2.30 2.80 3.05 2.67 2.46 2.71 2.90 2.87 2.47 1.88 1.75 2.30 2.88 3.00 2.80 2.31 2.20 2.45 2.46 2.47 2.43 2.00 1.85 2.17 2.31 2.04 1.84 1.90 1.96 1.98 2.11 2.37 2.32 2.09 2.09 2.08
3.20 3.20 3.19 3.16 3.12 3.10 3.09 3.06 3.06 3.02 2.98 2.90 2.79 2.58 2.78 3.68 4.12 3.91 3.60 3.49 3.44 3.28 3.13 3.13 3.26 3.20 2.79 2.62 2.80 2.92 3.15 3.20 2.93 2.90 2.98 3.00 3.09 3.17 3.07 3.01 2.96 2.81 3.00 3.17 2.83 2.64 2.79 2.55 2.31 2.66 3.01 2.82 2.66 2.74 2.74 2.77 2.65 2.15 1.87 2.44 3.00 3.10 2.74 2.14 2.18 2.62 2.68 2.60 2.50 2.12 1.89 2.00 2.12 1.97 1.88 1.86 1.79 1.97 2.33 2.50 2.20 1.90 1.93 1.90
3.22 3.22 3.20 3.17 3.15 3.13 3.12 3.11 3.10 3.09 3.05 2.97 2.91 2.81 2.93 3.51 3.95 3.86 3.61 3.45 3.31 3.14 3.01 3.09 3.26 3.21 2.91 2.72 2.81 3.01 3.14 3.01 2.81 2.88 3.04 3.16 3.18 3.10 3.00 3.02 3.01 2.94 3.02 3.04 2.90 2.79 2.75 2.66 2.69 2.87 2.92 2.81 2.72 2.69 2.61 2.64 2.74 2.49 2.20 2.54 3.03 3.08 2.62 2.15 2.24 2.67 2.87 2.72 2.41 2.13 2.00 1.93 2.04 2.04 1.83 1.75 1.80 2.10 2.42 2.29 1.93 1.83 1.81 1.74
3.24 3.23 3.21 3.19 3.17 3.16 3.15 3.16 3.14 3.12 3.10 3.06 3.02 2.99 3.06 3.38 3.75 3.72 3.52 3.40 3.26 3.10 3.01 3.11 3.21 3.16 3.03 2.89 2.83 2.94 2.99 2.83 2.73 2.84 3.09 3.33 3.33 3.13 2.96 3.05 3.07 2.99 3.04 2.96 2.90 2.95 2.87 2.76 2.86 3.01 2.91 2.74 2.64 2.59 2.56 2.63 2.75 2.67 2.50 2.63 2.99 3.00 2.55 2.27 2.38 2.68 2.93 2.72 2.32 2.28 2.22 1.97 1.99 1.98 1.72 1.67 1.78 1.99 2.21 2.05 1.86 1.84 1.72 1.61
3.26 3.25 3.23 3.21 3.19 3.19 3.20 3.21 3.19 3.12 3.13 3.16 3.12 3.10 3.16 3.34 3.55 3.53 3.40 3.35 3.26 3.13 3.06 3.10 3.16 3.14 3.08 2.98 2.85 2.82 2.77 2.67 2.69 2.86 3.15 3.42 3.49 3.24 2.97 3.08 3.07 2.99 3.05 2.97 2.96 3.10 3.13 2.87 2.78 3.01 3.00 2.78 2.61 2.52 2.59 2.66 2.69 2.74 2.71 2.70 2.86 2.91 2.62 2.42 2.50 2.70 2.85 2.71 2.52 2.55 2.32 1.91 1.86 1.85 1.69 1.57 1.54 1.73 1.98 2.00 1.91 1.86 1.72 1.54
3.29 3.28 3.25 3.22 3.21 3.22 3.24 3.26 3.23 3.13 3.15 3.24 3.19 3.15 3.22 3.31 3.39 3.37 3.33 3.33 3.27 3.15 3.08 3.10 3.14 3.11 3.07 2.99 2.86 2.75 2.62 2.53 2.67 2.97 3.26 3.48 3.61 3.37 3.01 3.05 3.04 2.99 3.03 3.03 3.15 3.24 3.20 2.92 2.75 2.97 3.07 2.91 2.71 2.57 2.58 2.59 2.62 2.72 2.79 2.74 2.71 2.89 2.82 2.57 2.60 2.76 2.80 2.81 2.82 2.63 2.13 1.70 1.71 1.81 1.68 1.39 1.31 1.58 1.90 2.02 1.99 1.89 1.75 1.54
3.32 3.30 3.25 3.23 3.25 3.25 3.27 3.29 3.26 3.18 3.19 3.27 3.25 3.21 3.24 3.28 3.28 3.30 3.31 3.32 3.26 3.14 3.09 3.10 3.09 3.07 3.04 2.97 2.86 2.71 2.53 2.39 2.64 3.15 3.36 3.49 3.68 3.44 3.02 2.98 2.98 2.99 3.08 3.19 3.32 3.29 3.17 3.02 2.87 2.95 3.10 3.02 2.83 2.64 2.52 2.51 2.59 2.65 2.70 2.73 2.67 2.92 3.01 2.71 2.74 2.89 2.87 2.94 2.86 2.35 1.78 1.56 1.68 1.87 1.69 1.28 1.18 1.46 1.83 2.06 2.04 1.85 1.75 1.59
3.34 3.31 3.27 3.27 3.29 3.27 3.27 3.30 3.29 3.26 3.24 3.27 3.30 3.26 3.25 3.26 3.24 3.27 3.31 3.30 3.24 3.14 3.09 3.07 3.02 3.02 3.00 2.95 2.87 2.74 2.51 2.32 2.72 3.31 3.42 3.48 3.60 3.43 3.10 2.95 2.92 3.00 3.18 3.33 3.41 3.37 3.26 3.13 2.98 2.93 3.09 3.05 2.86 2.71 2.58 2.53 2.59 2.58 2.49 2.63 2.72 2.99 3.17 2.97 3.04 3.08 2.95 2.87 2.54 1.96 1.60 1.55 1.79 2.01 1.76 1.29 1.09 1.36 1.75 2.01 2.03 1.82 1.80 1.67
3.35 3.32 3.31 3.32 3.32 3.29 3.28 3.30 3.34 3.35 3.29 3.26 3.31 3.31 3.28 3.25 3.23 3.26 3.31 3.27 3.20 3.14 3.08 3.02 2.96 2.96 2.95 2.93 2.92 2.83 2.58 2.42 2.82 3.29 3.42 3.50 3.48 3.35 3.22 3.03 2.92 3.04 3.20 3.37 3.60 3.53 3.24 3.15 3.03 2.92 3.08 3.05 2.88 2.85 2.72 2.55 2.57 2.51 2.29 2.43 2.76 3.09 3.40 3.48 3.38 3.06 2.73 2.48 2.07 1.73 1.58 1.65 2.00 2.18 1.81 1.24 1.05 1.33 1.62 1.81 1.94 1.88 1.86 1.76
3.37 3.35 3.34 3.35 3.34 3.31 3.28 3.32 3.40 3.42 3.35 3.26 3.29 3.35 3.31 3.26 3.25 3.27 3.30 3.24 3.17 3.14 3.06 2.96 2.89 2.87 2.85 2.94 3.11 3.01 2.70 2.59 2.81 3.12 3.36 3.47 3.44 3.39 3.33 3.14 2.98 3.03 3.17 3.51 3.84 3.48 3.09 3.16 3.10 2.98 3.07 3.05 2.98 2.97 2.81 2.58 2.53 2.42 2.19 2.26 2.69 3.25 3.78 3.86 3.31 2.67 2.27 1.95 1.74 1.67 1.67 1.89 2.31 2.26 1.64 1.10 1.08 1.35 1.49 1.58 1.79 1.90 1.84 1.79
3.41 3.38 3.36 3.36 3.36 3.33 3.29 3.37 3.47 3.45 3.37 3.30 3.31 3.35 3.31 3.28 3.29 3.28 3.28 3.22 3.16 3.11 3.02 2.90 2.80 2.70 2.72 3.01 3.39 3.23 2.83 2.76 2.83 2.94 3.21 3.34 3.39 3.59 3.52 3.20 3.06 3.05 3.23 3.73 3.81 3.21 3.04 3.22 3.18 3.10 3.07 3.11 3.10 3.03 2.88 2.62 2.42 2.27 2.16 2.24 2.75 3.66 4.16 3.76 2.89 2.27 1.88 1.59 1.59 1.75 1.95 2.34 2.51 2.09 1.38 0.98 1.22 1.47 1.45 1.47 1.70 1.84 1.74 1.77
3.42 3.40 3.38 3.39 3.38 3.34 3.33 3.44 3.52 3.45 3.38 3.36 3.37 3.34 3.30 3.31 3.33 3.29 3.27 3.23 3.15 3.07 2.96 2.83 2.69 2.47 2.53 3.15 3.61 3.42 3.05 2.99 2.97 2.87 2.98 3.07 3.27 3.82 3.81 3.31 3.13 3.20 3.41 3.74 3.56 3.01 3.07 3.31 3.32 3.17 3.04 3.16 3.19 3.15 3.05 2.55 2.10 2.12 2.28 2.52 3.32 4.24 4.14 3.23 2.44 1.98 1.60 1.39 1.53 1.96 2.48 2.70 2.40 1.82 1.16 0.87 1.30 1.69 1.56 1.51 1.68 1.72 1.62 1.72
3.42 3.43 3.42 3.41 3.41 3.37 3.39 3.51 3.52 3.44 3.41 3.42 3.42 3.35 3.31 3.35 3.36 3.30 3.27 3.22 3.14 3.05 2.91 2.75 2.57 2.24 2.33 3.18 3.69 3.52 3.38 3.35 3.15 2.94 2.85 2.77 3.07 3.89 4.11 3.52 3.18 3.43 3.54 3.56 3.35 2.92 2.99 3.32 3.47 3.20 2.94 3.19 3.32 3.36 3.13 2.20 1.67 2.10 2.65 3.12 3.93 4.32 3.59 2.56 2.06 1.80 1.46 1.32 1.62 2.28 2.87 2.73 2.13 1.57 1.01 0.79 1.29 1.90 1.81 1.58 1.60 1.57 1.56 1.74
3.42 3.45 3.45 3.44 3.43 3.41 3.46 3.55 3.50 3.44 3.44 3.46 3.45 3.41 3.36 3.38 3.38 3.31 3.26 3.22 3.14 3.04 2.88 2.70 2.44 2.07 2.22 3.05 3.54 3.48 3.65 3.78 3.40 3.14 2.98 2.73 2.96 3.79 4.31 3.74 3.34 3.61 3.52 3.43 3.23 2.85 2.87 3.19 3.56 3.34 2.91 3.16 3.43 3.49 3.05 1.85 1.44 2.24 3.12 3.69 4.12 3.90 3.00 2.12 1.79 1.66 1.38 1.36 1.95 2.67 2.99 2.60 1.92 1.38 0.92 0.81 1.24 1.97 2.00 1.67 1.55 1.47 1.54 1.76
3.45 3.47 3.46 3.47 3.49 3.48 3.52 3.55 3.49 3.46 3.47 3.49 3.50 3.48 3.44 3.40 3.39 3.33 3.26 3.22 3.14 3.03 2.88 2.67 2.36 2.05 2.26 2.89 3.16 3.21 3.71 4.13 3.82 3.61 3.44 2.97 2.94 3.77 4.42 3.91 3.58 3.65 3.39 3.37 3.10 2.73 2.83 3.08 3.58 3.48 2.93 3.09 3.42 3.45 2.94 1.82 1.48 2.35 3.42 4.10 4.03 3.26 2.47 1.92 1.69 1.60 1.35 1.51 2.39 2.99 2.94 2.35 1.70 1.27 0.95 0.95 1.33 1.87 2.09 1.90 1.59 1.39 1.45 1.67
3.50 3.49 3.46 3.48 3.56 3.57 3.54 3.53 3.52 3.49 3.49 3.53 3.54 3.54 3.51 3.44 3.40 3.34 3.28 3.23 3.14 3.02 2.89 2.65 2.37 2.20 2.36 2.68 2.74 2.82 3.45 4.21 4.36 4.39 3.99 3.06 2.92 3.82 4.48 4.03 3.66 3.52 3.19 3.23 2.99 2.67 2.90 3.26 3.60 3.38 2.93 3.04 3.24 3.36 2.95 1.87 1.65 2.52 3.61 4.29 3.73 2.56 2.02 1.87 1.79 1.66 1.42 1.68 2.67 3.19 2.72 1.96 1.57 1.34 1.10 1.15 1.33 1.66 2.09 2.14 1.70 1.33 1.33 1.55
3.58 3.51 3.43 3.48 3.67 3.67 3.53 3.52 3.56 3.53 3.53 3.57 3.59 3.59 3.57 3.50 3.43 3.38 3.30 3.22 3.13 3.03 2.88 2.68 2.49 2.37 2.39 2.45 2.38 2.54 3.26 4.18 4.75 5.02 4.29 2.85 2.82 4.00 4.47 3.94 3.53 3.24 2.96 3.07 2.94 2.74 3.06 3.44 3.42 3.11 2.95 2.97 3.01 3.27 2.98 1.96 2.00 2.88 3.75 4.29 3.49 2.12 1.67 1.84 2.05 1.86 1.55 1.79 2.79 3.20 2.40 1.74 1.67 1.53 1.26 1.21 1.24 1.52 2.05 2.25 1.82 1.30 1.27 1.50
3.61 3.53 3.41 3.51 3.79 3.72 3.51 3.54 3.59 3.57 3.56 3.60 3.65 3.64 3.61 3.55 3.47 3.42 3.32 3.21 3.17 3.08 2.88 2.74 2.65 2.48 2.41 2.27 2.08 2.38 3.43 4.41 4.86 5.25 4.49 2.83 2.86 4.11 4.23 3.59 3.34 3.02 2.82 2.98 2.90 2.85 3.20 3.37 3.10 3.00 3.00 2.90 2.88 3.08 2.93 2.22 2.32 3.16 3.86 4.11 3.19 1.89 1.41 1.80 2.33 2.17 1.74 1.89 2.75 3.07 2.29 1.83 1.90 1.64 1.29 1.17 1.20 1.47 1.96 2.26 1.83 1.27 1.30 1.49
3.59 3.54 3.45 3.61 3.86 3.71 3.53 3.57 3.63 3.63 3.59 3.66 3.69 3.67 3.65 3.58 3.50 3.46 3.35 3.25 3.23 3.13 2.90 2.81 2.79 2.60 2.44 2.19 1.99 2.45 3.55 4.45 4.66 5.15 4.94 3.24 2.94 3.92 3.85 3.27 3.22 2.94 2.77 2.95 2.88 2.97 3.24 3.13 2.95 3.02 3.02 2.90 2.84 2.86 2.83 2.54 2.57 3.16 3.79 3.95 3.14 1.86 1.24 1.70 2.48 2.47 2.00 1.95 2.52 2.95 2.48 2.08 1.97 1.57 1.23 1.17 1.24 1.44 1.85 2.11 1.79 1.37 1.43 1.56
3.55 3.52 3.54 3.75 3.88 3.71 3.56 3.58 3.69 3.69 3.65 3.70 3.71 3.70 3.67 3.60 3.54 3.50 3.41 3.32 3.28 3.17 2.99 2.91 2.88 2.70 2.44 2.17 2.05 2.50 3.53 4.27 4.45 4.98 5.25 3.93 2.92 3.45 3.51 3.10 3.08 2.90 2.77 2.88 2.94 3.12 3.13 2.94 2.98 3.05 3.00 2.92 2.83 2.74 2.76 2.81 2.85 3.04 3.47 3.87 3.36 2.02 1.20 1.52 2.45 2.70 2.35 2.12 2.48 2.94 2.59 2.10 1.83 1.45 1.21 1.20 1.28 1.44 1.65 1.81 1.75 1.56 1.59 1.69
3.53 3.52 3.63 3.86 3.89 3.71 3.58 3.62 3.75 3.76 3.72 3.73 3.74 3.72 3.68 3.64 3.60 3.55 3.47 3.38 3.33 3.22 3.10 3.02 2.91 2.71 2.43 2.20 2.09 2.59 3.58 4.09 4.44 5.01 5.25 4.20 2.92 2.96 3.20 2.99 2.91 2.87 2.84 2.87 3.07 3.27 3.01 2.90 3.05 3.04 2.96 2.91 2.84 2.76 2.83 2.95 2.99 2.96 3.14 3.72 3.56 2.28 1.30 1.42 2.22 2.76 2.70 2.50 2.75 2.87 2.31 1.89 1.71 1.40 1.28 1.25 1.24 1.34 1.43 1.54 1.66 1.64 1.69 1.79
3.55 3.58 3.72 3.91 3.88 3.71 3.64 3.68 3.78 3.82 3.79 3.76 3.75 3.74 3.72 3.69 3.64 3.59 3.51 3.43 3.37 3.29 3.20 3.09 2.94 2.72 2.48 2.19 2.16 2.97 3.83 4.14 4.55 4.95 4.93 4.10 3.07 2.77 2.96 2.95 2.83 2.87 2.95 2.96 3.20 3.35 3.00 2.94 3.04 2.97 2.98 2.93 2.87 2.90 2.95 2.95 2.93 2.92 3.01 3.48 3.58 2.55 1.56 1.49 1.94 2.61 2.99 2.99 2.87 2.43 1.81 1.72 1.73 1.52 1.40 1.27 1.14 1.17 1.35 1.51 1.51 1.51 1.65 1.83
3.61 3.67 3.81 3.90 3.82 3.75 3.73 3.74 3.79 3.88 3.86 3.79 3.76 3.77 3.76 3.73 3.67 3.61 3.55 3.49 3.42 3.35 3.26 3.16 3.02 2.79 2.53 2.20 2.48 3.62 4.06 4.12 4.38 4.50 4.50 3.82 2.93 2.75 2.99 3.02 2.90 2.95 3.02 3.10 3.35 3.37 3.05 2.96 2.94 2.98 3.10 2.98 2.87 3.00 3.04 2.89 2.79 2.87 2.97 3.27 3.43 2.75 1.92 1.61 1.72 2.36 3.17 3.33 2.70 1.89 1.56 1.73 1.90 1.71 1.37 1.22 1.12 1.04 1.34 1.57 1.38 1.31 1.49 1.73
