windninja/windninja_output/Output_2025-10-23_0500-0550_Google earth_Fire_150m_10min/merlingen_7.5mi_point_10-23-2025_0540_150m_ang.asc
ncols	158
nrows	163
xllcorner	391686.332397
yllcorner	5160024.123721
cellsize	150.000000
NODATA_value	-32768.000000
[rows 94 to 140 of 163, columns 0 to 95 of 158]
85 82 78 77 78 76 71 61 50 59 62 56 50 46 48 62 72 81 86 77 57 34 26 30 41 66 81 86 89 90 90 93 97 101 101 99 98 98 98 100 100 96 88 86 87 90 94 95 95 95 97 104 111 110 110 113 109 104 101 98 99 102 105 106 106 106 106 106 107 107 108 108 109 109 110 111 112 113 114 115 116 117 118 118 117 115 112 106 99 94 93 94 94 95 95 95
83 80 77 80 81 77 72 68 72 76 74 67 62 60 64 74 76 80 77 63 44 38 34 40 52 70 80 84 86 86 88 94 98 100 101 100 99 99 99 99 101 102 95 87 84 86 90 94 96 98 100 101 104 106 106 108 108 106 104 102 101 103 105 106 106 106 106 107 107 108 108 108 109 109 110 111 111 112 113 114 115 115 115 115 114 113 110 106 102 100 98 98 97 97 97 97
83 81 79 79 77 70 64 64 75 88 88 80 71 69 76 81 81 83 74 49 41 45 47 57 68 79 83 85 86 89 92 94 95 96 99 100 100 99 99 100 102 106 102 95 89 88 90 93 97 99 97 93 93 99 102 104 107 106 105 104 103 104 105 106 107 107 107 107 108 108 108 108 109 109 110 110 111 112 112 113 113 113 114 113 112 111 109 107 105 102 101 100 99 99 98 98
86 84 81 78 73 66 61 59 65 77 83 80 77 74 79 83 86 85 69 46 41 49 59 71 81 86 87 87 90 95 96 93 90 91 95 99 100 101 101 101 102 106 108 103 98 94 93 94 95 93 89 86 88 93 98 100 103 105 105 106 105 105 106 107 107 108 108 108 108 108 109 109 109 109 110 110 111 111 112 112 112 112 112 112 111 110 109 107 105 104 102 101 101 100 100 99
86 85 82 78 76 71 65 62 63 66 70 75 82 86 87 89 88 79 61 49 46 54 68 79 84 81 83 88 91 94 95 93 91 91 93 96 99 102 103 103 103 106 110 106 101 98 97 95 92 89 87 87 87 90 95 97 99 102 105 105 106 106 107 108 109 110 109 109 109 109 109 109 109 110 110 110 111 111 111 112 112 112 111 111 110 110 108 107 106 105 103 102 102 101 100 100
84 83 80 80 81 79 75 72 68 65 66 71 77 88 91 87 81 70 58 51 53 64 76 80 71 63 74 84 89 91 92 93 94 94 95 97 99 101 104 106 106 107 110 108 102 99 98 95 91 88 87 88 88 89 92 96 97 99 102 104 105 105 106 108 110 111 111 110 110 110 110 110 110 110 110 110 111 111 111 111 111 111 111 111 110 109 108 107 106 105 104 103 103 102 101 101
82 80 79 79 79 77 76 76 72 69 69 70 73 80 84 80 76 71 62 59 68 80 82 71 55 58 71 81 87 90 91 94 96 99 100 100 100 99 101 106 109 109 111 111 105 100 97 95 91 89 88 88 89 89 91 93 95 96 99 103 105 104 104 106 109 112 113 113 111 111 110 110 110 110 111 111 111 111 111 111 111 111 111 110 110 109 108 107 107 106 105 104 103 103 102 102
82 81 79 77 75 74 74 73 73 72 71 70 69 70 72 73 74 74 70 75 87 90 77 59 54 62 72 80 85 89 91 94 98 102 104 105 103 101 101 105 110 111 111 112 108 101 96 94 92 91 89 88 89 90 90 91 92 94 96 100 104 104 103 104 107 111 113 114 113 111 110 111 111 111 111 111 111 111 111 111 111 111 111 110 110 109 108 108 107 106 105 105 104 103 103 102
81 81 79 76 73 73 73 73 73 73 72 71 68 65 67 72 74 74 75 83 87 78 62 59 60 67 75 81 86 90 93 96 99 102 105 108 108 107 105 105 109 112 111 113 112 104 97 94 93 91 89 88 88 89 90 91 92 93 93 95 100 104 104 103 104 108 111 113 113 111 110 112 113 112 112 111 112 112 112 112 112 111 111 110 110 109 109 108 107 107 106 105 104 104 103 103
80 79 78 75 73 73 73 73 73 74 74 73 73 76 80 80 79 78 79 83 76 59 58 63 65 68 75 83 88 92 96 97 98 100 103 108 113 112 108 106 108 112 113 114 114 110 101 95 91 89 89 88 89 89 89 90 91 92 92 93 97 101 103 102 102 105 108 110 111 109 109 111 114 114 113 112 112 112 112 112 112 112 111 111 110 110 109 108 108 107 106 106 105 105 104 103
79 78 76 74 74 74 74 74 74 76 78 80 84 92 96 95 89 84 83 79 68 59 61 65 66 68 74 81 88 94 97 97 97 98 102 106 112 115 111 108 109 112 114 115 115 112 105 97 92 89 88 88 89 90 90 90 90 91 92 94 96 98 100 101 101 102 104 107 109 108 107 107 111 113 113 112 113 114 114 113 113 113 112 112 111 110 110 109 108 107 107 106 106 105 104 104
78 76 73 72 73 75 75 75 75 78 82 86 92 97 101 101 96 89 83 76 69 66 67 67 67 69 74 80 86 91 96 98 98 98 99 103 109 114 114 112 111 112 113 114 115 114 108 100 94 90 88 87 87 88 90 90 90 89 90 92 94 95 98 101 100 100 102 106 108 107 106 104 105 109 111 111 113 115 114 114 114 115 114 113 112 111 110 109 109 108 107 107 106 105 105 104
76 74 71 70 71 73 73 73 75 78 83 88 92 96 99 99 95 90 84 77 73 74 73 70 69 71 76 79 82 86 92 97 100 98 96 100 107 113 114 113 110 109 110 112 113 113 109 103 97 92 88 86 85 84 85 88 89 90 90 90 91 94 97 98 99 100 101 105 107 106 104 103 102 104 108 110 113 114 113 113 116 118 117 114 113 112 111 110 109 108 108 107 106 106 105 104
71 69 67 68 69 71 72 74 75 78 82 85 87 89 92 95 94 91 86 80 77 79 82 78 72 73 75 74 77 86 93 96 98 93 92 99 103 106 107 108 108 104 103 105 107 108 107 102 97 94 90 87 85 84 82 83 86 89 89 89 90 93 95 97 98 99 99 102 107 106 103 103 103 103 105 107 109 113 114 113 115 119 120 117 115 113 112 111 110 109 108 107 107 106 106 105
67 64 63 67 69 70 72 74 76 77 78 79 80 80 84 89 92 90 85 82 82 85 88 87 78 74 75 74 76 85 92 94 92 85 91 98 97 89 86 89 88 89 89 89 91 96 99 97 93 90 88 86 86 85 83 81 82 85 87 88 87 90 94 96 96 97 98 100 105 108 104 102 103 104 104 104 106 111 114 113 111 115 120 120 118 115 113 111 110 109 108 108 107 107 106 106
62 60 63 68 70 72 72 72 74 75 75 75 75 77 81 86 90 88 81 81 87 91 91 91 87 81 79 77 78 85 90 89 87 82 87 90 78 60 49 48 46 51 58 58 59 67 74 80 82 82 82 81 81 82 83 82 80 81 84 86 86 87 90 93 94 96 99 100 103 108 107 102 102 104 105 104 105 107 110 111 109 110 116 122 121 117 114 112 111 109 109 108 108 107 107 106
56 58 67 72 75 77 75 74 74 74 74 74 74 76 80 87 91 86 77 78 85 92 96 96 98 93 85 81 82 86 88 86 82 76 77 69 35 11 8 13 11 8 8 6 10 21 32 45 61 71 75 75 75 76 79 80 80 80 83 85 86 86 86 88 91 93 98 101 103 107 109 105 103 103 104 104 103 103 105 108 109 108 111 118 121 119 116 113 111 110 109 108 108 108 107 106
51 59 69 74 77 76 75 76 75 74 74 75 77 79 82 87 91 88 77 76 80 88 99 103 101 101 99 92 82 80 82 82 73 58 38 13 353 347 351 353 350 352 353 346 343 352 5 16 31 48 60 66 70 72 75 77 79 80 81 83 86 86 85 85 87 89 93 100 104 108 111 108 104 102 102 102 102 100 100 103 106 107 109 113 117 119 116 114 112 110 108 108 108 109 108 107
53 60 69 72 73 73 73 73 74 73 71 74 81 83 84 87 90 88 79 75 74 81 92 102 101 103 109 108 94 78 72 69 51 5 340 340 342 345 346 344 343 345 341 337 339 343 349 356 4 19 38 52 62 67 71 73 75 77 79 81 85 87 86 86 87 88 90 93 101 109 112 111 107 103 101 100 100 99 97 98 101 105 107 110 114 116 114 112 109 107 107 109 110 110 110 108
52 56 64 68 71 74 74 74 72 70 69 75 81 83 83 86 88 86 81 75 72 75 81 92 97 98 104 110 110 91 69 51 3 315 315 325 335 340 340 338 337 332 325 327 336 340 341 343 348 357 15 35 47 58 64 68 73 78 79 80 83 87 90 90 91 91 91 91 95 103 110 111 109 106 102 99 99 99 97 95 95 99 103 105 109 112 109 106 105 103 108 113 114 111 109 107
45 48 57 64 68 72 74 75 72 70 74 79 80 77 78 82 83 76 82 80 72 68 70 76 80 82 84 89 97 95 66 359 309 302 306 314 323 330 333 334 330 321 318 324 332 336 338 342 344 348 358 13 30 45 55 62 69 77 81 83 86 93 98 99 102 103 101 99 99 103 109 112 111 110 105 99 97 98 98 94 91 92 95 98 101 106 104 101 102 105 110 115 115 110 106 105
34 40 50 57 62 65 68 70 73 77 83 85 79 68 69 76 76 58 63 88 77 64 56 54 56 57 50 27 4 349 332 307 292 292 301 309 316 322 326 326 322 319 321 326 330 335 340 345 345 345 350 359 13 29 43 52 62 78 92 101 108 122 136 142 140 141 140 137 132 129 129 127 121 119 115 104 97 95 96 94 90 88 89 90 92 96 98 99 103 106 109 111 111 107 103 105
25 32 44 52 58 61 62 62 68 79 87 86 75 64 64 66 60 30 4 59 62 46 34 32 31 26 17 352 326 331 331 315 296 290 296 306 316 322 321 318 318 319 324 327 329 334 340 342 341 341 344 352 5 18 26 30 34 85 176 205 203 200 207 216 217 209 206 206 203 199 191 184 167 151 142 125 105 94 92 93 90 87 85 82 82 85 92 97 102 104 104 105 106 106 107 108
19 25 39 49 54 58 57 57 64 70 78 80 69 58 57 55 40 8 345 350 10 10 7 6 5 1 1 347 327 324 323 311 303 301 305 311 316 322 319 317 320 323 325 326 327 331 335 337 338 339 343 352 3 13 18 349 280 247 232 232 231 226 229 233 233 229 227 228 228 227 226 224 222 221 220 211 166 104 84 79 80 80 79 75 73 76 85 93 96 98 98 99 103 107 109 110
18 18 33 44 49 53 49 50 59 63 64 61 46 42 46 36 8 341 333 333 336 336 338 338 337 340 344 339 334 334 329 323 321 314 315 321 326 329 323 321 326 328 326 323 322 326 332 337 339 342 345 354 4 15 18 324 265 249 243 243 241 239 239 241 239 235 233 233 234 235 236 235 234 236 241 248 253 258 281 19 48 60 62 59 62 69 78 87 91 91 90 93 99 103 105 107
18 12 25 39 41 42 39 43 56 58 52 40 11 359 7 349 325 321 322 322 319 312 310 315 318 319 323 325 328 331 329 329 325 317 317 322 330 335 333 334 335 332 327 323 323 326 331 334 338 343 347 355 7 19 23 317 259 250 247 247 247 245 244 244 240 237 235 234 235 238 240 239 238 239 242 246 252 262 271 283 315 9 27 27 37 53 66 76 81 83 83 85 89 92 98 105
14 6 11 25 28 28 23 20 31 32 20 2 347 334 320 299 296 304 315 317 315 306 299 298 302 306 309 313 316 318 319 321 319 315 313 316 325 331 336 344 344 339 333 330 330 331 332 335 340 344 348 355 8 22 27 319 258 255 252 250 250 246 242 240 236 238 241 238 237 240 242 242 243 243 243 244 247 254 263 271 285 306 330 346 355 14 37 57 67 71 73 75 76 82 92 104
11 1 357 5 11 8 0 353 338 335 320 311 324 328 315 291 282 290 305 311 309 302 295 293 294 297 301 307 310 310 310 310 310 311 310 312 318 320 330 343 345 342 333 330 331 332 334 339 346 349 350 355 7 23 32 338 264 258 253 250 249 240 234 232 231 239 248 251 249 247 245 244 246 248 247 245 246 249 257 267 278 291 306 318 327 342 2 27 44 54 59 60 65 79 91 102
3 351 343 348 356 357 354 349 334 319 302 296 308 323 310 284 271 274 286 293 294 294 294 292 289 291 295 302 304 305 309 310 308 310 308 307 313 311 318 334 340 338 325 317 318 320 326 338 348 351 351 352 6 28 37 353 263 255 248 246 240 231 230 231 233 242 251 258 262 258 251 248 249 251 251 249 247 248 253 260 270 282 296 307 316 328 341 356 10 24 35 37 53 77 91 99
356 340 330 331 335 338 340 339 330 319 297 292 304 322 302 277 264 259 262 272 280 287 288 285 285 289 292 295 300 306 313 312 307 309 307 304 310 309 309 326 337 336 323 308 304 307 313 327 341 348 346 347 7 34 43 16 251 248 243 238 231 229 235 238 241 246 250 254 260 264 260 255 254 253 254 254 253 252 254 257 263 273 286 299 307 316 328 335 340 352 4 4 29 69 86 94
349 333 323 322 321 319 318 316 309 306 292 287 298 312 296 278 262 251 249 258 269 278 285 287 285 283 285 296 306 312 320 314 307 309 307 301 306 309 306 318 333 337 328 305 296 300 307 319 337 344 343 346 11 39 56 133 233 241 242 237 232 238 243 244 247 251 251 250 252 258 262 262 261 261 259 259 260 261 260 259 261 265 273 285 295 304 315 318 317 326 335 336 359 52 72 80
340 327 320 320 319 315 311 307 299 296 285 278 282 290 287 279 266 253 248 256 266 274 281 282 283 286 297 310 316 323 330 317 307 307 306 299 301 308 306 312 327 337 334 307 292 292 300 314 331 339 340 347 15 48 73 142 222 236 242 241 242 247 248 247 248 251 250 249 248 249 256 262 266 268 269 268 268 268 266 263 262 263 265 270 281 293 302 302 303 312 320 324 336 25 53 62
333 323 316 316 314 309 304 302 298 292 279 268 268 278 283 285 277 262 257 259 266 280 289 291 300 309 316 321 326 336 339 322 306 305 306 299 298 305 306 308 319 333 336 315 292 288 295 310 327 337 338 344 21 63 94 145 211 233 241 244 247 249 247 246 249 250 249 248 247 246 250 258 265 270 273 275 276 274 273 270 268 268 266 267 273 281 289 289 293 302 311 318 325 355 28 45
331 318 311 313 311 308 303 301 299 291 277 263 262 271 282 291 290 281 277 279 292 302 309 315 315 316 321 326 331 340 343 329 310 304 303 298 295 298 303 305 310 324 330 322 299 287 290 303 321 332 333 339 39 92 118 153 206 235 244 245 245 246 245 246 248 249 249 248 247 246 248 254 261 267 272 277 282 283 281 280 277 274 271 269 271 276 283 286 289 295 304 311 318 337 6 26
329 315 307 308 307 304 299 296 295 292 283 271 267 268 275 287 291 290 296 309 314 314 312 315 314 311 311 317 328 337 340 332 318 308 300 292 291 293 297 298 302 312 321 324 309 289 283 291 303 312 317 329 83 117 137 164 209 238 245 244 243 243 244 246 248 249 248 247 247 248 249 252 257 264 268 273 281 287 287 287 287 283 278 276 275 275 279 284 287 291 297 305 314 329 351 5
327 312 301 301 301 297 292 290 289 289 289 283 273 265 266 275 289 298 306 311 316 317 308 302 298 298 303 312 320 328 333 332 324 316 302 288 284 286 287 289 294 302 310 318 316 298 284 281 285 290 296 291 126 138 153 175 214 238 244 244 244 244 245 247 248 249 249 248 248 249 250 251 254 259 265 270 278 285 286 288 291 290 286 282 278 276 277 278 279 282 288 296 306 320 334 343
327 312 299 299 299 292 287 285 284 285 288 284 273 266 265 273 287 299 307 312 315 316 312 302 294 294 301 309 314 321 326 330 332 326 313 292 279 277 282 285 288 294 301 310 317 311 293 281 275 276 269 207 152 155 168 186 217 235 242 244 244 244 246 247 249 249 250 250 250 249 250 252 254 256 260 268 276 282 285 288 291 294 293 287 281 278 278 276 275 277 279 283 289 303 315 325
329 314 301 299 299 295 289 283 282 284 284 279 274 271 274 278 284 292 301 308 313 317 317 311 298 293 300 307 312 320 326 331 339 338 325 305 286 278 280 283 287 293 299 304 313 318 308 287 270 262 236 187 166 170 184 198 217 235 242 244 244 246 248 249 249 250 251 251 251 250 251 254 255 255 259 265 273 282 284 286 292 298 298 293 287 282 278 278 278 278 277 275 275 279 287 297
326 312 300 296 297 297 295 286 280 284 288 286 283 282 284 286 286 287 291 299 308 316 320 319 306 293 291 300 305 313 321 328 341 345 334 319 304 289 283 284 289 296 298 300 307 317 320 296 268 250 215 187 178 183 196 206 219 235 243 244 246 250 251 251 251 252 252 252 252 252 254 255 255 256 260 264 271 281 285 285 291 300 303 299 294 289 287 286 283 278 276 274 270 266 267 268
325 310 300 296 295 297 298 292 282 282 291 297 294 291 292 296 295 292 291 296 306 316 323 323 314 295 284 287 294 301 308 317 333 341 336 327 315 301 290 285 286 293 297 298 302 310 316 298 260 234 208 192 188 194 204 212 221 235 243 245 248 252 251 251 252 253 254 255 255 255 257 257 257 257 258 263 271 280 285 285 287 295 303 302 297 294 294 293 288 281 277 274 268 262 257 258
324 310 303 300 296 296 298 298 291 283 287 298 298 295 300 305 302 298 295 297 304 317 323 323 320 306 288 282 288 296 302 309 320 330 333 331 320 309 298 289 285 288 293 293 291 290 290 273 230 218 208 199 197 204 211 214 224 237 245 248 251 251 250 251 252 253 254 256 259 262 262 261 261 259 258 261 268 277 286 287 286 289 296 298 297 296 296 295 292 285 279 274 268 261 256 257
321 309 303 301 296 294 297 299 297 289 284 288 292 293 298 303 303 299 298 297 300 311 318 320 323 319 301 286 284 293 302 307 313 321 327 330 327 318 303 293 288 285 285 283 274 261 250 219 203 211 210 205 205 212 216 218 228 242 248 251 252 251 251 252 252 253 253 255 261 269 271 268 265 263 261 261 264 270 282 287 287 286 288 292 296 297 297 297 295 288 280 273 268 263 259 257
319 306 299 298 294 293 294 294 293 288 281 281 287 288 291 296 299 298 298 296 294 300 310 315 323 326 314 296 287 289 299 306 309 314 322 329 334 329 306 294 290 286 279 270 257 245 231 204 196 210 213 210 213 219 220 223 235 247 252 253 253 252 253 252 252 252 252 254 259 268 277 278 274 271 267 263 262 265 271 282 287 287 288 291 297 300 299 298 296 292 284 276 271 265 260 257
319 305 294 291 288 289 289 286 283 282 282 284 292 291 290 292 296 298 298 293 289 293 303 310 321 328 321 306 294 288 290 296 301 307 315 326 338 338 308 292 291 288 274 256 242 233 221 200 198 211 214 216 222 225 225 231 243 253 255 254 254 253 253 253 251 251 251 254 258 264 274 283 284 282 277 270 265 263 264 270 282 291 291 294 301 303 297 293 294 296 291 281 273 268 264 265
318 306 293 285 283 284 284 282 281 283 286 291 300 298 295 296 297 295 292 287 285 289 297 305 316 325 325 312 300 291 285 285 292 301 307 319 336 341 313 294 288 284 266 246 232 225 215 202 204 213 218 224 228 229 232 241 252 257 257 256 255 254 253 252 250 250 252 256 259 262 269 281 289 291 291 284 272 266 263 264 272 286 291 298 305 300 295 295 300 304 298 283 273 270 273 280
316 306 297 289 282 279 281 284 286 287 289 297 302 302 299 298 295 291 287 281 281 285 292 299 307 317 322 316 306 299 293 286 286 292 297 308 326 334 319 297 283 267 250 235 224 221 215 207 210 218 225 230 231 235 244 254 260 260 259 258 257 257 255 250 248 251 255 259 262 264 268 277 289 296 299 297 284 272 266 266 270 280 294 303 311 308 307 311 315 316 304 283 271 271 279 288
314 306 300 296 287 278 278 286 289 291 297 299 300 300 298 295 291 290 289 284 280 282 287 292 300 308 316 318 313 310 306 293 284 283 289 301 318 324 317 297 273 251 239 227 221 221 217 212 217 225 231 235 238 245 255 261 263 261 260 259 259 260 258 252 250 253 258 263 265 267 271 276 285 294 300 304 295 279 274 273 275 282 292 302 313 316 315 317 318 310 290 277 274 275 280 287
