windninja/windninja_output/Output_2025-10-23_0500-0550_Google earth_Fire_150m_10min/merlingen_7.5mi_point_10-23-2025_0500_150m_vel.asc
ncols	158
nrows	163
xllcorner	391686.332397
yllcorner	5160024.123721
cellsize	150.000000
NODATA_value	-32768.000000
[rows 0 to 37 of 163, columns 0 to 83 of 158]
7.31 7.45 7.58 7.47 7.62 7.79 7.31 7.04 7.42 7.47 7.14 6.78 7.08 8.29 9.02 8.76 8.11 7.49 7.62 7.98 7.10 6.01 6.57 7.27 7.42 7.14 6.59 6.54 6.94 6.92 6.77 6.84 6.85 6.65 6.71 7.01 6.60 6.36 6.48 6.19 6.19 6.39 6.30 6.30 6.34 6.18 6.21 6.01 5.80 5.87 5.80 5.76 5.83 5.73 5.49 5.41 5.41 5.48 5.57 5.45 5.22 5.19 5.21 5.17 5.13 5.12 5.26 5.35 5.28 5.07 4.85 4.73 4.71 4.74 4.84 4.80 4.66 4.69 4.71 4.56 4.42 4.32 4.50 4.60
7.03 7.44 7.64 7.45 7.71 7.72 7.10 6.97 7.46 7.49 6.95 6.18 6.05 7.31 8.63 9.09 8.66 7.90 8.13 8.38 7.03 5.71 6.01 7.01 7.59 7.33 6.62 6.44 6.81 6.84 6.74 6.81 6.84 6.68 6.72 7.09 6.77 6.50 6.53 6.18 6.14 6.34 6.30 6.47 6.52 6.32 6.39 6.20 5.84 5.78 5.76 5.74 5.76 5.64 5.40 5.34 5.39 5.49 5.63 5.48 5.16 5.10 5.14 5.13 5.00 4.97 5.20 5.44 5.47 5.18 4.80 4.62 4.64 4.71 4.81 4.73 4.59 4.78 4.83 4.50 4.25 4.23 4.45 4.56
6.61 7.42 7.64 7.36 7.72 7.30 6.74 7.04 7.58 7.47 6.54 5.05 4.57 5.88 7.95 9.55 9.53 8.77 8.93 8.62 7.06 5.65 5.38 6.26 7.46 7.53 6.81 6.43 6.53 6.62 6.74 6.82 6.78 6.81 6.91 7.05 6.97 6.79 6.60 6.25 6.23 6.31 6.40 6.79 6.78 6.54 6.56 6.43 5.92 5.62 5.67 5.63 5.55 5.51 5.36 5.32 5.43 5.51 5.62 5.52 5.19 5.03 5.05 5.08 4.87 4.83 5.13 5.56 5.76 5.33 4.70 4.51 4.63 4.72 4.75 4.54 4.47 4.94 5.00 4.37 3.90 4.15 4.44 4.35
6.44 7.34 7.54 7.28 7.57 6.89 6.68 7.49 7.89 7.40 5.98 4.20 4.05 5.35 7.44 9.86 10.10 9.41 9.17 8.50 7.27 6.19 5.34 5.45 6.85 7.39 7.04 6.63 6.36 6.45 6.78 6.92 6.95 7.08 7.05 6.97 6.96 6.92 6.76 6.54 6.46 6.43 6.72 7.06 6.93 6.71 6.58 6.33 5.92 5.69 5.60 5.36 5.31 5.47 5.47 5.41 5.48 5.50 5.50 5.50 5.32 5.04 4.97 5.02 4.87 4.81 5.06 5.58 5.88 5.34 4.64 4.57 4.74 4.72 4.62 4.41 4.45 4.96 5.01 4.26 3.62 4.08 4.51 4.19
6.45 7.17 7.42 7.26 7.46 6.98 7.14 8.01 8.02 6.88 5.16 3.79 3.80 5.27 7.80 10.03 10.40 9.68 8.98 8.47 7.77 6.94 5.77 5.19 6.30 6.98 6.94 6.71 6.34 6.42 6.74 7.08 7.41 7.41 7.06 6.94 6.95 7.03 7.11 6.94 6.68 6.68 7.06 7.16 6.92 6.72 6.43 6.09 5.90 5.75 5.40 5.13 5.20 5.46 5.54 5.49 5.52 5.52 5.47 5.48 5.37 5.05 4.91 4.97 4.91 4.86 5.01 5.57 5.90 5.25 4.66 4.70 4.81 4.69 4.52 4.45 4.54 4.82 4.84 4.23 3.58 3.90 4.51 4.34
6.69 7.06 7.25 7.29 7.54 7.43 7.74 8.16 7.49 5.97 4.65 3.89 3.72 5.38 8.31 9.80 10.26 9.76 8.78 8.51 8.36 7.82 6.42 5.37 5.91 6.58 6.59 6.52 6.39 6.39 6.62 7.23 7.77 7.59 7.12 6.98 7.19 7.38 7.45 7.23 6.88 6.91 7.15 7.02 6.72 6.54 6.25 5.97 5.82 5.54 5.21 5.14 5.24 5.41 5.57 5.61 5.62 5.61 5.52 5.44 5.32 5.05 4.90 4.97 4.96 4.89 4.97 5.56 5.82 5.11 4.69 4.88 4.96 4.64 4.37 4.51 4.72 4.77 4.48 4.02 3.79 4.02 4.48 4.51
6.96 7.12 7.18 7.37 7.72 7.80 8.01 7.79 6.65 5.41 4.66 4.18 3.96 5.59 8.50 9.51 9.71 9.61 8.98 8.68 8.80 8.63 7.24 5.73 5.72 6.08 6.14 6.34 6.42 6.32 6.62 7.42 7.83 7.55 7.33 7.44 7.62 7.66 7.51 7.21 6.95 6.92 6.94 6.74 6.47 6.37 6.16 5.91 5.69 5.31 5.06 5.20 5.34 5.41 5.64 5.79 5.78 5.72 5.59 5.44 5.30 5.02 4.87 4.95 5.01 4.92 5.00 5.56 5.69 4.95 4.68 5.13 5.19 4.58 4.24 4.51 4.84 4.79 4.03 3.67 4.16 4.46 4.46 4.49
7.10 7.26 7.31 7.43 7.72 7.85 7.87 7.23 6.15 5.40 4.96 4.59 4.43 5.78 8.30 9.34 9.06 9.24 9.23 8.85 9.08 9.22 8.03 6.40 5.69 5.55 5.91 6.38 6.28 6.14 6.78 7.56 7.64 7.46 7.70 7.98 7.82 7.54 7.32 7.08 6.90 6.80 6.71 6.56 6.41 6.31 6.09 5.86 5.55 5.13 5.00 5.28 5.33 5.38 5.83 6.04 5.93 5.86 5.72 5.56 5.33 4.89 4.70 4.86 5.01 5.01 5.15 5.55 5.56 4.90 4.75 5.29 5.23 4.57 4.24 4.40 4.80 4.65 3.67 3.56 4.65 4.87 4.43 4.42
7.15 7.35 7.49 7.47 7.54 7.63 7.50 6.87 6.18 5.73 5.41 5.10 4.86 5.76 8.03 9.12 8.79 8.96 9.16 9.04 9.35 9.50 8.61 7.20 5.98 5.40 5.80 6.30 5.94 5.99 7.08 7.56 7.30 7.50 8.07 8.18 7.69 7.26 7.12 7.00 6.84 6.76 6.65 6.54 6.50 6.26 5.97 5.85 5.50 4.95 5.07 5.40 5.17 5.30 6.14 6.36 6.10 6.01 5.86 5.54 5.16 4.67 4.45 4.63 4.92 5.23 5.43 5.55 5.37 4.90 4.89 5.23 5.05 4.59 4.29 4.32 4.65 4.35 3.56 3.84 5.05 5.21 4.58 4.42
7.17 7.37 7.61 7.53 7.35 7.32 7.21 6.85 6.47 6.13 5.85 5.54 5.18 5.69 7.48 8.74 8.85 8.93 8.90 9.17 9.58 9.56 9.08 7.81 6.48 5.60 5.50 5.93 5.80 6.05 7.31 7.43 6.97 7.51 8.20 8.10 7.46 7.04 7.00 6.99 6.90 6.88 6.76 6.59 6.56 6.24 5.87 5.87 5.52 4.85 5.04 5.41 5.10 5.46 6.42 6.65 6.20 5.96 5.74 5.25 4.94 4.69 4.27 4.23 4.88 5.52 5.71 5.52 4.99 4.74 5.01 5.20 4.94 4.57 4.34 4.29 4.49 4.15 3.68 4.41 5.35 5.47 4.86 4.54
7.21 7.41 7.66 7.54 7.26 7.16 7.15 7.01 6.73 6.40 6.18 5.87 5.45 5.60 6.91 8.41 8.98 9.13 8.89 9.14 9.62 9.60 9.36 8.21 6.91 6.00 5.20 5.42 5.83 6.25 7.19 7.19 6.79 7.40 8.02 7.85 7.30 6.93 6.98 7.06 7.00 7.01 6.89 6.56 6.54 6.35 5.82 5.77 5.54 4.85 5.05 5.36 5.22 5.77 6.43 6.69 6.18 5.68 5.42 5.06 5.01 4.87 4.20 4.16 5.15 5.74 5.79 5.35 4.44 4.48 5.18 5.35 4.96 4.50 4.25 4.22 4.47 4.40 4.20 4.93 5.49 5.52 5.09 4.77
7.32 7.47 7.63 7.51 7.26 7.20 7.24 7.14 6.87 6.59 6.41 6.11 5.70 5.60 6.64 8.29 9.07 9.26 9.11 9.16 9.52 9.60 9.38 8.39 7.20 6.05 4.86 5.04 5.83 6.29 6.77 6.95 6.88 7.30 7.68 7.51 7.22 7.04 7.13 7.09 6.99 7.09 6.88 6.44 6.54 6.49 5.80 5.53 5.49 5.14 5.21 5.26 5.25 5.87 6.31 6.48 6.14 5.56 5.18 4.99 5.21 5.12 4.52 4.66 5.49 5.71 5.61 4.99 4.05 4.47 5.36 5.43 5.04 4.46 4.15 4.33 4.78 5.04 5.07 5.29 5.41 5.45 5.31 5.32
7.44 7.51 7.58 7.48 7.32 7.33 7.34 7.17 6.96 6.73 6.55 6.29 5.87 5.64 6.56 8.39 9.19 9.20 9.29 9.36 9.44 9.38 9.10 8.36 7.23 5.86 4.94 5.16 5.84 6.21 6.52 6.89 7.09 7.18 7.19 7.27 7.29 7.28 7.23 6.94 6.93 7.12 6.69 6.32 6.56 6.47 5.82 5.48 5.62 5.67 5.47 5.20 5.23 5.88 6.42 6.28 5.90 5.41 4.98 5.08 5.52 5.48 5.19 5.35 5.60 5.54 5.30 4.79 4.30 4.80 5.28 5.31 5.25 4.73 4.49 4.87 5.26 5.62 5.59 5.26 5.24 5.49 5.63 5.95
7.53 7.57 7.58 7.49 7.42 7.45 7.35 7.16 7.05 6.87 6.68 6.47 5.96 5.69 6.67 8.51 9.46 9.20 9.24 9.50 9.29 8.90 8.58 8.01 7.05 5.99 5.37 5.56 5.94 6.18 6.55 6.95 7.18 6.99 6.76 7.24 7.51 7.40 7.16 6.75 6.89 6.96 6.40 6.22 6.49 6.34 5.74 5.58 6.03 6.21 5.73 5.28 5.21 5.90 6.70 6.31 5.54 4.93 4.62 5.22 5.98 5.95 5.93 5.90 5.57 5.34 5.18 5.18 5.08 4.90 4.95 5.26 5.61 5.29 4.93 5.00 5.40 5.79 5.48 5.00 5.24 5.67 5.86 6.08
7.61 7.63 7.61 7.55 7.50 7.46 7.32 7.21 7.17 6.99 6.82 6.66 6.15 5.81 6.73 8.70 9.83 9.33 8.97 9.24 8.95 8.30 7.98 7.60 7.01 6.34 5.80 5.89 6.05 6.10 6.68 7.16 7.12 6.82 6.71 7.20 7.45 7.35 7.02 6.60 6.68 6.53 6.42 6.48 6.37 6.17 5.68 5.35 5.94 6.57 6.29 5.54 5.26 6.02 6.84 6.50 5.44 4.42 4.16 5.28 6.49 6.59 6.53 6.06 5.47 5.48 5.56 5.80 5.68 4.92 4.75 5.52 5.98 5.51 4.80 4.80 5.35 5.45 5.11 5.20 5.66 5.78 5.72 5.67
7.69 7.68 7.65 7.60 7.52 7.43 7.35 7.28 7.27 7.12 7.00 6.84 6.49 6.07 6.79 8.98 9.99 9.34 8.67 8.66 8.48 7.86 7.45 7.25 7.14 6.78 6.09 5.95 6.14 6.19 6.91 7.43 6.97 6.70 6.76 6.83 7.05 7.20 6.87 6.64 6.58 6.24 6.54 6.94 6.30 5.98 6.05 5.37 5.21 6.28 6.84 6.02 5.64 6.32 6.72 6.59 5.76 4.44 4.08 5.47 6.92 7.23 6.79 5.69 5.37 6.04 6.11 6.15 6.14 5.18 4.84 5.61 5.89 5.17 4.66 4.87 5.04 4.89 5.09 5.92 6.03 5.42 5.24 5.11
7.74 7.73 7.69 7.63 7.52 7.46 7.42 7.36 7.36 7.29 7.19 7.01 6.84 6.50 7.03 8.93 9.76 9.21 8.51 8.21 8.00 7.48 7.03 7.03 7.31 7.11 6.28 5.91 6.25 6.59 7.16 7.26 6.57 6.40 6.61 6.65 6.84 6.98 6.74 6.67 6.59 6.27 6.70 7.10 6.39 5.94 6.24 5.77 5.31 6.12 6.90 6.48 6.21 6.44 6.39 6.32 6.07 5.03 4.49 5.96 7.31 7.48 6.65 5.30 5.38 6.43 6.59 6.45 6.32 5.48 4.98 5.22 5.46 5.09 4.86 4.81 4.55 4.86 5.79 6.35 5.62 4.75 4.71 4.54
7.78 7.77 7.73 7.65 7.57 7.53 7.50 7.46 7.46 7.43 7.34 7.18 7.10 6.97 7.30 8.53 9.36 9.04 8.40 7.97 7.59 7.14 6.84 7.00 7.33 7.15 6.52 6.12 6.34 6.81 7.04 6.66 6.13 6.19 6.64 6.93 6.94 6.80 6.64 6.72 6.74 6.62 6.81 6.86 6.51 6.25 6.20 6.09 6.25 6.72 6.88 6.61 6.38 6.27 6.06 6.09 6.30 5.82 5.37 6.30 7.38 7.42 6.36 5.33 5.61 6.59 7.05 6.74 6.05 5.45 5.23 5.08 5.36 5.36 4.81 4.55 4.59 5.28 6.08 5.71 4.74 4.44 4.30 4.05
7.82 7.81 7.76 7.69 7.64 7.60 7.57 7.60 7.57 7.49 7.42 7.34 7.30 7.31 7.49 8.19 8.88 8.69 8.15 7.78 7.36 7.02 6.89 7.01 7.17 7.07 6.78 6.45 6.38 6.60 6.58 6.12 5.84 6.10 6.76 7.28 7.28 6.90 6.61 6.85 6.88 6.74 6.86 6.68 6.54 6.66 6.62 6.46 6.67 7.04 6.88 6.48 6.17 6.03 6.02 6.20 6.44 6.32 6.08 6.45 7.25 7.20 6.18 5.65 6.01 6.69 7.19 6.64 5.78 5.80 5.77 5.23 5.30 5.21 4.46 4.31 4.52 4.93 5.36 4.91 4.46 4.44 4.04 3.72
7.86 7.85 7.81 7.74 7.69 7.67 7.68 7.71 7.65 7.48 7.46 7.53 7.50 7.47 7.62 7.97 8.32 8.20 7.88 7.64 7.32 7.11 7.00 6.98 7.05 7.03 6.88 6.60 6.37 6.28 6.04 5.69 5.72 6.16 6.89 7.52 7.66 7.18 6.69 6.96 6.92 6.74 6.88 6.72 6.71 7.12 7.31 6.72 6.46 7.02 7.01 6.51 6.13 6.00 6.26 6.41 6.42 6.51 6.50 6.55 6.89 6.90 6.31 6.02 6.28 6.72 6.96 6.59 6.34 6.59 6.10 5.13 4.93 4.82 4.35 4.05 3.91 4.21 4.72 4.75 4.59 4.53 4.07 3.64
7.93 7.93 7.87 7.77 7.73 7.75 7.77 7.78 7.70 7.51 7.52 7.70 7.63 7.54 7.65 7.78 7.87 7.85 7.74 7.59 7.35 7.17 7.04 6.96 6.97 6.96 6.83 6.58 6.33 6.08 5.62 5.30 5.69 6.44 7.15 7.71 8.01 7.55 6.87 6.92 6.81 6.70 6.83 6.90 7.20 7.51 7.45 6.74 6.37 6.93 7.14 6.79 6.45 6.26 6.33 6.31 6.30 6.48 6.63 6.54 6.44 6.82 6.85 6.40 6.51 6.89 6.92 7.00 7.22 6.82 5.56 4.51 4.42 4.60 4.31 3.62 3.38 3.86 4.51 4.83 4.85 4.65 4.18 3.71
8.03 8.00 7.87 7.79 7.81 7.82 7.82 7.83 7.76 7.59 7.60 7.76 7.72 7.60 7.62 7.64 7.64 7.70 7.70 7.56 7.35 7.16 7.06 6.93 6.83 6.82 6.75 6.51 6.28 5.98 5.40 5.00 5.69 6.95 7.49 7.84 8.21 7.72 6.86 6.70 6.66 6.70 6.95 7.27 7.60 7.60 7.37 6.95 6.68 6.92 7.23 7.09 6.80 6.45 6.19 6.16 6.27 6.37 6.44 6.43 6.27 6.96 7.36 6.73 6.88 7.32 7.28 7.51 7.35 6.02 4.53 3.95 4.18 4.64 4.27 3.39 3.17 3.68 4.39 4.93 4.98 4.50 4.17 3.86
8.10 8.00 7.88 7.89 7.92 7.87 7.84 7.84 7.82 7.75 7.70 7.75 7.79 7.66 7.59 7.58 7.54 7.64 7.68 7.50 7.30 7.15 7.05 6.84 6.67 6.71 6.62 6.42 6.26 6.00 5.41 5.00 6.05 7.40 7.69 7.87 8.04 7.62 6.90 6.57 6.57 6.77 7.15 7.54 7.78 7.81 7.63 7.25 6.92 6.89 7.29 7.22 6.86 6.57 6.29 6.21 6.31 6.31 5.99 6.15 6.43 7.24 7.76 7.37 7.73 8.00 7.65 7.40 6.47 4.89 3.95 3.79 4.33 4.92 4.47 3.52 3.09 3.52 4.28 4.82 4.84 4.36 4.30 4.06
8.12 8.02 7.97 8.03 7.99 7.89 7.84 7.83 7.90 7.95 7.82 7.73 7.77 7.72 7.61 7.56 7.53 7.61 7.64 7.42 7.24 7.14 6.98 6.70 6.55 6.55 6.39 6.31 6.37 6.22 5.66 5.37 6.35 7.36 7.65 7.85 7.73 7.43 7.17 6.79 6.64 6.87 7.18 7.64 8.29 8.33 7.63 7.28 6.99 6.88 7.30 7.22 6.89 6.87 6.61 6.27 6.33 6.21 5.56 5.74 6.57 7.51 8.36 8.72 8.75 8.02 7.07 6.25 5.06 4.14 3.77 3.91 4.81 5.38 4.68 3.43 2.91 3.48 4.11 4.40 4.57 4.42 4.39 4.19
8.16 8.09 8.06 8.09 8.01 7.90 7.83 7.88 8.06 8.10 7.92 7.71 7.70 7.78 7.67 7.57 7.57 7.59 7.57 7.37 7.20 7.10 6.87 6.57 6.39 6.26 6.06 6.23 6.76 6.65 6.01 5.81 6.30 7.02 7.51 7.73 7.62 7.55 7.48 7.13 6.83 6.89 7.18 8.10 9.01 8.22 7.16 7.21 7.13 7.00 7.26 7.27 7.18 7.17 6.81 6.35 6.27 5.95 5.28 5.41 6.47 7.98 9.42 9.79 8.56 6.85 5.69 4.69 4.02 3.86 3.92 4.51 5.68 5.69 4.23 2.90 2.80 3.51 3.89 3.96 4.32 4.52 4.36 4.22
8.22 8.16 8.11 8.10 8.05 7.93 7.85 8.00 8.22 8.16 7.94 7.75 7.74 7.80 7.69 7.61 7.61 7.57 7.51 7.34 7.15 7.01 6.76 6.44 6.17 5.83 5.65 6.31 7.35 7.16 6.32 6.20 6.43 6.71 7.20 7.40 7.53 8.01 7.97 7.39 7.08 7.05 7.52 8.76 8.94 7.45 6.94 7.34 7.33 7.28 7.29 7.40 7.46 7.31 6.99 6.50 5.98 5.48 5.15 5.40 6.79 9.23 10.56 9.58 7.36 5.70 4.59 3.69 3.58 3.99 4.66 5.80 6.32 5.25 3.53 2.51 3.03 3.78 3.83 3.84 4.31 4.54 4.22 4.21
8.25 8.22 8.16 8.14 8.11 7.97 7.92 8.17 8.33 8.13 7.93 7.86 7.86 7.77 7.67 7.68 7.65 7.56 7.46 7.29 7.10 6.93 6.68 6.32 5.91 5.26 5.18 6.56 7.81 7.53 6.75 6.66 6.76 6.62 6.76 6.86 7.26 8.52 8.70 7.75 7.30 7.49 8.09 8.86 8.35 6.94 7.02 7.61 7.66 7.45 7.19 7.47 7.64 7.61 7.46 6.39 5.16 5.00 5.42 6.17 8.42 10.84 10.53 8.15 6.04 4.78 3.74 3.09 3.41 4.55 6.08 6.80 6.03 4.57 3.01 2.27 3.20 4.21 4.10 4.03 4.38 4.39 4.09 4.29
8.26 8.27 8.24 8.19 8.15 8.03 8.05 8.33 8.32 8.07 7.97 7.97 7.92 7.78 7.70 7.75 7.69 7.55 7.41 7.26 7.12 6.93 6.62 6.18 5.60 4.76 4.83 6.64 7.92 7.64 7.32 7.34 7.14 6.77 6.51 6.33 6.93 8.78 9.43 8.24 7.46 8.10 8.49 8.50 7.95 6.87 6.98 7.65 8.00 7.55 7.00 7.56 7.95 8.15 7.75 5.60 4.14 5.02 6.47 7.84 10.00 10.99 9.05 6.37 4.99 4.19 3.25 2.88 3.70 5.50 7.12 6.83 5.34 3.99 2.66 2.13 3.21 4.64 4.61 4.18 4.20 4.11 4.09 4.49
8.28 8.31 8.29 8.24 8.20 8.13 8.21 8.40 8.25 8.03 8.03 8.02 7.98 7.90 7.81 7.79 7.72 7.54 7.37 7.31 7.19 6.96 6.56 6.04 5.35 4.54 4.88 6.61 7.58 7.41 7.73 8.18 7.63 7.12 6.81 6.44 6.94 8.74 9.99 8.78 7.95 8.70 8.54 8.27 7.77 6.83 6.80 7.39 8.21 7.93 7.04 7.59 8.26 8.44 7.48 4.75 3.75 5.55 7.71 9.27 10.45 9.84 7.47 5.24 4.31 3.85 3.04 3.04 4.66 6.58 7.46 6.49 4.83 3.50 2.35 2.12 3.12 4.79 4.90 4.24 4.06 3.94 4.11 4.58
8.32 8.34 8.32 8.30 8.30 8.27 8.34 8.37 8.20 8.07 8.07 8.09 8.09 8.05 7.96 7.82 7.73 7.56 7.41 7.38 7.22 6.92 6.49 5.97 5.30 4.74 5.29 6.50 6.87 6.82 7.82 8.81 8.36 8.10 8.08 7.34 7.19 8.94 10.45 9.38 8.75 8.96 8.28 8.17 7.52 6.61 6.79 7.33 8.51 8.36 7.12 7.50 8.26 8.26 7.06 4.56 3.89 5.87 8.40 10.18 10.13 8.13 6.02 4.60 3.94 3.66 3.06 3.53 5.81 7.42 7.39 5.87 4.19 3.10 2.29 2.44 3.38 4.51 5.00 4.66 4.12 3.78 3.91 4.31
8.43 8.39 8.30 8.31 8.43 8.46 8.38 8.29 8.22 8.15 8.12 8.19 8.19 8.15 8.08 7.90 7.78 7.62 7.45 7.39 7.21 6.88 6.50 6.04 5.48 5.24 5.63 6.12 6.06 6.06 7.35 9.00 9.50 10.00 9.62 7.78 7.29 9.20 10.73 9.80 9.06 8.67 7.77 7.81 7.20 6.47 7.03 7.95 8.79 8.12 6.98 7.32 7.74 7.86 6.82 4.36 4.05 6.21 8.81 10.51 9.19 6.29 4.84 4.31 4.08 3.86 3.37 4.05 6.52 7.86 6.81 4.81 3.72 3.18 2.73 3.01 3.41 4.02 4.97 5.17 4.38 3.64 3.62 3.98
8.58 8.45 8.23 8.30 8.66 8.67 8.35 8.26 8.30 8.22 8.19 8.25 8.27 8.25 8.20 8.03 7.83 7.66 7.48 7.40 7.25 6.91 6.55 6.19 5.83 5.68 5.71 5.66 5.29 5.41 7.05 9.17 10.58 11.57 10.27 7.18 7.06 9.72 10.82 9.59 8.62 7.82 7.07 7.27 6.90 6.46 7.37 8.35 8.21 7.31 6.90 7.03 7.05 7.52 6.71 4.33 4.65 6.93 9.12 10.41 8.48 5.13 3.90 4.19 4.70 4.45 3.79 4.40 6.83 7.84 5.92 4.21 4.03 3.80 3.27 3.19 3.22 3.75 4.90 5.44 4.59 3.52 3.43 3.82
8.62 8.48 8.18 8.37 8.93 8.74 8.29 8.29 8.36 8.31 8.24 8.32 8.39 8.36 8.30 8.10 7.84 7.73 7.57 7.46 7.34 7.02 6.61 6.37 6.26 5.96 5.78 5.39 4.79 5.34 7.75 9.97 11.01 12.02 10.47 6.92 7.12 10.02 10.23 8.54 7.85 7.06 6.60 6.98 6.74 6.61 7.62 8.04 7.23 6.93 6.97 6.81 6.74 7.12 6.57 4.94 5.44 7.48 9.28 9.93 7.69 4.49 3.24 4.10 5.43 5.22 4.34 4.82 6.83 7.50 5.61 4.56 4.80 4.24 3.41 3.16 3.20 3.73 4.79 5.46 4.51 3.30 3.37 3.74
8.55 8.46 8.23 8.59 9.09 8.69 8.31 8.33 8.43 8.42 8.31 8.44 8.49 8.42 8.37 8.11 7.91 7.87 7.72 7.55 7.43 7.18 6.75 6.62 6.63 6.22 5.86 5.27 4.82 5.92 8.36 10.21 10.58 11.66 11.27 7.79 7.42 9.54 9.17 7.62 7.40 6.79 6.44 6.83 6.62 6.85 7.61 7.33 6.72 6.96 7.04 6.77 6.68 6.65 6.41 5.81 6.14 7.53 9.00 9.39 7.47 4.44 2.97 3.97 5.83 5.90 5.00 5.10 6.40 7.25 6.15 5.31 5.03 4.05 3.32 3.23 3.37 3.82 4.68 5.09 4.23 3.32 3.51 3.84
8.46 8.40 8.40 8.89 9.12 8.67 8.36 8.35 8.53 8.55 8.45 8.53 8.53 8.48 8.39 8.17 8.06 8.03 7.85 7.64 7.55 7.34 7.00 6.91 6.82 6.35 5.80 5.24 5.05 6.12 8.33 9.84 10.18 11.35 11.96 9.28 7.41 8.38 8.18 7.12 6.98 6.55 6.35 6.59 6.67 7.12 7.26 6.78 6.78 7.07 6.97 6.78 6.64 6.36 6.33 6.54 6.85 7.35 8.24 9.09 7.87 4.85 3.08 3.74 5.76 6.34 5.74 5.48 6.42 7.43 6.49 5.28 4.60 3.68 3.24 3.28 3.44 3.87 4.30 4.37 4.01 3.62 3.76 4.07
8.40 8.42 8.62 9.11 9.13 8.65 8.37 8.41 8.65 8.69 8.59 8.57 8.58 8.53 8.41 8.29 8.21 8.15 7.94 7.75 7.69 7.51 7.26 7.10 6.81 6.37 5.82 5.34 5.20 6.32 8.46 9.60 10.37 11.67 12.07 9.67 7.00 7.01 7.29 6.70 6.41 6.32 6.42 6.55 6.96 7.42 6.91 6.68 7.03 7.06 6.86 6.77 6.68 6.42 6.56 7.00 7.20 7.13 7.48 8.74 8.31 5.47 3.42 3.62 5.27 6.46 6.54 6.40 7.19 7.35 5.75 4.66 4.16 3.47 3.30 3.30 3.27 3.52 3.66 3.73 3.88 3.75 3.87 4.16
8.44 8.54 8.84 9.20 9.06 8.60 8.45 8.54 8.73 8.80 8.71 8.65 8.62 8.56 8.50 8.43 8.33 8.22 8.04 7.91 7.83 7.66 7.43 7.20 6.88 6.48 5.99 5.31 5.31 7.18 9.23 9.97 10.83 11.64 11.30 9.20 6.87 6.15 6.50 6.42 6.10 6.29 6.68 6.82 7.28 7.58 6.91 6.85 7.12 6.89 6.89 6.87 6.76 6.80 6.99 7.09 7.05 6.99 7.15 8.18 8.41 6.15 4.00 3.77 4.68 6.22 7.22 7.53 7.42 6.11 4.41 4.14 4.11 3.77 3.59 3.28 2.99 3.02 3.36 3.69 3.67 3.54 3.75 4.13
8.59 8.70 9.03 9.17 8.89 8.65 8.61 8.67 8.77 8.90 8.87 8.73 8.64 8.63 8.62 8.53 8.41 8.28 8.16 8.06 7.94 7.76 7.56 7.36 7.09 6.67 6.09 5.41 6.17 8.85 9.94 10.04 10.43 10.49 10.22 8.55 6.39 5.77 6.37 6.48 6.27 6.59 6.94 7.20 7.63 7.63 7.07 6.99 6.90 6.89 7.25 7.09 6.84 7.08 7.24 7.01 6.77 6.86 7.05 7.75 8.13 6.63 4.75 4.00 4.26 5.79 7.73 8.29 6.82 4.57 3.68 4.15 4.66 4.40 3.58 3.06 2.95 2.85 3.37 3.84 3.43 3.22 3.45 3.93
