windninja/windninja_output/Output_2025-10-23_0500-0550_Google earth_Fire_150m_10min/merlingen_7.5mi_point_10-23-2025_0530_150m_ang.asc
ncols	158
nrows	163
xllcorner	391686.332397
yllcorner	5160024.123721
cellsize	150.000000
NODATA_value	-32768.000000
[rows 88 to 131 of 163, columns 0 to 95 of 158]
92 90 87 88 86 84 86 91 94 95 100 106 109 110 106 102 97 96 97 102 107 111 117 128 140 147 136 126 121 118 117 116 115 116 115 114 113 111 108 107 109 112 116 116 113 111 109 108 109 109 112 114 114 114 113 113 114 115 116 118 119 120 120 119 119 119 119 119 120 120 121 121 122 123 125 126 128 130 133 138 143 147 146 136 125 117 113 111 111 111 113 116 115 110 106 105
99 99 98 96 93 91 90 89 87 88 98 109 113 111 106 98 93 94 97 104 112 121 129 137 152 155 138 126 121 118 116 116 115 115 114 114 114 113 108 105 105 108 112 115 115 112 109 107 108 110 112 115 117 118 118 116 114 112 114 118 122 122 121 120 120 120 119 120 120 120 121 121 122 123 124 125 127 129 131 134 137 141 140 133 123 116 111 108 111 113 113 112 105 97 95 97
101 101 98 93 92 93 92 89 86 90 99 110 114 110 104 98 95 94 97 107 120 130 138 146 159 157 138 126 121 117 115 115 115 115 114 113 114 115 112 107 104 106 109 112 114 112 109 107 107 109 112 116 120 122 122 118 113 111 114 121 126 125 122 121 120 120 120 120 120 120 121 121 122 123 124 125 126 127 129 131 133 136 137 132 124 120 116 112 112 111 107 101 98 94 94 95
99 97 93 91 94 98 99 97 95 96 101 108 113 111 109 107 104 99 97 109 126 139 148 152 163 155 134 124 119 116 114 113 113 114 114 113 114 116 116 113 107 105 106 109 112 112 110 107 105 107 112 116 119 123 125 122 118 118 119 123 129 128 124 122 121 120 120 120 120 120 121 121 122 122 123 124 125 126 127 129 130 132 134 132 128 125 122 117 113 108 100 92 92 91 90 91
98 98 99 100 102 106 114 120 118 107 103 106 110 111 112 112 112 110 110 118 128 149 156 153 161 145 127 120 116 114 113 112 113 114 115 114 114 115 116 116 111 105 104 107 110 111 109 106 103 104 108 114 119 123 128 129 124 123 121 121 126 128 125 122 121 120 120 120 120 120 121 121 121 122 123 123 124 125 126 127 128 129 130 130 127 124 120 116 110 101 88 86 89 88 88 90
101 103 106 108 109 114 122 133 139 121 110 113 121 127 129 125 126 125 122 121 124 144 144 140 146 130 120 117 114 113 111 110 111 114 115 115 114 114 115 116 116 109 103 104 107 108 108 106 104 103 106 113 121 124 128 128 122 117 115 114 119 124 124 122 121 120 120 120 120 120 121 121 121 122 122 123 123 124 124 125 125 126 126 125 122 118 115 110 102 91 85 87 90 90 90 92
102 104 108 110 111 114 120 132 146 132 117 118 127 135 138 130 127 125 118 107 95 67 44 67 107 117 116 114 112 109 107 107 111 115 116 115 114 114 115 116 119 117 108 104 105 107 109 109 107 107 109 116 125 126 125 124 118 114 112 112 115 120 122 121 120 120 120 120 120 120 121 121 121 121 122 122 122 123 123 123 124 123 123 122 120 116 112 107 99 94 93 94 94 95 95 95
99 100 104 108 108 107 109 120 136 131 118 111 112 114 118 113 111 107 99 82 60 42 36 53 88 108 112 111 110 108 107 110 113 116 117 116 114 114 115 116 120 122 117 110 109 111 113 114 114 116 117 119 126 126 122 121 120 117 116 115 115 119 120 120 120 120 120 120 120 120 121 121 121 121 121 122 122 122 122 122 122 122 121 120 118 116 113 108 104 101 100 99 99 99 99 98
99 99 103 106 103 98 96 102 114 116 108 100 92 90 96 97 96 96 85 56 38 39 44 65 91 106 110 110 110 112 112 112 111 112 115 115 114 114 115 116 119 124 122 117 114 116 117 119 120 120 118 115 117 121 119 118 119 117 117 116 116 118 120 120 120 120 120 120 120 120 121 121 121 121 121 121 121 121 121 121 121 121 120 119 117 115 113 110 108 106 104 103 102 102 101 101
102 101 101 101 95 88 84 84 90 95 95 88 83 86 91 94 96 93 75 44 32 40 56 78 100 111 113 111 111 112 110 107 105 106 110 112 113 114 115 117 119 124 125 120 117 116 116 116 115 113 109 106 109 115 116 115 116 116 116 116 116 117 118 119 120 120 120 120 120 120 120 120 120 120 121 121 121 121 121 121 120 120 119 118 117 115 114 112 110 108 107 106 105 104 103 103
99 98 95 91 89 85 79 76 76 77 76 75 79 84 88 90 90 79 57 41 38 51 74 94 112 119 114 111 109 107 105 103 102 103 106 109 111 113 116 118 120 123 127 123 117 114 112 109 106 104 103 104 107 111 113 114 114 116 117 117 117 116 117 118 119 120 120 120 120 120 120 120 120 120 120 120 120 120 120 120 120 119 119 118 117 115 114 113 111 110 109 108 107 106 105 104
93 90 86 85 86 84 79 76 72 67 67 69 72 81 86 84 76 63 48 42 52 76 95 105 113 109 104 104 104 102 101 101 102 103 106 109 111 113 116 119 121 123 127 126 120 116 114 110 107 105 106 107 108 110 113 114 114 115 117 118 118 117 117 118 119 120 121 121 121 120 120 120 120 120 120 120 120 120 120 119 119 119 118 118 117 116 115 113 112 111 110 109 108 107 106 106
93 90 84 83 81 77 76 74 70 65 64 63 62 69 74 71 69 64 55 59 81 98 101 93 73 77 88 95 97 97 96 98 100 104 108 110 112 112 115 120 123 124 127 129 124 118 115 112 110 109 109 110 112 112 114 115 115 114 116 120 121 120 118 118 119 121 121 122 121 120 120 120 119 119 119 119 119 119 119 119 119 119 118 118 117 116 115 114 113 112 111 110 109 108 108 107
97 94 87 82 77 73 71 71 69 67 66 63 60 60 63 67 74 78 79 90 102 104 90 62 54 67 80 86 89 90 91 95 99 104 108 111 111 112 114 119 125 126 127 130 127 120 115 113 113 112 111 112 113 113 113 115 116 116 116 120 122 121 119 119 120 122 123 123 122 120 119 119 119 119 119 119 119 119 119 119 119 118 118 118 117 116 115 115 114 113 112 111 110 109 109 108
101 97 90 83 77 74 73 71 71 70 69 67 65 64 72 82 87 91 97 101 100 88 62 55 59 68 76 81 84 87 92 95 100 103 107 111 113 114 114 118 123 127 128 130 130 125 120 118 117 115 114 113 114 114 114 116 117 117 117 119 122 123 121 119 119 122 123 123 122 118 116 117 119 119 118 118 118 118 118 118 118 118 118 118 117 117 116 115 114 113 113 112 111 110 110 109
105 101 92 85 80 78 76 74 73 72 72 73 75 84 93 94 93 95 99 97 84 57 52 59 63 65 72 80 86 91 95 97 99 102 106 110 114 115 115 116 121 126 128 130 132 130 124 120 118 116 115 114 115 117 117 118 119 118 119 120 123 125 124 121 119 121 123 123 122 119 115 116 118 118 117 117 117 117 118 118 118 118 118 118 117 117 116 116 115 114 113 113 112 111 110 109
109 104 95 88 83 81 79 76 74 75 77 80 86 95 100 99 94 90 88 80 63 52 57 63 62 65 75 83 89 94 97 98 99 102 105 108 113 116 116 117 120 125 128 129 132 131 127 122 120 118 117 116 117 118 118 119 119 119 119 120 122 124 124 122 121 121 123 125 125 121 117 115 115 115 114 113 115 116 117 118 118 118 119 118 118 117 117 116 115 114 114 113 112 111 110 109
113 108 98 89 85 82 80 77 75 78 81 84 90 96 99 98 92 85 78 69 61 61 65 64 65 72 79 84 89 94 98 99 101 102 103 106 113 118 120 121 123 126 128 130 132 134 131 127 125 123 121 120 119 119 119 120 120 120 120 119 120 122 122 121 120 120 122 126 127 123 118 115 113 114 113 112 114 116 115 115 117 119 119 119 118 118 117 116 115 115 114 113 112 111 111 110
119 113 101 92 86 84 81 78 79 82 87 93 97 100 100 97 91 85 77 69 66 70 72 69 72 77 80 83 88 94 100 104 105 102 101 107 115 122 124 125 126 128 129 130 133 135 134 132 129 127 124 123 122 121 120 121 121 121 120 119 120 122 122 122 121 121 122 126 128 124 119 116 114 116 117 117 117 117 115 115 118 121 121 120 119 118 117 117 116 115 114 113 112 112 111 110
131 122 107 96 89 86 86 89 93 96 101 104 104 101 99 97 92 87 81 73 72 78 82 81 78 79 82 83 87 96 104 108 109 101 102 111 120 124 124 125 128 129 130 131 134 136 138 136 134 130 126 123 123 122 121 121 122 122 121 120 120 121 123 123 123 123 123 125 128 125 120 117 116 116 117 117 118 120 121 119 119 122 123 122 120 119 118 117 116 115 114 113 112 112 111 110
148 136 116 105 100 100 105 108 110 107 104 101 98 93 92 95 95 91 84 79 82 88 92 93 86 82 86 87 87 96 106 109 111 102 106 116 123 125 123 126 132 131 130 133 136 138 140 141 138 135 129 125 124 124 123 122 122 123 123 123 121 121 123 124 123 123 123 124 128 128 122 117 116 116 116 116 118 121 123 120 118 120 123 124 122 120 118 117 116 115 114 113 112 111 111 110
170 156 130 120 119 118 116 113 108 101 93 89 88 88 90 96 102 99 89 87 92 96 99 101 98 92 91 91 90 98 107 110 111 105 107 117 123 123 126 131 133 129 129 134 137 138 141 144 142 138 134 130 128 126 125 124 123 123 125 127 125 122 123 124 122 121 123 124 127 130 125 118 116 118 118 118 118 119 120 119 117 118 122 125 124 121 119 117 115 114 113 112 112 111 110 109
186 170 141 129 123 117 109 101 95 90 87 86 87 90 94 101 109 112 99 92 95 101 107 111 111 106 99 98 96 100 108 111 111 106 107 115 122 126 131 135 133 126 128 134 137 138 141 146 145 141 138 134 131 129 128 127 126 124 124 127 127 124 122 124 123 120 122 125 127 130 128 122 118 119 118 117 116 116 117 118 117 116 119 124 125 122 119 116 114 112 111 111 110 110 109 108
189 172 145 130 119 109 101 96 93 91 87 87 92 98 102 107 117 134 118 98 96 103 116 123 121 115 112 110 103 101 105 112 112 106 109 118 126 131 137 139 135 131 129 133 136 138 141 146 147 144 140 137 134 131 129 130 130 126 124 126 128 125 123 124 125 123 123 125 127 130 130 124 119 118 117 116 116 114 114 115 116 116 118 122 125 123 119 115 112 109 108 108 108 109 109 107
193 176 147 130 118 111 107 103 99 96 91 93 102 109 109 111 124 153 141 114 105 107 119 132 126 118 119 118 112 103 101 108 113 110 114 123 132 137 142 141 138 131 126 129 137 140 141 143 145 144 143 142 139 134 131 132 132 129 126 127 130 128 125 126 127 127 125 126 128 129 128 124 119 118 117 116 116 116 114 114 115 116 119 121 124 124 118 113 108 104 105 108 110 110 109 107
201 186 156 135 122 116 113 110 107 105 103 103 110 116 113 113 127 159 154 134 118 111 117 134 128 118 121 122 119 111 103 104 109 112 117 125 133 137 140 139 135 126 121 127 138 143 142 141 143 144 144 145 144 138 134 133 135 133 129 128 131 132 129 127 129 130 128 129 130 132 132 127 123 121 119 116 116 118 117 115 114 116 118 119 121 123 116 110 106 104 109 114 115 112 109 106
209 197 169 146 133 126 121 119 116 112 111 112 116 121 114 114 130 158 160 143 127 116 117 129 130 127 129 128 123 121 113 104 105 111 117 123 127 131 137 139 133 125 124 129 138 144 144 145 145 145 146 148 147 142 137 135 136 136 132 130 132 135 133 130 131 133 131 131 132 134 135 130 126 124 121 117 117 118 119 116 113 114 118 119 121 123 116 111 110 111 116 120 119 112 106 103
216 204 177 156 144 136 130 127 123 119 119 120 124 125 115 116 133 158 165 150 135 127 127 131 135 136 137 135 130 131 129 115 107 110 117 124 128 131 134 137 133 129 130 133 138 145 148 150 148 146 148 150 150 146 140 137 137 137 135 132 134 137 136 132 133 136 135 133 132 133 134 131 125 123 123 119 117 117 119 118 113 113 119 122 122 126 120 115 116 116 118 121 119 112 107 108
218 206 181 163 150 144 137 134 130 125 124 128 133 132 117 118 134 162 171 159 146 141 138 136 137 140 143 138 130 137 141 129 115 110 116 126 133 137 135 135 134 134 136 136 138 146 150 149 146 146 148 151 154 151 144 139 138 138 137 135 136 139 137 134 134 138 138 135 134 135 135 133 129 124 123 121 118 116 117 117 113 112 118 122 122 125 124 120 119 118 119 120 119 116 114 114
220 209 189 169 154 149 146 141 134 128 126 132 142 140 121 117 130 159 167 159 151 144 140 137 138 143 151 146 137 140 143 134 124 120 124 132 138 143 139 136 139 140 140 139 139 144 148 148 147 148 150 155 158 156 151 143 140 140 139 137 137 140 140 137 137 140 140 138 137 136 137 137 134 129 125 124 122 117 116 116 114 114 119 123 122 124 126 122 119 119 119 120 122 120 117 116
223 215 196 175 158 154 152 143 134 129 126 133 148 143 125 115 121 147 158 155 148 140 136 134 134 139 148 148 146 150 149 143 139 133 134 142 148 152 146 143 146 146 144 140 138 142 148 150 151 152 154 159 161 160 156 148 142 142 141 139 139 141 141 140 141 143 143 141 139 138 138 139 138 133 128 126 126 122 118 118 117 117 119 124 124 125 126 123 120 120 121 123 124 119 116 115
226 220 201 176 160 156 151 141 132 129 125 130 148 145 129 116 118 137 151 151 145 137 133 130 129 130 134 137 142 149 149 149 144 137 136 145 154 159 156 156 157 153 148 144 143 145 148 150 152 154 155 160 163 163 160 151 144 143 143 141 140 142 141 140 142 144 144 144 142 138 138 139 140 137 132 128 127 125 121 119 116 115 118 123 124 125 126 124 122 122 123 125 125 117 114 116
228 221 203 177 162 157 146 137 131 131 127 127 144 149 138 123 119 130 147 149 145 138 132 127 124 124 125 127 131 136 139 141 138 133 132 138 151 157 160 167 168 164 157 153 153 153 153 153 156 157 157 161 164 166 164 155 147 143 144 143 141 143 141 137 135 133 133 138 140 138 138 140 140 138 136 132 129 127 123 118 115 114 118 123 124 126 128 126 123 123 123 125 124 115 114 120
227 220 198 178 171 165 151 138 133 135 132 125 138 153 146 130 120 126 143 150 146 137 129 124 121 120 122 125 127 126 126 126 127 128 129 133 141 147 154 165 170 169 162 158 158 158 157 160 163 162 161 162 165 168 168 160 150 145 145 143 141 141 138 130 122 115 116 125 133 134 136 139 138 138 138 136 134 130 125 121 118 117 120 124 126 129 131 129 125 123 125 127 125 117 117 123
223 213 190 176 172 167 157 146 138 140 135 125 136 154 148 134 121 121 136 146 144 135 128 122 116 115 117 121 122 122 124 125 124 127 127 127 135 136 141 154 162 166 161 155 152 151 154 160 165 165 163 162 166 171 169 162 152 147 146 143 139 137 132 128 128 125 124 127 131 132 132 135 136 137 138 139 137 134 130 127 123 121 124 128 130 133 135 133 129 126 128 132 125 116 117 124
218 208 187 176 169 162 156 148 141 144 137 127 136 155 149 134 121 115 124 135 135 132 127 119 112 112 113 115 118 121 126 126 122 125 126 125 132 136 137 148 157 161 162 157 150 145 146 154 162 164 163 162 168 173 170 163 153 145 143 140 140 139 138 140 140 136 134 133 133 133 131 130 132 134 137 139 140 138 135 133 131 127 129 133 134 135 138 137 130 128 131 136 125 117 119 125
217 207 189 180 170 159 153 147 141 144 139 130 139 155 148 134 122 115 117 126 129 129 126 122 118 113 111 116 123 127 132 129 123 126 127 123 129 136 136 145 154 159 164 161 154 149 148 153 161 164 164 165 171 174 172 168 159 148 142 144 147 147 147 148 145 140 138 136 135 135 131 124 124 128 132 137 140 139 136 135 134 130 129 133 134 136 142 139 130 128 133 138 129 120 122 128
213 204 190 182 173 162 155 149 143 144 141 133 140 151 142 132 124 121 121 126 129 132 133 127 122 121 123 131 133 137 142 133 124 125 127 122 125 134 137 143 151 158 163 162 156 152 151 155 161 163 165 169 174 176 176 174 169 162 157 158 157 152 152 152 148 143 141 139 137 137 133 125 120 122 126 131 135 136 134 132 131 127 125 130 133 138 145 141 131 130 136 140 131 123 124 131
209 203 190 181 174 165 158 149 144 144 143 138 142 151 142 137 135 130 127 128 130 135 140 139 137 140 143 144 145 149 152 142 129 126 128 125 125 130 134 139 147 155 160 161 158 154 154 159 164 166 167 171 176 180 179 176 172 167 162 163 160 156 155 154 149 145 143 142 140 140 138 132 127 125 125 127 130 132 130 129 129 127 125 128 133 141 150 145 135 132 137 140 130 125 128 133
209 202 188 181 174 167 159 149 145 145 146 145 149 154 151 150 149 142 137 136 141 146 151 154 153 151 152 152 151 153 156 149 138 135 133 127 124 126 130 133 139 147 153 158 157 154 156 163 169 170 170 173 178 182 182 179 174 167 162 162 161 159 157 155 150 147 146 145 143 141 138 133 130 129 127 127 129 131 131 132 132 131 129 129 135 147 156 153 144 138 139 139 131 128 131 135
208 201 187 181 174 164 155 148 146 147 148 149 152 156 158 158 156 148 143 143 145 149 155 159 159 156 151 146 147 149 152 149 145 146 145 134 126 125 127 127 130 137 143 150 154 154 157 165 171 171 171 175 181 185 185 182 176 168 163 163 162 161 160 157 153 151 149 148 146 144 139 131 127 127 126 124 127 129 128 130 132 132 132 132 135 146 155 154 150 146 144 141 135 132 132 134
209 204 190 181 173 160 149 144 143 146 147 145 146 151 157 160 157 148 142 141 143 146 151 156 153 148 147 147 143 141 143 143 145 151 157 152 140 128 124 123 125 128 132 138 146 152 160 170 174 172 174 178 184 188 186 183 177 170 166 165 165 164 163 160 157 154 153 152 150 147 142 134 128 126 123 121 124 126 123 122 125 127 129 130 132 138 145 146 145 144 143 141 140 140 137 136
212 207 192 182 175 162 149 139 137 140 140 138 136 136 142 150 149 144 142 142 142 144 149 155 154 148 149 153 149 143 138 137 141 150 159 164 163 153 139 133 130 128 129 132 138 146 161 176 179 177 179 185 190 190 187 183 178 173 170 168 167 166 165 162 160 158 156 155 154 151 146 138 132 129 126 123 124 126 123 120 120 122 124 123 124 129 135 136 134 134 134 134 137 144 145 144
213 205 191 184 177 164 156 147 138 134 132 130 129 130 132 135 135 135 138 142 144 145 149 156 159 156 156 158 156 152 145 140 142 149 158 165 172 173 166 155 147 142 140 137 137 143 158 177 182 182 186 192 194 191 188 183 179 175 172 171 170 168 166 164 162 161 159 158 157 155 149 142 137 132 128 126 126 130 128 123 123 125 126 123 121 122 127 132 131 129 129 126 128 138 144 145
