windninja/windninja_output/Output_2025-10-23_0500-0550_Google earth_Fire_150m_10min/merlingen_7.5mi_point_10-23-2025_0500_150m_ang.asc
ncols	158
nrows	163
xllcorner	391686.332397
yllcorner	5160024.123721
cellsize	150.000000
NODATA_value	-32768.000000
[rows 84 to 125 of 163, columns 0 to 94 of 158]
107 115 124 119 112 110 112 115 117 122 127 127 124 119 116 116 116 115 116 118 119 120 120 121 126 127 124 122 121 119 119 118 117 115 112 110 109 110 111 113 115 118 120 121 121 121 122 123 123 123 124 125 125 126 124 122 121 121 121 121 121 121 122 122 122 122 123 123 123 124 125 126 127 128 129 131 133 136 139 145 155 162 162 154 136 129 124 120 119 119 117 115 114 113 114
95 96 99 97 94 91 85 85 96 110 119 123 121 117 114 114 114 113 114 116 117 118 119 121 125 128 124 121 120 120 119 119 118 116 113 112 111 110 110 113 116 118 119 118 117 116 116 116 116 117 119 119 120 122 123 122 121 121 121 121 121 122 122 122 123 123 123 123 124 124 125 126 127 128 129 131 133 136 139 146 156 162 164 152 132 126 123 120 119 118 117 115 114 113 115
91 89 87 87 83 76 70 77 95 109 117 119 117 115 112 111 111 109 109 111 112 114 115 118 124 130 128 123 121 121 120 119 120 121 119 117 115 112 112 113 116 119 119 118 116 115 115 114 114 116 117 117 117 118 120 121 120 121 121 121 122 122 123 123 123 123 124 124 124 125 125 126 127 128 129 131 133 135 139 145 154 160 160 147 130 123 120 119 118 117 116 116 117 120 123
91 88 82 82 79 76 78 89 100 108 113 114 114 114 110 108 106 104 104 106 109 110 112 119 130 138 135 128 124 122 121 120 120 122 121 119 118 116 114 114 116 119 120 118 116 114 113 113 113 114 116 117 117 117 117 118 119 120 121 122 122 123 123 124 124 124 124 124 125 125 126 126 127 128 129 131 132 135 138 143 149 154 152 143 129 121 119 117 115 114 115 118 121 124 126
93 91 89 90 89 89 92 97 100 101 106 111 114 115 111 107 102 100 101 105 110 113 120 130 143 150 140 131 126 123 121 120 119 120 119 118 118 117 114 113 114 118 121 121 118 115 113 113 113 114 116 118 118 118 118 118 118 119 120 122 123 124 124 124 124 124 124 125 125 125 126 126 127 128 129 130 132 134 136 140 144 147 145 136 127 120 116 114 114 115 117 120 119 114 110
101 102 102 100 98 97 96 95 94 94 103 114 118 117 112 104 98 97 101 107 115 123 131 140 155 158 143 131 126 123 121 120 120 119 118 118 118 117 113 110 110 113 118 121 120 117 114 112 113 115 117 120 122 123 123 121 119 117 117 122 125 126 126 125 125 125 125 125 125 126 126 127 127 128 129 130 131 133 135 137 139 141 140 132 123 116 112 111 113 116 115 115 109 101 98
105 105 102 97 96 98 97 95 93 96 105 116 121 117 111 104 100 99 101 109 122 133 140 150 163 162 144 132 126 123 120 119 119 119 118 117 118 119 116 111 109 110 114 117 119 117 114 111 112 114 117 121 125 127 127 124 119 116 118 124 130 130 127 126 126 125 125 125 126 126 126 127 127 128 129 130 131 132 133 134 136 137 137 132 125 120 117 113 114 113 109 104 101 97 96
102 101 99 96 100 104 105 105 104 103 107 115 122 121 118 115 110 104 101 111 128 141 152 158 169 162 141 130 125 122 120 118 118 119 118 117 118 120 121 117 112 110 111 114 117 117 115 111 110 112 116 120 124 128 131 129 125 124 124 128 134 133 129 127 126 126 126 126 126 126 126 127 127 128 129 129 130 131 132 132 133 134 135 133 129 126 122 118 115 110 102 93 93 92 90
102 103 106 108 110 115 123 130 130 118 112 115 121 123 122 120 119 117 114 121 131 153 162 164 172 156 136 127 122 120 118 117 117 118 119 118 118 119 121 120 116 110 109 112 115 116 114 110 108 108 112 118 123 127 133 134 130 128 126 127 133 134 131 128 127 126 126 126 126 126 127 127 127 128 128 129 129 130 131 131 131 132 132 131 128 125 121 117 111 102 89 85 87 87 86
104 107 113 116 117 122 131 142 149 134 122 126 134 138 140 135 133 131 126 126 131 155 163 165 166 144 129 124 120 118 116 114 115 118 120 119 118 118 119 121 120 114 108 109 112 113 112 110 108 107 109 116 125 128 132 132 126 122 120 121 126 131 131 128 127 126 126 126 126 126 127 127 127 128 128 128 129 129 130 130 130 130 129 127 124 120 116 111 103 92 85 87 90 89 89
105 107 113 116 117 120 127 140 153 142 128 130 140 145 148 139 135 131 123 113 107 92 66 116 139 131 125 121 118 115 112 111 114 119 120 119 118 118 119 121 124 122 114 110 111 113 114 113 111 111 113 120 129 130 129 128 122 118 117 118 121 127 128 127 127 126 126 126 126 126 127 127 127 128 128 128 128 129 129 129 129 128 127 126 123 119 114 108 101 96 95 96 97 97 98
101 103 109 113 112 112 116 127 143 137 124 119 123 124 128 120 118 112 103 87 66 44 35 59 103 119 120 119 116 114 112 114 117 120 121 120 118 118 119 120 124 127 122 116 116 118 120 120 119 120 121 124 131 131 127 126 124 121 120 120 121 125 127 126 126 126 126 126 126 127 127 127 127 127 128 128 128 128 128 128 128 127 126 125 123 120 116 112 108 105 104 104 104 104 104
101 102 106 109 107 102 101 109 119 121 113 104 98 95 100 100 99 98 88 58 37 37 42 67 98 113 117 117 117 118 117 116 116 117 119 119 118 118 119 120 124 128 127 122 120 122 124 125 126 125 123 122 124 128 125 123 123 122 121 121 122 124 126 126 126 126 126 126 126 127 127 127 127 127 127 128 128 128 128 128 127 127 126 125 123 121 118 116 113 111 110 110 109 109 109
103 103 104 104 98 91 87 89 93 98 98 90 86 89 93 96 98 95 76 44 30 37 55 80 104 117 119 118 117 117 114 111 109 110 114 116 116 117 119 120 123 128 129 125 121 121 121 121 120 118 115 113 116 122 122 121 121 121 121 121 122 123 124 125 125 126 126 126 126 127 127 127 127 127 127 127 127 128 128 127 127 127 126 125 123 122 120 119 117 116 115 114 114 113 113
100 99 97 93 91 86 81 78 78 79 76 75 78 83 87 90 90 80 56 39 36 50 76 97 117 125 121 116 114 111 108 106 105 107 110 113 114 116 119 121 123 127 130 127 121 118 116 113 111 108 109 111 113 118 120 120 120 121 122 122 122 122 122 123 125 126 126 126 127 127 127 127 127 127 127 127 127 127 127 127 127 126 126 125 124 123 122 121 119 118 118 117 117 117 116
94 91 86 86 87 84 80 76 72 67 66 68 70 79 85 83 75 61 45 39 52 79 99 109 121 120 112 110 108 106 104 104 105 106 109 113 114 116 119 122 124 127 130 130 124 120 118 114 111 110 112 114 115 117 119 121 121 121 123 124 124 123 122 123 124 125 126 127 127 127 127 127 127 127 127 127 127 127 127 127 127 127 126 126 125 124 123 122 122 121 120 120 119 119 119
94 90 84 83 81 77 75 74 69 64 63 61 60 67 72 70 67 62 53 59 84 101 105 99 81 85 95 100 101 100 99 100 103 106 110 114 115 116 118 123 126 128 130 132 128 123 119 117 115 114 115 116 118 119 121 122 122 121 123 127 128 127 125 124 124 126 126 127 127 127 126 126 126 126 126 127 127 127 127 127 127 127 126 126 126 125 125 124 123 123 122 122 122 122 121
99 95 88 82 77 73 70 69 68 66 64 62 58 59 62 67 75 80 82 94 105 107 93 64 54 70 84 89 92 92 93 97 101 105 110 113 114 115 117 122 128 129 131 133 130 124 119 118 118 117 117 118 120 120 121 122 124 123 124 127 128 128 126 125 126 128 129 129 128 126 125 125 126 126 126 126 126 126 127 127 127 127 127 127 126 126 126 125 125 124 124 124 124 124 124
103 99 91 83 77 74 72 71 70 69 68 66 64 64 74 85 90 95 102 105 103 90 63 54 59 70 78 82 85 89 93 97 101 105 109 113 115 116 117 120 126 130 131 133 133 129 125 123 122 121 120 119 121 122 121 123 125 125 126 127 130 130 129 127 126 128 130 130 129 125 123 124 125 126 125 125 126 126 126 126 127 127 127 127 127 127 127 126 126 126 125 125 125 125 125
107 103 94 86 81 78 76 74 72 72 72 73 76 86 96 97 96 99 103 100 86 57 51 59 64 66 74 82 88 93 97 99 101 104 108 112 116 117 117 119 124 129 130 133 135 133 128 125 124 122 121 121 122 124 124 126 126 126 127 128 131 133 132 129 127 128 130 131 131 127 122 122 124 124 124 124 124 125 125 126 126 127 127 127 127 127 127 127 127 127 127 127 127 127 127
112 108 98 90 85 81 79 77 74 75 78 81 87 96 101 100 95 92 90 81 63 52 57 64 63 66 76 86 92 96 99 100 101 104 106 110 115 117 118 119 123 128 131 132 135 134 130 127 125 124 123 123 123 124 125 126 127 128 127 128 130 132 133 130 129 129 132 134 134 131 126 122 122 122 120 119 121 123 124 125 126 127 127 128 128 128 128 128 128 128 128 128 128 128 128
118 113 101 92 86 83 80 77 75 78 81 85 90 96 99 98 93 85 78 69 61 61 66 65 67 74 81 87 92 96 99 101 103 104 105 108 114 120 122 123 126 129 131 132 135 136 134 131 130 128 126 126 126 126 126 127 128 128 128 128 129 131 131 130 129 130 132 136 137 133 129 125 123 122 119 118 120 122 122 122 124 127 128 128 129 129 129 129 128 128 128 128 128 129 129
126 120 106 95 88 85 82 79 79 83 89 94 98 102 102 98 92 85 77 70 67 71 73 71 74 80 83 85 90 96 102 106 107 104 103 108 117 123 126 127 128 130 131 132 135 137 137 135 133 132 129 129 129 128 127 128 129 128 128 128 129 131 131 131 130 131 132 136 139 135 130 128 126 127 127 125 125 124 122 121 124 127 129 129 129 129 129 129 129 129 129 129 129 129 129
141 132 114 101 93 89 88 92 95 99 105 108 107 104 101 99 94 89 82 75 73 79 85 84 82 83 85 86 90 98 106 111 112 104 104 113 122 126 126 127 130 132 132 134 137 139 141 140 137 135 131 129 129 129 129 129 130 130 129 129 129 130 132 132 132 133 133 136 139 137 132 129 128 128 128 127 127 129 130 127 126 129 130 130 130 130 130 130 129 129 129 129 129 129 129
161 150 126 112 106 105 110 113 114 111 108 105 101 96 95 97 98 94 86 82 84 90 95 96 91 86 89 91 90 99 108 112 114 106 108 118 126 127 125 128 134 134 133 136 139 140 143 143 141 139 134 130 130 130 130 130 131 131 131 132 131 130 132 133 132 133 135 136 139 140 135 130 128 128 128 128 129 131 133 130 128 129 131 131 131 131 130 130 129 129 129 129 129 129 130
182 170 141 128 125 123 121 118 113 105 96 92 91 91 93 99 105 103 93 91 95 98 101 104 102 96 95 95 93 100 110 113 115 109 109 119 126 126 128 133 136 132 131 137 140 141 143 146 145 142 139 135 133 132 132 131 131 131 133 135 135 132 132 135 133 132 134 136 139 141 138 131 129 130 130 130 130 131 132 129 127 128 131 133 133 131 130 130 129 128 128 128 128 129 129
194 180 150 136 128 121 114 106 98 93 90 89 90 93 97 104 112 118 105 96 98 104 110 114 115 109 103 102 100 103 111 115 115 109 109 117 125 128 133 138 136 130 131 136 140 140 144 148 148 144 141 139 137 135 134 134 134 132 132 135 136 134 133 135 134 132 133 135 139 142 141 134 131 131 131 130 129 129 130 130 128 127 130 134 134 132 130 129 128 127 126 126 126 127 128
196 180 153 137 125 114 106 100 97 94 90 90 95 101 104 110 121 141 125 102 99 106 119 126 124 118 115 113 106 104 108 115 115 109 111 120 128 134 140 142 139 135 133 135 138 140 144 148 149 146 144 142 140 137 136 137 136 133 132 134 137 134 134 136 137 136 135 136 139 141 141 136 131 131 131 130 129 129 128 128 128 128 130 134 136 134 130 127 125 123 122 122 123 125 126
199 185 157 138 125 117 112 108 104 100 95 96 105 112 111 114 128 157 146 118 108 109 122 135 130 120 121 120 114 106 104 111 116 113 116 126 134 140 145 144 142 136 130 132 140 143 144 146 147 147 146 146 144 139 137 138 139 136 134 135 138 137 136 137 139 139 138 139 140 140 139 135 131 131 131 130 131 132 131 129 129 129 132 135 138 138 132 127 122 117 116 120 124 126 127
206 194 167 145 130 123 119 116 113 110 107 106 113 120 116 116 130 161 156 138 122 114 120 137 130 120 123 124 120 113 106 106 111 114 119 127 136 141 145 143 141 131 125 130 141 146 145 144 146 146 147 149 148 143 139 139 141 139 136 137 140 141 139 137 140 141 141 143 144 144 143 138 135 134 133 131 132 133 134 132 130 130 133 134 137 139 135 128 123 118 120 126 129 129 128
213 204 180 156 141 133 127 124 121 117 115 115 119 124 117 117 133 159 160 145 130 118 120 131 131 128 130 129 124 122 115 106 107 113 119 125 130 135 142 144 139 130 128 132 141 146 147 148 148 148 148 150 150 147 142 141 142 142 139 138 141 144 143 139 141 143 144 144 145 147 147 143 138 137 136 133 132 133 135 134 131 132 136 137 139 143 138 132 129 126 129 134 136 133 128
218 209 185 164 151 143 136 132 129 123 121 123 126 128 117 118 135 159 166 151 136 128 128 132 135 136 138 136 131 132 130 116 109 111 119 126 131 135 139 143 138 133 134 137 142 148 151 153 151 149 150 152 153 150 145 142 143 143 141 139 142 145 144 141 142 146 146 145 145 147 148 145 140 137 136 134 133 133 136 136 131 132 139 143 145 150 145 137 134 131 133 140 142 138 132
220 209 188 171 157 150 143 139 134 128 126 129 135 134 120 119 135 163 171 160 147 141 139 137 137 140 143 139 130 137 142 130 116 111 117 128 136 141 140 139 138 137 140 141 142 149 153 153 150 149 151 154 156 154 149 144 143 144 143 141 142 146 145 142 143 147 148 146 146 148 149 148 145 140 137 135 134 133 135 135 130 130 138 146 149 153 148 141 136 135 137 143 146 143 138
221 212 194 176 160 154 151 145 137 130 128 134 143 141 122 118 131 160 168 160 151 145 140 137 138 142 150 146 136 140 143 135 125 120 124 133 140 146 143 140 142 143 144 143 143 148 152 151 150 151 153 158 160 159 154 148 145 145 144 142 143 147 147 144 145 148 149 148 148 149 150 151 150 146 142 139 137 135 135 135 131 131 139 148 150 151 148 142 138 138 142 147 149 144 139
225 217 200 180 164 158 155 145 136 131 127 134 149 144 126 115 122 148 158 156 148 140 136 134 133 138 147 147 145 149 148 143 139 132 134 143 150 154 148 145 149 150 148 144 143 147 151 153 154 155 157 162 164 163 159 152 147 146 146 144 144 147 147 146 148 151 152 151 150 150 150 152 152 150 147 145 143 140 137 138 136 135 141 148 148 148 147 143 141 143 147 151 152 145 140
227 221 204 181 164 159 153 143 133 130 126 131 148 145 130 116 119 137 151 151 145 137 133 130 128 129 133 136 141 147 148 148 144 136 136 145 155 160 158 158 159 156 152 148 147 149 152 153 155 158 159 163 166 166 163 155 148 147 147 145 145 146 146 145 148 151 152 153 152 149 149 151 152 151 149 149 149 146 141 138 136 136 142 147 146 145 146 144 144 147 151 154 155 148 140
228 222 205 181 165 159 148 138 131 131 128 128 144 149 138 122 118 130 146 149 145 138 132 127 123 123 124 126 130 134 137 140 137 132 131 137 151 158 161 169 170 166 160 156 156 157 156 156 159 161 161 164 167 168 167 159 150 147 147 146 145 147 146 142 141 140 141 146 149 148 148 150 150 150 150 151 152 151 145 140 136 136 141 145 144 144 146 146 146 149 152 156 158 149 141
228 221 200 180 173 167 151 139 133 135 132 125 138 153 145 129 119 125 142 150 146 137 129 124 120 119 121 124 126 125 125 125 125 126 127 131 140 146 155 167 172 171 164 160 161 161 161 163 167 166 165 166 168 171 170 163 153 148 148 146 144 145 143 136 129 121 121 130 139 142 146 149 148 148 149 152 154 154 152 146 142 140 142 144 144 146 149 149 149 150 153 159 159 147 140
224 213 191 178 173 168 157 146 138 139 134 125 135 153 148 133 119 118 134 144 143 135 128 122 116 115 117 120 121 121 123 124 122 125 125 125 133 135 142 155 165 168 163 158 155 155 158 165 169 169 167 166 169 174 172 165 155 150 149 146 143 143 138 135 136 132 129 131 134 136 139 144 145 146 148 150 153 154 155 154 150 145 145 147 148 151 154 155 153 152 156 163 157 142 137
219 209 188 177 170 162 155 147 140 142 135 126 135 154 149 133 119 112 119 131 132 130 126 119 112 112 113 115 118 121 126 125 121 123 124 122 129 133 135 148 159 163 163 158 151 148 150 159 167 169 167 166 171 176 173 166 156 148 146 144 144 145 144 145 145 141 139 139 137 136 136 137 139 142 145 147 150 152 153 156 156 152 150 152 153 155 159 160 156 155 159 164 154 139 137
218 208 189 181 171 159 152 146 139 141 136 128 137 154 147 133 120 110 110 119 124 126 125 121 117 113 111 116 123 127 132 128 121 123 123 120 125 132 133 144 155 161 164 160 154 150 150 156 165 168 168 169 175 177 176 171 162 152 145 147 151 151 151 151 149 144 143 143 141 140 135 129 129 133 139 143 147 148 148 151 154 153 153 156 157 158 164 165 158 155 159 161 151 140 141
213 204 191 183 173 162 154 148 141 141 137 129 135 147 140 130 122 117 114 118 123 127 129 124 120 120 122 130 133 137 142 132 122 122 124 118 121 131 133 140 151 159 164 160 154 151 151 157 164 167 169 173 178 180 179 177 171 164 159 160 159 154 154 155 151 147 145 145 144 145 139 129 124 126 130 136 140 141 141 142 145 147 151 158 159 162 170 168 160 156 157 158 149 141 144
