windninja/windninja_output/Output_2025-10-23_0500-0550_Google earth_Fire_150m_10min/merlingen_7.5mi_point_10-23-2025_0550_150m_vel.asc
ncols	158
nrows	163
xllcorner	391686.332397
yllcorner	5160024.123721
cellsize	150.000000
NODATA_value	-32768.000000
[rows 38 to 75 of 163, columns 0 to 83 of 158]
3.71 3.76 3.87 3.86 3.79 3.79 3.80 3.81 3.85 3.93 3.91 3.79 3.78 3.82 3.81 3.75 3.69 3.64 3.58 3.54 3.48 3.39 3.31 3.24 3.10 2.89 2.61 2.46 3.06 3.89 3.95 3.88 3.98 3.99 4.07 3.44 2.57 2.73 3.18 3.13 3.06 3.11 3.15 3.21 3.42 3.39 3.13 2.95 2.85 3.10 3.31 3.05 2.80 2.94 3.13 2.92 2.68 2.76 2.93 3.14 3.22 2.83 2.21 1.70 1.61 2.22 3.27 3.42 2.41 1.66 1.68 2.00 2.08 1.64 1.15 1.23 1.24 0.98 1.22 1.59 1.33 1.19 1.33 1.61
3.81 3.86 3.88 3.85 3.83 3.82 3.84 3.91 3.95 3.96 3.90 3.80 3.80 3.86 3.84 3.76 3.71 3.67 3.61 3.59 3.52 3.43 3.36 3.30 3.18 2.98 2.78 2.84 3.29 3.71 3.76 3.70 3.62 3.62 3.58 2.86 2.33 2.83 3.28 3.28 3.25 3.30 3.36 3.31 3.35 3.43 3.24 2.93 2.80 3.18 3.47 3.18 2.76 2.89 3.24 3.02 2.65 2.65 2.86 3.02 2.92 2.70 2.40 1.92 1.64 2.15 3.29 3.28 2.22 1.84 2.10 2.21 1.90 1.28 1.05 1.43 1.41 0.95 1.04 1.50 1.34 1.13 1.28 1.66
3.88 3.95 3.88 3.85 3.86 3.84 3.89 4.01 4.03 3.93 3.84 3.83 3.84 3.87 3.86 3.77 3.72 3.70 3.65 3.61 3.56 3.48 3.39 3.34 3.26 3.08 2.98 3.05 3.16 3.43 3.73 3.60 3.31 3.25 2.99 2.38 2.29 2.77 3.21 3.41 3.47 3.55 3.58 3.34 3.25 3.43 3.34 3.00 2.82 3.10 3.58 3.44 2.97 2.96 3.19 3.02 2.58 2.45 2.69 2.81 2.59 2.41 2.54 2.40 1.91 2.20 3.19 3.09 2.30 2.29 2.31 1.97 1.57 1.09 1.17 1.72 1.49 0.89 0.92 1.31 1.28 1.15 1.38 1.75
3.87 3.93 3.87 3.83 3.86 3.88 3.95 4.05 4.05 3.89 3.81 3.87 3.87 3.85 3.85 3.79 3.73 3.72 3.69 3.64 3.59 3.49 3.40 3.38 3.33 3.18 3.12 3.09 3.06 3.35 3.69 3.45 3.09 2.89 2.48 2.20 2.38 2.72 3.10 3.48 3.66 3.80 3.64 3.35 3.37 3.48 3.36 3.05 2.80 3.02 3.69 3.73 3.10 2.77 2.87 2.88 2.45 2.19 2.40 2.55 2.34 2.13 2.47 2.75 2.37 2.40 2.99 3.03 2.64 2.46 2.01 1.67 1.55 1.19 1.44 1.90 1.37 0.76 0.77 1.07 1.18 1.20 1.51 1.82
3.81 3.83 3.81 3.79 3.84 3.95 3.98 4.00 4.02 3.89 3.82 3.88 3.88 3.84 3.83 3.80 3.74 3.72 3.71 3.67 3.60 3.47 3.41 3.42 3.37 3.25 3.19 3.13 3.12 3.35 3.52 3.29 2.97 2.64 2.28 2.17 2.41 2.92 3.33 3.56 3.75 3.79 3.61 3.60 3.62 3.37 3.13 2.93 2.78 3.05 3.80 3.86 2.95 2.38 2.50 2.63 2.35 2.08 2.17 2.35 2.26 2.08 2.40 2.74 2.74 2.78 2.93 3.06 2.81 2.17 1.67 1.71 1.72 1.43 1.74 1.88 1.11 0.60 0.61 0.90 1.12 1.26 1.57 1.97
3.76 3.75 3.73 3.75 3.87 4.00 3.96 3.92 3.97 3.91 3.83 3.86 3.88 3.82 3.80 3.79 3.74 3.72 3.72 3.70 3.58 3.47 3.44 3.44 3.39 3.29 3.24 3.22 3.20 3.26 3.29 3.17 2.92 2.60 2.34 2.24 2.60 3.26 3.47 3.46 3.53 3.63 3.78 3.91 3.57 2.96 2.74 2.80 2.92 3.27 3.88 3.77 2.77 2.19 2.27 2.36 2.21 2.03 2.07 2.30 2.35 2.31 2.46 2.60 2.90 3.19 3.12 3.03 2.59 1.83 1.61 1.90 1.86 1.67 1.85 1.62 0.86 0.45 0.52 0.83 1.12 1.38 1.78 2.25
3.69 3.67 3.67 3.79 3.91 3.93 3.89 3.89 3.92 3.89 3.84 3.83 3.84 3.79 3.77 3.76 3.73 3.74 3.73 3.68 3.57 3.50 3.46 3.42 3.40 3.34 3.30 3.28 3.21 3.15 3.16 3.12 2.92 2.67 2.44 2.44 2.87 3.29 3.28 3.16 3.23 3.63 4.05 3.91 3.16 2.61 2.62 2.86 3.24 3.64 3.82 3.41 2.59 2.11 2.13 2.19 2.07 1.98 2.10 2.37 2.52 2.57 2.55 2.64 3.18 3.50 3.25 2.83 2.20 1.68 1.71 1.95 1.91 1.78 1.69 1.23 0.60 0.32 0.49 0.87 1.22 1.62 2.09 2.29
3.60 3.61 3.69 3.84 3.86 3.82 3.86 3.88 3.86 3.84 3.84 3.81 3.79 3.76 3.75 3.74 3.73 3.74 3.72 3.64 3.56 3.51 3.45 3.42 3.41 3.39 3.35 3.27 3.18 3.13 3.12 3.09 2.94 2.72 2.56 2.65 2.88 3.04 3.05 3.00 3.19 3.74 4.09 3.62 2.70 2.47 2.79 3.23 3.70 3.78 3.43 2.93 2.44 2.03 2.02 2.12 2.04 2.06 2.29 2.53 2.67 2.76 2.79 3.03 3.53 3.54 3.12 2.57 1.84 1.56 1.75 1.87 1.88 1.76 1.46 1.01 0.45 0.29 0.61 1.07 1.52 1.90 2.10 1.93
3.56 3.62 3.73 3.78 3.75 3.78 3.85 3.84 3.80 3.80 3.82 3.79 3.73 3.72 3.73 3.74 3.73 3.71 3.68 3.61 3.55 3.49 3.44 3.43 3.43 3.40 3.33 3.23 3.18 3.14 3.10 3.06 2.96 2.78 2.68 2.70 2.78 2.91 3.01 3.05 3.23 3.64 3.87 3.27 2.45 2.58 3.15 3.72 3.86 3.39 2.89 2.56 2.27 2.05 1.97 2.06 2.14 2.33 2.64 2.75 2.79 2.99 3.23 3.39 3.50 3.27 2.77 2.27 1.68 1.51 1.71 1.76 1.81 1.70 1.37 0.96 0.51 0.40 0.83 1.33 1.70 1.86 1.78 1.55
3.60 3.66 3.69 3.61 3.65 3.83 3.87 3.78 3.75 3.77 3.79 3.75 3.68 3.69 3.71 3.71 3.69 3.66 3.63 3.59 3.53 3.45 3.44 3.45 3.43 3.37 3.29 3.23 3.20 3.15 3.10 3.04 2.96 2.84 2.72 2.68 2.79 2.94 3.00 3.03 3.16 3.47 3.52 2.89 2.49 2.94 3.59 3.90 3.56 2.85 2.50 2.25 2.11 2.15 2.03 2.05 2.37 2.73 3.05 3.01 2.91 3.23 3.47 3.35 3.21 2.94 2.40 2.01 1.67 1.54 1.64 1.65 1.69 1.59 1.29 0.95 0.64 0.64 1.02 1.44 1.68 1.66 1.54 1.41
3.66 3.67 3.57 3.39 3.56 3.95 3.94 3.73 3.69 3.73 3.74 3.68 3.63 3.64 3.68 3.67 3.64 3.62 3.59 3.55 3.49 3.44 3.44 3.44 3.41 3.35 3.28 3.24 3.20 3.15 3.09 3.02 2.96 2.90 2.76 2.69 2.83 2.95 2.93 2.94 3.09 3.27 3.10 2.64 2.74 3.40 3.81 3.66 3.11 2.50 2.14 2.03 2.08 2.19 2.11 2.23 2.74 3.20 3.42 3.12 2.90 3.21 3.37 3.18 2.98 2.68 2.19 1.86 1.64 1.54 1.57 1.58 1.56 1.43 1.19 0.95 0.80 0.87 1.13 1.45 1.62 1.58 1.48 1.38
3.74 3.64 3.39 3.20 3.54 4.06 4.04 3.75 3.62 3.66 3.67 3.60 3.58 3.60 3.63 3.63 3.59 3.57 3.55 3.50 3.46 3.45 3.42 3.40 3.40 3.35 3.27 3.22 3.19 3.13 3.08 3.03 2.99 2.93 2.81 2.75 2.86 2.93 2.88 2.89 3.00 3.04 2.83 2.65 2.98 3.63 3.72 3.24 2.70 2.15 1.84 1.98 2.20 2.26 2.28 2.59 3.20 3.66 3.50 2.92 2.67 2.91 3.17 3.17 2.92 2.49 2.06 1.74 1.58 1.51 1.51 1.51 1.43 1.26 1.09 0.98 0.95 1.03 1.21 1.45 1.59 1.60 1.50 1.37
3.81 3.58 3.15 3.07 3.64 4.11 4.07 3.86 3.58 3.54 3.57 3.53 3.54 3.55 3.56 3.58 3.56 3.51 3.50 3.47 3.44 3.44 3.39 3.36 3.38 3.34 3.24 3.20 3.17 3.12 3.08 3.04 3.00 2.94 2.86 2.82 2.86 2.88 2.83 2.81 2.87 2.93 2.84 2.74 3.11 3.60 3.44 2.86 2.32 1.83 1.69 2.05 2.38 2.42 2.56 3.07 3.71 3.75 3.13 2.55 2.39 2.58 3.05 3.32 2.92 2.31 1.91 1.63 1.50 1.46 1.46 1.42 1.30 1.16 1.06 1.04 1.05 1.10 1.26 1.47 1.62 1.63 1.50 1.38
3.91 3.50 2.95 3.07 3.82 4.06 3.94 3.94 3.64 3.45 3.44 3.48 3.49 3.47 3.48 3.52 3.53 3.46 3.44 3.45 3.42 3.41 3.36 3.34 3.35 3.30 3.21 3.17 3.15 3.11 3.08 3.04 2.99 2.94 2.89 2.86 2.84 2.81 2.78 2.73 2.79 2.96 2.89 2.78 3.08 3.37 3.04 2.43 2.04 1.75 1.75 2.25 2.58 2.61 2.91 3.61 3.87 3.36 2.63 2.25 2.19 2.41 3.13 3.49 2.84 2.12 1.76 1.52 1.43 1.40 1.39 1.33 1.21 1.12 1.10 1.12 1.10 1.12 1.28 1.52 1.63 1.60 1.52 1.44
3.98 3.44 2.85 3.19 3.91 3.91 3.73 3.96 3.82 3.41 3.29 3.38 3.40 3.39 3.42 3.47 3.48 3.41 3.40 3.43 3.39 3.34 3.33 3.32 3.30 3.24 3.19 3.16 3.14 3.10 3.07 3.02 2.98 2.94 2.90 2.87 2.82 2.79 2.75 2.68 2.75 2.99 2.96 2.81 2.90 3.03 2.59 1.98 1.92 1.99 2.15 2.47 2.69 2.84 3.36 3.89 3.56 2.80 2.31 2.13 2.15 2.46 3.32 3.57 2.70 1.97 1.62 1.40 1.36 1.36 1.33 1.27 1.16 1.12 1.17 1.17 1.12 1.14 1.31 1.52 1.56 1.57 1.60 1.53
3.90 3.49 2.98 3.26 3.88 3.76 3.51 3.89 3.93 3.42 3.19 3.26 3.29 3.33 3.38 3.42 3.41 3.36 3.37 3.37 3.34 3.30 3.29 3.30 3.24 3.19 3.16 3.14 3.12 3.08 3.04 3.01 2.97 2.94 2.90 2.87 2.83 2.79 2.75 2.66 2.74 3.03 3.01 2.75 2.62 2.64 2.26 1.78 2.05 2.35 2.39 2.51 2.71 3.08 3.69 3.80 3.04 2.32 2.10 2.14 2.26 2.65 3.48 3.55 2.58 1.83 1.47 1.27 1.31 1.35 1.30 1.21 1.12 1.13 1.21 1.20 1.14 1.18 1.38 1.47 1.44 1.55 1.66 1.59
3.68 3.62 3.31 3.27 3.73 3.65 3.31 3.64 3.88 3.53 3.21 3.17 3.20 3.28 3.36 3.37 3.33 3.31 3.31 3.30 3.30 3.27 3.26 3.25 3.20 3.16 3.14 3.12 3.09 3.06 3.02 2.99 2.96 2.92 2.89 2.86 2.82 2.79 2.74 2.69 2.78 3.00 2.92 2.57 2.35 2.35 2.13 1.93 2.29 2.45 2.32 2.48 2.75 3.18 3.80 3.56 2.53 1.96 1.99 2.23 2.41 2.86 3.57 3.46 2.45 1.69 1.32 1.16 1.28 1.36 1.26 1.12 1.09 1.16 1.23 1.22 1.15 1.25 1.46 1.43 1.38 1.56 1.67 1.59
3.46 3.66 3.57 3.25 3.45 3.49 3.17 3.30 3.70 3.70 3.36 3.13 3.15 3.25 3.29 3.29 3.26 3.26 3.26 3.25 3.26 3.24 3.22 3.20 3.15 3.12 3.11 3.09 3.06 3.03 3.00 2.97 2.94 2.91 2.88 2.84 2.81 2.78 2.74 2.72 2.77 2.84 2.70 2.43 2.29 2.27 2.18 2.21 2.38 2.28 2.16 2.54 2.81 3.18 3.81 3.27 2.10 1.77 2.02 2.35 2.61 3.08 3.56 3.29 2.32 1.54 1.21 1.08 1.23 1.31 1.15 1.04 1.12 1.22 1.27 1.22 1.19 1.36 1.53 1.45 1.44 1.58 1.62 1.53
3.39 3.57 3.61 3.30 3.25 3.35 3.15 3.07 3.44 3.76 3.53 3.16 3.16 3.22 3.18 3.20 3.22 3.21 3.21 3.18 3.20 3.21 3.18 3.15 3.11 3.08 3.07 3.05 3.02 3.00 2.97 2.94 2.91 2.89 2.85 2.82 2.79 2.76 2.73 2.72 2.71 2.67 2.56 2.43 2.39 2.35 2.33 2.35 2.31 2.09 2.06 2.58 2.80 3.21 3.72 2.90 1.83 1.78 2.17 2.53 2.86 3.20 3.41 3.10 2.18 1.40 1.11 1.03 1.12 1.14 1.03 1.08 1.23 1.28 1.29 1.22 1.27 1.49 1.58 1.51 1.48 1.53 1.53 1.46
3.41 3.46 3.48 3.33 3.25 3.28 3.20 3.04 3.23 3.71 3.59 3.19 3.20 3.22 3.09 3.12 3.17 3.15 3.14 3.12 3.15 3.16 3.14 3.12 3.07 3.04 3.03 3.01 2.99 2.97 2.94 2.91 2.88 2.86 2.83 2.80 2.77 2.74 2.72 2.69 2.65 2.60 2.53 2.48 2.45 2.43 2.37 2.28 2.19 1.99 1.99 2.49 2.79 3.24 3.55 2.60 1.76 1.93 2.42 2.76 2.98 3.13 3.18 2.92 2.13 1.38 1.06 0.96 0.96 0.99 1.05 1.21 1.31 1.31 1.31 1.26 1.39 1.61 1.61 1.51 1.43 1.44 1.44 1.39
3.41 3.37 3.33 3.28 3.24 3.24 3.25 3.14 3.25 3.63 3.44 3.08 3.18 3.24 3.10 3.07 3.09 3.09 3.08 3.08 3.10 3.09 3.10 3.09 3.02 2.99 2.98 2.97 2.95 2.93 2.90 2.88 2.85 2.83 2.80 2.77 2.74 2.72 2.69 2.65 2.61 2.57 2.52 2.47 2.46 2.42 2.31 2.21 2.11 1.96 1.91 2.31 2.83 3.26 3.34 2.47 1.82 2.13 2.66 2.88 2.91 2.95 2.93 2.72 2.14 1.46 1.05 0.87 0.84 1.00 1.17 1.28 1.34 1.36 1.36 1.35 1.52 1.68 1.58 1.43 1.34 1.35 1.35 1.28
3.36 3.29 3.23 3.21 3.18 3.21 3.28 3.28 3.36 3.45 3.18 2.87 3.03 3.31 3.24 3.07 3.02 3.02 3.03 3.03 3.03 3.04 3.08 3.04 2.97 2.94 2.94 2.93 2.91 2.89 2.87 2.84 2.82 2.79 2.77 2.74 2.71 2.69 2.66 2.62 2.58 2.54 2.50 2.46 2.43 2.38 2.29 2.20 2.10 1.98 1.90 2.24 2.89 3.21 3.10 2.38 1.93 2.35 2.80 2.85 2.76 2.75 2.70 2.52 2.11 1.56 1.09 0.78 0.80 1.11 1.27 1.30 1.38 1.44 1.41 1.45 1.64 1.65 1.46 1.31 1.23 1.25 1.26 1.17
3.23 3.19 3.15 3.12 3.12 3.18 3.28 3.38 3.41 3.29 3.04 2.76 2.90 3.29 3.30 3.12 3.01 2.97 2.99 2.98 2.97 3.01 3.03 2.97 2.90 2.89 2.89 2.89 2.87 2.85 2.83 2.81 2.79 2.76 2.73 2.71 2.68 2.65 2.62 2.59 2.55 2.52 2.48 2.44 2.40 2.35 2.29 2.21 2.13 2.04 1.99 2.26 2.83 3.07 2.83 2.27 2.14 2.59 2.81 2.74 2.60 2.50 2.44 2.34 2.07 1.65 1.12 0.69 0.82 1.22 1.33 1.34 1.46 1.51 1.46 1.52 1.65 1.51 1.30 1.21 1.15 1.18 1.18 1.11
3.09 3.08 3.07 3.05 3.08 3.17 3.27 3.43 3.43 3.26 3.04 2.80 2.88 3.11 3.16 3.17 3.08 2.98 2.96 2.90 2.92 2.96 2.94 2.87 2.84 2.84 2.86 2.85 2.83 2.81 2.79 2.77 2.75 2.72 2.70 2.67 2.65 2.62 2.59 2.56 2.53 2.49 2.46 2.42 2.37 2.33 2.28 2.23 2.17 2.12 2.06 2.21 2.66 2.85 2.53 2.18 2.38 2.72 2.72 2.59 2.42 2.29 2.25 2.19 2.00 1.67 1.11 0.69 0.95 1.34 1.39 1.43 1.54 1.56 1.50 1.54 1.54 1.34 1.19 1.13 1.09 1.10 1.10 1.07
2.97 2.97 3.00 3.00 3.04 3.16 3.31 3.44 3.41 3.27 3.08 2.85 2.83 2.87 2.92 3.12 3.14 3.04 2.94 2.84 2.86 2.87 2.83 2.79 2.77 2.80 2.83 2.82 2.79 2.76 2.74 2.73 2.71 2.68 2.66 2.64 2.61 2.59 2.56 2.53 2.50 2.47 2.43 2.39 2.35 2.31 2.27 2.24 2.20 2.16 2.08 2.15 2.52 2.61 2.26 2.18 2.58 2.75 2.61 2.45 2.28 2.19 2.15 2.02 1.88 1.61 1.06 0.83 1.18 1.43 1.44 1.51 1.61 1.58 1.50 1.47 1.37 1.24 1.13 1.07 1.05 1.03 1.03 1.07
2.89 2.87 2.92 3.00 3.04 3.18 3.33 3.39 3.35 3.26 3.11 2.89 2.75 2.72 2.78 2.96 3.08 3.08 2.97 2.86 2.82 2.77 2.74 2.72 2.72 2.77 2.82 2.80 2.74 2.71 2.71 2.69 2.67 2.64 2.62 2.60 2.58 2.55 2.52 2.50 2.47 2.43 2.40 2.37 2.33 2.30 2.27 2.24 2.21 2.18 2.11 2.15 2.40 2.43 2.14 2.22 2.64 2.73 2.55 2.39 2.24 2.13 1.99 1.78 1.73 1.52 1.06 1.08 1.38 1.47 1.48 1.57 1.66 1.58 1.44 1.33 1.25 1.19 1.08 1.00 0.99 0.96 1.00 1.14
2.77 2.77 2.88 3.01 3.10 3.17 3.24 3.31 3.30 3.21 3.13 3.00 2.75 2.65 2.70 2.81 2.94 2.99 2.99 2.91 2.78 2.69 2.68 2.68 2.66 2.72 2.80 2.74 2.67 2.68 2.66 2.64 2.62 2.60 2.58 2.56 2.54 2.51 2.49 2.46 2.43 2.40 2.37 2.34 2.31 2.28 2.25 2.23 2.20 2.17 2.14 2.15 2.29 2.35 2.11 2.14 2.60 2.71 2.53 2.40 2.16 1.85 1.62 1.58 1.67 1.50 1.26 1.37 1.49 1.49 1.51 1.60 1.69 1.54 1.32 1.23 1.23 1.17 1.01 0.94 0.93 0.94 1.06 1.26
2.63 2.69 2.89 3.05 3.11 3.13 3.10 3.20 3.26 3.14 3.15 3.15 2.78 2.54 2.64 2.75 2.79 2.80 2.90 2.93 2.77 2.65 2.66 2.64 2.58 2.67 2.76 2.68 2.64 2.65 2.62 2.59 2.58 2.56 2.54 2.52 2.50 2.48 2.45 2.43 2.40 2.37 2.34 2.31 2.29 2.26 2.23 2.21 2.18 2.16 2.15 2.15 2.22 2.27 2.09 2.10 2.49 2.67 2.54 2.34 1.86 1.33 1.31 1.61 1.79 1.67 1.55 1.53 1.49 1.48 1.51 1.61 1.67 1.47 1.24 1.21 1.24 1.12 0.91 0.84 0.89 1.00 1.21 1.46
2.36 2.58 2.95 3.07 3.09 3.11 3.02 3.07 3.20 3.17 3.24 3.20 2.78 2.52 2.58 2.65 2.66 2.64 2.75 2.88 2.78 2.64 2.64 2.62 2.56 2.64 2.69 2.63 2.61 2.61 2.56 2.54 2.53 2.52 2.50 2.48 2.46 2.44 2.41 2.39 2.36 2.34 2.31 2.29 2.26 2.23 2.21 2.19 2.17 2.15 2.14 2.14 2.16 2.17 2.10 2.14 2.38 2.54 2.47 2.16 1.51 1.09 1.40 1.82 1.92 1.81 1.64 1.49 1.43 1.48 1.50 1.60 1.64 1.42 1.25 1.22 1.18 1.02 0.80 0.79 0.98 1.23 1.56 1.95
1.95 2.44 2.97 3.04 3.18 3.21 2.94 2.88 3.14 3.32 3.33 3.06 2.75 2.60 2.49 2.49 2.57 2.57 2.65 2.79 2.71 2.60 2.64 2.63 2.56 2.57 2.57 2.56 2.57 2.56 2.52 2.49 2.49 2.47 2.46 2.44 2.42 2.40 2.37 2.35 2.33 2.30 2.28 2.25 2.23 2.21 2.18 2.16 2.14 2.13 2.12 2.11 2.11 2.10 2.10 2.14 2.24 2.30 2.26 2.00 1.42 1.26 1.63 1.91 1.94 1.81 1.59 1.42 1.41 1.48 1.49 1.57 1.60 1.41 1.24 1.17 1.09 0.91 0.78 0.93 1.25 1.60 2.02 2.24
1.78 2.38 2.89 3.03 3.41 3.38 2.77 2.57 3.07 3.46 3.32 2.91 2.73 2.62 2.40 2.38 2.52 2.58 2.61 2.64 2.56 2.54 2.63 2.62 2.53 2.45 2.44 2.53 2.55 2.53 2.49 2.45 2.45 2.43 2.42 2.40 2.38 2.36 2.33 2.31 2.29 2.27 2.24 2.22 2.20 2.18 2.16 2.14 2.12 2.10 2.09 2.08 2.07 2.06 2.07 2.08 2.10 2.08 2.05 1.91 1.55 1.49 1.74 1.89 1.90 1.72 1.53 1.44 1.45 1.48 1.45 1.51 1.57 1.38 1.16 1.10 1.01 0.85 0.85 1.13 1.47 1.82 2.10 1.99
2.02 2.38 2.81 3.07 3.49 3.38 2.59 2.31 3.11 3.63 3.33 2.87 2.71 2.57 2.38 2.36 2.46 2.55 2.53 2.46 2.44 2.50 2.57 2.57 2.41 2.21 2.39 2.61 2.57 2.52 2.47 2.42 2.41 2.39 2.37 2.36 2.34 2.31 2.29 2.27 2.25 2.23 2.21 2.19 2.16 2.14 2.12 2.11 2.09 2.07 2.06 2.04 2.03 2.02 2.02 2.01 1.99 1.96 1.93 1.84 1.67 1.64 1.77 1.84 1.78 1.60 1.51 1.51 1.49 1.43 1.36 1.46 1.56 1.33 1.10 1.05 0.96 0.87 0.96 1.25 1.55 1.77 1.81 1.76
2.32 2.49 2.76 3.01 3.30 3.19 2.51 2.32 3.18 3.72 3.22 2.67 2.56 2.44 2.32 2.30 2.33 2.43 2.43 2.35 2.36 2.42 2.49 2.52 2.16 1.93 2.44 2.75 2.61 2.51 2.45 2.40 2.37 2.34 2.33 2.32 2.30 2.27 2.25 2.23 2.21 2.19 2.17 2.15 2.13 2.11 2.09 2.07 2.06 2.04 2.02 2.01 1.99 1.98 1.96 1.95 1.92 1.90 1.85 1.79 1.73 1.71 1.73 1.72 1.64 1.54 1.54 1.53 1.46 1.33 1.29 1.50 1.56 1.25 1.03 0.98 0.96 0.95 1.05 1.25 1.44 1.52 1.49 1.83
2.54 2.58 2.73 2.88 3.01 2.98 2.62 2.51 3.20 3.62 2.90 2.37 2.35 2.27 2.23 2.20 2.20 2.32 2.37 2.31 2.28 2.33 2.44 2.41 1.99 1.86 2.46 2.81 2.66 2.49 2.43 2.38 2.33 2.30 2.27 2.27 2.25 2.22 2.20 2.18 2.17 2.15 2.13 2.11 2.09 2.07 2.06 2.04 2.02 2.00 1.99 1.97 1.95 1.94 1.92 1.89 1.87 1.84 1.80 1.76 1.72 1.70 1.67 1.63 1.59 1.55 1.53 1.50 1.40 1.31 1.35 1.54 1.49 1.11 0.93 0.96 1.02 1.02 1.04 1.11 1.18 1.28 1.47 2.14
2.66 2.68 2.73 2.74 2.79 2.86 2.75 2.72 3.16 3.28 2.62 2.32 2.30 2.22 2.22 2.16 2.15 2.28 2.35 2.28 2.24 2.32 2.40 2.33 2.03 1.93 2.36 2.72 2.65 2.50 2.41 2.34 2.31 2.26 2.22 2.23 2.20 2.17 2.16 2.14 2.12 2.11 2.09 2.07 2.05 2.04 2.02 2.00 1.99 1.97 1.95 1.93 1.92 1.90 1.87 1.85 1.82 1.80 1.76 1.73 1.70 1.67 1.63 1.59 1.57 1.54 1.50 1.46 1.39 1.35 1.38 1.45 1.34 1.00 0.90 0.97 1.05 1.02 0.92 0.92 1.02 1.25 1.76 2.38
2.79 2.79 2.71 2.62 2.69 2.81 2.79 2.82 2.96 2.81 2.49 2.39 2.31 2.23 2.23 2.18 2.17 2.28 2.32 2.25 2.26 2.33 2.34 2.29 2.07 1.96 2.23 2.54 2.59 2.53 2.38 2.30 2.32 2.27 2.20 2.17 2.14 2.12 2.11 2.10 2.08 2.06 2.04 2.03 2.01 2.00 1.98 1.97 1.95 1.93 1.92 1.90 1.88 1.86 1.83 1.81 1.78 1.76 1.73 1.70 1.67 1.63 1.60 1.57 1.54 1.51 1.47 1.44 1.38 1.36 1.35 1.34 1.21 0.99 0.94 0.99 1.05 0.98 0.81 0.83 1.04 1.49 2.13 2.32
2.92 2.86 2.67 2.53 2.63 2.75 2.74 2.76 2.72 2.54 2.45 2.41 2.31 2.26 2.24 2.20 2.20 2.27 2.30 2.24 2.25 2.29 2.28 2.23 2.05 1.95 2.12 2.34 2.47 2.51 2.39 2.31 2.34 2.31 2.19 2.10 2.08 2.08 2.07 2.05 2.03 2.01 2.00 1.98 1.97 1.96 1.94 1.93 1.92 1.90 1.88 1.86 1.84 1.82 1.80 1.77 1.75 1.72 1.69 1.66 1.63 1.61 1.58 1.55 1.52 1.48 1.45 1.41 1.38 1.34 1.32 1.28 1.17 1.04 1.00 1.06 1.06 0.94 0.79 0.87 1.28 1.88 2.24 1.89
2.93 2.86 2.67 2.50 2.55 2.69 2.69 2.65 2.57 2.46 2.41 2.36 2.30 2.28 2.25 2.19 2.20 2.26 2.27 2.20 2.19 2.22 2.21 2.19 2.07 1.93 2.01 2.19 2.34 2.44 2.40 2.34 2.34 2.28 2.12 2.02 2.03 2.05 2.03 1.99 1.97 1.96 1.95 1.94 1.93 1.92 1.91 1.89 1.88 1.86 1.85 1.83 1.81 1.78 1.76 1.74 1.71 1.69 1.66 1.63 1.61 1.58 1.55 1.52 1.49 1.46 1.42 1.40 1.36 1.33 1.30 1.25 1.17 1.08 1.07 1.12 1.07 0.92 0.84 1.06 1.66 2.06 1.93 1.27
