windninja/windninja_output/Output_2025-10-23_0500-0550_Google earth_Fire_150m_10min/merlingen_7.5mi_point_10-23-2025_0510_150m_ang.asc
ncols	158
nrows	163
xllcorner	391686.332397
yllcorner	5160024.123721
cellsize	150.000000
NODATA_value	-32768.000000
[rows 92 to 137 of 163, columns 0 to 95 of 158]
106 108 113 116 119 123 130 138 140 129 121 125 131 131 129 125 124 121 117 124 133 155 165 167 173 158 139 129 124 121 119 118 118 119 120 119 119 120 121 121 116 111 109 112 114 115 113 109 107 107 111 117 122 126 132 132 128 126 124 124 130 131 128 124 123 122 121 121 121 121 121 121 121 122 122 122 123 124 125 126 127 128 129 129 126 123 119 114 108 99 87 85 88 87 86 89
108 112 119 123 125 130 138 149 156 145 134 137 143 146 147 141 137 134 130 129 135 160 169 170 169 148 132 126 122 119 117 115 116 119 120 120 119 119 120 121 121 114 109 109 112 112 111 109 107 106 108 115 124 127 130 131 125 120 118 117 122 127 127 124 123 122 121 121 121 121 121 121 121 121 122 122 122 123 123 124 124 125 125 125 122 118 115 110 101 91 85 87 90 89 89 91
107 111 118 122 123 126 134 147 159 150 138 141 148 153 154 146 140 136 127 118 118 123 128 148 148 136 127 123 120 116 113 112 115 119 121 120 119 119 119 121 124 122 114 110 111 112 113 112 110 110 112 119 128 129 127 126 120 116 115 115 118 123 125 123 122 122 121 121 121 121 121 121 121 121 121 121 122 122 122 122 122 122 122 121 119 116 112 107 99 94 92 93 93 93 93 93
104 106 113 117 117 117 122 134 147 142 131 128 132 134 137 127 125 118 108 92 75 48 39 71 113 123 122 120 118 115 113 115 117 120 122 120 118 119 119 121 125 127 122 116 115 117 119 119 118 119 120 123 129 129 125 124 122 119 118 117 118 121 123 122 122 122 121 121 121 121 121 121 121 121 121 121 121 121 121 121 121 121 120 119 117 115 112 108 103 100 99 98 97 96 96 95
102 104 109 113 111 108 108 115 124 124 116 109 103 101 105 104 102 101 91 60 36 36 42 71 102 115 119 118 118 118 118 117 116 117 119 119 118 118 119 120 124 128 127 122 120 122 123 124 125 124 122 120 122 125 123 121 121 120 119 118 118 120 122 121 121 121 121 121 121 121 121 121 120 120 120 120 120 120 120 120 120 119 119 118 116 114 112 109 107 104 102 101 100 99 98 97
105 105 106 107 102 96 93 94 98 101 100 92 88 93 96 98 100 97 78 43 28 35 55 82 106 118 120 118 117 117 114 111 109 110 114 116 116 117 119 120 123 127 129 124 121 121 121 120 119 117 113 111 114 119 120 118 118 118 118 118 118 119 120 121 121 121 121 121 121 121 121 120 120 120 120 120 120 120 120 119 119 118 118 117 115 114 112 110 108 106 104 103 102 101 100 99
101 100 98 95 93 89 85 82 82 82 78 75 77 82 87 90 91 80 55 37 34 50 77 100 119 127 122 117 114 111 107 105 105 106 110 112 113 115 119 121 123 127 130 126 120 117 115 113 110 107 107 109 111 115 117 117 117 118 119 119 118 118 118 119 121 121 121 121 121 121 120 120 120 120 119 119 119 119 119 119 118 118 117 116 115 114 112 111 109 107 106 105 103 102 101 100
94 92 87 87 87 85 81 78 73 68 66 67 69 77 83 83 74 60 43 37 52 81 102 112 124 122 112 109 107 105 103 104 104 105 108 112 114 115 118 122 124 127 130 129 123 120 117 113 110 109 110 111 112 114 116 117 117 117 119 121 120 119 118 119 120 121 122 121 121 120 120 120 119 119 119 119 119 119 118 118 118 117 117 116 115 114 113 111 110 108 107 106 104 103 102 101
95 91 85 84 81 78 75 74 69 64 62 60 58 65 69 68 66 60 51 59 85 103 106 101 83 86 94 99 100 98 98 99 102 105 109 112 114 115 117 122 126 127 130 132 128 122 118 116 114 112 113 114 116 116 117 118 118 117 119 122 123 122 120 119 120 122 122 122 122 121 120 119 119 119 119 118 118 118 118 118 117 117 116 116 115 114 113 112 110 109 108 107 105 104 103 102
100 96 89 83 78 73 71 70 68 65 64 61 57 57 61 66 75 80 83 95 106 107 94 63 54 70 83 88 90 90 92 95 99 104 109 112 113 114 116 121 127 129 130 132 130 123 119 117 117 116 115 116 117 117 117 118 119 118 119 122 123 123 121 120 121 123 124 124 123 120 118 118 118 118 118 118 118 118 117 117 117 117 116 116 115 114 113 112 111 110 108 107 106 105 104 102
104 100 92 85 78 75 73 71 70 69 68 66 63 63 75 87 92 97 105 107 104 91 62 54 58 68 76 81 83 87 91 95 100 104 108 111 114 115 116 120 126 129 130 132 133 129 124 122 121 119 118 117 117 118 117 119 120 120 120 121 124 125 123 120 120 122 124 124 122 118 116 117 118 118 117 117 117 117 117 117 117 117 116 116 115 114 113 112 111 110 109 108 107 105 104 103
109 105 96 88 83 79 77 75 73 72 72 73 76 86 96 98 97 100 104 101 86 56 50 58 62 65 72 80 85 91 95 97 99 103 106 111 115 116 116 118 123 128 130 132 134 133 127 124 122 120 119 118 119 120 120 121 122 121 121 122 125 127 126 122 120 121 123 124 122 118 115 116 118 118 116 116 116 116 117 117 117 117 116 116 115 115 114 113 112 111 109 108 107 106 105 103
115 110 100 92 86 83 80 77 74 75 77 80 86 95 100 99 95 92 89 80 62 51 56 62 61 64 74 83 89 93 97 98 99 102 105 109 113 116 117 118 122 127 130 132 134 134 130 126 124 122 121 120 120 121 121 122 122 122 121 122 123 125 125 123 121 121 123 125 125 121 116 114 115 115 113 112 114 116 116 117 117 117 117 117 116 115 114 113 112 111 110 109 107 106 105 104
120 115 104 94 88 84 81 78 75 78 81 84 89 95 97 97 91 84 76 67 59 59 64 63 64 72 79 84 89 93 97 99 101 102 103 107 113 119 121 122 125 128 130 131 134 136 134 131 129 127 125 124 123 122 122 122 123 122 122 121 122 123 123 122 121 121 123 126 126 122 117 113 112 113 112 112 114 115 115 115 116 118 118 117 117 116 115 113 112 111 110 109 108 106 105 104
129 123 109 98 91 87 83 80 80 83 89 94 98 100 100 96 90 83 75 67 64 69 71 69 72 77 80 83 88 94 99 104 105 102 101 107 116 122 125 126 127 129 130 132 135 137 137 135 133 131 128 126 126 124 123 123 123 123 121 120 121 123 123 122 122 121 122 126 127 122 117 114 112 114 116 116 116 116 114 114 117 120 120 119 117 116 115 114 113 111 110 109 108 106 105 104
144 135 118 104 95 91 90 93 97 100 105 109 108 104 99 96 91 86 79 71 70 77 82 80 78 79 81 82 87 96 104 108 109 101 102 111 120 125 124 126 129 131 131 133 136 139 141 139 137 134 129 127 127 126 124 124 124 124 122 121 120 122 123 123 123 123 122 124 127 124 118 115 114 114 115 115 116 119 120 118 118 121 122 121 119 117 116 114 113 111 110 109 108 106 105 104
162 152 129 115 109 108 112 116 116 113 109 106 101 95 93 95 95 91 83 78 81 87 92 92 86 82 85 87 87 96 106 109 111 102 106 117 124 125 124 127 133 133 132 135 138 140 143 143 141 138 133 129 127 127 126 125 125 125 124 124 122 121 123 124 122 122 122 123 126 126 120 114 114 114 113 114 116 119 121 119 117 119 123 123 121 118 116 114 113 111 110 109 108 106 105 104
180 169 143 130 127 125 123 120 114 106 97 92 90 89 91 97 102 100 89 87 92 96 98 100 96 90 90 90 90 97 106 109 111 105 107 117 124 124 127 132 135 130 130 136 140 140 143 146 145 142 138 134 131 129 128 126 125 125 126 127 126 122 122 124 121 120 122 122 125 127 122 114 113 115 115 115 115 116 118 117 115 116 121 125 123 120 117 114 112 111 109 108 107 106 105 104
191 178 150 137 130 123 115 107 99 93 90 88 89 91 96 103 111 115 100 93 95 101 107 110 110 104 98 97 96 100 107 111 111 105 106 115 123 126 132 137 134 128 130 136 139 140 144 149 148 144 141 138 135 132 130 130 128 125 125 128 128 123 121 123 121 119 120 123 125 127 125 118 115 115 115 114 113 113 114 115 115 114 118 123 124 121 117 114 112 110 108 107 107 106 105 103
192 178 153 137 126 115 106 100 96 93 90 89 94 99 103 109 120 138 120 98 96 104 116 123 119 113 111 109 102 100 104 111 111 105 109 118 126 132 138 140 137 133 131 134 138 140 144 149 150 147 144 141 138 134 132 132 131 127 124 126 128 124 121 122 123 121 120 122 125 127 126 121 115 114 113 112 112 111 110 112 113 114 116 120 123 122 117 114 110 107 106 105 106 106 105 103
196 181 155 138 125 117 112 108 104 100 94 96 105 111 110 113 126 155 143 115 106 107 119 132 125 116 117 116 110 102 100 107 111 109 114 123 132 137 143 142 139 133 127 131 139 143 144 146 148 147 146 146 143 137 133 134 134 130 126 127 129 127 123 123 125 124 122 122 125 126 125 120 115 113 112 111 112 112 110 110 111 114 116 119 122 122 116 111 107 103 103 106 108 107 105 103
203 190 164 144 130 123 119 115 112 110 106 106 112 119 115 115 129 161 155 136 120 112 117 134 126 117 120 121 117 109 101 102 107 111 116 125 133 138 141 140 137 128 123 128 139 145 145 144 146 147 148 149 148 142 136 135 136 134 129 128 130 130 127 124 126 126 124 124 125 128 127 123 119 117 113 111 112 113 112 110 109 112 115 116 118 119 113 107 103 102 106 112 112 108 105 102
209 200 176 154 140 132 127 123 120 116 114 114 119 123 116 116 132 159 160 144 128 116 117 129 129 126 128 126 121 119 111 102 103 110 116 123 127 131 137 140 134 126 125 130 139 145 146 148 148 149 149 152 151 146 140 138 138 136 132 129 131 133 130 126 128 129 127 126 126 128 129 125 120 119 115 111 111 113 113 110 108 110 114 115 116 118 111 106 105 107 112 116 114 108 101 99
215 205 181 162 149 142 135 131 127 121 120 122 126 127 116 117 134 159 165 150 135 127 127 131 134 134 135 133 128 129 126 112 105 108 116 123 127 131 134 137 134 130 131 135 140 146 151 153 151 150 151 153 154 150 143 139 138 138 135 131 132 135 132 128 128 131 129 127 126 126 127 124 119 117 117 113 110 111 113 112 108 108 113 115 115 117 112 108 110 112 114 116 113 105 100 101
216 205 184 168 155 148 142 138 132 126 125 128 134 132 118 118 134 162 171 159 146 141 138 136 136 139 141 136 127 135 139 127 112 107 114 125 132 136 135 134 134 134 137 137 140 147 152 153 150 150 152 155 158 155 148 141 139 139 137 133 133 135 133 129 129 132 132 128 127 127 127 125 120 116 116 115 111 109 110 111 107 107 112 115 113 115 114 112 112 113 113 113 110 106 105 105
218 208 190 173 158 151 148 143 135 129 127 132 142 139 121 116 130 159 167 160 151 144 140 137 137 141 149 144 134 138 141 132 121 117 121 130 136 141 137 135 138 140 140 139 140 146 150 150 150 151 154 159 162 161 155 146 141 140 138 135 134 137 136 132 131 134 133 130 129 128 128 127 123 118 115 116 115 110 108 109 108 108 112 115 112 113 116 114 112 112 111 110 110 109 107 106
221 213 196 176 160 155 152 143 134 129 126 133 147 142 123 113 120 146 158 155 148 140 135 133 133 138 146 146 144 148 146 142 138 131 131 139 146 149 143 141 145 146 144 140 139 144 149 152 153 155 157 163 166 166 161 150 143 141 140 137 136 138 137 134 134 136 136 133 130 128 128 129 126 121 116 115 116 112 109 110 110 110 112 114 113 114 116 115 112 111 110 110 110 107 106 104
224 217 199 176 160 156 150 140 131 128 124 129 146 143 127 114 116 135 150 150 145 137 132 129 128 129 132 136 141 147 147 148 143 135 134 141 150 156 154 154 155 152 147 143 143 146 150 152 154 157 160 165 168 169 165 154 145 142 141 138 137 138 137 135 135 136 136 135 131 127 127 129 128 125 118 114 113 113 111 110 108 107 109 113 115 116 117 115 113 111 110 110 108 103 102 104
226 219 201 176 161 156 144 135 129 129 126 126 142 147 135 120 116 127 144 148 144 137 131 126 123 123 124 126 131 135 137 140 137 132 130 135 146 153 157 164 166 161 155 152 152 153 153 154 158 160 162 166 170 172 169 159 147 142 141 139 137 138 136 130 126 123 123 128 128 126 126 128 128 126 122 116 111 110 109 107 106 105 108 112 115 117 118 116 113 111 110 109 104 98 101 109
225 217 195 177 170 164 148 136 130 132 129 123 136 152 143 126 116 121 139 148 145 135 128 123 119 119 121 125 127 126 126 126 127 127 128 130 138 142 151 162 167 166 158 155 156 157 157 161 165 165 165 167 171 175 174 164 150 144 142 139 136 135 129 118 108 104 107 117 124 124 124 126 126 126 125 120 114 109 107 106 106 107 110 113 116 120 121 118 113 110 110 108 103 100 104 112
221 209 187 174 170 165 155 144 135 137 131 122 133 152 146 130 115 114 129 140 139 132 126 121 115 114 117 121 122 122 124 125 124 127 126 125 132 133 138 152 160 162 156 150 148 149 153 161 167 168 167 167 171 178 176 167 153 145 142 137 131 126 116 110 111 111 113 119 124 124 122 123 124 124 126 125 120 113 109 107 106 107 112 117 120 122 123 120 114 111 111 109 103 102 107 113
216 204 183 173 166 159 153 145 137 139 132 123 133 153 146 130 114 106 112 124 127 127 123 117 111 111 113 115 119 122 128 127 123 125 125 123 129 132 133 146 156 159 155 148 142 141 144 155 164 168 167 167 174 180 177 168 154 142 137 132 126 120 120 124 125 122 120 121 124 126 123 120 121 122 124 126 126 120 115 111 109 109 114 120 121 122 124 120 114 112 112 112 105 104 109 115
214 202 183 176 167 155 149 143 136 138 132 125 134 151 144 129 115 104 102 111 118 121 121 118 115 111 109 116 124 128 134 130 124 126 125 121 126 132 131 141 152 158 158 150 143 141 143 151 162 167 167 170 177 182 180 174 161 143 133 132 131 131 133 134 132 127 123 120 120 124 122 116 115 118 121 125 128 126 121 117 114 109 110 115 118 119 123 118 111 110 113 117 111 108 111 116
208 198 185 178 169 158 151 145 137 138 133 125 131 143 136 126 118 110 105 109 115 121 124 120 117 116 121 130 134 139 144 134 125 125 126 120 122 131 131 137 148 156 160 151 142 140 143 151 161 166 168 173 180 184 184 180 171 156 146 147 146 140 139 139 134 128 125 121 118 118 119 115 113 115 118 122 126 127 123 119 115 109 105 107 113 117 121 116 110 111 118 122 116 111 113 116
204 197 183 177 169 160 153 145 139 138 134 126 128 139 133 130 128 120 114 113 116 124 131 130 131 136 140 142 145 151 154 141 127 125 126 121 120 126 129 133 142 153 158 153 142 138 143 154 163 168 170 175 183 188 189 184 175 162 152 152 150 144 141 139 133 127 124 121 118 116 116 116 116 117 118 120 124 125 123 119 117 113 107 106 109 115 120 116 112 113 120 124 117 113 115 116
204 195 180 176 169 162 153 144 140 139 137 132 133 139 139 141 141 134 128 126 132 138 144 148 147 145 147 150 151 156 159 148 134 130 128 122 119 121 125 128 134 144 151 152 144 137 142 155 166 171 172 176 185 192 193 188 177 161 151 150 148 144 141 137 131 127 124 122 119 116 113 113 115 117 118 120 124 126 125 125 124 120 115 111 111 118 126 124 119 116 120 123 118 116 116 115
203 194 179 175 168 159 150 143 140 140 141 139 139 141 143 146 146 139 136 138 142 144 147 150 149 145 141 141 147 152 155 150 141 137 132 122 117 118 121 122 125 133 142 148 145 138 139 153 166 170 172 179 189 195 195 190 178 161 150 147 146 143 141 137 132 128 125 123 119 117 112 108 108 112 114 116 121 125 125 125 126 124 121 118 117 122 130 130 126 121 120 121 120 117 113 111
204 196 180 173 166 154 143 137 137 139 141 138 136 137 140 144 145 140 137 138 140 142 141 139 135 132 134 139 141 144 147 147 143 142 140 129 120 115 114 115 119 124 131 138 142 140 141 155 166 169 174 182 193 199 197 191 178 163 151 147 146 144 141 137 132 128 126 124 121 118 113 108 105 106 109 111 116 122 120 120 122 123 123 121 118 120 125 126 124 120 119 119 118 115 109 107
207 199 181 173 167 153 140 133 130 133 134 132 127 125 127 133 135 135 136 138 139 140 140 137 131 128 133 139 140 141 142 143 145 147 146 139 128 121 117 117 118 121 125 131 138 141 146 161 169 170 179 189 200 202 198 189 178 164 153 148 146 144 140 136 132 129 127 125 123 120 115 110 106 105 106 109 114 119 119 118 119 121 122 120 117 118 120 119 117 116 115 112 112 111 106 101
208 198 181 174 168 155 147 138 129 127 126 123 121 120 121 123 122 125 131 135 138 140 142 142 134 129 134 140 141 144 145 145 149 152 150 146 141 137 135 130 127 128 130 131 136 142 150 164 170 173 185 199 206 203 196 189 179 164 153 147 144 140 138 134 132 129 127 126 124 122 117 112 109 106 106 108 113 121 121 118 121 125 126 122 119 117 118 120 118 116 114 108 104 105 102 93
207 198 183 173 164 155 152 149 140 133 130 127 126 125 124 122 118 117 120 126 133 140 143 145 139 131 131 134 135 139 142 143 149 154 153 150 148 146 148 146 142 141 139 137 138 145 153 162 169 177 194 206 207 203 195 189 181 166 153 146 142 138 137 134 131 129 126 126 126 124 119 115 112 108 106 107 112 122 125 121 122 128 131 128 123 121 123 124 120 115 112 108 101 97 93 83
210 201 183 171 160 154 153 151 146 144 144 143 138 131 127 127 124 122 124 129 133 141 146 147 143 135 128 126 125 127 130 132 141 149 150 150 148 147 150 149 146 147 147 145 148 156 159 164 171 187 203 207 206 200 194 190 182 168 156 151 146 142 142 138 132 129 126 124 126 125 122 118 116 112 107 105 109 118 125 121 120 126 133 131 126 125 127 126 121 114 110 107 98 90 82 76
209 197 180 168 158 155 155 149 146 145 149 154 149 139 133 131 129 127 130 134 138 143 146 146 148 145 137 131 129 129 129 130 134 140 143 145 146 146 147 144 143 147 150 151 160 166 167 172 183 197 203 204 202 198 193 190 182 167 156 151 146 143 143 140 134 130 126 122 123 125 124 122 120 115 108 104 104 112 120 120 118 122 128 129 127 126 126 126 123 116 110 105 96 86 78 76
201 191 178 167 159 157 155 150 145 140 141 148 147 137 129 129 128 126 129 132 137 143 144 143 148 151 146 139 136 136 138 138 136 137 138 140 143 146 144 139 140 145 147 155 168 173 175 185 195 198 200 203 200 196 193 190 180 165 155 149 145 143 143 140 136 131 127 122 119 123 126 125 123 121 114 106 103 106 115 117 116 116 119 123 125 127 126 126 124 117 110 103 95 87 81 78
191 185 176 167 158 155 153 150 144 135 130 131 136 127 121 122 123 123 126 127 128 135 139 139 146 151 149 143 139 140 145 145 142 140 138 139 144 148 141 133 135 141 145 160 173 178 185 197 203 202 203 203 199 195 193 189 177 162 155 151 148 146 145 142 139 132 127 121 115 117 122 123 123 124 121 112 105 104 108 113 115 115 117 120 126 130 128 127 124 120 113 107 99 92 85 82
187 182 174 167 155 149 148 147 143 135 130 128 132 123 118 121 124 124 125 121 119 123 132 137 144 150 150 144 139 141 146 144 140 139 139 142 148 151 140 129 132 139 147 164 177 187 197 207 210 208 206 202 196 193 191 185 171 158 155 152 150 149 146 144 140 133 125 117 110 109 114 119 118 119 121 116 108 105 105 107 114 119 119 122 130 133 127 122 123 125 122 113 103 96 94 103
