windninja/windninja_output/Output_2025-10-23_0500-0550_Google earth_Fire_150m_10min/merlingen_7.5mi_point_10-23-2025_0550_150m_ang.asc
ncols	158
nrows	163
xllcorner	391686.332397
yllcorner	5160024.123721
cellsize	150.000000
NODATA_value	-32768.000000
[rows 0 to 45 of 163, columns 0 to 95 of 158]
97 95 93 91 89 90 89 84 82 81 79 70 56 50 54 62 72 77 81 90 96 84 70 69 75 80 79 72 70 71 70 70 71 70 69 73 78 78 79 78 74 74 75 76 80 83 86 88 87 84 83 82 82 83 82 80 78 77 78 80 79 77 75 73 71 69 70 73 78 83 83 81 77 75 75 76 76 77 79 80 78 74 72 74 75 74 70 68 68 65 63 63 62 60 58 58
97 96 95 93 92 90 87 84 84 83 80 71 57 54 59 66 74 79 84 90 93 88 78 74 76 77 77 75 74 73 72 72 72 72 73 75 76 78 79 79 77 77 77 79 82 84 85 88 89 87 85 84 83 82 81 79 78 78 80 80 80 78 77 76 75 73 73 76 79 82 82 80 78 78 78 77 76 77 80 80 77 75 75 75 75 75 73 71 70 68 68 68 66 65 63 62
99 98 97 96 95 91 86 85 87 87 83 73 62 62 67 73 78 82 86 88 87 90 90 83 77 75 75 77 77 75 74 75 75 76 79 79 78 79 80 80 81 82 82 84 86 86 87 87 88 88 87 86 83 81 81 81 81 82 81 81 81 81 80 80 79 79 79 80 81 82 81 80 81 82 82 80 78 80 82 80 76 75 77 76 76 79 78 75 73 73 75 75 74 73 72 71
100 97 95 95 94 92 90 91 92 91 86 73 66 69 74 79 82 84 85 84 84 87 92 88 81 78 76 77 76 75 76 77 79 81 82 82 81 81 81 83 84 85 87 88 89 89 89 87 85 86 87 85 82 82 82 83 84 84 83 82 82 83 82 82 81 81 82 82 83 83 82 82 83 84 83 82 82 82 82 80 77 76 78 78 80 82 81 78 76 76 77 80 81 79 80 81
100 98 94 94 93 94 96 97 96 92 83 74 71 76 82 84 84 84 83 81 82 87 93 94 89 83 79 77 76 76 76 77 80 83 84 83 83 83 85 87 89 89 90 91 90 89 88 86 85 85 84 82 82 83 83 84 84 85 85 85 84 84 83 83 83 83 84 84 84 83 81 83 85 85 84 84 85 85 83 79 77 79 80 80 82 84 85 86 85 82 81 82 86 88 89 91
102 101 98 95 95 96 98 98 95 88 81 79 79 83 87 86 83 81 80 80 81 86 93 100 97 91 85 80 78 78 78 78 81 82 83 84 86 88 89 90 91 92 92 91 89 87 86 86 85 83 81 81 82 83 83 84 85 86 87 87 86 85 85 85 85 85 86 86 85 83 81 83 86 87 85 84 86 88 85 79 78 83 85 84 84 85 87 93 94 93 90 90 91 95 96 96
102 102 102 99 97 97 98 96 92 87 85 86 88 90 89 88 84 81 80 81 82 86 92 101 103 96 90 86 84 82 81 83 83 82 82 85 88 90 90 90 90 91 90 89 88 87 86 86 85 83 81 81 82 83 83 85 87 88 89 89 89 87 86 85 86 87 87 88 86 84 83 85 88 88 87 86 86 87 84 78 81 87 89 88 86 86 88 94 99 102 101 98 96 96 96 96
100 101 102 102 100 98 96 93 89 89 90 93 96 95 91 89 86 83 81 82 83 85 89 97 104 101 94 92 89 86 86 87 86 84 85 87 89 88 88 87 87 87 87 86 86 87 86 85 85 83 82 83 83 82 83 86 88 90 91 92 91 90 87 86 85 86 88 89 88 86 87 88 87 87 87 87 86 84 79 78 85 90 92 90 89 88 90 94 99 104 106 103 100 98 97 101
100 100 100 101 100 98 94 91 90 92 95 99 102 99 93 89 87 86 83 82 84 85 86 91 100 104 99 95 92 90 91 90 87 86 87 88 87 86 85 84 84 84 85 85 86 86 86 85 85 84 83 84 83 83 85 88 90 91 92 92 91 90 89 86 84 85 89 90 89 87 88 89 86 85 86 87 86 82 78 82 88 93 96 96 94 94 94 97 102 107 109 108 106 106 107 107
100 99 99 99 99 97 94 93 93 95 98 102 106 103 95 90 88 88 86 85 85 86 87 89 94 101 102 96 93 93 93 92 90 89 88 87 85 84 82 82 83 84 85 86 86 86 86 86 85 85 85 85 84 87 89 90 91 91 89 87 86 88 89 87 87 89 91 91 88 85 86 87 87 87 86 86 86 84 84 88 92 95 99 101 100 100 100 102 106 109 108 108 110 111 110 106
100 100 99 98 98 97 96 96 96 97 99 102 106 106 99 92 90 90 90 90 88 87 87 87 89 94 99 96 93 95 94 91 90 90 88 85 83 82 82 83 84 84 85 84 84 85 86 85 84 84 86 86 87 90 90 88 87 87 85 83 84 86 87 91 94 94 93 90 86 84 85 87 89 88 86 85 86 89 95 97 96 95 97 102 105 106 106 105 105 105 102 104 106 108 105 102
100 100 99 98 97 97 97 97 97 98 99 101 104 106 101 97 94 92 92 93 92 89 87 86 87 88 89 91 92 92 91 89 89 89 87 84 82 83 84 85 84 83 83 82 82 83 83 82 80 82 86 88 88 89 89 87 84 83 81 80 82 83 87 95 99 97 95 91 87 88 89 89 89 90 88 89 92 96 103 105 101 97 97 102 107 111 108 104 103 105 102 99 101 104 104 101
100 100 99 98 98 98 98 97 97 98 99 100 102 104 102 100 98 96 94 94 94 92 89 86 83 81 81 86 89 90 89 89 89 89 87 85 85 86 86 85 84 84 82 80 80 78 75 74 76 81 85 86 86 87 88 88 86 81 77 76 80 84 90 98 101 99 96 94 97 98 95 91 91 94 98 99 99 100 104 106 104 101 101 103 106 108 106 102 101 105 102 97 97 101 102 98
100 100 99 99 98 98 98 97 97 98 98 99 101 102 101 99 99 100 98 95 94 92 88 83 79 77 79 84 87 88 88 90 90 89 86 86 87 87 86 85 84 82 79 78 78 76 71 69 73 79 82 83 84 85 87 90 89 83 76 76 82 88 93 98 101 100 98 101 108 109 102 97 97 101 105 104 102 100 99 101 104 105 104 102 100 101 102 98 95 98 99 95 92 94 95 93
100 100 99 99 99 98 97 97 97 97 98 99 101 103 100 98 99 102 101 97 93 89 85 81 79 79 82 84 86 86 87 89 90 89 89 88 86 84 83 81 80 76 74 78 79 77 76 76 75 75 79 83 84 85 88 91 93 89 83 82 87 92 97 99 98 99 102 105 111 118 115 107 104 103 104 103 102 98 95 97 103 106 104 99 95 95 96 92 87 87 92 90 87 87 90 90
100 99 99 99 98 98 97 97 97 97 98 99 102 105 103 99 98 99 100 97 92 89 85 82 80 82 84 84 84 85 88 89 89 88 88 86 82 80 78 76 76 74 75 80 81 79 81 85 82 78 80 84 87 89 89 89 91 94 93 91 93 96 100 99 95 97 103 106 110 120 124 115 107 103 102 103 101 96 96 101 104 104 100 96 92 90 88 85 81 80 84 87 85 85 88 91
99 99 99 98 98 98 97 97 97 97 98 99 101 105 107 101 96 95 95 95 92 89 86 83 83 83 84 84 85 87 89 88 84 81 79 79 80 80 78 76 77 79 82 82 81 82 83 84 87 90 89 89 91 92 90 87 87 92 97 97 97 99 100 99 96 96 100 106 109 115 122 118 110 108 108 105 102 101 103 103 101 98 95 91 88 85 82 79 81 85 87 87 86 86 88 90
99 99 99 98 98 98 97 97 97 97 98 99 100 103 106 102 97 94 92 91 90 88 86 86 85 84 83 86 88 88 86 82 76 73 74 77 80 81 80 81 82 84 85 84 82 84 85 86 90 95 96 94 92 91 89 87 87 91 97 99 98 98 99 99 99 98 100 104 106 108 114 118 115 114 114 110 108 106 103 98 92 91 89 85 81 81 80 81 87 95 96 91 87 88 88 88
99 99 99 98 98 97 97 97 98 97 97 98 99 101 103 102 98 94 91 89 87 86 87 87 86 85 84 86 87 86 82 76 72 73 75 79 81 83 83 84 85 85 85 85 84 85 89 93 93 94 95 96 94 92 90 91 92 93 97 99 98 97 97 99 101 101 100 101 102 105 112 118 117 115 116 114 110 103 94 88 87 88 87 85 82 82 83 86 90 96 102 97 92 91 90 88
99 99 99 98 98 97 97 97 97 97 96 97 98 99 100 99 97 93 90 88 87 87 87 87 87 86 85 85 85 83 79 75 73 75 78 81 83 85 87 87 87 86 86 85 86 89 93 96 95 92 93 95 97 97 96 95 94 93 95 98 96 94 95 99 101 101 100 99 103 108 114 117 115 112 114 114 106 96 90 89 90 92 93 93 90 87 87 88 90 95 103 104 97 94 93 91
99 99 99 98 98 97 97 97 97 97 96 96 97 97 97 97 95 92 91 90 89 89 88 88 87 86 85 84 83 81 79 75 74 77 82 84 86 89 89 88 87 86 86 86 89 92 93 93 94 94 94 96 99 101 101 98 96 94 94 94 94 93 95 100 101 102 103 104 107 111 112 112 109 108 111 113 106 97 93 94 96 97 97 98 97 92 89 88 90 96 103 107 99 95 95 96
99 99 99 98 98 97 97 96 96 96 96 96 96 96 96 95 94 92 92 91 90 89 89 88 87 86 84 83 82 81 80 77 78 83 87 88 88 88 88 87 85 84 85 88 91 92 92 93 96 96 96 96 98 101 101 100 99 97 94 92 92 93 96 100 103 106 108 109 109 108 105 102 102 104 109 115 111 101 95 95 97 97 97 99 101 97 92 91 94 98 103 108 100 96 97 100
99 99 98 98 98 98 97 96 95 96 96 96 95 95 95 95 94 93 92 91 90 90 89 88 87 85 84 83 82 82 82 82 85 88 89 89 87 85 84 85 85 85 87 88 90 92 95 96 97 97 96 96 97 98 101 103 102 100 97 92 91 93 96 101 107 111 113 111 106 101 97 96 99 102 109 118 119 107 99 95 93 93 95 99 103 102 99 97 97 99 103 107 101 97 98 101
99 99 98 98 98 97 96 96 95 96 96 96 95 94 95 94 94 93 92 92 90 90 89 88 86 85 83 81 81 83 85 88 90 89 87 87 86 84 84 86 88 88 88 88 91 96 96 95 96 96 96 96 96 98 101 103 103 102 100 94 92 93 97 105 112 115 113 108 99 92 91 93 99 104 110 118 121 113 105 96 91 90 93 96 102 106 107 103 99 99 101 103 99 97 98 100
99 99 99 98 97 97 96 95 95 96 96 96 95 94 94 94 94 93 93 92 91 90 89 88 86 83 80 78 81 86 89 91 92 89 87 85 85 86 88 90 91 91 90 92 95 96 93 93 94 96 96 96 98 100 101 103 103 102 101 97 94 95 101 108 112 112 107 98 89 86 88 95 103 108 110 111 114 114 110 102 95 93 92 92 97 105 109 106 100 99 99 100 98 98 98 99
99 99 98 98 97 97 96 96 96 96 95 95 95 95 94 93 93 93 93 92 91 91 89 88 85 81 76 77 82 87 90 92 94 93 89 86 84 86 91 93 94 95 96 97 96 92 90 91 93 95 96 97 98 100 102 104 103 99 98 98 100 104 107 109 108 106 100 90 83 84 92 103 108 109 108 105 104 110 115 112 105 99 95 92 95 101 107 106 102 101 102 105 100 98 98 99
99 99 98 98 97 96 96 96 96 95 94 94 95 95 94 93 93 93 93 92 92 91 90 88 85 80 75 78 82 85 88 92 96 97 94 88 84 86 92 96 97 99 100 99 96 92 91 92 94 96 95 95 97 100 105 108 103 95 96 102 107 110 111 108 103 97 91 84 82 87 98 107 110 109 109 105 98 103 115 120 114 106 101 98 97 99 103 102 100 101 106 112 105 98 97 97
99 98 98 98 97 96 96 96 96 95 94 94 94 94 94 94 94 94 93 92 92 91 90 89 86 81 77 79 81 82 84 90 96 98 99 95 90 89 92 97 100 101 103 101 98 97 94 92 94 97 97 95 97 101 106 110 102 96 101 108 110 110 109 104 96 89 84 81 86 95 101 106 108 108 109 108 99 100 109 121 119 113 108 105 101 98 96 95 95 96 103 114 112 102 97 97
99 98 98 97 97 96 96 96 95 94 94 94 93 94 94 95 94 94 94 93 93 92 92 91 89 85 84 84 82 79 80 86 92 96 101 103 100 95 96 100 103 104 104 103 101 100 97 94 93 97 100 98 98 100 103 109 107 101 103 108 110 108 104 99 93 88 83 84 94 101 104 105 106 105 106 109 104 99 102 113 120 120 114 108 103 96 92 93 93 92 96 108 115 110 103 101
99 98 97 97 96 97 96 96 95 94 94 94 94 94 94 95 95 94 94 94 93 93 93 92 91 91 93 90 84 78 78 81 87 95 104 112 109 101 100 104 106 106 105 103 103 102 100 98 97 98 101 99 97 96 97 103 109 103 101 105 108 105 97 91 88 88 88 92 99 104 105 103 100 99 103 110 107 99 96 104 117 123 117 108 102 97 96 98 96 91 91 98 110 113 109 105
99 99 98 96 96 96 96 95 94 94 94 94 94 94 94 95 95 95 95 95 94 94 93 93 94 97 99 95 87 81 78 80 86 96 106 116 113 106 103 105 107 105 104 101 100 101 102 103 102 98 97 97 94 91 90 93 99 102 102 101 102 100 90 83 85 90 95 98 98 102 104 99 95 97 106 112 109 100 96 100 112 122 119 110 105 103 103 102 98 92 88 90 98 107 109 106
99 99 98 96 96 96 96 95 95 94 94 94 94 94 94 95 95 95 96 95 95 95 95 95 97 101 101 98 91 84 84 87 91 97 103 114 113 107 105 104 103 101 99 97 96 99 101 102 99 95 94 93 91 88 85 83 90 98 101 99 97 94 85 81 86 95 103 102 99 99 100 97 98 106 113 114 110 102 97 99 106 117 118 113 109 107 105 100 95 91 88 86 88 97 105 107
98 98 97 97 96 96 96 95 95 94 94 94 94 94 94 95 95 95 96 96 96 97 97 97 100 103 103 102 97 92 94 95 95 94 98 110 113 107 103 99 97 96 95 95 95 96 98 97 93 92 92 92 92 89 84 84 91 95 97 96 94 91 85 82 88 98 108 108 100 97 98 101 107 113 118 117 113 106 99 98 100 107 110 112 110 107 103 99 94 91 89 87 87 93 102 110
98 97 97 97 97 96 95 95 94 95 95 95 95 95 95 95 95 95 96 97 97 98 99 100 101 105 107 107 106 103 100 96 93 91 93 106 115 105 99 95 93 92 93 93 93 95 95 93 91 91 92 92 93 90 87 89 95 96 92 91 92 94 93 88 89 96 107 111 103 98 101 108 110 114 118 119 118 112 103 96 93 96 102 108 112 108 103 101 97 93 91 90 92 96 104 113
98 97 97 97 97 96 95 95 94 95 95 95 95 95 95 95 95 96 96 97 98 99 101 103 104 105 107 109 111 108 103 97 94 93 93 100 111 103 96 93 91 89 89 89 89 93 93 90 91 92 92 91 92 92 91 93 98 98 92 88 89 95 102 95 90 92 100 110 110 106 106 108 107 110 115 118 119 115 106 94 88 90 96 102 110 111 104 102 102 96 93 95 98 102 107 113
98 98 97 97 96 96 95 95 95 95 95 96 96 95 95 95 96 96 97 98 99 100 101 104 105 106 107 109 112 111 107 103 100 99 95 94 98 97 92 88 86 84 85 87 89 92 93 92 93 93 92 92 92 94 96 97 98 98 95 90 89 93 104 103 93 90 95 106 113 112 108 103 101 103 109 116 117 111 105 98 92 89 90 93 101 110 108 104 104 102 100 101 101 101 105 111
99 99 98 97 96 95 95 95 95 95 95 96 96 96 96 96 97 97 98 98 99 100 101 103 105 107 109 111 112 113 112 111 107 101 95 89 86 86 84 82 82 83 85 88 91 93 94 95 94 93 93 95 95 97 100 100 98 97 96 92 90 93 103 109 101 92 93 102 110 111 104 97 97 103 110 114 114 108 103 104 101 92 86 86 92 107 115 108 105 108 107 104 101 100 104 112
99 99 98 98 96 95 95 96 96 96 96 96 96 96 97 97 97 98 98 99 100 101 102 103 105 108 111 115 117 115 115 113 107 100 93 87 80 75 77 80 83 86 89 91 93 94 95 96 95 94 97 99 100 99 100 101 99 97 96 94 92 94 102 111 107 97 95 99 104 102 96 95 101 109 113 111 114 113 103 103 106 100 91 86 90 102 118 117 109 110 110 105 102 104 107 111
99 99 98 97 96 95 95 96 96 97 97 97 97 97 98 98 98 98 99 99 100 101 102 103 105 108 113 119 120 115 113 110 105 100 93 85 73 73 79 83 86 90 93 95 96 96 98 99 97 97 100 104 104 100 101 104 104 100 98 96 94 93 98 106 108 100 97 97 97 94 96 104 109 112 111 108 115 124 107 100 105 105 97 93 94 99 113 121 114 111 110 106 105 106 105 103
99 99 98 97 96 96 96 97 98 98 98 97 98 98 98 98 99 99 100 100 101 102 103 104 105 108 113 119 118 112 109 108 106 101 93 82 72 78 83 85 89 93 97 99 98 98 99 101 101 99 100 105 109 106 105 108 110 107 102 98 94 89 88 95 104 101 97 96 94 96 105 111 110 107 104 107 117 134 117 101 100 102 100 99 97 98 107 120 119 112 109 107 106 104 101 101
98 98 98 97 97 97 97 98 99 99 98 98 99 99 99 99 99 100 100 101 101 102 103 104 105 108 112 115 115 111 108 108 106 101 93 83 83 86 86 87 91 96 100 102 101 100 101 104 105 102 100 105 114 114 108 106 108 107 102 96 89 81 78 86 99 101 97 95 96 104 110 108 102 103 105 109 120 140 127 104 96 96 99 101 99 100 108 118 119 113 110 105 101 99 99 102
98 98 98 99 98 99 99 99 99 99 99 99 100 100 99 100 100 100 101 101 102 103 103 104 105 107 110 112 113 111 108 107 106 103 96 92 92 93 94 94 96 99 100 102 104 105 104 105 106 104 102 105 112 114 107 100 99 99 95 89 83 79 80 85 93 100 98 97 103 107 106 100 100 108 111 112 123 143 129 107 97 96 98 100 102 106 111 115 115 113 111 103 95 94 100 105
99 99 99 99 99 100 101 100 100 100 101 101 101 101 100 100 101 101 101 102 102 103 103 104 105 106 108 110 113 112 109 107 106 106 105 103 101 103 105 104 101 98 98 102 106 107 103 99 100 103 102 102 105 106 102 96 91 90 88 85 84 86 90 89 91 99 103 103 106 106 99 98 104 113 115 115 123 141 129 109 101 101 101 103 107 108 106 104 107 110 110 103 95 95 102 109
99 99 99 100 101 101 102 101 101 101 102 102 101 101 101 101 101 101 102 102 102 103 104 104 105 106 107 109 111 111 108 107 107 109 112 114 113 110 108 105 100 97 99 102 102 99 95 93 96 101 102 100 98 98 97 93 88 85 84 86 89 95 98 96 96 101 108 109 106 103 101 102 106 113 116 116 122 136 125 109 105 106 108 110 109 103 93 93 99 105 107 105 101 100 102 106
99 99 100 101 102 102 102 102 102 102 102 102 102 102 102 102 102 102 102 103 103 103 104 105 105 106 107 109 110 110 109 108 109 111 115 119 118 112 107 103 100 100 101 100 96 91 91 95 100 105 104 98 93 92 90 87 84 83 86 91 95 100 103 105 106 107 108 109 107 105 105 104 104 108 110 110 113 120 112 108 110 113 113 109 102 89 86 90 94 99 104 106 105 103 100 98
99 99 101 102 103 102 102 103 103 103 103 103 103 103 103 103 103 103 103 103 103 104 104 105 105 106 107 108 108 109 110 109 110 113 116 119 118 112 108 106 105 103 100 96 92 90 94 101 106 106 101 93 87 84 83 82 82 86 93 98 101 103 108 113 112 110 107 105 105 105 104 101 99 98 96 93 91 97 105 111 115 115 110 101 89 84 88 91 92 95 101 106 107 103 98 95
