windninja/windninja_output/Output_2025-10-23_0500-0550_Google earth_Fire_150m_10min/merlingen_7.5mi_point_10-23-2025_0530_150m_ang.asc
ncols	158
nrows	163
xllcorner	391686.332397
yllcorner	5160024.123721
cellsize	150.000000
NODATA_value	-32768.000000
[rows 44 to 87 of 163, columns 0 to 95 of 158]
102 102 102 103 104 104 104 104 104 104 104 104 104 104 104 104 104 104 105 105 105 106 106 107 107 108 110 111 112 112 111 110 111 114 118 122 120 114 109 105 102 101 103 102 98 92 93 97 102 107 105 100 96 94 91 88 86 84 87 92 97 101 105 107 108 109 110 111 110 110 109 108 108 112 113 113 121 136 121 113 112 115 115 111 104 92 88 92 96 101 106 108 106 104 102 101
102 102 103 104 105 104 104 105 105 104 105 105 105 105 105 105 105 105 105 105 106 106 106 107 107 108 109 110 110 111 112 111 113 115 119 122 120 114 110 108 107 105 102 98 93 92 96 103 107 108 103 95 89 86 84 83 83 87 94 100 103 105 110 114 114 112 109 107 108 109 107 104 102 102 100 97 99 113 112 114 117 117 112 102 90 86 90 93 94 97 102 108 108 105 100 97
103 103 104 104 104 104 105 105 105 105 105 105 106 105 105 105 106 106 105 105 106 106 106 107 108 108 108 109 110 111 111 112 113 116 119 120 119 117 115 113 111 107 101 95 92 96 103 107 107 103 96 89 82 79 82 83 86 94 103 108 110 111 114 117 114 111 107 103 102 106 104 101 98 93 89 84 80 101 111 113 114 110 102 94 88 90 94 96 94 95 100 107 108 104 98 96
103 104 104 104 103 103 105 106 106 106 106 106 106 106 106 106 106 106 106 106 106 106 106 107 107 108 108 109 109 110 111 112 113 115 118 119 118 118 117 115 113 108 102 96 96 102 107 107 103 97 91 83 77 79 83 86 94 101 108 114 116 113 112 112 110 106 103 100 100 103 102 99 95 90 83 76 75 96 107 106 104 101 96 94 95 97 99 99 97 97 101 105 106 103 98 96
103 103 104 103 101 102 105 108 108 107 107 107 107 106 106 106 106 106 106 106 106 106 107 107 107 107 108 109 109 110 111 111 112 114 117 119 118 117 118 117 114 110 104 101 103 106 107 104 98 92 84 77 79 83 87 94 101 108 112 117 118 112 107 105 105 103 101 100 99 100 99 97 93 87 79 73 78 94 101 101 99 99 100 100 101 102 102 102 103 104 102 100 100 100 98 96
103 103 103 102 101 102 104 108 109 108 108 107 107 107 106 106 107 106 106 106 106 107 107 107 107 108 108 109 109 110 110 111 112 114 116 119 119 118 118 117 114 110 108 109 109 107 104 100 95 86 77 78 85 91 96 102 108 112 114 115 114 108 102 100 102 103 102 101 99 98 97 95 91 84 78 78 86 95 99 100 100 101 103 105 105 105 106 108 108 106 100 94 93 95 95 91
102 103 104 102 102 103 103 106 110 110 109 108 108 108 107 107 107 107 107 107 107 107 107 108 107 108 108 109 109 110 110 111 112 113 115 117 119 118 118 117 115 113 113 115 113 107 102 96 89 80 78 86 94 99 104 109 112 112 111 108 105 101 98 99 102 103 102 100 99 97 95 92 88 83 82 87 93 96 98 99 100 102 103 105 107 109 110 110 107 102 96 90 87 87 87 88
102 104 105 104 104 104 104 104 108 111 111 109 109 108 108 107 107 107 107 107 108 108 108 108 108 108 108 109 109 109 110 111 111 112 114 116 117 118 117 117 116 114 116 117 114 107 100 92 84 82 90 98 102 105 109 111 111 107 103 100 98 96 97 99 102 103 102 100 98 96 94 91 87 86 89 93 96 98 98 99 99 99 100 104 108 110 110 107 102 98 93 87 82 80 84 91
102 104 107 107 106 105 104 103 106 111 112 110 109 108 108 108 108 108 108 108 108 108 108 108 108 108 108 109 109 109 110 110 111 112 113 114 116 117 118 118 117 115 116 118 115 107 100 92 89 96 106 108 107 109 111 110 107 102 96 94 95 97 99 100 102 103 102 100 97 95 94 92 90 91 93 96 98 100 101 99 96 95 97 103 107 108 108 105 101 96 91 85 80 80 88 104
100 103 110 110 107 107 106 103 103 108 111 111 109 109 109 108 108 108 108 108 108 108 108 108 108 108 108 109 109 109 110 110 111 112 112 113 114 116 117 119 119 116 116 118 116 108 103 102 105 108 110 109 108 109 109 107 104 98 93 92 96 99 100 100 102 104 103 100 96 96 96 95 93 93 94 96 98 101 102 101 98 96 98 101 104 106 108 106 101 94 90 88 85 87 99 119
100 101 108 113 109 107 108 103 100 103 109 111 110 110 109 109 109 108 108 108 108 108 108 108 108 108 109 109 109 109 110 110 111 111 112 113 114 115 116 119 119 116 115 115 115 111 109 113 114 112 110 108 108 108 105 104 102 97 94 96 99 102 102 101 103 105 105 103 99 98 98 94 91 93 96 97 99 101 104 105 105 102 101 101 101 103 106 106 101 95 92 93 96 98 106 118
101 101 104 110 109 106 107 104 99 100 105 110 111 111 110 109 109 109 109 108 108 108 109 109 109 109 109 109 109 109 110 110 111 111 112 112 113 114 115 117 117 115 113 113 115 116 117 120 118 114 112 109 109 107 104 102 99 97 98 100 104 105 103 101 102 105 106 106 102 97 92 87 91 96 99 99 101 104 106 109 111 108 104 102 100 100 101 102 101 98 97 99 105 110 109 115
103 101 101 103 105 105 106 107 102 99 102 107 110 111 111 110 109 109 109 109 108 108 109 109 109 109 109 109 109 109 110 110 110 111 111 112 112 113 114 115 115 115 114 114 117 120 122 123 120 118 116 110 108 107 103 100 98 100 103 106 108 107 102 98 98 101 104 104 100 92 84 89 97 100 102 103 105 107 109 111 112 109 105 103 101 98 95 94 95 97 100 107 118 124 117 115
103 102 101 101 102 104 106 109 107 104 103 105 107 110 112 111 110 110 110 110 109 109 109 109 109 110 109 109 109 110 110 110 110 111 111 111 112 112 113 114 114 114 115 116 117 120 122 123 122 122 120 111 108 107 102 99 102 105 108 110 109 106 101 95 93 96 100 100 94 88 91 98 101 103 104 108 110 110 112 112 111 108 105 102 99 95 91 89 92 99 109 121 130 130 121 113
102 102 102 102 102 102 104 108 111 109 106 105 103 105 110 112 112 111 110 110 110 109 109 109 110 110 110 110 110 110 110 110 110 111 111 111 112 112 112 113 113 114 115 116 117 118 119 121 123 125 124 115 110 108 102 100 106 109 110 110 108 104 99 94 90 91 97 98 93 94 100 103 103 105 108 111 113 112 113 112 109 105 102 99 96 92 91 93 101 112 120 126 130 127 118 102
102 102 102 102 102 102 102 105 109 109 108 106 102 102 106 111 113 112 111 111 110 110 110 110 110 110 110 110 110 110 110 110 110 111 111 111 111 112 112 113 113 114 114 115 116 117 118 120 123 128 130 122 113 108 103 101 106 110 110 109 107 103 98 93 89 89 95 97 96 99 103 105 106 109 111 113 113 112 110 108 105 102 99 97 94 93 96 104 115 122 123 122 122 120 107 89
101 101 101 101 101 102 102 103 106 108 109 110 108 104 103 106 111 113 113 112 112 111 111 110 110 110 110 110 110 110 110 110 110 111 111 111 111 112 112 112 113 113 114 115 115 116 118 120 123 128 133 127 116 108 104 102 107 110 110 108 106 102 97 93 89 89 92 95 98 101 105 107 110 111 114 114 112 110 107 104 102 100 97 95 94 96 103 114 121 123 121 118 115 109 94 78
102 102 101 101 101 101 102 103 105 107 110 114 114 109 104 103 106 111 113 114 113 112 111 110 110 110 110 110 110 110 110 110 111 111 111 111 111 111 112 112 113 113 114 114 115 116 117 119 122 126 131 129 118 110 105 104 107 108 108 106 104 102 99 95 91 90 89 92 101 105 108 110 112 113 115 114 110 106 104 103 101 99 96 94 96 101 112 120 122 121 120 116 108 94 81 69
103 102 102 102 102 102 103 104 105 107 110 114 115 113 108 104 103 106 110 113 114 113 112 111 110 110 110 111 111 111 111 111 111 111 111 111 111 111 112 112 112 113 113 114 115 116 117 118 120 123 128 129 121 113 109 107 107 107 106 105 104 103 102 98 94 90 87 94 105 109 110 111 113 114 115 113 109 105 105 103 101 98 96 97 102 109 116 122 121 118 116 108 92 80 70 60
103 103 102 102 103 104 104 104 104 105 108 112 115 115 113 108 104 104 106 110 113 114 113 112 111 110 110 111 111 111 111 111 111 111 111 111 111 111 112 112 112 113 113 114 114 115 116 117 119 121 125 128 122 118 117 113 108 107 107 107 108 107 103 97 92 89 89 102 109 111 112 112 113 115 116 112 109 108 107 105 102 100 99 104 111 116 120 122 119 113 104 93 81 69 59 51
103 103 103 103 104 105 105 104 104 104 105 109 115 117 115 113 109 105 104 107 110 112 113 113 113 111 110 111 111 111 111 111 111 111 111 111 111 112 112 112 112 112 113 113 114 115 116 116 118 119 122 125 123 120 122 119 110 107 108 110 110 106 96 89 91 94 102 111 113 114 114 113 113 115 116 115 113 113 112 108 104 104 107 112 117 119 119 119 114 104 93 83 70 59 51 40
103 103 103 104 105 105 105 103 103 104 105 108 114 117 116 115 113 109 105 104 106 109 111 113 113 112 111 111 111 112 112 112 111 111 111 111 112 112 112 112 112 112 113 113 114 114 115 116 117 118 120 122 122 120 122 123 114 108 108 109 107 100 91 93 99 106 113 117 116 116 115 114 113 114 117 119 117 116 115 110 107 111 116 120 121 118 116 113 105 93 82 70 57 49 42 33
103 101 100 102 104 105 106 104 103 105 107 108 112 116 117 115 114 112 108 105 105 107 108 111 113 113 112 112 112 112 112 112 112 112 112 112 112 112 112 112 112 112 113 113 113 114 115 115 116 117 118 119 120 119 121 123 118 110 106 103 102 104 105 106 107 110 114 117 117 116 116 114 112 115 119 121 119 118 117 115 117 122 126 127 121 115 111 105 92 80 69 55 46 38 34 33
104 101 98 99 102 106 109 106 103 104 107 109 110 114 117 116 114 114 113 110 107 107 106 108 111 112 112 111 111 111 112 112 112 112 112 112 112 112 112 112 112 112 113 113 113 114 114 115 115 116 116 117 118 118 119 120 118 112 105 101 105 115 115 111 109 109 111 114 116 117 117 115 112 115 119 120 121 121 124 126 126 127 126 124 117 108 100 89 79 69 55 43 36 30 32 38
111 106 103 102 103 107 112 108 102 103 107 109 110 112 115 116 114 114 115 113 110 108 107 107 108 108 108 109 111 112 112 113 113 112 112 112 112 112 112 112 112 113 113 113 113 113 114 114 115 115 115 116 116 117 117 117 115 113 108 104 109 117 117 114 111 109 110 112 116 117 117 114 112 114 118 119 121 126 129 128 125 123 116 112 108 100 88 78 70 57 44 32 28 30 36 45
113 112 109 107 105 105 109 111 105 106 110 112 112 113 114 115 115 114 114 114 111 110 109 108 107 104 102 105 110 112 113 114 113 113 113 113 113 113 113 113 113 113 113 113 113 113 114 114 114 114 115 115 115 115 115 115 114 113 111 109 111 116 117 115 112 110 111 113 115 116 116 114 113 116 119 120 122 127 131 126 121 115 105 102 105 98 84 73 61 46 33 26 28 36 45 53
110 111 111 109 105 101 103 111 109 107 109 112 111 111 112 113 113 111 111 113 113 111 110 109 108 103 100 103 108 111 113 114 115 114 114 113 113 113 113 113 113 113 113 113 113 113 113 114 114 114 114 114 115 115 114 114 114 113 112 112 113 114 114 112 111 112 112 113 113 114 115 114 114 117 120 120 122 127 130 124 116 107 101 103 104 97 80 65 50 36 27 27 35 43 56 68
107 108 110 109 105 101 102 109 109 104 101 102 103 104 106 108 109 108 108 110 111 111 110 109 111 111 105 103 105 109 111 113 115 115 115 114 114 114 113 113 113 113 113 113 113 113 113 113 113 114 114 114 114 114 114 114 113 113 113 113 113 113 113 113 113 113 113 112 112 115 118 115 113 116 119 119 121 126 127 121 112 105 106 108 102 90 72 54 38 31 30 35 45 55 69 93
105 107 109 109 107 105 106 110 108 101 96 97 100 101 102 105 107 107 107 108 109 110 111 111 115 118 110 104 103 105 108 110 112 115 116 115 115 114 114 114 113 113 113 113 113 113 113 113 113 113 114 114 114 114 114 114 113 113 113 113 113 113 113 114 114 114 114 113 114 116 118 115 110 111 116 118 119 122 125 119 114 112 113 110 99 79 59 43 35 36 39 48 57 67 90 121
105 107 109 110 108 108 108 109 107 102 99 100 102 104 105 106 108 108 108 109 110 110 111 113 116 119 114 107 103 103 106 108 109 113 116 117 116 115 115 114 114 114 113 113 113 113 113 113 113 113 113 113 113 114 113 113 113 113 113 113 113 113 114 114 114 114 115 115 116 117 117 114 110 112 117 119 120 121 125 123 120 120 116 108 92 68 45 36 41 47 52 64 74 96 125 127
104 106 108 110 109 108 108 108 106 105 105 104 105 106 108 109 109 109 110 110 111 110 110 111 114 118 116 110 105 103 104 106 108 111 115 117 116 116 115 115 114 114 114 113 113 113 113 113 113 113 113 113 113 113 113 113 113 113 114 114 114 114 114 114 114 115 115 116 117 117 117 116 116 120 123 123 124 125 129 130 126 122 114 101 79 51 37 40 51 57 70 85 108 125 127 125
102 103 106 110 110 108 109 108 107 107 107 107 107 108 109 111 111 111 111 112 111 110 109 110 112 116 115 112 107 104 104 106 107 108 111 114 115 116 116 116 115 114 114 113 113 113 113 113 113 113 113 113 113 113 114 114 114 114 114 114 114 114 114 114 115 115 116 116 117 117 118 119 121 125 127 126 127 130 135 134 127 118 107 88 61 37 38 48 57 67 84 107 125 122 121 118
101 101 103 107 109 109 110 110 109 109 110 110 110 110 111 112 113 112 112 112 112 111 111 111 112 114 114 113 111 107 104 104 104 104 106 110 113 115 116 116 116 115 114 113 113 113 113 113 113 113 113 113 113 114 114 114 114 114 114 114 114 114 114 115 115 115 116 116 117 117 118 120 122 125 129 128 130 135 138 131 121 111 94 70 44 39 48 54 61 79 102 129 128 119 114 111
101 98 96 99 106 110 111 111 111 113 114 114 113 113 113 114 114 114 113 113 113 112 112 112 112 112 112 113 113 110 105 102 102 103 105 109 113 114 116 116 116 115 114 114 113 113 113 113 113 113 113 114 114 114 114 114 114 114 114 114 114 114 115 115 115 116 116 117 117 118 119 121 122 125 128 129 132 137 137 126 114 101 81 58 49 58 68 72 85 112 130 135 129 119 112 110
102 94 84 90 102 109 111 114 116 119 120 118 117 115 115 115 116 116 115 114 113 113 113 113 114 112 111 112 113 113 108 104 104 105 106 109 112 113 114 116 117 116 114 113 113 113 113 113 113 113 113 114 114 114 114 114 114 114 114 114 115 115 115 115 116 116 116 117 117 118 119 121 122 124 126 129 133 138 136 123 109 94 73 66 72 84 93 109 124 129 130 130 125 117 113 112
101 88 74 84 96 109 117 120 122 126 127 123 120 118 117 117 117 117 116 115 114 114 113 114 117 115 112 112 114 116 114 109 107 106 106 108 110 111 111 114 117 116 114 113 113 112 112 112 112 113 113 114 114 115 115 115 115 115 115 115 115 115 115 116 116 116 117 117 118 119 120 121 122 124 126 128 133 137 135 123 110 97 92 96 99 103 118 127 128 126 124 121 119 116 114 114
111 98 89 92 102 118 131 133 131 133 133 128 122 120 118 118 118 117 117 116 115 114 113 115 119 118 113 112 113 116 117 114 111 108 106 107 109 110 110 111 115 116 113 112 111 111 111 110 111 112 114 115 115 115 115 115 115 115 115 115 115 115 116 116 116 116 117 117 118 119 120 121 122 124 126 128 132 136 135 128 121 119 120 117 114 118 127 128 126 122 119 116 114 114 113 113
152 106 100 106 114 123 140 146 142 141 139 133 125 121 119 118 117 117 117 117 116 115 114 116 120 119 114 112 113 115 118 117 115 112 108 105 107 109 109 109 112 114 112 110 109 108 108 107 107 111 114 116 116 116 116 116 116 116 115 115 116 116 116 116 116 117 117 118 118 119 120 121 122 124 125 128 131 135 136 136 138 137 132 128 127 130 129 127 124 120 117 115 112 111 113 112
131 110 111 118 122 125 135 145 146 144 142 134 125 120 118 117 116 116 116 117 116 115 115 117 120 119 116 115 114 115 116 116 114 112 108 105 105 107 109 109 111 113 112 111 111 111 111 111 111 112 116 118 118 118 117 116 116 116 116 116 116 116 116 116 117 117 117 118 118 119 120 121 122 124 125 127 130 134 137 141 147 148 142 140 141 132 127 125 122 119 116 114 111 111 113 112
114 122 125 124 121 116 119 129 134 134 134 128 122 118 115 114 114 114 115 116 116 116 115 117 122 121 118 117 116 115 114 114 113 111 108 106 104 105 107 109 110 113 115 116 117 117 119 120 119 118 120 120 121 120 119 117 116 116 116 116 116 116 117 117 117 117 118 118 119 119 120 121 123 124 125 127 130 133 137 143 151 157 154 150 139 129 124 121 120 118 115 113 110 110 111 110
104 111 119 114 106 103 104 105 106 112 119 121 118 114 112 112 112 112 113 115 116 117 117 117 122 124 120 118 117 115 114 114 113 110 108 107 106 106 106 108 110 113 115 116 116 116 117 118 118 118 118 119 120 121 119 117 116 116 116 116 117 117 117 117 117 118 118 118 119 120 120 121 123 124 125 127 130 133 138 144 156 163 162 151 133 126 121 117 116 115 113 111 109 107 107 108
93 94 96 93 90 87 80 79 89 103 113 116 115 112 110 110 110 110 111 113 114 116 117 118 122 125 121 117 116 116 115 114 113 111 108 107 107 106 107 109 112 114 114 113 113 112 112 112 113 113 114 114 115 117 118 117 116 116 116 117 117 117 117 118 118 118 118 119 119 120 121 121 122 124 125 127 129 133 137 145 157 163 164 150 130 124 120 117 116 115 113 111 109 108 108 110
90 88 85 85 81 75 69 74 90 103 111 113 112 110 108 107 107 106 106 108 110 112 113 116 122 127 124 120 117 117 116 115 115 116 113 111 109 107 107 109 112 114 114 113 112 111 110 110 111 112 113 112 112 113 115 116 116 116 116 117 117 118 118 118 118 118 119 119 119 120 121 121 122 124 125 127 129 132 137 143 154 160 160 145 128 120 118 116 115 114 112 112 113 115 117 117
90 87 82 81 78 74 75 84 95 102 107 107 108 109 105 103 102 100 101 104 106 108 110 117 128 135 131 124 120 117 117 116 116 118 117 114 112 110 108 109 111 115 116 114 111 110 109 109 109 110 112 113 113 112 113 114 115 116 116 117 118 118 119 119 119 119 119 119 120 120 121 121 122 123 125 126 129 131 135 141 149 154 152 142 127 119 116 114 112 110 111 114 117 119 120 119
