windninja/windninja_output/Output_2025-10-23_0500-0550_Google earth_Fire_150m_10min/merlingen_7.5mi_point_10-23-2025_0510_150m_vel.asc
ncols	158
nrows	163
xllcorner	391686.332397
yllcorner	5160024.123721
cellsize	150.000000
NODATA_value	-32768.000000
[rows 37 to 73 of 163, columns 0 to 83 of 158]
9.36 9.46 9.75 9.83 9.46 9.15 9.09 9.14 9.21 9.31 9.28 9.14 9.03 9.01 9.00 8.92 8.80 8.68 8.57 8.48 8.37 8.20 8.02 7.86 7.62 7.24 6.69 6.03 6.85 9.68 10.86 10.92 11.19 11.08 10.62 8.76 6.40 5.66 6.30 6.49 6.35 6.74 7.19 7.52 8.04 8.08 7.51 7.45 7.36 7.37 7.80 7.67 7.41 7.70 7.90 7.67 7.43 7.54 7.77 8.59 9.04 7.39 5.30 4.44 4.73 6.51 8.76 9.42 7.74 5.19 4.21 4.76 5.29 4.93 3.94 3.37 3.21 3.08 3.82 4.40 3.89 3.71 4.15 4.87
9.54 9.61 9.77 9.63 9.32 9.22 9.17 9.24 9.33 9.45 9.42 9.17 9.04 9.12 9.11 8.99 8.88 8.76 8.66 8.59 8.48 8.31 8.18 8.06 7.82 7.42 6.96 6.95 8.55 10.44 10.44 10.02 9.99 9.79 9.63 7.77 5.19 5.39 6.71 6.85 6.89 7.30 7.62 7.93 8.30 8.26 7.91 7.57 7.19 7.78 8.49 8.02 7.37 7.64 8.21 7.88 7.26 7.36 7.81 8.40 8.54 7.56 5.95 4.64 4.53 6.24 9.14 9.63 6.78 4.46 4.54 5.64 5.99 4.80 3.22 3.38 3.65 3.00 3.48 4.41 3.76 3.38 3.70 4.57
9.65 9.70 9.63 9.46 9.33 9.23 9.23 9.46 9.59 9.54 9.40 9.16 9.08 9.20 9.20 9.06 8.94 8.84 8.74 8.69 8.58 8.43 8.31 8.19 7.99 7.67 7.49 7.90 8.94 9.68 9.60 9.33 9.10 8.98 8.47 6.22 4.57 5.77 7.08 7.29 7.49 7.82 8.26 8.41 8.38 8.51 8.29 7.58 7.20 8.13 8.98 8.41 7.55 7.86 8.76 8.33 7.45 7.39 7.86 8.19 7.79 7.02 6.17 5.08 4.64 6.12 9.24 9.22 6.20 5.02 5.89 6.38 5.53 3.65 2.82 4.05 4.21 2.93 3.02 4.18 3.71 3.15 3.59 4.74
9.63 9.73 9.53 9.41 9.39 9.28 9.40 9.73 9.79 9.49 9.27 9.23 9.20 9.27 9.30 9.14 8.98 8.90 8.85 8.80 8.71 8.56 8.38 8.29 8.19 7.94 7.89 8.12 8.30 8.79 9.40 9.09 8.41 8.08 6.92 5.09 4.83 6.04 7.13 7.75 8.09 8.57 9.03 8.65 8.30 8.67 8.57 7.84 7.41 8.06 9.27 9.19 8.40 8.47 8.85 8.32 7.29 6.95 7.39 7.54 6.72 6.00 6.29 6.18 5.29 6.25 8.95 8.66 6.48 6.46 6.62 5.68 4.45 3.06 3.25 4.98 4.46 2.81 2.76 3.62 3.46 3.20 3.92 5.05
9.51 9.59 9.44 9.37 9.40 9.44 9.62 9.84 9.79 9.42 9.25 9.36 9.32 9.31 9.35 9.19 9.01 8.98 8.96 8.90 8.82 8.59 8.40 8.41 8.35 8.09 8.04 8.04 7.97 8.62 9.34 8.76 7.89 7.16 5.76 4.92 5.37 6.23 7.33 8.37 8.94 9.56 9.33 8.61 8.75 9.17 8.86 8.09 7.46 8.00 9.75 10.04 8.74 7.91 7.89 7.68 6.59 5.89 6.35 6.58 5.88 5.28 6.20 7.12 6.43 6.75 8.41 8.55 7.56 7.05 5.75 4.73 4.36 3.44 4.19 5.55 4.09 2.40 2.26 2.83 3.23 3.43 4.34 5.32
9.31 9.35 9.30 9.26 9.37 9.66 9.77 9.74 9.72 9.46 9.31 9.41 9.40 9.35 9.33 9.20 9.06 9.03 9.04 8.99 8.84 8.57 8.45 8.51 8.41 8.17 8.12 8.08 8.14 8.68 8.98 8.39 7.54 6.55 5.58 5.31 5.90 7.29 8.50 9.14 9.58 9.59 9.01 9.21 9.63 9.05 8.15 7.46 7.16 8.04 10.08 10.23 7.98 6.55 6.71 6.87 6.03 5.29 5.49 5.94 5.67 5.35 6.34 7.28 7.40 7.76 8.37 8.83 8.12 6.24 4.74 4.81 4.90 4.25 5.17 5.52 3.29 1.86 1.74 2.39 3.18 3.62 4.52 5.82
9.13 9.14 9.11 9.19 9.49 9.82 9.74 9.59 9.65 9.54 9.36 9.41 9.45 9.34 9.26 9.19 9.09 9.06 9.09 9.03 8.81 8.61 8.55 8.54 8.44 8.26 8.21 8.28 8.33 8.44 8.42 8.04 7.34 6.56 6.04 5.95 6.99 8.65 9.10 8.99 9.00 8.92 9.31 10.11 9.37 7.45 6.65 6.82 7.35 8.55 10.26 9.89 7.28 5.83 5.98 6.06 5.50 5.03 5.18 5.80 6.02 6.12 6.71 7.13 8.08 9.04 9.11 8.91 7.54 5.30 4.64 5.42 5.38 4.99 5.50 4.74 2.50 1.39 1.48 2.35 3.24 3.92 5.15 6.75
8.91 8.90 8.96 9.29 9.62 9.70 9.58 9.53 9.59 9.55 9.40 9.40 9.41 9.27 9.22 9.19 9.11 9.13 9.16 9.05 8.83 8.69 8.60 8.52 8.47 8.39 8.41 8.43 8.27 8.10 8.07 7.90 7.42 6.86 6.47 6.71 7.89 8.73 8.43 8.07 8.11 8.90 10.15 10.08 7.92 6.11 6.16 7.05 8.37 9.70 10.18 8.94 6.66 5.37 5.35 5.46 5.09 4.88 5.31 6.12 6.63 6.95 7.10 7.50 9.13 10.12 9.52 8.32 6.42 4.87 4.97 5.57 5.44 5.19 4.90 3.48 1.67 0.93 1.36 2.46 3.51 4.64 6.15 6.87
8.64 8.72 9.04 9.43 9.51 9.45 9.51 9.55 9.51 9.47 9.44 9.39 9.32 9.24 9.24 9.22 9.17 9.21 9.19 9.03 8.85 8.73 8.59 8.52 8.54 8.56 8.51 8.33 8.12 8.00 7.98 7.91 7.58 7.10 6.86 7.23 7.79 7.97 7.81 7.68 8.10 9.39 10.35 9.12 6.47 5.71 6.76 8.26 9.83 10.15 9.05 7.51 6.01 4.88 4.85 5.19 5.02 5.10 5.93 6.77 7.25 7.65 7.98 8.87 10.30 10.34 9.10 7.43 5.28 4.45 4.94 5.24 5.21 4.89 4.01 2.67 1.09 0.68 1.62 3.01 4.39 5.56 6.24 5.77
8.53 8.76 9.17 9.29 9.21 9.35 9.52 9.50 9.43 9.42 9.46 9.37 9.25 9.25 9.25 9.24 9.21 9.20 9.14 8.99 8.84 8.68 8.57 8.58 8.64 8.60 8.40 8.19 8.09 8.02 7.95 7.90 7.67 7.30 7.20 7.34 7.50 7.70 7.79 7.88 8.37 9.31 9.73 8.03 5.76 6.17 7.99 9.83 10.33 8.94 7.38 6.33 5.33 4.73 4.70 5.04 5.33 5.95 7.04 7.66 7.91 8.55 9.43 10.03 10.25 9.54 8.03 6.46 4.72 4.25 4.77 4.87 4.92 4.56 3.60 2.43 1.15 0.95 2.25 3.84 4.94 5.43 5.29 4.63
8.63 8.83 9.04 8.85 8.88 9.39 9.56 9.44 9.38 9.40 9.44 9.32 9.22 9.21 9.24 9.23 9.18 9.13 9.06 8.95 8.78 8.61 8.59 8.65 8.65 8.50 8.30 8.20 8.12 8.04 7.95 7.88 7.70 7.46 7.27 7.19 7.47 7.76 7.79 7.94 8.31 8.93 8.83 7.05 5.95 7.34 9.40 10.38 9.32 7.25 6.18 5.34 4.80 4.99 4.90 5.13 6.12 7.20 8.40 8.65 8.48 9.35 10.09 9.78 9.28 8.46 6.87 5.63 4.60 4.27 4.56 4.53 4.56 4.19 3.34 2.39 1.51 1.57 2.80 4.13 4.85 4.81 4.59 4.21
8.75 8.78 8.70 8.32 8.59 9.57 9.73 9.42 9.32 9.35 9.36 9.23 9.14 9.12 9.18 9.18 9.11 9.06 8.99 8.88 8.72 8.62 8.64 8.65 8.60 8.46 8.31 8.22 8.13 8.05 7.97 7.87 7.74 7.59 7.32 7.20 7.51 7.72 7.70 7.87 8.19 8.42 7.82 6.59 6.84 8.80 10.13 9.64 7.94 6.14 5.05 4.63 4.79 5.25 5.21 5.75 7.27 8.74 9.74 9.15 8.51 9.26 9.66 9.09 8.51 7.64 6.22 5.18 4.52 4.25 4.32 4.27 4.17 3.74 3.06 2.42 1.99 2.23 3.10 4.12 4.66 4.61 4.43 4.14
8.88 8.66 8.21 7.83 8.51 9.79 9.94 9.49 9.25 9.26 9.27 9.13 9.05 9.05 9.11 9.14 9.06 8.97 8.93 8.81 8.70 8.69 8.65 8.59 8.58 8.49 8.32 8.20 8.13 8.07 7.99 7.89 7.79 7.66 7.44 7.35 7.58 7.78 7.76 7.77 7.89 7.83 7.29 6.84 7.71 9.52 9.83 8.34 6.69 5.04 4.12 4.53 5.27 5.61 5.83 6.86 8.79 10.35 10.15 8.58 7.75 8.33 8.92 8.96 8.30 7.10 5.83 4.87 4.34 4.14 4.12 4.06 3.79 3.29 2.84 2.52 2.44 2.71 3.36 4.14 4.61 4.71 4.47 4.12
9.01 8.50 7.68 7.59 8.82 9.98 10.02 9.67 9.22 9.13 9.13 9.03 9.01 9.01 9.05 9.08 9.02 8.91 8.86 8.78 8.72 8.73 8.63 8.56 8.60 8.50 8.28 8.17 8.14 8.07 8.00 7.91 7.81 7.69 7.55 7.51 7.67 7.80 7.67 7.50 7.51 7.64 7.47 7.26 8.18 9.47 8.93 7.13 5.54 4.10 3.73 4.92 6.01 6.23 6.80 8.46 10.47 10.72 9.02 7.26 6.72 7.22 8.49 9.35 8.35 6.59 5.39 4.55 4.12 3.99 3.93 3.81 3.43 3.00 2.78 2.74 2.77 2.94 3.51 4.25 4.72 4.77 4.50 4.15
9.12 8.30 7.30 7.75 9.35 10.01 9.85 9.77 9.33 9.05 8.94 8.94 8.95 8.92 8.94 8.98 8.98 8.83 8.77 8.80 8.74 8.70 8.60 8.53 8.56 8.42 8.21 8.15 8.13 8.07 7.99 7.90 7.81 7.72 7.64 7.63 7.65 7.59 7.45 7.25 7.35 7.79 7.74 7.51 8.21 8.86 7.79 5.85 4.68 3.92 4.10 5.76 6.71 6.89 7.93 10.16 10.99 9.54 7.38 6.21 5.99 6.59 8.71 9.91 8.16 6.04 4.98 4.24 3.91 3.82 3.73 3.54 3.18 2.91 2.94 2.99 2.94 3.03 3.59 4.38 4.75 4.74 4.60 4.32
9.12 8.15 7.21 8.08 9.63 9.79 9.42 9.72 9.63 9.01 8.68 8.79 8.81 8.77 8.82 8.90 8.92 8.76 8.72 8.80 8.69 8.58 8.53 8.52 8.46 8.31 8.20 8.15 8.12 8.05 7.97 7.89 7.81 7.75 7.70 7.66 7.58 7.49 7.39 7.17 7.32 7.96 7.95 7.60 7.79 7.94 6.58 4.68 4.43 4.80 5.62 6.64 7.18 7.65 9.29 10.98 10.09 7.84 6.30 5.71 5.76 6.70 9.38 10.23 7.75 5.60 4.60 3.90 3.69 3.68 3.57 3.35 3.06 2.96 3.13 3.16 3.03 3.13 3.72 4.38 4.54 4.69 4.82 4.60
8.83 8.25 7.65 8.42 9.73 9.59 9.04 9.59 9.75 8.87 8.39 8.55 8.63 8.66 8.77 8.84 8.80 8.69 8.70 8.70 8.59 8.50 8.50 8.49 8.36 8.25 8.20 8.14 8.10 8.03 7.95 7.88 7.82 7.76 7.71 7.65 7.57 7.50 7.40 7.20 7.42 8.14 8.12 7.48 7.12 6.91 5.73 4.44 5.16 6.16 6.50 6.83 7.33 8.39 10.22 10.73 8.58 6.39 5.60 5.66 6.04 7.31 9.94 10.20 7.40 5.26 4.18 3.53 3.55 3.64 3.49 3.21 2.97 3.02 3.25 3.28 3.11 3.29 3.94 4.25 4.24 4.67 5.04 4.81
8.42 8.55 8.39 8.66 9.58 9.36 8.68 9.11 9.46 8.88 8.35 8.37 8.52 8.62 8.71 8.75 8.68 8.65 8.62 8.57 8.55 8.50 8.46 8.42 8.30 8.21 8.17 8.12 8.07 8.00 7.93 7.87 7.81 7.76 7.70 7.63 7.56 7.49 7.40 7.29 7.57 8.10 7.87 7.00 6.38 6.18 5.54 5.12 6.15 6.65 6.26 6.67 7.49 8.65 10.49 10.02 7.10 5.33 5.27 5.90 6.55 8.07 10.30 9.95 7.08 4.95 3.81 3.21 3.48 3.67 3.37 2.95 2.86 3.13 3.37 3.36 3.16 3.52 4.20 4.16 4.11 4.71 5.06 4.82
8.17 8.67 8.77 8.44 8.84 8.83 8.24 8.35 8.99 9.10 8.57 8.32 8.48 8.56 8.57 8.59 8.59 8.58 8.53 8.49 8.50 8.46 8.40 8.34 8.24 8.17 8.13 8.09 8.04 7.97 7.91 7.85 7.79 7.74 7.67 7.61 7.54 7.47 7.41 7.38 7.53 7.65 7.29 6.57 6.17 6.07 5.90 6.06 6.60 6.29 5.80 6.89 7.70 8.64 10.53 9.19 5.82 4.80 5.39 6.30 7.31 8.90 10.30 9.48 6.74 4.53 3.45 2.99 3.36 3.51 2.98 2.68 2.99 3.35 3.48 3.37 3.29 3.87 4.43 4.26 4.27 4.73 4.90 4.67
8.18 8.53 8.69 8.18 8.16 8.43 8.12 7.90 8.51 9.24 8.93 8.39 8.46 8.52 8.39 8.45 8.54 8.50 8.45 8.39 8.41 8.42 8.35 8.29 8.19 8.12 8.09 8.04 8.00 7.94 7.88 7.83 7.76 7.70 7.65 7.58 7.52 7.45 7.40 7.36 7.34 7.24 6.97 6.64 6.48 6.43 6.46 6.54 6.46 5.82 5.63 7.08 7.68 8.72 10.33 8.10 5.00 4.83 5.81 6.97 8.25 9.35 9.86 8.90 6.32 4.06 3.06 2.78 2.98 2.97 2.60 2.85 3.38 3.54 3.55 3.38 3.56 4.29 4.61 4.45 4.39 4.57 4.63 4.50
8.23 8.34 8.43 8.16 8.08 8.30 8.24 7.93 8.31 9.40 9.25 8.44 8.43 8.47 8.27 8.37 8.49 8.42 8.36 8.30 8.36 8.36 8.29 8.26 8.13 8.05 8.04 8.00 7.95 7.89 7.84 7.79 7.73 7.67 7.61 7.55 7.48 7.42 7.36 7.29 7.22 7.09 6.95 6.80 6.72 6.71 6.61 6.39 6.16 5.55 5.47 6.84 7.61 8.84 9.92 7.24 4.77 5.32 6.66 7.87 8.74 9.11 9.12 8.35 6.14 3.90 2.83 2.54 2.50 2.50 2.71 3.35 3.66 3.63 3.66 3.55 3.95 4.65 4.71 4.46 4.28 4.31 4.37 4.29
8.24 8.20 8.18 8.10 8.08 8.18 8.32 8.23 8.62 9.55 9.11 8.15 8.18 8.39 8.33 8.33 8.36 8.31 8.27 8.26 8.28 8.24 8.24 8.23 8.05 7.97 7.98 7.94 7.90 7.85 7.80 7.74 7.69 7.63 7.58 7.51 7.44 7.38 7.31 7.23 7.15 7.04 6.93 6.82 6.77 6.69 6.43 6.18 5.95 5.43 5.28 6.44 7.79 9.02 9.37 6.84 4.94 5.95 7.55 8.37 8.52 8.50 8.39 7.81 6.11 3.99 2.77 2.28 2.13 2.57 3.20 3.63 3.75 3.80 3.86 3.86 4.37 4.87 4.64 4.23 3.99 4.05 4.13 4.00
8.15 8.02 7.91 7.93 7.94 8.07 8.36 8.52 8.88 9.18 8.50 7.65 7.79 8.48 8.61 8.35 8.23 8.23 8.22 8.20 8.15 8.16 8.25 8.16 7.96 7.91 7.91 7.88 7.84 7.80 7.75 7.70 7.64 7.59 7.53 7.47 7.40 7.34 7.26 7.18 7.10 7.01 6.91 6.81 6.73 6.60 6.39 6.19 5.95 5.59 5.44 6.41 8.07 8.95 8.68 6.55 5.30 6.67 8.07 8.28 8.01 7.88 7.74 7.27 6.00 4.21 2.88 2.01 2.00 2.96 3.55 3.67 3.90 4.10 4.05 4.13 4.70 4.83 4.30 3.86 3.64 3.78 3.91 3.74
7.87 7.78 7.67 7.72 7.82 8.03 8.36 8.68 8.89 8.74 8.19 7.56 7.77 8.64 8.75 8.37 8.17 8.17 8.19 8.14 8.09 8.17 8.22 8.03 7.86 7.83 7.84 7.82 7.79 7.75 7.71 7.65 7.60 7.54 7.48 7.42 7.36 7.29 7.22 7.14 7.06 6.97 6.88 6.78 6.68 6.56 6.42 6.27 6.11 5.88 5.78 6.49 7.93 8.57 7.92 6.30 5.99 7.44 8.17 7.91 7.51 7.18 7.02 6.76 5.85 4.48 2.97 1.74 2.12 3.33 3.73 3.82 4.19 4.37 4.19 4.35 4.77 4.42 3.81 3.53 3.40 3.58 3.71 3.55
7.58 7.55 7.51 7.58 7.75 8.02 8.37 8.83 9.00 8.71 8.29 7.85 8.06 8.49 8.44 8.37 8.26 8.18 8.18 8.04 8.01 8.10 8.04 7.85 7.73 7.74 7.78 7.78 7.75 7.70 7.65 7.60 7.54 7.49 7.43 7.37 7.31 7.24 7.17 7.10 7.02 6.94 6.85 6.75 6.65 6.56 6.46 6.36 6.24 6.09 5.94 6.30 7.46 8.05 7.16 6.10 6.76 7.87 7.90 7.44 6.96 6.56 6.45 6.34 5.67 4.57 2.93 1.74 2.55 3.71 3.93 4.12 4.48 4.51 4.31 4.43 4.47 3.90 3.45 3.33 3.28 3.41 3.50 3.43
7.29 7.26 7.36 7.53 7.72 8.07 8.54 9.01 9.04 8.75 8.41 8.02 8.02 8.03 7.98 8.28 8.34 8.25 8.12 7.91 7.95 7.95 7.83 7.68 7.59 7.67 7.77 7.77 7.72 7.64 7.58 7.54 7.49 7.44 7.38 7.32 7.26 7.19 7.13 7.06 6.98 6.90 6.81 6.72 6.64 6.56 6.49 6.42 6.31 6.21 5.99 6.17 7.18 7.49 6.47 6.17 7.38 7.97 7.57 7.06 6.55 6.27 6.20 5.91 5.34 4.41 2.78 2.18 3.27 4.02 4.11 4.38 4.71 4.56 4.31 4.23 3.95 3.56 3.29 3.17 3.18 3.23 3.33 3.46
6.95 6.98 7.22 7.53 7.83 8.25 8.70 8.99 8.91 8.69 8.46 8.11 7.85 7.76 7.79 8.05 8.28 8.29 8.08 7.92 7.91 7.78 7.68 7.58 7.52 7.66 7.81 7.78 7.63 7.55 7.53 7.49 7.43 7.38 7.32 7.27 7.21 7.15 7.08 7.01 6.94 6.86 6.78 6.70 6.63 6.57 6.50 6.43 6.34 6.26 6.12 6.28 6.99 7.09 6.21 6.37 7.63 7.92 7.38 6.94 6.48 6.13 5.77 5.21 4.89 4.17 2.85 3.00 3.94 4.20 4.24 4.56 4.87 4.56 4.13 3.84 3.58 3.43 3.16 2.97 3.05 3.05 3.24 3.73
6.55 6.72 7.15 7.59 8.02 8.32 8.55 8.77 8.75 8.53 8.47 8.37 7.92 7.69 7.70 7.88 8.17 8.18 8.08 8.00 7.81 7.58 7.53 7.50 7.43 7.61 7.83 7.68 7.49 7.50 7.49 7.42 7.37 7.32 7.27 7.21 7.15 7.09 7.03 6.97 6.89 6.82 6.75 6.68 6.61 6.55 6.49 6.42 6.36 6.30 6.28 6.35 6.74 6.89 6.16 6.22 7.56 7.90 7.43 7.06 6.30 5.31 4.65 4.61 4.76 4.12 3.51 3.96 4.31 4.27 4.34 4.70 4.96 4.47 3.83 3.54 3.51 3.36 2.92 2.76 2.87 2.97 3.42 4.17
6.22 6.55 7.25 7.77 8.13 8.28 8.30 8.50 8.59 8.40 8.57 8.73 8.01 7.46 7.57 7.82 7.95 7.88 7.91 7.98 7.73 7.44 7.44 7.45 7.34 7.56 7.78 7.55 7.45 7.51 7.42 7.34 7.30 7.26 7.21 7.16 7.10 7.04 6.98 6.92 6.85 6.78 6.72 6.65 6.59 6.52 6.47 6.41 6.36 6.33 6.33 6.34 6.54 6.67 6.14 6.19 7.35 7.86 7.52 6.90 5.39 3.73 3.72 4.73 5.14 4.71 4.50 4.48 4.35 4.31 4.40 4.77 4.93 4.26 3.62 3.48 3.50 3.16 2.58 2.51 2.77 3.16 3.92 4.84
5.83 6.39 7.36 7.82 8.12 8.38 8.26 8.31 8.59 8.67 8.96 8.93 8.00 7.40 7.54 7.68 7.66 7.57 7.69 7.97 7.78 7.39 7.40 7.45 7.38 7.55 7.65 7.48 7.45 7.46 7.32 7.26 7.24 7.20 7.15 7.10 7.04 6.99 6.93 6.87 6.80 6.74 6.68 6.61 6.55 6.49 6.44 6.39 6.35 6.33 6.32 6.32 6.40 6.42 6.21 6.38 7.10 7.54 7.30 6.33 4.32 3.10 4.11 5.39 5.62 5.28 4.84 4.39 4.24 4.32 4.38 4.74 4.82 4.13 3.65 3.48 3.29 2.84 2.29 2.36 3.00 3.83 4.98 6.38
5.52 6.38 7.47 7.79 8.37 8.84 8.30 7.98 8.51 9.08 9.26 8.70 7.96 7.61 7.40 7.33 7.46 7.50 7.66 7.98 7.73 7.28 7.39 7.51 7.37 7.36 7.36 7.33 7.35 7.34 7.24 7.18 7.17 7.14 7.09 7.04 6.99 6.94 6.88 6.82 6.75 6.69 6.63 6.57 6.51 6.46 6.40 6.36 6.32 6.30 6.28 6.27 6.27 6.25 6.26 6.39 6.69 6.82 6.69 5.87 4.12 3.68 4.85 5.71 5.74 5.31 4.69 4.21 4.20 4.33 4.36 4.66 4.71 4.12 3.61 3.30 2.99 2.55 2.24 2.73 3.78 4.99 6.49 7.30
5.96 6.93 7.95 8.31 9.25 9.61 8.28 7.47 8.37 9.46 9.33 8.42 7.97 7.66 7.20 7.09 7.41 7.62 7.68 7.71 7.39 7.17 7.43 7.50 7.24 6.98 6.98 7.24 7.33 7.31 7.23 7.14 7.13 7.09 7.04 6.99 6.94 6.88 6.82 6.76 6.70 6.64 6.58 6.52 6.47 6.42 6.37 6.32 6.29 6.25 6.22 6.20 6.18 6.18 6.20 6.24 6.28 6.20 6.13 5.69 4.56 4.41 5.23 5.73 5.62 5.05 4.52 4.30 4.32 4.34 4.30 4.49 4.62 4.06 3.37 3.09 2.81 2.42 2.43 3.32 4.46 5.70 6.83 6.60
6.67 7.30 8.23 8.78 9.64 9.56 7.84 7.16 8.84 10.26 9.80 8.73 8.20 7.76 7.32 7.18 7.36 7.61 7.51 7.23 7.10 7.18 7.37 7.44 6.89 6.23 6.73 7.43 7.43 7.35 7.25 7.12 7.09 7.05 6.98 6.93 6.88 6.83 6.77 6.70 6.64 6.58 6.53 6.47 6.42 6.37 6.32 6.28 6.24 6.20 6.17 6.14 6.11 6.09 6.08 6.06 6.01 5.91 5.82 5.56 4.99 4.89 5.37 5.60 5.26 4.74 4.54 4.53 4.43 4.25 4.07 4.37 4.63 3.91 3.18 2.99 2.71 2.50 2.71 3.65 4.73 5.59 5.98 5.99
7.12 7.41 7.98 8.43 8.95 8.63 6.99 6.97 9.27 10.62 9.49 8.15 7.77 7.45 7.16 7.02 7.06 7.30 7.21 6.93 6.97 7.09 7.26 7.29 6.19 5.50 6.85 7.80 7.60 7.39 7.24 7.12 7.06 7.00 6.91 6.87 6.83 6.77 6.70 6.64 6.58 6.53 6.47 6.42 6.37 6.32 6.27 6.23 6.19 6.15 6.11 6.07 6.04 6.00 5.96 5.92 5.85 5.76 5.63 5.45 5.21 5.15 5.30 5.23 4.88 4.64 4.67 4.60 4.36 3.98 3.86 4.50 4.64 3.65 3.00 2.84 2.76 2.72 2.95 3.65 4.44 4.89 5.04 6.31
7.36 7.45 7.80 8.06 8.22 8.04 7.14 7.17 9.12 10.03 7.94 6.58 6.58 6.47 6.46 6.45 6.59 6.94 7.02 6.82 6.77 6.92 7.17 7.00 5.86 5.61 7.11 8.03 7.75 7.37 7.23 7.13 7.05 6.93 6.82 6.80 6.78 6.71 6.63 6.58 6.52 6.46 6.41 6.36 6.31 6.26 6.22 6.17 6.13 6.09 6.05 6.01 5.97 5.92 5.87 5.81 5.73 5.64 5.52 5.39 5.27 5.19 5.14 5.00 4.81 4.73 4.66 4.51 4.23 3.90 4.01 4.62 4.46 3.31 2.74 2.77 2.91 2.89 2.92 3.25 3.68 4.21 5.01 7.34
7.45 7.55 7.75 7.75 7.78 7.87 7.66 7.80 8.90 8.94 7.04 6.28 6.32 6.18 6.20 6.17 6.36 6.76 6.88 6.68 6.67 6.96 7.14 6.91 6.19 6.02 7.02 7.88 7.72 7.38 7.20 7.05 7.02 6.87 6.74 6.78 6.73 6.62 6.56 6.51 6.45 6.40 6.35 6.29 6.25 6.20 6.16 6.12 6.08 6.04 5.99 5.95 5.89 5.84 5.79 5.72 5.64 5.55 5.45 5.34 5.24 5.15 5.07 4.96 4.83 4.73 4.57 4.43 4.20 4.09 4.20 4.42 4.07 2.96 2.59 2.77 3.00 2.91 2.61 2.73 3.23 4.12 5.90 8.11
7.60 7.73 7.66 7.41 7.57 7.87 7.92 8.11 8.40 7.79 6.88 6.67 6.53 6.36 6.37 6.35 6.47 6.72 6.76 6.62 6.78 7.07 7.12 6.96 6.38 6.09 6.76 7.49 7.61 7.47 7.13 6.94 7.03 6.93 6.78 6.73 6.63 6.53 6.47 6.43 6.39 6.33 6.27 6.23 6.18 6.14 6.10 6.06 6.02 5.98 5.93 5.89 5.83 5.78 5.71 5.64 5.57 5.48 5.39 5.30 5.20 5.11 5.02 4.91 4.79 4.67 4.54 4.39 4.29 4.26 4.16 4.04 3.63 2.88 2.68 2.90 3.05 2.84 2.35 2.46 3.30 4.86 7.06 7.87
