windninja/windninja_output/Output_2025-10-23_0500-0550_Google earth_Fire_150m_10min/merlingen_7.5mi_point_10-23-2025_0510_150m_ang.asc
ncols	158
nrows	163
xllcorner	391686.332397
yllcorner	5160024.123721
cellsize	150.000000
NODATA_value	-32768.000000
[rows 0 to 45 of 163, columns 0 to 95 of 158]
108 106 104 103 103 105 105 101 97 97 96 87 70 60 62 71 81 86 91 101 108 102 89 87 91 96 95 89 87 87 86 85 85 83 82 86 90 90 90 89 86 86 87 88 91 94 97 100 100 99 99 99 99 100 98 95 91 90 91 92 92 89 86 84 82 80 79 83 88 92 92 89 86 83 82 83 83 83 85 86 84 79 77 78 80 78 73 70 70 68 66 66 65 62 60 60
110 108 106 106 105 104 102 100 98 98 96 89 75 67 70 77 85 91 97 103 108 107 99 93 92 94 95 93 90 89 87 87 86 86 87 89 90 92 93 92 91 91 91 92 95 97 99 102 103 102 100 99 98 97 95 93 92 92 92 93 92 90 89 88 86 84 84 85 88 91 92 90 87 86 86 85 83 84 86 87 83 80 79 79 79 79 77 74 72 71 70 70 68 67 64 64
113 111 109 109 107 104 101 100 101 102 102 98 89 83 83 87 92 98 102 103 106 111 111 102 94 92 94 96 94 91 90 90 90 91 93 93 93 95 96 96 97 98 98 99 101 102 102 103 104 104 102 100 97 94 94 94 95 95 94 93 93 94 93 92 91 90 89 89 90 91 91 90 90 91 90 88 85 86 88 87 83 81 82 81 80 83 83 79 76 76 78 78 76 75 74 73
114 111 110 109 107 107 107 107 108 110 109 106 100 95 93 95 97 100 101 100 102 107 113 110 101 96 96 96 96 94 93 93 94 97 98 98 97 96 97 100 101 102 103 104 105 105 105 104 103 104 104 101 98 96 97 97 97 97 96 95 95 95 95 93 93 93 92 91 92 91 91 91 92 92 91 90 90 89 88 86 84 82 83 83 84 87 86 83 81 81 81 83 84 83 83 84
115 112 109 109 108 110 112 113 112 111 109 109 106 102 101 99 98 99 98 97 99 105 113 117 109 103 101 100 99 99 97 96 98 100 101 100 99 99 101 104 106 107 107 107 107 106 105 104 103 102 101 99 98 97 96 97 97 97 97 97 96 96 95 95 94 95 94 93 92 91 91 92 92 92 91 91 92 91 89 86 85 85 85 86 87 88 90 92 90 88 85 87 91 92 94 95
115 113 111 110 110 112 114 113 111 108 107 110 113 108 104 101 97 95 95 94 96 102 111 120 116 109 105 102 102 102 101 100 101 101 102 102 103 105 107 108 109 109 108 107 105 104 103 102 101 99 97 96 97 96 96 96 97 98 99 98 97 97 97 96 96 96 95 94 93 92 90 91 94 95 93 91 92 94 91 85 84 88 90 89 89 89 92 97 99 98 96 95 97 100 102 101
114 113 113 113 112 112 112 111 109 107 109 113 118 112 104 101 98 94 94 96 97 100 107 118 119 113 108 106 105 104 104 103 102 102 102 105 107 108 108 107 108 107 106 104 102 101 100 100 99 98 96 96 96 96 96 97 98 99 100 100 100 100 99 97 97 97 97 96 95 93 92 93 95 97 96 94 93 93 91 85 86 93 94 93 91 90 92 98 103 106 105 102 100 100 101 101
113 113 114 114 112 111 109 107 106 108 112 118 122 115 106 102 100 97 96 97 98 100 104 113 119 117 112 110 108 106 105 104 103 102 103 105 106 106 104 103 103 102 101 100 100 100 99 99 98 97 96 97 97 95 96 98 100 101 102 103 104 103 100 98 96 96 98 98 96 96 97 96 95 96 96 95 93 91 87 86 91 95 97 96 94 93 95 99 104 108 109 107 104 102 102 104
113 112 112 113 112 109 106 105 106 110 115 120 124 119 109 103 102 101 99 98 99 100 102 109 117 122 118 112 110 108 106 105 104 102 102 102 102 100 99 98 97 97 98 98 99 99 98 97 98 98 97 97 97 96 97 99 101 102 103 103 102 101 101 98 95 95 98 99 98 96 97 96 94 93 94 95 93 89 86 89 93 98 102 102 101 101 101 103 108 112 114 113 110 110 111 111
112 112 111 111 111 109 107 107 109 112 115 120 124 121 111 104 103 103 102 101 101 101 102 107 113 121 121 114 112 111 108 106 105 103 101 99 98 97 95 94 95 96 97 97 97 97 97 97 97 98 98 96 97 98 99 99 101 101 99 97 95 97 99 97 96 97 99 100 98 94 93 94 95 94 94 93 92 90 91 95 98 100 105 107 106 106 106 108 113 116 115 114 115 116 114 110
113 112 111 111 111 110 110 110 112 113 115 118 123 122 114 106 104 105 106 105 104 103 103 106 111 117 122 117 112 111 107 104 104 102 100 97 95 95 95 95 95 96 96 96 95 95 96 95 94 95 97 96 97 99 98 96 95 94 91 89 90 92 94 98 100 101 100 98 95 91 92 94 96 96 94 92 92 96 102 104 103 101 104 108 109 111 111 109 111 112 109 109 112 113 110 106
113 112 111 111 111 111 111 112 112 114 115 117 121 122 117 110 107 106 107 107 106 104 103 104 107 110 114 112 109 108 104 101 101 101 98 95 93 94 96 96 95 94 94 93 92 92 92 90 88 89 93 94 94 94 93 91 88 87 85 83 84 86 91 99 102 102 99 96 94 95 96 96 96 98 97 97 99 104 110 112 108 104 104 108 113 116 113 108 108 111 107 104 105 109 108 104
112 112 112 111 111 112 112 112 112 113 114 116 119 121 117 111 110 109 107 108 107 105 103 101 100 100 102 105 105 104 102 101 101 101 97 94 95 96 97 96 95 94 93 91 89 87 83 80 81 85 89 89 89 89 90 90 88 83 79 77 81 85 91 99 102 101 99 98 102 104 101 98 98 103 107 108 108 108 111 114 111 108 108 109 112 114 112 107 107 111 107 101 100 105 105 100
112 112 112 112 112 112 112 112 112 113 114 115 118 119 115 110 109 111 109 107 106 104 101 97 94 94 98 102 103 102 101 101 101 99 97 96 96 97 96 95 94 91 87 85 84 81 77 74 77 83 86 87 87 86 89 91 90 85 77 77 84 90 95 100 102 101 100 104 111 113 107 103 103 108 112 112 109 107 107 108 110 111 110 108 106 107 107 102 100 103 103 98 95 96 97 94
112 112 112 112 112 112 111 112 112 113 114 115 118 121 116 110 109 112 111 107 104 101 97 94 92 94 98 100 101 100 99 100 101 100 100 99 96 93 91 89 86 81 77 80 82 80 80 81 80 80 84 88 88 89 91 93 95 93 87 86 91 97 102 104 103 103 105 108 113 119 118 111 109 109 110 110 108 104 100 103 108 110 108 104 100 99 100 96 90 91 94 92 88 87 90 91
112 112 112 112 112 111 111 111 112 112 113 115 118 122 120 113 110 110 111 108 104 101 98 95 94 97 100 100 99 100 101 102 102 100 98 95 90 86 83 80 79 77 78 83 86 84 86 90 88 84 87 92 95 97 97 96 98 101 100 97 98 102 106 106 103 103 108 110 113 122 126 117 110 108 108 109 106 101 101 105 108 108 104 99 95 92 90 87 83 82 85 87 86 85 88 91
112 112 112 112 112 111 112 112 112 112 113 115 117 121 121 114 109 108 108 107 105 102 100 97 97 98 100 101 101 102 103 100 96 92 87 85 85 83 81 81 82 84 88 89 89 89 90 91 94 96 96 98 101 101 99 96 95 101 107 104 103 104 106 107 104 103 107 111 114 119 125 120 112 111 113 110 107 105 107 107 105 101 98 93 89 86 83 80 82 86 88 88 87 87 88 90
112 112 112 112 112 112 112 112 112 112 113 114 115 118 119 114 108 106 105 105 103 101 100 100 98 97 98 101 102 101 98 93 86 81 80 83 86 87 87 88 90 92 92 91 90 91 93 95 99 103 104 103 102 100 98 96 96 101 108 108 105 105 106 107 107 105 106 110 112 114 119 122 119 118 118 114 112 110 107 101 95 93 91 86 82 82 81 81 87 95 97 92 88 88 89 88
112 112 112 112 112 112 112 112 112 112 112 113 114 115 116 113 109 105 103 101 100 99 100 99 98 96 97 99 100 97 92 86 81 81 83 86 89 91 91 92 93 93 92 92 92 93 98 102 102 102 103 104 102 100 99 100 101 102 106 108 105 103 104 107 108 107 106 106 108 111 117 124 122 119 120 117 112 106 97 90 88 90 89 86 84 83 85 87 91 97 103 98 93 92 90 88
112 112 112 112 112 112 112 112 112 112 112 112 113 113 113 112 108 104 101 100 100 100 100 100 99 98 97 97 96 94 90 85 82 83 86 88 90 93 95 96 96 95 94 94 95 98 101 104 103 100 100 102 104 105 105 104 103 102 104 105 103 100 102 106 107 107 105 105 109 114 120 124 121 118 119 118 109 99 92 90 91 93 95 95 92 89 88 89 91 96 104 105 97 94 93 91
112 112 112 112 112 112 111 111 111 112 111 111 112 112 111 110 107 105 103 102 102 102 102 101 100 99 97 96 95 94 91 87 85 87 91 94 96 99 101 99 98 96 95 96 99 101 101 101 102 101 101 103 106 109 109 106 104 103 102 102 101 99 102 106 108 108 109 110 113 117 119 119 116 114 117 119 112 102 97 96 98 99 100 101 99 94 91 89 92 97 104 108 99 95 96 96
112 112 112 112 112 112 111 111 111 111 111 111 111 111 110 109 108 106 105 104 104 103 103 102 100 99 97 96 95 94 93 91 91 95 99 100 99 100 100 98 96 95 96 98 99 100 100 102 104 104 103 104 106 108 109 107 106 105 102 100 99 99 102 107 109 111 114 115 115 115 114 111 109 110 115 121 119 108 101 99 100 100 99 102 104 99 94 92 95 99 105 110 102 96 98 100
112 112 112 112 112 112 112 111 111 111 111 111 110 110 110 109 108 107 106 105 105 104 103 102 101 99 97 96 95 95 96 98 100 100 100 100 97 95 95 96 96 96 97 97 98 100 103 105 106 105 104 105 105 106 109 110 109 108 105 100 99 100 102 108 113 117 119 117 114 110 106 106 106 108 115 125 127 115 105 100 97 97 98 102 106 104 101 99 99 100 104 109 103 97 99 101
112 112 112 112 112 112 111 111 110 111 111 111 110 110 110 109 109 108 107 106 105 105 104 103 101 99 96 94 93 95 99 103 103 99 97 96 94 93 94 96 98 99 98 97 100 105 106 105 105 105 104 104 105 106 109 111 110 110 108 103 99 100 103 111 118 121 120 115 107 101 100 101 105 110 116 125 129 119 110 102 96 95 97 99 105 109 109 104 100 100 102 105 101 98 98 100
112 112 112 112 112 111 111 111 110 111 111 111 110 110 110 109 109 108 107 107 106 105 104 103 101 98 94 91 92 97 101 104 103 99 96 94 93 94 97 99 101 101 101 102 105 106 104 102 103 104 104 104 106 108 109 111 111 110 109 106 101 101 106 113 118 118 113 105 96 92 95 101 108 113 116 119 121 119 115 107 99 97 97 96 101 108 111 107 102 100 101 103 100 98 98 100
112 112 112 112 112 111 111 111 111 111 110 110 110 110 109 109 109 108 108 107 106 105 105 104 102 98 92 90 93 97 101 104 105 104 99 96 93 95 99 103 104 105 106 106 105 103 101 101 103 104 105 105 106 107 109 112 112 108 106 106 106 109 113 115 115 113 107 98 90 89 97 108 113 115 116 115 111 115 119 116 109 103 100 97 99 105 110 108 104 102 104 108 102 99 99 99
112 112 112 112 112 112 111 111 111 110 110 110 110 110 109 109 109 108 108 107 107 106 106 105 103 99 94 92 94 96 100 103 106 107 104 99 95 96 101 106 108 109 110 108 105 104 102 102 104 106 105 104 105 107 112 116 113 105 105 109 113 115 115 114 110 106 101 94 89 94 103 111 115 115 118 117 106 108 119 124 117 110 105 102 101 103 107 105 102 102 107 115 107 100 98 98
113 112 112 112 112 112 112 111 111 110 110 110 109 109 109 109 109 109 108 107 107 107 107 107 105 103 100 96 96 96 97 101 105 108 107 104 100 98 101 108 111 111 112 111 109 109 107 104 104 107 108 106 107 110 114 120 116 107 110 115 115 114 113 109 103 97 93 90 94 101 106 111 114 115 120 121 107 105 114 125 122 116 111 108 105 102 100 98 97 98 105 116 114 103 98 98
113 112 112 112 112 112 112 111 110 110 109 109 109 109 110 110 109 109 109 108 109 109 109 109 109 110 109 104 100 96 95 99 104 107 110 113 111 105 105 111 115 115 115 114 113 114 111 106 104 108 113 109 108 110 113 122 124 112 111 114 115 113 110 106 101 96 92 93 101 106 108 109 112 113 117 120 110 103 105 116 123 122 116 110 105 99 95 96 95 94 98 110 116 110 104 101
113 113 112 112 111 111 111 111 110 110 109 109 109 109 110 110 110 110 110 109 109 109 109 110 112 116 116 111 104 98 95 96 101 107 116 125 123 114 111 116 119 119 119 116 116 117 114 112 109 111 115 112 109 107 109 119 126 114 109 110 113 110 104 99 96 95 97 101 104 108 109 109 108 108 114 119 114 103 99 107 120 125 119 110 103 98 98 100 97 93 92 100 111 114 110 105
113 113 112 111 111 111 111 111 110 110 110 109 109 109 109 110 110 110 110 110 110 110 110 112 115 119 119 114 107 100 95 94 100 109 120 131 129 119 115 118 120 119 119 116 115 117 116 116 113 111 112 110 106 102 102 109 114 111 107 106 107 106 97 89 91 97 103 105 103 105 108 104 100 104 115 120 116 105 99 103 115 125 121 112 106 105 105 103 99 93 89 91 99 108 109 107
113 113 113 112 111 111 112 111 110 110 110 109 109 109 109 110 110 110 110 110 110 111 112 113 117 120 120 116 111 103 99 100 104 109 116 130 129 119 116 117 117 115 114 111 110 113 113 112 109 104 104 104 101 97 95 97 103 106 106 103 102 101 93 86 91 101 109 108 103 102 104 101 103 111 121 122 117 108 101 102 110 121 121 115 111 109 106 101 96 92 88 86 89 98 106 108
113 113 113 112 111 111 111 111 110 110 110 109 109 109 109 109 110 110 110 111 111 112 114 115 117 120 122 122 121 115 111 109 108 105 109 125 128 118 114 112 109 108 108 106 106 108 108 106 102 100 100 100 99 96 93 95 102 103 102 101 99 99 94 89 94 103 114 114 104 101 102 107 112 119 124 124 121 112 104 101 104 111 114 114 112 108 104 99 94 92 90 87 87 93 102 110
113 112 112 112 111 111 111 110 110 110 110 110 109 109 109 109 110 110 111 112 112 113 115 117 118 121 123 125 128 123 115 110 106 102 104 120 127 116 110 108 105 105 105 103 103 104 103 100 98 98 99 99 99 97 94 97 104 103 98 96 97 101 104 96 95 101 112 116 108 102 106 113 116 121 125 126 125 118 108 100 97 100 106 111 113 109 104 102 98 93 91 90 92 97 104 113
113 113 112 112 111 111 111 110 110 110 110 110 109 109 109 109 110 110 111 112 112 114 116 118 119 121 123 126 128 124 115 109 106 104 105 114 125 115 108 106 103 100 99 98 98 100 100 97 97 98 98 97 98 97 97 99 104 104 97 93 94 102 113 106 96 97 105 114 113 110 111 113 113 117 122 125 125 120 110 98 92 94 99 105 112 113 105 103 102 97 94 95 98 102 107 114
114 114 113 112 112 112 111 111 110 110 110 110 110 109 109 110 110 111 111 112 113 114 116 117 119 120 123 127 128 123 117 114 112 110 107 108 115 112 104 100 97 93 93 95 97 99 99 99 100 100 99 98 98 100 102 103 104 103 100 94 92 99 114 113 100 95 100 110 116 116 113 108 106 110 116 121 122 115 108 101 94 92 92 95 103 112 109 104 105 103 101 101 101 102 105 111
115 114 113 112 111 111 111 111 110 110 110 110 110 110 110 110 110 111 111 112 113 114 115 117 118 121 124 128 128 124 122 120 117 111 105 101 102 101 96 92 91 91 94 97 99 100 101 102 102 100 100 102 102 104 106 106 104 103 101 96 94 99 111 117 107 97 98 106 114 115 108 101 100 107 115 120 120 112 106 106 103 94 89 87 93 108 116 109 106 109 108 104 101 100 104 112
115 115 114 112 111 110 111 110 110 110 110 110 110 110 110 111 111 111 112 112 113 114 115 116 119 122 125 130 131 126 125 122 116 109 102 98 93 87 86 89 92 95 98 100 101 102 104 104 103 102 104 107 107 106 107 108 106 104 102 99 97 99 109 118 113 102 99 103 108 108 101 99 105 113 119 117 119 118 108 106 108 102 93 87 91 103 118 117 109 110 111 105 102 104 107 111
115 115 114 112 111 111 110 110 110 110 111 111 111 110 110 111 111 112 112 112 113 114 115 116 118 121 126 132 131 124 122 119 114 109 102 96 85 82 88 93 97 100 103 104 104 105 108 109 108 106 109 113 113 108 108 112 113 109 106 104 101 100 105 114 115 105 100 101 102 100 102 109 114 118 118 113 119 129 112 104 109 108 99 94 95 101 114 122 115 112 110 107 105 106 105 104
114 114 113 112 111 111 110 110 111 111 111 111 111 110 111 111 111 112 112 112 113 114 115 116 118 121 126 130 127 120 117 116 114 110 103 93 85 90 93 96 100 103 106 109 109 108 109 112 112 109 109 114 119 117 114 117 120 117 112 107 103 98 96 104 112 106 101 99 98 102 111 115 116 114 112 112 121 139 123 105 104 105 102 100 98 100 109 121 120 113 110 107 106 104 101 100
114 114 113 112 112 112 112 111 112 112 111 111 111 111 111 112 112 112 112 113 114 114 115 116 117 120 123 125 123 118 115 115 115 110 102 95 96 99 98 99 103 107 110 113 112 110 111 115 117 112 109 114 123 124 118 116 120 119 111 105 98 90 86 93 106 107 100 99 101 109 114 113 108 110 112 114 125 147 134 109 100 100 102 103 100 101 110 119 120 114 110 105 101 99 99 102
115 114 114 113 113 113 113 112 112 112 112 112 112 112 112 112 112 112 113 113 114 114 115 115 117 119 120 122 122 119 116 115 115 111 107 105 105 106 106 107 110 112 113 114 115 116 116 117 119 116 111 114 122 123 116 109 109 109 104 96 90 86 87 91 100 106 102 101 108 112 111 106 106 115 117 117 128 150 136 111 100 100 101 102 104 107 112 116 116 114 111 103 95 94 99 104
115 115 115 114 113 113 114 113 112 113 113 113 113 113 112 112 112 113 113 113 114 114 115 115 116 117 119 120 122 120 117 115 115 115 117 117 116 116 117 116 113 111 110 113 117 118 115 111 112 113 110 109 114 116 111 104 99 97 94 90 89 93 97 96 98 105 108 109 111 113 107 105 110 119 120 120 130 151 138 115 106 104 103 105 109 110 107 105 107 110 109 103 95 95 101 107
116 115 115 115 115 114 114 114 113 113 114 113 113 113 113 112 113 113 113 113 114 114 115 115 115 117 118 119 121 120 117 115 116 119 123 127 125 121 120 117 111 107 109 112 112 110 106 104 106 110 109 107 107 109 106 100 95 91 90 91 94 101 104 103 103 108 114 115 114 114 112 110 114 120 121 122 132 150 137 116 109 109 110 111 110 104 94 93 99 105 107 105 100 99 101 104
116 116 115 115 116 115 114 114 114 114 114 114 113 113 113 113 113 113 113 113 114 114 115 115 115 116 117 118 119 119 117 116 118 121 125 129 126 120 116 113 110 109 109 109 105 101 101 104 109 113 111 107 104 103 99 94 91 89 92 96 101 105 109 111 111 112 114 115 115 117 116 113 113 116 117 117 127 143 125 114 112 114 114 110 103 90 86 90 94 99 103 105 104 102 99 97
116 116 116 116 116 115 115 115 115 114 114 114 114 114 114 114 114 114 114 114 114 115 115 115 115 116 117 117 118 118 118 118 119 122 126 127 124 119 116 114 114 111 108 105 102 101 104 110 113 113 109 102 96 93 91 88 88 92 99 104 107 110 114 118 117 115 112 111 112 114 112 109 106 106 104 101 107 123 115 115 117 117 112 102 89 84 88 90 92 95 100 105 106 103 97 93
