windninja/windninja_output/Output_2025-10-23_0500-0550_Google earth_Fire_150m_10min/merlingen_7.5mi_point_10-23-2025_0530_150m_vel.asc
ncols	158
nrows	163
xllcorner	391686.332397
yllcorner	5160024.123721
cellsize	150.000000
NODATA_value	-32768.000000
[rows 0 to 37 of 163, columns 0 to 83 of 158]
5.80 5.91 6.00 5.92 6.04 6.18 5.81 5.64 5.96 6.01 5.77 5.56 5.89 6.90 7.44 7.18 6.61 6.06 6.15 6.41 5.66 4.81 5.37 5.98 6.08 5.82 5.38 5.36 5.71 5.70 5.59 5.65 5.66 5.50 5.55 5.79 5.46 5.26 5.35 5.12 5.13 5.31 5.24 5.25 5.28 5.15 5.17 5.00 4.82 4.89 4.85 4.83 4.90 4.83 4.66 4.61 4.62 4.69 4.77 4.67 4.48 4.48 4.51 4.49 4.47 4.48 4.61 4.69 4.63 4.45 4.26 4.17 4.17 4.22 4.32 4.29 4.18 4.22 4.23 4.11 4.00 3.93 4.11 4.20
5.59 5.89 6.02 5.87 6.09 6.13 5.67 5.58 5.98 6.00 5.60 5.05 5.05 6.11 7.15 7.46 7.06 6.39 6.53 6.71 5.59 4.52 4.84 5.73 6.23 6.00 5.41 5.27 5.58 5.63 5.56 5.63 5.64 5.52 5.54 5.85 5.61 5.38 5.40 5.11 5.09 5.26 5.24 5.39 5.42 5.25 5.31 5.16 4.84 4.80 4.81 4.81 4.85 4.78 4.60 4.55 4.60 4.69 4.82 4.69 4.43 4.39 4.44 4.44 4.34 4.34 4.55 4.76 4.80 4.54 4.22 4.08 4.10 4.18 4.28 4.22 4.13 4.30 4.34 4.05 3.85 3.86 4.07 4.18
5.25 5.84 5.98 5.78 6.08 5.79 5.39 5.64 6.04 5.93 5.21 4.10 3.83 4.92 6.58 7.83 7.75 7.06 7.15 6.91 5.63 4.44 4.23 5.04 6.11 6.20 5.60 5.27 5.36 5.44 5.56 5.62 5.59 5.61 5.68 5.80 5.75 5.61 5.45 5.17 5.14 5.21 5.28 5.62 5.60 5.40 5.43 5.34 4.91 4.66 4.72 4.72 4.68 4.68 4.56 4.53 4.62 4.69 4.81 4.73 4.46 4.32 4.35 4.38 4.22 4.19 4.47 4.86 5.04 4.68 4.13 3.98 4.08 4.18 4.22 4.05 4.02 4.45 4.49 3.94 3.55 3.81 4.06 3.99
5.05 5.74 5.92 5.73 5.95 5.44 5.28 5.92 6.20 5.80 4.72 3.39 3.36 4.42 6.08 8.00 8.16 7.57 7.38 6.86 5.85 4.93 4.19 4.31 5.54 6.06 5.80 5.47 5.24 5.32 5.61 5.71 5.71 5.80 5.77 5.71 5.72 5.71 5.57 5.38 5.30 5.27 5.50 5.79 5.68 5.51 5.42 5.25 4.94 4.74 4.66 4.49 4.49 4.65 4.64 4.59 4.65 4.68 4.70 4.71 4.56 4.32 4.27 4.33 4.21 4.17 4.40 4.87 5.15 4.69 4.09 4.03 4.17 4.18 4.10 3.92 3.98 4.45 4.52 3.85 3.30 3.75 4.13 3.84
4.97 5.55 5.83 5.73 5.85 5.47 5.56 6.22 6.23 5.39 4.10 3.07 3.10 4.28 6.27 8.06 8.38 7.80 7.26 6.89 6.30 5.56 4.52 4.01 4.99 5.64 5.68 5.52 5.23 5.30 5.58 5.86 6.09 6.05 5.76 5.67 5.70 5.76 5.81 5.65 5.43 5.42 5.75 5.85 5.66 5.51 5.31 5.05 4.92 4.82 4.54 4.33 4.41 4.64 4.71 4.66 4.68 4.69 4.66 4.67 4.59 4.33 4.22 4.29 4.24 4.20 4.35 4.86 5.16 4.61 4.11 4.14 4.24 4.14 4.01 3.96 4.04 4.30 4.36 3.84 3.26 3.57 4.13 3.97
5.12 5.42 5.65 5.74 5.90 5.79 5.98 6.31 5.83 4.72 3.74 3.12 2.96 4.28 6.61 7.84 8.29 7.92 7.14 6.93 6.79 6.29 5.04 4.12 4.59 5.21 5.31 5.32 5.24 5.26 5.46 5.95 6.38 6.23 5.83 5.71 5.86 5.99 6.04 5.85 5.56 5.59 5.81 5.73 5.51 5.40 5.19 4.96 4.87 4.67 4.42 4.36 4.45 4.60 4.73 4.77 4.77 4.76 4.69 4.62 4.54 4.32 4.21 4.28 4.28 4.23 4.31 4.84 5.08 4.48 4.14 4.31 4.37 4.08 3.87 4.02 4.20 4.25 4.02 3.65 3.46 3.65 4.07 4.10
5.35 5.47 5.54 5.72 6.00 6.05 6.21 6.07 5.23 4.29 3.71 3.30 3.07 4.37 6.74 7.60 7.83 7.82 7.32 7.06 7.14 6.95 5.74 4.42 4.41 4.76 4.89 5.09 5.19 5.14 5.40 6.04 6.41 6.21 6.03 6.07 6.16 6.19 6.08 5.85 5.64 5.63 5.67 5.54 5.35 5.29 5.13 4.93 4.77 4.48 4.30 4.43 4.55 4.60 4.79 4.91 4.89 4.84 4.73 4.61 4.50 4.28 4.17 4.26 4.32 4.25 4.33 4.82 4.95 4.34 4.13 4.52 4.56 4.02 3.74 4.00 4.31 4.28 3.63 3.35 3.79 4.02 4.01 4.06
5.47 5.59 5.63 5.72 5.98 6.10 6.14 5.70 4.88 4.26 3.89 3.54 3.37 4.49 6.57 7.46 7.28 7.49 7.51 7.19 7.36 7.44 6.42 5.01 4.38 4.29 4.63 5.05 5.01 4.94 5.48 6.12 6.23 6.11 6.29 6.48 6.34 6.13 5.98 5.80 5.66 5.59 5.54 5.43 5.31 5.24 5.07 4.90 4.67 4.34 4.24 4.48 4.53 4.58 4.96 5.12 5.01 4.95 4.82 4.68 4.49 4.13 4.02 4.19 4.34 4.34 4.44 4.79 4.82 4.27 4.14 4.64 4.60 4.03 3.73 3.89 4.28 4.18 3.34 3.24 4.19 4.37 3.95 3.96
5.51 5.67 5.79 5.76 5.83 5.93 5.88 5.44 4.89 4.49 4.20 3.89 3.66 4.41 6.32 7.26 7.04 7.21 7.42 7.33 7.56 7.68 6.94 5.72 4.62 4.10 4.48 4.95 4.71 4.78 5.68 6.09 5.92 6.11 6.57 6.66 6.28 5.96 5.87 5.78 5.67 5.61 5.52 5.43 5.40 5.20 4.98 4.90 4.62 4.18 4.28 4.56 4.38 4.50 5.21 5.38 5.13 5.06 4.93 4.67 4.36 3.96 3.79 3.98 4.26 4.53 4.67 4.77 4.64 4.27 4.27 4.58 4.45 4.07 3.80 3.83 4.15 3.93 3.26 3.49 4.53 4.66 4.04 3.89
5.52 5.68 5.89 5.83 5.69 5.69 5.64 5.39 5.08 4.77 4.52 4.22 3.89 4.32 5.84 6.94 7.07 7.14 7.14 7.38 7.72 7.72 7.33 6.25 5.08 4.27 4.20 4.65 4.58 4.80 5.85 5.97 5.63 6.11 6.68 6.63 6.13 5.81 5.80 5.80 5.73 5.71 5.61 5.47 5.45 5.19 4.90 4.92 4.63 4.08 4.25 4.57 4.30 4.60 5.41 5.61 5.22 5.02 4.86 4.47 4.22 4.00 3.64 3.61 4.20 4.75 4.89 4.74 4.32 4.15 4.41 4.56 4.34 4.04 3.85 3.82 4.02 3.73 3.31 3.94 4.76 4.86 4.26 3.94
5.55 5.71 5.93 5.84 5.63 5.56 5.57 5.47 5.25 4.96 4.77 4.49 4.12 4.25 5.35 6.63 7.14 7.26 7.05 7.27 7.71 7.74 7.55 6.59 5.47 4.65 3.98 4.23 4.62 4.96 5.76 5.79 5.49 6.02 6.55 6.45 6.03 5.74 5.79 5.86 5.81 5.82 5.72 5.46 5.45 5.30 4.86 4.84 4.66 4.09 4.25 4.51 4.39 4.84 5.42 5.66 5.24 4.82 4.64 4.34 4.30 4.18 3.59 3.53 4.38 4.89 4.94 4.60 3.86 3.94 4.56 4.69 4.35 3.96 3.78 3.78 4.01 3.90 3.67 4.29 4.82 4.88 4.48 4.15
5.63 5.75 5.90 5.82 5.63 5.58 5.62 5.55 5.34 5.10 4.95 4.70 4.34 4.24 5.10 6.48 7.15 7.33 7.19 7.24 7.57 7.69 7.56 6.76 5.76 4.82 3.84 3.99 4.66 5.04 5.45 5.62 5.57 5.93 6.26 6.18 5.97 5.82 5.89 5.87 5.80 5.89 5.73 5.38 5.48 5.45 4.87 4.66 4.64 4.35 4.39 4.43 4.42 4.95 5.34 5.49 5.22 4.74 4.44 4.29 4.47 4.40 3.86 3.95 4.65 4.84 4.78 4.29 3.51 3.89 4.67 4.75 4.42 3.90 3.65 3.83 4.22 4.38 4.33 4.50 4.67 4.78 4.67 4.63
5.73 5.78 5.85 5.79 5.67 5.68 5.68 5.57 5.41 5.22 5.07 4.85 4.49 4.29 5.05 6.53 7.19 7.22 7.32 7.39 7.47 7.48 7.32 6.77 5.87 4.80 4.03 4.17 4.71 5.01 5.27 5.57 5.75 5.84 5.88 5.98 6.01 5.99 5.96 5.74 5.74 5.92 5.59 5.30 5.52 5.47 4.95 4.66 4.77 4.81 4.62 4.38 4.41 4.97 5.43 5.32 5.01 4.61 4.27 4.36 4.74 4.68 4.42 4.54 4.73 4.68 4.52 4.09 3.65 4.08 4.54 4.62 4.57 4.07 3.82 4.15 4.50 4.81 4.75 4.45 4.47 4.74 4.89 5.17
5.79 5.82 5.84 5.79 5.73 5.76 5.69 5.56 5.47 5.33 5.17 4.99 4.58 4.35 5.16 6.64 7.38 7.17 7.24 7.49 7.35 7.10 6.92 6.52 5.79 4.94 4.41 4.52 4.81 5.00 5.30 5.62 5.82 5.68 5.53 5.95 6.17 6.08 5.90 5.58 5.71 5.80 5.37 5.23 5.47 5.37 4.89 4.77 5.15 5.28 4.86 4.47 4.41 4.99 5.66 5.34 4.69 4.19 3.95 4.48 5.12 5.08 5.04 5.00 4.70 4.52 4.40 4.38 4.26 4.11 4.20 4.51 4.82 4.50 4.13 4.21 4.60 4.97 4.73 4.31 4.50 4.87 5.07 5.32
5.85 5.87 5.86 5.82 5.79 5.77 5.68 5.60 5.56 5.43 5.28 5.14 4.72 4.44 5.21 6.79 7.68 7.26 6.99 7.28 7.10 6.65 6.46 6.20 5.76 5.21 4.75 4.79 4.92 4.97 5.43 5.81 5.77 5.54 5.46 5.89 6.12 6.06 5.81 5.48 5.57 5.48 5.40 5.45 5.36 5.20 4.80 4.54 5.06 5.62 5.36 4.70 4.46 5.10 5.79 5.51 4.60 3.74 3.55 4.52 5.54 5.59 5.53 5.12 4.62 4.64 4.70 4.89 4.76 4.11 3.97 4.65 5.07 4.67 4.05 4.08 4.58 4.72 4.50 4.57 4.90 4.98 4.98 5.02
5.91 5.91 5.89 5.86 5.80 5.75 5.70 5.65 5.64 5.52 5.42 5.28 4.98 4.61 5.20 6.99 7.81 7.29 6.77 6.81 6.73 6.30 6.03 5.92 5.84 5.53 4.95 4.84 5.01 5.05 5.61 6.01 5.65 5.45 5.52 5.61 5.82 5.97 5.73 5.55 5.49 5.22 5.49 5.83 5.28 5.03 5.09 4.51 4.38 5.33 5.82 5.11 4.75 5.31 5.67 5.60 4.89 3.74 3.44 4.61 5.84 6.09 5.72 4.78 4.55 5.12 5.16 5.18 5.16 4.31 4.02 4.69 4.97 4.38 3.96 4.15 4.32 4.27 4.49 5.19 5.23 4.71 4.63 4.58
5.95 5.94 5.92 5.88 5.81 5.77 5.75 5.70 5.71 5.65 5.56 5.42 5.27 4.94 5.34 6.92 7.65 7.24 6.69 6.47 6.35 5.99 5.68 5.71 5.94 5.78 5.10 4.80 5.08 5.34 5.79 5.89 5.38 5.29 5.48 5.51 5.67 5.80 5.62 5.57 5.50 5.23 5.59 5.94 5.36 4.98 5.25 4.86 4.43 5.10 5.77 5.43 5.18 5.37 5.38 5.38 5.20 4.25 3.73 4.96 6.12 6.29 5.60 4.44 4.54 5.46 5.58 5.43 5.30 4.56 4.13 4.35 4.58 4.29 4.10 4.08 3.91 4.23 5.05 5.53 4.90 4.20 4.23 4.13
5.97 5.97 5.94 5.90 5.84 5.82 5.80 5.78 5.78 5.76 5.68 5.55 5.48 5.33 5.58 6.60 7.33 7.12 6.65 6.33 6.06 5.72 5.50 5.65 5.93 5.81 5.30 4.96 5.13 5.52 5.73 5.48 5.10 5.18 5.55 5.77 5.77 5.65 5.52 5.58 5.59 5.49 5.66 5.72 5.45 5.23 5.19 5.08 5.18 5.54 5.66 5.46 5.30 5.24 5.10 5.17 5.36 4.92 4.44 5.21 6.17 6.24 5.35 4.46 4.70 5.57 5.97 5.69 5.10 4.57 4.35 4.21 4.47 4.48 4.03 3.84 3.91 4.55 5.30 5.02 4.24 4.00 3.91 3.73
6.00 6.00 5.97 5.92 5.90 5.87 5.86 5.88 5.86 5.80 5.76 5.69 5.65 5.63 5.77 6.34 6.95 6.85 6.46 6.21 5.91 5.64 5.53 5.65 5.80 5.74 5.51 5.23 5.16 5.36 5.40 5.09 4.89 5.11 5.64 6.05 6.04 5.71 5.45 5.66 5.69 5.58 5.70 5.56 5.45 5.55 5.48 5.30 5.49 5.81 5.66 5.34 5.12 5.04 5.04 5.19 5.42 5.31 5.05 5.35 6.07 6.08 5.22 4.74 5.02 5.62 6.09 5.66 4.90 4.89 4.81 4.30 4.39 4.35 3.74 3.63 3.86 4.29 4.76 4.41 4.03 4.03 3.68 3.42
6.03 6.03 6.00 5.96 5.93 5.93 5.94 5.97 5.92 5.80 5.80 5.85 5.81 5.78 5.90 6.20 6.52 6.47 6.25 6.11 5.87 5.70 5.61 5.62 5.69 5.69 5.58 5.37 5.18 5.13 4.98 4.75 4.79 5.14 5.72 6.22 6.33 5.92 5.49 5.72 5.70 5.57 5.70 5.57 5.56 5.87 6.00 5.50 5.30 5.81 5.81 5.39 5.06 4.95 5.16 5.30 5.35 5.45 5.44 5.46 5.79 5.87 5.35 5.05 5.26 5.65 5.91 5.62 5.35 5.50 5.05 4.20 4.08 4.03 3.64 3.41 3.36 3.70 4.22 4.27 4.15 4.09 3.68 3.31
6.08 6.08 6.04 5.97 5.96 5.98 6.01 6.02 5.97 5.82 5.84 5.99 5.93 5.86 5.96 6.08 6.19 6.19 6.13 6.05 5.87 5.73 5.64 5.59 5.62 5.62 5.54 5.36 5.16 4.98 4.65 4.43 4.76 5.35 5.90 6.34 6.57 6.17 5.60 5.66 5.61 5.53 5.65 5.70 5.93 6.16 6.12 5.55 5.24 5.71 5.91 5.61 5.30 5.10 5.17 5.19 5.21 5.41 5.58 5.50 5.45 5.82 5.80 5.36 5.45 5.78 5.82 5.89 6.04 5.68 4.61 3.74 3.71 3.89 3.62 3.02 2.86 3.38 4.03 4.33 4.35 4.16 3.76 3.33
6.15 6.13 6.04 5.99 6.01 6.03 6.05 6.07 6.02 5.89 5.90 6.04 6.01 5.92 5.95 5.99 6.00 6.06 6.09 6.01 5.85 5.71 5.65 5.57 5.51 5.52 5.48 5.31 5.13 4.90 4.46 4.16 4.72 5.71 6.11 6.38 6.71 6.30 5.59 5.50 5.50 5.54 5.74 5.98 6.25 6.24 6.06 5.72 5.48 5.67 5.96 5.85 5.58 5.26 5.05 5.05 5.16 5.28 5.41 5.45 5.33 5.93 6.23 5.64 5.74 6.10 6.04 6.24 6.13 5.04 3.82 3.35 3.58 3.98 3.61 2.80 2.61 3.16 3.88 4.41 4.45 4.04 3.76 3.46
6.20 6.13 6.05 6.06 6.09 6.07 6.06 6.08 6.07 6.02 5.97 6.03 6.07 5.98 5.94 5.94 5.92 6.01 6.07 5.95 5.80 5.70 5.63 5.49 5.38 5.43 5.38 5.24 5.13 4.91 4.43 4.10 4.91 6.00 6.23 6.38 6.56 6.26 5.68 5.41 5.41 5.58 5.89 6.21 6.41 6.40 6.23 5.93 5.66 5.64 5.98 5.94 5.64 5.40 5.15 5.06 5.17 5.19 4.98 5.21 5.47 6.14 6.56 6.17 6.39 6.57 6.27 6.13 5.42 4.17 3.41 3.28 3.76 4.24 3.78 2.87 2.48 2.94 3.71 4.30 4.38 3.95 3.90 3.66
6.21 6.14 6.11 6.16 6.14 6.08 6.05 6.07 6.14 6.17 6.06 6.00 6.06 6.04 5.96 5.92 5.90 5.98 6.03 5.88 5.75 5.69 5.57 5.38 5.28 5.31 5.21 5.17 5.22 5.07 4.60 4.33 5.10 5.95 6.21 6.39 6.32 6.11 5.90 5.57 5.42 5.62 5.91 6.30 6.79 6.76 6.20 5.96 5.73 5.63 5.99 5.94 5.67 5.65 5.41 5.10 5.17 5.08 4.59 4.82 5.56 6.36 7.05 7.25 7.17 6.54 5.81 5.23 4.34 3.64 3.33 3.43 4.18 4.61 3.94 2.79 2.32 2.87 3.50 3.88 4.15 4.03 4.01 3.82
6.24 6.19 6.17 6.21 6.17 6.09 6.05 6.10 6.25 6.29 6.15 5.99 6.00 6.09 6.00 5.93 5.93 5.96 5.97 5.83 5.70 5.65 5.49 5.27 5.16 5.09 4.98 5.15 5.53 5.40 4.85 4.66 5.05 5.66 6.09 6.30 6.24 6.18 6.10 5.80 5.54 5.61 5.86 6.60 7.30 6.66 5.85 5.94 5.87 5.75 5.97 5.97 5.89 5.87 5.57 5.17 5.11 4.88 4.36 4.50 5.44 6.72 7.87 8.10 7.03 5.65 4.77 4.04 3.57 3.47 3.50 3.94 4.89 4.84 3.56 2.40 2.31 2.92 3.28 3.42 3.85 4.08 3.97 3.88
6.29 6.24 6.21 6.22 6.20 6.12 6.06 6.20 6.37 6.33 6.17 6.03 6.03 6.09 6.01 5.96 5.97 5.95 5.92 5.79 5.66 5.58 5.39 5.16 4.97 4.76 4.69 5.24 6.02 5.81 5.09 4.96 5.12 5.36 5.80 6.03 6.16 6.54 6.47 5.97 5.70 5.68 6.05 7.05 7.23 6.09 5.72 6.06 6.04 5.98 5.98 6.08 6.12 5.98 5.71 5.27 4.87 4.53 4.29 4.50 5.64 7.64 8.72 7.92 6.10 4.76 3.91 3.25 3.25 3.61 4.11 4.98 5.37 4.46 2.97 2.10 2.59 3.19 3.20 3.23 3.71 3.98 3.77 3.84
6.31 6.28 6.25 6.25 6.24 6.14 6.12 6.32 6.45 6.31 6.17 6.13 6.12 6.06 5.99 6.01 6.00 5.94 5.88 5.76 5.63 5.50 5.31 5.05 4.76 4.30 4.32 5.44 6.40 6.13 5.46 5.34 5.38 5.25 5.39 5.54 5.92 6.94 7.04 6.21 5.84 5.98 6.45 7.10 6.75 5.66 5.78 6.27 6.29 6.10 5.91 6.16 6.28 6.23 6.05 5.14 4.21 4.19 4.54 5.10 6.90 8.90 8.67 6.77 5.10 4.11 3.27 2.79 3.11 4.06 5.27 5.80 5.11 3.87 2.50 1.86 2.78 3.64 3.44 3.34 3.68 3.76 3.55 3.79
6.31 6.32 6.31 6.29 6.26 6.19 6.22 6.43 6.45 6.27 6.21 6.21 6.18 6.07 6.01 6.06 6.03 5.93 5.84 5.74 5.62 5.47 5.24 4.92 4.50 3.88 3.99 5.46 6.49 6.26 5.98 5.93 5.70 5.36 5.16 5.04 5.57 7.11 7.61 6.58 5.92 6.43 6.73 6.77 6.37 5.53 5.68 6.29 6.58 6.17 5.72 6.22 6.53 6.65 6.26 4.46 3.35 4.19 5.35 6.40 8.17 9.04 7.49 5.35 4.29 3.69 2.94 2.64 3.31 4.78 6.13 5.84 4.54 3.37 2.18 1.70 2.76 4.07 3.94 3.47 3.50 3.47 3.48 3.88
6.32 6.35 6.36 6.33 6.31 6.26 6.34 6.49 6.40 6.24 6.25 6.26 6.23 6.16 6.09 6.09 6.05 5.91 5.80 5.75 5.65 5.48 5.18 4.79 4.26 3.64 3.92 5.33 6.18 6.11 6.39 6.68 6.13 5.67 5.38 5.04 5.47 6.99 8.00 6.97 6.25 6.85 6.72 6.53 6.16 5.42 5.47 6.03 6.77 6.46 5.67 6.18 6.76 6.90 6.08 3.75 2.92 4.53 6.33 7.58 8.57 8.15 6.26 4.44 3.73 3.41 2.75 2.74 4.05 5.64 6.40 5.57 4.12 2.97 1.94 1.72 2.65 4.21 4.31 3.62 3.39 3.28 3.47 3.94
6.35 6.37 6.37 6.37 6.39 6.37 6.43 6.47 6.36 6.27 6.28 6.31 6.31 6.27 6.21 6.11 6.05 5.92 5.81 5.78 5.66 5.45 5.12 4.71 4.17 3.70 4.11 5.13 5.54 5.60 6.47 7.26 6.81 6.47 6.31 5.59 5.50 7.01 8.26 7.36 6.80 6.98 6.46 6.43 5.92 5.21 5.41 5.89 6.90 6.75 5.69 6.06 6.75 6.81 5.82 3.65 3.01 4.75 6.94 8.41 8.36 6.79 5.14 3.99 3.46 3.24 2.71 3.08 5.00 6.35 6.32 5.04 3.63 2.68 1.94 2.00 2.85 3.96 4.47 4.10 3.49 3.14 3.28 3.73
6.44 6.41 6.35 6.39 6.50 6.52 6.46 6.42 6.38 6.33 6.31 6.38 6.38 6.36 6.31 6.17 6.07 5.96 5.83 5.78 5.65 5.40 5.11 4.73 4.26 4.02 4.31 4.77 4.82 4.92 6.03 7.39 7.73 7.94 7.43 5.82 5.48 7.13 8.40 7.62 7.01 6.74 6.06 6.16 5.70 5.09 5.56 6.29 7.01 6.54 5.64 5.94 6.36 6.58 5.75 3.64 3.30 5.09 7.30 8.76 7.68 5.31 4.21 3.84 3.64 3.39 2.90 3.47 5.62 6.77 5.86 4.19 3.30 2.79 2.28 2.46 2.84 3.51 4.46 4.61 3.76 3.02 3.03 3.44
6.56 6.45 6.30 6.39 6.68 6.68 6.43 6.39 6.44 6.38 6.36 6.43 6.44 6.43 6.40 6.26 6.11 5.98 5.85 5.78 5.66 5.41 5.12 4.82 4.50 4.34 4.36 4.37 4.17 4.38 5.73 7.40 8.46 9.15 7.99 5.39 5.32 7.51 8.43 7.47 6.73 6.15 5.59 5.81 5.54 5.15 5.86 6.66 6.61 5.97 5.67 5.79 5.87 6.36 5.75 3.75 3.93 5.77 7.60 8.74 7.16 4.37 3.43 3.77 4.17 3.85 3.20 3.73 5.89 6.80 5.14 3.69 3.52 3.23 2.68 2.59 2.65 3.22 4.37 4.87 4.01 2.95 2.88 3.30
6.60 6.47 6.26 6.44 6.88 6.74 6.40 6.42 6.48 6.45 6.41 6.47 6.53 6.51 6.47 6.32 6.13 6.04 5.90 5.80 5.71 5.47 5.13 4.94 4.81 4.54 4.39 4.11 3.69 4.21 6.13 7.87 8.72 9.55 8.26 5.28 5.39 7.75 8.00 6.73 6.25 5.65 5.29 5.62 5.45 5.33 6.13 6.49 5.91 5.72 5.76 5.63 5.61 6.00 5.64 4.25 4.57 6.28 7.81 8.40 6.54 3.85 2.86 3.67 4.79 4.49 3.62 4.00 5.85 6.53 4.89 3.92 4.07 3.51 2.75 2.53 2.58 3.13 4.21 4.90 4.02 2.85 2.89 3.24
6.54 6.47 6.31 6.60 6.99 6.71 6.42 6.45 6.54 6.54 6.45 6.55 6.60 6.56 6.52 6.33 6.18 6.14 6.00 5.86 5.78 5.57 5.20 5.09 5.09 4.73 4.44 3.97 3.61 4.49 6.47 8.01 8.39 9.32 8.98 6.00 5.60 7.40 7.22 6.07 5.96 5.47 5.20 5.54 5.38 5.57 6.18 5.98 5.55 5.76 5.82 5.61 5.54 5.57 5.44 4.92 5.10 6.30 7.64 8.03 6.40 3.78 2.52 3.47 5.13 5.12 4.19 4.20 5.42 6.28 5.29 4.48 4.22 3.33 2.65 2.56 2.68 3.13 4.02 4.56 3.88 3.01 3.12 3.38
6.46 6.43 6.45 6.83 7.02 6.69 6.46 6.46 6.63 6.63 6.55 6.62 6.63 6.60 6.53 6.37 6.28 6.25 6.10 5.93 5.85 5.67 5.38 5.30 5.22 4.85 4.40 3.93 3.76 4.61 6.43 7.71 8.05 9.03 9.53 7.24 5.60 6.51 6.50 5.71 5.65 5.34 5.18 5.40 5.46 5.82 5.93 5.57 5.61 5.84 5.77 5.63 5.52 5.32 5.32 5.48 5.68 6.11 6.98 7.84 6.80 4.12 2.51 3.15 5.03 5.56 4.93 4.57 5.38 6.31 5.52 4.48 3.90 3.07 2.62 2.62 2.76 3.16 3.64 3.92 3.75 3.37 3.44 3.66
6.41 6.44 6.62 7.01 7.04 6.68 6.47 6.51 6.72 6.74 6.66 6.65 6.67 6.63 6.54 6.45 6.39 6.33 6.17 6.01 5.95 5.80 5.60 5.45 5.21 4.87 4.41 4.01 3.89 4.78 6.50 7.45 8.10 9.16 9.57 7.67 5.45 5.51 5.85 5.45 5.26 5.21 5.28 5.38 5.71 6.09 5.67 5.48 5.79 5.81 5.67 5.62 5.55 5.35 5.46 5.81 5.97 5.93 6.31 7.51 7.20 4.69 2.78 2.96 4.53 5.67 5.69 5.40 6.00 6.17 4.89 4.03 3.63 2.98 2.74 2.69 2.66 2.93 3.14 3.31 3.55 3.50 3.64 3.89
6.44 6.53 6.77 7.07 7.00 6.67 6.54 6.61 6.76 6.83 6.76 6.71 6.69 6.65 6.60 6.55 6.47 6.38 6.24 6.12 6.05 5.92 5.73 5.53 5.27 4.94 4.52 3.99 4.00 5.47 7.04 7.62 8.36 9.09 8.96 7.40 5.56 4.99 5.33 5.31 5.06 5.20 5.49 5.57 5.96 6.21 5.65 5.59 5.83 5.67 5.68 5.67 5.58 5.61 5.75 5.85 5.85 5.85 6.03 7.00 7.26 5.27 3.30 3.06 3.93 5.39 6.28 6.44 6.25 5.15 3.80 3.65 3.64 3.25 3.01 2.70 2.45 2.55 2.93 3.24 3.26 3.24 3.56 3.98
6.56 6.66 6.92 7.05 6.88 6.71 6.68 6.71 6.79 6.90 6.88 6.77 6.70 6.70 6.69 6.62 6.52 6.42 6.32 6.23 6.13 5.99 5.82 5.66 5.43 5.08 4.60 4.04 4.61 6.69 7.53 7.64 8.05 8.22 8.13 6.89 5.25 4.83 5.32 5.39 5.19 5.40 5.66 5.85 6.22 6.23 5.76 5.68 5.65 5.67 5.95 5.78 5.58 5.82 5.95 5.75 5.59 5.74 5.94 6.59 6.98 5.68 3.98 3.26 3.50 4.93 6.68 7.15 5.84 3.95 3.25 3.66 4.05 3.71 2.96 2.55 2.42 2.31 2.92 3.39 3.00 2.85 3.20 3.77
