windninja/windninja_output/Output_2025-10-23_0500-0550_Google earth_Fire_150m_10min/merlingen_7.5mi_point_10-23-2025_0520_150m_vel.asc
ncols	158
nrows	163
xllcorner	391686.332397
yllcorner	5160024.123721
cellsize	150.000000
NODATA_value	-32768.000000
[rows 114 to 151 of 163, columns 0 to 83 of 158]
1.63 1.36 1.05 1.02 1.15 1.23 1.30 1.36 1.31 1.36 1.82 2.57 2.69 2.31 2.51 2.94 2.53 2.18 2.32 2.35 2.47 2.71 2.58 2.15 2.51 3.17 3.31 3.17 3.20 3.27 3.23 3.58 4.28 5.08 5.20 4.14 3.09 2.58 2.20 1.91 1.79 2.33 3.13 3.32 2.79 2.40 2.43 2.47 2.43 2.42 2.39 2.32 2.33 2.40 2.47 2.47 2.39 2.37 2.43 2.44 2.32 2.15 2.20 2.37 2.29 2.20 2.20 2.19 2.21 2.15 2.11 2.26 2.41 2.38 2.40 2.56 2.61 2.57 2.47 2.48 2.77 2.76 2.33 2.10
1.78 1.50 1.22 1.18 1.24 1.27 1.31 1.25 1.22 1.56 2.30 2.87 2.59 2.09 2.45 3.24 3.05 2.51 2.31 2.21 2.38 2.61 2.74 2.97 3.28 3.43 3.25 3.04 3.33 3.33 2.99 3.25 4.17 4.90 4.74 3.88 3.09 2.56 2.10 1.79 2.02 2.81 3.29 3.15 2.78 2.60 2.55 2.40 2.33 2.36 2.34 2.31 2.28 2.28 2.36 2.36 2.30 2.28 2.33 2.40 2.28 2.12 2.18 2.33 2.30 2.17 2.14 2.17 2.17 2.10 2.05 2.11 2.23 2.28 2.29 2.44 2.56 2.56 2.40 2.36 2.69 2.76 2.34 2.02
1.93 1.64 1.34 1.22 1.23 1.24 1.23 1.21 1.42 2.02 2.84 2.97 2.35 1.95 2.58 3.58 3.19 2.38 2.25 2.41 2.74 3.05 3.35 3.57 3.52 3.37 3.04 2.86 3.36 3.48 3.20 3.31 3.76 4.41 4.50 3.86 3.17 2.47 2.11 2.14 2.52 3.09 3.08 2.81 2.68 2.47 2.18 2.04 2.17 2.30 2.33 2.32 2.24 2.20 2.21 2.22 2.23 2.23 2.26 2.32 2.22 2.09 2.14 2.29 2.30 2.13 2.07 2.12 2.12 2.06 2.00 1.99 2.09 2.23 2.26 2.33 2.44 2.49 2.36 2.26 2.56 2.76 2.32 1.87
1.96 1.70 1.34 1.16 1.15 1.20 1.26 1.43 1.92 2.53 3.01 2.76 2.14 2.01 2.82 3.56 2.92 2.24 2.52 3.06 3.41 3.66 3.80 3.78 3.65 3.55 3.24 2.98 3.55 3.47 3.10 3.13 3.41 4.18 4.50 3.96 3.16 2.41 2.26 2.65 2.98 2.99 2.70 2.56 2.48 2.16 2.00 2.12 2.29 2.41 2.44 2.34 2.22 2.15 2.10 2.15 2.21 2.20 2.19 2.23 2.18 2.11 2.18 2.31 2.27 2.08 2.03 2.07 2.06 2.01 1.97 1.96 2.01 2.12 2.24 2.31 2.29 2.32 2.32 2.26 2.53 2.75 2.26 1.69
1.99 1.74 1.35 1.18 1.21 1.32 1.45 1.74 2.28 2.67 2.82 2.50 2.10 2.20 2.77 3.25 2.92 2.43 2.79 3.22 3.44 3.57 3.59 3.62 3.70 3.71 3.73 3.86 3.86 3.54 3.24 3.41 3.99 4.80 4.50 3.70 3.20 2.60 2.66 3.04 2.97 2.67 2.42 2.31 2.22 2.13 2.17 2.32 2.43 2.46 2.38 2.21 2.11 2.05 2.02 2.10 2.16 2.14 2.13 2.18 2.19 2.16 2.24 2.34 2.25 2.10 2.05 2.02 1.97 1.97 1.97 1.94 1.93 2.00 2.17 2.25 2.14 2.14 2.25 2.34 2.56 2.62 2.12 1.61
2.13 1.87 1.44 1.24 1.30 1.41 1.59 1.90 2.33 2.53 2.56 2.43 2.19 2.31 2.53 2.90 3.15 2.77 2.68 2.85 2.99 3.09 3.22 3.40 3.55 3.58 3.61 3.70 3.68 3.75 4.20 4.63 4.90 4.78 3.72 2.86 2.68 2.83 3.05 3.10 2.77 2.45 2.28 2.27 2.34 2.30 2.20 2.24 2.29 2.22 2.10 1.98 1.93 1.91 1.91 1.98 2.06 2.08 2.10 2.14 2.20 2.19 2.24 2.27 2.13 2.02 1.96 1.88 1.86 1.92 1.94 1.89 1.88 1.94 2.06 2.10 2.02 2.02 2.19 2.34 2.45 2.40 2.02 1.69
2.22 1.98 1.56 1.33 1.30 1.34 1.52 1.88 2.31 2.36 2.31 2.51 2.39 2.35 2.37 2.73 3.19 2.95 2.58 2.56 2.64 2.76 2.97 3.20 3.33 3.32 3.22 3.12 3.38 3.88 4.21 4.25 4.00 3.45 2.69 2.25 2.16 2.44 2.59 2.48 2.42 2.39 2.42 2.49 2.48 2.33 2.25 2.29 2.22 2.05 1.95 1.87 1.83 1.83 1.82 1.85 1.96 2.06 2.08 2.13 2.21 2.15 2.06 1.92 1.61 1.56 1.61 1.60 1.71 1.87 1.90 1.85 1.85 1.90 1.93 1.91 1.91 1.95 2.08 2.22 2.28 2.27 2.02 1.81
2.25 2.06 1.76 1.71 1.67 1.56 1.66 1.98 2.30 2.22 2.16 2.65 2.58 2.42 2.49 2.71 3.05 2.91 2.47 2.30 2.29 2.42 2.65 2.89 3.10 3.12 2.99 2.99 3.46 3.90 3.69 3.21 2.88 2.55 2.26 2.01 1.80 1.75 1.63 1.64 1.84 2.03 2.14 2.12 2.03 2.04 2.13 2.16 2.03 1.91 1.83 1.78 1.79 1.79 1.77 1.81 1.97 2.06 2.04 2.07 2.04 1.77 1.51 1.29 1.08 1.22 1.45 1.48 1.62 1.82 1.84 1.78 1.81 1.85 1.82 1.77 1.78 1.84 1.97 2.11 2.18 2.23 2.09 1.98
2.21 2.07 1.92 1.98 2.00 2.02 2.10 2.19 2.28 2.08 2.08 2.77 2.74 2.41 2.40 2.52 2.77 2.64 2.05 1.82 1.91 2.15 2.34 2.54 2.88 2.87 2.78 2.98 3.60 3.86 3.32 2.89 2.59 2.16 1.98 1.80 1.53 1.41 1.27 1.25 1.33 1.43 1.55 1.51 1.49 1.59 1.65 1.61 1.61 1.63 1.64 1.69 1.71 1.67 1.71 1.83 1.96 1.99 1.91 1.82 1.55 1.18 1.00 0.98 1.05 1.35 1.64 1.65 1.68 1.73 1.72 1.72 1.78 1.81 1.76 1.69 1.65 1.73 1.89 2.01 2.12 2.25 2.22 2.18
2.00 1.88 1.74 1.73 1.76 1.88 2.03 2.13 2.19 2.04 2.11 2.86 2.71 2.09 1.98 2.19 2.40 2.23 1.71 1.55 1.69 1.93 2.10 2.33 2.63 2.65 2.58 2.97 3.84 3.84 2.94 2.52 2.25 1.84 1.74 1.64 1.37 1.26 1.18 1.12 1.14 1.23 1.32 1.34 1.36 1.41 1.40 1.36 1.40 1.46 1.57 1.65 1.60 1.56 1.61 1.65 1.66 1.63 1.50 1.33 1.04 0.89 1.00 1.17 1.34 1.63 1.80 1.78 1.72 1.63 1.60 1.68 1.74 1.74 1.69 1.64 1.61 1.70 1.85 1.93 2.06 2.32 2.40 2.24
1.90 1.77 1.60 1.55 1.57 1.69 1.83 1.93 2.07 2.10 2.29 2.66 2.21 1.62 1.66 1.91 2.04 1.91 1.65 1.59 1.73 1.85 1.98 2.22 2.43 2.43 2.55 3.38 4.37 3.69 2.38 2.06 1.95 1.67 1.55 1.46 1.22 1.15 1.12 1.03 1.08 1.14 1.19 1.28 1.36 1.41 1.41 1.39 1.40 1.50 1.63 1.63 1.54 1.53 1.54 1.49 1.39 1.29 1.19 1.02 0.95 1.15 1.37 1.48 1.60 1.74 1.76 1.70 1.63 1.48 1.43 1.55 1.63 1.64 1.65 1.64 1.65 1.75 1.88 1.94 2.02 2.30 2.39 2.10
1.81 1.74 1.65 1.65 1.71 1.76 1.79 1.90 2.18 2.28 2.33 2.29 1.78 1.31 1.41 1.66 1.77 1.71 1.66 1.83 2.04 2.15 2.14 2.18 2.43 2.65 3.31 4.55 4.30 2.84 1.79 1.68 1.69 1.49 1.33 1.28 1.13 1.06 1.04 0.98 0.99 1.03 1.10 1.21 1.30 1.37 1.44 1.44 1.45 1.52 1.55 1.53 1.52 1.53 1.53 1.52 1.49 1.43 1.37 1.28 1.35 1.56 1.65 1.64 1.68 1.71 1.64 1.56 1.48 1.37 1.32 1.44 1.58 1.60 1.63 1.65 1.67 1.74 1.83 1.88 1.88 2.11 2.25 2.02
1.62 1.61 1.57 1.62 1.68 1.69 1.75 2.03 2.30 2.31 2.23 2.03 1.62 1.30 1.41 1.63 1.66 1.60 1.72 1.94 2.18 2.60 2.71 2.67 3.41 4.16 4.33 4.15 2.93 1.76 1.46 1.45 1.46 1.28 1.16 1.17 1.05 0.93 0.91 0.87 0.86 0.93 1.04 1.17 1.28 1.40 1.48 1.50 1.50 1.49 1.45 1.42 1.44 1.46 1.47 1.48 1.50 1.53 1.58 1.64 1.71 1.71 1.63 1.56 1.57 1.55 1.49 1.43 1.36 1.31 1.33 1.49 1.62 1.63 1.64 1.65 1.65 1.64 1.70 1.76 1.77 1.96 2.13 2.04
1.58 1.55 1.52 1.56 1.62 1.73 1.90 2.16 2.27 2.21 2.10 1.98 1.88 1.77 1.84 1.83 1.71 1.74 1.94 2.25 3.00 3.74 3.92 3.93 3.92 3.93 3.30 2.22 1.54 1.22 1.21 1.32 1.33 1.18 1.06 1.01 0.91 0.82 0.75 0.72 0.73 0.80 0.95 1.13 1.28 1.38 1.42 1.42 1.40 1.38 1.38 1.38 1.36 1.36 1.39 1.40 1.42 1.50 1.59 1.62 1.61 1.54 1.46 1.42 1.44 1.42 1.38 1.32 1.27 1.25 1.31 1.46 1.58 1.61 1.64 1.68 1.61 1.61 1.74 1.81 1.85 2.00 2.06 2.02
1.59 1.55 1.48 1.50 1.56 1.71 1.94 2.13 2.17 2.10 2.05 2.16 2.35 2.40 2.27 1.99 1.91 2.11 2.63 3.87 4.45 4.06 3.60 3.17 2.74 2.22 1.61 1.16 0.96 0.89 0.99 1.19 1.23 1.11 0.96 0.83 0.76 0.69 0.61 0.60 0.64 0.73 0.90 1.07 1.24 1.33 1.33 1.27 1.24 1.27 1.32 1.34 1.36 1.38 1.39 1.41 1.44 1.50 1.52 1.47 1.43 1.40 1.38 1.39 1.38 1.36 1.30 1.24 1.21 1.19 1.24 1.35 1.46 1.50 1.54 1.61 1.60 1.64 1.79 1.88 2.00 2.10 2.07 2.07
1.54 1.46 1.32 1.29 1.35 1.46 1.67 1.90 1.95 1.94 2.04 2.26 2.39 2.42 2.39 2.38 2.34 2.70 3.85 4.62 3.82 2.50 1.86 1.54 1.38 1.24 1.10 0.88 0.70 0.71 0.84 0.98 0.99 0.92 0.92 0.87 0.70 0.54 0.47 0.51 0.59 0.70 0.83 1.01 1.18 1.28 1.31 1.33 1.34 1.38 1.39 1.36 1.34 1.35 1.38 1.43 1.48 1.49 1.44 1.41 1.40 1.39 1.37 1.36 1.34 1.30 1.24 1.20 1.17 1.15 1.18 1.25 1.36 1.41 1.44 1.57 1.62 1.60 1.70 1.88 2.02 2.08 2.08 2.06
1.56 1.48 1.33 1.28 1.29 1.37 1.48 1.59 1.66 1.74 1.89 1.94 1.86 1.88 2.04 2.38 2.83 3.49 3.98 3.40 1.97 1.32 1.18 1.15 1.14 1.06 0.91 0.72 0.64 0.67 0.70 0.75 0.77 0.77 0.84 0.94 0.91 0.68 0.52 0.53 0.60 0.69 0.84 1.02 1.18 1.22 1.23 1.34 1.43 1.43 1.40 1.36 1.29 1.28 1.34 1.40 1.45 1.46 1.44 1.41 1.37 1.35 1.32 1.30 1.28 1.23 1.20 1.17 1.14 1.11 1.12 1.19 1.28 1.34 1.41 1.59 1.66 1.57 1.68 1.90 2.02 2.06 2.00 1.88
1.65 1.57 1.46 1.41 1.39 1.49 1.55 1.50 1.47 1.49 1.52 1.46 1.41 1.50 1.74 2.14 2.72 3.11 2.73 1.64 1.16 1.05 0.97 0.98 1.06 1.01 0.78 0.68 0.65 0.63 0.59 0.62 0.67 0.68 0.74 0.89 1.10 1.20 1.06 0.89 0.87 0.92 1.01 1.10 1.16 1.11 1.02 1.14 1.31 1.34 1.29 1.27 1.27 1.28 1.32 1.34 1.34 1.35 1.34 1.30 1.23 1.19 1.20 1.21 1.20 1.19 1.17 1.14 1.12 1.09 1.11 1.18 1.21 1.28 1.42 1.61 1.74 1.67 1.71 1.94 2.14 2.09 1.86 1.71
1.63 1.52 1.40 1.40 1.47 1.62 1.72 1.69 1.58 1.43 1.32 1.29 1.33 1.49 1.77 2.06 2.50 2.45 1.63 0.98 0.86 0.82 0.80 0.81 0.85 0.94 0.81 0.55 0.43 0.39 0.38 0.45 0.52 0.60 0.70 0.85 1.09 1.38 1.55 1.52 1.42 1.37 1.32 1.27 1.19 0.98 0.84 0.90 1.10 1.20 1.19 1.22 1.27 1.31 1.33 1.33 1.32 1.30 1.25 1.19 1.16 1.16 1.16 1.15 1.14 1.13 1.12 1.11 1.10 1.08 1.13 1.18 1.17 1.25 1.41 1.61 1.85 1.79 1.71 1.96 2.19 2.04 1.74 1.66
1.60 1.47 1.35 1.41 1.54 1.65 1.67 1.75 1.83 1.78 1.62 1.51 1.45 1.60 1.84 2.22 2.68 2.33 1.62 1.13 0.86 0.76 0.72 0.70 0.68 0.85 0.92 0.63 0.33 0.18 0.16 0.27 0.40 0.53 0.68 0.82 0.95 1.12 1.42 1.64 1.66 1.61 1.57 1.52 1.36 1.09 0.93 0.91 0.98 1.08 1.12 1.17 1.25 1.32 1.36 1.37 1.36 1.34 1.33 1.32 1.32 1.31 1.26 1.19 1.14 1.10 1.06 1.05 1.05 1.10 1.15 1.16 1.19 1.25 1.33 1.59 1.87 1.77 1.68 1.92 2.07 1.87 1.63 1.56
1.68 1.56 1.47 1.52 1.60 1.60 1.60 1.72 1.86 1.97 2.07 2.01 1.94 1.92 2.23 2.86 2.75 2.01 1.46 1.27 1.01 0.70 0.54 0.47 0.46 0.70 1.05 1.08 0.71 0.38 0.22 0.19 0.31 0.48 0.62 0.70 0.75 0.85 1.04 1.29 1.50 1.58 1.57 1.52 1.42 1.30 1.17 1.06 1.03 1.11 1.18 1.22 1.27 1.31 1.35 1.37 1.38 1.37 1.36 1.38 1.38 1.34 1.28 1.22 1.16 1.10 1.04 0.98 0.99 1.08 1.15 1.19 1.21 1.18 1.22 1.50 1.77 1.74 1.64 1.81 1.91 1.70 1.44 1.37
1.65 1.63 1.61 1.62 1.63 1.63 1.66 1.72 1.76 1.84 1.93 2.02 2.06 2.18 2.69 2.84 2.11 1.28 0.91 0.95 0.95 0.67 0.35 0.19 0.20 0.39 0.84 1.24 1.19 0.82 0.52 0.40 0.32 0.36 0.50 0.61 0.60 0.64 0.80 1.01 1.23 1.37 1.38 1.34 1.38 1.39 1.30 1.18 1.16 1.25 1.32 1.33 1.31 1.31 1.32 1.33 1.36 1.37 1.35 1.33 1.32 1.29 1.26 1.23 1.18 1.12 1.05 0.98 0.95 1.01 1.11 1.18 1.19 1.16 1.21 1.40 1.64 1.73 1.64 1.70 1.71 1.51 1.32 1.32
1.47 1.56 1.58 1.53 1.53 1.58 1.64 1.64 1.58 1.49 1.44 1.47 1.64 1.98 2.40 2.00 1.16 0.74 0.55 0.63 0.74 0.62 0.35 0.18 0.10 0.17 0.49 1.00 1.31 1.20 0.87 0.62 0.46 0.31 0.35 0.51 0.56 0.54 0.63 0.78 0.89 1.08 1.21 1.24 1.29 1.32 1.26 1.17 1.18 1.24 1.30 1.33 1.34 1.33 1.34 1.34 1.35 1.38 1.40 1.40 1.38 1.35 1.32 1.28 1.22 1.14 1.05 0.98 0.93 0.93 0.98 1.01 1.10 1.20 1.27 1.36 1.53 1.63 1.61 1.61 1.57 1.43 1.38 1.49
1.30 1.37 1.44 1.39 1.31 1.33 1.37 1.39 1.35 1.29 1.22 1.25 1.42 1.84 2.05 1.50 0.92 0.55 0.41 0.52 0.67 0.60 0.45 0.33 0.17 0.12 0.27 0.68 1.14 1.31 1.09 0.76 0.53 0.36 0.25 0.36 0.51 0.53 0.53 0.65 0.72 0.85 1.05 1.15 1.17 1.21 1.19 1.15 1.16 1.22 1.27 1.30 1.33 1.34 1.33 1.34 1.37 1.42 1.44 1.44 1.43 1.40 1.35 1.28 1.22 1.13 1.03 0.92 0.83 0.77 0.78 0.82 0.94 1.05 1.11 1.24 1.43 1.52 1.53 1.62 1.60 1.46 1.52 1.72
1.26 1.22 1.23 1.29 1.21 1.11 1.04 1.05 1.15 1.29 1.36 1.44 1.65 2.14 2.05 1.48 1.12 0.76 0.55 0.63 0.76 0.69 0.57 0.47 0.34 0.26 0.23 0.47 0.85 1.17 1.29 1.14 0.78 0.49 0.32 0.22 0.40 0.48 0.48 0.66 0.73 0.75 0.90 1.04 1.13 1.23 1.26 1.21 1.21 1.26 1.31 1.34 1.36 1.36 1.35 1.36 1.40 1.44 1.44 1.42 1.41 1.40 1.37 1.31 1.22 1.11 0.99 0.86 0.75 0.70 0.72 0.79 0.89 0.96 1.00 1.10 1.29 1.40 1.41 1.59 1.68 1.51 1.73 1.86
1.39 1.25 1.11 1.21 1.32 1.21 1.00 0.96 1.04 1.20 1.41 1.66 2.09 2.28 1.76 1.16 1.05 1.04 1.02 0.98 0.98 0.87 0.74 0.61 0.52 0.46 0.41 0.39 0.58 0.81 1.14 1.42 1.31 0.87 0.55 0.26 0.31 0.46 0.45 0.59 0.74 0.79 0.86 0.96 1.09 1.24 1.32 1.30 1.29 1.32 1.36 1.40 1.44 1.46 1.45 1.43 1.44 1.45 1.45 1.43 1.41 1.39 1.39 1.38 1.32 1.20 1.06 0.95 0.85 0.78 0.77 0.87 0.96 1.01 1.04 1.06 1.14 1.26 1.31 1.54 1.76 1.86 2.14 2.02
1.52 1.38 1.17 1.18 1.28 1.38 1.39 1.29 1.20 1.23 1.46 1.80 2.18 1.85 0.96 0.70 0.84 1.00 1.12 1.36 1.42 1.18 0.95 0.78 0.65 0.61 0.59 0.51 0.44 0.45 0.67 1.21 1.52 1.38 1.02 0.64 0.46 0.45 0.43 0.50 0.71 0.83 0.90 0.94 1.04 1.20 1.31 1.34 1.35 1.37 1.38 1.38 1.42 1.50 1.55 1.52 1.48 1.47 1.47 1.44 1.42 1.40 1.40 1.43 1.50 1.51 1.39 1.25 1.10 0.99 0.95 0.97 0.99 1.03 1.09 1.05 1.03 1.16 1.31 1.57 1.98 2.25 2.16 1.85
1.54 1.48 1.23 1.02 0.97 1.16 1.52 1.69 1.66 1.66 1.72 1.94 1.81 0.99 0.50 0.53 0.71 0.85 0.90 1.20 1.61 1.72 1.47 1.12 0.84 0.72 0.69 0.63 0.52 0.39 0.35 0.76 1.26 1.57 1.49 1.08 0.74 0.61 0.54 0.57 0.74 0.88 0.97 1.01 1.07 1.20 1.31 1.38 1.41 1.41 1.41 1.37 1.29 1.30 1.44 1.52 1.53 1.52 1.52 1.51 1.49 1.48 1.47 1.50 1.65 1.82 1.88 1.81 1.66 1.52 1.38 1.22 1.11 1.18 1.24 1.07 0.94 1.07 1.33 1.68 2.18 2.26 1.78 1.48
1.45 1.48 1.24 0.92 0.84 0.98 1.21 1.53 1.85 1.93 1.86 1.78 1.27 0.42 0.40 0.51 0.70 0.85 0.85 0.89 1.28 1.73 1.90 1.81 1.47 1.05 0.76 0.60 0.56 0.53 0.45 0.42 0.72 1.25 1.60 1.38 0.97 0.84 0.80 0.80 0.92 1.06 1.15 1.19 1.23 1.28 1.35 1.42 1.47 1.47 1.46 1.44 1.28 1.04 1.06 1.27 1.43 1.49 1.54 1.58 1.58 1.56 1.54 1.55 1.62 1.75 1.89 1.99 1.99 1.89 1.72 1.52 1.41 1.45 1.36 1.13 1.00 1.10 1.39 1.85 2.13 2.05 1.83 1.62
1.48 1.51 1.41 1.16 0.99 0.95 1.00 1.18 1.49 1.64 1.62 1.35 0.71 0.41 0.46 0.58 0.74 0.93 0.95 0.84 0.96 1.27 1.65 1.95 1.90 1.66 1.38 0.97 0.63 0.59 0.57 0.54 0.44 0.74 1.40 1.45 1.11 0.93 0.93 0.97 1.07 1.21 1.31 1.35 1.38 1.40 1.43 1.47 1.51 1.52 1.52 1.56 1.49 1.19 0.93 0.96 1.19 1.37 1.43 1.48 1.54 1.55 1.52 1.47 1.42 1.35 1.31 1.39 1.53 1.64 1.65 1.57 1.49 1.44 1.32 1.20 1.19 1.21 1.49 1.90 1.85 1.83 2.06 1.82
1.63 1.54 1.50 1.49 1.27 0.99 0.93 1.04 1.11 1.15 1.15 1.00 0.81 0.67 0.65 0.71 0.86 1.05 1.06 0.92 0.99 1.14 1.36 1.63 1.70 1.65 1.63 1.58 1.23 0.81 0.66 0.64 0.51 0.45 1.08 1.24 1.02 0.91 0.97 1.06 1.15 1.27 1.38 1.44 1.47 1.49 1.51 1.55 1.58 1.62 1.62 1.63 1.61 1.42 1.06 0.82 0.94 1.18 1.29 1.32 1.41 1.51 1.51 1.40 1.26 1.14 1.01 0.94 0.94 1.05 1.26 1.37 1.32 1.25 1.18 1.20 1.22 1.21 1.48 1.73 1.57 1.85 2.17 1.61
1.74 1.47 1.31 1.51 1.59 1.41 1.18 1.07 1.04 1.01 0.92 1.01 1.23 1.25 1.16 1.08 1.14 1.23 1.13 1.07 1.15 1.25 1.38 1.47 1.43 1.36 1.33 1.51 1.52 1.33 1.10 0.81 0.47 0.41 0.80 0.99 0.90 0.86 0.96 1.10 1.23 1.34 1.45 1.51 1.53 1.55 1.57 1.61 1.66 1.72 1.74 1.71 1.66 1.49 1.16 0.83 0.78 0.99 1.24 1.32 1.35 1.46 1.55 1.48 1.33 1.19 1.05 0.87 0.73 0.69 0.80 1.02 1.13 1.11 1.06 1.04 1.06 1.15 1.42 1.55 1.56 2.08 2.03 1.05
1.80 1.43 1.14 1.34 1.68 1.89 1.87 1.60 1.36 1.16 1.15 1.35 1.49 1.65 1.72 1.71 1.73 1.77 1.66 1.49 1.40 1.39 1.47 1.47 1.41 1.39 1.31 1.26 1.26 1.25 1.39 1.33 0.81 0.46 0.64 0.89 0.88 0.89 0.96 1.10 1.27 1.41 1.53 1.61 1.64 1.64 1.67 1.69 1.73 1.77 1.81 1.83 1.75 1.53 1.24 0.94 0.75 0.85 1.12 1.29 1.30 1.32 1.42 1.52 1.53 1.46 1.33 1.13 0.95 0.82 0.71 0.74 0.90 0.98 0.96 0.91 0.91 1.09 1.29 1.47 1.89 2.10 1.46 0.74
1.81 1.38 1.02 1.10 1.34 1.73 1.97 1.99 1.81 1.60 1.69 1.59 1.43 1.47 1.60 1.81 1.98 2.10 2.15 2.24 2.25 2.09 1.89 1.72 1.58 1.55 1.43 1.31 1.23 0.97 1.03 1.47 1.21 0.69 0.72 0.95 1.00 1.00 1.07 1.17 1.32 1.47 1.60 1.73 1.79 1.77 1.76 1.79 1.83 1.84 1.87 1.96 1.90 1.58 1.24 0.94 0.67 0.65 0.84 1.05 1.14 1.16 1.21 1.33 1.46 1.56 1.60 1.58 1.52 1.43 1.27 1.13 1.08 1.06 1.01 0.98 1.05 1.31 1.47 1.73 2.07 1.62 0.85 0.54
1.81 1.38 0.92 0.92 1.03 1.19 1.38 1.67 1.93 1.99 1.86 1.47 1.29 1.19 1.13 1.36 1.78 1.94 1.93 2.15 2.52 2.70 2.75 2.76 2.48 1.92 1.57 1.39 1.24 0.91 0.77 1.21 1.30 0.94 0.88 1.07 1.18 1.17 1.20 1.28 1.41 1.54 1.63 1.74 1.87 1.89 1.86 1.91 1.96 1.95 1.99 2.11 2.09 1.75 1.31 0.94 0.57 0.41 0.56 0.82 0.97 1.03 1.08 1.12 1.17 1.27 1.41 1.54 1.62 1.70 1.76 1.74 1.62 1.44 1.29 1.25 1.52 1.93 2.06 2.11 1.81 0.87 0.51 0.50
1.81 1.66 1.32 1.09 1.01 1.14 1.28 1.42 1.72 1.77 1.58 1.40 1.33 1.21 1.05 1.09 1.45 1.79 1.79 1.75 1.99 2.36 2.65 3.07 3.41 3.17 2.29 1.63 1.35 1.07 0.73 0.92 1.23 1.08 1.00 1.14 1.30 1.36 1.37 1.41 1.50 1.63 1.68 1.74 1.85 1.90 1.88 1.96 2.03 2.02 2.11 2.27 2.26 2.00 1.54 1.01 0.59 0.27 0.23 0.48 0.75 0.90 0.95 0.97 0.99 1.03 1.11 1.18 1.22 1.29 1.42 1.53 1.56 1.53 1.48 1.54 1.90 2.06 1.84 1.63 1.04 0.47 0.40 0.52
1.59 1.79 2.01 1.77 1.51 1.51 1.45 1.37 1.33 1.21 1.33 1.54 1.53 1.34 1.16 1.04 1.14 1.53 1.85 1.81 1.71 1.82 1.96 2.38 3.24 3.86 3.45 2.12 1.52 1.32 0.92 0.91 1.16 1.19 1.11 1.15 1.33 1.46 1.53 1.56 1.60 1.71 1.76 1.76 1.86 1.94 1.88 1.89 2.01 2.06 2.17 2.39 2.44 2.24 1.80 1.17 0.69 0.35 0.11 0.09 0.35 0.68 0.83 0.86 0.89 0.92 0.95 0.97 0.97 0.92 0.92 0.96 1.02 1.18 1.38 1.61 1.80 1.56 1.06 0.78 0.49 0.32 0.28 0.39
1.24 1.37 1.81 2.01 1.96 1.70 1.34 1.22 1.16 1.02 1.21 1.55 1.82 1.72 1.40 1.16 1.02 1.15 1.54 1.80 1.75 1.65 1.61 1.87 2.58 3.69 4.18 3.04 1.71 1.45 1.28 1.15 1.22 1.30 1.26 1.21 1.32 1.46 1.56 1.63 1.69 1.78 1.82 1.79 1.87 2.07 2.06 1.85 1.87 2.04 2.15 2.35 2.55 2.47 2.06 1.38 0.82 0.46 0.18 0.06 0.02 0.30 0.64 0.78 0.81 0.82 0.85 0.88 0.93 0.96 0.97 0.90 0.82 0.90 1.17 1.41 1.38 0.93 0.63 0.45 0.28 0.19 0.04 0.27
