windninja/windninja_output/Output_2025-10-23_0500-0550_Google earth_Fire_150m_10min/merlingen_7.5mi_point_10-23-2025_0550_150m_ang.asc
ncols	158
nrows	163
xllcorner	391686.332397
yllcorner	5160024.123721
cellsize	150.000000
NODATA_value	-32768.000000
[rows 46 to 91 of 163, columns 0 to 95 of 158]
100 101 102 102 102 102 103 104 104 104 104 104 104 104 104 104 104 104 103 104 104 104 104 105 105 106 106 107 108 109 109 110 111 113 117 118 117 115 113 112 110 105 99 94 90 94 101 105 105 101 94 87 81 79 81 81 84 93 101 106 108 109 112 115 113 109 106 101 100 103 102 99 95 91 86 80 74 91 106 110 111 108 101 92 87 89 93 94 93 93 99 106 107 103 97 95
100 101 102 101 100 102 104 105 105 105 105 105 105 104 104 104 104 104 104 104 104 104 104 105 105 106 106 107 107 108 109 110 111 113 116 117 117 117 116 114 111 107 100 94 94 101 105 105 101 95 89 82 77 78 81 85 92 100 107 113 114 111 111 111 109 105 101 98 98 100 100 97 93 88 81 74 72 91 103 104 102 99 95 93 93 95 97 98 95 96 100 104 105 101 97 95
100 101 101 101 99 100 104 106 106 106 106 105 105 105 105 105 105 104 104 104 104 105 105 105 105 106 106 107 107 108 109 109 111 112 115 117 117 116 116 115 112 108 102 99 101 105 105 102 97 91 83 77 78 82 85 92 100 106 111 115 116 110 106 104 104 101 99 98 97 98 97 95 92 86 78 72 77 91 99 99 98 98 99 99 99 100 100 100 101 102 100 99 99 99 97 94
100 101 101 99 99 100 103 107 108 107 106 106 106 106 105 105 105 105 105 105 105 105 106 106 105 106 107 107 107 108 109 109 111 112 114 117 117 116 116 116 113 109 107 107 107 106 103 99 93 85 77 77 84 89 95 101 106 111 112 113 112 106 101 99 101 102 100 99 97 96 95 93 90 83 77 77 85 93 98 98 98 100 102 103 104 104 104 106 106 104 99 93 92 94 94 89
100 101 101 99 100 101 102 105 109 109 107 107 107 107 106 105 106 106 105 105 106 106 106 106 106 106 107 107 107 108 109 109 110 111 113 116 117 117 116 116 113 112 112 113 111 106 100 95 88 80 77 85 92 98 103 108 110 111 109 106 103 100 97 98 101 102 100 99 97 96 94 91 87 83 82 86 92 95 96 97 99 101 102 104 106 107 108 108 105 101 95 89 86 86 86 86
100 101 102 102 102 103 102 103 107 110 109 108 108 107 107 106 106 106 106 106 106 106 106 107 107 106 107 107 108 108 109 109 110 111 112 114 116 116 116 116 114 113 114 116 112 106 99 91 83 82 89 97 100 104 108 110 110 106 101 98 97 96 97 99 101 102 100 99 97 95 93 90 87 86 89 93 95 97 97 98 98 98 99 103 107 108 109 106 101 97 93 86 81 79 82 88
99 101 105 105 104 104 102 101 104 110 111 109 108 107 107 107 107 107 107 107 107 107 106 107 107 107 107 107 108 108 109 109 110 111 112 113 114 116 116 117 115 113 115 117 113 106 99 91 88 95 104 106 106 107 110 109 106 100 95 93 94 97 99 99 101 102 101 98 95 94 93 91 90 90 93 95 97 99 100 99 96 94 97 102 106 107 107 104 100 95 90 85 79 79 86 101
98 100 107 108 105 105 104 101 102 107 110 110 108 108 108 108 107 107 107 107 107 107 107 107 107 107 107 108 108 108 109 109 110 110 111 112 113 115 116 118 117 115 115 117 114 107 102 101 102 106 109 108 107 108 108 107 103 97 92 92 96 99 100 100 101 103 102 98 95 95 95 94 93 92 94 96 98 100 102 101 97 95 97 100 103 105 107 105 100 93 89 87 84 85 96 116
97 99 106 111 107 106 106 102 99 102 108 110 109 109 108 108 108 108 107 107 107 107 108 107 107 108 108 108 108 108 109 109 110 110 111 112 112 113 115 117 118 115 113 114 114 110 108 111 112 110 108 106 107 106 105 103 101 96 94 95 99 101 101 101 102 104 103 101 98 97 97 94 91 92 95 97 98 100 103 105 104 102 100 100 100 102 106 106 100 94 91 92 94 95 103 116
99 99 102 108 107 104 105 103 98 98 104 109 110 110 109 108 108 108 108 108 107 108 108 108 108 108 108 108 108 109 109 109 110 110 111 111 112 113 114 116 116 114 112 112 114 115 116 118 116 113 110 108 108 106 103 101 98 96 98 100 103 104 102 100 101 104 104 104 101 97 92 88 91 96 98 99 100 103 105 108 110 107 104 101 99 99 100 101 100 97 96 98 102 107 108 113
100 99 99 101 104 103 105 105 101 98 101 106 109 111 111 109 109 109 109 109 108 108 108 108 109 109 109 109 109 109 109 109 110 110 110 111 111 112 113 114 114 114 113 113 116 119 121 121 119 117 114 109 108 106 102 99 98 99 102 105 107 106 102 98 97 100 102 103 99 92 86 89 96 100 101 102 104 106 108 110 111 108 105 102 100 97 94 92 93 95 98 105 115 121 114 112
100 100 99 99 101 102 105 108 106 102 102 104 106 109 111 111 110 109 109 109 109 109 108 109 109 109 109 109 109 109 109 109 110 110 110 111 111 112 112 113 113 114 114 115 116 118 121 121 121 121 119 111 108 106 101 98 101 105 107 109 108 105 100 95 92 95 99 100 95 90 91 97 100 102 104 107 108 109 111 111 110 107 104 102 98 94 90 88 90 97 106 119 128 128 119 110
100 100 100 100 100 101 103 107 110 108 105 104 102 104 109 112 111 110 110 110 110 109 109 109 109 109 109 109 109 109 109 110 110 110 110 111 111 111 112 112 113 113 114 115 116 117 118 121 122 124 123 115 109 107 102 100 105 108 109 109 107 103 99 93 89 91 96 97 94 95 100 102 103 105 107 110 111 111 111 110 108 105 102 99 95 92 90 92 98 109 118 123 128 126 115 99
100 100 100 100 100 100 101 104 108 108 107 106 102 101 105 110 112 112 111 111 110 110 110 110 110 110 110 110 110 110 110 110 110 110 110 111 111 111 112 112 112 113 114 115 115 116 117 120 123 126 128 122 113 108 103 101 106 109 109 108 106 103 97 92 89 89 94 97 96 99 103 105 105 108 110 112 112 111 109 107 105 101 99 96 94 92 94 101 112 120 121 120 120 118 105 86
99 99 99 99 100 100 101 102 105 107 108 110 107 103 103 106 110 112 113 112 111 111 111 110 110 110 110 110 110 110 110 110 110 110 111 111 111 111 112 112 112 113 114 114 115 116 117 119 122 127 132 127 116 108 103 102 106 109 109 107 105 102 97 92 89 90 92 95 98 101 104 107 109 110 112 113 111 109 106 103 102 99 97 95 94 95 101 111 119 121 119 116 113 107 92 77
100 100 99 99 99 100 101 102 104 106 109 113 113 108 103 102 106 110 113 114 113 112 111 110 110 110 110 110 110 111 111 111 111 111 111 111 111 111 112 112 112 113 113 114 115 116 117 119 121 126 131 128 118 110 104 103 106 108 107 106 104 101 99 95 92 90 89 92 101 104 107 110 111 112 114 113 109 106 104 102 101 98 95 94 96 100 110 118 120 120 118 114 106 92 81 70
101 100 100 100 101 101 102 103 104 106 109 113 115 112 108 103 103 106 110 113 114 113 112 111 110 110 110 111 111 111 111 111 111 111 111 111 111 112 112 112 112 113 113 114 114 115 116 118 120 123 128 128 120 113 109 107 107 107 106 105 104 103 102 99 95 91 88 95 105 108 110 111 112 114 114 112 108 105 104 103 101 98 96 97 101 107 115 121 120 117 114 106 91 80 71 63
101 101 100 101 102 103 103 103 103 105 107 111 114 115 113 108 104 104 106 110 113 114 113 112 112 111 111 111 112 111 111 111 111 111 111 112 112 112 112 112 112 113 113 114 114 115 116 117 119 121 125 127 122 117 117 113 108 107 107 107 108 107 103 98 93 90 90 102 109 111 112 112 112 114 115 111 108 107 106 104 102 100 99 103 110 114 119 121 118 112 103 93 82 71 63 56
101 101 101 102 103 104 104 103 103 104 105 109 115 116 115 113 109 105 104 107 110 112 113 113 113 112 111 111 112 112 112 112 112 112 112 112 112 112 112 112 113 113 113 114 114 115 116 117 118 119 122 125 123 120 121 119 110 107 109 110 110 106 96 89 91 94 102 111 113 113 113 113 112 114 115 113 112 111 110 107 103 103 106 110 116 118 119 118 114 103 92 83 72 64 56 47
102 101 101 103 104 104 104 103 102 103 104 107 114 117 116 115 113 109 105 104 107 109 111 113 114 113 112 112 112 112 113 112 112 112 112 112 112 112 112 113 113 113 113 114 114 115 115 116 117 118 120 122 122 120 122 123 115 109 108 109 107 100 92 94 100 106 113 117 116 115 114 113 112 113 116 117 116 115 113 108 106 110 114 119 120 118 115 112 105 93 83 72 62 55 48 40
101 99 99 101 103 104 105 104 102 104 106 108 112 117 117 115 114 113 109 105 106 107 109 111 114 114 113 113 113 113 113 113 113 113 113 113 113 113 113 113 113 113 113 114 114 115 115 116 116 117 118 120 120 120 121 123 119 111 107 104 103 104 106 107 108 110 114 117 117 116 116 114 112 114 118 119 118 116 116 114 116 121 125 127 121 115 110 104 92 81 71 60 52 44 40 40
103 99 97 98 100 105 108 105 102 104 107 109 110 114 118 116 114 114 113 110 108 107 107 109 112 113 113 112 112 112 113 113 113 113 113 113 113 113 113 113 113 113 114 114 114 114 115 115 116 117 117 118 118 119 119 120 118 113 106 102 105 115 116 112 110 110 111 114 116 116 117 115 112 114 118 119 119 119 122 124 125 126 125 124 117 107 100 90 80 71 60 49 42 37 38 45
111 105 101 100 101 106 111 107 101 103 106 109 110 112 115 116 115 115 116 113 110 109 108 108 109 110 109 110 112 113 113 114 114 114 114 114 114 114 114 114 114 114 114 114 114 114 115 115 116 116 116 117 117 117 118 117 116 113 109 105 109 118 118 115 112 110 110 113 116 117 117 114 112 114 117 118 119 123 128 127 125 122 116 112 108 100 89 79 72 62 50 38 35 36 42 52
113 111 108 106 104 103 107 109 104 105 109 111 112 112 114 115 115 114 115 114 113 111 110 109 108 105 103 107 111 113 114 115 115 115 114 114 114 114 114 114 114 114 114 114 114 115 115 115 115 116 116 116 116 117 116 116 115 114 112 110 112 116 117 115 112 110 111 113 116 116 116 114 112 115 119 118 120 125 130 126 121 115 106 102 105 98 85 75 65 52 39 32 35 43 52 60
110 111 111 109 104 99 101 109 108 106 108 111 110 110 112 113 113 112 112 113 114 112 111 110 109 105 102 104 109 112 114 115 116 116 115 115 115 115 115 115 115 115 115 115 115 115 115 115 115 115 116 116 116 116 116 115 115 114 114 113 114 115 115 113 111 112 113 113 114 115 116 115 114 117 120 119 121 126 129 124 116 108 102 104 104 97 82 68 56 42 32 34 43 51 62 72
106 108 110 109 105 101 102 108 108 103 101 102 103 104 106 108 109 108 109 111 112 112 111 111 113 113 106 104 107 110 113 115 116 117 117 116 116 115 115 115 115 115 115 115 115 115 115 115 115 115 116 116 116 116 116 115 115 115 114 114 115 115 114 114 113 114 114 113 113 116 118 116 113 115 119 119 121 125 126 120 112 105 107 109 103 91 75 60 44 36 35 43 54 62 72 91
105 106 109 109 107 105 106 110 109 101 96 97 99 101 103 105 107 108 108 110 111 112 112 112 117 120 112 106 105 108 111 112 114 117 118 117 117 116 116 116 116 115 115 115 115 115 115 115 115 115 116 116 116 116 116 115 115 115 115 115 115 115 115 115 115 115 115 114 115 116 117 115 110 112 117 119 120 122 124 119 114 113 114 111 101 82 64 47 38 41 47 57 65 73 90 117
105 106 109 109 108 108 108 109 108 102 98 100 102 104 105 106 108 109 109 110 111 112 113 114 118 121 116 109 105 105 108 110 112 115 118 118 118 117 117 117 116 116 116 116 115 115 115 115 116 116 116 116 116 116 116 116 116 115 115 116 115 115 115 116 116 116 116 116 117 117 116 114 112 113 118 120 120 121 125 123 121 121 117 109 94 72 49 39 45 54 61 71 78 96 122 125
104 105 108 110 109 108 108 108 106 105 104 104 105 106 108 109 110 110 111 112 112 111 112 112 116 120 118 112 107 105 107 109 111 114 117 119 118 118 118 118 117 116 116 116 116 116 116 116 116 116 116 116 116 116 116 116 116 116 116 116 116 116 116 116 116 116 117 117 118 118 118 117 117 120 122 123 123 124 129 130 128 123 115 103 82 55 40 44 58 65 76 87 105 122 125 123
102 103 106 110 110 108 109 108 107 107 107 107 107 108 110 111 112 112 112 113 112 112 111 111 114 119 117 114 110 107 107 109 110 111 114 117 118 118 119 119 118 117 117 116 116 116 116 116 116 116 116 116 116 116 116 116 116 117 117 117 117 117 117 117 117 117 117 118 118 119 119 120 121 124 127 126 127 130 135 134 128 120 108 90 65 41 43 54 64 73 87 106 122 119 119 115
101 101 103 107 110 110 110 110 109 109 110 110 111 111 112 113 113 113 113 113 113 113 113 113 114 117 116 115 114 110 107 107 107 107 109 113 116 118 119 119 119 118 117 117 117 116 116 116 116 116 117 117 117 117 117 117 117 117 117 117 117 117 117 118 118 118 118 119 119 120 120 121 122 126 129 128 129 135 138 132 122 112 97 74 49 46 56 61 67 82 102 127 127 117 112 109
101 99 96 100 106 110 111 111 111 113 114 114 114 113 114 114 115 114 115 115 114 114 114 115 115 115 115 115 115 113 108 105 105 106 108 112 116 117 119 120 120 119 118 117 117 117 116 116 116 117 117 117 117 117 117 118 118 118 118 118 118 118 118 118 118 119 119 119 120 120 121 122 124 126 128 129 131 137 137 126 115 103 85 63 55 65 73 78 89 111 129 134 128 117 110 107
102 95 84 90 102 109 112 114 116 119 120 119 117 116 115 116 117 116 116 116 115 115 115 116 117 116 114 115 116 116 112 107 107 109 110 112 115 116 117 119 121 120 118 117 117 117 116 116 117 117 117 117 118 118 118 118 118 118 118 118 118 119 119 119 119 119 120 120 120 121 122 123 124 126 127 129 133 138 136 123 111 97 80 73 79 90 98 111 124 129 130 129 124 115 110 109
101 88 74 84 96 109 117 120 122 126 127 124 120 118 118 118 118 118 118 117 116 116 115 116 120 118 114 115 117 119 117 113 110 110 110 112 114 115 115 118 121 120 118 117 117 116 116 116 116 117 117 118 118 119 119 119 119 119 119 119 119 119 119 120 120 120 120 121 121 122 122 123 125 126 127 129 133 137 135 124 112 103 99 103 106 109 121 128 128 126 123 121 118 114 111 111
114 98 90 92 102 118 131 133 131 134 134 129 123 121 119 119 119 119 119 118 117 116 116 117 122 121 116 115 116 119 120 117 114 112 111 111 114 115 115 116 120 120 118 117 116 115 115 115 115 116 118 119 119 119 120 120 120 120 120 120 120 120 120 120 120 121 121 121 122 122 123 124 125 126 128 129 132 136 135 128 123 122 123 122 120 122 128 129 126 122 118 116 114 112 111 111
170 111 101 106 114 123 141 146 142 141 140 134 126 122 120 119 119 118 119 119 118 117 116 118 123 122 117 116 116 119 121 121 119 116 113 111 112 115 115 115 118 120 117 115 113 113 112 111 111 114 118 120 121 121 121 121 120 120 120 121 121 121 121 121 121 121 122 122 123 123 124 125 126 127 128 130 132 135 136 135 138 137 134 130 130 131 130 127 124 120 117 114 111 110 111 111
141 113 113 119 122 125 136 145 147 145 143 135 127 122 119 118 118 118 118 119 118 117 117 119 124 122 119 118 118 119 120 120 118 116 113 110 111 114 115 115 117 119 119 118 117 116 117 116 115 117 120 122 122 122 122 122 121 121 121 121 121 121 122 122 122 122 123 123 123 124 124 125 126 127 128 130 132 135 137 140 145 146 142 141 142 133 128 125 123 120 117 114 111 110 112 111
115 123 127 125 122 117 120 130 135 136 136 131 125 120 117 116 116 116 117 118 118 118 118 120 125 125 121 121 120 118 118 118 117 115 113 111 110 111 114 115 117 120 122 123 124 124 125 126 125 125 126 126 126 125 124 123 122 122 122 122 122 122 122 123 123 123 123 124 124 124 125 126 127 128 129 130 132 135 138 142 149 154 152 149 140 130 124 122 121 118 115 113 110 109 110 109
105 112 121 116 108 104 105 106 107 115 122 124 121 116 113 113 114 114 115 117 118 119 119 120 125 127 123 121 121 119 119 119 118 116 113 111 111 111 112 114 117 120 122 122 122 123 124 124 124 124 125 126 127 127 126 123 122 122 122 123 123 123 123 123 124 124 124 124 125 125 126 126 127 128 129 131 132 135 139 144 154 160 159 151 135 127 122 119 117 116 113 111 109 107 107 107
94 95 97 94 91 87 80 78 89 104 115 119 118 114 112 112 113 112 113 115 116 118 119 121 124 127 124 121 120 120 120 119 119 118 115 114 113 112 112 115 118 120 120 120 119 119 118 118 118 119 120 121 122 124 125 124 123 123 123 123 123 124 124 124 124 125 125 125 125 126 126 127 128 129 130 131 133 135 139 145 155 162 162 150 131 125 121 118 118 116 114 112 110 108 109 110
91 89 86 85 81 75 68 73 90 104 112 115 114 112 110 110 110 108 109 110 112 113 115 118 124 129 128 124 122 121 121 120 121 123 120 118 117 115 115 116 119 121 121 120 119 118 117 116 116 118 119 119 119 121 123 123 123 123 123 124 124 125 125 125 125 125 126 126 126 127 127 128 128 129 130 132 133 135 139 144 153 159 159 146 129 122 120 118 117 116 114 113 114 116 118 118
90 87 81 81 78 75 75 85 96 104 109 111 111 112 109 107 105 103 103 105 109 110 112 119 130 138 135 129 125 123 122 121 122 124 123 121 120 119 117 117 119 122 123 121 119 117 116 116 116 117 118 119 120 120 121 121 122 122 123 124 125 126 126 126 126 126 127 127 127 127 128 128 129 130 131 132 133 135 138 142 149 154 152 142 128 121 118 116 114 113 113 116 118 121 122 120
92 90 87 89 87 86 89 94 97 98 103 110 113 114 111 107 102 99 101 105 110 113 120 130 142 150 140 131 126 124 123 122 122 122 121 120 120 119 117 117 118 122 124 123 121 119 117 117 117 118 120 121 122 122 121 121 121 122 123 124 126 127 127 127 127 127 127 128 128 128 128 129 129 130 131 132 133 135 137 140 145 148 146 137 127 120 116 114 114 114 116 118 117 113 109 109
100 101 100 99 96 94 94 93 91 92 101 114 118 116 112 105 99 98 102 107 115 123 131 140 155 159 143 132 128 125 123 123 122 122 121 120 120 119 116 113 114 118 122 124 124 121 118 117 117 119 121 124 126 127 127 125 123 120 120 124 128 129 129 129 128 128 128 128 129 129 129 129 130 131 131 132 133 135 136 138 141 143 141 133 124 118 113 112 114 116 116 115 109 101 99 102
104 104 101 95 95 97 96 92 91 95 104 116 122 117 112 107 103 100 101 109 122 133 140 150 163 162 144 133 128 125 123 123 122 123 122 120 121 122 120 116 113 115 118 121 123 122 119 117 117 119 122 125 128 130 131 128 124 121 121 127 132 132 131 130 129 129 129 129 129 130 130 130 130 131 132 132 133 134 135 136 138 139 139 134 126 122 118 115 115 115 111 106 103 99 100 101
101 101 97 94 98 102 104 103 103 103 107 115 123 123 120 118 112 105 101 111 128 142 152 158 168 163 143 133 128 125 123 122 122 123 122 121 122 124 124 122 117 116 117 120 122 122 120 117 115 117 121 125 128 131 135 134 130 129 129 132 137 136 133 131 130 130 130 130 130 130 131 131 131 131 132 132 133 134 134 135 136 137 138 136 132 128 125 120 116 112 104 97 98 96 96 98
