windninja/windninja_output/Output_2025-10-23_0500-0550_Google earth_Fire_150m_10min/merlingen_7.5mi_point_10-23-2025_0510_150m_vel.asc
ncols	158
nrows	163
xllcorner	391686.332397
yllcorner	5160024.123721
cellsize	150.000000
NODATA_value	-32768.000000
[rows 111 to 147 of 163, columns 0 to 83 of 158]
2.90 2.81 2.99 3.13 2.99 2.77 2.55 2.55 2.64 2.70 2.90 3.10 2.99 3.24 4.13 4.56 3.43 1.85 1.74 3.06 4.47 5.03 4.10 3.32 3.25 3.71 4.42 5.13 6.58 7.91 7.78 6.93 6.48 7.92 10.65 10.70 9.59 8.99 7.54 5.79 5.71 6.34 6.44 6.01 5.86 5.73 5.27 4.88 4.84 4.91 4.86 4.65 4.38 4.36 4.47 4.34 4.17 4.28 4.33 4.04 3.85 3.89 3.78 3.50 3.42 3.54 3.53 3.28 3.02 2.92 3.06 3.51 3.89 3.85 3.81 3.87 3.76 3.61 3.55 3.56 3.59 3.64 3.39 2.97
2.76 2.54 2.45 2.38 2.32 2.33 2.34 2.42 2.51 2.48 2.65 3.38 3.69 3.75 4.50 4.81 3.41 2.06 2.01 3.05 4.31 5.17 4.52 3.37 3.24 4.27 5.04 5.64 6.31 7.05 7.58 7.35 7.05 8.90 11.50 11.35 10.00 8.42 6.36 5.61 5.60 5.53 5.91 6.44 6.21 5.58 4.97 4.68 4.72 4.81 4.79 4.51 4.27 4.36 4.48 4.29 4.13 4.20 4.28 4.08 3.81 3.71 3.67 3.60 3.55 3.56 3.55 3.32 3.09 3.01 3.10 3.42 3.73 3.77 3.77 3.82 3.73 3.56 3.60 3.67 3.70 3.70 3.38 2.98
2.82 2.42 2.02 1.94 2.06 2.21 2.30 2.39 2.43 2.35 2.67 3.85 4.39 4.12 4.54 4.92 3.62 2.66 3.12 3.62 4.26 5.04 4.57 3.28 3.33 4.89 5.62 6.07 6.15 6.30 7.04 7.57 8.12 10.23 11.97 10.73 8.50 6.65 5.40 4.95 4.48 4.68 6.08 6.90 6.21 5.21 4.78 4.74 4.76 4.77 4.70 4.45 4.33 4.41 4.43 4.28 4.13 4.13 4.22 4.10 3.83 3.61 3.60 3.73 3.63 3.54 3.52 3.38 3.31 3.22 3.21 3.47 3.73 3.71 3.70 3.82 3.77 3.62 3.61 3.65 3.81 3.74 3.25 2.88
3.01 2.56 2.01 1.98 2.18 2.28 2.36 2.44 2.29 2.37 3.19 4.48 4.73 4.09 4.41 5.19 4.49 3.86 4.05 4.01 4.20 4.73 4.58 3.82 4.57 5.86 6.14 5.92 6.02 6.20 6.23 7.27 9.04 10.98 11.45 9.27 7.03 5.96 5.08 4.39 4.09 5.24 6.94 7.31 6.17 5.26 5.25 5.23 5.00 4.85 4.69 4.48 4.40 4.38 4.39 4.31 4.14 4.05 4.09 4.07 3.86 3.57 3.61 3.87 3.73 3.55 3.51 3.47 3.48 3.38 3.30 3.48 3.67 3.58 3.57 3.77 3.82 3.74 3.54 3.51 3.85 3.80 3.20 2.84
3.25 2.81 2.35 2.31 2.39 2.40 2.41 2.30 2.20 2.78 4.15 5.17 4.65 3.76 4.43 5.93 5.61 4.56 4.12 3.87 4.18 4.66 4.97 5.50 6.17 6.48 6.16 5.81 6.50 6.49 5.84 6.68 9.02 10.98 10.89 9.11 7.36 6.14 5.04 4.31 4.82 6.60 7.62 7.24 6.37 5.93 5.72 5.27 4.96 4.89 4.76 4.60 4.42 4.27 4.27 4.19 4.04 3.96 3.99 4.07 3.86 3.57 3.64 3.88 3.82 3.56 3.49 3.51 3.49 3.34 3.23 3.29 3.44 3.49 3.50 3.69 3.84 3.79 3.52 3.40 3.83 3.88 3.27 2.78
3.52 3.05 2.58 2.38 2.37 2.35 2.28 2.25 2.60 3.69 5.25 5.45 4.27 3.51 4.78 6.77 6.06 4.42 4.09 4.38 4.99 5.65 6.29 6.81 6.84 6.61 5.93 5.65 6.84 7.08 6.49 6.88 8.28 10.27 10.82 9.45 7.88 6.19 5.30 5.36 6.25 7.54 7.43 6.72 6.38 5.84 5.05 4.59 4.76 4.94 4.90 4.75 4.47 4.23 4.08 3.99 3.95 3.91 3.93 4.02 3.82 3.56 3.64 3.89 3.89 3.55 3.44 3.49 3.46 3.33 3.20 3.17 3.30 3.50 3.52 3.61 3.74 3.77 3.52 3.32 3.73 3.98 3.31 2.62
3.61 3.10 2.50 2.22 2.23 2.29 2.35 2.69 3.58 4.71 5.64 5.15 3.92 3.66 5.30 6.89 5.70 4.24 4.72 5.76 6.46 7.04 7.36 7.42 7.32 7.26 6.62 6.14 7.58 7.39 6.56 6.71 7.69 10.07 11.27 10.16 8.21 6.29 5.90 6.91 7.72 7.62 6.80 6.39 6.13 5.31 4.83 4.96 5.24 5.37 5.30 4.96 4.57 4.25 3.98 3.94 3.99 3.92 3.88 3.93 3.84 3.67 3.77 4.00 3.90 3.52 3.42 3.48 3.42 3.32 3.24 3.20 3.26 3.41 3.57 3.66 3.60 3.60 3.52 3.39 3.78 4.06 3.28 2.44
3.71 3.17 2.47 2.22 2.34 2.49 2.73 3.34 4.34 5.06 5.38 4.78 3.92 4.10 5.32 6.46 5.92 4.79 5.44 6.29 6.68 7.00 7.14 7.34 7.71 7.93 8.07 8.52 8.70 8.00 7.36 7.89 9.59 12.19 11.87 9.99 8.74 7.14 7.28 8.29 7.99 7.11 6.37 6.00 5.71 5.43 5.41 5.66 5.79 5.70 5.37 4.85 4.48 4.17 3.92 3.90 3.95 3.88 3.84 3.91 3.90 3.81 3.94 4.11 3.92 3.61 3.49 3.43 3.33 3.32 3.30 3.24 3.20 3.29 3.55 3.66 3.44 3.39 3.52 3.61 3.91 3.94 3.15 2.38
3.96 3.41 2.61 2.32 2.52 2.71 3.03 3.67 4.51 4.87 4.98 4.74 4.19 4.38 4.89 5.90 6.59 5.73 5.42 5.71 5.95 6.23 6.60 7.15 7.72 8.00 8.28 8.68 8.82 9.18 10.51 11.84 12.87 12.94 10.51 8.31 7.78 8.14 8.74 8.80 7.77 6.79 6.21 6.13 6.26 6.06 5.67 5.64 5.62 5.29 4.86 4.44 4.19 3.97 3.77 3.74 3.81 3.83 3.82 3.90 3.97 3.92 3.99 4.04 3.74 3.49 3.36 3.22 3.18 3.29 3.31 3.21 3.16 3.25 3.46 3.51 3.32 3.29 3.52 3.71 3.83 3.69 3.06 2.56
4.15 3.63 2.83 2.51 2.55 2.58 2.94 3.71 4.55 4.63 4.59 5.07 4.71 4.53 4.61 5.61 6.87 6.40 5.40 5.27 5.42 5.70 6.30 6.99 7.54 7.80 7.82 7.81 8.74 10.32 11.43 11.75 11.40 10.17 8.29 7.15 6.77 7.45 7.83 7.36 7.05 6.84 6.82 6.97 6.85 6.36 6.03 5.99 5.65 5.04 4.61 4.28 4.05 3.89 3.68 3.55 3.67 3.82 3.82 3.92 4.05 3.88 3.68 3.40 2.83 2.74 2.84 2.79 2.97 3.28 3.32 3.19 3.18 3.26 3.30 3.26 3.23 3.27 3.43 3.60 3.65 3.59 3.16 2.82
4.25 3.80 3.28 3.30 3.24 2.99 3.25 3.97 4.64 4.45 4.36 5.52 5.26 4.76 4.86 5.53 6.71 6.57 5.38 4.85 4.82 5.22 5.86 6.59 7.39 7.74 7.65 7.94 9.60 11.19 10.89 9.78 9.07 8.23 7.53 6.85 6.13 5.94 5.36 5.24 5.60 5.95 6.23 6.12 5.82 5.73 5.88 5.85 5.36 4.87 4.44 4.15 4.03 3.87 3.63 3.51 3.71 3.84 3.78 3.85 3.76 3.18 2.65 2.30 1.97 2.32 2.77 2.73 2.91 3.28 3.27 3.13 3.19 3.25 3.18 3.08 3.09 3.19 3.35 3.52 3.59 3.62 3.36 3.15
4.28 3.92 3.74 3.89 3.91 3.95 4.11 4.35 4.66 4.27 4.29 5.98 5.80 4.80 4.69 5.08 6.17 6.19 4.64 3.97 4.22 4.91 5.50 6.14 7.27 7.51 7.52 8.47 10.75 11.88 10.49 9.39 8.69 7.45 7.07 6.53 5.57 5.15 4.53 4.31 4.34 4.43 4.67 4.54 4.45 4.62 4.71 4.48 4.36 4.22 4.03 3.97 3.86 3.64 3.53 3.56 3.70 3.73 3.55 3.37 2.82 2.07 1.77 1.80 1.97 2.65 3.23 3.18 3.14 3.19 3.14 3.11 3.23 3.26 3.14 2.99 2.92 3.06 3.31 3.47 3.60 3.77 3.67 3.57
3.95 3.63 3.48 3.49 3.47 3.71 4.01 4.24 4.49 4.22 4.46 6.39 5.95 4.21 3.92 4.49 5.37 5.48 4.25 3.66 4.09 4.75 5.21 6.00 7.08 7.37 7.43 9.00 12.31 12.66 9.96 8.74 8.04 6.80 6.66 6.33 5.24 4.86 4.54 4.06 3.90 3.95 4.00 4.04 4.15 4.26 4.12 3.84 3.81 3.81 3.88 3.90 3.64 3.42 3.32 3.19 3.09 3.03 2.77 2.42 1.85 1.56 1.81 2.16 2.50 3.17 3.55 3.48 3.33 3.07 3.00 3.17 3.28 3.24 3.10 2.96 2.88 3.04 3.34 3.45 3.63 4.00 4.07 3.76
3.72 3.40 3.18 3.11 3.13 3.42 3.67 3.84 4.25 4.31 4.86 6.08 4.92 3.32 3.40 4.06 4.57 4.71 4.37 4.14 4.49 4.94 5.31 6.09 6.85 7.16 7.84 11.04 14.99 12.99 8.68 7.71 7.48 6.61 6.32 6.05 5.06 4.66 4.46 3.90 3.80 3.77 3.68 3.85 4.16 4.29 4.21 3.98 3.83 3.92 4.05 3.90 3.54 3.34 3.17 2.85 2.50 2.31 2.18 1.82 1.64 2.08 2.54 2.75 3.04 3.44 3.51 3.40 3.27 2.89 2.79 3.08 3.23 3.17 3.14 3.05 3.03 3.19 3.45 3.54 3.64 4.06 4.14 3.58
3.61 3.42 3.31 3.33 3.44 3.57 3.61 3.84 4.51 4.70 5.00 5.29 4.04 2.73 3.02 3.66 4.04 4.08 4.25 4.90 5.70 6.06 6.03 6.34 7.37 8.40 11.17 16.27 15.79 10.76 7.02 6.72 7.02 6.28 5.79 5.78 5.05 4.53 4.38 3.89 3.58 3.49 3.48 3.69 4.04 4.24 4.31 4.11 3.94 3.95 3.85 3.65 3.47 3.33 3.15 2.91 2.65 2.50 2.47 2.26 2.43 2.94 3.10 3.07 3.22 3.40 3.32 3.20 3.08 2.82 2.70 3.00 3.26 3.23 3.24 3.20 3.17 3.27 3.44 3.51 3.47 3.86 4.03 3.54
3.25 3.16 3.18 3.33 3.40 3.43 3.59 4.24 4.86 4.85 4.73 4.60 3.73 2.82 3.23 3.75 3.81 3.77 4.22 5.09 6.30 7.96 8.23 8.37 11.46 14.72 16.01 15.85 11.83 7.52 6.22 6.21 6.56 5.87 5.43 5.59 5.00 4.33 4.09 3.66 3.34 3.30 3.41 3.66 4.05 4.43 4.49 4.26 4.06 3.85 3.54 3.31 3.21 3.14 2.97 2.77 2.64 2.66 2.84 2.95 3.12 3.23 3.07 2.94 3.06 3.17 3.08 2.97 2.90 2.78 2.83 3.18 3.43 3.41 3.39 3.36 3.28 3.20 3.30 3.38 3.35 3.69 3.94 3.69
3.21 3.09 3.11 3.23 3.36 3.56 3.97 4.67 4.92 4.74 4.41 4.23 4.10 3.93 4.32 4.25 3.93 4.18 4.91 6.09 8.84 11.88 12.88 13.26 14.02 14.88 13.31 9.72 7.30 6.02 5.69 5.99 6.26 5.68 5.27 5.24 4.78 4.21 3.69 3.38 3.15 3.10 3.38 3.74 4.18 4.57 4.40 3.97 3.69 3.46 3.30 3.15 2.95 2.84 2.72 2.55 2.44 2.59 2.88 2.95 2.94 2.89 2.73 2.70 2.88 2.97 2.89 2.79 2.74 2.71 2.90 3.28 3.49 3.51 3.53 3.56 3.32 3.24 3.45 3.53 3.56 3.82 3.91 3.77
3.28 3.12 3.05 3.14 3.29 3.63 4.22 4.71 4.78 4.56 4.34 4.55 5.03 5.21 5.16 4.65 4.53 5.38 7.41 12.26 14.88 14.05 12.79 11.61 10.85 9.74 8.04 6.43 5.45 5.03 5.28 5.89 5.99 5.35 4.81 4.67 4.53 4.03 3.35 3.15 3.07 3.14 3.52 3.90 4.33 4.58 4.19 3.43 3.07 3.02 3.00 2.93 2.84 2.75 2.64 2.52 2.45 2.58 2.74 2.67 2.60 2.56 2.54 2.65 2.78 2.83 2.75 2.65 2.62 2.63 2.85 3.25 3.51 3.50 3.49 3.57 3.44 3.41 3.66 3.78 3.95 4.09 3.99 3.91
3.15 2.92 2.70 2.74 2.88 3.23 3.82 4.36 4.44 4.33 4.50 5.01 5.29 5.33 5.36 5.67 6.08 7.87 12.69 16.55 14.48 10.39 8.44 7.29 7.20 7.34 6.80 5.65 4.70 4.66 5.13 5.43 5.21 4.64 4.30 4.31 4.24 3.62 3.08 3.07 3.18 3.35 3.65 4.08 4.52 4.64 4.11 3.31 3.07 3.09 3.03 2.82 2.66 2.60 2.52 2.46 2.46 2.50 2.54 2.51 2.49 2.48 2.52 2.59 2.68 2.70 2.61 2.56 2.55 2.58 2.77 3.16 3.49 3.54 3.50 3.66 3.66 3.48 3.61 3.93 4.14 4.18 4.09 3.98
3.20 2.96 2.73 2.74 2.80 3.08 3.53 3.88 4.03 4.13 4.42 4.53 4.39 4.57 5.07 6.31 8.64 12.11 15.11 13.98 9.23 7.04 6.69 6.53 6.84 7.25 6.39 5.03 4.78 5.00 5.02 4.76 4.42 4.15 4.03 4.04 3.94 3.51 3.19 3.27 3.44 3.65 4.05 4.53 4.87 4.72 3.95 3.24 3.13 3.06 2.85 2.62 2.40 2.30 2.29 2.31 2.33 2.37 2.44 2.46 2.42 2.39 2.41 2.49 2.56 2.56 2.54 2.54 2.50 2.52 2.72 3.10 3.41 3.54 3.63 3.91 3.94 3.57 3.68 4.10 4.26 4.27 4.04 3.73
3.40 3.21 3.04 2.99 3.05 3.43 3.70 3.66 3.77 3.90 3.89 3.69 3.62 4.00 4.91 6.57 9.90 12.95 12.44 8.64 6.93 6.64 6.49 6.46 6.89 7.02 5.62 4.91 5.01 5.08 4.95 4.71 4.38 4.04 3.91 4.04 4.15 4.17 3.94 3.85 4.11 4.42 4.76 5.03 4.99 4.34 3.36 2.76 2.73 2.65 2.38 2.22 2.19 2.14 2.12 2.11 2.06 2.09 2.20 2.20 2.12 2.15 2.26 2.38 2.44 2.48 2.53 2.51 2.47 2.48 2.71 3.10 3.28 3.50 3.82 4.15 4.28 3.90 3.84 4.28 4.60 4.41 3.85 3.46
3.34 3.13 2.93 2.98 3.31 3.83 4.02 3.88 3.87 3.84 3.58 3.47 3.61 4.18 5.41 7.05 10.58 12.35 9.64 6.99 6.65 6.57 6.52 6.65 6.92 6.55 5.09 4.48 4.50 4.30 4.27 4.27 4.02 3.89 4.12 4.50 4.82 4.98 4.87 4.89 5.23 5.40 5.35 5.36 4.90 3.60 2.57 2.24 2.25 2.15 1.94 1.92 2.00 2.04 2.02 1.98 1.91 1.89 1.94 1.91 1.94 2.16 2.24 2.29 2.37 2.41 2.49 2.51 2.46 2.48 2.78 3.09 3.17 3.50 3.93 4.34 4.74 4.31 3.96 4.44 4.81 4.37 3.65 3.40
3.25 2.98 2.84 3.12 3.63 3.99 3.99 4.06 4.29 4.34 4.14 4.01 4.02 4.77 6.05 8.47 12.34 12.45 9.67 7.65 7.23 7.02 6.93 6.86 6.50 5.56 4.49 4.10 4.02 3.76 3.63 3.63 3.56 3.90 4.53 4.90 5.07 5.03 4.88 5.18 5.61 5.68 5.62 5.49 4.69 3.30 2.50 2.16 1.87 1.61 1.59 1.69 1.82 1.91 1.94 1.93 1.88 1.89 1.98 2.06 2.24 2.43 2.34 2.29 2.35 2.36 2.45 2.51 2.48 2.60 2.89 3.09 3.20 3.47 3.87 4.51 5.04 4.47 4.01 4.46 4.67 4.11 3.47 3.25
3.47 3.27 3.25 3.52 3.87 3.91 3.89 4.20 4.57 4.85 5.12 5.04 5.20 5.88 8.23 12.62 13.99 11.91 9.18 7.84 7.40 7.02 6.61 6.12 5.29 4.70 4.37 4.25 4.16 4.01 3.81 3.75 3.79 4.16 4.55 4.71 4.78 4.56 4.51 5.02 5.40 5.38 5.36 4.92 3.84 3.13 2.68 2.21 1.69 1.48 1.54 1.64 1.71 1.77 1.82 1.82 1.80 1.88 2.04 2.21 2.41 2.40 2.25 2.23 2.29 2.35 2.40 2.47 2.61 2.82 3.00 3.18 3.30 3.29 3.66 4.53 5.10 4.67 4.10 4.34 4.44 3.85 3.15 2.92
3.48 3.50 3.64 3.84 3.96 3.96 4.08 4.36 4.56 4.86 5.09 5.24 5.62 7.29 11.96 14.55 12.77 9.95 8.09 7.20 6.65 5.94 5.45 4.85 4.29 4.22 4.34 4.43 4.51 4.56 4.40 4.27 4.31 4.38 4.41 4.46 4.29 4.06 4.46 5.20 5.26 4.87 4.54 3.77 3.06 2.78 2.47 2.02 1.72 1.61 1.62 1.66 1.66 1.66 1.67 1.68 1.72 1.86 2.05 2.23 2.32 2.24 2.17 2.19 2.24 2.30 2.29 2.41 2.82 3.09 3.22 3.34 3.34 3.22 3.53 4.35 4.96 4.91 4.28 4.22 4.12 3.52 2.99 2.91
3.23 3.39 3.56 3.62 3.76 3.93 4.11 4.18 4.17 4.26 4.31 4.55 5.07 7.84 12.92 12.83 9.84 8.59 7.41 6.56 5.66 4.68 4.38 4.27 4.13 4.11 4.25 4.53 4.80 4.90 4.72 4.51 4.47 4.39 4.47 4.52 4.18 3.96 4.53 5.23 4.87 4.32 3.75 2.80 2.42 2.17 1.89 1.65 1.54 1.47 1.46 1.50 1.54 1.58 1.61 1.62 1.71 1.97 2.23 2.37 2.35 2.26 2.24 2.23 2.19 2.17 2.16 2.36 2.94 3.29 3.33 3.33 3.42 3.47 3.62 4.12 4.74 4.88 4.50 4.21 3.92 3.44 3.20 3.36
2.97 3.05 3.17 3.17 3.29 3.53 3.61 3.58 3.60 3.77 3.94 4.46 5.22 8.80 12.84 11.35 9.05 7.97 6.58 5.72 5.01 4.23 3.96 4.09 4.04 4.03 4.26 4.74 5.04 4.76 4.16 3.96 4.06 4.25 4.54 4.58 4.23 4.02 4.57 5.17 4.64 3.81 2.83 2.00 1.68 1.44 1.34 1.33 1.29 1.24 1.26 1.32 1.41 1.48 1.53 1.61 1.84 2.22 2.41 2.42 2.36 2.28 2.25 2.15 2.02 1.96 2.01 2.29 2.87 3.34 3.35 3.30 3.48 3.58 3.50 3.82 4.51 4.72 4.54 4.47 4.17 3.61 3.59 3.92
2.85 2.75 2.73 2.79 2.95 3.03 2.92 2.94 3.29 3.82 4.42 5.26 6.93 11.84 13.61 10.87 8.61 6.94 5.37 4.91 4.72 4.20 3.93 3.90 3.75 3.83 4.21 4.82 4.97 4.37 3.83 3.74 4.04 4.31 4.45 4.31 3.98 4.07 4.81 5.22 4.30 2.87 1.89 1.39 1.19 1.10 1.11 1.17 1.17 1.15 1.21 1.31 1.39 1.44 1.52 1.75 2.15 2.43 2.42 2.36 2.32 2.26 2.21 2.02 1.80 1.72 1.84 2.22 2.79 3.34 3.59 3.59 3.66 3.69 3.54 3.60 4.21 4.52 4.39 4.63 4.58 3.81 4.13 4.32
3.01 2.74 2.52 2.78 3.09 2.93 2.66 2.86 3.38 4.00 4.98 6.73 10.78 14.59 13.13 8.98 6.94 5.73 4.76 4.46 4.63 4.32 3.99 3.75 3.58 3.76 4.21 4.66 4.63 4.11 3.91 4.19 4.42 4.24 4.22 4.09 3.97 4.53 5.17 4.87 3.29 1.86 1.28 0.96 0.90 0.92 0.99 1.07 1.09 1.12 1.21 1.34 1.45 1.56 1.79 2.16 2.46 2.48 2.40 2.36 2.29 2.26 2.21 1.95 1.68 1.63 1.86 2.35 2.88 3.34 3.83 4.15 4.07 3.91 3.78 3.66 3.88 4.25 4.22 4.66 4.97 4.83 5.21 4.78
3.17 2.90 2.70 3.03 3.16 3.10 3.26 3.53 3.73 4.57 5.94 8.61 13.91 14.31 9.43 6.38 5.53 4.94 4.45 4.54 4.77 4.56 4.06 3.72 3.67 3.93 4.22 4.37 4.34 3.99 3.93 4.28 4.31 4.21 4.54 4.62 4.55 4.86 4.75 3.72 2.10 1.22 0.86 0.64 0.64 0.71 0.84 0.95 1.01 1.06 1.15 1.28 1.49 1.82 2.25 2.54 2.56 2.47 2.41 2.34 2.30 2.37 2.29 2.08 2.00 2.11 2.37 2.75 3.09 3.50 4.05 4.46 4.35 4.07 4.04 3.73 3.52 3.98 4.29 4.81 5.65 5.92 5.34 4.41
3.24 3.03 2.75 2.72 2.66 3.07 3.95 4.41 4.64 6.02 7.71 11.66 14.34 10.50 6.10 5.22 4.81 4.61 4.65 5.14 5.35 5.04 4.46 4.13 4.08 4.15 4.20 4.08 4.02 3.85 3.91 4.16 4.30 4.61 5.00 4.98 4.84 4.62 3.76 2.40 1.35 0.86 0.64 0.56 0.58 0.65 0.76 0.87 0.94 1.00 1.02 1.09 1.42 1.99 2.47 2.62 2.60 2.55 2.51 2.48 2.55 2.62 2.54 2.54 2.83 3.30 3.68 3.83 3.90 4.26 4.51 4.54 4.60 4.70 4.52 3.69 3.17 3.72 4.46 5.22 6.29 6.11 4.51 3.56
3.22 2.96 2.44 2.25 2.49 3.21 3.96 4.62 5.78 6.97 8.99 13.38 12.95 6.64 4.83 4.76 4.61 4.97 5.36 5.65 5.50 5.12 4.94 4.97 4.97 4.67 4.25 3.80 3.64 3.71 3.88 4.20 4.49 4.70 4.76 4.67 4.48 3.91 2.82 1.73 1.15 0.89 0.78 0.74 0.72 0.71 0.75 0.82 0.87 0.86 0.86 1.04 1.54 2.00 2.33 2.47 2.49 2.57 2.67 2.78 2.88 2.89 2.91 3.10 3.54 4.14 4.53 4.70 4.81 4.87 4.73 4.59 5.05 5.45 4.76 3.64 3.16 3.65 4.64 5.84 6.30 5.67 4.75 3.99
3.45 3.12 2.69 2.58 2.88 3.34 3.88 4.68 6.00 6.78 9.35 11.88 9.31 5.52 4.87 4.85 4.99 5.64 5.90 5.29 4.70 4.50 4.61 4.97 5.21 5.15 4.65 4.01 3.77 3.96 4.21 4.51 4.52 4.30 4.29 4.08 3.47 2.55 1.83 1.41 1.16 1.02 0.93 0.87 0.83 0.78 0.76 0.76 0.75 0.73 0.89 1.42 2.04 2.44 2.59 2.42 2.37 2.55 2.70 2.84 2.97 3.06 3.17 3.40 3.69 3.93 4.12 4.34 4.48 4.49 4.41 4.60 5.30 5.34 4.34 3.62 3.53 3.73 4.88 6.04 5.56 5.16 5.46 4.55
3.81 3.37 3.24 3.29 3.19 3.25 3.92 4.85 5.71 6.15 8.33 10.71 8.49 5.99 5.46 5.10 5.27 5.92 5.53 4.19 3.90 4.04 4.17 4.34 4.32 4.26 4.36 4.53 4.61 4.57 4.56 4.68 4.38 3.95 3.77 2.97 1.93 1.40 1.23 1.16 1.07 1.01 0.93 0.86 0.82 0.79 0.75 0.73 0.73 0.84 1.29 1.95 2.51 2.84 2.70 2.36 2.42 2.56 2.61 2.85 3.19 3.34 3.39 3.45 3.42 3.47 3.76 3.88 3.81 3.81 4.03 4.49 5.15 5.00 3.95 3.52 3.58 3.70 4.96 5.68 4.79 5.24 5.78 4.06
3.82 3.30 3.33 3.66 3.78 3.84 4.32 5.04 5.89 6.10 7.29 11.09 10.60 7.43 6.35 5.58 5.62 5.87 4.54 3.53 3.65 3.87 4.05 3.98 3.57 3.37 3.71 4.37 4.80 4.87 4.73 4.62 4.14 3.59 3.05 1.83 0.99 0.77 0.86 0.95 0.98 0.94 0.87 0.81 0.77 0.75 0.73 0.75 0.87 1.22 1.78 2.27 2.71 2.82 2.55 2.47 2.66 2.78 3.02 3.52 3.76 3.75 3.70 3.54 3.33 3.45 3.72 3.58 3.41 3.54 3.78 4.29 4.94 4.78 3.74 3.17 3.26 3.70 4.89 5.24 4.88 5.89 5.46 2.68
3.55 3.09 3.32 3.92 4.59 5.18 5.48 5.83 6.60 6.60 8.46 12.75 11.61 7.95 7.05 6.63 6.57 6.15 4.72 3.98 4.07 3.99 3.90 3.60 3.35 3.45 3.61 3.75 3.88 4.12 4.36 4.24 3.70 2.92 1.91 1.10 0.63 0.58 0.71 0.83 0.89 0.89 0.86 0.82 0.82 0.83 0.84 0.90 1.13 1.56 1.94 2.34 2.79 2.88 2.85 3.01 3.14 3.35 3.81 4.11 4.04 3.88 3.80 3.78 3.91 4.10 4.03 3.69 3.57 3.69 3.77 4.08 4.70 4.65 3.63 2.88 3.04 3.83 4.55 4.97 5.81 5.98 3.94 1.93
3.20 2.89 3.20 3.79 4.70 5.65 6.05 6.54 7.23 8.57 12.47 13.64 9.60 6.54 6.24 6.36 6.37 5.98 5.58 5.40 5.24 4.85 4.14 3.49 3.33 3.60 3.64 3.59 3.64 3.37 3.06 2.97 2.52 1.76 1.18 0.85 0.66 0.71 0.82 0.86 0.85 0.87 0.93 0.98 1.00 1.01 1.04 1.14 1.45 1.75 1.99 2.41 2.88 2.96 3.01 3.19 3.44 3.82 4.04 4.04 3.86 3.73 3.76 4.04 4.47 4.74 4.82 4.89 4.94 4.85 4.75 4.71 4.85 4.73 3.73 3.07 3.62 4.70 4.99 5.51 6.22 4.57 2.27 1.45
