windninja/windninja_output/Output_2025-10-23_0500-0550_Google earth_Fire_150m_10min/merlingen_7.5mi_point_10-23-2025_0520_150m_ang.asc
ncols	158
nrows	163
xllcorner	391686.332397
yllcorner	5160024.123721
cellsize	150.000000
NODATA_value	-32768.000000
[rows 92 to 137 of 163, columns 0 to 95 of 158]
100 101 103 104 106 111 119 126 125 113 108 111 116 118 118 117 116 114 112 119 130 151 158 158 166 149 131 123 119 116 115 114 114 115 116 115 114 115 117 116 111 105 104 107 110 111 109 105 103 104 108 113 118 122 127 127 123 121 119 119 124 126 123 120 119 118 118 118 118 118 118 118 119 119 120 120 121 122 123 124 126 127 129 129 126 123 119 115 109 100 88 86 89 89 88 91
103 105 110 113 114 119 127 139 145 128 116 120 128 133 135 130 129 128 124 123 127 149 153 153 155 136 124 119 117 115 113 112 112 115 116 115 114 114 115 117 116 109 103 104 107 108 107 105 103 103 105 112 120 123 126 127 121 116 113 112 116 122 122 120 119 118 118 118 118 118 118 118 118 119 119 120 120 121 122 123 123 124 124 124 122 118 114 110 101 91 86 88 90 90 90 92
104 106 111 114 115 117 124 137 150 137 123 124 133 140 142 134 130 128 120 109 99 76 51 83 120 122 119 117 114 111 108 109 112 116 117 116 114 115 115 117 119 116 108 104 105 107 108 108 107 106 109 116 124 125 123 123 118 113 111 111 113 118 120 119 118 118 118 117 118 118 118 118 118 118 119 119 120 120 120 121 121 121 121 121 119 115 112 106 99 94 93 93 94 94 94 94
100 102 107 111 110 110 112 124 140 134 121 115 117 117 122 115 114 109 101 84 61 43 36 55 94 112 115 114 112 110 109 111 114 117 118 116 115 115 115 116 120 122 116 109 108 110 112 113 113 115 116 118 124 124 121 120 119 116 115 113 113 117 118 118 118 118 118 117 118 118 118 118 118 118 118 119 119 119 119 120 120 119 119 118 116 114 111 107 103 100 99 98 97 97 96 96
100 101 104 108 105 100 98 105 116 117 110 102 94 91 97 97 96 96 86 56 37 38 43 66 94 109 113 113 112 114 114 113 113 114 116 116 115 114 115 116 119 124 122 116 113 114 116 118 119 119 117 113 115 119 118 117 118 116 116 115 115 116 118 118 118 118 118 118 118 118 118 118 118 118 118 118 118 118 118 118 118 118 117 116 115 113 111 108 106 103 102 101 100 99 98 98
103 102 103 102 97 89 85 86 91 96 96 88 82 86 91 94 96 94 75 43 31 39 56 79 102 114 116 114 114 114 112 108 106 107 111 113 113 114 115 117 119 124 125 120 116 115 115 115 114 111 107 105 107 113 115 114 114 115 115 115 115 116 117 117 118 118 118 118 118 118 118 117 117 118 118 118 118 118 118 118 117 117 116 115 114 113 111 109 107 105 104 102 101 100 100 99
100 99 96 92 90 85 80 77 77 78 75 74 77 83 87 90 90 80 57 41 38 51 75 95 114 121 117 113 111 109 106 104 103 104 107 110 111 113 116 118 120 123 126 122 116 113 111 109 105 102 102 103 105 109 112 112 112 114 116 115 115 115 115 117 118 118 118 118 118 118 118 117 117 117 117 117 117 117 117 117 117 116 116 115 114 112 111 109 108 106 105 104 103 102 101 100
93 91 86 85 86 83 79 75 71 66 66 68 72 81 86 84 76 62 47 41 52 77 97 106 116 114 108 107 106 104 102 103 103 104 107 110 112 113 116 119 121 123 127 125 119 115 113 109 106 104 104 106 107 108 111 112 113 113 115 117 117 116 115 116 117 118 119 119 118 118 118 117 117 117 117 117 117 117 116 116 116 116 115 114 113 112 111 110 108 107 106 105 104 103 102 101
94 90 84 83 80 77 75 74 69 65 64 62 61 69 73 71 68 63 55 60 82 99 102 95 77 81 92 98 99 98 98 99 102 105 109 111 112 113 115 120 123 124 127 128 123 117 114 111 108 107 107 108 109 110 111 113 113 112 114 118 119 118 116 116 117 119 120 120 119 118 117 117 117 117 117 116 116 116 116 116 116 115 115 114 113 112 111 110 109 108 106 105 104 103 102 101
98 95 87 82 76 73 71 70 68 67 65 62 60 60 63 67 74 79 80 91 103 105 91 63 54 69 83 88 91 92 93 97 101 105 109 112 112 112 114 119 125 126 127 129 126 119 114 112 111 110 109 109 111 111 111 112 113 113 114 117 119 118 117 116 118 120 121 121 120 118 116 116 116 116 116 116 116 116 116 116 115 115 115 114 113 112 111 110 109 108 107 106 105 104 103 102
102 98 90 83 77 74 72 71 70 69 68 67 64 63 73 83 88 92 99 102 101 89 63 55 60 70 78 83 86 90 94 97 101 104 108 111 113 114 115 118 124 127 127 129 129 124 119 116 115 113 111 110 111 112 112 113 115 115 114 116 119 120 119 117 117 119 121 121 120 116 114 115 117 116 116 115 115 115 115 115 115 115 114 114 113 112 112 111 110 109 107 106 105 104 103 102
106 102 93 86 80 78 76 73 72 72 72 73 75 84 93 95 94 96 100 98 85 58 52 60 64 67 75 83 89 93 97 98 100 103 107 111 115 116 115 116 121 126 127 129 131 129 123 118 116 114 112 112 112 114 114 115 116 115 115 116 120 122 121 118 117 118 120 120 119 116 113 114 116 116 115 115 115 115 115 115 115 115 115 114 114 113 112 111 110 109 108 107 106 105 104 103
111 106 97 88 83 80 78 76 74 75 77 80 86 95 100 99 94 91 89 80 64 53 58 64 64 67 76 85 91 96 99 99 100 102 106 109 114 116 116 117 121 126 128 129 131 131 126 121 118 115 114 114 114 115 115 116 116 116 116 117 118 120 121 119 117 117 119 121 121 118 114 112 113 114 112 112 113 114 115 115 115 115 115 115 114 113 112 111 110 109 108 107 106 105 104 103
117 111 100 91 85 82 80 77 75 78 81 85 90 96 99 99 93 86 78 70 62 62 66 66 67 73 80 86 91 95 99 101 102 103 104 107 113 119 120 121 124 127 128 129 132 133 130 126 123 120 118 117 116 116 116 116 117 116 116 116 117 118 119 118 117 116 119 122 122 119 114 111 110 111 111 111 113 114 114 114 115 116 116 115 115 114 113 111 110 109 108 107 106 105 104 103
124 118 105 93 87 84 81 78 78 82 88 93 97 101 101 98 92 86 78 71 68 71 73 71 73 78 82 85 89 95 101 105 107 103 102 107 116 122 124 125 126 128 129 130 133 134 134 131 128 125 121 120 119 117 117 117 118 117 116 115 116 118 118 118 118 117 118 121 123 119 114 112 110 111 114 114 115 115 113 113 116 119 118 117 115 114 113 112 111 110 108 107 106 105 104 103
138 129 112 99 91 87 87 90 94 98 102 106 106 103 100 98 94 89 83 75 74 80 84 83 80 81 84 84 88 97 105 109 111 103 102 112 120 125 124 125 128 130 130 131 134 136 137 135 132 129 124 120 120 119 118 117 118 118 117 116 115 117 119 119 119 119 118 120 123 120 115 112 111 111 112 113 114 117 118 116 117 120 121 119 117 115 114 112 111 110 108 107 106 105 104 103
158 147 123 110 104 103 107 111 112 109 105 103 100 95 94 96 97 93 86 81 84 89 94 96 89 84 87 89 89 98 107 110 112 103 106 117 124 125 123 126 132 132 130 133 136 137 140 140 137 133 127 123 121 121 119 118 118 119 119 118 117 116 119 120 118 118 118 119 123 123 117 112 111 112 111 112 113 117 119 117 115 117 121 121 119 116 114 112 111 109 108 107 106 105 104 103
180 168 139 126 123 121 118 115 111 103 95 91 90 90 92 98 103 101 92 90 94 97 100 103 101 95 94 94 92 99 108 111 113 106 108 118 123 123 126 131 133 129 129 134 137 138 140 143 141 137 132 128 125 123 122 120 119 119 120 122 120 117 118 120 117 116 118 119 121 124 119 112 111 113 113 113 113 114 116 115 113 114 119 123 121 118 115 113 111 109 108 106 106 105 104 102
195 180 149 134 127 120 112 104 98 92 89 88 90 93 96 103 111 115 102 95 96 102 109 113 114 108 102 100 98 102 109 113 113 107 107 116 123 126 131 135 132 126 128 134 137 138 141 145 144 140 136 132 128 126 124 124 122 120 120 123 122 118 117 118 117 115 117 120 121 124 122 116 113 113 113 112 111 111 112 113 113 112 116 121 122 119 115 112 110 108 107 106 105 104 103 102
198 181 153 136 124 113 105 99 96 93 90 89 94 100 104 109 119 137 122 100 97 105 118 125 122 117 114 112 105 102 107 113 113 107 109 118 126 132 137 139 135 131 129 132 136 138 141 145 146 143 139 135 132 128 126 126 125 121 119 122 123 120 117 118 119 117 117 119 122 124 124 119 113 112 111 111 110 108 108 110 111 112 114 118 121 120 115 112 108 106 104 104 104 104 103 101
201 185 157 138 123 115 111 107 103 99 94 96 105 112 110 113 126 154 144 117 107 108 120 134 128 119 120 119 113 105 103 110 114 111 115 124 132 137 142 141 137 131 125 129 137 140 141 143 144 143 141 140 137 131 127 128 128 125 121 122 125 123 119 119 121 120 118 119 122 124 123 119 114 112 110 110 110 109 108 108 109 112 114 116 119 119 114 109 105 102 102 105 106 105 104 101
209 196 167 146 129 121 118 115 112 109 107 106 112 119 115 114 129 160 155 136 120 113 118 135 129 119 122 123 120 112 105 105 110 113 118 126 133 137 141 139 135 126 121 126 138 143 142 141 143 143 143 144 142 135 130 130 131 128 124 123 126 127 123 121 123 123 121 121 122 125 125 121 118 115 112 109 110 111 110 107 107 110 113 113 116 117 111 105 102 100 105 110 110 107 103 100
216 206 181 157 141 132 127 124 121 117 115 115 119 123 117 116 131 158 160 144 129 118 119 130 130 128 130 129 124 122 114 105 106 112 118 124 127 131 137 138 133 125 124 128 137 143 144 144 144 144 145 147 145 140 134 132 133 132 127 125 127 130 127 124 125 126 124 123 123 126 127 123 119 117 114 110 109 111 111 108 105 107 111 111 113 115 108 103 103 106 110 115 112 106 99 97
222 211 187 166 152 144 136 133 129 123 122 122 126 127 117 118 134 159 165 151 136 128 128 132 135 136 138 136 131 132 130 116 109 110 118 124 128 131 135 137 133 129 130 132 137 144 148 149 147 145 147 149 149 144 137 134 133 134 131 128 129 132 130 126 126 129 128 125 124 125 126 123 118 116 116 112 109 109 111 110 105 105 109 111 111 114 109 106 108 110 112 113 110 103 98 99
223 212 191 173 159 152 144 141 135 128 126 130 135 135 120 120 135 162 171 159 147 142 139 136 138 140 143 139 131 138 142 130 116 111 117 127 133 138 136 135 134 133 135 136 137 144 149 149 145 145 147 150 153 149 142 136 134 135 134 130 131 133 132 128 128 131 131 127 126 126 126 124 119 115 115 114 110 108 109 109 105 105 109 110 108 111 111 109 110 111 111 110 107 104 103 104
222 214 198 179 164 157 153 147 138 131 129 134 144 142 124 119 131 160 167 160 151 145 140 137 138 143 151 146 137 141 144 135 125 120 124 132 138 144 140 137 139 139 139 138 138 143 147 147 146 147 149 154 157 155 148 140 137 137 136 133 133 136 135 132 131 133 133 131 129 128 128 127 123 117 114 115 114 109 106 107 106 106 109 110 107 109 113 111 110 110 108 107 107 106 106 105
226 220 204 184 168 161 158 148 137 132 129 136 150 145 127 117 124 149 159 155 148 141 137 134 134 139 148 148 146 150 149 143 139 132 133 142 148 152 146 143 146 146 143 139 137 141 146 149 150 151 152 157 160 159 154 145 139 138 138 136 135 138 137 135 135 137 137 134 132 130 129 130 127 121 116 114 115 112 108 108 108 107 109 110 110 111 113 112 109 108 107 107 108 105 104 103
229 224 207 185 169 163 157 145 135 131 128 133 150 146 132 119 121 139 152 151 145 138 134 130 129 130 133 137 142 149 149 149 144 136 135 144 154 159 156 155 156 152 147 143 141 144 147 149 151 153 154 158 161 162 158 149 142 140 140 138 137 139 138 136 137 138 138 137 134 130 130 131 130 126 119 114 113 112 110 108 107 105 106 110 112 113 114 112 110 108 107 107 105 100 100 103
230 225 208 186 171 164 152 141 134 133 130 130 146 151 140 126 121 132 148 150 145 139 133 128 124 124 124 126 131 135 138 141 137 132 131 137 150 157 160 166 167 163 156 152 152 152 151 151 154 155 156 159 162 164 162 153 144 141 141 140 138 140 138 134 131 128 128 133 133 130 130 132 131 129 124 118 112 110 109 107 105 104 106 110 112 115 116 113 109 107 106 104 101 96 100 108
229 223 203 184 177 171 156 142 136 137 135 128 140 154 147 133 123 129 145 152 147 137 130 125 121 120 122 125 126 126 125 125 126 126 127 131 140 146 153 164 169 168 161 157 156 156 156 158 161 160 159 160 163 167 166 158 148 143 143 141 138 138 135 126 119 113 114 123 129 129 130 131 131 130 128 124 117 111 107 106 105 105 108 111 114 117 118 115 110 107 106 103 99 98 103 111
224 216 195 181 177 171 162 150 142 143 138 127 138 155 149 136 124 124 140 149 145 136 129 123 117 116 118 121 122 121 123 124 123 125 125 125 133 135 140 152 161 164 160 154 151 150 152 158 163 163 161 160 164 169 167 160 151 145 144 141 137 134 128 124 125 122 121 125 129 129 128 129 130 130 131 130 124 116 111 107 105 106 110 115 117 119 120 116 111 108 107 105 100 100 105 112
220 213 193 181 174 166 159 152 145 148 140 130 138 156 150 137 125 120 130 141 138 134 129 121 113 112 113 115 118 120 125 125 120 123 124 123 131 135 135 147 155 160 161 157 149 144 145 153 160 162 160 160 166 171 168 161 151 144 141 139 137 136 134 137 138 133 130 130 131 132 129 127 128 129 130 132 131 125 118 113 109 108 113 118 118 119 120 116 110 108 108 108 102 102 108 114
220 212 195 185 175 164 157 151 145 148 143 134 141 156 150 136 125 120 123 133 135 133 129 124 120 115 112 116 122 126 130 127 121 123 125 121 127 135 136 144 153 158 163 161 156 150 147 152 159 162 162 163 169 172 170 166 158 147 141 142 146 145 145 146 143 138 134 132 131 133 130 123 122 124 128 132 134 131 125 121 116 110 109 114 115 116 119 114 108 108 110 115 109 106 110 115
216 209 196 187 177 166 159 153 146 148 144 138 144 153 145 134 127 125 127 132 134 136 137 131 126 124 125 131 133 136 140 131 123 123 125 121 124 134 137 142 150 156 162 163 159 155 152 154 160 162 163 167 172 174 174 172 167 160 156 157 156 151 151 151 147 141 138 135 132 132 130 123 119 121 124 128 132 132 128 123 119 111 105 106 111 114 117 112 107 109 116 121 115 110 111 114
212 209 196 186 178 169 161 152 147 148 146 143 148 156 145 139 137 134 132 133 136 140 144 143 140 142 144 144 145 147 149 140 128 125 127 125 125 130 134 140 147 154 160 162 161 158 157 160 164 165 166 169 174 177 177 174 171 166 162 162 160 156 154 153 148 144 141 139 136 134 132 128 125 124 124 126 129 130 127 124 121 116 109 106 108 113 117 113 109 111 118 123 116 112 113 114
212 208 195 186 179 171 162 152 148 148 149 149 154 159 154 152 151 145 140 139 144 149 154 157 156 153 154 154 151 151 153 148 139 136 134 128 126 127 130 133 139 146 152 158 161 159 160 165 169 170 169 171 176 180 180 177 173 167 163 162 161 159 158 155 150 147 144 142 140 137 133 128 126 126 126 126 129 130 130 129 128 123 117 112 111 117 125 123 117 114 118 122 117 114 114 113
212 207 194 186 178 168 159 151 149 149 151 152 155 160 162 162 158 151 146 145 147 152 158 164 165 162 158 150 146 146 148 147 146 149 149 139 129 128 129 128 131 137 142 150 156 160 163 168 172 171 170 174 180 182 182 180 176 169 164 164 164 163 161 158 154 151 149 147 144 141 134 126 123 123 123 123 127 130 129 129 130 128 125 121 119 123 130 130 125 120 119 120 118 115 111 109
213 210 198 187 178 165 153 147 146 148 149 148 149 154 161 165 161 152 144 143 144 148 156 166 166 161 158 154 144 138 138 139 143 153 163 163 152 136 129 128 128 130 133 138 147 157 167 174 176 173 174 178 183 185 184 182 177 172 169 168 167 167 165 162 158 155 153 151 149 145 138 130 123 120 119 119 122 126 124 123 125 126 126 124 121 123 128 128 124 120 118 118 117 114 107 105
216 212 199 189 180 167 153 143 140 143 143 140 138 140 146 156 154 148 145 144 144 147 155 167 171 166 165 165 156 143 133 129 135 149 164 175 179 171 153 143 137 132 131 133 138 148 167 180 182 179 180 184 188 188 186 182 178 176 173 172 171 170 168 165 162 160 158 156 154 150 143 134 127 122 119 118 120 124 122 120 121 123 124 122 120 121 124 122 119 117 115 112 111 110 105 100
217 211 198 191 182 169 160 152 141 137 134 132 132 133 135 139 140 140 143 148 148 149 154 167 178 180 177 176 170 159 143 131 131 143 159 173 185 187 179 168 158 150 145 140 138 144 161 181 186 185 186 191 192 190 187 183 181 179 177 176 175 173 170 168 166 164 162 160 158 155 148 139 133 126 121 119 120 126 125 121 123 126 127 124 122 120 121 123 120 118 115 109 105 106 102 92
218 212 199 191 180 169 164 162 156 146 140 137 137 136 136 135 132 133 139 145 148 150 155 163 179 194 199 192 181 168 146 127 123 134 151 164 177 186 188 184 176 168 162 155 150 150 157 174 187 191 193 195 194 191 189 187 185 183 182 182 181 177 173 171 170 167 165 163 162 159 152 144 139 131 123 119 120 128 130 124 124 129 133 130 125 124 127 128 122 116 114 109 103 99 95 84
221 215 201 189 176 168 165 163 161 162 159 155 150 143 138 137 136 140 153 160 155 156 159 164 181 208 217 215 210 192 138 108 108 121 139 153 166 180 189 191 186 179 174 170 168 168 165 171 186 197 198 196 194 193 191 190 189 187 187 186 184 180 179 177 174 172 168 166 164 161 154 149 144 137 127 119 117 125 130 124 122 128 134 133 129 128 130 129 123 116 112 109 100 92 84 78
221 212 197 186 175 171 168 160 158 161 164 167 163 154 145 140 139 147 166 179 178 169 165 168 187 213 222 222 219 213 190 140 111 111 119 134 154 171 186 193 192 187 182 181 183 182 177 178 189 198 199 196 195 194 193 192 192 190 189 188 186 185 185 182 180 177 174 170 164 159 156 152 148 142 131 119 114 118 125 122 120 123 129 131 129 128 128 128 125 118 112 107 98 88 80 79
213 207 194 184 176 173 170 161 156 154 158 164 163 155 143 138 139 148 172 195 201 195 188 186 198 216 226 227 223 215 202 185 158 120 107 112 131 161 182 192 194 193 190 190 191 190 187 187 193 198 199 198 197 196 196 195 195 194 192 190 190 190 189 187 185 183 181 176 166 157 153 152 150 148 139 125 115 114 119 119 117 116 119 123 126 128 128 128 125 118 111 105 98 90 84 82
204 202 194 185 177 173 169 164 158 151 148 151 155 146 136 136 139 149 180 214 225 226 230 246 244 233 236 234 229 221 211 202 194 167 118 105 115 144 178 193 194 197 199 197 198 198 196 194 196 200 202 202 200 199 199 198 197 196 194 193 193 193 192 191 190 189 187 181 171 159 150 145 146 147 144 132 121 115 114 115 115 115 116 120 126 130 129 128 126 121 115 110 102 95 89 86
200 200 196 189 178 171 167 165 162 157 151 150 150 141 137 144 155 166 203 237 250 253 257 267 290 293 255 246 239 230 222 220 217 201 158 113 111 132 176 198 193 197 204 203 203 205 204 200 200 204 205 205 204 203 202 200 198 197 196 195 196 196 196 196 195 195 193 187 176 162 149 139 133 133 136 133 124 118 114 113 116 119 118 121 129 132 126 122 123 126 125 118 107 100 100 111
