windninja/windninja_output/Output_2025-10-23_1100-1150_Google earth_Fire_150m_10min/merlingen_7.5mi_point_10-23-2025_1130_150m_ang.asc
ncols	158
nrows	163
xllcorner	391686.332397
yllcorner	5160024.123721
cellsize	150.000000
NODATA_value	-32768.000000
[rows 84 to 125 of 163, columns 0 to 93 of 158]
261 262 264 261 255 252 248 245 245 246 250 256 258 259 260 261 262 263 265 267 268 268 266 264 265 264 261 258 257 256 255 254 254 254 255 257 257 256 254 252 251 251 252 253 253 254 256 258 260 258 256 255 258 260 261 262 262 262 262 262 262 262 262 262 262 262 263 263 263 264 264 265 266 267 269 270 273 276 281 289 310 317 286 279 282 282 279 274 272 271 268 265 261 258
259 258 257 257 254 251 245 244 247 250 254 256 256 256 257 258 260 262 264 267 270 271 270 269 269 269 264 260 259 258 255 253 252 250 251 253 255 256 257 257 256 255 255 256 257 258 260 263 265 264 261 258 256 257 260 261 262 262 263 263 263 263 263 263 263 263 263 263 263 264 264 265 266 267 268 270 272 275 280 289 314 332 320 296 284 280 276 272 271 270 268 266 262 259
260 258 257 257 255 250 244 244 249 254 255 253 254 254 255 255 256 259 262 266 269 271 273 276 275 271 265 261 260 259 257 255 253 251 250 249 249 250 253 257 260 259 257 256 256 258 260 262 264 265 265 262 259 258 260 262 263 263 264 264 264 264 263 263 263 263 263 263 263 264 264 265 266 267 268 270 272 275 281 291 316 335 327 300 285 278 275 272 269 268 267 265 265 264
262 260 258 257 253 247 244 244 248 252 252 251 253 253 253 253 252 254 258 262 265 267 271 278 282 273 262 259 258 257 257 257 257 257 255 251 247 246 248 250 254 258 258 256 256 257 259 261 262 263 265 265 263 261 261 263 264 265 266 265 265 265 264 263 263 263 263 263 263 264 264 265 266 267 268 270 272 276 282 292 312 330 326 305 285 276 273 271 269 267 267 269 271 270
263 262 259 256 250 243 241 242 245 247 249 251 252 250 248 247 246 249 253 258 261 263 271 279 282 267 257 256 255 254 255 256 258 259 261 260 256 251 249 248 249 252 255 257 256 255 257 258 259 260 261 263 264 263 263 263 265 267 269 269 268 266 265 264 263 263 263 263 264 264 264 265 266 267 268 270 272 276 281 289 304 321 323 308 291 278 272 269 269 270 272 274 272 267
264 263 259 254 249 244 242 241 240 242 248 252 249 246 244 241 241 246 252 257 262 269 276 276 261 242 249 253 253 253 253 255 256 257 259 263 264 260 256 253 252 252 253 256 257 256 255 256 257 258 259 260 262 263 262 260 261 264 269 274 273 269 266 264 264 263 263 263 264 264 265 265 266 267 268 270 272 275 280 286 296 310 316 308 296 286 277 272 272 274 275 273 266 261
263 261 255 251 251 249 244 240 236 238 246 248 243 240 239 237 239 243 250 260 271 278 275 257 228 224 241 249 251 252 254 255 256 256 257 259 262 263 260 256 254 254 255 256 258 258 256 256 256 258 260 261 263 263 260 257 257 260 267 275 276 271 266 264 264 264 264 264 264 264 265 265 266 267 268 270 272 274 278 283 291 300 308 306 298 293 287 280 279 279 274 266 262 260
259 255 247 244 245 245 242 236 232 237 244 242 234 232 232 232 235 239 247 262 277 280 258 233 215 219 237 246 249 252 254 255 256 257 258 258 259 261 262 258 254 253 254 257 259 260 259 258 257 259 262 264 266 266 261 256 257 260 264 267 270 269 266 264 264 264 264 264 264 264 265 265 266 267 268 270 271 274 277 281 286 293 301 303 300 297 292 286 282 278 270 261 263 264
256 251 242 238 237 235 229 222 220 228 236 235 228 227 229 232 235 237 246 258 266 253 232 222 213 221 236 245 249 252 254 255 257 259 260 259 259 260 262 262 256 251 252 255 259 260 260 260 259 261 264 268 270 270 268 264 264 265 262 259 259 263 265 264 264 264 264 264 264 265 265 265 266 267 268 269 271 273 275 279 282 288 294 298 297 295 291 287 281 273 263 262 266 266
256 251 243 239 237 234 227 216 211 220 227 224 216 214 216 223 228 234 249 254 245 216 213 215 214 225 238 245 249 252 254 257 260 262 262 261 260 260 261 262 259 253 250 253 256 259 260 260 260 261 265 271 275 273 274 277 273 268 263 259 257 259 262 264 264 264 264 265 265 265 265 266 266 267 268 269 270 272 274 276 279 283 287 291 293 290 288 284 277 267 262 264 267 267
255 252 246 244 245 242 235 223 212 222 228 223 216 212 212 222 229 237 248 245 229 212 209 214 218 230 241 246 248 250 254 258 263 265 264 262 261 262 262 262 261 255 251 250 250 253 257 259 260 261 265 270 274 272 273 278 277 272 267 262 260 260 262 264 265 265 265 265 265 265 266 266 266 267 268 269 270 271 273 275 277 279 282 285 286 286 284 280 273 268 266 266 267 267
253 250 247 249 250 247 241 233 229 238 241 236 231 229 231 242 243 250 249 238 224 220 218 223 229 238 244 246 247 248 252 258 262 264 264 263 263 264 264 264 263 261 255 250 247 248 251 256 259 263 265 265 263 265 268 272 274 273 269 266 263 262 263 265 265 266 266 265 266 266 266 266 267 267 268 269 270 271 272 273 275 277 278 280 280 281 280 277 273 270 269 268 267 267
252 252 250 250 249 243 239 238 245 260 262 255 248 246 252 258 257 260 252 228 223 228 232 239 244 247 247 248 248 250 255 258 259 260 262 265 266 266 266 266 267 268 264 258 252 250 250 254 259 263 262 257 254 258 263 268 271 272 271 269 266 264 265 266 267 267 266 266 266 267 267 267 267 267 268 268 269 270 271 272 273 275 276 276 277 277 276 274 272 270 269 268 267 266
253 255 254 251 248 243 239 238 243 254 260 258 256 254 258 261 264 262 248 226 224 232 242 252 256 253 249 249 251 256 260 260 258 259 261 265 268 269 269 269 269 272 272 267 263 259 258 259 261 261 256 253 252 255 260 263 267 270 270 270 269 267 268 268 268 268 268 268 267 267 267 267 267 267 268 268 269 270 271 271 272 273 274 274 274 274 273 272 271 270 268 267 266 266
256 258 257 255 254 250 245 242 243 247 252 258 264 266 267 267 266 258 241 230 227 235 247 256 255 244 245 250 254 259 262 262 261 260 261 265 269 272 274 274 273 274 276 273 269 267 266 265 262 259 256 254 253 254 258 260 263 266 268 269 268 269 270 272 271 271 270 269 268 268 267 267 267 268 268 269 269 270 270 271 271 272 272 272 272 272 272 271 270 269 268 267 266 265
258 260 260 260 262 260 257 254 251 248 250 254 258 265 269 266 260 250 239 232 232 241 252 253 240 232 241 249 254 258 261 263 264 264 264 266 269 273 277 279 279 278 280 277 271 268 268 265 261 257 256 255 254 254 256 259 260 262 265 266 266 267 269 272 274 274 273 271 270 268 268 268 268 268 269 269 269 270 270 271 271 271 271 271 271 271 271 270 269 268 267 267 266 265
257 258 260 261 261 259 259 259 256 252 251 251 253 259 263 259 256 252 242 237 245 255 256 245 231 232 241 249 254 257 260 263 266 269 271 272 272 273 276 282 285 283 284 282 275 270 267 264 261 258 256 256 255 254 255 257 257 259 262 265 265 264 265 268 272 275 276 274 272 270 269 269 269 269 269 269 270 270 270 271 271 271 271 271 271 270 270 269 268 268 267 266 265 265
257 258 260 260 258 257 257 257 256 254 253 251 249 248 249 250 251 251 245 249 261 263 252 237 233 238 245 249 253 256 259 264 268 273 277 279 278 276 278 282 288 289 288 288 282 273 267 265 262 259 257 256 255 255 256 255 255 257 259 261 264 264 263 265 268 272 275 275 273 271 270 270 270 270 270 270 270 271 271 271 271 271 271 271 270 270 269 269 268 267 267 266 265 264
258 260 260 258 256 257 257 256 255 254 253 251 247 242 241 244 247 246 245 253 259 252 240 237 238 242 247 251 253 256 261 265 269 274 279 283 284 283 283 284 289 292 292 293 290 280 271 266 263 260 258 256 255 255 256 256 256 256 256 257 260 262 263 263 265 268 271 271 271 270 270 272 273 272 271 271 271 271 272 272 272 272 271 271 271 270 269 269 268 267 266 266 265 264
258 259 258 257 256 256 256 256 255 255 254 253 251 250 251 251 251 249 249 254 250 236 235 240 240 242 247 252 256 260 264 266 268 273 277 283 289 290 288 287 291 296 297 298 298 291 278 269 263 260 258 257 257 256 255 255 255 256 255 256 257 259 261 261 263 264 266 266 266 266 268 273 275 274 273 273 273 273 273 273 273 273 272 272 271 270 270 269 268 267 266 265 265 264
258 257 257 256 256 257 257 256 255 256 257 258 259 264 267 267 261 256 256 253 242 235 237 240 239 240 246 251 256 262 266 267 269 272 275 281 287 292 292 291 294 299 301 302 303 300 288 276 267 261 259 259 258 258 258 256 254 254 255 256 257 257 258 260 261 261 261 261 261 261 264 267 272 275 275 275 276 276 276 275 275 274 274 273 272 271 270 269 268 267 266 265 265 264
258 257 255 254 255 257 257 256 255 257 260 263 267 271 272 272 267 261 256 250 242 239 240 238 238 240 245 249 253 260 265 268 271 271 273 278 286 293 296 296 298 301 304 305 308 307 298 285 274 266 262 260 258 257 258 258 256 254 254 255 256 256 258 260 260 259 259 258 257 259 259 259 262 268 272 275 278 279 278 278 278 278 276 274 273 272 271 269 268 268 267 266 265 264
257 256 253 252 253 254 254 254 254 256 260 263 266 268 270 269 265 260 253 246 243 245 243 238 237 240 243 246 251 258 264 269 271 268 269 277 287 294 298 300 301 303 305 307 311 312 308 296 284 274 266 261 258 255 255 256 257 256 255 254 254 255 257 258 259 259 258 257 255 255 256 256 257 260 265 271 275 277 277 279 282 283 280 277 275 273 271 270 269 268 267 266 265 264
255 253 251 250 251 251 253 254 253 254 257 258 257 258 260 262 261 258 251 244 243 247 247 239 236 238 240 241 247 257 265 269 268 263 268 280 289 294 296 299 304 305 306 308 313 316 317 308 295 283 273 266 261 257 254 253 254 255 255 254 253 255 257 257 257 257 256 256 255 254 254 255 257 258 261 265 269 273 275 276 280 286 285 281 277 275 272 271 270 268 267 266 265 264
254 251 248 249 250 250 250 251 251 252 252 252 250 249 252 256 257 254 247 244 246 251 250 242 236 236 239 238 243 255 263 265 263 258 270 283 289 291 291 298 306 307 307 311 315 318 323 319 306 291 278 270 265 261 257 253 252 253 254 253 252 254 256 257 256 255 255 254 254 253 252 253 257 259 260 262 265 270 274 274 274 280 287 286 281 277 274 272 270 269 268 267 266 265
253 251 249 251 252 252 251 249 249 250 249 248 246 246 250 254 255 247 239 242 250 255 254 246 238 236 238 237 244 255 260 260 259 258 270 281 286 287 292 298 303 303 306 313 318 319 325 328 319 301 285 273 267 263 260 256 253 252 253 253 251 251 253 254 254 255 255 254 253 252 251 253 256 259 260 261 263 265 269 272 272 274 282 288 286 281 276 273 271 270 268 268 267 266
252 252 254 256 256 255 253 251 249 248 248 247 245 245 250 256 256 240 231 239 250 258 259 251 245 240 238 238 244 254 259 258 256 258 268 278 283 288 295 297 293 293 301 313 319 320 326 335 331 314 296 280 268 262 261 258 255 253 254 253 251 251 250 249 250 253 256 256 254 252 252 254 256 257 259 260 261 262 264 268 271 272 276 282 286 284 279 275 272 270 269 269 268 268
253 255 257 258 257 254 252 251 249 247 246 248 249 249 253 258 256 233 226 236 246 257 263 257 250 248 246 242 243 248 254 258 256 256 266 277 284 291 295 293 290 290 293 305 316 321 328 337 339 326 308 289 273 264 261 259 256 254 254 254 253 252 249 247 247 249 252 255 255 254 254 256 256 256 257 259 260 259 261 264 269 271 274 277 281 282 280 276 273 271 270 270 270 270
256 258 258 256 254 252 250 249 248 246 243 247 252 253 255 259 257 229 224 233 240 250 260 259 250 254 259 257 250 245 247 253 257 261 271 279 285 290 291 289 289 284 283 294 311 322 328 335 341 336 322 302 281 269 263 260 257 255 253 253 252 251 249 248 247 247 248 249 252 255 257 258 257 256 256 257 258 258 258 260 265 270 272 274 276 277 275 273 271 270 272 274 274 272
257 257 256 254 254 253 251 249 246 242 241 247 252 254 255 259 258 232 222 230 235 243 251 254 251 259 266 269 264 252 245 248 255 266 276 282 283 282 282 281 278 274 278 289 305 321 325 330 338 341 336 322 294 273 265 261 258 255 253 252 250 249 248 249 249 247 246 245 247 250 253 256 258 256 254 256 257 258 257 257 260 266 269 270 272 271 268 266 266 268 274 279 277 272
253 253 253 253 253 252 252 250 245 242 245 251 252 249 251 259 263 250 221 230 232 238 243 249 254 260 263 265 267 264 251 247 254 266 276 281 279 276 275 272 266 270 279 287 298 312 322 327 334 341 344 341 315 281 267 262 260 257 254 252 250 248 247 249 249 247 246 245 245 246 248 252 256 256 254 254 256 258 258 256 258 261 263 264 265 264 261 261 262 269 275 278 275 269
249 249 250 251 251 249 248 247 246 247 254 258 252 243 247 259 269 272 231 238 238 237 238 243 252 259 259 257 261 267 258 248 253 263 273 279 278 275 270 264 265 274 280 284 290 305 320 328 330 336 346 351 340 298 271 263 260 258 256 253 250 248 248 250 249 247 246 246 246 245 245 248 251 255 257 255 254 256 258 257 258 259 260 259 258 255 255 259 265 271 274 273 268 262
246 248 250 249 249 248 245 243 246 253 262 264 252 240 247 261 271 278 335 268 253 246 241 242 246 253 254 252 260 267 262 251 250 257 269 277 279 272 263 263 269 277 280 279 283 297 312 321 322 327 341 355 358 325 277 263 260 259 258 255 252 248 249 251 250 247 246 246 245 244 244 244 246 250 256 258 256 254 256 257 259 261 260 256 252 250 253 259 266 271 270 266 261 259
244 248 249 249 250 249 245 243 247 254 262 265 253 242 249 259 267 277 337 316 275 260 253 247 245 247 247 250 259 267 266 259 253 257 264 271 272 264 258 264 272 275 274 273 276 283 294 307 316 322 334 356 9 354 290 265 261 259 259 257 254 250 250 251 250 247 245 246 245 244 243 242 242 244 249 255 257 254 253 255 259 262 261 254 250 250 254 260 264 266 264 260 257 260
245 247 248 250 251 250 248 249 253 255 258 261 258 251 252 255 261 277 324 333 307 279 267 261 256 250 247 250 255 258 265 271 270 269 266 261 257 251 254 263 267 266 266 267 269 273 284 300 312 320 330 358 18 16 314 269 261 259 259 258 257 254 253 252 249 245 244 244 244 244 244 242 241 241 244 248 251 253 253 254 257 260 259 254 252 254 257 260 262 261 258 255 254 258
245 246 248 251 254 252 251 256 260 259 256 258 263 261 255 253 259 273 306 332 325 301 283 276 272 267 262 261 259 259 269 280 284 279 270 260 253 247 253 256 253 253 255 259 263 267 274 288 302 313 322 356 24 32 354 273 263 260 259 259 259 258 257 255 249 245 244 242 242 244 245 244 242 241 242 243 244 248 252 255 257 257 256 254 256 259 259 260 260 257 255 252 249 253
241 243 246 251 255 255 256 261 265 263 258 261 267 266 257 254 259 267 287 320 330 317 300 288 282 279 277 275 276 277 278 280 282 277 271 265 258 255 257 254 247 245 249 255 258 259 263 273 287 298 308 341 28 43 30 275 264 261 260 259 260 258 257 255 251 251 252 249 246 247 247 246 245 245 242 240 240 243 248 253 255 257 256 256 259 262 262 260 258 255 253 249 244 248
236 242 246 248 248 249 253 260 267 267 261 264 271 275 260 254 257 264 275 298 322 320 310 298 290 286 284 284 287 288 285 281 279 276 272 268 265 262 260 260 254 248 250 254 257 258 261 266 270 276 288 317 29 56 59 274 264 262 260 260 259 254 252 250 249 255 262 267 263 255 250 247 248 249 246 241 238 239 242 247 251 254 256 257 260 263 262 259 256 254 252 246 241 248
228 243 249 246 240 239 243 249 258 264 263 267 275 288 271 257 255 258 264 275 298 311 311 305 295 291 289 291 291 290 290 286 280 278 274 269 268 263 259 264 263 256 253 252 255 260 263 263 260 259 262 278 37 74 75 275 263 260 258 257 253 247 246 247 247 253 260 270 278 271 259 253 252 252 250 245 240 237 238 241 245 251 255 257 259 260 257 254 252 253 250 241 241 253
233 250 255 249 242 241 241 243 248 252 259 270 279 292 284 267 256 252 253 263 277 293 301 301 296 294 293 292 294 294 295 290 282 279 276 271 268 264 259 261 267 262 254 249 251 256 260 259 255 250 251 255 145 96 96 241 259 258 257 253 246 244 247 249 250 254 256 260 271 279 273 264 260 257 255 252 247 242 240 238 240 245 251 254 254 255 252 248 250 252 248 240 244 257
241 254 257 252 248 248 246 243 245 246 251 265 277 284 286 277 262 249 246 254 269 281 289 293 293 292 292 296 301 302 301 291 284 282 278 272 269 268 262 259 265 266 258 251 249 251 254 255 250 245 245 239 183 121 124 195 243 251 254 251 245 247 250 251 253 256 255 253 257 267 276 274 271 268 264 262 260 254 248 242 239 242 245 247 249 250 245 242 248 251 249 244 249 260
237 250 254 251 249 249 248 246 247 245 247 255 264 271 281 281 270 254 244 247 258 274 284 286 287 290 297 306 309 311 308 292 284 283 280 273 270 272 266 261 264 269 265 257 252 250 251 251 246 244 242 230 190 144 139 180 225 241 246 246 247 251 251 251 253 255 254 252 251 253 262 272 276 279 278 275 274 271 263 254 248 246 244 242 244 245 238 238 245 250 252 250 255 263
