windninja/windninja_output/Output_2025-10-23_1100-1150_Google earth_Fire_150m_10min/merlingen_7.5mi_point_10-23-2025_1100_150m_ang.asc
ncols	158
nrows	163
xllcorner	391686.332397
yllcorner	5160024.123721
cellsize	150.000000
NODATA_value	-32768.000000
[rows 84 to 125 of 163, columns 0 to 93 of 158]
268 271 275 271 263 259 256 252 252 256 263 271 272 272 272 273 274 275 277 279 280 281 279 278 281 282 277 274 272 271 270 269 267 266 266 267 267 266 265 264 263 264 266 267 267 268 269 272 273 271 269 269 271 274 274 273 273 273 273 273 273 273 273 273 273 273 273 274 274 275 275 276 277 279 280 282 285 290 296 305 324 333 316 299 291 289 284 280 278 277 274 270 266 263
264 263 262 261 258 254 248 246 251 258 264 268 269 268 268 270 271 273 275 278 280 281 282 282 284 285 280 275 273 272 270 268 266 264 263 264 265 266 267 267 268 268 268 268 269 269 271 272 274 273 271 269 268 269 272 272 273 273 273 273 273 273 273 273 273 273 273 273 274 274 275 276 277 278 280 282 285 289 294 305 327 339 333 309 292 287 282 278 276 276 274 271 267 264
263 261 259 259 256 251 244 245 253 261 264 264 265 266 266 266 267 269 271 275 278 280 282 285 287 287 282 277 275 273 271 269 268 266 264 262 261 261 263 267 270 271 269 267 267 268 270 271 272 274 274 271 269 269 270 272 273 273 273 274 274 274 274 273 273 273 273 273 274 274 275 276 277 278 280 281 284 288 294 305 325 338 333 310 292 284 281 278 275 274 272 271 271 270
264 262 258 257 253 248 245 247 254 259 260 260 263 264 263 262 261 263 266 270 274 276 279 287 295 294 283 277 274 271 271 270 270 271 269 265 261 259 259 261 265 270 270 268 266 266 268 269 270 271 273 273 272 270 271 272 274 274 275 275 275 275 274 274 273 273 273 273 274 274 275 275 276 278 279 281 284 288 294 303 320 332 329 311 292 282 279 277 274 272 272 274 276 276
265 264 261 258 253 247 246 248 251 253 255 260 263 261 259 257 255 257 261 266 271 274 282 293 302 300 283 275 271 269 269 270 270 272 273 271 268 263 260 259 260 263 268 269 267 265 266 267 267 268 270 272 273 272 271 272 273 275 277 277 277 276 275 274 274 273 273 273 274 274 275 275 276 277 279 281 283 287 292 300 312 324 325 312 296 284 277 275 274 275 277 279 277 272
267 266 263 259 254 249 247 246 245 247 254 261 261 258 255 250 249 253 259 266 273 282 290 295 300 291 276 271 269 268 267 268 269 269 271 273 274 270 265 262 261 261 264 267 268 266 264 264 266 267 268 270 272 273 272 270 270 272 276 281 282 278 276 274 274 273 273 273 274 274 274 275 276 277 279 280 283 286 290 296 305 315 319 311 299 290 281 276 276 279 279 277 270 265
267 265 260 255 255 253 250 245 241 244 253 258 255 252 249 246 248 251 258 269 282 292 294 287 269 262 266 267 266 266 266 267 268 268 268 270 272 273 270 264 262 262 264 266 268 268 265 264 264 266 269 271 273 274 272 268 266 268 274 283 286 281 277 275 274 273 273 273 274 274 274 275 276 277 278 280 282 285 288 293 299 307 312 309 301 296 290 284 282 282 277 270 266 264
264 260 252 249 250 252 249 243 239 244 251 251 245 243 243 243 246 249 256 271 289 298 286 258 234 240 257 262 264 265 266 266 267 268 268 268 269 272 272 268 262 261 262 265 268 269 267 265 264 266 269 273 275 276 274 268 267 270 273 277 282 281 277 275 274 273 273 273 274 274 274 275 276 277 278 279 281 283 286 290 294 300 306 307 303 300 296 289 285 281 273 264 266 266
261 257 248 245 245 244 241 235 230 236 244 244 237 237 240 244 248 251 259 271 282 284 254 233 222 234 252 259 262 264 265 266 267 269 270 269 268 269 272 272 265 259 259 263 267 269 268 266 265 267 270 275 278 280 280 277 275 275 272 269 271 276 276 274 274 273 273 274 274 274 274 275 275 276 277 279 280 282 284 287 290 295 300 303 301 298 295 290 284 276 265 264 268 268
262 259 252 248 247 245 240 230 221 229 236 233 226 225 227 236 245 253 264 267 259 226 217 219 219 235 250 257 260 262 264 266 269 271 271 270 269 269 270 272 269 261 258 260 263 266 267 267 266 267 270 277 282 282 284 286 281 276 271 267 266 271 273 274 274 274 274 274 274 274 274 275 275 276 277 278 279 281 283 285 287 290 293 296 296 293 291 286 279 269 264 267 269 269
262 260 255 254 255 253 248 236 225 234 238 233 225 222 223 235 244 253 260 253 234 214 209 214 221 238 251 256 258 260 262 266 271 273 273 271 270 270 270 271 271 265 259 257 258 261 264 266 267 267 270 277 283 281 281 285 282 277 273 269 268 269 272 273 274 274 274 274 274 274 274 275 275 276 276 277 278 280 281 283 285 286 288 290 291 290 287 283 276 271 269 269 270 270
261 258 256 258 259 256 251 245 246 253 252 245 239 238 241 251 252 256 255 242 225 219 217 223 232 245 252 255 256 257 260 266 270 272 273 272 271 271 271 272 273 272 265 258 255 256 260 264 267 270 272 273 273 275 277 280 281 279 276 273 271 271 272 273 274 274 274 274 274 274 275 275 275 275 276 277 278 279 280 281 282 284 285 285 286 285 284 280 276 273 272 271 270 270
261 259 258 259 256 250 245 245 255 267 267 259 251 249 256 261 260 262 254 229 223 227 230 239 247 253 255 256 257 259 263 266 267 268 270 272 273 273 273 273 275 277 274 266 261 259 260 263 268 271 269 264 262 267 272 275 278 278 277 275 273 272 273 274 275 275 275 275 275 275 275 275 275 275 276 276 277 278 279 280 281 281 282 282 282 281 280 278 276 274 273 271 270 270
264 263 261 258 253 247 243 242 248 258 263 259 257 255 260 263 266 264 249 226 222 230 241 253 260 260 257 257 260 265 267 266 264 264 268 271 274 275 275 275 276 280 280 275 270 267 265 267 268 267 262 259 259 263 267 270 274 276 276 276 275 275 275 276 276 276 276 275 275 275 275 275 275 275 276 276 277 277 278 278 279 280 280 280 280 279 278 277 275 274 272 271 270 269
265 265 261 258 257 252 247 244 245 248 252 257 263 266 267 268 267 258 241 229 226 234 248 259 261 254 253 257 262 265 267 266 265 265 267 270 274 277 279 279 279 281 283 280 275 272 272 270 267 263 260 259 259 261 265 267 269 273 275 275 275 276 277 278 278 278 277 277 276 275 275 275 275 275 276 276 276 277 277 278 278 278 278 278 278 277 277 276 274 273 272 271 270 269
264 263 261 261 262 260 257 254 250 247 249 252 257 265 268 266 260 249 238 231 232 243 255 257 247 238 247 255 260 263 265 267 268 268 269 271 274 277 280 283 283 283 286 283 277 274 273 270 265 262 261 261 260 260 263 266 267 269 272 274 273 274 276 278 280 281 280 278 277 276 275 275 275 275 276 276 276 276 277 277 277 277 277 277 277 276 276 275 274 273 272 271 270 269
262 261 260 261 260 259 258 258 254 250 250 250 251 258 262 258 255 251 241 237 247 259 260 248 233 234 245 253 258 261 263 266 269 272 274 275 276 276 279 285 288 287 288 288 281 275 272 269 266 263 262 261 261 260 261 263 264 265 269 272 272 272 272 275 279 281 282 281 279 277 276 276 276 276 276 276 276 276 277 277 277 277 277 276 276 275 275 274 273 272 271 270 269 268
262 262 261 259 257 256 256 256 254 253 251 249 247 247 249 250 252 252 247 252 264 267 255 238 233 239 247 252 256 259 262 266 271 275 279 281 280 279 280 285 291 291 291 292 287 278 272 270 267 265 263 261 261 261 262 262 262 263 265 268 271 272 271 272 275 279 281 282 280 277 276 277 277 276 276 276 276 277 277 277 277 277 276 276 276 275 274 273 273 272 271 270 269 268
263 263 262 258 256 255 255 255 254 253 252 250 247 242 243 247 250 250 249 258 263 254 240 237 238 243 249 253 255 259 263 267 272 276 281 284 286 285 284 286 291 294 294 295 293 284 276 271 268 266 263 262 261 261 262 262 262 263 262 264 268 270 271 270 272 275 278 279 278 276 276 278 279 278 277 277 277 277 277 277 277 277 277 276 275 275 274 273 272 271 270 270 269 268
263 262 260 258 256 256 256 255 254 254 253 253 251 252 255 255 255 253 254 258 252 237 235 240 241 243 248 254 258 262 266 268 271 275 279 285 290 290 288 288 292 296 298 299 299 293 282 274 269 265 264 263 263 262 262 262 262 262 262 263 265 267 269 269 269 271 273 274 273 273 274 278 280 280 279 278 278 278 278 278 278 278 277 276 276 275 274 273 272 271 270 269 268 267
262 261 259 257 257 257 257 256 255 256 257 258 260 266 270 270 264 259 258 255 243 235 237 241 240 241 247 253 258 264 268 269 271 273 277 282 288 292 292 291 294 298 301 302 303 300 290 280 271 266 265 264 264 264 264 262 261 261 262 263 264 265 266 267 267 267 268 269 269 269 270 272 277 280 279 279 280 281 280 280 279 279 278 277 276 275 274 273 272 271 270 269 268 267
262 260 257 256 256 257 257 255 255 257 260 263 268 272 274 274 269 263 257 251 243 240 241 240 239 242 247 251 256 262 267 270 272 273 274 279 286 293 296 296 297 301 303 304 307 306 298 288 278 271 267 265 264 263 264 264 262 261 261 262 263 263 265 267 267 266 266 266 266 266 266 265 267 273 276 279 282 283 282 281 282 282 280 279 277 276 275 273 272 271 270 269 268 267
261 259 255 254 254 255 255 254 255 257 261 265 268 271 272 272 267 262 255 248 244 246 245 240 240 242 245 248 254 261 267 272 273 270 271 278 287 295 298 300 301 302 303 306 309 310 306 296 287 279 271 267 264 262 261 263 263 262 261 260 261 262 263 265 265 265 265 265 264 263 263 263 262 265 270 275 279 281 280 282 285 287 284 281 279 277 275 274 273 271 270 269 268 267
259 256 253 252 252 252 254 255 255 257 260 262 261 261 264 266 264 260 254 247 245 249 250 243 239 241 243 244 250 260 267 272 271 265 270 281 290 295 296 299 303 304 304 307 310 313 314 306 296 286 277 271 267 263 260 259 260 262 261 260 259 261 263 264 264 263 263 263 264 262 260 261 263 264 266 270 273 277 279 280 284 288 288 285 281 278 276 274 273 272 270 269 268 267
257 254 251 251 253 253 254 255 256 256 256 256 254 253 256 259 261 257 251 248 250 254 254 247 240 240 242 242 246 258 266 268 267 261 272 284 290 291 292 297 305 306 305 308 312 315 318 315 305 293 282 275 271 267 263 259 258 259 261 259 258 260 263 263 262 262 261 261 262 262 259 259 262 264 265 266 269 274 278 278 278 283 289 289 284 280 277 275 273 272 271 270 269 268
256 254 252 254 256 256 255 254 254 253 252 251 249 249 253 258 260 252 244 247 254 259 258 252 244 241 242 241 247 258 263 264 263 262 272 283 286 287 292 298 302 301 304 311 314 315 320 323 315 301 288 278 272 269 266 262 259 259 260 260 257 258 259 260 260 261 262 261 260 260 259 258 261 264 265 265 267 270 273 275 275 277 284 290 289 283 279 276 274 272 271 270 269 268
256 256 258 260 261 259 256 254 252 250 250 250 248 249 254 260 261 247 237 244 254 262 264 258 252 248 244 243 248 257 262 262 260 260 270 279 284 288 295 296 292 293 300 311 316 317 321 328 324 310 297 284 274 269 267 265 261 260 260 260 259 257 256 255 256 258 261 263 261 259 259 260 261 262 263 265 265 266 268 271 274 275 279 285 289 286 281 278 275 273 272 271 270 270
257 259 261 262 260 257 255 253 252 250 249 250 252 253 257 262 262 243 234 241 250 260 269 265 259 257 254 249 248 251 257 261 259 259 268 278 285 291 295 292 289 289 292 304 313 318 322 330 331 320 306 292 279 271 268 266 263 261 260 260 260 258 255 253 253 255 257 261 262 261 261 262 261 260 261 262 263 263 264 268 271 274 276 280 284 285 282 279 275 273 272 272 272 271
260 262 261 259 257 255 253 252 251 248 246 250 256 258 260 263 263 243 233 240 245 254 265 268 259 262 267 266 257 249 250 257 260 263 272 280 286 290 291 288 288 283 282 293 309 319 323 328 332 328 316 302 286 275 270 267 265 262 260 259 259 258 255 254 253 253 253 254 258 262 263 263 262 260 260 261 261 261 261 263 268 272 275 276 279 279 277 275 273 272 273 275 275 273
260 260 259 257 256 256 254 252 249 246 245 251 257 259 259 263 265 251 241 240 242 248 255 262 259 265 272 275 271 257 249 251 258 268 277 283 283 282 281 280 277 273 277 288 303 317 320 323 330 332 327 316 297 280 272 269 267 263 260 258 258 256 255 255 255 253 252 251 252 256 260 262 262 260 258 259 260 261 260 259 262 268 271 272 274 274 270 268 267 269 275 279 278 273
255 255 256 256 256 255 255 254 249 246 249 256 258 255 256 263 270 277 266 247 242 243 247 254 261 267 270 272 273 270 256 250 256 268 277 282 278 275 273 269 264 269 277 285 295 308 317 321 326 332 334 330 312 287 274 270 268 265 261 259 257 255 255 256 255 254 252 250 251 252 254 258 261 260 258 257 259 261 261 259 259 262 265 266 267 266 263 263 264 270 276 279 276 269
250 251 253 254 255 253 252 252 250 252 259 263 259 249 252 263 275 294 319 264 251 245 244 249 259 266 266 264 267 273 264 252 255 264 274 279 278 273 268 262 262 272 278 281 287 301 315 322 323 327 335 339 329 300 279 271 268 267 264 261 258 255 255 256 255 254 252 251 251 250 251 253 256 259 261 258 257 259 261 259 259 261 261 260 259 257 257 260 266 272 275 273 268 263
247 251 252 253 253 252 249 247 251 259 268 270 260 246 251 264 276 296 346 300 269 257 250 250 253 259 262 259 265 273 269 256 253 259 269 277 278 270 261 260 267 275 277 276 280 293 306 314 315 319 331 342 343 319 286 272 269 268 267 263 259 256 256 257 256 254 252 252 251 249 249 248 250 254 259 261 258 257 258 259 260 262 261 257 253 251 254 260 266 271 270 266 261 259
245 250 252 252 253 253 250 248 253 260 268 271 263 251 255 263 271 292 343 327 292 274 265 256 251 252 254 255 264 272 272 264 255 258 265 271 271 261 255 261 269 272 271 270 273 278 288 300 309 314 325 342 351 337 298 276 270 269 268 266 262 259 258 258 257 254 252 252 251 249 248 247 246 247 252 258 260 257 255 256 260 263 262 255 251 251 255 260 264 266 264 260 257 259
246 249 251 253 255 255 254 256 260 261 263 267 269 263 259 259 265 285 330 334 314 290 277 270 263 256 253 256 259 262 269 274 272 269 266 260 255 247 250 259 262 262 262 264 266 268 278 293 304 311 319 342 357 352 314 281 272 269 269 267 266 264 262 260 256 253 251 250 250 249 249 247 245 244 246 250 254 255 254 255 258 261 259 254 253 254 257 260 262 261 258 255 253 257
244 247 250 255 258 257 258 262 266 265 261 264 273 273 262 257 263 278 313 332 325 306 290 282 277 271 266 265 261 262 271 281 284 279 269 258 250 243 248 251 248 249 252 256 259 263 269 282 295 304 310 334 358 2 333 287 274 270 269 268 268 268 267 264 258 253 251 249 248 249 250 249 246 245 245 245 246 249 253 256 258 258 256 254 256 258 259 260 259 257 254 251 248 252
239 243 249 255 259 260 262 266 270 269 264 266 275 278 265 259 263 271 294 324 330 318 303 291 284 281 279 277 276 277 277 280 281 276 269 262 255 251 252 249 243 241 245 251 254 255 258 267 280 290 299 320 355 10 348 293 276 272 271 270 269 269 267 264 259 258 258 255 252 252 251 250 250 248 245 242 241 244 249 253 256 257 256 255 258 261 261 259 257 254 252 248 243 247
229 242 251 252 252 254 259 265 272 273 267 269 278 288 272 261 261 267 280 306 325 321 311 300 291 287 284 285 287 287 284 279 277 274 269 265 262 259 255 255 250 245 247 251 253 254 256 261 264 271 282 302 345 16 4 300 278 274 272 271 269 265 261 257 255 260 267 272 269 260 254 252 253 253 249 243 239 239 243 247 251 254 256 256 259 261 260 257 254 253 250 244 240 246
216 245 255 252 246 245 249 255 263 270 269 271 280 299 284 265 259 261 269 282 305 314 312 306 296 291 289 290 290 289 287 283 278 275 271 267 265 260 255 258 258 254 251 250 253 257 259 258 256 257 264 280 329 27 12 308 280 273 270 268 263 257 254 254 253 258 265 276 284 277 264 258 256 256 254 248 241 238 239 241 245 250 254 256 258 258 255 252 251 251 248 239 239 251
223 256 262 257 249 247 248 249 253 257 264 273 283 301 295 276 262 255 256 267 283 298 305 303 297 295 293 292 293 293 292 287 279 276 273 268 264 260 255 255 260 258 252 248 249 254 257 255 252 250 255 265 290 46 14 305 278 271 268 263 255 252 255 257 258 260 261 265 277 286 278 269 264 261 258 256 249 243 240 238 239 244 250 252 253 253 249 245 248 249 245 237 241 254
239 260 264 260 256 255 252 249 250 251 256 269 281 293 295 284 268 253 249 257 273 286 294 297 296 294 293 296 299 299 297 288 280 278 275 268 265 264 258 253 258 261 255 250 248 249 252 252 248 247 251 253 243 90 44 281 268 265 265 262 255 256 259 260 262 263 261 259 262 273 282 279 275 272 267 265 263 256 249 242 239 241 244 246 247 248 242 240 246 249 246 241 245 257
232 253 259 259 258 257 255 253 253 251 252 259 268 279 288 287 276 260 249 251 262 278 289 291 291 293 298 305 307 307 302 287 280 278 276 269 266 267 262 256 257 262 261 256 252 249 250 250 246 247 250 246 227 163 132 240 254 256 258 259 260 262 262 261 261 262 260 257 255 257 267 276 280 282 282 279 278 274 264 254 248 245 243 241 243 243 236 236 243 248 248 246 251 260
