windninja/windninja_output/Output_2025-10-23_1100-1150_Google earth_Fire_150m_10min/merlingen_7.5mi_point_10-23-2025_1100_150m_ang.asc
ncols	158
nrows	163
xllcorner	391686.332397
yllcorner	5160024.123721
cellsize	150.000000
NODATA_value	-32768.000000
[rows 0 to 41 of 163, columns 0 to 93 of 158]
259 258 256 253 252 253 252 247 245 245 242 235 226 223 228 237 246 251 253 261 263 248 236 237 242 247 247 241 240 240 240 240 242 241 240 245 250 251 252 250 246 246 247 249 252 254 258 260 256 251 248 247 247 248 247 246 245 246 247 248 247 244 243 242 239 237 238 242 247 250 249 247 245 243 243 244 244 246 248 248 246 243 242 245 247 246 241 240 241 239 237 237 236 234
259 259 258 255 255 254 250 248 249 248 244 234 225 224 230 238 245 249 253 258 258 249 241 240 243 245 244 243 242 242 242 242 243 242 243 246 248 249 250 249 247 247 247 249 251 252 254 256 256 253 251 250 250 249 248 246 246 246 247 248 247 246 244 243 242 240 241 244 247 249 248 247 245 244 245 244 244 246 248 248 245 243 244 245 246 246 243 242 242 241 240 241 239 238
258 259 258 257 257 253 249 250 252 251 244 232 224 227 234 241 245 247 251 253 250 249 247 245 244 243 242 243 244 244 244 245 245 245 247 247 246 247 247 247 248 249 249 251 251 251 251 251 252 253 253 252 250 249 248 248 248 248 248 247 247 247 246 246 245 245 246 247 249 249 247 246 247 248 247 245 244 246 248 246 242 243 246 245 245 247 244 242 242 242 245 245 243 242
256 256 255 255 255 252 250 251 251 249 241 228 224 231 239 246 248 248 249 249 248 248 248 247 245 243 241 241 241 242 243 245 247 249 249 248 248 248 248 248 249 249 251 252 252 251 251 249 247 248 249 248 247 247 248 248 249 249 249 248 247 247 247 247 246 246 247 249 250 249 246 247 249 249 249 247 247 248 248 245 241 242 245 244 247 248 244 241 241 241 242 245 245 243
256 256 254 253 253 252 253 255 253 247 237 227 226 234 245 250 250 250 249 247 247 250 251 249 248 245 241 239 237 238 239 242 245 248 249 248 248 249 250 250 250 250 251 252 251 251 250 248 247 247 246 245 246 247 248 249 250 250 250 250 249 248 247 248 247 248 248 250 251 249 247 248 250 250 249 249 251 252 249 245 242 244 246 245 248 250 247 245 244 241 240 242 244 243
260 259 256 253 253 253 256 258 254 246 238 232 230 239 250 252 251 249 248 248 249 252 255 255 254 250 245 241 239 238 239 241 243 244 245 246 248 249 250 250 250 251 252 252 251 250 249 248 248 246 244 244 246 248 249 249 250 251 251 251 250 248 248 248 249 249 249 251 251 248 246 249 251 251 248 248 251 253 250 245 244 248 250 249 249 250 250 252 254 249 246 245 244 243
260 261 261 258 256 255 257 256 251 245 241 237 236 245 253 254 251 248 247 248 249 252 256 259 260 256 250 247 245 242 242 244 245 243 243 245 247 249 249 249 249 251 252 252 251 251 250 249 248 246 244 245 246 247 249 251 252 252 252 252 250 248 247 247 248 249 250 252 251 248 245 248 250 249 247 247 249 250 247 242 246 251 252 251 251 251 252 256 261 262 260 256 251 248
259 260 262 263 261 259 257 254 250 247 246 244 243 249 254 254 252 249 248 247 249 251 253 257 262 259 255 253 250 246 247 249 248 246 247 248 249 249 249 249 250 250 251 251 252 252 251 250 249 246 246 247 246 246 249 252 253 253 253 253 252 248 246 245 246 248 251 253 252 249 248 249 249 247 247 248 249 248 243 242 250 254 253 251 251 251 252 255 260 266 269 267 263 259
259 259 261 263 263 261 258 254 251 251 251 251 250 252 254 254 252 251 249 248 250 251 251 252 257 259 257 255 252 250 253 254 251 250 252 253 251 250 250 250 250 251 252 252 253 252 251 251 250 247 247 249 248 248 251 253 254 254 254 253 252 250 249 247 246 248 251 253 251 248 250 252 250 248 248 249 250 247 242 245 253 257 256 253 251 251 251 253 255 258 262 263 263 263
259 259 260 260 261 260 258 256 255 254 255 256 256 257 256 254 253 253 251 250 250 251 250 250 250 254 256 254 252 253 256 255 253 253 253 253 251 250 250 250 251 252 252 253 253 253 252 252 251 249 250 251 250 252 255 256 255 255 254 252 252 253 253 252 252 253 254 253 250 247 249 252 252 250 249 249 250 248 245 249 254 256 258 259 258 256 255 256 256 253 252 255 260 260
259 260 260 259 259 258 257 257 256 256 256 258 260 261 260 257 256 255 255 253 252 251 250 249 248 249 250 251 252 255 256 255 254 256 255 253 251 250 251 251 251 252 252 252 253 254 254 253 252 252 255 255 254 257 259 258 257 257 255 253 254 256 257 260 263 262 259 256 250 248 251 253 252 251 249 249 251 253 253 254 254 254 255 259 263 264 263 263 260 254 252 256 259 258
260 260 260 259 258 258 258 257 257 257 257 258 260 262 263 262 260 258 257 258 256 254 251 249 247 245 244 248 253 255 256 256 256 258 257 254 252 252 252 252 252 252 252 250 251 252 252 253 253 255 259 261 261 262 263 261 259 257 256 256 257 260 263 270 272 270 266 260 253 254 255 253 252 251 248 248 251 254 258 260 256 253 253 256 262 265 264 264 261 254 255 259 259 258
260 260 260 259 258 258 259 258 258 258 258 258 259 261 264 266 265 262 260 260 259 257 254 250 247 244 243 248 254 256 256 257 257 258 256 254 254 255 255 253 253 253 251 249 250 249 247 248 252 257 261 263 264 265 267 267 263 259 255 255 259 263 269 276 279 277 273 269 267 265 260 256 254 254 252 252 252 254 256 257 257 256 255 257 260 260 261 261 257 252 256 258 258 259
260 260 260 259 259 259 258 258 258 258 258 259 259 259 263 266 269 268 265 262 260 258 255 251 248 245 245 249 252 254 256 258 258 257 255 255 256 256 256 254 254 253 251 251 252 251 247 244 248 254 259 261 262 263 267 270 269 262 254 254 259 264 269 275 279 278 278 280 284 280 269 262 260 260 259 259 258 258 256 255 258 261 260 260 258 256 259 258 254 252 258 259 257 258
260 260 260 259 259 259 258 258 258 258 259 259 260 259 260 264 267 270 269 265 261 258 254 251 248 247 247 249 251 252 254 258 259 257 257 256 255 254 254 254 254 252 252 255 256 254 253 250 247 248 253 256 257 259 262 266 268 264 256 255 259 264 267 269 269 272 277 282 289 295 287 274 269 265 262 263 264 262 258 260 265 266 264 261 257 256 258 256 251 251 259 261 259 259
260 260 259 259 259 259 259 258 258 259 259 260 261 262 262 263 264 265 266 265 261 257 254 250 249 249 249 249 250 251 254 256 255 255 256 256 256 254 253 253 254 252 252 255 256 253 255 257 253 249 250 252 253 255 256 256 258 260 257 258 262 265 266 264 260 265 271 276 282 296 302 288 277 269 266 266 265 261 262 266 269 268 265 262 259 257 257 255 252 251 256 260 259 259
259 259 259 259 259 259 259 259 259 259 260 260 261 265 267 266 262 260 260 261 259 256 253 251 251 251 249 249 250 252 255 255 252 251 253 255 257 256 253 253 252 252 253 254 252 252 252 253 256 258 256 252 253 254 253 251 251 253 256 260 263 265 265 262 259 262 267 272 276 282 295 295 285 279 275 270 265 264 267 268 266 263 262 260 259 258 256 255 257 258 257 257 256 257
259 259 259 259 259 259 259 259 259 259 260 260 262 265 269 268 265 261 259 258 257 255 254 254 253 251 250 251 253 254 254 251 248 247 249 252 254 254 252 252 253 253 255 254 252 253 253 252 255 260 261 258 255 254 253 251 251 252 255 260 262 263 262 260 261 263 265 269 271 272 280 289 288 288 286 277 271 270 269 265 261 260 260 257 255 256 256 255 260 266 265 259 256 256
259 259 259 259 259 259 259 259 259 259 259 260 262 264 267 268 266 262 259 257 256 255 255 256 255 253 253 253 255 255 252 248 245 245 247 250 252 253 253 254 254 254 255 254 253 254 257 258 258 258 261 261 259 255 254 254 254 254 256 259 261 261 259 259 262 264 264 265 265 269 274 280 281 283 285 283 278 273 267 262 261 262 261 257 254 253 254 255 260 265 269 264 259 258
260 259 259 259 258 258 259 259 259 259 259 259 261 262 264 266 265 262 259 258 256 256 256 255 255 254 253 253 253 253 250 245 244 247 250 253 254 255 255 255 254 253 253 253 254 256 259 260 259 259 259 261 261 260 258 256 255 254 256 259 259 259 259 261 264 265 264 263 265 269 273 273 272 272 275 277 273 268 265 263 263 265 264 261 257 254 253 254 258 263 267 266 262 260
260 260 259 259 259 258 259 259 259 259 259 260 260 261 262 262 262 260 259 257 256 256 255 255 254 253 253 252 251 250 247 243 244 247 251 253 254 255 254 253 252 252 252 253 256 258 259 258 259 259 259 260 262 264 263 260 257 256 255 257 257 257 260 263 265 266 266 266 268 270 267 265 265 268 270 267 261 259 260 262 264 265 264 264 261 258 255 254 258 263 265 264 260 260
259 259 259 259 259 259 258 258 258 259 259 259 260 260 260 260 259 259 258 257 256 256 255 254 254 253 252 251 250 249 246 243 245 249 252 252 253 252 251 251 250 250 252 254 257 258 258 258 259 259 260 260 262 264 265 263 262 259 256 254 254 257 261 263 266 268 269 269 269 265 259 257 260 265 269 267 258 254 254 257 260 261 261 263 263 259 255 255 260 263 263 259 256 258
259 259 258 259 259 259 258 258 258 258 259 259 259 259 259 259 259 258 258 257 256 255 255 254 252 252 251 250 249 249 247 245 249 253 254 254 254 251 250 251 250 251 252 254 256 258 259 259 259 259 260 260 260 262 264 265 264 263 258 254 254 257 261 264 269 272 272 270 264 257 252 253 257 263 267 269 263 256 254 253 253 253 257 261 263 262 259 258 261 261 260 252 251 257
259 259 259 259 259 258 258 258 258 259 259 259 258 258 258 258 258 258 257 256 255 255 254 252 251 251 249 248 249 251 251 251 254 254 254 255 255 253 252 252 253 253 253 253 257 260 259 258 258 259 260 260 260 261 263 264 265 264 260 255 255 258 262 269 275 275 271 265 257 251 249 252 259 265 266 264 264 263 260 253 250 249 252 255 260 265 266 263 261 260 257 247 250 257
259 259 259 259 259 258 258 258 258 259 259 259 258 258 258 258 258 258 257 256 255 254 253 252 250 248 246 247 251 254 255 256 258 256 255 254 253 254 256 256 255 255 254 256 259 258 255 256 257 259 260 260 261 262 263 263 263 262 260 258 257 260 266 272 275 272 266 258 251 250 251 257 265 267 262 255 260 270 267 258 252 249 248 249 254 263 268 267 264 262 255 243 250 257
259 259 259 259 259 258 258 258 259 259 258 258 259 259 258 257 257 257 257 256 255 254 253 251 249 245 242 245 251 255 257 259 261 259 256 252 251 254 258 259 258 258 258 260 260 255 253 255 257 258 259 261 262 264 264 264 261 258 258 260 264 269 272 271 267 263 257 250 246 249 256 266 271 267 257 246 254 269 274 268 260 253 247 245 249 255 260 263 264 263 255 243 248 254
259 259 259 259 258 258 258 259 259 258 258 258 258 259 258 258 258 257 257 256 255 254 253 251 248 242 238 244 250 252 255 260 264 265 260 254 250 254 258 260 260 261 263 262 259 253 252 254 257 258 257 258 261 264 267 265 257 253 257 263 272 277 276 269 260 253 247 242 243 250 262 270 272 265 253 241 249 262 275 280 271 260 252 249 250 251 250 252 258 260 257 249 250 252
259 259 259 259 258 258 258 259 259 258 257 258 258 258 258 258 258 257 257 256 255 255 253 251 247 240 238 244 248 248 250 257 263 266 266 261 255 256 259 261 261 263 265 263 258 253 251 252 255 257 255 255 258 263 266 263 250 251 259 267 274 277 274 266 257 250 242 239 245 256 265 269 267 262 251 240 248 257 267 280 280 270 262 259 257 253 246 246 252 255 255 256 257 254
259 259 258 258 258 258 259 259 258 258 258 258 258 258 259 259 258 258 257 256 256 255 254 251 247 241 240 245 245 242 245 252 257 262 266 267 262 259 260 261 261 263 263 262 259 254 252 251 252 255 255 254 256 259 261 255 245 252 261 270 274 272 266 259 254 248 241 241 253 263 266 265 261 255 247 244 253 258 261 271 282 280 271 267 263 256 250 250 252 251 251 256 264 262
259 259 258 258 258 259 259 259 258 258 258 258 258 258 258 259 258 258 257 257 257 255 254 251 248 245 246 248 244 239 240 245 250 257 264 267 264 261 262 262 261 261 259 258 256 253 252 253 254 253 250 251 253 254 253 246 244 256 262 270 274 269 259 252 250 249 244 247 260 268 269 263 255 249 244 248 257 258 259 265 278 285 278 270 265 259 257 258 256 251 248 252 263 270
259 259 258 258 258 259 259 258 258 258 258 258 258 258 258 259 259 258 258 258 257 256 254 253 251 251 253 251 246 241 242 245 249 257 264 265 261 262 263 262 261 259 255 254 252 251 254 257 258 253 248 250 250 250 248 241 244 259 265 268 269 264 254 248 250 252 251 254 263 269 270 262 254 251 247 251 254 254 256 262 271 282 281 273 267 263 262 261 257 252 248 249 257 269
260 259 258 258 258 259 259 258 258 258 258 258 258 258 259 259 259 259 259 258 258 257 255 254 254 255 255 253 247 244 248 252 255 259 263 262 261 265 264 261 259 257 254 254 252 252 257 261 260 255 254 254 252 251 247 238 244 258 267 268 265 257 248 246 252 258 258 259 264 267 266 260 258 258 254 252 250 251 255 259 263 270 275 274 271 269 266 262 258 255 252 250 253 263
259 259 258 258 259 259 258 258 258 258 258 258 258 259 259 259 259 259 259 259 259 258 257 256 257 258 257 254 246 245 251 256 257 259 261 262 265 267 265 259 257 255 254 255 254 255 260 261 258 257 258 258 256 253 248 241 246 256 262 265 262 253 242 244 253 260 265 265 264 263 261 260 263 263 257 252 250 251 254 257 257 257 265 272 272 271 268 264 259 257 256 254 254 259
258 258 258 259 260 259 258 258 258 259 259 259 259 259 259 259 259 259 260 260 260 260 259 259 259 260 260 256 251 252 256 257 256 256 258 263 268 266 261 256 255 253 253 255 255 258 260 258 256 258 259 259 259 257 252 250 254 257 257 258 258 252 241 243 251 257 265 271 267 262 261 261 263 260 255 254 254 253 254 252 249 248 256 266 270 267 264 263 259 256 255 256 258 263
258 258 257 259 260 259 258 258 258 259 259 260 260 259 259 259 259 260 260 260 261 261 262 263 262 261 260 259 259 263 264 261 257 257 257 258 263 262 257 253 252 251 252 254 256 260 261 258 258 260 260 259 260 259 258 258 262 263 258 255 254 251 244 245 250 253 260 270 273 269 264 260 258 255 255 257 259 260 256 249 243 243 249 258 266 264 260 260 259 254 253 256 261 266
258 258 258 259 259 258 258 258 259 259 259 260 260 260 260 260 260 260 261 261 261 262 263 264 265 264 262 262 264 269 271 267 264 262 259 254 251 255 253 251 250 249 251 254 257 260 260 259 260 260 259 259 259 259 261 262 263 264 262 258 256 254 250 250 250 251 256 265 276 276 268 259 256 254 257 260 262 263 261 256 248 243 244 251 258 264 262 258 257 256 256 258 261 265
259 259 259 260 259 258 258 259 259 259 260 260 260 260 260 261 261 261 261 262 262 263 263 264 265 266 266 265 266 273 276 274 270 266 260 252 245 245 248 249 249 251 253 255 258 259 259 259 260 259 259 259 259 260 262 262 261 261 261 259 258 257 256 257 254 252 255 262 271 272 264 259 258 259 260 260 258 257 260 263 259 249 245 247 253 263 268 260 256 259 261 261 261 263
259 259 260 260 259 258 258 259 260 260 260 260 260 261 261 261 261 262 262 262 263 263 264 265 266 268 268 268 272 277 279 276 272 266 260 252 244 241 245 248 250 253 255 256 259 259 259 259 258 258 261 262 260 260 262 262 259 257 257 258 258 257 257 259 259 257 258 263 265 259 254 257 261 264 260 256 256 253 254 260 261 255 248 246 251 259 267 263 260 262 264 262 262 266
259 259 260 259 259 259 259 259 260 261 261 261 261 261 262 262 262 262 262 263 263 264 264 266 267 268 270 275 280 279 277 275 271 265 260 251 239 240 247 249 252 254 257 258 258 259 259 258 255 257 261 262 260 258 260 262 259 255 254 255 254 251 251 254 257 260 263 264 260 251 252 259 263 260 250 252 259 252 248 253 255 253 250 249 254 257 259 263 263 262 262 263 267 270
260 260 260 259 259 260 260 261 262 262 262 261 261 262 262 263 263 263 263 264 264 264 265 266 267 269 273 280 282 278 275 275 272 266 259 246 236 242 247 250 253 256 259 260 258 258 259 259 256 256 259 262 260 258 258 259 256 253 252 251 247 243 243 247 253 259 263 263 257 254 261 265 262 251 243 254 260 248 243 247 245 245 251 255 258 258 258 262 264 261 258 263 269 269
260 260 260 260 260 260 261 262 263 263 262 262 262 263 263 263 263 263 264 264 265 265 266 266 268 270 274 279 280 277 276 276 273 268 258 246 243 247 248 250 253 257 261 261 259 258 258 258 257 256 258 262 264 262 258 255 252 251 251 249 244 239 239 245 252 257 261 260 257 261 266 264 258 248 247 259 260 239 238 243 239 238 247 256 259 260 262 262 262 260 258 262 265 264
260 260 260 260 261 261 262 263 263 263 263 263 263 263 263 263 263 264 264 265 265 266 266 267 268 270 273 276 278 278 276 275 273 268 258 250 251 254 255 254 254 256 257 257 259 260 257 254 253 255 259 262 264 264 260 255 251 251 252 250 245 240 241 245 249 256 259 258 259 261 258 254 254 251 255 262 256 226 230 240 240 240 245 252 257 260 259 255 257 260 261 260 258 259
