windninja/windninja_output/Output_2025-10-23_1100-1150_Google earth_Fire_150m_10min/merlingen_7.5mi_point_10-23-2025_1140_150m_vel.asc
ncols	158
nrows	163
xllcorner	391686.332397
yllcorner	5160024.123721
cellsize	150.000000
NODATA_value	-32768.000000
[rows 0 to 35 of 163, columns 0 to 79 of 158]
8.64 8.63 8.69 9.01 9.54 9.78 9.61 9.79 10.30 10.42 10.42 10.74 11.57 12.39 12.16 10.92 9.31 8.08 8.06 8.09 7.08 7.41 9.51 10.58 10.30 9.44 8.69 8.81 9.49 9.67 9.56 9.52 9.37 9.02 9.12 9.41 8.79 8.35 8.37 8.11 8.37 8.84 8.87 8.87 8.82 8.64 8.67 8.22 7.96 8.47 8.84 9.06 9.31 9.35 9.21 9.25 9.30 9.40 9.45 9.23 9.05 9.28 9.53 9.58 9.68 9.98 10.39 10.46 10.12 9.57 9.27 9.35 9.56 9.71 9.98 10.04 9.95 10.03 9.87 9.58
8.63 8.65 8.57 8.67 9.09 9.44 9.41 9.29 9.43 9.52 9.64 10.08 11.01 12.17 12.68 12.15 10.78 9.30 8.99 8.87 7.53 6.93 8.31 10.03 10.71 10.16 9.14 8.77 9.15 9.38 9.38 9.39 9.40 9.15 9.04 9.52 9.27 8.81 8.73 8.34 8.37 8.76 8.92 9.16 9.14 8.95 9.11 8.65 7.94 8.05 8.45 8.68 8.98 9.14 9.04 9.08 9.21 9.38 9.60 9.34 8.93 9.01 9.28 9.37 9.28 9.48 10.08 10.54 10.47 9.81 9.21 9.18 9.40 9.54 9.80 9.90 9.93 10.29 10.15 9.52
8.47 8.73 8.64 8.48 8.74 8.93 9.19 9.27 9.14 9.05 9.12 9.45 10.08 11.21 12.75 13.53 12.77 11.45 10.78 10.16 8.73 6.98 6.64 8.48 10.68 11.06 10.03 9.10 8.95 9.16 9.31 9.28 9.22 9.21 9.17 9.48 9.70 9.55 9.27 8.79 8.60 8.70 8.92 9.42 9.44 9.28 9.49 9.41 8.57 7.98 8.12 8.39 8.70 8.97 8.90 8.89 9.08 9.27 9.63 9.60 9.06 8.81 8.98 9.14 8.88 8.93 9.66 10.57 10.95 10.16 9.15 9.00 9.24 9.35 9.52 9.51 9.75 10.66 10.61 9.46
8.01 8.78 9.17 8.94 9.10 8.97 9.21 9.88 10.16 10.09 9.83 9.57 9.70 10.32 11.64 13.26 13.16 12.34 11.93 11.20 9.73 8.00 6.58 7.10 9.61 11.11 11.02 10.30 9.79 9.81 10.01 9.85 9.45 9.27 9.25 9.34 9.52 9.65 9.46 9.06 8.90 8.88 9.14 9.50 9.50 9.41 9.45 9.54 9.36 8.88 8.53 8.47 8.78 9.14 9.09 8.92 9.01 9.11 9.29 9.51 9.29 8.84 8.81 9.03 8.87 8.83 9.40 10.44 11.06 10.25 9.19 9.09 9.30 9.28 9.24 9.06 9.31 10.50 10.85 9.50
7.26 8.24 9.34 9.46 9.48 9.25 9.17 9.55 9.89 9.98 9.74 9.24 9.26 9.91 10.96 12.48 13.00 12.35 11.88 11.62 10.53 8.77 6.92 6.35 8.15 10.08 11.12 11.34 11.02 10.93 11.16 11.23 10.88 10.14 9.50 9.49 9.60 9.67 9.66 9.30 8.96 9.02 9.45 9.67 9.63 9.63 9.51 9.36 9.38 9.34 8.95 8.63 8.76 9.17 9.31 9.16 9.11 9.09 9.05 9.19 9.21 8.85 8.73 8.91 8.87 8.83 9.20 10.32 11.05 10.15 9.29 9.30 9.39 9.23 9.10 9.06 9.12 9.79 10.40 9.63
6.68 7.19 8.39 9.35 9.68 9.44 9.10 8.98 8.94 8.90 8.80 8.47 8.31 9.03 10.43 11.63 12.65 12.51 11.65 11.36 10.85 9.39 7.00 5.61 6.48 8.17 9.49 10.49 10.86 10.98 11.34 11.87 12.09 11.63 10.78 10.23 10.14 10.07 10.01 9.77 9.29 9.15 9.45 9.58 9.59 9.69 9.53 9.27 9.20 9.16 9.06 8.96 8.90 9.06 9.33 9.37 9.26 9.13 9.00 8.98 9.02 8.82 8.71 8.88 8.90 8.84 9.08 10.21 10.89 10.05 9.56 9.76 9.58 9.00 8.90 9.41 9.63 9.58 9.45 9.31
6.85 6.77 7.04 8.08 9.06 9.35 9.21 8.90 8.57 8.33 8.15 7.94 7.70 8.25 9.93 10.95 11.98 12.75 12.34 11.79 11.47 10.41 7.85 5.38 5.21 6.42 7.60 8.66 9.47 9.97 10.51 11.24 11.83 12.00 11.82 11.31 10.83 10.59 10.40 10.13 9.75 9.48 9.45 9.40 9.34 9.47 9.39 9.18 9.07 8.85 8.84 9.17 9.26 9.22 9.45 9.53 9.37 9.17 8.96 8.83 8.78 8.66 8.75 9.02 9.10 8.92 9.05 10.09 10.58 9.74 9.63 10.37 10.15 8.94 8.61 9.43 10.16 10.05 8.90 8.82
7.26 7.17 6.86 6.88 7.55 8.27 8.70 8.65 8.24 7.87 7.63 7.45 7.39 8.05 9.73 10.73 11.13 12.18 12.63 12.28 12.18 11.66 9.54 6.55 4.90 5.27 6.51 7.50 8.12 8.69 9.39 10.14 10.68 11.03 11.31 11.28 10.89 10.60 10.47 10.22 9.93 9.72 9.58 9.45 9.30 9.23 9.13 9.03 8.81 8.52 8.52 8.94 9.17 9.39 9.87 9.82 9.45 9.26 8.96 8.70 8.47 8.23 8.53 9.16 9.48 9.30 9.25 9.94 10.26 9.42 9.26 10.35 10.50 9.39 8.68 9.06 10.11 10.23 8.78 8.66
7.33 7.45 7.36 6.94 6.85 7.22 7.76 8.06 7.94 7.58 7.21 6.84 6.71 7.47 9.41 10.72 10.79 11.31 12.15 12.32 12.31 12.21 10.98 8.66 6.20 5.10 5.92 6.99 7.25 7.71 8.65 9.16 9.57 10.24 10.69 10.66 10.34 10.17 10.19 10.12 9.93 9.75 9.53 9.39 9.36 9.13 8.90 8.88 8.54 8.05 8.39 8.81 8.62 9.05 10.14 10.11 9.50 9.34 9.07 8.63 8.23 7.66 7.63 8.51 9.41 9.78 9.66 9.76 9.89 9.45 9.33 9.94 10.06 9.57 8.99 8.95 9.81 9.84 8.79 9.02
7.28 7.41 7.57 7.45 7.27 7.34 7.56 7.72 7.70 7.46 7.09 6.53 6.02 6.39 8.26 10.14 10.66 10.78 11.28 12.12 12.54 12.49 11.86 10.22 8.18 6.15 5.66 6.73 7.09 7.32 8.46 8.71 8.71 9.65 10.52 10.55 10.09 9.89 10.01 10.07 9.97 9.85 9.59 9.34 9.37 9.05 8.69 8.80 8.38 7.56 8.00 8.68 8.27 8.66 9.95 10.23 9.47 9.20 9.10 8.58 8.17 7.61 6.89 7.18 8.58 9.64 9.79 9.55 9.23 9.43 9.92 10.02 9.62 9.28 9.08 9.04 9.59 9.21 8.50 9.61
7.37 7.46 7.64 7.68 7.63 7.71 7.84 7.84 7.72 7.46 7.12 6.55 5.81 5.67 6.97 8.94 10.03 10.34 10.31 11.05 12.14 12.57 12.40 11.21 9.62 7.93 6.51 6.71 7.22 7.33 8.17 8.45 8.20 8.95 10.00 10.31 10.04 9.79 9.88 10.01 10.05 10.04 9.80 9.42 9.48 9.12 8.40 8.57 8.36 7.33 7.56 8.15 8.00 8.59 9.52 10.11 9.52 8.87 8.73 8.37 8.26 7.85 6.65 6.49 7.99 8.99 9.33 9.03 8.23 8.93 10.22 10.33 9.56 8.97 8.96 9.18 9.65 9.07 8.06 9.24
7.47 7.52 7.68 7.78 7.76 7.77 7.86 7.91 7.82 7.55 7.24 6.77 6.05 5.60 6.27 7.84 9.06 9.81 9.84 9.90 10.68 11.55 12.07 11.57 10.36 8.98 7.44 6.82 7.05 7.25 7.76 8.14 8.05 8.51 9.31 9.69 9.75 9.66 9.71 9.76 9.87 10.11 9.91 9.52 9.76 9.58 8.53 8.27 8.34 7.65 7.46 7.52 7.57 8.47 9.15 9.60 9.41 8.74 8.28 8.09 8.42 8.11 6.86 6.75 7.90 8.33 8.54 8.09 7.10 8.15 9.86 10.27 9.73 8.78 8.65 9.30 9.98 9.77 8.62 8.62
7.55 7.57 7.68 7.81 7.87 7.87 7.83 7.78 7.72 7.52 7.26 6.91 6.35 5.79 5.97 7.05 7.90 8.68 9.39 9.56 9.73 10.26 10.92 11.01 10.28 9.02 7.73 7.05 7.00 7.17 7.53 7.98 8.16 8.31 8.78 9.28 9.40 9.36 9.41 9.37 9.60 9.99 9.75 9.56 9.97 10.01 9.26 8.70 8.68 8.42 7.84 7.39 7.47 8.44 9.21 9.07 8.79 8.39 7.95 8.16 8.81 8.51 7.69 7.60 7.87 7.86 7.73 7.11 6.36 7.39 8.80 9.60 9.77 8.62 8.02 8.83 9.77 10.33 9.68 8.70
7.65 7.65 7.68 7.77 7.86 7.95 7.94 7.84 7.71 7.51 7.27 6.97 6.54 6.21 6.33 6.96 7.23 7.22 8.12 9.04 9.24 9.45 9.90 10.11 9.79 8.95 8.03 7.55 7.38 7.40 7.58 7.81 8.06 8.09 8.28 9.08 9.39 9.25 9.12 8.93 9.36 9.70 9.28 9.18 9.61 9.57 9.08 9.11 9.62 9.50 8.48 7.70 7.57 8.55 9.65 9.03 8.03 7.40 7.28 8.39 9.48 9.13 8.74 8.41 7.81 7.57 7.35 7.12 6.58 6.37 7.29 8.53 9.41 8.55 7.50 7.82 8.99 10.13 10.00 9.12
7.77 7.76 7.75 7.75 7.77 7.83 7.90 7.91 7.82 7.61 7.36 7.08 6.64 6.47 7.03 7.83 7.85 6.98 6.94 8.03 8.62 8.77 9.22 9.58 9.45 8.83 8.16 7.92 7.72 7.62 7.99 8.06 7.89 7.85 7.92 8.70 9.37 9.46 9.16 8.76 9.04 9.18 9.15 9.18 9.07 8.94 8.36 8.09 9.45 10.64 9.91 8.40 7.88 8.95 10.12 9.52 7.84 6.44 6.40 8.41 10.16 9.91 9.49 8.77 8.03 7.94 7.70 7.73 7.23 5.92 5.82 7.63 8.82 8.30 7.28 7.43 8.62 9.47 9.60 9.58
7.86 7.85 7.84 7.82 7.80 7.78 7.77 7.79 7.80 7.66 7.44 7.20 6.74 6.30 6.90 8.41 8.96 8.15 7.26 7.49 8.11 8.35 8.74 9.23 9.36 8.83 8.05 7.99 8.09 7.86 8.28 8.60 8.19 8.07 8.09 8.29 8.87 9.30 9.10 8.91 8.92 8.68 9.21 9.70 8.85 8.66 8.73 7.50 7.53 9.81 10.92 9.59 8.73 9.58 10.40 10.61 9.19 6.67 6.08 8.27 10.34 10.55 9.78 8.42 8.50 9.27 8.62 8.31 7.99 6.03 5.41 6.85 7.98 7.51 7.07 7.48 8.22 8.76 9.36 10.39
7.95 7.94 7.93 7.92 7.90 7.90 7.87 7.81 7.79 7.68 7.49 7.26 6.88 6.14 6.04 7.59 8.92 8.97 8.34 7.90 7.96 8.11 8.33 8.79 9.22 9.01 8.14 7.79 8.16 8.24 8.41 8.65 8.38 8.36 8.47 8.36 8.54 8.87 8.87 8.98 9.00 8.63 9.20 9.95 9.23 8.67 9.20 8.54 7.38 8.26 9.90 9.91 9.42 9.69 10.14 10.84 10.74 8.41 6.70 8.55 10.52 10.83 9.77 8.00 8.49 10.13 9.84 9.01 8.54 6.84 5.58 6.08 6.96 6.74 6.69 7.14 7.42 8.43 9.83 10.78
8.03 8.05 8.06 8.05 8.02 8.01 7.99 7.95 7.91 7.82 7.61 7.32 6.99 6.34 5.80 6.53 7.90 8.51 8.51 8.29 8.03 7.85 7.84 8.15 8.65 8.78 8.22 7.55 7.58 8.04 8.38 8.41 8.33 8.63 9.02 9.04 8.84 8.71 8.73 9.01 9.10 8.92 9.12 9.46 9.38 8.97 8.87 8.92 8.76 8.64 8.74 8.99 9.24 9.49 9.66 10.21 10.90 9.93 8.22 8.98 10.71 11.03 9.72 8.23 8.53 10.15 10.77 9.84 8.69 7.69 6.59 5.79 6.45 6.64 6.03 6.24 6.82 8.40 10.26 10.32
8.10 8.11 8.14 8.15 8.13 8.09 8.04 8.00 7.94 7.89 7.79 7.50 7.12 6.69 6.20 6.29 7.13 7.74 7.92 7.96 7.83 7.65 7.50 7.63 8.00 8.22 8.04 7.54 7.22 7.53 8.00 8.12 8.21 8.65 9.31 9.69 9.41 8.77 8.48 8.82 8.91 8.90 9.18 9.10 9.15 9.30 8.81 8.25 8.79 9.36 8.86 8.34 8.45 8.94 9.32 9.71 10.35 10.32 9.38 9.38 10.75 11.18 9.88 8.85 8.95 9.95 11.07 10.42 8.98 8.55 7.63 6.09 6.35 6.50 5.50 5.54 6.44 8.03 9.81 9.68
8.18 8.15 8.15 8.20 8.24 8.22 8.14 8.06 7.94 7.83 7.83 7.73 7.39 7.03 6.71 6.60 6.93 7.34 7.56 7.67 7.64 7.60 7.52 7.54 7.77 7.95 7.93 7.71 7.46 7.45 7.63 7.83 8.06 8.38 8.96 9.52 9.54 8.82 8.31 8.74 8.91 8.98 9.35 9.30 9.22 9.50 9.36 8.31 8.19 9.31 9.37 8.54 7.98 8.06 8.75 9.32 9.87 10.38 10.16 9.81 10.56 11.18 10.25 9.27 9.32 9.94 10.74 10.56 9.77 9.32 8.00 6.37 6.48 6.60 5.70 5.33 5.91 7.40 9.02 9.46
8.33 8.29 8.26 8.27 8.28 8.29 8.26 8.17 8.03 7.85 7.78 7.78 7.59 7.33 7.14 7.04 7.17 7.40 7.56 7.63 7.63 7.63 7.63 7.61 7.74 7.92 7.92 7.80 7.69 7.56 7.42 7.59 8.17 8.72 9.18 9.66 9.86 9.27 8.64 8.95 9.10 9.15 9.38 9.47 9.52 9.58 9.57 8.79 8.22 9.01 9.52 9.04 8.24 7.67 7.95 8.49 9.12 10.00 10.59 10.37 10.42 11.37 11.05 9.68 9.58 10.08 10.23 10.47 10.41 9.51 7.88 6.62 6.71 6.94 6.12 5.07 5.55 7.30 9.00 9.71
8.49 8.47 8.39 8.33 8.30 8.31 8.34 8.32 8.20 7.99 7.85 7.83 7.69 7.46 7.37 7.34 7.41 7.58 7.67 7.63 7.62 7.64 7.64 7.61 7.70 7.89 7.95 7.87 7.78 7.56 7.22 7.25 8.08 9.00 9.33 9.79 10.30 9.85 9.00 9.00 9.18 9.34 9.57 9.68 9.82 9.76 9.49 8.97 8.55 8.90 9.52 9.42 8.84 8.06 7.66 7.82 8.34 9.10 10.08 10.68 10.62 11.64 11.84 10.20 9.92 10.17 9.87 10.37 10.49 9.13 7.66 7.07 7.30 7.54 6.33 4.55 4.78 6.92 9.09 10.38
8.52 8.52 8.51 8.48 8.44 8.40 8.40 8.42 8.36 8.15 7.96 7.97 7.94 7.68 7.50 7.47 7.48 7.64 7.75 7.70 7.67 7.67 7.65 7.59 7.66 7.87 7.98 7.99 7.91 7.62 7.06 6.83 7.68 8.73 8.97 9.18 9.70 9.80 9.18 8.78 8.90 9.24 9.68 10.05 10.20 9.99 9.58 9.13 8.78 8.89 9.54 9.54 9.20 8.70 7.98 7.69 8.03 8.41 8.80 10.19 10.94 11.92 12.38 10.97 10.44 10.21 9.68 10.08 9.99 8.90 7.90 7.52 8.04 8.39 6.76 4.33 3.78 5.80 8.38 10.49
8.63 8.61 8.62 8.63 8.56 8.48 8.42 8.39 8.38 8.26 8.02 7.95 8.06 7.97 7.71 7.57 7.52 7.60 7.71 7.69 7.70 7.73 7.70 7.65 7.70 7.85 7.94 8.02 7.95 7.52 6.77 6.26 6.95 8.10 8.66 8.94 9.00 9.12 9.08 8.62 8.48 8.91 9.52 10.24 10.65 10.19 9.61 9.48 9.06 8.93 9.59 9.64 9.32 9.16 8.45 7.82 8.03 8.08 7.73 9.03 10.87 12.25 12.94 12.05 10.82 9.78 9.27 9.46 9.32 8.88 8.31 8.04 8.76 8.91 7.15 4.57 3.41 4.87 6.96 9.15
8.78 8.73 8.67 8.66 8.61 8.53 8.47 8.43 8.39 8.30 8.11 7.89 7.89 8.00 7.90 7.72 7.59 7.56 7.62 7.58 7.59 7.67 7.64 7.60 7.69 7.84 7.96 8.17 8.18 7.44 6.48 5.94 6.23 7.30 8.30 8.93 9.04 8.94 8.78 8.40 8.14 8.44 9.11 10.16 10.92 10.28 9.70 9.89 9.55 9.20 9.54 9.67 9.48 9.33 8.81 8.13 8.14 8.01 7.35 7.97 10.16 12.42 13.58 12.92 10.73 9.00 8.58 8.61 8.75 8.84 8.57 8.63 9.45 8.94 6.82 4.96 4.13 4.72 5.77 7.24
8.90 8.83 8.73 8.68 8.66 8.61 8.55 8.54 8.48 8.34 8.19 7.97 7.79 7.80 7.83 7.77 7.68 7.57 7.54 7.49 7.45 7.50 7.50 7.48 7.59 7.82 8.17 8.69 8.93 7.96 6.57 5.95 5.88 6.44 7.70 8.69 9.25 9.49 8.91 8.10 7.86 7.99 8.54 9.85 10.59 10.08 10.03 10.22 9.98 9.78 9.73 9.88 9.75 9.31 8.81 8.19 8.05 8.14 7.77 7.77 9.54 12.45 13.80 12.77 10.48 8.81 8.07 7.94 8.61 9.24 9.36 9.66 9.62 8.19 6.19 5.26 5.77 5.72 5.11 5.67
9.07 9.00 8.89 8.82 8.76 8.68 8.59 8.56 8.53 8.43 8.29 8.11 7.88 7.70 7.65 7.63 7.59 7.54 7.49 7.43 7.37 7.36 7.36 7.37 7.47 7.66 8.23 9.29 9.83 8.99 7.50 6.50 5.87 5.53 6.27 7.59 8.87 10.10 9.67 8.18 7.73 7.89 8.22 9.46 9.98 9.62 10.38 10.86 10.48 10.16 10.10 10.48 10.31 9.66 8.82 7.64 7.58 8.42 8.64 8.58 10.45 13.09 13.13 11.45 10.21 9.26 8.20 7.79 8.64 10.00 10.98 10.70 9.09 7.29 5.34 4.96 6.98 7.67 5.62 4.88
9.23 9.21 9.11 8.97 8.87 8.75 8.64 8.58 8.51 8.43 8.32 8.16 7.95 7.70 7.53 7.50 7.45 7.41 7.42 7.40 7.33 7.27 7.22 7.21 7.30 7.39 7.87 9.33 10.47 10.22 9.28 8.00 6.62 5.61 5.26 5.76 7.35 9.75 10.27 8.57 7.64 8.07 8.22 8.93 9.42 9.18 10.19 11.42 11.49 10.43 10.00 11.07 11.26 10.65 9.25 6.77 6.82 8.79 9.71 10.00 12.09 13.55 11.82 9.68 9.27 9.06 8.17 7.85 8.77 10.61 12.24 11.13 8.51 6.58 4.69 4.27 6.84 9.31 7.60 5.12
9.35 9.33 9.25 9.11 8.96 8.83 8.71 8.61 8.50 8.37 8.27 8.16 8.00 7.77 7.54 7.43 7.38 7.28 7.26 7.31 7.28 7.19 7.07 6.96 6.93 7.01 7.53 8.97 10.61 11.35 11.34 10.32 8.35 6.85 5.75 5.15 6.30 8.91 10.37 9.07 8.13 8.57 8.51 8.75 8.89 8.80 9.53 11.03 12.37 11.25 9.77 11.11 12.13 11.81 10.09 6.57 6.13 8.84 10.92 11.61 12.86 13.12 11.11 8.90 8.40 8.45 7.75 7.78 9.29 11.29 12.55 11.12 8.45 6.46 4.61 4.00 5.82 9.57 9.54 6.57
9.48 9.42 9.35 9.26 9.07 8.85 8.71 8.62 8.48 8.33 8.24 8.16 8.04 7.87 7.63 7.41 7.31 7.21 7.13 7.13 7.11 7.03 6.89 6.70 6.48 6.40 6.85 8.01 9.52 11.03 12.39 12.72 11.00 8.93 7.18 6.00 6.56 8.83 10.41 9.48 8.93 9.21 9.10 9.40 8.91 8.58 9.21 10.19 12.02 12.04 10.67 11.35 12.64 12.93 11.36 7.80 6.28 8.50 11.86 13.45 13.04 11.70 10.56 9.26 8.33 7.95 7.14 7.62 10.33 12.16 12.15 10.43 8.45 6.84 5.03 4.42 5.85 8.98 10.53 8.72
9.66 9.59 9.49 9.41 9.22 8.93 8.72 8.64 8.52 8.34 8.20 8.11 8.00 7.84 7.63 7.37 7.20 7.09 7.01 6.99 6.93 6.83 6.75 6.56 6.25 5.94 5.97 6.63 7.63 8.72 10.48 12.37 12.38 10.97 8.75 6.93 7.16 8.82 10.23 9.61 9.11 9.26 9.22 9.82 9.46 8.70 9.03 9.57 10.74 11.31 10.94 11.35 12.44 13.53 12.49 9.16 7.53 8.81 12.18 14.79 13.07 9.88 9.39 9.55 8.87 7.80 6.59 7.43 11.27 13.12 11.43 9.06 8.04 6.98 5.39 5.13 5.96 8.27 10.85 10.52
9.88 9.76 9.60 9.56 9.43 9.16 8.90 8.75 8.61 8.42 8.23 8.09 7.95 7.79 7.62 7.37 7.12 6.92 6.80 6.81 6.76 6.62 6.56 6.42 6.08 5.76 5.63 5.89 6.51 7.42 8.93 10.64 11.62 11.58 9.50 6.91 6.89 8.55 9.67 9.42 9.04 8.68 8.47 9.10 9.10 8.53 8.76 9.21 9.55 9.69 9.74 10.25 11.18 12.99 12.74 9.91 9.23 10.49 12.79 15.23 13.16 8.97 8.34 9.63 9.92 8.21 6.31 7.34 11.77 13.65 10.63 8.16 7.76 6.72 5.26 5.20 5.82 7.72 10.72 11.66
10.11 9.96 9.67 9.54 9.47 9.24 8.97 8.77 8.58 8.38 8.22 8.11 7.99 7.83 7.65 7.41 7.16 6.90 6.66 6.57 6.53 6.38 6.28 6.24 5.92 5.50 5.43 5.64 6.26 7.53 9.27 10.51 11.27 11.96 9.94 6.37 6.14 8.16 8.86 8.62 8.74 8.27 7.99 8.46 8.38 8.20 8.75 9.17 9.01 9.19 9.34 9.41 9.91 11.56 12.19 10.26 9.96 12.08 14.27 15.43 12.60 8.30 7.50 9.63 11.27 9.39 6.48 7.10 11.62 13.68 10.55 8.28 7.92 6.40 4.98 4.89 5.43 7.24 10.27 12.14
10.33 10.23 9.91 9.60 9.41 9.18 8.92 8.74 8.54 8.29 8.07 7.99 7.91 7.78 7.63 7.40 7.20 7.00 6.74 6.52 6.39 6.18 5.96 5.96 5.90 5.49 5.18 5.15 5.52 6.59 8.28 9.95 10.94 12.37 11.36 6.74 5.55 7.85 8.66 8.28 8.58 8.28 8.04 8.36 8.08 8.16 8.84 8.90 8.73 9.16 9.38 9.21 9.30 10.00 10.79 10.08 9.60 11.69 14.98 16.24 13.04 8.04 6.49 9.01 12.21 11.30 7.79 6.96 10.25 13.05 11.15 8.95 8.13 6.27 4.94 4.66 4.98 6.50 9.50 11.94
10.59 10.55 10.35 10.00 9.65 9.33 9.05 8.81 8.59 8.30 8.01 7.85 7.74 7.63 7.53 7.35 7.15 6.97 6.77 6.55 6.35 6.07 5.72 5.53 5.55 5.41 5.05 4.69 4.49 4.86 6.35 8.33 9.79 11.64 12.31 9.09 6.19 7.46 8.64 8.41 8.59 8.41 8.18 8.28 8.14 8.34 8.58 8.48 8.68 9.06 9.20 9.26 9.25 9.14 9.51 9.84 9.70 10.42 13.41 16.40 14.62 9.02 5.81 7.54 11.99 13.05 10.43 8.07 9.37 11.78 10.88 9.34 8.32 6.51 5.19 4.62 4.65 5.76 7.90 10.54
10.71 10.67 10.57 10.42 10.06 9.59 9.19 8.91 8.70 8.41 8.07 7.83 7.68 7.54 7.39 7.23 7.07 6.90 6.68 6.48 6.33 6.07 5.70 5.31 5.02 4.88 4.71 4.44 4.09 4.15 5.25 6.77 8.47 10.30 11.88 10.84 8.14 7.51 8.36 8.37 8.37 8.49 8.48 8.30 8.48 8.82 8.31 8.29 8.79 9.02 9.15 9.38 9.42 9.10 9.25 9.83 10.13 10.15 11.56 15.15 15.34 10.22 5.77 6.06 10.36 13.60 13.01 10.57 10.25 10.58 9.35 8.97 8.49 6.90 5.68 4.78 4.56 5.52 6.59 7.99
