windninja/windninja_output/Output_2025-10-23_1100-1150_Google earth_Fire_150m_10min/merlingen_7.5mi_point_10-23-2025_1100_150m_vel.asc
ncols	158
nrows	163
xllcorner	391686.332397
yllcorner	5160024.123721
cellsize	150.000000
NODATA_value	-32768.000000
[rows 37 to 73 of 163, columns 0 to 83 of 158]
9.51 9.60 9.93 10.19 10.13 9.99 9.89 9.86 9.95 10.09 10.00 9.81 9.71 9.70 9.64 9.51 9.35 9.18 9.02 8.83 8.61 8.34 8.02 7.65 7.15 6.47 5.66 4.81 5.40 7.87 8.83 9.22 10.33 11.45 12.26 11.15 9.45 9.25 9.83 9.64 9.13 9.22 9.47 9.66 10.02 9.92 9.20 9.07 9.15 9.25 9.43 8.99 8.80 9.24 9.28 8.92 8.97 9.55 9.99 11.20 12.10 9.94 6.52 4.61 5.12 8.13 11.29 11.69 9.28 6.58 5.78 6.32 6.48 5.47 4.28 3.87 3.50 3.52 5.05 5.64 4.79 5.05 6.38 7.94
9.72 9.81 10.10 10.19 10.06 10.03 10.02 10.05 10.04 10.10 10.06 9.81 9.71 9.78 9.70 9.53 9.38 9.21 9.05 8.92 8.70 8.40 8.13 7.84 7.34 6.64 5.78 5.12 6.30 8.38 8.72 8.76 9.48 10.23 11.11 10.20 8.64 9.25 10.37 10.00 9.58 9.59 9.61 9.76 10.16 10.00 9.35 8.95 8.86 9.61 9.93 8.92 8.36 9.19 9.72 8.80 8.26 9.09 10.03 10.94 11.57 10.61 8.06 5.47 5.01 7.45 11.30 12.08 8.88 6.42 6.24 6.73 6.62 5.32 3.99 4.22 3.80 2.76 4.63 6.25 4.99 4.48 5.38 6.87
9.99 10.05 10.14 10.19 10.15 10.06 10.06 10.22 10.19 10.07 10.01 9.81 9.72 9.83 9.79 9.56 9.39 9.24 9.08 8.97 8.77 8.49 8.23 7.98 7.55 6.87 6.16 5.90 6.81 8.15 8.56 8.43 8.60 9.25 9.78 8.79 8.06 9.41 10.64 10.49 10.12 9.94 9.89 9.70 9.85 10.17 9.67 8.64 8.34 9.68 10.49 9.19 7.85 8.67 9.97 9.03 7.76 8.38 9.72 10.64 10.95 11.07 10.18 7.56 5.72 7.35 11.42 11.77 8.44 6.75 6.84 6.92 6.28 4.85 4.16 4.88 4.15 2.12 3.57 6.19 5.85 4.86 5.21 6.54
10.24 10.34 10.17 10.14 10.20 10.08 10.14 10.37 10.32 9.99 9.86 9.85 9.73 9.80 9.84 9.61 9.40 9.28 9.14 9.00 8.83 8.56 8.29 8.10 7.79 7.18 6.68 6.52 6.74 7.69 8.57 8.28 7.86 8.24 8.17 7.32 7.32 8.66 10.25 10.90 10.78 10.57 10.31 9.57 9.38 10.05 9.92 8.72 8.04 9.30 10.88 9.84 7.69 7.79 9.40 9.31 7.85 7.68 9.06 10.11 10.16 10.59 11.55 10.30 7.21 7.63 11.29 11.33 8.53 7.64 7.23 6.57 5.77 4.34 4.31 5.50 4.19 1.82 2.72 5.29 6.12 5.84 6.09 7.00
10.33 10.41 10.20 10.10 10.17 10.14 10.20 10.41 10.37 9.94 9.74 9.86 9.77 9.73 9.80 9.63 9.39 9.32 9.23 9.05 8.88 8.58 8.33 8.24 7.99 7.48 7.12 6.86 6.70 7.50 8.50 8.08 7.38 7.18 6.59 6.40 7.00 7.87 9.11 10.42 10.90 11.15 10.73 9.85 9.51 9.64 9.60 8.94 8.19 8.95 11.03 10.67 8.06 7.05 8.23 9.12 8.14 7.32 8.32 9.41 9.30 9.19 10.82 11.72 9.55 8.57 10.69 11.11 9.21 8.11 7.04 6.36 5.80 4.21 4.52 5.72 3.81 1.87 2.44 4.21 5.48 5.89 6.76 7.64
10.29 10.31 10.18 10.06 10.13 10.28 10.21 10.23 10.33 9.98 9.71 9.81 9.78 9.69 9.70 9.60 9.41 9.33 9.29 9.14 8.90 8.57 8.38 8.36 8.14 7.70 7.43 7.16 6.93 7.49 8.14 7.83 7.11 6.31 5.56 5.61 6.61 7.88 8.74 9.54 10.43 10.97 10.75 10.48 10.01 9.18 8.99 9.01 8.60 9.03 11.14 11.26 8.43 6.78 7.47 8.45 8.09 7.41 7.86 8.81 8.71 8.20 9.34 11.07 11.19 10.27 10.15 10.67 9.78 7.95 7.08 7.01 6.31 4.71 5.07 5.50 3.36 2.14 2.46 3.75 5.01 5.51 6.51 7.84
10.25 10.21 10.10 10.05 10.16 10.36 10.21 10.04 10.18 10.03 9.73 9.74 9.77 9.64 9.59 9.54 9.41 9.33 9.32 9.20 8.90 8.60 8.44 8.39 8.24 7.90 7.65 7.48 7.26 7.39 7.69 7.57 6.92 5.98 5.23 5.06 6.18 7.94 8.52 8.85 9.72 10.39 10.70 10.91 10.06 8.68 8.49 8.92 9.12 9.67 11.25 11.12 8.54 7.02 7.38 7.94 7.81 7.54 7.81 8.57 8.62 8.15 8.49 9.35 10.81 11.29 10.29 9.98 9.45 8.03 7.63 8.05 7.27 5.79 5.75 5.18 3.45 2.70 2.72 3.64 4.75 5.48 6.56 8.02
10.22 10.14 10.05 10.12 10.20 10.24 10.16 10.01 10.02 9.99 9.75 9.68 9.70 9.57 9.52 9.48 9.38 9.35 9.31 9.18 8.91 8.68 8.49 8.37 8.29 8.08 7.87 7.71 7.45 7.28 7.39 7.36 6.81 6.02 5.29 5.16 6.29 7.59 7.95 8.22 8.88 9.99 11.02 10.91 9.33 8.25 8.43 8.97 9.67 10.34 10.90 10.41 8.62 7.41 7.63 7.97 7.68 7.53 7.93 8.60 8.83 8.67 8.40 8.58 10.14 11.20 10.52 9.34 8.15 7.52 7.79 8.45 8.23 7.24 6.54 5.38 3.92 3.34 3.32 3.91 4.70 5.56 6.97 8.07
10.17 10.11 10.11 10.21 10.14 10.07 10.08 10.01 9.90 9.87 9.78 9.63 9.56 9.50 9.48 9.43 9.33 9.34 9.30 9.11 8.90 8.72 8.53 8.39 8.34 8.22 8.04 7.79 7.53 7.32 7.28 7.23 6.81 6.10 5.55 5.62 6.25 6.91 7.30 7.56 8.27 9.84 11.17 10.37 8.30 7.97 8.80 9.53 10.27 10.42 10.08 9.60 8.65 7.60 7.67 8.14 7.86 7.64 8.08 8.64 8.95 9.09 8.85 9.06 10.34 10.68 10.01 8.80 6.81 6.22 7.14 7.93 8.34 8.03 7.16 5.87 4.32 3.74 3.94 4.51 5.18 6.06 7.11 7.53
10.16 10.14 10.18 10.18 10.06 10.06 10.04 9.92 9.79 9.74 9.75 9.59 9.43 9.42 9.42 9.38 9.30 9.28 9.25 9.07 8.87 8.69 8.55 8.47 8.41 8.30 8.08 7.83 7.63 7.43 7.28 7.18 6.86 6.24 5.85 5.88 6.14 6.52 6.85 7.17 7.92 9.41 10.63 9.59 7.68 7.92 9.21 10.39 10.59 9.70 9.13 8.88 8.47 7.92 7.66 8.02 8.18 8.16 8.49 8.59 8.74 9.31 9.64 9.73 10.21 10.02 9.08 8.15 6.49 5.83 6.61 7.20 7.88 8.01 7.33 6.26 4.84 4.03 4.29 5.15 5.85 6.44 6.87 6.78
10.30 10.25 10.14 9.95 10.04 10.32 10.07 9.74 9.64 9.62 9.63 9.50 9.35 9.33 9.35 9.32 9.25 9.21 9.15 9.04 8.84 8.63 8.57 8.55 8.48 8.29 8.06 7.89 7.72 7.54 7.35 7.19 6.92 6.46 6.05 5.90 6.20 6.49 6.58 6.95 7.62 8.75 9.53 8.58 7.67 8.46 9.86 10.71 10.13 8.73 8.37 8.24 8.17 8.37 7.99 7.99 8.57 8.94 9.28 8.69 8.33 9.54 10.30 9.95 9.79 9.48 8.28 7.46 6.52 6.03 6.44 6.73 7.33 7.54 7.11 6.35 5.24 4.36 4.54 5.63 6.39 6.48 6.52 6.33
10.50 10.33 10.02 9.63 10.01 10.80 10.32 9.56 9.42 9.48 9.48 9.34 9.25 9.23 9.29 9.27 9.17 9.12 9.06 8.96 8.79 8.63 8.58 8.56 8.49 8.29 8.06 7.92 7.77 7.62 7.44 7.25 7.01 6.68 6.20 5.95 6.28 6.52 6.49 6.77 7.36 8.03 8.16 7.50 7.74 9.32 10.41 10.23 9.23 8.08 7.73 7.84 8.02 8.32 8.05 8.16 9.05 9.70 9.93 8.77 8.02 9.51 10.53 10.09 9.55 8.90 7.70 6.87 6.37 6.14 6.36 6.54 6.81 6.92 6.70 6.22 5.49 4.92 5.08 5.98 6.66 6.56 6.28 6.03
10.75 10.32 9.73 9.41 10.06 11.17 10.76 9.63 9.13 9.23 9.31 9.17 9.10 9.12 9.20 9.22 9.09 9.01 8.99 8.86 8.74 8.66 8.56 8.51 8.50 8.32 8.06 7.91 7.80 7.67 7.51 7.32 7.12 6.84 6.41 6.10 6.30 6.54 6.52 6.63 7.04 7.39 7.17 6.84 7.75 9.74 10.36 9.37 8.33 7.35 7.11 7.78 8.31 8.32 8.15 8.60 9.79 10.46 9.90 8.46 7.90 9.16 10.46 10.58 9.61 8.30 7.17 6.40 6.09 6.08 6.24 6.41 6.44 6.35 6.28 6.05 5.68 5.46 5.72 6.37 6.81 6.79 6.32 5.83
11.07 10.26 9.22 9.23 10.34 11.27 11.05 10.08 9.02 8.88 9.05 9.01 8.97 8.97 9.06 9.14 9.06 8.89 8.88 8.80 8.69 8.67 8.52 8.42 8.48 8.35 8.05 7.90 7.83 7.70 7.56 7.39 7.20 6.96 6.64 6.34 6.35 6.52 6.48 6.44 6.69 7.03 6.87 6.62 7.77 9.61 9.68 8.52 7.57 6.56 6.35 7.51 8.34 8.20 8.35 9.34 10.70 10.70 9.23 7.94 7.81 8.78 10.49 11.25 9.71 7.71 6.67 6.02 5.80 5.88 6.04 6.16 6.08 5.91 5.83 5.74 5.58 5.60 6.07 6.72 7.04 6.95 6.50 5.90
11.50 10.18 8.66 9.06 10.57 11.11 10.99 10.67 9.40 8.64 8.63 8.81 8.86 8.82 8.89 8.99 9.01 8.81 8.75 8.77 8.64 8.60 8.50 8.38 8.41 8.29 8.05 7.92 7.85 7.73 7.59 7.44 7.27 7.07 6.84 6.62 6.48 6.42 6.35 6.24 6.49 7.02 6.87 6.58 7.62 8.94 8.60 7.55 7.13 6.38 6.13 7.49 8.23 8.05 8.66 10.37 11.08 10.13 8.60 7.74 7.72 8.55 10.84 11.81 9.50 7.17 6.25 5.73 5.63 5.73 5.84 5.88 5.73 5.59 5.56 5.45 5.26 5.33 5.99 6.87 7.27 7.20 6.80 6.12
11.99 10.19 8.27 9.02 10.60 10.71 10.54 10.98 10.19 8.72 8.24 8.56 8.70 8.69 8.76 8.85 8.90 8.73 8.67 8.73 8.59 8.48 8.45 8.39 8.31 8.19 8.05 7.95 7.86 7.75 7.62 7.47 7.32 7.16 6.99 6.83 6.62 6.42 6.29 6.08 6.38 7.14 6.98 6.51 7.08 8.03 7.40 6.32 6.72 6.73 6.70 7.55 8.24 8.46 9.55 11.09 10.54 9.06 8.20 7.85 7.83 8.65 11.43 12.13 9.07 6.69 5.87 5.46 5.53 5.68 5.70 5.65 5.49 5.44 5.54 5.41 5.08 5.04 5.65 6.59 7.14 7.51 7.38 6.57
12.12 10.58 8.42 8.88 10.52 10.28 9.86 10.88 10.82 9.13 8.13 8.29 8.49 8.56 8.66 8.74 8.73 8.63 8.62 8.63 8.53 8.40 8.37 8.36 8.23 8.10 8.03 7.94 7.85 7.75 7.62 7.50 7.37 7.23 7.10 6.94 6.75 6.55 6.33 6.03 6.31 7.19 7.11 6.36 6.33 6.93 6.35 5.34 6.18 6.87 6.94 7.42 8.12 9.10 10.67 11.18 9.39 7.94 7.80 8.02 8.15 9.16 11.92 12.08 8.71 6.33 5.45 5.22 5.55 5.69 5.56 5.44 5.37 5.47 5.63 5.50 5.12 5.12 5.62 6.05 6.48 7.36 7.81 7.26
11.52 11.12 9.40 8.66 10.08 10.02 9.25 10.35 11.10 9.89 8.44 8.11 8.28 8.40 8.53 8.61 8.57 8.54 8.52 8.51 8.48 8.36 8.30 8.27 8.15 8.05 7.99 7.92 7.84 7.74 7.63 7.51 7.40 7.28 7.16 7.02 6.86 6.68 6.46 6.17 6.36 7.06 7.01 6.17 5.68 5.90 5.60 5.03 5.93 6.62 6.65 7.38 8.13 9.33 11.39 10.91 8.19 7.05 7.44 8.12 8.54 9.85 12.18 11.73 8.39 6.06 5.10 4.93 5.60 5.86 5.55 5.34 5.37 5.55 5.66 5.56 5.23 5.42 5.92 5.72 5.82 6.85 7.60 7.51
10.67 11.21 10.58 8.99 9.40 9.71 8.91 9.39 10.78 10.74 9.22 8.20 8.15 8.22 8.30 8.43 8.44 8.43 8.39 8.38 8.42 8.35 8.24 8.17 8.06 7.99 7.94 7.88 7.81 7.71 7.62 7.52 7.42 7.31 7.20 7.07 6.94 6.78 6.61 6.42 6.47 6.75 6.65 6.03 5.52 5.38 5.21 5.20 5.78 5.92 5.99 7.45 8.25 9.32 11.61 10.37 7.20 6.57 7.28 8.12 8.90 10.41 12.12 11.35 8.19 5.75 4.83 4.60 5.35 5.88 5.63 5.44 5.54 5.62 5.63 5.50 5.33 5.72 6.16 5.72 5.58 6.37 7.03 7.16
10.36 10.87 11.03 9.87 9.27 9.45 8.84 8.49 9.76 10.98 10.10 8.65 8.26 8.12 7.98 8.20 8.35 8.29 8.25 8.21 8.30 8.31 8.19 8.10 7.97 7.90 7.88 7.83 7.77 7.68 7.60 7.52 7.42 7.32 7.22 7.11 6.99 6.86 6.72 6.59 6.53 6.47 6.33 6.00 5.69 5.41 5.23 5.26 5.38 5.08 5.33 7.36 8.20 9.42 11.49 9.45 6.53 6.50 7.34 8.24 9.29 10.55 11.73 11.16 8.21 5.51 4.49 4.33 4.85 5.42 5.44 5.61 5.77 5.70 5.65 5.41 5.47 6.01 6.20 5.86 5.66 6.04 6.51 6.70
10.50 10.55 10.69 10.32 9.78 9.59 9.08 8.25 8.75 10.44 10.33 9.13 8.72 8.31 7.81 7.93 8.17 8.15 8.12 8.07 8.15 8.20 8.14 8.07 7.89 7.81 7.82 7.77 7.72 7.65 7.58 7.50 7.41 7.32 7.23 7.13 7.02 6.90 6.79 6.67 6.56 6.41 6.23 6.03 5.84 5.65 5.36 5.10 4.99 4.50 4.77 6.95 8.08 9.52 11.12 8.57 6.06 6.58 7.69 8.60 9.54 10.36 11.11 10.93 8.57 5.74 4.39 4.20 4.55 4.96 5.24 5.67 5.84 5.72 5.67 5.38 5.61 6.21 6.16 5.91 5.82 5.99 6.26 6.39
10.62 10.41 10.23 10.13 9.99 9.86 9.57 8.72 8.56 9.71 9.67 8.98 9.17 8.99 8.16 7.77 7.86 7.94 7.96 7.96 8.00 8.03 8.05 8.02 7.81 7.72 7.75 7.70 7.66 7.60 7.54 7.47 7.39 7.31 7.22 7.13 7.03 6.93 6.82 6.70 6.58 6.43 6.26 6.08 5.94 5.79 5.42 5.06 4.79 4.25 4.28 6.19 8.04 9.56 10.46 8.04 5.85 6.70 8.16 8.90 9.37 9.94 10.51 10.52 8.90 6.30 4.61 4.15 4.39 4.94 5.26 5.58 5.79 5.72 5.61 5.40 5.73 6.21 6.04 5.81 5.84 6.13 6.33 6.32
10.56 10.31 10.04 9.95 9.83 9.82 9.89 9.45 9.08 9.23 8.76 8.20 8.88 9.66 9.04 8.00 7.62 7.66 7.75 7.81 7.83 7.89 7.98 7.89 7.70 7.65 7.67 7.63 7.59 7.55 7.49 7.42 7.36 7.28 7.21 7.12 7.03 6.93 6.83 6.71 6.60 6.46 6.31 6.15 6.00 5.81 5.52 5.18 4.80 4.31 4.14 5.58 7.93 9.30 9.60 7.65 6.05 7.13 8.51 8.84 8.89 9.32 9.89 10.05 8.97 6.80 4.96 4.08 4.27 5.06 5.37 5.41 5.68 5.73 5.51 5.46 5.90 6.05 5.78 5.63 5.66 6.08 6.41 6.34
10.32 10.18 9.95 9.87 9.80 9.76 9.89 9.91 9.63 9.08 8.29 7.52 8.03 9.47 9.65 8.73 7.86 7.54 7.53 7.57 7.61 7.77 7.88 7.72 7.58 7.58 7.59 7.57 7.53 7.49 7.44 7.37 7.31 7.25 7.18 7.10 7.02 6.92 6.83 6.72 6.61 6.49 6.34 6.20 6.04 5.85 5.62 5.34 4.99 4.55 4.34 5.30 7.45 8.75 8.64 7.26 6.67 7.82 8.55 8.49 8.39 8.52 9.03 9.42 8.78 7.18 5.22 3.87 4.15 5.18 5.39 5.32 5.59 5.69 5.37 5.47 6.00 5.84 5.54 5.50 5.48 5.86 6.24 6.21
10.04 10.00 9.87 9.76 9.78 9.85 9.93 10.11 9.90 9.19 8.29 7.34 7.47 8.52 9.28 9.39 8.65 7.86 7.50 7.30 7.37 7.58 7.66 7.55 7.47 7.51 7.53 7.51 7.46 7.41 7.36 7.31 7.26 7.20 7.14 7.07 6.99 6.91 6.82 6.72 6.62 6.50 6.37 6.22 6.08 5.91 5.73 5.51 5.22 4.85 4.53 5.08 6.77 7.98 7.63 6.85 7.38 8.34 8.39 8.08 7.87 7.81 8.16 8.62 8.30 7.25 5.43 4.01 4.32 5.26 5.34 5.38 5.60 5.56 5.28 5.42 5.82 5.64 5.41 5.43 5.46 5.72 6.02 6.03
9.90 9.82 9.76 9.65 9.61 9.84 10.07 10.24 9.97 9.34 8.52 7.51 7.26 7.56 8.19 9.20 9.31 8.63 7.85 7.27 7.22 7.32 7.36 7.34 7.34 7.45 7.51 7.46 7.38 7.32 7.28 7.25 7.20 7.15 7.09 7.03 6.96 6.88 6.80 6.71 6.61 6.50 6.38 6.25 6.12 5.97 5.82 5.65 5.42 5.14 4.72 4.95 6.33 7.11 6.59 6.62 7.92 8.50 8.14 7.73 7.38 7.31 7.52 7.71 7.65 7.00 5.42 4.48 4.81 5.26 5.28 5.48 5.70 5.41 5.17 5.32 5.45 5.41 5.29 5.31 5.47 5.66 5.94 6.05
9.99 9.75 9.62 9.59 9.49 9.68 10.03 10.23 9.97 9.48 8.85 7.85 7.17 7.04 7.29 8.24 9.14 9.18 8.49 7.70 7.29 7.09 7.08 7.10 7.14 7.37 7.53 7.42 7.26 7.21 7.21 7.17 7.13 7.09 7.03 6.98 6.91 6.85 6.77 6.69 6.60 6.50 6.39 6.27 6.16 6.03 5.90 5.76 5.57 5.35 5.00 5.04 6.00 6.42 5.77 6.40 8.11 8.47 7.88 7.45 7.03 6.86 6.94 6.93 7.06 6.49 5.02 4.67 5.11 5.22 5.25 5.55 5.80 5.30 4.92 5.05 5.16 5.19 5.11 5.18 5.48 5.62 5.90 6.26
10.18 9.82 9.55 9.57 9.55 9.56 9.74 10.03 9.89 9.49 9.16 8.39 7.21 6.78 6.90 7.37 8.28 8.90 8.93 8.41 7.67 7.10 6.95 6.90 6.90 7.23 7.52 7.34 7.14 7.15 7.12 7.08 7.05 7.02 6.97 6.92 6.86 6.81 6.74 6.66 6.58 6.49 6.39 6.29 6.19 6.08 5.96 5.84 5.69 5.52 5.32 5.23 5.72 6.07 5.37 5.78 7.88 8.46 7.82 7.29 6.56 6.05 6.20 6.64 6.82 5.92 4.83 4.76 5.01 5.06 5.20 5.59 5.84 5.21 4.60 4.65 4.91 4.94 4.83 5.06 5.43 5.59 5.89 6.41
10.10 9.90 9.73 9.66 9.64 9.56 9.46 9.75 9.81 9.38 9.29 8.95 7.42 6.50 6.72 7.03 7.42 7.97 8.65 8.88 8.22 7.44 7.12 6.90 6.71 7.04 7.40 7.22 7.10 7.12 7.02 6.97 6.96 6.94 6.90 6.86 6.81 6.75 6.69 6.63 6.55 6.47 6.39 6.30 6.21 6.11 6.01 5.90 5.79 5.67 5.56 5.43 5.62 5.86 5.30 5.43 7.21 8.26 7.94 7.18 5.76 4.76 5.48 6.71 6.90 5.94 5.06 4.76 4.74 4.84 5.04 5.57 5.81 5.07 4.35 4.27 4.55 4.55 4.42 4.83 5.30 5.53 5.96 6.58
9.29 9.79 10.28 10.02 9.79 9.61 9.23 9.42 9.83 9.55 9.37 9.09 7.72 6.51 6.50 6.84 6.98 7.13 7.79 8.62 8.51 7.85 7.57 7.21 6.77 6.89 7.16 7.07 7.06 7.07 6.92 6.86 6.88 6.86 6.83 6.79 6.74 6.70 6.64 6.59 6.52 6.45 6.38 6.30 6.21 6.13 6.04 5.95 5.86 5.78 5.70 5.62 5.65 5.71 5.46 5.58 6.59 7.63 7.82 6.98 4.98 3.92 5.21 6.65 6.83 6.19 5.33 4.67 4.56 4.70 4.83 5.41 5.68 4.91 4.26 4.04 4.08 4.08 4.00 4.46 5.16 5.62 6.25 7.24
7.48 9.16 10.85 10.74 10.52 9.91 8.80 8.93 9.91 10.13 9.65 8.77 7.87 7.01 6.37 6.45 6.83 6.83 7.09 7.87 8.08 7.88 7.99 7.74 7.13 6.93 6.97 6.98 6.99 6.97 6.86 6.77 6.79 6.77 6.74 6.71 6.67 6.63 6.58 6.53 6.47 6.41 6.35 6.28 6.21 6.14 6.06 5.99 5.91 5.85 5.79 5.74 5.70 5.67 5.64 5.76 6.20 6.72 7.14 6.62 4.66 3.81 5.01 6.26 6.58 6.19 5.48 4.78 4.59 4.65 4.69 5.20 5.45 4.75 4.12 3.85 3.67 3.54 3.59 4.11 5.00 5.92 7.10 7.87
5.37 7.74 10.32 11.09 11.70 10.87 8.50 8.45 10.21 10.81 9.86 8.50 7.83 7.32 6.53 6.23 6.69 6.89 6.83 7.16 7.32 7.42 7.88 8.00 7.54 7.16 7.12 7.18 7.03 6.88 6.76 6.66 6.68 6.67 6.65 6.62 6.60 6.56 6.52 6.47 6.42 6.37 6.32 6.26 6.20 6.14 6.07 6.01 5.95 5.89 5.84 5.80 5.75 5.73 5.74 5.80 5.95 6.07 6.33 6.14 4.78 4.23 5.07 5.84 6.04 5.77 5.38 5.01 4.77 4.66 4.62 5.01 5.26 4.57 3.80 3.60 3.37 3.05 3.11 3.92 4.98 6.28 7.80 7.94
4.96 6.30 8.62 10.03 11.51 11.53 9.07 8.18 10.53 11.60 10.12 8.59 8.01 7.46 6.84 6.51 6.69 7.01 6.81 6.63 6.78 7.02 7.41 7.71 7.38 7.18 7.77 7.88 7.27 6.91 6.67 6.51 6.52 6.54 6.53 6.52 6.51 6.48 6.44 6.40 6.36 6.32 6.27 6.22 6.18 6.12 6.07 6.01 5.96 5.91 5.86 5.82 5.79 5.77 5.77 5.79 5.81 5.79 5.85 5.73 5.06 4.71 5.16 5.54 5.39 5.10 5.07 5.03 4.82 4.62 4.54 4.97 5.19 4.30 3.54 3.43 3.15 2.81 2.84 3.87 5.20 6.46 7.60 8.09
6.32 6.81 7.96 9.01 10.30 10.81 8.90 7.70 10.10 11.79 10.21 8.53 8.29 7.91 7.34 6.99 7.00 7.26 7.00 6.49 6.53 6.78 7.10 7.28 6.49 6.50 8.24 8.71 7.74 7.09 6.72 6.45 6.36 6.36 6.36 6.39 6.41 6.38 6.35 6.32 6.29 6.26 6.22 6.18 6.14 6.10 6.05 6.01 5.96 5.92 5.87 5.83 5.80 5.78 5.76 5.75 5.73 5.69 5.62 5.49 5.22 5.05 5.19 5.23 4.95 4.75 4.84 4.83 4.61 4.32 4.34 5.07 5.13 3.97 3.35 3.34 3.16 2.84 2.87 3.77 5.13 6.26 6.92 8.62
7.86 7.84 8.24 8.83 9.52 9.75 8.58 7.83 9.77 11.33 9.51 8.04 8.01 7.83 7.55 7.17 7.16 7.51 7.40 6.82 6.56 6.69 6.97 6.92 5.73 5.59 7.87 9.12 8.41 7.48 6.99 6.61 6.34 6.18 6.14 6.24 6.28 6.27 6.25 6.24 6.21 6.19 6.16 6.13 6.10 6.06 6.03 5.99 5.95 5.91 5.87 5.83 5.80 5.76 5.73 5.70 5.67 5.62 5.53 5.42 5.28 5.18 5.14 5.03 4.84 4.75 4.71 4.61 4.36 4.01 4.13 4.96 4.93 3.68 3.15 3.28 3.31 3.00 2.90 3.58 4.60 5.73 6.83 9.65
8.99 8.84 8.76 8.75 8.97 9.20 8.75 8.46 9.67 10.29 8.68 7.85 7.71 7.41 7.30 7.02 6.95 7.31 7.43 7.10 6.87 6.90 6.94 6.66 5.58 5.15 6.91 8.74 8.83 8.06 7.39 6.94 6.62 6.18 5.96 6.08 6.12 6.11 6.13 6.14 6.12 6.11 6.09 6.07 6.05 6.02 5.99 5.96 5.93 5.89 5.85 5.81 5.78 5.74 5.70 5.66 5.61 5.56 5.48 5.39 5.28 5.19 5.12 5.01 4.86 4.75 4.60 4.47 4.23 4.05 4.12 4.56 4.50 3.40 2.99 3.18 3.39 3.12 2.77 3.28 4.21 5.44 7.55 10.40
10.07 9.78 9.14 8.68 8.82 9.07 8.90 8.86 9.21 8.93 8.20 7.90 7.56 7.20 7.07 6.88 6.79 6.97 7.06 6.90 6.95 7.09 7.00 6.64 5.69 5.12 6.23 7.84 8.60 8.48 7.77 7.28 7.09 6.53 6.00 5.91 5.94 5.94 5.98 6.02 6.03 6.02 6.01 6.00 5.99 5.97 5.95 5.93 5.89 5.86 5.83 5.79 5.75 5.71 5.67 5.62 5.57 5.50 5.44 5.36 5.26 5.18 5.10 5.00 4.87 4.73 4.58 4.41 4.26 4.21 4.12 4.13 3.89 3.15 2.92 3.12 3.30 3.08 2.58 2.99 4.18 5.94 8.56 10.04
