windninja/windninja_output/Output_2025-10-23_1100-1150_Google earth_Fire_150m_10min/merlingen_7.5mi_point_10-23-2025_1110_150m_ang.asc
ncols	158
nrows	163
xllcorner	391686.332397
yllcorner	5160024.123721
cellsize	150.000000
NODATA_value	-32768.000000
[rows 84 to 125 of 163, columns 0 to 93 of 158]
275 279 286 281 273 270 269 267 267 271 279 284 284 281 280 281 281 281 283 285 286 287 286 286 290 291 286 282 281 279 277 276 275 273 272 272 271 271 270 270 270 271 273 274 274 275 276 278 279 277 276 276 278 280 279 277 277 276 276 276 276 276 276 275 275 275 275 275 275 275 276 276 277 278 279 281 283 286 291 300 319 326 303 289 287 285 281 277 274 272 269 265 260 256
268 268 268 267 264 261 255 254 260 269 277 281 281 279 277 278 279 279 281 284 286 287 288 288 291 293 288 283 281 280 278 276 274 271 270 270 271 271 272 273 274 274 274 274 274 274 275 277 278 278 276 274 273 274 276 277 277 277 276 276 276 276 276 276 275 275 275 275 275 275 276 276 277 278 279 280 282 286 291 300 322 335 327 303 288 284 279 274 272 271 269 265 261 258
266 264 262 263 259 254 249 252 262 272 277 277 277 277 275 275 274 275 277 279 282 284 286 289 293 295 291 285 283 281 279 277 276 275 272 270 268 268 269 273 276 277 275 273 273 273 274 275 276 278 278 276 273 273 275 276 277 277 277 277 277 277 276 276 276 275 275 275 275 275 275 276 277 278 279 280 282 285 291 301 321 335 330 305 288 281 277 274 271 269 267 265 264 262
266 264 261 260 257 253 252 257 264 270 273 273 275 275 272 271 269 269 271 275 278 280 283 291 301 304 295 287 283 280 279 278 278 279 278 273 269 266 266 268 272 276 277 274 272 272 272 273 274 275 277 277 276 274 274 276 277 278 278 278 278 278 277 276 276 275 275 275 275 275 275 276 277 277 278 280 282 285 291 300 316 330 327 308 289 279 275 273 270 268 267 269 270 268
268 266 264 263 260 256 256 259 262 264 267 272 275 274 270 266 263 264 267 272 277 281 289 300 312 314 297 287 282 279 278 278 278 279 280 278 275 271 267 266 267 271 275 275 273 271 270 271 272 272 274 277 277 276 275 276 277 278 280 281 281 280 278 277 276 276 275 275 275 275 275 276 276 277 278 280 282 285 289 297 308 322 322 309 293 281 274 271 269 270 272 273 271 266
272 271 270 267 263 260 258 257 255 256 265 274 275 272 268 261 258 261 266 273 281 291 299 307 319 317 295 285 280 277 276 276 277 277 278 279 280 277 271 267 266 268 271 274 274 272 269 269 270 272 273 275 278 279 277 275 274 275 279 284 285 282 279 278 276 276 275 275 275 275 275 276 276 277 278 279 281 284 288 293 301 312 316 308 296 286 278 273 272 274 275 272 265 259
273 272 267 263 263 263 260 256 251 255 265 273 272 267 262 257 257 260 266 276 290 301 306 308 312 304 288 281 278 276 275 275 276 275 275 277 279 279 276 270 268 268 270 272 274 273 270 268 269 271 274 276 279 281 278 273 270 271 278 286 290 285 280 278 277 276 276 275 275 275 275 276 276 277 278 279 281 283 286 290 296 304 310 306 299 293 287 281 279 279 274 265 261 259
269 267 261 258 261 264 263 258 253 257 264 267 264 261 259 259 260 260 264 279 297 309 310 297 288 281 278 276 275 274 274 274 275 276 276 275 276 279 279 274 268 266 268 271 274 274 272 270 268 270 274 278 281 283 281 275 273 275 278 282 288 286 281 278 277 276 276 275 275 275 275 276 276 277 277 279 280 282 284 287 291 297 303 304 301 297 293 287 283 278 270 260 262 262
268 266 261 259 260 262 265 263 255 255 259 260 256 257 259 262 265 266 272 283 295 310 296 266 253 261 269 272 272 273 273 273 275 276 277 277 276 277 279 279 272 265 265 268 272 274 272 270 269 270 274 279 283 286 287 284 281 281 278 275 278 282 280 278 277 276 276 276 275 275 275 276 276 276 277 278 279 281 283 285 288 292 297 300 299 296 292 287 282 273 262 261 265 265
270 269 267 265 265 267 268 267 257 252 254 254 251 252 255 261 270 276 281 282 279 258 238 235 236 254 266 269 270 271 271 273 275 278 279 278 276 276 277 279 276 268 263 265 268 271 271 270 269 270 273 281 287 288 290 292 286 280 275 271 271 276 278 277 277 276 276 276 275 275 275 276 276 276 277 277 278 279 281 283 285 288 291 294 294 291 289 284 277 267 262 264 266 266
271 270 270 271 272 272 272 270 269 264 259 255 251 251 253 262 269 275 275 265 246 221 215 222 234 254 265 268 268 268 269 272 277 280 281 278 277 277 278 279 279 274 266 263 263 266 270 271 271 271 275 282 289 288 287 290 286 280 276 273 272 274 276 277 277 277 276 276 276 276 276 276 276 276 276 277 278 279 280 281 282 284 286 288 288 287 285 281 274 268 266 266 266 266
269 268 269 272 272 270 268 269 282 281 271 262 257 255 259 265 265 267 263 248 230 222 220 229 242 258 265 266 266 265 268 273 277 280 281 279 278 278 279 279 282 282 274 266 262 264 267 271 274 277 279 279 282 283 283 285 285 282 279 276 274 275 276 277 277 277 277 276 276 276 276 276 276 276 276 277 277 278 279 280 281 282 282 283 283 283 281 278 274 271 269 268 267 267
270 269 270 271 268 262 258 261 273 281 276 267 259 256 262 266 265 267 258 231 222 226 231 244 256 265 267 267 267 269 272 274 274 275 278 279 279 280 280 281 283 286 283 275 269 268 269 273 277 279 277 271 270 275 278 280 282 282 280 279 277 276 277 277 278 277 277 277 276 276 276 276 276 276 276 276 277 277 278 278 279 280 280 280 280 279 278 276 274 272 270 269 268 267
274 272 271 268 263 256 252 251 257 265 268 262 260 260 264 267 269 267 251 225 220 229 241 256 268 272 269 268 269 273 274 272 270 271 275 278 280 281 282 283 284 288 289 283 278 275 274 274 275 273 268 264 265 269 273 275 278 280 280 280 278 278 278 279 279 278 278 278 277 277 276 276 276 276 276 276 276 277 277 278 278 278 278 278 278 277 276 275 273 272 270 269 268 267
273 272 268 264 262 258 253 250 250 252 254 257 262 265 267 268 268 258 239 226 224 234 251 265 273 270 266 267 269 271 272 271 270 270 272 276 279 282 285 286 287 289 292 288 282 279 277 275 271 268 265 264 264 267 270 272 274 277 279 279 278 278 279 280 281 280 279 279 278 277 276 276 276 276 276 276 276 276 277 277 277 277 277 277 277 276 275 274 273 271 270 269 268 267
269 267 263 263 264 262 259 256 252 248 249 252 255 262 267 265 258 247 234 228 232 247 262 267 262 251 257 263 266 268 269 271 272 272 274 277 280 282 286 290 290 292 294 292 285 281 279 275 270 267 266 266 265 266 269 271 272 273 276 278 277 277 279 281 282 283 282 280 279 277 277 276 276 276 276 276 276 276 277 277 277 277 277 276 276 275 274 273 272 271 270 269 268 267
268 266 262 262 261 259 258 257 254 249 249 248 248 254 258 256 253 249 239 237 251 265 267 255 237 240 251 259 263 265 267 269 272 275 278 281 282 282 285 291 295 295 297 297 290 283 279 275 272 269 267 267 267 267 267 269 270 270 273 277 277 276 276 278 281 284 284 283 281 278 277 277 276 276 276 276 276 276 277 277 277 276 276 276 275 275 274 273 272 271 270 269 268 267
270 268 264 261 258 256 255 255 253 251 250 248 245 245 246 249 252 253 249 257 270 272 259 239 234 242 250 255 259 261 264 268 273 277 282 285 285 284 286 291 297 299 299 301 295 286 279 277 274 271 269 268 268 268 268 268 268 269 270 274 277 276 275 275 278 282 284 284 282 279 277 277 277 277 277 277 277 277 277 277 277 277 276 276 275 274 274 273 272 271 270 269 268 267
271 269 265 261 257 256 256 255 254 253 252 250 246 242 244 250 254 255 256 264 268 258 241 237 239 244 250 254 257 260 264 269 273 278 283 287 289 289 289 291 298 301 301 303 302 293 284 279 276 274 270 268 268 268 268 268 269 269 268 270 273 276 275 274 275 278 281 281 280 277 277 279 279 278 277 277 277 277 277 277 277 277 277 276 275 275 274 273 272 271 270 269 268 267
271 269 265 261 259 257 257 256 255 254 253 253 252 254 259 260 259 258 260 262 255 236 234 240 241 243 249 255 259 264 268 270 273 277 281 287 292 293 292 292 297 302 304 306 307 302 291 283 277 273 271 270 270 269 269 268 269 268 268 269 271 274 274 273 273 275 277 277 276 274 275 278 281 280 279 278 278 278 278 278 278 278 277 277 276 275 274 273 272 271 270 269 268 267
272 269 265 261 260 259 258 257 255 256 258 259 261 268 272 271 266 261 260 255 242 234 237 241 240 242 248 255 260 266 270 271 273 276 279 284 290 294 295 295 298 304 306 308 310 307 299 289 281 275 273 272 271 271 271 269 268 267 268 269 270 271 272 272 272 272 273 273 273 272 272 273 277 280 279 279 280 281 281 280 280 279 279 278 277 276 275 274 272 271 270 269 268 267
272 269 264 260 259 259 258 257 255 257 260 263 268 272 274 273 268 262 256 249 241 239 241 240 240 243 249 253 258 264 269 273 275 275 277 282 289 296 299 300 302 306 308 309 312 313 306 297 289 281 276 274 272 271 271 271 269 267 267 268 268 268 270 271 271 270 270 271 270 270 269 267 269 274 277 279 282 283 282 281 282 282 281 280 278 277 275 274 273 272 271 269 268 267
271 268 262 259 258 258 257 256 256 259 263 266 270 272 273 271 266 260 253 246 243 246 245 240 241 244 247 250 256 263 269 274 276 273 274 281 291 298 302 303 305 307 309 311 314 316 314 306 298 289 281 277 273 270 269 270 270 268 267 266 266 267 269 270 270 269 269 270 269 267 266 265 265 267 272 277 280 282 281 282 286 287 285 282 280 278 276 275 274 272 271 270 269 267
271 267 261 258 257 256 257 259 260 262 265 267 266 265 266 266 264 260 253 246 244 250 251 244 241 243 245 247 253 263 271 275 275 269 273 285 294 300 300 303 307 309 310 312 316 319 320 315 306 297 287 280 276 272 268 267 267 268 267 265 265 267 269 269 269 268 267 268 269 265 263 264 265 266 269 272 276 279 281 282 285 290 290 286 282 280 277 276 274 273 272 270 269 268
271 266 260 259 259 260 262 263 265 264 262 261 258 256 258 261 262 258 251 247 250 255 256 250 243 242 245 245 249 261 270 273 272 266 276 288 296 297 297 303 310 311 310 314 318 321 324 323 315 304 293 284 280 276 271 267 265 266 267 265 264 265 268 268 267 267 266 265 267 266 262 262 265 267 268 269 272 277 281 280 280 285 291 291 286 282 279 277 275 273 272 271 270 269
272 268 263 265 266 267 265 263 261 259 256 254 251 251 255 260 262 255 245 248 256 261 261 255 248 244 245 245 251 261 268 269 269 268 276 287 293 294 299 305 309 308 309 316 320 321 325 329 324 312 300 290 282 278 274 270 266 265 266 266 263 263 264 265 264 265 266 265 265 265 262 261 264 267 268 269 270 272 276 278 277 279 287 292 290 285 281 278 276 274 273 272 271 270
276 273 271 272 271 268 263 259 256 253 253 252 250 251 257 263 265 252 240 246 256 265 267 262 257 252 248 247 252 261 267 268 267 266 274 284 291 296 303 307 304 301 306 315 320 322 327 333 332 321 309 297 286 279 276 273 269 266 266 266 265 262 261 260 261 262 265 267 265 264 264 263 264 266 267 268 268 269 271 274 276 278 281 288 291 288 283 280 277 274 273 272 272 271
280 278 275 272 268 263 259 257 255 253 251 252 254 256 261 267 269 253 239 245 253 263 273 271 265 262 259 255 253 256 262 268 266 265 274 284 293 300 306 306 304 301 302 311 318 322 327 335 336 328 317 305 292 281 277 275 271 267 266 266 266 263 259 257 258 259 262 265 266 266 266 266 264 264 264 266 266 266 267 270 274 277 279 283 287 288 284 281 277 275 274 274 274 273
281 278 273 268 264 261 258 256 255 252 249 253 260 263 265 269 271 261 244 246 250 258 270 276 267 268 273 272 263 254 255 262 267 270 278 288 296 302 306 305 304 298 294 302 316 324 328 333 336 334 326 315 300 286 279 276 273 268 265 265 265 263 260 258 258 258 258 259 263 267 268 267 265 263 263 264 265 264 264 266 271 275 278 280 283 283 280 278 275 273 275 277 277 275
280 276 270 265 263 262 260 258 254 251 250 256 263 266 266 269 274 281 267 252 249 253 261 270 268 271 278 281 276 263 255 256 264 274 283 290 294 296 299 299 296 289 289 298 313 325 327 329 334 336 333 328 312 293 282 278 275 270 266 264 263 262 260 260 260 258 256 256 258 262 265 267 267 264 262 262 264 265 265 264 266 272 275 276 278 278 274 271 270 271 277 282 281 276
277 272 267 265 264 263 262 261 256 252 255 262 265 263 262 269 280 306 309 265 251 250 253 261 269 275 278 279 279 276 263 256 262 273 283 289 288 288 291 292 287 285 290 297 308 321 326 329 333 336 339 338 325 302 286 279 277 273 267 264 263 261 260 260 261 259 257 255 256 258 260 263 265 265 262 261 262 265 265 263 264 267 270 272 273 272 268 267 268 273 279 283 280 273
276 270 266 265 264 262 260 259 257 259 266 271 267 258 259 270 285 316 338 288 263 254 251 258 268 276 277 274 276 282 274 260 261 270 280 287 288 288 286 285 286 290 294 297 304 317 327 333 332 335 340 344 338 316 291 280 277 274 270 266 263 261 261 261 260 259 257 256 256 256 256 258 260 263 265 262 261 263 265 264 263 265 267 267 266 265 263 266 271 276 279 279 274 268
283 273 267 264 263 262 258 255 258 266 275 278 270 257 259 271 286 318 350 319 287 272 264 261 264 270 274 271 274 284 284 268 261 265 276 286 291 288 282 283 288 293 296 295 299 313 324 330 328 330 338 346 349 333 300 282 277 275 273 268 264 261 261 262 261 259 258 257 256 254 254 254 255 258 263 265 262 261 262 264 265 266 267 264 260 259 262 267 272 276 276 273 268 265
294 275 266 263 263 262 260 258 263 269 275 280 276 264 263 269 280 311 345 333 308 290 280 270 265 266 269 270 275 284 287 277 266 267 274 284 288 286 280 284 292 294 293 292 294 303 315 322 326 329 336 348 356 348 316 286 278 276 274 270 267 264 263 263 261 259 257 257 256 254 253 252 252 252 256 262 264 261 259 261 265 268 268 262 258 259 264 268 271 272 270 267 265 267
307 278 265 264 265 265 265 267 269 270 271 276 283 277 267 264 271 299 333 334 319 300 289 282 276 271 272 275 275 279 286 290 288 282 279 278 279 280 280 286 291 291 288 287 288 294 308 319 326 330 336 352 2 360 333 293 279 275 274 272 270 269 267 264 261 258 257 255 254 254 254 253 251 250 251 255 259 260 259 260 264 266 266 262 261 263 265 268 269 268 265 263 262 265
324 283 266 266 269 268 269 272 274 273 269 272 286 285 270 263 268 287 319 331 325 309 296 290 286 282 280 281 278 281 289 299 299 291 282 274 271 275 282 285 283 281 280 281 285 291 301 313 322 329 335 352 5 8 350 302 281 276 274 272 272 272 271 267 262 258 256 253 252 254 255 254 252 251 250 249 251 255 259 261 263 263 263 262 264 267 268 268 267 265 262 260 257 259
347 291 268 266 269 270 271 274 277 276 270 273 286 292 275 266 268 278 303 324 327 317 305 295 290 287 286 286 287 290 291 294 294 287 280 276 272 275 282 282 275 272 275 280 285 287 294 305 318 326 333 348 5 14 4 311 283 277 275 273 272 272 269 265 260 259 260 258 256 256 256 256 256 255 251 247 246 249 254 258 261 262 262 263 266 270 270 268 265 262 260 257 252 254
20 305 275 268 265 266 269 273 278 280 274 274 286 301 284 268 266 273 289 311 324 318 309 300 293 290 289 291 293 294 292 288 286 284 280 277 276 275 276 282 276 270 271 275 279 282 289 301 315 322 330 343 4 20 16 323 285 278 275 273 271 266 260 256 253 258 266 272 271 263 258 256 258 259 255 249 245 245 248 253 257 260 263 264 268 271 271 268 263 262 260 254 249 254
31 314 286 274 264 260 262 264 271 278 276 277 287 309 295 272 264 266 275 290 307 312 309 303 295 292 292 294 295 294 294 291 286 285 281 277 277 272 271 281 282 273 266 265 270 277 283 292 303 311 319 333 2 27 24 334 287 277 272 269 262 255 252 251 251 258 265 275 283 278 266 261 261 261 260 255 248 244 244 247 251 257 262 265 268 269 267 263 261 261 258 250 249 258
20 314 290 280 268 262 260 258 261 265 271 279 289 310 303 281 265 258 260 272 286 298 302 299 294 294 293 293 295 297 299 295 287 285 282 277 276 273 269 276 285 279 266 260 262 270 276 283 292 299 306 320 2 36 30 338 284 272 268 262 252 249 252 255 258 261 262 266 277 285 278 271 267 265 264 262 257 251 247 245 246 251 258 262 263 264 262 257 258 259 256 249 251 262
3 309 290 284 275 268 263 258 257 258 263 274 287 302 301 288 270 256 251 261 276 287 293 295 294 292 291 296 302 304 306 297 289 287 284 277 276 276 271 271 283 285 272 261 259 263 269 277 287 294 298 307 1 46 46 336 271 263 263 259 252 254 259 260 262 264 262 260 263 274 281 278 276 273 271 270 270 264 257 250 247 248 252 255 257 258 254 251 256 258 257 254 257 265
346 302 289 287 280 272 266 262 261 259 259 264 273 286 292 289 278 262 251 254 266 281 290 290 290 292 298 308 311 314 314 298 289 288 285 278 276 279 274 271 278 287 282 267 261 260 264 271 281 288 289 293 355 64 70 80 253 255 257 257 259 262 262 261 262 263 262 259 257 259 268 276 279 282 282 281 281 279 271 263 256 252 249 248 251 252 247 246 252 257 261 261 263 268
