windninja/windninja_output/Output_2025-10-23_1100-1150_Google earth_Fire_150m_10min/merlingen_7.5mi_point_10-23-2025_1150_150m_vel.asc
ncols	158
nrows	163
xllcorner	391686.332397
yllcorner	5160024.123721
cellsize	150.000000
NODATA_value	-32768.000000
[rows 0 to 36 of 163, columns 0 to 81 of 158]
8.32 8.33 8.36 8.59 9.05 9.26 9.05 9.22 9.74 9.86 9.85 10.17 11.03 11.93 11.81 10.65 9.13 7.95 7.92 7.95 6.93 7.18 9.21 10.27 10.01 9.17 8.46 8.60 9.26 9.44 9.33 9.29 9.13 8.79 8.88 9.12 8.48 8.02 8.00 7.76 8.03 8.48 8.48 8.44 8.34 8.13 8.10 7.63 7.43 8.02 8.46 8.69 8.94 8.97 8.83 8.84 8.84 8.87 8.85 8.61 8.49 8.73 8.96 9.01 9.14 9.46 9.80 9.76 9.33 8.77 8.50 8.61 8.81 8.94 9.16 9.21 9.13 9.11 8.86 8.58 8.65 8.77
8.29 8.33 8.23 8.27 8.66 8.98 8.91 8.80 8.99 9.07 9.13 9.51 10.41 11.62 12.22 11.78 10.49 9.06 8.77 8.66 7.32 6.69 8.04 9.72 10.40 9.87 8.89 8.55 8.92 9.15 9.15 9.16 9.16 8.92 8.79 9.23 8.98 8.52 8.41 8.04 8.06 8.42 8.57 8.77 8.71 8.51 8.62 8.15 7.45 7.59 8.00 8.23 8.52 8.68 8.61 8.65 8.74 8.87 9.01 8.75 8.37 8.47 8.72 8.80 8.74 8.94 9.46 9.80 9.64 9.00 8.48 8.48 8.69 8.79 8.99 9.10 9.15 9.38 9.15 8.58 8.51 8.69
8.09 8.39 8.27 8.08 8.37 8.51 8.71 8.82 8.73 8.60 8.56 8.78 9.40 10.58 12.19 13.04 12.32 11.02 10.41 9.83 8.41 6.70 6.39 8.20 10.35 10.73 9.74 8.85 8.72 8.92 9.06 9.04 8.97 8.97 8.91 9.20 9.43 9.28 9.00 8.55 8.34 8.41 8.62 9.05 9.06 8.91 9.11 9.02 8.20 7.58 7.67 7.92 8.23 8.49 8.44 8.44 8.61 8.77 9.08 9.05 8.54 8.30 8.45 8.59 8.36 8.38 9.00 9.78 10.06 9.35 8.49 8.36 8.53 8.58 8.72 8.78 9.05 9.77 9.63 8.65 8.27 8.86
7.59 8.39 8.74 8.48 8.66 8.47 8.65 9.29 9.53 9.39 9.07 8.79 8.97 9.68 11.08 12.75 12.67 11.85 11.48 10.78 9.35 7.68 6.32 6.84 9.30 10.76 10.68 10.00 9.52 9.55 9.75 9.59 9.19 9.00 8.99 9.08 9.25 9.37 9.18 8.79 8.65 8.64 8.85 9.15 9.14 9.06 9.09 9.21 9.07 8.60 8.22 8.16 8.44 8.75 8.66 8.47 8.52 8.58 8.75 8.97 8.78 8.36 8.31 8.49 8.34 8.29 8.75 9.63 10.14 9.45 8.56 8.44 8.54 8.48 8.46 8.33 8.56 9.58 9.89 8.76 7.92 8.94
6.83 7.84 8.88 8.95 8.98 8.69 8.55 8.92 9.21 9.24 8.96 8.47 8.53 9.25 10.42 12.02 12.55 11.90 11.44 11.19 10.14 8.45 6.64 6.08 7.86 9.74 10.74 10.97 10.69 10.63 10.86 10.94 10.59 9.86 9.24 9.23 9.32 9.38 9.37 9.03 8.73 8.78 9.17 9.36 9.32 9.30 9.18 9.06 9.08 9.05 8.68 8.36 8.44 8.79 8.88 8.70 8.60 8.55 8.50 8.63 8.66 8.35 8.23 8.38 8.33 8.27 8.57 9.51 10.13 9.39 8.66 8.59 8.60 8.45 8.35 8.28 8.24 8.81 9.46 8.89 7.78 8.29
6.31 6.84 7.99 8.85 9.13 8.85 8.50 8.42 8.38 8.28 8.14 7.78 7.62 8.42 9.96 11.22 12.24 12.10 11.25 10.98 10.50 9.08 6.75 5.37 6.23 7.89 9.17 10.14 10.52 10.66 11.03 11.55 11.76 11.32 10.51 9.97 9.87 9.80 9.73 9.51 9.06 8.90 9.14 9.26 9.26 9.34 9.19 8.94 8.87 8.85 8.79 8.68 8.55 8.66 8.88 8.88 8.74 8.59 8.46 8.44 8.49 8.33 8.23 8.36 8.35 8.28 8.47 9.42 10.01 9.36 8.96 9.02 8.75 8.26 8.25 8.68 8.77 8.63 8.58 8.63 8.26 8.07
6.54 6.48 6.73 7.67 8.57 8.80 8.66 8.39 8.05 7.76 7.54 7.29 7.05 7.69 9.53 10.59 11.58 12.31 11.90 11.37 11.09 10.09 7.60 5.18 5.02 6.21 7.35 8.38 9.17 9.67 10.21 10.92 11.50 11.67 11.52 11.03 10.55 10.31 10.12 9.86 9.48 9.18 9.11 9.04 8.97 9.08 9.01 8.82 8.73 8.55 8.57 8.87 8.92 8.84 8.99 9.00 8.81 8.61 8.40 8.29 8.28 8.24 8.34 8.56 8.57 8.37 8.46 9.31 9.75 9.12 9.10 9.68 9.38 8.31 8.06 8.78 9.38 9.21 8.26 8.28 8.95 8.67
6.93 6.86 6.56 6.58 7.23 7.90 8.31 8.23 7.78 7.36 7.07 6.82 6.73 7.47 9.32 10.38 10.74 11.74 12.17 11.82 11.75 11.27 9.22 6.32 4.73 5.09 6.29 7.25 7.86 8.42 9.12 9.83 10.36 10.72 10.98 10.95 10.58 10.29 10.16 9.89 9.60 9.37 9.20 9.06 8.89 8.81 8.72 8.63 8.45 8.23 8.23 8.59 8.82 9.03 9.39 9.26 8.89 8.69 8.39 8.16 7.99 7.86 8.21 8.77 9.01 8.79 8.65 9.18 9.49 8.82 8.71 9.64 9.78 8.84 8.16 8.43 9.32 9.47 8.31 8.18 9.37 9.07
6.98 7.12 7.05 6.66 6.62 7.03 7.53 7.75 7.53 7.10 6.69 6.26 6.08 6.89 8.98 10.33 10.40 10.91 11.71 11.87 11.88 11.79 10.59 8.32 5.94 4.89 5.71 6.76 7.01 7.47 8.38 8.88 9.29 9.93 10.34 10.30 9.99 9.82 9.83 9.75 9.54 9.35 9.12 8.98 8.94 8.70 8.49 8.47 8.16 7.77 8.09 8.43 8.26 8.67 9.60 9.51 8.93 8.77 8.50 8.08 7.73 7.24 7.25 8.11 8.94 9.22 9.01 9.03 9.20 8.87 8.70 9.15 9.31 8.94 8.42 8.32 9.03 9.16 8.35 8.45 9.66 9.30
6.93 7.09 7.28 7.14 6.97 7.08 7.30 7.40 7.30 7.00 6.59 6.00 5.46 5.89 7.87 9.77 10.28 10.40 10.87 11.67 12.09 12.04 11.43 9.82 7.83 5.88 5.44 6.49 6.85 7.09 8.19 8.45 8.44 9.34 10.16 10.18 9.74 9.54 9.64 9.69 9.57 9.44 9.17 8.93 8.92 8.62 8.28 8.38 7.99 7.27 7.66 8.27 7.90 8.21 9.33 9.56 8.85 8.58 8.48 8.00 7.60 7.06 6.40 6.69 7.97 8.91 9.03 8.82 8.64 8.88 9.23 9.21 8.84 8.60 8.45 8.40 8.83 8.56 8.05 8.94 10.00 9.80
7.00 7.12 7.34 7.36 7.27 7.35 7.47 7.45 7.29 7.00 6.64 6.07 5.31 5.23 6.64 8.65 9.71 10.00 9.95 10.65 11.70 12.10 11.93 10.76 9.19 7.57 6.22 6.45 6.98 7.10 7.92 8.20 7.95 8.66 9.65 9.95 9.70 9.45 9.53 9.64 9.66 9.64 9.39 9.02 9.03 8.67 7.97 8.13 7.93 6.98 7.14 7.69 7.55 8.02 8.82 9.36 8.79 8.17 8.05 7.74 7.60 7.17 6.06 5.88 7.15 8.05 8.41 8.23 7.68 8.37 9.46 9.49 8.81 8.33 8.37 8.55 8.88 8.31 7.41 8.44 9.81 10.30
7.09 7.16 7.34 7.44 7.38 7.39 7.46 7.49 7.36 7.08 6.76 6.29 5.58 5.16 5.96 7.62 8.82 9.52 9.53 9.59 10.35 11.16 11.64 11.12 9.92 8.59 7.13 6.57 6.83 7.04 7.53 7.90 7.81 8.24 9.00 9.36 9.42 9.33 9.37 9.40 9.49 9.70 9.50 9.13 9.33 9.12 8.11 7.84 7.89 7.21 6.96 6.98 7.00 7.78 8.38 8.80 8.63 8.01 7.60 7.41 7.66 7.33 6.14 5.93 6.86 7.24 7.49 7.24 6.54 7.51 9.01 9.43 8.98 8.20 8.19 8.79 9.34 9.02 7.81 7.72 8.89 10.05
7.16 7.20 7.31 7.43 7.46 7.46 7.42 7.37 7.29 7.08 6.81 6.46 5.90 5.38 5.69 6.93 7.79 8.48 9.14 9.30 9.47 9.97 10.58 10.63 9.90 8.69 7.45 6.82 6.80 6.97 7.32 7.76 7.92 8.05 8.50 8.98 9.07 9.03 9.07 9.03 9.24 9.59 9.37 9.20 9.56 9.58 8.86 8.30 8.22 7.91 7.30 6.84 6.88 7.73 8.41 8.26 8.02 7.68 7.31 7.48 7.99 7.66 6.82 6.61 6.77 6.75 6.66 6.18 5.58 6.54 7.90 8.75 8.95 8.00 7.56 8.35 9.21 9.62 8.94 8.01 8.29 9.28
7.25 7.26 7.29 7.37 7.44 7.52 7.51 7.42 7.29 7.09 6.84 6.54 6.10 5.78 6.06 6.90 7.26 7.18 7.99 8.86 9.03 9.21 9.64 9.82 9.49 8.66 7.77 7.32 7.18 7.21 7.39 7.61 7.84 7.86 8.04 8.80 9.08 8.94 8.80 8.62 9.00 9.31 8.91 8.79 9.17 9.15 8.70 8.74 9.17 8.97 7.96 7.18 7.03 7.89 8.84 8.23 7.30 6.77 6.72 7.73 8.64 8.23 7.77 7.35 6.75 6.50 6.29 6.01 5.42 5.26 6.33 7.60 8.43 7.71 6.82 7.11 8.13 9.14 9.12 8.39 8.27 8.70
7.34 7.34 7.33 7.34 7.35 7.42 7.48 7.48 7.40 7.19 6.94 6.66 6.18 5.99 6.65 7.67 7.83 6.98 6.91 7.96 8.49 8.59 9.01 9.34 9.20 8.59 7.92 7.70 7.53 7.44 7.80 7.88 7.70 7.64 7.71 8.46 9.09 9.16 8.86 8.45 8.69 8.82 8.79 8.77 8.64 8.53 7.98 7.75 9.05 10.16 9.41 7.93 7.41 8.35 9.37 8.75 7.18 5.92 5.95 7.77 9.29 8.97 8.49 7.82 7.13 6.93 6.59 6.49 5.90 4.70 4.70 6.46 7.61 7.28 6.47 6.55 7.51 8.31 8.54 8.45 8.30 8.22
7.41 7.41 7.40 7.39 7.37 7.37 7.36 7.38 7.39 7.24 7.03 6.78 6.30 5.81 6.46 8.14 8.79 8.01 7.16 7.42 8.00 8.19 8.54 9.00 9.13 8.61 7.84 7.78 7.90 7.69 8.10 8.42 8.02 7.88 7.90 8.07 8.60 9.02 8.82 8.61 8.61 8.37 8.87 9.31 8.48 8.31 8.36 7.17 7.20 9.38 10.44 9.18 8.35 9.08 9.82 10.00 8.64 6.27 5.72 7.65 9.44 9.56 8.82 7.67 7.77 8.31 7.55 7.11 6.65 4.76 4.14 5.44 6.60 6.42 6.15 6.49 7.14 7.70 8.22 8.90 8.47 7.75
7.47 7.47 7.47 7.46 7.45 7.46 7.44 7.39 7.39 7.28 7.08 6.85 6.47 5.71 5.67 7.39 8.76 8.76 8.14 7.74 7.82 7.94 8.14 8.58 9.01 8.81 7.95 7.61 7.99 8.07 8.25 8.48 8.21 8.18 8.28 8.15 8.31 8.63 8.62 8.73 8.74 8.38 8.91 9.61 8.93 8.39 8.88 8.23 7.09 7.87 9.45 9.53 9.06 9.26 9.68 10.35 10.24 8.05 6.38 7.93 9.62 9.84 8.89 7.37 7.80 9.16 8.77 7.86 7.32 5.68 4.33 4.72 5.56 5.48 5.57 6.10 6.49 7.40 8.45 9.15 8.47 7.65
7.52 7.54 7.56 7.56 7.54 7.54 7.53 7.50 7.47 7.40 7.21 6.92 6.62 5.99 5.55 6.45 7.85 8.39 8.34 8.11 7.87 7.71 7.68 8.00 8.50 8.62 8.06 7.41 7.45 7.91 8.24 8.27 8.19 8.48 8.86 8.86 8.66 8.53 8.55 8.81 8.89 8.70 8.86 9.18 9.11 8.69 8.58 8.64 8.47 8.27 8.33 8.59 8.85 9.08 9.24 9.75 10.40 9.50 7.87 8.39 9.85 10.10 8.95 7.64 7.82 9.18 9.65 8.70 7.63 6.67 5.49 4.57 5.08 5.23 4.77 5.16 5.82 7.18 8.73 8.85 8.16 7.91
7.55 7.57 7.61 7.63 7.62 7.60 7.56 7.54 7.49 7.46 7.39 7.12 6.78 6.39 5.99 6.22 7.14 7.71 7.85 7.88 7.74 7.54 7.41 7.54 7.91 8.11 7.93 7.44 7.14 7.44 7.90 8.02 8.11 8.55 9.18 9.54 9.26 8.63 8.34 8.65 8.72 8.70 8.95 8.86 8.90 9.02 8.52 7.98 8.47 8.98 8.45 7.93 8.05 8.55 8.92 9.28 9.86 9.82 8.91 8.79 9.95 10.31 9.17 8.20 8.18 8.98 9.92 9.35 8.03 7.50 6.53 5.08 5.19 5.25 4.36 4.43 5.28 6.74 8.39 8.38 7.96 7.97
7.60 7.58 7.60 7.65 7.69 7.70 7.65 7.60 7.50 7.41 7.43 7.36 7.06 6.75 6.51 6.50 6.93 7.34 7.53 7.63 7.58 7.52 7.45 7.48 7.70 7.88 7.86 7.64 7.39 7.39 7.57 7.77 8.00 8.31 8.88 9.41 9.42 8.71 8.19 8.60 8.75 8.81 9.16 9.09 8.99 9.22 9.06 8.04 7.90 8.92 8.95 8.14 7.58 7.68 8.35 8.89 9.41 9.86 9.60 9.18 9.80 10.34 9.47 8.51 8.45 8.92 9.62 9.52 8.74 8.17 6.96 5.57 5.63 5.68 4.82 4.42 4.97 6.34 7.80 8.22 8.12 7.98
7.71 7.67 7.65 7.68 7.71 7.76 7.75 7.70 7.59 7.42 7.39 7.44 7.27 7.04 6.92 6.90 7.09 7.34 7.51 7.57 7.56 7.55 7.55 7.54 7.68 7.86 7.87 7.76 7.64 7.52 7.38 7.55 8.14 8.68 9.13 9.59 9.77 9.18 8.55 8.84 8.98 9.01 9.22 9.28 9.29 9.30 9.27 8.52 7.95 8.65 9.11 8.63 7.84 7.26 7.50 8.04 8.65 9.48 10.00 9.75 9.75 10.55 10.15 8.82 8.65 9.03 9.16 9.37 9.20 8.38 7.09 6.05 6.02 6.11 5.35 4.52 5.04 6.57 8.01 8.54 8.44 8.02
7.81 7.79 7.74 7.72 7.72 7.75 7.81 7.83 7.75 7.56 7.46 7.50 7.39 7.19 7.14 7.17 7.26 7.47 7.58 7.56 7.54 7.56 7.57 7.54 7.64 7.84 7.92 7.84 7.74 7.54 7.21 7.24 8.06 8.98 9.29 9.73 10.23 9.77 8.93 8.92 9.09 9.23 9.43 9.50 9.59 9.49 9.20 8.70 8.28 8.58 9.13 9.01 8.42 7.64 7.20 7.35 7.83 8.55 9.51 10.09 10.00 10.81 10.86 9.30 8.94 9.06 8.77 9.18 9.27 8.22 7.11 6.61 6.66 6.68 5.53 4.10 4.51 6.45 8.35 9.36 9.14 8.18
7.81 7.82 7.83 7.83 7.81 7.80 7.84 7.91 7.89 7.71 7.55 7.60 7.62 7.40 7.27 7.27 7.31 7.50 7.63 7.60 7.58 7.59 7.58 7.54 7.61 7.83 7.95 7.96 7.89 7.61 7.08 6.85 7.69 8.74 8.97 9.16 9.67 9.75 9.13 8.72 8.83 9.16 9.56 9.87 9.96 9.72 9.32 8.88 8.53 8.61 9.16 9.13 8.78 8.27 7.53 7.23 7.51 7.86 8.31 9.65 10.31 11.06 11.34 9.97 9.32 9.02 8.56 8.96 9.04 8.27 7.45 7.07 7.37 7.48 5.95 3.88 3.59 5.43 7.76 9.64 10.14 9.15
7.87 7.86 7.89 7.93 7.90 7.86 7.86 7.88 7.92 7.83 7.61 7.56 7.71 7.67 7.45 7.35 7.34 7.46 7.59 7.58 7.60 7.65 7.63 7.59 7.65 7.82 7.93 8.02 7.97 7.55 6.82 6.32 7.01 8.16 8.71 8.97 9.02 9.11 9.05 8.59 8.44 8.84 9.43 10.08 10.42 9.94 9.38 9.25 8.82 8.64 9.21 9.22 8.90 8.70 8.01 7.38 7.52 7.56 7.32 8.57 10.21 11.33 11.77 10.75 9.47 8.58 8.27 8.57 8.64 8.35 7.85 7.52 7.93 7.89 6.37 4.25 3.26 4.42 6.29 8.41 10.15 10.16
7.96 7.92 7.90 7.94 7.95 7.90 7.89 7.92 7.93 7.88 7.71 7.52 7.56 7.71 7.63 7.49 7.41 7.42 7.51 7.49 7.50 7.60 7.58 7.54 7.64 7.82 7.96 8.19 8.24 7.53 6.58 6.04 6.35 7.41 8.39 8.99 9.09 8.97 8.79 8.40 8.13 8.40 9.04 10.02 10.69 10.07 9.51 9.65 9.30 8.90 9.16 9.26 9.04 8.86 8.36 7.71 7.67 7.55 6.97 7.53 9.47 11.39 12.21 11.38 9.35 7.94 7.73 7.94 8.17 8.26 7.96 7.86 8.35 7.86 6.22 4.78 3.89 4.08 5.02 6.55 8.77 10.03
8.03 7.98 7.93 7.95 7.97 7.96 7.94 7.99 8.00 7.91 7.80 7.61 7.48 7.53 7.58 7.55 7.50 7.44 7.44 7.41 7.38 7.45 7.46 7.43 7.55 7.79 8.16 8.72 9.01 8.07 6.69 6.10 6.03 6.58 7.81 8.77 9.32 9.55 8.94 8.12 7.87 7.98 8.50 9.70 10.38 9.91 9.85 9.99 9.72 9.47 9.37 9.45 9.26 8.81 8.33 7.76 7.66 7.76 7.39 7.30 8.76 11.16 12.21 11.34 9.46 8.06 7.48 7.48 8.11 8.61 8.54 8.50 8.31 7.24 5.82 5.22 5.43 4.98 4.29 4.93 6.95 8.72
8.14 8.10 8.05 8.04 8.03 8.00 7.96 8.01 8.05 7.98 7.89 7.75 7.58 7.45 7.43 7.46 7.44 7.42 7.41 7.36 7.31 7.32 7.33 7.33 7.43 7.61 8.20 9.31 9.90 9.09 7.63 6.65 6.06 5.72 6.43 7.71 8.97 10.17 9.71 8.22 7.76 7.88 8.18 9.32 9.82 9.50 10.21 10.63 10.22 9.86 9.78 10.06 9.81 9.12 8.28 7.27 7.35 8.11 8.22 8.01 9.38 11.43 11.47 10.27 9.44 8.72 7.83 7.50 8.23 9.31 9.84 9.27 7.86 6.53 5.18 5.08 6.67 6.88 4.70 3.93 5.36 6.87
8.23 8.24 8.20 8.14 8.11 8.05 8.00 8.03 8.02 7.98 7.93 7.82 7.67 7.47 7.34 7.35 7.34 7.31 7.34 7.34 7.29 7.23 7.19 7.16 7.24 7.31 7.83 9.36 10.53 10.28 9.37 8.14 6.80 5.81 5.46 5.94 7.49 9.84 10.32 8.62 7.67 8.06 8.18 8.84 9.32 9.11 10.08 11.24 11.23 10.15 9.75 10.71 10.80 10.11 8.72 6.57 6.79 8.55 9.23 9.24 10.76 11.83 10.37 8.72 8.58 8.55 7.86 7.61 8.34 9.73 10.83 9.72 7.51 6.01 4.64 4.45 6.56 8.46 6.65 4.13 4.24 5.24
8.28 8.30 8.31 8.25 8.18 8.10 8.06 8.06 8.01 7.94 7.91 7.85 7.74 7.56 7.36 7.29 7.27 7.20 7.19 7.26 7.24 7.16 7.03 6.91 6.86 6.91 7.46 8.97 10.61 11.34 11.37 10.42 8.49 7.02 5.94 5.33 6.45 9.03 10.45 9.13 8.16 8.56 8.49 8.69 8.83 8.78 9.47 10.90 12.11 10.99 9.59 10.82 11.69 11.29 9.64 6.53 6.25 8.62 10.28 10.56 11.42 11.67 10.03 8.19 7.84 7.99 7.48 7.52 8.66 10.10 11.05 9.88 7.70 6.10 4.62 4.08 5.47 8.61 8.50 5.63 4.07 4.10
8.35 8.35 8.37 8.37 8.27 8.13 8.06 8.07 8.00 7.91 7.88 7.86 7.79 7.66 7.46 7.27 7.21 7.14 7.07 7.10 7.09 7.02 6.88 6.68 6.44 6.31 6.76 7.99 9.52 10.99 12.37 12.76 11.08 9.04 7.32 6.09 6.64 8.92 10.47 9.53 8.95 9.21 9.10 9.37 8.90 8.59 9.19 10.11 11.82 11.86 10.60 11.15 12.27 12.48 11.00 7.81 6.43 8.22 11.02 12.14 11.57 10.53 9.76 8.68 7.84 7.53 6.88 7.28 9.37 10.68 10.62 9.35 7.88 6.58 5.04 4.41 5.43 8.09 9.40 7.61 4.82 3.59
8.47 8.44 8.43 8.48 8.41 8.21 8.07 8.07 8.04 7.92 7.85 7.83 7.76 7.66 7.49 7.26 7.12 7.03 6.97 6.98 6.94 6.84 6.74 6.54 6.21 5.88 5.92 6.66 7.68 8.77 10.56 12.48 12.48 11.07 8.82 6.91 7.16 8.88 10.28 9.65 9.13 9.28 9.24 9.80 9.46 8.74 9.03 9.49 10.55 11.15 10.85 11.16 12.12 13.10 12.14 9.13 7.53 8.38 11.17 13.34 11.72 8.99 8.75 8.96 8.31 7.31 6.25 6.92 10.04 11.44 9.95 8.13 7.44 6.60 5.33 5.08 5.69 7.64 9.79 9.29 6.16 3.73
8.65 8.54 8.48 8.57 8.59 8.40 8.19 8.15 8.11 7.99 7.88 7.82 7.74 7.64 7.51 7.29 7.06 6.90 6.80 6.82 6.80 6.65 6.56 6.41 6.04 5.71 5.62 5.93 6.60 7.54 9.11 10.84 11.79 11.73 9.61 6.91 6.90 8.63 9.74 9.46 9.07 8.71 8.50 9.09 9.10 8.55 8.70 9.04 9.31 9.45 9.50 9.95 10.83 12.52 12.34 9.81 9.08 9.91 11.67 13.74 11.93 8.33 7.91 9.07 9.22 7.58 5.87 6.72 10.43 11.96 9.37 7.34 7.03 6.18 5.10 5.14 5.69 7.28 9.75 10.44 7.85 4.71
8.82 8.71 8.51 8.53 8.63 8.47 8.25 8.17 8.09 7.97 7.87 7.84 7.78 7.67 7.54 7.34 7.12 6.91 6.69 6.61 6.59 6.42 6.30 6.25 5.94 5.50 5.42 5.63 6.26 7.56 9.38 10.67 11.45 12.17 10.12 6.44 6.20 8.27 8.95 8.68 8.79 8.32 8.03 8.45 8.38 8.17 8.62 8.96 8.78 8.93 9.02 9.06 9.53 11.10 11.78 10.08 9.73 11.46 13.17 14.01 11.49 7.81 7.25 9.16 10.47 8.60 5.92 6.40 10.31 12.13 9.44 7.46 7.08 5.85 4.84 4.86 5.38 6.90 9.41 10.97 9.12 6.23
8.96 8.92 8.72 8.57 8.58 8.42 8.22 8.16 8.08 7.91 7.76 7.74 7.72 7.64 7.54 7.35 7.17 7.01 6.77 6.57 6.45 6.25 5.99 5.98 5.93 5.49 5.17 5.12 5.45 6.57 8.39 10.15 11.15 12.58 11.55 6.85 5.63 7.97 8.76 8.36 8.64 8.35 8.07 8.36 8.08 8.08 8.67 8.71 8.54 8.89 9.05 8.85 8.90 9.56 10.38 9.75 9.23 11.05 13.96 14.98 12.02 7.62 6.41 8.67 11.39 10.40 7.06 6.13 9.02 11.61 10.04 8.10 7.35 5.87 4.84 4.64 4.94 6.22 8.79 11.01 10.40 8.18
9.09 9.12 9.06 8.91 8.74 8.51 8.32 8.22 8.14 7.94 7.72 7.63 7.59 7.53 7.47 7.31 7.14 7.00 6.80 6.60 6.44 6.17 5.80 5.59 5.60 5.43 5.06 4.69 4.49 4.94 6.60 8.65 10.08 11.88 12.51 9.19 6.27 7.57 8.74 8.50 8.67 8.48 8.21 8.29 8.13 8.23 8.41 8.31 8.47 8.79 8.89 8.89 8.84 8.73 9.07 9.34 9.12 9.72 12.48 15.22 13.60 8.57 5.80 7.33 11.24 12.09 9.52 7.10 8.04 10.23 9.71 8.52 7.67 6.17 5.03 4.47 4.45 5.32 7.24 9.83 11.00 10.19
9.14 9.16 9.20 9.25 9.06 8.70 8.43 8.30 8.23 8.05 7.78 7.62 7.54 7.46 7.35 7.22 7.08 6.95 6.74 6.56 6.43 6.18 5.81 5.43 5.14 4.98 4.76 4.47 4.16 4.35 5.60 7.14 8.80 10.58 12.10 10.96 8.23 7.64 8.47 8.47 8.46 8.57 8.51 8.33 8.47 8.71 8.18 8.15 8.59 8.78 8.88 9.04 9.06 8.73 8.81 9.29 9.49 9.44 10.70 14.00 14.21 9.60 5.64 5.89 9.74 12.66 11.97 9.43 8.70 8.95 8.24 8.18 7.83 6.47 5.34 4.47 4.23 4.95 5.85 7.24 9.28 10.29
9.30 9.21 9.12 9.19 9.15 8.85 8.50 8.29 8.22 8.10 7.86 7.64 7.52 7.43 7.32 7.16 7.02 6.91 6.74 6.52 6.37 6.16 5.85 5.50 5.08 4.69 4.39 4.21 4.19 4.56 5.24 6.10 7.64 9.35 10.71 10.72 9.49 8.58 8.68 8.56 8.21 8.41 8.75 8.59 8.76 9.04 8.37 8.30 8.69 8.70 8.90 9.02 9.10 9.08 9.04 9.30 9.75 9.96 10.43 12.84 14.01 10.48 6.22 5.14 7.51 11.54 13.27 12.05 10.04 8.08 7.02 7.62 7.68 6.54 5.48 4.65 4.35 5.04 5.94 6.30 6.87 8.30
