windninja/windninja_output/Output_2025-10-23_1100-1150_Google earth_Fire_150m_10min/merlingen_7.5mi_point_10-23-2025_1150_150m_vel.asc
ncols	158
nrows	163
xllcorner	391686.332397
yllcorner	5160024.123721
cellsize	150.000000
NODATA_value	-32768.000000
[rows 37 to 73 of 163, columns 0 to 81 of 158]
9.56 9.46 9.27 9.13 9.05 8.89 8.60 8.29 8.12 8.04 7.87 7.67 7.54 7.44 7.32 7.18 7.02 6.89 6.74 6.55 6.36 6.14 5.89 5.58 5.18 4.71 4.28 4.01 4.21 4.94 5.22 5.65 6.77 8.20 9.59 9.56 8.99 9.07 9.30 8.94 8.46 8.46 8.68 8.85 9.12 9.09 8.58 8.57 8.79 8.96 9.05 8.73 8.81 9.35 9.36 9.08 9.47 10.36 10.92 12.34 13.62 11.41 7.55 5.28 5.88 9.50 13.22 13.59 10.83 7.99 7.17 7.69 7.74 6.49 5.30 4.98 4.52 4.73 6.63 7.13 5.98 6.55
9.75 9.68 9.53 9.31 9.03 8.82 8.63 8.39 8.13 8.00 7.88 7.69 7.57 7.47 7.30 7.12 6.98 6.84 6.70 6.57 6.40 6.17 5.94 5.66 5.25 4.75 4.25 3.85 4.04 4.85 5.08 5.32 6.18 7.29 8.66 8.81 8.31 8.97 9.76 9.35 8.93 8.86 8.81 8.93 9.39 9.34 8.83 8.70 8.97 9.69 9.77 8.79 8.56 9.59 10.01 9.04 8.87 10.19 11.41 12.51 13.49 12.70 9.81 6.67 5.91 8.57 12.95 13.97 10.68 8.13 7.86 8.18 7.96 6.63 5.42 5.56 4.80 3.91 6.41 8.33 6.60 5.98
9.94 9.79 9.54 9.36 9.12 8.82 8.58 8.41 8.16 7.96 7.86 7.68 7.53 7.48 7.35 7.12 6.96 6.82 6.67 6.54 6.39 6.18 5.96 5.72 5.33 4.80 4.21 3.65 3.70 4.47 4.87 4.95 5.48 6.49 7.60 7.84 7.95 9.19 10.17 9.93 9.40 9.12 8.96 8.82 9.25 9.75 9.29 8.46 8.51 9.87 10.51 9.18 8.19 9.39 10.77 9.85 8.85 9.87 11.53 12.71 13.43 14.00 13.04 9.62 7.03 8.59 13.11 13.74 10.31 8.36 8.20 8.22 7.72 6.50 5.88 6.32 5.21 3.42 5.37 8.64 8.30 6.92
10.32 10.14 9.72 9.43 9.22 8.96 8.73 8.53 8.24 7.94 7.81 7.70 7.53 7.47 7.42 7.21 7.02 6.88 6.70 6.54 6.39 6.19 6.00 5.80 5.46 4.92 4.31 3.74 3.58 4.20 4.79 4.68 4.74 5.55 6.37 6.58 6.97 8.23 9.82 10.48 10.27 9.84 9.37 8.76 8.84 9.69 9.74 8.74 8.29 9.60 11.00 9.79 7.74 8.22 10.30 10.58 9.30 9.19 10.71 12.07 12.52 13.52 14.84 13.07 8.95 9.06 13.21 13.49 10.42 9.12 8.49 7.97 7.26 5.86 5.88 6.89 5.36 3.48 4.50 7.59 8.94 8.64
10.74 10.56 10.10 9.67 9.36 9.05 8.80 8.66 8.42 8.03 7.80 7.73 7.57 7.44 7.41 7.27 7.07 6.95 6.79 6.59 6.41 6.21 6.02 5.85 5.56 5.09 4.60 4.11 3.78 4.15 4.80 4.69 4.43 4.75 5.17 5.70 6.31 7.02 8.24 9.78 10.51 10.73 10.43 9.66 9.14 9.37 9.81 9.56 8.98 9.56 11.23 10.67 8.03 7.08 8.55 9.92 9.22 8.40 9.46 10.88 11.16 11.46 13.66 14.79 12.01 10.36 12.76 13.46 11.17 9.83 8.83 8.16 7.44 5.65 5.83 7.02 5.18 3.80 4.29 6.20 7.96 8.63
11.01 10.84 10.43 9.97 9.60 9.24 8.84 8.68 8.58 8.22 7.88 7.76 7.62 7.45 7.38 7.28 7.11 6.98 6.86 6.66 6.44 6.21 6.05 5.92 5.68 5.28 4.91 4.48 4.07 4.24 4.77 4.80 4.47 4.22 4.23 4.80 5.90 6.90 7.54 8.51 9.65 10.45 10.62 10.38 9.71 9.15 9.36 9.59 9.17 9.22 10.88 11.03 8.52 6.97 7.65 8.90 8.87 8.30 8.83 10.02 10.17 9.83 11.30 13.73 14.10 12.66 12.28 13.05 12.17 10.39 9.69 9.44 8.37 6.41 6.43 6.90 5.10 4.25 4.45 5.75 7.27 7.87
11.25 11.06 10.66 10.22 9.83 9.52 9.11 8.75 8.61 8.36 8.00 7.82 7.68 7.49 7.37 7.26 7.11 6.98 6.88 6.73 6.50 6.25 6.08 5.99 5.83 5.48 5.16 4.83 4.39 4.31 4.63 4.77 4.49 3.98 3.66 3.87 4.88 6.32 7.00 7.52 8.54 9.49 9.89 9.96 9.42 8.69 8.76 9.17 9.22 9.37 10.65 10.83 8.87 7.58 7.87 8.54 8.65 8.52 8.86 9.73 9.84 9.29 9.67 11.04 13.15 13.72 12.46 12.28 12.32 11.43 11.14 11.38 10.25 8.26 7.80 7.21 5.77 5.06 4.85 5.61 6.86 7.71
11.47 11.24 10.80 10.37 9.96 9.63 9.32 8.92 8.64 8.43 8.11 7.86 7.72 7.55 7.40 7.27 7.14 7.03 6.91 6.80 6.62 6.39 6.17 6.03 5.92 5.68 5.37 5.11 4.78 4.53 4.60 4.67 4.40 3.90 3.38 3.21 3.93 5.15 5.90 6.57 7.54 8.72 9.52 9.53 8.74 8.36 8.61 8.96 9.41 9.79 10.42 10.55 9.38 8.35 8.54 8.88 8.66 8.60 9.03 9.71 9.96 9.70 9.33 9.59 11.42 12.92 12.51 11.49 10.86 10.94 11.40 12.11 11.90 10.54 9.44 8.14 6.62 5.94 5.66 5.95 6.61 7.49
11.71 11.47 10.99 10.55 10.11 9.73 9.41 9.08 8.76 8.51 8.23 7.94 7.76 7.62 7.50 7.35 7.20 7.12 7.01 6.84 6.69 6.53 6.33 6.14 5.99 5.82 5.58 5.31 5.05 4.79 4.69 4.67 4.40 3.89 3.37 3.12 3.46 4.27 5.04 5.68 6.62 8.09 9.36 9.13 8.04 8.17 8.85 9.16 9.50 9.69 9.87 10.05 9.54 8.60 8.68 9.19 8.93 8.67 9.04 9.56 9.97 10.17 9.79 9.82 11.20 11.88 11.69 10.80 8.94 8.55 9.77 10.92 11.66 11.38 10.38 8.90 7.09 6.40 6.46 6.76 7.12 7.85
11.96 11.66 11.19 10.80 10.35 9.87 9.44 9.09 8.81 8.58 8.37 8.09 7.84 7.68 7.56 7.42 7.26 7.15 7.07 6.90 6.71 6.57 6.44 6.28 6.10 5.92 5.73 5.50 5.26 5.00 4.78 4.67 4.43 3.92 3.49 3.37 3.48 3.82 4.38 4.99 5.86 7.34 8.82 8.62 7.54 7.83 8.76 9.53 9.63 9.20 9.25 9.47 9.42 8.95 8.62 9.08 9.28 9.09 9.18 9.19 9.55 10.31 10.51 10.44 11.14 11.28 10.67 10.06 8.41 7.67 8.61 9.54 10.68 11.10 10.52 9.40 7.74 6.71 6.78 7.39 7.81 8.37
12.19 11.85 11.30 10.92 10.63 10.13 9.40 8.95 8.76 8.57 8.39 8.19 7.95 7.76 7.61 7.45 7.31 7.19 7.08 6.97 6.79 6.60 6.48 6.37 6.22 6.03 5.83 5.65 5.46 5.23 4.97 4.77 4.52 4.05 3.58 3.46 3.65 3.76 3.93 4.48 5.30 6.58 7.82 7.84 7.49 7.93 8.77 9.51 9.38 8.63 8.75 9.01 9.19 9.46 9.08 9.11 9.62 9.77 9.78 8.93 8.75 10.30 11.16 10.82 10.87 10.87 9.88 9.26 8.38 7.85 8.35 8.86 9.82 10.40 10.16 9.45 8.15 6.92 6.73 7.71 8.46 8.59
12.33 12.02 11.45 10.98 10.88 10.66 9.61 8.75 8.57 8.49 8.32 8.12 7.96 7.80 7.66 7.49 7.32 7.23 7.11 6.99 6.86 6.69 6.55 6.46 6.34 6.14 5.94 5.79 5.62 5.43 5.20 4.98 4.72 4.33 3.80 3.53 3.73 3.85 3.83 4.18 4.90 5.79 6.49 6.63 7.15 8.31 9.11 9.20 8.84 8.27 8.35 8.73 8.97 9.26 9.07 9.18 9.89 10.28 10.29 9.01 8.36 10.23 11.63 11.26 10.76 10.27 9.21 8.52 8.11 7.92 8.26 8.62 9.12 9.54 9.58 9.18 8.30 7.42 7.31 8.21 9.01 8.90
12.56 12.11 11.55 11.17 11.07 11.09 10.16 8.84 8.30 8.35 8.31 8.09 7.93 7.81 7.72 7.59 7.38 7.25 7.17 7.04 6.92 6.77 6.63 6.57 6.50 6.29 6.05 5.90 5.77 5.60 5.41 5.21 4.97 4.63 4.15 3.74 3.79 3.96 3.95 4.12 4.65 5.20 5.37 5.52 6.49 8.30 9.11 8.67 8.18 7.76 7.94 8.75 9.25 9.25 9.13 9.48 10.37 10.71 10.16 8.99 8.60 10.15 11.86 12.07 10.97 9.62 8.57 7.89 7.71 7.84 8.15 8.49 8.69 8.82 8.99 8.88 8.46 8.14 8.31 8.95 9.44 9.38
12.92 12.20 11.40 11.34 11.50 11.45 10.85 9.56 8.30 8.07 8.21 8.13 7.96 7.83 7.77 7.71 7.53 7.32 7.24 7.12 6.99 6.89 6.72 6.61 6.61 6.47 6.21 6.03 5.91 5.75 5.59 5.39 5.18 4.90 4.50 4.07 3.90 4.03 4.08 4.16 4.50 4.88 4.89 4.90 6.09 7.99 8.56 8.03 7.55 6.95 6.98 8.18 9.01 8.99 9.20 10.00 11.03 10.97 9.77 8.74 8.79 10.05 12.12 12.95 11.17 9.03 8.02 7.43 7.32 7.55 7.87 8.17 8.24 8.23 8.33 8.34 8.21 8.29 8.85 9.55 9.85 9.70
13.40 12.23 10.99 11.14 11.69 11.71 11.45 10.71 9.02 8.03 8.01 8.11 8.01 7.84 7.75 7.72 7.63 7.40 7.28 7.21 7.04 6.96 6.85 6.68 6.64 6.55 6.36 6.19 6.06 5.91 5.75 5.58 5.38 5.14 4.84 4.47 4.15 4.08 4.08 4.11 4.42 4.86 4.77 4.66 5.80 7.37 7.67 7.32 7.31 6.75 6.56 7.83 8.54 8.45 9.06 10.57 11.28 10.72 9.59 8.86 8.92 9.96 12.57 13.62 11.00 8.47 7.58 7.14 7.17 7.40 7.65 7.83 7.81 7.80 7.87 7.77 7.59 7.78 8.68 9.78 10.27 10.16
14.19 12.39 10.52 10.78 11.38 11.29 11.32 11.42 10.16 8.51 7.96 8.05 8.05 7.89 7.75 7.68 7.64 7.46 7.31 7.26 7.10 6.97 6.91 6.79 6.68 6.58 6.45 6.32 6.19 6.05 5.90 5.74 5.57 5.37 5.14 4.87 4.54 4.26 4.10 4.00 4.36 5.02 4.85 4.51 5.31 6.65 6.65 6.29 7.10 7.21 7.08 7.86 8.64 8.84 9.68 11.11 10.86 9.89 9.41 9.20 9.21 10.14 13.27 14.08 10.64 8.01 7.21 6.94 7.16 7.42 7.54 7.62 7.57 7.61 7.78 7.60 7.21 7.20 7.99 9.28 10.17 10.73
14.88 13.10 10.61 10.56 11.42 11.04 10.88 11.59 11.05 9.24 8.06 7.90 7.96 7.91 7.81 7.71 7.62 7.49 7.37 7.29 7.15 7.00 6.92 6.87 6.75 6.62 6.53 6.43 6.32 6.19 6.05 5.90 5.74 5.58 5.39 5.18 4.93 4.61 4.29 4.01 4.28 5.11 5.07 4.44 4.69 5.75 5.75 5.28 6.30 7.06 7.17 7.65 8.50 9.52 10.89 11.41 9.92 8.93 9.13 9.48 9.62 10.72 13.88 14.14 10.35 7.70 6.85 6.81 7.32 7.55 7.47 7.45 7.52 7.69 7.88 7.71 7.24 7.20 7.75 8.36 9.20 10.56
14.65 13.94 11.62 10.23 11.19 11.19 10.60 11.43 11.75 10.24 8.46 7.79 7.76 7.78 7.80 7.75 7.63 7.52 7.43 7.37 7.25 7.07 6.96 6.90 6.81 6.70 6.61 6.53 6.42 6.31 6.18 6.06 5.92 5.78 5.62 5.44 5.23 4.97 4.64 4.25 4.31 5.02 5.16 4.51 4.20 4.74 4.91 4.57 5.40 6.32 6.73 7.54 8.30 9.63 11.82 11.44 8.94 8.18 8.82 9.63 10.11 11.56 14.27 13.87 10.12 7.55 6.64 6.66 7.57 7.97 7.65 7.47 7.57 7.77 7.90 7.80 7.43 7.64 8.17 7.90 8.21 9.74
13.69 14.04 12.92 10.53 10.31 10.60 9.96 10.48 11.73 11.40 9.47 7.98 7.58 7.55 7.61 7.67 7.59 7.50 7.43 7.40 7.36 7.21 7.04 6.92 6.84 6.76 6.69 6.62 6.53 6.43 6.32 6.19 6.07 5.95 5.81 5.66 5.49 5.28 5.02 4.70 4.58 4.87 5.03 4.61 4.14 4.06 4.06 4.15 4.82 5.40 5.95 7.52 8.39 9.64 12.20 11.12 8.17 7.78 8.62 9.57 10.46 12.21 14.35 13.64 10.07 7.34 6.43 6.32 7.31 8.09 7.91 7.69 7.76 7.81 7.85 7.77 7.61 8.05 8.55 7.99 7.83 8.98
13.23 13.62 13.59 12.01 10.62 10.25 9.51 9.21 10.56 11.69 10.64 8.79 7.84 7.43 7.31 7.51 7.54 7.41 7.35 7.30 7.35 7.33 7.16 7.00 6.86 6.79 6.76 6.69 6.61 6.53 6.44 6.34 6.22 6.12 6.00 5.86 5.71 5.55 5.35 5.13 4.97 4.90 4.89 4.69 4.34 3.97 3.73 3.84 4.22 4.39 5.06 7.28 8.30 9.77 12.18 10.31 7.62 7.72 8.60 9.56 10.75 12.33 14.06 13.70 10.32 7.11 5.96 5.87 6.58 7.45 7.65 7.90 8.07 7.96 7.93 7.72 7.82 8.43 8.66 8.26 7.98 8.53
13.43 13.34 13.36 12.99 12.08 11.19 10.10 8.90 9.26 10.93 11.05 9.93 8.99 7.95 7.15 7.20 7.44 7.39 7.32 7.24 7.26 7.31 7.25 7.12 6.93 6.84 6.82 6.76 6.71 6.63 6.54 6.46 6.36 6.26 6.17 6.05 5.92 5.78 5.62 5.45 5.30 5.13 4.96 4.80 4.58 4.24 3.86 3.67 3.72 3.53 4.19 6.74 8.14 9.82 11.85 9.47 7.11 7.73 8.84 9.81 11.00 12.19 13.44 13.62 10.96 7.51 5.86 5.71 6.25 6.90 7.37 7.93 8.15 8.03 8.03 7.73 8.01 8.73 8.68 8.46 8.39 8.64
13.73 13.38 12.98 12.80 12.56 12.13 11.32 9.82 8.99 9.87 10.32 10.19 10.20 9.32 7.72 6.95 7.08 7.25 7.27 7.24 7.23 7.22 7.22 7.17 7.00 6.89 6.88 6.83 6.78 6.72 6.65 6.57 6.49 6.41 6.31 6.21 6.10 5.98 5.84 5.69 5.56 5.39 5.21 5.01 4.81 4.57 4.17 3.79 3.49 3.07 3.41 5.80 8.02 9.85 11.17 8.91 6.76 7.63 9.16 10.07 10.85 11.84 12.86 13.25 11.50 8.30 6.24 5.78 6.24 7.00 7.38 7.77 8.07 8.03 7.94 7.71 8.09 8.72 8.62 8.47 8.62 9.07
13.84 13.51 12.98 12.64 12.32 12.07 11.86 10.91 9.74 9.38 9.12 9.11 10.07 10.48 9.16 7.51 6.88 6.91 7.06 7.17 7.20 7.23 7.23 7.15 7.03 6.96 6.94 6.90 6.84 6.80 6.73 6.67 6.60 6.53 6.46 6.36 6.27 6.16 6.04 5.90 5.78 5.62 5.45 5.28 5.08 4.84 4.52 4.10 3.61 3.10 3.07 4.92 7.76 9.55 10.29 8.48 6.85 7.94 9.45 10.00 10.34 11.15 12.23 12.80 11.66 9.01 6.78 5.86 6.19 7.12 7.45 7.51 7.90 8.00 7.75 7.73 8.24 8.47 8.32 8.26 8.42 9.11
13.75 13.55 13.11 12.76 12.40 11.98 11.77 11.39 10.57 9.64 8.73 8.13 8.93 10.42 10.46 9.10 7.61 6.87 6.78 6.93 7.06 7.22 7.29 7.17 7.05 7.01 7.00 6.96 6.91 6.87 6.81 6.76 6.71 6.64 6.58 6.50 6.42 6.32 6.22 6.10 5.97 5.84 5.67 5.52 5.34 5.11 4.85 4.50 4.02 3.46 3.29 4.47 7.09 8.94 9.25 8.03 7.45 8.66 9.53 9.66 9.78 10.19 11.18 12.02 11.43 9.54 7.15 5.59 5.94 7.15 7.41 7.31 7.67 7.84 7.49 7.66 8.38 8.28 8.06 8.12 8.19 8.80
13.71 13.58 13.20 12.81 12.56 12.27 11.93 11.65 11.06 10.11 8.99 7.91 7.97 9.25 10.40 10.47 9.22 7.75 6.93 6.64 6.79 7.05 7.19 7.17 7.10 7.10 7.08 7.01 6.95 6.92 6.87 6.84 6.79 6.75 6.69 6.63 6.56 6.47 6.38 6.28 6.16 6.03 5.89 5.72 5.57 5.38 5.17 4.89 4.50 3.98 3.59 4.25 6.29 8.05 8.11 7.47 8.18 9.29 9.42 9.26 9.19 9.37 10.09 10.94 10.77 9.64 7.47 5.76 6.06 7.16 7.29 7.34 7.60 7.59 7.28 7.51 8.18 8.15 7.99 8.12 8.24 8.66
13.83 13.61 13.20 12.76 12.47 12.41 12.29 12.02 11.39 10.52 9.41 8.06 7.56 7.99 9.04 10.35 10.46 9.31 7.91 6.89 6.65 6.80 6.97 7.04 7.09 7.18 7.16 7.07 6.99 6.96 6.94 6.91 6.87 6.83 6.79 6.74 6.68 6.61 6.53 6.43 6.34 6.21 6.08 5.94 5.79 5.63 5.46 5.25 4.92 4.51 3.95 4.21 5.87 7.08 6.90 7.19 8.82 9.55 9.23 8.93 8.64 8.76 9.28 9.73 9.91 9.33 7.50 6.38 6.63 7.08 7.16 7.46 7.69 7.33 7.12 7.42 7.77 7.91 7.87 8.03 8.35 8.68
14.32 13.76 13.09 12.67 12.20 12.10 12.26 12.24 11.71 10.96 10.01 8.57 7.57 7.38 7.75 9.07 10.33 10.37 9.30 7.96 7.08 6.76 6.78 6.87 7.03 7.24 7.30 7.15 7.01 6.99 6.99 6.97 6.95 6.92 6.88 6.84 6.79 6.73 6.67 6.59 6.49 6.39 6.27 6.14 6.01 5.88 5.74 5.56 5.30 4.98 4.48 4.48 5.66 6.36 5.89 6.91 9.14 9.66 9.02 8.63 8.22 8.21 8.59 8.78 9.12 8.58 6.80 6.41 6.88 6.99 7.11 7.54 7.83 7.18 6.81 7.16 7.48 7.67 7.72 7.97 8.50 8.78
15.11 14.20 13.12 12.67 12.20 11.80 11.83 12.00 11.71 11.18 10.58 9.32 7.78 7.25 7.26 7.82 9.16 10.22 10.29 9.34 8.12 7.23 6.83 6.72 6.83 7.19 7.43 7.25 7.06 7.05 7.02 7.01 7.01 6.99 6.96 6.93 6.89 6.85 6.79 6.72 6.64 6.55 6.45 6.34 6.23 6.11 5.99 5.83 5.64 5.40 5.08 4.91 5.54 6.06 5.38 6.12 8.96 9.81 9.05 8.47 7.63 7.25 7.81 8.52 8.78 7.66 6.31 6.24 6.59 6.73 7.05 7.60 7.90 7.10 6.43 6.66 7.16 7.38 7.48 7.97 8.58 8.85
15.52 14.76 13.68 12.99 12.50 12.04 11.67 11.79 11.65 11.05 10.75 10.03 8.11 7.05 7.21 7.35 7.88 8.98 10.08 10.26 9.33 8.20 7.46 6.95 6.66 6.99 7.42 7.33 7.19 7.16 7.06 7.04 7.06 7.06 7.04 7.01 6.98 6.94 6.90 6.84 6.78 6.70 6.62 6.53 6.44 6.33 6.22 6.09 5.95 5.78 5.61 5.40 5.63 5.98 5.39 5.65 8.12 9.68 9.36 8.46 6.75 5.77 7.03 8.73 8.94 7.65 6.49 6.11 6.13 6.36 6.76 7.54 7.89 6.97 6.11 6.09 6.61 6.87 6.98 7.73 8.44 8.73
14.76 15.05 14.90 13.81 12.95 12.36 11.75 11.86 12.13 11.46 10.85 10.37 8.79 7.19 7.00 7.33 7.45 7.78 8.81 9.96 10.01 9.25 8.59 7.80 6.99 6.95 7.29 7.29 7.30 7.30 7.14 7.08 7.11 7.11 7.10 7.08 7.06 7.03 7.00 6.96 6.90 6.84 6.78 6.70 6.62 6.53 6.44 6.34 6.23 6.13 6.02 5.89 5.90 5.99 5.71 5.91 7.31 8.90 9.37 8.42 5.96 4.80 6.68 8.65 8.91 8.07 6.94 6.04 5.87 6.14 6.39 7.26 7.74 6.80 5.99 5.71 5.92 6.20 6.40 7.23 8.24 8.79
12.30 14.53 16.40 15.56 14.40 12.89 11.52 11.81 12.72 12.45 11.37 10.29 9.35 8.16 7.05 7.05 7.51 7.47 7.73 8.82 9.49 9.58 9.60 9.00 7.94 7.41 7.33 7.30 7.29 7.30 7.20 7.11 7.15 7.16 7.15 7.15 7.13 7.12 7.09 7.05 7.02 6.97 6.92 6.86 6.80 6.72 6.65 6.57 6.49 6.42 6.34 6.27 6.22 6.18 6.15 6.32 6.96 7.78 8.57 8.08 5.60 4.55 6.19 7.96 8.52 8.14 7.27 6.31 5.97 6.08 6.17 6.93 7.40 6.54 5.75 5.45 5.34 5.44 5.82 6.64 7.83 8.94
8.82 12.26 15.98 16.91 17.01 15.18 12.20 12.31 13.80 13.61 12.00 10.35 9.55 8.92 7.83 7.14 7.52 7.66 7.44 7.87 8.38 8.81 9.52 9.68 9.05 8.46 8.12 7.83 7.44 7.23 7.12 7.08 7.15 7.17 7.18 7.19 7.20 7.18 7.17 7.14 7.11 7.08 7.05 7.00 6.95 6.90 6.84 6.78 6.72 6.66 6.61 6.56 6.52 6.49 6.51 6.61 6.85 7.09 7.58 7.48 5.72 5.01 6.16 7.24 7.72 7.57 7.18 6.69 6.30 6.15 6.11 6.67 7.10 6.20 5.22 5.03 4.85 4.65 4.95 6.04 7.40 9.12
7.24 9.06 12.48 14.70 16.57 16.65 14.09 13.05 15.01 15.42 13.32 11.60 10.81 9.93 9.07 8.36 8.13 8.15 7.67 7.45 7.72 8.05 8.63 9.18 9.14 9.19 9.55 9.09 8.02 7.41 7.08 6.96 7.06 7.13 7.19 7.23 7.24 7.24 7.23 7.22 7.21 7.19 7.17 7.13 7.10 7.06 7.02 6.97 6.92 6.88 6.84 6.80 6.77 6.77 6.78 6.83 6.90 6.93 7.08 7.00 6.15 5.71 6.32 6.84 6.81 6.58 6.65 6.65 6.40 6.18 6.09 6.68 7.03 5.84 4.83 4.76 4.44 4.09 4.20 5.63 7.49 9.34
9.13 9.54 10.71 12.02 13.80 14.89 13.11 11.54 13.82 15.64 13.98 12.31 12.02 11.42 10.50 9.77 9.40 9.23 8.50 7.66 7.58 7.83 8.17 8.43 7.97 8.56 10.40 10.53 9.07 8.03 7.44 7.03 6.93 7.00 7.10 7.23 7.28 7.28 7.29 7.28 7.29 7.28 7.27 7.25 7.23 7.21 7.17 7.15 7.11 7.08 7.04 7.01 6.99 6.98 6.98 6.99 7.00 7.01 6.97 6.83 6.47 6.28 6.48 6.53 6.26 6.06 6.24 6.29 6.04 5.73 5.80 6.87 7.02 5.42 4.64 4.70 4.44 3.97 3.96 5.28 7.37 9.22
11.78 11.48 11.47 11.98 12.81 13.15 11.69 10.39 12.33 14.33 12.57 11.04 11.02 10.87 10.55 10.01 9.87 10.07 9.66 8.67 8.04 7.96 8.16 8.12 7.02 7.20 9.95 11.42 10.44 9.08 8.27 7.59 7.10 6.89 6.95 7.16 7.26 7.29 7.33 7.35 7.35 7.36 7.36 7.36 7.35 7.34 7.32 7.30 7.28 7.25 7.23 7.19 7.18 7.16 7.14 7.13 7.11 7.09 7.03 6.90 6.71 6.62 6.59 6.43 6.22 6.15 6.09 5.99 5.64 5.15 5.35 6.68 6.79 5.04 4.40 4.64 4.66 4.16 3.95 5.01 6.70 8.60
13.78 13.32 12.72 12.39 12.48 12.61 11.82 11.04 12.23 13.10 11.41 10.43 10.19 9.76 9.64 9.31 9.23 9.67 9.84 9.44 8.98 8.67 8.46 8.09 6.88 6.37 8.52 11.03 11.33 10.30 9.27 8.51 7.89 7.16 6.86 7.07 7.16 7.24 7.33 7.39 7.42 7.43 7.44 7.45 7.46 7.46 7.46 7.44 7.43 7.40 7.38 7.36 7.33 7.31 7.29 7.26 7.22 7.18 7.11 7.02 6.90 6.80 6.72 6.58 6.39 6.27 6.04 5.85 5.50 5.18 5.32 6.10 6.17 4.61 4.13 4.42 4.72 4.35 3.84 4.70 6.25 8.20
15.68 14.98 13.63 12.70 12.64 12.69 12.18 11.82 12.03 11.75 10.97 10.55 10.05 9.49 9.24 8.92 8.76 8.97 9.10 9.03 9.13 9.19 8.96 8.40 7.16 6.39 7.64 9.82 11.12 11.08 10.13 9.38 9.01 8.07 7.16 7.01 7.09 7.17 7.30 7.40 7.46 7.48 7.52 7.54 7.56 7.57 7.57 7.58 7.56 7.56 7.52 7.51 7.48 7.45 7.42 7.38 7.34 7.29 7.22 7.13 7.03 6.95 6.86 6.73 6.57 6.38 6.13 5.88 5.66 5.56 5.48 5.56 5.25 4.18 3.91 4.22 4.51 4.28 3.62 4.34 6.25 8.94
