windninja/windninja_output/Output_2025-10-23_1100-1150_Google earth_Fire_150m_10min/merlingen_7.5mi_point_10-23-2025_1140_150m_ang.asc
ncols	158
nrows	163
xllcorner	391686.332397
yllcorner	5160024.123721
cellsize	150.000000
NODATA_value	-32768.000000
[rows 84 to 125 of 163, columns 0 to 93 of 158]
268 270 275 271 264 261 258 255 255 257 263 268 269 268 269 270 270 271 273 276 277 278 277 277 280 281 277 274 272 271 270 269 268 267 267 267 267 267 266 265 266 267 269 271 271 272 274 276 277 276 275 276 278 280 280 279 278 278 278 279 279 279 279 279 279 279 280 280 280 281 282 283 284 286 288 290 293 298 304 315 334 343 330 309 298 294 290 285 283 282 279 276 272 269
264 263 263 262 260 256 251 249 254 259 265 267 267 267 266 267 268 270 272 275 277 279 280 281 283 285 280 275 273 273 271 269 267 265 265 266 267 267 268 269 270 271 271 271 272 272 274 276 277 277 276 274 273 275 278 278 278 278 279 279 279 279 280 280 280 280 280 280 281 281 282 283 284 286 287 289 292 296 303 314 334 345 339 316 297 292 287 284 282 281 279 277 273 270
264 262 260 261 258 253 248 249 256 263 266 265 265 265 264 264 265 267 269 272 275 277 280 283 287 288 283 278 276 275 272 270 270 269 267 265 264 264 266 270 273 274 273 271 271 272 273 274 276 278 278 276 274 274 276 278 278 279 279 280 280 280 280 280 280 280 280 280 281 281 282 283 284 285 287 289 292 296 302 313 331 341 337 315 296 289 286 283 281 279 278 276 277 277
265 263 260 260 256 252 250 253 258 262 263 262 264 264 262 262 261 261 264 268 272 274 278 287 295 296 286 280 276 274 273 273 273 274 273 269 265 263 263 265 270 274 275 272 270 270 272 273 274 275 277 278 277 275 276 277 279 280 281 281 281 281 281 281 280 280 280 280 281 281 282 283 284 285 287 288 291 295 301 310 324 335 331 315 296 287 284 281 279 277 277 280 282 283
266 265 263 262 258 253 252 253 256 257 259 263 265 263 260 257 255 257 260 266 271 275 284 295 306 306 288 279 274 272 272 272 273 274 276 275 272 267 264 263 265 269 273 274 272 270 270 271 272 272 275 278 278 277 277 277 278 280 282 283 284 283 282 282 281 281 281 281 281 281 282 283 283 285 286 288 291 294 299 306 316 325 325 313 298 287 281 279 278 279 281 284 282 277
269 269 267 264 260 256 253 252 250 251 258 266 266 262 258 252 250 254 260 268 275 285 294 301 310 304 284 276 273 271 271 271 272 272 274 276 277 274 269 265 265 266 270 274 274 272 269 269 270 272 274 277 280 281 279 277 276 277 281 286 288 286 284 282 281 281 281 281 281 281 282 282 283 284 286 288 290 292 296 301 308 316 319 310 299 290 283 279 280 282 283 281 274 267
270 269 264 261 261 260 257 252 247 250 259 265 262 257 253 250 250 253 260 271 286 297 301 300 294 283 276 273 271 270 270 271 271 272 272 274 276 277 274 269 267 267 269 272 274 273 270 268 269 272 275 278 282 283 281 276 273 274 280 289 293 290 285 283 282 281 281 281 281 281 282 282 283 284 285 287 289 291 294 298 303 309 313 309 301 296 291 285 284 284 280 272 268 265
267 264 258 256 258 260 259 253 248 252 259 261 255 252 250 249 251 252 258 275 293 304 302 282 261 260 267 268 268 269 269 270 271 272 273 273 274 277 278 274 268 266 267 271 274 274 272 270 269 271 276 280 283 286 285 279 277 280 283 287 293 291 286 283 282 281 281 281 281 281 282 282 283 284 285 286 287 289 292 295 298 303 307 308 304 300 296 291 287 282 274 265 265 265
266 263 258 256 256 257 258 255 247 249 254 254 249 248 250 252 256 258 266 279 290 302 282 252 238 248 260 264 266 268 269 270 271 274 275 274 274 276 278 278 271 265 265 268 272 274 273 270 269 271 275 281 285 288 291 289 286 285 282 280 284 288 286 283 282 281 281 281 281 281 282 282 283 283 284 285 286 288 290 292 294 298 301 303 301 298 295 290 284 276 264 262 266 265
268 266 263 261 261 261 261 257 247 246 249 248 243 243 245 252 261 269 276 278 274 248 232 229 230 246 258 263 265 266 268 270 273 275 276 275 275 275 277 279 276 268 263 265 269 271 272 271 270 271 274 282 289 290 294 295 289 284 279 275 277 282 284 283 282 282 281 281 281 281 282 282 283 283 284 284 285 287 288 290 291 293 295 297 297 293 290 286 278 268 262 264 267 266
269 268 267 268 269 269 267 264 261 259 255 250 246 244 245 255 263 269 272 263 244 221 214 220 229 248 259 262 263 264 265 269 274 278 278 277 276 277 277 279 280 275 267 264 265 268 271 272 272 273 277 284 292 291 290 292 288 283 279 276 276 279 282 282 282 282 281 281 281 282 282 282 282 283 283 284 285 286 287 288 289 290 291 292 292 290 287 282 275 269 268 268 268 268
268 267 267 270 271 269 266 267 278 278 269 260 255 253 257 263 264 266 262 247 229 222 219 227 239 253 259 261 261 261 265 270 275 278 279 278 277 278 278 280 282 283 276 268 265 267 271 274 277 280 282 283 286 287 286 288 288 285 283 280 278 279 281 282 282 282 282 281 282 282 282 282 282 282 283 283 284 285 285 286 287 288 288 288 288 287 284 281 277 274 272 271 270 270
269 268 269 270 267 261 258 261 272 280 276 267 259 256 262 266 265 267 258 231 222 226 230 242 253 259 261 262 262 264 269 271 272 273 276 278 278 279 280 281 284 288 285 277 273 272 273 277 281 283 281 275 274 279 281 283 285 285 284 282 280 280 282 282 282 282 282 282 282 282 282 282 282 282 282 283 283 284 284 285 285 286 286 286 285 284 282 280 278 276 274 273 272 271
273 272 270 268 263 256 252 252 258 266 268 262 260 260 264 266 269 267 251 226 220 228 240 255 265 267 264 263 265 269 271 270 268 269 273 277 279 280 282 283 285 290 291 286 281 278 277 278 279 277 271 268 269 273 277 278 281 282 283 282 282 281 282 283 283 283 283 283 283 282 282 282 282 282 282 282 283 283 283 284 284 284 284 284 283 282 281 280 278 276 275 274 273 272
272 271 268 265 263 259 253 251 251 253 255 258 262 265 267 268 267 258 239 226 224 234 250 264 271 265 261 262 265 268 269 268 268 268 271 274 278 281 285 286 287 291 294 290 284 281 280 277 274 270 268 267 268 270 274 276 277 280 282 282 282 282 283 284 285 285 284 284 283 282 282 282 282 282 282 282 282 283 283 283 283 283 283 283 282 281 280 279 278 277 275 274 273 272
269 267 264 263 265 263 260 257 253 250 250 253 255 262 266 264 258 246 234 227 231 247 261 266 260 247 252 259 262 264 266 268 269 270 272 275 279 282 286 289 291 293 296 295 287 284 282 278 274 271 270 270 269 270 273 276 276 277 280 282 281 281 282 284 285 286 286 285 284 283 282 282 282 282 282 282 282 282 282 283 283 283 282 282 282 281 280 279 278 277 276 275 274 273
268 266 263 263 262 260 259 258 255 250 249 248 247 253 258 255 253 248 238 236 250 264 266 254 235 236 247 255 259 261 263 266 269 273 276 279 280 282 285 291 295 296 299 299 293 286 282 279 276 273 272 272 272 272 273 275 275 275 278 282 283 281 280 282 285 287 288 287 285 283 282 282 282 282 282 282 282 282 282 282 282 282 282 282 281 281 280 279 278 277 276 275 274 273
270 268 265 262 259 257 256 256 254 252 250 248 245 244 246 248 251 253 249 256 269 271 258 237 232 239 247 251 254 257 260 265 270 275 280 283 283 283 285 291 298 299 300 303 298 289 283 281 279 276 274 273 273 273 273 274 274 275 276 280 282 281 280 280 283 287 288 288 286 283 281 282 282 282 282 282 282 282 282 282 282 282 282 282 281 280 280 279 278 277 276 275 274 273
272 270 266 262 259 258 257 256 254 253 252 250 246 242 244 250 254 255 256 264 267 256 239 235 237 241 246 250 253 256 261 266 271 276 280 285 287 287 288 291 297 301 302 305 304 297 289 285 282 279 276 274 274 274 274 275 275 275 275 276 280 282 281 280 281 284 286 286 284 281 280 282 283 282 282 282 282 282 282 282 282 282 282 282 281 281 280 279 278 277 276 275 274 273
272 270 266 263 260 258 258 256 255 254 253 253 252 253 258 259 258 258 259 262 254 234 232 237 239 240 246 252 255 260 265 267 270 275 279 284 290 291 291 291 296 302 304 306 308 304 295 288 284 280 277 276 276 276 276 276 276 276 275 276 279 282 282 280 279 281 283 283 281 279 279 281 284 283 282 282 282 282 283 283 283 283 283 282 282 281 280 279 278 277 276 275 275 273
273 271 266 263 261 260 259 257 255 256 257 258 260 266 270 269 264 260 258 253 240 232 235 238 237 239 246 252 257 263 267 268 270 273 277 282 289 293 293 294 297 303 306 308 310 309 302 294 287 282 280 279 278 279 278 277 276 276 276 277 278 279 279 279 279 278 279 281 280 278 276 277 280 282 281 281 282 283 284 284 284 284 284 283 282 281 281 280 279 278 277 276 275 273
273 271 265 262 260 260 259 257 255 257 259 262 266 270 272 271 266 260 253 246 239 237 239 237 237 241 246 251 256 262 267 270 272 273 275 280 288 294 297 299 301 304 307 309 312 313 309 302 295 289 284 282 280 279 279 279 277 276 275 275 276 276 278 279 278 277 278 279 279 277 274 272 273 277 279 281 283 285 284 284 285 286 285 284 283 282 281 280 279 278 277 276 275 273
273 270 265 261 259 259 258 256 256 258 262 266 269 270 270 269 264 258 250 243 240 243 242 237 239 242 245 249 255 262 268 273 274 272 273 280 290 297 301 302 304 306 308 310 314 316 315 309 303 297 290 286 283 279 278 279 278 277 275 274 274 276 277 278 277 277 277 278 278 275 272 271 270 273 277 281 283 284 283 284 288 290 289 286 285 283 282 280 279 278 277 276 275 274
274 270 264 260 258 258 258 260 261 263 266 267 266 264 264 264 261 257 250 242 242 247 248 242 239 241 243 245 252 262 270 275 274 268 273 284 294 299 299 302 306 308 308 311 315 318 320 317 311 304 295 289 285 282 278 277 277 277 276 274 273 275 277 277 277 277 275 276 278 274 270 271 271 272 275 277 280 284 286 285 288 292 292 289 287 284 282 281 280 278 277 276 275 274
275 270 263 261 261 262 264 266 267 265 263 261 257 254 256 259 260 255 248 245 248 253 254 247 240 240 244 244 249 261 270 273 272 266 276 288 296 297 297 302 309 310 309 313 317 320 323 323 318 310 301 293 289 286 281 277 276 276 277 275 273 274 277 277 276 275 274 274 276 276 271 269 271 273 274 275 278 282 286 284 283 288 293 293 290 286 284 281 280 278 277 276 275 274
278 273 267 268 269 270 268 266 263 260 256 253 250 250 254 259 261 252 243 246 254 259 258 252 245 243 244 244 250 261 268 269 270 268 276 288 293 295 300 305 309 307 308 314 319 320 324 328 325 317 308 299 293 289 285 281 277 276 277 278 275 273 274 275 273 273 274 274 275 276 272 268 270 274 275 275 276 279 281 282 281 283 290 295 293 289 285 282 280 278 277 276 276 275
283 279 275 275 274 270 265 260 256 253 252 252 249 250 256 263 265 250 239 246 255 264 265 260 255 251 247 247 253 261 268 269 268 267 275 285 292 297 304 308 305 302 306 314 319 321 325 332 331 323 315 306 298 291 288 285 280 277 277 278 277 273 270 270 270 270 273 276 275 274 274 272 272 273 274 274 274 274 276 279 281 282 285 291 294 291 286 283 280 278 277 276 276 275
289 284 279 275 270 265 260 257 255 253 251 252 254 256 261 267 269 253 239 245 253 263 273 270 264 261 259 256 255 257 263 269 268 267 275 286 295 302 308 308 306 303 304 311 317 321 326 332 334 329 321 313 303 294 290 288 284 279 276 277 278 274 269 268 268 269 271 274 276 276 277 275 272 271 271 272 272 272 272 276 279 281 283 287 291 290 287 283 279 277 276 276 276 276
290 284 277 271 266 263 260 257 256 253 250 254 261 265 266 270 272 263 246 248 251 260 272 277 268 268 273 273 265 256 257 264 269 272 281 290 298 304 309 308 307 301 297 304 316 323 326 330 333 332 327 321 312 299 292 290 287 281 277 277 278 275 271 269 269 269 268 269 273 277 277 275 273 271 270 270 271 271 271 272 276 280 283 285 288 288 283 280 276 274 275 278 279 278
290 284 275 269 266 264 262 259 256 252 251 257 264 268 267 270 276 290 277 258 253 256 263 273 270 273 280 283 278 266 257 259 267 276 285 292 297 300 303 303 300 292 292 300 314 324 325 327 331 333 332 330 321 306 296 292 291 285 279 276 277 276 272 271 272 270 268 267 270 274 277 276 275 273 270 269 271 272 272 271 272 277 281 282 284 283 278 274 272 272 279 284 283 279
289 282 273 270 268 266 265 263 258 254 258 264 267 266 265 271 283 314 319 276 258 254 256 265 274 279 282 282 282 279 266 259 265 276 285 291 292 293 297 299 293 290 294 300 312 322 326 328 331 333 335 336 330 315 301 295 293 289 282 277 277 276 274 273 273 273 270 268 269 271 274 274 274 273 270 268 270 272 273 270 270 273 277 278 279 279 273 271 272 277 283 287 284 277
295 283 274 272 269 266 264 262 260 261 269 274 271 262 262 273 289 322 341 298 272 261 258 265 276 283 284 281 282 287 280 265 265 273 283 290 293 293 293 293 293 295 299 302 309 320 328 332 332 333 337 340 338 325 307 296 293 291 285 280 278 277 276 274 274 274 272 269 269 269 270 270 270 272 273 270 268 270 273 272 270 272 275 276 275 274 271 272 277 281 284 285 280 273
313 289 277 272 269 267 262 259 262 270 278 281 276 262 263 275 290 324 351 325 297 283 276 272 274 281 285 280 281 291 294 277 267 269 280 290 296 296 291 292 296 300 303 302 306 318 327 331 329 330 336 342 345 336 315 299 293 292 288 283 279 278 277 275 275 275 273 271 269 268 267 267 266 267 272 273 270 268 270 271 271 272 275 273 270 269 272 275 279 282 282 279 275 272
330 295 277 271 269 268 266 264 268 274 279 284 283 271 267 272 284 318 345 335 315 301 293 284 278 280 286 284 285 293 297 287 275 275 282 291 297 298 292 295 302 304 303 302 304 312 322 325 328 330 335 345 351 346 328 305 295 293 290 286 283 281 279 277 276 275 274 272 270 268 267 267 265 263 266 272 273 269 267 269 271 274 275 272 268 269 275 278 279 280 278 275 274 275
343 303 277 272 272 272 273 274 275 275 275 281 291 284 272 268 275 305 334 334 322 306 297 292 288 286 291 293 292 295 300 302 299 292 290 292 297 301 298 300 305 305 302 300 300 306 318 326 329 333 337 348 355 354 340 313 298 293 291 288 286 286 284 280 277 276 274 272 269 268 269 268 266 263 262 265 269 269 267 269 271 273 274 272 271 274 277 278 278 277 275 274 274 274
358 319 281 274 276 276 277 278 279 277 273 277 294 293 276 267 272 292 322 330 324 311 301 296 293 291 292 294 295 299 305 312 310 301 294 290 293 303 307 308 308 304 300 299 301 306 315 322 328 333 338 349 358 360 350 321 301 294 292 289 287 288 287 283 278 275 273 270 267 268 269 269 268 265 262 260 261 265 268 269 270 270 271 272 275 278 279 279 277 275 273 272 270 269
12 336 287 276 277 278 277 279 281 281 275 277 293 299 282 271 272 283 308 324 325 316 306 298 294 293 293 294 297 300 302 305 304 297 292 290 292 299 307 313 310 305 303 304 307 309 314 321 329 334 338 347 358 4 358 330 304 295 293 290 288 288 285 278 272 269 270 271 269 268 269 270 271 270 265 259 257 259 263 266 268 269 270 273 277 281 282 280 276 274 272 270 265 264
24 347 297 283 278 278 277 279 283 285 279 279 292 309 293 274 271 278 295 314 322 316 308 300 295 293 294 297 299 299 298 297 295 294 291 290 292 292 298 310 309 304 300 301 304 307 313 323 333 336 339 346 357 7 6 340 307 296 293 290 285 281 273 264 258 262 270 278 280 274 270 270 272 273 270 263 257 255 258 262 265 268 271 275 279 283 284 280 275 273 272 268 263 266
24 346 307 293 282 277 275 274 278 284 281 281 292 315 303 280 269 270 281 295 308 310 306 301 294 292 293 297 298 298 299 298 295 294 291 288 291 287 289 304 309 302 291 287 291 298 305 317 330 335 338 343 357 12 10 346 311 296 291 284 276 265 258 257 258 264 271 281 289 285 276 273 273 274 274 270 262 256 256 257 261 266 272 277 281 283 283 279 275 273 272 266 263 270
16 339 308 299 286 278 274 269 269 274 278 283 293 316 308 286 270 262 264 276 289 298 300 296 292 292 293 294 297 300 304 301 295 295 292 288 290 287 285 298 310 306 290 280 282 288 295 308 323 332 334 339 358 16 11 349 310 290 283 274 261 255 260 265 268 270 271 275 284 290 285 279 277 276 276 277 273 266 261 258 258 263 271 277 279 280 280 275 273 273 271 268 267 273
7 334 308 302 292 282 277 270 266 268 272 279 292 308 305 291 274 259 255 264 279 288 293 294 292 290 290 296 303 307 311 304 296 296 294 287 288 290 286 292 307 311 299 282 278 283 291 303 321 330 332 339 1 18 17 357 309 281 275 270 262 265 272 274 275 275 272 270 272 282 286 282 280 280 280 282 284 280 272 266 262 261 265 269 273 275 274 270 270 272 273 275 275 278
357 329 310 308 300 288 280 275 272 270 269 270 279 292 296 291 281 266 256 259 271 284 292 291 290 292 299 309 313 317 320 306 296 296 294 287 287 292 289 289 301 312 309 289 278 278 286 300 318 327 330 340 3 21 25 10 316 282 275 276 278 278 278 277 276 274 272 268 266 268 276 280 282 284 286 287 290 290 283 276 270 264 261 261 266 269 267 265 268 272 279 284 281 281
