windninja/windninja_output/Output_2025-10-23_1100-1150_Google earth_Fire_150m_10min/merlingen_7.5mi_point_10-23-2025_1120_150m_vel.asc
ncols	158
nrows	163
xllcorner	391686.332397
yllcorner	5160024.123721
cellsize	150.000000
NODATA_value	-32768.000000
[rows 74 to 110 of 163, columns 0 to 83 of 158]
11.12 9.95 7.86 6.60 6.40 6.34 6.04 5.97 5.90 5.67 5.78 6.05 6.07 6.07 6.03 5.96 5.95 6.06 6.17 6.28 6.62 7.11 7.41 7.35 6.80 6.30 6.52 7.44 8.55 9.20 9.04 8.59 8.21 7.52 6.46 5.69 5.43 5.34 5.36 5.52 5.66 5.73 5.76 5.76 5.73 5.70 5.65 5.60 5.55 5.48 5.42 5.35 5.27 5.19 5.11 5.03 4.95 4.86 4.77 4.67 4.55 4.43 4.30 4.16 4.00 3.82 3.63 3.37 3.06 2.69 2.25 1.94 1.95 2.23 2.75 3.30 3.72 4.07 4.18 4.44 5.21 5.86 6.42 7.29
13.01 11.47 8.79 6.91 6.21 6.12 5.71 5.45 5.46 5.24 5.20 5.39 5.48 5.58 5.65 5.64 5.70 5.89 6.02 5.98 6.02 6.26 6.54 6.72 6.47 6.02 6.08 6.68 7.73 8.71 8.94 8.67 8.45 8.03 7.14 6.25 5.72 5.50 5.37 5.37 5.51 5.65 5.71 5.72 5.71 5.68 5.65 5.60 5.55 5.50 5.43 5.38 5.32 5.25 5.19 5.12 5.04 4.97 4.89 4.80 4.70 4.59 4.48 4.36 4.22 4.07 3.90 3.70 3.49 3.28 3.02 2.73 2.47 2.29 2.37 2.79 3.28 3.77 4.16 4.45 5.10 5.77 6.39 6.88
14.98 13.27 10.20 7.74 6.43 6.00 5.29 4.73 4.71 4.64 4.65 4.83 4.94 5.07 5.19 5.23 5.30 5.51 5.74 5.85 5.90 6.03 6.21 6.36 6.23 5.83 5.71 5.96 6.65 7.84 8.66 8.59 8.28 8.00 7.22 6.28 5.78 5.51 5.38 5.33 5.38 5.55 5.65 5.67 5.67 5.65 5.61 5.57 5.52 5.48 5.43 5.38 5.33 5.28 5.24 5.18 5.12 5.06 4.99 4.91 4.82 4.73 4.64 4.53 4.41 4.26 4.10 3.94 3.78 3.64 3.46 3.22 2.94 2.59 2.31 2.35 2.66 3.18 3.82 4.32 4.63 5.10 5.92 6.19
16.75 14.87 11.81 9.31 7.36 6.09 4.91 4.12 3.87 3.80 3.94 4.22 4.51 4.70 4.80 4.84 4.89 5.10 5.35 5.55 5.68 5.82 5.99 6.15 6.21 6.04 5.79 5.62 5.67 6.43 7.72 8.41 8.29 8.17 7.82 6.82 6.13 5.74 5.39 5.26 5.30 5.46 5.60 5.64 5.65 5.63 5.58 5.53 5.48 5.44 5.40 5.36 5.33 5.30 5.26 5.22 5.18 5.12 5.06 4.99 4.93 4.84 4.75 4.66 4.54 4.42 4.29 4.15 4.01 3.86 3.70 3.50 3.26 2.96 2.60 2.34 2.30 2.57 3.08 3.69 4.17 4.61 5.43 5.91
18.86 15.81 12.70 11.68 9.28 6.45 4.51 3.40 2.97 2.86 3.14 3.66 4.11 4.42 4.56 4.58 4.62 4.76 5.00 5.25 5.44 5.59 5.71 5.81 5.98 6.29 6.32 5.91 5.52 5.66 6.70 8.05 8.59 8.57 8.44 7.82 6.90 6.30 5.74 5.21 5.06 5.27 5.49 5.56 5.58 5.56 5.52 5.46 5.40 5.35 5.31 5.29 5.28 5.27 5.26 5.24 5.21 5.18 5.13 5.07 5.01 4.94 4.85 4.76 4.66 4.56 4.44 4.32 4.19 4.05 3.88 3.69 3.51 3.28 2.96 2.62 2.38 2.36 2.55 3.05 3.89 4.49 5.17 5.97
20.28 16.64 13.26 14.72 12.09 7.31 3.87 2.30 1.98 2.01 2.49 3.28 3.89 4.26 4.46 4.50 4.52 4.54 4.67 4.92 5.16 5.33 5.45 5.43 5.48 6.04 6.69 6.63 6.12 5.75 6.15 7.30 8.28 8.62 8.51 8.13 7.62 7.09 6.49 5.61 4.91 4.91 5.18 5.32 5.37 5.38 5.34 5.28 5.22 5.17 5.15 5.16 5.20 5.22 5.24 5.24 5.23 5.20 5.17 5.12 5.07 5.01 4.94 4.86 4.77 4.68 4.57 4.45 4.33 4.20 4.05 3.88 3.72 3.54 3.29 3.00 2.68 2.44 2.36 2.64 3.60 4.40 5.18 6.21
19.19 16.77 14.69 14.75 13.91 9.99 4.26 2.63 2.51 2.41 2.64 3.25 3.89 4.21 4.35 4.41 4.43 4.42 4.42 4.60 4.87 5.08 5.24 5.19 5.09 5.48 6.31 6.78 6.63 6.12 5.97 6.58 7.60 8.58 8.96 8.55 7.93 7.65 7.42 6.70 5.51 4.90 4.94 5.00 5.03 5.07 5.07 5.02 4.89 4.78 4.79 4.90 5.01 5.12 5.19 5.23 5.24 5.22 5.19 5.15 5.11 5.06 5.00 4.93 4.86 4.77 4.68 4.57 4.45 4.32 4.19 4.05 3.91 3.76 3.56 3.32 3.01 2.67 2.43 2.55 3.41 4.41 5.19 5.93
16.89 14.87 12.47 12.41 12.87 11.87 9.39 7.37 5.75 4.63 3.96 3.87 4.15 4.32 4.31 4.26 4.26 4.27 4.21 4.28 4.55 4.83 5.04 5.05 4.88 5.03 5.61 6.18 6.50 6.35 6.07 6.21 6.81 7.81 8.86 9.22 8.57 7.93 7.85 7.68 6.86 5.87 5.42 5.11 4.80 4.63 4.53 4.53 4.43 4.11 4.00 4.32 4.72 4.98 5.12 5.19 5.22 5.23 5.21 5.18 5.14 5.10 5.05 4.99 4.93 4.85 4.76 4.66 4.55 4.44 4.32 4.18 4.05 3.91 3.74 3.53 3.29 3.03 2.83 2.91 3.47 4.33 5.02 5.35
16.83 13.71 10.65 10.91 11.12 11.34 10.80 9.67 7.99 6.54 5.31 4.63 4.48 4.50 4.45 4.27 4.16 4.11 3.98 3.94 4.12 4.43 4.71 4.79 4.73 4.88 5.29 5.70 6.11 6.25 6.03 5.78 5.75 6.11 7.06 8.24 8.70 8.29 7.91 7.87 7.71 7.22 6.77 6.46 6.05 5.64 5.34 5.31 5.40 4.94 4.27 4.06 4.27 4.67 5.00 5.16 5.20 5.21 5.19 5.17 5.15 5.12 5.08 5.03 4.98 4.91 4.84 4.75 4.66 4.55 4.43 4.30 4.17 4.05 3.90 3.72 3.52 3.30 3.15 3.15 3.38 3.88 4.68 5.24
16.67 13.73 11.79 12.15 11.84 11.07 10.11 9.25 8.25 6.89 5.59 4.83 4.55 4.47 4.38 4.20 4.05 3.92 3.74 3.61 3.69 3.94 4.27 4.41 4.46 4.86 5.38 5.65 5.89 6.10 6.02 5.80 5.63 5.59 5.80 6.39 7.20 7.62 7.62 7.51 7.46 7.46 7.51 7.67 7.78 7.74 7.58 7.45 7.49 7.41 6.83 5.76 4.96 4.82 5.00 5.15 5.20 5.20 5.18 5.16 5.14 5.11 5.08 5.05 5.00 4.95 4.89 4.81 4.73 4.63 4.52 4.40 4.27 4.15 4.02 3.87 3.69 3.50 3.31 3.18 3.17 3.42 4.32 5.42
14.98 13.80 12.46 12.62 12.52 11.32 9.53 8.10 7.32 6.39 5.48 4.85 4.61 4.61 4.47 4.17 3.99 3.89 3.64 3.39 3.33 3.43 3.78 4.07 4.10 4.44 5.14 5.56 5.73 6.00 6.18 6.19 6.16 6.12 6.00 5.92 6.10 6.38 6.58 6.71 6.76 6.79 6.82 6.89 7.01 7.07 7.01 6.84 6.80 7.06 7.29 7.07 6.37 5.57 5.18 5.14 5.16 5.16 5.14 5.12 5.11 5.09 5.08 5.06 5.02 4.98 4.93 4.87 4.79 4.70 4.59 4.48 4.35 4.23 4.12 3.98 3.82 3.65 3.50 3.38 3.35 3.51 4.10 5.09
13.17 12.75 11.85 11.61 11.87 10.96 8.95 7.55 6.88 6.06 5.34 4.90 4.67 4.73 4.83 4.59 4.19 4.00 3.69 3.28 3.01 2.89 3.03 3.44 3.70 3.85 4.34 4.97 5.31 5.60 5.94 6.18 6.34 6.63 6.88 6.77 6.56 6.37 6.07 5.90 5.98 6.15 6.20 6.11 6.00 5.89 5.75 5.53 5.29 5.24 5.50 5.90 6.03 5.68 5.26 5.10 5.08 5.06 5.06 5.05 5.05 5.05 5.04 5.04 5.02 5.00 4.96 4.90 4.83 4.75 4.65 4.54 4.43 4.31 4.19 4.07 3.93 3.79 3.68 3.63 3.71 3.91 4.27 4.91
13.61 12.95 11.52 10.84 11.08 10.59 8.77 7.68 7.14 6.21 5.50 5.11 4.85 4.78 4.96 4.91 4.56 4.23 3.79 3.25 2.76 2.41 2.27 2.40 3.01 3.73 4.25 4.76 5.15 5.27 5.45 5.80 6.06 6.52 7.34 7.90 8.00 7.82 7.19 6.24 5.54 5.47 5.82 6.11 6.13 5.99 5.81 5.56 5.16 4.70 4.52 4.73 5.10 5.25 5.11 4.96 4.92 4.91 4.91 4.92 4.95 4.98 5.00 5.01 5.01 4.99 4.96 4.92 4.85 4.78 4.69 4.58 4.47 4.36 4.25 4.13 4.01 3.88 3.77 3.70 3.78 4.08 4.61 5.18
15.77 13.70 11.33 10.48 10.25 10.37 9.40 8.51 8.13 7.26 5.96 5.26 4.99 4.85 5.01 5.05 4.90 4.77 4.29 3.67 3.06 2.56 2.35 2.65 3.59 4.46 5.02 5.32 5.52 5.52 5.38 5.44 5.52 5.56 6.11 7.17 8.10 8.77 8.91 8.20 6.85 5.74 5.49 5.86 6.23 6.27 6.09 5.87 5.56 4.94 4.35 4.22 4.44 4.68 4.70 4.59 4.52 4.53 4.59 4.69 4.79 4.87 4.94 4.98 5.00 4.99 4.97 4.92 4.87 4.80 4.71 4.62 4.52 4.40 4.29 4.17 4.05 3.90 3.73 3.57 3.53 3.74 4.11 4.49
17.94 14.55 11.13 10.42 10.01 10.58 10.90 10.29 9.44 8.42 6.64 5.53 5.29 5.20 5.48 5.70 5.52 5.42 5.09 4.51 3.93 3.78 4.51 5.53 5.86 5.65 5.54 5.65 5.77 5.84 5.73 5.55 5.39 5.06 4.82 5.12 5.98 7.21 8.38 8.85 8.38 7.24 6.11 5.84 6.22 6.62 6.67 6.37 6.04 5.67 5.06 4.49 4.29 4.45 4.65 4.61 4.42 4.20 4.11 4.22 4.45 4.69 4.85 4.94 4.98 4.98 4.96 4.92 4.87 4.81 4.73 4.64 4.54 4.44 4.32 4.19 4.04 3.87 3.67 3.45 3.27 3.19 3.16 3.08
17.73 15.00 11.75 10.82 10.21 10.19 10.86 11.15 10.57 9.76 8.18 6.52 6.01 5.89 5.84 5.92 6.04 6.06 5.78 5.41 5.20 6.15 7.42 7.67 6.98 6.20 5.79 5.72 5.80 5.90 5.93 5.83 5.69 5.49 5.10 4.66 4.53 5.07 6.27 7.38 7.76 7.47 6.75 6.07 5.97 6.37 6.86 6.91 6.48 6.08 5.79 5.39 5.06 5.03 5.23 5.35 5.15 4.59 3.89 3.62 4.00 4.49 4.78 4.90 4.95 4.96 4.95 4.91 4.86 4.80 4.73 4.65 4.56 4.45 4.32 4.19 4.03 3.85 3.65 3.42 3.14 2.84 2.51 2.07
15.88 14.35 12.37 11.01 9.76 9.06 9.49 10.64 11.32 11.47 10.42 8.18 6.95 6.55 6.21 6.04 6.45 6.93 6.81 6.20 6.89 8.48 8.96 8.27 7.23 6.51 6.10 5.92 5.86 5.85 5.86 5.82 5.74 5.68 5.64 5.35 4.79 4.57 5.23 6.50 7.17 6.96 6.50 5.94 5.59 5.71 6.24 6.83 6.82 6.28 5.84 5.66 5.55 5.51 5.64 5.84 5.85 5.54 4.87 4.09 4.02 4.38 4.72 4.87 4.92 4.93 4.91 4.89 4.85 4.79 4.73 4.64 4.55 4.44 4.32 4.18 4.03 3.86 3.65 3.40 3.07 2.69 2.28 1.82
14.27 13.64 13.31 13.00 11.92 10.22 9.65 10.81 12.42 13.27 12.57 10.54 8.97 8.29 7.97 7.90 7.93 8.13 8.11 7.51 8.51 9.55 9.04 8.39 7.47 6.74 6.24 5.96 5.80 5.73 5.71 5.67 5.57 5.45 5.52 5.67 5.49 5.08 5.03 5.89 7.12 7.34 6.68 5.92 5.40 5.26 5.55 6.11 6.51 6.32 5.74 5.31 5.16 5.20 5.53 6.09 6.59 6.88 6.90 6.13 5.06 4.66 4.73 4.85 4.89 4.90 4.88 4.85 4.82 4.76 4.70 4.63 4.54 4.44 4.32 4.19 4.04 3.86 3.66 3.40 3.06 2.67 2.32 2.02
12.42 12.86 14.39 15.93 16.57 15.81 15.56 16.88 18.29 18.95 16.80 13.41 11.35 10.16 9.30 8.96 9.19 10.14 11.54 12.51 11.30 9.44 7.96 7.67 7.01 6.47 6.11 5.84 5.66 5.56 5.49 5.45 5.38 5.26 5.26 5.47 5.61 5.47 5.10 5.10 6.16 7.40 7.40 6.43 5.52 5.03 5.01 5.35 5.73 5.77 5.26 4.70 4.52 4.56 4.86 5.72 6.68 7.14 7.35 7.09 6.10 5.18 4.86 4.84 4.85 4.85 4.83 4.80 4.77 4.72 4.66 4.59 4.51 4.42 4.31 4.19 4.04 3.87 3.66 3.41 3.11 2.74 2.30 1.90
10.04 11.15 13.41 15.57 17.48 18.66 19.73 21.18 22.42 23.31 23.18 21.07 19.07 18.47 17.69 16.54 15.72 16.21 16.03 15.18 13.83 9.38 7.69 7.14 6.66 6.23 5.94 5.80 5.63 5.46 5.32 5.17 4.98 4.86 4.96 5.18 5.33 5.38 5.26 5.01 5.26 6.57 7.75 7.37 6.15 5.24 4.85 5.01 5.44 5.62 5.16 4.37 4.11 4.24 4.17 4.22 4.70 5.17 5.64 6.07 5.90 5.31 4.92 4.80 4.76 4.76 4.76 4.74 4.71 4.66 4.61 4.55 4.48 4.40 4.29 4.18 4.03 3.88 3.68 3.45 3.18 2.84 2.40 1.87
8.39 9.63 11.56 12.92 14.19 15.02 15.85 16.43 16.70 19.05 22.45 23.99 24.16 23.95 23.70 22.30 20.77 19.29 16.82 14.89 13.49 11.13 9.11 7.59 6.61 6.10 5.83 5.72 5.65 5.50 5.25 5.01 4.73 4.52 4.60 4.86 5.06 5.12 5.16 5.10 5.09 5.82 7.48 8.47 7.77 6.68 5.82 5.50 5.73 6.07 6.16 5.59 4.68 4.45 4.13 3.54 3.29 3.68 4.32 4.91 5.15 4.97 4.78 4.69 4.65 4.65 4.66 4.65 4.61 4.57 4.54 4.49 4.44 4.36 4.27 4.15 4.02 3.87 3.70 3.51 3.28 2.99 2.64 2.22
7.61 8.45 10.08 10.89 11.38 11.39 10.90 10.13 9.58 11.11 13.56 15.74 15.75 13.45 13.27 13.63 15.56 15.11 15.26 13.93 12.36 11.43 9.40 7.36 6.03 5.55 5.47 5.47 5.55 5.74 5.79 5.67 5.36 4.85 4.47 4.50 4.70 4.83 4.91 4.91 4.85 5.15 6.37 8.26 9.18 9.00 8.26 7.54 7.26 7.42 7.77 7.44 6.09 5.08 4.52 3.99 3.65 3.68 3.94 4.36 4.65 4.61 4.54 4.52 4.50 4.49 4.50 4.52 4.52 4.50 4.47 4.44 4.38 4.30 4.22 4.12 4.01 3.88 3.72 3.55 3.35 3.13 2.88 2.58
8.11 7.76 8.94 10.01 10.65 10.61 9.58 7.81 5.91 4.76 5.27 7.28 7.82 7.61 7.61 9.02 10.57 12.78 14.52 12.04 10.28 10.49 9.08 6.78 4.98 4.56 4.79 5.12 5.33 5.65 6.12 6.27 5.94 5.19 4.45 4.20 4.30 4.43 4.53 4.59 4.46 4.42 5.01 6.44 8.13 9.29 9.74 9.61 9.26 8.87 8.50 8.05 6.94 5.71 5.02 4.45 3.93 3.72 3.68 3.85 4.15 4.26 4.26 4.27 4.29 4.31 4.35 4.39 4.42 4.41 4.38 4.34 4.29 4.23 4.16 4.08 3.97 3.86 3.73 3.59 3.42 3.24 3.05 2.85
10.12 8.24 7.68 8.27 8.86 9.50 9.22 7.75 5.50 3.84 3.79 4.14 4.72 6.28 6.96 8.44 9.84 12.27 14.23 12.21 10.41 10.27 9.57 6.65 4.17 3.96 4.42 4.80 4.97 4.90 4.93 5.20 5.38 5.04 4.36 3.91 3.79 3.83 3.98 4.18 4.24 4.11 4.21 4.89 5.92 6.99 7.93 8.38 8.18 7.75 7.52 7.52 7.03 6.09 5.44 4.92 4.25 3.76 3.56 3.51 3.58 3.72 3.82 3.91 4.02 4.11 4.18 4.25 4.30 4.30 4.26 4.23 4.19 4.15 4.09 4.02 3.93 3.83 3.72 3.61 3.48 3.34 3.18 3.04
11.46 8.03 4.79 4.46 5.48 6.99 7.66 7.42 6.36 4.96 4.00 3.46 3.67 4.83 6.50 8.07 9.68 11.24 10.97 11.40 11.34 10.82 10.16 7.24 5.24 5.07 4.86 4.62 4.48 4.31 4.17 4.23 4.52 4.60 4.25 3.81 3.50 3.29 3.28 3.56 3.86 3.92 3.92 4.20 4.67 4.95 5.36 6.00 6.37 6.55 6.67 6.92 6.92 6.32 5.69 5.37 4.99 4.40 3.94 3.71 3.51 3.36 3.33 3.38 3.53 3.72 3.89 4.00 4.08 4.13 4.12 4.11 4.09 4.05 4.00 3.94 3.86 3.79 3.70 3.60 3.50 3.39 3.29 3.17
11.35 6.69 1.64 1.97 3.14 3.99 4.56 5.44 5.69 5.16 4.74 4.23 3.93 4.63 6.43 8.57 9.90 9.52 8.60 9.06 10.45 11.15 10.77 9.61 7.89 6.44 5.35 4.59 4.22 4.17 4.09 3.92 3.87 3.89 3.85 3.77 3.64 3.37 2.99 2.93 3.24 3.56 3.74 4.02 4.56 5.02 5.29 5.77 6.36 6.73 6.81 6.82 6.98 6.85 6.27 5.83 5.59 5.17 4.54 4.18 4.08 3.88 3.57 3.26 3.09 3.17 3.39 3.63 3.83 3.95 3.97 3.96 3.95 3.93 3.88 3.83 3.78 3.71 3.65 3.57 3.50 3.41 3.33 3.26
8.92 5.33 1.37 1.84 2.80 3.41 3.89 4.61 5.05 4.97 5.04 4.75 4.39 4.92 6.20 8.05 9.55 8.85 7.37 7.45 8.76 9.73 10.05 9.25 7.65 6.45 5.50 4.70 4.21 4.09 3.99 3.72 3.39 3.10 2.98 3.09 3.32 3.41 3.17 2.79 2.84 3.17 3.46 3.79 4.40 5.11 5.54 5.89 6.40 6.87 7.13 7.08 7.06 7.23 7.12 6.66 6.23 5.89 5.28 4.74 4.62 4.66 4.51 4.03 3.48 3.14 3.10 3.26 3.52 3.72 3.78 3.78 3.78 3.76 3.73 3.70 3.66 3.61 3.56 3.51 3.45 3.40 3.34 3.29
6.47 4.31 2.06 2.37 3.06 3.61 4.01 4.39 4.72 4.81 4.95 4.84 4.60 5.09 6.10 7.39 8.96 8.64 7.20 7.71 8.12 8.37 8.76 8.26 7.14 6.18 5.41 4.70 4.16 3.97 3.94 3.69 3.20 2.64 2.11 1.95 2.23 2.64 2.90 2.83 2.75 2.90 3.14 3.39 3.80 4.47 5.17 5.64 6.12 6.70 7.20 7.38 7.20 7.10 7.15 7.05 6.85 6.73 6.32 5.47 4.85 4.73 4.87 4.85 4.42 3.84 3.45 3.23 3.20 3.34 3.43 3.44 3.49 3.55 3.56 3.54 3.50 3.46 3.43 3.40 3.37 3.34 3.31 3.28
5.24 4.02 2.85 3.04 3.46 3.88 4.19 4.34 4.52 4.69 4.78 4.71 4.49 4.82 6.26 7.98 9.18 9.39 8.88 8.86 8.85 8.14 8.18 8.16 7.30 6.35 5.56 4.75 4.13 3.94 3.94 3.73 3.28 2.66 1.89 1.29 1.18 1.58 2.09 2.36 2.43 2.57 2.81 3.08 3.47 4.28 5.33 6.06 6.44 6.74 7.05 7.34 7.42 7.37 7.28 7.11 7.11 7.16 7.08 6.59 5.78 5.27 5.19 5.23 5.04 4.51 3.97 3.57 3.24 3.09 3.06 3.01 3.05 3.17 3.26 3.28 3.28 3.26 3.25 3.25 3.24 3.23 3.23 3.23
5.52 4.79 3.97 3.86 3.99 4.28 4.46 4.45 4.47 4.57 4.61 4.48 4.07 3.94 4.71 6.29 7.95 8.41 8.29 8.92 9.49 8.73 8.32 8.17 7.49 6.81 6.18 5.16 4.25 4.01 3.90 3.73 3.45 2.87 2.11 1.27 0.66 0.64 1.07 1.52 1.82 2.11 2.44 2.82 3.24 3.77 4.66 5.67 6.34 6.70 6.92 7.15 7.33 7.52 7.81 7.77 7.46 7.28 7.29 7.25 6.90 6.37 5.96 5.74 5.56 5.13 4.53 4.07 3.77 3.56 3.33 2.93 2.61 2.62 2.77 2.85 2.89 2.92 2.97 3.01 3.04 3.07 3.10 3.12
6.39 5.83 5.08 4.73 4.57 4.62 4.66 4.65 4.54 4.50 4.46 4.16 3.64 3.22 3.21 3.95 5.64 6.42 6.52 7.90 8.93 8.99 8.86 8.44 7.79 7.31 7.03 6.14 4.91 4.35 3.93 3.65 3.45 3.03 2.38 1.56 0.70 0.32 0.60 1.04 1.52 1.95 2.30 2.65 2.99 3.24 3.68 4.56 5.59 6.43 6.91 7.17 7.29 7.24 7.39 7.74 7.86 7.70 7.47 7.25 7.00 6.62 6.24 6.09 6.02 5.78 5.30 4.84 4.56 4.42 4.28 3.74 2.83 2.22 2.07 2.12 2.20 2.33 2.49 2.63 2.73 2.82 2.91 2.99
7.21 6.62 5.89 5.54 5.26 5.05 4.88 4.84 4.71 4.65 4.55 4.11 3.56 3.20 3.14 3.58 4.65 5.47 6.06 6.98 7.60 8.10 8.61 8.59 8.20 7.92 7.84 7.24 6.15 5.28 4.40 3.74 3.28 3.05 2.67 1.93 1.14 0.84 1.12 1.44 1.79 2.10 2.38 2.69 2.96 3.21 3.52 4.12 5.07 6.19 7.07 7.53 7.80 7.71 7.32 7.21 7.53 7.80 7.79 7.50 7.08 6.71 6.34 6.04 5.96 5.96 5.73 5.40 5.18 5.00 4.95 4.88 4.29 3.10 2.39 2.13 1.95 1.86 1.88 1.97 2.14 2.39 2.61 2.77
8.19 7.49 6.63 6.42 6.24 5.90 5.47 5.13 4.96 4.99 4.90 4.50 3.94 3.54 3.39 3.56 4.27 5.08 5.59 6.09 6.75 7.35 7.57 8.00 8.47 8.39 8.38 8.23 7.58 6.49 5.33 4.26 3.46 3.18 3.00 2.37 1.71 1.54 1.67 1.86 2.10 2.35 2.64 2.91 3.13 3.36 3.58 3.93 4.58 5.51 6.63 7.46 8.02 8.39 8.27 7.69 7.32 7.40 7.66 7.73 7.41 7.02 6.77 6.49 6.19 6.08 5.92 5.53 5.39 5.44 5.34 5.30 5.37 4.97 4.20 3.53 2.87 2.29 2.00 1.84 1.74 1.88 2.21 2.49
9.04 8.42 7.52 7.19 7.04 6.76 6.33 5.82 5.74 6.16 6.30 5.98 5.49 4.96 4.43 3.99 4.22 4.78 5.03 5.40 6.30 7.18 6.75 6.72 8.07 8.86 8.81 8.90 9.05 7.94 6.32 5.14 4.12 3.75 3.64 3.04 2.49 2.17 2.02 2.17 2.46 2.74 3.04 3.29 3.51 3.73 3.89 4.13 4.52 4.99 5.62 6.39 7.14 7.93 8.57 8.61 8.07 7.61 7.57 7.74 7.70 7.27 6.93 6.87 6.74 6.49 6.28 5.82 5.39 5.51 5.76 5.60 5.50 5.54 5.19 4.56 3.91 3.36 3.10 2.88 2.31 1.76 1.78 2.10
9.42 8.98 8.34 8.04 7.84 7.85 8.09 7.76 7.60 7.62 7.61 7.00 6.13 5.77 5.53 4.91 4.57 4.77 4.98 5.22 5.90 6.85 6.46 5.66 6.70 8.35 8.87 8.99 9.86 9.48 7.37 6.15 4.98 4.71 4.64 3.98 3.30 2.90 2.82 2.95 3.06 3.17 3.46 3.78 3.98 4.12 4.31 4.51 4.71 5.01 5.41 5.88 6.34 6.93 7.77 8.54 8.72 8.33 8.00 8.04 8.21 7.93 7.23 6.89 6.81 6.59 6.46 6.24 5.69 5.49 5.92 6.13 5.73 5.48 5.49 5.31 4.83 4.19 3.63 3.40 3.11 2.34 1.73 1.73
9.61 9.14 8.73 8.74 8.74 8.83 8.87 8.64 7.92 7.27 7.40 7.27 6.47 6.17 6.16 5.69 5.05 4.99 5.60 6.20 6.38 6.49 6.08 5.21 5.31 7.00 8.38 8.68 9.56 9.83 8.48 7.45 6.39 5.78 5.42 4.65 3.95 3.77 4.11 4.05 3.42 3.27 3.72 4.05 4.17 4.43 4.68 4.72 4.72 5.00 5.58 6.24 6.69 6.85 7.11 7.75 8.49 8.74 8.50 8.43 8.72 8.87 8.25 7.36 6.95 6.54 6.18 6.21 6.06 5.64 5.67 6.18 6.25 5.88 5.76 5.71 5.47 4.89 4.04 3.47 3.35 3.04 2.29 1.74
9.83 9.37 8.90 8.62 8.17 7.71 7.36 7.29 7.20 6.98 7.20 7.29 6.67 6.43 6.55 6.17 5.30 5.02 6.18 7.48 7.78 6.93 5.62 4.95 4.76 5.52 7.20 8.62 10.16 10.66 9.28 8.31 7.70 7.03 6.34 5.29 4.78 5.05 5.12 4.74 4.23 4.10 4.11 4.13 4.37 4.77 4.93 4.86 4.87 5.07 5.46 6.08 6.77 7.17 7.26 7.47 8.03 8.57 8.57 8.24 8.36 8.90 8.96 8.21 7.59 7.09 6.31 5.88 5.92 5.86 5.84 6.32 6.72 6.51 6.11 5.79 5.55 5.25 4.66 3.97 3.49 3.25 2.80 2.11
