windninja/windninja_output/Output_2025-10-23_1100-1150_Google earth_Fire_150m_10min/merlingen_7.5mi_point_10-23-2025_1130_150m_vel.asc
ncols	158
nrows	163
xllcorner	391686.332397
yllcorner	5160024.123721
cellsize	150.000000
NODATA_value	-32768.000000
[rows 74 to 110 of 163, columns 0 to 82 of 158]
17.42 16.29 14.00 12.43 12.35 12.46 12.00 11.76 11.53 10.80 10.45 10.40 10.00 9.59 9.34 9.09 8.93 8.96 8.96 8.84 9.02 9.41 9.52 9.21 8.08 7.11 7.80 9.47 11.10 11.91 11.41 10.71 10.41 9.64 8.29 7.45 7.36 7.39 7.43 7.55 7.67 7.75 7.81 7.84 7.85 7.85 7.84 7.82 7.79 7.76 7.72 7.68 7.62 7.58 7.52 7.46 7.40 7.33 7.26 7.16 7.05 6.95 6.84 6.70 6.52 6.32 6.11 5.87 5.74 5.58 5.21 4.88 4.51 3.88 3.76 4.18 4.28 4.05 3.64 4.29 6.82 10.13 12.92
19.60 18.10 15.24 13.01 12.38 12.57 11.99 11.37 11.07 10.42 9.98 9.88 9.59 9.34 9.15 8.89 8.71 8.77 8.80 8.63 8.60 8.86 9.03 8.99 8.24 7.21 7.48 8.65 10.12 11.37 11.49 10.98 10.78 10.41 9.23 8.08 7.62 7.53 7.46 7.38 7.50 7.68 7.78 7.84 7.87 7.88 7.88 7.87 7.85 7.82 7.78 7.74 7.69 7.63 7.58 7.53 7.46 7.39 7.31 7.23 7.13 7.03 6.92 6.78 6.61 6.43 6.26 6.06 5.92 5.69 5.30 4.87 4.45 3.90 3.68 3.96 3.77 3.47 3.40 4.52 7.91 11.00 11.96
21.30 19.88 16.93 14.09 12.83 12.75 11.85 10.86 10.53 10.04 9.62 9.41 9.17 9.05 8.91 8.62 8.42 8.49 8.60 8.54 8.46 8.58 8.71 8.74 8.24 7.34 7.41 8.18 8.99 10.35 11.31 11.20 10.96 10.87 9.99 8.66 7.97 7.73 7.51 7.31 7.32 7.56 7.75 7.83 7.88 7.91 7.92 7.92 7.89 7.86 7.83 7.78 7.73 7.68 7.62 7.57 7.51 7.44 7.37 7.29 7.20 7.10 7.00 6.86 6.71 6.55 6.38 6.20 6.01 5.77 5.42 5.03 4.68 4.17 3.77 3.72 3.34 2.88 3.21 5.56 8.73 10.15 10.04
22.55 21.12 18.57 16.11 14.27 13.08 11.56 10.48 10.05 9.57 9.19 8.87 8.76 8.80 8.63 8.35 8.15 8.19 8.29 8.30 8.31 8.40 8.49 8.48 8.08 7.62 7.85 8.20 8.22 8.96 10.45 11.31 11.17 11.10 10.79 9.37 8.41 8.05 7.60 7.29 7.16 7.40 7.70 7.82 7.90 7.95 7.96 7.96 7.94 7.91 7.86 7.82 7.76 7.71 7.65 7.60 7.54 7.48 7.41 7.34 7.26 7.16 7.05 6.93 6.80 6.65 6.49 6.31 6.10 5.87 5.55 5.21 4.92 4.49 3.97 3.63 3.15 2.61 3.25 6.15 8.55 8.32 7.88
23.79 20.96 19.01 19.39 17.12 13.76 11.37 10.16 9.74 9.09 8.42 8.17 8.32 8.51 8.39 8.13 7.94 7.90 7.93 8.00 8.11 8.24 8.35 8.09 7.55 7.79 8.60 8.61 8.09 7.97 9.08 10.78 11.30 11.27 11.27 10.32 9.06 8.50 8.04 7.43 6.97 7.18 7.62 7.80 7.91 7.99 8.01 8.01 7.99 7.95 7.90 7.83 7.77 7.71 7.66 7.62 7.57 7.51 7.45 7.38 7.30 7.22 7.11 7.00 6.88 6.74 6.58 6.40 6.20 5.98 5.67 5.37 5.10 4.74 4.24 3.74 3.15 2.68 3.33 5.80 7.46 6.56 6.48
23.54 20.19 18.85 23.07 21.92 16.46 11.80 9.73 9.39 8.37 7.29 7.36 7.85 8.16 8.17 7.96 7.83 7.69 7.55 7.68 7.91 8.11 8.24 7.72 6.86 7.47 8.97 9.18 8.43 7.63 8.03 9.71 10.88 11.36 11.45 10.80 9.72 9.06 8.83 8.02 6.92 6.91 7.48 7.74 7.89 8.01 8.07 8.08 8.06 8.00 7.92 7.82 7.74 7.69 7.65 7.61 7.58 7.53 7.48 7.41 7.34 7.26 7.17 7.07 6.95 6.82 6.67 6.50 6.30 6.08 5.80 5.51 5.25 4.94 4.48 3.96 3.34 2.91 3.32 4.83 5.72 5.26 5.65
20.51 18.97 19.36 22.24 23.96 19.74 11.52 8.37 8.26 7.11 6.05 6.46 7.42 7.87 7.93 7.81 7.74 7.56 7.26 7.36 7.72 7.99 8.09 7.47 6.44 6.95 8.65 9.31 8.85 7.86 7.67 8.74 9.95 11.04 11.68 11.18 10.00 9.50 9.59 9.01 7.45 6.85 7.40 7.69 7.83 8.01 8.09 8.18 8.21 8.08 7.88 7.74 7.66 7.62 7.60 7.58 7.56 7.53 7.49 7.44 7.37 7.30 7.22 7.12 7.01 6.89 6.75 6.59 6.40 6.18 5.92 5.63 5.39 5.10 4.69 4.22 3.66 3.15 3.19 3.72 3.88 4.14 4.77
16.83 17.06 18.14 20.60 23.46 20.00 10.72 6.77 6.70 5.85 5.17 5.81 7.07 7.70 7.81 7.68 7.59 7.45 7.15 7.12 7.47 7.81 7.90 7.32 6.31 6.67 8.17 8.88 8.87 8.28 7.82 8.21 8.91 9.99 11.28 11.66 10.62 9.80 9.91 9.78 8.56 7.43 7.63 7.88 7.94 8.05 8.03 8.22 8.57 8.36 7.76 7.48 7.44 7.46 7.51 7.53 7.54 7.53 7.50 7.46 7.40 7.34 7.26 7.17 7.07 6.95 6.83 6.67 6.49 6.27 6.03 5.75 5.51 5.24 4.87 4.47 3.95 3.35 3.07 2.84 2.43 3.04 4.03
17.89 17.43 18.21 21.60 21.70 16.26 11.19 8.45 6.85 6.04 5.28 5.79 6.95 7.64 7.83 7.61 7.46 7.45 7.17 6.99 7.24 7.53 7.70 7.16 6.23 6.66 7.90 8.36 8.54 8.47 8.14 8.10 8.27 8.84 9.91 10.97 11.08 10.35 10.02 9.89 9.24 8.40 8.23 8.46 8.47 8.43 8.20 8.34 9.04 8.88 7.92 7.30 7.07 7.15 7.32 7.44 7.51 7.53 7.51 7.47 7.42 7.36 7.29 7.21 7.12 7.01 6.89 6.75 6.57 6.37 6.15 5.88 5.63 5.38 5.05 4.67 4.17 3.56 3.06 2.44 1.64 1.94 3.25
24.11 20.43 18.85 20.42 18.26 14.60 11.69 9.50 8.19 7.08 6.12 6.30 7.04 7.62 7.88 7.60 7.49 7.56 7.25 7.01 7.10 7.22 7.43 7.01 6.11 6.57 7.72 8.02 8.15 8.46 8.40 8.22 8.22 8.50 8.99 9.72 10.43 10.43 10.12 9.69 9.18 8.75 8.57 8.79 8.98 9.01 8.79 8.78 9.36 9.41 8.60 7.66 7.04 6.84 7.05 7.33 7.49 7.52 7.52 7.49 7.44 7.38 7.31 7.24 7.15 7.06 6.95 6.81 6.65 6.46 6.25 6.01 5.75 5.50 5.22 4.84 4.37 3.78 3.16 2.38 1.34 1.06 2.21
25.75 22.48 18.75 18.50 17.39 15.12 11.91 9.71 8.92 7.90 7.12 6.89 7.11 7.73 8.01 7.71 7.58 7.74 7.49 7.15 7.10 6.97 7.05 6.94 6.18 6.19 7.28 7.78 7.86 8.30 8.45 8.31 8.34 8.61 9.00 9.38 9.80 9.99 9.84 9.41 8.93 8.61 8.46 8.56 8.82 9.02 9.03 9.07 9.27 9.25 8.88 8.40 7.69 6.96 6.92 7.26 7.47 7.54 7.53 7.50 7.44 7.39 7.32 7.26 7.18 7.10 6.99 6.87 6.73 6.55 6.35 6.13 5.87 5.63 5.37 5.02 4.56 4.00 3.34 2.45 1.37 1.05 1.50
27.58 24.07 19.34 18.27 17.82 15.76 12.22 10.22 9.58 8.61 7.79 7.25 7.14 7.74 8.24 8.10 7.76 7.99 7.88 7.47 7.23 6.89 6.78 6.86 6.37 5.80 6.50 7.36 7.69 7.98 8.12 8.21 8.22 8.56 9.35 9.74 9.84 9.98 9.69 9.14 8.66 8.42 8.43 8.54 8.75 9.01 9.22 9.38 9.23 8.76 8.38 8.34 8.09 7.44 7.09 7.28 7.50 7.56 7.55 7.50 7.45 7.39 7.33 7.26 7.19 7.12 7.03 6.93 6.79 6.63 6.45 6.24 6.01 5.77 5.51 5.18 4.76 4.22 3.57 2.67 1.68 1.55 2.08
29.59 25.35 19.75 18.11 17.61 15.97 12.63 11.11 10.67 9.43 8.13 7.41 7.36 7.64 8.34 8.43 8.13 8.41 8.36 7.97 7.51 7.00 6.93 6.97 6.23 5.36 5.82 6.88 7.59 7.69 7.61 7.94 7.90 8.00 9.13 9.98 10.23 10.56 10.39 9.59 8.66 8.09 8.16 8.56 8.93 9.25 9.57 9.75 9.45 8.67 7.97 7.82 7.88 7.69 7.40 7.42 7.56 7.58 7.57 7.52 7.44 7.37 7.30 7.25 7.19 7.13 7.06 6.97 6.86 6.71 6.54 6.35 6.14 5.90 5.65 5.35 4.96 4.48 3.89 3.12 2.33 2.38 3.12
30.88 25.61 20.02 18.09 16.68 15.77 13.64 12.23 11.92 10.68 8.53 7.68 7.75 7.57 8.29 8.59 8.42 9.01 9.09 8.70 7.94 7.28 7.58 7.51 5.74 4.40 5.27 6.58 7.42 7.60 7.43 7.70 7.73 7.50 8.12 9.12 9.83 10.71 11.31 10.90 9.60 8.26 7.77 8.25 8.97 9.54 9.94 10.03 9.79 8.97 7.93 7.48 7.49 7.61 7.63 7.61 7.64 7.63 7.56 7.50 7.40 7.32 7.24 7.21 7.17 7.14 7.09 7.01 6.92 6.79 6.64 6.46 6.27 6.04 5.80 5.53 5.20 4.79 4.30 3.70 3.13 3.29 4.16
30.69 25.69 19.96 17.66 15.52 15.00 14.83 13.86 13.04 12.00 9.59 8.25 7.94 7.50 8.15 8.70 8.77 9.63 10.08 9.81 8.64 7.99 8.81 7.90 4.76 3.17 4.75 6.34 7.17 7.59 7.63 7.73 7.83 7.64 7.60 7.98 8.47 9.51 10.93 11.58 10.97 9.47 8.08 7.94 8.69 9.61 10.30 10.34 10.04 9.39 8.38 7.58 7.27 7.45 7.72 7.79 7.85 7.81 7.61 7.45 7.28 7.16 7.13 7.14 7.15 7.13 7.11 7.05 6.97 6.86 6.73 6.57 6.39 6.19 5.97 5.73 5.46 5.13 4.74 4.25 3.84 3.92 4.76
28.39 24.88 19.61 16.83 14.94 14.08 14.65 14.89 14.03 13.53 11.92 9.26 7.92 7.62 7.96 8.43 9.25 10.37 11.11 11.01 9.70 9.36 9.37 7.01 3.26 2.73 4.53 6.16 6.97 7.51 7.83 7.96 8.03 8.00 7.91 7.90 7.74 8.10 9.56 11.06 11.29 10.37 9.00 8.10 8.34 9.25 10.27 10.77 10.39 9.67 8.91 8.04 7.43 7.37 7.57 7.87 8.16 8.29 8.14 7.57 6.94 6.81 6.94 7.03 7.10 7.13 7.12 7.09 7.02 6.93 6.81 6.67 6.51 6.33 6.15 5.94 5.72 5.45 5.13 4.78 4.49 4.45 5.03
26.06 23.19 19.08 16.73 14.92 13.33 13.22 14.15 14.33 14.96 14.31 10.51 8.02 7.86 7.96 8.15 9.39 11.08 12.68 12.93 11.49 10.09 8.09 5.25 3.45 3.37 4.77 6.17 6.94 7.48 7.90 8.13 8.17 8.13 8.33 8.45 7.88 7.57 8.39 10.18 11.16 10.62 9.59 8.61 8.31 8.75 9.69 10.80 10.90 10.08 9.21 8.43 7.77 7.32 7.16 7.66 8.37 8.99 9.28 7.96 6.39 6.23 6.66 6.91 7.05 7.12 7.14 7.12 7.07 6.99 6.89 6.77 6.63 6.48 6.32 6.15 5.95 5.74 5.50 5.27 5.08 4.97 5.21
24.19 21.59 18.80 17.92 16.37 13.73 12.26 12.73 13.93 15.90 15.94 12.16 9.11 8.65 8.60 8.79 9.69 11.35 14.02 15.33 12.32 8.44 5.70 5.12 4.38 4.28 5.30 6.37 7.04 7.57 7.98 8.25 8.31 8.17 8.38 8.73 8.36 7.82 7.79 8.89 10.65 11.00 10.18 9.21 8.55 8.47 9.12 10.32 11.05 10.76 9.71 8.73 8.01 7.18 6.49 7.09 8.41 9.47 10.08 8.54 6.09 5.72 6.35 6.79 7.01 7.11 7.16 7.15 7.12 7.05 6.96 6.86 6.75 6.63 6.49 6.34 6.18 6.01 5.85 5.70 5.59 5.47 5.58
21.50 19.76 18.16 18.55 18.59 16.45 14.03 13.47 15.06 18.14 18.25 14.06 10.93 9.88 9.34 9.45 9.95 11.43 14.98 16.59 12.33 5.34 4.92 5.52 5.01 4.98 5.86 6.69 7.24 7.71 8.07 8.39 8.51 8.33 8.33 8.59 8.55 8.29 7.91 7.91 9.18 10.84 11.11 10.12 9.03 8.47 8.80 9.82 10.89 11.29 10.48 9.23 8.15 7.00 5.82 6.34 8.40 9.54 9.98 9.01 6.76 5.75 6.15 6.71 6.97 7.12 7.18 7.19 7.15 7.10 7.03 6.95 6.87 6.76 6.65 6.52 6.39 6.28 6.16 6.07 6.00 5.95 6.06
18.47 17.33 16.17 16.94 18.13 17.55 15.82 14.58 15.33 18.98 21.32 18.53 15.31 14.25 13.64 13.47 12.70 13.20 16.23 17.23 13.32 6.74 6.07 6.02 5.54 5.58 6.30 7.00 7.50 7.90 8.22 8.65 8.81 8.47 8.22 8.34 8.51 8.49 8.29 7.78 7.71 9.40 11.42 11.31 9.83 8.87 8.77 9.48 10.76 11.54 11.44 10.11 8.05 6.77 5.86 6.20 8.17 9.17 9.29 8.96 7.61 6.27 6.21 6.70 6.97 7.13 7.21 7.22 7.19 7.15 7.10 7.04 6.97 6.87 6.78 6.69 6.59 6.51 6.43 6.37 6.34 6.35 6.46
16.23 15.49 14.46 14.91 16.13 15.67 14.00 11.78 10.44 13.92 19.47 20.09 18.33 17.19 16.77 16.97 16.59 16.50 18.64 18.24 14.13 10.89 9.04 7.46 6.36 6.22 6.70 7.20 7.73 8.17 8.59 9.21 9.33 8.53 7.91 8.09 8.46 8.53 8.45 7.94 7.11 7.63 10.29 11.94 10.99 9.88 9.36 9.56 10.68 11.57 12.36 11.07 7.51 6.41 6.43 6.61 7.77 8.49 8.53 8.46 7.88 6.72 6.43 6.79 7.00 7.15 7.22 7.23 7.22 7.20 7.17 7.12 7.04 6.97 6.90 6.84 6.77 6.71 6.65 6.62 6.61 6.66 6.77
14.09 14.18 13.98 14.30 15.48 14.49 11.96 8.76 6.25 8.43 13.25 15.60 14.65 12.46 12.03 14.52 17.10 19.18 21.44 18.64 14.39 13.63 11.19 8.63 6.94 6.61 6.90 7.28 7.74 8.36 9.19 9.98 9.92 8.70 7.68 7.89 8.43 8.55 8.45 8.02 7.03 6.52 8.27 10.88 11.58 11.17 10.62 10.41 10.98 11.80 12.63 11.31 7.54 6.42 6.98 7.12 7.52 7.96 7.91 7.95 7.78 6.90 6.63 6.93 7.06 7.16 7.21 7.24 7.27 7.26 7.22 7.17 7.11 7.06 7.02 6.98 6.93 6.89 6.84 6.82 6.83 6.88 6.99
11.32 12.82 13.85 14.24 15.44 14.68 12.36 9.00 6.44 6.68 9.24 11.34 10.88 10.24 10.71 13.88 16.26 20.56 23.06 17.03 14.17 14.60 12.60 9.53 7.21 6.55 6.71 7.20 7.61 8.22 9.63 10.56 10.40 9.18 7.92 7.92 8.42 8.56 8.42 8.09 7.22 6.24 6.79 8.81 10.46 11.05 11.34 11.50 11.83 12.31 12.24 11.13 8.79 7.17 7.51 7.75 7.62 7.71 7.54 7.54 7.51 6.96 6.81 7.03 7.12 7.16 7.18 7.25 7.31 7.30 7.25 7.20 7.16 7.14 7.13 7.10 7.06 7.03 7.00 6.99 7.01 7.04 7.13
9.45 11.62 13.45 13.66 14.77 15.14 13.85 11.37 8.77 7.47 8.11 8.08 7.76 9.38 11.07 13.95 16.65 20.68 22.81 18.57 15.65 15.22 14.83 11.39 7.54 6.17 6.33 7.02 7.64 8.30 9.58 10.44 10.57 9.83 8.60 8.24 8.55 8.63 8.39 8.07 7.51 6.44 6.13 7.58 9.16 9.90 10.91 11.98 12.47 12.39 11.65 11.13 9.95 8.27 8.12 8.37 8.05 7.72 7.48 7.39 7.19 6.94 6.96 7.08 7.13 7.13 7.16 7.25 7.33 7.31 7.25 7.22 7.22 7.23 7.22 7.21 7.17 7.15 7.13 7.13 7.13 7.17 7.22
8.89 10.83 12.67 12.35 13.08 14.21 13.83 12.82 11.38 9.55 8.48 7.36 6.74 8.10 11.22 14.41 17.36 19.24 17.61 17.76 17.45 16.70 16.99 13.28 7.95 6.04 6.47 7.15 7.88 8.80 9.70 10.10 10.37 10.17 9.29 8.83 8.98 8.96 8.44 7.97 7.62 6.74 6.05 6.97 8.51 9.32 10.43 11.90 12.43 12.03 11.26 10.95 10.47 9.30 8.71 8.81 8.68 8.10 7.58 7.37 7.09 7.00 7.14 7.15 7.08 7.07 7.13 7.20 7.27 7.29 7.25 7.24 7.28 7.30 7.30 7.29 7.27 7.25 7.24 7.23 7.23 7.25 7.29
9.30 10.58 11.69 11.36 11.60 11.85 11.51 12.06 11.96 10.60 9.63 8.46 7.22 7.91 11.03 14.94 17.16 16.01 14.04 14.69 16.74 17.93 18.03 14.86 9.20 7.37 7.50 7.77 8.27 9.22 9.98 10.14 10.23 10.15 9.67 9.41 9.53 9.48 8.79 7.99 7.50 6.94 6.22 6.44 7.91 9.27 10.26 11.32 11.84 11.62 11.22 10.75 10.46 10.08 9.40 9.14 9.07 8.74 7.96 7.34 7.16 7.24 7.44 7.36 7.14 7.02 7.03 7.08 7.13 7.24 7.26 7.26 7.33 7.36 7.37 7.36 7.35 7.34 7.32 7.31 7.31 7.32 7.33
9.84 10.63 11.55 11.58 11.25 10.92 10.72 11.08 11.21 10.49 10.21 9.31 8.15 8.69 10.68 14.01 16.41 14.47 12.03 12.57 14.92 17.57 17.75 13.76 10.25 9.01 8.81 8.66 8.76 9.56 10.36 10.63 10.53 10.30 9.91 9.72 9.80 9.84 9.51 8.37 7.39 7.00 6.37 6.06 7.22 8.95 9.99 10.62 11.04 11.19 11.24 10.74 10.24 10.32 10.11 9.61 9.24 9.33 8.67 7.48 7.14 7.42 7.78 7.81 7.49 7.09 6.95 6.86 6.87 7.13 7.25 7.29 7.36 7.41 7.42 7.42 7.42 7.41 7.39 7.38 7.36 7.36 7.36
10.24 10.73 11.68 11.85 11.10 10.78 10.84 10.80 10.60 10.24 10.17 9.53 8.68 9.31 10.97 13.30 15.65 14.23 11.25 12.90 16.03 17.19 15.79 13.40 11.31 10.07 9.74 9.51 9.33 9.90 10.89 11.40 11.26 10.97 10.39 9.86 9.74 9.98 10.17 9.05 7.47 6.93 6.49 5.98 6.52 8.07 9.50 10.10 10.30 10.63 10.95 10.79 10.28 10.20 10.37 9.95 9.45 9.75 9.42 8.08 7.28 7.35 7.90 8.32 8.09 7.38 7.00 6.68 6.56 6.94 7.26 7.35 7.38 7.44 7.46 7.48 7.49 7.48 7.45 7.43 7.41 7.38 7.37
10.73 10.96 11.55 11.67 11.12 10.82 10.88 10.76 10.41 10.10 9.94 9.47 8.55 8.71 10.63 13.16 15.03 14.39 12.64 14.73 17.39 15.38 14.14 13.74 12.35 11.21 10.64 10.15 9.82 10.34 11.50 12.23 12.21 11.91 11.13 10.20 9.81 10.17 10.49 9.56 7.79 6.87 6.60 6.11 6.02 7.12 8.78 9.59 9.78 10.10 10.42 10.66 10.44 10.26 10.46 10.00 9.65 9.85 9.77 9.04 7.92 7.47 7.86 8.50 8.65 7.90 7.13 6.61 6.36 6.79 7.42 7.53 7.35 7.36 7.47 7.53 7.56 7.54 7.50 7.47 7.43 7.40 7.36
11.26 11.26 11.36 11.37 11.15 10.98 10.89 10.68 10.41 10.05 9.72 9.33 8.16 7.54 8.61 11.14 13.88 13.88 13.23 16.02 17.71 15.56 14.50 14.20 13.14 12.43 12.06 11.08 10.40 11.08 12.05 12.72 13.13 12.83 12.04 11.05 10.39 10.39 10.45 9.76 8.20 7.06 6.73 6.33 6.00 6.42 7.69 8.75 9.20 9.65 10.02 10.42 10.40 10.17 10.46 10.23 9.85 9.80 9.81 9.61 8.81 8.01 7.93 8.53 8.98 8.41 7.36 6.64 6.33 6.82 7.81 7.94 7.34 7.23 7.44 7.57 7.63 7.60 7.54 7.49 7.45 7.40 7.34
11.47 11.32 11.24 11.28 11.19 11.08 10.87 10.55 10.40 10.18 9.71 9.17 8.19 7.64 8.04 9.54 12.37 13.12 13.03 15.26 16.41 16.13 15.73 14.92 13.84 13.52 13.79 12.93 11.78 12.31 12.63 12.97 13.74 13.66 12.97 12.27 11.33 10.60 10.31 9.81 8.61 7.46 6.91 6.60 6.18 6.04 6.68 7.59 8.21 9.05 9.78 10.18 10.34 10.11 10.08 10.15 10.03 9.93 9.95 9.81 9.27 8.52 8.17 8.67 9.10 8.75 7.75 6.79 6.42 7.00 8.18 8.46 7.70 7.24 7.37 7.69 7.77 7.66 7.54 7.49 7.47 7.38 7.29
11.41 11.17 11.04 11.32 11.45 11.26 10.89 10.44 10.41 10.61 10.16 9.41 8.78 8.28 8.29 9.21 11.09 12.15 12.44 13.48 14.17 14.92 15.68 15.26 14.54 14.51 15.19 14.81 13.97 14.13 13.69 13.71 14.01 13.98 13.89 13.75 12.76 11.25 10.48 9.90 8.96 7.73 7.11 6.90 6.34 5.90 6.04 6.51 7.06 8.14 9.37 9.88 10.18 10.32 10.03 9.77 9.77 9.95 10.21 10.13 9.53 8.87 8.64 8.85 8.98 8.89 8.15 6.99 6.55 7.23 8.21 8.80 8.66 7.72 7.56 8.05 8.05 7.64 7.46 7.58 7.53 7.33 7.17
11.16 10.89 10.76 11.29 11.80 11.66 11.12 10.51 10.52 11.18 10.90 10.09 9.45 8.75 8.61 8.96 10.08 11.13 11.34 11.83 12.93 14.14 14.26 14.36 15.01 15.25 15.90 16.34 16.57 16.28 15.58 14.98 13.84 13.65 15.09 15.95 14.49 12.09 10.72 9.91 8.93 7.80 7.40 7.13 6.42 5.93 5.65 5.75 6.19 7.10 8.56 9.34 9.67 10.28 10.45 9.91 9.52 9.68 10.16 10.38 9.87 9.24 9.11 9.14 8.96 8.85 8.43 7.18 6.55 7.35 8.21 8.71 9.24 8.91 8.46 8.65 8.35 7.54 7.46 7.94 7.84 7.22 6.89
10.56 10.49 10.56 11.19 11.92 12.02 11.59 10.82 10.71 11.69 11.74 10.87 10.04 9.45 9.29 8.98 9.47 10.19 10.10 10.43 12.20 14.15 12.99 12.09 14.15 15.84 16.17 16.97 18.91 18.91 17.31 15.68 12.87 13.30 17.14 18.27 15.53 12.04 10.65 10.04 8.80 7.91 7.72 7.26 6.59 6.09 5.56 5.40 5.66 6.25 7.53 8.52 8.88 9.60 10.37 10.39 9.86 9.64 9.92 10.24 10.26 9.81 9.36 9.31 9.19 8.83 8.61 7.63 6.53 7.03 8.31 8.85 9.25 9.59 9.44 9.30 8.79 7.84 7.65 8.31 8.24 7.17 6.58
9.63 9.81 10.38 11.22 11.77 12.03 12.11 11.41 11.13 11.82 12.35 11.55 10.23 10.07 10.36 9.77 9.43 9.44 9.35 9.82 11.63 13.85 12.60 10.18 11.68 14.85 15.99 16.27 19.89 21.68 18.40 16.02 12.47 13.76 19.64 19.44 14.95 11.57 11.09 10.66 8.81 7.92 8.00 7.51 6.77 6.22 5.71 5.30 5.15 5.51 6.59 7.71 8.21 8.72 9.50 10.17 10.34 10.07 9.90 9.92 10.38 10.57 9.78 9.23 9.32 8.92 8.60 8.16 6.94 6.59 7.96 9.34 9.65 9.70 9.92 9.92 9.50 8.65 7.95 8.32 8.54 7.55 6.55
8.72 8.96 9.99 11.08 11.45 11.72 11.88 11.78 11.57 11.63 12.36 12.12 10.61 10.54 11.29 10.92 9.59 8.44 9.08 10.79 12.50 13.50 11.98 9.38 9.23 12.39 14.96 15.48 19.60 22.71 19.25 16.59 13.92 15.31 21.35 19.58 14.12 12.19 12.10 10.72 8.03 7.78 8.49 7.73 6.75 6.36 5.92 5.23 4.71 4.88 5.69 6.85 7.69 8.15 8.61 9.28 10.06 10.50 10.17 9.63 10.09 11.14 10.67 9.36 9.40 9.28 8.55 8.26 7.51 6.58 7.28 9.39 10.38 9.97 10.04 10.22 10.12 9.50 8.46 8.30 8.64 8.30 7.03
7.99 8.42 9.79 10.77 11.05 11.20 11.15 11.38 11.59 11.57 12.19 12.26 10.97 10.91 11.98 11.90 9.41 6.90 8.58 11.94 14.31 14.02 11.00 8.71 7.99 9.60 12.66 14.79 19.77 23.14 20.00 17.10 15.51 17.58 22.58 20.32 15.18 13.85 12.28 9.20 7.22 8.32 9.02 7.64 6.77 6.62 5.99 5.08 4.55 4.54 4.96 5.82 6.85 7.75 8.23 8.50 9.23 10.41 10.55 9.46 9.47 10.94 11.30 10.02 9.72 9.91 9.03 8.12 7.55 6.86 7.03 9.06 10.72 10.48 10.30 10.44 10.38 10.04 9.27 8.76 8.70 8.75 7.75
