windninja/windninja_output/Output_2025-10-23_1100-1150_Google earth_Fire_150m_10min/merlingen_7.5mi_point_10-23-2025_1150_150m_ang.asc
ncols	158
nrows	163
xllcorner	391686.332397
yllcorner	5160024.123721
cellsize	150.000000
NODATA_value	-32768.000000
[rows 84 to 125 of 163, columns 0 to 93 of 158]
266 268 271 268 261 258 255 251 251 253 259 265 266 266 267 267 268 269 271 273 275 275 273 273 275 276 272 268 267 266 265 264 263 262 262 263 263 262 261 260 260 261 262 263 264 265 266 269 270 269 267 267 269 272 272 271 271 271 271 271 271 271 271 271 271 271 271 271 271 272 273 273 274 275 277 279 281 285 291 301 324 334 304 288 287 285 282 277 275 273 270 267 262 258
263 262 261 261 258 255 249 248 252 257 261 263 264 264 264 265 266 268 270 273 275 277 277 277 279 280 275 270 268 268 266 263 262 259 259 261 262 263 264 265 265 265 265 265 266 267 268 271 272 272 270 268 266 267 270 271 271 271 271 272 272 272 272 271 271 271 271 271 272 272 273 273 274 275 277 278 281 284 290 301 326 341 330 303 289 284 279 275 273 272 270 267 263 260
263 261 259 260 257 252 247 247 254 260 262 261 262 262 262 262 262 265 267 270 273 275 278 281 284 283 277 272 271 270 267 265 264 262 261 259 258 258 261 265 268 269 267 265 265 266 268 270 271 273 273 270 268 267 269 271 272 272 272 273 273 273 272 272 272 272 272 272 272 272 273 273 274 275 277 278 280 284 290 301 324 339 332 306 289 282 278 275 272 270 269 267 267 265
264 262 259 259 255 250 248 250 255 259 259 259 261 261 259 259 258 259 262 266 270 272 276 284 292 290 279 273 270 268 267 267 267 268 267 262 258 256 257 259 264 268 268 266 265 265 267 268 269 270 272 272 271 269 270 271 273 274 274 274 274 274 273 273 272 272 272 272 272 272 273 273 274 275 276 278 280 284 290 300 318 333 329 309 289 280 276 274 272 269 269 271 273 271
265 264 262 260 255 250 248 250 252 254 256 259 261 259 257 254 252 254 258 263 268 271 280 291 300 297 279 272 268 266 266 267 268 269 271 270 266 261 258 257 259 262 267 267 265 264 265 266 267 267 269 272 272 271 271 271 273 275 276 277 277 276 275 274 273 272 272 272 272 272 273 273 274 275 276 278 280 284 289 297 310 323 324 310 294 281 275 272 271 272 274 276 274 269
267 267 264 261 256 252 250 248 247 248 255 261 261 257 254 248 247 252 258 265 271 281 289 295 299 287 273 269 266 265 265 266 266 267 269 272 273 269 264 261 260 261 264 267 267 266 264 264 265 267 268 270 273 274 272 270 270 271 276 281 282 279 276 274 273 273 273 272 272 273 273 273 274 275 276 278 280 283 287 293 302 313 317 309 297 287 279 274 274 276 277 275 268 262
268 266 261 258 257 256 253 248 243 246 255 260 256 252 249 246 246 250 257 268 282 292 295 288 271 260 264 265 264 264 265 265 266 266 267 269 271 272 269 264 262 262 263 266 268 268 265 263 264 267 269 272 274 276 273 268 266 268 275 283 287 282 277 275 274 273 273 273 273 273 273 274 274 275 276 278 280 282 285 290 296 304 310 307 299 294 288 282 280 280 276 267 263 261
265 261 254 252 254 256 253 247 242 246 254 254 248 245 244 243 246 248 255 271 289 299 290 264 239 242 256 261 262 263 264 265 266 267 268 268 269 272 273 268 263 261 262 266 268 269 267 265 264 266 270 274 277 279 276 270 269 272 275 279 284 283 278 275 274 273 273 273 273 273 273 274 274 275 276 277 279 281 283 287 292 298 304 305 301 298 294 288 284 280 271 262 263 263
262 259 252 249 249 249 248 242 236 241 248 247 241 241 242 245 249 251 260 273 284 290 263 238 226 236 251 258 261 263 264 265 267 269 270 269 269 270 273 272 265 259 260 264 267 269 268 266 265 267 271 276 280 282 283 280 278 277 274 272 274 278 277 275 274 274 273 273 273 273 273 274 274 275 276 277 278 280 282 285 288 292 297 301 299 296 293 288 282 274 263 262 266 266
264 262 257 254 253 252 249 241 230 235 241 238 232 231 233 241 249 257 268 271 264 234 223 223 223 238 251 257 260 262 263 266 269 271 271 270 270 270 272 273 270 262 258 260 264 266 267 267 267 267 270 278 284 284 287 289 283 278 273 268 268 273 275 275 274 274 274 274 274 274 274 274 275 275 276 276 277 279 281 283 285 288 291 294 294 291 289 284 277 267 262 264 267 267
265 263 261 260 261 261 257 248 239 244 244 239 233 230 230 241 250 258 264 257 238 217 212 218 225 241 253 257 258 259 262 266 271 274 274 272 271 272 272 273 273 268 261 258 259 262 266 267 268 269 272 279 286 284 284 287 284 279 274 271 270 271 273 274 275 275 274 274 274 274 274 274 275 275 275 276 277 278 279 281 282 284 286 288 289 288 285 281 274 268 267 267 267 267
264 262 261 264 265 262 258 256 262 265 260 251 246 244 247 256 256 260 258 244 227 221 219 226 235 248 254 256 257 257 261 267 271 273 274 273 273 273 274 274 276 276 269 261 258 260 263 267 270 274 276 277 278 279 280 282 283 281 278 274 272 272 274 275 275 275 275 274 274 275 275 275 275 275 275 276 276 277 278 279 280 281 283 283 284 283 282 278 274 271 270 269 268 267
265 264 264 264 262 256 252 253 264 275 272 263 255 253 259 263 263 264 256 230 222 227 231 241 250 255 257 257 258 260 264 267 268 269 272 274 274 275 275 276 279 282 278 270 265 263 265 269 274 276 274 268 267 271 275 278 280 280 279 277 275 274 275 276 276 276 275 275 275 275 275 275 275 275 275 276 276 277 277 278 279 280 280 280 280 280 278 277 274 272 270 269 268 267
269 268 266 263 258 252 248 247 253 262 266 261 258 258 262 264 267 265 250 226 221 230 241 254 262 263 259 258 261 265 268 267 265 266 269 273 275 277 278 279 280 284 285 280 275 272 270 272 273 271 266 262 262 266 270 273 276 278 278 278 277 276 277 277 277 277 277 276 276 275 275 275 275 275 275 276 276 276 277 277 278 278 278 278 278 278 277 275 274 272 271 269 268 268
269 268 265 262 261 256 251 248 249 251 254 258 263 266 267 268 267 258 240 228 225 235 249 262 266 259 256 259 262 265 267 266 265 266 268 271 275 279 282 283 283 286 289 285 279 276 275 273 270 266 263 262 262 264 268 270 272 275 277 277 277 277 278 279 279 279 278 278 277 276 275 275 275 275 275 275 276 276 276 277 277 277 277 277 277 276 275 274 273 272 271 270 268 268
267 265 263 262 264 262 259 256 252 249 250 253 256 263 267 265 259 248 236 229 232 245 258 262 253 242 248 256 260 262 265 266 268 268 270 273 276 279 283 287 287 289 292 290 282 279 277 274 269 266 265 265 263 264 267 269 270 272 275 276 276 276 277 279 281 282 281 279 278 276 276 276 275 275 275 276 276 276 276 276 277 277 277 276 276 275 275 274 273 272 270 269 268 267
266 264 262 262 262 260 259 259 255 251 250 249 249 255 260 257 254 250 240 237 248 261 263 251 234 235 245 253 257 260 262 265 269 272 275 277 278 279 282 288 292 293 295 295 288 281 277 274 270 267 266 266 266 265 266 268 268 269 272 276 276 275 274 276 280 283 283 282 280 277 276 276 276 276 276 276 276 276 276 276 276 276 276 276 275 275 274 273 272 271 270 269 268 267
267 266 264 262 259 257 257 256 255 253 251 249 246 245 247 249 251 252 247 253 266 269 256 237 233 239 246 251 254 257 260 265 270 275 279 282 281 281 283 288 295 297 297 299 294 284 278 276 273 270 268 267 267 267 267 267 267 268 270 273 275 275 273 274 277 281 283 283 281 278 276 277 277 276 276 276 276 276 277 277 277 277 276 276 275 275 274 273 272 271 270 269 268 267
268 267 265 261 258 257 257 256 255 254 252 250 246 242 243 248 252 252 252 260 265 255 239 236 237 242 247 251 253 257 261 266 271 275 280 284 286 286 287 289 295 299 300 302 301 292 284 279 276 273 270 268 267 267 267 268 268 268 267 269 273 275 275 274 275 278 280 280 279 277 276 278 279 278 277 277 277 277 277 277 277 277 277 276 276 275 274 273 272 271 270 269 268 267
269 267 264 261 259 258 257 256 255 254 253 253 251 252 256 257 256 255 256 260 253 235 233 238 239 241 246 252 256 260 265 267 270 274 279 284 289 291 290 290 295 300 303 304 306 301 291 282 277 273 271 270 269 269 268 268 269 268 268 268 271 273 274 273 273 274 276 276 275 273 274 278 280 279 278 278 278 278 278 278 278 278 277 277 276 275 274 273 272 271 270 269 268 267
268 267 263 261 259 259 258 257 256 256 257 258 260 265 269 268 263 259 257 253 241 233 236 239 238 240 246 252 257 263 267 268 270 273 277 282 288 293 293 293 296 302 305 307 309 307 298 289 281 275 273 272 271 271 271 269 268 268 268 269 270 270 271 272 272 271 272 273 272 271 271 272 276 279 278 278 279 280 280 280 279 279 279 278 277 276 275 274 273 272 271 270 268 267
268 267 262 259 259 259 258 257 255 257 260 262 266 270 272 271 267 260 254 247 240 238 239 238 238 241 246 250 255 262 266 269 272 273 274 280 287 294 297 298 300 304 306 308 311 312 306 297 289 282 277 275 273 271 272 271 269 268 267 268 268 268 270 272 271 270 270 271 270 269 268 266 268 273 276 278 281 282 281 281 282 282 281 280 278 277 276 274 273 272 271 270 269 267
268 266 261 258 257 257 257 256 256 258 261 265 268 270 270 269 264 258 251 244 241 244 242 238 238 242 245 248 254 261 267 272 273 271 272 280 289 297 300 302 303 305 307 309 313 315 313 306 298 290 283 278 274 271 270 271 271 269 267 267 267 268 269 270 270 270 269 270 269 266 265 264 264 267 272 276 280 281 280 282 285 287 285 282 280 278 276 275 274 273 271 270 269 268
267 264 259 257 256 256 257 258 258 260 263 264 264 262 263 264 261 257 250 243 242 247 248 241 238 240 242 244 250 261 268 273 272 267 271 283 293 298 299 301 305 307 308 311 315 318 320 315 307 299 289 282 277 273 270 268 269 269 268 266 265 267 269 269 269 269 268 268 269 265 263 264 265 266 269 272 275 279 281 282 285 289 289 286 282 279 277 276 274 273 272 270 269 268
268 264 258 257 258 258 260 261 262 261 260 258 255 253 255 258 259 255 248 245 247 252 253 246 239 239 242 242 247 259 268 270 270 264 274 287 294 295 296 301 308 310 309 313 317 320 323 323 316 306 295 286 282 278 273 269 267 268 268 267 265 266 269 269 268 267 266 266 267 266 262 262 265 267 268 269 272 277 281 280 279 284 291 290 286 282 279 277 275 273 272 271 270 269
268 265 261 262 264 264 263 260 259 257 254 252 249 249 253 257 259 251 242 245 253 258 257 251 243 241 242 242 248 259 266 267 267 265 275 286 291 293 298 304 307 306 307 314 319 320 325 328 324 314 303 292 285 281 277 272 268 267 268 268 265 265 266 267 265 266 267 266 266 266 263 262 264 267 268 269 270 273 276 277 277 279 286 292 290 285 281 278 275 274 272 271 271 270
271 269 268 269 268 266 261 257 254 252 251 250 248 249 254 261 262 247 236 244 253 262 263 257 252 247 245 244 250 259 265 266 264 265 273 283 290 295 302 305 302 300 305 314 319 321 326 333 331 322 311 300 289 282 279 276 271 268 269 269 267 264 262 262 262 263 266 268 266 265 264 264 265 266 267 268 269 269 271 274 276 278 281 287 290 288 283 279 276 274 273 272 272 271
275 273 272 270 266 262 258 255 253 251 250 251 252 254 259 264 265 246 234 242 251 261 270 266 260 257 255 252 251 254 260 266 264 264 273 284 292 299 305 305 303 300 301 310 317 321 326 334 335 329 319 308 296 285 281 279 275 270 268 269 269 265 261 259 260 261 263 266 268 267 267 267 265 264 265 266 267 266 267 271 274 277 279 283 287 287 283 280 276 274 273 273 273 273
277 275 271 266 262 259 257 254 253 251 248 252 258 261 263 266 267 250 237 243 248 256 268 272 263 264 269 268 260 253 254 261 265 269 278 287 295 301 305 304 303 297 294 302 315 323 327 331 335 333 326 318 305 291 284 281 277 272 268 268 268 266 262 261 260 260 260 261 265 268 269 268 266 264 264 265 265 265 265 267 271 276 278 280 283 283 279 277 274 272 273 276 276 275
276 274 268 264 262 261 259 256 253 249 248 254 261 264 264 267 271 270 257 248 247 251 259 266 264 269 276 279 274 261 253 255 263 274 283 290 294 295 298 298 295 288 289 298 313 324 326 327 332 335 333 329 316 298 287 283 280 275 270 267 267 265 263 263 263 261 259 258 260 264 267 268 268 266 263 263 265 266 266 264 267 272 276 277 279 278 273 270 269 270 276 281 280 275
273 270 266 264 263 261 261 259 254 250 253 260 263 261 260 267 277 302 303 261 249 248 252 259 268 274 277 278 278 275 262 255 262 273 283 288 288 289 291 292 287 286 290 297 309 320 325 328 331 335 337 337 328 308 292 285 283 279 272 268 267 266 264 263 264 262 260 258 259 260 263 265 267 266 263 262 264 266 267 264 264 268 271 272 273 272 267 266 267 273 279 283 280 273
273 268 265 264 263 260 259 257 255 257 264 269 265 256 257 269 284 313 337 284 261 253 251 257 269 276 277 274 276 282 274 260 261 270 280 287 289 289 287 286 287 290 295 298 305 317 327 332 331 334 339 342 338 321 298 287 283 281 275 270 268 266 265 264 264 264 261 259 259 259 259 260 262 265 266 264 262 264 266 265 265 266 268 268 267 265 263 266 271 276 279 279 274 267
280 272 266 263 262 260 256 254 257 265 274 276 268 255 258 270 285 316 350 318 286 272 265 263 265 272 276 272 275 285 286 270 262 266 277 287 292 290 284 285 291 295 298 297 301 314 325 329 328 330 337 344 347 335 307 289 283 282 279 273 269 267 266 266 265 264 262 260 259 258 257 257 257 260 265 267 264 262 264 265 266 267 268 265 261 260 263 268 273 277 276 273 268 265
289 274 266 263 262 261 259 257 261 268 274 279 274 262 262 268 279 310 345 333 308 292 283 273 268 269 274 273 278 286 290 280 269 270 277 287 291 290 284 288 296 298 297 296 298 306 317 323 326 329 335 347 354 348 322 295 285 283 281 276 273 270 268 268 266 264 262 261 259 258 257 256 255 255 258 265 266 262 261 262 266 269 269 264 259 260 265 269 272 273 271 268 266 267
298 277 265 263 264 264 264 266 268 269 270 275 282 275 266 264 271 298 333 334 319 302 291 285 280 276 279 282 282 285 291 295 293 287 284 284 287 289 288 292 297 297 294 292 293 299 313 322 327 331 336 350 359 358 338 303 288 283 281 278 276 275 273 270 266 264 262 260 259 258 258 257 255 253 254 257 261 262 261 262 265 267 267 264 262 264 267 270 271 269 267 265 264 266
311 283 267 266 268 268 268 271 273 272 268 271 285 285 270 263 268 287 319 330 324 309 297 291 288 286 285 287 286 289 297 305 304 296 288 282 281 289 295 297 296 292 290 290 293 298 308 317 325 331 336 350 1 4 351 313 290 284 282 279 278 278 277 273 268 263 261 259 257 258 259 259 257 255 253 252 253 257 261 263 264 264 264 264 266 269 270 270 269 267 264 262 259 260
329 291 269 267 270 270 270 274 276 276 270 273 286 291 275 266 268 279 303 323 326 316 304 296 291 290 289 290 292 295 297 300 299 293 286 283 282 287 295 299 293 289 289 292 296 299 304 313 324 330 335 347 1 9 1 322 293 285 283 280 279 278 275 270 264 262 263 262 260 259 260 260 260 259 255 250 249 252 256 260 262 263 264 265 269 272 273 271 267 265 262 259 254 255
357 304 277 270 267 267 269 273 278 280 274 274 286 301 284 268 267 274 290 311 322 317 308 300 294 292 292 294 297 297 295 293 291 290 286 284 285 284 288 297 294 288 285 288 291 295 302 313 325 331 335 345 360 13 11 335 297 287 283 281 277 272 265 258 254 259 267 274 274 267 262 261 262 263 260 253 248 247 250 255 259 262 265 267 271 274 274 270 266 264 262 256 251 256
12 315 288 277 267 263 264 266 272 278 276 277 288 309 296 273 265 266 276 290 306 310 307 302 294 292 292 296 297 296 297 295 291 290 287 283 285 280 281 294 297 288 279 276 281 288 295 306 319 326 331 339 359 18 16 343 300 286 281 275 268 258 254 253 253 260 267 277 285 280 270 265 265 265 265 260 252 247 247 249 253 259 265 268 271 272 271 267 264 263 261 253 252 261
3 315 293 284 272 265 263 260 262 267 273 279 289 311 303 282 266 259 260 272 286 297 300 297 293 292 293 294 296 299 302 299 292 291 288 284 284 281 278 289 300 294 279 270 272 279 286 297 311 320 324 333 360 24 19 347 298 280 274 267 255 250 255 259 261 264 266 269 279 287 281 273 270 268 268 267 262 255 251 248 249 255 262 266 268 269 267 262 262 262 259 253 254 265
350 312 293 288 279 271 267 261 259 260 265 275 288 302 301 287 271 256 252 261 276 286 292 294 292 290 290 296 302 306 309 301 293 293 290 283 283 285 279 283 297 300 287 272 269 273 281 291 308 317 321 330 1 27 26 356 291 271 268 263 255 258 264 266 267 268 266 263 266 276 282 279 277 275 274 274 274 269 262 255 251 252 255 259 261 263 260 256 259 262 261 259 261 268
338 308 294 292 285 276 270 266 264 262 262 266 274 286 292 289 278 263 252 256 267 282 290 290 290 291 298 308 312 316 318 303 294 293 291 283 283 287 283 282 293 303 298 280 270 270 276 288 304 314 317 328 2 32 39 17 285 266 264 265 267 269 269 268 268 267 266 262 260 262 271 277 279 282 283 283 284 283 276 267 260 256 253 252 255 257 252 251 256 261 265 267 269 272
