windninja/windninja_output/Output_2025-10-23_1100-1150_Google earth_Fire_150m_10min/merlingen_7.5mi_point_10-23-2025_1110_150m_vel.asc
ncols	158
nrows	163
xllcorner	391686.332397
yllcorner	5160024.123721
cellsize	150.000000
NODATA_value	-32768.000000
[rows 0 to 36 of 163, columns 0 to 82 of 158]
9.02 9.20 9.33 9.24 9.48 9.65 9.10 8.95 9.53 9.63 9.32 9.18 9.88 11.42 12.14 11.61 10.60 9.66 9.79 10.20 8.96 7.76 8.89 9.97 10.15 9.71 8.99 8.97 9.61 9.69 9.56 9.69 9.72 9.44 9.57 10.05 9.51 9.18 9.33 8.96 9.05 9.46 9.42 9.46 9.50 9.32 9.39 9.01 8.65 8.88 8.97 9.03 9.22 9.19 8.97 9.00 9.08 9.23 9.33 9.12 8.86 8.99 9.19 9.19 9.24 9.46 9.82 9.89 9.61 9.11 8.80 8.81 8.94 9.06 9.30 9.33 9.20 9.26 9.13 8.85 8.80 8.83 9.27
8.71 9.12 9.25 9.07 9.45 9.56 8.96 8.85 9.43 9.48 8.94 8.33 8.62 10.29 11.83 12.20 11.41 10.23 10.35 10.59 8.81 7.16 7.85 9.47 10.40 10.08 9.08 8.79 9.34 9.52 9.48 9.61 9.68 9.47 9.52 10.12 9.77 9.38 9.42 8.94 8.94 9.33 9.38 9.65 9.71 9.49 9.62 9.26 8.61 8.60 8.78 8.87 9.06 9.07 8.86 8.87 9.01 9.20 9.42 9.18 8.73 8.76 8.97 9.00 8.87 9.01 9.55 9.98 9.93 9.31 8.71 8.63 8.78 8.90 9.14 9.18 9.15 9.47 9.36 8.77 8.57 8.70 9.16
8.15 9.02 9.15 8.86 9.40 9.08 8.65 8.97 9.44 9.23 8.17 6.79 6.68 8.39 11.00 12.85 12.56 11.37 11.33 10.89 8.92 6.93 6.53 8.15 10.21 10.49 9.46 8.82 8.98 9.24 9.45 9.56 9.52 9.57 9.69 9.97 9.99 9.77 9.52 9.04 8.97 9.14 9.34 9.90 9.92 9.65 9.75 9.59 8.81 8.34 8.50 8.62 8.75 8.89 8.75 8.72 8.92 9.08 9.37 9.31 8.78 8.53 8.66 8.76 8.50 8.53 9.19 10.04 10.38 9.61 8.61 8.43 8.63 8.72 8.87 8.80 8.95 9.77 9.75 8.67 8.11 8.73 9.20
7.64 8.85 9.15 8.84 9.28 8.56 8.35 9.22 9.55 8.94 7.44 5.77 5.85 7.41 9.96 12.88 13.06 12.14 11.84 11.02 9.40 7.75 6.38 6.77 9.13 10.21 9.86 9.28 8.94 9.13 9.59 9.76 9.70 9.78 9.75 9.73 9.82 9.88 9.68 9.31 9.15 9.13 9.53 10.00 9.92 9.71 9.61 9.46 9.06 8.66 8.46 8.31 8.49 8.84 8.85 8.75 8.88 8.95 9.06 9.21 8.96 8.51 8.46 8.62 8.46 8.42 8.93 9.92 10.51 9.67 8.59 8.50 8.70 8.66 8.61 8.40 8.57 9.63 9.93 8.65 7.63 8.68 9.51
7.27 8.43 9.07 8.92 9.20 8.56 8.47 9.34 9.41 8.35 6.73 5.34 5.38 7.06 9.97 12.73 13.32 12.50 11.74 11.23 10.21 8.78 6.91 6.10 7.89 9.25 9.57 9.45 9.07 9.19 9.68 10.15 10.43 10.19 9.69 9.64 9.75 9.86 9.93 9.59 9.17 9.21 9.76 9.98 9.82 9.69 9.43 9.11 9.01 8.90 8.48 8.18 8.35 8.79 9.00 8.93 8.93 8.93 8.87 8.98 8.94 8.50 8.34 8.51 8.45 8.40 8.74 9.82 10.49 9.55 8.66 8.69 8.78 8.61 8.45 8.40 8.46 9.06 9.53 8.72 7.51 8.10 9.41
7.42 8.02 8.60 8.88 9.22 8.93 9.00 9.41 8.85 7.49 6.23 5.29 4.94 6.85 10.31 12.26 13.17 12.76 11.63 11.30 10.97 9.96 7.73 6.08 6.89 8.17 8.64 8.95 8.98 9.03 9.45 10.30 10.93 10.64 9.99 9.75 9.94 10.06 10.11 9.81 9.31 9.36 9.77 9.79 9.63 9.59 9.30 8.99 8.88 8.66 8.42 8.37 8.44 8.71 9.03 9.12 9.07 8.98 8.84 8.79 8.76 8.45 8.29 8.45 8.48 8.39 8.61 9.71 10.32 9.38 8.84 9.08 8.97 8.40 8.21 8.63 8.89 8.87 8.67 8.41 8.00 8.04 8.87
7.88 8.03 8.16 8.59 9.17 9.28 9.43 9.20 8.12 6.92 6.06 5.37 4.91 6.79 10.41 11.83 12.43 12.66 11.96 11.51 11.55 11.07 8.85 6.47 6.38 7.20 7.71 8.25 8.57 8.62 9.13 10.18 10.81 10.63 10.42 10.33 10.29 10.27 10.15 9.86 9.55 9.53 9.65 9.56 9.41 9.42 9.22 8.95 8.73 8.33 8.20 8.52 8.69 8.78 9.13 9.32 9.22 9.06 8.84 8.66 8.51 8.26 8.22 8.48 8.59 8.43 8.58 9.61 10.02 9.04 8.82 9.56 9.42 8.28 7.89 8.59 9.28 9.18 8.07 7.91 8.69 8.68 8.52
8.14 8.29 8.25 8.39 8.92 9.29 9.47 8.86 7.73 6.83 6.14 5.49 5.10 6.80 10.11 11.57 11.48 12.01 12.17 11.71 11.93 11.93 10.06 7.46 6.27 6.31 7.11 7.89 7.99 8.10 8.99 10.00 10.29 10.31 10.63 10.85 10.55 10.25 10.13 9.93 9.74 9.66 9.61 9.50 9.39 9.29 9.08 8.87 8.50 8.04 8.01 8.45 8.62 8.82 9.47 9.62 9.34 9.18 8.89 8.59 8.27 7.82 7.90 8.45 8.78 8.70 8.78 9.48 9.70 8.75 8.55 9.57 9.65 8.57 7.90 8.26 9.21 9.26 7.85 7.73 9.27 9.18 8.29
8.19 8.46 8.60 8.50 8.67 9.01 9.10 8.52 7.72 7.04 6.43 5.77 5.27 6.48 9.64 11.27 11.02 11.36 11.87 11.85 12.17 12.30 10.98 8.77 6.79 5.91 6.66 7.58 7.38 7.68 9.11 9.74 9.63 10.12 10.87 11.01 10.47 10.08 10.06 10.01 9.85 9.78 9.62 9.51 9.53 9.23 8.88 8.81 8.33 7.67 7.99 8.48 8.22 8.59 9.83 9.98 9.44 9.29 9.01 8.52 8.05 7.41 7.24 7.93 8.70 9.13 9.20 9.33 9.30 8.75 8.68 9.29 9.32 8.74 8.17 8.17 8.93 8.87 7.82 8.09 9.74 9.57 8.11
8.21 8.49 8.83 8.72 8.56 8.68 8.70 8.32 7.85 7.33 6.80 6.17 5.50 6.19 8.80 10.74 10.99 11.08 11.23 11.79 12.34 12.31 11.59 9.75 7.76 6.23 6.09 7.04 7.12 7.52 9.23 9.45 9.03 9.95 11.00 10.98 10.28 9.90 9.99 10.06 9.99 9.96 9.76 9.56 9.60 9.19 8.72 8.79 8.29 7.37 7.79 8.47 8.02 8.50 9.93 10.27 9.53 9.21 9.01 8.41 8.00 7.48 6.78 6.97 8.23 9.26 9.47 9.16 8.65 8.69 9.19 9.38 8.97 8.54 8.29 8.24 8.72 8.33 7.61 8.65 10.03 9.96 8.41
8.27 8.52 8.89 8.80 8.54 8.50 8.53 8.34 7.97 7.53 7.13 6.56 5.84 6.03 7.93 10.08 10.93 11.11 10.87 11.35 12.12 12.21 11.90 10.38 8.57 7.05 5.84 6.40 7.13 7.66 9.00 9.20 8.78 9.69 10.74 10.73 10.17 9.81 9.93 10.06 10.08 10.13 9.96 9.58 9.66 9.36 8.58 8.64 8.38 7.35 7.64 8.22 8.03 8.74 9.78 10.35 9.70 8.98 8.72 8.30 8.21 7.84 6.70 6.58 8.08 9.03 9.28 8.79 7.75 8.29 9.52 9.66 8.92 8.28 8.18 8.33 8.76 8.31 7.41 8.48 9.78 10.17 9.21
8.39 8.58 8.84 8.78 8.54 8.49 8.52 8.39 8.06 7.68 7.37 6.90 6.24 6.05 7.45 9.63 10.69 11.07 10.97 11.05 11.62 11.91 11.83 10.72 9.17 7.61 6.04 6.20 7.20 7.82 8.58 9.00 8.92 9.51 10.23 10.24 10.03 9.88 9.97 9.97 10.01 10.25 10.02 9.53 9.79 9.72 8.68 8.39 8.44 7.84 7.83 7.95 7.97 8.89 9.63 10.04 9.71 8.90 8.37 8.17 8.50 8.24 7.11 7.12 8.31 8.69 8.73 8.05 6.88 7.80 9.37 9.64 9.06 8.10 7.86 8.36 9.01 8.94 8.04 8.08 8.99 9.83 9.71
8.54 8.63 8.77 8.72 8.57 8.59 8.56 8.37 8.14 7.83 7.55 7.16 6.55 6.21 7.34 9.55 10.55 10.74 11.03 11.14 11.26 11.38 11.33 10.72 9.47 7.85 6.60 6.62 7.34 7.83 8.32 8.89 9.16 9.34 9.59 9.88 9.99 9.98 9.94 9.71 9.88 10.23 9.80 9.46 9.90 9.92 9.11 8.62 8.77 8.71 8.29 7.89 7.95 8.94 9.81 9.66 9.22 8.63 8.09 8.30 8.97 8.78 8.08 8.10 8.43 8.36 8.06 7.35 6.58 7.46 8.60 9.12 9.18 8.08 7.42 8.04 8.85 9.41 8.87 8.02 8.34 9.26 9.64
8.66 8.70 8.73 8.68 8.62 8.66 8.58 8.36 8.22 7.98 7.69 7.38 6.71 6.36 7.53 9.71 10.78 10.48 10.68 11.17 11.03 10.77 10.69 10.33 9.39 8.11 7.20 7.22 7.56 7.86 8.38 8.89 9.22 9.10 8.98 9.74 10.15 10.04 9.79 9.41 9.78 10.03 9.46 9.33 9.78 9.69 9.01 8.94 9.59 9.72 8.85 8.11 8.01 9.07 10.29 9.67 8.55 7.76 7.49 8.56 9.72 9.50 9.21 8.98 8.43 8.08 7.77 7.63 7.19 6.86 7.43 8.40 9.12 8.27 7.25 7.44 8.47 9.44 9.16 8.29 8.42 9.03 9.40
8.75 8.77 8.74 8.69 8.66 8.65 8.54 8.41 8.34 8.11 7.84 7.58 6.88 6.43 7.62 9.97 11.20 10.51 10.15 10.74 10.66 10.12 10.01 9.84 9.27 8.41 7.64 7.65 7.77 7.86 8.62 9.16 9.10 8.84 8.77 9.53 10.07 10.10 9.73 9.29 9.58 9.56 9.52 9.62 9.50 9.33 8.65 8.25 9.41 10.57 10.01 8.65 8.20 9.39 10.65 10.07 8.38 6.86 6.63 8.58 10.45 10.34 9.99 9.26 8.46 8.38 8.24 8.41 7.95 6.60 6.40 7.95 8.91 8.25 7.14 7.23 8.33 8.98 8.89 8.88 9.05 9.01 9.15
8.83 8.82 8.78 8.74 8.67 8.61 8.53 8.46 8.44 8.24 8.02 7.75 7.22 6.56 7.46 10.18 11.40 10.63 9.83 10.01 10.07 9.57 9.34 9.35 9.30 8.76 7.83 7.71 7.96 7.97 8.83 9.45 8.93 8.72 8.88 9.12 9.63 10.01 9.68 9.46 9.49 9.13 9.65 10.23 9.34 9.03 9.11 7.96 7.87 9.88 10.87 9.52 8.76 9.74 10.50 10.56 9.22 6.85 6.25 8.53 10.76 11.03 10.24 8.70 8.55 9.44 9.09 8.90 8.69 6.85 6.21 7.53 8.36 7.64 7.02 7.36 7.98 8.30 8.76 9.76 9.54 8.61 8.78
8.87 8.86 8.82 8.77 8.67 8.62 8.58 8.51 8.50 8.39 8.20 7.91 7.62 7.00 7.50 9.93 11.17 10.68 9.87 9.54 9.45 9.06 8.75 8.92 9.32 9.06 8.01 7.56 8.01 8.36 9.02 9.29 8.69 8.67 9.03 9.10 9.38 9.66 9.50 9.52 9.50 9.10 9.68 10.38 9.51 8.89 9.41 8.74 7.82 8.88 10.27 9.88 9.37 9.72 9.97 10.38 10.21 8.10 6.70 8.89 11.02 11.31 10.11 8.15 8.47 10.17 10.07 9.44 9.07 7.47 6.37 6.83 7.51 7.15 6.90 7.14 7.23 8.02 9.33 10.21 9.29 8.17 8.40
8.89 8.89 8.86 8.79 8.70 8.66 8.63 8.58 8.56 8.51 8.36 8.10 7.93 7.61 7.85 9.39 10.64 10.49 9.87 9.41 9.05 8.67 8.43 8.68 9.16 9.06 8.29 7.69 7.94 8.57 8.99 8.80 8.41 8.67 9.30 9.60 9.53 9.38 9.29 9.48 9.55 9.41 9.68 9.93 9.66 9.24 9.16 9.08 9.06 9.38 9.59 9.50 9.42 9.54 9.54 9.89 10.43 9.45 8.04 9.21 11.07 11.33 9.83 8.24 8.60 10.24 10.88 10.09 8.98 7.94 7.08 6.54 7.12 7.21 6.45 6.42 6.81 8.14 9.79 9.71 8.65 8.28 8.10
8.90 8.91 8.88 8.81 8.76 8.72 8.68 8.69 8.62 8.54 8.47 8.31 8.18 8.09 8.19 9.00 10.01 10.05 9.61 9.27 8.87 8.56 8.41 8.57 8.85 8.86 8.52 8.07 7.96 8.34 8.56 8.26 8.12 8.57 9.45 10.09 9.96 9.41 9.09 9.47 9.56 9.48 9.75 9.61 9.54 9.72 9.43 8.96 9.36 9.98 9.67 9.12 8.92 9.09 9.32 9.64 10.14 10.01 9.23 9.51 10.97 11.24 9.78 8.78 9.08 10.13 11.13 10.41 8.99 8.68 7.99 6.68 6.90 6.97 5.91 5.84 6.56 7.83 9.29 9.05 8.46 8.42 7.70
8.94 8.93 8.89 8.82 8.78 8.78 8.77 8.78 8.69 8.51 8.51 8.54 8.42 8.33 8.44 8.84 9.40 9.50 9.29 9.06 8.75 8.58 8.48 8.45 8.60 8.69 8.55 8.27 8.05 8.03 7.92 7.74 7.92 8.50 9.44 10.24 10.35 9.64 9.04 9.46 9.50 9.42 9.76 9.64 9.61 10.09 10.16 9.14 8.93 10.03 10.09 9.28 8.66 8.58 9.10 9.48 9.79 10.16 10.03 9.89 10.67 11.11 10.15 9.33 9.51 10.17 10.81 10.47 9.76 9.51 8.30 6.67 6.65 6.70 5.88 5.52 5.94 7.13 8.50 8.85 8.66 8.48 7.54
8.99 8.98 8.90 8.82 8.80 8.84 8.85 8.85 8.76 8.52 8.53 8.71 8.59 8.45 8.55 8.72 8.95 9.10 9.05 8.88 8.67 8.56 8.46 8.36 8.44 8.54 8.47 8.27 8.06 7.82 7.37 7.23 7.88 8.79 9.61 10.29 10.61 9.95 9.11 9.32 9.34 9.37 9.68 9.82 10.09 10.39 10.36 9.42 8.88 9.80 10.24 9.70 9.02 8.56 8.73 9.00 9.33 9.93 10.39 10.27 10.32 11.20 11.01 9.82 9.80 10.34 10.41 10.56 10.57 9.66 7.84 6.47 6.52 6.82 6.11 5.01 5.29 6.81 8.34 9.01 8.96 8.52 7.61
9.06 9.02 8.89 8.83 8.85 8.86 8.88 8.89 8.82 8.60 8.58 8.76 8.69 8.52 8.54 8.60 8.69 8.88 8.90 8.73 8.56 8.46 8.39 8.27 8.25 8.36 8.36 8.19 8.02 7.68 7.02 6.73 7.71 9.13 9.69 10.17 10.73 10.19 9.16 9.10 9.23 9.43 9.81 10.18 10.56 10.59 10.31 9.66 9.21 9.64 10.24 10.06 9.57 8.91 8.49 8.59 8.94 9.38 9.98 10.39 10.31 11.44 11.81 10.30 10.20 10.62 10.31 10.70 10.64 8.93 7.17 6.53 6.83 7.29 6.25 4.50 4.52 6.30 8.24 9.42 9.38 8.45 7.82
9.10 9.01 8.90 8.91 8.92 8.87 8.86 8.89 8.87 8.76 8.64 8.71 8.76 8.58 8.50 8.52 8.55 8.73 8.78 8.59 8.45 8.38 8.30 8.11 8.04 8.17 8.18 8.10 8.00 7.66 6.88 6.42 7.68 9.28 9.69 10.00 10.44 10.21 9.40 8.97 9.07 9.42 9.98 10.57 10.91 10.84 10.44 9.84 9.43 9.55 10.26 10.23 9.82 9.35 8.71 8.50 8.77 8.94 8.90 9.89 10.62 11.79 12.38 11.13 10.97 10.94 10.28 10.35 9.77 8.18 7.07 6.79 7.44 7.99 6.60 4.38 3.71 5.35 7.60 9.38 9.83 8.90 8.54
9.10 8.99 8.94 9.01 8.96 8.86 8.84 8.86 8.93 8.93 8.73 8.61 8.70 8.65 8.51 8.47 8.47 8.59 8.65 8.44 8.33 8.29 8.15 7.93 7.87 7.96 7.93 8.01 8.12 7.82 6.98 6.49 7.65 9.08 9.66 10.04 10.05 9.91 9.65 9.11 8.93 9.30 9.90 10.72 11.45 11.18 10.28 9.97 9.64 9.57 10.31 10.31 9.91 9.79 9.16 8.56 8.76 8.67 7.95 8.91 10.68 12.19 13.12 12.67 11.82 10.61 9.63 9.30 8.60 7.89 7.36 7.26 8.20 8.53 6.91 4.42 3.34 4.70 6.50 8.23 9.62 9.57 9.32
9.11 9.02 8.98 9.05 8.98 8.86 8.81 8.87 9.03 9.04 8.81 8.55 8.56 8.68 8.55 8.45 8.44 8.48 8.50 8.31 8.19 8.17 7.97 7.74 7.67 7.66 7.62 8.02 8.59 8.20 7.21 6.82 7.42 8.52 9.42 9.94 9.96 9.92 9.79 9.29 8.90 9.06 9.62 10.90 11.98 11.02 9.94 10.17 10.04 9.85 10.28 10.37 10.18 10.05 9.47 8.76 8.73 8.42 7.54 8.09 10.24 12.61 14.17 13.89 11.67 9.47 8.51 8.02 7.81 7.87 7.74 8.02 9.09 8.69 6.45 4.44 3.87 4.71 5.64 6.68 8.46 9.47 9.53
9.14 9.07 9.01 9.03 9.00 8.87 8.79 8.95 9.14 9.05 8.82 8.58 8.53 8.61 8.52 8.44 8.44 8.39 8.35 8.21 8.05 7.99 7.80 7.53 7.37 7.18 7.26 8.21 9.32 8.81 7.54 7.22 7.41 7.87 8.81 9.46 9.90 10.49 10.23 9.35 8.93 8.92 9.54 11.22 11.76 10.35 9.99 10.46 10.40 10.31 10.34 10.56 10.57 10.20 9.65 8.88 8.37 8.11 7.76 8.04 10.11 13.40 14.96 13.56 10.63 8.58 7.54 7.06 7.53 8.24 8.68 9.37 9.51 7.96 5.66 4.48 5.17 5.58 5.20 5.49 7.09 8.43 8.81
9.15 9.11 9.05 9.03 9.02 8.87 8.81 9.06 9.19 8.99 8.79 8.67 8.61 8.52 8.43 8.44 8.41 8.31 8.23 8.10 7.95 7.82 7.61 7.29 6.98 6.52 6.74 8.49 9.94 9.44 8.21 7.82 7.74 7.50 7.86 8.49 9.43 11.11 11.10 9.58 8.94 9.16 9.83 11.11 10.97 9.63 10.11 10.91 10.82 10.51 10.33 10.88 10.99 10.60 9.96 8.39 7.42 7.95 8.47 8.99 11.68 14.86 14.56 11.85 9.67 8.34 7.12 6.61 7.43 8.98 10.44 10.55 8.97 6.98 4.78 4.08 6.10 7.13 5.64 5.01 6.07 7.07 7.53
9.11 9.13 9.10 9.05 9.03 8.90 8.89 9.15 9.14 8.89 8.79 8.75 8.67 8.50 8.39 8.42 8.35 8.21 8.10 8.01 7.90 7.71 7.41 6.99 6.51 5.85 6.14 8.37 10.07 9.82 9.26 8.90 8.32 7.64 7.30 7.34 8.48 11.14 11.93 10.07 8.93 9.69 10.09 10.43 10.18 9.07 9.71 11.04 11.49 10.63 9.95 11.04 11.51 11.34 10.25 7.12 6.05 8.05 9.64 10.79 13.63 15.22 12.84 9.75 8.64 8.05 6.95 6.57 7.64 9.83 11.79 10.82 8.19 6.17 4.11 3.48 5.98 8.45 7.18 5.21 5.32 5.87 6.53
9.08 9.13 9.15 9.09 9.05 8.95 9.00 9.18 9.03 8.81 8.81 8.78 8.71 8.58 8.42 8.36 8.28 8.10 7.97 7.97 7.86 7.61 7.21 6.69 6.05 5.35 5.78 7.86 9.47 9.78 10.21 10.33 9.21 8.23 7.59 7.01 7.84 10.57 12.28 10.51 9.28 10.15 9.97 9.90 9.53 8.62 9.07 10.49 11.99 11.17 9.55 10.81 12.00 12.03 10.38 6.10 4.96 8.21 11.12 12.72 14.38 14.13 11.31 8.53 7.71 7.49 6.58 6.59 8.46 10.84 12.14 10.59 7.84 5.79 3.90 3.35 5.22 8.73 8.75 6.27 5.15 5.07 5.94
9.09 9.12 9.14 9.14 9.12 9.04 9.08 9.12 8.95 8.80 8.79 8.79 8.74 8.65 8.50 8.31 8.21 8.04 7.89 7.92 7.78 7.48 7.05 6.51 5.80 5.14 5.63 7.14 8.20 8.90 10.41 11.57 10.64 9.60 8.76 7.34 7.38 10.17 12.29 10.77 9.83 10.15 9.52 9.76 9.05 8.13 8.75 9.78 11.74 11.52 9.64 10.54 12.08 12.39 10.65 6.50 5.01 8.25 12.26 14.59 14.38 12.19 10.11 8.43 7.47 7.09 6.16 6.69 9.80 11.92 11.86 9.84 7.58 5.91 4.20 3.82 5.35 8.20 9.57 8.06 5.75 4.71 5.37
9.16 9.12 9.07 9.14 9.24 9.19 9.08 9.01 8.93 8.81 8.76 8.80 8.77 8.69 8.57 8.33 8.17 7.99 7.85 7.85 7.68 7.33 6.95 6.46 5.77 5.32 5.61 6.37 6.86 7.49 9.43 11.65 11.99 11.69 10.17 7.28 7.01 10.00 12.17 10.94 9.98 9.75 9.00 9.56 8.96 7.99 8.77 9.85 11.23 11.00 9.84 10.48 11.66 12.58 11.27 7.42 6.27 8.91 12.88 15.73 13.86 9.97 8.80 8.61 8.01 7.15 5.96 6.88 10.90 12.89 11.17 8.49 7.23 6.13 4.61 4.50 5.35 7.41 9.75 9.57 6.83 4.69 4.87
9.28 9.14 8.97 9.09 9.42 9.35 8.99 8.92 8.94 8.83 8.76 8.79 8.78 8.72 8.63 8.39 8.14 7.95 7.80 7.77 7.62 7.22 6.88 6.48 5.93 5.59 5.55 5.68 5.79 6.57 8.73 11.12 12.49 13.28 11.14 6.79 6.74 10.35 11.97 10.75 9.84 9.15 8.56 9.20 8.92 8.24 9.21 10.40 10.64 10.13 9.85 10.27 10.88 12.34 11.62 8.18 8.00 10.53 13.59 16.02 13.46 8.65 7.58 8.64 9.09 7.76 6.01 7.03 11.43 13.27 10.20 7.61 7.17 6.18 4.72 4.60 5.12 6.81 9.54 10.48 8.07 5.11 4.77
9.32 9.17 8.89 9.09 9.61 9.37 8.91 8.91 8.94 8.85 8.74 8.79 8.82 8.75 8.65 8.40 8.13 7.99 7.83 7.73 7.59 7.20 6.78 6.53 6.25 5.76 5.46 5.13 4.85 5.96 8.83 11.25 12.57 14.01 11.91 6.86 6.83 10.71 11.39 9.92 9.55 8.78 8.36 8.98 8.78 8.58 9.79 10.50 9.87 9.84 10.00 9.94 10.16 11.40 11.34 8.91 9.01 11.85 14.59 15.83 12.60 7.81 6.56 8.52 10.36 8.93 6.42 7.09 11.28 13.07 9.95 7.75 7.47 6.04 4.54 4.34 4.77 6.35 9.10 10.82 8.92 6.00 5.44
9.23 9.15 8.93 9.24 9.69 9.28 8.89 8.90 8.95 8.88 8.73 8.81 8.83 8.74 8.65 8.37 8.16 8.09 7.92 7.72 7.57 7.25 6.76 6.59 6.51 5.90 5.38 4.74 4.31 5.67 8.68 11.17 12.12 13.96 13.30 7.99 7.00 10.29 10.54 9.18 9.28 8.71 8.38 8.96 8.75 9.02 10.08 10.00 9.47 9.94 10.17 9.88 9.89 10.28 10.52 9.54 9.43 11.73 14.84 15.94 12.68 7.54 5.54 7.90 11.14 10.54 7.70 7.23 10.12 12.45 10.51 8.38 7.58 5.78 4.44 4.18 4.46 5.77 8.41 10.50 9.64 7.48 6.78
9.09 9.06 9.07 9.49 9.67 9.20 8.88 8.87 9.00 8.94 8.78 8.81 8.80 8.72 8.61 8.38 8.24 8.19 7.98 7.74 7.62 7.35 6.90 6.71 6.54 5.98 5.31 4.62 4.35 5.62 8.36 10.55 11.51 13.36 14.15 10.18 7.15 9.09 9.73 8.85 8.98 8.72 8.59 8.95 9.05 9.54 9.84 9.48 9.58 10.06 10.10 10.00 9.92 9.66 9.81 10.09 10.20 11.02 13.48 15.89 13.93 8.38 5.01 6.64 10.91 11.95 9.90 8.24 9.55 11.63 10.44 8.62 7.53 5.81 4.68 4.27 4.32 5.35 7.15 9.20 9.93 9.09 8.44
8.98 8.99 9.19 9.66 9.65 9.14 8.84 8.86 9.04 9.01 8.85 8.78 8.77 8.71 8.58 8.43 8.32 8.24 8.00 7.80 7.73 7.47 7.12 6.84 6.47 5.98 5.31 4.71 4.55 5.86 8.31 9.86 11.13 12.96 13.98 11.38 7.84 8.00 9.00 8.70 8.62 8.79 8.98 9.07 9.53 10.07 9.46 9.30 9.83 10.02 9.97 10.04 10.02 9.63 9.78 10.41 10.76 10.79 11.92 14.97 14.77 9.66 5.29 5.51 9.47 12.38 12.08 10.34 10.50 10.77 9.06 8.23 7.62 6.15 5.20 4.51 4.30 5.23 6.16 7.20 8.70 9.30 9.65
8.97 9.02 9.29 9.67 9.57 9.10 8.88 8.91 9.04 9.07 8.92 8.80 8.75 8.68 8.60 8.49 8.37 8.26 8.07 7.92 7.82 7.59 7.28 6.96 6.53 6.02 5.40 4.68 4.75 6.66 8.75 9.70 11.03 12.52 12.98 11.30 8.80 7.99 8.67 8.77 8.44 8.78 9.35 9.43 9.90 10.29 9.44 9.42 9.91 9.80 9.96 10.00 9.95 9.96 10.07 10.37 10.71 10.90 11.41 13.82 14.74 10.80 6.26 5.15 7.48 11.44 13.41 12.84 11.45 9.23 7.42 7.77 7.75 6.63 5.59 4.66 4.27 5.02 6.09 6.59 6.94 7.87 9.41
