windninja/windninja_output/Output_2025-10-23_1100-1150_Google earth_Fire_150m_10min/merlingen_7.5mi_point_10-23-2025_1130_150m_ang.asc
ncols	158
nrows	163
xllcorner	391686.332397
yllcorner	5160024.123721
cellsize	150.000000
NODATA_value	-32768.000000
[rows 0 to 41 of 163, columns 0 to 93 of 158]
240 239 237 234 233 234 232 228 227 228 226 221 216 216 221 230 239 243 244 250 248 231 223 225 230 235 234 230 229 229 230 231 233 233 232 237 242 244 245 243 239 239 240 242 244 247 251 252 246 240 237 235 235 236 237 237 237 238 240 240 238 236 236 234 232 230 231 235 240 242 241 240 238 236 236 237 238 241 243 243 241 238 238 241 243 242 238 237 238 236 234 235 234 232
239 239 237 235 235 235 232 231 232 231 227 220 214 215 222 229 235 237 240 243 240 228 224 226 230 233 232 230 231 231 232 233 233 233 234 237 239 240 240 239 238 238 238 240 242 243 244 246 244 242 240 239 239 239 238 238 237 238 239 240 239 237 237 235 234 233 234 237 240 242 241 239 238 237 238 238 238 240 242 241 239 238 239 241 242 242 239 238 238 237 237 238 236 235
235 237 236 235 236 234 231 232 234 232 224 214 210 215 223 229 231 231 234 236 232 226 224 227 231 231 230 230 232 233 234 235 235 235 236 237 236 235 236 235 236 237 237 239 239 238 238 238 238 240 241 241 240 240 239 238 238 238 238 238 238 237 237 237 236 236 238 240 241 241 239 238 239 239 240 238 237 240 241 239 236 237 240 240 240 242 238 236 237 238 240 241 239 238
230 233 233 232 234 231 229 229 228 225 218 209 209 216 224 231 232 232 232 233 231 228 224 225 229 229 228 228 228 229 231 234 235 237 236 236 236 236 236 235 235 235 236 238 238 237 237 236 234 234 235 235 236 237 237 238 239 239 239 238 238 237 237 237 237 237 238 241 243 241 238 239 241 241 241 240 239 241 241 238 233 236 239 238 241 242 236 234 234 234 236 239 238 236
226 230 231 230 231 229 227 229 227 223 216 209 209 216 227 233 235 234 234 233 233 231 227 223 227 227 226 224 223 224 226 229 232 234 234 234 235 236 236 235 234 233 235 236 235 235 235 235 234 234 233 234 235 236 237 238 240 240 240 240 239 238 237 238 238 238 239 242 243 241 239 240 242 242 241 242 244 245 242 238 235 237 240 239 241 243 239 235 235 232 232 234 235 234
229 231 231 229 230 229 229 231 229 224 218 213 210 219 231 235 236 236 236 236 236 236 233 226 227 229 227 225 224 223 224 226 229 229 230 231 232 233 233 233 232 233 235 236 236 236 236 235 235 234 233 234 236 237 239 239 240 241 240 240 239 238 237 238 238 239 239 242 243 240 238 241 243 242 239 240 243 245 243 238 238 241 243 242 242 243 242 242 243 238 235 234 233 231
232 233 233 232 231 230 231 232 229 224 220 215 213 222 234 237 237 235 234 235 236 238 236 231 230 232 231 229 228 226 226 228 229 228 228 229 230 231 231 232 232 234 237 238 238 238 238 237 236 235 233 234 235 237 239 241 241 241 241 240 239 236 235 237 238 238 239 242 243 238 236 239 241 239 237 238 240 242 238 236 239 243 244 243 243 244 245 247 251 251 248 244 240 237
231 232 234 235 235 235 234 233 229 226 222 217 215 223 234 237 236 235 234 233 235 236 236 233 232 232 233 233 230 229 231 233 232 231 232 232 232 232 233 234 235 237 238 239 240 240 239 239 237 235 235 236 236 236 239 241 242 242 241 240 238 235 233 234 236 237 240 242 242 238 237 239 239 237 237 238 241 240 235 234 242 245 243 242 242 243 244 246 249 254 257 256 253 249
230 232 234 236 238 239 238 234 231 228 225 221 217 222 233 236 235 235 235 234 235 236 235 232 229 227 230 233 231 232 236 237 235 235 237 238 237 237 237 238 239 240 241 241 241 241 240 240 239 236 236 238 237 237 241 242 242 242 241 241 240 238 236 236 236 238 241 242 240 238 240 243 241 239 238 240 242 239 234 237 245 248 245 242 240 240 240 241 242 242 245 248 250 249
231 232 234 234 235 236 236 234 232 230 227 225 221 225 233 236 236 236 235 234 235 235 234 231 227 224 226 231 231 234 238 238 236 238 240 240 239 239 239 240 241 241 242 242 243 242 241 242 241 238 239 241 239 241 244 245 244 244 243 242 243 243 243 242 243 244 244 242 239 237 241 244 244 241 240 241 242 240 236 239 244 246 247 245 245 243 242 242 240 235 235 239 243 243
231 232 234 234 233 234 234 233 232 230 229 228 225 227 235 238 238 238 236 236 235 234 233 230 227 224 222 227 231 234 239 239 239 242 243 241 240 240 240 241 241 241 242 242 244 244 244 244 243 242 245 246 244 247 250 249 249 249 248 247 248 250 250 251 254 253 250 246 240 239 243 244 243 241 240 241 244 244 242 242 242 243 243 246 250 250 249 250 246 238 238 243 245 242
231 232 233 233 233 233 233 232 232 231 230 230 228 229 236 241 241 239 239 239 239 237 235 232 228 225 222 227 234 238 241 242 243 245 245 244 242 242 242 242 242 242 242 241 242 244 244 246 247 249 254 255 255 257 258 257 255 254 253 253 255 257 260 265 267 264 259 252 245 245 246 244 243 240 238 238 240 242 244 244 243 241 240 242 247 248 249 252 248 239 243 248 248 245
231 232 233 233 232 233 233 233 233 232 232 231 230 230 238 245 245 243 241 241 241 240 238 235 232 229 228 232 237 241 242 244 245 246 245 245 245 245 244 243 243 243 242 240 242 242 241 243 248 254 258 261 262 264 266 266 262 257 254 255 259 263 268 276 278 275 270 264 258 254 250 246 244 242 238 237 237 239 240 240 242 243 242 243 245 243 246 249 244 236 244 249 248 247
232 232 232 233 232 233 233 233 233 233 233 232 230 231 238 247 251 250 246 244 243 242 241 239 236 233 231 234 237 239 243 246 247 246 244 245 246 246 246 245 245 245 245 246 247 247 243 241 245 251 256 259 260 262 267 270 269 262 254 252 257 262 266 272 277 278 277 279 281 272 258 252 250 246 243 242 244 244 242 241 244 246 246 247 246 243 247 248 243 240 247 251 250 250
232 232 232 233 233 233 233 233 233 233 233 233 231 229 235 244 249 251 250 248 246 244 242 240 238 235 233 234 236 238 242 246 247 246 245 245 245 245 246 247 249 249 250 254 255 252 250 246 242 244 248 252 252 255 258 262 265 260 251 249 253 257 260 260 262 267 273 279 287 293 279 264 257 252 248 249 252 251 248 250 253 254 252 251 248 246 249 249 244 244 253 257 255 256
232 232 232 233 233 233 234 234 234 234 234 234 233 230 233 241 244 245 247 248 246 243 241 239 238 237 235 234 236 238 241 243 242 242 245 247 249 249 249 250 252 250 250 252 251 249 250 251 247 243 243 243 242 245 246 246 249 249 245 249 253 255 256 252 249 255 261 267 274 291 299 281 267 258 253 254 254 252 253 257 259 257 256 254 252 250 251 251 248 247 252 257 257 257
231 232 232 232 233 233 233 234 234 234 234 234 234 233 236 242 243 241 241 243 243 241 239 238 238 237 235 234 235 237 240 241 240 242 246 250 253 253 250 249 248 247 246 247 245 244 245 245 247 248 245 241 240 241 241 240 241 241 241 247 252 254 253 249 247 251 255 260 264 270 287 291 280 272 264 258 254 253 257 258 256 254 255 254 254 254 253 252 255 255 252 253 252 253
231 231 232 232 232 233 233 233 234 234 235 235 236 237 241 246 246 244 241 241 241 241 240 240 240 239 237 237 238 240 241 241 240 241 244 247 248 248 246 245 244 244 246 246 244 244 244 242 243 247 248 245 242 242 241 241 241 240 239 245 250 251 249 246 248 251 253 257 258 259 266 278 280 281 277 265 258 258 259 257 254 254 254 253 252 254 254 253 257 262 259 253 250 251
231 231 231 232 232 233 233 234 234 234 235 236 237 238 242 246 248 246 244 243 242 242 242 243 243 242 240 240 242 244 243 240 238 238 240 243 245 245 244 245 245 245 246 245 244 245 246 245 244 246 248 248 246 243 242 241 241 241 241 244 248 249 247 246 248 251 253 253 253 256 259 262 266 271 274 273 269 266 262 258 258 259 257 253 250 249 249 251 255 260 263 258 253 252
231 231 231 232 232 232 233 234 234 235 235 236 237 238 241 244 247 246 245 244 243 242 242 242 242 242 241 241 241 242 240 238 237 240 243 246 246 246 245 245 244 243 243 243 243 245 246 247 246 247 248 249 249 246 244 242 241 241 243 245 247 248 248 249 251 253 253 251 251 254 255 252 253 256 259 263 264 263 261 259 260 260 259 255 250 248 247 248 252 257 259 257 255 254
231 231 231 231 232 232 233 234 235 235 235 236 237 238 240 242 243 244 243 242 241 241 240 240 240 240 240 240 240 239 237 234 235 239 242 243 243 242 240 240 240 240 241 242 244 246 246 245 246 247 248 248 249 249 248 245 243 242 243 244 245 247 250 251 252 254 253 252 253 253 249 246 249 252 253 249 246 248 252 255 257 258 257 255 253 250 248 248 252 256 257 252 252 253
231 231 231 231 232 232 233 234 234 234 235 237 237 238 239 240 240 241 241 241 240 240 239 239 239 239 239 239 239 238 235 232 234 237 238 238 239 238 237 237 238 238 240 242 245 246 247 246 245 246 247 247 247 249 250 249 248 246 243 242 243 246 250 251 252 254 254 254 253 249 243 242 245 252 253 246 238 240 243 247 251 253 253 255 253 250 248 248 253 256 253 245 245 250
230 230 230 231 232 232 233 233 234 235 235 236 237 237 238 238 239 239 240 239 239 239 238 238 237 238 238 237 237 237 234 231 234 238 239 240 241 239 238 238 238 238 240 242 245 246 246 245 244 244 246 247 247 248 249 249 249 248 244 242 242 247 250 251 254 255 254 252 249 242 239 239 244 250 251 245 236 238 240 242 243 244 248 252 252 251 248 249 253 253 249 238 240 248
230 230 230 231 232 232 233 233 234 235 235 235 236 236 237 238 238 239 239 238 237 237 237 236 236 236 236 237 238 239 237 235 238 241 242 243 244 243 241 240 240 239 240 241 244 245 243 243 244 245 246 247 247 247 248 248 249 248 244 242 243 247 252 256 259 256 252 249 244 240 238 240 247 251 249 241 236 243 244 242 240 240 243 246 249 253 254 253 253 252 247 234 239 248
230 230 230 231 232 232 232 233 235 235 235 235 236 236 236 237 237 238 238 237 237 237 236 235 235 234 234 236 241 243 241 240 242 243 243 243 243 244 244 243 241 240 240 242 244 243 240 242 243 245 247 247 247 247 247 246 247 246 244 243 245 250 255 259 260 256 251 246 242 241 242 246 253 253 245 236 239 251 251 245 241 239 238 239 244 251 256 257 256 254 245 231 239 248
230 230 230 231 232 232 232 233 235 235 235 235 236 237 236 236 237 237 238 237 237 236 235 234 233 231 230 234 240 243 243 245 246 244 242 240 240 243 246 245 243 242 241 244 245 240 239 242 243 244 246 247 249 250 249 247 244 242 243 247 251 256 259 257 251 247 243 239 238 241 247 255 258 252 240 230 239 253 258 251 245 241 236 235 239 244 247 250 255 255 244 229 237 245
230 230 230 231 232 232 232 234 235 235 235 235 236 237 237 237 237 237 237 237 236 236 234 232 230 227 226 232 238 241 242 246 250 249 245 240 238 242 245 245 243 243 244 246 243 237 237 240 242 242 242 245 248 250 251 245 238 239 243 249 258 264 263 254 245 240 235 232 234 241 251 258 258 250 235 224 236 249 259 261 253 246 239 237 239 239 237 240 248 251 244 232 236 242
229 229 230 231 231 232 232 234 235 234 235 235 236 237 237 237 237 237 236 236 236 235 233 231 228 223 223 230 235 235 238 244 249 251 251 245 241 243 245 245 242 244 245 244 240 235 234 236 240 241 239 240 243 247 248 240 230 235 243 250 259 264 262 253 245 239 232 229 235 245 254 256 253 245 231 222 234 245 252 262 262 253 247 245 245 241 235 235 243 246 243 238 240 242
229 229 230 231 231 232 233 234 234 234 235 236 236 237 237 237 237 237 236 236 235 234 233 230 227 221 221 227 229 229 232 238 242 245 248 246 242 243 245 242 239 242 241 240 237 232 232 234 237 238 235 237 240 243 243 231 222 234 245 254 260 259 253 246 242 238 231 230 241 251 255 252 246 239 229 225 237 247 250 255 265 262 256 254 252 247 241 241 244 243 242 242 247 249
229 229 230 231 232 232 233 234 234 235 235 236 236 236 237 237 237 236 236 236 236 234 233 230 226 222 222 225 225 224 227 232 236 239 241 237 234 239 242 239 235 236 234 235 233 230 231 233 236 234 229 232 236 238 236 225 220 236 248 257 261 256 247 241 239 238 233 234 248 257 258 251 242 235 228 229 240 246 249 254 264 269 264 259 255 251 248 249 247 243 240 242 249 256
229 229 230 231 232 233 233 234 234 235 235 236 236 237 237 237 237 236 236 236 236 234 232 230 227 224 224 226 225 225 229 233 234 237 237 228 226 236 240 237 234 232 230 231 230 228 231 235 237 234 229 231 234 236 234 225 225 242 252 258 259 253 245 241 241 242 238 240 253 260 260 252 244 238 230 230 235 241 246 252 258 265 266 261 256 252 251 250 248 243 241 242 248 259
230 229 229 230 232 233 233 233 234 235 235 236 237 237 237 237 237 237 237 236 236 234 232 231 228 226 226 226 225 228 234 237 238 240 238 226 226 238 240 236 234 233 232 234 233 231 236 241 242 240 239 239 239 239 236 226 230 244 256 259 256 246 239 239 244 247 243 245 255 259 257 250 247 243 233 230 232 237 244 249 251 252 258 261 260 258 256 253 250 248 246 244 246 256
229 229 229 231 233 233 233 234 234 235 235 236 236 237 237 237 237 237 237 237 237 235 233 231 230 228 226 223 220 223 231 236 238 241 241 230 229 241 242 238 237 236 236 238 237 237 243 245 244 244 246 246 244 243 238 229 232 243 252 257 254 242 231 235 244 249 248 249 253 255 251 247 248 243 233 230 230 235 242 247 246 243 250 258 261 261 260 256 252 251 250 249 248 254
229 229 229 231 234 233 233 234 235 236 236 236 237 237 237 237 237 237 237 237 237 236 234 232 232 229 226 221 217 221 230 235 237 240 242 234 231 241 241 237 238 236 236 239 240 243 247 246 245 247 248 248 248 247 242 237 239 244 247 250 249 239 226 232 242 247 250 255 255 253 248 245 245 239 232 230 230 234 239 241 239 237 244 253 257 255 255 254 251 248 248 250 252 256
228 228 229 232 233 233 233 234 235 236 236 237 237 237 237 237 237 237 237 237 237 236 235 235 233 230 227 223 220 228 238 240 239 240 240 234 229 237 237 235 236 236 238 241 244 248 249 247 248 249 249 249 250 249 248 247 249 251 249 247 246 238 225 230 240 244 248 256 261 258 251 245 242 237 234 233 234 238 240 238 235 233 238 246 252 250 249 250 248 246 245 248 253 259
228 228 229 232 233 232 233 234 235 236 236 237 237 238 238 238 238 238 238 237 237 237 237 237 235 233 229 226 226 237 245 245 243 242 240 233 227 232 236 236 237 238 241 243 246 249 249 248 249 249 248 248 248 248 249 250 252 253 253 251 249 243 232 231 238 241 246 253 263 264 254 247 243 239 239 238 239 245 248 245 238 234 236 242 248 251 249 247 246 245 246 249 253 258
228 229 230 232 233 233 233 234 235 236 237 237 238 238 238 238 238 238 238 238 238 238 238 237 237 235 232 228 230 242 248 248 246 245 243 236 228 229 235 238 239 240 242 243 246 247 246 247 248 247 247 247 246 246 248 248 248 249 250 251 251 247 239 235 238 241 245 251 258 259 252 249 248 246 243 239 237 241 248 252 248 240 237 240 245 252 253 246 244 246 249 250 253 256
228 229 231 233 233 233 234 235 236 237 237 237 237 238 238 238 238 238 238 239 239 239 238 238 237 236 233 229 233 244 247 248 249 247 244 238 230 230 236 239 239 242 243 244 246 246 245 245 245 246 248 247 245 246 248 247 245 244 245 248 249 246 242 238 239 244 249 253 253 247 243 247 250 249 241 237 236 233 240 248 249 243 239 238 244 250 251 246 247 249 251 251 254 258
229 229 231 233 234 234 235 236 237 237 237 237 237 238 239 239 239 239 239 239 239 239 239 239 238 237 234 232 239 247 248 249 249 247 244 237 229 232 237 238 239 241 242 243 244 244 243 241 239 241 245 244 241 242 245 245 241 239 240 242 242 240 237 235 237 247 254 256 251 240 240 245 247 242 232 236 238 225 232 241 241 239 238 240 246 248 245 243 247 249 249 252 259 263
230 231 232 233 234 235 236 237 237 238 238 238 238 238 239 239 239 239 239 240 240 239 239 240 240 239 238 240 247 251 252 252 250 248 243 233 226 231 235 237 240 242 243 242 241 241 242 239 236 239 243 242 238 237 239 238 233 232 234 235 234 232 232 234 236 245 255 256 248 242 246 249 246 235 228 238 238 214 222 234 233 233 239 245 250 250 246 244 245 246 245 252 262 263
231 232 233 234 235 235 236 237 238 238 238 238 238 239 239 239 239 239 240 240 240 240 240 240 241 241 242 246 250 253 255 255 253 249 242 232 229 232 234 236 238 240 242 241 240 240 239 237 235 237 242 243 237 235 236 234 229 229 233 235 232 230 231 235 238 244 252 252 247 247 250 249 245 234 231 241 236 204 213 228 228 228 236 245 250 252 250 245 243 244 244 252 258 258
232 232 233 234 235 236 237 237 238 238 238 238 239 239 239 239 239 239 240 240 241 240 240 241 242 242 244 246 249 253 256 255 253 249 239 232 233 237 238 236 235 236 236 236 238 237 234 231 230 234 241 242 238 236 239 238 234 234 238 239 236 232 233 236 238 243 248 248 246 246 244 242 241 234 235 243 230 200 208 224 229 228 234 241 247 249 245 239 240 245 248 251 252 254
