windninja/windninja_output/Output_2025-10-23_1100-1150_Google earth_Fire_150m_10min/merlingen_7.5mi_point_10-23-2025_1100_150m_vel.asc
ncols	158
nrows	163
xllcorner	391686.332397
yllcorner	5160024.123721
cellsize	150.000000
NODATA_value	-32768.000000
[rows 111 to 147 of 163, columns 0 to 83 of 158]
2.65 3.06 3.82 4.28 4.44 4.48 4.47 4.59 4.70 4.73 5.02 5.25 4.76 4.63 5.31 5.42 3.85 2.07 2.84 4.83 6.47 6.60 4.62 3.26 3.11 3.45 4.08 4.95 7.09 9.13 8.79 7.15 6.34 7.51 9.37 8.59 6.79 5.76 4.49 3.19 3.03 3.58 3.74 3.22 2.96 2.83 2.50 2.20 2.13 2.17 2.27 2.43 2.73 3.27 3.63 3.59 3.71 4.30 4.61 4.16 3.88 4.33 4.67 4.47 4.30 4.45 4.35 3.75 3.26 3.05 3.12 3.85 4.66 4.80 4.80 4.90 4.81 4.73 4.67 4.51 4.35 4.35 3.99 3.35
2.62 3.00 3.66 4.07 4.23 4.25 4.29 4.42 4.53 4.47 4.76 5.49 5.17 4.60 5.25 5.47 3.61 1.50 2.10 4.20 6.22 7.14 5.36 3.00 2.87 3.72 3.87 4.11 5.29 7.63 8.98 8.07 6.77 7.83 9.50 8.72 6.92 5.34 3.63 3.01 2.95 3.22 3.65 3.60 3.04 2.61 2.26 2.06 2.05 2.06 2.05 2.02 2.25 2.92 3.44 3.40 3.41 3.96 4.48 4.27 3.84 3.96 4.35 4.42 4.32 4.44 4.57 4.19 3.54 3.13 3.15 3.70 4.38 4.70 4.83 4.97 4.86 4.68 4.81 4.86 4.67 4.48 4.02 3.47
2.73 2.97 3.41 3.80 4.06 4.06 4.03 4.15 4.30 4.25 4.50 5.52 5.54 4.66 5.13 5.49 3.54 1.15 1.45 3.23 5.32 7.15 6.45 3.54 2.99 4.23 4.30 4.27 4.38 5.38 7.63 8.63 8.20 8.78 9.68 8.36 6.31 4.66 3.29 2.82 2.58 2.93 3.83 4.01 3.03 2.21 1.97 1.94 1.95 1.96 1.90 1.74 1.88 2.54 3.15 3.24 3.18 3.55 4.20 4.30 3.90 3.72 4.08 4.36 4.16 4.24 4.50 4.44 4.11 3.54 3.32 3.70 4.18 4.44 4.76 5.04 4.95 4.68 4.72 4.96 5.14 4.78 3.99 3.52
2.60 2.87 3.30 3.62 3.93 4.01 3.90 3.86 3.83 3.94 4.37 5.32 5.38 4.67 5.21 5.69 3.77 1.12 0.74 2.18 4.02 6.33 6.97 5.01 4.27 4.74 4.70 4.38 4.36 4.45 5.42 7.76 9.25 9.87 9.50 7.48 5.65 4.56 3.39 2.60 2.45 3.10 4.04 4.10 2.95 2.01 1.89 1.90 1.86 1.86 1.80 1.65 1.63 2.09 2.79 3.09 3.02 3.19 3.78 4.16 3.93 3.57 3.85 4.36 4.11 3.95 4.24 4.41 4.38 4.03 3.67 3.86 4.19 4.19 4.49 5.05 5.12 4.83 4.54 4.76 5.38 5.18 4.15 3.61
2.17 2.65 3.32 3.58 3.76 3.87 3.90 3.74 3.55 3.77 4.46 5.04 4.68 4.37 5.44 6.18 4.22 1.33 0.51 1.33 2.87 4.71 6.17 6.30 5.69 5.00 4.50 4.33 4.88 4.33 4.03 6.24 9.12 10.45 9.36 7.09 5.32 4.31 3.44 2.63 2.62 3.47 4.05 3.89 3.04 2.22 1.90 1.70 1.67 1.70 1.67 1.60 1.47 1.65 2.38 2.87 2.92 2.96 3.36 3.89 3.83 3.48 3.67 4.23 4.17 3.76 3.92 4.25 4.37 4.21 3.98 4.07 4.37 4.31 4.20 4.74 5.22 5.11 4.57 4.48 5.30 5.43 4.45 3.73
1.69 2.36 3.18 3.49 3.61 3.61 3.67 3.71 3.78 4.14 4.82 4.61 3.68 3.68 5.45 6.73 4.65 1.35 0.61 1.00 2.20 3.39 4.52 5.86 6.25 5.51 4.40 4.33 5.40 4.51 3.40 4.92 7.92 10.18 9.51 7.00 5.05 3.75 3.38 3.09 3.07 3.68 3.77 3.61 3.19 2.27 1.60 1.35 1.46 1.55 1.53 1.50 1.38 1.33 1.87 2.56 2.84 2.83 3.05 3.55 3.60 3.38 3.57 4.05 4.11 3.68 3.70 4.05 4.25 4.22 4.10 4.17 4.56 4.79 4.41 4.41 4.90 5.25 4.87 4.46 5.10 5.50 4.53 3.70
1.36 2.06 2.92 3.33 3.51 3.42 3.26 3.46 4.05 4.73 5.14 4.15 2.77 2.90 5.27 7.02 4.98 1.53 0.96 1.39 2.01 2.89 3.60 4.62 5.65 5.84 4.81 4.58 5.76 4.70 3.37 3.97 6.04 8.95 9.25 6.81 4.65 3.29 3.31 3.59 3.51 3.55 3.43 3.45 3.28 2.28 1.48 1.33 1.44 1.53 1.48 1.36 1.27 1.13 1.36 2.20 2.73 2.76 2.86 3.23 3.33 3.19 3.44 3.90 3.95 3.58 3.56 3.85 4.05 4.12 4.08 4.11 4.47 5.03 5.15 4.73 4.53 4.95 5.12 4.81 5.13 5.46 4.45 3.48
1.18 1.73 2.65 3.20 3.40 3.26 2.99 3.25 4.05 4.78 5.28 4.13 2.34 2.47 4.66 6.89 5.94 2.43 1.47 1.81 2.07 2.63 3.22 3.77 4.48 5.18 4.83 4.91 5.65 5.14 4.07 3.92 5.00 7.76 8.45 7.08 5.22 3.54 3.57 3.86 3.55 3.35 3.29 3.36 3.25 2.56 1.74 1.48 1.46 1.46 1.35 1.13 1.08 0.99 1.01 1.82 2.53 2.70 2.74 3.02 3.14 2.99 3.21 3.68 3.74 3.50 3.46 3.69 3.90 4.01 3.98 3.93 4.15 4.80 5.50 5.46 4.75 4.68 5.04 5.10 5.36 5.41 4.40 3.38
1.03 1.44 2.36 3.15 3.29 3.05 3.00 3.35 4.04 4.41 5.00 4.53 2.47 2.34 3.84 6.12 6.70 3.91 1.87 1.90 2.13 2.46 2.97 3.57 4.10 4.40 4.39 4.58 5.15 5.29 5.21 4.98 5.77 7.28 7.44 7.04 6.13 4.55 4.16 4.12 3.78 3.54 3.46 3.45 3.28 2.82 2.06 1.60 1.39 1.23 1.08 0.84 0.85 0.85 0.80 1.44 2.27 2.61 2.66 2.89 3.04 2.89 3.00 3.32 3.35 3.34 3.32 3.44 3.78 4.00 3.90 3.72 3.79 4.27 5.15 5.77 5.49 5.02 5.07 5.22 5.43 5.39 4.52 3.60
0.86 1.21 2.13 3.16 3.31 2.91 3.14 3.60 4.10 4.00 4.34 4.78 3.01 2.18 3.12 5.23 6.79 5.29 2.52 1.88 2.11 2.40 2.88 3.51 4.02 4.25 4.30 4.36 4.83 5.49 5.96 5.83 6.04 6.54 6.54 6.47 6.01 5.30 4.49 4.05 4.20 4.15 4.00 3.82 3.51 3.05 2.44 1.83 1.32 1.07 0.92 0.69 0.65 0.72 0.65 1.09 2.01 2.50 2.57 2.79 3.00 2.81 2.85 3.03 2.90 3.09 3.13 2.94 3.35 3.90 3.88 3.60 3.53 3.76 4.42 5.31 5.85 5.75 5.53 5.49 5.44 5.35 4.65 3.90
0.66 1.01 1.92 2.94 3.32 3.08 3.44 4.03 4.30 3.68 3.76 5.01 3.65 2.01 2.57 4.50 6.52 5.97 3.36 1.96 1.96 2.34 2.83 3.40 4.00 4.23 4.19 4.34 5.28 6.23 6.27 6.06 6.02 5.92 6.18 6.05 5.44 5.39 4.27 3.46 3.86 4.29 4.58 4.23 3.76 3.35 2.85 2.15 1.38 1.06 0.85 0.61 0.49 0.57 0.53 0.82 1.82 2.39 2.47 2.71 2.88 2.62 2.63 2.82 2.76 3.09 3.24 2.71 2.70 3.40 3.68 3.54 3.48 3.45 3.66 4.33 5.33 6.05 6.21 6.03 5.73 5.48 4.82 4.18
0.46 0.91 1.74 2.38 2.97 3.30 3.82 4.53 4.74 3.68 3.53 5.21 4.15 1.98 2.06 3.48 5.89 6.30 3.93 2.28 1.94 2.32 2.74 3.22 3.95 4.11 4.09 4.62 5.96 6.69 5.99 5.83 5.91 5.40 5.83 5.82 5.03 5.22 4.28 3.03 3.02 3.73 4.77 4.72 3.98 3.54 3.07 2.23 1.52 1.18 0.92 0.66 0.34 0.41 0.43 0.67 1.61 2.24 2.36 2.60 2.62 2.41 2.49 2.66 2.78 3.34 3.65 3.04 2.59 2.72 3.12 3.31 3.42 3.35 3.18 3.36 4.15 5.35 6.25 6.55 6.40 6.00 5.18 4.50
0.32 0.85 1.60 1.82 2.28 2.97 3.60 4.47 5.19 4.44 4.01 5.56 4.47 1.83 1.69 2.76 4.73 6.16 4.97 3.22 2.56 2.47 2.67 3.15 3.75 3.93 3.98 4.88 6.70 6.87 5.39 5.24 5.48 4.96 5.38 5.60 4.70 4.87 4.69 3.08 2.46 2.99 4.26 5.07 4.53 3.78 3.15 2.22 1.56 1.25 1.08 0.80 0.23 0.26 0.28 0.51 1.34 2.07 2.24 2.32 2.34 2.33 2.46 2.56 2.70 3.35 3.83 3.58 2.89 2.43 2.56 2.98 3.19 3.19 2.99 2.80 3.04 4.00 5.24 6.18 6.75 6.81 5.95 4.89
0.37 0.86 1.47 1.50 1.83 2.60 3.13 3.83 4.98 4.89 5.02 5.88 3.99 1.70 1.64 2.43 3.56 5.11 5.62 4.59 3.56 3.04 2.80 3.11 3.50 3.66 3.98 5.60 7.58 6.47 4.34 4.56 5.05 4.67 4.94 5.35 4.53 4.34 4.61 3.41 2.39 2.38 3.22 4.77 5.17 4.30 3.36 2.39 1.55 1.30 1.21 0.92 0.32 0.14 0.11 0.34 1.07 1.88 2.18 1.97 2.01 2.35 2.49 2.51 2.74 3.24 3.62 3.80 3.52 2.60 2.35 2.77 2.99 2.92 2.85 2.61 2.46 2.93 3.92 4.82 5.84 6.98 6.94 5.60
0.46 0.92 1.38 1.35 1.62 2.31 2.80 3.31 4.39 4.66 5.31 6.22 4.37 1.94 1.79 2.28 2.79 3.52 4.68 5.33 5.19 4.22 3.41 3.21 3.57 3.97 5.16 7.38 7.22 4.79 3.15 3.94 4.76 4.38 4.43 5.07 4.46 3.91 4.24 3.63 2.54 2.06 2.35 3.87 5.17 4.87 3.77 2.55 1.62 1.35 1.26 0.98 0.49 0.20 0.15 0.27 0.93 1.74 2.21 1.90 1.86 2.33 2.46 2.46 2.78 3.17 3.34 3.59 3.78 3.33 2.70 2.82 3.02 2.86 2.74 2.57 2.37 2.44 2.96 3.61 4.24 5.88 7.13 6.59
0.45 0.89 1.37 1.28 1.47 2.04 2.59 3.13 3.80 4.15 4.88 6.26 5.56 2.87 2.36 2.37 2.32 2.58 3.32 4.50 5.35 5.50 4.39 3.80 4.76 5.90 6.44 6.54 4.84 2.83 2.36 3.38 4.49 4.12 3.99 4.71 4.44 3.72 3.69 3.50 2.73 2.01 1.94 2.97 4.64 5.10 4.17 2.82 1.82 1.41 1.28 0.99 0.58 0.36 0.28 0.26 0.75 1.55 2.14 2.04 1.97 2.25 2.34 2.40 2.74 3.08 3.19 3.32 3.58 3.65 3.46 3.37 3.30 3.02 2.81 2.65 2.47 2.37 2.57 2.96 3.37 4.48 6.02 6.65
0.37 0.83 1.38 1.23 1.32 1.81 2.47 3.14 3.38 3.59 4.09 5.47 6.01 4.77 3.74 2.71 2.01 2.28 2.97 3.75 4.87 5.73 5.35 4.69 5.07 5.63 5.09 3.75 2.72 2.02 1.89 2.81 4.06 4.03 3.87 4.32 4.31 3.76 3.27 3.16 2.80 2.11 1.86 2.34 3.84 4.96 4.35 2.98 2.02 1.53 1.34 1.06 0.63 0.46 0.38 0.30 0.61 1.39 2.01 2.07 2.04 2.17 2.23 2.35 2.67 2.94 3.06 3.14 3.31 3.49 3.77 3.97 3.76 3.35 3.06 2.88 2.56 2.45 2.63 2.73 2.96 3.71 4.58 5.47
0.31 0.76 1.36 1.24 1.22 1.66 2.39 3.04 3.14 3.08 3.24 4.17 5.37 5.72 5.18 3.37 2.31 2.61 3.46 5.18 5.84 5.53 5.16 4.47 4.35 4.31 3.60 2.71 2.04 1.69 1.74 2.41 3.41 3.75 3.91 4.17 4.15 3.72 3.10 2.94 2.76 2.33 2.05 2.11 3.09 4.52 4.43 3.01 2.12 1.70 1.37 1.07 0.71 0.56 0.46 0.37 0.60 1.29 1.88 2.01 2.02 2.10 2.17 2.34 2.59 2.82 2.91 2.99 3.14 3.29 3.67 4.22 4.30 3.80 3.38 3.19 2.78 2.62 2.79 2.86 2.97 3.25 3.66 4.26
0.31 0.70 1.32 1.28 1.19 1.64 2.28 2.83 2.94 2.76 2.72 3.17 3.99 4.96 5.48 5.07 3.69 3.67 5.34 6.69 5.58 4.15 4.16 4.18 4.25 4.23 3.52 2.51 1.86 1.65 1.77 2.08 2.58 3.03 3.62 4.28 4.28 3.58 3.04 2.92 2.77 2.55 2.34 2.26 2.67 3.76 4.14 3.14 2.31 1.91 1.45 1.09 0.76 0.64 0.53 0.42 0.65 1.24 1.76 1.92 1.95 2.01 2.12 2.29 2.52 2.70 2.77 2.85 2.99 3.16 3.51 4.13 4.58 4.37 3.84 3.61 3.23 2.76 2.80 3.04 3.18 3.18 3.17 3.44
0.29 0.66 1.32 1.33 1.21 1.70 2.32 2.69 2.78 2.64 2.57 2.64 2.90 3.52 4.46 5.40 5.61 5.96 6.57 5.75 3.69 2.89 3.18 3.87 4.45 4.40 3.41 2.40 1.99 1.78 1.74 1.73 1.84 2.22 2.81 3.86 4.49 3.92 3.12 2.95 2.84 2.69 2.62 2.55 2.60 2.98 3.41 2.98 2.50 2.07 1.51 1.16 0.84 0.69 0.55 0.44 0.65 1.18 1.66 1.86 1.87 1.92 2.06 2.23 2.42 2.58 2.67 2.73 2.83 3.03 3.38 3.93 4.47 4.69 4.49 4.24 3.77 3.00 2.91 3.20 3.28 3.27 3.09 2.92
0.26 0.59 1.29 1.44 1.31 1.76 2.28 2.62 2.82 2.69 2.50 2.38 2.44 2.88 3.59 4.70 6.54 7.37 6.10 3.75 2.77 2.53 2.58 3.09 4.25 4.54 3.11 2.39 2.24 1.89 1.70 1.58 1.49 1.64 2.10 2.94 3.99 4.27 3.60 3.11 3.00 2.85 2.80 2.76 2.53 2.31 2.32 2.41 2.47 2.11 1.50 1.17 0.92 0.73 0.60 0.49 0.61 1.10 1.57 1.78 1.83 1.86 1.95 2.15 2.31 2.45 2.59 2.61 2.66 2.83 3.24 3.77 4.17 4.61 4.86 4.89 4.45 3.42 3.09 3.40 3.57 3.38 2.95 2.67
0.28 0.53 1.10 1.47 1.60 1.84 2.03 2.39 2.94 2.87 2.41 2.23 2.30 2.70 3.50 4.51 6.83 7.69 5.32 3.17 2.61 2.32 2.27 2.52 3.59 4.42 3.58 2.56 2.35 1.99 1.72 1.55 1.29 1.29 1.75 2.32 3.06 3.83 3.84 3.55 3.35 3.03 2.89 2.84 2.40 1.67 1.42 1.73 2.15 1.99 1.44 1.16 0.94 0.76 0.65 0.56 0.62 1.04 1.48 1.68 1.79 1.90 1.85 2.01 2.22 2.32 2.49 2.51 2.49 2.63 3.06 3.55 3.88 4.43 4.91 5.19 5.16 3.99 3.24 3.70 3.88 3.34 2.76 2.59
0.32 0.53 0.95 1.39 1.87 1.94 1.79 2.00 2.78 3.14 2.62 2.22 2.29 2.86 3.62 4.88 7.04 7.23 5.42 3.47 2.58 2.20 2.12 2.25 2.80 3.78 3.92 3.04 2.41 2.02 1.75 1.57 1.25 1.26 1.65 2.07 2.57 3.10 3.39 3.69 3.71 3.21 2.94 2.88 2.30 1.46 1.15 1.29 1.69 1.70 1.34 1.08 0.91 0.77 0.68 0.62 0.67 1.01 1.39 1.59 1.79 1.94 1.83 1.90 2.14 2.24 2.39 2.45 2.34 2.45 2.86 3.27 3.55 4.14 4.88 5.47 5.68 4.49 3.45 3.87 4.09 3.28 2.54 2.42
0.37 0.61 0.92 1.33 1.91 1.96 1.73 1.86 2.26 2.99 3.05 2.40 2.54 3.25 4.45 6.45 7.15 6.30 4.99 3.94 2.87 2.01 1.86 1.89 1.94 2.64 3.64 3.67 2.84 2.15 1.83 1.65 1.43 1.40 1.60 1.87 2.25 2.54 2.90 3.55 3.81 3.37 3.02 2.80 2.13 1.62 1.29 1.11 1.29 1.45 1.28 1.03 0.87 0.77 0.68 0.63 0.70 1.01 1.31 1.52 1.76 1.87 1.81 1.86 2.07 2.22 2.34 2.44 2.37 2.31 2.56 2.95 3.25 3.61 4.58 5.73 6.17 5.11 3.79 3.88 4.12 3.45 2.45 2.12
0.41 0.69 1.00 1.33 1.81 1.94 1.83 1.94 2.06 2.56 3.01 2.73 2.75 3.88 6.31 7.30 6.27 5.09 4.29 3.89 3.28 2.09 1.61 1.52 1.36 1.69 2.71 3.62 3.47 2.57 1.95 1.76 1.66 1.52 1.54 1.70 1.88 2.09 2.70 3.47 3.64 3.36 3.07 2.53 2.02 1.78 1.45 1.10 1.10 1.28 1.22 1.03 0.87 0.77 0.67 0.61 0.72 1.02 1.26 1.46 1.66 1.75 1.77 1.83 1.99 2.20 2.29 2.49 2.66 2.44 2.31 2.57 2.89 3.13 3.98 5.44 6.38 6.00 4.43 3.99 3.96 3.41 2.71 2.27
0.34 0.71 1.17 1.33 1.72 1.90 1.91 1.97 2.07 2.39 2.73 2.85 2.83 4.44 7.23 6.72 4.82 4.24 3.71 3.51 3.21 2.34 1.67 1.41 1.18 1.27 1.92 2.95 3.51 3.08 2.26 1.90 1.86 1.70 1.58 1.62 1.60 1.77 2.64 3.45 3.33 3.16 2.97 2.21 1.89 1.78 1.51 1.12 1.02 1.14 1.13 1.00 0.88 0.77 0.66 0.59 0.72 1.03 1.23 1.40 1.54 1.62 1.70 1.77 1.91 2.14 2.26 2.52 2.99 2.88 2.41 2.29 2.48 2.62 3.24 4.69 6.09 6.47 5.66 4.53 3.88 3.32 2.93 2.78
0.18 0.55 1.21 1.42 1.75 1.92 1.86 1.88 2.06 2.36 2.58 2.84 3.02 5.05 7.26 5.93 4.25 3.68 3.12 3.04 2.91 2.33 1.78 1.49 1.15 1.05 1.45 2.34 3.13 3.16 2.57 2.13 2.02 1.90 1.75 1.57 1.42 1.55 2.53 3.38 3.07 2.77 2.56 2.06 1.79 1.69 1.47 1.12 1.00 1.05 1.03 0.95 0.86 0.76 0.65 0.59 0.74 1.05 1.18 1.29 1.42 1.51 1.64 1.68 1.80 2.06 2.26 2.55 3.13 3.38 2.85 2.36 2.35 2.36 2.38 3.44 5.21 6.23 6.38 5.91 4.57 3.42 3.15 3.20
0.05 0.36 0.94 1.43 1.91 1.98 1.78 1.76 1.99 2.33 2.68 3.03 3.68 6.21 7.07 5.28 3.87 3.16 2.60 2.68 2.71 2.25 1.81 1.55 1.20 1.02 1.23 1.96 2.62 2.78 2.67 2.47 2.20 2.01 1.92 1.62 1.31 1.45 2.37 3.20 2.86 2.24 2.08 1.87 1.66 1.60 1.43 1.12 0.99 1.00 0.97 0.91 0.83 0.74 0.65 0.62 0.79 1.01 1.10 1.19 1.29 1.40 1.55 1.59 1.70 1.96 2.26 2.62 3.12 3.59 3.50 2.85 2.52 2.40 2.22 2.43 3.88 5.23 5.96 6.58 6.00 4.02 3.67 3.45
0.24 0.37 0.65 1.23 1.89 2.06 1.87 1.85 2.02 2.30 2.78 3.54 5.35 7.11 6.31 4.23 3.37 2.91 2.55 2.61 2.64 2.23 1.80 1.50 1.23 1.10 1.21 1.64 2.09 2.16 2.26 2.57 2.50 2.13 2.04 1.71 1.37 1.60 2.29 2.86 2.46 1.86 1.76 1.63 1.49 1.48 1.36 1.12 1.00 0.97 0.93 0.87 0.79 0.73 0.70 0.70 0.81 0.93 1.02 1.10 1.16 1.30 1.40 1.45 1.64 1.94 2.26 2.69 3.11 3.53 3.88 3.67 2.93 2.48 2.30 2.24 2.84 4.09 4.86 6.05 6.55 5.41 4.53 3.55
0.38 0.43 0.70 1.12 1.49 1.88 2.15 2.14 2.13 2.57 3.07 4.29 6.85 6.84 4.40 3.13 2.93 2.66 2.35 2.58 2.76 2.33 1.82 1.50 1.27 1.20 1.22 1.38 1.65 1.66 1.71 2.27 2.56 2.38 2.22 1.84 1.52 1.70 2.04 2.25 1.99 1.71 1.61 1.44 1.33 1.33 1.24 1.08 0.99 0.95 0.90 0.84 0.73 0.71 0.77 0.78 0.78 0.84 0.95 1.02 1.08 1.21 1.23 1.23 1.51 1.94 2.31 2.72 3.10 3.51 3.99 4.18 3.57 2.72 2.41 2.13 2.23 3.28 4.10 5.14 6.33 6.18 4.96 3.61
0.32 0.59 1.01 1.10 1.15 1.48 2.18 2.33 2.42 3.26 3.87 5.78 7.14 5.08 2.87 2.57 2.46 2.34 2.02 2.19 2.61 2.51 2.06 1.65 1.39 1.27 1.22 1.20 1.32 1.38 1.46 1.87 2.24 2.43 2.43 2.01 1.61 1.61 1.60 1.57 1.59 1.56 1.49 1.32 1.22 1.19 1.11 1.02 0.97 0.94 0.90 0.85 0.75 0.72 0.80 0.76 0.72 0.77 0.87 0.95 1.03 1.13 1.07 1.00 1.24 1.76 2.26 2.68 3.09 3.61 4.02 4.37 4.28 3.43 2.59 1.82 1.77 2.84 3.87 4.77 6.14 6.41 5.03 3.69
0.24 0.68 1.33 1.17 1.16 1.52 1.96 2.25 2.82 3.62 4.74 6.88 6.56 3.27 2.29 2.26 2.17 2.23 2.05 1.90 2.04 2.22 2.16 1.97 1.69 1.42 1.22 1.08 1.13 1.24 1.37 1.60 1.88 2.24 2.48 2.17 1.65 1.47 1.32 1.20 1.32 1.43 1.36 1.24 1.14 1.08 1.02 0.96 0.94 0.91 0.89 0.93 0.93 0.81 0.76 0.66 0.63 0.71 0.78 0.89 1.00 1.04 0.96 0.86 1.00 1.42 1.90 2.33 2.88 3.54 4.00 4.35 4.79 4.42 2.68 1.44 1.50 2.74 4.11 5.21 5.93 6.08 5.36 3.99
0.19 0.57 1.45 1.46 1.38 1.63 1.97 2.31 2.95 3.46 5.29 6.66 4.91 2.70 2.22 2.06 2.06 2.24 2.12 1.68 1.54 1.67 1.86 1.98 1.84 1.61 1.42 1.22 1.12 1.20 1.35 1.53 1.69 1.94 2.35 2.22 1.67 1.35 1.19 1.11 1.18 1.29 1.25 1.16 1.07 1.00 0.95 0.91 0.89 0.88 0.89 1.03 1.13 1.00 0.78 0.54 0.52 0.66 0.71 0.82 0.94 0.98 0.92 0.86 0.97 1.27 1.57 1.85 2.27 2.99 3.69 4.23 5.02 4.97 3.14 1.45 1.57 2.62 4.46 5.58 5.16 5.37 5.68 4.22
0.15 0.45 1.27 1.70 1.65 1.76 2.12 2.52 2.98 3.16 4.77 6.55 4.73 2.64 2.21 1.94 2.01 2.25 2.00 1.41 1.31 1.41 1.54 1.72 1.68 1.51 1.42 1.40 1.30 1.23 1.32 1.51 1.50 1.63 2.12 2.07 1.58 1.27 1.11 1.08 1.11 1.16 1.13 1.06 1.00 0.94 0.90 0.87 0.84 0.87 0.95 1.11 1.25 1.19 0.82 0.46 0.45 0.58 0.67 0.78 0.86 0.90 0.93 0.92 0.97 1.27 1.59 1.72 1.88 2.23 2.93 3.96 5.07 5.22 3.76 2.12 1.72 2.42 4.62 5.67 4.71 5.17 5.62 3.83
0.33 0.61 1.06 1.52 1.86 2.12 2.47 2.77 3.09 3.09 3.97 6.37 5.53 2.74 2.04 1.80 1.94 2.14 1.70 1.30 1.26 1.30 1.38 1.44 1.40 1.30 1.24 1.33 1.35 1.29 1.35 1.43 1.31 1.41 1.80 1.76 1.45 1.19 1.05 1.03 1.05 1.05 1.01 0.97 0.93 0.88 0.84 0.82 0.81 0.89 1.05 1.19 1.33 1.26 0.85 0.49 0.46 0.51 0.67 0.84 0.81 0.78 0.89 0.94 0.99 1.32 1.67 1.70 1.77 2.01 2.30 3.26 4.86 5.26 4.07 2.76 2.09 2.34 4.42 5.58 5.12 5.55 5.16 3.06
0.92 0.96 1.12 1.26 1.72 2.34 2.77 3.16 3.38 3.14 4.08 6.14 5.16 2.52 1.79 1.67 1.82 1.88 1.52 1.32 1.28 1.25 1.27 1.23 1.17 1.19 1.16 1.20 1.26 1.24 1.32 1.40 1.25 1.20 1.39 1.47 1.31 1.11 0.99 0.97 0.97 0.94 0.91 0.89 0.86 0.82 0.79 0.77 0.82 0.94 1.09 1.26 1.41 1.28 0.96 0.67 0.54 0.57 0.75 0.88 0.75 0.68 0.79 0.90 1.03 1.37 1.67 1.70 1.78 2.04 2.24 2.76 4.19 5.07 4.24 3.17 2.75 2.78 3.65 5.05 5.77 5.57 4.26 3.18
1.67 1.36 1.18 1.30 1.66 2.18 2.67 3.45 3.80 3.88 5.31 5.80 3.81 2.01 1.57 1.53 1.70 1.62 1.36 1.30 1.31 1.26 1.19 1.12 1.08 1.12 1.09 1.09 1.15 1.10 1.14 1.35 1.27 1.08 1.13 1.25 1.17 1.03 0.94 0.89 0.87 0.84 0.81 0.81 0.81 0.77 0.74 0.76 0.87 0.97 1.09 1.34 1.50 1.32 1.08 0.85 0.68 0.71 0.77 0.82 0.70 0.62 0.72 0.86 1.07 1.34 1.60 1.72 1.85 2.08 2.35 2.71 3.62 4.56 4.13 3.40 3.51 3.60 3.27 4.24 5.68 5.08 4.27 3.61
