windninja/windninja_output/Output_2025-10-23_1100-1150_Google earth_Fire_150m_10min/merlingen_7.5mi_point_10-23-2025_1120_150m_ang.asc
ncols	158
nrows	163
xllcorner	391686.332397
yllcorner	5160024.123721
cellsize	150.000000
NODATA_value	-32768.000000
[rows 0 to 41 of 163, columns 0 to 93 of 158]
228 228 226 223 222 223 222 218 217 218 216 213 209 211 216 223 231 233 233 236 230 215 211 213 217 220 220 216 215 215 216 217 219 218 217 221 225 227 228 225 221 221 222 223 225 226 229 228 219 214 212 211 211 212 213 214 214 215 216 215 213 213 213 212 210 209 210 213 215 215 214 214 214 213 212 213 214 217 218 216 215 215 216 219 221 220 217 217 219 217 216 217 216 215
228 228 226 224 224 224 222 221 222 221 217 211 207 209 216 222 226 225 226 228 222 211 209 213 218 220 218 215 216 217 218 218 219 218 218 221 222 222 222 220 219 219 219 220 220 220 221 220 216 214 214 213 214 215 215 215 215 214 215 215 214 213 213 212 210 210 212 214 216 215 214 213 213 212 212 213 215 217 217 215 215 215 217 219 220 219 216 217 219 218 218 218 217 217
225 226 224 223 225 224 222 223 223 220 213 205 203 208 215 220 221 219 220 221 216 208 205 212 218 219 217 216 217 219 220 220 220 219 219 219 218 218 217 216 216 216 216 216 216 215 214 214 212 213 214 215 217 218 217 215 214 214 215 215 213 212 212 212 211 211 214 216 217 216 213 213 213 213 213 213 214 216 216 213 212 215 218 218 219 217 212 213 216 218 218 218 216 215
219 222 222 221 223 221 218 218 216 212 207 201 202 207 214 221 221 219 220 219 217 211 205 207 215 216 215 214 214 215 218 219 220 219 218 217 217 218 217 215 213 213 213 214 213 212 212 212 212 211 210 211 213 215 215 214 215 215 215 215 213 212 212 213 212 212 214 217 219 217 214 214 214 215 215 214 214 216 217 214 210 214 217 215 217 216 209 208 211 212 213 214 212 210
214 219 221 220 221 218 215 216 214 211 207 202 201 207 215 222 223 222 222 222 220 216 208 203 209 213 212 211 210 211 213 215 216 216 215 216 217 217 215 213 211 210 211 211 211 212 212 212 212 212 212 212 213 215 215 216 216 216 216 215 215 213 213 213 213 213 214 217 220 217 215 216 216 216 216 216 217 218 218 216 212 214 217 215 217 218 210 205 205 206 208 209 207 204
216 218 220 219 219 217 216 217 216 213 209 204 201 208 218 223 225 226 225 225 224 222 213 203 206 210 211 211 210 210 211 212 213 213 213 214 214 213 212 211 209 209 211 212 213 214 214 214 214 214 214 214 215 216 217 217 217 216 215 215 215 214 213 213 213 213 214 217 219 217 216 218 217 215 214 215 217 218 218 217 217 217 218 216 217 218 214 207 204 203 203 204 203 200
220 221 221 220 220 219 219 219 217 214 210 206 202 209 221 225 225 225 224 224 225 224 218 206 204 210 212 213 212 211 211 213 213 213 212 212 211 210 211 211 211 212 214 216 217 217 217 216 216 215 215 216 216 217 218 219 218 217 216 214 213 211 211 213 214 214 214 217 218 215 214 215 215 212 211 213 215 216 215 215 218 217 216 216 218 220 218 213 208 202 201 202 203 201
220 221 222 222 223 223 223 222 219 215 211 206 202 209 221 225 224 224 224 222 223 223 220 212 205 207 211 213 212 212 214 215 215 215 215 214 213 213 214 215 216 217 218 219 220 220 219 219 218 216 216 217 216 217 219 219 218 217 215 213 211 209 210 212 213 214 215 217 217 214 213 214 215 212 211 213 217 218 214 214 219 218 213 214 215 217 217 214 210 204 201 204 207 208
220 221 223 224 226 227 227 224 220 216 212 207 202 208 219 224 223 223 224 223 224 224 221 215 207 202 207 212 212 214 217 218 217 218 220 220 219 219 220 221 222 222 223 222 222 221 221 221 219 217 217 218 217 218 220 220 217 216 215 213 213 212 211 213 215 216 216 215 215 214 215 217 218 216 214 215 218 219 216 217 221 219 212 209 209 209 210 209 205 200 198 199 202 202
221 222 224 224 224 226 226 224 221 217 214 209 204 207 219 224 223 223 222 222 223 223 221 216 209 202 202 210 212 214 219 219 218 221 223 223 223 223 224 225 225 225 224 224 224 224 222 223 221 218 219 221 219 220 223 222 220 219 219 219 220 219 216 217 220 220 218 216 214 216 219 221 220 218 217 218 221 219 214 215 217 217 212 207 207 206 206 205 200 197 199 199 198 197
222 223 224 224 223 223 223 222 220 218 215 212 208 208 218 224 225 224 223 222 222 221 220 216 212 206 202 207 212 214 219 221 221 224 226 226 225 225 225 225 225 225 225 225 227 227 225 226 225 223 225 226 224 225 228 229 229 229 230 229 230 229 227 226 228 226 223 220 217 219 222 222 219 218 218 220 223 220 212 210 212 214 213 209 207 205 204 205 202 200 204 204 201 199
222 223 224 224 223 223 223 221 220 218 217 215 211 210 218 225 226 226 224 224 224 223 222 218 214 211 207 210 215 219 223 225 225 228 229 229 228 227 227 226 226 227 226 226 227 228 228 230 233 234 238 239 239 241 244 244 242 241 241 242 244 246 244 244 243 239 234 228 222 222 222 221 219 216 215 216 216 214 208 206 209 211 211 208 204 201 203 208 204 201 207 211 208 204
223 223 224 224 223 223 223 222 221 220 218 216 214 213 220 228 229 227 226 226 226 226 225 223 220 217 215 216 220 223 225 227 228 229 230 231 231 230 229 228 228 228 227 226 228 229 230 233 239 244 248 251 254 257 260 260 255 250 248 250 255 257 260 267 268 262 253 241 227 222 222 221 219 214 208 207 208 208 206 204 206 209 209 207 205 202 205 209 205 200 207 215 213 208
224 224 224 224 223 223 223 222 222 221 219 218 215 215 221 231 235 232 230 229 228 228 228 228 225 222 219 219 221 223 226 229 230 230 229 231 231 231 231 230 231 232 233 235 238 238 235 233 237 243 247 251 253 257 263 267 265 257 248 247 250 252 254 260 267 269 269 265 250 230 224 222 220 213 206 206 209 211 210 208 208 208 208 210 210 208 210 214 211 206 212 221 222 220
224 224 224 224 224 224 223 223 222 221 220 219 216 214 219 229 234 234 233 233 232 230 230 229 227 224 220 220 222 223 227 231 231 230 229 230 230 232 233 235 239 241 244 248 249 247 243 237 233 235 239 241 241 244 248 252 254 248 238 236 238 239 237 236 238 245 250 256 265 258 228 222 219 214 210 211 215 218 219 218 215 212 212 216 217 216 218 221 220 219 227 237 239 239
225 225 225 224 224 224 224 224 223 222 221 220 218 213 216 225 229 229 230 232 232 230 229 228 227 225 221 221 223 223 226 227 226 227 230 234 238 240 241 243 246 245 244 245 243 240 240 240 235 232 232 229 226 227 228 230 232 228 223 228 232 231 229 225 224 228 230 232 237 240 229 227 224 219 215 215 218 222 224 223 219 217 221 225 226 228 230 232 232 231 236 244 245 245
225 225 225 225 225 224 224 224 224 223 222 221 220 216 217 226 229 228 227 228 229 228 226 226 226 225 222 221 222 222 224 226 227 230 237 242 246 246 244 243 241 238 236 236 234 232 232 232 232 232 229 224 220 221 222 224 225 222 216 221 227 229 227 221 221 225 226 225 225 222 218 231 236 225 217 217 219 221 222 222 221 222 227 232 236 241 242 243 245 240 234 234 235 236
225 225 225 225 225 224 224 224 224 223 223 222 222 221 222 229 232 230 228 227 228 228 227 228 228 227 225 223 224 226 228 229 231 233 237 239 240 238 236 234 233 232 233 234 232 231 230 227 226 227 227 224 223 223 224 224 224 221 215 218 224 227 224 219 219 223 225 224 222 221 217 213 221 223 218 218 217 220 224 228 230 232 235 237 241 245 246 244 244 242 235 232 231 231
226 226 225 225 225 225 224 224 224 224 224 223 223 223 225 230 234 233 232 231 230 230 230 230 231 230 228 227 228 231 232 231 230 230 232 234 235 234 233 233 233 233 234 233 232 232 230 227 225 227 228 227 226 225 223 222 222 221 218 218 223 226 223 220 219 222 224 224 222 220 215 207 208 214 215 218 225 234 241 243 245 246 244 239 236 235 234 234 237 237 233 230 231 230
226 226 226 225 225 225 225 225 225 224 224 224 224 224 226 229 233 234 233 232 231 230 229 230 230 230 229 229 229 230 230 229 229 231 235 236 236 235 232 232 231 230 230 230 229 230 229 227 227 230 230 229 228 224 222 220 220 221 221 221 225 228 226 223 222 224 225 224 220 216 211 206 208 211 210 212 226 241 247 247 246 245 240 233 229 229 229 230 233 234 227 221 227 230
227 226 226 225 225 225 225 225 225 225 225 225 225 225 226 228 230 231 231 230 229 228 228 227 228 228 229 228 228 228 226 225 227 230 231 232 231 229 225 226 226 227 228 228 229 229 230 228 227 229 230 229 227 224 222 222 221 221 222 223 225 228 228 224 223 223 222 220 217 214 211 209 212 214 211 207 211 221 229 234 235 234 231 228 225 227 228 229 232 232 225 215 222 228
227 226 226 226 226 225 225 225 225 225 225 226 226 225 226 227 227 228 228 228 227 227 227 227 227 227 228 228 228 227 224 222 223 226 225 225 226 225 223 224 225 226 227 228 230 231 231 229 226 227 228 227 226 225 224 224 223 222 222 223 223 226 228 224 222 221 217 216 216 214 213 213 215 218 213 203 203 211 218 223 227 228 228 226 222 223 225 227 230 229 221 210 215 224
227 227 226 226 226 225 225 225 225 225 225 225 225 225 226 226 226 227 227 227 226 226 226 226 225 226 226 226 227 226 223 219 221 225 225 227 228 227 226 226 226 226 226 228 231 231 228 226 225 225 227 227 226 226 224 223 223 222 221 222 223 226 227 223 219 215 212 214 216 216 215 215 217 219 212 199 196 205 212 218 221 222 224 225 220 219 218 221 225 225 218 207 211 221
227 227 226 226 226 226 226 226 226 226 225 225 225 225 225 225 225 226 226 225 225 225 225 224 224 225 225 226 228 228 224 221 223 227 229 231 233 232 230 228 226 226 226 228 229 227 225 225 225 225 227 227 226 226 223 221 222 222 219 220 223 226 228 224 217 213 212 216 219 219 218 218 220 218 211 201 195 202 209 215 219 219 221 223 220 217 215 219 224 224 218 208 211 221
227 227 227 227 226 226 226 226 226 226 226 225 225 225 225 225 225 225 226 225 224 224 224 223 223 223 224 227 231 231 228 225 227 230 231 232 232 233 232 229 226 225 225 226 227 225 224 226 226 227 228 228 226 225 223 221 221 221 219 220 224 227 228 224 219 217 219 222 224 225 224 222 220 216 211 206 203 204 209 213 217 217 217 219 220 218 216 220 226 226 217 208 213 221
228 227 227 227 227 226 226 226 227 226 226 225 225 225 225 225 225 225 225 225 224 224 223 222 221 221 222 226 231 233 231 230 230 229 229 228 229 232 233 230 227 225 224 226 227 225 225 227 226 226 227 228 228 227 224 220 219 220 221 223 225 227 225 222 217 216 218 221 224 227 227 224 220 215 210 207 211 212 207 207 211 213 213 214 216 216 212 214 223 225 214 204 210 218
228 228 227 227 227 226 226 226 227 226 226 225 225 225 225 225 225 225 225 225 224 223 222 220 219 217 217 223 229 231 231 233 234 233 230 227 226 230 232 229 225 224 224 227 226 222 222 225 225 224 224 227 228 227 223 217 216 220 223 223 225 228 226 222 219 218 216 217 220 223 225 223 218 214 207 204 212 217 209 199 206 210 211 211 214 213 209 211 219 222 211 200 205 214
228 228 227 227 227 226 226 227 227 226 226 226 226 226 226 226 226 225 224 224 223 222 221 219 217 214 214 221 226 227 229 232 235 235 234 229 227 230 232 228 224 224 224 224 222 217 218 221 223 222 220 222 223 223 220 212 210 216 219 219 224 229 228 225 224 222 218 216 218 222 225 223 217 211 204 200 209 218 214 201 201 207 210 211 214 214 211 212 219 220 213 200 200 210
228 228 228 227 227 227 227 227 227 226 226 226 226 226 226 226 225 225 224 223 223 222 221 218 215 211 211 217 220 221 224 229 230 231 230 226 224 228 230 225 220 220 219 219 217 214 215 218 221 220 215 217 220 221 219 207 202 212 219 221 225 227 225 222 222 222 217 215 219 223 224 221 214 210 204 201 208 220 221 212 203 203 209 214 218 220 218 218 221 221 216 207 201 206
228 228 228 228 227 227 227 227 227 226 226 226 226 226 226 225 225 224 224 224 223 222 220 218 214 210 209 213 215 215 219 223 226 226 223 214 213 221 224 219 214 214 213 214 213 211 213 214 217 215 210 212 216 218 217 206 200 211 222 228 230 228 225 222 222 222 216 214 222 227 226 221 216 213 207 203 208 219 226 223 211 201 207 218 224 225 223 221 221 221 219 215 208 206
229 228 228 228 228 228 227 227 227 227 227 227 227 227 226 226 225 224 224 224 223 222 219 217 214 210 210 213 214 215 220 224 224 224 218 207 207 216 220 216 212 211 210 213 212 210 211 213 215 214 211 212 216 220 218 210 207 216 227 234 234 230 228 227 227 224 216 216 227 233 232 227 222 215 206 202 205 214 223 225 218 204 206 217 221 220 219 219 220 220 220 220 219 218
229 229 227 227 228 228 227 227 227 227 227 227 227 227 227 226 226 225 224 224 223 221 219 217 214 211 210 212 213 218 225 227 226 225 220 206 206 216 218 215 214 214 214 216 215 213 215 217 220 221 220 221 222 224 222 214 214 223 232 238 235 226 224 228 230 226 216 217 229 236 233 227 222 212 202 201 204 210 219 223 219 208 207 214 219 221 222 223 225 226 227 226 227 229
229 229 228 228 229 228 227 227 227 227 227 227 227 227 227 226 225 225 225 224 223 222 219 217 215 212 210 209 208 212 219 222 224 228 225 210 207 218 221 219 220 219 218 220 219 219 222 225 225 227 229 228 228 228 225 216 215 223 231 238 236 224 217 222 228 227 216 214 226 232 227 218 213 206 200 199 201 207 216 222 220 213 212 215 220 226 230 230 231 232 232 231 231 231
229 229 228 229 230 229 227 227 228 228 227 227 227 227 227 226 225 225 225 224 224 222 219 217 216 213 210 206 203 207 215 221 223 227 228 213 205 218 221 220 222 220 220 223 223 225 229 229 229 231 232 231 232 231 228 222 219 223 229 233 232 220 209 215 225 227 220 215 224 227 220 212 209 204 200 198 198 202 211 218 219 216 216 217 216 219 224 226 225 227 228 230 231 231
228 228 228 229 230 228 227 227 228 228 228 228 228 228 227 226 226 226 225 224 224 222 220 219 217 214 210 207 204 209 219 224 225 227 226 216 205 216 220 219 221 223 225 228 229 232 234 233 233 234 234 234 235 234 232 230 228 229 231 233 230 219 205 210 222 226 225 221 223 224 218 214 212 207 202 198 197 200 208 215 217 216 216 218 215 213 219 221 219 220 222 223 225 227
228 228 228 229 229 228 227 227 228 228 228 228 228 228 228 227 227 227 226 225 224 223 222 220 219 216 212 208 208 215 224 226 225 226 225 219 210 215 221 223 225 227 229 231 232 235 234 233 233 233 233 233 233 232 231 231 231 233 235 237 235 225 208 206 218 224 226 223 222 223 220 220 218 213 207 201 199 206 215 219 218 216 218 222 222 215 215 218 216 215 216 218 221 226
229 229 229 230 229 228 228 228 229 229 229 229 229 228 228 228 227 227 226 225 225 224 223 222 220 217 213 210 211 219 223 223 225 227 227 223 216 217 224 228 229 230 231 231 232 232 230 230 231 231 231 230 228 227 226 227 228 229 232 236 236 229 213 205 212 221 225 225 222 221 223 227 226 218 209 203 202 209 219 222 220 219 221 224 226 221 211 213 214 211 212 216 221 226
229 229 230 231 230 229 229 229 229 230 230 229 229 229 229 228 228 227 227 226 226 225 224 222 220 217 213 209 211 218 219 221 226 230 230 226 221 222 228 230 230 230 231 230 231 230 228 228 228 229 230 227 224 225 226 224 223 225 226 230 232 228 217 206 208 220 228 229 225 220 221 225 222 213 206 205 203 203 213 220 217 218 220 222 225 223 208 205 211 211 210 215 220 223
230 230 230 230 230 230 230 230 230 230 230 229 229 229 229 229 228 228 227 227 226 225 224 223 221 218 214 209 211 219 221 223 227 229 230 225 221 226 230 229 228 228 228 227 227 227 224 222 221 223 224 221 219 222 224 220 217 218 219 221 223 222 217 209 208 220 232 235 228 220 217 214 211 208 205 207 201 193 206 217 214 212 215 218 224 223 211 201 205 209 210 214 222 226
231 231 231 231 231 231 231 231 231 231 230 230 230 230 230 229 229 228 228 228 227 226 225 224 223 220 216 213 216 224 228 228 228 229 229 224 219 223 226 227 228 228 227 224 223 223 222 219 216 219 222 218 212 213 215 212 207 208 212 214 215 216 217 216 211 218 233 236 228 218 213 212 212 210 206 206 198 186 197 211 212 211 215 220 226 225 215 202 200 206 210 215 225 229
231 232 232 231 231 231 231 232 232 231 231 230 230 230 230 230 229 229 228 228 227 227 226 225 224 222 220 219 222 228 232 231 229 231 228 222 219 221 223 224 225 225 224 222 220 221 220 216 213 216 221 217 206 205 210 210 205 205 210 214 215 217 220 222 217 217 230 232 224 216 214 216 219 211 205 204 196 184 190 205 210 211 214 219 224 225 215 203 200 205 208 216 226 231
231 232 231 231 232 232 232 232 232 231 231 231 231 230 231 230 229 229 229 228 228 227 226 226 225 224 223 223 223 228 232 231 230 229 224 220 221 223 223 221 219 219 218 218 217 214 213 211 209 212 218 216 206 204 211 215 212 211 217 223 222 220 221 222 220 218 224 225 218 213 214 217 216 205 200 201 194 186 189 203 210 210 212 216 217 216 210 204 204 205 208 217 226 231
