windninja/windninja_output/Output_2025-10-23_1800-1850_Google earth_Fire_150m_10min/merlingen_7.5mi_point_10-23-2025_1830_150m_ang.asc
ncols	158
nrows	163
xllcorner	391686.332397
yllcorner	5160024.123721
cellsize	150.000000
NODATA_value	-32768.000000
[rows 0 to 46 of 163, columns 0 to 95 of 158]
66 65 62 58 56 56 54 50 48 48 46 41 35 35 39 47 55 58 59 64 61 44 37 40 44 48 46 42 41 41 41 42 44 43 42 46 49 50 51 48 45 44 45 46 48 49 52 51 43 38 35 34 34 35 35 35 35 35 36 35 33 32 31 30 28 27 28 29 31 30 29 28 27 26 25 25 26 27 27 24 23 22 22 24 24 22 19 19 19 17 16 15 14 13 13 14
65 65 63 59 58 57 54 52 53 52 47 40 33 34 41 47 52 53 55 58 54 41 38 41 45 46 44 42 43 43 43 44 44 43 44 46 47 47 47 45 44 44 44 45 45 45 46 45 41 39 38 37 38 38 37 37 36 35 36 35 34 33 32 31 29 28 29 31 32 31 29 28 27 26 26 26 26 27 26 23 23 23 23 24 24 22 18 19 21 18 17 16 15 14 13 13
63 63 62 60 60 58 53 54 56 53 45 34 29 34 42 48 50 49 51 52 47 40 38 42 45 45 44 43 45 45 46 47 46 45 46 46 45 44 44 42 42 43 42 43 43 41 40 40 38 38 39 39 40 41 39 38 36 36 36 36 34 33 32 32 30 30 32 34 34 32 30 28 28 27 27 27 27 28 27 23 23 25 25 25 25 21 17 18 21 20 19 17 15 13 12 11
58 60 59 58 58 54 51 52 51 47 39 29 29 35 43 50 51 50 50 50 47 43 38 39 44 44 43 42 42 42 45 46 47 47 46 45 45 45 45 43 42 41 41 43 42 40 39 39 37 36 36 36 37 38 38 37 37 37 37 37 35 33 32 33 32 32 33 35 36 34 31 30 30 30 29 28 27 28 29 25 22 24 26 24 24 22 16 16 17 18 18 17 13 11 10 8
56 57 57 55 55 53 51 53 51 45 37 29 29 36 46 53 54 53 52 51 50 48 42 36 42 43 41 40 38 39 41 43 45 46 45 45 46 46 45 43 41 40 41 41 40 40 40 39 38 38 37 37 38 39 39 39 39 39 39 38 37 35 34 35 34 33 34 37 38 36 33 33 32 31 31 30 30 31 31 28 24 25 27 24 24 24 17 12 12 13 15 15 12 8 7 5
58 59 58 55 54 53 54 55 52 46 39 33 30 38 51 55 55 55 54 53 53 53 48 39 42 44 42 41 39 38 39 41 43 43 42 43 44 43 43 42 40 40 42 42 42 42 42 41 41 40 39 39 40 41 42 41 41 40 39 39 38 36 35 35 35 34 35 37 38 36 34 35 34 31 30 31 32 31 30 30 29 28 27 25 25 26 20 12 8 8 9 10 9 5 3 2
61 62 61 58 56 55 56 56 51 45 40 36 32 42 54 57 56 54 53 53 54 55 52 45 45 46 46 45 43 40 40 42 44 43 42 42 42 42 42 42 42 43 45 45 45 46 45 43 43 41 40 40 41 42 43 43 43 42 41 39 37 35 34 35 36 36 36 38 39 35 33 34 34 30 28 30 31 31 29 29 31 29 26 26 26 28 25 16 8 3 1 3 5 4 3 2
60 61 62 63 61 60 58 56 52 47 43 38 35 44 55 57 55 54 53 52 53 54 53 50 47 46 46 47 45 43 45 47 47 46 46 45 45 45 45 45 46 47 48 48 48 48 47 46 45 43 42 43 42 42 44 45 44 43 41 39 36 34 33 35 36 37 37 39 39 35 33 35 34 31 29 31 33 34 30 29 32 30 25 25 25 26 24 19 12 4 357 358 1 3 4 1
59 60 61 63 64 63 61 58 53 50 47 42 39 44 54 56 55 55 54 53 54 55 53 50 46 42 45 48 47 46 51 52 49 49 51 52 50 49 50 50 50 51 51 51 51 50 49 48 47 44 44 45 44 44 47 47 44 43 41 40 39 37 36 36 38 39 39 38 37 36 36 38 38 35 33 33 35 36 32 32 34 32 24 21 20 20 20 17 12 6 2 1 1 360 359 357
59 60 61 61 61 61 60 58 55 52 50 47 43 47 54 57 56 56 55 53 54 54 53 50 45 40 42 47 46 48 53 53 51 53 55 54 53 52 53 53 53 53 53 53 53 52 50 50 49 45 46 48 46 47 50 50 47 46 46 45 45 44 42 41 43 44 42 39 37 37 40 42 41 38 37 36 38 37 32 31 32 30 24 18 17 16 15 12 8 6 6 4 1 359 358 356
60 60 61 60 59 59 58 57 56 53 52 51 48 50 56 59 59 58 57 55 55 54 53 50 45 41 38 43 47 50 54 54 54 57 58 56 54 54 54 54 54 54 54 54 54 55 53 53 53 51 53 53 51 53 56 56 55 54 55 53 53 53 50 49 52 51 47 44 40 41 44 43 40 38 38 40 41 38 30 27 28 28 26 20 16 13 10 9 7 8 10 7 1 1 1 358
60 60 61 60 59 58 58 57 56 54 54 53 51 51 57 62 62 60 59 59 59 57 55 51 47 44 40 43 50 54 57 58 58 60 60 59 57 56 56 56 55 55 55 54 55 56 56 57 58 59 63 63 63 66 68 67 64 63 62 62 64 65 64 65 66 63 58 52 45 44 45 43 41 37 36 36 36 33 26 23 25 26 25 20 14 9 9 10 7 7 9 8 4 2 1 359
60 60 60 60 59 59 59 58 57 56 55 54 53 52 59 66 67 63 61 61 62 60 58 55 51 48 45 48 54 57 58 59 60 61 60 60 60 60 59 57 57 57 55 53 55 56 55 57 62 66 70 72 74 76 79 78 74 69 66 68 72 75 77 83 85 79 73 64 52 47 46 44 42 36 30 29 29 28 25 21 22 23 22 19 15 11 11 12 9 6 9 10 7 2 0 1
60 60 60 60 59 59 58 58 58 57 57 56 54 53 60 69 72 70 67 65 63 62 60 58 55 51 49 51 54 56 59 62 63 61 60 61 61 61 61 59 60 60 59 60 62 61 58 56 60 66 69 71 73 76 81 85 83 75 67 66 70 73 75 80 85 86 85 82 72 57 50 47 43 36 29 28 30 30 29 26 24 22 21 21 19 16 15 16 14 10 11 14 12 8 4 5
61 60 60 60 60 59 59 58 58 58 57 57 55 53 57 66 71 72 71 69 66 63 61 59 56 53 51 52 54 55 59 63 63 62 61 61 61 61 61 62 65 65 66 70 71 68 66 61 58 59 63 65 66 68 72 76 77 71 62 61 64 66 66 65 65 70 75 79 85 80 58 50 45 39 34 34 36 37 37 34 29 24 23 25 25 22 21 23 23 19 19 24 26 22 16 11
61 60 60 60 60 60 59 59 59 58 58 58 57 54 56 63 66 67 68 69 66 63 60 58 56 56 53 53 54 55 58 60 59 59 61 64 65 66 66 67 69 67 67 69 68 64 65 66 61 59 59 58 56 57 58 59 61 58 54 57 61 62 61 56 53 57 60 63 67 73 70 59 52 44 39 38 39 41 40 38 31 27 30 32 32 32 33 35 35 33 32 35 35 30 23 15
60 60 60 60 60 59 59 59 59 59 59 59 58 58 61 66 66 63 63 64 64 61 58 57 57 56 54 53 54 55 59 59 57 59 63 67 70 70 68 67 66 64 63 64 61 60 61 61 62 63 60 55 53 54 54 54 54 52 49 54 59 61 59 52 50 54 56 56 56 54 56 67 64 52 42 40 39 39 38 37 33 33 37 40 44 47 49 50 48 38 30 28 27 24 20 15
60 60 60 60 59 59 59 59 59 59 60 60 60 61 65 69 69 66 63 62 62 61 59 59 60 58 56 56 57 59 60 59 58 59 62 64 66 66 63 62 62 62 63 63 61 61 60 58 58 62 63 59 56 56 55 54 54 51 48 52 57 59 56 50 50 53 55 54 52 50 48 47 53 53 45 40 37 38 41 43 43 44 46 49 52 56 56 52 45 33 23 24 24 20 17 15
60 60 60 60 59 59 59 60 60 59 60 60 61 63 66 70 71 68 65 64 63 62 62 62 63 61 60 60 61 63 62 59 56 57 59 61 63 64 63 63 64 63 64 63 62 62 63 62 60 62 63 63 60 58 56 55 54 53 51 52 56 57 54 50 51 53 55 54 51 49 45 37 38 43 42 42 45 52 57 58 58 59 57 51 47 45 42 39 36 29 18 18 20 17 15 15
61 60 60 60 59 59 60 60 60 60 60 61 61 63 65 68 69 68 66 65 63 62 62 62 62 62 61 61 61 61 60 57 56 58 62 64 66 66 64 64 63 61 62 61 61 63 64 63 63 64 64 64 63 60 57 55 53 53 54 55 57 58 57 54 54 55 56 54 49 46 41 34 35 37 35 37 47 59 64 63 61 59 51 43 39 38 36 35 34 29 17 11 14 15 13 11
61 60 60 60 59 59 60 60 60 60 60 61 62 62 64 65 66 65 65 64 63 62 61 61 61 61 61 60 59 59 56 54 55 58 61 63 64 63 60 59 59 59 60 61 62 64 64 63 63 64 64 63 63 62 61 58 56 55 55 56 56 58 59 57 56 56 54 51 48 44 39 35 37 40 36 31 33 41 48 52 51 47 42 38 35 35 35 35 34 28 17 9 11 14 11 5
60 60 60 60 60 60 60 60 60 60 61 62 62 62 63 63 63 63 63 63 62 61 61 61 60 60 60 59 59 58 56 52 54 58 59 59 60 59 57 58 58 58 60 62 64 65 65 64 63 63 64 63 63 63 63 62 60 58 56 55 55 58 59 57 56 55 51 49 48 44 40 38 40 43 39 28 26 32 38 42 42 42 42 38 32 31 33 32 30 24 15 9 10 12 9 2
60 60 60 60 60 60 60 60 60 60 61 61 61 62 62 62 62 62 63 62 61 61 61 60 59 59 59 58 58 58 56 52 55 60 61 62 62 60 59 59 59 59 60 62 64 65 64 63 63 62 64 64 63 63 63 62 62 60 57 55 55 58 60 58 56 53 48 48 47 43 40 40 42 44 38 24 20 27 33 36 39 38 39 38 30 27 26 25 24 20 14 10 10 11 7 2
60 60 60 60 60 60 60 60 60 61 61 61 61 61 62 62 62 62 62 62 61 60 60 59 58 58 58 58 59 60 58 57 60 63 63 65 65 64 62 61 60 60 61 62 64 65 63 62 63 63 64 64 63 63 63 62 62 61 57 55 56 58 61 61 58 52 48 48 47 45 43 43 45 44 36 25 19 24 30 35 37 37 36 36 31 24 19 19 21 20 16 13 11 10 7 2
60 60 60 60 60 60 60 60 61 61 61 61 61 61 61 61 62 62 62 61 60 60 59 58 57 57 56 58 61 64 63 63 65 65 64 64 64 65 66 64 63 62 61 62 65 63 60 62 63 63 65 64 64 64 63 61 60 60 57 56 57 61 64 64 59 54 52 51 50 49 49 47 47 43 35 29 26 27 31 34 36 35 33 34 32 26 18 16 20 20 18 14 13 10 7 3
61 60 60 60 60 60 59 60 61 62 61 61 62 62 61 61 62 62 62 61 61 60 59 58 56 54 53 56 62 65 66 67 68 67 64 62 62 65 68 67 65 63 63 65 65 61 60 62 63 63 64 65 66 66 65 61 58 57 58 59 62 65 65 61 53 49 48 47 49 51 53 51 48 42 34 30 33 35 30 28 30 31 29 30 30 26 18 15 18 18 14 11 11 10 7 3
60 60 60 60 60 60 60 61 62 61 61 61 62 62 62 62 62 62 62 62 61 60 59 57 54 50 49 55 61 63 65 69 72 72 68 63 60 64 68 67 65 65 67 68 65 59 58 61 62 62 61 63 66 67 66 60 53 54 58 61 66 71 69 60 52 47 44 42 45 49 52 52 47 40 31 27 34 39 30 20 24 27 27 26 26 24 19 17 19 17 11 5 6 9 8 5
60 60 60 60 60 60 60 61 62 61 61 61 62 62 62 63 63 63 62 61 61 60 58 56 53 47 47 54 58 59 61 67 72 74 74 69 64 66 68 68 66 67 69 67 63 57 55 57 60 61 58 59 61 63 64 54 45 51 56 60 67 72 69 61 54 50 44 41 44 50 53 52 45 38 29 24 32 39 34 20 19 24 25 24 24 24 22 21 22 20 13 2 359 4 6 5
60 60 60 60 60 60 61 62 62 61 61 62 62 62 63 63 63 63 62 61 61 60 59 56 52 46 46 52 54 53 56 62 66 70 73 72 67 67 69 67 64 65 65 63 60 55 54 55 58 58 55 55 57 60 59 46 37 48 57 63 68 67 61 55 52 49 44 41 47 52 54 49 42 36 30 25 31 41 40 31 19 18 22 23 26 29 28 25 24 23 17 5 356 356 359 0
60 60 60 60 60 61 61 62 62 62 62 62 62 63 63 64 64 63 62 62 61 61 59 57 53 48 48 52 51 48 51 56 60 65 68 65 61 64 67 64 60 60 58 58 56 52 53 54 56 54 48 50 54 55 53 42 35 49 60 68 71 66 58 52 51 50 44 42 51 57 56 49 42 37 31 27 31 41 45 40 26 16 19 26 31 33 30 24 22 22 20 12 358 350 349 351
61 60 60 60 61 62 62 62 62 62 62 63 63 63 64 64 64 63 63 63 62 61 59 57 54 52 53 55 52 50 53 57 59 63 65 58 55 63 66 62 59 57 54 55 53 50 53 56 57 53 49 50 52 54 52 42 41 55 66 71 71 64 58 54 54 53 46 46 57 64 62 54 47 40 30 26 28 36 42 42 33 18 17 24 28 26 23 19 19 21 21 17 6 350 339 337
61 60 59 60 61 62 61 61 62 62 62 63 64 64 64 64 65 65 64 63 63 62 60 58 57 56 56 55 52 53 59 62 63 66 66 56 55 65 66 62 59 58 56 57 55 53 57 62 62 60 58 58 57 57 54 44 46 59 70 73 69 58 52 54 57 57 49 49 60 66 62 53 48 38 28 26 27 32 39 41 35 23 18 20 23 23 21 22 24 25 24 22 16 359 337 328
61 60 59 60 62 62 61 62 62 63 63 63 64 64 65 65 65 65 65 64 64 63 61 60 60 58 57 54 49 50 58 63 64 67 67 59 59 68 68 63 61 60 59 60 59 59 64 66 64 64 65 65 63 61 56 48 49 58 66 72 68 56 46 49 57 59 52 50 58 62 55 45 41 33 25 24 25 29 36 40 37 28 24 22 24 26 26 27 30 30 27 24 18 2 344 333
60 60 59 61 64 63 62 62 63 64 64 64 65 65 65 65 65 65 65 65 66 65 63 62 62 60 59 55 49 52 59 63 63 65 67 63 62 68 66 62 61 59 59 62 62 64 68 67 65 67 67 67 67 65 61 56 56 60 63 65 64 53 40 45 54 58 55 53 58 58 49 40 37 31 25 22 22 24 31 37 37 32 29 25 21 23 25 24 24 25 24 20 9 355 344 340
59 59 59 62 63 63 62 62 64 64 65 65 66 66 66 66 66 66 66 66 66 66 65 66 65 62 60 57 55 61 68 68 65 66 66 62 59 64 63 60 60 59 61 64 66 70 71 68 69 70 69 69 69 69 67 66 67 67 65 64 62 52 37 41 52 56 57 58 60 57 48 41 39 34 27 23 21 23 29 35 35 32 30 29 23 20 23 22 19 20 18 11 0 348 342 341
59 59 60 62 63 62 62 63 64 65 65 66 67 67 67 67 67 67 67 67 67 67 67 68 68 66 62 59 60 69 76 74 70 69 66 60 53 58 61 60 60 61 63 65 67 71 71 69 70 70 69 68 68 68 68 69 69 70 69 68 65 58 42 40 50 54 56 57 59 59 51 46 44 39 33 27 24 30 36 38 36 33 33 34 32 21 18 21 18 13 9 4 356 347 339 338
60 60 62 63 63 62 63 64 65 65 66 67 67 67 68 68 68 68 68 68 68 69 69 69 69 69 66 63 64 75 80 78 75 73 68 61 53 54 59 61 62 64 65 66 68 70 68 68 69 68 68 67 66 66 67 67 66 66 67 68 68 62 49 43 48 53 55 57 57 55 52 54 52 44 35 28 27 33 40 41 38 36 37 39 38 25 11 15 15 7 2 359 354 346 340 340
60 61 63 64 63 63 64 65 66 67 67 67 67 68 68 69 69 69 69 69 69 70 70 70 70 70 68 65 69 79 81 79 78 75 70 63 55 54 59 62 63 65 66 66 68 69 68 67 67 67 69 68 65 65 67 66 63 62 63 64 65 61 53 47 48 55 59 60 56 50 48 52 50 40 32 31 28 26 34 39 36 35 36 36 36 28 11 8 9 4 358 356 350 341 341 345
61 62 63 64 64 64 65 66 67 68 68 68 68 69 70 70 70 70 70 70 70 70 71 71 71 71 70 70 77 81 81 80 78 74 70 62 53 55 61 62 63 65 66 67 67 67 66 64 61 63 66 65 62 62 65 63 59 57 57 58 57 55 51 46 46 56 64 65 57 47 44 43 40 34 30 32 26 16 28 37 33 29 31 31 33 28 16 5 2 2 359 355 343 336 340 349
62 63 64 64 65 66 66 68 69 69 69 69 69 70 70 70 71 71 71 71 71 71 72 72 72 73 74 78 84 84 83 82 79 75 70 59 50 56 60 62 64 66 68 67 65 65 65 63 59 61 64 63 58 56 58 55 50 48 50 50 49 47 48 48 46 53 65 66 56 47 44 42 40 35 31 31 23 10 18 31 31 29 30 31 33 30 18 4 359 1 2 353 339 334 340 346
63 64 65 65 66 67 68 69 70 70 70 70 70 71 71 71 71 71 72 72 72 72 72 73 73 74 77 82 85 85 85 84 82 77 69 58 55 58 59 60 62 65 68 67 64 64 63 60 58 59 63 63 57 53 54 51 45 45 49 50 48 46 48 51 50 52 62 62 54 48 46 47 47 37 29 28 19 8 11 26 30 29 30 30 30 25 13 3 360 0 360 351 341 338 338 340
64 64 65 66 67 68 69 70 71 71 71 71 71 72 72 72 72 72 72 73 73 73 73 74 74 75 78 81 84 85 85 83 82 77 67 60 61 64 63 62 61 62 62 61 62 61 58 55 53 56 61 62 57 54 56 55 51 49 54 56 53 49 50 52 51 52 57 56 50 46 45 46 43 30 24 25 17 9 11 23 30 29 28 27 23 15 9 6 4 360 355 350 347 342 336 338
64 65 65 66 68 70 71 71 71 71 71 72 72 73 73 72 72 73 73 74 74 74 74 75 75 76 78 80 83 85 84 81 80 76 69 64 63 65 67 65 63 61 60 60 60 58 55 55 55 59 65 65 59 55 59 60 56 55 59 61 59 54 53 52 50 51 51 49 45 39 38 38 35 24 20 21 16 11 13 22 29 28 27 23 15 11 13 14 9 1 354 351 349 342 339 343
65 65 66 67 69 70 71 72 72 72 72 73 73 73 73 73 73 74 74 74 74 74 75 75 76 76 78 80 82 84 83 81 79 77 74 70 69 70 69 67 65 64 64 65 62 57 57 59 61 66 69 66 57 53 57 59 58 57 59 62 62 61 60 56 52 51 47 43 39 32 30 31 28 21 19 19 16 14 17 23 26 26 22 15 11 15 21 21 14 4 356 352 344 337 340 348
65 66 67 69 70 71 71 72 73 73 73 74 74 74 74 74 74 74 75 75 74 75 75 76 76 76 78 79 81 82 82 82 80 78 78 78 80 78 74 70 68 69 70 68 62 57 59 63 66 68 67 62 54 50 53 57 57 57 59 62 63 64 63 61 58 54 48 42 35 29 28 29 28 25 23 22 20 18 22 25 25 20 15 13 17 25 26 23 17 8 359 350 337 331 339 350
66 66 68 70 71 71 72 73 73 73 74 74 74 74 74 74 75 75 75 75 75 75 75 76 77 77 78 79 80 81 81 81 81 80 81 85 87 84 79 75 73 73 72 68 59 57 62 66 69 68 65 59 55 52 54 57 58 59 62 63 62 62 61 60 59 56 50 43 36 33 34 35 35 33 31 29 24 21 24 24 20 15 15 20 29 30 26 22 18 11 1 346 333 331 339 350
67 67 69 70 70 72 73 74 74 74 74 75 75 75 75 75 75 76 76 76 76 75 76 76 77 78 78 78 79 80 81 82 82 82 83 85 87 87 84 81 79 77 73 66 59 61 66 70 71 67 62 58 55 55 57 58 60 63 66 65 61 59 59 57 57 54 50 45 39 37 40 41 41 39 36 32 26 22 23 22 20 20 26 33 33 29 24 19 16 12 0 343 334 335 342 349
