windninja/windninja_output/Output_2025-10-23_1800-1850_Google earth_Fire_150m_10min/merlingen_7.5mi_point_10-23-2025_1830_150m_vel.asc
ncols	158
nrows	163
xllcorner	391686.332397
yllcorner	5160024.123721
cellsize	150.000000
NODATA_value	-32768.000000
[rows 38 to 75 of 163, columns 0 to 83 of 158]
4.05 4.09 4.20 4.25 4.21 4.21 4.21 4.18 4.14 4.17 4.14 4.04 4.00 4.02 3.96 3.88 3.81 3.73 3.65 3.58 3.47 3.35 3.22 3.08 2.86 2.56 2.21 1.91 2.18 2.86 3.00 3.05 3.39 3.72 4.16 4.02 3.59 3.80 4.11 3.90 3.68 3.60 3.50 3.45 3.55 3.48 3.20 3.05 3.06 3.22 3.18 2.81 2.65 2.87 2.91 2.56 2.45 2.72 2.93 3.06 3.18 2.93 2.26 1.56 1.33 1.68 2.28 2.32 1.80 1.48 1.41 1.39 1.34 1.22 1.09 1.03 0.93 0.95 1.16 1.24 1.01 0.90 0.98 1.12
4.20 4.22 4.25 4.28 4.26 4.22 4.21 4.23 4.18 4.13 4.11 4.03 3.99 4.03 3.98 3.87 3.79 3.72 3.64 3.57 3.48 3.36 3.24 3.12 2.92 2.61 2.27 2.04 2.26 2.79 2.96 2.94 3.06 3.35 3.70 3.57 3.41 3.89 4.25 4.11 3.87 3.70 3.57 3.41 3.46 3.58 3.33 2.96 2.91 3.27 3.40 2.93 2.55 2.83 3.14 2.82 2.50 2.70 3.03 3.21 3.30 3.34 3.04 2.21 1.58 1.70 2.27 2.27 1.75 1.48 1.41 1.37 1.34 1.25 1.17 1.13 1.03 1.00 1.15 1.41 1.35 1.12 0.99 0.99
4.38 4.41 4.31 4.28 4.28 4.23 4.23 4.27 4.21 4.08 4.04 4.03 3.97 4.00 3.99 3.88 3.78 3.73 3.65 3.57 3.48 3.36 3.25 3.15 2.99 2.69 2.42 2.25 2.28 2.65 2.97 2.86 2.74 2.96 3.15 3.02 3.06 3.54 4.10 4.30 4.16 3.95 3.71 3.38 3.30 3.54 3.47 3.04 2.83 3.17 3.53 3.09 2.43 2.51 3.02 3.05 2.67 2.56 2.83 3.07 3.12 3.27 3.46 2.94 1.97 1.82 2.34 2.30 1.79 1.54 1.38 1.29 1.21 1.09 1.13 1.19 1.14 1.11 1.14 1.34 1.49 1.42 1.26 1.12
4.49 4.51 4.37 4.28 4.27 4.23 4.22 4.27 4.24 4.06 3.97 4.01 3.96 3.94 3.95 3.87 3.77 3.73 3.66 3.57 3.48 3.35 3.24 3.18 3.04 2.80 2.60 2.43 2.32 2.59 2.94 2.80 2.57 2.60 2.58 2.64 2.85 3.13 3.55 4.04 4.21 4.21 4.01 3.64 3.39 3.40 3.46 3.28 3.02 3.15 3.58 3.34 2.51 2.18 2.52 2.85 2.63 2.33 2.49 2.75 2.77 2.79 3.19 3.31 2.61 2.10 2.33 2.37 1.96 1.70 1.53 1.38 1.24 1.08 1.12 1.21 1.20 1.16 1.12 1.17 1.31 1.39 1.41 1.35
4.52 4.49 4.38 4.28 4.26 4.26 4.18 4.19 4.23 4.07 3.94 3.97 3.95 3.89 3.89 3.84 3.76 3.71 3.67 3.59 3.47 3.33 3.24 3.20 3.09 2.89 2.73 2.56 2.41 2.58 2.82 2.74 2.52 2.30 2.14 2.26 2.66 3.05 3.29 3.59 3.92 4.12 4.07 3.87 3.56 3.30 3.30 3.31 3.11 3.06 3.47 3.43 2.64 2.13 2.25 2.54 2.50 2.28 2.33 2.54 2.53 2.39 2.64 3.09 3.06 2.60 2.34 2.41 2.25 1.98 1.84 1.71 1.50 1.29 1.26 1.28 1.24 1.18 1.12 1.15 1.23 1.25 1.29 1.37
4.53 4.47 4.37 4.29 4.26 4.28 4.18 4.11 4.15 4.07 3.93 3.92 3.92 3.85 3.82 3.80 3.73 3.68 3.66 3.60 3.46 3.32 3.24 3.20 3.12 2.96 2.81 2.69 2.54 2.55 2.67 2.67 2.48 2.16 1.92 1.91 2.27 2.86 3.12 3.26 3.56 3.83 3.90 3.81 3.50 3.16 3.12 3.21 3.15 3.12 3.39 3.36 2.74 2.31 2.32 2.43 2.42 2.34 2.35 2.48 2.44 2.22 2.22 2.45 2.81 2.80 2.47 2.40 2.48 2.44 2.36 2.27 2.04 1.76 1.62 1.52 1.41 1.28 1.17 1.13 1.19 1.24 1.29 1.36
4.55 4.47 4.35 4.30 4.25 4.23 4.17 4.09 4.06 4.03 3.92 3.87 3.87 3.81 3.78 3.75 3.70 3.67 3.63 3.57 3.45 3.34 3.24 3.18 3.13 3.02 2.88 2.77 2.64 2.55 2.58 2.59 2.41 2.13 1.86 1.73 2.04 2.56 2.82 2.96 3.21 3.60 3.83 3.71 3.29 3.06 3.09 3.15 3.21 3.24 3.32 3.28 2.89 2.55 2.52 2.54 2.43 2.37 2.40 2.48 2.45 2.29 2.11 2.07 2.30 2.51 2.43 2.29 2.32 2.48 2.54 2.53 2.44 2.19 1.92 1.71 1.52 1.38 1.26 1.17 1.14 1.22 1.32 1.32
4.55 4.49 4.38 4.33 4.23 4.16 4.13 4.08 4.00 3.97 3.91 3.84 3.80 3.76 3.74 3.70 3.66 3.65 3.61 3.52 3.43 3.34 3.25 3.18 3.12 3.04 2.94 2.82 2.70 2.59 2.56 2.53 2.37 2.12 1.88 1.78 1.95 2.27 2.52 2.64 2.90 3.42 3.80 3.55 3.03 3.00 3.18 3.22 3.23 3.20 3.17 3.13 2.92 2.61 2.56 2.63 2.50 2.38 2.39 2.43 2.44 2.40 2.21 2.06 2.15 2.21 2.20 2.12 1.91 1.88 2.04 2.17 2.24 2.16 1.95 1.74 1.52 1.41 1.38 1.33 1.29 1.27 1.20 1.09
4.55 4.50 4.41 4.34 4.24 4.16 4.10 4.02 3.94 3.90 3.89 3.81 3.73 3.71 3.69 3.66 3.62 3.60 3.57 3.49 3.40 3.31 3.25 3.20 3.13 3.06 2.96 2.84 2.74 2.63 2.55 2.49 2.36 2.13 1.93 1.88 1.94 2.08 2.26 2.40 2.65 3.17 3.61 3.36 2.84 2.90 3.16 3.31 3.26 3.05 2.98 2.96 2.89 2.70 2.54 2.59 2.58 2.46 2.39 2.30 2.32 2.40 2.31 2.13 2.13 2.11 2.01 1.96 1.75 1.60 1.66 1.77 1.91 1.97 1.90 1.77 1.58 1.44 1.42 1.39 1.28 1.13 0.99 0.91
4.61 4.55 4.40 4.28 4.28 4.27 4.08 3.91 3.86 3.83 3.82 3.76 3.68 3.65 3.65 3.62 3.58 3.55 3.52 3.46 3.37 3.28 3.24 3.20 3.14 3.05 2.95 2.86 2.77 2.68 2.57 2.48 2.36 2.18 1.97 1.89 1.97 2.05 2.10 2.23 2.45 2.87 3.24 3.07 2.83 2.94 3.15 3.29 3.19 2.87 2.82 2.83 2.84 2.86 2.68 2.60 2.66 2.61 2.48 2.17 2.09 2.31 2.33 2.13 2.05 2.01 1.87 1.81 1.71 1.60 1.59 1.61 1.71 1.80 1.80 1.74 1.59 1.41 1.29 1.22 1.09 0.96 0.91 0.91
4.69 4.60 4.38 4.18 4.30 4.49 4.17 3.79 3.72 3.75 3.73 3.67 3.62 3.60 3.61 3.58 3.52 3.50 3.47 3.41 3.34 3.26 3.22 3.19 3.14 3.04 2.93 2.86 2.79 2.70 2.60 2.50 2.39 2.24 2.02 1.89 1.99 2.06 2.03 2.10 2.30 2.58 2.74 2.64 2.74 3.08 3.25 3.20 3.02 2.77 2.71 2.76 2.78 2.80 2.68 2.60 2.68 2.67 2.53 2.17 1.97 2.21 2.35 2.17 1.98 1.87 1.74 1.67 1.64 1.58 1.55 1.55 1.60 1.66 1.69 1.66 1.55 1.39 1.25 1.17 1.11 1.03 0.97 0.98
4.79 4.60 4.30 4.13 4.33 4.65 4.36 3.80 3.56 3.62 3.65 3.58 3.54 3.54 3.56 3.55 3.47 3.44 3.42 3.35 3.30 3.25 3.19 3.16 3.14 3.04 2.92 2.85 2.79 2.71 2.62 2.52 2.43 2.31 2.10 1.94 1.98 2.04 2.01 2.03 2.19 2.35 2.33 2.26 2.55 3.08 3.24 3.03 2.81 2.61 2.59 2.78 2.86 2.79 2.67 2.65 2.74 2.67 2.44 2.18 2.03 2.19 2.39 2.30 1.98 1.74 1.61 1.55 1.54 1.53 1.53 1.54 1.55 1.57 1.61 1.61 1.56 1.48 1.40 1.31 1.24 1.17 1.09 1.04
4.95 4.59 4.11 4.08 4.45 4.71 4.52 4.03 3.51 3.43 3.51 3.50 3.48 3.46 3.48 3.50 3.45 3.38 3.36 3.31 3.26 3.23 3.16 3.11 3.12 3.04 2.92 2.84 2.79 2.71 2.63 2.55 2.45 2.34 2.18 2.03 1.98 2.00 1.98 1.99 2.09 2.21 2.14 2.05 2.41 2.97 3.05 2.82 2.61 2.36 2.31 2.62 2.80 2.71 2.67 2.74 2.83 2.68 2.35 2.12 2.06 2.18 2.43 2.41 1.99 1.64 1.52 1.45 1.43 1.44 1.46 1.47 1.48 1.49 1.50 1.51 1.51 1.49 1.47 1.41 1.32 1.24 1.16 1.08
5.15 4.56 3.86 3.96 4.51 4.67 4.55 4.37 3.72 3.31 3.32 3.41 3.42 3.39 3.40 3.43 3.43 3.33 3.30 3.29 3.22 3.19 3.14 3.07 3.07 3.01 2.91 2.84 2.78 2.71 2.64 2.56 2.47 2.37 2.25 2.12 2.01 1.96 1.94 1.92 2.02 2.16 2.07 1.95 2.29 2.74 2.76 2.60 2.54 2.29 2.18 2.51 2.65 2.53 2.56 2.77 2.80 2.62 2.35 2.14 2.06 2.15 2.46 2.46 1.94 1.57 1.47 1.41 1.41 1.41 1.41 1.43 1.43 1.43 1.42 1.40 1.37 1.37 1.41 1.43 1.38 1.27 1.13 1.03
5.40 4.56 3.65 3.87 4.44 4.45 4.38 4.55 4.12 3.39 3.16 3.30 3.35 3.33 3.34 3.36 3.36 3.29 3.25 3.25 3.18 3.13 3.11 3.06 3.02 2.96 2.89 2.83 2.78 2.71 2.64 2.56 2.48 2.40 2.30 2.20 2.08 1.97 1.91 1.84 1.94 2.17 2.06 1.88 2.09 2.48 2.43 2.27 2.46 2.43 2.33 2.50 2.63 2.58 2.64 2.81 2.66 2.44 2.32 2.21 2.12 2.17 2.53 2.49 1.88 1.52 1.44 1.41 1.42 1.43 1.42 1.43 1.43 1.42 1.40 1.34 1.27 1.23 1.25 1.31 1.35 1.32 1.18 1.00
5.53 4.77 3.68 3.77 4.39 4.25 4.08 4.51 4.43 3.63 3.14 3.18 3.25 3.27 3.29 3.30 3.28 3.23 3.21 3.19 3.14 3.08 3.05 3.04 2.98 2.91 2.87 2.82 2.76 2.70 2.63 2.56 2.49 2.41 2.33 2.24 2.14 2.03 1.91 1.79 1.87 2.14 2.09 1.81 1.84 2.16 2.13 1.92 2.21 2.38 2.36 2.44 2.56 2.71 2.89 2.84 2.45 2.25 2.28 2.27 2.20 2.25 2.58 2.48 1.86 1.50 1.43 1.44 1.49 1.48 1.45 1.46 1.46 1.44 1.41 1.34 1.25 1.18 1.13 1.13 1.21 1.29 1.28 1.16
5.30 5.03 4.11 3.63 4.19 4.18 3.85 4.31 4.61 4.01 3.30 3.09 3.12 3.17 3.23 3.25 3.21 3.18 3.16 3.14 3.12 3.05 3.01 2.98 2.93 2.88 2.84 2.79 2.74 2.68 2.62 2.56 2.49 2.42 2.35 2.27 2.18 2.09 1.97 1.82 1.85 2.06 2.05 1.78 1.64 1.81 1.85 1.70 1.93 2.15 2.22 2.39 2.47 2.69 3.07 2.84 2.26 2.10 2.21 2.31 2.30 2.37 2.61 2.44 1.87 1.55 1.48 1.51 1.61 1.62 1.55 1.51 1.46 1.43 1.39 1.35 1.28 1.22 1.16 1.10 1.13 1.23 1.31 1.31
4.87 5.05 4.66 3.79 3.86 4.01 3.67 3.87 4.50 4.43 3.67 3.13 3.03 3.06 3.12 3.17 3.14 3.11 3.09 3.08 3.08 3.03 2.97 2.93 2.88 2.84 2.80 2.77 2.72 2.66 2.61 2.55 2.49 2.43 2.36 2.29 2.21 2.13 2.03 1.91 1.88 1.95 1.94 1.76 1.59 1.57 1.56 1.56 1.73 1.86 1.98 2.33 2.46 2.66 3.11 2.78 2.14 2.03 2.16 2.28 2.33 2.45 2.64 2.44 1.90 1.57 1.50 1.49 1.60 1.68 1.62 1.53 1.47 1.42 1.39 1.36 1.31 1.28 1.24 1.18 1.15 1.19 1.25 1.28
4.66 4.87 4.89 4.29 3.88 3.86 3.57 3.41 4.01 4.52 4.08 3.36 3.08 2.99 2.96 3.05 3.09 3.04 3.02 3.00 3.02 3.01 2.95 2.89 2.83 2.79 2.77 2.73 2.69 2.64 2.59 2.54 2.48 2.42 2.36 2.29 2.22 2.15 2.07 1.99 1.93 1.88 1.83 1.73 1.62 1.51 1.41 1.42 1.50 1.54 1.70 2.21 2.40 2.65 3.07 2.60 2.03 2.02 2.14 2.23 2.30 2.43 2.61 2.50 1.97 1.52 1.39 1.37 1.43 1.53 1.55 1.55 1.52 1.47 1.42 1.38 1.36 1.34 1.31 1.26 1.20 1.16 1.16 1.18
4.70 4.70 4.74 4.56 4.24 4.03 3.70 3.28 3.49 4.21 4.16 3.63 3.37 3.11 2.86 2.90 3.00 2.97 2.95 2.92 2.93 2.95 2.92 2.87 2.79 2.74 2.73 2.69 2.66 2.61 2.57 2.52 2.46 2.41 2.36 2.29 2.23 2.16 2.10 2.03 1.96 1.88 1.79 1.71 1.65 1.54 1.38 1.29 1.29 1.24 1.42 2.02 2.31 2.62 2.96 2.41 1.91 2.00 2.16 2.22 2.29 2.38 2.51 2.51 2.09 1.59 1.35 1.31 1.36 1.44 1.51 1.55 1.55 1.51 1.48 1.43 1.42 1.41 1.38 1.34 1.28 1.20 1.14 1.10
4.76 4.65 4.53 4.44 4.35 4.25 4.01 3.53 3.36 3.80 3.83 3.61 3.68 3.50 3.02 2.79 2.83 2.88 2.87 2.86 2.87 2.86 2.86 2.83 2.75 2.70 2.69 2.65 2.62 2.58 2.54 2.49 2.44 2.40 2.34 2.29 2.23 2.17 2.11 2.04 1.97 1.90 1.81 1.72 1.66 1.57 1.41 1.26 1.16 1.05 1.15 1.72 2.23 2.58 2.78 2.27 1.80 1.92 2.13 2.18 2.23 2.33 2.44 2.47 2.20 1.74 1.43 1.35 1.42 1.51 1.52 1.53 1.54 1.51 1.48 1.45 1.43 1.43 1.42 1.40 1.36 1.29 1.20 1.10
4.73 4.62 4.46 4.35 4.24 4.20 4.16 3.88 3.59 3.57 3.40 3.22 3.56 3.85 3.44 2.90 2.72 2.73 2.76 2.79 2.79 2.81 2.81 2.77 2.70 2.66 2.64 2.62 2.59 2.55 2.51 2.47 2.42 2.38 2.33 2.27 2.22 2.16 2.11 2.04 1.98 1.91 1.83 1.75 1.68 1.59 1.46 1.31 1.15 0.98 0.94 1.41 2.10 2.45 2.56 2.15 1.76 1.88 2.06 2.09 2.10 2.20 2.36 2.41 2.24 1.85 1.53 1.41 1.45 1.52 1.51 1.48 1.50 1.49 1.46 1.43 1.41 1.38 1.36 1.32 1.29 1.27 1.23 1.16
4.64 4.57 4.44 4.33 4.22 4.14 4.13 4.06 3.86 3.55 3.20 2.86 3.12 3.75 3.77 3.30 2.86 2.67 2.64 2.66 2.69 2.74 2.76 2.70 2.64 2.62 2.61 2.58 2.55 2.52 2.48 2.43 2.40 2.35 2.31 2.26 2.21 2.16 2.10 2.04 1.98 1.91 1.84 1.77 1.69 1.60 1.50 1.37 1.20 1.00 0.90 1.20 1.86 2.25 2.29 2.02 1.83 1.94 1.98 1.97 1.96 2.00 2.16 2.28 2.20 1.93 1.58 1.36 1.38 1.47 1.48 1.44 1.44 1.44 1.42 1.41 1.40 1.35 1.30 1.25 1.20 1.18 1.18 1.14
4.54 4.51 4.41 4.28 4.23 4.19 4.14 4.13 3.97 3.63 3.21 2.76 2.79 3.28 3.65 3.67 3.27 2.85 2.63 2.53 2.57 2.64 2.67 2.63 2.60 2.58 2.57 2.54 2.51 2.47 2.44 2.40 2.37 2.32 2.28 2.24 2.19 2.14 2.09 2.03 1.97 1.91 1.85 1.77 1.70 1.61 1.53 1.42 1.28 1.10 0.95 1.11 1.60 1.97 1.98 1.84 1.90 2.00 1.92 1.85 1.82 1.83 1.94 2.07 2.07 1.93 1.64 1.38 1.36 1.44 1.45 1.43 1.40 1.38 1.36 1.34 1.35 1.34 1.30 1.25 1.20 1.16 1.13 1.08
4.50 4.45 4.34 4.22 4.15 4.19 4.20 4.18 4.02 3.71 3.30 2.82 2.66 2.81 3.15 3.59 3.59 3.25 2.84 2.53 2.48 2.52 2.54 2.54 2.53 2.56 2.56 2.51 2.46 2.43 2.40 2.36 2.33 2.29 2.25 2.21 2.17 2.12 2.07 2.02 1.97 1.91 1.84 1.78 1.70 1.63 1.55 1.46 1.35 1.21 1.03 1.07 1.43 1.67 1.65 1.69 1.93 1.98 1.85 1.76 1.70 1.69 1.76 1.85 1.91 1.87 1.66 1.48 1.43 1.43 1.42 1.42 1.38 1.33 1.32 1.31 1.31 1.31 1.30 1.27 1.24 1.20 1.16 1.09
4.60 4.43 4.25 4.16 4.05 4.07 4.16 4.18 4.05 3.80 3.45 2.97 2.63 2.57 2.71 3.13 3.50 3.52 3.19 2.77 2.52 2.42 2.42 2.43 2.45 2.52 2.55 2.48 2.41 2.38 2.36 2.33 2.29 2.26 2.22 2.18 2.14 2.10 2.05 2.01 1.96 1.90 1.84 1.78 1.71 1.64 1.57 1.49 1.40 1.29 1.13 1.08 1.31 1.45 1.36 1.56 1.94 1.96 1.77 1.68 1.61 1.59 1.65 1.68 1.72 1.68 1.47 1.40 1.42 1.42 1.40 1.40 1.38 1.31 1.29 1.31 1.33 1.34 1.34 1.33 1.31 1.26 1.23 1.20
4.77 4.49 4.20 4.14 4.05 3.96 3.99 4.07 4.00 3.82 3.61 3.19 2.65 2.46 2.52 2.70 3.09 3.39 3.43 3.13 2.72 2.46 2.37 2.33 2.34 2.45 2.53 2.45 2.36 2.34 2.31 2.28 2.26 2.22 2.19 2.15 2.12 2.08 2.03 1.99 1.94 1.89 1.83 1.77 1.71 1.65 1.58 1.51 1.43 1.34 1.22 1.12 1.22 1.31 1.17 1.32 1.86 1.96 1.73 1.58 1.46 1.45 1.56 1.62 1.60 1.45 1.28 1.27 1.32 1.36 1.39 1.40 1.37 1.31 1.27 1.30 1.36 1.39 1.41 1.41 1.39 1.35 1.31 1.31
4.80 4.57 4.32 4.20 4.09 3.97 3.87 3.95 3.95 3.73 3.64 3.42 2.73 2.35 2.45 2.53 2.67 2.96 3.31 3.36 3.01 2.66 2.48 2.33 2.25 2.35 2.47 2.40 2.34 2.32 2.26 2.23 2.21 2.19 2.15 2.12 2.09 2.05 2.01 1.97 1.92 1.87 1.82 1.77 1.71 1.65 1.59 1.53 1.46 1.38 1.30 1.20 1.19 1.24 1.10 1.12 1.61 1.89 1.77 1.56 1.31 1.23 1.45 1.65 1.63 1.44 1.27 1.22 1.24 1.27 1.32 1.36 1.35 1.29 1.24 1.26 1.33 1.39 1.40 1.41 1.41 1.38 1.38 1.47
4.47 4.58 4.65 4.41 4.17 4.00 3.81 3.87 4.00 3.80 3.65 3.48 2.90 2.37 2.33 2.46 2.49 2.56 2.90 3.23 3.16 2.90 2.72 2.50 2.28 2.28 2.37 2.34 2.32 2.30 2.23 2.19 2.17 2.15 2.12 2.09 2.05 2.02 1.98 1.94 1.90 1.85 1.81 1.76 1.71 1.65 1.59 1.54 1.48 1.41 1.35 1.27 1.22 1.20 1.10 1.07 1.31 1.64 1.73 1.57 1.22 1.09 1.37 1.63 1.66 1.53 1.34 1.22 1.19 1.19 1.22 1.27 1.31 1.27 1.24 1.23 1.27 1.32 1.36 1.41 1.48 1.54 1.65 1.86
3.60 4.36 5.04 4.87 4.58 4.13 3.66 3.74 4.09 4.07 3.77 3.37 3.01 2.62 2.28 2.30 2.45 2.43 2.55 2.85 2.97 2.94 2.94 2.77 2.48 2.33 2.31 2.29 2.27 2.25 2.19 2.14 2.13 2.11 2.08 2.05 2.02 1.99 1.95 1.91 1.87 1.83 1.79 1.75 1.70 1.65 1.60 1.54 1.49 1.43 1.38 1.32 1.27 1.21 1.15 1.11 1.18 1.34 1.51 1.48 1.13 0.97 1.16 1.41 1.53 1.50 1.40 1.26 1.16 1.13 1.13 1.17 1.22 1.22 1.20 1.20 1.21 1.26 1.34 1.44 1.58 1.73 1.85 1.95
2.45 3.62 4.84 5.16 5.31 4.75 3.71 3.73 4.34 4.40 3.90 3.30 3.02 2.80 2.42 2.25 2.39 2.44 2.41 2.53 2.63 2.71 2.88 2.90 2.71 2.52 2.43 2.39 2.27 2.19 2.13 2.08 2.08 2.06 2.03 2.01 1.98 1.95 1.92 1.88 1.85 1.81 1.77 1.73 1.68 1.64 1.59 1.54 1.49 1.45 1.40 1.35 1.29 1.24 1.20 1.16 1.16 1.18 1.26 1.28 1.02 0.87 1.00 1.14 1.27 1.35 1.35 1.29 1.20 1.14 1.10 1.11 1.12 1.10 1.10 1.12 1.14 1.17 1.25 1.37 1.47 1.57 1.58 1.42
2.00 2.65 3.75 4.46 5.15 5.15 4.18 3.82 4.63 4.88 4.16 3.53 3.27 2.99 2.69 2.50 2.47 2.52 2.41 2.34 2.40 2.49 2.63 2.75 2.67 2.62 2.76 2.68 2.37 2.19 2.08 2.01 2.01 2.00 1.98 1.97 1.94 1.91 1.88 1.85 1.82 1.78 1.75 1.71 1.67 1.63 1.59 1.54 1.49 1.45 1.40 1.36 1.31 1.27 1.23 1.19 1.17 1.14 1.13 1.11 0.97 0.85 0.88 0.93 0.99 1.07 1.15 1.19 1.18 1.15 1.12 1.10 1.09 1.07 1.06 1.06 1.06 1.08 1.13 1.21 1.26 1.22 1.10 1.01
2.60 2.78 3.22 3.68 4.32 4.62 3.93 3.42 4.29 4.92 4.28 3.66 3.55 3.35 3.05 2.84 2.74 2.73 2.57 2.33 2.30 2.38 2.48 2.54 2.30 2.38 2.96 3.02 2.58 2.29 2.11 1.98 1.92 1.91 1.91 1.92 1.90 1.87 1.84 1.81 1.78 1.75 1.72 1.69 1.65 1.61 1.57 1.53 1.49 1.45 1.41 1.36 1.32 1.28 1.24 1.21 1.17 1.14 1.10 1.05 0.97 0.88 0.85 0.82 0.79 0.79 0.86 0.92 0.97 1.02 1.08 1.11 1.10 1.06 1.02 1.01 1.01 1.01 1.02 1.03 1.02 0.93 0.87 0.95
3.38 3.31 3.38 3.60 3.92 4.03 3.54 3.17 3.89 4.55 3.88 3.32 3.30 3.21 3.09 2.90 2.83 2.91 2.83 2.54 2.36 2.35 2.43 2.41 1.99 1.98 2.80 3.21 2.89 2.48 2.25 2.06 1.91 1.83 1.82 1.85 1.85 1.82 1.80 1.78 1.75 1.72 1.69 1.66 1.63 1.60 1.56 1.52 1.48 1.44 1.40 1.36 1.32 1.28 1.24 1.21 1.17 1.13 1.09 1.04 0.98 0.92 0.87 0.80 0.73 0.69 0.67 0.68 0.70 0.75 0.86 0.98 1.03 0.98 0.96 0.98 0.99 0.97 0.93 0.87 0.82 0.81 0.87 1.06
3.94 3.82 3.68 3.63 3.70 3.79 3.55 3.35 3.80 4.09 3.49 3.15 3.07 2.92 2.87 2.73 2.66 2.78 2.84 2.70 2.56 2.48 2.44 2.32 1.92 1.75 2.38 3.06 3.07 2.74 2.45 2.23 2.04 1.85 1.75 1.78 1.77 1.76 1.76 1.74 1.72 1.69 1.66 1.63 1.61 1.57 1.54 1.51 1.47 1.43 1.39 1.36 1.32 1.28 1.24 1.20 1.16 1.13 1.08 1.03 0.99 0.94 0.89 0.83 0.76 0.71 0.65 0.61 0.56 0.53 0.55 0.67 0.81 0.82 0.82 0.84 0.89 0.89 0.85 0.82 0.81 0.85 0.99 1.20
4.47 4.27 3.89 3.64 3.67 3.74 3.61 3.53 3.63 3.55 3.28 3.15 2.98 2.81 2.73 2.60 2.53 2.60 2.64 2.57 2.57 2.58 2.50 2.34 1.96 1.73 2.10 2.69 2.98 2.91 2.62 2.39 2.26 2.01 1.77 1.71 1.71 1.69 1.70 1.70 1.68 1.66 1.63 1.61 1.58 1.55 1.52 1.49 1.46 1.42 1.38 1.35 1.31 1.27 1.23 1.19 1.15 1.11 1.07 1.03 0.98 0.94 0.90 0.84 0.79 0.74 0.69 0.63 0.57 0.49 0.44 0.46 0.54 0.60 0.66 0.70 0.76 0.79 0.80 0.83 0.87 0.96 1.15 1.20
5.05 4.73 4.08 3.66 3.68 3.72 3.60 3.56 3.44 3.20 3.10 3.05 2.90 2.77 2.66 2.53 2.48 2.53 2.50 2.40 2.42 2.48 2.47 2.37 2.04 1.78 1.97 2.38 2.73 2.89 2.71 2.49 2.41 2.22 1.90 1.70 1.67 1.66 1.64 1.64 1.63 1.62 1.60 1.58 1.56 1.53 1.50 1.47 1.44 1.41 1.37 1.33 1.30 1.26 1.22 1.18 1.14 1.10 1.06 1.02 0.97 0.93 0.89 0.85 0.80 0.76 0.71 0.66 0.61 0.55 0.48 0.45 0.44 0.47 0.56 0.65 0.71 0.77 0.79 0.82 0.95 1.12 1.20 1.01
5.60 5.17 4.38 3.79 3.66 3.73 3.58 3.43 3.28 3.07 2.96 2.89 2.78 2.70 2.60 2.46 2.42 2.47 2.44 2.34 2.32 2.35 2.36 2.33 2.09 1.81 1.89 2.16 2.48 2.75 2.72 2.55 2.47 2.35 2.05 1.79 1.69 1.66 1.62 1.58 1.57 1.58 1.57 1.55 1.53 1.51 1.48 1.45 1.42 1.39 1.36 1.32 1.28 1.24 1.20 1.16 1.12 1.09 1.05 1.01 0.97 0.93 0.88 0.84 0.80 0.76 0.72 0.68 0.64 0.59 0.55 0.52 0.49 0.47 0.51 0.59 0.66 0.74 0.81 0.87 1.04 1.14 1.00 0.71
