windninja/windninja_output/Output_2025-10-23_1800-1850_Google earth_Fire_150m_10min/merlingen_7.5mi_point_10-23-2025_1820_150m_ang.asc
ncols	158
nrows	163
xllcorner	391686.332397
yllcorner	5160024.123721
cellsize	150.000000
NODATA_value	-32768.000000
[rows 0 to 41 of 163, columns 0 to 94 of 158]
14 12 10 8 7 8 8 7 6 6 7 7 7 9 11 12 12 7 4 2 359 358 359 2 3 2 1 359 358 359 359 359 358 357 355 355 356 354 351 350 349 349 350 348 347 347 346 344 343 345 347 347 347 348 349 348 346 343 341 340 341 341 339 338 337 337 336 335 334 334 335 334 332 330 328 328 329 326 322 322 323 322 317 315 313 310 307 303 300 298 294 292 291 288 282
15 13 9 7 7 8 10 9 7 6 6 6 7 9 12 13 10 5 2 1 359 356 357 1 4 4 2 359 358 360 0 360 359 358 356 356 357 355 353 352 351 350 351 350 349 349 349 347 344 344 345 345 346 347 348 348 346 344 342 341 341 341 340 339 338 338 337 335 334 334 335 335 334 331 330 330 330 327 325 325 325 323 319 316 314 312 312 308 304 301 298 296 295 293 290
14 12 8 7 7 9 11 10 7 4 2 3 5 8 11 11 8 4 2 1 0 356 354 359 5 6 4 2 1 2 2 1 359 358 356 356 357 356 355 354 353 352 351 350 350 350 350 349 348 346 345 345 346 347 347 347 345 344 344 343 343 342 341 340 339 339 337 336 334 334 336 336 334 332 331 332 333 329 327 328 330 327 322 321 318 318 321 319 314 312 308 306 306 306 306
8 9 9 8 8 8 7 6 3 2 1 3 5 6 8 8 7 5 5 5 3 358 354 356 2 5 6 5 4 4 4 3 360 357 356 356 356 356 356 354 353 352 351 349 350 350 350 351 352 350 349 349 350 349 348 346 345 344 344 344 343 343 342 341 340 339 338 336 334 335 337 336 333 332 331 332 331 329 328 330 333 330 325 325 321 320 326 326 324 323 321 318 317 318 318
0 5 9 9 8 6 3 1 1 2 4 4 4 5 5 6 7 7 8 9 7 1 355 354 357 2 4 5 5 4 5 4 2 358 357 357 357 356 354 353 352 352 351 350 350 351 351 352 352 352 352 352 351 350 349 347 345 344 343 343 343 343 342 341 341 340 338 336 334 336 337 335 333 332 332 331 328 326 327 331 333 329 325 326 322 320 325 327 326 328 329 327 327 327 327
358 1 6 8 7 5 2 360 1 4 6 5 2 3 4 6 9 11 11 11 9 3 356 351 352 356 1 4 4 4 4 4 2 1 0 359 357 355 354 353 353 351 350 351 352 352 353 353 352 353 355 354 352 350 349 348 346 344 343 343 343 343 343 342 341 340 339 336 335 338 339 335 332 333 335 333 330 327 328 332 332 327 323 324 323 321 323 323 322 324 327 328 330 332 330
1 0 1 4 5 4 3 2 4 6 5 3 1 1 4 6 10 13 13 11 10 5 357 350 348 352 357 0 1 2 3 2 1 3 2 360 357 355 355 355 354 353 352 352 353 353 353 353 353 354 356 355 353 352 350 347 345 344 343 343 343 344 345 344 342 341 340 336 336 339 341 338 335 336 337 335 333 331 333 335 330 327 326 324 323 320 320 320 318 319 319 319 323 326 327
3 2 1 0 2 4 5 6 7 6 3 1 360 1 4 7 9 12 12 11 10 7 2 353 347 350 354 356 358 0 0 359 1 2 1 359 357 357 357 357 356 355 355 354 354 353 353 353 354 355 355 354 353 354 351 347 345 344 343 342 343 345 347 346 345 343 340 337 337 339 340 337 337 339 338 335 333 333 338 337 327 325 328 327 326 325 323 323 321 318 315 314 314 316 321
3 3 3 1 1 3 6 8 7 4 1 358 357 359 4 7 9 10 11 12 10 9 6 360 352 349 352 355 357 359 358 358 360 1 360 358 358 359 360 359 359 358 356 355 354 353 353 353 353 355 355 353 353 353 350 346 345 344 342 342 342 343 344 346 345 343 340 337 338 340 338 334 335 338 338 335 332 335 340 335 325 323 327 329 330 330 330 329 329 328 327 324 322 322 325
3 4 5 4 3 4 6 7 5 3 0 357 354 355 1 7 9 8 9 10 10 9 7 3 358 352 351 355 358 358 357 357 359 0 0 0 1 1 2 2 1 359 357 355 354 354 354 353 353 354 354 353 353 350 346 344 343 342 342 342 341 340 340 341 340 339 337 337 339 341 338 334 334 336 337 335 332 335 339 334 328 326 327 328 326 327 328 328 331 335 335 332 329 329 327
4 5 5 5 5 5 6 5 4 2 1 358 355 354 359 5 8 7 7 7 9 9 8 6 2 358 355 357 359 358 358 359 359 360 1 3 4 4 3 2 1 360 358 357 356 354 353 353 354 354 351 351 350 346 342 341 340 338 338 339 337 333 334 333 330 330 330 333 339 340 336 334 334 336 338 337 333 332 333 332 331 330 330 328 323 323 324 322 325 332 333 328 326 329 325
5 5 6 6 6 6 5 5 4 3 1 359 356 355 358 2 5 6 6 5 6 8 9 8 5 3 2 0 360 359 360 1 1 0 2 5 6 5 3 2 2 1 0 0 359 357 356 356 357 354 347 345 342 337 333 331 331 331 330 329 322 316 317 318 317 317 319 325 334 335 333 333 335 338 341 341 338 335 333 331 331 332 333 331 328 327 325 320 322 331 328 320 320 325 322
6 6 6 7 6 6 5 5 5 4 2 1 359 357 358 360 1 3 5 5 5 6 9 10 10 10 8 5 3 2 2 3 2 1 4 6 5 3 2 2 2 2 2 3 3 3 5 6 5 356 345 339 331 319 312 312 316 320 320 308 295 294 297 298 299 300 303 311 324 328 329 331 333 336 339 339 339 337 335 335 333 331 332 330 329 330 327 321 324 332 327 317 317 321 316
7 7 7 7 6 6 6 6 5 4 3 2 0 0 1 1 360 359 2 4 5 7 11 14 16 15 11 7 5 5 4 3 3 3 5 6 5 3 3 3 4 5 8 10 10 12 14 15 12 3 354 346 337 320 304 298 299 306 316 313 308 308 307 304 300 295 293 299 309 318 324 327 329 332 334 333 332 330 332 334 331 329 328 326 325 328 325 319 322 327 322 312 310 311 306
8 8 7 7 7 7 7 7 6 5 4 3 1 1 3 5 2 358 359 3 7 10 14 17 17 15 11 9 8 8 8 6 4 4 4 4 6 7 8 9 13 20 28 27 23 22 17 9 8 8 4 356 351 342 334 327 324 328 334 331 326 324 324 325 322 313 308 305 304 310 318 322 323 327 330 328 324 323 323 323 323 323 322 320 320 321 318 314 314 315 308 298 292 291 290
9 8 8 8 7 8 7 7 7 6 5 4 1 359 1 5 5 3 1 3 8 11 14 16 16 14 10 10 11 9 8 6 5 6 6 8 14 18 22 27 32 34 30 20 14 13 9 2 0 3 2 359 354 349 348 349 349 346 342 335 330 330 330 334 334 327 323 318 315 315 315 314 315 320 325 325 323 321 320 318 318 318 316 313 312 310 305 301 300 299 294 287 284 284 285
10 9 9 9 8 8 8 8 7 7 5 4 2 359 358 2 7 8 7 6 8 11 13 15 15 13 11 10 11 9 7 8 11 15 21 26 29 31 31 29 26 18 11 10 10 8 6 5 358 352 353 355 353 350 351 354 355 352 346 338 333 331 333 337 335 329 327 325 323 323 319 310 306 312 320 322 324 323 320 318 317 316 310 305 300 294 287 281 283 292 298 296 294 292 291
10 10 10 9 9 9 8 8 8 7 6 5 4 1 358 0 6 9 10 10 11 12 13 14 15 15 14 11 10 10 11 15 21 27 30 28 24 21 18 16 14 11 8 9 10 7 4 2 357 351 349 350 351 352 352 353 353 352 347 340 336 335 337 339 335 330 328 327 328 326 324 320 314 313 316 320 324 322 316 312 309 306 302 296 288 282 280 281 289 298 303 301 299 298 297
11 11 10 10 10 9 9 9 8 8 8 7 5 3 1 2 6 10 12 14 15 15 14 15 16 17 16 14 12 14 19 23 26 26 25 23 20 17 15 13 12 11 11 10 9 6 0 356 354 353 350 348 349 352 352 351 350 349 346 341 337 337 339 339 335 330 328 329 329 326 326 329 325 320 318 316 315 310 300 293 292 291 292 295 296 296 298 299 299 302 306 305 301 301 301
12 12 11 11 10 10 10 9 9 9 9 8 7 6 5 5 8 12 14 16 16 15 15 15 16 17 17 16 16 18 21 24 25 26 26 24 21 17 13 11 11 10 10 9 7 2 358 355 353 353 352 349 348 348 348 348 348 348 345 341 338 337 337 335 332 328 327 328 329 328 330 333 331 328 327 323 315 303 293 291 293 296 302 308 309 307 306 304 301 303 311 314 306 302 302
13 12 11 11 11 11 11 10 10 10 9 9 9 8 8 9 11 13 14 15 15 15 15 15 15 17 18 18 18 19 20 22 24 24 21 19 16 12 10 9 10 10 10 9 4 0 359 358 356 353 353 351 347 344 343 344 346 346 345 343 341 338 335 333 331 328 328 329 329 331 335 337 333 329 330 333 332 324 316 310 308 310 311 313 314 310 307 304 302 304 313 320 310 303 303
13 13 12 12 12 11 11 11 11 10 10 10 10 10 10 11 12 13 14 14 15 15 15 15 16 18 19 20 20 20 20 20 20 18 14 13 13 12 10 11 12 12 11 8 4 2 0 359 356 354 352 351 348 345 342 342 341 342 345 346 344 339 334 333 330 328 330 329 330 334 339 339 333 327 328 334 338 334 329 323 318 317 315 315 318 314 311 308 305 307 316 326 319 308 307
14 14 13 13 12 12 12 12 12 12 11 11 12 11 11 12 12 13 14 15 15 15 16 16 17 18 20 21 21 20 18 16 14 13 13 13 14 16 15 14 13 12 10 9 6 2 359 358 356 355 352 351 350 347 344 342 340 340 343 346 344 337 333 332 330 330 332 332 334 339 341 340 333 327 328 334 338 335 332 328 326 325 321 319 320 318 317 313 310 311 319 331 325 311 309
15 14 14 13 13 12 13 13 13 13 12 11 12 13 12 12 13 13 14 15 15 15 16 16 17 19 21 23 23 22 18 13 12 14 17 18 19 20 18 15 12 10 10 9 5 360 359 360 358 355 353 352 350 348 345 343 341 340 343 345 342 336 330 328 329 331 334 335 339 342 342 338 329 326 331 338 339 332 329 329 329 330 327 325 323 320 319 314 310 311 320 333 324 310 308
15 15 14 14 14 13 13 14 14 13 13 12 13 14 14 13 14 14 15 15 15 16 17 17 18 20 23 26 27 24 18 14 13 16 19 20 21 20 17 13 10 9 8 5 1 1 3 3 0 356 353 352 349 347 346 345 343 343 344 342 339 332 327 326 328 330 333 337 341 341 337 330 325 327 334 342 338 328 325 327 328 329 331 331 327 322 318 312 307 309 321 336 324 311 308
16 16 15 15 14 14 14 14 14 14 14 14 14 14 14 14 15 15 16 16 16 17 17 17 18 20 24 28 28 25 21 17 14 14 17 19 21 21 16 11 8 6 4 0 1 5 7 4 1 358 355 352 348 345 344 345 346 348 347 341 333 328 327 330 334 336 338 343 345 339 328 323 323 329 339 347 337 326 324 326 326 328 333 334 330 327 325 319 311 310 323 337 327 316 312
17 17 16 15 15 15 14 15 15 15 15 15 15 15 15 15 15 16 16 17 17 17 17 17 18 19 22 26 28 27 25 21 16 12 13 16 19 19 15 9 6 3 360 359 3 6 7 5 1 358 357 354 350 344 341 345 351 354 349 340 330 324 325 332 339 344 348 352 349 337 325 322 325 331 343 350 340 327 324 325 324 325 330 331 329 329 331 327 316 314 324 334 328 320 316
17 17 16 16 16 15 15 15 16 16 16 16 16 16 16 16 16 17 17 17 17 16 16 16 17 18 19 24 26 27 27 25 20 15 13 13 15 16 14 9 5 1 358 359 2 3 4 5 3 359 358 356 353 347 343 348 357 355 347 338 329 323 324 331 339 346 353 355 346 331 323 323 328 334 345 349 339 327 325 326 323 323 325 324 322 324 330 329 319 316 323 329 326 320 318
18 18 17 17 16 16 16 16 16 17 17 17 17 17 16 17 17 17 17 17 17 16 16 16 16 15 16 18 22 25 27 27 23 19 13 8 8 12 11 8 3 360 359 359 360 1 2 4 4 360 357 356 354 350 349 353 356 352 343 335 329 328 332 337 342 347 354 352 337 327 323 327 333 339 347 346 334 323 322 324 323 323 322 318 315 315 320 320 315 315 320 325 324 319 317
18 18 18 18 17 17 17 17 17 17 18 18 18 18 17 17 17 17 17 17 17 17 17 16 15 12 11 14 18 20 23 26 25 19 10 3 4 6 6 4 1 360 0 0 0 1 2 1 360 359 358 356 355 355 355 357 355 348 339 331 327 331 339 344 346 347 351 344 329 322 322 329 338 344 348 344 334 323 318 318 321 323 320 314 310 310 313 314 313 314 317 319 320 317 313
20 19 18 18 18 18 17 18 18 18 18 19 19 19 19 18 18 18 18 18 18 18 17 15 13 10 9 12 16 19 23 26 24 16 7 2 2 3 3 1 359 360 1 2 2 2 360 356 354 357 359 357 357 359 0 2 357 345 335 327 326 333 343 348 345 342 343 336 322 316 319 326 334 340 345 342 337 330 321 318 321 324 320 315 313 315 316 315 313 312 312 311 311 309 305
21 20 18 19 19 19 18 18 19 19 19 20 20 20 20 19 19 19 18 18 18 17 16 15 13 10 9 11 16 22 26 25 20 15 8 3 2 1 0 1 1 2 3 4 4 2 358 353 353 357 358 357 359 1 4 6 360 346 332 325 328 340 350 350 340 336 338 333 319 314 318 324 326 333 340 342 341 335 325 320 324 329 324 317 314 313 311 309 306 303 301 300 299 300 300
22 21 19 19 20 19 19 19 20 20 20 20 21 21 21 20 20 20 19 18 18 17 16 15 13 10 9 10 13 17 18 17 16 16 12 4 360 359 0 3 6 6 6 5 5 2 358 355 357 359 357 356 357 360 4 4 357 348 337 328 330 344 355 352 339 334 335 331 321 317 323 328 328 334 340 342 342 337 328 322 327 332 326 318 314 309 305 303 300 298 296 293 292 295 300
22 21 20 20 21 21 20 20 21 21 21 21 21 22 22 21 21 20 19 19 18 17 15 14 13 10 8 8 8 9 12 14 16 19 16 3 356 360 4 7 9 9 8 7 7 3 360 0 2 0 358 356 355 357 1 358 351 346 342 336 336 345 353 350 341 335 333 328 321 320 327 331 332 337 341 342 340 337 331 327 331 333 326 320 319 316 311 309 308 304 300 296 295 297 304
22 21 21 22 22 21 20 21 22 22 22 22 23 23 23 22 22 21 20 19 19 17 15 13 12 11 10 8 5 6 10 15 17 18 16 6 358 1 7 10 12 13 12 13 11 6 4 5 3 1 359 357 355 355 354 350 344 340 340 340 341 346 351 348 341 337 333 327 320 320 328 334 335 339 340 339 337 333 329 329 333 335 329 323 322 323 318 315 315 311 307 305 303 303 307
22 22 22 23 22 21 21 22 23 23 23 23 23 24 23 23 22 22 21 20 19 17 16 14 12 11 10 9 8 8 9 11 13 13 13 11 6 6 12 15 18 20 19 18 14 9 7 5 2 1 0 358 357 355 351 347 343 339 337 336 339 345 348 344 340 338 334 328 322 321 327 332 333 337 336 335 334 328 321 321 326 332 329 322 321 323 320 318 320 318 314 310 306 302 304
23 23 23 23 23 23 23 23 24 24 24 24 24 24 24 24 23 23 22 20 19 18 17 15 13 11 10 9 10 9 5 5 6 9 14 16 15 15 20 24 26 25 21 17 12 9 7 4 2 2 360 357 356 354 350 348 347 344 341 336 336 341 344 341 338 335 332 327 324 324 327 324 324 329 332 335 335 331 323 318 319 323 323 319 316 320 322 321 322 321 317 311 306 302 305
24 24 24 24 25 25 24 25 25 26 26 25 25 25 25 24 24 23 22 21 20 19 18 16 14 11 9 8 8 4 2 1 4 11 17 19 22 26 30 29 26 23 19 14 10 8 6 4 4 3 358 355 355 353 349 348 348 349 346 342 340 342 342 340 337 331 325 323 326 332 332 323 321 327 334 336 335 338 332 324 323 323 322 319 315 318 326 326 321 319 317 311 306 304 309
25 25 25 25 26 26 26 26 26 27 26 26 26 26 26 25 24 23 23 22 21 19 18 16 14 11 8 5 2 1 1 3 7 12 17 22 28 33 32 27 23 19 14 11 9 7 4 3 4 2 357 354 355 355 351 348 349 351 350 347 346 348 347 345 340 330 319 318 326 336 333 328 328 334 342 336 333 340 338 331 332 331 326 319 314 318 329 331 323 320 318 312 305 303 307
26 27 27 27 27 27 28 28 28 27 27 27 27 27 27 26 25 24 23 22 21 20 18 17 15 11 7 2 359 1 4 4 7 11 18 25 28 28 27 25 21 16 11 7 6 5 3 1 1 359 357 354 353 354 352 350 350 351 351 349 351 355 357 352 344 332 319 317 327 331 329 329 332 342 346 332 333 344 343 337 340 339 329 318 310 313 324 330 326 322 321 313 304 301 303
28 29 28 28 28 28 28 29 29 28 28 28 27 27 27 26 25 25 24 22 21 20 18 17 15 12 8 3 1 4 5 4 5 11 20 25 24 22 22 21 18 13 8 5 4 3 3 0 358 358 356 351 348 349 350 352 351 350 350 350 354 1 4 357 346 335 323 322 328 327 327 329 332 342 339 328 335 348 345 339 344 346 335 322 313 312 320 328 328 324 322 311 301 298 300
28 29 28 28 29 29 29 29 29 29 28 28 27 27 27 26 25 25 24 23 21 20 19 17 15 13 10 6 4 5 5 5 6 11 17 21 21 19 17 15 12 8 7 6 2 359 360 0 359 358 354 350 347 346 347 350 352 351 349 352 357 3 1 355 349 338 328 328 330 331 333 333 332 338 332 327 338 353 349 342 342 342 334 326 319 319 325 331 329 324 319 309 298 294 300
