windninja/windninja_output/Output_2025-10-23_1800-1850_Google earth_Fire_150m_10min/merlingen_7.5mi_point_10-23-2025_1800_150m_vel.asc
ncols	158
nrows	163
xllcorner	391686.332397
yllcorner	5160024.123721
cellsize	150.000000
NODATA_value	-32768.000000
[rows 37 to 73 of 163, columns 0 to 83 of 158]
2.65 2.69 2.79 2.88 2.90 2.89 2.88 2.87 2.91 2.98 2.97 2.90 2.88 2.89 2.87 2.83 2.78 2.73 2.68 2.60 2.52 2.45 2.35 2.23 2.09 1.88 1.67 1.48 1.57 2.07 2.22 2.25 2.54 2.86 3.12 2.95 2.65 2.60 2.61 2.47 2.31 2.24 2.20 2.14 2.12 2.06 1.87 1.77 1.74 1.70 1.61 1.50 1.46 1.46 1.37 1.27 1.27 1.29 1.22 1.18 1.16 1.04 0.92 0.88 0.87 0.92 1.06 1.21 1.19 0.94 0.73 0.75 0.96 1.11 1.07 0.98 0.95 0.94 0.98 1.04 0.95 0.86 0.88 0.99
2.73 2.77 2.86 2.90 2.89 2.91 2.93 2.94 2.94 2.99 2.98 2.90 2.89 2.91 2.89 2.83 2.78 2.73 2.68 2.63 2.55 2.46 2.37 2.28 2.13 1.91 1.67 1.46 1.63 2.10 2.18 2.18 2.39 2.59 2.85 2.77 2.50 2.61 2.76 2.60 2.42 2.33 2.23 2.16 2.17 2.11 1.93 1.83 1.84 1.86 1.77 1.57 1.50 1.55 1.49 1.33 1.34 1.44 1.48 1.46 1.45 1.36 1.18 0.99 0.89 0.88 0.97 1.04 0.94 0.81 0.88 1.16 1.36 1.24 0.99 0.95 1.06 1.09 1.07 1.08 0.98 0.91 0.92 1.08
2.82 2.86 2.89 2.91 2.92 2.91 2.94 2.99 2.98 2.97 2.96 2.90 2.89 2.93 2.91 2.82 2.78 2.73 2.67 2.63 2.56 2.47 2.38 2.31 2.17 1.95 1.71 1.54 1.68 2.04 2.14 2.11 2.19 2.35 2.56 2.50 2.40 2.68 2.87 2.75 2.55 2.39 2.27 2.14 2.14 2.18 2.02 1.80 1.78 1.91 1.91 1.67 1.56 1.70 1.79 1.66 1.60 1.68 1.76 1.77 1.77 1.71 1.51 1.17 0.97 0.93 0.96 0.93 0.83 0.90 1.20 1.41 1.29 1.02 0.91 1.11 1.28 1.22 1.17 1.16 1.05 0.94 0.95 1.19
2.90 2.97 2.91 2.90 2.93 2.91 2.95 3.02 3.01 2.93 2.91 2.90 2.88 2.91 2.91 2.83 2.77 2.74 2.68 2.62 2.56 2.47 2.39 2.32 2.21 2.00 1.81 1.69 1.70 1.94 2.14 2.05 1.96 2.09 2.22 2.15 2.17 2.47 2.79 2.88 2.75 2.55 2.36 2.13 2.07 2.17 2.12 1.88 1.77 1.90 1.99 1.75 1.55 1.66 1.85 1.88 1.77 1.70 1.69 1.68 1.63 1.62 1.59 1.33 1.06 1.02 1.03 0.97 0.96 1.19 1.35 1.17 0.90 0.82 0.97 1.38 1.47 1.32 1.23 1.17 1.04 0.99 1.09 1.32
2.89 2.96 2.89 2.86 2.89 2.91 2.94 3.02 3.02 2.90 2.85 2.89 2.88 2.87 2.87 2.82 2.76 2.73 2.69 2.62 2.56 2.46 2.38 2.34 2.24 2.07 1.92 1.80 1.72 1.89 2.12 2.01 1.84 1.85 1.86 1.91 2.04 2.20 2.43 2.73 2.80 2.74 2.59 2.34 2.15 2.14 2.19 2.11 1.97 1.96 2.05 1.89 1.58 1.44 1.50 1.61 1.55 1.40 1.33 1.31 1.29 1.32 1.46 1.47 1.28 1.15 1.14 1.19 1.33 1.43 1.21 0.95 0.91 0.99 1.27 1.60 1.47 1.26 1.14 1.04 0.95 1.01 1.23 1.48
2.82 2.85 2.82 2.80 2.84 2.91 2.90 2.94 2.99 2.89 2.81 2.86 2.86 2.83 2.82 2.80 2.74 2.71 2.69 2.63 2.55 2.44 2.37 2.35 2.26 2.12 2.01 1.89 1.78 1.88 2.04 1.97 1.81 1.67 1.57 1.66 1.92 2.15 2.27 2.44 2.61 2.69 2.65 2.49 2.27 2.12 2.12 2.10 1.95 1.84 1.90 1.83 1.53 1.30 1.26 1.32 1.30 1.18 1.10 1.11 1.10 1.12 1.26 1.45 1.48 1.39 1.45 1.62 1.69 1.52 1.22 1.16 1.27 1.36 1.63 1.71 1.37 1.16 1.05 0.97 0.97 1.06 1.30 1.74
2.76 2.75 2.73 2.75 2.81 2.89 2.86 2.85 2.91 2.87 2.79 2.81 2.83 2.78 2.77 2.76 2.72 2.69 2.67 2.63 2.53 2.42 2.37 2.34 2.28 2.16 2.06 1.97 1.86 1.86 1.93 1.91 1.78 1.58 1.43 1.43 1.65 1.99 2.15 2.22 2.36 2.49 2.50 2.38 2.19 2.01 1.97 1.97 1.88 1.76 1.77 1.75 1.56 1.38 1.29 1.26 1.22 1.16 1.10 1.08 1.05 1.01 1.05 1.21 1.44 1.66 1.85 1.96 1.92 1.80 1.70 1.74 1.76 1.80 1.91 1.73 1.34 1.13 1.01 0.96 1.04 1.24 1.64 2.19
2.71 2.68 2.66 2.71 2.77 2.81 2.80 2.80 2.82 2.82 2.77 2.76 2.77 2.74 2.73 2.71 2.68 2.67 2.64 2.60 2.51 2.42 2.36 2.31 2.27 2.19 2.10 2.02 1.92 1.85 1.86 1.85 1.73 1.55 1.37 1.29 1.44 1.75 1.92 2.00 2.13 2.32 2.39 2.28 2.06 1.94 1.92 1.90 1.87 1.80 1.79 1.79 1.67 1.51 1.41 1.32 1.23 1.18 1.14 1.12 1.10 1.06 1.04 1.13 1.42 1.74 1.91 1.94 1.89 1.93 2.00 2.02 1.99 1.97 1.85 1.52 1.21 1.07 0.97 0.98 1.18 1.57 2.07 2.25
2.64 2.63 2.64 2.70 2.70 2.70 2.74 2.75 2.74 2.75 2.74 2.71 2.70 2.69 2.68 2.66 2.64 2.64 2.61 2.55 2.48 2.41 2.35 2.30 2.25 2.20 2.12 2.03 1.94 1.86 1.83 1.80 1.69 1.53 1.37 1.28 1.35 1.54 1.70 1.78 1.91 2.18 2.34 2.19 1.93 1.92 1.97 1.91 1.83 1.77 1.74 1.73 1.64 1.49 1.41 1.36 1.26 1.17 1.14 1.16 1.20 1.23 1.28 1.44 1.66 1.78 1.77 1.69 1.56 1.53 1.62 1.67 1.67 1.63 1.44 1.18 1.03 0.99 1.02 1.21 1.56 1.91 2.01 1.67
2.59 2.60 2.62 2.65 2.64 2.65 2.68 2.68 2.66 2.67 2.69 2.66 2.62 2.62 2.63 2.62 2.60 2.59 2.56 2.51 2.44 2.38 2.33 2.29 2.25 2.19 2.12 2.03 1.95 1.88 1.81 1.76 1.67 1.52 1.38 1.33 1.34 1.40 1.51 1.59 1.72 1.99 2.23 2.10 1.83 1.84 1.91 1.89 1.79 1.68 1.66 1.65 1.61 1.49 1.36 1.34 1.29 1.20 1.15 1.20 1.33 1.45 1.59 1.73 1.77 1.71 1.59 1.44 1.31 1.28 1.30 1.31 1.31 1.25 1.12 1.00 0.95 0.99 1.14 1.41 1.65 1.69 1.44 1.10
2.59 2.60 2.57 2.53 2.60 2.69 2.65 2.58 2.57 2.59 2.62 2.60 2.56 2.56 2.58 2.57 2.55 2.53 2.51 2.47 2.40 2.33 2.31 2.28 2.23 2.17 2.09 2.03 1.96 1.89 1.81 1.74 1.65 1.53 1.38 1.31 1.34 1.36 1.38 1.46 1.56 1.79 2.02 1.96 1.83 1.82 1.82 1.80 1.74 1.63 1.61 1.61 1.59 1.57 1.46 1.38 1.35 1.29 1.24 1.27 1.41 1.54 1.61 1.61 1.54 1.46 1.35 1.26 1.22 1.22 1.21 1.17 1.11 1.02 0.92 0.85 0.87 0.94 1.08 1.25 1.33 1.24 1.09 0.98
2.62 2.60 2.50 2.40 2.56 2.79 2.68 2.47 2.46 2.51 2.53 2.51 2.48 2.50 2.53 2.52 2.49 2.47 2.45 2.41 2.36 2.30 2.27 2.25 2.22 2.14 2.06 2.01 1.95 1.89 1.81 1.73 1.65 1.55 1.40 1.29 1.33 1.36 1.33 1.35 1.43 1.59 1.73 1.71 1.76 1.85 1.82 1.75 1.70 1.62 1.59 1.58 1.55 1.52 1.46 1.39 1.36 1.36 1.39 1.44 1.46 1.45 1.40 1.33 1.28 1.24 1.20 1.17 1.15 1.13 1.10 1.06 0.99 0.88 0.78 0.76 0.81 0.89 0.98 1.09 1.14 1.14 1.13 1.11
2.67 2.58 2.40 2.30 2.54 2.87 2.76 2.45 2.33 2.40 2.44 2.41 2.41 2.43 2.47 2.46 2.42 2.41 2.40 2.35 2.31 2.28 2.23 2.21 2.19 2.12 2.03 1.98 1.94 1.87 1.80 1.73 1.65 1.57 1.42 1.30 1.32 1.34 1.30 1.28 1.35 1.44 1.46 1.44 1.57 1.77 1.79 1.70 1.63 1.56 1.55 1.61 1.60 1.54 1.48 1.43 1.40 1.40 1.47 1.49 1.44 1.33 1.23 1.18 1.18 1.17 1.13 1.10 1.08 1.06 1.04 0.99 0.89 0.79 0.74 0.79 0.88 0.98 1.04 1.12 1.20 1.26 1.26 1.23
2.74 2.53 2.23 2.22 2.59 2.87 2.80 2.55 2.26 2.24 2.31 2.32 2.34 2.35 2.38 2.40 2.38 2.34 2.33 2.30 2.26 2.24 2.19 2.15 2.15 2.10 2.01 1.96 1.91 1.85 1.79 1.72 1.65 1.57 1.46 1.34 1.30 1.29 1.26 1.25 1.30 1.36 1.31 1.26 1.41 1.65 1.68 1.60 1.53 1.42 1.38 1.49 1.55 1.53 1.52 1.50 1.48 1.46 1.41 1.32 1.23 1.13 1.06 1.10 1.17 1.15 1.08 1.02 0.98 0.96 0.93 0.86 0.78 0.73 0.75 0.86 0.97 1.03 1.07 1.16 1.27 1.33 1.30 1.28
2.84 2.48 2.04 2.13 2.62 2.79 2.74 2.70 2.35 2.13 2.15 2.23 2.26 2.27 2.29 2.32 2.33 2.28 2.26 2.25 2.21 2.19 2.15 2.11 2.10 2.06 1.98 1.93 1.88 1.83 1.77 1.71 1.64 1.56 1.48 1.38 1.29 1.24 1.21 1.19 1.24 1.30 1.24 1.15 1.30 1.51 1.54 1.53 1.53 1.39 1.31 1.41 1.45 1.41 1.41 1.42 1.41 1.37 1.28 1.16 1.05 0.99 0.99 1.09 1.16 1.11 1.04 0.99 0.94 0.90 0.85 0.80 0.76 0.76 0.82 0.90 0.94 0.98 1.06 1.19 1.27 1.25 1.24 1.29
2.96 2.45 1.90 2.09 2.59 2.63 2.58 2.76 2.55 2.11 2.01 2.13 2.18 2.19 2.21 2.25 2.26 2.21 2.20 2.20 2.16 2.12 2.10 2.08 2.04 2.00 1.95 1.90 1.85 1.80 1.75 1.69 1.63 1.56 1.48 1.40 1.31 1.22 1.17 1.12 1.17 1.27 1.19 1.07 1.17 1.38 1.40 1.41 1.54 1.51 1.44 1.48 1.50 1.43 1.34 1.29 1.25 1.22 1.17 1.10 1.02 0.99 1.03 1.14 1.16 1.11 1.05 0.99 0.93 0.90 0.88 0.85 0.84 0.86 0.88 0.89 0.90 0.94 1.05 1.17 1.16 1.14 1.23 1.32
2.99 2.54 1.91 2.04 2.52 2.47 2.35 2.70 2.70 2.21 1.95 2.01 2.07 2.11 2.15 2.18 2.18 2.15 2.14 2.14 2.11 2.06 2.04 2.03 1.99 1.94 1.90 1.86 1.82 1.77 1.72 1.66 1.60 1.54 1.48 1.41 1.33 1.24 1.15 1.07 1.10 1.22 1.17 1.02 1.04 1.23 1.28 1.25 1.42 1.50 1.48 1.48 1.48 1.46 1.36 1.23 1.17 1.15 1.14 1.09 1.04 1.02 1.09 1.19 1.20 1.15 1.09 1.03 0.98 0.97 0.97 0.96 0.93 0.89 0.88 0.90 0.89 0.92 1.04 1.10 1.07 1.17 1.33 1.38
2.81 2.67 2.16 1.95 2.36 2.37 2.17 2.51 2.76 2.41 2.01 1.93 1.96 2.02 2.09 2.11 2.09 2.08 2.08 2.07 2.06 2.02 1.99 1.97 1.93 1.89 1.86 1.82 1.78 1.73 1.68 1.64 1.58 1.52 1.46 1.40 1.33 1.26 1.17 1.06 1.04 1.14 1.13 0.99 0.91 1.03 1.13 1.11 1.21 1.32 1.38 1.40 1.35 1.35 1.34 1.23 1.16 1.14 1.15 1.15 1.13 1.13 1.21 1.30 1.30 1.25 1.21 1.17 1.15 1.15 1.11 1.00 0.89 0.87 0.90 0.92 0.92 0.97 1.10 1.14 1.18 1.34 1.47 1.45
2.54 2.67 2.47 2.02 2.13 2.25 2.05 2.21 2.64 2.63 2.20 1.91 1.88 1.93 1.99 2.03 2.02 2.01 2.00 2.00 2.01 1.97 1.94 1.91 1.87 1.84 1.81 1.78 1.74 1.70 1.65 1.60 1.55 1.50 1.45 1.39 1.32 1.26 1.18 1.09 1.03 1.05 1.05 0.96 0.86 0.86 0.91 0.96 1.05 1.15 1.23 1.33 1.32 1.30 1.31 1.25 1.19 1.16 1.17 1.20 1.25 1.31 1.38 1.39 1.35 1.29 1.25 1.23 1.23 1.18 1.04 0.88 0.85 0.91 0.97 0.97 0.99 1.10 1.24 1.30 1.38 1.49 1.51 1.44
2.40 2.54 2.59 2.26 2.09 2.14 1.98 1.92 2.32 2.65 2.41 2.00 1.87 1.87 1.86 1.93 1.95 1.93 1.93 1.92 1.94 1.93 1.89 1.86 1.81 1.78 1.76 1.73 1.69 1.65 1.61 1.57 1.52 1.47 1.42 1.36 1.31 1.25 1.19 1.12 1.05 1.01 0.97 0.91 0.85 0.79 0.76 0.80 0.88 0.97 1.07 1.21 1.25 1.25 1.26 1.21 1.19 1.19 1.20 1.25 1.33 1.41 1.43 1.37 1.27 1.18 1.14 1.11 1.06 0.94 0.85 0.88 0.99 1.06 1.07 1.08 1.14 1.29 1.42 1.45 1.47 1.49 1.45 1.40
2.40 2.42 2.47 2.38 2.24 2.17 2.02 1.83 2.00 2.45 2.43 2.11 2.00 1.90 1.77 1.80 1.87 1.86 1.85 1.84 1.85 1.86 1.84 1.81 1.76 1.72 1.71 1.68 1.65 1.61 1.57 1.53 1.48 1.44 1.39 1.34 1.28 1.23 1.18 1.12 1.06 1.00 0.94 0.87 0.83 0.76 0.67 0.64 0.69 0.76 0.88 1.06 1.13 1.14 1.18 1.18 1.18 1.23 1.28 1.33 1.38 1.39 1.34 1.27 1.20 1.13 1.06 1.00 0.91 0.84 0.90 1.05 1.13 1.17 1.19 1.24 1.36 1.51 1.58 1.54 1.47 1.42 1.37 1.30
2.42 2.36 2.33 2.30 2.27 2.25 2.16 1.93 1.90 2.20 2.20 2.05 2.13 2.08 1.82 1.71 1.74 1.78 1.78 1.78 1.78 1.78 1.78 1.76 1.70 1.67 1.65 1.62 1.60 1.57 1.53 1.49 1.44 1.40 1.36 1.31 1.26 1.21 1.16 1.11 1.05 1.00 0.93 0.86 0.80 0.75 0.65 0.57 0.53 0.55 0.66 0.87 1.03 1.09 1.14 1.16 1.15 1.17 1.24 1.33 1.37 1.35 1.30 1.24 1.19 1.13 1.08 1.02 0.97 1.00 1.09 1.16 1.20 1.24 1.31 1.40 1.54 1.66 1.64 1.53 1.42 1.34 1.25 1.14
2.38 2.32 2.27 2.23 2.19 2.21 2.21 2.10 2.00 2.03 1.93 1.80 2.03 2.24 2.03 1.73 1.64 1.66 1.68 1.70 1.70 1.71 1.72 1.69 1.64 1.61 1.60 1.57 1.55 1.52 1.48 1.44 1.40 1.36 1.32 1.27 1.23 1.18 1.14 1.09 1.03 0.98 0.92 0.86 0.80 0.74 0.67 0.57 0.48 0.44 0.51 0.70 0.92 1.03 1.08 1.08 1.05 1.08 1.16 1.23 1.26 1.27 1.25 1.21 1.16 1.13 1.12 1.07 1.05 1.10 1.16 1.19 1.26 1.36 1.43 1.50 1.63 1.65 1.49 1.34 1.24 1.18 1.12 1.03
2.30 2.27 2.23 2.19 2.16 2.15 2.18 2.19 2.11 1.96 1.78 1.59 1.75 2.15 2.18 1.92 1.68 1.59 1.58 1.59 1.61 1.64 1.66 1.61 1.58 1.56 1.54 1.52 1.49 1.46 1.43 1.39 1.36 1.32 1.28 1.24 1.20 1.15 1.10 1.06 1.01 0.96 0.91 0.85 0.80 0.74 0.68 0.61 0.53 0.45 0.43 0.53 0.73 0.88 0.96 1.00 1.01 1.03 1.08 1.12 1.13 1.12 1.12 1.13 1.13 1.13 1.09 1.02 1.02 1.09 1.16 1.23 1.36 1.45 1.51 1.60 1.64 1.50 1.27 1.14 1.07 1.04 1.00 0.94
2.22 2.22 2.19 2.14 2.14 2.16 2.17 2.20 2.14 1.97 1.75 1.50 1.55 1.85 2.07 2.10 1.88 1.65 1.54 1.48 1.51 1.56 1.56 1.54 1.52 1.51 1.49 1.47 1.44 1.41 1.38 1.35 1.31 1.28 1.24 1.20 1.16 1.12 1.07 1.03 0.98 0.94 0.89 0.84 0.79 0.74 0.69 0.63 0.57 0.49 0.42 0.42 0.53 0.69 0.80 0.86 0.91 0.96 0.98 0.99 1.00 1.00 1.03 1.07 1.10 1.11 1.05 1.00 1.03 1.15 1.24 1.34 1.46 1.52 1.56 1.59 1.50 1.30 1.15 1.07 1.01 0.95 0.88 0.86
2.17 2.15 2.13 2.08 2.07 2.14 2.18 2.20 2.14 1.98 1.77 1.51 1.45 1.55 1.75 2.03 2.03 1.84 1.62 1.45 1.43 1.45 1.46 1.46 1.45 1.46 1.45 1.42 1.38 1.35 1.33 1.29 1.26 1.23 1.19 1.16 1.12 1.08 1.04 1.00 0.95 0.91 0.86 0.82 0.77 0.73 0.68 0.63 0.58 0.52 0.46 0.44 0.48 0.58 0.69 0.76 0.82 0.87 0.91 0.92 0.94 0.98 1.04 1.08 1.09 1.06 1.03 1.05 1.16 1.27 1.34 1.42 1.53 1.57 1.56 1.50 1.33 1.20 1.12 1.06 1.00 0.92 0.86 0.92
2.20 2.12 2.05 2.03 2.00 2.05 2.13 2.16 2.12 2.01 1.83 1.57 1.40 1.38 1.48 1.74 1.96 1.96 1.79 1.55 1.42 1.36 1.36 1.36 1.37 1.41 1.42 1.37 1.32 1.29 1.27 1.24 1.21 1.18 1.15 1.11 1.08 1.04 1.00 0.96 0.92 0.88 0.84 0.80 0.75 0.71 0.67 0.63 0.59 0.54 0.49 0.48 0.52 0.59 0.68 0.78 0.83 0.85 0.90 0.96 1.03 1.08 1.04 0.95 0.88 0.84 0.87 1.06 1.28 1.37 1.41 1.48 1.58 1.61 1.55 1.42 1.31 1.25 1.20 1.12 1.04 0.96 0.98 1.20
2.28 2.13 2.00 2.00 1.98 1.97 2.01 2.08 2.06 1.98 1.88 1.67 1.38 1.29 1.35 1.48 1.70 1.86 1.89 1.73 1.50 1.35 1.30 1.28 1.28 1.34 1.37 1.32 1.26 1.24 1.21 1.19 1.16 1.13 1.10 1.07 1.04 1.00 0.96 0.93 0.89 0.85 0.81 0.77 0.73 0.70 0.66 0.62 0.59 0.56 0.52 0.51 0.54 0.59 0.66 0.74 0.83 0.89 0.94 1.02 1.07 0.99 0.80 0.64 0.63 0.72 0.93 1.21 1.36 1.42 1.48 1.55 1.64 1.62 1.52 1.43 1.42 1.41 1.33 1.21 1.10 1.08 1.24 1.61
2.27 2.16 2.05 2.01 1.98 1.95 1.91 1.99 2.01 1.91 1.88 1.77 1.40 1.19 1.27 1.35 1.44 1.59 1.80 1.84 1.63 1.43 1.33 1.25 1.19 1.25 1.31 1.26 1.22 1.20 1.16 1.13 1.11 1.09 1.05 1.02 0.99 0.96 0.92 0.89 0.85 0.82 0.78 0.75 0.71 0.67 0.64 0.61 0.59 0.57 0.55 0.53 0.53 0.55 0.60 0.69 0.83 0.94 1.00 1.02 0.90 0.71 0.65 0.74 0.93 1.09 1.28 1.38 1.40 1.45 1.51 1.59 1.65 1.56 1.47 1.50 1.53 1.47 1.33 1.20 1.15 1.29 1.65 2.20
2.09 2.16 2.22 2.12 2.00 1.93 1.85 1.92 2.01 1.92 1.85 1.78 1.46 1.18 1.18 1.27 1.30 1.33 1.54 1.74 1.69 1.55 1.44 1.31 1.18 1.17 1.22 1.20 1.18 1.15 1.11 1.08 1.06 1.03 1.00 0.98 0.94 0.91 0.88 0.85 0.82 0.78 0.75 0.72 0.69 0.66 0.63 0.60 0.58 0.57 0.56 0.55 0.54 0.54 0.57 0.65 0.75 0.86 0.92 0.88 0.76 0.76 0.94 1.16 1.31 1.40 1.43 1.39 1.39 1.44 1.49 1.57 1.62 1.55 1.54 1.56 1.53 1.42 1.29 1.27 1.46 1.86 2.51 3.37
1.66 2.07 2.46 2.38 2.22 1.99 1.76 1.84 2.04 2.04 1.90 1.69 1.49 1.29 1.12 1.15 1.24 1.23 1.31 1.49 1.56 1.56 1.55 1.44 1.27 1.18 1.15 1.13 1.11 1.09 1.06 1.02 1.00 0.98 0.95 0.93 0.90 0.87 0.84 0.81 0.78 0.75 0.72 0.69 0.66 0.64 0.62 0.60 0.58 0.57 0.56 0.56 0.56 0.57 0.59 0.62 0.65 0.68 0.71 0.72 0.77 0.91 1.10 1.25 1.36 1.40 1.37 1.33 1.36 1.43 1.47 1.53 1.58 1.55 1.54 1.53 1.47 1.39 1.39 1.60 2.03 2.64 3.42 3.93
1.10 1.70 2.37 2.58 2.67 2.37 1.83 1.85 2.18 2.21 1.95 1.63 1.48 1.37 1.17 1.10 1.18 1.21 1.20 1.28 1.34 1.41 1.50 1.50 1.39 1.27 1.20 1.16 1.07 1.02 0.98 0.95 0.94 0.92 0.90 0.88 0.85 0.82 0.80 0.77 0.74 0.71 0.69 0.66 0.64 0.62 0.60 0.59 0.58 0.57 0.57 0.57 0.58 0.60 0.62 0.63 0.63 0.62 0.64 0.68 0.76 0.90 1.06 1.20 1.29 1.29 1.29 1.34 1.43 1.48 1.45 1.47 1.52 1.49 1.44 1.44 1.41 1.38 1.49 1.84 2.31 2.87 3.34 3.19
0.76 1.07 1.69 2.14 2.57 2.59 2.13 1.96 2.37 2.49 2.11 1.79 1.65 1.50 1.33 1.23 1.21 1.22 1.17 1.14 1.18 1.25 1.33 1.39 1.36 1.34 1.37 1.29 1.10 0.98 0.91 0.87 0.86 0.86 0.84 0.83 0.80 0.78 0.75 0.73 0.70 0.68 0.66 0.63 0.61 0.60 0.59 0.58 0.57 0.57 0.58 0.59 0.60 0.62 0.64 0.66 0.67 0.68 0.70 0.72 0.77 0.87 1.01 1.13 1.14 1.11 1.21 1.37 1.46 1.45 1.38 1.45 1.57 1.52 1.43 1.39 1.34 1.38 1.56 1.90 2.26 2.55 2.52 2.51
0.96 1.03 1.26 1.56 1.98 2.19 1.91 1.70 2.15 2.49 2.18 1.88 1.83 1.72 1.55 1.43 1.37 1.34 1.25 1.12 1.10 1.15 1.20 1.24 1.14 1.20 1.47 1.45 1.19 1.01 0.90 0.81 0.78 0.77 0.77 0.77 0.75 0.73 0.71 0.69 0.67 0.64 0.63 0.61 0.59 0.58 0.57 0.56 0.56 0.57 0.58 0.60 0.62 0.64 0.66 0.68 0.71 0.74 0.76 0.79 0.84 0.90 0.96 0.98 0.98 1.00 1.14 1.25 1.29 1.28 1.33 1.55 1.66 1.50 1.37 1.31 1.33 1.43 1.60 1.79 1.93 1.95 1.88 2.63
1.35 1.30 1.32 1.47 1.68 1.78 1.57 1.41 1.80 2.19 1.89 1.62 1.63 1.59 1.54 1.45 1.41 1.44 1.39 1.23 1.13 1.11 1.14 1.14 0.95 0.97 1.37 1.55 1.35 1.12 0.97 0.84 0.74 0.69 0.68 0.70 0.70 0.68 0.67 0.65 0.63 0.61 0.59 0.58 0.57 0.56 0.56 0.56 0.56 0.57 0.58 0.60 0.63 0.65 0.68 0.71 0.74 0.77 0.81 0.84 0.89 0.93 0.95 0.97 1.00 1.03 1.08 1.11 1.11 1.15 1.34 1.58 1.57 1.34 1.26 1.27 1.37 1.46 1.50 1.46 1.44 1.53 1.94 3.27
1.64 1.56 1.48 1.47 1.54 1.62 1.52 1.43 1.68 1.88 1.62 1.47 1.43 1.36 1.35 1.30 1.27 1.34 1.38 1.31 1.23 1.17 1.13 1.08 0.89 0.81 1.12 1.44 1.44 1.25 1.07 0.93 0.80 0.67 0.61 0.62 0.62 0.62 0.62 0.61 0.59 0.58 0.57 0.56 0.55 0.54 0.54 0.55 0.56 0.57 0.59 0.61 0.64 0.67 0.70 0.74 0.77 0.81 0.84 0.88 0.92 0.96 0.99 1.03 1.07 1.09 1.09 1.10 1.09 1.15 1.29 1.40 1.33 1.10 1.11 1.20 1.33 1.37 1.28 1.19 1.26 1.63 2.59 3.77
1.91 1.78 1.58 1.47 1.50 1.56 1.52 1.48 1.56 1.57 1.47 1.42 1.35 1.27 1.24 1.19 1.15 1.18 1.22 1.21 1.21 1.21 1.16 1.08 0.90 0.78 0.94 1.22 1.36 1.31 1.16 1.02 0.91 0.75 0.61 0.57 0.56 0.56 0.56 0.57 0.56 0.55 0.54 0.53 0.53 0.53 0.53 0.54 0.55 0.57 0.59 0.62 0.65 0.68 0.72 0.75 0.79 0.83 0.87 0.91 0.95 0.99 1.03 1.07 1.11 1.12 1.14 1.16 1.17 1.22 1.27 1.27 1.14 0.99 1.04 1.16 1.27 1.25 1.14 1.17 1.43 2.18 3.33 3.69
