windninja/windninja_output/Output_2025-10-23_1800-1850_Google earth_Fire_150m_10min/merlingen_7.5mi_point_10-23-2025_1820_150m_vel.asc
ncols	158
nrows	163
xllcorner	391686.332397
yllcorner	5160024.123721
cellsize	150.000000
NODATA_value	-32768.000000
[rows 0 to 37 of 163, columns 0 to 83 of 158]
2.72 2.67 2.69 2.89 3.12 3.27 3.33 3.40 3.52 3.62 3.66 3.67 3.59 3.37 3.04 2.64 2.21 2.02 2.21 2.53 2.90 3.42 3.91 4.07 3.95 3.70 3.47 3.47 3.67 3.76 3.67 3.50 3.29 3.15 3.18 3.18 2.95 2.68 2.60 2.65 2.78 2.90 2.88 2.81 2.86 2.90 2.86 2.97 3.43 3.95 4.25 4.41 4.51 4.49 4.30 4.01 3.72 3.55 3.54 3.63 3.66 3.58 3.49 3.46 3.50 3.49 3.47 3.47 3.53 3.58 3.56 3.45 3.28 3.19 3.27 3.31 3.17 3.00 3.01 3.10 3.05 2.84 2.74 2.74
2.79 2.75 2.75 2.86 2.99 3.11 3.14 3.10 3.10 3.20 3.38 3.59 3.75 3.77 3.64 3.36 3.09 2.98 3.10 3.29 3.38 3.59 3.91 4.12 4.10 3.89 3.71 3.65 3.63 3.57 3.49 3.43 3.38 3.33 3.30 3.31 3.25 3.20 3.21 3.18 3.18 3.23 3.28 3.37 3.48 3.54 3.61 3.66 3.76 3.85 3.91 3.97 3.96 3.86 3.75 3.68 3.66 3.68 3.69 3.64 3.56 3.52 3.52 3.55 3.53 3.48 3.47 3.49 3.55 3.58 3.52 3.40 3.32 3.35 3.40 3.31 3.12 3.11 3.24 3.21 2.98 2.78 2.78 2.74
2.94 2.96 2.97 2.96 2.95 2.96 3.02 3.03 3.04 3.20 3.51 3.77 3.95 4.11 4.26 4.31 4.32 4.30 4.22 4.10 3.96 3.82 3.81 3.96 4.14 4.16 4.02 3.81 3.60 3.44 3.36 3.35 3.40 3.49 3.56 3.62 3.76 3.86 3.85 3.79 3.77 3.78 3.86 4.05 4.19 4.30 4.43 4.48 4.28 3.97 3.82 3.75 3.56 3.41 3.43 3.57 3.74 3.83 3.82 3.73 3.66 3.65 3.66 3.65 3.57 3.49 3.48 3.53 3.61 3.58 3.43 3.33 3.40 3.49 3.46 3.28 3.19 3.36 3.45 3.23 2.90 2.80 2.85 2.74
3.00 3.13 3.23 3.18 3.15 3.16 3.32 3.63 3.91 4.08 4.12 4.07 4.04 4.09 4.28 4.55 4.65 4.65 4.55 4.32 4.06 3.89 3.81 3.86 4.17 4.47 4.50 4.33 4.16 4.02 3.90 3.73 3.61 3.67 3.81 3.90 3.90 3.87 3.88 4.01 4.17 4.29 4.39 4.51 4.59 4.66 4.67 4.60 4.52 4.44 4.29 4.05 3.86 3.78 3.77 3.76 3.74 3.70 3.68 3.70 3.75 3.73 3.66 3.58 3.51 3.49 3.50 3.54 3.59 3.48 3.31 3.30 3.36 3.32 3.21 3.16 3.26 3.40 3.32 3.06 2.87 2.90 2.94 2.86
2.91 3.08 3.33 3.37 3.36 3.44 3.61 3.85 4.04 4.09 4.00 3.94 4.00 4.13 4.27 4.43 4.48 4.37 4.23 4.12 3.96 3.82 3.79 3.89 4.18 4.55 4.88 5.03 4.99 4.91 4.82 4.67 4.49 4.33 4.19 4.07 3.99 4.04 4.25 4.45 4.60 4.74 4.89 4.94 4.88 4.77 4.61 4.46 4.42 4.37 4.15 3.91 3.81 3.78 3.73 3.65 3.60 3.58 3.59 3.62 3.61 3.57 3.52 3.48 3.47 3.48 3.47 3.50 3.50 3.32 3.17 3.18 3.22 3.18 3.09 3.02 3.05 3.14 3.11 2.90 2.72 2.77 2.96 3.04
2.73 2.82 3.11 3.39 3.53 3.60 3.65 3.64 3.56 3.48 3.51 3.62 3.75 3.93 4.08 4.12 4.14 4.01 3.79 3.71 3.70 3.60 3.55 3.67 3.87 4.13 4.44 4.74 4.97 5.09 5.17 5.24 5.26 5.13 4.84 4.59 4.61 4.78 4.93 4.97 4.94 4.91 4.86 4.73 4.57 4.39 4.24 4.14 4.05 3.93 3.81 3.70 3.60 3.52 3.50 3.52 3.56 3.60 3.62 3.61 3.57 3.53 3.51 3.50 3.48 3.46 3.44 3.49 3.49 3.30 3.14 3.12 3.23 3.25 3.16 3.12 3.13 3.15 2.98 2.64 2.51 2.70 2.99 3.12
2.68 2.66 2.74 3.07 3.41 3.58 3.57 3.43 3.27 3.21 3.31 3.46 3.60 3.71 3.80 3.83 3.95 4.07 4.04 3.97 3.88 3.69 3.48 3.40 3.47 3.56 3.71 4.01 4.40 4.68 4.88 5.06 5.20 5.27 5.28 5.29 5.33 5.31 5.18 5.01 4.85 4.65 4.37 4.11 3.93 3.85 3.81 3.77 3.71 3.64 3.60 3.61 3.59 3.51 3.45 3.46 3.52 3.57 3.60 3.64 3.72 3.76 3.71 3.61 3.51 3.45 3.45 3.51 3.49 3.37 3.36 3.49 3.57 3.45 3.34 3.36 3.38 3.29 2.90 2.53 2.68 3.07 3.20 3.17
2.77 2.75 2.69 2.72 2.89 3.07 3.16 3.10 3.01 3.06 3.21 3.41 3.62 3.74 3.76 3.78 3.87 4.10 4.27 4.28 4.24 4.11 3.81 3.46 3.29 3.30 3.48 3.73 3.93 4.10 4.30 4.48 4.57 4.66 4.86 5.03 5.03 4.87 4.65 4.44 4.23 4.02 3.81 3.62 3.50 3.47 3.45 3.43 3.41 3.37 3.34 3.43 3.53 3.51 3.47 3.51 3.57 3.62 3.70 3.83 3.91 3.88 3.80 3.72 3.61 3.49 3.47 3.53 3.50 3.41 3.50 3.69 3.66 3.46 3.33 3.26 3.23 3.04 2.64 2.54 2.97 3.30 3.34 3.33
2.79 2.80 2.78 2.68 2.60 2.60 2.66 2.78 2.89 3.00 3.12 3.27 3.47 3.67 3.82 3.89 3.90 4.02 4.22 4.30 4.30 4.28 4.16 3.91 3.62 3.52 3.60 3.65 3.63 3.69 3.83 3.95 4.05 4.16 4.22 4.18 4.07 3.93 3.80 3.66 3.49 3.36 3.29 3.28 3.30 3.27 3.20 3.16 3.15 3.17 3.23 3.26 3.22 3.26 3.42 3.58 3.69 3.77 3.80 3.72 3.52 3.33 3.32 3.38 3.37 3.41 3.53 3.62 3.55 3.41 3.35 3.31 3.17 3.08 3.05 3.01 2.97 2.72 2.46 2.60 3.12 3.42 3.53 3.68
2.75 2.76 2.79 2.77 2.71 2.65 2.65 2.75 2.90 3.01 3.09 3.14 3.21 3.33 3.51 3.74 3.88 3.96 4.15 4.41 4.51 4.49 4.46 4.35 4.14 3.87 3.73 3.66 3.63 3.67 3.76 3.76 3.76 3.83 3.84 3.71 3.53 3.40 3.30 3.20 3.15 3.15 3.15 3.13 3.07 3.00 2.97 2.96 2.94 2.93 2.95 2.97 2.97 3.10 3.32 3.44 3.46 3.41 3.23 2.93 2.68 2.64 2.60 2.57 2.80 3.19 3.47 3.53 3.35 3.12 3.01 2.95 2.89 2.85 2.82 2.76 2.67 2.57 2.70 3.20 3.65 3.83 3.79 3.83
2.76 2.77 2.80 2.82 2.82 2.84 2.88 2.94 3.00 3.05 3.08 3.07 3.05 3.05 3.14 3.40 3.66 3.83 3.97 4.24 4.55 4.72 4.73 4.63 4.48 4.29 4.01 3.77 3.69 3.65 3.57 3.45 3.34 3.32 3.34 3.33 3.25 3.15 3.12 3.17 3.22 3.18 3.10 2.97 2.81 2.71 2.66 2.62 2.51 2.40 2.40 2.50 2.61 2.76 2.79 2.74 2.54 2.32 2.10 1.96 1.97 1.99 1.91 2.03 2.48 2.87 3.03 2.97 2.69 2.60 2.76 2.94 2.97 2.87 2.70 2.52 2.51 2.73 3.20 3.88 4.19 4.17 4.00 3.94
2.78 2.79 2.81 2.84 2.86 2.89 2.95 3.03 3.07 3.09 3.08 3.06 3.01 2.97 3.00 3.18 3.45 3.69 3.79 3.86 4.06 4.34 4.53 4.58 4.48 4.25 3.86 3.53 3.35 3.24 3.08 2.96 2.92 2.92 2.91 2.90 2.92 2.97 3.04 3.09 3.07 3.02 2.95 2.84 2.73 2.58 2.33 2.06 1.84 1.68 1.64 1.65 1.64 1.71 1.69 1.64 1.53 1.40 1.26 1.17 1.20 1.25 1.37 1.77 2.23 2.38 2.41 2.25 2.08 2.43 2.90 3.05 3.03 2.97 2.97 3.10 3.41 3.75 4.11 4.39 4.38 4.33 4.36 4.60
2.77 2.77 2.81 2.85 2.90 2.93 2.95 2.98 3.01 3.03 3.04 3.04 3.00 2.91 2.85 2.91 3.09 3.37 3.61 3.69 3.72 3.81 3.95 4.05 3.93 3.63 3.34 3.13 2.97 2.86 2.82 2.84 2.84 2.80 2.72 2.67 2.68 2.78 2.86 2.86 2.86 2.87 2.85 2.76 2.62 2.41 2.08 1.66 1.31 1.17 1.09 0.97 0.89 0.90 0.97 1.01 1.00 0.90 0.72 0.63 0.80 1.01 1.27 1.66 1.91 1.97 1.94 1.88 2.12 2.66 2.92 2.95 3.08 3.29 3.67 4.14 4.43 4.68 4.81 4.71 4.52 4.54 4.74 5.12
2.77 2.78 2.80 2.85 2.91 2.96 2.98 2.97 2.97 2.99 3.00 3.01 3.00 2.96 2.86 2.73 2.68 2.84 3.15 3.38 3.43 3.40 3.37 3.32 3.27 3.22 3.17 3.10 3.01 2.90 2.77 2.68 2.67 2.64 2.63 2.71 2.75 2.72 2.66 2.62 2.56 2.40 2.12 1.90 1.73 1.62 1.58 1.57 1.46 1.24 1.02 0.87 0.77 0.74 0.81 0.86 0.82 0.67 0.55 0.69 1.04 1.35 1.66 1.87 1.86 1.82 1.83 2.04 2.42 2.66 2.72 2.90 3.31 3.67 3.90 3.97 4.11 4.30 4.23 4.14 4.34 4.61 4.78 4.85
2.79 2.79 2.81 2.83 2.86 2.90 2.95 2.99 3.01 3.01 3.01 3.01 3.03 3.11 3.17 3.09 2.92 2.77 2.75 2.87 2.94 2.92 2.94 3.00 3.06 3.12 3.18 3.17 3.06 2.93 2.80 2.66 2.60 2.60 2.67 2.78 2.78 2.61 2.35 2.03 1.75 1.47 1.24 1.04 0.99 1.03 1.11 1.40 1.75 1.79 1.55 1.36 1.27 1.28 1.35 1.26 1.13 1.02 1.08 1.41 1.86 2.18 2.49 2.47 2.17 2.09 2.23 2.49 2.69 2.60 2.69 3.17 3.57 3.59 3.38 3.36 3.53 3.43 3.16 3.40 4.01 4.30 4.25 4.03
2.79 2.80 2.82 2.84 2.85 2.86 2.88 2.93 2.97 3.00 3.02 3.03 3.05 3.13 3.32 3.50 3.48 3.24 2.93 2.76 2.76 2.83 2.94 3.07 3.16 3.16 3.17 3.18 3.12 3.03 3.07 3.11 3.03 2.87 2.63 2.31 2.04 1.87 1.65 1.40 1.20 1.15 1.24 1.34 1.40 1.48 1.52 1.44 1.53 1.90 2.24 2.32 2.40 2.61 2.68 2.56 2.23 1.94 1.92 2.18 2.61 2.94 3.03 2.81 2.64 2.79 2.93 3.01 3.08 2.86 2.84 3.21 3.31 3.03 2.95 3.16 3.12 2.84 2.97 3.68 4.01 3.72 3.43 3.15
2.80 2.81 2.83 2.85 2.87 2.89 2.91 2.94 2.96 2.99 3.01 3.04 3.04 3.02 3.08 3.26 3.42 3.43 3.27 3.05 2.94 2.95 3.01 3.12 3.25 3.28 3.20 3.17 3.26 3.31 3.25 3.12 2.88 2.50 2.03 1.63 1.43 1.41 1.45 1.50 1.59 1.73 1.99 2.13 2.10 2.07 2.12 2.02 1.86 2.11 2.61 2.96 3.14 3.17 3.07 2.93 2.80 2.67 2.65 2.94 3.18 3.24 3.08 2.83 2.85 3.09 3.25 3.39 3.44 3.20 3.02 3.01 2.97 2.89 3.02 3.03 2.82 3.00 3.65 4.02 3.58 2.97 2.73 2.41
2.81 2.83 2.85 2.87 2.90 2.93 2.96 2.99 3.02 3.04 3.03 3.02 3.00 2.93 2.86 2.84 2.95 3.10 3.16 3.11 2.97 2.86 2.84 2.93 3.05 3.10 3.06 2.98 3.00 3.04 2.92 2.66 2.43 2.26 2.10 1.97 1.91 1.94 2.05 2.17 2.27 2.31 2.26 2.22 2.24 2.22 2.27 2.48 2.71 2.79 2.81 2.90 2.98 2.90 2.76 2.76 2.93 3.14 3.29 3.41 3.44 3.36 3.13 2.97 3.09 3.32 3.53 3.60 3.38 3.18 3.21 3.16 3.19 3.19 2.99 2.86 2.99 3.40 3.66 3.20 2.47 2.25 2.09 1.77
2.81 2.83 2.86 2.89 2.92 2.94 2.97 3.00 3.03 3.06 3.07 3.02 2.97 2.91 2.81 2.69 2.67 2.72 2.75 2.74 2.71 2.68 2.68 2.69 2.71 2.78 2.82 2.77 2.63 2.51 2.45 2.41 2.41 2.48 2.55 2.53 2.42 2.31 2.27 2.29 2.29 2.27 2.23 2.21 2.25 2.29 2.39 2.61 2.82 2.85 2.72 2.60 2.58 2.64 2.75 2.94 3.14 3.27 3.39 3.47 3.46 3.30 3.11 3.12 3.31 3.50 3.60 3.41 3.17 3.34 3.64 3.62 3.56 3.31 2.84 2.71 2.72 2.69 2.53 2.06 1.85 1.90 1.71 1.56
2.80 2.81 2.85 2.90 2.94 2.97 2.99 3.00 3.01 3.03 3.06 3.07 3.03 2.96 2.85 2.71 2.61 2.57 2.58 2.62 2.68 2.73 2.74 2.72 2.75 2.80 2.81 2.75 2.61 2.48 2.46 2.51 2.52 2.45 2.39 2.39 2.39 2.36 2.38 2.49 2.55 2.58 2.58 2.54 2.52 2.63 2.76 2.72 2.59 2.54 2.52 2.47 2.47 2.65 2.96 3.20 3.27 3.27 3.28 3.27 3.13 2.91 2.86 3.02 3.21 3.36 3.38 3.33 3.59 4.07 4.12 3.79 3.55 3.30 3.03 2.72 2.26 1.98 1.95 1.91 1.95 2.02 1.95 1.90
2.83 2.84 2.87 2.91 2.94 2.99 3.01 3.02 3.02 3.01 3.03 3.06 3.06 3.01 2.94 2.84 2.76 2.74 2.77 2.83 2.87 2.89 2.90 2.91 2.92 2.91 2.87 2.81 2.74 2.69 2.66 2.71 2.76 2.75 2.80 2.92 2.97 3.02 3.05 3.05 2.98 2.86 2.74 2.71 2.76 2.82 2.77 2.64 2.54 2.55 2.58 2.61 2.66 2.77 2.88 2.93 3.02 3.15 3.18 3.07 2.87 2.80 2.92 3.07 3.25 3.46 3.61 3.87 4.32 4.42 3.94 3.40 3.12 3.08 3.04 2.76 2.45 2.29 2.28 2.32 2.43 2.46 2.31 2.16
2.86 2.88 2.89 2.90 2.93 2.98 3.03 3.07 3.07 3.06 3.07 3.07 3.05 3.02 3.00 2.98 2.97 2.97 2.98 2.98 2.99 3.00 3.00 2.99 2.98 2.97 2.96 2.91 2.83 2.78 2.78 2.86 3.04 3.26 3.43 3.58 3.62 3.51 3.31 3.16 3.04 2.95 2.88 2.85 2.81 2.67 2.57 2.64 2.75 2.78 2.80 2.85 2.86 2.79 2.69 2.67 2.77 2.93 3.00 2.95 2.86 2.94 3.15 3.27 3.50 3.87 4.18 4.48 4.49 3.94 3.22 2.86 2.79 2.90 2.87 2.73 2.73 2.76 2.76 2.81 2.82 2.55 2.34 2.29
2.84 2.87 2.90 2.94 2.98 3.01 3.06 3.10 3.12 3.11 3.11 3.15 3.15 3.11 3.06 3.06 3.07 3.09 3.11 3.12 3.12 3.11 3.10 3.08 3.07 3.08 3.07 3.03 2.96 2.89 2.88 2.99 3.21 3.36 3.34 3.24 3.22 3.19 3.03 2.89 2.89 2.96 3.00 2.92 2.78 2.77 2.92 2.99 2.96 2.92 2.89 2.88 2.82 2.76 2.76 2.80 2.85 2.90 2.85 2.83 2.87 3.06 3.30 3.59 4.15 4.63 4.78 4.64 4.05 3.25 2.75 2.60 2.74 3.01 3.06 2.92 2.81 2.88 3.06 3.12 2.94 2.62 2.53 2.47
2.85 2.87 2.93 2.98 3.00 3.03 3.05 3.09 3.13 3.15 3.14 3.17 3.22 3.22 3.17 3.15 3.15 3.16 3.19 3.21 3.22 3.22 3.22 3.20 3.18 3.16 3.13 3.05 2.93 2.83 2.79 2.84 2.93 2.98 2.95 2.82 2.69 2.69 2.76 2.78 2.85 2.95 3.00 2.99 3.06 3.25 3.26 3.10 2.94 2.87 2.86 2.82 2.80 2.89 2.95 2.93 2.91 2.87 2.78 2.80 2.91 3.11 3.49 4.22 4.84 4.87 4.53 3.92 3.10 2.56 2.38 2.43 2.84 3.34 3.34 2.96 2.69 2.83 3.01 2.96 2.84 2.76 2.74 2.62
2.87 2.88 2.91 2.96 3.00 3.03 3.06 3.10 3.14 3.17 3.17 3.15 3.18 3.25 3.27 3.25 3.21 3.20 3.22 3.23 3.25 3.27 3.27 3.26 3.26 3.25 3.20 3.09 2.90 2.70 2.63 2.57 2.54 2.65 2.78 2.82 2.76 2.66 2.64 2.73 2.82 2.92 3.08 3.32 3.54 3.49 3.23 3.03 2.91 2.82 2.78 2.81 2.92 3.04 3.06 3.05 3.00 2.85 2.68 2.66 2.80 3.26 4.09 4.78 4.68 3.98 3.29 2.60 2.06 1.86 1.95 2.47 3.35 3.65 3.14 2.54 2.40 2.65 2.77 2.72 2.81 2.96 2.97 2.84
2.87 2.88 2.91 2.95 3.00 3.04 3.09 3.14 3.18 3.19 3.20 3.18 3.18 3.22 3.27 3.29 3.28 3.26 3.25 3.25 3.24 3.25 3.27 3.30 3.34 3.39 3.43 3.39 3.22 2.88 2.57 2.41 2.40 2.56 2.81 2.98 3.03 2.91 2.74 2.73 2.82 2.96 3.20 3.44 3.46 3.29 3.12 3.01 2.96 2.94 2.90 2.85 2.83 2.86 2.99 3.13 3.07 2.78 2.49 2.44 2.92 4.06 5.00 4.96 4.25 3.46 2.70 2.07 1.73 1.70 2.16 3.19 3.82 3.46 2.80 2.38 2.35 2.59 2.71 2.82 3.09 3.24 3.17 3.15
2.89 2.90 2.93 2.97 3.02 3.06 3.11 3.16 3.21 3.24 3.25 3.25 3.23 3.21 3.22 3.25 3.27 3.28 3.28 3.26 3.25 3.27 3.33 3.38 3.42 3.51 3.69 3.81 3.68 3.32 2.87 2.49 2.25 2.20 2.43 2.80 3.09 3.19 3.06 2.96 3.00 3.11 3.26 3.34 3.29 3.31 3.40 3.34 3.26 3.27 3.21 3.03 2.90 2.96 3.23 3.32 3.04 2.69 2.60 2.89 3.83 4.94 5.02 4.24 3.49 2.96 2.44 2.03 1.90 2.21 3.14 3.88 3.74 3.12 2.63 2.45 2.49 2.74 2.90 3.06 3.25 3.21 3.11 3.31
2.92 2.94 2.98 3.00 3.04 3.08 3.12 3.17 3.22 3.25 3.28 3.28 3.26 3.22 3.22 3.24 3.26 3.27 3.30 3.31 3.33 3.36 3.40 3.44 3.51 3.61 3.79 4.07 4.18 4.01 3.58 2.97 2.46 2.17 2.06 2.26 2.72 3.17 3.26 3.16 3.14 3.27 3.38 3.44 3.55 3.71 3.88 3.89 3.70 3.53 3.53 3.58 3.58 3.62 3.64 3.39 3.11 3.08 3.41 4.01 4.73 4.96 4.16 3.09 2.51 2.24 2.05 1.97 2.18 2.90 3.77 3.90 3.40 2.87 2.45 2.34 2.56 3.00 3.20 3.18 3.14 3.02 3.04 3.33
2.91 2.94 3.00 3.03 3.06 3.11 3.15 3.19 3.22 3.25 3.28 3.29 3.29 3.27 3.25 3.25 3.27 3.28 3.32 3.37 3.40 3.40 3.39 3.41 3.50 3.66 3.92 4.31 4.69 4.80 4.56 3.97 3.26 2.74 2.44 2.45 2.84 3.30 3.62 3.72 3.76 3.88 3.89 3.87 3.93 4.02 4.06 4.12 4.12 4.03 4.06 4.17 4.20 4.12 3.86 3.49 3.45 3.68 4.02 4.53 4.90 4.56 3.60 2.70 2.24 2.04 1.96 2.08 2.67 3.55 4.04 3.82 3.28 2.70 2.23 2.15 2.43 2.92 3.04 3.01 3.01 2.95 3.01 3.21
2.91 2.94 2.99 3.05 3.08 3.11 3.15 3.19 3.23 3.26 3.29 3.33 3.34 3.34 3.31 3.28 3.29 3.31 3.33 3.35 3.36 3.37 3.37 3.38 3.44 3.57 3.83 4.17 4.59 5.03 5.27 5.11 4.42 3.72 3.52 3.68 3.86 4.07 4.27 4.45 4.63 4.72 4.67 4.53 4.34 4.25 4.26 4.41 4.72 4.97 4.98 4.82 4.67 4.44 4.11 3.83 3.71 3.73 3.96 4.36 4.41 3.69 2.89 2.36 2.02 1.89 1.99 2.36 3.11 3.85 3.97 3.44 2.83 2.41 2.20 2.31 2.62 2.76 2.77 2.88 2.94 2.83 2.82 2.88
2.92 2.94 3.01 3.08 3.12 3.12 3.15 3.21 3.26 3.28 3.31 3.34 3.36 3.36 3.34 3.31 3.31 3.32 3.33 3.32 3.33 3.35 3.39 3.43 3.46 3.48 3.51 3.63 3.87 4.13 4.47 4.90 4.96 4.72 4.62 4.65 4.64 4.61 4.72 4.88 4.96 4.94 4.84 4.71 4.55 4.42 4.41 4.58 4.72 4.78 4.81 4.71 4.48 4.22 3.99 3.73 3.44 3.38 3.69 3.95 3.60 2.70 2.05 1.73 1.68 1.83 2.07 2.44 3.14 3.70 3.38 2.50 2.10 2.23 2.51 2.81 2.85 2.76 2.86 3.06 2.98 2.72 2.63 2.70
2.95 2.96 3.01 3.11 3.18 3.20 3.22 3.27 3.31 3.34 3.35 3.36 3.36 3.36 3.36 3.33 3.28 3.26 3.26 3.30 3.33 3.37 3.40 3.41 3.41 3.42 3.42 3.46 3.56 3.66 3.88 4.31 4.75 4.84 4.69 4.55 4.53 4.62 4.74 4.76 4.58 4.27 4.05 3.97 4.00 4.02 4.03 3.97 3.65 3.32 3.32 3.37 3.36 3.41 3.39 3.34 3.27 3.26 3.43 3.51 3.05 2.30 1.80 1.60 1.75 2.06 2.28 2.57 3.17 3.43 2.74 2.11 2.26 2.69 2.89 2.95 2.86 2.88 3.09 3.28 3.11 2.73 2.59 2.70
2.98 2.98 2.99 3.08 3.18 3.22 3.24 3.28 3.32 3.34 3.37 3.40 3.41 3.41 3.40 3.36 3.32 3.27 3.23 3.23 3.27 3.29 3.34 3.39 3.39 3.36 3.41 3.53 3.77 4.17 4.60 4.83 4.86 4.68 4.23 3.99 4.15 4.28 4.15 3.92 3.74 3.54 3.40 3.35 3.36 3.37 3.33 3.12 2.77 2.57 2.51 2.52 2.62 2.78 2.95 3.17 3.39 3.47 3.42 3.18 2.57 2.07 1.95 1.98 2.18 2.42 2.61 2.93 3.34 3.31 2.78 2.76 3.20 3.26 3.07 2.97 2.99 3.10 3.25 3.33 2.97 2.54 2.52 2.66
3.00 3.02 3.04 3.07 3.13 3.18 3.22 3.27 3.31 3.32 3.33 3.38 3.41 3.41 3.41 3.38 3.36 3.35 3.30 3.25 3.22 3.22 3.25 3.35 3.43 3.39 3.34 3.39 3.62 4.07 4.50 4.75 4.77 4.72 4.35 3.90 3.96 4.00 3.78 3.53 3.41 3.33 3.21 3.07 2.92 2.83 2.73 2.52 2.35 2.31 2.29 2.25 2.22 2.24 2.45 2.78 3.10 3.35 3.34 3.04 2.60 2.29 2.31 2.46 2.63 2.72 2.81 3.01 3.30 3.51 3.53 3.66 3.66 3.31 3.06 3.06 3.18 3.35 3.49 3.31 2.77 2.41 2.51 2.73
3.01 3.06 3.14 3.17 3.19 3.23 3.27 3.31 3.34 3.33 3.32 3.33 3.35 3.36 3.38 3.38 3.36 3.34 3.31 3.27 3.24 3.22 3.19 3.18 3.26 3.32 3.28 3.22 3.22 3.30 3.54 3.92 4.28 4.65 4.82 4.56 4.16 3.86 3.69 3.54 3.37 3.14 2.85 2.61 2.43 2.29 2.18 2.08 2.08 2.10 2.08 2.03 1.96 1.92 2.03 2.31 2.61 2.78 2.81 2.83 2.76 2.62 2.60 2.71 2.82 2.83 2.87 3.04 3.51 4.02 3.97 3.69 3.35 2.99 2.87 2.93 3.06 3.23 3.24 2.94 2.65 2.61 2.70 2.86
2.99 3.04 3.16 3.27 3.31 3.30 3.31 3.34 3.39 3.39 3.35 3.33 3.33 3.33 3.33 3.33 3.32 3.30 3.26 3.24 3.23 3.21 3.15 3.06 3.02 3.04 3.10 3.11 3.02 2.91 3.03 3.45 4.03 4.53 4.89 4.88 4.36 3.75 3.41 3.18 2.96 2.77 2.54 2.39 2.33 2.23 2.12 2.14 2.21 2.23 2.18 2.16 2.15 2.16 2.30 2.50 2.56 2.47 2.40 2.44 2.46 2.47 2.55 2.70 2.86 2.95 3.09 3.43 4.10 4.21 3.45 2.93 2.70 2.53 2.60 2.74 2.74 2.63 2.40 2.30 2.43 2.53 2.58 2.63
2.97 3.00 3.08 3.22 3.32 3.33 3.31 3.32 3.37 3.39 3.35 3.32 3.31 3.31 3.30 3.29 3.27 3.27 3.25 3.21 3.18 3.15 3.09 3.02 2.95 2.91 2.94 2.97 2.96 2.99 3.19 3.50 3.85 4.05 4.14 4.26 4.16 3.70 3.18 2.78 2.55 2.51 2.52 2.49 2.48 2.51 2.49 2.45 2.41 2.34 2.35 2.46 2.57 2.68 2.83 2.88 2.79 2.66 2.53 2.48 2.48 2.45 2.51 2.69 2.85 3.03 3.37 3.91 4.23 3.58 2.50 2.09 2.13 2.38 2.67 2.69 2.49 2.24 2.12 2.27 2.29 2.15 2.15 2.23
3.01 3.04 3.09 3.15 3.25 3.31 3.32 3.29 3.29 3.33 3.33 3.31 3.31 3.30 3.29 3.27 3.25 3.24 3.23 3.19 3.14 3.10 3.07 3.02 2.98 2.93 2.91 2.95 3.13 3.39 3.55 3.55 3.41 3.33 3.44 3.53 3.55 3.40 3.09 2.80 2.66 2.62 2.66 2.75 2.77 2.75 2.74 2.73 2.66 2.58 2.64 2.80 2.93 2.98 2.97 3.01 3.05 3.02 2.94 2.91 2.87 2.74 2.70 2.73 2.73 2.89 3.41 3.90 3.66 2.72 2.07 2.12 2.62 2.99 2.82 2.51 2.47 2.48 2.47 2.50 2.30 2.09 2.07 2.22
