windninja/windninja_output/Output_2025-10-23_1800-1850_Google earth_Fire_150m_10min/merlingen_7.5mi_point_10-23-2025_1810_150m_vel.asc
ncols	158
nrows	163
xllcorner	391686.332397
yllcorner	5160024.123721
cellsize	150.000000
NODATA_value	-32768.000000
[rows 76 to 113 of 163, columns 0 to 83 of 158]
1.14 0.92 0.70 0.66 0.74 0.86 0.93 0.97 1.01 1.04 1.07 1.10 1.12 1.16 1.20 1.22 1.24 1.26 1.27 1.27 1.28 1.29 1.30 1.31 1.28 1.22 1.23 1.33 1.40 1.42 1.43 1.43 1.41 1.40 1.42 1.45 1.49 1.54 1.55 1.54 1.54 1.54 1.56 1.58 1.60 1.62 1.65 1.67 1.70 1.72 1.74 1.76 1.78 1.79 1.80 1.82 1.83 1.84 1.84 1.85 1.86 1.87 1.87 1.87 1.86 1.86 1.85 1.85 1.83 1.79 1.74 1.68 1.62 1.56 1.54 1.54 1.39 1.16 1.25 2.04 3.03 3.18 2.63 1.80
1.23 0.91 0.50 0.49 0.71 0.89 0.96 1.03 1.10 1.16 1.20 1.20 1.21 1.25 1.26 1.26 1.28 1.31 1.31 1.30 1.31 1.33 1.36 1.36 1.28 1.19 1.27 1.39 1.40 1.38 1.36 1.35 1.36 1.41 1.52 1.55 1.55 1.57 1.57 1.57 1.56 1.56 1.58 1.60 1.62 1.65 1.67 1.70 1.72 1.75 1.77 1.79 1.81 1.82 1.83 1.84 1.86 1.87 1.87 1.88 1.89 1.90 1.90 1.90 1.90 1.90 1.90 1.89 1.86 1.83 1.80 1.75 1.70 1.65 1.60 1.56 1.42 1.27 1.44 2.23 2.76 2.26 1.69 1.52
1.49 1.01 0.37 0.36 0.67 0.93 1.09 1.22 1.34 1.39 1.37 1.32 1.31 1.32 1.32 1.33 1.35 1.36 1.34 1.34 1.35 1.37 1.40 1.37 1.25 1.21 1.34 1.44 1.43 1.38 1.35 1.40 1.47 1.55 1.64 1.64 1.60 1.59 1.59 1.60 1.56 1.55 1.59 1.62 1.64 1.67 1.70 1.73 1.76 1.79 1.81 1.83 1.84 1.85 1.86 1.87 1.88 1.89 1.90 1.91 1.92 1.93 1.93 1.94 1.94 1.94 1.93 1.92 1.91 1.89 1.85 1.80 1.75 1.71 1.65 1.59 1.47 1.38 1.54 2.09 2.21 1.45 1.17 1.33
1.91 1.35 0.47 0.53 0.90 1.30 1.46 1.57 1.69 1.66 1.51 1.42 1.40 1.41 1.41 1.41 1.42 1.40 1.36 1.36 1.38 1.41 1.42 1.36 1.25 1.29 1.45 1.52 1.50 1.44 1.43 1.52 1.57 1.60 1.67 1.68 1.62 1.57 1.61 1.63 1.56 1.54 1.59 1.62 1.63 1.67 1.70 1.75 1.79 1.82 1.85 1.87 1.88 1.89 1.90 1.90 1.91 1.92 1.93 1.94 1.95 1.96 1.97 1.97 1.97 1.97 1.97 1.97 1.95 1.93 1.90 1.84 1.79 1.76 1.71 1.63 1.54 1.47 1.57 1.79 1.56 0.97 0.90 1.09
2.13 1.64 1.08 1.22 1.95 2.67 2.49 2.21 2.11 1.87 1.61 1.51 1.49 1.47 1.46 1.46 1.44 1.41 1.37 1.39 1.42 1.44 1.44 1.38 1.31 1.37 1.52 1.56 1.53 1.49 1.53 1.61 1.65 1.67 1.73 1.72 1.60 1.57 1.63 1.65 1.55 1.50 1.56 1.59 1.62 1.67 1.71 1.76 1.83 1.89 1.92 1.92 1.92 1.92 1.92 1.93 1.94 1.95 1.96 1.97 1.98 1.99 2.00 2.00 2.01 2.01 2.01 2.01 1.99 1.97 1.94 1.88 1.84 1.81 1.76 1.69 1.61 1.53 1.54 1.49 1.09 0.78 0.81 0.91
2.07 1.38 1.02 1.82 2.80 3.03 2.90 2.71 2.40 2.02 1.73 1.58 1.52 1.48 1.48 1.46 1.41 1.39 1.40 1.42 1.44 1.46 1.48 1.44 1.37 1.42 1.55 1.57 1.56 1.58 1.62 1.70 1.73 1.73 1.74 1.69 1.60 1.60 1.66 1.67 1.56 1.48 1.52 1.56 1.60 1.66 1.67 1.73 1.88 1.99 2.00 1.98 1.97 1.95 1.95 1.95 1.96 1.97 1.98 2.00 2.01 2.02 2.03 2.04 2.04 2.05 2.05 2.05 2.04 2.01 1.98 1.94 1.90 1.87 1.82 1.76 1.68 1.58 1.52 1.35 1.03 0.85 0.82 0.81
1.79 1.01 1.53 2.78 3.12 2.44 2.23 2.32 2.18 1.92 1.67 1.52 1.48 1.47 1.47 1.43 1.38 1.39 1.42 1.43 1.47 1.50 1.53 1.49 1.39 1.46 1.60 1.62 1.63 1.64 1.65 1.67 1.65 1.63 1.63 1.62 1.63 1.64 1.67 1.67 1.57 1.51 1.54 1.61 1.68 1.75 1.76 1.83 2.05 2.18 2.13 2.06 2.00 1.97 1.97 1.97 1.98 2.00 2.01 2.03 2.04 2.05 2.06 2.07 2.08 2.08 2.09 2.09 2.07 2.05 2.03 1.99 1.95 1.92 1.89 1.83 1.76 1.64 1.54 1.37 1.13 0.89 0.78 0.88
1.77 2.20 2.91 3.06 2.57 1.86 1.69 1.68 1.59 1.44 1.32 1.34 1.38 1.38 1.39 1.37 1.35 1.39 1.43 1.45 1.50 1.54 1.56 1.52 1.48 1.58 1.70 1.70 1.66 1.64 1.63 1.61 1.57 1.55 1.55 1.58 1.63 1.65 1.68 1.65 1.58 1.59 1.67 1.78 1.89 1.99 2.05 2.15 2.33 2.37 2.24 2.13 2.06 2.00 1.96 1.97 2.00 2.02 2.04 2.06 2.07 2.08 2.09 2.10 2.11 2.12 2.12 2.12 2.11 2.10 2.07 2.05 2.01 1.98 1.95 1.90 1.82 1.71 1.59 1.43 1.20 1.00 0.89 1.28
2.29 2.48 2.51 2.03 1.61 1.41 1.22 1.04 0.94 0.97 1.11 1.23 1.27 1.30 1.34 1.34 1.34 1.39 1.46 1.50 1.56 1.59 1.60 1.61 1.64 1.70 1.74 1.70 1.65 1.66 1.65 1.61 1.54 1.50 1.52 1.58 1.65 1.69 1.68 1.66 1.65 1.69 1.77 1.86 1.95 2.02 2.09 2.22 2.31 2.27 2.15 2.09 2.04 1.94 1.92 1.97 2.02 2.05 2.07 2.09 2.10 2.12 2.13 2.13 2.14 2.15 2.16 2.16 2.15 2.14 2.12 2.10 2.07 2.04 2.01 1.97 1.90 1.79 1.68 1.52 1.35 1.28 1.30 1.87
2.53 1.95 1.30 1.09 0.97 0.84 0.63 0.55 0.69 0.92 1.13 1.20 1.22 1.28 1.35 1.36 1.34 1.42 1.49 1.53 1.58 1.60 1.65 1.73 1.76 1.70 1.66 1.63 1.65 1.69 1.65 1.59 1.54 1.48 1.55 1.65 1.69 1.71 1.72 1.74 1.74 1.75 1.79 1.84 1.91 1.96 2.06 2.18 2.22 2.15 2.05 1.98 1.90 1.85 1.88 1.96 2.04 2.08 2.10 2.12 2.14 2.15 2.16 2.17 2.17 2.18 2.19 2.19 2.19 2.19 2.17 2.15 2.12 2.10 2.08 2.04 1.98 1.89 1.79 1.67 1.57 1.65 1.87 2.62
2.57 1.80 0.99 0.84 0.67 0.49 0.39 0.56 0.89 1.13 1.21 1.17 1.20 1.28 1.34 1.33 1.31 1.39 1.46 1.52 1.56 1.59 1.69 1.87 1.89 1.74 1.66 1.67 1.72 1.69 1.60 1.60 1.58 1.58 1.70 1.77 1.74 1.75 1.81 1.85 1.83 1.80 1.80 1.83 1.88 1.95 2.08 2.21 2.23 2.13 1.99 1.90 1.88 1.88 1.90 1.99 2.07 2.11 2.14 2.17 2.18 2.18 2.19 2.20 2.21 2.22 2.22 2.23 2.23 2.23 2.22 2.20 2.19 2.17 2.14 2.11 2.06 2.00 1.93 1.87 1.86 2.06 2.47 3.41
2.08 1.46 0.92 0.83 0.69 0.63 0.72 0.99 1.25 1.31 1.18 1.12 1.24 1.27 1.28 1.28 1.25 1.34 1.46 1.58 1.61 1.65 1.93 2.28 2.22 1.90 1.76 1.78 1.76 1.67 1.60 1.63 1.63 1.66 1.75 1.78 1.75 1.79 1.88 1.93 1.91 1.85 1.80 1.81 1.86 1.96 2.12 2.23 2.23 2.10 1.96 1.91 1.90 1.91 1.96 2.03 2.10 2.17 2.21 2.22 2.22 2.22 2.22 2.22 2.23 2.24 2.25 2.26 2.27 2.27 2.27 2.26 2.25 2.23 2.21 2.18 2.16 2.13 2.10 2.09 2.14 2.40 2.85 3.64
1.45 1.32 1.18 1.19 1.14 1.17 1.27 1.36 1.33 1.22 1.12 1.22 1.35 1.31 1.31 1.25 1.19 1.34 1.56 1.78 1.85 2.04 2.74 3.07 2.57 1.96 1.76 1.75 1.69 1.64 1.63 1.65 1.65 1.67 1.71 1.74 1.73 1.76 1.86 1.94 1.94 1.88 1.82 1.81 1.86 1.99 2.15 2.23 2.21 2.12 2.03 1.97 1.91 1.95 2.03 2.08 2.16 2.24 2.28 2.29 2.28 2.25 2.24 2.24 2.25 2.27 2.28 2.30 2.30 2.31 2.31 2.31 2.30 2.29 2.28 2.27 2.27 2.26 2.26 2.27 2.34 2.53 2.91 3.62
1.52 1.67 1.73 1.54 1.42 1.39 1.40 1.35 1.19 1.16 1.36 1.50 1.46 1.34 1.24 1.11 1.16 1.43 1.80 2.17 2.45 3.12 3.65 3.22 2.21 1.70 1.61 1.63 1.61 1.61 1.63 1.65 1.66 1.67 1.71 1.76 1.73 1.70 1.77 1.89 1.94 1.90 1.85 1.81 1.87 2.00 2.12 2.22 2.23 2.18 2.13 2.05 2.02 2.06 2.08 2.11 2.17 2.27 2.41 2.45 2.35 2.27 2.25 2.25 2.27 2.29 2.31 2.33 2.34 2.35 2.35 2.35 2.35 2.35 2.35 2.35 2.36 2.37 2.39 2.41 2.48 2.61 2.86 3.36
1.81 1.84 1.67 1.37 1.32 1.34 1.33 1.29 1.26 1.44 1.75 1.71 1.47 1.29 1.13 1.05 1.23 1.57 2.12 2.89 3.67 4.12 3.65 2.48 1.67 1.41 1.45 1.53 1.56 1.58 1.61 1.65 1.68 1.68 1.74 1.79 1.74 1.70 1.75 1.87 1.97 1.94 1.87 1.82 1.87 1.95 2.06 2.22 2.29 2.27 2.23 2.19 2.18 2.15 2.05 2.01 2.09 2.34 2.73 2.70 2.38 2.23 2.23 2.25 2.28 2.31 2.33 2.36 2.37 2.38 2.39 2.40 2.41 2.41 2.42 2.43 2.45 2.46 2.49 2.53 2.61 2.70 2.86 3.20
1.94 1.82 1.64 1.59 1.70 1.68 1.63 1.64 1.67 1.84 2.00 1.81 1.51 1.37 1.30 1.32 1.45 1.69 2.36 3.71 4.47 4.02 2.64 1.75 1.32 1.21 1.31 1.42 1.48 1.54 1.60 1.64 1.69 1.70 1.75 1.82 1.78 1.78 1.81 1.88 1.97 1.95 1.92 1.89 1.88 1.91 2.01 2.19 2.33 2.39 2.37 2.34 2.30 2.20 1.98 1.92 2.22 2.69 3.05 2.80 2.28 2.13 2.18 2.24 2.29 2.33 2.36 2.38 2.40 2.42 2.43 2.45 2.46 2.47 2.49 2.50 2.52 2.55 2.59 2.65 2.73 2.80 2.95 3.25
2.15 2.10 2.18 2.37 2.51 2.60 2.78 2.93 2.80 2.60 2.34 1.98 1.66 1.52 1.47 1.57 1.79 2.16 3.18 4.37 4.24 2.67 1.61 1.16 0.98 1.00 1.18 1.33 1.42 1.51 1.58 1.65 1.73 1.75 1.80 1.84 1.83 1.84 1.85 1.85 1.86 1.89 1.95 1.96 1.91 1.89 1.95 2.11 2.35 2.52 2.54 2.50 2.41 2.23 1.98 2.09 2.63 2.98 2.97 2.59 2.14 2.02 2.11 2.22 2.29 2.34 2.38 2.41 2.43 2.45 2.47 2.49 2.51 2.52 2.54 2.56 2.59 2.63 2.68 2.74 2.82 2.91 3.06 3.28
2.52 2.50 2.58 2.77 3.05 3.34 3.57 3.71 3.62 3.29 3.05 2.91 2.76 2.76 2.68 2.66 3.00 3.60 4.30 4.20 3.00 1.42 0.94 0.76 0.75 0.88 1.11 1.28 1.39 1.49 1.55 1.66 1.79 1.83 1.83 1.84 1.86 1.88 1.90 1.85 1.76 1.76 1.94 2.02 1.92 1.85 1.90 2.08 2.38 2.60 2.77 2.80 2.51 2.23 2.09 2.29 2.73 2.81 2.62 2.41 2.15 1.98 2.05 2.20 2.30 2.37 2.41 2.43 2.45 2.48 2.51 2.53 2.55 2.57 2.59 2.62 2.66 2.70 2.75 2.81 2.89 2.99 3.12 3.29
2.98 2.82 2.68 2.81 3.09 3.17 3.06 2.97 2.95 3.16 3.30 3.42 3.55 3.62 3.63 3.58 3.69 3.93 3.85 2.67 1.37 0.78 0.54 0.51 0.61 0.85 1.11 1.27 1.36 1.41 1.50 1.72 1.94 1.93 1.84 1.84 1.89 1.93 1.94 1.88 1.75 1.70 1.90 2.06 1.95 1.91 1.98 2.14 2.44 2.71 3.13 3.14 2.47 2.16 2.19 2.32 2.56 2.59 2.47 2.38 2.23 2.03 2.05 2.22 2.33 2.39 2.42 2.45 2.49 2.52 2.54 2.56 2.58 2.61 2.64 2.67 2.72 2.76 2.81 2.87 2.95 3.04 3.15 3.30
3.37 3.03 2.70 2.82 2.94 2.71 2.30 2.02 2.05 2.42 2.61 2.49 2.31 1.91 2.04 2.25 2.49 2.45 2.50 1.51 0.57 0.26 0.20 0.33 0.60 0.91 1.11 1.25 1.31 1.37 1.59 1.96 2.13 1.99 1.83 1.85 1.94 1.97 1.97 1.93 1.82 1.74 1.87 2.04 2.05 2.09 2.18 2.36 2.67 3.09 3.45 3.10 2.24 2.03 2.21 2.32 2.46 2.51 2.44 2.36 2.29 2.11 2.12 2.28 2.36 2.40 2.44 2.49 2.53 2.55 2.57 2.58 2.61 2.65 2.68 2.72 2.76 2.81 2.86 2.92 2.99 3.07 3.17 3.29
3.70 3.34 2.93 2.89 2.75 2.30 1.87 1.62 1.54 1.55 1.54 1.43 1.04 0.87 0.97 1.27 1.46 1.87 1.92 0.85 0.54 0.65 0.58 0.59 0.81 1.03 1.14 1.25 1.33 1.51 1.89 2.14 2.10 1.91 1.79 1.85 1.96 2.01 2.01 1.99 1.91 1.82 1.86 2.05 2.20 2.29 2.45 2.73 3.10 3.35 3.18 2.61 2.09 1.97 2.18 2.36 2.42 2.44 2.38 2.34 2.30 2.19 2.21 2.33 2.38 2.42 2.49 2.54 2.57 2.57 2.58 2.60 2.64 2.69 2.73 2.77 2.80 2.85 2.90 2.96 3.02 3.10 3.18 3.28
4.20 3.77 3.14 2.69 2.26 1.86 1.54 1.34 1.25 1.18 1.12 0.89 0.60 0.65 0.87 1.19 1.47 1.77 1.63 1.04 0.97 0.95 1.04 1.12 1.17 1.19 1.20 1.28 1.42 1.68 1.95 2.00 1.93 1.85 1.80 1.87 1.99 2.07 2.08 2.05 2.01 1.91 1.88 2.09 2.31 2.39 2.59 2.91 3.11 2.97 2.55 2.34 2.18 2.03 2.18 2.37 2.41 2.38 2.34 2.34 2.28 2.24 2.30 2.38 2.41 2.47 2.53 2.56 2.57 2.57 2.59 2.64 2.68 2.72 2.76 2.80 2.84 2.89 2.94 2.99 3.05 3.11 3.19 3.26
4.77 4.09 2.98 2.25 1.86 1.67 1.39 1.21 1.13 1.02 0.91 0.77 0.59 0.57 0.84 1.21 1.50 1.50 1.22 1.18 1.11 1.05 1.47 1.76 1.61 1.28 1.18 1.28 1.46 1.69 1.85 1.88 1.90 1.91 1.88 1.93 2.07 2.18 2.18 2.14 2.11 2.01 1.94 2.09 2.27 2.36 2.59 2.86 2.85 2.62 2.39 2.35 2.29 2.17 2.24 2.39 2.46 2.42 2.37 2.33 2.26 2.29 2.39 2.44 2.47 2.52 2.55 2.57 2.57 2.58 2.62 2.67 2.71 2.75 2.79 2.84 2.88 2.92 2.97 3.02 3.07 3.13 3.19 3.25
5.02 4.01 2.68 2.09 1.77 1.55 1.30 1.20 1.14 0.99 0.90 0.78 0.63 0.64 0.86 1.20 1.40 1.29 1.17 1.15 1.11 1.54 2.27 2.21 1.47 0.98 1.04 1.24 1.42 1.63 1.81 1.88 1.95 2.00 2.00 2.08 2.22 2.31 2.30 2.24 2.19 2.12 2.05 2.05 2.20 2.43 2.63 2.75 2.69 2.54 2.47 2.41 2.34 2.33 2.37 2.44 2.48 2.49 2.42 2.32 2.26 2.34 2.47 2.52 2.55 2.57 2.57 2.58 2.58 2.59 2.64 2.69 2.73 2.78 2.82 2.87 2.91 2.95 3.00 3.04 3.09 3.14 3.19 3.24
4.37 3.57 2.54 2.09 1.73 1.48 1.30 1.21 1.16 1.05 0.99 0.88 0.77 0.79 0.93 1.21 1.37 1.13 0.96 0.98 1.45 2.38 2.51 1.46 0.66 0.70 0.99 1.22 1.39 1.60 1.82 1.95 2.05 2.14 2.19 2.26 2.33 2.40 2.46 2.40 2.29 2.23 2.13 2.06 2.22 2.46 2.59 2.62 2.58 2.53 2.55 2.47 2.38 2.44 2.50 2.49 2.44 2.54 2.53 2.34 2.27 2.37 2.51 2.62 2.66 2.63 2.60 2.58 2.55 2.59 2.65 2.71 2.76 2.81 2.85 2.90 2.94 2.98 3.02 3.06 3.11 3.15 3.19 3.24
3.53 3.02 2.40 2.02 1.63 1.43 1.34 1.24 1.14 1.08 1.03 0.92 0.81 0.84 0.95 1.14 1.26 1.09 0.88 1.40 2.32 2.58 1.79 1.08 0.88 0.90 1.10 1.27 1.40 1.61 1.88 2.10 2.24 2.34 2.37 2.37 2.38 2.49 2.65 2.59 2.37 2.28 2.20 2.13 2.20 2.35 2.50 2.56 2.53 2.54 2.56 2.50 2.43 2.47 2.55 2.50 2.44 2.61 2.61 2.38 2.29 2.37 2.54 2.72 2.78 2.69 2.62 2.54 2.48 2.56 2.67 2.75 2.79 2.83 2.88 2.92 2.97 3.01 3.05 3.09 3.12 3.16 3.20 3.23
2.86 2.56 2.14 1.84 1.53 1.36 1.32 1.26 1.15 1.06 1.01 0.92 0.77 0.71 0.86 1.17 1.40 1.38 1.36 1.96 2.44 1.75 1.24 1.19 1.12 1.13 1.24 1.36 1.47 1.69 2.01 2.29 2.45 2.54 2.54 2.49 2.50 2.67 2.84 2.71 2.42 2.29 2.27 2.23 2.22 2.35 2.54 2.59 2.54 2.53 2.51 2.51 2.49 2.49 2.59 2.53 2.52 2.63 2.60 2.50 2.40 2.42 2.57 2.75 2.85 2.75 2.59 2.46 2.38 2.49 2.72 2.84 2.82 2.84 2.90 2.95 3.00 3.05 3.08 3.11 3.14 3.17 3.20 3.23
2.37 2.18 1.88 1.65 1.45 1.32 1.26 1.23 1.17 1.06 1.01 0.96 0.81 0.79 1.01 1.30 1.55 1.55 1.57 1.97 1.92 1.42 1.32 1.32 1.27 1.30 1.42 1.48 1.58 1.88 2.17 2.41 2.63 2.71 2.73 2.72 2.72 2.83 2.90 2.76 2.50 2.36 2.36 2.33 2.32 2.39 2.52 2.54 2.46 2.43 2.45 2.54 2.56 2.54 2.63 2.60 2.58 2.59 2.60 2.64 2.57 2.50 2.53 2.72 2.90 2.79 2.54 2.37 2.28 2.44 2.82 2.96 2.83 2.82 2.91 2.97 3.04 3.10 3.12 3.14 3.17 3.19 3.21 3.22
2.00 1.87 1.62 1.48 1.37 1.28 1.21 1.18 1.17 1.12 1.05 1.03 0.97 1.00 1.13 1.29 1.55 1.54 1.47 1.59 1.59 1.51 1.46 1.43 1.37 1.43 1.62 1.70 1.79 2.10 2.30 2.48 2.77 2.91 2.94 2.99 2.96 2.93 2.93 2.85 2.66 2.50 2.44 2.45 2.41 2.37 2.42 2.43 2.35 2.36 2.47 2.57 2.62 2.62 2.64 2.62 2.58 2.58 2.65 2.71 2.63 2.49 2.50 2.73 2.87 2.77 2.55 2.33 2.24 2.44 2.86 3.01 2.88 2.80 2.88 3.03 3.13 3.15 3.15 3.17 3.19 3.21 3.22 3.22
1.68 1.57 1.38 1.30 1.27 1.22 1.17 1.11 1.16 1.20 1.13 1.12 1.13 1.12 1.17 1.28 1.44 1.47 1.40 1.43 1.44 1.47 1.51 1.47 1.44 1.54 1.78 1.92 2.03 2.30 2.45 2.66 2.91 3.02 3.13 3.30 3.31 3.14 3.09 3.02 2.86 2.63 2.56 2.58 2.49 2.40 2.40 2.39 2.33 2.39 2.54 2.61 2.64 2.66 2.64 2.59 2.56 2.58 2.67 2.73 2.62 2.51 2.56 2.74 2.78 2.74 2.60 2.32 2.21 2.45 2.77 2.94 3.00 2.86 2.91 3.18 3.27 3.17 3.14 3.23 3.27 3.24 3.20 3.19
1.42 1.33 1.18 1.14 1.17 1.16 1.10 1.05 1.15 1.27 1.25 1.24 1.25 1.20 1.19 1.23 1.31 1.34 1.26 1.24 1.34 1.49 1.46 1.41 1.50 1.63 1.86 2.05 2.31 2.57 2.76 2.95 2.92 2.95 3.37 3.84 3.79 3.44 3.25 3.12 2.93 2.72 2.71 2.70 2.55 2.47 2.41 2.38 2.37 2.43 2.59 2.64 2.59 2.62 2.65 2.59 2.54 2.57 2.65 2.71 2.63 2.57 2.65 2.74 2.74 2.73 2.64 2.32 2.16 2.40 2.68 2.85 3.06 3.08 3.13 3.36 3.35 3.12 3.14 3.40 3.44 3.26 3.15 3.15
1.25 1.16 1.04 1.03 1.08 1.12 1.11 1.11 1.23 1.44 1.50 1.45 1.30 1.15 1.15 1.14 1.19 1.21 1.10 1.09 1.29 1.55 1.44 1.27 1.45 1.69 1.85 2.06 2.58 2.96 3.08 3.04 2.64 2.82 3.89 4.48 4.13 3.46 3.25 3.21 2.98 2.83 2.86 2.80 2.68 2.61 2.49 2.44 2.43 2.42 2.54 2.58 2.53 2.56 2.61 2.59 2.54 2.55 2.61 2.65 2.67 2.69 2.70 2.73 2.75 2.68 2.61 2.38 2.14 2.27 2.61 2.85 3.08 3.25 3.34 3.46 3.41 3.20 3.24 3.55 3.58 3.26 3.08 3.08
1.18 1.07 0.98 1.04 1.13 1.27 1.44 1.49 1.58 1.61 1.50 1.31 1.07 0.99 1.10 1.13 1.13 1.07 0.96 1.01 1.30 1.64 1.49 1.16 1.27 1.64 1.86 1.98 2.72 3.34 3.19 2.97 2.45 2.91 4.53 4.81 3.97 3.33 3.41 3.47 3.08 2.92 3.03 2.98 2.83 2.72 2.62 2.54 2.45 2.40 2.46 2.52 2.51 2.51 2.53 2.55 2.55 2.56 2.59 2.59 2.67 2.81 2.77 2.68 2.71 2.63 2.54 2.45 2.20 2.14 2.48 2.91 3.17 3.30 3.45 3.55 3.56 3.44 3.32 3.49 3.60 3.36 3.09 2.98
1.16 1.07 1.08 1.31 1.53 1.67 1.66 1.55 1.44 1.31 1.19 1.08 0.92 0.95 1.15 1.25 1.16 0.89 0.81 1.06 1.46 1.71 1.48 1.13 1.12 1.50 1.83 1.95 2.78 3.55 3.22 2.94 2.65 3.26 4.83 4.71 3.70 3.54 3.85 3.58 2.88 2.90 3.24 3.11 2.87 2.83 2.76 2.56 2.41 2.39 2.44 2.50 2.51 2.47 2.46 2.48 2.53 2.61 2.66 2.57 2.60 2.85 2.83 2.58 2.62 2.65 2.52 2.47 2.30 2.09 2.27 2.90 3.34 3.37 3.49 3.62 3.69 3.60 3.37 3.41 3.58 3.58 3.23 2.92
1.27 1.21 1.33 1.53 1.60 1.50 1.28 1.12 1.05 1.03 1.07 1.05 0.94 1.02 1.30 1.46 1.21 0.71 0.69 1.15 1.63 1.78 1.46 1.17 1.15 1.40 1.73 1.98 2.87 3.61 3.31 3.00 2.87 3.58 4.95 4.79 4.05 4.16 4.00 3.19 2.67 3.12 3.43 3.10 2.91 2.97 2.81 2.52 2.40 2.42 2.45 2.46 2.42 2.41 2.44 2.45 2.47 2.64 2.74 2.54 2.49 2.77 2.81 2.52 2.54 2.69 2.62 2.48 2.31 2.12 2.21 2.87 3.43 3.46 3.50 3.64 3.70 3.65 3.51 3.48 3.57 3.71 3.43 2.94
1.36 1.32 1.37 1.37 1.26 1.10 0.97 0.94 0.95 0.96 1.02 1.09 1.07 1.19 1.53 1.68 1.26 0.66 0.62 1.14 1.68 1.90 1.54 1.23 1.22 1.45 1.76 2.07 2.77 3.45 3.47 3.14 2.99 3.81 5.21 5.29 4.78 4.52 3.80 2.91 2.93 3.32 3.41 3.18 3.08 3.00 2.72 2.47 2.43 2.45 2.44 2.36 2.26 2.33 2.47 2.42 2.38 2.59 2.75 2.55 2.43 2.61 2.70 2.57 2.54 2.71 2.76 2.54 2.30 2.20 2.30 2.83 3.37 3.48 3.54 3.66 3.66 3.63 3.67 3.66 3.66 3.77 3.53 3.04
1.29 1.20 1.14 1.06 1.00 0.96 0.92 0.92 0.95 0.91 0.96 1.24 1.38 1.43 1.71 1.81 1.27 0.74 0.71 1.15 1.65 1.97 1.72 1.23 1.21 1.69 2.02 2.26 2.58 3.07 3.45 3.39 3.30 4.30 5.67 5.66 5.03 4.27 3.22 2.87 2.90 2.94 3.23 3.51 3.33 2.95 2.61 2.43 2.42 2.44 2.43 2.28 2.17 2.31 2.47 2.39 2.32 2.50 2.71 2.60 2.41 2.44 2.58 2.61 2.57 2.67 2.80 2.66 2.41 2.29 2.37 2.77 3.22 3.44 3.55 3.68 3.65 3.59 3.75 3.88 3.87 3.86 3.53 3.12
1.30 1.13 0.96 0.89 0.91 0.94 0.93 0.95 0.96 0.91 1.03 1.48 1.68 1.59 1.76 1.89 1.38 1.00 1.18 1.40 1.65 1.94 1.74 1.20 1.27 1.98 2.28 2.46 2.52 2.69 3.19 3.57 3.91 5.02 6.00 5.47 4.40 3.49 2.83 2.60 2.39 2.59 3.44 3.87 3.38 2.78 2.53 2.49 2.48 2.47 2.42 2.25 2.17 2.30 2.43 2.39 2.31 2.39 2.62 2.62 2.43 2.32 2.47 2.67 2.58 2.60 2.74 2.71 2.63 2.46 2.44 2.78 3.14 3.29 3.48 3.71 3.72 3.61 3.70 3.90 4.15 4.02 3.46 3.13
