windninja/windninja_output/Output_2025-10-23_1800-1850_Google earth_Fire_150m_10min/merlingen_7.5mi_point_10-23-2025_1840_150m_ang.asc
ncols	158
nrows	163
xllcorner	391686.332397
yllcorner	5160024.123721
cellsize	150.000000
NODATA_value	-32768.000000
[rows 45 to 89 of 163, columns 0 to 95 of 158]
71 72 74 76 78 78 79 79 79 79 80 80 80 79 79 79 79 79 79 79 79 78 78 79 79 80 80 81 81 82 83 82 81 81 81 85 87 83 78 74 72 72 71 66 58 57 61 64 65 63 60 56 52 50 52 55 55 56 56 54 51 48 42 32 24 18 13 11 9 9 8 6 5 2 1 5 13 15 7 353 340 330 322 314 313 317 314 306 299 297 299 300 296 291 288 288
72 73 75 76 77 78 80 80 80 80 80 80 80 80 80 80 80 80 80 79 79 79 79 79 80 80 80 80 81 82 83 83 82 83 83 85 86 86 83 80 77 76 72 65 58 61 64 66 66 63 58 55 53 54 56 57 57 57 57 52 45 40 33 24 19 16 13 13 11 9 7 6 6 6 8 12 17 12 360 346 334 325 317 311 312 314 311 306 299 294 296 298 296 291 286 285
72 74 75 75 76 79 81 82 81 81 81 81 81 81 81 81 81 81 80 80 80 80 80 80 81 81 80 81 81 82 82 83 83 84 85 86 86 88 87 84 81 78 73 64 60 65 70 70 66 60 56 54 54 55 55 55 56 56 55 48 39 36 31 25 21 18 16 14 13 10 7 6 7 9 13 18 18 9 354 339 327 320 316 316 317 316 312 307 300 295 295 296 295 291 286 285
73 74 74 73 74 78 82 83 83 83 82 82 81 81 82 82 81 81 81 81 80 80 81 81 81 81 81 81 81 81 82 82 83 84 85 87 88 89 88 87 85 82 74 66 65 69 71 69 63 57 54 55 57 58 56 54 56 55 50 41 34 35 34 29 24 20 16 14 13 11 9 7 8 12 18 21 17 6 352 339 328 323 322 322 322 320 316 312 306 301 296 291 290 289 287 284
74 74 73 71 74 79 81 84 85 84 83 82 82 82 82 82 82 82 81 81 81 81 81 81 81 81 81 81 81 81 81 82 82 84 85 87 88 88 88 87 86 83 78 73 72 73 71 66 61 55 52 55 58 58 56 55 56 53 45 36 33 35 37 34 26 19 15 14 13 12 10 9 11 15 19 18 11 4 354 343 333 328 327 326 324 321 319 316 310 304 295 286 282 284 283 276
75 74 71 70 75 79 80 82 85 85 84 83 83 83 82 82 82 82 82 81 81 81 81 81 81 81 81 81 81 81 81 82 82 83 84 87 88 88 87 86 85 84 81 79 78 77 71 66 62 57 56 59 60 56 54 54 54 49 42 38 37 39 42 38 26 17 15 14 14 13 12 12 15 17 16 11 5 1 354 344 335 329 328 327 323 321 319 314 307 300 292 281 275 273 272 273
76 75 71 72 76 78 77 79 83 86 85 83 83 83 83 82 82 82 82 82 82 82 81 82 81 81 81 81 81 81 81 82 82 83 84 85 87 88 87 86 85 85 84 82 81 78 71 64 61 60 61 63 62 58 56 57 54 48 43 41 42 43 45 38 24 16 15 14 14 14 13 14 16 15 11 6 2 358 352 342 335 329 325 323 321 319 315 309 301 295 287 276 267 265 268 277
77 75 73 75 80 79 77 77 80 83 84 84 83 83 83 83 83 82 82 82 82 82 82 82 82 81 81 81 81 81 81 82 82 82 83 84 86 87 88 87 86 85 85 85 82 77 70 61 59 58 58 59 58 58 60 60 55 48 45 44 44 44 44 36 21 15 14 14 15 14 13 13 13 11 8 4 0 356 347 339 335 330 322 318 315 313 310 305 298 291 282 272 265 266 275 292
74 74 75 78 80 79 77 76 78 80 83 84 84 83 83 83 83 83 83 83 83 82 82 82 82 81 81 81 81 81 81 81 82 82 82 83 84 86 87 88 87 86 85 84 81 75 68 60 59 58 57 57 56 57 61 60 53 47 46 46 45 44 42 33 19 13 13 14 15 13 10 10 11 11 7 3 0 354 343 336 334 329 323 319 315 310 308 306 298 288 280 276 273 274 286 304
71 72 75 79 79 78 76 75 75 77 82 85 85 84 84 84 83 83 83 83 83 83 83 82 82 82 82 82 81 81 81 81 81 82 82 83 83 84 86 88 89 88 84 82 81 77 69 63 63 61 57 58 59 60 62 58 49 45 45 46 44 42 38 28 16 10 10 12 12 10 9 12 13 11 6 3 0 353 342 338 335 329 324 323 319 313 310 307 300 291 285 284 286 287 290 300
71 72 74 79 81 80 78 76 74 75 79 84 86 86 85 84 84 84 83 83 82 83 83 83 82 82 82 82 81 81 81 81 81 81 82 82 82 83 84 86 89 88 85 83 82 81 75 69 67 62 58 60 60 61 62 55 44 42 44 44 41 37 32 24 14 9 10 10 10 11 14 19 15 9 4 2 359 350 342 340 336 329 324 323 320 315 314 311 305 295 290 290 295 297 293 297
72 73 72 74 78 81 81 80 77 76 77 80 85 87 86 85 84 84 84 84 83 83 83 83 83 82 82 82 82 81 81 81 81 81 81 81 82 82 83 84 85 86 85 83 82 82 80 76 70 63 60 62 61 62 62 53 42 42 43 43 39 33 29 24 16 10 10 11 12 17 23 19 11 6 2 1 356 347 342 340 336 330 325 322 319 314 314 312 308 299 294 297 307 310 300 298
73 73 72 71 72 76 79 82 82 79 77 75 79 85 87 87 85 85 84 84 84 83 83 83 83 83 82 82 82 82 81 81 81 81 81 81 81 81 82 82 82 83 83 82 83 83 83 81 75 67 64 65 64 65 62 50 40 41 42 40 35 32 29 26 18 11 10 12 17 22 19 12 7 3 1 358 352 345 342 341 338 332 326 322 315 309 305 304 305 304 304 311 316 314 305 297
73 73 72 72 71 72 75 79 84 84 79 73 74 79 85 89 88 86 85 85 84 84 83 83 83 82 82 82 82 82 81 81 81 81 81 80 80 80 81 81 81 81 81 82 82 83 83 84 83 77 71 68 67 66 61 49 40 42 42 38 33 30 29 26 20 14 11 13 17 17 11 7 4 1 358 354 348 343 342 343 341 335 329 323 315 309 305 305 308 311 311 312 315 312 302 288
72 72 72 72 73 73 74 77 82 85 82 77 74 75 80 86 89 88 86 85 84 84 84 84 83 83 82 82 82 82 81 81 81 81 80 80 80 80 80 80 79 79 79 80 80 80 81 83 85 84 78 72 69 65 59 49 43 45 43 37 32 30 29 26 22 16 12 14 16 12 8 5 1 357 355 351 345 341 343 344 342 337 331 327 321 315 312 312 314 313 309 307 308 305 293 277
71 71 71 72 73 74 76 77 80 83 83 81 78 76 75 78 84 88 88 87 85 85 84 83 83 83 82 82 82 82 81 81 81 80 80 80 80 79 79 79 79 78 78 78 78 78 78 78 80 82 82 79 73 67 59 51 47 46 42 37 33 30 30 27 22 17 14 15 15 10 7 3 357 354 352 348 343 343 346 345 343 337 332 328 322 317 316 316 314 310 307 304 301 296 283 267
71 71 71 72 72 74 76 78 79 80 82 83 83 79 74 73 77 83 88 89 87 86 85 83 83 82 83 83 82 82 82 81 81 80 80 80 79 79 78 78 78 77 77 77 76 76 76 75 76 78 82 85 80 71 61 53 51 48 42 38 34 30 29 26 22 18 17 17 12 6 3 359 353 350 349 345 344 347 350 348 345 340 334 328 320 315 314 314 311 308 306 303 295 284 272 258
72 72 72 73 73 74 75 77 78 79 81 83 85 83 77 74 73 77 82 87 89 88 86 84 83 83 83 83 83 82 82 81 81 80 80 79 79 79 78 77 77 77 76 76 75 74 74 73 73 74 77 81 80 72 62 56 55 50 42 38 33 28 25 22 19 19 20 16 8 2 360 356 350 348 347 346 347 350 352 351 349 345 339 329 322 314 311 312 309 305 303 296 283 271 259 245
74 74 74 75 75 76 76 76 77 77 79 82 85 85 82 77 74 73 76 81 86 87 86 84 83 83 83 83 83 82 82 81 81 80 80 79 79 78 78 77 76 76 75 74 74 73 72 72 71 72 73 74 73 67 57 53 53 49 40 33 27 21 22 23 22 23 21 12 4 360 357 353 348 346 347 349 351 352 354 355 353 350 342 332 326 315 311 310 306 301 294 284 272 258 245 232
74 74 75 76 77 79 79 78 78 77 78 81 84 85 84 82 77 73 72 75 79 83 86 86 84 83 83 83 82 82 82 81 81 80 79 79 78 78 77 76 76 75 74 74 73 72 71 70 70 69 69 69 67 63 54 50 51 45 36 27 20 21 29 33 29 23 12 2 359 357 355 351 346 346 349 351 351 353 356 358 357 352 342 332 323 313 309 306 302 294 286 275 260 244 231 216
72 72 73 75 77 78 78 78 79 79 79 81 84 85 84 85 82 77 73 72 74 77 81 85 86 85 83 82 82 82 82 81 81 80 79 79 78 77 77 76 75 74 73 72 72 71 70 69 68 66 65 65 65 62 54 47 46 40 31 23 20 28 35 29 18 9 0 356 355 354 352 349 344 346 350 350 350 353 359 2 359 351 340 332 320 309 305 301 296 288 277 261 243 228 216 204
66 66 68 72 75 76 75 74 75 77 80 80 81 84 85 84 83 81 77 73 70 71 75 79 83 85 84 83 82 82 82 81 81 80 79 79 78 77 76 75 75 74 73 72 71 69 68 67 66 64 62 61 61 59 54 46 41 37 31 25 23 23 20 13 7 2 357 355 353 350 349 346 343 346 349 348 349 355 2 3 355 346 337 330 317 306 301 296 287 277 262 241 224 209 202 202
54 58 61 64 69 74 72 70 71 75 79 79 77 79 83 83 82 82 81 77 72 69 70 73 77 81 83 84 84 83 82 81 81 80 79 78 78 77 76 75 74 73 72 71 70 68 67 65 63 62 60 58 56 53 49 44 41 38 34 28 19 11 7 4 1 359 357 356 351 347 346 343 341 344 347 348 350 357 2 356 347 338 328 322 311 299 292 285 276 263 242 218 204 197 199 206
42 53 56 56 60 63 61 59 66 72 75 74 74 74 76 79 81 82 83 81 76 73 71 70 70 72 77 82 85 85 84 83 81 80 79 78 77 76 75 74 73 72 71 70 68 67 65 64 62 60 57 55 51 48 44 39 36 33 30 23 12 2 358 354 353 356 357 354 350 346 345 341 337 340 345 347 351 357 357 346 337 327 316 310 302 290 280 275 266 244 218 195 191 195 203 213
50 63 66 62 62 60 53 50 60 66 65 62 62 64 64 68 74 78 81 81 79 77 76 73 68 65 70 78 83 86 86 85 83 81 79 78 77 76 75 74 73 71 70 69 67 66 64 62 60 57 54 51 47 43 39 33 28 22 16 11 1 353 347 343 343 349 350 349 347 346 347 341 335 340 344 346 350 354 350 338 328 317 305 300 296 287 278 270 251 221 195 185 189 200 212 222
66 76 86 86 80 71 61 58 65 67 62 57 56 56 57 60 64 69 74 77 79 79 78 77 71 64 68 73 77 81 84 86 85 82 80 78 77 76 75 73 72 71 69 68 66 64 62 60 57 55 51 48 44 39 34 28 22 15 9 2 353 345 338 331 330 334 337 338 340 344 346 338 334 340 345 347 348 348 344 333 322 309 302 299 294 287 276 258 227 197 184 185 195 206 228 242
70 76 88 93 91 86 82 82 83 79 71 67 66 64 62 62 62 64 67 70 74 77 79 78 73 67 68 69 70 73 77 81 84 84 82 79 77 75 74 73 71 70 68 67 65 63 60 58 55 52 48 44 40 35 29 23 16 9 3 356 349 343 337 330 325 324 323 323 327 334 338 333 332 341 346 346 344 343 341 332 321 309 307 301 291 283 269 237 197 184 184 193 208 224 248 285
73 77 84 89 89 89 90 94 94 87 79 77 78 76 74 71 69 68 67 66 68 72 75 75 72 70 71 70 68 68 70 73 77 81 82 80 78 75 73 72 70 69 67 65 63 61 59 56 53 49 45 41 36 30 24 18 11 4 358 352 346 341 337 332 327 324 321 318 319 321 323 323 326 337 342 341 338 339 342 337 327 318 310 301 290 276 250 204 187 187 194 208 221 241 278 309
75 79 85 87 89 90 91 93 94 88 81 80 79 78 78 76 76 76 74 71 69 69 70 71 70 71 74 72 69 67 67 68 71 75 79 79 78 76 73 71 69 68 66 64 62 59 57 54 50 46 42 37 32 25 19 12 6 360 354 348 343 339 335 331 328 325 323 321 320 318 316 315 318 329 335 334 334 337 345 343 331 320 309 299 287 264 208 188 195 204 217 242 258 291 313 312
78 81 87 90 92 92 92 92 91 88 85 83 80 79 79 78 77 78 78 77 75 73 71 71 70 70 72 72 70 69 67 67 68 69 71 73 74 73 73 71 68 66 64 62 60 58 54 51 47 43 38 33 27 21 14 7 1 355 349 345 339 336 332 329 326 325 323 322 321 319 317 316 318 325 331 331 333 340 347 342 329 317 305 294 277 220 187 195 214 228 264 294 315 313 312 309
79 82 88 94 96 96 97 95 92 90 88 86 83 82 81 80 79 78 78 77 77 76 75 73 72 72 73 73 71 69 67 66 67 68 67 68 70 71 71 69 67 65 63 60 58 55 52 49 44 40 34 28 22 16 9 3 356 351 345 341 337 333 330 327 325 324 322 321 320 319 318 319 321 325 328 329 332 342 347 337 323 311 299 285 243 178 187 208 230 250 279 312 317 307 305 302
79 81 87 95 101 103 103 100 97 94 92 89 87 85 83 82 81 80 79 77 77 76 75 75 73 72 74 77 74 70 67 67 67 68 68 69 70 71 70 67 65 63 61 59 56 53 50 45 41 36 30 24 17 10 4 357 352 346 342 337 334 330 327 325 323 322 321 320 319 318 318 320 322 324 326 326 330 340 342 329 315 304 290 261 177 172 196 213 236 267 298 323 315 303 299 296
80 82 85 92 101 107 108 107 104 101 97 93 89 87 86 84 83 82 80 78 77 76 76 75 71 69 74 79 79 74 69 67 67 67 67 67 68 68 68 65 62 60 59 56 54 50 47 42 37 31 25 18 12 5 359 352 347 342 338 334 331 328 326 323 322 320 319 318 318 318 318 319 320 322 323 325 329 336 335 320 307 297 278 215 183 195 234 259 283 309 321 322 313 303 298 296
83 81 77 85 101 110 114 114 112 109 103 95 91 88 86 85 84 83 80 78 77 77 77 75 69 67 73 77 78 76 71 67 65 64 64 63 63 63 63 63 60 58 56 53 51 47 44 39 33 27 20 13 6 359 353 348 343 338 334 331 328 325 323 321 320 319 318 317 317 317 317 318 319 320 321 324 328 333 330 316 304 299 279 243 287 316 321 324 321 319 317 315 310 302 299 298
79 75 68 74 90 107 116 119 117 115 108 97 91 88 85 84 84 83 80 78 78 77 77 75 69 68 71 72 73 72 70 68 65 63 63 62 59 57 59 61 59 56 54 52 50 46 42 36 29 22 14 6 359 353 348 343 339 335 331 328 325 323 321 319 318 317 316 315 315 315 315 317 318 318 320 322 326 331 328 317 311 318 331 330 332 330 329 324 318 313 310 307 304 301 300 301
72 68 64 69 78 89 105 111 110 111 104 94 88 86 85 84 83 82 80 79 78 78 77 74 70 70 72 71 69 68 69 69 65 61 60 60 57 54 55 56 54 53 55 54 50 45 40 34 26 16 6 359 353 347 342 338 334 331 328 325 323 321 319 317 316 315 314 314 314 314 314 315 316 317 318 321 324 329 328 323 327 339 341 340 337 330 323 317 313 308 305 302 300 300 300 299
69 71 73 77 85 86 76 68 80 83 83 83 83 82 83 83 82 81 80 80 79 77 76 74 70 72 74 72 69 67 68 68 65 61 58 56 54 52 52 51 48 47 50 52 51 49 44 37 26 8 352 347 344 342 338 335 331 328 324 322 320 318 317 315 314 314 313 312 312 312 313 314 315 316 317 319 322 327 329 332 340 344 345 344 340 328 318 314 310 306 303 301 298 298 299 298
80 82 84 90 91 80 62 52 52 55 59 69 76 79 80 80 80 80 81 81 80 78 76 74 70 72 75 72 69 68 68 69 69 67 63 58 54 51 50 49 44 40 39 40 39 36 30 22 12 358 345 338 335 334 333 330 328 325 322 320 318 316 315 314 313 312 311 311 311 311 311 312 314 314 316 318 320 325 329 335 343 348 348 348 340 321 314 311 309 306 302 300 297 297 299 298
81 81 83 85 81 69 60 53 49 50 53 63 71 75 77 78 78 80 81 82 82 80 78 75 71 71 72 70 68 67 67 67 68 68 67 65 60 55 52 48 43 38 33 30 25 20 14 8 2 358 352 343 335 332 330 328 324 321 319 318 316 314 313 312 311 310 310 309 309 309 310 311 312 313 314 316 319 323 328 335 345 353 353 347 330 316 309 307 306 304 301 298 296 296 297 296
77 76 76 75 69 65 59 55 54 54 56 62 66 70 74 76 77 79 81 82 83 83 79 76 74 73 70 68 66 65 64 63 62 63 65 66 65 61 55 49 43 38 33 28 23 18 11 4 358 354 351 347 340 334 329 325 322 319 317 315 314 312 311 310 309 309 308 308 308 308 309 309 310 312 313 314 317 321 327 334 346 354 354 341 320 311 306 302 302 300 298 297 295 293 293 293
76 74 73 72 69 66 59 56 58 59 60 60 62 66 69 71 73 76 79 82 85 86 84 81 78 75 72 68 67 65 62 60 58 56 57 59 60 61 58 52 45 37 31 27 23 19 10 360 349 342 341 340 336 331 326 321 318 316 314 313 312 311 310 309 308 307 307 306 306 306 307 308 309 310 311 313 315 319 324 332 344 351 351 336 314 308 304 302 301 300 298 297 295 294 294 295
77 75 73 73 71 66 59 55 59 61 59 56 59 63 65 67 68 72 77 81 85 88 90 91 84 70 66 66 66 64 61 60 56 51 50 49 49 49 50 49 44 34 28 25 22 17 7 355 344 334 330 329 327 325 322 318 315 313 311 310 310 309 308 307 307 306 306 305 305 305 305 306 307 308 310 311 313 317 321 328 339 345 344 330 312 304 302 300 299 298 297 296 298 300 301 301
79 77 75 73 69 62 56 54 57 59 57 54 58 60 62 64 63 66 71 76 80 81 84 86 76 51 51 56 59 59 58 59 57 52 51 48 44 42 42 40 36 28 23 21 19 14 2 350 342 333 324 322 320 317 314 311 310 309 308 308 308 307 307 306 305 305 304 304 304 304 304 305 305 307 308 309 311 314 318 324 332 337 335 324 309 302 299 297 295 294 295 298 301 302 303 301
80 79 74 69 61 54 51 51 54 57 56 54 56 54 55 55 55 60 64 68 69 66 66 60 35 18 36 48 52 53 53 55 56 55 55 55 48 44 41 39 34 27 18 14 12 7 359 349 341 333 325 320 316 313 311 308 306 304 304 305 306 306 305 305 304 303 303 303 302 302 303 303 304 305 306 307 309 312 315 319 324 329 327 318 307 299 295 293 294 294 296 299 297 293 289 287
80 77 71 65 58 53 52 51 51 53 56 53 49 49 49 48 50 56 61 63 59 54 50 37 14 7 27 43 47 49 50 51 51 50 52 55 53 48 46 44 38 29 19 11 5 1 357 350 339 331 325 322 319 316 314 311 306 300 299 301 305 306 305 304 303 302 302 301 301 301 301 302 302 303 304 305 307 309 311 314 317 321 321 313 304 297 292 290 293 295 294 293 287 280 278 281
