windninja/windninja_output/Output_2025-10-23_1800-1850_Google earth_Fire_150m_10min/merlingen_7.5mi_point_10-23-2025_1830_150m_vel.asc
ncols	158
nrows	163
xllcorner	391686.332397
yllcorner	5160024.123721
cellsize	150.000000
NODATA_value	-32768.000000
[rows 76 to 113 of 163, columns 0 to 83 of 158]
5.94 5.58 4.82 4.05 3.74 3.77 3.53 3.26 3.14 2.96 2.85 2.77 2.65 2.62 2.55 2.39 2.33 2.40 2.37 2.29 2.26 2.26 2.27 2.26 2.09 1.82 1.86 2.06 2.23 2.49 2.66 2.60 2.50 2.42 2.20 1.91 1.75 1.68 1.60 1.54 1.51 1.53 1.53 1.53 1.51 1.49 1.46 1.44 1.40 1.37 1.34 1.30 1.26 1.22 1.18 1.15 1.11 1.07 1.03 0.99 0.95 0.92 0.87 0.84 0.80 0.76 0.72 0.68 0.65 0.61 0.58 0.56 0.54 0.51 0.49 0.51 0.57 0.67 0.79 0.90 0.98 0.90 0.67 0.55
6.14 5.82 5.21 4.56 4.10 3.82 3.42 3.14 3.03 2.86 2.74 2.62 2.53 2.53 2.48 2.32 2.25 2.31 2.28 2.21 2.20 2.21 2.21 2.18 2.01 1.85 1.95 2.07 2.06 2.17 2.45 2.61 2.53 2.45 2.35 2.05 1.82 1.72 1.59 1.51 1.46 1.47 1.50 1.50 1.49 1.47 1.45 1.42 1.39 1.35 1.32 1.28 1.24 1.20 1.16 1.13 1.09 1.05 1.02 0.98 0.94 0.90 0.87 0.82 0.79 0.75 0.71 0.68 0.65 0.62 0.60 0.58 0.56 0.53 0.51 0.50 0.53 0.59 0.69 0.79 0.78 0.63 0.53 0.58
6.35 5.62 5.22 5.45 4.89 3.98 3.37 3.08 2.98 2.78 2.54 2.41 2.40 2.43 2.39 2.26 2.21 2.22 2.16 2.12 2.14 2.16 2.17 2.07 1.83 1.85 2.11 2.15 2.01 1.92 2.12 2.47 2.54 2.47 2.42 2.21 1.92 1.76 1.65 1.51 1.40 1.41 1.46 1.47 1.47 1.45 1.43 1.40 1.37 1.34 1.30 1.26 1.22 1.18 1.14 1.10 1.07 1.03 0.99 0.96 0.92 0.89 0.85 0.81 0.78 0.74 0.71 0.68 0.65 0.62 0.60 0.58 0.56 0.54 0.53 0.53 0.53 0.57 0.63 0.68 0.64 0.57 0.60 0.67
6.09 5.22 5.08 6.47 6.31 4.84 3.55 3.00 2.93 2.62 2.24 2.17 2.25 2.31 2.30 2.22 2.17 2.12 2.03 2.03 2.08 2.12 2.13 1.96 1.64 1.77 2.18 2.24 2.04 1.81 1.86 2.22 2.44 2.47 2.45 2.28 2.01 1.82 1.77 1.60 1.37 1.33 1.42 1.44 1.44 1.43 1.42 1.39 1.36 1.33 1.28 1.23 1.19 1.15 1.12 1.08 1.05 1.01 0.98 0.94 0.90 0.87 0.83 0.80 0.76 0.73 0.70 0.67 0.64 0.62 0.59 0.58 0.57 0.56 0.56 0.56 0.57 0.59 0.62 0.61 0.58 0.61 0.71 0.85
5.09 4.76 5.12 6.17 6.92 5.96 3.63 2.69 2.66 2.26 1.86 1.89 2.10 2.19 2.22 2.18 2.11 2.03 1.94 1.95 2.03 2.08 2.08 1.88 1.55 1.66 2.11 2.24 2.08 1.82 1.78 2.01 2.23 2.38 2.47 2.33 2.03 1.88 1.88 1.75 1.43 1.29 1.38 1.41 1.41 1.42 1.41 1.39 1.37 1.32 1.26 1.20 1.16 1.12 1.08 1.05 1.02 0.99 0.96 0.92 0.88 0.85 0.82 0.78 0.75 0.72 0.68 0.66 0.63 0.61 0.59 0.58 0.57 0.57 0.58 0.59 0.61 0.62 0.63 0.61 0.63 0.73 0.84 0.93
3.98 4.25 4.90 5.83 6.93 5.98 3.15 2.04 2.08 1.79 1.53 1.66 1.95 2.10 2.17 2.13 2.02 1.97 1.90 1.89 1.97 2.02 2.01 1.84 1.53 1.61 2.01 2.13 2.06 1.91 1.81 1.89 2.01 2.16 2.36 2.39 2.12 1.92 1.92 1.86 1.58 1.35 1.39 1.42 1.41 1.41 1.38 1.38 1.41 1.35 1.22 1.14 1.10 1.08 1.05 1.03 1.00 0.96 0.93 0.90 0.87 0.83 0.80 0.76 0.73 0.70 0.67 0.64 0.62 0.60 0.59 0.58 0.58 0.58 0.59 0.61 0.63 0.66 0.67 0.69 0.75 0.84 0.90 0.92
4.31 4.47 5.13 6.40 6.51 4.66 2.92 2.10 1.72 1.55 1.35 1.52 1.84 2.03 2.12 2.06 1.95 1.94 1.90 1.85 1.89 1.94 1.97 1.80 1.51 1.62 1.94 2.00 1.99 1.95 1.86 1.85 1.87 1.93 2.09 2.25 2.21 2.02 1.93 1.86 1.68 1.48 1.45 1.48 1.47 1.45 1.38 1.37 1.46 1.42 1.24 1.10 1.02 1.00 1.00 0.99 0.97 0.95 0.91 0.88 0.84 0.81 0.78 0.74 0.71 0.68 0.65 0.63 0.61 0.59 0.58 0.57 0.58 0.58 0.60 0.63 0.66 0.68 0.71 0.75 0.79 0.83 0.89 0.97
6.55 5.65 5.46 5.97 5.23 3.96 3.01 2.32 1.93 1.66 1.44 1.55 1.80 1.97 2.09 2.02 1.93 1.94 1.91 1.85 1.85 1.88 1.91 1.77 1.51 1.62 1.88 1.91 1.90 1.93 1.89 1.84 1.82 1.83 1.90 2.02 2.12 2.06 1.95 1.82 1.66 1.54 1.49 1.51 1.52 1.51 1.44 1.41 1.48 1.46 1.30 1.13 0.99 0.94 0.94 0.95 0.94 0.92 0.90 0.86 0.82 0.79 0.76 0.72 0.69 0.66 0.64 0.61 0.59 0.58 0.57 0.57 0.57 0.58 0.60 0.63 0.67 0.71 0.74 0.77 0.79 0.82 0.92 1.15
7.29 6.36 5.27 5.07 4.66 3.99 3.05 2.39 2.15 1.87 1.69 1.67 1.76 1.97 2.08 2.01 1.93 1.97 1.95 1.87 1.85 1.83 1.82 1.77 1.58 1.56 1.77 1.82 1.81 1.88 1.87 1.82 1.78 1.79 1.86 1.94 2.00 1.99 1.90 1.77 1.64 1.54 1.49 1.49 1.50 1.51 1.48 1.45 1.45 1.40 1.31 1.20 1.06 0.93 0.90 0.93 0.93 0.90 0.87 0.84 0.80 0.77 0.73 0.70 0.67 0.64 0.62 0.59 0.57 0.56 0.56 0.55 0.56 0.58 0.60 0.64 0.68 0.72 0.77 0.81 0.85 0.91 1.04 1.30
7.99 6.84 5.30 4.91 4.75 4.14 3.11 2.54 2.37 2.11 1.88 1.74 1.76 1.96 2.09 2.06 1.95 2.02 2.00 1.92 1.89 1.82 1.78 1.79 1.66 1.49 1.59 1.72 1.77 1.81 1.78 1.77 1.72 1.72 1.88 1.98 1.98 1.97 1.87 1.74 1.61 1.52 1.49 1.49 1.50 1.50 1.50 1.50 1.44 1.32 1.23 1.18 1.10 0.98 0.91 0.91 0.91 0.89 0.85 0.82 0.78 0.75 0.71 0.68 0.65 0.62 0.60 0.57 0.56 0.54 0.54 0.54 0.55 0.57 0.60 0.64 0.68 0.74 0.80 0.87 0.95 1.05 1.22 1.52
8.56 7.16 5.38 4.89 4.70 4.18 3.23 2.80 2.69 2.36 1.98 1.76 1.81 1.93 2.09 2.09 2.01 2.08 2.08 2.02 1.94 1.83 1.82 1.85 1.67 1.39 1.42 1.61 1.75 1.73 1.66 1.71 1.65 1.61 1.82 1.98 1.98 2.01 1.96 1.81 1.62 1.47 1.44 1.48 1.52 1.52 1.53 1.54 1.47 1.30 1.16 1.09 1.05 1.01 0.94 0.91 0.90 0.87 0.84 0.80 0.76 0.72 0.69 0.65 0.63 0.60 0.58 0.55 0.54 0.52 0.52 0.52 0.54 0.56 0.59 0.63 0.68 0.75 0.84 0.93 1.05 1.20 1.44 1.79
8.72 7.11 5.43 4.88 4.42 4.09 3.47 3.09 3.02 2.68 2.07 1.82 1.91 1.88 2.04 2.10 2.03 2.18 2.22 2.18 2.03 1.87 1.98 2.06 1.66 1.21 1.26 1.51 1.67 1.66 1.61 1.66 1.63 1.55 1.67 1.83 1.88 2.00 2.08 1.99 1.74 1.49 1.38 1.42 1.50 1.55 1.57 1.57 1.51 1.33 1.13 1.04 1.00 0.98 0.95 0.92 0.89 0.85 0.81 0.77 0.73 0.69 0.66 0.63 0.60 0.58 0.55 0.53 0.52 0.51 0.50 0.51 0.52 0.55 0.58 0.63 0.69 0.77 0.86 0.97 1.09 1.26 1.51 1.83
8.39 7.02 5.42 4.74 4.08 3.85 3.73 3.46 3.26 2.98 2.31 1.98 1.97 1.84 1.95 2.05 2.06 2.30 2.44 2.43 2.19 2.06 2.39 2.29 1.50 0.90 1.08 1.41 1.55 1.61 1.62 1.64 1.63 1.58 1.60 1.67 1.69 1.81 2.01 2.09 1.94 1.65 1.41 1.35 1.42 1.54 1.62 1.61 1.53 1.37 1.18 1.05 0.96 0.95 0.96 0.93 0.91 0.86 0.80 0.74 0.69 0.65 0.62 0.60 0.58 0.55 0.53 0.51 0.50 0.48 0.48 0.49 0.50 0.53 0.57 0.63 0.70 0.78 0.87 0.96 1.08 1.22 1.41 1.71
7.63 6.73 5.31 4.45 3.89 3.63 3.69 3.68 3.43 3.30 2.92 2.26 1.93 1.83 1.85 1.92 2.14 2.46 2.71 2.75 2.52 2.59 2.70 2.04 0.91 0.53 0.91 1.30 1.47 1.56 1.63 1.65 1.65 1.62 1.63 1.67 1.58 1.59 1.80 2.02 2.01 1.80 1.54 1.36 1.35 1.47 1.61 1.66 1.56 1.39 1.25 1.10 0.97 0.93 0.92 0.93 0.93 0.90 0.84 0.72 0.62 0.59 0.58 0.57 0.55 0.53 0.51 0.49 0.47 0.46 0.46 0.47 0.48 0.51 0.55 0.61 0.69 0.76 0.86 0.95 1.07 1.20 1.33 1.52
7.03 6.23 5.05 4.35 3.90 3.48 3.36 3.48 3.43 3.61 3.52 2.56 1.88 1.81 1.79 1.82 2.13 2.61 3.11 3.35 3.21 2.98 2.36 1.27 0.48 0.40 0.85 1.24 1.42 1.54 1.63 1.66 1.66 1.63 1.68 1.73 1.58 1.49 1.60 1.87 2.01 1.86 1.64 1.44 1.35 1.40 1.52 1.65 1.62 1.45 1.29 1.15 1.01 0.92 0.86 0.89 0.94 0.98 0.96 0.75 0.54 0.50 0.53 0.54 0.53 0.51 0.49 0.47 0.45 0.44 0.44 0.45 0.46 0.50 0.54 0.60 0.67 0.75 0.84 0.94 1.07 1.19 1.29 1.44
6.57 5.76 4.87 4.59 4.21 3.54 3.09 3.09 3.27 3.79 3.88 2.88 2.02 1.87 1.84 1.88 2.13 2.62 3.42 4.07 3.62 2.59 1.39 0.83 0.52 0.54 0.91 1.24 1.41 1.54 1.63 1.68 1.70 1.64 1.67 1.74 1.64 1.53 1.50 1.66 1.91 1.91 1.73 1.55 1.40 1.35 1.43 1.57 1.64 1.56 1.37 1.19 1.05 0.90 0.76 0.80 0.94 1.03 1.04 0.81 0.50 0.44 0.48 0.51 0.51 0.49 0.47 0.45 0.43 0.42 0.41 0.42 0.44 0.47 0.52 0.58 0.66 0.74 0.84 0.94 1.06 1.17 1.30 1.46
5.89 5.28 4.65 4.63 4.60 4.02 3.28 2.94 3.18 4.03 4.24 3.21 2.37 2.09 1.96 2.01 2.16 2.56 3.63 4.30 3.39 1.32 0.76 0.79 0.67 0.71 1.01 1.28 1.43 1.56 1.65 1.71 1.75 1.69 1.66 1.71 1.68 1.61 1.53 1.51 1.67 1.86 1.86 1.69 1.48 1.35 1.38 1.49 1.63 1.65 1.49 1.27 1.09 0.88 0.69 0.71 0.94 1.03 1.01 0.85 0.58 0.44 0.45 0.48 0.48 0.47 0.45 0.43 0.41 0.40 0.39 0.40 0.42 0.45 0.50 0.56 0.63 0.72 0.82 0.93 1.04 1.15 1.29 1.44
5.18 4.76 4.23 4.25 4.48 4.24 3.58 2.91 2.86 3.90 4.63 3.93 3.06 2.73 2.56 2.63 2.60 2.88 3.93 4.21 2.95 1.05 0.92 0.91 0.82 0.88 1.12 1.33 1.47 1.60 1.68 1.77 1.82 1.73 1.63 1.66 1.68 1.66 1.61 1.50 1.42 1.61 1.90 1.87 1.59 1.40 1.36 1.44 1.61 1.69 1.63 1.42 1.09 0.85 0.70 0.71 0.91 0.97 0.91 0.82 0.65 0.48 0.45 0.47 0.46 0.46 0.43 0.41 0.38 0.37 0.36 0.37 0.39 0.43 0.48 0.54 0.62 0.70 0.80 0.90 1.01 1.13 1.26 1.40
4.74 4.41 3.91 3.92 4.22 4.02 3.35 2.43 1.86 2.79 4.16 4.18 3.56 3.16 2.99 3.24 3.36 3.55 4.31 4.06 2.78 2.00 1.62 1.28 1.04 1.05 1.22 1.38 1.51 1.62 1.73 1.89 1.95 1.76 1.60 1.62 1.69 1.69 1.65 1.52 1.32 1.34 1.73 1.95 1.73 1.52 1.43 1.45 1.60 1.70 1.78 1.58 1.01 0.78 0.76 0.75 0.85 0.88 0.82 0.76 0.66 0.51 0.46 0.46 0.45 0.44 0.41 0.39 0.36 0.35 0.34 0.34 0.36 0.40 0.45 0.52 0.60 0.68 0.78 0.88 0.99 1.10 1.23 1.36
4.33 4.18 3.89 3.92 4.21 3.87 3.03 2.02 1.36 1.97 3.11 3.52 3.15 2.59 2.48 3.18 3.75 4.29 4.86 4.02 2.84 2.69 2.16 1.60 1.24 1.20 1.29 1.42 1.52 1.63 1.85 2.08 2.07 1.79 1.56 1.60 1.71 1.71 1.66 1.55 1.34 1.21 1.45 1.80 1.81 1.69 1.59 1.56 1.65 1.76 1.84 1.56 0.94 0.75 0.80 0.79 0.81 0.81 0.75 0.71 0.65 0.52 0.47 0.45 0.44 0.42 0.39 0.37 0.35 0.32 0.31 0.32 0.34 0.38 0.43 0.49 0.57 0.66 0.75 0.86 0.97 1.08 1.19 1.31
3.75 3.98 4.01 3.98 4.19 3.85 3.12 2.21 1.66 1.81 2.41 2.81 2.55 2.32 2.45 3.20 3.72 4.72 5.25 3.65 2.96 3.01 2.55 1.87 1.40 1.27 1.29 1.42 1.50 1.64 1.99 2.21 2.12 1.84 1.60 1.62 1.72 1.73 1.68 1.58 1.40 1.22 1.27 1.54 1.72 1.73 1.72 1.74 1.79 1.84 1.72 1.42 1.03 0.80 0.83 0.85 0.81 0.78 0.71 0.66 0.62 0.52 0.48 0.46 0.43 0.40 0.37 0.35 0.33 0.30 0.28 0.29 0.31 0.34 0.40 0.46 0.54 0.63 0.73 0.83 0.94 1.05 1.15 1.27
3.44 3.83 4.02 3.85 3.98 3.94 3.49 2.81 2.23 1.97 2.09 2.01 1.82 2.15 2.58 3.26 3.87 4.76 5.13 4.03 3.33 3.17 3.08 2.37 1.58 1.24 1.23 1.38 1.54 1.74 2.04 2.18 2.13 1.94 1.73 1.69 1.76 1.77 1.71 1.62 1.48 1.28 1.21 1.42 1.63 1.67 1.76 1.88 1.90 1.79 1.55 1.38 1.18 0.92 0.88 0.91 0.85 0.77 0.70 0.65 0.58 0.51 0.49 0.45 0.42 0.38 0.35 0.33 0.30 0.27 0.25 0.26 0.28 0.32 0.37 0.43 0.52 0.60 0.70 0.80 0.91 1.01 1.12 1.22
3.53 3.79 3.88 3.55 3.59 3.77 3.54 3.20 2.84 2.41 2.12 1.80 1.58 1.87 2.63 3.40 4.06 4.39 3.91 3.88 3.73 3.50 3.60 2.88 1.71 1.16 1.23 1.40 1.61 1.87 2.06 2.11 2.11 2.04 1.88 1.82 1.86 1.86 1.76 1.65 1.55 1.37 1.24 1.37 1.56 1.62 1.75 1.92 1.88 1.70 1.49 1.38 1.26 1.05 0.95 0.95 0.91 0.81 0.71 0.65 0.56 0.52 0.50 0.45 0.40 0.37 0.34 0.31 0.28 0.25 0.23 0.23 0.25 0.29 0.34 0.41 0.49 0.58 0.67 0.77 0.88 0.98 1.08 1.18
3.74 3.74 3.60 3.31 3.24 3.21 3.03 3.09 3.01 2.65 2.37 2.03 1.70 1.83 2.56 3.48 3.95 3.60 3.14 3.26 3.61 3.88 3.97 3.21 1.80 1.32 1.40 1.53 1.69 1.93 2.10 2.12 2.12 2.09 2.00 1.97 1.99 1.97 1.85 1.71 1.58 1.45 1.32 1.31 1.47 1.63 1.75 1.83 1.78 1.64 1.51 1.39 1.27 1.16 1.05 0.99 0.94 0.87 0.75 0.64 0.57 0.54 0.52 0.47 0.41 0.36 0.32 0.28 0.26 0.23 0.20 0.20 0.21 0.25 0.31 0.38 0.45 0.55 0.64 0.74 0.84 0.95 1.05 1.14
3.62 3.59 3.49 3.34 3.13 2.94 2.82 2.85 2.84 2.63 2.52 2.24 1.92 2.02 2.45 3.24 3.75 3.21 2.67 2.77 3.29 4.00 3.98 2.82 1.94 1.69 1.68 1.72 1.79 1.99 2.17 2.23 2.22 2.19 2.12 2.09 2.07 2.05 2.00 1.82 1.63 1.52 1.38 1.28 1.41 1.62 1.71 1.72 1.67 1.59 1.53 1.40 1.26 1.21 1.14 1.04 0.95 0.92 0.83 0.66 0.57 0.54 0.54 0.51 0.44 0.37 0.31 0.25 0.22 0.20 0.17 0.17 0.19 0.22 0.27 0.34 0.43 0.52 0.61 0.71 0.81 0.91 1.01 1.11
3.41 3.40 3.44 3.35 3.04 2.87 2.83 2.77 2.68 2.57 2.51 2.29 2.04 2.15 2.52 3.06 3.55 3.16 2.46 2.86 3.75 4.01 3.41 2.73 2.24 1.97 1.91 1.91 1.92 2.06 2.29 2.42 2.42 2.37 2.27 2.15 2.10 2.13 2.17 1.98 1.69 1.55 1.43 1.32 1.36 1.51 1.65 1.66 1.59 1.55 1.51 1.41 1.28 1.22 1.19 1.08 0.96 0.96 0.90 0.71 0.58 0.54 0.55 0.55 0.49 0.40 0.31 0.24 0.20 0.17 0.15 0.14 0.15 0.19 0.24 0.31 0.40 0.48 0.58 0.68 0.78 0.88 0.98 1.07
3.27 3.27 3.30 3.23 2.99 2.84 2.81 2.75 2.64 2.52 2.43 2.27 2.00 1.99 2.41 2.98 3.37 3.18 2.74 3.33 4.04 3.39 2.95 2.83 2.51 2.25 2.13 2.06 2.03 2.18 2.44 2.62 2.64 2.57 2.42 2.25 2.17 2.25 2.31 2.11 1.75 1.57 1.49 1.40 1.35 1.45 1.60 1.63 1.55 1.50 1.46 1.41 1.32 1.24 1.22 1.10 1.01 0.98 0.91 0.79 0.64 0.56 0.55 0.57 0.54 0.43 0.32 0.24 0.18 0.16 0.14 0.10 0.10 0.15 0.21 0.28 0.36 0.45 0.55 0.65 0.75 0.85 0.95 1.04
3.19 3.16 3.13 3.07 2.94 2.83 2.77 2.71 2.63 2.49 2.36 2.24 1.94 1.77 2.04 2.62 3.19 3.14 2.96 3.63 3.94 3.33 3.05 2.96 2.70 2.53 2.45 2.27 2.18 2.38 2.59 2.74 2.84 2.76 2.62 2.47 2.35 2.36 2.35 2.15 1.84 1.63 1.56 1.49 1.43 1.45 1.53 1.55 1.48 1.44 1.41 1.40 1.35 1.26 1.24 1.14 1.04 0.99 0.92 0.85 0.73 0.61 0.56 0.57 0.57 0.47 0.34 0.25 0.18 0.16 0.16 0.10 0.06 0.10 0.17 0.24 0.33 0.43 0.52 0.62 0.72 0.82 0.91 1.00
3.09 3.02 2.97 2.96 2.90 2.81 2.73 2.65 2.61 2.52 2.35 2.22 2.00 1.87 2.00 2.35 2.97 3.08 2.99 3.42 3.59 3.46 3.33 3.14 2.86 2.76 2.83 2.68 2.49 2.66 2.73 2.79 2.98 2.97 2.85 2.75 2.57 2.43 2.35 2.20 1.96 1.74 1.64 1.58 1.50 1.44 1.45 1.45 1.39 1.38 1.41 1.41 1.37 1.29 1.23 1.15 1.07 1.00 0.95 0.89 0.79 0.66 0.57 0.59 0.58 0.49 0.37 0.26 0.20 0.18 0.19 0.14 0.06 0.06 0.12 0.20 0.30 0.39 0.49 0.59 0.69 0.79 0.88 0.97
2.94 2.86 2.80 2.87 2.90 2.82 2.70 2.59 2.60 2.63 2.46 2.29 2.18 2.04 2.06 2.28 2.68 2.87 2.84 3.00 3.10 3.21 3.33 3.21 3.03 2.98 3.14 3.09 2.92 3.01 2.95 2.98 3.10 3.10 3.06 3.07 2.90 2.61 2.45 2.31 2.09 1.84 1.72 1.68 1.57 1.47 1.43 1.40 1.33 1.35 1.42 1.41 1.36 1.32 1.25 1.14 1.06 1.01 0.99 0.93 0.81 0.69 0.62 0.61 0.58 0.51 0.41 0.29 0.21 0.20 0.20 0.17 0.11 0.04 0.09 0.18 0.27 0.35 0.45 0.56 0.67 0.76 0.85 0.93
2.75 2.67 2.62 2.76 2.91 2.86 2.71 2.56 2.60 2.76 2.64 2.46 2.33 2.15 2.11 2.19 2.43 2.60 2.56 2.61 2.83 3.08 3.06 3.02 3.12 3.14 3.30 3.40 3.46 3.46 3.37 3.32 3.10 3.03 3.33 3.59 3.34 2.85 2.57 2.37 2.14 1.90 1.82 1.76 1.62 1.53 1.45 1.38 1.33 1.33 1.41 1.40 1.33 1.31 1.27 1.16 1.06 1.01 1.00 0.96 0.85 0.73 0.69 0.65 0.59 0.52 0.44 0.32 0.23 0.22 0.22 0.19 0.15 0.09 0.06 0.15 0.24 0.32 0.43 0.55 0.66 0.73 0.81 0.89
2.47 2.44 2.47 2.65 2.86 2.90 2.78 2.60 2.62 2.85 2.82 2.62 2.38 2.21 2.19 2.14 2.26 2.36 2.26 2.29 2.66 3.11 2.83 2.56 2.92 3.26 3.35 3.50 3.96 4.05 3.79 3.48 2.84 2.91 3.83 4.19 3.64 2.87 2.56 2.42 2.16 1.98 1.93 1.83 1.70 1.62 1.52 1.43 1.36 1.31 1.35 1.36 1.29 1.26 1.25 1.19 1.09 1.02 0.99 0.95 0.90 0.81 0.74 0.67 0.61 0.53 0.47 0.36 0.24 0.22 0.25 0.22 0.18 0.13 0.06 0.10 0.20 0.30 0.40 0.53 0.64 0.70 0.77 0.85
2.14 2.16 2.34 2.60 2.77 2.86 2.86 2.70 2.68 2.84 2.90 2.68 2.32 2.25 2.37 2.27 2.19 2.15 2.05 2.13 2.56 3.08 2.78 2.17 2.42 3.08 3.32 3.35 4.17 4.65 4.02 3.50 2.69 2.99 4.47 4.52 3.52 2.76 2.68 2.61 2.23 2.03 2.03 1.96 1.81 1.70 1.61 1.52 1.40 1.30 1.30 1.31 1.27 1.22 1.19 1.18 1.13 1.05 0.99 0.94 0.92 0.90 0.80 0.69 0.63 0.55 0.48 0.40 0.29 0.22 0.26 0.27 0.22 0.16 0.08 0.06 0.16 0.26 0.36 0.48 0.61 0.69 0.74 0.80
1.81 1.89 2.22 2.57 2.71 2.80 2.81 2.73 2.71 2.74 2.85 2.74 2.37 2.34 2.56 2.53 2.20 1.86 1.92 2.31 2.78 3.05 2.65 2.01 1.94 2.59 3.12 3.21 4.16 4.93 4.18 3.57 2.98 3.37 4.86 4.52 3.30 2.92 3.01 2.70 2.06 1.99 2.18 2.06 1.85 1.78 1.70 1.55 1.40 1.32 1.29 1.28 1.25 1.19 1.14 1.13 1.13 1.11 1.04 0.94 0.90 0.95 0.87 0.69 0.64 0.60 0.50 0.44 0.34 0.25 0.25 0.30 0.29 0.20 0.11 0.03 0.10 0.21 0.32 0.44 0.57 0.69 0.72 0.75
1.55 1.73 2.21 2.56 2.68 2.70 2.62 2.62 2.66 2.67 2.80 2.77 2.45 2.43 2.75 2.78 2.17 1.44 1.72 2.53 3.16 3.18 2.48 1.90 1.73 2.07 2.70 3.10 4.22 5.03 4.35 3.67 3.31 3.85 5.12 4.69 3.60 3.43 3.16 2.39 1.87 2.13 2.32 2.06 1.88 1.87 1.75 1.56 1.43 1.37 1.31 1.26 1.20 1.15 1.13 1.10 1.08 1.13 1.11 0.95 0.87 0.95 0.91 0.73 0.66 0.65 0.56 0.47 0.38 0.29 0.26 0.32 0.34 0.25 0.16 0.05 0.05 0.15 0.28 0.39 0.53 0.66 0.71 0.71
1.42 1.74 2.24 2.50 2.58 2.54 2.48 2.52 2.57 2.58 2.73 2.84 2.55 2.50 2.91 2.99 2.09 1.01 1.39 2.50 3.42 3.53 2.50 1.75 1.67 1.91 2.29 2.74 3.85 4.93 4.75 3.91 3.48 4.21 5.45 5.14 4.24 3.74 2.99 2.13 2.02 2.27 2.31 2.09 1.98 1.89 1.69 1.53 1.48 1.41 1.32 1.22 1.11 1.11 1.15 1.08 1.03 1.11 1.15 1.00 0.86 0.91 0.91 0.80 0.72 0.70 0.65 0.52 0.41 0.33 0.31 0.35 0.36 0.30 0.21 0.12 0.03 0.11 0.23 0.35 0.48 0.61 0.68 0.70
1.42 1.73 2.15 2.35 2.45 2.42 2.38 2.44 2.50 2.45 2.61 3.02 2.86 2.56 2.95 3.09 1.99 0.71 1.00 2.17 3.30 3.82 2.90 1.63 1.56 2.16 2.34 2.52 3.09 4.23 4.92 4.47 3.86 4.66 5.84 5.47 4.50 3.59 2.51 2.09 2.03 2.01 2.20 2.34 2.15 1.89 1.63 1.49 1.46 1.43 1.35 1.20 1.07 1.10 1.16 1.08 1.00 1.07 1.15 1.05 0.89 0.86 0.88 0.85 0.78 0.74 0.71 0.61 0.47 0.38 0.35 0.37 0.38 0.33 0.27 0.19 0.08 0.07 0.17 0.30 0.43 0.55 0.62 0.67
1.45 1.68 1.99 2.20 2.36 2.35 2.28 2.32 2.40 2.34 2.49 3.12 3.14 2.64 2.94 3.17 2.02 0.62 0.73 1.68 2.84 3.83 3.43 1.88 1.68 2.55 2.68 2.72 2.76 3.23 4.33 4.86 4.80 5.49 6.22 5.40 4.09 3.04 2.23 1.91 1.66 1.75 2.36 2.64 2.22 1.76 1.54 1.48 1.46 1.44 1.38 1.23 1.11 1.11 1.13 1.08 1.00 1.01 1.11 1.09 0.93 0.83 0.87 0.91 0.81 0.75 0.75 0.68 0.59 0.47 0.40 0.41 0.41 0.36 0.32 0.25 0.14 0.04 0.12 0.23 0.38 0.49 0.55 0.63
