windninja/windninja_output/Output_2025-10-23_1800-1850_Google earth_Fire_150m_10min/merlingen_7.5mi_point_10-23-2025_1850_150m_vel.asc
ncols	158
nrows	163
xllcorner	391686.332397
yllcorner	5160024.123721
cellsize	150.000000
NODATA_value	-32768.000000
[rows 0 to 36 of 163, columns 0 to 83 of 158]
2.79 2.81 2.83 2.88 3.03 3.13 3.07 3.14 3.35 3.41 3.44 3.58 3.94 4.32 4.31 3.89 3.31 2.88 2.85 2.80 2.50 2.76 3.52 3.86 3.70 3.36 3.14 3.22 3.45 3.49 3.44 3.37 3.23 3.10 3.11 3.08 2.79 2.56 2.47 2.44 2.56 2.66 2.62 2.52 2.42 2.32 2.19 2.11 2.33 2.70 2.93 3.03 3.09 3.08 2.99 2.84 2.69 2.56 2.48 2.48 2.51 2.51 2.48 2.45 2.49 2.52 2.50 2.43 2.36 2.33 2.33 2.30 2.22 2.17 2.20 2.22 2.15 2.01 1.96 2.02 2.03 1.94 1.85 1.80
2.78 2.82 2.81 2.79 2.93 3.06 3.03 3.04 3.16 3.19 3.21 3.34 3.70 4.19 4.43 4.27 3.80 3.31 3.20 3.13 2.73 2.64 3.13 3.66 3.82 3.61 3.33 3.24 3.31 3.35 3.33 3.30 3.26 3.17 3.08 3.12 3.02 2.86 2.78 2.70 2.69 2.74 2.76 2.76 2.71 2.66 2.64 2.54 2.46 2.54 2.65 2.70 2.72 2.72 2.69 2.65 2.63 2.61 2.57 2.50 2.44 2.43 2.44 2.45 2.45 2.45 2.43 2.40 2.36 2.33 2.31 2.27 2.23 2.24 2.25 2.21 2.13 2.08 2.10 2.10 2.01 1.90 1.86 1.81
2.66 2.81 2.79 2.71 2.84 2.88 2.93 3.03 3.06 3.00 2.98 3.04 3.30 3.77 4.36 4.66 4.41 3.96 3.76 3.58 3.16 2.66 2.59 3.14 3.78 3.89 3.60 3.31 3.21 3.22 3.23 3.19 3.17 3.16 3.10 3.15 3.24 3.22 3.12 3.01 2.91 2.89 2.91 2.97 2.99 3.00 3.05 3.04 2.83 2.59 2.51 2.51 2.49 2.47 2.47 2.52 2.59 2.62 2.61 2.56 2.48 2.44 2.44 2.43 2.38 2.34 2.32 2.33 2.33 2.30 2.24 2.20 2.22 2.25 2.23 2.17 2.15 2.19 2.20 2.12 1.99 1.91 1.88 1.82
2.46 2.76 2.89 2.81 2.89 2.81 2.85 3.11 3.20 3.12 3.02 2.96 3.11 3.44 3.96 4.54 4.50 4.20 4.06 3.86 3.43 2.93 2.54 2.72 3.45 3.90 3.89 3.68 3.52 3.49 3.49 3.38 3.20 3.12 3.13 3.16 3.17 3.18 3.11 3.05 3.04 3.05 3.06 3.07 3.08 3.08 3.08 3.10 3.09 2.97 2.82 2.74 2.70 2.68 2.63 2.57 2.52 2.47 2.47 2.50 2.49 2.45 2.40 2.35 2.31 2.28 2.27 2.26 2.25 2.22 2.17 2.14 2.13 2.08 2.03 2.03 2.09 2.15 2.11 2.01 1.96 1.95 1.93 1.89
2.21 2.56 2.92 2.94 2.94 2.82 2.78 2.97 3.06 3.02 2.93 2.81 2.91 3.26 3.71 4.28 4.45 4.20 4.02 3.95 3.63 3.10 2.57 2.46 2.99 3.58 3.94 4.04 3.97 3.93 3.95 3.92 3.73 3.45 3.25 3.20 3.18 3.17 3.18 3.13 3.12 3.15 3.20 3.22 3.19 3.14 3.07 3.03 3.02 2.99 2.87 2.74 2.67 2.65 2.61 2.51 2.42 2.37 2.35 2.36 2.36 2.33 2.29 2.26 2.24 2.22 2.21 2.19 2.16 2.11 2.06 2.01 1.99 1.97 1.93 1.88 1.86 1.89 1.92 1.89 1.82 1.82 1.89 1.95
2.10 2.27 2.65 2.90 2.97 2.87 2.77 2.83 2.81 2.73 2.69 2.59 2.59 2.94 3.55 4.01 4.34 4.27 3.96 3.86 3.72 3.26 2.54 2.17 2.44 2.94 3.38 3.73 3.87 3.94 4.04 4.15 4.16 3.99 3.71 3.49 3.42 3.41 3.39 3.34 3.25 3.17 3.13 3.12 3.07 3.02 2.95 2.87 2.82 2.79 2.76 2.68 2.57 2.50 2.47 2.43 2.39 2.36 2.33 2.31 2.30 2.28 2.25 2.23 2.21 2.17 2.15 2.14 2.13 2.09 2.03 1.96 1.94 1.97 1.97 1.94 1.89 1.85 1.80 1.72 1.65 1.69 1.81 1.91
2.22 2.22 2.31 2.58 2.82 2.88 2.86 2.82 2.68 2.55 2.49 2.41 2.37 2.67 3.41 3.80 4.12 4.35 4.18 3.99 3.90 3.57 2.77 2.04 2.00 2.35 2.72 3.08 3.36 3.56 3.73 3.89 4.03 4.09 4.04 3.88 3.71 3.61 3.52 3.40 3.27 3.11 2.97 2.86 2.79 2.77 2.75 2.70 2.67 2.65 2.66 2.66 2.61 2.52 2.45 2.38 2.33 2.28 2.26 2.26 2.31 2.35 2.35 2.30 2.22 2.16 2.12 2.10 2.09 2.10 2.14 2.15 2.12 2.06 2.04 2.05 2.04 1.97 1.79 1.66 1.69 1.83 1.88 1.87
2.35 2.35 2.29 2.31 2.51 2.69 2.82 2.81 2.61 2.43 2.33 2.24 2.22 2.57 3.32 3.73 3.84 4.17 4.29 4.14 4.11 3.94 3.28 2.35 1.86 1.98 2.38 2.68 2.88 3.07 3.27 3.45 3.59 3.70 3.76 3.72 3.60 3.49 3.39 3.25 3.10 2.96 2.84 2.74 2.63 2.58 2.56 2.53 2.50 2.49 2.48 2.51 2.55 2.55 2.49 2.38 2.30 2.27 2.25 2.28 2.33 2.37 2.40 2.38 2.31 2.19 2.10 2.07 2.07 2.08 2.12 2.18 2.18 2.10 2.01 1.95 1.92 1.84 1.70 1.65 1.76 1.89 1.94 1.94
2.37 2.44 2.46 2.36 2.37 2.50 2.65 2.69 2.55 2.37 2.22 2.06 2.00 2.35 3.18 3.71 3.73 3.90 4.15 4.18 4.17 4.13 3.73 3.00 2.23 1.93 2.18 2.49 2.58 2.72 2.94 3.06 3.21 3.37 3.41 3.34 3.23 3.16 3.12 3.03 2.91 2.78 2.68 2.62 2.56 2.48 2.43 2.40 2.35 2.34 2.38 2.37 2.34 2.38 2.43 2.37 2.32 2.31 2.28 2.21 2.12 2.05 2.07 2.16 2.20 2.16 2.11 2.10 2.09 2.06 1.99 1.92 1.88 1.87 1.84 1.79 1.74 1.67 1.61 1.61 1.74 1.87 1.98 2.10
2.38 2.46 2.56 2.51 2.44 2.48 2.56 2.59 2.50 2.34 2.20 1.98 1.81 2.02 2.80 3.51 3.70 3.74 3.88 4.12 4.26 4.22 4.01 3.48 2.83 2.24 2.12 2.43 2.55 2.60 2.86 2.91 2.92 3.13 3.28 3.23 3.09 2.99 2.97 2.92 2.83 2.75 2.65 2.56 2.49 2.39 2.32 2.30 2.23 2.16 2.18 2.22 2.17 2.19 2.27 2.28 2.18 2.11 2.02 1.88 1.75 1.66 1.59 1.62 1.77 1.93 2.01 2.02 1.99 1.94 1.82 1.71 1.67 1.69 1.69 1.64 1.57 1.55 1.66 1.86 2.01 2.07 2.07 2.12
2.41 2.48 2.59 2.58 2.52 2.52 2.57 2.58 2.49 2.35 2.24 2.04 1.78 1.81 2.38 3.16 3.55 3.64 3.58 3.78 4.14 4.25 4.19 3.80 3.27 2.77 2.38 2.44 2.59 2.58 2.75 2.80 2.72 2.85 3.07 3.13 3.06 2.95 2.92 2.92 2.87 2.80 2.69 2.55 2.46 2.32 2.16 2.14 2.08 1.91 1.86 1.93 1.92 1.93 1.93 1.94 1.79 1.62 1.54 1.49 1.43 1.33 1.23 1.22 1.35 1.52 1.64 1.68 1.66 1.66 1.68 1.70 1.70 1.68 1.62 1.53 1.46 1.53 1.78 2.11 2.28 2.27 2.19 2.15
2.46 2.50 2.60 2.61 2.56 2.54 2.56 2.58 2.52 2.39 2.30 2.13 1.89 1.79 2.16 2.84 3.29 3.51 3.47 3.46 3.71 3.97 4.12 3.93 3.51 3.10 2.65 2.46 2.50 2.53 2.62 2.68 2.62 2.69 2.85 2.94 2.96 2.89 2.86 2.84 2.81 2.80 2.71 2.59 2.53 2.39 2.12 1.97 1.91 1.72 1.55 1.49 1.43 1.44 1.43 1.44 1.41 1.29 1.20 1.13 1.05 0.94 0.84 0.84 0.93 1.01 1.12 1.20 1.27 1.43 1.63 1.73 1.72 1.71 1.75 1.82 1.93 2.04 2.19 2.33 2.35 2.36 2.41 2.52
2.51 2.54 2.59 2.60 2.59 2.58 2.57 2.56 2.52 2.44 2.35 2.22 2.02 1.87 2.08 2.65 2.99 3.19 3.37 3.40 3.44 3.59 3.79 3.78 3.51 3.13 2.73 2.51 2.48 2.50 2.57 2.65 2.66 2.65 2.73 2.84 2.83 2.77 2.76 2.73 2.72 2.75 2.69 2.62 2.62 2.54 2.31 2.06 1.90 1.70 1.46 1.27 1.17 1.19 1.19 1.12 1.11 1.09 1.04 0.97 0.88 0.75 0.58 0.46 0.47 0.55 0.63 0.77 1.02 1.32 1.50 1.60 1.69 1.81 2.02 2.26 2.42 2.52 2.57 2.52 2.42 2.44 2.58 2.78
2.57 2.58 2.60 2.59 2.60 2.62 2.61 2.59 2.54 2.47 2.39 2.28 2.10 2.00 2.23 2.70 2.88 2.79 3.02 3.30 3.33 3.37 3.51 3.55 3.40 3.14 2.84 2.68 2.62 2.61 2.61 2.61 2.64 2.62 2.65 2.83 2.85 2.74 2.68 2.61 2.63 2.63 2.49 2.37 2.36 2.33 2.23 2.20 2.16 1.94 1.62 1.37 1.25 1.25 1.23 1.05 0.90 0.89 0.96 1.03 1.01 0.87 0.73 0.59 0.45 0.38 0.38 0.51 0.80 1.06 1.25 1.42 1.66 1.88 2.02 2.06 2.12 2.22 2.23 2.22 2.30 2.42 2.53 2.58
2.62 2.62 2.62 2.61 2.60 2.62 2.63 2.63 2.60 2.53 2.45 2.36 2.14 2.06 2.41 2.95 3.11 2.76 2.68 3.04 3.19 3.19 3.32 3.41 3.35 3.15 2.92 2.83 2.77 2.72 2.77 2.72 2.63 2.58 2.57 2.76 2.89 2.85 2.71 2.52 2.46 2.44 2.36 2.23 2.14 2.09 1.96 1.94 2.20 2.35 2.06 1.66 1.49 1.51 1.51 1.29 1.00 0.88 0.99 1.18 1.27 1.19 1.14 1.10 0.94 0.75 0.67 0.70 0.79 0.87 1.04 1.35 1.60 1.71 1.67 1.66 1.70 1.67 1.60 1.72 2.02 2.19 2.20 2.11
2.67 2.66 2.66 2.65 2.63 2.63 2.63 2.63 2.64 2.58 2.52 2.43 2.22 2.01 2.31 3.10 3.41 3.10 2.77 2.87 3.05 3.09 3.19 3.33 3.37 3.19 2.91 2.88 2.92 2.83 2.91 2.96 2.81 2.72 2.66 2.63 2.70 2.76 2.66 2.53 2.43 2.33 2.40 2.43 2.19 2.13 2.08 1.77 1.77 2.22 2.40 2.13 1.93 1.96 2.00 1.96 1.64 1.26 1.19 1.33 1.44 1.45 1.41 1.38 1.36 1.29 1.17 1.11 1.06 0.98 1.02 1.19 1.32 1.34 1.39 1.49 1.47 1.38 1.46 1.76 1.94 1.87 1.74 1.60
2.71 2.70 2.70 2.69 2.67 2.67 2.67 2.66 2.67 2.63 2.57 2.48 2.34 2.04 2.09 2.89 3.43 3.37 3.12 2.98 3.00 3.03 3.08 3.22 3.37 3.30 2.98 2.85 2.97 2.98 2.99 3.02 2.90 2.83 2.77 2.64 2.61 2.65 2.62 2.60 2.56 2.43 2.52 2.65 2.44 2.27 2.32 2.12 1.78 1.87 2.21 2.29 2.20 2.14 2.14 2.20 2.11 1.75 1.49 1.54 1.59 1.54 1.47 1.42 1.44 1.46 1.41 1.37 1.35 1.25 1.13 1.09 1.07 1.14 1.32 1.38 1.36 1.47 1.74 1.90 1.75 1.49 1.35 1.18
2.74 2.74 2.74 2.73 2.72 2.71 2.71 2.71 2.71 2.70 2.64 2.55 2.45 2.23 2.14 2.61 3.18 3.31 3.22 3.14 3.05 2.98 2.95 3.05 3.23 3.27 3.05 2.81 2.80 2.93 3.01 2.98 2.91 2.95 3.00 2.94 2.82 2.75 2.72 2.74 2.71 2.59 2.54 2.58 2.52 2.36 2.29 2.28 2.18 2.03 1.98 2.04 2.07 2.05 2.02 2.06 2.14 2.04 1.84 1.75 1.72 1.66 1.56 1.49 1.47 1.50 1.53 1.50 1.41 1.33 1.31 1.25 1.22 1.24 1.24 1.28 1.42 1.60 1.67 1.47 1.18 1.08 0.99 0.81
2.77 2.77 2.77 2.77 2.77 2.76 2.75 2.76 2.75 2.74 2.74 2.66 2.56 2.44 2.35 2.55 2.97 3.13 3.12 3.12 3.07 2.97 2.89 2.95 3.08 3.12 3.04 2.86 2.72 2.79 2.93 2.95 2.95 3.05 3.20 3.24 3.10 2.86 2.69 2.71 2.68 2.60 2.60 2.52 2.47 2.43 2.24 2.09 2.16 2.18 1.99 1.82 1.83 1.92 1.97 2.00 2.06 2.05 1.91 1.79 1.76 1.72 1.63 1.56 1.52 1.53 1.55 1.48 1.38 1.40 1.51 1.54 1.50 1.37 1.20 1.16 1.17 1.13 1.01 0.81 0.75 0.78 0.74 0.71
2.82 2.80 2.79 2.79 2.80 2.81 2.81 2.82 2.79 2.75 2.79 2.80 2.70 2.61 2.58 2.67 2.89 3.02 3.05 3.10 3.07 3.00 2.95 2.97 3.06 3.09 3.07 2.97 2.84 2.82 2.87 2.93 2.98 3.03 3.13 3.24 3.19 2.91 2.68 2.73 2.73 2.69 2.72 2.64 2.54 2.51 2.39 2.11 2.01 2.13 2.06 1.83 1.70 1.73 1.86 1.96 2.02 2.03 1.91 1.75 1.67 1.62 1.52 1.45 1.43 1.41 1.42 1.45 1.54 1.69 1.76 1.70 1.59 1.48 1.37 1.21 0.96 0.78 0.71 0.71 0.76 0.84 0.89 0.92
2.87 2.85 2.82 2.82 2.83 2.86 2.88 2.89 2.86 2.79 2.81 2.88 2.82 2.76 2.76 2.82 2.93 3.01 3.06 3.12 3.10 3.04 3.02 3.04 3.09 3.12 3.11 3.06 2.97 2.91 2.88 2.91 3.06 3.20 3.28 3.36 3.36 3.10 2.85 2.88 2.88 2.80 2.77 2.71 2.63 2.53 2.45 2.23 2.03 2.08 2.11 1.95 1.74 1.61 1.62 1.71 1.81 1.91 1.92 1.79 1.67 1.62 1.50 1.40 1.39 1.41 1.48 1.60 1.77 1.85 1.76 1.58 1.44 1.40 1.39 1.31 1.18 1.08 1.03 1.01 1.07 1.13 1.11 1.06
2.91 2.90 2.86 2.85 2.86 2.88 2.92 2.96 2.94 2.87 2.87 2.94 2.92 2.86 2.88 2.92 2.98 3.05 3.10 3.14 3.13 3.08 3.06 3.07 3.10 3.15 3.17 3.13 3.05 2.95 2.86 2.85 3.08 3.36 3.40 3.46 3.57 3.36 3.00 2.94 2.94 2.90 2.88 2.79 2.69 2.56 2.42 2.28 2.13 2.10 2.12 2.04 1.86 1.64 1.50 1.49 1.56 1.66 1.79 1.82 1.72 1.66 1.56 1.46 1.45 1.52 1.66 1.80 1.84 1.72 1.52 1.39 1.32 1.31 1.30 1.30 1.35 1.38 1.36 1.35 1.33 1.21 1.12 1.10
2.94 2.93 2.91 2.91 2.91 2.92 2.95 3.00 3.02 2.97 2.93 2.98 3.02 2.97 2.96 2.99 3.01 3.08 3.15 3.18 3.16 3.12 3.11 3.10 3.11 3.19 3.22 3.20 3.14 3.02 2.84 2.74 2.98 3.31 3.33 3.30 3.41 3.38 3.11 2.92 2.89 2.92 2.95 2.91 2.81 2.64 2.47 2.34 2.21 2.13 2.13 2.06 1.93 1.76 1.57 1.48 1.47 1.50 1.59 1.74 1.75 1.68 1.62 1.56 1.63 1.77 1.87 1.87 1.75 1.56 1.40 1.33 1.31 1.35 1.39 1.38 1.38 1.44 1.53 1.55 1.45 1.30 1.23 1.20
2.97 2.96 2.95 2.96 2.97 2.97 2.98 3.03 3.08 3.07 3.00 2.99 3.09 3.11 3.05 3.04 3.04 3.10 3.18 3.19 3.19 3.17 3.17 3.15 3.15 3.21 3.26 3.26 3.21 3.06 2.80 2.59 2.79 3.16 3.29 3.30 3.26 3.21 3.12 2.92 2.80 2.85 2.93 2.98 2.93 2.72 2.53 2.44 2.28 2.14 2.14 2.06 1.93 1.83 1.68 1.53 1.47 1.44 1.46 1.61 1.71 1.67 1.59 1.60 1.74 1.83 1.81 1.67 1.47 1.34 1.26 1.23 1.31 1.47 1.52 1.41 1.32 1.39 1.46 1.45 1.42 1.40 1.38 1.30
3.01 2.99 2.98 3.00 3.02 3.01 3.01 3.07 3.14 3.15 3.08 3.02 3.07 3.17 3.15 3.12 3.11 3.13 3.19 3.19 3.19 3.20 3.19 3.16 3.17 3.25 3.33 3.39 3.38 3.11 2.76 2.54 2.63 2.97 3.23 3.36 3.34 3.22 3.08 2.88 2.72 2.74 2.86 3.00 3.03 2.79 2.60 2.56 2.38 2.17 2.11 2.05 1.94 1.85 1.74 1.61 1.54 1.47 1.40 1.43 1.55 1.61 1.61 1.66 1.65 1.52 1.36 1.22 1.12 1.05 1.03 1.15 1.44 1.58 1.47 1.28 1.20 1.24 1.27 1.30 1.38 1.49 1.52 1.45
3.07 3.04 3.02 3.04 3.06 3.05 3.05 3.13 3.21 3.20 3.16 3.11 3.10 3.16 3.18 3.18 3.19 3.19 3.22 3.20 3.18 3.19 3.18 3.16 3.17 3.25 3.42 3.62 3.71 3.35 2.84 2.62 2.56 2.72 3.09 3.33 3.43 3.44 3.15 2.82 2.68 2.65 2.72 2.92 2.98 2.80 2.69 2.64 2.48 2.29 2.16 2.07 1.92 1.78 1.68 1.61 1.60 1.57 1.42 1.30 1.36 1.56 1.76 1.82 1.72 1.50 1.26 1.11 1.04 0.98 1.02 1.32 1.58 1.53 1.37 1.23 1.16 1.18 1.23 1.33 1.50 1.61 1.63 1.63
3.11 3.09 3.07 3.08 3.09 3.08 3.09 3.19 3.27 3.25 3.22 3.21 3.19 3.16 3.18 3.22 3.23 3.24 3.24 3.23 3.19 3.18 3.16 3.14 3.14 3.17 3.42 3.89 4.08 3.74 3.19 2.85 2.62 2.45 2.67 3.02 3.35 3.67 3.41 2.86 2.65 2.62 2.61 2.79 2.85 2.73 2.81 2.82 2.62 2.43 2.33 2.23 2.02 1.80 1.65 1.58 1.64 1.66 1.56 1.42 1.42 1.52 1.62 1.65 1.60 1.48 1.32 1.21 1.16 1.17 1.33 1.55 1.56 1.41 1.30 1.26 1.24 1.27 1.33 1.44 1.56 1.56 1.56 1.69
3.13 3.14 3.14 3.13 3.14 3.12 3.15 3.25 3.29 3.28 3.28 3.29 3.29 3.23 3.19 3.24 3.26 3.25 3.26 3.26 3.22 3.18 3.13 3.09 3.08 3.03 3.27 3.96 4.36 4.17 3.83 3.39 2.89 2.52 2.38 2.46 2.91 3.62 3.65 3.00 2.63 2.66 2.61 2.69 2.76 2.68 2.85 3.04 2.90 2.53 2.39 2.46 2.33 2.08 1.79 1.59 1.68 1.83 1.81 1.71 1.65 1.52 1.36 1.26 1.26 1.28 1.25 1.22 1.24 1.34 1.52 1.58 1.47 1.31 1.20 1.20 1.29 1.41 1.49 1.50 1.48 1.44 1.48 1.65
3.14 3.17 3.20 3.19 3.19 3.18 3.23 3.31 3.31 3.30 3.34 3.37 3.37 3.32 3.26 3.27 3.30 3.26 3.25 3.27 3.24 3.19 3.10 3.02 2.95 2.86 3.10 3.80 4.38 4.53 4.54 4.21 3.45 2.92 2.54 2.25 2.57 3.37 3.72 3.19 2.78 2.81 2.72 2.70 2.69 2.65 2.75 3.01 3.16 2.79 2.45 2.59 2.63 2.41 2.06 1.72 1.75 1.96 1.97 1.81 1.71 1.63 1.45 1.26 1.18 1.19 1.21 1.24 1.32 1.48 1.62 1.61 1.48 1.28 1.12 1.09 1.18 1.35 1.41 1.42 1.43 1.40 1.44 1.56
3.17 3.20 3.22 3.25 3.26 3.25 3.28 3.34 3.35 3.35 3.38 3.43 3.44 3.41 3.36 3.31 3.32 3.29 3.26 3.26 3.22 3.18 3.08 2.95 2.80 2.66 2.83 3.41 3.98 4.39 4.88 5.05 4.38 3.62 2.97 2.41 2.55 3.28 3.70 3.30 3.01 3.02 2.93 2.92 2.75 2.64 2.73 2.88 3.18 3.15 2.87 2.83 2.86 2.76 2.45 2.03 1.84 1.87 1.92 1.74 1.53 1.47 1.44 1.32 1.16 1.10 1.14 1.24 1.35 1.49 1.56 1.49 1.35 1.22 1.14 1.15 1.24 1.26 1.25 1.33 1.38 1.33 1.34 1.38
3.24 3.23 3.22 3.29 3.37 3.35 3.32 3.37 3.41 3.40 3.42 3.48 3.49 3.49 3.45 3.37 3.33 3.30 3.27 3.25 3.20 3.15 3.08 2.94 2.74 2.54 2.56 2.95 3.34 3.68 4.34 5.06 4.97 4.37 3.46 2.58 2.63 3.25 3.66 3.34 3.08 3.08 3.01 3.08 2.95 2.73 2.73 2.75 2.89 3.01 2.94 2.85 2.87 2.90 2.69 2.26 1.91 1.72 1.72 1.66 1.40 1.20 1.20 1.19 1.08 1.02 1.06 1.15 1.23 1.30 1.23 1.05 1.00 1.11 1.26 1.37 1.37 1.31 1.31 1.40 1.38 1.28 1.25 1.31
3.33 3.26 3.21 3.32 3.48 3.46 3.35 3.40 3.47 3.46 3.48 3.53 3.55 3.55 3.53 3.45 3.37 3.32 3.27 3.24 3.20 3.13 3.04 2.90 2.71 2.54 2.51 2.68 2.93 3.28 3.93 4.59 4.85 4.71 3.78 2.59 2.55 3.21 3.52 3.30 3.08 2.93 2.81 2.90 2.87 2.67 2.60 2.54 2.48 2.46 2.41 2.41 2.49 2.68 2.64 2.30 2.07 1.84 1.62 1.56 1.40 1.21 1.17 1.18 1.09 1.01 1.05 1.11 1.17 1.16 1.01 0.89 1.00 1.24 1.39 1.44 1.40 1.39 1.44 1.51 1.46 1.31 1.25 1.32
3.40 3.32 3.21 3.34 3.58 3.53 3.39 3.44 3.51 3.52 3.53 3.59 3.62 3.61 3.59 3.52 3.44 3.37 3.28 3.21 3.18 3.11 2.97 2.88 2.74 2.52 2.46 2.51 2.69 3.18 3.96 4.52 4.75 4.94 4.06 2.52 2.37 3.12 3.29 3.08 3.03 2.83 2.66 2.72 2.66 2.53 2.50 2.45 2.33 2.26 2.17 2.10 2.12 2.34 2.48 2.28 2.15 2.11 1.88 1.60 1.32 1.18 1.22 1.31 1.25 1.10 1.09 1.18 1.25 1.20 1.12 1.20 1.41 1.49 1.46 1.43 1.45 1.49 1.53 1.54 1.40 1.23 1.23 1.31
3.40 3.37 3.30 3.42 3.63 3.55 3.43 3.49 3.58 3.58 3.55 3.62 3.66 3.66 3.65 3.57 3.50 3.45 3.34 3.22 3.18 3.08 2.89 2.82 2.80 2.55 2.37 2.26 2.29 2.76 3.62 4.39 4.67 5.08 4.60 2.73 2.18 3.02 3.22 2.99 3.02 2.86 2.67 2.70 2.57 2.45 2.47 2.39 2.28 2.24 2.15 2.01 1.92 1.98 2.14 2.05 1.89 1.99 2.10 1.92 1.50 1.24 1.28 1.42 1.44 1.28 1.14 1.14 1.21 1.34 1.48 1.60 1.64 1.54 1.45 1.46 1.53 1.61 1.65 1.56 1.33 1.17 1.23 1.36
3.36 3.37 3.41 3.58 3.68 3.57 3.48 3.54 3.66 3.65 3.60 3.65 3.68 3.68 3.67 3.61 3.54 3.49 3.39 3.28 3.21 3.09 2.87 2.74 2.72 2.58 2.36 2.13 1.99 2.28 3.14 3.99 4.38 4.87 4.95 3.55 2.37 2.86 3.21 3.04 3.05 2.91 2.71 2.68 2.57 2.45 2.38 2.27 2.24 2.19 2.10 2.00 1.88 1.79 1.79 1.76 1.62 1.59 1.82 2.00 1.78 1.41 1.30 1.40 1.51 1.44 1.23 1.12 1.24 1.50 1.67 1.66 1.54 1.41 1.36 1.39 1.45 1.51 1.51 1.41 1.31 1.30 1.34 1.42
3.33 3.36 3.48 3.71 3.75 3.61 3.54 3.60 3.73 3.74 3.69 3.69 3.70 3.70 3.67 3.63 3.57 3.51 3.42 3.32 3.24 3.12 2.94 2.77 2.61 2.49 2.31 2.12 1.98 2.19 2.89 3.49 3.98 4.49 4.85 4.20 3.08 2.88 3.12 3.05 3.01 2.95 2.80 2.69 2.65 2.59 2.35 2.24 2.26 2.21 2.13 2.05 1.96 1.82 1.74 1.71 1.61 1.47 1.49 1.73 1.72 1.40 1.22 1.27 1.44 1.54 1.42 1.31 1.47 1.56 1.43 1.32 1.24 1.19 1.21 1.28 1.27 1.19 1.09 1.07 1.17 1.26 1.28 1.28
3.35 3.40 3.52 3.73 3.78 3.67 3.62 3.65 3.76 3.82 3.78 3.73 3.72 3.72 3.69 3.65 3.59 3.54 3.45 3.34 3.25 3.15 3.01 2.85 2.64 2.43 2.21 2.03 2.03 2.41 2.85 3.10 3.58 4.12 4.45 4.22 3.60 3.22 3.21 3.12 2.96 2.93 2.91 2.77 2.72 2.70 2.43 2.30 2.30 2.22 2.15 2.08 2.02 1.94 1.84 1.78 1.74 1.63 1.53 1.61 1.64 1.38 1.16 1.16 1.29 1.47 1.53 1.54 1.58 1.39 1.03 0.88 0.91 1.06 1.22 1.25 1.16 1.03 0.97 1.04 1.06 1.02 1.03 1.07
