windninja/windninja_output/Output_2025-10-23_1800-1850_Google earth_Fire_150m_10min/merlingen_7.5mi_point_10-23-2025_1810_150m_ang.asc
ncols	158
nrows	163
xllcorner	391686.332397
yllcorner	5160024.123721
cellsize	150.000000
NODATA_value	-32768.000000
[rows 84 to 125 of 163, columns 0 to 93 of 158]
321 327 335 338 341 343 347 350 347 340 331 324 319 313 309 307 306 304 304 304 305 305 306 308 312 313 312 311 310 309 308 308 306 303 299 296 295 295 296 298 300 302 303 302 301 301 301 301 301 300 301 302 302 301 299 296 295 294 294 294 294 294 293 293 293 293 293 293 293 294 295 296 297 298 300 302 305 310 316 326 343 351 345 325 307 301 296 292 291 290 287 284 281 278
295 303 320 324 329 333 341 339 330 326 323 321 317 312 308 307 305 302 301 301 301 302 303 305 309 312 310 308 308 308 308 307 307 306 302 299 297 294 294 296 299 300 300 299 297 296 295 294 294 295 295 295 295 296 296 295 294 294 294 294 294 294 293 293 293 293 293 293 293 293 294 295 296 298 299 301 304 308 315 325 341 350 347 326 305 298 294 291 290 289 287 285 282 280
287 290 299 302 305 310 319 318 316 318 320 319 314 311 307 305 303 298 296 295 295 295 296 299 306 312 312 309 307 307 307 306 307 309 307 305 303 299 297 296 298 299 299 297 295 294 292 291 292 293 293 292 291 292 293 294 293 293 293 293 294 294 293 293 293 293 293 293 293 293 294 294 295 297 298 300 303 307 313 322 337 345 342 322 303 295 292 290 288 287 286 285 286 287
289 287 283 287 296 309 317 318 317 318 320 316 311 310 305 302 299 294 291 291 292 292 293 300 311 319 318 314 310 308 307 306 306 307 306 305 305 303 300 298 299 300 300 297 295 292 291 290 290 290 291 292 291 290 290 291 292 292 293 294 294 294 294 293 293 293 292 292 292 293 293 294 295 296 297 299 302 305 310 318 330 337 334 320 302 293 290 288 286 284 285 288 290 291
301 296 296 305 314 322 324 324 321 318 317 313 311 312 308 304 298 292 290 291 295 297 302 312 324 330 323 315 311 309 307 305 304 303 302 301 302 301 299 297 297 299 300 299 296 293 291 289 289 289 291 292 292 291 290 290 290 291 292 294 294 295 294 293 293 292 292 292 292 292 292 293 294 295 296 298 300 303 308 313 321 328 327 316 303 293 287 285 285 285 288 290 289 284
323 318 316 320 321 322 324 324 323 316 313 315 316 315 311 305 296 291 290 295 300 307 314 323 336 338 325 316 312 309 306 305 304 302 301 299 300 298 295 292 292 294 297 299 297 294 290 288 288 289 291 293 295 296 294 292 289 287 289 294 297 297 295 294 293 292 292 292 292 292 292 292 293 294 295 297 299 301 304 309 314 320 321 313 302 294 288 284 286 288 288 287 280 273
322 321 321 319 315 316 319 321 324 318 316 320 322 317 312 306 298 293 290 295 306 316 324 334 343 341 326 316 311 308 305 303 303 302 300 299 299 299 297 292 290 290 292 295 296 293 290 287 287 289 291 294 297 299 298 293 288 286 289 297 301 299 296 294 293 292 291 291 291 291 291 292 292 293 294 295 297 299 301 304 308 313 316 311 304 299 294 289 289 289 284 278 274 271
314 319 324 323 321 320 321 325 328 324 321 326 330 326 322 316 309 299 291 297 312 325 336 343 348 341 325 315 309 306 303 301 301 301 300 298 299 301 301 297 292 290 290 291 293 292 290 286 284 286 290 294 297 300 301 297 293 293 295 298 303 301 297 294 292 292 291 291 291 291 291 291 291 292 293 294 295 297 299 301 304 307 311 310 306 303 299 294 290 285 278 270 271 270
310 317 327 330 331 331 332 337 342 339 332 332 334 331 326 320 316 312 306 311 319 338 347 349 350 337 320 311 306 303 301 299 299 300 300 299 299 299 300 299 295 289 287 288 290 291 288 284 282 282 286 291 296 299 304 304 300 298 295 294 298 300 297 294 292 291 291 290 290 290 290 290 291 291 292 292 293 295 296 298 300 302 305 306 304 301 297 293 287 279 267 266 270 269
306 313 323 329 331 333 337 343 349 349 343 342 342 342 342 336 329 324 319 318 326 346 350 350 346 329 315 308 304 300 298 296 296 298 299 299 298 298 298 299 298 292 285 285 287 287 286 283 281 281 283 291 298 300 303 304 298 293 289 287 290 295 295 292 291 291 290 290 290 290 290 290 290 290 291 291 292 293 294 295 296 298 299 300 299 295 292 288 280 270 265 268 270 270
300 306 317 322 323 326 333 342 349 347 343 344 346 347 347 341 335 329 320 316 329 345 347 343 333 319 310 305 301 297 293 291 294 298 299 298 297 297 297 299 301 299 291 286 286 287 287 286 284 284 287 294 302 301 300 299 294 289 287 286 287 290 292 291 291 290 290 289 289 289 289 289 289 289 290 290 291 291 292 293 293 294 294 295 294 292 289 284 277 272 270 271 271 272
293 298 309 314 314 316 321 330 337 336 331 333 337 339 339 329 327 320 308 299 318 299 289 302 308 307 305 301 298 295 293 294 297 299 300 298 297 296 297 298 301 304 299 292 291 292 293 293 292 294 295 296 301 300 296 296 294 291 290 288 287 289 290 290 290 290 289 289 289 289 289 288 288 288 289 289 289 290 290 290 291 291 291 291 290 289 286 282 278 276 274 274 273 273
289 293 302 308 308 309 311 315 317 315 309 308 310 312 312 305 302 298 286 261 219 214 229 267 290 298 300 299 297 298 297 297 296 296 297 296 295 295 296 297 300 304 303 297 295 296 297 298 299 298 295 291 291 294 293 292 292 291 290 289 288 289 290 290 289 289 289 289 289 289 288 288 288 288 288 288 288 288 289 289 289 289 289 288 287 286 284 282 279 277 276 275 274 273
289 291 297 301 300 298 299 300 298 295 290 281 279 295 294 293 293 288 268 225 201 210 237 268 290 299 300 298 297 296 293 290 288 288 291 292 292 293 295 297 299 303 305 300 296 296 296 295 294 290 285 282 283 288 289 288 288 289 289 288 288 288 289 289 289 289 289 289 288 288 287 287 287 287 287 287 287 287 287 287 287 287 287 286 285 284 282 281 279 278 276 275 274 273
284 284 285 284 286 285 285 284 282 278 267 259 257 263 271 275 276 262 231 211 209 229 264 286 303 309 302 296 293 289 285 283 282 284 286 288 290 292 295 297 299 302 305 302 296 292 291 288 284 281 279 280 281 283 285 286 286 288 289 288 287 287 287 289 289 289 289 288 288 287 287 287 287 286 286 286 286 286 286 286 286 286 285 285 284 283 282 280 279 277 276 275 274 273
276 274 270 271 273 271 268 267 262 255 252 251 250 255 261 261 252 234 216 212 233 271 291 300 311 308 295 289 285 282 280 281 281 282 285 288 290 292 294 297 299 302 305 304 298 294 292 288 284 282 282 282 282 282 285 286 285 286 288 289 288 287 287 288 289 290 290 289 288 287 287 286 286 286 285 285 285 285 285 285 285 285 284 283 283 282 281 280 278 277 276 275 274 273
278 274 269 267 265 260 258 256 252 247 245 240 236 239 242 242 240 234 227 241 274 290 293 291 276 274 276 278 277 275 274 275 278 281 286 289 290 291 293 298 302 303 305 307 302 296 293 289 287 285 284 284 285 285 285 286 285 284 286 289 289 287 286 286 289 290 291 290 289 287 286 285 285 285 285 285 285 285 284 284 284 284 283 283 282 281 280 279 278 277 276 275 274 273
283 280 273 267 261 256 253 252 250 247 245 241 237 234 236 244 257 266 272 284 292 292 278 247 238 252 263 266 266 266 268 271 276 281 285 288 289 289 292 297 303 304 305 307 305 298 292 290 289 288 286 285 285 285 285 285 285 284 285 287 289 287 286 285 287 290 291 291 289 286 285 285 285 285 284 284 284 284 284 284 284 283 283 282 281 280 280 279 278 276 275 274 273 272
289 285 277 270 264 260 257 254 253 252 250 249 247 247 263 278 283 290 298 295 289 274 243 234 239 248 255 258 260 263 268 272 276 280 283 287 289 291 292 295 301 304 305 307 308 303 298 295 293 290 288 286 286 286 285 285 286 285 284 285 288 289 288 285 285 288 289 289 287 284 283 284 285 285 284 284 283 283 284 283 283 283 282 282 281 280 279 278 277 276 275 274 273 272
296 291 283 275 269 266 263 259 258 257 256 257 261 273 284 286 286 289 293 287 270 235 228 237 241 244 251 257 262 267 271 273 275 278 282 286 291 292 292 293 298 303 305 307 309 307 302 297 294 291 289 287 287 288 287 287 287 286 285 285 288 290 288 286 284 285 287 286 285 282 281 283 285 285 284 283 283 283 283 283 283 283 282 282 281 280 279 278 277 276 275 274 273 271
302 298 289 280 274 269 266 262 258 258 261 263 269 277 280 280 276 274 271 260 240 229 234 240 240 243 252 260 265 270 272 273 274 277 281 285 290 292 293 294 297 302 305 307 309 309 304 299 296 292 290 289 288 289 289 288 287 286 285 285 286 287 287 285 284 283 284 285 284 281 279 279 281 283 282 281 283 284 284 284 284 283 283 282 281 280 279 278 277 275 275 273 272 271
310 305 294 284 276 271 267 262 259 260 262 264 269 274 275 274 269 260 252 242 235 236 241 241 243 249 256 261 266 269 272 274 276 278 279 283 289 294 297 298 300 303 305 306 309 311 308 304 301 297 294 293 291 289 289 288 287 286 285 284 284 284 285 285 283 282 283 284 283 281 278 275 275 278 280 281 283 284 283 283 284 285 284 283 281 280 279 278 276 275 274 273 272 270
320 314 301 289 280 275 270 265 263 267 272 276 279 280 278 273 266 258 250 242 240 245 247 245 249 254 257 259 264 270 275 279 281 277 277 283 292 298 300 301 302 304 305 307 310 312 312 309 306 302 298 296 293 291 289 289 288 286 284 283 283 284 284 284 283 282 282 283 283 279 276 274 273 275 278 281 283 284 282 283 287 288 286 284 282 281 279 278 276 275 274 272 271 270
334 326 311 298 287 281 279 281 284 287 292 294 293 287 279 274 268 262 253 245 245 253 258 256 253 255 257 258 263 272 279 283 283 275 277 288 297 301 300 301 305 306 306 308 311 314 316 314 311 306 300 296 295 292 289 288 288 287 285 282 281 283 284 284 283 282 280 281 282 279 274 273 274 274 276 278 280 283 284 284 286 290 290 287 284 281 279 278 276 275 273 272 271 270
348 340 322 308 301 299 303 305 305 301 296 292 286 278 274 274 272 267 257 252 256 264 268 266 258 255 259 261 262 272 281 283 284 275 281 293 300 300 299 303 308 308 307 310 313 315 318 319 316 311 304 299 296 294 291 288 287 286 286 285 282 282 284 284 282 281 279 279 281 280 274 272 273 274 275 275 277 281 284 283 282 285 290 290 286 282 280 278 276 274 273 272 271 270
1 352 331 319 315 314 312 309 303 294 283 277 274 271 272 277 281 277 264 262 268 272 273 272 267 262 263 263 264 273 281 283 284 278 282 293 299 299 302 307 309 305 305 311 314 315 318 322 320 315 310 304 300 297 294 290 287 286 287 287 284 281 282 282 279 278 279 279 279 280 275 271 272 275 275 275 276 278 280 280 279 281 287 291 289 284 281 278 276 274 273 272 271 270
10 357 334 322 316 310 303 294 286 278 274 272 272 273 277 283 290 292 276 270 272 277 282 283 282 275 269 268 269 274 281 284 283 278 281 291 298 302 307 311 307 302 305 311 314 315 319 324 324 319 314 309 303 299 296 294 290 287 286 288 286 281 279 278 277 276 278 280 279 279 277 274 273 274 274 274 274 274 275 277 278 279 282 287 289 286 281 278 275 273 272 271 271 270
10 356 335 322 311 302 293 286 281 277 273 271 276 281 285 290 300 316 295 274 273 281 292 297 291 285 282 280 275 273 278 284 283 278 284 293 301 307 312 313 310 306 305 309 313 315 319 324 325 322 318 313 307 301 297 297 294 288 285 287 287 282 278 276 276 275 276 279 280 280 280 277 274 272 272 272 272 271 271 274 277 278 280 283 286 285 281 278 275 273 271 271 271 271
12 358 336 322 310 303 299 293 288 284 278 279 288 293 291 293 306 334 319 292 284 286 297 307 297 289 291 290 283 274 272 280 284 283 289 299 306 311 315 313 311 304 299 305 314 318 319 321 324 323 321 318 313 304 299 298 297 291 286 286 287 284 279 278 277 276 274 275 278 281 280 277 274 272 271 271 271 270 269 270 274 277 279 280 282 281 277 274 272 270 271 273 273 272
19 5 342 327 314 307 303 300 297 294 290 289 295 301 295 295 310 340 334 314 297 290 295 310 299 291 295 296 291 282 273 274 280 286 292 300 306 309 312 310 306 297 295 302 314 320 319 319 322 324 323 323 319 310 302 300 299 295 288 286 287 286 281 280 280 278 275 273 275 279 280 278 277 274 270 269 270 271 270 268 270 274 277 277 278 276 271 269 267 268 274 278 276 271
25 14 352 334 322 315 310 307 303 299 296 295 300 305 297 296 312 338 339 322 305 294 295 307 305 302 304 301 296 293 283 274 277 285 292 297 300 303 307 308 302 297 298 304 313 320 321 322 323 324 326 328 324 315 306 302 301 298 291 287 287 288 284 281 282 281 277 275 275 276 278 277 276 275 271 269 269 271 271 268 267 270 272 273 273 271 266 265 266 271 277 280 275 268
30 18 357 341 330 324 318 313 308 301 300 302 307 308 297 298 314 339 345 328 312 304 305 310 312 312 312 309 303 305 300 284 278 283 291 298 301 303 304 305 303 302 304 307 313 320 325 327 325 325 327 330 329 322 310 303 301 300 295 290 288 288 286 283 282 283 280 276 275 274 274 273 272 273 273 270 268 269 271 269 268 268 270 269 268 265 263 265 270 275 277 275 269 262
31 18 359 345 334 328 323 320 313 306 305 308 314 313 298 298 314 341 351 338 324 319 317 315 315 317 318 311 303 311 315 300 285 282 289 299 305 308 304 304 305 307 309 309 312 320 326 326 323 323 327 332 335 329 316 305 301 301 298 292 290 289 287 284 283 284 281 278 275 274 273 271 268 269 272 273 269 267 268 269 268 269 270 266 262 261 263 267 272 275 274 269 263 260
31 21 4 348 335 330 327 323 316 310 307 312 321 318 299 295 309 338 346 339 330 323 319 316 316 321 328 321 312 315 318 307 296 292 297 304 309 312 307 307 311 312 312 310 311 317 322 324 324 325 329 336 340 337 325 310 303 302 299 295 293 293 290 287 285 284 283 280 277 274 273 271 268 266 267 271 272 267 265 266 268 270 270 265 260 260 265 268 271 271 269 264 261 262
34 27 9 350 337 332 330 322 314 309 306 312 326 320 301 292 299 325 337 334 327 319 314 312 313 317 326 325 323 326 324 319 315 308 308 313 319 321 315 314 317 317 314 310 309 313 321 326 328 329 331 339 344 343 333 316 306 302 301 297 295 296 295 291 288 287 285 281 277 275 274 273 270 265 263 265 268 267 265 266 268 269 268 265 263 265 267 269 269 267 264 261 259 261
38 31 12 350 336 332 327 318 309 307 303 308 325 321 305 291 294 314 329 329 323 316 310 308 307 308 312 316 320 326 326 327 322 314 311 315 322 328 326 326 326 322 316 312 312 315 320 324 328 331 333 340 345 347 340 322 308 303 302 299 297 298 297 293 289 287 285 281 276 275 275 275 272 268 264 261 261 264 265 267 267 266 265 265 267 269 270 269 268 265 261 259 255 256
40 33 13 350 337 332 321 312 307 307 304 304 321 326 312 297 293 305 322 326 323 316 309 304 302 302 304 306 311 314 317 319 316 310 308 310 318 325 330 336 335 330 323 320 321 321 322 325 330 333 334 340 346 350 345 328 311 304 303 300 298 298 295 288 282 278 278 280 278 275 275 276 275 273 267 260 257 258 262 264 265 265 265 266 269 272 272 270 266 263 260 255 250 252
40 31 9 351 346 340 326 314 308 310 306 301 315 330 321 303 292 298 315 325 322 313 306 301 298 298 301 305 307 306 306 306 306 306 305 306 311 314 321 332 335 333 325 321 321 323 325 330 336 337 336 340 346 353 351 334 314 306 303 300 296 292 284 273 266 268 274 282 285 280 276 275 276 276 272 264 257 254 256 259 262 264 266 268 271 274 273 269 264 262 259 252 248 253
34 23 1 349 347 343 334 322 314 315 308 300 311 330 323 306 291 290 305 315 316 309 304 299 294 293 296 301 302 302 305 306 304 305 303 302 307 305 309 323 329 328 318 311 311 313 318 327 335 337 337 338 347 356 354 338 317 306 302 296 287 277 268 265 266 270 276 285 292 289 281 278 277 278 277 272 263 256 254 255 258 262 267 270 273 273 271 266 262 261 258 249 249 258
28 17 356 346 342 336 331 323 316 318 310 301 311 331 324 306 290 281 286 298 303 303 300 294 290 290 292 295 299 303 308 307 302 304 303 300 304 304 304 316 326 326 317 306 303 305 309 319 330 335 334 336 348 358 354 340 316 301 294 286 274 267 270 275 278 279 278 281 289 294 288 282 280 279 279 279 274 265 259 255 255 259 266 270 270 270 267 261 260 260 256 250 252 263
26 14 355 348 342 332 327 321 314 316 310 303 312 329 321 305 290 277 274 284 293 297 298 296 292 289 288 296 304 308 315 310 303 304 303 298 301 305 303 311 323 327 323 308 301 302 307 316 329 334 334 338 350 359 357 345 319 295 287 282 276 279 284 286 286 284 280 277 278 286 289 284 282 282 282 284 285 280 271 264 258 258 260 263 264 265 261 256 259 260 258 256 259 266
20 11 357 351 344 334 328 322 315 316 310 302 308 321 313 303 293 284 277 282 289 296 300 296 294 294 300 310 314 319 324 313 303 304 303 296 298 305 303 307 318 327 327 313 300 299 305 316 328 333 335 341 353 1 2 353 329 304 294 295 296 293 292 291 288 284 280 275 272 273 279 282 283 286 287 289 291 290 283 274 268 261 257 256 259 260 254 252 256 260 264 265 267 270
