windninja/windninja_output/Output_2025-10-23_1800-1850_Google earth_Fire_150m_10min/merlingen_7.5mi_point_10-23-2025_1850_150m_ang.asc
ncols	158
nrows	163
xllcorner	391686.332397
yllcorner	5160024.123721
cellsize	150.000000
NODATA_value	-32768.000000
[rows 43 to 85 of 163, columns 0 to 95 of 158]
77 77 77 78 80 81 81 80 80 79 79 79 79 79 78 78 77 77 77 77 77 76 76 76 76 76 77 78 80 81 79 77 75 72 69 64 62 62 61 59 58 57 56 55 51 47 47 49 50 50 51 46 38 33 36 40 41 42 43 45 40 31 23 18 13 4 355 352 355 0 0 354 349 345 339 342 355 5 2 353 345 338 330 322 320 325 332 327 319 316 311 307 299 296 301 312
76 76 78 80 81 82 81 81 81 81 81 81 80 80 79 79 78 78 78 78 77 77 77 77 77 77 77 78 79 79 79 78 76 73 71 70 71 70 67 63 61 61 61 58 52 49 52 53 52 49 46 43 37 34 38 42 43 44 43 41 35 28 21 12 2 356 352 351 356 1 359 356 354 350 346 352 4 11 7 354 341 333 326 320 318 325 326 317 311 309 309 307 300 296 298 305
75 76 78 81 82 82 82 82 82 82 82 82 81 81 80 80 80 79 79 79 78 77 77 77 77 77 78 78 78 78 78 78 76 75 74 76 78 75 71 66 64 64 64 59 51 50 53 53 51 47 45 44 41 40 43 45 46 44 40 34 28 22 14 2 353 350 350 351 355 358 357 355 355 354 354 1 12 15 6 351 338 329 321 315 315 322 320 313 307 304 305 304 300 296 295 299
76 77 79 80 81 82 83 83 83 83 82 82 82 82 81 81 81 80 80 79 79 78 78 78 78 78 78 78 78 78 78 78 77 76 76 76 78 77 74 71 69 67 65 58 51 53 54 53 51 48 46 45 45 46 48 48 46 42 35 26 19 14 5 356 351 349 350 353 356 356 353 353 354 356 1 9 15 12 358 343 332 324 316 311 314 318 316 312 306 302 302 303 300 297 294 296
76 77 79 79 79 82 85 85 84 84 84 83 83 82 82 82 82 81 80 80 79 79 79 79 79 78 78 78 78 78 78 78 78 77 78 78 78 79 78 75 72 70 65 57 52 56 57 56 53 48 46 46 47 48 47 44 42 36 28 17 10 6 0 354 351 350 352 355 357 356 353 352 354 358 6 14 17 7 350 336 325 318 315 317 320 320 317 313 307 302 302 301 300 298 295 297
76 77 78 77 78 82 85 87 86 85 85 84 83 83 83 83 82 82 81 80 80 79 79 79 79 79 78 78 78 78 78 77 77 78 78 79 80 80 79 77 75 73 66 58 55 57 58 55 51 46 46 48 50 50 46 41 37 30 20 11 6 4 1 356 351 350 352 355 357 356 354 353 355 1 11 17 14 3 348 335 325 322 321 323 325 323 320 317 312 308 303 298 297 298 297 296
76 77 76 74 77 82 85 87 88 87 86 85 84 84 83 83 83 82 82 81 80 80 80 79 79 79 78 78 78 77 77 77 77 77 78 78 79 79 78 77 76 74 69 62 60 61 59 54 50 47 46 48 50 48 43 37 32 22 13 9 7 6 4 358 351 349 351 354 356 357 355 355 358 5 13 13 7 359 349 339 331 327 327 327 326 324 323 321 315 310 302 294 291 294 294 290
77 76 74 73 78 81 83 85 89 89 86 85 85 85 84 83 83 83 82 81 81 81 80 80 79 79 78 78 78 77 77 77 77 77 77 78 79 78 76 75 74 73 70 65 65 64 60 55 53 51 50 51 48 42 36 31 25 17 12 12 12 11 8 358 350 349 352 354 356 357 356 358 2 8 9 5 0 356 349 340 332 329 328 328 326 324 323 319 312 306 300 291 285 284 285 287
78 77 73 74 79 81 80 82 86 89 88 86 85 85 84 84 83 83 82 82 82 81 80 80 80 79 78 78 78 77 77 77 77 77 77 77 78 78 77 75 74 74 71 67 67 65 60 55 55 54 52 51 47 40 34 28 22 18 18 18 18 16 8 355 348 350 353 356 357 357 358 360 4 6 3 359 356 353 347 339 333 328 325 324 323 321 319 313 307 302 297 287 277 275 281 291
78 77 75 78 82 82 79 79 83 86 87 86 85 85 84 84 84 83 83 82 82 81 81 80 80 79 78 78 78 77 77 77 76 76 76 76 77 78 78 75 74 73 72 68 66 64 58 53 51 48 44 42 40 37 32 27 22 22 24 24 21 16 5 352 348 351 354 357 359 359 359 1 3 2 359 356 354 350 342 335 333 329 323 321 318 316 314 310 305 299 292 283 276 277 287 302
75 75 77 80 82 82 79 79 80 83 86 87 86 85 85 85 84 83 83 83 82 82 81 81 80 79 79 78 78 77 77 76 76 76 75 75 75 76 76 75 74 73 71 67 64 61 56 48 46 43 39 39 37 35 32 27 23 24 27 26 22 14 1 351 348 351 356 360 1 359 358 0 2 2 358 355 353 347 338 332 332 329 324 322 318 314 312 311 305 298 291 287 285 286 295 309
72 73 77 82 82 80 78 77 77 79 84 87 87 86 85 85 84 83 83 82 82 82 81 81 80 79 79 78 78 77 77 76 76 75 75 75 74 74 75 75 75 74 70 66 64 61 54 46 44 42 40 40 38 36 34 28 23 25 26 24 19 10 357 349 349 353 357 1 1 359 359 3 5 2 357 355 354 347 337 334 333 329 326 326 324 319 315 313 308 301 296 295 297 297 296 304
71 72 75 80 83 81 80 78 76 76 81 86 88 87 86 85 84 84 83 82 82 82 82 81 80 80 79 78 78 77 77 76 75 75 74 74 73 73 73 73 75 75 72 67 65 61 54 47 43 41 39 40 37 36 34 28 23 24 24 20 14 5 356 350 350 354 358 1 0 1 5 10 6 359 355 354 353 345 338 337 335 329 326 326 326 322 322 320 315 306 300 299 303 304 297 300
72 72 72 74 79 82 83 82 79 77 78 82 86 88 88 86 85 85 84 83 82 82 81 81 80 80 79 78 78 77 76 76 75 74 74 73 72 72 71 71 72 72 70 66 62 59 53 47 43 38 37 39 37 35 33 27 23 23 20 15 8 0 355 353 353 355 359 1 2 7 14 10 2 357 355 354 351 343 338 338 335 330 326 325 324 322 324 325 323 312 303 304 311 314 304 302
72 72 72 71 72 76 81 84 83 81 78 77 80 86 89 88 86 85 84 84 83 82 81 81 80 80 79 78 78 77 76 75 75 74 73 72 72 71 70 69 68 67 66 63 61 58 53 48 43 36 36 39 38 36 33 25 20 19 16 10 3 358 356 356 356 357 359 2 7 13 10 3 358 356 354 352 348 341 339 339 337 332 328 325 321 317 317 319 320 316 312 315 319 317 308 301
71 71 72 71 71 72 75 80 85 85 80 74 74 79 86 89 88 86 85 84 83 82 82 81 80 79 79 78 77 77 76 75 74 73 73 71 70 70 69 68 66 65 63 62 60 58 54 50 44 37 36 39 38 35 30 23 17 15 11 5 1 359 358 358 358 359 0 4 10 8 2 358 356 353 351 349 344 339 339 341 340 336 331 327 322 318 316 317 318 318 315 315 318 315 305 294
70 70 70 71 72 73 74 77 83 86 83 77 74 75 80 86 89 88 86 84 83 82 82 81 80 79 79 78 77 77 76 75 74 73 72 71 70 69 67 66 64 63 61 59 57 55 51 48 43 34 29 32 34 32 28 22 18 13 6 2 359 358 360 360 0 0 1 6 9 3 358 356 353 350 349 346 341 338 340 342 341 338 334 331 328 324 322 321 320 317 312 310 311 308 297 284
69 69 70 70 72 74 75 78 81 83 83 81 78 76 75 78 84 88 88 86 84 83 82 81 80 79 78 78 77 76 75 74 73 72 71 70 69 67 66 64 63 61 59 57 54 51 48 43 37 27 19 23 30 30 26 22 17 9 2 359 358 358 360 1 1 1 3 9 7 359 356 354 349 347 346 343 339 340 343 343 342 338 335 333 329 326 324 322 318 313 310 307 305 300 289 274
68 68 69 69 70 72 75 77 79 80 82 83 83 78 73 72 76 83 87 87 85 84 82 80 79 79 78 78 77 76 75 74 73 72 70 69 68 66 64 63 61 59 56 54 51 48 44 39 33 25 16 18 26 27 25 21 15 6 359 357 357 357 358 359 360 1 6 11 4 355 353 350 346 344 344 341 340 344 347 346 344 340 337 333 327 322 319 318 314 310 309 306 300 291 279 265
68 69 70 70 71 72 74 76 77 79 80 83 85 82 76 72 72 75 81 85 87 85 83 81 79 78 78 78 77 75 74 73 72 71 69 68 66 65 63 61 59 57 54 52 48 45 41 36 30 23 16 14 18 19 20 18 11 4 358 356 355 354 354 357 358 2 10 9 358 352 350 347 343 342 342 342 343 347 349 349 348 346 341 334 328 319 314 314 311 308 307 301 289 278 266 249
70 70 71 72 73 74 75 75 75 76 78 81 84 84 81 76 72 71 74 79 83 85 83 81 79 78 78 77 76 75 74 73 71 70 69 67 65 63 61 59 57 55 52 49 46 42 38 33 28 22 15 10 8 9 9 10 7 1 355 353 352 351 353 358 359 3 9 1 353 350 348 345 341 341 343 345 347 349 351 353 352 351 345 336 330 319 314 312 308 304 299 290 279 265 248 230
70 70 71 73 75 77 77 76 76 75 76 79 82 83 82 80 75 71 70 72 76 80 82 82 80 78 77 77 75 75 73 72 70 69 67 66 64 62 60 58 55 53 50 46 43 39 35 30 25 20 13 5 1 0 360 2 3 358 352 348 348 353 2 6 359 359 357 350 348 348 347 344 340 341 345 347 348 350 354 356 356 353 344 335 327 315 311 309 304 298 292 282 267 247 229 209
68 67 68 71 73 75 75 76 77 77 77 79 82 82 82 82 79 73 69 69 70 73 77 80 80 79 77 75 74 74 72 71 69 68 66 64 62 60 58 56 53 50 47 44 40 36 32 27 22 17 10 3 356 353 353 352 355 354 349 345 348 2 12 3 353 350 347 346 346 345 345 342 338 341 346 347 347 351 357 360 358 351 341 334 323 312 307 304 300 294 285 269 245 225 208 195
60 60 63 68 71 72 71 71 72 74 77 77 77 80 82 80 79 77 73 69 66 66 69 74 77 79 77 75 73 72 71 70 69 67 65 63 61 58 56 53 51 48 44 41 37 33 29 24 19 14 8 2 355 350 346 342 342 346 346 345 353 2 359 352 349 347 345 346 345 343 342 339 338 342 345 345 347 352 360 1 355 347 339 331 320 309 304 300 294 285 271 245 221 200 192 191
45 50 55 58 64 68 66 65 68 72 75 75 72 74 78 78 77 77 76 72 67 63 64 66 69 73 76 76 75 73 71 69 67 65 63 61 59 56 54 51 48 45 41 38 34 30 25 21 16 11 5 0 355 349 343 336 331 332 337 343 351 352 347 344 344 345 346 346 343 340 340 337 336 340 344 345 347 354 360 355 347 339 330 324 314 302 295 291 284 272 247 213 194 187 188 195
23 41 48 49 54 56 53 53 61 68 71 69 68 68 69 73 75 76 76 74 70 66 64 63 62 64 69 74 76 75 72 69 67 64 62 59 57 54 51 48 45 42 38 34 30 26 22 17 12 8 3 358 353 348 342 336 330 326 327 333 340 340 337 335 337 341 345 345 342 340 339 336 332 336 342 344 348 354 355 346 337 328 317 312 304 292 284 281 274 251 213 183 179 184 193 205
21 43 54 53 55 53 45 43 54 59 58 54 54 55 56 59 66 71 74 74 72 70 68 65 60 57 62 69 73 74 73 70 66 63 60 57 54 51 48 45 42 38 35 31 27 22 18 14 9 5 0 356 351 347 342 338 334 330 327 327 329 329 328 326 327 334 338 339 339 340 340 335 331 336 342 344 347 351 348 338 328 318 307 302 298 289 281 277 259 218 183 172 177 189 205 220
45 60 77 79 74 65 54 49 58 60 54 48 48 48 49 51 55 61 66 69 71 71 70 69 61 56 60 64 66 68 69 69 66 61 57 54 52 49 45 42 38 35 31 27 23 19 14 10 6 1 357 353 349 345 341 338 335 332 330 328 326 324 320 316 316 321 326 328 332 337 340 333 330 337 343 344 346 346 342 333 322 311 305 301 295 289 281 267 228 184 171 172 183 198 230 255
56 64 80 89 88 82 77 75 77 73 64 59 59 56 54 53 54 56 58 60 64 68 69 68 61 54 58 59 59 59 60 62 62 60 56 52 48 45 41 38 34 31 27 23 19 15 10 6 2 358 354 350 347 343 340 337 335 332 330 328 326 323 321 317 315 315 315 315 320 327 332 328 328 337 343 344 342 342 339 331 321 311 309 302 294 286 276 243 186 171 171 181 201 230 267 305
62 66 76 82 85 85 86 90 90 83 74 73 73 70 67 63 60 59 58 56 57 61 64 63 57 53 57 58 56 54 54 54 55 54 52 49 45 40 37 34 30 26 22 19 15 11 7 3 359 355 351 348 344 341 339 336 334 331 330 328 326 324 322 321 318 316 314 312 314 316 319 319 322 334 339 339 337 337 340 336 327 319 312 303 293 282 261 196 174 174 181 200 223 256 294 315
66 70 77 80 83 85 86 89 90 84 77 74 73 71 70 68 66 66 64 60 57 57 57 56 53 51 56 58 56 53 51 49 49 47 44 42 39 35 32 29 25 22 18 14 10 6 2 359 355 351 348 345 342 339 337 334 332 330 328 327 325 324 322 321 319 318 318 316 316 314 313 312 314 326 332 332 332 335 343 342 332 321 311 301 291 274 203 176 183 193 217 271 290 308 318 315
70 74 80 84 87 87 88 88 86 83 79 76 72 70 69 67 66 66 66 64 62 60 57 55 52 49 52 55 55 54 50 47 45 42 38 34 31 29 26 23 20 17 13 10 6 2 358 355 351 348 345 342 339 337 335 333 331 329 327 326 324 323 322 321 320 319 318 318 318 317 315 314 316 323 329 330 331 338 346 342 330 318 307 297 284 222 175 185 208 233 288 317 329 318 315 311
73 75 82 90 93 94 94 91 87 83 81 78 74 72 70 68 66 65 65 63 62 61 59 57 53 49 51 53 53 52 49 45 44 41 36 30 27 24 21 17 14 12 9 5 1 358 354 351 348 345 342 339 337 335 333 331 329 327 326 325 324 322 321 320 319 319 319 318 318 317 317 318 320 323 327 327 331 340 346 338 324 312 302 289 256 165 175 202 233 262 291 321 322 310 308 305
73 75 83 92 100 103 102 98 93 89 84 80 76 73 71 68 66 65 64 61 60 59 57 56 53 50 52 53 51 49 47 45 45 43 39 31 26 20 15 11 8 6 4 1 357 354 350 347 344 341 339 336 335 332 331 329 328 326 325 323 322 321 320 319 319 319 318 318 318 317 318 319 321 323 325 325 329 339 342 329 316 305 293 267 165 161 185 208 239 276 305 326 317 306 301 300
76 77 82 90 102 109 111 108 103 96 89 82 76 73 71 68 65 64 62 58 57 56 55 53 49 47 50 53 51 48 47 46 45 41 35 28 22 16 10 5 2 1 359 356 353 350 346 343 341 338 336 333 332 330 329 327 326 325 324 322 321 320 320 319 318 318 317 317 317 318 318 319 321 322 324 324 328 335 334 320 308 299 283 210 170 176 229 271 296 316 325 324 316 306 301 300
79 78 75 84 101 113 119 120 113 104 91 79 73 71 68 65 63 62 59 55 54 53 52 50 44 43 48 49 46 43 43 42 39 35 30 25 19 13 7 0 357 356 355 352 349 346 343 340 337 334 332 331 329 328 327 326 324 323 322 321 320 319 319 318 318 317 317 317 317 317 318 319 320 321 322 324 328 333 330 316 306 303 297 266 325 337 336 332 325 323 320 318 312 305 303 303
76 73 67 71 88 106 118 123 116 106 86 72 68 65 62 60 59 58 54 51 51 51 50 46 38 39 42 42 39 34 33 35 34 32 28 23 17 12 7 359 353 350 349 348 345 342 338 335 332 330 329 327 326 325 325 324 323 322 321 320 319 318 318 317 316 316 316 316 316 316 317 318 319 320 321 323 327 331 328 318 313 324 341 341 343 340 337 328 321 316 313 310 307 304 304 305
68 64 59 61 67 71 69 55 63 60 49 51 55 57 56 55 54 52 49 47 47 47 46 41 32 33 38 38 34 28 25 26 27 26 24 20 15 11 7 1 353 347 344 342 339 336 333 330 326 324 324 324 324 323 323 322 321 320 319 319 318 317 317 316 316 315 315 315 315 315 316 317 318 319 320 322 326 329 328 324 329 342 345 345 344 337 327 320 316 311 308 305 303 303 303 303
66 66 65 64 67 63 39 18 20 19 16 28 42 48 51 51 50 47 44 42 43 42 39 34 27 27 33 34 30 24 20 18 18 19 19 19 14 8 5 2 357 350 345 340 333 328 324 320 316 314 316 319 321 322 321 321 320 319 318 317 317 316 315 315 315 314 314 314 314 315 315 316 318 318 320 322 324 328 330 332 340 346 347 348 345 332 321 316 313 309 306 304 301 301 303 302
76 76 71 70 69 57 40 27 21 19 15 22 34 41 44 45 44 42 39 37 36 35 33 28 21 22 26 26 23 21 17 13 13 14 16 17 13 7 3 0 358 354 349 345 339 333 330 326 321 318 317 317 318 319 320 319 319 318 317 316 315 315 314 314 314 313 313 313 313 314 314 315 316 317 319 321 323 327 330 335 343 349 350 351 343 324 316 313 311 308 305 303 301 301 303 302
69 63 55 59 57 50 41 34 30 27 23 24 31 38 42 41 39 38 35 31 27 26 25 21 13 13 17 17 16 17 14 12 11 10 10 11 9 5 1 357 355 352 348 345 342 340 338 335 332 330 329 325 321 320 320 318 317 316 315 315 314 314 313 313 313 312 312 312 312 313 313 314 315 316 318 319 322 325 330 336 345 352 354 349 332 318 311 309 308 306 303 302 300 300 301 300
60 55 52 56 54 50 45 41 40 35 29 26 29 34 37 37 35 34 29 23 17 14 13 10 2 1 8 10 11 11 10 9 9 8 7 4 1 358 355 352 349 346 342 339 337 335 333 330 328 328 329 328 326 323 320 317 316 315 314 313 313 313 312 312 312 311 311 311 311 312 312 313 314 315 316 318 320 324 329 336 346 353 354 343 322 313 308 304 304 303 301 299 298 297 297 297
61 61 61 61 60 56 51 47 45 38 31 25 25 29 31 31 29 28 23 15 8 360 356 355 352 350 358 4 5 4 5 5 5 6 5 1 357 353 346 342 341 340 337 334 330 327 323 318 316 317 319 321 321 320 318 315 314 313 312 312 312 311 311 311 311 310 310 310 310 311 311 312 313 314 315 317 319 322 327 334 345 351 351 337 316 310 306 304 303 302 301 299 298 297 298 299
