windninja/windninja_output/Output_2025-10-23_1800-1850_Google earth_Fire_150m_10min/merlingen_7.5mi_point_10-23-2025_1800_150m_ang.asc
ncols	158
nrows	163
xllcorner	391686.332397
yllcorner	5160024.123721
cellsize	150.000000
NODATA_value	-32768.000000
[rows 88 to 131 of 163, columns 0 to 95 of 158]
79 77 73 67 59 52 49 49 52 55 54 51 52 50 51 52 52 57 60 63 60 52 42 24 4 359 15 28 33 33 33 32 31 25 22 21 18 17 16 12 5 354 344 340 338 334 327 320 315 313 310 309 307 306 305 304 302 302 302 303 305 306 306 305 305 305 305 305 305 305 305 306 307 308 309 310 312 314 317 321 326 329 327 318 308 301 297 295 296 296 298 301 299 294 290 289
78 75 68 62 55 50 49 49 49 51 53 50 45 44 45 45 46 52 56 55 45 30 21 12 1 358 11 24 29 30 31 29 27 23 20 19 12 11 13 12 6 356 347 340 335 331 327 322 317 314 312 312 311 310 309 307 303 298 298 301 305 306 306 305 304 304 304 304 304 304 304 305 305 306 307 308 310 312 314 316 319 322 321 314 304 298 293 292 295 297 296 295 288 281 279 282
75 71 63 60 58 55 51 48 44 46 50 47 38 39 40 40 42 46 51 51 35 17 13 12 4 1 11 21 26 28 29 28 25 21 19 18 9 3 4 6 3 354 345 338 331 326 323 320 316 313 311 312 313 313 312 309 304 299 299 304 308 307 306 304 304 303 303 303 303 303 303 303 304 305 306 306 308 309 310 312 314 316 317 312 305 301 298 294 294 294 290 284 280 278 278 280
70 64 54 51 50 48 43 39 36 42 48 43 32 31 31 30 32 37 44 46 27 12 15 15 8 6 14 21 25 27 28 26 24 20 16 14 8 1 355 356 359 355 344 335 327 322 319 315 311 309 308 309 310 312 315 313 309 308 307 309 312 309 306 304 303 302 302 302 302 302 302 302 303 303 304 305 305 306 307 308 310 312 313 312 308 305 302 297 294 289 281 274 275 274 273 274
63 56 44 40 39 35 27 20 22 32 41 37 29 27 28 27 27 27 32 33 25 12 16 17 12 11 17 23 25 27 28 26 23 18 11 9 6 0 352 348 352 355 348 336 326 319 313 308 303 301 301 303 306 308 314 316 312 310 308 308 310 310 306 303 302 301 301 301 301 301 301 301 301 302 302 303 303 304 305 306 306 307 308 308 306 303 300 295 290 281 269 267 270 270 269 272
58 51 40 37 36 32 24 16 15 26 33 28 20 17 17 21 18 17 26 32 29 14 14 17 14 16 21 24 26 28 29 27 24 14 6 5 3 358 352 345 345 351 349 339 327 317 309 303 299 296 295 299 305 307 310 310 305 302 299 299 303 306 304 302 300 300 300 300 299 299 300 300 300 300 301 301 301 302 302 303 303 303 303 303 300 296 293 289 281 271 265 268 271 271 271 273
50 45 39 38 38 36 29 20 14 23 31 27 19 15 15 20 22 23 33 40 33 22 18 20 18 21 23 24 27 29 31 30 21 8 1 0 359 355 350 345 342 345 348 346 337 325 315 308 303 300 300 304 310 308 306 303 298 294 294 295 297 300 301 300 299 299 299 298 298 298 298 298 299 299 299 299 300 300 300 300 300 300 300 299 297 293 290 284 277 272 272 272 273 273 274 274
37 38 38 40 43 40 34 23 16 25 35 35 30 29 29 37 39 47 49 43 35 34 32 32 27 25 25 25 26 27 28 23 15 5 358 357 355 351 346 341 338 338 341 345 344 337 328 320 314 311 310 310 313 308 303 301 298 296 295 295 295 298 299 298 298 298 297 297 298 297 297 297 297 297 297 298 298 298 298 298 298 297 297 295 294 292 289 284 280 278 277 276 276 276 276 275
15 31 38 39 42 40 35 29 27 40 56 55 51 50 56 63 63 67 61 41 41 49 50 50 39 28 25 25 24 21 21 19 16 8 359 354 351 347 342 338 333 331 332 336 338 337 333 327 321 317 313 309 308 306 301 298 297 295 294 294 294 296 297 297 296 296 296 297 297 296 296 296 296 296 296 296 296 296 296 296 296 295 295 293 292 290 288 285 283 281 279 279 278 278 277 276
348 18 37 40 46 45 41 38 40 51 64 68 69 63 68 71 74 74 62 46 48 58 63 64 44 23 19 21 22 19 21 24 23 14 3 353 345 338 335 333 330 327 326 325 325 327 326 321 315 309 304 301 301 301 298 295 294 293 292 292 292 293 294 295 295 296 296 295 295 295 295 295 295 295 295 295 295 295 295 294 294 294 293 292 291 289 287 285 284 282 281 280 279 278 278 277
326 2 44 52 57 55 51 49 51 55 64 76 87 88 86 85 83 76 64 55 53 58 61 54 25 12 16 21 24 26 30 32 26 16 4 354 341 329 325 325 325 324 323 321 317 314 311 307 302 297 296 296 296 297 296 294 293 293 293 292 291 290 291 292 293 294 294 294 294 294 294 294 294 294 293 293 293 293 293 293 293 292 291 290 289 288 287 286 284 283 281 281 280 279 278 277
309 352 63 69 73 72 71 68 65 65 68 75 82 91 92 89 84 76 68 59 53 51 49 41 24 19 24 27 31 35 36 33 24 14 2 351 339 328 320 317 318 319 320 319 317 314 309 305 301 299 299 298 297 296 296 295 293 292 293 293 292 290 290 290 291 292 293 293 293 293 293 292 292 292 292 292 292 292 292 292 291 291 290 290 289 287 286 285 284 283 282 281 280 279 279 278
328 10 64 73 77 78 80 79 76 74 75 76 79 88 92 87 82 79 69 57 53 53 51 45 38 36 38 38 40 45 47 44 31 7 349 340 334 328 320 315 314 315 316 317 317 314 310 307 304 302 301 301 300 299 297 296 294 291 293 294 294 292 290 290 291 293 293 293 293 291 291 291 291 291 291 291 291 291 291 290 290 290 289 289 288 287 286 285 284 283 282 281 280 279 278 278
2 28 62 71 75 77 79 79 78 78 77 75 74 75 76 75 70 67 58 54 59 62 59 53 51 50 50 51 54 59 62 61 43 351 320 314 315 316 314 313 312 311 312 313 313 311 307 306 305 304 302 301 300 298 296 296 295 293 293 294 293 292 291 290 291 293 293 293 292 290 289 289 290 290 290 290 289 290 289 289 289 289 288 288 287 286 286 285 284 283 282 281 280 279 279 278
27 41 61 67 70 73 76 76 76 76 74 72 68 62 56 55 56 53 47 51 60 61 59 58 58 59 62 65 67 69 69 63 43 341 300 292 295 301 304 306 307 307 308 310 311 312 311 310 308 305 303 301 300 298 296 296 296 294 293 293 295 294 292 290 290 292 293 292 290 287 286 288 289 289 288 288 288 288 288 288 288 288 288 287 287 286 285 284 283 283 282 281 280 279 278 278
41 47 58 64 67 70 72 73 74 74 73 72 68 62 59 58 57 54 51 57 61 57 59 62 62 62 66 71 71 70 69 63 45 340 297 288 287 289 292 295 299 302 303 305 309 310 310 309 308 305 303 300 300 300 299 298 297 295 294 294 296 297 294 291 290 290 291 290 288 285 284 286 288 287 287 287 287 287 288 288 288 287 287 287 286 286 285 284 283 282 281 281 280 279 278 277
47 49 56 62 66 69 72 73 74 76 77 76 76 80 83 81 75 69 69 72 65 58 59 61 61 60 62 65 65 70 73 69 46 340 301 289 285 284 285 289 294 297 299 301 304 306 306 305 306 305 303 301 300 300 299 298 297 296 294 294 294 294 293 291 290 289 289 290 289 286 284 283 284 285 283 283 285 286 287 287 287 287 287 287 286 285 284 283 283 282 281 280 279 278 277 276
51 52 56 60 65 69 72 73 74 77 80 84 89 93 96 95 91 86 82 76 68 64 62 60 58 56 59 61 61 67 71 64 28 339 306 291 289 289 289 291 294 296 297 299 302 304 305 306 307 307 306 304 302 300 298 297 297 296 294 293 292 292 291 290 289 288 289 291 290 287 283 280 279 281 281 282 285 286 285 285 287 288 288 287 286 285 284 283 282 281 280 280 278 277 276 275
54 53 54 58 62 65 68 69 70 72 75 77 80 83 88 91 89 85 79 72 67 68 64 57 54 54 55 57 59 61 58 47 18 344 313 300 298 297 294 294 295 296 297 298 300 303 305 306 307 307 307 306 305 302 300 298 297 295 293 292 291 291 291 290 289 288 288 290 290 285 282 280 279 280 283 284 285 285 284 284 288 290 289 287 286 285 284 283 282 281 280 278 277 276 276 275
54 52 52 55 59 61 63 62 60 60 60 59 61 65 72 79 82 80 76 69 66 67 65 55 50 51 52 51 53 56 52 42 22 349 320 310 309 304 297 295 296 296 297 299 301 303 306 307 307 307 304 303 303 302 301 299 298 296 293 291 290 290 291 290 290 289 287 288 290 286 281 280 280 280 281 282 284 286 287 287 288 291 291 289 287 285 284 282 281 280 279 277 276 276 275 274
53 51 50 53 55 53 51 49 47 50 54 57 58 60 65 70 73 72 69 66 65 67 66 56 48 48 48 44 46 53 51 43 23 348 327 320 316 309 301 300 300 298 297 300 302 303 306 308 309 308 305 302 301 301 300 299 297 296 295 294 291 290 291 291 288 287 286 286 288 288 283 279 280 280 280 281 283 286 288 286 284 287 291 291 288 285 283 282 280 279 277 277 276 275 275 273
53 51 49 50 48 47 46 46 49 54 58 60 59 59 63 66 66 59 55 58 64 69 67 57 47 44 44 41 45 53 49 38 22 352 335 327 320 311 308 309 304 297 297 301 303 303 306 309 309 309 308 306 304 302 300 299 298 297 297 297 294 291 290 290 287 285 286 286 287 288 283 279 279 281 282 281 282 283 284 283 282 283 288 292 290 286 283 281 279 278 277 276 275 275 274 272
51 49 49 50 51 53 55 57 58 59 61 61 58 58 61 65 62 48 44 51 61 70 68 57 46 40 40 38 42 49 47 35 23 4 347 331 319 313 314 316 307 299 299 301 302 303 306 309 310 309 308 307 306 304 302 301 299 296 296 297 296 291 289 288 286 284 285 287 287 287 286 282 281 281 281 280 280 279 280 281 281 282 284 289 289 287 283 280 278 276 275 274 274 274 273 271
50 50 52 55 57 59 60 61 61 59 59 62 61 58 60 63 57 36 35 46 56 66 68 54 43 39 35 30 34 42 45 38 23 9 355 339 325 320 321 319 312 307 304 302 302 303 304 308 309 309 308 307 306 303 302 302 301 297 294 296 296 292 288 288 287 285 284 286 287 288 289 285 281 279 279 279 277 276 276 278 280 281 282 285 287 285 281 278 276 274 273 272 273 273 272 269
53 54 56 58 59 58 57 57 57 56 54 57 59 56 57 62 56 29 26 37 46 56 62 50 39 42 36 26 27 35 41 39 25 7 353 345 336 330 326 319 313 307 302 303 307 306 304 304 307 308 308 309 309 305 302 303 303 299 296 296 296 294 290 289 289 287 285 285 287 288 288 284 281 279 278 277 277 276 275 275 278 281 282 283 284 283 278 275 272 269 271 274 275 273 271 268
56 56 57 58 59 59 57 55 53 50 48 52 55 52 54 61 54 21 13 25 36 47 56 53 41 46 43 34 27 28 35 37 31 12 354 346 342 338 329 319 311 301 298 303 310 309 305 304 305 307 308 311 312 308 304 303 304 302 298 296 298 297 292 290 291 290 287 286 287 289 289 286 284 281 278 276 277 278 276 274 275 278 280 279 280 278 273 270 267 268 275 280 278 273 269 266
54 54 56 56 56 56 56 54 51 48 47 51 52 47 51 59 51 12 359 16 28 40 48 50 43 41 40 37 34 26 27 33 34 25 4 345 338 335 329 323 313 303 302 306 312 312 310 310 309 308 309 312 313 310 306 304 305 304 300 297 298 299 296 293 294 293 290 288 288 289 290 287 285 283 279 276 276 278 277 274 273 275 277 277 277 275 269 267 268 274 280 283 278 270 264 263
51 52 52 52 52 51 51 52 51 50 51 51 46 41 47 57 51 13 352 8 24 32 37 40 41 38 35 32 33 26 18 25 32 32 16 350 335 332 329 323 314 309 310 311 314 315 316 315 311 310 311 313 315 313 308 305 305 304 302 299 299 301 298 295 295 296 293 290 288 288 288 285 282 281 281 278 275 276 277 276 273 273 275 276 274 271 268 270 274 279 281 279 273 265 263 266
48 50 51 51 51 50 49 47 48 50 53 51 41 36 44 56 54 20 353 1 17 23 25 31 36 38 34 31 36 26 11 14 25 32 22 352 338 336 331 323 316 315 316 315 315 318 317 313 309 310 312 315 318 316 310 306 304 305 303 300 300 301 300 297 296 297 296 292 290 289 288 285 281 279 281 280 277 274 274 275 273 274 276 273 269 269 271 274 277 279 278 274 268 265 268 271
47 49 52 52 52 51 47 43 44 47 53 50 36 31 44 56 57 25 351 350 4 12 17 23 29 31 31 31 34 28 13 10 17 22 16 356 343 339 332 327 325 323 322 318 316 317 317 314 313 313 315 320 322 320 315 308 305 305 304 302 302 304 303 299 298 299 298 296 293 291 290 289 284 279 278 280 280 275 272 273 274 275 276 272 268 269 274 276 277 277 274 270 268 269 272 271
49 50 52 53 53 50 45 42 44 46 51 49 33 28 41 53 58 36 348 338 348 2 12 18 21 24 22 21 26 28 22 11 7 10 13 10 0 349 340 335 334 333 328 321 317 318 318 319 319 318 318 322 324 324 320 312 307 306 306 304 303 306 306 303 302 303 302 299 295 293 292 291 288 282 278 278 279 276 273 274 275 275 275 273 272 274 277 277 277 275 272 270 269 269 271 270
49 49 50 54 54 49 45 46 49 50 51 51 36 28 39 50 56 49 1 329 326 348 10 18 20 20 16 16 21 23 18 9 3 6 15 20 14 1 353 350 349 343 335 327 323 322 321 320 320 320 319 322 324 325 323 315 308 306 307 305 304 307 306 304 304 303 303 301 296 293 293 293 292 288 281 276 275 275 275 275 274 272 272 273 276 278 279 278 276 274 271 269 266 265 268 272
48 47 48 53 56 52 51 53 56 52 51 54 41 27 35 47 55 55 31 341 314 320 359 20 24 23 22 22 21 18 16 11 9 15 22 24 20 10 3 2 1 355 346 339 335 332 328 324 324 322 321 322 325 327 325 318 310 307 308 307 305 306 304 299 295 292 293 297 296 293 293 295 295 293 287 278 273 272 273 273 272 271 272 275 278 281 282 279 275 272 270 266 261 262 270 279
46 45 44 45 46 46 49 54 59 54 49 56 49 24 28 41 52 56 47 22 334 291 294 29 37 32 27 26 26 23 21 23 24 24 27 25 20 16 8 4 6 2 355 347 342 337 333 331 331 327 323 323 326 329 329 322 312 308 308 306 303 301 296 286 277 276 281 290 296 294 293 294 295 294 292 286 277 271 270 271 271 272 274 277 281 284 284 280 275 272 270 265 261 266 275 284
40 40 39 36 36 36 38 45 52 52 49 59 55 24 22 36 50 56 54 45 30 332 232 183 97 60 41 36 35 31 25 29 30 28 30 27 20 19 8 357 359 2 1 352 340 332 329 330 331 328 324 322 326 331 330 324 314 309 308 303 297 290 281 278 279 282 285 292 298 297 294 294 294 295 295 293 286 277 272 270 270 273 277 282 284 286 285 280 275 273 271 265 264 271 279 286
38 40 40 35 34 35 36 40 46 47 49 62 63 31 23 37 49 54 55 56 54 51 79 169 162 137 110 74 53 36 24 31 36 32 33 30 20 19 13 356 351 356 1 358 343 329 324 325 327 326 323 323 328 332 329 323 312 304 301 296 288 283 285 291 294 293 292 293 297 300 296 293 294 294 296 297 295 289 281 276 273 274 280 284 285 285 284 278 275 273 271 268 268 275 283 288
40 42 42 37 36 38 38 39 44 44 46 60 66 44 34 45 51 51 52 57 62 64 62 70 97 136 155 115 46 21 18 36 41 35 35 35 23 18 16 1 349 349 357 0 352 338 328 326 328 327 325 326 331 333 330 325 314 301 295 293 292 296 300 303 302 299 295 292 291 295 295 291 290 292 295 299 302 299 292 287 281 276 276 280 281 281 280 275 273 274 275 279 278 279 284 289
36 39 39 35 33 36 38 39 41 40 43 55 62 53 49 56 54 48 46 48 54 62 60 52 45 35 16 10 11 7 15 40 47 39 37 38 26 16 15 4 351 346 351 357 356 345 334 329 329 328 326 329 333 335 334 331 324 314 308 309 310 309 309 309 305 300 296 292 288 288 290 288 288 291 294 298 302 303 298 293 288 280 274 273 277 279 277 273 273 277 284 290 286 284 285 288
32 37 39 34 31 35 38 38 39 38 40 49 56 56 55 57 50 45 42 43 48 52 50 37 26 19 18 17 15 7 12 38 49 43 38 40 31 16 10 4 352 344 345 352 355 347 339 336 334 331 328 329 334 337 337 334 330 322 317 319 318 314 311 309 304 300 296 293 289 286 287 288 290 292 294 297 301 302 300 296 293 287 278 274 275 277 277 276 276 280 288 294 289 287 288 287
32 37 40 35 31 33 36 38 37 36 36 42 47 51 56 54 41 39 42 41 41 40 36 27 28 30 33 38 30 7 5 33 46 41 39 43 37 23 6 359 349 338 336 344 350 348 342 339 338 334 330 331 336 338 338 336 331 323 318 318 317 314 311 307 304 300 297 294 290 287 285 285 288 291 293 296 301 304 304 303 302 297 290 283 280 283 288 288 286 285 290 294 291 289 289 286
31 36 40 36 31 31 35 37 36 34 32 34 37 42 48 52 42 38 38 37 33 36 40 39 43 50 53 55 45 10 355 27 43 40 40 44 45 33 12 357 342 329 325 331 341 346 343 340 339 334 331 333 339 341 341 340 334 325 318 317 316 314 312 309 305 302 299 296 292 289 285 281 281 285 289 291 298 304 304 305 306 303 300 295 290 292 298 300 296 291 292 294 294 290 285 282
32 38 44 41 35 37 41 41 39 35 31 28 29 33 39 44 45 41 42 45 43 51 57 57 59 61 59 55 53 46 326 6 40 42 42 44 45 42 25 4 339 322 314 316 326 338 344 345 342 337 335 337 342 344 343 342 336 327 321 319 319 318 315 311 308 304 301 299 296 292 286 280 278 279 283 286 292 299 298 300 302 303 303 300 295 296 300 300 297 293 292 293 292 288 281 279
35 40 45 43 38 42 48 52 49 42 36 32 32 33 35 40 45 50 56 62 68 71 68 63 62 63 62 54 51 52 76 248 20 41 42 44 44 41 30 12 349 326 312 309 313 324 340 349 347 341 341 343 346 345 344 341 336 331 325 322 321 320 317 313 310 306 303 301 298 294 288 283 279 277 279 283 290 295 296 296 299 301 302 300 297 297 298 296 293 293 291 288 286 285 279 274
36 38 41 42 38 40 44 50 57 59 55 50 47 46 45 45 53 63 70 75 77 79 76 70 66 64 59 56 56 54 62 137 262 20 40 44 43 38 28 15 1 343 329 317 312 316 329 345 349 345 345 349 351 347 344 341 337 332 326 324 321 318 316 314 311 308 306 304 301 298 292 287 282 278 278 281 287 295 296 295 299 304 305 302 299 297 297 299 296 294 292 286 282 281 276 267
