windninja/windninja_output/Output_2025-10-23_1800-1850_Google earth_Fire_150m_10min/merlingen_7.5mi_point_10-23-2025_1810_150m_vel.asc
ncols	158
nrows	163
xllcorner	391686.332397
yllcorner	5160024.123721
cellsize	150.000000
NODATA_value	-32768.000000
[rows 114 to 151 of 163, columns 0 to 83 of 158]
1.39 1.19 0.97 0.93 0.99 0.99 1.00 1.00 0.94 0.96 1.27 1.77 1.84 1.59 1.73 2.05 1.78 1.54 1.59 1.56 1.65 1.85 1.77 1.47 1.84 2.39 2.51 2.43 2.52 2.64 2.76 3.46 4.44 5.51 5.87 4.87 3.81 3.27 2.75 2.35 2.23 2.94 3.93 4.12 3.40 2.83 2.79 2.77 2.64 2.55 2.44 2.28 2.21 2.25 2.36 2.40 2.31 2.31 2.49 2.61 2.46 2.24 2.39 2.71 2.61 2.52 2.64 2.71 2.76 2.63 2.54 2.81 3.11 3.13 3.31 3.70 3.83 3.73 3.59 3.75 4.29 4.24 3.52 3.15
1.49 1.30 1.12 1.09 1.10 1.08 1.05 0.97 0.92 1.15 1.68 2.08 1.85 1.48 1.78 2.41 2.29 1.84 1.63 1.51 1.65 1.85 1.99 2.23 2.53 2.67 2.53 2.41 2.78 2.78 2.52 3.11 4.46 5.63 5.69 4.86 4.00 3.38 2.79 2.36 2.65 3.68 4.28 4.07 3.55 3.24 3.07 2.80 2.64 2.59 2.47 2.36 2.24 2.17 2.27 2.33 2.27 2.25 2.38 2.57 2.45 2.23 2.36 2.69 2.68 2.47 2.52 2.68 2.77 2.69 2.62 2.78 3.09 3.17 3.18 3.54 3.88 3.89 3.60 3.58 4.24 4.39 3.69 3.17
1.59 1.40 1.22 1.13 1.10 1.07 1.01 0.96 1.10 1.55 2.15 2.22 1.72 1.41 1.95 2.80 2.52 1.81 1.65 1.75 2.01 2.30 2.59 2.83 2.85 2.77 2.46 2.37 3.01 3.10 2.81 3.11 4.08 5.33 5.74 5.08 4.27 3.37 2.94 2.99 3.46 4.21 4.18 3.81 3.62 3.23 2.72 2.45 2.55 2.63 2.58 2.47 2.28 2.14 2.13 2.20 2.24 2.24 2.32 2.49 2.40 2.23 2.36 2.67 2.72 2.44 2.41 2.61 2.72 2.70 2.64 2.71 3.04 3.34 3.28 3.38 3.71 3.95 3.76 3.56 4.11 4.48 3.75 3.07
1.61 1.41 1.16 1.04 1.03 1.04 1.05 1.16 1.53 1.98 2.34 2.13 1.59 1.48 2.20 2.89 2.39 1.77 1.96 2.38 2.68 2.95 3.11 3.15 3.13 3.13 2.85 2.66 3.43 3.33 2.92 3.08 3.73 5.19 5.99 5.49 4.45 3.38 3.24 3.85 4.27 4.25 3.83 3.65 3.53 2.98 2.64 2.69 2.84 2.90 2.83 2.59 2.33 2.12 1.99 2.11 2.26 2.25 2.28 2.41 2.39 2.26 2.38 2.68 2.69 2.40 2.36 2.54 2.63 2.65 2.62 2.65 2.90 3.31 3.55 3.52 3.48 3.75 3.88 3.75 4.14 4.49 3.69 2.86
1.63 1.41 1.11 1.03 1.08 1.14 1.22 1.44 1.85 2.13 2.25 1.98 1.61 1.68 2.23 2.76 2.54 2.05 2.31 2.65 2.82 2.98 3.07 3.18 3.38 3.53 3.65 3.92 4.05 3.73 3.46 3.79 4.74 6.33 6.35 5.42 4.73 3.80 3.96 4.59 4.40 3.93 3.58 3.46 3.34 3.12 3.01 3.09 3.14 3.06 2.86 2.51 2.26 2.06 1.93 2.05 2.22 2.23 2.25 2.37 2.42 2.33 2.45 2.67 2.60 2.39 2.33 2.43 2.53 2.62 2.62 2.59 2.70 3.08 3.60 3.75 3.45 3.51 3.82 3.95 4.27 4.39 3.61 2.77
1.74 1.50 1.16 1.07 1.16 1.24 1.35 1.59 1.93 2.07 2.10 1.99 1.75 1.83 2.07 2.56 2.90 2.51 2.35 2.46 2.57 2.69 2.89 3.17 3.48 3.67 3.86 4.12 4.26 4.50 5.26 6.01 6.68 6.92 5.81 4.67 4.27 4.36 4.74 4.77 4.17 3.69 3.47 3.51 3.61 3.46 3.17 3.11 3.06 2.85 2.58 2.28 2.10 1.96 1.85 1.93 2.12 2.23 2.26 2.36 2.47 2.41 2.48 2.60 2.45 2.32 2.26 2.25 2.42 2.63 2.65 2.53 2.56 2.83 3.36 3.76 3.67 3.56 3.80 4.05 4.28 4.29 3.64 2.96
1.83 1.60 1.26 1.16 1.18 1.17 1.31 1.63 1.99 1.98 1.95 2.17 2.00 1.91 1.96 2.47 3.08 2.86 2.39 2.32 2.38 2.50 2.80 3.18 3.48 3.67 3.75 3.82 4.38 5.29 5.95 6.21 6.17 5.67 4.81 4.24 3.91 4.17 4.34 3.99 3.73 3.63 3.72 3.88 3.83 3.54 3.34 3.29 3.06 2.70 2.44 2.20 2.03 1.92 1.78 1.77 2.03 2.26 2.27 2.38 2.53 2.40 2.34 2.32 2.08 2.16 2.22 2.08 2.28 2.65 2.68 2.53 2.52 2.66 2.98 3.42 3.74 3.82 3.94 4.13 4.21 4.22 3.73 3.22
1.89 1.68 1.48 1.53 1.51 1.38 1.46 1.76 2.04 1.91 1.87 2.41 2.28 2.03 2.08 2.44 3.04 3.01 2.44 2.16 2.14 2.33 2.66 3.06 3.50 3.73 3.76 3.99 4.97 5.92 5.87 5.39 5.12 4.75 4.49 4.16 3.74 3.61 3.17 2.99 3.08 3.20 3.46 3.47 3.30 3.22 3.28 3.19 2.83 2.55 2.31 2.12 2.02 1.90 1.74 1.71 2.04 2.27 2.24 2.36 2.41 2.07 1.90 1.90 1.83 2.16 2.42 2.18 2.20 2.59 2.67 2.55 2.57 2.61 2.66 2.89 3.39 3.86 4.15 4.27 4.26 4.25 3.87 3.49
1.92 1.78 1.74 1.83 1.82 1.82 1.86 1.95 2.07 1.86 1.87 2.67 2.57 2.08 2.02 2.24 2.83 2.91 2.17 1.81 1.92 2.27 2.57 2.94 3.54 3.70 3.78 4.37 5.71 6.44 5.80 5.30 5.01 4.39 4.29 4.07 3.53 3.31 2.86 2.61 2.56 2.57 2.78 2.79 2.75 2.84 2.81 2.50 2.30 2.18 2.07 2.04 1.93 1.76 1.68 1.73 2.00 2.18 2.12 2.15 1.96 1.61 1.60 1.71 1.83 2.36 2.76 2.54 2.36 2.42 2.54 2.57 2.65 2.64 2.51 2.48 2.79 3.43 4.05 4.36 4.48 4.49 4.11 3.77
1.78 1.66 1.63 1.65 1.62 1.70 1.82 1.91 2.00 1.86 2.00 2.92 2.70 1.85 1.70 1.99 2.47 2.64 2.09 1.76 1.96 2.28 2.52 2.95 3.54 3.74 3.84 4.75 6.69 7.00 5.61 5.03 4.72 4.09 4.11 4.02 3.39 3.19 2.97 2.52 2.36 2.37 2.45 2.59 2.71 2.77 2.62 2.25 2.05 1.97 2.01 2.00 1.77 1.61 1.56 1.52 1.65 1.86 1.81 1.72 1.50 1.43 1.62 1.77 1.96 2.52 2.90 2.84 2.57 2.31 2.35 2.57 2.68 2.64 2.50 2.34 2.36 2.83 3.53 4.04 4.49 4.82 4.53 3.94
1.69 1.58 1.51 1.47 1.46 1.57 1.67 1.73 1.91 1.92 2.20 2.80 2.26 1.47 1.48 1.82 2.11 2.29 2.21 2.09 2.25 2.47 2.67 3.07 3.49 3.72 4.17 6.01 8.34 7.31 4.96 4.52 4.48 4.04 3.96 3.91 3.32 3.10 3.00 2.51 2.32 2.27 2.22 2.49 2.78 2.81 2.67 2.36 2.07 2.04 2.09 1.96 1.67 1.54 1.44 1.27 1.25 1.50 1.60 1.38 1.30 1.61 1.86 1.94 2.19 2.60 2.81 2.87 2.76 2.30 2.21 2.52 2.69 2.64 2.58 2.40 2.29 2.54 3.05 3.44 3.97 4.84 4.97 4.14
1.67 1.61 1.58 1.58 1.60 1.64 1.65 1.74 2.04 2.11 2.26 2.45 1.88 1.24 1.37 1.69 1.89 1.96 2.13 2.50 2.93 3.10 3.09 3.30 3.88 4.49 6.12 9.10 8.94 6.18 4.10 4.01 4.30 3.91 3.69 3.79 3.36 3.04 2.99 2.59 2.26 2.12 2.09 2.38 2.80 2.88 2.76 2.42 2.13 2.08 1.98 1.78 1.59 1.49 1.38 1.22 1.17 1.38 1.59 1.42 1.50 1.93 2.04 2.03 2.29 2.57 2.63 2.72 2.77 2.54 2.31 2.55 2.79 2.73 2.68 2.56 2.44 2.50 2.78 3.07 3.31 4.30 5.05 4.60
1.53 1.50 1.52 1.58 1.60 1.60 1.65 1.94 2.21 2.19 2.14 2.14 1.75 1.32 1.53 1.77 1.78 1.79 2.08 2.57 3.26 4.19 4.32 4.45 6.23 8.15 9.00 9.02 6.83 4.43 3.70 3.75 4.08 3.72 3.52 3.72 3.40 2.96 2.82 2.53 2.20 2.06 2.10 2.33 2.81 3.11 2.94 2.49 2.17 1.99 1.80 1.59 1.43 1.34 1.24 1.12 1.08 1.31 1.65 1.68 1.80 2.01 1.98 1.99 2.24 2.45 2.49 2.54 2.63 2.64 2.64 2.84 2.99 2.92 2.82 2.74 2.61 2.52 2.67 2.89 3.02 3.67 4.51 4.70
1.52 1.48 1.51 1.55 1.58 1.66 1.85 2.18 2.27 2.16 2.00 1.95 1.91 1.85 2.08 2.02 1.85 2.01 2.43 3.09 4.61 6.34 6.96 7.22 7.76 8.39 7.65 5.71 4.36 3.64 3.45 3.65 3.91 3.62 3.44 3.55 3.32 2.95 2.61 2.41 2.19 2.04 2.17 2.40 2.84 3.26 2.97 2.34 1.94 1.74 1.63 1.47 1.26 1.15 1.09 0.99 0.97 1.30 1.71 1.76 1.77 1.83 1.82 1.93 2.17 2.34 2.38 2.40 2.47 2.57 2.83 3.15 3.22 3.10 3.01 2.96 2.70 2.62 2.82 2.92 3.02 3.45 3.86 4.19
1.56 1.51 1.50 1.51 1.56 1.71 1.98 2.21 2.23 2.09 1.98 2.09 2.33 2.45 2.49 2.25 2.18 2.65 3.79 6.52 8.05 7.69 7.09 6.52 6.21 5.72 4.83 3.95 3.38 3.13 3.28 3.66 3.76 3.39 3.16 3.23 3.22 2.89 2.42 2.30 2.22 2.19 2.36 2.55 2.91 3.28 2.95 2.08 1.60 1.51 1.46 1.31 1.15 1.08 1.01 0.94 0.97 1.32 1.67 1.67 1.65 1.69 1.74 1.92 2.11 2.25 2.28 2.29 2.37 2.48 2.81 3.29 3.50 3.32 3.16 3.15 2.90 2.82 3.03 3.13 3.27 3.46 3.53 3.74
1.51 1.41 1.33 1.34 1.38 1.54 1.83 2.08 2.09 2.02 2.09 2.34 2.49 2.54 2.59 2.81 3.06 4.07 6.80 9.08 8.07 5.93 4.94 4.37 4.42 4.59 4.26 3.56 2.99 2.98 3.27 3.45 3.33 2.97 2.80 2.98 3.07 2.67 2.30 2.30 2.35 2.42 2.56 2.77 3.06 3.26 2.91 1.99 1.57 1.54 1.42 1.20 1.02 0.96 0.91 0.89 0.98 1.26 1.54 1.60 1.61 1.64 1.74 1.89 2.05 2.17 2.19 2.21 2.29 2.42 2.72 3.21 3.62 3.61 3.40 3.42 3.25 2.95 3.06 3.34 3.50 3.54 3.49 3.52
1.52 1.41 1.34 1.35 1.36 1.49 1.72 1.89 1.94 1.96 2.09 2.15 2.10 2.23 2.52 3.24 4.60 6.60 8.39 7.89 5.36 4.19 4.04 4.02 4.31 4.64 4.10 3.23 3.07 3.23 3.26 3.09 2.86 2.68 2.61 2.73 2.84 2.61 2.38 2.43 2.54 2.65 2.88 3.14 3.32 3.25 2.72 1.89 1.59 1.52 1.25 1.00 0.83 0.78 0.78 0.83 0.93 1.16 1.44 1.58 1.57 1.59 1.71 1.85 1.99 2.09 2.14 2.17 2.21 2.34 2.63 3.10 3.54 3.74 3.75 3.82 3.64 3.15 3.20 3.54 3.65 3.66 3.48 3.27
1.63 1.55 1.50 1.47 1.48 1.67 1.80 1.79 1.85 1.90 1.89 1.80 1.77 2.00 2.52 3.47 5.45 7.33 7.16 5.09 4.17 4.04 3.98 4.01 4.39 4.57 3.66 3.19 3.26 3.30 3.23 3.08 2.86 2.62 2.54 2.65 2.81 2.88 2.71 2.69 2.90 3.08 3.29 3.46 3.41 2.95 2.24 1.64 1.48 1.31 0.93 0.70 0.67 0.67 0.68 0.73 0.78 1.03 1.35 1.48 1.48 1.55 1.67 1.82 1.93 2.03 2.12 2.12 2.15 2.24 2.56 3.03 3.35 3.69 3.99 4.21 4.10 3.49 3.36 3.75 4.00 3.80 3.33 3.02
1.62 1.52 1.45 1.47 1.63 1.89 1.96 1.88 1.88 1.90 1.78 1.72 1.81 2.14 2.84 3.81 5.95 7.19 5.79 4.30 4.13 4.10 4.08 4.19 4.46 4.35 3.43 3.03 3.05 2.89 2.86 2.85 2.66 2.55 2.69 2.92 3.13 3.25 3.10 3.13 3.44 3.54 3.53 3.60 3.27 2.37 1.65 1.38 1.31 1.04 0.61 0.49 0.55 0.60 0.62 0.65 0.70 0.94 1.25 1.36 1.44 1.64 1.67 1.77 1.91 1.99 2.11 2.12 2.09 2.18 2.54 2.94 3.14 3.60 4.07 4.44 4.65 3.92 3.44 3.96 4.26 3.79 3.15 2.97
1.57 1.44 1.41 1.55 1.82 2.00 1.97 1.98 2.09 2.14 2.07 2.00 2.04 2.50 3.24 4.68 7.07 7.34 5.88 4.76 4.56 4.45 4.41 4.40 4.23 3.75 3.16 2.92 2.86 2.67 2.55 2.51 2.42 2.62 2.99 3.20 3.33 3.31 3.14 3.36 3.67 3.63 3.59 3.55 2.96 1.98 1.47 1.27 1.06 0.67 0.37 0.37 0.45 0.53 0.58 0.61 0.66 0.91 1.22 1.36 1.57 1.76 1.67 1.71 1.89 1.97 2.09 2.15 2.07 2.18 2.53 2.82 3.00 3.42 4.02 4.68 5.09 4.27 3.56 4.04 4.30 3.65 2.99 2.82
1.68 1.60 1.64 1.78 1.97 1.97 1.94 2.09 2.26 2.41 2.56 2.51 2.65 3.14 4.56 7.19 8.16 7.14 5.65 4.92 4.70 4.50 4.28 3.99 3.49 3.13 3.04 3.03 2.98 2.85 2.69 2.60 2.60 2.83 3.05 3.14 3.19 3.04 3.03 3.46 3.70 3.54 3.48 3.16 2.26 1.68 1.42 1.13 0.74 0.46 0.34 0.37 0.41 0.47 0.53 0.54 0.62 0.92 1.23 1.42 1.66 1.72 1.61 1.66 1.84 1.97 2.06 2.18 2.23 2.29 2.48 2.74 2.93 3.09 3.78 4.82 5.36 4.70 3.82 4.02 4.22 3.61 2.80 2.54
1.72 1.74 1.85 1.96 2.02 2.01 2.05 2.20 2.29 2.47 2.60 2.65 2.90 3.98 6.85 8.51 7.64 6.13 5.13 4.67 4.33 3.87 3.61 3.26 2.89 2.83 2.96 3.12 3.19 3.17 3.02 2.92 2.96 3.01 3.00 3.01 2.89 2.73 3.08 3.71 3.73 3.36 3.09 2.43 1.70 1.41 1.18 0.83 0.56 0.44 0.40 0.37 0.39 0.44 0.47 0.49 0.63 0.98 1.27 1.47 1.63 1.62 1.59 1.65 1.78 1.94 2.00 2.20 2.53 2.57 2.55 2.70 2.82 2.83 3.41 4.56 5.37 5.21 4.23 4.04 4.01 3.47 2.88 2.63
1.65 1.73 1.83 1.86 1.93 2.01 2.09 2.12 2.12 2.21 2.27 2.42 2.72 4.43 7.60 7.72 6.11 5.46 4.82 4.39 3.87 3.21 3.00 2.95 2.83 2.80 2.93 3.19 3.41 3.38 3.16 3.03 3.06 3.02 3.07 3.09 2.83 2.67 3.20 3.85 3.56 3.13 2.67 1.73 1.29 1.06 0.79 0.50 0.39 0.36 0.31 0.28 0.36 0.43 0.45 0.49 0.71 1.10 1.37 1.52 1.59 1.58 1.61 1.64 1.70 1.87 1.95 2.21 2.78 2.93 2.74 2.67 2.76 2.77 3.06 4.02 5.06 5.36 4.86 4.26 3.86 3.38 3.10 3.11
1.53 1.57 1.63 1.63 1.72 1.84 1.86 1.83 1.84 1.98 2.12 2.46 2.92 5.13 7.71 6.98 5.72 5.16 4.38 3.94 3.57 3.04 2.82 2.89 2.82 2.80 2.97 3.36 3.63 3.37 2.83 2.72 2.84 2.96 3.15 3.16 2.87 2.70 3.25 3.86 3.45 2.83 2.08 1.25 0.89 0.66 0.42 0.23 0.20 0.22 0.22 0.28 0.38 0.43 0.44 0.56 0.89 1.29 1.46 1.51 1.53 1.54 1.59 1.56 1.59 1.75 1.92 2.26 2.87 3.26 3.03 2.75 2.84 2.88 2.78 3.35 4.54 5.13 5.13 4.96 4.25 3.47 3.38 3.61
1.46 1.42 1.41 1.43 1.56 1.62 1.55 1.55 1.73 2.03 2.41 2.93 3.97 7.03 8.26 6.75 5.46 4.54 3.66 3.49 3.46 3.11 2.89 2.83 2.70 2.73 2.98 3.43 3.61 3.16 2.64 2.62 2.88 3.04 3.12 2.99 2.71 2.75 3.38 3.87 3.22 2.13 1.42 0.93 0.61 0.46 0.27 0.09 0.11 0.19 0.27 0.39 0.44 0.45 0.52 0.77 1.16 1.42 1.46 1.47 1.48 1.50 1.54 1.44 1.44 1.63 1.90 2.33 2.88 3.39 3.48 3.17 3.07 3.01 2.83 2.95 3.88 4.62 4.86 5.33 5.08 3.82 3.89 3.92
1.51 1.39 1.31 1.45 1.62 1.54 1.42 1.54 1.83 2.19 2.77 3.83 6.35 8.81 8.09 5.68 4.50 3.80 3.26 3.23 3.44 3.24 2.98 2.80 2.66 2.75 3.04 3.36 3.38 2.96 2.65 2.86 3.07 2.96 3.02 2.88 2.71 3.09 3.62 3.59 2.49 1.37 0.99 0.68 0.44 0.37 0.25 0.09 0.13 0.25 0.39 0.50 0.51 0.57 0.80 1.13 1.39 1.44 1.43 1.45 1.44 1.48 1.47 1.28 1.29 1.56 1.91 2.40 2.89 3.34 3.77 3.83 3.47 3.19 3.03 2.94 3.32 4.06 4.37 5.14 5.54 4.92 4.74 4.06
1.59 1.46 1.42 1.61 1.65 1.59 1.70 1.89 2.02 2.57 3.38 5.03 8.40 8.80 5.97 4.18 3.73 3.37 3.02 3.18 3.49 3.40 3.06 2.82 2.77 2.93 3.11 3.20 3.17 2.88 2.74 2.98 2.99 2.89 3.20 3.18 3.05 3.30 3.31 2.72 1.62 0.96 0.76 0.51 0.37 0.37 0.28 0.17 0.22 0.36 0.49 0.59 0.64 0.85 1.19 1.41 1.43 1.40 1.42 1.42 1.42 1.52 1.43 1.18 1.21 1.56 1.98 2.45 2.87 3.32 3.85 4.17 3.87 3.39 3.24 2.93 2.89 3.62 4.14 4.85 5.83 5.90 4.98 3.77
1.62 1.51 1.45 1.47 1.43 1.63 2.09 2.33 2.51 3.41 4.47 7.01 8.84 6.65 4.03 3.54 3.35 3.23 3.22 3.55 3.74 3.56 3.21 3.06 3.04 3.11 3.14 3.02 2.97 2.82 2.81 2.97 3.01 3.17 3.46 3.34 3.17 3.06 2.53 1.66 1.01 0.74 0.62 0.45 0.39 0.38 0.30 0.26 0.35 0.45 0.52 0.68 0.89 1.19 1.47 1.49 1.43 1.43 1.44 1.45 1.53 1.61 1.48 1.31 1.47 1.88 2.29 2.59 2.91 3.44 3.83 4.09 4.21 3.99 3.55 2.77 2.49 3.31 4.20 5.00 6.21 6.27 4.76 3.54
1.63 1.46 1.27 1.23 1.38 1.78 2.18 2.51 3.19 3.97 5.33 8.24 8.16 4.38 3.30 3.31 3.26 3.54 3.79 3.95 3.85 3.55 3.38 3.42 3.47 3.36 3.14 2.83 2.72 2.77 2.86 3.06 3.22 3.34 3.39 3.17 2.88 2.46 1.71 0.95 0.65 0.61 0.53 0.43 0.39 0.37 0.33 0.36 0.44 0.48 0.56 0.88 1.26 1.45 1.57 1.50 1.40 1.46 1.51 1.60 1.71 1.72 1.63 1.65 1.94 2.38 2.68 2.84 3.10 3.47 3.67 3.84 4.46 4.63 3.57 2.46 2.24 3.14 4.39 5.56 6.17 5.95 5.12 4.02
1.76 1.55 1.37 1.39 1.60 1.88 2.20 2.65 3.43 3.92 5.70 7.50 6.04 3.73 3.35 3.38 3.52 4.02 4.21 3.77 3.40 3.30 3.34 3.50 3.57 3.50 3.19 2.86 2.79 2.94 3.11 3.33 3.31 3.16 3.21 2.92 2.23 1.47 0.88 0.55 0.47 0.51 0.49 0.43 0.37 0.36 0.39 0.43 0.47 0.53 0.74 1.23 1.67 1.84 1.80 1.52 1.40 1.53 1.60 1.71 1.80 1.82 1.83 1.95 2.20 2.48 2.72 2.90 3.02 3.19 3.39 3.79 4.68 4.74 3.30 2.23 2.27 2.93 4.57 5.78 5.38 5.31 5.63 4.43
1.94 1.71 1.69 1.75 1.75 1.84 2.26 2.82 3.36 3.65 5.19 6.96 5.64 4.03 3.71 3.52 3.73 4.27 4.02 3.09 2.95 3.11 3.25 3.36 3.22 3.01 2.93 3.04 3.18 3.26 3.34 3.47 3.21 2.92 2.96 2.35 1.32 0.69 0.38 0.30 0.36 0.43 0.43 0.39 0.34 0.37 0.44 0.46 0.49 0.68 1.11 1.63 2.04 2.19 1.90 1.49 1.50 1.60 1.64 1.82 1.98 2.00 2.02 2.09 2.13 2.35 2.71 2.85 2.83 2.89 3.14 3.80 4.75 4.75 3.35 2.26 2.24 2.70 4.59 5.56 4.68 5.20 5.75 3.93
1.93 1.70 1.80 1.95 2.02 2.12 2.50 2.98 3.52 3.67 4.56 7.24 6.96 4.82 4.15 3.73 3.92 4.23 3.37 2.71 2.87 3.07 3.24 3.23 2.91 2.69 2.78 3.10 3.28 3.28 3.31 3.36 3.00 2.66 2.45 1.63 0.84 0.36 0.16 0.20 0.30 0.35 0.36 0.36 0.36 0.41 0.48 0.49 0.60 1.00 1.50 1.91 2.29 2.31 1.87 1.60 1.69 1.75 1.92 2.27 2.34 2.25 2.21 2.13 2.06 2.36 2.76 2.73 2.67 2.85 3.04 3.62 4.66 4.74 3.48 2.42 2.25 2.73 4.44 5.24 4.88 5.70 5.29 2.66
1.78 1.64 1.86 2.15 2.48 2.83 3.07 3.41 3.98 3.99 5.27 8.19 7.52 5.04 4.41 4.21 4.31 4.17 3.28 2.91 3.10 3.14 3.16 2.99 2.80 2.85 2.91 2.95 2.95 2.91 3.00 2.99 2.62 2.11 1.54 1.08 0.63 0.32 0.19 0.23 0.29 0.29 0.30 0.35 0.41 0.45 0.51 0.58 0.86 1.32 1.70 2.09 2.49 2.43 2.14 2.05 2.04 2.13 2.47 2.67 2.53 2.36 2.28 2.23 2.34 2.65 2.82 2.68 2.69 2.93 3.07 3.43 4.37 4.68 3.59 2.56 2.57 3.18 3.98 4.81 5.63 5.65 3.85 2.24
1.60 1.57 1.84 2.14 2.63 3.15 3.38 3.80 4.36 5.24 7.80 8.72 6.24 4.19 3.95 4.04 4.15 3.91 3.56 3.46 3.47 3.34 3.06 2.80 2.78 3.00 2.99 2.92 2.93 2.64 2.35 2.28 1.87 1.23 0.88 0.77 0.56 0.35 0.26 0.25 0.25 0.27 0.30 0.39 0.48 0.52 0.56 0.76 1.17 1.52 1.79 2.27 2.67 2.58 2.39 2.33 2.34 2.52 2.68 2.69 2.47 2.31 2.32 2.48 2.76 2.99 3.11 3.17 3.27 3.34 3.44 3.62 4.12 4.43 3.54 2.70 3.17 3.97 4.02 4.67 5.72 4.45 2.86 2.30
1.48 1.43 1.68 2.11 2.58 2.96 3.22 3.74 5.15 7.12 8.37 6.95 4.36 3.47 3.29 3.33 3.45 3.39 3.29 3.34 3.42 3.35 3.09 2.76 2.88 3.13 3.18 3.15 3.07 2.52 1.97 1.79 1.37 0.83 0.66 0.66 0.57 0.42 0.31 0.23 0.23 0.32 0.38 0.46 0.57 0.60 0.69 1.03 1.41 1.60 1.87 2.40 2.77 2.76 2.66 2.67 2.65 2.64 2.75 2.74 2.48 2.35 2.50 2.75 2.94 3.15 3.39 3.58 3.73 3.97 4.17 4.08 4.03 3.95 3.38 3.12 4.18 4.98 4.56 4.88 4.81 3.16 3.01 2.72
1.76 1.85 2.06 2.30 2.71 3.24 3.53 4.13 6.44 7.58 6.53 4.59 3.64 3.21 3.04 3.06 3.10 3.02 2.91 2.96 3.01 2.91 2.71 2.72 2.98 3.27 3.44 3.33 2.88 2.27 1.69 1.36 1.14 0.76 0.63 0.65 0.60 0.46 0.31 0.23 0.28 0.41 0.49 0.55 0.63 0.73 0.91 1.27 1.52 1.62 1.91 2.43 2.82 3.06 3.17 3.06 2.81 2.63 2.73 2.72 2.53 2.53 2.71 2.92 3.11 3.33 3.51 3.57 3.68 4.10 4.36 4.04 3.58 3.30 3.27 4.05 5.39 5.24 3.93 3.80 3.17 2.54 3.23 3.37
2.20 2.43 2.71 2.79 3.47 4.07 3.94 4.67 7.35 7.42 4.93 3.74 3.35 2.97 2.86 2.84 2.79 2.74 2.83 2.89 2.76 2.53 2.30 2.40 2.74 3.10 3.22 2.71 2.15 1.71 1.18 0.98 0.90 0.72 0.65 0.64 0.57 0.44 0.34 0.33 0.39 0.53 0.62 0.64 0.70 0.90 1.18 1.42 1.54 1.66 1.93 2.40 2.94 3.45 3.65 3.32 2.99 2.80 2.70 2.66 2.57 2.67 2.89 3.14 3.41 3.53 3.52 3.45 3.51 3.97 4.28 3.69 2.91 2.79 3.40 4.95 5.70 4.29 2.50 2.38 2.03 1.94 3.04 3.92
2.35 2.42 2.73 3.20 3.77 3.93 3.64 4.86 7.72 7.08 4.22 3.41 3.10 2.79 2.73 2.64 2.54 2.64 2.79 2.70 2.46 2.20 2.05 2.16 2.41 2.74 2.86 2.29 1.66 1.33 0.98 0.82 0.76 0.73 0.71 0.63 0.55 0.46 0.41 0.43 0.51 0.67 0.75 0.74 0.84 1.17 1.47 1.51 1.56 1.74 1.97 2.41 3.10 3.72 3.92 3.56 3.21 2.97 2.87 2.86 2.71 2.78 3.13 3.43 3.61 3.55 3.48 3.47 3.61 4.21 4.49 3.51 2.49 2.67 3.74 5.33 5.35 3.12 1.68 1.55 1.47 1.66 2.53 3.99
