windninja/windninja_output/Output_2025-10-23_1800-1850_Google earth_Fire_150m_10min/merlingen_7.5mi_point_10-23-2025_1840_150m_ang.asc
ncols	158
nrows	163
xllcorner	391686.332397
yllcorner	5160024.123721
cellsize	150.000000
NODATA_value	-32768.000000
[rows 90 to 134 of 163, columns 0 to 95 of 158]
78 74 66 63 61 58 54 50 46 48 53 51 42 42 44 43 45 50 57 61 56 45 35 24 10 6 23 37 43 46 49 49 49 47 47 49 47 44 43 42 39 31 21 10 360 354 351 346 337 328 323 320 319 318 316 312 306 300 300 304 307 306 304 303 302 301 301 300 300 300 300 300 301 301 302 303 304 306 307 309 312 315 316 311 304 300 297 293 293 293 289 283 279 276 277 278
73 67 58 54 53 52 47 42 39 45 51 46 36 34 34 34 37 42 51 59 52 33 26 21 12 10 24 35 41 45 47 48 48 47 45 44 40 36 32 31 33 29 20 9 357 347 343 338 330 323 318 315 315 316 318 316 311 309 307 309 311 308 304 302 301 300 299 299 299 299 299 299 299 300 300 301 302 303 304 306 307 310 312 311 307 304 301 297 293 288 281 273 274 273 272 274
67 60 49 45 43 39 31 24 25 35 44 40 32 30 31 32 32 34 41 45 40 21 21 21 15 16 27 35 40 44 46 47 47 44 40 39 37 33 27 23 26 27 22 11 355 342 334 327 318 312 308 308 309 311 315 317 313 311 308 307 309 308 304 301 299 299 298 298 297 297 297 297 298 298 298 299 300 301 302 303 303 305 306 307 305 302 299 295 289 280 268 267 270 270 270 273
64 57 46 42 40 36 28 19 18 29 36 31 23 19 20 24 23 23 35 42 37 17 16 19 16 21 30 36 40 44 47 49 49 43 36 35 34 30 25 19 17 22 22 14 358 341 328 318 311 304 300 303 307 308 310 310 305 302 299 299 301 304 302 299 298 297 297 296 296 296 296 296 296 296 297 297 298 298 299 299 300 301 301 301 299 295 293 288 280 270 265 268 271 271 271 273
58 53 45 44 45 42 34 24 17 26 34 30 22 18 18 23 26 29 40 46 36 23 19 21 20 26 31 35 39 43 47 50 49 39 31 31 30 27 22 15 8 9 14 13 3 347 332 320 312 307 304 307 311 309 306 303 297 294 293 294 295 298 298 297 296 296 295 295 295 295 295 295 295 295 295 295 296 296 296 297 297 297 297 297 295 292 289 284 277 272 271 272 273 273 273 274
49 48 46 47 50 47 40 29 22 31 40 39 34 33 33 42 44 52 54 47 36 35 31 32 29 30 32 35 37 39 42 43 40 31 25 26 27 23 18 10 1 357 2 7 3 353 342 331 321 316 313 313 314 309 303 300 298 295 294 293 293 295 296 295 295 294 294 294 294 294 293 293 293 293 294 294 294 294 294 294 294 294 294 293 292 290 287 283 279 277 276 275 275 275 275 274
35 44 47 47 49 46 40 35 35 50 63 60 55 54 60 67 67 70 64 42 41 48 49 50 42 35 33 35 35 34 36 37 36 31 24 23 23 18 11 4 355 347 348 353 354 350 344 335 327 321 316 312 310 306 301 297 296 294 293 292 292 294 294 294 293 293 293 293 293 293 292 292 292 292 292 292 292 292 292 292 292 292 292 291 289 288 286 283 281 279 278 277 276 276 275 275
12 36 48 48 51 49 45 42 45 57 69 71 71 66 70 73 77 76 64 46 47 55 61 64 49 32 28 31 33 35 39 43 41 35 28 23 19 10 3 357 349 341 338 338 338 339 335 328 320 313 308 303 302 301 297 294 292 291 290 290 290 290 291 292 292 292 292 292 291 291 291 291 291 291 290 291 291 291 291 291 290 290 289 289 288 286 285 283 281 280 279 278 277 276 276 275
350 29 55 59 62 59 54 52 53 57 66 77 87 88 86 86 84 77 63 53 51 56 62 58 32 18 23 30 36 42 48 50 45 38 30 24 15 0 349 345 341 336 332 330 327 323 318 313 306 301 298 297 296 296 294 292 291 291 291 290 288 288 288 289 290 291 291 290 290 290 290 290 289 289 289 289 289 289 289 289 289 288 288 287 286 285 284 283 281 280 279 278 277 277 276 275
334 36 69 73 75 74 72 69 66 65 68 74 81 90 92 89 83 75 66 57 52 53 53 46 28 22 29 34 40 47 50 50 45 39 30 20 8 354 339 332 330 329 327 326 325 320 314 309 305 302 300 298 297 295 294 293 291 290 291 290 289 287 287 288 289 290 290 290 290 289 289 288 288 288 288 288 288 288 288 288 287 287 287 286 285 284 283 282 281 280 279 278 277 277 276 275
359 41 70 75 78 78 79 79 76 73 74 75 78 86 91 86 81 77 67 56 55 57 55 48 39 36 40 42 46 52 56 57 54 42 24 9 359 350 337 326 322 322 322 322 322 319 314 310 306 303 301 300 299 297 295 293 291 288 290 291 290 288 287 287 288 290 290 290 289 288 287 287 287 287 287 287 287 287 287 287 286 286 285 285 284 284 283 281 281 280 279 278 277 276 275 275
26 46 68 73 75 77 78 78 77 77 76 74 73 74 75 74 71 68 59 57 64 66 61 53 50 49 50 52 56 61 65 67 63 47 10 344 339 334 328 322 319 317 316 317 316 314 310 308 306 303 301 299 297 295 293 292 291 289 289 290 289 288 287 286 287 289 290 289 288 286 285 286 286 286 286 286 286 286 286 286 285 285 285 284 283 283 282 281 280 279 279 278 277 276 275 275
42 53 66 70 72 74 76 76 76 75 74 72 68 62 58 58 59 56 50 56 64 63 58 57 56 57 60 63 65 68 70 68 61 42 342 308 308 311 314 314 312 311 311 312 313 314 313 310 308 304 301 298 297 295 292 292 291 290 288 288 290 290 288 286 286 287 289 288 286 284 283 284 286 285 285 285 284 285 285 285 285 284 284 284 283 282 281 280 280 279 278 277 277 276 275 274
50 55 63 67 69 71 72 73 74 73 73 71 68 64 62 61 60 57 55 61 63 56 58 61 60 60 64 68 69 70 70 67 58 31 327 300 293 294 298 301 304 305 306 307 310 311 310 309 307 303 300 297 297 296 294 293 292 290 288 289 291 291 289 286 285 286 286 286 284 281 280 283 284 284 283 283 284 284 284 284 284 284 283 283 282 282 281 280 279 278 278 277 276 275 274 273
53 55 60 65 68 71 72 73 74 75 76 76 77 80 84 83 77 71 71 72 65 57 58 60 59 59 61 63 64 69 73 69 54 14 321 298 290 288 290 293 298 300 301 303 305 307 306 305 304 302 299 297 296 295 294 293 292 290 289 288 288 288 287 286 284 284 284 284 283 281 279 279 281 282 281 281 282 283 284 284 284 284 284 283 282 281 281 280 279 278 277 276 275 274 273 272
56 57 59 62 67 70 72 73 74 76 80 84 88 92 95 95 91 85 81 76 68 63 61 59 57 56 58 60 60 66 70 62 35 355 319 298 293 292 293 295 297 299 300 300 303 305 305 305 305 304 302 299 297 295 293 292 291 289 288 286 286 286 285 285 283 282 283 284 283 280 278 275 275 278 278 280 282 283 282 282 284 285 284 283 282 281 280 279 278 277 277 276 275 273 272 271
57 57 57 60 63 66 68 70 71 73 75 78 81 84 88 91 89 85 79 71 67 67 64 57 54 54 55 57 59 60 57 43 16 345 316 303 301 299 298 297 298 299 299 300 302 303 305 305 305 304 302 301 299 296 293 292 290 289 287 285 284 285 285 284 283 282 282 283 282 278 276 274 273 275 278 280 282 282 281 282 286 287 286 284 282 281 280 279 278 277 276 275 273 272 272 271
57 55 55 57 60 62 64 64 61 61 62 62 63 66 73 80 82 80 75 69 66 67 66 56 51 51 52 51 53 55 49 37 15 341 315 309 309 306 299 298 299 299 299 300 302 304 306 306 306 304 300 298 297 296 293 291 290 289 286 284 283 284 284 284 283 282 280 281 282 278 275 274 274 275 276 278 280 282 284 283 285 288 288 286 283 281 280 278 277 276 275 274 273 272 271 271
55 53 52 55 56 55 53 51 50 53 56 58 59 61 66 71 74 73 69 67 66 68 67 57 49 49 49 45 46 52 47 36 14 337 318 316 315 309 302 301 303 300 299 302 304 304 307 308 308 305 301 297 295 294 292 290 289 288 287 285 283 283 284 284 281 280 279 279 281 280 275 273 274 275 275 276 278 281 284 282 281 284 288 288 285 282 280 278 277 275 274 273 272 272 271 270
55 52 51 52 50 49 49 49 51 55 59 61 59 60 64 67 67 61 56 59 65 69 67 58 48 45 45 41 45 51 45 31 12 338 321 318 316 309 307 309 306 299 299 303 304 304 307 309 309 306 304 300 297 295 292 290 288 287 288 288 285 282 282 282 279 278 279 278 279 279 275 272 273 276 276 276 276 278 279 279 278 280 285 289 287 283 280 278 276 274 273 272 272 271 270 269
53 51 51 52 53 55 56 58 59 60 61 61 58 58 62 65 63 49 45 52 62 70 68 58 46 40 40 38 41 47 42 27 11 345 324 317 313 310 312 315 307 299 300 303 304 304 307 310 310 307 305 302 299 296 294 292 290 287 286 287 286 282 279 278 277 276 278 279 279 278 277 274 274 275 275 275 274 274 275 277 278 278 281 285 287 284 280 277 275 273 272 271 271 271 269 268
51 51 54 57 59 61 61 62 61 60 60 62 61 58 60 63 58 37 36 47 56 66 68 53 43 38 34 29 32 38 40 28 9 349 332 323 318 316 318 317 310 305 303 303 304 305 306 309 310 308 306 303 299 295 294 293 291 287 285 286 286 282 278 277 276 275 276 278 279 280 280 277 274 273 273 273 272 271 271 274 276 278 279 281 283 282 279 276 273 271 270 270 271 271 269 266
54 55 57 59 60 59 58 58 58 56 54 57 59 56 58 62 56 30 27 38 46 56 61 49 37 39 32 22 22 31 35 29 8 343 330 328 326 324 322 316 311 304 299 302 307 308 306 306 308 308 307 305 302 297 294 293 293 288 285 285 285 283 279 277 278 276 275 275 277 280 279 277 274 272 271 271 271 270 269 270 274 277 278 279 280 279 275 273 270 268 269 272 272 271 269 265
57 57 58 59 60 59 58 55 53 50 48 53 55 52 54 60 53 22 14 26 36 47 55 51 38 42 36 25 16 19 28 27 13 341 325 326 328 327 322 315 307 297 295 301 309 310 306 305 306 308 308 308 306 300 295 294 294 291 286 284 285 284 280 279 279 277 275 274 275 278 279 278 276 274 270 270 271 271 270 269 270 274 276 276 276 274 269 267 264 266 273 278 275 271 266 263
55 55 56 57 56 57 56 55 51 48 47 51 52 47 50 58 49 12 359 16 28 40 47 48 40 36 33 29 21 11 15 21 14 348 327 320 320 321 319 316 306 298 298 303 310 311 310 310 309 309 309 311 309 303 297 294 294 292 288 285 285 285 283 281 281 280 277 275 275 276 278 277 276 275 271 269 270 271 271 268 268 270 272 272 272 270 264 263 264 271 277 279 274 267 261 261
51 52 52 53 52 52 51 52 51 49 50 51 46 41 46 55 48 12 353 8 24 32 36 38 38 33 29 25 23 13 5 11 12 357 334 323 319 318 317 313 307 303 305 306 310 313 315 314 310 309 311 313 313 307 299 294 293 293 290 286 285 286 284 281 281 282 280 277 275 275 275 274 272 273 274 270 268 269 271 270 268 268 270 269 268 264 262 264 270 275 277 275 268 261 259 263
48 50 51 51 51 50 49 47 48 50 53 50 40 35 43 53 49 17 354 1 16 21 23 29 33 33 29 24 25 14 1 2 7 2 339 324 322 322 318 313 309 308 310 308 309 314 315 311 308 308 311 315 317 312 302 294 292 293 291 287 286 286 285 283 282 283 281 278 276 275 274 272 269 269 273 273 270 267 268 269 268 269 270 267 262 261 263 267 272 275 273 269 262 259 263 266
47 49 51 52 52 50 46 43 44 46 51 48 34 30 41 53 52 21 351 350 3 10 13 19 25 27 26 24 24 16 1 356 359 358 348 333 327 325 319 315 316 314 313 309 308 311 312 312 311 310 313 319 321 317 307 297 293 293 292 289 288 288 287 285 284 283 282 280 277 275 274 273 270 267 267 272 272 268 265 266 268 270 270 265 260 261 266 269 271 272 269 264 261 263 266 266
48 49 51 53 52 49 44 41 43 45 49 47 31 26 38 50 53 27 347 339 347 358 6 12 15 18 16 14 17 19 10 357 351 349 351 351 345 337 327 323 323 321 315 310 307 309 312 315 315 315 315 320 323 321 313 301 294 293 292 291 290 292 291 288 286 285 285 281 278 277 276 275 272 267 265 267 269 268 266 267 268 269 269 265 264 265 268 270 270 268 265 262 261 263 265 264
49 48 50 53 53 48 44 44 47 47 49 48 32 24 35 47 51 39 354 331 328 342 359 6 8 8 6 6 11 13 6 356 349 345 351 358 357 348 340 336 334 327 319 312 310 311 313 314 315 315 315 319 322 323 317 304 295 293 293 292 291 293 293 290 288 286 285 282 278 276 277 277 275 271 266 263 263 265 266 267 267 267 266 266 268 270 271 271 269 266 263 261 257 258 262 266
48 47 47 52 55 51 49 51 52 49 48 50 36 22 30 42 49 45 15 337 320 322 341 357 2 1 0 2 2 359 357 353 347 347 350 354 356 351 346 347 344 336 327 322 319 317 315 316 318 316 315 317 322 325 320 307 296 293 294 293 292 292 290 286 281 278 279 281 279 277 277 278 278 276 270 263 259 260 263 265 265 265 266 267 270 273 273 271 267 264 261 257 252 254 263 272
45 44 43 44 45 45 47 51 55 50 45 51 41 18 22 35 46 47 32 5 331 308 307 334 350 352 353 355 351 345 345 347 346 346 347 347 347 345 341 342 344 339 330 323 319 317 316 319 321 318 315 316 321 326 324 311 299 294 294 292 290 286 280 272 266 268 274 282 286 281 278 278 279 279 276 268 260 257 258 261 263 265 267 269 273 275 274 271 266 263 261 255 251 257 267 277
39 39 37 35 35 34 37 42 49 48 44 52 45 15 15 28 42 47 42 27 359 318 294 289 309 327 334 339 337 334 336 341 342 343 342 339 337 334 329 330 333 331 323 313 308 307 308 313 317 315 312 313 320 327 325 314 300 294 292 288 281 273 267 265 265 270 276 284 291 289 282 280 280 280 280 276 267 260 257 257 260 264 268 272 274 275 273 268 265 263 260 253 253 263 272 279
37 39 38 33 32 33 34 38 43 44 43 53 51 19 12 25 40 47 47 42 26 351 315 282 274 286 298 309 316 323 331 335 334 336 335 331 331 329 325 324 325 324 318 308 302 300 300 305 310 311 309 311 319 326 322 312 297 288 285 280 270 265 269 273 277 278 278 281 288 293 288 283 282 282 282 282 278 270 263 259 258 262 268 272 273 272 270 265 263 263 259 254 256 267 276 281
38 39 39 35 33 36 36 37 41 41 41 53 54 29 18 25 39 44 45 47 42 19 343 315 299 286 284 298 312 320 331 334 329 330 328 324 323 323 320 319 320 321 318 308 300 299 299 303 310 310 309 311 318 324 321 310 295 283 279 276 271 275 280 283 284 283 280 277 278 285 288 284 283 284 284 287 288 284 276 269 263 262 263 266 267 268 264 260 262 263 262 263 265 271 277 280
34 36 36 32 30 33 35 36 38 36 38 49 54 40 29 29 34 36 38 38 40 32 5 335 318 309 309 318 321 328 337 335 326 323 322 316 315 317 314 313 315 317 318 308 298 295 297 303 309 309 308 310 317 323 323 314 299 287 283 285 287 287 288 288 285 283 279 275 272 273 279 282 283 286 288 290 294 293 286 279 273 266 261 259 262 264 258 256 260 264 270 274 274 275 277 278
30 34 36 31 28 32 35 34 34 33 36 45 51 47 38 31 24 26 27 30 31 27 9 347 336 334 334 333 334 339 343 339 327 319 316 311 308 308 307 306 308 313 316 310 297 293 296 302 308 309 306 307 314 320 322 315 303 292 288 292 294 291 288 286 284 281 278 275 271 269 271 277 282 286 290 293 296 297 293 287 282 275 266 260 260 259 255 257 261 267 274 279 278 279 279 275
30 34 36 31 27 29 32 33 31 31 32 38 43 45 44 36 19 17 20 18 14 10 4 357 352 348 347 346 342 341 343 340 333 324 316 307 302 300 299 298 298 304 310 311 301 292 292 298 304 305 303 305 312 317 318 314 304 294 290 290 291 288 286 284 282 279 277 274 271 269 268 272 277 283 287 292 298 301 300 298 294 287 278 269 264 260 258 262 265 269 275 279 280 280 278 272
29 32 36 31 26 26 29 31 30 28 27 29 32 36 40 39 23 15 9 359 355 0 6 7 5 3 356 346 339 336 336 335 333 331 322 306 296 294 293 291 291 295 303 309 304 292 287 291 295 297 299 302 310 315 316 314 306 296 290 288 287 285 284 283 281 279 277 274 272 270 268 267 270 276 281 286 295 302 302 302 302 297 290 282 274 268 267 270 270 269 272 277 281 278 273 268
29 34 39 35 29 29 32 33 31 28 24 21 22 26 32 34 28 12 356 348 348 359 16 21 17 9 359 349 338 328 325 326 327 330 327 313 298 289 285 284 286 289 294 302 305 296 287 286 291 294 298 301 308 312 313 313 306 296 289 287 287 286 285 283 281 279 277 275 272 270 268 266 266 269 275 281 288 297 297 299 301 300 298 291 284 279 279 277 274 272 271 274 275 270 264 262
32 35 39 37 31 33 38 40 38 31 24 20 21 23 25 29 26 13 358 351 353 2 15 23 21 11 1 355 344 330 320 317 320 324 325 317 303 291 286 284 284 286 289 296 303 300 290 285 288 291 295 297 302 305 307 310 304 295 290 287 287 286 284 283 281 278 277 275 273 270 268 266 265 265 269 276 284 291 294 296 299 301 301 297 291 287 285 281 278 278 276 272 268 262 256 252
32 32 35 35 31 31 34 39 45 43 36 32 31 31 28 26 26 20 8 2 0 359 5 17 22 16 3 357 350 340 329 320 320 322 322 318 310 303 297 291 289 290 291 293 299 301 294 286 284 285 287 289 295 299 302 305 301 293 288 285 283 283 283 282 280 278 277 276 274 271 269 268 266 264 266 271 279 288 291 292 298 304 306 302 298 293 290 288 286 284 281 274 267 261 253 245
33 33 34 34 32 28 27 31 38 44 43 38 34 31 29 27 29 28 18 2 355 354 358 5 18 21 13 359 349 341 329 320 318 321 319 317 314 309 305 300 297 297 295 293 295 297 294 288 283 280 279 282 290 297 299 302 300 293 286 283 282 283 285 282 280 279 278 277 276 274 272 270 267 266 267 269 276 286 290 289 295 304 310 308 303 301 301 300 293 286 282 276 268 260 251 241
37 36 33 32 31 28 24 24 30 35 35 29 29 29 27 24 23 24 20 8 352 349 353 359 12 25 24 7 346 331 318 310 310 316 316 315 311 306 304 300 297 297 296 294 294 293 292 290 283 275 273 279 288 295 298 300 299 293 288 287 286 286 286 284 281 279 278 278 278 278 276 273 270 267 265 268 274 282 289 287 289 298 308 309 306 306 307 305 298 288 283 277 267 255 242 238
37 34 29 27 29 29 24 20 21 28 29 25 24 26 22 13 14 21 23 19 8 354 353 359 10 24 28 19 358 337 323 312 307 308 310 310 307 303 300 296 293 293 294 291 288 286 288 288 281 274 275 281 288 293 296 299 298 293 291 290 288 286 285 284 281 279 278 277 280 284 281 278 275 270 264 265 269 277 286 287 285 289 297 303 304 306 307 307 303 294 285 277 265 253 240 238
