windninja/windninja_output/Output_2025-10-23_1800-1850_Google earth_Fire_150m_10min/merlingen_7.5mi_point_10-23-2025_1850_150m_ang.asc
ncols	158
nrows	163
xllcorner	391686.332397
yllcorner	5160024.123721
cellsize	150.000000
NODATA_value	-32768.000000
[rows 0 to 42 of 163, columns 0 to 95 of 158]
66 65 63 58 55 55 53 48 47 46 44 38 33 33 37 44 51 53 53 56 51 35 31 33 36 39 37 32 31 31 31 32 33 31 30 33 35 35 35 32 29 28 28 29 28 28 29 25 18 15 14 13 13 13 14 13 13 12 10 8 7 7 6 4 2 2 1 1 359 357 356 356 355 353 351 350 350 348 345 343 343 342 339 337 335 331 329 326 323 320 317 313 312 309 303 296
66 66 63 60 58 57 53 51 51 50 45 37 31 32 38 44 48 48 49 51 45 32 30 34 37 38 36 33 33 34 33 34 33 32 31 34 34 33 32 29 28 28 27 27 26 25 24 22 17 15 15 15 15 16 16 15 13 12 10 9 8 7 6 4 2 2 2 1 360 358 357 356 355 353 351 351 351 349 345 344 345 343 340 338 336 333 331 330 326 323 319 316 314 312 310 306
64 64 62 60 61 57 53 53 54 51 43 32 27 32 39 45 46 44 45 45 39 31 28 34 38 38 36 34 35 36 36 36 35 34 33 33 32 30 29 27 26 26 25 25 24 22 21 20 17 16 15 16 17 18 17 15 13 12 11 11 9 7 6 5 3 3 2 2 0 359 358 357 355 353 352 352 352 350 347 346 348 346 342 341 338 335 337 336 333 330 326 322 322 322 321 320
60 61 60 58 58 54 51 51 50 45 37 27 26 33 40 47 47 45 45 44 40 35 29 30 36 37 36 35 33 34 36 37 36 35 33 32 32 32 31 28 26 25 24 24 23 21 20 20 19 17 16 16 17 18 16 15 13 13 12 12 10 8 6 6 5 3 3 2 1 360 359 358 355 353 352 352 351 349 348 348 349 348 345 343 338 336 339 340 338 337 335 331 329 329 329 327
58 59 58 57 56 53 51 52 50 44 36 27 26 33 43 49 50 48 47 46 44 41 33 27 33 35 34 33 31 31 33 34 35 34 33 33 33 32 30 27 25 23 23 23 22 21 21 21 20 19 19 18 18 18 18 17 15 14 13 12 11 9 8 7 6 4 3 2 2 1 1 358 355 354 353 352 348 347 348 350 350 347 344 343 338 336 338 338 337 338 339 337 336 335 334 334
61 62 60 57 55 54 54 55 52 44 37 30 27 35 47 51 52 51 49 49 48 46 39 29 31 34 34 33 31 31 31 32 33 33 32 32 31 30 28 26 24 23 24 24 24 24 24 23 22 22 22 21 21 21 20 19 17 15 13 12 11 10 9 8 6 5 4 3 3 3 3 360 355 354 354 353 350 346 347 351 350 345 341 340 338 336 336 334 331 333 335 336 337 337 336 335
64 65 64 60 58 56 56 56 51 44 38 33 29 38 51 53 52 51 49 48 49 49 44 34 32 35 36 36 34 32 32 33 34 33 32 31 29 29 28 27 26 26 27 28 28 28 27 26 25 24 23 23 23 22 22 20 18 16 14 12 11 10 9 9 8 6 4 3 3 3 3 0 357 355 355 354 352 350 351 353 350 344 341 340 338 336 335 331 327 326 326 326 329 332 332 331
64 64 65 65 63 61 59 56 51 45 41 35 32 40 51 54 52 51 49 48 48 49 46 40 34 33 36 37 35 34 35 37 37 36 35 34 32 32 32 31 31 32 32 32 31 31 30 28 27 26 25 24 24 23 24 21 19 16 14 11 9 9 9 10 10 8 6 4 3 2 1 359 358 358 356 354 353 353 356 354 346 342 342 341 340 338 336 333 329 325 321 319 320 322 326 327
64 64 65 66 66 64 62 58 53 48 45 39 35 40 50 53 52 51 50 49 50 50 47 43 35 30 33 37 36 36 40 41 39 39 40 40 38 37 37 37 37 37 37 36 34 33 31 31 29 27 26 26 25 25 25 23 19 16 14 11 11 10 9 11 12 10 7 3 3 3 1 359 360 359 358 355 353 356 359 353 343 339 340 341 340 340 339 338 335 334 331 329 327 327 328 325
64 65 65 64 64 63 61 58 55 51 48 45 40 42 51 53 53 52 51 49 50 50 48 44 37 30 30 36 36 37 42 42 40 42 44 43 42 41 41 42 41 40 39 38 37 35 34 33 31 28 28 29 27 26 26 24 20 18 18 17 16 14 11 12 12 10 6 4 4 5 4 1 360 359 359 357 355 356 356 350 344 341 339 338 335 335 336 335 336 339 339 336 332 332 330 323
65 65 65 64 62 61 59 58 56 53 51 49 45 46 52 56 55 55 52 51 51 49 48 44 38 33 29 33 37 39 44 44 43 46 47 46 44 43 43 43 42 41 41 40 40 39 36 36 36 33 33 33 30 29 30 30 28 27 27 26 24 20 16 12 9 7 5 4 6 8 7 3 360 360 0 0 357 353 349 345 344 343 342 338 331 331 330 328 330 337 338 332 330 332 328 321
66 66 65 64 62 61 60 59 57 54 53 51 48 47 53 58 58 57 55 54 54 52 50 46 41 37 32 35 40 43 47 48 48 50 50 49 48 46 45 45 43 43 42 41 42 42 40 42 43 43 44 43 41 42 44 44 42 39 39 38 38 35 26 13 6 4 3 5 8 7 4 2 0 360 1 360 357 351 345 342 343 344 344 340 335 333 331 325 327 335 333 325 324 329 325 319
66 66 65 64 62 62 61 60 58 56 55 53 50 49 55 63 63 60 57 57 57 56 53 50 46 42 39 40 45 47 49 50 50 51 51 51 51 49 48 46 45 46 43 42 43 44 43 46 51 54 55 56 57 61 63 61 56 51 50 52 55 52 39 20 5 359 359 1 0 358 358 0 360 357 355 354 353 350 347 345 343 342 341 338 336 336 333 327 330 337 332 322 321 325 320 313
67 67 66 64 63 62 61 60 59 58 56 55 52 50 57 66 69 66 62 61 59 57 56 53 50 46 43 44 46 48 50 52 53 52 50 52 52 51 50 48 49 50 49 51 53 53 50 48 51 56 58 58 60 64 70 73 68 60 53 52 51 44 32 22 9 357 349 341 339 344 352 355 354 351 349 347 346 345 345 346 342 339 337 334 333 335 331 326 328 333 327 318 315 316 310 303
67 67 66 65 64 63 62 60 60 59 57 56 53 50 55 63 68 69 67 65 62 59 57 54 51 48 45 45 47 48 51 54 54 52 51 52 52 52 52 53 57 58 60 64 65 62 58 52 48 50 52 53 52 54 56 59 57 49 41 39 37 30 21 17 14 6 354 339 327 327 338 345 346 346 347 344 341 340 340 338 334 333 331 330 330 330 326 322 323 324 315 304 297 297 295 292
68 67 67 66 65 64 63 62 61 59 59 57 55 52 54 61 64 64 64 65 62 59 56 53 52 50 47 46 48 48 51 52 50 50 52 55 58 59 60 61 64 63 61 63 61 56 56 55 50 48 47 44 40 39 39 40 40 34 28 29 28 23 18 15 13 9 0 350 341 330 326 329 334 341 344 342 340 340 337 332 329 328 326 323 324 322 316 311 311 311 303 294 290 289 288 288
68 68 67 66 65 64 63 62 61 61 60 59 58 56 58 64 64 61 60 60 59 57 54 52 52 51 48 47 48 49 51 52 50 53 57 62 65 65 64 62 60 57 56 56 53 50 51 51 49 48 46 40 36 35 35 36 37 32 23 23 23 21 19 14 12 9 3 355 350 344 332 322 321 330 337 339 342 340 334 330 329 327 322 318 314 307 299 293 294 302 306 302 299 296 294 292
68 68 67 66 65 64 63 62 62 61 61 60 60 60 63 67 67 63 60 59 58 57 55 55 55 54 51 50 51 52 54 53 53 55 57 60 61 60 57 56 55 54 55 55 52 51 51 47 45 45 45 41 38 38 38 37 36 31 23 21 22 22 19 14 10 8 4 358 354 350 342 334 327 326 329 334 338 335 330 326 326 322 317 312 303 295 291 292 297 305 309 306 304 301 299 297
69 68 67 66 65 65 64 63 63 62 61 61 61 62 64 68 68 66 63 61 59 58 57 58 58 57 55 54 55 57 56 54 52 52 54 56 58 58 56 56 57 56 56 55 54 54 52 48 46 47 46 44 42 40 38 36 34 31 26 22 23 23 20 15 9 5 3 2 358 350 344 343 338 333 330 328 327 324 317 312 310 307 308 312 312 310 310 308 306 307 311 309 305 303 303 302
70 69 68 67 66 65 64 64 63 62 61 61 62 62 64 66 67 66 63 62 60 58 58 58 58 57 56 56 56 56 55 52 52 54 58 60 61 60 57 57 56 54 54 53 53 53 52 49 48 50 49 47 44 40 36 33 32 31 29 25 26 27 23 16 9 5 4 3 356 349 347 347 345 342 339 335 329 320 311 309 309 310 314 321 322 319 316 313 308 308 315 317 308 303 303 303
70 70 68 67 66 65 65 64 64 63 62 62 62 62 63 64 64 63 62 61 60 58 57 57 57 57 56 56 55 54 52 50 51 54 57 58 58 57 53 52 52 52 53 53 53 53 53 51 49 50 50 47 44 40 37 35 33 32 31 29 28 29 24 16 9 4 1 358 352 350 351 352 348 344 342 345 345 341 335 327 322 322 322 324 325 320 316 312 307 308 316 322 312 304 304 304
70 70 68 67 67 66 65 64 64 63 63 63 62 62 62 62 62 61 61 60 59 58 57 57 57 56 56 55 54 53 51 49 50 53 54 54 54 53 51 51 52 52 53 54 55 56 55 52 49 49 49 47 45 41 39 37 35 32 32 31 30 29 24 15 7 1 357 354 352 354 357 357 351 344 341 345 348 347 344 338 332 328 325 325 327 322 319 314 309 310 319 328 320 308 307 308
70 70 68 68 67 66 65 64 63 63 63 62 62 62 62 62 61 60 60 60 59 58 57 57 56 56 55 55 54 54 52 48 50 55 56 57 57 55 54 54 53 52 53 55 56 56 54 51 50 49 49 48 45 43 40 36 34 32 31 32 31 28 23 13 3 357 354 354 356 0 2 359 352 344 342 344 347 346 344 342 340 338 331 328 328 325 323 318 313 313 321 333 326 311 308 309
71 70 69 68 67 66 65 64 64 64 63 62 62 62 61 61 61 60 60 60 58 57 57 56 55 55 55 55 56 56 54 52 55 58 59 60 61 59 58 56 54 54 54 55 56 55 51 51 51 49 50 49 46 44 40 36 34 32 29 30 30 28 22 9 358 355 356 358 4 7 5 359 349 343 343 347 346 341 340 342 343 342 337 334 329 325 323 318 313 313 322 335 325 310 307 308
71 71 70 69 68 66 65 65 65 65 64 63 62 62 61 61 61 61 61 60 58 58 57 55 54 54 53 55 58 60 59 58 60 61 60 60 60 61 61 59 56 55 54 55 55 53 50 52 52 51 51 50 46 44 41 36 34 32 29 29 30 27 17 4 357 356 360 6 12 12 6 354 343 341 347 352 346 337 335 338 340 341 341 340 334 327 322 315 309 310 323 337 324 310 307 307
72 71 70 69 68 67 65 65 65 65 64 63 63 63 61 61 61 61 61 60 59 58 57 55 53 51 50 54 59 62 62 63 63 62 60 59 58 61 63 61 58 56 55 56 56 52 51 53 53 52 51 50 49 46 42 36 33 33 34 32 28 19 9 5 3 2 6 12 17 14 0 344 339 343 351 357 349 336 332 334 336 338 342 342 337 331 328 321 312 311 324 338 326 314 309 308
72 71 70 69 68 67 66 66 66 65 63 63 63 63 62 62 62 61 61 60 59 58 56 54 52 48 47 53 59 60 62 65 68 67 64 59 56 60 63 62 59 58 58 59 57 51 50 52 52 50 48 49 50 47 41 33 31 35 36 30 20 10 5 7 10 11 13 16 16 9 351 340 339 345 354 359 352 338 331 331 331 333 338 338 335 333 335 330 318 315 325 335 328 318 313 310
72 71 70 69 68 67 67 67 66 64 64 63 64 63 63 63 62 62 61 60 59 58 56 54 51 46 45 52 56 57 59 64 69 70 70 64 60 62 64 62 59 60 60 58 54 48 46 48 50 49 45 45 45 43 38 29 27 32 31 23 16 9 7 11 16 18 19 18 12 0 347 341 342 347 355 357 350 340 334 331 328 329 332 330 328 329 335 331 320 317 323 330 326 319 315 314
72 72 71 69 68 67 67 67 66 65 64 64 64 63 63 63 63 62 61 61 59 58 57 54 50 44 44 50 52 51 54 60 64 67 69 67 63 63 64 61 56 57 56 53 50 45 44 46 48 47 40 40 41 40 37 25 21 26 27 21 16 13 13 14 16 19 19 15 5 352 345 345 348 352 356 355 345 336 333 331 327 328 327 323 319 320 325 324 317 315 320 325 324 318 315 315
73 72 71 69 69 68 68 67 66 65 64 64 64 64 64 64 64 63 62 61 60 59 58 55 51 45 46 50 49 47 49 55 58 62 64 60 55 59 61 57 52 51 49 48 46 42 43 43 44 41 34 35 38 38 35 25 18 24 29 26 18 17 21 21 20 19 16 9 358 347 343 348 354 358 358 352 343 335 330 327 326 327 324 318 313 314 317 317 315 314 316 318 319 316 311 310
74 73 71 69 69 69 68 67 66 65 65 65 65 65 65 65 64 63 63 62 62 60 58 55 52 50 51 53 50 48 51 55 57 61 61 52 49 56 59 55 50 48 45 46 44 41 42 42 43 40 35 36 37 39 37 29 25 28 32 31 25 22 27 29 26 19 11 3 353 343 341 348 354 355 354 351 346 341 332 326 327 328 324 318 316 318 319 317 314 312 310 309 309 308 304 302
74 73 71 69 70 70 68 67 66 66 65 65 65 65 65 65 65 65 64 63 62 61 59 57 55 54 54 53 51 52 57 60 61 63 61 50 48 58 59 54 51 49 48 48 47 43 45 48 48 47 45 44 43 44 42 33 31 34 36 37 31 25 28 31 27 15 5 359 351 344 344 347 345 346 349 350 349 344 335 329 331 333 327 320 317 316 314 310 306 303 299 297 296 297 298 298
74 73 71 70 71 70 68 67 67 66 66 66 66 66 66 66 66 66 65 64 63 63 61 59 58 57 55 52 47 49 56 61 62 64 63 53 51 61 61 56 54 53 51 52 51 49 52 54 53 53 53 52 49 48 45 35 32 36 38 40 35 27 24 27 25 13 1 354 351 348 348 345 341 343 348 349 349 345 337 331 334 337 329 320 316 312 307 304 300 297 294 290 289 291 297 303
74 73 71 72 72 70 68 67 67 67 67 67 67 67 67 66 66 66 65 65 65 65 62 61 60 59 57 53 47 50 57 61 61 62 63 57 54 61 59 55 55 53 52 54 54 55 58 57 56 57 56 55 54 53 48 41 36 37 39 40 34 23 18 21 22 15 1 350 347 348 348 345 343 346 349 348 347 343 338 335 339 339 329 322 321 319 313 309 307 303 297 293 292 294 301 310
74 72 71 72 72 70 68 68 68 68 68 68 68 68 68 67 67 67 66 66 67 66 65 65 64 61 58 55 53 58 65 65 63 63 63 57 51 57 57 54 55 54 55 58 59 62 63 61 60 61 60 58 58 56 53 49 44 42 42 41 36 23 13 14 19 18 7 351 340 340 346 347 347 349 348 345 342 339 336 337 342 342 333 325 325 325 319 315 314 309 304 302 300 299 303 311
74 73 72 72 72 70 68 68 69 69 69 69 69 69 69 68 68 68 68 68 67 67 67 67 67 65 61 57 57 66 73 71 67 66 63 56 48 53 56 55 56 57 59 61 62 64 63 61 61 60 59 57 56 54 52 50 48 46 45 46 42 29 13 9 15 17 11 354 338 335 343 349 349 349 346 342 340 335 329 329 335 339 334 325 323 325 321 319 320 317 311 307 302 298 300 307
75 75 74 73 71 69 69 69 70 70 70 70 70 70 70 70 70 69 69 69 69 69 69 68 68 67 64 61 61 71 77 75 71 69 65 57 50 50 55 58 59 60 61 61 62 63 61 60 60 59 57 55 53 50 48 46 44 43 43 45 43 33 15 5 8 13 9 356 342 339 345 346 343 342 341 341 342 339 331 324 325 329 329 323 318 321 323 322 321 320 314 308 302 297 301 311
75 75 75 74 72 70 70 71 71 71 71 71 71 71 71 71 71 70 70 70 70 70 70 70 69 69 67 63 66 75 77 75 74 71 67 60 52 52 57 60 60 62 62 61 61 62 60 58 57 57 57 54 50 49 48 44 40 39 39 39 38 31 17 5 4 8 5 355 349 351 353 344 337 337 342 343 343 345 339 331 329 328 327 322 316 319 327 327 320 318 315 308 302 301 305 313
76 76 75 74 73 72 71 72 73 73 73 72 72 72 72 72 72 72 71 71 71 71 71 71 71 70 69 67 73 78 77 76 74 71 67 59 51 54 59 60 60 61 61 60 60 60 57 53 50 51 52 48 44 45 45 39 34 33 32 31 29 26 19 10 6 4 359 353 354 358 352 342 339 343 348 343 340 345 344 338 338 335 329 322 314 318 330 331 322 318 316 309 302 300 302 308
77 77 76 74 74 73 73 74 75 75 74 73 73 73 74 73 73 73 73 73 73 72 72 72 72 72 72 75 80 81 79 78 75 71 67 57 49 54 58 59 60 61 61 60 57 56 55 51 47 48 49 45 37 36 36 30 24 23 24 24 23 24 25 20 10 3 358 354 356 352 343 339 343 351 353 339 338 347 347 343 346 344 333 319 310 312 324 330 325 320 318 309 300 298 298 303
77 78 77 76 75 75 75 76 77 76 75 75 75 75 75 74 74 74 74 74 74 73 73 73 73 73 75 79 82 82 81 80 77 73 66 57 53 55 56 57 58 60 61 58 55 54 52 48 44 45 48 43 31 27 30 27 21 20 22 24 25 29 31 28 15 4 360 358 353 344 340 341 346 352 346 334 339 351 349 344 349 350 338 323 313 311 320 328 327 321 319 307 297 293 295 301
77 77 77 77 77 77 78 78 78 77 77 76 76 76 76 75 75 75 75 75 75 75 74 74 74 75 77 79 80 82 82 80 77 73 64 58 59 61 60 58 56 55 54 53 52 49 45 42 39 40 44 41 30 26 30 32 28 25 29 34 34 33 32 28 19 7 1 357 350 345 347 348 345 345 337 332 342 355 352 347 348 347 336 327 319 318 324 330 327 321 316 304 292 289 295 303
77 77 77 78 78 79 80 79 79 78 78 78 78 78 77 77 76 76 76 76 76 75 75 75 75 76 77 78 80 82 80 77 75 72 65 61 59 60 60 58 56 54 52 50 49 45 43 43 43 44 47 44 35 31 35 38 36 36 40 43 41 33 26 24 19 9 358 354 351 353 357 352 345 342 335 334 348 359 357 351 347 341 332 325 321 323 330 332 325 319 313 304 294 293 300 311
