windninja/windninja_output/Output_2025-10-23_1800-1850_Google earth_Fire_150m_10min/merlingen_7.5mi_point_10-23-2025_1800_150m_ang.asc
ncols	158
nrows	163
xllcorner	391686.332397
yllcorner	5160024.123721
cellsize	150.000000
NODATA_value	-32768.000000
[rows 0 to 43 of 163, columns 0 to 95 of 158]
67 66 63 58 55 55 53 48 47 46 44 38 32 32 37 44 51 52 52 56 50 35 30 32 36 38 36 32 31 31 31 31 32 30 29 32 34 33 33 30 27 26 26 26 26 25 26 22 15 12 12 11 10 11 11 10 9 8 6 4 3 2 1 359 358 357 357 355 354 352 351 350 349 347 344 344 344 341 338 336 337 335 332 329 327 324 321 318 315 312 308 305 303 300 294 288
67 66 64 60 58 57 53 51 51 50 45 37 31 32 38 44 48 48 49 50 44 32 30 33 37 38 35 32 33 33 33 33 33 31 30 32 33 31 30 28 26 26 25 25 24 22 22 19 14 12 13 12 12 13 13 12 10 8 7 5 3 3 2 360 358 357 357 356 354 352 351 351 349 347 345 345 345 342 339 338 338 336 333 330 328 325 324 322 318 314 311 308 306 304 301 297
64 65 63 61 61 57 53 53 54 51 43 32 27 32 39 45 45 43 45 45 39 30 28 33 38 38 35 34 35 35 36 36 34 33 32 32 31 29 28 26 25 24 23 23 22 20 18 17 15 13 13 13 14 15 14 12 10 8 7 7 5 3 1 0 359 358 357 356 354 352 352 352 349 347 346 346 346 343 340 340 342 339 335 333 330 328 330 329 325 322 318 315 315 314 314 312
61 61 60 58 58 54 51 51 50 45 37 27 26 33 40 47 47 45 45 44 40 35 29 30 36 37 35 34 33 34 35 36 35 34 32 31 31 31 30 27 25 23 22 22 21 19 18 18 17 15 13 14 14 15 13 11 10 9 8 7 6 3 2 1 0 358 357 356 354 353 354 352 348 346 346 345 344 342 340 341 343 340 337 336 330 329 333 333 331 330 327 324 322 322 322 321
59 59 58 57 56 53 51 52 50 44 36 27 26 33 43 49 50 48 47 46 44 40 33 27 33 35 34 32 30 31 32 33 34 33 32 32 32 31 29 26 23 22 22 21 20 20 19 19 18 17 17 16 16 16 15 13 12 10 8 7 6 5 3 2 1 359 358 356 354 355 354 352 348 347 346 344 341 339 340 342 343 339 336 335 330 328 332 333 332 332 332 330 329 329 329 329
62 62 60 57 55 54 54 55 52 44 37 30 27 35 47 51 52 51 49 49 48 46 39 28 31 34 34 33 31 30 31 32 33 32 31 31 30 29 27 25 23 22 22 23 22 23 22 21 20 20 20 19 18 18 17 15 13 11 9 8 7 5 4 3 1 359 358 356 355 356 356 352 348 347 348 346 342 339 340 343 342 337 333 333 330 328 329 328 326 328 330 330 331 332 331 330
64 65 64 61 58 56 56 56 51 44 38 33 29 38 51 53 52 51 49 48 49 49 44 34 32 35 36 35 34 32 32 33 34 33 31 30 29 28 27 26 25 25 26 27 26 26 25 24 23 22 21 21 20 19 19 17 14 12 9 8 6 5 5 4 2 0 359 357 356 356 356 353 349 348 348 347 345 342 344 345 341 336 334 332 329 327 326 325 322 322 322 321 324 326 327 326
64 65 66 65 64 61 59 56 51 46 41 36 32 40 51 54 52 51 49 48 48 49 46 40 34 33 35 36 35 34 35 36 36 35 34 33 31 31 31 30 30 30 31 31 30 29 28 26 25 24 23 22 21 21 20 18 14 12 9 6 5 4 5 5 4 2 360 357 356 356 354 352 351 351 349 347 344 345 348 346 337 333 335 334 332 330 328 326 324 320 317 315 315 317 321 322
64 64 65 66 66 64 62 58 53 49 45 40 35 41 51 53 52 51 50 49 50 50 47 43 35 30 33 37 36 36 40 40 39 38 39 39 37 37 36 36 36 36 35 34 33 31 29 28 27 25 24 24 22 22 22 19 14 12 9 7 6 5 5 6 6 4 0 357 356 356 353 351 351 352 350 347 344 347 351 344 334 330 333 334 333 333 332 331 330 329 327 325 322 323 324 321
64 65 65 64 64 63 61 58 55 51 49 45 40 43 51 53 53 52 51 49 50 50 48 44 37 30 30 36 36 37 42 42 39 41 43 43 41 40 41 41 40 39 37 36 35 33 31 31 29 26 26 26 24 23 22 20 16 13 13 12 11 8 5 6 5 3 359 357 357 358 356 352 351 351 350 348 345 347 348 342 335 332 332 332 329 329 330 329 331 335 335 331 328 328 326 318
65 65 65 64 62 61 60 58 56 53 51 49 45 46 53 56 55 55 52 51 51 49 48 44 38 33 29 33 37 39 43 44 43 45 47 46 44 43 43 42 41 40 39 38 38 37 34 34 33 30 30 30 27 25 25 25 23 21 21 20 16 13 9 5 1 358 357 356 359 0 357 353 351 351 352 350 347 343 341 338 336 335 335 331 326 326 325 322 325 332 332 327 325 327 323 316
66 66 65 64 62 61 60 59 57 54 53 51 49 47 53 59 59 57 55 54 54 52 50 46 41 37 32 35 40 43 47 48 47 49 50 49 47 45 45 44 42 42 41 39 40 40 38 39 41 40 41 39 37 37 39 38 35 33 32 30 28 24 14 1 354 352 352 355 360 358 354 352 351 352 353 352 348 344 339 336 336 336 336 334 329 328 326 320 322 330 327 319 319 324 320 314
66 66 65 64 62 62 61 60 58 56 55 53 51 49 56 63 63 60 58 57 57 56 53 50 46 42 39 40 45 47 49 49 50 51 50 51 50 48 47 46 45 44 42 40 42 42 42 44 49 52 52 52 53 56 58 55 49 44 43 45 46 39 20 356 343 340 341 347 350 349 349 351 350 349 348 347 346 343 341 339 337 335 334 332 330 331 327 321 324 332 326 315 315 320 314 307
67 67 66 64 63 62 61 60 59 58 57 55 52 50 57 66 69 67 63 61 59 57 56 53 50 46 43 44 46 48 50 52 53 52 50 51 51 50 50 47 48 49 48 50 52 52 48 47 50 54 55 55 56 61 66 67 62 53 48 45 42 32 15 0 345 333 327 326 330 336 343 346 345 344 343 341 339 337 338 339 336 332 330 327 326 328 325 319 321 326 321 311 308 309 304 298
67 67 66 65 64 63 62 61 60 59 58 57 53 50 55 63 68 69 67 65 62 59 57 54 51 48 45 45 47 48 51 54 54 52 51 51 51 51 52 53 56 58 59 63 64 61 57 50 47 48 50 50 49 50 52 54 51 42 35 32 28 19 9 5 1 350 339 327 320 322 331 336 337 339 339 337 333 331 331 329 327 326 324 322 322 322 318 313 313 315 308 297 291 291 290 288
68 67 66 66 65 64 63 62 61 60 59 58 56 52 54 62 64 64 64 65 62 59 56 53 52 51 47 46 48 48 51 52 50 50 52 55 57 59 59 61 63 62 61 62 60 55 55 53 48 46 46 42 37 36 36 36 35 29 23 22 20 13 8 6 4 358 349 340 332 325 322 323 327 332 335 334 331 330 327 323 322 321 318 315 314 312 306 301 300 299 294 287 284 283 284 285
68 68 67 66 65 64 63 62 62 61 60 59 58 56 59 64 64 61 60 60 60 57 54 53 53 52 48 47 48 49 51 52 50 52 57 62 65 65 63 62 60 56 55 55 52 49 50 49 48 46 44 38 33 32 32 33 33 28 19 16 15 12 10 7 3 359 353 345 340 336 327 318 316 323 329 332 333 331 326 322 321 319 313 308 303 296 289 283 285 294 297 294 291 288 288 287
68 68 67 66 65 64 63 63 62 61 61 60 60 60 63 68 67 63 60 59 58 57 55 55 55 54 51 50 51 52 54 54 53 55 57 60 61 60 57 55 55 54 54 54 52 50 50 46 43 43 42 39 36 35 35 34 33 27 19 15 15 13 11 7 2 358 353 347 345 341 334 328 321 320 324 328 331 328 321 317 315 311 306 299 291 285 282 283 290 298 302 299 295 293 292 290
69 68 67 66 65 64 64 63 63 62 61 61 61 62 65 68 69 66 63 61 60 58 57 58 59 57 55 55 55 57 56 54 52 52 54 56 58 58 56 56 56 55 56 55 53 53 51 47 44 45 44 42 39 37 35 33 30 27 21 16 15 16 12 7 1 355 352 351 347 340 336 336 332 327 324 322 320 315 306 300 298 296 297 299 298 296 297 297 297 300 305 303 297 296 295 293
69 69 68 67 65 65 64 64 63 62 62 62 62 62 64 67 68 66 63 62 60 59 58 59 58 57 57 56 56 56 55 52 52 54 58 60 61 60 57 57 55 54 54 53 52 52 51 48 47 48 47 45 41 37 33 30 28 27 24 19 19 19 15 7 360 354 352 351 346 340 339 341 338 334 332 329 321 308 299 296 297 299 304 310 311 306 304 301 298 300 308 311 301 296 296 295
70 69 68 67 66 65 65 64 64 63 62 63 62 62 63 64 65 64 62 61 60 59 58 57 57 57 57 56 55 54 52 50 51 54 57 58 59 57 53 52 52 52 53 53 53 53 52 50 48 49 48 45 42 37 33 31 29 27 26 23 22 21 15 6 359 353 350 348 343 341 343 344 340 335 335 338 337 329 321 314 311 311 312 314 315 309 304 301 297 300 309 316 305 297 297 298
70 69 68 67 66 66 65 64 64 63 63 63 63 62 63 63 62 61 61 61 60 58 58 58 57 57 56 56 55 54 52 49 50 54 54 54 55 54 51 51 52 52 53 54 55 55 54 51 48 48 47 45 42 38 35 33 30 28 27 26 24 21 15 6 357 351 347 345 343 345 348 347 341 334 333 339 342 338 332 325 320 317 314 315 317 313 307 303 300 302 311 321 312 300 300 302
70 69 68 67 67 66 65 64 64 63 63 63 62 62 62 62 61 61 61 60 59 58 58 57 56 56 56 55 55 54 52 49 51 55 56 57 57 55 54 54 53 52 53 55 56 56 53 50 49 47 47 46 43 40 36 32 30 27 26 27 25 20 14 4 354 348 346 345 347 351 352 349 341 333 333 338 341 338 334 330 327 324 319 317 319 316 314 309 305 305 313 325 317 303 301 302
71 70 69 68 67 66 65 65 64 64 64 63 62 62 62 62 61 61 61 60 59 58 57 56 56 55 55 55 56 57 55 52 56 59 59 60 61 60 58 56 54 54 54 55 56 54 51 50 50 48 48 47 44 41 37 32 30 27 24 25 25 20 12 358 349 347 347 349 353 356 354 348 337 332 335 340 341 335 331 330 330 329 324 321 319 318 316 310 305 305 313 326 316 302 299 301
71 70 69 68 67 66 65 65 65 65 64 63 63 62 62 61 61 61 61 60 59 58 57 56 55 54 54 55 59 61 59 59 60 61 61 61 61 61 61 59 57 56 55 55 55 53 50 51 51 50 50 48 44 41 38 33 30 28 25 24 24 18 6 354 347 347 349 355 0 359 352 341 332 332 338 344 339 330 327 328 328 328 328 326 322 318 315 309 302 302 313 327 314 302 299 300
71 71 70 69 68 66 65 65 66 65 64 63 63 63 62 61 61 61 61 60 60 59 58 56 54 52 51 54 60 63 62 63 64 62 61 59 59 61 63 61 59 57 55 56 56 52 51 53 53 51 50 49 47 44 39 32 29 30 29 26 20 9 359 355 354 353 355 1 5 359 344 332 329 333 343 349 339 327 325 327 327 328 331 330 325 321 320 314 305 304 316 329 317 305 301 300
71 71 70 69 68 67 66 66 66 65 64 64 64 63 63 62 62 62 61 61 60 59 57 55 53 49 47 53 59 61 62 66 69 68 64 59 57 61 64 62 59 58 58 59 57 51 50 52 52 49 47 48 48 44 38 29 28 32 31 24 11 359 354 357 1 2 4 7 6 355 337 329 330 336 346 352 341 328 325 326 324 325 328 328 324 323 326 320 309 306 317 328 319 308 304 302
71 71 70 69 68 67 67 67 66 65 64 64 64 64 63 63 63 63 62 61 60 59 57 55 52 46 46 52 57 57 59 65 69 71 70 65 60 62 64 63 60 60 60 58 54 48 46 48 50 48 44 44 43 40 35 26 25 29 26 17 7 358 355 360 5 8 10 10 2 347 334 330 333 338 347 351 340 328 326 325 323 323 324 322 319 319 324 320 309 307 315 324 320 310 306 305
72 71 70 69 68 67 67 67 66 65 64 64 64 64 64 64 64 63 62 61 60 59 58 55 51 45 45 51 53 52 55 61 65 67 70 68 63 63 64 61 57 58 56 54 50 45 44 46 48 46 39 39 39 38 34 23 18 23 23 14 6 3 3 4 6 9 11 7 354 340 333 334 338 343 349 348 336 324 322 323 323 323 321 316 311 310 313 312 306 304 310 318 318 312 308 307
72 72 70 69 69 68 68 67 66 65 65 65 65 64 65 65 64 63 63 62 61 60 59 56 52 47 47 51 50 47 50 55 59 63 65 61 56 60 62 58 53 52 49 49 46 43 43 43 44 40 34 34 36 36 33 23 16 21 23 17 8 7 12 12 10 10 8 0 346 335 332 336 343 348 350 345 334 323 317 317 321 323 319 311 306 304 307 307 305 303 304 309 313 311 306 304
73 72 70 69 69 69 68 67 66 66 65 65 65 65 65 65 65 64 64 63 62 61 59 56 53 51 52 54 51 49 52 56 58 61 62 53 50 57 60 55 51 49 45 46 44 41 42 42 42 39 35 35 36 38 35 27 22 24 25 22 14 12 19 21 16 8 2 353 339 329 328 334 340 344 346 343 338 329 319 315 319 323 319 312 309 310 310 308 305 301 298 298 301 303 300 298
74 73 70 69 69 69 68 67 67 66 66 66 66 66 66 66 66 66 65 64 63 62 60 58 56 55 55 55 52 52 58 61 62 64 62 51 50 59 60 55 51 50 48 49 47 44 45 47 48 46 44 43 42 43 40 32 29 30 29 27 21 16 21 23 16 3 356 349 336 327 329 332 332 336 342 343 341 334 322 317 321 326 322 314 311 309 307 302 297 293 289 287 287 292 295 295
73 72 71 70 71 70 68 67 67 67 66 66 67 67 67 67 66 67 66 65 64 64 62 60 59 58 56 53 48 50 57 62 63 65 64 54 53 62 62 56 55 53 51 53 51 49 52 54 53 53 53 51 48 47 43 34 30 32 33 31 25 19 19 20 14 1 352 345 337 331 334 333 331 336 341 343 342 336 325 318 321 327 321 314 310 306 301 296 292 289 285 282 281 286 293 299
73 72 70 71 72 70 68 68 68 68 67 68 68 67 67 67 67 67 66 66 67 66 63 62 62 60 59 54 49 51 58 62 62 63 64 59 55 62 60 56 56 54 52 55 55 56 58 57 56 56 56 54 53 51 47 39 33 33 34 33 26 16 13 14 12 3 350 341 335 333 336 335 334 338 342 342 340 336 328 322 324 326 318 315 314 311 305 301 298 293 288 285 286 289 296 306
73 71 70 72 72 70 68 68 68 69 69 69 69 69 68 68 68 68 67 67 68 67 66 66 65 62 60 57 55 60 66 66 64 64 64 58 52 58 58 55 55 54 55 58 60 62 63 60 60 61 59 57 56 55 52 47 41 37 37 36 29 17 9 8 10 6 354 341 330 329 335 338 337 340 341 339 336 332 326 324 326 327 320 315 317 318 310 306 305 299 294 293 293 295 299 306
73 72 72 72 71 70 68 68 69 69 69 70 70 70 69 69 69 69 69 69 68 68 68 69 68 66 62 59 59 67 74 72 68 67 64 57 49 54 57 56 57 57 59 61 62 64 64 61 61 60 58 57 55 53 50 48 44 41 39 40 35 22 8 3 6 6 358 343 329 327 333 337 337 338 337 335 333 326 319 317 320 323 319 311 312 317 313 309 311 308 303 300 296 293 296 303
74 74 74 73 71 70 69 70 70 70 70 71 71 70 70 71 70 70 70 70 70 70 70 70 70 69 66 62 63 73 78 76 73 70 66 58 51 51 56 59 60 61 61 62 63 63 61 60 60 59 57 55 52 49 46 44 42 40 38 39 37 25 8 358 360 2 356 343 332 330 333 331 328 330 332 334 334 330 320 314 314 315 311 304 303 312 317 314 312 312 308 302 296 292 296 306
74 74 75 74 72 70 70 71 71 72 72 72 71 72 72 72 72 71 71 71 71 71 71 71 71 70 68 65 68 77 78 77 76 72 67 61 53 52 57 60 61 62 62 61 62 62 60 58 58 57 56 53 49 47 46 42 38 36 35 34 32 24 9 358 356 356 350 341 336 339 338 328 324 328 334 334 335 337 328 320 319 316 311 305 302 309 321 320 312 311 309 302 296 296 300 308
75 75 75 74 72 72 72 72 73 74 73 73 72 73 73 73 73 73 72 72 72 72 72 72 72 72 70 69 75 79 78 77 76 72 67 60 52 55 60 60 61 61 62 61 61 60 57 54 51 51 52 48 44 44 44 37 31 30 29 26 24 20 13 4 358 353 343 336 339 344 339 331 330 335 340 334 332 340 334 326 327 325 317 309 303 308 322 325 316 312 309 303 297 296 298 301
76 76 76 74 74 73 73 74 75 75 74 74 74 74 74 74 74 74 74 74 74 73 73 73 73 73 73 77 82 82 81 80 76 72 67 58 50 55 58 60 61 62 62 61 58 57 56 52 47 48 49 44 36 35 35 29 22 21 21 20 19 20 20 14 3 353 341 336 340 339 333 331 334 342 343 330 331 343 340 331 334 333 321 309 300 303 315 324 320 313 311 303 296 294 293 296
76 77 76 76 75 75 75 76 77 77 76 75 76 76 75 75 75 75 75 75 75 75 74 74 75 75 77 81 84 83 82 82 79 74 67 57 54 56 57 58 59 61 62 59 56 55 53 48 44 45 48 43 30 26 28 26 19 17 19 20 22 25 27 23 8 355 345 341 339 333 331 331 334 342 337 326 333 348 344 335 338 339 326 313 303 303 312 322 321 315 312 301 292 289 290 295
76 77 77 77 77 77 78 78 78 78 77 77 77 77 77 76 76 76 76 76 76 76 75 75 76 76 78 81 82 83 83 81 78 74 65 59 60 62 61 59 57 57 55 54 53 50 46 42 39 41 44 40 29 24 29 30 26 23 25 30 31 29 28 23 12 358 348 344 339 336 337 336 333 337 330 325 337 352 348 338 336 335 325 316 310 311 317 323 320 315 310 298 287 284 290 298
76 77 77 77 78 79 80 80 79 78 78 79 79 78 78 77 77 77 77 77 77 76 76 76 77 77 78 80 82 83 82 79 77 73 67 62 61 62 62 60 57 55 53 51 50 46 44 44 43 44 47 44 35 30 33 36 34 33 36 40 37 28 21 18 13 1 349 344 343 344 348 341 335 335 329 328 342 357 353 343 337 331 321 316 314 315 321 322 316 312 307 298 288 287 295 305
76 76 77 78 79 81 81 81 80 80 80 80 80 79 79 79 78 78 78 78 78 77 77 77 77 78 78 80 82 82 81 79 76 74 70 66 64 64 63 61 59 58 57 56 52 47 48 50 50 50 51 46 37 32 35 38 39 39 41 41 36 26 17 12 6 356 348 345 348 354 354 346 342 338 333 335 350 2 358 346 336 329 322 316 313 315 319 313 309 308 305 301 294 291 296 304
