windninja/windninja_output/Output_2025-10-23_1800-1850_Google earth_Fire_150m_10min/merlingen_7.5mi_point_10-23-2025_1840_150m_vel.asc
ncols	158
nrows	163
xllcorner	391686.332397
yllcorner	5160024.123721
cellsize	150.000000
NODATA_value	-32768.000000
[rows 38 to 75 of 163, columns 0 to 83 of 158]
3.44 3.50 3.61 3.66 3.65 3.67 3.69 3.69 3.68 3.73 3.72 3.62 3.60 3.63 3.59 3.52 3.45 3.39 3.32 3.25 3.16 3.04 2.93 2.81 2.62 2.36 2.05 1.78 2.01 2.63 2.74 2.75 3.03 3.27 3.61 3.46 3.08 3.24 3.45 3.26 3.06 2.96 2.85 2.77 2.82 2.75 2.50 2.36 2.34 2.42 2.34 2.05 1.92 2.03 2.01 1.74 1.67 1.81 1.89 1.90 1.90 1.73 1.36 0.99 0.84 0.89 1.00 0.96 0.82 0.75 0.75 0.83 0.92 0.88 0.75 0.69 0.74 0.79 0.78 0.74 0.67 0.62 0.60 0.68
3.57 3.62 3.66 3.69 3.70 3.68 3.70 3.75 3.72 3.71 3.69 3.61 3.60 3.64 3.61 3.51 3.44 3.39 3.31 3.25 3.17 3.05 2.95 2.85 2.68 2.41 2.10 1.90 2.10 2.56 2.70 2.66 2.76 2.96 3.22 3.09 2.94 3.31 3.57 3.44 3.21 3.04 2.91 2.74 2.75 2.81 2.60 2.30 2.24 2.45 2.50 2.15 1.89 2.06 2.21 1.98 1.78 1.89 2.03 2.08 2.09 2.07 1.84 1.34 0.97 0.92 0.97 0.89 0.77 0.76 0.86 0.94 0.91 0.79 0.73 0.78 0.88 0.89 0.86 0.84 0.78 0.68 0.64 0.74
3.71 3.78 3.70 3.68 3.71 3.68 3.72 3.79 3.76 3.66 3.62 3.61 3.59 3.61 3.61 3.51 3.43 3.39 3.32 3.24 3.17 3.06 2.95 2.87 2.73 2.47 2.23 2.10 2.12 2.44 2.70 2.60 2.47 2.63 2.77 2.64 2.65 3.04 3.46 3.59 3.44 3.23 3.01 2.72 2.63 2.78 2.70 2.36 2.19 2.40 2.59 2.25 1.81 1.87 2.18 2.17 1.94 1.84 1.93 2.00 1.98 2.03 2.06 1.70 1.15 1.00 1.04 0.97 0.84 0.86 0.89 0.79 0.66 0.65 0.74 0.94 1.03 0.98 0.92 0.86 0.80 0.76 0.76 0.84
3.74 3.80 3.71 3.65 3.67 3.67 3.70 3.78 3.77 3.62 3.55 3.60 3.58 3.56 3.57 3.50 3.42 3.38 3.33 3.24 3.16 3.05 2.95 2.89 2.78 2.56 2.38 2.24 2.14 2.37 2.68 2.54 2.32 2.33 2.30 2.33 2.50 2.71 3.02 3.39 3.49 3.44 3.24 2.93 2.70 2.69 2.71 2.56 2.36 2.40 2.63 2.42 1.85 1.62 1.80 1.99 1.85 1.63 1.65 1.74 1.72 1.72 1.90 1.90 1.49 1.16 1.12 1.11 1.04 1.02 0.89 0.72 0.67 0.73 0.89 1.07 1.05 0.96 0.87 0.77 0.71 0.75 0.85 0.96
3.70 3.71 3.65 3.60 3.63 3.68 3.65 3.69 3.74 3.61 3.51 3.55 3.55 3.51 3.50 3.47 3.40 3.36 3.32 3.25 3.15 3.02 2.94 2.90 2.80 2.63 2.50 2.35 2.22 2.36 2.56 2.47 2.27 2.08 1.93 2.02 2.34 2.64 2.82 3.03 3.25 3.37 3.30 3.11 2.84 2.62 2.60 2.58 2.40 2.31 2.52 2.44 1.91 1.56 1.59 1.74 1.70 1.54 1.51 1.59 1.56 1.46 1.57 1.78 1.74 1.44 1.28 1.34 1.33 1.21 1.05 0.95 0.95 0.99 1.12 1.17 1.02 0.91 0.82 0.74 0.71 0.75 0.87 1.13
3.66 3.63 3.58 3.56 3.59 3.67 3.61 3.58 3.65 3.59 3.49 3.50 3.51 3.46 3.44 3.42 3.37 3.33 3.30 3.25 3.13 3.00 2.93 2.89 2.83 2.68 2.55 2.45 2.32 2.33 2.42 2.40 2.23 1.96 1.76 1.74 2.01 2.47 2.68 2.77 2.97 3.14 3.17 3.04 2.77 2.50 2.46 2.49 2.40 2.31 2.43 2.38 1.98 1.68 1.64 1.67 1.64 1.56 1.52 1.55 1.48 1.33 1.29 1.41 1.58 1.59 1.52 1.53 1.57 1.56 1.49 1.43 1.38 1.34 1.37 1.26 1.05 0.91 0.80 0.74 0.76 0.86 1.09 1.43
3.62 3.57 3.51 3.53 3.56 3.58 3.56 3.53 3.54 3.53 3.46 3.44 3.45 3.40 3.38 3.36 3.32 3.30 3.27 3.21 3.10 3.00 2.92 2.86 2.82 2.72 2.60 2.51 2.39 2.31 2.33 2.32 2.17 1.93 1.70 1.59 1.82 2.22 2.43 2.52 2.68 2.95 3.10 2.96 2.62 2.43 2.43 2.43 2.42 2.38 2.39 2.35 2.10 1.85 1.79 1.74 1.65 1.58 1.55 1.55 1.49 1.35 1.22 1.18 1.30 1.45 1.52 1.51 1.56 1.67 1.71 1.67 1.61 1.54 1.41 1.19 1.01 0.90 0.80 0.75 0.83 1.06 1.36 1.46
3.56 3.53 3.50 3.52 3.50 3.47 3.49 3.49 3.45 3.45 3.43 3.38 3.36 3.34 3.33 3.31 3.28 3.27 3.23 3.16 3.07 2.99 2.91 2.85 2.80 2.73 2.64 2.53 2.42 2.33 2.29 2.26 2.12 1.92 1.71 1.62 1.74 1.99 2.18 2.25 2.43 2.81 3.06 2.84 2.43 2.39 2.49 2.47 2.41 2.34 2.29 2.25 2.11 1.88 1.81 1.81 1.69 1.58 1.54 1.51 1.49 1.43 1.32 1.25 1.28 1.33 1.36 1.35 1.29 1.28 1.34 1.37 1.38 1.33 1.19 1.02 0.91 0.86 0.84 0.91 1.08 1.27 1.31 1.06
3.52 3.51 3.49 3.48 3.44 3.43 3.43 3.40 3.37 3.36 3.37 3.33 3.27 3.27 3.27 3.25 3.23 3.21 3.18 3.11 3.03 2.95 2.89 2.85 2.79 2.72 2.64 2.53 2.44 2.35 2.28 2.21 2.10 1.91 1.74 1.69 1.72 1.81 1.95 2.05 2.22 2.59 2.91 2.70 2.29 2.31 2.45 2.49 2.40 2.24 2.18 2.15 2.08 1.93 1.79 1.78 1.73 1.61 1.51 1.44 1.46 1.49 1.43 1.36 1.32 1.28 1.24 1.19 1.12 1.05 1.05 1.06 1.08 1.06 1.00 0.93 0.88 0.86 0.91 1.02 1.12 1.10 0.91 0.67
3.54 3.52 3.44 3.37 3.42 3.49 3.39 3.28 3.26 3.27 3.29 3.26 3.20 3.19 3.21 3.19 3.17 3.14 3.11 3.06 2.98 2.90 2.87 2.83 2.78 2.70 2.61 2.53 2.45 2.37 2.28 2.19 2.09 1.93 1.75 1.68 1.73 1.77 1.81 1.91 2.04 2.35 2.62 2.48 2.28 2.32 2.41 2.45 2.35 2.13 2.08 2.07 2.05 2.03 1.88 1.79 1.77 1.68 1.53 1.35 1.35 1.44 1.40 1.28 1.20 1.15 1.11 1.08 1.06 1.02 0.98 0.95 0.92 0.90 0.87 0.84 0.83 0.82 0.83 0.86 0.86 0.77 0.66 0.61
3.58 3.54 3.38 3.23 3.39 3.64 3.44 3.16 3.12 3.17 3.19 3.15 3.11 3.12 3.15 3.13 3.09 3.07 3.05 3.00 2.93 2.87 2.83 2.80 2.76 2.67 2.58 2.51 2.44 2.37 2.28 2.18 2.08 1.97 1.78 1.66 1.72 1.78 1.75 1.78 1.90 2.11 2.25 2.16 2.20 2.40 2.46 2.38 2.25 2.08 2.02 2.03 2.00 1.99 1.88 1.78 1.75 1.68 1.56 1.39 1.30 1.33 1.30 1.17 1.05 1.00 1.00 1.00 0.99 0.96 0.91 0.87 0.83 0.80 0.78 0.77 0.77 0.75 0.74 0.74 0.73 0.71 0.71 0.71
3.65 3.52 3.27 3.13 3.38 3.75 3.57 3.14 2.96 3.04 3.08 3.04 3.02 3.04 3.08 3.07 3.02 3.00 2.98 2.92 2.88 2.84 2.78 2.75 2.74 2.65 2.54 2.49 2.43 2.36 2.27 2.18 2.10 2.00 1.82 1.68 1.71 1.75 1.71 1.71 1.81 1.93 1.91 1.85 2.03 2.37 2.44 2.26 2.12 1.98 1.94 2.03 2.06 1.97 1.86 1.79 1.75 1.64 1.52 1.43 1.34 1.29 1.26 1.14 0.99 0.93 0.93 0.93 0.92 0.90 0.87 0.83 0.78 0.75 0.75 0.77 0.79 0.81 0.80 0.78 0.80 0.82 0.83 0.81
3.76 3.47 3.07 3.04 3.46 3.76 3.64 3.29 2.89 2.85 2.93 2.94 2.94 2.95 2.98 3.00 2.97 2.91 2.90 2.86 2.82 2.80 2.73 2.69 2.69 2.63 2.52 2.45 2.40 2.33 2.26 2.18 2.10 2.01 1.87 1.73 1.70 1.70 1.66 1.66 1.73 1.81 1.75 1.66 1.89 2.26 2.29 2.13 1.99 1.80 1.74 1.91 2.00 1.92 1.85 1.82 1.76 1.63 1.47 1.36 1.28 1.23 1.21 1.11 0.97 0.91 0.88 0.86 0.84 0.82 0.79 0.75 0.72 0.70 0.72 0.77 0.81 0.83 0.82 0.82 0.85 0.87 0.86 0.85
3.89 3.42 2.84 2.92 3.49 3.68 3.59 3.50 3.02 2.71 2.73 2.83 2.86 2.85 2.87 2.91 2.92 2.84 2.82 2.81 2.76 2.74 2.69 2.64 2.63 2.58 2.49 2.42 2.37 2.31 2.24 2.17 2.09 2.00 1.90 1.79 1.69 1.64 1.61 1.59 1.66 1.76 1.67 1.56 1.78 2.09 2.08 1.99 1.95 1.76 1.65 1.82 1.87 1.76 1.72 1.74 1.69 1.59 1.46 1.32 1.22 1.17 1.16 1.06 0.93 0.88 0.86 0.84 0.81 0.78 0.74 0.71 0.70 0.71 0.73 0.75 0.76 0.77 0.79 0.83 0.85 0.82 0.80 0.84
4.06 3.39 2.65 2.86 3.44 3.47 3.39 3.60 3.29 2.71 2.56 2.70 2.76 2.76 2.79 2.82 2.83 2.77 2.75 2.75 2.70 2.66 2.64 2.60 2.56 2.51 2.45 2.39 2.34 2.28 2.22 2.15 2.08 2.00 1.91 1.83 1.72 1.63 1.57 1.51 1.58 1.73 1.64 1.48 1.62 1.89 1.86 1.77 1.91 1.85 1.75 1.82 1.86 1.77 1.70 1.67 1.57 1.49 1.43 1.33 1.23 1.16 1.15 1.04 0.92 0.88 0.87 0.85 0.82 0.78 0.76 0.75 0.75 0.75 0.74 0.72 0.70 0.71 0.75 0.80 0.78 0.75 0.79 0.85
4.11 3.51 2.66 2.79 3.37 3.27 3.11 3.53 3.51 2.86 2.50 2.57 2.63 2.68 2.72 2.74 2.74 2.70 2.69 2.68 2.64 2.59 2.57 2.56 2.50 2.45 2.40 2.36 2.31 2.25 2.19 2.12 2.06 1.99 1.91 1.83 1.75 1.65 1.55 1.45 1.50 1.68 1.63 1.42 1.43 1.66 1.66 1.53 1.72 1.82 1.77 1.78 1.80 1.81 1.79 1.66 1.47 1.40 1.40 1.35 1.25 1.17 1.14 1.05 0.95 0.92 0.91 0.89 0.86 0.84 0.83 0.82 0.81 0.77 0.73 0.71 0.69 0.67 0.70 0.72 0.71 0.76 0.86 0.90
3.89 3.69 2.99 2.66 3.16 3.17 2.89 3.31 3.60 3.13 2.60 2.47 2.50 2.57 2.64 2.66 2.64 2.62 2.62 2.61 2.59 2.54 2.50 2.48 2.44 2.39 2.35 2.31 2.26 2.21 2.15 2.10 2.03 1.97 1.90 1.83 1.75 1.67 1.57 1.45 1.45 1.59 1.58 1.38 1.26 1.40 1.45 1.35 1.49 1.62 1.66 1.72 1.70 1.75 1.85 1.66 1.40 1.34 1.38 1.37 1.30 1.22 1.16 1.08 1.03 1.01 1.01 1.01 1.00 0.98 0.94 0.87 0.79 0.74 0.73 0.72 0.70 0.70 0.74 0.75 0.78 0.88 0.95 0.95
3.53 3.69 3.40 2.76 2.87 3.01 2.73 2.93 3.47 3.43 2.86 2.45 2.40 2.46 2.52 2.57 2.55 2.54 2.53 2.52 2.53 2.49 2.45 2.41 2.37 2.33 2.29 2.26 2.22 2.17 2.12 2.06 2.00 1.95 1.88 1.82 1.75 1.67 1.59 1.49 1.45 1.49 1.48 1.34 1.21 1.20 1.21 1.21 1.32 1.41 1.48 1.65 1.67 1.69 1.84 1.65 1.38 1.32 1.34 1.36 1.33 1.28 1.23 1.16 1.09 1.06 1.05 1.05 1.05 1.02 0.93 0.82 0.76 0.75 0.76 0.75 0.75 0.78 0.84 0.87 0.92 0.98 0.99 0.94
3.34 3.52 3.56 3.11 2.84 2.87 2.65 2.55 3.06 3.47 3.14 2.59 2.40 2.38 2.37 2.45 2.48 2.45 2.44 2.43 2.45 2.44 2.40 2.35 2.30 2.26 2.24 2.21 2.16 2.12 2.08 2.02 1.97 1.91 1.86 1.79 1.73 1.67 1.60 1.52 1.46 1.42 1.37 1.29 1.20 1.12 1.05 1.06 1.13 1.17 1.27 1.53 1.60 1.66 1.78 1.57 1.34 1.32 1.33 1.32 1.29 1.27 1.26 1.20 1.08 1.00 0.96 0.94 0.90 0.86 0.82 0.81 0.83 0.84 0.83 0.82 0.83 0.90 0.96 0.98 0.98 0.98 0.94 0.91
3.35 3.36 3.41 3.28 3.07 2.94 2.71 2.43 2.64 3.21 3.16 2.75 2.58 2.43 2.26 2.29 2.38 2.36 2.35 2.34 2.35 2.36 2.34 2.30 2.23 2.20 2.18 2.15 2.11 2.07 2.03 1.98 1.93 1.88 1.83 1.77 1.71 1.65 1.59 1.53 1.47 1.40 1.32 1.24 1.19 1.11 0.99 0.93 0.94 0.93 1.05 1.37 1.50 1.59 1.70 1.47 1.28 1.30 1.33 1.30 1.27 1.23 1.21 1.18 1.09 0.98 0.91 0.87 0.81 0.79 0.82 0.88 0.91 0.91 0.90 0.92 0.97 1.04 1.07 1.04 0.99 0.94 0.89 0.84
3.36 3.29 3.22 3.17 3.11 3.06 2.91 2.58 2.50 2.88 2.88 2.69 2.77 2.68 2.33 2.18 2.22 2.26 2.26 2.26 2.27 2.27 2.27 2.24 2.17 2.13 2.12 2.09 2.06 2.02 1.98 1.93 1.89 1.84 1.79 1.74 1.68 1.63 1.57 1.51 1.45 1.38 1.31 1.23 1.17 1.10 0.98 0.87 0.79 0.73 0.82 1.14 1.40 1.53 1.60 1.40 1.21 1.21 1.25 1.24 1.23 1.21 1.20 1.17 1.12 1.03 0.94 0.90 0.88 0.89 0.91 0.93 0.93 0.94 0.97 1.01 1.08 1.13 1.12 1.04 0.96 0.89 0.82 0.73
3.31 3.24 3.14 3.07 3.00 3.00 2.99 2.81 2.64 2.66 2.52 2.37 2.66 2.91 2.61 2.22 2.10 2.12 2.15 2.17 2.17 2.19 2.20 2.16 2.10 2.07 2.05 2.03 2.00 1.97 1.92 1.88 1.84 1.80 1.75 1.70 1.65 1.60 1.54 1.49 1.43 1.36 1.30 1.22 1.16 1.09 0.99 0.87 0.75 0.64 0.63 0.89 1.26 1.43 1.47 1.30 1.13 1.11 1.13 1.13 1.12 1.14 1.17 1.17 1.12 1.04 0.98 0.95 0.93 0.93 0.93 0.93 0.95 1.00 1.03 1.06 1.12 1.12 1.02 0.92 0.84 0.79 0.74 0.67
3.21 3.17 3.09 3.03 2.96 2.93 2.94 2.93 2.80 2.59 2.34 2.09 2.30 2.80 2.82 2.48 2.17 2.04 2.02 2.04 2.06 2.11 2.12 2.07 2.03 2.01 1.99 1.97 1.94 1.91 1.87 1.83 1.79 1.75 1.70 1.66 1.61 1.56 1.51 1.46 1.40 1.34 1.28 1.21 1.15 1.08 1.00 0.89 0.77 0.62 0.53 0.68 1.05 1.26 1.30 1.21 1.10 1.06 1.03 1.01 1.01 1.01 1.05 1.09 1.09 1.05 0.97 0.91 0.88 0.89 0.91 0.93 0.99 1.04 1.07 1.11 1.12 1.02 0.88 0.78 0.72 0.69 0.65 0.60
3.11 3.09 3.04 2.96 2.94 2.94 2.92 2.95 2.85 2.61 2.31 1.98 2.03 2.41 2.69 2.72 2.44 2.13 1.98 1.91 1.94 2.00 2.01 1.99 1.96 1.95 1.94 1.91 1.88 1.84 1.81 1.77 1.74 1.70 1.66 1.61 1.57 1.52 1.47 1.42 1.37 1.31 1.25 1.19 1.13 1.06 0.99 0.90 0.80 0.65 0.52 0.58 0.84 1.05 1.10 1.05 1.03 1.00 0.93 0.90 0.89 0.90 0.93 0.99 1.02 1.02 0.97 0.90 0.87 0.90 0.94 0.98 1.03 1.06 1.09 1.09 1.02 0.90 0.80 0.74 0.68 0.63 0.57 0.55
3.05 3.01 2.96 2.88 2.85 2.91 2.94 2.95 2.85 2.63 2.34 2.00 1.90 2.03 2.29 2.64 2.64 2.39 2.10 1.87 1.84 1.88 1.89 1.89 1.88 1.89 1.89 1.85 1.81 1.78 1.75 1.72 1.68 1.65 1.61 1.57 1.52 1.48 1.43 1.39 1.33 1.28 1.23 1.17 1.11 1.04 0.98 0.90 0.81 0.70 0.56 0.55 0.72 0.85 0.89 0.92 0.96 0.93 0.86 0.83 0.82 0.82 0.87 0.93 0.97 0.98 0.97 0.94 0.93 0.95 0.98 1.02 1.06 1.09 1.08 1.03 0.92 0.83 0.78 0.74 0.68 0.61 0.56 0.59
3.09 2.96 2.85 2.81 2.75 2.79 2.88 2.91 2.84 2.67 2.42 2.08 1.84 1.81 1.94 2.27 2.54 2.55 2.32 2.01 1.84 1.76 1.76 1.77 1.79 1.83 1.85 1.79 1.73 1.71 1.69 1.66 1.62 1.59 1.55 1.52 1.48 1.43 1.39 1.34 1.30 1.25 1.19 1.14 1.08 1.02 0.96 0.89 0.81 0.72 0.61 0.55 0.64 0.71 0.73 0.83 0.92 0.88 0.80 0.80 0.82 0.85 0.85 0.83 0.80 0.80 0.81 0.88 0.97 1.00 1.02 1.05 1.09 1.11 1.08 0.99 0.92 0.88 0.84 0.78 0.71 0.65 0.65 0.78
3.18 2.98 2.79 2.76 2.72 2.68 2.72 2.80 2.76 2.65 2.50 2.21 1.82 1.70 1.77 1.93 2.21 2.43 2.46 2.25 1.95 1.76 1.69 1.67 1.67 1.75 1.80 1.74 1.67 1.65 1.62 1.59 1.57 1.53 1.50 1.46 1.43 1.38 1.35 1.30 1.26 1.21 1.16 1.11 1.05 1.00 0.94 0.88 0.81 0.74 0.64 0.55 0.56 0.61 0.59 0.67 0.86 0.87 0.79 0.76 0.78 0.79 0.75 0.67 0.61 0.64 0.75 0.89 0.98 1.02 1.05 1.08 1.12 1.12 1.06 1.01 1.00 0.99 0.94 0.85 0.76 0.74 0.83 1.07
3.17 3.01 2.85 2.78 2.72 2.66 2.60 2.68 2.70 2.55 2.50 2.35 1.85 1.59 1.68 1.77 1.88 2.08 2.34 2.39 2.12 1.87 1.74 1.64 1.57 1.65 1.73 1.67 1.62 1.60 1.55 1.52 1.50 1.48 1.44 1.41 1.37 1.34 1.30 1.26 1.21 1.17 1.12 1.07 1.02 0.97 0.91 0.86 0.80 0.74 0.66 0.57 0.52 0.52 0.49 0.51 0.71 0.84 0.81 0.74 0.68 0.65 0.69 0.71 0.75 0.82 0.91 0.97 0.99 1.02 1.06 1.10 1.13 1.08 1.03 1.05 1.07 1.03 0.94 0.84 0.80 0.87 1.11 1.49
2.92 3.01 3.08 2.92 2.75 2.64 2.52 2.59 2.70 2.57 2.47 2.36 1.94 1.57 1.56 1.67 1.71 1.75 2.02 2.27 2.21 2.02 1.89 1.72 1.56 1.56 1.62 1.59 1.57 1.55 1.49 1.46 1.44 1.42 1.39 1.35 1.32 1.29 1.25 1.21 1.17 1.13 1.08 1.04 0.99 0.94 0.89 0.84 0.78 0.72 0.66 0.59 0.52 0.47 0.42 0.39 0.49 0.66 0.73 0.69 0.64 0.66 0.78 0.90 0.97 1.01 1.01 0.99 0.98 1.00 1.03 1.08 1.10 1.08 1.08 1.08 1.06 1.00 0.92 0.90 1.01 1.27 1.71 2.31
2.32 2.86 3.37 3.24 3.03 2.71 2.40 2.49 2.74 2.73 2.53 2.25 1.99 1.72 1.49 1.53 1.64 1.63 1.73 1.96 2.04 2.03 2.02 1.88 1.67 1.57 1.54 1.52 1.50 1.48 1.44 1.40 1.38 1.35 1.33 1.30 1.27 1.23 1.20 1.16 1.12 1.08 1.04 1.00 0.95 0.91 0.86 0.81 0.76 0.71 0.65 0.60 0.54 0.48 0.42 0.35 0.33 0.40 0.51 0.58 0.62 0.68 0.76 0.87 0.96 1.00 0.99 0.95 0.95 0.98 1.00 1.04 1.06 1.07 1.08 1.06 1.03 0.98 0.98 1.11 1.39 1.80 2.34 2.71
1.53 2.34 3.23 3.49 3.60 3.19 2.48 2.50 2.92 2.95 2.60 2.18 1.98 1.83 1.57 1.47 1.57 1.60 1.59 1.69 1.76 1.84 1.96 1.96 1.82 1.68 1.60 1.55 1.46 1.40 1.36 1.32 1.31 1.29 1.26 1.24 1.21 1.18 1.14 1.11 1.07 1.04 1.00 0.96 0.92 0.88 0.83 0.79 0.74 0.69 0.64 0.59 0.55 0.50 0.44 0.38 0.33 0.30 0.35 0.44 0.51 0.57 0.65 0.75 0.84 0.90 0.93 0.96 1.00 1.01 0.99 0.99 1.01 1.01 1.00 1.00 0.99 0.97 1.04 1.26 1.57 1.96 2.29 2.20
1.10 1.53 2.34 2.91 3.45 3.47 2.85 2.62 3.15 3.30 2.80 2.37 2.19 1.99 1.78 1.64 1.61 1.63 1.56 1.52 1.57 1.65 1.75 1.82 1.78 1.74 1.81 1.72 1.49 1.36 1.28 1.23 1.22 1.21 1.19 1.18 1.15 1.12 1.09 1.06 1.02 0.99 0.96 0.92 0.88 0.84 0.80 0.76 0.71 0.67 0.63 0.58 0.54 0.50 0.46 0.42 0.39 0.36 0.35 0.38 0.42 0.47 0.55 0.64 0.68 0.72 0.83 0.95 1.02 1.00 0.96 0.98 1.05 1.04 1.00 0.97 0.94 0.96 1.07 1.29 1.53 1.73 1.72 1.73
1.41 1.52 1.81 2.18 2.70 2.97 2.57 2.28 2.86 3.29 2.89 2.49 2.42 2.27 2.05 1.89 1.81 1.78 1.65 1.49 1.47 1.53 1.60 1.64 1.50 1.56 1.93 1.93 1.61 1.39 1.26 1.16 1.12 1.11 1.11 1.11 1.09 1.06 1.03 1.00 0.97 0.94 0.91 0.88 0.84 0.80 0.76 0.72 0.68 0.65 0.61 0.57 0.53 0.50 0.47 0.44 0.42 0.41 0.41 0.42 0.44 0.47 0.49 0.51 0.52 0.58 0.70 0.80 0.85 0.88 0.93 1.05 1.12 1.04 0.96 0.91 0.92 0.99 1.09 1.20 1.29 1.31 1.27 1.84
1.92 1.86 1.89 2.07 2.33 2.44 2.16 1.93 2.43 2.91 2.52 2.17 2.16 2.11 2.04 1.92 1.86 1.90 1.83 1.63 1.50 1.48 1.53 1.52 1.27 1.27 1.79 2.04 1.79 1.51 1.34 1.19 1.08 1.02 1.01 1.03 1.02 1.00 0.98 0.95 0.92 0.89 0.86 0.83 0.80 0.76 0.73 0.69 0.65 0.62 0.58 0.55 0.52 0.50 0.47 0.45 0.45 0.44 0.45 0.46 0.48 0.50 0.51 0.52 0.54 0.58 0.62 0.66 0.69 0.75 0.89 1.05 1.06 0.94 0.88 0.89 0.95 1.00 1.02 0.97 0.95 1.03 1.33 2.32
2.30 2.19 2.09 2.07 2.14 2.23 2.10 1.96 2.28 2.53 2.17 1.97 1.92 1.82 1.80 1.73 1.69 1.77 1.82 1.73 1.62 1.55 1.51 1.44 1.19 1.08 1.48 1.91 1.90 1.67 1.45 1.29 1.14 0.99 0.93 0.94 0.94 0.92 0.92 0.90 0.87 0.84 0.82 0.79 0.76 0.72 0.69 0.66 0.62 0.59 0.56 0.53 0.50 0.48 0.47 0.46 0.46 0.46 0.48 0.49 0.51 0.53 0.56 0.59 0.62 0.64 0.64 0.65 0.66 0.71 0.82 0.91 0.89 0.76 0.77 0.82 0.90 0.93 0.86 0.79 0.84 1.11 1.80 2.69
2.63 2.47 2.21 2.06 2.09 2.16 2.08 2.03 2.13 2.12 1.98 1.91 1.81 1.70 1.66 1.59 1.54 1.58 1.62 1.60 1.60 1.60 1.54 1.43 1.20 1.04 1.26 1.63 1.81 1.75 1.55 1.38 1.27 1.08 0.91 0.87 0.86 0.85 0.84 0.84 0.82 0.79 0.77 0.74 0.71 0.68 0.65 0.62 0.59 0.56 0.54 0.51 0.49 0.47 0.46 0.46 0.47 0.48 0.49 0.51 0.54 0.57 0.60 0.63 0.66 0.68 0.70 0.71 0.73 0.77 0.82 0.82 0.74 0.66 0.70 0.78 0.86 0.84 0.77 0.79 0.97 1.50 2.34 2.63
3.01 2.76 2.31 2.04 2.06 2.10 2.03 2.02 1.97 1.85 1.80 1.79 1.71 1.64 1.58 1.50 1.46 1.49 1.49 1.43 1.44 1.48 1.48 1.42 1.22 1.05 1.16 1.41 1.61 1.69 1.57 1.42 1.34 1.19 0.99 0.85 0.81 0.80 0.78 0.77 0.76 0.75 0.72 0.70 0.67 0.64 0.61 0.59 0.56 0.54 0.51 0.49 0.48 0.47 0.47 0.47 0.47 0.49 0.51 0.54 0.56 0.59 0.63 0.66 0.69 0.71 0.74 0.77 0.81 0.84 0.86 0.82 0.75 0.73 0.78 0.88 0.92 0.85 0.79 0.89 1.32 2.04 2.51 2.05
3.38 3.05 2.49 2.10 2.01 2.05 1.97 1.90 1.82 1.70 1.66 1.63 1.57 1.55 1.49 1.40 1.38 1.43 1.42 1.35 1.33 1.36 1.36 1.35 1.21 1.03 1.08 1.24 1.42 1.58 1.54 1.42 1.35 1.25 1.06 0.89 0.81 0.77 0.74 0.71 0.70 0.69 0.68 0.66 0.63 0.61 0.58 0.55 0.53 0.50 0.49 0.47 0.46 0.46 0.46 0.47 0.48 0.50 0.53 0.56 0.59 0.62 0.66 0.69 0.72 0.75 0.78 0.82 0.85 0.88 0.88 0.86 0.85 0.86 0.91 0.98 0.96 0.88 0.89 1.13 1.77 2.26 2.08 1.17
