windninja/windninja_output/Output_2025-08-09_1600-1650_Google earth_Fire_150m_10min/merlingen_7.5mi_point_08-09-2025_1620_150m_vel.asc
ncols	158
nrows	163
xllcorner	391686.332397
yllcorner	5160024.123721
cellsize	150.000000
NODATA_value	-32768.000000
[rows 38 to 75 of 163, columns 0 to 83 of 158]
0.41 0.43 0.48 0.52 0.55 0.59 0.63 0.67 0.71 0.75 0.78 0.79 0.81 0.83 0.86 0.87 0.89 0.91 0.93 0.95 0.97 0.98 1.00 1.03 1.05 1.08 1.11 1.20 1.37 1.49 1.46 1.39 1.31 1.24 1.20 1.13 1.04 1.02 1.07 1.13 1.18 1.24 1.30 1.38 1.45 1.49 1.54 1.62 1.68 1.72 1.75 1.79 1.82 1.82 1.80 1.86 1.98 2.10 2.19 2.24 2.28 2.22 2.01 1.76 1.62 1.60 1.68 1.71 1.61 1.54 1.60 1.86 2.10 2.04 1.80 1.68 1.79 1.95 2.03 1.96 1.75 1.64 1.68 1.87
0.45 0.48 0.52 0.55 0.59 0.62 0.66 0.71 0.75 0.78 0.80 0.80 0.82 0.85 0.87 0.89 0.90 0.92 0.94 0.95 0.97 0.99 1.02 1.04 1.06 1.08 1.13 1.23 1.31 1.29 1.22 1.22 1.21 1.18 1.11 1.03 1.09 1.23 1.32 1.32 1.31 1.34 1.43 1.56 1.66 1.71 1.71 1.73 1.83 1.92 1.95 1.99 2.13 2.32 2.44 2.48 2.55 2.66 2.73 2.77 2.79 2.75 2.51 2.05 1.76 1.70 1.67 1.59 1.52 1.62 1.93 2.16 2.08 1.88 1.80 1.89 2.08 2.18 2.26 2.36 2.27 1.96 1.76 1.77
0.51 0.54 0.56 0.59 0.62 0.66 0.70 0.75 0.78 0.79 0.80 0.82 0.84 0.87 0.89 0.91 0.92 0.93 0.95 0.97 0.99 1.01 1.02 1.04 1.06 1.09 1.13 1.16 1.14 1.12 1.13 1.13 1.10 1.06 0.97 0.95 1.09 1.29 1.45 1.54 1.58 1.61 1.68 1.72 1.75 1.84 1.92 1.95 2.00 2.04 2.07 2.15 2.38 2.60 2.71 2.74 2.74 2.68 2.61 2.55 2.47 2.51 2.57 2.30 1.93 1.85 1.83 1.75 1.74 1.96 2.07 1.84 1.57 1.59 1.82 2.16 2.37 2.39 2.35 2.37 2.46 2.43 2.23 2.06
0.57 0.59 0.60 0.62 0.65 0.69 0.74 0.78 0.80 0.80 0.81 0.84 0.87 0.89 0.91 0.92 0.93 0.94 0.96 0.98 1.00 1.01 1.02 1.04 1.06 1.08 1.09 1.10 1.09 1.12 1.14 1.10 1.05 0.99 0.96 1.04 1.14 1.21 1.41 1.72 1.95 2.07 2.08 2.00 2.01 2.16 2.30 2.34 2.31 2.29 2.31 2.37 2.42 2.32 2.19 2.18 2.15 2.02 1.89 1.80 1.81 1.97 2.33 2.53 2.32 2.10 2.09 2.17 2.29 2.35 2.08 1.74 1.64 1.77 2.07 2.39 2.47 2.38 2.23 2.12 2.20 2.41 2.52 2.51
0.60 0.61 0.61 0.63 0.67 0.72 0.76 0.78 0.80 0.81 0.83 0.86 0.88 0.90 0.91 0.92 0.93 0.95 0.97 0.98 0.99 1.00 1.01 1.04 1.05 1.06 1.07 1.09 1.12 1.16 1.15 1.10 1.05 1.02 1.06 1.17 1.33 1.51 1.72 1.91 2.03 2.07 2.10 2.20 2.30 2.32 2.23 2.11 2.05 2.05 2.10 2.13 2.05 1.87 1.72 1.64 1.59 1.49 1.39 1.37 1.47 1.68 2.06 2.50 2.67 2.57 2.60 2.85 2.95 2.75 2.44 2.27 2.26 2.32 2.53 2.61 2.45 2.30 2.17 2.11 2.17 2.25 2.38 2.68
0.63 0.63 0.62 0.65 0.69 0.75 0.77 0.79 0.81 0.83 0.84 0.87 0.89 0.90 0.91 0.92 0.93 0.95 0.97 0.98 0.99 1.00 1.02 1.04 1.04 1.06 1.08 1.10 1.12 1.12 1.09 1.07 1.06 1.09 1.16 1.27 1.48 1.72 1.84 1.83 1.76 1.74 1.86 2.02 2.03 1.86 1.73 1.69 1.72 1.79 1.89 1.93 1.88 1.77 1.64 1.50 1.42 1.36 1.32 1.35 1.44 1.57 1.78 2.11 2.58 2.95 3.19 3.34 3.42 3.45 3.38 3.33 3.22 3.13 3.11 2.89 2.60 2.37 2.19 2.10 2.17 2.33 2.58 2.94
0.64 0.63 0.63 0.67 0.72 0.74 0.76 0.78 0.81 0.83 0.85 0.87 0.89 0.90 0.91 0.92 0.94 0.95 0.97 0.99 1.00 1.01 1.02 1.03 1.05 1.06 1.09 1.11 1.11 1.09 1.08 1.08 1.10 1.14 1.19 1.30 1.45 1.51 1.48 1.47 1.49 1.61 1.75 1.77 1.64 1.52 1.50 1.59 1.79 2.00 2.09 2.03 1.93 1.81 1.66 1.50 1.39 1.36 1.40 1.51 1.64 1.72 1.79 1.99 2.44 2.92 3.16 3.21 3.30 3.58 3.76 3.78 3.74 3.60 3.29 2.91 2.62 2.43 2.24 2.10 2.16 2.49 2.89 2.90
0.64 0.64 0.66 0.70 0.72 0.73 0.76 0.79 0.81 0.83 0.85 0.87 0.89 0.90 0.92 0.93 0.95 0.97 0.98 0.99 1.00 1.01 1.02 1.03 1.05 1.07 1.09 1.09 1.08 1.09 1.10 1.11 1.14 1.16 1.21 1.27 1.30 1.27 1.26 1.33 1.46 1.60 1.63 1.56 1.48 1.52 1.61 1.77 2.00 2.10 1.98 1.81 1.72 1.59 1.50 1.45 1.39 1.38 1.51 1.73 1.92 2.06 2.21 2.47 2.73 2.82 2.79 2.74 2.64 2.69 2.90 3.06 3.16 3.13 2.91 2.66 2.46 2.40 2.39 2.44 2.61 2.76 2.64 2.19
0.65 0.67 0.69 0.70 0.70 0.72 0.76 0.78 0.81 0.83 0.85 0.87 0.89 0.90 0.92 0.94 0.96 0.97 0.98 0.99 1.00 1.01 1.02 1.04 1.06 1.07 1.07 1.07 1.07 1.09 1.10 1.11 1.13 1.17 1.21 1.24 1.22 1.22 1.27 1.35 1.43 1.48 1.48 1.44 1.41 1.50 1.72 1.95 2.02 1.86 1.68 1.60 1.55 1.45 1.38 1.41 1.46 1.52 1.69 1.96 2.24 2.48 2.71 2.87 2.84 2.67 2.48 2.34 2.23 2.19 2.22 2.33 2.46 2.55 2.57 2.55 2.46 2.42 2.52 2.62 2.59 2.36 1.91 1.59
0.68 0.69 0.69 0.68 0.67 0.71 0.75 0.78 0.80 0.83 0.85 0.87 0.89 0.90 0.92 0.94 0.95 0.96 0.97 0.98 0.99 0.99 1.01 1.03 1.04 1.05 1.05 1.07 1.08 1.09 1.10 1.10 1.11 1.13 1.15 1.17 1.20 1.22 1.25 1.28 1.33 1.39 1.41 1.43 1.49 1.61 1.79 1.87 1.77 1.62 1.55 1.50 1.50 1.53 1.54 1.58 1.69 1.82 2.00 2.23 2.45 2.62 2.67 2.58 2.42 2.25 2.10 2.06 2.09 2.11 2.08 2.06 2.12 2.24 2.35 2.42 2.40 2.32 2.27 2.19 1.98 1.71 1.57 1.61
0.70 0.70 0.68 0.65 0.66 0.71 0.75 0.77 0.79 0.82 0.84 0.86 0.87 0.89 0.91 0.92 0.93 0.95 0.96 0.97 0.98 0.99 1.01 1.02 1.03 1.04 1.06 1.07 1.08 1.09 1.10 1.11 1.12 1.13 1.13 1.14 1.17 1.19 1.20 1.23 1.26 1.28 1.28 1.37 1.58 1.76 1.83 1.75 1.63 1.55 1.48 1.44 1.44 1.49 1.59 1.72 1.88 2.13 2.41 2.56 2.55 2.45 2.29 2.10 1.96 1.87 1.86 1.91 1.97 1.98 1.95 1.94 1.96 2.05 2.17 2.26 2.28 2.22 2.10 1.97 1.86 1.77 1.77 1.87
0.71 0.70 0.66 0.62 0.65 0.72 0.75 0.76 0.79 0.81 0.83 0.85 0.86 0.88 0.90 0.92 0.93 0.94 0.95 0.96 0.98 1.00 1.01 1.03 1.04 1.05 1.06 1.07 1.09 1.10 1.11 1.12 1.13 1.14 1.14 1.16 1.19 1.21 1.22 1.22 1.20 1.17 1.19 1.34 1.53 1.67 1.67 1.58 1.50 1.45 1.45 1.52 1.60 1.69 1.81 1.96 2.16 2.42 2.58 2.54 2.41 2.20 2.00 1.86 1.80 1.78 1.78 1.81 1.85 1.88 1.89 1.89 1.90 1.95 2.08 2.23 2.35 2.40 2.34 2.23 2.16 2.13 2.10 2.10
0.72 0.69 0.64 0.62 0.69 0.75 0.76 0.77 0.78 0.81 0.83 0.84 0.86 0.88 0.90 0.92 0.93 0.94 0.95 0.97 0.99 1.00 1.02 1.03 1.05 1.06 1.07 1.08 1.09 1.10 1.11 1.12 1.13 1.14 1.15 1.16 1.19 1.22 1.22 1.21 1.18 1.20 1.26 1.35 1.45 1.50 1.46 1.38 1.28 1.20 1.24 1.43 1.69 1.93 2.13 2.30 2.49 2.55 2.39 2.16 2.00 1.85 1.74 1.73 1.77 1.76 1.72 1.71 1.71 1.73 1.75 1.76 1.78 1.86 2.01 2.19 2.36 2.46 2.47 2.41 2.35 2.31 2.26 2.22
0.71 0.67 0.63 0.66 0.75 0.79 0.78 0.78 0.79 0.81 0.82 0.84 0.86 0.88 0.89 0.91 0.93 0.94 0.95 0.97 0.99 1.01 1.02 1.03 1.05 1.06 1.07 1.08 1.09 1.10 1.11 1.12 1.13 1.14 1.15 1.16 1.16 1.15 1.16 1.17 1.19 1.22 1.28 1.34 1.39 1.38 1.33 1.27 1.23 1.19 1.27 1.52 1.73 1.89 2.11 2.34 2.43 2.29 2.07 1.88 1.72 1.64 1.66 1.72 1.75 1.73 1.71 1.71 1.70 1.68 1.68 1.70 1.76 1.86 1.98 2.09 2.18 2.29 2.41 2.49 2.46 2.32 2.16 2.11
0.69 0.66 0.64 0.69 0.76 0.78 0.77 0.78 0.80 0.82 0.82 0.84 0.85 0.86 0.87 0.89 0.92 0.93 0.95 0.97 0.98 0.99 1.01 1.02 1.03 1.04 1.06 1.07 1.09 1.10 1.11 1.12 1.13 1.14 1.15 1.15 1.14 1.13 1.14 1.16 1.19 1.23 1.27 1.32 1.34 1.30 1.24 1.27 1.45 1.63 1.83 1.99 2.07 2.09 2.14 2.20 2.11 1.94 1.83 1.74 1.68 1.69 1.74 1.78 1.78 1.77 1.77 1.77 1.74 1.73 1.75 1.81 1.89 1.97 2.01 2.02 2.03 2.07 2.18 2.31 2.39 2.36 2.21 2.03
0.67 0.67 0.68 0.74 0.78 0.78 0.77 0.79 0.79 0.79 0.79 0.81 0.83 0.85 0.87 0.89 0.91 0.92 0.94 0.95 0.96 0.98 1.00 1.02 1.03 1.04 1.06 1.07 1.09 1.10 1.11 1.12 1.13 1.14 1.15 1.15 1.15 1.15 1.14 1.16 1.20 1.26 1.30 1.30 1.28 1.25 1.26 1.39 1.68 1.95 2.08 2.09 2.14 2.21 2.18 2.06 1.89 1.79 1.75 1.74 1.74 1.77 1.83 1.88 1.90 1.90 1.90 1.91 1.89 1.89 1.94 2.02 2.07 2.06 2.05 2.03 2.01 1.97 1.94 2.01 2.18 2.38 2.48 2.37
0.68 0.70 0.73 0.77 0.80 0.80 0.79 0.79 0.77 0.75 0.76 0.78 0.81 0.84 0.87 0.89 0.90 0.92 0.94 0.95 0.96 0.98 1.00 1.01 1.03 1.04 1.06 1.07 1.09 1.10 1.11 1.12 1.13 1.14 1.15 1.15 1.15 1.15 1.15 1.15 1.19 1.23 1.23 1.18 1.13 1.17 1.30 1.49 1.71 1.87 1.92 1.93 1.97 2.02 2.04 1.96 1.84 1.79 1.83 1.89 1.94 1.97 2.02 2.06 2.09 2.11 2.14 2.18 2.23 2.25 2.23 2.15 2.06 2.03 2.05 2.08 2.07 2.05 2.03 2.04 2.18 2.44 2.66 2.76
0.70 0.72 0.73 0.72 0.71 0.70 0.70 0.73 0.75 0.76 0.76 0.76 0.78 0.81 0.84 0.86 0.88 0.91 0.93 0.95 0.97 0.98 0.99 1.01 1.02 1.04 1.06 1.07 1.09 1.10 1.11 1.12 1.13 1.14 1.15 1.16 1.16 1.16 1.16 1.15 1.14 1.11 1.07 1.05 1.06 1.13 1.28 1.49 1.65 1.72 1.80 1.91 1.96 1.97 1.97 1.93 1.86 1.84 1.91 2.03 2.17 2.29 2.31 2.26 2.21 2.20 2.22 2.25 2.33 2.36 2.25 2.09 2.03 2.06 2.12 2.16 2.19 2.23 2.28 2.32 2.41 2.53 2.65 2.76
0.71 0.71 0.70 0.68 0.64 0.62 0.63 0.66 0.71 0.75 0.78 0.78 0.77 0.78 0.81 0.84 0.86 0.89 0.91 0.93 0.96 0.98 0.99 1.00 1.02 1.04 1.06 1.07 1.09 1.10 1.11 1.12 1.13 1.14 1.15 1.16 1.16 1.17 1.16 1.15 1.13 1.08 1.06 1.08 1.13 1.20 1.31 1.43 1.51 1.58 1.69 1.81 1.88 1.92 1.91 1.87 1.87 1.92 2.01 2.15 2.30 2.39 2.39 2.31 2.18 2.05 2.02 2.04 2.03 2.01 2.02 2.11 2.21 2.28 2.30 2.33 2.39 2.46 2.54 2.59 2.57 2.51 2.51 2.58
0.70 0.70 0.70 0.70 0.70 0.68 0.66 0.66 0.70 0.77 0.84 0.85 0.82 0.79 0.78 0.81 0.85 0.88 0.90 0.92 0.94 0.97 0.99 1.01 1.02 1.04 1.05 1.07 1.08 1.10 1.11 1.12 1.14 1.15 1.15 1.16 1.17 1.17 1.17 1.17 1.16 1.14 1.14 1.14 1.17 1.20 1.24 1.26 1.32 1.40 1.52 1.63 1.71 1.77 1.81 1.84 1.92 2.06 2.20 2.33 2.38 2.33 2.26 2.23 2.16 2.04 1.94 1.90 1.86 1.88 2.05 2.28 2.39 2.44 2.49 2.57 2.67 2.76 2.82 2.83 2.75 2.61 2.49 2.42
0.71 0.71 0.70 0.70 0.72 0.73 0.73 0.72 0.74 0.79 0.84 0.88 0.88 0.82 0.77 0.78 0.81 0.85 0.89 0.91 0.93 0.95 0.97 1.00 1.02 1.03 1.05 1.07 1.08 1.10 1.11 1.12 1.14 1.15 1.16 1.16 1.17 1.18 1.18 1.18 1.18 1.17 1.17 1.16 1.16 1.15 1.13 1.12 1.14 1.20 1.31 1.47 1.63 1.73 1.79 1.83 1.90 2.03 2.18 2.28 2.29 2.26 2.23 2.23 2.23 2.13 2.03 2.00 2.04 2.16 2.28 2.38 2.46 2.53 2.63 2.73 2.83 2.93 2.99 2.96 2.88 2.75 2.57 2.39
0.72 0.71 0.70 0.69 0.69 0.70 0.73 0.74 0.74 0.73 0.72 0.77 0.85 0.88 0.85 0.79 0.78 0.81 0.86 0.90 0.93 0.95 0.97 0.99 1.01 1.03 1.05 1.06 1.08 1.09 1.11 1.12 1.14 1.15 1.16 1.17 1.18 1.18 1.19 1.19 1.19 1.19 1.19 1.18 1.17 1.15 1.13 1.11 1.10 1.13 1.23 1.40 1.58 1.68 1.73 1.77 1.80 1.90 2.02 2.08 2.10 2.14 2.18 2.23 2.25 2.20 2.15 2.15 2.20 2.27 2.32 2.38 2.50 2.62 2.73 2.82 2.87 2.88 2.83 2.75 2.70 2.66 2.60 2.52
0.71 0.71 0.69 0.69 0.68 0.68 0.69 0.71 0.71 0.70 0.70 0.74 0.83 0.94 0.97 0.91 0.83 0.80 0.82 0.87 0.92 0.96 0.98 1.00 1.01 1.02 1.04 1.06 1.07 1.09 1.11 1.12 1.14 1.15 1.16 1.17 1.18 1.19 1.20 1.20 1.20 1.20 1.20 1.20 1.20 1.19 1.18 1.17 1.16 1.17 1.21 1.29 1.41 1.51 1.60 1.69 1.76 1.83 1.87 1.89 1.90 1.91 1.98 2.10 2.22 2.24 2.16 2.08 2.11 2.20 2.28 2.38 2.52 2.65 2.77 2.86 2.88 2.77 2.62 2.53 2.48 2.48 2.49 2.48
0.72 0.71 0.70 0.70 0.70 0.71 0.71 0.71 0.73 0.74 0.75 0.77 0.83 0.91 0.99 1.02 0.96 0.87 0.83 0.84 0.88 0.92 0.95 0.98 1.00 1.01 1.03 1.04 1.06 1.09 1.10 1.12 1.14 1.15 1.16 1.18 1.19 1.20 1.20 1.21 1.21 1.22 1.22 1.22 1.22 1.22 1.21 1.21 1.20 1.19 1.18 1.17 1.21 1.29 1.39 1.49 1.61 1.68 1.68 1.66 1.66 1.69 1.79 1.96 2.13 2.22 2.18 2.08 2.09 2.22 2.35 2.46 2.55 2.65 2.74 2.77 2.73 2.65 2.59 2.55 2.50 2.43 2.37 2.33
0.72 0.70 0.68 0.69 0.71 0.73 0.76 0.77 0.77 0.76 0.76 0.76 0.78 0.82 0.91 1.02 1.07 1.01 0.91 0.85 0.84 0.88 0.91 0.95 0.98 1.00 1.02 1.04 1.06 1.08 1.10 1.12 1.14 1.15 1.16 1.18 1.19 1.20 1.21 1.22 1.22 1.23 1.23 1.23 1.23 1.24 1.24 1.23 1.22 1.20 1.18 1.17 1.18 1.19 1.25 1.37 1.47 1.52 1.54 1.55 1.57 1.64 1.77 1.92 2.08 2.17 2.21 2.22 2.25 2.33 2.43 2.52 2.58 2.66 2.72 2.69 2.61 2.59 2.62 2.61 2.57 2.50 2.44 2.38
0.72 0.68 0.66 0.66 0.69 0.73 0.77 0.79 0.80 0.79 0.77 0.75 0.74 0.77 0.83 0.94 1.06 1.10 1.05 0.96 0.89 0.87 0.89 0.94 0.98 1.01 1.03 1.04 1.06 1.08 1.10 1.11 1.13 1.15 1.16 1.18 1.19 1.20 1.22 1.23 1.23 1.24 1.24 1.25 1.25 1.25 1.25 1.24 1.23 1.21 1.20 1.22 1.24 1.24 1.31 1.44 1.50 1.50 1.53 1.60 1.71 1.80 1.80 1.75 1.72 1.79 1.87 2.11 2.32 2.43 2.49 2.56 2.63 2.68 2.70 2.68 2.69 2.72 2.77 2.78 2.75 2.69 2.68 2.71
0.77 0.71 0.66 0.66 0.67 0.68 0.70 0.73 0.76 0.78 0.78 0.76 0.76 0.78 0.80 0.86 0.99 1.12 1.16 1.10 1.01 0.92 0.89 0.91 0.95 1.00 1.03 1.04 1.05 1.06 1.09 1.11 1.13 1.15 1.16 1.18 1.19 1.21 1.22 1.23 1.24 1.25 1.25 1.26 1.26 1.26 1.25 1.25 1.24 1.23 1.22 1.22 1.22 1.24 1.30 1.41 1.53 1.58 1.60 1.66 1.73 1.70 1.55 1.39 1.34 1.44 1.72 2.07 2.31 2.46 2.56 2.63 2.68 2.70 2.69 2.73 2.84 2.95 3.03 3.04 2.99 2.94 2.96 3.06
0.86 0.81 0.75 0.73 0.72 0.71 0.70 0.71 0.71 0.72 0.75 0.76 0.75 0.76 0.79 0.82 0.88 1.01 1.15 1.20 1.14 1.05 0.97 0.92 0.92 0.96 1.01 1.04 1.06 1.07 1.09 1.10 1.12 1.14 1.16 1.18 1.19 1.21 1.22 1.24 1.25 1.25 1.26 1.27 1.27 1.27 1.27 1.26 1.25 1.25 1.23 1.20 1.17 1.15 1.18 1.29 1.47 1.63 1.68 1.63 1.49 1.35 1.42 1.57 1.75 1.92 2.12 2.25 2.32 2.41 2.52 2.61 2.64 2.63 2.64 2.76 2.92 3.02 3.06 3.06 3.05 3.07 3.19 3.46
0.95 0.94 0.90 0.82 0.76 0.76 0.79 0.82 0.83 0.80 0.79 0.81 0.78 0.74 0.77 0.82 0.84 0.88 1.02 1.17 1.25 1.23 1.15 1.04 0.97 0.96 1.00 1.04 1.06 1.08 1.09 1.10 1.12 1.14 1.16 1.17 1.19 1.21 1.22 1.24 1.25 1.26 1.27 1.27 1.28 1.28 1.28 1.27 1.27 1.26 1.24 1.21 1.16 1.11 1.10 1.15 1.25 1.40 1.51 1.46 1.36 1.44 1.75 2.07 2.28 2.37 2.35 2.29 2.28 2.32 2.40 2.48 2.56 2.62 2.71 2.78 2.85 2.90 2.95 3.08 3.29 3.54 3.90 4.38
1.01 1.11 1.19 1.10 0.96 0.88 0.90 0.95 0.95 0.91 0.86 0.84 0.85 0.82 0.77 0.79 0.83 0.86 0.92 1.06 1.21 1.31 1.32 1.25 1.14 1.04 0.98 0.97 0.98 1.02 1.05 1.08 1.10 1.13 1.15 1.17 1.19 1.21 1.23 1.24 1.25 1.27 1.27 1.28 1.29 1.29 1.29 1.29 1.28 1.27 1.25 1.22 1.18 1.14 1.09 1.05 1.00 0.99 1.07 1.19 1.33 1.54 1.77 2.01 2.22 2.34 2.34 2.27 2.22 2.24 2.29 2.35 2.44 2.55 2.66 2.70 2.72 2.81 3.00 3.30 3.71 4.11 4.41 4.50
1.03 1.16 1.39 1.50 1.48 1.36 1.24 1.23 1.18 1.06 0.97 0.92 0.91 0.92 0.88 0.83 0.84 0.87 0.89 0.94 1.03 1.16 1.30 1.37 1.34 1.25 1.12 0.99 0.93 0.94 0.98 1.03 1.08 1.11 1.14 1.16 1.19 1.21 1.22 1.24 1.25 1.27 1.28 1.29 1.29 1.30 1.30 1.30 1.30 1.29 1.27 1.25 1.22 1.19 1.13 1.05 0.95 0.86 0.86 0.99 1.15 1.32 1.48 1.66 1.88 2.07 2.20 2.27 2.29 2.29 2.27 2.25 2.29 2.36 2.43 2.50 2.57 2.66 2.91 3.24 3.55 3.77 3.72 3.24
0.90 0.88 1.02 1.28 1.47 1.54 1.53 1.52 1.53 1.48 1.40 1.36 1.31 1.22 1.17 1.10 1.02 0.95 0.90 0.89 0.94 1.02 1.11 1.24 1.36 1.40 1.33 1.15 1.00 0.94 0.93 0.97 1.03 1.08 1.12 1.15 1.18 1.20 1.22 1.24 1.26 1.27 1.28 1.29 1.30 1.31 1.31 1.31 1.31 1.30 1.29 1.28 1.26 1.23 1.19 1.13 1.07 1.00 0.95 0.96 1.02 1.10 1.20 1.32 1.42 1.59 1.85 2.10 2.26 2.29 2.25 2.22 2.27 2.34 2.37 2.37 2.36 2.46 2.68 2.95 3.07 2.96 2.60 2.28
0.76 0.66 0.54 0.57 0.75 0.99 1.13 1.21 1.35 1.48 1.51 1.52 1.53 1.49 1.43 1.35 1.28 1.17 1.04 0.94 0.93 0.97 1.01 1.06 1.16 1.33 1.47 1.39 1.21 1.08 0.99 0.95 0.97 1.03 1.09 1.13 1.17 1.19 1.22 1.24 1.26 1.27 1.29 1.30 1.31 1.31 1.32 1.32 1.32 1.32 1.31 1.30 1.29 1.27 1.25 1.22 1.18 1.15 1.11 1.08 1.07 1.06 1.03 0.98 0.98 1.11 1.35 1.58 1.77 1.94 2.11 2.26 2.32 2.34 2.31 2.25 2.26 2.35 2.49 2.57 2.50 2.24 2.03 2.12
0.80 0.69 0.51 0.43 0.47 0.56 0.60 0.63 0.77 0.96 1.01 1.02 1.08 1.17 1.23 1.26 1.28 1.30 1.26 1.15 1.04 0.99 0.99 1.02 1.06 1.22 1.50 1.63 1.52 1.34 1.19 1.07 0.98 0.98 1.03 1.09 1.14 1.18 1.21 1.24 1.25 1.27 1.29 1.30 1.31 1.32 1.33 1.33 1.33 1.33 1.33 1.32 1.31 1.30 1.29 1.27 1.25 1.23 1.22 1.20 1.18 1.14 1.08 1.00 0.96 0.96 0.98 1.04 1.19 1.44 1.79 2.06 2.13 2.11 2.10 2.15 2.24 2.30 2.30 2.15 1.97 1.90 2.02 2.28
0.90 0.81 0.67 0.58 0.56 0.57 0.54 0.49 0.55 0.67 0.71 0.72 0.75 0.80 0.88 0.95 1.03 1.14 1.25 1.28 1.25 1.18 1.12 1.11 1.11 1.15 1.33 1.58 1.67 1.57 1.43 1.30 1.14 1.02 0.99 1.05 1.11 1.16 1.20 1.23 1.25 1.27 1.29 1.30 1.31 1.32 1.33 1.34 1.34 1.34 1.34 1.34 1.34 1.33 1.32 1.32 1.31 1.30 1.29 1.28 1.27 1.25 1.22 1.19 1.14 1.07 1.00 0.96 1.00 1.13 1.31 1.45 1.58 1.61 1.73 1.88 2.04 2.11 2.06 1.95 1.87 1.97 2.26 2.53
1.07 0.95 0.76 0.67 0.64 0.64 0.60 0.56 0.57 0.62 0.68 0.72 0.75 0.77 0.80 0.83 0.87 0.93 1.03 1.13 1.24 1.29 1.29 1.25 1.19 1.15 1.22 1.41 1.61 1.66 1.58 1.48 1.38 1.21 1.08 1.06 1.08 1.12 1.17 1.21 1.24 1.27 1.29 1.30 1.32 1.33 1.33 1.34 1.35 1.35 1.36 1.36 1.36 1.36 1.35 1.35 1.34 1.34 1.34 1.33 1.33 1.32 1.30 1.29 1.26 1.22 1.19 1.16 1.13 1.11 1.06 1.01 1.02 1.18 1.41 1.60 1.77 1.87 1.88 1.92 2.02 2.26 2.58 2.58
1.29 1.13 0.85 0.70 0.67 0.66 0.62 0.61 0.61 0.62 0.66 0.72 0.76 0.79 0.81 0.84 0.86 0.90 0.93 0.97 1.05 1.14 1.22 1.24 1.20 1.17 1.21 1.33 1.49 1.61 1.62 1.58 1.54 1.45 1.30 1.18 1.14 1.13 1.15 1.19 1.24 1.27 1.29 1.30 1.31 1.33 1.34 1.35 1.35 1.36 1.37 1.37 1.38 1.38 1.38 1.38 1.38 1.38 1.38 1.38 1.37 1.37 1.36 1.35 1.34 1.33 1.32 1.31 1.29 1.22 1.14 1.05 1.04 1.16 1.37 1.58 1.74 1.82 1.85 1.97 2.29 2.67 2.71 2.33
1.59 1.37 1.01 0.78 0.69 0.66 0.62 0.60 0.61 0.61 0.63 0.67 0.71 0.76 0.79 0.82 0.86 0.91 0.94 0.96 0.98 1.02 1.08 1.14 1.14 1.11 1.13 1.23 1.40 1.57 1.63 1.62 1.60 1.54 1.41 1.28 1.20 1.17 1.17 1.18 1.22 1.26 1.29 1.31 1.32 1.33 1.34 1.35 1.36 1.37 1.37 1.38 1.39 1.39 1.40 1.40 1.41 1.41 1.42 1.42 1.42 1.41 1.41 1.40 1.40 1.40 1.40 1.39 1.37 1.34 1.31 1.28 1.28 1.32 1.42 1.57 1.71 1.81 1.95 2.16 2.56 2.72 2.34 1.86
