windninja/windninja_output/Output_2025-08-09_1600-1650_Google earth_Fire_150m_10min/merlingen_7.5mi_point_08-09-2025_1610_150m_ang.asc
ncols	158
nrows	163
xllcorner	391686.332397
yllcorner	5160024.123721
cellsize	150.000000
NODATA_value	-32768.000000
[rows 49 to 97 of 163, columns 0 to 95 of 158]
337 338 342 345 346 344 344 344 346 348 349 350 351 351 352 352 352 352 353 353 353 353 353 353 353 352 352 352 351 351 350 349 349 347 346 344 343 342 342 341 342 344 349 353 354 352 352 357 3 10 18 22 20 17 13 7 360 352 350 352 354 354 356 354 351 353 357 1 4 6 8 11 15 20 24 22 18 14 11 9 8 7 5 5 4 4 4 2 358 358 2 9 12 13 15 21
338 340 343 347 346 345 346 346 346 347 349 351 351 352 353 353 353 353 354 354 354 354 353 353 353 353 353 353 352 352 351 350 350 349 347 345 343 343 343 343 344 345 346 348 349 350 354 1 10 19 21 19 13 9 6 0 354 350 352 356 358 0 0 356 352 353 358 2 5 7 10 13 17 21 21 17 14 12 11 10 9 7 6 5 3 1 359 357 357 360 5 13 18 21 24 26
340 341 344 346 345 346 349 349 348 347 349 351 352 352 353 354 354 354 354 354 354 354 354 354 354 354 354 354 353 353 352 352 351 350 348 346 344 343 343 344 345 344 344 345 346 349 356 8 20 23 18 11 7 4 360 354 350 353 358 2 4 6 2 355 352 355 359 3 6 8 11 15 18 18 17 14 12 10 10 10 10 10 9 6 2 359 356 356 359 3 8 16 23 28 28 22
344 344 344 344 343 345 350 352 351 349 350 351 353 353 354 354 354 355 355 355 355 355 355 355 355 355 355 354 354 354 353 353 352 351 350 348 346 344 343 344 345 344 342 343 345 350 358 10 17 13 6 4 4 2 355 349 350 358 5 9 9 7 1 354 353 356 360 4 8 10 12 14 15 15 15 13 11 9 8 8 11 14 12 7 2 358 357 358 1 6 12 18 23 25 21 5
348 346 344 344 344 346 350 353 353 352 351 352 353 354 354 354 355 355 355 355 356 356 355 355 356 356 355 355 355 354 354 354 353 352 351 350 349 347 345 344 344 344 342 342 345 352 360 5 6 3 1 1 2 0 354 350 354 3 10 13 10 5 359 355 354 357 1 6 9 10 10 11 13 15 14 13 12 10 7 7 10 13 12 11 7 2 359 0 4 11 15 16 16 14 1 341
349 348 345 343 345 348 351 354 357 356 353 352 353 354 354 355 356 356 356 356 356 356 356 356 356 356 356 356 356 355 355 354 354 353 352 351 350 349 347 344 343 342 343 343 344 350 357 358 356 357 1 2 0 358 356 354 358 7 12 12 9 4 358 355 356 358 1 5 8 9 9 12 15 16 14 14 13 11 8 6 7 8 9 10 11 10 6 4 8 12 14 12 7 2 342 327
348 348 347 344 344 347 350 354 359 359 356 353 352 353 354 355 356 356 357 357 357 357 357 357 357 357 357 357 356 356 356 355 355 354 354 353 352 351 349 346 343 341 343 345 344 346 349 351 351 354 360 1 360 358 356 357 3 9 10 8 5 1 358 357 357 360 2 5 7 10 14 18 18 15 13 13 13 10 7 5 3 3 6 9 11 12 13 13 14 14 12 6 359 351 333 325
347 347 349 349 347 347 348 351 357 0 359 356 354 353 354 355 356 356 357 357 358 358 358 357 357 357 357 357 357 357 357 356 356 355 355 354 353 352 351 349 346 345 345 346 345 343 343 344 346 351 357 359 359 358 357 360 6 9 8 4 360 358 359 1 1 1 3 5 8 15 21 19 15 12 12 12 10 7 5 4 2 2 5 7 9 12 16 18 19 18 12 1 349 341 334 332
348 348 350 353 354 352 351 350 353 357 359 0 359 355 354 355 356 357 357 358 358 358 359 358 358 358 358 358 358 358 357 357 357 356 356 355 354 353 352 351 350 349 347 346 345 343 340 339 341 346 352 357 358 357 358 1 5 6 3 359 357 358 1 5 6 4 4 7 13 19 18 14 12 11 10 9 7 5 4 4 4 5 6 8 11 15 19 21 20 16 6 350 341 337 334 336
350 350 351 353 355 357 356 354 351 353 357 2 4 2 357 354 355 357 358 358 358 359 359 359 359 359 359 359 358 358 358 358 357 357 357 356 355 355 354 353 352 351 349 348 346 343 340 337 336 340 347 354 356 356 358 1 3 2 359 356 357 360 3 8 9 8 6 8 13 15 11 10 10 9 8 6 4 2 3 4 6 8 10 12 16 20 22 21 15 5 350 340 337 335 334 343
351 352 353 354 356 357 358 357 353 352 355 1 5 6 2 357 355 355 357 358 359 359 359 359 359 359 359 359 359 359 359 359 358 358 358 357 357 356 355 354 354 353 351 350 348 346 344 340 336 336 341 348 352 354 358 2 2 359 355 354 356 0 5 10 12 10 7 8 12 11 9 8 8 7 5 4 2 1 3 6 9 11 13 15 18 21 21 15 4 349 338 334 334 334 338 360
353 354 356 357 358 358 359 358 357 355 355 357 1 4 6 3 359 355 356 357 358 359 359 360 0 0 0 360 360 360 359 359 359 359 358 358 358 357 356 356 355 354 353 352 351 349 347 344 341 337 336 340 345 350 357 2 1 356 353 354 356 0 6 11 13 12 9 10 11 10 8 7 5 4 3 2 1 3 7 10 11 13 16 18 19 19 15 6 352 339 334 333 334 339 354 12
356 357 358 359 360 0 360 359 358 358 357 356 356 1 6 8 5 360 357 356 357 358 360 1 1 1 1 0 0 0 0 360 360 359 359 359 358 358 357 357 356 355 354 353 352 351 349 347 344 340 337 336 339 345 354 0 359 354 352 353 356 0 5 10 13 13 13 12 10 8 6 5 2 2 1 1 3 7 10 12 14 16 19 21 19 15 5 354 342 334 333 337 341 354 10 23
0 0 0 360 0 1 1 0 0 360 358 356 355 358 3 8 9 6 2 358 357 358 360 1 2 2 1 1 1 1 1 1 0 0 360 360 359 359 358 358 357 356 356 355 354 352 351 349 347 343 340 338 337 341 351 358 356 353 353 354 357 359 2 7 11 14 15 13 8 5 4 3 1 360 0 2 5 9 11 13 16 18 22 23 19 10 355 343 336 334 336 343 356 10 22 34
8 6 2 1 359 360 1 2 2 2 1 358 356 356 359 4 9 10 7 3 359 358 359 1 2 2 2 1 1 1 1 1 1 1 1 0 360 360 359 359 358 358 357 356 355 354 352 351 349 346 343 340 338 340 348 355 356 354 353 353 355 357 1 8 15 17 16 10 5 3 3 2 360 359 360 3 7 9 11 14 17 20 22 20 14 1 346 336 332 334 344 356 10 23 35 45
18 12 4 1 360 359 0 3 4 4 4 0 357 357 358 0 5 9 10 8 5 2 0 0 1 2 2 2 2 2 2 2 2 1 1 1 1 0 0 360 359 358 358 357 356 355 354 353 351 349 345 341 339 340 343 350 355 355 353 351 352 359 9 20 22 17 8 2 1 1 2 1 359 359 0 4 6 7 10 14 18 20 18 15 6 351 340 335 334 341 357 9 22 37 48 58
21 16 7 3 1 1 2 4 5 5 4 2 358 357 358 358 1 6 10 12 10 7 4 1 0 1 3 3 3 2 2 2 2 2 2 2 1 1 1 0 360 359 359 358 357 356 355 354 353 351 348 344 340 338 340 343 350 354 353 351 353 7 19 19 13 6 360 357 358 359 360 360 359 360 1 2 3 5 10 15 19 19 15 9 359 345 338 337 343 356 9 22 37 49 60 71
17 14 10 6 4 2 2 5 7 6 3 3 2 358 357 359 360 2 7 11 11 10 9 6 2 1 2 3 3 3 3 3 3 3 2 2 2 2 1 1 1 0 360 359 358 358 357 355 354 352 350 347 343 340 338 337 340 348 353 355 359 6 8 7 5 2 359 358 358 358 358 358 359 360 360 359 1 5 10 15 16 13 7 359 352 345 341 344 358 10 21 35 47 60 71 79
4 7 10 11 8 2 1 6 9 8 5 4 4 1 358 359 1 1 3 6 10 12 12 10 7 4 4 4 4 4 3 3 3 3 3 3 2 2 2 2 1 1 1 0 359 359 358 357 356 354 353 350 348 344 341 336 333 337 348 356 359 358 357 359 1 1 1 0 358 357 357 357 358 358 358 359 1 4 9 10 7 3 356 350 348 345 346 358 11 22 33 45 58 67 72 76
344 355 5 9 9 6 3 8 13 11 7 5 4 4 2 0 1 1 1 3 8 10 11 12 11 10 10 8 5 3 3 3 3 3 3 3 3 3 3 2 2 2 1 1 0 360 359 358 357 356 355 353 351 349 346 342 337 336 342 350 352 349 349 351 355 360 2 1 359 357 357 357 356 356 357 359 0 3 4 2 358 354 349 348 348 345 353 9 20 33 44 56 65 68 67 66
332 339 355 4 8 9 8 9 12 11 7 6 6 6 6 5 4 4 3 4 6 8 9 11 12 15 17 14 8 4 2 2 2 3 3 3 3 3 3 3 3 3 2 2 1 1 0 359 358 358 356 355 354 352 350 348 346 344 344 346 346 342 341 343 347 354 358 358 358 358 359 358 355 355 357 359 0 1 359 356 354 351 352 357 350 347 360 16 31 42 51 59 62 61 59 55
337 337 341 353 6 14 13 9 10 11 10 10 11 11 10 10 9 10 9 6 6 7 8 10 12 16 19 17 11 7 4 2 1 2 3 3 4 4 4 4 3 3 3 3 2 2 1 0 360 359 358 357 356 355 354 352 351 350 349 348 347 342 337 336 337 342 347 350 353 357 359 357 354 355 358 1 1 359 356 353 354 356 3 1 349 350 8 26 40 49 54 55 53 50 45 40
352 352 350 354 8 19 16 9 10 15 17 18 19 18 16 14 13 14 13 11 9 9 9 10 9 10 15 17 15 12 9 5 2 1 2 3 3 4 4 4 4 4 4 3 3 3 2 2 1 0 359 359 358 357 356 355 354 354 353 352 350 347 344 341 337 335 335 338 343 349 352 352 354 356 360 2 0 357 355 356 359 5 6 356 349 359 19 34 47 54 54 51 45 37 31 22
8 7 6 8 12 17 16 11 13 23 28 29 27 24 21 18 15 15 15 14 13 11 10 9 6 5 10 16 18 16 12 10 7 3 1 2 3 4 4 5 5 4 4 4 4 3 3 2 2 1 1 360 359 359 358 357 356 356 355 354 353 351 350 348 345 341 338 336 335 336 337 342 350 357 359 359 359 357 358 2 6 6 359 351 352 11 28 42 52 54 49 46 43 35 20 355
22 20 18 17 19 20 18 15 17 24 27 26 24 21 19 17 15 14 15 14 13 12 11 10 7 5 8 14 18 18 16 14 12 8 3 2 3 3 4 5 5 5 5 5 5 4 4 3 3 2 2 1 1 360 359 359 358 357 357 356 355 354 353 351 350 348 346 343 339 334 330 331 340 351 355 355 356 357 0 6 7 1 351 349 2 24 38 47 51 47 40 37 37 29 356 339
35 35 32 29 28 27 23 22 22 22 22 21 20 19 16 14 14 13 13 12 12 13 13 12 9 6 7 12 17 19 18 16 14 11 7 4 4 4 4 4 5 6 6 6 5 5 5 4 4 3 3 2 2 1 0 360 359 359 358 357 356 356 355 354 353 351 350 347 345 342 338 336 337 343 348 350 353 357 2 5 2 353 347 354 18 37 46 48 46 41 32 25 18 355 342 334
48 48 48 46 44 40 33 27 24 20 19 19 18 17 15 13 13 13 12 11 12 13 14 14 11 8 8 11 15 18 18 17 16 15 13 9 7 5 4 4 5 6 6 6 6 6 6 5 5 4 4 3 3 2 1 1 0 360 359 359 358 357 356 355 354 353 352 350 349 348 346 344 342 341 342 344 348 356 2 0 352 347 349 10 34 44 46 44 42 40 29 14 357 339 334 333
57 58 61 65 69 67 51 32 24 19 16 16 16 15 13 12 12 12 12 12 12 12 13 13 12 10 10 10 12 16 19 19 20 21 18 13 9 7 5 5 5 6 7 7 7 7 6 6 5 5 4 4 3 3 2 2 1 1 0 360 359 358 358 357 356 355 354 352 351 350 349 347 345 343 340 339 343 351 356 353 345 346 3 34 52 53 49 49 46 40 23 1 341 330 330 335
64 65 70 78 88 96 90 44 15 9 9 11 12 12 12 12 11 11 11 12 12 12 12 12 13 14 13 10 10 14 19 23 23 22 20 15 11 8 7 5 6 7 8 8 8 8 7 7 6 6 5 4 4 3 3 2 2 2 1 1 360 359 359 358 357 356 355 354 353 352 351 349 348 346 343 339 340 344 348 346 344 356 29 51 57 57 55 49 39 20 0 347 337 331 333 339
72 72 71 79 98 115 141 297 337 349 358 6 9 11 12 11 10 10 10 12 12 12 12 12 13 15 15 13 10 11 17 21 21 20 19 17 13 12 10 7 6 7 8 9 9 9 8 8 7 6 5 5 4 4 3 3 3 2 2 1 1 0 360 359 358 357 356 355 354 353 352 351 350 348 346 342 340 341 342 343 350 15 37 44 40 38 36 26 8 357 348 341 336 334 338 342
72 70 65 63 76 90 354 316 327 340 352 1 7 9 11 10 10 10 10 12 12 12 12 12 11 13 15 14 12 10 12 16 19 20 20 18 16 15 14 11 7 7 9 10 10 10 10 9 8 7 6 5 4 4 4 4 3 3 3 2 2 1 0 360 359 358 357 356 355 354 354 353 351 350 348 346 343 341 339 342 358 19 26 25 25 24 20 6 353 345 341 338 336 336 340 343
65 60 49 43 35 18 355 342 342 346 352 359 6 9 11 11 11 11 11 11 12 12 13 12 9 10 13 15 14 11 10 12 16 19 20 20 18 17 17 16 11 9 11 12 12 12 12 11 10 7 5 4 4 4 4 4 4 3 3 3 2 2 1 0 360 359 358 357 356 356 355 354 352 351 350 348 346 343 340 344 360 12 14 16 18 17 6 352 345 341 339 337 336 337 339 340
64 61 48 32 23 20 12 1 359 358 358 2 8 11 13 13 13 13 12 11 12 12 13 11 8 9 12 15 15 13 10 10 12 15 19 21 20 18 18 18 16 13 14 16 17 16 16 15 13 7 2 1 2 3 4 4 4 4 4 3 3 2 2 1 0 360 359 358 357 356 356 355 353 352 351 349 348 346 344 347 355 3 10 15 16 9 352 343 341 341 340 339 338 338 340 339
72 67 41 20 19 28 26 18 13 11 9 9 12 15 16 16 15 15 13 11 11 12 12 11 8 9 11 13 14 14 12 11 12 16 20 23 22 20 19 19 18 16 16 16 16 15 14 13 11 7 1 358 359 2 3 4 5 5 4 4 3 3 2 2 1 0 360 359 358 357 356 355 354 353 352 351 349 348 346 347 350 359 9 15 11 355 344 340 339 340 341 341 341 342 342 341
52 39 20 21 27 34 33 29 26 24 21 18 18 20 21 20 20 19 16 12 10 10 11 10 7 7 10 11 13 15 15 15 16 18 22 24 25 24 21 20 19 17 14 13 12 11 10 8 8 8 7 4 1 1 3 5 5 5 5 4 4 3 3 2 1 1 0 359 359 358 357 356 355 354 353 351 350 349 347 347 349 356 5 9 359 345 338 337 337 337 339 341 342 343 343 343
36 29 27 36 41 42 40 41 41 38 30 25 23 25 26 25 23 22 19 14 11 8 9 8 3 3 8 11 13 15 16 16 18 20 24 26 27 26 24 22 19 16 14 13 12 12 11 9 9 10 11 10 7 5 5 6 6 6 5 5 4 4 3 2 2 1 1 0 359 358 357 356 355 354 353 352 351 350 348 348 350 354 360 360 349 341 336 335 335 335 336 338 340 343 343 343
33 40 49 53 55 54 53 52 50 43 34 28 27 27 28 27 26 26 23 18 13 8 5 4 1 0 6 12 14 15 16 18 18 20 23 24 25 27 26 23 19 16 16 15 16 16 15 14 13 12 13 14 14 11 8 7 7 6 6 5 4 4 3 3 2 2 1 1 360 359 358 357 356 355 354 352 351 350 349 348 349 351 355 353 342 337 337 337 337 336 336 337 340 342 344 344
45 53 61 63 65 64 59 53 48 41 34 30 29 27 29 30 30 31 31 27 21 12 3 355 353 357 5 11 14 15 16 18 17 17 19 21 22 24 25 23 19 16 16 17 18 19 18 18 17 14 13 15 15 14 11 9 8 7 6 5 4 4 3 3 3 2 2 1 0 359 359 358 356 355 354 353 351 350 348 347 346 347 348 346 339 335 335 336 337 338 338 338 339 341 343 345
61 65 69 68 64 57 50 42 39 38 36 33 31 28 31 33 33 35 35 32 25 12 357 344 344 353 3 9 14 16 17 18 18 15 16 19 20 22 24 23 20 16 15 17 19 21 21 21 21 19 16 14 14 14 13 11 9 7 6 5 4 3 3 3 3 3 2 1 1 360 359 358 357 356 354 353 351 349 347 345 342 340 339 337 335 335 336 335 335 337 337 336 334 335 339 342
68 67 62 53 45 39 37 35 37 41 40 33 28 26 27 29 32 35 34 28 17 2 350 347 349 355 4 10 15 18 19 19 19 19 18 19 20 22 24 25 24 21 17 16 18 21 22 23 23 21 18 14 13 13 13 12 11 8 5 3 2 2 3 3 3 3 3 2 1 0 359 358 357 356 355 353 351 349 347 344 339 334 330 327 326 331 335 335 336 335 333 331 328 325 322 324
63 57 45 41 38 34 34 36 38 40 38 30 25 25 27 29 31 32 30 21 6 352 350 354 359 2 7 13 17 20 21 21 21 21 21 21 20 22 27 30 30 26 21 18 18 20 23 25 24 21 18 15 11 9 10 12 14 13 6 359 358 0 2 3 3 3 3 2 2 1 360 359 358 356 355 353 351 349 347 343 338 332 326 320 315 317 325 330 334 332 327 324 322 318 314 313
57 51 43 43 42 37 34 34 33 33 34 28 23 25 28 28 27 27 25 13 354 350 356 6 7 7 11 16 19 22 23 23 23 23 24 24 22 21 24 30 32 30 27 23 20 21 24 26 26 23 19 15 10 8 9 13 17 16 8 357 354 358 2 3 4 4 3 3 2 1 0 359 358 357 355 353 352 349 347 343 339 333 328 321 315 314 318 322 325 322 317 317 321 321 321 321
49 44 37 34 32 28 24 23 23 28 31 28 23 22 22 20 20 21 22 8 351 354 8 15 13 13 16 20 22 24 25 26 26 25 25 25 24 21 20 24 29 31 30 27 24 23 25 28 29 26 21 15 11 8 8 12 14 11 8 4 358 359 2 4 4 4 4 3 3 2 1 360 359 357 356 354 352 350 347 344 340 335 330 326 323 321 320 320 319 314 308 307 309 306 305 308
38 32 25 23 22 17 10 8 12 21 28 26 22 21 20 18 16 14 12 8 3 6 18 22 20 19 22 25 26 28 29 29 29 27 26 26 25 23 21 21 26 31 33 31 28 26 28 31 33 32 27 17 11 6 4 5 7 7 10 11 7 3 3 5 5 5 5 4 3 3 2 0 359 358 356 355 353 350 348 345 341 337 331 326 322 319 318 316 312 304 290 283 282 280 279 284
24 20 16 16 16 13 9 6 8 17 23 19 14 11 12 14 10 6 10 15 19 17 22 26 24 25 27 28 30 31 33 34 33 29 26 26 27 26 24 22 22 28 34 35 33 32 31 32 34 34 30 18 8 5 1 358 2 9 15 18 14 8 6 6 6 6 5 5 4 3 2 1 360 359 357 355 354 351 349 346 343 338 333 327 319 314 310 306 298 287 280 280 282 283 284 287
5 8 10 12 14 13 12 9 7 14 20 18 13 11 11 14 14 14 21 31 30 25 26 30 29 30 30 31 33 35 38 39 37 30 27 27 28 28 26 23 19 21 29 33 33 32 30 29 30 28 24 16 7 6 4 0 3 12 17 19 17 12 9 7 7 6 6 5 5 4 3 2 0 359 358 356 355 352 350 348 345 341 337 331 324 317 311 304 298 297 300 303 305 306 305 305
342 355 7 11 14 15 14 9 5 10 20 23 22 23 23 29 31 40 42 41 37 39 39 42 38 35 34 34 34 36 37 36 34 31 28 29 30 29 27 24 19 16 22 27 28 27 26 24 22 19 18 18 13 10 10 8 7 11 14 16 16 13 10 8 7 7 6 6 5 4 3 2 1 0 359 357 356 354 351 349 346 344 340 336 332 327 322 318 316 317 318 318 319 320 319 319
322 340 2 9 15 19 18 13 8 15 36 42 44 46 51 58 59 63 58 43 47 54 57 59 51 42 37 36 35 33 34 35 36 36 33 32 33 31 29 26 21 14 16 22 24 23 22 20 18 17 21 25 23 17 16 14 12 13 13 14 15 13 10 9 8 7 7 6 5 5 4 3 2 1 360 358 357 355 353 351 348 346 343 340 337 334 331 329 328 328 328 327 327 327 327 326
311 327 355 9 22 29 29 27 26 34 51 60 65 60 64 67 71 71 61 49 54 62 68 70 58 40 35 36 37 37 41 45 46 44 41 38 38 36 32 28 23 15 13 18 22 22 22 22 23 27 32 33 30 23 21 21 19 17 16 15 14 13 11 9 8 7 7 6 6 6 5 4 3 2 0 359 358 356 354 352 350 348 346 343 341 339 337 336 335 334 333 333 333 332 332 331
