windninja/windninja_output/Output_2025-08-09_1600-1650_Google earth_Fire_150m_10min/merlingen_7.5mi_point_08-09-2025_1640_150m_ang.asc
ncols	158
nrows	163
xllcorner	391686.332397
yllcorner	5160024.123721
cellsize	150.000000
NODATA_value	-32768.000000
[rows 94 to 140 of 163, columns 0 to 95 of 158]
57 53 47 48 50 48 41 29 21 32 40 36 28 25 25 33 38 44 56 58 45 32 31 36 40 49 55 59 61 62 65 69 72 71 66 63 62 60 59 55 49 45 47 49 48 48 49 50 51 49 47 41 25 19 17 13 17 24 24 23 19 12 8 6 4 3 2 360 358 356 354 352 350 348 346 344 341 339 336 333 330 326 323 318 312 306 300 294 286 282 282 283 284 284 285 285
50 49 49 52 56 54 48 38 29 40 48 46 41 40 42 52 55 63 64 55 43 42 42 48 53 58 60 61 61 61 64 69 71 70 67 66 66 65 62 59 52 44 45 45 43 42 42 42 43 41 40 37 27 22 24 22 21 23 22 22 20 14 10 8 6 5 3 1 359 357 355 353 351 349 347 344 342 339 337 334 331 327 324 320 315 311 305 299 296 294 293 292 292 292 291 291
39 48 52 54 55 52 48 45 48 64 73 66 61 59 66 73 73 76 69 47 45 52 57 65 69 69 66 64 63 63 66 68 69 69 69 71 71 69 67 63 58 51 47 46 44 40 38 38 37 38 39 39 35 28 29 29 27 26 24 22 20 16 12 10 8 6 3 2 0 358 356 354 352 350 348 345 343 340 337 334 332 328 325 322 318 314 310 307 304 302 300 299 298 297 296 295
25 46 55 56 57 55 52 51 56 68 76 74 73 70 75 78 82 80 67 48 48 57 67 77 81 76 69 67 67 70 74 74 72 71 73 75 77 76 73 69 64 58 51 52 50 46 44 44 45 47 47 45 41 35 34 35 34 31 28 25 21 18 15 11 9 6 4 3 2 360 357 355 353 351 348 346 343 341 338 335 333 330 326 323 320 317 314 311 309 307 305 303 302 301 300 299
17 49 63 66 68 64 60 58 60 64 70 79 86 87 87 87 85 78 63 53 51 58 69 78 76 65 64 68 72 76 79 79 78 76 76 78 81 83 82 77 71 65 58 57 58 57 57 58 57 55 52 48 45 41 38 38 37 34 30 27 24 21 18 13 9 7 6 4 3 1 358 356 354 352 350 347 344 342 339 336 333 331 328 325 322 320 317 314 312 310 308 307 305 304 303 302
27 62 75 77 79 78 76 73 70 69 72 77 82 89 90 87 82 73 63 56 54 62 70 70 59 52 62 70 75 78 80 82 83 82 81 82 83 85 87 87 81 74 66 60 58 58 59 59 56 53 51 48 45 42 40 38 38 36 33 28 25 23 22 17 10 7 5 4 3 2 360 357 355 353 351 348 345 343 340 337 335 332 329 327 324 321 319 317 315 313 311 309 308 307 306 304
45 63 75 79 81 80 81 81 78 75 76 76 77 83 86 82 79 76 66 59 65 74 74 64 53 56 65 71 76 79 81 84 88 90 90 89 87 86 88 92 91 84 75 65 60 59 58 57 54 51 49 47 43 41 40 38 37 38 35 28 24 23 23 21 15 8 5 3 3 3 1 359 357 354 351 349 346 343 341 338 335 333 330 328 326 323 321 319 317 315 314 312 310 309 308 306
55 65 75 77 78 79 80 80 79 78 77 74 72 71 72 72 71 70 65 67 79 82 72 60 58 64 69 74 77 80 83 87 92 96 99 100 97 94 93 95 98 94 87 77 66 62 60 58 54 51 49 46 44 43 42 40 37 37 36 32 27 24 24 23 20 13 7 4 4 4 3 0 358 355 353 350 347 344 341 339 336 334 331 329 327 325 323 321 319 317 315 314 312 311 310 308
62 68 74 75 76 77 78 78 78 77 76 73 69 63 60 62 64 63 61 69 77 72 62 61 63 67 72 76 79 82 85 88 92 97 102 107 108 105 102 102 105 106 100 92 77 64 58 55 51 50 48 47 45 43 43 41 37 37 36 33 28 24 23 25 24 19 13 10 8 8 6 1 358 356 354 351 348 345 342 339 337 334 332 330 328 326 324 322 320 319 317 316 314 313 311 310
65 68 72 73 74 75 76 77 77 77 76 75 72 69 69 68 68 66 66 71 69 58 59 64 65 67 72 78 81 84 87 89 91 95 100 107 114 115 112 110 112 116 114 109 97 75 62 55 51 49 49 48 46 42 41 39 38 37 36 34 30 25 24 26 27 24 19 15 13 13 12 7 360 356 354 351 348 344 342 339 336 334 332 330 328 327 325 323 321 320 318 317 316 314 312 310
66 68 70 72 74 76 77 77 77 78 80 80 81 85 88 87 81 76 75 74 64 57 60 63 63 64 69 75 79 85 89 90 91 94 98 104 112 118 118 117 119 124 126 125 120 100 74 61 53 50 49 48 46 44 42 40 38 37 37 36 33 30 27 27 28 26 22 18 15 15 17 16 10 1 354 349 344 341 339 338 336 334 332 330 329 327 326 324 322 321 319 318 317 315 313 311
68 68 69 70 73 75 76 77 77 79 82 86 90 93 95 94 90 84 79 72 65 62 62 61 61 62 67 71 76 82 87 90 93 93 95 101 109 118 122 124 125 129 132 134 138 127 91 66 53 48 47 46 44 44 44 42 39 38 38 38 36 33 31 30 31 29 25 20 17 17 20 21 21 14 3 352 342 338 334 331 330 330 331 330 329 328 326 325 323 321 320 319 318 316 314 312
68 67 67 67 70 72 74 74 75 77 80 83 87 89 91 91 87 83 76 68 65 67 65 60 59 61 64 67 72 79 85 90 92 89 90 98 108 118 124 128 130 132 134 138 147 148 123 76 56 49 47 44 42 42 42 41 40 39 39 39 37 34 33 32 31 30 28 23 19 20 23 23 23 19 11 4 355 346 338 329 325 325 327 329 328 328 327 325 324 322 321 319 318 316 314 313
66 65 64 65 67 69 70 71 71 72 73 75 75 76 80 83 83 79 74 67 65 69 68 61 56 58 60 61 67 77 84 89 88 82 87 99 110 116 120 125 132 136 137 140 150 159 159 105 60 50 49 47 43 42 41 40 40 39 40 40 39 37 35 33 32 31 30 26 21 21 24 25 24 22 18 13 6 356 348 342 333 325 323 326 327 327 327 325 324 322 321 320 318 317 315 313
65 63 61 64 65 65 65 65 65 67 68 70 69 69 72 76 78 75 69 66 68 72 72 63 55 55 58 57 62 73 82 84 82 77 88 102 109 110 113 121 133 138 138 143 152 162 177 172 62 46 47 48 46 43 42 41 40 39 39 38 38 39 37 34 34 33 32 30 24 20 24 27 27 24 22 18 12 4 355 351 346 334 324 322 325 326 326 325 323 322 321 320 318 317 315 313
64 62 62 63 64 64 63 63 64 66 67 67 66 66 70 74 74 66 59 62 70 76 74 66 57 54 56 55 62 73 78 78 77 76 89 100 104 104 111 119 126 131 136 147 158 164 182 203 211 38 41 42 43 42 41 41 41 40 38 36 36 38 38 35 37 37 34 31 27 23 24 29 29 26 23 20 17 13 5 357 352 345 333 324 322 324 325 324 323 322 320 319 317 316 314 312
63 62 64 67 68 69 68 67 67 66 67 67 65 65 70 75 74 58 50 58 68 78 78 70 63 58 56 54 61 71 76 75 72 74 86 97 101 105 112 114 111 114 126 145 161 167 184 212 231 352 31 37 39 40 40 39 40 41 41 37 35 38 39 37 37 39 38 34 30 26 23 27 29 28 26 24 23 21 16 7 358 351 343 333 323 319 320 322 321 320 318 316 314 312 311 311
62 64 68 70 71 70 69 68 67 66 65 68 68 68 71 76 73 49 43 53 63 75 82 74 66 64 61 56 58 64 70 74 71 72 83 94 101 108 112 107 104 104 109 129 154 169 188 214 231 261 2 27 35 39 40 38 38 41 43 40 37 39 40 38 36 37 38 36 32 27 24 26 30 31 30 29 28 26 23 17 7 357 351 343 333 324 319 317 315 313 310 308 307 308 307 307
66 68 70 70 70 68 67 66 65 63 61 65 70 70 72 76 73 43 37 48 56 66 76 73 64 69 73 70 63 60 63 69 72 76 87 94 100 105 106 102 101 96 95 108 138 168 191 214 230 248 300 5 25 36 40 38 36 39 42 40 37 38 39 38 36 36 37 36 34 30 27 30 33 33 33 33 31 27 25 22 16 7 0 353 345 338 329 321 312 302 297 300 304 306 306 306
67 68 69 69 69 69 67 65 62 59 58 64 69 69 70 76 73 40 29 40 48 58 67 69 64 73 79 82 77 65 61 64 71 82 93 99 99 97 96 94 89 84 89 101 121 161 194 216 233 246 267 322 10 30 37 37 35 37 40 40 37 35 38 39 37 35 36 36 34 31 28 30 32 32 34 35 33 28 25 25 24 18 11 4 357 350 345 340 328 311 307 309 311 311 308 304
64 65 67 68 67 67 67 66 62 58 60 66 67 63 66 75 76 44 15 36 44 52 58 63 66 71 74 76 79 76 64 62 69 82 93 99 96 92 87 80 72 76 86 94 102 125 193 226 241 250 262 288 341 19 33 36 34 35 39 40 38 34 36 39 37 34 35 35 34 32 29 30 33 33 33 35 35 32 28 27 28 26 19 14 10 5 1 357 346 330 325 325 324 321 315 306
60 62 63 64 65 63 63 63 62 63 68 71 65 56 62 74 81 59 358 34 45 48 50 55 63 68 66 64 70 75 65 60 67 78 89 94 94 88 81 69 64 75 83 86 87 94 152 245 260 264 270 281 309 360 28 35 35 34 37 40 38 35 36 39 37 34 34 35 35 34 32 33 36 38 36 36 37 36 32 29 31 31 25 20 19 15 8 1 348 337 335 340 341 341 334 327
57 60 62 63 63 62 60 58 61 67 75 75 62 51 60 75 83 68 350 32 48 48 47 51 56 61 61 60 70 73 61 57 62 71 83 91 90 80 68 64 66 75 78 77 78 80 71 293 292 294 286 286 298 334 18 33 36 35 37 40 38 35 36 39 38 34 33 35 35 34 33 33 35 39 40 39 39 39 37 34 36 36 30 25 25 20 10 2 353 346 348 355 358 352 342 339
56 60 62 63 64 63 59 56 60 66 74 75 61 51 62 74 81 76 356 35 50 50 50 49 51 53 53 56 66 71 65 61 60 67 74 78 76 63 56 60 64 68 68 68 70 65 40 353 326 322 310 299 300 320 1 29 36 35 36 39 38 35 36 38 38 34 33 34 35 35 33 32 33 36 39 40 39 40 40 38 38 38 34 29 27 21 11 4 360 359 3 7 5 353 344 344
57 59 61 63 64 63 60 60 64 66 70 72 63 57 63 69 76 84 118 157 85 65 61 58 56 52 48 50 57 60 64 68 68 72 71 64 55 43 45 52 54 55 57 61 62 56 40 13 351 340 330 311 305 315 346 21 34 36 36 39 38 35 35 36 36 33 32 33 35 35 33 32 31 34 37 39 39 39 40 38 38 39 37 31 26 20 13 7 6 9 11 12 8 359 352 350
57 57 60 65 67 64 62 66 70 70 69 70 67 63 64 67 74 84 108 160 150 106 83 77 73 67 60 58 57 58 64 70 78 80 74 64 55 43 42 45 43 44 47 50 51 49 40 25 7 353 342 322 311 314 334 13 32 36 37 38 39 36 35 36 35 33 32 33 35 36 35 32 31 32 35 38 39 39 40 41 43 44 40 33 26 20 14 11 12 14 15 15 14 9 2 352
55 55 58 64 68 67 68 72 76 74 70 73 74 65 63 66 73 80 93 137 158 140 112 96 89 86 82 79 77 77 76 77 82 81 76 71 62 55 52 47 43 41 42 45 45 43 38 28 14 2 351 335 319 317 330 4 29 37 37 38 39 37 37 41 42 45 44 39 38 39 37 34 32 31 33 36 38 39 42 45 46 47 43 35 28 20 15 13 16 18 19 19 18 14 3 349
51 53 55 57 58 59 64 71 78 77 71 77 80 71 61 63 70 77 84 104 144 147 133 115 104 99 94 93 96 97 94 88 86 83 79 75 71 67 61 56 51 47 49 51 51 48 44 36 21 10 360 344 329 323 331 357 26 37 37 39 41 40 43 49 53 61 66 60 48 43 40 37 35 34 32 33 35 38 41 43 45 45 42 34 27 21 17 17 20 21 21 21 18 9 358 348
45 50 53 51 49 48 52 60 69 74 72 80 85 83 68 64 67 72 77 84 110 133 136 129 116 109 105 105 105 104 101 96 90 86 83 78 75 71 64 61 59 56 56 56 57 58 56 46 29 17 7 354 336 327 332 352 22 35 37 41 45 46 50 52 51 55 61 65 63 54 47 42 40 37 33 31 32 35 37 39 41 43 39 31 26 22 19 19 22 23 22 20 15 5 353 347
45 53 57 52 48 49 50 53 59 63 69 83 90 91 81 73 68 67 69 77 91 109 122 125 120 117 115 112 112 110 108 101 93 89 86 81 76 72 66 60 59 59 57 56 56 58 57 46 29 18 12 3 344 332 335 350 21 40 44 47 47 48 50 49 48 50 53 54 58 62 57 52 46 41 37 33 30 32 34 35 36 38 36 30 27 26 23 23 25 25 24 19 12 2 352 350
49 56 59 54 52 54 53 53 57 57 62 78 89 88 88 85 74 64 62 69 83 96 107 113 114 114 114 117 120 119 115 103 96 92 89 83 78 75 70 61 58 57 57 57 56 55 53 44 26 17 14 8 352 338 340 354 21 42 51 50 46 47 47 45 46 50 51 51 53 57 65 68 63 54 46 38 31 30 31 31 31 35 36 33 31 30 26 26 29 29 24 15 7 360 356 356
45 52 55 52 50 53 54 54 56 54 58 68 77 81 89 92 82 66 59 61 71 87 98 102 104 107 115 125 128 128 120 102 96 94 91 84 80 79 74 66 61 57 57 60 59 56 52 42 25 18 17 11 358 346 345 356 17 34 43 42 40 43 43 42 45 49 50 51 52 52 58 69 76 74 65 52 41 35 33 32 32 36 38 36 34 32 28 28 30 28 20 10 2 358 359 2
42 51 55 51 49 52 54 56 57 54 54 60 65 73 81 90 87 73 63 61 66 78 90 96 103 114 123 130 133 136 127 101 93 92 92 86 81 81 79 72 67 63 60 63 63 60 54 43 28 20 19 13 1 352 349 355 13 30 39 38 37 41 42 43 47 50 50 51 51 50 52 58 66 73 78 77 65 53 47 43 40 41 40 37 35 32 29 29 30 27 19 8 1 359 1 7
42 51 57 53 49 50 54 59 58 54 50 52 57 63 75 84 83 76 74 72 77 83 87 94 102 110 119 126 132 140 137 105 89 84 86 86 82 81 82 79 74 73 73 70 67 64 58 46 33 24 20 14 2 355 353 357 12 30 39 40 40 42 44 46 49 51 51 51 51 50 51 56 61 66 72 82 90 83 69 53 44 42 39 37 34 29 25 24 25 25 21 11 2 1 5 11
41 51 58 55 50 52 57 60 58 53 48 47 49 53 62 74 77 78 84 99 103 96 89 89 94 97 101 110 125 140 144 118 92 79 75 78 82 82 81 81 80 82 89 87 77 68 60 47 35 27 22 15 3 358 357 1 13 30 41 43 43 44 45 47 49 51 51 51 51 51 52 56 61 66 71 78 91 105 99 80 56 42 37 34 31 25 21 18 19 21 21 13 6 7 13 15
42 53 61 60 57 61 66 66 62 57 52 48 46 46 51 59 70 84 102 112 114 108 92 84 86 88 92 99 110 129 142 132 103 82 71 70 73 78 79 80 82 86 95 104 95 75 62 46 34 29 22 15 5 1 1 4 16 31 41 44 44 44 45 47 49 51 51 51 51 51 52 55 59 63 68 75 84 100 113 116 107 69 42 33 29 23 18 16 17 19 19 15 13 14 17 18
44 53 62 62 60 66 72 75 73 68 63 59 54 51 51 57 70 89 106 115 116 111 99 86 82 85 88 88 94 113 131 139 123 94 76 68 65 66 71 75 79 84 91 103 111 90 66 48 38 33 25 18 8 5 6 7 17 32 41 44 45 45 47 49 50 51 52 51 51 51 52 55 57 58 61 68 77 85 97 115 128 136 113 55 36 26 20 20 21 19 18 18 17 17 18 20
44 51 58 59 59 64 67 71 78 83 81 76 71 67 66 67 77 90 102 110 113 115 110 96 85 82 82 84 88 100 117 135 143 115 87 73 65 61 60 63 69 74 80 90 104 100 70 51 45 39 28 20 12 9 10 12 20 34 43 47 48 49 50 51 52 52 53 52 51 51 52 55 55 56 59 62 68 72 74 85 108 140 159 153 85 38 26 24 24 20 18 21 21 18 20 22
47 53 58 58 61 65 62 60 66 79 87 86 83 80 80 82 86 90 94 103 112 118 118 111 95 82 74 81 90 96 109 126 150 144 104 85 73 64 58 56 60 64 67 73 79 78 59 52 50 42 29 21 16 13 15 17 23 35 46 49 51 53 53 53 54 54 55 54 52 51 53 54 54 55 58 61 65 66 61 66 79 108 155 175 174 141 31 20 20 20 19 22 23 21 22 27
52 57 60 60 64 66 63 57 58 64 73 81 84 87 91 95 97 91 86 89 106 120 124 119 103 82 71 74 85 92 101 114 140 154 129 103 87 74 64 61 62 60 60 61 57 45 36 41 47 42 31 23 19 18 19 21 25 36 45 48 50 52 52 52 55 56 57 57 55 54 54 55 53 53 56 61 68 69 64 65 69 76 107 162 179 193 219 345 15 22 21 23 27 26 27 31
53 57 59 60 64 65 64 64 60 60 62 65 71 83 98 108 105 96 86 82 89 113 124 121 108 86 72 68 72 81 89 98 118 143 146 125 99 84 76 73 69 63 61 59 48 37 30 29 35 36 31 24 21 22 23 23 28 38 45 48 51 52 51 52 54 56 58 60 61 60 57 56 55 53 55 60 66 72 73 72 72 70 72 96 150 190 212 229 287 20 24 26 34 34 30 30
46 52 56 59 63 63 63 67 68 66 63 60 65 81 101 110 109 100 94 88 85 94 112 118 116 100 81 71 67 71 77 83 96 121 142 142 120 95 86 83 76 68 65 57 45 38 32 25 27 32 31 26 24 26 26 26 32 42 48 51 53 53 52 53 54 56 57 59 65 70 67 61 57 53 53 57 61 66 72 77 79 74 69 68 78 126 205 220 226 225 46 44 47 43 35 32
31 47 56 59 63 64 64 65 69 75 74 71 72 85 98 105 107 104 100 94 88 87 97 110 122 118 97 81 72 69 69 75 84 98 124 143 143 114 96 89 83 75 66 53 45 42 36 27 26 32 33 30 29 30 29 29 36 45 50 52 53 52 53 53 53 55 57 59 65 73 80 78 68 57 52 53 56 59 62 70 77 73 66 61 56 45 37 240 225 214 168 94 73 58 47 40
24 46 56 59 66 70 68 66 67 73 79 82 87 94 97 99 102 104 102 95 90 89 95 105 121 130 113 95 82 73 67 71 80 88 103 130 152 136 100 91 85 78 65 52 46 45 39 29 28 34 35 34 34 34 33 34 40 49 51 51 52 52 53 53 53 55 57 61 66 73 83 93 93 84 67 56 56 55 54 57 64 65 60 58 50 40 43 45 359 311 43 78 86 82 64 34
40 54 58 58 67 74 75 73 72 74 78 86 98 104 101 96 94 93 93 92 90 92 98 105 117 133 128 107 92 77 66 66 75 84 92 110 144 146 107 91 82 73 62 52 46 44 39 30 31 35 36 37 38 37 37 39 45 51 51 52 52 52 53 53 53 56 59 64 68 72 78 90 103 108 103 82 64 57 53 54 57 57 56 54 44 36 31 21 5 3 16 38 59 72 61 359
56 60 62 63 64 67 73 80 84 83 84 93 106 109 105 96 88 82 78 80 85 90 97 104 114 128 134 120 101 85 71 67 68 72 82 94 120 138 116 92 75 61 57 51 46 44 40 33 34 37 39 40 39 39 42 45 49 51 52 53 53 54 53 51 52 57 61 65 68 70 75 83 96 108 116 111 85 67 58 56 56 52 47 40 27 19 12 9 11 14 19 29 37 40 29 343
55 59 68 72 64 59 64 74 82 90 98 102 109 110 104 96 89 83 77 74 76 81 88 96 107 119 130 130 115 101 87 76 69 65 72 79 92 114 111 87 66 56 53 49 45 45 41 37 38 41 42 43 42 43 47 49 51 52 53 54 54 56 54 49 48 53 58 62 65 68 71 77 85 97 109 117 101 80 69 63 60 57 50 40 27 18 16 18 25 27 26 27 25 23 18 2
