windninja/windninja_output/Output_2025-08-09_1600-1650_Google earth_Fire_150m_10min/merlingen_7.5mi_point_08-09-2025_1620_150m_vel.asc
ncols	158
nrows	163
xllcorner	391686.332397
yllcorner	5160024.123721
cellsize	150.000000
NODATA_value	-32768.000000
[rows 76 to 113 of 163, columns 0 to 83 of 158]
1.94 1.69 1.27 0.95 0.77 0.70 0.62 0.55 0.55 0.56 0.59 0.64 0.68 0.72 0.76 0.79 0.82 0.87 0.92 0.96 0.98 1.02 1.06 1.11 1.11 1.08 1.07 1.12 1.25 1.47 1.62 1.62 1.57 1.52 1.40 1.27 1.20 1.17 1.17 1.18 1.20 1.25 1.28 1.30 1.31 1.33 1.34 1.35 1.35 1.36 1.38 1.39 1.39 1.40 1.41 1.42 1.43 1.44 1.44 1.45 1.45 1.45 1.45 1.46 1.46 1.46 1.45 1.45 1.43 1.42 1.42 1.43 1.43 1.43 1.44 1.49 1.57 1.72 1.98 2.29 2.42 2.14 1.68 1.57
2.27 2.00 1.56 1.23 0.96 0.79 0.63 0.53 0.50 0.49 0.53 0.60 0.66 0.71 0.74 0.76 0.79 0.84 0.89 0.94 0.98 1.01 1.05 1.10 1.13 1.13 1.09 1.07 1.08 1.23 1.47 1.61 1.59 1.58 1.54 1.39 1.28 1.22 1.17 1.17 1.20 1.24 1.28 1.30 1.32 1.33 1.33 1.34 1.35 1.36 1.37 1.38 1.40 1.41 1.42 1.44 1.45 1.46 1.47 1.47 1.48 1.48 1.49 1.49 1.50 1.50 1.50 1.49 1.49 1.50 1.51 1.51 1.51 1.49 1.48 1.47 1.50 1.60 1.82 2.05 1.95 1.53 1.42 1.59
2.68 2.22 1.76 1.63 1.31 0.91 0.65 0.49 0.43 0.41 0.47 0.56 0.64 0.71 0.74 0.75 0.77 0.81 0.86 0.92 0.96 1.00 1.03 1.06 1.11 1.19 1.21 1.14 1.08 1.12 1.32 1.59 1.70 1.71 1.71 1.62 1.46 1.35 1.25 1.17 1.16 1.22 1.27 1.30 1.32 1.32 1.33 1.33 1.33 1.34 1.35 1.37 1.39 1.41 1.43 1.44 1.46 1.47 1.48 1.49 1.50 1.51 1.52 1.53 1.53 1.53 1.53 1.54 1.55 1.55 1.56 1.56 1.55 1.54 1.53 1.52 1.52 1.57 1.70 1.77 1.58 1.40 1.56 1.82
3.00 2.45 1.92 2.14 1.77 1.11 0.62 0.39 0.34 0.34 0.41 0.54 0.64 0.72 0.76 0.78 0.79 0.80 0.84 0.89 0.94 0.98 1.01 1.02 1.04 1.17 1.31 1.31 1.22 1.16 1.25 1.49 1.69 1.76 1.75 1.70 1.62 1.54 1.42 1.26 1.13 1.15 1.22 1.26 1.28 1.29 1.29 1.29 1.29 1.30 1.32 1.34 1.37 1.40 1.43 1.45 1.47 1.48 1.50 1.51 1.52 1.53 1.54 1.55 1.56 1.56 1.57 1.58 1.59 1.59 1.59 1.59 1.60 1.60 1.60 1.60 1.60 1.62 1.66 1.59 1.45 1.54 1.84 2.25
2.94 2.56 2.22 2.21 2.12 1.56 0.69 0.43 0.41 0.39 0.43 0.55 0.67 0.74 0.78 0.79 0.80 0.81 0.82 0.86 0.92 0.96 1.00 1.00 0.99 1.08 1.26 1.36 1.34 1.26 1.24 1.37 1.59 1.80 1.89 1.82 1.71 1.67 1.64 1.50 1.27 1.15 1.16 1.18 1.20 1.22 1.23 1.23 1.21 1.21 1.24 1.29 1.34 1.38 1.42 1.45 1.47 1.49 1.51 1.52 1.54 1.55 1.56 1.57 1.58 1.59 1.60 1.61 1.62 1.62 1.63 1.63 1.64 1.66 1.67 1.68 1.67 1.66 1.64 1.56 1.59 1.85 2.15 2.41
2.67 2.33 1.92 1.90 2.00 1.86 1.41 1.08 0.85 0.69 0.61 0.64 0.73 0.79 0.81 0.80 0.80 0.81 0.81 0.82 0.88 0.94 0.99 0.99 0.96 1.01 1.15 1.27 1.34 1.32 1.28 1.32 1.46 1.67 1.91 2.00 1.87 1.75 1.76 1.74 1.57 1.37 1.28 1.21 1.14 1.10 1.08 1.09 1.07 1.02 1.03 1.15 1.28 1.37 1.42 1.45 1.47 1.49 1.51 1.53 1.54 1.56 1.57 1.59 1.60 1.61 1.62 1.63 1.64 1.65 1.66 1.67 1.68 1.70 1.72 1.73 1.73 1.74 1.73 1.73 1.86 2.10 2.26 2.32
2.72 2.20 1.70 1.74 1.77 1.79 1.66 1.46 1.20 1.00 0.82 0.77 0.80 0.84 0.87 0.84 0.81 0.82 0.81 0.80 0.84 0.90 0.96 0.96 0.94 0.99 1.10 1.19 1.29 1.33 1.29 1.25 1.25 1.34 1.56 1.83 1.94 1.86 1.80 1.80 1.79 1.70 1.62 1.56 1.48 1.39 1.32 1.32 1.36 1.27 1.13 1.10 1.17 1.30 1.40 1.45 1.48 1.50 1.51 1.53 1.55 1.56 1.58 1.60 1.61 1.63 1.64 1.65 1.66 1.67 1.68 1.70 1.72 1.74 1.75 1.77 1.79 1.80 1.82 1.85 1.94 2.05 2.22 2.42
2.79 2.28 1.93 1.98 1.93 1.79 1.61 1.45 1.31 1.12 0.93 0.85 0.86 0.89 0.90 0.87 0.85 0.84 0.81 0.78 0.79 0.84 0.90 0.91 0.90 0.99 1.13 1.19 1.26 1.32 1.31 1.28 1.25 1.26 1.32 1.47 1.66 1.76 1.77 1.75 1.76 1.78 1.81 1.87 1.92 1.93 1.91 1.91 1.94 1.94 1.81 1.56 1.37 1.35 1.41 1.45 1.48 1.50 1.52 1.53 1.55 1.57 1.59 1.60 1.62 1.63 1.65 1.66 1.68 1.69 1.71 1.72 1.74 1.76 1.78 1.80 1.82 1.84 1.86 1.88 1.89 1.95 2.24 2.73
2.62 2.39 2.11 2.14 2.13 1.92 1.59 1.37 1.28 1.14 1.00 0.92 0.91 0.96 0.97 0.92 0.89 0.89 0.85 0.79 0.77 0.77 0.83 0.87 0.84 0.90 1.08 1.19 1.24 1.32 1.37 1.38 1.39 1.40 1.40 1.40 1.45 1.52 1.58 1.61 1.63 1.65 1.66 1.69 1.74 1.78 1.78 1.76 1.76 1.83 1.91 1.88 1.73 1.55 1.46 1.45 1.47 1.49 1.50 1.52 1.54 1.56 1.58 1.60 1.62 1.64 1.66 1.67 1.69 1.71 1.72 1.74 1.76 1.77 1.80 1.83 1.85 1.88 1.92 1.95 1.99 2.09 2.37 2.88
2.49 2.38 2.14 2.09 2.16 1.98 1.60 1.39 1.33 1.19 1.05 0.98 0.97 1.02 1.06 1.04 0.97 0.96 0.92 0.84 0.78 0.73 0.73 0.78 0.77 0.77 0.92 1.09 1.18 1.26 1.34 1.41 1.45 1.53 1.62 1.62 1.58 1.55 1.49 1.45 1.46 1.51 1.54 1.54 1.52 1.51 1.48 1.44 1.38 1.37 1.45 1.57 1.62 1.55 1.47 1.45 1.46 1.47 1.49 1.51 1.53 1.55 1.58 1.60 1.62 1.65 1.66 1.68 1.70 1.72 1.73 1.75 1.77 1.79 1.81 1.84 1.87 1.91 1.97 2.06 2.18 2.37 2.65 3.08
2.76 2.56 2.20 2.09 2.14 2.03 1.68 1.51 1.45 1.28 1.11 1.04 1.03 1.05 1.12 1.14 1.09 1.08 1.02 0.94 0.84 0.73 0.68 0.64 0.63 0.72 0.88 1.05 1.17 1.21 1.25 1.35 1.41 1.51 1.73 1.89 1.93 1.91 1.79 1.57 1.39 1.36 1.46 1.55 1.58 1.56 1.52 1.47 1.37 1.25 1.21 1.27 1.38 1.44 1.43 1.41 1.41 1.43 1.45 1.47 1.50 1.54 1.57 1.60 1.62 1.65 1.67 1.69 1.70 1.72 1.74 1.75 1.77 1.79 1.82 1.84 1.88 1.94 2.02 2.13 2.30 2.57 2.99 3.44
3.28 2.82 2.29 2.13 2.07 2.07 1.87 1.71 1.66 1.49 1.21 1.10 1.10 1.08 1.17 1.21 1.20 1.24 1.20 1.10 0.95 0.81 0.75 0.64 0.56 0.73 0.97 1.13 1.24 1.28 1.26 1.30 1.32 1.32 1.46 1.73 1.96 2.14 2.21 2.06 1.74 1.45 1.39 1.50 1.62 1.65 1.63 1.58 1.51 1.34 1.19 1.16 1.23 1.30 1.33 1.31 1.31 1.32 1.37 1.41 1.46 1.51 1.55 1.59 1.62 1.65 1.67 1.69 1.70 1.72 1.74 1.76 1.77 1.79 1.82 1.85 1.89 1.95 2.02 2.11 2.27 2.53 2.90 3.29
3.74 3.07 2.35 2.16 2.01 2.08 2.13 2.04 1.93 1.78 1.42 1.20 1.17 1.13 1.23 1.33 1.35 1.43 1.42 1.31 1.12 0.97 0.95 0.87 0.80 0.87 1.03 1.20 1.31 1.37 1.37 1.35 1.33 1.26 1.22 1.30 1.49 1.81 2.13 2.26 2.15 1.86 1.56 1.50 1.63 1.77 1.81 1.74 1.67 1.56 1.40 1.25 1.20 1.26 1.32 1.33 1.29 1.24 1.23 1.28 1.37 1.46 1.53 1.58 1.61 1.64 1.66 1.68 1.70 1.72 1.73 1.75 1.77 1.79 1.81 1.84 1.88 1.93 1.97 2.04 2.14 2.30 2.49 2.73
3.76 3.20 2.47 2.22 2.05 2.02 2.16 2.26 2.18 2.11 1.83 1.42 1.26 1.25 1.29 1.38 1.50 1.61 1.63 1.53 1.28 1.16 1.17 1.13 1.04 1.02 1.11 1.24 1.34 1.41 1.45 1.44 1.42 1.39 1.34 1.25 1.20 1.34 1.67 1.99 2.09 1.99 1.77 1.58 1.57 1.72 1.88 1.92 1.81 1.69 1.61 1.49 1.40 1.41 1.48 1.54 1.50 1.36 1.16 1.10 1.25 1.41 1.52 1.57 1.61 1.64 1.66 1.67 1.69 1.71 1.73 1.74 1.76 1.77 1.80 1.82 1.85 1.87 1.91 1.97 2.04 2.11 2.15 2.19
3.52 3.13 2.61 2.33 2.08 1.91 1.97 2.20 2.34 2.45 2.30 1.72 1.40 1.38 1.38 1.41 1.59 1.81 1.92 1.75 1.39 1.25 1.31 1.32 1.21 1.16 1.21 1.31 1.38 1.44 1.48 1.49 1.48 1.47 1.49 1.46 1.30 1.23 1.42 1.80 2.01 1.93 1.78 1.61 1.51 1.57 1.75 1.94 1.95 1.79 1.65 1.58 1.52 1.52 1.58 1.67 1.71 1.64 1.46 1.24 1.25 1.38 1.50 1.57 1.60 1.62 1.65 1.66 1.68 1.70 1.71 1.73 1.74 1.76 1.78 1.80 1.81 1.83 1.86 1.90 1.95 1.99 1.99 1.97
3.30 3.05 2.83 2.74 2.51 2.12 1.96 2.16 2.49 2.78 2.73 2.20 1.79 1.70 1.68 1.71 1.82 2.01 2.23 2.05 1.45 1.28 1.42 1.48 1.37 1.29 1.31 1.38 1.43 1.47 1.51 1.52 1.51 1.46 1.50 1.57 1.50 1.37 1.35 1.62 2.01 2.09 1.91 1.68 1.52 1.49 1.60 1.80 1.93 1.86 1.66 1.50 1.43 1.43 1.53 1.74 1.92 2.02 2.03 1.82 1.54 1.45 1.50 1.56 1.60 1.62 1.64 1.65 1.67 1.68 1.70 1.71 1.73 1.74 1.75 1.76 1.78 1.80 1.82 1.84 1.86 1.87 1.92 1.98
2.97 2.90 2.99 3.21 3.30 3.04 2.82 2.99 3.36 3.74 3.52 2.77 2.29 2.08 1.95 1.93 2.00 2.24 2.65 2.71 2.02 1.43 1.38 1.48 1.39 1.34 1.38 1.44 1.47 1.51 1.53 1.55 1.55 1.49 1.48 1.55 1.57 1.51 1.39 1.40 1.74 2.14 2.17 1.90 1.62 1.48 1.50 1.65 1.80 1.81 1.62 1.39 1.27 1.25 1.32 1.59 1.90 2.07 2.16 2.10 1.83 1.59 1.53 1.55 1.58 1.60 1.62 1.63 1.65 1.67 1.68 1.69 1.71 1.72 1.73 1.73 1.74 1.75 1.76 1.78 1.78 1.78 1.80 1.83
2.48 2.53 2.74 3.09 3.41 3.51 3.52 3.67 3.98 4.44 4.66 4.17 3.67 3.54 3.43 3.30 3.08 3.10 3.23 3.24 2.85 1.77 1.53 1.50 1.42 1.40 1.44 1.49 1.53 1.56 1.58 1.59 1.56 1.47 1.44 1.50 1.55 1.55 1.50 1.39 1.45 1.89 2.31 2.23 1.86 1.60 1.51 1.59 1.77 1.84 1.70 1.37 1.15 1.14 1.12 1.14 1.34 1.53 1.69 1.83 1.79 1.63 1.54 1.53 1.55 1.58 1.60 1.61 1.63 1.64 1.65 1.67 1.68 1.69 1.70 1.71 1.71 1.72 1.71 1.71 1.70 1.70 1.68 1.65
2.07 2.20 2.41 2.62 2.85 2.93 2.93 2.89 2.91 3.53 4.47 4.76 4.66 4.58 4.55 4.40 4.15 3.88 3.76 3.64 3.12 2.50 2.08 1.75 1.54 1.48 1.50 1.55 1.61 1.66 1.68 1.69 1.62 1.44 1.37 1.45 1.53 1.54 1.53 1.45 1.38 1.60 2.19 2.54 2.33 2.01 1.79 1.73 1.84 1.95 1.96 1.67 1.25 1.19 1.14 0.98 0.98 1.15 1.34 1.52 1.59 1.53 1.50 1.50 1.52 1.54 1.56 1.58 1.59 1.61 1.63 1.64 1.65 1.66 1.67 1.67 1.67 1.67 1.67 1.67 1.65 1.63 1.60 1.56
1.67 1.93 2.23 2.35 2.52 2.47 2.23 1.88 1.63 2.03 2.82 3.40 3.36 2.90 2.85 3.15 3.67 3.89 4.19 3.76 3.11 2.94 2.44 1.92 1.58 1.48 1.51 1.57 1.64 1.76 1.87 1.89 1.79 1.55 1.37 1.41 1.51 1.53 1.51 1.45 1.32 1.34 1.78 2.43 2.69 2.62 2.41 2.21 2.16 2.19 2.27 2.13 1.65 1.38 1.29 1.15 1.09 1.14 1.23 1.36 1.46 1.44 1.44 1.45 1.47 1.49 1.52 1.55 1.57 1.58 1.60 1.61 1.62 1.63 1.63 1.64 1.64 1.63 1.63 1.62 1.61 1.59 1.55 1.51
1.26 1.61 2.07 2.29 2.55 2.57 2.26 1.71 1.21 1.09 1.50 2.04 2.11 2.05 2.12 2.67 3.15 3.96 4.48 3.47 2.94 3.06 2.69 2.07 1.55 1.38 1.42 1.54 1.63 1.73 1.96 2.08 2.00 1.74 1.47 1.42 1.48 1.50 1.48 1.43 1.28 1.14 1.33 1.85 2.36 2.65 2.76 2.70 2.59 2.52 2.48 2.39 2.02 1.62 1.47 1.34 1.20 1.16 1.15 1.22 1.33 1.37 1.37 1.39 1.41 1.44 1.47 1.51 1.53 1.55 1.56 1.57 1.58 1.59 1.59 1.60 1.60 1.60 1.59 1.58 1.56 1.54 1.52 1.48
1.18 1.35 1.86 2.11 2.45 2.66 2.51 2.08 1.54 1.22 1.30 1.36 1.41 1.83 2.16 2.70 3.21 4.02 4.54 3.79 3.23 3.21 3.16 2.40 1.54 1.26 1.33 1.50 1.61 1.68 1.86 2.02 2.06 1.90 1.63 1.48 1.47 1.46 1.42 1.38 1.28 1.09 1.07 1.39 1.77 2.06 2.34 2.49 2.48 2.43 2.39 2.38 2.18 1.82 1.64 1.54 1.35 1.20 1.14 1.13 1.16 1.21 1.25 1.28 1.33 1.38 1.42 1.45 1.48 1.50 1.51 1.53 1.54 1.55 1.55 1.55 1.55 1.55 1.55 1.54 1.53 1.51 1.48 1.46
1.06 0.98 1.52 1.71 2.03 2.39 2.44 2.32 2.05 1.70 1.47 1.27 1.24 1.57 2.20 2.80 3.37 3.80 3.57 3.67 3.66 3.57 3.61 2.74 1.65 1.34 1.43 1.54 1.64 1.77 1.89 1.95 2.00 1.96 1.78 1.63 1.56 1.48 1.35 1.27 1.23 1.09 0.98 1.16 1.47 1.63 1.83 2.11 2.26 2.29 2.26 2.28 2.24 1.99 1.78 1.72 1.62 1.42 1.27 1.21 1.15 1.12 1.12 1.13 1.17 1.25 1.31 1.36 1.41 1.44 1.47 1.49 1.50 1.50 1.51 1.51 1.51 1.51 1.50 1.49 1.49 1.48 1.46 1.44
0.78 0.64 1.30 1.51 1.72 1.87 1.93 2.11 2.14 1.93 1.77 1.56 1.38 1.56 2.21 3.01 3.46 3.24 2.88 3.06 3.55 3.86 3.83 3.20 2.17 1.77 1.72 1.70 1.75 1.90 2.01 2.00 1.98 1.95 1.85 1.75 1.70 1.60 1.40 1.20 1.12 1.05 0.93 1.02 1.36 1.64 1.81 2.05 2.25 2.33 2.31 2.27 2.28 2.21 2.01 1.88 1.82 1.70 1.47 1.34 1.32 1.28 1.21 1.11 1.04 1.06 1.15 1.25 1.34 1.39 1.41 1.42 1.44 1.45 1.45 1.46 1.46 1.46 1.46 1.46 1.45 1.44 1.44 1.42
0.77 0.88 1.41 1.63 1.72 1.76 1.82 1.96 2.04 1.95 1.94 1.78 1.59 1.75 2.19 2.89 3.40 3.04 2.54 2.66 3.17 3.67 3.75 3.10 2.42 2.11 2.01 1.92 1.90 2.02 2.14 2.15 2.07 1.97 1.85 1.77 1.74 1.71 1.58 1.27 1.03 0.97 0.87 0.87 1.18 1.59 1.84 2.01 2.19 2.33 2.40 2.34 2.29 2.34 2.29 2.14 2.02 1.95 1.74 1.49 1.45 1.50 1.50 1.37 1.18 1.06 1.06 1.12 1.22 1.31 1.34 1.36 1.37 1.38 1.39 1.40 1.40 1.40 1.40 1.40 1.40 1.40 1.40 1.40
1.11 1.24 1.61 1.80 1.81 1.83 1.90 1.97 1.99 1.96 1.98 1.88 1.73 1.91 2.29 2.79 3.33 3.10 2.51 2.80 3.32 3.55 3.44 3.05 2.62 2.34 2.22 2.14 2.07 2.14 2.30 2.35 2.27 2.12 1.92 1.76 1.70 1.72 1.70 1.41 1.02 0.89 0.81 0.73 0.92 1.37 1.75 1.93 2.05 2.23 2.39 2.43 2.34 2.32 2.34 2.29 2.20 2.20 2.08 1.75 1.52 1.51 1.61 1.63 1.49 1.28 1.15 1.09 1.11 1.19 1.24 1.27 1.29 1.31 1.32 1.33 1.33 1.34 1.34 1.34 1.35 1.35 1.36 1.36
1.50 1.58 1.79 1.93 1.94 1.94 2.00 2.02 2.02 2.00 1.98 1.92 1.76 1.84 2.32 2.91 3.33 3.28 2.96 3.26 3.71 3.38 3.23 3.20 2.91 2.63 2.46 2.33 2.22 2.29 2.48 2.58 2.50 2.35 2.11 1.86 1.72 1.72 1.73 1.51 1.10 0.85 0.77 0.66 0.70 1.10 1.61 1.91 2.04 2.17 2.32 2.43 2.43 2.41 2.41 2.32 2.29 2.32 2.32 2.15 1.84 1.67 1.69 1.76 1.71 1.51 1.32 1.21 1.14 1.13 1.13 1.12 1.14 1.19 1.22 1.24 1.24 1.25 1.26 1.27 1.28 1.30 1.31 1.32
1.92 1.93 1.99 2.06 2.07 2.09 2.11 2.09 2.09 2.04 1.99 1.93 1.72 1.61 1.86 2.44 3.07 3.15 3.04 3.59 4.00 3.60 3.40 3.38 3.15 2.97 2.86 2.61 2.41 2.50 2.64 2.73 2.76 2.61 2.37 2.09 1.86 1.79 1.73 1.55 1.20 0.90 0.75 0.63 0.55 0.75 1.24 1.69 1.95 2.14 2.27 2.38 2.42 2.44 2.54 2.51 2.42 2.39 2.39 2.37 2.22 2.01 1.91 1.92 1.90 1.75 1.53 1.39 1.31 1.29 1.24 1.11 0.99 1.00 1.06 1.09 1.11 1.13 1.15 1.17 1.19 1.21 1.24 1.26
2.25 2.21 2.19 2.21 2.21 2.21 2.20 2.18 2.16 2.12 2.04 1.93 1.74 1.59 1.66 2.00 2.66 2.89 2.92 3.48 3.81 3.80 3.77 3.62 3.38 3.30 3.36 3.13 2.80 2.84 2.82 2.83 2.95 2.86 2.65 2.42 2.11 1.88 1.75 1.57 1.29 0.99 0.79 0.64 0.50 0.51 0.82 1.27 1.67 2.02 2.24 2.35 2.41 2.38 2.42 2.52 2.57 2.54 2.49 2.42 2.31 2.15 2.03 2.04 2.07 1.99 1.80 1.64 1.56 1.56 1.57 1.42 1.10 0.87 0.82 0.82 0.85 0.91 0.97 1.03 1.07 1.11 1.15 1.19
2.49 2.40 2.35 2.40 2.41 2.36 2.30 2.26 2.25 2.28 2.19 2.03 1.90 1.76 1.76 1.97 2.42 2.70 2.83 3.14 3.35 3.58 3.82 3.80 3.65 3.63 3.80 3.68 3.41 3.35 3.15 3.06 3.06 3.01 2.92 2.79 2.46 2.04 1.80 1.60 1.36 1.05 0.85 0.71 0.53 0.41 0.54 0.89 1.31 1.79 2.18 2.37 2.50 2.54 2.43 2.38 2.48 2.59 2.63 2.56 2.40 2.26 2.13 2.07 2.08 2.08 1.97 1.83 1.77 1.77 1.80 1.82 1.63 1.20 0.95 0.84 0.76 0.72 0.72 0.76 0.84 0.95 1.04 1.10
2.68 2.56 2.46 2.56 2.66 2.60 2.47 2.37 2.36 2.49 2.42 2.25 2.10 1.93 1.90 1.98 2.27 2.54 2.64 2.82 3.13 3.45 3.52 3.64 3.86 3.91 4.09 4.18 4.16 3.98 3.70 3.44 3.11 3.01 3.24 3.30 2.85 2.24 1.87 1.62 1.37 1.08 0.92 0.78 0.57 0.41 0.33 0.56 0.91 1.38 1.91 2.26 2.49 2.70 2.74 2.55 2.43 2.49 2.63 2.69 2.57 2.40 2.31 2.24 2.16 2.14 2.08 1.90 1.84 1.93 1.96 1.97 2.01 1.86 1.57 1.32 1.08 0.87 0.76 0.70 0.68 0.76 0.89 0.99
2.78 2.70 2.61 2.71 2.84 2.84 2.72 2.55 2.53 2.74 2.75 2.59 2.40 2.26 2.20 2.10 2.24 2.42 2.43 2.56 3.02 3.53 3.27 3.11 3.70 4.17 4.28 4.46 4.89 4.75 4.22 3.73 3.01 3.03 3.75 3.84 3.13 2.29 1.91 1.69 1.37 1.12 0.98 0.81 0.61 0.45 0.28 0.28 0.60 1.00 1.49 1.91 2.19 2.52 2.82 2.88 2.70 2.57 2.61 2.72 2.73 2.55 2.40 2.38 2.35 2.28 2.23 2.04 1.85 1.95 2.13 2.11 2.09 2.09 1.94 1.71 1.46 1.23 1.14 1.07 0.87 0.69 0.72 0.84
2.75 2.72 2.75 2.88 2.96 3.00 3.03 2.87 2.82 2.96 3.08 2.91 2.59 2.54 2.60 2.42 2.32 2.35 2.36 2.49 2.95 3.51 3.24 2.67 3.10 3.99 4.32 4.40 5.27 5.59 4.63 3.98 3.04 3.23 4.38 4.20 3.13 2.29 2.05 1.83 1.38 1.12 1.04 0.86 0.65 0.48 0.34 0.13 0.33 0.76 1.23 1.66 1.92 2.17 2.52 2.86 2.96 2.83 2.74 2.78 2.90 2.85 2.57 2.41 2.43 2.36 2.32 2.24 1.99 1.93 2.17 2.33 2.21 2.11 2.09 2.00 1.81 1.53 1.31 1.23 1.13 0.87 0.67 0.69
2.68 2.66 2.79 2.98 3.01 3.06 3.10 3.09 3.02 3.02 3.19 3.15 2.78 2.75 2.92 2.80 2.44 2.23 2.46 2.89 3.27 3.50 3.13 2.51 2.49 3.38 4.12 4.28 5.26 5.95 5.02 4.29 3.53 3.68 4.92 4.41 3.08 2.48 2.26 1.89 1.29 1.13 1.16 0.94 0.70 0.54 0.41 0.28 0.03 0.47 1.00 1.52 1.88 2.06 2.26 2.58 2.91 3.03 2.92 2.86 3.02 3.19 2.98 2.62 2.54 2.44 2.27 2.26 2.17 1.99 2.07 2.37 2.44 2.27 2.20 2.17 2.07 1.82 1.48 1.27 1.21 1.10 0.84 0.66
2.62 2.64 2.80 2.93 2.92 2.93 2.92 2.99 3.06 3.08 3.24 3.26 2.94 2.92 3.17 3.10 2.48 1.97 2.49 3.37 3.91 3.76 2.95 2.37 2.19 2.62 3.53 4.19 5.44 6.26 5.37 4.56 4.09 4.40 5.40 4.72 3.34 2.83 2.37 1.68 1.23 1.29 1.30 0.97 0.74 0.60 0.46 0.39 0.24 0.20 0.65 1.21 1.74 2.09 2.24 2.40 2.70 3.02 3.04 2.83 2.88 3.23 3.32 3.00 2.81 2.71 2.39 2.17 2.15 2.10 2.11 2.39 2.61 2.52 2.35 2.23 2.14 2.02 1.76 1.48 1.28 1.19 1.01 0.75
2.55 2.67 2.86 2.95 2.95 2.92 2.90 2.97 3.06 3.09 3.27 3.40 3.06 2.97 3.34 3.35 2.46 1.69 2.30 3.52 4.51 4.45 3.01 2.15 2.12 2.31 2.76 3.50 5.03 6.51 6.22 4.94 4.35 4.95 5.88 5.15 3.81 3.01 2.24 1.52 1.29 1.46 1.45 1.00 0.76 0.64 0.51 0.48 0.42 0.21 0.38 0.86 1.40 1.93 2.24 2.35 2.55 2.92 3.11 2.89 2.75 3.04 3.35 3.33 3.18 3.13 2.91 2.42 2.12 2.08 2.12 2.32 2.58 2.64 2.54 2.41 2.25 2.15 1.99 1.71 1.44 1.27 1.12 0.92
2.58 2.69 2.87 3.01 3.04 2.97 2.98 3.06 3.13 3.10 3.31 3.73 3.43 3.02 3.39 3.52 2.45 1.48 1.99 3.37 4.77 5.31 3.87 2.14 2.09 2.51 2.41 2.53 3.55 5.60 6.76 5.99 4.84 5.27 6.10 5.45 4.16 3.07 1.99 1.54 1.36 1.49 1.66 1.37 0.82 0.60 0.49 0.50 0.54 0.44 0.29 0.61 1.13 1.70 2.13 2.29 2.46 2.85 3.21 3.12 2.88 2.97 3.26 3.37 3.36 3.41 3.41 3.09 2.52 2.13 2.04 2.18 2.44 2.63 2.66 2.60 2.45 2.32 2.28 2.13 1.77 1.47 1.25 1.06
2.84 2.84 2.89 3.03 3.10 3.01 2.93 3.02 3.17 3.18 3.34 3.90 3.82 3.23 3.50 3.70 2.48 1.30 1.76 3.00 4.51 5.81 5.23 2.91 2.33 2.94 2.76 2.58 2.67 3.76 5.84 6.75 6.18 6.06 6.39 5.47 4.16 3.09 2.07 1.63 1.41 1.53 1.88 1.76 0.98 0.41 0.33 0.37 0.51 0.57 0.47 0.47 0.88 1.50 2.02 2.24 2.35 2.69 3.18 3.32 3.13 3.07 3.29 3.40 3.31 3.43 3.63 3.59 3.29 2.77 2.44 2.42 2.52 2.66 2.81 2.81 2.63 2.43 2.41 2.45 2.28 1.83 1.41 1.18
