windninja/windninja_output/Output_2025-08-09_1600-1650_Google earth_Fire_150m_10min/merlingen_7.5mi_point_08-09-2025_1650_150m_vel.asc
ncols	158
nrows	163
xllcorner	391686.332397
yllcorner	5160024.123721
cellsize	150.000000
NODATA_value	-32768.000000
[rows 0 to 37 of 163, columns 0 to 83 of 158]
0.76 0.74 0.73 0.72 0.73 0.75 0.71 0.68 0.70 0.71 0.68 0.61 0.55 0.63 0.71 0.73 0.72 0.70 0.75 0.84 0.84 0.76 0.76 0.81 0.86 0.87 0.82 0.81 0.87 0.88 0.87 0.86 0.86 0.85 0.88 0.95 0.92 0.90 0.93 0.94 0.95 1.00 1.00 1.02 1.10 1.14 1.17 1.24 1.39 1.55 1.65 1.72 1.79 1.80 1.74 1.65 1.56 1.53 1.58 1.65 1.67 1.64 1.62 1.63 1.66 1.67 1.69 1.74 1.81 1.87 1.87 1.82 1.75 1.73 1.79 1.84 1.77 1.69 1.72 1.79 1.77 1.66 1.61 1.61
0.71 0.72 0.73 0.71 0.73 0.72 0.66 0.64 0.69 0.70 0.66 0.56 0.48 0.55 0.67 0.75 0.77 0.77 0.85 0.93 0.86 0.78 0.80 0.84 0.87 0.86 0.83 0.84 0.88 0.86 0.84 0.86 0.88 0.89 0.94 0.99 0.97 0.99 1.05 1.04 1.05 1.10 1.11 1.19 1.28 1.32 1.38 1.45 1.50 1.54 1.56 1.60 1.61 1.57 1.53 1.52 1.54 1.60 1.65 1.66 1.63 1.63 1.65 1.69 1.70 1.69 1.71 1.77 1.84 1.88 1.86 1.80 1.78 1.82 1.88 1.84 1.75 1.76 1.86 1.86 1.74 1.64 1.64 1.62
0.67 0.71 0.72 0.70 0.72 0.67 0.59 0.63 0.70 0.72 0.67 0.52 0.44 0.52 0.68 0.85 0.92 0.93 1.01 1.01 0.89 0.83 0.84 0.86 0.88 0.87 0.86 0.87 0.87 0.84 0.85 0.89 0.92 0.97 1.04 1.08 1.11 1.16 1.18 1.18 1.23 1.27 1.33 1.45 1.53 1.58 1.65 1.69 1.64 1.57 1.56 1.54 1.47 1.41 1.43 1.51 1.62 1.69 1.72 1.70 1.68 1.71 1.74 1.76 1.74 1.73 1.76 1.82 1.90 1.89 1.81 1.78 1.85 1.93 1.93 1.84 1.81 1.93 2.00 1.89 1.71 1.66 1.70 1.65
0.66 0.69 0.69 0.68 0.69 0.63 0.62 0.72 0.80 0.79 0.67 0.50 0.45 0.55 0.72 0.96 1.03 1.02 1.02 0.96 0.87 0.86 0.85 0.85 0.91 0.94 0.93 0.92 0.90 0.90 0.93 0.96 1.00 1.09 1.14 1.17 1.19 1.19 1.22 1.29 1.38 1.44 1.54 1.65 1.69 1.73 1.76 1.72 1.68 1.70 1.70 1.61 1.54 1.55 1.58 1.62 1.65 1.67 1.68 1.71 1.75 1.76 1.75 1.74 1.73 1.75 1.79 1.85 1.92 1.86 1.77 1.78 1.85 1.85 1.81 1.79 1.87 1.97 1.94 1.80 1.71 1.74 1.78 1.75
0.65 0.66 0.66 0.65 0.66 0.65 0.71 0.81 0.84 0.74 0.57 0.46 0.47 0.59 0.83 1.03 1.06 1.01 0.95 0.89 0.87 0.89 0.89 0.89 0.98 1.03 1.03 1.03 1.02 1.05 1.07 1.10 1.17 1.24 1.24 1.22 1.22 1.27 1.38 1.48 1.55 1.63 1.74 1.80 1.79 1.77 1.73 1.67 1.67 1.67 1.60 1.52 1.53 1.56 1.58 1.59 1.61 1.64 1.68 1.71 1.72 1.71 1.71 1.72 1.74 1.77 1.80 1.86 1.89 1.79 1.71 1.74 1.79 1.79 1.75 1.73 1.77 1.84 1.83 1.72 1.63 1.68 1.80 1.87
0.62 0.63 0.63 0.64 0.66 0.69 0.76 0.81 0.75 0.60 0.48 0.46 0.48 0.63 0.89 1.01 1.01 0.95 0.86 0.85 0.88 0.93 0.92 0.91 0.99 1.05 1.04 1.03 1.06 1.11 1.16 1.24 1.34 1.36 1.32 1.32 1.40 1.52 1.62 1.66 1.67 1.72 1.76 1.74 1.68 1.63 1.59 1.56 1.55 1.51 1.45 1.43 1.46 1.48 1.51 1.56 1.62 1.68 1.71 1.72 1.72 1.71 1.72 1.74 1.76 1.78 1.79 1.87 1.90 1.78 1.70 1.73 1.82 1.84 1.80 1.80 1.83 1.86 1.77 1.58 1.51 1.64 1.83 1.92
0.58 0.59 0.60 0.63 0.67 0.70 0.74 0.74 0.64 0.52 0.49 0.49 0.51 0.66 0.90 0.98 0.96 0.91 0.87 0.88 0.93 0.98 0.96 0.92 0.97 0.99 0.97 1.00 1.07 1.10 1.17 1.30 1.38 1.37 1.39 1.50 1.62 1.69 1.68 1.65 1.64 1.64 1.60 1.53 1.48 1.46 1.46 1.45 1.44 1.40 1.38 1.41 1.45 1.47 1.50 1.57 1.64 1.70 1.73 1.77 1.82 1.83 1.82 1.80 1.79 1.79 1.82 1.90 1.91 1.83 1.83 1.94 2.02 1.96 1.91 1.95 1.98 1.95 1.73 1.53 1.63 1.88 1.97 1.96
0.56 0.57 0.58 0.61 0.64 0.66 0.67 0.63 0.55 0.51 0.52 0.54 0.58 0.69 0.88 0.96 0.91 0.91 0.92 0.92 0.97 1.04 1.01 0.96 0.96 0.95 0.97 1.05 1.06 1.06 1.16 1.29 1.30 1.29 1.40 1.53 1.58 1.56 1.51 1.47 1.45 1.43 1.40 1.36 1.35 1.37 1.36 1.36 1.35 1.31 1.31 1.39 1.46 1.46 1.53 1.63 1.69 1.75 1.81 1.89 1.94 1.91 1.87 1.85 1.83 1.81 1.85 1.93 1.93 1.88 1.94 2.08 2.08 1.98 1.92 1.91 1.91 1.82 1.59 1.54 1.81 2.03 2.07 2.08
0.53 0.54 0.56 0.58 0.59 0.60 0.59 0.56 0.54 0.54 0.57 0.60 0.62 0.71 0.87 0.93 0.90 0.92 0.94 0.94 1.01 1.06 1.04 1.01 0.99 0.98 1.03 1.07 1.02 1.02 1.17 1.26 1.23 1.26 1.36 1.41 1.36 1.30 1.27 1.25 1.23 1.23 1.25 1.27 1.31 1.32 1.29 1.29 1.29 1.26 1.30 1.38 1.37 1.40 1.57 1.71 1.78 1.84 1.88 1.86 1.77 1.68 1.68 1.71 1.73 1.80 1.91 2.00 1.97 1.89 1.89 1.90 1.83 1.78 1.77 1.77 1.77 1.64 1.49 1.59 1.91 2.10 2.19 2.31
0.50 0.51 0.53 0.55 0.55 0.56 0.56 0.56 0.57 0.58 0.60 0.62 0.63 0.69 0.82 0.90 0.91 0.95 0.96 0.99 1.05 1.08 1.09 1.06 1.02 1.02 1.04 1.04 1.01 1.07 1.22 1.24 1.19 1.24 1.31 1.29 1.21 1.15 1.13 1.13 1.15 1.19 1.23 1.25 1.27 1.25 1.23 1.25 1.24 1.21 1.25 1.30 1.30 1.42 1.61 1.71 1.73 1.72 1.65 1.50 1.40 1.40 1.39 1.37 1.52 1.76 1.93 1.98 1.87 1.74 1.71 1.72 1.69 1.67 1.66 1.64 1.61 1.55 1.64 1.96 2.25 2.37 2.36 2.41
0.47 0.48 0.51 0.52 0.52 0.53 0.56 0.58 0.59 0.60 0.62 0.63 0.64 0.67 0.77 0.88 0.93 0.98 0.99 1.03 1.09 1.12 1.14 1.09 1.05 1.06 1.02 1.01 1.03 1.10 1.18 1.15 1.11 1.18 1.22 1.18 1.11 1.07 1.09 1.15 1.18 1.21 1.23 1.19 1.18 1.18 1.16 1.16 1.12 1.06 1.12 1.19 1.24 1.38 1.47 1.48 1.38 1.28 1.18 1.09 1.12 1.16 1.10 1.17 1.47 1.69 1.77 1.72 1.52 1.47 1.60 1.73 1.75 1.69 1.60 1.51 1.52 1.66 1.96 2.39 2.60 2.60 2.50 2.48
0.45 0.46 0.48 0.49 0.50 0.52 0.56 0.58 0.59 0.60 0.62 0.64 0.64 0.66 0.75 0.89 0.97 1.00 1.01 1.05 1.10 1.13 1.13 1.07 1.03 0.98 0.88 0.90 0.97 1.02 1.05 1.04 1.05 1.12 1.13 1.08 1.04 1.06 1.13 1.16 1.15 1.18 1.17 1.12 1.12 1.12 1.04 0.96 0.88 0.86 0.93 0.96 0.98 1.09 1.14 1.13 1.05 0.95 0.87 0.82 0.88 0.92 0.93 1.15 1.43 1.51 1.51 1.38 1.22 1.42 1.71 1.81 1.80 1.76 1.76 1.86 2.06 2.29 2.53 2.72 2.73 2.72 2.76 2.92
0.42 0.43 0.45 0.47 0.48 0.52 0.55 0.57 0.58 0.60 0.62 0.63 0.63 0.63 0.73 0.90 0.99 1.00 1.02 1.07 1.11 1.11 1.08 1.01 0.92 0.80 0.74 0.81 0.90 0.94 0.97 1.02 1.06 1.08 1.04 1.02 1.04 1.10 1.14 1.11 1.12 1.16 1.12 1.06 1.05 1.00 0.85 0.72 0.70 0.76 0.80 0.78 0.79 0.89 0.98 0.97 0.91 0.80 0.68 0.67 0.80 0.89 0.98 1.18 1.32 1.34 1.30 1.23 1.31 1.61 1.76 1.77 1.85 1.97 2.20 2.50 2.70 2.87 2.97 2.92 2.83 2.85 3.00 3.25
0.39 0.40 0.42 0.45 0.47 0.51 0.53 0.55 0.57 0.59 0.61 0.63 0.62 0.62 0.72 0.89 1.00 1.01 1.03 1.07 1.07 1.04 0.98 0.90 0.80 0.72 0.73 0.81 0.88 0.92 0.96 1.01 1.05 1.03 0.98 1.04 1.10 1.12 1.10 1.05 1.06 1.02 0.88 0.81 0.81 0.75 0.64 0.60 0.67 0.76 0.74 0.71 0.72 0.81 0.95 0.94 0.85 0.71 0.59 0.67 0.89 1.03 1.18 1.30 1.27 1.25 1.24 1.35 1.54 1.65 1.68 1.77 2.01 2.22 2.37 2.42 2.52 2.65 2.62 2.59 2.72 2.90 3.03 3.09
0.37 0.38 0.40 0.43 0.46 0.49 0.51 0.54 0.57 0.59 0.61 0.63 0.63 0.63 0.72 0.90 1.03 1.02 1.01 1.03 1.00 0.93 0.88 0.83 0.77 0.76 0.78 0.83 0.87 0.88 0.93 1.01 1.04 1.01 1.02 1.09 1.09 1.04 0.97 0.88 0.82 0.70 0.62 0.66 0.68 0.64 0.61 0.67 0.77 0.80 0.81 0.79 0.78 0.88 1.02 1.01 0.89 0.75 0.71 0.91 1.22 1.39 1.56 1.52 1.36 1.35 1.44 1.59 1.70 1.63 1.66 1.95 2.19 2.19 2.07 2.07 2.19 2.14 1.98 2.13 2.52 2.71 2.69 2.57
0.34 0.35 0.38 0.41 0.43 0.46 0.49 0.52 0.56 0.58 0.61 0.63 0.65 0.65 0.74 0.93 1.04 1.01 0.97 0.97 0.95 0.88 0.84 0.80 0.81 0.83 0.83 0.83 0.85 0.88 1.00 1.09 1.06 1.01 1.00 0.95 0.88 0.83 0.74 0.68 0.64 0.57 0.62 0.75 0.74 0.72 0.77 0.78 0.78 0.89 1.04 1.09 1.16 1.33 1.40 1.34 1.20 1.06 1.05 1.26 1.57 1.77 1.80 1.63 1.53 1.67 1.78 1.84 1.90 1.76 1.75 1.99 2.06 1.87 1.82 1.96 1.95 1.78 1.86 2.31 2.52 2.35 2.18 2.00
0.32 0.33 0.35 0.38 0.41 0.45 0.48 0.52 0.55 0.59 0.61 0.64 0.66 0.68 0.76 0.93 1.01 0.97 0.93 0.92 0.91 0.86 0.81 0.81 0.86 0.88 0.84 0.84 0.89 0.97 1.06 1.05 0.92 0.82 0.76 0.72 0.72 0.71 0.66 0.65 0.67 0.72 0.87 0.95 0.89 0.88 0.94 0.90 0.91 1.11 1.31 1.39 1.49 1.56 1.51 1.42 1.36 1.34 1.38 1.63 1.85 1.91 1.80 1.60 1.63 1.82 1.94 2.03 2.07 1.93 1.84 1.86 1.85 1.80 1.88 1.89 1.77 1.88 2.29 2.52 2.26 1.88 1.73 1.52
0.29 0.30 0.33 0.36 0.40 0.44 0.47 0.51 0.55 0.59 0.61 0.64 0.67 0.70 0.76 0.89 0.96 0.94 0.90 0.88 0.85 0.81 0.79 0.83 0.87 0.86 0.83 0.85 0.91 0.96 0.96 0.85 0.70 0.63 0.65 0.71 0.76 0.78 0.78 0.83 0.89 0.94 0.98 0.96 0.92 0.96 1.01 1.08 1.25 1.41 1.46 1.46 1.47 1.43 1.36 1.35 1.44 1.56 1.69 1.85 1.96 1.94 1.78 1.66 1.76 1.94 2.09 2.14 2.01 1.90 1.93 1.92 1.96 1.98 1.86 1.79 1.88 2.13 2.30 2.01 1.56 1.41 1.31 1.09
0.26 0.28 0.31 0.34 0.38 0.42 0.46 0.51 0.55 0.58 0.61 0.64 0.67 0.71 0.76 0.84 0.91 0.89 0.85 0.83 0.80 0.78 0.79 0.82 0.84 0.83 0.83 0.84 0.85 0.86 0.80 0.68 0.61 0.63 0.72 0.81 0.86 0.86 0.86 0.91 0.94 0.94 0.95 0.95 0.95 1.02 1.13 1.26 1.37 1.42 1.41 1.38 1.34 1.32 1.36 1.48 1.59 1.67 1.76 1.88 1.94 1.87 1.74 1.74 1.89 2.04 2.12 2.02 1.88 1.99 2.18 2.17 2.16 2.03 1.76 1.69 1.71 1.69 1.58 1.28 1.14 1.16 1.05 0.96
0.24 0.25 0.29 0.33 0.37 0.41 0.46 0.50 0.54 0.57 0.60 0.64 0.68 0.71 0.75 0.81 0.85 0.84 0.81 0.80 0.79 0.79 0.80 0.82 0.83 0.84 0.84 0.82 0.81 0.78 0.72 0.63 0.61 0.66 0.74 0.82 0.89 0.91 0.92 0.99 1.01 1.01 1.03 1.02 1.06 1.19 1.32 1.33 1.29 1.30 1.32 1.31 1.32 1.38 1.52 1.64 1.67 1.68 1.74 1.78 1.76 1.66 1.63 1.72 1.86 1.98 2.01 1.97 2.12 2.41 2.45 2.26 2.13 2.01 1.86 1.69 1.42 1.24 1.21 1.18 1.20 1.24 1.22 1.21
0.21 0.23 0.27 0.31 0.36 0.40 0.45 0.50 0.54 0.56 0.60 0.65 0.68 0.71 0.74 0.78 0.80 0.80 0.81 0.81 0.81 0.81 0.82 0.82 0.83 0.83 0.82 0.80 0.78 0.76 0.70 0.63 0.64 0.73 0.86 0.97 1.06 1.11 1.10 1.11 1.09 1.06 1.05 1.08 1.20 1.31 1.32 1.25 1.24 1.30 1.34 1.36 1.41 1.49 1.56 1.57 1.59 1.65 1.69 1.67 1.59 1.60 1.69 1.78 1.90 2.04 2.13 2.28 2.54 2.61 2.33 2.01 1.88 1.88 1.87 1.72 1.54 1.45 1.44 1.45 1.52 1.54 1.46 1.39
0.19 0.21 0.25 0.30 0.35 0.40 0.45 0.49 0.53 0.56 0.60 0.65 0.68 0.70 0.73 0.76 0.77 0.80 0.82 0.82 0.81 0.81 0.82 0.83 0.82 0.82 0.81 0.79 0.77 0.75 0.70 0.67 0.74 0.94 1.09 1.17 1.22 1.19 1.13 1.09 1.05 1.04 1.08 1.16 1.25 1.25 1.23 1.26 1.32 1.38 1.43 1.46 1.50 1.50 1.48 1.48 1.54 1.60 1.62 1.58 1.55 1.67 1.83 1.89 2.05 2.28 2.44 2.62 2.64 2.32 1.89 1.69 1.69 1.78 1.77 1.70 1.73 1.77 1.77 1.80 1.79 1.63 1.49 1.47
0.18 0.19 0.24 0.29 0.34 0.39 0.44 0.49 0.53 0.57 0.60 0.64 0.68 0.70 0.73 0.75 0.77 0.79 0.82 0.82 0.81 0.82 0.83 0.82 0.80 0.81 0.80 0.78 0.77 0.76 0.74 0.76 0.91 1.08 1.12 1.13 1.12 1.05 0.99 0.99 1.00 1.05 1.13 1.18 1.21 1.28 1.37 1.41 1.41 1.41 1.46 1.48 1.47 1.46 1.50 1.54 1.59 1.61 1.56 1.52 1.57 1.75 1.93 2.09 2.42 2.70 2.77 2.71 2.37 1.90 1.61 1.55 1.66 1.85 1.89 1.83 1.79 1.85 1.98 2.03 1.92 1.72 1.64 1.59
0.16 0.18 0.23 0.29 0.34 0.39 0.44 0.48 0.53 0.58 0.61 0.64 0.68 0.70 0.72 0.74 0.77 0.79 0.82 0.81 0.81 0.82 0.82 0.81 0.80 0.79 0.76 0.74 0.75 0.77 0.78 0.84 0.96 1.02 1.01 1.01 0.97 0.92 0.94 0.98 1.04 1.10 1.14 1.18 1.34 1.50 1.48 1.41 1.38 1.39 1.45 1.45 1.45 1.53 1.59 1.59 1.61 1.60 1.52 1.51 1.61 1.79 2.07 2.49 2.83 2.82 2.62 2.28 1.80 1.49 1.40 1.46 1.73 2.05 2.07 1.85 1.71 1.82 1.95 1.94 1.88 1.84 1.82 1.73
0.15 0.17 0.23 0.29 0.34 0.39 0.43 0.49 0.54 0.59 0.61 0.64 0.67 0.71 0.73 0.74 0.77 0.79 0.81 0.81 0.81 0.82 0.81 0.79 0.78 0.76 0.70 0.68 0.74 0.80 0.81 0.85 0.91 0.94 0.95 0.95 0.92 0.93 0.99 1.04 1.09 1.14 1.20 1.38 1.59 1.54 1.37 1.33 1.33 1.36 1.42 1.45 1.53 1.62 1.64 1.63 1.63 1.56 1.46 1.46 1.58 1.91 2.44 2.83 2.74 2.32 1.92 1.51 1.20 1.10 1.17 1.50 2.05 2.25 1.95 1.60 1.53 1.69 1.78 1.78 1.86 1.98 2.01 1.93
0.15 0.18 0.23 0.29 0.34 0.39 0.44 0.50 0.56 0.59 0.62 0.64 0.67 0.71 0.73 0.75 0.77 0.79 0.80 0.81 0.81 0.81 0.80 0.78 0.77 0.72 0.65 0.67 0.80 0.84 0.81 0.85 0.91 0.95 0.97 0.96 0.93 0.99 1.07 1.11 1.14 1.21 1.35 1.55 1.57 1.35 1.25 1.31 1.35 1.40 1.44 1.48 1.53 1.58 1.64 1.68 1.63 1.46 1.34 1.37 1.71 2.42 2.96 2.90 2.44 1.98 1.56 1.19 1.00 1.02 1.33 1.96 2.34 2.14 1.75 1.51 1.50 1.65 1.74 1.84 2.03 2.16 2.17 2.19
0.16 0.18 0.24 0.30 0.35 0.40 0.45 0.51 0.56 0.59 0.62 0.65 0.68 0.71 0.73 0.75 0.78 0.79 0.80 0.80 0.80 0.81 0.80 0.79 0.76 0.69 0.64 0.73 0.84 0.85 0.82 0.86 0.91 0.94 0.96 0.94 0.95 1.07 1.19 1.21 1.24 1.33 1.47 1.56 1.46 1.32 1.34 1.41 1.47 1.52 1.51 1.51 1.54 1.64 1.79 1.76 1.53 1.35 1.38 1.63 2.26 2.96 2.99 2.46 1.98 1.66 1.37 1.14 1.09 1.33 1.92 2.37 2.30 1.93 1.65 1.56 1.60 1.75 1.86 1.98 2.12 2.12 2.11 2.27
0.18 0.20 0.25 0.31 0.36 0.41 0.46 0.52 0.57 0.59 0.63 0.66 0.69 0.71 0.73 0.76 0.78 0.79 0.79 0.80 0.81 0.82 0.82 0.79 0.75 0.68 0.67 0.80 0.90 0.87 0.84 0.88 0.92 0.92 0.91 0.90 0.96 1.15 1.28 1.29 1.31 1.44 1.56 1.58 1.53 1.50 1.54 1.57 1.60 1.62 1.62 1.68 1.78 1.90 1.96 1.74 1.49 1.51 1.81 2.25 2.76 2.97 2.49 1.81 1.44 1.26 1.13 1.10 1.27 1.75 2.30 2.38 2.09 1.78 1.55 1.50 1.66 1.92 2.05 2.05 2.03 1.98 2.02 2.22
0.20 0.22 0.27 0.33 0.38 0.42 0.48 0.54 0.57 0.60 0.63 0.67 0.70 0.72 0.74 0.77 0.78 0.79 0.79 0.81 0.83 0.83 0.82 0.79 0.76 0.72 0.78 0.92 0.98 0.91 0.89 0.96 0.97 0.96 0.98 1.02 1.11 1.27 1.44 1.48 1.51 1.67 1.69 1.68 1.67 1.63 1.64 1.66 1.72 1.80 1.84 1.92 2.01 2.07 1.97 1.71 1.65 1.84 2.17 2.58 2.87 2.68 2.10 1.55 1.28 1.15 1.09 1.18 1.59 2.16 2.47 2.34 2.02 1.68 1.42 1.39 1.57 1.86 1.93 1.93 1.94 1.92 1.98 2.10
0.22 0.25 0.30 0.35 0.40 0.45 0.50 0.55 0.58 0.61 0.64 0.68 0.71 0.74 0.76 0.77 0.79 0.79 0.80 0.82 0.83 0.83 0.81 0.80 0.77 0.79 0.89 1.00 1.00 0.96 1.00 1.06 1.05 1.13 1.30 1.39 1.42 1.54 1.70 1.74 1.83 1.91 1.87 1.84 1.78 1.71 1.74 1.84 2.03 2.16 2.16 2.17 2.17 2.11 1.96 1.79 1.78 1.92 2.21 2.57 2.63 2.17 1.64 1.31 1.14 1.08 1.13 1.37 1.88 2.35 2.43 2.11 1.75 1.51 1.41 1.49 1.69 1.76 1.74 1.82 1.88 1.83 1.83 1.85
0.26 0.28 0.32 0.37 0.43 0.47 0.51 0.55 0.60 0.62 0.65 0.69 0.72 0.75 0.77 0.78 0.79 0.80 0.81 0.83 0.83 0.83 0.82 0.82 0.82 0.86 0.94 0.97 0.92 0.87 0.92 1.03 1.18 1.44 1.65 1.65 1.62 1.73 1.88 1.92 1.96 1.95 1.87 1.84 1.78 1.75 1.85 2.04 2.17 2.12 2.07 2.11 2.05 1.93 1.81 1.67 1.62 1.80 2.15 2.40 2.19 1.59 1.16 0.97 0.96 1.07 1.21 1.45 1.92 2.27 2.07 1.54 1.31 1.41 1.61 1.81 1.85 1.79 1.82 1.93 1.90 1.76 1.71 1.74
0.30 0.31 0.35 0.40 0.46 0.50 0.53 0.57 0.61 0.64 0.67 0.70 0.73 0.76 0.78 0.79 0.79 0.80 0.81 0.83 0.84 0.84 0.84 0.84 0.86 0.91 0.94 0.93 0.86 0.79 0.87 1.11 1.38 1.62 1.67 1.56 1.59 1.82 1.95 1.88 1.79 1.67 1.57 1.57 1.57 1.62 1.78 1.91 1.80 1.58 1.55 1.61 1.58 1.58 1.51 1.44 1.52 1.76 2.06 2.20 1.87 1.31 0.99 0.89 1.03 1.23 1.36 1.55 1.94 2.11 1.68 1.30 1.41 1.69 1.84 1.90 1.87 1.89 2.00 2.08 2.00 1.79 1.70 1.74
0.35 0.36 0.38 0.43 0.50 0.53 0.55 0.59 0.63 0.65 0.68 0.71 0.75 0.77 0.79 0.79 0.79 0.81 0.82 0.84 0.85 0.86 0.85 0.87 0.91 0.93 0.96 0.96 0.92 0.96 1.17 1.40 1.52 1.57 1.51 1.40 1.54 1.80 1.78 1.56 1.45 1.36 1.33 1.37 1.38 1.43 1.58 1.58 1.38 1.29 1.30 1.31 1.34 1.37 1.34 1.41 1.64 1.85 2.01 2.00 1.59 1.17 1.04 1.09 1.28 1.45 1.57 1.77 2.04 2.03 1.71 1.70 1.98 2.05 1.95 1.92 1.96 2.05 2.12 2.14 1.94 1.70 1.66 1.72
0.39 0.40 0.42 0.47 0.53 0.55 0.57 0.61 0.65 0.67 0.69 0.73 0.76 0.78 0.79 0.79 0.80 0.82 0.84 0.85 0.87 0.87 0.87 0.91 0.95 0.97 0.98 0.96 0.98 1.13 1.34 1.47 1.45 1.47 1.49 1.45 1.57 1.70 1.55 1.35 1.30 1.25 1.25 1.26 1.23 1.29 1.37 1.27 1.16 1.20 1.23 1.23 1.23 1.21 1.22 1.37 1.62 1.84 1.91 1.82 1.56 1.29 1.25 1.36 1.53 1.62 1.69 1.82 2.01 2.14 2.16 2.24 2.26 2.08 1.96 1.99 2.09 2.22 2.31 2.19 1.89 1.67 1.67 1.77
0.44 0.45 0.48 0.52 0.56 0.58 0.59 0.62 0.67 0.69 0.70 0.74 0.76 0.78 0.80 0.80 0.81 0.84 0.85 0.85 0.87 0.89 0.90 0.94 0.97 0.97 0.96 0.95 0.98 1.10 1.27 1.36 1.37 1.49 1.63 1.62 1.59 1.56 1.41 1.28 1.22 1.13 1.08 1.05 1.05 1.14 1.15 1.06 1.08 1.15 1.15 1.14 1.13 1.10 1.14 1.30 1.52 1.65 1.67 1.68 1.60 1.45 1.43 1.52 1.64 1.68 1.72 1.83 2.13 2.44 2.42 2.27 2.08 1.89 1.84 1.90 2.00 2.13 2.14 1.99 1.87 1.87 1.87 1.89
0.48 0.50 0.53 0.58 0.61 0.61 0.62 0.65 0.69 0.71 0.72 0.74 0.77 0.79 0.80 0.81 0.82 0.84 0.85 0.86 0.88 0.90 0.92 0.94 0.95 0.95 0.94 0.95 0.96 1.06 1.26 1.38 1.49 1.66 1.72 1.58 1.45 1.35 1.23 1.09 1.00 0.92 0.92 0.94 1.02 1.11 1.08 1.08 1.17 1.19 1.17 1.17 1.18 1.20 1.31 1.45 1.53 1.51 1.49 1.53 1.49 1.40 1.43 1.55 1.67 1.74 1.85 2.06 2.46 2.54 2.10 1.80 1.68 1.60 1.67 1.77 1.79 1.72 1.57 1.52 1.67 1.81 1.84 1.77
0.54 0.55 0.57 0.62 0.64 0.65 0.65 0.67 0.70 0.73 0.74 0.75 0.77 0.79 0.80 0.82 0.83 0.84 0.85 0.87 0.90 0.91 0.92 0.94 0.95 0.95 0.96 0.94 0.95 1.15 1.40 1.53 1.64 1.68 1.56 1.34 1.20 1.10 0.98 0.85 0.79 0.83 0.92 1.00 1.11 1.20 1.18 1.21 1.24 1.21 1.24 1.31 1.37 1.45 1.57 1.62 1.59 1.54 1.52 1.53 1.53 1.43 1.43 1.56 1.68 1.80 2.02 2.34 2.53 2.16 1.52 1.29 1.32 1.50 1.71 1.74 1.64 1.49 1.39 1.46 1.50 1.47 1.51 1.53
0.61 0.62 0.63 0.65 0.67 0.68 0.68 0.69 0.71 0.74 0.75 0.76 0.77 0.79 0.81 0.82 0.83 0.85 0.86 0.88 0.90 0.91 0.93 0.95 0.97 0.98 0.98 0.96 1.08 1.40 1.57 1.60 1.58 1.47 1.35 1.15 0.94 0.81 0.77 0.78 0.83 0.92 1.04 1.14 1.25 1.29 1.29 1.32 1.29 1.28 1.39 1.50 1.55 1.60 1.65 1.68 1.69 1.67 1.66 1.70 1.70 1.59 1.56 1.59 1.61 1.74 2.06 2.34 2.20 1.65 1.27 1.31 1.62 1.87 1.81 1.64 1.64 1.68 1.67 1.64 1.52 1.42 1.43 1.54
