windninja/windninja_output/Output_2025-08-09_1600-1650_Google earth_Fire_150m_10min/merlingen_7.5mi_point_08-09-2025_1610_150m_vel.asc
ncols	158
nrows	163
xllcorner	391686.332397
yllcorner	5160024.123721
cellsize	150.000000
NODATA_value	-32768.000000
[rows 114 to 151 of 163, columns 0 to 83 of 158]
3.59 3.48 3.25 3.11 3.12 3.04 2.83 2.75 2.81 2.91 3.01 3.32 3.46 3.30 3.42 3.34 2.38 1.86 2.22 2.82 3.81 5.25 5.80 4.31 3.31 3.15 2.99 2.58 2.21 2.22 3.29 4.96 5.50 4.96 4.11 3.16 2.66 2.44 2.08 1.81 1.71 1.68 1.67 1.58 1.36 1.30 1.40 1.46 1.47 1.52 1.57 1.61 1.77 2.09 2.46 2.68 2.76 2.90 3.23 3.50 3.50 3.44 3.56 3.68 3.56 3.56 3.77 3.90 3.87 3.64 3.29 3.01 2.80 2.68 2.79 2.92 2.78 2.52 2.37 2.43 2.47 2.24 1.83 1.55
3.53 3.62 3.60 3.41 3.31 3.28 3.20 2.99 2.79 2.76 2.86 3.05 3.27 3.53 3.91 3.76 2.56 1.82 1.90 2.12 2.92 4.36 5.81 5.95 5.03 4.04 3.70 3.58 3.47 2.73 2.89 4.43 5.88 5.92 4.67 3.30 2.57 2.39 2.25 2.07 2.06 2.14 2.19 2.09 1.83 1.69 1.67 1.62 1.56 1.60 1.70 1.76 1.81 1.95 2.31 2.63 2.72 2.79 3.05 3.39 3.53 3.52 3.57 3.74 3.74 3.63 3.74 3.90 3.94 3.84 3.65 3.42 3.15 2.77 2.58 2.82 2.99 2.78 2.46 2.37 2.50 2.45 2.21 1.98
3.37 3.57 3.71 3.60 3.43 3.31 3.30 3.32 3.21 2.99 2.89 2.79 2.89 3.36 4.08 4.17 2.87 1.77 1.70 1.88 2.61 3.73 4.98 6.09 6.31 5.38 4.37 4.13 4.08 3.37 3.24 4.28 5.88 6.65 5.36 3.55 2.76 2.67 2.71 2.56 2.48 2.52 2.53 2.46 2.21 1.89 1.66 1.58 1.67 1.77 1.87 1.94 1.94 1.94 2.16 2.51 2.69 2.74 2.89 3.20 3.43 3.52 3.59 3.71 3.77 3.72 3.75 3.88 3.99 4.00 3.90 3.83 3.78 3.49 2.83 2.57 2.81 2.98 2.70 2.34 2.33 2.37 2.22 2.14
3.22 3.45 3.65 3.60 3.46 3.28 3.16 3.32 3.54 3.57 3.31 2.71 2.50 2.92 3.95 4.55 3.30 1.72 1.68 1.98 2.58 3.33 3.98 4.97 6.16 6.62 6.01 5.29 5.24 4.00 3.25 3.54 5.01 6.75 6.54 4.61 3.60 3.33 3.36 3.34 3.31 3.12 2.93 2.84 2.61 2.18 1.98 1.99 2.05 2.11 2.15 2.15 2.11 2.08 2.15 2.49 2.75 2.80 2.84 3.03 3.25 3.45 3.67 3.84 3.87 3.81 3.83 3.93 4.03 4.09 4.10 4.11 4.23 4.28 3.91 3.14 2.74 2.91 2.98 2.68 2.45 2.39 2.22 2.13
3.19 3.33 3.58 3.64 3.49 3.31 3.09 3.10 3.34 3.64 3.79 3.05 2.27 2.47 3.52 4.81 4.15 1.85 1.54 1.71 1.88 2.27 2.77 3.33 4.29 5.75 6.45 6.50 6.73 6.18 4.57 3.84 4.56 6.13 7.09 7.24 6.41 5.23 4.78 4.63 4.33 3.96 3.54 3.17 2.92 2.67 2.50 2.48 2.47 2.42 2.33 2.25 2.22 2.19 2.19 2.43 2.75 2.87 2.89 2.99 3.12 3.24 3.50 3.86 4.08 4.10 4.09 4.13 4.14 4.12 4.11 4.14 4.27 4.55 4.70 4.29 3.49 3.10 3.12 3.08 2.93 2.71 2.37 2.13
3.26 3.30 3.53 3.68 3.44 3.20 3.07 2.96 3.00 3.18 3.70 3.46 2.30 2.20 2.99 4.49 4.79 2.67 1.24 1.20 1.14 1.18 1.59 2.08 2.63 3.37 4.16 4.78 5.93 6.67 6.21 5.50 5.11 5.43 6.42 7.59 7.89 7.28 6.73 6.49 6.04 5.22 4.52 4.01 3.75 3.47 3.01 2.72 2.60 2.47 2.34 2.26 2.25 2.23 2.20 2.33 2.64 2.86 2.93 3.01 3.08 3.10 3.19 3.45 3.79 4.00 4.05 4.14 4.25 4.18 4.01 3.96 4.09 4.38 4.80 5.00 4.59 3.87 3.43 3.19 3.03 2.86 2.56 2.27
3.28 3.30 3.53 3.84 3.56 3.05 2.96 2.90 2.87 2.83 3.25 3.49 2.48 2.17 2.76 4.07 4.96 3.81 1.62 0.88 0.81 0.65 0.69 1.11 1.58 1.95 2.28 2.72 3.48 4.33 5.07 5.05 4.57 4.83 5.48 6.28 7.08 7.21 6.67 6.69 7.06 6.83 6.14 5.52 5.05 4.55 3.96 3.50 3.10 2.71 2.49 2.40 2.36 2.34 2.30 2.30 2.52 2.77 2.90 3.01 3.10 3.08 3.02 2.93 2.79 2.84 2.88 3.05 3.58 3.98 3.98 3.83 3.80 3.96 4.40 5.01 5.27 4.85 4.14 3.58 3.17 2.95 2.68 2.43
3.20 3.26 3.54 4.10 4.29 3.79 3.59 3.47 3.12 2.64 2.88 3.47 2.59 2.02 2.64 3.87 5.06 4.55 2.57 1.13 0.48 0.44 0.23 0.28 0.80 1.18 1.54 1.92 2.35 2.72 3.10 3.63 3.99 4.33 5.06 5.49 5.53 5.88 5.20 4.94 5.97 6.76 6.68 5.83 5.20 4.81 4.41 3.98 3.52 3.09 2.73 2.53 2.50 2.49 2.42 2.40 2.60 2.79 2.87 2.93 2.96 2.83 2.67 2.58 2.37 2.26 2.02 1.65 2.06 3.06 3.60 3.69 3.58 3.52 3.78 4.41 5.18 5.54 5.21 4.52 3.87 3.39 2.95 2.65
3.04 3.21 3.43 3.87 4.50 4.74 4.85 4.87 4.32 3.11 2.81 3.49 2.69 1.63 1.98 3.06 4.79 5.16 3.41 1.86 0.69 0.07 0.37 0.48 0.60 0.72 0.91 1.31 1.92 2.33 2.45 3.07 3.74 3.90 4.63 4.99 4.70 5.19 4.63 3.73 4.09 5.16 6.22 5.85 4.75 4.16 3.79 3.45 3.27 3.08 2.83 2.65 2.57 2.51 2.47 2.50 2.66 2.84 2.88 2.84 2.73 2.54 2.45 2.51 2.63 2.83 2.65 1.79 1.30 1.69 2.55 3.09 3.29 3.28 3.29 3.61 4.33 5.26 5.78 5.67 5.05 4.25 3.53 3.18
2.73 2.89 3.02 3.12 3.56 4.14 4.66 5.25 5.51 4.64 3.63 3.86 2.87 1.36 1.31 1.99 3.73 5.37 4.69 2.91 1.65 0.72 0.35 0.61 0.78 0.79 0.78 1.09 1.73 1.99 1.96 2.61 3.32 3.48 4.17 4.69 4.34 4.86 4.93 3.69 3.22 3.98 5.57 6.39 5.42 4.23 3.56 3.14 3.08 3.09 2.99 2.85 2.68 2.58 2.51 2.38 2.32 2.46 2.43 2.48 2.60 2.59 2.62 2.73 2.87 3.22 3.44 2.99 1.92 1.26 1.52 2.13 2.58 2.83 2.89 2.95 3.36 4.21 5.20 5.95 6.14 5.65 4.71 4.00
2.66 2.77 2.81 2.74 2.94 3.45 3.91 4.54 5.47 5.50 5.20 4.83 2.95 1.39 1.10 1.39 2.51 4.54 5.57 4.50 2.84 1.67 0.86 0.58 0.61 0.69 0.75 1.05 1.54 1.47 1.56 2.44 3.11 3.19 3.77 4.46 4.08 4.19 4.75 3.97 3.13 3.25 4.40 6.19 6.46 5.23 4.10 3.44 3.23 3.30 3.34 3.20 2.94 2.77 2.66 2.48 2.33 2.41 2.35 2.21 2.49 2.90 3.02 3.08 3.15 3.27 3.51 3.66 3.16 1.94 1.26 1.33 1.56 1.83 2.17 2.35 2.56 3.12 4.00 4.94 5.81 6.27 5.88 4.85
2.72 2.89 2.96 2.85 2.96 3.31 3.64 4.05 4.93 5.43 5.91 6.17 4.20 1.84 1.19 1.17 1.69 2.93 4.70 5.58 5.04 3.19 1.81 1.12 0.87 0.74 0.73 1.05 1.18 1.03 1.36 2.40 3.12 3.00 3.39 4.24 3.92 3.61 4.26 4.05 3.17 2.79 3.30 5.04 6.47 6.06 4.82 3.88 3.49 3.42 3.38 3.31 3.20 3.03 2.89 2.86 2.96 3.19 3.29 2.93 2.89 3.21 3.37 3.40 3.45 3.48 3.47 3.65 3.77 3.24 2.15 1.52 1.29 1.09 1.19 1.49 1.72 2.01 2.57 3.28 3.95 5.10 6.01 5.77
2.52 2.77 2.93 2.79 2.87 3.16 3.50 3.78 4.33 4.94 5.75 7.03 6.31 3.25 2.09 1.52 1.44 2.01 3.09 4.63 5.47 5.07 3.19 2.15 2.16 2.11 1.82 1.45 1.13 0.96 1.28 2.41 3.36 3.08 3.09 3.98 3.98 3.34 3.46 3.62 3.08 2.50 2.62 3.82 5.79 6.34 5.48 4.53 3.97 3.64 3.41 3.26 3.21 3.14 3.00 2.93 3.08 3.45 3.81 3.75 3.53 3.46 3.45 3.42 3.46 3.54 3.54 3.58 3.80 3.86 3.46 2.75 2.02 1.35 0.92 0.76 0.89 1.10 1.36 1.88 2.50 3.45 4.92 5.85
2.44 2.68 2.86 2.68 2.72 3.07 3.48 3.70 3.85 4.32 5.21 6.85 7.58 6.05 4.14 2.49 1.72 1.98 2.60 3.46 4.66 5.51 5.25 4.48 4.04 3.43 2.56 1.68 1.10 0.85 1.08 2.15 3.58 3.74 3.43 3.78 3.94 3.44 2.95 2.99 2.80 2.18 2.00 2.71 4.62 6.04 5.68 4.74 4.17 3.75 3.53 3.38 3.21 3.10 3.00 2.88 2.91 3.24 3.63 3.71 3.60 3.50 3.41 3.36 3.42 3.52 3.57 3.60 3.69 3.82 3.89 3.62 2.92 2.13 1.46 0.86 0.46 0.49 0.75 1.16 1.77 2.57 3.54 4.69
2.44 2.64 2.83 2.64 2.53 2.74 3.18 3.55 3.64 3.81 4.38 5.75 7.44 8.05 7.02 4.13 2.58 2.51 2.84 3.29 3.76 4.62 5.44 5.23 4.68 4.18 3.09 1.88 1.04 0.63 0.69 1.50 3.13 4.16 4.47 4.34 3.98 3.51 2.90 2.68 2.49 2.02 1.59 1.73 3.17 5.31 5.75 4.76 4.14 3.79 3.52 3.45 3.37 3.27 3.14 3.04 3.00 3.15 3.43 3.51 3.48 3.48 3.47 3.47 3.51 3.58 3.61 3.64 3.69 3.73 3.85 3.97 3.59 2.73 1.98 1.36 0.64 0.21 0.28 0.56 1.01 1.74 2.62 3.54
2.40 2.55 2.68 2.44 2.23 2.26 2.46 2.89 3.17 3.29 3.53 4.27 5.61 7.23 8.09 7.48 4.88 3.45 3.09 2.93 2.55 2.73 4.21 5.07 4.97 4.55 3.58 2.33 1.37 0.68 0.37 0.75 1.98 3.38 4.73 5.48 4.96 3.72 2.98 2.70 2.40 2.00 1.50 1.14 1.79 3.97 5.44 5.26 4.66 4.25 3.89 3.63 3.43 3.33 3.21 3.13 3.14 3.23 3.40 3.49 3.51 3.55 3.56 3.57 3.61 3.65 3.66 3.67 3.72 3.77 3.87 4.11 4.15 3.58 2.63 1.90 1.17 0.41 0.05 0.07 0.25 0.63 1.29 2.28
2.44 2.60 2.79 2.53 2.21 2.26 2.33 2.34 2.40 2.49 2.58 2.76 3.27 4.30 5.96 7.49 6.88 5.15 3.73 2.59 1.82 1.88 2.99 4.70 5.59 5.11 3.83 2.85 2.14 1.27 0.56 0.34 0.90 2.15 3.62 5.45 6.32 5.12 3.56 3.01 2.65 2.20 1.76 1.23 1.06 2.24 4.37 5.22 5.10 4.59 4.11 3.82 3.44 3.24 3.14 3.06 3.10 3.29 3.49 3.56 3.51 3.51 3.56 3.59 3.63 3.70 3.71 3.70 3.73 3.81 3.93 4.11 4.32 4.28 3.71 2.83 1.90 0.98 0.38 0.04 0.26 0.38 0.40 0.64
2.55 2.69 2.99 2.92 2.53 2.55 2.77 2.77 2.44 1.96 1.71 1.75 2.02 2.69 3.66 5.07 6.50 6.06 4.16 2.35 1.74 1.61 2.05 3.45 5.52 5.91 4.07 3.20 2.82 2.03 1.21 0.55 0.50 1.24 2.41 4.11 6.17 6.76 5.50 4.19 3.52 2.93 2.49 1.93 1.22 1.33 2.69 4.10 4.77 4.52 4.00 3.77 3.51 3.28 3.14 2.97 2.90 3.09 3.37 3.48 3.42 3.31 3.32 3.48 3.58 3.66 3.73 3.70 3.69 3.78 3.97 4.15 4.30 4.45 4.33 3.86 2.93 1.78 1.15 0.69 0.18 0.36 0.49 0.44
2.56 2.60 2.81 3.02 2.87 2.70 2.93 3.40 3.55 2.70 1.77 1.55 1.70 2.18 2.96 3.85 5.77 6.50 4.42 2.40 1.70 1.41 1.57 2.26 4.31 6.18 5.39 3.54 2.83 2.17 1.45 0.81 0.32 0.62 1.60 2.80 4.51 6.38 6.90 6.37 5.35 4.35 3.74 3.10 2.24 1.57 1.71 2.73 3.95 4.23 3.84 3.63 3.50 3.34 3.20 3.03 2.93 3.04 3.26 3.39 3.42 3.35 3.18 3.31 3.48 3.54 3.64 3.63 3.59 3.67 3.87 4.12 4.31 4.51 4.50 4.26 3.72 2.68 2.02 1.67 1.01 0.33 0.39 0.53
2.59 2.55 2.58 2.87 3.07 2.84 2.67 3.11 4.03 4.27 3.10 2.19 2.03 2.28 2.70 3.54 5.38 6.42 5.77 3.76 2.06 1.37 1.36 1.83 3.19 5.67 6.38 4.62 3.08 2.23 1.54 0.96 0.28 0.22 0.86 1.84 3.03 4.55 5.96 6.77 6.49 5.50 4.85 4.42 3.70 2.79 2.17 2.30 3.22 3.79 3.62 3.44 3.39 3.33 3.26 3.17 3.10 3.19 3.43 3.61 3.71 3.71 3.51 3.44 3.54 3.53 3.55 3.50 3.38 3.46 3.70 3.94 4.14 4.50 4.79 4.61 4.05 2.99 2.24 2.06 1.75 0.99 0.38 0.42
2.79 2.76 2.69 2.85 3.15 3.04 2.67 2.60 3.20 4.35 4.56 3.71 3.42 3.31 3.30 3.95 4.90 5.68 5.99 5.47 3.85 1.85 1.30 1.55 2.25 4.22 6.41 6.52 4.65 2.99 2.10 1.46 0.74 0.11 0.13 0.88 2.02 3.14 4.33 5.63 6.28 5.86 5.27 4.98 4.55 3.96 3.23 2.81 3.14 3.65 3.66 3.45 3.32 3.27 3.22 3.18 3.18 3.28 3.45 3.63 3.80 3.84 3.74 3.66 3.69 3.70 3.63 3.54 3.22 3.02 3.30 3.69 3.89 4.15 4.73 5.09 4.71 3.40 2.16 1.88 1.87 1.50 0.80 0.35
2.87 3.01 2.99 2.97 3.18 3.24 2.99 2.66 2.55 3.14 4.15 4.30 4.09 4.17 4.59 4.56 4.28 4.58 4.92 5.38 4.98 3.09 1.71 1.38 1.43 2.47 4.82 6.84 6.57 4.61 3.11 2.42 1.71 0.73 0.10 0.15 0.98 2.11 3.42 4.72 5.43 5.56 5.28 4.89 4.74 4.52 3.93 3.37 3.38 3.73 3.81 3.64 3.40 3.24 3.13 3.08 3.15 3.31 3.39 3.48 3.67 3.78 3.79 3.78 3.83 3.89 3.83 3.79 3.49 2.79 2.55 3.02 3.51 3.84 4.43 5.23 5.47 4.62 2.79 1.95 1.74 1.53 1.18 0.71
2.65 3.04 3.24 3.00 3.06 3.14 3.06 2.92 2.61 2.49 2.87 3.26 3.40 4.17 5.61 4.94 3.74 3.83 4.04 4.58 4.75 3.67 2.37 1.60 1.11 1.46 3.03 5.45 6.84 6.14 4.47 3.36 2.74 1.84 0.74 0.16 0.27 1.22 2.86 4.20 4.41 4.84 5.14 4.70 4.57 4.49 4.08 3.51 3.37 3.58 3.66 3.59 3.43 3.27 3.15 3.05 3.10 3.31 3.45 3.58 3.75 3.84 3.89 3.91 3.96 4.06 4.00 4.00 4.00 3.25 2.19 1.95 2.47 3.07 3.85 4.93 5.73 5.67 4.54 2.90 1.93 1.56 1.40 1.17
2.22 2.60 3.18 3.14 2.95 2.80 2.68 2.76 2.82 2.76 2.68 2.81 2.87 4.23 6.04 5.13 3.86 3.57 3.54 4.04 4.26 3.51 2.64 2.01 1.20 0.94 1.87 3.85 5.82 6.44 5.44 4.10 3.25 2.55 1.68 0.62 0.15 0.64 2.52 4.00 3.82 3.99 4.60 4.50 4.28 4.24 3.97 3.47 3.31 3.43 3.47 3.44 3.36 3.24 3.12 3.03 3.09 3.33 3.46 3.61 3.81 3.92 3.98 3.96 4.00 4.13 4.13 4.07 4.23 3.96 2.74 1.65 1.35 1.45 2.03 3.45 5.01 5.85 5.85 4.95 3.18 2.03 1.67 1.52
2.01 2.12 2.64 3.17 3.22 2.80 2.33 2.23 2.49 2.87 3.09 3.11 3.10 4.74 5.95 5.32 4.61 4.10 3.58 3.89 4.13 3.39 2.61 2.10 1.38 0.85 1.14 2.68 4.45 5.64 6.04 5.42 4.05 3.04 2.42 1.35 0.33 0.38 2.04 3.81 3.81 3.51 3.93 4.12 4.11 4.22 4.05 3.59 3.40 3.44 3.46 3.43 3.35 3.25 3.11 3.00 3.08 3.29 3.43 3.54 3.71 3.89 4.04 4.06 4.08 4.17 4.23 4.23 4.31 4.38 3.77 2.36 1.37 0.96 0.78 1.39 3.18 4.71 5.57 5.87 4.98 3.04 2.21 1.88
2.35 2.16 2.09 2.71 3.47 3.49 2.80 2.23 2.09 2.36 2.92 3.31 3.94 5.13 5.32 4.88 4.96 4.97 4.74 4.66 4.48 3.65 2.78 2.16 1.57 1.12 1.05 1.77 3.07 4.06 5.22 6.18 5.71 4.18 3.19 1.99 0.88 0.50 1.51 3.32 3.77 3.50 3.58 3.68 3.83 4.08 4.06 3.73 3.54 3.49 3.45 3.46 3.43 3.39 3.29 3.12 3.12 3.27 3.41 3.52 3.61 3.78 3.97 4.14 4.33 4.44 4.46 4.55 4.60 4.62 4.46 3.54 2.06 1.10 0.66 0.58 1.50 3.04 4.12 5.18 5.51 4.56 3.67 3.07
2.80 2.58 2.17 2.20 2.89 3.74 3.89 3.21 2.58 2.48 2.55 3.30 4.96 5.16 4.17 4.02 4.52 4.74 4.83 5.56 5.73 4.57 3.31 2.47 1.84 1.46 1.25 1.30 1.91 2.48 3.30 5.16 6.28 5.78 4.56 3.11 1.93 1.21 1.40 2.66 3.42 3.52 3.54 3.42 3.48 3.77 3.86 3.72 3.62 3.54 3.43 3.34 3.29 3.38 3.44 3.30 3.21 3.28 3.43 3.52 3.58 3.73 3.85 4.06 4.58 5.07 5.17 5.19 5.15 5.11 5.05 4.58 3.25 1.70 0.88 0.47 0.79 1.90 2.85 3.86 4.75 4.68 4.17 3.83
2.88 3.01 2.65 1.95 1.86 2.52 3.72 4.09 3.89 3.73 3.19 4.16 5.52 4.46 3.28 3.46 3.81 3.97 3.77 4.64 6.03 6.20 5.12 3.63 2.55 1.89 1.47 1.24 1.29 1.48 1.94 3.47 5.21 6.18 5.89 4.49 3.07 2.41 2.09 2.45 3.15 3.50 3.56 3.41 3.37 3.55 3.68 3.69 3.64 3.58 3.48 3.28 2.92 2.80 3.10 3.28 3.30 3.36 3.51 3.62 3.68 3.80 3.85 3.95 4.55 5.44 6.06 6.32 6.34 6.34 6.17 5.90 4.93 2.99 1.64 0.94 0.92 1.57 2.19 2.66 3.41 3.75 3.40 3.01
2.61 3.17 3.28 2.19 1.54 1.55 2.15 3.19 4.09 4.55 4.78 5.74 5.64 3.47 2.87 3.11 3.37 3.64 3.36 3.26 4.42 5.86 6.33 5.90 4.75 3.38 2.18 1.34 1.21 1.23 1.34 1.99 3.35 5.07 6.12 5.39 3.97 3.37 3.10 2.93 3.29 3.70 3.78 3.68 3.57 3.56 3.61 3.67 3.67 3.62 3.55 3.48 3.01 2.24 2.16 2.62 3.02 3.26 3.45 3.69 3.83 3.87 3.85 3.79 4.03 4.68 5.52 6.27 6.82 7.22 7.25 7.04 6.57 5.22 2.96 2.02 1.87 2.34 2.68 2.64 2.79 3.21 3.00 2.35
2.42 3.11 3.79 3.10 2.03 1.59 1.53 1.72 2.65 3.76 5.71 6.85 5.12 3.22 2.88 2.92 3.19 3.62 3.42 2.72 2.90 3.83 5.03 6.00 5.90 5.27 4.50 3.17 1.86 1.41 1.34 1.47 1.87 3.35 5.38 5.55 4.46 3.76 3.49 3.36 3.52 3.86 3.98 3.92 3.83 3.72 3.67 3.68 3.69 3.67 3.64 3.72 3.52 2.67 1.83 1.76 2.37 2.90 3.13 3.38 3.66 3.78 3.71 3.53 3.41 3.43 3.60 4.11 5.00 6.19 7.04 7.20 7.09 6.41 4.63 3.20 3.04 3.34 3.76 3.57 2.93 3.10 3.10 2.40
2.60 2.87 3.56 3.94 3.20 2.37 1.88 1.65 1.94 2.31 4.75 7.55 5.80 3.38 3.04 2.92 3.23 3.74 3.45 2.59 2.57 2.92 3.52 4.41 4.81 4.86 5.00 4.92 3.98 2.71 1.96 1.65 1.36 2.07 4.29 4.89 4.21 3.66 3.48 3.50 3.60 3.83 3.97 3.98 3.92 3.83 3.76 3.75 3.77 3.79 3.81 3.85 3.81 3.29 2.17 1.39 1.71 2.40 2.78 2.95 3.24 3.57 3.65 3.39 3.11 3.04 2.94 2.85 3.11 3.89 5.27 6.44 7.01 6.80 5.56 4.23 3.68 3.73 4.33 4.36 3.50 3.30 3.22 2.61
3.13 2.72 2.62 3.59 4.17 3.85 3.11 2.49 2.22 2.08 3.59 7.19 6.85 4.12 3.59 3.46 3.68 3.97 3.40 2.83 2.78 2.88 3.13 3.37 3.47 3.43 3.52 4.28 4.57 4.28 3.66 2.65 1.60 1.80 3.38 4.11 3.78 3.37 3.29 3.47 3.67 3.85 3.98 4.01 3.96 3.89 3.82 3.81 3.88 3.97 4.04 4.04 3.95 3.52 2.50 1.45 1.24 1.82 2.54 2.85 2.96 3.30 3.67 3.64 3.34 3.27 3.19 2.84 2.65 2.77 3.23 4.68 6.52 6.92 5.85 4.64 3.76 3.49 4.29 4.86 4.24 3.72 3.44 2.99
3.93 2.99 1.94 2.37 3.67 4.64 4.89 4.32 3.42 2.44 3.49 6.14 6.11 4.69 4.61 4.69 4.87 5.03 4.58 3.93 3.47 3.21 3.25 3.14 2.98 2.96 2.75 2.77 3.21 3.66 4.24 4.18 3.03 2.24 2.92 3.65 3.53 3.25 3.16 3.33 3.63 3.87 4.03 4.11 4.09 3.99 3.94 3.90 3.95 4.05 4.17 4.29 4.20 3.62 2.75 1.79 1.18 1.36 2.13 2.67 2.75 2.90 3.33 3.73 3.84 3.93 3.93 3.54 3.20 3.07 2.90 3.35 5.22 6.56 6.02 4.96 4.03 3.14 3.40 4.68 4.92 4.40 3.99 3.55
4.90 3.49 1.78 1.43 1.91 3.34 4.72 5.68 5.35 3.93 4.37 5.42 4.86 4.08 4.20 4.71 5.29 5.59 5.64 5.80 5.75 5.25 4.59 3.92 3.31 3.08 2.76 2.47 2.38 2.11 2.81 4.24 3.95 2.90 2.98 3.56 3.59 3.37 3.28 3.35 3.60 3.86 4.05 4.26 4.33 4.19 4.09 4.08 4.15 4.17 4.30 4.61 4.56 3.74 2.84 1.93 1.01 0.89 1.40 2.07 2.35 2.47 2.76 3.17 3.64 4.12 4.50 4.56 4.48 4.42 4.20 4.08 4.91 6.14 6.09 5.47 5.01 4.06 3.44 4.35 5.32 5.35 4.96 4.05
5.55 4.05 2.04 1.33 1.08 1.40 2.45 4.52 6.11 5.75 5.10 4.83 4.20 3.46 3.00 3.49 4.61 4.96 4.81 5.32 6.22 6.61 6.67 6.60 5.74 4.12 3.16 2.72 2.41 1.80 1.88 3.34 3.91 3.29 3.20 3.65 3.81 3.62 3.49 3.50 3.67 3.89 4.01 4.20 4.42 4.39 4.27 4.35 4.43 4.41 4.55 4.96 4.99 4.16 3.08 2.09 0.97 0.33 0.73 1.45 1.89 2.13 2.34 2.54 2.79 3.26 3.86 4.36 4.66 4.94 5.19 5.36 5.89 6.67 6.70 6.08 5.71 5.44 5.16 5.20 5.71 6.48 6.42 5.15
5.36 4.83 3.38 2.20 1.46 1.06 1.27 2.66 5.43 6.35 5.56 4.76 4.26 3.50 2.78 2.68 3.58 4.39 4.27 4.04 4.59 5.48 6.16 7.14 7.84 7.16 5.07 3.59 3.06 2.58 2.05 2.71 3.58 3.44 3.30 3.60 3.91 3.90 3.78 3.70 3.79 4.00 4.06 4.09 4.29 4.37 4.28 4.44 4.57 4.57 4.84 5.32 5.42 4.81 3.69 2.39 1.24 0.36 0.12 0.57 1.29 1.80 2.03 2.16 2.30 2.54 2.94 3.35 3.61 3.77 4.01 4.47 5.30 6.49 7.04 6.49 5.65 5.32 5.16 5.25 5.70 6.46 7.27 6.70
4.10 4.84 5.42 4.44 3.15 1.83 1.09 2.14 5.19 6.33 5.37 5.06 4.74 3.83 3.07 2.53 2.63 3.51 4.22 4.05 3.71 3.92 4.24 5.18 7.11 8.42 7.48 4.66 3.45 3.14 2.51 2.59 3.24 3.46 3.38 3.48 3.79 3.97 4.01 3.98 3.97 4.12 4.19 4.15 4.29 4.42 4.26 4.29 4.55 4.69 5.00 5.64 5.89 5.49 4.46 2.85 1.59 0.68 0.51 0.40 0.28 1.20 1.73 1.94 2.08 2.24 2.49 2.78 3.03 3.13 2.82 2.55 3.10 4.47 5.85 6.22 5.52 4.47 3.84 4.40 4.96 5.31 6.65 7.48
2.47 3.34 4.96 5.53 5.31 3.65 1.70 2.42 5.37 5.74 4.49 4.86 5.39 4.84 3.74 2.86 2.32 2.49 3.31 3.84 3.65 3.37 3.22 3.76 5.29 7.63 8.65 6.31 3.64 3.21 3.05 2.91 3.16 3.44 3.49 3.44 3.61 3.84 3.99 4.09 4.15 4.25 4.28 4.20 4.35 4.69 4.62 4.19 4.29 4.68 5.00 5.60 6.23 6.18 5.23 3.49 2.01 1.01 0.45 0.71 0.61 0.26 1.24 1.71 1.89 2.00 2.24 2.53 2.85 3.19 2.94 2.22 2.06 2.76 4.00 5.40 5.54 4.31 3.45 3.74 4.14 4.32 5.29 7.32
