windninja/windninja_output/Output_2025-08-09_1600-1650_Google earth_Fire_150m_10min/merlingen_7.5mi_point_08-09-2025_1610_150m_ang.asc
ncols	158
nrows	163
xllcorner	391686.332397
yllcorner	5160024.123721
cellsize	150.000000
NODATA_value	-32768.000000
[rows 0 to 48 of 163, columns 0 to 95 of 158]
1 359 356 355 355 356 357 357 356 356 357 358 360 1 0 359 357 350 348 349 350 352 354 357 358 359 358 355 355 357 358 358 358 357 356 358 360 358 355 354 355 356 357 357 355 356 357 354 351 353 356 356 357 358 360 360 359 358 357 356 356 357 357 356 356 356 357 357 357 356 356 356 357 355 354 355 357 357 354 353 354 355 355 354 354 352 351 352 351 350 350 349 348 349 350 349
4 1 357 355 355 356 359 358 355 355 355 358 0 2 3 2 359 354 350 350 351 350 351 356 360 1 359 356 355 358 359 359 359 358 356 358 360 358 357 356 355 355 357 356 356 356 357 355 351 352 354 355 356 359 0 0 359 358 357 357 356 357 357 356 355 356 357 357 357 356 356 357 357 355 354 356 358 358 354 354 356 357 355 356 356 353 352 353 354 352 350 349 350 350 351 352
6 3 358 357 356 358 1 360 355 352 353 357 1 2 3 2 358 356 353 353 353 349 348 354 0 3 1 358 358 359 360 359 358 357 356 357 358 358 358 357 356 355 355 355 355 355 356 356 355 353 353 354 357 359 360 359 358 357 358 358 357 356 356 356 356 356 357 357 357 357 357 357 356 355 355 357 359 358 356 356 359 359 358 358 358 354 353 356 358 358 354 352 352 353 353 354
2 2 1 359 359 360 359 357 354 353 355 358 1 1 360 358 357 356 356 357 356 352 348 351 357 1 2 1 1 1 1 0 358 355 355 355 356 358 357 356 355 355 354 353 354 354 355 357 358 357 356 357 359 360 359 358 357 357 357 358 357 356 356 357 357 356 357 357 357 358 358 358 356 355 356 357 357 357 358 358 359 0 0 359 357 355 354 356 358 359 359 357 354 354 354 353
356 359 3 2 1 359 356 353 352 355 359 1 0 359 356 355 356 357 359 0 358 353 349 348 351 356 0 2 2 2 2 2 360 356 355 356 357 356 355 354 353 353 353 353 354 355 356 357 358 359 359 360 360 360 360 359 357 357 356 357 357 357 357 357 357 356 357 357 357 359 359 358 356 356 357 357 355 355 358 0 0 359 360 358 357 356 353 352 352 355 358 359 356 354 353 353
355 356 0 2 1 358 354 351 353 358 2 1 359 357 353 353 357 360 1 2 359 353 347 345 346 350 355 359 1 1 1 1 360 359 359 358 356 355 354 354 353 353 352 353 355 356 357 358 358 0 2 2 1 0 0 359 358 356 356 356 357 357 357 357 357 357 357 357 358 360 1 359 356 356 358 359 357 355 357 2 3 358 356 356 357 357 354 347 345 348 351 354 355 353 352 352
358 356 357 359 359 358 355 354 356 0 1 359 357 354 352 353 357 2 2 1 359 354 347 341 341 345 350 354 356 358 359 358 358 0 0 358 355 354 354 355 355 354 354 355 356 357 358 358 359 1 2 3 2 1 0 359 357 356 355 355 356 357 358 358 358 357 357 356 357 360 1 360 357 356 357 359 359 358 360 4 3 357 355 355 357 358 355 348 341 339 339 343 347 350 350 350
0 359 356 355 356 356 357 358 360 360 358 356 355 354 353 353 357 0 2 1 360 357 352 344 339 342 346 349 352 355 355 354 356 359 358 356 355 355 356 357 356 356 356 357 357 357 358 358 359 1 2 2 2 2 1 358 356 355 354 353 354 356 358 360 0 359 357 356 357 358 358 358 359 359 358 358 360 2 5 5 360 355 354 356 357 358 356 352 346 338 333 334 338 342 347 347
0 0 359 356 355 355 358 0 0 358 355 352 351 352 353 354 356 357 360 0 359 358 356 351 344 342 344 346 350 352 351 351 354 356 355 354 355 357 358 359 359 358 358 357 357 357 358 358 359 0 1 0 1 2 0 357 355 355 354 353 354 355 356 359 1 0 357 355 357 359 358 357 360 1 0 359 0 4 7 4 358 354 352 353 354 355 356 355 351 347 345 343 342 343 346 344
1 1 1 359 358 357 358 359 358 356 353 350 348 348 350 354 355 355 357 358 358 358 357 354 350 345 344 347 350 351 349 350 352 354 354 355 356 358 360 0 0 359 358 357 357 357 358 358 358 359 360 0 0 359 357 356 354 354 355 356 356 354 353 356 358 357 355 355 357 1 1 359 359 1 2 2 2 4 4 0 357 354 351 349 348 349 351 350 350 352 353 351 347 347 347 343
3 2 1 1 360 359 359 358 357 355 353 350 348 346 348 351 353 353 353 354 356 357 357 356 354 350 348 349 350 349 348 350 351 352 354 356 359 360 0 360 360 359 358 358 359 358 357 358 359 359 358 359 358 355 354 355 355 355 357 359 358 354 352 351 349 349 351 353 358 3 2 0 359 0 3 5 4 0 356 354 355 356 355 350 344 343 344 343 345 351 355 351 347 348 348 344
4 3 2 2 1 360 358 357 356 355 353 351 349 347 346 347 349 350 351 350 352 354 356 357 356 355 354 352 350 349 349 350 351 350 353 357 359 359 359 359 360 360 360 1 1 0 360 1 4 2 357 355 354 352 351 354 357 359 1 3 360 351 343 337 334 336 341 349 357 359 358 359 359 360 3 4 2 358 352 349 352 356 357 353 347 345 344 342 344 350 352 348 346 348 347 345
4 4 3 2 1 360 358 357 356 355 353 352 350 348 345 342 343 346 348 348 348 351 354 357 359 360 359 355 351 350 350 350 350 350 354 357 357 356 357 358 359 360 1 3 4 6 9 13 15 10 1 358 354 348 343 344 354 4 15 22 10 342 319 308 307 313 321 333 343 347 352 356 358 357 356 356 357 356 353 352 352 353 354 352 349 348 348 346 347 351 351 349 348 347 344 343
5 4 3 2 1 360 359 358 356 355 354 352 351 351 347 342 338 339 343 346 347 349 353 358 2 3 0 356 353 352 351 350 349 351 355 357 356 355 356 358 360 2 6 9 12 16 19 21 21 18 13 9 6 2 350 331 335 2 20 19 4 348 335 322 312 303 301 308 318 331 343 350 351 351 350 350 351 351 353 354 351 349 349 349 350 351 349 348 351 352 350 349 349 348 343 342
6 5 4 2 1 360 359 358 357 355 354 352 351 351 350 346 340 337 338 341 345 349 354 359 2 1 359 356 355 355 354 350 349 351 353 354 356 358 360 2 6 16 27 28 26 26 22 14 14 17 16 11 8 5 3 359 354 356 1 1 357 351 347 347 345 336 325 316 309 313 328 339 343 346 347 347 346 348 352 350 346 344 345 348 351 352 350 351 355 354 350 347 348 347 340 337
6 6 4 3 1 0 359 358 357 355 354 352 350 349 349 347 345 343 341 341 345 350 355 359 0 358 356 357 357 356 354 352 353 354 354 356 1 6 12 18 25 30 27 18 14 14 12 5 5 10 10 7 3 0 2 5 5 0 356 354 352 351 350 353 355 350 343 336 329 320 318 323 330 339 345 345 346 349 350 344 341 342 343 346 351 354 353 356 1 2 357 350 350 350 343 334
7 6 5 3 2 1 359 358 356 355 353 352 350 347 345 344 346 348 347 346 347 350 354 357 358 357 356 356 357 355 353 354 358 2 5 8 11 16 19 20 17 11 7 8 8 7 8 8 2 357 0 2 0 359 2 6 8 4 357 352 351 351 353 355 355 352 349 344 341 337 326 315 316 326 337 342 348 350 346 342 344 345 345 348 353 358 3 7 1 356 355 355 356 355 352 347
7 6 5 4 2 1 359 358 356 355 353 351 349 346 342 340 342 346 349 349 350 352 353 354 355 357 357 355 354 354 355 359 7 14 16 13 9 8 7 7 6 4 3 6 8 6 4 4 0 355 354 356 359 0 3 5 6 4 358 353 353 354 356 356 353 352 351 348 347 345 339 330 324 323 328 336 343 345 342 343 348 349 350 356 4 9 13 9 355 344 345 352 356 356 356 357
7 7 6 4 2 1 359 357 356 355 354 352 349 347 343 340 340 344 347 350 351 352 352 352 354 356 356 354 353 354 359 6 12 13 11 9 7 4 3 3 3 4 5 5 6 5 0 357 357 357 355 354 357 0 2 1 2 2 358 355 355 357 358 356 352 350 351 352 351 347 343 342 338 334 330 329 332 335 337 344 348 347 351 359 3 5 5 1 355 347 342 346 352 354 356 359
8 7 6 4 3 1 359 357 356 354 354 352 350 348 345 343 342 344 347 349 351 352 352 352 353 355 355 356 356 357 2 9 11 11 10 8 6 3 1 1 2 3 4 5 4 1 358 356 356 358 358 356 355 356 357 357 359 1 359 356 357 359 359 355 351 349 351 353 351 346 346 347 346 345 343 339 337 338 341 347 348 347 349 352 356 360 1 1 357 351 346 347 349 351 353 356
9 8 5 4 3 1 359 357 356 354 353 352 350 349 347 346 346 347 348 349 351 352 352 353 354 355 356 357 359 0 3 8 10 9 6 4 2 0 360 1 2 4 4 4 1 359 359 359 358 357 358 358 355 352 352 354 357 359 0 360 0 1 358 353 351 349 350 350 348 348 351 353 351 349 348 350 353 355 357 355 352 351 351 351 352 356 359 1 357 352 350 350 351 352 352 351
9 8 6 4 2 1 359 358 356 354 353 351 350 349 348 348 348 349 349 350 351 352 352 353 354 356 357 359 0 1 3 5 6 2 360 359 0 1 1 2 4 5 5 3 1 0 360 359 358 357 358 358 356 353 351 351 353 355 359 2 3 1 357 354 350 347 347 347 348 352 358 359 356 350 347 349 353 357 0 0 357 356 356 353 351 353 357 358 354 352 352 354 355 355 353 351
8 8 6 4 2 0 359 358 356 354 353 352 351 350 349 349 349 349 349 350 351 352 352 354 355 357 358 0 1 1 1 1 359 357 357 357 360 3 4 3 4 4 4 3 3 0 359 358 358 358 358 358 357 356 353 351 351 353 357 2 3 360 356 352 347 346 347 348 353 360 3 2 358 352 348 348 350 354 358 1 3 4 2 357 353 351 353 354 352 353 355 357 358 356 354 352
9 8 6 4 2 0 359 357 356 354 352 351 351 351 350 349 349 349 349 350 351 352 353 354 356 358 360 2 3 1 358 356 354 355 358 359 1 4 5 3 2 2 3 4 1 358 359 0 360 359 358 358 358 357 354 353 352 352 355 360 1 359 354 347 344 346 349 353 1 7 7 3 356 351 350 351 350 349 351 359 5 7 6 4 358 349 347 348 350 354 358 1 359 355 354 353
9 8 6 4 2 0 359 357 355 353 352 351 351 350 350 349 349 349 349 350 351 352 353 355 357 359 3 6 4 359 356 353 352 355 359 1 4 4 2 0 359 360 1 360 358 359 2 3 2 360 359 358 357 356 355 354 354 355 356 357 358 355 349 344 344 347 353 2 10 13 9 359 350 349 354 358 354 345 345 353 1 5 6 8 4 354 346 344 346 352 360 4 1 356 355 354
9 8 6 4 2 360 358 356 354 353 352 351 350 349 350 349 349 349 349 350 351 352 353 355 357 1 6 8 6 1 357 353 350 352 357 1 5 4 0 358 357 357 356 355 357 3 6 4 3 1 360 359 356 354 354 354 356 360 0 356 352 346 344 347 352 354 359 8 15 14 4 350 346 351 358 4 360 347 341 346 352 358 3 7 6 360 353 350 349 351 358 1 1 358 357 356
9 8 6 3 1 360 358 355 353 353 352 351 349 349 349 349 349 349 350 350 351 352 353 355 357 1 6 8 7 5 1 355 350 347 351 358 3 3 360 356 356 354 352 353 358 3 6 5 3 1 2 1 359 354 351 353 0 5 3 355 345 339 341 350 359 4 8 12 14 9 356 347 347 353 360 4 3 355 342 339 344 351 358 1 2 1 360 358 356 355 355 356 357 359 360 359
9 8 5 3 1 359 357 354 353 353 352 351 349 349 348 348 348 349 350 350 351 351 352 354 357 1 4 5 6 8 7 2 354 349 347 351 357 360 359 357 355 352 351 353 357 0 3 5 4 1 1 2 0 356 352 355 3 6 360 352 344 340 342 353 4 10 13 14 10 1 352 349 351 355 360 2 2 358 350 340 338 344 350 352 354 359 3 3 2 1 357 352 350 355 359 0
8 7 5 3 0 358 356 354 353 352 351 350 349 349 348 348 348 348 349 350 350 351 352 354 356 359 360 0 4 8 11 8 2 356 351 349 352 356 357 356 355 352 353 354 356 358 1 4 5 2 359 1 1 359 357 358 0 1 356 349 344 346 352 359 5 11 14 12 3 354 351 353 356 360 2 0 357 357 356 347 338 339 344 345 348 356 3 3 3 4 2 354 347 347 353 356
8 7 5 2 360 357 355 353 352 351 351 350 349 348 348 347 348 348 349 349 350 351 352 353 354 355 354 355 360 5 8 9 8 0 352 350 352 354 354 354 354 353 355 356 356 358 359 0 1 1 0 0 1 2 3 2 359 357 354 348 345 352 2 8 10 11 10 5 357 350 349 356 3 6 5 360 355 357 359 352 341 337 338 341 347 354 358 357 358 4 5 359 348 342 342 347
8 6 4 2 359 356 354 353 352 351 350 349 348 348 347 347 347 348 348 348 349 350 351 352 353 351 350 351 356 1 6 8 6 359 352 352 353 352 352 352 352 354 356 358 358 358 357 355 355 359 1 1 2 6 8 7 3 356 352 349 349 357 9 16 15 9 4 359 353 348 349 359 6 5 2 358 357 360 1 357 348 341 338 340 346 351 352 352 355 1 6 5 355 341 332 333
7 6 3 1 358 355 353 352 351 350 349 348 348 347 347 347 347 347 347 348 349 350 351 351 351 350 349 351 357 3 6 3 360 355 352 353 353 350 349 352 353 354 357 358 359 359 355 352 353 358 0 1 5 9 12 12 8 360 352 351 355 3 13 19 15 4 358 355 352 350 354 360 359 356 356 357 359 0 1 0 356 351 345 341 343 345 347 350 355 0 5 7 3 348 331 325
6 5 2 359 356 354 353 351 350 349 349 348 347 347 347 347 347 347 347 347 348 348 350 350 349 349 349 351 357 1 0 357 356 355 353 352 350 347 348 352 356 357 358 358 359 358 355 353 357 360 0 1 4 9 13 11 6 3 359 357 1 6 12 15 12 2 354 351 352 356 358 355 352 352 355 357 358 359 1 3 3 1 353 345 343 343 344 350 357 1 3 5 2 353 341 332
5 4 2 357 354 352 352 350 349 348 348 347 347 347 347 347 347 347 347 347 347 348 348 349 349 348 348 350 352 353 353 353 356 358 356 349 346 347 350 355 358 359 360 359 360 358 356 358 1 2 1 2 2 7 11 8 1 1 4 6 6 4 5 9 10 6 355 347 349 355 357 354 353 355 356 355 355 356 359 4 10 8 1 352 348 350 352 353 357 2 4 2 356 349 344 341
4 3 0 356 352 351 351 350 348 347 347 346 346 346 347 347 347 347 347 347 347 347 347 346 347 348 348 349 348 347 347 350 355 357 357 352 347 349 354 358 0 3 3 3 3 359 359 2 3 2 3 4 4 6 7 4 358 357 4 11 10 5 1 3 8 9 2 349 343 347 354 357 358 359 357 354 352 351 354 4 12 11 7 1 353 353 357 357 357 0 2 359 352 346 343 344
2 1 357 354 351 350 350 349 347 347 346 346 346 346 346 346 347 347 347 347 347 347 346 346 346 347 348 349 349 346 343 346 350 352 354 357 355 354 358 2 6 9 9 7 5 2 2 3 2 3 4 5 6 5 3 1 359 358 2 10 13 8 359 357 4 10 6 354 343 342 353 1 3 2 357 352 350 350 351 359 7 11 11 10 3 355 355 359 359 358 357 354 351 346 343 343
0 358 354 351 350 350 349 347 347 346 346 346 346 346 346 346 346 347 347 347 347 347 347 346 346 346 347 349 351 346 342 342 344 347 352 359 2 3 6 10 12 12 10 7 4 3 3 2 2 4 4 3 4 3 0 360 2 3 3 8 12 8 359 354 357 5 5 357 349 349 357 3 3 359 354 353 353 356 357 355 358 7 13 16 13 358 350 356 359 355 352 351 350 348 345 346
357 355 351 349 349 348 347 346 346 346 346 346 346 346 346 346 346 347 347 347 347 347 347 346 346 346 347 349 349 343 341 341 341 346 353 359 7 13 16 15 13 10 7 5 4 3 3 2 4 5 2 0 1 2 0 359 1 4 5 7 10 9 1 354 353 358 1 358 357 1 5 2 355 352 355 357 355 357 2 0 357 2 9 14 13 3 352 352 354 352 350 350 349 345 347 353
352 351 348 347 347 347 346 346 345 345 345 346 346 346 346 346 346 347 347 347 347 347 347 347 346 346 346 347 343 339 339 340 342 346 353 1 14 20 18 13 10 7 4 3 3 2 1 1 4 4 1 359 0 3 1 358 359 3 5 5 7 9 6 360 356 356 357 359 4 8 4 356 353 356 1 359 352 353 2 6 3 2 5 6 7 5 360 353 351 352 352 350 344 341 348 359
347 346 345 345 345 345 345 345 344 345 346 346 346 346 346 346 347 347 347 347 347 347 347 347 346 346 345 342 339 337 337 338 341 346 353 6 14 15 14 12 9 5 1 359 1 2 1 360 1 2 1 358 358 360 0 358 357 359 2 3 6 11 14 10 1 357 358 2 7 3 355 352 356 4 6 356 350 352 358 6 9 8 6 2 2 4 1 354 350 353 355 351 343 343 352 358
343 341 342 343 344 345 345 344 344 345 346 346 346 347 347 347 347 347 347 347 347 347 347 347 346 346 344 340 338 337 336 337 339 345 355 7 8 8 10 10 8 4 360 358 359 1 1 360 359 1 1 356 352 353 357 359 357 358 0 4 9 16 21 18 7 359 1 5 3 355 352 356 3 6 1 351 351 354 356 3 11 12 9 4 2 0 356 353 352 353 354 351 348 350 353 355
339 339 341 343 344 344 344 344 345 346 346 346 347 347 347 348 348 348 348 348 347 348 348 347 347 346 344 342 341 339 338 338 340 345 355 3 4 4 3 4 3 1 1 1 358 357 358 360 360 360 359 355 351 350 354 359 0 0 3 10 16 19 20 18 11 2 1 3 358 356 360 4 3 358 352 348 353 357 358 3 10 10 8 5 0 356 357 358 356 354 352 351 355 357 353 353
337 337 340 343 344 344 344 345 345 346 347 347 347 347 347 348 348 348 348 348 348 348 348 348 347 347 345 344 342 340 340 342 343 347 352 357 360 359 356 356 357 359 2 360 356 355 358 2 2 359 356 355 354 354 355 0 5 7 11 18 19 14 11 13 12 5 359 359 359 2 7 6 360 355 348 349 357 1 2 5 7 6 4 0 355 356 3 7 2 356 352 352 357 357 355 355
335 337 340 342 343 343 344 345 346 347 347 347 347 348 348 348 349 349 349 349 349 349 348 348 348 348 346 345 343 341 342 344 345 347 349 351 352 351 351 352 355 359 359 355 355 359 4 6 4 359 355 355 358 359 1 5 10 14 17 19 15 8 3 4 5 1 356 356 1 6 7 4 1 356 352 355 2 6 6 6 5 4 359 353 353 1 12 13 7 360 355 354 353 352 356 1
335 336 339 341 342 343 345 346 346 347 348 348 348 348 349 349 349 349 349 349 350 349 349 349 349 348 347 346 345 344 344 345 346 346 346 345 343 344 347 351 356 358 355 354 358 6 9 6 1 355 354 358 2 4 8 11 15 17 17 14 10 4 0 357 354 354 354 356 1 6 6 5 5 2 0 4 9 11 11 8 3 357 352 350 358 11 16 14 10 4 359 354 347 348 358 6
336 337 339 340 342 344 345 346 347 347 348 348 349 349 349 350 350 350 350 350 350 350 350 350 349 349 348 347 347 346 346 346 346 346 345 342 339 341 345 350 353 354 353 356 3 8 7 1 354 352 356 3 9 12 15 18 19 17 11 7 4 2 358 352 348 348 352 357 0 4 5 7 9 9 11 13 15 15 12 6 358 352 349 355 10 16 14 12 11 9 2 352 345 349 1 9
337 337 338 340 343 344 345 346 347 348 348 349 349 350 350 350 350 350 351 351 351 351 351 351 350 349 349 349 348 347 346 346 346 345 344 342 341 341 343 346 348 350 354 360 6 6 1 355 352 354 2 9 16 21 21 21 20 12 3 359 358 357 353 349 348 349 353 359 2 3 4 7 11 15 18 19 18 14 8 2 356 353 356 7 15 14 11 8 10 10 3 352 347 354 5 11
337 337 338 342 344 344 344 345 347 348 349 349 350 350 351 351 351 351 351 352 352 352 352 351 351 350 350 350 349 349 348 347 346 345 343 343 342 341 341 343 345 348 354 2 6 2 355 352 354 0 7 15 21 22 20 18 13 6 358 353 353 352 350 348 349 351 356 2 4 4 4 7 13 17 21 23 21 14 6 2 360 0 5 10 12 10 7 7 7 6 1 356 355 1 8 11
337 338 340 343 345 344 343 345 346 348 349 350 351 351 351 351 351 352 352 352 352 352 352 352 352 351 351 351 350 350 349 348 347 346 344 343 342 341 340 341 342 345 352 360 1 356 352 353 358 5 13 21 24 22 18 13 6 359 353 351 351 351 351 350 350 353 357 2 4 5 7 9 13 19 24 25 21 15 9 7 7 7 6 7 7 7 6 6 3 360 0 2 4 7 10 13
