windninja/windninja_output/Output_2025-08-09_1600-1650_Google earth_Fire_150m_10min/merlingen_7.5mi_point_08-09-2025_1630_150m_vel.asc
ncols	158
nrows	163
xllcorner	391686.332397
yllcorner	5160024.123721
cellsize	150.000000
NODATA_value	-32768.000000
[rows 0 to 37 of 163, columns 0 to 83 of 158]
0.50 0.47 0.43 0.41 0.41 0.40 0.38 0.36 0.35 0.35 0.34 0.29 0.22 0.17 0.18 0.19 0.20 0.21 0.24 0.30 0.36 0.39 0.42 0.45 0.46 0.45 0.43 0.44 0.49 0.52 0.52 0.51 0.49 0.49 0.52 0.55 0.52 0.49 0.50 0.53 0.58 0.63 0.64 0.65 0.69 0.72 0.73 0.79 0.96 1.16 1.29 1.38 1.46 1.49 1.45 1.38 1.31 1.27 1.28 1.35 1.41 1.42 1.41 1.43 1.49 1.54 1.55 1.56 1.58 1.62 1.65 1.64 1.59 1.57 1.63 1.68 1.64 1.54 1.52 1.59 1.61 1.55 1.48 1.44
0.50 0.47 0.44 0.41 0.40 0.38 0.34 0.32 0.31 0.31 0.31 0.29 0.25 0.22 0.23 0.25 0.27 0.30 0.35 0.41 0.42 0.43 0.46 0.48 0.48 0.47 0.47 0.48 0.50 0.49 0.49 0.50 0.51 0.53 0.56 0.59 0.59 0.61 0.65 0.66 0.69 0.72 0.76 0.82 0.88 0.92 0.97 1.02 1.08 1.13 1.18 1.23 1.27 1.27 1.26 1.27 1.29 1.33 1.36 1.38 1.37 1.39 1.43 1.47 1.50 1.52 1.54 1.57 1.60 1.64 1.64 1.63 1.62 1.66 1.70 1.69 1.63 1.62 1.66 1.68 1.61 1.54 1.51 1.47
0.51 0.50 0.47 0.43 0.40 0.36 0.32 0.31 0.32 0.34 0.35 0.33 0.31 0.32 0.34 0.39 0.44 0.47 0.51 0.51 0.48 0.48 0.50 0.51 0.51 0.51 0.52 0.53 0.51 0.48 0.48 0.51 0.55 0.60 0.64 0.68 0.73 0.79 0.82 0.83 0.86 0.89 0.95 1.04 1.11 1.17 1.25 1.30 1.26 1.19 1.17 1.18 1.15 1.12 1.16 1.25 1.34 1.41 1.44 1.44 1.44 1.46 1.50 1.53 1.53 1.53 1.55 1.59 1.64 1.66 1.63 1.62 1.67 1.74 1.74 1.70 1.71 1.78 1.81 1.76 1.66 1.60 1.58 1.55
0.52 0.51 0.48 0.44 0.41 0.38 0.37 0.41 0.45 0.46 0.43 0.37 0.34 0.35 0.39 0.47 0.52 0.54 0.55 0.52 0.49 0.50 0.52 0.52 0.55 0.59 0.61 0.61 0.60 0.60 0.61 0.61 0.62 0.67 0.73 0.77 0.80 0.81 0.84 0.91 1.00 1.06 1.13 1.20 1.25 1.31 1.34 1.35 1.36 1.37 1.36 1.31 1.28 1.28 1.31 1.34 1.36 1.38 1.40 1.45 1.50 1.52 1.52 1.52 1.52 1.54 1.57 1.60 1.64 1.63 1.60 1.62 1.65 1.64 1.62 1.64 1.72 1.80 1.78 1.71 1.68 1.70 1.70 1.68
0.50 0.50 0.48 0.46 0.43 0.42 0.44 0.48 0.49 0.45 0.39 0.36 0.36 0.39 0.45 0.51 0.52 0.51 0.49 0.47 0.47 0.50 0.53 0.56 0.61 0.66 0.71 0.75 0.76 0.78 0.79 0.79 0.81 0.83 0.83 0.83 0.84 0.88 0.97 1.07 1.14 1.21 1.29 1.34 1.36 1.36 1.34 1.33 1.35 1.37 1.33 1.28 1.28 1.30 1.31 1.32 1.32 1.34 1.39 1.43 1.46 1.48 1.49 1.50 1.52 1.55 1.57 1.60 1.61 1.58 1.55 1.56 1.58 1.59 1.57 1.55 1.56 1.61 1.66 1.64 1.60 1.61 1.70 1.78
0.46 0.45 0.46 0.46 0.45 0.45 0.46 0.46 0.42 0.36 0.32 0.33 0.35 0.39 0.46 0.49 0.47 0.44 0.41 0.41 0.44 0.48 0.52 0.56 0.61 0.65 0.69 0.73 0.78 0.83 0.87 0.93 0.98 1.00 0.97 0.95 1.01 1.10 1.18 1.22 1.25 1.28 1.30 1.30 1.28 1.26 1.24 1.24 1.25 1.24 1.23 1.22 1.22 1.22 1.24 1.28 1.33 1.38 1.42 1.44 1.46 1.48 1.50 1.52 1.54 1.56 1.58 1.61 1.63 1.60 1.57 1.55 1.59 1.64 1.66 1.65 1.64 1.63 1.60 1.53 1.48 1.52 1.66 1.78
0.44 0.42 0.41 0.42 0.44 0.44 0.44 0.41 0.36 0.31 0.31 0.33 0.35 0.39 0.45 0.47 0.45 0.43 0.44 0.45 0.48 0.51 0.53 0.54 0.58 0.60 0.60 0.65 0.73 0.79 0.85 0.94 1.00 1.03 1.07 1.13 1.21 1.25 1.25 1.24 1.23 1.22 1.18 1.13 1.11 1.11 1.13 1.14 1.16 1.16 1.18 1.21 1.24 1.24 1.24 1.28 1.34 1.39 1.42 1.47 1.54 1.60 1.61 1.60 1.58 1.58 1.60 1.63 1.65 1.66 1.71 1.78 1.82 1.79 1.77 1.81 1.83 1.78 1.64 1.52 1.57 1.72 1.79 1.79
0.43 0.42 0.39 0.38 0.38 0.38 0.37 0.34 0.31 0.30 0.32 0.35 0.38 0.42 0.45 0.46 0.45 0.45 0.48 0.50 0.53 0.56 0.56 0.56 0.58 0.58 0.60 0.66 0.69 0.72 0.79 0.86 0.90 0.92 1.01 1.11 1.16 1.15 1.12 1.10 1.08 1.05 1.02 1.00 0.99 1.01 1.03 1.06 1.08 1.09 1.11 1.17 1.23 1.26 1.28 1.32 1.38 1.42 1.48 1.57 1.64 1.67 1.69 1.69 1.67 1.63 1.63 1.66 1.69 1.70 1.78 1.88 1.90 1.85 1.79 1.77 1.76 1.70 1.58 1.55 1.67 1.82 1.89 1.92
0.42 0.41 0.39 0.36 0.33 0.31 0.30 0.29 0.29 0.31 0.33 0.36 0.39 0.43 0.46 0.46 0.45 0.47 0.49 0.51 0.55 0.58 0.60 0.61 0.62 0.62 0.64 0.66 0.65 0.66 0.74 0.80 0.82 0.85 0.92 0.95 0.94 0.91 0.90 0.89 0.87 0.87 0.88 0.91 0.94 0.96 0.97 0.98 1.00 1.03 1.08 1.12 1.14 1.18 1.28 1.37 1.44 1.50 1.54 1.54 1.49 1.45 1.48 1.55 1.58 1.61 1.67 1.73 1.75 1.73 1.71 1.68 1.65 1.66 1.66 1.65 1.63 1.57 1.52 1.56 1.70 1.83 1.96 2.13
0.40 0.39 0.37 0.35 0.33 0.30 0.29 0.29 0.30 0.32 0.34 0.36 0.38 0.40 0.43 0.44 0.46 0.49 0.51 0.54 0.58 0.60 0.63 0.65 0.66 0.66 0.67 0.67 0.66 0.69 0.77 0.79 0.79 0.82 0.85 0.84 0.80 0.78 0.77 0.77 0.79 0.82 0.86 0.88 0.90 0.90 0.92 0.94 0.96 0.97 1.01 1.04 1.06 1.15 1.26 1.34 1.37 1.38 1.33 1.23 1.15 1.15 1.15 1.17 1.30 1.50 1.65 1.71 1.68 1.62 1.56 1.51 1.50 1.53 1.56 1.54 1.48 1.48 1.62 1.86 2.04 2.10 2.10 2.16
0.38 0.37 0.36 0.34 0.32 0.31 0.31 0.31 0.32 0.33 0.34 0.35 0.36 0.38 0.40 0.43 0.46 0.50 0.53 0.56 0.61 0.64 0.67 0.68 0.69 0.71 0.70 0.68 0.68 0.71 0.74 0.72 0.70 0.73 0.75 0.74 0.72 0.71 0.74 0.78 0.83 0.85 0.86 0.85 0.83 0.82 0.84 0.85 0.83 0.81 0.84 0.90 0.96 1.05 1.08 1.09 1.02 0.95 0.88 0.84 0.85 0.87 0.85 0.92 1.12 1.31 1.42 1.44 1.38 1.37 1.43 1.52 1.56 1.56 1.51 1.44 1.41 1.51 1.80 2.18 2.38 2.39 2.30 2.23
0.37 0.36 0.34 0.32 0.31 0.31 0.31 0.32 0.32 0.33 0.34 0.35 0.36 0.36 0.39 0.44 0.48 0.51 0.52 0.55 0.59 0.63 0.65 0.66 0.67 0.66 0.62 0.60 0.62 0.63 0.63 0.61 0.62 0.66 0.66 0.65 0.65 0.69 0.75 0.79 0.80 0.81 0.82 0.81 0.80 0.79 0.74 0.66 0.60 0.57 0.59 0.62 0.63 0.68 0.68 0.66 0.62 0.58 0.53 0.49 0.50 0.51 0.57 0.76 0.96 1.03 1.08 1.06 1.05 1.23 1.47 1.59 1.61 1.63 1.68 1.79 1.95 2.11 2.28 2.44 2.48 2.51 2.58 2.69
0.35 0.34 0.32 0.31 0.30 0.30 0.30 0.30 0.31 0.32 0.33 0.34 0.34 0.34 0.37 0.44 0.48 0.50 0.52 0.56 0.59 0.60 0.59 0.58 0.55 0.51 0.49 0.51 0.55 0.56 0.57 0.59 0.63 0.64 0.62 0.61 0.63 0.69 0.74 0.74 0.76 0.79 0.80 0.78 0.77 0.73 0.63 0.50 0.42 0.41 0.42 0.38 0.37 0.39 0.41 0.42 0.41 0.37 0.30 0.25 0.29 0.37 0.49 0.66 0.76 0.79 0.80 0.82 0.99 1.29 1.46 1.53 1.63 1.79 2.04 2.33 2.52 2.66 2.72 2.68 2.58 2.61 2.77 2.97
0.34 0.33 0.31 0.30 0.29 0.29 0.29 0.29 0.29 0.30 0.31 0.32 0.33 0.34 0.37 0.42 0.47 0.49 0.51 0.55 0.56 0.54 0.51 0.46 0.43 0.42 0.45 0.50 0.54 0.55 0.56 0.58 0.61 0.61 0.60 0.63 0.68 0.70 0.69 0.69 0.69 0.67 0.58 0.52 0.49 0.45 0.44 0.45 0.45 0.42 0.38 0.34 0.33 0.32 0.35 0.36 0.33 0.28 0.24 0.29 0.41 0.54 0.66 0.74 0.73 0.71 0.72 0.83 1.05 1.23 1.32 1.45 1.69 1.94 2.11 2.16 2.24 2.35 2.37 2.37 2.45 2.59 2.70 2.75
0.32 0.31 0.29 0.28 0.27 0.27 0.27 0.27 0.28 0.29 0.30 0.32 0.33 0.34 0.37 0.43 0.49 0.50 0.50 0.51 0.49 0.46 0.43 0.41 0.40 0.43 0.47 0.51 0.53 0.54 0.55 0.58 0.61 0.60 0.63 0.68 0.68 0.64 0.59 0.52 0.46 0.35 0.26 0.25 0.27 0.27 0.32 0.45 0.58 0.61 0.56 0.53 0.51 0.53 0.56 0.52 0.47 0.44 0.49 0.63 0.81 0.94 1.08 1.08 0.95 0.87 0.92 1.03 1.14 1.16 1.24 1.50 1.75 1.83 1.78 1.77 1.83 1.79 1.70 1.82 2.13 2.32 2.32 2.21
0.30 0.29 0.27 0.26 0.25 0.24 0.24 0.25 0.26 0.28 0.29 0.31 0.33 0.35 0.39 0.47 0.51 0.50 0.49 0.48 0.46 0.44 0.42 0.41 0.43 0.47 0.50 0.52 0.53 0.55 0.61 0.67 0.67 0.64 0.62 0.56 0.48 0.43 0.37 0.30 0.24 0.21 0.26 0.37 0.42 0.45 0.49 0.51 0.55 0.68 0.84 0.90 0.96 1.07 1.12 1.09 0.97 0.85 0.86 0.97 1.14 1.29 1.35 1.29 1.24 1.27 1.31 1.33 1.34 1.27 1.29 1.46 1.54 1.48 1.50 1.62 1.60 1.47 1.54 1.86 2.05 1.95 1.80 1.63
0.29 0.28 0.25 0.24 0.23 0.23 0.23 0.24 0.25 0.27 0.29 0.31 0.33 0.35 0.40 0.47 0.49 0.48 0.47 0.47 0.46 0.44 0.43 0.43 0.47 0.50 0.51 0.53 0.57 0.62 0.67 0.66 0.58 0.50 0.40 0.33 0.31 0.30 0.29 0.30 0.36 0.45 0.58 0.65 0.65 0.67 0.71 0.69 0.68 0.81 1.01 1.16 1.25 1.29 1.28 1.25 1.22 1.18 1.17 1.29 1.39 1.43 1.38 1.31 1.34 1.43 1.49 1.55 1.56 1.47 1.38 1.36 1.33 1.34 1.48 1.53 1.48 1.58 1.88 2.03 1.85 1.56 1.38 1.18
0.27 0.26 0.23 0.22 0.21 0.21 0.21 0.23 0.24 0.26 0.28 0.30 0.33 0.35 0.39 0.44 0.46 0.45 0.45 0.45 0.44 0.42 0.41 0.44 0.48 0.49 0.49 0.52 0.57 0.59 0.58 0.51 0.41 0.36 0.34 0.37 0.41 0.45 0.49 0.55 0.62 0.67 0.68 0.68 0.70 0.73 0.78 0.87 0.99 1.06 1.10 1.14 1.19 1.18 1.15 1.18 1.27 1.39 1.46 1.51 1.53 1.50 1.43 1.39 1.44 1.54 1.63 1.66 1.58 1.49 1.51 1.48 1.47 1.47 1.43 1.43 1.56 1.75 1.82 1.56 1.22 1.09 0.98 0.78
0.25 0.24 0.21 0.20 0.19 0.19 0.20 0.21 0.23 0.25 0.27 0.29 0.32 0.34 0.38 0.41 0.44 0.42 0.40 0.40 0.39 0.39 0.41 0.43 0.44 0.45 0.47 0.49 0.50 0.49 0.45 0.40 0.37 0.41 0.46 0.51 0.54 0.56 0.58 0.62 0.65 0.65 0.67 0.68 0.71 0.76 0.84 0.96 1.05 1.08 1.06 1.03 1.04 1.08 1.14 1.24 1.36 1.44 1.51 1.55 1.55 1.49 1.44 1.46 1.54 1.62 1.66 1.60 1.51 1.58 1.74 1.77 1.72 1.58 1.38 1.32 1.32 1.24 1.08 0.81 0.72 0.73 0.68 0.68
0.23 0.21 0.19 0.18 0.17 0.17 0.18 0.20 0.22 0.24 0.26 0.29 0.31 0.34 0.36 0.39 0.41 0.39 0.38 0.38 0.39 0.40 0.42 0.43 0.45 0.46 0.47 0.48 0.47 0.46 0.42 0.40 0.40 0.41 0.44 0.49 0.54 0.59 0.64 0.69 0.72 0.75 0.78 0.78 0.81 0.89 0.98 1.00 0.97 0.97 0.98 0.99 1.01 1.09 1.23 1.36 1.41 1.44 1.46 1.46 1.41 1.33 1.32 1.39 1.48 1.54 1.56 1.57 1.71 1.94 2.01 1.91 1.79 1.67 1.55 1.38 1.09 0.86 0.75 0.72 0.75 0.82 0.89 0.97
0.21 0.19 0.17 0.15 0.15 0.15 0.16 0.19 0.21 0.23 0.25 0.29 0.31 0.33 0.36 0.38 0.39 0.39 0.39 0.41 0.42 0.43 0.44 0.45 0.47 0.47 0.47 0.47 0.47 0.46 0.45 0.44 0.45 0.49 0.57 0.65 0.72 0.79 0.82 0.84 0.84 0.83 0.82 0.84 0.91 0.98 0.98 0.95 0.94 0.98 1.01 1.04 1.08 1.14 1.20 1.25 1.31 1.39 1.43 1.39 1.33 1.30 1.34 1.40 1.49 1.59 1.68 1.82 2.05 2.13 1.98 1.76 1.61 1.58 1.58 1.50 1.37 1.27 1.18 1.12 1.15 1.20 1.18 1.15
0.19 0.17 0.15 0.13 0.12 0.13 0.15 0.17 0.20 0.22 0.25 0.28 0.31 0.33 0.35 0.37 0.38 0.39 0.41 0.43 0.43 0.44 0.45 0.47 0.47 0.47 0.48 0.47 0.47 0.48 0.48 0.50 0.55 0.67 0.78 0.85 0.89 0.89 0.87 0.85 0.84 0.83 0.85 0.90 0.93 0.92 0.90 0.96 1.03 1.07 1.10 1.13 1.15 1.15 1.12 1.14 1.20 1.29 1.35 1.36 1.34 1.36 1.43 1.50 1.61 1.78 1.95 2.10 2.14 1.95 1.67 1.53 1.48 1.48 1.49 1.51 1.59 1.65 1.63 1.59 1.52 1.37 1.25 1.23
0.17 0.15 0.12 0.10 0.10 0.11 0.14 0.17 0.19 0.22 0.25 0.28 0.31 0.33 0.35 0.37 0.38 0.40 0.42 0.43 0.44 0.45 0.46 0.47 0.47 0.48 0.48 0.48 0.49 0.50 0.52 0.57 0.66 0.76 0.79 0.79 0.79 0.78 0.76 0.77 0.79 0.84 0.90 0.91 0.90 0.94 1.04 1.09 1.11 1.11 1.12 1.14 1.14 1.14 1.16 1.20 1.23 1.27 1.29 1.32 1.35 1.42 1.51 1.65 1.90 2.13 2.23 2.20 1.98 1.69 1.50 1.44 1.47 1.55 1.60 1.61 1.63 1.71 1.85 1.90 1.79 1.61 1.47 1.38
0.15 0.13 0.10 0.08 0.08 0.10 0.13 0.16 0.19 0.23 0.25 0.28 0.31 0.33 0.35 0.37 0.39 0.41 0.43 0.44 0.45 0.46 0.47 0.48 0.48 0.48 0.48 0.46 0.47 0.49 0.53 0.60 0.67 0.69 0.68 0.67 0.65 0.65 0.69 0.75 0.81 0.87 0.90 0.92 1.01 1.14 1.16 1.12 1.09 1.09 1.11 1.12 1.13 1.19 1.24 1.25 1.26 1.26 1.25 1.30 1.36 1.43 1.57 1.88 2.17 2.23 2.13 1.90 1.59 1.41 1.35 1.36 1.49 1.71 1.78 1.66 1.56 1.64 1.75 1.80 1.82 1.82 1.75 1.61
0.13 0.11 0.08 0.05 0.06 0.09 0.12 0.16 0.20 0.23 0.26 0.28 0.31 0.34 0.36 0.38 0.39 0.42 0.44 0.44 0.45 0.47 0.48 0.48 0.48 0.47 0.45 0.43 0.45 0.50 0.54 0.58 0.61 0.62 0.63 0.64 0.64 0.65 0.70 0.77 0.83 0.88 0.95 1.06 1.20 1.20 1.12 1.07 1.07 1.07 1.09 1.12 1.19 1.26 1.29 1.30 1.30 1.26 1.21 1.22 1.29 1.47 1.79 2.09 2.08 1.82 1.56 1.31 1.13 1.06 1.10 1.30 1.67 1.86 1.73 1.51 1.41 1.47 1.53 1.59 1.75 1.93 2.01 1.94
0.12 0.09 0.05 0.02 0.05 0.09 0.12 0.17 0.21 0.24 0.27 0.29 0.32 0.35 0.36 0.38 0.40 0.42 0.44 0.45 0.46 0.47 0.47 0.48 0.48 0.47 0.44 0.45 0.49 0.52 0.53 0.55 0.60 0.64 0.67 0.69 0.69 0.70 0.75 0.80 0.85 0.92 1.03 1.16 1.18 1.10 1.06 1.07 1.09 1.12 1.13 1.14 1.15 1.19 1.26 1.34 1.34 1.24 1.13 1.11 1.30 1.76 2.17 2.21 1.97 1.66 1.35 1.13 1.03 1.00 1.14 1.55 1.86 1.79 1.61 1.48 1.41 1.40 1.46 1.59 1.82 2.03 2.16 2.24
0.10 0.08 0.04 0.01 0.05 0.10 0.13 0.18 0.22 0.25 0.27 0.30 0.33 0.35 0.37 0.39 0.41 0.43 0.44 0.45 0.46 0.47 0.48 0.49 0.49 0.48 0.47 0.51 0.55 0.55 0.54 0.55 0.59 0.61 0.65 0.68 0.72 0.78 0.84 0.89 0.93 1.00 1.09 1.14 1.12 1.11 1.16 1.18 1.20 1.24 1.24 1.21 1.18 1.22 1.35 1.42 1.33 1.22 1.18 1.30 1.66 2.08 2.15 1.91 1.68 1.51 1.33 1.19 1.16 1.25 1.55 1.85 1.85 1.66 1.55 1.55 1.55 1.52 1.56 1.68 1.84 1.91 2.01 2.23
0.09 0.07 0.03 0.03 0.07 0.11 0.15 0.20 0.23 0.26 0.29 0.32 0.34 0.36 0.38 0.41 0.43 0.44 0.45 0.46 0.47 0.49 0.50 0.51 0.51 0.50 0.51 0.57 0.62 0.62 0.60 0.59 0.60 0.60 0.60 0.62 0.70 0.81 0.90 0.95 0.98 1.07 1.15 1.18 1.21 1.27 1.34 1.37 1.35 1.33 1.37 1.42 1.45 1.49 1.52 1.45 1.37 1.39 1.53 1.77 2.03 2.09 1.77 1.40 1.24 1.20 1.19 1.20 1.28 1.52 1.82 1.88 1.74 1.57 1.47 1.49 1.61 1.72 1.76 1.74 1.72 1.72 1.82 2.03
0.10 0.08 0.05 0.06 0.09 0.13 0.17 0.22 0.25 0.27 0.30 0.33 0.36 0.38 0.40 0.42 0.44 0.45 0.46 0.47 0.49 0.51 0.52 0.52 0.52 0.53 0.58 0.67 0.73 0.72 0.70 0.70 0.68 0.66 0.68 0.72 0.80 0.90 1.03 1.11 1.16 1.25 1.28 1.30 1.33 1.37 1.41 1.45 1.48 1.51 1.57 1.65 1.69 1.69 1.61 1.50 1.51 1.65 1.79 1.97 2.09 1.96 1.61 1.28 1.14 1.12 1.16 1.24 1.45 1.75 1.94 1.92 1.76 1.55 1.38 1.36 1.47 1.63 1.67 1.64 1.63 1.63 1.70 1.80
0.10 0.09 0.08 0.09 0.12 0.16 0.20 0.24 0.27 0.29 0.32 0.35 0.38 0.40 0.42 0.43 0.45 0.46 0.47 0.49 0.50 0.51 0.52 0.53 0.53 0.57 0.66 0.74 0.76 0.78 0.82 0.84 0.81 0.83 0.94 1.04 1.09 1.15 1.25 1.33 1.42 1.49 1.49 1.48 1.45 1.45 1.48 1.57 1.72 1.86 1.91 1.89 1.88 1.82 1.73 1.65 1.63 1.66 1.74 1.86 1.86 1.61 1.37 1.20 1.08 1.06 1.15 1.33 1.57 1.81 1.88 1.76 1.61 1.48 1.40 1.43 1.54 1.55 1.49 1.51 1.56 1.54 1.53 1.53
0.11 0.10 0.10 0.12 0.15 0.19 0.22 0.25 0.29 0.31 0.34 0.37 0.39 0.41 0.43 0.45 0.46 0.47 0.49 0.50 0.51 0.52 0.53 0.54 0.56 0.61 0.67 0.70 0.69 0.68 0.72 0.80 0.91 1.07 1.22 1.27 1.27 1.31 1.39 1.46 1.52 1.54 1.53 1.52 1.50 1.50 1.55 1.67 1.76 1.80 1.84 1.85 1.81 1.75 1.69 1.62 1.53 1.50 1.60 1.66 1.51 1.20 1.02 0.96 0.94 0.99 1.13 1.30 1.49 1.64 1.53 1.26 1.21 1.36 1.56 1.72 1.74 1.67 1.62 1.62 1.58 1.49 1.43 1.43
0.13 0.13 0.13 0.15 0.19 0.22 0.24 0.28 0.31 0.33 0.36 0.39 0.41 0.43 0.45 0.46 0.47 0.48 0.50 0.51 0.52 0.54 0.55 0.56 0.60 0.64 0.67 0.68 0.65 0.62 0.65 0.80 0.99 1.14 1.21 1.21 1.24 1.34 1.42 1.42 1.39 1.32 1.27 1.28 1.31 1.36 1.44 1.48 1.39 1.27 1.29 1.35 1.38 1.43 1.46 1.48 1.48 1.46 1.47 1.46 1.31 1.10 0.98 0.94 0.96 1.06 1.19 1.32 1.46 1.48 1.25 1.08 1.21 1.51 1.72 1.81 1.80 1.80 1.83 1.83 1.75 1.58 1.45 1.45
0.15 0.15 0.16 0.18 0.22 0.25 0.27 0.30 0.33 0.36 0.38 0.41 0.43 0.45 0.47 0.48 0.48 0.49 0.51 0.52 0.54 0.56 0.56 0.58 0.62 0.66 0.69 0.71 0.71 0.77 0.89 1.02 1.09 1.08 1.05 1.06 1.16 1.29 1.27 1.17 1.11 1.07 1.06 1.09 1.12 1.16 1.22 1.18 1.06 1.00 1.01 1.03 1.09 1.19 1.30 1.42 1.55 1.59 1.51 1.34 1.14 1.04 1.09 1.15 1.17 1.21 1.32 1.47 1.57 1.51 1.38 1.45 1.69 1.81 1.81 1.82 1.88 1.95 1.97 1.93 1.80 1.60 1.48 1.45
0.18 0.19 0.19 0.21 0.25 0.28 0.29 0.32 0.36 0.38 0.40 0.43 0.45 0.47 0.48 0.49 0.49 0.51 0.52 0.54 0.56 0.57 0.58 0.61 0.65 0.68 0.71 0.72 0.76 0.87 0.99 1.06 1.05 1.03 1.03 1.07 1.16 1.21 1.12 1.02 1.00 1.00 1.00 1.00 0.98 1.01 1.02 0.95 0.90 0.92 0.94 0.95 0.95 0.98 1.10 1.26 1.41 1.53 1.54 1.40 1.23 1.17 1.25 1.37 1.42 1.40 1.39 1.45 1.54 1.66 1.81 1.94 1.97 1.88 1.82 1.86 1.96 2.08 2.16 2.09 1.90 1.69 1.57 1.55
0.21 0.22 0.24 0.26 0.28 0.30 0.32 0.35 0.38 0.40 0.42 0.45 0.47 0.48 0.49 0.50 0.51 0.53 0.54 0.55 0.57 0.58 0.60 0.64 0.67 0.69 0.70 0.70 0.73 0.80 0.90 0.94 0.97 1.05 1.14 1.20 1.20 1.15 1.06 1.01 0.97 0.92 0.88 0.84 0.82 0.83 0.83 0.79 0.81 0.85 0.86 0.86 0.85 0.86 0.92 1.05 1.18 1.26 1.31 1.37 1.37 1.34 1.36 1.45 1.54 1.52 1.45 1.44 1.60 1.86 2.00 1.99 1.87 1.75 1.71 1.75 1.84 1.93 1.96 1.95 1.99 1.99 1.88 1.75
0.25 0.25 0.27 0.30 0.33 0.34 0.35 0.37 0.41 0.43 0.44 0.46 0.48 0.49 0.50 0.51 0.53 0.54 0.55 0.56 0.58 0.59 0.62 0.64 0.66 0.66 0.68 0.70 0.71 0.76 0.87 0.94 1.03 1.15 1.21 1.20 1.14 1.05 0.95 0.88 0.82 0.78 0.75 0.75 0.78 0.81 0.80 0.83 0.88 0.91 0.91 0.92 0.94 0.97 1.04 1.13 1.16 1.13 1.11 1.16 1.22 1.26 1.31 1.41 1.55 1.63 1.62 1.65 1.85 1.91 1.70 1.58 1.53 1.49 1.53 1.61 1.61 1.52 1.36 1.38 1.68 1.93 1.94 1.76
0.28 0.29 0.30 0.33 0.36 0.37 0.38 0.40 0.43 0.45 0.46 0.48 0.49 0.50 0.51 0.53 0.54 0.55 0.56 0.57 0.59 0.60 0.62 0.64 0.65 0.67 0.69 0.69 0.70 0.81 0.96 1.05 1.12 1.14 1.07 1.01 0.99 0.93 0.81 0.71 0.67 0.69 0.75 0.80 0.86 0.91 0.93 0.95 0.96 0.96 0.99 1.06 1.13 1.19 1.27 1.30 1.29 1.24 1.20 1.18 1.20 1.23 1.27 1.37 1.49 1.63 1.75 1.88 1.95 1.68 1.26 1.09 1.13 1.32 1.52 1.58 1.50 1.37 1.24 1.25 1.34 1.46 1.61 1.63
0.33 0.34 0.35 0.37 0.39 0.40 0.41 0.42 0.44 0.46 0.48 0.49 0.50 0.51 0.53 0.54 0.55 0.56 0.57 0.58 0.60 0.61 0.62 0.64 0.67 0.69 0.70 0.70 0.78 0.97 1.08 1.09 1.07 0.99 0.91 0.85 0.81 0.76 0.70 0.69 0.71 0.77 0.84 0.92 0.98 1.01 1.03 1.06 1.06 1.05 1.10 1.20 1.27 1.31 1.33 1.36 1.42 1.44 1.42 1.41 1.41 1.38 1.36 1.38 1.39 1.47 1.65 1.82 1.75 1.43 1.16 1.12 1.34 1.59 1.63 1.52 1.52 1.59 1.59 1.48 1.36 1.34 1.45 1.64
