windninja/windninja_output/Output_2025-08-09_1600-1650_Google earth_Fire_150m_10min/merlingen_7.5mi_point_08-09-2025_1600_150m_vel.asc
ncols	158
nrows	163
xllcorner	391686.332397
yllcorner	5160024.123721
cellsize	150.000000
NODATA_value	-32768.000000
[rows 38 to 75 of 163, columns 0 to 83 of 158]
0.96 0.99 1.04 1.06 1.07 1.09 1.11 1.14 1.16 1.19 1.20 1.18 1.17 1.18 1.18 1.16 1.14 1.12 1.10 1.08 1.05 1.01 0.98 0.94 0.90 0.83 0.73 0.66 0.76 0.91 0.91 0.87 0.87 0.86 0.84 0.73 0.58 0.56 0.57 0.51 0.45 0.39 0.33 0.27 0.20 0.14 0.10 0.05 0.02 0.04 0.08 0.10 0.12 0.18 0.24 0.24 0.25 0.31 0.39 0.48 0.56 0.55 0.44 0.31 0.31 0.52 0.87 0.98 0.74 0.51 0.53 0.65 0.70 0.57 0.38 0.44 0.46 0.33 0.49 0.68 0.55 0.49 0.58 0.77
1.03 1.06 1.07 1.09 1.10 1.11 1.13 1.18 1.20 1.19 1.20 1.18 1.17 1.19 1.19 1.17 1.15 1.12 1.10 1.08 1.05 1.02 0.98 0.96 0.91 0.84 0.77 0.74 0.81 0.89 0.89 0.84 0.81 0.80 0.78 0.66 0.55 0.57 0.58 0.52 0.46 0.38 0.32 0.26 0.19 0.13 0.09 0.05 0.01 0.05 0.10 0.12 0.13 0.18 0.26 0.26 0.25 0.30 0.39 0.47 0.51 0.54 0.53 0.42 0.35 0.52 0.89 0.96 0.69 0.56 0.65 0.72 0.66 0.46 0.37 0.55 0.53 0.28 0.38 0.65 0.59 0.49 0.57 0.78
1.08 1.15 1.11 1.10 1.12 1.12 1.15 1.21 1.22 1.18 1.18 1.18 1.17 1.19 1.20 1.17 1.14 1.12 1.10 1.08 1.06 1.02 0.98 0.96 0.92 0.86 0.81 0.79 0.79 0.84 0.89 0.83 0.76 0.75 0.69 0.58 0.54 0.56 0.56 0.52 0.46 0.38 0.32 0.25 0.17 0.12 0.08 0.04 0.00 0.05 0.12 0.15 0.15 0.18 0.26 0.28 0.26 0.28 0.37 0.45 0.46 0.49 0.59 0.58 0.44 0.54 0.89 0.92 0.71 0.70 0.73 0.68 0.57 0.40 0.43 0.68 0.55 0.24 0.30 0.55 0.59 0.56 0.65 0.84
1.08 1.13 1.10 1.08 1.11 1.13 1.16 1.21 1.22 1.17 1.16 1.18 1.17 1.18 1.19 1.17 1.13 1.12 1.10 1.08 1.06 1.01 0.98 0.96 0.93 0.87 0.83 0.80 0.77 0.81 0.87 0.80 0.73 0.69 0.60 0.55 0.55 0.54 0.53 0.51 0.45 0.38 0.30 0.22 0.16 0.10 0.06 0.03 0.01 0.06 0.15 0.19 0.17 0.18 0.24 0.29 0.27 0.27 0.34 0.41 0.42 0.42 0.55 0.67 0.59 0.61 0.84 0.91 0.80 0.76 0.67 0.61 0.58 0.43 0.54 0.75 0.50 0.19 0.23 0.43 0.56 0.59 0.73 0.91
1.03 1.06 1.04 1.04 1.08 1.13 1.15 1.17 1.20 1.17 1.14 1.16 1.17 1.16 1.17 1.15 1.12 1.11 1.10 1.08 1.04 1.00 0.97 0.96 0.93 0.88 0.84 0.81 0.78 0.81 0.82 0.77 0.70 0.63 0.55 0.53 0.54 0.54 0.53 0.50 0.43 0.37 0.28 0.20 0.14 0.10 0.05 0.02 0.02 0.07 0.17 0.22 0.19 0.17 0.22 0.28 0.28 0.27 0.32 0.38 0.40 0.39 0.50 0.64 0.70 0.73 0.81 0.90 0.86 0.71 0.61 0.65 0.64 0.53 0.66 0.74 0.40 0.13 0.17 0.36 0.53 0.60 0.76 1.00
0.97 0.99 0.98 1.00 1.05 1.12 1.12 1.12 1.16 1.15 1.13 1.14 1.16 1.14 1.14 1.13 1.11 1.10 1.09 1.07 1.03 0.99 0.96 0.94 0.92 0.87 0.84 0.82 0.79 0.78 0.77 0.74 0.68 0.60 0.55 0.52 0.52 0.55 0.52 0.47 0.41 0.34 0.26 0.19 0.14 0.08 0.04 0.01 0.04 0.10 0.19 0.23 0.19 0.17 0.22 0.26 0.27 0.28 0.31 0.38 0.42 0.43 0.49 0.58 0.73 0.85 0.86 0.88 0.81 0.63 0.60 0.72 0.71 0.63 0.72 0.64 0.31 0.12 0.17 0.35 0.53 0.64 0.85 1.15
0.92 0.93 0.93 0.97 1.03 1.06 1.08 1.09 1.11 1.12 1.11 1.11 1.13 1.11 1.11 1.11 1.09 1.08 1.07 1.05 1.01 0.98 0.95 0.92 0.90 0.87 0.84 0.82 0.78 0.75 0.73 0.71 0.66 0.60 0.55 0.52 0.53 0.54 0.49 0.43 0.37 0.30 0.25 0.19 0.12 0.07 0.03 0.01 0.06 0.13 0.20 0.23 0.20 0.18 0.22 0.26 0.27 0.28 0.33 0.40 0.45 0.49 0.51 0.58 0.77 0.93 0.92 0.85 0.70 0.57 0.62 0.75 0.77 0.73 0.71 0.54 0.27 0.16 0.22 0.39 0.56 0.74 1.02 1.19
0.87 0.88 0.90 0.95 0.98 1.00 1.03 1.05 1.06 1.08 1.09 1.08 1.09 1.08 1.08 1.08 1.07 1.06 1.05 1.02 0.99 0.96 0.93 0.90 0.89 0.86 0.83 0.80 0.76 0.73 0.71 0.69 0.64 0.59 0.54 0.52 0.52 0.49 0.44 0.39 0.34 0.29 0.24 0.17 0.11 0.06 0.03 0.04 0.10 0.15 0.18 0.21 0.21 0.19 0.23 0.28 0.29 0.30 0.36 0.42 0.48 0.54 0.59 0.68 0.87 0.95 0.91 0.80 0.60 0.53 0.64 0.74 0.80 0.79 0.70 0.53 0.29 0.21 0.30 0.49 0.69 0.90 1.07 1.05
0.82 0.85 0.88 0.90 0.91 0.95 0.99 1.01 1.01 1.03 1.05 1.05 1.04 1.05 1.05 1.05 1.04 1.03 1.02 1.00 0.96 0.93 0.90 0.89 0.87 0.85 0.81 0.77 0.74 0.71 0.69 0.66 0.62 0.57 0.53 0.50 0.48 0.46 0.41 0.36 0.31 0.27 0.22 0.15 0.10 0.06 0.02 0.08 0.12 0.14 0.17 0.19 0.21 0.22 0.24 0.29 0.32 0.35 0.41 0.46 0.51 0.61 0.71 0.80 0.90 0.91 0.84 0.74 0.57 0.53 0.64 0.71 0.78 0.79 0.69 0.54 0.35 0.26 0.38 0.63 0.81 0.93 0.96 0.89
0.80 0.82 0.84 0.82 0.85 0.93 0.96 0.96 0.97 0.99 1.01 1.01 1.00 1.01 1.02 1.02 1.01 1.00 0.99 0.97 0.93 0.90 0.88 0.87 0.85 0.82 0.78 0.75 0.72 0.69 0.66 0.63 0.59 0.55 0.51 0.47 0.46 0.43 0.38 0.33 0.28 0.24 0.19 0.14 0.09 0.05 0.03 0.10 0.12 0.13 0.16 0.19 0.21 0.25 0.26 0.29 0.36 0.42 0.50 0.51 0.53 0.68 0.81 0.84 0.87 0.86 0.76 0.68 0.58 0.56 0.63 0.68 0.74 0.75 0.67 0.56 0.42 0.34 0.48 0.72 0.86 0.88 0.87 0.82
0.79 0.79 0.77 0.74 0.80 0.93 0.94 0.91 0.92 0.94 0.96 0.96 0.96 0.97 0.98 0.98 0.97 0.96 0.95 0.93 0.90 0.87 0.86 0.84 0.82 0.79 0.76 0.73 0.70 0.67 0.64 0.60 0.57 0.53 0.49 0.45 0.43 0.39 0.34 0.29 0.25 0.21 0.17 0.13 0.08 0.04 0.07 0.10 0.12 0.13 0.16 0.19 0.22 0.26 0.28 0.32 0.41 0.51 0.59 0.55 0.55 0.71 0.84 0.85 0.85 0.82 0.71 0.63 0.58 0.58 0.63 0.66 0.69 0.69 0.64 0.57 0.48 0.46 0.58 0.76 0.87 0.87 0.84 0.80
0.79 0.75 0.69 0.66 0.76 0.92 0.94 0.88 0.86 0.89 0.91 0.91 0.91 0.92 0.93 0.94 0.93 0.92 0.91 0.89 0.86 0.85 0.83 0.81 0.79 0.77 0.73 0.70 0.67 0.64 0.61 0.58 0.54 0.51 0.47 0.43 0.40 0.35 0.30 0.25 0.22 0.19 0.15 0.11 0.07 0.05 0.09 0.11 0.12 0.14 0.17 0.21 0.25 0.28 0.30 0.38 0.50 0.61 0.62 0.55 0.55 0.69 0.84 0.90 0.88 0.79 0.68 0.60 0.57 0.59 0.62 0.65 0.65 0.63 0.61 0.57 0.53 0.55 0.65 0.79 0.88 0.90 0.85 0.79
0.78 0.71 0.60 0.60 0.75 0.90 0.91 0.86 0.82 0.83 0.85 0.86 0.86 0.87 0.89 0.90 0.89 0.87 0.87 0.85 0.83 0.82 0.80 0.78 0.76 0.74 0.70 0.67 0.64 0.62 0.58 0.55 0.52 0.48 0.44 0.40 0.35 0.31 0.26 0.22 0.19 0.17 0.13 0.10 0.06 0.07 0.11 0.12 0.13 0.15 0.17 0.22 0.26 0.29 0.34 0.46 0.59 0.65 0.59 0.51 0.54 0.66 0.86 0.99 0.91 0.75 0.64 0.58 0.56 0.58 0.62 0.63 0.61 0.59 0.58 0.57 0.56 0.59 0.69 0.83 0.91 0.93 0.88 0.81
0.78 0.66 0.51 0.57 0.75 0.84 0.85 0.84 0.79 0.77 0.78 0.80 0.82 0.83 0.84 0.85 0.85 0.83 0.82 0.82 0.80 0.79 0.76 0.74 0.73 0.70 0.66 0.64 0.62 0.59 0.56 0.52 0.49 0.45 0.41 0.36 0.31 0.26 0.22 0.19 0.16 0.14 0.11 0.08 0.06 0.08 0.12 0.14 0.16 0.17 0.17 0.22 0.27 0.31 0.39 0.56 0.65 0.63 0.55 0.51 0.54 0.65 0.92 1.09 0.92 0.70 0.61 0.56 0.56 0.58 0.60 0.61 0.59 0.57 0.58 0.58 0.57 0.59 0.71 0.86 0.94 0.96 0.93 0.86
0.77 0.62 0.46 0.56 0.74 0.78 0.76 0.80 0.79 0.73 0.71 0.75 0.76 0.77 0.79 0.80 0.80 0.79 0.78 0.78 0.76 0.74 0.73 0.71 0.69 0.66 0.63 0.61 0.58 0.55 0.52 0.49 0.45 0.41 0.37 0.32 0.27 0.23 0.19 0.17 0.14 0.11 0.09 0.07 0.07 0.10 0.12 0.14 0.18 0.20 0.20 0.25 0.31 0.36 0.48 0.64 0.64 0.57 0.53 0.53 0.56 0.68 1.01 1.16 0.90 0.67 0.58 0.53 0.55 0.59 0.59 0.59 0.57 0.57 0.60 0.61 0.58 0.59 0.71 0.86 0.93 0.99 1.02 0.94
0.72 0.60 0.46 0.54 0.70 0.71 0.67 0.74 0.76 0.68 0.65 0.68 0.71 0.72 0.74 0.75 0.75 0.75 0.74 0.74 0.72 0.70 0.69 0.67 0.65 0.63 0.60 0.58 0.55 0.52 0.49 0.46 0.42 0.38 0.33 0.28 0.23 0.20 0.17 0.14 0.12 0.10 0.08 0.07 0.08 0.11 0.13 0.14 0.17 0.21 0.23 0.26 0.34 0.44 0.59 0.67 0.58 0.50 0.51 0.56 0.61 0.76 1.10 1.19 0.88 0.64 0.54 0.50 0.56 0.60 0.59 0.57 0.56 0.59 0.64 0.64 0.60 0.63 0.75 0.82 0.87 0.99 1.08 1.03
0.62 0.60 0.50 0.52 0.64 0.63 0.59 0.65 0.70 0.65 0.61 0.63 0.66 0.68 0.69 0.70 0.71 0.71 0.70 0.69 0.68 0.67 0.65 0.63 0.61 0.59 0.57 0.54 0.52 0.49 0.46 0.42 0.38 0.34 0.29 0.24 0.20 0.17 0.14 0.12 0.11 0.09 0.09 0.08 0.08 0.10 0.12 0.13 0.15 0.20 0.23 0.29 0.37 0.49 0.67 0.69 0.52 0.45 0.50 0.59 0.67 0.86 1.17 1.18 0.87 0.62 0.50 0.47 0.56 0.62 0.59 0.56 0.58 0.62 0.66 0.66 0.63 0.69 0.81 0.80 0.81 0.97 1.08 1.06
0.52 0.56 0.54 0.48 0.53 0.55 0.52 0.54 0.61 0.63 0.59 0.59 0.62 0.63 0.64 0.65 0.66 0.66 0.65 0.65 0.64 0.63 0.61 0.60 0.58 0.56 0.53 0.51 0.49 0.46 0.42 0.39 0.35 0.30 0.25 0.21 0.18 0.16 0.14 0.12 0.11 0.10 0.11 0.11 0.10 0.10 0.11 0.12 0.15 0.19 0.22 0.32 0.40 0.52 0.73 0.68 0.46 0.44 0.51 0.62 0.74 0.95 1.20 1.17 0.87 0.59 0.47 0.44 0.55 0.63 0.59 0.58 0.62 0.66 0.68 0.67 0.66 0.76 0.86 0.82 0.82 0.95 1.03 1.03
0.46 0.50 0.51 0.45 0.44 0.48 0.47 0.46 0.52 0.60 0.58 0.55 0.57 0.58 0.58 0.60 0.62 0.62 0.61 0.60 0.60 0.59 0.57 0.56 0.54 0.52 0.50 0.48 0.45 0.42 0.39 0.35 0.31 0.26 0.22 0.19 0.17 0.16 0.15 0.14 0.13 0.13 0.14 0.14 0.13 0.11 0.11 0.12 0.15 0.17 0.21 0.35 0.43 0.56 0.76 0.63 0.44 0.46 0.55 0.67 0.83 1.01 1.19 1.18 0.88 0.57 0.44 0.43 0.51 0.58 0.58 0.63 0.68 0.69 0.70 0.67 0.70 0.83 0.89 0.85 0.85 0.92 0.98 1.00
0.43 0.43 0.44 0.42 0.40 0.42 0.43 0.42 0.47 0.56 0.56 0.52 0.52 0.53 0.54 0.56 0.57 0.57 0.56 0.56 0.56 0.55 0.54 0.52 0.51 0.49 0.47 0.44 0.42 0.39 0.35 0.31 0.27 0.23 0.21 0.19 0.17 0.17 0.17 0.16 0.17 0.17 0.17 0.17 0.16 0.15 0.14 0.13 0.14 0.15 0.19 0.35 0.45 0.60 0.77 0.60 0.43 0.49 0.61 0.75 0.89 1.02 1.15 1.18 0.94 0.60 0.44 0.43 0.48 0.54 0.58 0.67 0.72 0.71 0.72 0.69 0.76 0.89 0.90 0.87 0.86 0.90 0.95 0.97
0.39 0.38 0.37 0.36 0.36 0.37 0.39 0.40 0.45 0.53 0.52 0.46 0.45 0.48 0.50 0.52 0.53 0.53 0.52 0.52 0.52 0.51 0.50 0.49 0.47 0.45 0.43 0.41 0.38 0.35 0.32 0.28 0.25 0.22 0.20 0.19 0.19 0.19 0.19 0.20 0.20 0.20 0.21 0.21 0.21 0.20 0.19 0.17 0.15 0.13 0.16 0.32 0.49 0.64 0.75 0.59 0.44 0.53 0.70 0.82 0.90 1.00 1.11 1.16 0.99 0.68 0.48 0.43 0.46 0.55 0.62 0.69 0.73 0.74 0.74 0.73 0.82 0.92 0.90 0.85 0.84 0.90 0.95 0.95
0.33 0.32 0.31 0.31 0.31 0.33 0.35 0.38 0.42 0.45 0.44 0.40 0.39 0.44 0.47 0.48 0.48 0.48 0.49 0.48 0.48 0.47 0.47 0.45 0.44 0.42 0.40 0.38 0.35 0.32 0.29 0.26 0.23 0.22 0.21 0.21 0.21 0.22 0.22 0.23 0.24 0.24 0.25 0.25 0.25 0.25 0.24 0.22 0.18 0.15 0.15 0.29 0.51 0.66 0.72 0.59 0.48 0.60 0.78 0.85 0.88 0.97 1.08 1.14 1.02 0.76 0.53 0.42 0.46 0.60 0.67 0.69 0.75 0.78 0.76 0.77 0.88 0.92 0.86 0.82 0.82 0.90 0.96 0.94
0.27 0.26 0.25 0.26 0.27 0.29 0.31 0.34 0.37 0.38 0.37 0.36 0.38 0.43 0.45 0.44 0.43 0.44 0.45 0.45 0.45 0.44 0.44 0.42 0.41 0.39 0.37 0.35 0.32 0.29 0.26 0.25 0.24 0.23 0.23 0.24 0.24 0.25 0.26 0.27 0.28 0.28 0.29 0.29 0.30 0.30 0.29 0.28 0.24 0.20 0.18 0.27 0.48 0.65 0.68 0.59 0.57 0.71 0.82 0.84 0.86 0.91 1.01 1.09 1.03 0.84 0.59 0.41 0.47 0.66 0.71 0.71 0.78 0.82 0.77 0.81 0.92 0.89 0.82 0.81 0.81 0.88 0.95 0.93
0.20 0.21 0.21 0.21 0.23 0.25 0.27 0.31 0.33 0.33 0.34 0.36 0.39 0.41 0.41 0.40 0.40 0.41 0.41 0.41 0.41 0.41 0.40 0.39 0.38 0.36 0.34 0.31 0.29 0.27 0.26 0.25 0.25 0.25 0.26 0.27 0.28 0.29 0.30 0.31 0.32 0.33 0.33 0.34 0.34 0.34 0.34 0.33 0.31 0.27 0.22 0.26 0.44 0.61 0.63 0.59 0.68 0.80 0.84 0.84 0.84 0.86 0.95 1.03 1.00 0.88 0.63 0.45 0.53 0.70 0.73 0.76 0.83 0.84 0.79 0.84 0.90 0.84 0.80 0.80 0.82 0.87 0.93 0.93
0.16 0.15 0.16 0.17 0.19 0.22 0.25 0.28 0.29 0.30 0.31 0.33 0.35 0.36 0.37 0.38 0.38 0.39 0.38 0.38 0.38 0.38 0.37 0.36 0.35 0.33 0.31 0.30 0.28 0.27 0.27 0.27 0.27 0.28 0.29 0.30 0.31 0.33 0.34 0.35 0.36 0.36 0.37 0.38 0.38 0.39 0.39 0.39 0.37 0.33 0.28 0.29 0.45 0.57 0.56 0.60 0.77 0.86 0.85 0.84 0.81 0.84 0.91 0.95 0.95 0.88 0.65 0.54 0.64 0.73 0.75 0.82 0.88 0.84 0.80 0.83 0.84 0.81 0.79 0.80 0.83 0.87 0.92 0.96
0.11 0.11 0.13 0.15 0.17 0.20 0.23 0.24 0.25 0.26 0.27 0.29 0.31 0.32 0.34 0.36 0.37 0.37 0.37 0.37 0.36 0.36 0.35 0.34 0.33 0.31 0.30 0.29 0.28 0.28 0.29 0.29 0.30 0.31 0.33 0.34 0.35 0.36 0.38 0.39 0.40 0.41 0.41 0.42 0.43 0.44 0.44 0.44 0.42 0.40 0.35 0.35 0.46 0.54 0.50 0.61 0.84 0.90 0.86 0.84 0.81 0.81 0.86 0.88 0.92 0.85 0.64 0.61 0.71 0.75 0.78 0.86 0.93 0.85 0.79 0.79 0.79 0.80 0.78 0.78 0.84 0.87 0.92 1.03
0.09 0.10 0.11 0.13 0.16 0.18 0.19 0.21 0.22 0.23 0.24 0.26 0.28 0.31 0.33 0.34 0.36 0.37 0.37 0.37 0.36 0.35 0.33 0.32 0.31 0.31 0.30 0.30 0.30 0.30 0.31 0.32 0.34 0.35 0.36 0.38 0.39 0.40 0.42 0.43 0.44 0.45 0.46 0.47 0.47 0.48 0.48 0.48 0.48 0.46 0.44 0.42 0.48 0.54 0.47 0.56 0.86 0.96 0.90 0.86 0.78 0.73 0.80 0.88 0.92 0.80 0.66 0.68 0.73 0.75 0.80 0.90 0.97 0.86 0.75 0.74 0.77 0.78 0.73 0.76 0.84 0.87 0.95 1.12
0.11 0.12 0.13 0.14 0.16 0.17 0.19 0.20 0.20 0.21 0.23 0.25 0.26 0.28 0.30 0.32 0.33 0.35 0.38 0.38 0.37 0.35 0.33 0.31 0.30 0.31 0.32 0.32 0.33 0.34 0.34 0.36 0.37 0.39 0.40 0.42 0.43 0.44 0.46 0.47 0.48 0.49 0.50 0.51 0.52 0.53 0.53 0.53 0.53 0.53 0.52 0.50 0.52 0.56 0.50 0.53 0.81 0.98 0.97 0.89 0.71 0.60 0.74 0.94 0.97 0.85 0.74 0.71 0.72 0.75 0.81 0.93 0.99 0.85 0.73 0.71 0.75 0.73 0.68 0.75 0.84 0.91 1.05 1.26
0.15 0.16 0.16 0.16 0.17 0.18 0.20 0.22 0.23 0.23 0.24 0.26 0.26 0.27 0.29 0.30 0.31 0.32 0.35 0.37 0.39 0.39 0.37 0.35 0.32 0.32 0.34 0.35 0.37 0.38 0.38 0.39 0.41 0.42 0.44 0.45 0.47 0.48 0.50 0.51 0.52 0.53 0.54 0.55 0.56 0.57 0.58 0.58 0.58 0.58 0.58 0.57 0.58 0.59 0.56 0.58 0.75 0.94 1.01 0.91 0.64 0.52 0.74 0.97 1.01 0.93 0.82 0.72 0.72 0.76 0.80 0.94 1.00 0.85 0.74 0.69 0.70 0.67 0.63 0.72 0.86 1.01 1.26 1.60
0.19 0.21 0.22 0.22 0.22 0.21 0.23 0.25 0.26 0.26 0.26 0.27 0.28 0.29 0.29 0.29 0.31 0.32 0.32 0.35 0.38 0.41 0.43 0.41 0.39 0.37 0.37 0.38 0.39 0.41 0.42 0.43 0.45 0.46 0.48 0.50 0.51 0.52 0.54 0.55 0.56 0.57 0.59 0.60 0.61 0.61 0.62 0.63 0.63 0.64 0.64 0.64 0.64 0.64 0.64 0.66 0.74 0.84 0.95 0.91 0.63 0.52 0.72 0.94 1.01 0.97 0.88 0.77 0.76 0.79 0.81 0.93 0.98 0.86 0.74 0.68 0.64 0.60 0.59 0.70 0.94 1.22 1.61 1.85
0.18 0.23 0.28 0.30 0.31 0.29 0.29 0.31 0.33 0.31 0.30 0.29 0.30 0.31 0.30 0.30 0.31 0.33 0.33 0.34 0.36 0.40 0.44 0.47 0.47 0.46 0.46 0.44 0.43 0.44 0.45 0.46 0.48 0.50 0.52 0.53 0.55 0.56 0.58 0.59 0.60 0.62 0.63 0.64 0.65 0.66 0.67 0.67 0.68 0.69 0.69 0.70 0.70 0.71 0.71 0.73 0.76 0.79 0.87 0.87 0.68 0.60 0.75 0.90 0.97 0.94 0.90 0.85 0.82 0.82 0.83 0.92 0.99 0.86 0.71 0.67 0.61 0.54 0.55 0.76 1.06 1.41 1.79 1.79
0.19 0.21 0.27 0.31 0.34 0.36 0.36 0.37 0.40 0.40 0.38 0.38 0.38 0.37 0.37 0.36 0.36 0.36 0.34 0.34 0.36 0.39 0.43 0.47 0.51 0.54 0.57 0.55 0.51 0.48 0.48 0.49 0.51 0.53 0.55 0.57 0.59 0.60 0.62 0.63 0.64 0.66 0.67 0.68 0.69 0.70 0.71 0.72 0.73 0.74 0.74 0.75 0.76 0.77 0.77 0.79 0.80 0.81 0.84 0.85 0.75 0.71 0.80 0.89 0.89 0.86 0.88 0.89 0.86 0.84 0.83 0.94 1.02 0.85 0.69 0.67 0.60 0.54 0.56 0.83 1.17 1.47 1.69 1.78
0.26 0.26 0.27 0.29 0.32 0.35 0.36 0.35 0.39 0.44 0.43 0.42 0.44 0.44 0.44 0.43 0.44 0.44 0.41 0.39 0.39 0.41 0.44 0.47 0.48 0.55 0.66 0.68 0.61 0.57 0.54 0.53 0.53 0.56 0.58 0.61 0.62 0.64 0.65 0.67 0.68 0.70 0.71 0.72 0.73 0.75 0.76 0.77 0.77 0.78 0.79 0.80 0.81 0.82 0.82 0.83 0.84 0.85 0.86 0.85 0.82 0.80 0.85 0.87 0.85 0.83 0.87 0.88 0.85 0.80 0.82 1.01 1.05 0.81 0.68 0.68 0.64 0.58 0.61 0.84 1.16 1.40 1.53 1.95
0.35 0.36 0.35 0.35 0.36 0.37 0.36 0.33 0.36 0.43 0.41 0.40 0.42 0.44 0.45 0.45 0.48 0.50 0.50 0.47 0.46 0.46 0.48 0.49 0.46 0.50 0.68 0.79 0.75 0.68 0.64 0.61 0.59 0.58 0.60 0.63 0.66 0.67 0.69 0.71 0.72 0.74 0.75 0.76 0.78 0.79 0.80 0.81 0.82 0.83 0.84 0.84 0.85 0.86 0.87 0.88 0.89 0.89 0.89 0.89 0.88 0.88 0.89 0.88 0.87 0.87 0.87 0.87 0.83 0.77 0.82 1.03 1.04 0.77 0.66 0.69 0.70 0.65 0.63 0.80 1.04 1.29 1.55 2.28
0.45 0.45 0.43 0.43 0.43 0.43 0.42 0.39 0.42 0.46 0.43 0.42 0.43 0.43 0.44 0.45 0.48 0.52 0.54 0.55 0.55 0.54 0.55 0.54 0.49 0.47 0.62 0.81 0.85 0.81 0.76 0.72 0.69 0.64 0.62 0.66 0.68 0.70 0.72 0.74 0.76 0.77 0.79 0.80 0.82 0.83 0.84 0.85 0.86 0.87 0.88 0.89 0.90 0.90 0.91 0.92 0.93 0.93 0.93 0.93 0.93 0.93 0.93 0.92 0.91 0.90 0.88 0.86 0.83 0.81 0.86 0.98 0.98 0.73 0.65 0.70 0.76 0.70 0.62 0.73 0.96 1.27 1.81 2.54
0.56 0.55 0.52 0.49 0.50 0.50 0.49 0.48 0.49 0.49 0.47 0.48 0.48 0.47 0.47 0.48 0.50 0.52 0.54 0.56 0.59 0.62 0.62 0.60 0.54 0.50 0.59 0.76 0.89 0.91 0.86 0.83 0.82 0.76 0.69 0.68 0.70 0.72 0.75 0.78 0.80 0.81 0.83 0.84 0.86 0.87 0.88 0.89 0.90 0.91 0.92 0.93 0.94 0.95 0.95 0.96 0.97 0.97 0.97 0.97 0.97 0.97 0.97 0.97 0.96 0.94 0.91 0.89 0.89 0.90 0.89 0.90 0.86 0.69 0.65 0.71 0.76 0.72 0.59 0.68 0.99 1.46 2.15 2.49
0.68 0.66 0.61 0.56 0.57 0.57 0.56 0.55 0.54 0.53 0.52 0.52 0.52 0.52 0.52 0.53 0.54 0.56 0.56 0.57 0.60 0.64 0.66 0.66 0.60 0.55 0.61 0.74 0.87 0.96 0.94 0.92 0.93 0.89 0.80 0.74 0.75 0.76 0.78 0.80 0.82 0.85 0.87 0.88 0.90 0.91 0.92 0.94 0.95 0.96 0.97 0.97 0.98 0.99 0.99 1.00 1.00 1.01 1.01 1.01 1.01 1.01 1.01 1.01 0.99 0.98 0.96 0.95 0.95 0.94 0.90 0.85 0.79 0.68 0.67 0.74 0.75 0.68 0.57 0.68 1.16 1.81 2.29 2.11
0.83 0.79 0.71 0.65 0.63 0.65 0.63 0.60 0.59 0.58 0.57 0.57 0.57 0.57 0.56 0.57 0.59 0.60 0.60 0.61 0.62 0.66 0.69 0.70 0.66 0.60 0.63 0.73 0.86 0.97 1.00 0.99 1.01 1.00 0.92 0.83 0.81 0.81 0.82 0.82 0.84 0.88 0.90 0.92 0.94 0.95 0.97 0.98 0.99 1.00 1.01 1.01 1.02 1.03 1.03 1.04 1.04 1.05 1.05 1.05 1.05 1.05 1.05 1.04 1.03 1.02 1.01 1.00 1.00 0.97 0.92 0.86 0.81 0.73 0.71 0.76 0.71 0.62 0.56 0.80 1.47 2.02 2.07 1.60
