windninja/windninja_output/Output_2025-08-09_1600-1650_Google earth_Fire_150m_10min/merlingen_7.5mi_point_08-09-2025_1630_150m_ang.asc
ncols	158
nrows	163
xllcorner	391686.332397
yllcorner	5160024.123721
cellsize	150.000000
NODATA_value	-32768.000000
[rows 0 to 46 of 163, columns 0 to 95 of 158]
348 345 339 336 335 335 335 333 330 330 330 329 323 304 289 287 288 291 299 311 323 330 332 334 336 337 336 334 334 338 340 339 339 337 336 338 340 338 335 336 338 339 341 341 340 342 342 340 340 344 347 348 349 350 351 351 350 348 346 346 347 348 348 346 346 347 347 347 346 346 346 347 347 345 344 345 346 345 342 341 343 343 341 340 339 337 335 335 334 332 331 329 329 329 327 322
353 348 341 338 335 334 335 332 326 325 327 330 333 326 317 312 314 316 318 321 327 331 332 335 338 339 339 336 335 337 339 339 339 339 338 339 343 342 341 341 341 341 343 343 343 345 345 344 342 342 344 345 347 349 350 351 350 348 347 347 347 347 347 346 346 347 347 347 346 346 347 347 347 345 344 346 347 346 343 343 345 345 342 342 341 338 338 338 337 335 332 331 331 331 331 331
359 354 347 343 339 338 339 335 328 326 330 338 344 340 334 330 329 330 329 329 332 333 332 335 340 342 342 340 338 339 339 339 339 339 339 341 343 344 345 345 344 344 344 344 344 346 346 347 346 344 343 344 347 348 349 349 348 348 348 348 348 347 347 347 347 347 347 347 346 346 348 348 347 345 345 347 349 347 345 345 348 348 345 345 344 341 343 344 344 343 339 336 337 338 339 339
358 356 353 348 345 345 343 339 336 336 338 345 346 341 335 330 330 332 332 333 335 334 332 335 339 343 345 344 345 345 344 343 340 339 339 341 342 343 344 344 344 344 344 343 344 345 346 348 350 348 347 348 350 350 349 348 347 347 347 348 348 348 347 347 348 347 347 346 345 347 349 348 346 345 345 346 346 346 346 348 350 349 348 347 344 342 345 346 347 348 347 344 342 343 343 342
355 356 357 353 350 348 343 338 336 339 345 349 347 341 332 327 328 330 332 334 334 332 333 335 336 340 345 347 349 348 348 348 345 342 341 342 343 343 343 343 343 344 343 344 345 346 346 348 349 349 350 351 350 350 349 348 347 346 346 346 347 348 348 347 347 347 347 346 345 347 349 347 345 345 346 346 343 343 346 349 350 348 347 347 344 343 344 343 344 347 349 349 347 346 345 345
356 356 357 356 352 348 342 337 336 341 347 348 346 338 329 325 326 327 329 330 330 328 329 331 331 334 340 344 347 347 348 348 347 346 346 345 344 343 343 343 344 343 342 343 345 346 347 347 348 349 352 352 350 349 349 348 347 346 346 346 347 348 348 348 347 347 347 346 346 349 351 348 345 345 348 348 345 343 345 351 351 346 344 345 344 344 343 339 337 340 343 345 347 347 345 345
0 358 355 354 351 348 343 339 340 344 346 345 344 336 326 324 326 329 332 332 331 328 326 327 327 329 333 338 341 344 345 344 344 347 348 346 344 343 343 344 344 343 342 343 344 345 346 347 348 349 352 352 351 350 349 347 346 345 345 345 346 348 349 349 348 348 347 346 346 349 351 350 347 347 348 349 348 347 349 353 351 346 344 344 344 344 343 338 333 332 332 334 339 342 342 342
4 1 356 352 348 347 344 342 343 344 342 342 342 336 327 324 327 330 332 334 333 331 329 327 325 327 330 332 335 339 339 338 340 344 344 343 342 343 344 344 343 343 342 343 343 343 344 345 346 349 351 350 350 352 350 346 345 344 344 344 345 348 350 351 351 349 347 346 346 349 349 348 349 350 349 348 348 350 354 354 347 344 344 345 346 346 345 341 336 330 326 326 329 333 338 338
6 4 360 354 349 345 344 343 343 341 339 338 338 335 328 326 327 328 331 333 332 331 332 331 329 329 329 330 333 335 333 333 337 340 338 337 339 341 342 342 342 342 341 341 341 342 343 344 345 348 349 348 349 350 348 345 344 344 344 343 344 345 347 350 351 350 347 345 347 349 348 346 348 351 350 349 348 352 357 353 345 341 342 344 345 346 347 345 343 341 338 336 335 336 338 335
8 6 2 357 353 348 345 343 341 339 337 335 334 331 326 325 326 326 329 332 331 332 332 333 334 332 330 331 334 334 331 332 335 336 335 335 337 339 341 341 341 341 340 340 340 341 342 343 343 346 347 347 348 347 344 343 343 343 343 343 343 342 342 345 346 346 345 344 347 351 349 347 347 349 351 350 350 352 354 350 345 343 342 340 339 341 342 342 343 345 346 344 340 340 339 334
10 8 4 360 356 352 347 343 340 338 335 333 331 329 324 322 323 324 326 328 330 332 332 334 336 335 335 334 334 332 329 330 332 331 332 334 337 339 340 340 341 341 340 341 340 339 340 341 342 344 343 343 344 342 339 339 339 338 339 341 340 337 338 338 336 337 339 341 347 351 350 347 347 349 352 353 351 349 346 345 345 346 346 341 336 335 336 334 337 344 347 342 339 341 340 334
13 10 6 2 357 352 347 343 340 338 335 332 331 329 324 320 320 321 323 324 325 328 330 333 336 337 337 334 330 329 326 327 328 328 329 332 335 337 338 339 340 341 341 342 342 341 340 340 341 339 334 334 333 330 327 328 330 331 332 332 327 322 323 322 322 324 327 334 344 346 345 347 348 350 353 354 352 348 344 341 344 347 348 345 339 338 337 333 335 342 343 337 336 339 337 333
14 12 8 3 358 352 347 342 339 336 333 331 330 328 322 316 315 318 320 321 321 323 325 329 332 335 336 332 327 326 326 326 326 327 329 331 332 334 335 338 339 339 342 344 344 345 347 347 343 334 327 323 317 309 305 307 314 321 324 317 304 302 301 300 301 305 309 319 332 337 340 344 346 347 348 349 349 348 346 345 344 344 345 343 341 341 340 335 338 344 342 336 335 337 333 329
16 14 9 4 358 352 347 342 337 334 331 329 329 328 321 312 309 312 315 317 318 319 320 322 326 331 333 331 328 327 326 325 325 327 330 331 332 332 333 336 337 338 340 342 341 343 350 355 351 343 335 329 323 311 299 295 297 308 324 327 321 319 315 310 304 298 297 303 314 324 333 338 341 342 342 342 342 342 344 345 343 341 340 339 340 342 339 336 339 342 339 334 333 333 327 322
18 16 10 4 358 351 346 341 336 333 329 327 328 328 323 314 310 310 312 311 312 314 316 319 323 328 330 330 329 329 327 324 324 327 330 331 333 333 333 333 332 334 335 329 330 337 342 346 351 354 351 345 343 338 333 329 326 331 339 339 336 334 332 333 331 322 315 310 307 312 323 330 333 336 339 338 336 336 339 338 336 335 335 336 338 339 336 336 339 339 332 323 320 320 315 311
20 18 11 5 358 351 345 339 334 330 327 325 325 326 324 317 314 313 312 310 310 313 317 321 324 325 329 331 331 330 329 328 330 331 330 328 328 328 328 327 325 333 338 337 340 345 344 341 344 350 352 352 350 347 348 351 351 348 345 341 338 337 338 342 343 338 332 326 321 317 316 318 322 329 335 335 335 336 336 332 330 331 331 331 334 335 332 331 335 336 328 316 314 314 310 306
22 19 13 6 359 350 343 337 331 327 325 323 321 322 320 314 312 313 314 313 313 315 319 322 323 325 328 330 332 332 330 330 332 332 327 322 319 321 328 335 339 342 342 344 348 348 348 349 345 341 346 350 349 348 350 355 357 354 348 342 339 339 341 345 344 340 337 334 332 330 322 313 311 319 328 333 337 338 334 331 332 332 329 328 328 326 324 321 319 326 330 329 329 327 323 319
24 21 15 7 358 349 341 335 329 325 322 319 318 318 315 310 307 309 312 313 313 314 317 319 321 323 326 328 328 328 328 329 333 335 334 332 332 335 339 342 343 343 343 345 349 348 347 349 347 342 342 345 347 349 351 353 355 354 350 344 341 342 345 346 343 340 339 337 337 336 331 325 319 318 322 328 334 334 330 328 330 329 327 327 326 321 321 323 321 322 326 331 334 333 332 331
26 24 16 7 357 347 339 331 325 321 318 316 314 313 312 308 304 304 306 307 309 311 314 315 317 319 322 324 323 323 325 330 337 340 340 339 338 338 340 341 341 343 344 346 347 347 345 343 344 344 343 342 344 348 350 350 351 351 349 345 343 345 347 346 343 340 339 340 340 336 334 335 332 327 325 323 324 322 318 316 317 317 320 328 334 337 338 335 330 327 326 329 332 333 335 338
29 26 18 8 356 345 335 326 320 317 314 312 311 310 309 306 303 302 303 305 308 311 314 315 317 319 321 323 324 325 329 335 339 338 336 336 337 338 340 341 343 345 347 348 348 346 344 343 343 344 344 343 343 345 346 347 349 350 349 346 345 346 346 344 341 338 338 341 340 337 338 341 339 337 335 332 327 320 315 316 319 321 327 333 338 340 341 339 334 331 332 334 332 331 333 337
33 29 20 8 354 341 329 320 315 312 310 307 307 307 306 305 304 304 305 307 310 313 315 317 319 321 322 324 327 329 333 339 343 341 339 340 340 341 344 345 346 348 348 349 346 344 345 346 345 344 345 345 343 342 342 344 346 348 349 348 348 348 345 342 340 338 339 339 338 339 344 346 343 339 339 342 344 343 340 336 332 333 334 336 338 338 340 339 335 332 336 339 336 333 333 333
36 32 22 8 351 335 323 314 309 307 305 303 303 304 304 304 305 306 307 309 311 314 316 318 320 322 323 326 329 332 336 341 343 341 340 341 342 344 346 347 348 350 349 348 346 345 345 346 346 345 345 346 345 343 341 341 342 344 348 351 351 348 345 343 339 337 338 338 339 343 349 350 345 339 338 343 347 348 349 346 342 341 339 338 339 339 341 340 334 334 339 344 343 338 336 335
40 37 26 8 346 327 315 307 302 301 301 300 300 301 302 303 304 306 307 309 312 314 316 318 321 323 325 328 330 333 336 340 339 337 337 338 340 344 346 347 348 349 349 348 347 346 345 346 347 347 346 346 346 345 343 342 341 342 346 351 351 347 344 341 338 337 339 340 344 350 353 352 346 340 339 342 345 347 348 349 351 351 347 343 341 339 341 339 336 337 342 349 348 340 337 337
47 43 30 7 338 315 304 298 295 295 296 297 297 298 300 301 303 305 307 309 312 315 317 320 322 324 326 329 330 331 334 336 334 334 335 336 338 342 345 346 347 348 349 349 347 345 347 348 348 347 346 346 347 345 344 343 342 342 346 349 350 346 341 336 335 338 341 344 350 356 356 352 344 339 342 345 345 342 343 348 353 355 353 351 345 339 337 335 335 338 345 353 349 340 337 337
54 50 36 5 322 300 292 289 288 289 291 292 293 295 297 300 302 304 306 309 312 314 317 320 323 326 328 330 328 328 331 332 330 332 335 338 340 342 342 343 345 346 348 347 345 347 351 351 350 348 347 347 346 345 345 345 345 345 346 347 346 342 337 334 335 338 342 349 357 359 355 346 339 339 345 351 346 338 338 344 350 353 356 357 352 342 336 332 331 335 347 356 350 341 338 338
62 61 51 354 295 283 280 280 282 284 286 288 290 292 295 298 300 303 305 308 311 314 317 320 324 328 333 333 330 330 330 330 330 332 336 341 344 343 341 342 343 344 344 343 345 351 354 352 351 349 348 347 345 343 343 345 348 350 350 346 341 336 334 337 342 345 349 357 2 360 348 337 335 341 350 357 350 338 334 338 343 348 354 357 355 349 344 339 334 336 347 355 351 345 342 341
76 78 81 266 266 267 270 274 276 278 281 284 287 290 293 295 298 301 304 307 310 313 317 321 325 331 337 336 333 334 334 331 328 329 332 339 344 344 342 342 343 343 341 341 346 353 355 354 352 351 351 350 347 343 341 345 352 356 353 346 336 330 332 340 349 354 358 3 4 356 342 335 337 343 353 358 355 344 335 334 336 342 348 351 351 351 351 348 343 340 345 349 348 347 346 345
92 98 126 218 245 255 262 267 271 274 277 281 284 287 291 294 297 300 304 307 310 314 317 322 327 334 338 336 337 340 341 336 332 330 329 334 340 342 342 343 343 341 340 342 347 351 354 356 354 352 352 352 350 346 344 348 357 358 351 343 335 330 332 341 351 359 4 5 0 348 339 337 341 346 354 357 353 347 340 334 332 336 341 343 343 348 353 353 348 346 346 345 343 344 347 347
110 120 160 210 234 247 256 263 267 270 274 278 281 285 290 293 296 299 303 306 310 314 318 322 327 335 338 336 339 345 347 343 340 337 334 335 339 340 341 344 345 343 343 344 347 350 352 355 356 353 352 352 352 350 349 353 356 354 348 340 335 336 341 348 354 359 4 3 352 342 338 342 347 352 356 355 349 345 343 338 332 333 335 335 336 342 350 350 348 349 349 345 339 338 341 344
125 139 175 208 229 243 252 258 263 268 272 276 280 284 288 292 296 299 303 306 310 313 317 322 327 333 334 333 338 345 348 348 348 343 339 341 343 342 342 344 345 345 347 347 348 351 352 353 353 353 354 353 353 354 355 356 355 350 345 337 334 340 351 356 358 359 1 356 345 337 337 345 353 358 358 353 347 345 344 339 333 331 331 331 332 338 343 343 344 349 352 347 339 333 332 335
141 154 181 208 228 241 249 255 261 266 270 275 279 283 287 291 295 299 303 306 309 313 317 322 327 330 330 330 335 340 343 345 346 342 340 344 346 342 341 343 344 345 348 349 351 351 350 348 347 351 354 353 354 357 360 1 358 348 341 336 335 343 356 3 1 356 354 349 339 333 335 345 354 356 355 352 350 350 347 342 337 334 332 330 333 338 340 340 341 346 351 349 341 329 321 321
156 165 186 209 228 239 246 253 259 265 270 274 278 282 286 291 295 298 302 305 309 313 317 322 326 328 329 331 336 341 341 340 340 338 340 345 345 340 339 342 343 345 347 348 350 350 347 343 343 347 350 351 354 359 3 5 1 350 340 336 340 351 2 6 360 351 349 345 338 334 339 345 346 347 350 351 352 352 349 346 345 343 337 332 332 333 334 335 338 342 345 347 342 329 318 314
168 175 191 212 230 239 245 253 259 264 269 274 278 283 286 290 294 298 302 305 309 313 318 321 324 327 330 333 340 344 342 339 338 336 337 342 342 336 336 341 343 345 347 347 348 348 344 342 345 347 347 348 351 357 3 3 358 353 346 341 344 355 3 5 358 350 345 342 339 340 344 345 342 345 349 351 352 351 350 349 352 352 344 335 332 330 330 332 337 340 340 340 338 330 324 321
175 182 197 216 231 239 246 253 259 265 270 275 279 283 286 290 294 298 302 306 310 313 318 321 324 327 329 333 338 339 337 336 338 339 338 338 338 336 337 342 344 347 348 347 347 346 343 344 348 348 348 348 349 353 359 358 353 351 352 351 351 354 359 1 359 353 345 339 337 341 345 345 345 348 350 350 350 349 350 353 359 359 350 341 338 339 339 338 341 344 344 340 334 328 328 331
181 188 203 219 232 240 246 253 260 266 271 276 280 283 287 291 295 299 303 307 310 313 317 320 323 326 329 332 334 333 330 331 336 339 339 340 339 338 341 345 347 349 349 349 348 345 344 347 348 348 349 349 350 352 353 352 347 346 351 356 356 356 356 356 358 357 350 340 334 336 344 348 349 351 351 348 346 344 346 354 2 2 357 349 344 344 345 344 345 347 346 342 335 329 329 333
187 193 208 223 233 241 247 255 262 267 272 277 281 284 288 292 296 299 303 307 310 314 317 319 322 325 329 332 334 332 328 330 334 336 338 343 344 342 344 348 350 353 352 352 350 347 347 349 349 350 351 352 353 353 351 350 348 346 348 354 358 357 354 352 354 358 355 344 334 333 342 350 352 353 350 346 344 342 341 347 356 1 1 357 351 345 344 347 349 347 344 341 336 330 328 331
194 200 214 227 235 242 250 258 264 269 274 278 282 286 289 293 297 300 304 307 311 314 317 319 322 325 328 333 336 331 328 330 331 332 335 343 349 349 350 352 354 355 354 353 351 350 351 351 351 352 352 353 354 353 351 351 352 352 351 353 357 357 352 347 349 354 354 346 339 339 345 349 349 348 347 347 347 348 346 342 346 355 1 3 358 346 342 346 349 345 341 339 335 331 330 335
202 207 219 231 239 246 253 261 266 271 276 280 284 288 291 295 298 302 305 308 311 314 317 320 323 326 329 334 336 330 329 329 328 329 333 341 351 358 359 358 357 355 353 353 352 351 352 353 354 355 352 351 353 353 352 351 353 356 356 356 357 358 353 347 346 348 348 345 345 351 354 348 343 343 348 350 348 351 353 349 347 351 358 1 358 350 345 345 345 343 340 338 334 330 333 342
210 215 225 234 243 250 257 263 270 275 279 283 286 289 293 296 300 303 306 309 312 315 318 321 323 326 330 334 332 328 327 327 328 330 335 343 358 5 1 358 357 355 353 352 353 353 353 354 356 356 353 352 354 356 354 351 353 356 357 357 359 1 358 353 350 346 343 344 351 358 354 346 344 349 355 352 346 350 355 357 355 354 355 355 352 352 352 347 343 342 342 338 330 326 333 345
219 223 231 240 247 254 261 267 273 278 281 285 289 292 295 298 301 304 307 310 313 316 319 321 323 326 329 330 327 324 324 325 328 331 336 348 1 2 0 359 357 354 351 351 353 354 353 353 354 355 354 352 352 355 355 353 352 355 356 357 360 5 8 3 355 348 343 346 354 352 345 344 348 357 359 349 345 350 354 359 2 1 357 350 346 350 351 347 344 344 346 340 328 326 334 343
227 230 237 244 252 258 265 271 277 281 284 288 291 294 297 300 304 306 309 312 315 317 320 322 324 326 328 327 326 324 323 324 327 330 338 351 355 355 358 359 358 355 351 351 352 353 354 353 353 355 354 350 348 349 352 354 353 353 355 357 2 10 15 11 360 351 348 351 352 346 343 347 354 359 354 344 346 352 353 357 5 6 1 353 348 346 346 347 345 345 346 339 330 329 334 339
233 235 240 248 256 263 269 274 279 284 288 291 294 297 300 303 306 308 311 314 316 319 321 323 325 327 327 327 328 327 325 326 328 332 341 350 352 352 353 355 355 354 354 354 352 351 353 354 355 355 353 349 346 345 348 353 354 354 356 1 7 12 14 11 4 354 351 352 349 348 352 355 353 352 345 341 349 356 355 358 3 4 0 355 349 346 348 351 349 346 342 338 336 334 333 338
238 239 244 251 258 266 273 278 281 286 291 294 297 300 302 305 308 310 313 315 318 320 323 324 326 328 328 329 329 329 328 329 331 335 341 347 351 350 348 349 350 352 354 353 350 350 353 356 356 353 350 348 348 348 349 352 357 359 2 8 10 6 4 6 5 357 351 350 352 355 1 359 352 349 343 343 353 360 360 360 2 360 356 351 346 347 356 359 354 347 341 339 339 337 338 344
242 243 247 253 261 269 275 280 284 289 293 297 299 302 305 307 310 312 315 317 319 322 324 326 327 329 330 330 330 330 330 331 334 337 340 344 345 344 344 345 348 351 351 348 348 352 357 359 357 352 347 348 351 353 353 356 1 6 8 9 6 359 355 357 358 354 350 350 355 2 3 359 355 351 347 350 359 4 4 1 359 357 351 344 343 352 4 5 357 349 343 341 337 334 340 350
246 246 250 256 264 270 276 282 287 291 296 299 302 305 307 310 312 315 317 319 322 324 326 328 329 330 331 332 332 332 332 333 335 337 339 339 338 337 340 344 348 349 347 346 351 358 1 359 354 349 348 351 356 358 1 4 7 10 9 6 2 357 353 350 347 346 347 349 356 2 1 360 360 357 355 360 7 10 9 3 356 350 344 341 347 3 8 4 358 352 346 341 332 330 340 353
249 250 253 259 265 272 278 284 289 294 298 302 305 308 310 313 315 317 319 322 324 326 328 329 331 332 333 334 334 335 335 335 337 338 338 336 334 335 338 343 346 346 346 348 355 1 1 355 349 346 350 356 2 5 8 11 12 10 4 360 358 356 352 347 342 342 345 349 354 358 359 0 2 2 4 9 13 13 10 1 352 345 341 344 358 7 5 1 358 354 348 338 330 331 343 355
252 253 257 261 266 273 280 286 292 297 301 305 308 311 313 315 318 320 322 324 326 328 330 331 332 333 335 336 336 336 336 337 337 338 338 337 335 335 338 340 342 343 346 352 359 360 355 350 346 348 355 2 9 13 14 15 13 6 357 353 353 352 348 344 342 342 346 351 355 356 357 359 3 7 11 15 16 12 4 356 349 344 345 353 3 4 0 357 357 356 349 337 332 336 346 356
