windninja/windninja_output/Output_2025-08-09_1600-1650_Google earth_Fire_150m_10min/merlingen_7.5mi_point_08-09-2025_1650_150m_ang.asc
ncols	158
nrows	163
xllcorner	391686.332397
yllcorner	5160024.123721
cellsize	150.000000
NODATA_value	-32768.000000
[rows 86 to 128 of 163, columns 0 to 95 of 158]
304 316 349 4 28 43 43 28 11 359 354 353 350 346 346 346 345 338 332 326 321 318 316 318 325 335 341 344 345 347 350 352 353 355 357 358 359 359 357 352 348 347 349 350 350 348 345 342 340 339 339 342 344 345 344 341 340 339 339 339 339 339 339 339 338 338 338 338 338 337 337 337 336 336 336 336 336 337 338 339 343 346 346 339 326 320 319 319 320 319 319 319 321 323 327 328
323 333 356 9 26 30 22 9 2 0 360 356 351 349 350 350 351 347 338 329 324 317 312 315 325 338 345 347 348 351 351 351 351 351 352 356 359 1 1 359 354 349 348 350 352 351 348 345 344 342 340 340 341 342 342 340 338 337 337 338 338 338 339 339 339 339 338 338 338 337 337 337 336 336 336 336 336 336 336 337 338 338 337 331 323 319 318 316 316 316 317 319 319 321 325 327
14 4 353 356 2 6 7 6 8 11 7 356 351 352 354 356 358 354 345 335 329 324 322 328 337 345 348 350 352 354 354 353 352 350 348 349 353 358 1 2 0 357 352 351 352 353 352 349 348 347 345 342 341 341 341 340 338 335 334 335 336 338 338 339 339 339 339 338 338 338 337 337 336 336 335 335 335 334 334 334 333 332 328 323 317 316 316 315 315 315 315 316 314 309 306 305
23 9 355 358 360 1 5 10 15 16 8 357 355 358 360 3 2 356 346 336 330 328 331 339 350 354 353 354 356 356 357 356 355 354 352 349 348 351 358 2 3 0 357 353 352 353 354 354 352 349 348 346 344 343 344 345 343 338 331 329 333 337 339 339 339 339 339 338 338 338 337 337 336 336 335 334 334 333 332 332 330 328 324 316 309 306 307 309 313 313 310 309 304 297 293 293
13 7 3 5 3 1 3 9 12 11 6 1 0 2 5 6 2 356 345 331 328 332 341 353 360 360 358 358 358 359 359 358 357 357 356 354 351 350 354 360 3 1 359 355 352 352 354 355 354 351 348 347 345 345 347 349 349 344 335 331 333 337 339 340 340 339 339 339 338 338 337 337 336 335 335 334 333 332 331 330 328 326 323 317 310 307 306 305 308 306 302 299 297 294 295 295
4 4 6 5 2 358 357 0 5 8 8 8 7 7 6 3 1 357 346 330 330 340 356 5 7 6 3 2 1 1 1 0 359 357 357 357 356 353 351 356 2 4 2 358 354 352 353 354 354 352 347 344 343 344 347 352 351 346 342 341 340 340 340 340 340 340 339 339 338 338 337 337 336 335 334 333 332 331 330 328 326 324 322 319 315 313 310 307 304 299 292 286 286 284 282 284
353 356 359 0 1 358 354 355 1 8 12 11 9 8 7 3 359 355 348 343 343 355 9 15 14 11 8 6 5 4 3 2 0 358 357 357 357 356 352 352 359 6 7 3 357 354 353 353 353 350 345 340 339 341 344 347 345 344 345 348 348 344 342 341 341 340 339 339 338 338 337 336 336 335 334 333 332 331 329 327 325 323 320 317 314 311 308 304 299 290 275 271 272 272 271 274
339 344 351 355 357 357 356 357 2 9 12 9 5 4 5 4 358 353 352 355 2 10 17 21 20 16 12 10 8 7 7 5 1 357 356 357 357 357 355 353 356 4 10 9 4 360 356 354 353 350 342 335 337 339 339 337 336 338 344 349 350 347 344 342 341 340 339 339 338 338 337 336 336 335 334 333 332 330 328 327 325 322 319 315 310 304 301 296 287 276 269 270 273 273 274 276
324 333 344 349 350 352 356 358 0 5 9 9 6 4 5 6 4 1 2 12 21 21 24 27 24 20 15 13 12 13 13 8 0 356 355 357 357 357 356 355 354 359 7 11 10 6 1 356 353 350 344 340 341 342 339 334 329 332 339 344 347 346 345 342 341 340 339 339 338 337 337 336 335 335 334 332 331 330 328 326 324 322 319 315 310 304 299 292 284 280 280 281 282 283 283 283
311 321 338 343 345 348 352 353 353 357 3 9 10 12 12 14 17 22 23 29 33 37 39 40 32 23 18 16 15 16 14 7 1 358 357 357 357 357 356 355 353 354 359 7 9 8 4 359 354 350 348 350 351 347 343 338 335 334 337 341 344 345 344 341 340 340 339 338 338 337 337 336 335 334 333 332 331 330 328 326 324 322 319 316 312 308 303 298 294 292 291 291 291 291 291 290
302 312 330 339 345 351 354 351 346 346 358 14 25 30 34 40 42 47 45 38 49 59 61 59 41 24 18 17 15 12 9 7 7 6 1 358 357 356 355 354 351 349 352 359 3 4 3 359 355 352 354 0 0 354 348 343 338 337 337 339 341 343 342 340 339 339 338 338 338 337 337 336 335 334 333 332 331 329 328 326 324 322 320 317 314 311 308 305 302 300 299 298 297 297 296 296
299 306 322 335 348 359 4 2 355 351 1 26 51 47 50 53 57 59 54 50 61 69 73 69 39 17 15 16 15 10 10 14 17 14 7 0 356 354 352 352 350 348 347 351 354 357 358 357 356 358 4 7 5 358 352 348 343 339 337 337 338 339 339 338 338 338 338 337 337 337 336 336 335 334 333 332 331 329 328 326 325 323 321 318 316 313 311 309 307 305 304 303 302 301 300 299
291 295 307 320 344 3 14 17 18 19 35 77 96 90 84 80 76 75 71 65 62 63 60 44 15 11 16 19 19 19 21 24 24 20 13 5 358 351 347 348 348 347 345 347 350 352 353 355 359 5 8 8 6 2 356 352 349 345 341 340 338 337 335 334 335 335 336 336 337 337 336 335 335 334 333 331 330 329 328 326 325 323 321 319 317 315 313 312 310 308 307 306 305 304 303 303
281 280 282 292 314 352 33 47 53 61 73 87 97 101 98 93 90 87 83 71 56 44 34 26 19 21 27 29 30 33 33 32 29 23 15 7 360 353 345 342 342 344 343 345 350 352 353 356 2 6 6 5 5 3 359 355 353 351 346 344 343 341 337 333 331 331 333 334 336 336 336 335 334 333 332 331 330 329 328 326 325 323 322 320 318 317 315 314 312 311 310 309 308 307 306 305
286 284 282 284 288 29 101 95 91 90 91 94 99 103 105 98 92 89 79 59 43 34 32 37 41 42 44 43 44 47 49 50 44 29 13 3 358 355 348 340 337 339 340 342 347 351 355 358 2 5 5 5 4 3 1 359 357 356 351 347 346 346 344 339 334 331 331 332 334 335 335 334 333 332 331 330 329 328 327 326 325 323 322 321 320 318 317 316 314 313 312 311 310 309 308 307
298 298 297 299 317 96 105 101 96 94 91 88 86 85 83 78 67 60 50 39 35 37 48 57 60 60 59 60 62 66 69 70 64 45 10 351 349 349 345 339 335 335 336 337 341 348 355 357 360 2 4 5 4 3 2 1 0 358 356 353 348 346 346 344 341 337 334 333 333 334 333 332 332 331 331 330 329 328 326 325 324 323 322 321 320 319 318 317 316 315 314 313 312 311 310 309
314 315 319 334 22 65 82 87 86 84 82 78 70 58 45 40 40 37 31 31 38 50 62 66 66 68 71 75 76 76 75 72 68 59 28 327 321 328 333 334 331 330 331 332 336 344 352 356 359 1 4 5 5 4 3 2 0 360 0 358 353 349 347 347 345 342 339 337 336 333 330 328 329 329 329 328 327 326 325 325 324 323 322 321 321 320 319 318 317 316 315 314 313 313 312 310
338 340 348 6 29 50 63 71 76 76 75 71 61 45 35 35 37 36 34 40 51 60 66 69 69 70 74 77 77 76 73 69 67 63 50 331 297 300 310 318 321 321 323 326 329 336 345 353 359 2 4 4 4 3 3 3 1 1 1 360 357 354 351 350 349 347 345 343 342 338 333 327 326 325 325 325 324 324 323 323 322 322 322 321 321 320 319 318 318 317 316 315 314 314 312 311
359 1 10 23 37 52 62 69 75 78 78 75 68 62 60 61 59 55 60 69 68 63 64 66 66 66 66 68 69 71 73 73 71 65 54 11 299 288 292 302 310 314 316 318 322 327 335 346 356 1 3 4 3 2 2 3 3 3 2 0 359 357 355 353 352 352 351 349 348 345 341 336 328 322 317 315 316 318 320 320 320 320 321 321 321 320 319 319 318 317 316 316 315 314 313 312
17 18 24 33 44 55 63 69 73 77 82 86 89 90 91 92 89 86 85 81 72 66 63 62 59 57 59 61 62 66 70 71 69 61 53 28 329 303 298 302 307 310 311 312 316 322 329 339 349 357 1 2 3 4 3 2 3 4 4 3 2 0 357 354 354 355 354 353 352 349 347 347 342 332 321 314 313 313 313 312 315 317 319 320 320 320 319 319 318 317 317 316 316 315 313 313
30 29 32 37 44 51 58 64 65 65 66 65 66 69 77 85 87 86 80 73 68 68 64 56 52 52 53 55 58 61 62 61 55 49 44 26 348 322 309 304 306 309 310 310 313 317 323 332 341 349 356 0 3 5 6 4 3 4 5 5 4 2 359 358 356 356 356 355 354 353 352 351 350 345 338 330 324 319 314 310 311 314 317 319 319 319 319 319 318 317 317 316 316 315 314 313
36 35 35 39 44 48 50 48 42 40 39 39 42 49 60 69 75 75 73 68 64 64 60 49 45 46 47 47 51 56 55 54 45 37 32 21 360 338 319 309 307 308 310 311 313 315 320 327 335 343 350 356 0 4 7 8 6 5 5 7 7 4 1 360 359 359 359 358 355 355 356 354 351 349 344 338 333 329 326 321 316 314 315 317 318 319 319 318 318 317 316 316 315 315 313 313
40 38 37 38 39 36 32 29 26 30 37 43 47 51 56 60 63 63 62 61 59 60 57 45 40 42 43 39 43 51 52 50 40 27 28 24 12 352 332 321 315 310 309 312 314 315 318 323 332 340 347 354 358 1 4 8 9 7 6 6 7 6 3 1 2 2 2 1 358 356 357 357 353 349 347 344 340 335 331 326 322 318 315 315 316 318 318 317 317 316 316 315 315 314 313 312
42 40 36 33 29 27 27 29 32 39 48 52 52 52 55 56 53 48 47 50 55 60 57 46 35 35 37 35 40 50 49 44 35 25 34 34 19 356 340 336 327 312 308 311 313 314 316 320 327 335 344 352 357 360 2 6 9 9 7 6 7 9 7 5 6 5 3 2 1 358 358 358 355 351 348 347 344 341 335 329 325 322 319 316 315 316 316 316 315 315 314 313 313 312 311 311
43 39 35 32 31 33 39 44 48 51 54 55 52 50 52 53 47 36 35 42 52 60 57 45 32 27 30 30 36 45 46 40 33 29 37 36 14 355 348 348 340 324 314 311 310 312 315 319 323 329 338 347 355 0 2 3 7 9 8 6 7 10 12 11 10 9 5 2 1 1 358 357 356 355 352 349 347 346 341 334 328 324 323 320 315 313 312 313 312 311 310 309 309 309 309 308
41 39 37 39 42 46 50 52 53 52 53 56 54 48 47 49 41 25 26 36 47 57 56 39 30 25 22 19 27 38 44 41 32 29 32 27 10 359 357 354 344 339 333 319 312 311 313 316 319 324 332 341 352 359 2 3 5 9 10 9 7 10 13 13 12 11 9 5 2 360 357 355 357 357 356 353 351 350 346 339 332 326 325 325 321 316 311 308 306 304 302 302 302 304 304 305
46 45 44 46 48 48 47 48 49 48 47 50 49 42 43 47 39 19 17 27 36 47 52 37 27 28 19 11 17 30 39 41 33 28 29 25 16 10 5 356 349 347 341 330 321 315 312 312 313 318 326 337 348 356 0 2 4 8 11 11 8 10 13 13 12 12 12 11 6 1 357 356 357 359 359 357 355 353 351 347 338 332 330 329 328 324 316 308 300 293 292 296 301 303 303 303
50 49 48 49 50 49 47 45 44 42 39 42 42 37 40 46 38 12 5 14 26 39 48 43 30 32 26 18 14 21 32 38 37 34 35 33 28 23 11 2 356 349 340 335 331 323 316 314 313 314 320 331 343 353 359 2 3 6 10 12 10 10 12 13 11 11 13 13 11 6 1 359 358 359 1 1 358 355 353 352 348 340 336 333 331 330 324 316 306 298 300 305 307 307 304 301
50 49 48 48 47 47 46 44 41 39 36 37 37 34 38 45 33 2 354 5 17 31 41 43 34 29 28 26 22 17 23 33 39 42 44 42 35 26 15 5 357 346 340 341 340 331 324 322 320 317 317 324 336 348 357 1 2 4 9 12 11 10 12 13 11 10 12 13 12 10 6 3 2 1 2 3 2 357 355 355 353 349 346 343 342 341 334 327 320 313 314 317 317 313 306 301
48 47 46 44 43 42 42 43 42 38 35 33 31 31 36 42 30 1 349 358 11 22 30 33 32 28 26 25 26 20 15 25 36 44 44 34 22 17 13 4 352 344 345 349 347 339 333 330 327 322 320 322 330 342 354 1 3 4 7 11 12 11 11 13 12 10 11 12 13 12 10 9 9 6 2 3 4 2 358 356 355 354 353 353 353 353 345 335 327 320 321 327 328 324 317 315
45 45 44 43 43 41 40 39 39 37 34 30 26 25 33 42 35 7 351 353 4 11 15 23 28 30 27 25 29 21 9 14 28 39 42 27 13 9 7 358 349 347 351 355 352 346 340 332 328 326 325 324 329 337 350 0 4 4 6 9 11 11 12 12 12 11 11 12 13 13 12 12 13 12 7 3 4 6 4 359 356 354 356 359 1 359 349 339 331 327 329 336 339 334 327 325
44 45 46 46 45 43 38 34 33 33 35 30 22 20 31 43 42 12 348 345 353 360 4 12 20 25 25 25 28 23 11 10 19 28 28 16 7 3 1 356 352 353 357 359 358 353 344 335 332 332 331 331 331 336 347 359 4 4 5 8 10 10 11 12 12 11 11 12 13 13 13 12 13 15 15 9 5 7 9 5 358 356 358 2 3 359 350 341 336 336 340 345 345 336 329 329
46 46 46 47 45 41 35 31 30 32 37 34 20 15 27 42 46 19 342 334 338 347 356 3 10 16 16 16 21 24 19 11 9 16 22 21 13 5 360 358 359 1 2 2 1 356 347 341 338 338 338 336 335 337 345 356 3 6 6 7 8 7 8 10 11 11 11 12 14 14 12 11 12 14 16 16 12 10 10 7 3 1 3 4 0 355 350 344 341 345 350 352 350 340 332 331
48 46 45 47 46 40 35 33 33 34 38 38 21 13 24 40 46 33 348 326 321 331 346 356 2 6 6 8 16 19 15 8 6 13 24 29 24 12 7 7 8 8 6 4 1 359 353 346 343 342 342 340 337 338 343 353 2 6 7 7 7 6 6 7 10 12 12 13 15 15 13 11 11 12 15 18 19 15 12 10 8 9 8 4 357 352 349 346 347 351 354 356 356 348 339 333
47 45 43 46 47 43 41 40 39 36 37 40 26 13 21 35 45 43 13 332 313 313 328 344 354 359 3 8 11 11 12 10 12 22 31 34 30 22 17 18 18 15 12 9 7 6 0 353 350 348 346 344 341 340 343 352 1 5 6 7 7 6 7 11 15 19 17 14 15 16 14 11 9 9 12 17 20 20 19 17 15 13 10 4 356 351 349 349 351 355 357 360 1 353 341 333
45 43 38 37 38 38 39 42 44 38 36 43 31 11 15 28 42 47 34 3 322 296 294 317 340 351 358 5 8 8 13 20 26 30 36 36 34 33 27 24 25 24 22 19 17 14 9 4 360 356 352 348 344 343 346 352 0 5 7 7 9 11 17 25 33 38 33 16 10 13 14 13 10 8 9 13 18 21 22 22 19 15 10 3 356 352 351 352 355 357 359 3 1 350 338 334
39 37 31 28 28 28 30 36 42 40 36 45 37 9 8 22 40 48 46 33 2 303 275 268 283 317 341 355 3 6 11 24 31 33 40 40 37 38 30 23 26 30 32 30 26 22 18 13 7 2 357 351 347 346 347 351 359 6 8 12 17 24 32 35 32 31 28 17 360 3 11 13 11 8 6 8 12 17 20 22 21 18 10 2 358 357 357 358 359 360 2 4 359 344 333 333
35 35 31 25 25 26 28 32 38 39 38 49 46 14 7 20 38 48 51 50 41 7 294 253 247 256 277 317 344 356 6 23 34 37 42 42 37 39 34 23 20 27 34 35 30 24 19 12 6 3 359 355 351 349 348 351 360 10 15 21 29 33 32 27 23 22 23 21 10 358 2 9 9 8 6 4 6 10 14 17 19 17 11 5 3 3 3 4 3 3 5 4 355 340 333 335
36 36 32 27 25 27 28 30 36 36 38 50 53 29 16 23 38 45 48 52 54 47 9 314 283 264 262 290 324 343 3 26 37 38 44 45 39 39 38 27 18 21 31 36 34 27 19 11 4 3 1 360 356 352 352 356 6 18 26 28 29 27 23 20 19 19 22 24 23 14 4 4 5 4 3 1 359 1 6 9 13 16 16 12 9 9 9 9 8 6 4 360 350 339 338 342
31 32 30 25 22 25 27 28 32 31 35 48 55 44 33 33 36 38 40 42 47 50 37 4 335 319 315 326 334 346 5 29 40 40 44 48 42 39 39 32 22 19 25 36 38 32 22 12 4 3 4 4 1 356 355 0 9 18 24 22 19 18 18 17 18 20 22 25 27 26 21 14 6 354 351 352 351 351 356 1 5 14 19 18 15 13 14 13 11 7 1 355 346 339 341 348
27 31 31 24 21 24 27 26 27 28 32 44 51 50 44 39 31 31 32 35 39 39 29 8 354 349 348 347 350 355 5 27 41 40 43 48 45 41 41 37 28 19 20 32 39 36 27 16 8 6 7 6 3 1 359 1 8 16 21 19 15 16 18 19 21 23 24 26 28 29 27 23 16 2 345 337 337 340 344 352 360 8 15 18 18 17 17 15 12 7 360 353 344 339 344 353
27 30 31 24 20 22 24 24 24 25 28 36 42 46 48 42 25 23 27 27 25 22 17 9 8 6 6 7 2 356 1 21 36 37 40 48 49 45 43 41 35 23 17 24 36 38 31 21 14 11 9 8 5 4 3 3 8 15 20 19 18 20 21 22 24 26 26 27 28 29 29 29 25 16 2 341 326 326 332 339 349 358 6 12 16 16 14 13 11 8 3 354 345 343 349 358
26 29 31 25 20 19 21 23 23 22 22 26 31 36 42 43 29 21 16 8 5 12 20 21 24 28 27 19 5 353 352 11 31 35 39 46 51 50 46 45 40 28 16 15 31 39 35 25 18 14 11 10 7 6 6 6 9 15 20 22 23 23 24 24 25 27 28 28 29 29 30 33 33 28 18 2 334 315 315 323 332 343 354 2 7 10 9 7 7 8 7 359 351 351 357 1
