windninja/windninja_output/Output_2025-08-09_1600-1650_Google earth_Fire_150m_10min/merlingen_7.5mi_point_08-09-2025_1650_150m_vel.asc
ncols	158
nrows	163
xllcorner	391686.332397
yllcorner	5160024.123721
cellsize	150.000000
NODATA_value	-32768.000000
[rows 38 to 75 of 163, columns 0 to 83 of 158]
0.68 0.69 0.70 0.70 0.70 0.70 0.71 0.72 0.73 0.74 0.76 0.76 0.77 0.80 0.81 0.82 0.84 0.85 0.87 0.89 0.90 0.92 0.94 0.96 0.98 0.99 1.01 1.08 1.29 1.48 1.49 1.44 1.40 1.33 1.26 1.03 0.73 0.67 0.80 0.91 1.01 1.11 1.22 1.32 1.40 1.44 1.49 1.54 1.54 1.60 1.73 1.80 1.78 1.75 1.81 1.91 1.95 1.98 2.04 2.10 2.08 1.96 1.82 1.69 1.62 1.72 2.07 2.15 1.72 1.39 1.51 1.99 2.31 2.11 1.70 1.63 1.85 1.93 1.89 1.82 1.68 1.56 1.53 1.68
0.77 0.77 0.76 0.75 0.73 0.72 0.72 0.74 0.74 0.75 0.75 0.76 0.77 0.80 0.82 0.82 0.84 0.85 0.87 0.89 0.91 0.92 0.94 0.97 0.99 1.01 1.05 1.16 1.29 1.33 1.30 1.30 1.29 1.26 1.15 0.86 0.74 0.90 1.02 1.07 1.13 1.23 1.38 1.51 1.57 1.61 1.64 1.65 1.70 1.80 1.91 1.99 2.09 2.22 2.36 2.44 2.48 2.51 2.54 2.54 2.44 2.21 1.94 1.73 1.67 1.78 2.07 1.97 1.53 1.57 2.09 2.41 2.21 1.76 1.60 1.90 2.19 2.16 2.12 2.10 1.95 1.71 1.60 1.76
0.89 0.89 0.82 0.78 0.76 0.74 0.74 0.75 0.76 0.74 0.74 0.76 0.77 0.80 0.82 0.83 0.83 0.85 0.87 0.89 0.91 0.93 0.94 0.97 1.00 1.02 1.07 1.13 1.16 1.18 1.25 1.25 1.21 1.15 0.97 0.78 0.85 1.04 1.16 1.26 1.35 1.47 1.62 1.66 1.67 1.75 1.81 1.85 1.89 1.93 2.01 2.20 2.44 2.62 2.65 2.62 2.61 2.55 2.45 2.30 2.05 1.83 1.75 1.72 1.75 1.89 2.09 1.94 1.78 2.13 2.35 2.03 1.57 1.44 1.70 2.29 2.48 2.33 2.23 2.13 2.02 1.97 1.94 2.01
1.00 0.98 0.89 0.82 0.78 0.76 0.75 0.76 0.76 0.74 0.74 0.76 0.77 0.79 0.81 0.82 0.83 0.85 0.87 0.89 0.91 0.93 0.94 0.97 1.00 1.02 1.05 1.08 1.10 1.17 1.25 1.21 1.14 1.06 0.92 0.89 0.97 1.08 1.27 1.51 1.72 1.88 1.90 1.85 1.92 2.09 2.16 2.16 2.13 2.15 2.28 2.44 2.51 2.41 2.24 2.13 2.03 1.90 1.77 1.56 1.38 1.39 1.64 1.89 1.97 2.07 2.21 2.26 2.42 2.52 2.13 1.68 1.60 1.72 2.13 2.62 2.51 2.26 2.08 1.90 1.84 2.00 2.20 2.35
1.08 1.04 0.94 0.86 0.81 0.78 0.76 0.76 0.76 0.74 0.74 0.76 0.77 0.79 0.81 0.82 0.83 0.85 0.87 0.89 0.91 0.92 0.94 0.97 0.99 1.01 1.04 1.07 1.12 1.20 1.23 1.18 1.11 1.04 1.01 1.06 1.18 1.41 1.64 1.80 1.90 1.90 1.89 2.03 2.22 2.23 2.08 1.91 1.87 1.99 2.20 2.27 2.10 1.91 1.77 1.64 1.48 1.33 1.20 1.10 1.13 1.35 1.74 2.06 2.24 2.44 2.69 2.96 3.01 2.65 2.16 2.04 2.19 2.31 2.69 2.81 2.38 2.11 1.95 1.87 1.89 1.98 2.20 2.66
1.13 1.09 0.99 0.90 0.84 0.81 0.78 0.76 0.76 0.75 0.74 0.75 0.77 0.78 0.80 0.81 0.82 0.84 0.87 0.89 0.90 0.91 0.94 0.97 0.99 1.01 1.04 1.09 1.13 1.16 1.16 1.13 1.10 1.09 1.13 1.22 1.43 1.69 1.80 1.78 1.70 1.64 1.78 2.02 2.00 1.73 1.55 1.50 1.60 1.83 2.10 2.10 1.86 1.69 1.58 1.42 1.23 1.10 1.04 1.08 1.23 1.50 1.78 2.02 2.43 2.96 3.36 3.50 3.32 3.06 2.92 2.98 3.01 3.05 3.16 2.89 2.38 2.09 1.92 1.86 1.95 2.16 2.60 3.23
1.18 1.13 1.03 0.94 0.88 0.83 0.79 0.77 0.76 0.75 0.74 0.75 0.77 0.77 0.79 0.81 0.82 0.84 0.87 0.89 0.90 0.91 0.94 0.96 0.98 1.01 1.05 1.09 1.11 1.11 1.12 1.13 1.13 1.15 1.20 1.31 1.51 1.60 1.53 1.48 1.48 1.60 1.82 1.85 1.58 1.32 1.29 1.46 1.79 2.15 2.27 2.06 1.77 1.60 1.44 1.26 1.11 1.05 1.12 1.32 1.55 1.76 1.92 2.19 2.77 3.29 3.45 3.37 3.17 3.20 3.35 3.40 3.38 3.34 3.11 2.63 2.25 2.05 1.90 1.85 2.04 2.54 3.15 3.26
1.21 1.17 1.07 0.98 0.91 0.85 0.81 0.78 0.76 0.75 0.75 0.75 0.76 0.77 0.78 0.80 0.82 0.84 0.87 0.88 0.89 0.91 0.93 0.95 0.99 1.02 1.06 1.07 1.08 1.10 1.13 1.15 1.17 1.19 1.23 1.33 1.41 1.40 1.37 1.40 1.52 1.68 1.77 1.60 1.34 1.29 1.44 1.77 2.17 2.31 2.06 1.70 1.46 1.28 1.16 1.09 1.03 1.10 1.37 1.70 1.94 2.15 2.43 2.86 3.32 3.40 3.17 2.87 2.56 2.51 2.68 2.78 2.80 2.75 2.48 2.16 1.99 1.96 2.00 2.20 2.61 2.99 2.98 2.37
1.24 1.20 1.10 1.02 0.94 0.87 0.83 0.79 0.77 0.76 0.75 0.75 0.75 0.77 0.78 0.80 0.82 0.84 0.86 0.87 0.89 0.90 0.92 0.96 0.99 1.02 1.03 1.04 1.07 1.09 1.12 1.15 1.18 1.21 1.26 1.32 1.35 1.37 1.41 1.47 1.55 1.64 1.62 1.41 1.23 1.35 1.70 2.11 2.25 1.98 1.62 1.39 1.17 1.03 0.99 1.02 1.11 1.36 1.76 2.12 2.40 2.69 3.09 3.40 3.44 3.19 2.80 2.41 2.14 2.09 2.14 2.17 2.17 2.11 2.00 1.92 1.90 1.96 2.17 2.47 2.67 2.57 2.08 1.52
1.27 1.23 1.13 1.03 0.96 0.92 0.86 0.80 0.78 0.76 0.76 0.75 0.75 0.76 0.78 0.80 0.81 0.83 0.85 0.87 0.88 0.89 0.92 0.95 0.98 1.00 1.01 1.04 1.07 1.09 1.12 1.14 1.17 1.20 1.24 1.27 1.32 1.38 1.41 1.45 1.52 1.59 1.53 1.34 1.33 1.58 1.95 2.13 1.93 1.59 1.38 1.16 1.04 1.07 1.13 1.23 1.47 1.82 2.23 2.57 2.77 2.99 3.17 3.14 2.95 2.68 2.31 2.08 1.99 2.00 2.00 1.92 1.85 1.78 1.73 1.74 1.80 1.87 2.00 2.10 2.04 1.80 1.56 1.45
1.30 1.25 1.14 1.03 0.98 0.98 0.90 0.81 0.78 0.77 0.76 0.75 0.75 0.76 0.78 0.79 0.81 0.82 0.84 0.86 0.87 0.89 0.92 0.95 0.97 0.99 1.01 1.04 1.06 1.09 1.12 1.15 1.17 1.20 1.22 1.25 1.30 1.35 1.38 1.43 1.49 1.50 1.40 1.34 1.53 1.86 2.07 1.96 1.67 1.41 1.18 1.00 0.99 1.09 1.24 1.47 1.85 2.34 2.79 2.93 2.91 2.88 2.78 2.60 2.46 2.27 2.04 1.93 1.88 1.87 1.83 1.76 1.68 1.58 1.53 1.58 1.68 1.77 1.82 1.82 1.78 1.72 1.71 1.74
1.34 1.26 1.13 1.03 1.00 1.02 0.94 0.83 0.78 0.77 0.76 0.75 0.75 0.76 0.77 0.79 0.80 0.82 0.84 0.85 0.87 0.90 0.92 0.95 0.97 1.00 1.02 1.04 1.06 1.09 1.12 1.15 1.18 1.20 1.23 1.27 1.32 1.38 1.41 1.44 1.44 1.39 1.35 1.43 1.65 1.89 1.91 1.68 1.43 1.20 1.05 1.07 1.20 1.37 1.58 1.88 2.34 2.85 3.02 2.84 2.66 2.52 2.36 2.31 2.28 2.15 1.96 1.83 1.78 1.76 1.73 1.67 1.57 1.46 1.47 1.61 1.80 1.94 1.99 1.97 1.98 2.01 2.01 1.99
1.38 1.27 1.10 1.02 1.04 1.05 0.98 0.87 0.79 0.76 0.76 0.75 0.75 0.76 0.77 0.79 0.80 0.81 0.83 0.85 0.87 0.90 0.92 0.95 0.98 1.00 1.01 1.04 1.06 1.09 1.12 1.15 1.17 1.20 1.23 1.28 1.34 1.39 1.40 1.40 1.39 1.41 1.47 1.54 1.69 1.80 1.67 1.39 1.10 0.88 0.88 1.11 1.45 1.75 2.03 2.42 2.88 3.02 2.73 2.34 2.12 2.00 2.02 2.22 2.26 2.08 1.87 1.72 1.65 1.61 1.58 1.50 1.41 1.38 1.49 1.69 1.91 2.03 2.07 2.09 2.13 2.15 2.12 2.10
1.42 1.27 1.06 1.02 1.08 1.06 0.98 0.92 0.82 0.77 0.75 0.75 0.75 0.76 0.77 0.78 0.80 0.81 0.83 0.85 0.88 0.90 0.92 0.95 0.97 0.99 1.01 1.03 1.06 1.09 1.12 1.14 1.17 1.20 1.23 1.28 1.32 1.34 1.35 1.35 1.38 1.46 1.53 1.58 1.67 1.67 1.47 1.16 0.92 0.86 1.03 1.39 1.67 1.89 2.23 2.72 2.93 2.63 2.17 1.87 1.70 1.67 1.96 2.31 2.24 1.98 1.81 1.68 1.60 1.54 1.48 1.41 1.38 1.44 1.57 1.71 1.82 1.93 2.05 2.17 2.17 2.06 1.98 2.02
1.47 1.27 1.03 1.03 1.10 1.04 0.96 0.95 0.87 0.78 0.74 0.75 0.75 0.75 0.76 0.78 0.80 0.81 0.83 0.86 0.88 0.89 0.91 0.94 0.96 0.98 1.00 1.03 1.06 1.09 1.11 1.14 1.17 1.20 1.23 1.27 1.29 1.31 1.34 1.35 1.40 1.49 1.56 1.60 1.62 1.54 1.30 1.10 1.15 1.41 1.73 1.95 2.05 2.16 2.46 2.75 2.57 2.10 1.76 1.59 1.57 1.72 2.14 2.41 2.21 1.96 1.82 1.69 1.60 1.55 1.52 1.52 1.54 1.60 1.65 1.69 1.73 1.80 1.95 2.07 2.06 1.98 1.94 1.95
1.47 1.30 1.05 1.04 1.11 1.03 0.93 0.95 0.92 0.80 0.74 0.74 0.75 0.75 0.77 0.79 0.80 0.81 0.83 0.85 0.87 0.88 0.91 0.94 0.96 0.98 1.00 1.03 1.06 1.08 1.11 1.14 1.17 1.20 1.23 1.26 1.29 1.31 1.34 1.36 1.43 1.54 1.60 1.59 1.54 1.43 1.29 1.29 1.56 1.89 2.05 2.08 2.16 2.33 2.57 2.58 2.20 1.78 1.57 1.53 1.63 1.88 2.32 2.49 2.25 2.03 1.89 1.76 1.69 1.68 1.71 1.73 1.72 1.70 1.70 1.71 1.72 1.73 1.81 1.88 1.91 2.02 2.15 2.14
1.40 1.34 1.15 1.04 1.09 1.02 0.91 0.92 0.92 0.83 0.76 0.74 0.75 0.76 0.78 0.79 0.80 0.81 0.83 0.85 0.87 0.89 0.92 0.94 0.96 0.98 1.01 1.03 1.06 1.08 1.11 1.14 1.17 1.20 1.22 1.25 1.28 1.31 1.33 1.37 1.45 1.53 1.53 1.45 1.37 1.35 1.38 1.52 1.80 1.94 1.92 1.94 2.06 2.23 2.44 2.37 1.96 1.67 1.62 1.72 1.87 2.15 2.53 2.60 2.35 2.18 2.07 2.00 2.00 2.01 1.96 1.82 1.68 1.66 1.72 1.76 1.77 1.81 1.91 1.96 2.04 2.25 2.41 2.44
1.33 1.35 1.24 1.06 1.04 1.01 0.90 0.87 0.90 0.87 0.79 0.75 0.75 0.77 0.78 0.79 0.79 0.81 0.83 0.85 0.87 0.89 0.91 0.94 0.96 0.98 1.00 1.03 1.05 1.08 1.11 1.14 1.17 1.19 1.22 1.25 1.28 1.30 1.33 1.36 1.41 1.42 1.37 1.30 1.31 1.37 1.47 1.67 1.85 1.85 1.83 1.97 2.10 2.20 2.37 2.21 1.81 1.67 1.76 1.95 2.23 2.57 2.77 2.67 2.39 2.20 2.11 2.09 2.12 2.07 1.87 1.65 1.63 1.73 1.82 1.86 1.90 2.02 2.17 2.25 2.37 2.48 2.49 2.47
1.31 1.32 1.27 1.11 1.02 0.99 0.91 0.84 0.86 0.90 0.84 0.76 0.76 0.77 0.77 0.78 0.79 0.81 0.83 0.85 0.87 0.89 0.91 0.93 0.96 0.98 1.01 1.03 1.06 1.08 1.11 1.14 1.16 1.19 1.22 1.24 1.27 1.30 1.33 1.35 1.37 1.35 1.33 1.35 1.41 1.49 1.61 1.73 1.78 1.75 1.79 1.95 2.04 2.18 2.29 2.01 1.75 1.77 1.94 2.23 2.56 2.78 2.77 2.54 2.22 2.00 1.90 1.89 1.83 1.67 1.56 1.67 1.87 1.99 2.02 2.05 2.15 2.32 2.46 2.53 2.54 2.48 2.40 2.36
1.32 1.30 1.24 1.14 1.04 0.99 0.93 0.84 0.84 0.92 0.88 0.78 0.77 0.78 0.77 0.78 0.80 0.81 0.83 0.84 0.87 0.89 0.91 0.94 0.96 0.98 1.00 1.03 1.05 1.08 1.11 1.14 1.16 1.19 1.22 1.24 1.27 1.29 1.32 1.34 1.36 1.37 1.39 1.42 1.46 1.53 1.59 1.62 1.64 1.64 1.70 1.82 1.92 2.10 2.17 1.91 1.83 2.00 2.28 2.58 2.74 2.72 2.56 2.32 2.07 1.89 1.80 1.72 1.59 1.50 1.66 1.96 2.11 2.17 2.24 2.34 2.50 2.67 2.77 2.74 2.63 2.48 2.34 2.20
1.33 1.29 1.20 1.13 1.06 1.00 0.95 0.88 0.87 0.94 0.88 0.77 0.76 0.77 0.76 0.78 0.80 0.81 0.83 0.85 0.87 0.89 0.91 0.94 0.96 0.98 1.00 1.03 1.05 1.08 1.11 1.13 1.16 1.19 1.21 1.24 1.27 1.29 1.32 1.34 1.36 1.38 1.40 1.42 1.45 1.48 1.49 1.50 1.51 1.52 1.57 1.73 1.93 2.12 2.12 1.90 1.88 2.10 2.43 2.65 2.67 2.56 2.41 2.21 2.02 1.90 1.83 1.77 1.72 1.81 2.01 2.15 2.21 2.31 2.44 2.57 2.75 2.91 2.92 2.81 2.66 2.49 2.29 2.06
1.32 1.27 1.18 1.12 1.05 1.00 0.96 0.92 0.91 0.91 0.83 0.74 0.74 0.78 0.79 0.78 0.80 0.81 0.83 0.85 0.87 0.89 0.92 0.94 0.95 0.97 1.00 1.02 1.05 1.08 1.11 1.13 1.16 1.19 1.21 1.24 1.26 1.29 1.31 1.34 1.36 1.39 1.41 1.43 1.45 1.46 1.47 1.48 1.49 1.51 1.58 1.77 2.00 2.12 2.04 1.84 1.85 2.12 2.42 2.51 2.47 2.40 2.28 2.12 1.96 1.90 1.91 1.88 1.89 2.00 2.11 2.19 2.32 2.48 2.62 2.73 2.87 2.89 2.72 2.54 2.41 2.32 2.21 2.07
1.29 1.25 1.17 1.10 1.04 1.00 0.97 0.94 0.92 0.88 0.82 0.75 0.77 0.82 0.81 0.79 0.80 0.81 0.83 0.85 0.87 0.90 0.93 0.94 0.95 0.97 1.00 1.03 1.05 1.08 1.11 1.13 1.16 1.19 1.21 1.24 1.26 1.29 1.31 1.34 1.36 1.39 1.41 1.43 1.45 1.47 1.49 1.52 1.55 1.59 1.64 1.77 1.94 2.00 1.90 1.78 1.89 2.18 2.35 2.34 2.26 2.17 2.05 1.96 1.92 1.92 1.88 1.79 1.83 1.98 2.12 2.25 2.45 2.61 2.72 2.84 2.89 2.70 2.42 2.25 2.16 2.11 2.05 1.98
1.25 1.22 1.15 1.09 1.04 1.00 0.97 0.96 0.94 0.89 0.84 0.80 0.82 0.84 0.81 0.80 0.81 0.82 0.84 0.85 0.87 0.90 0.92 0.92 0.94 0.96 0.99 1.02 1.05 1.08 1.10 1.13 1.16 1.18 1.21 1.24 1.26 1.29 1.32 1.34 1.37 1.39 1.41 1.44 1.46 1.49 1.52 1.55 1.59 1.62 1.64 1.68 1.80 1.85 1.71 1.64 1.87 2.13 2.17 2.10 2.00 1.93 1.90 1.89 1.89 1.90 1.83 1.77 1.86 2.09 2.26 2.41 2.57 2.68 2.75 2.80 2.69 2.46 2.31 2.23 2.13 2.02 1.90 1.81
1.22 1.19 1.13 1.08 1.04 1.00 0.99 0.99 0.95 0.90 0.86 0.82 0.82 0.83 0.81 0.82 0.83 0.84 0.84 0.85 0.87 0.89 0.90 0.91 0.93 0.96 0.99 1.02 1.05 1.08 1.10 1.13 1.16 1.18 1.21 1.24 1.26 1.29 1.32 1.34 1.37 1.39 1.41 1.44 1.47 1.50 1.53 1.56 1.59 1.62 1.63 1.67 1.79 1.79 1.62 1.63 1.87 2.02 2.02 1.97 1.90 1.91 1.95 1.94 1.90 1.85 1.82 1.90 2.10 2.29 2.40 2.53 2.66 2.74 2.77 2.69 2.49 2.35 2.32 2.26 2.17 2.05 1.92 1.88
1.17 1.15 1.12 1.09 1.05 1.02 1.01 0.99 0.94 0.90 0.86 0.83 0.82 0.82 0.82 0.83 0.85 0.86 0.86 0.86 0.87 0.88 0.89 0.91 0.94 0.97 1.00 1.04 1.06 1.08 1.10 1.13 1.16 1.18 1.21 1.24 1.26 1.29 1.32 1.34 1.37 1.39 1.42 1.45 1.47 1.50 1.53 1.56 1.58 1.61 1.65 1.73 1.83 1.83 1.75 1.80 1.94 2.00 2.01 2.04 2.07 2.09 1.96 1.71 1.53 1.48 1.55 1.92 2.29 2.44 2.51 2.62 2.74 2.79 2.75 2.62 2.51 2.49 2.47 2.40 2.31 2.20 2.16 2.29
1.12 1.12 1.11 1.09 1.06 1.03 1.00 0.97 0.93 0.89 0.87 0.86 0.84 0.83 0.83 0.85 0.87 0.88 0.88 0.89 0.89 0.88 0.89 0.91 0.94 0.97 1.00 1.03 1.04 1.07 1.10 1.13 1.16 1.18 1.21 1.24 1.26 1.29 1.32 1.34 1.37 1.39 1.42 1.45 1.48 1.50 1.53 1.55 1.58 1.62 1.67 1.74 1.81 1.84 1.81 1.86 1.99 2.06 2.09 2.16 2.14 1.91 1.49 1.15 1.13 1.27 1.65 2.14 2.41 2.52 2.63 2.73 2.82 2.81 2.72 2.66 2.70 2.76 2.74 2.65 2.52 2.45 2.54 2.80
1.07 1.09 1.11 1.11 1.07 1.03 0.98 0.94 0.91 0.87 0.87 0.88 0.85 0.82 0.83 0.86 0.88 0.89 0.89 0.90 0.90 0.89 0.90 0.91 0.93 0.97 1.01 1.02 1.05 1.08 1.11 1.13 1.15 1.18 1.21 1.23 1.26 1.29 1.32 1.34 1.37 1.40 1.42 1.45 1.47 1.50 1.53 1.55 1.58 1.62 1.66 1.70 1.74 1.77 1.75 1.85 2.04 2.13 2.16 2.11 1.80 1.34 1.19 1.36 1.69 1.98 2.28 2.45 2.48 2.54 2.64 2.75 2.80 2.72 2.66 2.75 2.86 2.86 2.77 2.66 2.59 2.67 2.96 3.46
1.03 1.07 1.13 1.10 1.06 1.04 0.99 0.94 0.92 0.91 0.92 0.92 0.84 0.81 0.84 0.86 0.86 0.87 0.88 0.92 0.96 0.96 0.95 0.95 0.95 0.98 1.01 1.03 1.06 1.08 1.10 1.12 1.15 1.18 1.21 1.24 1.26 1.29 1.32 1.34 1.37 1.40 1.42 1.45 1.48 1.50 1.52 1.55 1.58 1.61 1.64 1.67 1.69 1.70 1.71 1.82 1.97 2.02 1.99 1.81 1.48 1.41 1.73 2.13 2.37 2.51 2.54 2.48 2.46 2.51 2.58 2.67 2.72 2.70 2.76 2.82 2.82 2.76 2.69 2.73 2.96 3.37 4.01 4.83
1.04 1.12 1.16 1.10 1.09 1.11 1.03 0.94 0.93 0.95 0.96 0.91 0.86 0.85 0.85 0.84 0.86 0.87 0.90 0.95 0.98 0.99 1.01 1.02 1.01 0.99 0.97 0.97 1.00 1.04 1.08 1.11 1.15 1.18 1.21 1.23 1.26 1.29 1.32 1.34 1.37 1.40 1.42 1.45 1.47 1.50 1.53 1.55 1.58 1.60 1.62 1.64 1.66 1.67 1.69 1.74 1.77 1.73 1.63 1.52 1.48 1.71 2.06 2.30 2.43 2.49 2.45 2.39 2.40 2.46 2.52 2.59 2.63 2.68 2.74 2.74 2.71 2.69 2.80 3.12 3.65 4.26 4.92 5.25
1.17 1.25 1.29 1.24 1.26 1.27 1.13 0.98 0.95 1.01 1.00 0.93 0.89 0.88 0.86 0.84 0.87 0.90 0.93 0.94 0.92 0.95 1.03 1.08 1.08 1.03 0.96 0.94 0.96 1.00 1.05 1.10 1.14 1.17 1.20 1.23 1.26 1.29 1.32 1.34 1.37 1.39 1.42 1.45 1.47 1.50 1.52 1.55 1.57 1.59 1.61 1.63 1.65 1.66 1.67 1.67 1.64 1.57 1.50 1.45 1.48 1.70 1.96 2.14 2.25 2.28 2.30 2.38 2.47 2.51 2.49 2.48 2.53 2.55 2.53 2.56 2.58 2.61 2.83 3.26 3.74 4.20 4.38 3.90
1.27 1.31 1.33 1.31 1.33 1.29 1.15 1.08 1.13 1.22 1.21 1.15 1.09 1.03 0.99 0.96 0.94 0.93 0.91 0.89 0.89 0.93 0.98 1.03 1.06 1.02 0.96 0.96 0.98 1.00 1.04 1.08 1.12 1.16 1.20 1.23 1.26 1.29 1.32 1.34 1.37 1.40 1.42 1.44 1.47 1.49 1.52 1.54 1.56 1.59 1.61 1.63 1.64 1.65 1.66 1.65 1.62 1.58 1.54 1.50 1.50 1.64 1.83 1.95 1.94 1.93 2.08 2.32 2.48 2.50 2.41 2.43 2.55 2.55 2.49 2.44 2.40 2.49 2.74 3.13 3.41 3.45 3.06 2.70
1.29 1.28 1.25 1.20 1.16 1.06 0.94 1.00 1.18 1.27 1.24 1.18 1.15 1.12 1.09 1.06 1.03 0.98 0.92 0.89 0.90 0.92 0.94 0.96 0.94 0.95 1.01 1.05 1.07 1.06 1.06 1.07 1.11 1.15 1.19 1.23 1.26 1.29 1.31 1.34 1.37 1.39 1.42 1.44 1.47 1.49 1.51 1.54 1.56 1.58 1.60 1.62 1.64 1.65 1.66 1.65 1.64 1.63 1.61 1.58 1.59 1.64 1.69 1.66 1.60 1.65 1.83 1.99 2.10 2.16 2.28 2.51 2.63 2.53 2.40 2.30 2.32 2.45 2.66 2.83 2.82 2.53 2.21 2.60
1.24 1.22 1.17 1.11 1.04 0.95 0.84 0.86 1.02 1.06 0.87 0.78 0.80 0.83 0.89 0.93 0.97 0.99 0.99 0.97 0.93 0.91 0.93 0.93 0.93 1.01 1.15 1.22 1.21 1.16 1.13 1.11 1.11 1.14 1.17 1.22 1.25 1.29 1.31 1.34 1.37 1.39 1.41 1.44 1.46 1.49 1.51 1.53 1.56 1.58 1.60 1.62 1.63 1.64 1.65 1.66 1.66 1.66 1.65 1.66 1.66 1.67 1.66 1.61 1.59 1.61 1.62 1.63 1.68 1.81 2.14 2.45 2.46 2.26 2.17 2.20 2.33 2.44 2.47 2.34 2.13 1.99 2.24 3.14
1.17 1.16 1.11 1.04 0.98 0.93 0.88 0.87 0.94 0.88 0.66 0.59 0.61 0.63 0.68 0.74 0.81 0.90 0.97 1.00 1.01 1.01 1.01 1.01 1.04 1.09 1.17 1.22 1.25 1.25 1.23 1.19 1.15 1.15 1.17 1.21 1.24 1.28 1.31 1.33 1.36 1.39 1.41 1.44 1.46 1.48 1.51 1.53 1.55 1.57 1.59 1.61 1.63 1.65 1.66 1.67 1.68 1.68 1.69 1.69 1.70 1.71 1.71 1.70 1.70 1.67 1.61 1.59 1.60 1.71 1.90 2.01 1.95 1.75 1.82 1.98 2.17 2.25 2.18 2.01 1.93 2.14 2.85 3.65
1.11 1.10 1.04 0.96 0.93 0.91 0.89 0.88 0.87 0.77 0.66 0.65 0.66 0.66 0.69 0.72 0.77 0.82 0.87 0.93 1.02 1.08 1.11 1.12 1.12 1.12 1.15 1.17 1.21 1.26 1.26 1.24 1.23 1.22 1.22 1.23 1.23 1.26 1.30 1.33 1.36 1.38 1.40 1.43 1.45 1.48 1.50 1.52 1.55 1.57 1.59 1.61 1.63 1.65 1.66 1.68 1.69 1.70 1.71 1.72 1.73 1.75 1.75 1.75 1.75 1.73 1.71 1.71 1.72 1.74 1.73 1.65 1.50 1.43 1.60 1.81 1.98 2.03 1.96 1.96 2.13 2.69 3.56 3.63
1.01 0.99 0.93 0.87 0.86 0.87 0.86 0.84 0.80 0.74 0.71 0.71 0.70 0.71 0.74 0.77 0.81 0.83 0.85 0.89 0.94 0.99 1.04 1.07 1.10 1.13 1.16 1.17 1.18 1.21 1.24 1.28 1.31 1.33 1.32 1.29 1.27 1.28 1.30 1.33 1.36 1.38 1.40 1.42 1.45 1.47 1.49 1.52 1.54 1.56 1.59 1.61 1.63 1.65 1.67 1.69 1.70 1.71 1.73 1.74 1.75 1.77 1.78 1.78 1.78 1.78 1.79 1.81 1.82 1.80 1.73 1.64 1.55 1.56 1.72 1.92 2.05 2.02 1.95 2.09 2.64 3.47 3.80 2.89
0.86 0.84 0.81 0.77 0.78 0.81 0.81 0.79 0.77 0.74 0.73 0.72 0.71 0.73 0.76 0.79 0.82 0.85 0.88 0.90 0.91 0.93 0.95 0.99 1.04 1.07 1.09 1.12 1.18 1.23 1.27 1.31 1.33 1.32 1.29 1.27 1.27 1.29 1.32 1.33 1.35 1.37 1.40 1.42 1.44 1.46 1.48 1.51 1.53 1.56 1.58 1.60 1.63 1.65 1.67 1.69 1.71 1.73 1.74 1.76 1.78 1.79 1.79 1.80 1.81 1.83 1.85 1.87 1.86 1.84 1.81 1.79 1.78 1.81 1.89 2.03 2.09 2.05 2.11 2.45 3.27 3.71 3.10 1.66
